[{"images": ["samples/CAM_FRONT_LEFT/n015-2018-07-18-11-50-34+0800__CAM_FRONT_LEFT__1531886118504844.jpg", "samples/CAM_FRONT/n015-2018-07-18-11-50-34+0800__CAM_FRONT__1531886118512464.jpg", "samples/CAM_FRONT_RIGHT/n015-2018-07-18-11-50-34+0800__CAM_FRONT_RIGHT__1531886118520339.jpg", "samples/CAM_BACK_LEFT/n015-2018-07-18-11-50-34+0800__CAM_BACK_LEFT__1531886118547423.jpg", "samples/CAM_BACK/n015-2018-07-18-11-50-34+0800__CAM_BACK__1531886118537525.jpg", "samples/CAM_BACK_RIGHT/n015-2018-07-18-11-50-34+0800__CAM_BACK_RIGHT__1531886118527893.jpg"], "intrinsics": [[[1272.5979470598488, 0.0, 826.6154927353808], [0.0, 1272.5979470598488, 479.75165386361925], [0.0, 0.0, 1.0]], [[1266.417203046554, 0.0, 816.2670197447984], [0.0, 1266.417203046554, 491.50706579294757], [0.0, 0.0, 1.0]], [[1260.8474446004698, 0.0, 807.968244525554], [0.0, 1260.8474446004698, 495.3344268742088], [0.0, 0.0, 1.0]], [[1256.7414812095406, 0.0, 792.1125740759628], [0.0, 1256.7414812095406, 492.7757465151356], [0.0, 0.0, 1.0]], [[809.2209905677063, 0.0, 829.2196003259838], [0.0, 809.2209905677063, 481.77842384512485], [0.0, 0.0, 1.0]], [[1259.5137405846733, 0.0, 807.2529053838625], [0.0, 1259.5137405846733, 501.19579884916527], [0.0, 0.0, 1.0]]], "extrinsics": [[[0.8200578689575195, -0.5716700553894043, -0.026427272707223892, -0.96484375], [-0.04676761478185654, -0.020920440554618835, -0.998686671257019, 1.5082473754882812], [0.5703663229942322, 0.8202168345451355, -0.04389161989092827, -1.2803955078125], [0.0, 0.0, 0.0, 1.0]], [[0.006210541818290949, -0.9996761679649353, 0.024677706882357597, 0.0050048828125], [-0.05206051468849182, -0.024967949837446213, -0.9983317852020264, 1.5205345153808594], [0.9986246228218079, 0.004915403667837381, -0.05219871550798416, -1.6923980712890625], [0.0, 0.0, 0.0, 1.0]], [[-0.8321783542633057, -0.5528391599655151, 0.04298781231045723, 1.0323486328125], [-0.0464489720761776, -0.007753217592835426, -0.9988905191421509, 1.5036487579345703], [0.5525591373443604, -0.833251953125, -0.01922675035893917, -1.2486572265625], [0.0, 0.0, 0.0, 1.0]], [[0.9467582702636719, 0.31835728883743286, -0.0479305237531662, -1.14215087890625], [-0.03774247318506241, -0.03809729218482971, -0.9985609650611877, 1.58856201171875], [-0.3197251856327057, 0.9472049474716187, -0.024053337052464485, -0.103759765625], [0.0, 0.0, 0.0, 1.0]], [[0.0017457051435485482, 0.9995997548103333, -0.028235623612999916, 0.002685546875], [-0.06314348429441452, -0.028069138526916504, -0.9976096153259277, 1.5793571472167969], [-0.9980030059814453, 0.0035243972670286894, 0.06306920945644379, 0.0018463134765625], [0.0, 0.0, 0.0, 1.0]], [[-0.9344431757926941, 0.35529953241348267, 0.024045536294579506, 1.1361083984375], [-0.03056987188756466, -0.012759566307067871, -0.9994511604309082, 1.55145263671875], [-0.35479775071144104, -0.9346653819084167, 0.022784551605582237, -0.0635986328125], [0.0, 0.0, 0.0, 1.0]]], "view": [[0.0, -2.0, 100.0], [-2.0, 0.0, 100.0], [0.0, 0.0, 1.0]], "bev": "bev_758ed7a3a37f4b66a4e0dfcb7e16d06b.png", "aux": "aux_758ed7a3a37f4b66a4e0dfcb7e16d06b.npz", "visibility": "visibility_758ed7a3a37f4b66a4e0dfcb7e16d06b.png", "pose": [[0.9115958213806152, 0.41108763217926025, 0.0, 879.9044799804688], [-0.41108763217926025, 0.9115958213806152, 0.0, 1726.937744140625], [0.0, 0.0, 1.0, 0.0], [0.0, 0.0, 0.0, 1.0]], "pose_inverse": [[0.9115958213806152, -0.41108763217926025, 0.0, -92.19448852539062], [0.41108763217926025, 0.9115958213806152, 0.0, -1935.987060546875], [0.0, 0.0, 1.0, 0.0], [0.0, 0.0, 0.0, 1.0]], "cam_ids": [0, 1, 2, 3, 4, 5], "cam_channels": ["CAM_FRONT_LEFT", "CAM_FRONT", "CAM_FRONT_RIGHT", "CAM_BACK_LEFT", "CAM_BACK", "CAM_BACK_RIGHT"], "token": "758ed7a3a37f4b66a4e0dfcb7e16d06b", "scene": "scene-0027"}, {"images": ["samples/CAM_FRONT_LEFT/n015-2018-07-18-11-50-34+0800__CAM_FRONT_LEFT__1531886119004844.jpg", "samples/CAM_FRONT/n015-2018-07-18-11-50-34+0800__CAM_FRONT__1531886119012466.jpg", "samples/CAM_FRONT_RIGHT/n015-2018-07-18-11-50-34+0800__CAM_FRONT_RIGHT__1531886119020339.jpg", "samples/CAM_BACK_LEFT/n015-2018-07-18-11-50-34+0800__CAM_BACK_LEFT__1531886119047423.jpg", "samples/CAM_BACK/n015-2018-07-18-11-50-34+0800__CAM_BACK__1531886119037710.jpg", "samples/CAM_BACK_RIGHT/n015-2018-07-18-11-50-34+0800__CAM_BACK_RIGHT__1531886119027893.jpg"], "intrinsics": [[[1272.5979470598488, 0.0, 826.6154927353808], [0.0, 1272.5979470598488, 479.75165386361925], [0.0, 0.0, 1.0]], [[1266.417203046554, 0.0, 816.2670197447984], [0.0, 1266.417203046554, 491.50706579294757], [0.0, 0.0, 1.0]], [[1260.8474446004698, 0.0, 807.968244525554], [0.0, 1260.8474446004698, 495.3344268742088], [0.0, 0.0, 1.0]], [[1256.7414812095406, 0.0, 792.1125740759628], [0.0, 1256.7414812095406, 492.7757465151356], [0.0, 0.0, 1.0]], [[809.2209905677063, 0.0, 829.2196003259838], [0.0, 809.2209905677063, 481.77842384512485], [0.0, 0.0, 1.0]], [[1259.5137405846733, 0.0, 807.2529053838625], [0.0, 1259.5137405846733, 501.19579884916527], [0.0, 0.0, 1.0]]], "extrinsics": [[[0.8199975490570068, -0.5717697739601135, -0.026138726621866226, -0.96484375], [-0.046514030545949936, -0.021051747724413872, -0.9986957907676697, 1.5082435607910156], [0.570473849773407, 0.8201439380645752, -0.04385770112276077, -1.2803955078125], [0.0, 0.0, 0.0, 1.0]], [[0.006106127053499222, -0.9996734261512756, 0.02481343038380146, 0.005126953125], [-0.05180295929312706, -0.025096800178289413, -0.9983419179916382, 1.5205307006835938], [0.9986385703086853, 0.004810587968677282, -0.051939286291599274, -1.6923141479492188], [0.0, 0.0, 0.0, 1.0]], [[-0.8322327733039856, -0.5527686476707458, 0.04284053295850754, 1.032470703125], [-0.04618610441684723, -0.00788013357669115, -0.9989017248153687, 1.5036449432373047], [0.5524991750717163, -0.8332974314689636, -0.018972123041749, -1.2484130859375], [0.0, 0.0, 0.0, 1.0]], [[0.9467758536338806, 0.318342387676239, -0.047681596130132675, -1.142333984375], [-0.03743457421660423, -0.03823285922408104, -0.9985674619674683, 1.5885543823242188], [-0.31970933079719543, 0.9472045302391052, -0.024280939251184464, -0.103759765625], [0.0, 0.0, 0.0, 1.0]], [[0.0017843354726210237, 0.9995956420898438, -0.02837981842458248, 0.0028076171875], [-0.06285730004310608, -0.028211629018187523, -0.9976237416267395, 1.5793571472167969], [-0.9980208873748779, 0.003563981270417571, 0.06278154253959656, 0.00188446044921875], [0.0, 0.0, 0.0, 1.0]], [[-0.9344295859336853, 0.35535624623298645, 0.023735715076327324, 1.1361083984375], [-0.030294066295027733, -0.01290205493569374, -0.9994577765464783, 1.55145263671875], [-0.35485732555389404, -0.93464195728302, 0.022821247577667236, -0.0635986328125], [0.0, 0.0, 0.0, 1.0]]], "view": [[0.0, -2.0, 100.0], [-2.0, 0.0, 100.0], [0.0, 0.0, 1.0]], "bev": "bev_484fe6e84c934bc2a63b88d98e064074.png", "aux": "aux_484fe6e84c934bc2a63b88d98e064074.npz", "visibility": "visibility_484fe6e84c934bc2a63b88d98e064074.png", "pose": [[0.9116849303245544, 0.41088998317718506, 0.0, 879.9044189453125], [-0.41088998317718506, 0.9116849303245544, 0.0, 1726.9375], [0.0, 0.0, 1.0, 0.0], [0.0, 0.0, 0.0, 1.0]], "pose_inverse": [[0.9116849303245544, -0.41088998317718506, 0.0, -92.61428833007812], [0.41088998317718506, 0.9116849303245544, 0.0, -1935.966796875], [0.0, 0.0, 1.0, 0.0], [0.0, 0.0, 0.0, 1.0]], "cam_ids": [0, 1, 2, 3, 4, 5], "cam_channels": ["CAM_FRONT_LEFT", "CAM_FRONT", "CAM_FRONT_RIGHT", "CAM_BACK_LEFT", "CAM_BACK", "CAM_BACK_RIGHT"], "token": "484fe6e84c934bc2a63b88d98e064074", "scene": "scene-0027"}, {"images": ["samples/CAM_FRONT_LEFT/n015-2018-07-18-11-50-34+0800__CAM_FRONT_LEFT__1531886119504844.jpg", "samples/CAM_FRONT/n015-2018-07-18-11-50-34+0800__CAM_FRONT__1531886119512478.jpg", "samples/CAM_FRONT_RIGHT/n015-2018-07-18-11-50-34+0800__CAM_FRONT_RIGHT__1531886119520339.jpg", "samples/CAM_BACK_LEFT/n015-2018-07-18-11-50-34+0800__CAM_BACK_LEFT__1531886119547423.jpg", "samples/CAM_BACK/n015-2018-07-18-11-50-34+0800__CAM_BACK__1531886119537525.jpg", "samples/CAM_BACK_RIGHT/n015-2018-07-18-11-50-34+0800__CAM_BACK_RIGHT__1531886119527893.jpg"], "intrinsics": [[[1272.5979470598488, 0.0, 826.6154927353808], [0.0, 1272.5979470598488, 479.75165386361925], [0.0, 0.0, 1.0]], [[1266.417203046554, 0.0, 816.2670197447984], [0.0, 1266.417203046554, 491.50706579294757], [0.0, 0.0, 1.0]], [[1260.8474446004698, 0.0, 807.968244525554], [0.0, 1260.8474446004698, 495.3344268742088], [0.0, 0.0, 1.0]], [[1256.7414812095406, 0.0, 792.1125740759628], [0.0, 1256.7414812095406, 492.7757465151356], [0.0, 0.0, 1.0]], [[809.2209905677063, 0.0, 829.2196003259838], [0.0, 809.2209905677063, 481.77842384512485], [0.0, 0.0, 1.0]], [[1259.5137405846733, 0.0, 807.2529053838625], [0.0, 1259.5137405846733, 501.19579884916527], [0.0, 0.0, 1.0]]], "extrinsics": [[[0.8201509118080139, -0.5716714262962341, -0.023331169039011, -0.9644775390625], [-0.04372130706906319, -0.0219616387039423, -0.9988023638725281, 1.5082283020019531], [0.57047438621521, 0.8201887011528015, -0.04300607368350029, -1.2799072265625], [0.0, 0.0, 0.0, 1.0]], [[0.0061583551578223705, -0.9996487498283386, 0.025775792077183723, 0.0050048828125], [-0.04896927997469902, -0.026046831160783768, -0.9984606504440308, 1.5205116271972656], [0.9987813234329224, 0.004886615555733442, -0.049112483859062195, -1.6919403076171875], [0.0, 0.0, 0.0, 1.0]], [[-0.8322982788085938, -0.5528104305267334, 0.04099050909280777, 1.031982421875], [-0.043309103697538376, -0.008871646597981453, -0.9990223050117493, 1.5036334991455078], [0.5526335835456848, -0.8332598209381104, -0.01655786670744419, -1.2484130859375], [0.0, 0.0, 0.0, 1.0]], [[0.946911096572876, 0.3183061480522156, -0.045172516256570816, -1.14227294921875], [-0.034417975693941116, -0.03933323547244072, -0.9986332058906555, 1.5885543823242188], [-0.319647878408432, 0.9471716284751892, -0.026289621368050575, -0.103759765625], [0.0, 0.0, 0.0, 1.0]], [[0.001824110047891736, 0.9995652437210083, -0.029427500441670418, 0.0028076171875], [-0.05990615859627724, -0.029265467077493668, -0.9977749586105347, 1.579345703125], [-0.998202383518219, 0.0035829395055770874, 0.05982673168182373, 0.00173187255859375], [0.0, 0.0, 0.0, 1.0]], [[-0.9345212578773499, 0.35530754923820496, 0.020650023594498634, 1.135986328125], [-0.027379173785448074, -0.013920728117227554, -0.999528169631958, 1.5514411926269531], [-0.35485243797302246, -0.9346457719802856, 0.02273724228143692, -0.0635986328125], [0.0, 0.0, 0.0, 1.0]]], "view": [[0.0, -2.0, 100.0], [-2.0, 0.0, 100.0], [0.0, 0.0, 1.0]], "bev": "bev_2a5b7ca84a824dc3bff2159ec8c180ac.png", "aux": "aux_2a5b7ca84a824dc3bff2159ec8c180ac.npz", "visibility": "visibility_2a5b7ca84a824dc3bff2159ec8c180ac.png", "pose": [[0.9117116332054138, 0.4108307659626007, 0.0, 879.90478515625], [-0.4108307659626007, 0.9117116332054138, 0.0, 1726.937255859375], [0.0, 0.0, 1.0, 0.0], [0.0, 0.0, 0.0, 1.0]], "pose_inverse": [[0.9117116332054138, -0.4108307659626007, 0.0, -92.7404556274414], [0.4108307659626007, 0.9117116332054138, 0.0, -1935.960693359375], [0.0, 0.0, 1.0, 0.0], [0.0, 0.0, 0.0, 1.0]], "cam_ids": [0, 1, 2, 3, 4, 5], "cam_channels": ["CAM_FRONT_LEFT", "CAM_FRONT", "CAM_FRONT_RIGHT", "CAM_BACK_LEFT", "CAM_BACK", "CAM_BACK_RIGHT"], "token": "2a5b7ca84a824dc3bff2159ec8c180ac", "scene": "scene-0027"}, {"images": ["samples/CAM_FRONT_LEFT/n015-2018-07-18-11-50-34+0800__CAM_FRONT_LEFT__1531886120004844.jpg", "samples/CAM_FRONT/n015-2018-07-18-11-50-34+0800__CAM_FRONT__1531886120012465.jpg", "samples/CAM_FRONT_RIGHT/n015-2018-07-18-11-50-34+0800__CAM_FRONT_RIGHT__1531886120020339.jpg", "samples/CAM_BACK_LEFT/n015-2018-07-18-11-50-34+0800__CAM_BACK_LEFT__1531886120047423.jpg", "samples/CAM_BACK/n015-2018-07-18-11-50-34+0800__CAM_BACK__1531886120037525.jpg", "samples/CAM_BACK_RIGHT/n015-2018-07-18-11-50-34+0800__CAM_BACK_RIGHT__1531886120027893.jpg"], "intrinsics": [[[1272.5979470598488, 0.0, 826.6154927353808], [0.0, 1272.5979470598488, 479.75165386361925], [0.0, 0.0, 1.0]], [[1266.417203046554, 0.0, 816.2670197447984], [0.0, 1266.417203046554, 491.50706579294757], [0.0, 0.0, 1.0]], [[1260.8474446004698, 0.0, 807.968244525554], [0.0, 1260.8474446004698, 495.3344268742088], [0.0, 0.0, 1.0]], [[1256.7414812095406, 0.0, 792.1125740759628], [0.0, 1256.7414812095406, 492.7757465151356], [0.0, 0.0, 1.0]], [[809.2209905677063, 0.0, 829.2196003259838], [0.0, 809.2209905677063, 481.77842384512485], [0.0, 0.0, 1.0]], [[1259.5137405846733, 0.0, 807.2529053838625], [0.0, 1259.5137405846733, 501.19579884916527], [0.0, 0.0, 1.0]]], "extrinsics": [[[0.8203452825546265, -0.5715887546539307, -0.01788065768778324, -0.9410400390625], [-0.03662377968430519, -0.021308237686753273, -0.9991018772125244, 1.5071945190429688], [0.5706945061683655, 0.8202634453773499, -0.03841385990381241, -1.263916015625], [0.0, 0.0, 0.0, 1.0]], [[0.0060500032268464565, -0.9996653199195862, 0.025149542838335037, 0.0052490234375], [-0.041958052664995193, -0.025381624698638916, -0.9987969398498535, 1.5195236206054688], [0.999100923538208, 0.0049874731339514256, -0.04209756851196289, -1.6682662963867188], [0.0, 0.0, 0.0, 1.0]], [[-0.8325290679931641, -0.552884578704834, 0.034843120723962784, 1.016357421875], [-0.036382075399160385, -0.008192930370569229, -0.9993043541908264, 1.5029430389404297], [0.5527853965759277, -0.8332175612449646, -0.013294233940541744, -1.238037109375], [0.0, 0.0, 0.0, 1.0]], [[0.947169840335846, 0.31839409470558167, -0.03865840658545494, -1.14117431640625], [-0.027774982154369354, -0.03865325078368187, -0.9988665580749512, 1.5885238647460938], [-0.3195274770259857, 0.947170078754425, -0.027767803519964218, -0.1041259765625], [0.0, 0.0, 0.0, 1.0]], [[0.0019722606521099806, 0.9995853900909424, -0.028727363795042038, 0.0029296875], [-0.05315202847123146, -0.028582027181982994, -0.9981773495674133, 1.5789375305175781], [-0.9985844492912292, 0.003495556302368641, 0.053073614835739136, -0.00609588623046875], [0.0, 0.0, 0.0, 1.0]], [[-0.9346610307693481, 0.35524511337280273, 0.014476222917437553, 1.12274169921875], [-0.020514419302344322, -0.013236269354820251, -0.9997019171714783, 1.551156997680664], [-0.35494765639305115, -0.9346794486045837, 0.019659070298075676, -0.068603515625], [0.0, 0.0, 0.0, 1.0]]], "view": [[0.0, -2.0, 100.0], [-2.0, 0.0, 100.0], [0.0, 0.0, 1.0]], "bev": "bev_6333e6cebe394ff7a37591cc567c768f.png", "aux": "aux_6333e6cebe394ff7a37591cc567c768f.npz", "visibility": "visibility_6333e6cebe394ff7a37591cc567c768f.png", "pose": [[0.9112492203712463, 0.4118553698062897, 0.0, 880.0487060546875], [-0.4118553698062897, 0.9112492203712463, 0.0, 1726.8720703125], [0.0, 0.0, 1.0, 0.0], [0.0, 0.0, 0.0, 1.0]], "pose_inverse": [[0.9112492203712463, -0.4118553698062897, 0.0, -90.72219848632812], [0.4118553698062897, 0.9112492203712463, 0.0, -1936.0635986328125], [0.0, 0.0, 1.0, 0.0], [0.0, 0.0, 0.0, 1.0]], "cam_ids": [0, 1, 2, 3, 4, 5], "cam_channels": ["CAM_FRONT_LEFT", "CAM_FRONT", "CAM_FRONT_RIGHT", "CAM_BACK_LEFT", "CAM_BACK", "CAM_BACK_RIGHT"], "token": "6333e6cebe394ff7a37591cc567c768f", "scene": "scene-0027"}, {"images": ["samples/CAM_FRONT_LEFT/n015-2018-07-18-11-50-34+0800__CAM_FRONT_LEFT__1531886120404844.jpg", "samples/CAM_FRONT/n015-2018-07-18-11-50-34+0800__CAM_FRONT__1531886120412465.jpg", "samples/CAM_FRONT_RIGHT/n015-2018-07-18-11-50-34+0800__CAM_FRONT_RIGHT__1531886120420339.jpg", "samples/CAM_BACK_LEFT/n015-2018-07-18-11-50-34+0800__CAM_BACK_LEFT__1531886120447423.jpg", "samples/CAM_BACK/n015-2018-07-18-11-50-34+0800__CAM_BACK__1531886120437525.jpg", "samples/CAM_BACK_RIGHT/n015-2018-07-18-11-50-34+0800__CAM_BACK_RIGHT__1531886120427893.jpg"], "intrinsics": [[[1272.5979470598488, 0.0, 826.6154927353808], [0.0, 1272.5979470598488, 479.75165386361925], [0.0, 0.0, 1.0]], [[1266.417203046554, 0.0, 816.2670197447984], [0.0, 1266.417203046554, 491.50706579294757], [0.0, 0.0, 1.0]], [[1260.8474446004698, 0.0, 807.968244525554], [0.0, 1260.8474446004698, 495.3344268742088], [0.0, 0.0, 1.0]], [[1256.7414812095406, 0.0, 792.1125740759628], [0.0, 1256.7414812095406, 492.7757465151356], [0.0, 0.0, 1.0]], [[809.2209905677063, 0.0, 829.2196003259838], [0.0, 809.2209905677063, 481.77842384512485], [0.0, 0.0, 1.0]], [[1259.5137405846733, 0.0, 807.2529053838625], [0.0, 1259.5137405846733, 501.19579884916527], [0.0, 0.0, 1.0]]], "extrinsics": [[[0.8202504515647888, -0.571771502494812, -0.016326425597071648, -0.9144287109375], [-0.0352017767727375, -0.02197015844285488, -0.9991387128829956, 1.506072998046875], [0.5709203481674194, 0.8201187252998352, -0.03814840316772461, -1.244873046875], [0.0, 0.0, 0.0, 1.0]], [[0.005845621228218079, -0.999651312828064, 0.02575101889669895, 0.005126953125], [-0.04039991274476051, -0.025966523215174675, -0.998846173286438, 1.5184593200683594], [0.9991664886474609, 0.0047985645942389965, -0.04053761065006256, -1.6409988403320312], [0.0, 0.0, 0.0, 1.0]], [[-0.8326540589332581, -0.552766740322113, 0.03370693698525429, 0.9986572265625], [-0.034679803997278214, -0.00870006624609232, -0.9993605613708496, 1.5022430419921875], [0.5527065396308899, -0.8332906365394592, -0.011925696395337582, -1.2265625], [0.0, 0.0, 0.0, 1.0]], [[0.9472579956054688, 0.31837600469589233, -0.03659336641430855, -1.1407470703125], [-0.025558050721883774, -0.03877120465040207, -0.9989211559295654, 1.5885162353515625], [-0.31945130228996277, 0.9471713900566101, -0.028589263558387756, -0.1041259765625], [0.0, 0.0, 0.0, 1.0]], [[0.0020694893319159746, 0.9995777606964111, -0.02898678183555603, 0.0029296875], [-0.05113839730620384, -0.028843125328421593, -0.9982749819755554, 1.5785293579101562], [-0.9986894130706787, 0.003548321546986699, 0.051057104021310806, -0.01424407958984375], [0.0, 0.0, 0.0, 1.0]], [[-0.9346560835838318, 0.35532960295677185, 0.012610778212547302, 1.1085205078125], [-0.01867874339222908, -0.01365154329687357, -0.9997323751449585, 1.550893783569336], [-0.35506221652030945, -0.9346414804458618, 0.019396603107452393, -0.07421875], [0.0, 0.0, 0.0, 1.0]]], "view": [[0.0, -2.0, 100.0], [-2.0, 0.0, 100.0], [0.0, 0.0, 1.0]], "bev": "bev_3a16cdd7ce82444c98dbd16d2d143643.png", "aux": "aux_3a16cdd7ce82444c98dbd16d2d143643.npz", "visibility": "visibility_3a16cdd7ce82444c98dbd16d2d143643.png", "pose": [[0.9114699363708496, 0.4113667607307434, 0.0, 880.443359375], [-0.4113667607307434, 0.9114699363708496, 0.0, 1726.694580078125], [0.0, 0.0, 1.0, 0.0], [0.0, 0.0, 0.0, 1.0]], "pose_inverse": [[0.9114699363708496, -0.4113667607307434, 0.0, -92.19290161132812], [0.4113667607307434, 0.9114699363708496, 0.0, -1936.0152587890625], [0.0, 0.0, 1.0, 0.0], [0.0, 0.0, 0.0, 1.0]], "cam_ids": [0, 1, 2, 3, 4, 5], "cam_channels": ["CAM_FRONT_LEFT", "CAM_FRONT", "CAM_FRONT_RIGHT", "CAM_BACK_LEFT", "CAM_BACK", "CAM_BACK_RIGHT"], "token": "3a16cdd7ce82444c98dbd16d2d143643", "scene": "scene-0027"}, {"images": ["samples/CAM_FRONT_LEFT/n015-2018-07-18-11-50-34+0800__CAM_FRONT_LEFT__1531886120904844.jpg", "samples/CAM_FRONT/n015-2018-07-18-11-50-34+0800__CAM_FRONT__1531886120912462.jpg", "samples/CAM_FRONT_RIGHT/n015-2018-07-18-11-50-34+0800__CAM_FRONT_RIGHT__1531886120920339.jpg", "samples/CAM_BACK_LEFT/n015-2018-07-18-11-50-34+0800__CAM_BACK_LEFT__1531886120947423.jpg", "samples/CAM_BACK/n015-2018-07-18-11-50-34+0800__CAM_BACK__1531886120937525.jpg", "samples/CAM_BACK_RIGHT/n015-2018-07-18-11-50-34+0800__CAM_BACK_RIGHT__1531886120927893.jpg"], "intrinsics": [[[1272.5979470598488, 0.0, 826.6154927353808], [0.0, 1272.5979470598488, 479.75165386361925], [0.0, 0.0, 1.0]], [[1266.417203046554, 0.0, 816.2670197447984], [0.0, 1266.417203046554, 491.50706579294757], [0.0, 0.0, 1.0]], [[1260.8474446004698, 0.0, 807.968244525554], [0.0, 1260.8474446004698, 495.3344268742088], [0.0, 0.0, 1.0]], [[1256.7414812095406, 0.0, 792.1125740759628], [0.0, 1256.7414812095406, 492.7757465151356], [0.0, 0.0, 1.0]], [[809.2209905677063, 0.0, 829.2196003259838], [0.0, 809.2209905677063, 481.77842384512485], [0.0, 0.0, 1.0]], [[1259.5137405846733, 0.0, 807.2529053838625], [0.0, 1259.5137405846733, 501.19579884916527], [0.0, 0.0, 1.0]]], "extrinsics": [[[0.820380449295044, -0.5717092156410217, -0.011157698929309845, -0.873779296875], [-0.03243722394108772, -0.027047174051404, -0.9991077780723572, 1.5046539306640625], [0.5708973407745361, 0.8200103640556335, -0.04073363170027733, -1.2169189453125], [0.0, 0.0, 0.0, 1.0]], [[0.005897429771721363, -0.9995028972625732, 0.030967554077506065, 0.0057373046875], [-0.037718240171670914, -0.031168393790721893, -0.9988022446632385, 1.5170860290527344], [0.9992709755897522, 0.004722359124571085, -0.03788330778479576, -1.6008071899414062], [0.0, 0.0, 0.0, 1.0]], [[-0.8326899409294128, -0.5526641607284546, 0.03449198603630066, 0.9727783203125], [-0.03208350017666817, -0.014032436534762383, -0.9993866086006165, 1.5013542175292969], [0.5528091788291931, -0.833285927772522, -0.006046728231012821, -1.209228515625], [0.0, 0.0, 0.0, 1.0]], [[0.9473434686660767, 0.3181304633617401, -0.03651464730501175, -1.14068603515625], [-0.023586567491292953, -0.0443965382874012, -0.9987355470657349, 1.5885162353515625], [-0.3193492591381073, 0.9470068216323853, -0.03455517068505287, -0.1044921875], [0.0, 0.0, 0.0, 1.0]], [[0.002108295215293765, 0.9994031190872192, -0.0344807431101799, 0.0028076171875], [-0.04888025298714638, -0.03433660417795181, -0.9982142448425293, 1.5780181884765625], [-0.9988023638725281, 0.0037899522576481104, 0.048778682947158813, -0.02562713623046875], [0.0, 0.0, 0.0, 1.0]], [[-0.9347061514854431, 0.35532277822494507, 0.008373819291591644, 1.08758544921875], [-0.016203127801418304, -0.019064277410507202, -0.9996869564056396, 1.5506057739257812], [-0.3550518751144409, -0.9345492720603943, 0.02357684075832367, -0.0821533203125], [0.0, 0.0, 0.0, 1.0]]], "view": [[0.0, -2.0, 100.0], [-2.0, 0.0, 100.0], [0.0, 0.0, 1.0]], "bev": "bev_01df0413f9bb47478af656d87047fd6a.png", "aux": "aux_01df0413f9bb47478af656d87047fd6a.npz", "visibility": "visibility_01df0413f9bb47478af656d87047fd6a.png", "pose": [[0.9117186069488525, 0.4108152389526367, 0.0, 881.4012451171875], [-0.4108152389526367, 0.9117186069488525, 0.0, 1726.2615966796875], [0.0, 0.0, 1.0, 0.0], [0.0, 0.0, 0.0, 1.0]], "pose_inverse": [[0.9117186069488525, -0.4108152389526367, 0.0, -94.4153823852539], [0.4108152389526367, 0.9117186069488525, 0.0, -1935.9578857421875], [0.0, 0.0, 1.0, 0.0], [0.0, 0.0, 0.0, 1.0]], "cam_ids": [0, 1, 2, 3, 4, 5], "cam_channels": ["CAM_FRONT_LEFT", "CAM_FRONT", "CAM_FRONT_RIGHT", "CAM_BACK_LEFT", "CAM_BACK", "CAM_BACK_RIGHT"], "token": "01df0413f9bb47478af656d87047fd6a", "scene": "scene-0027"}, {"images": ["samples/CAM_FRONT_LEFT/n015-2018-07-18-11-50-34+0800__CAM_FRONT_LEFT__1531886121404844.jpg", "samples/CAM_FRONT/n015-2018-07-18-11-50-34+0800__CAM_FRONT__1531886121412465.jpg", "samples/CAM_FRONT_RIGHT/n015-2018-07-18-11-50-34+0800__CAM_FRONT_RIGHT__1531886121420339.jpg", "samples/CAM_BACK_LEFT/n015-2018-07-18-11-50-34+0800__CAM_BACK_LEFT__1531886121447423.jpg", "samples/CAM_BACK/n015-2018-07-18-11-50-34+0800__CAM_BACK__1531886121437525.jpg", "samples/CAM_BACK_RIGHT/n015-2018-07-18-11-50-34+0800__CAM_BACK_RIGHT__1531886121427893.jpg"], "intrinsics": [[[1272.5979470598488, 0.0, 826.6154927353808], [0.0, 1272.5979470598488, 479.75165386361925], [0.0, 0.0, 1.0]], [[1266.417203046554, 0.0, 816.2670197447984], [0.0, 1266.417203046554, 491.50706579294757], [0.0, 0.0, 1.0]], [[1260.8474446004698, 0.0, 807.968244525554], [0.0, 1260.8474446004698, 495.3344268742088], [0.0, 0.0, 1.0]], [[1256.7414812095406, 0.0, 792.1125740759628], [0.0, 1256.7414812095406, 492.7757465151356], [0.0, 0.0, 1.0]], [[809.2209905677063, 0.0, 829.2196003259838], [0.0, 809.2209905677063, 481.77842384512485], [0.0, 0.0, 1.0]], [[1259.5137405846733, 0.0, 807.2529053838625], [0.0, 1259.5137405846733, 501.19579884916527], [0.0, 0.0, 1.0]]], "extrinsics": [[[0.8202378153800964, -0.5719724893569946, -0.0075828079134225845, -0.85009765625], [-0.03250489756464958, -0.033370789140462875, -0.9989143013954163, 1.5037307739257812], [0.5710983872413635, 0.8195937871932983, -0.04596388339996338, -1.201171875], [0.0, 0.0, 0.0, 1.0]], [[0.005765391979366541, -0.9992825388908386, 0.0374303013086319, 0.0064697265625], [-0.03777463734149933, -0.03762184455990791, -0.998577892780304, 1.516204833984375], [0.9992696642875671, 0.0043432763777673244, -0.037964437156915665, -1.576995849609375], [0.0, 0.0, 0.0, 1.0]], [[-0.8326974511146545, -0.5524106621742249, 0.03817569091916084, 0.95751953125], [-0.032126493752002716, -0.02062995173037052, -0.9992708563804626, 1.5007553100585938], [0.55279541015625, -0.8333168029785156, -0.00056850427063182, -1.1982421875], [0.0, 0.0, 0.0, 1.0]], [[0.9472168684005737, 0.31826746463775635, -0.038547880947589874, -1.14111328125], [-0.023261655122041702, -0.051692571491003036, -0.9983920454978943, 1.588531494140625], [-0.3197483420372009, 0.9465906023979187, -0.04156064987182617, -0.1043701171875], [0.0, 0.0, 0.0, 1.0]], [[0.0018743799300864339, 0.9991350173950195, -0.04154237359762192, 0.0025634765625], [-0.04875824227929115, -0.04140171781182289, -0.9979521632194519, 1.577667236328125], [-0.9988088607788086, 0.003896032925695181, 0.04863846302032471, -0.03328704833984375], [0.0, 0.0, 0.0, 1.0]], [[-0.9347399473190308, 0.3552825450897217, 0.005963487084954977, 1.0743408203125], [-0.016204945743083954, -0.025857456028461456, -0.9995343089103699, 1.5503883361816406], [-0.35496288537979126, -0.934401273727417, 0.0299273319542408, -0.0865478515625], [0.0, 0.0, 0.0, 1.0]]], "view": [[0.0, -2.0, 100.0], [-2.0, 0.0, 100.0], [0.0, 0.0, 1.0]], "bev": "bev_89612e28f64b415f8fe05f396a92238d.png", "aux": "aux_89612e28f64b415f8fe05f396a92238d.npz", "visibility": "visibility_89612e28f64b415f8fe05f396a92238d.png", "pose": [[0.9125635623931885, 0.40893489122390747, 0.0, 882.7425537109375], [-0.40893489122390747, 0.9125635623931885, 0.0, 1725.65380859375], [0.0, 0.0, 1.0, 0.0], [0.0, 0.0, 0.0, 1.0]], "pose_inverse": [[0.9125635623931885, -0.40893489122390747, 0.0, -99.878662109375], [0.40893489122390747, 0.9125635623931885, 0.0, -1935.7530517578125], [0.0, 0.0, 1.0, 0.0], [0.0, 0.0, 0.0, 1.0]], "cam_ids": [0, 1, 2, 3, 4, 5], "cam_channels": ["CAM_FRONT_LEFT", "CAM_FRONT", "CAM_FRONT_RIGHT", "CAM_BACK_LEFT", "CAM_BACK", "CAM_BACK_RIGHT"], "token": "89612e28f64b415f8fe05f396a92238d", "scene": "scene-0027"}, {"images": ["samples/CAM_FRONT_LEFT/n015-2018-07-18-11-50-34+0800__CAM_FRONT_LEFT__1531886121904844.jpg", "samples/CAM_FRONT/n015-2018-07-18-11-50-34+0800__CAM_FRONT__1531886121912465.jpg", "samples/CAM_FRONT_RIGHT/n015-2018-07-18-11-50-34+0800__CAM_FRONT_RIGHT__1531886121920339.jpg", "samples/CAM_BACK_LEFT/n015-2018-07-18-11-50-34+0800__CAM_BACK_LEFT__1531886121947423.jpg", "samples/CAM_BACK/n015-2018-07-18-11-50-34+0800__CAM_BACK__1531886121937525.jpg", "samples/CAM_BACK_RIGHT/n015-2018-07-18-11-50-34+0800__CAM_BACK_RIGHT__1531886121927893.jpg"], "intrinsics": [[[1272.5979470598488, 0.0, 826.6154927353808], [0.0, 1272.5979470598488, 479.75165386361925], [0.0, 0.0, 1.0]], [[1266.417203046554, 0.0, 816.2670197447984], [0.0, 1266.417203046554, 491.50706579294757], [0.0, 0.0, 1.0]], [[1260.8474446004698, 0.0, 807.968244525554], [0.0, 1260.8474446004698, 495.3344268742088], [0.0, 0.0, 1.0]], [[1256.7414812095406, 0.0, 792.1125740759628], [0.0, 1256.7414812095406, 492.7757465151356], [0.0, 0.0, 1.0]], [[809.2209905677063, 0.0, 829.2196003259838], [0.0, 809.2209905677063, 481.77842384512485], [0.0, 0.0, 1.0]], [[1259.5137405846733, 0.0, 807.2529053838625], [0.0, 1259.5137405846733, 501.19579884916527], [0.0, 0.0, 1.0]]], "extrinsics": [[[0.8200230002403259, -0.5723305344581604, 2.9285112759680487e-05, -0.83050537109375], [-0.028167523443698883, -0.04040893167257309, -0.9987860918045044, 1.5036849975585938], [0.571636974811554, 0.8190268278121948, -0.04925738647580147, -1.187744140625], [0.0, 0.0, 0.0, 1.0]], [[0.005182722583413124, -0.9989957213401794, 0.04450513795018196, 0.0064697265625], [-0.033499106764793396, -0.04465420916676521, -0.9984407424926758, 1.5160293579101562], [0.9994253516197205, 0.0036837870720773935, -0.03369688615202904, -1.5571212768554688], [0.0, 0.0, 0.0, 1.0]], [[-0.8330869674682617, -0.55179762840271, 0.03854164108633995, 0.9442138671875], [-0.027901362627744675, -0.027668867260217667, -0.9992276430130005, 1.5006942749023438], [0.5524378418922424, -0.833518922328949, 0.007654664106667042, -1.189453125], [0.0, 0.0, 0.0, 1.0]], [[0.9474989771842957, 0.31759920716285706, -0.03709959611296654, -1.1383056640625], [-0.01931733451783657, -0.05895787477493286, -0.9980735778808594, 1.5884780883789062], [-0.3191746771335602, 0.9463903903961182, -0.049727361649274826, -0.105224609375], [0.0, 0.0, 0.0, 1.0]], [[0.0024867223110049963, 0.9988101124763489, -0.04870467260479927, 0.00244140625], [-0.044682055711746216, -0.04854520037770271, -0.997821033000946, 1.5775222778320312], [-0.9989981651306152, 0.0046574948355555534, 0.04450817033648491, -0.03980255126953125], [0.0, 0.0, 0.0, 1.0]], [[-0.9346024394035339, 0.35569390654563904, -0.00044763588812202215, 1.063232421875], [-0.01205168291926384, -0.03292407840490341, -0.9993851780891418, 1.550537109375], [-0.35548993945121765, -0.9340224266052246, 0.03505763038992882, -0.0906982421875], [0.0, 0.0, 0.0, 1.0]]], "view": [[0.0, -2.0, 100.0], [-2.0, 0.0, 100.0], [0.0, 0.0, 1.0]], "bev": "bev_bd063ae874da437ab0db3e2137be5d15.png", "aux": "aux_bd063ae874da437ab0db3e2137be5d15.npz", "visibility": "visibility_bd063ae874da437ab0db3e2137be5d15.png", "pose": [[0.9140273332595825, 0.40565264225006104, 0.0, 884.4081420898438], [-0.40565264225006104, 0.9140273332595825, 0.0, 1724.899169921875], [0.0, 0.0, 1.0, 0.0], [0.0, 0.0, 0.0, 1.0]], "pose_inverse": [[0.9140273332595825, -0.40565264225006104, 0.0, -108.66329956054688], [0.40565264225006104, 0.9140273332595825, 0.0, -1935.367431640625], [0.0, 0.0, 1.0, 0.0], [0.0, 0.0, 0.0, 1.0]], "cam_ids": [0, 1, 2, 3, 4, 5], "cam_channels": ["CAM_FRONT_LEFT", "CAM_FRONT", "CAM_FRONT_RIGHT", "CAM_BACK_LEFT", "CAM_BACK", "CAM_BACK_RIGHT"], "token": "bd063ae874da437ab0db3e2137be5d15", "scene": "scene-0027"}, {"images": ["samples/CAM_FRONT_LEFT/n015-2018-07-18-11-50-34+0800__CAM_FRONT_LEFT__1531886122404844.jpg", "samples/CAM_FRONT/n015-2018-07-18-11-50-34+0800__CAM_FRONT__1531886122412465.jpg", "samples/CAM_FRONT_RIGHT/n015-2018-07-18-11-50-34+0800__CAM_FRONT_RIGHT__1531886122420339.jpg", "samples/CAM_BACK_LEFT/n015-2018-07-18-11-50-34+0800__CAM_BACK_LEFT__1531886122447423.jpg", "samples/CAM_BACK/n015-2018-07-18-11-50-34+0800__CAM_BACK__1531886122437525.jpg", "samples/CAM_BACK_RIGHT/n015-2018-07-18-11-50-34+0800__CAM_BACK_RIGHT__1531886122427893.jpg"], "intrinsics": [[[1272.5979470598488, 0.0, 826.6154927353808], [0.0, 1272.5979470598488, 479.75165386361925], [0.0, 0.0, 1.0]], [[1266.417203046554, 0.0, 816.2670197447984], [0.0, 1266.417203046554, 491.50706579294757], [0.0, 0.0, 1.0]], [[1260.8474446004698, 0.0, 807.968244525554], [0.0, 1260.8474446004698, 495.3344268742088], [0.0, 0.0, 1.0]], [[1256.7414812095406, 0.0, 792.1125740759628], [0.0, 1256.7414812095406, 492.7757465151356], [0.0, 0.0, 1.0]], [[809.2209905677063, 0.0, 829.2196003259838], [0.0, 809.2209905677063, 481.77842384512485], [0.0, 0.0, 1.0]], [[1259.5137405846733, 0.0, 807.2529053838625], [0.0, 1259.5137405846733, 501.19579884916527], [0.0, 0.0, 1.0]]], "extrinsics": [[[0.819790780544281, -0.5726539492607117, 0.0032357231248170137, -0.81103515625], [-0.03086603432893753, -0.04982738196849823, -0.9982807636260986, 1.502532958984375], [0.5718306303024292, 0.8182815313339233, -0.05852359160780907, -1.174072265625], [0.0, 0.0, 0.0, 1.0]], [[0.004942224361002445, -0.998529851436615, 0.053977496922016144, 0.0064697265625], [-0.03590797632932663, -0.05412055552005768, -0.9978885650634766, 1.5150299072265625], [0.9993428587913513, 0.0029935792554169893, -0.03612266108393669, -1.5379180908203125], [0.0, 0.0, 0.0, 1.0]], [[-0.8331670165061951, -0.5511418581008911, 0.04555554687976837, 0.9320068359375], [-0.03000708855688572, -0.03720016032457352, -0.9988571405410767, 1.5000457763671875], [0.5522066950798035, -0.8335818648338318, 0.014455785043537617, -1.1812744140625], [0.0, 0.0, 0.0, 1.0]], [[0.9475651979446411, 0.3168998658657074, -0.04116394370794296, -1.1387939453125], [-0.020481929183006287, -0.06832169741392136, -0.9974530339241028, 1.5884857177734375], [-0.31890514492988586, 0.9459949731826782, -0.05824854597449303, -0.1048583984375], [0.0, 0.0, 0.0, 1.0]], [[0.0026272775139659643, 0.9983052611351013, -0.058135759085416794, 0.002685546875], [-0.04618023708462715, -0.05795281380414963, -0.9972506761550903, 1.5772018432617188], [-0.9989296793937683, 0.005304769147187471, 0.04594971239566803, -0.04520416259765625], [0.0, 0.0, 0.0, 1.0]], [[-0.9345098733901978, 0.35593080520629883, -0.002144767437130213, 1.053466796875], [-0.013877065852284431, -0.0424545519053936, -0.9990020394325256, 1.5502471923828125], [-0.3556666374206543, -0.9335474967956543, 0.044613469392061234, -0.0947265625], [0.0, 0.0, 0.0, 1.0]]], "view": [[0.0, -2.0, 100.0], [-2.0, 0.0, 100.0], [0.0, 0.0, 1.0]], "bev": "bev_e8a537f34c7a4d43a56917340bbde797.png", "aux": "aux_e8a537f34c7a4d43a56917340bbde797.npz", "visibility": "visibility_e8a537f34c7a4d43a56917340bbde797.png", "pose": [[0.9168623089790344, 0.3992035388946533, 0.0, 886.2745971679688], [-0.3992035388946533, 0.9168623089790344, 0.0, 1724.0699462890625], [0.0, 0.0, 1.0, 0.0], [0.0, 0.0, 0.0, 1.0]], "pose_inverse": [[0.9168623089790344, -0.3992035388946533, 0.0, -124.33698272705078], [0.3992035388946533, 0.9168623089790344, 0.0, -1934.5386962890625], [0.0, 0.0, 1.0, 0.0], [0.0, 0.0, 0.0, 1.0]], "cam_ids": [0, 1, 2, 3, 4, 5], "cam_channels": ["CAM_FRONT_LEFT", "CAM_FRONT", "CAM_FRONT_RIGHT", "CAM_BACK_LEFT", "CAM_BACK", "CAM_BACK_RIGHT"], "token": "e8a537f34c7a4d43a56917340bbde797", "scene": "scene-0027"}, {"images": ["samples/CAM_FRONT_LEFT/n015-2018-07-18-11-50-34+0800__CAM_FRONT_LEFT__1531886122904844.jpg", "samples/CAM_FRONT/n015-2018-07-18-11-50-34+0800__CAM_FRONT__1531886122912462.jpg", "samples/CAM_FRONT_RIGHT/n015-2018-07-18-11-50-34+0800__CAM_FRONT_RIGHT__1531886122920339.jpg", "samples/CAM_BACK_LEFT/n015-2018-07-18-11-50-34+0800__CAM_BACK_LEFT__1531886122947423.jpg", "samples/CAM_BACK/n015-2018-07-18-11-50-34+0800__CAM_BACK__1531886122937525.jpg", "samples/CAM_BACK_RIGHT/n015-2018-07-18-11-50-34+0800__CAM_BACK_RIGHT__1531886122927893.jpg"], "intrinsics": [[[1272.5979470598488, 0.0, 826.6154927353808], [0.0, 1272.5979470598488, 479.75165386361925], [0.0, 0.0, 1.0]], [[1266.417203046554, 0.0, 816.2670197447984], [0.0, 1266.417203046554, 491.50706579294757], [0.0, 0.0, 1.0]], [[1260.8474446004698, 0.0, 807.968244525554], [0.0, 1260.8474446004698, 495.3344268742088], [0.0, 0.0, 1.0]], [[1256.7414812095406, 0.0, 792.1125740759628], [0.0, 1256.7414812095406, 492.7757465151356], [0.0, 0.0, 1.0]], [[809.2209905677063, 0.0, 829.2196003259838], [0.0, 809.2209905677063, 481.77842384512485], [0.0, 0.0, 1.0]], [[1259.5137405846733, 0.0, 807.2529053838625], [0.0, 1259.5137405846733, 501.19579884916527], [0.0, 0.0, 1.0]]], "extrinsics": [[[0.8205596804618835, -0.5710923671722412, 0.02313488908112049, -0.793212890625], [-0.004295178689062595, -0.046636857092380524, -0.9989026188850403, 1.5074005126953125], [0.5715445876121521, 0.8195598721504211, -0.04072127118706703, -1.161865234375], [0.0, 0.0, 0.0, 1.0]], [[0.005372130777686834, -0.9987033605575562, 0.05062197893857956, 0.0068359375], [-0.009080064482986927, -0.050669342279434204, -0.9986742734909058, 1.519012451171875], [0.9999443292617798, 0.0049053579568862915, -0.009340493939816952, -1.5206298828125], [0.0, 0.0, 0.0, 1.0]], [[-0.833128809928894, -0.5526825785636902, 0.02093381993472576, 0.9215087890625], [-0.0029190832283347845, -0.033455073833465576, -0.9994359612464905, 1.5032806396484375], [0.5530712008476257, -0.8327200412750244, 0.02625906467437744, -1.1741943359375], [0.0, 0.0, 0.0, 1.0]], [[0.9479101896286011, 0.31825077533721924, -0.013518012128770351, -1.13787841796875], [0.0071364957839250565, -0.06364484876394272, -0.997947096824646, 1.5885848999023438], [-0.3184577226638794, 0.9458677172660828, -0.06260079145431519, -0.1053466796875], [0.0, 0.0, 0.0, 1.0]], [[0.002810561563819647, 0.9985513687133789, -0.05373275652527809, 0.002685546875], [-0.018693216145038605, -0.05367111414670944, -0.9983837008476257, 1.5784072875976562], [-0.9998213648796082, 0.0038103957194834948, 0.018515290692448616, -0.04999542236328125], [0.0, 0.0, 0.0, 1.0]], [[-0.934673011302948, 0.3545413613319397, -0.02620713599026203, 1.0447998046875], [0.01343583781272173, -0.038436394184827805, -0.99917072057724, 1.5527801513671875], [-0.3552547097206116, -0.934249997138977, 0.031161896884441376, -0.097900390625], [0.0, 0.0, 0.0, 1.0]]], "view": [[0.0, -2.0, 100.0], [-2.0, 0.0, 100.0], [0.0, 0.0, 1.0]], "bev": "bev_4007e9dce59d4b9f935c770dbad5166d.png", "aux": "aux_4007e9dce59d4b9f935c770dbad5166d.npz", "visibility": "visibility_4007e9dce59d4b9f935c770dbad5166d.png", "pose": [[0.9181221127510071, 0.39629754424095154, 0.0, 888.4109497070312], [-0.39629754424095154, 0.9181221127510071, 0.0, 1723.1353759765625], [0.0, 0.0, 1.0, 0.0], [0.0, 0.0, 0.0, 1.0]], "pose_inverse": [[0.9181221127510071, -0.39629754424095154, 0.0, -132.79542541503906], [0.39629754424095154, 0.9181221127510071, 0.0, -1934.123779296875], [0.0, 0.0, 1.0, 0.0], [0.0, 0.0, 0.0, 1.0]], "cam_ids": [0, 1, 2, 3, 4, 5], "cam_channels": ["CAM_FRONT_LEFT", "CAM_FRONT", "CAM_FRONT_RIGHT", "CAM_BACK_LEFT", "CAM_BACK", "CAM_BACK_RIGHT"], "token": "4007e9dce59d4b9f935c770dbad5166d", "scene": "scene-0027"}, {"images": ["samples/CAM_FRONT_LEFT/n015-2018-07-18-11-50-34+0800__CAM_FRONT_LEFT__1531886123404844.jpg", "samples/CAM_FRONT/n015-2018-07-18-11-50-34+0800__CAM_FRONT__1531886123412469.jpg", "samples/CAM_FRONT_RIGHT/n015-2018-07-18-11-50-34+0800__CAM_FRONT_RIGHT__1531886123420339.jpg", "samples/CAM_BACK_LEFT/n015-2018-07-18-11-50-34+0800__CAM_BACK_LEFT__1531886123447423.jpg", "samples/CAM_BACK/n015-2018-07-18-11-50-34+0800__CAM_BACK__1531886123437525.jpg", "samples/CAM_BACK_RIGHT/n015-2018-07-18-11-50-34+0800__CAM_BACK_RIGHT__1531886123427893.jpg"], "intrinsics": [[[1272.5979470598488, 0.0, 826.6154927353808], [0.0, 1272.5979470598488, 479.75165386361925], [0.0, 0.0, 1.0]], [[1266.417203046554, 0.0, 816.2670197447984], [0.0, 1266.417203046554, 491.50706579294757], [0.0, 0.0, 1.0]], [[1260.8474446004698, 0.0, 807.968244525554], [0.0, 1260.8474446004698, 495.3344268742088], [0.0, 0.0, 1.0]], [[1256.7414812095406, 0.0, 792.1125740759628], [0.0, 1256.7414812095406, 492.7757465151356], [0.0, 0.0, 1.0]], [[809.2209905677063, 0.0, 829.2196003259838], [0.0, 809.2209905677063, 481.77842384512485], [0.0, 0.0, 1.0]], [[1259.5137405846733, 0.0, 807.2529053838625], [0.0, 1259.5137405846733, 501.19579884916527], [0.0, 0.0, 1.0]]], "extrinsics": [[[0.820627748966217, -0.570934534072876, 0.02457619644701481, -0.78204345703125], [0.0008602018351666629, -0.04177156835794449, -0.9991267919540405, 1.5084762573242188], [0.5714625120162964, 0.819932222366333, -0.03378778696060181, -1.154052734375], [0.0, 0.0, 0.0, 1.0]], [[0.005444883834570646, -0.998975932598114, 0.04491492360830307, 0.0068359375], [-0.004359627608209848, -0.04493888095021248, -0.9989802837371826, 1.5197601318359375], [0.9999756217002869, 0.005243485793471336, -0.00459985202178359, -1.508636474609375], [0.0, 0.0, 0.0, 1.0]], [[-0.8330538272857666, -0.5530219078063965, 0.013714470900595188, 0.9129638671875], [0.0013503709342330694, -0.026824351400136948, -0.9996392130851746, 1.5038528442382812], [0.553190290927887, -0.8327347040176392, 0.02309291623532772, -1.16845703125], [0.0, 0.0, 0.0, 1.0]], [[0.9478673934936523, 0.31857022643089294, -0.00777133833616972, -1.1357421875], [0.010099186562001705, -0.05440596118569374, -0.9984678030014038, 1.5886306762695312], [-0.3185049295425415, 0.9463366866111755, -0.05478694289922714, -0.10595703125], [0.0, 0.0, 0.0, 1.0]], [[0.002708003856241703, 0.9989678263664246, -0.045342158526182175, 0.0025634765625], [-0.015353101305663586, -0.04529544338583946, -0.998