[{"images": ["samples/CAM_FRONT_LEFT/n008-2018-08-30-15-52-26-0400__CAM_FRONT_LEFT__1535659467004799.jpg", "samples/CAM_FRONT/n008-2018-08-30-15-52-26-0400__CAM_FRONT__1535659467012404.jpg", "samples/CAM_FRONT_RIGHT/n008-2018-08-30-15-52-26-0400__CAM_FRONT_RIGHT__1535659467020486.jpg", "samples/CAM_BACK_LEFT/n008-2018-08-30-15-52-26-0400__CAM_BACK_LEFT__1535659467047405.jpg", "samples/CAM_BACK/n008-2018-08-30-15-52-26-0400__CAM_BACK__1535659467037558.jpg", "samples/CAM_BACK_RIGHT/n008-2018-08-30-15-52-26-0400__CAM_BACK_RIGHT__1535659467028113.jpg"], "intrinsics": [[[1257.8625342125129, 0.0, 827.2410631095686], [0.0, 1257.8625342125129, 450.915498205774], [0.0, 0.0, 1.0]], [[1252.8131021185304, 0.0, 826.588114781398], [0.0, 1252.8131021185304, 469.9846626224581], [0.0, 0.0, 1.0]], [[1256.7485116440405, 0.0, 817.7887570959712], [0.0, 1256.7485116440403, 451.9541780095127], [0.0, 0.0, 1.0]], [[1254.9860565800168, 0.0, 829.5769333630991], [0.0, 1254.9860565800168, 467.1680561863987], [0.0, 0.0, 1.0]], [[796.8910634503094, 0.0, 857.7774326863696], [0.0, 796.8910634503094, 476.8848988407415], [0.0, 0.0, 1.0]], [[1249.9629280788233, 0.0, 825.3768045375984], [0.0, 1249.9629280788233, 462.54816385708756], [0.0, 0.0, 1.0]]], "extrinsics": [[[0.822581946849823, -0.5685000419616699, -0.012911990284919739, -0.63348388671875], [0.0026456168852746487, 0.02653234452009201, -0.9996444582939148, 1.4894428253173828], [0.5686404705047607, 0.8222553133964539, 0.023329060524702072, -1.078521728515625], [0.0, 0.0, 0.0, 1.0]], [[0.010096217505633831, -0.9997006058692932, -0.022289449349045753, 0.010162353515625], [0.004637621343135834, 0.022337159141898155, -0.9997397661209106, 1.481879711151123], [0.9999381899833679, 0.009990263730287552, 0.004861755296587944, -1.36016845703125], [0.0, 0.0, 0.0, 1.0]], [[-0.8441799283027649, -0.5357582569122314, -0.017983069643378258, 0.84307861328125], [0.01269458793103695, 0.013557328842580318, -0.99982750415802, 1.4967942237854004], [0.5359095931053162, -0.8442626595497131, -0.004643596708774567, -1.1197509765625], [0.0, 0.0, 0.0, 1.0]], [[0.9478873014450073, 0.3185926377773285, -0.0028937705792486668, -1.12445068359375], [-0.012657237239181995, 0.02857968956232071, -0.9995113611221313, 1.561777114868164], [-0.3183543086051941, 0.9474607706069946, 0.031122827902436256, -0.162841796875], [0.0, 0.0, 0.0, 1.0]], [[0.009370522573590279, 0.9997355341911316, 0.021005311980843544, -0.028167724609375], [-0.0105720404535532, 0.021104108542203903, -0.999721348285675, 1.5667800903320312], [-0.9999002814292908, 0.009145865216851234, 0.01076700072735548, -0.07611083984375], [0.0, 0.0, 0.0, 1.0]], [[-0.9236593246459961, 0.38317716121673584, 0.005343637894839048, 0.960693359375], [-0.006434407085180283, -0.0015650201821699739, -0.9999780654907227, 1.5464215278625488], [-0.38316041231155396, -0.9236735701560974, 0.003911064006388187, -0.12615966796875], [0.0, 0.0, 0.0, 1.0]]], "view": [[0.0, -2.0, 100.0], [-2.0, 0.0, 100.0], [0.0, 0.0, 1.0]], "bev": "bev_16b5fc95353e4a188c69aabad77162fb.png", "aux": "aux_16b5fc95353e4a188c69aabad77162fb.npz", "visibility": "visibility_16b5fc95353e4a188c69aabad77162fb.png", "pose": [[0.6418052911758423, -0.7668676376342773, 0.0, 884.9242553710938], [0.7668676376342773, 0.6418052911758423, 0.0, 577.2759399414062], [0.0, 0.0, 1.0, 0.0], [0.0, 0.0, 0.0, 1.0]], "pose_inverse": [[0.6418052911758423, 0.7668676376342773, 0.0, -1010.643310546875], [-0.7668676376342773, 0.6418052911758423, 0.0, 308.12103271484375], [0.0, 0.0, 1.0, 0.0], [0.0, 0.0, 0.0, 1.0]], "cam_ids": [0, 1, 2, 3, 4, 5], "cam_channels": ["CAM_FRONT_LEFT", "CAM_FRONT", "CAM_FRONT_RIGHT", "CAM_BACK_LEFT", "CAM_BACK", "CAM_BACK_RIGHT"], "token": "16b5fc95353e4a188c69aabad77162fb", "scene": "scene-0543"}, {"images": ["samples/CAM_FRONT_LEFT/n008-2018-08-30-15-52-26-0400__CAM_FRONT_LEFT__1535659467504799.jpg", "samples/CAM_FRONT/n008-2018-08-30-15-52-26-0400__CAM_FRONT__1535659467512404.jpg", "samples/CAM_FRONT_RIGHT/n008-2018-08-30-15-52-26-0400__CAM_FRONT_RIGHT__1535659467520482.jpg", "samples/CAM_BACK_LEFT/n008-2018-08-30-15-52-26-0400__CAM_BACK_LEFT__1535659467547405.jpg", "samples/CAM_BACK/n008-2018-08-30-15-52-26-0400__CAM_BACK__1535659467537558.jpg", "samples/CAM_BACK_RIGHT/n008-2018-08-30-15-52-26-0400__CAM_BACK_RIGHT__1535659467528113.jpg"], "intrinsics": [[[1257.8625342125129, 0.0, 827.2410631095686], [0.0, 1257.8625342125129, 450.915498205774], [0.0, 0.0, 1.0]], [[1252.8131021185304, 0.0, 826.588114781398], [0.0, 1252.8131021185304, 469.9846626224581], [0.0, 0.0, 1.0]], [[1256.7485116440405, 0.0, 817.7887570959712], [0.0, 1256.7485116440403, 451.9541780095127], [0.0, 0.0, 1.0]], [[1254.9860565800168, 0.0, 829.5769333630991], [0.0, 1254.9860565800168, 467.1680561863987], [0.0, 0.0, 1.0]], [[796.8910634503094, 0.0, 857.7774326863696], [0.0, 796.8910634503094, 476.8848988407415], [0.0, 0.0, 1.0]], [[1249.9629280788233, 0.0, 825.3768045375984], [0.0, 1249.9629280788233, 462.54816385708756], [0.0, 0.0, 1.0]]], "extrinsics": [[[0.8234238028526306, -0.5672522783279419, -0.014078360050916672, -0.65020751953125], [0.002285558730363846, 0.02812635712325573, -0.9996017813682556, 1.4891481399536133], [0.5674223303794861, 0.8230636715888977, 0.02445639856159687, -1.09429931640625], [0.0, 0.0, 0.0, 1.0]], [[0.01161405723541975, -0.9996421933174133, -0.024096883833408356, 0.013153076171875], [0.004061568062752485, 0.024145472794771194, -0.9997001886367798, 1.481518268585205], [0.9999242424964905, 0.011512741446495056, 0.004340542014688253, -1.3797607421875], [0.0, 0.0, 0.0, 1.0]], [[-0.8434122800827026, -0.5369513034820557, -0.018415693193674088, 0.85797119140625], [0.01189796719700098, 0.015601523220539093, -0.9998074769973755, 1.496330738067627], [0.5371353030204773, -0.8434690237045288, -0.006769886240363121, -1.1258544921875], [0.0, 0.0, 0.0, 1.0]], [[0.9478472471237183, 0.3187094032764435, -0.0031753359362483025, -1.12664794921875], [-0.013813931494951248, 0.031125539913773537, -0.9994200468063354, 1.5617904663085938], [-0.3184257447719574, 0.94734126329422, 0.03390488401055336, -0.16192626953125], [0.0, 0.0, 0.0, 1.0]], [[0.008791929110884666, 0.999688982963562, 0.02334008365869522, -0.029083251953125], [-0.011576557531952858, 0.023441176861524582, -0.9996581673622131, 1.5667285919189453], [-0.999894380569458, 0.008518721908330917, 0.011779050342738628, -0.0687255859375], [0.0, 0.0, 0.0, 1.0]], [[-0.9240657091140747, 0.38217100501060486, 0.006919010076671839, 0.9713134765625], [-0.007236722391098738, 0.0006060663727112114, -0.9999735951423645, 1.5463337898254395], [-0.3821650445461273, -0.9240914583206177, 0.0022056198213249445, -0.11963653564453125], [0.0, 0.0, 0.0, 1.0]]], "view": [[0.0, -2.0, 100.0], [-2.0, 0.0, 100.0], [0.0, 0.0, 1.0]], "bev": "bev_c9d69cf6867a471fa54ecc8a047b08f5.png", "aux": "aux_c9d69cf6867a471fa54ecc8a047b08f5.npz", "visibility": "visibility_c9d69cf6867a471fa54ecc8a047b08f5.png", "pose": [[0.6521638631820679, -0.7580780386924744, 0.0, 888.0743408203125], [0.7580780386924744, 0.6521638631820679, 0.0, 580.9406127929688], [0.0, 0.0, 1.0, 0.0], [0.0, 0.0, 0.0, 1.0]], "pose_inverse": [[0.6521638631820679, 0.7580780386924744, 0.0, -1019.5682983398438], [-0.7580780386924744, 0.6521638631820679, 0.0, 294.3611755371094], [0.0, 0.0, 1.0, 0.0], [0.0, 0.0, 0.0, 1.0]], "cam_ids": [0, 1, 2, 3, 4, 5], "cam_channels": ["CAM_FRONT_LEFT", "CAM_FRONT", "CAM_FRONT_RIGHT", "CAM_BACK_LEFT", "CAM_BACK", "CAM_BACK_RIGHT"], "token": "c9d69cf6867a471fa54ecc8a047b08f5", "scene": "scene-0543"}, {"images": ["samples/CAM_FRONT_LEFT/n008-2018-08-30-15-52-26-0400__CAM_FRONT_LEFT__1535659468004799.jpg", "samples/CAM_FRONT/n008-2018-08-30-15-52-26-0400__CAM_FRONT__1535659468012404.jpg", "samples/CAM_FRONT_RIGHT/n008-2018-08-30-15-52-26-0400__CAM_FRONT_RIGHT__1535659468020482.jpg", "samples/CAM_BACK_LEFT/n008-2018-08-30-15-52-26-0400__CAM_BACK_LEFT__1535659468047405.jpg", "samples/CAM_BACK/n008-2018-08-30-15-52-26-0400__CAM_BACK__1535659468037558.jpg", "samples/CAM_BACK_RIGHT/n008-2018-08-30-15-52-26-0400__CAM_BACK_RIGHT__1535659468028113.jpg"], "intrinsics": [[[1257.8625342125129, 0.0, 827.2410631095686], [0.0, 1257.8625342125129, 450.915498205774], [0.0, 0.0, 1.0]], [[1252.8131021185304, 0.0, 826.588114781398], [0.0, 1252.8131021185304, 469.9846626224581], [0.0, 0.0, 1.0]], [[1256.7485116440405, 0.0, 817.7887570959712], [0.0, 1256.7485116440403, 451.9541780095127], [0.0, 0.0, 1.0]], [[1254.9860565800168, 0.0, 829.5769333630991], [0.0, 1254.9860565800168, 467.1680561863987], [0.0, 0.0, 1.0]], [[796.8910634503094, 0.0, 857.7774326863696], [0.0, 796.8910634503094, 476.8848988407415], [0.0, 0.0, 1.0]], [[1249.9629280788233, 0.0, 825.3768045375984], [0.0, 1249.9629280788233, 462.54816385708756], [0.0, 0.0, 1.0]]], "extrinsics": [[[0.8231472373008728, -0.5675578117370605, -0.017517678439617157, -0.66827392578125], [0.0068493979051709175, 0.04077252373099327, -0.999144971370697, 1.4910283088684082], [0.567786693572998, 0.8223235011100769, 0.03744921833276749, -1.10296630859375], [0.0, 0.0, 0.0, 1.0]], [[0.011044705286622047, -0.9992700815200806, -0.036569587886333466, 0.0098876953125], [0.00869178306311369, 0.036666374653577805, -0.9992898106575012, 1.483068823814392], [0.999901294708252, 0.010718964971601963, 0.009090406820178032, -1.3975830078125], [0.0, 0.0, 0.0, 1.0]], [[-0.8436855673789978, -0.5360530018806458, -0.02901577204465866, 0.86920166015625], [0.01659221202135086, 0.027985669672489166, -0.999470591545105, 1.4974217414855957], [0.5365811586380005, -0.8437203764915466, -0.014716800302267075, -1.136474609375], [0.0, 0.0, 0.0, 1.0]], [[0.9478404521942139, 0.3187071681022644, 0.004929644055664539, -1.12841796875], [-0.00926496833562851, 0.04300682619214058, -0.9990318417549133, 1.5618896484375], [-0.31861063838005066, 0.9468770623207092, 0.043716415762901306, -0.16131591796875], [0.0, 0.0, 0.0, 1.0]], [[0.008913270197808743, 0.9993304014205933, 0.0354856438934803, -0.0279541015625], [-0.006940257269889116, 0.03554802015423775, -0.9993438720703125, 1.56732177734375], [-0.9999362230300903, 0.008661112748086452, 0.007252458482980728, -0.06201171875], [0.0, 0.0, 0.0, 1.0]], [[-0.9239028692245483, 0.38255593180656433, 0.00736785726621747, 0.9825439453125], [-0.00262998859398067, 0.012906253337860107, -0.9999132752418518, 1.5473031997680664], [-0.3826178312301636, -0.9238422513008118, -0.010918007232248783, -0.1172332763671875], [0.0, 0.0, 0.0, 1.0]]], "view": [[0.0, -2.0, 100.0], [-2.0, 0.0, 100.0], [0.0, 0.0, 1.0]], "bev": "bev_d54d66400f6647538b85aa68b62e7dd3.png", "aux": "aux_d54d66400f6647538b85aa68b62e7dd3.npz", "visibility": "visibility_d54d66400f6647538b85aa68b62e7dd3.png", "pose": [[0.6648592948913574, -0.7469686269760132, 0.0, 891.218994140625], [0.7469686269760132, 0.6648592948913574, 0.0, 584.487548828125], [0.0, 0.0, 1.0, 0.0], [0.0, 0.0, 0.0, 1.0]], "pose_inverse": [[0.6648592948913574, 0.7469686269760132, 0.0, -1029.1290283203125], [-0.7469686269760132, 0.6648592948913574, 0.0, 277.11065673828125], [0.0, 0.0, 1.0, 0.0], [0.0, 0.0, 0.0, 1.0]], "cam_ids": [0, 1, 2, 3, 4, 5], "cam_channels": ["CAM_FRONT_LEFT", "CAM_FRONT", "CAM_FRONT_RIGHT", "CAM_BACK_LEFT", "CAM_BACK", "CAM_BACK_RIGHT"], "token": "d54d66400f6647538b85aa68b62e7dd3", "scene": "scene-0543"}, {"images": ["samples/CAM_FRONT_LEFT/n008-2018-08-30-15-52-26-0400__CAM_FRONT_LEFT__1535659468504799.jpg", "samples/CAM_FRONT/n008-2018-08-30-15-52-26-0400__CAM_FRONT__1535659468512404.jpg", "samples/CAM_FRONT_RIGHT/n008-2018-08-30-15-52-26-0400__CAM_FRONT_RIGHT__1535659468520482.jpg", "samples/CAM_BACK_LEFT/n008-2018-08-30-15-52-26-0400__CAM_BACK_LEFT__1535659468547405.jpg", "samples/CAM_BACK/n008-2018-08-30-15-52-26-0400__CAM_BACK__1535659468537558.jpg", "samples/CAM_BACK_RIGHT/n008-2018-08-30-15-52-26-0400__CAM_BACK_RIGHT__1535659468528113.jpg"], "intrinsics": [[[1257.8625342125129, 0.0, 827.2410631095686], [0.0, 1257.8625342125129, 450.915498205774], [0.0, 0.0, 1.0]], [[1252.8131021185304, 0.0, 826.588114781398], [0.0, 1252.8131021185304, 469.9846626224581], [0.0, 0.0, 1.0]], [[1256.7485116440405, 0.0, 817.7887570959712], [0.0, 1256.7485116440403, 451.9541780095127], [0.0, 0.0, 1.0]], [[1254.9860565800168, 0.0, 829.5769333630991], [0.0, 1254.9860565800168, 467.1680561863987], [0.0, 0.0, 1.0]], [[796.8910634503094, 0.0, 857.7774326863696], [0.0, 796.8910634503094, 476.8848988407415], [0.0, 0.0, 1.0]], [[1249.9629280788233, 0.0, 825.3768045375984], [0.0, 1249.9629280788233, 462.54816385708756], [0.0, 0.0, 1.0]]], "extrinsics": [[[0.8229652047157288, -0.5679647326469421, -0.01201501302421093, -0.658935546875], [0.010384377092123032, 0.036186184734106064, -0.9992910623550415, 1.4926109313964844], [0.5679969191551208, 0.8222570419311523, 0.03567792847752571, -1.0958251953125], [0.0, 0.0, 0.0, 1.0]], [[0.010955563746392727, -0.9994299411773682, -0.03193400427699089, 0.010406494140625], [0.012636411935091019, 0.03207175061106682, -0.9994056820869446, 1.4845409393310547], [0.9998601078987122, 0.010545494966208935, 0.012980571016669273, -1.3857421875], [0.0, 0.0, 0.0, 1.0]], [[-0.8436018228530884, -0.5361167788505554, -0.030245110392570496, 0.86016845703125], [0.020975371822714806, 0.023381706327199936, -0.9995065331459045, 1.4987945556640625], [0.5365594029426575, -0.8438199758529663, -0.00847960077226162, -1.12969970703125], [0.0, 0.0, 0.0, 1.0]], [[0.9478392601013184, 0.3186323642730713, 0.008616778068244457, -1.124267578125], [-0.003861950943246484, 0.03851093351840973, -0.9992507100105286, 1.561960220336914], [-0.31872546672821045, 0.9470958113670349, 0.03773271292448044, -0.1627197265625], [0.0, 0.0, 0.0, 1.0]], [[0.008847770281136036, 0.9994809627532959, 0.030979007482528687, -0.0283203125], [-0.0019862765911966562, 0.03099772334098816, -0.9995174407958984, 1.5678224563598633], [-0.9999589323997498, 0.008781971409916878, 0.0022595063783228397, -0.0689697265625], [0.0, 0.0, 0.0, 1.0]], [[-0.9238880276679993, 0.38266071677207947, 0.00128676847089082, 0.9736328125], [0.002049775328487158, 0.00831149984151125, -0.9999633431434631, 1.548220157623291], [-0.38265731930732727, -0.9238516092300415, -0.008463263511657715, -0.1203155517578125], [0.0, 0.0, 0.0, 1.0]]], "view": [[0.0, -2.0, 100.0], [-2.0, 0.0, 100.0], [0.0, 0.0, 1.0]], "bev": "bev_6ef59ea4f03c43828715154592f647ff.png", "aux": "aux_6ef59ea4f03c43828715154592f647ff.npz", "visibility": "visibility_6ef59ea4f03c43828715154592f647ff.png", "pose": [[0.6753158569335938, -0.7375286817550659, 0.0, 894.350830078125], [0.7375286817550659, 0.6753158569335938, 0.0, 587.9127807617188], [0.0, 0.0, 1.0, 0.0], [0.0, 0.0, 0.0, 1.0]], "pose_inverse": [[0.6753158569335938, 0.7375286817550659, 0.0, -1037.57177734375], [-0.7375286817550659, 0.6753158569335938, 0.0, 262.5825500488281], [0.0, 0.0, 1.0, 0.0], [0.0, 0.0, 0.0, 1.0]], "cam_ids": [0, 1, 2, 3, 4, 5], "cam_channels": ["CAM_FRONT_LEFT", "CAM_FRONT", "CAM_FRONT_RIGHT", "CAM_BACK_LEFT", "CAM_BACK", "CAM_BACK_RIGHT"], "token": "6ef59ea4f03c43828715154592f647ff", "scene": "scene-0543"}, {"images": ["samples/CAM_FRONT_LEFT/n008-2018-08-30-15-52-26-0400__CAM_FRONT_LEFT__1535659469004799.jpg", "samples/CAM_FRONT/n008-2018-08-30-15-52-26-0400__CAM_FRONT__1535659469012404.jpg", "samples/CAM_FRONT_RIGHT/n008-2018-08-30-15-52-26-0400__CAM_FRONT_RIGHT__1535659469020482.jpg", "samples/CAM_BACK_LEFT/n008-2018-08-30-15-52-26-0400__CAM_BACK_LEFT__1535659469047409.jpg", "samples/CAM_BACK/n008-2018-08-30-15-52-26-0400__CAM_BACK__1535659469037558.jpg", "samples/CAM_BACK_RIGHT/n008-2018-08-30-15-52-26-0400__CAM_BACK_RIGHT__1535659469028113.jpg"], "intrinsics": [[[1257.8625342125129, 0.0, 827.2410631095686], [0.0, 1257.8625342125129, 450.915498205774], [0.0, 0.0, 1.0]], [[1252.8131021185304, 0.0, 826.588114781398], [0.0, 1252.8131021185304, 469.9846626224581], [0.0, 0.0, 1.0]], [[1256.7485116440405, 0.0, 817.7887570959712], [0.0, 1256.7485116440403, 451.9541780095127], [0.0, 0.0, 1.0]], [[1254.9860565800168, 0.0, 829.5769333630991], [0.0, 1254.9860565800168, 467.1680561863987], [0.0, 0.0, 1.0]], [[796.8910634503094, 0.0, 857.7774326863696], [0.0, 796.8910634503094, 476.8848988407415], [0.0, 0.0, 1.0]], [[1249.9629280788233, 0.0, 825.3768045375984], [0.0, 1249.9629280788233, 462.54816385708756], [0.0, 0.0, 1.0]]], "extrinsics": [[[0.8229677677154541, -0.5679172873497009, -0.013925555162131786, -0.65582275390625], [0.007409433834254742, 0.03524148464202881, -0.9993513822555542, 1.4913750886917114], [0.5680396556854248, 0.8223308324813843, 0.03321055322885513, -1.09423828125], [0.0, 0.0, 0.0, 1.0]], [[0.010899549350142479, -0.9994601607322693, -0.03099067136645317, 0.010528564453125], [0.009284532628953457, 0.03109232895076275, -0.9994734525680542, 1.4833890199661255], [0.9998974204063416, 0.010606057941913605, 0.009618413634598255, -1.3831787109375], [0.0, 0.0, 0.0, 1.0]], [[-0.8436914086341858, -0.5361723899841309, -0.026533151045441628, 0.8585205078125], [0.01722279004752636, 0.022365672513842583, -0.9996014833450317, 1.497797966003418], [0.5365521311759949, -0.8438122272491455, -0.00963534228503704, -1.1285400390625], [0.0, 0.0, 0.0, 1.0]], [[0.9478500485420227, 0.3186910152435303, 0.00404352555051446, -1.120849609375], [-0.008306503295898438, 0.0373837910592556, -0.9992664456367493, 1.5618419647216797], [-0.3186084032058716, 0.9471212029457092, 0.03808143734931946, -0.16375732421875], [0.0, 0.0, 0.0, 1.0]], [[0.008938361890614033, 0.9995140433311462, 0.029862603172659874, -0.0282745361328125], [-0.006148472428321838, 0.029918164014816284, -0.9995334148406982, 1.5673322677612305], [-0.9999411106109619, 0.00875056628137827, 0.006412905640900135, -0.0718994140625], [0.0, 0.0, 0.0, 1.0]], [[-0.9238895773887634, 0.38263270258903503, 0.004490314517170191, 0.9713134765625], [-0.0018577550072222948, 0.007249321788549423, -0.9999719858169556, 1.5474257469177246], [-0.3826545178890228, -0.9238721132278442, -0.005986735224723816, -0.1211090087890625], [0.0, 0.0, 0.0, 1.0]]], "view": [[0.0, -2.0, 100.0], [-2.0, 0.0, 100.0], [0.0, 0.0, 1.0]], "bev": "bev_fb051680d0884cb5a201ac247253a878.png", "aux": "aux_fb051680d0884cb5a201ac247253a878.npz", "visibility": "visibility_fb051680d0884cb5a201ac247253a878.png", "pose": [[0.6834786534309387, -0.7299705147743225, 0.0, 897.5477294921875], [0.7299705147743225, 0.6834786534309387, 0.0, 591.32080078125], [0.0, 0.0, 1.0, 0.0], [0.0, 0.0, 0.0, 1.0]], "pose_inverse": [[0.6834786534309387, 0.7299705147743225, 0.0, -1045.1014404296875], [-0.7299705147743225, 0.6834786534309387, 0.0, 251.02822875976562], [0.0, 0.0, 1.0, 0.0], [0.0, 0.0, 0.0, 1.0]], "cam_ids": [0, 1, 2, 3, 4, 5], "cam_channels": ["CAM_FRONT_LEFT", "CAM_FRONT", "CAM_FRONT_RIGHT", "CAM_BACK_LEFT", "CAM_BACK", "CAM_BACK_RIGHT"], "token": "fb051680d0884cb5a201ac247253a878", "scene": "scene-0543"}, {"images": ["samples/CAM_FRONT_LEFT/n008-2018-08-30-15-52-26-0400__CAM_FRONT_LEFT__1535659469504799.jpg", "samples/CAM_FRONT/n008-2018-08-30-15-52-26-0400__CAM_FRONT__1535659469512404.jpg", "samples/CAM_FRONT_RIGHT/n008-2018-08-30-15-52-26-0400__CAM_FRONT_RIGHT__1535659469520482.jpg", "samples/CAM_BACK_LEFT/n008-2018-08-30-15-52-26-0400__CAM_BACK_LEFT__1535659469547405.jpg", "samples/CAM_BACK/n008-2018-08-30-15-52-26-0400__CAM_BACK__1535659469537558.jpg", "samples/CAM_BACK_RIGHT/n008-2018-08-30-15-52-26-0400__CAM_BACK_RIGHT__1535659469528113.jpg"], "intrinsics": [[[1257.8625342125129, 0.0, 827.2410631095686], [0.0, 1257.8625342125129, 450.915498205774], [0.0, 0.0, 1.0]], [[1252.8131021185304, 0.0, 826.588114781398], [0.0, 1252.8131021185304, 469.9846626224581], [0.0, 0.0, 1.0]], [[1256.7485116440405, 0.0, 817.7887570959712], [0.0, 1256.7485116440403, 451.9541780095127], [0.0, 0.0, 1.0]], [[1254.9860565800168, 0.0, 829.5769333630991], [0.0, 1254.9860565800168, 467.1680561863987], [0.0, 0.0, 1.0]], [[796.8910634503094, 0.0, 857.7774326863696], [0.0, 796.8910634503094, 476.8848988407415], [0.0, 0.0, 1.0]], [[1249.9629280788233, 0.0, 825.3768045375984], [0.0, 1249.9629280788233, 462.54816385708756], [0.0, 0.0, 1.0]]], "extrinsics": [[[0.8223562836647034, -0.568497359752655, -0.023258712142705917, -0.67816162109375], [-0.0016104031819850206, 0.038552626967430115, -0.9992552399635315, 1.4875574111938477], [0.5689706802368164, 0.8217812180519104, 0.0307884830981493, -1.110321044921875], [0.0, 0.0, 0.0, 1.0]], [[0.009983936324715614, -0.9993529319763184, -0.03455442190170288, 0.01104736328125], [0.0003327786107547581, 0.034559465944767, -0.9994025826454163, 1.4801912307739258], [0.9999500513076782, 0.009966453537344933, 0.0006776035879738629, -1.4058837890625], [0.0, 0.0, 0.0, 1.0]], [[-0.8441473841667175, -0.5357006192207336, -0.020976625382900238, 0.873779296875], [0.008342625573277473, 0.0259966142475605, -0.9996271729469299, 1.495172142982483], [0.5360462665557861, -0.8440077304840088, -0.017475826665759087, -1.1373291015625], [0.0, 0.0, 0.0, 1.0]], [[0.9478213787078857, 0.3187895119190216, -0.002789207734167576, -1.118896484375], [-0.016890188679099083, 0.04147712513804436, -0.9989966750144958, 1.56158447265625], [-0.3183540403842926, 0.9469175338745117, 0.04469732195138931, -0.1646728515625], [0.0, 0.0, 0.0, 1.0]], [[0.009349292144179344, 0.9993875026702881, 0.03372190520167351, -0.028717041015625], [-0.014827987179160118, 0.03385822847485542, -0.9993165731430054, 1.566385269165039], [-0.9998463988304138, 0.00884286779910326, 0.015135455876588821, -0.0667724609375], [0.0, 0.0, 0.0, 1.0]], [[-0.9236873388290405, 0.3828863799571991, 0.014129690825939178, 0.9822998046875], [-0.01071392372250557, 0.011052099987864494, -0.9998815059661865, 1.5457334518432617], [-0.3829971253871918, -0.9237293004989624, -0.00610646978020668, -0.115875244140625], [0.0, 0.0, 0.0, 1.0]]], "view": [[0.0, -2.0, 100.0], [-2.0, 0.0, 100.0], [0.0, 0.0, 1.0]], "bev": "bev_75edc2ed982b4a4bba092710ba6777d7.png", "aux": "aux_75edc2ed982b4a4bba092710ba6777d7.npz", "visibility": "visibility_75edc2ed982b4a4bba092710ba6777d7.png", "pose": [[0.6850081086158752, -0.7285354137420654, 0.0, 900.687255859375], [0.7285354137420654, 0.6850081086158752, 0.0, 594.6139526367188], [0.0, 0.0, 1.0, 0.0], [0.0, 0.0, 0.0, 1.0]], "pose_inverse": [[0.6850081086158752, 0.7285354137420654, 0.0, -1050.1754150390625], [-0.7285354137420654, 0.6850081086158752, 0.0, 248.86717224121094], [0.0, 0.0, 1.0, 0.0], [0.0, 0.0, 0.0, 1.0]], "cam_ids": [0, 1, 2, 3, 4, 5], "cam_channels": ["CAM_FRONT_LEFT", "CAM_FRONT", "CAM_FRONT_RIGHT", "CAM_BACK_LEFT", "CAM_BACK", "CAM_BACK_RIGHT"], "token": "75edc2ed982b4a4bba092710ba6777d7", "scene": "scene-0543"}, {"images": ["samples/CAM_FRONT_LEFT/n008-2018-08-30-15-52-26-0400__CAM_FRONT_LEFT__1535659470004799.jpg", "samples/CAM_FRONT/n008-2018-08-30-15-52-26-0400__CAM_FRONT__1535659470012404.jpg", "samples/CAM_FRONT_RIGHT/n008-2018-08-30-15-52-26-0400__CAM_FRONT_RIGHT__1535659470020482.jpg", "samples/CAM_BACK_LEFT/n008-2018-08-30-15-52-26-0400__CAM_BACK_LEFT__1535659470047405.jpg", "samples/CAM_BACK/n008-2018-08-30-15-52-26-0400__CAM_BACK__1535659470037558.jpg", "samples/CAM_BACK_RIGHT/n008-2018-08-30-15-52-26-0400__CAM_BACK_RIGHT__1535659470028113.jpg"], "intrinsics": [[[1257.8625342125129, 0.0, 827.2410631095686], [0.0, 1257.8625342125129, 450.915498205774], [0.0, 0.0, 1.0]], [[1252.8131021185304, 0.0, 826.588114781398], [0.0, 1252.8131021185304, 469.9846626224581], [0.0, 0.0, 1.0]], [[1256.7485116440405, 0.0, 817.7887570959712], [0.0, 1256.7485116440403, 451.9541780095127], [0.0, 0.0, 1.0]], [[1254.9860565800168, 0.0, 829.5769333630991], [0.0, 1254.9860565800168, 467.1680561863987], [0.0, 0.0, 1.0]], [[796.8910634503094, 0.0, 857.7774326863696], [0.0, 796.8910634503094, 476.8848988407415], [0.0, 0.0, 1.0]], [[1249.9629280788233, 0.0, 825.3768045375984], [0.0, 1249.9629280788233, 462.54816385708756], [0.0, 0.0, 1.0]]], "extrinsics": [[[0.8219205141067505, -0.5691821575164795, -0.0218733549118042, -0.72216796875], [0.0022065977100282907, 0.04158252850174904, -0.9991326332092285, 1.4888715744018555], [0.5695979595184326, 0.8211593627929688, 0.035433489829301834, -1.142486572265625], [0.0, 0.0, 0.0, 1.0]], [[0.009297334589064121, -0.999259352684021, -0.03733893856406212, 0.011566162109375], [0.004139352589845657, 0.037378691136837006, -0.9992926120758057, 1.4812088012695312], [0.9999481439590454, 0.009136110544204712, 0.004483809694647789, -1.4503173828125], [0.0, 0.0, 0.0, 1.0]], [[-0.8444352746009827, -0.5350475311279297, -0.025556160137057304, 0.90289306640625], [0.012135476805269718, 0.02858850173652172, -0.999517560005188, 1.495710849761963], [0.5355200171470642, -0.844338059425354, -0.017648085951805115, -1.15521240234375], [0.0, 0.0, 0.0, 1.0]], [[0.9478369355201721, 0.3187529444694519, 0.001317253103479743, -1.12310791015625], [-0.013206591829657555, 0.04339910298585892, -0.9989705085754395, 1.5617351531982422], [-0.31848201155662537, 0.946843683719635, 0.04534491151571274, -0.16351318359375], [0.0, 0.0, 0.0, 1.0]], [[0.009528206661343575, 0.9993091225624084, 0.03592304885387421, -0.02923583984375], [-0.011112624779343605, 0.03602828085422516, -0.9992889761924744, 1.5669517517089844], [-0.9998928308486938, 0.00912216305732727, 0.011448233388364315, -0.0513916015625], [0.0, 0.0, 0.0, 1.0]], [[-0.9235349297523499, 0.3833414316177368, 0.01151399314403534, 1.0057373046875], [-0.006885092239826918, 0.013445081189274788, -0.9998859167098999, 1.5466337203979492], [-0.38345250487327576, -0.923508882522583, -0.009777662344276905, -0.1056671142578125], [0.0, 0.0, 0.0, 1.0]]], "view": [[0.0, -2.0, 100.0], [-2.0, 0.0, 100.0], [0.0, 0.0, 1.0]], "bev": "bev_d3521c691b53436cb1e46306230b326d.png", "aux": "aux_d3521c691b53436cb1e46306230b326d.npz", "visibility": "visibility_d3521c691b53436cb1e46306230b326d.png", "pose": [[0.6798447370529175, -0.7333560585975647, 0.0, 903.4721069335938], [0.7333560585975647, 0.6798447370529175, 0.0, 597.5537109375], [0.0, 0.0, 1.0, 0.0], [0.0, 0.0, 0.0, 1.0]], "pose_inverse": [[0.6798447370529175, 0.7333560585975647, 0.0, -1052.4404296875], [-0.7333560585975647, 0.6798447370529175, 0.0, 256.322998046875], [0.0, 0.0, 1.0, 0.0], [0.0, 0.0, 0.0, 1.0]], "cam_ids": [0, 1, 2, 3, 4, 5], "cam_channels": ["CAM_FRONT_LEFT", "CAM_FRONT", "CAM_FRONT_RIGHT", "CAM_BACK_LEFT", "CAM_BACK", "CAM_BACK_RIGHT"], "token": "d3521c691b53436cb1e46306230b326d", "scene": "scene-0543"}, {"images": ["samples/CAM_FRONT_LEFT/n008-2018-08-30-15-52-26-0400__CAM_FRONT_LEFT__1535659470504799.jpg", "samples/CAM_FRONT/n008-2018-08-30-15-52-26-0400__CAM_FRONT__1535659470512404.jpg", "samples/CAM_FRONT_RIGHT/n008-2018-08-30-15-52-26-0400__CAM_FRONT_RIGHT__1535659470520482.jpg", "samples/CAM_BACK_LEFT/n008-2018-08-30-15-52-26-0400__CAM_BACK_LEFT__1535659470547405.jpg", "samples/CAM_BACK/n008-2018-08-30-15-52-26-0400__CAM_BACK__1535659470537558.jpg", "samples/CAM_BACK_RIGHT/n008-2018-08-30-15-52-26-0400__CAM_BACK_RIGHT__1535659470528113.jpg"], "intrinsics": [[[1257.8625342125129, 0.0, 827.2410631095686], [0.0, 1257.8625342125129, 450.915498205774], [0.0, 0.0, 1.0]], [[1252.8131021185304, 0.0, 826.588114781398], [0.0, 1252.8131021185304, 469.9846626224581], [0.0, 0.0, 1.0]], [[1256.7485116440405, 0.0, 817.7887570959712], [0.0, 1256.7485116440403, 451.9541780095127], [0.0, 0.0, 1.0]], [[1254.9860565800168, 0.0, 829.5769333630991], [0.0, 1254.9860565800168, 467.1680561863987], [0.0, 0.0, 1.0]], [[796.8910634503094, 0.0, 857.7774326863696], [0.0, 796.8910634503094, 476.8848988407415], [0.0, 0.0, 1.0]], [[1249.9629280788233, 0.0, 825.3768045375984], [0.0, 1249.9629280788233, 462.54816385708756], [0.0, 0.0, 1.0]]], "extrinsics": [[[0.8213663101196289, -0.5700066089630127, -0.021210400387644768, -0.7545166015625], [8.453537884633988e-05, 0.037306707352399826, -0.9993038773536682, 1.4882621765136719], [0.5704010725021362, 0.8207927346229553, 0.03069065883755684, -1.161285400390625], [0.0, 0.0, 0.0, 1.0]], [[0.008551027625799179, -0.9994173645973206, -0.03304092586040497, 0.008758544921875], [0.0019790942315012217, 0.03305898606777191, -0.9994514584541321, 1.4806222915649414], [0.9999614953994751, 0.008481061086058617, 0.002260632812976837, -1.4815673828125], [0.0, 0.0, 0.0, 1.0]], [[-0.8447371125221252, -0.5347554087638855, -0.021351998671889305, 0.923095703125], [0.009935587644577026, 0.024219898506999016, -0.9996572136878967, 1.495025873184204], [0.5350892543792725, -0.8446597456932068, -0.015146339312195778, -1.17022705078125], [0.0, 0.0, 0.0, 1.0]], [[0.9479684233665466, 0.31835585832595825, -0.002351620001718402, -1.12542724609375], [-0.015573007985949516, 0.038991495966911316, -0.9991181492805481, 1.561758041381836], [-0.317983478307724, 0.9471690654754639, 0.041920457035303116, -0.161865234375], [0.0, 0.0, 0.0, 1.0]], [[0.009813963435590267, 0.9994562864303589, 0.03147915378212929, -0.028472900390625], [-0.013404976576566696, 0.03160933777689934, -0.9994103312492371, 1.566915512084961], [-0.9998620748519897, 0.009386143647134304, 0.01370790135115385, -0.040283203125], [0.0, 0.0, 0.0, 1.0]], [[-0.9233731031417847, 0.38371768593788147, 0.011953900568187237, 1.0238037109375], [-0.00918780267238617, 0.009040861390531063, -0.9999169111251831, 1.5464468002319336], [-0.38379383087158203, -0.9234062433242798, -0.004822565708309412, -0.09979248046875], [0.0, 0.0, 0.0, 1.0]]], "view": [[0.0, -2.0, 100.0], [-2.0, 0.0, 100.0], [0.0, 0.0, 1.0]], "bev": "bev_27db48850d6c4ab6a960b4bcd0104ed4.png", "aux": "aux_27db48850d6c4ab6a960b4bcd0104ed4.npz", "visibility": "visibility_27db48850d6c4ab6a960b4bcd0104ed4.png", "pose": [[0.6669149994850159, -0.7451338171958923, 0.0, 905.86083984375], [0.7451338171958923, 0.6669149994850159, 0.0, 600.1315307617188], [0.0, 0.0, 1.0, 0.0], [0.0, 0.0, 0.0, 1.0]], "pose_inverse": [[0.6669149994850159, 0.7451338171958923, 0.0, -1051.3104248046875], [-0.7451338171958923, 0.6669149994850159, 0.0, 274.7508544921875], [0.0, 0.0, 1.0, 0.0], [0.0, 0.0, 0.0, 1.0]], "cam_ids": [0, 1, 2, 3, 4, 5], "cam_channels": ["CAM_FRONT_LEFT", "CAM_FRONT", "CAM_FRONT_RIGHT", "CAM_BACK_LEFT", "CAM_BACK", "CAM_BACK_RIGHT"], "token": "27db48850d6c4ab6a960b4bcd0104ed4", "scene": "scene-0543"}, {"images": ["samples/CAM_FRONT_LEFT/n008-2018-08-30-15-52-26-0400__CAM_FRONT_LEFT__1535659470904799.jpg", "samples/CAM_FRONT/n008-2018-08-30-15-52-26-0400__CAM_FRONT__1535659470912404.jpg", "samples/CAM_FRONT_RIGHT/n008-2018-08-30-15-52-26-0400__CAM_FRONT_RIGHT__1535659470921721.jpg", "samples/CAM_BACK_LEFT/n008-2018-08-30-15-52-26-0400__CAM_BACK_LEFT__1535659470947405.jpg", "samples/CAM_BACK/n008-2018-08-30-15-52-26-0400__CAM_BACK__1535659470937558.jpg", "samples/CAM_BACK_RIGHT/n008-2018-08-30-15-52-26-0400__CAM_BACK_RIGHT__1535659470928113.jpg"], "intrinsics": [[[1257.8625342125129, 0.0, 827.2410631095686], [0.0, 1257.8625342125129, 450.915498205774], [0.0, 0.0, 1.0]], [[1252.8131021185304, 0.0, 826.588114781398], [0.0, 1252.8131021185304, 469.9846626224581], [0.0, 0.0, 1.0]], [[1256.7485116440405, 0.0, 817.7887570959712], [0.0, 1256.7485116440403, 451.9541780095127], [0.0, 0.0, 1.0]], [[1254.9860565800168, 0.0, 829.5769333630991], [0.0, 1254.9860565800168, 467.1680561863987], [0.0, 0.0, 1.0]], [[796.8910634503094, 0.0, 857.7774326863696], [0.0, 796.8910634503094, 476.8848988407415], [0.0, 0.0, 1.0]], [[1249.9629280788233, 0.0, 825.3768045375984], [0.0, 1249.9629280788233, 462.54816385708756], [0.0, 0.0, 1.0]]], "extrinsics": [[[0.8216885328292847, -0.5695976614952087, -0.019661368802189827, -0.75537109375], [-0.0010294693056493998, 0.033014070242643356, -0.9994543194770813, 1.487900733947754], [0.5699359178543091, 0.821260392665863, 0.02654089778661728, -1.16326904296875], [0.0, 0.0, 0.0, 1.0]], [[0.009027007967233658, -0.9995429515838623, -0.028854504227638245, 0.009735107421875], [0.0009482988971285522, 0.02886422537267208, -0.9995828866958618, 1.4803447723388672], [0.9999587535858154, 0.00899587944149971, 0.0012084218906238675, -1.4833984375], [0.0, 0.0, 0.0, 1.0]], [[-0.8445199728012085, -0.5352086424827576, -0.0183761827647686, 0.9317626953125], [0.008999146521091461, 0.020126277580857277, -0.999756932258606, 1.4947421550750732], [0.535448431968689, -0.8444801568984985, -0.012180624529719353, -1.1749267578125], [0.0, 0.0, 0.0, 1.0]], [[0.9478475451469421, 0.31869804859161377, -0.004066577646881342, -1.127685546875], [-0.016112878918647766, 0.03517128899693489, -0.9992514252662659, 1.5617542266845703], [-0.3183164894580841, 0.9472035765647888, 0.038472164422273636, -0.16192626953125], [0.0, 0.0, 0.0, 1.0]], [[0.009670305997133255, 0.99957275390625, 0.02758232317864895, -0.02886962890625], [-0.014117383398115635, 0.027717337012290955, -0.9995160698890686, 1.5668659210205078], [-0.9998536705970764, 0.009276284836232662, 0.014379387721419334, -0.0386962890625], [0.0, 0.0, 0.0, 1.0]], [[-0.9234777688980103, 0.38348937034606934, 0.011165671981871128, 1.02490234375], [-0.009994283318519592, 0.005047010723501444, -0.9999372959136963, 1.5463409423828125], [-0.3835216462612152, -0.9235314726829529, -0.0008280996116809547, -0.0986175537109375], [0.0, 0.0, 0.0, 1.0]]], "view": [[0.0, -2.0, 100.0], [-2.0, 0.0, 100.0], [0.0, 0.0, 1.0]], "bev": "bev_0103941128774a7aaabc730cc964bf9b.png", "aux": "aux_0103941128774a7aaabc730cc964bf9b.npz", "visibility": "visibility_0103941128774a7aaabc730cc964bf9b.png", "pose": [[0.6578723192214966, -0.7531294822692871, 0.0, 907.6597900390625], [0.7531294822692871, 0.6578723192214966, 0.0, 602.1304931640625], [0.0, 0.0, 1.0, 0.0], [0.0, 0.0, 0.0, 1.0]], "pose_inverse": [[0.6578723192214966, 0.7531294822692871, 0.0, -1050.6064453125], [-0.7531294822692871, 0.6578723192214966, 0.0, 287.46038818359375], [0.0, 0.0, 1.0, 0.0], [0.0, 0.0, 0.0, 1.0]], "cam_ids": [0, 1, 2, 3, 4, 5], "cam_channels": ["CAM_FRONT_LEFT", "CAM_FRONT", "CAM_FRONT_RIGHT", "CAM_BACK_LEFT", "CAM_BACK", "CAM_BACK_RIGHT"], "token": "0103941128774a7aaabc730cc964bf9b", "scene": "scene-0543"}, {"images": ["samples/CAM_FRONT_LEFT/n008-2018-08-30-15-52-26-0400__CAM_FRONT_LEFT__1535659471404799.jpg", "samples/CAM_FRONT/n008-2018-08-30-15-52-26-0400__CAM_FRONT__1535659471412404.jpg", "samples/CAM_FRONT_RIGHT/n008-2018-08-30-15-52-26-0400__CAM_FRONT_RIGHT__1535659471420482.jpg", "samples/CAM_BACK_LEFT/n008-2018-08-30-15-52-26-0400__CAM_BACK_LEFT__1535659471447405.jpg", "samples/CAM_BACK/n008-2018-08-30-15-52-26-0400__CAM_BACK__1535659471437558.jpg", "samples/CAM_BACK_RIGHT/n008-2018-08-30-15-52-26-0400__CAM_BACK_RIGHT__1535659471428113.jpg"], "intrinsics": [[[1257.8625342125129, 0.0, 827.2410631095686], [0.0, 1257.8625342125129, 450.915498205774], [0.0, 0.0, 1.0]], [[1252.8131021185304, 0.0, 826.588114781398], [0.0, 1252.8131021185304, 469.9846626224581], [0.0, 0.0, 1.0]], [[1256.7485116440405, 0.0, 817.7887570959712], [0.0, 1256.7485116440403, 451.9541780095127], [0.0, 0.0, 1.0]], [[1254.9860565800168, 0.0, 829.5769333630991], [0.0, 1254.9860565800168, 467.1680561863987], [0.0, 0.0, 1.0]], [[796.8910634503094, 0.0, 857.7774326863696], [0.0, 796.8910634503094, 476.8848988407415], [0.0, 0.0, 1.0]], [[1249.9629280788233, 0.0, 825.3768045375984], [0.0, 1249.9629280788233, 462.54816385708756], [0.0, 0.0, 1.0]]], "extrinsics": [[[0.8218636512756348, -0.5695276856422424, -0.013350743800401688, -0.7833251953125], [0.005208968184888363, 0.030947096645832062, -0.9995074272155762, 1.4896240234375], [0.5696603655815125, 0.821389377117157, 0.028400946408510208, -1.18243408203125], [0.0, 0.0, 0.0, 1.0]], [[0.009331745095551014, -0.9995974898338318, -0.02679058350622654, 0.009552001953125], [0.007225818932056427, 0.026858458295464516, -0.9996131658554077, 1.4817113876342773], [0.9999303817749023, 0.009134560823440552, 0.007473547477275133, -1.5130615234375], [0.0, 0.0, 0.0, 1.0]], [[-0.8443456888198853, -0.5353187322616577, -0.022674445062875748, 0.94586181640625], [0.015313834883272648, 0.018190771341323853, -0.9997172355651855, 1.495680809020996], [0.5355798602104187, -0.8444541692733765, -0.007161518093198538, -1.183349609375], [0.0, 0.0, 0.0, 1.0]], [[0.9478557705879211, 0.3186960220336914, 0.0014717602171003819, -1.13323974609375], [-0.009730720892548561, 0.03355605527758598, -0.9993894696235657, 1.5619163513183594], [-0.31855085492134094, 0.9472628235816956, 0.034907445311546326, -0.16015625], [0.0, 0.0, 0.0, 1.0]], [[0.009462854824960232, 0.9996208548545837, 0.025857260450720787, -0.029144287109375], [-0.007721337489783764, 0.02593069151043892, -0.9996339082717896, 1.5674915313720703], [-0.999925434589386, 0.009259683080017567, 0.007963787764310837, -0.0262451171875], [0.0, 0.0, 0.0, 1.0]], [[-0.9235591292381287, 0.38342830538749695, 0.004599489271640778, 1.0426025390625], [-0.003663893323391676, 0.0031703785061836243, -0.9999882578849792, 1.5473408699035645], [-0.383438378572464, -0.9235652685165405, -0.0015231916913762689, -0.0909576416015625], [0.0, 0.0, 0.0, 1.0]]], "view": [[0.0, -2.0, 100.0], [-2.0, 0.0, 100.0], [0.0, 0.0, 1.0]], "bev": "bev_84bb5ea0cbe54e049d57128e47ef0218.png", "aux": "aux_84bb5ea0cbe54e049d57128e47ef0218.npz", "visibility": "visibility_84bb5ea0cbe54e049d57128e47ef0218.png", "pose": [[0.643234133720398, -0.7656695246696472, 0.0, 909.7406005859375], [0.7656695246696472, 0.643234133720398, 0.0, 604.5361938476562], [0.0, 0.0, 1.0, 0.0], [0.0, 0.0, 0.0, 1.0]], "pose_inverse": [[0.643234133720398, 0.7656695246696472, 0.0, -1048.0511474609375], [-0.7656695246696472, 0.643234133720398, 0.0, 307.7023620605469], [0.0, 0.0, 1.0, 0.0], [0.0, 0.0, 0.0, 1.0]], "cam_ids": [0, 1, 2, 3, 4, 5], "cam_channels": ["CAM_FRONT_LEFT", "CAM_FRONT", "CAM_FRONT_RIGHT", "CAM_BACK_LEFT", "CAM_BACK", "CAM_BACK_RIGHT"], "token": "84bb5ea0cbe54e049d57128e47ef0218", "scene": "scene-0543"}, {"images": ["samples/CAM_FRONT_LEFT/n008-2018-08-30-15-52-26-0400__CAM_FRONT_LEFT__1535659471904799.jpg", "samples/CAM_FRONT/n008-2018-08-30-15-52-26-0400__CAM_FRONT__1535659471912404.jpg", "samples/CAM_FRONT_RIGHT/n008-2018-08-30-15-52-26-0400__CAM_FRONT_RIGHT__1535659471920482.jpg", "samples/CAM_BACK_LEFT/n008-2018-08-30-15-52-26-0400__CAM_BACK_LEFT__1535659471947405.jpg", "samples/CAM_BACK/n008-2018-08-30-15-52-26-0400__CAM_BACK__1535659471937558.jpg", "samples/CAM_BACK_RIGHT/n008-2018-08-30-15-52-26-0400__CAM_BACK_RIGHT__1535659471928113.jpg"], "intrinsics": [[[1257.8625342125129, 0.0, 827.2410631095686], [0.0, 1257.8625342125129, 450.915498205774], [0.0, 0.0, 1.0]], [[1252.8131021185304, 0.0, 826.588114781398], [0.0, 1252.8131021185304, 469.9846626224581], [0.0, 0.0, 1.0]], [[1256.7485116440405, 0.0, 817.7887570959712], [0.0, 1256.7485116440403, 451.9541780095127], [0.0, 0.0, 1.0]], [[1254.9860565800168, 0.0, 829.5769333630991], [0.0, 1254.9860565800168, 467.1680561863987], [0.0, 0.0, 1.0]], [[796.8910634503094, 0.0, 857.7774326863696], [0.0, 796.8910634503094, 476.8848988407415], [0.0, 0.0, 1.0]], [[1249.9629280788233, 0.0, 825.3768045375984], [0.0, 1249.9629280788233, 462.54816385708756], [0.0, 0.0, 1.0]]], "extrinsics": [[[0.822007417678833, -0.5693559646606445, -0.011732549406588078, -0.7479248046875], [0.007387516088783741, 0.03126179426908493, -0.9994838833808899, 1.4905214309692383], [0.5694289207458496, 0.8214965462684631, 0.029903553426265717, -1.15802001953125], [0.0, 0.0, 0.0, 1.0]], [[0.009583036415278912, -0.9995898008346558, -0.026987355202436447, 0.009674072265625], [0.009324495680630207, 0.02707674913108349, -0.9995899200439453, 1.4825104475021362], [0.9999105930328369, 0.009327463805675507, 0.009580148383975029, -1.477783203125], [0.0, 0.0, 0.0, 1.0]], [[-0.8442068696022034, -0.5354600548744202, -0.02443958818912506, 0.922607421875], [0.0173286572098732, 0.018307343125343323, -0.9996822476387024, 1.4965095520019531], [0.5357373356819153, -0.8443620800971985, -0.006176380440592766, -1.1693115234375], [0.0, 0.0, 0.0, 1.0]], [[0.9478693008422852, 0.318644642829895, 0.0030697202309966087, -1.13226318359375], [-0.007909269072115421, 0.033155716955661774, -0.9994189143180847, 1.561941146850586], [-0.31856125593185425, 0.9472941756248474, 0.03394753113389015, -0.16015625], [0.0, 0.0, 0.0, 1.0]], [[0.00935133546590805, 0.9996259212493896, 0.025702938437461853, -0.0286865234375], [-0.005823234096169472, 0.025758065283298492, -0.999651253223419