[{"images": ["samples/CAM_FRONT_LEFT/n008-2018-08-29-16-04-13-0400__CAM_FRONT_LEFT__1535573054856676.jpg", "samples/CAM_FRONT/n008-2018-08-29-16-04-13-0400__CAM_FRONT__1535573054862404.jpg", "samples/CAM_FRONT_RIGHT/n008-2018-08-29-16-04-13-0400__CAM_FRONT_RIGHT__1535573054870482.jpg", "samples/CAM_BACK_LEFT/n008-2018-08-29-16-04-13-0400__CAM_BACK_LEFT__1535573054897405.jpg", "samples/CAM_BACK/n008-2018-08-29-16-04-13-0400__CAM_BACK__1535573054887558.jpg", "samples/CAM_BACK_RIGHT/n008-2018-08-29-16-04-13-0400__CAM_BACK_RIGHT__1535573054878113.jpg"], "intrinsics": [[[1257.8625342125129, 0.0, 827.2410631095686], [0.0, 1257.8625342125129, 450.915498205774], [0.0, 0.0, 1.0]], [[1252.8131021185304, 0.0, 826.588114781398], [0.0, 1252.8131021185304, 469.9846626224581], [0.0, 0.0, 1.0]], [[1256.7485116440405, 0.0, 817.7887570959712], [0.0, 1256.7485116440403, 451.9541780095127], [0.0, 0.0, 1.0]], [[1254.9860565800168, 0.0, 829.5769333630991], [0.0, 1254.9860565800168, 467.1680561863987], [0.0, 0.0, 1.0]], [[796.8910634503094, 0.0, 857.7774326863696], [0.0, 796.8910634503094, 476.8848988407415], [0.0, 0.0, 1.0]], [[1249.9629280788233, 0.0, 825.3768045375984], [0.0, 1249.9629280788233, 462.54816385708756], [0.0, 0.0, 1.0]]], "extrinsics": [[[0.8225558996200562, -0.5686801075935364, -0.0021914662793278694, -1.0050048828125], [0.01358642615377903, 0.023503994569182396, -0.999631404876709, 1.4882965087890625], [0.5685220956802368, 0.8222230076789856, 0.027059677988290787, -1.3336181640625], [0.0, 0.0, 0.0, 1.0]], [[0.010350491851568222, -0.9997615814208984, -0.019226958975195885, 0.00537109375], [0.015541835688054562, 0.01938651129603386, -0.9996912479400635, 1.48016357421875], [0.9998255968093872, 0.010048477910459042, 0.01573879085481167, -1.734375], [0.0, 0.0, 0.0, 1.0]], [[-0.8438438773155212, -0.5359766483306885, -0.02562261000275612, 1.090576171875], [0.02356351539492607, 0.010690957307815552, -0.9996651411056519, 1.4930686950683594], [0.5360711216926575, -0.8441651463508606, 0.003607992548495531, -1.277587890625], [0.0, 0.0, 0.0, 1.0]], [[0.9478656053543091, 0.3186086118221283, 0.006275700405240059, -1.263427734375], [-0.0019691248890012503, 0.025548921898007393, -0.9996716380119324, 1.5623254776000977], [-0.3186642825603485, 0.9475419521331787, 0.024844322353601456, -0.11464309692382812], [0.0, 0.0, 0.0, 1.0]], [[0.009127280674874783, 0.9997939467430115, 0.018130160868167877, -0.02880859375], [0.0002577893319539726, 0.018128562718629837, -0.9998356103897095, 1.5680570602416992], [-0.9999582767486572, 0.009130452759563923, -9.227191185345873e-05, 0.083251953125], [0.0, 0.0, 0.0, 1.0]], [[-0.9236999750137329, 0.38307198882102966, -0.0058633917942643166, 1.16064453125], [0.004503520205616951, -0.004446614999324083, -0.9999799728393555, 1.5478119850158691], [-0.38309037685394287, -0.9237077832221985, 0.0023821655195206404, -0.0438232421875], [0.0, 0.0, 0.0, 1.0]]], "view": [[0.0, -2.0, 100.0], [-2.0, 0.0, 100.0], [0.0, 0.0, 1.0]], "bev": "bev_b510deca46e4452895e071b7f3317343.png", "aux": "aux_b510deca46e4452895e071b7f3317343.npz", "visibility": "visibility_b510deca46e4452895e071b7f3317343.png", "pose": [[-0.9981318116188049, 0.06109766662120819, 0.0, 2262.68408203125], [-0.06109766662120819, -0.9981318116188049, 0.0, 881.4292602539062], [0.0, 0.0, 1.0, 0.0], [0.0, 0.0, 0.0, 1.0]], "pose_inverse": [[-0.9981318116188049, -0.06109766662120819, 0.0, 2312.310302734375], [0.06109766662120819, -0.9981318116188049, 0.0, 741.537841796875], [0.0, 0.0, 1.0, 0.0], [0.0, 0.0, 0.0, 1.0]], "cam_ids": [0, 1, 2, 3, 4, 5], "cam_channels": ["CAM_FRONT_LEFT", "CAM_FRONT", "CAM_FRONT_RIGHT", "CAM_BACK_LEFT", "CAM_BACK", "CAM_BACK_RIGHT"], "token": "b510deca46e4452895e071b7f3317343", "scene": "scene-0695"}, {"images": ["samples/CAM_FRONT_LEFT/n008-2018-08-29-16-04-13-0400__CAM_FRONT_LEFT__1535573055354799.jpg", "samples/CAM_FRONT/n008-2018-08-29-16-04-13-0400__CAM_FRONT__1535573055362404.jpg", "samples/CAM_FRONT_RIGHT/n008-2018-08-29-16-04-13-0400__CAM_FRONT_RIGHT__1535573055370482.jpg", "samples/CAM_BACK_LEFT/n008-2018-08-29-16-04-13-0400__CAM_BACK_LEFT__1535573055397405.jpg", "samples/CAM_BACK/n008-2018-08-29-16-04-13-0400__CAM_BACK__1535573055387558.jpg", "samples/CAM_BACK_RIGHT/n008-2018-08-29-16-04-13-0400__CAM_BACK_RIGHT__1535573055378113.jpg"], "intrinsics": [[[1257.8625342125129, 0.0, 827.2410631095686], [0.0, 1257.8625342125129, 450.915498205774], [0.0, 0.0, 1.0]], [[1252.8131021185304, 0.0, 826.588114781398], [0.0, 1252.8131021185304, 469.9846626224581], [0.0, 0.0, 1.0]], [[1256.7485116440405, 0.0, 817.7887570959712], [0.0, 1256.7485116440403, 451.9541780095127], [0.0, 0.0, 1.0]], [[1254.9860565800168, 0.0, 829.5769333630991], [0.0, 1254.9860565800168, 467.1680561863987], [0.0, 0.0, 1.0]], [[796.8910634503094, 0.0, 857.7774326863696], [0.0, 796.8910634503094, 476.8848988407415], [0.0, 0.0, 1.0]], [[1249.9629280788233, 0.0, 825.3768045375984], [0.0, 1249.9629280788233, 462.54816385708756], [0.0, 0.0, 1.0]]], "extrinsics": [[[0.8229320645332336, -0.568130373954773, -0.0032804415095597506, -0.6851806640625], [0.011002132669091225, 0.021708885207772255, -0.9997037649154663, 1.4924430847167969], [0.5680333971977234, 0.8226521611213684, 0.024115582928061485, -1.1182861328125], [0.0, 0.0, 0.0, 1.0]], [[0.010858343914151192, -0.9997889399528503, -0.01743992418050766, 0.01251220703125], [0.012962373904883862, 0.017580224201083183, -0.9997614026069641, 1.4842147827148438], [0.9998570680618286, 0.010629688389599323, 0.013150529935956001, -1.417236328125], [0.0, 0.0, 0.0, 1.0]], [[-0.8436748385429382, -0.5363844633102417, -0.02246105670928955, 0.884765625], [0.020962994545698166, 0.008891535922884941, -0.999740719795227, 1.4981956481933594], [0.536445140838623, -0.8439269065856934, 0.0037426587659865618, -1.1431884765625], [0.0, 0.0, 0.0, 1.0]], [[0.9478363394737244, 0.3187396824359894, 0.003347298363223672, -1.138427734375], [-0.004560559056699276, 0.024060256779193878, -0.999700129032135, 1.5620107650756836], [-0.318724662065506, 0.9475368857383728, 0.024258818477392197, -0.15814590454101562], [0.0, 0.0, 0.0, 1.0]], [[0.008964364416897297, 0.9998231530189514, 0.0165316853672266, -0.02923583984375], [-0.002393429633229971, 0.016553755849599838, -0.9998601078987122, 1.5678176879882812], [-0.9999570250511169, 0.008923542685806751, 0.0025414007250219584, -0.048828125], [0.0, 0.0, 0.0, 1.0]], [[-0.9238340854644775, 0.38277146220207214, -0.004067058674991131, 0.9962158203125], [0.001848234562203288, -0.006164285819977522, -0.9999793171882629, 1.5481526851654053], [-0.3827885687351227, -0.9238224625587463, 0.004987325984984636, -0.109619140625], [0.0, 0.0, 0.0, 1.0]]], "view": [[0.0, -2.0, 100.0], [-2.0, 0.0, 100.0], [0.0, 0.0, 1.0]], "bev": "bev_0468b5e2192f40d88a4e3353c83d28a1.png", "aux": "aux_0468b5e2192f40d88a4e3353c83d28a1.npz", "visibility": "visibility_0468b5e2192f40d88a4e3353c83d28a1.png", "pose": [[-0.9983456134796143, 0.057498034089803696, 0.0, 2258.17822265625], [-0.057498034089803696, -0.9983456134796143, 0.0, 881.2007446289062], [0.0, 0.0, 1.0, 0.0], [0.0, 0.0, 0.0, 1.0]], "pose_inverse": [[-0.9983456134796143, -0.057498034089803696, 0.0, 2305.109619140625], [0.057498034089803696, -0.9983456134796143, 0.0, 749.902099609375], [0.0, 0.0, 1.0, 0.0], [0.0, 0.0, 0.0, 1.0]], "cam_ids": [0, 1, 2, 3, 4, 5], "cam_channels": ["CAM_FRONT_LEFT", "CAM_FRONT", "CAM_FRONT_RIGHT", "CAM_BACK_LEFT", "CAM_BACK", "CAM_BACK_RIGHT"], "token": "0468b5e2192f40d88a4e3353c83d28a1", "scene": "scene-0695"}, {"images": ["samples/CAM_FRONT_LEFT/n008-2018-08-29-16-04-13-0400__CAM_FRONT_LEFT__1535573055854799.jpg", "samples/CAM_FRONT/n008-2018-08-29-16-04-13-0400__CAM_FRONT__1535573055862404.jpg", "samples/CAM_FRONT_RIGHT/n008-2018-08-29-16-04-13-0400__CAM_FRONT_RIGHT__1535573055870482.jpg", "samples/CAM_BACK_LEFT/n008-2018-08-29-16-04-13-0400__CAM_BACK_LEFT__1535573055897405.jpg", "samples/CAM_BACK/n008-2018-08-29-16-04-13-0400__CAM_BACK__1535573055887558.jpg", "samples/CAM_BACK_RIGHT/n008-2018-08-29-16-04-13-0400__CAM_BACK_RIGHT__1535573055878113.jpg"], "intrinsics": [[[1257.8625342125129, 0.0, 827.2410631095686], [0.0, 1257.8625342125129, 450.915498205774], [0.0, 0.0, 1.0]], [[1252.8131021185304, 0.0, 826.588114781398], [0.0, 1252.8131021185304, 469.9846626224581], [0.0, 0.0, 1.0]], [[1256.7485116440405, 0.0, 817.7887570959712], [0.0, 1256.7485116440403, 451.9541780095127], [0.0, 0.0, 1.0]], [[1254.9860565800168, 0.0, 829.5769333630991], [0.0, 1254.9860565800168, 467.1680561863987], [0.0, 0.0, 1.0]], [[796.8910634503094, 0.0, 857.7774326863696], [0.0, 796.8910634503094, 476.8848988407415], [0.0, 0.0, 1.0]], [[1249.9629280788233, 0.0, 825.3768045375984], [0.0, 1249.9629280788233, 462.54816385708756], [0.0, 0.0, 1.0]]], "extrinsics": [[[0.8231765031814575, -0.5677721500396729, -0.003912710584700108, -0.664306640625], [0.008577394299209118, 0.0193256177008152, -0.9997764825820923, 1.4917182922363281], [0.5677207708358765, 0.8229589462280273, 0.020778397098183632, -1.1044921875], [0.0, 0.0, 0.0, 1.0]], [[0.011194318532943726, -0.999822735786438, -0.015140163712203503, 0.01318359375], [0.010468009859323502, 0.015257459133863449, -0.9998288154602051, 1.483642578125], [0.9998825788497925, 0.011033911257982254, 0.010636950843036175, -1.396240234375], [0.0, 0.0, 0.0, 1.0]], [[-0.8435689806938171, -0.5366814136505127, -0.01908973604440689, 0.870849609375], [0.018407583236694336, 0.006629657000303268, -0.9998086094856262, 1.4978904724121094], [0.5367052555084229, -0.8437588810920715, 0.0042864358983933926, -1.13385009765625], [0.0, 0.0, 0.0, 1.0]], [[0.9478446245193481, 0.31873276829719543, 0.0002444121928419918, -1.1357421875], [-0.007162249181419611, 0.022065654397010803, -0.9997308850288391, 1.5619782209396362], [-0.31865236163139343, 0.9475877285003662, 0.023197656497359276, -0.15891778469085693], [0.0, 0.0, 0.0, 1.0]], [[0.008891972713172436, 0.9998570084571838, 0.014382442459464073, -0.0291748046875], [-0.004997639916837215, 0.014427266083657742, -0.9998834133148193, 1.567537546157837], [-0.9999479651451111, 0.008819058537483215, 0.005125212483108044, -0.056884765625], [0.0, 0.0, 0.0, 1.0]], [[-0.9239266514778137, 0.38256096839904785, -0.0025499477051198483, 0.98388671875], [-0.0007110371952876449, -0.0083824647590518, -0.9999645948410034, 1.5476956367492676], [-0.3825688064098358, -0.9238921999931335, 0.00801679864525795, -0.114501953125], [0.0, 0.0, 0.0, 1.0]]], "view": [[0.0, -2.0, 100.0], [-2.0, 0.0, 100.0], [0.0, 0.0, 1.0]], "bev": "bev_1d091d152bf04ed3954479c01c97f282.png", "aux": "aux_1d091d152bf04ed3954479c01c97f282.npz", "visibility": "visibility_1d091d152bf04ed3954479c01c97f282.png", "pose": [[-0.9988476634025574, 0.047992903739213943, 0.0, 2253.670166015625], [-0.047992903739213943, -0.9988476634025574, 0.0, 881.0029296875], [0.0, 0.0, 1.0, 0.0], [0.0, 0.0, 0.0, 1.0]], "pose_inverse": [[-0.9988476634025574, -0.047992903739213943, 0.0, 2293.35498046875], [0.047992903739213943, -0.9988476634025574, 0.0, 771.8275756835938], [0.0, 0.0, 1.0, 0.0], [0.0, 0.0, 0.0, 1.0]], "cam_ids": [0, 1, 2, 3, 4, 5], "cam_channels": ["CAM_FRONT_LEFT", "CAM_FRONT", "CAM_FRONT_RIGHT", "CAM_BACK_LEFT", "CAM_BACK", "CAM_BACK_RIGHT"], "token": "1d091d152bf04ed3954479c01c97f282", "scene": "scene-0695"}, {"images": ["samples/CAM_FRONT_LEFT/n008-2018-08-29-16-04-13-0400__CAM_FRONT_LEFT__1535573056354799.jpg", "samples/CAM_FRONT/n008-2018-08-29-16-04-13-0400__CAM_FRONT__1535573056362404.jpg", "samples/CAM_FRONT_RIGHT/n008-2018-08-29-16-04-13-0400__CAM_FRONT_RIGHT__1535573056370482.jpg", "samples/CAM_BACK_LEFT/n008-2018-08-29-16-04-13-0400__CAM_BACK_LEFT__1535573056397405.jpg", "samples/CAM_BACK/n008-2018-08-29-16-04-13-0400__CAM_BACK__1535573056387558.jpg", "samples/CAM_BACK_RIGHT/n008-2018-08-29-16-04-13-0400__CAM_BACK_RIGHT__1535573056378113.jpg"], "intrinsics": [[[1257.8625342125129, 0.0, 827.2410631095686], [0.0, 1257.8625342125129, 450.915498205774], [0.0, 0.0, 1.0]], [[1252.8131021185304, 0.0, 826.588114781398], [0.0, 1252.8131021185304, 469.9846626224581], [0.0, 0.0, 1.0]], [[1256.7485116440405, 0.0, 817.7887570959712], [0.0, 1256.7485116440403, 451.9541780095127], [0.0, 0.0, 1.0]], [[1254.9860565800168, 0.0, 829.5769333630991], [0.0, 1254.9860565800168, 467.1680561863987], [0.0, 0.0, 1.0]], [[796.8910634503094, 0.0, 857.7774326863696], [0.0, 796.8910634503094, 476.8848988407415], [0.0, 0.0, 1.0]], [[1249.9629280788233, 0.0, 825.3768045375984], [0.0, 1249.9629280788233, 462.54816385708756], [0.0, 0.0, 1.0]]], "extrinsics": [[[0.8229413628578186, -0.5680869817733765, -0.0066839829087257385, -0.6707763671875], [0.007207860704511404, 0.02220400981605053, -0.9997274279594421, 1.4911079406738281], [0.5680806040763855, 0.8226689696311951, 0.022367287427186966, -1.107666015625], [0.0, 0.0, 0.0, 1.0]], [[0.010858395136892796, -0.9997801184654236, -0.017942920327186584, 0.0123291015625], [0.009286805987358093, 0.018044034019112587, -0.999794065952301, 1.4831924438476562], [0.999897837638855, 0.01068953052163124, 0.009480692446231842, -1.40185546875], [0.0, 0.0, 0.0, 1.0]], [[-0.843719482421875, -0.5364224910736084, -0.019706670194864273, 0.87451171875], [0.017434684559702873, 0.009307658299803734, -0.9998046159744263, 1.4975395202636719], [0.5365011692047119, -0.8438982963562012, 0.0014993036165833473, -1.1373291015625], [0.0, 0.0, 0.0, 1.0]], [[0.9478750824928284, 0.318641722202301, 0.0005112906801514328, -1.13671875], [-0.007614880334585905, 0.024256335571408272, -0.9996767640113831, 1.561981201171875], [-0.3185511529445648, 0.9475648403167725, 0.025418395176529884, -0.15864944458007812], [0.0, 0.0, 0.0, 1.0]], [[0.009025787934660912, 0.9998181462287903, 0.01679760403931141, -0.0289306640625], [-0.0056650214828550816, 0.01684914529323578, -0.9998419284820557, 1.5674821138381958], [-0.999943196773529, 0.00892920047044754, 0.005816068034619093, -0.054931640625], [0.0, 0.0, 0.0, 1.0]], [[-0.9238599538803101, 0.38272979855537415, -0.0007852723356336355, 0.9871826171875], [-0.0015521937748417258, -0.005798524711281061, -0.9999819397926331, 1.5475316047668457], [-0.38272741436958313, -0.9238420724868774, 0.005951095838099718, -0.113525390625], [0.0, 0.0, 0.0, 1.0]]], "view": [[0.0, -2.0, 100.0], [-2.0, 0.0, 100.0], [0.0, 0.0, 1.0]], "bev": "bev_84107e62a63b4780be522c9482786601.png", "aux": "aux_84107e62a63b4780be522c9482786601.npz", "visibility": "visibility_84107e62a63b4780be522c9482786601.png", "pose": [[-0.9992932677268982, 0.03758963942527771, 0.0, 2248.96875], [-0.03758963942527771, -0.9992932677268982, 0.0, 880.8462524414062], [0.0, 0.0, 1.0, 0.0], [0.0, 0.0, 0.0, 1.0]], "pose_inverse": [[-0.9992932677268982, -0.03758963942527771, 0.0, 2280.489990234375], [0.03758963942527771, -0.9992932677268982, 0.0, 795.685791015625], [0.0, 0.0, 1.0, 0.0], [0.0, 0.0, 0.0, 1.0]], "cam_ids": [0, 1, 2, 3, 4, 5], "cam_channels": ["CAM_FRONT_LEFT", "CAM_FRONT", "CAM_FRONT_RIGHT", "CAM_BACK_LEFT", "CAM_BACK", "CAM_BACK_RIGHT"], "token": "84107e62a63b4780be522c9482786601", "scene": "scene-0695"}, {"images": ["samples/CAM_FRONT_LEFT/n008-2018-08-29-16-04-13-0400__CAM_FRONT_LEFT__1535573056854799.jpg", "samples/CAM_FRONT/n008-2018-08-29-16-04-13-0400__CAM_FRONT__1535573056862404.jpg", "samples/CAM_FRONT_RIGHT/n008-2018-08-29-16-04-13-0400__CAM_FRONT_RIGHT__1535573056870482.jpg", "samples/CAM_BACK_LEFT/n008-2018-08-29-16-04-13-0400__CAM_BACK_LEFT__1535573056897431.jpg", "samples/CAM_BACK/n008-2018-08-29-16-04-13-0400__CAM_BACK__1535573056887558.jpg", "samples/CAM_BACK_RIGHT/n008-2018-08-29-16-04-13-0400__CAM_BACK_RIGHT__1535573056878113.jpg"], "intrinsics": [[[1257.8625342125129, 0.0, 827.2410631095686], [0.0, 1257.8625342125129, 450.915498205774], [0.0, 0.0, 1.0]], [[1252.8131021185304, 0.0, 826.588114781398], [0.0, 1252.8131021185304, 469.9846626224581], [0.0, 0.0, 1.0]], [[1256.7485116440405, 0.0, 817.7887570959712], [0.0, 1256.7485116440403, 451.9541780095127], [0.0, 0.0, 1.0]], [[1254.9860565800168, 0.0, 829.5769333630991], [0.0, 1254.9860565800168, 467.1680561863987], [0.0, 0.0, 1.0]], [[796.8910634503094, 0.0, 857.7774326863696], [0.0, 796.8910634503094, 476.8848988407415], [0.0, 0.0, 1.0]], [[1249.9629280788233, 0.0, 825.3768045375984], [0.0, 1249.9629280788233, 462.54816385708756], [0.0, 0.0, 1.0]]], "extrinsics": [[[0.8233264088630676, -0.5675128102302551, -0.007935194298624992, -0.667724609375], [0.007732052356004715, 0.0251949243247509, -0.999652624130249, 1.4914054870605469], [0.5675156712532043, 0.8229790329933167, 0.02513168193399906, -1.1031494140625], [0.0, 0.0, 0.0, 1.0]], [[0.011431328020989895, -0.9997143149375916, -0.020993288606405258, 0.0111083984375], [0.00979030504822731, 0.021105552092194557, -0.9997292757034302, 1.4834365844726562], [0.9998867511749268, 0.011222705245018005, 0.010028772987425327, -1.396484375], [0.0, 0.0, 0.0, 1.0]], [[-0.8434720039367676, -0.5367359519004822, -0.021665891632437706, 0.86962890625], [0.01775539107620716, 0.012454199604690075, -0.9997647404670715, 1.4977264404296875], [0.5368795990943909, -0.8436583280563354, -0.0009748103329911828, -1.13531494140625], [0.0, 0.0, 0.0, 1.0]], [[0.9478680491447449, 0.3186596632003784, 0.001526308129541576, -1.13330078125], [-0.007710989098995924, 0.027724487707018852, -0.9995858669281006, 1.5619540214538574], [-0.3185700476169586, 0.9474635720252991, 0.028736336156725883, -0.15980148315429688], [0.0, 0.0, 0.0, 1.0]], [[0.00883250217884779, 0.9997591972351074, 0.02009035274386406, -0.028564453125], [-0.005552514456212521, 0.02013986185193062, -0.9997817277908325, 1.5674731731414795], [-0.9999455809593201, 0.008719022385776043, 0.005729062482714653, -0.05908203125], [0.0, 0.0, 0.0, 1.0]], [[-0.92399001121521, 0.3824164569377899, 0.00025104396627284586, 0.9832763671875], [-0.0013484819792211056, -0.0026017220225185156, -0.9999956488609314, 1.5475564002990723], [-0.3824141025543213, -0.9239863753318787, 0.002919646678492427, -0.1160888671875], [0.0, 0.0, 0.0, 1.0]]], "view": [[0.0, -2.0, 100.0], [-2.0, 0.0, 100.0], [0.0, 0.0, 1.0]], "bev": "bev_8864e83bfca44ba7b3784c51194d14b5.png", "aux": "aux_8864e83bfca44ba7b3784c51194d14b5.npz", "visibility": "visibility_8864e83bfca44ba7b3784c51194d14b5.png", "pose": [[-0.999666154384613, 0.025837410241365433, 0.0, 2244.255859375], [-0.025837410241365433, -0.999666154384613, 0.0, 880.7338256835938], [0.0, 0.0, 1.0, 0.0], [0.0, 0.0, 0.0, 1.0]], "pose_inverse": [[-0.999666154384613, -0.025837410241365433, 0.0, 2266.262451171875], [0.025837410241365433, -0.999666154384613, 0.0, 822.4540405273438], [0.0, 0.0, 1.0, 0.0], [0.0, 0.0, 0.0, 1.0]], "cam_ids": [0, 1, 2, 3, 4, 5], "cam_channels": ["CAM_FRONT_LEFT", "CAM_FRONT", "CAM_FRONT_RIGHT", "CAM_BACK_LEFT", "CAM_BACK", "CAM_BACK_RIGHT"], "token": "8864e83bfca44ba7b3784c51194d14b5", "scene": "scene-0695"}, {"images": ["samples/CAM_FRONT_LEFT/n008-2018-08-29-16-04-13-0400__CAM_FRONT_LEFT__1535573057354799.jpg", "samples/CAM_FRONT/n008-2018-08-29-16-04-13-0400__CAM_FRONT__1535573057362404.jpg", "samples/CAM_FRONT_RIGHT/n008-2018-08-29-16-04-13-0400__CAM_FRONT_RIGHT__1535573057370482.jpg", "samples/CAM_BACK_LEFT/n008-2018-08-29-16-04-13-0400__CAM_BACK_LEFT__1535573057397813.jpg", "samples/CAM_BACK/n008-2018-08-29-16-04-13-0400__CAM_BACK__1535573057387558.jpg", "samples/CAM_BACK_RIGHT/n008-2018-08-29-16-04-13-0400__CAM_BACK_RIGHT__1535573057378113.jpg"], "intrinsics": [[[1257.8625342125129, 0.0, 827.2410631095686], [0.0, 1257.8625342125129, 450.915498205774], [0.0, 0.0, 1.0]], [[1252.8131021185304, 0.0, 826.588114781398], [0.0, 1252.8131021185304, 469.9846626224581], [0.0, 0.0, 1.0]], [[1256.7485116440405, 0.0, 817.7887570959712], [0.0, 1256.7485116440403, 451.9541780095127], [0.0, 0.0, 1.0]], [[1254.9860565800168, 0.0, 829.5769333630991], [0.0, 1254.9860565800168, 467.1680561863987], [0.0, 0.0, 1.0]], [[796.8910634503094, 0.0, 857.7774326863696], [0.0, 796.8910634503094, 476.8848988407415], [0.0, 0.0, 1.0]], [[1249.9629280788233, 0.0, 825.3768045375984], [0.0, 1249.9629280788233, 462.54816385708756], [0.0, 0.0, 1.0]]], "extrinsics": [[[0.8231815099716187, -0.5676468014717102, -0.012224869802594185, -0.666015625], [0.0070520127192139626, 0.03175123408436775, -0.9994709491729736, 1.4910774230957031], [0.5677346587181091, 0.8226596713066101, 0.03014007955789566, -1.103515625], [0.0, 0.0, 0.0, 1.0]], [[0.01128300465643406, -0.9995580315589905, -0.02750338613986969, 0.0123291015625], [0.008732582442462444, 0.02760258875787258, -0.9995808005332947, 1.4830398559570312], [0.9998981952667236, 0.011038102209568024, 0.009040161967277527, -1.395263671875], [0.0, 0.0, 0.0, 1.0]], [[-0.8435004949569702, -0.5365893244743347, -0.024060262367129326, 0.868896484375], [0.016515007242560387, 0.018864115700125694, -0.9996856451034546, 1.4973907470703125], [0.5368745923042297, -0.843632698059082, -0.007050115615129471, -1.13311767578125], [0.0, 0.0, 0.0, 1.0]], [[0.9478597044944763, 0.31868234276771545, 0.0018997312290593982, -1.133056640625], [-0.009450782090425491, 0.034067023545503616, -0.9993748664855957, 1.5619258880615234], [-0.3185478746891022, 0.947249174118042, 0.03530255705118179, -0.15999603271484375], [0.0, 0.0, 0.0, 1.0]], [[0.00873041432350874, 0.9996131658554077, 0.026410462334752083, -0.0296630859375], [-0.007106067147105932, 0.026472819969058037, -0.9996241927146912, 1.5672578811645508], [-0.9999366402626038, 0.008539457805454731, 0.007334435824304819, -0.0625], [0.0, 0.0, 0.0, 1.0]], [[-0.9240314960479736, 0.3822961747646332, 0.00392021844163537, 0.9801025390625], [-0.002689598361030221, 0.0037533806171268225, -0.9999893307685852, 1.5472798347473145], [-0.3823067843914032, -0.9240322113037109, -0.002440019277855754, -0.1156005859375], [0.0, 0.0, 0.0, 1.0]]], "view": [[0.0, -2.0, 100.0], [-2.0, 0.0, 100.0], [0.0, 0.0, 1.0]], "bev": "bev_b1f7236cc99f4ee5ae8aa7a4f2e64126.png", "aux": "aux_b1f7236cc99f4ee5ae8aa7a4f2e64126.npz", "visibility": "visibility_b1f7236cc99f4ee5ae8aa7a4f2e64126.png", "pose": [[-0.9998922348022461, 0.014682365581393242, 0.0, 2239.53466796875], [-0.014682365581393242, -0.9998922348022461, 0.0, 880.6730346679688], [0.0, 0.0, 1.0, 0.0], [0.0, 0.0, 0.0, 1.0]], "pose_inverse": [[-0.9998922348022461, -0.014682365581393242, 0.0, 2252.2236328125], [0.014682365581393242, -0.9998922348022461, 0.0, 847.6964111328125], [0.0, 0.0, 1.0, 0.0], [0.0, 0.0, 0.0, 1.0]], "cam_ids": [0, 1, 2, 3, 4, 5], "cam_channels": ["CAM_FRONT_LEFT", "CAM_FRONT", "CAM_FRONT_RIGHT", "CAM_BACK_LEFT", "CAM_BACK", "CAM_BACK_RIGHT"], "token": "b1f7236cc99f4ee5ae8aa7a4f2e64126", "scene": "scene-0695"}, {"images": ["samples/CAM_FRONT_LEFT/n008-2018-08-29-16-04-13-0400__CAM_FRONT_LEFT__1535573057904799.jpg", "samples/CAM_FRONT/n008-2018-08-29-16-04-13-0400__CAM_FRONT__1535573057912404.jpg", "samples/CAM_FRONT_RIGHT/n008-2018-08-29-16-04-13-0400__CAM_FRONT_RIGHT__1535573057920482.jpg", "samples/CAM_BACK_LEFT/n008-2018-08-29-16-04-13-0400__CAM_BACK_LEFT__1535573057947405.jpg", "samples/CAM_BACK/n008-2018-08-29-16-04-13-0400__CAM_BACK__1535573057937558.jpg", "samples/CAM_BACK_RIGHT/n008-2018-08-29-16-04-13-0400__CAM_BACK_RIGHT__1535573057928113.jpg"], "intrinsics": [[[1257.8625342125129, 0.0, 827.2410631095686], [0.0, 1257.8625342125129, 450.915498205774], [0.0, 0.0, 1.0]], [[1252.8131021185304, 0.0, 826.588114781398], [0.0, 1252.8131021185304, 469.9846626224581], [0.0, 0.0, 1.0]], [[1256.7485116440405, 0.0, 817.7887570959712], [0.0, 1256.7485116440403, 451.9541780095127], [0.0, 0.0, 1.0]], [[1254.9860565800168, 0.0, 829.5769333630991], [0.0, 1254.9860565800168, 467.1680561863987], [0.0, 0.0, 1.0]], [[796.8910634503094, 0.0, 857.7774326863696], [0.0, 796.8910634503094, 476.8848988407415], [0.0, 0.0, 1.0]], [[1249.9629280788233, 0.0, 825.3768045375984], [0.0, 1249.9629280788233, 462.54816385708756], [0.0, 0.0, 1.0]]], "extrinsics": [[[0.8228686451911926, -0.5681034326553345, -0.012079689651727676, -0.647216796875], [0.007857992313802242, 0.03263310343027115, -0.9994364976882935, 1.4916725158691406], [0.5681775212287903, 0.8223099708557129, 0.031316906213760376, -1.08740234375], [0.0, 0.0, 0.0, 1.0]], [[0.01078696921467781, -0.9995348453521729, -0.02852877601981163, 0.0101318359375], [0.009875868447124958, 0.0286355409771204, -0.9995411038398743, 1.4837074279785156], [0.999893069267273, 0.010500275529921055, 0.010180163197219372, -1.373779296875], [0.0, 0.0, 0.0, 1.0]], [[-0.8437100648880005, -0.5361725687980652, -0.025928355753421783, 0.85205078125], [0.017966000363230705, 0.020069755613803864, -0.9996371269226074, 1.4981498718261719], [0.5364983677864075, -0.8438698053359985, -0.007300180848687887, -1.12506103515625], [0.0, 0.0, 0.0, 1.0]], [[0.9478653073310852, 0.31863877177238464, 0.004562878981232643, -1.126708984375], [-0.007096690591424704, 0.03542132303118706, -0.9993472695350647, 1.5619087219238281], [-0.31859248876571655, 0.9472141861915588, 0.03583592176437378, -0.16204071044921875], [0.0, 0.0, 0.0, 1.0]], [[0.009000339545309544, 0.9995707869529724, 0.027879146859049797, -0.02813720703125], [-0.00510261720046401, 0.027925821021199226, -0.9995969533920288, 1.5674629211425781], [-0.9999465346336365, 0.008854455314576626, 0.005351769272238016, -0.071044921875], [0.0, 0.0, 0.0, 1.0]], [[-0.9238668084144592, 0.3827032148838043, 0.00288900313898921, 0.9678955078125], [-0.0010067487601190805, 0.00511848833411932, -0.9999864101409912, 1.5475990772247314], [-0.38271278142929077, -0.9238572120666504, -0.004343514330685139, -0.123046875], [0.0, 0.0, 0.0, 1.0]]], "view": [[0.0, -2.0, 100.0], [-2.0, 0.0, 100.0], [0.0, 0.0, 1.0]], "bev": "bev_d2a7294abdf54f3db54f210450118035.png", "aux": "aux_d2a7294abdf54f3db54f210450118035.npz", "visibility": "visibility_d2a7294abdf54f3db54f210450118035.png", "pose": [[-0.999975323677063, 0.007028612773865461, 0.0, 2234.290283203125], [-0.007028612773865461, -0.999975323677063, 0.0, 880.6592407226562], [0.0, 0.0, 1.0, 0.0], [0.0, 0.0, 0.0, 1.0]], "pose_inverse": [[-0.999975323677063, -0.007028612773865461, 0.0, 2240.4248046875], [0.007028612773865461, -0.999975323677063, 0.0, 864.9335327148438], [0.0, 0.0, 1.0, 0.0], [0.0, 0.0, 0.0, 1.0]], "cam_ids": [0, 1, 2, 3, 4, 5], "cam_channels": ["CAM_FRONT_LEFT", "CAM_FRONT", "CAM_FRONT_RIGHT", "CAM_BACK_LEFT", "CAM_BACK", "CAM_BACK_RIGHT"], "token": "d2a7294abdf54f3db54f210450118035", "scene": "scene-0695"}, {"images": ["samples/CAM_FRONT_LEFT/n008-2018-08-29-16-04-13-0400__CAM_FRONT_LEFT__1535573058404799.jpg", "samples/CAM_FRONT/n008-2018-08-29-16-04-13-0400__CAM_FRONT__1535573058412404.jpg", "samples/CAM_FRONT_RIGHT/n008-2018-08-29-16-04-13-0400__CAM_FRONT_RIGHT__1535573058420482.jpg", "samples/CAM_BACK_LEFT/n008-2018-08-29-16-04-13-0400__CAM_BACK_LEFT__1535573058447405.jpg", "samples/CAM_BACK/n008-2018-08-29-16-04-13-0400__CAM_BACK__1535573058437558.jpg", "samples/CAM_BACK_RIGHT/n008-2018-08-29-16-04-13-0400__CAM_BACK_RIGHT__1535573058428113.jpg"], "intrinsics": [[[1257.8625342125129, 0.0, 827.2410631095686], [0.0, 1257.8625342125129, 450.915498205774], [0.0, 0.0, 1.0]], [[1252.8131021185304, 0.0, 826.588114781398], [0.0, 1252.8131021185304, 469.9846626224581], [0.0, 0.0, 1.0]], [[1256.7485116440405, 0.0, 817.7887570959712], [0.0, 1256.7485116440403, 451.9541780095127], [0.0, 0.0, 1.0]], [[1254.9860565800168, 0.0, 829.5769333630991], [0.0, 1254.9860565800168, 467.1680561863987], [0.0, 0.0, 1.0]], [[796.8910634503094, 0.0, 857.7774326863696], [0.0, 796.8910634503094, 476.8848988407415], [0.0, 0.0, 1.0]], [[1249.9629280788233, 0.0, 825.3768045375984], [0.0, 1249.9629280788233, 462.54816385708756], [0.0, 0.0, 1.0]]], "extrinsics": [[[0.8227211833000183, -0.5675075650215149, -0.03263586759567261, -0.6402587890625], [0.002393314614892006, 0.060870181769132614, -0.9981427788734436, 1.4891281127929688], [0.5684401392936707, 0.8211151361465454, 0.05143740773200989, -1.0858154296875], [0.0, 0.0, 0.0, 1.0]], [[0.010495497845113277, -0.9982982873916626, -0.057361308485269547, 0.01226806640625], [0.00425219489261508, 0.05740850418806076, -0.9983417391777039, 1.4815483093261719], [0.9999358654022217, 0.010234183631837368, 0.004847489297389984, -1.368408203125], [0.0, 0.0, 0.0, 1.0]], [[-0.8439215421676636, -0.5352054238319397, -0.0367632620036602, 0.849853515625], [0.012174746952950954, 0.04940367117524147, -0.9987046718597412, 1.4964523315429688], [0.5363284349441528, -0.8432760834693909, -0.0351768359541893, -1.12164306640625], [0.0, 0.0, 0.0, 1.0]], [[0.9478769898414612, 0.3185305893421173, 0.008227779529988766, -1.123779296875], [-0.013494478538632393, 0.06592845916748047, -0.9977330565452576, 1.5617656707763672], [-0.31835097074508667, 0.9456170797348022, 0.06679046154022217, -0.162811279296875], [0.0, 0.0, 0.0, 1.0]], [[0.009175829589366913, 0.9982807040214539, 0.057891491800546646, -0.0286865234375], [-0.01129752118140459, 0.057993728667497635, -0.9982530474662781, 1.566659927368164], [-0.9998941421508789, 0.008505769073963165, 0.011810237541794777, -0.074951171875], [0.0, 0.0, 0.0, 1.0]], [[-0.9237978458404541, 0.38236990571022034, 0.019771313294768333, 0.96435546875], [-0.006974874064326286, 0.034823525696992874, -0.9993691444396973, 1.5462665557861328], [-0.3828171491622925, -0.923352837562561, -0.029502911493182182, -0.1234130859375], [0.0, 0.0, 0.0, 1.0]]], "view": [[0.0, -2.0, 100.0], [-2.0, 0.0, 100.0], [0.0, 0.0, 1.0]], "bev": "bev_751b0c1850d04b65a7b442cbb7671484.png", "aux": "aux_751b0c1850d04b65a7b442cbb7671484.npz", "visibility": "visibility_751b0c1850d04b65a7b442cbb7671484.png", "pose": [[-0.9999994039535522, -0.001108687836676836, 0.0, 2229.390380859375], [0.001108687836676836, -0.9999994039535522, 0.0, 880.6865844726562], [0.0, 0.0, 1.0, 0.0], [0.0, 0.0, 0.0, 1.0]], "pose_inverse": [[-0.9999994039535522, 0.001108687836676836, 0.0, 2228.41259765625], [-0.001108687836676836, -0.9999994039535522, 0.0, 883.15771484375], [0.0, 0.0, 1.0, 0.0], [0.0, 0.0, 0.0, 1.0]], "cam_ids": [0, 1, 2, 3, 4, 5], "cam_channels": ["CAM_FRONT_LEFT", "CAM_FRONT", "CAM_FRONT_RIGHT", "CAM_BACK_LEFT", "CAM_BACK", "CAM_BACK_RIGHT"], "token": "751b0c1850d04b65a7b442cbb7671484", "scene": "scene-0695"}, {"images": ["samples/CAM_FRONT_LEFT/n008-2018-08-29-16-04-13-0400__CAM_FRONT_LEFT__1535573058904799.jpg", "samples/CAM_FRONT/n008-2018-08-29-16-04-13-0400__CAM_FRONT__1535573058912404.jpg", "samples/CAM_FRONT_RIGHT/n008-2018-08-29-16-04-13-0400__CAM_FRONT_RIGHT__1535573058920482.jpg", "samples/CAM_BACK_LEFT/n008-2018-08-29-16-04-13-0400__CAM_BACK_LEFT__1535573058947405.jpg", "samples/CAM_BACK/n008-2018-08-29-16-04-13-0400__CAM_BACK__1535573058937558.jpg", "samples/CAM_BACK_RIGHT/n008-2018-08-29-16-04-13-0400__CAM_BACK_RIGHT__1535573058928113.jpg"], "intrinsics": [[[1257.8625342125129, 0.0, 827.2410631095686], [0.0, 1257.8625342125129, 450.915498205774], [0.0, 0.0, 1.0]], [[1252.8131021185304, 0.0, 826.588114781398], [0.0, 1252.8131021185304, 469.9846626224581], [0.0, 0.0, 1.0]], [[1256.7485116440405, 0.0, 817.7887570959712], [0.0, 1256.7485116440403, 451.9541780095127], [0.0, 0.0, 1.0]], [[1254.9860565800168, 0.0, 829.5769333630991], [0.0, 1254.9860565800168, 467.1680561863987], [0.0, 0.0, 1.0]], [[796.8910634503094, 0.0, 857.7774326863696], [0.0, 796.8910634503094, 476.8848988407415], [0.0, 0.0, 1.0]], [[1249.9629280788233, 0.0, 825.3768045375984], [0.0, 1249.9629280788233, 462.54816385708756], [0.0, 0.0, 1.0]]], "extrinsics": [[[0.8210309743881226, -0.5706846117973328, -0.015074418857693672, -0.6331787109375], [0.014660509303212166, 0.047473739832639694, -0.9987648725509644, 1.4945526123046875], [0.5706955194473267, 0.8197959065437317, 0.04734393209218979, -1.0831298828125], [0.0, 0.0, 0.0, 1.0]], [[0.008145720697939396, -0.9990538358688354, -0.04272078722715378, 0.01385498046875], [0.016633296385407448, 0.04285166785120964, -0.9989429712295532, 1.4861221313476562], [0.999828577041626, 0.007426522206515074, 0.01696661487221718, -1.363037109375], [0.0, 0.0, 0.0, 1.0]], [[-0.8447484970092773, -0.5337541103363037, -0.03881377726793289, 0.8466796875], [0.024670394137501717, 0.0336105078458786, -0.9991304874420166, 1.5001220703125], [0.5345945358276367, -0.8449715375900269, -0.015224499627947807, -1.118133544921875], [0.0, 0.0, 0.0, 1.0]], [[0.9479247331619263, 0.3181782364845276, 0.014192098751664162, -1.12353515625], [-0.0009125337819568813, 0.047272998839616776, -0.9988815784454346, 1.5620193481445312], [-0.3184932768344879, 0.9468516111373901, 0.0451015904545784, -0.16329193115234375], [0.0, 0.0, 0.0, 1.0]], [[0.009843390434980392, 0.9991397857666016, 0.040283408015966415, -0.02935791015625], [0.0012326233554631472, 0.04027320444583893, -0.9991879463195801, 1.5681419372558594], [-0.9999508261680603, 0.009885051287710667, -0.0008351387223228812, -0.075927734375], [0.0, 0.0, 0.0, 1.0]], [[-0.9231987595558167, 0.38431811332702637, 0.0018966408679261804, 0.9610595703125], [0.005484188441187143, 0.018108170479536057, -0.9998210072517395, 1.5489330291748047], [-0.3842836618423462, -0.9230231046676636, -0.018825111910700798, -0.12353515625], [0.0, 0.0, 0.0, 1.0]]], "view": [[0.0, -2.0, 100.0], [-2.0, 0.0, 100.0], [0.0, 0.0, 1.0]], "bev": "bev_6e72c32184064aedb01455490d3fa663.png", "aux": "aux_6e72c32184064aedb01455490d3fa663.npz", "visibility": "visibility_6e72c32184064aedb01455490d3fa663.png", "pose": [[-0.9999833703041077, 0.005770662799477577, 0.0, 2224.380126953125], [-0.005770662799477577, -0.9999833703041077, 0.0, 880.765625], [0.0, 0.0, 1.0, 0.0], [0.0, 0.0, 0.0, 1.0]], "pose_inverse": [[-0.9999833703041077, -0.005770662799477577, 0.0, 2229.42578125], [0.005770662799477577, -0.9999833703041077, 0.0, 867.914794921875], [0.0, 0.0, 1.0, 0.0], [0.0, 0.0, 0.0, 1.0]], "cam_ids": [0, 1, 2, 3, 4, 5], "cam_channels": ["CAM_FRONT_LEFT", "CAM_FRONT", "CAM_FRONT_RIGHT", "CAM_BACK_LEFT", "CAM_BACK", "CAM_BACK_RIGHT"], "token": "6e72c32184064aedb01455490d3fa663", "scene": "scene-0695"}, {"images": ["samples/CAM_FRONT_LEFT/n008-2018-08-29-16-04-13-0400__CAM_FRONT_LEFT__1535573059404799.jpg", "samples/CAM_FRONT/n008-2018-08-29-16-04-13-0400__CAM_FRONT__1535573059412404.jpg", "samples/CAM_FRONT_RIGHT/n008-2018-08-29-16-04-13-0400__CAM_FRONT_RIGHT__1535573059420482.jpg", "samples/CAM_BACK_LEFT/n008-2018-08-29-16-04-13-0400__CAM_BACK_LEFT__1535573059447405.jpg", "samples/CAM_BACK/n008-2018-08-29-16-04-13-0400__CAM_BACK__1535573059437558.jpg", "samples/CAM_BACK_RIGHT/n008-2018-08-29-16-04-13-0400__CAM_BACK_RIGHT__1535573059428113.jpg"], "intrinsics": [[[1257.8625342125129, 0.0, 827.2410631095686], [0.0, 1257.8625342125129, 450.915498205774], [0.0, 0.0, 1.0]], [[1252.8131021185304, 0.0, 826.588114781398], [0.0, 1252.8131021185304, 469.9846626224581], [0.0, 0.0, 1.0]], [[1256.7485116440405, 0.0, 817.7887570959712], [0.0, 1256.7485116440403, 451.9541780095127], [0.0, 0.0, 1.0]], [[1254.9860565800168, 0.0, 829.5769333630991], [0.0, 1254.9860565800168, 467.1680561863987], [0.0, 0.0, 1.0]], [[796.8910634503094, 0.0, 857.7774326863696], [0.0, 796.8910634503094, 476.8848988407415], [0.0, 0.0, 1.0]], [[1249.9629280788233, 0.0, 825.3768045375984], [0.0, 1249.9629280788233, 462.54816385708756], [0.0, 0.0, 1.0]]], "extrinsics": [[[0.8210025429725647, -0.5708993077278137, -0.0053826975636184216, -0.6368408203125], [0.016173718497157097, 0.03268139064311981, -0.9993349313735962, 1.4954643249511719], [0.5706955790519714, 0.8203694224357605, 0.03606506437063217, -1.0797119140625], [0.0, 0.0, 0.0, 1.0]], [[0.008092151954770088, -0.9995651245117188, -0.028357112780213356, 0.0098876953125], [0.018050972372293472, 0.028499439358711243, -0.9994308352470398, 1.4868202209472656], [0.9998042583465576, 0.00757567398250103, 0.018273742869496346, -1.36376953125], [0.0, 0.0, 0.0, 1.0]], [[-0.8447725176811218, -0.5341375470161438, -0.03250499814748764, 0.84619140625], [0.025985263288021088, 0.019725367426872253, -0.999467670917511, 1.5005874633789062], [0.5344942808151245, -0.8451675176620483, -0.0027837459929287434, -1.12152099609375], [0.0, 0.0, 0.0, 1.0]], [[0.9478817582130432, 0.31842806935310364, 0.011122515425086021, -1.125732421875], [9.081099415197968e-05, 0.034638166427612305, -0.9993999004364014, 1.5620441436767578], [-0.3186222314834595, 0.9473139643669128, 0.0328039675951004, -0.16237640380859375], [0.0, 0.0, 0.0, 1.0]], [[0.009870904497802258, 0.9995800852775574, 0.027244627475738525, -0.02801513671875], [0.002392946043983102, 0.02722226455807686, -0.9996265172958374, 1.5683364868164062], [-0.9999484419822693, 0.009932413697242737, -0.002123232465237379, -0.074462890625], [0.0, 0.0, 0.0, 1.0]], [[-0.9231539964675903, 0.3844045400619507, -0.004463278688490391, 0.96337890625], [0.006761463358998299, 0.004627267364412546, -0.9999664425849915, 1.5492534637451172], [-0.38437092304229736, -0.9231531620025635, -0.006870815064758062, -0.1251220703125], [0.0, 0.0, 0.0, 1.0]]], "view": [[0.0, -2.0, 100.0], [-2.0, 0.0, 100.0], [0.0, 0.0, 1.0]], "bev": "bev_19e542508e184bc59976facf6ffded52.png", "aux": "aux_19e542508e184bc59976facf6ffded52.npz", "visibility": "visibility_19e542508e184bc59976facf6ffded52.png", "pose": [[-0.9992537498474121, 0.03862631693482399, 0.0, 2219.36181640625], [-0.03862631693482399, -0.9992537498474121, 0.0, 880.7041625976562], [0.0, 0.0, 1.0, 0.0], [0.0, 0.0, 0.0, 1.0]], "pose_inverse": [[-0.9992537498474121, -0.03862631693482399, 0.0, 2251.723876953125], [0.03862631693482399, -0.9992537498474121, 0.0, 794.3211669921875], [0.0, 0.0, 1.0, 0.0], [0.0, 0.0, 0.0, 1.0]], "cam_ids": [0, 1, 2, 3, 4, 5], "cam_channels": ["CAM_FRONT_LEFT", "CAM_FRONT", "CAM_FRONT_RIGHT", "CAM_BACK_LEFT", "CAM_BACK", "CAM_BACK_RIGHT"], "token": "19e542508e184bc59976facf6ffded52", "scene": "scene-0695"}, {"images": ["samples/CAM_FRONT_LEFT/n008-2018-08-29-16-04-13-0400__CAM_FRONT_LEFT__1535573059904799.jpg", "samples/CAM_FRONT/n008-2018-08-29-16-04-13-0400__CAM_FRONT__1535573059912534.jpg", "samples/CAM_FRONT_RIGHT/n008-2018-08-29-16-04-13-0400__CAM_FRONT_RIGHT__1535573059920482.jpg", "samples/CAM_BACK_LEFT/n008-2018-08-29-16-04-13-0400__CAM_BACK_LEFT__1535573059947405.jpg", "samples/CAM_BACK/n008-2018-08-29-16-04-13-0400__CAM_BACK__1535573059937558.jpg", "samples/CAM_BACK_RIGHT/n008-2018-08-29-16-04-13-0400__CAM_BACK_RIGHT__1535573059928113.jpg"], "intrinsics": [[[1257.8625342125129, 0.0, 827.2410631095686], [0.0, 1257.8625342125129, 450.915498205774], [0.0, 0.0, 1.0]], [[1252.8131021185304, 0.0, 826.588114781398], [0.0, 1252.8131021185304, 469.9846626224581], [0.0, 0.0, 1.0]], [[1256.7485116440405, 0.0, 817.7887570959712], [0.0, 1256.7485116440403, 451.9541780095127], [0.0, 0.0, 1.0]], [[1254.9860565800168, 0.0, 829.5769333630991], [0.0, 1254.9860565800168, 467.1680561863987], [0.0, 0.0, 1.0]], [[796.8910634503094, 0.0, 857.7774326863696], [0.0, 796.8910634503094, 476.8848988407415], [0.0, 0.0, 1.0]], [[1249.9629280788233, 0.0, 825.3768045375984], [0.0, 1249.9629280788233, 462.54816385708756], [0.0, 0.0, 1.0]]], "extrinsics": [[[0.8221586346626282, -0.5692428946495056, -0.004220751114189625, -0.6351318359375], [0.013407652266323566, 0.02677604742348194, -0.99955153465271, 1.4941482543945312], [0.5691006779670715, 0.821733295917511, 0.029646368697285652, -1.083740234375], [0.0, 0.0, 0.0, 1.0]], [[0.009666822850704193, -0.9997019171714783, -0.02242019586265087, 0.0130615234375], [0.015303811989724636, 0.022566527128219604, -0.9996281862258911, 1.4857368469238281], [0.9998362064361572, 0.009320124983787537, 0.015517396852374077, -1.36474609375], [0.0, 0.0, 0.0, 1.0]], [[-0.8442053198814392, -0.5353384613990784, -0.02702045999467373, 0.84619140625], [0.023261843249201775, 0.013772248290479183, -0.9996345639228821, 1.4998092651367188], [0.5355150103569031, -0.8445253968238831, 0.000826354487799108, -1.11895751953125], [0.0, 0.0, 0.0, 1.0]], [[0.947891891002655, 0.3185156583786011, 0.006984130945056677, -1.12548828125], [-0.002337980316951871, 0.028875671327114105, -0.9995802640914917, 1.5619888305664062], [-0.318583607673645, 0.9474776983261108, 0.02811569534242153, -0.1627063751220703], [0.0, 0.0, 0.0, 1.0]], [[0.009424831718206406, 0.9997282028198242, 0.02132461592555046, -0.02899169921875], [-0.0001157529404736124, 0.02132665365934372, -0.9997724890708923, 1.568018913269043], [-0.9999