[{"images": ["samples/CAM_FRONT_LEFT/n008-2018-08-29-16-04-13-0400__CAM_FRONT_LEFT__1535573214854799.jpg", "samples/CAM_FRONT/n008-2018-08-29-16-04-13-0400__CAM_FRONT__1535573214862404.jpg", "samples/CAM_FRONT_RIGHT/n008-2018-08-29-16-04-13-0400__CAM_FRONT_RIGHT__1535573214870482.jpg", "samples/CAM_BACK_LEFT/n008-2018-08-29-16-04-13-0400__CAM_BACK_LEFT__1535573214897997.jpg", "samples/CAM_BACK/n008-2018-08-29-16-04-13-0400__CAM_BACK__1535573214887558.jpg", "samples/CAM_BACK_RIGHT/n008-2018-08-29-16-04-13-0400__CAM_BACK_RIGHT__1535573214878113.jpg"], "intrinsics": [[[1257.8625342125129, 0.0, 827.2410631095686], [0.0, 1257.8625342125129, 450.915498205774], [0.0, 0.0, 1.0]], [[1252.8131021185304, 0.0, 826.588114781398], [0.0, 1252.8131021185304, 469.9846626224581], [0.0, 0.0, 1.0]], [[1256.7485116440405, 0.0, 817.7887570959712], [0.0, 1256.7485116440403, 451.9541780095127], [0.0, 0.0, 1.0]], [[1254.9860565800168, 0.0, 829.5769333630991], [0.0, 1254.9860565800168, 467.1680561863987], [0.0, 0.0, 1.0]], [[796.8910634503094, 0.0, 857.7774326863696], [0.0, 796.8910634503094, 476.8848988407415], [0.0, 0.0, 1.0]], [[1249.9629280788233, 0.0, 825.3768045375984], [0.0, 1249.9629280788233, 462.54816385708756], [0.0, 0.0, 1.0]]], "extrinsics": [[[0.822533369064331, -0.5686154365539551, -0.01074780523777008, -1.0050048828125], [0.01954025588929653, 0.04714313521981239, -0.9986969828605652, 1.4882965087890625], [0.5683811902999878, 0.8212515711784363, 0.04988769069314003, -1.333251953125], [0.0, 0.0, 0.0, 1.0]], [[0.010427444241940975, -0.9990289211273193, -0.04280734807252884, 0.00537109375], [0.02149484120309353, 0.0430237241089344, -0.9988427758216858, 1.48016357421875], [0.9997146129608154, 0.009495209902524948, 0.02192259207367897, -1.73480224609375], [0.0, 0.0, 0.0, 1.0]], [[-0.8436975479125977, -0.5350683331489563, -0.04331744834780693, 1.090576171875], [0.029522595927119255, 0.03432251885533333, -0.998974621295929, 1.4930648803710938], [0.5360064506530762, -0.8441113233566284, -0.013161218725144863, -1.277587890625], [0.0, 0.0, 0.0, 1.0]], [[0.9478281140327454, 0.3181716799736023, 0.019720828160643578, -1.1439208984375], [0.004177694208920002, 0.04946005344390869, -0.9987673759460449, 1.5620346069335938], [-0.3187549114227295, 0.946742057800293, 0.0455503948032856, -0.1561279296875], [0.0, 0.0, 0.0, 1.0]], [[0.009063761681318283, 0.9990761876106262, 0.04200831055641174, -0.0286865234375], [0.006286127958446741, 0.04195227473974228, -0.9990997910499573, 1.5680618286132812], [-0.9999392628669739, 0.009319609962403774, -0.00590007659047842, 0.04437255859375], [0.0, 0.0, 0.0, 1.0]], [[-0.9236327409744263, 0.38327211141586304, -0.0022895447909832, 1.160614013671875], [0.010471911169588566, 0.019263606518507004, -0.9997595548629761, 1.5478134155273438], [-0.3831357955932617, -0.9234346151351929, -0.021806087344884872, -0.043701171875], [0.0, 0.0, 0.0, 1.0]]], "view": [[0.0, -2.0, 100.0], [-2.0, 0.0, 100.0], [0.0, 0.0, 1.0]], "bev": "bev_698bdf2bac2941c0be3ed81c936fbad7.png", "aux": "aux_698bdf2bac2941c0be3ed81c936fbad7.npz", "visibility": "visibility_698bdf2bac2941c0be3ed81c936fbad7.png", "pose": [[-0.7123586535453796, -0.701815664768219, 0.0, 1461.1756591796875], [0.701815664768219, -0.7123586535453796, 0.0, 912.2711791992188], [0.0, 0.0, 1.0, 0.0], [0.0, 0.0, 0.0, 1.0]], "pose_inverse": [[-0.7123586535453796, 0.701815664768219, 0.0, 400.6349182128906], [-0.701815664768219, -0.7123586535453796, 0.0, 1675.3402099609375], [0.0, 0.0, 1.0, 0.0], [0.0, 0.0, 0.0, 1.0]], "cam_ids": [0, 1, 2, 3, 4, 5], "cam_channels": ["CAM_FRONT_LEFT", "CAM_FRONT", "CAM_FRONT_RIGHT", "CAM_BACK_LEFT", "CAM_BACK", "CAM_BACK_RIGHT"], "token": "698bdf2bac2941c0be3ed81c936fbad7", "scene": "scene-0703"}, {"images": ["samples/CAM_FRONT_LEFT/n008-2018-08-29-16-04-13-0400__CAM_FRONT_LEFT__1535573215354799.jpg", "samples/CAM_FRONT/n008-2018-08-29-16-04-13-0400__CAM_FRONT__1535573215362404.jpg", "samples/CAM_FRONT_RIGHT/n008-2018-08-29-16-04-13-0400__CAM_FRONT_RIGHT__1535573215370482.jpg", "samples/CAM_BACK_LEFT/n008-2018-08-29-16-04-13-0400__CAM_BACK_LEFT__1535573215397405.jpg", "samples/CAM_BACK/n008-2018-08-29-16-04-13-0400__CAM_BACK__1535573215387558.jpg", "samples/CAM_BACK_RIGHT/n008-2018-08-29-16-04-13-0400__CAM_BACK_RIGHT__1535573215378113.jpg"], "intrinsics": [[[1257.8625342125129, 0.0, 827.2410631095686], [0.0, 1257.8625342125129, 450.915498205774], [0.0, 0.0, 1.0]], [[1252.8131021185304, 0.0, 826.588114781398], [0.0, 1252.8131021185304, 469.9846626224581], [0.0, 0.0, 1.0]], [[1256.7485116440405, 0.0, 817.7887570959712], [0.0, 1256.7485116440403, 451.9541780095127], [0.0, 0.0, 1.0]], [[1254.9860565800168, 0.0, 829.5769333630991], [0.0, 1254.9860565800168, 467.1680561863987], [0.0, 0.0, 1.0]], [[796.8910634503094, 0.0, 857.7774326863696], [0.0, 796.8910634503094, 476.8848988407415], [0.0, 0.0, 1.0]], [[1249.9629280788233, 0.0, 825.3768045375984], [0.0, 1249.9629280788233, 462.54816385708756], [0.0, 0.0, 1.0]]], "extrinsics": [[[0.8225196599960327, -0.5686368942260742, -0.010656215250492096, -1.0050048828125], [0.01957075297832489, 0.047024235129356384, -0.9987020492553711, 1.4882965087890625], [0.5683999061584473, 0.8212435245513916, 0.04980700835585594, -1.33349609375], [0.0, 0.0, 0.0, 1.0]], [[0.010406824760138988, -0.9990339875221252, -0.04269339144229889, 0.00537109375], [0.021525081247091293, 0.04290962591767311, -0.9988470673561096, 1.4801559448242188], [0.9997141361236572, 0.009475812315940857, 0.021950840950012207, -1.734619140625], [0.0, 0.0, 0.0, 1.0]], [[-0.8437051773071289, -0.5350598096847534, -0.043274469673633575, 1.0906982421875], [0.029542898759245872, 0.034210652112960815, -0.9989778995513916, 1.4930648803710938], [0.5359933376312256, -0.8441212773323059, -0.013056488707661629, -1.2777099609375], [0.0, 0.0, 0.0, 1.0]], [[0.9478285908699036, 0.3181730806827545, 0.019671469926834106, -1.1439208984375], [0.004152936860918999, 0.049378883093595505, -0.9987714886665344, 1.562042236328125], [-0.31875351071357727, 0.946745753288269, 0.0454813614487648, -0.1561279296875], [0.0, 0.0, 0.0, 1.0]], [[0.009069234132766724, 0.9990800619125366, 0.04191539064049721, -0.0289306640625], [0.006279184482991695, 0.04185938835144043, -0.9991037845611572, 1.5680694580078125], [-0.9999392032623291, 0.009324250742793083, -0.005893777124583721, 0.044281005859375], [0.0, 0.0, 0.0, 1.0]], [[-0.9236287474632263, 0.3832812011241913, -0.0023402078077197075, 1.160736083984375], [0.010482562705874443, 0.019156552851200104, -0.9997615218162537, 1.5478134155273438], [-0.3831450343132019, -0.9234330058097839, -0.021711312234401703, -0.043701171875], [0.0, 0.0, 0.0, 1.0]]], "view": [[0.0, -2.0, 100.0], [-2.0, 0.0, 100.0], [0.0, 0.0, 1.0]], "bev": "bev_84aca76592314d98be1159c0e4872899.png", "aux": "aux_84aca76592314d98be1159c0e4872899.npz", "visibility": "visibility_84aca76592314d98be1159c0e4872899.png", "pose": [[-0.7124072909355164, -0.7017662525177002, 0.0, 1461.1756591796875], [0.7017662525177002, -0.7124072909355164, 0.0, 912.2711791992188], [0.0, 0.0, 1.0, 0.0], [0.0, 0.0, 0.0, 1.0]], "pose_inverse": [[-0.7124072909355164, 0.7017662525177002, 0.0, 400.7510986328125], [-0.7017662525177002, -0.7124072909355164, 0.0, 1675.3123779296875], [0.0, 0.0, 1.0, 0.0], [0.0, 0.0, 0.0, 1.0]], "cam_ids": [0, 1, 2, 3, 4, 5], "cam_channels": ["CAM_FRONT_LEFT", "CAM_FRONT", "CAM_FRONT_RIGHT", "CAM_BACK_LEFT", "CAM_BACK", "CAM_BACK_RIGHT"], "token": "84aca76592314d98be1159c0e4872899", "scene": "scene-0703"}, {"images": ["samples/CAM_FRONT_LEFT/n008-2018-08-29-16-04-13-0400__CAM_FRONT_LEFT__1535573215854799.jpg", "samples/CAM_FRONT/n008-2018-08-29-16-04-13-0400__CAM_FRONT__1535573215862404.jpg", "samples/CAM_FRONT_RIGHT/n008-2018-08-29-16-04-13-0400__CAM_FRONT_RIGHT__1535573215870482.jpg", "samples/CAM_BACK_LEFT/n008-2018-08-29-16-04-13-0400__CAM_BACK_LEFT__1535573215897405.jpg", "samples/CAM_BACK/n008-2018-08-29-16-04-13-0400__CAM_BACK__1535573215887558.jpg", "samples/CAM_BACK_RIGHT/n008-2018-08-29-16-04-13-0400__CAM_BACK_RIGHT__1535573215878113.jpg"], "intrinsics": [[[1257.8625342125129, 0.0, 827.2410631095686], [0.0, 1257.8625342125129, 450.915498205774], [0.0, 0.0, 1.0]], [[1252.8131021185304, 0.0, 826.588114781398], [0.0, 1252.8131021185304, 469.9846626224581], [0.0, 0.0, 1.0]], [[1256.7485116440405, 0.0, 817.7887570959712], [0.0, 1256.7485116440403, 451.9541780095127], [0.0, 0.0, 1.0]], [[1254.9860565800168, 0.0, 829.5769333630991], [0.0, 1254.9860565800168, 467.1680561863987], [0.0, 0.0, 1.0]], [[796.8910634503094, 0.0, 857.7774326863696], [0.0, 796.8910634503094, 476.8848988407415], [0.0, 0.0, 1.0]], [[1249.9629280788233, 0.0, 825.3768045375984], [0.0, 1249.9629280788233, 462.54816385708756], [0.0, 0.0, 1.0]]], "extrinsics": [[[0.8225328922271729, -0.5686191320419312, -0.010578915476799011, -1.0050048828125], [0.01959814876317978, 0.046930089592933655, -0.9987059235572815, 1.4882965087890625], [0.5683797597885132, 0.8212611675262451, 0.049745429307222366, -1.33349609375], [0.0, 0.0, 0.0, 1.0]], [[0.010423957370221615, -0.9990378618240356, -0.04259893298149109, 0.00537109375], [0.02155240997672081, 0.04281581938266754, -0.9988505244255066, 1.48016357421875], [0.9997133612632751, 0.009493893012404442, 0.0219779871404171, -1.734649658203125], [0.0, 0.0, 0.0, 1.0]], [[-0.8436981439590454, -0.5350725054740906, -0.04325276240706444, 1.090576171875], [0.029577676206827164, 0.034115031361579895, -0.9989801049232483, 1.4930801391601562], [0.5360023975372314, -0.8441170454025269, -0.012956592254340649, -1.277587890625], [0.0, 0.0, 0.0, 1.0]], [[0.9478272199630737, 0.3181755542755127, 0.01969311758875847, -1.14398193359375], [0.004206814803183079, 0.049286238849163055, -0.998775839805603, 1.562042236328125], [-0.3187566101551056, 0.9467496871948242, 0.04537633806467056, -0.1561279296875], [0.0, 0.0, 0.0, 1.0]], [[0.00906423106789589, 0.9990838766098022, 0.04182367026805878, -0.02880859375], [0.006334833800792694, 0.0417671762406826, -0.999107301235199, 1.5680618286132812], [-0.9999389052391052, 0.00932109635323286, -0.005950441118329763, 0.04437255859375], [0.0, 0.0, 0.0, 1.0]], [[-0.9236303567886353, 0.3832766115665436, -0.0024189595133066177, 1.160614013671875], [0.010528814047574997, 0.019062858074903488, -0.9997628331184387, 1.5478096008300781], [-0.38313955068588257, -0.9234368205070496, -0.02164248377084732, -0.0438232421875], [0.0, 0.0, 0.0, 1.0]]], "view": [[0.0, -2.0, 100.0], [-2.0, 0.0, 100.0], [0.0, 0.0, 1.0]], "bev": "bev_dfa1739b94f74e18a26fc1fb893ebfcb.png", "aux": "aux_dfa1739b94f74e18a26fc1fb893ebfcb.npz", "visibility": "visibility_dfa1739b94f74e18a26fc1fb893ebfcb.png", "pose": [[-0.7124031186103821, -0.7017704248428345, 0.0, 1461.1756591796875], [0.7017704248428345, -0.7124031186103821, 0.0, 912.2711791992188], [0.0, 0.0, 1.0, 0.0], [0.0, 0.0, 0.0, 1.0]], "pose_inverse": [[-0.7124031186103821, 0.7017704248428345, 0.0, 400.7411804199219], [-0.7017704248428345, -0.7124031186103821, 0.0, 1675.314697265625], [0.0, 0.0, 1.0, 0.0], [0.0, 0.0, 0.0, 1.0]], "cam_ids": [0, 1, 2, 3, 4, 5], "cam_channels": ["CAM_FRONT_LEFT", "CAM_FRONT", "CAM_FRONT_RIGHT", "CAM_BACK_LEFT", "CAM_BACK", "CAM_BACK_RIGHT"], "token": "dfa1739b94f74e18a26fc1fb893ebfcb", "scene": "scene-0703"}, {"images": ["samples/CAM_FRONT_LEFT/n008-2018-08-29-16-04-13-0400__CAM_FRONT_LEFT__1535573216354799.jpg", "samples/CAM_FRONT/n008-2018-08-29-16-04-13-0400__CAM_FRONT__1535573216362404.jpg", "samples/CAM_FRONT_RIGHT/n008-2018-08-29-16-04-13-0400__CAM_FRONT_RIGHT__1535573216370482.jpg", "samples/CAM_BACK_LEFT/n008-2018-08-29-16-04-13-0400__CAM_BACK_LEFT__1535573216397405.jpg", "samples/CAM_BACK/n008-2018-08-29-16-04-13-0400__CAM_BACK__1535573216387558.jpg", "samples/CAM_BACK_RIGHT/n008-2018-08-29-16-04-13-0400__CAM_BACK_RIGHT__1535573216378113.jpg"], "intrinsics": [[[1257.8625342125129, 0.0, 827.2410631095686], [0.0, 1257.8625342125129, 450.915498205774], [0.0, 0.0, 1.0]], [[1252.8131021185304, 0.0, 826.588114781398], [0.0, 1252.8131021185304, 469.9846626224581], [0.0, 0.0, 1.0]], [[1256.7485116440405, 0.0, 817.7887570959712], [0.0, 1256.7485116440403, 451.9541780095127], [0.0, 0.0, 1.0]], [[1254.9860565800168, 0.0, 829.5769333630991], [0.0, 1254.9860565800168, 467.1680561863987], [0.0, 0.0, 1.0]], [[796.8910634503094, 0.0, 857.7774326863696], [0.0, 796.8910634503094, 476.8848988407415], [0.0, 0.0, 1.0]], [[1249.9629280788233, 0.0, 825.3768045375984], [0.0, 1249.9629280788233, 462.54816385708756], [0.0, 0.0, 1.0]]], "extrinsics": [[[0.8225294947624207, -0.5686237812042236, -0.010597771033644676, -1.0050048828125], [0.019561022520065308, 0.046909037977457047, -0.99870765209198, 1.4882965087890625], [0.5683860182762146, 0.8212592005729675, 0.049706924706697464, -1.3333740234375], [0.0, 0.0, 0.0, 1.0]], [[0.010421077720820904, -0.9990389943122864, -0.04257224500179291, 0.0052490234375], [0.02150561660528183, 0.042788632214069366, -0.9988526701927185, 1.48016357421875], [0.9997144341468811, 0.00949358381330967, 0.021930856630206108, -1.734771728515625], [0.0, 0.0, 0.0, 1.0]], [[-0.8436999917030334, -0.5350748896598816, -0.04318806901574135, 1.0906982421875], [0.029518045485019684, 0.03408825024962425, -0.9989827871322632, 1.4930648803710938], [0.5360028743743896, -0.8441165685653687, -0.012965892441570759, -1.277587890625], [0.0, 0.0, 0.0, 1.0]], [[0.9478285908699036, 0.3181765377521515, 0.01961532235145569, -1.1439208984375], [0.0041269538924098015, 0.04927980154752731, -0.9987764954566956, 1.562042236328125], [-0.3187538683414459, 0.9467498064041138, 0.045395705848932266, -0.1561279296875], [0.0, 0.0, 0.0, 1.0]], [[0.00906536728143692, 0.9990848302841187, 0.04180220142006874, -0.0289306640625], [0.006250160746276379, 0.04174648970365524, -0.9991086721420288, 1.5680618286132812], [-0.999939501285553, 0.009318569675087929, -0.005865997169166803, 0.044281005859375], [0.0, 0.0, 0.0, 1.0]], [[-0.9236320853233337, 0.38327306509017944, -0.0023600077256560326, 1.16070556640625], [0.010453969240188599, 0.01903647556900978, -0.9997641444206238, 1.5478134155273438], [-0.3831377923488617, -0.9234389066696167, -0.02158942259848118, -0.043701171875], [0.0, 0.0, 0.0, 1.0]]], "view": [[0.0, -2.0, 100.0], [-2.0, 0.0, 100.0], [0.0, 0.0, 1.0]], "bev": "bev_c77432d5be664d22889fcb94f01ac478.png", "aux": "aux_c77432d5be664d22889fcb94f01ac478.npz", "visibility": "visibility_c77432d5be664d22889fcb94f01ac478.png", "pose": [[-0.7123517394065857, -0.7018226385116577, 0.0, 1461.1756591796875], [0.7018226385116577, -0.7123517394065857, 0.0, 912.2711791992188], [0.0, 0.0, 1.0, 0.0], [0.0, 0.0, 0.0, 1.0]], "pose_inverse": [[-0.7123517394065857, 0.7018226385116577, 0.0, 400.6184997558594], [-0.7018226385116577, -0.7123517394065857, 0.0, 1675.3441162109375], [0.0, 0.0, 1.0, 0.0], [0.0, 0.0, 0.0, 1.0]], "cam_ids": [0, 1, 2, 3, 4, 5], "cam_channels": ["CAM_FRONT_LEFT", "CAM_FRONT", "CAM_FRONT_RIGHT", "CAM_BACK_LEFT", "CAM_BACK", "CAM_BACK_RIGHT"], "token": "c77432d5be664d22889fcb94f01ac478", "scene": "scene-0703"}, {"images": ["samples/CAM_FRONT_LEFT/n008-2018-08-29-16-04-13-0400__CAM_FRONT_LEFT__1535573216854799.jpg", "samples/CAM_FRONT/n008-2018-08-29-16-04-13-0400__CAM_FRONT__1535573216862404.jpg", "samples/CAM_FRONT_RIGHT/n008-2018-08-29-16-04-13-0400__CAM_FRONT_RIGHT__1535573216870482.jpg", "samples/CAM_BACK_LEFT/n008-2018-08-29-16-04-13-0400__CAM_BACK_LEFT__1535573216897405.jpg", "samples/CAM_BACK/n008-2018-08-29-16-04-13-0400__CAM_BACK__1535573216887558.jpg", "samples/CAM_BACK_RIGHT/n008-2018-08-29-16-04-13-0400__CAM_BACK_RIGHT__1535573216878113.jpg"], "intrinsics": [[[1257.8625342125129, 0.0, 827.2410631095686], [0.0, 1257.8625342125129, 450.915498205774], [0.0, 0.0, 1.0]], [[1252.8131021185304, 0.0, 826.588114781398], [0.0, 1252.8131021185304, 469.9846626224581], [0.0, 0.0, 1.0]], [[1256.7485116440405, 0.0, 817.7887570959712], [0.0, 1256.7485116440403, 451.9541780095127], [0.0, 0.0, 1.0]], [[1254.9860565800168, 0.0, 829.5769333630991], [0.0, 1254.9860565800168, 467.1680561863987], [0.0, 0.0, 1.0]], [[796.8910634503094, 0.0, 857.7774326863696], [0.0, 796.8910634503094, 476.8848988407415], [0.0, 0.0, 1.0]], [[1249.9629280788233, 0.0, 825.3768045375984], [0.0, 1249.9629280788233, 462.54816385708756], [0.0, 0.0, 1.0]]], "extrinsics": [[[0.8225347995758057, -0.5686152577400208, -0.01064365729689598, -1.0050048828125], [0.01941646821796894, 0.046781573444604874, -0.9987163543701172, 1.4882965087890625], [0.5683833360671997, 0.8212723135948181, 0.04951997473835945, -1.33349609375], [0.0, 0.0, 0.0, 1.0]], [[0.010427447967231274, -0.9990440607070923, -0.04245268180966377, 0.00537109375], [0.021389616653323174, 0.04266812652349472, -0.9988603591918945, 1.4801559448242188], [0.9997168183326721, 0.009507490321993828, 0.02181408926844597, -1.7347412109375], [0.0, 0.0, 0.0, 1.0]], [[-0.8436987996101379, -0.5350891351699829, -0.04303254932165146, 1.0904541015625], [0.02940535545349121, 0.03397531062364578, -0.998989999294281, 1.493072509765625], [0.5360108613967896, -0.8441120386123657, -0.012930439785122871, -1.277587890625], [0.0, 0.0, 0.0, 1.0]], [[0.9478288292884827, 0.3181827962398529, 0.01949528604745865, -1.1439208984375], [0.004055769648402929, 0.04911460354924202, -0.9987848997116089, 1.562042236328125], [-0.3187536895275116, 0.9467562437057495, 0.04526176676154137, -0.1561279296875], [0.0, 0.0, 0.0, 1.0]], [[0.009061490185558796, 0.9990906715393066, 0.04166217893362045, -0.02880859375], [0.0061657000333070755, 0.04160727560520172, -0.999114990234375, 1.5680618286132812], [-0.9999399781227112, 0.009310396388173103, -0.005783068481832743, 0.044342041015625], [0.0, 0.0, 0.0, 1.0]], [[-0.9236364364624023, 0.38326263427734375, -0.002310412935912609, 1.16070556640625], [0.010350759141147137, 0.018917739391326904, -0.9997674822807312, 1.5478172302246094], [-0.3831298053264618, -0.9234455823898315, -0.02144017070531845, -0.043701171875], [0.0, 0.0, 0.0, 1.0]]], "view": [[0.0, -2.0, 100.0], [-2.0, 0.0, 100.0], [0.0, 0.0, 1.0]], "bev": "bev_79bb77f640dd4f24ac52c83d1b47ae0b.png", "aux": "aux_79bb77f640dd4f24ac52c83d1b47ae0b.npz", "visibility": "visibility_79bb77f640dd4f24ac52c83d1b47ae0b.png", "pose": [[-0.7123410105705261, -0.7018334865570068, 0.0, 1461.1756591796875], [0.7018334865570068, -0.7123410105705261, 0.0, 912.2711791992188], [0.0, 0.0, 1.0, 0.0], [0.0, 0.0, 0.0, 1.0]], "pose_inverse": [[-0.7123410105705261, 0.7018334865570068, 0.0, 400.5928649902344], [-0.7018334865570068, -0.7123410105705261, 0.0, 1675.3502197265625], [0.0, 0.0, 1.0, 0.0], [0.0, 0.0, 0.0, 1.0]], "cam_ids": [0, 1, 2, 3, 4, 5], "cam_channels": ["CAM_FRONT_LEFT", "CAM_FRONT", "CAM_FRONT_RIGHT", "CAM_BACK_LEFT", "CAM_BACK", "CAM_BACK_RIGHT"], "token": "79bb77f640dd4f24ac52c83d1b47ae0b", "scene": "scene-0703"}, {"images": ["samples/CAM_FRONT_LEFT/n008-2018-08-29-16-04-13-0400__CAM_FRONT_LEFT__1535573217354799.jpg", "samples/CAM_FRONT/n008-2018-08-29-16-04-13-0400__CAM_FRONT__1535573217362404.jpg", "samples/CAM_FRONT_RIGHT/n008-2018-08-29-16-04-13-0400__CAM_FRONT_RIGHT__1535573217370482.jpg", "samples/CAM_BACK_LEFT/n008-2018-08-29-16-04-13-0400__CAM_BACK_LEFT__1535573217397405.jpg", "samples/CAM_BACK/n008-2018-08-29-16-04-13-0400__CAM_BACK__1535573217387558.jpg", "samples/CAM_BACK_RIGHT/n008-2018-08-29-16-04-13-0400__CAM_BACK_RIGHT__1535573217378113.jpg"], "intrinsics": [[[1257.8625342125129, 0.0, 827.2410631095686], [0.0, 1257.8625342125129, 450.915498205774], [0.0, 0.0, 1.0]], [[1252.8131021185304, 0.0, 826.588114781398], [0.0, 1252.8131021185304, 469.9846626224581], [0.0, 0.0, 1.0]], [[1256.7485116440405, 0.0, 817.7887570959712], [0.0, 1256.7485116440403, 451.9541780095127], [0.0, 0.0, 1.0]], [[1254.9860565800168, 0.0, 829.5769333630991], [0.0, 1254.9860565800168, 467.1680561863987], [0.0, 0.0, 1.0]], [[796.8910634503094, 0.0, 857.7774326863696], [0.0, 796.8910634503094, 476.8848988407415], [0.0, 0.0, 1.0]], [[1249.9629280788233, 0.0, 825.3768045375984], [0.0, 1249.9629280788233, 462.54816385708756], [0.0, 0.0, 1.0]]], "extrinsics": [[[0.8225458860397339, -0.568600594997406, -0.010571053251624107, -1.00506591796875], [0.01943986304104328, 0.04668955132365227, -0.9987202286720276, 1.4883041381835938], [0.568366527557373, 0.8212876915931702, 0.04945781081914902, -1.333251953125], [0.0, 0.0, 0.0, 1.0]], [[0.010445913299918175, -0.9990480542182922, -0.04235216602683067, 0.005126953125], [0.021400177851319313, 0.042568132281303406, -0.9988643527030945, 1.48016357421875], [0.9997164011001587, 0.009527659974992275, 0.021824471652507782, -1.73455810546875], [0.0, 0.0, 0.0, 1.0]], [[-0.8436909317970276, -0.5351042151451111, -0.04300059750676155, 1.0904541015625], [0.02943328395485878, 0.03387131169438362, -0.9989926815032959, 1.493072509765625], [0.5360217690467834, -0.8441067337989807, -0.012827045284211636, -1.277587890625], [0.0, 0.0, 0.0, 1.0]], [[0.9478286504745483, 0.318186491727829, 0.01944747194647789, -1.1439208984375], [0.004036311991512775, 0.04902218282222748, -0.9987895488739014, 1.562042236328125], [-0.31875476241111755, 0.946759819984436, 0.04518033191561699, -0.156005859375], [0.0, 0.0, 0.0, 1.0]], [[0.009056957438588142, 0.9990948438644409, 0.041562240570783615, -0.02880859375], [0.006166853941977024, 0.04150735214352608, -0.9991191625595093, 1.5680618286132812], [-0.999940037727356, 0.009305321611464024, -0.005785343237221241, 0.04425048828125], [0.0, 0.0, 0.0, 1.0]], [[-0.9236392378807068, 0.3832556903362274, -0.002371576614677906, 1.1607666015625], [0.010373977944254875, 0.01881455071270466, -0.9997691512107849, 1.5478096008300781], [-0.38312265276908875, -0.9234505891799927, -0.021353742107748985, -0.043701171875], [0.0, 0.0, 0.0, 1.0]]], "view": [[0.0, -2.0, 100.0], [-2.0, 0.0, 100.0], [0.0, 0.0, 1.0]], "bev": "bev_8aefc1867bb5490f9d60756e39ece4cd.png", "aux": "aux_8aefc1867bb5490f9d60756e39ece4cd.npz", "visibility": "visibility_8aefc1867bb5490f9d60756e39ece4cd.png", "pose": [[-0.7123352289199829, -0.7018393874168396, 0.0, 1461.1756591796875], [0.7018393874168396, -0.7123352289199829, 0.0, 912.2711791992188], [0.0, 0.0, 1.0, 0.0], [0.0, 0.0, 0.0, 1.0]], "pose_inverse": [[-0.7123352289199829, 0.7018393874168396, 0.0, 400.57904052734375], [-0.7018393874168396, -0.7123352289199829, 0.0, 1675.353515625], [0.0, 0.0, 1.0, 0.0], [0.0, 0.0, 0.0, 1.0]], "cam_ids": [0, 1, 2, 3, 4, 5], "cam_channels": ["CAM_FRONT_LEFT", "CAM_FRONT", "CAM_FRONT_RIGHT", "CAM_BACK_LEFT", "CAM_BACK", "CAM_BACK_RIGHT"], "token": "8aefc1867bb5490f9d60756e39ece4cd", "scene": "scene-0703"}, {"images": ["samples/CAM_FRONT_LEFT/n008-2018-08-29-16-04-13-0400__CAM_FRONT_LEFT__1535573217904799.jpg", "samples/CAM_FRONT/n008-2018-08-29-16-04-13-0400__CAM_FRONT__1535573217912404.jpg", "samples/CAM_FRONT_RIGHT/n008-2018-08-29-16-04-13-0400__CAM_FRONT_RIGHT__1535573217920482.jpg", "samples/CAM_BACK_LEFT/n008-2018-08-29-16-04-13-0400__CAM_BACK_LEFT__1535573217947405.jpg", "samples/CAM_BACK/n008-2018-08-29-16-04-13-0400__CAM_BACK__1535573217937558.jpg", "samples/CAM_BACK_RIGHT/n008-2018-08-29-16-04-13-0400__CAM_BACK_RIGHT__1535573217928113.jpg"], "intrinsics": [[[1257.8625342125129, 0.0, 827.2410631095686], [0.0, 1257.8625342125129, 450.915498205774], [0.0, 0.0, 1.0]], [[1252.8131021185304, 0.0, 826.588114781398], [0.0, 1252.8131021185304, 469.9846626224581], [0.0, 0.0, 1.0]], [[1256.7485116440405, 0.0, 817.7887570959712], [0.0, 1256.7485116440403, 451.9541780095127], [0.0, 0.0, 1.0]], [[1254.9860565800168, 0.0, 829.5769333630991], [0.0, 1254.9860565800168, 467.1680561863987], [0.0, 0.0, 1.0]], [[796.8910634503094, 0.0, 857.7774326863696], [0.0, 796.8910634503094, 476.8848988407415], [0.0, 0.0, 1.0]], [[1249.9629280788233, 0.0, 825.3768045375984], [0.0, 1249.9629280788233, 462.54816385708756], [0.0, 0.0, 1.0]]], "extrinsics": [[[0.8225167989730835, -0.5686400532722473, -0.010711025446653366, -1.00494384765625], [0.01937071979045868, 0.04683103784918785, -0.9987149834632874, 1.4882965087890625], [0.5684109330177307, 0.8212522864341736, 0.049534279853105545, -1.333251953125], [0.0, 0.0, 0.0, 1.0]], [[0.010401138104498386, -0.999042272567749, -0.042500950396060944, 0.00537109375], [0.021323049440979958, 0.04271518439054489, -0.998859703540802, 1.48016357421875], [0.9997185468673706, 0.009483067318797112, 0.021746916696429253, -1.7347412109375], [0.0, 0.0, 0.0, 1.0]], [[-0.8437107801437378, -0.5350731015205383, -0.04300129413604736, 1.0906982421875], [0.02934068813920021, 0.03401933237910271, -0.9989903569221497, 1.493072509765625], [0.5359957218170166, -0.8441206216812134, -0.013003063388168812, -1.277587890625], [0.0, 0.0, 0.0, 1.0]], [[0.9478315711021423, 0.3181799054145813, 0.019411534070968628, -1.1439208984375], [0.0039420947432518005, 0.049190543591976166, -0.9987816214561462, 1.562042236328125], [-0.3187471628189087, 0.9467533230781555, 0.04537005349993706, -0.1561279296875], [0.0, 0.0, 0.0, 1.0]], [[0.009072788991034031, 0.9990879893302917, 0.04172411561012268, -0.0289306640625], [0.006074889097362757, 0.04166999086737633, -0.9991129040718079, 1.56805419921875], [-0.9999404549598694, 0.009318197146058083, -0.005691285710781813, 0.04437255859375], [0.0, 0.0, 0.0, 1.0]], [[-0.9236314296722412, 0.3832751214504242, -0.0022260588593780994, 1.160736083984375], [0.010280774906277657, 0.0189683735370636, -0.9997671842575073, 1.5478172302246094], [-0.38314372301101685, -0.9234393835067749, -0.0214601531624794, -0.0435791015625], [0.0, 0.0, 0.0, 1.0]]], "view": [[0.0, -2.0, 100.0], [-2.0, 0.0, 100.0], [0.0, 0.0, 1.0]], "bev": "bev_9ee575c806944e32a10e176d6c16c2d0.png", "aux": "aux_9ee575c806944e32a10e176d6c16c2d0.npz", "visibility": "visibility_9ee575c806944e32a10e176d6c16c2d0.png", "pose": [[-0.7123948931694031, -0.7017788290977478, 0.0, 1461.1756591796875], [0.7017788290977478, -0.7123948931694031, 0.0, 912.2711791992188], [0.0, 0.0, 1.0, 0.0], [0.0, 0.0, 0.0, 1.0]], "pose_inverse": [[-0.7123948931694031, 0.7017788290977478, 0.0, 400.7215270996094], [-0.7017788290977478, -0.7123948931694031, 0.0, 1675.3194580078125], [0.0, 0.0, 1.0, 0.0], [0.0, 0.0, 0.0, 1.0]], "cam_ids": [0, 1, 2, 3, 4, 5], "cam_channels": ["CAM_FRONT_LEFT", "CAM_FRONT", "CAM_FRONT_RIGHT", "CAM_BACK_LEFT", "CAM_BACK", "CAM_BACK_RIGHT"], "token": "9ee575c806944e32a10e176d6c16c2d0", "scene": "scene-0703"}, {"images": ["samples/CAM_FRONT_LEFT/n008-2018-08-29-16-04-13-0400__CAM_FRONT_LEFT__1535573218404799.jpg", "samples/CAM_FRONT/n008-2018-08-29-16-04-13-0400__CAM_FRONT__1535573218412404.jpg", "samples/CAM_FRONT_RIGHT/n008-2018-08-29-16-04-13-0400__CAM_FRONT_RIGHT__1535573218420482.jpg", "samples/CAM_BACK_LEFT/n008-2018-08-29-16-04-13-0400__CAM_BACK_LEFT__1535573218447405.jpg", "samples/CAM_BACK/n008-2018-08-29-16-04-13-0400__CAM_BACK__1535573218437558.jpg", "samples/CAM_BACK_RIGHT/n008-2018-08-29-16-04-13-0400__CAM_BACK_RIGHT__1535573218428113.jpg"], "intrinsics": [[[1257.8625342125129, 0.0, 827.2410631095686], [0.0, 1257.8625342125129, 450.915498205774], [0.0, 0.0, 1.0]], [[1252.8131021185304, 0.0, 826.588114781398], [0.0, 1252.8131021185304, 469.9846626224581], [0.0, 0.0, 1.0]], [[1256.7485116440405, 0.0, 817.7887570959712], [0.0, 1256.7485116440403, 451.9541780095127], [0.0, 0.0, 1.0]], [[1254.9860565800168, 0.0, 829.5769333630991], [0.0, 1254.9860565800168, 467.1680561863987], [0.0, 0.0, 1.0]], [[796.8910634503094, 0.0, 857.7774326863696], [0.0, 796.8910634503094, 476.8848988407415], [0.0, 0.0, 1.0]], [[1249.9629280788233, 0.0, 825.3768045375984], [0.0, 1249.9629280788233, 462.54816385708756], [0.0, 0.0, 1.0]]], "extrinsics": [[[0.822547972202301, -0.5685936808586121, -0.010782918892800808, -1.0050048828125], [0.019276905804872513, 0.046826526522636414, -0.9987170100212097, 1.4882888793945312], [0.5683690309524536, 0.8212847113609314, 0.04947778582572937, -1.3333740234375], [0.0, 0.0, 0.0, 1.0]], [[0.010442658327519894, -0.9990422129631042, -0.04249385744333267, 0.00537109375], [0.021240122616291046, 0.042708203196525574, -0.9988617897033691, 1.48016357421875], [0.9997198581695557, 0.009528201073408127, 0.02166576310992241, -1.734771728515625], [0.0, 0.0, 0.0, 1.0]], [[-0.843695878982544, -0.535101592540741, -0.04293539747595787, 1.0904541015625], [0.029268162325024605, 0.03400984779000282, -0.9989928603172302, 1.493072509765625], [0.536022961139679, -0.8441027998924255, -0.013032527640461922, -1.277587890625], [0.0, 0.0, 0.0, 1.0]], [[0.9478309154510498, 0.31818607449531555, 0.01934732124209404, -1.14398193359375], [0.0038838470354676247, 0.0491616353392601, -0.9987832903862, 1.5620346069335938], [-0.31875017285346985, 0.9467527270317078, 0.04536112770438194, -0.1561279296875], [0.0, 0.0, 0.0, 1.0]], [[0.009060641750693321, 0.9990889430046082, 0.04170392081141472, -0.02880859375], [0.006012151949107647, 0.041650447994470596, -0.9991141557693481, 1.5680618286132812], [-0.9999409914016724, 0.009303322993218899, -0.005629293620586395, 0.044342041015625], [0.0, 0.0, 0.0, 1.0]], [[-0.9236412644386292, 0.38325202465057373, -0.0021636495366692543, 1.16064453125], [0.010208074934780598, 0.01895737648010254, -0.9997681975364685, 1.5478134155273438], [-0.38312211632728577, -0.9234492778778076, -0.02142207697033882, -0.043701171875], [0.0, 0.0, 0.0, 1.0]]], "view": [[0.0, -2.0, 100.0], [-2.0, 0.0, 100.0], [0.0, 0.0, 1.0]], "bev": "bev_9bccba92b065466aa8e28c53927809a3.png", "aux": "aux_9bccba92b065466aa8e28c53927809a3.npz", "visibility": "visibility_9bccba92b065466aa8e28c53927809a3.png", "pose": [[-0.7123318314552307, -0.7018428444862366, 0.0, 1461.1756591796875], [0.7018428444862366, -0.7123318314552307, 0.0, 912.2711791992188], [0.0, 0.0, 1.0, 0.0], [0.0, 0.0, 0.0, 1.0]], "pose_inverse": [[-0.7123318314552307, 0.7018428444862366, 0.0, 400.5709228515625], [-0.7018428444862366, -0.7123318314552307, 0.0, 1675.35546875], [0.0, 0.0, 1.0, 0.0], [0.0, 0.0, 0.0, 1.0]], "cam_ids": [0, 1, 2, 3, 4, 5], "cam_channels": ["CAM_FRONT_LEFT", "CAM_FRONT", "CAM_FRONT_RIGHT", "CAM_BACK_LEFT", "CAM_BACK", "CAM_BACK_RIGHT"], "token": "9bccba92b065466aa8e28c53927809a3", "scene": "scene-0703"}, {"images": ["samples/CAM_FRONT_LEFT/n008-2018-08-29-16-04-13-0400__CAM_FRONT_LEFT__1535573218904799.jpg", "samples/CAM_FRONT/n008-2018-08-29-16-04-13-0400__CAM_FRONT__1535573218912404.jpg", "samples/CAM_FRONT_RIGHT/n008-2018-08-29-16-04-13-0400__CAM_FRONT_RIGHT__1535573218920482.jpg", "samples/CAM_BACK_LEFT/n008-2018-08-29-16-04-13-0400__CAM_BACK_LEFT__1535573218947405.jpg", "samples/CAM_BACK/n008-2018-08-29-16-04-13-0400__CAM_BACK__1535573218937558.jpg", "samples/CAM_BACK_RIGHT/n008-2018-08-29-16-04-13-0400__CAM_BACK_RIGHT__1535573218928113.jpg"], "intrinsics": [[[1257.8625342125129, 0.0, 827.2410631095686], [0.0, 1257.8625342125129, 450.915498205774], [0.0, 0.0, 1.0]], [[1252.8131021185304, 0.0, 826.588114781398], [0.0, 1252.8131021185304, 469.9846626224581], [0.0, 0.0, 1.0]], [[1256.7485116440405, 0.0, 817.7887570959712], [0.0, 1256.7485116440403, 451.9541780095127], [0.0, 0.0, 1.0]], [[1254.9860565800168, 0.0, 829.5769333630991], [0.0, 1254.9860565800168, 467.1680561863987], [0.0, 0.0, 1.0]], [[796.8910634503094, 0.0, 857.7774326863696], [0.0, 796.8910634503094, 476.8848988407415], [0.0, 0.0, 1.0]], [[1249.9629280788233, 0.0, 825.3768045375984], [0.0, 1249.9629280788233, 462.54816385708756], [0.0, 0.0, 1.0]]], "extrinsics": [[[0.8225379586219788, -0.5686065554618835, -0.010855683125555515, -1.00494384765625], [0.019195424392819405, 0.04683507978916168, -0.9987182021141052, 1.4882888793945312], [0.5683861374855042, 0.8212752938270569, 0.04943827539682388, -1.3333740234375], [0.0, 0.0, 0.0, 1.0]], [[0.010424637235701084, -0.9990417957305908, -0.04250578209757805, 0.00537109375], [0.02115451730787754, 0.04271891713142395, -0.998863160610199, 1.48016357421875], [0.9997218251228333, 0.00951356254518032, 0.021579576656222343, -1.734649658203125], [0.0, 0.0, 0.0, 1.0]], [[-0.8437063694000244, -0.5350905060768127, -0.04286715388298035, 1.0904541015625], [0.02917930670082569, 0.03402284160256386, -0.9989949464797974, 1.493072509765625], [0.536011278629303, -0.8441094160079956, -0.013091723434627056, -1.277587890625], [0.0, 0.0, 0.0, 1.0]], [[0.947832465171814, 0.31818389892578125, 0.01930110901594162, -1.1439208984375], [0.0038232228253036737, 0.049197401851415634, -0.9987817406654358, 1.562042236328125], [-0.318745881319046, 0.946751594543457, 0.045414410531520844, -0.15625], [0.0, 0.0, 0.0, 1.0]], [[0.009068633429706097, 0.9990876913070679, 0.041731204837560654, -0.028564453125], [0.005953246261924505, 0.04167823866009712, -0.9991133213043213, 1.5680618286132812], [-0.9999411702156067, 0.009308993816375732, -0.005569850094616413, 0.044342041015625], [0.0, 0.0, 0.0, 1.0]], [[-0.9236378073692322, 0.38326066732406616, -0.0020887083373963833, 1.16070556640625], [0.010134364478290081, 0.018974699079990387, -0.9997686147689819, 1.5478134155273438], [-0.38313233852386475, -0.9234452843666077, -0.021409854292869568, -0.0438232421875], [0.0, 0.0, 0.0, 1.0]]], "view": [[0.0, -2.0, 100.0], [-2.0, 0.0, 100.0], [0.0, 0.0, 1.0]], "bev": "bev_3b1886a27cd7456a9f1ea25f10cf53bc.png", "aux": "aux_3b1886a27cd7456a9f1ea25f10cf53bc.npz", "visibility": "visibility_3b1886a27cd7456a9f1ea25f10cf53bc.png", "pose": [[-0.7122818827629089, -0.7018935084342957, 0.0, 1461.1756591796875], [0.7018935084342957, -0.7122818827629089, 0.0, 912.2711181640625], [0.0, 0.0, 1.0, 0.0], [0.0, 0.0, 0.0, 1.0]], "pose_inverse": [[-0.7122818827629089, 0.7018935084342957, 0.0, 400.4517517089844], [-0.7018935084342957, -0.7122818827629089, 0.0, 1675.3839111328125], [0.0, 0.0, 1.0, 0.0], [0.0, 0.0, 0.0, 1.0]], "cam_ids": [0, 1, 2, 3, 4, 5], "cam_channels": ["CAM_FRONT_LEFT", "CAM_FRONT", "CAM_FRONT_RIGHT", "CAM_BACK_LEFT", "CAM_BACK", "CAM_BACK_RIGHT"], "token": "3b1886a27cd7456a9f1ea25f10cf53bc", "scene": "scene-0703"}, {"images": ["samples/CAM_FRONT_LEFT/n008-2018-08-29-16-04-13-0400__CAM_FRONT_LEFT__1535573219404799.jpg", "samples/CAM_FRONT/n008-2018-08-29-16-04-13-0400__CAM_FRONT__1535573219412404.jpg", "samples/CAM_FRONT_RIGHT/n008-2018-08-29-16-04-13-0400__CAM_FRONT_RIGHT__1535573219420482.jpg", "samples/CAM_BACK_LEFT/n008-2018-08-29-16-04-13-0400__CAM_BACK_LEFT__1535573219447405.jpg", "samples/CAM_BACK/n008-2018-08-29-16-04-13-0400__CAM_BACK__1535573219437612.jpg", "samples/CAM_BACK_RIGHT/n008-2018-08-29-16-04-13-0400__CAM_BACK_RIGHT__1535573219428116.jpg"], "intrinsics": [[[1257.8625342125129, 0.0, 827.2410631095686], [0.0, 1257.8625342125129, 450.915498205774], [0.0, 0.0, 1.0]], [[1252.8131021185304, 0.0, 826.588114781398], [0.0, 1252.8131021185304, 469.9846626224581], [0.0, 0.0, 1.0]], [[1256.7485116440405, 0.0, 817.7887570959712], [0.0, 1256.7485116440403, 451.9541780095127], [0.0, 0.0, 1.0]], [[1254.9860565800168, 0.0, 829.5769333630991], [0.0, 1254.9860565800168, 467.1680561863987], [0.0, 0.0, 1.0]], [[796.8910634503094, 0.0, 857.7774326863696], [0.0, 796.8910634503094, 476.8848988407415], [0.0, 0.0, 1.0]], [[1249.9629280788233, 0.0, 825.3768045375984], [0.0, 1249.9629280788233, 462.54816385708756], [0.0, 0.0, 1.0]]], "extrinsics": [[[0.822525143623352, -0.5686255693435669, -0.010831311345100403, -1.00506591796875], [0.019236747175455093, 0.046850018203258514, -0.9987166523933411, 1.4883041381835938], [0.5684033632278442, 0.8212612271308899, 0.049473825842142105, -1.3333740234375], [0.0, 0.0, 0.0, 1.0]], [[0.010405804961919785, -0.9990416765213013, -0.04251345247030258, 0.00537109375], [0.02119477465748787, 0.04272656515240669, -0.9988619685173035, 1.48016357421875], [0.9997212290763855, 0.009492909535765648, 0.021619072183966637, -1.734588623046875], [0.0, 0.0, 0.0, 1.0]], [[-0.8437138795852661, -0.5350761413574219, -0.042899832129478455, 1.090576171875], [0.02921837568283081, 0.03402267023921013, -0.9989938735961914, 1.4930801391601562], [0.5359973311424255, -0.8441184759140015, -0.013071343302726746, -1.277587890625], [0.0, 0.0, 0.0, 1.0]], [[0.9478323459625244, 0.3181835114955902, 0.019316283985972404, -1.14385986328125], [0.0038505634292960167, 0.049163736402988434, -0.9987832903862, 1.562042236328125], [-0.31874608993530273, 0.9467535018920898, 0.045373789966106415, -0.1561279296875], [0.0, 0.0, 0.0, 1.0]], [[0.009074674919247627, 0.9990884065628052, 0.041713640093803406, -0.0286865234375], [0.005972972139716148, 0.041660454124212265, -0.9991139769554138, 1.5680694580078125], [-0.9999409914016724, 0.009315735660493374, -0.005589473061263561, 0.044281005859375], [0.0, 0.0, 0.0, 1.0]], [[-0.9236330389976501, 0.3832722306251526, -0.0021209020633250475, 1.16070556640625], [0.01016600988805294, 0.01896628551185131, -0.9997684359550476, 1.5478172302246094], [-0.38314318656921387, -0.9234406352043152, -0.02141423709690571, -0.0438232421875], [0.0, 0.0, 0.0, 1.0]]], "view": [[0.0, -2.0, 100.0], [-2.0, 0.0, 100.0], [0.0, 0.0, 1.0]], "bev": "bev_5c4821c53d3b4f68b615f65620c52b53.png", "aux": "aux_5c4821c53d3b4f68b615f65620c52b53.npz", "visibility": "visibility_5c4821c53d3b4f68b615f65620c52b53.png", "pose": [[-0.7123540043830872, -0.7018203139305115, 0.0, 1461.1756591796875], [0.7018203139305115, -0.7123540043830872, 0.0, 912.2711791992188], [0.0, 0.0, 1.0, 0.0], [0.0, 0.0, 0.0, 1.0]], "pose_inverse": [[-0.7123540043830872, 0.7018203139305115, 0.0, 400.6238708496094], [-0.7018203139305115, -0.7123540043830872, 0.0, 1675.3427734375], [0.0, 0.0, 1.0, 0.0], [0.0, 0.0, 0.0, 1.0]], "cam_ids": [0, 1, 2, 3, 4, 5], "cam_channels": ["CAM_FRONT_LEFT", "CAM_FRONT", "CAM_FRONT_RIGHT", "CAM_BACK_LEFT", "CAM_BACK", "CAM_BACK_RIGHT"], "token": "5c4821c53d3b4f68b615f65620c52b53", "scene": "scene-0703"}, {"images": ["samples/CAM_FRONT_LEFT/n008-2018-08-29-16-04-13-0400__CAM_FRONT_LEFT__1535573219904799.jpg", "samples/CAM_FRONT/n008-2018-08-29-16-04-13-0400__CAM_FRONT__1535573219912404.jpg", "samples/CAM_FRONT_RIGHT/n008-2018-08-29-16-04-13-0400__CAM_FRONT_RIGHT__1535573219920482.jpg", "samples/CAM_BACK_LEFT/n008-2018-08-29-16-04-13-0400__CAM_BACK_LEFT__1535573219947405.jpg", "samples/CAM_BACK/n008-2018-08-29-16-04-13-0400__CAM_BACK__1535573219937558.jpg", "samples/CAM_BACK_RIGHT/n008-2018-08-29-16-04-13-0400__CAM_BACK_RIGHT__1535573219928113.jpg"], "intrinsics": [[[1257.8625342125129, 0.0, 827.2410631095686], [0.0, 1257.8625342125129, 450.915498205774], [0.0, 0.0, 1.0]], [[1252.8131021185304, 0.0, 826.588114781398], [0.0, 1252.8131021185304, 469.9846626224581], [0.0, 0.0, 1.0]], [[1256.7485116440405, 0.0, 817.7887570959712], [0.0, 1256.7485116440403, 451.9541780095127], [0.0, 0.0, 1.0]], [[1254.9860565800168, 0.0, 829.5769333630991], [0.0, 1254.9860565800168, 467.1680561863987], [0.0, 0.0, 1.0]], [[796.8910634503094, 0.0, 857.7774326863696], [0.0, 796.8910634503094, 476.8848988407415], [0.0, 0.0, 1.0]], [[1249.9629280788233, 0.0, 825.3768045375984], [0.0, 1249.9629280788233, 462.54816385708756], [0.0, 0.0, 1.0]]], "extrinsics": [[[0.8225275874137878, -0.5686210989952087, -0.01088900025933981, -1.00506591796875], [0.019192513078451157, 0.04688779264688492, -0.9987156987190247, 1.4882965087890625], [0.5684013962745667, 0.8212622404098511, 0.04947976768016815, -1.3333740234375], [0.0, 0.0, 0.0, 1.0]], [[0.01040929276496172, -0.999039888381958, -0.042554717510938644, 0.0052490234375], [0.02115115150809288, 0.0427674874663353, -0.9988611340522766, 1.48016357421875], [0.9997221231460571, 0.00949739571660757, 0.02157602272927761, -1.7347412109375], [0.0, 0.0, 0.0, 1.0]], [[-0.8437129259109497, -0.5350786447525024, -0.04288734868168831, 1.090576171875], [0.02917543239891529, 0.03406694531440735, -0.9989935755729675, 1.4930801391601562], [0.5360011458396912, -0.8441150784492493, -0.013131571002304554, -1.277587890625], [0.0, 0.0, 0.0, 1.0]], [[0.9478340148925781, 0.31818023324012756, 0.019284145906567574, -1.1439208984375], [0.0037913001142442226, 0.04923967272043228, -0.9987797737121582, 1.5620346069335938], [-0.3187416195869446, 0.9467506408691406, 0.04546472057700157, -0.1561279296875], [0.0, 0.0, 0.0, 1.0]], [[0.009074505418539047, 0.9990859031677246, 0.04177483171224594, -0.02880859375], [0.005925723817199469, 0.041722092777490616, -0.9991116523742676, 1.5680618286132812], [-0.999941349029541, 0.009314008057117462, -0.005541697144508362, 0.04437255859375], [0.0, 0.0, 0.0