[{"images": ["samples/CAM_FRONT_LEFT/n015-2018-11-14-19-09-14+0800__CAM_FRONT_LEFT__1542193872354844.jpg", "samples/CAM_FRONT/n015-2018-11-14-19-09-14+0800__CAM_FRONT__1542193872362460.jpg", "samples/CAM_FRONT_RIGHT/n015-2018-11-14-19-09-14+0800__CAM_FRONT_RIGHT__1542193872370339.jpg", "samples/CAM_BACK_LEFT/n015-2018-11-14-19-09-14+0800__CAM_BACK_LEFT__1542193872397423.jpg", "samples/CAM_BACK/n015-2018-11-14-19-09-14+0800__CAM_BACK__1542193872387525.jpg", "samples/CAM_BACK_RIGHT/n015-2018-11-14-19-09-14+0800__CAM_BACK_RIGHT__1542193872377893.jpg"], "intrinsics": [[[1272.5979470598488, 0.0, 826.6154927353808], [0.0, 1272.5979470598488, 479.75165386361925], [0.0, 0.0, 1.0]], [[1266.417203046554, 0.0, 816.2670197447984], [0.0, 1266.417203046554, 491.50706579294757], [0.0, 0.0, 1.0]], [[1260.8474446004698, 0.0, 807.968244525554], [0.0, 1260.8474446004698, 495.3344268742088], [0.0, 0.0, 1.0]], [[1256.7414812095406, 0.0, 792.1125740759628], [0.0, 1256.7414812095406, 492.7757465151356], [0.0, 0.0, 1.0]], [[809.2209905677063, 0.0, 829.2196003259838], [0.0, 809.2209905677063, 481.77842384512485], [0.0, 0.0, 1.0]], [[1259.5137405846733, 0.0, 807.2529053838625], [0.0, 1259.5137405846733, 501.19579884916527], [0.0, 0.0, 1.0]]], "extrinsics": [[[0.8179060816764832, -0.5717468857765198, -0.06430498510599136, -0.703094482421875], [-0.09080856293439865, -0.017916910350322723, -0.9957071542739868, 1.4791946411132812], [0.5681403279304504, 0.8202343583106995, -0.066573865711689, -1.0985107421875], [0.0, 0.0, 0.0, 1.0]], [[0.006798121612519026, -0.999748170375824, 0.021387454122304916, 0.007080078125], [-0.0962517261505127, -0.02194283716380596, -0.9951151609420776, 1.4950790405273438], [0.9953337907791138, 0.0047063385136425495, -0.09637665748596191, -1.4290771484375], [0.0, 0.0, 0.0, 1.0]], [[-0.8298154473304749, -0.5525201559066772, 0.07827973365783691, 0.8607177734375], [-0.09079965949058533, -0.0047211600467562675, -0.9958579540252686, 1.4848556518554688], [0.5506011843681335, -0.8334861397743225, -0.04625095799565315, -1.134521484375], [0.0, 0.0, 0.0, 1.0]], [[0.9442160725593567, 0.31701818108558655, -0.08919289708137512, -1.1324462890625], [-0.08231479674577713, -0.03505241125822067, -0.9959897398948669, 1.5877227783203125], [-0.3188732862472534, 0.9477714896202087, -0.007001764606684446, -0.1065673828125], [0.0, 0.0, 0.0, 1.0]], [[0.0017165857134386897, 0.9996761679649353, -0.025388315320014954, 0.003173828125], [-0.10762950778007507, -0.025056175887584686, -0.99387526512146, 1.5705413818359375], [-0.994189441204071, 0.004438602831214666, 0.10755164921283722, -0.07958984375], [0.0, 0.0, 0.0, 1.0]], [[-0.9321503043174744, 0.35587581992149353, 0.06669390201568604, 0.99456787109375], [-0.07506764680147171, -0.00975568313151598, -0.9971306920051575, 1.5400543212890625], [-0.3542040288448334, -0.9344823360443115, 0.03580852970480919, -0.117431640625], [0.0, 0.0, 0.0, 1.0]]], "view": [[0.0, -2.0, 100.0], [-2.0, 0.0, 100.0], [0.0, 0.0, 1.0]], "bev": "bev_8e2bf75652824d4186a15f4d866a52ac.png", "aux": "aux_8e2bf75652824d4186a15f4d866a52ac.npz", "visibility": "visibility_8e2bf75652824d4186a15f4d866a52ac.png", "pose": [[-0.9974145293235779, -0.07186238467693329, 0.0, 966.34521484375], [0.07186238467693329, -0.9974145293235779, 0.0, 1722.2032470703125], [0.0, 0.0, 1.0, 0.0], [0.0, 0.0, 0.0, 1.0]], "pose_inverse": [[-0.9974145293235779, 0.07186238467693329, 0.0, 840.0851440429688], [-0.07186238467693329, -0.9974145293235779, 0.0, 1787.1944580078125], [0.0, 0.0, 1.0, 0.0], [0.0, 0.0, 0.0, 1.0]], "cam_ids": [0, 1, 2, 3, 4, 5], "cam_channels": ["CAM_FRONT_LEFT", "CAM_FRONT", "CAM_FRONT_RIGHT", "CAM_BACK_LEFT", "CAM_BACK", "CAM_BACK_RIGHT"], "token": "8e2bf75652824d4186a15f4d866a52ac", "scene": "scene-1015"}, {"images": ["samples/CAM_FRONT_LEFT/n015-2018-11-14-19-09-14+0800__CAM_FRONT_LEFT__1542193872854844.jpg", "samples/CAM_FRONT/n015-2018-11-14-19-09-14+0800__CAM_FRONT__1542193872862460.jpg", "samples/CAM_FRONT_RIGHT/n015-2018-11-14-19-09-14+0800__CAM_FRONT_RIGHT__1542193872870339.jpg", "samples/CAM_BACK_LEFT/n015-2018-11-14-19-09-14+0800__CAM_BACK_LEFT__1542193872897423.jpg", "samples/CAM_BACK/n015-2018-11-14-19-09-14+0800__CAM_BACK__1542193872887525.jpg", "samples/CAM_BACK_RIGHT/n015-2018-11-14-19-09-14+0800__CAM_BACK_RIGHT__1542193872877893.jpg"], "intrinsics": [[[1272.5979470598488, 0.0, 826.6154927353808], [0.0, 1272.5979470598488, 479.75165386361925], [0.0, 0.0, 1.0]], [[1266.417203046554, 0.0, 816.2670197447984], [0.0, 1266.417203046554, 491.50706579294757], [0.0, 0.0, 1.0]], [[1260.8474446004698, 0.0, 807.968244525554], [0.0, 1260.8474446004698, 495.3344268742088], [0.0, 0.0, 1.0]], [[1256.7414812095406, 0.0, 792.1125740759628], [0.0, 1256.7414812095406, 492.7757465151356], [0.0, 0.0, 1.0]], [[809.2209905677063, 0.0, 829.2196003259838], [0.0, 809.2209905677063, 481.77842384512485], [0.0, 0.0, 1.0]], [[1259.5137405846733, 0.0, 807.2529053838625], [0.0, 1259.5137405846733, 501.19579884916527], [0.0, 0.0, 1.0]]], "extrinsics": [[[0.8180797696113586, -0.5726339817047119, -0.05325132980942726, -0.712188720703125], [-0.08095978200435638, -0.02299753949046135, -0.9964520335197449, 1.4830551147460938], [0.5693776607513428, 0.8194884657859802, -0.0651741474866867, -1.1016845703125], [0.0, 0.0, 0.0, 1.0]], [[0.006001961883157492, -0.9996228218078613, 0.026798361912369728, 0.0048828125], [-0.08603057265281677, -0.027215659618377686, -0.995920717716217, 1.4984283447265625], [0.9962744116783142, 0.00367199769243598, -0.08616146445274353, -1.436767578125], [0.0, 0.0, 0.0, 1.0]], [[-0.830825924873352, -0.5517914891242981, 0.0724872499704361, 0.8648681640625], [-0.08019691705703735, -0.01018558256328106, -0.996726930141449, 1.4875411987304688], [0.5507237911224365, -0.833919882774353, -0.03578953072428703, -1.139404296875], [0.0, 0.0, 0.0, 1.0]], [[0.945022463798523, 0.31699836254119873, -0.08027742058038712, -1.1416015625], [-0.07090040296316147, -0.04102594777941704, -0.9966393113136292, 1.5885009765625], [-0.31922647356987, 0.9475383758544922, -0.016295136883854866, -0.1031494140625], [0.0, 0.0, 0.0, 1.0]], [[0.0019085996318608522, 0.9995142817497253, -0.031106671318411827, 0.003662109375], [-0.09644325822591782, -0.030777741223573685, -0.9948624968528748, 1.5720977783203125], [-0.995336651802063, 0.004898820072412491, 0.09633767604827881, -0.07269287109375], [0.0, 0.0, 0.0, 1.0]], [[-0.932736873626709, 0.3564184904098511, 0.054478101432323456, 0.9995574951171875], [-0.06415028870105743, -0.01536363922059536, -0.9978219866752625, 1.5420150756835938], [-0.3548051714897156, -0.9342000484466553, 0.03719457611441612, -0.1168212890625], [0.0, 0.0, 0.0, 1.0]]], "view": [[0.0, -2.0, 100.0], [-2.0, 0.0, 100.0], [0.0, 0.0, 1.0]], "bev": "bev_2912ffaf303546b4bf5f1059c5cad745.png", "aux": "aux_2912ffaf303546b4bf5f1059c5cad745.npz", "visibility": "visibility_2912ffaf303546b4bf5f1059c5cad745.png", "pose": [[-0.9966402053833008, -0.08190394192934036, 0.0, 962.7572021484375], [0.08190394192934036, -0.9966402053833008, 0.0, 1722.4766845703125], [0.0, 0.0, 1.0, 0.0], [0.0, 0.0, 0.0, 1.0]], "pose_inverse": [[-0.9966402053833008, 0.08190394192934036, 0.0, 818.4449462890625], [-0.08190394192934036, -0.9966402053833008, 0.0, 1795.543212890625], [0.0, 0.0, 1.0, 0.0], [0.0, 0.0, 0.0, 1.0]], "cam_ids": [0, 1, 2, 3, 4, 5], "cam_channels": ["CAM_FRONT_LEFT", "CAM_FRONT", "CAM_FRONT_RIGHT", "CAM_BACK_LEFT", "CAM_BACK", "CAM_BACK_RIGHT"], "token": "2912ffaf303546b4bf5f1059c5cad745", "scene": "scene-1015"}, {"images": ["samples/CAM_FRONT_LEFT/n015-2018-11-14-19-09-14+0800__CAM_FRONT_LEFT__1542193873354844.jpg", "samples/CAM_FRONT/n015-2018-11-14-19-09-14+0800__CAM_FRONT__1542193873362460.jpg", "samples/CAM_FRONT_RIGHT/n015-2018-11-14-19-09-14+0800__CAM_FRONT_RIGHT__1542193873370339.jpg", "samples/CAM_BACK_LEFT/n015-2018-11-14-19-09-14+0800__CAM_BACK_LEFT__1542193873397423.jpg", "samples/CAM_BACK/n015-2018-11-14-19-09-14+0800__CAM_BACK__1542193873387525.jpg", "samples/CAM_BACK_RIGHT/n015-2018-11-14-19-09-14+0800__CAM_BACK_RIGHT__1542193873377893.jpg"], "intrinsics": [[[1272.5979470598488, 0.0, 826.6154927353808], [0.0, 1272.5979470598488, 479.75165386361925], [0.0, 0.0, 1.0]], [[1266.417203046554, 0.0, 816.2670197447984], [0.0, 1266.417203046554, 491.50706579294757], [0.0, 0.0, 1.0]], [[1260.8474446004698, 0.0, 807.968244525554], [0.0, 1260.8474446004698, 495.3344268742088], [0.0, 0.0, 1.0]], [[1256.7414812095406, 0.0, 792.1125740759628], [0.0, 1256.7414812095406, 492.7757465151356], [0.0, 0.0, 1.0]], [[809.2209905677063, 0.0, 829.2196003259838], [0.0, 809.2209905677063, 481.77842384512485], [0.0, 0.0, 1.0]], [[1259.5137405846733, 0.0, 807.2529053838625], [0.0, 1259.5137405846733, 501.19579884916527], [0.0, 0.0, 1.0]]], "extrinsics": [[[0.8170274496078491, -0.5751244425773621, -0.04120660945773125, -0.707672119140625], [-0.07751603424549103, -0.03874140977859497, -0.9962380528450012, 1.48394775390625], [0.5713644623756409, 0.8171480894088745, -0.07623416185379028, -1.101806640625], [0.0, 0.0, 0.0, 1.0]], [[0.004202759359031916, -0.9990750551223755, 0.04279579967260361, 0.0072021484375], [-0.08299984782934189, -0.042997024953365326, -0.9956215620040894, 1.4990081787109375], [0.9965406060218811, 0.0006323002744466066, -0.08310377597808838, -1.4332275390625], [0.0, 0.0, 0.0, 1.0]], [[-0.8317233324050903, -0.5495275855064392, 0.07909218966960907, 0.8631591796875], [-0.07757218927145004, -0.026037568226456642, -0.9966467022895813, 1.4878616333007812], [0.549744188785553, -0.8350697159767151, -0.020972006022930145, -1.1357421875], [0.0, 0.0, 0.0, 1.0]], [[0.9450902342796326, 0.3157544434070587, -0.08428285270929337, -1.138671875], [-0.06976067274808884, -0.05703749507665634, -0.9959318041801453, 1.5883026123046875], [-0.3192771375179291, 0.9471251368522644, -0.031878333538770676, -0.1051025390625], [0.0, 0.0, 0.0, 1.0]], [[0.0023641420993953943, 0.9988848567008972, -0.047153290361166, 0.0025634765625], [-0.09477934241294861, -0.0467173308134079, -0.9944015145301819, 1.57196044921875], [-0.9954954981803894, 0.006820059847086668, 0.09456320106983185, -0.075927734375], [0.0, 0.0, 0.0, 1.0]], [[-0.9325444102287292, 0.3580246567726135, 0.04668198898434639, 0.995697021484375], [-0.06195307523012161, -0.03129556402564049, -0.9975882768630981, 1.54217529296875], [-0.3557002544403076, -0.9331875443458557, 0.05136523023247719, -0.1162109375], [0.0, 0.0, 0.0, 1.0]]], "view": [[0.0, -2.0, 100.0], [-2.0, 0.0, 100.0], [0.0, 0.0, 1.0]], "bev": "bev_e3f20dfe22ce4f66a46b04ddb3060d1d.png", "aux": "aux_e3f20dfe22ce4f66a46b04ddb3060d1d.npz", "visibility": "visibility_e3f20dfe22ce4f66a46b04ddb3060d1d.png", "pose": [[-0.9975534677505493, -0.06990766525268555, 0.0, 959.2049560546875], [0.06990766525268555, -0.9975534677505493, 0.0, 1722.762939453125], [0.0, 0.0, 1.0, 0.0], [0.0, 0.0, 0.0, 1.0]], "pose_inverse": [[-0.9975534677505493, 0.06990766525268555, 0.0, 836.4238891601562], [-0.06990766525268555, -0.9975534677505493, 0.0, 1785.6038818359375], [0.0, 0.0, 1.0, 0.0], [0.0, 0.0, 0.0, 1.0]], "cam_ids": [0, 1, 2, 3, 4, 5], "cam_channels": ["CAM_FRONT_LEFT", "CAM_FRONT", "CAM_FRONT_RIGHT", "CAM_BACK_LEFT", "CAM_BACK", "CAM_BACK_RIGHT"], "token": "e3f20dfe22ce4f66a46b04ddb3060d1d", "scene": "scene-1015"}, {"images": ["samples/CAM_FRONT_LEFT/n015-2018-11-14-19-09-14+0800__CAM_FRONT_LEFT__1542193873854844.jpg", "samples/CAM_FRONT/n015-2018-11-14-19-09-14+0800__CAM_FRONT__1542193873862460.jpg", "samples/CAM_FRONT_RIGHT/n015-2018-11-14-19-09-14+0800__CAM_FRONT_RIGHT__1542193873870339.jpg", "samples/CAM_BACK_LEFT/n015-2018-11-14-19-09-14+0800__CAM_BACK_LEFT__1542193873897423.jpg", "samples/CAM_BACK/n015-2018-11-14-19-09-14+0800__CAM_BACK__1542193873887525.jpg", "samples/CAM_BACK_RIGHT/n015-2018-11-14-19-09-14+0800__CAM_BACK_RIGHT__1542193873877893.jpg"], "intrinsics": [[[1272.5979470598488, 0.0, 826.6154927353808], [0.0, 1272.5979470598488, 479.75165386361925], [0.0, 0.0, 1.0]], [[1266.417203046554, 0.0, 816.2670197447984], [0.0, 1266.417203046554, 491.50706579294757], [0.0, 0.0, 1.0]], [[1260.8474446004698, 0.0, 807.968244525554], [0.0, 1260.8474446004698, 495.3344268742088], [0.0, 0.0, 1.0]], [[1256.7414812095406, 0.0, 792.1125740759628], [0.0, 1256.7414812095406, 492.7757465151356], [0.0, 0.0, 1.0]], [[809.2209905677063, 0.0, 829.2196003259838], [0.0, 809.2209905677063, 481.77842384512485], [0.0, 0.0, 1.0]], [[1259.5137405846733, 0.0, 807.2529053838625], [0.0, 1259.5137405846733, 501.19579884916527], [0.0, 0.0, 1.0]]], "extrinsics": [[[0.814548671245575, -0.5780969858169556, -0.04810905456542969, -0.712646484375], [-0.0883287712931633, -0.04163477569818497, -0.9952208995819092, 1.480987548828125], [0.5733311176300049, 0.8149051666259766, -0.08497613668441772, -1.1036376953125], [0.0, 0.0, 0.0, 1.0]], [[0.001752099604345858, -0.9989489912986755, 0.04580188915133476, 0.006103515625], [-0.09367983043193817, -0.0457645021378994, -0.9945500493049622, 1.4967498779296875], [0.9956007599830627, -0.002548165386542678, -0.09366155415773392, -1.43914794921875], [0.0, 0.0, 0.0, 1.0]], [[-0.832163393497467, -0.5472783446311951, 0.08938972651958466, 0.868408203125], [-0.08809532970190048, -0.02867928333580494, -0.9956990480422974, 1.4862823486328125], [0.547488272190094, -0.8364591002464294, -0.024346817284822464, -1.14044189453125], [0.0, 0.0, 0.0, 1.0]], [[0.9443570971488953, 0.3150669038295746, -0.09445858746767044, -1.1395263671875], [-0.0798800066113472, -0.05889856442809105, -0.9950628876686096, 1.5883331298828125], [-0.3190748393535614, 0.9472401142120361, -0.030453739687800407, -0.1044921875], [0.0, 0.0, 0.0, 1.0]], [[0.003116839099675417, 0.9987717270851135, -0.04945050925016403, 0.0029296875], [-0.10507101565599442, -0.048849932849407196, -0.9932641983032227, 1.5716400146484375], [-0.9944598078727722, 0.008291659876704216, 0.10478970408439636, -0.07135009765625], [0.0, 0.0, 0.0, 1.0]], [[-0.931319534778595, 0.35995855927467346, 0.055441178381443024, 1.003173828125], [-0.07239385694265366, -0.03377561271190643, -0.9968040585517883, 1.5411300659179688], [-0.35693562030792236, -0.9323567152023315, 0.057514678686857224, -0.1141357421875], [0.0, 0.0, 0.0, 1.0]]], "view": [[0.0, -2.0, 100.0], [-2.0, 0.0, 100.0], [0.0, 0.0, 1.0]], "bev": "bev_5ad17ce1f69546caa811357db4e19125.png", "aux": "aux_5ad17ce1f69546caa811357db4e19125.npz", "visibility": "visibility_5ad17ce1f69546caa811357db4e19125.png", "pose": [[-0.9995728731155396, -0.02922428958117962, 0.0, 955.5993041992188], [0.02922428958117962, -0.9995728731155396, 0.0, 1722.9735107421875], [0.0, 0.0, 1.0, 0.0], [0.0, 0.0, 0.0, 1.0]], "pose_inverse": [[-0.9995728731155396, 0.02922428958117962, 0.0, 904.8385009765625], [-0.02922428958117962, -0.9995728731155396, 0.0, 1750.164306640625], [0.0, 0.0, 1.0, 0.0], [0.0, 0.0, 0.0, 1.0]], "cam_ids": [0, 1, 2, 3, 4, 5], "cam_channels": ["CAM_FRONT_LEFT", "CAM_FRONT", "CAM_FRONT_RIGHT", "CAM_BACK_LEFT", "CAM_BACK", "CAM_BACK_RIGHT"], "token": "5ad17ce1f69546caa811357db4e19125", "scene": "scene-1015"}, {"images": ["samples/CAM_FRONT_LEFT/n015-2018-11-14-19-09-14+0800__CAM_FRONT_LEFT__1542193874354844.jpg", "samples/CAM_FRONT/n015-2018-11-14-19-09-14+0800__CAM_FRONT__1542193874362460.jpg", "samples/CAM_FRONT_RIGHT/n015-2018-11-14-19-09-14+0800__CAM_FRONT_RIGHT__1542193874370339.jpg", "samples/CAM_BACK_LEFT/n015-2018-11-14-19-09-14+0800__CAM_BACK_LEFT__1542193874397423.jpg", "samples/CAM_BACK/n015-2018-11-14-19-09-14+0800__CAM_BACK__1542193874387535.jpg", "samples/CAM_BACK_RIGHT/n015-2018-11-14-19-09-14+0800__CAM_BACK_RIGHT__1542193874377893.jpg"], "intrinsics": [[[1272.5979470598488, 0.0, 826.6154927353808], [0.0, 1272.5979470598488, 479.75165386361925], [0.0, 0.0, 1.0]], [[1266.417203046554, 0.0, 816.2670197447984], [0.0, 1266.417203046554, 491.50706579294757], [0.0, 0.0, 1.0]], [[1260.8474446004698, 0.0, 807.968244525554], [0.0, 1260.8474446004698, 495.3344268742088], [0.0, 0.0, 1.0]], [[1256.7414812095406, 0.0, 792.1125740759628], [0.0, 1256.7414812095406, 492.7757465151356], [0.0, 0.0, 1.0]], [[809.2209905677063, 0.0, 829.2196003259838], [0.0, 809.2209905677063, 481.77842384512485], [0.0, 0.0, 1.0]], [[1259.5137405846733, 0.0, 807.2529053838625], [0.0, 1259.5137405846733, 501.19579884916527], [0.0, 0.0, 1.0]]], "extrinsics": [[[0.8152000308036804, -0.5769986510276794, -0.05021457374095917, -0.7065887451171875], [-0.08659762144088745, -0.03570299968123436, -0.9956034421920776, 1.4811553955078125], [0.5726690292358398, 0.81596440076828, -0.07907178997993469, -1.10302734375], [0.0, 0.0, 0.0, 1.0]], [[0.002373783616349101, -0.9992074370384216, 0.03973521664738655, 0.0084228515625], [-0.0920703262090683, -0.03978493809700012, -0.994957447052002, 1.4969024658203125], [0.9957496523857117, -0.0012966195354238153, -0.09209179878234863, -1.43560791015625], [0.0, 0.0, 0.0, 1.0]], [[-0.8320677876472473, -0.5481435060501099, 0.08486495912075043, 0.86767578125], [-0.0866168737411499, -0.022718362510204315, -0.9959825873374939, 1.486419677734375], [0.5478693246841431, -0.8360757231712341, -0.02857525274157524, -1.1375732421875], [0.0, 0.0, 0.0, 1.0]], [[0.9444951415061951, 0.3155042231082916, -0.09157537668943405, -1.140625], [-0.07864988595247269, -0.05348828062415123, -0.9954663515090942, 1.5884246826171875], [-0.31897202134132385, 0.9474154710769653, -0.02570505626499653, -0.1043701171875], [0.0, 0.0, 0.0, 1.0]], [[0.003156048711389303, 0.9990370869636536, -0.04376159980893135, 0.0023193359375], [-0.10372291505336761, -0.043198734521865845, -0.9936676621437073, 1.57177734375], [-0.9946012496948242, 0.0076751443557441235, 0.10348667949438095, -0.07122802734375], [0.0, 0.0, 0.0, 1.0]], [[-0.9314516186714172, 0.359493225812912, 0.056235041469335556, 1.001953125], [-0.07097013294696808, -0.02791142836213112, -0.997087836265564, 1.5413055419921875], [-0.35687676072120667, -0.9327301979064941, 0.05151142552495003, -0.1136474609375], [0.0, 0.0, 0.0, 1.0]]], "view": [[0.0, -2.0, 100.0], [-2.0, 0.0, 100.0], [0.0, 0.0, 1.0]], "bev": "bev_260698f078da4f418578a49fab7dad46.png", "aux": "aux_260698f078da4f418578a49fab7dad46.npz", "visibility": "visibility_260698f078da4f418578a49fab7dad46.png", "pose": [[-0.9998449087142944, 0.017612822353839874, 0.0, 951.9891357421875], [-0.017612822353839874, -0.9998449087142944, 0.0, 1723.0185546875], [0.0, 0.0, 1.0, 0.0], [0.0, 0.0, 0.0, 1.0]], "pose_inverse": [[-0.9998449087142944, -0.017612822353839874, 0.0, 982.1886596679688], [0.017612822353839874, -0.9998449087142944, 0.0, 1705.9840087890625], [0.0, 0.0, 1.0, 0.0], [0.0, 0.0, 0.0, 1.0]], "cam_ids": [0, 1, 2, 3, 4, 5], "cam_channels": ["CAM_FRONT_LEFT", "CAM_FRONT", "CAM_FRONT_RIGHT", "CAM_BACK_LEFT", "CAM_BACK", "CAM_BACK_RIGHT"], "token": "260698f078da4f418578a49fab7dad46", "scene": "scene-1015"}, {"images": ["samples/CAM_FRONT_LEFT/n015-2018-11-14-19-09-14+0800__CAM_FRONT_LEFT__1542193874854844.jpg", "samples/CAM_FRONT/n015-2018-11-14-19-09-14+0800__CAM_FRONT__1542193874862460.jpg", "samples/CAM_FRONT_RIGHT/n015-2018-11-14-19-09-14+0800__CAM_FRONT_RIGHT__1542193874870339.jpg", "samples/CAM_BACK_LEFT/n015-2018-11-14-19-09-14+0800__CAM_BACK_LEFT__1542193874897423.jpg", "samples/CAM_BACK/n015-2018-11-14-19-09-14+0800__CAM_BACK__1542193874887525.jpg", "samples/CAM_BACK_RIGHT/n015-2018-11-14-19-09-14+0800__CAM_BACK_RIGHT__1542193874877893.jpg"], "intrinsics": [[[1272.5979470598488, 0.0, 826.6154927353808], [0.0, 1272.5979470598488, 479.75165386361925], [0.0, 0.0, 1.0]], [[1266.417203046554, 0.0, 816.2670197447984], [0.0, 1266.417203046554, 491.50706579294757], [0.0, 0.0, 1.0]], [[1260.8474446004698, 0.0, 807.968244525554], [0.0, 1260.8474446004698, 495.3344268742088], [0.0, 0.0, 1.0]], [[1256.7414812095406, 0.0, 792.1125740759628], [0.0, 1256.7414812095406, 492.7757465151356], [0.0, 0.0, 1.0]], [[809.2209905677063, 0.0, 829.2196003259838], [0.0, 809.2209905677063, 481.77842384512485], [0.0, 0.0, 1.0]], [[1259.5137405846733, 0.0, 807.2529053838625], [0.0, 1259.5137405846733, 501.19579884916527], [0.0, 0.0, 1.0]]], "extrinsics": [[[0.8151040077209473, -0.5770413279533386, -0.051269661635160446, -0.70635986328125], [-0.09267457574605942, -0.042522039264440536, -0.9947880506515503, 1.4791259765625], [0.5718538165092468, 0.8156071305274963, -0.0881369486451149, -1.1016845703125], [0.0, 0.0, 0.0, 1.0]], [[0.0028538107872009277, -0.9989050030708313, 0.046696700155735016, 0.0076904296875], [-0.09790004044771194, -0.046751655638217926, -0.9940975308418274, 1.495147705078125], [0.9951921105384827, -0.0017346441745758057, -0.09792625904083252, -1.433349609375], [0.0, 0.0, 0.0, 1.0]], [[-0.8315250873565674, -0.547577440738678, 0.09340811520814896, 0.8642578125], [-0.09217821061611176, -0.029804488644003868, -0.9952963590621948, 1.4849700927734375], [0.5477858185768127, -0.8362240195274353, -0.025691529735922813, -1.13641357421875], [0.0, 0.0, 0.0, 1.0]], [[0.9441811442375183, 0.31440475583076477, -0.09834446758031845, -1.1337890625], [-0.0832790955901146, -0.06103065609931946, -0.9946556687355042, 1.5878448486328125], [-0.318726509809494, 0.9473251700401306, -0.031440652906894684, -0.1065673828125], [0.0, 0.0, 0.0, 1.0]], [[0.0031431508250534534, 0.9986836910247803, -0.051196981221437454, 0.002685546875], [-0.10870851576328278, -0.050552573055028915, -0.9927874803543091, 1.57073974609375], [-0.9940686821937561, 0.00868602842092514, 0.10840652137994766, -0.0771484375], [0.0, 0.0, 0.0, 1.0]], [[-0.9311237335205078, 0.3599623143672943, 0.05861501395702362, 0.99786376953125], [-0.07630271464586258, -0.03511309251189232, -0.9964662194252014, 1.5401611328125], [-0.35663214325904846, -0.9323058724403381, 0.06016073748469353, -0.1158447265625], [0.0, 0.0, 0.0, 1.0]]], "view": [[0.0, -2.0, 100.0], [-2.0, 0.0, 100.0], [0.0, 0.0, 1.0]], "bev": "bev_cf327f8c91c54cea8ed65a1bc37b75fb.png", "aux": "aux_cf327f8c91c54cea8ed65a1bc37b75fb.npz", "visibility": "visibility_cf327f8c91c54cea8ed65a1bc37b75fb.png", "pose": [[-0.9981625080108643, 0.06059374660253525, 0.0, 948.3797607421875], [-0.06059374660253525, -0.9981625080108643, 0.0, 1722.8990478515625], [0.0, 0.0, 1.0, 0.0], [0.0, 0.0, 0.0, 1.0]], "pose_inverse": [[-0.9981625080108643, -0.06059374660253525, 0.0, 1051.0340576171875], [0.06059374660253525, -0.9981625080108643, 0.0, 1662.267333984375], [0.0, 0.0, 1.0, 0.0], [0.0, 0.0, 0.0, 1.0]], "cam_ids": [0, 1, 2, 3, 4, 5], "cam_channels": ["CAM_FRONT_LEFT", "CAM_FRONT", "CAM_FRONT_RIGHT", "CAM_BACK_LEFT", "CAM_BACK", "CAM_BACK_RIGHT"], "token": "cf327f8c91c54cea8ed65a1bc37b75fb", "scene": "scene-1015"}, {"images": ["samples/CAM_FRONT_LEFT/n015-2018-11-14-19-09-14+0800__CAM_FRONT_LEFT__1542193875354844.jpg", "samples/CAM_FRONT/n015-2018-11-14-19-09-14+0800__CAM_FRONT__1542193875362460.jpg", "samples/CAM_FRONT_RIGHT/n015-2018-11-14-19-09-14+0800__CAM_FRONT_RIGHT__1542193875370339.jpg", "samples/CAM_BACK_LEFT/n015-2018-11-14-19-09-14+0800__CAM_BACK_LEFT__1542193875397423.jpg", "samples/CAM_BACK/n015-2018-11-14-19-09-14+0800__CAM_BACK__1542193875387525.jpg", "samples/CAM_BACK_RIGHT/n015-2018-11-14-19-09-14+0800__CAM_BACK_RIGHT__1542193875377893.jpg"], "intrinsics": [[[1272.5979470598488, 0.0, 826.6154927353808], [0.0, 1272.5979470598488, 479.75165386361925], [0.0, 0.0, 1.0]], [[1266.417203046554, 0.0, 816.2670197447984], [0.0, 1266.417203046554, 491.50706579294757], [0.0, 0.0, 1.0]], [[1260.8474446004698, 0.0, 807.968244525554], [0.0, 1260.8474446004698, 495.3344268742088], [0.0, 0.0, 1.0]], [[1256.7414812095406, 0.0, 792.1125740759628], [0.0, 1256.7414812095406, 492.7757465151356], [0.0, 0.0, 1.0]], [[809.2209905677063, 0.0, 829.2196003259838], [0.0, 809.2209905677063, 481.77842384512485], [0.0, 0.0, 1.0]], [[1259.5137405846733, 0.0, 807.2529053838625], [0.0, 1259.5137405846733, 501.19579884916527], [0.0, 0.0, 1.0]]], "extrinsics": [[[0.8168958425521851, -0.5754968523979187, -0.03852883353829384, -0.7047309875488281], [-0.0828230082988739, -0.05093250796198845, -0.9952619075775146, 1.482208251953125], [0.570807695388794, 0.8162164092063904, -0.0892709270119667, -1.102294921875], [0.0, 0.0, 0.0, 1.0]], [[0.004434338770806789, -0.9984928965568542, 0.054699867963790894, 0.0086669921875], [-0.08775752782821655, -0.054877929389476776, -0.9946290850639343, 1.497802734375], [0.9961320161819458, -0.0003898108552675694, -0.08786861598491669, -1.432373046875], [0.0, 0.0, 0.0, 1.0]], [[-0.8314657211303711, -0.5484068989753723, 0.08896354585886002, 0.864013671875], [-0.08174661546945572, -0.037623681128025055, -0.9959427118301392, 1.487091064453125], [0.5495290160179138, -0.8353647589683533, -0.013547603972256184, -1.13543701171875], [0.0, 0.0, 0.0, 1.0]], [[0.9450468420982361, 0.3144546449184418, -0.08946961909532547, -1.134765625], [-0.07171022146940231, -0.06762320548295975, -0.9951304793357849, 1.5879974365234375], [-0.3189736604690552, 0.9468607902526855, -0.04135749116539955, -0.1063232421875], [0.0, 0.0, 0.0, 1.0]], [[0.0025865889620035887, 0.9983025193214417, -0.058184899389743805, 0.002197265625], [-0.09757652878761292, -0.057655464857816696, -0.993556559085846, 1.571685791015625], [-0.99522465467453, 0.008247406221926212, 0.09726175665855408, -0.0767822265625], [0.0, 0.0, 0.0, 1.0]], [[-0.9322593808174133, 0.35886150598526, 0.04594331607222557, 0.997406005859375], [-0.06553572416305542, -0.04261692240834236, -0.9969397187232971, 1.5417633056640625], [-0.3558053970336914, -0.9324173927307129, 0.06324827671051025, -0.115234375], [0.0, 0.0, 0.0, 1.0]]], "view": [[0.0, -2.0, 100.0], [-2.0, 0.0, 100.0], [0.0, 0.0, 1.0]], "bev": "bev_dc6d1e1165fd4c26a925142b1cce5c56.png", "aux": "aux_dc6d1e1165fd4c26a925142b1cce5c56.npz", "visibility": "visibility_dc6d1e1165fd4c26a925142b1cce5c56.png", "pose": [[-0.9965795278549194, 0.08263909816741943, 0.0, 944.752685546875], [-0.08263909816741943, -0.9965795278549194, 0.0, 1722.6729736328125], [0.0, 0.0, 1.0, 0.0], [0.0, 0.0, 0.0, 1.0]], "pose_inverse": [[-0.9965795278549194, -0.08263909816741943, 0.0, 1083.88134765625], [0.08263909816741943, -0.9965795278549194, 0.0, 1638.7071533203125], [0.0, 0.0, 1.0, 0.0], [0.0, 0.0, 0.0, 1.0]], "cam_ids": [0, 1, 2, 3, 4, 5], "cam_channels": ["CAM_FRONT_LEFT", "CAM_FRONT", "CAM_FRONT_RIGHT", "CAM_BACK_LEFT", "CAM_BACK", "CAM_BACK_RIGHT"], "token": "dc6d1e1165fd4c26a925142b1cce5c56", "scene": "scene-1015"}, {"images": ["samples/CAM_FRONT_LEFT/n015-2018-11-14-19-09-14+0800__CAM_FRONT_LEFT__1542193875854844.jpg", "samples/CAM_FRONT/n015-2018-11-14-19-09-14+0800__CAM_FRONT__1542193875862460.jpg", "samples/CAM_FRONT_RIGHT/n015-2018-11-14-19-09-14+0800__CAM_FRONT_RIGHT__1542193875870339.jpg", "samples/CAM_BACK_LEFT/n015-2018-11-14-19-09-14+0800__CAM_BACK_LEFT__1542193875897423.jpg", "samples/CAM_BACK/n015-2018-11-14-19-09-14+0800__CAM_BACK__1542193875887525.jpg", "samples/CAM_BACK_RIGHT/n015-2018-11-14-19-09-14+0800__CAM_BACK_RIGHT__1542193875877893.jpg"], "intrinsics": [[[1272.5979470598488, 0.0, 826.6154927353808], [0.0, 1272.5979470598488, 479.75165386361925], [0.0, 0.0, 1.0]], [[1266.417203046554, 0.0, 816.2670197447984], [0.0, 1266.417203046554, 491.50706579294757], [0.0, 0.0, 1.0]], [[1260.8474446004698, 0.0, 807.968244525554], [0.0, 1260.8474446004698, 495.3344268742088], [0.0, 0.0, 1.0]], [[1256.7414812095406, 0.0, 792.1125740759628], [0.0, 1256.7414812095406, 492.7757465151356], [0.0, 0.0, 1.0]], [[809.2209905677063, 0.0, 829.2196003259838], [0.0, 809.2209905677063, 481.77842384512485], [0.0, 0.0, 1.0]], [[1259.5137405846733, 0.0, 807.2529053838625], [0.0, 1259.5137405846733, 501.19579884916527], [0.0, 0.0, 1.0]]], "extrinsics": [[[0.8189054131507874, -0.573296308517456, -0.02693117782473564, -0.706207275390625], [-0.05857747048139572, -0.036809515208005905, -0.9976040124893188, 1.4899444580078125], [0.5709313750267029, 0.8185208439826965, -0.06372575461864471, -1.1031494140625], [0.0, 0.0, 0.0, 1.0]], [[0.005354390479624271, -0.9991803169250488, 0.040124207735061646, 0.0086669921875], [-0.06379301846027374, -0.040384359657764435, -0.9971457123756409, 1.504058837890625], [0.9979487657546997, 0.002779463306069374, -0.06395696103572845, -1.4327392578125], [0.0, 0.0, 0.0, 1.0]], [[-0.8321390748023987, -0.5512061715126038, 0.06096149981021881, 0.8636474609375], [-0.05808544158935547, -0.022691482678055763, -0.9980536699295044, 1.4918365478515625], [0.5515166521072388, -0.8340604305267334, -0.01313458476215601, -1.13446044921875], [0.0, 0.0, 0.0, 1.0]], [[0.9464061856269836, 0.3167703449726105, -0.06302458792924881, -1.1339111328125], [-0.04928683117032051, -0.051203832030296326, -0.997471272945404, 1.5881195068359375], [-0.3191964328289032, 0.9471191763877869, -0.03284700959920883, -0.1065673828125], [0.0, 0.0, 0.0, 1.0]], [[0.002184556797146797, 0.9991121292114258, -0.042074743658304214, 0.001953125], [-0.07468806952238083, -0.0417943149805069, -0.996330738067627, 1.5733642578125], [-0.997204601764679, 0.0053190309554338455, 0.0745304524898529, -0.0787353515625], [0.0, 0.0, 0.0, 1.0]], [[-0.9338399171829224, 0.35645654797554016, 0.029694177210330963, 0.99493408203125], [-0.04214897379279137, -0.02722245454788208, -0.9987404346466064, 1.545166015625], [-0.3551992177963257, -0.9339153170585632, 0.04044568911194801, -0.115234375], [0.0, 0.0, 0.0, 1.0]]], "view": [[0.0, -2.0, 100.0], [-2.0, 0.0, 100.0], [0.0, 0.0, 1.0]], "bev": "bev_b5f70b711b474418a38c3726da534384.png", "aux": "aux_b5f70b711b474418a38c3726da534384.npz", "visibility": "visibility_b5f70b711b474418a38c3726da534384.png", "pose": [[-0.9957267045974731, 0.09234916418790817, 0.0, 941.164794921875], [-0.09234916418790817, -0.9957267045974731, 0.0, 1722.392333984375], [0.0, 0.0, 1.0, 0.0], [0.0, 0.0, 0.0, 1.0]], "pose_inverse": [[-0.9957267045974731, -0.09234916418790817, 0.0, 1096.204345703125], [0.09234916418790817, -0.9957267045974731, 0.0, 1628.1162109375], [0.0, 0.0, 1.0, 0.0], [0.0, 0.0, 0.0, 1.0]], "cam_ids": [0, 1, 2, 3, 4, 5], "cam_channels": ["CAM_FRONT_LEFT", "CAM_FRONT", "CAM_FRONT_RIGHT", "CAM_BACK_LEFT", "CAM_BACK", "CAM_BACK_RIGHT"], "token": "b5f70b711b474418a38c3726da534384", "scene": "scene-1015"}, {"images": ["samples/CAM_FRONT_LEFT/n015-2018-11-14-19-09-14+0800__CAM_FRONT_LEFT__1542193876354844.jpg", "samples/CAM_FRONT/n015-2018-11-14-19-09-14+0800__CAM_FRONT__1542193876362460.jpg", "samples/CAM_FRONT_RIGHT/n015-2018-11-14-19-09-14+0800__CAM_FRONT_RIGHT__1542193876370339.jpg", "samples/CAM_BACK_LEFT/n015-2018-11-14-19-09-14+0800__CAM_BACK_LEFT__1542193876397423.jpg", "samples/CAM_BACK/n015-2018-11-14-19-09-14+0800__CAM_BACK__1542193876387525.jpg", "samples/CAM_BACK_RIGHT/n015-2018-11-14-19-09-14+0800__CAM_BACK_RIGHT__1542193876377893.jpg"], "intrinsics": [[[1272.5979470598488, 0.0, 826.6154927353808], [0.0, 1272.5979470598488, 479.75165386361925], [0.0, 0.0, 1.0]], [[1266.417203046554, 0.0, 816.2670197447984], [0.0, 1266.417203046554, 491.50706579294757], [0.0, 0.0, 1.0]], [[1260.8474446004698, 0.0, 807.968244525554], [0.0, 1260.8474446004698, 495.3344268742088], [0.0, 0.0, 1.0]], [[1256.7414812095406, 0.0, 792.1125740759628], [0.0, 1256.7414812095406, 492.7757465151356], [0.0, 0.0, 1.0]], [[809.2209905677063, 0.0, 829.2196003259838], [0.0, 809.2209905677063, 481.77842384512485], [0.0, 0.0, 1.0]], [[1259.5137405846733, 0.0, 807.2529053838625], [0.0, 1259.5137405846733, 501.19579884916527], [0.0, 0.0, 1.0]]], "extrinsics": [[[0.8183822631835938, -0.5723485350608826, -0.05164830759167671, -0.7124290466308594], [-0.07163923978805542, -0.012434185482561588, -0.9973530769348145, 1.4864578247070312], [0.5701913237571716, 0.8199161887168884, -0.05117852985858917, -1.110595703125], [0.0, 0.0, 0.0, 1.0]], [[0.0054937126114964485, -0.9998618960380554, 0.015681959688663483, 0.010498046875], [-0.07699445635080338, -0.016058582812547684, -0.9969022274017334, 1.5012588500976562], [0.9970163702964783, 0.004269259050488472, -0.07707205414772034, -1.4420166015625], [0.0, 0.0, 0.0, 1.0]], [[-0.8315765857696533, -0.5523011684417725, 0.05868379399180412, 0.8717041015625], [-0.07142233848571777, 0.0015558412997052073, -0.9974449276924133, 1.4896774291992188], [0.5507986545562744, -0.8336431980133057, -0.040740445256233215, -1.13818359375], [0.0, 0.0, 0.0, 1.0]], [[0.9456729888916016, 0.31783902645111084, -0.06841705739498138, -1.133056640625], [-0.0628717839717865, -0.02768467366695404, -0.9976375102996826, 1.5879440307617188], [-0.31898224353790283, 0.9477404356002808, -0.006197541952133179, -0.10693359375], [0.0, 0.0, 0.0, 1.0]], [[0.002356266137212515, 0.9998303651809692, -0.018270930275321007, 0.001708984375], [-0.08816631883382797, -0.01799212209880352, -0.9959432482719421, 1.5726165771484375], [-0.9961029291152954, 0.003957570530474186, 0.08810896426439285, -0.074462890625], [0.0, 0.0, 0.0, 1.0]], [[-0.933078944683075, 0.356060653924942, 0.05083870515227318, 1.002716064453125], [-0.05559202656149864, -0.0031228037551045418, -0.9984486699104309, 1.5435562133789062], [-0.3553495407104492, -0.9344576597213745, 0.022707955911755562, -0.11181640625], [0.0, 0.0, 0.0, 1.0]]], "view": [[0.0, -2.0, 100.0], [-2.0, 0.0, 100.0], [0.0, 0.0, 1.0]], "bev": "bev_55e6731900d44e86979ca61ceae2862f.png", "aux": "aux_55e6731900d44e86979ca61ceae2862f.npz", "visibility": "visibility_55e6731900d44e86979ca61ceae2862f.png", "pose": [[-0.9955450892448425, 0.09428668022155762, 0.0, 937.6348266601562], [-0.09428668022155762, -0.9955450892448425, 0.0, 1722.111083984375], [0.0, 0.0, 1.0, 0.0], [0.0, 0.0, 0.0, 1.0]], "pose_inverse": [[-0.9955450892448425, -0.09428668022155762, 0.0, 1095.829833984375], [0.09428668022155762, -0.9955450892448425, 0.0, 1626.03271484375], [0.0, 0.0, 1.0, 0.0], [0.0, 0.0, 0.0, 1.0]], "cam_ids": [0, 1, 2, 3, 4, 5], "cam_channels": ["CAM_FRONT_LEFT", "CAM_FRONT", "CAM_FRONT_RIGHT", "CAM_BACK_LEFT", "CAM_BACK", "CAM_BACK_RIGHT"], "token": "55e6731900d44e86979ca61ceae2862f", "scene": "scene-1015"}, {"images": ["samples/CAM_FRONT_LEFT/n015-2018-11-14-19-09-14+0800__CAM_FRONT_LEFT__1542193876854844.jpg", "samples/CAM_FRONT/n015-2018-11-14-19-09-14+0800__CAM_FRONT__1542193876862460.jpg", "samples/CAM_FRONT_RIGHT/n015-2018-11-14-19-09-14+0800__CAM_FRONT_RIGHT__1542193876870339.jpg", "samples/CAM_BACK_LEFT/n015-2018-11-14-19-09-14+0800__CAM_BACK_LEFT__1542193876897423.jpg", "samples/CAM_BACK/n015-2018-11-14-19-09-14+0800__CAM_BACK__1542193876887525.jpg", "samples/CAM_BACK_RIGHT/n015-2018-11-14-19-09-14+0800__CAM_BACK_RIGHT__1542193876877893.jpg"], "intrinsics": [[[1272.5979470598488, 0.0, 826.6154927353808], [0.0, 1272.5979470598488, 479.75165386361925], [0.0, 0.0, 1.0]], [[1266.417203046554, 0.0, 816.2670197447984], [0.0, 1266.417203046554, 491.50706579294757], [0.0, 0.0, 1.0]], [[1260.8474446004698, 0.0, 807.968244525554], [0.0, 1260.8474446004698, 495.3344268742088], [0.0, 0.0, 1.0]], [[1256.7414812095406, 0.0, 792.1125740759628], [0.0, 1256.7414812095406, 492.7757465151356], [0.0, 0.0, 1.0]], [[809.2209905677063, 0.0, 829.2196003259838], [0.0, 809.2209905677063, 481.77842384512485], [0.0, 0.0, 1.0]], [[1259.5137405846733, 0.0, 807.2529053838625], [0.0, 1259.5137405846733, 501.19579884916527], [0.0, 0.0, 1.0]]], "extrinsics": [[[0.8157793283462524, -0.5730379819869995, -0.07830394059419632, -0.7092323303222656], [-0.10897509008646011, -0.019329845905303955, -0.9938564896583557, 1.474395751953125], [0.5680039525032043, 0.8193008303642273, -0.07821575552225113, -1.106201171875], [0.0, 0.0, 0.0, 1.0]], [[0.005871638190001249, -0.9997134804725647, 0.023203838616609573, 0.0093994140625], [-0.11493322998285294, -0.02372514083981514, -0.9930898547172546, 1.491119384765625], [0.9933558702468872, 0.0031641756650060415, -0.11503960192203522, -1.4375], [0.0, 0.0, 0.0, 1.0]], [[-0.8288359045982361, -0.551270067691803, 0.09556318819522858, 0.8680419921875], [-0.11000070720911026, -0.006908459588885307, -0.9939074516296387, 1.4816741943359375], [0.5485716462135315, -0.8342981934547424, -0.054914120584726334, -1.13714599609375], [0.0, 0.0, 0.0, 1.0]], [[0.9423826336860657, 0.31583479046821594, -0.11028784513473511, -1.1337890625], [-0.1033673956990242, -0.03863613307476044, -0.9938925504684448, 1.5876312255859375], [-0.3181668817996979, 0.9480273127555847, -0.0037629983853548765, -0.1068115234375], [0.0, 0.0, 0.0, 1.0]], [[0.002206557197496295, 0.9995890259742737, -0.028581716120243073, 0.001953125], [-0.12794402241706848, -0.028064681217074394, -0.9913842678070068, 1.56939697265625], [-0.9917789101600647, 0.005844401195645332, 0.12782952189445496, -0.0758056640625], [0.0, 0.0, 0.0, 1.0]], [[-0.9302362203598022, 0.3571830987930298, 0.08414825052022934, 0.999969482421875], [-0.09478584676980972, -0.012347373180091381, -0.9954211711883545, 1.5376815795898438], [-0.3545086085796356, -0.933952808380127, 0.04534187540411949, -0.113525390625], [0.0, 0.0, 0.0, 1.0]]], "view": [[0.0, -2.0, 100.0], [-2.0, 0.0, 100.0], [0.0, 0.0, 1.0]], "bev": "bev_c4fea8a938c34faa951cdc2e3789ec3b.png", "aux": "aux_c4fea8a938c34faa951cdc2e3789ec3b.npz", "visibility": "visibility_c4fea8a938c34faa951cdc2e3789ec3b.png", "pose": [[-0.9953652620315552, 0.09616661816835403, 0.0, 934.2245483398438], [-0.09616661816835403, -0.9953652620315552, 0.0, 1721.8172607421875], [0.0, 0.0, 1.0, 0.0], [0.0, 0.0, 0.0, 1.0]], "pose_inverse": [[-0.9953652620315552, -0.09616661816835403, 0.0, 1095.4759521484375], [0.09616661816835403, -0.9953652620315552, 0.0, 1623.995849609375], [0.0, 0.0, 1.0, 0.0], [0.0, 0.0, 0.0, 1.0]], "cam_ids": [0, 1, 2, 3, 4, 5], "cam_channels": ["CAM_FRONT_LEFT", "CAM_FRONT", "CAM_FRONT_RIGHT", "CAM_BACK_LEFT", "CAM_BACK", "CAM_BACK_RIGHT"], "token": "c4fea8a938c34faa951cdc2e3789ec3b", "scene": "scene-1015"}, {"images": ["samples/CAM_FRONT_LEFT/n015-2018-11-14-19-09-14+0800__CAM_FRONT_LEFT__1542193877354844.jpg", "samples/CAM_FRONT/n015-2018-11-14-19-09-14+0800__CAM_FRONT__1542193877362460.jpg", "samples/CAM_FRONT_RIGHT/n015-2018-11-14-19-09-14+0800__CAM_FRONT_RIGHT__1542193877370339.jpg", "samples/CAM_BACK_LEFT/n015-2018-11-14-19-09-14+0800__CAM_BACK_LEFT__1542193877397423.jpg", "samples/CAM_BACK/n015-2018-11-14-19-09-14+0800__CAM_BACK__1542193877387525.jpg", "samples/CAM_BACK_RIGHT/n015-2018-11-14-19-09-14+0800__CAM_BACK_RIGHT__1542193877377893.jpg"], "intrinsics": [[[1272.5979470598488, 0.0, 826.6154927353808], [0.0, 1272.5979470598488, 479.75165386361925], [0.0, 0.0, 1.0]], [[1266.417203046554, 0.0, 816.2670197447984], [0.0, 1266.417203046554, 491.50706579294757], [0.0, 0.0, 1.0]], [[1260.8474446004698, 0.0, 807.968244525554], [0.0, 1260.8474446004698, 495.3344268742088], [0.0, 0.0, 1.0]], [[1256.7414812095406, 0.0, 792.1125740759628], [0.0, 1256.7414812095406, 492.7757465151356], [0.0, 0.0, 1.0]], [[809.2209905677063, 0.0, 829.2196003259838], [0.0, 809.2209905677063, 481.77842384512485], [0.0, 0.0, 1.0]], [[1259.5137405846733, 0.0, 807.2529053838625], [0.0, 1259.5137405846733, 501.19579884916527], [0.0, 0.0, 1.0]]], "extrinsics": [[[0.8145241141319275, -0.5748656392097473, -0.0779745802283287, -0.7125053405761719], [-0.12128032743930817, -0.03729810565710068, -0.9919173121452332, 1.47125244140625], [0.5673108696937561, 0.8173972964286804, -0.1001000925898552, -1.1102294921875], [0.0, 0.0, 0.0, 1.0]], [[0.005691229831427336, -0.9991450905799866, 0.04094754531979561, 0.01025390625], [-0.12647923827171326, -0.04133858159184456, -0.9911075830459595, 1.48876953125], [0.9919529557228088, 0.00046159877092577517, -0.12660637497901917, -1.44189453125], [0.0, 0.0, 0.0, 1.0]], [[-0.8280096054077148, -0.5489625334739685, 0.11419384926557541, 0.8712158203125], [-0.12083779275417328, -0.024170316755771637, -0.9923779368400574, 1.47998046875], [0.5475383400917053, -0.8354974389076233, -0.046322163194417953, -1.138671875], [0.0, 0.0, 0.0, 1.0]], [[0.9414036870002747, 0.3137350380420685, -0.12381202727556229, -1.14111328125], [-0.11228831857442856, -0.05461425334215164, -0.9921736121177673, 1.5884246826171875], [-0.3180415630340576, 0.9479386210441589, -0.016185279935598373, -0.104248046875], [0.0, 0.0, 0.0, 1.0]], [[0.0022792222443968058, 0.9989755749702454, -0.045196302235126495, 0.001708984375], [-0.1374751180410385, -0.04445427283644676, -0.9895071387290955, 1.569366455078125], [-0.990502655506134, 0.00846867635846138, 0.13723295927047