[{"images": ["samples/CAM_FRONT_LEFT/n008-2018-08-30-15-52-26-0400__CAM_FRONT_LEFT__1535659134004799.jpg", "samples/CAM_FRONT/n008-2018-08-30-15-52-26-0400__CAM_FRONT__1535659134012404.jpg", "samples/CAM_FRONT_RIGHT/n008-2018-08-30-15-52-26-0400__CAM_FRONT_RIGHT__1535659134020482.jpg", "samples/CAM_BACK_LEFT/n008-2018-08-30-15-52-26-0400__CAM_BACK_LEFT__1535659134047405.jpg", "samples/CAM_BACK/n008-2018-08-30-15-52-26-0400__CAM_BACK__1535659134037558.jpg", "samples/CAM_BACK_RIGHT/n008-2018-08-30-15-52-26-0400__CAM_BACK_RIGHT__1535659134028113.jpg"], "intrinsics": [[[1257.8625342125129, 0.0, 827.2410631095686], [0.0, 1257.8625342125129, 450.915498205774], [0.0, 0.0, 1.0]], [[1252.8131021185304, 0.0, 826.588114781398], [0.0, 1252.8131021185304, 469.9846626224581], [0.0, 0.0, 1.0]], [[1256.7485116440405, 0.0, 817.7887570959712], [0.0, 1256.7485116440403, 451.9541780095127], [0.0, 0.0, 1.0]], [[1254.9860565800168, 0.0, 829.5769333630991], [0.0, 1254.9860565800168, 467.1680561863987], [0.0, 0.0, 1.0]], [[796.8910634503094, 0.0, 857.7774326863696], [0.0, 796.8910634503094, 476.8848988407415], [0.0, 0.0, 1.0]], [[1249.9629280788233, 0.0, 825.3768045375984], [0.0, 1249.9629280788233, 462.54816385708756], [0.0, 0.0, 1.0]]], "extrinsics": [[[0.822632908821106, -0.5685376524925232, -0.006333477329462767, -0.8638916015625], [0.006125187501311302, 0.020000210031867027, -0.9997811913490295, 1.4892940521240234], [0.5685399770736694, 0.8224141597747803, 0.019935227930545807, -1.23834228515625], [0.0, 0.0, 0.0, 1.0]], [[0.010375814512372017, -0.9998220801353455, -0.015756070613861084, 0.00848388671875], [0.00814942829310894, 0.01584094762802124, -0.9998413324356079, 1.4812898635864258], [0.9999129176139832, 0.010245823301374912, 0.008312341757118702, -1.5935516357421875], [0.0, 0.0, 0.0, 1.0]], [[-0.843937873840332, -0.5361547470092773, -0.017520161345601082, 0.997894287109375], [0.016244927421212196, 0.007101866416633129, -0.9998428225517273, 1.4948606491088867], [0.536194920539856, -0.8440898656845093, 0.002716259565204382, -1.21728515625], [0.0, 0.0, 0.0, 1.0]], [[0.9478787183761597, 0.3186282515525818, -0.001406320370733738, -1.140167236328125], [-0.008863193914294243, 0.02195444330573082, -0.9997196793556213, 1.5620079040527344], [-0.318508118391037, 0.947625458240509, 0.02363421395421028, -0.15728759765625], [0.0, 0.0, 0.0, 1.0]], [[0.009188825264573097, 0.9998523592948914, 0.014523598365485668, -0.02880859375], [-0.006813303101807833, 0.014586477540433407, -0.9998703598976135, 1.5677595138549805], [-0.9999345541000366, 0.009088657796382904, 0.006946329027414322, 0.00077056884765625], [0.0, 0.0, 0.0, 1.0]], [[-0.9237562417984009, 0.38298067450523376, -0.0005547961336560547, 1.085052490234375], [-0.0027236598543822765, -0.008018093183636665, -0.9999641180038452, 1.5475950241088867], [-0.38297131657600403, -0.9237216114997864, 0.008449871093034744, -0.0743408203125], [0.0, 0.0, 0.0, 1.0]]], "view": [[0.0, -2.0, 100.0], [-2.0, 0.0, 100.0], [0.0, 0.0, 1.0]], "bev": "bev_fdb71228b5814527b3d2e5570058b382.png", "aux": "aux_fdb71228b5814527b3d2e5570058b382.npz", "visibility": "visibility_fdb71228b5814527b3d2e5570058b382.png", "pose": [[-0.7401902675628662, -0.6723974943161011, 0.0, 601.1563110351562], [0.6723974943161011, -0.7401902675628662, 0.0, 569.1149291992188], [0.0, 0.0, 1.0, 0.0], [0.0, 0.0, 0.0, 1.0]], "pose_inverse": [[-0.7401902675628662, 0.6723974943161011, 0.0, 62.29861831665039], [-0.6723974943161011, -0.7401902675628662, 0.0, 825.4692993164062], [0.0, 0.0, 1.0, 0.0], [0.0, 0.0, 0.0, 1.0]], "cam_ids": [0, 1, 2, 3, 4, 5], "cam_channels": ["CAM_FRONT_LEFT", "CAM_FRONT", "CAM_FRONT_RIGHT", "CAM_BACK_LEFT", "CAM_BACK", "CAM_BACK_RIGHT"], "token": "fdb71228b5814527b3d2e5570058b382", "scene": "scene-0534"}, {"images": ["samples/CAM_FRONT_LEFT/n008-2018-08-30-15-52-26-0400__CAM_FRONT_LEFT__1535659134404799.jpg", "samples/CAM_FRONT/n008-2018-08-30-15-52-26-0400__CAM_FRONT__1535659134412404.jpg", "samples/CAM_FRONT_RIGHT/n008-2018-08-30-15-52-26-0400__CAM_FRONT_RIGHT__1535659134420482.jpg", "samples/CAM_BACK_LEFT/n008-2018-08-30-15-52-26-0400__CAM_BACK_LEFT__1535659134447405.jpg", "samples/CAM_BACK/n008-2018-08-30-15-52-26-0400__CAM_BACK__1535659134437558.jpg", "samples/CAM_BACK_RIGHT/n008-2018-08-30-15-52-26-0400__CAM_BACK_RIGHT__1535659134428113.jpg"], "intrinsics": [[[1257.8625342125129, 0.0, 827.2410631095686], [0.0, 1257.8625342125129, 450.915498205774], [0.0, 0.0, 1.0]], [[1252.8131021185304, 0.0, 826.588114781398], [0.0, 1252.8131021185304, 469.9846626224581], [0.0, 0.0, 1.0]], [[1256.7485116440405, 0.0, 817.7887570959712], [0.0, 1256.7485116440403, 451.9541780095127], [0.0, 0.0, 1.0]], [[1254.9860565800168, 0.0, 829.5769333630991], [0.0, 1254.9860565800168, 467.1680561863987], [0.0, 0.0, 1.0]], [[796.8910634503094, 0.0, 857.7774326863696], [0.0, 796.8910634503094, 476.8848988407415], [0.0, 0.0, 1.0]], [[1249.9629280788233, 0.0, 825.3768045375984], [0.0, 1249.9629280788233, 462.54816385708756], [0.0, 0.0, 1.0]]], "extrinsics": [[[0.8224515318870544, -0.5688350796699524, -0.00032919435761868954, -0.87908935546875], [0.011441143229603767, 0.01712079904973507, -0.9997879862785339, 1.490011215209961], [0.5687201619148254, 0.8222734332084656, 0.020589150488376617, -1.24786376953125], [0.0, 0.0, 0.0, 1.0]], [[0.01018791925162077, -0.9998632073402405, -0.013022630475461483, 0.00787353515625], [0.013527351431548595, 0.013159925118088722, -0.9998219013214111, 1.4818487167358398], [0.9998565912246704, 0.01001001801341772, 0.013659575022757053, -1.6091842651367188], [0.0, 0.0, 0.0, 1.0]], [[-0.8439310789108276, -0.5360485911369324, -0.020790958777070045, 1.009033203125], [0.021688256412744522, 0.004631019197404385, -0.9997540712356567, 1.4951791763305664], [0.5360130667686462, -0.8441744446754456, 0.007717698812484741, -1.22442626953125], [0.0, 0.0, 0.0, 1.0]], [[0.9478752613067627, 0.3186231553554535, 0.003428275464102626, -1.138031005859375], [-0.0032765502110123634, 0.020504780113697052, -0.9997844099998474, 1.5620193481445312], [-0.31862470507621765, 0.9476596713066101, 0.0204799585044384, -0.158203125], [0.0, 0.0, 0.0, 1.0]], [[0.009171390905976295, 0.9998779892921448, 0.012644816190004349, -0.029052734375], [-0.0013408638769760728, 0.012657633982598782, -0.9999189972877502, 1.5680017471313477], [-0.9999570846557617, 0.009153754450380802, 0.001456789206713438, 0.005115509033203125], [0.0, 0.0, 0.0, 1.0]], [[-0.9236970543861389, 0.3830692172050476, -0.00646564457565546, 1.09503173828125], [0.002732211956754327, -0.010289374738931656, -0.9999433159828186, 1.5480151176452637], [-0.3831140697002411, -0.9236623048782349, 0.008457638323307037, -0.06988525390625], [0.0, 0.0, 0.0, 1.0]]], "view": [[0.0, -2.0, 100.0], [-2.0, 0.0, 100.0], [0.0, 0.0, 1.0]], "bev": "bev_a2d82e30188646ad84ad023ff2851cf2.png", "aux": "aux_a2d82e30188646ad84ad023ff2851cf2.npz", "visibility": "visibility_a2d82e30188646ad84ad023ff2851cf2.png", "pose": [[-0.7415624260902405, -0.6708838939666748, 0.0, 600.1044921875], [0.6708838939666748, -0.7415624260902405, 0.0, 570.0828247070312], [0.0, 0.0, 1.0, 0.0], [0.0, 0.0, 0.0, 1.0]], "pose_inverse": [[-0.7415624260902405, 0.6708838939666748, 0.0, 62.555538177490234], [-0.6708838939666748, -0.7415624260902405, 0.0, 825.3524169921875], [0.0, 0.0, 1.0, 0.0], [0.0, 0.0, 0.0, 1.0]], "cam_ids": [0, 1, 2, 3, 4, 5], "cam_channels": ["CAM_FRONT_LEFT", "CAM_FRONT", "CAM_FRONT_RIGHT", "CAM_BACK_LEFT", "CAM_BACK", "CAM_BACK_RIGHT"], "token": "a2d82e30188646ad84ad023ff2851cf2", "scene": "scene-0534"}, {"images": ["samples/CAM_FRONT_LEFT/n008-2018-08-30-15-52-26-0400__CAM_FRONT_LEFT__1535659134904799.jpg", "samples/CAM_FRONT/n008-2018-08-30-15-52-26-0400__CAM_FRONT__1535659134912404.jpg", "samples/CAM_FRONT_RIGHT/n008-2018-08-30-15-52-26-0400__CAM_FRONT_RIGHT__1535659134920496.jpg", "samples/CAM_BACK_LEFT/n008-2018-08-30-15-52-26-0400__CAM_BACK_LEFT__1535659134947405.jpg", "samples/CAM_BACK/n008-2018-08-30-15-52-26-0400__CAM_BACK__1535659134937558.jpg", "samples/CAM_BACK_RIGHT/n008-2018-08-30-15-52-26-0400__CAM_BACK_RIGHT__1535659134928113.jpg"], "intrinsics": [[[1257.8625342125129, 0.0, 827.2410631095686], [0.0, 1257.8625342125129, 450.915498205774], [0.0, 0.0, 1.0]], [[1252.8131021185304, 0.0, 826.588114781398], [0.0, 1252.8131021185304, 469.9846626224581], [0.0, 0.0, 1.0]], [[1256.7485116440405, 0.0, 817.7887570959712], [0.0, 1256.7485116440403, 451.9541780095127], [0.0, 0.0, 1.0]], [[1254.9860565800168, 0.0, 829.5769333630991], [0.0, 1254.9860565800168, 467.1680561863987], [0.0, 0.0, 1.0]], [[796.8910634503094, 0.0, 857.7774326863696], [0.0, 796.8910634503094, 476.8848988407415], [0.0, 0.0, 1.0]], [[1249.9629280788233, 0.0, 825.3768045375984], [0.0, 1249.9629280788233, 462.54816385708756], [0.0, 0.0, 1.0]]], "extrinsics": [[[0.8224400281906128, -0.5688260793685913, 0.005404078401625156, -0.876739501953125], [0.018283439800143242, 0.016937751322984695, -0.9996893405914307, 1.491133689880371], [0.568557858467102, 0.8222833871841431, 0.0243303831666708, -1.24517822265625], [0.0, 0.0, 0.0, 1.0]], [[0.01025795005261898, -0.9998679161071777, -0.012601284310221672, 0.007080078125], [0.02020597830414772, 0.012806640937924385, -0.9997137784957886, 1.4827795028686523], [0.9997432231903076, 0.010000436566770077, 0.020334679633378983, -1.6051483154296875], [0.0, 0.0, 0.0, 1.0]], [[-0.8437999486923218, -0.5360279083251953, -0.025994647294282913, 1.004852294921875], [0.028191732242703438, 0.004096643533557653, -0.9995940923690796, 1.4959416389465332], [0.5359168648719788, -0.8441903591156006, 0.01165480725467205, -1.22259521484375], [0.0, 0.0, 0.0, 1.0]], [[0.9478429555892944, 0.31861963868141174, 0.00867470446974039, -1.136199951171875], [0.002674720250070095, 0.01926388032734394, -0.9998108148574829, 1.5620651245117188], [-0.31872645020484924, 0.9476869106292725, 0.01740691438317299, -0.15875244140625], [0.0, 0.0, 0.0, 1.0]], [[0.009130318649113178, 0.9998887777328491, 0.01179444044828415, -0.02874755859375], [0.004904234316200018, 0.011750014498829842, -0.9999189376831055, 1.5682668685913086], [-0.9999463558197021, 0.009187362156808376, -0.004796408116817474, 0.001743316650390625], [0.0, 0.0, 0.0, 1.0]], [[-0.9236133098602295, 0.3831169009208679, -0.01263744942843914, 1.090667724609375], [0.009129003621637821, -0.010974434204399586, -0.9998980760574341, 1.5485053062438965], [-0.38321653008461, -0.9236345887184143, 0.006638660095632076, -0.0723876953125], [0.0, 0.0, 0.0, 1.0]]], "view": [[0.0, -2.0, 100.0], [-2.0, 0.0, 100.0], [0.0, 0.0, 1.0]], "bev": "bev_8f800722c7364cf9880cacf850b8550b.png", "aux": "aux_8f800722c7364cf9880cacf850b8550b.npz", "visibility": "visibility_8f800722c7364cf9880cacf850b8550b.png", "pose": [[-0.7439563870429993, -0.6682281494140625, 0.0, 598.8522338867188], [0.6682281494140625, -0.7439563870429993, 0.0, 571.2193603515625], [0.0, 0.0, 1.0, 0.0], [0.0, 0.0, 0.0, 1.0]], "pose_inverse": [[-0.7439563870429993, 0.6682281494140625, 0.0, 63.8150749206543], [-0.6682281494140625, -0.7439563870429993, 0.0, 825.1322021484375], [0.0, 0.0, 1.0, 0.0], [0.0, 0.0, 0.0, 1.0]], "cam_ids": [0, 1, 2, 3, 4, 5], "cam_channels": ["CAM_FRONT_LEFT", "CAM_FRONT", "CAM_FRONT_RIGHT", "CAM_BACK_LEFT", "CAM_BACK", "CAM_BACK_RIGHT"], "token": "8f800722c7364cf9880cacf850b8550b", "scene": "scene-0534"}, {"images": ["samples/CAM_FRONT_LEFT/n008-2018-08-30-15-52-26-0400__CAM_FRONT_LEFT__1535659135404799.jpg", "samples/CAM_FRONT/n008-2018-08-30-15-52-26-0400__CAM_FRONT__1535659135412404.jpg", "samples/CAM_FRONT_RIGHT/n008-2018-08-30-15-52-26-0400__CAM_FRONT_RIGHT__1535659135420482.jpg", "samples/CAM_BACK_LEFT/n008-2018-08-30-15-52-26-0400__CAM_BACK_LEFT__1535659135447405.jpg", "samples/CAM_BACK/n008-2018-08-30-15-52-26-0400__CAM_BACK__1535659135437558.jpg", "samples/CAM_BACK_RIGHT/n008-2018-08-30-15-52-26-0400__CAM_BACK_RIGHT__1535659135428113.jpg"], "intrinsics": [[[1257.8625342125129, 0.0, 827.2410631095686], [0.0, 1257.8625342125129, 450.915498205774], [0.0, 0.0, 1.0]], [[1252.8131021185304, 0.0, 826.588114781398], [0.0, 1252.8131021185304, 469.9846626224581], [0.0, 0.0, 1.0]], [[1256.7485116440405, 0.0, 817.7887570959712], [0.0, 1256.7485116440403, 451.9541780095127], [0.0, 0.0, 1.0]], [[1254.9860565800168, 0.0, 829.5769333630991], [0.0, 1254.9860565800168, 467.1680561863987], [0.0, 0.0, 1.0]], [[796.8910634503094, 0.0, 857.7774326863696], [0.0, 796.8910634503094, 476.8848988407415], [0.0, 0.0, 1.0]], [[1249.9629280788233, 0.0, 825.3768045375984], [0.0, 1249.9629280788233, 462.54816385708756], [0.0, 0.0, 1.0]]], "extrinsics": [[[0.8228892087936401, -0.5681613683700562, 0.006779016461223364, -0.873138427734375], [0.020710553973913193, 0.018068870529532433, -0.9996222257614136, 1.4915847778320312], [0.5678243041038513, 0.8227188587188721, 0.026635611429810524, -1.24334716796875], [0.0, 0.0, 0.0, 1.0]], [[0.01100353803485632, -0.9998449087142944, -0.013754562474787235, 0.00762939453125], [0.022681446745991707, 0.014001423493027687, -0.9996446967124939, 1.483175277709961], [0.9996822476387024, 0.010687626898288727, 0.022831991314888, -1.6015853881835938], [0.0, 0.0, 0.0, 1.0]], [[-0.8434078097343445, -0.5365014672279358, -0.028800157830119133, 1.0025634765625], [0.030719934031367302, 0.005361995659768581, -0.9995136857032776, 1.496290683746338], [0.5363950133323669, -0.8438823819160461, 0.011958939954638481, -1.2208251953125], [0.0, 0.0, 0.0, 1.0]], [[0.9477817416191101, 0.31869980692863464, 0.011845835484564304, -1.134796142578125], [0.005498139653354883, 0.020809723064303398, -0.9997683167457581, 1.5620956420898438], [-0.31887248158454895, 0.9476272463798523, 0.017970819026231766, -0.1591796875], [0.0, 0.0, 0.0, 1.0]], [[0.008796008303761482, 0.9998738169670105, 0.01323048397898674, -0.02880859375], [0.007550772745162249, 0.01316420640796423, -0.9998847842216492, 1.5683937072753906], [-0.9999328255653381, 0.008894899860024452, -0.007434025872498751, -0.000324249267578125], [0.0, 0.0, 0.0, 1.0]], [[-0.9237673878669739, 0.38267847895622253, -0.01452909130603075, 1.08831787109375], [0.01172490045428276, -0.009659115225076675, -0.9998846054077148, 1.5487332344055176], [-0.3827746510505676, -0.9238311052322388, 0.004435908980667591, -0.0731201171875], [0.0, 0.0, 0.0, 1.0]]], "view": [[0.0, -2.0, 100.0], [-2.0, 0.0, 100.0], [0.0, 0.0, 1.0]], "bev": "bev_50ee682febe6488cbf3e4fa3a058fadb.png", "aux": "aux_50ee682febe6488cbf3e4fa3a058fadb.npz", "visibility": "visibility_50ee682febe6488cbf3e4fa3a058fadb.png", "pose": [[-0.7432398796081543, -0.6690250635147095, 0.0, 597.5697021484375], [0.6690250635147095, -0.7432398796081543, 0.0, 572.3805541992188], [0.0, 0.0, 1.0, 0.0], [0.0, 0.0, 0.0, 1.0]], "pose_inverse": [[-0.7432398796081543, 0.6690250635147095, 0.0, 61.20069122314453], [-0.6690250635147095, -0.7432398796081543, 0.0, 825.2051391601562], [0.0, 0.0, 1.0, 0.0], [0.0, 0.0, 0.0, 1.0]], "cam_ids": [0, 1, 2, 3, 4, 5], "cam_channels": ["CAM_FRONT_LEFT", "CAM_FRONT", "CAM_FRONT_RIGHT", "CAM_BACK_LEFT", "CAM_BACK", "CAM_BACK_RIGHT"], "token": "50ee682febe6488cbf3e4fa3a058fadb", "scene": "scene-0534"}, {"images": ["samples/CAM_FRONT_LEFT/n008-2018-08-30-15-52-26-0400__CAM_FRONT_LEFT__1535659135904799.jpg", "samples/CAM_FRONT/n008-2018-08-30-15-52-26-0400__CAM_FRONT__1535659135912404.jpg", "samples/CAM_FRONT_RIGHT/n008-2018-08-30-15-52-26-0400__CAM_FRONT_RIGHT__1535659135920482.jpg", "samples/CAM_BACK_LEFT/n008-2018-08-30-15-52-26-0400__CAM_BACK_LEFT__1535659135947405.jpg", "samples/CAM_BACK/n008-2018-08-30-15-52-26-0400__CAM_BACK__1535659135937558.jpg", "samples/CAM_BACK_RIGHT/n008-2018-08-30-15-52-26-0400__CAM_BACK_RIGHT__1535659135928113.jpg"], "intrinsics": [[[1257.8625342125129, 0.0, 827.2410631095686], [0.0, 1257.8625342125129, 450.915498205774], [0.0, 0.0, 1.0]], [[1252.8131021185304, 0.0, 826.588114781398], [0.0, 1252.8131021185304, 469.9846626224581], [0.0, 0.0, 1.0]], [[1256.7485116440405, 0.0, 817.7887570959712], [0.0, 1256.7485116440403, 451.9541780095127], [0.0, 0.0, 1.0]], [[1254.9860565800168, 0.0, 829.5769333630991], [0.0, 1254.9860565800168, 467.1680561863987], [0.0, 0.0, 1.0]], [[796.8910634503094, 0.0, 857.7774326863696], [0.0, 796.8910634503094, 476.8848988407415], [0.0, 0.0, 1.0]], [[1249.9629280788233, 0.0, 825.3768045375984], [0.0, 1249.9629280788233, 462.54816385708756], [0.0, 0.0, 1.0]]], "extrinsics": [[[0.8230022192001343, -0.5679511427879333, 0.009944438003003597, -0.854461669921875], [0.025269998237490654, 0.019117526710033417, -0.9994978308677673, 1.4928455352783203], [0.5674758553504944, 0.8228402137756348, 0.030085891485214233, -1.23187255859375], [0.0, 0.0, 0.0, 1.0]], [[0.011280271224677563, -0.9998271465301514, -0.014778804033994675, 0.0087890625], [0.027315007522702217, 0.015082334168255329, -0.9995130896568298, 1.4842557907104492], [0.9995632171630859, 0.010871044360101223, 0.027480419725179672, -1.5840911865234375], [0.0, 0.0, 0.0, 1.0]], [[-0.8431827425956726, -0.5365902185440063, -0.033372730016708374, 0.992095947265625], [0.0354316383600235, 0.006477429531514645, -0.9993510842323303, 1.4972357749938965], [0.5364582538604736, -0.8438180685043335, 0.01355061586946249, -1.21319580078125], [0.0, 0.0, 0.0, 1.0]], [[0.9477019906044006, 0.3187253177165985, 0.016587253659963608, -1.1341552734375], [0.010145213454961777, 0.021861448884010315, -0.9997095465660095, 1.5621471405029297], [-0.31899547576904297, 0.947594940662384, 0.017484601587057114, -0.15948486328125], [0.0, 0.0, 0.0, 1.0]], [[0.00866530742496252, 0.9998592734336853, 0.014364139176905155, -0.02911376953125], [0.012241004034876823, 0.014257536269724369, -0.9998233914375305, 1.5686569213867188], [-0.9998875856399536, 0.008839539252221584, -0.012115737423300743, -0.0050048828125], [0.0, 0.0, 0.0, 1.0]], [[-0.9237232208251953, 0.3826161026954651, -0.018443657085299492, 1.08013916015625], [0.016428453847765923, -0.008533748798072338, -0.9998286366462708, 1.5492463111877441], [-0.38270795345306396, -0.92386794090271, 0.0015970305539667606, -0.075927734375], [0.0, 0.0, 0.0, 1.0]]], "view": [[0.0, -2.0, 100.0], [-2.0, 0.0, 100.0], [0.0, 0.0, 1.0]], "bev": "bev_d2499e8faae24803bb57170105c2a4a6.png", "aux": "aux_d2499e8faae24803bb57170105c2a4a6.npz", "visibility": "visibility_d2499e8faae24803bb57170105c2a4a6.png", "pose": [[-0.7382680177688599, -0.6745074391365051, 0.0, 596.1627807617188], [0.6745074391365051, -0.7382680177688599, 0.0, 573.6768188476562], [0.0, 0.0, 1.0, 0.0], [0.0, 0.0, 0.0, 1.0]], "pose_inverse": [[-0.7382680177688599, 0.6745074391365051, 0.0, 53.17864227294922], [-0.6745074391365051, -0.7382680177688599, 0.0, 825.6434936523438], [0.0, 0.0, 1.0, 0.0], [0.0, 0.0, 0.0, 1.0]], "cam_ids": [0, 1, 2, 3, 4, 5], "cam_channels": ["CAM_FRONT_LEFT", "CAM_FRONT", "CAM_FRONT_RIGHT", "CAM_BACK_LEFT", "CAM_BACK", "CAM_BACK_RIGHT"], "token": "d2499e8faae24803bb57170105c2a4a6", "scene": "scene-0534"}, {"images": ["samples/CAM_FRONT_LEFT/n008-2018-08-30-15-52-26-0400__CAM_FRONT_LEFT__1535659136404799.jpg", "samples/CAM_FRONT/n008-2018-08-30-15-52-26-0400__CAM_FRONT__1535659136412404.jpg", "samples/CAM_FRONT_RIGHT/n008-2018-08-30-15-52-26-0400__CAM_FRONT_RIGHT__1535659136420482.jpg", "samples/CAM_BACK_LEFT/n008-2018-08-30-15-52-26-0400__CAM_BACK_LEFT__1535659136447405.jpg", "samples/CAM_BACK/n008-2018-08-30-15-52-26-0400__CAM_BACK__1535659136437558.jpg", "samples/CAM_BACK_RIGHT/n008-2018-08-30-15-52-26-0400__CAM_BACK_RIGHT__1535659136428113.jpg"], "intrinsics": [[[1257.8625342125129, 0.0, 827.2410631095686], [0.0, 1257.8625342125129, 450.915498205774], [0.0, 0.0, 1.0]], [[1252.8131021185304, 0.0, 826.588114781398], [0.0, 1252.8131021185304, 469.9846626224581], [0.0, 0.0, 1.0]], [[1256.7485116440405, 0.0, 817.7887570959712], [0.0, 1256.7485116440403, 451.9541780095127], [0.0, 0.0, 1.0]], [[1254.9860565800168, 0.0, 829.5769333630991], [0.0, 1254.9860565800168, 467.1680561863987], [0.0, 0.0, 1.0]], [[796.8910634503094, 0.0, 857.7774326863696], [0.0, 796.8910634503094, 476.8848988407415], [0.0, 0.0, 1.0]], [[1249.9629280788233, 0.0, 825.3768045375984], [0.0, 1249.9629280788233, 462.54816385708756], [0.0, 0.0, 1.0]]], "extrinsics": [[[0.8230682611465454, -0.5678321719169617, 0.011193765327334404, -0.825347900390625], [0.02882181853055954, 0.022076835855841637, -0.9993407130241394, 1.4945354461669922], [0.5672107934951782, 0.8228483200073242, 0.0345366969704628, -1.21099853515625], [0.0, 0.0, 0.0, 1.0]], [[0.011486565694212914, -0.9997786283493042, -0.017625194042921066, 0.008544921875], [0.030734075233340263, 0.01797102764248848, -0.999366044998169, 1.485696792602539], [0.9994615912437439, 0.010937606915831566, 0.030933696776628494, -1.5542068481445312], [0.0, 0.0, 0.0, 1.0]], [[-0.842999279499054, -0.5365956425666809, -0.03764747083187103, 0.972015380859375], [0.03870924189686775, 0.00929147657006979, -0.9992073178291321, 1.4985342025756836], [0.5365201234817505, -0.8437884449958801, 0.012938501313328743, -1.20086669921875], [0.0, 0.0, 0.0, 1.0]], [[0.9476297497749329, 0.3187228739261627, 0.02033940702676773, -1.132659912109375], [0.013220620341598988, 0.024482950568199158, -0.9996128082275391, 1.5621986389160156], [-0.31909748911857605, 0.9475317001342773, 0.018987054005265236, -0.159912109375], [0.0, 0.0, 0.0, 1.0]], [[0.008539819158613682, 0.9998174905776978, 0.01708943396806717, -0.02874755859375], [0.015428164042532444, 0.016956282779574394, -0.9997372031211853, 1.5689668655395508], [-0.9998446106910706, 0.008801213465631008, -0.015280545689165592, -0.014720916748046875], [0.0, 0.0, 0.0, 1.0]], [[-0.9236993193626404, 0.38257670402526855, -0.020361898466944695, 1.06402587890625], [0.019644442945718765, -0.005782035645097494, -0.9997903108596802, 1.5498650074005127], [-0.38261422514915466, -0.923905611038208, -0.0021746421698480844, -0.0828857421875], [0.0, 0.0, 0.0, 1.0]]], "view": [[0.0, -2.0, 100.0], [-2.0, 0.0, 100.0], [0.0, 0.0, 1.0]], "bev": "bev_0f83c76c959f4bdda90eb9e585572f1c.png", "aux": "aux_0f83c76c959f4bdda90eb9e585572f1c.npz", "visibility": "visibility_0f83c76c959f4bdda90eb9e585572f1c.png", "pose": [[-0.73133385181427, -0.6820196509361267, 0.0, 594.535888671875], [0.6820196509361267, -0.73133385181427, 0.0, 575.1950073242188], [0.0, 0.0, 1.0, 0.0], [0.0, 0.0, 0.0, 1.0]], "pose_inverse": [[-0.73133385181427, 0.6820196509361267, 0.0, 42.50991439819336], [-0.6820196509361267, -0.73133385181427, 0.0, 826.1447143554688], [0.0, 0.0, 1.0, 0.0], [0.0, 0.0, 0.0, 1.0]], "cam_ids": [0, 1, 2, 3, 4, 5], "cam_channels": ["CAM_FRONT_LEFT", "CAM_FRONT", "CAM_FRONT_RIGHT", "CAM_BACK_LEFT", "CAM_BACK", "CAM_BACK_RIGHT"], "token": "0f83c76c959f4bdda90eb9e585572f1c", "scene": "scene-0534"}, {"images": ["samples/CAM_FRONT_LEFT/n008-2018-08-30-15-52-26-0400__CAM_FRONT_LEFT__1535659136904799.jpg", "samples/CAM_FRONT/n008-2018-08-30-15-52-26-0400__CAM_FRONT__1535659136912404.jpg", "samples/CAM_FRONT_RIGHT/n008-2018-08-30-15-52-26-0400__CAM_FRONT_RIGHT__1535659136920482.jpg", "samples/CAM_BACK_LEFT/n008-2018-08-30-15-52-26-0400__CAM_BACK_LEFT__1535659136947405.jpg", "samples/CAM_BACK/n008-2018-08-30-15-52-26-0400__CAM_BACK__1535659136937729.jpg", "samples/CAM_BACK_RIGHT/n008-2018-08-30-15-52-26-0400__CAM_BACK_RIGHT__1535659136928113.jpg"], "intrinsics": [[[1257.8625342125129, 0.0, 827.2410631095686], [0.0, 1257.8625342125129, 450.915498205774], [0.0, 0.0, 1.0]], [[1252.8131021185304, 0.0, 826.588114781398], [0.0, 1252.8131021185304, 469.9846626224581], [0.0, 0.0, 1.0]], [[1256.7485116440405, 0.0, 817.7887570959712], [0.0, 1256.7485116440403, 451.9541780095127], [0.0, 0.0, 1.0]], [[1254.9860565800168, 0.0, 829.5769333630991], [0.0, 1254.9860565800168, 467.1680561863987], [0.0, 0.0, 1.0]], [[796.8910634503094, 0.0, 857.7774326863696], [0.0, 796.8910634503094, 476.8848988407415], [0.0, 0.0, 1.0]], [[1249.9629280788233, 0.0, 825.3768045375984], [0.0, 1249.9629280788233, 462.54816385708756], [0.0, 0.0, 1.0]]], "extrinsics": [[[0.8229975700378418, -0.5680372714996338, 0.0029553368221968412, -0.79351806640625], [0.02036651410162449, 0.02430780977010727, -0.9994969964027405, 1.493429183959961], [0.5676797032356262, 0.8226436972618103, 0.03157420456409454, -1.1905517578125], [0.0, 0.0, 0.0, 1.0]], [[0.011126577854156494, -0.9997387528419495, -0.01996607519686222, 0.0098876953125], [0.02217850275337696, 0.020209135487675667, -0.9995497465133667, 1.4848251342773438], [0.9996920824050903, 0.010678737424314022, 0.022397564724087715, -1.5227165222167969], [0.0, 0.0, 0.0, 1.0]], [[-0.8433865308761597, -0.5363805294036865, -0.03154616057872772, 0.9512939453125], [0.030048010870814323, 0.011536076664924622, -0.9994818568229675, 1.4980497360229492], [0.5364665389060974, -0.8438974022865295, 0.006387796252965927, -1.18695068359375], [0.0, 0.0, 0.0, 1.0]], [[0.9477382898330688, 0.31880056858062744, 0.012582755647599697, -1.134429931640625], [0.004217355512082577, 0.026916934177279472, -0.9996287822723389, 1.5620861053466797], [-0.31902092695236206, 0.9474394917488098, 0.024165714159607887, -0.1593017578125], [0.0, 0.0, 0.0, 1.0]], [[0.008705907501280308, 0.9997755289077759, 0.019317515194416046, -0.02899169921875], [0.0065161800011992455, 0.019261116161942482, -0.9997932314872742, 1.5684814453125], [-0.9999409317970276, 0.00882995780557394, -0.006347032263875008, -0.02227783203125], [0.0, 0.0, 0.0, 1.0]], [[-0.9237925410270691, 0.382725328207016, -0.011346431449055672, 1.046722412109375], [0.01082718838006258, -0.003510670503601432, -0.9999352097511292, 1.5491461753845215], [-0.3827402591705322, -0.9238554835319519, -0.0009007074986584485, -0.08953857421875], [0.0, 0.0, 0.0, 1.0]]], "view": [[0.0, -2.0, 100.0], [-2.0, 0.0, 100.0], [0.0, 0.0, 1.0]], "bev": "bev_c2e5f3595f3e4b359c627850b93eabcf.png", "aux": "aux_c2e5f3595f3e4b359c627850b93eabcf.npz", "visibility": "visibility_c2e5f3595f3e4b359c627850b93eabcf.png", "pose": [[-0.7235962152481079, -0.6902235150337219, 0.0, 592.63330078125], [0.6902235150337219, -0.7235962152481079, 0.0, 577.0250854492188], [0.0, 0.0, 1.0, 0.0], [0.0, 0.0, 0.0, 1.0]], "pose_inverse": [[-0.7235962152481079, 0.6902235150337219, 0.0, 30.550928115844727], [-0.6902235150337219, -0.7235962152481079, 0.0, 826.5826416015625], [0.0, 0.0, 1.0, 0.0], [0.0, 0.0, 0.0, 1.0]], "cam_ids": [0, 1, 2, 3, 4, 5], "cam_channels": ["CAM_FRONT_LEFT", "CAM_FRONT", "CAM_FRONT_RIGHT", "CAM_BACK_LEFT", "CAM_BACK", "CAM_BACK_RIGHT"], "token": "c2e5f3595f3e4b359c627850b93eabcf", "scene": "scene-0534"}, {"images": ["samples/CAM_FRONT_LEFT/n008-2018-08-30-15-52-26-0400__CAM_FRONT_LEFT__1535659137354799.jpg", "samples/CAM_FRONT/n008-2018-08-30-15-52-26-0400__CAM_FRONT__1535659137362404.jpg", "samples/CAM_FRONT_RIGHT/n008-2018-08-30-15-52-26-0400__CAM_FRONT_RIGHT__1535659137370482.jpg", "samples/CAM_BACK_LEFT/n008-2018-08-30-15-52-26-0400__CAM_BACK_LEFT__1535659137397405.jpg", "samples/CAM_BACK/n008-2018-08-30-15-52-26-0400__CAM_BACK__1535659137387558.jpg", "samples/CAM_BACK_RIGHT/n008-2018-08-30-15-52-26-0400__CAM_BACK_RIGHT__1535659137378113.jpg"], "intrinsics": [[[1257.8625342125129, 0.0, 827.2410631095686], [0.0, 1257.8625342125129, 450.915498205774], [0.0, 0.0, 1.0]], [[1252.8131021185304, 0.0, 826.588114781398], [0.0, 1252.8131021185304, 469.9846626224581], [0.0, 0.0, 1.0]], [[1256.7485116440405, 0.0, 817.7887570959712], [0.0, 1256.7485116440403, 451.9541780095127], [0.0, 0.0, 1.0]], [[1254.9860565800168, 0.0, 829.5769333630991], [0.0, 1254.9860565800168, 467.1680561863987], [0.0, 0.0, 1.0]], [[796.8910634503094, 0.0, 857.7774326863696], [0.0, 796.8910634503094, 476.8848988407415], [0.0, 0.0, 1.0]], [[1249.9629280788233, 0.0, 825.3768045375984], [0.0, 1249.9629280788233, 462.54816385708756], [0.0, 0.0, 1.0]]], "extrinsics": [[[0.8215969800949097, -0.5700666904449463, 0.0015405694721266627, -0.791534423828125], [0.01816636696457863, 0.02348066121339798, -0.999559223651886, 1.4928741455078125], [0.5697792172431946, 0.8212628960609436, 0.02964768186211586, -1.19000244140625], [0.0, 0.0, 0.0, 1.0]], [[0.009026946499943733, -0.9997795820236206, -0.018956631422042847, 0.01043701171875], [0.02009696699678898, 0.019134962931275368, -0.9996148943901062, 1.4843826293945312], [0.9997572302818298, 0.008642476983368397, 0.02026526629924774, -1.5220069885253906], [0.0, 0.0, 0.0, 1.0]], [[-0.8443117141723633, -0.5350539684295654, -0.029238147661089897, 0.95208740234375], [0.028103571385145187, 0.010273500345647335, -0.9995522499084473, 1.4977025985717773], [0.5351148247718811, -0.8447554111480713, 0.00636289082467556, -1.18682861328125], [0.0, 0.0, 0.0, 1.0]], [[0.9477937817573547, 0.3187088370323181, 0.010564490221440792, -1.138336181640625], [0.0025551088619977236, 0.025538332760334015, -0.9996705651283264, 1.562042236328125], [-0.31887367367744446, 0.9475085139274597, 0.023390738293528557, -0.15869140625], [0.0, 0.0, 0.0, 1.0]], [[0.009474962949752808, 0.9997940063476562, 0.017949525266885757, -0.02923583984375], [0.004755278583616018, 0.01790507696568966, -0.9998283386230469, 1.5683584213256836], [-0.9999437928199768, 0.009558719582855701, -0.004584650043398142, -0.0217437744140625], [0.0, 0.0, 0.0, 1.0]], [[-0.9233563542366028, 0.3838098645210266, -0.010150309652090073, 1.04815673828125], [0.00898954551666975, -0.004818086512386799, -0.9999479651451111, 1.5489094257354736], [-0.38383880257606506, -0.9233995676040649, 0.0009985349606722593, -0.08856201171875], [0.0, 0.0, 0.0, 1.0]]], "view": [[0.0, -2.0, 100.0], [-2.0, 0.0, 100.0], [0.0, 0.0, 1.0]], "bev": "bev_43a8464c125d4a81a3f410f2de38786f.png", "aux": "aux_43a8464c125d4a81a3f410f2de38786f.npz", "visibility": "visibility_43a8464c125d4a81a3f410f2de38786f.png", "pose": [[-0.731853723526001, -0.681461751461029, 0.0, 590.7369995117188], [0.681461751461029, -0.731853723526001, 0.0, 578.85986328125], [0.0, 0.0, 1.0, 0.0], [0.0, 0.0, 0.0, 1.0]], "pose_inverse": [[-0.731853723526001, 0.681461751461029, 0.0, 37.8621940612793], [-0.681461751461029, -0.731853723526001, 0.0, 826.2054443359375], [0.0, 0.0, 1.0, 0.0], [0.0, 0.0, 0.0, 1.0]], "cam_ids": [0, 1, 2, 3, 4, 5], "cam_channels": ["CAM_FRONT_LEFT", "CAM_FRONT", "CAM_FRONT_RIGHT", "CAM_BACK_LEFT", "CAM_BACK", "CAM_BACK_RIGHT"], "token": "43a8464c125d4a81a3f410f2de38786f", "scene": "scene-0534"}, {"images": ["samples/CAM_FRONT_LEFT/n008-2018-08-30-15-52-26-0400__CAM_FRONT_LEFT__1535659137904799.jpg", "samples/CAM_FRONT/n008-2018-08-30-15-52-26-0400__CAM_FRONT__1535659137912404.jpg", "samples/CAM_FRONT_RIGHT/n008-2018-08-30-15-52-26-0400__CAM_FRONT_RIGHT__1535659137920482.jpg", "samples/CAM_BACK_LEFT/n008-2018-08-30-15-52-26-0400__CAM_BACK_LEFT__1535659137947405.jpg", "samples/CAM_BACK/n008-2018-08-30-15-52-26-0400__CAM_BACK__1535659137938530.jpg", "samples/CAM_BACK_RIGHT/n008-2018-08-30-15-52-26-0400__CAM_BACK_RIGHT__1535659137928113.jpg"], "intrinsics": [[[1257.8625342125129, 0.0, 827.2410631095686], [0.0, 1257.8625342125129, 450.915498205774], [0.0, 0.0, 1.0]], [[1252.8131021185304, 0.0, 826.588114781398], [0.0, 1252.8131021185304, 469.9846626224581], [0.0, 0.0, 1.0]], [[1256.7485116440405, 0.0, 817.7887570959712], [0.0, 1256.7485116440403, 451.9541780095127], [0.0, 0.0, 1.0]], [[1254.9860565800168, 0.0, 829.5769333630991], [0.0, 1254.9860565800168, 467.1680561863987], [0.0, 0.0, 1.0]], [[796.8910634503094, 0.0, 857.7774326863696], [0.0, 796.8910634503094, 476.8848988407415], [0.0, 0.0, 1.0]], [[1249.9629280788233, 0.0, 825.3768045375984], [0.0, 1249.9629280788233, 462.54816385708756], [0.0, 0.0, 1.0]]], "extrinsics": [[[0.8212507367134094, -0.5705670714378357, -0.0006962461047805846, -0.79876708984375], [0.018997913226485252, 0.028564371168613434, -0.999411404132843, 1.4930248260498047], [0.5702511072158813, 0.8207541108131409, 0.03429809585213661, -1.19134521484375], [0.0, 0.0, 0.0, 1.0]], [[0.008538752794265747, -0.9996688961982727, -0.02427322417497635, 0.0081787109375], [0.021115630865097046, 0.024448947980999947, -0.9994780421257019, 1.4845123291015625], [0.9997405409812927, 0.008021787740290165, 0.02131740376353264, -1.5278167724609375], [0.0, 0.0, 0.0, 1.0]], [[-0.8444981575012207, -0.5345293879508972, -0.03318474814295769, 0.955413818359375], [0.02930588088929653, 0.015747712925076485, -0.999446451663971, 1.4977684020996094], [0.534756064414978, -0.8450031876564026, 0.0023659421131014824, -1.1907958984375], [0.0, 0.0, 0.0, 1.0]], [[0.9479640126228333, 0.31806647777557373, 0.014063837938010693, -1.13848876953125], [0.004496753681451082, 0.03079313598573208, -0.9995156526565552, 1.5620651245117188], [-0.3183456063270569, 0.9475682377815247, 0.027760518714785576, -0.15802001953125], [0.0, 0.0, 0.0, 1.0]], [[0.009812118485569954, 0.9996787905693054, 0.02336703985929489, -0.02880859375], [0.006390604190528393, 0.023304995149374008, -0.9997079372406006, 1.5684146881103516], [-0.9999314546585083, 0.00995851494371891, -0.006159879732877016, -0.012538909912109375], [0.0, 0.0, 0.0, 1.0]], [[-0.9232065677642822, 0.38419246673583984, -0.009256111457943916, 1.052276611328125], [0.010313141159713268, 0.0006911684758961201, -0.9999465346336365, 1.5490176677703857], [-0.38416552543640137, -0.9232527017593384, -0.004600320477038622, -0.087890625], [0.0, 0.0, 0.0, 1.0]]], "view": [[0.0, -2.0, 100.0], [-2.0, 0.0, 100.0], [0.0, 0.0, 1.0]], "bev": "bev_cfcce04ea033419cb3a05a5b2507ab24.png", "aux": "aux_cfcce04ea033419cb3a05a5b2507ab24.npz", "visibility": "visibility_cfcce04ea033419cb3a05a5b2507ab24.png", "pose": [[-0.75102299451828, -0.6602760553359985, 0.0, 588.3206787109375], [0.6602760553359985, -0.75102299451828, 0.0, 581.057373046875], [0.0, 0.0, 1.0, 0.0], [0.0, 0.0, 0.0, 1.0]], "pose_inverse": [[-0.75102299451828, 0.6602760553359985, 0.0, 58.1840934753418], [-0.6602760553359985, -0.75102299451828, 0.0, 824.8414916992188], [0.0, 0.0, 1.0, 0.0], [0.0, 0.0, 0.0, 1.0]], "cam_ids": [0, 1, 2, 3, 4, 5], "cam_channels": ["CAM_FRONT_LEFT", "CAM_FRONT", "CAM_FRONT_RIGHT", "CAM_BACK_LEFT", "CAM_BACK", "CAM_BACK_RIGHT"], "token": "cfcce04ea033419cb3a05a5b2507ab24", "scene": "scene-0534"}, {"images": ["samples/CAM_FRONT_LEFT/n008-2018-08-30-15-52-26-0400__CAM_FRONT_LEFT__1535659138404799.jpg", "samples/CAM_FRONT/n008-2018-08-30-15-52-26-0400__CAM_FRONT__1535659138412404.jpg", "samples/CAM_FRONT_RIGHT/n008-2018-08-30-15-52-26-0400__CAM_FRONT_RIGHT__1535659138420482.jpg", "samples/CAM_BACK_LEFT/n008-2018-08-30-15-52-26-0400__CAM_BACK_LEFT__1535659138447405.jpg", "samples/CAM_BACK/n008-2018-08-30-15-52-26-0400__CAM_BACK__1535659138437558.jpg", "samples/CAM_BACK_RIGHT/n008-2018-08-30-15-52-26-0400__CAM_BACK_RIGHT__1535659138428113.jpg"], "intrinsics": [[[1257.8625342125129, 0.0, 827.2410631095686], [0.0, 1257.8625342125129, 450.915498205774], [0.0, 0.0, 1.0]], [[1252.8131021185304, 0.0, 826.588114781398], [0.0, 1252.8131021185304, 469.9846626224581], [0.0, 0.0, 1.0]], [[1256.7485116440405, 0.0, 817.7887570959712], [0.0, 1256.7485116440403, 451.9541780095127], [0.0, 0.0, 1.0]], [[1254.9860565800168, 0.0, 829.5769333630991], [0.0, 1254.9860565800168, 467.1680561863987], [0.0, 0.0, 1.0]], [[796.8910634503094, 0.0, 857.7774326863696], [0.0, 796.8910634503094, 476.8848988407415], [0.0, 0.0, 1.0]], [[1249.9629280788233, 0.0, 825.3768045375984], [0.0, 1249.9629280788233, 462.54816385708756], [0.0, 0.0, 1.0]]], "extrinsics": [[[0.8213033676147461, -0.5704675316810608, 0.005260872188955545, -0.783172607421875], [0.027243847027420998, 0.030008569359779358, -0.9991782903671265, 1.4955158233642578], [0.5698409080505371, 0.8207718133926392, 0.04018786549568176, -1.18280029296875], [0.0, 0.0, 0.0, 1.0]], [[0.0088610565289855, -0.9996260404586792, -0.02587158977985382, 0.00970458984375], [0.029173826798796654, 0.026120027527213097, -0.999233067035675, 1.4865379333496094], [0.9995351433753967, 0.008099488914012909, 0.029394367709755898, -1.5141830444335938], [0.0, 0.0, 0.0, 1.0]], [[-0.844154953956604, -0.5345409512519836, -0.04084668681025505, 0.9481201171875], [0.037164267152547836, 0.017659446224570274, -0.9991530776023865, 1.4993572235107422], [0.5348096489906311, -0.8449580669403076, 0.004958515055477619, -1.1849365234375], [0.0, 0.0, 0.0, 1.0]], [[0.9477295875549316, 0.3182980418205261, 0.022248487919569016, -1.142913818359375], [0.01220242865383625, 0.033521171659231186, -0.9993635416030884, 1.5620441436767578], [-0.31884121894836426, 0.9473978281021118, 0.02788499742746353, -0.1568603515625], [0.0, 0.0, 0.0, 1.0]], [[0.009462581016123295, 0.9996184706687927, 0.025950491428375244, -0.029296875], [0.014195150695741177, 0.025814756751060486, -0.9995658993721008, 1.568929672241211], [-0.9998545050621033, 0.009826811961829662, -0.013945462182164192, -0.01863861083984375], [0.0, 0.0, 0.0, 1.0]], [[-0.9231399893760681, 0.3841409385204315, -0.01575709506869316, 1.0472869873046875], [0.018240520730614662, 0.0028222547844052315, -0.9998296499252319, 1.550037145614624], [-0.3840309977531433, -0.9232701659202576, -0.009612266905605793, -0.0892333984375], [0.0, 0.0, 0.0, 1.0]]], "view": [[0.0, -2.0, 100.0], [-2.0, 0.0, 100.0], [0.0, 0.0, 1.0]], "bev": "bev_27985b0cc8584b32b2655cff8d1a022b.png", "aux": "aux_27985b0cc8584b32b2655cff8d1a022b.npz", "visibility": "visibility_27985b0cc8584b32b2655cff8d1a022b.png", "pose": [[-0.7676641345024109, -0.6408523917198181, 0.0, 586.03564453125], [0.6408523917198181, -0.7676641345024109, 0.0, 583.0321044921875], [0.0, 0.0, 1.0, 0.0], [0.0, 0.0, 0.0, 1.0]], "pose_inverse": [[-0.7676641345024109, 0.6408523917198181, 0.0, 76.24102783203125], [-0.6408523917198181, -0.7676641345024109, 0.0, 823.1351928710938], [0.0, 0.0, 1.0, 0.0], [0.0, 0.0, 0.0, 1.0]], "cam_ids": [0, 1, 2, 3, 4, 5], "cam_channels": ["CAM_FRONT_LEFT", "CAM_FRONT", "CAM_FRONT_RIGHT", "CAM_BACK_LEFT", "CAM_BACK", "CAM_BACK_RIGHT"], "token": "27985b0cc8584b32b2655cff8d1a022b", "scene": "scene-0534"}, {"images": ["samples/CAM_FRONT_LEFT/n008-2018-08-30-15-52-26-0400__CAM_FRONT_LEFT__1535659138904799.jpg", "samples/CAM_FRONT/n008-2018-08-30-15-52-26-0400__CAM_FRONT__1535659138912404.jpg", "samples/CAM_FRONT_RIGHT/n008-2018-08-30-15-52-26-0400__CAM_FRONT_RIGHT__1535659138920482.jpg", "samples/CAM_BACK_LEFT/n008-2018-08-30-15-52-26-0400__CAM_BACK_LEFT__1535659138947405.jpg", "samples/CAM_BACK/n008-2018-08-30-15-52-26-0400__CAM_BACK__1535659138937558.jpg", "samples/CAM_BACK_RIGHT/n008-2018-08-30-15-52-26-0400__CAM_BACK_RIGHT__1535659138928113.jpg"], "intrinsics": [[[1257.8625342125129, 0.0, 827.2410631095686], [0.0, 1257.8625342125129, 450.915498205774], [0.0, 0.0, 1.0]], [[1252.8131021185304, 0.0, 826.588114781398], [0.0, 1252.8131021185304, 469.9846626224581], [0.0, 0.0, 1.0]], [[1256.7485116440405, 0.0, 817.7887570959712], [0.0, 1256.7485116440403, 451.9541780095127], [0.0, 0.0, 1.0]], [[1254.9860565800168, 0.0, 829.5769333630991], [0.0, 1254.9860565800168, 467.1680561863987], [0.0, 0.0, 1.0]], [[796.8910634503094, 0.0, 857.7774326863696], [0.0, 796.8910634503094, 476.8848988407415], [0.0, 0.0, 1.0]], [[1249.9629280788233, 0.0, 825.3768045375984], [0.0, 1249.9629280788233, 462.54816385708756], [0.0, 0.0, 1.0]]], "extrinsics": [[[0.8206316828727722, -0.5714439749717712, 0.003932384308427572, -0.7652587890625], [0.023117154836654663, 0.02632051147520542, -0.999386191368103, 1.4949989318847656], [0.5709897875785828, 0.8202189207077026, 0.034809600561857224, -1.16790771484375], [0.0, 0.0, 0.0, 1.0]], [[0.007761601358652115, -0.9997240304946899, -0.022174444049596786, 0.00830078125], [0.025124652311205864, 0.022363075986504555, -0.9994341731071472, 1.486175537109375], [0.9996542930603027, 0.007200069259852171, 0.025291288271546364, -1.4947509765625], [0.0, 0.0, 0.0, 1.0]], [[-0.8447158336639404, -0.5340400338172913, -0.03544830530881882, 0.934326171875], [0.03319618105888367, 0.013826756738126278, -0.9993531703948975, 1.4992198944091797], [0.5341846942901611, -0.845346212387085, 0.006048406008630991, -1.17779541015625], [0.0, 0.0, 0.0, 1.0]], [[0.9477702379226685, 0.31849679350852966, 0.017071377485990524, -1.138580322265625], [0.008049480617046356, 0.02962125837802887, -0.9995288252830505, 1.5620899200439453], [-0.31885242462158203, 0.9474610686302185, 0.025510411709547043, -0.1578369140625], [0.0, 0.0, 0.0, 1.0]], [[0.009775783866643906, 0.9997106790542603, 0.021978255361318588, -