[{"images": ["samples/CAM_FRONT_LEFT/n008-2018-08-27-11-48-51-0400__CAM_FRONT_LEFT__1535385232104799.jpg", "samples/CAM_FRONT/n008-2018-08-27-11-48-51-0400__CAM_FRONT__1535385232112404.jpg", "samples/CAM_FRONT_RIGHT/n008-2018-08-27-11-48-51-0400__CAM_FRONT_RIGHT__1535385232120482.jpg", "samples/CAM_BACK_LEFT/n008-2018-08-27-11-48-51-0400__CAM_BACK_LEFT__1535385232147405.jpg", "samples/CAM_BACK/n008-2018-08-27-11-48-51-0400__CAM_BACK__1535385232137558.jpg", "samples/CAM_BACK_RIGHT/n008-2018-08-27-11-48-51-0400__CAM_BACK_RIGHT__1535385232128113.jpg"], "intrinsics": [[[1257.8625342125129, 0.0, 827.2410631095686], [0.0, 1257.8625342125129, 450.915498205774], [0.0, 0.0, 1.0]], [[1252.8131021185304, 0.0, 826.588114781398], [0.0, 1252.8131021185304, 469.9846626224581], [0.0, 0.0, 1.0]], [[1256.7485116440405, 0.0, 817.7887570959712], [0.0, 1256.7485116440403, 451.9541780095127], [0.0, 0.0, 1.0]], [[1254.9860565800168, 0.0, 829.5769333630991], [0.0, 1254.9860565800168, 467.1680561863987], [0.0, 0.0, 1.0]], [[796.8910634503094, 0.0, 857.7774326863696], [0.0, 796.8910634503094, 476.8848988407415], [0.0, 0.0, 1.0]], [[1249.9629280788233, 0.0, 825.3768045375984], [0.0, 1249.9629280788233, 462.54816385708756], [0.0, 0.0, 1.0]]], "extrinsics": [[[0.8196879029273987, -0.5727907419204712, 0.0047348784282803535, -0.705810546875], [0.012132219038903713, 0.009096340276300907, -0.9998850226402283, 1.4926986694335938], [0.5726819038391113, 0.8196511268615723, 0.014405384659767151, -1.1259765625], [0.0, 0.0, 0.0, 1.0]], [[0.006329686380922794, -0.9999673962593079, -0.005019810050725937, 0.00799560546875], [0.013931878842413425, 0.005107609089463949, -0.9998899102210999, 1.4843406677246094], [0.9998828768730164, 0.006259139161556959, 0.013963752426207066, -1.4345703125], [0.0, 0.0, 0.0, 1.0]], [[-0.8454667925834656, -0.533770740032196, -0.016575941815972328, 0.8944091796875], [0.021789425984025, -0.0034665220882743597, -0.9997565150260925, 1.4981346130371094], [0.5335832834243774, -0.8456221222877502, 0.014561387710273266, -1.153564453125], [0.0, 0.0, 0.0, 1.0]], [[0.9477443099021912, 0.3190309405326843, -4.250007259543054e-05, -1.139892578125], [-0.004039367660880089, 0.011866534128785133, -0.9999213814735413, 1.5620365142822266], [-0.3190053701400757, 0.9476699829101562, 0.012535125017166138, -0.1563720703125], [0.0, 0.0, 0.0, 1.0]], [[0.01028450857847929, 0.9999377727508545, 0.004323936067521572, -0.026947021484375], [-0.0017212897073477507, 0.0043418616987764835, -0.9999890923500061, 1.5679149627685547], [-0.9999456405639648, 0.01027693971991539, 0.0017658364959061146, -0.043212890625], [0.0, 0.0, 0.0, 1.0]], [[-0.9228910207748413, 0.38494396209716797, -0.009497806429862976, 1.006591796875], [0.0026122452691197395, -0.018406180664896965, -0.9998272061347961, 1.5482358932495117], [-0.38505226373672485, -0.9227564334869385, 0.01598133146762848, -0.108673095703125], [0.0, 0.0, 0.0, 1.0]]], "view": [[0.0, -2.0, 100.0], [-2.0, 0.0, 100.0], [0.0, 0.0, 1.0]], "bev": "bev_74efdb32f5374207b3b4a1119b716874.png", "aux": "aux_74efdb32f5374207b3b4a1119b716874.npz", "visibility": "visibility_74efdb32f5374207b3b4a1119b716874.png", "pose": [[-0.7341790795326233, 0.6789558529853821, 0.0, 1784.6287841796875], [-0.6789558529853821, -0.7341790795326233, 0.0, 1130.495849609375], [0.0, 0.0, 1.0, 0.0], [0.0, 0.0, 0.0, 1.0]], "pose_inverse": [[-0.7341790795326233, -0.6789558529853821, 0.0, 2077.7939453125], [0.6789558529853821, -0.7341790795326233, 0.0, -381.6977844238281], [0.0, 0.0, 1.0, 0.0], [0.0, 0.0, 0.0, 1.0]], "cam_ids": [0, 1, 2, 3, 4, 5], "cam_channels": ["CAM_FRONT_LEFT", "CAM_FRONT", "CAM_FRONT_RIGHT", "CAM_BACK_LEFT", "CAM_BACK", "CAM_BACK_RIGHT"], "token": "74efdb32f5374207b3b4a1119b716874", "scene": "scene-0660"}, {"images": ["samples/CAM_FRONT_LEFT/n008-2018-08-27-11-48-51-0400__CAM_FRONT_LEFT__1535385232604799.jpg", "samples/CAM_FRONT/n008-2018-08-27-11-48-51-0400__CAM_FRONT__1535385232612404.jpg", "samples/CAM_FRONT_RIGHT/n008-2018-08-27-11-48-51-0400__CAM_FRONT_RIGHT__1535385232620482.jpg", "samples/CAM_BACK_LEFT/n008-2018-08-27-11-48-51-0400__CAM_BACK_LEFT__1535385232647405.jpg", "samples/CAM_BACK/n008-2018-08-27-11-48-51-0400__CAM_BACK__1535385232637558.jpg", "samples/CAM_BACK_RIGHT/n008-2018-08-27-11-48-51-0400__CAM_BACK_RIGHT__1535385232628113.jpg"], "intrinsics": [[[1257.8625342125129, 0.0, 827.2410631095686], [0.0, 1257.8625342125129, 450.915498205774], [0.0, 0.0, 1.0]], [[1252.8131021185304, 0.0, 826.588114781398], [0.0, 1252.8131021185304, 469.9846626224581], [0.0, 0.0, 1.0]], [[1256.7485116440405, 0.0, 817.7887570959712], [0.0, 1256.7485116440403, 451.9541780095127], [0.0, 0.0, 1.0]], [[1254.9860565800168, 0.0, 829.5769333630991], [0.0, 1254.9860565800168, 467.1680561863987], [0.0, 0.0, 1.0]], [[796.8910634503094, 0.0, 857.7774326863696], [0.0, 796.8910634503094, 476.8848988407415], [0.0, 0.0, 1.0]], [[1249.9629280788233, 0.0, 825.3768045375984], [0.0, 1249.9629280788233, 462.54816385708756], [0.0, 0.0, 1.0]]], "extrinsics": [[[0.819451093673706, -0.5731031894683838, 0.007253486197441816, -0.7042236328125], [0.010801236145198345, 0.002788417972624302, -0.9999377727508545, 1.4922313690185547], [0.5730472803115845, 0.819478452205658, 0.008475192822515965, -1.12628173828125], [0.0, 0.0, 0.0, 1.0]], [[0.006032103672623634, -0.999980628490448, 0.0014828818384557962, 0.009033203125], [0.012693888507783413, -0.001406217343173921, -0.9999184608459473, 1.4839839935302734], [0.9999012351036072, 0.006050461903214455, 0.012685162015259266, -1.4342041015625], [0.0, 0.0, 0.0, 1.0]], [[-0.8455852270126343, -0.5337053537368774, -0.012012789957225323, 0.895263671875], [0.020637696608901024, -0.010195372626185417, -0.9997349977493286, 1.4978713989257812], [0.5334413647651672, -0.8456090688705444, 0.019635505974292755, -1.15283203125], [0.0, 0.0, 0.0, 1.0]], [[0.947732150554657, 0.3190499544143677, -0.0032834578305482864, -1.14111328125], [-0.005039131734520197, 0.004677534569054842, -0.9999763369560242, 1.5620365142822266], [-0.3190270662307739, 0.947726309299469, 0.006040785927325487, -0.1556396484375], [0.0, 0.0, 0.0, 1.0]], [[0.010334259830415249, 0.9999427795410156, -0.0027450064662843943, -0.027313232421875], [-0.0027312585152685642, -0.0027169152162969112, -0.9999925494194031, 1.5678229331970215], [-0.9999428987503052, 0.010341756977140903, 0.0027030245400965214, -0.0421142578125], [0.0, 0.0, 0.0, 1.0]], [[-0.9228536486625671, 0.3849909007549286, -0.011091628111898899, 1.0068359375], [0.0014659111620858312, -0.025286952033638954, -0.9996791481971741, 1.5480537414550781], [-0.3851478099822998, -0.9225738644599915, 0.022771796211600304, -0.108123779296875], [0.0, 0.0, 0.0, 1.0]]], "view": [[0.0, -2.0, 100.0], [-2.0, 0.0, 100.0], [0.0, 0.0, 1.0]], "bev": "bev_8c64769f1bcc44a598f20163b148dd73.png", "aux": "aux_8c64769f1bcc44a598f20163b148dd73.npz", "visibility": "visibility_8c64769f1bcc44a598f20163b148dd73.png", "pose": [[-0.6828747391700745, 0.7305354475975037, 0.0, 1781.6055908203125], [-0.7305354475975037, -0.6828747391700745, 0.0, 1127.531005859375], [0.0, 0.0, 1.0, 0.0], [0.0, 0.0, 0.0, 1.0]], "pose_inverse": [[-0.6828747391700745, -0.7305354475975037, 0.0, 2040.3148193359375], [0.7305354475975037, -0.6828747391700745, 0.0, -531.5636596679688], [0.0, 0.0, 1.0, 0.0], [0.0, 0.0, 0.0, 1.0]], "cam_ids": [0, 1, 2, 3, 4, 5], "cam_channels": ["CAM_FRONT_LEFT", "CAM_FRONT", "CAM_FRONT_RIGHT", "CAM_BACK_LEFT", "CAM_BACK", "CAM_BACK_RIGHT"], "token": "8c64769f1bcc44a598f20163b148dd73", "scene": "scene-0660"}, {"images": ["samples/CAM_FRONT_LEFT/n008-2018-08-27-11-48-51-0400__CAM_FRONT_LEFT__1535385233104799.jpg", "samples/CAM_FRONT/n008-2018-08-27-11-48-51-0400__CAM_FRONT__1535385233112404.jpg", "samples/CAM_FRONT_RIGHT/n008-2018-08-27-11-48-51-0400__CAM_FRONT_RIGHT__1535385233120482.jpg", "samples/CAM_BACK_LEFT/n008-2018-08-27-11-48-51-0400__CAM_BACK_LEFT__1535385233147405.jpg", "samples/CAM_BACK/n008-2018-08-27-11-48-51-0400__CAM_BACK__1535385233137558.jpg", "samples/CAM_BACK_RIGHT/n008-2018-08-27-11-48-51-0400__CAM_BACK_RIGHT__1535385233128113.jpg"], "intrinsics": [[[1257.8625342125129, 0.0, 827.2410631095686], [0.0, 1257.8625342125129, 450.915498205774], [0.0, 0.0, 1.0]], [[1252.8131021185304, 0.0, 826.588114781398], [0.0, 1252.8131021185304, 469.9846626224581], [0.0, 0.0, 1.0]], [[1256.7485116440405, 0.0, 817.7887570959712], [0.0, 1256.7485116440403, 451.9541780095127], [0.0, 0.0, 1.0]], [[1254.9860565800168, 0.0, 829.5769333630991], [0.0, 1254.9860565800168, 467.1680561863987], [0.0, 0.0, 1.0]], [[796.8910634503094, 0.0, 857.7774326863696], [0.0, 796.8910634503094, 476.8848988407415], [0.0, 0.0, 1.0]], [[1249.9629280788233, 0.0, 825.3768045375984], [0.0, 1249.9629280788233, 462.54816385708756], [0.0, 0.0, 1.0]]], "extrinsics": [[[0.8192449808120728, -0.5734249949455261, 0.004635150544345379, -0.711669921875], [0.0060576023533940315, 0.0005712966085411608, -0.9999815225601196, 1.4904499053955078], [0.5734117031097412, 0.8192578554153442, 0.00394161231815815, -1.13134765625], [0.0, 0.0, 0.0, 1.0]], [[0.005493452772498131, -0.9999784827232361, 0.003574802540242672, 0.00885009765625], [0.008024705573916435, -0.003530658781528473, -0.9999615550041199, 1.4825286865234375], [0.9999526143074036, 0.005521830171346664, 0.008005138486623764, -1.4412841796875], [0.0, 0.0, 0.0, 1.0]], [[-0.845953106880188, -0.5332105755805969, -0.007063230033963919, 0.899169921875], [0.016053134575486183, -0.012224827893078327, -0.9997963905334473, 1.4967308044433594], [0.5330156683921814, -0.8458942174911499, 0.018901333212852478, -1.155517578125], [0.0, 0.0, 0.0, 1.0]], [[0.947979748249054, 0.31823572516441345, -0.007765945978462696, -1.14453125], [-0.009168731048703194, 0.0029103748966008425, -0.9999537467956543, 1.562051773071289], [-0.31819841265678406, 0.9480071663856506, 0.005676794331520796, -0.15576171875], [0.0, 0.0, 0.0, 1.0]], [[0.01058767456561327, 0.9999333024024963, -0.00463092653080821, -0.0281982421875], [-0.007097934372723103, -0.004555913154035807, -0.9999644160270691, 1.5674467086791992], [-0.9999186992645264, 0.010620104148983955, 0.0070492238737642765, -0.042724609375], [0.0, 0.0, 0.0, 1.0]], [[-0.9227195978164673, 0.3853938579559326, -0.007745970040559769, 1.00830078125], [-0.002981862984597683, -0.02723054215312004, -0.9996247291564941, 1.5473403930664062], [-0.3854602575302124, -0.9223502278327942, 0.02627534791827202, -0.1063690185546875], [0.0, 0.0, 0.0, 1.0]]], "view": [[0.0, -2.0, 100.0], [-2.0, 0.0, 100.0], [0.0, 0.0, 1.0]], "bev": "bev_21c1e76caf534dbcae58cba81b50104e.png", "aux": "aux_21c1e76caf534dbcae58cba81b50104e.npz", "visibility": "visibility_21c1e76caf534dbcae58cba81b50104e.png", "pose": [[-0.6285929083824158, 0.7777344584465027, 0.0, 1778.8338623046875], [-0.7777344584465027, -0.6285929083824158, 0.0, 1124.3746337890625], [0.0, 0.0, 1.0, 0.0], [0.0, 0.0, 0.0, 1.0]], "pose_inverse": [[-0.6285929083824158, -0.7777344584465027, 0.0, 1992.6273193359375], [0.7777344584465027, -0.6285929083824158, 0.0, -676.6864624023438], [0.0, 0.0, 1.0, 0.0], [0.0, 0.0, 0.0, 1.0]], "cam_ids": [0, 1, 2, 3, 4, 5], "cam_channels": ["CAM_FRONT_LEFT", "CAM_FRONT", "CAM_FRONT_RIGHT", "CAM_BACK_LEFT", "CAM_BACK", "CAM_BACK_RIGHT"], "token": "21c1e76caf534dbcae58cba81b50104e", "scene": "scene-0660"}, {"images": ["samples/CAM_FRONT_LEFT/n008-2018-08-27-11-48-51-0400__CAM_FRONT_LEFT__1535385233654799.jpg", "samples/CAM_FRONT/n008-2018-08-27-11-48-51-0400__CAM_FRONT__1535385233662404.jpg", "samples/CAM_FRONT_RIGHT/n008-2018-08-27-11-48-51-0400__CAM_FRONT_RIGHT__1535385233670482.jpg", "samples/CAM_BACK_LEFT/n008-2018-08-27-11-48-51-0400__CAM_BACK_LEFT__1535385233697405.jpg", "samples/CAM_BACK/n008-2018-08-27-11-48-51-0400__CAM_BACK__1535385233687558.jpg", "samples/CAM_BACK_RIGHT/n008-2018-08-27-11-48-51-0400__CAM_BACK_RIGHT__1535385233678113.jpg"], "intrinsics": [[[1257.8625342125129, 0.0, 827.2410631095686], [0.0, 1257.8625342125129, 450.915498205774], [0.0, 0.0, 1.0]], [[1252.8131021185304, 0.0, 826.588114781398], [0.0, 1252.8131021185304, 469.9846626224581], [0.0, 0.0, 1.0]], [[1256.7485116440405, 0.0, 817.7887570959712], [0.0, 1256.7485116440403, 451.9541780095127], [0.0, 0.0, 1.0]], [[1254.9860565800168, 0.0, 829.5769333630991], [0.0, 1254.9860565800168, 467.1680561863987], [0.0, 0.0, 1.0]], [[796.8910634503094, 0.0, 857.7774326863696], [0.0, 796.8910634503094, 476.8848988407415], [0.0, 0.0, 1.0]], [[1249.9629280788233, 0.0, 825.3768045375984], [0.0, 1249.9629280788233, 462.54816385708756], [0.0, 0.0, 1.0]]], "extrinsics": [[[0.8207102417945862, -0.5713284015655518, 0.004305440001189709, -0.7076416015625], [0.005842878017574549, 0.0008575537358410656, -0.9999825358390808, 1.490391731262207], [0.5713148713111877, 0.8207210898399353, 0.004042003769427538, -1.13116455078125], [0.0, 0.0, 0.0, 1.0]], [[0.007639074698090553, -0.9999655485153198, 0.00324394297786057, 0.0108642578125], [0.007791370153427124, -0.0031844191253185272, -0.9999645948410034, 1.4824905395507812], [0.9999404549598694, 0.007664053700864315, 0.007766774855554104, -1.4373779296875], [0.0, 0.0, 0.0, 1.0]], [[-0.8450658321380615, -0.5346159934997559, -0.007035983260720968, 0.8970947265625], [0.015773531049489975, -0.011774903163313866, -0.99980628490448, 1.496734619140625], [0.5344296097755432, -0.8450131416320801, 0.018383348360657692, -1.1524658203125], [0.0, 0.0, 0.0, 1.0]], [[0.9478791952133179, 0.3185313045978546, -0.007928350940346718, -1.13671875], [-0.0097197899594903, 0.004034999292343855, -0.9999446272850037, 1.5619735717773438], [-0.31848177313804626, 0.9479037523269653, 0.006920747924596071, -0.158447265625], [0.0, 0.0, 0.0, 1.0]], [[0.009961815550923347, 0.9999431371688843, -0.0038040555082261562, -0.02880859375], [-0.007552572060376406, -0.0037288942839950323, -0.9999644756317139, 1.5673885345458984], [-0.9999218583106995, 0.009990318678319454, 0.007514995988458395, -0.0450439453125], [0.0, 0.0, 0.0, 1.0]], [[-0.9231856465339661, 0.38428768515586853, -0.007158905267715454, 1.005126953125], [-0.003346755402162671, -0.02666230872273445, -0.9996389150619507, 1.547297477722168], [-0.38433972001075745, -0.9228283166885376, 0.025900376960635185, -0.10667037963867188], [0.0, 0.0, 0.0, 1.0]]], "view": [[0.0, -2.0, 100.0], [-2.0, 0.0, 100.0], [0.0, 0.0, 1.0]], "bev": "bev_bd1586c355294809be3e235f39665b89.png", "aux": "aux_bd1586c355294809be3e235f39665b89.npz", "visibility": "visibility_bd1586c355294809be3e235f39665b89.png", "pose": [[-0.5921938419342041, 0.8057955503463745, 0.0, 1776.03564453125], [-0.8057955503463745, -0.5921938419342041, 0.0, 1120.8046875], [0.0, 0.0, 1.0, 0.0], [0.0, 0.0, 0.0, 1.0]], "pose_inverse": [[-0.5921938419342041, -0.8057955503463745, 0.0, 1954.896728515625], [0.8057955503463745, -0.5921938419342041, 0.0, -767.3880615234375], [0.0, 0.0, 1.0, 0.0], [0.0, 0.0, 0.0, 1.0]], "cam_ids": [0, 1, 2, 3, 4, 5], "cam_channels": ["CAM_FRONT_LEFT", "CAM_FRONT", "CAM_FRONT_RIGHT", "CAM_BACK_LEFT", "CAM_BACK", "CAM_BACK_RIGHT"], "token": "bd1586c355294809be3e235f39665b89", "scene": "scene-0660"}, {"images": ["samples/CAM_FRONT_LEFT/n008-2018-08-27-11-48-51-0400__CAM_FRONT_LEFT__1535385234154799.jpg", "samples/CAM_FRONT/n008-2018-08-27-11-48-51-0400__CAM_FRONT__1535385234162404.jpg", "samples/CAM_FRONT_RIGHT/n008-2018-08-27-11-48-51-0400__CAM_FRONT_RIGHT__1535385234170482.jpg", "samples/CAM_BACK_LEFT/n008-2018-08-27-11-48-51-0400__CAM_BACK_LEFT__1535385234197405.jpg", "samples/CAM_BACK/n008-2018-08-27-11-48-51-0400__CAM_BACK__1535385234187558.jpg", "samples/CAM_BACK_RIGHT/n008-2018-08-27-11-48-51-0400__CAM_BACK_RIGHT__1535385234178113.jpg"], "intrinsics": [[[1257.8625342125129, 0.0, 827.2410631095686], [0.0, 1257.8625342125129, 450.915498205774], [0.0, 0.0, 1.0]], [[1252.8131021185304, 0.0, 826.588114781398], [0.0, 1252.8131021185304, 469.9846626224581], [0.0, 0.0, 1.0]], [[1256.7485116440405, 0.0, 817.7887570959712], [0.0, 1256.7485116440403, 451.9541780095127], [0.0, 0.0, 1.0]], [[1254.9860565800168, 0.0, 829.5769333630991], [0.0, 1254.9860565800168, 467.1680561863987], [0.0, 0.0, 1.0]], [[796.8910634503094, 0.0, 857.7774326863696], [0.0, 796.8910634503094, 476.8848988407415], [0.0, 0.0, 1.0]], [[1249.9629280788233, 0.0, 825.3768045375984], [0.0, 1249.9629280788233, 462.54816385708756], [0.0, 0.0, 1.0]]], "extrinsics": [[[0.8208799958229065, -0.5710875391960144, 0.003873963374644518, -0.6982421875], [0.007219359278678894, 0.0035938299261033535, -0.9999674558639526, 1.4909658432006836], [0.5710551142692566, 0.8208813071250916, 0.00707298843190074, -1.124053955078125], [0.0, 0.0, 0.0, 1.0]], [[0.00788398738950491, -0.9999688267707825, 0.0004805668140761554, 0.0107421875], [0.009206837974488735, -0.00040797083056531847, -0.9999575018882751, 1.4829959869384766], [0.9999265670776367, 0.007888149470090866, 0.009203333407640457, -1.4273681640625], [0.0, 0.0, 0.0, 1.0]], [[-0.8449497818946838, -0.5347558856010437, -0.009801437146961689, 0.8896484375], [0.01728931814432144, -0.008992945775389671, -0.9998100996017456, 1.4972267150878906], [0.5345661640167236, -0.8449587821960449, 0.01684415154159069, -1.147705078125], [0.0, 0.0, 0.0, 1.0]], [[0.9479051232337952, 0.31850481033325195, -0.005536932032555342, -1.1326904296875], [-0.007998128421604633, 0.006420078221708536, -0.9999474287033081, 1.5619487762451172], [-0.31845247745513916, 0.947899580001831, 0.008633066900074482, -0.1600341796875], [0.0, 0.0, 0.0, 1.0]], [[0.00991575513035059, 0.9999501705169678, -0.0011810819851234555, -0.02874755859375], [-0.005868175067007542, -0.0011229290394112468, -0.9999821186065674, 1.5675029754638672], [-0.999933660030365, 0.009922578930854797, 0.00585674773901701, -0.05078125], [0.0, 0.0, 0.0, 1.0]], [[-0.9232280254364014, 0.3841771185398102, -0.007612366694957018, 0.99853515625], [-0.0017128140898421407, -0.02392515353858471, -0.9997122883796692, 1.5475502014160156], [-0.38424864411354065, -0.9229493737220764, 0.02274639718234539, -0.10927200317382812], [0.0, 0.0, 0.0, 1.0]]], "view": [[0.0, -2.0, 100.0], [-2.0, 0.0, 100.0], [0.0, 0.0, 1.0]], "bev": "bev_5e3847f5fab34f32ac4aa03554d92e2e.png", "aux": "aux_5e3847f5fab34f32ac4aa03554d92e2e.npz", "visibility": "visibility_5e3847f5fab34f32ac4aa03554d92e2e.png", "pose": [[-0.5650655031204224, 0.8250460624694824, 0.0, 1773.5791015625], [-0.8250460624694824, -0.5650655031204224, 0.0, 1117.41015625], [0.0, 0.0, 1.0, 0.0], [0.0, 0.0, 0.0, 1.0]], "pose_inverse": [[-0.5650655031204224, -0.8250460624694824, 0.0, 1924.1031494140625], [0.8250460624694824, -0.5650655031204224, 0.0, -831.87451171875], [0.0, 0.0, 1.0, 0.0], [0.0, 0.0, 0.0, 1.0]], "cam_ids": [0, 1, 2, 3, 4, 5], "cam_channels": ["CAM_FRONT_LEFT", "CAM_FRONT", "CAM_FRONT_RIGHT", "CAM_BACK_LEFT", "CAM_BACK", "CAM_BACK_RIGHT"], "token": "5e3847f5fab34f32ac4aa03554d92e2e", "scene": "scene-0660"}, {"images": ["samples/CAM_FRONT_LEFT/n008-2018-08-27-11-48-51-0400__CAM_FRONT_LEFT__1535385234604799.jpg", "samples/CAM_FRONT/n008-2018-08-27-11-48-51-0400__CAM_FRONT__1535385234612404.jpg", "samples/CAM_FRONT_RIGHT/n008-2018-08-27-11-48-51-0400__CAM_FRONT_RIGHT__1535385234620482.jpg", "samples/CAM_BACK_LEFT/n008-2018-08-27-11-48-51-0400__CAM_BACK_LEFT__1535385234647405.jpg", "samples/CAM_BACK/n008-2018-08-27-11-48-51-0400__CAM_BACK__1535385234637558.jpg", "samples/CAM_BACK_RIGHT/n008-2018-08-27-11-48-51-0400__CAM_BACK_RIGHT__1535385234628113.jpg"], "intrinsics": [[[1257.8625342125129, 0.0, 827.2410631095686], [0.0, 1257.8625342125129, 450.915498205774], [0.0, 0.0, 1.0]], [[1252.8131021185304, 0.0, 826.588114781398], [0.0, 1252.8131021185304, 469.9846626224581], [0.0, 0.0, 1.0]], [[1256.7485116440405, 0.0, 817.7887570959712], [0.0, 1256.7485116440403, 451.9541780095127], [0.0, 0.0, 1.0]], [[1254.9860565800168, 0.0, 829.5769333630991], [0.0, 1254.9860565800168, 467.1680561863987], [0.0, 0.0, 1.0]], [[796.8910634503094, 0.0, 857.7774326863696], [0.0, 796.8910634503094, 476.8848988407415], [0.0, 0.0, 1.0]], [[1249.9629280788233, 0.0, 825.3768045375984], [0.0, 1249.9629280788233, 462.54816385708756], [0.0, 0.0, 1.0]]], "extrinsics": [[[0.8220480680465698, -0.5694068074226379, 0.0036109101492911577, -0.700927734375], [0.006946804001927376, 0.003687711898237467, -0.9999690651893616, 1.4908256530761719], [0.5693758726119995, 0.8220476508140564, 0.006987032014876604, -1.128143310546875], [0.0, 0.0, 0.0, 1.0]], [[0.009517631493508816, -0.9999546408653259, 0.0004991688183508813, 0.01177978515625], [0.008952219970524311, -0.0004139645316172391, -0.9999598860740662, 1.4828815460205078], [0.9999146461486816, 0.009521747939288616, 0.00894787348806858, -1.4315185546875], [0.0, 0.0, 0.0, 1.0]], [[-0.8442899584770203, -0.5358023643493652, -0.009504645131528378, 0.8931884765625], [0.017026323825120926, -0.009093424305319786, -0.9998136758804321, 1.497100830078125], [0.5356160998344421, -0.8442944884300232, 0.016800230368971825, -1.1494140625], [0.0, 0.0, 0.0, 1.0]], [[0.947834849357605, 0.3187016248703003, -0.0062078009359538555, -1.139404296875], [-0.00869618821889162, 0.006385625805705786, -0.9999418258666992, 1.562002182006836], [-0.3186434805393219, 0.9478335380554199, 0.008824008516967297, -0.15771484375], [0.0, 0.0, 0.0, 1.0]], [[0.009416917338967323, 0.9999547004699707, -0.001408467534929514, -0.0289306640625], [-0.006317857652902603, -0.0013490045676007867, -0.9999790787696838, 1.5674991607666016], [-0.9999357461929321, 0.009425541386008263, 0.0063048675656318665, -0.044921875], [0.0, 0.0, 0.0, 1.0]], [[-0.9235733151435852, 0.3833521902561188, -0.007314939983189106, 1.003173828125], [-0.0020911472383886576, -0.02411392517387867, -0.999707043170929, 1.5475006103515625], [-0.38341617584228516, -0.9232874512672424, 0.02307262271642685, -0.107330322265625], [0.0, 0.0, 0.0, 1.0]]], "view": [[0.0, -2.0, 100.0], [-2.0, 0.0, 100.0], [0.0, 0.0, 1.0]], "bev": "bev_398f73f978684e35874e41fed40ab1a2.png", "aux": "aux_398f73f978684e35874e41fed40ab1a2.npz", "visibility": "visibility_398f73f978684e35874e41fed40ab1a2.png", "pose": [[-0.5505996346473694, 0.8347694873809814, 0.0, 1771.3760986328125], [-0.8347694873809814, -0.5505996346473694, 0.0, 1114.2021484375], [0.0, 0.0, 1.0, 0.0], [0.0, 0.0, 0.0, 1.0]], "pose_inverse": [[-0.5505996346473694, -0.8347694873809814, 0.0, 1905.4208984375], [0.8347694873809814, -0.5505996346473694, 0.0, -865.21142578125], [0.0, 0.0, 1.0, 0.0], [0.0, 0.0, 0.0, 1.0]], "cam_ids": [0, 1, 2, 3, 4, 5], "cam_channels": ["CAM_FRONT_LEFT", "CAM_FRONT", "CAM_FRONT_RIGHT", "CAM_BACK_LEFT", "CAM_BACK", "CAM_BACK_RIGHT"], "token": "398f73f978684e35874e41fed40ab1a2", "scene": "scene-0660"}, {"images": ["samples/CAM_FRONT_LEFT/n008-2018-08-27-11-48-51-0400__CAM_FRONT_LEFT__1535385235104799.jpg", "samples/CAM_FRONT/n008-2018-08-27-11-48-51-0400__CAM_FRONT__1535385235112404.jpg", "samples/CAM_FRONT_RIGHT/n008-2018-08-27-11-48-51-0400__CAM_FRONT_RIGHT__1535385235120489.jpg", "samples/CAM_BACK_LEFT/n008-2018-08-27-11-48-51-0400__CAM_BACK_LEFT__1535385235147405.jpg", "samples/CAM_BACK/n008-2018-08-27-11-48-51-0400__CAM_BACK__1535385235137558.jpg", "samples/CAM_BACK_RIGHT/n008-2018-08-27-11-48-51-0400__CAM_BACK_RIGHT__1535385235128113.jpg"], "intrinsics": [[[1257.8625342125129, 0.0, 827.2410631095686], [0.0, 1257.8625342125129, 450.915498205774], [0.0, 0.0, 1.0]], [[1252.8131021185304, 0.0, 826.588114781398], [0.0, 1252.8131021185304, 469.9846626224581], [0.0, 0.0, 1.0]], [[1256.7485116440405, 0.0, 817.7887570959712], [0.0, 1256.7485116440403, 451.9541780095127], [0.0, 0.0, 1.0]], [[1254.9860565800168, 0.0, 829.5769333630991], [0.0, 1254.9860565800168, 467.1680561863987], [0.0, 0.0, 1.0]], [[796.8910634503094, 0.0, 857.7774326863696], [0.0, 796.8910634503094, 476.8848988407415], [0.0, 0.0, 1.0]], [[1249.9629280788233, 0.0, 825.3768045375984], [0.0, 1249.9629280788233, 462.54816385708756], [0.0, 0.0, 1.0]]], "extrinsics": [[[0.8219932317733765, -0.5694972276687622, -0.00026020611403509974, -0.678955078125], [0.0041359649039804935, 0.006426605861634016, -0.9999707937240601, 1.4899065494537354], [0.5694822669029236, 0.8219681978225708, 0.0076380460523068905, -1.11114501953125], [0.0, 0.0, 0.0, 1.0]], [[0.009487002156674862, -0.9999526143074036, -0.0021649987902492285, 0.010986328125], [0.006069789174944162, 0.0022226430010050535, -0.9999791383743286, 1.482137680053711], [0.9999365210533142, 0.00947361346334219, 0.0060905879363417625, -1.4091796875], [0.0, 0.0, 0.0, 1.0]], [[-0.8443039655685425, -0.5357993245124817, -0.008361268788576126, 0.8787841796875], [0.014068538323044777, -0.006565633695572615, -0.9998794794082642, 1.4966278076171875], [0.535679817199707, -0.8443198800086975, 0.013081304728984833, -1.140869140625], [0.0, 0.0, 0.0, 1.0]], [[0.9479108452796936, 0.31843963265419006, -0.00782579742372036, -1.1378173828125], [-0.011066975072026253, 0.008370381779968739, -0.9999037384986877, 1.5619792938232422], [-0.3183434307575226, 0.9479061365127563, 0.01145853940397501, -0.157470703125], [0.0, 0.0, 0.0, 1.0]], [[0.009422282688319683, 0.9999552369117737, 0.000812009850051254, -0.02874755859375], [-0.009010884910821915, 0.0008969193440862, -0.9999589920043945, 1.5671920776367188], [-0.9999150037765503, 0.009414591826498508, 0.009018932469189167, -0.05224609375], [0.0, 0.0, 0.0, 1.0]], [[-0.9235931038856506, 0.38335636258125305, -0.0037051497492939234, 0.991455078125], [-0.004997581709176302, -0.021702943369746208, -0.9997519850730896, 1.5469331741333008], [-0.3833417296409607, -0.9233454465866089, 0.021960541605949402, -0.11225128173828125], [0.0, 0.0, 0.0, 1.0]]], "view": [[0.0, -2.0, 100.0], [-2.0, 0.0, 100.0], [0.0, 0.0, 1.0]], "bev": "bev_9c425cc03f8e4ad5962e9669430f73ec.png", "aux": "aux_9c425cc03f8e4ad5962e9669430f73ec.npz", "visibility": "visibility_9c425cc03f8e4ad5962e9669430f73ec.png", "pose": [[-0.5393228530883789, 0.8420990705490112, 0.0, 1768.9403076171875], [-0.8420990705490112, -0.5393228530883789, 0.0, 1110.521484375], [0.0, 0.0, 1.0, 0.0], [0.0, 0.0, 0.0, 1.0]], "pose_inverse": [[-0.5393228530883789, -0.8420990705490112, 0.0, 1889.1990966796875], [0.8420990705490112, -0.5393228530883789, 0.0, -890.6934204101562], [0.0, 0.0, 1.0, 0.0], [0.0, 0.0, 0.0, 1.0]], "cam_ids": [0, 1, 2, 3, 4, 5], "cam_channels": ["CAM_FRONT_LEFT", "CAM_FRONT", "CAM_FRONT_RIGHT", "CAM_BACK_LEFT", "CAM_BACK", "CAM_BACK_RIGHT"], "token": "9c425cc03f8e4ad5962e9669430f73ec", "scene": "scene-0660"}, {"images": ["samples/CAM_FRONT_LEFT/n008-2018-08-27-11-48-51-0400__CAM_FRONT_LEFT__1535385235654799.jpg", "samples/CAM_FRONT/n008-2018-08-27-11-48-51-0400__CAM_FRONT__1535385235662404.jpg", "samples/CAM_FRONT_RIGHT/n008-2018-08-27-11-48-51-0400__CAM_FRONT_RIGHT__1535385235670529.jpg", "samples/CAM_BACK_LEFT/n008-2018-08-27-11-48-51-0400__CAM_BACK_LEFT__1535385235697405.jpg", "samples/CAM_BACK/n008-2018-08-27-11-48-51-0400__CAM_BACK__1535385235687558.jpg", "samples/CAM_BACK_RIGHT/n008-2018-08-27-11-48-51-0400__CAM_BACK_RIGHT__1535385235678113.jpg"], "intrinsics": [[[1257.8625342125129, 0.0, 827.2410631095686], [0.0, 1257.8625342125129, 450.915498205774], [0.0, 0.0, 1.0]], [[1252.8131021185304, 0.0, 826.588114781398], [0.0, 1252.8131021185304, 469.9846626224581], [0.0, 0.0, 1.0]], [[1256.7485116440405, 0.0, 817.7887570959712], [0.0, 1256.7485116440403, 451.9541780095127], [0.0, 0.0, 1.0]], [[1254.9860565800168, 0.0, 829.5769333630991], [0.0, 1254.9860565800168, 467.1680561863987], [0.0, 0.0, 1.0]], [[796.8910634503094, 0.0, 857.7774326863696], [0.0, 796.8910634503094, 476.8848988407415], [0.0, 0.0, 1.0]], [[1249.9629280788233, 0.0, 825.3768045375984], [0.0, 1249.9629280788233, 462.54816385708756], [0.0, 0.0, 1.0]]], "extrinsics": [[[0.8222157955169678, -0.5691715478897095, -0.002237661276012659, -0.66650390625], [-0.0027525967452675104, -4.4938118662685156e-05, -0.9999962449073792, 1.4871654510498047], [0.569169282913208, 0.8222188353538513, -0.0016036489978432655, -1.10406494140625], [0.0, 0.0, 0.0, 1.0]], [[0.00974636897444725, -0.9999445676803589, 0.003980854991823435, 0.01220703125], [-0.000704244477674365, -0.0039879088290035725, -0.9999918341636658, 1.4799418449401855], [0.9999522566795349, 0.009743583388626575, -0.0007430724217556417, -1.3961181640625], [0.0, 0.0, 0.0, 1.0]], [[-0.844271719455719, -0.535915195941925, 0.00044572356273420155, 0.8697509765625], [0.00743652181699872, -0.012546987272799015, -0.9998936057090759, 1.4950675964355469], [0.5358637571334839, -0.8441785573959351, 0.014578410424292088, -1.134033203125], [0.0, 0.0, 0.0, 1.0]], [[0.9477752447128296, 0.3185323178768158, -0.016098935157060623, -1.140380859375], [-0.017895380035042763, 0.002714012051001191, -0.9998361468315125, 1.5619735717773438], [-0.3184365928173065, 0.9479081034660339, 0.008272532373666763, -0.1571044921875], [0.0, 0.0, 0.0, 1.0]], [[0.00939213763922453, 0.9999436140060425, -0.004971938207745552, -0.02899169921875], [-0.015818053856492043, -0.004822964780032635, -0.9998632073402405, 1.5664825439453125], [-0.9998307824134827, 0.00946948491036892, 0.015771862119436264, -0.0560302734375], [0.0, 0.0, 0.0, 1.0]], [[-0.9236092567443848, 0.383335143327713, 0.00012617929314728826, 0.981689453125], [-0.011570576578378677, -0.027549181133508682, -0.9995534420013428, 1.545642614364624], [-0.38316044211387634, -0.9231983423233032, 0.029880089685320854, -0.11554718017578125], [0.0, 0.0, 0.0, 1.0]]], "view": [[0.0, -2.0, 100.0], [-2.0, 0.0, 100.0], [0.0, 0.0, 1.0]], "bev": "bev_01e55b94aeb742b0baf9063143a4f56e.png", "aux": "aux_01e55b94aeb742b0baf9063143a4f56e.npz", "visibility": "visibility_01e55b94aeb742b0baf9063143a4f56e.png", "pose": [[-0.5319321751594543, 0.8467869758605957, 0.0, 1766.1746826171875], [-0.8467869758605957, -0.5319321751594543, 0.0, 1106.229736328125], [0.0, 0.0, 1.0, 0.0], [0.0, 0.0, 0.0, 1.0]], "pose_inverse": [[-0.5319321751594543, -0.8467869758605957, 0.0, 1876.22607421875], [0.8467869758605957, -0.5319321751594543, 0.0, -907.1344604492188], [0.0, 0.0, 1.0, 0.0], [0.0, 0.0, 0.0, 1.0]], "cam_ids": [0, 1, 2, 3, 4, 5], "cam_channels": ["CAM_FRONT_LEFT", "CAM_FRONT", "CAM_FRONT_RIGHT", "CAM_BACK_LEFT", "CAM_BACK", "CAM_BACK_RIGHT"], "token": "01e55b94aeb742b0baf9063143a4f56e", "scene": "scene-0660"}, {"images": ["samples/CAM_FRONT_LEFT/n008-2018-08-27-11-48-51-0400__CAM_FRONT_LEFT__1535385236154799.jpg", "samples/CAM_FRONT/n008-2018-08-27-11-48-51-0400__CAM_FRONT__1535385236162404.jpg", "samples/CAM_FRONT_RIGHT/n008-2018-08-27-11-48-51-0400__CAM_FRONT_RIGHT__1535385236170482.jpg", "samples/CAM_BACK_LEFT/n008-2018-08-27-11-48-51-0400__CAM_BACK_LEFT__1535385236197405.jpg", "samples/CAM_BACK/n008-2018-08-27-11-48-51-0400__CAM_BACK__1535385236187558.jpg", "samples/CAM_BACK_RIGHT/n008-2018-08-27-11-48-51-0400__CAM_BACK_RIGHT__1535385236178113.jpg"], "intrinsics": [[[1257.8625342125129, 0.0, 827.2410631095686], [0.0, 1257.8625342125129, 450.915498205774], [0.0, 0.0, 1.0]], [[1252.8131021185304, 0.0, 826.588114781398], [0.0, 1252.8131021185304, 469.9846626224581], [0.0, 0.0, 1.0]], [[1256.7485116440405, 0.0, 817.7887570959712], [0.0, 1256.7485116440403, 451.9541780095127], [0.0, 0.0, 1.0]], [[1254.9860565800168, 0.0, 829.5769333630991], [0.0, 1254.9860565800168, 467.1680561863987], [0.0, 0.0, 1.0]], [[796.8910634503094, 0.0, 857.7774326863696], [0.0, 796.8910634503094, 476.8848988407415], [0.0, 0.0, 1.0]], [[1249.9629280788233, 0.0, 825.3768045375984], [0.0, 1249.9629280788233, 462.54816385708756], [0.0, 0.0, 1.0]]], "extrinsics": [[[0.8227193355560303, -0.5684084892272949, -0.0066872755996882915, -0.66162109375], [-0.01092773862183094, -0.004052791744470596, -0.9999321103096008, 1.4837627410888672], [0.5683428049087524, 0.8227365612983704, -0.009545731358230114, -1.09930419921875], [0.0, 0.0, 0.0, 1.0]], [[0.010625193826854229, -0.9999109506607056, 0.008075057528913021, 0.0113525390625], [-0.009035118855535984, -0.008171186782419682, -0.9999257922172546, 1.477095603942871], [0.9999026656150818, 0.010551518760621548, -0.00912113580852747, -1.392822265625], [0.0, 0.0, 0.0, 1.0]], [[-0.8438525795936584, -0.5364830493927002, 0.009938055649399757, 0.8690185546875], [-0.001057779067195952, -0.016857994720339775, -0.9998573064804077, 1.4928226470947266], [0.5365740656852722, -0.8437427282333374, 0.013658181764185429, -1.134765625], [0.0, 0.0, 0.0, 1.0]], [[0.9477071166038513, 0.31810805201530457, -0.025659868493676186, -1.1441650390625], [-0.026511380448937416, -0.0016528671840205789, -0.9996471405029297, 1.5620536804199219], [-0.31803828477859497, 0.9480530023574829, 0.006867050658911467, -0.155517578125], [0.0, 0.0, 0.0, 1.0]], [[0.00920870527625084, 0.9999130368232727, -0.009435239247977734, -0.02838134765625], [-0.024352937936782837, -0.009208581410348415, -0.9996609687805176, 1.5657157897949219], [-0.9996610283851624, 0.009435354731976986, 0.024266021326184273, -0.05224609375], [0.0, 0.0, 0.0, 1.0]], [[-0.923800528049469, 0.38282105326652527, 0.00637515913695097, 0.985107421875], [-0.02012535184621811, -0.03192402794957161, -0.9992876052856445, 1.5440382957458496], [-0.3823448717594147, -0.9232708215713501, 0.0371958389878273, -0.115020751953125], [0.0, 0.0, 0.0, 1.0]]], "view": [[0.0, -2.0, 100.0], [-2.0, 0.0, 100.0], [0.0, 0.0, 1.0]], "bev": "bev_9611395545364bd8a3f6c14d6a9f7522.png", "aux": "aux_9611395545364bd8a3f6c14d6a9f7522.npz", "visibility": "visibility_9611395545364bd8a3f6c14d6a9f7522.png", "pose": [[-0.5291763544082642, 0.8485118746757507, 0.0, 1763.5445556640625], [-0.8485118746757507, -0.5291763544082642, 0.0, 1102.089599609375], [0.0, 0.0, 1.0, 0.0], [0.0, 0.0, 0.0, 1.0]], "pose_inverse": [[-0.5291763544082642, -0.8485118746757507, 0.0, 1868.3621826171875], [0.8485118746757507, -0.5291763544082642, 0.0, -913.188720703125], [0.0, 0.0, 1.0, 0.0], [0.0, 0.0, 0.0, 1.0]], "cam_ids": [0, 1, 2, 3, 4, 5], "cam_channels": ["CAM_FRONT_LEFT", "CAM_FRONT", "CAM_FRONT_RIGHT", "CAM_BACK_LEFT", "CAM_BACK", "CAM_BACK_RIGHT"], "token": "9611395545364bd8a3f6c14d6a9f7522", "scene": "scene-0660"}, {"images": ["samples/CAM_FRONT_LEFT/n008-2018-08-27-11-48-51-0400__CAM_FRONT_LEFT__1535385236654799.jpg", "samples/CAM_FRONT/n008-2018-08-27-11-48-51-0400__CAM_FRONT__1535385236662404.jpg", "samples/CAM_FRONT_RIGHT/n008-2018-08-27-11-48-51-0400__CAM_FRONT_RIGHT__1535385236670482.jpg", "samples/CAM_BACK_LEFT/n008-2018-08-27-11-48-51-0400__CAM_BACK_LEFT__1535385236697405.jpg", "samples/CAM_BACK/n008-2018-08-27-11-48-51-0400__CAM_BACK__1535385236687558.jpg", "samples/CAM_BACK_RIGHT/n008-2018-08-27-11-48-51-0400__CAM_BACK_RIGHT__1535385236678113.jpg"], "intrinsics": [[[1257.8625342125129, 0.0, 827.2410631095686], [0.0, 1257.8625342125129, 450.915498205774], [0.0, 0.0, 1.0]], [[1252.8131021185304, 0.0, 826.588114781398], [0.0, 1252.8131021185304, 469.9846626224581], [0.0, 0.0, 1.0]], [[1256.7485116440405, 0.0, 817.7887570959712], [0.0, 1256.7485116440403, 451.9541780095127], [0.0, 0.0, 1.0]], [[1254.9860565800168, 0.0, 829.5769333630991], [0.0, 1254.9860565800168, 467.1680561863987], [0.0, 0.0, 1.0]], [[796.8910634503094, 0.0, 857.7774326863696], [0.0, 796.8910634503094, 476.8848988407415], [0.0, 0.0, 1.0]], [[1249.9629280788233, 0.0, 825.3768045375984], [0.0, 1249.9629280788233, 462.54816385708756], [0.0, 0.0, 1.0]]], "extrinsics": [[[0.8233519196510315, -0.5675298571586609, 0.0011945703299716115, -0.65673828125], [0.002553753787651658, 0.0016000462928786874, -0.9999954700469971, 1.4893639087677002], [0.5675253868103027, 0.823351263999939, 0.002766731660813093, -1.09771728515625], [0.0, 0.0, 0.0, 1.0]], [[0.011374539695680141, -0.9999328255653381, 0.002223811810836196, 0.01239013671875], [0.004778580740094185, -0.0021695734467357397, -0.9999862313270569, 1.4818286895751953], [0.999923825263977, 0.011385009624063969, 0.004753582179546356, -1.388427734375], [0.0, 0.0, 0.0, 1.0]], [[-0.8435420989990234, -0.5370364785194397, -0.0053429617546498775, 0.8658447265625], [0.013026293367147446, -0.010513275861740112, -0.9998598694801331, 1.49658203125], [0.5369049906730652, -0.8434935212135315, 0.01586398482322693, -1.1317138671875], [0.0, 0.0, 0.0, 1.0]], [[0.9478431344032288, 0.3186063766479492, -0.00913350097835064, -1.1380615234375], [-0.011518022045493126, 0.005601036362349987, -0.9999179840087891, 1.5619754791259766], [-0.3185291290283203, 0.9478705525398254, 0.008978619240224361, -0.1580810546875], [0.0, 0.0, 0.0, 1.0]], [[0.008866396732628345, 0.9999579191207886, -0.00236137374304235, -0.02886962890625], [-0.009629638865590096, -0.0022759721614420414, -0.9999510049819946, 1.567082405090332], [-0.999914288520813, 0.008888725191354752, 0.009609052911400795, -0.0577392578125], [0.0, 0.0, 0.0, 1.0]], [[-0.9239941835403442, 0.3823823928833008, -0.004299146123230457, 0.98095703125], [-0.005820243153721094, -0.02530338056385517, -0.9996628761291504, 1.5467309951782227], [-0.3823622167110443, -0.9236577153205872, 0.025605734437704086, -0.11615753173828125], [0.0, 0.0, 0.0, 1.0]]], "view": [[0.0, -2.0, 100.0], [-2.0, 0.0, 100.0], [0.0, 0.0, 1.0]], "bev": "bev_8a19cdff29ea4079b96f728c9da4210a.png", "aux": "aux_8a19cdff29ea4079b96f728c9da4210a.npz", "visibility": "visibility_8a19cdff29ea4079b96f728c9da4210a.png", "pose": [[-0.5391272902488708, 0.8422242999076843, 0.0, 1760.90576171875], [-0.8422242999076843, -0.5391272902488708, 0.0, 1097.9779052734375], [0.0, 0.0, 1.0, 0.0], [0.0, 0.0, 0.0, 1.0]], "pose_inverse": [[-0.5391272902488708, -0.8422242999076843, 0.0, 1874.095947265625], [0.8422242999076843, -0.5391272902488708, 0.0, -891.1278076171875], [0.0, 0.0, 1.0, 0.0], [0.0, 0.0, 0.0, 1.0]], "cam_ids": [0, 1, 2, 3, 4, 5], "cam_channels": ["CAM_FRONT_LEFT", "CAM_FRONT", "CAM_FRONT_RIGHT", "CAM_BACK_LEFT", "CAM_BACK", "CAM_BACK_RIGHT"], "token": "8a19cdff29ea4079b96f728c9da4210a", "scene": "scene-0660"}, {"images": ["samples/CAM_FRONT_LEFT/n008-2018-08-27-11-48-51-0400__CAM_FRONT_LEFT__1535385237155350.jpg", "samples/CAM_FRONT/n008-2018-08-27-11-48-51-0400__CAM_FRONT__1535385237162404.jpg", "samples/CAM_FRONT_RIGHT/n008-2018-08-27-11-48-51-0400__CAM_FRONT_RIGHT__1535385237170482.jpg", "samples/CAM_BACK_LEFT/n008-2018-08-27-11-48-51-0400__CAM_BACK_LEFT__1535385237197957.jpg", "samples/CAM_BACK/n008-2018-08-27-11-48-51-0400__CAM_BACK__1535385237187558.jpg", "samples/CAM_BACK_RIGHT/n008-2018-08-27-11-48-51-0400__CAM_BACK_RIGHT__1535385237178789.jpg"], "intrinsics": [[[1257.8625342125129, 0.0, 827.2410631095686], [0.0, 1257.8625342125129, 450.915498205774], [0.0, 0.0, 1.0]], [[1252.8131021185304, 0.0, 826.588114781398], [0.0, 1252.8131021185304, 469.9846626224581], [0.0, 0.0, 1.0]], [[1256.7485116440405, 0.0, 817.7887570959712], [0.0, 1256.7485116440403, 451.9541780095127], [0.0, 0.0, 1.0]], [[1254.9860565800168, 0.0, 829.5769333630991], [0.0, 1254.9860565800168, 467.1680561863987], [0.0, 0.0, 1.0]], [[796.8910634503094, 0.0, 857.7774326863696], [0.0, 796.8910634503094, 476.8848988407415], [0.0, 0.0, 1.0]], [[1249.9629280788233, 0.0, 825.3768045375984], [0.0, 1249.9629280788233, 462.54816385708756], [0.0, 0.0, 1.0]]], "extrinsics": [[[0.8238120079040527, -0.5668623447418213, 0.0009551587863825262, -0.6444091796875], [0.006713577546179295, 0.008071836084127426, -0.9999449253082275, 1.491206169128418], [0.5668233036994934, 0.8237729668617249, 0.010455349460244179, -1.087677001953125], [0.0, 0.0, 0.0, 1.0]], [[0.01209845021367073, -0.9999188184738159, -0.003997731022536755, 0.0115966796875], [0.009052092209458351, 0.004107383079826832, -0.9999505877494812, 1.4834575653076172], [0.9998857975006104, 0.012061666697263718, 0.009101049974560738, -1.3702392578125], [0.0, 0.0, 0.0, 1.0]], [[-0.8432126641273499, -0.5374385118484497, -0.012341084890067577, 0.85302734375], [0.017453979700803757, -0.004425310995429754, -0.9998378157615662, 1.498016357421875], [0.5372967720031738, -0.8432912826538086, 0.013111919164657593, -1.124267578125], [0.0, 0.0, 0.0, 1.0]], [[0.9478729367256165, 0.31863582134246826, -0.002872172510251403, -1.138671875], [-0.006737190764397383, 0.011028476059436798, -0.9999164342880249, 1.5620040893554688], [-0.3185775578022003, 0.9478130340576172, 0.012600303627550602, -0.157958984375], [0.0, 0.0, 0.0, 1.0]], [[0.008662618696689606, 0.9999567270278931, 0.0033868018072098494, -0.028564453125], [-0.0049