[{"images": ["samples/CAM_FRONT_LEFT/n008-2018-08-21-11-53-44-0400__CAM_FRONT_LEFT__1534867302904799.jpg", "samples/CAM_FRONT/n008-2018-08-21-11-53-44-0400__CAM_FRONT__1534867302912404.jpg", "samples/CAM_FRONT_RIGHT/n008-2018-08-21-11-53-44-0400__CAM_FRONT_RIGHT__1534867302920482.jpg", "samples/CAM_BACK_LEFT/n008-2018-08-21-11-53-44-0400__CAM_BACK_LEFT__1534867302947405.jpg", "samples/CAM_BACK/n008-2018-08-21-11-53-44-0400__CAM_BACK__1534867302937558.jpg", "samples/CAM_BACK_RIGHT/n008-2018-08-21-11-53-44-0400__CAM_BACK_RIGHT__1534867302928113.jpg"], "intrinsics": [[[1257.8625342125129, 0.0, 827.2410631095686], [0.0, 1257.8625342125129, 450.915498205774], [0.0, 0.0, 1.0]], [[1252.8131021185304, 0.0, 826.588114781398], [0.0, 1252.8131021185304, 469.9846626224581], [0.0, 0.0, 1.0]], [[1256.7485116440405, 0.0, 817.7887570959712], [0.0, 1256.7485116440403, 451.9541780095127], [0.0, 0.0, 1.0]], [[1254.9860565800168, 0.0, 829.5769333630991], [0.0, 1254.9860565800168, 467.1680561863987], [0.0, 0.0, 1.0]], [[796.8910634503094, 0.0, 857.7774326863696], [0.0, 796.8910634503094, 476.8848988407415], [0.0, 0.0, 1.0]], [[1249.9629280788233, 0.0, 825.3768045375984], [0.0, 1249.9629280788233, 462.54816385708756], [0.0, 0.0, 1.0]]], "extrinsics": [[[0.8222184181213379, -0.5685229301452637, -0.027176901698112488, -0.9654541015625], [-0.0163467638194561, 0.02414104901254177, -0.9995748996734619, 1.4874916076660156], [0.5689374208450317, 0.822313129901886, 0.01055570226162672, -1.3072509765625], [0.0, 0.0, 0.0, 1.0]], [[0.009947174228727818, -0.9997467994689941, -0.02018376998603344, 0.006591796875], [-0.014330065809190273, 0.020040174946188927, -0.9996964931488037, 1.4795875549316406], [0.9998478293418884, 0.01023342926055193, -0.01412709429860115, -1.6959228515625], [0.0, 0.0, 0.0, 1.0]], [[-0.8441320657730103, -0.5361347198486328, -0.000822903704829514, 1.0660400390625], [-0.006242475938051939, 0.011363389901816845, -0.9999158978462219, 1.492879867553711], [0.5360990166664124, -0.8440559506416321, -0.012939009815454483, -1.2611083984375], [0.0, 0.0, 0.0, 1.0]], [[0.9475663304328918, 0.3188474476337433, -0.021314911544322968, -1.1446990966796875], [-0.03139485418796539, 0.026507340371608734, -0.9991555213928223, 1.56207275390625], [-0.31801319122314453, 0.9474353194236755, 0.035127632319927216, -0.1558837890625], [0.0, 0.0, 0.0, 1.0]], [[0.009443444199860096, 0.9997798800468445, 0.01873665116727352, -0.0289306640625], [-0.0293416790664196, 0.01900646649301052, -0.9993886947631836, 1.5677604675292969], [-0.9995247721672058, 0.008887900970876217, 0.029514707624912262, 0.034149169921875], [0.0, 0.0, 0.0, 1.0]], [[-0.9235416650772095, 0.38287293910980225, 0.021886654198169708, 1.1412353515625], [-0.02522130496799946, -0.003691519144922495, -0.9996750354766846, 1.5472865104675293], [-0.3826677203178406, -0.923793613910675, 0.013065825216472149, -0.05126953125], [0.0, 0.0, 0.0, 1.0]]], "view": [[0.0, -2.0, 100.0], [-2.0, 0.0, 100.0], [0.0, 0.0, 1.0]], "bev": "bev_305227a63e184c378cc9e36fd60382ca.png", "aux": "aux_305227a63e184c378cc9e36fd60382ca.npz", "visibility": "visibility_305227a63e184c378cc9e36fd60382ca.png", "pose": [[-0.8521882891654968, -0.5232352614402771, 0.0, 432.3580017089844], [0.5232352614402771, -0.8521882891654968, 0.0, 1619.358154296875], [0.0, 0.0, 1.0, 0.0], [0.0, 0.0, 0.0, 1.0]], "pose_inverse": [[-0.8521882891654968, 0.5232352614402771, 0.0, -478.8548583984375], [-0.5232352614402771, -0.8521882891654968, 0.0, 1606.2230224609375], [0.0, 0.0, 1.0, 0.0], [0.0, 0.0, 0.0, 1.0]], "cam_ids": [0, 1, 2, 3, 4, 5], "cam_channels": ["CAM_FRONT_LEFT", "CAM_FRONT", "CAM_FRONT_RIGHT", "CAM_BACK_LEFT", "CAM_BACK", "CAM_BACK_RIGHT"], "token": "305227a63e184c378cc9e36fd60382ca", "scene": "scene-0248"}, {"images": ["samples/CAM_FRONT_LEFT/n008-2018-08-21-11-53-44-0400__CAM_FRONT_LEFT__1534867303404799.jpg", "samples/CAM_FRONT/n008-2018-08-21-11-53-44-0400__CAM_FRONT__1534867303412404.jpg", "samples/CAM_FRONT_RIGHT/n008-2018-08-21-11-53-44-0400__CAM_FRONT_RIGHT__1534867303420482.jpg", "samples/CAM_BACK_LEFT/n008-2018-08-21-11-53-44-0400__CAM_BACK_LEFT__1534867303447405.jpg", "samples/CAM_BACK/n008-2018-08-21-11-53-44-0400__CAM_BACK__1534867303437558.jpg", "samples/CAM_BACK_RIGHT/n008-2018-08-21-11-53-44-0400__CAM_BACK_RIGHT__1534867303428113.jpg"], "intrinsics": [[[1257.8625342125129, 0.0, 827.2410631095686], [0.0, 1257.8625342125129, 450.915498205774], [0.0, 0.0, 1.0]], [[1252.8131021185304, 0.0, 826.588114781398], [0.0, 1252.8131021185304, 469.9846626224581], [0.0, 0.0, 1.0]], [[1256.7485116440405, 0.0, 817.7887570959712], [0.0, 1256.7485116440403, 451.9541780095127], [0.0, 0.0, 1.0]], [[1254.9860565800168, 0.0, 829.5769333630991], [0.0, 1254.9860565800168, 467.1680561863987], [0.0, 0.0, 1.0]], [[796.8910634503094, 0.0, 857.7774326863696], [0.0, 796.8910634503094, 476.8848988407415], [0.0, 0.0, 1.0]], [[1249.9629280788233, 0.0, 825.3768045375984], [0.0, 1249.9629280788233, 462.54816385708756], [0.0, 0.0, 1.0]]], "extrinsics": [[[0.8225116729736328, -0.568091869354248, -0.027314871549606323, -0.97119140625], [-0.015524526126682758, 0.025583071634173393, -0.9995521306991577, 1.487640380859375], [0.5685362815856934, 0.8225674033164978, 0.0122230164706707, -1.31103515625], [0.0, 0.0, 0.0, 1.0]], [[0.010369103401899338, -0.9997116327285767, -0.021658828482031822, 0.00634765625], [-0.013585209846496582, 0.021517153829336166, -0.9996761679649353, 1.4796981811523438], [0.9998539686203003, 0.010660011321306229, -0.013358179479837418, -1.70172119140625], [0.0, 0.0, 0.0, 1.0]], [[-0.843961238861084, -0.5363997220993042, -0.0022004623897373676, 1.069793701171875], [-0.005578774027526379, 0.012879418209195137, -0.9999014735221863, 1.4929237365722656], [0.5363751649856567, -0.8438658714294434, -0.013862182386219501, -1.263671875], [0.0, 0.0, 0.0, 1.0]], [[0.947585940361023, 0.3188478648662567, -0.0204206183552742, -1.1447410583496094], [-0.030987028032541275, 0.02810158208012581, -0.9991246461868286, 1.5620689392089844], [-0.3179948925971985, 0.9473891854286194, 0.03650880977511406, -0.1556396484375], [0.0, 0.0, 0.0, 1.0]], [[0.009331431239843369, 0.999750018119812, 0.020316870883107185, -0.0289306640625], [-0.02884642779827118, 0.020578432828187943, -0.9993719458580017, 1.5678138732910156], [-0.9995402693748474, 0.008739384822547436, 0.029031245037913322, 0.035888671875], [0.0, 0.0, 0.0, 1.0]], [[-0.9236434102058411, 0.3826247751712799, 0.021933259442448616, 1.144287109375], [-0.02463148720562458, -0.0021539521403610706, -0.9996942281723022, 1.5473747253417969], [-0.3824605941772461, -0.9239012598991394, 0.011414099484682083, -0.0501708984375], [0.0, 0.0, 0.0, 1.0]]], "view": [[0.0, -2.0, 100.0], [-2.0, 0.0, 100.0], [0.0, 0.0, 1.0]], "bev": "bev_0bd2c63354304b0c94d10e0927b21f9c.png", "aux": "aux_0bd2c63354304b0c94d10e0927b21f9c.npz", "visibility": "visibility_0bd2c63354304b0c94d10e0927b21f9c.png", "pose": [[-0.8519545197486877, -0.5236157774925232, 0.0, 431.9033508300781], [0.5236157774925232, -0.8519545197486877, 0.0, 1619.649658203125], [0.0, 0.0, 1.0, 0.0], [0.0, 0.0, 0.0, 1.0]], "pose_inverse": [[-0.8519545197486877, 0.5236157774925232, 0.0, -480.1121520996094], [-0.5236157774925232, -0.8519545197486877, 0.0, 1606.019287109375], [0.0, 0.0, 1.0, 0.0], [0.0, 0.0, 0.0, 1.0]], "cam_ids": [0, 1, 2, 3, 4, 5], "cam_channels": ["CAM_FRONT_LEFT", "CAM_FRONT", "CAM_FRONT_RIGHT", "CAM_BACK_LEFT", "CAM_BACK", "CAM_BACK_RIGHT"], "token": "0bd2c63354304b0c94d10e0927b21f9c", "scene": "scene-0248"}, {"images": ["samples/CAM_FRONT_LEFT/n008-2018-08-21-11-53-44-0400__CAM_FRONT_LEFT__1534867303904799.jpg", "samples/CAM_FRONT/n008-2018-08-21-11-53-44-0400__CAM_FRONT__1534867303912404.jpg", "samples/CAM_FRONT_RIGHT/n008-2018-08-21-11-53-44-0400__CAM_FRONT_RIGHT__1534867303920482.jpg", "samples/CAM_BACK_LEFT/n008-2018-08-21-11-53-44-0400__CAM_BACK_LEFT__1534867303947405.jpg", "samples/CAM_BACK/n008-2018-08-21-11-53-44-0400__CAM_BACK__1534867303937558.jpg", "samples/CAM_BACK_RIGHT/n008-2018-08-21-11-53-44-0400__CAM_BACK_RIGHT__1534867303928113.jpg"], "intrinsics": [[[1257.8625342125129, 0.0, 827.2410631095686], [0.0, 1257.8625342125129, 450.915498205774], [0.0, 0.0, 1.0]], [[1252.8131021185304, 0.0, 826.588114781398], [0.0, 1252.8131021185304, 469.9846626224581], [0.0, 0.0, 1.0]], [[1256.7485116440405, 0.0, 817.7887570959712], [0.0, 1256.7485116440403, 451.9541780095127], [0.0, 0.0, 1.0]], [[1254.9860565800168, 0.0, 829.5769333630991], [0.0, 1254.9860565800168, 467.1680561863987], [0.0, 0.0, 1.0]], [[796.8910634503094, 0.0, 857.7774326863696], [0.0, 796.8910634503094, 476.8848988407415], [0.0, 0.0, 1.0]], [[1249.9629280788233, 0.0, 825.3768045375984], [0.0, 1249.9629280788233, 462.54816385708756], [0.0, 0.0, 1.0]]], "extrinsics": [[[0.8221842050552368, -0.5685949325561523, -0.026699647307395935, -0.9906005859375], [-0.014728598296642303, 0.025639256462454796, -0.9995627403259277, 1.4880256652832031], [0.5690308809280396, 0.8222180008888245, 0.012705585919320583, -1.3238525390625], [0.0, 0.0, 0.0, 1.0]], [[0.009861594066023827, -0.9997166991233826, -0.02166304737329483, 0.0057373046875], [-0.012745190411806107, 0.021536676213145256, -0.9996868371963501, 1.47998046875], [0.9998701810836792, 0.01013473141938448, -0.012529192492365837, -1.72064208984375], [0.0, 0.0, 0.0, 1.0]], [[-0.844183087348938, -0.5360470414161682, -0.002930775983259082, 1.08160400390625], [-0.004693102091550827, 0.012857714667916298, -0.9999063014984131, 1.4930171966552734], [0.5360344648361206, -0.8440902233123779, -0.013369988650083542, -1.2716064453125], [0.0, 0.0, 0.0, 1.0]], [[0.9476074576377869, 0.3188435733318329, -0.01946469023823738, -1.1440925598144531], [-0.02996637672185898, 0.02806418389081955, -0.9991568326950073, 1.5620536804199219], [-0.31802845001220703, 0.9473917484283447, 0.03614841774106026, -0.1558837890625], [0.0, 0.0, 0.0, 1.0]], [[0.009475870057940483, 0.9997497200965881, 0.020266378298401833, -0.02880859375], [-0.027883216738700867, 0.020523585379123688, -0.9994004368782043, 1.5679550170898438], [-0.9995663166046143, 0.00890515185892582, 0.028070718050003052, 0.040435791015625], [0.0, 0.0, 0.0, 1.0]], [[-0.9235418438911438, 0.38291794061660767, 0.02107708901166916, 1.153564453125], [-0.0237263273447752, -0.0021966968197375536, -0.99971604347229, 1.5476312637329102], [-0.3827629089355469, -0.9237797856330872, 0.011113977991044521, -0.04638671875], [0.0, 0.0, 0.0, 1.0]]], "view": [[0.0, -2.0, 100.0], [-2.0, 0.0, 100.0], [0.0, 0.0, 1.0]], "bev": "bev_036f20c2c7f940b39795e6b16285c38d.png", "aux": "aux_036f20c2c7f940b39795e6b16285c38d.npz", "visibility": "visibility_036f20c2c7f940b39795e6b16285c38d.png", "pose": [[-0.8517976403236389, -0.5238709449768066, 0.0, 431.6175231933594], [0.5238709449768066, -0.8517976403236389, 0.0, 1619.8349609375], [0.0, 0.0, 1.0, 0.0], [0.0, 0.0, 0.0, 1.0]], "pose_inverse": [[-0.8517976403236389, 0.5238709449768066, 0.0, -480.9336242675781], [-0.5238709449768066, -0.8517976403236389, 0.0, 1605.883544921875], [0.0, 0.0, 1.0, 0.0], [0.0, 0.0, 0.0, 1.0]], "cam_ids": [0, 1, 2, 3, 4, 5], "cam_channels": ["CAM_FRONT_LEFT", "CAM_FRONT", "CAM_FRONT_RIGHT", "CAM_BACK_LEFT", "CAM_BACK", "CAM_BACK_RIGHT"], "token": "036f20c2c7f940b39795e6b16285c38d", "scene": "scene-0248"}, {"images": ["samples/CAM_FRONT_LEFT/n008-2018-08-21-11-53-44-0400__CAM_FRONT_LEFT__1534867304404799.jpg", "samples/CAM_FRONT/n008-2018-08-21-11-53-44-0400__CAM_FRONT__1534867304412404.jpg", "samples/CAM_FRONT_RIGHT/n008-2018-08-21-11-53-44-0400__CAM_FRONT_RIGHT__1534867304420482.jpg", "samples/CAM_BACK_LEFT/n008-2018-08-21-11-53-44-0400__CAM_BACK_LEFT__1534867304447405.jpg", "samples/CAM_BACK/n008-2018-08-21-11-53-44-0400__CAM_BACK__1534867304437558.jpg", "samples/CAM_BACK_RIGHT/n008-2018-08-21-11-53-44-0400__CAM_BACK_RIGHT__1534867304428113.jpg"], "intrinsics": [[[1257.8625342125129, 0.0, 827.2410631095686], [0.0, 1257.8625342125129, 450.915498205774], [0.0, 0.0, 1.0]], [[1252.8131021185304, 0.0, 826.588114781398], [0.0, 1252.8131021185304, 469.9846626224581], [0.0, 0.0, 1.0]], [[1256.7485116440405, 0.0, 817.7887570959712], [0.0, 1256.7485116440403, 451.9541780095127], [0.0, 0.0, 1.0]], [[1254.9860565800168, 0.0, 829.5769333630991], [0.0, 1254.9860565800168, 467.1680561863987], [0.0, 0.0, 1.0]], [[796.8910634503094, 0.0, 857.7774326863696], [0.0, 796.8910634503094, 476.8848988407415], [0.0, 0.0, 1.0]], [[1249.9629280788233, 0.0, 825.3768045375984], [0.0, 1249.9629280788233, 462.54816385708756], [0.0, 0.0, 1.0]]], "extrinsics": [[[0.8223141431808472, -0.5684432983398438, -0.02591671235859394, -0.9947509765625], [-0.013954180292785168, 0.025387080386281013, -0.9995802640914917, 1.4881095886230469], [0.5688626766204834, 0.82233065366745, 0.012943992391228676, -1.32666015625], [0.0, 0.0, 0.0, 1.0]], [[0.0100522730499506, -0.9997212290763855, -0.021362533792853355, 0.0057373046875], [-0.011991734616458416, 0.021241556853055954, -0.999702513217926, 1.4800338745117188], [0.9998775124549866, 0.010305502451956272, -0.011774864979088306, -1.724761962890625], [0.0, 0.0, 0.0, 1.0]], [[-0.844101071357727, -0.536173403263092, -0.003368307836353779, 1.08428955078125], [-0.003961254842579365, 0.012517810799181461, -0.99991375207901, 1.4930362701416016], [0.5361694097518921, -0.8440150618553162, -0.012690219096839428, -1.273193359375], [0.0, 0.0, 0.0, 1.0]], [[0.9476221799850464, 0.3188270330429077, -0.019012490287423134, -1.1439628601074219], [-0.029339224100112915, 0.027618275955319405, -0.9991878867149353, 1.5620460510253906], [-0.318043053150177, 0.9474104642868042, 0.03552583232522011, -0.15625], [0.0, 0.0, 0.0, 1.0]], [[0.009402190335094929, 0.9997583627700806, 0.019870001822710037, -0.02880859375], [-0.02722165547311306, 0.020119421184062958, -0.9994269013404846, 1.5679817199707031], [-0.9995852112770081, 0.008855900727212429, 0.027404243126511574, 0.041595458984375], [0.0, 0.0, 0.0, 1.0]], [[-0.9236040115356445, 0.38281121850013733, 0.02027779631316662, 1.15576171875], [-0.023016460239887238, -0.0025749902706593275, -0.9997317790985107, 1.547691822052002], [-0.3826563358306885, -0.9238229393959045, 0.011189230717718601, -0.045654296875], [0.0, 0.0, 0.0, 1.0]]], "view": [[0.0, -2.0, 100.0], [-2.0, 0.0, 100.0], [0.0, 0.0, 1.0]], "bev": "bev_1ccfe753f5da41e2870dc8839ae3fc99.png", "aux": "aux_1ccfe753f5da41e2870dc8839ae3fc99.npz", "visibility": "visibility_1ccfe753f5da41e2870dc8839ae3fc99.png", "pose": [[-0.8522523045539856, -0.5231309533119202, 0.0, 431.4609680175781], [0.5231309533119202, -0.8522523045539856, 0.0, 1619.93603515625], [0.0, 0.0, 1.0, 0.0], [0.0, 0.0, 0.0, 1.0]], "pose_inverse": [[-0.8522523045539856, 0.5231309533119202, 0.0, -479.7250061035156], [-0.5231309533119202, -0.8522523045539856, 0.0, 1606.3048095703125], [0.0, 0.0, 1.0, 0.0], [0.0, 0.0, 0.0, 1.0]], "cam_ids": [0, 1, 2, 3, 4, 5], "cam_channels": ["CAM_FRONT_LEFT", "CAM_FRONT", "CAM_FRONT_RIGHT", "CAM_BACK_LEFT", "CAM_BACK", "CAM_BACK_RIGHT"], "token": "1ccfe753f5da41e2870dc8839ae3fc99", "scene": "scene-0248"}, {"images": ["samples/CAM_FRONT_LEFT/n008-2018-08-21-11-53-44-0400__CAM_FRONT_LEFT__1534867304904799.jpg", "samples/CAM_FRONT/n008-2018-08-21-11-53-44-0400__CAM_FRONT__1534867304912404.jpg", "samples/CAM_FRONT_RIGHT/n008-2018-08-21-11-53-44-0400__CAM_FRONT_RIGHT__1534867304920482.jpg", "samples/CAM_BACK_LEFT/n008-2018-08-21-11-53-44-0400__CAM_BACK_LEFT__1534867304947405.jpg", "samples/CAM_BACK/n008-2018-08-21-11-53-44-0400__CAM_BACK__1534867304937558.jpg", "samples/CAM_BACK_RIGHT/n008-2018-08-21-11-53-44-0400__CAM_BACK_RIGHT__1534867304928113.jpg"], "intrinsics": [[[1257.8625342125129, 0.0, 827.2410631095686], [0.0, 1257.8625342125129, 450.915498205774], [0.0, 0.0, 1.0]], [[1252.8131021185304, 0.0, 826.588114781398], [0.0, 1252.8131021185304, 469.9846626224581], [0.0, 0.0, 1.0]], [[1256.7485116440405, 0.0, 817.7887570959712], [0.0, 1256.7485116440403, 451.9541780095127], [0.0, 0.0, 1.0]], [[1254.9860565800168, 0.0, 829.5769333630991], [0.0, 1254.9860565800168, 467.1680561863987], [0.0, 0.0, 1.0]], [[796.8910634503094, 0.0, 857.7774326863696], [0.0, 796.8910634503094, 476.8848988407415], [0.0, 0.0, 1.0]], [[1249.9629280788233, 0.0, 825.3768045375984], [0.0, 1249.9629280788233, 462.54816385708756], [0.0, 0.0, 1.0]]], "extrinsics": [[[0.8223056793212891, -0.5684804916381836, -0.025363249704241753, -1.006103515625], [-0.013337080366909504, 0.025305552408099174, -0.9995908141136169, 1.4883079528808594], [0.5688896775245667, 0.8223074674606323, 0.013227030634880066, -1.334716796875], [0.0, 0.0, 0.0, 1.0]], [[0.010016771033406258, -0.9997226595878601, -0.021310897544026375, 0.005615234375], [-0.011349262669682503, 0.02119693160057068, -0.9997109174728394, 1.4801712036132812], [0.9998853802680969, 0.010255795903503895, -0.011133789084851742, -1.736083984375], [0.0, 0.0, 0.0, 1.0]], [[-0.8441277742385864, -0.5361276865005493, -0.00392941664904356, 1.09173583984375], [-0.0032921028323471546, 0.01251202542334795, -0.9999162554740906, 1.4930744171142578], [0.5361319780349731, -0.8440441489219666, -0.012326736934483051, -1.27783203125], [0.0, 0.0, 0.0, 1.0]], [[0.9476433396339417, 0.31881386041641235, -0.018161358311772346, -1.1439208984375], [-0.02846175990998745, 0.02767934650182724, -0.9992116093635559, 1.5620460510253906], [-0.3180598318576813, 0.9474130272865295, 0.03530415520071983, -0.156005859375], [0.0, 0.0, 0.0, 1.0]], [[0.009424877353012562, 0.9997572898864746, 0.01991082914173603, -0.0286865234375], [-0.026426075026392937, 0.02015378326177597, -0.9994475245475769, 1.5680732727050781], [-0.9996063113212585, 0.00889345072209835, 0.02660961076617241, 0.044891357421875], [0.0, 0.0, 0.0, 1.0]], [[-0.923596203327179, 0.3828652501106262, 0.019600268453359604, 1.1612548828125], [-0.02227453701198101, -0.002552696969360113, -0.9997485876083374, 1.5478296279907227], [-0.3827188313007355, -0.9238006472587585, 0.010885806754231453, -0.0433349609375], [0.0, 0.0, 0.0, 1.0]]], "view": [[0.0, -2.0, 100.0], [-2.0, 0.0, 100.0], [0.0, 0.0, 1.0]], "bev": "bev_1b0e50f2a983447cbf4ebfcc07d5d0fe.png", "aux": "aux_1b0e50f2a983447cbf4ebfcc07d5d0fe.npz", "visibility": "visibility_1b0e50f2a983447cbf4ebfcc07d5d0fe.png", "pose": [[-0.8523290157318115, -0.5230059027671814, 0.0, 431.4179992675781], [0.5230059027671814, -0.8523290157318115, 0.0, 1619.966796875], [0.0, 0.0, 1.0, 0.0], [0.0, 0.0, 0.0, 1.0]], "pose_inverse": [[-0.8523290157318115, 0.5230059027671814, 0.0, -479.5421447753906], [-0.5230059027671814, -0.8523290157318115, 0.0, 1606.37890625], [0.0, 0.0, 1.0, 0.0], [0.0, 0.0, 0.0, 1.0]], "cam_ids": [0, 1, 2, 3, 4, 5], "cam_channels": ["CAM_FRONT_LEFT", "CAM_FRONT", "CAM_FRONT_RIGHT", "CAM_BACK_LEFT", "CAM_BACK", "CAM_BACK_RIGHT"], "token": "1b0e50f2a983447cbf4ebfcc07d5d0fe", "scene": "scene-0248"}, {"images": ["samples/CAM_FRONT_LEFT/n008-2018-08-21-11-53-44-0400__CAM_FRONT_LEFT__1534867305404799.jpg", "samples/CAM_FRONT/n008-2018-08-21-11-53-44-0400__CAM_FRONT__1534867305412404.jpg", "samples/CAM_FRONT_RIGHT/n008-2018-08-21-11-53-44-0400__CAM_FRONT_RIGHT__1534867305420482.jpg", "samples/CAM_BACK_LEFT/n008-2018-08-21-11-53-44-0400__CAM_BACK_LEFT__1534867305447405.jpg", "samples/CAM_BACK/n008-2018-08-21-11-53-44-0400__CAM_BACK__1534867305437558.jpg", "samples/CAM_BACK_RIGHT/n008-2018-08-21-11-53-44-0400__CAM_BACK_RIGHT__1534867305428121.jpg"], "intrinsics": [[[1257.8625342125129, 0.0, 827.2410631095686], [0.0, 1257.8625342125129, 450.915498205774], [0.0, 0.0, 1.0]], [[1252.8131021185304, 0.0, 826.588114781398], [0.0, 1252.8131021185304, 469.9846626224581], [0.0, 0.0, 1.0]], [[1256.7485116440405, 0.0, 817.7887570959712], [0.0, 1256.7485116440403, 451.9541780095127], [0.0, 0.0, 1.0]], [[1254.9860565800168, 0.0, 829.5769333630991], [0.0, 1254.9860565800168, 467.1680561863987], [0.0, 0.0, 1.0]], [[796.8910634503094, 0.0, 857.7774326863696], [0.0, 796.8910634503094, 476.8848988407415], [0.0, 0.0, 1.0]], [[1249.9629280788233, 0.0, 825.3768045375984], [0.0, 1249.9629280788233, 462.54816385708756], [0.0, 0.0, 1.0]]], "extrinsics": [[[0.822361946105957, -0.5684669613838196, -0.023797661066055298, -1.0050048828125], [-0.011386875994503498, 0.025374077260494232, -0.9996131658554077, 1.4882926940917969], [0.5688508152961731, 0.8223147392272949, 0.014393610879778862, -1.333984375], [0.0, 0.0, 0.0, 1.0]], [[0.01007101871073246, -0.9997214674949646, -0.02134486474096775, 0.0054931640625], [-0.009407204575836658, 0.021250279620289803, -0.9997299313545227, 1.4801559448242188], [0.999904990196228, 0.010269138030707836, -0.009190570563077927, -1.735137939453125], [0.0, 0.0, 0.0, 1.0]], [[-0.8441140055656433, -0.5361347794532776, -0.005581844598054886, 1.091064453125], [-0.001358491717837751, 0.01254931278526783, -0.9999203085899353, 1.4930706024169922], [0.5361621379852295, -0.8440391421318054, -0.011321386322379112, -1.277587890625], [0.0, 0.0, 0.0, 1.0]], [[0.9476825594902039, 0.31879064440727234, -0.016437508165836334, -1.1439285278320312], [-0.026649028062820435, 0.027696728706359863, -0.9992610812187195, 1.562042236328125], [-0.31809985637664795, 0.9474203586578369, 0.03474317118525505, -0.1561279296875], [0.0, 0.0, 0.0, 1.0]], [[0.009396561421453953, 0.9997568726539612, 0.019945649430155754, -0.0289306640625], [-0.024539988487958908, 0.02017107792198658, -0.999495267868042, 1.5680618286132812], [-0.9996547102928162, 0.008902279660105705, 0.024723561480641365, 0.04449462890625], [0.0, 0.0, 0.0, 1.0]], [[-0.9236336946487427, 0.38286057114601135, 0.017850415781140327, 1.16064453125], [-0.020369794219732285, -0.002527221105992794, -0.999789297580719, 1.5478157997131348], [-0.3827347159385681, -0.9238026738166809, 0.010133015923202038, -0.0435791015625], [0.0, 0.0, 0.0, 1.0]]], "view": [[0.0, -2.0, 100.0], [-2.0, 0.0, 100.0], [0.0, 0.0, 1.0]], "bev": "bev_af22b0c5df694a2daf261a785809780f.png", "aux": "aux_af22b0c5df694a2daf261a785809780f.npz", "visibility": "visibility_af22b0c5df694a2daf261a785809780f.png", "pose": [[-0.852409839630127, -0.5228742361068726, 0.0, 431.431640625], [0.5228742361068726, -0.852409839630127, 0.0, 1619.962158203125], [0.0, 0.0, 1.0, 0.0], [0.0, 0.0, 0.0, 1.0]], "pose_inverse": [[-0.852409839630127, 0.5228742361068726, 0.0, -479.2799072265625], [-0.5228742361068726, -0.852409839630127, 0.0, 1606.4561767578125], [0.0, 0.0, 1.0, 0.0], [0.0, 0.0, 0.0, 1.0]], "cam_ids": [0, 1, 2, 3, 4, 5], "cam_channels": ["CAM_FRONT_LEFT", "CAM_FRONT", "CAM_FRONT_RIGHT", "CAM_BACK_LEFT", "CAM_BACK", "CAM_BACK_RIGHT"], "token": "af22b0c5df694a2daf261a785809780f", "scene": "scene-0248"}, {"images": ["samples/CAM_FRONT_LEFT/n008-2018-08-21-11-53-44-0400__CAM_FRONT_LEFT__1534867305904799.jpg", "samples/CAM_FRONT/n008-2018-08-21-11-53-44-0400__CAM_FRONT__1534867305912404.jpg", "samples/CAM_FRONT_RIGHT/n008-2018-08-21-11-53-44-0400__CAM_FRONT_RIGHT__1534867305920482.jpg", "samples/CAM_BACK_LEFT/n008-2018-08-21-11-53-44-0400__CAM_BACK_LEFT__1534867305947405.jpg", "samples/CAM_BACK/n008-2018-08-21-11-53-44-0400__CAM_BACK__1534867305937558.jpg", "samples/CAM_BACK_RIGHT/n008-2018-08-21-11-53-44-0400__CAM_BACK_RIGHT__1534867305928113.jpg"], "intrinsics": [[[1257.8625342125129, 0.0, 827.2410631095686], [0.0, 1257.8625342125129, 450.915498205774], [0.0, 0.0, 1.0]], [[1252.8131021185304, 0.0, 826.588114781398], [0.0, 1252.8131021185304, 469.9846626224581], [0.0, 0.0, 1.0]], [[1256.7485116440405, 0.0, 817.7887570959712], [0.0, 1256.7485116440403, 451.9541780095127], [0.0, 0.0, 1.0]], [[1254.9860565800168, 0.0, 829.5769333630991], [0.0, 1254.9860565800168, 467.1680561863987], [0.0, 0.0, 1.0]], [[796.8910634503094, 0.0, 857.7774326863696], [0.0, 796.8910634503094, 476.8848988407415], [0.0, 0.0, 1.0]], [[1249.9629280788233, 0.0, 825.3768045375984], [0.0, 1249.9629280788233, 462.54816385708756], [0.0, 0.0, 1.0]]], "extrinsics": [[[0.822361171245575, -0.5684818625450134, -0.023464441299438477, -1.0048828125], [-0.010943313129246235, 0.025429297238588333, -0.9996166825294495, 1.4882888793945312], [0.5688607096672058, 0.8223026990890503, 0.014690988697111607, -1.3336181640625], [0.0, 0.0, 0.0, 1.0]], [[0.010064092464745045, -0.9997204542160034, -0.021394779905676842, 0.0054931640625], [-0.00898378249257803, 0.021304603666067123, -0.9997326731681824, 1.4801597595214844], [0.9999090433120728, 0.010253701359033585, -0.008766856975853443, -1.734771728515625], [0.0, 0.0, 0.0, 1.0]], [[-0.8441182971000671, -0.5361241102218628, -0.005949688609689474, 1.090789794921875], [-0.000956454430706799, 0.012602634727954865, -0.999920129776001, 1.4930706024169922], [0.5361562371253967, -0.8440451622009277, -0.01115089375525713, -1.2774658203125], [0.0, 0.0, 0.0, 1.0]], [[0.947689414024353, 0.3187869191169739, -0.01611165516078472, -1.1439056396484375], [-0.02632795087993145, 0.027764201164245605, -0.9992677569389343, 1.5620498657226562], [-0.31810617446899414, 0.9474196434020996, 0.03470484912395477, -0.156005859375], [0.0, 0.0, 0.0, 1.0]], [[0.009396875277161598, 0.9997556209564209, 0.02001405879855156, -0.0291748046875], [-0.024204233661293983, 0.020236486569046974, -0.9995021820068359, 1.5680580139160156], [-0.9996629357337952, 0.008907773531973362, 0.024388475343585014, 0.044219970703125], [0.0, 0.0, 0.0, 1.0]], [[-0.923636794090271, 0.38286781311035156, 0.01753382198512554, 1.1605224609375], [-0.020004814490675926, -0.0024732346646487713, -0.9997968077659607, 1.5478134155273438], [-0.3827466368675232, -0.9237998127937317, 0.009943567216396332, -0.0435791015625], [0.0, 0.0, 0.0, 1.0]]], "view": [[0.0, -2.0, 100.0], [-2.0, 0.0, 100.0], [0.0, 0.0, 1.0]], "bev": "bev_212a7bd55c664a429026b51f52a44162.png", "aux": "aux_212a7bd55c664a429026b51f52a44162.npz", "visibility": "visibility_212a7bd55c664a429026b51f52a44162.png", "pose": [[-0.8523967862129211, -0.5228955745697021, 0.0, 431.4341735839844], [0.5228955745697021, -0.8523967862129211, 0.0, 1619.963623046875], [0.0, 0.0, 1.0, 0.0], [0.0, 0.0, 0.0, 1.0]], "pose_inverse": [[-0.8523967862129211, 0.5228955745697021, 0.0, -479.3186950683594], [-0.5228955745697021, -0.8523967862129211, 0.0, 1606.44677734375], [0.0, 0.0, 1.0, 0.0], [0.0, 0.0, 0.0, 1.0]], "cam_ids": [0, 1, 2, 3, 4, 5], "cam_channels": ["CAM_FRONT_LEFT", "CAM_FRONT", "CAM_FRONT_RIGHT", "CAM_BACK_LEFT", "CAM_BACK", "CAM_BACK_RIGHT"], "token": "212a7bd55c664a429026b51f52a44162", "scene": "scene-0248"}, {"images": ["samples/CAM_FRONT_LEFT/n008-2018-08-21-11-53-44-0400__CAM_FRONT_LEFT__1534867306504799.jpg", "samples/CAM_FRONT/n008-2018-08-21-11-53-44-0400__CAM_FRONT__1534867306512404.jpg", "samples/CAM_FRONT_RIGHT/n008-2018-08-21-11-53-44-0400__CAM_FRONT_RIGHT__1534867306520482.jpg", "samples/CAM_BACK_LEFT/n008-2018-08-21-11-53-44-0400__CAM_BACK_LEFT__1534867306547405.jpg", "samples/CAM_BACK/n008-2018-08-21-11-53-44-0400__CAM_BACK__1534867306537558.jpg", "samples/CAM_BACK_RIGHT/n008-2018-08-21-11-53-44-0400__CAM_BACK_RIGHT__1534867306528113.jpg"], "intrinsics": [[[1257.8625342125129, 0.0, 827.2410631095686], [0.0, 1257.8625342125129, 450.915498205774], [0.0, 0.0, 1.0]], [[1252.8131021185304, 0.0, 826.588114781398], [0.0, 1252.8131021185304, 469.9846626224581], [0.0, 0.0, 1.0]], [[1256.7485116440405, 0.0, 817.7887570959712], [0.0, 1256.7485116440403, 451.9541780095127], [0.0, 0.0, 1.0]], [[1254.9860565800168, 0.0, 829.5769333630991], [0.0, 1254.9860565800168, 467.1680561863987], [0.0, 0.0, 1.0]], [[796.8910634503094, 0.0, 857.7774326863696], [0.0, 796.8910634503094, 476.8848988407415], [0.0, 0.0, 1.0]], [[1249.9629280788233, 0.0, 825.3768045375984], [0.0, 1249.9629280788233, 462.54816385708756], [0.0, 0.0, 1.0]]], "extrinsics": [[[0.8223650455474854, -0.5684836506843567, -0.023282399401068687, -1.005126953125], [-0.010685632936656475, 0.025481855496764183, -0.9996181726455688, 1.4882888793945312], [0.5688599944114685, 0.8222998380661011, 0.014880776405334473, -1.33349609375], [0.0, 0.0, 0.0, 1.0]], [[0.010062577202916145, -0.9997192025184631, -0.02145487070083618, 0.0054931640625], [-0.00872818473726511, 0.021367328241467476, -0.9997336268424988, 1.4801559448242188], [0.9999113082885742, 0.010247140191495419, -0.00851072371006012, -1.73468017578125], [0.0, 0.0, 0.0, 1.0]], [[-0.8441208600997925, -0.5361170172691345, -0.006202808581292629, 1.09063720703125], [-0.0007031653658486903, 0.012676083482801914, -0.9999193549156189, 1.493072509765625], [0.5361525416374207, -0.8440485596656799, -0.011077126488089561, -1.27734375], [0.0, 0.0, 0.0, 1.0]], [[0.9476951360702515, 0.3187834322452545, -0.015848079696297646, -1.1439018249511719], [-0.02607247792184353, 0.027831461280584335, -0.9992725849151611, 1.562042236328125], [-0.31811049580574036, 0.9474189281463623, 0.034687213599681854, -0.1561279296875], [0.0, 0.0, 0.0, 1.0]], [[0.009398743510246277, 0.9997539520263672, 0.020092524588108063, -0.0286865234375], [-0.023962998762726784, 0.020312828943133354, -0.999506413936615, 1.5680656433105469], [-0.9996686577796936, 0.00891267042607069, 0.024148020893335342, 0.044342041015625], [0.0, 0.0, 0.0, 1.0]], [[-0.9236377477645874, 0.3828740417957306, 0.017339462414383888, 1.1607666015625], [-0.019760707393288612, -0.002391672460362315, -0.9998018741607666, 1.5478119850158691], [-0.382756769657135, -0.9237974286079407, 0.009774901904165745, -0.043701171875], [0.0, 0.0, 0.0, 1.0]]], "view": [[0.0, -2.0, 100.0], [-2.0, 0.0, 100.0], [0.0, 0.0, 1.0]], "bev": "bev_56993aa37804426bbc0db950448430b2.png", "aux": "aux_56993aa37804426bbc0db950448430b2.npz", "visibility": "visibility_56993aa37804426bbc0db950448430b2.png", "pose": [[-0.8523546457290649, -0.5229642391204834, 0.0, 431.43536376953125], [0.5229642391204834, -0.8523546457290649, 0.0, 1619.9656982421875], [0.0, 0.0, 1.0, 0.0], [0.0, 0.0, 0.0, 1.0]], "pose_inverse": [[-0.8523546457290649, 0.5229642391204834, 0.0, -479.44818115234375], [-0.5229642391204834, -0.8523546457290649, 0.0, 1606.4105224609375], [0.0, 0.0, 1.0, 0.0], [0.0, 0.0, 0.0, 1.0]], "cam_ids": [0, 1, 2, 3, 4, 5], "cam_channels": ["CAM_FRONT_LEFT", "CAM_FRONT", "CAM_FRONT_RIGHT", "CAM_BACK_LEFT", "CAM_BACK", "CAM_BACK_RIGHT"], "token": "56993aa37804426bbc0db950448430b2", "scene": "scene-0248"}, {"images": ["samples/CAM_FRONT_LEFT/n008-2018-08-21-11-53-44-0400__CAM_FRONT_LEFT__1534867307004799.jpg", "samples/CAM_FRONT/n008-2018-08-21-11-53-44-0400__CAM_FRONT__1534867307012404.jpg", "samples/CAM_FRONT_RIGHT/n008-2018-08-21-11-53-44-0400__CAM_FRONT_RIGHT__1534867307020482.jpg", "samples/CAM_BACK_LEFT/n008-2018-08-21-11-53-44-0400__CAM_BACK_LEFT__1534867307047405.jpg", "samples/CAM_BACK/n008-2018-08-21-11-53-44-0400__CAM_BACK__1534867307037558.jpg", "samples/CAM_BACK_RIGHT/n008-2018-08-21-11-53-44-0400__CAM_BACK_RIGHT__1534867307028113.jpg"], "intrinsics": [[[1257.8625342125129, 0.0, 827.2410631095686], [0.0, 1257.8625342125129, 450.915498205774], [0.0, 0.0, 1.0]], [[1252.8131021185304, 0.0, 826.588114781398], [0.0, 1252.8131021185304, 469.9846626224581], [0.0, 0.0, 1.0]], [[1256.7485116440405, 0.0, 817.7887570959712], [0.0, 1256.7485116440403, 451.9541780095127], [0.0, 0.0, 1.0]], [[1254.9860565800168, 0.0, 829.5769333630991], [0.0, 1254.9860565800168, 467.1680561863987], [0.0, 0.0, 1.0]], [[796.8910634503094, 0.0, 857.7774326863696], [0.0, 796.8910634503094, 476.8848988407415], [0.0, 0.0, 1.0]], [[1249.9629280788233, 0.0, 825.3768045375984], [0.0, 1249.9629280788233, 462.54816385708756], [0.0, 0.0, 1.0]]], "extrinsics": [[[0.8223554491996765, -0.5684947371482849, -0.023349493741989136, -1.0050048828125], [-0.010681222192943096, 0.025605760514736176, -0.9996150135993958, 1.4882926940917969], [0.5688738226890564, 0.8222882747650146, 0.014984816312789917, -1.33349609375], [0.0, 0.0, 0.0, 1.0]], [[0.010049975477159023, -0.999716579914093, -0.02157953381538391, 0.005615234375], [-0.008716846816241741, 0.02149221859872341, -0.9997310638427734, 1.4801559448242188], [0.9999114871025085, 0.010235420428216457, -0.008498379029333591, -1.734710693359375], [0.0, 0.0, 0.0, 1.0]], [[-0.8441262245178223, -0.5361076593399048, -0.006286011077463627, 1.090667724609375], [-0.0006844407762400806, 0.012801995500922203, -0.99991774559021, 1.4930686950683594], [0.5361440777778625, -0.8440526127815247, -0.011173432692885399, -1.27734375], [0.0, 0.0, 0.0, 1.0]], [[0.9476955533027649, 0.31878387928009033, -0.015813518315553665, -1.1439056396484375], [-0.026081804186105728, 0.02796771377325058, -0.9992684721946716, 1.562042236328125], [-0.318108469247818, 0.947414755821228, 0.0348193384706974, -0.1563720703125], [0.0, 0.0, 0.0, 1.0]], [[0.009403719566762447, 0.999751091003418, 0.02023196779191494, -0.02880859375], [-0.023959631100296974, 0.02045232430100441, -0.9995036721229553, 1.5680656433105469], [-0.9996686577796936, 0.008914200589060783, 0.02414599619805813, 0.044403076171875], [0.0, 0.0, 0.0, 1.0]], [[-0.9236351847648621, 0.38287898898124695, 0.017369193956255913, 1.1605224609375], [-0.019742164760828018, -0.002269105054438114, -0.9998025298118591, 1.5478096008300781], [-0.3827640414237976, -0.9237957000732422, 0.009654686786234379, -0.043701171875], [0.0, 0.0, 0.0, 1.0]]], "view": [[0.0, -2.0, 100.0], [-2.0, 0.0, 100.0], [0.0, 0.0, 1.0]], "bev": "bev_03d3756a7cc041f98da355e27f7622cd.png", "aux": "aux_03d3756a7cc041f98da355e27f7622cd.npz", "visibility": "visibility_03d3756a7cc041f98da355e27f7622cd.png", "pose": [[-0.8523648977279663, -0.5229474902153015, 0.0, 431.4362487792969], [0.5229474902153015, -0.8523648977279663, 0.0, 1619.9671630859375], [0.0, 0.0, 1.0, 0.0], [0.0, 0.0, 0.0, 1.0]], "pose_inverse": [[-0.8523648977279663, 0.5229474902153015, 0.0, -479.4166259765625], [-0.5229474902153015, -0.8523648977279663, 0.0, 1606.421630859375], [0.0, 0.0, 1.0, 0.0], [0.0, 0.0, 0.0, 1.0]], "cam_ids": [0, 1, 2, 3, 4, 5], "cam_channels": ["CAM_FRONT_LEFT", "CAM_FRONT", "CAM_FRONT_RIGHT", "CAM_BACK_LEFT", "CAM_BACK", "CAM_BACK_RIGHT"], "token": "03d3756a7cc041f98da355e27f7622cd", "scene": "scene-0248"}, {"images": ["samples/CAM_FRONT_LEFT/n008-2018-08-21-11-53-44-0400__CAM_FRONT_LEFT__1534867307404799.jpg", "samples/CAM_FRONT/n008-2018-08-21-11-53-44-0400__CAM_FRONT__1534867307412404.jpg", "samples/CAM_FRONT_RIGHT/n008-2018-08-21-11-53-44-0400__CAM_FRONT_RIGHT__1534867307420482.jpg", "samples/CAM_BACK_LEFT/n008-2018-08-21-11-53-44-0400__CAM_BACK_LEFT__1534867307447405.jpg", "samples/CAM_BACK/n008-2018-08-21-11-53-44-0400__CAM_BACK__1534867307437558.jpg", "samples/CAM_BACK_RIGHT/n008-2018-08-21-11-53-44-0400__CAM_BACK_RIGHT__1534867307428113.jpg"], "intrinsics": [[[1257.8625342125129, 0.0, 827.2410631095686], [0.0, 1257.8625342125129, 450.915498205774], [0.0, 0.0, 1.0]], [[1252.8131021185304, 0.0, 826.588114781398], [0.0, 1252.8131021185304, 469.9846626224581], [0.0, 0.0, 1.0]], [[1256.7485116440405, 0.0, 817.7887570959712], [0.0, 1256.7485116440403, 451.9541780095127], [0.0, 0.0, 1.0]], [[1254.9860565800168, 0.0, 829.5769333630991], [0.0, 1254.9860565800168, 467.1680561863987], [0.0, 0.0, 1.0]], [[796.8910634503094, 0.0, 857.7774326863696], [0.0, 796.8910634503094, 476.8848988407415], [0.0, 0.0, 1.0]], [[1249.9629280788233, 0.0, 825.3768045375984], [0.0, 1249.9629280788233, 462.54816385708756], [0.0, 0.0, 1.0]]], "extrinsics": [[[0.822350800037384, -0.5684987306594849, -0.02342129871249199, -1.0050048828125], [-0.01069831382483244, 0.025707099586725235, -0.9996122717857361, 1.4882888793945312], [0.5688803791999817, 0.8222823739051819, 0.015058272518217564, -1.3333740234375], [0.0, 0.0, 0.0, 1.0]], [[0.010043768212199211, -0.999714732170105, -0.021672312170267105, 0.0054931640625], [-0.008738680742681026, 0.021584825590252876, -0.9997288584709167, 1.4801597595214844], [0.999911367893219, 0.010230433195829391, -0.00851939432322979, -1.73468017578125], [0.0, 0.0, 0.0, 1.0]], [[-0.8441272377967834, -0.5361058115959167, -0.006307957693934441, 1.090576171875], [-0.0007113433093763888, 0.0128853227943182, -0.9999167323112488, 1.493072509765625], [0.5361424088478088, -0.8440524339675903, -0.011258206330239773, -1.277587890625], [0.0, 0.0, 0.0, 1.0]], [[0.9476957321166992, 0.31878453493118286, -0.01578616164624691, -1.1439476013183594], [-0.026080021634697914, 0.028048239648342133, -0.9992662668228149, 1.562042236328125], [-0.31810787320137024, 0.9474121332168579, 0.03489510342478752, -0.1561279296875], [0.0, 0.0, 0.0, 1.0]], [[0.009402378462255001, 0.9997497797012329, 0.020297115668654442, -0.0286865234375], [-0.023961996659636497, 0.020517447963356972, -0.9995023012161255, 1.5680618286132812], [-0.9996687173843384, 0.00891132466495037, 0.024148913100361824, 0.04437255859375], [0.0, 0.0, 0.0, 1.0]], [[-0.9236354827880859, 0.3828755021095276, 0.01742890290915966, 1.16064453125], [-0.019772524014115334, -0.0021864785812795162, -0.9998021125793457, 1.5478129386901855], [-0.3827616274356842, -0.9237974286079407, 0.009589923545718193, -0.043701171875], [0.0, 0.0, 0.0, 1.0]]], "view": [[0.0, -2.0, 100.0], [-2.0, 0.0, 100.0], [0.0, 0.0, 1.0]], "bev": "bev_d65cfe6be86e4082ad479f32e4d3de99.png", "aux": "aux_d65cfe6be86e4082ad479f32e4d3de99.npz", "visibility": "visibility_d65cfe6be86e4082ad479f32e4d3de99.png", "pose": [[-0.8523992300033569, -0.5228915810585022, 0.0, 431.43682861328125], [0.5228915810585022, -0.8523992300033569, 0.0, 1619.9681396484375], [0.0, 0.0, 1.0, 0.0], [0.0, 0.0, 0.0, 1.0]], "pose_inverse": [[-0.8523992300033569, 0.5228915810585022, 0.0, -479.3112487792969], [-0.5228915810585022, -0.8523992300033569, 0.0, 1606.4542236328125], [0.0, 0.0, 1.0, 0.0], [0.0, 0.0, 0.0, 1.0]], "cam_ids": [0, 1, 2, 3, 4, 5], "cam_channels": ["CAM_FRONT_LEFT", "CAM_FRONT", "CAM_FRONT_RIGHT", "CAM_BACK_LEFT", "CAM_BACK", "CAM_BACK_RIGHT"], "token": "d65cfe6be86e4082ad479f32e4d3de99", "scene": "scene-0248"}, {"images": ["samples/CAM_FRONT_LEFT/n008-2018-08-21-11-53-44-0400__CAM_FRONT_LEFT__1534867307904799.jpg", "samples/CAM_FRONT/n008-2018-08-21-11-53-44-0400__CAM_FRONT__1534867307912406.jpg", "samples/CAM_FRONT_RIGHT/n008-2018-08-21-11-53-44-0400__CAM_FRONT_RIGHT__1534867307920482.jpg", "samples/CAM_BACK_LEFT/n008-2018-08-21-11-53-44-0400__CAM_BACK_LEFT__1534867307947405.jpg", "samples/CAM_BACK/n008-2018-08-21-11-53-44-0400__CAM_BACK__1534867307937569.jpg", "samples/CAM_BACK_RIGHT/n008-2018-08-21-11-53-44-0400__CAM_BACK_RIGHT__1534867307928113.jpg"], "intrinsics": [[[1257.8625342125129, 0.0, 827.2410631095686], [0.0, 1257.8625342125129, 450.915498205774], [0.0, 0.0, 1.0]], [[1252.8131021185304, 0.0, 826.588114781398], [0.0, 1252.8131021185304, 469.9846626224581], [0.0, 0.0, 1.0]], [[1256.7485116440405, 0.0, 817.7887570959712], [0.0, 1256.7485116440403, 451.9541780095127], [0.0, 0.0, 1.0]], [[1254.9860565800168, 0.0, 829.5769333630991], [0.0, 1254.9860565800168, 467.1680561863987], [0.0, 0.0, 1.0]], [[796.8910634503094, 0.0, 857.7774326863696], [0.0, 796.8910634503094, 476.8848988407415], [0.0, 0.0, 1.0]], [[1249.9629280788233, 0.0, 825.3768045375984], [0.0, 1249.9629280788233, 462.54816385708756], [0.0, 0.0, 1.0]]], "extrinsics": [[[0.8223533630371094, -0.5684969425201416, -0.02336929924786091, -1.0050048828125], [-0.010750021785497665, 0.025541048496961594, -0.9996159672737122, 1.4882888793945312], [0.5688755512237549, 0.8222888112068176, 0.01489241048693657, -1.33349609375], [0.0, 0.0, 0.0, 1.0]], [[0.010044681839644909, -0.9997180700302124, -0.021512974053621292, 0.00537109375], [-0.00879583042114973, 0.02142489328980446, -0.9997317790985107, 1.4801597595214844], [0.999910831451416, 0.01023116335272789, -0.008578145876526833, -1.734619140625], [0.0, 0.0, 0.0, 1.0]], [[-0.8441271185874939, -0.5361075401306152, -0.006172461435198784, 1.0906982421875], [-0.0007743811584077775, 0.012731839902698994, -0.9999186396598816, 1.493072509765625], [0.5361425876617432, -0.8440536856651306, -0.01116244401782751, -1.27734375], [0.0, 0.0, 0.0, 1.0]], [[0.9476941823959351, 0.3187842071056366, -0.015888255089521408, -1.1439552307128906], [-0.02613868936896324, 0.027902400121092796, -0.9992688298225403, 1.5620384216308594], [-0.3181077837944031, 0.9474164843559265, 0.034775540232658386, -0.1561279296875], [0.0, 0.0, 0.0, 1.0]], [[0.009403056465089321, 0.9997525215148926, 0.02015903778374195, -0.0289306640625], [-0.024026738479733467, 0.02037999778985977, -0.999503493309021, 