[{"images": ["samples/CAM_FRONT_LEFT/n008-2018-08-30-15-52-26-0400__CAM_FRONT_LEFT__1535659004004799.jpg", "samples/CAM_FRONT/n008-2018-08-30-15-52-26-0400__CAM_FRONT__1535659004012404.jpg", "samples/CAM_FRONT_RIGHT/n008-2018-08-30-15-52-26-0400__CAM_FRONT_RIGHT__1535659004020482.jpg", "samples/CAM_BACK_LEFT/n008-2018-08-30-15-52-26-0400__CAM_BACK_LEFT__1535659004047405.jpg", "samples/CAM_BACK/n008-2018-08-30-15-52-26-0400__CAM_BACK__1535659004037558.jpg", "samples/CAM_BACK_RIGHT/n008-2018-08-30-15-52-26-0400__CAM_BACK_RIGHT__1535659004028113.jpg"], "intrinsics": [[[1257.8625342125129, 0.0, 827.2410631095686], [0.0, 1257.8625342125129, 450.915498205774], [0.0, 0.0, 1.0]], [[1252.8131021185304, 0.0, 826.588114781398], [0.0, 1252.8131021185304, 469.9846626224581], [0.0, 0.0, 1.0]], [[1256.7485116440405, 0.0, 817.7887570959712], [0.0, 1256.7485116440403, 451.9541780095127], [0.0, 0.0, 1.0]], [[1254.9860565800168, 0.0, 829.5769333630991], [0.0, 1254.9860565800168, 467.1680561863987], [0.0, 0.0, 1.0]], [[796.8910634503094, 0.0, 857.7774326863696], [0.0, 796.8910634503094, 476.8848988407415], [0.0, 0.0, 1.0]], [[1249.9629280788233, 0.0, 825.3768045375984], [0.0, 1249.9629280788233, 462.54816385708756], [0.0, 0.0, 1.0]]], "extrinsics": [[[0.8238525390625, -0.5667966604232788, 0.002939400263130665, -0.7777099609375], [0.005708188284188509, 0.003111111931502819, -0.9999788403511047, 1.489861011505127], [0.5667756199836731, 0.8238518834114075, 0.005798478610813618, -1.17840576171875], [0.0, 0.0, 0.0, 1.0]], [[0.011975456029176712, -0.9999276399612427, 0.0011314862640574574, 0.00933837890625], [0.0076644811779260635, -0.0010397424921393394, -0.9999701380729675, 1.4819159507751465], [0.9998988509178162, 0.011983726173639297, 0.007651475258171558, -1.506561279296875], [0.0, 0.0, 0.0, 1.0]], [[-0.8433440327644348, -0.5373147130012512, -0.007986207492649555, 0.9403076171875], [0.015688307583332062, -0.009762988425791264, -0.9998292922973633, 1.4958951473236084], [0.5371450185775757, -0.8433252573013306, 0.016663115471601486, -1.180328369140625], [0.0, 0.0, 0.0, 1.0]], [[0.9480960369110107, 0.3178974986076355, -0.007424188312143087, -1.12884521484375], [-0.00961372721940279, 0.005319313611835241, -0.9999396204948425, 1.5618846416473389], [-0.3178388476371765, 0.9481102228164673, 0.008099399507045746, -0.161865234375], [0.0, 0.0, 0.0, 1.0]], [[0.009180283173918724, 0.9999552965164185, -0.002266915747895837, -0.029052734375], [-0.007545964792370796, -0.0021976688876748085, -0.9999690651893616, 1.5674920082092285], [-0.9999293684959412, 0.009197119623422623, 0.007525451947003603, -0.0313720703125], [0.0, 0.0, 0.0, 1.0]], [[-0.9240115880966187, 0.38231024146080017, -0.006431235000491142, 1.0373992919921875], [-0.0033351422753185034, -0.02487749606370926, -0.9996849298477173, 1.5473976135253906], [-0.38234978914260864, -0.923699140548706, 0.02426215447485447, -0.0933837890625], [0.0, 0.0, 0.0, 1.0]]], "view": [[0.0, -2.0, 100.0], [-2.0, 0.0, 100.0], [0.0, 0.0, 1.0]], "bev": "bev_f6b3ebc28e9d46578399f2f77790a7a9.png", "aux": "aux_f6b3ebc28e9d46578399f2f77790a7a9.npz", "visibility": "visibility_f6b3ebc28e9d46578399f2f77790a7a9.png", "pose": [[-0.8068466186523438, -0.5907610058784485, 0.0, 793.7794799804688], [0.5907610058784485, -0.8068466186523438, 0.0, 400.678466796875], [0.0, 0.0, 1.0, 0.0], [0.0, 0.0, 0.0, 1.0]], "pose_inverse": [[-0.8068466186523438, 0.5907610058784485, 0.0, 403.7530517578125], [-0.5907610058784485, -0.8068466186523438, 0.0, 792.2200317382812], [0.0, 0.0, 1.0, 0.0], [0.0, 0.0, 0.0, 1.0]], "cam_ids": [0, 1, 2, 3, 4, 5], "cam_channels": ["CAM_FRONT_LEFT", "CAM_FRONT", "CAM_FRONT_RIGHT", "CAM_BACK_LEFT", "CAM_BACK", "CAM_BACK_RIGHT"], "token": "f6b3ebc28e9d46578399f2f77790a7a9", "scene": "scene-0532"}, {"images": ["samples/CAM_FRONT_LEFT/n008-2018-08-30-15-52-26-0400__CAM_FRONT_LEFT__1535659004504799.jpg", "samples/CAM_FRONT/n008-2018-08-30-15-52-26-0400__CAM_FRONT__1535659004512404.jpg", "samples/CAM_FRONT_RIGHT/n008-2018-08-30-15-52-26-0400__CAM_FRONT_RIGHT__1535659004520482.jpg", "samples/CAM_BACK_LEFT/n008-2018-08-30-15-52-26-0400__CAM_BACK_LEFT__1535659004547405.jpg", "samples/CAM_BACK/n008-2018-08-30-15-52-26-0400__CAM_BACK__1535659004537558.jpg", "samples/CAM_BACK_RIGHT/n008-2018-08-30-15-52-26-0400__CAM_BACK_RIGHT__1535659004528113.jpg"], "intrinsics": [[[1257.8625342125129, 0.0, 827.2410631095686], [0.0, 1257.8625342125129, 450.915498205774], [0.0, 0.0, 1.0]], [[1252.8131021185304, 0.0, 826.588114781398], [0.0, 1252.8131021185304, 469.9846626224581], [0.0, 0.0, 1.0]], [[1256.7485116440405, 0.0, 817.7887570959712], [0.0, 1256.7485116440403, 451.9541780095127], [0.0, 0.0, 1.0]], [[1254.9860565800168, 0.0, 829.5769333630991], [0.0, 1254.9860565800168, 467.1680561863987], [0.0, 0.0, 1.0]], [[796.8910634503094, 0.0, 857.7774326863696], [0.0, 796.8910634503094, 476.8848988407415], [0.0, 0.0, 1.0]], [[1249.9629280788233, 0.0, 825.3768045375984], [0.0, 1249.9629280788233, 462.54816385708756], [0.0, 0.0, 1.0]]], "extrinsics": [[[0.8245378136634827, -0.5657868981361389, 0.004755974281579256, -0.796722412109375], [0.0089736208319664, 0.004672002978622913, -0.9999487996101379, 1.490544319152832], [0.5657357573509216, 0.8245382905006409, 0.008929398842155933, -1.1923828125], [0.0, 0.0, 0.0, 1.0]], [[0.013259775936603546, -0.999911904335022, -0.0004899391788057983, 0.009765625], [0.010898220352828503, 0.0006344731664285064, -0.9999404549598694, 1.4824485778808594], [0.9998526573181152, 0.013253595679998398, 0.010905674658715725, -1.525115966796875], [0.0, 0.0, 0.0, 1.0]], [[-0.8426574468612671, -0.5383242964744568, -0.01163657009601593, 0.9522705078125], [0.018893180415034294, -0.007962402887642384, -0.9997897744178772, 1.4962037801742554], [0.5381185412406921, -0.842700183391571, 0.01688023842871189, -1.187408447265625], [0.0, 0.0, 0.0, 1.0]], [[0.947808563709259, 0.3188154399394989, -0.003955804742872715, -1.12725830078125], [-0.0066191391088068485, 0.007270859554409981, -0.9999516606330872, 1.5619258880615234], [-0.3187713325023651, 0.9477888941764832, 0.00900166667997837, -0.16180419921875], [0.0, 0.0, 0.0, 1.0]], [[0.00812724232673645, 0.9999669790267944, -0.0002959071716759354, -0.029052734375], [-0.004460889846086502, -0.00025965736131183803, -0.9999899864196777, 1.5677415132522583], [-0.9999570846557617, 0.008128453977406025, 0.004458630923181772, -0.0272216796875], [0.0, 0.0, 0.0, 1.0]], [[-0.9244289398193359, 0.38125672936439514, -0.00862027145922184, 1.0462722778320312], [-0.00017048840527422726, -0.023017533123493195, -0.9997350573539734, 1.5478172302246094], [-0.3813541531562805, -0.9241825342178345, 0.02134307660162449, -0.08966064453125], [0.0, 0.0, 0.0, 1.0]]], "view": [[0.0, -2.0, 100.0], [-2.0, 0.0, 100.0], [0.0, 0.0, 1.0]], "bev": "bev_ab913597e44d4eaba17b1e0108111ca6.png", "aux": "aux_ab913597e44d4eaba17b1e0108111ca6.npz", "visibility": "visibility_ab913597e44d4eaba17b1e0108111ca6.png", "pose": [[-0.7832154631614685, -0.6217503547668457, 0.0, 791.4862060546875], [0.6217503547668457, -0.7832154631614685, 0.0, 402.43609619140625], [0.0, 0.0, 1.0, 0.0], [0.0, 0.0, 0.0, 1.0]], "pose_inverse": [[-0.7832154631614685, 0.6217503547668457, 0.0, 369.689453125], [-0.6217503547668457, -0.7832154631614685, 0.0, 807.301025390625], [0.0, 0.0, 1.0, 0.0], [0.0, 0.0, 0.0, 1.0]], "cam_ids": [0, 1, 2, 3, 4, 5], "cam_channels": ["CAM_FRONT_LEFT", "CAM_FRONT", "CAM_FRONT_RIGHT", "CAM_BACK_LEFT", "CAM_BACK", "CAM_BACK_RIGHT"], "token": "ab913597e44d4eaba17b1e0108111ca6", "scene": "scene-0532"}, {"images": ["samples/CAM_FRONT_LEFT/n008-2018-08-30-15-52-26-0400__CAM_FRONT_LEFT__1535659005004799.jpg", "samples/CAM_FRONT/n008-2018-08-30-15-52-26-0400__CAM_FRONT__1535659005012404.jpg", "samples/CAM_FRONT_RIGHT/n008-2018-08-30-15-52-26-0400__CAM_FRONT_RIGHT__1535659005020482.jpg", "samples/CAM_BACK_LEFT/n008-2018-08-30-15-52-26-0400__CAM_BACK_LEFT__1535659005047405.jpg", "samples/CAM_BACK/n008-2018-08-30-15-52-26-0400__CAM_BACK__1535659005037558.jpg", "samples/CAM_BACK_RIGHT/n008-2018-08-30-15-52-26-0400__CAM_BACK_RIGHT__1535659005028113.jpg"], "intrinsics": [[[1257.8625342125129, 0.0, 827.2410631095686], [0.0, 1257.8625342125129, 450.915498205774], [0.0, 0.0, 1.0]], [[1252.8131021185304, 0.0, 826.588114781398], [0.0, 1252.8131021185304, 469.9846626224581], [0.0, 0.0, 1.0]], [[1256.7485116440405, 0.0, 817.7887570959712], [0.0, 1256.7485116440403, 451.9541780095127], [0.0, 0.0, 1.0]], [[1254.9860565800168, 0.0, 829.5769333630991], [0.0, 1254.9860565800168, 467.1680561863987], [0.0, 0.0, 1.0]], [[796.8910634503094, 0.0, 857.7774326863696], [0.0, 796.8910634503094, 476.8848988407415], [0.0, 0.0, 1.0]], [[1249.9629280788233, 0.0, 825.3768045375984], [0.0, 1249.9629280788233, 462.54816385708756], [0.0, 0.0, 1.0]]], "extrinsics": [[[0.8238793611526489, -0.5667634606361389, 0.0014194411924108863, -0.8182220458984375], [0.006518627051264048, 0.006971490103751421, -0.9999544024467468, 1.4897780418395996], [0.5667276978492737, 0.8238510489463806, 0.009438185021281242, -1.2042236328125], [0.0, 0.0, 0.0, 1.0]], [[0.012179028242826462, -0.9999218583106995, -0.002829703502357006, 0.0074462890625], [0.008530450984835625, 0.0029337103478610516, -0.9999593496322632, 1.4817829132080078], [0.9998894333839417, 0.01215446274727583, 0.008565514348447323, -1.545135498046875], [0.0, 0.0, 0.0, 1.0]], [[-0.8431686162948608, -0.5375373363494873, -0.010964594781398773, 0.96478271484375], [0.0166154894977808, -0.0056679872795939445, -0.9998458623886108, 1.4955507516860962], [0.5373923182487488, -0.8432208895683289, 0.013710515573620796, -1.197418212890625], [0.0, 0.0, 0.0, 1.0]], [[0.9478700757026672, 0.31861355900764465, -0.005271655507385731, -1.1297607421875], [-0.008797986432909966, 0.009629659354686737, -0.9999149441719055, 1.56190824508667], [-0.3185357451438904, 0.9478357434272766, 0.011930824257433414, -0.16119384765625], [0.0, 0.0, 0.0, 1.0]], [[0.008622054010629654, 0.9999607801437378, 0.0020177620463073254, -0.028564453125], [-0.006647861562669277, 0.0020751128904521465, -0.9999757409095764, 1.5676352977752686], [-0.9999406933784485, 0.008608394302427769, 0.006665492430329323, -0.019775390625], [0.0, 0.0, 0.0, 1.0]], [[-0.9241634607315063, 0.381955623626709, -0.005633988883346319, 1.0579233169555664], [-0.002456578193232417, -0.020691003650426865, -0.9997828602790833, 1.5475387573242188], [-0.3819892108440399, -0.9239490032196045, 0.02006017416715622, -0.08612060546875], [0.0, 0.0, 0.0, 1.0]]], "view": [[0.0, -2.0, 100.0], [-2.0, 0.0, 100.0], [0.0, 0.0, 1.0]], "bev": "bev_4659655c9cf64cc5991180305aff5dc6.png", "aux": "aux_4659655c9cf64cc5991180305aff5dc6.npz", "visibility": "visibility_4659655c9cf64cc5991180305aff5dc6.png", "pose": [[-0.7606558799743652, -0.64915531873703, 0.0, 789.4618530273438], [0.64915531873703, -0.7606558799743652, 0.0, 404.11279296875], [0.0, 0.0, 1.0, 0.0], [0.0, 0.0, 0.0, 1.0]], "pose_inverse": [[-0.7606558799743652, 0.64915531873703, 0.0, 338.17681884765625], [-0.64915531873703, -0.7606558799743652, 0.0, 819.8741455078125], [0.0, 0.0, 1.0, 0.0], [0.0, 0.0, 0.0, 1.0]], "cam_ids": [0, 1, 2, 3, 4, 5], "cam_channels": ["CAM_FRONT_LEFT", "CAM_FRONT", "CAM_FRONT_RIGHT", "CAM_BACK_LEFT", "CAM_BACK", "CAM_BACK_RIGHT"], "token": "4659655c9cf64cc5991180305aff5dc6", "scene": "scene-0532"}, {"images": ["samples/CAM_FRONT_LEFT/n008-2018-08-30-15-52-26-0400__CAM_FRONT_LEFT__1535659005504799.jpg", "samples/CAM_FRONT/n008-2018-08-30-15-52-26-0400__CAM_FRONT__1535659005512404.jpg", "samples/CAM_FRONT_RIGHT/n008-2018-08-30-15-52-26-0400__CAM_FRONT_RIGHT__1535659005520482.jpg", "samples/CAM_BACK_LEFT/n008-2018-08-30-15-52-26-0400__CAM_BACK_LEFT__1535659005547405.jpg", "samples/CAM_BACK/n008-2018-08-30-15-52-26-0400__CAM_BACK__1535659005537558.jpg", "samples/CAM_BACK_RIGHT/n008-2018-08-30-15-52-26-0400__CAM_BACK_RIGHT__1535659005528113.jpg"], "intrinsics": [[[1257.8625342125129, 0.0, 827.2410631095686], [0.0, 1257.8625342125129, 450.915498205774], [0.0, 0.0, 1.0]], [[1252.8131021185304, 0.0, 826.588114781398], [0.0, 1252.8131021185304, 469.9846626224581], [0.0, 0.0, 1.0]], [[1256.7485116440405, 0.0, 817.7887570959712], [0.0, 1256.7485116440403, 451.9541780095127], [0.0, 0.0, 1.0]], [[1254.9860565800168, 0.0, 829.5769333630991], [0.0, 1254.9860565800168, 467.1680561863987], [0.0, 0.0, 1.0]], [[796.8910634503094, 0.0, 857.7774326863696], [0.0, 796.8910634503094, 476.8848988407415], [0.0, 0.0, 1.0]], [[1249.9629280788233, 0.0, 825.3768045375984], [0.0, 1249.9629280788233, 462.54816385708756], [0.0, 0.0, 1.0]]], "extrinsics": [[[0.8231956362724304, -0.5677579641342163, -3.407939584576525e-05, -0.8173675537109375], [0.0025562362279742956, 0.003766327863559127, -0.9999896287918091, 1.488875389099121], [0.5677521824836731, 0.823186993598938, 0.004551746882498264, -1.20428466796875], [0.0, 0.0, 0.0, 1.0]], [[0.01118337083607912, -0.9999374151229858, 0.0004089882713742554, 0.0078125], [0.004500565584748983, -0.0003586749662645161, -0.9999898672103882, 1.4810184240341187], [0.9999273419380188, 0.011185113340616226, 0.004496272187680006, -1.544921875], [0.0, 0.0, 0.0, 1.0]], [[-0.8436221480369568, -0.5369071364402771, -0.00569431995972991, 0.9652099609375], [0.012512953951954842, -0.009056621231138706, -0.9998806715011597, 1.4949367046356201], [0.5367915630340576, -0.8435928225517273, 0.014358661137521267, -1.1973876953125], [0.0, 0.0, 0.0, 1.0]], [[0.9478451013565063, 0.31856805086135864, -0.010197659954428673, -1.13232421875], [-0.012810362502932549, 0.006107344292104244, -0.9998993277549744, 1.5618870258331299], [-0.3184737265110016, 0.9478802680969238, 0.009869789704680443, -0.15997314453125], [0.0, 0.0, 0.0, 1.0]], [[0.008933384902775288, 0.9999589920043945, -0.0015140663599595428, -0.0284423828125], [-0.010745750740170479, -0.0014180390862748027, -0.9999412298202515, 1.5673942565917969], [-0.9999023675918579, 0.008949177339673042, 0.010732642374932766, -0.0179443359375], [0.0, 0.0, 0.0, 1.0]], [[-0.9239590167999268, 0.38247817754745483, -0.00318566570058465, 1.0588016510009766], [-0.006542527582496405, -0.024131305515766144, -0.9996873736381531, 1.5470962524414062], [-0.38243550062179565, -0.9236493706703186, 0.024798711761832237, -0.0855712890625], [0.0, 0.0, 0.0, 1.0]]], "view": [[0.0, -2.0, 100.0], [-2.0, 0.0, 100.0], [0.0, 0.0, 1.0]], "bev": "bev_b2d8dcfb445040b386fe3bc6a2e6e241.png", "aux": "aux_b2d8dcfb445040b386fe3bc6a2e6e241.npz", "visibility": "visibility_b2d8dcfb445040b386fe3bc6a2e6e241.png", "pose": [[-0.7452121376991272, -0.6668274998664856, 0.0, 787.5524291992188], [0.6668274998664856, -0.7452121376991272, 0.0, 405.79278564453125], [0.0, 0.0, 1.0, 0.0], [0.0, 0.0, 0.0, 1.0]], "pose_inverse": [[-0.7452121376991272, 0.6668274998664856, 0.0, 316.2998352050781], [-0.6668274998664856, -0.7452121376991272, 0.0, 827.5632934570312], [0.0, 0.0, 1.0, 0.0], [0.0, 0.0, 0.0, 1.0]], "cam_ids": [0, 1, 2, 3, 4, 5], "cam_channels": ["CAM_FRONT_LEFT", "CAM_FRONT", "CAM_FRONT_RIGHT", "CAM_BACK_LEFT", "CAM_BACK", "CAM_BACK_RIGHT"], "token": "b2d8dcfb445040b386fe3bc6a2e6e241", "scene": "scene-0532"}, {"images": ["samples/CAM_FRONT_LEFT/n008-2018-08-30-15-52-26-0400__CAM_FRONT_LEFT__1535659006004799.jpg", "samples/CAM_FRONT/n008-2018-08-30-15-52-26-0400__CAM_FRONT__1535659006012404.jpg", "samples/CAM_FRONT_RIGHT/n008-2018-08-30-15-52-26-0400__CAM_FRONT_RIGHT__1535659006020482.jpg", "samples/CAM_BACK_LEFT/n008-2018-08-30-15-52-26-0400__CAM_BACK_LEFT__1535659006047405.jpg", "samples/CAM_BACK/n008-2018-08-30-15-52-26-0400__CAM_BACK__1535659006037558.jpg", "samples/CAM_BACK_RIGHT/n008-2018-08-30-15-52-26-0400__CAM_BACK_RIGHT__1535659006028113.jpg"], "intrinsics": [[[1257.8625342125129, 0.0, 827.2410631095686], [0.0, 1257.8625342125129, 450.915498205774], [0.0, 0.0, 1.0]], [[1252.8131021185304, 0.0, 826.588114781398], [0.0, 1252.8131021185304, 469.9846626224581], [0.0, 0.0, 1.0]], [[1256.7485116440405, 0.0, 817.7887570959712], [0.0, 1256.7485116440403, 451.9541780095127], [0.0, 0.0, 1.0]], [[1254.9860565800168, 0.0, 829.5769333630991], [0.0, 1254.9860565800168, 467.1680561863987], [0.0, 0.0, 1.0]], [[796.8910634503094, 0.0, 857.7774326863696], [0.0, 796.8910634503094, 476.8848988407415], [0.0, 0.0, 1.0]], [[1249.9629280788233, 0.0, 825.3768045375984], [0.0, 1249.9629280788233, 462.54816385708756], [0.0, 0.0, 1.0]]], "extrinsics": [[[0.8229491710662842, -0.5680685639381409, 0.007263388950377703, -0.8351593017578125], [0.007718025706708431, -0.001604772638529539, -0.999968945980072, 1.489883303642273], [0.5680626034736633, 0.8229796886444092, 0.003063720650970936, -1.2176513671875], [0.0, 0.0, 0.0, 1.0]], [[0.010887719690799713, -0.9999237060546875, 0.005843756254762411, 0.0084228515625], [0.009850717149674892, -0.005736563354730606, -0.9999350309371948, 1.4818506240844727], [0.9998921751976013, 0.010944449342787266, 0.009787507355213165, -1.564300537109375], [0.0, 0.0, 0.0, 1.0]], [[-0.8437098860740662, -0.5367473363876343, -0.007488826755434275, 0.9788818359375], [0.01806180737912655, -0.014442739076912403, -0.9997325539588928, 1.4954872131347656], [0.536495566368103, -0.8436194658279419, 0.02188010700047016, -1.2054443359375], [0.0, 0.0, 0.0, 1.0]], [[0.9479171633720398, 0.31845489144325256, -0.006289191544055939, -1.1361083984375], [-0.006853202357888222, 0.0006507223006337881, -0.9999762773513794, 1.5619874000549316], [-0.31844326853752136, 0.9479378461837769, 0.0027992657851427794, -0.15869140625], [0.0, 0.0, 0.0, 1.0]], [[0.009087455458939075, 0.9999350309371948, -0.0068915230222046375, -0.02874755859375], [-0.004901826847344637, -0.0068471780978143215, -0.9999645352363586, 1.5677995681762695], [-0.9999467730522156, 0.009120906703174114, 0.004839285276830196, -0.009429931640625], [0.0, 0.0, 0.0, 1.0]], [[-0.9238489270210266, 0.3826135993003845, -0.010490522719919682, 1.0703506469726562], [-0.0008777118055149913, -0.029525399208068848, -0.9995636343955994, 1.5477447509765625], [-0.3827563226222992, -0.9234365224838257, 0.027612831443548203, -0.08050537109375], [0.0, 0.0, 0.0, 1.0]]], "view": [[0.0, -2.0, 100.0], [-2.0, 0.0, 100.0], [0.0, 0.0, 1.0]], "bev": "bev_d6f5ba4cbefc45f4b5a26f1d53ea36e0.png", "aux": "aux_d6f5ba4cbefc45f4b5a26f1d53ea36e0.npz", "visibility": "visibility_d6f5ba4cbefc45f4b5a26f1d53ea36e0.png", "pose": [[-0.7385424375534058, -0.6742070317268372, 0.0, 785.8116455078125], [0.6742070317268372, -0.7385424375534058, 0.0, 407.3833312988281], [0.0, 0.0, 1.0, 0.0], [0.0, 0.0, 0.0, 1.0]], "pose_inverse": [[-0.7385424375534058, 0.6742070317268372, 0.0, 305.6945495605469], [-0.6742070317268372, -0.7385424375534058, 0.0, 830.6696166992188], [0.0, 0.0, 1.0, 0.0], [0.0, 0.0, 0.0, 1.0]], "cam_ids": [0, 1, 2, 3, 4, 5], "cam_channels": ["CAM_FRONT_LEFT", "CAM_FRONT", "CAM_FRONT_RIGHT", "CAM_BACK_LEFT", "CAM_BACK", "CAM_BACK_RIGHT"], "token": "d6f5ba4cbefc45f4b5a26f1d53ea36e0", "scene": "scene-0532"}, {"images": ["samples/CAM_FRONT_LEFT/n008-2018-08-30-15-52-26-0400__CAM_FRONT_LEFT__1535659006504799.jpg", "samples/CAM_FRONT/n008-2018-08-30-15-52-26-0400__CAM_FRONT__1535659006512404.jpg", "samples/CAM_FRONT_RIGHT/n008-2018-08-30-15-52-26-0400__CAM_FRONT_RIGHT__1535659006520482.jpg", "samples/CAM_BACK_LEFT/n008-2018-08-30-15-52-26-0400__CAM_BACK_LEFT__1535659006547405.jpg", "samples/CAM_BACK/n008-2018-08-30-15-52-26-0400__CAM_BACK__1535659006537784.jpg", "samples/CAM_BACK_RIGHT/n008-2018-08-30-15-52-26-0400__CAM_BACK_RIGHT__1535659006528123.jpg"], "intrinsics": [[[1257.8625342125129, 0.0, 827.2410631095686], [0.0, 1257.8625342125129, 450.915498205774], [0.0, 0.0, 1.0]], [[1252.8131021185304, 0.0, 826.588114781398], [0.0, 1252.8131021185304, 469.9846626224581], [0.0, 0.0, 1.0]], [[1256.7485116440405, 0.0, 817.7887570959712], [0.0, 1256.7485116440403, 451.9541780095127], [0.0, 0.0, 1.0]], [[1254.9860565800168, 0.0, 829.5769333630991], [0.0, 1254.9860565800168, 467.1680561863987], [0.0, 0.0, 1.0]], [[796.8910634503094, 0.0, 857.7774326863696], [0.0, 796.8910634503094, 476.8848988407415], [0.0, 0.0, 1.0]], [[1249.9629280788233, 0.0, 825.3768045375984], [0.0, 1249.9629280788233, 462.54816385708756], [0.0, 0.0, 1.0]]], "extrinsics": [[[0.8226373195648193, -0.568458080291748, 0.011109610088169575, -0.8379058837890625], [0.01166975311934948, -0.0026542709674686193, -0.99992835521698, 1.4906589984893799], [0.568446934223175, 0.822708010673523, 0.004450261127203703, -1.21942138671875], [0.0, 0.0, 0.0, 1.0]], [[0.01040903851389885, -0.9999223351478577, 0.006859760731458664, 0.0081787109375], [0.013636292889714241, -0.00671754963696003, -0.9998844861984253, 1.4824566841125488], [0.9998528957366943, 0.010501276701688766, 0.013565309345722198, -1.56719970703125], [0.0, 0.0, 0.0, 1.0]], [[-0.8438647985458374, -0.5364617109298706, -0.010054316371679306, 0.98089599609375], [0.021669816225767136, -0.015351747162640095, -0.999647319316864, 1.4959158897399902], [0.5361181497573853, -0.8437850475311279, 0.02457982487976551, -1.206787109375], [0.0, 0.0, 0.0, 1.0]], [[0.9478392004966736, 0.31873103976249695, -0.0033852241467684507, -1.13629150390625], [-0.003561354475095868, -3.0152823455864564e-05, -0.999993622303009, 1.562013864517212], [-0.31872910261154175, 0.9478452205657959, 0.001106533221900463, -0.1590576171875], [0.0, 0.0, 0.0, 1.0]], [[0.009118820540606976, 0.9999294877052307, -0.007613651920109987, -0.02880859375], [-0.0015485561452805996, -0.007599836681038141, -0.9999698996543884, 1.5679855346679688], [-0.999957263469696, 0.00913044810295105, 0.0014791443245485425, -0.007537841796875], [0.0, 0.0, 0.0, 1.0]], [[-0.9237107038497925, 0.3828313946723938, -0.014096422120928764, 1.0720672607421875], [0.0026664219330996275, -0.03037073090672493, -0.9995351433753967, 1.548086166381836], [-0.38308149576187134, -0.9233189225196838, 0.02703297883272171, -0.07977294921875], [0.0, 0.0, 0.0, 1.0]]], "view": [[0.0, -2.0, 100.0], [-2.0, 0.0, 100.0], [0.0, 0.0, 1.0]], "bev": "bev_d1ab49dd4c0241b2a34e2d18ec6fb9bf.png", "aux": "aux_d1ab49dd4c0241b2a34e2d18ec6fb9bf.npz", "visibility": "visibility_d1ab49dd4c0241b2a34e2d18ec6fb9bf.png", "pose": [[-0.7369070649147034, -0.6759940981864929, 0.0, 784.1591186523438], [0.6759940981864929, -0.7369070649147034, 0.0, 408.91534423828125], [0.0, 0.0, 1.0, 0.0], [0.0, 0.0, 0.0, 1.0]], "pose_inverse": [[-0.7369070649147034, 0.6759940981864929, 0.0, 301.42803955078125], [-0.6759940981864929, -0.7369070649147034, 0.0, 831.4194946289062], [0.0, 0.0, 1.0, 0.0], [0.0, 0.0, 0.0, 1.0]], "cam_ids": [0, 1, 2, 3, 4, 5], "cam_channels": ["CAM_FRONT_LEFT", "CAM_FRONT", "CAM_FRONT_RIGHT", "CAM_BACK_LEFT", "CAM_BACK", "CAM_BACK_RIGHT"], "token": "d1ab49dd4c0241b2a34e2d18ec6fb9bf", "scene": "scene-0532"}, {"images": ["samples/CAM_FRONT_LEFT/n008-2018-08-30-15-52-26-0400__CAM_FRONT_LEFT__1535659007004799.jpg", "samples/CAM_FRONT/n008-2018-08-30-15-52-26-0400__CAM_FRONT__1535659007012404.jpg", "samples/CAM_FRONT_RIGHT/n008-2018-08-30-15-52-26-0400__CAM_FRONT_RIGHT__1535659007020482.jpg", "samples/CAM_BACK_LEFT/n008-2018-08-30-15-52-26-0400__CAM_BACK_LEFT__1535659007047405.jpg", "samples/CAM_BACK/n008-2018-08-30-15-52-26-0400__CAM_BACK__1535659007037558.jpg", "samples/CAM_BACK_RIGHT/n008-2018-08-30-15-52-26-0400__CAM_BACK_RIGHT__1535659007028113.jpg"], "intrinsics": [[[1257.8625342125129, 0.0, 827.2410631095686], [0.0, 1257.8625342125129, 450.915498205774], [0.0, 0.0, 1.0]], [[1252.8131021185304, 0.0, 826.588114781398], [0.0, 1252.8131021185304, 469.9846626224581], [0.0, 0.0, 1.0]], [[1256.7485116440405, 0.0, 817.7887570959712], [0.0, 1256.7485116440403, 451.9541780095127], [0.0, 0.0, 1.0]], [[1254.9860565800168, 0.0, 829.5769333630991], [0.0, 1254.9860565800168, 467.1680561863987], [0.0, 0.0, 1.0]], [[796.8910634503094, 0.0, 857.7774326863696], [0.0, 796.8910634503094, 476.8848988407415], [0.0, 0.0, 1.0]], [[1249.9629280788233, 0.0, 825.3768045375984], [0.0, 1249.9629280788233, 462.54816385708756], [0.0, 0.0, 1.0]]], "extrinsics": [[[0.8216682076454163, -0.5697616934776306, 0.015266279689967632, -0.8317718505859375], [0.016683105379343033, -0.0027311767917126417, -0.9998571276664734, 1.4918055534362793], [0.5697219371795654, 0.8218054175376892, 0.007261272054165602, -1.2139892578125], [0.0, 0.0, 0.0, 1.0]], [[0.009083346463739872, -0.9999333620071411, 0.0071233524940907955, 0.0074462890625], [0.018659353256225586, -0.006952913012355566, -0.9998016953468323, 1.4834107160568237], [0.9997845888137817, 0.009214460849761963, 0.018594954162836075, -1.56103515625], [0.0, 0.0, 0.0, 1.0]], [[-0.8443334102630615, -0.535632312297821, -0.014109262265264988, 0.97705078125], [0.026700459420681, -0.015760082751512527, -0.9995192289352417, 1.4966745376586914], [0.5351524949073792, -0.8443042039871216, 0.027608396485447884, -1.20513916015625], [0.0, 0.0, 0.0, 1.0]], [[0.9478906989097595, 0.31859418749809265, 0.0009912734385579824, -1.139404296875], [0.0013426258228719234, -0.0008832245948724449, -0.9999986886978149, 1.5620496273040771], [-0.31859290599823, 0.9478908181190491, -0.001264952588826418, -0.15771484375], [0.0, 0.0, 0.0, 1.0]], [[0.009572342969477177, 0.9999197721481323, -0.008289089426398277, -0.028564453125], [0.003438694169744849, -0.00832233764231205, -0.999959409236908, 1.5682425498962402], [-0.9999482035636902, 0.009543468244373798, -0.00351808313280344, -0.007904052734375], [0.0, 0.0, 0.0, 1.0]], [[-0.9233593344688416, 0.38347092270851135, -0.018910126760601997, 1.07025146484375], [0.007631190121173859, -0.03091292269527912, -0.9994929432868958, 1.5485668182373047], [-0.38386109471321106, -0.9230354428291321, 0.02561739832162857, -0.0809326171875], [0.0, 0.0, 0.0, 1.0]]], "view": [[0.0, -2.0, 100.0], [-2.0, 0.0, 100.0], [0.0, 0.0, 1.0]], "bev": "bev_8bc9ae07bb9b401f9aa8d9c8518f0d72.png", "aux": "aux_8bc9ae07bb9b401f9aa8d9c8518f0d72.npz", "visibility": "visibility_8bc9ae07bb9b401f9aa8d9c8518f0d72.png", "pose": [[-0.7433177828788757, -0.6689384579658508, 0.0, 782.4512329101562], [0.6689384579658508, -0.7433177828788757, 0.0, 410.4814453125], [0.0, 0.0, 1.0, 0.0], [0.0, 0.0, 0.0, 1.0]], "pose_inverse": [[-0.7433177828788757, 0.6689384579658508, 0.0, 307.0231018066406], [-0.6689384579658508, -0.7433177828788757, 0.0, 828.5299072265625], [0.0, 0.0, 1.0, 0.0], [0.0, 0.0, 0.0, 1.0]], "cam_ids": [0, 1, 2, 3, 4, 5], "cam_channels": ["CAM_FRONT_LEFT", "CAM_FRONT", "CAM_FRONT_RIGHT", "CAM_BACK_LEFT", "CAM_BACK", "CAM_BACK_RIGHT"], "token": "8bc9ae07bb9b401f9aa8d9c8518f0d72", "scene": "scene-0532"}, {"images": ["samples/CAM_FRONT_LEFT/n008-2018-08-30-15-52-26-0400__CAM_FRONT_LEFT__1535659007504799.jpg", "samples/CAM_FRONT/n008-2018-08-30-15-52-26-0400__CAM_FRONT__1535659007512404.jpg", "samples/CAM_FRONT_RIGHT/n008-2018-08-30-15-52-26-0400__CAM_FRONT_RIGHT__1535659007520482.jpg", "samples/CAM_BACK_LEFT/n008-2018-08-30-15-52-26-0400__CAM_BACK_LEFT__1535659007547405.jpg", "samples/CAM_BACK/n008-2018-08-30-15-52-26-0400__CAM_BACK__1535659007537558.jpg", "samples/CAM_BACK_RIGHT/n008-2018-08-30-15-52-26-0400__CAM_BACK_RIGHT__1535659007528113.jpg"], "intrinsics": [[[1257.8625342125129, 0.0, 827.2410631095686], [0.0, 1257.8625342125129, 450.915498205774], [0.0, 0.0, 1.0]], [[1252.8131021185304, 0.0, 826.588114781398], [0.0, 1252.8131021185304, 469.9846626224581], [0.0, 0.0, 1.0]], [[1256.7485116440405, 0.0, 817.7887570959712], [0.0, 1256.7485116440403, 451.9541780095127], [0.0, 0.0, 1.0]], [[1254.9860565800168, 0.0, 829.5769333630991], [0.0, 1254.9860565800168, 467.1680561863987], [0.0, 0.0, 1.0]], [[796.8910634503094, 0.0, 857.7774326863696], [0.0, 796.8910634503094, 476.8848988407415], [0.0, 0.0, 1.0]], [[1249.9629280788233, 0.0, 825.3768045375984], [0.0, 1249.9629280788233, 462.54816385708756], [0.0, 0.0, 1.0]]], "extrinsics": [[[0.8220005035400391, -0.5693875551223755, 0.01063095685094595, -0.7958526611328125], [0.014353128150105476, 0.0020521015394479036, -0.999894917011261, 1.4919242858886719], [0.5693058371543884, 0.8220666646957397, 0.009859319776296616, -1.19061279296875], [0.0, 0.0, 0.0, 1.0]], [[0.009555790573358536, -0.9999516606330872, 0.002341062296181917, 0.009033203125], [0.016260774806141853, -0.002185469027608633, -0.9998654127120972, 1.4835822582244873], [0.9998221397399902, 0.009592522867023945, 0.01623910292983055, -1.524871826171875], [0.0, 0.0, 0.0, 1.0]], [[-0.8441739082336426, -0.535871684551239, -0.014560310170054436, 0.9541015625], [0.024230292066931725, -0.011009033769369125, -0.9996457695960999, 1.4970238208770752], [0.5355215072631836, -0.8442277312278748, 0.022277867421507835, -1.18939208984375], [0.0, 0.0, 0.0, 1.0]], [[0.9478984475135803, 0.31857264041900635, 0.00012885330943390727, -1.14080810546875], [-0.0011679192539304495, 0.003879556432366371, -0.999991774559021, 1.5620379447937012], [-0.3185705840587616, 0.9478905200958252, 0.00404949439689517, -0.15740966796875], [0.0, 0.0, 0.0, 1.0]], [[0.009423892945051193, 0.9999492168426514, -0.0035690907388925552, -0.02899169921875], [0.0009800716070458293, -0.0035784828942269087, -0.999993085861206, 1.568123459815979], [-0.9999551177024841, 0.009420234709978104, -0.0010137450881302357, -0.017486572265625], [0.0, 0.0, 0.0, 1.0]], [[-0.9235063195228577, 0.38329941034317017, -0.014753825031220913, 1.0515804290771484], [0.005110860802233219, -0.026164060458540916, -0.9996445775032043, 1.5484390258789062], [-0.38354915380477905, -0.9232535362243652, 0.022203685715794563, -0.08807373046875], [0.0, 0.0, 0.0, 1.0]]], "view": [[0.0, -2.0, 100.0], [-2.0, 0.0, 100.0], [0.0, 0.0, 1.0]], "bev": "bev_42cb1c48d51b4e71a9cb3ec8226a39ce.png", "aux": "aux_42cb1c48d51b4e71a9cb3ec8226a39ce.npz", "visibility": "visibility_42cb1c48d51b4e71a9cb3ec8226a39ce.png", "pose": [[-0.7514787316322327, -0.6597573161125183, 0.0, 780.4947509765625], [0.6597573161125183, -0.7514787316322327, 0.0, 412.23895263671875], [0.0, 0.0, 1.0, 0.0], [0.0, 0.0, 0.0, 1.0]], "pose_inverse": [[-0.7514787316322327, 0.6597573161125183, 0.0, 314.5475158691406], [-0.6597573161125183, -0.7514787316322327, 0.0, 824.7259521484375], [0.0, 0.0, 1.0, 0.0], [0.0, 0.0, 0.0, 1.0]], "cam_ids": [0, 1, 2, 3, 4, 5], "cam_channels": ["CAM_FRONT_LEFT", "CAM_FRONT", "CAM_FRONT_RIGHT", "CAM_BACK_LEFT", "CAM_BACK", "CAM_BACK_RIGHT"], "token": "42cb1c48d51b4e71a9cb3ec8226a39ce", "scene": "scene-0532"}, {"images": ["samples/CAM_FRONT_LEFT/n008-2018-08-30-15-52-26-0400__CAM_FRONT_LEFT__1535659008004806.jpg", "samples/CAM_FRONT/n008-2018-08-30-15-52-26-0400__CAM_FRONT__1535659008012404.jpg", "samples/CAM_FRONT_RIGHT/n008-2018-08-30-15-52-26-0400__CAM_FRONT_RIGHT__1535659008020482.jpg", "samples/CAM_BACK_LEFT/n008-2018-08-30-15-52-26-0400__CAM_BACK_LEFT__1535659008048793.jpg", "samples/CAM_BACK/n008-2018-08-30-15-52-26-0400__CAM_BACK__1535659008037795.jpg", "samples/CAM_BACK_RIGHT/n008-2018-08-30-15-52-26-0400__CAM_BACK_RIGHT__1535659008028113.jpg"], "intrinsics": [[[1257.8625342125129, 0.0, 827.2410631095686], [0.0, 1257.8625342125129, 450.915498205774], [0.0, 0.0, 1.0]], [[1252.8131021185304, 0.0, 826.588114781398], [0.0, 1252.8131021185304, 469.9846626224581], [0.0, 0.0, 1.0]], [[1256.7485116440405, 0.0, 817.7887570959712], [0.0, 1256.7485116440403, 451.9541780095127], [0.0, 0.0, 1.0]], [[1254.9860565800168, 0.0, 829.5769333630991], [0.0, 1254.9860565800168, 467.1680561863987], [0.0, 0.0, 1.0]], [[796.8910634503094, 0.0, 857.7774326863696], [0.0, 796.8910634503094, 476.8848988407415], [0.0, 0.0, 1.0]], [[1249.9629280788233, 0.0, 825.3768045375984], [0.0, 1249.9629280788233, 462.54816385708756], [0.0, 0.0, 1.0]]], "extrinsics": [[[0.8216457366943359, -0.5699748396873474, 0.005201129708439112, -0.7826690673828125], [0.012046699412167072, 0.008241669274866581, -0.9998934864997864, 1.4915266036987305], [0.5698713064193726, 0.8216208815574646, 0.013638048432767391, -1.1812744140625], [0.0, 0.0, 0.0, 1.0]], [[0.008949545212090015, -0.9999515414237976, -0.0041125137358903885, 0.00872802734375], [0.013700194656848907, 0.004234907682985067, -0.9998971819877625, 1.4831891059875488], [0.9998660087585449, 0.008892307989299297, 0.013737429864704609, -1.513702392578125], [0.0, 0.0, 0.0, 1.0]], [[-0.8444610834121704, -0.5353854298591614, -0.015747351571917534, 0.94744873046875], [0.021398460492491722, -0.0043455976992845535, -0.9997615814208984, 1.4967188835144043], [0.5351893901824951, -0.8445966839790344, 0.015126112848520279, -1.185546875], [0.0, 0.0, 0.0, 1.0]], [[0.9478465914726257, 0.31872472167015076, -0.001169669209048152, -1.15106201171875], [-0.005064199212938547, 0.01139072049409151, -0.9999223351478577, 1.5620794296264648], [-0.31868669390678406, 0.9477788805961609, 0.012410742230713367, -0.1539306640625], [0.0, 0.0, 0.0, 1.0]], [[0.009531545452773571, 0.9999480843544006, 0.003596436232328415, -0.02874755859375], [-0.0024694467429071665, 0.003620128147304058, -0.9999903440475464, 1.5679078102111816], [-0.9999515414237976, 0.009522619657218456, 0.0025038232561200857, -0.017181396484375], [0.0, 0.0, 0.0, 1.0]], [[-0.9234216213226318, 0.3836745321750641, -0.009290527552366257, 1.047515869140625], [0.0020491061732172966, -0.019278302788734436, -0.9998120665550232, 1.5480766296386719], [-0.3837814927101135, -0.923267126083374, 0.017015812918543816, -0.08984375], [0.0, 0.0, 0.0, 1.0]]], "view": [[0.0, -2.0, 100.0], [-2.0, 0.0, 100.0], [0.0, 0.0, 1.0]], "bev": "bev_f9afe24b8e29498da50a6ea54b22f87a.png", "aux": "aux_f9afe24b8e29498da50a6ea54b22f87a.npz", "visibility": "visibility_f9afe24b8e29498da50a6ea54b22f87a.png", "pose": [[-0.7598559856414795, -0.6500914692878723, 0.0, 778.115478515625], [0.6500914692878723, -0.7598559856414795, 0.0, 414.3240051269531], [0.0, 0.0, 1.0, 0.0], [0.0, 0.0, 0.0, 1.0]], "pose_inverse": [[-0.7598559856414795, 0.6500914692878723, 0.0, 321.90716552734375], [-0.6500914692878723, -0.7598559856414795, 0.0, 820.6727905273438], [0.0, 0.0, 1.0, 0.0], [0.0, 0.0, 0.0, 1.0]], "cam_ids": [0, 1, 2, 3, 4, 5], "cam_channels": ["CAM_FRONT_LEFT", "CAM_FRONT", "CAM_FRONT_RIGHT", "CAM_BACK_LEFT", "CAM_BACK", "CAM_BACK_RIGHT"], "token": "f9afe24b8e29498da50a6ea54b22f87a", "scene": "scene-0532"}, {"images": ["samples/CAM_FRONT_LEFT/n008-2018-08-30-15-52-26-0400__CAM_FRONT_LEFT__1535659008504799.jpg", "samples/CAM_FRONT/n008-2018-08-30-15-52-26-0400__CAM_FRONT__1535659008512404.jpg", "samples/CAM_FRONT_RIGHT/n008-2018-08-30-15-52-26-0400__CAM_FRONT_RIGHT__1535659008520482.jpg", "samples/CAM_BACK_LEFT/n008-2018-08-30-15-52-26-0400__CAM_BACK_LEFT__1535659008547405.jpg", "samples/CAM_BACK/n008-2018-08-30-15-52-26-0400__CAM_BACK__1535659008537558.jpg", "samples/CAM_BACK_RIGHT/n008-2018-08-30-15-52-26-0400__CAM_BACK_RIGHT__1535659008528113.jpg"], "intrinsics": [[[1257.8625342125129, 0.0, 827.2410631095686], [0.0, 1257.8625342125129, 450.915498205774], [0.0, 0.0, 1.0]], [[1252.8131021185304, 0.0, 826.588114781398], [0.0, 1252.8131021185304, 469.9846626224581], [0.0, 0.0, 1.0]], [[1256.7485116440405, 0.0, 817.7887570959712], [0.0, 1256.7485116440403, 451.9541780095127], [0.0, 0.0, 1.0]], [[1254.9860565800168, 0.0, 829.5769333630991], [0.0, 1254.9860565800168, 467.1680561863987], [0.0, 0.0, 1.0]], [[796.8910634503094, 0.0, 857.7774326863696], [0.0, 796.8910634503094, 476.8848988407415], [0.0, 0.0, 1.0]], [[1249.9629280788233, 0.0, 825.3768045375984], [0.0, 1249.9629280788233, 462.54816385708756], [0.0, 0.0, 1.0]]], "extrinsics": [[[0.8222615122795105, -0.5690485835075378, -0.008352811448276043, -0.7843475341796875], [0.0004941204097121954, 0.015390807762742043, -0.9998814463615417, 1.4883956909179688], [0.5691097378730774, 0.8221598267555237, 0.012936446815729141, -1.18304443359375], [0.0, 0.0, 0.0, 1.0]], [[0.009927775710821152, -0.9998857975006104, -0.011386893689632416, 0.00921630859375], [0.0023365779779851437, 0.011410620994865894, -0.9999321699142456, 1.480656623840332], [0.9999479651451111, 0.00990049634128809, 0.002449593273922801, -1.51617431640625], [0.0, 0.0, 0.0, 1.0]], [[-0.8441662192344666, -0.5359849333763123, -0.010178866796195507, 0.95013427734375], [0.010240878909826279, 0.0028606930281966925, -0.9999434351921082, 1.4947810173034668], [0.5359838008880615, -0.8442227244377136, 0.0030740564689040184, -1.1866455078125], [0.0, 0.0, 0.0, 1.0]], [[0.9478316307067871, 0.31865161657333374, -0.008739247918128967, -1.1468505859375], [-0.015409369952976704, 0.01841747760772705, -0.9997116327285767, 1.562087059020996], [-0.3183988034725189, 0.9476929306983948, 0.02236688882112503, -0.15521240234375], [0.0, 0.0, 0.0, 1.0]], [[0.009340011514723301, 0.9998998045921326, 0.010634122416377068, -0.02886962890625], [-0.01315835490822792, 0.010756563395261765, -0.9998555779457092, 1.567276954650879], [-0.9998698830604553, 0.009198775514960289, 0.013257503509521484, -0.0147705078125], [0.0, 0.0, 0.0, 1.0]], [[-0.9236785173416138, 0.3831515610218048, 0.003582722507417202, 1.0504398345947266], [-0.008886544965207577, -0.01207352802157402, -0.9998876452445984, 1.5467662811279297], [-0.3830651640892029, -0.9236065745353699, 0.014556951820850372, -0.0882568359375], [0.0, 0.0, 0.0, 1.0]]], "view": [[0.0, -2.0, 100.0], [-2.0, 0.0, 100.0], [0.0, 0.0, 1.0]], "bev": "bev_78d498cf9dac48fc94f121083158531d.png", "aux": "aux_78d498cf9dac48fc94f121083158531d.npz", "visibility": "visibility_78d498cf9dac48fc94f121083158531d.png", "pose": [[-0.7682361602783203, -0.6401665210723877, 0.0, 775.6817016601562], [0.6401665210723877, -0.7682361602783203, 0.0, 416.4013671875], [0.0, 0.0, 1.0, 0.0], [0.0, 0.0, 0.0, 1.0]], "pose_inverse": [[-0.7682361602783203, 0.6401665210723877, 0.0, 329.34051513671875], [-0.6401665210723877, -0.7682361602783203, 0.0, 816.4600830078125], [0.0, 0.0, 1.0, 0.0], [0.0, 0.0, 0.0, 1.0]], "cam_ids": [0, 1, 2, 3, 4, 5], "cam_channels": ["CAM_FRONT_LEFT", "CAM_FRONT", "CAM_FRONT_RIGHT", "CAM_BACK_LEFT", "CAM_BACK", "CAM_BACK_RIGHT"], "token": "78d498cf9dac48fc94f121083158531d", "scene": "scene-0532"}, {"images": ["samples/CAM_FRONT_LEFT/n008-2018-08-30-15-52-26-0400__CAM_FRONT_LEFT__1535659009004799.jpg", "samples/CAM_FRONT/n008-2018-08-30-15-52-26-0400__CAM_FRONT__1535659009013051.jpg", "samples/CAM_FRONT_RIGHT/n008-2018-08-30-15-52-26-0400__CAM_FRONT_RIGHT__1535659009020482.jpg", "samples/CAM_BACK_LEFT/n008-2018-08-30-15-52-26-0400__CAM_BACK_LEFT__1535659009047405.jpg", "samples/CAM_BACK/n008-2018-08-30-15-52-26-0400__CAM_BACK__1535659009037558.jpg", "samples/CAM_BACK_RIGHT/n008-2018-08-30-15-52-26-0400__CAM_BACK_RIGHT__1535659009028113.jpg"], "intrinsics": [[[1257.8625342125129, 0.0, 827.2410631095686], [0.0, 1257.8625342125129, 450.915498205774], [0.0, 0.0, 1.0]], [[1252.8131021185304, 0.0, 826.588114781398], [0.0, 1252.8131021185304, 469.9846626224581], [0.0, 0.0, 1.0]], [[1256.7485116440405, 0.0, 817.7887570959712], [0.0, 1256.7485116440403, 451.9541780095127], [0.0, 0.0, 1.0]], [[1254.9860565800168, 0.0, 829.5769333630991], [0.0, 1254.9860565800168, 467.1680561863987], [0.0, 0.0, 1.0]], [[796.8910634503094, 0.0, 857.7774326863696], [0.0, 796.8910634503094, 476.8848988407415], [0.0, 0.0, 1.0]], [[1249.9629280788233, 0.0, 825.3768045375984], [0.0, 1249.9629280788233, 462.54816385708756], [0.0, 0.0, 1.0]]], "extrinsics": [[[0.8226977586746216, -0.56836998462677, -0.011133834719657898, -0.83843994140625], [-0.002273092046380043, 0.016296181827783585, -0.9998645782470703, 1.4877796173095703], [0.5684744715690613, 0.8226116895675659, 0.01211487501859665, -1.2227783203125], [0.0, 0.0, 0.0, 1.0]], [[0.01038382388651371, -0.9998703002929688, -0.012308229692280293, 0.01019287109375], [-0.00047686498146504164, 0.012303940020501614, -0.9999241828918457, 1.4800491333007812], [0.9999459385871887, 0.010388929396867752, -0.0003490408998914063, -1.572601318359375], [0.0, 0.0, 0.0, 1.0]], [[-0.8439878821372986, -0.536298930644989, -0.008243594318628311, 0.98443603515625], [0.007401590701192617, 0.0037226600106805563, -0.9999656677246094, 1.4940061569213867], [0.5363112092018127, -0.8440199494361877, 0.0008275845320895314, -1.20709228515625], [0.0, 0.0, 0.0, 1.0]], [[0.9478002786636353, 0.31865471601486206, -0.011568315327167511, -1.14215087890625], [-0.018654298037290573, 0.019194379448890686, -0.9996417164802551, 1.562006950378418], [-0.3183184564113617, 0.9476764798164368, 0.024136720225214958, -0.15667724609375],