[{"images": ["samples/CAM_FRONT_LEFT/n008-2018-07-27-12-07-38-0400__CAM_FRONT_LEFT__1532708186004799.jpg", "samples/CAM_FRONT/n008-2018-07-27-12-07-38-0400__CAM_FRONT__1532708186012404.jpg", "samples/CAM_FRONT_RIGHT/n008-2018-07-27-12-07-38-0400__CAM_FRONT_RIGHT__1532708186020482.jpg", "samples/CAM_BACK_LEFT/n008-2018-07-27-12-07-38-0400__CAM_BACK_LEFT__1532708186047405.jpg", "samples/CAM_BACK/n008-2018-07-27-12-07-38-0400__CAM_BACK__1532708186037558.jpg", "samples/CAM_BACK_RIGHT/n008-2018-07-27-12-07-38-0400__CAM_BACK_RIGHT__1532708186028113.jpg"], "intrinsics": [[[1257.8625342125129, 0.0, 827.2410631095686], [0.0, 1257.8625342125129, 450.915498205774], [0.0, 0.0, 1.0]], [[1252.8131021185304, 0.0, 826.588114781398], [0.0, 1252.8131021185304, 469.9846626224581], [0.0, 0.0, 1.0]], [[1256.7485116440405, 0.0, 817.7887570959712], [0.0, 1256.7485116440403, 451.9541780095127], [0.0, 0.0, 1.0]], [[1254.9860565800168, 0.0, 829.5769333630991], [0.0, 1254.9860565800168, 467.1680561863987], [0.0, 0.0, 1.0]], [[796.8910634503094, 0.0, 857.7774326863696], [0.0, 796.8910634503094, 476.8848988407415], [0.0, 0.0, 1.0]], [[1249.9629280788233, 0.0, 825.3768045375984], [0.0, 1249.9629280788233, 462.54816385708756], [0.0, 0.0, 1.0]]], "extrinsics": [[[0.8216444253921509, -0.5700004696846008, -0.00024719699285924435, -0.688232421875], [0.02233642339706421, 0.032630857080221176, -0.9992178678512573, 1.4967460632324219], [0.5695626735687256, 0.8209961652755737, 0.03954273834824562, -1.1180419921875], [0.0, 0.0, 0.0, 1.0]], [[0.009227766655385494, -0.9995558261871338, -0.028336437419056892, 0.0111083984375], [0.024055061861872673, 0.028551341965794563, -0.999302864074707, 1.4876937866210938], [0.9996680021286011, 0.008539699949324131, 0.024307841435074806, -1.4181976318359375], [0.0, 0.0, 0.0, 1.0]], [[-0.8441372513771057, -0.5348122715950012, -0.037526749074459076, 0.88427734375], [0.03182313218712807, 0.01988964155316353, -0.9992955923080444, 1.5008506774902344], [0.5351819396018982, -0.8447368144989014, 0.00022981227084528655, -1.144287109375], [0.0, 0.0, 0.0, 1.0]], [[0.9478753805160522, 0.31819623708724976, 0.016834603622555733, -1.13543701171875], [0.005908057559281588, 0.0352729856967926, -0.9993602633476257, 1.5620880126953125], [-0.3185864984989166, 0.9473684430122375, 0.03155447542667389, -0.1591796875], [0.0, 0.0, 0.0, 1.0]], [[0.009443404152989388, 0.999569833278656, 0.027766162529587746, -0.02880859375], [0.008169527165591717, 0.027689354494214058, -0.9995831847190857, 1.5688209533691406], [-0.9999220967292786, 0.009666264988481998, -0.007904533296823502, -0.0516357421875], [0.0, 0.0, 0.0, 1.0]], [[-0.9233429431915283, 0.38384810090065, -0.009918549098074436, 0.994781494140625], [0.012763702310621738, 0.004865597002208233, -0.9999066591262817, 1.5500907897949219], [-0.38376402854919434, -0.9233834147453308, -0.009391937404870987, -0.1109619140625], [0.0, 0.0, 0.0, 1.0]]], "view": [[0.0, -2.0, 100.0], [-2.0, 0.0, 100.0], [0.0, 0.0, 1.0]], "bev": "bev_d1193a8551a34a79b653c36b0f9bbe4f.png", "aux": "aux_d1193a8551a34a79b653c36b0f9bbe4f.npz", "visibility": "visibility_d1193a8551a34a79b653c36b0f9bbe4f.png", "pose": [[-0.8331668376922607, -0.5530217289924622, 0.0, 1026.981201171875], [0.5530217289924622, -0.8331668376922607, 0.0, 1249.1490478515625], [0.0, 0.0, 1.0, 0.0], [0.0, 0.0, 0.0, 1.0]], "pose_inverse": [[-0.8331668376922607, 0.5530217289924622, 0.0, 164.84011840820312], [-0.5530217289924622, -0.8331668376922607, 0.0, 1608.6925048828125], [0.0, 0.0, 1.0, 0.0], [0.0, 0.0, 0.0, 1.0]], "cam_ids": [0, 1, 2, 3, 4, 5], "cam_channels": ["CAM_FRONT_LEFT", "CAM_FRONT", "CAM_FRONT_RIGHT", "CAM_BACK_LEFT", "CAM_BACK", "CAM_BACK_RIGHT"], "token": "d1193a8551a34a79b653c36b0f9bbe4f", "scene": "scene-0229"}, {"images": ["samples/CAM_FRONT_LEFT/n008-2018-07-27-12-07-38-0400__CAM_FRONT_LEFT__1532708186504799.jpg", "samples/CAM_FRONT/n008-2018-07-27-12-07-38-0400__CAM_FRONT__1532708186512404.jpg", "samples/CAM_FRONT_RIGHT/n008-2018-07-27-12-07-38-0400__CAM_FRONT_RIGHT__1532708186520482.jpg", "samples/CAM_BACK_LEFT/n008-2018-07-27-12-07-38-0400__CAM_BACK_LEFT__1532708186547405.jpg", "samples/CAM_BACK/n008-2018-07-27-12-07-38-0400__CAM_BACK__1532708186537558.jpg", "samples/CAM_BACK_RIGHT/n008-2018-07-27-12-07-38-0400__CAM_BACK_RIGHT__1532708186528115.jpg"], "intrinsics": [[[1257.8625342125129, 0.0, 827.2410631095686], [0.0, 1257.8625342125129, 450.915498205774], [0.0, 0.0, 1.0]], [[1252.8131021185304, 0.0, 826.588114781398], [0.0, 1252.8131021185304, 469.9846626224581], [0.0, 0.0, 1.0]], [[1256.7485116440405, 0.0, 817.7887570959712], [0.0, 1256.7485116440403, 451.9541780095127], [0.0, 0.0, 1.0]], [[1254.9860565800168, 0.0, 829.5769333630991], [0.0, 1254.9860565800168, 467.1680561863987], [0.0, 0.0, 1.0]], [[796.8910634503094, 0.0, 857.7774326863696], [0.0, 796.8910634503094, 476.8848988407415], [0.0, 0.0, 1.0]], [[1249.9629280788233, 0.0, 825.3768045375984], [0.0, 1249.9629280788233, 462.54816385708756], [0.0, 0.0, 1.0]]], "extrinsics": [[[0.8217805624008179, -0.5697957277297974, -0.0031079112086445093, -0.6793212890625], [0.01970071904361248, 0.03386335447430611, -0.9992322325706482, 1.4959602355957031], [0.5694634318351746, 0.821088433265686, 0.03905363008379936, -1.111328125], [0.0, 0.0, 0.0, 1.0]], [[0.00937130767852068, -0.9995207190513611, -0.029504001140594482, 0.010986328125], [0.02170228399336338, 0.029701650142669678, -0.9993231892585754, 1.4871673583984375], [0.999720573425293, 0.008724668063223362, 0.021970223635435104, -1.4085235595703125], [0.0, 0.0, 0.0, 1.0]], [[-0.8441250324249268, -0.5349118113517761, -0.036363452672958374, 0.87713623046875], [0.02977183274924755, 0.020953357219696045, -0.9993370771408081, 1.5006027221679688], [0.5353191494941711, -0.8446480631828308, -0.0017619471764191985, -1.1397705078125], [0.0, 0.0, 0.0, 1.0]], [[0.9478530287742615, 0.3183130621910095, 0.015854213386774063, -1.132080078125], [0.004682645667344332, 0.035830769687891006, -0.9993468523025513, 1.5621070861816406], [-0.3186732530593872, 0.9473083019256592, 0.032471757382154465, -0.1600341796875], [0.0, 0.0, 0.0, 1.0]], [[0.009387737140059471, 0.9995504021644592, 0.028474798426032066, -0.028564453125], [0.006604852620512247, 0.028413450345396996, -0.9995744228363037, 1.5687103271484375], [-0.9999341368675232, 0.009571842849254608, -0.006335144396871328, -0.057220458984375], [0.0, 0.0, 0.0, 1.0]], [[-0.9234063029289246, 0.3837480843067169, -0.007634325884282589, 0.98809814453125], [0.010695184580981731, 0.0058429972268640995, -0.9999257326126099, 1.549795150756836], [-0.3836749196052551, -0.9234193563461304, -0.009499714709818363, -0.1136474609375], [0.0, 0.0, 0.0, 1.0]]], "view": [[0.0, -2.0, 100.0], [-2.0, 0.0, 100.0], [0.0, 0.0, 1.0]], "bev": "bev_19411e7b47d846ecb9ec289a5e29967a.png", "aux": "aux_19411e7b47d846ecb9ec289a5e29967a.npz", "visibility": "visibility_19411e7b47d846ecb9ec289a5e29967a.png", "pose": [[-0.8394778370857239, -0.5433939695358276, 0.0, 1023.315185546875], [0.5433939695358276, -0.8394778370857239, 0.0, 1251.607666015625], [0.0, 0.0, 1.0, 0.0], [0.0, 0.0, 0.0, 1.0]], "pose_inverse": [[-0.8394778370857239, 0.5433939695358276, 0.0, 178.93435668945312], [-0.5433939695358276, -0.8394778370857239, 0.0, 1606.7601318359375], [0.0, 0.0, 1.0, 0.0], [0.0, 0.0, 0.0, 1.0]], "cam_ids": [0, 1, 2, 3, 4, 5], "cam_channels": ["CAM_FRONT_LEFT", "CAM_FRONT", "CAM_FRONT_RIGHT", "CAM_BACK_LEFT", "CAM_BACK", "CAM_BACK_RIGHT"], "token": "19411e7b47d846ecb9ec289a5e29967a", "scene": "scene-0229"}, {"images": ["samples/CAM_FRONT_LEFT/n008-2018-07-27-12-07-38-0400__CAM_FRONT_LEFT__1532708187004799.jpg", "samples/CAM_FRONT/n008-2018-07-27-12-07-38-0400__CAM_FRONT__1532708187012404.jpg", "samples/CAM_FRONT_RIGHT/n008-2018-07-27-12-07-38-0400__CAM_FRONT_RIGHT__1532708187020482.jpg", "samples/CAM_BACK_LEFT/n008-2018-07-27-12-07-38-0400__CAM_BACK_LEFT__1532708187047405.jpg", "samples/CAM_BACK/n008-2018-07-27-12-07-38-0400__CAM_BACK__1532708187037558.jpg", "samples/CAM_BACK_RIGHT/n008-2018-07-27-12-07-38-0400__CAM_BACK_RIGHT__1532708187028113.jpg"], "intrinsics": [[[1257.8625342125129, 0.0, 827.2410631095686], [0.0, 1257.8625342125129, 450.915498205774], [0.0, 0.0, 1.0]], [[1252.8131021185304, 0.0, 826.588114781398], [0.0, 1252.8131021185304, 469.9846626224581], [0.0, 0.0, 1.0]], [[1256.7485116440405, 0.0, 817.7887570959712], [0.0, 1256.7485116440403, 451.9541780095127], [0.0, 0.0, 1.0]], [[1254.9860565800168, 0.0, 829.5769333630991], [0.0, 1254.9860565800168, 467.1680561863987], [0.0, 0.0, 1.0]], [[796.8910634503094, 0.0, 857.7774326863696], [0.0, 796.8910634503094, 476.8848988407415], [0.0, 0.0, 1.0]], [[1249.9629280788233, 0.0, 825.3768045375984], [0.0, 1249.9629280788233, 462.54816385708756], [0.0, 0.0, 1.0]]], "extrinsics": [[[0.8224700093269348, -0.5688013434410095, -0.002867945237085223, -0.6768798828125], [0.02074514701962471, 0.03503477945923805, -0.9991707801818848, 1.496368408203125], [0.5684301853179932, 0.821728527545929, 0.04061492159962654, -1.1116943359375], [0.0, 0.0, 0.0, 1.0]], [[0.010373800061643124, -0.9994762539863586, -0.030652979388833046, 0.0123291015625], [0.022706812247633934, 0.030882181599736214, -0.9992650747299194, 1.4875144958496094], [0.9996883273124695, 0.009670139290392399, 0.023015284910798073, -1.4064788818359375], [0.0, 0.0, 0.0, 1.0]], [[-0.8436869382858276, -0.5355017781257629, -0.037817347794771194, 0.8756103515625], [0.030734339728951454, 0.022147532552480698, -0.9992821216583252, 1.5008964538574219], [0.5359549522399902, -0.8442436456680298, -0.002227292861789465, -1.137939453125], [0.0, 0.0, 0.0, 1.0]], [[0.9476903676986694, 0.31875166296958923, 0.016748391091823578, -1.12890625], [0.005100517999380827, 0.03734186664223671, -0.9992895126342773, 1.5620918273925781], [-0.31915053725242615, 0.947102427482605, 0.03376272693276405, -0.162109375], [0.0, 0.0, 0.0, 1.0]], [[0.008930024690926075, 0.9995139837265015, 0.029866358265280724, -0.0291748046875], [0.00729358708485961, 0.02980164624750614, -0.9995291829109192, 1.5687828063964844], [-0.9999335408210754, 0.009143625386059284, -0.007023914251476526, -0.0603179931640625], [0.0, 0.0, 0.0, 1.0]], [[-0.9236086010932922, 0.38325342535972595, -0.007994319312274456, 0.9853515625], [0.011589059606194496, 0.007071488071233034, -0.9999078512191772, 1.54998779296875], [-0.3831615746021271, -0.9236161112785339, -0.010972831398248672, -0.1142578125], [0.0, 0.0, 0.0, 1.0]]], "view": [[0.0, -2.0, 100.0], [-2.0, 0.0, 100.0], [0.0, 0.0, 1.0]], "bev": "bev_bf920383d2b245b38d7dc7343c78f4f0.png", "aux": "aux_bf920383d2b245b38d7dc7343c78f4f0.npz", "visibility": "visibility_bf920383d2b245b38d7dc7343c78f4f0.png", "pose": [[-0.8441186547279358, -0.536156415939331, 0.0, 1019.5819091796875], [0.536156415939331, -0.8441186547279358, 0.0, 1254.0535888671875], [0.0, 0.0, 1.0, 0.0], [0.0, 0.0, 0.0, 1.0]], "pose_inverse": [[-0.8441186547279358, 0.536156415939331, 0.0, 188.2792205810547], [-0.536156415939331, -0.8441186547279358, 0.0, 1605.2254638671875], [0.0, 0.0, 1.0, 0.0], [0.0, 0.0, 0.0, 1.0]], "cam_ids": [0, 1, 2, 3, 4, 5], "cam_channels": ["CAM_FRONT_LEFT", "CAM_FRONT", "CAM_FRONT_RIGHT", "CAM_BACK_LEFT", "CAM_BACK", "CAM_BACK_RIGHT"], "token": "bf920383d2b245b38d7dc7343c78f4f0", "scene": "scene-0229"}, {"images": ["samples/CAM_FRONT_LEFT/n008-2018-07-27-12-07-38-0400__CAM_FRONT_LEFT__1532708187504799.jpg", "samples/CAM_FRONT/n008-2018-07-27-12-07-38-0400__CAM_FRONT__1532708187512404.jpg", "samples/CAM_FRONT_RIGHT/n008-2018-07-27-12-07-38-0400__CAM_FRONT_RIGHT__1532708187520482.jpg", "samples/CAM_BACK_LEFT/n008-2018-07-27-12-07-38-0400__CAM_BACK_LEFT__1532708187547405.jpg", "samples/CAM_BACK/n008-2018-07-27-12-07-38-0400__CAM_BACK__1532708187537558.jpg", "samples/CAM_BACK_RIGHT/n008-2018-07-27-12-07-38-0400__CAM_BACK_RIGHT__1532708187528113.jpg"], "intrinsics": [[[1257.8625342125129, 0.0, 827.2410631095686], [0.0, 1257.8625342125129, 450.915498205774], [0.0, 0.0, 1.0]], [[1252.8131021185304, 0.0, 826.588114781398], [0.0, 1252.8131021185304, 469.9846626224581], [0.0, 0.0, 1.0]], [[1256.7485116440405, 0.0, 817.7887570959712], [0.0, 1256.7485116440403, 451.9541780095127], [0.0, 0.0, 1.0]], [[1254.9860565800168, 0.0, 829.5769333630991], [0.0, 1254.9860565800168, 467.1680561863987], [0.0, 0.0, 1.0]], [[796.8910634503094, 0.0, 857.7774326863696], [0.0, 796.8910634503094, 476.8848988407415], [0.0, 0.0, 1.0]], [[1249.9629280788233, 0.0, 825.3768045375984], [0.0, 1249.9629280788233, 462.54816385708756], [0.0, 0.0, 1.0]]], "extrinsics": [[[0.8224689960479736, -0.5687713623046875, -0.006627063732594252, -0.7003173828125], [0.014855951070785522, 0.033126235008239746, -0.9993407726287842, 1.4936370849609375], [0.5686158537864685, 0.8218283653259277, 0.03569494187831879, -1.1273193359375], [0.0, 0.0, 0.0, 1.0]], [[0.01022421382367611, -0.9995355606079102, -0.02870767191052437, 0.0115966796875], [0.016744576394557953, 0.028876282274723053, -0.9994427561759949, 1.48516845703125], [0.9998075366020203, 0.009737756103277206, 0.017032034695148468, -1.43084716796875], [0.0, 0.0, 0.0, 1.0]], [[-0.8438792824745178, -0.5356024503707886, -0.031587857753038406, 0.8924560546875], [0.024694234132766724, 0.020038984715938568, -0.9994941353797913, 1.4988632202148438], [0.5359644889831543, -0.8442324995994568, -0.0036841914989054203, -1.14892578125], [0.0, 0.0, 0.0, 1.0]], [[0.9479495286941528, 0.3182638883590698, 0.009987580589950085, -1.1324462890625], [-0.0012238069903105497, 0.0350073017179966, -0.9993863105773926, 1.5620651245117188], [-0.3184181749820709, 0.9473555684089661, 0.033574651926755905, -0.158935546875], [0.0, 0.0, 0.0, 1.0]], [[0.009245913475751877, 0.9995781183242798, 0.027531102299690247, -0.0283203125], [0.0012266334379091859, 0.0275209192186594, -0.9996204376220703, 1.5681648254394531], [-0.999956488609314, 0.009276170283555984, -0.000971660076174885, -0.04937744140625], [0.0, 0.0, 0.0, 1.0]], [[-0.9236575365066528, 0.38320451974868774, -0.003325134515762329, 1.000640869140625], [0.0056145512498915195, 0.0048560998402535915, -0.9999724626541138, 1.548771858215332], [-0.3831777274608612, -0.9236507415771484, -0.006636892911046743, -0.108154296875], [0.0, 0.0, 0.0, 1.0]]], "view": [[0.0, -2.0, 100.0], [-2.0, 0.0, 100.0], [0.0, 0.0, 1.0]], "bev": "bev_30c7cdd0513b45d2b46029bbea54515a.png", "aux": "aux_30c7cdd0513b45d2b46029bbea54515a.npz", "visibility": "visibility_30c7cdd0513b45d2b46029bbea54515a.png", "pose": [[-0.8471193909645081, -0.531402587890625, 0.0, 1015.95947265625], [0.531402587890625, -0.8471193909645081, 0.0, 1256.3861083984375], [0.0, 0.0, 1.0, 0.0], [0.0, 0.0, 0.0, 1.0]], "pose_inverse": [[-0.8471193909645081, 0.531402587890625, 0.0, 192.9921112060547], [-0.531402587890625, -0.8471193909645081, 0.0, 1604.1925048828125], [0.0, 0.0, 1.0, 0.0], [0.0, 0.0, 0.0, 1.0]], "cam_ids": [0, 1, 2, 3, 4, 5], "cam_channels": ["CAM_FRONT_LEFT", "CAM_FRONT", "CAM_FRONT_RIGHT", "CAM_BACK_LEFT", "CAM_BACK", "CAM_BACK_RIGHT"], "token": "30c7cdd0513b45d2b46029bbea54515a", "scene": "scene-0229"}, {"images": ["samples/CAM_FRONT_LEFT/n008-2018-07-27-12-07-38-0400__CAM_FRONT_LEFT__1532708188004799.jpg", "samples/CAM_FRONT/n008-2018-07-27-12-07-38-0400__CAM_FRONT__1532708188012404.jpg", "samples/CAM_FRONT_RIGHT/n008-2018-07-27-12-07-38-0400__CAM_FRONT_RIGHT__1532708188020482.jpg", "samples/CAM_BACK_LEFT/n008-2018-07-27-12-07-38-0400__CAM_BACK_LEFT__1532708188047405.jpg", "samples/CAM_BACK/n008-2018-07-27-12-07-38-0400__CAM_BACK__1532708188037560.jpg", "samples/CAM_BACK_RIGHT/n008-2018-07-27-12-07-38-0400__CAM_BACK_RIGHT__1532708188028113.jpg"], "intrinsics": [[[1257.8625342125129, 0.0, 827.2410631095686], [0.0, 1257.8625342125129, 450.915498205774], [0.0, 0.0, 1.0]], [[1252.8131021185304, 0.0, 826.588114781398], [0.0, 1252.8131021185304, 469.9846626224581], [0.0, 0.0, 1.0]], [[1256.7485116440405, 0.0, 817.7887570959712], [0.0, 1256.7485116440403, 451.9541780095127], [0.0, 0.0, 1.0]], [[1254.9860565800168, 0.0, 829.5769333630991], [0.0, 1254.9860565800168, 467.1680561863987], [0.0, 0.0, 1.0]], [[796.8910634503094, 0.0, 857.7774326863696], [0.0, 796.8910634503094, 476.8848988407415], [0.0, 0.0, 1.0]], [[1249.9629280788233, 0.0, 825.3768045375984], [0.0, 1249.9629280788233, 462.54816385708756], [0.0, 0.0, 1.0]]], "extrinsics": [[[0.8223815560340881, -0.5689169764518738, -0.004700792953372002, -0.71942138671875], [0.016441434621810913, 0.03202379122376442, -0.9993518590927124, 1.4938201904296875], [0.5686988234519958, 0.8217712044715881, 0.0356895849108696, -1.140869140625], [0.0, 0.0, 0.0, 1.0]], [[0.010153752751648426, -0.999563455581665, -0.027743222191929817, 0.0115966796875], [0.018396496772766113, 0.027926689013838768, -0.9994406700134277, 1.4853057861328125], [0.9997791647911072, 0.00963764451444149, 0.018672028556466103, -1.4501495361328125], [0.0, 0.0, 0.0, 1.0]], [[-0.8438730239868164, -0.5355502367019653, -0.03262023255228996, 0.9053955078125], [0.026417436078190804, 0.019250920042395592, -0.9994656443595886, 1.4988670349121094], [0.5358920693397522, -0.844283938407898, -0.0020974690560251474, -1.156982421875], [0.0, 0.0, 0.0, 1.0]], [[0.9478796124458313, 0.3183991312980652, 0.012094805017113686, -1.1326904296875], [0.0012101817410439253, 0.034361109137535095, -0.9994087219238281, 1.56207275390625], [-0.3186265230178833, 0.947333812713623, 0.03218487277626991, -0.159423828125], [0.0, 0.0, 0.0, 1.0]], [[0.00918846856802702, 0.9995953440666199, 0.0269205030053854, -0.02880859375], [0.0032015687320381403, 0.02689209207892418, -0.9996331930160522, 1.5683250427246094], [-0.9999526739120483, 0.009271166287362576, -0.0029531787149608135, -0.04315185546875], [0.0, 0.0, 0.0, 1.0]], [[-0.9236230254173279, 0.3832665979862213, -0.005210467614233494, 1.010986328125], [0.007385026663541794, 0.004202560521662235, -0.9999639391899109, 1.548995018005371], [-0.3832307457923889, -0.9236282706260681, -0.006712015718221664, -0.103759765625], [0.0, 0.0, 0.0, 1.0]]], "view": [[0.0, -2.0, 100.0], [-2.0, 0.0, 100.0], [0.0, 0.0, 1.0]], "bev": "bev_1680edd167da47eda6ece432c43b4973.png", "aux": "aux_1680edd167da47eda6ece432c43b4973.npz", "visibility": "visibility_1680edd167da47eda6ece432c43b4973.png", "pose": [[-0.8482543230056763, -0.529589056968689, 0.0, 1012.57470703125], [0.529589056968689, -0.8482543230056763, 0.0, 1258.5865478515625], [0.0, 0.0, 1.0, 0.0], [0.0, 0.0, 0.0, 1.0]], "pose_inverse": [[-0.8482543230056763, 0.529589056968689, 0.0, 192.38722229003906], [-0.529589056968689, -0.8482543230056763, 0.0, 1603.8499755859375], [0.0, 0.0, 1.0, 0.0], [0.0, 0.0, 0.0, 1.0]], "cam_ids": [0, 1, 2, 3, 4, 5], "cam_channels": ["CAM_FRONT_LEFT", "CAM_FRONT", "CAM_FRONT_RIGHT", "CAM_BACK_LEFT", "CAM_BACK", "CAM_BACK_RIGHT"], "token": "1680edd167da47eda6ece432c43b4973", "scene": "scene-0229"}, {"images": ["samples/CAM_FRONT_LEFT/n008-2018-07-27-12-07-38-0400__CAM_FRONT_LEFT__1532708188504799.jpg", "samples/CAM_FRONT/n008-2018-07-27-12-07-38-0400__CAM_FRONT__1532708188512404.jpg", "samples/CAM_FRONT_RIGHT/n008-2018-07-27-12-07-38-0400__CAM_FRONT_RIGHT__1532708188520482.jpg", "samples/CAM_BACK_LEFT/n008-2018-07-27-12-07-38-0400__CAM_BACK_LEFT__1532708188547405.jpg", "samples/CAM_BACK/n008-2018-07-27-12-07-38-0400__CAM_BACK__1532708188537558.jpg", "samples/CAM_BACK_RIGHT/n008-2018-07-27-12-07-38-0400__CAM_BACK_RIGHT__1532708188528113.jpg"], "intrinsics": [[[1257.8625342125129, 0.0, 827.2410631095686], [0.0, 1257.8625342125129, 450.915498205774], [0.0, 0.0, 1.0]], [[1252.8131021185304, 0.0, 826.588114781398], [0.0, 1252.8131021185304, 469.9846626224581], [0.0, 0.0, 1.0]], [[1256.7485116440405, 0.0, 817.7887570959712], [0.0, 1256.7485116440403, 451.9541780095127], [0.0, 0.0, 1.0]], [[1254.9860565800168, 0.0, 829.5769333630991], [0.0, 1254.9860565800168, 467.1680561863987], [0.0, 0.0, 1.0]], [[796.8910634503094, 0.0, 857.7774326863696], [0.0, 796.8910634503094, 476.8848988407415], [0.0, 0.0, 1.0]], [[1249.9629280788233, 0.0, 825.3768045375984], [0.0, 1249.9629280788233, 462.54816385708756], [0.0, 0.0, 1.0]]], "extrinsics": [[[0.8225168585777283, -0.5687327980995178, -0.003019817639142275, -0.72589111328125], [0.019140714779496193, 0.03298768401145935, -0.9992724657058716, 1.4946365356445312], [0.5684186220169067, 0.8218605518341064, 0.03801887854933739, -1.14453125], [0.0, 0.0, 0.0, 1.0]], [[0.010391890071332455, -0.9995355010032654, -0.028647134080529213, 0.0111083984375], [0.02104119397699833, 0.028860919177532196, -0.9993619322776794, 1.4859390258789062], [0.9997245669364929, 0.009782514534890652, 0.021331340074539185, -1.4564056396484375], [0.0, 0.0, 0.0, 1.0]], [[-0.8437204957008362, -0.5356214642524719, -0.03528805449604988, 0.90936279296875], [0.02900356985628605, 0.020154399797320366, -0.9993760585784912, 1.4993019104003906], [0.5359985828399658, -0.8442175984382629, -0.0014697470469400287, -1.159912109375], [0.0, 0.0, 0.0, 1.0]], [[0.947793185710907, 0.318566232919693, 0.014273010194301605, -1.1392822265625], [0.0031621211674064398, 0.03536776080727577, -0.9993693232536316, 1.5620307922363281], [-0.3188701272010803, 0.9472405910491943, 0.032513976097106934, -0.1585693359375], [0.0, 0.0, 0.0, 1.0]], [[0.009025403298437595, 0.9995713233947754, 0.02785116247832775, -0.0291748046875], [0.005528528708964586, 0.027801990509033203, -0.9995981454849243, 1.5684928894042969], [-0.9999439716339111, 0.009175710380077362, -0.005275235511362553, -0.0390777587890625], [0.0, 0.0, 0.0, 1.0]], [[-0.9236391186714172, 0.3831956386566162, -0.007195217069238424, 1.01470947265625], [0.009899095632135868, 0.005084663163870573, -0.9999380707740784, 1.549361228942871], [-0.38313525915145874, -0.9236531853675842, -0.008489683270454407, -0.1026611328125], [0.0, 0.0, 0.0, 1.0]]], "view": [[0.0, -2.0, 100.0], [-2.0, 0.0, 100.0], [0.0, 0.0, 1.0]], "bev": "bev_00eb57cdad2a4abca967061415e4b4c2.png", "aux": "aux_00eb57cdad2a4abca967061415e4b4c2.npz", "visibility": "visibility_00eb57cdad2a4abca967061415e4b4c2.png", "pose": [[-0.8510652780532837, -0.5250598788261414, 0.0, 1009.3486938476562], [0.5250598788261414, -0.8510652780532837, 0.0, 1260.638427734375], [0.0, 0.0, 1.0, 0.0], [0.0, 0.0, 0.0, 1.0]], "pose_inverse": [[-0.8510652780532837, 0.5250598788261414, 0.0, 197.1109161376953], [-0.5250598788261414, -0.8510652780532837, 0.0, 1602.8541259765625], [0.0, 0.0, 1.0, 0.0], [0.0, 0.0, 0.0, 1.0]], "cam_ids": [0, 1, 2, 3, 4, 5], "cam_channels": ["CAM_FRONT_LEFT", "CAM_FRONT", "CAM_FRONT_RIGHT", "CAM_BACK_LEFT", "CAM_BACK", "CAM_BACK_RIGHT"], "token": "00eb57cdad2a4abca967061415e4b4c2", "scene": "scene-0229"}, {"images": ["samples/CAM_FRONT_LEFT/n008-2018-07-27-12-07-38-0400__CAM_FRONT_LEFT__1532708189004799.jpg", "samples/CAM_FRONT/n008-2018-07-27-12-07-38-0400__CAM_FRONT__1532708189012404.jpg", "samples/CAM_FRONT_RIGHT/n008-2018-07-27-12-07-38-0400__CAM_FRONT_RIGHT__1532708189020482.jpg", "samples/CAM_BACK_LEFT/n008-2018-07-27-12-07-38-0400__CAM_BACK_LEFT__1532708189047405.jpg", "samples/CAM_BACK/n008-2018-07-27-12-07-38-0400__CAM_BACK__1532708189037558.jpg", "samples/CAM_BACK_RIGHT/n008-2018-07-27-12-07-38-0400__CAM_BACK_RIGHT__1532708189028113.jpg"], "intrinsics": [[[1257.8625342125129, 0.0, 827.2410631095686], [0.0, 1257.8625342125129, 450.915498205774], [0.0, 0.0, 1.0]], [[1252.8131021185304, 0.0, 826.588114781398], [0.0, 1252.8131021185304, 469.9846626224581], [0.0, 0.0, 1.0]], [[1256.7485116440405, 0.0, 817.7887570959712], [0.0, 1256.7485116440403, 451.9541780095127], [0.0, 0.0, 1.0]], [[1254.9860565800168, 0.0, 829.5769333630991], [0.0, 1254.9860565800168, 467.1680561863987], [0.0, 0.0, 1.0]], [[796.8910634503094, 0.0, 857.7774326863696], [0.0, 796.8910634503094, 476.8848988407415], [0.0, 0.0, 1.0]], [[1249.9629280788233, 0.0, 825.3768045375984], [0.0, 1249.9629280788233, 462.54816385708756], [0.0, 0.0, 1.0]]], "extrinsics": [[[0.8227465152740479, -0.5683795809745789, -0.005723207723349333, -0.73126220703125], [0.015722518786787987, 0.03282148763537407, -0.9993375539779663, 1.493316650390625], [0.5681909322738647, 0.8221114873886108, 0.035940129309892654, -1.150146484375], [0.0, 0.0, 0.0, 1.0]], [[0.010649018920958042, -0.999533474445343, -0.02862284518778324, 0.0123291015625], [0.01766262948513031, 0.028808025643229485, -0.9994288682937622, 1.4848403930664062], [0.9997872114181519, 0.010137451812624931, 0.0179611686617136, -1.463623046875], [0.0, 0.0, 0.0, 1.0]], [[-0.8436848521232605, -0.5358535051345825, -0.03250956907868385, 0.9156494140625], [0.02566775493323803, 0.020223276689648628, -0.9994659423828125, 1.498382568359375], [0.5362247228622437, -0.8440687656402588, -0.003307918319478631, -1.1627197265625], [0.0, 0.0, 0.0, 1.0]], [[0.9478492140769958, 0.3184937834739685, 0.011974364519119263, -1.1431884765625], [0.0006087953806854784, 0.03576099872589111, -0.999360203742981, 1.5620460510253906], [-0.318718284368515, 0.9472500681877136, 0.03370213881134987, -0.1561279296875], [0.0, 0.0, 0.0, 1.0]], [[0.009019828401505947, 0.9995641112327576, 0.0281081460416317, -0.0291748046875], [0.0026792327407747507, 0.028085028752684593, -0.9996019601821899, 1.5682373046875], [-0.9999557137489319, 0.009091535583138466, -0.002424743492156267, -0.033447265625], [0.0, 0.0, 0.0, 1.0]], [[-0.9237359166145325, 0.3830072283744812, -0.004155554808676243, 1.020355224609375], [0.006680415011942387, 0.005262395367026329, -0.9999638199806213, 1.5488109588623047], [-0.38297149538993835, -0.9237302541732788, -0.00741971330717206, -0.0994873046875], [0.0, 0.0, 0.0, 1.0]]], "view": [[0.0, -2.0, 100.0], [-2.0, 0.0, 100.0], [0.0, 0.0, 1.0]], "bev": "bev_059a96d74a62419086c9c7593a7785ce.png", "aux": "aux_059a96d74a62419086c9c7593a7785ce.npz", "visibility": "visibility_059a96d74a62419086c9c7593a7785ce.png", "pose": [[-0.8524755239486694, -0.5227670669555664, 0.0, 1006.1052856445312], [0.5227670669555664, -0.8524755239486694, 0.0, 1262.666748046875], [0.0, 0.0, 1.0, 0.0], [0.0, 0.0, 0.0, 1.0]], "pose_inverse": [[-0.8524755239486694, 0.5227670669555664, 0.0, 197.5995330810547], [-0.5227670669555664, -0.8524755239486694, 0.0, 1602.351318359375], [0.0, 0.0, 1.0, 0.0], [0.0, 0.0, 0.0, 1.0]], "cam_ids": [0, 1, 2, 3, 4, 5], "cam_channels": ["CAM_FRONT_LEFT", "CAM_FRONT", "CAM_FRONT_RIGHT", "CAM_BACK_LEFT", "CAM_BACK", "CAM_BACK_RIGHT"], "token": "059a96d74a62419086c9c7593a7785ce", "scene": "scene-0229"}, {"images": ["samples/CAM_FRONT_LEFT/n008-2018-07-27-12-07-38-0400__CAM_FRONT_LEFT__1532708189504799.jpg", "samples/CAM_FRONT/n008-2018-07-27-12-07-38-0400__CAM_FRONT__1532708189512462.jpg", "samples/CAM_FRONT_RIGHT/n008-2018-07-27-12-07-38-0400__CAM_FRONT_RIGHT__1532708189520482.jpg", "samples/CAM_BACK_LEFT/n008-2018-07-27-12-07-38-0400__CAM_BACK_LEFT__1532708189547405.jpg", "samples/CAM_BACK/n008-2018-07-27-12-07-38-0400__CAM_BACK__1532708189537558.jpg", "samples/CAM_BACK_RIGHT/n008-2018-07-27-12-07-38-0400__CAM_BACK_RIGHT__1532708189528113.jpg"], "intrinsics": [[[1257.8625342125129, 0.0, 827.2410631095686], [0.0, 1257.8625342125129, 450.915498205774], [0.0, 0.0, 1.0]], [[1252.8131021185304, 0.0, 826.588114781398], [0.0, 1252.8131021185304, 469.9846626224581], [0.0, 0.0, 1.0]], [[1256.7485116440405, 0.0, 817.7887570959712], [0.0, 1256.7485116440403, 451.9541780095127], [0.0, 0.0, 1.0]], [[1254.9860565800168, 0.0, 829.5769333630991], [0.0, 1254.9860565800168, 467.1680561863987], [0.0, 0.0, 1.0]], [[796.8910634503094, 0.0, 857.7774326863696], [0.0, 796.8910634503094, 476.8848988407415], [0.0, 0.0, 1.0]], [[1249.9629280788233, 0.0, 825.3768045375984], [0.0, 1249.9629280788233, 462.54816385708756], [0.0, 0.0, 1.0]]], "extrinsics": [[[0.8218560814857483, -0.5696585178375244, -0.00646874587982893, -0.72613525390625], [0.016490783542394638, 0.03513845056295395, -0.99924635887146, 1.493743896484375], [0.5694565773010254, 0.8211300373077393, 0.03827286139130592, -1.14404296875], [0.0, 0.0, 0.0, 1.0]], [[0.009405911900103092, -0.9994842410087585, -0.030705885961651802, 0.010498046875], [0.018246665596961975, 0.03087368607521057, -0.999356746673584, 1.485137939453125], [0.9997892379760742, 0.008839650079607964, 0.018527647480368614, -1.4579620361328125], [0.0, 0.0, 0.0, 1.0]], [[-0.8441925048828125, -0.5349735617637634, -0.03379775583744049, 0.9110107421875], [0.02605876699090004, 0.022018782794475555, -0.9994178414344788, 1.4986000061035156], [0.5354063510894775, -0.8445818424224854, -0.0046473401598632336, -1.16162109375], [0.0, 0.0, 0.0, 1.0]], [[0.9479832053184509, 0.31809869408607483, 0.0118783600628376, -1.13983154296875], [0.00019361481827218086, 0.036739531904459, -0.9993248581886292, 1.56207275390625], [-0.3183203339576721, 0.9473455548286438, 0.034766871482133865, -0.15673828125], [0.0, 0.0, 0.0, 1.0]], [[0.00950884073972702, 0.9995227456092834, 0.029394250363111496, -0.0286865234375], [0.00258123641833663, 0.029370944947004318, -0.9995652437210083, 1.5682601928710938], [-0.9999515414237976, 0.009580573998391628, -0.0023007201962172985, -0.0358428955078125], [0.0, 0.0, 0.0, 1.0]], [[-0.9234669804573059, 0.3836599588394165, -0.003722088411450386, 1.01806640625], [0.006868172436952591, 0.006830570288002491, -0.9999530911445618, 1.548863410949707], [-0.38361653685569763, -0.9234492182731628, -0.00894284900277853, -0.101318359375], [0.0, 0.0, 0.0, 1.0]]], "view": [[0.0, -2.0, 100.0], [-2.0, 0.0, 100.0], [0.0, 0.0, 1.0]], "bev": "bev_c032e48dadab4d6b9548d9fb88de9656.png", "aux": "aux_c032e48dadab4d6b9548d9fb88de9656.npz", "visibility": "visibility_c032e48dadab4d6b9548d9fb88de9656.png", "pose": [[-0.8542727828025818, -0.5198250412940979, 0.0, 1002.8280639648438], [0.5198250412940979, -0.8542727828025818, 0.0, 1264.737060546875], [0.0, 0.0, 1.0, 0.0], [0.0, 0.0, 0.0, 1.0]], "pose_inverse": [[-0.8542727828025818, 0.5198250412940979, 0.0, 199.24673461914062], [-0.5198250412940979, -0.8542727828025818, 0.0, 1601.7255859375], [0.0, 0.0, 1.0, 0.0], [0.0, 0.0, 0.0, 1.0]], "cam_ids": [0, 1, 2, 3, 4, 5], "cam_channels": ["CAM_FRONT_LEFT", "CAM_FRONT", "CAM_FRONT_RIGHT", "CAM_BACK_LEFT", "CAM_BACK", "CAM_BACK_RIGHT"], "token": "c032e48dadab4d6b9548d9fb88de9656", "scene": "scene-0229"}, {"images": ["samples/CAM_FRONT_LEFT/n008-2018-07-27-12-07-38-0400__CAM_FRONT_LEFT__1532708189904799.jpg", "samples/CAM_FRONT/n008-2018-07-27-12-07-38-0400__CAM_FRONT__1532708189912405.jpg", "samples/CAM_FRONT_RIGHT/n008-2018-07-27-12-07-38-0400__CAM_FRONT_RIGHT__1532708189920482.jpg", "samples/CAM_BACK_LEFT/n008-2018-07-27-12-07-38-0400__CAM_BACK_LEFT__1532708189947405.jpg", "samples/CAM_BACK/n008-2018-07-27-12-07-38-0400__CAM_BACK__1532708189937727.jpg", "samples/CAM_BACK_RIGHT/n008-2018-07-27-12-07-38-0400__CAM_BACK_RIGHT__1532708189928113.jpg"], "intrinsics": [[[1257.8625342125129, 0.0, 827.2410631095686], [0.0, 1257.8625342125129, 450.915498205774], [0.0, 0.0, 1.0]], [[1252.8131021185304, 0.0, 826.588114781398], [0.0, 1252.8131021185304, 469.9846626224581], [0.0, 0.0, 1.0]], [[1256.7485116440405, 0.0, 817.7887570959712], [0.0, 1256.7485116440403, 451.9541780095127], [0.0, 0.0, 1.0]], [[1254.9860565800168, 0.0, 829.5769333630991], [0.0, 1254.9860565800168, 467.1680561863987], [0.0, 0.0, 1.0]], [[796.8910634503094, 0.0, 857.7774326863696], [0.0, 796.8910634503094, 476.8848988407415], [0.0, 0.0, 1.0]], [[1249.9629280788233, 0.0, 825.3768045375984], [0.0, 1249.9629280788233, 462.54816385708756], [0.0, 0.0, 1.0]]], "extrinsics": [[[0.8224751353263855, -0.5687713623046875, -0.005815702956169844, -0.72320556640625], [0.016312872990965843, 0.03380714729428291, -0.999295175075531, 1.4937210083007812], [0.5685670375823975, 0.8218006491661072, 0.037083834409713745, -1.142822265625], [0.0, 0.0, 0.0, 1.0]], [[0.010278132744133472, -0.9995142221450806, -0.029421696439385414, 0.010986328125], [0.018236136063933372, 0.029605720192193985, -0.9993953108787537, 1.4851913452148438], [0.9997807741165161, 0.009735348634421825, 0.018531568348407745, -1.4543914794921875], [0.0, 0.0, 0.0, 1.0]], [[-0.8438268899917603, -0.5355814695358276, -0.033297136425971985, 0.9085693359375], [0.02622322179377079, 0.020819632336497307, -0.9994392991065979, 1.4987144470214844], [0.535974383354187, -0.8442269563674927, -0.003523494116961956, -1.1595458984375], [0.0, 0.0, 0.0, 1.0]], [[0.9479269981384277, 0.31825196743011475, 0.012252035550773144, -1.14056396484375], [0.0009254011092707515, 0.03571698069572449, -0.999361515045166, 1.5620689392089844], [-0.31848642230033875, 0.9473330974578857, 0.03356257826089859, -0.156494140625], [0.0, 0.0, 0.0, 1.0]], [[0.009162692353129387, 0.9995571970939636, 0.02830977737903595, -0.02880859375], [0.0030520984437316656, 0.028282877057790756, -0.9995952844619751, 1.5682907104492188], [-0.9999533295631409, 0.009245314635336399, -0.0027916019316762686, -0.0367584228515625], [0.0, 0.0, 0.0, 1.0]], [[-0.9236509203910828, 0.38320887088775635, -0.004466652404516935, 1.01513671875], [0.007188758812844753, 0.0056716809049248695, -0.9999580979347229, 1.5489320755004883], [-0.3831673860549927, -0.9236443638801575, -0.007993446663022041, -0.1024169921875], [0.0, 0.0, 0.0, 1.0]]], "view": [[0.0, -2.0, 100.0], [-2.0, 0.0, 100.0], [0.0, 0.0, 1.0]], "bev": "bev_293d0e0024344cf7a7d97db582665471.png", "aux": "aux_293d0e0024344cf7a7d97db582665471.npz", "visibility": "visibility_293d0e0024344cf7a7d97db582665471.png", "pose": [[-0.8549970388412476, -0.5186328887939453, 0.0, 1000.1380004882812], [0.5186328887939453, -0.8549970388412476, 0.0, 1266.4180908203125], [0.0, 0.0, 1.0, 0.0], [0.0, 0.0, 0.0, 1.0]], "pose_inverse": [[-0.8549970388412476, 0.5186328887939453, 0.0, 198.3089599609375], [-0.5186328887939453, -0.8549970388412476, 0.0, 1601.4881591796875], [0.0, 0.0, 1.0, 0.0], [0.0, 0.0, 0.0, 1.0]], "cam_ids": [0, 1, 2, 3, 4, 5], "cam_channels": ["CAM_FRONT_LEFT", "CAM_FRONT", "CAM_FRONT_RIGHT", "CAM_BACK_LEFT", "CAM_BACK", "CAM_BACK_RIGHT"], "token": "293d0e0024344cf7a7d97db582665471", "scene": "scene-0229"}, {"images": ["samples/CAM_FRONT_LEFT/n008-2018-07-27-12-07-38-0400__CAM_FRONT_LEFT__1532708190404799.jpg", "samples/CAM_FRONT/n008-2018-07-27-12-07-38-0400__CAM_FRONT__1532708190412404.jpg", "samples/CAM_FRONT_RIGHT/n008-2018-07-27-12-07-38-0400__CAM_FRONT_RIGHT__1532708190420482.jpg", "samples/CAM_BACK_LEFT/n008-2018-07-27-12-07-38-0400__CAM_BACK_LEFT__1532708190447405.jpg", "samples/CAM_BACK/n008-2018-07-27-12-07-38-0400__CAM_BACK__1532708190437558.jpg", "samples/CAM_BACK_RIGHT/n008-2018-07-27-12-07-38-0400__CAM_BACK_RIGHT__1532708190428113.jpg"], "intrinsics": [[[1257.8625342125129, 0.0, 827.2410631095686], [0.0, 1257.8625342125129, 450.915498205774], [0.0, 0.0, 1.0]], [[1252.8131021185304, 0.0, 826.588114781398], [0.0, 1252.8131021185304, 469.9846626224581], [0.0, 0.0, 1.0]], [[1256.7485116440405, 0.0, 817.7887570959712], [0.0, 1256.7485116440403, 451.9541780095127], [0.0, 0.0, 1.0]], [[1254.9860565800168, 0.0, 829.5769333630991], [0.0, 1254.9860565800168, 467.1680561863987], [0.0, 0.0, 1.0]], [[796.8910634503094, 0.0, 857.7774326863696], [0.0, 796.8910634503094, 476.8848988407415], [0.0, 0.0, 1.0]], [[1249.9629280788233, 0.0, 825.3768045375984], [0.0, 1249.9629280788233, 462.54816385708756], [0.0, 0.0, 1.0]]], "extrinsics": [[[0.8221843838691711, -0.5691853761672974, -0.006398627068847418, -0.71661376953125], [0.016713589429855347, 0.03537578880786896, -0.9992343187332153, 1.4939994812011719], [0.5689758658409119, 0.8214479088783264, 0.038598548620939255, -1.1378173828125], [0.0, 0.0, 0.0, 1.0]], [[0.009732311591506004, -0.9994693994522095, -0.031082799658179283, 0.0106201171875], [0.018684864044189453, 0.03126061335206032, -0.9993366003036499, 1.4854354858398438], [0.9997780919075012, 0.009145044721662998, 0.018979188054800034, -1.448333740234375], [0.0, 0.0, 0.0, 1.0]], [[-0.8440521359443665, -0.5351408123970032, -0.03464742377400398, 0.90484619140625], [0.026716411113739014, 0.022566378116607666, -0.9993883371353149, 1.4989433288574219], [0.5355952978134155, -0.8444614410400391, -0.004750157706439495, -1.1575927734375], [0.0, 0.0, 0.0, 1.0]], [[0.9478615522384644, 0.3183944523334503, 0.013549098744988441, -1.1397705078125], [0.00159686547704041, 0.03777015954256058, -0.9992851614952087, 1.5620384216308594], [-0.318678617477417, 0.9472056031227112, 0.03529244661331177, -0.1578369140625], [0.0, 0.0, 0.0, 1.0]], [[0.00929891038686037, 0.9994980692863464, 0.030284898355603218, -0.0286865234375], [0.003711922559887171, 0.03025149554014206, -0.9995353817939758, 1.5683517456054688], [-0.9999498724937439, 0.009406992234289646, -0.0034287520684301853, -0.0394134521484375], [0.0, 0.0, 0.0, 1.0]], [[-0.9235219359397888, 0.38352200388908386, -0.0042563872411847115, 1.012603759765625], [0.007739144377410412, 0.007538367062807083, -0.9999416470527649, 1.5490379333496094], [-0.38346752524375916, -0.9235009551048279, -0.009929977357387543, -0.103759765625], [0.0, 0.0, 0.0, 1.0]]], "view": [[0.0, -2.0, 100.0], [-2.0, 0.0, 100.0], [0.0, 0.0, 1.0]], "bev": "bev_19dd91e8619a4fd19b8acfc0cd7ff2b4.png", "aux": "aux_19dd91e8619a4fd19b8acfc0cd7ff2b4.npz", "visibility": "visibility_19dd91e8619a4fd19b8acfc0cd7ff2b4.png", "pose": [[-0.856034517288208, -0.5169187188148499, 0.0, 996.7352294921875], [0.5169187188148499, -0.856034517288208, 0.0, 1268.527099609375], [0.0, 0.0, 1.0, 0.0], [0.0, 0.0, 0.0, 1.0]], "pose_inverse": [[-0.856034517288208, 0.5169187188148499, 0.0, 197.51434326171875], [-0.5169187188148499, -0.856034517288208, 0.0, 1601.134033203125], [0.0, 0.0, 1.0, 0.0], [0.0, 0.0, 0.0, 1.0]], "cam_ids": [0, 1, 2, 3, 4, 5], "cam_channels": ["CAM_FRONT_LEFT", "CAM_FRONT", "CAM_FRONT_RIGHT", "CAM_BACK_LEFT", "CAM_BACK", "CAM_BACK_RIGHT"], "token": "19dd91e8619a4fd19b8acfc0cd7ff2b4", "scene": "scene-0229"}, {"images": ["samples/CAM_FRONT_LEFT/n008-2018-07-27-12-07-38-0400__CAM_FRONT_LEFT__1532708190904799.jpg", "samples/CAM_FRONT/n008-2018-07-27-12-07-38-0400__CAM_FRONT__1532708190912404.jpg", "samples/CAM_FRONT_RIGHT/n008-2018-07-27-12-07-38-0400__CAM_FRONT_RIGHT__1532708190920482.jpg", "samples/CAM_BACK_LEFT/n008-2018-07-27-12-07-38-0400__CAM_BACK_LEFT__1532708190947405.jpg", "samples/CAM_BACK/n008-2018-07-27-12-07-38-0400__CAM_BACK__1532708190937558.jpg", "samples/CAM_BACK_RIGHT/n008-2018-07-27-12-07-38-0400__CAM_BACK_RIGHT__1532708190928113.jpg"], "intrinsics": [[[1257.8625342125129, 0.0, 827.2410631095686], [0.0, 1257.8625342125129, 450.915498205774], [0.0, 0.0, 1.0]], [[1252.8131021185304, 0.0, 826.588114781398], [0.0, 1252.8131021185304, 469.9846626224581], [0.0, 0.0, 1.0]], [[1256.7485116440405, 0.0, 817.7887570959712], [0.0, 1256.7485116440403, 451.9541780095127], [0.0, 0.0, 1.0]], [[1254.9860565800168, 0.0, 829.5769333630991], [0.0, 1254.9860565800168, 467.1680561863987], [0.0, 0.0, 1.0]], [[796.8910634503094, 0.0, 857.7774326863696], [0.0, 796.8910634503094, 476.8848988407415], [0.0, 0.0, 1.0]], [[1249.9629280788233, 0.0, 825.3768045375984], [0.0, 1249.9629280788233, 462.54816385708756], [0.0, 0.0, 1.0]]], "extrinsics": [[[0.822041392326355, -0.5693743228912354, -0.00780772278085351, -0.7081298828125], [0.015068627893924713, 0.03545815497636795, -0.999257504940033, 1.4936599731445312], [0.5692284107208252, 0.8213133811950684, 0.037727758288383484, -1.1298828125], [0.0, 0.0, 0.0, 1.0]], [[0.009635362774133682, -0.99947190284729, -0.03102990798652172, 0.009521484375], [0.017069952562451363, 0.031191229820251465, -0.9993677139282227, 1.4851913452148438], [0.9998078346252441, 0.009099636226892471, 0.017361478880047798, -1.4378509521484375], [0.0, 0.0, 0.0, 1.0]], [[-0.8441141843795776, -0.5351350903511047, -0.033190663903951645, 0.89678955078125], [0.025139575824141502, 0.022333087399601936, -0.9994344115257263, 1.49884033203125], [0.5355737209320068, -0.844471275806427, -0.005398608278483152, -1.1533203125], [0.0, 0.0, 0.0, 1.0]], [[0.9478842616081238, 0.3184148967266083, 0.011289249174296856, -1.13604736328125], [-0.0005518354591913521, 0.03707289323210716, -0.9993124008178711, 1.5620307922363281], [-0.31861451268196106, 0.9472261667251587, 0.03531652316451073, -0.1588134765625], [0.0, 0.0, 0.0, 1.0]], [[0.009361306205391884, 0.999514102935791, 0.029728565365076065, -0.0284423828125], [0.0015556700527668, 0.029715271666646004, -0.9995571374893188, 1.5681915283203125],