[{"images": ["samples/CAM_FRONT_LEFT/n008-2018-09-18-13-41-50-0400__CAM_FRONT_LEFT__1537293276254799.jpg", "samples/CAM_FRONT/n008-2018-09-18-13-41-50-0400__CAM_FRONT__1537293276262404.jpg", "samples/CAM_FRONT_RIGHT/n008-2018-09-18-13-41-50-0400__CAM_FRONT_RIGHT__1537293276270482.jpg", "samples/CAM_BACK_LEFT/n008-2018-09-18-13-41-50-0400__CAM_BACK_LEFT__1537293276297405.jpg", "samples/CAM_BACK/n008-2018-09-18-13-41-50-0400__CAM_BACK__1537293276287558.jpg", "samples/CAM_BACK_RIGHT/n008-2018-09-18-13-41-50-0400__CAM_BACK_RIGHT__1537293276278113.jpg"], "intrinsics": [[[1257.8625342125129, 0.0, 827.2410631095686], [0.0, 1257.8625342125129, 450.915498205774], [0.0, 0.0, 1.0]], [[1252.8131021185304, 0.0, 826.588114781398], [0.0, 1252.8131021185304, 469.9846626224581], [0.0, 0.0, 1.0]], [[1256.7485116440405, 0.0, 817.7887570959712], [0.0, 1256.7485116440403, 451.9541780095127], [0.0, 0.0, 1.0]], [[1254.9860565800168, 0.0, 829.5769333630991], [0.0, 1254.9860565800168, 467.1680561863987], [0.0, 0.0, 1.0]], [[796.8910634503094, 0.0, 857.7774326863696], [0.0, 796.8910634503094, 476.8848988407415], [0.0, 0.0, 1.0]], [[1249.9629280788233, 0.0, 825.3768045375984], [0.0, 1249.9629280788233, 462.54816385708756], [0.0, 0.0, 1.0]]], "extrinsics": [[[0.8225484490394592, -0.5686326026916504, 0.00843124557286501, -0.982666015625], [0.010537497699260712, 0.00041648256592452526, -0.9999443888664246, 1.4885787963867188], [0.5685974955558777, 0.8225914835929871, 0.006334541365504265, -1.3184814453125], [0.0, 0.0, 0.0, 1.0]], [[0.010301735252141953, -0.9999394416809082, 0.0038621947169303894, 0.00592041015625], [0.012584677897393703, -0.0037324426230043173, -0.9999138116836548, 1.4804401397705078], [0.9998677372932434, 0.010349459946155548, 0.012545465491712093, -1.712890625], [0.0, 0.0, 0.0, 1.0]], [[-0.8439092636108398, -0.5363773107528687, -0.010789332911372185, 1.0765380859375], [0.02069917321205139, -0.012457720935344696, -0.9997081160545349, 1.4934272766113281], [0.53608638048172, -0.8438863158226013, 0.021615752950310707, -1.268310546875], [0.0, 0.0, 0.0, 1.0]], [[0.947880208492279, 0.3186103105545044, -0.003279494121670723, -1.1439208984375], [-0.004347039852291346, 0.0026396550238132477, -0.9999870657920837, 1.5620431900024414], [-0.3185974657535553, 0.9478821158409119, 0.00388708827085793, -0.1561279296875], [0.0, 0.0, 0.0, 1.0]], [[0.009170572273433208, 0.9999459981918335, -0.004907133523374796, -0.0289306640625], [-0.0023366857785731554, -0.0048858970403671265, -0.9999853372573853, 1.5680482387542725], [-0.9999552369117737, 0.009181932546198368, 0.002291752491146326, 0.0379638671875], [0.0, 0.0, 0.0, 1.0]], [[-0.9237159490585327, 0.382885217666626, -0.012152794748544693, 1.149169921875], [0.0017294124700129032, -0.027555717155337334, -0.9996187686920166, 1.547842025756836], [-0.38307416439056396, -0.9233847856521606, 0.02479148842394352, -0.04824066162109375], [0.0, 0.0, 0.0, 1.0]]], "view": [[0.0, -2.0, 100.0], [-2.0, 0.0, 100.0], [0.0, 0.0, 1.0]], "bev": "bev_0a98aa541cc547dd853201cbbe842e38.png", "aux": "aux_0a98aa541cc547dd853201cbbe842e38.npz", "visibility": "visibility_0a98aa541cc547dd853201cbbe842e38.png", "pose": [[0.48321881890296936, -0.8754996061325073, 0.0, 1664.74560546875], [0.8754996061325073, 0.48321881890296936, 0.0, 1255.8802490234375], [0.0, 0.0, 1.0, 0.0], [0.0, 0.0, 0.0, 1.0]], "pose_inverse": [[0.48321881890296936, 0.8754996061325073, 0.0, -1903.9591064453125], [-0.8754996061325073, 0.48321881890296936, 0.0, 850.6192016601562], [0.0, 0.0, 1.0, 0.0], [0.0, 0.0, 0.0, 1.0]], "cam_ids": [0, 1, 2, 3, 4, 5], "cam_channels": ["CAM_FRONT_LEFT", "CAM_FRONT", "CAM_FRONT_RIGHT", "CAM_BACK_LEFT", "CAM_BACK", "CAM_BACK_RIGHT"], "token": "0a98aa541cc547dd853201cbbe842e38", "scene": "scene-0598"}, {"images": ["samples/CAM_FRONT_LEFT/n008-2018-09-18-13-41-50-0400__CAM_FRONT_LEFT__1537293276754799.jpg", "samples/CAM_FRONT/n008-2018-09-18-13-41-50-0400__CAM_FRONT__1537293276762404.jpg", "samples/CAM_FRONT_RIGHT/n008-2018-09-18-13-41-50-0400__CAM_FRONT_RIGHT__1537293276770482.jpg", "samples/CAM_BACK_LEFT/n008-2018-09-18-13-41-50-0400__CAM_BACK_LEFT__1537293276797405.jpg", "samples/CAM_BACK/n008-2018-09-18-13-41-50-0400__CAM_BACK__1537293276787558.jpg", "samples/CAM_BACK_RIGHT/n008-2018-09-18-13-41-50-0400__CAM_BACK_RIGHT__1537293276778113.jpg"], "intrinsics": [[[1257.8625342125129, 0.0, 827.2410631095686], [0.0, 1257.8625342125129, 450.915498205774], [0.0, 0.0, 1.0]], [[1252.8131021185304, 0.0, 826.588114781398], [0.0, 1252.8131021185304, 469.9846626224581], [0.0, 0.0, 1.0]], [[1256.7485116440405, 0.0, 817.7887570959712], [0.0, 1256.7485116440403, 451.9541780095127], [0.0, 0.0, 1.0]], [[1254.9860565800168, 0.0, 829.5769333630991], [0.0, 1254.9860565800168, 467.1680561863987], [0.0, 0.0, 1.0]], [[796.8910634503094, 0.0, 857.7774326863696], [0.0, 796.8910634503094, 476.8848988407415], [0.0, 0.0, 1.0]], [[1249.9629280788233, 0.0, 825.3768045375984], [0.0, 1249.9629280788233, 462.54816385708756], [0.0, 0.0, 1.0]]], "extrinsics": [[[0.8224324584007263, -0.56875079870224, 0.011291314847767353, -0.94140625], [0.01457188744097948, 0.001220721984282136, -0.999893069267273, 1.4894218444824219], [0.568676233291626, 0.8225089907646179, 0.009291733615100384, -1.28955078125], [0.0, 0.0, 0.0, 1.0]], [[0.01017665583640337, -0.9999436736106873, 0.0030270249117165804, 0.0062255859375], [0.01651294343173504, -0.002858714433386922, -0.9998595714569092, 1.4812202453613281], [0.9998118877410889, 0.010225213132798672, 0.016482919454574585, -1.6705322265625], [0.0, 0.0, 0.0, 1.0]], [[-0.8439068794250488, -0.5362926125526428, -0.014542179182171822, 1.0487060546875], [0.024542253464460373, -0.011513382196426392, -0.9996324777603149, 1.4942970275878906], [0.5359280705451965, -0.8439536094665527, 0.022878050804138184, -1.250732421875], [0.0, 0.0, 0.0, 1.0]], [[0.9478916525840759, 0.3185926675796509, 0.00039767325506545603, -1.1427001953125], [-0.0008426558924838901, 0.0037553184665739536, -0.9999926090240479, 1.5620436668395996], [-0.31859177350997925, 0.9478842616081238, 0.0038281003944575787, -0.1563720703125], [0.0, 0.0, 0.0, 1.0]], [[0.00922477524727583, 0.9999502301216125, -0.003794339718297124, -0.0286865234375], [0.001316248090006411, -0.0038066396955400705, -0.9999918937683105, 1.568087100982666], [-0.9999566078186035, 0.009219659492373466, -0.0013512992300093174, 0.025146484375], [0.0, 0.0, 0.0, 1.0]], [[-0.9236403703689575, 0.38295647501945496, -0.015258419327437878, 1.127197265625], [0.005507049150764942, -0.026546824723482132, -0.9996323585510254, 1.5480175018310547], [-0.38322076201438904, -0.9233848452568054, 0.022410759702324867, -0.0573577880859375], [0.0, 0.0, 0.0, 1.0]]], "view": [[0.0, -2.0, 100.0], [-2.0, 0.0, 100.0], [0.0, 0.0, 1.0]], "bev": "bev_a2a279d8397a49438f8f1a31f851d334.png", "aux": "aux_a2a279d8397a49438f8f1a31f851d334.npz", "visibility": "visibility_a2a279d8397a49438f8f1a31f851d334.png", "pose": [[0.4825449287891388, -0.8758712410926819, 0.0, 1665.0428466796875], [0.8758712410926819, 0.4825449287891388, 0.0, 1256.413330078125], [0.0, 0.0, 1.0, 0.0], [0.0, 0.0, 0.0, 1.0]], "pose_inverse": [[0.4825449287891388, 0.8758712410926819, 0.0, -1903.914306640625], [-0.8758712410926819, 0.4825449287891388, 0.0, 852.0872192382812], [0.0, 0.0, 1.0, 0.0], [0.0, 0.0, 0.0, 1.0]], "cam_ids": [0, 1, 2, 3, 4, 5], "cam_channels": ["CAM_FRONT_LEFT", "CAM_FRONT", "CAM_FRONT_RIGHT", "CAM_BACK_LEFT", "CAM_BACK", "CAM_BACK_RIGHT"], "token": "a2a279d8397a49438f8f1a31f851d334", "scene": "scene-0598"}, {"images": ["samples/CAM_FRONT_LEFT/n008-2018-09-18-13-41-50-0400__CAM_FRONT_LEFT__1537293277254799.jpg", "samples/CAM_FRONT/n008-2018-09-18-13-41-50-0400__CAM_FRONT__1537293277262404.jpg", "samples/CAM_FRONT_RIGHT/n008-2018-09-18-13-41-50-0400__CAM_FRONT_RIGHT__1537293277270482.jpg", "samples/CAM_BACK_LEFT/n008-2018-09-18-13-41-50-0400__CAM_BACK_LEFT__1537293277297405.jpg", "samples/CAM_BACK/n008-2018-09-18-13-41-50-0400__CAM_BACK__1537293277287558.jpg", "samples/CAM_BACK_RIGHT/n008-2018-09-18-13-41-50-0400__CAM_BACK_RIGHT__1537293277278113.jpg"], "intrinsics": [[[1257.8625342125129, 0.0, 827.2410631095686], [0.0, 1257.8625342125129, 450.915498205774], [0.0, 0.0, 1.0]], [[1252.8131021185304, 0.0, 826.588114781398], [0.0, 1252.8131021185304, 469.9846626224581], [0.0, 0.0, 1.0]], [[1256.7485116440405, 0.0, 817.7887570959712], [0.0, 1256.7485116440403, 451.9541780095127], [0.0, 0.0, 1.0]], [[1254.9860565800168, 0.0, 829.5769333630991], [0.0, 1254.9860565800168, 467.1680561863987], [0.0, 0.0, 1.0]], [[796.8910634503094, 0.0, 857.7774326863696], [0.0, 796.8910634503094, 476.8848988407415], [0.0, 0.0, 1.0]], [[1249.9629280788233, 0.0, 825.3768045375984], [0.0, 1249.9629280788233, 462.54816385708756], [0.0, 0.0, 1.0]]], "extrinsics": [[[0.8225337862968445, -0.5685548186302185, 0.013546900823712349, -0.908935546875], [0.01692967116832733, 0.0006688398425467312, -0.9998564720153809, 1.4902782440185547], [0.5684641599655151, 0.8226450681686401, 0.01017558854073286, -1.2669677734375], [0.0, 0.0, 0.0, 1.0]], [[0.010317301377654076, -0.9999402165412903, 0.0036035163793712854, 0.00653076171875], [0.01895764283835888, -0.0034074585419148207, -0.9998144507408142, 1.4819984436035156], [0.999767005443573, 0.010383706539869308, 0.018921352922916412, -1.6380615234375], [0.0, 0.0, 0.0, 1.0]], [[-0.8438076972961426, -0.536396324634552, -0.01635381206870079, 1.0274658203125], [0.027039848268032074, -0.012061591260135174, -0.999561607837677, 1.4950981140136719], [0.5359639525413513, -0.8438799977302551, 0.024681739509105682, -1.2373046875], [0.0, 0.0, 0.0, 1.0]], [[0.9478780627250671, 0.3186226487159729, 0.002607701811939478, -1.142333984375], [0.0016839676536619663, 0.0031745636370033026, -0.9999935030937195, 1.562044620513916], [-0.3186289072036743, 0.9478763341903687, 0.0024725475814193487, -0.15673828125], [0.0, 0.0, 0.0, 1.0]], [[0.009183269925415516, 0.9999485015869141, -0.004330433439463377, -0.02874755859375], [0.003829625202342868, -0.004365755245089531, -0.9999831318855286, 1.5681724548339844], [-0.9999504089355469, 0.009166537784039974, -0.003869520267471671, 0.0157470703125], [0.0, 0.0, 0.0, 1.0]], [[-0.9236301183700562, 0.3828720152378082, -0.01778555102646351, 1.110595703125], [0.008015024475753307, -0.027099208906292915, -0.9996006488800049, 1.548248291015625], [-0.3832009434700012, -0.9234038591384888, 0.021960921585559845, -0.06431198120117188], [0.0, 0.0, 0.0, 1.0]]], "view": [[0.0, -2.0, 100.0], [-2.0, 0.0, 100.0], [0.0, 0.0, 1.0]], "bev": "bev_193127d9663e413590afbaf52f32d054.png", "aux": "aux_193127d9663e413590afbaf52f32d054.npz", "visibility": "visibility_193127d9663e413590afbaf52f32d054.png", "pose": [[0.48226985335350037, -0.8760226964950562, 0.0, 1665.5924072265625], [0.8760226964950562, 0.48226985335350037, 0.0, 1257.4088134765625], [0.0, 0.0, 1.0, 0.0], [0.0, 0.0, 0.0, 1.0]], "pose_inverse": [[0.48226985335350037, 0.8760226964950562, 0.0, -1904.78369140625], [-0.8760226964950562, 0.48226985335350037, 0.0, 852.6864624023438], [0.0, 0.0, 1.0, 0.0], [0.0, 0.0, 0.0, 1.0]], "cam_ids": [0, 1, 2, 3, 4, 5], "cam_channels": ["CAM_FRONT_LEFT", "CAM_FRONT", "CAM_FRONT_RIGHT", "CAM_BACK_LEFT", "CAM_BACK", "CAM_BACK_RIGHT"], "token": "193127d9663e413590afbaf52f32d054", "scene": "scene-0598"}, {"images": ["samples/CAM_FRONT_LEFT/n008-2018-09-18-13-41-50-0400__CAM_FRONT_LEFT__1537293277754799.jpg", "samples/CAM_FRONT/n008-2018-09-18-13-41-50-0400__CAM_FRONT__1537293277762404.jpg", "samples/CAM_FRONT_RIGHT/n008-2018-09-18-13-41-50-0400__CAM_FRONT_RIGHT__1537293277770482.jpg", "samples/CAM_BACK_LEFT/n008-2018-09-18-13-41-50-0400__CAM_BACK_LEFT__1537293277797405.jpg", "samples/CAM_BACK/n008-2018-09-18-13-41-50-0400__CAM_BACK__1537293277787570.jpg", "samples/CAM_BACK_RIGHT/n008-2018-09-18-13-41-50-0400__CAM_BACK_RIGHT__1537293277778113.jpg"], "intrinsics": [[[1257.8625342125129, 0.0, 827.2410631095686], [0.0, 1257.8625342125129, 450.915498205774], [0.0, 0.0, 1.0]], [[1252.8131021185304, 0.0, 826.588114781398], [0.0, 1252.8131021185304, 469.9846626224581], [0.0, 0.0, 1.0]], [[1256.7485116440405, 0.0, 817.7887570959712], [0.0, 1256.7485116440403, 451.9541780095127], [0.0, 0.0, 1.0]], [[1254.9860565800168, 0.0, 829.5769333630991], [0.0, 1254.9860565800168, 467.1680561863987], [0.0, 0.0, 1.0]], [[796.8910634503094, 0.0, 857.7774326863696], [0.0, 796.8910634503094, 476.8848988407415], [0.0, 0.0, 1.0]], [[1249.9629280788233, 0.0, 825.3768045375984], [0.0, 1249.9629280788233, 462.54816385708756], [0.0, 0.0, 1.0]]], "extrinsics": [[[0.822724461555481, -0.5684332251548767, 0.002867485862225294, -0.8798828125], [0.003391680307686329, -0.0001355481072096154, -0.9999942183494568, 1.4888076782226562], [0.5684302449226379, 0.8227294683456421, 0.0018164230277761817, -1.247802734375], [0.0, 0.0, 0.0, 1.0]], [[0.010547528974711895, -0.9999352693557739, 0.004274660721421242, 0.00738525390625], [0.005242658779025078, -0.00421953946352005, -0.9999773502349854, 1.4808311462402344], [0.9999306201934814, 0.01056972797960043, 0.005197813734412193, -1.6082763671875], [0.0, 0.0, 0.0, 1.0]], [[-0.8438767790794373, -0.5365204811096191, -0.004214142914861441, 1.0069580078125], [0.013188835233449936, -0.012891077436506748, -0.9998299479484558, 1.4943885803222656], [0.5363749265670776, -0.8437888622283936, 0.017954561859369278, -1.2236328125], [0.0, 0.0, 0.0, 1.0]], [[0.9478341341018677, 0.318573921918869, -0.011011109687387943, -1.134765625], [-0.012384083122015, 0.002284619025886059, -0.9999207258224487, 1.5619258880615234], [-0.31852346658706665, 0.9478952288627625, 0.006110685877501965, -0.1591796875], [0.0, 0.0, 0.0, 1.0]], [[0.009083690121769905, 0.9999446868896484, -0.005315616261214018, -0.02880859375], [-0.010182094760239124, -0.005223066080361605, -0.9999344944953918, 1.5676288604736328], [-0.9999069571495056, 0.009137220680713654, 0.010134086012840271, 0.001708984375], [0.0, 0.0, 0.0, 1.0]], [[-0.923827052116394, 0.3827742636203766, -0.005239127669483423, 1.092041015625], [-0.005911674350500107, -0.027949510142207146, -0.9995918273925781, 1.5473823547363281], [-0.38276445865631104, -0.9234190583229065, 0.028083348646759987, -0.0717010498046875], [0.0, 0.0, 0.0, 1.0]]], "view": [[0.0, -2.0, 100.0], [-2.0, 0.0, 100.0], [0.0, 0.0, 1.0]], "bev": "bev_934a9fe5588b45dba8c7228cfd2cad1b.png", "aux": "aux_934a9fe5588b45dba8c7228cfd2cad1b.npz", "visibility": "visibility_934a9fe5588b45dba8c7228cfd2cad1b.png", "pose": [[0.48289918899536133, -0.8756759762763977, 0.0, 1666.3427734375], [0.8756759762763977, 0.48289918899536133, 0.0, 1258.7645263671875], [0.0, 0.0, 1.0, 0.0], [0.0, 0.0, 0.0, 1.0]], "pose_inverse": [[0.48289918899536133, 0.8756759762763977, 0.0, -1906.9454345703125], [-0.8756759762763977, 0.48289918899536133, 0.0, 851.3199462890625], [0.0, 0.0, 1.0, 0.0], [0.0, 0.0, 0.0, 1.0]], "cam_ids": [0, 1, 2, 3, 4, 5], "cam_channels": ["CAM_FRONT_LEFT", "CAM_FRONT", "CAM_FRONT_RIGHT", "CAM_BACK_LEFT", "CAM_BACK", "CAM_BACK_RIGHT"], "token": "934a9fe5588b45dba8c7228cfd2cad1b", "scene": "scene-0598"}, {"images": ["samples/CAM_FRONT_LEFT/n008-2018-09-18-13-41-50-0400__CAM_FRONT_LEFT__1537293278254799.jpg", "samples/CAM_FRONT/n008-2018-09-18-13-41-50-0400__CAM_FRONT__1537293278262404.jpg", "samples/CAM_FRONT_RIGHT/n008-2018-09-18-13-41-50-0400__CAM_FRONT_RIGHT__1537293278270482.jpg", "samples/CAM_BACK_LEFT/n008-2018-09-18-13-41-50-0400__CAM_BACK_LEFT__1537293278297405.jpg", "samples/CAM_BACK/n008-2018-09-18-13-41-50-0400__CAM_BACK__1537293278287558.jpg", "samples/CAM_BACK_RIGHT/n008-2018-09-18-13-41-50-0400__CAM_BACK_RIGHT__1537293278278113.jpg"], "intrinsics": [[[1257.8625342125129, 0.0, 827.2410631095686], [0.0, 1257.8625342125129, 450.915498205774], [0.0, 0.0, 1.0]], [[1252.8131021185304, 0.0, 826.588114781398], [0.0, 1252.8131021185304, 469.9846626224581], [0.0, 0.0, 1.0]], [[1256.7485116440405, 0.0, 817.7887570959712], [0.0, 1256.7485116440403, 451.9541780095127], [0.0, 0.0, 1.0]], [[1254.9860565800168, 0.0, 829.5769333630991], [0.0, 1254.9860565800168, 467.1680561863987], [0.0, 0.0, 1.0]], [[796.8910634503094, 0.0, 857.7774326863696], [0.0, 796.8910634503094, 476.8848988407415], [0.0, 0.0, 1.0]], [[1249.9629280788233, 0.0, 825.3768045375984], [0.0, 1249.9629280788233, 462.54816385708756], [0.0, 0.0, 1.0]]], "extrinsics": [[[0.8237380385398865, -0.5669700503349304, 0.0007838175515644252, -0.895263671875], [-0.0005436459323391318, -0.0021723138634115458, -0.9999974966049194, 1.488221526145935], [0.5669703483581543, 0.8237355351448059, -0.002097648335620761, -1.25762939453125], [0.0, 0.0, 0.0, 1.0]], [[0.012041217647492886, -0.9999073147773743, 0.006355757359415293, 0.00677490234375], [0.0014224103651940823, -0.006339084357023239, -0.9999788999557495, 1.4803237915039062], [0.9999264478683472, 0.012049967423081398, 0.0013459476176649332, -1.625732421875], [0.0, 0.0, 0.0, 1.0]], [[-0.8432714939117432, -0.537487804889679, 0.0001168187809525989, 1.01953125], [0.009449302218854427, -0.015042438171803951, -0.9998421669006348, 1.4938716888427734], [0.5374047756195068, -0.8431373834609985, 0.017763745039701462, -1.23193359375], [0.0, 0.0, 0.0, 1.0]], [[0.9477777481079102, 0.3185817301273346, -0.014930332079529762, -1.1405029296875], [-0.01581420935690403, 0.00018799507233779877, -0.9998749494552612, 1.5619831085205078], [-0.3185391426086426, 0.947895348072052, 0.005216296296566725, -0.157470703125], [0.0, 0.0, 0.0, 1.0]], [[0.00862003955990076, 0.9999345541000366, -0.0075214398093521595, -0.02862548828125], [-0.013771925121545792, -0.007402288261801004, -0.9998777508735657, 1.5676040649414062], [-0.9998680353164673, 0.008722610771656036, 0.013707216829061508, 0.0111083984375], [0.0, 0.0, 0.0, 1.0]], [[-0.9241583347320557, 0.38200047612190247, -0.0026334829162806273, 1.103759765625], [-0.009603193961083889, -0.03012310527265072, -0.9995000958442688, 1.5472259521484375], [-0.381888747215271, -0.9236711263656616, 0.031506944447755814, -0.06699752807617188], [0.0, 0.0, 0.0, 1.0]]], "view": [[0.0, -2.0, 100.0], [-2.0, 0.0, 100.0], [0.0, 0.0, 1.0]], "bev": "bev_10bfa99f5d5e46588c1f0946f5b26a70.png", "aux": "aux_10bfa99f5d5e46588c1f0946f5b26a70.npz", "visibility": "visibility_10bfa99f5d5e46588c1f0946f5b26a70.png", "pose": [[0.4928043484687805, -0.8701401352882385, 0.0, 1667.1214599609375], [0.8701401352882385, 0.4928043484687805, 0.0, 1260.154052734375], [0.0, 0.0, 1.0, 0.0], [0.0, 0.0, 0.0, 1.0]], "pose_inverse": [[0.4928043484687805, 0.8701401352882385, 0.0, -1918.0753173828125], [-0.8701401352882385, 0.4928043484687805, 0.0, 829.6199340820312], [0.0, 0.0, 1.0, 0.0], [0.0, 0.0, 0.0, 1.0]], "cam_ids": [0, 1, 2, 3, 4, 5], "cam_channels": ["CAM_FRONT_LEFT", "CAM_FRONT", "CAM_FRONT_RIGHT", "CAM_BACK_LEFT", "CAM_BACK", "CAM_BACK_RIGHT"], "token": "10bfa99f5d5e46588c1f0946f5b26a70", "scene": "scene-0598"}, {"images": ["samples/CAM_FRONT_LEFT/n008-2018-09-18-13-41-50-0400__CAM_FRONT_LEFT__1537293278754799.jpg", "samples/CAM_FRONT/n008-2018-09-18-13-41-50-0400__CAM_FRONT__1537293278762404.jpg", "samples/CAM_FRONT_RIGHT/n008-2018-09-18-13-41-50-0400__CAM_FRONT_RIGHT__1537293278770482.jpg", "samples/CAM_BACK_LEFT/n008-2018-09-18-13-41-50-0400__CAM_BACK_LEFT__1537293278797405.jpg", "samples/CAM_BACK/n008-2018-09-18-13-41-50-0400__CAM_BACK__1537293278787558.jpg", "samples/CAM_BACK_RIGHT/n008-2018-09-18-13-41-50-0400__CAM_BACK_RIGHT__1537293278778113.jpg"], "intrinsics": [[[1257.8625342125129, 0.0, 827.2410631095686], [0.0, 1257.8625342125129, 450.915498205774], [0.0, 0.0, 1.0]], [[1252.8131021185304, 0.0, 826.588114781398], [0.0, 1252.8131021185304, 469.9846626224581], [0.0, 0.0, 1.0]], [[1256.7485116440405, 0.0, 817.7887570959712], [0.0, 1256.7485116440403, 451.9541780095127], [0.0, 0.0, 1.0]], [[1254.9860565800168, 0.0, 829.5769333630991], [0.0, 1254.9860565800168, 467.1680561863987], [0.0, 0.0, 1.0]], [[796.8910634503094, 0.0, 857.7774326863696], [0.0, 796.8910634503094, 476.8848988407415], [0.0, 0.0, 1.0]], [[1249.9629280788233, 0.0, 825.3768045375984], [0.0, 1249.9629280788233, 462.54816385708756], [0.0, 0.0, 1.0]]], "extrinsics": [[[0.8236123919487, -0.5671514272689819, 0.001383751048706472, -0.91064453125], [0.0018597125308588147, 0.00026083842385560274, -0.9999982714653015, 1.4885058403015137], [0.5671499967575073, 0.8236135244369507, 0.0012695681070908904, -1.268707275390625], [0.0, 0.0, 0.0, 1.0]], [[0.011830600909888744, -0.9999222159385681, 0.003938533365726471, 0.00665283203125], [0.0038394457660615444, -0.0038933544419705868, -0.9999850988388062, 1.4805307388305664], [0.9999226331710815, 0.011845565401017666, 0.0037930861581116915, -1.640380859375], [0.0, 0.0, 0.0, 1.0]], [[-0.843349277973175, -0.5373560786247253, -0.0032328723464161158, 1.0286865234375], [0.011876142583787441, -0.012623565271496773, -0.999849796295166, 1.4939498901367188], [0.5372346043586731, -0.8432610034942627, 0.01702779345214367, -1.23779296875], [0.0, 0.0, 0.0, 1.0]], [[0.9478158950805664, 0.31858956813812256, -0.01206596102565527, -1.1402587890625], [-0.013516925275325775, 0.0023438676726073027, -0.9999058842658997, 1.5619926452636719], [-0.3185313642024994, 0.9478898048400879, 0.006527909077703953, -0.157470703125], [0.0, 0.0, 0.0, 1.0]], [[0.008698086254298687, 0.9999485611915588, -0.00521263899281621, -0.02886962890625], [-0.011415400542318821, -0.005113201681524515, -0.9999217391014099, 1.5677261352539062], [-0.9998970031738281, 0.008756945841014385, 0.011370338499546051, 0.01513671875], [0.0, 0.0, 0.0, 1.0]], [[-0.9241089224815369, 0.3821084797382355, -0.0039685918018221855, 1.11083984375], [-0.007184769958257675, -0.02775774523615837, -0.9995888471603394, 1.5474324226379395], [-0.38206154108047485, -0.9237005114555359, 0.028396544978022575, -0.06405353546142578], [0.0, 0.0, 0.0, 1.0]]], "view": [[0.0, -2.0, 100.0], [-2.0, 0.0, 100.0], [0.0, 0.0, 1.0]], "bev": "bev_1a9bcfdd0a064eec8987fec61d489a6c.png", "aux": "aux_1a9bcfdd0a064eec8987fec61d489a6c.npz", "visibility": "visibility_1a9bcfdd0a064eec8987fec61d489a6c.png", "pose": [[0.5100818872451782, -0.8601258397102356, 0.0, 1667.8228759765625], [0.8601258397102356, 0.5100818872451782, 0.0, 1261.36328125], [0.0, 0.0, 1.0, 0.0], [0.0, 0.0, 0.0, 1.0]], "pose_inverse": [[0.5100818872451782, 0.8601258397102356, 0.0, -1935.6573486328125], [-0.8601258397102356, 0.5100818872451782, 0.0, 791.1390380859375], [0.0, 0.0, 1.0, 0.0], [0.0, 0.0, 0.0, 1.0]], "cam_ids": [0, 1, 2, 3, 4, 5], "cam_channels": ["CAM_FRONT_LEFT", "CAM_FRONT", "CAM_FRONT_RIGHT", "CAM_BACK_LEFT", "CAM_BACK", "CAM_BACK_RIGHT"], "token": "1a9bcfdd0a064eec8987fec61d489a6c", "scene": "scene-0598"}, {"images": ["samples/CAM_FRONT_LEFT/n008-2018-09-18-13-41-50-0400__CAM_FRONT_LEFT__1537293279254799.jpg", "samples/CAM_FRONT/n008-2018-09-18-13-41-50-0400__CAM_FRONT__1537293279262404.jpg", "samples/CAM_FRONT_RIGHT/n008-2018-09-18-13-41-50-0400__CAM_FRONT_RIGHT__1537293279270482.jpg", "samples/CAM_BACK_LEFT/n008-2018-09-18-13-41-50-0400__CAM_BACK_LEFT__1537293279297405.jpg", "samples/CAM_BACK/n008-2018-09-18-13-41-50-0400__CAM_BACK__1537293279287558.jpg", "samples/CAM_BACK_RIGHT/n008-2018-09-18-13-41-50-0400__CAM_BACK_RIGHT__1537293279278122.jpg"], "intrinsics": [[[1257.8625342125129, 0.0, 827.2410631095686], [0.0, 1257.8625342125129, 450.915498205774], [0.0, 0.0, 1.0]], [[1252.8131021185304, 0.0, 826.588114781398], [0.0, 1252.8131021185304, 469.9846626224581], [0.0, 0.0, 1.0]], [[1256.7485116440405, 0.0, 817.7887570959712], [0.0, 1256.7485116440403, 451.9541780095127], [0.0, 0.0, 1.0]], [[1254.9860565800168, 0.0, 829.5769333630991], [0.0, 1254.9860565800168, 467.1680561863987], [0.0, 0.0, 1.0]], [[796.8910634503094, 0.0, 857.7774326863696], [0.0, 796.8910634503094, 476.8848988407415], [0.0, 0.0, 1.0]], [[1249.9629280788233, 0.0, 825.3768045375984], [0.0, 1249.9629280788233, 462.54816385708756], [0.0, 0.0, 1.0]]], "extrinsics": [[[0.8257288336753845, -0.5640584230422974, 0.0031857024878263474, -0.9222412109375], [0.0049484544433653355, 0.0015963275218382478, -0.999986469745636, 1.4887866973876953], [0.5640456676483154, 0.8257333636283875, 0.00410935003310442, -1.2777099609375], [0.0, 0.0, 0.0, 1.0]], [[0.014983070082962513, -0.9998846650123596, 0.002496487693861127, 0.00714111328125], [0.007067613769322634, -0.002390799345448613, -0.9999721646308899, 1.4807538986206055], [0.999862790107727, 0.015000337734818459, 0.007030976936221123, -1.651611328125], [0.0, 0.0, 0.0, 1.0]], [[-0.8419969081878662, -0.539437472820282, -0.006966658867895603, 1.0360107421875], [0.015269167721271515, -0.0109209343791008, -0.9998237490653992, 1.4940719604492188], [0.5392662882804871, -0.8419548869132996, 0.017432155087590218, -1.2420654296875], [0.0, 0.0, 0.0, 1.0]], [[0.9477957487106323, 0.318785697221756, -0.0076737431809306145, -1.1396484375], [-0.00967124942690134, 0.004683610517531633, -0.9999422430992126, 1.5620002746582031], [-0.3187313973903656, 0.9478152990341187, 0.007522162515670061, -0.1575927734375], [0.0, 0.0, 0.0, 1.0]], [[0.007688268553465605, 0.9999656081199646, -0.0030970871448516846, -0.02886962890625], [-0.0077176447957754135, -0.0030377490911632776, -0.9999656081199646, 1.567854881286621], [-0.9999406933784485, 0.007711879909038544, 0.0076940241269767284, 0.017578125], [0.0, 0.0, 0.0, 1.0]], [[-0.9247876405715942, 0.38042789697647095, -0.006505860015749931, 1.1162109375], [-0.0036278776824474335, -0.0259146336466074, -0.9996575713157654, 1.5476465225219727], [-0.38046616315841675, -0.9244474172592163, 0.025345679372549057, -0.06153106689453125], [0.0, 0.0, 0.0, 1.0]]], "view": [[0.0, -2.0, 100.0], [-2.0, 0.0, 100.0], [0.0, 0.0, 1.0]], "bev": "bev_5d8124a73d804cebb560d18f734dc07c.png", "aux": "aux_5d8124a73d804cebb560d18f734dc07c.npz", "visibility": "visibility_5d8124a73d804cebb560d18f734dc07c.png", "pose": [[0.5465772151947021, -0.837408721446991, 0.0, 1668.46728515625], [0.837408721446991, 0.5465772151947021, 0.0, 1262.3883056640625], [0.0, 0.0, 1.0, 0.0], [0.0, 0.0, 0.0, 1.0]], "pose_inverse": [[0.5465772151947021, 0.837408721446991, 0.0, -1969.0811767578125], [-0.837408721446991, 0.5465772151947021, 0.0, 707.1963500976562], [0.0, 0.0, 1.0, 0.0], [0.0, 0.0, 0.0, 1.0]], "cam_ids": [0, 1, 2, 3, 4, 5], "cam_channels": ["CAM_FRONT_LEFT", "CAM_FRONT", "CAM_FRONT_RIGHT", "CAM_BACK_LEFT", "CAM_BACK", "CAM_BACK_RIGHT"], "token": "5d8124a73d804cebb560d18f734dc07c", "scene": "scene-0598"}, {"images": ["samples/CAM_FRONT_LEFT/n008-2018-09-18-13-41-50-0400__CAM_FRONT_LEFT__1537293279754799.jpg", "samples/CAM_FRONT/n008-2018-09-18-13-41-50-0400__CAM_FRONT__1537293279762404.jpg", "samples/CAM_FRONT_RIGHT/n008-2018-09-18-13-41-50-0400__CAM_FRONT_RIGHT__1537293279771102.jpg", "samples/CAM_BACK_LEFT/n008-2018-09-18-13-41-50-0400__CAM_BACK_LEFT__1537293279797405.jpg", "samples/CAM_BACK/n008-2018-09-18-13-41-50-0400__CAM_BACK__1537293279787558.jpg", "samples/CAM_BACK_RIGHT/n008-2018-09-18-13-41-50-0400__CAM_BACK_RIGHT__1537293279778113.jpg"], "intrinsics": [[[1257.8625342125129, 0.0, 827.2410631095686], [0.0, 1257.8625342125129, 450.915498205774], [0.0, 0.0, 1.0]], [[1252.8131021185304, 0.0, 826.588114781398], [0.0, 1252.8131021185304, 469.9846626224581], [0.0, 0.0, 1.0]], [[1256.7485116440405, 0.0, 817.7887570959712], [0.0, 1256.7485116440403, 451.9541780095127], [0.0, 0.0, 1.0]], [[1254.9860565800168, 0.0, 829.5769333630991], [0.0, 1254.9860565800168, 467.1680561863987], [0.0, 0.0, 1.0]], [[796.8910634503094, 0.0, 857.7774326863696], [0.0, 796.8910634503094, 476.8848988407415], [0.0, 0.0, 1.0]], [[1249.9629280788233, 0.0, 825.3768045375984], [0.0, 1249.9629280788233, 462.54816385708756], [0.0, 0.0, 1.0]]], "extrinsics": [[[0.8274223804473877, -0.5615525245666504, 0.005572503432631493, -0.9254150390625], [0.009560146369040012, 0.004163597710430622, -0.9999456405639648, 1.4892139434814453], [0.5614988207817078, 0.8274306654930115, 0.008813578635454178, -1.27923583984375], [0.0, 0.0, 0.0, 1.0]], [[0.017452403903007507, -0.9998477101325989, 0.00017639793804846704, 0.00677490234375], [0.01166098564863205, 2.713100730034057e-05, -0.9999319911003113, 1.4810981750488281], [0.9997796416282654, 0.017453232780098915, 0.011659681797027588, -1.65478515625], [0.0, 0.0, 0.0, 1.0]], [[-0.8409775495529175, -0.540936291217804, -0.012029457837343216, 1.039306640625], [0.019881408661603928, -0.008676051162183285, -0.9997646808624268, 1.4942817687988281], [0.540704607963562, -0.841018795967102, 0.018050940707325935, -1.2445068359375], [0.0, 0.0, 0.0, 1.0]], [[0.9477749466896057, 0.318928062915802, -0.0027441612910479307, -1.1397705078125], [-0.005013431888073683, 0.006294625345617533, -0.999967634677887, 1.562021255493164], [-0.31890055537223816, 0.9477580189704895, 0.00756481196731329, -0.1575927734375], [0.0, 0.0, 0.0, 1.0]], [[0.006911378353834152, 0.9999753832817078, -0.0012286094715818763, -0.02880859375], [-0.003081616712734103, -0.0012073332909494638, -0.9999945163726807, 1.5679845809936523], [-0.9999713897705078, 0.006915135774761438, 0.003073196392506361, 0.0189208984375], [0.0, 0.0, 0.0, 1.0]], [[-0.9252872467041016, 0.37913525104522705, -0.009996788576245308, 1.118408203125], [0.001016355468891561, -0.02387937530875206, -0.9997143149375916, 1.5478601455688477], [-0.37926560640335083, -0.9250330924987793, 0.021709945052862167, -0.06109619140625], [0.0, 0.0, 0.0, 1.0]]], "view": [[0.0, -2.0, 100.0], [-2.0, 0.0, 100.0], [0.0, 0.0, 1.0]], "bev": "bev_96273ff837f84325ad2b37d77f6a4428.png", "aux": "aux_96273ff837f84325ad2b37d77f6a4428.npz", "visibility": "visibility_96273ff837f84325ad2b37d77f6a4428.png", "pose": [[0.6137701869010925, -0.7894847393035889, 0.0, 1669.103271484375], [0.7894847393035889, 0.6137701869010925, 0.0, 1263.271240234375], [0.0, 0.0, 1.0, 0.0], [0.0, 0.0, 0.0, 1.0]], "pose_inverse": [[0.6137701869010925, 0.7894847393035889, 0.0, -2021.7791748046875], [-0.7894847393035889, 0.6137701869010925, 0.0, 542.3733520507812], [0.0, 0.0, 1.0, 0.0], [0.0, 0.0, 0.0, 1.0]], "cam_ids": [0, 1, 2, 3, 4, 5], "cam_channels": ["CAM_FRONT_LEFT", "CAM_FRONT", "CAM_FRONT_RIGHT", "CAM_BACK_LEFT", "CAM_BACK", "CAM_BACK_RIGHT"], "token": "96273ff837f84325ad2b37d77f6a4428", "scene": "scene-0598"}, {"images": ["samples/CAM_FRONT_LEFT/n008-2018-09-18-13-41-50-0400__CAM_FRONT_LEFT__1537293280254799.jpg", "samples/CAM_FRONT/n008-2018-09-18-13-41-50-0400__CAM_FRONT__1537293280262404.jpg", "samples/CAM_FRONT_RIGHT/n008-2018-09-18-13-41-50-0400__CAM_FRONT_RIGHT__1537293280270482.jpg", "samples/CAM_BACK_LEFT/n008-2018-09-18-13-41-50-0400__CAM_BACK_LEFT__1537293280297405.jpg", "samples/CAM_BACK/n008-2018-09-18-13-41-50-0400__CAM_BACK__1537293280287558.jpg", "samples/CAM_BACK_RIGHT/n008-2018-09-18-13-41-50-0400__CAM_BACK_RIGHT__1537293280278113.jpg"], "intrinsics": [[[1257.8625342125129, 0.0, 827.2410631095686], [0.0, 1257.8625342125129, 450.915498205774], [0.0, 0.0, 1.0]], [[1252.8131021185304, 0.0, 826.588114781398], [0.0, 1252.8131021185304, 469.9846626224581], [0.0, 0.0, 1.0]], [[1256.7485116440405, 0.0, 817.7887570959712], [0.0, 1256.7485116440403, 451.9541780095127], [0.0, 0.0, 1.0]], [[1254.9860565800168, 0.0, 829.5769333630991], [0.0, 1254.9860565800168, 467.1680561863987], [0.0, 0.0, 1.0]], [[796.8910634503094, 0.0, 857.7774326863696], [0.0, 796.8910634503094, 476.8848988407415], [0.0, 0.0, 1.0]], [[1249.9629280788233, 0.0, 825.3768045375984], [0.0, 1249.9629280788233, 462.54816385708756], [0.0, 0.0, 1.0]]], "extrinsics": [[[0.8293740749359131, -0.5586134791374207, 0.0094637181609869, -0.9168701171875], [0.0165756456553936, 0.007671265862882137, -0.9998331665992737, 1.4900836944580078], [0.5584477782249451, 0.829392671585083, 0.01562172919511795, -1.27215576171875], [0.0, 0.0, 0.0, 1.0]], [[0.02041131816804409, -0.9997863173484802, -0.003260588739067316, 0.006134033203125], [0.018669435754418373, 0.0036418442614376545, -0.9998190999031067, 1.4818344116210938], [0.9996173977851868, 0.02034677378833294, 0.01873978041112423, -1.6455078125], [0.0, 0.0, 0.0, 1.0]], [[-0.8395390510559082, -0.5429356694221497, -0.019871817901730537, 1.0316162109375], [0.026850273832678795, -0.004931417293846607, -0.9996272325515747, 1.4949417114257812], [0.542635440826416, -0.839759886264801, 0.018718089908361435, -1.240234375], [0.0, 0.0, 0.0, 1.0]], [[0.9476860165596008, 0.3191659152507782, 0.004942084662616253, -1.13916015625], [0.0017482854891568422, 0.01029241643846035, -0.9999454617500305, 1.5620546340942383], [-0.3191993832588196, 0.947642982006073, 0.009195983409881592, -0.15728759765625], [0.0, 0.0, 0.0, 1.0]], [[0.005889809690415859, 0.9999790191650391, 0.0027161017060279846, -0.028289794921875], [0.0037525359075516462, 0.002694028662517667, -0.9999892711639404, 1.5681724548339844], [-0.9999756813049316, 0.005899900104850531, -0.003736589103937149, 0.015869140625], [0.0, 0.0, 0.0, 1.0]], [[-0.9258611798286438, 0.3775678277015686, -0.014951687306165695, 1.1134033203125], [0.007955368608236313, -0.020082833245396614, -0.9997667074203491, 1.548208236694336], [-0.3777799606323242, -0.9257642030715942, 0.015590227209031582, -0.06365966796875], [0.0, 0.0, 0.0, 1.0]]], "view": [[0.0, -2.0, 100.0], [-2.0, 0.0, 100.0], [0.0, 0.0, 1.0]], "bev": "bev_f7b2dc5281134aa4b523ff1218613539.png", "aux": "aux_f7b2dc5281134aa4b523ff1218613539.npz", "visibility": "visibility_f7b2dc5281134aa4b523ff1218613539.png", "pose": [[0.7070122957229614, -0.7072013020515442, 0.0, 1669.84423828125], [0.7072013020515442, 0.7070122957229614, 0.0, 1264.1112060546875], [0.0, 0.0, 1.0, 0.0], [0.0, 0.0, 0.0, 1.0]], "pose_inverse": [[0.7070122957229614, 0.7072013020515442, 0.0, -2074.58154296875], [-0.7072013020515442, 0.7070122957229614, 0.0, 287.1738586425781], [0.0, 0.0, 1.0, 0.0], [0.0, 0.0, 0.0, 1.0]], "cam_ids": [0, 1, 2, 3, 4, 5], "cam_channels": ["CAM_FRONT_LEFT", "CAM_FRONT", "CAM_FRONT_RIGHT", "CAM_BACK_LEFT", "CAM_BACK", "CAM_BACK_RIGHT"], "token": "f7b2dc5281134aa4b523ff1218613539", "scene": "scene-0598"}, {"images": ["samples/CAM_FRONT_LEFT/n008-2018-09-18-13-41-50-0400__CAM_FRONT_LEFT__1537293280654803.jpg", "samples/CAM_FRONT/n008-2018-09-18-13-41-50-0400__CAM_FRONT__1537293280662404.jpg", "samples/CAM_FRONT_RIGHT/n008-2018-09-18-13-41-50-0400__CAM_FRONT_RIGHT__1537293280670482.jpg", "samples/CAM_BACK_LEFT/n008-2018-09-18-13-41-50-0400__CAM_BACK_LEFT__1537293280697405.jpg", "samples/CAM_BACK/n008-2018-09-18-13-41-50-0400__CAM_BACK__1537293280687558.jpg", "samples/CAM_BACK_RIGHT/n008-2018-09-18-13-41-50-0400__CAM_BACK_RIGHT__1537293280678113.jpg"], "intrinsics": [[[1257.8625342125129, 0.0, 827.2410631095686], [0.0, 1257.8625342125129, 450.915498205774], [0.0, 0.0, 1.0]], [[1252.8131021185304, 0.0, 826.588114781398], [0.0, 1252.8131021185304, 469.9846626224581], [0.0, 0.0, 1.0]], [[1256.7485116440405, 0.0, 817.7887570959712], [0.0, 1256.7485116440403, 451.9541780095127], [0.0, 0.0, 1.0]], [[1254.9860565800168, 0.0, 829.5769333630991], [0.0, 1254.9860565800168, 467.1680561863987], [0.0, 0.0, 1.0]], [[796.8910634503094, 0.0, 857.7774326863696], [0.0, 796.8910634503094, 476.8848988407415], [0.0, 0.0, 1.0]], [[1249.9629280788233, 0.0, 825.3768045375984], [0.0, 1249.9629280788233, 462.54816385708756], [0.0, 0.0, 1.0]]], "extrinsics": [[[0.8318846225738525, -0.5548290610313416, 0.011517306789755821, -0.890625], [0.018252123147249222, 0.006611991673707962, -0.999811589717865, 1.4908180236816406], [0.5546483993530273, 0.8319380879402161, 0.01562722586095333, -1.25634765625], [0.0, 0.0, 0.0, 1.0]], [[0.024196119979023933, -0.9997053742408752, -0.001902127405628562, 0.007617950439453125], [0.020316388458013535, 0.0023940145038068295, -0.9997907280921936, 1.4824905395507812], [0.9995007514953613, 0.024152429774403572, 0.02036832831799984, -1.6201171875], [0.0, 0.0, 0.0, 1.0]], [[-0.8379034399986267, -0.5454383492469788, -0.020369241014122963, 1.0152587890625], [0.028439687564969063, -0.006360246334224939, -0.9995752573013306, 1.4956169128417969], [0.5450771450996399, -0.8381268978118896, 0.020841369405388832, -1.2288818359375], [0.0, 0.0, 0.0, 1.0]], [[0.9476418495178223, 0.31928715109825134, 0.005548681598156691, -1.1383056640625], [0.0030990117229521275, 0.008179841563105583, -0.9999617338180542, 1.5620660781860352], [-0.31932029128074646, 0.9476227760314941, 0.006762084551155567, -0.15753173828125], [0.0, 0.0, 0.0, 1.0]], [[0.0047177718952298164, 0.9999885559082031, 0.0008236869471147656, -0.02861344814300537], [0.005175336264073849, 0.0007992687169462442, -0.9999862313270569, 1.5682506561279297], [-0.9999755024909973, 0.00472206762060523, -0.005171506199985743, 0.0078125], [0.0, 0.0, 0.0, 1.0]], [[-0.9266510009765625, 0.3755403757095337, -0.016955949366092682, 1.0994873046875], [0.009479808621108532, -0.021746546030044556, -0.9997186064720154, 1.5484333038330078], [-0.3758033514022827, -0.9265509247779846, 0.016591407358646393, -0.0687255859375], [0.0, 0.0, 0.0, 1.0]]], "view": [[0.0, -2.0, 100.0], [-2.0, 0.0, 100.0], [0.0, 0.0, 1.0]], "bev": "bev_9b51f9a1038c4bddbc5f091e5ac1fec8.png", "aux": "aux_9b51f9a1038c4bddbc5f091e5ac1fec8.npz", "visibility": "visibility_9b51f9a1038c4bddbc5f091e5ac1fec8.png", "pose": [[0.79459547996521, -0.6071392297744751, 0.0, 1670.690185546875], [0.6071392297744751, 0.79459547996521, 0.0, 1264.847412109375], [0.0, 0.0, 1.0, 0.0], [0.0, 0.0, 0.0, 1.0]], "pose_inverse": [[0.79459547996521, 0.6071392297744751, 0.0, -2095.46142578125], [-0.6071392297744751, 0.79459547996521, 0.0, 9.29952621459961], [0.0, 0.0, 1.0, 0.0], [0.0, 0.0, 0.0, 1.0]], "cam_ids": [0, 1, 2, 3, 4, 5], "cam_channels": ["CAM_FRONT_LEFT", "CAM_FRONT", "CAM_FRONT_RIGHT", "CAM_BACK_LEFT", "CAM_BACK", "CAM_BACK_RIGHT"], "token": "9b51f9a1038c4bddbc5f091e5ac1fec8", "scene": "scene-0598"}, {"images": ["samples/CAM_FRONT_LEFT/n008-2018-09-18-13-41-50-0400__CAM_FRONT_LEFT__1537293281154799.jpg", "samples/CAM_FRONT/n008-2018-09-18-13-41-50-0400__CAM_FRONT__1537293281162404.jpg", "samples/CAM_FRONT_RIGHT/n008-2018-09-18-13-41-50-0400__CAM_FRONT_RIGHT__1537293281170482.jpg", "samples/CAM_BACK_LEFT/n008-2018-09-18-13-41-50-0400__CAM_BACK_LEFT__1537293281197405.jpg", "samples/CAM_BACK/n008-2018-09-18-13-41-50-0400__CAM_BACK__1537293281187558.jpg", "samples/CAM_BACK_RIGHT/n008-2018-09-18-13-41-50-0400__CAM_BACK_RIGHT__1537293281178113.jpg"], "intrinsics": [[[1257.8625342125129, 0.0, 827.2410631095686], [0.0, 1257.8625342125129, 450.915498205774], [0.0, 0.0, 1.0]], [[1252.8131021185304, 0.0, 826.588114781398], [0.0, 1252.8131021185304, 469.9846626224581], [0.0, 0.0, 1.0]], [[1256.7485116440405, 0.0, 817.7887570959712], [0.0, 1256.7485116440403, 451.9541780095127], [0.0, 0.0, 1.0]], [[1254.9860565800168, 0.0, 829.5769333630991], [0.0, 1254.9860565800168, 467.1680561863987], [0.0, 0.0, 1.0]], [[796.8910634503094, 0.0, 857.7774326863696], [0.0, 796.8910634503094, 476.8848988407415], [0.0, 0.0, 1.0]], [[1249.9629280788233, 0.0, 825.3768045375984], [0.0, 1249.9629280788233, 462.54816385708756], [0.0, 0.0, 1.0]]], "extrinsics": [[[0.8337473273277283, -0.5520783066749573, 0.00865614041686058, -0.86181640625], [0.014315352775156498, 0.005941702984273434, -0.9998798370361328, 1.4908065795898438], [0.5519605875015259, 0.8337711095809937, 0.012857074849307537, -1.2347412109375], [0.0, 0.0, 0.0, 1.0]], [[0.02705858275294304, -0.9996330738067627, -0.001231996575370431, 0.00665283203125], [0.0162824559956789, 0.0016730251954868436, -0.9998660683631897, 1.4825286865234375], [0.9995011687278748, 0.02703491784632206, 0.016321752220392227, -1.58984375], [0.0, 0.0, 0.0, 1.0]], [[-0.836724579334259, -0.5473761558532715, -0.01646796613931656, 0.994384765625], [0.024347754195332527, -0.007142622023820877, -0.9996780157089233, 1.4958267211914062], [0.5470824241638184, -0.8368561863899231, 0.019303789362311363, -1.21685791015625], [0.0, 0.0, 0.0, 1.0]], [[0.9475300908088684, 0.31966516375541687, 0.0009691120940260589, -1.13525390625], [-0.0013671515043824911, 0.007083984557539225, -0.9999740123748779, 1.5620357990264893], [-0.31966373324394226, 0.9475040435791016, 0.007149319630116224, -0.1584625244140625], [0.0, 0.0, 0.0, 1.0]], [[0.003643225645646453, 0.9999933242797852, -0.00020185158064123243, -0.02777099609375], [0.0007894515874795616, -0.00020472879987210035, -0.999