[{"images": ["samples/CAM_FRONT_LEFT/n008-2018-08-28-16-16-48-0400__CAM_FRONT_LEFT__1535487962754799.jpg", "samples/CAM_FRONT/n008-2018-08-28-16-16-48-0400__CAM_FRONT__1535487962762404.jpg", "samples/CAM_FRONT_RIGHT/n008-2018-08-28-16-16-48-0400__CAM_FRONT_RIGHT__1535487962770482.jpg", "samples/CAM_BACK_LEFT/n008-2018-08-28-16-16-48-0400__CAM_BACK_LEFT__1535487962797405.jpg", "samples/CAM_BACK/n008-2018-08-28-16-16-48-0400__CAM_BACK__1535487962787821.jpg", "samples/CAM_BACK_RIGHT/n008-2018-08-28-16-16-48-0400__CAM_BACK_RIGHT__1535487962778113.jpg"], "intrinsics": [[[1257.8625342125129, 0.0, 827.2410631095686], [0.0, 1257.8625342125129, 450.915498205774], [0.0, 0.0, 1.0]], [[1252.8131021185304, 0.0, 826.588114781398], [0.0, 1252.8131021185304, 469.9846626224581], [0.0, 0.0, 1.0]], [[1256.7485116440405, 0.0, 817.7887570959712], [0.0, 1256.7485116440403, 451.9541780095127], [0.0, 0.0, 1.0]], [[1254.9860565800168, 0.0, 829.5769333630991], [0.0, 1254.9860565800168, 467.1680561863987], [0.0, 0.0, 1.0]], [[796.8910634503094, 0.0, 857.7774326863696], [0.0, 796.8910634503094, 476.8848988407415], [0.0, 0.0, 1.0]], [[1249.9629280788233, 0.0, 825.3768045375984], [0.0, 1249.9629280788233, 462.54816385708756], [0.0, 0.0, 1.0]]], "extrinsics": [[[0.8224244713783264, -0.5684846043586731, -0.02105405367910862, -0.94464111328125], [0.005204356275498867, 0.04452728480100632, -0.9989945888519287, 1.4886093139648438], [0.5688505172729492, 0.8214880228042603, 0.03957892581820488, -1.2933349609375], [0.0, 0.0, 0.0, 1.0]], [[0.010030710138380527, -0.9991337060928345, -0.04038659855723381, 0.0069580078125], [0.007140783127397299, 0.040459174662828445, -0.9991557002067566, 1.4805526733398438], [0.9999241828918457, 0.009733928367495537, 0.0075404345989227295, -1.6753311157226562], [0.0, 0.0, 0.0, 1.0]], [[-0.844109833240509, -0.5353392958641052, -0.029836583882570267, 1.0523681640625], [0.015146357007324696, 0.03181694075465202, -0.9993789196014404, 1.4937400817871094], [0.5359561443328857, -0.8440375924110413, -0.018748559057712555, -1.2523193359375], [0.0, 0.0, 0.0, 1.0]], [[0.9479228854179382, 0.3184571862220764, 0.005226584617048502, -1.1441650390625], [-0.010319032706320286, 0.04710884392261505, -0.9988364577293396, 1.562042236328125], [-0.3183329105377197, 0.9467659592628479, 0.047941721975803375, -0.1561279296875], [0.0, 0.0, 0.0, 1.0]], [[0.009410344995558262, 0.9991761445999146, 0.039477404206991196, -0.0289306640625], [-0.00817667692899704, 0.039554718881845474, -0.9991838932037354, 1.5679168701171875], [-0.9999223947525024, 0.009079823270440102, 0.008542163297533989, 0.028150558471679688], [0.0, 0.0, 0.0, 1.0]], [[-0.9236620664596558, 0.3830755949020386, 0.010074798949062824, 1.13018798828125], [-0.003933358937501907, 0.016811834648251534, -0.9998509287834167, 1.5476722717285156], [-0.3831879198551178, -0.9235639572143555, -0.014021679759025574, -0.0555419921875], [0.0, 0.0, 0.0, 1.0]]], "view": [[0.0, -2.0, 100.0], [-2.0, 0.0, 100.0], [0.0, 0.0, 1.0]], "bev": "bev_3a9e7dcbb1ae49e0abb0d3a30c147e3e.png", "aux": "aux_3a9e7dcbb1ae49e0abb0d3a30c147e3e.npz", "visibility": "visibility_3a9e7dcbb1ae49e0abb0d3a30c147e3e.png", "pose": [[-0.8732402920722961, -0.4872898459434509, 0.0, 819.5652465820312], [0.4872898459434509, -0.8732402920722961, 0.0, 1376.9862060546875], [0.0, 0.0, 1.0, 0.0], [0.0, 0.0, 0.0, 1.0]], "pose_inverse": [[-0.8732402920722961, 0.4872898459434509, 0.0, 44.68601608276367], [-0.4872898459434509, -0.8732402920722961, 0.0, 1601.8056640625], [0.0, 0.0, 1.0, 0.0], [0.0, 0.0, 0.0, 1.0]], "cam_ids": [0, 1, 2, 3, 4, 5], "cam_channels": ["CAM_FRONT_LEFT", "CAM_FRONT", "CAM_FRONT_RIGHT", "CAM_BACK_LEFT", "CAM_BACK", "CAM_BACK_RIGHT"], "token": "3a9e7dcbb1ae49e0abb0d3a30c147e3e", "scene": "scene-0676"}, {"images": ["samples/CAM_FRONT_LEFT/n008-2018-08-28-16-16-48-0400__CAM_FRONT_LEFT__1535487963254799.jpg", "samples/CAM_FRONT/n008-2018-08-28-16-16-48-0400__CAM_FRONT__1535487963262404.jpg", "samples/CAM_FRONT_RIGHT/n008-2018-08-28-16-16-48-0400__CAM_FRONT_RIGHT__1535487963270482.jpg", "samples/CAM_BACK_LEFT/n008-2018-08-28-16-16-48-0400__CAM_BACK_LEFT__1535487963297405.jpg", "samples/CAM_BACK/n008-2018-08-28-16-16-48-0400__CAM_BACK__1535487963287558.jpg", "samples/CAM_BACK_RIGHT/n008-2018-08-28-16-16-48-0400__CAM_BACK_RIGHT__1535487963278113.jpg"], "intrinsics": [[[1257.8625342125129, 0.0, 827.2410631095686], [0.0, 1257.8625342125129, 450.915498205774], [0.0, 0.0, 1.0]], [[1252.8131021185304, 0.0, 826.588114781398], [0.0, 1252.8131021185304, 469.9846626224581], [0.0, 0.0, 1.0]], [[1256.7485116440405, 0.0, 817.7887570959712], [0.0, 1256.7485116440403, 451.9541780095127], [0.0, 0.0, 1.0]], [[1254.9860565800168, 0.0, 829.5769333630991], [0.0, 1254.9860565800168, 467.1680561863987], [0.0, 0.0, 1.0]], [[796.8910634503094, 0.0, 857.7774326863696], [0.0, 796.8910634503094, 476.8848988407415], [0.0, 0.0, 1.0]], [[1249.9629280788233, 0.0, 825.3768045375984], [0.0, 1249.9629280788233, 462.54816385708756], [0.0, 0.0, 1.0]]], "extrinsics": [[[0.8222155570983887, -0.5687602162361145, -0.021755073219537735, -0.943603515625], [0.004249501042068005, 0.04435519129037857, -0.9990067481994629, 1.4885711669921875], [0.5691602826118469, 0.8213065266609192, 0.038886480033397675, -1.291748046875], [0.0, 0.0, 0.0, 1.0]], [[0.009751773439347744, -0.9991446733474731, -0.04018296301364899, 0.006591796875], [0.006216909736394882, 0.040244679898023605, -0.9991705417633057, 1.4805068969726562], [0.9999330639839172, 0.009493877179920673, 0.0066040512174367905, -1.6739692687988281], [0.0, 0.0, 0.0, 1.0]], [[-0.844232439994812, -0.5351963043212891, -0.02892010658979416, 1.05169677734375], [0.014239005744457245, 0.031543098390102386, -0.9994009137153625, 1.4937171936035156], [0.5357879400253296, -0.8441385626792908, -0.019009044393897057, -1.2523193359375], [0.0, 0.0, 0.0, 1.0]], [[0.9479339122772217, 0.3184375762939453, 0.004328876733779907, -1.14520263671875], [-0.011138306930661201, 0.046735238283872604, -0.9988452196121216, 1.5620574951171875], [-0.3182721734046936, 0.9467910528182983, 0.04784877598285675, -0.1556396484375], [0.0, 0.0, 0.0, 1.0]], [[0.009509093128144741, 0.9991901516914368, 0.03909900039434433, -0.0289306640625], [-0.009024560451507568, 0.03918492794036865, -0.999191164970398, 1.5679168701171875], [-0.9999140501022339, 0.009148554876446724, 0.009389866143465042, 0.028224945068359375], [0.0, 0.0, 0.0, 1.0]], [[-0.9236066341400146, 0.38318952918052673, 0.010792482644319534, 1.13018798828125], [-0.004845327232033014, 0.016481956467032433, -0.9998524188995361, 1.5476455688476562], [-0.38331082463264465, -0.9235226511955261, -0.013366165570914745, -0.055908203125], [0.0, 0.0, 0.0, 1.0]]], "view": [[0.0, -2.0, 100.0], [-2.0, 0.0, 100.0], [0.0, 0.0, 1.0]], "bev": "bev_a19959efcd76417a9e6671f6c044fd58.png", "aux": "aux_a19959efcd76417a9e6671f6c044fd58.npz", "visibility": "visibility_a19959efcd76417a9e6671f6c044fd58.png", "pose": [[-0.8744074702262878, -0.48519226908683777, 0.0, 818.8179321289062], [0.48519226908683777, -0.8744074702262878, 0.0, 1377.4161376953125], [0.0, 0.0, 1.0, 0.0], [0.0, 0.0, 0.0, 1.0]], "pose_inverse": [[-0.8744074702262878, 0.48519226908683777, 0.0, 47.66886901855469], [-0.48519226908683777, -0.8744074702262878, 0.0, 1601.7071533203125], [0.0, 0.0, 1.0, 0.0], [0.0, 0.0, 0.0, 1.0]], "cam_ids": [0, 1, 2, 3, 4, 5], "cam_channels": ["CAM_FRONT_LEFT", "CAM_FRONT", "CAM_FRONT_RIGHT", "CAM_BACK_LEFT", "CAM_BACK", "CAM_BACK_RIGHT"], "token": "a19959efcd76417a9e6671f6c044fd58", "scene": "scene-0676"}, {"images": ["samples/CAM_FRONT_LEFT/n008-2018-08-28-16-16-48-0400__CAM_FRONT_LEFT__1535487963754799.jpg", "samples/CAM_FRONT/n008-2018-08-28-16-16-48-0400__CAM_FRONT__1535487963762404.jpg", "samples/CAM_FRONT_RIGHT/n008-2018-08-28-16-16-48-0400__CAM_FRONT_RIGHT__1535487963770482.jpg", "samples/CAM_BACK_LEFT/n008-2018-08-28-16-16-48-0400__CAM_BACK_LEFT__1535487963797405.jpg", "samples/CAM_BACK/n008-2018-08-28-16-16-48-0400__CAM_BACK__1535487963787558.jpg", "samples/CAM_BACK_RIGHT/n008-2018-08-28-16-16-48-0400__CAM_BACK_RIGHT__1535487963778127.jpg"], "intrinsics": [[[1257.8625342125129, 0.0, 827.2410631095686], [0.0, 1257.8625342125129, 450.915498205774], [0.0, 0.0, 1.0]], [[1252.8131021185304, 0.0, 826.588114781398], [0.0, 1252.8131021185304, 469.9846626224581], [0.0, 0.0, 1.0]], [[1256.7485116440405, 0.0, 817.7887570959712], [0.0, 1256.7485116440403, 451.9541780095127], [0.0, 0.0, 1.0]], [[1254.9860565800168, 0.0, 829.5769333630991], [0.0, 1254.9860565800168, 467.1680561863987], [0.0, 0.0, 1.0]], [[796.8910634503094, 0.0, 857.7774326863696], [0.0, 796.8910634503094, 476.8848988407415], [0.0, 0.0, 1.0]], [[1249.9629280788233, 0.0, 825.3768045375984], [0.0, 1249.9629280788233, 462.54816385708756], [0.0, 0.0, 1.0]]], "extrinsics": [[[0.8223246932029724, -0.5686340928077698, -0.020912978798151016, -0.941162109375], [0.005837737582623959, 0.045181576162576675, -0.9989617466926575, 1.4887008666992188], [0.5689886212348938, 0.8213489055633545, 0.04047346115112305, -1.29052734375], [0.0, 0.0, 0.0, 1.0]], [[0.009903964586555958, -0.999110758304596, -0.04098372533917427, 0.0069580078125], [0.007786183152347803, 0.04106154665350914, -0.9991262555122375, 1.480621337890625], [0.999920666217804, 0.00957618746906519, 0.00818593055009842, -1.6717910766601562], [0.0, 0.0, 0.0, 1.0]], [[-0.8441548943519592, -0.5352205634117126, -0.03068304806947708, 1.05047607421875], [0.015807462856173515, 0.03235899284482002, -0.9993512630462646, 1.493804931640625], [0.5358662009239197, -0.8440923690795898, -0.018855523318052292, -1.251220703125], [0.0, 0.0, 0.0, 1.0]], [[0.9479297399520874, 0.31842249631881714, 0.006038403604179621, -1.1453857421875], [-0.009596985764801502, 0.047511015087366104, -0.9988245964050293, 1.5620574951171875], [-0.31833505630493164, 0.9467575550079346, 0.04809299483895302, -0.155517578125], [0.0, 0.0, 0.0, 1.0]], [[0.00944328960031271, 0.9991582036018372, 0.039923135191202164, -0.0289306640625], [-0.007463493384420872, 0.03999423235654831, -0.9991719722747803, 1.5679283142089844], [-0.9999276399612427, 0.009137461893260479, 0.007834884338080883, 0.027812957763671875], [0.0, 0.0, 0.0, 1.0]], [[-0.923633873462677, 0.38315504789352417, 0.0096253901720047, 1.1292724609375], [-0.0032439189963042736, 0.017297711223363876, -0.9998450875282288, 1.5476913452148438], [-0.38326218724250793, -0.9235220551490784, -0.014733828604221344, -0.056396484375], [0.0, 0.0, 0.0, 1.0]]], "view": [[0.0, -2.0, 100.0], [-2.0, 0.0, 100.0], [0.0, 0.0, 1.0]], "bev": "bev_619db2a4e53d46b4a66a9dd53a6272d0.png", "aux": "aux_619db2a4e53d46b4a66a9dd53a6272d0.npz", "visibility": "visibility_619db2a4e53d46b4a66a9dd53a6272d0.png", "pose": [[-0.8756371140480042, -0.4829696714878082, 0.0, 817.9893798828125], [0.4829696714878082, -0.8756371140480042, 0.0, 1377.8876953125], [0.0, 0.0, 1.0, 0.0], [0.0, 0.0, 0.0, 1.0]], "pose_inverse": [[-0.8756371140480042, 0.4829696714878082, 0.0, 50.78388977050781], [-0.4829696714878082, -0.8756371140480042, 0.0, 1601.5936279296875], [0.0, 0.0, 1.0, 0.0], [0.0, 0.0, 0.0, 1.0]], "cam_ids": [0, 1, 2, 3, 4, 5], "cam_channels": ["CAM_FRONT_LEFT", "CAM_FRONT", "CAM_FRONT_RIGHT", "CAM_BACK_LEFT", "CAM_BACK", "CAM_BACK_RIGHT"], "token": "619db2a4e53d46b4a66a9dd53a6272d0", "scene": "scene-0676"}, {"images": ["samples/CAM_FRONT_LEFT/n008-2018-08-28-16-16-48-0400__CAM_FRONT_LEFT__1535487964254799.jpg", "samples/CAM_FRONT/n008-2018-08-28-16-16-48-0400__CAM_FRONT__1535487964262404.jpg", "samples/CAM_FRONT_RIGHT/n008-2018-08-28-16-16-48-0400__CAM_FRONT_RIGHT__1535487964270482.jpg", "samples/CAM_BACK_LEFT/n008-2018-08-28-16-16-48-0400__CAM_BACK_LEFT__1535487964297405.jpg", "samples/CAM_BACK/n008-2018-08-28-16-16-48-0400__CAM_BACK__1535487964287558.jpg", "samples/CAM_BACK_RIGHT/n008-2018-08-28-16-16-48-0400__CAM_BACK_RIGHT__1535487964278113.jpg"], "intrinsics": [[[1257.8625342125129, 0.0, 827.2410631095686], [0.0, 1257.8625342125129, 450.915498205774], [0.0, 0.0, 1.0]], [[1252.8131021185304, 0.0, 826.588114781398], [0.0, 1252.8131021185304, 469.9846626224581], [0.0, 0.0, 1.0]], [[1256.7485116440405, 0.0, 817.7887570959712], [0.0, 1256.7485116440403, 451.9541780095127], [0.0, 0.0, 1.0]], [[1254.9860565800168, 0.0, 829.5769333630991], [0.0, 1254.9860565800168, 467.1680561863987], [0.0, 0.0, 1.0]], [[796.8910634503094, 0.0, 857.7774326863696], [0.0, 796.8910634503094, 476.8848988407415], [0.0, 0.0, 1.0]], [[1249.9629280788233, 0.0, 825.3768045375984], [0.0, 1249.9629280788233, 462.54816385708756], [0.0, 0.0, 1.0]]], "extrinsics": [[[0.8223729133605957, -0.5686032772064209, -0.019827721640467644, -0.9434814453125], [0.006511268205940723, 0.04425329715013504, -0.9989991188049316, 1.4887237548828125], [0.5689116716384888, 0.8214207291603088, 0.04009503871202469, -1.2923583984375], [0.0, 0.0, 0.0, 1.0]], [[0.009992270730435848, -0.9991471171379089, -0.04006441682577133, 0.007080078125], [0.008479236625134945, 0.040149640291929245, -0.9991576671600342, 1.4806365966796875], [0.9999140501022339, 0.009644108824431896, 0.00887318979948759, -1.6741409301757812], [0.0, 0.0, 0.0, 1.0]], [[-0.8441095948219299, -0.5352851748466492, -0.03080315701663494, 1.0518798828125], [0.01651095040142536, 0.031472284346818924, -0.9993681907653809, 1.4938163757324219], [0.5359163880348206, -0.8440849184989929, -0.017727993428707123, -1.2520751953125], [0.0, 0.0, 0.0, 1.0]], [[0.9479368925094604, 0.31839144229888916, 0.006516026332974434, -1.14471435546875], [-0.008823932148516178, 0.04671353101730347, -0.9988693594932556, 1.5620498657226562], [-0.3183358609676361, 0.9468076825141907, 0.04709094762802124, -0.1558837890625], [0.0, 0.0, 0.0, 1.0]], [[0.009414130821824074, 0.9991908073425293, 0.03910493850708008, -0.0289306640625], [-0.006732091307640076, 0.03916911035776138, -0.9992098808288574, 1.5679435729980469], [-0.9999330639839172, 0.009143396280705929, 0.0070953876711428165, 0.027935028076171875], [0.0, 0.0, 0.0, 1.0]], [[-0.923651397228241, 0.38313624262809753, 0.008640377782285213, 1.1300048828125], [-0.0025339897256344557, 0.016439732164144516, -0.9998616576194763, 1.5477218627929688], [-0.3832252621650696, -0.9235454797744751, -0.01421371940523386, -0.055908203125], [0.0, 0.0, 0.0, 1.0]]], "view": [[0.0, -2.0, 100.0], [-2.0, 0.0, 100.0], [0.0, 0.0, 1.0]], "bev": "bev_95401685545848eaa381586b9a616519.png", "aux": "aux_95401685545848eaa381586b9a616519.npz", "visibility": "visibility_95401685545848eaa381586b9a616519.png", "pose": [[-0.8768718838691711, -0.48072412610054016, 0.0, 817.1682739257812], [0.48072412610054016, -0.8768718838691711, 0.0, 1378.3529052734375], [0.0, 0.0, 1.0, 0.0], [0.0, 0.0, 0.0, 1.0]], "pose_inverse": [[-0.8768718838691711, 0.48072412610054016, 0.0, 53.94437026977539], [-0.48072412610054016, -0.8768718838691711, 0.0, 1601.471435546875], [0.0, 0.0, 1.0, 0.0], [0.0, 0.0, 0.0, 1.0]], "cam_ids": [0, 1, 2, 3, 4, 5], "cam_channels": ["CAM_FRONT_LEFT", "CAM_FRONT", "CAM_FRONT_RIGHT", "CAM_BACK_LEFT", "CAM_BACK", "CAM_BACK_RIGHT"], "token": "95401685545848eaa381586b9a616519", "scene": "scene-0676"}, {"images": ["samples/CAM_FRONT_LEFT/n008-2018-08-28-16-16-48-0400__CAM_FRONT_LEFT__1535487964754799.jpg", "samples/CAM_FRONT/n008-2018-08-28-16-16-48-0400__CAM_FRONT__1535487964762404.jpg", "samples/CAM_FRONT_RIGHT/n008-2018-08-28-16-16-48-0400__CAM_FRONT_RIGHT__1535487964770482.jpg", "samples/CAM_BACK_LEFT/n008-2018-08-28-16-16-48-0400__CAM_BACK_LEFT__1535487964797405.jpg", "samples/CAM_BACK/n008-2018-08-28-16-16-48-0400__CAM_BACK__1535487964787558.jpg", "samples/CAM_BACK_RIGHT/n008-2018-08-28-16-16-48-0400__CAM_BACK_RIGHT__1535487964778113.jpg"], "intrinsics": [[[1257.8625342125129, 0.0, 827.2410631095686], [0.0, 1257.8625342125129, 450.915498205774], [0.0, 0.0, 1.0]], [[1252.8131021185304, 0.0, 826.588114781398], [0.0, 1252.8131021185304, 469.9846626224581], [0.0, 0.0, 1.0]], [[1256.7485116440405, 0.0, 817.7887570959712], [0.0, 1256.7485116440403, 451.9541780095127], [0.0, 0.0, 1.0]], [[1254.9860565800168, 0.0, 829.5769333630991], [0.0, 1254.9860565800168, 467.1680561863987], [0.0, 0.0, 1.0]], [[796.8910634503094, 0.0, 857.7774326863696], [0.0, 796.8910634503094, 476.8848988407415], [0.0, 0.0, 1.0]], [[1249.9629280788233, 0.0, 825.3768045375984], [0.0, 1249.9629280788233, 462.54816385708756], [0.0, 0.0, 1.0]]], "extrinsics": [[[0.8229537606239319, -0.5677989721298218, -0.018748275935649872, -0.939697265625], [0.00675650080665946, 0.042780935764312744, -0.999061644077301, 1.4887619018554688], [0.5680682063102722, 0.8220548629760742, 0.039043065160512924, -1.2900390625], [0.0, 0.0, 0.0, 1.0]], [[0.010826676152646542, -0.9992011785507202, -0.03846936672925949, 0.0072021484375], [0.008752748370170593, 0.03856484591960907, -0.9992177486419678, 1.4806861877441406], [0.9999030828475952, 0.010481497272849083, 0.009163283742964268, -1.6703987121582031], [0.0, 0.0, 0.0, 1.0]], [[-0.8437603712081909, -0.5358718037605286, -0.030164306983351707, 1.04949951171875], [0.016820279881358147, 0.02977275662124157, -0.9994150996208191, 1.4938774108886719], [0.5364564657211304, -0.8437743186950684, -0.01610756106674671, -1.25048828125], [0.0, 0.0, 0.0, 1.0]], [[0.9479278922080994, 0.3184235692024231, 0.006263197399675846, -1.14501953125], [-0.008408595807850361, 0.04468093812465668, -0.9989659190177917, 1.5620574951171875], [-0.3183741569519043, 0.9468950033187866, 0.045031800866127014, -0.15576171875], [0.0, 0.0, 0.0, 1.0]], [[0.009160907939076424, 0.9992666244506836, 0.03717796504497528, -0.02880859375], [-0.006367389112710953, 0.03723706677556038, -0.9992861151695251, 1.5679397583007812], [-0.9999377727508545, 0.00891767255961895, 0.006703845225274563, 0.026948928833007812], [0.0, 0.0, 0.0, 1.0]], [[-0.9238280653953552, 0.38273143768310547, 0.007633193861693144, 1.1280517578125], [-0.002203958574682474, 0.01462195161730051, -0.9998906850814819, 1.5477256774902344], [-0.38280120491981506, -0.9237439036369324, -0.012664644978940487, -0.056640625], [0.0, 0.0, 0.0, 1.0]]], "view": [[0.0, -2.0, 100.0], [-2.0, 0.0, 100.0], [0.0, 0.0, 1.0]], "bev": "bev_c521fe055e9c447891e66cde01b4229d.png", "aux": "aux_c521fe055e9c447891e66cde01b4229d.npz", "visibility": "visibility_c521fe055e9c447891e66cde01b4229d.png", "pose": [[-0.874795138835907, -0.4844929873943329, 0.0, 816.401611328125], [0.4844929873943329, -0.874795138835907, 0.0, 1378.7879638671875], [0.0, 0.0, 1.0, 0.0], [0.0, 0.0, 0.0, 1.0]], "pose_inverse": [[-0.874795138835907, 0.4844929873943329, 0.0, 46.17103958129883], [-0.4844929873943329, -0.874795138835907, 0.0, 1601.6978759765625], [0.0, 0.0, 1.0, 0.0], [0.0, 0.0, 0.0, 1.0]], "cam_ids": [0, 1, 2, 3, 4, 5], "cam_channels": ["CAM_FRONT_LEFT", "CAM_FRONT", "CAM_FRONT_RIGHT", "CAM_BACK_LEFT", "CAM_BACK", "CAM_BACK_RIGHT"], "token": "c521fe055e9c447891e66cde01b4229d", "scene": "scene-0676"}, {"images": ["samples/CAM_FRONT_LEFT/n008-2018-08-28-16-16-48-0400__CAM_FRONT_LEFT__1535487965254799.jpg", "samples/CAM_FRONT/n008-2018-08-28-16-16-48-0400__CAM_FRONT__1535487965262404.jpg", "samples/CAM_FRONT_RIGHT/n008-2018-08-28-16-16-48-0400__CAM_FRONT_RIGHT__1535487965270482.jpg", "samples/CAM_BACK_LEFT/n008-2018-08-28-16-16-48-0400__CAM_BACK_LEFT__1535487965297405.jpg", "samples/CAM_BACK/n008-2018-08-28-16-16-48-0400__CAM_BACK__1535487965287558.jpg", "samples/CAM_BACK_RIGHT/n008-2018-08-28-16-16-48-0400__CAM_BACK_RIGHT__1535487965278113.jpg"], "intrinsics": [[[1257.8625342125129, 0.0, 827.2410631095686], [0.0, 1257.8625342125129, 450.915498205774], [0.0, 0.0, 1.0]], [[1252.8131021185304, 0.0, 826.588114781398], [0.0, 1252.8131021185304, 469.9846626224581], [0.0, 0.0, 1.0]], [[1256.7485116440405, 0.0, 817.7887570959712], [0.0, 1256.7485116440403, 451.9541780095127], [0.0, 0.0, 1.0]], [[1254.9860565800168, 0.0, 829.5769333630991], [0.0, 1254.9860565800168, 467.1680561863987], [0.0, 0.0, 1.0]], [[796.8910634503094, 0.0, 857.7774326863696], [0.0, 796.8910634503094, 476.8848988407415], [0.0, 0.0, 1.0]], [[1249.9629280788233, 0.0, 825.3768045375984], [0.0, 1249.9629280788233, 462.54816385708756], [0.0, 0.0, 1.0]]], "extrinsics": [[[0.8231818079948425, -0.5674993395805359, -0.017785292118787766, -0.937744140625], [0.00894279032945633, 0.044279661029577255, -0.9989791512489319, 1.489013671875], [0.5677075386047363, 0.8221823573112488, 0.04152523726224899, -1.287109375], [0.0, 0.0, 0.0, 1.0]], [[0.011179172433912754, -0.9991366267204285, -0.040012817829847336, 0.00634765625], [0.010946548543870449, 0.04013520106673241, -0.9991343021392822, 1.48089599609375], [0.9998776316642761, 0.010731471702456474, 0.011385775171220303, -1.6676597595214844], [0.0, 0.0, 0.0, 1.0]], [[-0.8435882925987244, -0.5359817147254944, -0.032901469618082047, 1.04718017578125], [0.019018886610865593, 0.03140997886657715, -0.9993256330490112, 1.494049072265625], [0.5366536974906921, -0.8436450958251953, -0.01630331389605999, -1.2498779296875], [0.0, 0.0, 0.0, 1.0]], [[0.9479345679283142, 0.3183400332927704, 0.008932534605264664, -1.1444091796875], [-0.006179821211844683, 0.04643084481358528, -0.9989023804664612, 1.5620498657226562], [-0.3184053599834442, 0.9468387961387634, 0.04598068445920944, -0.156005859375], [0.0, 0.0, 0.0, 1.0]], [[0.009048051200807095, 0.9992008805274963, 0.03893095627427101, -0.0286865234375], [-0.0041291075758636, 0.038969554007053375, -0.9992318749427795, 1.5679855346679688], [-0.9999505877494812, 0.008880391716957092, 0.004478407092392445, 0.025659561157226562], [0.0, 0.0, 0.0, 1.0]], [[-0.9238895177841187, 0.3826083838939667, 0.006232728250324726, 1.1265869140625], [8.30506905913353e-06, 0.01630798727273941, -0.9998670220375061, 1.5478134155273438], [-0.3826591372489929, -0.9237666130065918, -0.015069957822561264, -0.0577392578125], [0.0, 0.0, 0.0, 1.0]]], "view": [[0.0, -2.0, 100.0], [-2.0, 0.0, 100.0], [0.0, 0.0, 1.0]], "bev": "bev_29126f6351fb457889f6ac26365568c0.png", "aux": "aux_29126f6351fb457889f6ac26365568c0.npz", "visibility": "visibility_29126f6351fb457889f6ac26365568c0.png", "pose": [[-0.8679646849632263, -0.4966259002685547, 0.0, 815.5847778320312], [0.4966259002685547, -0.8679646849632263, 0.0, 1379.2548828125], [0.0, 0.0, 1.0, 0.0], [0.0, 0.0, 0.0, 1.0]], "pose_inverse": [[-0.8679646849632263, 0.4966259002685547, 0.0, 22.92510414123535], [-0.4966259002685547, -0.8679646849632263, 0.0, 1602.18505859375], [0.0, 0.0, 1.0, 0.0], [0.0, 0.0, 0.0, 1.0]], "cam_ids": [0, 1, 2, 3, 4, 5], "cam_channels": ["CAM_FRONT_LEFT", "CAM_FRONT", "CAM_FRONT_RIGHT", "CAM_BACK_LEFT", "CAM_BACK", "CAM_BACK_RIGHT"], "token": "29126f6351fb457889f6ac26365568c0", "scene": "scene-0676"}, {"images": ["samples/CAM_FRONT_LEFT/n008-2018-08-28-16-16-48-0400__CAM_FRONT_LEFT__1535487965754799.jpg", "samples/CAM_FRONT/n008-2018-08-28-16-16-48-0400__CAM_FRONT__1535487965762404.jpg", "samples/CAM_FRONT_RIGHT/n008-2018-08-28-16-16-48-0400__CAM_FRONT_RIGHT__1535487965770482.jpg", "samples/CAM_BACK_LEFT/n008-2018-08-28-16-16-48-0400__CAM_BACK_LEFT__1535487965797405.jpg", "samples/CAM_BACK/n008-2018-08-28-16-16-48-0400__CAM_BACK__1535487965787558.jpg", "samples/CAM_BACK_RIGHT/n008-2018-08-28-16-16-48-0400__CAM_BACK_RIGHT__1535487965778113.jpg"], "intrinsics": [[[1257.8625342125129, 0.0, 827.2410631095686], [0.0, 1257.8625342125129, 450.915498205774], [0.0, 0.0, 1.0]], [[1252.8131021185304, 0.0, 826.588114781398], [0.0, 1252.8131021185304, 469.9846626224581], [0.0, 0.0, 1.0]], [[1256.7485116440405, 0.0, 817.7887570959712], [0.0, 1256.7485116440403, 451.9541780095127], [0.0, 0.0, 1.0]], [[1254.9860565800168, 0.0, 829.5769333630991], [0.0, 1254.9860565800168, 467.1680561863987], [0.0, 0.0, 1.0]], [[796.8910634503094, 0.0, 857.7774326863696], [0.0, 796.8910634503094, 476.8848988407415], [0.0, 0.0, 1.0]], [[1249.9629280788233, 0.0, 825.3768045375984], [0.0, 1249.9629280788233, 462.54816385708756], [0.0, 0.0, 1.0]]], "extrinsics": [[[0.8233153223991394, -0.5672832727432251, -0.018486857414245605, -0.93450927734375], [0.0076225451193749905, 0.04361927881836891, -0.9990191459655762, 1.4888992309570312], [0.5675331950187683, 0.8223668932914734, 0.04023655876517296, -1.2860107421875], [0.0, 0.0, 0.0, 1.0]], [[0.011355344206094742, -0.999156653881073, -0.039458584040403366, 0.0068359375], [0.009599288925528526, 0.03956823796033859, -0.9991707801818848, 1.480804443359375], [0.9998894333839417, 0.010967169888317585, 0.010040503926575184, -1.6652841567993164], [0.0, 0.0, 0.0, 1.0]], [[-0.8435369729995728, -0.5361470580101013, -0.031492672860622406, 1.04620361328125], [0.01764187216758728, 0.03094508871436119, -0.9993653297424316, 1.4939918518066406], [0.536781370639801, -0.8435572981834412, -0.016644690185785294, -1.2486572265625], [0.0, 0.0, 0.0, 1.0]], [[0.9479175806045532, 0.3184303641319275, 0.007375646382570267, -1.145263671875], [-0.007775155361741781, 0.046282410621643066, -0.9988981485366821, 1.5620498657226562], [-0.3184208869934082, 0.9468157291412354, 0.04634775221347809, -0.1556396484375], [0.0, 0.0, 0.0, 1.0]], [[0.009007403627038002, 0.9992124438285828, 0.03864365443587303, -0.0289306640625], [-0.0056193252094089985, 0.038695190101861954, -0.9992352724075317, 1.5679512023925781], [-0.9999436736106873, 0.008783303201198578, 0.00596344331279397, 0.025922775268554688], [0.0, 0.0, 0.0, 1.0]], [[-0.9239295125007629, 0.3824913203716278, 0.0073948451317846775, 1.1259765625], [-0.001407969044521451, 0.01592986099421978, -0.9998721480369568, 1.5477523803710938], [-0.3825601637363434, -0.923821747303009, -0.014179530553519726, -0.0577392578125], [0.0, 0.0, 0.0, 1.0]]], "view": [[0.0, -2.0, 100.0], [-2.0, 0.0, 100.0], [0.0, 0.0, 1.0]], "bev": "bev_d438c13a1d6f44fc86a9ab54f583026e.png", "aux": "aux_d438c13a1d6f44fc86a9ab54f583026e.npz", "visibility": "visibility_d438c13a1d6f44fc86a9ab54f583026e.png", "pose": [[-0.8592735528945923, -0.5115163922309875, 0.0, 814.6823120117188], [0.5115163922309875, -0.8592735528945923, 0.0, 1379.791259765625], [0.0, 0.0, 1.0, 0.0], [0.0, 0.0, 0.0, 1.0]], "pose_inverse": [[-0.8592735528945923, 0.5115163922309875, 0.0, -5.750885486602783], [-0.5115163922309875, -0.8592735528945923, 0.0, 1602.3414306640625], [0.0, 0.0, 1.0, 0.0], [0.0, 0.0, 0.0, 1.0]], "cam_ids": [0, 1, 2, 3, 4, 5], "cam_channels": ["CAM_FRONT_LEFT", "CAM_FRONT", "CAM_FRONT_RIGHT", "CAM_BACK_LEFT", "CAM_BACK", "CAM_BACK_RIGHT"], "token": "d438c13a1d6f44fc86a9ab54f583026e", "scene": "scene-0676"}, {"images": ["samples/CAM_FRONT_LEFT/n008-2018-08-28-16-16-48-0400__CAM_FRONT_LEFT__1535487966254799.jpg", "samples/CAM_FRONT/n008-2018-08-28-16-16-48-0400__CAM_FRONT__1535487966262404.jpg", "samples/CAM_FRONT_RIGHT/n008-2018-08-28-16-16-48-0400__CAM_FRONT_RIGHT__1535487966270482.jpg", "samples/CAM_BACK_LEFT/n008-2018-08-28-16-16-48-0400__CAM_BACK_LEFT__1535487966297405.jpg", "samples/CAM_BACK/n008-2018-08-28-16-16-48-0400__CAM_BACK__1535487966287558.jpg", "samples/CAM_BACK_RIGHT/n008-2018-08-28-16-16-48-0400__CAM_BACK_RIGHT__1535487966278113.jpg"], "intrinsics": [[[1257.8625342125129, 0.0, 827.2410631095686], [0.0, 1257.8625342125129, 450.915498205774], [0.0, 0.0, 1.0]], [[1252.8131021185304, 0.0, 826.588114781398], [0.0, 1252.8131021185304, 469.9846626224581], [0.0, 0.0, 1.0]], [[1256.7485116440405, 0.0, 817.7887570959712], [0.0, 1256.7485116440403, 451.9541780095127], [0.0, 0.0, 1.0]], [[1254.9860565800168, 0.0, 829.5769333630991], [0.0, 1254.9860565800168, 467.1680561863987], [0.0, 0.0, 1.0]], [[796.8910634503094, 0.0, 857.7774326863696], [0.0, 796.8910634503094, 476.8848988407415], [0.0, 0.0, 1.0]], [[1249.9629280788233, 0.0, 825.3768045375984], [0.0, 1249.9629280788233, 462.54816385708756], [0.0, 0.0, 1.0]]], "extrinsics": [[[0.8231255412101746, -0.5675688982009888, -0.018162837252020836, -0.93719482421875], [0.006512104999274015, 0.041417255997657776, -0.9991207122802734, 1.4887847900390625], [0.5678220987319946, 0.8222835063934326, 0.03778766840696335, -1.287841796875], [0.0, 0.0, 0.0, 1.0]], [[0.011089006438851357, -0.9992445707321167, -0.03724491968750954, 0.0068359375], [0.008481582626700401, 0.03733986243605614, -0.9992666244506836, 1.4807052612304688], [0.9999024868011475, 0.01076508965343237, 0.008889241144061089, -1.666971206665039], [0.0, 0.0, 0.0, 1.0]], [[-0.8436504006385803, -0.5360908508300781, -0.02933599427342415, 1.0462646484375], [0.016519056633114815, 0.028695879504084587, -0.9994516372680664, 1.493927001953125], [0.5366387367248535, -0.8436723947525024, -0.015353578142821789, -1.2486572265625], [0.0, 0.0, 0.0, 1.0]], [[0.9479333758354187, 0.31841468811035156, 0.005861747544258833, -1.14593505859375], [-0.008608483709394932, 0.04401843622326851, -0.9989936351776123, 1.5620651245117188], [-0.31835228204727173, 0.9469289779663086, 0.04446761682629585, -0.155517578125], [0.0, 0.0, 0.0, 1.0]], [[0.009077857248485088, 0.9992974996566772, 0.03636011481285095, -0.0289306640625], [-0.006607773248106241, 0.03642076253890991, -0.9993146657943726, 1.5679244995117188], [-0.9999369382858276, 0.008831311017274857, 0.006933752913028002, 0.02457427978515625], [0.0, 0.0, 0.0, 1.0]], [[-0.9238921999931335, 0.3825784921646118, 0.007539466954767704, 1.124267578125], [-0.002499250927940011, 0.013669614680111408, -0.9999034404754639, 1.547708511352539], [-0.3826446235179901, -0.9238218069076538, -0.011673090979456902, -0.05810546875], [0.0, 0.0, 0.0, 1.0]]], "view": [[0.0, -2.0, 100.0], [-2.0, 0.0, 100.0], [0.0, 0.0, 1.0]], "bev": "bev_7aae897f847a47f08ddfab8b3f8297de.png", "aux": "aux_7aae897f847a47f08ddfab8b3f8297de.npz", "visibility": "visibility_7aae897f847a47f08ddfab8b3f8297de.png", "pose": [[-0.8507596254348755, -0.5255549550056458, 0.0, 813.8193359375], [0.5255549550056458, -0.8507596254348755, 0.0, 1380.32470703125], [0.0, 0.0, 1.0, 0.0], [0.0, 0.0, 0.0, 1.0]], "pose_inverse": [[-0.8507596254348755, 0.5255549550056458, 0.0, -33.07187271118164], [-0.5255549550056458, -0.8507596254348755, 0.0, 1602.0313720703125], [0.0, 0.0, 1.0, 0.0], [0.0, 0.0, 0.0, 1.0]], "cam_ids": [0, 1, 2, 3, 4, 5], "cam_channels": ["CAM_FRONT_LEFT", "CAM_FRONT", "CAM_FRONT_RIGHT", "CAM_BACK_LEFT", "CAM_BACK", "CAM_BACK_RIGHT"], "token": "7aae897f847a47f08ddfab8b3f8297de", "scene": "scene-0676"}, {"images": ["samples/CAM_FRONT_LEFT/n008-2018-08-28-16-16-48-0400__CAM_FRONT_LEFT__1535487966754799.jpg", "samples/CAM_FRONT/n008-2018-08-28-16-16-48-0400__CAM_FRONT__1535487966762404.jpg", "samples/CAM_FRONT_RIGHT/n008-2018-08-28-16-16-48-0400__CAM_FRONT_RIGHT__1535487966770482.jpg", "samples/CAM_BACK_LEFT/n008-2018-08-28-16-16-48-0400__CAM_BACK_LEFT__1535487966797405.jpg", "samples/CAM_BACK/n008-2018-08-28-16-16-48-0400__CAM_BACK__1535487966787558.jpg", "samples/CAM_BACK_RIGHT/n008-2018-08-28-16-16-48-0400__CAM_BACK_RIGHT__1535487966778113.jpg"], "intrinsics": [[[1257.8625342125129, 0.0, 827.2410631095686], [0.0, 1257.8625342125129, 450.915498205774], [0.0, 0.0, 1.0]], [[1252.8131021185304, 0.0, 826.588114781398], [0.0, 1252.8131021185304, 469.9846626224581], [0.0, 0.0, 1.0]], [[1256.7485116440405, 0.0, 817.7887570959712], [0.0, 1256.7485116440403, 451.9541780095127], [0.0, 0.0, 1.0]], [[1254.9860565800168, 0.0, 829.5769333630991], [0.0, 1254.9860565800168, 467.1680561863987], [0.0, 0.0, 1.0]], [[796.8910634503094, 0.0, 857.7774326863696], [0.0, 796.8910634503094, 476.8848988407415], [0.0, 0.0, 1.0]], [[1249.9629280788233, 0.0, 825.3768045375984], [0.0, 1249.9629280788233, 462.54816385708756], [0.0, 0.0, 1.0]]], "extrinsics": [[[0.8226698040962219, -0.5682142972946167, -0.01862507313489914, -0.9384765625], [0.007613899651914835, 0.043769415467977524, -0.9990126490592957, 1.4888763427734375], [0.5684685707092285, 0.8217157125473022, 0.040334101766347885, -1.288330078125], [0.0, 0.0, 0.0, 1.0]], [[0.010410142131149769, -0.9991613030433655, -0.03960230574011803, 0.0068359375], [0.009656074456870556, 0.03970305621623993, -0.999164879322052, 1.4807777404785156], [0.99989914894104, 0.010019101202487946, 0.010061291977763176, -1.6686935424804688], [0.0, 0.0, 0.0, 1.0]], [[-0.8439245820045471, -0.5355268716812134, -0.03165988624095917, 1.04815673828125], [0.01778281480073929, 0.031057734042406082, -0.9993593692779541, 1.4939537048339844], [0.5361671447753906, -0.8439469337463379, -0.01668720878660679, -1.2498779296875], [0.0, 0.0, 0.0, 1.0]], [[0.9479329586029053, 0.31837278604507446, 0.007863987237215042, -1.144744873046875], [-0.007271142676472664, 0.046322718262672424, -0.9989000558853149, 1.562042236328125], [-0.31838691234588623, 0.9468331336975098, 0.04622576758265495, -0.156005859375], [0.0, 0.0, 0.0, 1.0]], [[0.00928395614027977, 0.9992068409919739, 0.03872290253639221, -0.02880859375], [-0.005276334937661886, 0.038772981613874435, -0.9992340803146362, 1.5679550170898438], [-0.9999430179595947, 0.009072532877326012, 0.005632115062326193, 0.026348114013671875], [0.0, 0.0, 0.0, 1.0]], [[-0.9237300157546997, 0.38297614455223083, 0.007221916690468788, 1.127197265625], [-0.001170432660728693, 0.016031859442591667, -0.999870777130127, 1.5477638244628906], [-0.38304242491722107, -0.9236190915107727, -0.014360861852765083, -0.05712890625], [0.0, 0.0, 0.0, 1.0]]], "view": [[0.0, -2.0, 100.0], [-2.0, 0.0, 100.0], [0.0, 0.0, 1.0]], "bev": "bev_f83440597c0e4dfaa41a62ad34f3bf47.png", "aux": "aux_f83440597c0e4dfaa41a62ad34f3bf47.npz", "visibility": "visibility_f83440597c0e4dfaa41a62ad34f3bf47.png", "pose": [[-0.8458352088928223, -0.5334442853927612, 0.0, 812.9838256835938], [0.5334442853927612, -0.8458352088928223, 0.0, 1380.8560791015625], [0.0, 0.0, 1.0, 0.0], [0.0, 0.0, 0.0, 1.0]], "pose_inverse": [[-0.8458352088928223, 0.5334442853927612, 0.0, -48.95947265625], [-0.5334442853927612, -0.8458352088928223, 0.0, 1601.658203125], [0.0, 0.0, 1.0, 0.0], [0.0, 0.0, 0.0, 1.0]], "cam_ids": [0, 1, 2, 3, 4, 5], "cam_channels": ["CAM_FRONT_LEFT", "CAM_FRONT", "CAM_FRONT_RIGHT", "CAM_BACK_LEFT", "CAM_BACK", "CAM_BACK_RIGHT"], "token": "f83440597c0e4dfaa41a62ad34f3bf47", "scene": "scene-0676"}, {"images": ["samples/CAM_FRONT_LEFT/n008-2018-08-28-16-16-48-0400__CAM_FRONT_LEFT__1535487967254799.jpg", "samples/CAM_FRONT/n008-2018-08-28-16-16-48-0400__CAM_FRONT__1535487967262404.jpg", "samples/CAM_FRONT_RIGHT/n008-2018-08-28-16-16-48-0400__CAM_FRONT_RIGHT__1535487967270482.jpg", "samples/CAM_BACK_LEFT/n008-2018-08-28-16-16-48-0400__CAM_BACK_LEFT__1535487967297405.jpg", "samples/CAM_BACK/n008-2018-08-28-16-16-48-0400__CAM_BACK__1535487967287558.jpg", "samples/CAM_BACK_RIGHT/n008-2018-08-28-16-16-48-0400__CAM_BACK_RIGHT__1535487967278113.jpg"], "intrinsics": [[[1257.8625342125129, 0.0, 827.2410631095686], [0.0, 1257.8625342125129, 450.915498205774], [0.0, 0.0, 1.0]], [[1252.8131021185304, 0.0, 826.588114781398], [0.0, 1252.8131021185304, 469.9846626224581], [0.0, 0.0, 1.0]], [[1256.7485116440405, 0.0, 817.7887570959712], [0.0, 1256.7485116440403, 451.9541780095127], [0.0, 0.0, 1.0]], [[1254.9860565800168, 0.0, 829.5769333630991], [0.0, 1254.9860565800168, 467.1680561863987], [0.0, 0.0, 1.0]], [[796.8910634503094, 0.0, 857.7774326863696], [0.0, 796.8910634503094, 476.8848988407415], [0.0, 0.0, 1.0]], [[1249.9629280788233, 0.0, 825.3768045375984], [0.0, 1249.9629280788233, 462.54816385708756], [0.0, 0.0, 1.0]]], "extrinsics": [[[0.8223663568496704, -0.5687214732170105, -0.016422830522060394, -0.93426513671875], [0.008499597199261189, 0.041141610592603683, -0.9991171360015869, 1.4889984130859375], [0.5688950419425964, 0.8215006589889526, 0.03866737335920334, -1.28515625], [0.0, 0.0, 0.0, 1.0]], [[0.009989123791456223, -0.9992673397064209, -0.036945413798093796, 0.0064697265625], [0.010336635634303093, 0.037048473954200745, -0.9992600083351135, 1.4808731079101562], [0.9998966455459595, 0.009599844925105572, 0.010699144564568996, -1.6645164489746094], [0.0, 0.0, 0.0, 1.0]], [[-0.844088077545166, -0.53532874584198, -0.0306351687759161, 1.0452880859375], [0.018249018117785454, 0.02841975726187229, -0.99942946434021, 1.4940452575683594], [0.535893976688385, -0.844165563583374, -0.01421955693513155, -1.248291015625], [0.0, 0.0, 0.0, 1.0]], [[0.947920560836792, 0.3184291422367096, 0.007036731578409672, -1.14410400390625], [-0.007387949153780937, 0.04406912624835968, -0.999001145362854, 1.562042236328125], [-0.3184211254119873, 0.9469217658042908, 0.04412657022476196, -0.15625], [0.0, 0.0, 0.0, 1.0]], [[0.009371831081807613, 0.9992978572845459, 0.03627683222293854, -0.02880859375], [-0.005168491043150425, 0.03632634878158569, -0.9993265867233276, 1.5679512023925781], [-0.9999426603317261, 0.00917806476354599, 0.005505306646227837, 0.024631500244140625], [0.0, 0.0, 0.0, 1.0]], [[-0.9236462116241455, 0.38319945335388184, 0.00598441157490015, 1.1248779296875], [-0.0008907385054044425, 0.013468543998897076, -0.9999088644981384, 1.5477752685546875], [-0.3832450807094574, -0.9235674142837524, -0.012098840437829494, -0.0582275390625], [0.0, 0.0, 0.0, 1.0]]], "view": [[0.0, -2.0, 100.0], [-2.0, 0.0, 100.0], [0.0, 0.0, 1.0]], "bev": "bev_38d5b33cb9704699a095d0bd146c94fb.png", "aux": "aux_38d5b33cb9704699a095d0bd146c94fb.npz", "visibility": "visibility_38d5b33cb9704699a095d0bd146c94fb.png", "pose": [[-0.8460880517959595, -0.5330431461334229, 0.0, 812.1834716796875], [0.5330431461334229, -0.8460880517959595, 0.0, 1381.3680419921875], [0.0, 0.0, 1.0, 0.0], [0.0, 0.0, 0.0, 1.0]], "pose_inverse": [[-0.8460880517959595, 0.5330431461334229, 0.0, -49.150054931640625], [-0.5330431461334229, -0.8460880517959595, 0.0, 1601.6878662109375], [0.0, 0.0, 1.0, 0.0], [0.0, 0.0, 0.0, 1.0]], "cam_ids": [0, 1, 2, 3, 4, 5], "cam_channels": ["CAM_FRONT_LEFT", "CAM_FRONT", "CAM_FRONT_RIGHT", "CAM_BACK_LEFT", "CAM_BACK", "CAM_BACK_RIGHT"], "token": "38d5b33cb9704699a095d0bd146c94fb", "scene": "scene-0676"}, {"images": ["samples/CAM_FRONT_LEFT/n008-2018-08-28-16-16-48-0400__CAM_FRONT_LEFT__1535487967754799.jpg", "samples/CAM_FRONT/n008-2018-08-28-16-16-48-0400__CAM_FRONT__1535487967762404.jpg", "samples/CAM_FRONT_RIGHT/n008-2018-08-28-16-16-48-0400__CAM_FRONT_RIGHT__1535487967770482.jpg", "samples/CAM_BACK_LEFT/n008-2018-08-28-16-16-48-0400__CAM_BACK_LEFT__1535487967797405.jpg", "samples/CAM_BACK/n008-2018-08-28-16-16-48-0400__CAM_BACK__1535487967787606.jpg", "samples/CAM_BACK_RIGHT/n008-2018-08-28-16-16-48-0400__CAM_BACK_RIGHT__1535487967778113.jpg"], "intrinsics": [[[1257.8625342125129, 0.0, 827.2410631095686], [0.0, 1257.8625342125129, 450.915498205774], [0.0, 0.0, 1.0]], [[1252.8131021185304, 0.0, 826.588114781398], [0.0, 1252.8131021185304, 469.9846626224581], [0.0, 0.0, 1.0]], [[1256.7485116440405, 0.0, 817.7887570959712], [0.0, 1256.7485116440403, 451.9541780095127], [0.0, 0.0, 1.0]], [[1254.9860565800168, 0.0, 829.5769333630991], [0.0, 1254.9860565800168, 467.1680561863987], [0.0, 0.0, 1.0]], [[796.8910634503094, 0.0, 857.7774326863696], [0.0, 796.8910634503094, 476.8848988407415], [0.0, 0.0, 1.0]], [[1249.9629280788233, 0.0, 825.3768045375984], [0.0, 1249.9629280788233, 462.54816385708756], [0.0, 0.0, 1.0]]], "extrinsics": [[[0.822031557559967, -0.5691711902618408, -0.017560793086886406, -0.935302734375], [0.007532699964940548, 0.04170473664999008, -0.9991015791893005, 1.4889144897460938], [0.5693921446800232, 0.8211607336997986, 0.03857000172138214, -1.28564453125], [0.0, 0.0, 0.0, 1.0]], [[0.009508855640888214, -0.99925297498703, -0.03745719790458679, 0.0064697265625], [0.009085849858820438, 0.03754368796944618, -0.9992536902427673, 1.4807777404785156], [0.9999135136604309, 0.009161463938653469, 0.00943605974316597, -1.6656551361083984], [0.0, 0.0, 0.0, 1.0]], [[-0.8443059325218201, -0.5350492596626282, -0.0294930562376976, 1.04620361328125], [0.016664959490299225, 0.028794370591640472, -0.999446451663971, 1.4939422607421875], [0.5356022715568542, -0.8443300127983093, -0.015394684858620167, -1.2491455078125], [0.0, 0.0, 0.0, 1.0]], [[0.9479345083236694, 0.3184368312358856, 0.004254836589097977, -1.145355224609375], [-0.01021068636327982, 0.043743692338466644, -0.9989905953407288, 1.5620651245117188], [-0.31830155849456787, 0.946934163570404, 0.044717613607645035, -0.155517578125], [0.0, 0.0, 0.0, 1.0]], [[0.009551079012453556, 0.9992972016334534, 0.03624753654003143, -0.02880859375], [-0.007538273930549622, 0.03632011637091637, -0.9993117451667786, 1.5679168701171875]