[{"images": ["samples/CAM_FRONT_LEFT/n008-2018-08-30-15-31-50-0400__CAM_FRONT_LEFT__1535657569004799.jpg", "samples/CAM_FRONT/n008-2018-08-30-15-31-50-0400__CAM_FRONT__1535657569012404.jpg", "samples/CAM_FRONT_RIGHT/n008-2018-08-30-15-31-50-0400__CAM_FRONT_RIGHT__1535657569020482.jpg", "samples/CAM_BACK_LEFT/n008-2018-08-30-15-31-50-0400__CAM_BACK_LEFT__1535657569048347.jpg", "samples/CAM_BACK/n008-2018-08-30-15-31-50-0400__CAM_BACK__1535657569037558.jpg", "samples/CAM_BACK_RIGHT/n008-2018-08-30-15-31-50-0400__CAM_BACK_RIGHT__1535657569028113.jpg"], "intrinsics": [[[1257.8625342125129, 0.0, 827.2410631095686], [0.0, 1257.8625342125129, 450.915498205774], [0.0, 0.0, 1.0]], [[1252.8131021185304, 0.0, 826.588114781398], [0.0, 1252.8131021185304, 469.9846626224581], [0.0, 0.0, 1.0]], [[1256.7485116440405, 0.0, 817.7887570959712], [0.0, 1256.7485116440403, 451.9541780095127], [0.0, 0.0, 1.0]], [[1254.9860565800168, 0.0, 829.5769333630991], [0.0, 1254.9860565800168, 467.1680561863987], [0.0, 0.0, 1.0]], [[796.8910634503094, 0.0, 857.7774326863696], [0.0, 796.8910634503094, 476.8848988407415], [0.0, 0.0, 1.0]], [[1249.9629280788233, 0.0, 825.3768045375984], [0.0, 1249.9629280788233, 462.54816385708756], [0.0, 0.0, 1.0]]], "extrinsics": [[[0.8216675519943237, -0.5676651000976562, -0.051174674183130264, -1.00494384765625], [-0.026710286736488342, 0.05133650451898575, -0.9983241558074951, 1.4882965087890625], [0.5693410038948059, 0.8216574788093567, 0.027019038796424866, -1.3333740234375], [0.0, 0.0, 0.0, 1.0]], [[0.009332393296062946, -0.9988278746604919, -0.047494299709796906, 0.0054931640625], [-0.024753883481025696, 0.047251053154468536, -0.998576283454895, 1.4801673889160156], [0.9996500611305237, 0.010494738817214966, -0.02428390085697174, -1.7347412109375], [0.0, 0.0, 0.0, 1.0]], [[-0.8443188071250916, -0.5358010530471802, -0.006556142121553421, 1.0906982421875], [-0.016733434051275253, 0.03859396651387215, -0.9991148710250854, 1.493072509765625], [0.5355799198150635, -0.843461811542511, -0.04155140370130539, -1.2777099609375], [0.0, 0.0, 0.0, 1.0]], [[0.9474484324455261, 0.31909865140914917, -0.02275313436985016, -1.143798828125], [-0.0420929454267025, 0.05384214594960213, -0.997661828994751, 1.5620498657226562], [-0.3171274662017822, 0.9461908340454102, 0.06444445252418518, -0.1561279296875], [0.0, 0.0, 0.0, 1.0]], [[0.010115948505699635, 0.9988946914672852, 0.04590250179171562, -0.02880859375], [-0.03998902067542076, 0.04627224802970886, -0.9981281161308289, 1.5680656433105469], [-0.999148964881897, 0.008261426351964474, 0.040412914007902145, 0.044281005859375], [0.0, 0.0, 0.0, 1.0]], [[-0.9230923652648926, 0.38226884603500366, 0.04208336025476456, 1.160675048828125], [-0.03579552844166756, 0.02354922704398632, -0.9990816116333008, 1.5478134155273438], [-0.38290879130363464, -0.9237510561943054, -0.008054595440626144, -0.043701171875], [0.0, 0.0, 0.0, 1.0]]], "view": [[0.0, -2.0, 100.0], [-2.0, 0.0, 100.0], [0.0, 0.0, 1.0]], "bev": "bev_5a3a15f4ebdb4e6b83eb58628dc8e83f.png", "aux": "aux_5a3a15f4ebdb4e6b83eb58628dc8e83f.npz", "visibility": "visibility_5a3a15f4ebdb4e6b83eb58628dc8e83f.png", "pose": [[0.7545917630195618, 0.6561945676803589, 0.0, 1301.203369140625], [-0.6561945676803589, 0.7545917630195618, 0.0, 896.0731201171875], [0.0, 0.0, 1.0, 0.0], [0.0, 0.0, 0.0, 1.0]], "pose_inverse": [[0.7545917630195618, -0.6561945676803589, 0.0, -393.8790283203125], [0.6561945676803589, 0.7545917630195618, 0.0, -1530.011962890625], [0.0, 0.0, 1.0, 0.0], [0.0, 0.0, 0.0, 1.0]], "cam_ids": [0, 1, 2, 3, 4, 5], "cam_channels": ["CAM_FRONT_LEFT", "CAM_FRONT", "CAM_FRONT_RIGHT", "CAM_BACK_LEFT", "CAM_BACK", "CAM_BACK_RIGHT"], "token": "5a3a15f4ebdb4e6b83eb58628dc8e83f", "scene": "scene-0771"}, {"images": ["samples/CAM_FRONT_LEFT/n008-2018-08-30-15-31-50-0400__CAM_FRONT_LEFT__1535657569505531.jpg", "samples/CAM_FRONT/n008-2018-08-30-15-31-50-0400__CAM_FRONT__1535657569512404.jpg", "samples/CAM_FRONT_RIGHT/n008-2018-08-30-15-31-50-0400__CAM_FRONT_RIGHT__1535657569520482.jpg", "samples/CAM_BACK_LEFT/n008-2018-08-30-15-31-50-0400__CAM_BACK_LEFT__1535657569547405.jpg", "samples/CAM_BACK/n008-2018-08-30-15-31-50-0400__CAM_BACK__1535657569537558.jpg", "samples/CAM_BACK_RIGHT/n008-2018-08-30-15-31-50-0400__CAM_BACK_RIGHT__1535657569528113.jpg"], "intrinsics": [[[1257.8625342125129, 0.0, 827.2410631095686], [0.0, 1257.8625342125129, 450.915498205774], [0.0, 0.0, 1.0]], [[1252.8131021185304, 0.0, 826.588114781398], [0.0, 1252.8131021185304, 469.9846626224581], [0.0, 0.0, 1.0]], [[1256.7485116440405, 0.0, 817.7887570959712], [0.0, 1256.7485116440403, 451.9541780095127], [0.0, 0.0, 1.0]], [[1254.9860565800168, 0.0, 829.5769333630991], [0.0, 1254.9860565800168, 467.1680561863987], [0.0, 0.0, 1.0]], [[796.8910634503094, 0.0, 857.7774326863696], [0.0, 796.8910634503094, 476.8848988407415], [0.0, 0.0, 1.0]], [[1249.9629280788233, 0.0, 825.3768045375984], [0.0, 1249.9629280788233, 462.54816385708756], [0.0, 0.0, 1.0]]], "extrinsics": [[[0.8216502666473389, -0.567625880241394, -0.051882870495319366, -1.00506591796875], [-0.02692241780459881, 0.05227437987923622, -0.99826979637146, 1.4882888793945312], [0.5693557858467102, 0.8216254115104675, 0.027669398114085197, -1.3333740234375], [0.0, 0.0, 0.0, 1.0]], [[0.009311657398939133, -0.9987825751304626, -0.04844233766198158, 0.0054931640625], [-0.024966834113001823, 0.04819711670279503, -0.9985257983207703, 1.4801597595214844], [0.999644935131073, 0.010507453233003616, -0.024487638846039772, -1.73468017578125], [0.0, 0.0, 0.0, 1.0]], [[-0.8443260788917542, -0.5357853770256042, -0.006889688316732645, 1.0906982421875], [-0.01694672740995884, 0.03955290839076042, -0.9990737438201904, 1.493072509765625], [0.5355616211891174, -0.843427300453186, -0.04247536510229111, -1.277587890625], [0.0, 0.0, 0.0, 1.0]], [[0.9474456906318665, 0.31911271810531616, -0.022664150223135948, -1.14398193359375], [-0.04231708124279976, 0.054787423461675644, -0.9976009130477905, 1.5620346069335938], [-0.3171054422855377, 0.9461318254470825, 0.06541202962398529, -0.15625], [0.0, 0.0, 0.0, 1.0]], [[0.010136503726243973, 0.9988496899604797, 0.046868324279785156, -0.0286865234375], [-0.04020070657134056, 0.04723990336060524, -0.9980742931365967, 1.5680618286132812], [-0.999140202999115, 0.00823280680924654, 0.04063330963253975, 0.04437255859375], [0.0, 0.0, 0.0, 1.0]], [[-0.9230791926383972, 0.3822384178638458, 0.04264567792415619, 1.1606903076171875], [-0.03600461781024933, 0.024513747543096542, -0.9990509152412415, 1.547811508178711], [-0.3829209506511688, -0.9237385392189026, -0.008865782991051674, -0.043701171875], [0.0, 0.0, 0.0, 1.0]]], "view": [[0.0, -2.0, 100.0], [-2.0, 0.0, 100.0], [0.0, 0.0, 1.0]], "bev": "bev_68e298ebeeb148f7888ea88da004f27f.png", "aux": "aux_68e298ebeeb148f7888ea88da004f27f.npz", "visibility": "visibility_68e298ebeeb148f7888ea88da004f27f.png", "pose": [[0.7545692920684814, 0.6562203764915466, 0.0, 1301.203369140625], [-0.6562203764915466, 0.7545692920684814, 0.0, 896.0731201171875], [0.0, 0.0, 1.0, 0.0], [0.0, 0.0, 0.0, 1.0]], "pose_inverse": [[0.7545692920684814, -0.6562203764915466, 0.0, -393.8266296386719], [0.6562203764915466, 0.7545692920684814, 0.0, -1530.025390625], [0.0, 0.0, 1.0, 0.0], [0.0, 0.0, 0.0, 1.0]], "cam_ids": [0, 1, 2, 3, 4, 5], "cam_channels": ["CAM_FRONT_LEFT", "CAM_FRONT", "CAM_FRONT_RIGHT", "CAM_BACK_LEFT", "CAM_BACK", "CAM_BACK_RIGHT"], "token": "68e298ebeeb148f7888ea88da004f27f", "scene": "scene-0771"}, {"images": ["samples/CAM_FRONT_LEFT/n008-2018-08-30-15-31-50-0400__CAM_FRONT_LEFT__1535657569904799.jpg", "samples/CAM_FRONT/n008-2018-08-30-15-31-50-0400__CAM_FRONT__1535657569912404.jpg", "samples/CAM_FRONT_RIGHT/n008-2018-08-30-15-31-50-0400__CAM_FRONT_RIGHT__1535657569920495.jpg", "samples/CAM_BACK_LEFT/n008-2018-08-30-15-31-50-0400__CAM_BACK_LEFT__1535657569947405.jpg", "samples/CAM_BACK/n008-2018-08-30-15-31-50-0400__CAM_BACK__1535657569937558.jpg", "samples/CAM_BACK_RIGHT/n008-2018-08-30-15-31-50-0400__CAM_BACK_RIGHT__1535657569928113.jpg"], "intrinsics": [[[1257.8625342125129, 0.0, 827.2410631095686], [0.0, 1257.8625342125129, 450.915498205774], [0.0, 0.0, 1.0]], [[1252.8131021185304, 0.0, 826.588114781398], [0.0, 1252.8131021185304, 469.9846626224581], [0.0, 0.0, 1.0]], [[1256.7485116440405, 0.0, 817.7887570959712], [0.0, 1256.7485116440403, 451.9541780095127], [0.0, 0.0, 1.0]], [[1254.9860565800168, 0.0, 829.5769333630991], [0.0, 1254.9860565800168, 467.1680561863987], [0.0, 0.0, 1.0]], [[796.8910634503094, 0.0, 857.7774326863696], [0.0, 796.8910634503094, 476.8848988407415], [0.0, 0.0, 1.0]], [[1249.9629280788233, 0.0, 825.3768045375984], [0.0, 1249.9629280788233, 462.54816385708756], [0.0, 0.0, 1.0]]], "extrinsics": [[[0.8217042088508606, -0.5676361322402954, -0.05090777203440666, -1.0050048828125], [-0.02716253697872162, 0.05021732673048973, -0.9983688592910767, 1.4882965087890625], [0.5692666172981262, 0.8217466473579407, 0.025845348834991455, -1.3333740234375], [0.0, 0.0, 0.0, 1.0]], [[0.009406455792486668, -0.9988831281661987, -0.046303171664476395, 0.0054931640625], [-0.02521366998553276, 0.046053577214479446, -0.9986207485198975, 1.4801597595214844], [0.9996378421783447, 0.010560889728367329, -0.024752309545874596, -1.734771728515625], [0.0, 0.0, 0.0, 1.0]], [[-0.8442760705947876, -0.5358805656433105, -0.005477677099406719, 1.090576171875], [-0.017201051115989685, 0.03731332719326019, -0.999155580997467, 1.493072509765625], [0.5356324911117554, -0.8434689044952393, -0.04072045534849167, -1.277587890625], [0.0, 0.0, 0.0, 1.0]], [[0.9474119544029236, 0.3191384971141815, -0.023691941052675247, -1.14385986328125], [-0.042561281472444534, 0.0522814616560936, -0.9977250099182129, 1.5620384216308594], [-0.31717386841773987, 0.946264922618866, 0.06311502307653427, -0.15625], [0.0, 0.0, 0.0, 1.0]], [[0.01006068754941225, 0.9989609718322754, 0.04445024952292442, -0.02880859375], [-0.040457386523485184, 0.04482274875044823, -0.9981753826141357, 1.5680618286132812], [-0.9991306662559509, 0.008243978954851627, 0.040866293013095856, 0.04437255859375], [0.0, 0.0, 0.0, 1.0]], [[-0.9231011867523193, 0.38225656747817993, 0.04199984669685364, 1.1606292724609375], [-0.03626752272248268, 0.022192606702446938, -0.999095618724823, 1.5478134155273438], [-0.3828429877758026, -0.9237897396087646, -0.006622524932026863, -0.0438232421875], [0.0, 0.0, 0.0, 1.0]]], "view": [[0.0, -2.0, 100.0], [-2.0, 0.0, 100.0], [0.0, 0.0, 1.0]], "bev": "bev_e6e8246bd341467aa059457737cdfa7a.png", "aux": "aux_e6e8246bd341467aa059457737cdfa7a.npz", "visibility": "visibility_e6e8246bd341467aa059457737cdfa7a.png", "pose": [[0.7544488906860352, 0.6563588380813599, 0.0, 1301.203369140625], [-0.6563588380813599, 0.7544488906860352, 0.0, 896.0731201171875], [0.0, 0.0, 1.0, 0.0], [0.0, 0.0, 0.0, 1.0]], "pose_inverse": [[0.7544488906860352, -0.6563588380813599, 0.0, -393.5459289550781], [0.6563588380813599, 0.7544488906860352, 0.0, -1530.09765625], [0.0, 0.0, 1.0, 0.0], [0.0, 0.0, 0.0, 1.0]], "cam_ids": [0, 1, 2, 3, 4, 5], "cam_channels": ["CAM_FRONT_LEFT", "CAM_FRONT", "CAM_FRONT_RIGHT", "CAM_BACK_LEFT", "CAM_BACK", "CAM_BACK_RIGHT"], "token": "e6e8246bd341467aa059457737cdfa7a", "scene": "scene-0771"}, {"images": ["samples/CAM_FRONT_LEFT/n008-2018-08-30-15-31-50-0400__CAM_FRONT_LEFT__1535657570404799.jpg", "samples/CAM_FRONT/n008-2018-08-30-15-31-50-0400__CAM_FRONT__1535657570412404.jpg", "samples/CAM_FRONT_RIGHT/n008-2018-08-30-15-31-50-0400__CAM_FRONT_RIGHT__1535657570420482.jpg", "samples/CAM_BACK_LEFT/n008-2018-08-30-15-31-50-0400__CAM_BACK_LEFT__1535657570447405.jpg", "samples/CAM_BACK/n008-2018-08-30-15-31-50-0400__CAM_BACK__1535657570437558.jpg", "samples/CAM_BACK_RIGHT/n008-2018-08-30-15-31-50-0400__CAM_BACK_RIGHT__1535657570428113.jpg"], "intrinsics": [[[1257.8625342125129, 0.0, 827.2410631095686], [0.0, 1257.8625342125129, 450.915498205774], [0.0, 0.0, 1.0]], [[1252.8131021185304, 0.0, 826.588114781398], [0.0, 1252.8131021185304, 469.9846626224581], [0.0, 0.0, 1.0]], [[1256.7485116440405, 0.0, 817.7887570959712], [0.0, 1256.7485116440403, 451.9541780095127], [0.0, 0.0, 1.0]], [[1254.9860565800168, 0.0, 829.5769333630991], [0.0, 1254.9860565800168, 467.1680561863987], [0.0, 0.0, 1.0]], [[796.8910634503094, 0.0, 857.7774326863696], [0.0, 796.8910634503094, 476.8848988407415], [0.0, 0.0, 1.0]], [[1249.9629280788233, 0.0, 825.3768045375984], [0.0, 1249.9629280788233, 462.54816385708756], [0.0, 0.0, 1.0]]], "extrinsics": [[[0.8216540217399597, -0.5676887035369873, -0.051129862666130066, -1.00506591796875], [-0.027114951983094215, 0.05067257583141327, -0.9983471632003784, 1.4882965087890625], [0.569341242313385, 0.8216823935508728, 0.02624247595667839, -1.333251953125], [0.0, 0.0, 0.0, 1.0]], [[0.00932815670967102, -0.9988589286804199, -0.0468396320939064, 0.0052490234375], [-0.025160709396004677, 0.046592384576797485, -0.9985970854759216, 1.48016357421875], [0.9996398091316223, 0.010493543930351734, -0.024697374552488327, -1.73480224609375], [0.0, 0.0, 0.0, 1.0]], [[-0.8443122506141663, -0.535819411277771, -0.005860847420990467, 1.090576171875], [-0.017142556607723236, 0.03794083371758461, -0.9991329312324524, 1.493072509765625], [0.5355772376060486, -0.8434797525405884, -0.041219230741262436, -1.277587890625], [0.0, 0.0, 0.0, 1.0]], [[0.9474248290061951, 0.3191273510456085, -0.02332141436636448, -1.14398193359375], [-0.04247114062309265, 0.053178995847702026, -0.9976814389228821, 1.5620346069335938], [-0.31714722514152527, 0.9462186694145203, 0.06393680721521378, -0.1561279296875], [0.0, 0.0, 0.0, 1.0]], [[0.010101938620209694, 0.9989238977432251, 0.045266471803188324, -0.0286865234375], [-0.0403570681810379, 0.04563918337225914, -0.998142421245575, 1.5680618286132812], [-0.9991342425346375, 0.008256384171545506, 0.04077468439936638, 0.04437255859375], [0.0, 0.0, 0.0, 1.0]], [[-0.9230829477310181, 0.3822788596153259, 0.04219891130924225, 1.16070556640625], [-0.03618906810879707, 0.022901305928826332, -0.9990825057029724, 1.5478134155273438], [-0.38289445638656616, -0.9237631559371948, -0.007305489853024483, -0.043701171875], [0.0, 0.0, 0.0, 1.0]]], "view": [[0.0, -2.0, 100.0], [-2.0, 0.0, 100.0], [0.0, 0.0, 1.0]], "bev": "bev_317fba7a6afb4dac8974af0d61afe325.png", "aux": "aux_317fba7a6afb4dac8974af0d61afe325.npz", "visibility": "visibility_317fba7a6afb4dac8974af0d61afe325.png", "pose": [[0.7544865012168884, 0.6563155651092529, 0.0, 1301.203369140625], [-0.6563155651092529, 0.7544865012168884, 0.0, 896.0731201171875], [0.0, 0.0, 1.0, 0.0], [0.0, 0.0, 0.0, 1.0]], "pose_inverse": [[0.7544865012168884, -0.6563155651092529, 0.0, -393.63360595703125], [0.6563155651092529, 0.7544865012168884, 0.0, -1530.0750732421875], [0.0, 0.0, 1.0, 0.0], [0.0, 0.0, 0.0, 1.0]], "cam_ids": [0, 1, 2, 3, 4, 5], "cam_channels": ["CAM_FRONT_LEFT", "CAM_FRONT", "CAM_FRONT_RIGHT", "CAM_BACK_LEFT", "CAM_BACK", "CAM_BACK_RIGHT"], "token": "317fba7a6afb4dac8974af0d61afe325", "scene": "scene-0771"}, {"images": ["samples/CAM_FRONT_LEFT/n008-2018-08-30-15-31-50-0400__CAM_FRONT_LEFT__1535657570904799.jpg", "samples/CAM_FRONT/n008-2018-08-30-15-31-50-0400__CAM_FRONT__1535657570912404.jpg", "samples/CAM_FRONT_RIGHT/n008-2018-08-30-15-31-50-0400__CAM_FRONT_RIGHT__1535657570920482.jpg", "samples/CAM_BACK_LEFT/n008-2018-08-30-15-31-50-0400__CAM_BACK_LEFT__1535657570947405.jpg", "samples/CAM_BACK/n008-2018-08-30-15-31-50-0400__CAM_BACK__1535657570937558.jpg", "samples/CAM_BACK_RIGHT/n008-2018-08-30-15-31-50-0400__CAM_BACK_RIGHT__1535657570928113.jpg"], "intrinsics": [[[1257.8625342125129, 0.0, 827.2410631095686], [0.0, 1257.8625342125129, 450.915498205774], [0.0, 0.0, 1.0]], [[1252.8131021185304, 0.0, 826.588114781398], [0.0, 1252.8131021185304, 469.9846626224581], [0.0, 0.0, 1.0]], [[1256.7485116440405, 0.0, 817.7887570959712], [0.0, 1256.7485116440403, 451.9541780095127], [0.0, 0.0, 1.0]], [[1254.9860565800168, 0.0, 829.5769333630991], [0.0, 1254.9860565800168, 467.1680561863987], [0.0, 0.0, 1.0]], [[796.8910634503094, 0.0, 857.7774326863696], [0.0, 796.8910634503094, 476.8848988407415], [0.0, 0.0, 1.0]], [[1249.9629280788233, 0.0, 825.3768045375984], [0.0, 1249.9629280788233, 462.54816385708756], [0.0, 0.0, 1.0]]], "extrinsics": [[[0.8217034935951233, -0.5676355957984924, -0.05092362314462662, -1.00506591796875], [-0.027035918086767197, 0.05042792484164238, -0.9983617067337036, 1.4882965087890625], [0.5692736506462097, 0.8217341303825378, 0.02609025128185749, -1.3333740234375], [0.0, 0.0, 0.0, 1.0]], [[0.009403920732438564, -0.9988714456558228, -0.04655627906322479, 0.00537109375], [-0.025068512186408043, 0.046308208256959915, -0.998612642288208, 1.48016357421875], [0.999641478061676, 0.010557899251580238, -0.024604743346571922, -1.734771728515625], [0.0, 0.0, 0.0, 1.0]], [[-0.8442777991294861, -0.5358746647834778, -0.005778535269200802, 1.0904541015625], [-0.01703616976737976, 0.037614889442920685, -0.9991470575332642, 1.493072509765625], [0.5356349349021912, -0.8434592485427856, -0.040886666625738144, -1.277587890625], [0.0, 0.0, 0.0, 1.0]], [[0.9474219679832458, 0.3191322982311249, -0.023373210802674294, -1.14385986328125], [-0.042369987815618515, 0.05271345004439354, -0.9977104067802429, 1.562042236328125], [-0.31716954708099365, 0.9462430477142334, 0.06346350908279419, -0.1561279296875], [0.0, 0.0, 0.0, 1.0]], [[0.010060776956379414, 0.9989432692527771, 0.044846367090940475, -0.02880859375], [-0.04026314243674278, 0.04521695896983147, -0.9981654286384583, 1.5680618286132812], [-0.9991384744644165, 0.008236724883317947, 0.040675513446331024, 0.0443115234375], [0.0, 0.0, 0.0, 1.0]], [[-0.9231086373329163, 0.3822431266307831, 0.04196077957749367, 1.16064453125], [-0.036084339022636414, 0.022532859817147255, -0.9990947246551514, 1.5478134155273438], [-0.3828426003456116, -0.9237870573997498, -0.007007287815213203, -0.043701171875], [0.0, 0.0, 0.0, 1.0]]], "view": [[0.0, -2.0, 100.0], [-2.0, 0.0, 100.0], [0.0, 0.0, 1.0]], "bev": "bev_e3ca1a55038c406fab27d3b533831636.png", "aux": "aux_e3ca1a55038c406fab27d3b533831636.npz", "visibility": "visibility_e3ca1a55038c406fab27d3b533831636.png", "pose": [[0.7545173168182373, 0.6562801599502563, 0.0, 1301.203369140625], [-0.6562801599502563, 0.7545173168182373, 0.0, 896.0731201171875], [0.0, 0.0, 1.0, 0.0], [0.0, 0.0, 0.0, 1.0]], "pose_inverse": [[0.7545173168182373, -0.6562801599502563, 0.0, -393.7054443359375], [0.6562801599502563, 0.7545173168182373, 0.0, -1530.056640625], [0.0, 0.0, 1.0, 0.0], [0.0, 0.0, 0.0, 1.0]], "cam_ids": [0, 1, 2, 3, 4, 5], "cam_channels": ["CAM_FRONT_LEFT", "CAM_FRONT", "CAM_FRONT_RIGHT", "CAM_BACK_LEFT", "CAM_BACK", "CAM_BACK_RIGHT"], "token": "e3ca1a55038c406fab27d3b533831636", "scene": "scene-0771"}, {"images": ["samples/CAM_FRONT_LEFT/n008-2018-08-30-15-31-50-0400__CAM_FRONT_LEFT__1535657571404806.jpg", "samples/CAM_FRONT/n008-2018-08-30-15-31-50-0400__CAM_FRONT__1535657571412404.jpg", "samples/CAM_FRONT_RIGHT/n008-2018-08-30-15-31-50-0400__CAM_FRONT_RIGHT__1535657571420482.jpg", "samples/CAM_BACK_LEFT/n008-2018-08-30-15-31-50-0400__CAM_BACK_LEFT__1535657571447405.jpg", "samples/CAM_BACK/n008-2018-08-30-15-31-50-0400__CAM_BACK__1535657571437558.jpg", "samples/CAM_BACK_RIGHT/n008-2018-08-30-15-31-50-0400__CAM_BACK_RIGHT__1535657571428113.jpg"], "intrinsics": [[[1257.8625342125129, 0.0, 827.2410631095686], [0.0, 1257.8625342125129, 450.915498205774], [0.0, 0.0, 1.0]], [[1252.8131021185304, 0.0, 826.588114781398], [0.0, 1252.8131021185304, 469.9846626224581], [0.0, 0.0, 1.0]], [[1256.7485116440405, 0.0, 817.7887570959712], [0.0, 1256.7485116440403, 451.9541780095127], [0.0, 0.0, 1.0]], [[1254.9860565800168, 0.0, 829.5769333630991], [0.0, 1254.9860565800168, 467.1680561863987], [0.0, 0.0, 1.0]], [[796.8910634503094, 0.0, 857.7774326863696], [0.0, 796.8910634503094, 476.8848988407415], [0.0, 0.0, 1.0]], [[1249.9629280788233, 0.0, 825.3768045375984], [0.0, 1249.9629280788233, 462.54816385708756], [0.0, 0.0, 1.0]]], "extrinsics": [[[0.8216911554336548, -0.5676771402359009, -0.05065837502479553, -1.0050048828125], [-0.026920169591903687, 0.050127506256103516, -0.9983799457550049, 1.4882965087890625], [0.5692968964576721, 0.8217236995697021, 0.02590736374258995, -1.333251953125], [0.0, 0.0, 0.0, 1.0]], [[0.009385104291141033, -0.998885452747345, -0.04625773802399635, 0.0052490234375], [-0.024948177859187126, 0.04601147398352623, -0.9986293315887451, 1.48016357421875], [0.9996445775032043, 0.010526273399591446, -0.024488549679517746, -1.7347412109375], [0.0, 0.0, 0.0, 1.0]], [[-0.8442862033843994, -0.5358617901802063, -0.005726585164666176, 1.0906982421875], [-0.01691088080406189, 0.03732194006443024, -0.9991601705551147, 1.4930763244628906], [0.5356255173683167, -0.8434803485870361, -0.04057230055332184, -1.277587890625], [0.0, 0.0, 0.0, 1.0]], [[0.9474232792854309, 0.31912943720817566, -0.023356493562459946, -1.14398193359375], [-0.04225916042923927, 0.05243593081831932, -0.9977297782897949, 1.5620460510253906], [-0.31718015670776367, 0.9462593793869019, 0.06316516548395157, -0.15625], [0.0, 0.0, 0.0, 1.0]], [[0.010058860294520855, 0.998956024646759, 0.044560547918081284, -0.02880859375], [-0.04014603793621063, 0.044930312782526016, -0.9981830716133118, 1.5680618286132812], [-0.9991431832313538, 0.008251640945672989, 0.04055607691407204, 0.044281005859375], [0.0, 0.0, 0.0, 1.0]], [[-0.9231098890304565, 0.38226473331451416, 0.04173349589109421, 1.1606597900390625], [-0.03595629334449768, 0.02224782481789589, -0.9991056323051453, 1.547811508178711], [-0.3828513026237488, -0.9237849116325378, -0.006792364176362753, -0.0435791015625], [0.0, 0.0, 0.0, 1.0]]], "view": [[0.0, -2.0, 100.0], [-2.0, 0.0, 100.0], [0.0, 0.0, 1.0]], "bev": "bev_f10350b3e5fc46c2affd08a0cf8265c6.png", "aux": "aux_f10350b3e5fc46c2affd08a0cf8265c6.npz", "visibility": "visibility_f10350b3e5fc46c2affd08a0cf8265c6.png", "pose": [[0.7545077800750732, 0.6562910676002502, 0.0, 1301.203369140625], [-0.6562910676002502, 0.7545077800750732, 0.0, 896.0731201171875], [0.0, 0.0, 1.0, 0.0], [0.0, 0.0, 0.0, 1.0]], "pose_inverse": [[0.7545077800750732, -0.6562910676002502, 0.0, -393.68328857421875], [0.6562910676002502, 0.7545077800750732, 0.0, -1530.0623779296875], [0.0, 0.0, 1.0, 0.0], [0.0, 0.0, 0.0, 1.0]], "cam_ids": [0, 1, 2, 3, 4, 5], "cam_channels": ["CAM_FRONT_LEFT", "CAM_FRONT", "CAM_FRONT_RIGHT", "CAM_BACK_LEFT", "CAM_BACK", "CAM_BACK_RIGHT"], "token": "f10350b3e5fc46c2affd08a0cf8265c6", "scene": "scene-0771"}, {"images": ["samples/CAM_FRONT_LEFT/n008-2018-08-30-15-31-50-0400__CAM_FRONT_LEFT__1535657571904799.jpg", "samples/CAM_FRONT/n008-2018-08-30-15-31-50-0400__CAM_FRONT__1535657571912404.jpg", "samples/CAM_FRONT_RIGHT/n008-2018-08-30-15-31-50-0400__CAM_FRONT_RIGHT__1535657571920482.jpg", "samples/CAM_BACK_LEFT/n008-2018-08-30-15-31-50-0400__CAM_BACK_LEFT__1535657571947405.jpg", "samples/CAM_BACK/n008-2018-08-30-15-31-50-0400__CAM_BACK__1535657571937558.jpg", "samples/CAM_BACK_RIGHT/n008-2018-08-30-15-31-50-0400__CAM_BACK_RIGHT__1535657571928113.jpg"], "intrinsics": [[[1257.8625342125129, 0.0, 827.2410631095686], [0.0, 1257.8625342125129, 450.915498205774], [0.0, 0.0, 1.0]], [[1252.8131021185304, 0.0, 826.588114781398], [0.0, 1252.8131021185304, 469.9846626224581], [0.0, 0.0, 1.0]], [[1256.7485116440405, 0.0, 817.7887570959712], [0.0, 1256.7485116440403, 451.9541780095127], [0.0, 0.0, 1.0]], [[1254.9860565800168, 0.0, 829.5769333630991], [0.0, 1254.9860565800168, 467.1680561863987], [0.0, 0.0, 1.0]], [[796.8910634503094, 0.0, 857.7774326863696], [0.0, 796.8910634503094, 476.8848988407415], [0.0, 0.0, 1.0]], [[1249.9629280788233, 0.0, 825.3768045375984], [0.0, 1249.9629280788233, 462.54816385708756], [0.0, 0.0, 1.0]]], "extrinsics": [[[0.8216586112976074, -0.5677343010902405, -0.05054723471403122, -1.0050048828125], [-0.026883313432335854, 0.049982644617557526, -0.9983882308006287, 1.4883041381835938], [0.5693456530570984, 0.8216930627822876, 0.025806086137890816, -1.33349609375], [0.0, 0.0, 0.0, 1.0]], [[0.00933410320430994, -0.9988928437232971, -0.04610884562134743, 0.00537109375], [-0.024927275255322456, 0.04586409032344818, -0.9986366033554077, 1.4801673889160156], [0.9996456503868103, 0.010470708832144737, -0.024471577256917953, -1.734771728515625], [0.0, 0.0, 0.0, 1.0]], [[-0.8443093299865723, -0.5358263850212097, -0.00564746605232358, 1.090576171875], [-0.01690705306828022, 0.0371716283261776, -0.9991658329963684, 1.4930686950683594], [0.5355893969535828, -0.8435095548629761, -0.040443599224090576, -1.277587890625], [0.0, 0.0, 0.0, 1.0]], [[0.9474236965179443, 0.3191244602203369, -0.023410268127918243, -1.1439208984375], [-0.042266152799129486, 0.05228886380791664, -0.9977371692657471, 1.562042236328125], [-0.31717821955680847, 0.946269154548645, 0.06302786618471146, -0.1561279296875], [0.0, 0.0, 0.0, 1.0]], [[0.010077734477818012, 0.9989621639251709, 0.04441901668906212, -0.0286865234375], [-0.04014856368303299, 0.04478968679904938, -0.9981893301010132, 1.5680618286132812], [-0.9991429448127747, 0.008276189677417278, 0.040558282285928726, 0.04425048828125], [0.0, 0.0, 0.0, 1.0]], [[-0.9230965375900269, 0.38230302929878235, 0.04168030247092247, 1.1607666015625], [-0.035960886627435684, 0.022097108885645866, -0.9991088509559631, 1.5478134155273438], [-0.38288331031799316, -0.9237727522850037, -0.006649810820817947, -0.043701171875], [0.0, 0.0, 0.0, 1.0]]], "view": [[0.0, -2.0, 100.0], [-2.0, 0.0, 100.0], [0.0, 0.0, 1.0]], "bev": "bev_72349c046e7e4b44bcfea744adb2adc0.png", "aux": "aux_72349c046e7e4b44bcfea744adb2adc0.npz", "visibility": "visibility_72349c046e7e4b44bcfea744adb2adc0.png", "pose": [[0.754543125629425, 0.6562504768371582, 0.0, 1301.203369140625], [-0.6562504768371582, 0.754543125629425, 0.0, 896.0731201171875], [0.0, 0.0, 1.0, 0.0], [0.0, 0.0, 0.0, 1.0]], "pose_inverse": [[0.754543125629425, -0.6562504768371582, 0.0, -393.765625], [0.6562504768371582, 0.754543125629425, 0.0, -1530.0411376953125], [0.0, 0.0, 1.0, 0.0], [0.0, 0.0, 0.0, 1.0]], "cam_ids": [0, 1, 2, 3, 4, 5], "cam_channels": ["CAM_FRONT_LEFT", "CAM_FRONT", "CAM_FRONT_RIGHT", "CAM_BACK_LEFT", "CAM_BACK", "CAM_BACK_RIGHT"], "token": "72349c046e7e4b44bcfea744adb2adc0", "scene": "scene-0771"}, {"images": ["samples/CAM_FRONT_LEFT/n008-2018-08-30-15-31-50-0400__CAM_FRONT_LEFT__1535657572404799.jpg", "samples/CAM_FRONT/n008-2018-08-30-15-31-50-0400__CAM_FRONT__1535657572412404.jpg", "samples/CAM_FRONT_RIGHT/n008-2018-08-30-15-31-50-0400__CAM_FRONT_RIGHT__1535657572420482.jpg", "samples/CAM_BACK_LEFT/n008-2018-08-30-15-31-50-0400__CAM_BACK_LEFT__1535657572447405.jpg", "samples/CAM_BACK/n008-2018-08-30-15-31-50-0400__CAM_BACK__1535657572437558.jpg", "samples/CAM_BACK_RIGHT/n008-2018-08-30-15-31-50-0400__CAM_BACK_RIGHT__1535657572428113.jpg"], "intrinsics": [[[1257.8625342125129, 0.0, 827.2410631095686], [0.0, 1257.8625342125129, 450.915498205774], [0.0, 0.0, 1.0]], [[1252.8131021185304, 0.0, 826.588114781398], [0.0, 1252.8131021185304, 469.9846626224581], [0.0, 0.0, 1.0]], [[1256.7485116440405, 0.0, 817.7887570959712], [0.0, 1256.7485116440403, 451.9541780095127], [0.0, 0.0, 1.0]], [[1254.9860565800168, 0.0, 829.5769333630991], [0.0, 1254.9860565800168, 467.1680561863987], [0.0, 0.0, 1.0]], [[796.8910634503094, 0.0, 857.7774326863696], [0.0, 796.8910634503094, 476.8848988407415], [0.0, 0.0, 1.0]], [[1249.9629280788233, 0.0, 825.3768045375984], [0.0, 1249.9629280788233, 462.54816385708756], [0.0, 0.0, 1.0]]], "extrinsics": [[[0.8216856718063354, -0.5676978826522827, -0.050516773015260696, -1.00494384765625], [-0.026916304603219032, 0.04988360404968262, -0.9983922839164734, 1.4882965087890625], [0.5693051815032959, 0.8217242360115051, 0.025708308443427086, -1.3333740234375], [0.0, 0.0, 0.0, 1.0]], [[0.009374679997563362, -0.9988965392112732, -0.046019986271858215, 0.0052490234375], [-0.02497687190771103, 0.045773740857839584, -0.9986395239830017, 1.48016357421875], [0.9996440410614014, 0.010511434637010098, -0.02452019602060318, -1.73455810546875], [0.0, 0.0, 0.0, 1.0]], [[-0.8442914485931396, -0.5358557105064392, -0.0055486964993178844, 1.090576171875], [-0.01697419583797455, 0.03709067404270172, -0.9991676807403564, 1.493072509765625], [0.5356154441833496, -0.8434945344924927, -0.04041105881333351, -1.277587890625], [0.0, 0.0, 0.0, 1.0]], [[0.9474195241928101, 0.31913062930107117, -0.02349591813981533, -1.1439208984375], [-0.04234202951192856, 0.05224485695362091, -0.9977362751960754, 1.5620498657226562], [-0.3171806037425995, 0.9462695717811584, 0.06301042437553406, -0.1561279296875], [0.0, 0.0, 0.0, 1.0]], [[0.01006405521184206, 0.9989654421806335, 0.04434828460216522, -0.02880859375], [-0.040225397795438766, 0.04471908137202263, -0.998189389705658, 1.5680656433105469], [-0.9991399645805359, 0.008261876180768013, 0.04063384234905243, 0.044342041015625], [0.0, 0.0, 0.0, 1.0]], [[-0.9231030344963074, 0.38228216767311096, 0.04172375798225403, 1.16064453125], [-0.03603892773389816, 0.02202269434928894, -0.9991076588630676, 1.5478096008300781], [-0.3828599452972412, -0.9237831234931946, -0.006552176084369421, -0.0435791015625], [0.0, 0.0, 0.0, 1.0]]], "view": [[0.0, -2.0, 100.0], [-2.0, 0.0, 100.0], [0.0, 0.0, 1.0]], "bev": "bev_fe9cfc601c664e8683af8a03e183e533.png", "aux": "aux_fe9cfc601c664e8683af8a03e183e533.npz", "visibility": "visibility_fe9cfc601c664e8683af8a03e183e533.png", "pose": [[0.7545919418334961, 0.6561943292617798, 0.0, 1301.203369140625], [-0.6561943292617798, 0.7545919418334961, 0.0, 896.0731201171875], [0.0, 0.0, 1.0, 0.0], [0.0, 0.0, 0.0, 1.0]], "pose_inverse": [[0.7545919418334961, -0.6561943292617798, 0.0, -393.87945556640625], [0.6561943292617798, 0.7545919418334961, 0.0, -1530.0118408203125], [0.0, 0.0, 1.0, 0.0], [0.0, 0.0, 0.0, 1.0]], "cam_ids": [0, 1, 2, 3, 4, 5], "cam_channels": ["CAM_FRONT_LEFT", "CAM_FRONT", "CAM_FRONT_RIGHT", "CAM_BACK_LEFT", "CAM_BACK", "CAM_BACK_RIGHT"], "token": "fe9cfc601c664e8683af8a03e183e533", "scene": "scene-0771"}, {"images": ["samples/CAM_FRONT_LEFT/n008-2018-08-30-15-31-50-0400__CAM_FRONT_LEFT__1535657572904799.jpg", "samples/CAM_FRONT/n008-2018-08-30-15-31-50-0400__CAM_FRONT__1535657572916402.jpg", "samples/CAM_FRONT_RIGHT/n008-2018-08-30-15-31-50-0400__CAM_FRONT_RIGHT__1535657572920482.jpg", "samples/CAM_BACK_LEFT/n008-2018-08-30-15-31-50-0400__CAM_BACK_LEFT__1535657572947405.jpg", "samples/CAM_BACK/n008-2018-08-30-15-31-50-0400__CAM_BACK__1535657572937558.jpg", "samples/CAM_BACK_RIGHT/n008-2018-08-30-15-31-50-0400__CAM_BACK_RIGHT__1535657572928113.jpg"], "intrinsics": [[[1257.8625342125129, 0.0, 827.2410631095686], [0.0, 1257.8625342125129, 450.915498205774], [0.0, 0.0, 1.0]], [[1252.8131021185304, 0.0, 826.588114781398], [0.0, 1252.8131021185304, 469.9846626224581], [0.0, 0.0, 1.0]], [[1256.7485116440405, 0.0, 817.7887570959712], [0.0, 1256.7485116440403, 451.9541780095127], [0.0, 0.0, 1.0]], [[1254.9860565800168, 0.0, 829.5769333630991], [0.0, 1254.9860565800168, 467.1680561863987], [0.0, 0.0, 1.0]], [[796.8910634503094, 0.0, 857.7774326863696], [0.0, 796.8910634503094, 476.8848988407415], [0.0, 0.0, 1.0]], [[1249.9629280788233, 0.0, 825.3768045375984], [0.0, 1249.9629280788233, 462.54816385708756], [0.0, 0.0, 1.0]]], "extrinsics": [[[0.8216800689697266, -0.5677141547203064, -0.0504239983856678, -1.00506591796875], [-0.026857195422053337, 0.049805331975221634, -0.9983977675437927, 1.4882965087890625], [0.5693159699440002, 0.8217178583145142, 0.02567683905363083, -1.3333740234375], [0.0, 0.0, 0.0, 1.0]], [[0.009366244077682495, -0.998900830745697, -0.045927733182907104, 0.0054931640625], [-0.024898938834667206, 0.04568253457546234, -0.9986456632614136, 1.48016357421875], [0.9996461272239685, 0.01049705408513546, -0.024443697184324265, -1.734710693359375], [0.0, 0.0, 0.0, 1.0]], [[-0.8442955017089844, -0.5358489155769348, -0.005573902279138565, 1.0904541015625], [-0.01688179187476635, 0.03699273243546486, -0.9991729259490967, 1.493072509765625], [0.5356119871139526, -0.8435031771659851, -0.04027888923883438, -1.2777099609375], [0.0, 0.0, 0.0, 1.0]], [[0.9474225044250488, 0.31912675499916077, -0.023425795137882233, -1.1439208984375], [-0.042228370904922485, 0.05212689936161041, -0.9977472424507141, 1.562042236328125], [-0.3171866834163666, 0.946277379989624, 0.06286239624023438, -0.15625], [0.0, 0.0, 0.0, 1.0]], [[0.010062278248369694, 0.9989703297615051, 0.04424029961228371, -0.0286865234375], [-0.04012089967727661, 0.04461025074124336, -0.9981984496116638, 1.5680656433105469], [-0.9991441965103149, 0.008269213140010834, 0.04052846506237984, 0.044403076171875], [0.0, 0.0, 0.0, 1.0]], [[-0.9231057167053223, 0.38229072093963623, 0.041588373482227325, 1.1606292724609375], [-0.035934120416641235, 0.021921854466199875, -0.9991136789321899, 1.5478134155273438], [-0.3828635811805725, -0.9237820506095886, -0.0064989072270691395, -0.043701171875], [0.0, 0.0, 0.0, 1.0]]], "view": [[0.0, -2.0, 100.0], [-2.0, 0.0, 100.0], [0.0, 0.0, 1.0]], "bev": "bev_74302e55582041389219c485573b2cf4.png", "aux": "aux_74302e55582041389219c485573b2cf4.npz", "visibility": "visibility_74302e55582041389219c485573b2cf4.png", "pose": [[0.7545218467712402, 0.6562749743461609, 0.0, 1301.203369140625], [-0.6562749743461609, 0.7545218467712402, 0.0, 896.0731201171875], [0.0, 0.0, 1.0, 0.0], [0.0, 0.0, 0.0, 1.0]], "pose_inverse": [[0.7545218467712402, -0.6562749743461609, 0.0, -393.7159729003906], [0.6562749743461609, 0.7545218467712402, 0.0, -1530.053955078125], [0.0, 0.0, 1.0, 0.0], [0.0, 0.0, 0.0, 1.0]], "cam_ids": [0, 1, 2, 3, 4, 5], "cam_channels": ["CAM_FRONT_LEFT", "CAM_FRONT", "CAM_FRONT_RIGHT", "CAM_BACK_LEFT", "CAM_BACK", "CAM_BACK_RIGHT"], "token": "74302e55582041389219c485573b2cf4", "scene": "scene-0771"}, {"images": ["samples/CAM_FRONT_LEFT/n008-2018-08-30-15-31-50-0400__CAM_FRONT_LEFT__1535657573404799.jpg", "samples/CAM_FRONT/n008-2018-08-30-15-31-50-0400__CAM_FRONT__1535657573412404.jpg", "samples/CAM_FRONT_RIGHT/n008-2018-08-30-15-31-50-0400__CAM_FRONT_RIGHT__1535657573420482.jpg", "samples/CAM_BACK_LEFT/n008-2018-08-30-15-31-50-0400__CAM_BACK_LEFT__1535657573447405.jpg", "samples/CAM_BACK/n008-2018-08-30-15-31-50-0400__CAM_BACK__1535657573437558.jpg", "samples/CAM_BACK_RIGHT/n008-2018-08-30-15-31-50-0400__CAM_BACK_RIGHT__1535657573428113.jpg"], "intrinsics": [[[1257.8625342125129, 0.0, 827.2410631095686], [0.0, 1257.8625342125129, 450.915498205774], [0.0, 0.0, 1.0]], [[1252.8131021185304, 0.0, 826.588114781398], [0.0, 1252.8131021185304, 469.9846626224581], [0.0, 0.0, 1.0]], [[1256.7485116440405, 0.0, 817.7887570959712], [0.0, 1256.7485116440403, 451.9541780095127], [0.0, 0.0, 1.0]], [[1254.9860565800168, 0.0, 829.5769333630991], [0.0, 1254.9860565800168, 467.1680561863987], [0.0, 0.0, 1.0]], [[796.8910634503094, 0.0, 857.7774326863696], [0.0, 796.8910634503094, 476.8848988407415], [0.0, 0.0, 1.0]], [[1249.9629280788233, 0.0, 825.3768045375984], [0.0, 1249.9629280788233, 462.54816385708756], [0.0, 0.0, 1.0]]], "extrinsics": [[[0.821691632270813, -0.5677118897438049, -0.05026136711239815, -1.0050048828125], [-0.026759034022688866, 0.04966191202402115, -0.9984075427055359, 1.4882965087890625], [0.5693038702011108, 0.821727991104126, 0.025615354999899864, -1.3333740234375], [0.0, 0.0, 0.0, 1.0]], [[0.009375226683914661, -0.9989067912101746, -0.0457964651286602, 0.00537109375], [-0.024802440777420998, 0.045552097260951996, -0.9986540675163269, 1.4801673889160156], [0.99964839220047, 0.010498485527932644, -0.024348264560103416, -1.7347412109375], [0.0, 0.0, 0.0, 1.0]], [[-0.8442952036857605, -0.5358491539955139, -0.005592073779553175, 1.090576171875], [-0.01678166352212429, 0.03686888888478279, -0.9991791248321533, 1.493072509765625], [0.5356155633926392, -0.8435084223747253, -0.04012066498398781, -1.277587890625], [0.0, 0.0, 0.0, 1.0]], [[0.9474248886108398, 0.31912365555763245, -0.02337268926203251, -1.14398193359375], [-0.042142074555158615, 0.052036937326192856, -0.9977555871009827, 1.5620384216308594], [-0.3171911835670471, 0.9462834000587463, 0.06274961680173874, -0.15625], [0.0, 0.0, 0.0, 1.0]], [[0.010062540881335735, 0.9989743232727051, 0.044147443026304245, -0.0289306640625], [-0.040031470358371735, 0.044516731053590775, -0.9982062578201294, 1.5680656433105469], [-0.9991477727890015, 0.008277230896055698, 0.04043836519122124, 0.04437255859375], [0.0, 0.0, 0.0, 1.0]], [[-0.9231070876121521, 0.38230130076408386, 0.04146119952201843, 1.160736083984375], [-0.03584255650639534, 0.021810472011566162, -0.9991194009780884, 1.5478134155273438], [-0.38286882638931274, -0.9237803816795349, -0.006430748850107193, -0.043701171875], [0.0, 0.0, 0.0, 1.0]]], "view": [[0.0, -2.0, 100.0], [-2.0, 0.0, 100.0], [0.0, 0.0, 1.0]], "bev": "bev_f9adbe439b014c2b9ef874e837e933a5.png", "aux": "aux_f9adbe439b014c2b9ef874e837e933a5.npz", "visibility": "visibility_f9adbe439b014c2b9ef874e837e933a5.png", "pose": [[0.754462718963623, 0.6563429236412048, 0.0, 1301.203369140625], [-0.6563429236412048, 0.754462718963623, 0.0, 896.0731201171875], [0.0, 0.0, 1.0, 0.0], [0.0, 0.0, 0.0, 1.0]], "pose_inverse": [[0.754462718963623, -0.6563429236412048, 0.0, -393.57818603515625], [0.6563429236412048, 0.754462718963623, 0.0, -1530.08935546875], [0.0, 0.0, 1.0, 0.0], [0.0, 0.0, 0.0, 1.0]], "cam_ids": [0, 1, 2, 3, 4, 5], "cam_channels": ["CAM_FRONT_LEFT", "CAM_FRONT", "CAM_FRONT_RIGHT", "CAM_BACK_LEFT", "CAM_BACK", "CAM_BACK_RIGHT"], "token": "f9adbe439b014c2b9ef874e837e933a5", "scene": "scene-0771"}, {"images": ["samples/CAM_FRONT_LEFT/n008-2018-08-30-15-31-50-0400__CAM_FRONT_LEFT__1535657573904799.jpg", "samples/CAM_FRONT/n008-2018-08-30-15-31-50-0400__CAM_FRONT__1535657573912404.jpg", "samples/CAM_FRONT_RIGHT/n008-2018-08-30-15-31-50-0400__CAM_FRONT_RIGHT__1535657573920482.jpg", "samples/CAM_BACK_LEFT/n008-2018-08-30-15-31-50-0400__CAM_BACK_LEFT__1535657573947405.jpg", "samples/CAM_BACK/n008-2018-08-30-15-31-50-0400__CAM_BACK__1535657573937558.jpg", "samples/CAM_BACK_RIGHT/n008-2018-08-30-15-31-50-0400__CAM_BACK_RIGHT__1535657573928113.jpg"], "intrinsics": [[[1257.8625342125129, 0.0, 827.2410631095686], [0.0, 1257.8625342125129, 450.915498205774], [0.0, 0.0, 1.0]], [[1252.8131021185304, 0.0, 826.588114781398], [0.0, 1252.8131021185304, 469.9846626224581], [0.0, 0.0, 1.0]], [[1256.7485116440405, 0.0, 817.7887570959712], [0.0, 1256.7485116440403, 451.9541780095127], [0.0, 0.0, 1.0]], [[1254.9860565800168, 0.0, 829.5769333630991], [0.0, 1254.9860565800168, 467.1680561863987], [0.0, 0.0, 1.0]], [[796.8910634503094, 0.0, 857.7774326863696], [0.0, 796.8910634503094, 476.8848988407415], [0.0, 0.0, 1.0]], [[1249.9629280788233, 0.0, 825.3768045375984], [0.0, 1249.9629280788233, 462.54816385708756], [0.0, 0.0, 1.0]]], "extrinsics": [[[0.8216902017593384, -0.5677435398101807, -0.04992559924721718, -1.00494384765625], [-0.02664770744740963, 0.04923199862241745, -0.9984318614006042, 1.4882965087890625], [0.5693112015724182, 0.8217320442199707, 0.025324387475848198, -1.3333740234375], [0.0, 0.0, 0.0, 1.0]], [[0.009378021582961082, -0.9989272952079773, -0.04534595087170601, 0.00537109375], [-0.024692842736840248, 0.04510277509689331, -0.998677134513855, 1.48016357421875], [0.9996511340141296, 0.010485339909791946, -0.02424338087439537, -1.7347412109375], [0.0, 0.0, 0.0, 1.0]], [[-0.8442908525466919, -0.535857617855072, -0.005431561730802059, 1.0906982421875], [-0.01667368970811367, 0.03639893978834152, -0.9991981983184814, 1.493072509765625], [0.5356258153915405, -0.843523383140564, -0.03966601565480232, -1.277587890625], [0.0, 0.0, 0.0, 1.0]], [[0.9474234580993652, 0.3191233277320862, -0.0234341062605381, -1.14398193359375], [-0.04202089086174965, 0.051482513546943665, -0.9977894425392151, 1.5620460510253906], [-0.31721141934394836, 0.946313738822937, 0.062185581773519516, -0.15625], [0.0, 0.0, 0.0, 1.0]], [[0.010042020119726658, 0.9989975690841675, 0.043625473976135254, -0.02880859375], [-0.039904482662677765, 0.0439932756125927, -0.9982345104217529, 1.5680618286132812], [-0.9991531372070312, 0.008283396251499653, 0.04030625522136688, 0.044281005859375], [0.0, 0.0, 0.0, 1.0]], 