[{"images": ["samples/CAM_FRONT_LEFT/n015-2018-11-21-19-11-29+0800__CAM_FRONT_LEFT__1542799131604844.jpg", "samples/CAM_FRONT/n015-2018-11-21-19-11-29+0800__CAM_FRONT__1542799131612460.jpg", "samples/CAM_FRONT_RIGHT/n015-2018-11-21-19-11-29+0800__CAM_FRONT_RIGHT__1542799131620339.jpg", "samples/CAM_BACK_LEFT/n015-2018-11-21-19-11-29+0800__CAM_BACK_LEFT__1542799131647423.jpg", "samples/CAM_BACK/n015-2018-11-21-19-11-29+0800__CAM_BACK__1542799131637525.jpg", "samples/CAM_BACK_RIGHT/n015-2018-11-21-19-11-29+0800__CAM_BACK_RIGHT__1542799131627893.jpg"], "intrinsics": [[[1272.5979470598488, 0.0, 826.6154927353808], [0.0, 1272.5979470598488, 479.75165386361925], [0.0, 0.0, 1.0]], [[1266.417203046554, 0.0, 816.2670197447984], [0.0, 1266.417203046554, 491.50706579294757], [0.0, 0.0, 1.0]], [[1260.8474446004698, 0.0, 807.968244525554], [0.0, 1260.8474446004698, 495.3344268742088], [0.0, 0.0, 1.0]], [[1256.7414812095406, 0.0, 792.1125740759628], [0.0, 1256.7414812095406, 492.7757465151356], [0.0, 0.0, 1.0]], [[809.2209905677063, 0.0, 829.2196003259838], [0.0, 809.2209905677063, 481.77842384512485], [0.0, 0.0, 1.0]], [[1259.5137405846733, 0.0, 807.2529053838625], [0.0, 1259.5137405846733, 501.19579884916527], [0.0, 0.0, 1.0]]], "extrinsics": [[[0.8221479058265686, -0.5686815977096558, 0.025961218401789665, -0.6591644287109375], [0.044665366411209106, 0.018975310027599335, -0.9988217353820801, 1.5247650146484375], [0.567518949508667, 0.8223388195037842, 0.041000887751579285, -1.071533203125], [0.0, 0.0, 0.0, 1.0]], [[0.008574506267905235, -0.9998552799224854, -0.014691425487399101, 0.00927734375], [0.0390683077275753, 0.01501571573317051, -0.9991236925125122, 1.5323944091796875], [0.9991996884346008, 0.007993018254637718, 0.03919140622019768, -1.388427734375], [0.0, 0.0, 0.0, 1.0]], [[-0.8304964900016785, -0.5543196201324463, -0.054819706827402115, 0.83642578125], [0.044312600046396255, 0.03235618397593498, -0.9984936118125916, 1.51409912109375], [0.5552583336830139, -0.8316746950149536, -0.002308356110006571, -1.1163330078125], [0.0, 0.0, 0.0, 1.0]], [[0.946618378162384, 0.3184601664543152, 0.04996771737933159, -1.139404296875], [0.05183599144220352, 0.0026108953170478344, -0.9986522197723389, 1.588714599609375], [-0.31816139817237854, 0.9479326009750366, -0.014036179520189762, -0.10546875], [0.0, 0.0, 0.0, 1.0]], [[0.0017123388824984431, 0.9999213814735413, 0.012425584718585014, 0.002685546875], [0.02687293104827404, 0.012375101447105408, -0.9995622634887695, 1.5817108154296875], [-0.9996374249458313, 0.002045506378635764, -0.02684962749481201, -0.0859375], [0.0, 0.0, 0.0, 1.0]], [[-0.933962881565094, 0.3543628454208374, -0.04626285284757614, 0.9759521484375], [0.05985700711607933, 0.027491139248013496, -0.9978283643722534, 1.5616912841796875], [-0.35232147574424744, -0.9347038269042969, -0.046886809170246124, -0.123046875], [0.0, 0.0, 0.0, 1.0]]], "view": [[0.0, -2.0, 100.0], [-2.0, 0.0, 100.0], [0.0, 0.0, 1.0]], "bev": "bev_e02cc696e0794bf3abd560c24d1fb487.png", "aux": "aux_e02cc696e0794bf3abd560c24d1fb487.npz", "visibility": "visibility_e02cc696e0794bf3abd560c24d1fb487.png", "pose": [[0.9942163228988647, 0.10739577561616898, 0.0, 2378.997802734375], [-0.10739577561616898, 0.9942163228988647, 0.0, 2401.114501953125], [0.0, 0.0, 1.0, 0.0], [0.0, 0.0, 0.0, 1.0]], "pose_inverse": [[0.9942163228988647, -0.10739577561616898, 0.0, -2107.368896484375], [0.10739577561616898, 0.9942163228988647, 0.0, -2642.7216796875], [0.0, 0.0, 1.0, 0.0], [0.0, 0.0, 0.0, 1.0]], "cam_ids": [0, 1, 2, 3, 4, 5], "cam_channels": ["CAM_FRONT_LEFT", "CAM_FRONT", "CAM_FRONT_RIGHT", "CAM_BACK_LEFT", "CAM_BACK", "CAM_BACK_RIGHT"], "token": "e02cc696e0794bf3abd560c24d1fb487", "scene": "scene-1057"}, {"images": ["samples/CAM_FRONT_LEFT/n015-2018-11-21-19-11-29+0800__CAM_FRONT_LEFT__1542799132154844.jpg", "samples/CAM_FRONT/n015-2018-11-21-19-11-29+0800__CAM_FRONT__1542799132162460.jpg", "samples/CAM_FRONT_RIGHT/n015-2018-11-21-19-11-29+0800__CAM_FRONT_RIGHT__1542799132170339.jpg", "samples/CAM_BACK_LEFT/n015-2018-11-21-19-11-29+0800__CAM_BACK_LEFT__1542799132197423.jpg", "samples/CAM_BACK/n015-2018-11-21-19-11-29+0800__CAM_BACK__1542799132187525.jpg", "samples/CAM_BACK_RIGHT/n015-2018-11-21-19-11-29+0800__CAM_BACK_RIGHT__1542799132177893.jpg"], "intrinsics": [[[1272.5979470598488, 0.0, 826.6154927353808], [0.0, 1272.5979470598488, 479.75165386361925], [0.0, 0.0, 1.0]], [[1266.417203046554, 0.0, 816.2670197447984], [0.0, 1266.417203046554, 491.50706579294757], [0.0, 0.0, 1.0]], [[1260.8474446004698, 0.0, 807.968244525554], [0.0, 1260.8474446004698, 495.3344268742088], [0.0, 0.0, 1.0]], [[1256.7414812095406, 0.0, 792.1125740759628], [0.0, 1256.7414812095406, 492.7757465151356], [0.0, 0.0, 1.0]], [[809.2209905677063, 0.0, 829.2196003259838], [0.0, 809.2209905677063, 481.77842384512485], [0.0, 0.0, 1.0]], [[1259.5137405846733, 0.0, 807.2529053838625], [0.0, 1259.5137405846733, 501.19579884916527], [0.0, 0.0, 1.0]]], "extrinsics": [[[0.8242587447166443, -0.5659469366073608, 0.017364319413900375, -0.6621818542480469], [0.03302228823304176, 0.01743396557867527, -0.9993025660514832, 1.5203704833984375], [0.565249502658844, 0.8242573142051697, 0.03305895999073982, -1.072998046875], [0.0, 0.0, 0.0, 1.0]], [[0.011336186900734901, -0.9998546838760376, -0.012724929489195347, 0.009033203125], [0.028002053499221802, 0.01303818728774786, -0.9995228052139282, 1.5289688110351562], [0.9995435476303101, 0.010974450036883354, 0.028145790100097656, -1.3907470703125], [0.0, 0.0, 0.0, 1.0]], [[-0.8295853734016418, -0.5565804243087769, -0.044792138040065765, 0.83837890625], [0.033826034516096115, 0.02997729368507862, -0.9989780187606812, 1.5115509033203125], [0.5573543906211853, -0.8302527070045471, -0.00604181457310915, -1.117919921875], [0.0, 0.0, 0.0, 1.0]], [[0.9469914436340332, 0.31863701343536377, 0.04095746949315071, -1.138671875], [0.043637655675411224, -0.001274397480301559, -0.9990466237068176, 1.5887222290039062], [-0.31828099489212036, 0.9478759169578552, -0.015111416578292847, -0.1051025390625], [0.0, 0.0, 0.0, 1.0]], [[0.0006837957189418375, 0.9999587535858154, 0.009064058773219585, 0.00244140625], [0.017866823822259903, 0.009050397202372551, -0.9997994303703308, 1.5809249877929688], [-0.9998401403427124, 0.0008456213981844485, -0.017859894782304764, -0.0858154296875], [0.0, 0.0, 0.0, 1.0]], [[-0.9351022839546204, 0.35232171416282654, -0.03811802342534065, 0.97784423828125], [0.050034500658512115, 0.02477511204779148, -0.998440146446228, 1.5599212646484375], [-0.35082778334617615, -0.9355509877204895, -0.04079550504684448, -0.122802734375], [0.0, 0.0, 0.0, 1.0]]], "view": [[0.0, -2.0, 100.0], [-2.0, 0.0, 100.0], [0.0, 0.0, 1.0]], "bev": "bev_6a24bd001fdf4a99b383b2d6e6124d49.png", "aux": "aux_6a24bd001fdf4a99b383b2d6e6124d49.npz", "visibility": "visibility_6a24bd001fdf4a99b383b2d6e6124d49.png", "pose": [[0.9855330586433411, 0.1694832444190979, 0.0, 2383.642578125], [-0.1694832444190979, 0.9855330586433411, 0.0, 2400.477294921875], [0.0, 0.0, 1.0, 0.0], [0.0, 0.0, 0.0, 1.0]], "pose_inverse": [[0.9855330586433411, -0.1694832444190979, 0.0, -1942.31787109375], [0.1694832444190979, 0.9855330586433411, 0.0, -2769.7373046875], [0.0, 0.0, 1.0, 0.0], [0.0, 0.0, 0.0, 1.0]], "cam_ids": [0, 1, 2, 3, 4, 5], "cam_channels": ["CAM_FRONT_LEFT", "CAM_FRONT", "CAM_FRONT_RIGHT", "CAM_BACK_LEFT", "CAM_BACK", "CAM_BACK_RIGHT"], "token": "6a24bd001fdf4a99b383b2d6e6124d49", "scene": "scene-1057"}, {"images": ["samples/CAM_FRONT_LEFT/n015-2018-11-21-19-11-29+0800__CAM_FRONT_LEFT__1542799132654844.jpg", "samples/CAM_FRONT/n015-2018-11-21-19-11-29+0800__CAM_FRONT__1542799132662460.jpg", "samples/CAM_FRONT_RIGHT/n015-2018-11-21-19-11-29+0800__CAM_FRONT_RIGHT__1542799132670339.jpg", "samples/CAM_BACK_LEFT/n015-2018-11-21-19-11-29+0800__CAM_BACK_LEFT__1542799132697423.jpg", "samples/CAM_BACK/n015-2018-11-21-19-11-29+0800__CAM_BACK__1542799132687525.jpg", "samples/CAM_BACK_RIGHT/n015-2018-11-21-19-11-29+0800__CAM_BACK_RIGHT__1542799132677893.jpg"], "intrinsics": [[[1272.5979470598488, 0.0, 826.6154927353808], [0.0, 1272.5979470598488, 479.75165386361925], [0.0, 0.0, 1.0]], [[1266.417203046554, 0.0, 816.2670197447984], [0.0, 1266.417203046554, 491.50706579294757], [0.0, 0.0, 1.0]], [[1260.8474446004698, 0.0, 807.968244525554], [0.0, 1260.8474446004698, 495.3344268742088], [0.0, 0.0, 1.0]], [[1256.7414812095406, 0.0, 792.1125740759628], [0.0, 1256.7414812095406, 492.7757465151356], [0.0, 0.0, 1.0]], [[809.2209905677063, 0.0, 829.2196003259838], [0.0, 809.2209905677063, 481.77842384512485], [0.0, 0.0, 1.0]], [[1259.5137405846733, 0.0, 807.2529053838625], [0.0, 1259.5137405846733, 501.19579884916527], [0.0, 0.0, 1.0]]], "extrinsics": [[[0.8248350024223328, -0.5651853680610657, 0.01458490826189518, -0.67193603515625], [0.030507145449519157, 0.018733328208327293, -0.9993589520454407, 1.5191116333007812], [0.5645498037338257, 0.8247512578964233, 0.032694097608327866, -1.0791015625], [0.0, 0.0, 0.0, 1.0]], [[0.011878502555191517, -0.9998281002044678, -0.01423726137727499, 0.00830078125], [0.025378383696079254, 0.014535129070281982, -0.9995722770690918, 1.5279693603515625], [0.9996073842048645, 0.011512110941112041, 0.02554667554795742, -1.3992919921875], [0.0, 0.0, 0.0, 1.0]], [[-0.8296514749526978, -0.5565870404243469, -0.043466001749038696, 0.842529296875], [0.031092137098312378, 0.031670764088630676, -0.9990146160125732, 1.5107574462890625], [0.5574151277542114, -0.8301854729652405, -0.008970214985311031, -1.121826171875], [0.0, 0.0, 0.0, 1.0]], [[0.9471085667610168, 0.31856268644332886, 0.038772158324718475, -1.139892578125], [0.04063241928815842, 0.0008061730186454952, -0.9991738200187683, 1.588653564453125], [-0.3183307647705078, 0.9479014277458191, -0.012180439196527004, -0.1044921875], [0.0, 0.0, 0.0, 1.0]], [[0.0008289740071631968, 0.9999387860298157, 0.01103883795440197, 0.003173828125], [0.014907538890838623, 0.011025259271264076, -0.9998281002044678, 1.5806236267089844], [-0.9998885989189148, 0.0009933736873790622, -0.0148974834010005, -0.0828857421875], [0.0, 0.0, 0.0, 1.0]], [[-0.9351118803024292, 0.3526368737220764, -0.034828152507543564, 0.9813232421875], [0.04721680283546448, 0.02658829651772976, -0.9985307455062866, 1.5593109130859375], [-0.35119277238845825, -0.9353825449943542, -0.04151341691613197, -0.122314453125], [0.0, 0.0, 0.0, 1.0]]], "view": [[0.0, -2.0, 100.0], [-2.0, 0.0, 100.0], [0.0, 0.0, 1.0]], "bev": "bev_b20c142bb7d243269dec44ca8e843d20.png", "aux": "aux_b20c142bb7d243269dec44ca8e843d20.npz", "visibility": "visibility_b20c142bb7d243269dec44ca8e843d20.png", "pose": [[0.9672479033470154, 0.2538336217403412, 0.0, 2387.73095703125], [-0.2538336217403412, 0.9672479033470154, 0.0, 2399.586669921875], [0.0, 0.0, 1.0, 0.0], [0.0, 0.0, 0.0, 1.0]], "pose_inverse": [[0.9672479033470154, -0.2538336217403412, 0.0, -1700.4320068359375], [0.2538336217403412, 0.9672479033470154, 0.0, -2927.08154296875], [0.0, 0.0, 1.0, 0.0], [0.0, 0.0, 0.0, 1.0]], "cam_ids": [0, 1, 2, 3, 4, 5], "cam_channels": ["CAM_FRONT_LEFT", "CAM_FRONT", "CAM_FRONT_RIGHT", "CAM_BACK_LEFT", "CAM_BACK", "CAM_BACK_RIGHT"], "token": "b20c142bb7d243269dec44ca8e843d20", "scene": "scene-1057"}, {"images": ["samples/CAM_FRONT_LEFT/n015-2018-11-21-19-11-29+0800__CAM_FRONT_LEFT__1542799133154844.jpg", "samples/CAM_FRONT/n015-2018-11-21-19-11-29+0800__CAM_FRONT__1542799133162460.jpg", "samples/CAM_FRONT_RIGHT/n015-2018-11-21-19-11-29+0800__CAM_FRONT_RIGHT__1542799133170341.jpg", "samples/CAM_BACK_LEFT/n015-2018-11-21-19-11-29+0800__CAM_BACK_LEFT__1542799133197423.jpg", "samples/CAM_BACK/n015-2018-11-21-19-11-29+0800__CAM_BACK__1542799133187525.jpg", "samples/CAM_BACK_RIGHT/n015-2018-11-21-19-11-29+0800__CAM_BACK_RIGHT__1542799133177893.jpg"], "intrinsics": [[[1272.5979470598488, 0.0, 826.6154927353808], [0.0, 1272.5979470598488, 479.75165386361925], [0.0, 0.0, 1.0]], [[1266.417203046554, 0.0, 816.2670197447984], [0.0, 1266.417203046554, 491.50706579294757], [0.0, 0.0, 1.0]], [[1260.8474446004698, 0.0, 807.968244525554], [0.0, 1260.8474446004698, 495.3344268742088], [0.0, 0.0, 1.0]], [[1256.7414812095406, 0.0, 792.1125740759628], [0.0, 1256.7414812095406, 492.7757465151356], [0.0, 0.0, 1.0]], [[809.2209905677063, 0.0, 829.2196003259838], [0.0, 809.2209905677063, 481.77842384512485], [0.0, 0.0, 1.0]], [[1259.5137405846733, 0.0, 807.2529053838625], [0.0, 1259.5137405846733, 501.19579884916527], [0.0, 0.0, 1.0]]], "extrinsics": [[[0.8248239159584045, -0.5650970339775085, 0.01818818226456642, -0.66693115234375], [0.02797963283956051, 0.00866734515875578, -0.999570906162262, 1.51837158203125], [0.5646969676017761, 0.8249788284301758, 0.022960243746638298, -1.074951171875], [0.0, 0.0, 0.0, 1.0]], [[0.011973266489803791, -0.9999184608459473, -0.004436482675373554, 0.0078125], [0.02200440876185894, 0.004699207376688719, -0.9997467994689941, 1.527099609375], [0.9996861219406128, 0.011872613802552223, 0.02205887995660305, -1.39404296875], [0.0, 0.0, 0.0, 1.0]], [[-0.8296200037002563, -0.5572538375854492, -0.034623727202415466, 0.83935546875], [0.02689254656434059, 0.022058503702282906, -0.9993948936462402, 1.5099105834960938], [0.5576803684234619, -0.8300490975379944, -0.0033142021857202053, -1.11962890625], [0.0, 0.0, 0.0, 1.0]], [[0.94728022813797, 0.31903135776519775, 0.029648473486304283, -1.13623046875], [0.03401672840118408, -0.008127862587571144, -0.9993882179260254, 1.5887775421142578], [-0.3185952305793762, 0.947709321975708, -0.018551770597696304, -0.10546875], [0.0, 0.0, 0.0, 1.0]], [[0.0005337417824193835, 0.9999982118606567, 0.0018208144465461373, 0.0029296875], [0.009090987965464592, 0.001815887400880456, -0.9999570250511169, 1.5801639556884766], [-0.9999585747718811, 0.0005502765998244286, -0.009090002626180649, -0.0869140625], [0.0, 0.0, 0.0, 1.0]], [[-0.9354639053344727, 0.35182738304138184, -0.03353764861822128, 0.978271484375], [0.042272429913282394, 0.017172086983919144, -0.9989585876464844, 1.55859375], [-0.3508850932121277, -0.9359073638916016, -0.03093646839261055, -0.123291015625], [0.0, 0.0, 0.0, 1.0]]], "view": [[0.0, -2.0, 100.0], [-2.0, 0.0, 100.0], [0.0, 0.0, 1.0]], "bev": "bev_2feea14e45534b8e827eaaf82b5f5b53.png", "aux": "aux_2feea14e45534b8e827eaaf82b5f5b53.npz", "visibility": "visibility_2feea14e45534b8e827eaaf82b5f5b53.png", "pose": [[0.9404656887054443, 0.33988863229751587, 0.0, 2391.7236328125], [-0.33988863229751587, 0.9404656887054443, 0.0, 2398.316650390625], [0.0, 0.0, 1.0, 0.0], [0.0, 0.0, 0.0, 1.0]], "pose_inverse": [[0.9404656887054443, -0.33988863229751587, 0.0, -1434.1734619140625], [0.33988863229751587, 0.9404656887054443, 0.0, -3068.4541015625], [0.0, 0.0, 1.0, 0.0], [0.0, 0.0, 0.0, 1.0]], "cam_ids": [0, 1, 2, 3, 4, 5], "cam_channels": ["CAM_FRONT_LEFT", "CAM_FRONT", "CAM_FRONT_RIGHT", "CAM_BACK_LEFT", "CAM_BACK", "CAM_BACK_RIGHT"], "token": "2feea14e45534b8e827eaaf82b5f5b53", "scene": "scene-1057"}, {"images": ["samples/CAM_FRONT_LEFT/n015-2018-11-21-19-11-29+0800__CAM_FRONT_LEFT__1542799133654844.jpg", "samples/CAM_FRONT/n015-2018-11-21-19-11-29+0800__CAM_FRONT__1542799133662460.jpg", "samples/CAM_FRONT_RIGHT/n015-2018-11-21-19-11-29+0800__CAM_FRONT_RIGHT__1542799133670339.jpg", "samples/CAM_BACK_LEFT/n015-2018-11-21-19-11-29+0800__CAM_BACK_LEFT__1542799133697472.jpg", "samples/CAM_BACK/n015-2018-11-21-19-11-29+0800__CAM_BACK__1542799133687525.jpg", "samples/CAM_BACK_RIGHT/n015-2018-11-21-19-11-29+0800__CAM_BACK_RIGHT__1542799133677893.jpg"], "intrinsics": [[[1272.5979470598488, 0.0, 826.6154927353808], [0.0, 1272.5979470598488, 479.75165386361925], [0.0, 0.0, 1.0]], [[1266.417203046554, 0.0, 816.2670197447984], [0.0, 1266.417203046554, 491.50706579294757], [0.0, 0.0, 1.0]], [[1260.8474446004698, 0.0, 807.968244525554], [0.0, 1260.8474446004698, 495.3344268742088], [0.0, 0.0, 1.0]], [[1256.7414812095406, 0.0, 792.1125740759628], [0.0, 1256.7414812095406, 492.7757465151356], [0.0, 0.0, 1.0]], [[809.2209905677063, 0.0, 829.2196003259838], [0.0, 809.2209905677063, 481.77842384512485], [0.0, 0.0, 1.0]], [[1259.5137405846733, 0.0, 807.2529053838625], [0.0, 1259.5137405846733, 501.19579884916527], [0.0, 0.0, 1.0]]], "extrinsics": [[[0.8238866329193115, -0.5662093162536621, 0.024854663759469986, -0.663818359375], [0.04382999613881111, 0.019930992275476456, -0.9988401532173157, 1.52435302734375], [0.5650572776794434, 0.8240204453468323, 0.041237834841012955, -1.07177734375], [0.0, 0.0, 0.0, 1.0]], [[0.011312441900372505, -0.9998250603675842, -0.014891176484525204, 0.007568359375], [0.03818435221910477, 0.015313205309212208, -0.9991533756256104, 1.5320892333984375], [0.9992066025733948, 0.010734287090599537, 0.038350898772478104, -1.389892578125], [0.0, 0.0, 0.0, 1.0]], [[-0.8292130827903748, -0.5563385486602783, -0.053788088262081146, 0.836669921875], [0.043304335325956345, 0.0319976806640625, -0.9985493421554565, 1.5138702392578125], [0.5572525858879089, -0.8303394317626953, -0.002441022777929902, -1.1175537109375], [0.0, 0.0, 0.0, 1.0]], [[0.9466121792793274, 0.31879153847694397, 0.04793072119355202, -1.1376953125], [0.0506264790892601, -0.0001706066686892882, -0.9987176060676575, 1.5887947082519531], [-0.31837451457977295, 0.9478248357772827, -0.01630079187452793, -0.105224609375], [0.0, 0.0, 0.0, 1.0]], [[0.0005730677512474358, 0.9999452233314514, 0.010457904078066349, 0.0029296875], [0.025725029408931732, 0.010439702309668064, -0.9996145963668823, 1.5816688537597656], [-0.9996688961982727, 0.0008419001824222505, -0.025717634707689285, -0.088134765625], [0.0, 0.0, 0.0, 1.0]], [[-0.9346856474876404, 0.3525283932685852, -0.045677877962589264, 0.9754018783569336], [0.05877113714814186, 0.026521852239966393, -0.9979190826416016, 1.561553955078125], [-0.3505833148956299, -0.9354252219200134, -0.04550808668136597, -0.123779296875], [0.0, 0.0, 0.0, 1.0]]], "view": [[0.0, -2.0, 100.0], [-2.0, 0.0, 100.0], [0.0, 0.0, 1.0]], "bev": "bev_645c4708a8d2472786fcc1c4c50f53a3.png", "aux": "aux_645c4708a8d2472786fcc1c4c50f53a3.npz", "visibility": "visibility_645c4708a8d2472786fcc1c4c50f53a3.png", "pose": [[0.909227192401886, 0.4163002669811249, 0.0, 2395.637939453125], [-0.4163002669811249, 0.909227192401886, 0.0, 2396.69482421875], [0.0, 0.0, 1.0, 0.0], [0.0, 0.0, 0.0, 1.0]], "pose_inverse": [[0.909227192401886, -0.4163002669811249, 0.0, -1180.4344482421875], [0.4163002669811249, 0.909227192401886, 0.0, -3176.44482421875], [0.0, 0.0, 1.0, 0.0], [0.0, 0.0, 0.0, 1.0]], "cam_ids": [0, 1, 2, 3, 4, 5], "cam_channels": ["CAM_FRONT_LEFT", "CAM_FRONT", "CAM_FRONT_RIGHT", "CAM_BACK_LEFT", "CAM_BACK", "CAM_BACK_RIGHT"], "token": "645c4708a8d2472786fcc1c4c50f53a3", "scene": "scene-1057"}, {"images": ["samples/CAM_FRONT_LEFT/n015-2018-11-21-19-11-29+0800__CAM_FRONT_LEFT__1542799134154844.jpg", "samples/CAM_FRONT/n015-2018-11-21-19-11-29+0800__CAM_FRONT__1542799134162460.jpg", "samples/CAM_FRONT_RIGHT/n015-2018-11-21-19-11-29+0800__CAM_FRONT_RIGHT__1542799134170339.jpg", "samples/CAM_BACK_LEFT/n015-2018-11-21-19-11-29+0800__CAM_BACK_LEFT__1542799134197423.jpg", "samples/CAM_BACK/n015-2018-11-21-19-11-29+0800__CAM_BACK__1542799134187525.jpg", "samples/CAM_BACK_RIGHT/n015-2018-11-21-19-11-29+0800__CAM_BACK_RIGHT__1542799134177893.jpg"], "intrinsics": [[[1272.5979470598488, 0.0, 826.6154927353808], [0.0, 1272.5979470598488, 479.75165386361925], [0.0, 0.0, 1.0]], [[1266.417203046554, 0.0, 816.2670197447984], [0.0, 1266.417203046554, 491.50706579294757], [0.0, 0.0, 1.0]], [[1260.8474446004698, 0.0, 807.968244525554], [0.0, 1260.8474446004698, 495.3344268742088], [0.0, 0.0, 1.0]], [[1256.7414812095406, 0.0, 792.1125740759628], [0.0, 1256.7414812095406, 492.7757465151356], [0.0, 0.0, 1.0]], [[809.2209905677063, 0.0, 829.2196003259838], [0.0, 809.2209905677063, 481.77842384512485], [0.0, 0.0, 1.0]], [[1259.5137405846733, 0.0, 807.2529053838625], [0.0, 1259.5137405846733, 501.19579884916527], [0.0, 0.0, 1.0]]], "extrinsics": [[[0.8251349329948425, -0.5645864009857178, 0.019862081855535507, -0.656005859375], [0.03040022775530815, 0.009267386049032211, -0.9994947910308838, 1.519622802734375], [0.5641171932220459, 0.8253219127655029, 0.024810396134853363, -1.069091796875], [0.0, 0.0, 0.0, 1.0]], [[0.012428410351276398, -0.9999122023582458, -0.004587881732732058, 0.009033203125], [0.02461528219282627, 0.004892794881016016, -0.9996850490570068, 1.5280914306640625], [0.999619722366333, 0.012311581522226334, 0.024673931300640106, -1.385009765625], [0.0, 0.0, 0.0, 1.0]], [[-0.8293735980987549, -0.5574841499328613, -0.03675299882888794, 0.83544921875], [0.029611758887767792, 0.021828267723321915, -0.9993230700492859, 1.5106887817382812], [0.5579090714454651, -0.8299005627632141, -0.0015957045834511518, -1.115966796875], [0.0, 0.0, 0.0, 1.0]], [[0.9472182393074036, 0.31902778148651123, 0.03160334751009941, -1.1427001953125], [0.036561839282512665, -0.009564273059368134, -0.9992855787277222, 1.5885528326034546], [-0.3184976279735565, 0.9476970434188843, -0.020723696798086166, -0.10400390625], [0.0, 0.0, 0.0, 1.0]], [[0.0005114782834425569, 0.9999995231628418, 0.0007673721411265433, 0.002197265625], [0.011821405962109566, 0.0007612718036398292, -0.9999298453330994, 1.580378532409668], [-0.9999300241470337, 0.0005204400513321161, -0.011821012012660503, -0.08489990234375], [0.0, 0.0, 0.0, 1.0]], [[-0.9354071617126465, 0.35169902443885803, -0.03634846210479736, 0.97576904296875], [0.04503932595252991, 0.01655823178589344, -0.998848021030426, 1.5591659545898438], [-0.3506920337677002, -0.9359666705131531, -0.03132897987961769, -0.123291015625], [0.0, 0.0, 0.0, 1.0]]], "view": [[0.0, -2.0, 100.0], [-2.0, 0.0, 100.0], [0.0, 0.0, 1.0]], "bev": "bev_466c71780dad48898e7b39aa31f072de.png", "aux": "aux_466c71780dad48898e7b39aa31f072de.npz", "visibility": "visibility_466c71780dad48898e7b39aa31f072de.png", "pose": [[0.8696973323822021, 0.49358537793159485, 0.0, 2399.43115234375], [-0.49358537793159485, 0.8696973323822021, 0.0, 2394.737548828125], [0.0, 0.0, 1.0, 0.0], [0.0, 0.0, 0.0, 1.0]], "pose_inverse": [[0.8696973323822021, -0.49358537793159485, 0.0, -904.7714233398438], [0.49358537793159485, 0.8696973323822021, 0.0, -3267.02099609375], [0.0, 0.0, 1.0, 0.0], [0.0, 0.0, 0.0, 1.0]], "cam_ids": [0, 1, 2, 3, 4, 5], "cam_channels": ["CAM_FRONT_LEFT", "CAM_FRONT", "CAM_FRONT_RIGHT", "CAM_BACK_LEFT", "CAM_BACK", "CAM_BACK_RIGHT"], "token": "466c71780dad48898e7b39aa31f072de", "scene": "scene-1057"}, {"images": ["samples/CAM_FRONT_LEFT/n015-2018-11-21-19-11-29+0800__CAM_FRONT_LEFT__1542799134654844.jpg", "samples/CAM_FRONT/n015-2018-11-21-19-11-29+0800__CAM_FRONT__1542799134662460.jpg", "samples/CAM_FRONT_RIGHT/n015-2018-11-21-19-11-29+0800__CAM_FRONT_RIGHT__1542799134670339.jpg", "samples/CAM_BACK_LEFT/n015-2018-11-21-19-11-29+0800__CAM_BACK_LEFT__1542799134697423.jpg", "samples/CAM_BACK/n015-2018-11-21-19-11-29+0800__CAM_BACK__1542799134687525.jpg", "samples/CAM_BACK_RIGHT/n015-2018-11-21-19-11-29+0800__CAM_BACK_RIGHT__1542799134677893.jpg"], "intrinsics": [[[1272.5979470598488, 0.0, 826.6154927353808], [0.0, 1272.5979470598488, 479.75165386361925], [0.0, 0.0, 1.0]], [[1266.417203046554, 0.0, 816.2670197447984], [0.0, 1266.417203046554, 491.50706579294757], [0.0, 0.0, 1.0]], [[1260.8474446004698, 0.0, 807.968244525554], [0.0, 1260.8474446004698, 495.3344268742088], [0.0, 0.0, 1.0]], [[1256.7414812095406, 0.0, 792.1125740759628], [0.0, 1256.7414812095406, 492.7757465151356], [0.0, 0.0, 1.0]], [[809.2209905677063, 0.0, 829.2196003259838], [0.0, 809.2209905677063, 481.77842384512485], [0.0, 0.0, 1.0]], [[1259.5137405846733, 0.0, 807.2529053838625], [0.0, 1259.5137405846733, 501.19579884916527], [0.0, 0.0, 1.0]]], "extrinsics": [[[0.8245108127593994, -0.5655660629272461, 0.0178067684173584, -0.6510009765625], [0.02400055341422558, 0.0035136230289936066, -0.9997057914733887, 1.5173816680908203], [0.5653370022773743, 0.8246955871582031, 0.01647091843187809, -1.065185546875], [0.0, 0.0, 0.0, 1.0]], [[0.011440025642514229, -0.9999340176582336, 0.0010721690487116575, 0.008544921875], [0.018957186490297318, -0.0008551619248464704, -0.9998199343681335, 1.526458740234375], [0.999754786491394, 0.011458262801170349, 0.018946154043078423, -1.37994384765625], [0.0, 0.0, 0.0, 1.0]], [[-0.8298925757408142, -0.5571362376213074, -0.029621364548802376, 0.831787109375], [0.02474942058324814, 0.016277890652418137, -0.9995611310005188, 1.5096206665039062], [0.5573738813400269, -0.8302614688873291, 0.0002798988134600222, -1.114013671875], [0.0, 0.0, 0.0, 1.0]], [[0.9473055005073547, 0.3190779983997345, 0.028310906141996384, -1.14404296875], [0.03441038727760315, -0.013493836857378483, -0.9993166327476501, 1.5884990692138672], [-0.31847792863845825, 0.9476324915885925, -0.023762382566928864, -0.102783203125], [0.0, 0.0, 0.0, 1.0]], [[0.0007142483373172581, 0.999991774559021, -0.004003558773547411, 0.00244140625], [0.008664954453706741, -0.004009597469121218, -0.9999544620513916, 1.5801153182983398], [-0.9999622702598572, 0.0006795526714995503, -0.008667743764817715, -0.085205078125], [0.0, 0.0, 0.0, 1.0]], [[-0.935434103012085, 0.3518444895744324, -0.03418400138616562, 0.97381591796875], [0.0409139059484005, 0.011707531288266182, -0.9990940690040588, 1.5585403442382812], [-0.3511255979537964, -0.935985267162323, -0.02534695900976658, -0.124267578125], [0.0, 0.0, 0.0, 1.0]]], "view": [[0.0, -2.0, 100.0], [-2.0, 0.0, 100.0], [0.0, 0.0, 1.0]], "bev": "bev_8bfe11142e1e4d09bc8cf9e5d8438165.png", "aux": "aux_8bfe11142e1e4d09bc8cf9e5d8438165.npz", "visibility": "visibility_8bfe11142e1e4d09bc8cf9e5d8438165.png", "pose": [[0.8313501477241516, 0.5557489991188049, 0.0, 2403.14013671875], [-0.5557489991188049, 0.8313501477241516, 0.0, 2392.451904296875], [0.0, 0.0, 1.0, 0.0], [0.0, 0.0, 0.0, 1.0]], "pose_inverse": [[0.8313501477241516, -0.5557489991188049, 0.0, -668.2481689453125], [0.5557489991188049, 0.8313501477241516, 0.0, -3324.5078125], [0.0, 0.0, 1.0, 0.0], [0.0, 0.0, 0.0, 1.0]], "cam_ids": [0, 1, 2, 3, 4, 5], "cam_channels": ["CAM_FRONT_LEFT", "CAM_FRONT", "CAM_FRONT_RIGHT", "CAM_BACK_LEFT", "CAM_BACK", "CAM_BACK_RIGHT"], "token": "8bfe11142e1e4d09bc8cf9e5d8438165", "scene": "scene-1057"}, {"images": ["samples/CAM_FRONT_LEFT/n015-2018-11-21-19-11-29+0800__CAM_FRONT_LEFT__1542799135154844.jpg", "samples/CAM_FRONT/n015-2018-11-21-19-11-29+0800__CAM_FRONT__1542799135162460.jpg", "samples/CAM_FRONT_RIGHT/n015-2018-11-21-19-11-29+0800__CAM_FRONT_RIGHT__1542799135170339.jpg", "samples/CAM_BACK_LEFT/n015-2018-11-21-19-11-29+0800__CAM_BACK_LEFT__1542799135197423.jpg", "samples/CAM_BACK/n015-2018-11-21-19-11-29+0800__CAM_BACK__1542799135187525.jpg", "samples/CAM_BACK_RIGHT/n015-2018-11-21-19-11-29+0800__CAM_BACK_RIGHT__1542799135177893.jpg"], "intrinsics": [[[1272.5979470598488, 0.0, 826.6154927353808], [0.0, 1272.5979470598488, 479.75165386361925], [0.0, 0.0, 1.0]], [[1266.417203046554, 0.0, 816.2670197447984], [0.0, 1266.417203046554, 491.50706579294757], [0.0, 0.0, 1.0]], [[1260.8474446004698, 0.0, 807.968244525554], [0.0, 1260.8474446004698, 495.3344268742088], [0.0, 0.0, 1.0]], [[1256.7414812095406, 0.0, 792.1125740759628], [0.0, 1256.7414812095406, 492.7757465151356], [0.0, 0.0, 1.0]], [[809.2209905677063, 0.0, 829.2196003259838], [0.0, 809.2209905677063, 481.77842384512485], [0.0, 0.0, 1.0]], [[1259.5137405846733, 0.0, 807.2529053838625], [0.0, 1259.5137405846733, 501.19579884916527], [0.0, 0.0, 1.0]]], "extrinsics": [[[0.8227405548095703, -0.5682509541511536, 0.013742571696639061, -0.65087890625], [0.020931538194417953, 0.006127439439296722, -0.9997621178627014, 1.5162334442138672], [0.5680314898490906, 0.822832465171814, 0.01693565957248211, -1.06396484375], [0.0, 0.0, 0.0, 1.0]], [[0.008598567917943, -0.9999611377716064, -0.0019257417879998684, 0.008056640625], [0.015392182394862175, 0.0020579397678375244, -0.9998794198036194, 1.5253515243530273], [0.9998446106910706, 0.008567871525883675, 0.01540928240865469, -1.37908935546875], [0.0, 0.0, 0.0, 1.0]], [[-0.8313810229301453, -0.5550002455711365, -0.027931785210967064, 0.83056640625], [0.020720211789011955, 0.019268833100795746, -0.9995995759963989, 1.5086669921875], [0.5553162693977356, -0.8316268920898438, -0.004520019516348839, -1.1142578125], [0.0, 0.0, 0.0, 1.0]], [[0.947470486164093, 0.3189825415611267, 0.023445984348654747, -1.144775390625], [0.028498072177171707, -0.011179572902619839, -0.9995313286781311, 1.5884819030761719], [-0.31857094168663025, 0.9476946592330933, -0.01968270353972912, -0.10302734375], [0.0, 0.0, 0.0, 1.0]], [[0.0017433420289307833, 0.9999977350234985, -0.0011472018668428063, 0.00244140625], [0.0034137542825192213, -0.001153148477897048, -0.9999935030937195, 1.5796544551849365], [-0.9999926090240479, 0.0017394197639077902, -0.0034157587215304375, -0.085357666015625], [0.0, 0.0, 0.0, 1.0]], [[-0.9348556995391846, 0.3538435697555542, -0.028976241126656532, 0.9730224609375], [0.036362309008836746, 0.014241806231439114, -0.9992371797561646, 1.55780029296875], [-0.3531610071659088, -0.9351962208747864, -0.026180604472756386, -0.12548828125], [0.0, 0.0, 0.0, 1.0]]], "view": [[0.0, -2.0, 100.0], [-2.0, 0.0, 100.0], [0.0, 0.0, 1.0]], "bev": "bev_5edf0b20bd5d4895b2f7e1627cb15d4a.png", "aux": "aux_5edf0b20bd5d4895b2f7e1627cb15d4a.npz", "visibility": "visibility_5edf0b20bd5d4895b2f7e1627cb15d4a.png", "pose": [[0.800349235534668, 0.5995340347290039, 0.0, 2406.787353515625], [-0.5995340347290039, 0.800349235534668, 0.0, 2389.836669921875], [0.0, 0.0, 1.0, 0.0], [0.0, 0.0, 0.0, 1.0]], "pose_inverse": [[0.800349235534668, -0.5995340347290039, 0.0, -493.4819641113281], [0.5995340347290039, 0.800349235534668, 0.0, -3355.655029296875], [0.0, 0.0, 1.0, 0.0], [0.0, 0.0, 0.0, 1.0]], "cam_ids": [0, 1, 2, 3, 4, 5], "cam_channels": ["CAM_FRONT_LEFT", "CAM_FRONT", "CAM_FRONT_RIGHT", "CAM_BACK_LEFT", "CAM_BACK", "CAM_BACK_RIGHT"], "token": "5edf0b20bd5d4895b2f7e1627cb15d4a", "scene": "scene-1057"}, {"images": ["samples/CAM_FRONT_LEFT/n015-2018-11-21-19-11-29+0800__CAM_FRONT_LEFT__1542799135604844.jpg", "samples/CAM_FRONT/n015-2018-11-21-19-11-29+0800__CAM_FRONT__1542799135612460.jpg", "samples/CAM_FRONT_RIGHT/n015-2018-11-21-19-11-29+0800__CAM_FRONT_RIGHT__1542799135620339.jpg", "samples/CAM_BACK_LEFT/n015-2018-11-21-19-11-29+0800__CAM_BACK_LEFT__1542799135647423.jpg", "samples/CAM_BACK/n015-2018-11-21-19-11-29+0800__CAM_BACK__1542799135637525.jpg", "samples/CAM_BACK_RIGHT/n015-2018-11-21-19-11-29+0800__CAM_BACK_RIGHT__1542799135627893.jpg"], "intrinsics": [[[1272.5979470598488, 0.0, 826.6154927353808], [0.0, 1272.5979470598488, 479.75165386361925], [0.0, 0.0, 1.0]], [[1266.417203046554, 0.0, 816.2670197447984], [0.0, 1266.417203046554, 491.50706579294757], [0.0, 0.0, 1.0]], [[1260.8474446004698, 0.0, 807.968244525554], [0.0, 1260.8474446004698, 495.3344268742088], [0.0, 0.0, 1.0]], [[1256.7414812095406, 0.0, 792.1125740759628], [0.0, 1256.7414812095406, 492.7757465151356], [0.0, 0.0, 1.0]], [[809.2209905677063, 0.0, 829.2196003259838], [0.0, 809.2209905677063, 481.77842384512485], [0.0, 0.0, 1.0]], [[1259.5137405846733, 0.0, 807.2529053838625], [0.0, 1259.5137405846733, 501.19579884916527], [0.0, 0.0, 1.0]]], "extrinsics": [[[0.8221250772476196, -0.5690786242485046, 0.016121909022331238, -0.650146484375], [0.023255323991179466, 0.005274245049804449, -0.9997156858444214, 1.5170936584472656], [0.5688318014144897, 0.822266161441803, 0.017570197582244873, -1.065673828125], [0.0, 0.0, 0.0, 1.0]], [[0.008117004297673702, -0.999966561794281, -0.0010066010290756822, 0.010009765625], [0.017598817124962807, 0.001149333082139492, -0.999844491481781, 1.526005744934082], [0.9998121857643127, 0.008098061196506023, 0.01760755479335785, -1.3812255859375], [0.0, 0.0, 0.0, 1.0]], [[-0.8313723802566528, -0.554951548576355, -0.02913321554660797, 0.835205078125], [0.022799883037805557, 0.018317922949790955, -0.9995721578598022, 1.509033203125], [0.5552477836608887, -0.8316810131072998, -0.0025761856231838465, -1.11474609375], [0.0, 0.0, 0.0, 1.0]], [[0.9474936723709106, 0.31881555914878845, 0.024746697396039963, -1.153076171875], [0.030243350192904472, -0.01230140496045351, -0.9994668364524841, 1.5882015228271484], [-0.31834113597869873, 0.9477369785308838, -0.021297553554177284, -0.099853515625], [0.0, 0.0, 0.0, 1.0]], [[0.0017488457961007953, 0.9999961853027344, -0.002167629776522517, 0.001953125], [0.0052885799668729305, -0.0021768505685031414, -0.9999836683273315, 1.5797843933105469], [-0.9999845027923584, 0.001737368991598487, -0.005292366724461317, -0.077789306640625], [0.0, 0.0, 0.0, 1.0]], [[-0.9348224401473999, 0.3537461459636688, -0.031156741082668304, 0.97808837890625], [0.038326483219861984, 0.013278868049383163, -0.9991770386695862, 1.557891845703125], [-0.353041410446167, -0.9352472424507141, -0.025971228256821632, -0.121826171875], [0.0, 0.0, 0.0, 1.0]]], "view": [[0.0, -2.0, 100.0], [-2.0, 0.0, 100.0], [0.0, 0.0, 1.0]], "bev": "bev_861721b41bd0463dad176f82b3b7962e.png", "aux": "aux_861721b41bd0463dad176f82b3b7962e.npz", "visibility": "visibility_861721b41bd0463dad176f82b3b7962e.png", "pose": [[0.7776430249214172, 0.6287060976028442, 0.0, 2409.97607421875], [-0.6287060976028442, 0.7776430249214172, 0.0, 2387.3134765625], [0.0, 0.0, 1.0, 0.0], [0.0, 0.0, 0.0, 1.0]], "pose_inverse": [[0.7776430249214172, -0.6287060976028442, 0.0, -373.1824645996094], [0.6287060976028442, 0.7776430249214172, 0.0, -3371.644287109375], [0.0, 0.0, 1.0, 0.0], [0.0, 0.0, 0.0, 1.0]], "cam_ids": [0, 1, 2, 3, 4, 5], "cam_channels": ["CAM_FRONT_LEFT", "CAM_FRONT", "CAM_FRONT_RIGHT", "CAM_BACK_LEFT", "CAM_BACK", "CAM_BACK_RIGHT"], "token": "861721b41bd0463dad176f82b3b7962e", "scene": "scene-1057"}, {"images": ["samples/CAM_FRONT_LEFT/n015-2018-11-21-19-11-29+0800__CAM_FRONT_LEFT__1542799136104844.jpg", "samples/CAM_FRONT/n015-2018-11-21-19-11-29+0800__CAM_FRONT__1542799136112460.jpg", "samples/CAM_FRONT_RIGHT/n015-2018-11-21-19-11-29+0800__CAM_FRONT_RIGHT__1542799136120339.jpg", "samples/CAM_BACK_LEFT/n015-2018-11-21-19-11-29+0800__CAM_BACK_LEFT__1542799136147423.jpg", "samples/CAM_BACK/n015-2018-11-21-19-11-29+0800__CAM_BACK__1542799136137525.jpg", "samples/CAM_BACK_RIGHT/n015-2018-11-21-19-11-29+0800__CAM_BACK_RIGHT__1542799136127893.jpg"], "intrinsics": [[[1272.5979470598488, 0.0, 826.6154927353808], [0.0, 1272.5979470598488, 479.75165386361925], [0.0, 0.0, 1.0]], [[1266.417203046554, 0.0, 816.2670197447984], [0.0, 1266.417203046554, 491.50706579294757], [0.0, 0.0, 1.0]], [[1260.8474446004698, 0.0, 807.968244525554], [0.0, 1260.8474446004698, 495.3344268742088], [0.0, 0.0, 1.0]], [[1256.7414812095406, 0.0, 792.1125740759628], [0.0, 1256.7414812095406, 492.7757465151356], [0.0, 0.0, 1.0]], [[809.2209905677063, 0.0, 829.2196003259838], [0.0, 809.2209905677063, 481.77842384512485], [0.0, 0.0, 1.0]], [[1259.5137405846733, 0.0, 807.2529053838625], [0.0, 1259.5137405846733, 501.19579884916527], [0.0, 0.0, 1.0]]], "extrinsics": [[[0.8215135931968689, -0.5698267221450806, 0.02031577005982399, -0.6429443359375], [0.030744176357984543, 0.008689237758517265, -0.9994895458221436, 1.5202903747558594], [0.5693593621253967, 0.8217188119888306, 0.02465718239545822, -1.057861328125], [0.0, 0.0, 0.0, 1.0]], [[0.007029751781374216, -0.9999632835388184, -0.004891886841505766, 0.007080078125], [0.025682704523205757, 0.005070938728749752, -0.9996573328971863, 1.5287437438964844], [0.9996453523635864, 0.006901724264025688, 0.02571740373969078, -1.37255859375], [0.0, 0.0, 0.0, 1.0]], [[-0.8316735625267029, -0.5539042949676514, -0.03884650394320488, 0.827880859375], [0.031516674906015396, 0.0227576345205307, -0.9992440938949585, 1.5113906860351562], [0.5543696284294128, -0.8322692513465881, -0.0014697014121338725, -1.11328125], [0.0, 0.0, 0.0, 1.0]], [[0.9470810890197754, 0.3188600540161133, 0.03695397451519966, -1.149658203125], [0.04085761681199074, -0.005560223013162613, -0.9991495013237, 1.588240146636963], [-0.3183833658695221, 0.947785496711731, -0.018293844535946846, -0.10107421875], [0.0, 0.0, 0.0, 1.0]], [[0.0019878612365573645, 0.9999914169311523, 0.0036472489591687918, 0.0029296875], [0.01522025652229786, 0.003616577247157693, -0.9998776316642761, 1.580643653869629], [-0.9998822212219238, 0.0020431100856512785, -0.01521293818950653, -0.0828857421875], [0.0, 0.0, 0.0, 1.0]], [[-0.9342509508132935, 0.35458284616470337, -0.03802778199315071, 0.97308349609375], [0.0475778765976429, 0.018250463530421257, -0.9987007975578308, 1.5597763061523438], [-0.3534281253814697, -0.9348464608192444, -0.033920809626579285, -0.125732421875], [0.0, 0.0, 0.0, 1.0]]], "view": [[0.0, -2.0, 100.0], [-2.0, 0.0, 100.0], [0.0, 0.0, 1.0]], "bev": "bev_daf484e4f1264898a858eb8de17197b1.png", "aux": "aux_daf484e4f1264898a858eb8de17197b1.npz", "visibility": "visibility_daf484e4f1264898a858eb8de17197b1.png", "pose": [[0.7601974606513977, 0.6496920585632324, 0.0, 2413.510009765625], [-0.6496920585632324, 0.7601974606513977, 0.0, 2384.326171875], [0.0, 0.0, 1.0, 0.0], [0.0, 0.0, 0.0, 1.0]], "pose_inverse": [[0.7601974606513977, -0.6496920585632324, 0.0, -285.6663513183594], [0.6496920585632324, 0.7601974606513977, 0.0, -3380.59716796875], [0.0, 0.0, 1.0, 0.0], [0.0, 0.0, 0.0, 1.0]], "cam_ids": [0, 1, 2, 3, 4, 5], "cam_channels": ["CAM_FRONT_LEFT", "CAM_FRONT", "CAM_FRONT_RIGHT", "CAM_BACK_LEFT", "CAM_BACK", "CAM_BACK_RIGHT"], "token": "daf484e4f1264898a858eb8de17197b1", "scene": "scene-1057"}, {"images": ["samples/CAM_FRONT_LEFT/n015-2018-11-21-19-11-29+0800__CAM_FRONT_LEFT__1542799136604844.jpg", "samples/CAM_FRONT/n015-2018-11-21-19-11-29+0800__CAM_FRONT__1542799136612460.jpg", "samples/CAM_FRONT_RIGHT/n015-2018-11-21-19-11-29+0800__CAM_FRONT_RIGHT__1542799136620339.jpg", "samples/CAM_BACK_LEFT/n015-2018-11-21-19-11-29+0800__CAM_BACK_LEFT__1542799136647423.jpg", "samples/CAM_BACK/n015-2018-11-21-19-11-29+0800__CAM_BACK__1542799136637525.jpg", "samples/CAM_BACK_RIGHT/n015-2018-11-21-19-11-29+0800__CAM_BACK_RIGHT__1542799136627893.jpg"], "intrinsics": [[[1272.5979470598488, 0.0, 826.6154927353808], [0.0, 1272.5979470598488, 479.75165386361925], [0.0, 0.0, 1.0]], [[1266.417203046554, 0.0, 816.2670197447984], [0.0, 1266.417203046554, 491.50706579294757], [0.0, 0.0, 1.0]], [[1260.8474446004698, 0.0, 807.968244525554], [0.0, 1260.8474446004698, 495.3344268742088], [0.0, 0.0, 1.0]], [[1256.7414812095406, 0.0, 792.1125740759628], [0.0, 1256.7414812095406, 492.7757465151356], [0.0, 0.0, 1.0]], [[809.2209905677063, 0.0, 829.2196003259838], [0.0, 809.2209905677063, 481.77842384512485], [0.0, 0.0, 1.0]], [[1259.5137405846733, 0.0, 807.2529053838625], [0.0, 1259.5137405846733, 501.19579884916527], [0.0, 0.0, 1.0]]], "extrinsics": [[[0.8217248916625977, -0.5698784589767456, 0.002630202565342188, -0.642333984375], [0.031590018421411514, 0.040941398590803146, -0.9986620545387268, 1.520538330078125], [0.5690082907676697, 0.8207084536552429, 0.051645029336214066, -1.059326171875], [0.0, 0.0, 0.0, 1.0]], [[0.0076594301499426365, -0.9992868900299072, -0.036974139511585236, 0.009521484375], [0.0263719130307436, 0.03716422617435455, -0.9989611506462097, 1.528961181640625], [0.9996229410171509, 0.0066763851791620255, 0.026637760922312737, -1.370361328125], [0.0, 0.0, 0.0, 1.0]], [[-0.831286609172821, -0.55291748046875, -0.056963104754686356, 0.8262939453125], [0.03203175961971283, 0.05465753749012947, -0.9979912042617798, 1.5115509033203125], [0.5549202561378479, -0.8314414024353027, -0.027725160121917725, -1.109130859375], [0.0, 0.0, 0.0, 1.0]], [[0.9470601081848145, 0.31764715909957886, 0.046663593500852585, -1.146240234375], [0.04079164192080498, 0.025115562602877617, -0.9988519549369812, 1.58837890625], [-0.31845447421073914, 0.9478763341903687, 0.010828598402440548, -0.10205078125], [0.0, 0.0, 0.0, 1.0]], [[0.0016800628509372473, 0.9993883967399597, 0.03492898866534233, 0.00244140625], [0.015358131378889084, 0.03489913046360016, -0.9992728233337402, 1.5806961059570312], [-0.9998806715011597, 0.002215320011600852, -0.015290104784071445, -0.086578369140625], [0.0, 0.0, 0.0, 1.0]], [[-0.9344156384468079, 0.35515016317367554, -0.027125902473