[{"images": ["samples/CAM_FRONT_LEFT/n008-2018-08-30-15-31-50-0400__CAM_FRONT_LEFT__1535657694004799.jpg", "samples/CAM_FRONT/n008-2018-08-30-15-31-50-0400__CAM_FRONT__1535657694012404.jpg", "samples/CAM_FRONT_RIGHT/n008-2018-08-30-15-31-50-0400__CAM_FRONT_RIGHT__1535657694020482.jpg", "samples/CAM_BACK_LEFT/n008-2018-08-30-15-31-50-0400__CAM_BACK_LEFT__1535657694047405.jpg", "samples/CAM_BACK/n008-2018-08-30-15-31-50-0400__CAM_BACK__1535657694037558.jpg", "samples/CAM_BACK_RIGHT/n008-2018-08-30-15-31-50-0400__CAM_BACK_RIGHT__1535657694028113.jpg"], "intrinsics": [[[1257.8625342125129, 0.0, 827.2410631095686], [0.0, 1257.8625342125129, 450.915498205774], [0.0, 0.0, 1.0]], [[1252.8131021185304, 0.0, 826.588114781398], [0.0, 1252.8131021185304, 469.9846626224581], [0.0, 0.0, 1.0]], [[1256.7485116440405, 0.0, 817.7887570959712], [0.0, 1256.7485116440403, 451.9541780095127], [0.0, 0.0, 1.0]], [[1254.9860565800168, 0.0, 829.5769333630991], [0.0, 1254.9860565800168, 467.1680561863987], [0.0, 0.0, 1.0]], [[796.8910634503094, 0.0, 857.7774326863696], [0.0, 796.8910634503094, 476.8848988407415], [0.0, 0.0, 1.0]], [[1249.9629280788233, 0.0, 825.3768045375984], [0.0, 1249.9629280788233, 462.54816385708756], [0.0, 0.0, 1.0]]], "extrinsics": [[[0.8219652771949768, -0.5679599642753601, -0.04236278310418129, -1.0050048828125], [-0.016590839251875877, 0.05047161877155304, -0.9985876679420471, 1.4882965087890625], [0.5692958831787109, 0.8215072154998779, 0.03206298500299454, -1.3333740234375], [0.0, 0.0, 0.0, 1.0]], [[0.00950203463435173, -0.9988732933998108, -0.046495530754327774, 0.0054931640625], [-0.01463412120938301, 0.04635373875498772, -0.9988179206848145, 1.48016357421875], [0.9998477697372437, 0.010171289555728436, -0.014177174307405949, -1.73468017578125], [0.0, 0.0, 0.0, 1.0]], [[-0.844374418258667, -0.5355547070503235, -0.014596596360206604, 1.090576171875], [-0.006612188182771206, 0.037660181522369385, -0.9992687106132507, 1.493072509765625], [0.5357127785682678, -0.8436604738235474, -0.03534048795700073, -1.2777099609375], [0.0, 0.0, 0.0, 1.0]], [[0.9477254748344421, 0.31880077719688416, -0.013508405536413193, -1.1439208984375], [-0.03198017552495003, 0.052778322249650955, -0.9980940222740173, 1.562042236328125], [-0.3174801468849182, 0.9463511109352112, 0.06021466851234436, -0.1561279296875], [0.0, 0.0, 0.0, 1.0]], [[0.009955042041838169, 0.9989373683929443, 0.044999413192272186, -0.02880859375], [-0.02986340969800949, 0.04527857154607773, -0.9985278844833374, 1.5680618286132812], [-0.9995044469833374, 0.008596532978117466, 0.030282432213425636, 0.04425048828125], [0.0, 0.0, 0.0, 1.0]], [[-0.9233533143997192, 0.38258451223373413, 0.032368868589401245, 1.16064453125], [-0.025673866271972656, 0.02259339578449726, -0.9994150400161743, 1.5478076934814453], [-0.3830920457839966, -0.9236441254615784, -0.011039264500141144, -0.0435791015625], [0.0, 0.0, 0.0, 1.0]]], "view": [[0.0, -2.0, 100.0], [-2.0, 0.0, 100.0], [0.0, 0.0, 1.0]], "bev": "bev_bb10039077c74099b51fb67300391659.png", "aux": "aux_bb10039077c74099b51fb67300391659.npz", "visibility": "visibility_bb10039077c74099b51fb67300391659.png", "pose": [[0.7548771500587463, 0.6558662056922913, 0.0, 1301.203369140625], [-0.6558662056922913, 0.7548771500587463, 0.0, 896.0731201171875], [0.0, 0.0, 1.0, 0.0], [0.0, 0.0, 0.0, 1.0]], "pose_inverse": [[0.7548771500587463, -0.6558662056922913, 0.0, -394.5445861816406], [0.6558662056922913, 0.7548771500587463, 0.0, -1529.8404541015625], [0.0, 0.0, 1.0, 0.0], [0.0, 0.0, 0.0, 1.0]], "cam_ids": [0, 1, 2, 3, 4, 5], "cam_channels": ["CAM_FRONT_LEFT", "CAM_FRONT", "CAM_FRONT_RIGHT", "CAM_BACK_LEFT", "CAM_BACK", "CAM_BACK_RIGHT"], "token": "bb10039077c74099b51fb67300391659", "scene": "scene-0777"}, {"images": ["samples/CAM_FRONT_LEFT/n008-2018-08-30-15-31-50-0400__CAM_FRONT_LEFT__1535657694504799.jpg", "samples/CAM_FRONT/n008-2018-08-30-15-31-50-0400__CAM_FRONT__1535657694512404.jpg", "samples/CAM_FRONT_RIGHT/n008-2018-08-30-15-31-50-0400__CAM_FRONT_RIGHT__1535657694520482.jpg", "samples/CAM_BACK_LEFT/n008-2018-08-30-15-31-50-0400__CAM_BACK_LEFT__1535657694547405.jpg", "samples/CAM_BACK/n008-2018-08-30-15-31-50-0400__CAM_BACK__1535657694537558.jpg", "samples/CAM_BACK_RIGHT/n008-2018-08-30-15-31-50-0400__CAM_BACK_RIGHT__1535657694528113.jpg"], "intrinsics": [[[1257.8625342125129, 0.0, 827.2410631095686], [0.0, 1257.8625342125129, 450.915498205774], [0.0, 0.0, 1.0]], [[1252.8131021185304, 0.0, 826.588114781398], [0.0, 1252.8131021185304, 469.9846626224581], [0.0, 0.0, 1.0]], [[1256.7485116440405, 0.0, 817.7887570959712], [0.0, 1256.7485116440403, 451.9541780095127], [0.0, 0.0, 1.0]], [[1254.9860565800168, 0.0, 829.5769333630991], [0.0, 1254.9860565800168, 467.1680561863987], [0.0, 0.0, 1.0]], [[796.8910634503094, 0.0, 857.7774326863696], [0.0, 796.8910634503094, 476.8848988407415], [0.0, 0.0, 1.0]], [[1249.9629280788233, 0.0, 825.3768045375984], [0.0, 1249.9629280788233, 462.54816385708756], [0.0, 0.0, 1.0]]], "extrinsics": [[[0.8219387531280518, -0.5679959058761597, -0.04239550232887268, -1.00506591796875], [-0.016705147922039032, 0.05036157742142677, -0.9985913038253784, 1.4882888793945312], [0.5693308711051941, 0.8214892148971558, 0.031905677169561386, -1.333251953125], [0.0, 0.0, 0.0, 1.0]], [[0.009461493231356144, -0.9988785982131958, -0.046390652656555176, 0.0052490234375], [-0.014758504927158356, 0.0462481863796711, -0.998820960521698, 1.48016357421875], [0.999846339225769, 0.010134989395737648, -0.01430437434464693, -1.7347412109375], [0.0, 0.0, 0.0, 1.0]], [[-0.8443927764892578, -0.5355303287506104, -0.014427107758820057, 1.0906982421875], [-0.0067474390380084515, 0.03755920007824898, -0.9992715716362, 1.493072509765625], [0.5356821417808533, -0.8436803817749023, -0.035328175872564316, -1.277587890625], [0.0, 0.0, 0.0, 1.0]], [[0.9477224946022034, 0.3188032805919647, -0.013655003160238266, -1.14404296875], [-0.032106753438711166, 0.052694905549287796, -0.998094379901886, 1.5620346069335938], [-0.3174762725830078, 0.9463549256324768, 0.06017589196562767, -0.1561279296875], [0.0, 0.0, 0.0, 1.0]], [[0.009971186518669128, 0.9989416599273682, 0.04490078240633011, -0.0289306640625], [-0.029998527839779854, 0.04518163949251175, -0.998528242111206, 1.5680618286132812], [-0.9995002746582031, 0.00860955473035574, 0.030417295172810555, 0.04425048828125], [0.0, 0.0, 0.0, 1.0]], [[-0.9233395457267761, 0.3826099634170532, 0.03245890885591507, 1.1607513427734375], [-0.025812536478042603, 0.022493261843919754, -0.9994137287139893, 1.5478134155273438], [-0.38311567902565, -0.9236360788345337, -0.010892786085605621, -0.043701171875], [0.0, 0.0, 0.0, 1.0]]], "view": [[0.0, -2.0, 100.0], [-2.0, 0.0, 100.0], [0.0, 0.0, 1.0]], "bev": "bev_7ecc1f901e7f4a2883ce9336e4baee1c.png", "aux": "aux_7ecc1f901e7f4a2883ce9336e4baee1c.npz", "visibility": "visibility_7ecc1f901e7f4a2883ce9336e4baee1c.png", "pose": [[0.7549431324005127, 0.6557902693748474, 0.0, 1301.203369140625], [-0.6557902693748474, 0.7549431324005127, 0.0, 896.0731201171875], [0.0, 0.0, 1.0, 0.0], [0.0, 0.0, 0.0, 1.0]], "pose_inverse": [[0.7549431324005127, -0.6557902693748474, 0.0, -394.69854736328125], [0.6557902693748474, 0.7549431324005127, 0.0, -1529.80078125], [0.0, 0.0, 1.0, 0.0], [0.0, 0.0, 0.0, 1.0]], "cam_ids": [0, 1, 2, 3, 4, 5], "cam_channels": ["CAM_FRONT_LEFT", "CAM_FRONT", "CAM_FRONT_RIGHT", "CAM_BACK_LEFT", "CAM_BACK", "CAM_BACK_RIGHT"], "token": "7ecc1f901e7f4a2883ce9336e4baee1c", "scene": "scene-0777"}, {"images": ["samples/CAM_FRONT_LEFT/n008-2018-08-30-15-31-50-0400__CAM_FRONT_LEFT__1535657695004799.jpg", "samples/CAM_FRONT/n008-2018-08-30-15-31-50-0400__CAM_FRONT__1535657695012404.jpg", "samples/CAM_FRONT_RIGHT/n008-2018-08-30-15-31-50-0400__CAM_FRONT_RIGHT__1535657695020482.jpg", "samples/CAM_BACK_LEFT/n008-2018-08-30-15-31-50-0400__CAM_BACK_LEFT__1535657695047405.jpg", "samples/CAM_BACK/n008-2018-08-30-15-31-50-0400__CAM_BACK__1535657695037559.jpg", "samples/CAM_BACK_RIGHT/n008-2018-08-30-15-31-50-0400__CAM_BACK_RIGHT__1535657695028113.jpg"], "intrinsics": [[[1257.8625342125129, 0.0, 827.2410631095686], [0.0, 1257.8625342125129, 450.915498205774], [0.0, 0.0, 1.0]], [[1252.8131021185304, 0.0, 826.588114781398], [0.0, 1252.8131021185304, 469.9846626224581], [0.0, 0.0, 1.0]], [[1256.7485116440405, 0.0, 817.7887570959712], [0.0, 1256.7485116440403, 451.9541780095127], [0.0, 0.0, 1.0]], [[1254.9860565800168, 0.0, 829.5769333630991], [0.0, 1254.9860565800168, 467.1680561863987], [0.0, 0.0, 1.0]], [[796.8910634503094, 0.0, 857.7774326863696], [0.0, 796.8910634503094, 476.8848988407415], [0.0, 0.0, 1.0]], [[1249.9629280788233, 0.0, 825.3768045375984], [0.0, 1249.9629280788233, 462.54816385708756], [0.0, 0.0, 1.0]]], "extrinsics": [[[0.821955144405365, -0.567961573600769, -0.04253824055194855, -1.00494384765625], [-0.016812827438116074, 0.05045877397060394, -0.9985846281051636, 1.4882888793945312], [0.5693041682243347, 0.8215069770812988, 0.031925808638334274, -1.3333740234375], [0.0, 0.0, 0.0, 1.0]], [[0.009487253613770008, -0.9988736510276794, -0.046491581946611404, 0.0052490234375], [-0.014871170744299889, 0.046347592025995255, -0.9988147020339966, 1.48016357421875], [0.9998444318771362, 0.01016741618514061, -0.014414707198739052, -1.73468017578125], [0.0, 0.0, 0.0, 1.0]], [[-0.8443815112113953, -0.5355493426322937, -0.01438294816762209, 1.0904541015625], [-0.006865347269922495, 0.0376611053943634, -0.9992669224739075, 1.493072509765625], [0.5356984734535217, -0.8436638116836548, -0.03547707572579384, -1.2777099609375], [0.0, 0.0, 0.0, 1.0]], [[0.9477207064628601, 0.31880608201026917, -0.013719373382627964, -1.1439208984375], [-0.032219983637332916, 0.052829809486866, -0.9980835914611816, 1.5620498657226562], [-0.3174703121185303, 0.9463464617729187, 0.060339827090501785, -0.1561279296875], [0.0, 0.0, 0.0, 1.0]], [[0.009967068210244179, 0.9989360570907593, 0.0450284518301487, -0.02880859375], [-0.030110333114862442, 0.045310091227293015, -0.9985190629959106, 1.5680656433105469], [-0.9994969367980957, 0.008596550673246384, 0.03052990511059761, 0.04437255859375], [0.0, 0.0, 0.0, 1.0]], [[-0.9233427047729492, 0.38259005546569824, 0.03260650485754013, 1.1607666015625], [-0.025927582755684853, 0.022601652890443802, -0.9994083046913147, 1.5478134155273438], [-0.38310056924819946, -0.9236417412757874, -0.010949433781206608, -0.043701171875], [0.0, 0.0, 0.0, 1.0]]], "view": [[0.0, -2.0, 100.0], [-2.0, 0.0, 100.0], [0.0, 0.0, 1.0]], "bev": "bev_50c7c32fa4e446119d53d1deb289aa7f.png", "aux": "aux_50c7c32fa4e446119d53d1deb289aa7f.npz", "visibility": "visibility_50c7c32fa4e446119d53d1deb289aa7f.png", "pose": [[0.7548867464065552, 0.6558551788330078, 0.0, 1301.203369140625], [-0.6558551788330078, 0.7548867464065552, 0.0, 896.0731201171875], [0.0, 0.0, 1.0, 0.0], [0.0, 0.0, 0.0, 1.0]], "pose_inverse": [[0.7548867464065552, -0.6558551788330078, 0.0, -394.5669250488281], [0.6558551788330078, 0.7548867464065552, 0.0, -1529.834716796875], [0.0, 0.0, 1.0, 0.0], [0.0, 0.0, 0.0, 1.0]], "cam_ids": [0, 1, 2, 3, 4, 5], "cam_channels": ["CAM_FRONT_LEFT", "CAM_FRONT", "CAM_FRONT_RIGHT", "CAM_BACK_LEFT", "CAM_BACK", "CAM_BACK_RIGHT"], "token": "50c7c32fa4e446119d53d1deb289aa7f", "scene": "scene-0777"}, {"images": ["samples/CAM_FRONT_LEFT/n008-2018-08-30-15-31-50-0400__CAM_FRONT_LEFT__1535657695504799.jpg", "samples/CAM_FRONT/n008-2018-08-30-15-31-50-0400__CAM_FRONT__1535657695512404.jpg", "samples/CAM_FRONT_RIGHT/n008-2018-08-30-15-31-50-0400__CAM_FRONT_RIGHT__1535657695520482.jpg", "samples/CAM_BACK_LEFT/n008-2018-08-30-15-31-50-0400__CAM_BACK_LEFT__1535657695547405.jpg", "samples/CAM_BACK/n008-2018-08-30-15-31-50-0400__CAM_BACK__1535657695537558.jpg", "samples/CAM_BACK_RIGHT/n008-2018-08-30-15-31-50-0400__CAM_BACK_RIGHT__1535657695528113.jpg"], "intrinsics": [[[1257.8625342125129, 0.0, 827.2410631095686], [0.0, 1257.8625342125129, 450.915498205774], [0.0, 0.0, 1.0]], [[1252.8131021185304, 0.0, 826.588114781398], [0.0, 1252.8131021185304, 469.9846626224581], [0.0, 0.0, 1.0]], [[1256.7485116440405, 0.0, 817.7887570959712], [0.0, 1256.7485116440403, 451.9541780095127], [0.0, 0.0, 1.0]], [[1254.9860565800168, 0.0, 829.5769333630991], [0.0, 1254.9860565800168, 467.1680561863987], [0.0, 0.0, 1.0]], [[796.8910634503094, 0.0, 857.7774326863696], [0.0, 796.8910634503094, 476.8848988407415], [0.0, 0.0, 1.0]], [[1249.9629280788233, 0.0, 825.3768045375984], [0.0, 1249.9629280788233, 462.54816385708756], [0.0, 0.0, 1.0]]], "extrinsics": [[[0.821951687335968, -0.5679869055747986, -0.0422634556889534, -1.00506591796875], [-0.01682034321129322, 0.049964480102062225, -0.9986093044281006, 1.4882965087890625], [0.5693086981773376, 0.8215196132659912, 0.03151465579867363, -1.3333740234375], [0.0, 0.0, 0.0, 1.0]], [[0.00948610994964838, -0.9988968372344971, -0.045989952981472015, 0.0052490234375], [-0.014867973513901234, 0.04584604129195213, -0.9988378882408142, 1.48016357421875], [0.9998443722724915, 0.010158833116292953, -0.01441667228937149, -1.73468017578125], [0.0, 0.0, 0.0, 1.0]], [[-0.8443795442581177, -0.5355592370033264, -0.014122447930276394, 1.090576171875], [-0.006850719451904297, 0.0371517688035965, -0.9992861151695251, 1.4930686950683594], [0.5357016324996948, -0.8436800837516785, -0.03503916412591934, -1.2777099609375], [0.0, 0.0, 0.0, 1.0]], [[0.947717010974884, 0.3188106417655945, -0.013864404521882534, -1.1439208984375], [-0.032211966812610626, 0.052349694073200226, -0.9981091618537903, 1.562042236328125], [-0.31748202443122864, 0.9463715553283691, 0.05988221988081932, -0.15625], [0.0, 0.0, 0.0, 1.0]], [[0.00995673332363367, 0.9989586472511292, 0.04452396184206009, -0.02880859375], [-0.03009183146059513, 0.04480533301830292, -0.9985424280166626, 1.5680618286132812], [-0.9994975328445435, 0.008602461777627468, 0.030506618320941925, 0.0443115234375], [0.0, 0.0, 0.0, 1.0]], [[-0.9233458042144775, 0.3826003074645996, 0.03239230066537857, 1.1605682373046875], [-0.02590617723762989, 0.022093959152698517, -0.999420166015625, 1.547811508178711], [-0.3830942213535309, -0.9236496686935425, -0.010488651692867279, -0.043701171875], [0.0, 0.0, 0.0, 1.0]]], "view": [[0.0, -2.0, 100.0], [-2.0, 0.0, 100.0], [0.0, 0.0, 1.0]], "bev": "bev_492da4bac888462f817798f52a82bfeb.png", "aux": "aux_492da4bac888462f817798f52a82bfeb.npz", "visibility": "visibility_492da4bac888462f817798f52a82bfeb.png", "pose": [[0.7547977566719055, 0.6559575200080872, 0.0, 1301.203369140625], [-0.6559575200080872, 0.7547977566719055, 0.0, 896.0731201171875], [0.0, 0.0, 1.0, 0.0], [0.0, 0.0, 0.0, 1.0]], "pose_inverse": [[0.7547977566719055, -0.6559575200080872, 0.0, -394.3594970703125], [0.6559575200080872, 0.7547977566719055, 0.0, -1529.88818359375], [0.0, 0.0, 1.0, 0.0], [0.0, 0.0, 0.0, 1.0]], "cam_ids": [0, 1, 2, 3, 4, 5], "cam_channels": ["CAM_FRONT_LEFT", "CAM_FRONT", "CAM_FRONT_RIGHT", "CAM_BACK_LEFT", "CAM_BACK", "CAM_BACK_RIGHT"], "token": "492da4bac888462f817798f52a82bfeb", "scene": "scene-0777"}, {"images": ["samples/CAM_FRONT_LEFT/n008-2018-08-30-15-31-50-0400__CAM_FRONT_LEFT__1535657696004799.jpg", "samples/CAM_FRONT/n008-2018-08-30-15-31-50-0400__CAM_FRONT__1535657696012404.jpg", "samples/CAM_FRONT_RIGHT/n008-2018-08-30-15-31-50-0400__CAM_FRONT_RIGHT__1535657696020482.jpg", "samples/CAM_BACK_LEFT/n008-2018-08-30-15-31-50-0400__CAM_BACK_LEFT__1535657696047405.jpg", "samples/CAM_BACK/n008-2018-08-30-15-31-50-0400__CAM_BACK__1535657696037558.jpg", "samples/CAM_BACK_RIGHT/n008-2018-08-30-15-31-50-0400__CAM_BACK_RIGHT__1535657696028113.jpg"], "intrinsics": [[[1257.8625342125129, 0.0, 827.2410631095686], [0.0, 1257.8625342125129, 450.915498205774], [0.0, 0.0, 1.0]], [[1252.8131021185304, 0.0, 826.588114781398], [0.0, 1252.8131021185304, 469.9846626224581], [0.0, 0.0, 1.0]], [[1256.7485116440405, 0.0, 817.7887570959712], [0.0, 1256.7485116440403, 451.9541780095127], [0.0, 0.0, 1.0]], [[1254.9860565800168, 0.0, 829.5769333630991], [0.0, 1254.9860565800168, 467.1680561863987], [0.0, 0.0, 1.0]], [[796.8910634503094, 0.0, 857.7774326863696], [0.0, 796.8910634503094, 476.8848988407415], [0.0, 0.0, 1.0]], [[1249.9629280788233, 0.0, 825.3768045375984], [0.0, 1249.9629280788233, 462.54816385708756], [0.0, 0.0, 1.0]]], "extrinsics": [[[0.821962296962738, -0.5679836273193359, -0.042103808373212814, -1.0048828125], [-0.016771415248513222, 0.049755409359931946, -0.9986205697059631, 1.4882965087890625], [0.5692950487136841, 0.8215345144271851, 0.03137117624282837, -1.3333740234375], [0.0, 0.0, 0.0, 1.0]], [[0.009497414343059063, -0.9989053010940552, -0.04580299183726311, 0.00537109375], [-0.014823039062321186, 0.0456593856215477, -0.9988470673561096, 1.48016357421875], [0.999845027923584, 0.010165314190089703, -0.014373165555298328, -1.734771728515625], [0.0, 0.0, 0.0, 1.0]], [[-0.8443772792816162, -0.5355643033981323, -0.014069636352360249, 1.0904541015625], [-0.006810054648667574, 0.03698889911174774, -0.9992924332618713, 1.493072509765625], [0.5357058644294739, -0.8436839580535889, -0.03487980738282204, -1.277587890625], [0.0, 0.0, 0.0, 1.0]], [[0.9477161169052124, 0.3188117742538452, -0.013898812234401703, -1.1439208984375], [-0.03219310939311981, 0.052185237407684326, -0.9981184005737305, 1.562042236328125], [-0.31748655438423157, 0.9463803768157959, 0.05972033739089966, -0.156005859375], [0.0, 0.0, 0.0, 1.0]], [[0.009954044595360756, 0.9989655017852783, 0.04437178373336792, -0.0286865234375], [-0.030068252235651016, 0.04465293511748314, -0.9985499382019043, 1.5680618286132812], [-0.9994983673095703, 0.008605415932834148, 0.030481627210974693, 0.0443115234375], [0.0, 0.0, 0.0, 1.0]], [[-0.9233471155166626, 0.3826048970222473, 0.03230319544672966, 1.160675048828125], [-0.0258713960647583, 0.021945131942629814, -0.999424397945404, 1.5478076934814453], [-0.38309362530708313, -0.9236513376235962, -0.010364454239606857, -0.0439453125], [0.0, 0.0, 0.0, 1.0]]], "view": [[0.0, -2.0, 100.0], [-2.0, 0.0, 100.0], [0.0, 0.0, 1.0]], "bev": "bev_cbbfb7a9e034467cba128f38c9b29d91.png", "aux": "aux_cbbfb7a9e034467cba128f38c9b29d91.npz", "visibility": "visibility_cbbfb7a9e034467cba128f38c9b29d91.png", "pose": [[0.7547433972358704, 0.6560201048851013, 0.0, 1301.203369140625], [-0.6560201048851013, 0.7547433972358704, 0.0, 896.0731201171875], [0.0, 0.0, 1.0, 0.0], [0.0, 0.0, 0.0, 1.0]], "pose_inverse": [[0.7547433972358704, -0.6560201048851013, 0.0, -394.2326354980469], [0.6560201048851013, 0.7547433972358704, 0.0, -1529.9208984375], [0.0, 0.0, 1.0, 0.0], [0.0, 0.0, 0.0, 1.0]], "cam_ids": [0, 1, 2, 3, 4, 5], "cam_channels": ["CAM_FRONT_LEFT", "CAM_FRONT", "CAM_FRONT_RIGHT", "CAM_BACK_LEFT", "CAM_BACK", "CAM_BACK_RIGHT"], "token": "cbbfb7a9e034467cba128f38c9b29d91", "scene": "scene-0777"}, {"images": ["samples/CAM_FRONT_LEFT/n008-2018-08-30-15-31-50-0400__CAM_FRONT_LEFT__1535657696504799.jpg", "samples/CAM_FRONT/n008-2018-08-30-15-31-50-0400__CAM_FRONT__1535657696512404.jpg", "samples/CAM_FRONT_RIGHT/n008-2018-08-30-15-31-50-0400__CAM_FRONT_RIGHT__1535657696520482.jpg", "samples/CAM_BACK_LEFT/n008-2018-08-30-15-31-50-0400__CAM_BACK_LEFT__1535657696547405.jpg", "samples/CAM_BACK/n008-2018-08-30-15-31-50-0400__CAM_BACK__1535657696537558.jpg", "samples/CAM_BACK_RIGHT/n008-2018-08-30-15-31-50-0400__CAM_BACK_RIGHT__1535657696528113.jpg"], "intrinsics": [[[1257.8625342125129, 0.0, 827.2410631095686], [0.0, 1257.8625342125129, 450.915498205774], [0.0, 0.0, 1.0]], [[1252.8131021185304, 0.0, 826.588114781398], [0.0, 1252.8131021185304, 469.9846626224581], [0.0, 0.0, 1.0]], [[1256.7485116440405, 0.0, 817.7887570959712], [0.0, 1256.7485116440403, 451.9541780095127], [0.0, 0.0, 1.0]], [[1254.9860565800168, 0.0, 829.5769333630991], [0.0, 1254.9860565800168, 467.1680561863987], [0.0, 0.0, 1.0]], [[796.8910634503094, 0.0, 857.7774326863696], [0.0, 796.8910634503094, 476.8848988407415], [0.0, 0.0, 1.0]], [[1249.9629280788233, 0.0, 825.3768045375984], [0.0, 1249.9629280788233, 462.54816385708756], [0.0, 0.0, 1.0]]], "extrinsics": [[[0.8219733834266663, -0.5679574012756348, -0.042238056659698486, -1.0050048828125], [-0.016809653490781784, 0.049937352538108826, -0.9986108541488647, 1.4883041381835938], [0.5692777633666992, 0.8215416669845581, 0.03150000795722008, -1.3331298828125], [0.0, 0.0, 0.0, 1.0]], [[0.009516005404293537, -0.9988974928855896, -0.045969657599925995, 0.00537109375], [-0.014882152900099754, 0.04582517594099045, -0.9988386034965515, 1.4801712036132812], [0.9998438954353333, 0.010189064778387547, -0.014429669827222824, -1.734710693359375], [0.0, 0.0, 0.0, 1.0]], [[-0.844367504119873, -0.5355792045593262, -0.014081419445574284, 1.0906982421875], [-0.006891299970448017, 0.03713766112923622, -0.9992863535881042, 1.493072509765625], [0.5357200503349304, -0.8436679840087891, -0.035048674792051315, -1.277587890625], [0.0, 0.0, 0.0, 1.0]], [[0.9477159976959229, 0.31881242990493774, -0.013900787569582462, -1.1439208984375], [-0.03222163766622543, 0.05226394906640053, -0.9981133341789246, 1.5620498657226562], [-0.31748446822166443, 0.9463757276535034, 0.0598040372133255, -0.1561279296875], [0.0, 0.0, 0.0, 1.0]], [[0.00994783267378807, 0.9989599585533142, 0.044498030096292496, -0.0286865234375], [-0.03012249805033207, 0.04477940499782562, -0.9985426068305969, 1.5680618286132812], [-0.9994967579841614, 0.008592966012656689, 0.030536629259586334, 0.0443115234375], [0.0, 0.0, 0.0, 1.0]], [[-0.9233521223068237, 0.38258498907089233, 0.0323951318860054, 1.1606597900390625], [-0.025917643681168556, 0.022074157372117043, -0.9994203448295593, 1.547811508178711], [-0.38307827711105347, -0.9236564636230469, -0.010466518811881542, -0.0438232421875], [0.0, 0.0, 0.0, 1.0]]], "view": [[0.0, -2.0, 100.0], [-2.0, 0.0, 100.0], [0.0, 0.0, 1.0]], "bev": "bev_9917500ef64c454581306b77eb6ffcb2.png", "aux": "aux_9917500ef64c454581306b77eb6ffcb2.npz", "visibility": "visibility_9917500ef64c454581306b77eb6ffcb2.png", "pose": [[0.7547124028205872, 0.656055748462677, 0.0, 1301.203369140625], [-0.656055748462677, 0.7547124028205872, 0.0, 896.0731201171875], [0.0, 0.0, 1.0, 0.0], [0.0, 0.0, 0.0, 1.0]], "pose_inverse": [[0.7547124028205872, -0.656055748462677, 0.0, -394.160400390625], [0.656055748462677, 0.7547124028205872, 0.0, -1529.939453125], [0.0, 0.0, 1.0, 0.0], [0.0, 0.0, 0.0, 1.0]], "cam_ids": [0, 1, 2, 3, 4, 5], "cam_channels": ["CAM_FRONT_LEFT", "CAM_FRONT", "CAM_FRONT_RIGHT", "CAM_BACK_LEFT", "CAM_BACK", "CAM_BACK_RIGHT"], "token": "9917500ef64c454581306b77eb6ffcb2", "scene": "scene-0777"}, {"images": ["samples/CAM_FRONT_LEFT/n008-2018-08-30-15-31-50-0400__CAM_FRONT_LEFT__1535657697004799.jpg", "samples/CAM_FRONT/n008-2018-08-30-15-31-50-0400__CAM_FRONT__1535657697012404.jpg", "samples/CAM_FRONT_RIGHT/n008-2018-08-30-15-31-50-0400__CAM_FRONT_RIGHT__1535657697020482.jpg", "samples/CAM_BACK_LEFT/n008-2018-08-30-15-31-50-0400__CAM_BACK_LEFT__1535657697047408.jpg", "samples/CAM_BACK/n008-2018-08-30-15-31-50-0400__CAM_BACK__1535657697037558.jpg", "samples/CAM_BACK_RIGHT/n008-2018-08-30-15-31-50-0400__CAM_BACK_RIGHT__1535657697028125.jpg"], "intrinsics": [[[1257.8625342125129, 0.0, 827.2410631095686], [0.0, 1257.8625342125129, 450.915498205774], [0.0, 0.0, 1.0]], [[1252.8131021185304, 0.0, 826.588114781398], [0.0, 1252.8131021185304, 469.9846626224581], [0.0, 0.0, 1.0]], [[1256.7485116440405, 0.0, 817.7887570959712], [0.0, 1256.7485116440403, 451.9541780095127], [0.0, 0.0, 1.0]], [[1254.9860565800168, 0.0, 829.5769333630991], [0.0, 1254.9860565800168, 467.1680561863987], [0.0, 0.0, 1.0]], [[796.8910634503094, 0.0, 857.7774326863696], [0.0, 796.8910634503094, 476.8848988407415], [0.0, 0.0, 1.0]], [[1249.9629280788233, 0.0, 825.3768045375984], [0.0, 1249.9629280788233, 462.54816385708756], [0.0, 0.0, 1.0]]], "extrinsics": [[[0.8219385147094727, -0.5679808259010315, -0.042601410299539566, -1.00506591796875], [-0.017094919458031654, 0.05016115680336952, -0.9985948204994202, 1.4882965087890625], [0.5693196654319763, 0.8215118646621704, 0.031519800424575806, -1.33349609375], [0.0, 0.0, 0.0, 1.0]], [[0.009471967816352844, -0.9988874197006226, -0.046198341995477676, 0.0052490234375], [-0.015155788511037827, 0.04605170339345932, -0.9988241195678711, 1.48016357421875], [0.999840259552002, 0.01016104407608509, -0.014702724292874336, -1.734649658203125], [0.0, 0.0, 0.0, 1.0]], [[-0.844383180141449, -0.535557210445404, -0.013982735574245453, 1.090576171875], [-0.007152642589062452, 0.03736703470349312, -0.9992759823799133, 1.4930686950683594], [0.5356919765472412, -0.8436718583106995, -0.035382747650146484, -1.277587890625], [0.0, 0.0, 0.0, 1.0]], [[0.9477117657661438, 0.3188159465789795, -0.014101190492510796, -1.14398193359375], [-0.0325067862868309, 0.05248410627245903, -0.998092532157898, 1.562042236328125], [-0.31746771931648254, 0.9463624358177185, 0.060103483498096466, -0.1561279296875], [0.0, 0.0, 0.0, 1.0]], [[0.009966590441763401, 0.998950183391571, 0.04471190273761749, -0.0289306640625], [-0.030391911044716835, 0.04499607905745506, -0.9985247254371643, 1.5680618286132812], [-0.9994884133338928, 0.00859302282333374, 0.03080846555531025, 0.0443115234375], [0.0, 0.0, 0.0, 1.0]], [[-0.9233369827270508, 0.3825910687446594, 0.032753583043813705, 1.1607513427734375], [-0.026209376752376556, 0.022306032478809357, -0.9994075298309326, 1.5478096008300781], [-0.3830949664115906, -0.923648476600647, -0.010568511672317982, -0.0435791015625], [0.0, 0.0, 0.0, 1.0]]], "view": [[0.0, -2.0, 100.0], [-2.0, 0.0, 100.0], [0.0, 0.0, 1.0]], "bev": "bev_c0b90da5ed8c4bb2b18589e4fca1274f.png", "aux": "aux_c0b90da5ed8c4bb2b18589e4fca1274f.npz", "visibility": "visibility_c0b90da5ed8c4bb2b18589e4fca1274f.png", "pose": [[0.7547985911369324, 0.6559566259384155, 0.0, 1301.203369140625], [-0.6559566259384155, 0.7547985911369324, 0.0, 896.0731201171875], [0.0, 0.0, 1.0, 0.0], [0.0, 0.0, 0.0, 1.0]], "pose_inverse": [[0.7547985911369324, -0.6559566259384155, 0.0, -394.36138916015625], [0.6559566259384155, 0.7547985911369324, 0.0, -1529.8876953125], [0.0, 0.0, 1.0, 0.0], [0.0, 0.0, 0.0, 1.0]], "cam_ids": [0, 1, 2, 3, 4, 5], "cam_channels": ["CAM_FRONT_LEFT", "CAM_FRONT", "CAM_FRONT_RIGHT", "CAM_BACK_LEFT", "CAM_BACK", "CAM_BACK_RIGHT"], "token": "c0b90da5ed8c4bb2b18589e4fca1274f", "scene": "scene-0777"}, {"images": ["samples/CAM_FRONT_LEFT/n008-2018-08-30-15-31-50-0400__CAM_FRONT_LEFT__1535657697404799.jpg", "samples/CAM_FRONT/n008-2018-08-30-15-31-50-0400__CAM_FRONT__1535657697412404.jpg", "samples/CAM_FRONT_RIGHT/n008-2018-08-30-15-31-50-0400__CAM_FRONT_RIGHT__1535657697420482.jpg", "samples/CAM_BACK_LEFT/n008-2018-08-30-15-31-50-0400__CAM_BACK_LEFT__1535657697447405.jpg", "samples/CAM_BACK/n008-2018-08-30-15-31-50-0400__CAM_BACK__1535657697437558.jpg", "samples/CAM_BACK_RIGHT/n008-2018-08-30-15-31-50-0400__CAM_BACK_RIGHT__1535657697428113.jpg"], "intrinsics": [[[1257.8625342125129, 0.0, 827.2410631095686], [0.0, 1257.8625342125129, 450.915498205774], [0.0, 0.0, 1.0]], [[1252.8131021185304, 0.0, 826.588114781398], [0.0, 1252.8131021185304, 469.9846626224581], [0.0, 0.0, 1.0]], [[1256.7485116440405, 0.0, 817.7887570959712], [0.0, 1256.7485116440403, 451.9541780095127], [0.0, 0.0, 1.0]], [[1254.9860565800168, 0.0, 829.5769333630991], [0.0, 1254.9860565800168, 467.1680561863987], [0.0, 0.0, 1.0]], [[796.8910634503094, 0.0, 857.7774326863696], [0.0, 796.8910634503094, 476.8848988407415], [0.0, 0.0, 1.0]], [[1249.9629280788233, 0.0, 825.3768045375984], [0.0, 1249.9629280788233, 462.54816385708756], [0.0, 0.0, 1.0]]], "extrinsics": [[[0.8219541907310486, -0.5679576992988586, -0.042607612907886505, -1.00506591796875], [-0.017148982733488083, 0.0500955767929554, -0.9985971450805664, 1.4883041381835938], [0.5692954063415527, 0.8215318918228149, 0.03143637254834175, -1.3333740234375], [0.0, 0.0, 0.0, 1.0]], [[0.00949523039162159, -0.9988909959793091, -0.04611407220363617, 0.00537109375], [-0.015191950835287571, 0.045966725796461105, -0.9988274574279785, 1.48016357421875], [0.9998395442962646, 0.010184690356254578, -0.014738637022674084, -1.73468017578125], [0.0, 0.0, 0.0, 1.0]], [[-0.8443738222122192, -0.5355737209320068, -0.013912340626120567, 1.0906982421875], [-0.007169769145548344, 0.03726150467991829, -0.9992798566818237, 1.4930686950683594], [0.5357064604759216, -0.8436660170555115, -0.03530258685350418, -1.277587890625], [0.0, 0.0, 0.0, 1.0]], [[0.9477090835571289, 0.31882110238075256, -0.014158632606267929, -1.14404296875], [-0.03252626582980156, 0.052360810339450836, -0.9980983734130859, 1.562042236328125], [-0.31747356057167053, 0.9463675022125244, 0.05999287962913513, -0.156005859375], [0.0, 0.0, 0.0, 1.0]], [[0.009958342649042606, 0.9989563822746277, 0.0445752888917923, -0.02880859375], [-0.03041178733110428, 0.04485943913459778, -0.9985302686691284, 1.5680618286132812], [-0.9994878768920898, 0.008588102646172047, 0.030826779082417488, 0.04425048828125], [0.0, 0.0, 0.0, 1.0]], [[-0.9233412742614746, 0.3825834095478058, 0.032723598182201385, 1.160614013671875], [-0.026225797832012177, 0.022188425064086914, -0.9994097352027893, 1.5478153228759766], [-0.38308364152908325, -0.9236543774604797, -0.010453934781253338, -0.0435791015625], [0.0, 0.0, 0.0, 1.0]]], "view": [[0.0, -2.0, 100.0], [-2.0, 0.0, 100.0], [0.0, 0.0, 1.0]], "bev": "bev_3c39b000dc2d42338f2a4567f65b2ae7.png", "aux": "aux_3c39b000dc2d42338f2a4567f65b2ae7.npz", "visibility": "visibility_3c39b000dc2d42338f2a4567f65b2ae7.png", "pose": [[0.7548241019248962, 0.6559272408485413, 0.0, 1301.203369140625], [-0.6559272408485413, 0.7548241019248962, 0.0, 896.0731201171875], [0.0, 0.0, 1.0, 0.0], [0.0, 0.0, 0.0, 1.0]], "pose_inverse": [[0.7548241019248962, -0.6559272408485413, 0.0, -394.4208984375], [0.6559272408485413, 0.7548241019248962, 0.0, -1529.872314453125], [0.0, 0.0, 1.0, 0.0], [0.0, 0.0, 0.0, 1.0]], "cam_ids": [0, 1, 2, 3, 4, 5], "cam_channels": ["CAM_FRONT_LEFT", "CAM_FRONT", "CAM_FRONT_RIGHT", "CAM_BACK_LEFT", "CAM_BACK", "CAM_BACK_RIGHT"], "token": "3c39b000dc2d42338f2a4567f65b2ae7", "scene": "scene-0777"}, {"images": ["samples/CAM_FRONT_LEFT/n008-2018-08-30-15-31-50-0400__CAM_FRONT_LEFT__1535657697904799.jpg", "samples/CAM_FRONT/n008-2018-08-30-15-31-50-0400__CAM_FRONT__1535657697912404.jpg", "samples/CAM_FRONT_RIGHT/n008-2018-08-30-15-31-50-0400__CAM_FRONT_RIGHT__1535657697920482.jpg", "samples/CAM_BACK_LEFT/n008-2018-08-30-15-31-50-0400__CAM_BACK_LEFT__1535657697947405.jpg", "samples/CAM_BACK/n008-2018-08-30-15-31-50-0400__CAM_BACK__1535657697937558.jpg", "samples/CAM_BACK_RIGHT/n008-2018-08-30-15-31-50-0400__CAM_BACK_RIGHT__1535657697928113.jpg"], "intrinsics": [[[1257.8625342125129, 0.0, 827.2410631095686], [0.0, 1257.8625342125129, 450.915498205774], [0.0, 0.0, 1.0]], [[1252.8131021185304, 0.0, 826.588114781398], [0.0, 1252.8131021185304, 469.9846626224581], [0.0, 0.0, 1.0]], [[1256.7485116440405, 0.0, 817.7887570959712], [0.0, 1256.7485116440403, 451.9541780095127], [0.0, 0.0, 1.0]], [[1254.9860565800168, 0.0, 829.5769333630991], [0.0, 1254.9860565800168, 467.1680561863987], [0.0, 0.0, 1.0]], [[796.8910634503094, 0.0, 857.7774326863696], [0.0, 796.8910634503094, 476.8848988407415], [0.0, 0.0, 1.0]], [[1249.9629280788233, 0.0, 825.3768045375984], [0.0, 1249.9629280788233, 462.54816385708756], [0.0, 0.0, 1.0]]], "extrinsics": [[[0.8220052123069763, -0.5678839683532715, -0.04260668903589249, -1.00506591796875], [-0.017285078763961792, 0.04990246146917343, -0.9986045360565186, 1.4882965087890625], [0.5692176818847656, 0.8215945959091187, 0.031204167753458023, -1.333251953125], [0.0, 0.0, 0.0, 1.0]], [[0.009578912518918514, -0.9988993406295776, -0.04591621458530426, 0.00537109375], [-0.015336297452449799, 0.04576616361737251, -0.9988344311714172, 1.4801597595214844], [0.9998365640640259, 0.010271916165947914, -0.014881027862429619, -1.734649658203125], [0.0, 0.0, 0.0, 1.0]], [[-0.8443329930305481, -0.5356442928314209, -0.013674450106918812, 1.0904541015625], [-0.007322658319026232, 0.0370534285902977, -0.9992864727973938, 1.4930686950683594], [0.5357686877250671, -0.8436303734779358, -0.03520777449011803, -1.2774658203125], [0.0, 0.0, 0.0, 1.0]], [[0.9477006196975708, 0.31883367896080017, -0.014443776570260525, -1.14398193359375], [-0.03272918239235878, 0.05206799507141113, -0.9981070756912231, 1.562042236328125], [-0.3174780607223511, 0.9463794231414795, 0.05978003516793251, -0.1561279296875], [0.0, 0.0, 0.0, 1.0]], [[0.009923423640429974, 0.9989683032035828, 0.044315602630376816, -0.02880859375], [-0.0306013822555542, 0.044600408524274826, -0.9985360503196716, 1.5680618286132812], [-0.9994823932647705, 0.008552818559110165, 0.0310124009847641, 0.04437255859375], [0.0, 0.0, 0.0, 1.0]], [[-0.9233614802360535, 0.38252878189086914, 0.03279219567775726, 1.160675048828125], [-0.02639472670853138, 0.02196170948445797, -0.9994103312492371, 1.5478096008300781], [-0.38302332162857056, -0.9236825108528137, -0.010181853547692299, -0.043701171875], [0.0, 0.0, 0.0, 1.0]]], "view": [[0.0, -2.0, 100.0], [-2.0, 0.0, 100.0], [0.0, 0.0, 1.0]], "bev": "bev_45a85ca74dff4787a913f5f765d15a89.png", "aux": "aux_45a85ca74dff4787a913f5f765d15a89.npz", "visibility": "visibility_45a85ca74dff4787a913f5f765d15a89.png", "pose": [[0.7547729015350342, 0.6559861898422241, 0.0, 1301.203369140625], [-0.6559861898422241, 0.7547729015350342, 0.0, 896.0731201171875], [0.0, 0.0, 1.0, 0.0], [0.0, 0.0, 0.0, 1.0]], "pose_inverse": [[0.7547729015350342, -0.6559861898422241, 0.0, -394.3013916015625], [0.6559861898422241, 0.7547729015350342, 0.0, -1529.9031982421875], [0.0, 0.0, 1.0, 0.0], [0.0, 0.0, 0.0, 1.0]], "cam_ids": [0, 1, 2, 3, 4, 5], "cam_channels": ["CAM_FRONT_LEFT", "CAM_FRONT", "CAM_FRONT_RIGHT", "CAM_BACK_LEFT", "CAM_BACK", "CAM_BACK_RIGHT"], "token": "45a85ca74dff4787a913f5f765d15a89", "scene": "scene-0777"}, {"images": ["samples/CAM_FRONT_LEFT/n008-2018-08-30-15-31-50-0400__CAM_FRONT_LEFT__1535657698404799.jpg", "samples/CAM_FRONT/n008-2018-08-30-15-31-50-0400__CAM_FRONT__1535657698412404.jpg", "samples/CAM_FRONT_RIGHT/n008-2018-08-30-15-31-50-0400__CAM_FRONT_RIGHT__1535657698420482.jpg", "samples/CAM_BACK_LEFT/n008-2018-08-30-15-31-50-0400__CAM_BACK_LEFT__1535657698447405.jpg", "samples/CAM_BACK/n008-2018-08-30-15-31-50-0400__CAM_BACK__1535657698437577.jpg", "samples/CAM_BACK_RIGHT/n008-2018-08-30-15-31-50-0400__CAM_BACK_RIGHT__1535657698428113.jpg"], "intrinsics": [[[1257.8625342125129, 0.0, 827.2410631095686], [0.0, 1257.8625342125129, 450.915498205774], [0.0, 0.0, 1.0]], [[1252.8131021185304, 0.0, 826.588114781398], [0.0, 1252.8131021185304, 469.9846626224581], [0.0, 0.0, 1.0]], [[1256.7485116440405, 0.0, 817.7887570959712], [0.0, 1256.7485116440403, 451.9541780095127], [0.0, 0.0, 1.0]], [[1254.9860565800168, 0.0, 829.5769333630991], [0.0, 1254.9860565800168, 467.1680561863987], [0.0, 0.0, 1.0]], [[796.8910634503094, 0.0, 857.7774326863696], [0.0, 796.8910634503094, 476.8848988407415], [0.0, 0.0, 1.0]], [[1249.9629280788233, 0.0, 825.3768045375984], [0.0, 1249.9629280788233, 462.54816385708756], [0.0, 0.0, 1.0]]], "extrinsics": [[[0.8219365477561951, -0.5679694414138794, -0.04279182106256485, -1.00506591796875], [-0.017212631180882454, 0.05032588914036751, -0.998584508895874, 1.4883041381835938], [0.5693190693855286, 0.8215096592903137, 0.03158843517303467, -1.3333740234375], [0.0, 0.0, 0.0, 1.0]], [[0.009476439096033573, -0.9988812804222107, -0.046329423785209656, 0.00537109375], [-0.015246893279254436, 0.04618178308010101, -0.9988166689872742, 1.48016357421875], [0.9998388886451721, 0.010171663016080856, -0.014792194589972496, -1.73468017578125], [0.0, 0.0, 0.0, 1.0]], [[-0.8443776369094849, -0.5355660915374756, -0.013980178162455559, 1.090576171875], [-0.007215393707156181, 0.03746040537953377, -0.9992720484733582, 1.4930686950683594], [0.5356998443603516, -0.8436621427536011, -0.03549505025148392, -1.2777099609375], [0.0, 0.0, 0.0, 1.0]], [[0.9477106928825378, 0.31881794333457947, -0.01413204986602068, -1.14385986328125], [-0.0325467549264431, 0.0525059774518013, -0.9980900883674622, 1.562042236328125], [-0.31746700406074524, 0.9463605284690857, 0.06013696268200874, -0.1561279296875], [0.0, 0.0, 0.0, 1.0]], [[0.009961440227925777, 0.9989489316940308, 0.04474318400025368, -0.02880859375], [-0.03044510819017887, 0.04502765089273453, -0.9985216856002808, 1.5680618286132812], [-0.9994868636131287, 0.008584565483033657, 0.03086164966225624, 0.0443115234375], [0.0, 0.0, 0.0, 1.0]], [[-0.9233399033546448, 0.38257747888565063, 0.03283026069402695, 1.1606597900390625], [-0.02626626379787922, 0.022369384765625, -0.9994046688079834, 1.547811508178711], [-0.38308411836624146, -0.9236525893211365, -0.010605663061141968, -0.0435791015625], [0.0, 0.0, 0.0, 1.0]]], "view": [[0.0, -2.0, 100.0], [-2.0, 0.0, 100.0], [0.0, 0.0, 1.0]], "bev": "bev_8df3eafa961346aeb1b8c9c7038ec9fd.png", "aux": "aux_8df3eafa961346aeb1b8c9c7038ec9fd.npz", "visibility": "visibility_8df3eafa961346aeb1b8c9c7038ec9fd.png", "pose": [[0.7549256086349487, 0.6558104753494263, 0.0, 1301.203369140625], [-0.6558104753494263, 0.7549256086349487, 0.0, 896.0731201171875], [0.0, 0.0, 1.0, 0.0], [0.0, 0.0, 0.0, 1.0]], "pose_inverse": [[0.7549256086349487, -0.6558104753494263, 0.0, -394.6575927734375], [0.6558104753494263, 0.7549256086349487, 0.0, -1529.811279296875], [0.0, 0.0, 1.0, 0.0], [0.0, 0.0, 0.0, 1.0]], "cam_ids": [0, 1, 2, 3, 4, 5], "cam_channels": ["CAM_FRONT_LEFT", "CAM_FRONT", "CAM_FRONT_RIGHT", "CAM_BACK_LEFT", "CAM_BACK", "CAM_BACK_RIGHT"], "token": "8df3eafa961346aeb1b8c9c7038ec9fd", "scene": "scene-0777"}, {"images": ["samples/CAM_FRONT_LEFT/n008-2018-08-30-15-31-50-0400__CAM_FRONT_LEFT__1535657698904799.jpg", "samples/CAM_FRONT/n008-2018-08-30-15-31-50-0400__CAM_FRONT__1535657698912404.jpg", "samples/CAM_FRONT_RIGHT/n008-2018-08-30-15-31-50-0400__CAM_FRONT_RIGHT__1535657698920482.jpg", "samples/CAM_BACK_LEFT/n008-2018-08-30-15-31-50-0400__CAM_BACK_LEFT__1535657698947405.jpg", "samples/CAM_BACK/n008-2018-08-30-15-31-50-0400__CAM_BACK__1535657698937558.jpg", "samples/CAM_BACK_RIGHT/n008-2018-08-30-15-31-50-0400__CAM_BACK_RIGHT__1535657698928113.jpg"], "intrinsics": [[[1257.8625342125129, 0.0, 827.2410631095686], [0.0, 1257.8625342125129, 450.915498205774], [0.0, 0.0, 1.0]], [[1252.8131021185304, 0.0, 826.588114781398], [0.0, 1252.8131021185304, 469.9846626224581], [0.0, 0.0, 1.0]], [[1256.7485116440405, 0.0, 817.7887570959712], [0.0, 1256.7485116440403, 451.9541780095127], [0.0, 0.0, 1.0]], [[1254.9860565800168, 0.0, 829.5769333630991], [0.0, 1254.9860565800168, 467.1680561863987], [0.0, 0.0, 1.0]], [[796.8910634503094, 0.0, 857.7774326863696], [0.0, 796.8910634503094, 476.8848988407415], [0.0, 0.0, 1.0]], [[1249.9629280788233, 0.0, 825.3768045375984], [0.0, 1249.9629280788233, 462.54816385708756], [0.0, 0.0, 1.0]]], "extrinsics": [[[0.8218324780464172, -0.5681018829345703, -0.04303039610385895, -1.005126953125], [-0.017401304095983505, 0.050462935119867325, -0.9985743165016174, 1.4882888793945312], [0.5694633722305298, 0.8214097023010254, 0.03158636763691902, -1.3333740234375], [0.0, 0.0, 0.0, 1.0]], [[0.009322727099061012, -0.9988741278648376, -0.046514563262462616, 0.0052490234375], [-0.015462586656212807, 0.04636702314019203, -0.9988048076629639, 1.4801559448242188], [0.9998369812965393, 0.010030808858573437, -0.015012909658253193, -1.734710693359375], [0.0, 0.0, 0.0, 1.0]], [[-0.8444436192512512, -0.5354641675949097, -0.013895598240196705, 1.090576171875], [-0.007460164371877909, 0.03769630938768387, -0.9992613792419434, 1.4930763244628906], [0.5355924367904663, -0.8437162041664124, -0.03582706302404404, -1.2774658203125], [0.0, 0.0, 0.0, 1.0]], [[0.9477094411849976, 0.31881609559059143, -0.014256002381443977, -1.14385986328125], [-0.03283035755157471, 0.05296263098716736, -0.9980566501617432, 1.562042236328125], [-0.31744158267974854, 0.9463356137275696, 0.06066003441810608, -0.1561279296875], [0.0, 0.0, 0.0, 1.0]], [[0.010023963637650013, 0.9989317655563354, 0.04510924965143204, -0.0289306640625], [-0.030722757801413536, 0.04539788141846657, -0.998496413230896, 1.5680618286132812], [-0.999477744102478, 0.00862301979213953, 0.03114500641822815, 0.04428