[{"images": ["samples/CAM_FRONT_LEFT/n008-2018-05-21-11-06-59-0400__CAM_FRONT_LEFT__1526915413004917.jpg", "samples/CAM_FRONT/n008-2018-05-21-11-06-59-0400__CAM_FRONT__1526915413012465.jpg", "samples/CAM_FRONT_RIGHT/n008-2018-05-21-11-06-59-0400__CAM_FRONT_RIGHT__1526915413019956.jpg", "samples/CAM_BACK_LEFT/n008-2018-05-21-11-06-59-0400__CAM_BACK_LEFT__1526915413047295.jpg", "samples/CAM_BACK/n008-2018-05-21-11-06-59-0400__CAM_BACK__1526915413037570.jpg", "samples/CAM_BACK_RIGHT/n008-2018-05-21-11-06-59-0400__CAM_BACK_RIGHT__1526915413027813.jpg"], "intrinsics": [[[1256.4720761102153, 0.0, 759.9201772536986], [0.0, 1256.472076110215, 418.2347543062189], [0.0, 0.0, 1.0]], [[1262.8093578767177, 0.0, 786.6784634591471], [0.0, 1262.8093578767177, 437.9890946201144], [0.0, 0.0, 1.0]], [[1264.1253743585607, 0.0, 761.8659236816043], [0.0, 1264.125374358561, 415.0768894058469], [0.0, 0.0, 1.0]], [[1258.2338510172276, 0.0, 742.9036438917772], [0.0, 1258.2338510172278, 422.93240569290015], [0.0, 0.0, 1.0]], [[798.1242652672415, 0.0, 679.0081140747895], [0.0, 798.1242652672414, 419.2474525237902], [0.0, 0.0, 1.0]], [[1259.4297629105833, 0.0, 752.9541347831612], [0.0, 1259.4297629105833, 429.46398926977497], [0.0, 0.0, 1.0]]], "extrinsics": [[[0.8101993203163147, -0.5861536264419556, -0.0009944780031219125, -0.72900390625], [0.01290096528828144, 0.019528264179825783, -0.9997260570526123, 1.50299072265625], [0.5860124826431274, 0.8099645972251892, 0.0233837328851223, -1.109130859375], [0.0, 0.0, 0.0, 1.0]], [[-0.004061268642544746, -0.9998956322669983, -0.013866188004612923, -0.02850341796875], [0.0028597742784768343, 0.013854633085429668, -0.9998999238014221, 1.513833999633789], [0.9999877214431763, -0.004100516438484192, 0.0028032083064317703, -1.396728515625], [0.0, 0.0, 0.0, 1.0]], [[-0.8107497096061707, -0.5851153135299683, -0.01802326738834381, 0.8192138671875], [0.007967536337673664, 0.019755927845835686, -0.9997730851173401, 1.497720718383789], [0.5853386521339417, -0.8107093572616577, -0.011355186812579632, -1.239471435546875], [0.0, 0.0, 0.0, 1.0]], [[0.9457414746284485, 0.32491573691368103, 0.0016520866192877293, -1.154296875], [-0.0059368242509663105, 0.022363785654306412, -0.999732255935669, 1.5959300994873047], [-0.3248656690120697, 0.945478618144989, 0.02307932637631893, -0.079620361328125], [0.0, 0.0, 0.0, 1.0]], [[0.01766255497932434, 0.999696671962738, 0.01716281659901142, 0.00714111328125], [0.0031124972738325596, 0.017110439017415047, -0.9998487830162048, 1.5398082733154297], [-0.999839186668396, 0.017713304609060287, -0.0028093401342630386, 0.027099609375], [0.0, 0.0, 0.0, 1.0]], [[-0.935115396976471, 0.35426726937294006, 0.007340271025896072, 0.9970703125], [-0.0014681542525067925, 0.01684132032096386, -0.9998571276664734, 1.583693504333496], [-0.35434022545814514, -0.9349926710128784, -0.015228459611535072, -0.1121826171875], [0.0, 0.0, 0.0, 1.0]]], "view": [[0.0, -2.0, 100.0], [-2.0, 0.0, 100.0], [0.0, 0.0, 1.0]], "bev": "bev_3904fb3c210b46d18016a3beb1be63d6.png", "aux": "aux_3904fb3c210b46d18016a3beb1be63d6.npz", "visibility": "visibility_3904fb3c210b46d18016a3beb1be63d6.png", "pose": [[-0.9999856948852539, 0.005353471264243126, 0.0, 1863.6759033203125], [-0.005353471264243126, -0.9999856948852539, 0.0, 785.49658203125], [0.0, 0.0, 1.0, 0.0], [0.0, 0.0, 0.0, 1.0]], "pose_inverse": [[-0.9999856948852539, -0.005353471264243126, 0.0, 1867.8543701171875], [0.005353471264243126, -0.9999856948852539, 0.0, 775.5081787109375], [0.0, 0.0, 1.0, 0.0], [0.0, 0.0, 0.0, 1.0]], "cam_ids": [0, 1, 2, 3, 4, 5], "cam_channels": ["CAM_FRONT_LEFT", "CAM_FRONT", "CAM_FRONT_RIGHT", "CAM_BACK_LEFT", "CAM_BACK", "CAM_BACK_RIGHT"], "token": "3904fb3c210b46d18016a3beb1be63d6", "scene": "scene-0167"}, {"images": ["samples/CAM_FRONT_LEFT/n008-2018-05-21-11-06-59-0400__CAM_FRONT_LEFT__1526915413504917.jpg", "samples/CAM_FRONT/n008-2018-05-21-11-06-59-0400__CAM_FRONT__1526915413512465.jpg", "samples/CAM_FRONT_RIGHT/n008-2018-05-21-11-06-59-0400__CAM_FRONT_RIGHT__1526915413519956.jpg", "samples/CAM_BACK_LEFT/n008-2018-05-21-11-06-59-0400__CAM_BACK_LEFT__1526915413547295.jpg", "samples/CAM_BACK/n008-2018-05-21-11-06-59-0400__CAM_BACK__1526915413537570.jpg", "samples/CAM_BACK_RIGHT/n008-2018-05-21-11-06-59-0400__CAM_BACK_RIGHT__1526915413527813.jpg"], "intrinsics": [[[1256.4720761102153, 0.0, 759.9201772536986], [0.0, 1256.472076110215, 418.2347543062189], [0.0, 0.0, 1.0]], [[1262.8093578767177, 0.0, 786.6784634591471], [0.0, 1262.8093578767177, 437.9890946201144], [0.0, 0.0, 1.0]], [[1264.1253743585607, 0.0, 761.8659236816043], [0.0, 1264.125374358561, 415.0768894058469], [0.0, 0.0, 1.0]], [[1258.2338510172276, 0.0, 742.9036438917772], [0.0, 1258.2338510172278, 422.93240569290015], [0.0, 0.0, 1.0]], [[798.1242652672415, 0.0, 679.0081140747895], [0.0, 798.1242652672414, 419.2474525237902], [0.0, 0.0, 1.0]], [[1259.4297629105833, 0.0, 752.9541347831612], [0.0, 1259.4297629105833, 429.46398926977497], [0.0, 0.0, 1.0]]], "extrinsics": [[[0.8094282746315002, -0.586942732334137, -0.018002483993768692, -0.718017578125], [-0.005063490476459265, 0.02367977984249592, -0.9997068047523499, 1.4964685440063477], [0.5871968865394592, 0.8092820644378662, 0.016195105388760567, -1.1015625], [0.0, 0.0, 0.0, 1.0]], [[-0.005067598074674606, -0.999815046787262, -0.018551992252469063, -0.02880859375], [-0.015422942116856575, 0.01862817071378231, -0.9997075796127319, 1.5082817077636719], [0.9998682141304016, -0.004779989365488291, -0.015514487400650978, -1.3863525390625], [0.0, 0.0, 0.0, 1.0]], [[-0.8112064003944397, -0.5847280621528625, -0.006101899780333042, 0.8125], [-0.010560325346887112, 0.02508215792477131, -0.9996296167373657, 1.4933632612228394], [0.584664523601532, -0.81084144115448, -0.026521727442741394, -1.23577880859375], [0.0, 0.0, 0.0, 1.0]], [[0.9454993605613708, 0.32532602548599243, -0.013921139761805534, -1.1556396484375], [-0.025069324299693108, 0.030100813135504723, -0.9992324709892273, 1.5959835052490234], [-0.32465726137161255, 0.9451226592063904, 0.0366160050034523, -0.0790557861328125], [0.0, 0.0, 0.0, 1.0]], [[0.0179277416318655, 0.9995629191398621, 0.023505162447690964, 0.007568359375], [-0.015862690284848213, 0.023790331557393074, -0.9995911121368408, 1.5382318496704102], [-0.9997134804725647, 0.01754755899310112, 0.01628226228058338, 0.0252685546875], [0.0, 0.0, 0.0, 1.0]], [[-0.9347370862960815, 0.3543146550655365, 0.02697448432445526, 0.9925537109375], [-0.02022363431751728, 0.022743085399270058, -0.9995368123054504, 1.5805034637451172], [-0.35476404428482056, -0.9348496198654175, -0.014093275181949139, -0.114501953125], [0.0, 0.0, 0.0, 1.0]]], "view": [[0.0, -2.0, 100.0], [-2.0, 0.0, 100.0], [0.0, 0.0, 1.0]], "bev": "bev_c621d7665f9341b2bcf131888fd48092.png", "aux": "aux_c621d7665f9341b2bcf131888fd48092.npz", "visibility": "visibility_c621d7665f9341b2bcf131888fd48092.png", "pose": [[-0.9999204277992249, 0.01261477917432785, 0.0, 1859.3050537109375], [-0.01261477917432785, -0.9999204277992249, 0.0, 785.45556640625], [0.0, 0.0, 1.0, 0.0], [0.0, 0.0, 0.0, 1.0]], "pose_inverse": [[-0.9999204277992249, -0.01261477917432785, 0.0, 1869.0654296875], [0.01261477917432785, -0.9999204277992249, 0.0, 761.9383544921875], [0.0, 0.0, 1.0, 0.0], [0.0, 0.0, 0.0, 1.0]], "cam_ids": [0, 1, 2, 3, 4, 5], "cam_channels": ["CAM_FRONT_LEFT", "CAM_FRONT", "CAM_FRONT_RIGHT", "CAM_BACK_LEFT", "CAM_BACK", "CAM_BACK_RIGHT"], "token": "c621d7665f9341b2bcf131888fd48092", "scene": "scene-0167"}, {"images": ["samples/CAM_FRONT_LEFT/n008-2018-05-21-11-06-59-0400__CAM_FRONT_LEFT__1526915414004917.jpg", "samples/CAM_FRONT/n008-2018-05-21-11-06-59-0400__CAM_FRONT__1526915414012465.jpg", "samples/CAM_FRONT_RIGHT/n008-2018-05-21-11-06-59-0400__CAM_FRONT_RIGHT__1526915414019956.jpg", "samples/CAM_BACK_LEFT/n008-2018-05-21-11-06-59-0400__CAM_BACK_LEFT__1526915414047295.jpg", "samples/CAM_BACK/n008-2018-05-21-11-06-59-0400__CAM_BACK__1526915414037570.jpg", "samples/CAM_BACK_RIGHT/n008-2018-05-21-11-06-59-0400__CAM_BACK_RIGHT__1526915414027813.jpg"], "intrinsics": [[[1256.4720761102153, 0.0, 759.9201772536986], [0.0, 1256.472076110215, 418.2347543062189], [0.0, 0.0, 1.0]], [[1262.8093578767177, 0.0, 786.6784634591471], [0.0, 1262.8093578767177, 437.9890946201144], [0.0, 0.0, 1.0]], [[1264.1253743585607, 0.0, 761.8659236816043], [0.0, 1264.125374358561, 415.0768894058469], [0.0, 0.0, 1.0]], [[1258.2338510172276, 0.0, 742.9036438917772], [0.0, 1258.2338510172278, 422.93240569290015], [0.0, 0.0, 1.0]], [[798.1242652672415, 0.0, 679.0081140747895], [0.0, 798.1242652672414, 419.2474525237902], [0.0, 0.0, 1.0]], [[1259.4297629105833, 0.0, 752.9541347831612], [0.0, 1259.4297629105833, 429.46398926977497], [0.0, 0.0, 1.0]]], "extrinsics": [[[0.8094610571861267, -0.5863991975784302, 0.03014606237411499, -0.717041015625], [0.03368426114320755, -0.0048814807087183, -0.9994206428527832, 1.5109443664550781], [0.5862064957618713, 0.8100074529647827, 0.01580105535686016, -1.0987548828125], [0.0, 0.0, 0.0, 1.0]], [[-0.004586712457239628, -0.9999379515647888, 0.010150155052542686, -0.0296630859375], [0.024187028408050537, -0.010258226655423641, -0.9996548295021057, 1.5204505920410156], [0.9996969103813171, -0.004339626058936119, 0.02423257939517498, -1.3828125], [0.0, 0.0, 0.0, 1.0]], [[-0.8105421662330627, -0.585271418094635, -0.021877696737647057, 0.80859375], [0.029747793450951576, -0.0038341027684509754, -0.9995501041412354, 1.5031471252441406], [0.5849241614341736, -0.8108283281326294, 0.020518237724900246, -1.232879638671875], [0.0, 0.0, 0.0, 1.0]], [[0.945583164691925, 0.3249644339084625, 0.01644824631512165, -1.1519775390625], [0.01646791771054268, 0.002690051682293415, -0.9998607635498047, 1.5959434509277344], [-0.32496345043182373, 0.9457224011421204, -0.002807819750159979, -0.08042144775390625], [0.0, 0.0, 0.0, 1.0]], [[0.017743296921253204, 0.9998350739479065, -0.0038623008877038956, 0.0076904296875], [0.025451866909861565, -0.004313325043767691, -0.9996667504310608, 1.5417900085449219], [-0.9995185136795044, 0.017639081925153732, -0.02552420273423195, 0.02099609375], [0.0, 0.0, 0.0, 1.0]], [[-0.9348495006561279, 0.35439690947532654, -0.02143014408648014, 0.988525390625], [0.020659644156694412, -0.005958100315183401, -0.999768853187561, 1.5875396728515625], [-0.35444265604019165, -0.935076117515564, -0.0017517870292067528, -0.1163330078125], [0.0, 0.0, 0.0, 1.0]]], "view": [[0.0, -2.0, 100.0], [-2.0, 0.0, 100.0], [0.0, 0.0, 1.0]], "bev": "bev_06426bdc30c44191ac58fb44b7b61314.png", "aux": "aux_06426bdc30c44191ac58fb44b7b61314.npz", "visibility": "visibility_06426bdc30c44191ac58fb44b7b61314.png", "pose": [[-0.9998869299888611, 0.01503604743629694, 0.0, 1854.94921875], [-0.01503604743629694, -0.9998869299888611, 0.0, 785.3720092773438], [0.0, 0.0, 1.0, 0.0], [0.0, 0.0, 0.0, 1.0]], "pose_inverse": [[-0.9998869299888611, -0.01503604743629694, 0.0, 1866.5484619140625], [0.01503604743629694, -0.9998869299888611, 0.0, 757.3921508789062], [0.0, 0.0, 1.0, 0.0], [0.0, 0.0, 0.0, 1.0]], "cam_ids": [0, 1, 2, 3, 4, 5], "cam_channels": ["CAM_FRONT_LEFT", "CAM_FRONT", "CAM_FRONT_RIGHT", "CAM_BACK_LEFT", "CAM_BACK", "CAM_BACK_RIGHT"], "token": "06426bdc30c44191ac58fb44b7b61314", "scene": "scene-0167"}, {"images": ["samples/CAM_FRONT_LEFT/n008-2018-05-21-11-06-59-0400__CAM_FRONT_LEFT__1526915414504917.jpg", "samples/CAM_FRONT/n008-2018-05-21-11-06-59-0400__CAM_FRONT__1526915414512465.jpg", "samples/CAM_FRONT_RIGHT/n008-2018-05-21-11-06-59-0400__CAM_FRONT_RIGHT__1526915414519956.jpg", "samples/CAM_BACK_LEFT/n008-2018-05-21-11-06-59-0400__CAM_BACK_LEFT__1526915414547295.jpg", "samples/CAM_BACK/n008-2018-05-21-11-06-59-0400__CAM_BACK__1526915414537570.jpg", "samples/CAM_BACK_RIGHT/n008-2018-05-21-11-06-59-0400__CAM_BACK_RIGHT__1526915414527813.jpg"], "intrinsics": [[[1256.4720761102153, 0.0, 759.9201772536986], [0.0, 1256.472076110215, 418.2347543062189], [0.0, 0.0, 1.0]], [[1262.8093578767177, 0.0, 786.6784634591471], [0.0, 1262.8093578767177, 437.9890946201144], [0.0, 0.0, 1.0]], [[1264.1253743585607, 0.0, 761.8659236816043], [0.0, 1264.125374358561, 415.0768894058469], [0.0, 0.0, 1.0]], [[1258.2338510172276, 0.0, 742.9036438917772], [0.0, 1258.2338510172278, 422.93240569290015], [0.0, 0.0, 1.0]], [[798.1242652672415, 0.0, 679.0081140747895], [0.0, 798.1242652672414, 419.2474525237902], [0.0, 0.0, 1.0]], [[1259.4297629105833, 0.0, 752.9541347831612], [0.0, 1259.4297629105833, 429.46398926977497], [0.0, 0.0, 1.0]]], "extrinsics": [[[0.8103663325309753, -0.5849645733833313, 0.033510223031044006, -0.7269287109375], [0.02220488339662552, -0.02649068273603916, -0.9994024634361267, 1.5063457489013672], [0.5855026841163635, 0.8106260895729065, -0.008478083647787571, -1.1092529296875], [0.0, 0.0, 0.0, 1.0]], [[-0.0036047548055648804, -0.9994854927062988, 0.03187234699726105, -0.02716064453125], [0.01398262195289135, -0.03191981837153435, -0.9993926286697388, 1.517157793045044], [0.9998957514762878, -0.0031569055281579494, 0.014090489596128464, -1.394775390625], [0.0, 0.0, 0.0, 1.0]], [[-0.810286819934845, -0.5860296487808228, -0.0021287270355969667, 0.818115234375], [0.02083473838865757, -0.025177091360092163, -0.999465823173523, 1.5007820129394531], [0.5856629610061646, -0.809898316860199, 0.032610438764095306, -1.23699951171875], [0.0, 0.0, 0.0, 1.0]], [[0.9456421136856079, 0.32515305280685425, 0.006046930328011513, -1.1531982421875], [0.012528752908110619, -0.017844587564468384, -0.999762237071991, 1.5959224700927734], [-0.3249678611755371, 0.9454929828643799, -0.02094835601747036, -0.079925537109375], [0.0, 0.0, 0.0, 1.0]], [[0.0174688920378685, 0.9995392560958862, -0.02482137270271778, 0.00665283203125], [0.019771985709667206, -0.025165649130940437, -0.9994877576828003, 1.541219711303711], [-0.9996519088745117, 0.01696917787194252, -0.02020249143242836, 0.0252685546875], [0.0, 0.0, 0.0, 1.0]], [[-0.9351657629013062, 0.35353392362594604, -0.021878719329833984, 0.99462890625], [0.013157340697944164, -0.027054037898778915, -0.9995474219322205, 1.5861625671386719], [-0.3539658188819885, -0.935030460357666, 0.020648444071412086, -0.112060546875], [0.0, 0.0, 0.0, 1.0]]], "view": [[0.0, -2.0, 100.0], [-2.0, 0.0, 100.0], [0.0, 0.0, 1.0]], "bev": "bev_0691ac22e9bf4306be1a2b338aeba949.png", "aux": "aux_0691ac22e9bf4306be1a2b338aeba949.npz", "visibility": "visibility_0691ac22e9bf4306be1a2b338aeba949.png", "pose": [[-0.9998132586479187, 0.019325016066432, 0.0, 1850.6009521484375], [-0.019325016066432, -0.9998132586479187, 0.0, 785.2861938476562], [0.0, 0.0, 1.0, 0.0], [0.0, 0.0, 0.0, 1.0]], "pose_inverse": [[-0.9998132586479187, -0.019325016066432, 0.0, 1865.4310302734375], [0.019325016066432, -0.9998132586479187, 0.0, 749.3766479492188], [0.0, 0.0, 1.0, 0.0], [0.0, 0.0, 0.0, 1.0]], "cam_ids": [0, 1, 2, 3, 4, 5], "cam_channels": ["CAM_FRONT_LEFT", "CAM_FRONT", "CAM_FRONT_RIGHT", "CAM_BACK_LEFT", "CAM_BACK", "CAM_BACK_RIGHT"], "token": "0691ac22e9bf4306be1a2b338aeba949", "scene": "scene-0167"}, {"images": ["samples/CAM_FRONT_LEFT/n008-2018-05-21-11-06-59-0400__CAM_FRONT_LEFT__1526915415004917.jpg", "samples/CAM_FRONT/n008-2018-05-21-11-06-59-0400__CAM_FRONT__1526915415012465.jpg", "samples/CAM_FRONT_RIGHT/n008-2018-05-21-11-06-59-0400__CAM_FRONT_RIGHT__1526915415019956.jpg", "samples/CAM_BACK_LEFT/n008-2018-05-21-11-06-59-0400__CAM_BACK_LEFT__1526915415047295.jpg", "samples/CAM_BACK/n008-2018-05-21-11-06-59-0400__CAM_BACK__1526915415037570.jpg", "samples/CAM_BACK_RIGHT/n008-2018-05-21-11-06-59-0400__CAM_BACK_RIGHT__1526915415027813.jpg"], "intrinsics": [[[1256.4720761102153, 0.0, 759.9201772536986], [0.0, 1256.472076110215, 418.2347543062189], [0.0, 0.0, 1.0]], [[1262.8093578767177, 0.0, 786.6784634591471], [0.0, 1262.8093578767177, 437.9890946201144], [0.0, 0.0, 1.0]], [[1264.1253743585607, 0.0, 761.8659236816043], [0.0, 1264.125374358561, 415.0768894058469], [0.0, 0.0, 1.0]], [[1258.2338510172276, 0.0, 742.9036438917772], [0.0, 1258.2338510172278, 422.93240569290015], [0.0, 0.0, 1.0]], [[798.1242652672415, 0.0, 679.0081140747895], [0.0, 798.1242652672414, 419.2474525237902], [0.0, 0.0, 1.0]], [[1259.4297629105833, 0.0, 752.9541347831612], [0.0, 1259.4297629105833, 429.46398926977497], [0.0, 0.0, 1.0]]], "extrinsics": [[[0.8096278309822083, -0.586645245552063, 0.0187063068151474, -0.7142333984375], [0.022154487669467926, -0.0013036937452852726, -0.9997537136077881, 1.5067138671875], [0.5865252017974854, 0.8098428249359131, 0.011941323056817055, -1.0965576171875], [0.0, 0.0, 0.0, 1.0]], [[-0.0045860279351472855, -0.9999721050262451, 0.0058983671478927135, -0.029541015625], [0.011949149891734123, -0.005952806212007999, -0.9999109506607056, 1.5166893005371094], [0.9999180436134338, -0.004515139386057854, 0.011976117268204689, -1.381103515625], [0.0, 0.0, 0.0, 1.0]], [[-0.8107746243476868, -0.5851843357086182, -0.014276158064603806, 0.80908203125], [0.016944531351327896, 0.0009157906170003116, -0.9998559951782227, 1.5000114440917969], [0.5851131677627563, -0.8108996748924255, 0.009173174388706684, -1.232818603515625], [0.0, 0.0, 0.0, 1.0]], [[0.945756733417511, 0.3248380124568939, 0.00494937552139163, -1.154052734375], [0.0024459571577608585, 0.008114559575915337, -0.9999640583992004, 1.5959205627441406], [-0.32486653327941895, 0.9457347989082336, 0.006879860069602728, -0.0795745849609375], [0.0, 0.0, 0.0, 1.0]], [[0.017727617174386978, 0.9998422861099243, 0.001033815904520452, 0.0074462890625], [0.011788046918809414, 0.0008248998201452196, -0.999930202960968, 1.5405769348144531], [-0.9997733235359192, 0.017738567665219307, -0.011771565303206444, 0.0225830078125], [0.0, 0.0, 0.0, 1.0]], [[-0.9350399971008301, 0.35446807742118835, -0.007247559726238251, 0.989013671875], [0.007384483702480793, -0.0009664352401159704, -0.9999722838401794, 1.5852222442626953], [-0.3544652462005615, -0.9350675940513611, -0.0017139085102826357, -0.11572265625], [0.0, 0.0, 0.0, 1.0]]], "view": [[0.0, -2.0, 100.0], [-2.0, 0.0, 100.0], [0.0, 0.0, 1.0]], "bev": "bev_698a1db7f53e4b81a2d99658dbc4e790.png", "aux": "aux_698a1db7f53e4b81a2d99658dbc4e790.npz", "visibility": "visibility_698a1db7f53e4b81a2d99658dbc4e790.png", "pose": [[-0.99976646900177, 0.0216093510389328, 0.0, 1846.2279052734375], [-0.0216093510389328, -0.99976646900177, 0.0, 785.1797485351562], [0.0, 0.0, 1.0, 0.0], [0.0, 0.0, 0.0, 1.0]], "pose_inverse": [[-0.99976646900177, -0.0216093510389328, 0.0, 1862.7640380859375], [0.0216093510389328, -0.99976646900177, 0.0, 745.1005859375], [0.0, 0.0, 1.0, 0.0], [0.0, 0.0, 0.0, 1.0]], "cam_ids": [0, 1, 2, 3, 4, 5], "cam_channels": ["CAM_FRONT_LEFT", "CAM_FRONT", "CAM_FRONT_RIGHT", "CAM_BACK_LEFT", "CAM_BACK", "CAM_BACK_RIGHT"], "token": "698a1db7f53e4b81a2d99658dbc4e790", "scene": "scene-0167"}, {"images": ["samples/CAM_FRONT_LEFT/n008-2018-05-21-11-06-59-0400__CAM_FRONT_LEFT__1526915415504917.jpg", "samples/CAM_FRONT/n008-2018-05-21-11-06-59-0400__CAM_FRONT__1526915415512465.jpg", "samples/CAM_FRONT_RIGHT/n008-2018-05-21-11-06-59-0400__CAM_FRONT_RIGHT__1526915415519956.jpg", "samples/CAM_BACK_LEFT/n008-2018-05-21-11-06-59-0400__CAM_BACK_LEFT__1526915415547295.jpg", "samples/CAM_BACK/n008-2018-05-21-11-06-59-0400__CAM_BACK__1526915415537570.jpg", "samples/CAM_BACK_RIGHT/n008-2018-05-21-11-06-59-0400__CAM_BACK_RIGHT__1526915415527813.jpg"], "intrinsics": [[[1256.4720761102153, 0.0, 759.9201772536986], [0.0, 1256.472076110215, 418.2347543062189], [0.0, 0.0, 1.0]], [[1262.8093578767177, 0.0, 786.6784634591471], [0.0, 1262.8093578767177, 437.9890946201144], [0.0, 0.0, 1.0]], [[1264.1253743585607, 0.0, 761.8659236816043], [0.0, 1264.125374358561, 415.0768894058469], [0.0, 0.0, 1.0]], [[1258.2338510172276, 0.0, 742.9036438917772], [0.0, 1258.2338510172278, 422.93240569290015], [0.0, 0.0, 1.0]], [[798.1242652672415, 0.0, 679.0081140747895], [0.0, 798.1242652672414, 419.2474525237902], [0.0, 0.0, 1.0]], [[1259.4297629105833, 0.0, 752.9541347831612], [0.0, 1259.4297629105833, 429.46398926977497], [0.0, 0.0, 1.0]]], "extrinsics": [[[0.8103840351104736, -0.5857213139533997, 0.014424479566514492, -0.6995849609375], [0.020171644166111946, 0.003287078347057104, -0.999791145324707, 1.5062942504882812], [0.5855516195297241, 0.810505747795105, 0.014478758908808231, -1.0885009765625], [0.0, 0.0, 0.0, 1.0]], [[-0.0037475950084626675, -0.9999914169311523, 0.0017713492270559072, -0.0284423828125], [0.009859302081167698, -0.0018082245951518416, -0.9999497532844543, 1.5161781311035156], [0.9999443888664246, -0.003729940624907613, 0.009865994565188885, -1.3677978515625], [0.0, 0.0, 0.0, 1.0]], [[-0.8105559349060059, -0.5854781866073608, -0.014638759195804596, 0.8009033203125], [0.01465593185275793, 0.00470994645729661, -0.9998815059661865, 1.4996013641357422], [0.5854778289794922, -0.8106744289398193, 0.004763054195791483, -1.226470947265625], [0.0, 0.0, 0.0, 1.0]], [[0.9457455277442932, 0.3248976171016693, 0.002592931967228651, -1.150146484375], [-0.0006208294653333724, 0.00978755671530962, -0.9999518990516663, 1.5959210395812988], [-0.3249073624610901, 0.9456985592842102, 0.00945824570953846, -0.080810546875], [0.0, 0.0, 0.0, 1.0]], [[0.017583196982741356, 0.9998384118080139, 0.003720322623848915, 0.007568359375], [0.008971710689365864, 0.00356297311373055, -0.9999534487724304, 1.540384292602539], [-0.9998051524162292, 0.017615757882595062, -0.008907614275813103, 0.0164794921875], [0.0, 0.0, 0.0, 1.0]], [[-0.9351553916931152, 0.35421836376190186, -0.0036992414388805628, 0.9810791015625], [0.004889533855021, 0.0024653945583850145, -0.9999850392341614, 1.5848283767700195], [-0.3542039096355438, -0.9351595044136047, -0.004037489648908377, -0.1185302734375], [0.0, 0.0, 0.0, 1.0]]], "view": [[0.0, -2.0, 100.0], [-2.0, 0.0, 100.0], [0.0, 0.0, 1.0]], "bev": "bev_dc1364d1185c4c1686ef459e8ac1f4e8.png", "aux": "aux_dc1364d1185c4c1686ef459e8ac1f4e8.npz", "visibility": "visibility_dc1364d1185c4c1686ef459e8ac1f4e8.png", "pose": [[-0.9998515248298645, 0.01723104529082775, 0.0, 1841.7254638671875], [-0.01723104529082775, -0.9998515248298645, 0.0, 785.0794067382812], [0.0, 0.0, 1.0, 0.0], [0.0, 0.0, 0.0, 1.0]], "pose_inverse": [[-0.9998515248298645, -0.01723104529082775, 0.0, 1854.979736328125], [0.01723104529082775, -0.9998515248298645, 0.0, 753.2279663085938], [0.0, 0.0, 1.0, 0.0], [0.0, 0.0, 0.0, 1.0]], "cam_ids": [0, 1, 2, 3, 4, 5], "cam_channels": ["CAM_FRONT_LEFT", "CAM_FRONT", "CAM_FRONT_RIGHT", "CAM_BACK_LEFT", "CAM_BACK", "CAM_BACK_RIGHT"], "token": "dc1364d1185c4c1686ef459e8ac1f4e8", "scene": "scene-0167"}, {"images": ["samples/CAM_FRONT_LEFT/n008-2018-05-21-11-06-59-0400__CAM_FRONT_LEFT__1526915416004917.jpg", "samples/CAM_FRONT/n008-2018-05-21-11-06-59-0400__CAM_FRONT__1526915416012465.jpg", "samples/CAM_FRONT_RIGHT/n008-2018-05-21-11-06-59-0400__CAM_FRONT_RIGHT__1526915416019956.jpg", "samples/CAM_BACK_LEFT/n008-2018-05-21-11-06-59-0400__CAM_BACK_LEFT__1526915416047295.jpg", "samples/CAM_BACK/n008-2018-05-21-11-06-59-0400__CAM_BACK__1526915416037570.jpg", "samples/CAM_BACK_RIGHT/n008-2018-05-21-11-06-59-0400__CAM_BACK_RIGHT__1526915416027813.jpg"], "intrinsics": [[[1256.4720761102153, 0.0, 759.9201772536986], [0.0, 1256.472076110215, 418.2347543062189], [0.0, 0.0, 1.0]], [[1262.8093578767177, 0.0, 786.6784634591471], [0.0, 1262.8093578767177, 437.9890946201144], [0.0, 0.0, 1.0]], [[1264.1253743585607, 0.0, 761.8659236816043], [0.0, 1264.125374358561, 415.0768894058469], [0.0, 0.0, 1.0]], [[1258.2338510172276, 0.0, 742.9036438917772], [0.0, 1258.2338510172278, 422.93240569290015], [0.0, 0.0, 1.0]], [[798.1242652672415, 0.0, 679.0081140747895], [0.0, 798.1242652672414, 419.2474525237902], [0.0, 0.0, 1.0]], [[1259.4297629105833, 0.0, 752.9541347831612], [0.0, 1259.4297629105833, 429.46398926977497], [0.0, 0.0, 1.0]]], "extrinsics": [[[0.8100965619087219, -0.5862617492675781, -0.00637474562972784, -0.690185546875], [-0.001945954980328679, 0.008184248581528664, -0.9999646544456482, 1.4975738525390625], [0.5862932205200195, 0.810080349445343, 0.0054891943000257015, -1.0799560546875], [0.0, 0.0, 0.0, 1.0]], [[-0.004298408515751362, -0.9999868869781494, -0.002804587595164776, -0.02972412109375], [-0.011498439125716686, 0.00285385362803936, -0.9999298453330994, 1.5091285705566406], [0.9999246597290039, -0.004265857394784689, -0.011510551907122135, -1.355712890625], [0.0, 0.0, 0.0, 1.0]], [[-0.8109657168388367, -0.5850934982299805, -0.00050139962695539, 0.791259765625], [-0.005837395321577787, 0.008947798050940037, -0.9999428987503052, 1.4943292140960693], [0.5850645303726196, -0.8109164237976074, -0.01067177951335907, -1.22076416015625], [0.0, 0.0, 0.0, 1.0]], [[0.9456393718719482, 0.32498621940612793, -0.012255756184458733, -1.146484375], [-0.017242886126041412, 0.012469983659684658, -0.9997735619544983, 1.595794677734375], [-0.324759840965271, 0.9456365704536438, 0.017395807430148125, -0.08217620849609375], [0.0, 0.0, 0.0, 1.0]], [[0.01777861826121807, 0.9998202323913574, 0.006582967936992645, 0.00811767578125], [-0.009197781793773174, 0.006747276522219181, -0.99993497133255, 1.5386428833007812], [-0.9997996091842651, 0.017716916278004646, 0.00931608583778143, 0.0096435546875], [0.0, 0.0, 0.0, 1.0]], [[-0.9349353313446045, 0.35446155071258545, 0.015902645885944366, 0.972900390625], [-0.014646774157881737, 0.006225910037755966, -0.9998733997344971, 1.5811386108398438], [-0.3545156717300415, -0.9350498914718628, -0.0006291054887697101, -0.1224365234375], [0.0, 0.0, 0.0, 1.0]]], "view": [[0.0, -2.0, 100.0], [-2.0, 0.0, 100.0], [0.0, 0.0, 1.0]], "bev": "bev_764aca3589a54cf0ab1b6b821ede934f.png", "aux": "aux_764aca3589a54cf0ab1b6b821ede934f.npz", "visibility": "visibility_764aca3589a54cf0ab1b6b821ede934f.png", "pose": [[-0.9999313354492188, 0.01171859074383974, 0.0, 1837.0859375], [-0.01171859074383974, -0.9999313354492188, 0.0, 784.9966430664062], [0.0, 0.0, 1.0, 0.0], [0.0, 0.0, 0.0, 1.0]], "pose_inverse": [[-0.9999313354492188, -0.01171859074383974, 0.0, 1846.1588134765625], [0.01171859074383974, -0.9999313354492188, 0.0, 763.4146728515625], [0.0, 0.0, 1.0, 0.0], [0.0, 0.0, 0.0, 1.0]], "cam_ids": [0, 1, 2, 3, 4, 5], "cam_channels": ["CAM_FRONT_LEFT", "CAM_FRONT", "CAM_FRONT_RIGHT", "CAM_BACK_LEFT", "CAM_BACK", "CAM_BACK_RIGHT"], "token": "764aca3589a54cf0ab1b6b821ede934f", "scene": "scene-0167"}, {"images": ["samples/CAM_FRONT_LEFT/n008-2018-05-21-11-06-59-0400__CAM_FRONT_LEFT__1526915416504917.jpg", "samples/CAM_FRONT/n008-2018-05-21-11-06-59-0400__CAM_FRONT__1526915416512465.jpg", "samples/CAM_FRONT_RIGHT/n008-2018-05-21-11-06-59-0400__CAM_FRONT_RIGHT__1526915416519956.jpg", "samples/CAM_BACK_LEFT/n008-2018-05-21-11-06-59-0400__CAM_BACK_LEFT__1526915416547295.jpg", "samples/CAM_BACK/n008-2018-05-21-11-06-59-0400__CAM_BACK__1526915416537570.jpg", "samples/CAM_BACK_RIGHT/n008-2018-05-21-11-06-59-0400__CAM_BACK_RIGHT__1526915416527813.jpg"], "intrinsics": [[[1256.4720761102153, 0.0, 759.9201772536986], [0.0, 1256.472076110215, 418.2347543062189], [0.0, 0.0, 1.0]], [[1262.8093578767177, 0.0, 786.6784634591471], [0.0, 1262.8093578767177, 437.9890946201144], [0.0, 0.0, 1.0]], [[1264.1253743585607, 0.0, 761.8659236816043], [0.0, 1264.125374358561, 415.0768894058469], [0.0, 0.0, 1.0]], [[1258.2338510172276, 0.0, 742.9036438917772], [0.0, 1258.2338510172278, 422.93240569290015], [0.0, 0.0, 1.0]], [[798.1242652672415, 0.0, 679.0081140747895], [0.0, 798.1242652672414, 419.2474525237902], [0.0, 0.0, 1.0]], [[1259.4297629105833, 0.0, 752.9541347831612], [0.0, 1259.4297629105833, 429.46398926977497], [0.0, 0.0, 1.0]]], "extrinsics": [[[0.8098799586296082, -0.5864951014518738, 0.010864089243113995, -0.671630859375], [0.02324661798775196, 0.013583775609731674, -0.9996374845504761, 1.5082931518554688], [0.5861349105834961, 0.8098388314247131, 0.024635253474116325, -1.0693359375], [0.0, 0.0, 0.0, 1.0]], [[-0.0040277279913425446, -0.9999551773071289, -0.008570506237447262, -0.02740478515625], [0.013191311620175838, 0.008516701869666576, -0.9998767375946045, 1.5176525115966797], [0.9999049305915833, -0.004140287637710571, 0.013156416825950146, -1.3377685546875], [0.0, 0.0, 0.0, 1.0]], [[-0.8103643655776978, -0.5854478478431702, -0.023674333468079567, 0.78076171875], [0.018323246389627457, 0.015063967555761337, -0.9997186660766602, 1.5009956359863281], [0.5856397747993469, -0.8105700612068176, -0.0014799971831962466, -1.2098388671875], [0.0, 0.0, 0.0, 1.0]], [[0.9457283616065979, 0.32478585839271545, 0.010584582574665546, -1.14697265625], [0.004206771031022072, 0.02033289708197117, -0.9997844099998474, 1.5959491729736328], [-0.3249310553073883, 0.9455689787864685, 0.01786309853196144, -0.082122802734375], [0.0, 0.0, 0.0, 1.0]], [[0.017472216859459877, 0.9997456669807434, 0.01425609365105629, 0.00701904296875], [0.013409766368567944, 0.014022678136825562, -0.9998118281364441, 1.5409393310546875], [-0.9997574090957642, 0.017660098150372505, -0.013161348178982735, 0.005126953125], [0.0, 0.0, 0.0, 1.0]], [[-0.9352015852928162, 0.3540955185890198, -0.0037793333176523447, 0.9622802734375], [0.008904514834284782, 0.012845815159380436, -0.9998778700828552, 1.5857257843017578], [-0.35400375723838806, -0.9351209998130798, -0.01516647543758154, -0.124267578125], [0.0, 0.0, 0.0, 1.0]]], "view": [[0.0, -2.0, 100.0], [-2.0, 0.0, 100.0], [0.0, 0.0, 1.0]], "bev": "bev_dcfbdb77b49c4bd88502aff662d2917d.png", "aux": "aux_dcfbdb77b49c4bd88502aff662d2917d.npz", "visibility": "visibility_dcfbdb77b49c4bd88502aff662d2917d.png", "pose": [[-0.9999740123748779, 0.007211792282760143, 0.0, 1832.197021484375], [-0.007211792282760143, -0.9999740123748779, 0.0, 784.9359130859375], [0.0, 0.0, 1.0, 0.0], [0.0, 0.0, 0.0, 1.0]], "pose_inverse": [[-0.9999740123748779, -0.007211792282760143, 0.0, 1837.8101806640625], [0.007211792282760143, -0.9999740123748779, 0.0, 771.7020874023438], [0.0, 0.0, 1.0, 0.0], [0.0, 0.0, 0.0, 1.0]], "cam_ids": [0, 1, 2, 3, 4, 5], "cam_channels": ["CAM_FRONT_LEFT", "CAM_FRONT", "CAM_FRONT_RIGHT", "CAM_BACK_LEFT", "CAM_BACK", "CAM_BACK_RIGHT"], "token": "dcfbdb77b49c4bd88502aff662d2917d", "scene": "scene-0167"}, {"images": ["samples/CAM_FRONT_LEFT/n008-2018-05-21-11-06-59-0400__CAM_FRONT_LEFT__1526915417004917.jpg", "samples/CAM_FRONT/n008-2018-05-21-11-06-59-0400__CAM_FRONT__1526915417012465.jpg", "samples/CAM_FRONT_RIGHT/n008-2018-05-21-11-06-59-0400__CAM_FRONT_RIGHT__1526915417019956.jpg", "samples/CAM_BACK_LEFT/n008-2018-05-21-11-06-59-0400__CAM_BACK_LEFT__1526915417047295.jpg", "samples/CAM_BACK/n008-2018-05-21-11-06-59-0400__CAM_BACK__1526915417037570.jpg", "samples/CAM_BACK_RIGHT/n008-2018-05-21-11-06-59-0400__CAM_BACK_RIGHT__1526915417027813.jpg"], "intrinsics": [[[1256.4720761102153, 0.0, 759.9201772536986], [0.0, 1256.472076110215, 418.2347543062189], [0.0, 0.0, 1.0]], [[1262.8093578767177, 0.0, 786.6784634591471], [0.0, 1262.8093578767177, 437.9890946201144], [0.0, 0.0, 1.0]], [[1264.1253743585607, 0.0, 761.8659236816043], [0.0, 1264.125374358561, 415.0768894058469], [0.0, 0.0, 1.0]], [[1258.2338510172276, 0.0, 742.9036438917772], [0.0, 1258.2338510172278, 422.93240569290015], [0.0, 0.0, 1.0]], [[798.1242652672415, 0.0, 679.0081140747895], [0.0, 798.1242652672414, 419.2474525237902], [0.0, 0.0, 1.0]], [[1259.4297629105833, 0.0, 752.9541347831612], [0.0, 1259.4297629105833, 429.46398926977497], [0.0, 0.0, 1.0]]], "extrinsics": [[[0.8095688819885254, -0.5869925022125244, -0.006160208489745855, -0.679931640625], [0.0027975859120488167, 0.01435178518295288, -0.9998931288719177, 1.4995441436767578], [0.5870181918144226, 0.8094651103019714, 0.013260921463370323, -1.0723876953125], [0.0, 0.0, 0.0, 1.0]], [[-0.005117952823638916, -0.9999441504478455, -0.00924947950989008, -0.02978515625], [-0.007167628966271877, 0.009286046028137207, -0.9999312162399292, 1.5105271339416504], [0.9999611973762512, -0.005051303654909134, -0.007214753422886133, -1.346923828125], [0.0, 0.0, 0.0, 1.0]], [[-0.8113857507705688, -0.5844614505767822, -0.0076143075712025166, 0.7872314453125], [-0.0019759051501750946, 0.01576933264732361, -0.999873697757721, 1.4953546524047852], [0.5845077037811279, -0.8112682104110718, -0.013949851505458355, -1.2178955078125], [0.0, 0.0, 0.0, 1.0]], [[0.945662796497345, 0.3250330984592438, -0.00866986345499754, -1.148193359375], [-0.01617245003581047, 0.020387956872582436, -0.9996613264083862, 1.5958404541015625], [-0.3247462511062622, 0.9454829096794128, 0.02453671582043171, -0.08148193359375], [0.0, 0.0, 0.0, 1.0]], [[0.018032997846603394, 0.9997357130050659, 0.014255226589739323, 0.0079345703125], [-0.006893654353916645, 0.014381526969373226, -0.9998728036880493, 1.5388747453689575], [-0.9998136162757874, 0.017932435497641563, 0.007151175756007433, 0.0096435546875], [0.0, 0.0, 0.0, 1.0]], [[-0.9347978830337524, 0.35484549403190613, 0.01541281770914793, 0.9703369140625], [-0.011373202316462994, 0.013467210344970226, -0.9998446702957153, 1.5817365646362305], [-0.3549979329109192, -0.9348279237747192, -0.008553389459848404, -0.1234130859375], [0.0, 0.0, 0.0, 1.0]]], "view": [[0.0, -2.0, 100.0], [-2.0, 0.0, 100.0], [0.0, 0.0, 1.0]], "bev": "bev_c49beb5994a247c4874d803031d7babc.png", "aux": "aux_c49beb5994a247c4874d803031d7babc.npz", "visibility": "visibility_c49beb5994a247c4874d803031d7babc.png", "pose": [[-0.9999924898147583, 0.003875565715134144, 0.0, 1827.288330078125], [-0.003875565715134144, -0.9999924898147583, 0.0, 784.9088745117188], [0.0, 0.0, 1.0, 0.0], [0.0, 0.0, 0.0, 1.0]], "pose_inverse": [[-0.9999924898147583, -0.003875565715134144, 0.0, 1830.3165283203125], [0.003875565715134144, -0.9999924898147583, 0.0, 777.8212280273438], [0.0, 0.0, 1.0, 0.0], [0.0, 0.0, 0.0, 1.0]], "cam_ids": [0, 1, 2, 3, 4, 5], "cam_channels": ["CAM_FRONT_LEFT", "CAM_FRONT", "CAM_FRONT_RIGHT", "CAM_BACK_LEFT", "CAM_BACK", "CAM_BACK_RIGHT"], "token": "c49beb5994a247c4874d803031d7babc", "scene": "scene-0167"}, {"images": ["samples/CAM_FRONT_LEFT/n008-2018-05-21-11-06-59-0400__CAM_FRONT_LEFT__1526915417504917.jpg", "samples/CAM_FRONT/n008-2018-05-21-11-06-59-0400__CAM_FRONT__1526915417512465.jpg", "samples/CAM_FRONT_RIGHT/n008-2018-05-21-11-06-59-0400__CAM_FRONT_RIGHT__1526915417519956.jpg", "samples/CAM_BACK_LEFT/n008-2018-05-21-11-06-59-0400__CAM_BACK_LEFT__1526915417547295.jpg", "samples/CAM_BACK/n008-2018-05-21-11-06-59-0400__CAM_BACK__1526915417537570.jpg", "samples/CAM_BACK_RIGHT/n008-2018-05-21-11-06-59-0400__CAM_BACK_RIGHT__1526915417527813.jpg"], "intrinsics": [[[1256.4720761102153, 0.0, 759.9201772536986], [0.0, 1256.472076110215, 418.2347543062189], [0.0, 0.0, 1.0]], [[1262.8093578767177, 0.0, 786.6784634591471], [0.0, 1262.8093578767177, 437.9890946201144], [0.0, 0.0, 1.0]], [[1264.1253743585607, 0.0, 761.8659236816043], [0.0, 1264.125374358561, 415.0768894058469], [0.0, 0.0, 1.0]], [[1258.2338510172276, 0.0, 742.9036438917772], [0.0, 1258.2338510172278, 422.93240569290015], [0.0, 0.0, 1.0]], [[798.1242652672415, 0.0, 679.0081140747895], [0.0, 798.1242652672414, 419.2474525237902], [0.0, 0.0, 1.0]], [[1259.4297629105833, 0.0, 752.9541347831612], [0.0, 1259.4297629105833, 429.46398926977497], [0.0, 0.0, 1.0]]], "extrinsics": [[[0.8090027570724487, -0.5874557495117188, 0.02025679685175419, -0.65533447265625], [0.039492301642894745, 0.01993752084672451, -0.9990209937095642, 1.5159149169921875], [0.5864768028259277, 0.8090106248855591, 0.03932948783040047, -1.0606689453125], [0.0, 0.0, 0.0, 1.0]], [[-0.004762052092701197, -0.9998614192008972, -0.015948882326483727, -0.025390625], [0.030108993873000145, 0.01579846814274788, -0.9994217753410339, 1.5240097045898438], [0.9995352625846863, -0.005239503458142281, 0.03002958931028843, -1.3243408203125], [0.0, 0.0, 0.0, 1.0]], [[-0.8102710843086243, -0.5845146775245667, -0.04246620088815689, 0.774658203125], [0.03569014370441437, 0.023111658170819283, -0.999095618724823, 1.506134033203125], [0.5849675536155701, -0.8110538721084595, 0.0021347063593566418, -1.20355224609375], [0.0, 0.0, 0.0, 1.0]], [[0.9454493522644043, 0.32429102063179016, 0.03099513240158558, -1.149169921875], [0.02233990654349327, 0.030379606410861015, -0.9992887377738953, 1.5960159301757812], [-0.325001984834671, 0.945469319820404, 0.021477749571204185, -0.081451416015625], [0.0, 0.0, 0.0, 1.0]], [[0.01764703541994095, 0.9995535612106323, 0.024105923250317574, 0.0064697265625], [0.031456198543310165, 0.02354271151125431, -0.9992278814315796, 1.5428466796875], [-0.9993493556976318, 0.0183916874229908, -0.031026698648929596, 0.0035400390625], [0.0, 0.0, 0.0, 1.0]], [[-0.9347769021987915, 0.35481685400009155, -0.01723877713084221, 0.9569091796875], [0.026639647781848907, 0.02162664756178856, -0.9994111657142639, 1.58941650390625], [-0.35423511266708374, -0.9346856474876404, -0.029668286442756653, -0.125], [0.0, 0.0, 0.0, 1.0]]], "view": [[0.0, -2.0, 100.0], [-2.0, 0.0, 100.0], [0.0, 0.0, 1.0]], "bev": "bev_948b883cabac47b5b91ea1a4a73b3a60.png", "aux": "aux_948b883cabac47b5b91ea1a4a73b3a60.npz", "visibility": "visibility_948b883cabac47b5b91ea1a4a73b3a60.png", "pose": [[-0.9999985694885254, 0.0016832508845254779, 0.0, 1822.1497802734375], [-0.0016832508845254779, -0.9999985694885254, 0.0, 784.9262084960938], [0.0, 0.0, 1.0, 0.0], [0.0, 0.0, 0.0, 1.0]], "pose_inverse": [[-0.9999985694885254, -0.0016832508845254779, 0.0, 1823.4683837890625], [0.0016832508845254779, -0.9999985694885254, 0.0, 781.8579711914062], [0.0, 0.0, 1.0, 0.0], [0.0, 0.0, 0.0, 1.0]], "cam_ids": [0, 1, 2, 3, 4, 5], "cam_channels": ["CAM_FRONT_LEFT", "CAM_FRONT", "CAM_FRONT_RIGHT", "CAM_BACK_LEFT", "CAM_BACK", "CAM_BACK_RIGHT"], "token": "948b883cabac47b5b91ea1a4a73b3a60", "scene": "scene-0167"}, {"images": ["samples/CAM_FRONT_LEFT/n008-2018-05-21-11-06-59-0400__CAM_FRONT_LEFT__1526915418004917.jpg", "samples/CAM_FRONT/n008-2018-05-21-11-06-59-0400__CAM_FRONT__1526915418012465.jpg", "samples/CAM_FRONT_RIGHT/n008-2018-05-21-11-06-59-0400__CAM_FRONT_RIGHT__1526915418019956.jpg", "samples/CAM_BACK_LEFT/n008-2018-05-21-11-06-59-0400__CAM_BACK_LEFT__1526915418047295.jpg", "samples/CAM_BACK/n008-2018-05-21-11-06-59-0400__CAM_BACK__1526915418037570.jpg", "samples/CAM_BACK_RIGHT/n008-2018-05-21-11-06-59-0400__CAM_BACK_RIGHT__1526915418027813.jpg"], "intrinsics": [[[1256.4720761102153, 0.0, 759.9201772536986], [0.0, 1256.472076110215, 418.2347543062189], [0.0, 0.0, 1.0]], [[1262.8093578767177, 0.0, 786.6784634591471], [0.0, 1262.8093578767177, 437.9890946201144], [0.0, 0.0, 1.0]], [[1264.1253743585607, 0.0, 761.8659236816043], [0.0, 1264.125374358561, 415.0768894058469], [0.0, 0.0, 1.0]], [[1258.2338510172276, 0.0, 742.9036438917772], [0.0, 1258.2338510172278, 422.93240569290015], [0.0, 0.0, 1.0]], [[798.1242652672415, 0.0, 679.0081140747895], [0.0, 798.1242652672414, 419.2474525237902], [0.0, 0.0, 1.0]], [[1259.4297629105833, 0.0, 752.9541347831612], [0.0, 1259.4297629105833, 429.46398926977497], [0.0, 0.0, 1.0]]], "extrinsics": [[[0.8097327351570129, -0.5867726802825928, 0.005540375132113695, -0.65655517578125], [0.01615176349878311, 0.012848956510424614, -0.9997870326042175, 1.5055427551269531], [0.5865764617919922, 0.8096497654914856, 0.019881634041666985, -1.05908203125], [0.0, 0.0, 0.0, 1.0]], [[-0.004822306334972382, -0.9999580383300781, -0.00778778363019228, -0.028076171875], [0.006684726104140282, 0.007755465339869261, -0.9999476075172424, 1.5154495239257812], [0.9999660849571228, -0.004874113015830517, 0.006647046189755201, -1.32275390625], [0.0, 0.0, 0.0, 1.0]], [[-0.8111507892608643, -0.5845488905906677, -0.01835545524954796, 0.769775390625], [0.012358126230537891, 0.014246687293052673, -0.9998221397399902, 1.4994926452636719], [0.5847064852714539, -0.8112332820892334, -0.004332284443080425, -1.2044677734375], [0.0, 0.0, 0.0, 1.0]], [[0.9457515478134155, 0.32482045888900757, 0.006761835888028145, -1.1451416015625], [0.0004809909441974014, 0.01941276714205742, -0.9998114705085754, 1.595926284790039], [-0.32489049434661865, 0.9455764293670654, 0.01820341870188713, -0.0826263427734375], [0.0, 0.0, 0.0, 1.0]], [[0.017936166375875473, 0.9997510313987732, 0.013269757851958275, 0.00799560546875], [0.008824692107737064, 0.0131130842491984