[{"images": ["samples/CAM_FRONT_LEFT/n015-2018-11-21-19-38-26+0800__CAM_FRONT_LEFT__1542800947904844.jpg", "samples/CAM_FRONT/n015-2018-11-21-19-38-26+0800__CAM_FRONT__1542800947912460.jpg", "samples/CAM_FRONT_RIGHT/n015-2018-11-21-19-38-26+0800__CAM_FRONT_RIGHT__1542800947920339.jpg", "samples/CAM_BACK_LEFT/n015-2018-11-21-19-38-26+0800__CAM_BACK_LEFT__1542800947947423.jpg", "samples/CAM_BACK/n015-2018-11-21-19-38-26+0800__CAM_BACK__1542800947937525.jpg", "samples/CAM_BACK_RIGHT/n015-2018-11-21-19-38-26+0800__CAM_BACK_RIGHT__1542800947930940.jpg"], "intrinsics": [[[1272.5979470598488, 0.0, 826.6154927353808], [0.0, 1272.5979470598488, 479.75165386361925], [0.0, 0.0, 1.0]], [[1266.417203046554, 0.0, 816.2670197447984], [0.0, 1266.417203046554, 491.50706579294757], [0.0, 0.0, 1.0]], [[1260.8474446004698, 0.0, 807.968244525554], [0.0, 1260.8474446004698, 495.3344268742088], [0.0, 0.0, 1.0]], [[1256.7414812095406, 0.0, 792.1125740759628], [0.0, 1256.7414812095406, 492.7757465151356], [0.0, 0.0, 1.0]], [[809.2209905677063, 0.0, 829.2196003259838], [0.0, 809.2209905677063, 481.77842384512485], [0.0, 0.0, 1.0]], [[1259.5137405846733, 0.0, 807.2529053838625], [0.0, 1259.5137405846733, 501.19579884916527], [0.0, 0.0, 1.0]]], "extrinsics": [[[0.8202677965164185, -0.5707559585571289, -0.0373920276761055, -0.95263671875], [-0.054268065840005875, -0.012580476701259613, -0.9984471797943115, 1.5074539184570312], [0.5693992972373962, 0.8210232853889465, -0.0412931852042675, -1.27203369140625], [0.0, 0.0, 0.0, 1.0]], [[0.006819462403655052, -0.999844491481781, 0.016260940581560135, 0.00555419921875], [-0.05955022946000099, -0.016638517379760742, -0.99808669090271, 1.5198440551757812], [0.9982020258903503, 0.005838126875460148, -0.05965443328022957, -1.6806640625], [0.0, 0.0, 0.0, 1.0]], [[-0.8317854404449463, -0.5533015727996826, 0.04461154714226723, 1.025390625], [-0.053939417004585266, 0.0005773098673671484, -0.9985440373420715, 1.5031814575195312], [0.552470326423645, -0.8329808115959167, -0.030324967578053474, -1.2437744140625], [0.0, 0.0, 0.0, 1.0]], [[0.9466559886932373, 0.3179515302181244, -0.052432287484407425, -1.1419677734375], [-0.04529806599020958, -0.029795343056321144, -0.9985290765762329, 1.5885467529296875], [-0.3190460503101349, 0.9476386308670044, -0.013803352601826191, -0.10382080078125], [0.0, 0.0, 0.0, 1.0]], [[0.002104025799781084, 0.9997989535331726, -0.019944824278354645, 0.0027618408203125], [-0.07065998017787933, -0.01974637247622013, -0.9973049759864807, 1.57916259765625], [-0.9974982738494873, 0.00350777106359601, 0.07060421258211136, -0.0008544921875], [0.0, 0.0, 0.0, 1.0]], [[-0.9341106414794922, 0.3553597629070282, 0.03400834649801254, 1.1317138671875], [-0.03806941956281662, -0.0044397092424333096, -0.9992652535438538, 1.5512809753417969], [-0.3549477458000183, -0.9347191452980042, 0.01767551340162754, -0.0650634765625], [0.0, 0.0, 0.0, 1.0]]], "view": [[0.0, -2.0, 100.0], [-2.0, 0.0, 100.0], [0.0, 0.0, 1.0]], "bev": "bev_bf70c75762b0498b89f8f5add90726fa.png", "aux": "aux_bf70c75762b0498b89f8f5add90726fa.npz", "visibility": "visibility_bf70c75762b0498b89f8f5add90726fa.png", "pose": [[-0.7232485413551331, 0.6905878186225891, 0.0, 1322.46826171875], [-0.6905878186225891, -0.7232485413551331, 0.0, 904.579345703125], [0.0, 0.0, 1.0, 0.0], [0.0, 0.0, 0.0, 1.0]], "pose_inverse": [[-0.7232485413551331, -0.6905878186225891, 0.0, 1581.164794921875], [0.6905878186225891, -0.7232485413551331, 0.0, -259.04473876953125], [0.0, 0.0, 1.0, 0.0], [0.0, 0.0, 0.0, 1.0]], "cam_ids": [0, 1, 2, 3, 4, 5], "cam_channels": ["CAM_FRONT_LEFT", "CAM_FRONT", "CAM_FRONT_RIGHT", "CAM_BACK_LEFT", "CAM_BACK", "CAM_BACK_RIGHT"], "token": "bf70c75762b0498b89f8f5add90726fa", "scene": "scene-1098"}, {"images": ["samples/CAM_FRONT_LEFT/n015-2018-11-21-19-38-26+0800__CAM_FRONT_LEFT__1542800948404844.jpg", "samples/CAM_FRONT/n015-2018-11-21-19-38-26+0800__CAM_FRONT__1542800948412460.jpg", "samples/CAM_FRONT_RIGHT/n015-2018-11-21-19-38-26+0800__CAM_FRONT_RIGHT__1542800948420339.jpg", "samples/CAM_BACK_LEFT/n015-2018-11-21-19-38-26+0800__CAM_BACK_LEFT__1542800948447423.jpg", "samples/CAM_BACK/n015-2018-11-21-19-38-26+0800__CAM_BACK__1542800948437525.jpg", "samples/CAM_BACK_RIGHT/n015-2018-11-21-19-38-26+0800__CAM_BACK_RIGHT__1542800948427893.jpg"], "intrinsics": [[[1272.5979470598488, 0.0, 826.6154927353808], [0.0, 1272.5979470598488, 479.75165386361925], [0.0, 0.0, 1.0]], [[1266.417203046554, 0.0, 816.2670197447984], [0.0, 1266.417203046554, 491.50706579294757], [0.0, 0.0, 1.0]], [[1260.8474446004698, 0.0, 807.968244525554], [0.0, 1260.8474446004698, 495.3344268742088], [0.0, 0.0, 1.0]], [[1256.7414812095406, 0.0, 792.1125740759628], [0.0, 1256.7414812095406, 492.7757465151356], [0.0, 0.0, 1.0]], [[809.2209905677063, 0.0, 829.2196003259838], [0.0, 809.2209905677063, 481.77842384512485], [0.0, 0.0, 1.0]], [[1259.5137405846733, 0.0, 807.2529053838625], [0.0, 1259.5137405846733, 501.19579884916527], [0.0, 0.0, 1.0]]], "extrinsics": [[[0.8196123838424683, -0.5717024207115173, -0.03730617091059685, -0.95947265625], [-0.054483164101839066, -0.012956841848790646, -0.998430609703064, 1.5078964233398438], [0.5703218579292297, 0.8203586935997009, -0.041767749935388565, -1.27679443359375], [0.0, 0.0, 0.0, 1.0]], [[0.005920249968767166, -0.9998432993888855, 0.01668059453368187, 0.0055084228515625], [-0.05976556986570358, -0.017004849389195442, -0.9980676174163818, 1.5202178955078125], [0.9981948137283325, 0.004911874886602163, -0.059856876730918884, -1.68701171875], [0.0, 0.0, 0.0, 1.0]], [[-0.8321451544761658, -0.5527288913726807, 0.045000724494457245, 1.029052734375], [-0.05413898453116417, 0.00021127639047335833, -0.998533308506012, 1.5034255981445312], [0.5519087314605713, -0.833361029624939, -0.03009999543428421, -1.24609375], [0.0, 0.0, 0.0, 1.0]], [[0.9466555118560791, 0.3179056942462921, -0.052718114107847214, -1.1422119140625], [-0.045477449893951416, -0.030160129070281982, -0.99850994348526, 1.5885543823242188], [-0.319021999835968, 0.94764244556427, -0.014093716628849506, -0.10369873046875], [0.0, 0.0, 0.0, 1.0]], [[0.002329352078959346, 0.9997904896736145, -0.020334867760539055, 0.00274658203125], [-0.07084925472736359, -0.020118817687034607, -0.9972841739654541, 1.579254150390625], [-0.9974842667579651, 0.0037637955974787474, 0.07078754156827927, 0.000244140625], [0.0, 0.0, 0.0, 1.0]], [[-0.9339886903762817, 0.3556757867336273, 0.034057050943374634, 1.133544921875], [-0.038269806653261185, -0.004812976811081171, -0.9992558360099792, 1.55133056640625], [-0.3552471697330475, -0.9345970153808594, 0.018106913194060326, -0.064483642578125], [0.0, 0.0, 0.0, 1.0]]], "view": [[0.0, -2.0, 100.0], [-2.0, 0.0, 100.0], [0.0, 0.0, 1.0]], "bev": "bev_10e75c729af74a539a37348d94b8d4f8.png", "aux": "aux_10e75c729af74a539a37348d94b8d4f8.npz", "visibility": "visibility_10e75c729af74a539a37348d94b8d4f8.png", "pose": [[-0.7316623330116272, 0.6816672086715698, 0.0, 1322.387451171875], [-0.6816672086715698, -0.7316623330116272, 0.0, 904.5086059570312], [0.0, 0.0, 1.0, 0.0], [0.0, 0.0, 0.0, 1.0]], "pose_inverse": [[-0.7316623330116272, -0.6816672086715698, 0.0, 1584.114990234375], [0.6816672086715698, -0.7316623330116272, 0.0, -239.63328552246094], [0.0, 0.0, 1.0, 0.0], [0.0, 0.0, 0.0, 1.0]], "cam_ids": [0, 1, 2, 3, 4, 5], "cam_channels": ["CAM_FRONT_LEFT", "CAM_FRONT", "CAM_FRONT_RIGHT", "CAM_BACK_LEFT", "CAM_BACK", "CAM_BACK_RIGHT"], "token": "10e75c729af74a539a37348d94b8d4f8", "scene": "scene-1098"}, {"images": ["samples/CAM_FRONT_LEFT/n015-2018-11-21-19-38-26+0800__CAM_FRONT_LEFT__1542800948904844.jpg", "samples/CAM_FRONT/n015-2018-11-21-19-38-26+0800__CAM_FRONT__1542800948912460.jpg", "samples/CAM_FRONT_RIGHT/n015-2018-11-21-19-38-26+0800__CAM_FRONT_RIGHT__1542800948920339.jpg", "samples/CAM_BACK_LEFT/n015-2018-11-21-19-38-26+0800__CAM_BACK_LEFT__1542800948947423.jpg", "samples/CAM_BACK/n015-2018-11-21-19-38-26+0800__CAM_BACK__1542800948937525.jpg", "samples/CAM_BACK_RIGHT/n015-2018-11-21-19-38-26+0800__CAM_BACK_RIGHT__1542800948927893.jpg"], "intrinsics": [[[1272.5979470598488, 0.0, 826.6154927353808], [0.0, 1272.5979470598488, 479.75165386361925], [0.0, 0.0, 1.0]], [[1266.417203046554, 0.0, 816.2670197447984], [0.0, 1266.417203046554, 491.50706579294757], [0.0, 0.0, 1.0]], [[1260.8474446004698, 0.0, 807.968244525554], [0.0, 1260.8474446004698, 495.3344268742088], [0.0, 0.0, 1.0]], [[1256.7414812095406, 0.0, 792.1125740759628], [0.0, 1256.7414812095406, 492.7757465151356], [0.0, 0.0, 1.0]], [[809.2209905677063, 0.0, 829.2196003259838], [0.0, 809.2209905677063, 481.77842384512485], [0.0, 0.0, 1.0]], [[1259.5137405846733, 0.0, 807.2529053838625], [0.0, 1259.5137405846733, 501.19579884916527], [0.0, 0.0, 1.0]]], "extrinsics": [[[0.8194193840026855, -0.5720601677894592, -0.03604178875684738, -0.9654541015625], [-0.053576260805130005, -0.01383571233600378, -0.9984679222106934, 1.5082855224609375], [0.5706849694252014, 0.8200949430465698, -0.041986096650362015, -1.2808837890625], [0.0, 0.0, 0.0, 1.0]], [[0.005597484298050404, -0.9998295307159424, 0.017589202150702477, 0.0053253173828125], [-0.05883149057626724, -0.017888272181153297, -0.9981076717376709, 1.52056884765625], [0.9982520937919617, 0.004552078898996115, -0.05892159789800644, -1.6927490234375], [0.0, 0.0, 0.0, 1.0]], [[-0.8323093056678772, -0.5525066256523132, 0.044693801552057266, 1.0328369140625], [-0.05317066237330437, -0.0006807668833062053, -0.9985851645469666, 1.5036697387695312], [0.5517553091049194, -0.8335081338882446, -0.02881053276360035, -1.248779296875], [0.0, 0.0, 0.0, 1.0]], [[0.9466943144798279, 0.31792426109313965, -0.051904719322919846, -1.142333984375], [-0.044326458126306534, -0.03102964721620083, -0.9985350370407104, 1.5885581970214844], [-0.3190690577030182, 0.9476081728935242, -0.015283137559890747, -0.103759765625], [0.0, 0.0, 0.0, 1.0]], [[0.0023863695096224546, 0.9997718930244446, -0.021220888942480087, 0.0028228759765625], [-0.06976058334112167, -0.021002814173698425, -0.9973426461219788, 1.579376220703125], [-0.9975609183311462, 0.0038604079745709896, 0.06969455629587173, 0.0020751953125], [0.0, 0.0, 0.0, 1.0]], [[-0.9339752197265625, 0.35583099722862244, 0.03277800977230072, 1.1363525390625], [-0.03724559769034386, -0.0057098339311778545, -0.9992898106575012, 1.5514602661132812], [-0.35539111495018005, -0.934532880783081, 0.01858597993850708, -0.063385009765625], [0.0, 0.0, 0.0, 1.0]]], "view": [[0.0, -2.0, 100.0], [-2.0, 0.0, 100.0], [0.0, 0.0, 1.0]], "bev": "bev_52382fba2b69421e91b59ad661d4428c.png", "aux": "aux_52382fba2b69421e91b59ad661d4428c.npz", "visibility": "visibility_52382fba2b69421e91b59ad661d4428c.png", "pose": [[-0.7319744229316711, 0.6813320517539978, 0.0, 1322.3609619140625], [-0.6813320517539978, -0.7319744229316711, 0.0, 904.4891357421875], [0.0, 0.0, 1.0, 0.0], [0.0, 0.0, 0.0, 1.0]], "pose_inverse": [[-0.7319744229316711, -0.6813320517539978, 0.0, 1584.19189453125], [0.6813320517539978, -0.7319744229316711, 0.0, -238.9040069580078], [0.0, 0.0, 1.0, 0.0], [0.0, 0.0, 0.0, 1.0]], "cam_ids": [0, 1, 2, 3, 4, 5], "cam_channels": ["CAM_FRONT_LEFT", "CAM_FRONT", "CAM_FRONT_RIGHT", "CAM_BACK_LEFT", "CAM_BACK", "CAM_BACK_RIGHT"], "token": "52382fba2b69421e91b59ad661d4428c", "scene": "scene-1098"}, {"images": ["samples/CAM_FRONT_LEFT/n015-2018-11-21-19-38-26+0800__CAM_FRONT_LEFT__1542800949404844.jpg", "samples/CAM_FRONT/n015-2018-11-21-19-38-26+0800__CAM_FRONT__1542800949412460.jpg", "samples/CAM_FRONT_RIGHT/n015-2018-11-21-19-38-26+0800__CAM_FRONT_RIGHT__1542800949420339.jpg", "samples/CAM_BACK_LEFT/n015-2018-11-21-19-38-26+0800__CAM_BACK_LEFT__1542800949447423.jpg", "samples/CAM_BACK/n015-2018-11-21-19-38-26+0800__CAM_BACK__1542800949437525.jpg", "samples/CAM_BACK_RIGHT/n015-2018-11-21-19-38-26+0800__CAM_BACK_RIGHT__1542800949427893.jpg"], "intrinsics": [[[1272.5979470598488, 0.0, 826.6154927353808], [0.0, 1272.5979470598488, 479.75165386361925], [0.0, 0.0, 1.0]], [[1266.417203046554, 0.0, 816.2670197447984], [0.0, 1266.417203046554, 491.50706579294757], [0.0, 0.0, 1.0]], [[1260.8474446004698, 0.0, 807.968244525554], [0.0, 1260.8474446004698, 495.3344268742088], [0.0, 0.0, 1.0]], [[1256.7414812095406, 0.0, 792.1125740759628], [0.0, 1256.7414812095406, 492.7757465151356], [0.0, 0.0, 1.0]], [[809.2209905677063, 0.0, 829.2196003259838], [0.0, 809.2209905677063, 481.77842384512485], [0.0, 0.0, 1.0]], [[1259.5137405846733, 0.0, 807.2529053838625], [0.0, 1259.5137405846733, 501.19579884916527], [0.0, 0.0, 1.0]]], "extrinsics": [[[0.8194228410720825, -0.5720704793930054, -0.0357980914413929, -0.96533203125], [-0.05289282649755478, -0.013279440812766552, -0.9985119104385376, 1.5082778930664062], [0.57074373960495, 0.8200969099998474, -0.04113989695906639, -1.2806396484375], [0.0, 0.0, 0.0, 1.0]], [[0.005554155446588993, -0.9998395442962646, 0.017027946189045906, 0.00531005859375], [-0.058194246143102646, -0.01732253096997738, -0.9981549978256226, 1.5205535888671875], [0.9982898235321045, 0.004553055390715599, -0.058281123638153076, -1.69287109375], [0.0, 0.0, 0.0, 1.0]], [[-0.83235102891922, -0.5525087714195251, 0.043883807957172394, 1.03271484375], [-0.05258003994822502, -0.00010507981642149389, -0.9986166954040527, 1.503662109375], [0.5517491102218628, -0.8335070610046387, -0.028963472694158554, -1.2486572265625], [0.0, 0.0, 0.0, 1.0]], [[0.9467157125473022, 0.3179481625556946, -0.051363639533519745, -1.1422119140625], [-0.043959327042102814, -0.030423825606703758, -0.998569905757904, 1.5885543823242188], [-0.3190561830997467, 0.9476198554039001, -0.014825928956270218, -0.1036376953125], [0.0, 0.0, 0.0, 1.0]], [[0.0024123808834701777, 0.9997846484184265, -0.02061106450855732, 0.0027618408203125], [-0.06932269781827927, -0.02039434015750885, -0.9973857998847961, 1.5793685913085938], [-0.9975913166999817, 0.003834902308881283, 0.06925857067108154, 0.0020751953125], [0.0, 0.0, 0.0, 1.0]], [[-0.9339839816093445, 0.355834424495697, 0.032492876052856445, 1.136474609375], [-0.03671616315841675, -0.005119707435369492, -0.9993126392364502, 1.5514640808105469], [-0.3554234504699707, -0.9345349669456482, 0.017846597358584404, -0.063507080078125], [0.0, 0.0, 0.0, 1.0]]], "view": [[0.0, -2.0, 100.0], [-2.0, 0.0, 100.0], [0.0, 0.0, 1.0]], "bev": "bev_6ce51a9ca9044b0596d44eea36237b58.png", "aux": "aux_6ce51a9ca9044b0596d44eea36237b58.npz", "visibility": "visibility_6ce51a9ca9044b0596d44eea36237b58.png", "pose": [[-0.7325654625892639, 0.6806965470314026, 0.0, 1322.3656005859375], [-0.6806965470314026, -0.7325654625892639, 0.0, 904.4976196289062], [0.0, 0.0, 1.0, 0.0], [0.0, 0.0, 0.0, 1.0]], "pose_inverse": [[-0.7325654625892639, -0.6806965470314026, 0.0, 1584.4078369140625], [0.6806965470314026, -0.7325654625892639, 0.0, -237.52601623535156], [0.0, 0.0, 1.0, 0.0], [0.0, 0.0, 0.0, 1.0]], "cam_ids": [0, 1, 2, 3, 4, 5], "cam_channels": ["CAM_FRONT_LEFT", "CAM_FRONT", "CAM_FRONT_RIGHT", "CAM_BACK_LEFT", "CAM_BACK", "CAM_BACK_RIGHT"], "token": "6ce51a9ca9044b0596d44eea36237b58", "scene": "scene-1098"}, {"images": ["samples/CAM_FRONT_LEFT/n015-2018-11-21-19-38-26+0800__CAM_FRONT_LEFT__1542800949904844.jpg", "samples/CAM_FRONT/n015-2018-11-21-19-38-26+0800__CAM_FRONT__1542800949912460.jpg", "samples/CAM_FRONT_RIGHT/n015-2018-11-21-19-38-26+0800__CAM_FRONT_RIGHT__1542800949920339.jpg", "samples/CAM_BACK_LEFT/n015-2018-11-21-19-38-26+0800__CAM_BACK_LEFT__1542800949947423.jpg", "samples/CAM_BACK/n015-2018-11-21-19-38-26+0800__CAM_BACK__1542800949937525.jpg", "samples/CAM_BACK_RIGHT/n015-2018-11-21-19-38-26+0800__CAM_BACK_RIGHT__1542800949927893.jpg"], "intrinsics": [[[1272.5979470598488, 0.0, 826.6154927353808], [0.0, 1272.5979470598488, 479.75165386361925], [0.0, 0.0, 1.0]], [[1266.417203046554, 0.0, 816.2670197447984], [0.0, 1266.417203046554, 491.50706579294757], [0.0, 0.0, 1.0]], [[1260.8474446004698, 0.0, 807.968244525554], [0.0, 1260.8474446004698, 495.3344268742088], [0.0, 0.0, 1.0]], [[1256.7414812095406, 0.0, 792.1125740759628], [0.0, 1256.7414812095406, 492.7757465151356], [0.0, 0.0, 1.0]], [[809.2209905677063, 0.0, 829.2196003259838], [0.0, 809.2209905677063, 481.77842384512485], [0.0, 0.0, 1.0]], [[1259.5137405846733, 0.0, 807.2529053838625], [0.0, 1259.5137405846733, 501.19579884916527], [0.0, 0.0, 1.0]]], "extrinsics": [[[0.8194060325622559, -0.5720924735069275, -0.035831935703754425, -0.965087890625], [-0.05286996066570282, -0.01318539772182703, -0.9985143542289734, 1.5082626342773438], [0.5707700848579407, 0.8200831413269043, -0.04105070233345032, -1.28057861328125], [0.0, 0.0, 0.0, 1.0]], [[0.00552466232329607, -0.9998411536216736, 0.01694338768720627, 0.0052490234375], [-0.05815259367227554, -0.01723620295524597, -0.998158872127533, 1.5205459594726562], [0.9982923269271851, 0.004529142286628485, -0.05823858082294464, -1.6925048828125], [0.0, 0.0, 0.0, 1.0]], [[-0.832366406917572, -0.5524929165840149, 0.04378993436694145, 1.0325927734375], [-0.0525183230638504, -2.717473398661241e-05, -0.9986199140548706, 1.5036544799804688], [0.5517317056655884, -0.8335175514221191, -0.028993386775255203, -1.2486572265625], [0.0, 0.0, 0.0, 1.0]], [[0.9467208385467529, 0.31795236468315125, -0.05124235898256302, -1.142333984375], [-0.04384250566363335, -0.030390635132789612, -0.9985761046409607, 1.5885543823242188], [-0.3190569281578064, 0.9476194381713867, -0.014831620268523693, -0.10369873046875], [0.0, 0.0, 0.0, 1.0]], [[0.0024218533653765917, 0.9997857213020325, -0.020556829869747162, 0.0026702880859375], [-0.06923360377550125, -0.020339922979474068, -0.9973931312561035, 1.5793609619140625], [-0.9975974559783936, 0.003838807577267289, 0.06916952133178711, 0.001953125], [0.0, 0.0, 0.0, 1.0]], [[-0.9339799880981445, 0.35584837198257446, 0.03245248645544052, 1.13623046875], [-0.03664794936776161, -0.005053239408880472, -0.9993155002593994, 1.5514564514160156], [-0.35544079542160034, -0.9345300197601318, 0.017760738730430603, -0.0634765625], [0.0, 0.0, 0.0, 1.0]]], "view": [[0.0, -2.0, 100.0], [-2.0, 0.0, 100.0], [0.0, 0.0, 1.0]], "bev": "bev_2c08a86ef0ae462f869a5654daf1c948.png", "aux": "aux_2c08a86ef0ae462f869a5654daf1c948.npz", "visibility": "visibility_2c08a86ef0ae462f869a5654daf1c948.png", "pose": [[-0.7332265973091125, 0.6799843311309814, 0.0, 1322.3671875], [-0.6799843311309814, -0.7332265973091125, 0.0, 904.5025634765625], [0.0, 0.0, 1.0, 0.0], [0.0, 0.0, 0.0, 1.0]], "pose_inverse": [[-0.7332265973091125, -0.6799843311309814, 0.0, 1584.6424560546875], [0.6799843311309814, -0.7332265973091125, 0.0, -235.983642578125], [0.0, 0.0, 1.0, 0.0], [0.0, 0.0, 0.0, 1.0]], "cam_ids": [0, 1, 2, 3, 4, 5], "cam_channels": ["CAM_FRONT_LEFT", "CAM_FRONT", "CAM_FRONT_RIGHT", "CAM_BACK_LEFT", "CAM_BACK", "CAM_BACK_RIGHT"], "token": "2c08a86ef0ae462f869a5654daf1c948", "scene": "scene-1098"}, {"images": ["samples/CAM_FRONT_LEFT/n015-2018-11-21-19-38-26+0800__CAM_FRONT_LEFT__1542800950404844.jpg", "samples/CAM_FRONT/n015-2018-11-21-19-38-26+0800__CAM_FRONT__1542800950412460.jpg", "samples/CAM_FRONT_RIGHT/n015-2018-11-21-19-38-26+0800__CAM_FRONT_RIGHT__1542800950420339.jpg", "samples/CAM_BACK_LEFT/n015-2018-11-21-19-38-26+0800__CAM_BACK_LEFT__1542800950447423.jpg", "samples/CAM_BACK/n015-2018-11-21-19-38-26+0800__CAM_BACK__1542800950437525.jpg", "samples/CAM_BACK_RIGHT/n015-2018-11-21-19-38-26+0800__CAM_BACK_RIGHT__1542800950427893.jpg"], "intrinsics": [[[1272.5979470598488, 0.0, 826.6154927353808], [0.0, 1272.5979470598488, 479.75165386361925], [0.0, 0.0, 1.0]], [[1266.417203046554, 0.0, 816.2670197447984], [0.0, 1266.417203046554, 491.50706579294757], [0.0, 0.0, 1.0]], [[1260.8474446004698, 0.0, 807.968244525554], [0.0, 1260.8474446004698, 495.3344268742088], [0.0, 0.0, 1.0]], [[1256.7414812095406, 0.0, 792.1125740759628], [0.0, 1256.7414812095406, 492.7757465151356], [0.0, 0.0, 1.0]], [[809.2209905677063, 0.0, 829.2196003259838], [0.0, 809.2209905677063, 481.77842384512485], [0.0, 0.0, 1.0]], [[1259.5137405846733, 0.0, 807.2529053838625], [0.0, 1259.5137405846733, 501.19579884916527], [0.0, 0.0, 1.0]]], "extrinsics": [[[0.8197301030158997, -0.571729302406311, -0.034177765250205994, -0.96533203125], [-0.05137264356017113, -0.013961849734187126, -0.9985819458961487, 1.5082778930664062], [0.5704413652420044, 0.8203235268592834, -0.04081619530916214, -1.28082275390625], [0.0, 0.0, 0.0, 1.0]], [[0.005905013997107744, -0.9998261332511902, 0.01768655516207218, 0.0051422119140625], [-0.056629281491041183, -0.01799282804131508, -0.9982331991195679, 1.5205612182617188], [0.998377799987793, 0.004892891738563776, -0.056725677102804184, -1.6927490234375], [0.0, 0.0, 0.0, 1.0]], [[-0.8322486281394958, -0.552740216255188, 0.04289906099438667, 1.0325927734375], [-0.05097462236881256, -0.0007593336631543934, -0.9986996650695801, 1.5036697387695312], [0.5520539879798889, -0.8333532214164734, -0.027543770149350166, -1.24853515625], [0.0, 0.0, 0.0, 1.0]], [[0.9467794895172119, 0.3180004060268402, -0.049844350665807724, -1.1422119140625], [-0.04214244335889816, -0.03105783648788929, -0.9986287355422974, 1.5885581970214844], [-0.3191124200820923, 0.9475817680358887, -0.01600361056625843, -0.10369873046875], [0.0, 0.0, 0.0, 1.0]], [[0.0022799994330853224, 0.9997720718383789, -0.021232403814792633, 0.002593994140625], [-0.06757014244794846, -0.02102990821003914, -0.9974929094314575, 1.5793685913085938], [-0.9977118372917175, 0.0037089374382048845, 0.06750679016113281, 0.001708984375], [0.0, 0.0, 0.0, 1.0]], [[-0.9341248273849487, 0.3556230664253235, 0.030709218233823776, 1.136474609375], [-0.03504486009478569, -0.0057544768787920475, -0.9993691444396973, 1.5514640808105469], [-0.3552219569683075, -0.9346117973327637, 0.01783815771341324, -0.063446044921875], [0.0, 0.0, 0.0, 1.0]]], "view": [[0.0, -2.0, 100.0], [-2.0, 0.0, 100.0], [0.0, 0.0, 1.0]], "bev": "bev_ca31d398f8f444b88068a92cbac97b0d.png", "aux": "aux_ca31d398f8f444b88068a92cbac97b0d.npz", "visibility": "visibility_ca31d398f8f444b88068a92cbac97b0d.png", "pose": [[-0.7344753742218018, 0.6786353588104248, 0.0, 1322.367919921875], [-0.6786353588104248, -0.7344753742218018, 0.0, 904.5062255859375], [0.0, 0.0, 1.0, 0.0], [0.0, 0.0, 0.0, 1.0]], "pose_inverse": [[-0.7344753742218018, -0.6786353588104248, 0.0, 1585.0765380859375], [0.6786353588104248, -0.7344753742218018, 0.0, -233.0680694580078], [0.0, 0.0, 1.0, 0.0], [0.0, 0.0, 0.0, 1.0]], "cam_ids": [0, 1, 2, 3, 4, 5], "cam_channels": ["CAM_FRONT_LEFT", "CAM_FRONT", "CAM_FRONT_RIGHT", "CAM_BACK_LEFT", "CAM_BACK", "CAM_BACK_RIGHT"], "token": "ca31d398f8f444b88068a92cbac97b0d", "scene": "scene-1098"}, {"images": ["samples/CAM_FRONT_LEFT/n015-2018-11-21-19-38-26+0800__CAM_FRONT_LEFT__1542800950904844.jpg", "samples/CAM_FRONT/n015-2018-11-21-19-38-26+0800__CAM_FRONT__1542800950912460.jpg", "samples/CAM_FRONT_RIGHT/n015-2018-11-21-19-38-26+0800__CAM_FRONT_RIGHT__1542800950920339.jpg", "samples/CAM_BACK_LEFT/n015-2018-11-21-19-38-26+0800__CAM_BACK_LEFT__1542800950947423.jpg", "samples/CAM_BACK/n015-2018-11-21-19-38-26+0800__CAM_BACK__1542800950937525.jpg", "samples/CAM_BACK_RIGHT/n015-2018-11-21-19-38-26+0800__CAM_BACK_RIGHT__1542800950927893.jpg"], "intrinsics": [[[1272.5979470598488, 0.0, 826.6154927353808], [0.0, 1272.5979470598488, 479.75165386361925], [0.0, 0.0, 1.0]], [[1266.417203046554, 0.0, 816.2670197447984], [0.0, 1266.417203046554, 491.50706579294757], [0.0, 0.0, 1.0]], [[1260.8474446004698, 0.0, 807.968244525554], [0.0, 1260.8474446004698, 495.3344268742088], [0.0, 0.0, 1.0]], [[1256.7414812095406, 0.0, 792.1125740759628], [0.0, 1256.7414812095406, 492.7757465151356], [0.0, 0.0, 1.0]], [[809.2209905677063, 0.0, 829.2196003259838], [0.0, 809.2209905677063, 481.77842384512485], [0.0, 0.0, 1.0]], [[1259.5137405846733, 0.0, 807.2529053838625], [0.0, 1259.5137405846733, 501.19579884916527], [0.0, 0.0, 1.0]]], "extrinsics": [[[0.8209870457649231, -0.5700488686561584, -0.032008200883865356, -0.95703125], [-0.049155838787555695, -0.014718512073159218, -0.9986826181411743, 1.5077743530273438], [0.5688267946243286, 0.8214789032936096, -0.040104940533638, -1.27484130859375], [0.0, 0.0, 0.0, 1.0]], [[0.007611483801156282, -0.9998023509979248, 0.018365824595093727, 0.005096435546875], [-0.054422445595264435, -0.01875331439077854, -0.9983419179916382, 1.5201034545898438], [0.9984889626502991, 0.006599323358386755, -0.05455442890524864, -1.684326171875], [0.0, 0.0, 0.0, 1.0]], [[-0.8315591812133789, -0.5538856387138367, 0.04147101938724518, 1.0269775390625], [-0.04880920425057411, -0.001505353138782084, -0.9988069534301758, 1.5033340454101562], [0.5532872676849365, -0.8325912952423096, -0.025782927870750427, -1.2449951171875], [0.0, 0.0, 0.0, 1.0]], [[0.9468367695808411, 0.3181033432483673, -0.048066604882478714, -1.14208984375], [-0.04002000764012337, -0.031786445528268814, -0.9986931085586548, 1.5885505676269531], [-0.3192153573036194, 0.9475229382514954, -0.0173660796135664, -0.10394287109375], [0.0, 0.0, 0.0, 1.0]], [[0.0017008805880323052, 0.9997577667236328, -0.021943973377346992, 0.002685546875], [-0.06542782485485077, -0.021785728633403778, -0.9976194500923157, 1.579193115234375], [-0.9978558421134949, 0.003132579382508993, 0.06537491828203201, -0.000732421875], [0.0, 0.0, 0.0, 1.0]], [[-0.9345759153366089, 0.35462459921836853, 0.028445148840546608, 1.131591796875], [-0.032881300896406174, -0.0064882864244282246, -0.9994382262229919, 1.5512886047363281], [-0.35424086451530457, -0.9349862933158875, 0.01772431842982769, -0.065338134765625], [0.0, 0.0, 0.0, 1.0]]], "view": [[0.0, -2.0, 100.0], [-2.0, 0.0, 100.0], [0.0, 0.0, 1.0]], "bev": "bev_3a215909c71748f4b60e3b8b2365339d.png", "aux": "aux_3a215909c71748f4b60e3b8b2365339d.npz", "visibility": "visibility_3a215909c71748f4b60e3b8b2365339d.png", "pose": [[-0.7440953254699707, 0.6680734157562256, 0.0, 1322.348388671875], [-0.6680734157562256, -0.7440953254699707, 0.0, 904.490478515625], [0.0, 0.0, 1.0, 0.0], [0.0, 0.0, 0.0, 1.0]], "pose_inverse": [[-0.7440953254699707, -0.6680734157562256, 0.0, 1588.2193603515625], [0.6680734157562256, -0.7440953254699707, 0.0, -210.398681640625], [0.0, 0.0, 1.0, 0.0], [0.0, 0.0, 0.0, 1.0]], "cam_ids": [0, 1, 2, 3, 4, 5], "cam_channels": ["CAM_FRONT_LEFT", "CAM_FRONT", "CAM_FRONT_RIGHT", "CAM_BACK_LEFT", "CAM_BACK", "CAM_BACK_RIGHT"], "token": "3a215909c71748f4b60e3b8b2365339d", "scene": "scene-1098"}, {"images": ["samples/CAM_FRONT_LEFT/n015-2018-11-21-19-38-26+0800__CAM_FRONT_LEFT__1542800951404844.jpg", "samples/CAM_FRONT/n015-2018-11-21-19-38-26+0800__CAM_FRONT__1542800951412460.jpg", "samples/CAM_FRONT_RIGHT/n015-2018-11-21-19-38-26+0800__CAM_FRONT_RIGHT__1542800951420339.jpg", "samples/CAM_BACK_LEFT/n015-2018-11-21-19-38-26+0800__CAM_BACK_LEFT__1542800951447641.jpg", "samples/CAM_BACK/n015-2018-11-21-19-38-26+0800__CAM_BACK__1542800951437525.jpg", "samples/CAM_BACK_RIGHT/n015-2018-11-21-19-38-26+0800__CAM_BACK_RIGHT__1542800951427893.jpg"], "intrinsics": [[[1272.5979470598488, 0.0, 826.6154927353808], [0.0, 1272.5979470598488, 479.75165386361925], [0.0, 0.0, 1.0]], [[1266.417203046554, 0.0, 816.2670197447984], [0.0, 1266.417203046554, 491.50706579294757], [0.0, 0.0, 1.0]], [[1260.8474446004698, 0.0, 807.968244525554], [0.0, 1260.8474446004698, 495.3344268742088], [0.0, 0.0, 1.0]], [[1256.7414812095406, 0.0, 792.1125740759628], [0.0, 1256.7414812095406, 492.7757465151356], [0.0, 0.0, 1.0]], [[809.2209905677063, 0.0, 829.2196003259838], [0.0, 809.2209905677063, 481.77842384512485], [0.0, 0.0, 1.0]], [[1259.5137405846733, 0.0, 807.2529053838625], [0.0, 1259.5137405846733, 501.19579884916527], [0.0, 0.0, 1.0]]], "extrinsics": [[[0.8217529654502869, -0.5689477920532227, -0.031946372240781784, -0.943603515625], [-0.0487368181347847, -0.014314997009932995, -0.9987090229988098, 1.5069732666015625], [0.5677559971809387, 0.8222490549087524, -0.03949209302663803, -1.2652587890625], [0.0, 0.0, 0.0, 1.0]], [[0.008742113597691059, -0.9998018145561218, 0.01788434572517872, 0.005126953125], [-0.054074063897132874, -0.01833152584731579, -0.9983686804771423, 1.5193405151367188], [0.9984986782073975, 0.007760781794786453, -0.05422360077500343, -1.6702880859375], [0.0, 0.0, 0.0, 1.0]], [[-0.8310487866401672, -0.5546875596046448, 0.04098352789878845, 1.017578125], [-0.04855544865131378, -0.0010514322202652693, -0.998819887638092, 1.5027923583984375], [0.5540761351585388, -0.8320580720901489, -0.026059310883283615, -1.23907470703125], [0.0, 0.0, 0.0, 1.0]], [[0.9468619227409363, 0.3180551528930664, -0.04788808524608612, -1.1419677734375], [-0.04002190753817558, -0.031224533915519714, -0.9987108111381531, 1.5885543823242188], [-0.3191404342651367, 0.9475579261779785, -0.016836149618029594, -0.103759765625], [0.0, 0.0, 0.0, 1.0]], [[0.001362234354019165, 0.9997699856758118, -0.021404290571808815, 0.002716064453125], [-0.065324567258358, -0.021269621327519417, -0.9976373910903931, 1.57891845703125], [-0.9978631734848022, 0.002757227746769786, 0.06528055667877197, -0.0048828125], [0.0, 0.0, 0.0, 1.0]], [[-0.9348411560058594, 0.35392382740974426, 0.028461121022701263, 1.1236572265625], [-0.03269902616739273, -0.005998474080115557, -0.999447226524353, 1.5510063171386719], [-0.3535575270652771, -0.9352550506591797, 0.017180584371089935, -0.0684814453125], [0.0, 0.0, 0.0, 1.0]]], "view": [[0.0, -2.0, 100.0], [-2.0, 0.0, 100.0], [0.0, 0.0, 1.0]], "bev": "bev_24488637f5c2431a98e6b7cfee3bf857.png", "aux": "aux_24488637f5c2431a98e6b7cfee3bf857.npz", "visibility": "visibility_24488637f5c2431a98e6b7cfee3bf857.png", "pose": [[-0.7678663730621338, 0.6406100988388062, 0.0, 1322.1893310546875], [-0.6406100988388062, -0.7678663730621338, 0.0, 904.353515625], [0.0, 0.0, 1.0, 0.0], [0.0, 0.0, 0.0, 1.0]], "pose_inverse": [[-0.7678663730621338, -0.6406100988388062, 0.0, 1594.6026611328125], [0.6406100988388062, -0.7678663730621338, 0.0, -152.58517456054688], [0.0, 0.0, 1.0, 0.0], [0.0, 0.0, 0.0, 1.0]], "cam_ids": [0, 1, 2, 3, 4, 5], "cam_channels": ["CAM_FRONT_LEFT", "CAM_FRONT", "CAM_FRONT_RIGHT", "CAM_BACK_LEFT", "CAM_BACK", "CAM_BACK_RIGHT"], "token": "24488637f5c2431a98e6b7cfee3bf857", "scene": "scene-1098"}, {"images": ["samples/CAM_FRONT_LEFT/n015-2018-11-21-19-38-26+0800__CAM_FRONT_LEFT__1542800951904844.jpg", "samples/CAM_FRONT/n015-2018-11-21-19-38-26+0800__CAM_FRONT__1542800951912460.jpg", "samples/CAM_FRONT_RIGHT/n015-2018-11-21-19-38-26+0800__CAM_FRONT_RIGHT__1542800951920339.jpg", "samples/CAM_BACK_LEFT/n015-2018-11-21-19-38-26+0800__CAM_BACK_LEFT__1542800951947441.jpg", "samples/CAM_BACK/n015-2018-11-21-19-38-26+0800__CAM_BACK__1542800951937525.jpg", "samples/CAM_BACK_RIGHT/n015-2018-11-21-19-38-26+0800__CAM_BACK_RIGHT__1542800951927893.jpg"], "intrinsics": [[[1272.5979470598488, 0.0, 826.6154927353808], [0.0, 1272.5979470598488, 479.75165386361925], [0.0, 0.0, 1.0]], [[1266.417203046554, 0.0, 816.2670197447984], [0.0, 1266.417203046554, 491.50706579294757], [0.0, 0.0, 1.0]], [[1260.8474446004698, 0.0, 807.968244525554], [0.0, 1260.8474446004698, 495.3344268742088], [0.0, 0.0, 1.0]], [[1256.7414812095406, 0.0, 792.1125740759628], [0.0, 1256.7414812095406, 492.7757465151356], [0.0, 0.0, 1.0]], [[809.2209905677063, 0.0, 829.2196003259838], [0.0, 809.2209905677063, 481.77842384512485], [0.0, 0.0, 1.0]], [[1259.5137405846733, 0.0, 807.2529053838625], [0.0, 1259.5137405846733, 501.19579884916527], [0.0, 0.0, 1.0]]], "extrinsics": [[[0.8211025595664978, -0.5698035359382629, -0.033384159207344055, -0.94189453125], [-0.04943972826004028, -0.012731515802443027, -0.998695969581604, 1.5068359375], [0.5686354041099548, 0.8216822743415833, -0.03862481564283371, -1.26373291015625], [0.0, 0.0, 0.0, 1.0]], [[0.007745612412691116, -0.9998365044593811, 0.01633589155972004, 0.00479888916015625], [-0.0547323040664196, -0.016735782846808434, -0.998360812664032, 1.5192413330078125], [0.9984710216522217, 0.006838745903223753, -0.054852988570928574, -1.6690673828125], [0.0, 0.0, 0.0, 1.0]], [[-0.8315240144729614, -0.5540021061897278, 0.04061373695731163, 1.0172119140625], [-0.04914768785238266, 0.0005466400762088597, -0.9987913370132446, 1.5027542114257812], [0.5533103346824646, -0.8325150609016418, -0.027682464569807053, -1.23895263671875], [0.0, 0.0, 0.0, 1.0]], [[0.9468685984611511, 0.3180527091026306, -0.04777347669005394, -1.1419677734375], [-0.0404568612575531, -0.029574079439044, -0.99874347448349, 1.5885467529296875], [-0.3190659284591675, 0.9476116299629211, -0.015135355293750763, -0.10369873046875], [0.0, 0.0, 0.0, 1.0]], [[0.001799671445041895, 0.9998025894165039, -0.019790135324001312, 0.00284576416015625], [-0.06584153324365616, -0.01962875761091709, -0.9976370334625244, 1.57891845703125], [-0.9978284239768982, 0.0030984149780124426, 0.06579320877790451, -0.0048828125], [0.0, 0.0, 0.0, 1.0]], [[-0.9345477223396301, 0.35460948944091797, 0.02954075299203396, 1.1239013671875], [-0.03325815871357918, -0.004391344264149666, -0.999437153339386, 1.5510177612304688], [-0.35428017377853394, -0.9350042343139648, 0.01589757576584816, -0.06842041015625], [0.0, 0.0, 0.0, 1.0]]], "view": [[0.0, -2.0, 100.0], [-2.0, 0.0, 100.0], [0.0, 0.0, 1.0]], "bev": "bev_020d38a2e24d4963a1cf7dd5b9caf39d.png", "aux": "aux_020d38a2e24d4963a1cf7dd5b9caf39d.npz", "visibility": "visibility_020d38a2e24d4963a1cf7dd5b9caf39d.png", "pose": [[-0.791498064994812, 0.6111716628074646, 0.0, 1321.927490234375], [-0.6111716628074646, -0.791498064994812, 0.0, 904.1390991210938], [0.0, 0.0, 1.0, 0.0], [0.0, 0.0, 0.0, 1.0]], "pose_inverse": [[-0.791498064994812, -0.6111716628074646, 0.0, 1598.88720703125], [0.6111716628074646, -0.791498064994812, 0.0, -92.30030059814453], [0.0, 0.0, 1.0, 0.0], [0.0, 0.0, 0.0, 1.0]], "cam_ids": [0, 1, 2, 3, 4, 5], "cam_channels": ["CAM_FRONT_LEFT", "CAM_FRONT", "CAM_FRONT_RIGHT", "CAM_BACK_LEFT", "CAM_BACK", "CAM_BACK_RIGHT"], "token": "020d38a2e24d4963a1cf7dd5b9caf39d", "scene": "scene-1098"}, {"images": ["samples/CAM_FRONT_LEFT/n015-2018-11-21-19-38-26+0800__CAM_FRONT_LEFT__1542800952404844.jpg", "samples/CAM_FRONT/n015-2018-11-21-19-38-26+0800__CAM_FRONT__1542800952412460.jpg", "samples/CAM_FRONT_RIGHT/n015-2018-11-21-19-38-26+0800__CAM_FRONT_RIGHT__1542800952420339.jpg", "samples/CAM_BACK_LEFT/n015-2018-11-21-19-38-26+0800__CAM_BACK_LEFT__1542800952447423.jpg", "samples/CAM_BACK/n015-2018-11-21-19-38-26+0800__CAM_BACK__1542800952437525.jpg", "samples/CAM_BACK_RIGHT/n015-2018-11-21-19-38-26+0800__CAM_BACK_RIGHT__1542800952427893.jpg"], "intrinsics": [[[1272.5979470598488, 0.0, 826.6154927353808], [0.0, 1272.5979470598488, 479.75165386361925], [0.0, 0.0, 1.0]], [[1266.417203046554, 0.0, 816.2670197447984], [0.0, 1266.417203046554, 491.50706579294757], [0.0, 0.0, 1.0]], [[1260.8474446004698, 0.0, 807.968244525554], [0.0, 1260.8474446004698, 495.3344268742088], [0.0, 0.0, 1.0]], [[1256.7414812095406, 0.0, 792.1125740759628], [0.0, 1256.7414812095406, 492.7757465151356], [0.0, 0.0, 1.0]], [[809.2209905677063, 0.0, 829.2196003259838], [0.0, 809.2209905677063, 481.77842384512485], [0.0, 0.0, 1.0]], [[1259.5137405846733, 0.0, 807.2529053838625], [0.0, 1259.5137405846733, 501.19579884916527], [0.0, 0.0, 1.0]]], "extrinsics": [[[0.8205192685127258, -0.5705684423446655, -0.03463974967598915, -0.949951171875], [-0.049601539969444275, -0.01069791428744793, -0.9987117648124695, 1.5073318481445312], [0.569462776184082, 0.8211804628372192, -0.03707891330122948, -1.26953125], [0.0, 0.0, 0.0, 1.0]], [[0.006905111484229565, -0.9998729825019836, 0.014362559653818607, 0.0049896240234375], [-0.05488723888993263, -0.014720219187438488, -0.9983841180801392, 1.5196914672851562], [0.9984686970710754, 0.006105637643486261, -0.054981913417577744, -1.6771240234375], [0.0, 0.0, 0.0, 1.0]], [[-0.8318843841552734, -0.5535314083099365, 0.03964003548026085, 1.0225830078125], [-0.04927994683384895, 0.002535484964028001, -0.9987818002700806, 1.5030593872070312], [0.5527566075325012, -0.8328244686126709, -0.029387231916189194, -1.24224853515625], [0.0, 0.0, 0.0, 1.0]], [[0.9468846321105957, 0.3180726170539856, -0.04732159897685051, -1.14208984375], [-0.040618427097797394, -0.02767745405435562, -0.9987912774085999, 1.5885505676269531], [-0.31899788975715637, 0.9476622939109802, -0.013287748210132122, -0.103759765625], [0.0, 0.0, 0.0, 1.0]], [[0.0020797604229301214, 0.9998380541801453, -0.017877088859677315, 0.00275421142578125], [-0.06599240005016327, -0.017700934782624245, -0.997663140296936, 1.579071044921875], [-0.9978179931640625, 0.0032546063885092735, 0.06594488769769669, -0.0025634765625], [0.0, 0.0, 0.0, 1.0]], [[-0.9343706965446472, 0.35500606894493103, 0.03036727011203766, 1.12841796875], [-0.033405475318431854, -0.002430570777505636, -0.9994389414787292, 1.5511589050292969], [-0.35473302006721497, -0.93486088514328, 0.014130200259387493, -0.0667724609375], [0.0, 0.0, 0.0, 1.0]]], "view": [[0.0, -2.0, 100.0], [-2.0, 0.0, 100.0], [0.0, 0.0, 1.0]], "bev": "bev_4b9b2c02a4cc49158e3ad9425889daf2.png", "aux": "aux_4b9b2c02a4cc49158e3ad9425889daf2.npz", "visibility": "visibility_4b9b2c02a4cc49158e3ad9425889daf2.png", "pose": [[-0.8059441447257996, 0.5919916033744812, 0.0, 1321.72802734375], [-0.5919916033744812, -0.8059441447257996, 0.0, 903.9854125976562], [0.0, 0.0, 1.0, 0.0], [0.0, 0.0, 0.0, 1.0]], "pose_inverse": [[-0.8059441447257996, -0.5919916033744812, 0.0, 1600.3907470703125], [0.5919916033744812, -0.8059441447257996, 0.0, -53.8901481628418], [0.0, 0.0, 1.0, 0.0], [0.0, 0.0, 0.0, 1.0]], "cam_ids": [0, 1, 2, 3, 4, 5], "cam_channels": ["CAM_FRONT_LEFT", "CAM_FRONT", "CAM_FRONT_RIGHT", "CAM_BACK_LEFT", "CAM_BACK", "CAM_BACK_RIGHT"], "token": "4b9b2c02a4cc49158e3ad9425889daf2", "scene": "scene-1098"}, {"images": ["samples/CAM_FRONT_LEFT/n015-2018-11-21-19-38-26+0800__CAM_FRONT_LEFT__1542800952904844.jpg", "samples/CAM_FRONT/n015-2018-11-21-19-38-26+0800__CAM_FRONT__1542800952912460.jpg", "samples/CAM_FRONT_RIGHT/n015-2018-11-21-19-38-26+0800__CAM_FRONT_RIGHT__1542800952920339.jpg", "samples/CAM_BACK_LEFT/n015-2018-11-21-19-38-26+0800__CAM_BACK_LEFT__1542800952947423.jpg", "samples/CAM_BACK/n015-2018-11-21-19-38-26+0800__CAM_BACK__1542800952937525.jpg", "samples/CAM_BACK_RIGHT/n015-2018-11-21-19-38-26+0800__CAM_BACK_RIGHT__1542800952927893.jpg"], "intrinsics": [[[1272.5979470598488, 0.0, 826.6154927353808], [0.0, 1272.5979470598488, 479.75165386361925], [0.0, 0.0, 1.0]], [[1266.417203046554, 0.0, 816.2670197447984], [0.0, 1266.417203046554, 491.50706579294757], [0.0, 0.0, 1.0]], [[1260.8474446004698, 0.0, 807.968244525554], [0.0, 1260.8474446004698, 495.3344268742088], [0.0, 0.0, 1.0]], [[1256.7414812095406, 0.0, 792.1125740759628], [0.0, 1256.7414812095406, 492.7757465151356], [0.0, 0.0, 1.0]], [[809.2209905677063, 0.0, 829.2196003259838], [0.0, 809.2209905677063, 481.77842384512485], [0.0, 0.0, 1.0]], [[1259.5137405846733, 0.0, 807.2529053838625], [0.0, 1259.5137405846733, 501.19579884916527], [0.0, 0.0, 1.0]]], "extrinsics": [[[0.8198627829551697, -0.5714454054832458, -0.035708773881196976, -0.956787109375], [-0.04997837170958519, -0.009297136217355728, -0.9987070560455322, 1.50775146484375], [0.570374608039856, 0.8205873966217041, -0.036182284355163574, -1.2745361328125], [0.0, 0.0, 0.0, 1.0]], [[0.005973638501018286, -0.9998974800109863, 0.01301056332886219, 0.005176544189453125], [-0.05526968464255333, -0.013321049511432648, -0.9983826279640198, 1.52008056640625], [0.9984535574913025, 0.005244862753897905, -0.055343594402074814, -1.6839599609375], [0.0, 0.0, 0.0, 1.0]], [[-0.832285463809967, -0.5529593825340271, 0.0392024926841259, 1.0269775390625], [-0.04965098574757576, 0.0039242589846253395, -0.9987589120864868, 1.503326416015625], [0.5521191954612732, -0.8331989645957947, -0.030721083283424377, -1.24505615234375], [0.0, 0.0, 0.0, 1.0]], [[0.9468821287155151, 0.31808924674987793, -0.04725980386137962, -1.14208984375], [-0.0410098098218441, -0.026320315897464752, -0.9988119602203369, 1.5885543823242188], [-0.3189552426338196, 0.9476953148841858, -0.011877457611262798, -0.103759765625], [0.0, 0.0, 0.0, 1.0]], [[0.0023876475170254707, 0.9998607635498047, -0.01651790365576744, 0.00275421142578125], [-0.06639121472835541, -0.