[{"images": ["samples/CAM_FRONT_LEFT/n008-2018-09-18-12-53-31-0400__CAM_FRONT_LEFT__1537289811404799.jpg", "samples/CAM_FRONT/n008-2018-09-18-12-53-31-0400__CAM_FRONT__1537289811412404.jpg", "samples/CAM_FRONT_RIGHT/n008-2018-09-18-12-53-31-0400__CAM_FRONT_RIGHT__1537289811420482.jpg", "samples/CAM_BACK_LEFT/n008-2018-09-18-12-53-31-0400__CAM_BACK_LEFT__1537289811447409.jpg", "samples/CAM_BACK/n008-2018-09-18-12-53-31-0400__CAM_BACK__1537289811437558.jpg", "samples/CAM_BACK_RIGHT/n008-2018-09-18-12-53-31-0400__CAM_BACK_RIGHT__1537289811428113.jpg"], "intrinsics": [[[1257.8625342125129, 0.0, 827.2410631095686], [0.0, 1257.8625342125129, 450.915498205774], [0.0, 0.0, 1.0]], [[1252.8131021185304, 0.0, 826.588114781398], [0.0, 1252.8131021185304, 469.9846626224581], [0.0, 0.0, 1.0]], [[1256.7485116440405, 0.0, 817.7887570959712], [0.0, 1256.7485116440403, 451.9541780095127], [0.0, 0.0, 1.0]], [[1254.9860565800168, 0.0, 829.5769333630991], [0.0, 1254.9860565800168, 467.1680561863987], [0.0, 0.0, 1.0]], [[796.8910634503094, 0.0, 857.7774326863696], [0.0, 796.8910634503094, 476.8848988407415], [0.0, 0.0, 1.0]], [[1249.9629280788233, 0.0, 825.3768045375984], [0.0, 1249.9629280788233, 462.54816385708756], [0.0, 0.0, 1.0]]], "extrinsics": [[[0.823454737663269, -0.5673062205314636, -0.00926399789750576, -0.9051513671875], [0.0032806559465825558, 0.0210880097001791, -0.9997722506523132, 1.488659381866455], [0.5673724412918091, 0.823236882686615, 0.019226159900426865, -1.2662353515625], [0.0, 0.0, 0.0, 1.0]], [[0.011602592654526234, -0.9997914433479309, -0.016802797093987465, 0.0076904296875], [0.00530303455889225, 0.016865216195583344, -0.9998437166213989, 1.4806729555130005], [0.9999186396598816, 0.011511658318340778, 0.00549760926514864, -1.635498046875], [0.0, 0.0, 0.0, 1.0]], [[-0.8434250950813293, -0.5370192527770996, -0.015633599832654, 1.0262451171875], [0.013399804942309856, 0.008062943816184998, -0.9998776912689209, 1.4940910339355469], [0.5370795726776123, -0.8435314893722534, 0.0003954630228690803, -1.2354736328125], [0.0, 0.0, 0.0, 1.0]], [[0.9478574395179749, 0.3186699151992798, -0.003980625886470079, -1.142333984375], [-0.011862589046359062, 0.02279704250395298, -0.9996697306632996, 1.562021255493164], [-0.3184739053249359, 0.9475916028022766, 0.025388594716787338, -0.1566162109375], [0.0, 0.0, 0.0, 1.0]], [[0.008822817355394363, 0.9998432993888855, 0.015350214205682278, -0.0289306640625], [-0.009777161292731762, 0.015436333604156971, -0.9998330473899841, 1.5677719116210938], [-0.9999133944511414, 0.008671293035149574, 0.009911821223795414, 0.015380859375], [0.0, 0.0, 0.0, 1.0]], [[-0.9240494966506958, 0.38226521015167236, 0.002428228035569191, 1.1090087890625], [-0.005581274628639221, -0.007139666471630335, -0.9999589323997498, 1.5475068092346191], [-0.38223206996917725, -0.9240251183509827, 0.008730931207537651, -0.064422607421875], [0.0, 0.0, 0.0, 1.0]]], "view": [[0.0, -2.0, 100.0], [-2.0, 0.0, 100.0], [0.0, 0.0, 1.0]], "bev": "bev_b675b4b28bb9442a9009bdf6a1c758f3.png", "aux": "aux_b675b4b28bb9442a9009bdf6a1c758f3.npz", "visibility": "visibility_b675b4b28bb9442a9009bdf6a1c758f3.png", "pose": [[-0.6903229355812073, 0.7235013842582703, 0.0, 1566.9017333984375], [-0.7235013842582703, -0.6903229355812073, 0.0, 843.8489379882812], [0.0, 0.0, 1.0, 0.0], [0.0, 0.0, 0.0, 1.0]], "pose_inverse": [[-0.6903229355812073, -0.7235013842582703, 0.0, 1692.194091796875], [0.7235013842582703, -0.6903229355812073, 0.0, -551.1273193359375], [0.0, 0.0, 1.0, 0.0], [0.0, 0.0, 0.0, 1.0]], "cam_ids": [0, 1, 2, 3, 4, 5], "cam_channels": ["CAM_FRONT_LEFT", "CAM_FRONT", "CAM_FRONT_RIGHT", "CAM_BACK_LEFT", "CAM_BACK", "CAM_BACK_RIGHT"], "token": "b675b4b28bb9442a9009bdf6a1c758f3", "scene": "scene-0461"}, {"images": ["samples/CAM_FRONT_LEFT/n008-2018-09-18-12-53-31-0400__CAM_FRONT_LEFT__1537289811904799.jpg", "samples/CAM_FRONT/n008-2018-09-18-12-53-31-0400__CAM_FRONT__1537289811912404.jpg", "samples/CAM_FRONT_RIGHT/n008-2018-09-18-12-53-31-0400__CAM_FRONT_RIGHT__1537289811920482.jpg", "samples/CAM_BACK_LEFT/n008-2018-09-18-12-53-31-0400__CAM_BACK_LEFT__1537289811947405.jpg", "samples/CAM_BACK/n008-2018-09-18-12-53-31-0400__CAM_BACK__1537289811937558.jpg", "samples/CAM_BACK_RIGHT/n008-2018-09-18-12-53-31-0400__CAM_BACK_RIGHT__1537289811928113.jpg"], "intrinsics": [[[1257.8625342125129, 0.0, 827.2410631095686], [0.0, 1257.8625342125129, 450.915498205774], [0.0, 0.0, 1.0]], [[1252.8131021185304, 0.0, 826.588114781398], [0.0, 1252.8131021185304, 469.9846626224581], [0.0, 0.0, 1.0]], [[1256.7485116440405, 0.0, 817.7887570959712], [0.0, 1256.7485116440403, 451.9541780095127], [0.0, 0.0, 1.0]], [[1254.9860565800168, 0.0, 829.5769333630991], [0.0, 1254.9860565800168, 467.1680561863987], [0.0, 0.0, 1.0]], [[796.8910634503094, 0.0, 857.7774326863696], [0.0, 796.8910634503094, 476.8848988407415], [0.0, 0.0, 1.0]], [[1249.9629280788233, 0.0, 825.3768045375984], [0.0, 1249.9629280788233, 462.54816385708756], [0.0, 0.0, 1.0]]], "extrinsics": [[[0.8253893852233887, -0.5645424127578735, -0.004929304122924805, -0.878662109375], [0.003977751825004816, 0.014546182937920094, -0.9998862743377686, 1.4888954162597656], [0.5645499229431152, 0.8252758979797363, 0.014251871965825558, -1.24737548828125], [0.0, 0.0, 0.0, 1.0]], [[0.014423252083361149, -0.9998450875282288, -0.010090894065797329, 0.0074462890625], [0.0060377707704901695, 0.010178850032389164, -0.9999299645423889, 1.4809236526489258], [0.9998777508735657, 0.014361272566020489, 0.006183646619319916, -1.6085205078125], [0.0, 0.0, 0.0, 1.0]], [[-0.8422436118125916, -0.5389494895935059, -0.012618492357432842, 1.0084228515625], [0.014178947545588017, 0.0012525938218459487, -0.9998986721038818, 1.4944572448730469], [0.5389106273651123, -0.8423372507095337, 0.00658674631267786, -1.2247314453125], [0.0, 0.0, 0.0, 1.0]], [[0.9478232264518738, 0.31874987483024597, -0.0054541947320103645, -1.1396484375], [-0.01104950625449419, 0.015748372301459312, -0.9998149275779724, 1.5619964599609375], [-0.3186050355434418, 0.947708010673523, 0.01844870112836361, -0.15765380859375], [0.0, 0.0, 0.0, 1.0]], [[0.00792983453720808, 0.9999330043792725, 0.008434075862169266, -0.0286865234375], [-0.008974873460829258, 0.008505171164870262, -0.9999235272407532, 1.5677127838134766], [-0.9999282956123352, 0.007853533141314983, 0.009041717275977135, 0.0054931640625], [0.0, 0.0, 0.0, 1.0]], [[-0.924658477306366, 0.38079634308815, -0.0008899031672626734, 1.0946044921875], [-0.004768076818436384, -0.013914654962718487, -0.9998918175697327, 1.5474745035171509], [-0.3807675242424011, -0.9245542883872986, 0.014681970700621605, -0.0706329345703125], [0.0, 0.0, 0.0, 1.0]]], "view": [[0.0, -2.0, 100.0], [-2.0, 0.0, 100.0], [0.0, 0.0, 1.0]], "bev": "bev_8a69c41f32324380b91ef2d14966e419.png", "aux": "aux_8a69c41f32324380b91ef2d14966e419.npz", "visibility": "visibility_8a69c41f32324380b91ef2d14966e419.png", "pose": [[-0.7124390006065369, 0.7017340660095215, 0.0, 1565.7879638671875], [-0.7017340660095215, -0.7124390006065369, 0.0, 842.728271484375], [0.0, 0.0, 1.0, 0.0], [0.0, 0.0, 0.0, 1.0]], "pose_inverse": [[-0.7124390006065369, -0.7017340660095215, 0.0, 1706.8995361328125], [0.7017340660095215, -0.7124390006065369, 0.0, -498.3742370605469], [0.0, 0.0, 1.0, 0.0], [0.0, 0.0, 0.0, 1.0]], "cam_ids": [0, 1, 2, 3, 4, 5], "cam_channels": ["CAM_FRONT_LEFT", "CAM_FRONT", "CAM_FRONT_RIGHT", "CAM_BACK_LEFT", "CAM_BACK", "CAM_BACK_RIGHT"], "token": "8a69c41f32324380b91ef2d14966e419", "scene": "scene-0461"}, {"images": ["samples/CAM_FRONT_LEFT/n008-2018-09-18-12-53-31-0400__CAM_FRONT_LEFT__1537289812404799.jpg", "samples/CAM_FRONT/n008-2018-09-18-12-53-31-0400__CAM_FRONT__1537289812412404.jpg", "samples/CAM_FRONT_RIGHT/n008-2018-09-18-12-53-31-0400__CAM_FRONT_RIGHT__1537289812420482.jpg", "samples/CAM_BACK_LEFT/n008-2018-09-18-12-53-31-0400__CAM_BACK_LEFT__1537289812447405.jpg", "samples/CAM_BACK/n008-2018-09-18-12-53-31-0400__CAM_BACK__1537289812437558.jpg", "samples/CAM_BACK_RIGHT/n008-2018-09-18-12-53-31-0400__CAM_BACK_RIGHT__1537289812428113.jpg"], "intrinsics": [[[1257.8625342125129, 0.0, 827.2410631095686], [0.0, 1257.8625342125129, 450.915498205774], [0.0, 0.0, 1.0]], [[1252.8131021185304, 0.0, 826.588114781398], [0.0, 1252.8131021185304, 469.9846626224581], [0.0, 0.0, 1.0]], [[1256.7485116440405, 0.0, 817.7887570959712], [0.0, 1256.7485116440403, 451.9541780095127], [0.0, 0.0, 1.0]], [[1254.9860565800168, 0.0, 829.5769333630991], [0.0, 1254.9860565800168, 467.1680561863987], [0.0, 0.0, 1.0]], [[796.8910634503094, 0.0, 857.7774326863696], [0.0, 796.8910634503094, 476.8848988407415], [0.0, 0.0, 1.0]], [[1249.9629280788233, 0.0, 825.3768045375984], [0.0, 1249.9629280788233, 462.54816385708756], [0.0, 0.0, 1.0]]], "extrinsics": [[[0.8288166522979736, -0.5594926476478577, -0.005569416098296642, -0.85205078125], [0.0011051634792238474, 0.011590889655053616, -0.9999321699142456, 1.4885077476501465], [0.5595192313194275, 0.8287543058395386, 0.010225051082670689, -1.22906494140625], [0.0, 0.0, 0.0, 1.0]], [[0.01987212337553501, -0.9997736811637878, -0.007600799668580294, 0.007965087890625], [0.003055175766348839, 0.007662988733500242, -0.9999659657478333, 1.4806370735168457], [0.9997978210449219, 0.019848275929689407, 0.0032067648135125637, -1.5819091796875], [0.0, 0.0, 0.0, 1.0]], [[-0.839686930179596, -0.5429980158805847, -0.00888853333890438, 0.990966796875], [0.011094663292169571, -0.0007883277721703053, -0.9999380707740784, 1.4943885803222656], [0.5429574251174927, -0.8397336602210999, 0.006686327513307333, -1.2132568359375], [0.0, 0.0, 0.0, 1.0]], [[0.9475959539413452, 0.31934741139411926, -0.00890661496669054, -1.1370849609375], [-0.014372972771525383, 0.014764627441763878, -0.9997876882553101, 1.5619468688964844], [-0.31914812326431274, 0.9475226998329163, 0.01858087256550789, -0.15802001953125], [0.0, 0.0, 0.0, 1.0]], [[0.005950636696070433, 0.9999578595161438, 0.006992280948907137, -0.0284423828125], [-0.012216728180646896, 0.007064579986035824, -0.9999004006385803, 1.5674781799316406], [-0.9999077320098877, 0.005864602047950029, 0.012258253060281277, -0.00341796875], [0.0, 0.0, 0.0, 1.0]], [[-0.9260210394859314, 0.37746989727020264, 0.0013179543893784285, 1.080322265625], [-0.00787387602031231, -0.015825435519218445, -0.9998437762260437, 1.5471243858337402], [-0.3773900270462036, -0.9258866310119629, 0.01762683503329754, -0.076751708984375], [0.0, 0.0, 0.0, 1.0]]], "view": [[0.0, -2.0, 100.0], [-2.0, 0.0, 100.0], [0.0, 0.0, 1.0]], "bev": "bev_17fb74cabc63491fa2c3c7df96160904.png", "aux": "aux_17fb74cabc63491fa2c3c7df96160904.npz", "visibility": "visibility_17fb74cabc63491fa2c3c7df96160904.png", "pose": [[-0.7773208022117615, 0.6291044354438782, 0.0, 1564.333984375], [-0.6291044354438782, -0.7773208022117615, 0.0, 841.4320068359375], [0.0, 0.0, 1.0, 0.0], [0.0, 0.0, 0.0, 1.0]], "pose_inverse": [[-0.7773208022117615, -0.6291044354438782, 0.0, 1745.337890625], [0.6291044354438782, -0.7773208022117615, 0.0, -330.06683349609375], [0.0, 0.0, 1.0, 0.0], [0.0, 0.0, 0.0, 1.0]], "cam_ids": [0, 1, 2, 3, 4, 5], "cam_channels": ["CAM_FRONT_LEFT", "CAM_FRONT", "CAM_FRONT_RIGHT", "CAM_BACK_LEFT", "CAM_BACK", "CAM_BACK_RIGHT"], "token": "17fb74cabc63491fa2c3c7df96160904", "scene": "scene-0461"}, {"images": ["samples/CAM_FRONT_LEFT/n008-2018-09-18-12-53-31-0400__CAM_FRONT_LEFT__1537289812904799.jpg", "samples/CAM_FRONT/n008-2018-09-18-12-53-31-0400__CAM_FRONT__1537289812912404.jpg", "samples/CAM_FRONT_RIGHT/n008-2018-09-18-12-53-31-0400__CAM_FRONT_RIGHT__1537289812920482.jpg", "samples/CAM_BACK_LEFT/n008-2018-09-18-12-53-31-0400__CAM_BACK_LEFT__1537289812947405.jpg", "samples/CAM_BACK/n008-2018-09-18-12-53-31-0400__CAM_BACK__1537289812937558.jpg", "samples/CAM_BACK_RIGHT/n008-2018-09-18-12-53-31-0400__CAM_BACK_RIGHT__1537289812928113.jpg"], "intrinsics": [[[1257.8625342125129, 0.0, 827.2410631095686], [0.0, 1257.8625342125129, 450.915498205774], [0.0, 0.0, 1.0]], [[1252.8131021185304, 0.0, 826.588114781398], [0.0, 1252.8131021185304, 469.9846626224581], [0.0, 0.0, 1.0]], [[1256.7485116440405, 0.0, 817.7887570959712], [0.0, 1256.7485116440403, 451.9541780095127], [0.0, 0.0, 1.0]], [[1254.9860565800168, 0.0, 829.5769333630991], [0.0, 1254.9860565800168, 467.1680561863987], [0.0, 0.0, 1.0]], [[796.8910634503094, 0.0, 857.7774326863696], [0.0, 796.8910634503094, 476.8848988407415], [0.0, 0.0, 1.0]], [[1249.9629280788233, 0.0, 825.3768045375984], [0.0, 1249.9629280788233, 462.54816385708756], [0.0, 0.0, 1.0]]], "extrinsics": [[[0.8305867314338684, -0.5567807555198669, -0.011001325212419033, -0.8323974609375], [-0.011805376969277859, 0.0021465267054736614, -0.9999279975891113, 1.485830307006836], [0.5567643046379089, 0.8306567668914795, -0.004790131468325853, -1.2154541015625], [0.0, 0.0, 0.0, 1.0]], [[0.022310206666588783, -0.9997496604919434, 0.0016801173333078623, 0.0077972412109375], [-0.010080285370349884, -0.0019053990254178643, -0.9999473690986633, 1.4784202575683594], [0.9997003078460693, 0.022291991859674454, -0.010120270773768425, -1.5616455078125], [0.0, 0.0, 0.0, 1.0]], [[-0.8388597965240479, -0.5442944169044495, 0.007612458895891905, 0.976806640625], [-0.0022734927479177713, -0.010481237433850765, -0.999942421913147, 1.4927529096603394], [0.5443428158760071, -0.8388288617134094, 0.00755483889952302, -1.2047119140625], [0.0, 0.0, 0.0, 1.0]], [[0.9473827481269836, 0.31911152601242065, -0.025173811241984367, -1.1341552734375], [-0.028204139322042465, 0.00487797474488616, -0.999590277671814, 1.5617599487304688], [-0.31885796785354614, 0.9477046728134155, 0.013621575199067593, -0.158935546875], [0.0, 0.0, 0.0, 1.0]], [[0.0053549883887171745, 0.9999812841415405, -0.0029655189719051123, -0.0280609130859375], [-0.02593391202390194, -0.0028256874065846205, -0.9996596574783325, 1.5666160583496094], [-0.9996493458747864, 0.00543005159124732, 0.025918297469615936, -0.0113525390625], [0.0, 0.0, 0.0, 1.0]], [[-0.9263556003570557, 0.37651368975639343, 0.010136364959180355, 1.0687255859375], [-0.021358849480748177, -0.025643613189458847, -0.999442994594574, 1.5456695556640625], [-0.37604397535324097, -0.9260560870170593, 0.031797003000974655, -0.08184814453125], [0.0, 0.0, 0.0, 1.0]]], "view": [[0.0, -2.0, 100.0], [-2.0, 0.0, 100.0], [0.0, 0.0, 1.0]], "bev": "bev_14df390567f24ecc91456bdc6ace1644.png", "aux": "aux_14df390567f24ecc91456bdc6ace1644.npz", "visibility": "visibility_14df390567f24ecc91456bdc6ace1644.png", "pose": [[-0.8569939136505127, 0.5153265595436096, 0.0, 1562.5474853515625], [-0.5153265595436096, -0.8569939136505127, 0.0, 840.1921997070312], [0.0, 0.0, 1.0, 0.0], [0.0, 0.0, 0.0, 1.0]], "pose_inverse": [[-0.8569939136505127, -0.5153265595436096, 0.0, 1772.0670166015625], [0.5153265595436096, -0.8569939136505127, 0.0, -85.1826400756836], [0.0, 0.0, 1.0, 0.0], [0.0, 0.0, 0.0, 1.0]], "cam_ids": [0, 1, 2, 3, 4, 5], "cam_channels": ["CAM_FRONT_LEFT", "CAM_FRONT", "CAM_FRONT_RIGHT", "CAM_BACK_LEFT", "CAM_BACK", "CAM_BACK_RIGHT"], "token": "14df390567f24ecc91456bdc6ace1644", "scene": "scene-0461"}, {"images": ["samples/CAM_FRONT_LEFT/n008-2018-09-18-12-53-31-0400__CAM_FRONT_LEFT__1537289813404799.jpg", "samples/CAM_FRONT/n008-2018-09-18-12-53-31-0400__CAM_FRONT__1537289813412404.jpg", "samples/CAM_FRONT_RIGHT/n008-2018-09-18-12-53-31-0400__CAM_FRONT_RIGHT__1537289813420482.jpg", "samples/CAM_BACK_LEFT/n008-2018-09-18-12-53-31-0400__CAM_BACK_LEFT__1537289813447405.jpg", "samples/CAM_BACK/n008-2018-09-18-12-53-31-0400__CAM_BACK__1537289813437558.jpg", "samples/CAM_BACK_RIGHT/n008-2018-09-18-12-53-31-0400__CAM_BACK_RIGHT__1537289813428113.jpg"], "intrinsics": [[[1257.8625342125129, 0.0, 827.2410631095686], [0.0, 1257.8625342125129, 450.915498205774], [0.0, 0.0, 1.0]], [[1252.8131021185304, 0.0, 826.588114781398], [0.0, 1252.8131021185304, 469.9846626224581], [0.0, 0.0, 1.0]], [[1256.7485116440405, 0.0, 817.7887570959712], [0.0, 1256.7485116440403, 451.9541780095127], [0.0, 0.0, 1.0]], [[1254.9860565800168, 0.0, 829.5769333630991], [0.0, 1254.9860565800168, 467.1680561863987], [0.0, 0.0, 1.0]], [[796.8910634503094, 0.0, 857.7774326863696], [0.0, 796.8910634503094, 476.8848988407415], [0.0, 0.0, 1.0]], [[1249.9629280788233, 0.0, 825.3768045375984], [0.0, 1249.9629280788233, 462.54816385708756], [0.0, 0.0, 1.0]]], "extrinsics": [[[0.8315895795822144, -0.5552757382392883, -0.011302677914500237, -0.819091796875], [-0.009881029836833477, 0.005555781070142984, -0.9999357461929321, 1.4860801696777344], [0.5553027987480164, 0.8316477537155151, -0.0008665670757181942, -1.207275390625], [0.0, 0.0, 0.0, 1.0]], [[0.02383146621286869, -0.9997138381004333, -0.00207696994766593, 0.0088043212890625], [-0.0074878958985209465, 0.0018990037497133017, -0.9999701976776123, 1.4787635803222656], [0.999687910079956, 0.023846320807933807, -0.007440496236085892, -1.54736328125], [0.0, 0.0, 0.0, 1.0]], [[-0.8381887674331665, -0.5453742146492004, 0.0025510587729513645, 0.96630859375], [0.001026697806082666, -0.0062554702162742615, -0.9999798536300659, 1.4932222366333008], [0.5453792810440063, -0.8381693363189697, 0.005803199484944344, -1.19696044921875], [0.0, 0.0, 0.0, 1.0]], [[0.9474049806594849, 0.3195064067840576, -0.018428806215524673, -1.1318359375], [-0.022816821932792664, 0.009995663538575172, -0.9996896982192993, 1.5617523193359375], [-0.3192230761051178, 0.9475313425064087, 0.01676006242632866, -0.15997314453125], [0.0, 0.0, 0.0, 1.0]], [[0.004720361437648535, 0.9999868869781494, 0.0019872405100613832, -0.0283966064453125], [-0.02141312137246132, 0.002087886445224285, -0.9997684955596924, 1.5667304992675781], [-0.9997595548629761, 0.004676701966673136, 0.021422697231173515, -0.017822265625], [0.0, 0.0, 0.0, 1.0]], [[-0.9267616868019104, 0.37555769085884094, 0.00831324327737093, 1.05908203125], [-0.017512651160359383, -0.02108846791088581, -0.9996241927146912, 1.5458908081054688], [-0.3752411901950836, -0.9265590906143188, 0.026120996102690697, -0.08502197265625], [0.0, 0.0, 0.0, 1.0]]], "view": [[0.0, -2.0, 100.0], [-2.0, 0.0, 100.0], [0.0, 0.0, 1.0]], "bev": "bev_7ef5e199dcf141cdbd6e46f11b06eb44.png", "aux": "aux_7ef5e199dcf141cdbd6e46f11b06eb44.npz", "visibility": "visibility_7ef5e199dcf141cdbd6e46f11b06eb44.png", "pose": [[-0.933307409286499, 0.3590783178806305, 0.0, 1560.391357421875], [-0.3590783178806305, -0.933307409286499, 0.0, 839.1404418945312], [0.0, 0.0, 1.0, 0.0], [0.0, 0.0, 0.0, 1.0]], "pose_inverse": [[-0.933307409286499, -0.3590783178806305, 0.0, 1757.6419677734375], [0.3590783178806305, -0.933307409286499, 0.0, 222.87327575683594], [0.0, 0.0, 1.0, 0.0], [0.0, 0.0, 0.0, 1.0]], "cam_ids": [0, 1, 2, 3, 4, 5], "cam_channels": ["CAM_FRONT_LEFT", "CAM_FRONT", "CAM_FRONT_RIGHT", "CAM_BACK_LEFT", "CAM_BACK", "CAM_BACK_RIGHT"], "token": "7ef5e199dcf141cdbd6e46f11b06eb44", "scene": "scene-0461"}, {"images": ["samples/CAM_FRONT_LEFT/n008-2018-09-18-12-53-31-0400__CAM_FRONT_LEFT__1537289813854799.jpg", "samples/CAM_FRONT/n008-2018-09-18-12-53-31-0400__CAM_FRONT__1537289813862404.jpg", "samples/CAM_FRONT_RIGHT/n008-2018-09-18-12-53-31-0400__CAM_FRONT_RIGHT__1537289813870482.jpg", "samples/CAM_BACK_LEFT/n008-2018-09-18-12-53-31-0400__CAM_BACK_LEFT__1537289813897405.jpg", "samples/CAM_BACK/n008-2018-09-18-12-53-31-0400__CAM_BACK__1537289813887558.jpg", "samples/CAM_BACK_RIGHT/n008-2018-09-18-12-53-31-0400__CAM_BACK_RIGHT__1537289813878113.jpg"], "intrinsics": [[[1257.8625342125129, 0.0, 827.2410631095686], [0.0, 1257.8625342125129, 450.915498205774], [0.0, 0.0, 1.0]], [[1252.8131021185304, 0.0, 826.588114781398], [0.0, 1252.8131021185304, 469.9846626224581], [0.0, 0.0, 1.0]], [[1256.7485116440405, 0.0, 817.7887570959712], [0.0, 1256.7485116440403, 451.9541780095127], [0.0, 0.0, 1.0]], [[1254.9860565800168, 0.0, 829.5769333630991], [0.0, 1254.9860565800168, 467.1680561863987], [0.0, 0.0, 1.0]], [[796.8910634503094, 0.0, 857.7774326863696], [0.0, 796.8910634503094, 476.8848988407415], [0.0, 0.0, 1.0]], [[1249.9629280788233, 0.0, 825.3768045375984], [0.0, 1249.9629280788233, 462.54816385708756], [0.0, 0.0, 1.0]]], "extrinsics": [[[0.8314347863197327, -0.5556147694587708, 0.002906443551182747, -0.814453125], [0.005444405134767294, 0.002916195662692189, -0.9999809265136719, 1.489548683166504], [0.5555956959724426, 0.8314348459243774, 0.0054496158845722675, -1.2044677734375], [0.0, 0.0, 0.0, 1.0]], [[0.023468390107154846, -0.9997242093086243, 0.0009156556334346533, 0.0091552734375], [0.007484836503863335, -0.0007401769980788231, -0.9999716877937317, 1.4815855026245117], [0.9996965527534485, 0.023474587127566338, 0.007465400267392397, -1.544677734375], [0.0, 0.0, 0.0, 1.0]], [[-0.8383931517601013, -0.5450032949447632, -0.008271102793514729, 0.9658203125], [0.015641579404473305, -0.008888074196875095, -0.99983811378479, 1.4953956604003906], [0.5448416471481323, -0.8383868336677551, 0.01597641222178936, -1.1968994140625], [0.0, 0.0, 0.0, 1.0]], [[0.9476212859153748, 0.3193226456642151, -0.006856024730950594, -1.13330078125], [-0.009808172471821308, 0.007637845817953348, -0.9999226927757263, 1.5619335174560547], [-0.31924569606781006, 0.9476152658462524, 0.010369756259024143, -0.15966033935546875], [0.0, 0.0, 0.0, 1.0]], [[0.0049239774234592915, 0.999987781047821, -0.0004713104572147131, -0.02862548828125], [-0.007745224516838789, -0.0004331638920120895, -0.9999698996543884, 1.5675840377807617], [-0.9999579191207886, 0.004927493166178465, 0.007742996793240309, -0.0172119140625], [0.0, 0.0, 0.0, 1.0]], [[-0.9266419410705566, 0.3758992850780487, -0.005861425306648016, 1.0587158203125], [-0.003283978207036853, -0.023684062063694, -0.9997140765190125, 1.5474472045898438], [-0.37593063712120056, -0.9263578057289124, 0.023181090131402016, -0.0850830078125], [0.0, 0.0, 0.0, 1.0]]], "view": [[0.0, -2.0, 100.0], [-2.0, 0.0, 100.0], [0.0, 0.0, 1.0]], "bev": "bev_603a12a5b7b64a10a3732086f1cac9a3.png", "aux": "aux_603a12a5b7b64a10a3732086f1cac9a3.npz", "visibility": "visibility_603a12a5b7b64a10a3732086f1cac9a3.png", "pose": [[-0.9796001315116882, 0.2009567767381668, 0.0, 1558.2041015625], [-0.2009567767381668, -0.9796001315116882, 0.0, 838.5081176757812], [0.0, 0.0, 1.0, 0.0], [0.0, 0.0, 0.0, 1.0]], "pose_inverse": [[-0.9796001315116882, -0.2009567767381668, 0.0, 1694.9207763671875], [0.2009567767381668, -0.9796001315116882, 0.0, 508.2709655761719], [0.0, 0.0, 1.0, 0.0], [0.0, 0.0, 0.0, 1.0]], "cam_ids": [0, 1, 2, 3, 4, 5], "cam_channels": ["CAM_FRONT_LEFT", "CAM_FRONT", "CAM_FRONT_RIGHT", "CAM_BACK_LEFT", "CAM_BACK", "CAM_BACK_RIGHT"], "token": "603a12a5b7b64a10a3732086f1cac9a3", "scene": "scene-0461"}, {"images": ["samples/CAM_FRONT_LEFT/n008-2018-09-18-12-53-31-0400__CAM_FRONT_LEFT__1537289814254799.jpg", "samples/CAM_FRONT/n008-2018-09-18-12-53-31-0400__CAM_FRONT__1537289814262404.jpg", "samples/CAM_FRONT_RIGHT/n008-2018-09-18-12-53-31-0400__CAM_FRONT_RIGHT__1537289814270482.jpg", "samples/CAM_BACK_LEFT/n008-2018-09-18-12-53-31-0400__CAM_BACK_LEFT__1537289814297405.jpg", "samples/CAM_BACK/n008-2018-09-18-12-53-31-0400__CAM_BACK__1537289814287558.jpg", "samples/CAM_BACK_RIGHT/n008-2018-09-18-12-53-31-0400__CAM_BACK_RIGHT__1537289814278113.jpg"], "intrinsics": [[[1257.8625342125129, 0.0, 827.2410631095686], [0.0, 1257.8625342125129, 450.915498205774], [0.0, 0.0, 1.0]], [[1252.8131021185304, 0.0, 826.588114781398], [0.0, 1252.8131021185304, 469.9846626224581], [0.0, 0.0, 1.0]], [[1256.7485116440405, 0.0, 817.7887570959712], [0.0, 1256.7485116440403, 451.9541780095127], [0.0, 0.0, 1.0]], [[1254.9860565800168, 0.0, 829.5769333630991], [0.0, 1254.9860565800168, 467.1680561863987], [0.0, 0.0, 1.0]], [[796.8910634503094, 0.0, 857.7774326863696], [0.0, 796.8910634503094, 476.8848988407415], [0.0, 0.0, 1.0]], [[1249.9629280788233, 0.0, 825.3768045375984], [0.0, 1249.9629280788233, 462.54816385708756], [0.0, 0.0, 1.0]]], "extrinsics": [[[0.8322606086730957, -0.5543747544288635, 0.0033137144055217505, -0.81292724609375], [0.010987977497279644, 0.010519111528992653, -0.999884307384491, 1.490865707397461], [0.5542756915092468, 0.8322007060050964, 0.014846098609268665, -1.2030029296875], [0.0, 0.0, 0.0, 1.0]], [[0.024706831201910973, -0.9996762275695801, -0.006086684297770262, 0.009033203125], [0.013048162683844566, 0.0064104958437383175, -0.999894380569458, 1.4826774597167969], [0.9996095299720764, 0.02462480217218399, 0.013202320784330368, -1.5428466796875], [0.0, 0.0, 0.0, 1.0]], [[-0.8378217816352844, -0.5456911325454712, -0.016611507162451744, 0.9647216796875], [0.021248245611786842, -0.002189015969634056, -0.999771773815155, 1.4962539672851562], [0.5455302596092224, -0.8379836082458496, 0.01342898327857256, -1.1963043212890625], [0.0, 0.0, 0.0, 1.0]], [[0.9476351737976074, 0.31935498118400574, 0.00041837390745058656, -1.134033203125], [-0.003978738561272621, 0.013116206973791122, -0.999906063079834, 1.5620019435882568], [-0.3193305432796478, 0.9475443363189697, 0.013700006529688835, -0.1593017578125], [0.0, 0.0, 0.0, 1.0]], [[0.004595160949975252, 0.9999749660491943, 0.005392208229750395, -0.028564453125], [-0.0019462441559880972, 0.005401198286563158, -0.9999834895133972, 1.5679419040679932], [-0.9999876618385315, 0.004584587179124355, 0.001971014542505145, -0.016845703125], [0.0, 0.0, 0.0, 1.0]], [[-0.9268380999565125, 0.37535929679870605, -0.008755940943956375, 1.05859375], [0.0023971518967300653, -0.01740417629480362, -0.9998456239700317, 1.548072338104248], [-0.3754537105560303, -0.9267159700393677, 0.01523105800151825, -0.08544921875], [0.0, 0.0, 0.0, 1.0]]], "view": [[0.0, -2.0, 100.0], [-2.0, 0.0, 100.0], [0.0, 0.0, 1.0]], "bev": "bev_2935f06956a042a5b3c5402fd46382fa.png", "aux": "aux_2935f06956a042a5b3c5402fd46382fa.npz", "visibility": "visibility_2935f06956a042a5b3c5402fd46382fa.png", "pose": [[-0.9987980127334595, 0.04901620000600815, 0.0, 1556.140380859375], [-0.04901620000600815, -0.9987980127334595, 0.0, 838.2422485351562], [0.0, 0.0, 1.0, 0.0], [0.0, 0.0, 0.0, 1.0]], "pose_inverse": [[-0.9987980127334595, -0.04901620000600815, 0.0, 1595.3572998046875], [0.04901620000600815, -0.9987980127334595, 0.0, 760.9585571289062], [0.0, 0.0, 1.0, 0.0], [0.0, 0.0, 0.0, 1.0]], "cam_ids": [0, 1, 2, 3, 4, 5], "cam_channels": ["CAM_FRONT_LEFT", "CAM_FRONT", "CAM_FRONT_RIGHT", "CAM_BACK_LEFT", "CAM_BACK", "CAM_BACK_RIGHT"], "token": "2935f06956a042a5b3c5402fd46382fa", "scene": "scene-0461"}, {"images": ["samples/CAM_FRONT_LEFT/n008-2018-09-18-12-53-31-0400__CAM_FRONT_LEFT__1537289814754799.jpg", "samples/CAM_FRONT/n008-2018-09-18-12-53-31-0400__CAM_FRONT__1537289814762404.jpg", "samples/CAM_FRONT_RIGHT/n008-2018-09-18-12-53-31-0400__CAM_FRONT_RIGHT__1537289814770482.jpg", "samples/CAM_BACK_LEFT/n008-2018-09-18-12-53-31-0400__CAM_BACK_LEFT__1537289814797405.jpg", "samples/CAM_BACK/n008-2018-09-18-12-53-31-0400__CAM_BACK__1537289814787558.jpg", "samples/CAM_BACK_RIGHT/n008-2018-09-18-12-53-31-0400__CAM_BACK_RIGHT__1537289814778113.jpg"], "intrinsics": [[[1257.8625342125129, 0.0, 827.2410631095686], [0.0, 1257.8625342125129, 450.915498205774], [0.0, 0.0, 1.0]], [[1252.8131021185304, 0.0, 826.588114781398], [0.0, 1252.8131021185304, 469.9846626224581], [0.0, 0.0, 1.0]], [[1256.7485116440405, 0.0, 817.7887570959712], [0.0, 1256.7485116440403, 451.9541780095127], [0.0, 0.0, 1.0]], [[1254.9860565800168, 0.0, 829.5769333630991], [0.0, 1254.9860565800168, 467.1680561863987], [0.0, 0.0, 1.0]], [[796.8910634503094, 0.0, 857.7774326863696], [0.0, 796.8910634503094, 476.8848988407415], [0.0, 0.0, 1.0]], [[1249.9629280788233, 0.0, 825.3768045375984], [0.0, 1249.9629280788233, 462.54816385708756], [0.0, 0.0, 1.0]]], "extrinsics": [[[0.8306838870048523, -0.5567433834075928, 0.0010277483379468322, -0.80316162109375], [0.014784538187086582, 0.020213713869452477, -0.9996863603591919, 1.4918594360351562], [0.5565480589866638, 0.8304385542869568, 0.02502240054309368, -1.1993408203125], [0.0, 0.0, 0.0, 1.0]], [[0.0222359336912632, -0.999627947807312, -0.015795061364769936, 0.010986328125], [0.016891002655029297, 0.016172347590327263, -0.9997265338897705, 1.4835357666015625], [0.9996100664138794, 0.021963046863675117, 0.017244325950741768, -1.5341796875], [0.0, 0.0, 0.0, 1.0]], [[-0.8387886881828308, -0.5438741445541382, -0.025191428139805794, 0.9593505859375], [0.025090279057621956, 0.007607144769281149, -0.9996562004089355, 1.4970130920410156], [0.5438787341117859, -0.8391323685646057, 0.007265165448188782, -1.1911239624023438], [0.0, 0.0, 0.0, 1.0]], [[0.9476202130317688, 0.31932008266448975, 0.007108015473932028, -1.1317138671875], [-0.00022776841069571674, 0.022929919883608818, -0.999737024307251, 1.5620403289794922], [-0.3193991184234619, 0.9473694562911987, 0.02180158905684948, -0.16033935546875], [0.0, 0.0, 0.0, 1.0]], [[0.0052437493577599525, 0.9998700022697449, 0.015249203890562057, -0.029052734375], [0.0018573094857856631, 0.015239650383591652, -0.9998821020126343, 1.5681724548339844], [-0.9999845623970032, 0.005271466914564371, -0.0017771560233086348, -0.0213623046875], [0.0, 0.0, 0.0, 1.0]], [[-0.9262924790382385, 0.3767073154449463, -0.008585839532315731, 1.0523681640625], [0.006194388493895531, -0.007559220306575298, -0.9999521970748901, 1.5485385656356812], [-0.37675419449806213, -0.9263014197349548, 0.004668579436838627, -0.0869140625], [0.0, 0.0, 0.0, 1.0]]], "view": [[0.0, -2.0, 100.0], [-2.0, 0.0, 100.0], [0.0, 0.0, 1.0]], "bev": "bev_7544bdd2d7ce4e7f93c5d1289e0bcc72.png", "aux": "aux_7544bdd2d7ce4e7f93c5d1289e0bcc72.npz", "visibility": "visibility_7544bdd2d7ce4e7f93c5d1289e0bcc72.png", "pose": [[-0.9917862415313721, -0.1279064565896988, 0.0, 1553.5001220703125], [0.1279064565896988, -0.9917862415313721, 0.0, 838.380615234375], [0.0, 0.0, 1.0, 0.0], [0.0, 0.0, 0.0, 1.0]], "pose_inverse": [[-0.9917862415313721, 0.1279064565896988, 0.0, 1433.5057373046875], [-0.1279064565896988, -0.9917862415313721, 0.0, 1030.197021484375], [0.0, 0.0, 1.0, 0.0], [0.0, 0.0, 0.0, 1.0]], "cam_ids": [0, 1, 2, 3, 4, 5], "cam_channels": ["CAM_FRONT_LEFT", "CAM_FRONT", "CAM_FRONT_RIGHT", "CAM_BACK_LEFT", "CAM_BACK", "CAM_BACK_RIGHT"], "token": "7544bdd2d7ce4e7f93c5d1289e0bcc72", "scene": "scene-0461"}, {"images": ["samples/CAM_FRONT_LEFT/n008-2018-09-18-12-53-31-0400__CAM_FRONT_LEFT__1537289815254799.jpg", "samples/CAM_FRONT/n008-2018-09-18-12-53-31-0400__CAM_FRONT__1537289815262404.jpg", "samples/CAM_FRONT_RIGHT/n008-2018-09-18-12-53-31-0400__CAM_FRONT_RIGHT__1537289815270482.jpg", "samples/CAM_BACK_LEFT/n008-2018-09-18-12-53-31-0400__CAM_BACK_LEFT__1537289815297405.jpg", "samples/CAM_BACK/n008-2018-09-18-12-53-31-0400__CAM_BACK__1537289815287558.jpg", "samples/CAM_BACK_RIGHT/n008-2018-09-18-12-53-31-0400__CAM_BACK_RIGHT__1537289815278113.jpg"], "intrinsics": [[[1257.8625342125129, 0.0, 827.2410631095686], [0.0, 1257.8625342125129, 450.915498205774], [0.0, 0.0, 1.0]], [[1252.8131021185304, 0.0, 826.588114781398], [0.0, 1252.8131021185304, 469.9846626224581], [0.0, 0.0, 1.0]], [[1256.7485116440405, 0.0, 817.7887570959712], [0.0, 1256.7485116440403, 451.9541780095127], [0.0, 0.0, 1.0]], [[1254.9860565800168, 0.0, 829.5769333630991], [0.0, 1254.9860565800168, 467.1680561863987], [0.0, 0.0, 1.0]], [[796.8910634503094, 0.0, 857.7774326863696], [0.0, 796.8910634503094, 476.8848988407415], [0.0, 0.0, 1.0]], [[1249.9629280788233, 0.0, 825.3768045375984], [0.0, 1249.9629280788233, 462.54816385708756], [0.0, 0.0, 1.0]]], "extrinsics": [[[0.8293153643608093, -0.5587804913520813, 0.000658795761410147, -0.794952392578125], [0.01984238624572754, 0.028270835056900978, -0.9994032979011536, 1.4933433532714844], [0.5584284663200378, 0.8288335800170898, 0.034532975405454636, -1.1912841796875], [0.0, 0.0, 0.0, 1.0]], [[0.020512357354164124, -0.9995123147964478, -0.02354428544640541, 0.009765625], [0.02199852280318737, 0.023994749411940575, -0.999470055103302, 1.48480224609375], [0.99954754114151, 0.01998353749513626, 0.022479983046650887, -1.52392578125], [0.0, 0.0, 0.0, 1.0]], [[-0.8394170999526978, -0.5424458384513855, -0.033635590225458145, 0.951904296875], [0.030245967209339142, 0.01516712550073862, -0.9994273781776428, 1.4980697631835938], [0.5426454544067383, -0.8399538397789001, 0.0036752577871084213, -1.18780517578125], [0.0, 0.0, 0.0, 1.0]], [[0.9476166367530823, 0.3190876543521881, 0.014345725998282433, -1.1317138671875], [0.005125394091010094, 0.029716890305280685, -0.9995452165603638, 1.5621070861816406], [-0.3193688690662384, 0.9472591876983643, 0.026524769142270088, -0.16015625], [0.0, 0.0, 0.0, 1.0]], [[0.00576796755194664, 0.9997329711914062, 0.02237486094236374, -0.0284423828125], [0.00718225073069334, 0.022333238273859024, -0.9997247457504272, 1.5685501098632812], [-0.9999576210975647, 0.005927077028900385, -0.0070515163242816925, -0.0242919921875], [0.0, 0.0, 0.0, 1.0]], [[-0.9258392453193665, 0.3777681589126587, -0.010620804503560066, 1.0474853515625], [0.011390653438866138, -0.00019642127153929323, -0.9999350905418396, 1.5492019653320312], [-0.3777455985546112, -0.9259002208709717, -0.004121171776205301, -0.089599609375], [0.0, 0.0, 0.0, 1.0]]], "view": [[0.0, -2.0, 100.0], [-2.0, 0.0, 100.0], [0.0, 0.0, 1.0]], "bev": "bev_a4bfa219eb0146f19c1e29622cfdc4ef.png", "aux": "aux_a4bfa219eb0146f19c1e29622cfdc4ef.npz", "visibility": "visibility_a4bfa219eb0146f19c1e29622cfdc4ef.png", "pose": [[-0.9640626907348633, -0.26567476987838745, 0.0, 1550.804443359375], [0.26567476987838745, -0.9640626907348633, 0.0, 838.9312133789062], [0.0, 0.0, 1.0, 0.0], [0.0, 0.0, 0.0, 1.0]], "pose_inverse": [[-0.9640626907348633, 0.26567476987838745, 0.0, 1272.1898193359375], [-0.26567476987838745, -0.9640626907348633, 0.0, 1220.7919921875], [0.0, 0.0, 1.0, 0.0], [0.0, 0.0, 0.0, 1.0]], "cam_ids": [0, 1, 2, 3, 4, 5], "cam_channels": ["CAM_FRONT_LEFT", "CAM_FRONT", "CAM_FRONT_RIGHT", "CAM_BACK_LEFT", "CAM_BACK", "CAM_BACK_RIGHT"], "token": "a4bfa219eb0146f19c1e29622cfdc4ef", "scene": "scene-0461"}, {"images": ["samples/CAM_FRONT_LEFT/n008-2018-09-18-12-53-31-0400__CAM_FRONT_LEFT__1537289815754799.jpg", "samples/CAM_FRONT/n008-2018-09-18-12-53-31-0400__CAM_FRONT__1537289815762404.jpg", "samples/CAM_FRONT_RIGHT/n008-2018-09-18-12-53-31-0400__CAM_FRONT_RIGHT__1537289815770482.jpg", "samples/CAM_BACK_LEFT/n008-2018-09-18-12-53-31-0400__CAM_BACK_LEFT__1537289815797405.jpg", "samples/CAM_BACK/n008-2018-09-18-12-53-31-0400__CAM_BACK__1537289815787558.jpg", "samples/CAM_BACK_RIGHT/n008-2018-09-18-12-53-31-0400__CAM_BACK_RIGHT__1537289815778113.jpg"], "intrinsics": [[[1257.8625342125129, 0.0, 827.2410631095686], [0.0, 1257.8625342125129, 450.915498205774], [0.0, 0.0, 1.0]], [[1252.8131021185304, 0.0, 826.588114781398], [0.0, 1252.8131021185304, 469.9846626224581], [0.0, 0.0, 1.0]], [[1256.7485116440405, 0.0, 817.7887570959712], [0.0, 1256.7485116440403, 451.9541780095127], [0.0, 0.0, 1.0]], [[1254.9860565800168, 0.0, 829.5769333630991], [0.0, 1254.9860565800168, 467.1680561863987], [0.0, 0.0, 1.0]], [[796.8910634503094, 0.0, 857.7774326863696], [0.0, 796.8910634503094, 476.8848988407415], [0.0, 0.0, 1.0]], [[1249.9629280788233, 0.0, 825.3768045375984], [0.0, 1249.9629280788233, 462.54816385708756], [0.0, 0.0, 1.0]]], "extrinsics": [[[0.8287600874900818, -0.5596040487289429, 0.00024783803382888436, -0.786590576171875], [0.0199869554489851, 0.029157595708966255, -0.9993749856948853, 1.4935760498046875], [0.5592470169067383, 0.8282470107078552, 0.03534943237900734, -1.1856689453125], [0.0, 0.0, 0.0, 1.0]], [[0.019617127254605293, -0.9995021224021912, -0.024713337421417236, 0.0096435546875], [0.022026551887392998, 0.025144144892692566, -0.9994412064552307, 1.4849853515625], [0.9995650053024292, 0.019061872735619545, 0.02250884287059307, -1.51611328125], [0.0, 0.0, 0.0, 1.0]], [[-0.8397849202156067, -0.5418304204940796, -0.03436633199453354, 0.9462890625], [0.030203577131032944, 0.016576068475842476, -0.9994062781333923, 1.4982643127441406], [0.54207843542099, -0.8403244018554688, 0.002444884739816189, -1.18414306640625], [0.0, 0.0, 0.0, 1.0]], [[0.9475982785224915, 0.3191067576408386, 0.015113567933440208, -1.1290283203125], [0.005207439418882132, 0.03187372907996178, -0.9994783401489258, 1.5621185302734375], [-0.31942200660705566, 0.9471826553344727, 0.02854175865650177, -0.16119384765625], [0.0, 0.0, 0.0, 1.0]], [[0.005979736801236868, 0.9996868371963501, 0.024299588054418564, -0.028564453125], [0.0071618277579545975, 0.02425658330321312, -0.9996801018714905, 1.5685806274414062], [-0.999956488609314, 0.0061518666334450245, -0.007014535833150148, -0.0284423828125], [0.0, 0.0, 0.0, 1.0]], [[-0.9256633520126343, 0.37821733951568604, -0.009956088848412037, 1.0426025390625], [0.011349075473845005, 0.001454147626645863, -0.9999345541000366, 1.5492563247680664], [-0.3781781792640686, -0.9257156848907471, -0.005638467147946358, -0.0916748046875], [0.0, 0.0, 0.0, 1.0]]], "view": [[0.0, -2.0, 100.0], [-2.0, 0.0, 100.0], [0.0, 0.0, 1.0]], "bev": "bev_9eedc00c96354592854c683142ea9129.png", "aux": "aux_9eedc00c96354592854c683142ea9129.npz", "visibility": "visibility_9eedc00c96354592854c683142ea9129.png", "pose": [[-0.9240416884422302, -0.3822917640209198, 0.0, 1548.0941162109375], [0.3822917640209198, -0.9240416884422302, 0.0, 839.8675537109375], [0.0, 0.0, 1.0, 0.0], [0.0, 0.0, 0.0, 1.0]], "pose_inverse": [[-0.9240416884422302, 0.3822917640209198, 0.0, 1109.428955078125], [-0.3822917640209198, -0.9240416884422302, 0.0, 1367.896240234375], [0.0, 0.0, 1.0, 0.0], [0.0, 0.0, 0.0, 1.0]], "cam_ids": [0, 1, 2, 3, 4, 5], "cam_channels": ["CAM_FRONT_LEFT", "CAM_FRONT", "CAM_FRONT_RIGHT", "CAM_BACK_LEFT", "CAM_BACK", "CAM_BACK_RIGHT"], "token": "9eedc00c96354592854c683142ea9129", "scene": "scene-0461"}, {"images": ["samples/CAM_FRONT_LEFT/n008-2018-09-18-12-53-31-0400__CAM_FRONT_LEFT__1537289816154799.jpg", "samples/CAM_FRONT/n008-2018-09-18-12-53-31-0400__CAM_FRONT__1537289816162404.jpg", "samples/CAM_FRONT_RIGHT/n008-2018-09-18-12-53-31-0400__CAM_FRONT_RIGHT__1537289816170648.jpg", "samples/CAM_BACK_LEFT/n008-2018-09-18-12-53-31-0400__CAM_BACK_LEFT__1537289816197405.jpg", "samples/CAM_BACK/n008-2018-09-18-12-53-31-0400__CAM_BACK__1537289816187558.jpg", "samples/CAM_BACK_RIGHT/n008-2018-09-18-12-53-31-0400__CAM_BACK_RIGHT__1537289816178113.jpg"], "intrinsics": [[[1257.8625342125129, 0.0, 827.2410631095686], [0.0, 1257.8625342125129, 450.915498205774], [0.0, 0.0, 1.0]], [[1252.8131021185304, 0.0, 826.588114781398], [0.0, 1252.8131021185304, 469.9846626224581], [0.0, 0.0, 1.0]], [[1256.7485116440405, 0.0, 817.7887570959712], [0.0, 1256.7485116440403, 451.9541780095127], [0.0, 0.0, 1.0]], [[1254.9860565800168, 0.0, 829.5769333630991], [0.0, 1254.9860565800168, 467.1680561863987], [0.0, 0.0, 1.0]], [[796.8910634503094, 0.0, 857.7774326863696], [0.0, 796.8910634503094, 476.8848988407415], [0.0, 0.0, 1.0]], [[1249.9629280788233, 0.0, 825.3768045375984], [0.0, 1249.9629280788233, 462.54816385708756], [0.0, 0.0, 1.0]]], "extrinsics": [[[0.828213632106781, -0.5604066848754883, 0.0025938237085938454, -0.7748432159423828], [0.02407640963792801, 0.03095713071525097, -0.999230682849884, 1.4951324462890625], [0.5598952174186707, 0.8276388645172119, 0.03913168981671333, -1.1739501953125], [0.0, 0.0, 0.0, 1.0]], [[0.018807826563715935, -0.9994722008705139, -0.02648775279521942, 0.0069580078125], [0.026136277243494987, 0.026974869892001152, -0.9992944002151489, 1.4863357543945312], [0.9994814395904541, 0.018102223053574562, 0.026629818603396416, -1.50164794921875], [0.0, 0.0, 0.0, 1.0]], [[-0.8400485515594482, -0.5411214828491211, -0.03880748897790909, 0.9365234375], [0.034266505390405655, 0.018466366454958916, -0.9992421269416809, 1.4993476867675781], [0.5414279699325562, -0.840741753578186, 0.003029697109013796, -1.1807861328125], [0.0, 0.0, 0.0, 1.0]], [[0.9475364685058594, 0.3190605342388153, 0.019366011023521423, -1.1287841796875], [0.008970847353339195, 0.03401805832982063, -0.9993809461593628, 1.5621986389160156], [-0.31952184438705444, 0.9471235871315002, 0.0293711069971323, -0.16064453125], [0.0, 0.0, 0.0, 1.0]], [[0.006171145010739565, 0.9996327757835388, 0.026386914774775505, -0.0272216796875], [0.011086185462772846