[{"images": ["samples/CAM_FRONT_LEFT/n008-2018-09-18-15-12-01-0400__CAM_FRONT_LEFT__1537298025654799.jpg", "samples/CAM_FRONT/n008-2018-09-18-15-12-01-0400__CAM_FRONT__1537298025662404.jpg", "samples/CAM_FRONT_RIGHT/n008-2018-09-18-15-12-01-0400__CAM_FRONT_RIGHT__1537298025670482.jpg", "samples/CAM_BACK_LEFT/n008-2018-09-18-15-12-01-0400__CAM_BACK_LEFT__1537298025697431.jpg", "samples/CAM_BACK/n008-2018-09-18-15-12-01-0400__CAM_BACK__1537298025687558.jpg", "samples/CAM_BACK_RIGHT/n008-2018-09-18-15-12-01-0400__CAM_BACK_RIGHT__1537298025678113.jpg"], "intrinsics": [[[1257.8625342125129, 0.0, 827.2410631095686], [0.0, 1257.8625342125129, 450.915498205774], [0.0, 0.0, 1.0]], [[1252.8131021185304, 0.0, 826.588114781398], [0.0, 1252.8131021185304, 469.9846626224581], [0.0, 0.0, 1.0]], [[1256.7485116440405, 0.0, 817.7887570959712], [0.0, 1256.7485116440403, 451.9541780095127], [0.0, 0.0, 1.0]], [[1254.9860565800168, 0.0, 829.5769333630991], [0.0, 1254.9860565800168, 467.1680561863987], [0.0, 0.0, 1.0]], [[796.8910634503094, 0.0, 857.7774326863696], [0.0, 796.8910634503094, 476.8848988407415], [0.0, 0.0, 1.0]], [[1249.9629280788233, 0.0, 825.3768045375984], [0.0, 1249.9629280788233, 462.54816385708756], [0.0, 0.0, 1.0]]], "extrinsics": [[[0.8224920630455017, -0.5686641335487366, -0.01131492666900158, -1.0047607421875], [-0.00015535192505922168, 0.019668838009238243, -0.9998065233230591, 1.4882926940917969], [0.5687766075134277, 0.8223347067832947, 0.016089119017124176, -1.333282470703125], [0.0, 0.0, 0.0, 1.0]], [[0.010161143727600574, -0.9998278617858887, -0.01552669983357191, 0.0054931640625], [0.0017984906444326043, 0.015545749105513096, -0.9998775720596313, 1.4801645278930664], [0.9999467730522156, 0.01013195887207985, 0.001956143183633685, -1.7347412109375], [0.0, 0.0, 0.0, 1.0]], [[-0.8440764546394348, -0.5360894799232483, -0.011959034018218517, 1.0904541015625], [0.00982104055583477, 0.006843016017228365, -0.99992835521698, 1.4930706024169922], [0.5361328721046448, -0.8441333770751953, -0.0005110724014230072, -1.277587890625], [0.0, 0.0, 0.0, 1.0]], [[0.9478492140769958, 0.318625271320343, -0.007740940432995558, -1.1439208984375], [-0.015566568821668625, 0.022021587938070297, -0.9996362924575806, 1.5620384216308594], [-0.31833893060684204, 0.947624921798706, 0.025833046063780785, -0.1558837890625], [0.0, 0.0, 0.0, 1.0]], [[0.00931138638406992, 0.9998533725738525, 0.01436700765043497, -0.0289306640625], [-0.013436779379844666, 0.014491439796984196, -0.999804675579071, 1.5680580139160156], [-0.9998664259910583, 0.00911648664623499, 0.013569746166467667, 0.0443115234375], [0.0, 0.0, 0.0, 1.0]], [[-0.9237211346626282, 0.3830277919769287, 0.005379225127398968, 1.16064453125], [-0.009234894998371601, -0.008228265680372715, -0.9999234676361084, 1.547811508178711], [-0.3829542100429535, -0.923700213432312, 0.011137844994664192, -0.04373931884765625], [0.0, 0.0, 0.0, 1.0]]], "view": [[0.0, -2.0, 100.0], [-2.0, 0.0, 100.0], [0.0, 0.0, 1.0]], "bev": "bev_a4782f7ade234010b5b50553403f6e79.png", "aux": "aux_a4782f7ade234010b5b50553403f6e79.npz", "visibility": "visibility_a4782f7ade234010b5b50553403f6e79.png", "pose": [[-0.468230277299881, 0.883606493473053, 0.0, 1465.9967041015625], [-0.883606493473053, -0.468230277299881, 0.0, 1303.5675048828125], [0.0, 0.0, 1.0, 0.0], [0.0, 0.0, 0.0, 1.0]], "pose_inverse": [[-0.468230277299881, -0.883606493473053, 0.0, 1838.2647705078125], [0.883606493473053, -0.468230277299881, 0.0, -684.994384765625], [0.0, 0.0, 1.0, 0.0], [0.0, 0.0, 0.0, 1.0]], "cam_ids": [0, 1, 2, 3, 4, 5], "cam_channels": ["CAM_FRONT_LEFT", "CAM_FRONT", "CAM_FRONT_RIGHT", "CAM_BACK_LEFT", "CAM_BACK", "CAM_BACK_RIGHT"], "token": "a4782f7ade234010b5b50553403f6e79", "scene": "scene-0908"}, {"images": ["samples/CAM_FRONT_LEFT/n008-2018-09-18-15-12-01-0400__CAM_FRONT_LEFT__1537298026154799.jpg", "samples/CAM_FRONT/n008-2018-09-18-15-12-01-0400__CAM_FRONT__1537298026162404.jpg", "samples/CAM_FRONT_RIGHT/n008-2018-09-18-15-12-01-0400__CAM_FRONT_RIGHT__1537298026170482.jpg", "samples/CAM_BACK_LEFT/n008-2018-09-18-15-12-01-0400__CAM_BACK_LEFT__1537298026197405.jpg", "samples/CAM_BACK/n008-2018-09-18-15-12-01-0400__CAM_BACK__1537298026187558.jpg", "samples/CAM_BACK_RIGHT/n008-2018-09-18-15-12-01-0400__CAM_BACK_RIGHT__1537298026178113.jpg"], "intrinsics": [[[1257.8625342125129, 0.0, 827.2410631095686], [0.0, 1257.8625342125129, 450.915498205774], [0.0, 0.0, 1.0]], [[1252.8131021185304, 0.0, 826.588114781398], [0.0, 1252.8131021185304, 469.9846626224581], [0.0, 0.0, 1.0]], [[1256.7485116440405, 0.0, 817.7887570959712], [0.0, 1256.7485116440403, 451.9541780095127], [0.0, 0.0, 1.0]], [[1254.9860565800168, 0.0, 829.5769333630991], [0.0, 1254.9860565800168, 467.1680561863987], [0.0, 0.0, 1.0]], [[796.8910634503094, 0.0, 857.7774326863696], [0.0, 796.8910634503094, 476.8848988407415], [0.0, 0.0, 1.0]], [[1249.9629280788233, 0.0, 825.3768045375984], [0.0, 1249.9629280788233, 462.54816385708756], [0.0, 0.0, 1.0]]], "extrinsics": [[[0.8224887847900391, -0.5686714053153992, -0.011182681657373905, -1.0050048828125], [-4.921516665490344e-05, 0.01958961971104145, -0.9998080730438232, 1.488295555114746], [0.5687813758850098, 0.8223314881324768, 0.016084253787994385, -1.333221435546875], [0.0, 0.0, 0.0, 1.0]], [[0.010157338343560696, -0.9998290538787842, -0.01544731855392456, 0.00543212890625], [0.0019085220992565155, 0.01546747237443924, -0.9998785257339478, 1.48016357421875], [0.9999465942382812, 0.010126647539436817, 0.0020653032697737217, -1.73486328125], [0.0, 0.0, 0.0, 1.0]], [[-0.8440768718719482, -0.5360877513885498, -0.012008912861347198, 1.0904541015625], [0.009929084219038486, 0.006765936501324177, -0.999927818775177, 1.4930734634399414], [0.5361303091049194, -0.8441352248191833, -0.00038811087142676115, -1.277587890625], [0.0, 0.0, 0.0, 1.0]], [[0.9478491544723511, 0.3186275064945221, -0.007652152795344591, -1.1439208984375], [-0.015434341505169868, 0.021906528621912003, -0.9996408820152283, 1.562042236328125], [-0.31834548711776733, 0.9476268887519836, 0.025681888684630394, -0.156005859375], [0.0, 0.0, 0.0, 1.0]], [[0.009310428984463215, 0.9998549222946167, 0.01426486112177372, -0.02886962890625], [-0.013310439884662628, 0.014388132840394974, -0.9998078942298889, 1.5680656433105469], [-0.9998680353164673, 0.009118776768445969, 0.013442467898130417, 0.044189453125], [0.0, 0.0, 0.0, 1.0]], [[-0.9237208962440491, 0.3830302357673645, 0.0052514830604195595, 1.16064453125], [-0.009130225516855717, -0.00830925814807415, -0.9999237656593323, 1.5478124618530273], [-0.382957398891449, -0.9236984252929688, 0.011172587051987648, -0.04364013671875], [0.0, 0.0, 0.0, 1.0]]], "view": [[0.0, -2.0, 100.0], [-2.0, 0.0, 100.0], [0.0, 0.0, 1.0]], "bev": "bev_a1109d0a808d499bad37e7a777ff4ac8.png", "aux": "aux_a1109d0a808d499bad37e7a777ff4ac8.npz", "visibility": "visibility_a1109d0a808d499bad37e7a777ff4ac8.png", "pose": [[-0.46821776032447815, 0.883613109588623, 0.0, 1465.99560546875], [-0.883613109588623, -0.46821776032447815, 0.0, 1303.568115234375], [0.0, 0.0, 1.0, 0.0], [0.0, 0.0, 0.0, 1.0]], "pose_inverse": [[-0.46821776032447815, -0.883613109588623, 0.0, 1838.2550048828125], [0.883613109588623, -0.46821776032447815, 0.0, -685.0191650390625], [0.0, 0.0, 1.0, 0.0], [0.0, 0.0, 0.0, 1.0]], "cam_ids": [0, 1, 2, 3, 4, 5], "cam_channels": ["CAM_FRONT_LEFT", "CAM_FRONT", "CAM_FRONT_RIGHT", "CAM_BACK_LEFT", "CAM_BACK", "CAM_BACK_RIGHT"], "token": "a1109d0a808d499bad37e7a777ff4ac8", "scene": "scene-0908"}, {"images": ["samples/CAM_FRONT_LEFT/n008-2018-09-18-15-12-01-0400__CAM_FRONT_LEFT__1537298026654799.jpg", "samples/CAM_FRONT/n008-2018-09-18-15-12-01-0400__CAM_FRONT__1537298026662508.jpg", "samples/CAM_FRONT_RIGHT/n008-2018-09-18-15-12-01-0400__CAM_FRONT_RIGHT__1537298026670482.jpg", "samples/CAM_BACK_LEFT/n008-2018-09-18-15-12-01-0400__CAM_BACK_LEFT__1537298026697405.jpg", "samples/CAM_BACK/n008-2018-09-18-15-12-01-0400__CAM_BACK__1537298026688045.jpg", "samples/CAM_BACK_RIGHT/n008-2018-09-18-15-12-01-0400__CAM_BACK_RIGHT__1537298026678113.jpg"], "intrinsics": [[[1257.8625342125129, 0.0, 827.2410631095686], [0.0, 1257.8625342125129, 450.915498205774], [0.0, 0.0, 1.0]], [[1252.8131021185304, 0.0, 826.588114781398], [0.0, 1252.8131021185304, 469.9846626224581], [0.0, 0.0, 1.0]], [[1256.7485116440405, 0.0, 817.7887570959712], [0.0, 1256.7485116440403, 451.9541780095127], [0.0, 0.0, 1.0]], [[1254.9860565800168, 0.0, 829.5769333630991], [0.0, 1254.9860565800168, 467.1680561863987], [0.0, 0.0, 1.0]], [[796.8910634503094, 0.0, 857.7774326863696], [0.0, 796.8910634503094, 476.8848988407415], [0.0, 0.0, 1.0]], [[1249.9629280788233, 0.0, 825.3768045375984], [0.0, 1249.9629280788233, 462.54816385708756], [0.0, 0.0, 1.0]]], "extrinsics": [[[0.8224895000457764, -0.5686731338500977, -0.011044817045331001, -1.0048828125], [-4.7257166443159804e-05, 0.019350096583366394, -0.9998127222061157, 1.4882936477661133], [0.5687804222106934, 0.8223360180854797, 0.01588837429881096, -1.33331298828125], [0.0, 0.0, 0.0, 1.0]], [[0.010161561891436577, -0.9998326301574707, -0.015215146355330944, 0.0054931640625], [0.0019093934679403901, 0.01523530576378107, -0.9998821020126343, 1.4801630973815918], [0.9999465346336365, 0.010131372138857841, 0.002063887193799019, -1.7347412109375], [0.0, 0.0, 0.0, 1.0]], [[-0.8440732359886169, -0.5360960960388184, -0.01189210545271635, 1.0904541015625], [0.009932531975209713, 0.006542634218931198, -0.9999292492866516, 1.4930696487426758], [0.5361359715461731, -0.8441316485404968, -0.0001976721250684932, -1.2777099609375], [0.0, 0.0, 0.0, 1.0]], [[0.9478482604026794, 0.3186284899711609, -0.00772526441141963, -1.1439208984375], [-0.01544379722326994, 0.02170507051050663, -0.9996451139450073, 1.562042236328125], [-0.3183477520942688, 0.9476311206817627, 0.02549394592642784, -0.156005859375], [0.0, 0.0, 0.0, 1.0]], [[0.009307585656642914, 0.9998577833175659, 0.014062478207051754, -0.02899169921875], [-0.01332130003720522, 0.014185821637511253, -0.9998106360435486, 1.5680618286132812], [-0.9998680353164673, 0.009118464775383472, 0.013451441191136837, 0.0443115234375], [0.0, 0.0, 0.0, 1.0]], [[-0.9237228631973267, 0.383026659488678, 0.005165487993508577, 1.160888671875], [-0.009125817567110062, -0.008523275144398212, -0.999921977519989, 1.5478134155273438], [-0.3829527199268341, -0.9236980080604553, 0.01136857457458973, -0.0436248779296875], [0.0, 0.0, 0.0, 1.0]]], "view": [[0.0, -2.0, 100.0], [-2.0, 0.0, 100.0], [0.0, 0.0, 1.0]], "bev": "bev_cfd0153634544510862f7430ff3ee89d.png", "aux": "aux_cfd0153634544510862f7430ff3ee89d.npz", "visibility": "visibility_cfd0153634544510862f7430ff3ee89d.png", "pose": [[-0.4681658148765564, 0.8836406469345093, 0.0, 1465.99462890625], [-0.8836406469345093, -0.4681658148765564, 0.0, 1303.568603515625], [0.0, 0.0, 1.0, 0.0], [0.0, 0.0, 0.0, 1.0]], "pose_inverse": [[-0.4681658148765564, -0.8836406469345093, 0.0, 1838.2147216796875], [0.8836406469345093, -0.4681658148765564, 0.0, -685.1261596679688], [0.0, 0.0, 1.0, 0.0], [0.0, 0.0, 0.0, 1.0]], "cam_ids": [0, 1, 2, 3, 4, 5], "cam_channels": ["CAM_FRONT_LEFT", "CAM_FRONT", "CAM_FRONT_RIGHT", "CAM_BACK_LEFT", "CAM_BACK", "CAM_BACK_RIGHT"], "token": "cfd0153634544510862f7430ff3ee89d", "scene": "scene-0908"}, {"images": ["samples/CAM_FRONT_LEFT/n008-2018-09-18-15-12-01-0400__CAM_FRONT_LEFT__1537298027154803.jpg", "samples/CAM_FRONT/n008-2018-09-18-15-12-01-0400__CAM_FRONT__1537298027162404.jpg", "samples/CAM_FRONT_RIGHT/n008-2018-09-18-15-12-01-0400__CAM_FRONT_RIGHT__1537298027170482.jpg", "samples/CAM_BACK_LEFT/n008-2018-09-18-15-12-01-0400__CAM_BACK_LEFT__1537298027197405.jpg", "samples/CAM_BACK/n008-2018-09-18-15-12-01-0400__CAM_BACK__1537298027187558.jpg", "samples/CAM_BACK_RIGHT/n008-2018-09-18-15-12-01-0400__CAM_BACK_RIGHT__1537298027178113.jpg"], "intrinsics": [[[1257.8625342125129, 0.0, 827.2410631095686], [0.0, 1257.8625342125129, 450.915498205774], [0.0, 0.0, 1.0]], [[1252.8131021185304, 0.0, 826.588114781398], [0.0, 1252.8131021185304, 469.9846626224581], [0.0, 0.0, 1.0]], [[1256.7485116440405, 0.0, 817.7887570959712], [0.0, 1256.7485116440403, 451.9541780095127], [0.0, 0.0, 1.0]], [[1254.9860565800168, 0.0, 829.5769333630991], [0.0, 1254.9860565800168, 467.1680561863987], [0.0, 0.0, 1.0]], [[796.8910634503094, 0.0, 857.7774326863696], [0.0, 796.8910634503094, 476.8848988407415], [0.0, 0.0, 1.0]], [[1249.9629280788233, 0.0, 825.3768045375984], [0.0, 1249.9629280788233, 462.54816385708756], [0.0, 0.0, 1.0]]], "extrinsics": [[[0.8224900960922241, -0.5686765313148499, -0.010820368304848671, -1.0050048828125], [9.073090768652037e-05, 0.01915501430630684, -0.9998164772987366, 1.4882926940917969], [0.568779468536377, 0.8223381638526917, 0.015806404873728752, -1.333343505859375], [0.0, 0.0, 0.0, 1.0]], [[0.010157420299947262, -0.9998356699943542, -0.015014096163213253, 0.00537109375], [0.002057198667898774, 0.015035733580589294, -0.999884843826294, 1.4801650047302246], [0.9999462366104126, 0.010125357657670975, 0.00220958492718637, -1.734619140625], [0.0, 0.0, 0.0, 1.0]], [[-0.844076931476593, -0.5360897779464722, -0.011908897198736668, 1.090576171875], [0.010081982240080833, 0.006338643841445446, -0.9999290704727173, 1.4930734634399414], [0.5361272692680359, -0.8441371917724609, 5.454409256344661e-05, -1.2777099609375], [0.0, 0.0, 0.0, 1.0]], [[0.9478519558906555, 0.31861913204193115, -0.007649844046682119, -1.14404296875], [-0.015292491763830185, 0.02149222604930401, -0.9996520280838013, 1.5620460510253906], [-0.3183439075946808, 0.9476390480995178, 0.025243928655982018, -0.1561279296875], [0.0, 0.0, 0.0, 1.0]], [[0.009309100918471813, 0.9998606443405151, 0.013857662677764893, -0.02886962890625], [-0.013178723864257336, 0.013979735784232616, -0.9998154044151306, 1.5680618286132812], [-0.9998698234558105, 0.009124761447310448, 0.013307025656104088, 0.044189453125], [0.0, 0.0, 0.0, 1.0]], [[-0.9237207174301147, 0.38303443789482117, 0.004954157397150993, 1.1607666015625], [-0.008983688428997993, -0.008731984533369541, -0.9999215602874756, 1.5478134155273438], [-0.38296112418174744, -0.9236927032470703, 0.011506977491080761, -0.04360198974609375], [0.0, 0.0, 0.0, 1.0]]], "view": [[0.0, -2.0, 100.0], [-2.0, 0.0, 100.0], [0.0, 0.0, 1.0]], "bev": "bev_8eb1acd378fb46638ab0b5c1e7e2f6b4.png", "aux": "aux_8eb1acd378fb46638ab0b5c1e7e2f6b4.npz", "visibility": "visibility_8eb1acd378fb46638ab0b5c1e7e2f6b4.png", "pose": [[-0.4681752324104309, 0.8836356401443481, 0.0, 1465.9937744140625], [-0.8836356401443481, -0.4681752324104309, 0.0, 1303.569091796875], [0.0, 0.0, 1.0, 0.0], [0.0, 0.0, 0.0, 1.0]], "pose_inverse": [[-0.4681752324104309, -0.8836356401443481, 0.0, 1838.2220458984375], [0.8836356401443481, -0.4681752324104309, 0.0, -685.1055908203125], [0.0, 0.0, 1.0, 0.0], [0.0, 0.0, 0.0, 1.0]], "cam_ids": [0, 1, 2, 3, 4, 5], "cam_channels": ["CAM_FRONT_LEFT", "CAM_FRONT", "CAM_FRONT_RIGHT", "CAM_BACK_LEFT", "CAM_BACK", "CAM_BACK_RIGHT"], "token": "8eb1acd378fb46638ab0b5c1e7e2f6b4", "scene": "scene-0908"}, {"images": ["samples/CAM_FRONT_LEFT/n008-2018-09-18-15-12-01-0400__CAM_FRONT_LEFT__1537298027654799.jpg", "samples/CAM_FRONT/n008-2018-09-18-15-12-01-0400__CAM_FRONT__1537298027662404.jpg", "samples/CAM_FRONT_RIGHT/n008-2018-09-18-15-12-01-0400__CAM_FRONT_RIGHT__1537298027671396.jpg", "samples/CAM_BACK_LEFT/n008-2018-09-18-15-12-01-0400__CAM_BACK_LEFT__1537298027697405.jpg", "samples/CAM_BACK/n008-2018-09-18-15-12-01-0400__CAM_BACK__1537298027687558.jpg", "samples/CAM_BACK_RIGHT/n008-2018-09-18-15-12-01-0400__CAM_BACK_RIGHT__1537298027678113.jpg"], "intrinsics": [[[1257.8625342125129, 0.0, 827.2410631095686], [0.0, 1257.8625342125129, 450.915498205774], [0.0, 0.0, 1.0]], [[1252.8131021185304, 0.0, 826.588114781398], [0.0, 1252.8131021185304, 469.9846626224581], [0.0, 0.0, 1.0]], [[1256.7485116440405, 0.0, 817.7887570959712], [0.0, 1256.7485116440403, 451.9541780095127], [0.0, 0.0, 1.0]], [[1254.9860565800168, 0.0, 829.5769333630991], [0.0, 1254.9860565800168, 467.1680561863987], [0.0, 0.0, 1.0]], [[796.8910634503094, 0.0, 857.7774326863696], [0.0, 796.8910634503094, 476.8848988407415], [0.0, 0.0, 1.0]], [[1249.9629280788233, 0.0, 825.3768045375984], [0.0, 1249.9629280788233, 462.54816385708756], [0.0, 0.0, 1.0]]], "extrinsics": [[[0.8225014805793762, -0.5686610341072083, -0.010768894106149673, -1.0050048828125], [6.379318801918998e-05, 0.019026124849915504, -0.9998189806938171, 1.488295555114746], [0.568763017654419, 0.8223519325256348, 0.015685290098190308, -1.33331298828125], [0.0, 0.0, 0.0, 1.0]], [[0.010174849070608616, -0.9998375773429871, -0.014878484420478344, 0.00531005859375], [0.0020115103106945753, 0.014899690635502338, -0.9998869895935059, 1.4801654815673828], [0.999946117401123, 0.010143711231648922, 0.0021627850364893675, -1.7344970703125], [0.0, 0.0, 0.0, 1.0]], [[-0.8440696001052856, -0.5361040234565735, -0.011789671145379543, 1.090576171875], [0.010031376965343952, 0.006195943336933851, -0.9999304413795471, 1.4930734634399414], [0.5361398458480835, -0.8441291451454163, 0.0001480538776377216, -1.2774658203125], [0.0, 0.0, 0.0, 1.0]], [[0.947850227355957, 0.31862205266952515, -0.00774725154042244, -1.1441650390625], [-0.015346257947385311, 0.021346230059862137, -0.9996543526649475, 1.562042236328125], [-0.3183465600013733, 0.9476414918899536, 0.025122683495283127, -0.1561279296875], [0.0, 0.0, 0.0, 1.0]], [[0.009302938356995583, 0.9998627305030823, 0.013714132830500603, -0.02886962890625], [-0.0132119320333004, 0.013836433179676533, -0.9998169541358948, 1.5680618286132812], [-0.9998695254325867, 0.00912005640566349, 0.013338837772607803, 0.0443115234375], [0.0, 0.0, 0.0, 1.0]], [[-0.9237248301506042, 0.3830246031284332, 0.004938053898513317, 1.1605224609375], [-0.009024412371218204, -0.008872578851878643, -0.9999198913574219, 1.5478134155273438], [-0.3829500675201416, -0.9236955046653748, 0.011652394197881222, -0.04370880126953125], [0.0, 0.0, 0.0, 1.0]]], "view": [[0.0, -2.0, 100.0], [-2.0, 0.0, 100.0], [0.0, 0.0, 1.0]], "bev": "bev_10103847ab7d4b1db6c1c046c9e38097.png", "aux": "aux_10103847ab7d4b1db6c1c046c9e38097.npz", "visibility": "visibility_10103847ab7d4b1db6c1c046c9e38097.png", "pose": [[-0.4682347774505615, 0.883604109287262, 0.0, 1465.9930419921875], [-0.883604109287262, -0.4682347774505615, 0.0, 1303.5694580078125], [0.0, 0.0, 1.0, 0.0], [0.0, 0.0, 0.0, 1.0]], "pose_inverse": [[-0.4682347774505615, -0.883604109287262, 0.0, 1838.2681884765625], [0.883604109287262, -0.4682347774505615, 0.0, -684.9808959960938], [0.0, 0.0, 1.0, 0.0], [0.0, 0.0, 0.0, 1.0]], "cam_ids": [0, 1, 2, 3, 4, 5], "cam_channels": ["CAM_FRONT_LEFT", "CAM_FRONT", "CAM_FRONT_RIGHT", "CAM_BACK_LEFT", "CAM_BACK", "CAM_BACK_RIGHT"], "token": "10103847ab7d4b1db6c1c046c9e38097", "scene": "scene-0908"}, {"images": ["samples/CAM_FRONT_LEFT/n008-2018-09-18-15-12-01-0400__CAM_FRONT_LEFT__1537298028154799.jpg", "samples/CAM_FRONT/n008-2018-09-18-15-12-01-0400__CAM_FRONT__1537298028162404.jpg", "samples/CAM_FRONT_RIGHT/n008-2018-09-18-15-12-01-0400__CAM_FRONT_RIGHT__1537298028170482.jpg", "samples/CAM_BACK_LEFT/n008-2018-09-18-15-12-01-0400__CAM_BACK_LEFT__1537298028197405.jpg", "samples/CAM_BACK/n008-2018-09-18-15-12-01-0400__CAM_BACK__1537298028187558.jpg", "samples/CAM_BACK_RIGHT/n008-2018-09-18-15-12-01-0400__CAM_BACK_RIGHT__1537298028178113.jpg"], "intrinsics": [[[1257.8625342125129, 0.0, 827.2410631095686], [0.0, 1257.8625342125129, 450.915498205774], [0.0, 0.0, 1.0]], [[1252.8131021185304, 0.0, 826.588114781398], [0.0, 1252.8131021185304, 469.9846626224581], [0.0, 0.0, 1.0]], [[1256.7485116440405, 0.0, 817.7887570959712], [0.0, 1256.7485116440403, 451.9541780095127], [0.0, 0.0, 1.0]], [[1254.9860565800168, 0.0, 829.5769333630991], [0.0, 1254.9860565800168, 467.1680561863987], [0.0, 0.0, 1.0]], [[796.8910634503094, 0.0, 857.7774326863696], [0.0, 796.8910634503094, 476.8848988407415], [0.0, 0.0, 1.0]], [[1249.9629280788233, 0.0, 825.3768045375984], [0.0, 1249.9629280788233, 462.54816385708756], [0.0, 0.0, 1.0]]], "extrinsics": [[[0.8224863409996033, -0.5686841011047363, -0.01071366760879755, -1.0050048828125], [6.964794738451019e-05, 0.018936756998300552, -0.9998207092285156, 1.488297462463379], [0.5687850117683411, 0.8223380446434021, 0.01561482809484005, -1.333343505859375], [0.0, 0.0, 0.0, 1.0]], [[0.010153510607779026, -0.9998388886451721, -0.014801399782299995, 0.00543212890625], [0.0020293404813855886, 0.014822736382484436, -0.9998880624771118, 1.4801664352416992], [0.9999463558197021, 0.010122372768819332, 0.002179516479372978, -1.734619140625], [0.0, 0.0, 0.0, 1.0]], [[-0.8440776467323303, -0.5360915064811707, -0.011777536943554878, 1.0904541015625], [0.01005785446614027, 0.006131618283689022, -0.9999306201934814, 1.493072509765625], [0.5361265540122986, -0.8441376686096191, 0.00021636752353515476, -1.2777099609375], [0.0, 0.0, 0.0, 1.0]], [[0.9478498697280884, 0.31862375140190125, -0.007708029355853796, -1.1439208984375], [-0.015293864533305168, 0.02131325751543045, -0.9996558427810669, 1.562042236328125], [-0.3183498680591583, 0.9476416110992432, 0.025074757635593414, -0.1561279296875], [0.0, 0.0, 0.0, 1.0]], [[0.009308950044214725, 0.9998633861541748, 0.013662406243383884, -0.02880859375], [-0.013172184117138386, 0.013784426264464855, -0.9998182058334351, 1.5680618286132812], [-0.9998698830604553, 0.009127331897616386, 0.013298703357577324, 0.0440673828125], [0.0, 0.0, 0.0, 1.0]], [[-0.9237205386161804, 0.3830358684062958, 0.004885886330157518, 1.1607666015625], [-0.008992081508040428, -0.008930434472858906, -0.9999196529388428, 1.5478134155273438], [-0.3829614222049713, -0.9236902594566345, 0.011693515814840794, -0.04358673095703125], [0.0, 0.0, 0.0, 1.0]]], "view": [[0.0, -2.0, 100.0], [-2.0, 0.0, 100.0], [0.0, 0.0, 1.0]], "bev": "bev_3de1d789fd004720bcef0a42d47c1159.png", "aux": "aux_3de1d789fd004720bcef0a42d47c1159.npz", "visibility": "visibility_3de1d789fd004720bcef0a42d47c1159.png", "pose": [[-0.46816444396972656, 0.8836413621902466, 0.0, 1465.992431640625], [-0.8836413621902466, -0.46816444396972656, 0.0, 1303.56982421875], [0.0, 0.0, 1.0, 0.0], [0.0, 0.0, 0.0, 1.0]], "pose_inverse": [[-0.46816444396972656, -0.8836413621902466, 0.0, 1838.2137451171875], [0.8836413621902466, -0.46816444396972656, 0.0, -685.1265258789062], [0.0, 0.0, 1.0, 0.0], [0.0, 0.0, 0.0, 1.0]], "cam_ids": [0, 1, 2, 3, 4, 5], "cam_channels": ["CAM_FRONT_LEFT", "CAM_FRONT", "CAM_FRONT_RIGHT", "CAM_BACK_LEFT", "CAM_BACK", "CAM_BACK_RIGHT"], "token": "3de1d789fd004720bcef0a42d47c1159", "scene": "scene-0908"}, {"images": ["samples/CAM_FRONT_LEFT/n008-2018-09-18-15-12-01-0400__CAM_FRONT_LEFT__1537298028654799.jpg", "samples/CAM_FRONT/n008-2018-09-18-15-12-01-0400__CAM_FRONT__1537298028662404.jpg", "samples/CAM_FRONT_RIGHT/n008-2018-09-18-15-12-01-0400__CAM_FRONT_RIGHT__1537298028670482.jpg", "samples/CAM_BACK_LEFT/n008-2018-09-18-15-12-01-0400__CAM_BACK_LEFT__1537298028697405.jpg", "samples/CAM_BACK/n008-2018-09-18-15-12-01-0400__CAM_BACK__1537298028687558.jpg", "samples/CAM_BACK_RIGHT/n008-2018-09-18-15-12-01-0400__CAM_BACK_RIGHT__1537298028678113.jpg"], "intrinsics": [[[1257.8625342125129, 0.0, 827.2410631095686], [0.0, 1257.8625342125129, 450.915498205774], [0.0, 0.0, 1.0]], [[1252.8131021185304, 0.0, 826.588114781398], [0.0, 1252.8131021185304, 469.9846626224581], [0.0, 0.0, 1.0]], [[1256.7485116440405, 0.0, 817.7887570959712], [0.0, 1256.7485116440403, 451.9541780095127], [0.0, 0.0, 1.0]], [[1254.9860565800168, 0.0, 829.5769333630991], [0.0, 1254.9860565800168, 467.1680561863987], [0.0, 0.0, 1.0]], [[796.8910634503094, 0.0, 857.7774326863696], [0.0, 796.8910634503094, 476.8848988407415], [0.0, 0.0, 1.0]], [[1249.9629280788233, 0.0, 825.3768045375984], [0.0, 1249.9629280788233, 462.54816385708756], [0.0, 0.0, 1.0]]], "extrinsics": [[[0.8225063681602478, -0.5686582922935486, -0.010534035973250866, -1.0048828125], [0.0002380330115556717, 0.01886536180973053, -0.9998220205307007, 1.488295555114746], [0.5687558650970459, 0.8223575353622437, 0.015652239322662354, -1.333343505859375], [0.0, 0.0, 0.0, 1.0]], [[0.010181932710111141, -0.999839723110199, -0.01472432166337967, 0.00537109375], [0.00218960945494473, 0.014747343957424164, -0.9998888373374939, 1.4801645278930664], [0.9999457597732544, 0.010148554109036922, 0.0023394147865474224, -1.7347412109375], [0.0, 0.0, 0.0, 1.0]], [[-0.8440654277801514, -0.5361089706420898, -0.011862915940582752, 1.0904541015625], [0.010208138264715672, 0.006054257042706013, -0.9999295473098755, 1.4930734634399414], [0.5361430644989014, -0.8441270589828491, 0.00036248506512492895, -1.2777099609375], [0.0, 0.0, 0.0, 1.0]], [[0.9478496313095093, 0.31862643361091614, -0.007638033013790846, -1.14404296875], [-0.015191907994449139, 0.021229295060038567, -0.9996591806411743, 1.562042236328125], [-0.3183556795120239, 0.9476426839828491, 0.02496272139251232, -0.156005859375], [0.0, 0.0, 0.0, 1.0]], [[0.009298568591475487, 0.9998646378517151, 0.013575829565525055, -0.02880859375], [-0.01305600255727768, 0.013696654699742794, -0.9998209476470947, 1.5680618286132812], [-0.999871551990509, 0.009119665250182152, 0.013181595131754875, 0.04443359375], [0.0, 0.0, 0.0, 1.0]], [[-0.9237269163131714, 0.38302260637283325, 0.004726294428110123, 1.1607666015625], [-0.008852779865264893, -0.009011565707623959, -0.9999202489852905, 1.5478134155273438], [-0.3829494118690491, -0.9236949682235718, 0.011715040542185307, -0.0436553955078125], [0.0, 0.0, 0.0, 1.0]]], "view": [[0.0, -2.0, 100.0], [-2.0, 0.0, 100.0], [0.0, 0.0, 1.0]], "bev": "bev_3a6813d02e3140e490af5b68903f494e.png", "aux": "aux_3a6813d02e3140e490af5b68903f494e.npz", "visibility": "visibility_3a6813d02e3140e490af5b68903f494e.png", "pose": [[-0.46820077300071716, 0.8836221098899841, 0.0, 1465.991943359375], [-0.8836221098899841, -0.46820077300071716, 0.0, 1303.570068359375], [0.0, 0.0, 1.0, 0.0], [0.0, 0.0, 0.0, 1.0]], "pose_inverse": [[-0.46820077300071716, -0.8836221098899841, 0.0, 1838.241943359375], [0.8836221098899841, -0.46820077300071716, 0.0, -685.0503540039062], [0.0, 0.0, 1.0, 0.0], [0.0, 0.0, 0.0, 1.0]], "cam_ids": [0, 1, 2, 3, 4, 5], "cam_channels": ["CAM_FRONT_LEFT", "CAM_FRONT", "CAM_FRONT_RIGHT", "CAM_BACK_LEFT", "CAM_BACK", "CAM_BACK_RIGHT"], "token": "3a6813d02e3140e490af5b68903f494e", "scene": "scene-0908"}, {"images": ["samples/CAM_FRONT_LEFT/n008-2018-09-18-15-12-01-0400__CAM_FRONT_LEFT__1537298029154799.jpg", "samples/CAM_FRONT/n008-2018-09-18-15-12-01-0400__CAM_FRONT__1537298029162404.jpg", "samples/CAM_FRONT_RIGHT/n008-2018-09-18-15-12-01-0400__CAM_FRONT_RIGHT__1537298029170482.jpg", "samples/CAM_BACK_LEFT/n008-2018-09-18-15-12-01-0400__CAM_BACK_LEFT__1537298029197405.jpg", "samples/CAM_BACK/n008-2018-09-18-15-12-01-0400__CAM_BACK__1537298029187558.jpg", "samples/CAM_BACK_RIGHT/n008-2018-09-18-15-12-01-0400__CAM_BACK_RIGHT__1537298029178113.jpg"], "intrinsics": [[[1257.8625342125129, 0.0, 827.2410631095686], [0.0, 1257.8625342125129, 450.915498205774], [0.0, 0.0, 1.0]], [[1252.8131021185304, 0.0, 826.588114781398], [0.0, 1252.8131021185304, 469.9846626224581], [0.0, 0.0, 1.0]], [[1256.7485116440405, 0.0, 817.7887570959712], [0.0, 1256.7485116440403, 451.9541780095127], [0.0, 0.0, 1.0]], [[1254.9860565800168, 0.0, 829.5769333630991], [0.0, 1254.9860565800168, 467.1680561863987], [0.0, 0.0, 1.0]], [[796.8910634503094, 0.0, 857.7774326863696], [0.0, 796.8910634503094, 476.8848988407415], [0.0, 0.0, 1.0]], [[1249.9629280788233, 0.0, 825.3768045375984], [0.0, 1249.9629280788233, 462.54816385708756], [0.0, 0.0, 1.0]]], "extrinsics": [[[0.8224973678588867, -0.568673312664032, -0.010433762334287167, -1.005126953125], [0.00023056200006976724, 0.01867782510817051, -0.9998254776000977, 1.488295555114746], [0.5687689185142517, 0.8223514556884766, 0.015493573620915413, -1.333343505859375], [0.0, 0.0, 0.0, 1.0]], [[0.01016981527209282, -0.9998425245285034, -0.014545178040862083, 0.00537109375], [0.002196005079895258, 0.014568228274583817, -0.999891459941864, 1.4801664352416992], [0.999945878982544, 0.010136759839951992, 0.002343815751373768, -1.734619140625], [0.0, 0.0, 0.0, 1.0]], [[-0.8440698385238647, -0.5361038446426392, -0.01178645994514227, 1.090576171875], [0.010229701176285744, 0.005877702496945858, -0.9999303817749023, 1.4930696487426758], [0.5361357927322388, -0.844131588935852, 0.0005229899543337524, -1.2774658203125], [0.0, 0.0, 0.0, 1.0]], [[0.9478508830070496, 0.3186223804950714, -0.007661251816898584, -1.14404296875], [-0.015153276734054089, 0.0210417453199625, -0.999663770198822, 1.562042236328125], [-0.3183540105819702, 0.9476481676101685, 0.024772604927420616, -0.15625], [0.0, 0.0, 0.0, 1.0]], [[0.009301631711423397, 0.9998669028282166, 0.01340791117399931, -0.02886962890625], [-0.01303014624863863, 0.013528549112379551, -0.9998235106468201, 1.5680618286132812], [-0.9998719096183777, 0.009125270880758762, 0.013154248706996441, 0.044189453125], [0.0, 0.0, 0.0, 1.0]], [[-0.9237246513366699, 0.38302919268608093, 0.004632242955267429, 1.16064453125], [-0.008824567310512066, -0.009188863448798656, -0.9999188780784607, 1.5478134155273438], [-0.38295549154281616, -0.9236904978752136, 0.011868046596646309, -0.043670654296875], [0.0, 0.0, 0.0, 1.0]]], "view": [[0.0, -2.0, 100.0], [-2.0, 0.0, 100.0], [0.0, 0.0, 1.0]], "bev": "bev_3b13fe046aa44c4da7fef27ff28312c6.png", "aux": "aux_3b13fe046aa44c4da7fef27ff28312c6.npz", "visibility": "visibility_3b13fe046aa44c4da7fef27ff28312c6.png", "pose": [[-0.4682009518146515, 0.8836220502853394, 0.0, 1465.991455078125], [-0.8836220502853394, -0.4682009518146515, 0.0, 1303.5703125], [0.0, 0.0, 1.0, 0.0], [0.0, 0.0, 0.0, 1.0]], "pose_inverse": [[-0.4682009518146515, -0.8836220502853394, 0.0, 1838.2420654296875], [0.8836220502853394, -0.4682009518146515, 0.0, -685.0494995117188], [0.0, 0.0, 1.0, 0.0], [0.0, 0.0, 0.0, 1.0]], "cam_ids": [0, 1, 2, 3, 4, 5], "cam_channels": ["CAM_FRONT_LEFT", "CAM_FRONT", "CAM_FRONT_RIGHT", "CAM_BACK_LEFT", "CAM_BACK", "CAM_BACK_RIGHT"], "token": "3b13fe046aa44c4da7fef27ff28312c6", "scene": "scene-0908"}, {"images": ["samples/CAM_FRONT_LEFT/n008-2018-09-18-15-12-01-0400__CAM_FRONT_LEFT__1537298029654799.jpg", "samples/CAM_FRONT/n008-2018-09-18-15-12-01-0400__CAM_FRONT__1537298029662404.jpg", "samples/CAM_FRONT_RIGHT/n008-2018-09-18-15-12-01-0400__CAM_FRONT_RIGHT__1537298029670482.jpg", "samples/CAM_BACK_LEFT/n008-2018-09-18-15-12-01-0400__CAM_BACK_LEFT__1537298029697405.jpg", "samples/CAM_BACK/n008-2018-09-18-15-12-01-0400__CAM_BACK__1537298029687558.jpg", "samples/CAM_BACK_RIGHT/n008-2018-09-18-15-12-01-0400__CAM_BACK_RIGHT__1537298029678113.jpg"], "intrinsics": [[[1257.8625342125129, 0.0, 827.2410631095686], [0.0, 1257.8625342125129, 450.915498205774], [0.0, 0.0, 1.0]], [[1252.8131021185304, 0.0, 826.588114781398], [0.0, 1252.8131021185304, 469.9846626224581], [0.0, 0.0, 1.0]], [[1256.7485116440405, 0.0, 817.7887570959712], [0.0, 1256.7485116440403, 451.9541780095127], [0.0, 0.0, 1.0]], [[1254.9860565800168, 0.0, 829.5769333630991], [0.0, 1254.9860565800168, 467.1680561863987], [0.0, 0.0, 1.0]], [[796.8910634503094, 0.0, 857.7774326863696], [0.0, 796.8910634503094, 476.8848988407415], [0.0, 0.0, 1.0]], [[1249.9629280788233, 0.0, 825.3768045375984], [0.0, 1249.9629280788233, 462.54816385708756], [0.0, 0.0, 1.0]]], "extrinsics": [[[0.8224965333938599, -0.5686842799186707, -0.00987832061946392, -1.0048828125], [0.0006509217200800776, 0.018309006467461586, -0.9998322129249573, 1.4882965087890625], [0.5687696933746338, 0.8223521113395691, 0.015429263934493065, -1.333282470703125], [0.0, 0.0, 0.0, 1.0]], [[0.010170763358473778, -0.9998480081558228, -0.014162293635308743, 0.00537109375], [0.0026231303345412016, 0.01418965496122837, -0.9998958706855774, 1.4801654815673828], [0.9999447464942932, 0.010132511146366596, 0.002767050638794899, -1.734619140625], [0.0, 0.0, 0.0, 1.0]], [[-0.8440655469894409, -0.5361069440841675, -0.011946521699428558, 1.090576171875], [0.010662766173481941, 0.005494405049830675, -0.9999280571937561, 1.4930715560913086], [0.5361340045928955, -0.8441322445869446, 0.0010787441860884428, -1.277587890625], [0.0, 0.0, 0.0, 1.0]], [[0.9478532671928406, 0.31862369179725647, -0.0072922613471746445, -1.14404296875], [-0.014636650681495667, 0.020662223920226097, -0.9996793866157532, 1.562042236328125], [-0.31837084889411926, 0.9476560950279236, 0.024248341098427773, -0.1561279296875], [0.0, 0.0, 0.0, 1.0]], [[0.009294310584664345, 0.9998720288276672, 0.01302165724337101, -0.02874755859375], [-0.01253841258585453, 0.013137727044522762, -0.9998350143432617, 1.5680656433105469], [-0.9998781681060791, 0.00912955030798912, 0.012658913619816303, 0.044189453125], [0.0, 0.0, 0.0, 1.0]], [[-0.9237263798713684, 0.38303142786026, 0.00407169247046113, 1.16064453125], [-0.008376797661185265, -0.009572337381541729, -0.9999191164970398, 1.5478110313415527], [-0.3829614222049713, -0.9236856698989868, 0.012050796300172806, -0.0436859130859375], [0.0, 0.0, 0.0, 1.0]]], "view": [[0.0, -2.0, 100.0], [-2.0, 0.0, 100.0], [0.0, 0.0, 1.0]], "bev": "bev_0a4e46a98e424bf1a9b79800a6114868.png", "aux": "aux_0a4e46a98e424bf1a9b79800a6114868.npz", "visibility": "visibility_0a4e46a98e424bf1a9b79800a6114868.png", "pose": [[-0.46822935342788696, 0.8836069703102112, 0.0, 1465.9910888671875], [-0.8836069703102112, -0.46822935342788696, 0.0, 1303.570556640625], [0.0, 0.0, 1.0, 0.0], [0.0, 0.0, 0.0, 1.0]], "pose_inverse": [[-0.46822935342788696, -0.8836069703102112, 0.0, 1838.2640380859375], [0.8836069703102112, -0.46822935342788696, 0.0, -684.9899291992188], [0.0, 0.0, 1.0, 0.0], [0.0, 0.0, 0.0, 1.0]], "cam_ids": [0, 1, 2, 3, 4, 5], "cam_channels": ["CAM_FRONT_LEFT", "CAM_FRONT", "CAM_FRONT_RIGHT", "CAM_BACK_LEFT", "CAM_BACK", "CAM_BACK_RIGHT"], "token": "0a4e46a98e424bf1a9b79800a6114868", "scene": "scene-0908"}, {"images": ["samples/CAM_FRONT_LEFT/n008-2018-09-18-15-12-01-0400__CAM_FRONT_LEFT__1537298030154799.jpg", "samples/CAM_FRONT/n008-2018-09-18-15-12-01-0400__CAM_FRONT__1537298030162404.jpg", "samples/CAM_FRONT_RIGHT/n008-2018-09-18-15-12-01-0400__CAM_FRONT_RIGHT__1537298030170482.jpg", "samples/CAM_BACK_LEFT/n008-2018-09-18-15-12-01-0400__CAM_BACK_LEFT__1537298030197405.jpg", "samples/CAM_BACK/n008-2018-09-18-15-12-01-0400__CAM_BACK__1537298030187558.jpg", "samples/CAM_BACK_RIGHT/n008-2018-09-18-15-12-01-0400__CAM_BACK_RIGHT__1537298030178113.jpg"], "intrinsics": [[[1257.8625342125129, 0.0, 827.2410631095686], [0.0, 1257.8625342125129, 450.915498205774], [0.0, 0.0, 1.0]], [[1252.8131021185304, 0.0, 826.588114781398], [0.0, 1252.8131021185304, 469.9846626224581], [0.0, 0.0, 1.0]], [[1256.7485116440405, 0.0, 817.7887570959712], [0.0, 1256.7485116440403, 451.9541780095127], [0.0, 0.0, 1.0]], [[1254.9860565800168, 0.0, 829.5769333630991], [0.0, 1254.9860565800168, 467.1680561863987], [0.0, 0.0, 1.0]], [[796.8910634503094, 0.0, 857.7774326863696], [0.0, 796.8910634503094, 476.8848988407415], [0.0, 0.0, 1.0]], [[1249.9629280788233, 0.0, 825.3768045375984], [0.0, 1249.9629280788233, 462.54816385708756], [0.0, 0.0, 1.0]]], "extrinsics": [[[0.8225496411323547, -0.5686659812927246, -0.005579098593443632, -0.9996337890625], [0.005501673556864262, 0.017767079174518585, -0.9998270273208618, 1.4883296489715576], [0.5686667561531067, 0.8223766684532166, 0.01774291880428791, -1.329681396484375], [0.0, 0.0, 0.0, 1.0]], [[0.010259456932544708, -0.9998554587364197, -0.013557162135839462, 0.00537109375], [0.007531685288995504, 0.01363475900143385, -0.9998787045478821, 1.4802098274230957], [0.9999189972877502, 0.010156127624213696, 0.007670483086258173, -1.72900390625], [0.0, 0.0, 0.0, 1.0]], [[-0.8439889550209045, -0.5361268520355225, -0.0158340185880661, 1.0867919921875], [0.015627970919013023, 0.004928043112158775, -0.999865710735321, 1.4931449890136719], [0.5361328721046448, -0.8441230654716492, 0.004219360183924437, -1.275146484375], [0.0, 0.0, 0.0, 1.0]], [[0.9478787183761597, 0.31862011551856995, -0.00267528067342937, -1.1436767578125], [-0.009564618580043316, 0.020059874281287193, -0.9997529983520508, 1.562042236328125], [-0.3184877932071686, 0.9476702213287354, 0.02206180803477764, -0.1561279296875], [0.0, 0.0, 0.0, 1.0]], [[0.009220576845109463, 0.9998797178268433, 0.012473304755985737, -0.02886962890625], [-0.00749659538269043, 0.01254260540008545, -0.9998931884765625, 1.5680465698242188], [-0.9999294281005859, 0.009126072749495506, 0.007611343637108803, 0.0423583984375], [0.0, 0.0, 0.0, 1.0]], [[-0.9237391948699951, 0.38302120566368103, -0.0007754254038445652, 1.15771484375], [-0.0033687292598187923, -0.010148808360099792, -0.9999428391456604, 1.5478012561798096], [-0.38300713896751404, -0.9236838221549988, 0.010665147565305233, -0.04488372802734375], [0.0, 0.0, 0.0, 1.0]]], "view": [[0.0, -2.0, 100.0], [-2.0, 0.0, 100.0], [0.0, 0.0, 1.0]], "bev": "bev_c11fe9bca8244a36b2749a7627d2addb.png", "aux": "aux_c11fe9bca8244a36b2749a7627d2addb.npz", "visibility": "visibility_c11fe9bca8244a36b2749a7627d2addb.png", "pose": [[-0.46812382340431213, 0.8836628794670105, 0.0, 1465.9847412109375], [-0.8836628794670105, -0.46812382340431213, 0.0, 1303.5594482421875], [0.0, 0.0, 1.0, 0.0], [0.0, 0.0, 0.0, 1.0]], "pose_inverse": [[-0.46812382340431213, -0.8836628794670105, 0.0, 1838.16943359375], [0.8836628794670105, -0.46812382340431213, 0.0, -685.2090454101562], [0.0, 0.0, 1.0, 0.0], [0.0, 0.0, 0.0, 1.0]], "cam_ids": [0, 1, 2, 3, 4, 5], "cam_channels": ["CAM_FRONT_LEFT", "CAM_FRONT", "CAM_FRONT_RIGHT", "CAM_BACK_LEFT", "CAM_BACK", "CAM_BACK_RIGHT"], "token": "c11fe9bca8244a36b2749a7627d2addb", "scene": "scene-0908"}, {"images": ["samples/CAM_FRONT_LEFT/n008-2018-09-18-15-12-01-0400__CAM_FRONT_LEFT__1537298030654801.jpg", "samples/CAM_FRONT/n008-2018-09-18-15-12-01-0400__CAM_FRONT__1537298030662404.jpg", "samples/CAM_FRONT_RIGHT/n008-2018-09-18-15-12-01-0400__CAM_FRONT_RIGHT__1537298030670482.jpg", "samples/CAM_BACK_LEFT/n008-2018-09-18-15-12-01-0400__CAM_BACK_LEFT__1537298030697405.jpg", "samples/CAM_BACK/n008-2018-09-18-15-12-01-0400__CAM_BACK__1537298030687558.jpg", "samples/CAM_BACK_RIGHT/n008-2018-09-18-15-12-01-0400__CAM_BACK_RIGHT__1537298030678113.jpg"], "intrinsics": [[[1257.8625342125129, 0.0, 827.2410631095686], [0.0, 1257.8625342125129, 450.915498205774], [0.0, 0.0, 1.0]], [[1252.8131021185304, 0.0, 826.588114781398], [0.0, 1252.8131021185304, 469.9846626224581], [0.0, 0.0, 1.0]], [[1256.7485116440405, 0.0, 817.7887570959712], [0.0, 1256.7485116440403, 451.9541780095127], [0.0, 0.0, 1.0]], [[1254.9860565800168, 0.0, 829.5769333630991], [0.0, 1254.9860565800168, 467.1680561863987], [0.0, 0.0, 1.0]], [[796.8910634503094, 0.0, 857.7774326863696], [0.0, 796.8910634503094, 476.8848988407415], [0.0, 0.0, 1.0]], [[1249.9629280788233, 0.0, 825.3768045375984], [0.0, 1249.9629280788233, 462.54816385708756], [0.0, 0.0, 1.0]]], "extrinsics": [[[0.8225588798522949, -0.5686618685722351, -0.004540093243122101, -0.978271484375], [0.006494750268757343, 0.017376979812979698, -0.9998279213905334, 1.488497018814087], [0.5686429142951965, 0.8223878145217896, 0.017986902967095375, -1.315216064453125], [0.0, 0.0, 0.0, 1.0]], [[0.010286286473274231, -0.9998604655265808, -0.013169495388865471, 0.005859375], [0.008446336723864079, 0.013256601057946682, -0.9998764991760254, 1.480393409729004], [0.9999114274978638, 0.010173743590712547, 0.00858151912689209, -1.70751953125], [0.0, 0.0, 0.0, 1.0]], [[-0.8439643979072571, -0.5361500382423401, -0.01634921506047249, 1.072265625], [0.016474392265081406, 0.004556608851999044, -0.9998539090156555, 1.4934310913085938], [0.5361462235450745, -0.8441104292869568, 0.00498712994158268, -1.265625], [0.0, 0.0, 0.0, 1.0]], [[0.9478787779808044, 0.3186240494251251, -0.002124340273439884, -1.1424560546875], [-0.008875899948179722, 0.019739361479878426, -0.9997657537460327, 1.5620288848876953], [-0.31850749254226685, 0.9476756453514099, 0.021538596600294113, -0.1566162109375], [0.0, 0.0, 0.0, 1.0]], [[0.009203105233609676, 0.9998839497566223, 0.012138303369283676, -0.02886962890625], [-0.006757745053619146, 0.012200730852