[{"images": ["samples/CAM_FRONT_LEFT/n008-2018-08-30-10-33-52-0400__CAM_FRONT_LEFT__1535639656654799.jpg", "samples/CAM_FRONT/n008-2018-08-30-10-33-52-0400__CAM_FRONT__1535639656662404.jpg", "samples/CAM_FRONT_RIGHT/n008-2018-08-30-10-33-52-0400__CAM_FRONT_RIGHT__1535639656670482.jpg", "samples/CAM_BACK_LEFT/n008-2018-08-30-10-33-52-0400__CAM_BACK_LEFT__1535639656697405.jpg", "samples/CAM_BACK/n008-2018-08-30-10-33-52-0400__CAM_BACK__1535639656687558.jpg", "samples/CAM_BACK_RIGHT/n008-2018-08-30-10-33-52-0400__CAM_BACK_RIGHT__1535639656678113.jpg"], "intrinsics": [[[1257.8625342125129, 0.0, 827.2410631095686], [0.0, 1257.8625342125129, 450.915498205774], [0.0, 0.0, 1.0]], [[1252.8131021185304, 0.0, 826.588114781398], [0.0, 1252.8131021185304, 469.9846626224581], [0.0, 0.0, 1.0]], [[1256.7485116440405, 0.0, 817.7887570959712], [0.0, 1256.7485116440403, 451.9541780095127], [0.0, 0.0, 1.0]], [[1254.9860565800168, 0.0, 829.5769333630991], [0.0, 1254.9860565800168, 467.1680561863987], [0.0, 0.0, 1.0]], [[796.8910634503094, 0.0, 857.7774326863696], [0.0, 796.8910634503094, 476.8848988407415], [0.0, 0.0, 1.0]], [[1249.9629280788233, 0.0, 825.3768045375984], [0.0, 1249.9629280788233, 462.54816385708756], [0.0, 0.0, 1.0]]], "extrinsics": [[[0.8226065635681152, -0.5685495734214783, -0.008363764733076096, -0.69842529296875], [0.012930944561958313, 0.033410415053367615, -0.999358057975769, 1.4930267333984375], [0.5684640407562256, 0.8219702839851379, 0.03483550250530243, -1.1241455078125], [0.0, 0.0, 0.0, 1.0]], [[0.01040168758481741, -0.9995238780975342, -0.029048820957541466, 0.010498046875], [0.014991779811680317, 0.029203010722994804, -0.9994611144065857, 1.4847564697265625], [0.9998334646224976, 0.009960610419511795, 0.015288403257727623, -1.4246826171875], [0.0, 0.0, 0.0, 1.0]], [[-0.8438351154327393, -0.5357375741004944, -0.03045467473566532, 0.8843994140625], [0.02311677299439907, 0.020408211275935173, -0.9995244145393372, 1.4987144470214844], [0.5361043214797974, -0.8441378474235535, -0.0048366435803473, -1.144775390625], [0.0, 0.0, 0.0, 1.0]], [[0.9478833675384521, 0.31848227977752686, 0.00929293967783451, -1.1131591796875], [-0.001997403334826231, 0.035105567425489426, -0.9993816018104553, 1.561981201171875], [-0.3186115324497223, 0.9472785592079163, 0.03391211852431297, -0.166259765625], [0.0, 0.0, 0.0, 1.0]], [[0.009130549617111683, 0.9995722770690918, 0.02778317965567112, -0.028564453125], [8.355853060493246e-05, 0.027783574536442757, -0.9996139407157898, 1.56805419921875], [-0.999958336353302, 0.009129377081990242, 0.00017015756748151034, -0.065093994140625], [0.0, 0.0, 0.0, 1.0]], [[-0.9237109422683716, 0.3830857276916504, -0.0018261820077896118, 0.989715576171875], [0.0041475859470665455, 0.005233891773968935, -0.999977707862854, 1.548569679260254], [-0.38306760787963867, -0.9236979484558105, -0.006423482671380043, -0.113525390625], [0.0, 0.0, 0.0, 1.0]]], "view": [[0.0, -2.0, 100.0], [-2.0, 0.0, 100.0], [0.0, 0.0, 1.0]], "bev": "bev_6123a0c091d24c39ab274cdbad994bc4.png", "aux": "aux_6123a0c091d24c39ab274cdbad994bc4.npz", "visibility": "visibility_6123a0c091d24c39ab274cdbad994bc4.png", "pose": [[0.8792212605476379, 0.47641369700431824, 0.0, 1356.3377685546875], [-0.47641369700431824, 0.8792212605476379, 0.0, 1444.9500732421875], [0.0, 0.0, 1.0, 0.0], [0.0, 0.0, 0.0, 1.0]], "pose_inverse": [[0.8792212605476379, -0.47641369700431824, 0.0, -504.1269836425781], [0.47641369700431824, 0.8792212605476379, 0.0, -1916.608642578125], [0.0, 0.0, 1.0, 0.0], [0.0, 0.0, 0.0, 1.0]], "cam_ids": [0, 1, 2, 3, 4, 5], "cam_channels": ["CAM_FRONT_LEFT", "CAM_FRONT", "CAM_FRONT_RIGHT", "CAM_BACK_LEFT", "CAM_BACK", "CAM_BACK_RIGHT"], "token": "6123a0c091d24c39ab274cdbad994bc4", "scene": "scene-0520"}, {"images": ["samples/CAM_FRONT_LEFT/n008-2018-08-30-10-33-52-0400__CAM_FRONT_LEFT__1535639657154799.jpg", "samples/CAM_FRONT/n008-2018-08-30-10-33-52-0400__CAM_FRONT__1535639657162404.jpg", "samples/CAM_FRONT_RIGHT/n008-2018-08-30-10-33-52-0400__CAM_FRONT_RIGHT__1535639657170482.jpg", "samples/CAM_BACK_LEFT/n008-2018-08-30-10-33-52-0400__CAM_BACK_LEFT__1535639657197405.jpg", "samples/CAM_BACK/n008-2018-08-30-10-33-52-0400__CAM_BACK__1535639657187558.jpg", "samples/CAM_BACK_RIGHT/n008-2018-08-30-10-33-52-0400__CAM_BACK_RIGHT__1535639657178113.jpg"], "intrinsics": [[[1257.8625342125129, 0.0, 827.2410631095686], [0.0, 1257.8625342125129, 450.915498205774], [0.0, 0.0, 1.0]], [[1252.8131021185304, 0.0, 826.588114781398], [0.0, 1252.8131021185304, 469.9846626224581], [0.0, 0.0, 1.0]], [[1256.7485116440405, 0.0, 817.7887570959712], [0.0, 1256.7485116440403, 451.9541780095127], [0.0, 0.0, 1.0]], [[1254.9860565800168, 0.0, 829.5769333630991], [0.0, 1254.9860565800168, 467.1680561863987], [0.0, 0.0, 1.0]], [[796.8910634503094, 0.0, 857.7774326863696], [0.0, 796.8910634503094, 476.8848988407415], [0.0, 0.0, 1.0]], [[1249.9629280788233, 0.0, 825.3768045375984], [0.0, 1249.9629280788233, 462.54816385708756], [0.0, 0.0, 1.0]]], "extrinsics": [[[0.8227453231811523, -0.5682858228683472, -0.011884027160704136, -0.7032470703125], [0.008476928807795048, 0.03317241370677948, -0.9994136691093445, 1.4912033081054688], [0.5683469176292419, 0.8221622705459595, 0.03210976719856262, -1.13134765625], [0.0, 0.0, 0.0, 1.0]], [[0.010563411749899387, -0.9995243549346924, -0.028971141204237938, 0.01318359375], [0.01039545051753521, 0.029080962762236595, -0.9995229840278625, 1.4831962585449219], [0.9998902082443237, 0.010257221758365631, 0.010697701945900917, -1.4305419921875], [0.0, 0.0, 0.0, 1.0]], [[-0.8438321352005005, -0.5359528064727783, -0.02649078331887722, 0.888671875], [0.01841937191784382, 0.020408350974321365, -0.9996219873428345, 1.4974517822265625], [0.5362908840179443, -0.8440012335777283, -0.0073493109084665775, -1.14501953125], [0.0, 0.0, 0.0, 1.0]], [[0.9478382468223572, 0.3187157213687897, 0.004797300323843956, -1.11328125], [-0.006906197872012854, 0.03558063134551048, -0.9993429780006409, 1.5617828369140625], [-0.31867700815200806, 0.947182297706604, 0.03592579439282417, -0.167724609375], [0.0, 0.0, 0.0, 1.0]], [[0.00912350881844759, 0.9995656609535217, 0.028021516278386116, -0.0294189453125], [-0.004795505199581385, 0.02806609496474266, -0.999594509601593, 1.5674858093261719], [-0.9999468922615051, 0.008985397405922413, 0.005049483384937048, -0.0650634765625], [0.0, 0.0, 0.0, 1.0]], [[-0.9237875938415527, 0.382896363735199, 0.002609455259516835, 0.99102783203125], [-0.0006073080585338175, 0.005349733401089907, -0.9999855160713196, 1.5476865768432617], [-0.38290470838546753, -0.9237757325172424, -0.004709482192993164, -0.1109619140625], [0.0, 0.0, 0.0, 1.0]]], "view": [[0.0, -2.0, 100.0], [-2.0, 0.0, 100.0], [0.0, 0.0, 1.0]], "bev": "bev_c2a52f0a40ee413a872dead309c2df20.png", "aux": "aux_c2a52f0a40ee413a872dead309c2df20.npz", "visibility": "visibility_c2a52f0a40ee413a872dead309c2df20.png", "pose": [[0.8792511224746704, 0.4763585031032562, 0.0, 1359.7357177734375], [-0.4763585031032562, 0.8792511224746704, 0.0, 1443.0726318359375], [0.0, 0.0, 1.0, 0.0], [0.0, 0.0, 0.0, 1.0]], "pose_inverse": [[0.8792511224746704, -0.4763585031032562, 0.0, -508.1292724609375], [0.4763585031032562, 0.8792511224746704, 0.0, -1916.544921875], [0.0, 0.0, 1.0, 0.0], [0.0, 0.0, 0.0, 1.0]], "cam_ids": [0, 1, 2, 3, 4, 5], "cam_channels": ["CAM_FRONT_LEFT", "CAM_FRONT", "CAM_FRONT_RIGHT", "CAM_BACK_LEFT", "CAM_BACK", "CAM_BACK_RIGHT"], "token": "c2a52f0a40ee413a872dead309c2df20", "scene": "scene-0520"}, {"images": ["samples/CAM_FRONT_LEFT/n008-2018-08-30-10-33-52-0400__CAM_FRONT_LEFT__1535639657654799.jpg", "samples/CAM_FRONT/n008-2018-08-30-10-33-52-0400__CAM_FRONT__1535639657662404.jpg", "samples/CAM_FRONT_RIGHT/n008-2018-08-30-10-33-52-0400__CAM_FRONT_RIGHT__1535639657670500.jpg", "samples/CAM_BACK_LEFT/n008-2018-08-30-10-33-52-0400__CAM_BACK_LEFT__1535639657697405.jpg", "samples/CAM_BACK/n008-2018-08-30-10-33-52-0400__CAM_BACK__1535639657687558.jpg", "samples/CAM_BACK_RIGHT/n008-2018-08-30-10-33-52-0400__CAM_BACK_RIGHT__1535639657678113.jpg"], "intrinsics": [[[1257.8625342125129, 0.0, 827.2410631095686], [0.0, 1257.8625342125129, 450.915498205774], [0.0, 0.0, 1.0]], [[1252.8131021185304, 0.0, 826.588114781398], [0.0, 1252.8131021185304, 469.9846626224581], [0.0, 0.0, 1.0]], [[1256.7485116440405, 0.0, 817.7887570959712], [0.0, 1256.7485116440403, 451.9541780095127], [0.0, 0.0, 1.0]], [[1254.9860565800168, 0.0, 829.5769333630991], [0.0, 1254.9860565800168, 467.1680561863987], [0.0, 0.0, 1.0]], [[796.8910634503094, 0.0, 857.7774326863696], [0.0, 796.8910634503094, 476.8848988407415], [0.0, 0.0, 1.0]], [[1249.9629280788233, 0.0, 825.3768045375984], [0.0, 1249.9629280788233, 462.54816385708756], [0.0, 0.0, 1.0]]], "extrinsics": [[[0.8225246667861938, -0.5685606598854065, -0.013856818899512291, -0.70196533203125], [0.006917133461683989, 0.03436364606022835, -0.9993854761123657, 1.4907455444335938], [0.568687379360199, 0.8219233751296997, 0.032197754830121994, -1.1268310546875], [0.0, 0.0, 0.0, 1.0]], [[0.010231908410787582, -0.9994944930076599, -0.030100608244538307, 0.0107421875], [0.00870562344789505, 0.030190082266926765, -0.9995062947273254, 1.4827842712402344], [0.9999098181724548, 0.009964804165065289, 0.009010125882923603, -1.42645263671875], [0.0, 0.0, 0.0, 1.0]], [[-0.8439953327178955, -0.5357459783554077, -0.02545810677111149, 0.883544921875], [0.016537833958864212, 0.02144843339920044, -0.9996331930160522, 1.4971084594726562], [0.5360954403877258, -0.8441067337989807, -0.009242299944162369, -1.1439208984375], [0.0, 0.0, 0.0, 1.0]], [[0.947946310043335, 0.31841737031936646, 0.002839163411408663, -1.10498046875], [-0.009295015595853329, 0.03658190742135048, -0.9992874264717102, 1.5616683959960938], [-0.3182944059371948, 0.9472444653511047, 0.0376373827457428, -0.1688232421875], [0.0, 0.0, 0.0, 1.0]], [[0.00927416980266571, 0.999536395072937, 0.02899940311908722, -0.028564453125], [-0.0070794555358588696, 0.029065558686852455, -0.9995523691177368, 1.5672187805175781], [-0.9999319911003113, 0.009064670652151108, 0.00734573183581233, -0.071563720703125], [0.0, 0.0, 0.0, 1.0]], [[-0.9237205982208252, 0.38303548097610474, 0.004911527968943119, 0.9864501953125], [-0.0026781349442899227, 0.006363802123814821, -0.9999761581420898, 1.5473012924194336], [-0.38305753469467163, -0.9237117767333984, -0.004852555226534605, -0.1146240234375], [0.0, 0.0, 0.0, 1.0]]], "view": [[0.0, -2.0, 100.0], [-2.0, 0.0, 100.0], [0.0, 0.0, 1.0]], "bev": "bev_fe72a269726a4f399d64eb29d177bd78.png", "aux": "aux_fe72a269726a4f399d64eb29d177bd78.npz", "visibility": "visibility_fe72a269726a4f399d64eb29d177bd78.png", "pose": [[0.8766667246818542, 0.4810981750488281, 0.0, 1363.1160888671875], [-0.4810981750488281, 0.8766667246818542, 0.0, 1441.1907958984375], [0.0, 0.0, 1.0, 0.0], [0.0, 0.0, 0.0, 1.0]], "pose_inverse": [[0.8766667246818542, -0.4810981750488281, 0.0, -501.644287109375], [0.4810981750488281, 0.8766667246818542, 0.0, -1919.2366943359375], [0.0, 0.0, 1.0, 0.0], [0.0, 0.0, 0.0, 1.0]], "cam_ids": [0, 1, 2, 3, 4, 5], "cam_channels": ["CAM_FRONT_LEFT", "CAM_FRONT", "CAM_FRONT_RIGHT", "CAM_BACK_LEFT", "CAM_BACK", "CAM_BACK_RIGHT"], "token": "fe72a269726a4f399d64eb29d177bd78", "scene": "scene-0520"}, {"images": ["samples/CAM_FRONT_LEFT/n008-2018-08-30-10-33-52-0400__CAM_FRONT_LEFT__1535639658154799.jpg", "samples/CAM_FRONT/n008-2018-08-30-10-33-52-0400__CAM_FRONT__1535639658162404.jpg", "samples/CAM_FRONT_RIGHT/n008-2018-08-30-10-33-52-0400__CAM_FRONT_RIGHT__1535639658170539.jpg", "samples/CAM_BACK_LEFT/n008-2018-08-30-10-33-52-0400__CAM_BACK_LEFT__1535639658197405.jpg", "samples/CAM_BACK/n008-2018-08-30-10-33-52-0400__CAM_BACK__1535639658187558.jpg", "samples/CAM_BACK_RIGHT/n008-2018-08-30-10-33-52-0400__CAM_BACK_RIGHT__1535639658178113.jpg"], "intrinsics": [[[1257.8625342125129, 0.0, 827.2410631095686], [0.0, 1257.8625342125129, 450.915498205774], [0.0, 0.0, 1.0]], [[1252.8131021185304, 0.0, 826.588114781398], [0.0, 1252.8131021185304, 469.9846626224581], [0.0, 0.0, 1.0]], [[1256.7485116440405, 0.0, 817.7887570959712], [0.0, 1256.7485116440403, 451.9541780095127], [0.0, 0.0, 1.0]], [[1254.9860565800168, 0.0, 829.5769333630991], [0.0, 1254.9860565800168, 467.1680561863987], [0.0, 0.0, 1.0]], [[796.8910634503094, 0.0, 857.7774326863696], [0.0, 796.8910634503094, 476.8848988407415], [0.0, 0.0, 1.0]], [[1249.9629280788233, 0.0, 825.3768045375984], [0.0, 1249.9629280788233, 462.54816385708756], [0.0, 0.0, 1.0]]], "extrinsics": [[[0.8229527473449707, -0.5679023861885071, -0.015354370698332787, -0.69049072265625], [0.0036222522612661123, 0.032271772623062134, -0.9994725584983826, 1.4895133972167969], [0.5680983066558838, 0.8224630355834961, 0.028615230694413185, -1.1221923828125], [0.0, 0.0, 0.0, 1.0]], [[0.01084237452596426, -0.999547004699707, -0.028075143694877625, 0.012939453125], [0.005542319267988205, 0.02813643403351307, -0.9995887279510498, 1.4818153381347656], [0.9999258518218994, 0.010682286694645882, 0.005844874307513237, -1.41552734375], [0.0, 0.0, 0.0, 1.0]], [[-0.8437633514404297, -0.5362719893455505, -0.021812548860907555, 0.876953125], [0.013508382253348827, 0.019409125670790672, -0.9997203350067139, 1.4964523315429688], [0.5365453958511353, -0.8438220620155334, -0.00913254264742136, -1.1376953125], [0.0, 0.0, 0.0, 1.0]], [[0.9478233456611633, 0.31879565119743347, -0.0005822194507345557, -1.0992431640625], [-0.012156931683421135, 0.034319132566452026, -0.9993369579315186, 1.5614280700683594], [-0.3185642957687378, 0.9472019672393799, 0.036404047161340714, -0.17236328125], [0.0, 0.0, 0.0, 1.0]], [[0.009042853489518166, 0.999599814414978, 0.026802368462085724, -0.029296875], [-0.009926678612828255, 0.026891881600022316, -0.9995890259742737, 1.5668067932128906], [-0.9999098181724548, 0.008773046545684338, 0.010165884159505367, -0.07781982421875], [0.0, 0.0, 0.0, 1.0]], [[-0.9238744974136353, 0.3826344609260559, 0.006838143337517977, 0.9786376953125], [-0.005635293200612068, 0.00426429882645607, -0.9999750256538391, 1.5466961860656738], [-0.382654070854187, -0.9238899350166321, -0.0017834199825301766, -0.1162109375], [0.0, 0.0, 0.0, 1.0]]], "view": [[0.0, -2.0, 100.0], [-2.0, 0.0, 100.0], [0.0, 0.0, 1.0]], "bev": "bev_ac16b737276c46fdb4a34d707d491c66.png", "aux": "aux_ac16b737276c46fdb4a34d707d491c66.npz", "visibility": "visibility_ac16b737276c46fdb4a34d707d491c66.png", "pose": [[0.8749437928199768, 0.48422449827194214, 0.0, 1366.4637451171875], [-0.48422449827194214, 0.8749437928199768, 0.0, 1439.3109130859375], [0.0, 0.0, 1.0, 0.0], [0.0, 0.0, 0.0, 1.0]], "pose_inverse": [[0.8749437928199768, -0.48422449827194214, 0.0, -498.62933349609375], [0.48422449827194214, 0.8749437928199768, 0.0, -1920.9913330078125], [0.0, 0.0, 1.0, 0.0], [0.0, 0.0, 0.0, 1.0]], "cam_ids": [0, 1, 2, 3, 4, 5], "cam_channels": ["CAM_FRONT_LEFT", "CAM_FRONT", "CAM_FRONT_RIGHT", "CAM_BACK_LEFT", "CAM_BACK", "CAM_BACK_RIGHT"], "token": "ac16b737276c46fdb4a34d707d491c66", "scene": "scene-0520"}, {"images": ["samples/CAM_FRONT_LEFT/n008-2018-08-30-10-33-52-0400__CAM_FRONT_LEFT__1535639658654801.jpg", "samples/CAM_FRONT/n008-2018-08-30-10-33-52-0400__CAM_FRONT__1535639658662556.jpg", "samples/CAM_FRONT_RIGHT/n008-2018-08-30-10-33-52-0400__CAM_FRONT_RIGHT__1535639658670545.jpg", "samples/CAM_BACK_LEFT/n008-2018-08-30-10-33-52-0400__CAM_BACK_LEFT__1535639658697405.jpg", "samples/CAM_BACK/n008-2018-08-30-10-33-52-0400__CAM_BACK__1535639658687558.jpg", "samples/CAM_BACK_RIGHT/n008-2018-08-30-10-33-52-0400__CAM_BACK_RIGHT__1535639658678113.jpg"], "intrinsics": [[[1257.8625342125129, 0.0, 827.2410631095686], [0.0, 1257.8625342125129, 450.915498205774], [0.0, 0.0, 1.0]], [[1252.8131021185304, 0.0, 826.588114781398], [0.0, 1252.8131021185304, 469.9846626224581], [0.0, 0.0, 1.0]], [[1256.7485116440405, 0.0, 817.7887570959712], [0.0, 1256.7485116440403, 451.9541780095127], [0.0, 0.0, 1.0]], [[1254.9860565800168, 0.0, 829.5769333630991], [0.0, 1254.9860565800168, 467.1680561863987], [0.0, 0.0, 1.0]], [[796.8910634503094, 0.0, 857.7774326863696], [0.0, 796.8910634503094, 476.8848988407415], [0.0, 0.0, 1.0]], [[1249.9629280788233, 0.0, 825.3768045375984], [0.0, 1249.9629280788233, 462.54816385708756], [0.0, 0.0, 1.0]]], "extrinsics": [[[0.8227112293243408, -0.568325936794281, -0.012324674054980278, -0.7132568359375], [0.0037241808604449034, 0.0270689707249403, -0.999626636505127, 1.4895210266113281], [0.5684473514556885, 0.8223581910133362, 0.024386495351791382, -1.1353759765625], [0.0, 0.0, 0.0, 1.0]], [[0.010487514548003674, -0.9996832013130188, -0.02287725917994976, 0.0111083984375], [0.005791268311440945, 0.022938856855034828, -0.9997200965881348, 1.4818115234375], [0.9999281764030457, 0.010352082550525665, 0.006030006799846888, -1.43963623046875], [0.0, 0.0, 0.0, 1.0]], [[-0.8439028859138489, -0.5361445546150208, -0.01941319927573204, 0.8927001953125], [0.01392901036888361, 0.014277125708758831, -0.9998010396957397, 1.4963302612304688], [0.5363150835037231, -0.8440054059028625, -0.0045805457048118114, -1.1495361328125], [0.0, 0.0, 0.0, 1.0]], [[0.9478368759155273, 0.31875354051589966, -0.0011751512065529823, -1.1103515625], [-0.011274217627942562, 0.02983987331390381, -0.9994910955429077, 1.5616416931152344], [-0.3185562789440155, 0.9473677277565002, 0.03187703341245651, -0.16748046875], [0.0, 0.0, 0.0, 1.0]], [[0.009096954017877579, 0.9997152090072632, 0.02206452190876007, -0.0284423828125], [-0.009168251417577267, 0.02214789390563965, -0.9997126460075378, 1.5670547485351562], [-0.9999166131019592, 0.008892100304365158, 0.009367119520902634, -0.06439208984375], [0.0, 0.0, 0.0, 1.0]], [[-0.9238085150718689, 0.3828304708003998, 0.004331688396632671, 0.994384765625], [-0.004987683147192001, -0.0007210245821624994, -0.9999873042106628, 1.546919584274292], [-0.38282251358032227, -0.9238182902336121, 0.002575526013970375, -0.111083984375], [0.0, 0.0, 0.0, 1.0]]], "view": [[0.0, -2.0, 100.0], [-2.0, 0.0, 100.0], [0.0, 0.0, 1.0]], "bev": "bev_cd6b4f5eb88a4f7590c29d744dbd6cd0.png", "aux": "aux_cd6b4f5eb88a4f7590c29d744dbd6cd0.npz", "visibility": "visibility_cd6b4f5eb88a4f7590c29d744dbd6cd0.png", "pose": [[0.8732925653457642, 0.4871961176395416, 0.0, 1369.74169921875], [-0.4871961176395416, 0.8732925653457642, 0.0, 1437.45703125], [0.0, 0.0, 1.0, 0.0], [0.0, 0.0, 0.0, 1.0]], "pose_inverse": [[0.8732925653457642, -0.4871961176395416, 0.0, -495.8617858886719], [0.4871961176395416, 0.8732925653457642, 0.0, -1922.6534423828125], [0.0, 0.0, 1.0, 0.0], [0.0, 0.0, 0.0, 1.0]], "cam_ids": [0, 1, 2, 3, 4, 5], "cam_channels": ["CAM_FRONT_LEFT", "CAM_FRONT", "CAM_FRONT_RIGHT", "CAM_BACK_LEFT", "CAM_BACK", "CAM_BACK_RIGHT"], "token": "cd6b4f5eb88a4f7590c29d744dbd6cd0", "scene": "scene-0520"}, {"images": ["samples/CAM_FRONT_LEFT/n008-2018-08-30-10-33-52-0400__CAM_FRONT_LEFT__1535639659104799.jpg", "samples/CAM_FRONT/n008-2018-08-30-10-33-52-0400__CAM_FRONT__1535639659112404.jpg", "samples/CAM_FRONT_RIGHT/n008-2018-08-30-10-33-52-0400__CAM_FRONT_RIGHT__1535639659120482.jpg", "samples/CAM_BACK_LEFT/n008-2018-08-30-10-33-52-0400__CAM_BACK_LEFT__1535639659147405.jpg", "samples/CAM_BACK/n008-2018-08-30-10-33-52-0400__CAM_BACK__1535639659137558.jpg", "samples/CAM_BACK_RIGHT/n008-2018-08-30-10-33-52-0400__CAM_BACK_RIGHT__1535639659128113.jpg"], "intrinsics": [[[1257.8625342125129, 0.0, 827.2410631095686], [0.0, 1257.8625342125129, 450.915498205774], [0.0, 0.0, 1.0]], [[1252.8131021185304, 0.0, 826.588114781398], [0.0, 1252.8131021185304, 469.9846626224581], [0.0, 0.0, 1.0]], [[1256.7485116440405, 0.0, 817.7887570959712], [0.0, 1256.7485116440403, 451.9541780095127], [0.0, 0.0, 1.0]], [[1254.9860565800168, 0.0, 829.5769333630991], [0.0, 1254.9860565800168, 467.1680561863987], [0.0, 0.0, 1.0]], [[796.8910634503094, 0.0, 857.7774326863696], [0.0, 796.8910634503094, 476.8848988407415], [0.0, 0.0, 1.0]], [[1249.9629280788233, 0.0, 825.3768045375984], [0.0, 1249.9629280788233, 462.54816385708756], [0.0, 0.0, 1.0]]], "extrinsics": [[[0.8222871422767639, -0.5688762664794922, -0.014952634461224079, -0.72198486328125], [0.0025145304389297962, 0.02990731969475746, -0.9995495080947876, 1.4890594482421875], [0.5690671801567078, 0.8218791484832764, 0.026022862643003464, -1.141357421875], [0.0, 0.0, 0.0, 1.0]], [[0.00986309815198183, -0.9996179342269897, -0.025819724425673485, 0.0108642578125], [0.0044600097462534904, 0.025864701718091965, -0.9996554851531982, 1.4813728332519531], [0.999941349029541, 0.009744497016072273, 0.004713411908596754, -1.44879150390625], [0.0, 0.0, 0.0, 1.0]], [[-0.844186007976532, -0.5356855988502502, -0.019772104918956757, 0.900390625], [0.012471531517803669, 0.017247674986720085, -0.9997734427452087, 1.4958648681640625], [0.5359052419662476, -0.8442413210868835, -0.007879424840211868, -1.154296875], [0.0, 0.0, 0.0, 1.0]], [[0.9478868246078491, 0.3186013102531433, -0.0019665067084133625, -1.115966796875], [-0.012965407222509384, 0.03240548446774483, -0.999390721321106, 1.5616569519042969], [-0.31834349036216736, 0.9473347663879395, 0.034847524017095566, -0.165771484375], [0.0, 0.0, 0.0, 1.0]], [[0.009409465827047825, 0.9996477365493774, 0.02481721341609955, -0.02880859375], [-0.010841401293873787, 0.02491883561015129, -0.9996306896209717, 1.5669403076171875], [-0.9998969435691833, 0.009136988781392574, 0.01107205543667078, -0.05712890625], [0.0, 0.0, 0.0, 1.0]], [[-0.9236537218093872, 0.38316476345062256, 0.006956041790544987, 1.002532958984375], [-0.006605231668800116, 0.0022312216460704803, -0.9999757409095764, 1.5466804504394531], [-0.3831709623336792, -0.9236773252487183, 0.0004700160934589803, -0.1077880859375], [0.0, 0.0, 0.0, 1.0]]], "view": [[0.0, -2.0, 100.0], [-2.0, 0.0, 100.0], [0.0, 0.0, 1.0]], "bev": "bev_f9f8b1d1a2f843f6a6909d4e8402e85d.png", "aux": "aux_f9f8b1d1a2f843f6a6909d4e8402e85d.npz", "visibility": "visibility_f9f8b1d1a2f843f6a6909d4e8402e85d.png", "pose": [[0.8724641799926758, 0.4886780381202698, 0.0, 1372.6302490234375], [-0.4886780381202698, 0.8724641799926758, 0.0, 1435.799072265625], [0.0, 0.0, 1.0, 0.0], [0.0, 0.0, 0.0, 1.0]], "pose_inverse": [[0.8724641799926758, -0.4886780381202698, 0.0, -495.9272766113281], [0.4886780381202698, 0.8724641799926758, 0.0, -1923.45751953125], [0.0, 0.0, 1.0, 0.0], [0.0, 0.0, 0.0, 1.0]], "cam_ids": [0, 1, 2, 3, 4, 5], "cam_channels": ["CAM_FRONT_LEFT", "CAM_FRONT", "CAM_FRONT_RIGHT", "CAM_BACK_LEFT", "CAM_BACK", "CAM_BACK_RIGHT"], "token": "f9f8b1d1a2f843f6a6909d4e8402e85d", "scene": "scene-0520"}, {"images": ["samples/CAM_FRONT_LEFT/n008-2018-08-30-10-33-52-0400__CAM_FRONT_LEFT__1535639659604799.jpg", "samples/CAM_FRONT/n008-2018-08-30-10-33-52-0400__CAM_FRONT__1535639659612404.jpg", "samples/CAM_FRONT_RIGHT/n008-2018-08-30-10-33-52-0400__CAM_FRONT_RIGHT__1535639659620498.jpg", "samples/CAM_BACK_LEFT/n008-2018-08-30-10-33-52-0400__CAM_BACK_LEFT__1535639659647405.jpg", "samples/CAM_BACK/n008-2018-08-30-10-33-52-0400__CAM_BACK__1535639659637562.jpg", "samples/CAM_BACK_RIGHT/n008-2018-08-30-10-33-52-0400__CAM_BACK_RIGHT__1535639659628113.jpg"], "intrinsics": [[[1257.8625342125129, 0.0, 827.2410631095686], [0.0, 1257.8625342125129, 450.915498205774], [0.0, 0.0, 1.0]], [[1252.8131021185304, 0.0, 826.588114781398], [0.0, 1252.8131021185304, 469.9846626224581], [0.0, 0.0, 1.0]], [[1256.7485116440405, 0.0, 817.7887570959712], [0.0, 1256.7485116440403, 451.9541780095127], [0.0, 0.0, 1.0]], [[1254.9860565800168, 0.0, 829.5769333630991], [0.0, 1254.9860565800168, 467.1680561863987], [0.0, 0.0, 1.0]], [[796.8910634503094, 0.0, 857.7774326863696], [0.0, 796.8910634503094, 476.8848988407415], [0.0, 0.0, 1.0]], [[1249.9629280788233, 0.0, 825.3768045375984], [0.0, 1249.9629280788233, 462.54816385708756], [0.0, 0.0, 1.0]]], "extrinsics": [[[0.8225821852684021, -0.5684539079666138, -0.014788266271352768, -0.7476806640625], [0.002351452363654971, 0.029406243935227394, -0.9995647668838501, 1.4889373779296875], [0.5686413645744324, 0.822189450263977, 0.02552574686706066, -1.1590576171875], [0.0, 0.0, 0.0, 1.0]], [[0.010296168737113476, -0.9996287822723389, -0.025222044438123703, 0.010498046875], [0.004291549790650606, 0.02526732347905636, -0.9996715188026428, 1.4812202453613281], [0.9999377727508545, 0.01018455345183611, 0.004550114274024963, -1.47509765625], [0.0, 0.0, 0.0, 1.0]], [[-0.8440009951591492, -0.5359958410263062, -0.019254164770245552, 0.9183349609375], [0.0122979786247015, 0.016549689695239067, -0.9997873902320862, 1.4955673217773438], [0.5362005233764648, -0.8440583944320679, -0.007376291789114475, -1.166015625], [0.0, 0.0, 0.0, 1.0]], [[0.9478702545166016, 0.31864869594573975, -0.0022301538847386837, -1.1224365234375], [-0.013000362552702427, 0.03167692571878433, -0.9994136095046997, 1.5617446899414062], [-0.31839120388031006, 0.9473434686660767, 0.03416816517710686, -0.163330078125], [0.0, 0.0, 0.0, 1.0]], [[0.009249869734048843, 0.9996680021286011, 0.024048544466495514, -0.0286865234375], [-0.010893706232309341, 0.024148887023329735, -0.9996489882469177, 1.5670700073242188], [-0.9998978972434998, 0.008984629064798355, 0.011113462969660759, -0.045257568359375], [0.0, 0.0, 0.0, 1.0]], [[-0.9237558245658875, 0.3829217255115509, 0.0067800721153616905, 1.018157958984375], [-0.006738409865647554, 0.0014500742545351386, -0.9999762177467346, 1.5467736721038818], [-0.3829224705696106, -0.9237796068191528, 0.0012407697504386306, -0.1014404296875], [0.0, 0.0, 0.0, 1.0]]], "view": [[0.0, -2.0, 100.0], [-2.0, 0.0, 100.0], [0.0, 0.0, 1.0]], "bev": "bev_7dae85733d7d49449d10dd6defa13e33.png", "aux": "aux_7dae85733d7d49449d10dd6defa13e33.npz", "visibility": "visibility_7dae85733d7d49449d10dd6defa13e33.png", "pose": [[0.8723134994506836, 0.48894697427749634, 0.0, 1375.6639404296875], [-0.48894697427749634, 0.8723134994506836, 0.0, 1434.0650634765625], [0.0, 0.0, 1.0, 0.0], [0.0, 0.0, 0.0, 1.0]], "pose_inverse": [[0.8723134994506836, -0.48894697427749634, 0.0, -498.8284912109375], [0.48894697427749634, 0.8723134994506836, 0.0, -1923.5810546875], [0.0, 0.0, 1.0, 0.0], [0.0, 0.0, 0.0, 1.0]], "cam_ids": [0, 1, 2, 3, 4, 5], "cam_channels": ["CAM_FRONT_LEFT", "CAM_FRONT", "CAM_FRONT_RIGHT", "CAM_BACK_LEFT", "CAM_BACK", "CAM_BACK_RIGHT"], "token": "7dae85733d7d49449d10dd6defa13e33", "scene": "scene-0520"}, {"images": ["samples/CAM_FRONT_LEFT/n008-2018-08-30-10-33-52-0400__CAM_FRONT_LEFT__1535639660104799.jpg", "samples/CAM_FRONT/n008-2018-08-30-10-33-52-0400__CAM_FRONT__1535639660112404.jpg", "samples/CAM_FRONT_RIGHT/n008-2018-08-30-10-33-52-0400__CAM_FRONT_RIGHT__1535639660120482.jpg", "samples/CAM_BACK_LEFT/n008-2018-08-30-10-33-52-0400__CAM_BACK_LEFT__1535639660147405.jpg", "samples/CAM_BACK/n008-2018-08-30-10-33-52-0400__CAM_BACK__1535639660137558.jpg", "samples/CAM_BACK_RIGHT/n008-2018-08-30-10-33-52-0400__CAM_BACK_RIGHT__1535639660128113.jpg"], "intrinsics": [[[1257.8625342125129, 0.0, 827.2410631095686], [0.0, 1257.8625342125129, 450.915498205774], [0.0, 0.0, 1.0]], [[1252.8131021185304, 0.0, 826.588114781398], [0.0, 1252.8131021185304, 469.9846626224581], [0.0, 0.0, 1.0]], [[1256.7485116440405, 0.0, 817.7887570959712], [0.0, 1256.7485116440403, 451.9541780095127], [0.0, 0.0, 1.0]], [[1254.9860565800168, 0.0, 829.5769333630991], [0.0, 1254.9860565800168, 467.1680561863987], [0.0, 0.0, 1.0]], [[796.8910634503094, 0.0, 857.7774326863696], [0.0, 796.8910634503094, 476.8848988407415], [0.0, 0.0, 1.0]], [[1249.9629280788233, 0.0, 825.3768045375984], [0.0, 1249.9629280788233, 462.54816385708756], [0.0, 0.0, 1.0]]], "extrinsics": [[[0.8228919506072998, -0.5680837035179138, -0.011393792927265167, -0.77081298828125], [0.006435762159526348, 0.029369929805397987, -0.9995478391647339, 1.4899520874023438], [0.5681614875793457, 0.8224465847015381, 0.02782432734966278, -1.177734375], [0.0, 0.0, 0.0, 1.0]], [[0.010754457674920559, -0.9996260404586792, -0.02514319308102131, 0.011962890625], [0.008469159714877605, 0.025234803557395935, -0.9996456503868103, 1.4820365905761719], [0.9999063611030579, 0.01053769513964653, 0.008737376891076565, -1.5009765625], [0.0, 0.0, 0.0, 1.0]], [[-0.8437753319740295, -0.5362099409103394, -0.022851144894957542, 0.9373779296875], [0.01657482609152794, 0.01652236469089985, -0.9997260570526123, 1.4960594177246094], [0.5364406704902649, -0.8439229130744934, -0.005053575150668621, -1.1763916015625], [0.0, 0.0, 0.0, 1.0]], [[0.9478781819343567, 0.31862935423851013, 0.0015695731854066253, -1.12841796875], [-0.008956598117947578, 0.031568001955747604, -0.9994614720344543, 1.5618858337402344], [-0.3185073435306549, 0.9473536014556885, 0.03277645260095596, -0.16162109375], [0.0, 0.0, 0.0, 1.0]], [[0.009080198593437672, 0.9996703267097473, 0.024016382172703743, -0.0294189453125], [-0.006865327712148428, 0.024079129099845886, -0.9996864795684814, 1.5675010681152344], [-0.9999352693557739, 0.008912449702620506, 0.0070817070081830025, -0.033203125], [0.0, 0.0, 0.0, 1.0]], [[-0.9238379001617432, 0.3827724754810333, 0.002956995042040944, 1.03411865234375], [-0.0026101279072463512, 0.0014255114365369081, -0.9999955892562866, 1.547453761100769], [-0.3827749490737915, -0.9238415360450745, -0.00031785693136043847, -0.0933837890625], [0.0, 0.0, 0.0, 1.0]]], "view": [[0.0, -2.0, 100.0], [-2.0, 0.0, 100.0], [0.0, 0.0, 1.0]], "bev": "bev_868280bdd9bf4ec49d2dd6d4880d4bee.png", "aux": "aux_868280bdd9bf4ec49d2dd6d4880d4bee.npz", "visibility": "visibility_868280bdd9bf4ec49d2dd6d4880d4bee.png", "pose": [[0.8722266554832458, 0.48910194635391235, 0.0, 1378.4752197265625], [-0.48910194635391235, 0.8722266554832458, 0.0, 1432.4498291015625], [0.0, 0.0, 1.0, 0.0], [0.0, 0.0, 0.0, 1.0]], "pose_inverse": [[0.8722266554832458, -0.48910194635391235, 0.0, -501.7287902832031], [0.48910194635391235, 0.8722266554832458, 0.0, -1923.6357421875], [0.0, 0.0, 1.0, 0.0], [0.0, 0.0, 0.0, 1.0]], "cam_ids": [0, 1, 2, 3, 4, 5], "cam_channels": ["CAM_FRONT_LEFT", "CAM_FRONT", "CAM_FRONT_RIGHT", "CAM_BACK_LEFT", "CAM_BACK", "CAM_BACK_RIGHT"], "token": "868280bdd9bf4ec49d2dd6d4880d4bee", "scene": "scene-0520"}, {"images": ["samples/CAM_FRONT_LEFT/n008-2018-08-30-10-33-52-0400__CAM_FRONT_LEFT__1535639660604799.jpg", "samples/CAM_FRONT/n008-2018-08-30-10-33-52-0400__CAM_FRONT__1535639660612404.jpg", "samples/CAM_FRONT_RIGHT/n008-2018-08-30-10-33-52-0400__CAM_FRONT_RIGHT__1535639660620482.jpg", "samples/CAM_BACK_LEFT/n008-2018-08-30-10-33-52-0400__CAM_BACK_LEFT__1535639660647405.jpg", "samples/CAM_BACK/n008-2018-08-30-10-33-52-0400__CAM_BACK__1535639660637558.jpg", "samples/CAM_BACK_RIGHT/n008-2018-08-30-10-33-52-0400__CAM_BACK_RIGHT__1535639660628113.jpg"], "intrinsics": [[[1257.8625342125129, 0.0, 827.2410631095686], [0.0, 1257.8625342125129, 450.915498205774], [0.0, 0.0, 1.0]], [[1252.8131021185304, 0.0, 826.588114781398], [0.0, 1252.8131021185304, 469.9846626224581], [0.0, 0.0, 1.0]], [[1256.7485116440405, 0.0, 817.7887570959712], [0.0, 1256.7485116440403, 451.9541780095127], [0.0, 0.0, 1.0]], [[1254.9860565800168, 0.0, 829.5769333630991], [0.0, 1254.9860565800168, 467.1680561863987], [0.0, 0.0, 1.0]], [[796.8910634503094, 0.0, 857.7774326863696], [0.0, 796.8910634503094, 476.8848988407415], [0.0, 0.0, 1.0]], [[1249.9629280788233, 0.0, 825.3768045375984], [0.0, 1249.9629280788233, 462.54816385708756], [0.0, 0.0, 1.0]]], "extrinsics": [[[0.8225448131561279, -0.5685420632362366, -0.013420513831079006, -0.802490234375], [0.00412406213581562, 0.029561154544353485, -0.999554455280304, 1.4892349243164062], [0.5686854720115662, 0.8221229314804077, 0.026660075411200523, -1.1961669921875], [0.0, 0.0, 0.0, 1.0]], [[0.01022001076489687, -0.999625027179718, -0.025404829531908035, 0.009033203125], [0.006032812874764204, 0.02546733431518078, -0.9996574521064758, 1.4813499450683594], [0.9999295473098755, 0.01006321795284748, 0.006290826015174389, -1.53082275390625], [0.0, 0.0, 0.0, 1.0]], [[-0.8440372347831726, -0.5358799695968628, -0.020827073603868484, 0.955322265625], [0.014005308039486408, 0.016796840354800224, -0.9997608065605164, 1.4953079223632812], [0.5361016392707825, -0.8441271185874939, -0.006671994924545288, -1.190185546875], [0.0, 0.0, 0.0, 1.0]], [[0.9478834271430969, 0.3186163306236267, -0.0008488824823871255, -1.1280517578125], [-0.011636164039373398, 0.03195485100150108, -0.9994215369224548, 1.5618438720703125], [-0.318404883146286, 0.9473450183868408, 0.03399694338440895, -0.1614990234375], [0.0, 0.0, 0.0, 1.0]], [[0.009300708770751953, 0.9996596574783325, 0.024372827261686325, -0.0286865234375], [-0.009452832862734795, 0.02446068823337555, -0.999656081199646, 1.5673942565917969], [-0.9999120831489563, 0.009067069739103317, 0.009677116759121418, -0.025177001953125], [0.0, 0.0, 0.0, 1.0]], [[-0.9237139225006104, 0.38304468989372253, 0.005409686826169491, 1.0494384765625], [-0.005128891672939062, 0.0017543081194162369, -0.9999853372573853, 1.547194004058838], [-0.38304847478866577, -0.9237281680107117, 0.00034411638625897467, -0.089111328125], [0.0, 0.0, 0.0, 1.0]]], "view": [[0.0, -2.0, 100.0], [-2.0, 0.0, 100.0], [0.0, 0.0, 1.0]], "bev": "bev_8abcdbff037848118279e42031c7eabe.png", "aux": "aux_8abcdbff037848118279e42031c7eabe.npz", "visibility": "visibility_8abcdbff037848118279e42031c7eabe.png", "pose": [[0.8730592727661133, 0.48761412501335144, 0.0, 1380.9801025390625], [-0.48761412501335144, 0.8730592727661133, 0.0, 1431.0274658203125], [0.0, 0.0, 1.0, 0.0], [0.0, 0.0, 0.0, 1.0]], "pose_inverse": [[0.8730592727661133, -0.48761412501335144, 0.0, -507.88824462890625], [0.48761412501335144, 0.8730592727661133, 0.0, -1922.7572021484375], [0.0, 0.0, 1.0, 0.0], [0.0, 0.0, 0.0, 1.0]], "cam_ids": [0, 1, 2, 3, 4, 5], "cam_channels": ["CAM_FRONT_LEFT", "CAM_FRONT", "CAM_FRONT_RIGHT", "CAM_BACK_LEFT", "CAM_BACK", "CAM_BACK_RIGHT"], "token": "8abcdbff037848118279e42031c7eabe", "scene": "scene-0520"}, {"images": ["samples/CAM_FRONT_LEFT/n008-2018-08-30-10-33-52-0400__CAM_FRONT_LEFT__1535639661104799.jpg", "samples/CAM_FRONT/n008-2018-08-30-10-33-52-0400__CAM_FRONT__1535639661112404.jpg", "samples/CAM_FRONT_RIGHT/n008-2018-08-30-10-33-52-0400__CAM_FRONT_RIGHT__1535639661120482.jpg", "samples/CAM_BACK_LEFT/n008-2018-08-30-10-33-52-0400__CAM_BACK_LEFT__1535639661147405.jpg", "samples/CAM_BACK/n008-2018-08-30-10-33-52-0400__CAM_BACK__1535639661137558.jpg", "samples/CAM_BACK_RIGHT/n008-2018-08-30-10-33-52-0400__CAM_BACK_RIGHT__1535639661128113.jpg"], "intrinsics": [[[1257.8625342125129, 0.0, 827.2410631095686], [0.0, 1257.8625342125129, 450.915498205774], [0.0, 0.0, 1.0]], [[1252.8131021185304, 0.0, 826.588114781398], [0.0, 1252.8131021185304, 469.9846626224581], [0.0, 0.0, 1.0]], [[1256.7485116440405, 0.0, 817.7887570959712], [0.0, 1256.7485116440403, 451.9541780095127], [0.0, 0.0, 1.0]], [[1254.9860565800168, 0.0, 829.5769333630991], [0.0, 1254.9860565800168, 467.1680561863987], [0.0, 0.0, 1.0]], [[796.8910634503094, 0.0, 857.7774326863696], [0.0, 796.8910634503094, 476.8848988407415], [0.0, 0.0, 1.0]], [[1249.9629280788233, 0.0, 825.3768045375984], [0.0, 1249.9629280788233, 462.54816385708756], [0.0, 0.0, 1.0]]], "extrinsics": [[[0.8223609328269958, -0.5687702298164368, -0.014931859448552132, -0.81622314453125], [0.0014522187411785126, 0.02834201417863369, -0.9995971918106079, 1.4886016845703125], [0.5689643025398254, 0.8220080733299255, 0.024133343249559402, -1.2041015625], [0.0, 0.0, 0.0, 1.0]], [[0.009968528524041176, -0.9996579885482788, -0.024176450446248055, 0.00830078125], [0.003405146300792694, 0.024211447685956955, -0.9997010827064514, 1.4807891845703125], [0.9999445080757141, 0.009883246384561062, 0.003645333694294095, -1.544677734375], [0.0, 0.0, 0.0, 1.0]], [[-0.8441494703292847, -0.5358072519302368, -0.017953377217054367, 0.96533203125], [0.011424794793128967, 0.015501495450735092, -0.9998145699501038, 1.4947586059570312], [0.5359861850738525, -0.8441980481147766, -0.00696409260854125, -1.197265625], [0.0, 0.0, 0.0, 1.0]], [[0.9478704929351807, 0.3186369240283966, -0.003491324605420232, -1.1322021484375], [-0.013937587849795818, 0.030510172247886658, -0.9994372725486755, 1.5618667602539062], [-0.3183511197566986, 0.9473857283592224, 0.03336071968078613, -0.16015625], [0.0, 0.0, 0.0, 1.0]], [[0.009371534921228886, 0.9996926188468933, 0.022951044142246246, -0.0286865234375], [-0.011816781014204025, 0.02306116558611393, -0.9996641874313354, 1.5673179626464844], [-0.9998862743377686, 0.009097169153392315, 0.012029267847537994, -0.017730712890625], [0.0, 0.0, 0.0, 1.0]], [[-0.9236776232719421, 0.3831026256084442, 0.007210082840174437, 1.058929443359375], [-0.007630818523466587, 0.0004214442160446197, -0.9999707937240601, 1.546971321105957], [-0.38309445977211, -0.9237056374549866, 0.002534107770770788, -0.0853271484375], [0.0, 0.0, 0.0, 1.0]]], "view": [[0.0, -2.0, 100.0], [-2.0, 0.0, 100.0], [0.0, 0.0, 1.0]], "bev": "bev_d6171d9fa7bf43e5bf3a2cc87839575d.png", "aux": "aux_d6171d9fa7bf43e5bf3a2cc87839575d.npz", "visibility": "visibility_d6171d9fa7bf43e5bf3a2cc87839575d.png", "pose": [[0.8736692667007446, 0.48652032017707825, 0.0, 1383.2841796875], [-0.48652032017707825, 0.8736692667007446, 0.0, 1429.7196044921875], [0.0, 0.0, 1.0, 0.0], [0.0, 0.0, 0.0, 1.0]], "pose_inverse": [[0.8736692667007446, -0.48652032017707825, 0.0, -512.9452514648438], [0.48652032017707825, 0.8736692667007446, 0.0, -1922.097900390625], [0.0, 0.0, 1.0, 0.0], [0.0, 0.0, 0.0, 1.0]], "cam_ids": [0, 1, 2, 3, 4, 5], "cam_channels": ["CAM_FRONT_LEFT", "CAM_FRONT", "CAM_FRONT_RIGHT", "CAM_BACK_LEFT", "CAM_BACK", "CAM_BACK_RIGHT"], "token": "d6171d9fa7bf43e5bf3a2cc87839575d", "scene": "scene-0520"}, {"images": ["samples/CAM_FRONT_LEFT/n008-2018-08-30-10-33-52-0400__CAM_FRONT_LEFT__1535639661604799.jpg", "samples/CAM_FRONT/n008-2018-08-30-10-33-52-0400__CAM_FRONT__1535639661612404.jpg", "samples/CAM_FRONT_RIGHT/n008-2018-08-30-10-33-52-0400__CAM_FRONT_RIGHT__1535639661620482.jpg", "samples/CAM_BACK_LEFT/n008-2018-08-30-10-33-52-0400__CAM_BACK_LEFT__1535639661647405.jpg", "samples/CAM_BACK/n008-2018-08-30-10-33-52-0400__CAM_BACK__1535639661637558.jpg", "samples/CAM_BACK_RIGHT/n008-2018-08-30-10-33-52-0400__CAM_BACK_RIGHT__1535639661628113.jpg"], "intrinsics": [[[1257.8625342125129, 0.0, 827.2410631095686], [0.0, 1257.8625342125129, 450.915498205774], [0.0, 0.0, 1.0]], [[1252.8131021185304, 0.0, 826.588114781398], [0.0, 1252.8131021185304, 469.9846626224581], [0.0, 0.0, 1.0]], [[1256.7485116440405, 0.0, 817.7887570959712], [0.0, 1256.7485116440403, 451.9541780095127], [0.0, 0.0, 1.0]], [[1254.9860565800168, 0.0, 829.5769333630991], [0.0, 1254.9860565800168, 467.1680561863987], [0.0, 0.0, 1.0]], [[796.8910634503094, 0.0, 857.7774326863696], [0.0, 796.8910634503094, 476.8848988407415], [0.0, 0.0, 1.0]], [[1249.9629280788233, 0.0, 825.3768045375984], [0.0, 1249.9629280788233, 462.54816385708756], [0.0, 0.0, 1.0]]], "extrinsics": [[[0.8224048614501953, -0.5687317252159119, -0.013948874548077583, -0.82781982421875], [0.0013487261021509767, 0.02646796777844429, -0.9996487498283386, 1.4885368347167969], [0.5689011812210083, 0.82209712266922, 0.0225344467908144, -1.2127685546875], [0.0, 0.0, 0.0, 1.0]], [[0.010017495602369308, -0.9997016191482544, -0.02227679081261158, 0.008544921875], [0.003279464552178979, 0.022310635074973106, -0.9997457265853882, 1.4807167053222656], [0.9999443888664246, 0.009941917844116688, 0.0035019845236092806, -1.5562744140625], [0.0, 0.0, 0.0, 1.0]], [[-0.8441365361213684, -0.5358651280403137, -0.016793446615338326, 0.9727783203125], [0.011275295168161392, 0.013572336174547672, -0.9998442530632019, 1.4946365356445312], [0.536009669303894, -0.8441944718360901, -0.005414866842329502, -1.201416015625], [0.0, 0.0, 0.0, 1.0]], [[0.9478666186332703, 0.3186393976211548, -0.004208039958029985, -1.131103515625], [-0.01406043954193592, 0.02862647734582424, -0.999491274356842, 1.5618438720703125], [-0.31835684180259705, 0.9474436640739441, 0.03161429613828659, -0.1605224609375], [0.0, 0.0, 0.0, 1.0]], [[0.009366150014102459, 0.9997345805168152, 0.021047942340373993, -0.02880859375], [-0.011978044174611568, 0.021159522235393524, -0.9997043013572693, 1.5673332214355469], [-0.999884426593780