[{"images": ["samples/CAM_FRONT_LEFT/n015-2018-11-21-19-38-26+0800__CAM_FRONT_LEFT__1542800907904844.jpg", "samples/CAM_FRONT/n015-2018-11-21-19-38-26+0800__CAM_FRONT__1542800907912460.jpg", "samples/CAM_FRONT_RIGHT/n015-2018-11-21-19-38-26+0800__CAM_FRONT_RIGHT__1542800907920339.jpg", "samples/CAM_BACK_LEFT/n015-2018-11-21-19-38-26+0800__CAM_BACK_LEFT__1542800907947423.jpg", "samples/CAM_BACK/n015-2018-11-21-19-38-26+0800__CAM_BACK__1542800907937525.jpg", "samples/CAM_BACK_RIGHT/n015-2018-11-21-19-38-26+0800__CAM_BACK_RIGHT__1542800907927893.jpg"], "intrinsics": [[[1272.5979470598488, 0.0, 826.6154927353808], [0.0, 1272.5979470598488, 479.75165386361925], [0.0, 0.0, 1.0]], [[1266.417203046554, 0.0, 816.2670197447984], [0.0, 1266.417203046554, 491.50706579294757], [0.0, 0.0, 1.0]], [[1260.8474446004698, 0.0, 807.968244525554], [0.0, 1260.8474446004698, 495.3344268742088], [0.0, 0.0, 1.0]], [[1256.7414812095406, 0.0, 792.1125740759628], [0.0, 1256.7414812095406, 492.7757465151356], [0.0, 0.0, 1.0]], [[809.2209905677063, 0.0, 829.2196003259838], [0.0, 809.2209905677063, 481.77842384512485], [0.0, 0.0, 1.0]], [[1259.5137405846733, 0.0, 807.2529053838625], [0.0, 1259.5137405846733, 501.19579884916527], [0.0, 0.0, 1.0]]], "extrinsics": [[[0.8200180530548096, -0.5717182755470276, -0.026622353121638298, -0.965087890625], [-0.04037327691912651, -0.011383045464754105, -0.9991198182106018, 1.5082511901855469], [0.5709119439125061, 0.8203710913658142, -0.032416436821222305, -1.28033447265625], [0.0, 0.0, 0.0, 1.0]], [[0.005715798586606979, -0.9998681545257568, 0.015200220979750156, 0.005096435546875], [-0.04565785825252533, -0.015445563942193985, -0.9988377690315247, 1.5205345153808594], [0.9989407062530518, 0.005015131551772356, -0.04574011638760567, -1.6922607421875], [0.0, 0.0, 0.0, 1.0]], [[-0.8326221108436584, -0.5528941750526428, 0.0323801152408123, 1.0322265625], [-0.04002481326460838, 0.0017569776391610503, -0.9991971254348755, 1.5036430358886719], [0.55239337682724, -0.8332496285438538, -0.023592380806803703, -1.2486572265625], [0.0, 0.0, 0.0, 1.0]], [[0.9471509456634521, 0.31842759251594543, -0.038843244314193726, -1.1422119140625], [-0.03136100247502327, -0.028592519462108612, -0.99909907579422, 1.5885581970214844], [-0.3192513585090637, 0.9475159049034119, -0.01709522306919098, -0.10369873046875], [0.0, 0.0, 0.0, 1.0]], [[0.002256522187963128, 0.9998223781585693, -0.018719026818871498, 0.0028076171875], [-0.05675239861011505, -0.01856086403131485, -0.9982157945632935, 1.5793533325195312], [-0.9983857274055481, 0.0033148624934256077, 0.05670043081045151, 0.001708984375], [0.0, 0.0, 0.0, 1.0]], [[-0.9344611763954163, 0.3554207682609558, 0.021413281559944153, 1.1361083984375], [-0.0241477619856596, -0.0032587177120149136, -0.9997031092643738, 1.55145263671875], [-0.355245441198349, -0.9347007870674133, 0.011627758853137493, -0.063720703125], [0.0, 0.0, 0.0, 1.0]]], "view": [[0.0, -2.0, 100.0], [-2.0, 0.0, 100.0], [0.0, 0.0, 1.0]], "bev": "bev_474423dd45954adbbbf696287ae96225.png", "aux": "aux_474423dd45954adbbbf696287ae96225.npz", "visibility": "visibility_474423dd45954adbbbf696287ae96225.png", "pose": [[-0.635904848575592, 0.7717674970626831, 0.0, 1331.669677734375], [-0.7717674970626831, -0.635904848575592, 0.0, 916.050048828125], [0.0, 0.0, 1.0, 0.0], [0.0, 0.0, 0.0, 1.0]], "pose_inverse": [[-0.635904848575592, -0.7717674970626831, 0.0, 1553.7928466796875], [0.7717674970626831, -0.635904848575592, 0.0, -445.21868896484375], [0.0, 0.0, 1.0, 0.0], [0.0, 0.0, 0.0, 1.0]], "cam_ids": [0, 1, 2, 3, 4, 5], "cam_channels": ["CAM_FRONT_LEFT", "CAM_FRONT", "CAM_FRONT_RIGHT", "CAM_BACK_LEFT", "CAM_BACK", "CAM_BACK_RIGHT"], "token": "474423dd45954adbbbf696287ae96225", "scene": "scene-1096"}, {"images": ["samples/CAM_FRONT_LEFT/n015-2018-11-21-19-38-26+0800__CAM_FRONT_LEFT__1542800908404844.jpg", "samples/CAM_FRONT/n015-2018-11-21-19-38-26+0800__CAM_FRONT__1542800908412460.jpg", "samples/CAM_FRONT_RIGHT/n015-2018-11-21-19-38-26+0800__CAM_FRONT_RIGHT__1542800908420339.jpg", "samples/CAM_BACK_LEFT/n015-2018-11-21-19-38-26+0800__CAM_BACK_LEFT__1542800908447423.jpg", "samples/CAM_BACK/n015-2018-11-21-19-38-26+0800__CAM_BACK__1542800908437528.jpg", "samples/CAM_BACK_RIGHT/n015-2018-11-21-19-38-26+0800__CAM_BACK_RIGHT__1542800908427933.jpg"], "intrinsics": [[[1272.5979470598488, 0.0, 826.6154927353808], [0.0, 1272.5979470598488, 479.75165386361925], [0.0, 0.0, 1.0]], [[1266.417203046554, 0.0, 816.2670197447984], [0.0, 1266.417203046554, 491.50706579294757], [0.0, 0.0, 1.0]], [[1260.8474446004698, 0.0, 807.968244525554], [0.0, 1260.8474446004698, 495.3344268742088], [0.0, 0.0, 1.0]], [[1256.7414812095406, 0.0, 792.1125740759628], [0.0, 1256.7414812095406, 492.7757465151356], [0.0, 0.0, 1.0]], [[809.2209905677063, 0.0, 829.2196003259838], [0.0, 809.2209905677063, 481.77842384512485], [0.0, 0.0, 1.0]], [[1259.5137405846733, 0.0, 807.2529053838625], [0.0, 1259.5137405846733, 501.19579884916527], [0.0, 0.0, 1.0]]], "extrinsics": [[[0.8200433850288391, -0.5716853737831116, -0.026545174419879913, -0.9649658203125], [-0.040359001606702805, -0.011499928310513496, -0.9991190433502197, 1.5082473754882812], [0.5708765387535095, 0.8203923106193542, -0.032503098249435425, -1.2801513671875], [0.0, 0.0, 0.0, 1.0]], [[0.005755915306508541, -0.9998665452003479, 0.015286913141608238, 0.00506591796875], [-0.04564569145441055, -0.015533939003944397, -0.9988369345664978, 1.5205345153808594], [0.9989410638809204, 0.005051467102020979, -0.04572901502251625, -1.692138671875], [0.0, 0.0, 0.0, 1.0]], [[-0.8326053023338318, -0.552918016910553, 0.03240397199988365, 1.0323486328125], [-0.040015630424022675, 0.0016987259732559323, -0.9991975426673889, 1.5036430358886719], [0.5524193048477173, -0.8332338929176331, -0.023539729416370392, -1.2486572265625], [0.0, 0.0, 0.0, 1.0]], [[0.9471437931060791, 0.3184472918510437, -0.03885786980390549, -1.142333984375], [-0.03135792165994644, -0.028646323829889297, -0.9990975856781006, 1.5885543823242188], [-0.31927308440208435, 0.9475076794624329, -0.017146341502666473, -0.1036376953125], [0.0, 0.0, 0.0, 1.0]], [[0.0022339744027704, 0.9998212456703186, -0.01878116838634014, 0.002838134765625], [-0.0567508339881897, -0.018624190241098404, -0.9982146620750427, 1.5793609619140625], [-0.9983858466148376, 0.0032957906369119883, 0.05669907480478287, 0.001953125], [0.0, 0.0, 0.0, 1.0]], [[-0.9344693422317505, 0.3554006814956665, 0.02138856239616871, 1.13623046875], [-0.02414087951183319, -0.0033109106589108706, -0.999703049659729, 1.5514488220214844], [-0.3552243411540985, -0.9347082376480103, 0.01167362742125988, -0.0636138916015625], [0.0, 0.0, 0.0, 1.0]]], "view": [[0.0, -2.0, 100.0], [-2.0, 0.0, 100.0], [0.0, 0.0, 1.0]], "bev": "bev_4e237101f6284da7a84ac9fbe3efa23f.png", "aux": "aux_4e237101f6284da7a84ac9fbe3efa23f.npz", "visibility": "visibility_4e237101f6284da7a84ac9fbe3efa23f.png", "pose": [[-0.635934054851532, 0.7717434167861938, 0.0, 1331.669677734375], [-0.7717434167861938, -0.635934054851532, 0.0, 916.050048828125], [0.0, 0.0, 1.0, 0.0], [0.0, 0.0, 0.0, 1.0]], "pose_inverse": [[-0.635934054851532, -0.7717434167861938, 0.0, 1553.8096923828125], [0.7717434167861938, -0.635934054851532, 0.0, -445.1598815917969], [0.0, 0.0, 1.0, 0.0], [0.0, 0.0, 0.0, 1.0]], "cam_ids": [0, 1, 2, 3, 4, 5], "cam_channels": ["CAM_FRONT_LEFT", "CAM_FRONT", "CAM_FRONT_RIGHT", "CAM_BACK_LEFT", "CAM_BACK", "CAM_BACK_RIGHT"], "token": "4e237101f6284da7a84ac9fbe3efa23f", "scene": "scene-1096"}, {"images": ["samples/CAM_FRONT_LEFT/n015-2018-11-21-19-38-26+0800__CAM_FRONT_LEFT__1542800908904844.jpg", "samples/CAM_FRONT/n015-2018-11-21-19-38-26+0800__CAM_FRONT__1542800908912460.jpg", "samples/CAM_FRONT_RIGHT/n015-2018-11-21-19-38-26+0800__CAM_FRONT_RIGHT__1542800908920339.jpg", "samples/CAM_BACK_LEFT/n015-2018-11-21-19-38-26+0800__CAM_BACK_LEFT__1542800908947423.jpg", "samples/CAM_BACK/n015-2018-11-21-19-38-26+0800__CAM_BACK__1542800908937525.jpg", "samples/CAM_BACK_RIGHT/n015-2018-11-21-19-38-26+0800__CAM_BACK_RIGHT__1542800908927893.jpg"], "intrinsics": [[[1272.5979470598488, 0.0, 826.6154927353808], [0.0, 1272.5979470598488, 479.75165386361925], [0.0, 0.0, 1.0]], [[1266.417203046554, 0.0, 816.2670197447984], [0.0, 1266.417203046554, 491.50706579294757], [0.0, 0.0, 1.0]], [[1260.8474446004698, 0.0, 807.968244525554], [0.0, 1260.8474446004698, 495.3344268742088], [0.0, 0.0, 1.0]], [[1256.7414812095406, 0.0, 792.1125740759628], [0.0, 1256.7414812095406, 492.7757465151356], [0.0, 0.0, 1.0]], [[809.2209905677063, 0.0, 829.2196003259838], [0.0, 809.2209905677063, 481.77842384512485], [0.0, 0.0, 1.0]], [[1259.5137405846733, 0.0, 807.2529053838625], [0.0, 1259.5137405846733, 501.19579884916527], [0.0, 0.0, 1.0]]], "extrinsics": [[[0.8200145363807678, -0.5717249512672424, -0.026582373306155205, -0.9649658203125], [-0.040360014885663986, -0.011433512903749943, -0.999119758605957, 1.5082473754882812], [0.5709178447723389, 0.8203656077384949, -0.03245047479867935, -1.2802734375], [0.0, 0.0, 0.0, 1.0]], [[0.005713295191526413, -0.9998674392700195, 0.015243037603795528, 0.005126953125], [-0.04564344137907028, -0.015488148666918278, -0.9988377690315247, 1.5205345153808594], [0.9989414215087891, 0.005010918714106083, -0.04572588577866554, -1.6923828125], [0.0, 0.0, 0.0, 1.0]], [[-0.8326234817504883, -0.5528916716575623, 0.032386135309934616, 1.0322265625], [-0.04000919684767723, 0.001722652930766344, -0.999197781085968, 1.5036506652832031], [0.5523923635482788, -0.8332512974739075, -0.023555073887109756, -1.248779296875], [0.0, 0.0, 0.0, 1.0]], [[0.9471489787101746, 0.31843477487564087, -0.03883257880806923, -1.142333984375], [-0.03133554384112358, -0.028634272515773773, -0.9990986585617065, 1.5885543823242188], [-0.3192596733570099, 0.947512149810791, -0.01714259758591652, -0.103759765625], [0.0, 0.0, 0.0, 1.0]], [[0.002252681879326701, 0.9998214244842529, -0.01876252517104149, 0.002899169921875], [-0.05673321336507797, -0.018604572862386703, -0.9982160329818726, 1.5793609619140625], [-0.9983868598937988, 0.003313117427751422, 0.05668117478489876, 0.0018310546875], [0.0, 0.0, 0.0, 1.0]], [[-0.9344610571861267, 0.3554221987724304, 0.021390225738286972, 1.13623046875], [-0.02413422241806984, -0.0032879505306482315, -0.9997032880783081, 1.5514488220214844], [-0.3552464544773102, -0.934700071811676, 0.01165030337870121, -0.063629150390625], [0.0, 0.0, 0.0, 1.0]]], "view": [[0.0, -2.0, 100.0], [-2.0, 0.0, 100.0], [0.0, 0.0, 1.0]], "bev": "bev_c0a1b175c6424dbb84d093c646b04d72.png", "aux": "aux_c0a1b175c6424dbb84d093c646b04d72.npz", "visibility": "visibility_c0a1b175c6424dbb84d093c646b04d72.png", "pose": [[-0.6358656287193298, 0.7717997431755066, 0.0, 1331.669677734375], [-0.7717997431755066, -0.6358656287193298, 0.0, 916.050048828125], [0.0, 0.0, 1.0, 0.0], [0.0, 0.0, 0.0, 1.0]], "pose_inverse": [[-0.6358656287193298, -0.7717997431755066, 0.0, 1553.770263671875], [0.7717997431755066, -0.6358656287193298, 0.0, -445.2975769042969], [0.0, 0.0, 1.0, 0.0], [0.0, 0.0, 0.0, 1.0]], "cam_ids": [0, 1, 2, 3, 4, 5], "cam_channels": ["CAM_FRONT_LEFT", "CAM_FRONT", "CAM_FRONT_RIGHT", "CAM_BACK_LEFT", "CAM_BACK", "CAM_BACK_RIGHT"], "token": "c0a1b175c6424dbb84d093c646b04d72", "scene": "scene-1096"}, {"images": ["samples/CAM_FRONT_LEFT/n015-2018-11-21-19-38-26+0800__CAM_FRONT_LEFT__1542800909404844.jpg", "samples/CAM_FRONT/n015-2018-11-21-19-38-26+0800__CAM_FRONT__1542800909412460.jpg", "samples/CAM_FRONT_RIGHT/n015-2018-11-21-19-38-26+0800__CAM_FRONT_RIGHT__1542800909420339.jpg", "samples/CAM_BACK_LEFT/n015-2018-11-21-19-38-26+0800__CAM_BACK_LEFT__1542800909447423.jpg", "samples/CAM_BACK/n015-2018-11-21-19-38-26+0800__CAM_BACK__1542800909437525.jpg", "samples/CAM_BACK_RIGHT/n015-2018-11-21-19-38-26+0800__CAM_BACK_RIGHT__1542800909427898.jpg"], "intrinsics": [[[1272.5979470598488, 0.0, 826.6154927353808], [0.0, 1272.5979470598488, 479.75165386361925], [0.0, 0.0, 1.0]], [[1266.417203046554, 0.0, 816.2670197447984], [0.0, 1266.417203046554, 491.50706579294757], [0.0, 0.0, 1.0]], [[1260.8474446004698, 0.0, 807.968244525554], [0.0, 1260.8474446004698, 495.3344268742088], [0.0, 0.0, 1.0]], [[1256.7414812095406, 0.0, 792.1125740759628], [0.0, 1256.7414812095406, 492.7757465151356], [0.0, 0.0, 1.0]], [[809.2209905677063, 0.0, 829.2196003259838], [0.0, 809.2209905677063, 481.77842384512485], [0.0, 0.0, 1.0]], [[1259.5137405846733, 0.0, 807.2529053838625], [0.0, 1259.5137405846733, 501.19579884916527], [0.0, 0.0, 1.0]]], "extrinsics": [[[0.820016622543335, -0.5717209577560425, -0.02660556510090828, -0.9649658203125], [-0.04042834788560867, -0.011491377837955952, -0.9991163611412048, 1.5082473754882812], [0.5709100365638733, 0.8203676342964172, -0.03253685683012009, -1.2801513671875], [0.0, 0.0, 0.0, 1.0]], [[0.005715722683817148, -0.9998665452003479, 0.015302055515348911, 0.005035400390625], [-0.04571358114480972, -0.01554756797850132, -0.9988335967063904, 1.5205345153808594], [0.9989382028579712, 0.005009566433727741, -0.04579634591937065, -1.6922607421875], [0.0, 0.0, 0.0, 1.0]], [[-0.8326206207275391, -0.5528905391693115, 0.03248002752661705, 1.032470703125], [-0.0400812141597271, 0.001661385060288012, -0.9991950392723083, 1.5036392211914062], [0.552391529083252, -0.8332522511482239, -0.0235438272356987, -1.2486572265625], [0.0, 0.0, 0.0, 1.0]], [[0.9471436142921448, 0.3184386193752289, -0.038932107388973236, -1.14208984375], [-0.031420595943927765, -0.028693225234746933, -0.9990943074226379, 1.5885543823242188], [-0.31926727294921875, 0.9475091099739075, -0.01717107556760311, -0.103759765625], [0.0, 0.0, 0.0, 1.0]], [[0.0022480799816548824, 0.9998204708099365, -0.018818456679582596, 0.002899169921875], [-0.05681481212377548, -0.018660403788089752, -0.9982103705406189, 1.5793533325195312], [-0.9983822107315063, 0.003313200082629919, 0.05676265433430672, 0.0018310546875], [0.0, 0.0, 0.0, 1.0]], [[-0.9344598650932312, 0.35542285442352295, 0.021431939676404, 1.13623046875], [-0.024203505367040634, -0.003352804807946086, -0.9997014403343201, 1.5514450073242188], [-0.3552449345588684, -0.9346996545791626, 0.011735541746020317, -0.0636749267578125], [0.0, 0.0, 0.0, 1.0]]], "view": [[0.0, -2.0, 100.0], [-2.0, 0.0, 100.0], [0.0, 0.0, 1.0]], "bev": "bev_e82fab5fc9cb4f11977c5d3e5f8b98d0.png", "aux": "aux_e82fab5fc9cb4f11977c5d3e5f8b98d0.npz", "visibility": "visibility_e82fab5fc9cb4f11977c5d3e5f8b98d0.png", "pose": [[-0.6359530091285706, 0.7717278003692627, 0.0, 1331.669677734375], [-0.7717278003692627, -0.6359530091285706, 0.0, 916.050048828125], [0.0, 0.0, 1.0, 0.0], [0.0, 0.0, 0.0, 1.0]], "pose_inverse": [[-0.6359530091285706, -0.7717278003692627, 0.0, 1553.820556640625], [0.7717278003692627, -0.6359530091285706, 0.0, -445.1217041015625], [0.0, 0.0, 1.0, 0.0], [0.0, 0.0, 0.0, 1.0]], "cam_ids": [0, 1, 2, 3, 4, 5], "cam_channels": ["CAM_FRONT_LEFT", "CAM_FRONT", "CAM_FRONT_RIGHT", "CAM_BACK_LEFT", "CAM_BACK", "CAM_BACK_RIGHT"], "token": "e82fab5fc9cb4f11977c5d3e5f8b98d0", "scene": "scene-1096"}, {"images": ["samples/CAM_FRONT_LEFT/n015-2018-11-21-19-38-26+0800__CAM_FRONT_LEFT__1542800909904844.jpg", "samples/CAM_FRONT/n015-2018-11-21-19-38-26+0800__CAM_FRONT__1542800909912460.jpg", "samples/CAM_FRONT_RIGHT/n015-2018-11-21-19-38-26+0800__CAM_FRONT_RIGHT__1542800909920339.jpg", "samples/CAM_BACK_LEFT/n015-2018-11-21-19-38-26+0800__CAM_BACK_LEFT__1542800909947423.jpg", "samples/CAM_BACK/n015-2018-11-21-19-38-26+0800__CAM_BACK__1542800909937525.jpg", "samples/CAM_BACK_RIGHT/n015-2018-11-21-19-38-26+0800__CAM_BACK_RIGHT__1542800909927893.jpg"], "intrinsics": [[[1272.5979470598488, 0.0, 826.6154927353808], [0.0, 1272.5979470598488, 479.75165386361925], [0.0, 0.0, 1.0]], [[1266.417203046554, 0.0, 816.2670197447984], [0.0, 1266.417203046554, 491.50706579294757], [0.0, 0.0, 1.0]], [[1260.8474446004698, 0.0, 807.968244525554], [0.0, 1260.8474446004698, 495.3344268742088], [0.0, 0.0, 1.0]], [[1256.7414812095406, 0.0, 792.1125740759628], [0.0, 1256.7414812095406, 492.7757465151356], [0.0, 0.0, 1.0]], [[809.2209905677063, 0.0, 829.2196003259838], [0.0, 809.2209905677063, 481.77842384512485], [0.0, 0.0, 1.0]], [[1259.5137405846733, 0.0, 807.2529053838625], [0.0, 1259.5137405846733, 501.19579884916527], [0.0, 0.0, 1.0]]], "extrinsics": [[[0.8200206160545349, -0.5717182159423828, -0.026541804894804955, -0.96484375], [-0.040378451347351074, -0.01153150200843811, -0.999117910861969, 1.5082511901855469], [0.5709077715873718, 0.8203690052032471, -0.03254116326570511, -1.2802734375], [0.0, 0.0, 0.0, 1.0]], [[0.005722943693399429, -0.9998658895492554, 0.015340245328843594, 0.005126953125], [-0.04566771909594536, -0.015585821121931076, -0.9988350868225098, 1.5205345153808594], [0.9989402294158936, 0.005015765782445669, -0.04575079306960106, -1.692138671875], [0.0, 0.0, 0.0, 1.0]], [[-0.832618236541748, -0.5528949499130249, 0.03246524557471275, 1.032470703125], [-0.04003971070051193, 0.001625320059247315, -0.9991967678070068, 1.5036430358886719], [0.5523980259895325, -0.8332493901252747, -0.02349102310836315, -1.248779296875], [0.0, 0.0, 0.0, 1.0]], [[0.9471465945243835, 0.3184334933757782, -0.03890208899974823, -1.1422119140625], [-0.031374912708997726, -0.02873510681092739, -0.999094545841217, 1.5885543823242188], [-0.3192629814147949, 0.9475095272064209, -0.017225535586476326, -0.10369873046875], [0.0, 0.0, 0.0, 1.0]], [[0.0022476795129477978, 0.9998195767402649, -0.018862584605813026, 0.00274658203125], [-0.05676715821027756, -0.018704647198319435, -0.9982122182846069, 1.5793609619140625], [-0.9983848929405212, 0.0033143905457109213, 0.05671487748622894, 0.0018310546875], [0.0, 0.0, 0.0, 1.0]], [[-0.9344626069068909, 0.3554185926914215, 0.0213831327855587, 1.1363525390625], [-0.024165844544768333, -0.00339124770835042, -0.9997022151947021, 1.5514488220214844], [-0.35524022579193115, -0.9347010850906372, 0.011757982894778252, -0.063568115234375], [0.0, 0.0, 0.0, 1.0]]], "view": [[0.0, -2.0, 100.0], [-2.0, 0.0, 100.0], [0.0, 0.0, 1.0]], "bev": "bev_ca88ff32e59b43d5952b5aa0dbd44808.png", "aux": "aux_ca88ff32e59b43d5952b5aa0dbd44808.npz", "visibility": "visibility_ca88ff32e59b43d5952b5aa0dbd44808.png", "pose": [[-0.6359436511993408, 0.7717354893684387, 0.0, 1331.669677734375], [-0.7717354893684387, -0.6359436511993408, 0.0, 916.050048828125], [0.0, 0.0, 1.0, 0.0], [0.0, 0.0, 0.0, 1.0]], "pose_inverse": [[-0.6359436511993408, -0.7717354893684387, 0.0, 1553.815185546875], [0.7717354893684387, -0.6359436511993408, 0.0, -445.14056396484375], [0.0, 0.0, 1.0, 0.0], [0.0, 0.0, 0.0, 1.0]], "cam_ids": [0, 1, 2, 3, 4, 5], "cam_channels": ["CAM_FRONT_LEFT", "CAM_FRONT", "CAM_FRONT_RIGHT", "CAM_BACK_LEFT", "CAM_BACK", "CAM_BACK_RIGHT"], "token": "ca88ff32e59b43d5952b5aa0dbd44808", "scene": "scene-1096"}, {"images": ["samples/CAM_FRONT_LEFT/n015-2018-11-21-19-38-26+0800__CAM_FRONT_LEFT__1542800910404844.jpg", "samples/CAM_FRONT/n015-2018-11-21-19-38-26+0800__CAM_FRONT__1542800910412460.jpg", "samples/CAM_FRONT_RIGHT/n015-2018-11-21-19-38-26+0800__CAM_FRONT_RIGHT__1542800910420339.jpg", "samples/CAM_BACK_LEFT/n015-2018-11-21-19-38-26+0800__CAM_BACK_LEFT__1542800910447423.jpg", "samples/CAM_BACK/n015-2018-11-21-19-38-26+0800__CAM_BACK__1542800910437525.jpg", "samples/CAM_BACK_RIGHT/n015-2018-11-21-19-38-26+0800__CAM_BACK_RIGHT__1542800910427893.jpg"], "intrinsics": [[[1272.5979470598488, 0.0, 826.6154927353808], [0.0, 1272.5979470598488, 479.75165386361925], [0.0, 0.0, 1.0]], [[1266.417203046554, 0.0, 816.2670197447984], [0.0, 1266.417203046554, 491.50706579294757], [0.0, 0.0, 1.0]], [[1260.8474446004698, 0.0, 807.968244525554], [0.0, 1260.8474446004698, 495.3344268742088], [0.0, 0.0, 1.0]], [[1256.7414812095406, 0.0, 792.1125740759628], [0.0, 1256.7414812095406, 492.7757465151356], [0.0, 0.0, 1.0]], [[809.2209905677063, 0.0, 829.2196003259838], [0.0, 809.2209905677063, 481.77842384512485], [0.0, 0.0, 1.0]], [[1259.5137405846733, 0.0, 807.2529053838625], [0.0, 1259.5137405846733, 501.19579884916527], [0.0, 0.0, 1.0]]], "extrinsics": [[[0.8200181126594543, -0.5717251300811768, -0.0264698788523674, -0.9649658203125], [-0.040381044149398804, -0.011660674586892128, -0.9991163015365601, 1.5082473754882812], [0.5709112286567688, 0.820362389087677, -0.03264882043004036, -1.28021240234375], [0.0, 0.0, 0.0, 1.0]], [[0.0057167899794876575, -0.9998639225959778, 0.015466777607798576, 0.005157470703125], [-0.04567119851708412, -0.015711957588791847, -0.9988330006599426, 1.5205345153808594], [0.998940110206604, 0.005003714468330145, -0.0457548089325428, -1.6922607421875], [0.0, 0.0, 0.0, 1.0]], [[-0.8326205015182495, -0.5528874397277832, 0.03253711014986038, 1.0323486328125], [-0.04004395008087158, 0.001502009341493249, -0.9991967678070068, 1.5036392211914062], [0.552394449710846, -0.8332545757293701, -0.023390401154756546, -1.24853515625], [0.0, 0.0, 0.0, 1.0]], [[0.9471468925476074, 0.31842702627182007, -0.0389476977288723, -1.1422119140625], [-0.031383953988552094, -0.028851408511400223, -0.9990909099578857, 1.5885543823242188], [-0.3192612826824188, 0.9475081562995911, -0.017333025112748146, -0.10369873046875], [0.0, 0.0, 0.0, 1.0]], [[0.0022492650896310806, 0.9998172521591187, -0.018985804170370102, 0.00274658203125], [-0.05677281320095062, -0.01882755756378174, -0.9982095956802368, 1.5793685913085938], [-0.9983845353126526, 0.0033230576664209366, 0.05672008544206619, 0.0018310546875], [0.0, 0.0, 0.0, 1.0]], [[-0.9344618916511536, 0.3554230034351349, 0.02133922092616558, 1.1363525390625], [-0.024167554453015327, -0.0035191988572478294, -0.999701738357544, 1.5514488220214844], [-0.35524189472198486, -0.9346988797187805, 0.011878261342644691, -0.06365966796875], [0.0, 0.0, 0.0, 1.0]]], "view": [[0.0, -2.0, 100.0], [-2.0, 0.0, 100.0], [0.0, 0.0, 1.0]], "bev": "bev_5121b3dda80e47b28ffada52f4dc5c95.png", "aux": "aux_5121b3dda80e47b28ffada52f4dc5c95.npz", "visibility": "visibility_5121b3dda80e47b28ffada52f4dc5c95.png", "pose": [[-0.6359637975692749, 0.7717188596725464, 0.0, 1331.669677734375], [-0.7717188596725464, -0.6359637975692749, 0.0, 916.0501098632812], [0.0, 0.0, 1.0, 0.0], [0.0, 0.0, 0.0, 1.0]], "pose_inverse": [[-0.6359637975692749, -0.7717188596725464, 0.0, 1553.826904296875], [0.7717188596725464, -0.6359637975692749, 0.0, -445.0998840332031], [0.0, 0.0, 1.0, 0.0], [0.0, 0.0, 0.0, 1.0]], "cam_ids": [0, 1, 2, 3, 4, 5], "cam_channels": ["CAM_FRONT_LEFT", "CAM_FRONT", "CAM_FRONT_RIGHT", "CAM_BACK_LEFT", "CAM_BACK", "CAM_BACK_RIGHT"], "token": "5121b3dda80e47b28ffada52f4dc5c95", "scene": "scene-1096"}, {"images": ["samples/CAM_FRONT_LEFT/n015-2018-11-21-19-38-26+0800__CAM_FRONT_LEFT__1542800910904844.jpg", "samples/CAM_FRONT/n015-2018-11-21-19-38-26+0800__CAM_FRONT__1542800910912460.jpg", "samples/CAM_FRONT_RIGHT/n015-2018-11-21-19-38-26+0800__CAM_FRONT_RIGHT__1542800910920339.jpg", "samples/CAM_BACK_LEFT/n015-2018-11-21-19-38-26+0800__CAM_BACK_LEFT__1542800910947423.jpg", "samples/CAM_BACK/n015-2018-11-21-19-38-26+0800__CAM_BACK__1542800910937525.jpg", "samples/CAM_BACK_RIGHT/n015-2018-11-21-19-38-26+0800__CAM_BACK_RIGHT__1542800910927893.jpg"], "intrinsics": [[[1272.5979470598488, 0.0, 826.6154927353808], [0.0, 1272.5979470598488, 479.75165386361925], [0.0, 0.0, 1.0]], [[1266.417203046554, 0.0, 816.2670197447984], [0.0, 1266.417203046554, 491.50706579294757], [0.0, 0.0, 1.0]], [[1260.8474446004698, 0.0, 807.968244525554], [0.0, 1260.8474446004698, 495.3344268742088], [0.0, 0.0, 1.0]], [[1256.7414812095406, 0.0, 792.1125740759628], [0.0, 1256.7414812095406, 492.7757465151356], [0.0, 0.0, 1.0]], [[809.2209905677063, 0.0, 829.2196003259838], [0.0, 809.2209905677063, 481.77842384512485], [0.0, 0.0, 1.0]], [[1259.5137405846733, 0.0, 807.2529053838625], [0.0, 1259.5137405846733, 501.19579884916527], [0.0, 0.0, 1.0]]], "extrinsics": [[[0.820032000541687, -0.5717046856880188, -0.026480184867978096, -0.9649658203125], [-0.04036755487322807, -0.011624673381447792, -0.9991172552108765, 1.5082435607910156], [0.5708922147750854, 0.8203771114349365, -0.032610926777124405, -1.2802734375], [0.0, 0.0, 0.0, 1.0]], [[0.005737194325774908, -0.999864399433136, 0.015431210398674011, 0.005035400390625], [-0.04566921293735504, -0.015677351504564285, -0.9988336563110352, 1.5205345153808594], [0.998940110206604, 0.005025774706155062, -0.04575296491384506, -1.6922607421875], [0.0, 0.0, 0.0, 1.0]], [[-0.8326115012168884, -0.552901566028595, 0.03252680227160454, 1.032470703125], [-0.04005425423383713, 0.0015354770002886653, -0.9991962909698486, 1.5036468505859375], [0.5524072647094727, -0.8332451581954956, -0.02342451550066471, -1.2486572265625], [0.0, 0.0, 0.0, 1.0]], [[0.9471443891525269, 0.3184341490268707, -0.0389508418738842, -1.14208984375], [-0.03139816224575043, -0.028818698599934578, -0.999091386795044, 1.5885543823242188], [-0.31926727294921875, 0.9475069046020508, -0.017297226935625076, -0.1036376953125], [0.0, 0.0, 0.0, 1.0]], [[0.0022411623504012823, 0.9998181462287903, -0.018939686939120293, 0.002716064453125], [-0.05678756535053253, -0.01878192089498043, -0.9982095956802368, 1.5793609619140625], [-0.9983837604522705, 0.0033126198686659336, 0.056735143065452576, 0.001953125], [0.0, 0.0, 0.0, 1.0]], [[-0.9344654679298401, 0.3554120361804962, 0.021369721740484238, 1.136474609375], [-0.02418583445250988, -0.0034818316344171762, -0.9997014403343201, 1.5514488220214844], [-0.35523152351379395, -0.9347032308578491, 0.011849586851894855, -0.0635986328125], [0.0, 0.0, 0.0, 1.0]]], "view": [[0.0, -2.0, 100.0], [-2.0, 0.0, 100.0], [0.0, 0.0, 1.0]], "bev": "bev_ae7f3993b5fb4650ad452cb7757f2c07.png", "aux": "aux_ae7f3993b5fb4650ad452cb7757f2c07.npz", "visibility": "visibility_ae7f3993b5fb4650ad452cb7757f2c07.png", "pose": [[-0.635948657989502, 0.7717313766479492, 0.0, 1331.669677734375], [-0.7717313766479492, -0.635948657989502, 0.0, 916.0501098632812], [0.0, 0.0, 1.0, 0.0], [0.0, 0.0, 0.0, 1.0]], "pose_inverse": [[-0.635948657989502, -0.7717313766479492, 0.0, 1553.818115234375], [0.7717313766479492, -0.635948657989502, 0.0, -445.13043212890625], [0.0, 0.0, 1.0, 0.0], [0.0, 0.0, 0.0, 1.0]], "cam_ids": [0, 1, 2, 3, 4, 5], "cam_channels": ["CAM_FRONT_LEFT", "CAM_FRONT", "CAM_FRONT_RIGHT", "CAM_BACK_LEFT", "CAM_BACK", "CAM_BACK_RIGHT"], "token": "ae7f3993b5fb4650ad452cb7757f2c07", "scene": "scene-1096"}, {"images": ["samples/CAM_FRONT_LEFT/n015-2018-11-21-19-38-26+0800__CAM_FRONT_LEFT__1542800911404844.jpg", "samples/CAM_FRONT/n015-2018-11-21-19-38-26+0800__CAM_FRONT__1542800911412460.jpg", "samples/CAM_FRONT_RIGHT/n015-2018-11-21-19-38-26+0800__CAM_FRONT_RIGHT__1542800911420339.jpg", "samples/CAM_BACK_LEFT/n015-2018-11-21-19-38-26+0800__CAM_BACK_LEFT__1542800911447423.jpg", "samples/CAM_BACK/n015-2018-11-21-19-38-26+0800__CAM_BACK__1542800911437525.jpg", "samples/CAM_BACK_RIGHT/n015-2018-11-21-19-38-26+0800__CAM_BACK_RIGHT__1542800911427893.jpg"], "intrinsics": [[[1272.5979470598488, 0.0, 826.6154927353808], [0.0, 1272.5979470598488, 479.75165386361925], [0.0, 0.0, 1.0]], [[1266.417203046554, 0.0, 816.2670197447984], [0.0, 1266.417203046554, 491.50706579294757], [0.0, 0.0, 1.0]], [[1260.8474446004698, 0.0, 807.968244525554], [0.0, 1260.8474446004698, 495.3344268742088], [0.0, 0.0, 1.0]], [[1256.7414812095406, 0.0, 792.1125740759628], [0.0, 1256.7414812095406, 492.7757465151356], [0.0, 0.0, 1.0]], [[809.2209905677063, 0.0, 829.2196003259838], [0.0, 809.2209905677063, 481.77842384512485], [0.0, 0.0, 1.0]], [[1259.5137405846733, 0.0, 807.2529053838625], [0.0, 1259.5137405846733, 501.19579884916527], [0.0, 0.0, 1.0]]], "extrinsics": [[[0.8200374841690063, -0.5716990232467651, -0.02643689699470997, -0.9649658203125], [-0.040338192135095596, -0.011658662930130959, -0.9991180300712585, 1.5082473754882812], [0.5708866119384766, 0.8203806281089783, -0.0326218456029892, -1.2802734375], [0.0, 0.0, 0.0, 1.0]], [[0.005747112911194563, -0.9998638033866882, 0.015468218363821507, 0.005096435546875], [-0.045630086213350296, -0.015714576467871666, -0.9988348484039307, 1.5205345153808594], [0.9989418983459473, 0.0050346143543720245, -0.045714184641838074, -1.6922607421875], [0.0, 0.0, 0.0, 1.0]], [[-0.8326081037521362, -0.5529077649116516, 0.03250807151198387, 1.032470703125], [-0.04000525176525116, 0.0014951613266021013, -0.999198317527771, 1.5036430358886719], [0.5524159073829651, -0.8332411646842957, -0.023364096879959106, -1.2486572265625], [0.0, 0.0, 0.0, 1.0]], [[0.9471461176872253, 0.31843578815460205, -0.03889467939734459, -1.142333984375], [-0.031332358717918396, -0.028838079422712326, -0.9990928769111633, 1.5885581970214844], [-0.3192685544490814, 0.9475056529045105, -0.01733652874827385, -0.10382080078125], [0.0, 0.0, 0.0, 1.0]], [[0.002237016800791025, 0.9998175501823425, -0.018975231796503067, 0.00286865234375], [-0.05672938749194145, -0.01881784200668335, -0.9982122182846069, 1.5793609619140625], [-0.9983870387077332, 0.00330941379070282, 0.05667693167924881, 0.001708984375], [0.0, 0.0, 0.0, 1.0]], [[-0.9344692826271057, 0.35540616512298584, 0.021300721913576126, 1.1363525390625], [-0.024125613272190094, -0.003517818171530962, -0.9997027516365051, 1.5514488220214844], [-0.355225533246994, -0.934705376625061, 0.011861682869493961, -0.063629150390625], [0.0, 0.0, 0.0, 1.0]]], "view": [[0.0, -2.0, 100.0], [-2.0, 0.0, 100.0], [0.0, 0.0, 1.0]], "bev": "bev_a73303e8adda4632b977ad35ea66fea6.png", "aux": "aux_a73303e8adda4632b977ad35ea66fea6.npz", "visibility": "visibility_a73303e8adda4632b977ad35ea66fea6.png", "pose": [[-0.6359173059463501, 0.7717572450637817, 0.0, 1331.669677734375], [-0.7717572450637817, -0.6359173059463501, 0.0, 916.0501098632812], [0.0, 0.0, 1.0, 0.0], [0.0, 0.0, 0.0, 1.0]], "pose_inverse": [[-0.6359173059463501, -0.7717572450637817, 0.0, 1553.800048828125], [0.7717572450637817, -0.6359173059463501, 0.0, -445.1935729980469], [0.0, 0.0, 1.0, 0.0], [0.0, 0.0, 0.0, 1.0]], "cam_ids": [0, 1, 2, 3, 4, 5], "cam_channels": ["CAM_FRONT_LEFT", "CAM_FRONT", "CAM_FRONT_RIGHT", "CAM_BACK_LEFT", "CAM_BACK", "CAM_BACK_RIGHT"], "token": "a73303e8adda4632b977ad35ea66fea6", "scene": "scene-1096"}, {"images": ["samples/CAM_FRONT_LEFT/n015-2018-11-21-19-38-26+0800__CAM_FRONT_LEFT__1542800911904844.jpg", "samples/CAM_FRONT/n015-2018-11-21-19-38-26+0800__CAM_FRONT__1542800911912460.jpg", "samples/CAM_FRONT_RIGHT/n015-2018-11-21-19-38-26+0800__CAM_FRONT_RIGHT__1542800911920339.jpg", "samples/CAM_BACK_LEFT/n015-2018-11-21-19-38-26+0800__CAM_BACK_LEFT__1542800911947423.jpg", "samples/CAM_BACK/n015-2018-11-21-19-38-26+0800__CAM_BACK__1542800911937525.jpg", "samples/CAM_BACK_RIGHT/n015-2018-11-21-19-38-26+0800__CAM_BACK_RIGHT__1542800911927893.jpg"], "intrinsics": [[[1272.5979470598488, 0.0, 826.6154927353808], [0.0, 1272.5979470598488, 479.75165386361925], [0.0, 0.0, 1.0]], [[1266.417203046554, 0.0, 816.2670197447984], [0.0, 1266.417203046554, 491.50706579294757], [0.0, 0.0, 1.0]], [[1260.8474446004698, 0.0, 807.968244525554], [0.0, 1260.8474446004698, 495.3344268742088], [0.0, 0.0, 1.0]], [[1256.7414812095406, 0.0, 792.1125740759628], [0.0, 1256.7414812095406, 492.7757465151356], [0.0, 0.0, 1.0]], [[809.2209905677063, 0.0, 829.2196003259838], [0.0, 809.2209905677063, 481.77842384512485], [0.0, 0.0, 1.0]], [[1259.5137405846733, 0.0, 807.2529053838625], [0.0, 1259.5137405846733, 501.19579884916527], [0.0, 0.0, 1.0]]], "extrinsics": [[[0.8200253248214722, -0.571719229221344, -0.026374662294983864, -0.9649658203125], [-0.04022234305739403, -0.011599740944802761, -0.9991234540939331, 1.5082473754882812], [0.5709121227264404, 0.8203673362731934, -0.032507963478565216, -1.2802734375], [0.0, 0.0, 0.0, 1.0]], [[0.005720352288335562, -0.9998648762702942, 0.015408722683787346, 0.00506591796875], [-0.04551397264003754, -0.0156533382833004, -0.9988411068916321, 1.5205345153808594], [0.998947262763977, 0.005012393929064274, -0.045597366988658905, -1.6922607421875], [0.0, 0.0, 0.0, 1.0]], [[-0.8326232433319092, -0.5528926849365234, 0.032376062124967575, 1.0323486328125], [-0.03988828510046005, 0.0015584477223455906, -0.9992029070854187, 1.5036392211914062], [0.5524015426635742, -0.8332510590553284, -0.02335153892636299, -1.248779296875], [0.0, 0.0, 0.0, 1.0]], [[0.9471511840820312, 0.31843575835227966, -0.038772329688072205, -1.1422119140625], [-0.03121659718453884, -0.02879861742258072, -0.9990976452827454, 1.5885581970214844], [-0.31926509737968445, 0.947506844997406, -0.01733616180717945, -0.10369873046875], [0.0, 0.0, 0.0, 1.0]], [[0.002247842028737068, 0.9998181462287903, -0.018935807049274445, 0.002777099609375], [-0.05661434307694435, -0.018778247758746147, -0.9982194900512695, 1.5793609619140625], [-0.9983935952186584, 0.0033158212900161743, 0.05656183883547783, 0.0018310546875], [0.0, 0.0, 0.0, 1.0]], [[-0.9344659447669983, 0.355419784784317, 0.021216923370957375, 1.13623046875], [-0.024014607071876526, -0.0034611409064382315, -0.9997056126594543, 1.5514488220214844], [-0.35524165630340576, -0.9347003698348999, 0.011769583448767662, -0.0636749267578125], [0.0, 0.0, 0.0, 1.0]]], "view": [[0.0, -2.0, 100.0], [-2.0, 0.0, 100.0], [0.0, 0.0, 1.0]], "bev": "bev_9f3c1ed777844a748f6a2a4a532d047b.png", "aux": "aux_9f3c1ed777844a748f6a2a4a532d047b.npz", "visibility": "visibility_9f3c1ed777844a748f6a2a4a532d047b.png", "pose": [[-0.6359233260154724, 0.7717522382736206, 0.0, 1331.669677734375], [-0.7717522382736206, -0.6359233260154724, 0.0, 916.0501098632812], [0.0, 0.0, 1.0, 0.0], [0.0, 0.0, 0.0, 1.0]], "pose_inverse": [[-0.6359233260154724, -0.7717522382736206, 0.0, 1553.8035888671875], [0.7717522382736206, -0.6359233260154724, 0.0, -445.1813659667969], [0.0, 0.0, 1.0, 0.0], [0.0, 0.0, 0.0, 1.0]], "cam_ids": [0, 1, 2, 3, 4, 5], "cam_channels": ["CAM_FRONT_LEFT", "CAM_FRONT", "CAM_FRONT_RIGHT", "CAM_BACK_LEFT", "CAM_BACK", "CAM_BACK_RIGHT"], "token": "9f3c1ed777844a748f6a2a4a532d047b", "scene": "scene-1096"}, {"images": ["samples/CAM_FRONT_LEFT/n015-2018-11-21-19-38-26+0800__CAM_FRONT_LEFT__1542800912404844.jpg", "samples/CAM_FRONT/n015-2018-11-21-19-38-26+0800__CAM_FRONT__1542800912412460.jpg", "samples/CAM_FRONT_RIGHT/n015-2018-11-21-19-38-26+0800__CAM_FRONT_RIGHT__1542800912420339.jpg", "samples/CAM_BACK_LEFT/n015-2018-11-21-19-38-26+0800__CAM_BACK_LEFT__1542800912447423.jpg", "samples/CAM_BACK/n015-2018-11-21-19-38-26+0800__CAM_BACK__1542800912437525.jpg", "samples/CAM_BACK_RIGHT/n015-2018-11-21-19-38-26+0800__CAM_BACK_RIGHT__1542800912427893.jpg"], "intrinsics": [[[1272.5979470598488, 0.0, 826.6154927353808], [0.0, 1272.5979470598488, 479.75165386361925], [0.0, 0.0, 1.0]], [[1266.417203046554, 0.0, 816.2670197447984], [0.0, 1266.417203046554, 491.50706579294757], [0.0, 0.0, 1.0]], [[1260.8474446004698, 0.0, 807.968244525554], [0.0, 1260.8474446004698, 495.3344268742088], [0.0, 0.0, 1.0]], [[1256.7414812095406, 0.0, 792.1125740759628], [0.0, 1256.7414812095406, 492.7757465151356], [0.0, 0.0, 1.0]], [[809.2209905677063, 0.0, 829.2196003259838], [0.0, 809.2209905677063, 481.77842384512485], [0.0, 0.0, 1.0]], [[1259.5137405846733, 0.0, 807.2529053838625], [0.0, 1259.5137405846733, 501.19579884916527], [0.0, 0.0, 1.0]]], "extrinsics": [[[0.8200384378433228, -0.5717028379440308, -0.026323897764086723, -0.96484375], [-0.04021075367927551, -0.011673110537230968, -0.9991230368614197, 1.5082435607910156], [0.5708941221237183, 0.820377767086029, -0.03256100043654442, -1.2801513671875], [0.0, 0.0, 0.0, 1.0]], [[0.005742712877690792, -0.9998636841773987, 0.015481497161090374, 0.005035400390625], [-0.045502711087465286, -0.015726998448371887, -0.9988404512405396, 1.5205345153808594], [0.9989476799964905, 0.005031531676650047, -0.04558681696653366, -1.6923828125], [0.0, 0.0, 0.0, 1.0]], [[-0.8326120972633362, -0.5529075860977173, 0.03240763768553734, 1.0323486328125], [-0.03987782821059227, 0.0014847598504275084, -0.9992034435272217, 1.5036430358886719], [0.5524190664291382, -0.8332412242889404, -0.02328498288989067, -1.2486572265625], [0.0, 0.0, 0.0, 1.0]], [[0.9471507668495178, 0.3184361457824707, -0.03878002241253853, -1.1422119140625], [-0.031200874596834183, -0.028869329020380974, -0.9990960955619812, 1.5885581970214844], [-0.3192679286003113, 0.9475046992301941, -0.017408117651939392, -0.103515625], [0.0, 0.0, 0.0, 1.0]], [[0.002237011445686221, 0.9998171329498291, -0.01899370178580284, 0.0028076171875], [-0.056593433022499084, -0.0188367310911417, -0.9982196092605591, 1.5793609619140625], [-0.998394787311554, 0.003307922510430217, 0.056540943682193756, 0.0018310546875], [0.0, 0.0, 0.0, 1.0]], [[-0.934472918510437, 0.35540342330932617, 0.021183988079428673, 1.13623046875], [-0.024006346240639687, -0.0035326851066201925, -0.9997056126594543, 1.55145263671875], [-0.3552238643169403, -0.9347063899040222, 0.011833134107291698, -0.06378173828125], [0.0, 0.0, 0.0, 1.0]]], "view": [[0.0, -2.0, 100.0], [-2.0, 0.0, 100.0], [0.0, 0.0, 1.0]], "bev": "bev_d80ee373feda4f449b76a06c2afece6d.png", "aux": "aux_d80ee373feda4f449b76a06c2afece6d.npz", "visibility": "visibility_d80ee373feda4f449b76a06c2afece6d.png", "pose": [[-0.6359244585037231, 0.771751344203949, 0.0, 1331.669677734375], [-0.771751344203949, -0.6359244585037231, 0.0, 916.0501098632812], [0.0, 0.0, 1.0, 0.0], [0.0, 0.0, 0.0, 1.0]], "pose_inverse": [[-0.6359244585037231, -0.771751344203949, 0.0, 1553.80419921875], [0.771751344203949, -0.6359244585037231, 0.0, -445.1791687011719], [0.0, 0.0, 1.0, 0.0], [0.0, 0.0, 0.0, 1.0]], "cam_ids": [0, 1, 2, 3, 4, 5], "cam_channels": ["CAM_FRONT_LEFT", "CAM_FRONT", "CAM_FRONT_RIGHT", "CAM_BACK_LEFT", "CAM_BACK", "CAM_BACK_RIGHT"], "token": "d80ee373feda4f449b76a06c2afece6d", "scene": "scene-1096"}, {"images": ["samples/CAM_FRONT_LEFT/n015-2018-11-21-19-38-26+0800__CAM_FRONT_LEFT__1542800912904844.jpg", "samples/CAM_FRONT/n015-2018-11-21-19-38-26+0800__CAM_FRONT__1542800912912460.jpg", "samples/CAM_FRONT_RIGHT/n015-2018-11-21-19-38-26+0800__CAM_FRONT_RIGHT__1542800912920339.jpg", "samples/CAM_BACK_LEFT/n015-2018-11-21-19-38-26+0800__CAM_BACK_LEFT__1542800912947423.jpg", "samples/CAM_BACK/n015-2018-11-21-19-38-26+0800__CAM_BACK__1542800912937525.jpg", "samples/CAM_BACK_RIGHT/n015-2018-11-21-19-38-26+0800__CAM_BACK_RIGHT__1542800912927893.jpg"], "intrinsics": [[[1272.5979470598488, 0.0, 826.6154927353808], [0.0, 1272.5979470598488, 479.75165386361925], [0.0, 0.0, 1.0]], [[1266.417203046554, 0.0, 816.2670197447984], [0.0, 1266.417203046554, 491.50706579294757], [0.0, 0.0, 1.0]], [[1260.8474446004698, 0.0, 807.968244525554], [0.0, 1260.8474446004698, 495.3344268742088], [0.0, 0.0, 1.0]], [[1256.7414812095406, 0.0, 792.1125740759628], [0.0, 1256.7414812095406, 492.7757465151356], [0.0, 0.0, 1.0]], [[809.2209905677063, 0.0, 829.2196003259838], [0.0, 809.2209905677063, 481.77842384512485], [0.0, 0.0, 1.0]], [[1259.5137405846733, 0.0, 807.2529053838625], [0.0, 1259.5137405846733, 501.19579884916527], [0.0, 0.0, 1.0]]], "extrinsics": [[[0.8200424909591675, -0.5717014074325562, -0.026222500950098038, -0.9649658203125], [-0.04018150269985199, -0.011808695271611214, -0.9991226196289062, 1.5082473754882812], [0.5708902478218079, 0.8203766942024231, -0.03265545889735222, -1.28021240234375], [0.0, 0.0, 0.0, 1.0]], [[0.005746456328779459, -0.9998613595962524, 0.01562350895255804, 0.005096435546875], [-0.04546350613236427, -0.015868842601776123, -0.9988399744033813, 1.5205345153808594], [0.998949408531189, 0.005029533989727497, -0.045548394322395325, -1.6922607421875], [0.0, 0.0, 0.0, 1.0]], [[-0.8326116800308228, -0.552905797958374, 0.032448459416627884, 1.0322265625], [-0.03982837498188019, 0.0013363732723519206, -0.9992056488990784, 1.5036392211914062], [0.5524231791496277, -0.833242654800415, -0.02313402108848095, -1.24853515625], [0.0, 0.0, 0.0, 1.0]], [[0.9471486210823059, 0.31844550371170044, -0.03875526040792465, -1.1422119140625], [-0.031121833249926567, -0.029025845229625702, -0.9990940690040588, 1.5885505676269531], [-0.31928184628486633, 0.9474966526031494, -0.017581181600689888, -0.103759765625], [0.0, 0.0, 0.0, 1.0]], [[0.0022290386259555817, 0.9998140931129456, -0.019152136519551277, 0.002899169921875], [-0.05653577670454979, -0.0189955476