[{"images": ["samples/CAM_FRONT_LEFT/n008-2018-09-18-12-07-26-0400__CAM_FRONT_LEFT__1537287245504799.jpg", "samples/CAM_FRONT/n008-2018-09-18-12-07-26-0400__CAM_FRONT__1537287245512404.jpg", "samples/CAM_FRONT_RIGHT/n008-2018-09-18-12-07-26-0400__CAM_FRONT_RIGHT__1537287245520482.jpg", "samples/CAM_BACK_LEFT/n008-2018-09-18-12-07-26-0400__CAM_BACK_LEFT__1537287245547405.jpg", "samples/CAM_BACK/n008-2018-09-18-12-07-26-0400__CAM_BACK__1537287245537558.jpg", "samples/CAM_BACK_RIGHT/n008-2018-09-18-12-07-26-0400__CAM_BACK_RIGHT__1537287245528113.jpg"], "intrinsics": [[[1257.8625342125129, 0.0, 827.2410631095686], [0.0, 1257.8625342125129, 450.915498205774], [0.0, 0.0, 1.0]], [[1252.8131021185304, 0.0, 826.588114781398], [0.0, 1252.8131021185304, 469.9846626224581], [0.0, 0.0, 1.0]], [[1256.7485116440405, 0.0, 817.7887570959712], [0.0, 1256.7485116440403, 451.9541780095127], [0.0, 0.0, 1.0]], [[1254.9860565800168, 0.0, 829.5769333630991], [0.0, 1254.9860565800168, 467.1680561863987], [0.0, 0.0, 1.0]], [[796.8910634503094, 0.0, 857.7774326863696], [0.0, 796.8910634503094, 476.8848988407415], [0.0, 0.0, 1.0]], [[1249.9629280788233, 0.0, 825.3768045375984], [0.0, 1249.9629280788233, 462.54816385708756], [0.0, 0.0, 1.0]]], "extrinsics": [[[0.8328852653503418, -0.553290605545044, 0.013108809478580952, -0.86572265625], [0.021361902356147766, 0.00847053062170744, -0.9997358918190002, 1.4918365478515625], [0.5530334711074829, 0.8329453468322754, 0.018874315544962883, -1.24224853515625], [0.0, 0.0, 0.0, 1.0]], [[0.026000864803791046, -0.9996551275253296, -0.003678184235468507, 0.010406494140625], [0.023377621546387672, 0.004286462906748056, -0.9997175335884094, 1.4834060668945312], [0.999388575553894, 0.02590758167207241, 0.023481011390686035, -1.595458984375], [0.0, 0.0, 0.0, 1.0]], [[-0.8369132280349731, -0.5468114614486694, -0.02395051158964634, 0.9990234375], [0.0314888097345829, -0.0044165062718093395, -0.9994943141937256, 1.496551513671875], [0.5464292764663696, -0.8372442126274109, 0.020914673805236816, -1.216064453125], [0.0, 0.0, 0.0, 1.0]], [[0.9473229646682739, 0.3201562166213989, 0.008904521353542805, -1.130859375], [0.005982102360576391, 0.010110455565154552, -0.9999309778213501, 1.5621213912963867], [-0.3202241361141205, 0.9473108649253845, 0.007662659510970116, -0.161376953125], [0.0, 0.0, 0.0, 1.0]], [[0.003446231596171856, 0.9999901652336121, 0.002800150541588664, -0.0303955078125], [0.008146253414452076, 0.0027720010839402676, -0.9999629259109497, 1.5684595108032227], [-0.9999609589576721, 0.003468952141702175, -0.008136621676385403, -0.0048828125], [0.0, 0.0, 0.0, 1.0]], [[-0.927191436290741, 0.37410253286361694, -0.01906389556825161, 1.083251953125], [0.012576430104672909, -0.019775066524744034, -0.999725341796875, 1.54888916015625], [-0.37437668442726135, -0.9271765351295471, 0.0136303985491395, -0.073089599609375], [0.0, 0.0, 0.0, 1.0]]], "view": [[0.0, -2.0, 100.0], [-2.0, 0.0, 100.0], [0.0, 0.0, 1.0]], "bev": "bev_0b1fa55d1daa4a89861ae9e7907a35d6.png", "aux": "aux_0b1fa55d1daa4a89861ae9e7907a35d6.npz", "visibility": "visibility_0b1fa55d1daa4a89861ae9e7907a35d6.png", "pose": [[0.7582029104232788, -0.6520187258720398, 0.0, 1872.45263671875], [0.6520187258720398, 0.7582029104232788, 0.0, 1071.720947265625], [0.0, 0.0, 1.0, 0.0], [0.0, 0.0, 0.0, 1.0]], "pose_inverse": [[0.7582029104232788, 0.6520187258720398, 0.0, -2118.481201171875], [-0.6520187258720398, 0.7582029104232788, 0.0, 408.292236328125], [0.0, 0.0, 1.0, 0.0], [0.0, 0.0, 0.0, 1.0]], "cam_ids": [0, 1, 2, 3, 4, 5], "cam_channels": ["CAM_FRONT_LEFT", "CAM_FRONT", "CAM_FRONT_RIGHT", "CAM_BACK_LEFT", "CAM_BACK", "CAM_BACK_RIGHT"], "token": "0b1fa55d1daa4a89861ae9e7907a35d6", "scene": "scene-0451"}, {"images": ["samples/CAM_FRONT_LEFT/n008-2018-09-18-12-07-26-0400__CAM_FRONT_LEFT__1537287246004799.jpg", "samples/CAM_FRONT/n008-2018-09-18-12-07-26-0400__CAM_FRONT__1537287246012404.jpg", "samples/CAM_FRONT_RIGHT/n008-2018-09-18-12-07-26-0400__CAM_FRONT_RIGHT__1537287246020482.jpg", "samples/CAM_BACK_LEFT/n008-2018-09-18-12-07-26-0400__CAM_BACK_LEFT__1537287246047405.jpg", "samples/CAM_BACK/n008-2018-09-18-12-07-26-0400__CAM_BACK__1537287246037558.jpg", "samples/CAM_BACK_RIGHT/n008-2018-09-18-12-07-26-0400__CAM_BACK_RIGHT__1537287246028113.jpg"], "intrinsics": [[[1257.8625342125129, 0.0, 827.2410631095686], [0.0, 1257.8625342125129, 450.915498205774], [0.0, 0.0, 1.0]], [[1252.8131021185304, 0.0, 826.588114781398], [0.0, 1252.8131021185304, 469.9846626224581], [0.0, 0.0, 1.0]], [[1256.7485116440405, 0.0, 817.7887570959712], [0.0, 1256.7485116440403, 451.9541780095127], [0.0, 0.0, 1.0]], [[1254.9860565800168, 0.0, 829.5769333630991], [0.0, 1254.9860565800168, 467.1680561863987], [0.0, 0.0, 1.0]], [[796.8910634503094, 0.0, 857.7774326863696], [0.0, 796.8910634503094, 476.8848988407415], [0.0, 0.0, 1.0]], [[1249.9629280788233, 0.0, 825.3768045375984], [0.0, 1249.9629280788233, 462.54816385708756], [0.0, 0.0, 1.0]]], "extrinsics": [[[0.8356359004974365, -0.5491153597831726, 0.013598401099443436, -0.8468017578125], [0.020251387730240822, 0.006059611681848764, -0.9997765421867371, 1.492156982421875], [0.5489103198051453, 0.8357245922088623, 0.016183976083993912, -1.227783203125], [0.0, 0.0, 0.0, 1.0]], [[0.03005388006567955, -0.99954754114151, -0.0012227337574586272, 0.009510040283203125], [0.02209796942770481, 0.0018874184461310506, -0.999754011631012, 1.4836845397949219], [0.9993039965629578, 0.030019473284482956, 0.02214469388127327, -1.5751953125], [0.0, 0.0, 0.0, 1.0]], [[-0.8352434039115906, -0.5494650602340698, -0.021367887035012245, 0.9853515625], [0.0300348661839962, -0.006785996723920107, -0.999525785446167, 1.496856689453125], [0.5490595102310181, -0.8354891538619995, 0.02217106893658638, -1.2083740234375], [0.0, 0.0, 0.0, 1.0]], [[0.9473073482513428, 0.3202674984931946, 0.006131680216640234, -1.13134765625], [0.0037455421406775713, 0.008065933361649513, -0.9999604225158691, 1.5620908737182617], [-0.32030433416366577, 0.9472927451133728, 0.006441342178732157, -0.1610107421875], [0.0, 0.0, 0.0, 1.0]], [[0.002281688153743744, 0.9999972581863403, 0.0005727802636101842, -0.02979278564453125], [0.006157026160508394, 0.0005587229388765991, -0.9999808669090271, 1.568399429321289], [-0.9999784827232361, 0.0022852106485515833, -0.0061557358130812645, -0.0107421875], [0.0, 0.0, 0.0, 1.0]], [[-0.9280470609664917, 0.3720081150531769, -0.018402667716145515, 1.0732421875], [0.010953209362924099, -0.022128455340862274, -0.9996951222419739, 1.5488529205322266], [-0.37230184674263, -0.9279656410217285, 0.016461564227938652, -0.07855224609375], [0.0, 0.0, 0.0, 1.0]]], "view": [[0.0, -2.0, 100.0], [-2.0, 0.0, 100.0], [0.0, 0.0, 1.0]], "bev": "bev_165ef1f56956435fbcb9d32a25ea9675.png", "aux": "aux_165ef1f56956435fbcb9d32a25ea9675.npz", "visibility": "visibility_165ef1f56956435fbcb9d32a25ea9675.png", "pose": [[0.887770414352417, -0.46028652787208557, 0.0, 1874.037841796875], [0.46028652787208557, 0.887770414352417, 0.0, 1072.773193359375], [0.0, 0.0, 1.0, 0.0], [0.0, 0.0, 0.0, 1.0]], "pose_inverse": [[0.887770414352417, 0.46028652787208557, 0.0, -2157.498291015625], [-0.46028652787208557, 0.887770414352417, 0.0, -89.78195190429688], [0.0, 0.0, 1.0, 0.0], [0.0, 0.0, 0.0, 1.0]], "cam_ids": [0, 1, 2, 3, 4, 5], "cam_channels": ["CAM_FRONT_LEFT", "CAM_FRONT", "CAM_FRONT_RIGHT", "CAM_BACK_LEFT", "CAM_BACK", "CAM_BACK_RIGHT"], "token": "165ef1f56956435fbcb9d32a25ea9675", "scene": "scene-0451"}, {"images": ["samples/CAM_FRONT_LEFT/n008-2018-09-18-12-07-26-0400__CAM_FRONT_LEFT__1537287246504799.jpg", "samples/CAM_FRONT/n008-2018-09-18-12-07-26-0400__CAM_FRONT__1537287246512404.jpg", "samples/CAM_FRONT_RIGHT/n008-2018-09-18-12-07-26-0400__CAM_FRONT_RIGHT__1537287246520482.jpg", "samples/CAM_BACK_LEFT/n008-2018-09-18-12-07-26-0400__CAM_BACK_LEFT__1537287246547405.jpg", "samples/CAM_BACK/n008-2018-09-18-12-07-26-0400__CAM_BACK__1537287246537558.jpg", "samples/CAM_BACK_RIGHT/n008-2018-09-18-12-07-26-0400__CAM_BACK_RIGHT__1537287246528113.jpg"], "intrinsics": [[[1257.8625342125129, 0.0, 827.2410631095686], [0.0, 1257.8625342125129, 450.915498205774], [0.0, 0.0, 1.0]], [[1252.8131021185304, 0.0, 826.588114781398], [0.0, 1252.8131021185304, 469.9846626224581], [0.0, 0.0, 1.0]], [[1256.7485116440405, 0.0, 817.7887570959712], [0.0, 1256.7485116440403, 451.9541780095127], [0.0, 0.0, 1.0]], [[1254.9860565800168, 0.0, 829.5769333630991], [0.0, 1254.9860565800168, 467.1680561863987], [0.0, 0.0, 1.0]], [[796.8910634503094, 0.0, 857.7774326863696], [0.0, 796.8910634503094, 476.8848988407415], [0.0, 0.0, 1.0]], [[1249.9629280788233, 0.0, 825.3768045375984], [0.0, 1249.9629280788233, 462.54816385708756], [0.0, 0.0, 1.0]]], "extrinsics": [[[0.8372751474380493, -0.5466908812522888, 0.009978172369301319, -0.831787109375], [0.019484547898173332, 0.011593976058065891, -0.9997429251670837, 1.4924087524414062], [0.5464346408843994, 0.8372542262077332, 0.020359370857477188, -1.216064453125], [0.0, 0.0, 0.0, 1.0]], [[0.03257862851023674, -0.9994455575942993, -0.006861343514174223, 0.00885009765625], [0.021533725783228874, 0.00756528927013278, -0.9997394680976868, 1.4839591979980469], [0.9992371201515198, 0.032422393560409546, 0.021768251433968544, -1.559326171875], [0.0, 0.0, 0.0, 1.0]], [[-0.834115743637085, -0.5510560274124146, -0.024254942312836647, 0.9736328125], [0.02969188243150711, -0.0009476842824369669, -0.9995586276054382, 1.4972076416015625], [0.5507897734642029, -0.8344677686691284, 0.017152367159724236, -1.20166015625], [0.0, 0.0, 0.0, 1.0]], [[0.947152316570282, 0.3206663429737091, 0.008699185214936733, -1.1279296875], [0.0043436335399746895, 0.01429564505815506, -0.9998883605003357, 1.5621109008789062], [-0.3207550048828125, 0.947084367275238, 0.012147294357419014, -0.1621856689453125], [0.0, 0.0, 0.0, 1.0]], [[0.0012169318506494164, 0.9999772906303406, 0.0066296434961259365, -0.0294189453125], [0.00649670185521245, 0.006621602922677994, -0.9999569058418274, 1.5684642791748047], [-0.9999781847000122, 0.001259955228306353, -0.0064884964376688, -0.017822265625], [0.0, 0.0, 0.0, 1.0]], [[-0.9286530017852783, 0.370601087808609, -0.016075322404503822, 1.063720703125], [0.010841328650712967, -0.01620188169181347, -0.999809980392456, 1.5489368438720703], [-0.37079107761383057, -0.9286507964134216, 0.011028118431568146, -0.0830078125], [0.0, 0.0, 0.0, 1.0]]], "view": [[0.0, -2.0, 100.0], [-2.0, 0.0, 100.0], [0.0, 0.0, 1.0]], "bev": "bev_8a0c4d7defa5401faf74391b561edd1f.png", "aux": "aux_8a0c4d7defa5401faf74391b561edd1f.npz", "visibility": "visibility_8a0c4d7defa5401faf74391b561edd1f.png", "pose": [[0.9779409766197205, -0.20888148248195648, 0.0, 1876.04296875], [0.20888148248195648, 0.9779409766197205, 0.0, 1073.4979248046875], [0.0, 0.0, 1.0, 0.0], [0.0, 0.0, 0.0, 1.0]], "pose_inverse": [[0.9779409766197205, 0.20888148248195648, 0.0, -2058.89306640625], [-0.20888148248195648, 0.9779409766197205, 0.0, -657.9469604492188], [0.0, 0.0, 1.0, 0.0], [0.0, 0.0, 0.0, 1.0]], "cam_ids": [0, 1, 2, 3, 4, 5], "cam_channels": ["CAM_FRONT_LEFT", "CAM_FRONT", "CAM_FRONT_RIGHT", "CAM_BACK_LEFT", "CAM_BACK", "CAM_BACK_RIGHT"], "token": "8a0c4d7defa5401faf74391b561edd1f", "scene": "scene-0451"}, {"images": ["samples/CAM_FRONT_LEFT/n008-2018-09-18-12-07-26-0400__CAM_FRONT_LEFT__1537287247104799.jpg", "samples/CAM_FRONT/n008-2018-09-18-12-07-26-0400__CAM_FRONT__1537287247112404.jpg", "samples/CAM_FRONT_RIGHT/n008-2018-09-18-12-07-26-0400__CAM_FRONT_RIGHT__1537287247120482.jpg", "samples/CAM_BACK_LEFT/n008-2018-09-18-12-07-26-0400__CAM_BACK_LEFT__1537287247147405.jpg", "samples/CAM_BACK/n008-2018-09-18-12-07-26-0400__CAM_BACK__1537287247137558.jpg", "samples/CAM_BACK_RIGHT/n008-2018-09-18-12-07-26-0400__CAM_BACK_RIGHT__1537287247128113.jpg"], "intrinsics": [[[1257.8625342125129, 0.0, 827.2410631095686], [0.0, 1257.8625342125129, 450.915498205774], [0.0, 0.0, 1.0]], [[1252.8131021185304, 0.0, 826.588114781398], [0.0, 1252.8131021185304, 469.9846626224581], [0.0, 0.0, 1.0]], [[1256.7485116440405, 0.0, 817.7887570959712], [0.0, 1256.7485116440403, 451.9541780095127], [0.0, 0.0, 1.0]], [[1254.9860565800168, 0.0, 829.5769333630991], [0.0, 1254.9860565800168, 467.1680561863987], [0.0, 0.0, 1.0]], [[796.8910634503094, 0.0, 857.7774326863696], [0.0, 796.8910634503094, 476.8848988407415], [0.0, 0.0, 1.0]], [[1249.9629280788233, 0.0, 825.3768045375984], [0.0, 1249.9629280788233, 462.54816385708756], [0.0, 0.0, 1.0]]], "extrinsics": [[[0.8324514627456665, -0.5540891289710999, 0.003137224819511175, -0.82037353515625], [0.019620122388005257, 0.02381759323179722, -0.9995237588882446, 1.4926834106445312], [0.5537505745887756, 0.8321165442466736, 0.03069828823208809, -1.209228515625], [0.0, 0.0, 0.0, 1.0]], [[0.025146188214421272, -0.9994996190071106, -0.01918928697705269, 0.0093994140625], [0.021819043904542923, 0.01973952353000641, -0.9995670914649963, 1.4842262268066406], [0.9994456171989441, 0.024716608226299286, 0.02230449952185154, -1.54931640625], [0.0, 0.0, 0.0, 1.0]], [[-0.8374025225639343, -0.5456885099411011, -0.03131980076432228, 0.96826171875], [0.030121585354208946, 0.011141427792608738, -0.999484121799469, 1.497467041015625], [0.5457559823989868, -0.837913990020752, 0.007107144221663475, -1.197998046875], [0.0, 0.0, 0.0, 1.0]], [[0.9475603103637695, 0.31929686665534973, 0.013382578268647194, -1.134033203125], [0.005235293414443731, 0.0263610128313303, -0.9996387958526611, 1.5620956420898438], [-0.3195343017578125, 0.9472880363464355, 0.023307034745812416, -0.159423828125], [0.0, 0.0, 0.0, 1.0]], [[0.00423559732735157, 0.9998157024383545, 0.018723921850323677, -0.0289306640625], [0.007107413839548826, 0.01869351789355278, -0.9997999668121338, 1.5684890747070312], [-0.9999657869338989, 0.004367826972156763, -0.007026927080005407, -0.0167236328125], [0.0, 0.0, 0.0, 1.0]], [[-0.9269042015075684, 0.37510350346565247, -0.012081359513103962, 1.06005859375], [0.011376218870282173, -0.004094370175153017, -0.9999269247055054, 1.5490455627441406], [-0.375125527381897, -0.9269738793373108, -0.00047217056271620095, -0.08447265625], [0.0, 0.0, 0.0, 1.0]]], "view": [[0.0, -2.0, 100.0], [-2.0, 0.0, 100.0], [0.0, 0.0, 1.0]], "bev": "bev_1c3046c820f84b36a8b1c3f466fa2506.png", "aux": "aux_1c3046c820f84b36a8b1c3f466fa2506.npz", "visibility": "visibility_1c3046c820f84b36a8b1c3f466fa2506.png", "pose": [[0.9972503781318665, 0.07410579174757004, 0.0, 1878.8134765625], [-0.07410579174757004, 0.9972503781318665, 0.0, 1073.6527099609375], [0.0, 0.0, 1.0, 0.0], [0.0, 0.0, 0.0, 1.0]], "pose_inverse": [[0.9972503781318665, -0.07410579174757004, 0.0, -1794.0836181640625], [0.07410579174757004, 0.9972503781318665, 0.0, -1209.9315185546875], [0.0, 0.0, 1.0, 0.0], [0.0, 0.0, 0.0, 1.0]], "cam_ids": [0, 1, 2, 3, 4, 5], "cam_channels": ["CAM_FRONT_LEFT", "CAM_FRONT", "CAM_FRONT_RIGHT", "CAM_BACK_LEFT", "CAM_BACK", "CAM_BACK_RIGHT"], "token": "1c3046c820f84b36a8b1c3f466fa2506", "scene": "scene-0451"}, {"images": ["samples/CAM_FRONT_LEFT/n008-2018-09-18-12-07-26-0400__CAM_FRONT_LEFT__1537287247604799.jpg", "samples/CAM_FRONT/n008-2018-09-18-12-07-26-0400__CAM_FRONT__1537287247612404.jpg", "samples/CAM_FRONT_RIGHT/n008-2018-09-18-12-07-26-0400__CAM_FRONT_RIGHT__1537287247620496.jpg", "samples/CAM_BACK_LEFT/n008-2018-09-18-12-07-26-0400__CAM_BACK_LEFT__1537287247647405.jpg", "samples/CAM_BACK/n008-2018-09-18-12-07-26-0400__CAM_BACK__1537287247637558.jpg", "samples/CAM_BACK_RIGHT/n008-2018-09-18-12-07-26-0400__CAM_BACK_RIGHT__1537287247628113.jpg"], "intrinsics": [[[1257.8625342125129, 0.0, 827.2410631095686], [0.0, 1257.8625342125129, 450.915498205774], [0.0, 0.0, 1.0]], [[1252.8131021185304, 0.0, 826.588114781398], [0.0, 1252.8131021185304, 469.9846626224581], [0.0, 0.0, 1.0]], [[1256.7485116440405, 0.0, 817.7887570959712], [0.0, 1256.7485116440403, 451.9541780095127], [0.0, 0.0, 1.0]], [[1254.9860565800168, 0.0, 829.5769333630991], [0.0, 1254.9860565800168, 467.1680561863987], [0.0, 0.0, 1.0]], [[796.8910634503094, 0.0, 857.7774326863696], [0.0, 796.8910634503094, 476.8848988407415], [0.0, 0.0, 1.0]], [[1249.9629280788233, 0.0, 825.3768045375984], [0.0, 1249.9629280788233, 462.54816385708756], [0.0, 0.0, 1.0]]], "extrinsics": [[[0.8295062184333801, -0.5584955215454102, 0.001468030153773725, -0.8045654296875], [0.016220856457948685, 0.021464455872774124, -0.999638020992279, 1.49224853515625], [0.5582619309425354, 0.8292297720909119, 0.026864174753427505, -1.197265625], [0.0, 0.0, 0.0, 1.0]], [[0.020578892901539803, -0.9996430277824402, -0.01703665219247341, 0.0087890625], [0.018019139766693115, 0.017408331856131554, -0.999686062335968, 1.4837837219238281], [0.9996258616447449, 0.020265478640794754, 0.01837095245718956, -1.5345458984375], [0.0, 0.0, 0.0, 1.0]], [[-0.8395063281059265, -0.5427019596099854, -0.026528408750891685, 0.9599609375], [0.025887945666909218, 0.008817714639008045, -0.9996259212493896, 1.4970932006835938], [0.542732834815979, -0.8398790955543518, 0.006646910682320595, -1.193695068359375], [0.0, 0.0, 0.0, 1.0]], [[0.9477450847625732, 0.3189375102519989, 0.007624231278896332, -1.13720703125], [-7.212280615931377e-05, 0.024112462997436523, -0.9997091889381409, 1.5620460510253906], [-0.3190286159515381, 0.9474689960479736, 0.0228754710406065, -0.15826416015625], [0.0, 0.0, 0.0, 1.0]], [[0.005960802081972361, 0.9998462200164795, 0.016494270414114, -0.0284423828125], [0.0022237030789256096, 0.016481269150972366, -0.9998616576194763, 1.5681991577148438], [-0.9999797940254211, 0.0059966472908854485, -0.00212511932477355, -0.0167236328125], [0.0, 0.0, 0.0, 1.0]], [[-0.9258910417556763, 0.3776920437812805, -0.008625505492091179, 1.056396484375], [0.006738339085131884, -0.006317764520645142, -0.9999573230743408, 1.5485705137252808], [-0.37773042917251587, -0.925909698009491, 0.00330454483628273, -0.0865478515625], [0.0, 0.0, 0.0, 1.0]]], "view": [[0.0, -2.0, 100.0], [-2.0, 0.0, 100.0], [0.0, 0.0, 1.0]], "bev": "bev_1743f3783ea6413e84c8b3a22261de23.png", "aux": "aux_1743f3783ea6413e84c8b3a22261de23.npz", "visibility": "visibility_1743f3783ea6413e84c8b3a22261de23.png", "pose": [[0.9728191494941711, 0.2315661758184433, 0.0, 1881.3839111328125], [-0.2315661758184433, 0.9728191494941711, 0.0, 1073.23681640625], [0.0, 0.0, 1.0, 0.0], [0.0, 0.0, 0.0, 1.0]], "pose_inverse": [[0.9728191494941711, -0.2315661758184433, 0.0, -1581.720947265625], [0.2315661758184433, 0.9728191494941711, 0.0, -1479.730224609375], [0.0, 0.0, 1.0, 0.0], [0.0, 0.0, 0.0, 1.0]], "cam_ids": [0, 1, 2, 3, 4, 5], "cam_channels": ["CAM_FRONT_LEFT", "CAM_FRONT", "CAM_FRONT_RIGHT", "CAM_BACK_LEFT", "CAM_BACK", "CAM_BACK_RIGHT"], "token": "1743f3783ea6413e84c8b3a22261de23", "scene": "scene-0451"}, {"images": ["samples/CAM_FRONT_LEFT/n008-2018-09-18-12-07-26-0400__CAM_FRONT_LEFT__1537287248104799.jpg", "samples/CAM_FRONT/n008-2018-09-18-12-07-26-0400__CAM_FRONT__1537287248112404.jpg", "samples/CAM_FRONT_RIGHT/n008-2018-09-18-12-07-26-0400__CAM_FRONT_RIGHT__1537287248120482.jpg", "samples/CAM_BACK_LEFT/n008-2018-09-18-12-07-26-0400__CAM_BACK_LEFT__1537287248147405.jpg", "samples/CAM_BACK/n008-2018-09-18-12-07-26-0400__CAM_BACK__1537287248137558.jpg", "samples/CAM_BACK_RIGHT/n008-2018-09-18-12-07-26-0400__CAM_BACK_RIGHT__1537287248128113.jpg"], "intrinsics": [[[1257.8625342125129, 0.0, 827.2410631095686], [0.0, 1257.8625342125129, 450.915498205774], [0.0, 0.0, 1.0]], [[1252.8131021185304, 0.0, 826.588114781398], [0.0, 1252.8131021185304, 469.9846626224581], [0.0, 0.0, 1.0]], [[1256.7485116440405, 0.0, 817.7887570959712], [0.0, 1256.7485116440403, 451.9541780095127], [0.0, 0.0, 1.0]], [[1254.9860565800168, 0.0, 829.5769333630991], [0.0, 1254.9860565800168, 467.1680561863987], [0.0, 0.0, 1.0]], [[796.8910634503094, 0.0, 857.7774326863696], [0.0, 796.8910634503094, 476.8848988407415], [0.0, 0.0, 1.0]], [[1249.9629280788233, 0.0, 825.3768045375984], [0.0, 1249.9629280788233, 462.54816385708756], [0.0, 0.0, 1.0]]], "extrinsics": [[[0.8276504874229431, -0.5612437725067139, 0.00013897116878069937, -0.7814178466796875], [0.011581207625567913, 0.016830921173095703, -0.9997912645339966, 1.4914932250976562], [0.561124324798584, 0.8274793028831482, 0.020430004224181175, -1.178466796875], [0.0, 0.0, 0.0, 1.0]], [[0.01777082122862339, -0.9997643232345581, -0.012469087727367878, 0.0072021484375], [0.013628649525344372, 0.01271211076527834, -0.9998263716697693, 1.4832649230957031], [0.9997491836547852, 0.01759781315922737, 0.013851343654096127, -1.5093994140625], [0.0, 0.0, 0.0, 1.0]], [[-0.8407673239707947, -0.5410088896751404, -0.020486783236265182, 0.942138671875], [0.02175898291170597, 0.004043415654450655, -0.9997550249099731, 1.4969062805175781], [0.5409592390060425, -0.8410071730613708, 0.0083722323179245, -1.18402099609375], [0.0, 0.0, 0.0, 1.0]], [[0.9477627277374268, 0.31896471977233887, 0.002696284558624029, -1.133544921875], [-0.0035984255373477936, 0.01914389058947563, -0.9998102188110352, 1.5620040893554688], [-0.31895583868026733, 0.9475731253623962, 0.01929163932800293, -0.15966796875], [0.0, 0.0, 0.0, 1.0]], [[0.006829168181866407, 0.999909520149231, 0.011585073545575142, -0.027587890625], [-0.0014924004208296537, 0.011595522053539753, -0.9999316334724426, 1.5679616928100586], [-0.9999755620956421, 0.006811382714658976, 0.0015714531764388084, -0.02685546875], [0.0, 0.0, 0.0, 1.0]], [[-0.9253189563751221, 0.37912842631340027, -0.006810859777033329, 1.0419921875], [0.0028004529885947704, -0.011128416284918785, -0.9999341368675232, 1.5481557846069336], [-0.3791792392730713, -0.9252771735191345, 0.009235603734850883, -0.09375], [0.0, 0.0, 0.0, 1.0]]], "view": [[0.0, -2.0, 100.0], [-2.0, 0.0, 100.0], [0.0, 0.0, 1.0]], "bev": "bev_8f1d0768e1214ec3ada7962d54fa955b.png", "aux": "aux_8f1d0768e1214ec3ada7962d54fa955b.npz", "visibility": "visibility_8f1d0768e1214ec3ada7962d54fa955b.png", "pose": [[0.9374005794525146, 0.34825295209884644, 0.0, 1884.226318359375], [-0.34825295209884644, 0.9374005794525146, 0.0, 1072.3707275390625], [0.0, 0.0, 1.0, 0.0], [0.0, 0.0, 0.0, 1.0]], "pose_inverse": [[0.9374005794525146, -0.34825295209884644, 0.0, -1392.818603515625], [0.34825295209884644, 0.9374005794525146, 0.0, -1661.4283447265625], [0.0, 0.0, 1.0, 0.0], [0.0, 0.0, 0.0, 1.0]], "cam_ids": [0, 1, 2, 3, 4, 5], "cam_channels": ["CAM_FRONT_LEFT", "CAM_FRONT", "CAM_FRONT_RIGHT", "CAM_BACK_LEFT", "CAM_BACK", "CAM_BACK_RIGHT"], "token": "8f1d0768e1214ec3ada7962d54fa955b", "scene": "scene-0451"}, {"images": ["samples/CAM_FRONT_LEFT/n008-2018-09-18-12-07-26-0400__CAM_FRONT_LEFT__1537287248604799.jpg", "samples/CAM_FRONT/n008-2018-09-18-12-07-26-0400__CAM_FRONT__1537287248612404.jpg", "samples/CAM_FRONT_RIGHT/n008-2018-09-18-12-07-26-0400__CAM_FRONT_RIGHT__1537287248620482.jpg", "samples/CAM_BACK_LEFT/n008-2018-09-18-12-07-26-0400__CAM_BACK_LEFT__1537287248647405.jpg", "samples/CAM_BACK/n008-2018-09-18-12-07-26-0400__CAM_BACK__1537287248637558.jpg", "samples/CAM_BACK_RIGHT/n008-2018-09-18-12-07-26-0400__CAM_BACK_RIGHT__1537287248628113.jpg"], "intrinsics": [[[1257.8625342125129, 0.0, 827.2410631095686], [0.0, 1257.8625342125129, 450.915498205774], [0.0, 0.0, 1.0]], [[1252.8131021185304, 0.0, 826.588114781398], [0.0, 1252.8131021185304, 469.9846626224581], [0.0, 0.0, 1.0]], [[1256.7485116440405, 0.0, 817.7887570959712], [0.0, 1256.7485116440403, 451.9541780095127], [0.0, 0.0, 1.0]], [[1254.9860565800168, 0.0, 829.5769333630991], [0.0, 1254.9860565800168, 467.1680561863987], [0.0, 0.0, 1.0]], [[796.8910634503094, 0.0, 857.7774326863696], [0.0, 796.8910634503094, 476.8848988407415], [0.0, 0.0, 1.0]], [[1249.9629280788233, 0.0, 825.3768045375984], [0.0, 1249.9629280788233, 462.54816385708756], [0.0, 0.0, 1.0]]], "extrinsics": [[[0.8273481726646423, -0.561678409576416, -0.0035266466438770294, -0.7557516098022461], [0.007996978238224983, 0.01805703155696392, -0.9998049736022949, 1.4907188415527344], [0.5616324543952942, 0.8271586298942566, 0.019431181252002716, -1.16357421875], [0.0, 0.0, 0.0, 1.0]], [[0.017330674454569817, -0.9997527599334717, -0.013927102088928223, 0.0093994140625], [0.010009681805968285, 0.014101979322731495, -0.9998505115509033, 1.4826850891113281], [0.9997996687889099, 0.017188677564263344, 0.010251604951918125, -1.4832763671875], [0.0, 0.0, 0.0, 1.0]], [[-0.8409573435783386, -0.5407932996749878, -0.01826005056500435, 0.924072265625], [0.01810394413769245, 0.005606815218925476, -0.9998204112052917, 1.4966545104980469], [0.540798544883728, -0.8411368131637573, 0.00507539976388216, -1.17071533203125], [0.0, 0.0, 0.0, 1.0]], [[0.9477176070213318, 0.3191101551055908, -6.435576506191865e-05, -1.1265869140625], [-0.007230882067233324, 0.02127319946885109, -0.9997475743293762, 1.5619125366210938], [-0.31902825832366943, 0.9474788308143616, 0.022468432784080505, -0.1619873046875], [0.0, 0.0, 0.0, 1.0]], [[0.006825372111052275, 0.9998858571052551, 0.013480390422046185, -0.0281982421875], [-0.005191260017454624, 0.013515952974557877, -0.9998950958251953, 1.5676231384277344], [-0.9999632835388184, 0.006754699163138866, 0.005282918456941843, -0.039794921875], [0.0, 0.0, 0.0, 1.0]], [[-0.925314724445343, 0.37919023633003235, -0.002710283501073718, 1.024688720703125], [-0.0009235509787686169, -0.009400924667716026, -0.9999553561210632, 1.5476741790771484], [-0.37919867038726807, -0.9252710938453674, 0.009049016050994396, -0.099853515625], [0.0, 0.0, 0.0, 1.0]]], "view": [[0.0, -2.0, 100.0], [-2.0, 0.0, 100.0], [0.0, 0.0, 1.0]], "bev": "bev_ac97fbc7f30b455ab207b71289f094f0.png", "aux": "aux_ac97fbc7f30b455ab207b71289f094f0.npz", "visibility": "visibility_ac97fbc7f30b455ab207b71289f094f0.png", "pose": [[0.8985369801521301, 0.4388978183269501, 0.0, 1887.1600341796875], [-0.4388978183269501, 0.8985369801521301, 0.0, 1071.1202392578125], [0.0, 0.0, 1.0, 0.0], [0.0, 0.0, 0.0, 1.0]], "pose_inverse": [[0.8985369801521301, -0.4388978183269501, 0.0, -1225.57080078125], [0.4388978183269501, 0.8985369801521301, 0.0, -1790.7115478515625], [0.0, 0.0, 1.0, 0.0], [0.0, 0.0, 0.0, 1.0]], "cam_ids": [0, 1, 2, 3, 4, 5], "cam_channels": ["CAM_FRONT_LEFT", "CAM_FRONT", "CAM_FRONT_RIGHT", "CAM_BACK_LEFT", "CAM_BACK", "CAM_BACK_RIGHT"], "token": "ac97fbc7f30b455ab207b71289f094f0", "scene": "scene-0451"}, {"images": ["samples/CAM_FRONT_LEFT/n008-2018-09-18-12-07-26-0400__CAM_FRONT_LEFT__1537287249104799.jpg", "samples/CAM_FRONT/n008-2018-09-18-12-07-26-0400__CAM_FRONT__1537287249112404.jpg", "samples/CAM_FRONT_RIGHT/n008-2018-09-18-12-07-26-0400__CAM_FRONT_RIGHT__1537287249120482.jpg", "samples/CAM_BACK_LEFT/n008-2018-09-18-12-07-26-0400__CAM_BACK_LEFT__1537287249147405.jpg", "samples/CAM_BACK/n008-2018-09-18-12-07-26-0400__CAM_BACK__1537287249137558.jpg", "samples/CAM_BACK_RIGHT/n008-2018-09-18-12-07-26-0400__CAM_BACK_RIGHT__1537287249128113.jpg"], "intrinsics": [[[1257.8625342125129, 0.0, 827.2410631095686], [0.0, 1257.8625342125129, 450.915498205774], [0.0, 0.0, 1.0]], [[1252.8131021185304, 0.0, 826.588114781398], [0.0, 1252.8131021185304, 469.9846626224581], [0.0, 0.0, 1.0]], [[1256.7485116440405, 0.0, 817.7887570959712], [0.0, 1256.7485116440403, 451.9541780095127], [0.0, 0.0, 1.0]], [[1254.9860565800168, 0.0, 829.5769333630991], [0.0, 1254.9860565800168, 467.1680561863987], [0.0, 0.0, 1.0]], [[796.8910634503094, 0.0, 857.7774326863696], [0.0, 796.8910634503094, 476.8848988407415], [0.0, 0.0, 1.0]], [[1249.9629280788233, 0.0, 825.3768045375984], [0.0, 1249.9629280788233, 462.54816385708756], [0.0, 0.0, 1.0]]], "extrinsics": [[[0.8243069648742676, -0.566125750541687, -0.00443045562133193, -0.7353668212890625], [0.009470143355429173, 0.021612735465168953, -0.9997215270996094, 1.4914207458496094], [0.5660639405250549, 0.8240354657173157, 0.023176822811365128, -1.146728515625], [0.0, 0.0, 0.0, 1.0]], [[0.012990547344088554, -0.9997637271881104, -0.017427965998649597, 0.0079345703125], [0.01151088997721672, 0.017577802762389183, -0.999779224395752, 1.4833145141601562], [0.9998493194580078, 0.01278703473508358, 0.01173651497811079, -1.462158203125], [0.0, 0.0, 0.0, 1.0]], [[-0.8427016735076904, -0.5379560589790344, -0.021379077807068825, 0.910400390625], [0.019629884511232376, 0.008982069790363312, -0.9997669458389282, 1.4972686767578125], [0.5380227565765381, -0.8429250121116638, 0.00299080996774137, -1.1629638671875], [0.0, 0.0, 0.0, 1.0]], [[0.9478097558021545, 0.318827748298645, 0.002350646536797285, -1.1258544921875], [-0.005698590073734522, 0.02431122027337551, -0.9996881484985352, 1.5619354248046875], [-0.31878551840782166, 0.9475007653236389, 0.02485928125679493, -0.1622314453125], [0.0, 0.0, 0.0, 1.0]], [[0.008095205761492252, 0.9998275637626648, 0.01671578921377659, -0.028076171875], [-0.003597407368943095, 0.016745345667004585, -0.9998533129692078, 1.567739486694336], [-0.9999608397483826, 0.008033921010792255, 0.0037323448341339827, -0.045654296875], [0.0, 0.0, 0.0, 1.0]], [[-0.9244455695152283, 0.38130325078964233, -0.002857646904885769, 1.014801025390625], [0.000600096769630909, -0.006039385683834553, -0.9999815225601196, 1.5479049682617188], [-0.3813134431838989, -0.924430251121521, 0.005354265216737986, -0.10400390625], [0.0, 0.0, 0.0, 1.0]]], "view": [[0.0, -2.0, 100.0], [-2.0, 0.0, 100.0], [0.0, 0.0, 1.0]], "bev": "bev_d7aa499d00aa41d7833dc5c1f99c5714.png", "aux": "aux_d7aa499d00aa41d7833dc5c1f99c5714.npz", "visibility": "visibility_d7aa499d00aa41d7833dc5c1f99c5714.png", "pose": [[0.8761810660362244, 0.4819820523262024, 0.0, 1890.204345703125], [-0.4819820523262024, 0.8761810660362244, 0.0, 1069.5341796875], [0.0, 0.0, 1.0, 0.0], [0.0, 0.0, 0.0, 1.0]], "pose_inverse": [[0.8761810660362244, -0.4819820523262024, 0.0, -1140.6650390625], [0.4819820523262024, 0.8761810660362244, 0.0, -1848.150146484375], [0.0, 0.0, 1.0, 0.0], [0.0, 0.0, 0.0, 1.0]], "cam_ids": [0, 1, 2, 3, 4, 5], "cam_channels": ["CAM_FRONT_LEFT", "CAM_FRONT", "CAM_FRONT_RIGHT", "CAM_BACK_LEFT", "CAM_BACK", "CAM_BACK_RIGHT"], "token": "d7aa499d00aa41d7833dc5c1f99c5714", "scene": "scene-0451"}, {"images": ["samples/CAM_FRONT_LEFT/n008-2018-09-18-12-07-26-0400__CAM_FRONT_LEFT__1537287249654799.jpg", "samples/CAM_FRONT/n008-2018-09-18-12-07-26-0400__CAM_FRONT__1537287249662404.jpg", "samples/CAM_FRONT_RIGHT/n008-2018-09-18-12-07-26-0400__CAM_FRONT_RIGHT__1537287249670482.jpg", "samples/CAM_BACK_LEFT/n008-2018-09-18-12-07-26-0400__CAM_BACK_LEFT__1537287249697405.jpg", "samples/CAM_BACK/n008-2018-09-18-12-07-26-0400__CAM_BACK__1537287249687558.jpg", "samples/CAM_BACK_RIGHT/n008-2018-09-18-12-07-26-0400__CAM_BACK_RIGHT__1537287249678113.jpg"], "intrinsics": [[[1257.8625342125129, 0.0, 827.2410631095686], [0.0, 1257.8625342125129, 450.915498205774], [0.0, 0.0, 1.0]], [[1252.8131021185304, 0.0, 826.588114781398], [0.0, 1252.8131021185304, 469.9846626224581], [0.0, 0.0, 1.0]], [[1256.7485116440405, 0.0, 817.7887570959712], [0.0, 1256.7485116440403, 451.9541780095127], [0.0, 0.0, 1.0]], [[1254.9860565800168, 0.0, 829.5769333630991], [0.0, 1254.9860565800168, 467.1680561863987], [0.0, 0.0, 1.0]], [[796.8910634503094, 0.0, 857.7774326863696], [0.0, 796.8910634503094, 476.8848988407415], [0.0, 0.0, 1.0]], [[1249.9629280788233, 0.0, 825.3768045375984], [0.0, 1249.9629280788233, 462.54816385708756], [0.0, 0.0, 1.0]]], "extrinsics": [[[0.8239851593971252, -0.5665969848632812, -0.004058338701725006, -0.702606201171875], [0.010599823668599129, 0.022575434297323227, -0.999688982963562, 1.4922065734863281], [0.566512405872345, 0.8236857652664185, 0.024607649073004723, -1.12451171875], [0.0, 0.0, 0.0, 1.0]], [[0.012587563134729862, -0.9997518062591553, -0.018382549285888672, 0.0087890625], [0.012594714760780334, 0.018541069701313972, -0.9997488260269165, 1.4840469360351562], [0.9998414516448975, 0.012352869845926762, 0.01282497588545084, -1.427490234375], [0.0, 0.0, 0.0, 1.0]], [[-0.8428517580032349, -0.5376656651496887, -0.022730013355612755, 0.8853759765625], [0.020611532032489777, 0.009953387081623077, -0.9997379779815674, 1.4980926513671875], [0.5377509593963623, -0.8430994153022766, 0.002692881505936384, -1.1468505859375], [0.0, 0.0, 0.0, 1.0]], [[0.9478136301040649, 0.3188054859638214, 0.003516459371894598, -1.1185302734375], [-0.0048858593218028545, 0.025552112609148026, -0.9996615648269653, 1.5619125366210938], [-0.3187873959541321, 0.9474756717681885, 0.025776278227567673, -0.1646728515625], [0.0, 0.0, 0.0, 1.0]], [[0.008313693106174469, 0.999806821346283, 0.017813032492995262, -0.0279541015625], [-0.002708172658458352, 0.01783609390258789, -0.9998372197151184, 1.5677757263183594], [-0.9999618530273438, 0.00826411321759224, 0.00285593350417912, -0.061767578125], [0.0, 0.0, 0.0, 1.0]], [[-0.9242814183235168, 0.3816964626312256, -0.0034136204048991203, 0.992584228515625], [0.0016145604895427823, -0.005033490248024464, -0.9999860525131226, 1.5481066703796387], [-0.3817082643508911, -0.9242740273475647, 0.00403608987107873, -0.113037109375], [0.0, 0.0, 0.0, 1.0]]], "view": [[0.0, -2.0, 100.0], [-2.0, 0.0, 100.0], [0.0, 0.0, 1.0]], "bev": "bev_e0009ef9b3e149ec8384c7f77fc43f7a.png", "aux": "aux_e0009ef9b3e149ec8384c7f77fc43f7a.npz", "visibility": "visibility_e0009ef9b3e149ec8384c7f77fc43f7a.png", "pose": [[0.8598335385322571, 0.5105745196342468, 0.0, 1893.8494873046875], [-0.5105745196342468, 0.8598335385322571, 0.0, 1067.44091796875], [0.0, 0.0, 1.0, 0.0], [0.0, 0.0, 0.0, 1.0]], "pose_inverse": [[0.8598335385322571, -0.5105745196342468, 0.0, -1083.38720703125], [0.5105745196342468, 0.8598335385322571, 0.0, -1884.772705078125], [0.0, 0.0, 1.0, 0.0], [0.0, 0.0, 0.0, 1.0]], "cam_ids": [0, 1, 2, 3, 4, 5], "cam_channels": ["CAM_FRONT_LEFT", "CAM_FRONT", "CAM_FRONT_RIGHT", "CAM_BACK_LEFT", "CAM_BACK", "CAM_BACK_RIGHT"], "token": "e0009ef9b3e149ec8384c7f77fc43f7a", "scene": "scene-0451"}, {"images": ["samples/CAM_FRONT_LEFT/n008-2018-09-18-12-07-26-0400__CAM_FRONT_LEFT__1537287250154799.jpg", "samples/CAM_FRONT/n008-2018-09-18-12-07-26-0400__CAM_FRONT__1537287250162404.jpg", "samples/CAM_FRONT_RIGHT/n008-2018-09-18-12-07-26-0400__CAM_FRONT_RIGHT__1537287250170482.jpg", "samples/CAM_BACK_LEFT/n008-2018-09-18-12-07-26-0400__CAM_BACK_LEFT__1537287250198075.jpg", "samples/CAM_BACK/n008-2018-09-18-12-07-26-0400__CAM_BACK__1537287250187558.jpg", "samples/CAM_BACK_RIGHT/n008-2018-09-18-12-07-26-0400__CAM_BACK_RIGHT__1537287250178113.jpg"], "intrinsics": [[[1257.8625342125129, 0.0, 827.2410631095686], [0.0, 1257.8625342125129, 450.915498205774], [0.0, 0.0, 1.0]], [[1252.8131021185304, 0.0, 826.588114781398], [0.0, 1252.8131021185304, 469.9846626224581], [0.0, 0.0, 1.0]], [[1256.7485116440405, 0.0, 817.7887570959712], [0.0, 1256.7485116440403, 451.9541780095127], [0.0, 0.0, 1.0]], [[1254.9860565800168, 0.0, 829.5769333630991], [0.0, 1254.9860565800168, 467.1680561863987], [0.0, 0.0, 1.0]], [[796.8910634503094, 0.0, 857.7774326863696], [0.0, 796.8910634503094, 476.8848988407415], [0.0, 0.0, 1.0]], [[1249.9629280788233, 0.0, 825.3768045375984], [0.0, 1249.9629280788233, 462.54816385708756], [0.0, 0.0, 1.0]]], "extrinsics": [[[0.8224560618400574, -0.5686806440353394, -0.01297091506421566, -0.68145751953125], [0.006647615227848291, 0.032410427927970886, -0.999452531337738, 1.4908447265625], [0.5687898397445679, 0.8219196200370789, 0.030436526983976364, -1.111328125], [0.0, 0.0, 0.0, 1.0]], [[0.009928233921527863, -0.99955153465271, -0.0282505564391613, 0.009765625], [0.008503829129040241, 0.0283353254199028, -0.9995623230934143, 1.4829254150390625], [0.9999145269393921, 0.009683716110885143, 0.00878133624792099, -1.40625], [0.0, 0.0, 0.0, 1.0]], [[-0.8442243337631226, -0.5354322791099548, -0.0244443416595459, 0.8709716796875], [0.01647801324725151, 0.01965731382369995, -0.9996709823608398, 1.4973526000976562], [0.535736620426178, -0.8443493843078613, -0.007772323675453663, -1.1376953125], [0.0, 0.0, 0.0, 1.0]], [[0.9479057788848877, 0.3185398280620575, 0.002629396505653858, -1.119140625], [-0.00887196697294712, 0.034650303423404694, -0.9993600845336914, 1.5618095397949219], [-0.31842711567878723, 0.9472759366035461, 0.03567130118608475, -0.1644287109375], [0.0, 0.0, 0.0, 1.0]], [[0.009448296390473843, 0.9995865821838379, 0.027154166251420975, -0.02783203125], [-0.006748093757778406, 0.027218496426939964, -0.9996066689491272, 1.5672760009765625], [-0.999932587146759, 0.009261381812393665, 0.007002471946179867, -0.0711669921875], [0.0, 0.0, 0.0, 1.0]], [[-0.9235991835594177, 0.3833373188972473, 0.004123057704418898, 0.9799346923828125], [-0.0025659925304353237, 0.004573131911456585, -0.9999862909317017, 1.5473098754882812], [-0.3833508789539337, -0.9235970973968506, -0.00324010057374835, -0.118408203125], [0.0, 0.0, 0.0, 1.0]]], "view": [[0.0, -2.0, 100.0], [-2.0, 0.0, 100.0], [0.0, 0.0, 1.0]], "bev": "bev_a71d55e034e34e12a8f6de8d204bbe30.png", "aux": "aux_a71d55e034e34e12a8f6de8d204bbe30.npz", "visibility": "visibility_a71d55e034e34e12a8f6de8d204bbe30.png", "pose": [[0.8525065779685974, 0.5227164626121521, 0.0, 1897.335693359375], [-0.5227164626121521, 0.8525065779685974, 0.0, 1065.3074951171875], [0.0, 0.0, 1.0, 0.0], [0.0, 0.0, 0.0, 1.0]], "pose_inverse": [[0.8525065779685974, -0.5227164626121521, 0.0, -1060.6373291015625], [0.5227164626121521, 0.8525065779685974, 0.0, -1899.9503173828125], [0.0, 0.0, 1.0, 0.0], [0.0, 0.0, 0.0, 1.0]], "cam_ids": [0, 1, 2, 3, 4, 5], "cam_channels": ["CAM_FRONT_LEFT", "CAM_FRONT", "CAM_FRONT_RIGHT", "CAM_BACK_LEFT", "CAM_BACK", "CAM_BACK_RIGHT"], "token": "a71d55e034e34e12a8f6de8d204bbe30", "scene": "scene-0451"}, {"images": ["samples/CAM_FRONT_LEFT/n008-2018-09-18-12-07-26-0400__CAM_FRONT_LEFT__1537287250654799.jpg", "samples/CAM_FRONT/n008-2018-09-18-12-07-26-0400__CAM_FRONT__1537287250662616.jpg", "samples/CAM_FRONT_RIGHT/n008-2018-09-18-12-07-26-0400__CAM_FRONT_RIGHT__1537287250670482.jpg", "samples/CAM_BACK_LEFT/n008-2018-09-18-12-07-26-0400__CAM_BACK_LEFT__1537287250697405.jpg", "samples/CAM_BACK/n008-2018-09-18-12-07-26-0400__CAM_BACK__1537287250687558.jpg", "samples/CAM_BACK_RIGHT/n008-2018-09-18-12-07-26-0400__CAM_BACK_RIGHT__1537287250678113.jpg"], "intrinsics": [[[1257.8625342125129, 0.0, 827.2410631095686], [0.0, 1257.8625342125129, 450.915498205774], [0.0, 0.0, 1.0]], [[1252.8131021185304, 0.0, 826.588114781398], [0.0, 1252.8131021185304, 469.9846626224581], [0.0, 0.0, 1.0]], [[1256.7485116440405, 0.0, 817.7887570959712], [0.0, 1256.7485116440403, 451.9541780095127], [0.0, 0.0, 1.0]], [[1254.9860565800168, 0.0, 829.5769333630991], [0.0, 1254.9860565800168, 467.1680561863987], [0.0, 0.0, 1.0]], [[796.8910634503094, 0.0, 857.7774326863696], [0.0, 796.8910634503094, 476.8848988407415], [0.0, 0.0, 1.0]], [[1249.9629280788233, 0.0, 825.3768045375984], [0.0, 1249.9629280788233, 462.54816385708756], [0.0, 0.0, 1.0]]], "extrinsics": [[[0.8225796222686768, -0.5683981776237488, -0.016921700909733772, -0.6763763427734375], [0.0029156054370105267, 0.033972978591918945, -0.9994184970855713, 1.4893646240234375], [0.5686425566673279, 0.8220519423484802, 0.02960270456969738, -1.109375], [0.0, 0.0, 0.0, 1.0]], [[0.010284068994224072, -0.9994995594024658, -0.029911978170275688, 0.0111083984375], [0.0044222427532076836, 0.029958730563521385, -0.9995413422584534, 1.4815673828125], [0.9999374151229858, 0.010147004388272762, 0.004728126805275679, -1.4033203125], [0.0, 0.0, 0.0, 1.0]], [[-0.8440162539482117, -0.535884439945221, -0.021551748737692833, 0.8682861328125], [0.011965986341238022, 0.021358715370297432, -0.9997002482414246, 1.4962005615234375], [0.5361841320991516, -0.844021201133728, -0.011614717543125153, -1.1343994140625], [0.0, 0.0, 0.0, 1.0]], [[0.9478737115859985, 0.3186384439468384, -0.0022660198155790567, -1.1099853515625], [-0.014711890369653702, 0.036658354103565216, -0.999219536781311, 1.5615119934082031], [-0.31830671429634094, 0.9471672177314758, 0.039435259997844696, -0.167724609375], [0.0, 0.0, 0.0, 1.0]], [[0.009303477592766285, 0.9995362162590027, 0.028996888548135757, -0.028564453125], [-0.012095391750335693, 0.029108507558703423, -0.9995030164718628, 1.5665969848632812], [-0.9998835921287537, 0.0089481296017766, 0.012360592372715473, -0.0750732421875], [0.0, 0.0, 0