[{"images": ["samples/CAM_FRONT_LEFT/n015-2018-09-25-11-10-38+0800__CAM_FRONT_LEFT__1537845552254844.jpg", "samples/CAM_FRONT/n015-2018-09-25-11-10-38+0800__CAM_FRONT__1537845552262460.jpg", "samples/CAM_FRONT_RIGHT/n015-2018-09-25-11-10-38+0800__CAM_FRONT_RIGHT__1537845552270339.jpg", "samples/CAM_BACK_LEFT/n015-2018-09-25-11-10-38+0800__CAM_BACK_LEFT__1537845552297423.jpg", "samples/CAM_BACK/n015-2018-09-25-11-10-38+0800__CAM_BACK__1537845552287525.jpg", "samples/CAM_BACK_RIGHT/n015-2018-09-25-11-10-38+0800__CAM_BACK_RIGHT__1537845552277893.jpg"], "intrinsics": [[[1272.5979470598488, 0.0, 826.6154927353808], [0.0, 1272.5979470598488, 479.75165386361925], [0.0, 0.0, 1.0]], [[1266.417203046554, 0.0, 816.2670197447984], [0.0, 1266.417203046554, 491.50706579294757], [0.0, 0.0, 1.0]], [[1260.8474446004698, 0.0, 807.968244525554], [0.0, 1260.8474446004698, 495.3344268742088], [0.0, 0.0, 1.0]], [[1256.7414812095406, 0.0, 792.1125740759628], [0.0, 1256.7414812095406, 492.7757465151356], [0.0, 0.0, 1.0]], [[809.2209905677063, 0.0, 829.2196003259838], [0.0, 809.2209905677063, 481.77842384512485], [0.0, 0.0, 1.0]], [[1259.5137405846733, 0.0, 807.2529053838625], [0.0, 1259.5137405846733, 501.19579884916527], [0.0, 0.0, 1.0]]], "extrinsics": [[[0.8195536136627197, -0.5714096426963806, 0.04269441217184067, -0.911376953125], [0.05734460428357124, 0.007654886227101088, -0.9983251094818115, 1.511993408203125], [0.5701257586479187, 0.8206292986869812, 0.03904085233807564, -1.24310302734375], [0.0, 0.0, 0.0, 1.0]], [[0.005789243150502443, -0.9999779462814331, -0.003238972742110491, 0.005523681640625], [0.05195542052388191, 0.003535438096150756, -0.998643159866333, 1.5233306884765625], [0.9986326694488525, 0.005613088607788086, 0.051974739879369736, -1.6385498046875], [0.0, 0.0, 0.0, 1.0]], [[-0.8308916687965393, -0.553266167640686, -0.05929179489612579, 0.99755859375], [0.0574505552649498, 0.02068798430263996, -0.9981339573860168, 1.5060501098632812], [0.5534603595733643, -0.8327475190162659, 0.01459597796201706, -1.225341796875], [0.0, 0.0, 0.0, 1.0]], [[0.945824146270752, 0.31925836205482483, 0.05908256396651268, -1.14154052734375], [0.06566877663135529, -0.009894759394228458, -0.9977923631668091, 1.5886001586914062], [-0.31796905398368835, 0.9476160407066345, -0.030324013903737068, -0.10394287109375], [0.0, 0.0, 0.0, 1.0]], [[0.0021931238006800413, 0.999997615814209, 0.00029422453371807933, 0.0028076171875], [0.04048146679997444, 0.00020520418183878064, -0.9991803169250488, 1.5799980163574219], [-0.9991778135299683, 0.0022032184060662985, -0.04048091545701027, -0.01397705078125], [0.0, 0.0, 0.0, 1.0]], [[-0.9327380657196045, 0.35502487421035767, -0.06290499120950699, 1.1077880859375], [0.07319799810647964, 0.015621469356119633, -0.9971951246261597, 1.5536842346191406], [-0.35304638743400574, -0.934726357460022, -0.040557850152254105, -0.07433128356933594], [0.0, 0.0, 0.0, 1.0]]], "view": [[0.0, -2.0, 100.0], [-2.0, 0.0, 100.0], [0.0, 0.0, 1.0]], "bev": "bev_6e47961dd79b44c385544daf4e0b259b.png", "aux": "aux_6e47961dd79b44c385544daf4e0b259b.npz", "visibility": "visibility_6e47961dd79b44c385544daf4e0b259b.png", "pose": [[-0.22408205270767212, -0.9745702743530273, 0.0, 124.87194061279297], [0.9745702743530273, -0.22408205270767212, 0.0, 1017.1771850585938], [0.0, 0.0, 1.0, 0.0], [0.0, 0.0, 0.0, 1.0]], "pose_inverse": [[-0.22408205270767212, 0.9745702743530273, 0.0, -963.3291015625], [-0.9745702743530273, -0.22408205270767212, 0.0, 349.62762451171875], [0.0, 0.0, 1.0, 0.0], [0.0, 0.0, 0.0, 1.0]], "cam_ids": [0, 1, 2, 3, 4, 5], "cam_channels": ["CAM_FRONT_LEFT", "CAM_FRONT", "CAM_FRONT_RIGHT", "CAM_BACK_LEFT", "CAM_BACK", "CAM_BACK_RIGHT"], "token": "6e47961dd79b44c385544daf4e0b259b", "scene": "scene-0990"}, {"images": ["samples/CAM_FRONT_LEFT/n015-2018-09-25-11-10-38+0800__CAM_FRONT_LEFT__1537845552754844.jpg", "samples/CAM_FRONT/n015-2018-09-25-11-10-38+0800__CAM_FRONT__1537845552762460.jpg", "samples/CAM_FRONT_RIGHT/n015-2018-09-25-11-10-38+0800__CAM_FRONT_RIGHT__1537845552770339.jpg", "samples/CAM_BACK_LEFT/n015-2018-09-25-11-10-38+0800__CAM_BACK_LEFT__1537845552797423.jpg", "samples/CAM_BACK/n015-2018-09-25-11-10-38+0800__CAM_BACK__1537845552787525.jpg", "samples/CAM_BACK_RIGHT/n015-2018-09-25-11-10-38+0800__CAM_BACK_RIGHT__1537845552777893.jpg"], "intrinsics": [[[1272.5979470598488, 0.0, 826.6154927353808], [0.0, 1272.5979470598488, 479.75165386361925], [0.0, 0.0, 1.0]], [[1266.417203046554, 0.0, 816.2670197447984], [0.0, 1266.417203046554, 491.50706579294757], [0.0, 0.0, 1.0]], [[1260.8474446004698, 0.0, 807.968244525554], [0.0, 1260.8474446004698, 495.3344268742088], [0.0, 0.0, 1.0]], [[1256.7414812095406, 0.0, 792.1125740759628], [0.0, 1256.7414812095406, 492.7757465151356], [0.0, 0.0, 1.0]], [[809.2209905677063, 0.0, 829.2196003259838], [0.0, 809.2209905677063, 481.77842384512485], [0.0, 0.0, 1.0]], [[1259.5137405846733, 0.0, 807.2529053838625], [0.0, 1259.5137405846733, 501.19579884916527], [0.0, 0.0, 1.0]]], "extrinsics": [[[0.8202264904975891, -0.571420431137085, 0.026592720299959183, -0.88671875], [0.03661546856164932, 0.0060525918379426, -0.999311089515686, 1.5117340087890625], [0.57086580991745, 0.820635199546814, 0.025887319818139076, -1.22607421875], [0.0, 0.0, 0.0, 1.0]], [[0.005650173407047987, -0.9999824166297913, -0.0017560223350301385, 0.0057373046875], [0.03082958050072193, 0.0019294100347906351, -0.9995228052139282, 1.5229530334472656], [0.9995087385177612, 0.005593323148787022, 0.030839938670396805, -1.61370849609375], [0.0, 0.0, 0.0, 1.0]], [[-0.8320174813270569, -0.5532698631286621, -0.040488921105861664, 0.9814453125], [0.03593491390347481, 0.019080955535173416, -0.9991719126701355, 1.5058441162109375], [0.5535842180252075, -0.8327835202217102, 0.004006016068160534, -1.2147216796875], [0.0, 0.0, 0.0, 1.0]], [[0.947013258934021, 0.31906673312187195, 0.03691091760993004, -1.142578125], [0.04285652935504913, -0.01163140032440424, -0.9990135431289673, 1.5885353088378906], [-0.31832262873649597, 0.9476608633995056, -0.02468918077647686, -0.1036376953125], [0.0, 0.0, 0.0, 1.0]], [[0.0023887844290584326, 0.9999962449073792, -0.0014026433927938342, 0.0028076171875], [0.018090464174747467, -0.0014456320786848664, -0.9998353123664856, 1.5797595977783203], [-0.9998335242271423, 0.002363023813813925, -0.01809384860098362, -0.02044677734375], [0.0, 0.0, 0.0, 1.0]], [[-0.9338522553443909, 0.35506319999694824, -0.04301232472062111, 1.0947265625], [0.051319047808647156, 0.01400590967386961, -0.9985841512680054, 1.5537185668945312], [-0.3539580702781677, -0.9347373843193054, -0.03130095824599266, -0.07918643951416016], [0.0, 0.0, 0.0, 1.0]]], "view": [[0.0, -2.0, 100.0], [-2.0, 0.0, 100.0], [0.0, 0.0, 1.0]], "bev": "bev_3a24ef20167a446a8b4d26b5483e4421.png", "aux": "aux_3a24ef20167a446a8b4d26b5483e4421.npz", "visibility": "visibility_3a24ef20167a446a8b4d26b5483e4421.png", "pose": [[-0.22944261133670807, -0.9733222126960754, 0.0, 124.66771697998047], [0.9733222126960754, -0.22944261133670807, 0.0, 1018.0595092773438], [0.0, 0.0, 1.0, 0.0], [0.0, 0.0, 0.0, 1.0]], "pose_inverse": [[-0.22944261133670807, 0.9733222126960754, 0.0, -962.2958374023438], [-0.9733222126960754, -0.22944261133670807, 0.0, 354.9281005859375], [0.0, 0.0, 1.0, 0.0], [0.0, 0.0, 0.0, 1.0]], "cam_ids": [0, 1, 2, 3, 4, 5], "cam_channels": ["CAM_FRONT_LEFT", "CAM_FRONT", "CAM_FRONT_RIGHT", "CAM_BACK_LEFT", "CAM_BACK", "CAM_BACK_RIGHT"], "token": "3a24ef20167a446a8b4d26b5483e4421", "scene": "scene-0990"}, {"images": ["samples/CAM_FRONT_LEFT/n015-2018-09-25-11-10-38+0800__CAM_FRONT_LEFT__1537845553254844.jpg", "samples/CAM_FRONT/n015-2018-09-25-11-10-38+0800__CAM_FRONT__1537845553262460.jpg", "samples/CAM_FRONT_RIGHT/n015-2018-09-25-11-10-38+0800__CAM_FRONT_RIGHT__1537845553270339.jpg", "samples/CAM_BACK_LEFT/n015-2018-09-25-11-10-38+0800__CAM_BACK_LEFT__1537845553297423.jpg", "samples/CAM_BACK/n015-2018-09-25-11-10-38+0800__CAM_BACK__1537845553287525.jpg", "samples/CAM_BACK_RIGHT/n015-2018-09-25-11-10-38+0800__CAM_BACK_RIGHT__1537845553277893.jpg"], "intrinsics": [[[1272.5979470598488, 0.0, 826.6154927353808], [0.0, 1272.5979470598488, 479.75165386361925], [0.0, 0.0, 1.0]], [[1266.417203046554, 0.0, 816.2670197447984], [0.0, 1266.417203046554, 491.50706579294757], [0.0, 0.0, 1.0]], [[1260.8474446004698, 0.0, 807.968244525554], [0.0, 1260.8474446004698, 495.3344268742088], [0.0, 0.0, 1.0]], [[1256.7414812095406, 0.0, 792.1125740759628], [0.0, 1256.7414812095406, 492.7757465151356], [0.0, 0.0, 1.0]], [[809.2209905677063, 0.0, 829.2196003259838], [0.0, 809.2209905677063, 481.77842384512485], [0.0, 0.0, 1.0]], [[1259.5137405846733, 0.0, 807.2529053838625], [0.0, 1259.5137405846733, 501.19579884916527], [0.0, 0.0, 1.0]]], "extrinsics": [[[0.8204541206359863, -0.5717110633850098, 0.0012330698082223535, -0.8521728515625], [0.004254838451743126, 0.003949286881834269, -0.9999831318855286, 1.508830189704895], [0.5716964602470398, 0.8204455375671387, 0.00567274633795023, -1.2020721435546875], [0.0, 0.0, 0.0, 1.0]], [[0.005212035961449146, -0.9999863505363464, 0.0001495620235800743, 0.005889892578125], [-0.0013303074520081282, -0.000156497597345151, -0.9999991655349731, 1.5203838348388672], [0.9999855160713196, 0.005211833398789167, -0.0013311054790392518, -1.57965087890625], [0.0, 0.0, 0.0, 1.0]], [[-0.83310866355896, -0.5529619455337524, -0.012766399420797825, 0.9595947265625], [0.004019793123006821, 0.01702742837369442, -0.9998469352722168, 1.5039927959442139], [0.5530946850776672, -0.8330325484275818, -0.011962905526161194, -1.2003173828125], [0.0, 0.0, 0.0, 1.0]], [[0.9477444887161255, 0.3189546465873718, 0.00695444131270051, -1.141357421875], [0.01184531394392252, -0.01339688990265131, -0.9998400807380676, 1.588566780090332], [-0.3188105523586273, 0.9476752877235413, -0.016474945470690727, -0.10400390625], [0.0, 0.0, 0.0, 1.0]], [[0.0025906499940901995, 0.9999909400939941, -0.003380166832357645, 0.00286865234375], [-0.013307696208357811, -0.0033454035874456167, -0.9999058246612549, 1.5789241790771484], [-0.9999081492424011, 0.0026353872381150723, 0.013298907317221165, -0.0306396484375], [0.0, 0.0, 0.0, 1.0]], [[-0.9346201419830322, 0.35536813735961914, -0.014094886370003223, 1.0771484375], [0.019639817997813225, 0.012000557966530323, -0.9997351169586182, 1.5526905059814453], [-0.35510489344596863, -0.9346494674682617, -0.01819532923400402, -0.08601021766662598], [0.0, 0.0, 0.0, 1.0]]], "view": [[0.0, -2.0, 100.0], [-2.0, 0.0, 100.0], [0.0, 0.0, 1.0]], "bev": "bev_997167230ecd481faf2724d074913f82.png", "aux": "aux_997167230ecd481faf2724d074913f82.npz", "visibility": "visibility_997167230ecd481faf2724d074913f82.png", "pose": [[-0.23553740978240967, -0.9718652963638306, 0.0, 124.34974670410156], [0.9718652963638306, -0.23553740978240967, 0.0, 1019.3995971679688], [0.0, 0.0, 1.0, 0.0], [0.0, 0.0, 0.0, 1.0]], "pose_inverse": [[-0.23553740978240967, 0.9718652963638306, 0.0, -961.4300537109375], [-0.9718652963638306, -0.23553740978240967, 0.0, 360.95794677734375], [0.0, 0.0, 1.0, 0.0], [0.0, 0.0, 0.0, 1.0]], "cam_ids": [0, 1, 2, 3, 4, 5], "cam_channels": ["CAM_FRONT_LEFT", "CAM_FRONT", "CAM_FRONT_RIGHT", "CAM_BACK_LEFT", "CAM_BACK", "CAM_BACK_RIGHT"], "token": "997167230ecd481faf2724d074913f82", "scene": "scene-0990"}, {"images": ["samples/CAM_FRONT_LEFT/n015-2018-09-25-11-10-38+0800__CAM_FRONT_LEFT__1537845553754844.jpg", "samples/CAM_FRONT/n015-2018-09-25-11-10-38+0800__CAM_FRONT__1537845553762460.jpg", "samples/CAM_FRONT_RIGHT/n015-2018-09-25-11-10-38+0800__CAM_FRONT_RIGHT__1537845553770339.jpg", "samples/CAM_BACK_LEFT/n015-2018-09-25-11-10-38+0800__CAM_BACK_LEFT__1537845553797423.jpg", "samples/CAM_BACK/n015-2018-09-25-11-10-38+0800__CAM_BACK__1537845553787525.jpg", "samples/CAM_BACK_RIGHT/n015-2018-09-25-11-10-38+0800__CAM_BACK_RIGHT__1537845553777893.jpg"], "intrinsics": [[[1272.5979470598488, 0.0, 826.6154927353808], [0.0, 1272.5979470598488, 479.75165386361925], [0.0, 0.0, 1.0]], [[1266.417203046554, 0.0, 816.2670197447984], [0.0, 1266.417203046554, 491.50706579294757], [0.0, 0.0, 1.0]], [[1260.8474446004698, 0.0, 807.968244525554], [0.0, 1260.8474446004698, 495.3344268742088], [0.0, 0.0, 1.0]], [[1256.7414812095406, 0.0, 792.1125740759628], [0.0, 1256.7414812095406, 492.7757465151356], [0.0, 0.0, 1.0]], [[809.2209905677063, 0.0, 829.2196003259838], [0.0, 809.2209905677063, 481.77842384512485], [0.0, 0.0, 1.0]], [[1259.5137405846733, 0.0, 807.2529053838625], [0.0, 1259.5137405846733, 501.19579884916527], [0.0, 0.0, 1.0]]], "extrinsics": [[[0.8205999135971069, -0.5714491009712219, -0.007848476059734821, -0.8148193359375], [-0.006383128464221954, 0.004567753057926893, -0.9999691843986511, 1.507080078125], [0.5714673399925232, 0.8206247091293335, 0.00010066485265269876, -1.176361083984375], [0.0, 0.0, 0.0, 1.0]], [[0.005537720397114754, -0.9999843835830688, -0.0006346673471853137, 0.00640869140625], [-0.012163456529378891, 0.0005672713741660118, -0.9999258518218994, 1.5187091827392578], [0.9999106526374817, 0.005545024294406176, -0.01216012705117464, -1.5423583984375], [0.0, 0.0, 0.0, 1.0]], [[-0.8330132961273193, -0.5532386302947998, -0.0039710612036287785, 0.935546875], [-0.00708146532997489, 0.017839111387729645, -0.9998157620429993, 1.502812385559082], [0.553207516670227, -0.8328316807746887, -0.018777957186102867, -1.18402099609375], [0.0, 0.0, 0.0, 1.0]], [[0.9477565288543701, 0.3189668655395508, -0.004195443820208311, -1.1414794921875], [-0.0002774674503598362, -0.012327778153121471, -0.9999239444732666, 1.5885558128356934], [-0.31899428367614746, 0.9476855993270874, -0.011595230549573898, -0.10400390625], [0.0, 0.0, 0.0, 1.0]], [[0.002410114509984851, 0.9999940991401672, -0.0024411804042756557, 0.00274658203125], [-0.025009866803884506, -0.002380147110670805, -0.9996843934059143, 1.5782833099365234], [-0.9996842741966248, 0.0024704299867153168, 0.025003980845212936, -0.04107666015625], [0.0, 0.0, 0.0, 1.0]], [[-0.9348173141479492, 0.35511475801467896, -0.003152670571580529, 1.0576171875], [0.008266395889222622, 0.012883919291198254, -0.9998828172683716, 1.5521399974822998], [-0.3550325334072113, -0.9347338676452637, -0.014979632571339607, -0.09317708015441895], [0.0, 0.0, 0.0, 1.0]]], "view": [[0.0, -2.0, 100.0], [-2.0, 0.0, 100.0], [0.0, 0.0, 1.0]], "bev": "bev_bee243bb17cb443badd415c454248720.png", "aux": "aux_bee243bb17cb443badd415c454248720.npz", "visibility": "visibility_bee243bb17cb443badd415c454248720.png", "pose": [[-0.23770226538181305, -0.9713380336761475, 0.0, 123.91207122802734], [0.9713380336761475, -0.23770226538181305, 0.0, 1021.2211303710938], [0.0, 0.0, 1.0, 0.0], [0.0, 0.0, 0.0, 1.0]], "pose_inverse": [[-0.23770226538181305, 0.9713380336761475, 0.0, -962.4967651367188], [-0.9713380336761475, -0.23770226538181305, 0.0, 363.1070861816406], [0.0, 0.0, 1.0, 0.0], [0.0, 0.0, 0.0, 1.0]], "cam_ids": [0, 1, 2, 3, 4, 5], "cam_channels": ["CAM_FRONT_LEFT", "CAM_FRONT", "CAM_FRONT_RIGHT", "CAM_BACK_LEFT", "CAM_BACK", "CAM_BACK_RIGHT"], "token": "bee243bb17cb443badd415c454248720", "scene": "scene-0990"}, {"images": ["samples/CAM_FRONT_LEFT/n015-2018-09-25-11-10-38+0800__CAM_FRONT_LEFT__1537845554254844.jpg", "samples/CAM_FRONT/n015-2018-09-25-11-10-38+0800__CAM_FRONT__1537845554262460.jpg", "samples/CAM_FRONT_RIGHT/n015-2018-09-25-11-10-38+0800__CAM_FRONT_RIGHT__1537845554270339.jpg", "samples/CAM_BACK_LEFT/n015-2018-09-25-11-10-38+0800__CAM_BACK_LEFT__1537845554297423.jpg", "samples/CAM_BACK/n015-2018-09-25-11-10-38+0800__CAM_BACK__1537845554287525.jpg", "samples/CAM_BACK_RIGHT/n015-2018-09-25-11-10-38+0800__CAM_BACK_RIGHT__1537845554277893.jpg"], "intrinsics": [[[1272.5979470598488, 0.0, 826.6154927353808], [0.0, 1272.5979470598488, 479.75165386361925], [0.0, 0.0, 1.0]], [[1266.417203046554, 0.0, 816.2670197447984], [0.0, 1266.417203046554, 491.50706579294757], [0.0, 0.0, 1.0]], [[1260.8474446004698, 0.0, 807.968244525554], [0.0, 1260.8474446004698, 495.3344268742088], [0.0, 0.0, 1.0]], [[1256.7414812095406, 0.0, 792.1125740759628], [0.0, 1256.7414812095406, 492.7757465151356], [0.0, 0.0, 1.0]], [[809.2209905677063, 0.0, 829.2196003259838], [0.0, 809.2209905677063, 481.77842384512485], [0.0, 0.0, 1.0]], [[1259.5137405846733, 0.0, 807.2529053838625], [0.0, 1259.5137405846733, 501.19579884916527], [0.0, 0.0, 1.0]]], "extrinsics": [[[0.820076584815979, -0.5709980130195618, -0.03789035975933075, -0.79913330078125], [-0.04041192680597305, 0.008261390030384064, -0.999148964881897, 1.5000991821289062], [0.5708250403404236, 0.8209099173545837, -0.016300154849886894, -1.16595458984375], [0.0, 0.0, 0.0, 1.0]], [[0.005793382413685322, -0.9999706745147705, -0.00499360216781497, 0.0068359375], [-0.04578876495361328, 0.004723175894469023, -0.9989399909973145, 1.5129280090332031], [0.9989343285560608, 0.006015894003212452, -0.045760057866573334, -1.5264892578125], [0.0, 0.0, 0.0, 1.0]], [[-0.8325929641723633, -0.5534866452217102, 0.021011298522353172, 0.92498779296875], [-0.04016736522316933, 0.022501086816191673, -0.998939573764801, 1.4984321594238281], [0.5524269938468933, -0.832554042339325, -0.040966346859931946, -1.17669677734375], [0.0, 0.0, 0.0, 1.0]], [[0.9472062587738037, 0.31910791993141174, -0.031152917072176933, -1.1405029296875], [-0.030922023579478264, -0.005791014991700649, -0.9995049834251404, 1.5885009765625], [-0.3191303610801697, 0.9477007389068604, 0.0043821781873703, -0.1043701171875], [0.0, 0.0, 0.0, 1.0]], [[0.0023198730777949095, 0.9999918937683105, 0.003293646266683936, 0.002716064453125], [-0.05666178837418556, 0.0034198109060525894, -0.9983875751495361, 1.5765762329101562], [-0.998390793800354, 0.0021295014303177595, 0.05666926130652428, -0.047119140625], [0.0, 0.0, 0.0, 1.0]], [[-0.9344590306282043, 0.35488247871398926, 0.029065478593111038, 1.048095703125], [-0.024236716330051422, 0.01804538071155548, -0.9995433688163757, 1.5491580963134766], [-0.3552449345588684, -0.9347367286682129, -0.008261483162641525, -0.09660446643829346], [0.0, 0.0, 0.0, 1.0]]], "view": [[0.0, -2.0, 100.0], [-2.0, 0.0, 100.0], [0.0, 0.0, 1.0]], "bev": "bev_557388d2b42b4e22adc6ae99e96912a4.png", "aux": "aux_557388d2b42b4e22adc6ae99e96912a4.npz", "visibility": "visibility_557388d2b42b4e22adc6ae99e96912a4.png", "pose": [[-0.23929919302463531, -0.9709458947181702, 0.0, 123.381103515625], [0.9709458947181702, -0.23929919302463531, 0.0, 1023.420166015625], [0.0, 0.0, 1.0, 0.0], [0.0, 0.0, 0.0, 1.0]], "pose_inverse": [[-0.23929919302463531, 0.9709458947181702, 0.0, -964.1605834960938], [-0.9709458947181702, -0.23929919302463531, 0.0, 364.6999816894531], [0.0, 0.0, 1.0, 0.0], [0.0, 0.0, 0.0, 1.0]], "cam_ids": [0, 1, 2, 3, 4, 5], "cam_channels": ["CAM_FRONT_LEFT", "CAM_FRONT", "CAM_FRONT_RIGHT", "CAM_BACK_LEFT", "CAM_BACK", "CAM_BACK_RIGHT"], "token": "557388d2b42b4e22adc6ae99e96912a4", "scene": "scene-0990"}, {"images": ["samples/CAM_FRONT_LEFT/n015-2018-09-25-11-10-38+0800__CAM_FRONT_LEFT__1537845554754844.jpg", "samples/CAM_FRONT/n015-2018-09-25-11-10-38+0800__CAM_FRONT__1537845554762460.jpg", "samples/CAM_FRONT_RIGHT/n015-2018-09-25-11-10-38+0800__CAM_FRONT_RIGHT__1537845554770339.jpg", "samples/CAM_BACK_LEFT/n015-2018-09-25-11-10-38+0800__CAM_BACK_LEFT__1537845554797423.jpg", "samples/CAM_BACK/n015-2018-09-25-11-10-38+0800__CAM_BACK__1537845554787525.jpg", "samples/CAM_BACK_RIGHT/n015-2018-09-25-11-10-38+0800__CAM_BACK_RIGHT__1537845554777893.jpg"], "intrinsics": [[[1272.5979470598488, 0.0, 826.6154927353808], [0.0, 1272.5979470598488, 479.75165386361925], [0.0, 0.0, 1.0]], [[1266.417203046554, 0.0, 816.2670197447984], [0.0, 1266.417203046554, 491.50706579294757], [0.0, 0.0, 1.0]], [[1260.8474446004698, 0.0, 807.968244525554], [0.0, 1260.8474446004698, 495.3344268742088], [0.0, 0.0, 1.0]], [[1256.7414812095406, 0.0, 792.1125740759628], [0.0, 1256.7414812095406, 492.7757465151356], [0.0, 0.0, 1.0]], [[809.2209905677063, 0.0, 829.2196003259838], [0.0, 809.2209905677063, 481.77842384512485], [0.0, 0.0, 1.0]], [[1259.5137405846733, 0.0, 807.2529053838625], [0.0, 1259.5137405846733, 501.19579884916527], [0.0, 0.0, 1.0]]], "extrinsics": [[[0.8211311101913452, -0.5707093477249146, -0.005876463837921619, -0.75762939453125], [0.0014406596310436726, 0.012368781492114067, -0.9999224543571472, 1.5086030960083008], [0.5707377195358276, 0.8210590481758118, 0.01097858976572752, -1.136962890625], [0.0, 0.0, 0.0, 1.0]], [[0.006223273929208517, -0.9999452829360962, -0.008414489217102528, 0.006927490234375], [-0.0035336455330252647, 0.008392609655857086, -0.9999585747718811, 1.5197958946228027], [0.9999743700027466, 0.006252749357372522, -0.0034812225494533777, -1.48504638671875], [0.0, 0.0, 0.0, 1.0]], [[-0.8326683044433594, -0.5535334348678589, -0.016255730763077736, 0.89837646484375], [0.0023944431450217962, 0.025755472481250763, -0.999665379524231, 1.5040183067321777], [0.5537669062614441, -0.8324286341667175, -0.02012035995721817, -1.1590576171875], [0.0, 0.0, 0.0, 1.0]], [[0.9477326273918152, 0.3189058303833008, 0.010094597004354, -1.137939453125], [0.011953785084187984, -0.0038732201792299747, -0.9999210238456726, 1.588608741760254], [-0.3188415467739105, 0.9477785229682922, -0.007482908200472593, -0.1051025390625], [0.0, 0.0, 0.0, 1.0]], [[0.0022587303537875414, 0.9999806880950928, 0.005803658626973629, 0.00274658203125], [-0.01373811811208725, 0.005834156181663275, -0.9998886585235596, 1.5785236358642578], [-0.9999030828475952, 0.0021787318401038647, 0.013751029968261719, -0.0587158203125], [0.0, 0.0, 0.0, 1.0]], [[-0.9348558187484741, 0.35488858819007874, -0.009936368092894554, 1.02685546875], [0.01856621913611889, 0.020919958129525185, -0.9996087551116943, 1.553614616394043], [-0.3545418977737427, -0.9346745610237122, -0.02614608220756054, -0.10480165481567383], [0.0, 0.0, 0.0, 1.0]]], "view": [[0.0, -2.0, 100.0], [-2.0, 0.0, 100.0], [0.0, 0.0, 1.0]], "bev": "bev_c27ebabbf63942a59928aa3bd39ca555.png", "aux": "aux_c27ebabbf63942a59928aa3bd39ca555.npz", "visibility": "visibility_c27ebabbf63942a59928aa3bd39ca555.png", "pose": [[-0.23497427999973297, -0.9720016121864319, 0.0, 122.75318908691406], [0.9720016121864319, -0.23497427999973297, 0.0, 1026.048583984375], [0.0, 0.0, 1.0, 0.0], [0.0, 0.0, 0.0, 1.0]], "pose_inverse": [[-0.23497427999973297, 0.9720016121864319, 0.0, -968.4769897460938], [-0.9720016121864319, -0.23497427999973297, 0.0, 360.41131591796875], [0.0, 0.0, 1.0, 0.0], [0.0, 0.0, 0.0, 1.0]], "cam_ids": [0, 1, 2, 3, 4, 5], "cam_channels": ["CAM_FRONT_LEFT", "CAM_FRONT", "CAM_FRONT_RIGHT", "CAM_BACK_LEFT", "CAM_BACK", "CAM_BACK_RIGHT"], "token": "c27ebabbf63942a59928aa3bd39ca555", "scene": "scene-0990"}, {"images": ["samples/CAM_FRONT_LEFT/n015-2018-09-25-11-10-38+0800__CAM_FRONT_LEFT__1537845555254844.jpg", "samples/CAM_FRONT/n015-2018-09-25-11-10-38+0800__CAM_FRONT__1537845555262460.jpg", "samples/CAM_FRONT_RIGHT/n015-2018-09-25-11-10-38+0800__CAM_FRONT_RIGHT__1537845555270339.jpg", "samples/CAM_BACK_LEFT/n015-2018-09-25-11-10-38+0800__CAM_BACK_LEFT__1537845555297423.jpg", "samples/CAM_BACK/n015-2018-09-25-11-10-38+0800__CAM_BACK__1537845555287525.jpg", "samples/CAM_BACK_RIGHT/n015-2018-09-25-11-10-38+0800__CAM_BACK_RIGHT__1537845555277893.jpg"], "intrinsics": [[[1272.5979470598488, 0.0, 826.6154927353808], [0.0, 1272.5979470598488, 479.75165386361925], [0.0, 0.0, 1.0]], [[1266.417203046554, 0.0, 816.2670197447984], [0.0, 1266.417203046554, 491.50706579294757], [0.0, 0.0, 1.0]], [[1260.8474446004698, 0.0, 807.968244525554], [0.0, 1260.8474446004698, 495.3344268742088], [0.0, 0.0, 1.0]], [[1256.7414812095406, 0.0, 792.1125740759628], [0.0, 1256.7414812095406, 492.7757465151356], [0.0, 0.0, 1.0]], [[809.2209905677063, 0.0, 829.2196003259838], [0.0, 809.2209905677063, 481.77842384512485], [0.0, 0.0, 1.0]], [[1259.5137405846733, 0.0, 807.2529053838625], [0.0, 1259.5137405846733, 501.19579884916527], [0.0, 0.0, 1.0]]], "extrinsics": [[[0.8231223225593567, -0.5678110122680664, -0.007765886373817921, -0.75860595703125], [0.0031902987975627184, 0.018299313262104988, -0.9998274445533752, 1.5090382099151611], [0.567855179309845, 0.8229554295539856, 0.016874060034751892, -1.138427734375], [0.0, 0.0, 0.0, 1.0]], [[0.009084492921829224, -0.9998588562011719, -0.014134176075458527, 0.00738525390625], [-0.002353256568312645, 0.014113343320786953, -0.9998976588249207, 1.5200424194335938], [0.999955952167511, 0.00911684799939394, -0.0022247114684432745, -1.48651123046875], [0.0, 0.0, 0.0, 1.0]], [[-0.8314385414123535, -0.5552631616592407, -0.01981888711452484, 0.89947509765625], [0.0029652754310518503, 0.031235074624419212, -0.9995076656341553, 1.5041065216064453], [0.5556087493896484, -0.8310879468917847, -0.024323536083102226, -1.159423828125], [0.0, 0.0, 0.0, 1.0]], [[0.9477249979972839, 0.3189155161380768, 0.010500190779566765, -1.1402587890625], [0.010904237627983093, 0.0005184677429497242, -0.9999403953552246, 1.5885772705078125], [-0.31890198588371277, 0.9477830529212952, -0.0029861661605536938, -0.1043701171875], [0.0, 0.0, 0.0, 1.0]], [[0.0014447481371462345, 0.9999426603317261, 0.010617000050842762, 0.002716064453125], [-0.014249447733163834, 0.010636519640684128, -0.9998419284820557, 1.5785026550292969], [-0.9998974204063416, 0.0012932253303006291, 0.014263995923101902, -0.05792236328125], [0.0, 0.0, 0.0, 1.0]], [[-0.9354169964790344, 0.3534514904022217, -0.008191116154193878, 1.0274658203125], [0.018632885068655014, 0.02614961937069893, -0.9994843602180481, 1.5536041259765625], [-0.35305508971214294, -0.935087263584137, -0.031046617776155472, -0.10432052612304688], [0.0, 0.0, 0.0, 1.0]]], "view": [[0.0, -2.0, 100.0], [-2.0, 0.0, 100.0], [0.0, 0.0, 1.0]], "bev": "bev_b89e4dafb06a4c4fa17c47cd92ae89c7.png", "aux": "aux_b89e4dafb06a4c4fa17c47cd92ae89c7.npz", "visibility": "visibility_b89e4dafb06a4c4fa17c47cd92ae89c7.png", "pose": [[-0.20959818363189697, -0.9777876138687134, 0.0, 122.1103744506836], [0.9777876138687134, -0.20959818363189697, 0.0, 1028.8690185546875], [0.0, 0.0, 1.0, 0.0], [0.0, 0.0, 0.0, 1.0]], "pose_inverse": [[-0.20959818363189697, 0.9777876138687134, 0.0, -980.4212646484375], [-0.9777876138687134, -0.20959818363189697, 0.0, 335.0470886230469], [0.0, 0.0, 1.0, 0.0], [0.0, 0.0, 0.0, 1.0]], "cam_ids": [0, 1, 2, 3, 4, 5], "cam_channels": ["CAM_FRONT_LEFT", "CAM_FRONT", "CAM_FRONT_RIGHT", "CAM_BACK_LEFT", "CAM_BACK", "CAM_BACK_RIGHT"], "token": "b89e4dafb06a4c4fa17c47cd92ae89c7", "scene": "scene-0990"}, {"images": ["samples/CAM_FRONT_LEFT/n015-2018-09-25-11-10-38+0800__CAM_FRONT_LEFT__1537845555754844.jpg", "samples/CAM_FRONT/n015-2018-09-25-11-10-38+0800__CAM_FRONT__1537845555762460.jpg", "samples/CAM_FRONT_RIGHT/n015-2018-09-25-11-10-38+0800__CAM_FRONT_RIGHT__1537845555770339.jpg", "samples/CAM_BACK_LEFT/n015-2018-09-25-11-10-38+0800__CAM_BACK_LEFT__1537845555797429.jpg", "samples/CAM_BACK/n015-2018-09-25-11-10-38+0800__CAM_BACK__1537845555787525.jpg", "samples/CAM_BACK_RIGHT/n015-2018-09-25-11-10-38+0800__CAM_BACK_RIGHT__1537845555777893.jpg"], "intrinsics": [[[1272.5979470598488, 0.0, 826.6154927353808], [0.0, 1272.5979470598488, 479.75165386361925], [0.0, 0.0, 1.0]], [[1266.417203046554, 0.0, 816.2670197447984], [0.0, 1266.417203046554, 491.50706579294757], [0.0, 0.0, 1.0]], [[1260.8474446004698, 0.0, 807.968244525554], [0.0, 1260.8474446004698, 495.3344268742088], [0.0, 0.0, 1.0]], [[1256.7414812095406, 0.0, 792.1125740759628], [0.0, 1256.7414812095406, 492.7757465151356], [0.0, 0.0, 1.0]], [[809.2209905677063, 0.0, 829.2196003259838], [0.0, 809.2209905677063, 481.77842384512485], [0.0, 0.0, 1.0]], [[1259.5137405846733, 0.0, 807.2529053838625], [0.0, 1259.5137405846733, 501.19579884916527], [0.0, 0.0, 1.0]]], "extrinsics": [[[0.8234971761703491, -0.5672290325164795, -0.01017647236585617, -0.74700927734375], [0.002557117724791169, 0.02164880745112896, -0.9997623562812805, 1.5089445114135742], [0.5673145651817322, 0.8232754468917847, 0.019278202205896378, -1.12908935546875], [0.0, 0.0, 0.0, 1.0]], [[0.009659882634878159, -0.9997976422309875, -0.017643649131059647, 0.00653076171875], [-0.002723836340010166, 0.017618095502257347, -0.9998410940170288, 1.5199503898620605], [0.99994957447052, 0.00970643013715744, -0.002553096506744623, -1.474365234375], [0.0, 0.0, 0.0, 1.0]], [[-0.831168532371521, -0.5555933713912964, -0.02178877964615822, 0.89154052734375], [0.002868078416213393, 0.0349024273455143, -0.9993866086006165, 1.5041422843933105], [0.5560129880905151, -0.8307212591171265, -0.02741631679236889, -1.155029296875], [0.0, 0.0, 0.0, 1.0]], [[0.9477510452270508, 0.31875860691070557, 0.012681705877184868, -1.140380859375], [0.011805469170212746, 0.0046807751059532166, -0.9999193549156189, 1.5885791778564453], [-0.3187922537326813, 0.9478243589401245, 0.0006731162429787219, -0.10418701171875], [0.0, 0.0, 0.0, 1.0]], [[0.0012533572735264897, 0.9998922944068909, 0.014622208662331104, 0.003021240234375], [-0.013702993281185627, 0.014638019725680351, -0.9997989535331726, 1.5784988403320312], [-0.9999052882194519, 0.0010527496924623847, 0.013719863258302212, -0.0606689453125], [0.0, 0.0, 0.0, 1.0]], [[-0.9355443120002747, 0.35313937067985535, -0.0070252735167741776, 1.021728515625], [0.018819162622094154, 0.029974820092320442, -0.9993734955787659, 1.5537595748901367], [-0.35270753502845764, -0.9350904822349548, -0.0346885621547699, -0.10704803466796875], [0.0, 0.0, 0.0, 1.0]]], "view": [[0.0, -2.0, 100.0], [-2.0, 0.0, 100.0], [0.0, 0.0, 1.0]], "bev": "bev_fee97d57eabd43808a64dd4cc42dab51.png", "aux": "aux_fee97d57eabd43808a64dd4cc42dab51.npz", "visibility": "visibility_fee97d57eabd43808a64dd4cc42dab51.png", "pose": [[-0.15598541498184204, -0.9877593517303467, 0.0, 121.5608139038086], [0.9877593517303467, -0.15598541498184204, 0.0, 1031.8726806640625], [0.0, 0.0, 1.0, 0.0], [0.0, 0.0, 0.0, 1.0]], "pose_inverse": [[-0.15598541498184204, 0.9877593517303467, 0.0, -1000.2802124023438], [-0.9877593517303467, -0.15598541498184204, 0.0, 281.0299072265625], [0.0, 0.0, 1.0, 0.0], [0.0, 0.0, 0.0, 1.0]], "cam_ids": [0, 1, 2, 3, 4, 5], "cam_channels": ["CAM_FRONT_LEFT", "CAM_FRONT", "CAM_FRONT_RIGHT", "CAM_BACK_LEFT", "CAM_BACK", "CAM_BACK_RIGHT"], "token": "fee97d57eabd43808a64dd4cc42dab51", "scene": "scene-0990"}, {"images": ["samples/CAM_FRONT_LEFT/n015-2018-09-25-11-10-38+0800__CAM_FRONT_LEFT__1537845556254844.jpg", "samples/CAM_FRONT/n015-2018-09-25-11-10-38+0800__CAM_FRONT__1537845556262460.jpg", "samples/CAM_FRONT_RIGHT/n015-2018-09-25-11-10-38+0800__CAM_FRONT_RIGHT__1537845556270339.jpg", "samples/CAM_BACK_LEFT/n015-2018-09-25-11-10-38+0800__CAM_BACK_LEFT__1537845556297423.jpg", "samples/CAM_BACK/n015-2018-09-25-11-10-38+0800__CAM_BACK__1537845556287525.jpg", "samples/CAM_BACK_RIGHT/n015-2018-09-25-11-10-38+0800__CAM_BACK_RIGHT__1537845556277893.jpg"], "intrinsics": [[[1272.5979470598488, 0.0, 826.6154927353808], [0.0, 1272.5979470598488, 479.75165386361925], [0.0, 0.0, 1.0]], [[1266.417203046554, 0.0, 816.2670197447984], [0.0, 1266.417203046554, 491.50706579294757], [0.0, 0.0, 1.0]], [[1260.8474446004698, 0.0, 807.968244525554], [0.0, 1260.8474446004698, 495.3344268742088], [0.0, 0.0, 1.0]], [[1256.7414812095406, 0.0, 792.1125740759628], [0.0, 1256.7414812095406, 492.7757465151356], [0.0, 0.0, 1.0]], [[809.2209905677063, 0.0, 829.2196003259838], [0.0, 809.2209905677063, 481.77842384512485], [0.0, 0.0, 1.0]], [[1259.5137405846733, 0.0, 807.2529053838625], [0.0, 1259.5137405846733, 501.19579884916527], [0.0, 0.0, 1.0]]], "extrinsics": [[[0.8242854475975037, -0.5659836530685425, -0.014696601778268814, -0.73956298828125], [-0.0005246621440164745, 0.02519412524998188, -0.9996824264526367, 1.5081210136413574], [0.5661741495132446, 0.8240314722061157, 0.020470203831791878, -1.124603271484375], [0.0, 0.0, 0.0, 1.0]], [[0.01081128604710102, -0.99971604347229, -0.02123424783349037, 0.0070343017578125], [-0.006107226014137268, 0.02116907574236393, -0.9997572302818298, 1.5191640853881836], [0.9999228715896606, 0.010938351973891258, -0.005876626819372177, -1.46636962890625], [0.0, 0.0, 0.0, 1.0]], [[-0.8307092785835266, -0.5563219785690308, -0.020683608949184418, 0.88592529296875], [-0.0008685659267939627, 0.03844865411520004, -0.9992601871490479, 1.5035009384155273], [0.55670565366745, -0.8300767540931702, -0.032422859221696854, -1.15093994140625], [0.0, 0.0, 0.0, 1.0]], [[0.9477798938751221, 0.31879499554634094, 0.009113634005188942, -1.1414794921875], [0.006849985104054213, 0.008221061900258064, -0.9999427199363708, 1.5885610580444336], [-0.31885167956352234, 0.9477880597114563, 0.005608018022030592, -0.10406494140625], [0.0, 0.0, 0.0, 1.0]], [[0.0009692789753898978, 0.9998348355293274, 0.01815316267311573, 0.0029144287109375], [-0.018199684098362923, 0.018167799338698387, -0.9996693134307861, 1.5781745910644531], [-0.999833881855011, 0.0006385649321600795, 0.018214285373687744, -0.06304931640625], [0.0, 0.0, 0.0, 1.0]], [[-0.9358125329017639, 0.3524923324584961, -0.0019909555558115244, 1.0169677734375], [0.014751832000911236, 0.03351939842104912, -0.9993292093276978, 1.5533361434936523], [-0.35218915343284607, -0.9352142810821533, -0.03656778112053871, -0.1086883544921875], [0.0, 0.0, 0.0, 1.0]]], "view": [[0.0, -2.0, 100.0], [-2.0, 0.0, 100.0], [0.0, 0.0, 1.0]], "bev": "bev_98e1f3dcb5a0407aa9df5c69fcf67d41.png", "aux": "aux_98e1f3dcb5a0407aa9df5c69fcf67d41.npz", "visibility": "visibility_98e1f3dcb5a0407aa9df5c69fcf67d41.png", "pose": [[-0.0862443819642067, -0.9962739944458008, 0.0, 121.18912506103516], [0.9962739944458008, -0.0862443819642067, 0.0, 1035.0318603515625], [0.0, 0.0, 1.0, 0.0], [0.0, 0.0, 0.0, 1.0]], "pose_inverse": [[-0.0862443819642067, 0.9962739944458008, 0.0, -1020.7234497070312], [-0.9962739944458008, -0.0862443819642067, 0.0, 210.00326538085938], [0.0, 0.0, 1.0, 0.0], [0.0, 0.0, 0.0, 1.0]], "cam_ids": [0, 1, 2, 3, 4, 5], "cam_channels": ["CAM_FRONT_LEFT", "CAM_FRONT", "CAM_FRONT_RIGHT", "CAM_BACK_LEFT", "CAM_BACK", "CAM_BACK_RIGHT"], "token": "98e1f3dcb5a0407aa9df5c69fcf67d41", "scene": "scene-0990"}, {"images": ["samples/CAM_FRONT_LEFT/n015-2018-09-25-11-10-38+0800__CAM_FRONT_LEFT__1537845556754844.jpg", "samples/CAM_FRONT/n015-2018-09-25-11-10-38+0800__CAM_FRONT__1537845556762460.jpg", "samples/CAM_FRONT_RIGHT/n015-2018-09-25-11-10-38+0800__CAM_FRONT_RIGHT__1537845556770339.jpg", "samples/CAM_BACK_LEFT/n015-2018-09-25-11-10-38+0800__CAM_BACK_LEFT__1537845556797423.jpg", "samples/CAM_BACK/n015-2018-09-25-11-10-38+0800__CAM_BACK__1537845556787525.jpg", "samples/CAM_BACK_RIGHT/n015-2018-09-25-11-10-38+0800__CAM_BACK_RIGHT__1537845556777893.jpg"], "intrinsics": [[[1272.5979470598488, 0.0, 826.6154927353808], [0.0, 1272.5979470598488, 479.75165386361925], [0.0, 0.0, 1.0]], [[1266.417203046554, 0.0, 816.2670197447984], [0.0, 1266.417203046554, 491.50706579294757], [0.0, 0.0, 1.0]], [[1260.8474446004698, 0.0, 807.968244525554], [0.0, 1260.8474446004698, 495.3344268742088], [0.0, 0.0, 1.0]], [[1256.7414812095406, 0.0, 792.1125740759628], [0.0, 1256.7414812095406, 492.7757465151356], [0.0, 0.0, 1.0]], [[809.2209905677063, 0.0, 829.2196003259838], [0.0, 809.2209905677063, 481.77842384512485], [0.0, 0.0, 1.0]], [[1259.5137405846733, 0.0, 807.2529053838625], [0.0, 1259.5137405846733, 501.19579884916527], [0.0, 0.0, 1.0]]], "extrinsics": [[[0.8237372040748596, -0.5668436288833618, -0.012056657113134861, -0.75079345703125], [0.0018561838660389185, 0.02396107278764248, -0.9997111558914185, 1.5087592601776123], [0.5669687986373901, 0.8234768509864807, 0.020789792761206627, -1.1314697265625], [0.0, 0.0, 0.0, 1.0]], [[0.009985020384192467, -0.9997556805610657, -0.019720999523997307, 0.0063323974609375], [-0.0036083527375012636, 0.019685832783579826, -0.9997997283935547, 1.5197772979736328], [0.9999436736106873, 0.010054182261228561, -0.0034109079279005527, -1.4781494140625], [0.0, 0.0, 0.0, 1.0]], [[-0.8310582041740417, -0.5557560324668884, -0.021853895857930183, 0.894287109375], [0.0017283054767176509, 0.03671181574463844, -0.9993243217468262, 1.5039517879486084], [0.5561828017234802, -0.8305345177650452, -0.029549134895205498, -1.15704345703125], [0.0, 0.0, 0.0, 1.0]], [[0.9477670788764954, 0.31877878308296204, 0.010846068151295185, -1.14239501953125], [0.009530563838779926, 0.005686217453330755, -0.9999383687973022, 1.588554859161377], [-0.3188208043575287, 0.9478120803833008, 0.002351069822907448, -0.103546142578125], [0.0, 0.0, 0.0, 1.0]], [[0.0011975413653999567, 0.9998730421066284, 0.015891922637820244, 0.0030517578125], [-0.01551121287047863, 0.01590859703719616, -0.9997531175613403, 1.5784187316894531], [-0.999879002571106, 0.0009507421054877341, 0.015528293326497078, -0.058837890625], [0.0, 0.0, 0.0, 1.0]], [[-0.9356122612953186, 0.3529917299747467, -0.005152812227606773, 1.02459716796875], [0.0174037404358387, 0.03154091536998749, -0.999350905418396, 1.553544044494629], [-0.35260009765625, -0.9350946545600891, -0.03565344214439392, -0.1061553955078125], [0.0, 0.0, 0.0, 1.0]]], "view": [[0.0, -2.0, 100.0], [-2.0, 0.0, 100.0], [0.0, 0.0, 1.0]], "bev": "bev_971f9733e0ee452f90869c587a345247.png", "aux": "aux_971f9733e0ee452f90869c587a345247.npz", "visibility": "visibility_971f9733e0ee452f90869c587a345247.png", "pose": [[-0.021606141701340675, -0.9997665882110596, 0.0, 121.02689361572266], [0.9997665882110596, -0.021606141701340675, 0.0, 1038.1063232421875], [0.0, 0.0, 1.0, 0.0], [0.0, 0.0, 0.0, 1.0]], "pose_inverse": [[-0.021606141701340675, 0.9997665882110596, 0.0, -1035.2490234375], [-0.9997665882110596, -0.021606141701340675, 0.0, 143.42811584472656], [0.0, 0.0, 1.0, 0.0], [0.0, 0.0, 0.0, 1.0]], "cam_ids": [0, 1, 2, 3, 4, 5], "cam_channels": ["CAM_FRONT_LEFT", "CAM_FRONT", "CAM_FRONT_RIGHT", "CAM_BACK_LEFT", "CAM_BACK", "CAM_BACK_RIGHT"], "token": "971f9733e0ee452f90869c587a345247", "scene": "scene-0990"}, {"images": ["samples/CAM_FRONT_LEFT/n015-2018-09-25-11-10-38+0800__CAM_FRONT_LEFT__1537845557254844.jpg", "samples/CAM_FRONT/n015-2018-09-25-11-10-38+0800__CAM_FRONT__1537845557262866.jpg", "samples/CAM_FRONT_RIGHT/n015-2018-09-25-11-10-38+0800__CAM_FRONT_RIGHT__1537845557270339.jpg", "samples/CAM_BACK_LEFT/n015-2018-09-25-11-10-38+0800__CAM_BACK_LEFT__1537845557297423.jpg", "samples/CAM_BACK/n015-2018-09-25-11-10-38+0800__CAM_BACK__1537845557287525.jpg", "samples/CAM_BACK_RIGHT/n015-2018-09-25-11-10-38+0800__CAM_BACK_RIGHT__1537845557277893.jpg"], "intrinsics": [[[1272.5979470598488, 0.0, 826.6154927353808], [0.0, 1272.5979470598488, 479.75165386361925], [0.0, 0.0, 1.0]], [[1266.417203046554, 0.0, 816.2670197447984], [0.0, 1266.417203046554, 491.50706579294757], [0.0, 0.0, 1.0]], [[1260.8474446004698, 0.0, 807.968244525554], [0.0, 1260.8474446004698, 495.3344268742088], [0.0, 0.0, 1.0]], [[1256.7414812095406, 0.0, 792.1125740759628], [0.0, 1256.7414812095406, 492.7757465151356], [0.0, 0.0, 1.0]], [[809.2209905677063, 0.0, 829.2196003259838], [0.0, 809.2209905677063, 481.77842384512485], [0.0, 0.0, 1.0]], [[1259.5137405846733, 0.0, 807.2529053838625], [0.0, 1259.5137405846733, 501.19579884916527], [0.0, 0.0, 1.0]]], "extrinsics": [[[0.8228134512901306, -0.5682701468467712, -0.006852816790342331, -0.7449951171875], [-0.0004631467745639384, 0.011387694627046585, -0.9999350309371948, 1.5081185102462769], [0.5683112740516663, 0.822763204574585, 0.009106758050620556, -1.12884521484375], [0.0, 0.0, 0.0, 1.0]], [[0.008622145280241966, -0.9999359250068665, -0.0073288558050990105, 0.007415771484375], [-0.005805716849863529, 0.007278946693986654, -0.9999566674232483, 1.5192651748657227], [0.999945878982544, 0.008664320223033428, -0.0057425848208367825, -1.474609375], [0.0, 0.0, 0.0, 1.0]], [[-0.831649661064148, -0.5551394820213318, -0.01337569858878851, 0.8895263671875], [-0.0002913431962952018, 0.02452351152896881, -0.9996991753578186, 1.5035831928253174], [0.5553004741668701, -0.8313956260681152, -0.020556708797812462, -1.15289306640625], [0.0, 0.0, 0.0, 1.0]], [[0.9477248787879944, 0.3190360367298126, 0.005778168793767691, -1.13592529296875], [0.00804835744202137, -0.005797916557639837, -0.9999508261680603, 1.588611125946045], [-0.31898683309555054, 0.9477247595787048, -0.008