[{"images": ["samples/CAM_FRONT_LEFT/n015-2018-08-03-15-00-36+0800__CAM_FRONT_LEFT__1533279748604844.jpg", "samples/CAM_FRONT/n015-2018-08-03-15-00-36+0800__CAM_FRONT__1533279748612460.jpg", "samples/CAM_FRONT_RIGHT/n015-2018-08-03-15-00-36+0800__CAM_FRONT_RIGHT__1533279748620339.jpg", "samples/CAM_BACK_LEFT/n015-2018-08-03-15-00-36+0800__CAM_BACK_LEFT__1533279748647423.jpg", "samples/CAM_BACK/n015-2018-08-03-15-00-36+0800__CAM_BACK__1533279748637525.jpg", "samples/CAM_BACK_RIGHT/n015-2018-08-03-15-00-36+0800__CAM_BACK_RIGHT__1533279748627893.jpg"], "intrinsics": [[[1272.5979470598488, 0.0, 826.6154927353808], [0.0, 1272.5979470598488, 479.75165386361925], [0.0, 0.0, 1.0]], [[1266.417203046554, 0.0, 816.2670197447984], [0.0, 1266.417203046554, 491.50706579294757], [0.0, 0.0, 1.0]], [[1260.8474446004698, 0.0, 807.968244525554], [0.0, 1260.8474446004698, 495.3344268742088], [0.0, 0.0, 1.0]], [[1256.7414812095406, 0.0, 792.1125740759628], [0.0, 1256.7414812095406, 492.7757465151356], [0.0, 0.0, 1.0]], [[809.2209905677063, 0.0, 829.2196003259838], [0.0, 809.2209905677063, 481.77842384512485], [0.0, 0.0, 1.0]], [[1259.5137405846733, 0.0, 807.2529053838625], [0.0, 1259.5137405846733, 501.19579884916527], [0.0, 0.0, 1.0]]], "extrinsics": [[[0.8210762739181519, -0.5706062912940979, 0.015564517118036747, -0.70941162109375], [-0.002761856885626912, -0.031237928196787834, -0.9995081424713135, 1.5073461532592773], [0.5708118081092834, 0.8206295371055603, -0.027224652469158173, -1.10089111328125], [0.0, 0.0, 0.0, 1.0]], [[0.006203469354659319, -0.9993599653244019, 0.03522980213165283, 0.00559234619140625], [-0.007985911332070827, -0.03527887165546417, -0.9993456602096558, 1.5184288024902344], [0.9999489188194275, 0.00591807346791029, -0.008199651725590229, -1.43328857421875], [0.0, 0.0, 0.0, 1.0]], [[-0.8326921463012695, -0.5536081790924072, 0.011906714178621769, 0.862060546875], [-0.002295680111274123, -0.018050936982035637, -0.9998343586921692, 1.503162145614624], [0.5537314414978027, -0.832581639289856, 0.01375996507704258, -1.13653564453125], [0.0, 0.0, 0.0, 1.0]], [[0.9476193785667419, 0.31926849484443665, -0.009232517331838608, -1.127685546875], [0.006579882465302944, -0.048412907868623734, -0.9988057017326355, 1.58865487575531], [-0.3193342089653015, 0.9464268684387207, -0.0479777567088604, -0.108612060546875], [0.0, 0.0, 0.0, 1.0]], [[0.002063281135633588, 0.9992595911026001, -0.038420822471380234, 0.0032806396484375], [-0.018929453566670418, -0.03837499022483826, -0.9990841150283813, 1.5777606964111328], [-0.9998186826705933, 0.002788693178445101, 0.018836259841918945, -0.0819091796875], [0.0, 0.0, 0.0, 1.0]], [[-0.9349437952041626, 0.35417866706848145, -0.020920729264616966, 0.99505615234375], [0.013643134385347366, -0.023032641038298607, -0.9996416568756104, 1.553497314453125], [-0.35453367233276367, -0.9348940849304199, 0.016702115535736084, -0.1177978515625], [0.0, 0.0, 0.0, 1.0]]], "view": [[0.0, -2.0, 100.0], [-2.0, 0.0, 100.0], [0.0, 0.0, 1.0]], "bev": "bev_64fcd823dc2342f1b606025c66d656e4.png", "aux": "aux_64fcd823dc2342f1b606025c66d656e4.npz", "visibility": "visibility_64fcd823dc2342f1b606025c66d656e4.png", "pose": [[0.38209882378578186, -0.9241214990615845, 0.0, 306.2311096191406], [0.9241214990615845, 0.38209882378578186, 0.0, 952.1300659179688], [0.0, 0.0, 1.0, 0.0], [0.0, 0.0, 0.0, 1.0]], "pose_inverse": [[0.38209882378578186, 0.9241214990615845, 0.0, -996.8944091796875], [-0.9241214990615845, 0.38209882378578186, 0.0, -80.81303405761719], [0.0, 0.0, 1.0, 0.0], [0.0, 0.0, 0.0, 1.0]], "cam_ids": [0, 1, 2, 3, 4, 5], "cam_channels": ["CAM_FRONT_LEFT", "CAM_FRONT", "CAM_FRONT_RIGHT", "CAM_BACK_LEFT", "CAM_BACK", "CAM_BACK_RIGHT"], "token": "64fcd823dc2342f1b606025c66d656e4", "scene": "scene-0363"}, {"images": ["samples/CAM_FRONT_LEFT/n015-2018-08-03-15-00-36+0800__CAM_FRONT_LEFT__1533279749104852.jpg", "samples/CAM_FRONT/n015-2018-08-03-15-00-36+0800__CAM_FRONT__1533279749112460.jpg", "samples/CAM_FRONT_RIGHT/n015-2018-08-03-15-00-36+0800__CAM_FRONT_RIGHT__1533279749120339.jpg", "samples/CAM_BACK_LEFT/n015-2018-08-03-15-00-36+0800__CAM_BACK_LEFT__1533279749147423.jpg", "samples/CAM_BACK/n015-2018-08-03-15-00-36+0800__CAM_BACK__1533279749137525.jpg", "samples/CAM_BACK_RIGHT/n015-2018-08-03-15-00-36+0800__CAM_BACK_RIGHT__1533279749127893.jpg"], "intrinsics": [[[1272.5979470598488, 0.0, 826.6154927353808], [0.0, 1272.5979470598488, 479.75165386361925], [0.0, 0.0, 1.0]], [[1266.417203046554, 0.0, 816.2670197447984], [0.0, 1266.417203046554, 491.50706579294757], [0.0, 0.0, 1.0]], [[1260.8474446004698, 0.0, 807.968244525554], [0.0, 1260.8474446004698, 495.3344268742088], [0.0, 0.0, 1.0]], [[1256.7414812095406, 0.0, 792.1125740759628], [0.0, 1256.7414812095406, 492.7757465151356], [0.0, 0.0, 1.0]], [[809.2209905677063, 0.0, 829.2196003259838], [0.0, 809.2209905677063, 481.77842384512485], [0.0, 0.0, 1.0]], [[1259.5137405846733, 0.0, 807.2529053838625], [0.0, 1259.5137405846733, 501.19579884916527], [0.0, 0.0, 1.0]]], "extrinsics": [[[0.8211897611618042, -0.5703694820404053, 0.018058516085147858, -0.71875], [-0.0011446026619523764, -0.03329145535826683, -0.9994450211524963, 1.5078997611999512], [0.5706540942192078, 0.8207133412361145, -0.02799144759774208, -1.1090087890625], [0.0, 0.0, 0.0, 1.0]], [[0.006353497039526701, -0.9992810487747192, 0.037377167493104935, 0.00650787353515625], [-0.006479531526565552, -0.03741827979683876, -0.9992786645889282, 1.5189151763916016], [0.9999588131904602, 0.006106792017817497, -0.006712609436362982, -1.44366455078125], [0.0, 0.0, 0.0, 1.0]], [[-0.8326179385185242, -0.5537180304527283, 0.011986087076365948, 0.86932373046875], [-0.0009068522485904396, -0.02027846872806549, -0.9997939467430115, 1.5034654140472412], [0.5538470149040222, -0.8324571847915649, 0.01638207770884037, -1.140411376953125], [0.0, 0.0, 0.0, 1.0]], [[0.9475772976875305, 0.31939995288848877, -0.008995965123176575, -1.13720703125], [0.007666097022593021, -0.05087123438715935, -0.9986757636070251, 1.5885952711105347], [-0.31943461298942566, 0.9462535381317139, -0.05065298080444336, -0.1053619384765625], [0.0, 0.0, 0.0, 1.0]], [[0.002020762301981449, 0.9991642236709595, -0.04082581400871277, 0.00299072265625], [-0.017718004062771797, -0.04078371077775955, -0.9990109205245972, 1.5779399871826172], [-0.9998409748077393, 0.002742098644375801, 0.017620781436562538, -0.0780029296875], [0.0, 0.0, 0.0, 1.0]], [[-0.93496173620224, 0.3540046811103821, -0.022959019988775253, 1.00079345703125], [0.014947040006518364, -0.025350414216518402, -0.9995668530464172, 1.5536136627197266], [-0.3544333279132843, -0.9349000453948975, 0.018410345539450645, -0.11492919921875], [0.0, 0.0, 0.0, 1.0]]], "view": [[0.0, -2.0, 100.0], [-2.0, 0.0, 100.0], [0.0, 0.0, 1.0]], "bev": "bev_0c3f99b8e7524146a6fb08b681b488e6.png", "aux": "aux_0c3f99b8e7524146a6fb08b681b488e6.npz", "visibility": "visibility_0c3f99b8e7524146a6fb08b681b488e6.png", "pose": [[0.38217586278915405, -0.9240896105766296, 0.0, 307.5579528808594], [0.9240896105766296, 0.38217586278915405, 0.0, 955.3451538085938], [0.0, 0.0, 1.0, 0.0], [0.0, 0.0, 0.0, 1.0]], "pose_inverse": [[0.38217586278915405, 0.9240896105766296, 0.0, -1000.3657836914062], [-0.9240896105766296, 0.38217586278915405, 0.0, -80.89874267578125], [0.0, 0.0, 1.0, 0.0], [0.0, 0.0, 0.0, 1.0]], "cam_ids": [0, 1, 2, 3, 4, 5], "cam_channels": ["CAM_FRONT_LEFT", "CAM_FRONT", "CAM_FRONT_RIGHT", "CAM_BACK_LEFT", "CAM_BACK", "CAM_BACK_RIGHT"], "token": "0c3f99b8e7524146a6fb08b681b488e6", "scene": "scene-0363"}, {"images": ["samples/CAM_FRONT_LEFT/n015-2018-08-03-15-00-36+0800__CAM_FRONT_LEFT__1533279749604844.jpg", "samples/CAM_FRONT/n015-2018-08-03-15-00-36+0800__CAM_FRONT__1533279749612460.jpg", "samples/CAM_FRONT_RIGHT/n015-2018-08-03-15-00-36+0800__CAM_FRONT_RIGHT__1533279749620339.jpg", "samples/CAM_BACK_LEFT/n015-2018-08-03-15-00-36+0800__CAM_BACK_LEFT__1533279749647423.jpg", "samples/CAM_BACK/n015-2018-08-03-15-00-36+0800__CAM_BACK__1533279749637525.jpg", "samples/CAM_BACK_RIGHT/n015-2018-08-03-15-00-36+0800__CAM_BACK_RIGHT__1533279749627893.jpg"], "intrinsics": [[[1272.5979470598488, 0.0, 826.6154927353808], [0.0, 1272.5979470598488, 479.75165386361925], [0.0, 0.0, 1.0]], [[1266.417203046554, 0.0, 816.2670197447984], [0.0, 1266.417203046554, 491.50706579294757], [0.0, 0.0, 1.0]], [[1260.8474446004698, 0.0, 807.968244525554], [0.0, 1260.8474446004698, 495.3344268742088], [0.0, 0.0, 1.0]], [[1256.7414812095406, 0.0, 792.1125740759628], [0.0, 1256.7414812095406, 492.7757465151356], [0.0, 0.0, 1.0]], [[809.2209905677063, 0.0, 829.2196003259838], [0.0, 809.2209905677063, 481.77842384512485], [0.0, 0.0, 1.0]], [[1259.5137405846733, 0.0, 807.2529053838625], [0.0, 1259.5137405846733, 501.19579884916527], [0.0, 0.0, 1.0]]], "extrinsics": [[[0.8213001489639282, -0.5703101754188538, 0.014575212262570858, -0.7196044921875], [-0.005788525100797415, -0.03387756273150444, -0.9994091987609863, 1.5064897537231445], [0.5704669952392578, 0.8207305669784546, -0.0311248991638422, -1.10888671875], [0.0, 0.0, 0.0, 1.0]], [[0.006575200706720352, -0.9992619752883911, 0.03784341737627983, 0.00609588623046875], [-0.011070876382291317, -0.03791465982794762, -0.9992197155952454, 1.5177583694458008], [0.9999170303344727, 0.006151081528514624, -0.011312002316117287, -1.44384765625], [0.0, 0.0, 0.0, 1.0]], [[-0.8325348496437073, -0.5537418127059937, 0.015991607680916786, 0.86859130859375], [-0.005447936709970236, -0.020681753754615784, -0.999771237373352, 1.5025653839111328], [0.5539459586143494, -0.832431435585022, 0.014201529324054718, -1.14044189453125], [0.0, 0.0, 0.0, 1.0]], [[0.9476310610771179, 0.3190982937812805, -0.013095414265990257, -1.12860107421875], [0.003378702327609062, -0.05101890489459038, -0.998691976070404, 1.588593602180481], [-0.3193490207195282, 0.9463473558425903, -0.049425240606069565, -0.10809326171875], [0.0, 0.0, 0.0, 1.0]], [[0.0018389307660982013, 0.99915611743927, -0.04103215038776398, 0.00316619873046875], [-0.02208787389099598, -0.04098162427544594, -0.9989157915115356, 1.5775394439697266], [-0.9997543692588806, 0.002743243705481291, 0.02199387177824974, -0.08001708984375], [0.0, 0.0, 0.0, 1.0]], [[-0.9350628852844238, 0.3539785146713257, -0.018882671371102333, 0.99993896484375], [0.010471553541719913, -0.025662176311016083, -0.9996158480644226, 1.552968978881836], [-0.3543270528316498, -0.9349014163017273, 0.020289039239287376, -0.115692138671875], [0.0, 0.0, 0.0, 1.0]]], "view": [[0.0, -2.0, 100.0], [-2.0, 0.0, 100.0], [0.0, 0.0, 1.0]], "bev": "bev_3cd1efa864754fc9946d4d301b0f4535.png", "aux": "aux_3cd1efa864754fc9946d4d301b0f4535.npz", "visibility": "visibility_3cd1efa864754fc9946d4d301b0f4535.png", "pose": [[0.38374847173690796, -0.9234376549720764, 0.0, 308.88958740234375], [0.9234376549720764, 0.38374847173690796, 0.0, 958.5628662109375], [0.0, 0.0, 1.0, 0.0], [0.0, 0.0, 0.0, 1.0]], "pose_inverse": [[0.38374847173690796, 0.9234376549720764, 0.0, -1003.708984375], [-0.9234376549720764, 0.38374847173690796, 0.0, -82.60677337646484], [0.0, 0.0, 1.0, 0.0], [0.0, 0.0, 0.0, 1.0]], "cam_ids": [0, 1, 2, 3, 4, 5], "cam_channels": ["CAM_FRONT_LEFT", "CAM_FRONT", "CAM_FRONT_RIGHT", "CAM_BACK_LEFT", "CAM_BACK", "CAM_BACK_RIGHT"], "token": "3cd1efa864754fc9946d4d301b0f4535", "scene": "scene-0363"}, {"images": ["samples/CAM_FRONT_LEFT/n015-2018-08-03-15-00-36+0800__CAM_FRONT_LEFT__1533279750104844.jpg", "samples/CAM_FRONT/n015-2018-08-03-15-00-36+0800__CAM_FRONT__1533279750112460.jpg", "samples/CAM_FRONT_RIGHT/n015-2018-08-03-15-00-36+0800__CAM_FRONT_RIGHT__1533279750120339.jpg", "samples/CAM_BACK_LEFT/n015-2018-08-03-15-00-36+0800__CAM_BACK_LEFT__1533279750147423.jpg", "samples/CAM_BACK/n015-2018-08-03-15-00-36+0800__CAM_BACK__1533279750137525.jpg", "samples/CAM_BACK_RIGHT/n015-2018-08-03-15-00-36+0800__CAM_BACK_RIGHT__1533279750127893.jpg"], "intrinsics": [[[1272.5979470598488, 0.0, 826.6154927353808], [0.0, 1272.5979470598488, 479.75165386361925], [0.0, 0.0, 1.0]], [[1266.417203046554, 0.0, 816.2670197447984], [0.0, 1266.417203046554, 491.50706579294757], [0.0, 0.0, 1.0]], [[1260.8474446004698, 0.0, 807.968244525554], [0.0, 1260.8474446004698, 495.3344268742088], [0.0, 0.0, 1.0]], [[1256.7414812095406, 0.0, 792.1125740759628], [0.0, 1256.7414812095406, 492.7757465151356], [0.0, 0.0, 1.0]], [[809.2209905677063, 0.0, 829.2196003259838], [0.0, 809.2209905677063, 481.77842384512485], [0.0, 0.0, 1.0]], [[1259.5137405846733, 0.0, 807.2529053838625], [0.0, 1259.5137405846733, 501.19579884916527], [0.0, 0.0, 1.0]]], "extrinsics": [[[0.8211333155632019, -0.5704792141914368, 0.017130907624959946, -0.7120361328125], [-0.0020183043088763952, -0.03291774168610573, -0.999455988407135, 1.507603645324707], [0.570732831954956, 0.8206521272659302, -0.028181256726384163, -1.10357666015625], [0.0, 0.0, 0.0, 1.0]], [[0.006233634427189827, -0.9992948174476624, 0.03702744096517563, 0.00595855712890625], [-0.007179446518421173, -0.03707192838191986, -0.9992868304252625, 1.5186681747436523], [0.9999548196792603, 0.005963354837149382, -0.007405473385006189, -1.436279296875], [0.0, 0.0, 0.0, 1.0]], [[-0.8326955437660217, -0.5535958409309387, 0.012238701805472374, 0.8641357421875], [-0.0014236575225368142, -0.01996181532740593, -0.9997997283935547, 1.5033419132232666], [0.553729236125946, -0.8325461745262146, 0.015833986923098564, -1.13775634765625], [0.0, 0.0, 0.0, 1.0]], [[0.9476754069328308, 0.31910884380340576, -0.008999673649668694, -1.1304931640625], [0.007530145347118378, -0.0505283921957016, -0.9986942410469055, 1.5886443853378296], [-0.31914687156677246, 0.9463701844215393, -0.05028744786977768, -0.1075592041015625], [0.0, 0.0, 0.0, 1.0]], [[0.0020771867129951715, 0.9991776347160339, -0.04049468785524368, 0.003265380859375], [-0.01792413368821144, -0.04045107215642929, -0.9990207552909851, 1.5778865814208984], [-0.9998372197151184, 0.002800986170768738, 0.01782536692917347, -0.07940673828125], [0.0, 0.0, 0.0, 1.0]], [[-0.9349298477172852, 0.35411742329597473, -0.02251843363046646, 0.997314453125], [0.014587165787816048, -0.025050999596714973, -0.9995797872543335, 1.5536069869995117], [-0.35453274846076965, -0.934865415096283, 0.018255356699228287, -0.116790771484375], [0.0, 0.0, 0.0, 1.0]]], "view": [[0.0, -2.0, 100.0], [-2.0, 0.0, 100.0], [0.0, 0.0, 1.0]], "bev": "bev_42c1fba5c574473c95ac1afae5b2aa18.png", "aux": "aux_42c1fba5c574473c95ac1afae5b2aa18.npz", "visibility": "visibility_42c1fba5c574473c95ac1afae5b2aa18.png", "pose": [[0.3858608901500702, -0.92255699634552, 0.0, 310.20501708984375], [0.92255699634552, 0.3858608901500702, 0.0, 961.7263793945312], [0.0, 0.0, 1.0, 0.0], [0.0, 0.0, 0.0, 1.0]], "pose_inverse": [[0.3858608901500702, 0.92255699634552, 0.0, -1006.943359375], [-0.92255699634552, 0.3858608901500702, 0.0, -84.91078186035156], [0.0, 0.0, 1.0, 0.0], [0.0, 0.0, 0.0, 1.0]], "cam_ids": [0, 1, 2, 3, 4, 5], "cam_channels": ["CAM_FRONT_LEFT", "CAM_FRONT", "CAM_FRONT_RIGHT", "CAM_BACK_LEFT", "CAM_BACK", "CAM_BACK_RIGHT"], "token": "42c1fba5c574473c95ac1afae5b2aa18", "scene": "scene-0363"}, {"images": ["samples/CAM_FRONT_LEFT/n015-2018-08-03-15-00-36+0800__CAM_FRONT_LEFT__1533279750604844.jpg", "samples/CAM_FRONT/n015-2018-08-03-15-00-36+0800__CAM_FRONT__1533279750612460.jpg", "samples/CAM_FRONT_RIGHT/n015-2018-08-03-15-00-36+0800__CAM_FRONT_RIGHT__1533279750620339.jpg", "samples/CAM_BACK_LEFT/n015-2018-08-03-15-00-36+0800__CAM_BACK_LEFT__1533279750647423.jpg", "samples/CAM_BACK/n015-2018-08-03-15-00-36+0800__CAM_BACK__1533279750637525.jpg", "samples/CAM_BACK_RIGHT/n015-2018-08-03-15-00-36+0800__CAM_BACK_RIGHT__1533279750627893.jpg"], "intrinsics": [[[1272.5979470598488, 0.0, 826.6154927353808], [0.0, 1272.5979470598488, 479.75165386361925], [0.0, 0.0, 1.0]], [[1266.417203046554, 0.0, 816.2670197447984], [0.0, 1266.417203046554, 491.50706579294757], [0.0, 0.0, 1.0]], [[1260.8474446004698, 0.0, 807.968244525554], [0.0, 1260.8474446004698, 495.3344268742088], [0.0, 0.0, 1.0]], [[1256.7414812095406, 0.0, 792.1125740759628], [0.0, 1256.7414812095406, 492.7757465151356], [0.0, 0.0, 1.0]], [[809.2209905677063, 0.0, 829.2196003259838], [0.0, 809.2209905677063, 481.77842384512485], [0.0, 0.0, 1.0]], [[1259.5137405846733, 0.0, 807.2529053838625], [0.0, 1259.5137405846733, 501.19579884916527], [0.0, 0.0, 1.0]]], "extrinsics": [[[0.8210223913192749, -0.5706380009651184, 0.01715768501162529, -0.7330322265625], [-0.0031489094253629446, -0.03458000347018242, -0.9993969202041626, 1.5073609352111816], [0.5708871483802795, 0.820473313331604, -0.03018784336745739, -1.1190185546875], [0.0, 0.0, 0.0, 1.0]], [[0.006140470504760742, -0.9992489218711853, 0.03825896978378296, 0.0064849853515625], [-0.00859791412949562, -0.03831103444099426, -0.9992288947105408, 1.5185317993164062], [0.9999442100524902, 0.005806779023259878, -0.008826707489788532, -1.45928955078125], [0.0, 0.0, 0.0, 1.0]], [[-0.8327169418334961, -0.5535189509391785, 0.014111326076090336, 0.880859375], [-0.0031393275130540133, -0.0207653995603323, -0.9997794032096863, 1.5030732154846191], [0.5536898374557495, -0.8325775861740112, 0.015554024837911129, -1.147979736328125], [0.0, 0.0, 0.0, 1.0]], [[0.9476612210273743, 0.3190738260746002, -0.011399044655263424, -1.1356201171875], [0.004873284138739109, -0.050153858959674835, -0.9987296462059021, 1.5885908603668213], [-0.31924018263816833, 0.946401834487915, -0.04908381402492523, -0.10595703125], [0.0, 0.0, 0.0, 1.0]], [[0.00202922523021698, 0.9991787075996399, -0.04046952351927757, 0.00287628173828125], [-0.020270774140954018, -0.04042018949985504, -0.9989771246910095, 1.5779228210449219], [-0.9997923970222473, 0.0028475550934672356, 0.020172100514173508, -0.06890869140625], [0.0, 0.0, 0.0, 1.0]], [[-0.934950053691864, 0.35416969656944275, -0.02079165168106556, 1.01177978515625], [0.012583053670823574, -0.025464454665780067, -0.9995965361595154, 1.5531234741210938], [-0.35455620288848877, -0.9348344206809998, 0.019351452589035034, -0.11077880859375], [0.0, 0.0, 0.0, 1.0]]], "view": [[0.0, -2.0, 100.0], [-2.0, 0.0, 100.0], [0.0, 0.0, 1.0]], "bev": "bev_6476db8817ac41978800ab1fca6da742.png", "aux": "aux_6476db8817ac41978800ab1fca6da742.npz", "visibility": "visibility_6476db8817ac41978800ab1fca6da742.png", "pose": [[0.38789692521095276, -0.9217027425765991, 0.0, 311.48553466796875], [0.9217027425765991, 0.38789692521095276, 0.0, 964.8037109375], [0.0, 0.0, 1.0, 0.0], [0.0, 0.0, 0.0, 1.0]], "pose_inverse": [[0.38789692521095276, 0.9217027425765991, 0.0, -1010.0865478515625], [-0.9217027425765991, 0.38789692521095276, 0.0, -87.14730072021484], [0.0, 0.0, 1.0, 0.0], [0.0, 0.0, 0.0, 1.0]], "cam_ids": [0, 1, 2, 3, 4, 5], "cam_channels": ["CAM_FRONT_LEFT", "CAM_FRONT", "CAM_FRONT_RIGHT", "CAM_BACK_LEFT", "CAM_BACK", "CAM_BACK_RIGHT"], "token": "6476db8817ac41978800ab1fca6da742", "scene": "scene-0363"}, {"images": ["samples/CAM_FRONT_LEFT/n015-2018-08-03-15-00-36+0800__CAM_FRONT_LEFT__1533279751104844.jpg", "samples/CAM_FRONT/n015-2018-08-03-15-00-36+0800__CAM_FRONT__1533279751112460.jpg", "samples/CAM_FRONT_RIGHT/n015-2018-08-03-15-00-36+0800__CAM_FRONT_RIGHT__1533279751120339.jpg", "samples/CAM_BACK_LEFT/n015-2018-08-03-15-00-36+0800__CAM_BACK_LEFT__1533279751147423.jpg", "samples/CAM_BACK/n015-2018-08-03-15-00-36+0800__CAM_BACK__1533279751137525.jpg", "samples/CAM_BACK_RIGHT/n015-2018-08-03-15-00-36+0800__CAM_BACK_RIGHT__1533279751127893.jpg"], "intrinsics": [[[1272.5979470598488, 0.0, 826.6154927353808], [0.0, 1272.5979470598488, 479.75165386361925], [0.0, 0.0, 1.0]], [[1266.417203046554, 0.0, 816.2670197447984], [0.0, 1266.417203046554, 491.50706579294757], [0.0, 0.0, 1.0]], [[1260.8474446004698, 0.0, 807.968244525554], [0.0, 1260.8474446004698, 495.3344268742088], [0.0, 0.0, 1.0]], [[1256.7414812095406, 0.0, 792.1125740759628], [0.0, 1256.7414812095406, 492.7757465151356], [0.0, 0.0, 1.0]], [[809.2209905677063, 0.0, 829.2196003259838], [0.0, 809.2209905677063, 481.77842384512485], [0.0, 0.0, 1.0]], [[1259.5137405846733, 0.0, 807.2529053838625], [0.0, 1259.5137405846733, 501.19579884916527], [0.0, 0.0, 1.0]]], "extrinsics": [[[0.8211255073547363, -0.5706384778022766, 0.01115710660815239, -0.7437744140625], [-0.0091868219897151, -0.03276011347770691, -0.9994210004806519, 1.5058040618896484], [0.5706735849380493, 0.8205476403236389, -0.032142523676157, -1.1273193359375], [0.0, 0.0, 0.0, 1.0]], [[0.0063753328286111355, -0.999294102191925, 0.037020038813352585, 0.007110595703125], [-0.01422029361128807, -0.037107646465301514, -0.9992101192474365, 1.5174007415771484], [0.999878466129303, 0.005843902472406626, -0.014446829445660114, -1.47064208984375], [0.0, 0.0, 0.0, 1.0]], [[-0.832624614238739, -0.5535410046577454, 0.01812625490128994, 0.88848876953125], [-0.008336287923157215, -0.020198917016386986, -0.9997612237930298, 1.5022125244140625], [0.5537750124931335, -0.8325768113136292, 0.012203637510538101, -1.152496337890625], [0.0, 0.0, 0.0, 1.0]], [[0.9476152062416077, 0.3190494477748871, -0.015264165587723255, -1.136962890625], [0.001186033128760755, -0.051302261650562286, -0.99868243932724, 1.5885767936706543], [-0.31941214203834534, 0.9463485479354858, -0.04899320378899574, -0.105743408203125], [0.0, 0.0, 0.0, 1.0]], [[0.0018526333151385188, 0.9991540908813477, -0.04108300805091858, 0.002685546875], [-0.02452860213816166, -0.041025310754776, -0.9988569617271423, 1.5777301788330078], [-0.9996974468231201, 0.0028582122176885605, 0.024431845173239708, -0.06488037109375], [0.0, 0.0, 0.0, 1.0]], [[-0.9350425601005554, 0.3541601300239563, -0.016303004696965218, 1.01806640625], [0.007786741480231285, -0.025458231568336487, -0.9996455311775208, 1.552443504333496], [-0.35444971919059753, -0.9348382353782654, 0.021046780049800873, -0.1080322265625], [0.0, 0.0, 0.0, 1.0]]], "view": [[0.0, -2.0, 100.0], [-2.0, 0.0, 100.0], [0.0, 0.0, 1.0]], "bev": "bev_ea72ad273ff149899e1850e7fd9d4104.png", "aux": "aux_ea72ad273ff149899e1850e7fd9d4104.npz", "visibility": "visibility_ea72ad273ff149899e1850e7fd9d4104.png", "pose": [[0.3893180787563324, -0.9211033582687378, 0.0, 312.7115478515625], [0.9211033582687378, 0.3893180787563324, 0.0, 967.732177734375], [0.0, 0.0, 1.0, 0.0], [0.0, 0.0, 0.0, 1.0]], "pose_inverse": [[0.3893180787563324, 0.9211033582687378, 0.0, -1013.1256103515625], [-0.9211033582687378, 0.3893180787563324, 0.0, -88.71597290039062], [0.0, 0.0, 1.0, 0.0], [0.0, 0.0, 0.0, 1.0]], "cam_ids": [0, 1, 2, 3, 4, 5], "cam_channels": ["CAM_FRONT_LEFT", "CAM_FRONT", "CAM_FRONT_RIGHT", "CAM_BACK_LEFT", "CAM_BACK", "CAM_BACK_RIGHT"], "token": "ea72ad273ff149899e1850e7fd9d4104", "scene": "scene-0363"}, {"images": ["samples/CAM_FRONT_LEFT/n015-2018-08-03-15-00-36+0800__CAM_FRONT_LEFT__1533279751604844.jpg", "samples/CAM_FRONT/n015-2018-08-03-15-00-36+0800__CAM_FRONT__1533279751612460.jpg", "samples/CAM_FRONT_RIGHT/n015-2018-08-03-15-00-36+0800__CAM_FRONT_RIGHT__1533279751620339.jpg", "samples/CAM_BACK_LEFT/n015-2018-08-03-15-00-36+0800__CAM_BACK_LEFT__1533279751647423.jpg", "samples/CAM_BACK/n015-2018-08-03-15-00-36+0800__CAM_BACK__1533279751637525.jpg", "samples/CAM_BACK_RIGHT/n015-2018-08-03-15-00-36+0800__CAM_BACK_RIGHT__1533279751627893.jpg"], "intrinsics": [[[1272.5979470598488, 0.0, 826.6154927353808], [0.0, 1272.5979470598488, 479.75165386361925], [0.0, 0.0, 1.0]], [[1266.417203046554, 0.0, 816.2670197447984], [0.0, 1266.417203046554, 491.50706579294757], [0.0, 0.0, 1.0]], [[1260.8474446004698, 0.0, 807.968244525554], [0.0, 1260.8474446004698, 495.3344268742088], [0.0, 0.0, 1.0]], [[1256.7414812095406, 0.0, 792.1125740759628], [0.0, 1256.7414812095406, 492.7757465151356], [0.0, 0.0, 1.0]], [[809.2209905677063, 0.0, 829.2196003259838], [0.0, 809.2209905677063, 481.77842384512485], [0.0, 0.0, 1.0]], [[1259.5137405846733, 0.0, 807.2529053838625], [0.0, 1259.5137405846733, 501.19579884916527], [0.0, 0.0, 1.0]]], "extrinsics": [[[0.821047306060791, -0.5706440210342407, 0.01570156216621399, -0.7655029296875], [-0.004977997392416, -0.03466102480888367, -0.999386727809906, 1.5071039199829102], [0.570838212966919, 0.8204656839370728, -0.031299009919166565, -1.14361572265625], [0.0, 0.0, 0.0, 1.0]], [[0.006211386527866125, -0.9992226362228394, 0.03892701119184494, 0.00769805908203125], [-0.010290744714438915, -0.03898957371711731, -0.9991866946220398, 1.5185422897338867], [0.9999276995658875, 0.0058056870475411415, -0.010524925775825977, -1.49359130859375], [0.0, 0.0, 0.0, 1.0]], [[-0.8326827883720398, -0.5535154938697815, 0.016123777255415916, 0.90447998046875], [-0.004692772403359413, -0.022062767297029495, -0.9997455477714539, 1.5029444694519043], [0.5537303686141968, -0.8325465321540833, 0.015773767605423927, -1.16241455078125], [0.0, 0.0, 0.0, 1.0]], [[0.9476535320281982, 0.3190021514892578, -0.013798795640468597, -1.140625], [0.003569696331396699, -0.053797632455825806, -0.9985454678535461, 1.5885781049728394], [-0.3192805051803589, 0.9462258815765381, -0.05212026089429855, -0.1046142578125], [0.0, 0.0, 0.0, 1.0]], [[0.0019334363751113415, 0.999059796333313, -0.043310027569532394, 0.00255584716796875], [-0.021602271124720573, -0.04325827583670616, -0.9988303780555725, 1.578134536743164], [-0.9997647404670715, 0.0028667552396655083, 0.02149832434952259, -0.0552978515625], [0.0, 0.0, 0.0, 1.0]], [[-0.9349891543388367, 0.3541039824485779, -0.02013913355767727, 1.03167724609375], [0.011156952939927578, -0.027389397844672203, -0.9995626211166382, 1.5527153015136719], [-0.3545006215572357, -0.9348049163818359, 0.021658064797520638, -0.102386474609375], [0.0, 0.0, 0.0, 1.0]]], "view": [[0.0, -2.0, 100.0], [-2.0, 0.0, 100.0], [0.0, 0.0, 1.0]], "bev": "bev_f08e293d6cff489492862269c50cd0e0.png", "aux": "aux_f08e293d6cff489492862269c50cd0e0.npz", "visibility": "visibility_f08e293d6cff489492862269c50cd0e0.png", "pose": [[0.38968425989151, -0.9209485054016113, 0.0, 313.8736877441406], [0.9209485054016113, 0.38968425989151, 0.0, 970.4715576171875], [0.0, 0.0, 1.0, 0.0], [0.0, 0.0, 0.0, 1.0]], "pose_inverse": [[0.38968425989151, 0.9209485054016113, 0.0, -1016.0659790039062], [-0.9209485054016113, 0.38968425989151, 0.0, -89.11599731445312], [0.0, 0.0, 1.0, 0.0], [0.0, 0.0, 0.0, 1.0]], "cam_ids": [0, 1, 2, 3, 4, 5], "cam_channels": ["CAM_FRONT_LEFT", "CAM_FRONT", "CAM_FRONT_RIGHT", "CAM_BACK_LEFT", "CAM_BACK", "CAM_BACK_RIGHT"], "token": "f08e293d6cff489492862269c50cd0e0", "scene": "scene-0363"}, {"images": ["samples/CAM_FRONT_LEFT/n015-2018-08-03-15-00-36+0800__CAM_FRONT_LEFT__1533279752104844.jpg", "samples/CAM_FRONT/n015-2018-08-03-15-00-36+0800__CAM_FRONT__1533279752112460.jpg", "samples/CAM_FRONT_RIGHT/n015-2018-08-03-15-00-36+0800__CAM_FRONT_RIGHT__1533279752120339.jpg", "samples/CAM_BACK_LEFT/n015-2018-08-03-15-00-36+0800__CAM_BACK_LEFT__1533279752147423.jpg", "samples/CAM_BACK/n015-2018-08-03-15-00-36+0800__CAM_BACK__1533279752137525.jpg", "samples/CAM_BACK_RIGHT/n015-2018-08-03-15-00-36+0800__CAM_BACK_RIGHT__1533279752127893.jpg"], "intrinsics": [[[1272.5979470598488, 0.0, 826.6154927353808], [0.0, 1272.5979470598488, 479.75165386361925], [0.0, 0.0, 1.0]], [[1266.417203046554, 0.0, 816.2670197447984], [0.0, 1266.417203046554, 491.50706579294757], [0.0, 0.0, 1.0]], [[1260.8474446004698, 0.0, 807.968244525554], [0.0, 1260.8474446004698, 495.3344268742088], [0.0, 0.0, 1.0]], [[1256.7414812095406, 0.0, 792.1125740759628], [0.0, 1256.7414812095406, 492.7757465151356], [0.0, 0.0, 1.0]], [[809.2209905677063, 0.0, 829.2196003259838], [0.0, 809.2209905677063, 481.77842384512485], [0.0, 0.0, 1.0]], [[1259.5137405846733, 0.0, 807.2529053838625], [0.0, 1259.5137405846733, 501.19579884916527], [0.0, 0.0, 1.0]]], "extrinsics": [[[0.821483314037323, -0.5701269507408142, 0.010968917980790138, -0.7818603515625], [-0.01298927329480648, -0.03793990984559059, -0.9991956353187561, 1.5054340362548828], [0.5700845122337341, 0.8206800818443298, -0.03857254236936569, -1.15521240234375], [0.0, 0.0, 0.0, 1.0]], [[0.00698953727260232, -0.999092698097229, 0.04201015457510948, 0.00780487060546875], [-0.018323706462979317, -0.04213209077715874, -0.9989440441131592, 1.5172576904296875], [0.9998076558113098, 0.006212358828634024, -0.018601564690470695, -1.51031494140625], [0.0, 0.0, 0.0, 1.0]], [[-0.8323365449905396, -0.5537282824516296, 0.02450953796505928, 0.91558837890625], [-0.012759814970195293, -0.02506531961262226, -0.999604344367981, 1.5018739700317383], [0.5541235208511353, -0.8323200345039368, 0.013797312043607235, -1.16961669921875], [0.0, 0.0, 0.0, 1.0]], [[0.9475024938583374, 0.3190285265445709, -0.02144668437540531, -1.14373779296875], [-0.003773934906348586, -0.05591090768575668, -0.9984286427497864, 1.5885810852050781], [-0.3197263181209564, 0.9460944533348083, -0.051771730184555054, -0.103546142578125], [0.0, 0.0, 0.0, 1.0]], [[0.001480325241573155, 0.9989473819732666, -0.04584731534123421, 0.0024566650390625], [-0.029334453865885735, -0.04578425735235214, -0.99852055311203, 1.5778541564941406], [-0.999568521976471, 0.002823014510795474, 0.029235797002911568, -0.04998779296875], [0.0, 0.0, 0.0, 1.0]], [[-0.9352067708969116, 0.3538384437561035, -0.013659424148499966, 1.04071044921875], [0.003156258026137948, -0.03024362213909626, -0.9995375871658325, 1.551796317100525], [-0.3540879786014557, -0.9348174333572388, 0.02716723456978798, -0.098907470703125], [0.0, 0.0, 0.0, 1.0]]], "view": [[0.0, -2.0, 100.0], [-2.0, 0.0, 100.0], [0.0, 0.0, 1.0]], "bev": "bev_21f8cf4d00d94c9ab335a9f615c1c9f5.png", "aux": "aux_21f8cf4d00d94c9ab335a9f615c1c9f5.npz", "visibility": "visibility_21f8cf4d00d94c9ab335a9f615c1c9f5.png", "pose": [[0.3940557837486267, -0.9190865159034729, 0.0, 314.9610290527344], [0.9190865159034729, 0.3940557837486267, 0.0, 973.000244140625], [0.0, 0.0, 1.0, 0.0], [0.0, 0.0, 0.0, 1.0]], "pose_inverse": [[0.3940557837486267, 0.9190865159034729, 0.0, -1018.3836059570312], [-0.9190865159034729, 0.3940557837486267, 0.0, -93.93993377685547], [0.0, 0.0, 1.0, 0.0], [0.0, 0.0, 0.0, 1.0]], "cam_ids": [0, 1, 2, 3, 4, 5], "cam_channels": ["CAM_FRONT_LEFT", "CAM_FRONT", "CAM_FRONT_RIGHT", "CAM_BACK_LEFT", "CAM_BACK", "CAM_BACK_RIGHT"], "token": "21f8cf4d00d94c9ab335a9f615c1c9f5", "scene": "scene-0363"}, {"images": ["samples/CAM_FRONT_LEFT/n015-2018-08-03-15-00-36+0800__CAM_FRONT_LEFT__1533279752604844.jpg", "samples/CAM_FRONT/n015-2018-08-03-15-00-36+0800__CAM_FRONT__1533279752612460.jpg", "samples/CAM_FRONT_RIGHT/n015-2018-08-03-15-00-36+0800__CAM_FRONT_RIGHT__1533279752620339.jpg", "samples/CAM_BACK_LEFT/n015-2018-08-03-15-00-36+0800__CAM_BACK_LEFT__1533279752647423.jpg", "samples/CAM_BACK/n015-2018-08-03-15-00-36+0800__CAM_BACK__1533279752637525.jpg", "samples/CAM_BACK_RIGHT/n015-2018-08-03-15-00-36+0800__CAM_BACK_RIGHT__1533279752627893.jpg"], "intrinsics": [[[1272.5979470598488, 0.0, 826.6154927353808], [0.0, 1272.5979470598488, 479.75165386361925], [0.0, 0.0, 1.0]], [[1266.417203046554, 0.0, 816.2670197447984], [0.0, 1266.417203046554, 491.50706579294757], [0.0, 0.0, 1.0]], [[1260.8474446004698, 0.0, 807.968244525554], [0.0, 1260.8474446004698, 495.3344268742088], [0.0, 0.0, 1.0]], [[1256.7414812095406, 0.0, 792.1125740759628], [0.0, 1256.7414812095406, 492.7757465151356], [0.0, 0.0, 1.0]], [[809.2209905677063, 0.0, 829.2196003259838], [0.0, 809.2209905677063, 481.77842384512485], [0.0, 0.0, 1.0]], [[1259.5137405846733, 0.0, 807.2529053838625], [0.0, 1259.5137405846733, 501.19579884916527], [0.0, 0.0, 1.0]]], "extrinsics": [[[0.8221453428268433, -0.5691238641738892, 0.013226808048784733, -0.79168701171875], [-0.00912390649318695, -0.03640449047088623, -0.9992954730987549, 1.5063343048095703], [0.5692045092582703, 0.8214454650878906, -0.03512241691350937, -1.160400390625], [0.0, 0.0, 0.0, 1.0]], [[0.007822079584002495, -0.9991586208343506, 0.04025859758257866, 0.00656890869140625], [-0.013903546147048473, -0.04036461189389229, -0.9990882873535156, 1.51812744140625], [0.9998726844787598, 0.007255271077156067, -0.014207584783434868, -1.51885986328125], [0.0, 0.0, 0.0, 1.0]], [[-0.8320121765136719, -0.5544230341911316, 0.019256265833973885, 0.91998291015625], [-0.007783048786222935, -0.023041928187012672, -0.9997041821479797, 1.5025949478149414], [0.5547026991844177, -0.8319159150123596, 0.01485606748610735, -1.173828125], [0.0, 0.0, 0.0, 1.0]], [[0.947608470916748, 0.3190942406654358, -0.014726991765201092, -1.1405029296875], [0.002440790180116892, -0.05333502218127251, -0.9985736608505249, 1.588564395904541], [-0.319424569606781, 0.9462210536003113, -0.05131956934928894, -0.1043701171875], [0.0, 0.0, 0.0, 1.0]], [[0.0014412413584068418, 0.9990603923797607, -0.04331732168793678, 0.00293731689453125], [-0.023438099771738052, -0.04327171668410301, -0.9987884163856506, 1.5781612396240234], [-0.9997242093086243, 0.002454772125929594, 0.023353712633252144, -0.049072265625], [0.0, 0.0, 0.0, 1.0]], [[-0.9353224039077759, 0.3533414602279663, -0.017939742654561996, 1.04449462890625], [0.00861345324665308, -0.0279494971036911, -0.999572217464447, 1.5522942543029785], [-0.3536917269229889, -0.9350768327713013, 0.023098299279808998, -0.098297119140625], [0.0, 0.0, 0.0, 1.0]]], "view": [[0.0, -2.0, 100.0], [-2.0, 0.0, 100.0], [0.0, 0.0, 1.0]], "bev": "bev_7495285c78914165ac640a1a7f90e7ac.png", "aux": "aux_7495285c78914165ac640a1a7f90e7ac.npz", "visibility": "visibility_7495285c78914165ac640a1a7f90e7ac.png", "pose": [[0.40551501512527466, -0.9140883684158325, 0.0, 315.9830017089844], [0.9140883684158325, 0.40551501512527466, 0.0, 975.3430786132812], [0.0, 0.0, 1.0, 0.0], [0.0, 0.0, 0.0, 1.0]], "pose_inverse": [[0.40551501512527466, 0.9140883684158325, 0.0, -1019.6856079101562], [-0.9140883684158325, 0.40551501512527466, 0.0, -106.67987060546875], [0.0, 0.0, 1.0, 0.0], [0.0, 0.0, 0.0, 1.0]], "cam_ids": [0, 1, 2, 3, 4, 5], "cam_channels": ["CAM_FRONT_LEFT", "CAM_FRONT", "CAM_FRONT_RIGHT", "CAM_BACK_LEFT", "CAM_BACK", "CAM_BACK_RIGHT"], "token": "7495285c78914165ac640a1a7f90e7ac", "scene": "scene-0363"}, {"images": ["samples/CAM_FRONT_LEFT/n015-2018-08-03-15-00-36+0800__CAM_FRONT_LEFT__1533279753104844.jpg", "samples/CAM_FRONT/n015-2018-08-03-15-00-36+0800__CAM_FRONT__1533279753112460.jpg", "samples/CAM_FRONT_RIGHT/n015-2018-08-03-15-00-36+0800__CAM_FRONT_RIGHT__1533279753120339.jpg", "samples/CAM_BACK_LEFT/n015-2018-08-03-15-00-36+0800__CAM_BACK_LEFT__1533279753147423.jpg", "samples/CAM_BACK/n015-2018-08-03-15-00-36+0800__CAM_BACK__1533279753137525.jpg", "samples/CAM_BACK_RIGHT/n015-2018-08-03-15-00-36+0800__CAM_BACK_RIGHT__1533279753127893.jpg"], "intrinsics": [[[1272.5979470598488, 0.0, 826.6154927353808], [0.0, 1272.5979470598488, 479.75165386361925], [0.0, 0.0, 1.0]], [[1266.417203046554, 0.0, 816.2670197447984], [0.0, 1266.417203046554, 491.50706579294757], [0.0, 0.0, 1.0]], [[1260.8474446004698, 0.0, 807.968244525554], [0.0, 1260.8474446004698, 495.3344268742088], [0.0, 0.0, 1.0]], [[1256.7414812095406, 0.0, 792.1125740759628], [0.0, 1256.7414812095406, 492.7757465151356], [0.0, 0.0, 1.0]], [[809.2209905677063, 0.0, 829.2196003259838], [0.0, 809.2209905677063, 481.77842384512485], [0.0, 0.0, 1.0]], [[1259.5137405846733, 0.0, 807.2529053838625], [0.0, 1259.5137405846733, 501.19579884916527], [0.0, 0.0, 1.0]]], "extrinsics": [[[0.8242908716201782, -0.5658673644065857, 0.01840328425168991, -0.80767822265625], [-0.0040323976427316666, -0.0383719727396965, -0.9992554187774658, 1.5074596405029297], [0.5661522150039673, 0.8236029148101807, -0.03391147032380104, -1.17156982421875], [0.0, 0.0, 0.0, 1.0]], [[0.010807490907609463, -0.9990524053573608, 0.04215718060731888, 0.0061492919921875], [-0.009747707284986973, -0.04226290062069893, -0.9990589618682861, 1.5189704895019531], [0.9998939633369446, 0.010386383160948753, -0.010195224545896053, -1.5350341796875], [0.0, 0.0, 0.0, 1.0]], [[-0.830738365650177, -0.5563820004463196, 0.01768450066447258, 0.93023681640625], [-0.004648278933018446, -0.0248342864215374, -0.999680757522583, 1.5030584335327148], [0.5566434860229492, -0.8305554389953613, 0.018044577911496162, -1.18121337890625], [0.0, 0.0, 0.0, 1.0]], [[0.9477003216743469, 0.318812757730484, -0.014913703314960003, -1.141357421875], [0.0025917089078575373, -0.05441351234912872, -0.9985150694847107, 1.588505744934082], [-0.3191508650779724, 0.9462544918060303, -0.05239397659897804, -0.102996826171875], [0.0, 0.0, 0.0, 1.0]], [[0.0005692931590601802, 0.99899822473526, -0.04474756494164467, 0.003509521484375], [-0.022290723398327827, -0.04472377523779869, -0.9987506866455078, 1.5782966613769531], [-0.9997513294219971, 0.0015660218195989728, 0.02224293164908886, -0.044189453125], [0.0, 0.0, 0.0, 1.0]], [[-0.9358966946601868, 0.35167378187179565, -0.020563803613185883, 1.05340576171875], [0.010838067159056664, -0.02960207685828209, -0.9995030164718628, 1.5523862838745117], [-0.3521077036857605, -0.9356544613838196, 0.023893022909760475, -0.09576416015625], [0.0, 0.0, 0.0, 1.0]]], "view": [[0.0, -2.0, 100.0], [-2.0, 0.0, 100.0], [0.0, 0.0, 1.0]], "bev": "bev_54941507dbfa44ab91ab6c27af10aaca.png", "aux": "aux_54941507dbfa44ab91ab6c27af10aaca.npz", "visibility": "visibility_54941507dbfa44ab91ab6c27af10aaca.png", "pose": [[0.4523327946662903, -0.8918492197990417, 0.0, 316.9947814941406], [0.8918492197990417, 0.4523327946662903, 0.0, 977.47900390625], [0.0, 0.0, 1.0, 0.0], [0.0, 0.0, 0.0, 1.0]], "pose_inverse": [[0.4523327946662903, 0.8918492197990417, 0.0, -1015.1510009765625], [-0.8918492197990417, 0.4523327946662903, 0.0, -159.43426513671875], [0.0, 0.0, 1.0, 0.0], [0.0, 0.0, 0.0, 1.0]], "cam_ids": [0, 1, 2, 3, 4, 5], "cam_channels": ["CAM_FRONT_LEFT", "CAM_FRONT", "CAM_FRONT_RIGHT", "CAM_BACK_LEFT", "CAM_BACK", "CAM_BACK_RIGHT"], "token": "54941507dbfa44ab91ab6c27af10aaca", "scene": "scene-0363"}, {"images": ["samples/CAM_FRONT_LEFT/n015-2018-08-03-15-00-36+0800__CAM_FRONT_LEFT__1533279753604844.jpg", "samples/CAM_FRONT/n015-2018-08-03-15-00-36+0800__CAM_FRONT__1533279753612460.jpg", "samples/CAM_FRONT_RIGHT/n015-2018-08-03-15-00-36+0800__CAM_FRONT_RIGHT__1533279753620339.jpg", "samples/CAM_BACK_LEFT/n015-2018-08-03-15-00-36+0800__CAM_BACK_LEFT__1533279753647423.jpg", "samples/CAM_BACK/n015-2018-08-03-15-00-36+0800__CAM_BACK__1533279753637526.jpg", "samples/CAM_BACK_RIGHT/n015-2018-08-03-15-00-36+0800__CAM_BACK_RIGHT__1533279753627893.jpg"], "intrinsics": [[[1272.5979470598488, 0.0, 826.6154927353808], [0.0, 1272.5979470598488, 479.75165386361925], [0.0, 0.0, 1.0]], [[1266.417203046554, 0.0, 816.2670197447984], [0.0, 1266.417203046554, 491.50706579294757], [0.0, 0.0, 1.0]], [[1260.8474446004698, 0.0, 807.968244525554], [0.0, 1260.8474446004698, 495.3344268742088], [0.0, 0.0, 1.0]], [[1256.7414812095406, 0.0, 792.1125740759628], [0.0, 1256.7414812095406, 492.7757465151356], [0.0, 0.0, 1.0]], [[809.2209905677063, 0.0, 829.2196003259838], [0.0, 809.2209905677063, 481.77842384512485], [0.0, 0.0, 1.0]], [[1259.5137405846733, 0.0, 807.2529053838625], [0.0, 1259.5137405846733, 501.19579884916527], [0.0, 0.0, 1.0]]], "extrinsics": [[[0.8269675970077515, -0.562046468257904, 0.015109085477888584, -0.80401611328125], [-0.005378402769565582, -0.034779127687215805, -0.9993805289268494, 1.5070362091064453], [0.5622237920761108, 0.8263741135597229, -0.03178412467241287, -1.1656494140625], [0.0, 0.0, 0.0, 1.0]], [[0.014699511229991913, -0.999152421951294, 0.03844933584332466, 0.00360107421875], [-0.010648924857378006, -0.038607750087976456, -0.999197781085968, 1.5186481475830078], [0.999835193157196, 0.01427819300442934, -0.01120741106569767, -1.52960205078125], [0.0, 0.0, 0.0, 1.0]], [[-0.8290669322013855, -0.5589185953140259, 0.016059111803770065, 0.92523193359375], [-0.005160583648830652, -0.021070802584290504, -0.999764621257782, 1.5029163360595703], [0.5591254234313965, -0.8289547562599182, 0.01458476297557354, -1.18048095703125], [0.0, 0.0, 0.0, 1.0]], [[0.9477104544639587, 0.3188824951648712, -0.012605234049260616, -1.1348876953125], [0.0037694964557886124, -0.05068116635084152, -0.9987077116966248, 1.5884132385253906], [-0.3191092908382416, 0.9464383125305176, -0.049233101308345795, -0.10273361206054688], [0.0, 0.0, 0.0, 1.0]], [[-0.0006355801