[{"images": ["samples/CAM_FRONT_LEFT/n008-2018-08-28-16-16-48-0400__CAM_FRONT_LEFT__1535487942904799.jpg", "samples/CAM_FRONT/n008-2018-08-28-16-16-48-0400__CAM_FRONT__1535487942912404.jpg", "samples/CAM_FRONT_RIGHT/n008-2018-08-28-16-16-48-0400__CAM_FRONT_RIGHT__1535487942920482.jpg", "samples/CAM_BACK_LEFT/n008-2018-08-28-16-16-48-0400__CAM_BACK_LEFT__1535487942947405.jpg", "samples/CAM_BACK/n008-2018-08-28-16-16-48-0400__CAM_BACK__1535487942937558.jpg", "samples/CAM_BACK_RIGHT/n008-2018-08-28-16-16-48-0400__CAM_BACK_RIGHT__1535487942928113.jpg"], "intrinsics": [[[1257.8625342125129, 0.0, 827.2410631095686], [0.0, 1257.8625342125129, 450.915498205774], [0.0, 0.0, 1.0]], [[1252.8131021185304, 0.0, 826.588114781398], [0.0, 1252.8131021185304, 469.9846626224581], [0.0, 0.0, 1.0]], [[1256.7485116440405, 0.0, 817.7887570959712], [0.0, 1256.7485116440403, 451.9541780095127], [0.0, 0.0, 1.0]], [[1254.9860565800168, 0.0, 829.5769333630991], [0.0, 1254.9860565800168, 467.1680561863987], [0.0, 0.0, 1.0]], [[796.8910634503094, 0.0, 857.7774326863696], [0.0, 796.8910634503094, 476.8848988407415], [0.0, 0.0, 1.0]], [[1249.9629280788233, 0.0, 825.3768045375984], [0.0, 1249.9629280788233, 462.54816385708756], [0.0, 0.0, 1.0]]], "extrinsics": [[[0.8230851292610168, -0.5677675008773804, -0.013076597824692726, -0.9368896484375], [0.006472175009548664, 0.03240165859460831, -0.9994539618492126, 1.4888076782226562], [0.5678811073303223, 0.8225509524345398, 0.03034401312470436, -1.2867431640625], [0.0, 0.0, 0.0, 1.0]], [[0.011026266030967236, -0.999539852142334, -0.028255591168999672, 0.00634765625], [0.008447731845080853, 0.028349414467811584, -0.9995623826980591, 1.4807281494140625], [0.9999035596847534, 0.010782691650092602, 0.008756433613598347, -1.6667629480361938], [0.0, 0.0, 0.0, 1.0]], [[-0.8436723351478577, -0.536298930644989, -0.024501170963048935, 1.0465087890625], [0.016492348164319992, 0.01972580887377262, -0.9996693730354309, 1.4939289093017578], [0.5366050004959106, -0.843797504901886, -0.007797290105372667, -1.2493896484375], [0.0, 0.0, 0.0, 1.0]], [[0.9478921890258789, 0.31857988238334656, 0.0026736357249319553, -1.143402099609375], [-0.008959281258285046, 0.035044021904468536, -0.999345600605011, 1.562042236328125], [-0.31846511363983154, 0.9472479224205017, 0.036072202026844025, -0.15625], [0.0, 0.0, 0.0, 1.0]], [[0.009040235541760921, 0.9995838403701782, 0.027393417432904243, -0.0286865234375], [-0.006789486855268478, 0.02745526097714901, -0.9995999336242676, 1.5679283142089844], [-0.9999361038208008, 0.008850572630763054, 0.007034861482679844, 0.0248260498046875], [0.0, 0.0, 0.0, 1.0]], [[-0.9238862991333008, 0.38264355063438416, 0.004239965695887804, 1.125732421875], [-0.0026372764259576797, 0.004712898284196854, -0.99998539686203, 1.547713279724121], [-0.38265788555145264, -0.9238840341567993, -0.003345044795423746, -0.057861328125], [0.0, 0.0, 0.0, 1.0]]], "view": [[0.0, -2.0, 100.0], [-2.0, 0.0, 100.0], [0.0, 0.0, 1.0]], "bev": "bev_52b21f73fc00462aad168962050d49e2.png", "aux": "aux_52b21f73fc00462aad168962050d49e2.npz", "visibility": "visibility_52b21f73fc00462aad168962050d49e2.png", "pose": [[-0.8417852520942688, -0.5398125052452087, 0.0, 853.431884765625], [0.5398125052452087, -0.8417852520942688, 0.0, 1356.3743896484375], [0.0, 0.0, 1.0, 0.0], [0.0, 0.0, 0.0, 1.0]], "pose_inverse": [[-0.8417852520942688, 0.5398125052452087, 0.0, -13.78145980834961], [-0.5398125052452087, -0.8417852520942688, 0.0, 1602.46923828125], [0.0, 0.0, 1.0, 0.0], [0.0, 0.0, 0.0, 1.0]], "cam_ids": [0, 1, 2, 3, 4, 5], "cam_channels": ["CAM_FRONT_LEFT", "CAM_FRONT", "CAM_FRONT_RIGHT", "CAM_BACK_LEFT", "CAM_BACK", "CAM_BACK_RIGHT"], "token": "52b21f73fc00462aad168962050d49e2", "scene": "scene-0675"}, {"images": ["samples/CAM_FRONT_LEFT/n008-2018-08-28-16-16-48-0400__CAM_FRONT_LEFT__1535487943504799.jpg", "samples/CAM_FRONT/n008-2018-08-28-16-16-48-0400__CAM_FRONT__1535487943512404.jpg", "samples/CAM_FRONT_RIGHT/n008-2018-08-28-16-16-48-0400__CAM_FRONT_RIGHT__1535487943520482.jpg", "samples/CAM_BACK_LEFT/n008-2018-08-28-16-16-48-0400__CAM_BACK_LEFT__1535487943547405.jpg", "samples/CAM_BACK/n008-2018-08-28-16-16-48-0400__CAM_BACK__1535487943537558.jpg", "samples/CAM_BACK_RIGHT/n008-2018-08-28-16-16-48-0400__CAM_BACK_RIGHT__1535487943528113.jpg"], "intrinsics": [[[1257.8625342125129, 0.0, 827.2410631095686], [0.0, 1257.8625342125129, 450.915498205774], [0.0, 0.0, 1.0]], [[1252.8131021185304, 0.0, 826.588114781398], [0.0, 1252.8131021185304, 469.9846626224581], [0.0, 0.0, 1.0]], [[1256.7485116440405, 0.0, 817.7887570959712], [0.0, 1256.7485116440403, 451.9541780095127], [0.0, 0.0, 1.0]], [[1254.9860565800168, 0.0, 829.5769333630991], [0.0, 1254.9860565800168, 467.1680561863987], [0.0, 0.0, 1.0]], [[796.8910634503094, 0.0, 857.7774326863696], [0.0, 796.8910634503094, 476.8848988407415], [0.0, 0.0, 1.0]], [[1249.9629280788233, 0.0, 825.3768045375984], [0.0, 1249.9629280788233, 462.54816385708756], [0.0, 0.0, 1.0]]], "extrinsics": [[[0.8227785229682922, -0.5682036876678467, -0.013415885157883167, -0.93701171875], [0.005800263956189156, 0.03199753910303116, -0.999471127986908, 1.4887771606445312], [0.5683325529098511, 0.8222655653953552, 0.029622621834278107, -1.286376953125], [0.0, 0.0, 0.0, 1.0]], [[0.010587768629193306, -0.9995564222335815, -0.027834763750433922, 0.0059814453125], [0.007756159640848637, 0.02791758067905903, -0.9995801448822021, 1.4806900024414062], [0.99991375207901, 0.010367495939135551, 0.008048304356634617, -1.6668601036071777], [0.0, 0.0, 0.0, 1.0]], [[-0.8438546657562256, -0.5360504984855652, -0.023648947477340698, 1.0465087890625], [0.015779485926032066, 0.019263150170445442, -0.9996898770332336, 1.4939002990722656], [0.5363398790359497, -0.8439661264419556, -0.007796700112521648, -1.24951171875], [0.0, 0.0, 0.0, 1.0]], [[0.9478963017463684, 0.3185732066631317, 0.0019187843427062035, -1.143402099609375], [-0.009588685818016529, 0.0345497690141201, -0.9993569850921631, 1.5620384216308594], [-0.3184346854686737, 0.9472684264183044, 0.035804297775030136, -0.1563720703125], [0.0, 0.0, 0.0, 1.0]], [[0.009164123795926571, 0.9995959401130676, 0.02690817043185234, -0.0286865234375], [-0.007437829859554768, 0.0269766952842474, -0.9996083974838257, 1.5679168701171875], [-0.9999303221702576, 0.008960364386439323, 0.0076820426620543, 0.02486419677734375], [0.0, 0.0, 0.0, 1.0]], [[-0.923801600933075, 0.38284391164779663, 0.004598699510097504, 1.1258544921875], [-0.0032264625187963247, 0.004226325545459986, -0.9999858736991882, 1.5476913452148438], [-0.38285791873931885, -0.9238032698631287, -0.002669054316356778, -0.0582275390625], [0.0, 0.0, 0.0, 1.0]]], "view": [[0.0, -2.0, 100.0], [-2.0, 0.0, 100.0], [0.0, 0.0, 1.0]], "bev": "bev_fc360bdc49144519a075ee1da1bb6901.png", "aux": "aux_fc360bdc49144519a075ee1da1bb6901.npz", "visibility": "visibility_fc360bdc49144519a075ee1da1bb6901.png", "pose": [[-0.8386373519897461, -0.5446901321411133, 0.0, 852.4199829101562], [0.5446901321411133, -0.8386373519897461, 0.0, 1357.03369140625], [0.0, 0.0, 1.0, 0.0], [0.0, 0.0, 0.0, 1.0]], "pose_inverse": [[-0.8386373519897461, 0.5446901321411133, 0.0, -24.291601181030273], [-0.5446901321411133, -0.8386373519897461, 0.0, 1602.3638916015625], [0.0, 0.0, 1.0, 0.0], [0.0, 0.0, 0.0, 1.0]], "cam_ids": [0, 1, 2, 3, 4, 5], "cam_channels": ["CAM_FRONT_LEFT", "CAM_FRONT", "CAM_FRONT_RIGHT", "CAM_BACK_LEFT", "CAM_BACK", "CAM_BACK_RIGHT"], "token": "fc360bdc49144519a075ee1da1bb6901", "scene": "scene-0675"}, {"images": ["samples/CAM_FRONT_LEFT/n008-2018-08-28-16-16-48-0400__CAM_FRONT_LEFT__1535487944004799.jpg", "samples/CAM_FRONT/n008-2018-08-28-16-16-48-0400__CAM_FRONT__1535487944012404.jpg", "samples/CAM_FRONT_RIGHT/n008-2018-08-28-16-16-48-0400__CAM_FRONT_RIGHT__1535487944020482.jpg", "samples/CAM_BACK_LEFT/n008-2018-08-28-16-16-48-0400__CAM_BACK_LEFT__1535487944047405.jpg", "samples/CAM_BACK/n008-2018-08-28-16-16-48-0400__CAM_BACK__1535487944037558.jpg", "samples/CAM_BACK_RIGHT/n008-2018-08-28-16-16-48-0400__CAM_BACK_RIGHT__1535487944028113.jpg"], "intrinsics": [[[1257.8625342125129, 0.0, 827.2410631095686], [0.0, 1257.8625342125129, 450.915498205774], [0.0, 0.0, 1.0]], [[1252.8131021185304, 0.0, 826.588114781398], [0.0, 1252.8131021185304, 469.9846626224581], [0.0, 0.0, 1.0]], [[1256.7485116440405, 0.0, 817.7887570959712], [0.0, 1256.7485116440403, 451.9541780095127], [0.0, 0.0, 1.0]], [[1254.9860565800168, 0.0, 829.5769333630991], [0.0, 1254.9860565800168, 467.1680561863987], [0.0, 0.0, 1.0]], [[796.8910634503094, 0.0, 857.7774326863696], [0.0, 796.8910634503094, 476.8848988407415], [0.0, 0.0, 1.0]], [[1249.9629280788233, 0.0, 825.3768045375984], [0.0, 1249.9629280788233, 462.54816385708756], [0.0, 0.0, 1.0]]], "extrinsics": [[[0.8228809237480164, -0.5680624842643738, -0.013114811852574348, -0.93988037109375], [0.004959930200129747, 0.03026088885962963, -0.9995297193527222, 1.4886550903320312], [0.5681923031806946, 0.8224288821220398, 0.02771865762770176, -1.2894287109375], [0.0, 0.0, 0.0, 1.0]], [[0.010727440007030964, -0.9996020793914795, -0.0260856281965971, 0.0068359375], [0.006887633819133043, 0.02616037428379059, -0.9996340870857239, 1.4805908203125], [0.9999186992645264, 0.010543759912252426, 0.0071655260398983955, -1.670166015625], [0.0, 0.0, 0.0, 1.0]], [[-0.8438083529472351, -0.536195695400238, -0.021946050226688385, 1.04931640625], [0.014889598824083805, 0.017486700788140297, -0.9997362494468689, 1.4937992095947266], [0.5364380478858948, -0.8439126014709473, -0.006771687883883715, -1.2506103515625], [0.0, 0.0, 0.0, 1.0]], [[0.9478883743286133, 0.31860247254371643, 0.00045714713633060455, -1.143707275390625], [-0.010560446418821812, 0.032852839678525925, -0.9994043707847595, 1.5620384216308594], [-0.3184277415275574, 0.9473189115524292, 0.03450540825724602, -0.1561279296875], [0.0, 0.0, 0.0, 1.0]], [[0.009132133796811104, 0.9996402859687805, 0.025217896327376366, -0.0289306640625], [-0.008425678126513958, 0.02529497630894184, -0.9996445178985596, 1.567901611328125], [-0.9999228715896606, 0.008916357532143593, 0.008653642609715462, 0.026111602783203125], [0.0, 0.0, 0.0, 1.0]], [[-0.923832893371582, 0.3827661871910095, 0.004783306736499071, 1.12786865234375], [-0.004153842106461525, 0.0024709466379135847, -0.999988317489624, 1.5476646423339844], [-0.38277363777160645, -0.9238419532775879, -0.0006927904905751348, -0.056640625], [0.0, 0.0, 0.0, 1.0]]], "view": [[0.0, -2.0, 100.0], [-2.0, 0.0, 100.0], [0.0, 0.0, 1.0]], "bev": "bev_ee7cb8782c014befae72ff01e40b6b10.png", "aux": "aux_ee7cb8782c014befae72ff01e40b6b10.npz", "visibility": "visibility_ee7cb8782c014befae72ff01e40b6b10.png", "pose": [[-0.8348132967948914, -0.5505331754684448, 0.0, 851.5808715820312], [0.5505331754684448, -0.8348132967948914, 0.0, 1357.59521484375], [0.0, 0.0, 1.0, 0.0], [0.0, 0.0, 0.0, 1.0]], "pose_inverse": [[-0.8348132967948914, 0.5505331754684448, 0.0, -36.49022674560547], [-0.5505331754684448, -0.8348132967948914, 0.0, 1602.1619873046875], [0.0, 0.0, 1.0, 0.0], [0.0, 0.0, 0.0, 1.0]], "cam_ids": [0, 1, 2, 3, 4, 5], "cam_channels": ["CAM_FRONT_LEFT", "CAM_FRONT", "CAM_FRONT_RIGHT", "CAM_BACK_LEFT", "CAM_BACK", "CAM_BACK_RIGHT"], "token": "ee7cb8782c014befae72ff01e40b6b10", "scene": "scene-0675"}, {"images": ["samples/CAM_FRONT_LEFT/n008-2018-08-28-16-16-48-0400__CAM_FRONT_LEFT__1535487944504799.jpg", "samples/CAM_FRONT/n008-2018-08-28-16-16-48-0400__CAM_FRONT__1535487944512404.jpg", "samples/CAM_FRONT_RIGHT/n008-2018-08-28-16-16-48-0400__CAM_FRONT_RIGHT__1535487944520482.jpg", "samples/CAM_BACK_LEFT/n008-2018-08-28-16-16-48-0400__CAM_BACK_LEFT__1535487944547405.jpg", "samples/CAM_BACK/n008-2018-08-28-16-16-48-0400__CAM_BACK__1535487944537558.jpg", "samples/CAM_BACK_RIGHT/n008-2018-08-28-16-16-48-0400__CAM_BACK_RIGHT__1535487944528113.jpg"], "intrinsics": [[[1257.8625342125129, 0.0, 827.2410631095686], [0.0, 1257.8625342125129, 450.915498205774], [0.0, 0.0, 1.0]], [[1252.8131021185304, 0.0, 826.588114781398], [0.0, 1252.8131021185304, 469.9846626224581], [0.0, 0.0, 1.0]], [[1256.7485116440405, 0.0, 817.7887570959712], [0.0, 1256.7485116440403, 451.9541780095127], [0.0, 0.0, 1.0]], [[1254.9860565800168, 0.0, 829.5769333630991], [0.0, 1254.9860565800168, 467.1680561863987], [0.0, 0.0, 1.0]], [[796.8910634503094, 0.0, 857.7774326863696], [0.0, 796.8910634503094, 476.8848988407415], [0.0, 0.0, 1.0]], [[1249.9629280788233, 0.0, 825.3768045375984], [0.0, 1249.9629280788233, 462.54816385708756], [0.0, 0.0, 1.0]]], "extrinsics": [[[0.822911262512207, -0.5680182576179504, -0.013130490668118, -0.92828369140625], [0.00461003789678216, 0.029784567654132843, -0.999545693397522, 1.4886741638183594], [0.5681512355804443, 0.8224768042564392, 0.027128640562295914, -1.2822265625], [0.0, 0.0, 0.0, 1.0]], [[0.010758831165730953, -0.9996132254600525, -0.025645533576607704, 0.007568359375], [0.00663582282140851, 0.025717826560139656, -0.9996472597122192, 1.4806327819824219], [0.9999200701713562, 0.010584868490695953, 0.006909949705004692, -1.6587238311767578], [0.0, 0.0, 0.0, 1.0]], [[-0.8438048958778381, -0.5362155437469482, -0.021595150232315063, 1.04150390625], [0.014733466319739819, 0.01707799732685089, -0.9997456073760986, 1.4939193725585938], [0.5364479422569275, -0.8439083695411682, -0.006510182749480009, -1.244873046875], [0.0, 0.0, 0.0, 1.0]], [[0.9478879570960999, 0.31860384345054626, 0.0002758121700026095, -1.143890380859375], [-0.010584712959825993, 0.03235609084367752, -0.9994203448295593, 1.5620460510253906], [-0.31842806935310364, 0.9473356008529663, 0.03404228016734123, -0.15625], [0.0, 0.0, 0.0, 1.0]], [[0.00913019198924303, 0.9996542930603027, 0.024658506736159325, -0.029052734375], [-0.008481637574732304, 0.0247360672801733, -0.9996579885482788, 1.5678672790527344], [-0.9999223947525024, 0.00891795102506876, 0.008704550564289093, 0.022693634033203125], [0.0, 0.0, 0.0, 1.0]], [[-0.9238337278366089, 0.38276389241218567, 0.004794328473508358, 1.12109375], [-0.0043481215834617615, 0.0020308373495936394, -0.9999884963035583, 1.5476274490356445], [-0.3827691972255707, -0.9238439798355103, -0.0002118526172125712, -0.05908203125], [0.0, 0.0, 0.0, 1.0]]], "view": [[0.0, -2.0, 100.0], [-2.0, 0.0, 100.0], [0.0, 0.0, 1.0]], "bev": "bev_6f5defd2735f4829bd2f6c3980305648.png", "aux": "aux_6f5defd2735f4829bd2f6c3980305648.npz", "visibility": "visibility_6f5defd2735f4829bd2f6c3980305648.png", "pose": [[-0.8309871554374695, -0.5562916398048401, 0.0, 850.6991577148438], [0.5562916398048401, -0.8309871554374695, 0.0, 1358.1912841796875], [0.0, 0.0, 1.0, 0.0], [0.0, 0.0, 0.0, 1.0]], "pose_inverse": [[-0.8309871554374695, 0.5562916398048401, 0.0, -48.630367279052734], [-0.5562916398048401, -0.8309871554374695, 0.0, 1601.8763427734375], [0.0, 0.0, 1.0, 0.0], [0.0, 0.0, 0.0, 1.0]], "cam_ids": [0, 1, 2, 3, 4, 5], "cam_channels": ["CAM_FRONT_LEFT", "CAM_FRONT", "CAM_FRONT_RIGHT", "CAM_BACK_LEFT", "CAM_BACK", "CAM_BACK_RIGHT"], "token": "6f5defd2735f4829bd2f6c3980305648", "scene": "scene-0675"}, {"images": ["samples/CAM_FRONT_LEFT/n008-2018-08-28-16-16-48-0400__CAM_FRONT_LEFT__1535487945004799.jpg", "samples/CAM_FRONT/n008-2018-08-28-16-16-48-0400__CAM_FRONT__1535487945012404.jpg", "samples/CAM_FRONT_RIGHT/n008-2018-08-28-16-16-48-0400__CAM_FRONT_RIGHT__1535487945020482.jpg", "samples/CAM_BACK_LEFT/n008-2018-08-28-16-16-48-0400__CAM_BACK_LEFT__1535487945047405.jpg", "samples/CAM_BACK/n008-2018-08-28-16-16-48-0400__CAM_BACK__1535487945037558.jpg", "samples/CAM_BACK_RIGHT/n008-2018-08-28-16-16-48-0400__CAM_BACK_RIGHT__1535487945028113.jpg"], "intrinsics": [[[1257.8625342125129, 0.0, 827.2410631095686], [0.0, 1257.8625342125129, 450.915498205774], [0.0, 0.0, 1.0]], [[1252.8131021185304, 0.0, 826.588114781398], [0.0, 1252.8131021185304, 469.9846626224581], [0.0, 0.0, 1.0]], [[1256.7485116440405, 0.0, 817.7887570959712], [0.0, 1256.7485116440403, 451.9541780095127], [0.0, 0.0, 1.0]], [[1254.9860565800168, 0.0, 829.5769333630991], [0.0, 1254.9860565800168, 467.1680561863987], [0.0, 0.0, 1.0]], [[796.8910634503094, 0.0, 857.7774326863696], [0.0, 796.8910634503094, 476.8848988407415], [0.0, 0.0, 1.0]], [[1249.9629280788233, 0.0, 825.3768045375984], [0.0, 1249.9629280788233, 462.54816385708756], [0.0, 0.0, 1.0]]], "extrinsics": [[[0.8227683901786804, -0.5682405233383179, -0.012446409091353416, -0.93548583984375], [0.005110370926558971, 0.029293153434991837, -0.9995577931404114, 1.4887237548828125], [0.5683538913726807, 0.8223410248756409, 0.027005400508642197, -1.2855224609375], [0.0, 0.0, 0.0, 1.0]], [[0.010581034235656261, -0.9996305108070374, -0.025038370862603188, 0.00634765625], [0.00706523610278964, 0.02511388622224331, -0.9996596574783325, 1.4806442260742188], [0.999919056892395, 0.010400467552244663, 0.007328355219215155, -1.6661872863769531], [0.0, 0.0, 0.0, 1.0]], [[-0.8438562750816345, -0.536138117313385, -0.02150527946650982, 1.04730224609375], [0.01508769579231739, 0.016354195773601532, -0.999752402305603, 1.493844985961914], [0.5363571047782898, -0.8439719080924988, -0.0057115028612315655, -1.249755859375], [0.0, 0.0, 0.0, 1.0]], [[0.9478866457939148, 0.3186079263687134, 6.395941454684362e-05, -1.14398193359375], [-0.010465523228049278, 0.03133648633956909, -0.999454140663147, 1.5620460510253906], [-0.31843605637550354, 0.9473684430122375, 0.033037833869457245, -0.156005859375], [0.0, 0.0, 0.0, 1.0]], [[0.009156697429716587, 0.9996743202209473, 0.023821109905838966, -0.02880859375], [-0.008222119882702827, 0.02389657311141491, -0.9996805787086487, 1.5679054260253906], [-0.9999243021011353, 0.008957913145422935, 0.008438254706561565, 0.02581787109375], [0.0, 0.0, 0.0, 1.0]], [[-0.9238093495368958, 0.3828302025794983, 0.004150528460741043, 1.12689208984375], [-0.003978974185883999, 0.0012399198021739721, -0.9999912977218628, 1.5476670265197754], [-0.3828319311141968, -0.9238178730010986, 0.0003778222016990185, -0.0574951171875], [0.0, 0.0, 0.0, 1.0]]], "view": [[0.0, -2.0, 100.0], [-2.0, 0.0, 100.0], [0.0, 0.0, 1.0]], "bev": "bev_48984d31bcd94581a289978a0375c8d7.png", "aux": "aux_48984d31bcd94581a289978a0375c8d7.npz", "visibility": "visibility_48984d31bcd94581a289978a0375c8d7.png", "pose": [[-0.8274835348129272, -0.561489999294281, 0.0, 849.8353271484375], [0.561489999294281, -0.8274835348129272, 0.0, 1358.7857666015625], [0.0, 0.0, 1.0, 0.0], [0.0, 0.0, 0.0, 1.0]], "pose_inverse": [[-0.8274835348129272, 0.561489999294281, 0.0, -59.71983337402344], [-0.561489999294281, -0.8274835348129272, 0.0, 1601.546875], [0.0, 0.0, 1.0, 0.0], [0.0, 0.0, 0.0, 1.0]], "cam_ids": [0, 1, 2, 3, 4, 5], "cam_channels": ["CAM_FRONT_LEFT", "CAM_FRONT", "CAM_FRONT_RIGHT", "CAM_BACK_LEFT", "CAM_BACK", "CAM_BACK_RIGHT"], "token": "48984d31bcd94581a289978a0375c8d7", "scene": "scene-0675"}, {"images": ["samples/CAM_FRONT_LEFT/n008-2018-08-28-16-16-48-0400__CAM_FRONT_LEFT__1535487945504799.jpg", "samples/CAM_FRONT/n008-2018-08-28-16-16-48-0400__CAM_FRONT__1535487945512404.jpg", "samples/CAM_FRONT_RIGHT/n008-2018-08-28-16-16-48-0400__CAM_FRONT_RIGHT__1535487945520482.jpg", "samples/CAM_BACK_LEFT/n008-2018-08-28-16-16-48-0400__CAM_BACK_LEFT__1535487945547405.jpg", "samples/CAM_BACK/n008-2018-08-28-16-16-48-0400__CAM_BACK__1535487945537558.jpg", "samples/CAM_BACK_RIGHT/n008-2018-08-28-16-16-48-0400__CAM_BACK_RIGHT__1535487945528113.jpg"], "intrinsics": [[[1257.8625342125129, 0.0, 827.2410631095686], [0.0, 1257.8625342125129, 450.915498205774], [0.0, 0.0, 1.0]], [[1252.8131021185304, 0.0, 826.588114781398], [0.0, 1252.8131021185304, 469.9846626224581], [0.0, 0.0, 1.0]], [[1256.7485116440405, 0.0, 817.7887570959712], [0.0, 1256.7485116440403, 451.9541780095127], [0.0, 0.0, 1.0]], [[1254.9860565800168, 0.0, 829.5769333630991], [0.0, 1254.9860565800168, 467.1680561863987], [0.0, 0.0, 1.0]], [[796.8910634503094, 0.0, 857.7774326863696], [0.0, 796.8910634503094, 476.8848988407415], [0.0, 0.0, 1.0]], [[1249.9629280788233, 0.0, 825.3768045375984], [0.0, 1249.9629280788233, 462.54816385708756], [0.0, 0.0, 1.0]]], "extrinsics": [[[0.8222479224205017, -0.5689701437950134, -0.01347118429839611, -0.92608642578125], [0.004228942096233368, 0.029777193441987038, -0.9995476007461548, 1.4886589050292969], [0.5691138505935669, 0.821819007396698, 0.026890374720096588, -1.2802734375], [0.0, 0.0, 0.0, 1.0]], [[0.009799759835004807, -0.999625027179718, -0.025570325553417206, 0.0072021484375], [0.00614147400483489, 0.025631239637732506, -0.999652624130249, 1.4806137084960938], [0.9999330639839172, 0.009639362804591656, 0.006390351336449385, -1.657623291015625], [0.0, 0.0, 0.0, 1.0]], [[-0.8442051410675049, -0.5356096625328064, -0.020977092906832695, 1.0419921875], [0.014117573387920856, 0.01690387725830078, -0.9997574090957642, 1.4938812255859375], [0.5358343124389648, -0.8442965149879456, -0.006708833388984203, -1.245849609375], [0.0, 0.0, 0.0, 1.0]], [[0.9478845000267029, 0.31861400604248047, -0.0003925700730178505, -1.14422607421875], [-0.01113935001194477, 0.03190842270851135, -0.9994286894798279, 1.562042236328125], [-0.31841954588890076, 0.9473473429679871, 0.033794648945331573, -0.1561279296875], [0.0, 0.0, 0.0, 1.0]], [[0.00940233189612627, 0.9996592402458191, 0.02435390092432499, -0.029052734375], [-0.0090916333720088, 0.024439431726932526, -0.9996599555015564, 1.5678634643554688], [-0.9999145865440369, 0.009177695959806442, 0.009318321011960506, 0.023468017578125], [0.0, 0.0, 0.0, 1.0]], [[-0.9236341714859009, 0.3832395374774933, 0.00524347648024559, 1.1224365234375], [-0.004935311619192362, 0.0017873472534120083, -0.9999862313270569, 1.547607421875], [-0.3832435607910156, -0.9236472249031067, 0.00024055213725659996, -0.0589599609375], [0.0, 0.0, 0.0, 1.0]]], "view": [[0.0, -2.0, 100.0], [-2.0, 0.0, 100.0], [0.0, 0.0, 1.0]], "bev": "bev_2f98c864acd9455d997f530de2e5a7ab.png", "aux": "aux_2f98c864acd9455d997f530de2e5a7ab.npz", "visibility": "visibility_2f98c864acd9455d997f530de2e5a7ab.png", "pose": [[-0.828388512134552, -0.5601540207862854, 0.0, 848.9735107421875], [0.5601540207862854, -0.828388512134552, 0.0, 1359.373046875], [0.0, 0.0, 1.0, 0.0], [0.0, 0.0, 0.0, 1.0]], "pose_inverse": [[-0.828388512134552, 0.5601540207862854, 0.0, -58.17835235595703], [-0.5601540207862854, -0.828388512134552, 0.0, 1601.6448974609375], [0.0, 0.0, 1.0, 0.0], [0.0, 0.0, 0.0, 1.0]], "cam_ids": [0, 1, 2, 3, 4, 5], "cam_channels": ["CAM_FRONT_LEFT", "CAM_FRONT", "CAM_FRONT_RIGHT", "CAM_BACK_LEFT", "CAM_BACK", "CAM_BACK_RIGHT"], "token": "2f98c864acd9455d997f530de2e5a7ab", "scene": "scene-0675"}, {"images": ["samples/CAM_FRONT_LEFT/n008-2018-08-28-16-16-48-0400__CAM_FRONT_LEFT__1535487946004945.jpg", "samples/CAM_FRONT/n008-2018-08-28-16-16-48-0400__CAM_FRONT__1535487946012404.jpg", "samples/CAM_FRONT_RIGHT/n008-2018-08-28-16-16-48-0400__CAM_FRONT_RIGHT__1535487946020986.jpg", "samples/CAM_BACK_LEFT/n008-2018-08-28-16-16-48-0400__CAM_BACK_LEFT__1535487946047405.jpg", "samples/CAM_BACK/n008-2018-08-28-16-16-48-0400__CAM_BACK__1535487946037558.jpg", "samples/CAM_BACK_RIGHT/n008-2018-08-28-16-16-48-0400__CAM_BACK_RIGHT__1535487946028113.jpg"], "intrinsics": [[[1257.8625342125129, 0.0, 827.2410631095686], [0.0, 1257.8625342125129, 450.915498205774], [0.0, 0.0, 1.0]], [[1252.8131021185304, 0.0, 826.588114781398], [0.0, 1252.8131021185304, 469.9846626224581], [0.0, 0.0, 1.0]], [[1256.7485116440405, 0.0, 817.7887570959712], [0.0, 1256.7485116440403, 451.9541780095127], [0.0, 0.0, 1.0]], [[1254.9860565800168, 0.0, 829.5769333630991], [0.0, 1254.9860565800168, 467.1680561863987], [0.0, 0.0, 1.0]], [[796.8910634503094, 0.0, 857.7774326863696], [0.0, 796.8910634503094, 476.8848988407415], [0.0, 0.0, 1.0]], [[1249.9629280788233, 0.0, 825.3768045375984], [0.0, 1249.9629280788233, 462.54816385708756], [0.0, 0.0, 1.0]]], "extrinsics": [[[0.8218592405319214, -0.5695555806159973, -0.012411599978804588, -0.92242431640625], [0.004593819845467806, 0.028411511331796646, -0.999585747718811, 1.4887199401855469], [0.5696722269058228, 0.8214617371559143, 0.025966696441173553, -1.2774658203125], [0.0, 0.0, 0.0, 1.0]], [[0.009249681606888771, -0.9996644854545593, -0.024192366749048233, 0.0069580078125], [0.006516702007502317, 0.024253152310848236, -0.9996845722198486, 1.4806785583496094], [0.9999359846115112, 0.009089048951864243, 0.006738849449902773, -1.6527137756347656], [0.0, 0.0, 0.0, 1.0]], [[-0.8444123864173889, -0.5352993607521057, -0.020550483837723732, 1.0390625], [0.014500929042696953, 0.01550737489014864, -0.9997745752334595, 1.4939537048339844], [0.5354973673820496, -0.844520092010498, -0.0053322808817029, -1.2440185546875], [0.0, 0.0, 0.0, 1.0]], [[0.9478880167007446, 0.31860285997390747, -0.0006728123989887536, -1.144439697265625], [-0.010999922640621662, 0.030615663155913353, -0.9994707107543945, 1.5620498657226562], [-0.31841370463371277, 0.9473937153816223, 0.03252482786774635, -0.1558837890625], [0.0, 0.0, 0.0, 1.0]], [[0.009536482393741608, 0.9996888637542725, 0.023049557581543922, -0.0289306640625], [-0.008801121264696121, 0.023133626207709312, -0.9996936321258545, 1.5678596496582031], [-0.9999158382415771, 0.009330673143267632, 0.009018995799124241, 0.02194976806640625], [0.0, 0.0, 0.0, 1.0]], [[-0.9235244989395142, 0.38351407647132874, 0.004392375238239765, 1.11932373046875], [-0.004577914252877235, 0.0004289613279979676, -0.9999894499778748, 1.5476088523864746], [-0.38351187109947205, -0.9235349893569946, 0.0013595374766737223, -0.060546875], [0.0, 0.0, 0.0, 1.0]]], "view": [[0.0, -2.0, 100.0], [-2.0, 0.0, 100.0], [0.0, 0.0, 1.0]], "bev": "bev_08c2292b2b1e43b183c4fa7df2ba1e2c.png", "aux": "aux_08c2292b2b1e43b183c4fa7df2ba1e2c.npz", "visibility": "visibility_08c2292b2b1e43b183c4fa7df2ba1e2c.png", "pose": [[-0.8348467350006104, -0.550482451915741, 0.0, 848.0120239257812], [0.550482451915741, -0.8348467350006104, 0.0, 1360.0262451171875], [0.0, 0.0, 1.0, 0.0], [0.0, 0.0, 0.0, 1.0]], "pose_inverse": [[-0.8348467350006104, 0.550482451915741, 0.0, -40.71050262451172], [-0.550482451915741, -0.8348467350006104, 0.0, 1602.229248046875], [0.0, 0.0, 1.0, 0.0], [0.0, 0.0, 0.0, 1.0]], "cam_ids": [0, 1, 2, 3, 4, 5], "cam_channels": ["CAM_FRONT_LEFT", "CAM_FRONT", "CAM_FRONT_RIGHT", "CAM_BACK_LEFT", "CAM_BACK", "CAM_BACK_RIGHT"], "token": "08c2292b2b1e43b183c4fa7df2ba1e2c", "scene": "scene-0675"}, {"images": ["samples/CAM_FRONT_LEFT/n008-2018-08-28-16-16-48-0400__CAM_FRONT_LEFT__1535487946404799.jpg", "samples/CAM_FRONT/n008-2018-08-28-16-16-48-0400__CAM_FRONT__1535487946412404.jpg", "samples/CAM_FRONT_RIGHT/n008-2018-08-28-16-16-48-0400__CAM_FRONT_RIGHT__1535487946420482.jpg", "samples/CAM_BACK_LEFT/n008-2018-08-28-16-16-48-0400__CAM_BACK_LEFT__1535487946447405.jpg", "samples/CAM_BACK/n008-2018-08-28-16-16-48-0400__CAM_BACK__1535487946437693.jpg", "samples/CAM_BACK_RIGHT/n008-2018-08-28-16-16-48-0400__CAM_BACK_RIGHT__1535487946428113.jpg"], "intrinsics": [[[1257.8625342125129, 0.0, 827.2410631095686], [0.0, 1257.8625342125129, 450.915498205774], [0.0, 0.0, 1.0]], [[1252.8131021185304, 0.0, 826.588114781398], [0.0, 1252.8131021185304, 469.9846626224581], [0.0, 0.0, 1.0]], [[1256.7485116440405, 0.0, 817.7887570959712], [0.0, 1256.7485116440403, 451.9541780095127], [0.0, 0.0, 1.0]], [[1254.9860565800168, 0.0, 829.5769333630991], [0.0, 1254.9860565800168, 467.1680561863987], [0.0, 0.0, 1.0]], [[796.8910634503094, 0.0, 857.7774326863696], [0.0, 796.8910634503094, 476.8848988407415], [0.0, 0.0, 1.0]], [[1249.9629280788233, 0.0, 825.3768045375984], [0.0, 1249.9629280788233, 462.54816385708756], [0.0, 0.0, 1.0]]], "extrinsics": [[[0.821885347366333, -0.5695428252220154, -0.01120185200124979, -0.93719482421875], [0.006266289856284857, 0.028702303767204285, -0.9995683431625366, 1.4887962341308594], [0.5696184635162354, 0.821460485458374, 0.02715892158448696, -1.2869873046875], [0.0, 0.0, 0.0, 1.0]], [[0.009301481768488884, -0.9996556043624878, -0.024539684876799583, 0.0062255859375], [0.008241238072514534, 0.024616548791527748, -0.9996629953384399, 1.4807167053222656], [0.9999227523803711, 0.00909604411572218, 0.008467370644211769, -1.6673059463500977], [0.0, 0.0, 0.0, 1.0]], [[-0.8443795442581177, -0.5352813601493835, -0.02229323610663414, 1.047119140625], [0.01628298871219158, 0.01595127582550049, -0.9997401237487793, 1.4939136505126953], [0.5354979634284973, -0.8445231914520264, -0.004752952605485916, -1.2498779296875], [0.0, 0.0, 0.0, 1.0]], [[0.9478858113288879, 0.3186066448688507, 0.0014932678313925862, -1.144866943359375], [-0.008919153362512589, 0.031219743192195892, -0.9994727373123169, 1.5620498657226562], [-0.3184853494167328, 0.9473726749420166, 0.032434456050395966, -0.15576171875], [0.0, 0.0, 0.0, 1.0]], [[0.009496847167611122, 0.999676525592804, 0.02359605021774769, -0.0286865234375], [-0.006851688027381897, 0.023661615327000618, -0.9996965527534485, 1.5679359436035156], [-0.9999315142631531, 0.009332329034805298, 0.007074182387441397, 0.026275634765625], [0.0, 0.0, 0.0, 1.0]], [[-0.9235303997993469, 0.3835141956806183, 0.002895824611186981, 1.126708984375], [-0.0027517806738615036, 0.000924239051528275, -0.999995768070221, 1.5477124452590942], [-0.38351526856422424, -0.9235345125198364, 0.0002017833321588114, -0.0574951171875], [0.0, 0.0, 0.0, 1.0]]], "view": [[0.0, -2.0, 100.0], [-2.0, 0.0, 100.0], [0.0, 0.0, 1.0]], "bev": "bev_f320c357d5c2422d97f11b79e9520c6f.png", "aux": "aux_f320c357d5c2422d97f11b79e9520c6f.npz", "visibility": "visibility_f320c357d5c2422d97f11b79e9520c6f.png", "pose": [[-0.8405885100364685, -0.5416741967201233, 0.0, 847.3121337890625], [0.5416741967201233, -0.8405885100364685, 0.0, 1360.4906005859375], [0.0, 0.0, 1.0, 0.0], [0.0, 0.0, 0.0, 1.0]], "pose_inverse": [[-0.8405885100364685, 0.5416741967201233, 0.0, -24.701839447021484], [-0.5416741967201233, -0.8405885100364685, 0.0, 1602.5799560546875], [0.0, 0.0, 1.0, 0.0], [0.0, 0.0, 0.0, 1.0]], "cam_ids": [0, 1, 2, 3, 4, 5], "cam_channels": ["CAM_FRONT_LEFT", "CAM_FRONT", "CAM_FRONT_RIGHT", "CAM_BACK_LEFT", "CAM_BACK", "CAM_BACK_RIGHT"], "token": "f320c357d5c2422d97f11b79e9520c6f", "scene": "scene-0675"}, {"images": ["samples/CAM_FRONT_LEFT/n008-2018-08-28-16-16-48-0400__CAM_FRONT_LEFT__1535487946904799.jpg", "samples/CAM_FRONT/n008-2018-08-28-16-16-48-0400__CAM_FRONT__1535487946912404.jpg", "samples/CAM_FRONT_RIGHT/n008-2018-08-28-16-16-48-0400__CAM_FRONT_RIGHT__1535487946920482.jpg", "samples/CAM_BACK_LEFT/n008-2018-08-28-16-16-48-0400__CAM_BACK_LEFT__1535487946947405.jpg", "samples/CAM_BACK/n008-2018-08-28-16-16-48-0400__CAM_BACK__1535487946937558.jpg", "samples/CAM_BACK_RIGHT/n008-2018-08-28-16-16-48-0400__CAM_BACK_RIGHT__1535487946928113.jpg"], "intrinsics": [[[1257.8625342125129, 0.0, 827.2410631095686], [0.0, 1257.8625342125129, 450.915498205774], [0.0, 0.0, 1.0]], [[1252.8131021185304, 0.0, 826.588114781398], [0.0, 1252.8131021185304, 469.9846626224581], [0.0, 0.0, 1.0]], [[1256.7485116440405, 0.0, 817.7887570959712], [0.0, 1256.7485116440403, 451.9541780095127], [0.0, 0.0, 1.0]], [[1254.9860565800168, 0.0, 829.5769333630991], [0.0, 1254.9860565800168, 467.1680561863987], [0.0, 0.0, 1.0]], [[796.8910634503094, 0.0, 857.7774326863696], [0.0, 796.8910634503094, 476.8848988407415], [0.0, 0.0, 1.0]], [[1249.9629280788233, 0.0, 825.3768045375984], [0.0, 1249.9629280788233, 462.54816385708756], [0.0, 0.0, 1.0]]], "extrinsics": [[[0.8219580054283142, -0.5694622993469238, -0.00988737866282463, -0.940673828125], [0.008067850954830647, 0.028999870643019676, -0.9995468854904175, 1.4889030456542969], [0.5694910287857056, 0.8215057849884033, 0.028431013226509094, -1.289794921875], [0.0, 0.0, 0.0, 1.0]], [[0.009425566531717777, -0.9996486902236938, -0.024771524593234062, 0.0067138671875], [0.01005406305193901, 0.02486611343920231, -0.9996402263641357, 1.4807777404785156], [0.999904990196228, 0.009173138067126274, 0.010284909047186375, -1.6720857620239258], [0.0, 0.0, 0.0, 1.0]], [[-0.8443032503128052, -0.5353306531906128, -0.023941272869706154, 1.05145263671875], [0.01810789294540882, 0.016150154173374176, -0.9997056126594543, 1.4939117431640625], [0.5355597138404846, -0.8444882035255432, -0.0039419191889464855, -1.252197265625], [0.0, 0.0, 0.0, 1.0]], [[0.947887122631073, 0.3185915946960449, 0.0030795659404248, -1.14508056640625], [-0.007250863593071699, 0.031234292313456535, -0.9994857907295227, 1.5620498657226562], [-0.31852394342422485, 0.9473773241043091, 0.031916648149490356, -0.1558837890625], [0.0, 0.0, 0.0, 1.0]], [[0.009444045834243298, 0.9996739625930786, 0.023723546415567398, -0.02880859375], [-0.005167496856302023, 0.023773077875375748, -0.9997040033340454, 1.5679702758789062], [-0.9999420642852783, 0.009318580850958824, 0.005390324164181948, 0.028104782104492188], [0.0, 0.0, 0.0, 1.0]], [[-0.9235510230064392, 0.38347333669662476, 0.0013167281867936254, 1.13018798828125], [-0.0009752746555022895, 0.0010848486563190818, -0.999998927116394, 1.5477803945541382], [-0.38347432017326355, -0.9235513210296631, -0.0006279214285314083, -0.055908203125], [0.0, 0.0, 0.0, 1.0]]], "view": [[0.0, -2.0, 100.0], [-2.0, 0.0, 100.0], [0.0, 0.0, 1.0]], "bev": "bev_d7652b0a0116460aa88eddae5d498bae.png", "aux": "aux_d7652b0a0116460aa88eddae5d498bae.npz", "visibility": "visibility_d7652b0a0116460aa88eddae5d498bae.png", "pose": [[-0.8478096127510071, -0.5303007364273071, 0.0, 846.4671630859375], [0.5303007364273071, -0.8478096127510071, 0.0, 1361.035888671875], [0.0, 0.0, 1.0, 0.0], [0.0, 0.0, 0.0, 1.0]], "pose_inverse": [[-0.8478096127510071, 0.5303007364273071, 0.0, -4.115328788757324], [-0.5303007364273071, -0.8478096127510071, 0.0, 1602.781494140625], [0.0, 0.0, 1.0, 0.0], [0.0, 0.0, 0.0, 1.0]], "cam_ids": [0, 1, 2, 3, 4, 5], "cam_channels": ["CAM_FRONT_LEFT", "CAM_FRONT", "CAM_FRONT_RIGHT", "CAM_BACK_LEFT", "CAM_BACK", "CAM_BACK_RIGHT"], "token": "d7652b0a0116460aa88eddae5d498bae", "scene": "scene-0675"}, {"images": ["samples/CAM_FRONT_LEFT/n008-2018-08-28-16-16-48-0400__CAM_FRONT_LEFT__1535487947404799.jpg", "samples/CAM_FRONT/n008-2018-08-28-16-16-48-0400__CAM_FRONT__1535487947412404.jpg", "samples/CAM_FRONT_RIGHT/n008-2018-08-28-16-16-48-0400__CAM_FRONT_RIGHT__1535487947420482.jpg", "samples/CAM_BACK_LEFT/n008-2018-08-28-16-16-48-0400__CAM_BACK_LEFT__1535487947447405.jpg", "samples/CAM_BACK/n008-2018-08-28-16-16-48-0400__CAM_BACK__1535487947437558.jpg", "samples/CAM_BACK_RIGHT/n008-2018-08-28-16-16-48-0400__CAM_BACK_RIGHT__1535487947428113.jpg"], "intrinsics": [[[1257.8625342125129, 0.0, 827.2410631095686], [0.0, 1257.8625342125129, 450.915498205774], [0.0, 0.0, 1.0]], [[1252.8131021185304, 0.0, 826.588114781398], [0.0, 1252.8131021185304, 469.9846626224581], [0.0, 0.0, 1.0]], [[1256.7485116440405, 0.0, 817.7887570959712], [0.0, 1256.7485116440403, 451.9541780095127], [0.0, 0.0, 1.0]], [[1254.9860565800168, 0.0, 829.5769333630991], [0.0, 1254.9860565800168, 467.1680561863987], [0.0, 0.0, 1.0]], [[796.8910634503094, 0.0, 857.7774326863696], [0.0, 796.8910634503094, 476.8848988407415], [0.0, 0.0, 1.0]], [[1249.9629280788233, 0.0, 825.3768045375984], [0.0, 1249.9629280788233, 462.54816385708756], [0.0, 0.0, 1.0]]], "extrinsics": [[[0.8218884468078613, -0.5695645213127136, -0.009782384149730206, -0.93084716796875], [0.007996133528649807, 0.02870609238743782, -0.9995559453964233, 1.4889945983886719], [0.5695924162864685, 0.8214452266693115, 0.028147520497441292, -1.2828369140625], [0.0, 0.0, 0.0, 1.0]], [[0.009312094189226627, -0.9996553659439087, -0.024542653933167458, 0.006591796875], [0.009908881969749928, 0.02463476173579693, -0.9996474385261536, 1.4808807373046875], [0.9999074935913086, 0.009065667167305946, 0.010134870186448097, -1.6609020233154297], [0.0, 0.0, 0.0, 1.0]], [[-0.8443610668182373, -0.5352517366409302, -0.023663396015763283, 1.0428466796875], [0.01788431406021118, 0.015984565019607544, -0.9997122883796692, 1.4940814971923828], [0.53547602891922, -0.8445413112640381, -0.003924133721739054, -1.24658203125], [0.0, 0.0, 0.0, 1.0]], [[0.9478808045387268, 0.31861382722854614, 0.0026708124205470085, -1.1455078125], [-0.007708193268626928, 0.031310226768255234, -0.9994800090789795, 1.5620536804199219], [-0.3185317814350128, 0.947367250919342, 0.03213430196046829, -0.1553955078125], [0.0, 0.0, 0.0, 1.0]], [[0.009483898058533669, 0.9996753334999084, 0.023649895563721657, -0.02880859375], [-0.005496038589626551, 0.02370271272957325, -0.9997038841247559, 1.5679473876953125], [-0.9999399185180664, 0.009351168759167194, 0.005719048902392387, 0.024582266807556152], [0.0, 0.0, 0.0, 1.0]], [[-0.9235228896141052, 0.3835400938987732, 0.0015118469018489122, 1.123291015625], [-0.001238889410160482, 0.0009587042732164264, -0.9999988079071045, 1.54776132106781], [-0.3835411071777344, -0.9235237240791321, -0.0004102206730749458, -0.0587158203125], [0.0, 0.0, 0.0, 1.0]]], "view": [[0.0, -2.0, 100.0], [-2.0, 0.0, 100.0], [0.0, 0.0, 1.0]], "bev": "bev_3ec2b4821617474baf28b5b467ab8804.png", "aux": "aux_3ec2b4821617474baf28b5b467ab8804.npz", "visibility": "visibility_3ec2b4821617474baf28b5b467ab8804.png", "pose": [[-0.8543092608451843, -0.5197650194168091, 0.0, 845.6389770507812], [0.5197650194168091, -0.8543092608451843, 0.0, 1361.556884765625], [0.0, 0.0, 1.0, 0.0], [0.0, 0.0, 0.0, 1.0]], "pose_inverse": [[-0.8543092608451843, 0.5197650194168091, 0.0, 14.747568130493164], [-0.5197650194168091, -0.8543092608451843, 0.0, 1602.7242431640625], [0.0, 0.0, 1.0, 0.0], [0.0, 0.0, 0.0, 1.0]], "cam_ids": [0, 1, 2, 3, 4, 5], "cam_channels": ["CAM_FRONT_LEFT", "CAM_FRONT", "CAM_FRONT_RIGHT", "CAM_BACK_LEFT", "CAM_BACK", "CAM_BACK_RIGHT"], "token": "3ec2b4821617474baf28b5b467ab8804", "scene": "scene-0675"}, {"images": ["samples/CAM_FRONT_LEFT/n008-2018-08-28-16-16-48-0400__CAM_FRONT_LEFT__1535487947904799.jpg", "samples/CAM_FRONT/n008-2018-08-28-16-16-48-0400__CAM_FRONT__1535487947912407.jpg", "samples/CAM_FRONT_RIGHT/n008-2018-08-28-16-16-48-0400__CAM_FRONT_RIGHT__1535487947920482.jpg", "samples/CAM_BACK_LEFT/n008-2018-08-28-16-16-48-0400__CAM_BACK_LEFT__1535487947947405.jpg", "samples/CAM_BACK/n008-2018-08-28-16-16-48-0400__CAM_BACK__1535487947937558.jpg", "samples/CAM_BACK_RIGHT/n008-2018-08-28-16-16-48-0400__CAM_BACK_RIGHT__1535487947928113.jpg"], "intrinsics": [[[1257.8625342125129, 0.0, 827.2410631095686], [0.0, 1257.8625342125129, 450.915498205774], [0.0, 0.0, 1.0]], [[1252.8131021185304, 0.0, 826.588114781398], [0.0, 1252.8131021185304, 469.9846626224581], [0.0, 0.0, 1.0]], [[1256.7485116440405, 0.0, 817.7887570959712], [0.0, 1256.7485116440403, 451.9541780095127], [0.0, 0.0, 1.0]], [[1254.9860565800168, 0.0, 829.5769333630991], [0.0, 1254.9860565800168, 467.1680561863987], [0.0, 0.0, 1.0]], [[796.8910634503094, 0.0, 857.7774326863696], [0.0, 796.8910634503094, 476.8848988407415], [0.0, 0.0, 1.0]], [[1249.9629280788233, 0.0, 825.3768045375984], [0.0, 1249.9629280788233, 462.54816385708756], [0.0, 0.0, 1.0]]], "extrinsics": [[[0.8220887184143066, -0.5692608952522278, -0.010596586391329765, -0.93280029296875], [0.007188454270362854, 0.028987424448132515, -0.999553918838501, 1.4888877868652344], [0.5693141222000122, 0.8216457962989807, 0.027922339737415314, -1.2847900390625], [0.0, 0.0, 0.0, 1.0]], [[0.00961549486964941, -0.9996463656425476, -0.024792350828647614, 0.0069580078125], [0.009133334271609783, 0.024880262091755867, -0.9996487498283386, 1.4807853698730469], [0.9999120235443115, 0.009385756216943264, 0.009369341656565666, -1.6642227172851562], [0.0, 0.0, 0.0, 1.0]], [[-0.8442304730415344, -0.5354802012443542, -0.023150984197854996, 1.0462646484375], [0.017143748700618744, 0.01619345135986805, -0.999721884727478, 1.4939689636230469], [0.5357061624526978, -0.8443924784660339, -0.004490865860134363, -1.2486572265625], [0.0, 0.0, 0.0, 1.0]], [[0.9478888511657715, 0.3185940086841583, 0.002182054566219449, -1.145751953125], [-0.008252005092799664, 0.03139697387814522, -0.9994729161262512, 1.5620536804199219], [-0.3184945583343506, 0.9473711848258972, 0.03238987922668457, -0.1556396484375], [0.0, 0.0, 0.0, 1.0]], [[0.009394502267241478, 0.9996726512908936, 0.023795517161488533, -0.02880859375], [-0.006081923842430115, 0.023853249847888947, -0.999