[{"images": ["samples/CAM_FRONT_LEFT/n015-2018-08-03-15-00-36+0800__CAM_FRONT_LEFT__1533280313604844.jpg", "samples/CAM_FRONT/n015-2018-08-03-15-00-36+0800__CAM_FRONT__1533280313612460.jpg", "samples/CAM_FRONT_RIGHT/n015-2018-08-03-15-00-36+0800__CAM_FRONT_RIGHT__1533280313620339.jpg", "samples/CAM_BACK_LEFT/n015-2018-08-03-15-00-36+0800__CAM_BACK_LEFT__1533280313647423.jpg", "samples/CAM_BACK/n015-2018-08-03-15-00-36+0800__CAM_BACK__1533280313637525.jpg", "samples/CAM_BACK_RIGHT/n015-2018-08-03-15-00-36+0800__CAM_BACK_RIGHT__1533280313627893.jpg"], "intrinsics": [[[1272.5979470598488, 0.0, 826.6154927353808], [0.0, 1272.5979470598488, 479.75165386361925], [0.0, 0.0, 1.0]], [[1266.417203046554, 0.0, 816.2670197447984], [0.0, 1266.417203046554, 491.50706579294757], [0.0, 0.0, 1.0]], [[1260.8474446004698, 0.0, 807.968244525554], [0.0, 1260.8474446004698, 495.3344268742088], [0.0, 0.0, 1.0]], [[1256.7414812095406, 0.0, 792.1125740759628], [0.0, 1256.7414812095406, 492.7757465151356], [0.0, 0.0, 1.0]], [[809.2209905677063, 0.0, 829.2196003259838], [0.0, 809.2209905677063, 481.77842384512485], [0.0, 0.0, 1.0]], [[1259.5137405846733, 0.0, 807.2529053838625], [0.0, 1259.5137405846733, 501.19579884916527], [0.0, 0.0, 1.0]]], "extrinsics": [[[0.8208379745483398, -0.5710713863372803, 0.01012327242642641, -0.94329833984375], [-0.003860233351588249, -0.023270435631275177, -0.9997217655181885, 1.508148193359375], [0.5711480379104614, 0.8205704092979431, -0.02130572497844696, -1.265380859375], [0.0, 0.0, 0.0, 1.0]], [[0.0058583468198776245, -0.9996106624603271, 0.027279064059257507, 0.0052490234375], [-0.009158619679510593, -0.02733202651143074, -0.9995844960212708, 1.5203380584716797], [0.9999409317970276, 0.005606081802397966, -0.00931517593562603, -1.6705322265625], [0.0, 0.0, 0.0, 1.0]], [[-0.8328558802604675, -0.5534237623214722, 0.00855112262070179, 1.01806640625], [-0.0035386355593800545, -0.010125073604285717, -0.9999424815177917, 1.503584861755371], [0.553478479385376, -0.832838237285614, 0.006474362686276436, -1.2391357421875], [0.0, 0.0, 0.0, 1.0]], [[0.9476994276046753, 0.31906256079673767, -0.00804902333766222, -1.140625], [0.005143973045051098, -0.04048503190279007, -0.9991669058799744, 1.5885639190673828], [-0.31912264227867126, 0.9468685388565063, -0.04000889137387276, -0.1042327880859375], [0.0, 0.0, 0.0, 1.0]], [[0.0022013571579009295, 0.9995318055152893, -0.0305176954716444, 0.00274658203125], [-0.020280437543988228, -0.030466865748167038, -0.9993300437927246, 1.5792160034179688], [-0.9997918605804443, 0.002818707376718521, 0.02020387537777424, -0.00531005859375], [0.0, 0.0, 0.0, 1.0]], [[-0.9348762631416321, 0.3545707166194916, -0.016909273341298103, 1.12432861328125], [0.012343750335276127, -0.01513427123427391, -0.9998092651367188, 1.5516061782836914], [-0.35475894808769226, -0.9349066615104675, 0.009771937504410744, -0.06805419921875], [0.0, 0.0, 0.0, 1.0]]], "view": [[0.0, -2.0, 100.0], [-2.0, 0.0, 100.0], [0.0, 0.0, 1.0]], "bev": "bev_8d14711de536487ab92ecee73914b689.png", "aux": "aux_8d14711de536487ab92ecee73914b689.npz", "visibility": "visibility_8d14711de536487ab92ecee73914b689.png", "pose": [[0.6217876076698303, -0.7831858992576599, 0.0, 171.02711486816406], [0.7831858992576599, 0.6217876076698303, 0.0, 1140.8485107421875], [0.0, 0.0, 1.0, 0.0], [0.0, 0.0, 0.0, 1.0]], "pose_inverse": [[0.6217876076698303, 0.7831858992576599, 0.0, -999.8389892578125], [-0.7831858992576599, 0.6217876076698303, 0.0, -575.4194946289062], [0.0, 0.0, 1.0, 0.0], [0.0, 0.0, 0.0, 1.0]], "cam_ids": [0, 1, 2, 3, 4, 5], "cam_channels": ["CAM_FRONT_LEFT", "CAM_FRONT", "CAM_FRONT_RIGHT", "CAM_BACK_LEFT", "CAM_BACK", "CAM_BACK_RIGHT"], "token": "8d14711de536487ab92ecee73914b689", "scene": "scene-0374"}, {"images": ["samples/CAM_FRONT_LEFT/n015-2018-08-03-15-00-36+0800__CAM_FRONT_LEFT__1533280314154844.jpg", "samples/CAM_FRONT/n015-2018-08-03-15-00-36+0800__CAM_FRONT__1533280314162460.jpg", "samples/CAM_FRONT_RIGHT/n015-2018-08-03-15-00-36+0800__CAM_FRONT_RIGHT__1533280314170339.jpg", "samples/CAM_BACK_LEFT/n015-2018-08-03-15-00-36+0800__CAM_BACK_LEFT__1533280314197423.jpg", "samples/CAM_BACK/n015-2018-08-03-15-00-36+0800__CAM_BACK__1533280314187525.jpg", "samples/CAM_BACK_RIGHT/n015-2018-08-03-15-00-36+0800__CAM_BACK_RIGHT__1533280314177893.jpg"], "intrinsics": [[[1272.5979470598488, 0.0, 826.6154927353808], [0.0, 1272.5979470598488, 479.75165386361925], [0.0, 0.0, 1.0]], [[1266.417203046554, 0.0, 816.2670197447984], [0.0, 1266.417203046554, 491.50706579294757], [0.0, 0.0, 1.0]], [[1260.8474446004698, 0.0, 807.968244525554], [0.0, 1260.8474446004698, 495.3344268742088], [0.0, 0.0, 1.0]], [[1256.7414812095406, 0.0, 792.1125740759628], [0.0, 1256.7414812095406, 492.7757465151356], [0.0, 0.0, 1.0]], [[809.2209905677063, 0.0, 829.2196003259838], [0.0, 809.2209905677063, 481.77842384512485], [0.0, 0.0, 1.0]], [[1259.5137405846733, 0.0, 807.2529053838625], [0.0, 1259.5137405846733, 501.19579884916527], [0.0, 0.0, 1.0]]], "extrinsics": [[[0.8208894729614258, -0.5710054039955139, 0.009656271897256374, -0.950408935546875], [-0.004403700120747089, -0.02323712222278118, -0.9997202754020691, 1.5081710815429688], [0.5710700750350952, 0.8206173777580261, -0.021589646115899086, -1.2701416015625], [0.0, 0.0, 0.0, 1.0]], [[0.0059438650496304035, -0.9996113777160645, 0.02723408117890358, 0.005126953125], [-0.009722976014018059, -0.02729104831814766, -0.9995802640914917, 1.5203914642333984], [0.9999350309371948, 0.005676541943103075, -0.00988141167908907, -1.67767333984375], [0.0, 0.0, 0.0, 1.0]], [[-0.8328185081481934, -0.5534726977348328, 0.009011896327137947, 1.0228271484375], [-0.004126174841076136, -0.010072777979075909, -0.9999407529830933, 1.5035953521728516], [0.553530752658844, -0.8328063488006592, 0.006105069536715746, -1.2422637939453125], [0.0, 0.0, 0.0, 1.0]], [[0.9476923942565918, 0.3190673887729645, -0.008659685030579567, -1.1412353515625], [0.004467210732400417, -0.04038668051362038, -0.9991741180419922, 1.58856201171875], [-0.31915366649627686, 0.9468711018562317, -0.0396994948387146, -0.10406494140625], [0.0, 0.0, 0.0, 1.0]], [[0.00215990305878222, 0.9995339512825012, -0.03045211359858513, 0.0028076171875], [-0.020926427096128464, -0.030400339514017105, -0.9993187785148621, 1.5792503356933594], [-0.999778687953949, 0.002795641543343663, 0.02085101045668125, -0.0030517578125], [0.0, 0.0, 0.0, 1.0]], [[-0.9349020719528198, 0.3545301854610443, -0.016320139169692993, 1.1282958984375], [0.011737789958715439, -0.015071997418999672, -0.9998175501823425, 1.5515494346618652], [-0.35471147298812866, -0.9349231123924255, 0.009929440915584564, -0.066650390625], [0.0, 0.0, 0.0, 1.0]]], "view": [[0.0, -2.0, 100.0], [-2.0, 0.0, 100.0], [0.0, 0.0, 1.0]], "bev": "bev_3a618b927bb74c44be157dccece4b4e5.png", "aux": "aux_3a618b927bb74c44be157dccece4b4e5.npz", "visibility": "visibility_3a618b927bb74c44be157dccece4b4e5.png", "pose": [[0.6215211749076843, -0.783397376537323, 0.0, 171.1695098876953], [0.783397376537323, 0.6215211749076843, 0.0, 1141.0272216796875], [0.0, 0.0, 1.0, 0.0], [0.0, 0.0, 0.0, 1.0]], "pose_inverse": [[0.6215211749076843, 0.783397376537323, 0.0, -1000.26318359375], [-0.783397376537323, 0.6215211749076843, 0.0, -575.078857421875], [0.0, 0.0, 1.0, 0.0], [0.0, 0.0, 0.0, 1.0]], "cam_ids": [0, 1, 2, 3, 4, 5], "cam_channels": ["CAM_FRONT_LEFT", "CAM_FRONT", "CAM_FRONT_RIGHT", "CAM_BACK_LEFT", "CAM_BACK", "CAM_BACK_RIGHT"], "token": "3a618b927bb74c44be157dccece4b4e5", "scene": "scene-0374"}, {"images": ["samples/CAM_FRONT_LEFT/n015-2018-08-03-15-00-36+0800__CAM_FRONT_LEFT__1533280314654844.jpg", "samples/CAM_FRONT/n015-2018-08-03-15-00-36+0800__CAM_FRONT__1533280314662460.jpg", "samples/CAM_FRONT_RIGHT/n015-2018-08-03-15-00-36+0800__CAM_FRONT_RIGHT__1533280314670339.jpg", "samples/CAM_BACK_LEFT/n015-2018-08-03-15-00-36+0800__CAM_BACK_LEFT__1533280314697423.jpg", "samples/CAM_BACK/n015-2018-08-03-15-00-36+0800__CAM_BACK__1533280314687525.jpg", "samples/CAM_BACK_RIGHT/n015-2018-08-03-15-00-36+0800__CAM_BACK_RIGHT__1533280314677893.jpg"], "intrinsics": [[[1272.5979470598488, 0.0, 826.6154927353808], [0.0, 1272.5979470598488, 479.75165386361925], [0.0, 0.0, 1.0]], [[1266.417203046554, 0.0, 816.2670197447984], [0.0, 1266.417203046554, 491.50706579294757], [0.0, 0.0, 1.0]], [[1260.8474446004698, 0.0, 807.968244525554], [0.0, 1260.8474446004698, 495.3344268742088], [0.0, 0.0, 1.0]], [[1256.7414812095406, 0.0, 792.1125740759628], [0.0, 1256.7414812095406, 492.7757465151356], [0.0, 0.0, 1.0]], [[809.2209905677063, 0.0, 829.2196003259838], [0.0, 809.2209905677063, 481.77842384512485], [0.0, 0.0, 1.0]], [[1259.5137405846733, 0.0, 807.2529053838625], [0.0, 1259.5137405846733, 501.19579884916527], [0.0, 0.0, 1.0]]], "extrinsics": [[[0.8208794593811035, -0.571031391620636, 0.008955825120210648, -0.958282470703125], [-0.00506193470209837, -0.022955987602472305, -0.9997236728668213, 1.5082073211669922], [0.5710791945457458, 0.8206071853637695, -0.02173462137579918, -1.2757568359375], [0.0, 0.0, 0.0, 1.0]], [[0.005932884756475687, -0.9996190667152405, 0.02695406600832939, 0.0052490234375], [-0.010361773893237114, -0.02701454982161522, -0.9995813369750977, 1.5204658508300781], [0.9999288320541382, 0.005651070270687342, -0.010518098250031471, -1.68560791015625], [0.0, 0.0, 0.0, 1.0]], [[-0.8328282237052917, -0.5534520745277405, 0.009378875605762005, 1.0281982421875], [-0.00474651949480176, -0.009802625514566898, -0.9999406933784485, 1.5036201477050781], [0.5535112023353577, -0.8328233361244202, 0.005536932963877916, -1.2457427978515625], [0.0, 0.0, 0.0, 1.0]], [[0.9476915597915649, 0.3190579116344452, -0.009103351272642612, -1.1416015625], [0.003917329479008913, -0.040144335478544235, -0.9991861581802368, 1.5885543823242188], [-0.31916362047195435, 0.9468846917152405, -0.039294302463531494, -0.1038665771484375], [0.0, 0.0, 0.0, 1.0]], [[0.002162011107429862, 0.9995419383049011, -0.030187180265784264, 0.00274658203125], [-0.021497292444109917, -0.030133817344903946, -0.9993146657943726, 1.5793075561523438], [-0.9997665882110596, 0.002809504745528102, 0.021422291174530983, -0.00030517578125], [0.0, 0.0, 0.0, 1.0]], [[-0.9349024891853333, 0.35455891489982605, -0.015664441511034966, 1.132568359375], [0.01113592367619276, -0.014809253625571728, -0.9998283386230469, 1.5514945983886719], [-0.3547300398349762, -0.9349164366722107, 0.009896865114569664, -0.06494140625], [0.0, 0.0, 0.0, 1.0]]], "view": [[0.0, -2.0, 100.0], [-2.0, 0.0, 100.0], [0.0, 0.0, 1.0]], "bev": "bev_adf6eda950da49b290b0e94a8aa552a9.png", "aux": "aux_adf6eda950da49b290b0e94a8aa552a9.npz", "visibility": "visibility_adf6eda950da49b290b0e94a8aa552a9.png", "pose": [[0.6215764880180359, -0.7833535075187683, 0.0, 171.25413513183594], [0.7833535075187683, 0.6215764880180359, 0.0, 1141.1326904296875], [0.0, 0.0, 1.0, 0.0], [0.0, 0.0, 0.0, 1.0]], "pose_inverse": [[0.6215764880180359, 0.7833535075187683, 0.0, -1000.3577880859375], [-0.7833535075187683, 0.6215764880180359, 0.0, -575.1487426757812], [0.0, 0.0, 1.0, 0.0], [0.0, 0.0, 0.0, 1.0]], "cam_ids": [0, 1, 2, 3, 4, 5], "cam_channels": ["CAM_FRONT_LEFT", "CAM_FRONT", "CAM_FRONT_RIGHT", "CAM_BACK_LEFT", "CAM_BACK", "CAM_BACK_RIGHT"], "token": "adf6eda950da49b290b0e94a8aa552a9", "scene": "scene-0374"}, {"images": ["samples/CAM_FRONT_LEFT/n015-2018-08-03-15-00-36+0800__CAM_FRONT_LEFT__1533280315104844.jpg", "samples/CAM_FRONT/n015-2018-08-03-15-00-36+0800__CAM_FRONT__1533280315112460.jpg", "samples/CAM_FRONT_RIGHT/n015-2018-08-03-15-00-36+0800__CAM_FRONT_RIGHT__1533280315120339.jpg", "samples/CAM_BACK_LEFT/n015-2018-08-03-15-00-36+0800__CAM_BACK_LEFT__1533280315147423.jpg", "samples/CAM_BACK/n015-2018-08-03-15-00-36+0800__CAM_BACK__1533280315137525.jpg", "samples/CAM_BACK_RIGHT/n015-2018-08-03-15-00-36+0800__CAM_BACK_RIGHT__1533280315127893.jpg"], "intrinsics": [[[1272.5979470598488, 0.0, 826.6154927353808], [0.0, 1272.5979470598488, 479.75165386361925], [0.0, 0.0, 1.0]], [[1266.417203046554, 0.0, 816.2670197447984], [0.0, 1266.417203046554, 491.50706579294757], [0.0, 0.0, 1.0]], [[1260.8474446004698, 0.0, 807.968244525554], [0.0, 1260.8474446004698, 495.3344268742088], [0.0, 0.0, 1.0]], [[1256.7414812095406, 0.0, 792.1125740759628], [0.0, 1256.7414812095406, 492.7757465151356], [0.0, 0.0, 1.0]], [[809.2209905677063, 0.0, 829.2196003259838], [0.0, 809.2209905677063, 481.77842384512485], [0.0, 0.0, 1.0]], [[1259.5137405846733, 0.0, 807.2529053838625], [0.0, 1259.5137405846733, 501.19579884916527], [0.0, 0.0, 1.0]]], "extrinsics": [[[0.8208413124084473, -0.5710439682006836, 0.011329025030136108, -0.96588134765625], [-0.0021187409292906523, -0.022879472002387047, -0.999735951423645, 1.5082502365112305], [0.5711523294448853, 0.8206005692481995, -0.019990308210253716, -1.2811279296875], [0.0, 0.0, 0.0, 1.0]], [[0.005843283608555794, -0.9996216893196106, 0.02687693201005459, 0.00506591796875], [-0.007361655589193106, -0.026919664815068245, -0.9996104836463928, 1.5205402374267578], [0.9999558925628662, 0.005643186625093222, -0.0075161694549024105, -1.693115234375], [0.0, 0.0, 0.0, 1.0]], [[-0.8328539133071899, -0.553451418876648, 0.006765830796211958, 1.0330810546875], [-0.0016840408788993955, -0.0096899988129735, -0.9999516010284424, 1.5036463737487793], [0.5534902215003967, -0.8328250646591187, 0.0071383207105100155, -1.2490768432617188], [0.0, 0.0, 0.0, 1.0]], [[0.9477049112319946, 0.319090336561203, -0.006065361201763153, -1.142333984375], [0.0070784566923975945, -0.04001574590802193, -0.9991739988327026, 1.5885553359985352], [-0.31906941533088684, 0.9468792080879211, -0.04018178582191467, -0.1036376953125], [0.0, 0.0, 0.0, 1.0]], [[0.002238097134977579, 0.9995454549789429, -0.030062582343816757, 0.00274658203125], [-0.018338263034820557, -0.030016576871275902, -0.9993811845779419, 1.5793647766113281], [-0.9998293519020081, 0.002787987934425473, 0.018262747675180435, 0.00213623046875], [0.0, 0.0, 0.0, 1.0]], [[-0.9348516464233398, 0.3545546531677246, -0.01852874457836151, 1.13671875], [0.01424601674079895, -0.014685902744531631, -0.9997906684875488, 1.5514426231384277], [-0.3547525703907013, -0.9349199533462524, 0.00867814663797617, -0.0633544921875], [0.0, 0.0, 0.0, 1.0]]], "view": [[0.0, -2.0, 100.0], [-2.0, 0.0, 100.0], [0.0, 0.0, 1.0]], "bev": "bev_be29083cb9724c8a968338714fb37f5d.png", "aux": "aux_be29083cb9724c8a968338714fb37f5d.npz", "visibility": "visibility_be29083cb9724c8a968338714fb37f5d.png", "pose": [[0.6215353012084961, -0.7833861708641052, 0.0, 171.2620391845703], [0.7833861708641052, 0.6215353012084961, 0.0, 1141.1416015625], [0.0, 0.0, 1.0, 0.0], [0.0, 0.0, 0.0, 1.0]], "pose_inverse": [[0.6215353012084961, 0.7833861708641052, 0.0, -1000.3999633789062], [-0.7833861708641052, 0.6215353012084961, 0.0, -575.095458984375], [0.0, 0.0, 1.0, 0.0], [0.0, 0.0, 0.0, 1.0]], "cam_ids": [0, 1, 2, 3, 4, 5], "cam_channels": ["CAM_FRONT_LEFT", "CAM_FRONT", "CAM_FRONT_RIGHT", "CAM_BACK_LEFT", "CAM_BACK", "CAM_BACK_RIGHT"], "token": "be29083cb9724c8a968338714fb37f5d", "scene": "scene-0374"}, {"images": ["samples/CAM_FRONT_LEFT/n015-2018-08-03-15-00-36+0800__CAM_FRONT_LEFT__1533280315654844.jpg", "samples/CAM_FRONT/n015-2018-08-03-15-00-36+0800__CAM_FRONT__1533280315662460.jpg", "samples/CAM_FRONT_RIGHT/n015-2018-08-03-15-00-36+0800__CAM_FRONT_RIGHT__1533280315670339.jpg", "samples/CAM_BACK_LEFT/n015-2018-08-03-15-00-36+0800__CAM_BACK_LEFT__1533280315697423.jpg", "samples/CAM_BACK/n015-2018-08-03-15-00-36+0800__CAM_BACK__1533280315687525.jpg", "samples/CAM_BACK_RIGHT/n015-2018-08-03-15-00-36+0800__CAM_BACK_RIGHT__1533280315677893.jpg"], "intrinsics": [[[1272.5979470598488, 0.0, 826.6154927353808], [0.0, 1272.5979470598488, 479.75165386361925], [0.0, 0.0, 1.0]], [[1266.417203046554, 0.0, 816.2670197447984], [0.0, 1266.417203046554, 491.50706579294757], [0.0, 0.0, 1.0]], [[1260.8474446004698, 0.0, 807.968244525554], [0.0, 1260.8474446004698, 495.3344268742088], [0.0, 0.0, 1.0]], [[1256.7414812095406, 0.0, 792.1125740759628], [0.0, 1256.7414812095406, 492.7757465151356], [0.0, 0.0, 1.0]], [[809.2209905677063, 0.0, 829.2196003259838], [0.0, 809.2209905677063, 481.77842384512485], [0.0, 0.0, 1.0]], [[1259.5137405846733, 0.0, 807.2529053838625], [0.0, 1259.5137405846733, 501.19579884916527], [0.0, 0.0, 1.0]]], "extrinsics": [[[0.820847749710083, -0.5710535645484924, 0.010328507050871849, -0.965057373046875], [-0.0033047953620553017, -0.022832343354821205, -0.9997338056564331, 1.5082511901855469], [0.5711373686790466, 0.8205951452255249, -0.020629096776247025, -1.280517578125], [0.0, 0.0, 0.0, 1.0]], [[0.005865379702299833, -0.9996225833892822, 0.026835018768906593, 0.005126953125], [-0.008590114302933216, -0.026884857565164566, -0.9996016621589661, 1.5205345153808594], [0.9999459385871887, 0.005632536951452494, -0.008744563907384872, -1.6923828125], [0.0, 0.0, 0.0, 1.0]], [[-0.8328510522842407, -0.5534418821334839, 0.007815461605787277, 1.032470703125], [-0.0029601382557302713, -0.009666248224675655, -0.9999489188194275, 1.503645896911621], [0.553489089012146, -0.832831621170044, 0.006412280723452568, -1.2487411499023438], [0.0, 0.0, 0.0, 1.0]], [[0.9477012157440186, 0.31907451152801514, -0.007333612069487572, -1.1422119140625], [0.005733373574912548, -0.0399942547082901, -0.9991834163665771, 1.5885581970214844], [-0.3191072642803192, 0.9468854069709778, -0.03973197937011719, -0.1036834716796875], [0.0, 0.0, 0.0, 1.0]], [[0.002212262712419033, 0.9995465874671936, -0.030030127614736557, 0.00286865234375], [-0.01968957856297493, -0.029980840161442757, -0.9993565082550049, 1.5793571472167969], [-0.9998036623001099, 0.0028020734898746014, 0.0196143239736557, 0.0018310546875], [0.0, 0.0, 0.0, 1.0]], [[-0.9348702430725098, 0.35456809401512146, -0.01729067787528038, 1.1363525390625], [0.012930179946124554, -0.01466385368257761, -0.9998088479042053, 1.5514507293701172], [-0.35475391149520874, -0.9349152445793152, 0.009124173782765865, -0.06365966796875], [0.0, 0.0, 0.0, 1.0]]], "view": [[0.0, -2.0, 100.0], [-2.0, 0.0, 100.0], [0.0, 0.0, 1.0]], "bev": "bev_b7856d41479a4ceea59afe9e80dab41b.png", "aux": "aux_b7856d41479a4ceea59afe9e80dab41b.npz", "visibility": "visibility_b7856d41479a4ceea59afe9e80dab41b.png", "pose": [[0.6215366125106812, -0.7833850979804993, 0.0, 171.2585906982422], [0.7833850979804993, 0.6215366125106812, 0.0, 1141.135986328125], [0.0, 0.0, 1.0, 0.0], [0.0, 0.0, 0.0, 1.0]], "pose_inverse": [[0.6215366125106812, 0.7833850979804993, 0.0, -1000.3923950195312], [-0.7833850979804993, 0.6215366125106812, 0.0, -575.0963745117188], [0.0, 0.0, 1.0, 0.0], [0.0, 0.0, 0.0, 1.0]], "cam_ids": [0, 1, 2, 3, 4, 5], "cam_channels": ["CAM_FRONT_LEFT", "CAM_FRONT", "CAM_FRONT_RIGHT", "CAM_BACK_LEFT", "CAM_BACK", "CAM_BACK_RIGHT"], "token": "b7856d41479a4ceea59afe9e80dab41b", "scene": "scene-0374"}, {"images": ["samples/CAM_FRONT_LEFT/n015-2018-08-03-15-00-36+0800__CAM_FRONT_LEFT__1533280316154844.jpg", "samples/CAM_FRONT/n015-2018-08-03-15-00-36+0800__CAM_FRONT__1533280316162460.jpg", "samples/CAM_FRONT_RIGHT/n015-2018-08-03-15-00-36+0800__CAM_FRONT_RIGHT__1533280316170339.jpg", "samples/CAM_BACK_LEFT/n015-2018-08-03-15-00-36+0800__CAM_BACK_LEFT__1533280316197423.jpg", "samples/CAM_BACK/n015-2018-08-03-15-00-36+0800__CAM_BACK__1533280316187525.jpg", "samples/CAM_BACK_RIGHT/n015-2018-08-03-15-00-36+0800__CAM_BACK_RIGHT__1533280316177893.jpg"], "intrinsics": [[[1272.5979470598488, 0.0, 826.6154927353808], [0.0, 1272.5979470598488, 479.75165386361925], [0.0, 0.0, 1.0]], [[1266.417203046554, 0.0, 816.2670197447984], [0.0, 1266.417203046554, 491.50706579294757], [0.0, 0.0, 1.0]], [[1260.8474446004698, 0.0, 807.968244525554], [0.0, 1260.8474446004698, 495.3344268742088], [0.0, 0.0, 1.0]], [[1256.7414812095406, 0.0, 792.1125740759628], [0.0, 1256.7414812095406, 492.7757465151356], [0.0, 0.0, 1.0]], [[809.2209905677063, 0.0, 829.2196003259838], [0.0, 809.2209905677063, 481.77842384512485], [0.0, 0.0, 1.0]], [[1259.5137405846733, 0.0, 807.2529053838625], [0.0, 1259.5137405846733, 501.19579884916527], [0.0, 0.0, 1.0]]], "extrinsics": [[[0.8208556771278381, -0.5710439682006836, 0.010237816721200943, -0.964935302734375], [-0.0033412056509405375, -0.022726381197571754, -0.9997361302375793, 1.5082473754882812], [0.5711259841918945, 0.8206048607826233, -0.020563051104545593, -1.2802734375], [0.0, 0.0, 0.0, 1.0]], [[0.005877019837498665, -0.9996255040168762, 0.026725895702838898, 0.00518798828125], [-0.008644239977002144, -0.0267761442810297, -0.9996041059494019, 1.5205326080322266], [0.9999452829360962, 0.00564356055110693, -0.008798366412520409, -1.69232177734375], [0.0, 0.0, 0.0, 1.0]], [[-0.8328465819358826, -0.5534486770629883, 0.007810309994965792, 1.0323486328125], [-0.003027099184691906, -0.009556090459227562, -0.9999496936798096, 1.5036449432373047], [0.5534955859184265, -0.8328283429145813, 0.006283415015786886, -1.248626708984375], [0.0, 0.0, 0.0, 1.0]], [[0.9477009773254395, 0.319073885679245, -0.007392120081931353, -1.1422119140625], [0.005644175689667463, -0.039912715554237366, -0.999187171459198, 1.5885562896728516], [-0.3191094994544983, 0.9468890428543091, -0.03962622582912445, -0.1036834716796875], [0.0, 0.0, 0.0, 1.0]], [[0.0022083944641053677, 0.999549150466919, -0.029946228489279747, 0.0028076171875], [-0.01976301707327366, -0.029896829277276993, -0.9993575811386108, 1.5793609619140625], [-0.9998022317886353, 0.0027987922076135874, 0.019688080996274948, 0.00189208984375], [0.0, 0.0, 0.0, 1.0]], [[-0.9348731637001038, 0.35456588864326477, -0.017181558534502983, 1.13616943359375], [0.012856308370828629, -0.01455103699117899, -0.9998114705085754, 1.5514488220214844], [-0.35474905371665955, -0.9349179267883301, 0.009044964797794819, -0.06365966796875], [0.0, 0.0, 0.0, 1.0]]], "view": [[0.0, -2.0, 100.0], [-2.0, 0.0, 100.0], [0.0, 0.0, 1.0]], "bev": "bev_0f26c282e73b4a129e52169636487eef.png", "aux": "aux_0f26c282e73b4a129e52169636487eef.npz", "visibility": "visibility_0f26c282e73b4a129e52169636487eef.png", "pose": [[0.6214410662651062, -0.7834609150886536, 0.0, 171.25889587402344], [0.7834609150886536, 0.6214410662651062, 0.0, 1141.135498046875], [0.0, 0.0, 1.0, 0.0], [0.0, 0.0, 0.0, 1.0]], "pose_inverse": [[0.6214410662651062, 0.7834609150886536, 0.0, -1000.46240234375], [-0.7834609150886536, 0.6214410662651062, 0.0, -574.9737548828125], [0.0, 0.0, 1.0, 0.0], [0.0, 0.0, 0.0, 1.0]], "cam_ids": [0, 1, 2, 3, 4, 5], "cam_channels": ["CAM_FRONT_LEFT", "CAM_FRONT", "CAM_FRONT_RIGHT", "CAM_BACK_LEFT", "CAM_BACK", "CAM_BACK_RIGHT"], "token": "0f26c282e73b4a129e52169636487eef", "scene": "scene-0374"}, {"images": ["samples/CAM_FRONT_LEFT/n015-2018-08-03-15-00-36+0800__CAM_FRONT_LEFT__1533280316654844.jpg", "samples/CAM_FRONT/n015-2018-08-03-15-00-36+0800__CAM_FRONT__1533280316662460.jpg", "samples/CAM_FRONT_RIGHT/n015-2018-08-03-15-00-36+0800__CAM_FRONT_RIGHT__1533280316670339.jpg", "samples/CAM_BACK_LEFT/n015-2018-08-03-15-00-36+0800__CAM_BACK_LEFT__1533280316697423.jpg", "samples/CAM_BACK/n015-2018-08-03-15-00-36+0800__CAM_BACK__1533280316687525.jpg", "samples/CAM_BACK_RIGHT/n015-2018-08-03-15-00-36+0800__CAM_BACK_RIGHT__1533280316677893.jpg"], "intrinsics": [[[1272.5979470598488, 0.0, 826.6154927353808], [0.0, 1272.5979470598488, 479.75165386361925], [0.0, 0.0, 1.0]], [[1266.417203046554, 0.0, 816.2670197447984], [0.0, 1266.417203046554, 491.50706579294757], [0.0, 0.0, 1.0]], [[1260.8474446004698, 0.0, 807.968244525554], [0.0, 1260.8474446004698, 495.3344268742088], [0.0, 0.0, 1.0]], [[1256.7414812095406, 0.0, 792.1125740759628], [0.0, 1256.7414812095406, 492.7757465151356], [0.0, 0.0, 1.0]], [[809.2209905677063, 0.0, 829.2196003259838], [0.0, 809.2209905677063, 481.77842384512485], [0.0, 0.0, 1.0]], [[1259.5137405846733, 0.0, 807.2529053838625], [0.0, 1259.5137405846733, 501.19579884916527], [0.0, 0.0, 1.0]]], "extrinsics": [[[0.8208500146865845, -0.5710535645484924, 0.010152500122785568, -0.96484375], [-0.003477430436760187, -0.02277239039540291, -0.99973464012146, 1.508249282836914], [0.5711332559585571, 0.8205968141555786, -0.02067851461470127, -1.2801513671875], [0.0, 0.0, 0.0, 1.0]], [[0.005870859604328871, -0.9996241927146912, 0.026774995028972626, 0.005126953125], [-0.008768869563937187, -0.02682589367032051, -0.9996017217636108, 1.5205307006835938], [0.9999442100524902, 0.0056337290443480015, -0.008923065848648548, -1.6923828125], [0.0, 0.0, 0.0, 1.0]], [[-0.8328492641448975, -0.5534429550170898, 0.00793633982539177, 1.032470703125], [-0.003141641616821289, -0.009611503221094608, -0.9999487996101379, 1.5036439895629883], [0.553490936756134, -0.832831621170044, 0.0062662153504788876, -1.2486953735351562], [0.0, 0.0, 0.0, 1.0]], [[0.9477008581161499, 0.3190717101097107, -0.007508467882871628, -1.14208984375], [0.005522230174392462, -0.03991514444351196, -0.9991878271102905, 1.5885581970214844], [-0.31911224126815796, 0.9468896389007568, -0.03958960250020027, -0.10369873046875], [0.0, 0.0, 0.0, 1.0]], [[0.002207451267167926, 0.9995482563972473, -0.029974596574902534, 0.0028076171875], [-0.01988804154098034, -0.02992485649883747, -0.9993542432785034, 1.5793571472167969], [-0.9997997283935547, 0.0028021640609949827, 0.019812997430562973, 0.00189208984375], [0.0, 0.0, 0.0, 1.0]], [[-0.9348738193511963, 0.3545684814453125, -0.017094219103455544, 1.13616943359375], [0.012740790843963623, -0.014609246514737606, -0.999812126159668, 1.5514516830444336], [-0.3547516167163849, -0.9349159002304077, 0.009140320122241974, -0.063720703125], [0.0, 0.0, 0.0, 1.0]]], "view": [[0.0, -2.0, 100.0], [-2.0, 0.0, 100.0], [0.0, 0.0, 1.0]], "bev": "bev_61d0bf12d9ef4e1394365e6a13124622.png", "aux": "aux_61d0bf12d9ef4e1394365e6a13124622.npz", "visibility": "visibility_61d0bf12d9ef4e1394365e6a13124622.png", "pose": [[0.6213803887367249, -0.7835090160369873, 0.0, 171.2593231201172], [0.7835090160369873, 0.6213803887367249, 0.0, 1141.1351318359375], [0.0, 0.0, 1.0, 0.0], [0.0, 0.0, 0.0, 1.0]], "pose_inverse": [[0.6213803887367249, 0.7835090160369873, 0.0, -1000.5068359375], [-0.7835090160369873, 0.6213803887367249, 0.0, -574.8958129882812], [0.0, 0.0, 1.0, 0.0], [0.0, 0.0, 0.0, 1.0]], "cam_ids": [0, 1, 2, 3, 4, 5], "cam_channels": ["CAM_FRONT_LEFT", "CAM_FRONT", "CAM_FRONT_RIGHT", "CAM_BACK_LEFT", "CAM_BACK", "CAM_BACK_RIGHT"], "token": "61d0bf12d9ef4e1394365e6a13124622", "scene": "scene-0374"}, {"images": ["samples/CAM_FRONT_LEFT/n015-2018-08-03-15-00-36+0800__CAM_FRONT_LEFT__1533280317154844.jpg", "samples/CAM_FRONT/n015-2018-08-03-15-00-36+0800__CAM_FRONT__1533280317162460.jpg", "samples/CAM_FRONT_RIGHT/n015-2018-08-03-15-00-36+0800__CAM_FRONT_RIGHT__1533280317170339.jpg", "samples/CAM_BACK_LEFT/n015-2018-08-03-15-00-36+0800__CAM_BACK_LEFT__1533280317197435.jpg", "samples/CAM_BACK/n015-2018-08-03-15-00-36+0800__CAM_BACK__1533280317187525.jpg", "samples/CAM_BACK_RIGHT/n015-2018-08-03-15-00-36+0800__CAM_BACK_RIGHT__1533280317177893.jpg"], "intrinsics": [[[1272.5979470598488, 0.0, 826.6154927353808], [0.0, 1272.5979470598488, 479.75165386361925], [0.0, 0.0, 1.0]], [[1266.417203046554, 0.0, 816.2670197447984], [0.0, 1266.417203046554, 491.50706579294757], [0.0, 0.0, 1.0]], [[1260.8474446004698, 0.0, 807.968244525554], [0.0, 1260.8474446004698, 495.3344268742088], [0.0, 0.0, 1.0]], [[1256.7414812095406, 0.0, 792.1125740759628], [0.0, 1256.7414812095406, 492.7757465151356], [0.0, 0.0, 1.0]], [[809.2209905677063, 0.0, 829.2196003259838], [0.0, 809.2209905677063, 481.77842384512485], [0.0, 0.0, 1.0]], [[1259.5137405846733, 0.0, 807.2529053838625], [0.0, 1259.5137405846733, 501.19579884916527], [0.0, 0.0, 1.0]]], "extrinsics": [[[0.8208654522895813, -0.5710294842720032, 0.010256961919367313, -0.9649658203125], [-0.0033775721676647663, -0.022812770679593086, -0.9997340440750122, 1.5082473754882812], [0.5711115598678589, 0.8206124305725098, -0.020654909312725067, -1.2802734375], [0.0, 0.0, 0.0, 1.0]], [[0.005893581081181765, -0.9996230006217957, 0.02681208960711956, 0.00518798828125], [-0.00867264810949564, -0.026862643659114838, -0.9996015429496765, 1.5205326080322266], [0.9999448657035828, 0.005658640060573816, -0.008827696554362774, -1.69232177734375], [0.0, 0.0, 0.0, 1.0]], [[-0.8328385353088379, -0.5534599423408508, 0.007872103713452816, 1.032470703125], [-0.003047163598239422, -0.009637384675443172, -0.9999489188194275, 1.5036439895629883], [0.5535075664520264, -0.832819938659668, 0.006339902989566326, -1.248626708984375], [0.0, 0.0, 0.0, 1.0]], [[0.9477024078369141, 0.31906887888908386, -0.007416713051497936, -1.142333984375], [0.005629101302474737, -0.0399455651640892, -0.9991859793663025, 1.5885562896728516], [-0.3191054165363312, 0.9468892812728882, -0.03965258598327637, -0.103729248046875], [0.0, 0.0, 0.0, 1.0]], [[0.002204291056841612, 0.9995478987693787, -0.02998480200767517, 0.00274658203125], [-0.019783800467848778, -0.029935413971543312, -0.9993560314178467, 1.5793571472167969], [-0.9998018145561218, 0.0027960806619375944, 0.019708869978785515, 0.00189208984375], [0.0, 0.0, 0.0, 1.0]], [[-0.9348774552345276, 0.3545535206794739, -0.017200153321027756, 1.13629150390625], [0.012848918326199055, -0.014623264782130718, -0.999810516834259, 1.5514512062072754], [-0.3547378480434418, -0.9349212646484375, 0.009115331806242466, -0.0635986328125], [0.0, 0.0, 0.0, 1.0]]], "view": [[0.0, -2.0, 100.0], [-2.0, 0.0, 100.0], [0.0, 0.0, 1.0]], "bev": "bev_73395e5b00d34b08b5704d6fcf54843c.png", "aux": "aux_73395e5b00d34b08b5704d6fcf54843c.npz", "visibility": "visibility_73395e5b00d34b08b5704d6fcf54843c.png", "pose": [[0.6214113235473633, -0.7834844589233398, 0.0, 171.25965881347656], [0.7834844589233398, 0.6214113235473633, 0.0, 1141.1348876953125], [0.0, 0.0, 1.0, 0.0], [0.0, 0.0, 0.0, 1.0]], "pose_inverse": [[0.6214113235473633, 0.7834844589233398, 0.0, -1000.4841918945312], [-0.7834844589233398, 0.6214113235473633, 0.0, -574.9348754882812], [0.0, 0.0, 1.0, 0.0], [0.0, 0.0, 0.0, 1.0]], "cam_ids": [0, 1, 2, 3, 4, 5], "cam_channels": ["CAM_FRONT_LEFT", "CAM_FRONT", "CAM_FRONT_RIGHT", "CAM_BACK_LEFT", "CAM_BACK", "CAM_BACK_RIGHT"], "token": "73395e5b00d34b08b5704d6fcf54843c", "scene": "scene-0374"}, {"images": ["samples/CAM_FRONT_LEFT/n015-2018-08-03-15-00-36+0800__CAM_FRONT_LEFT__1533280317654844.jpg", "samples/CAM_FRONT/n015-2018-08-03-15-00-36+0800__CAM_FRONT__1533280317662460.jpg", "samples/CAM_FRONT_RIGHT/n015-2018-08-03-15-00-36+0800__CAM_FRONT_RIGHT__1533280317670339.jpg", "samples/CAM_BACK_LEFT/n015-2018-08-03-15-00-36+0800__CAM_BACK_LEFT__1533280317697423.jpg", "samples/CAM_BACK/n015-2018-08-03-15-00-36+0800__CAM_BACK__1533280317687525.jpg", "samples/CAM_BACK_RIGHT/n015-2018-08-03-15-00-36+0800__CAM_BACK_RIGHT__1533280317677893.jpg"], "intrinsics": [[[1272.5979470598488, 0.0, 826.6154927353808], [0.0, 1272.5979470598488, 479.75165386361925], [0.0, 0.0, 1.0]], [[1266.417203046554, 0.0, 816.2670197447984], [0.0, 1266.417203046554, 491.50706579294757], [0.0, 0.0, 1.0]], [[1260.8474446004698, 0.0, 807.968244525554], [0.0, 1260.8474446004698, 495.3344268742088], [0.0, 0.0, 1.0]], [[1256.7414812095406, 0.0, 792.1125740759628], [0.0, 1256.7414812095406, 492.7757465151356], [0.0, 0.0, 1.0]], [[809.2209905677063, 0.0, 829.2196003259838], [0.0, 809.2209905677063, 481.77842384512485], [0.0, 0.0, 1.0]], [[1259.5137405846733, 0.0, 807.2529053838625], [0.0, 1259.5137405846733, 501.19579884916527], [0.0, 0.0, 1.0]]], "extrinsics": [[[0.8208569288253784, -0.5710415840148926, 0.010263698175549507, -0.964935302734375], [-0.0032979457173496485, -0.022709617391228676, -0.9997366666793823, 1.5082473754882812], [0.5711243152618408, 0.8206069469451904, -0.020524611696600914, -1.2802734375], [0.0, 0.0, 0.0, 1.0]], [[0.00588048342615366, -0.9996256828308105, 0.026716165244579315, 0.0050048828125], [-0.008585283532738686, -0.026766113936901093, -0.9996048808097839, 1.5205345153808594], [0.9999457597732544, 0.005648802500218153, -0.0087394705042243, -1.6923828125], [0.0, 0.0, 0.0, 1.0]], [[-0.8328434824943542, -0.5534542798995972, 0.007752463221549988, 1.0323486328125], [-0.0029571405611932278, -0.009556780569255352, -0.9999499320983887, 1.5036439895629883], [0.5535006523132324, -0.83282470703125, 0.00632266141474247, -1.2487411499023438], [0.0, 0.0, 0.0, 1.0]], [[0.9477010369300842, 0.3190757632255554, -0.007307796273380518, -1.14208984375], [0.005733397789299488, -0.03991340473294258, -0.999186635017395, 1.5885543823242188], [-0.31910789012908936, 0.9468883872032166, -0.03965536132454872, -0.1036834716796875], [0.0, 0.0, 0.0, 1.0]], [[0.002205709693953395, 0.9995492100715637, -0.02994455024600029, 0.00286865234375], [-0.019691355526447296, -0.029895402491092682, -0.9993590712547302, 1.5793571472167969], [-0.9998036026954651, 0.0027939490973949432, 0.019616536796092987, 0.001953125], [0.0, 0.0, 0.0, 1.0]], [[-0.9348745942115784, 0.3545584976673126, -0.017257073894143105, 1.1361083984375], [0.012931566685438156, -0.014565748162567616, -0.9998102784156799, 1.5514492988586426], [-0.35474255681037903, -0.9349204301834106, 0.009032151661813259, -0.06365966796875], [0.0, 0.0, 0.0, 1.0]]], "view": [[0.0, -2.0, 100.0], [-2.0, 0.0, 100.0], [0.0, 0.0, 1.0]], "bev": "bev_c4dfa66f83ef4fb586c3b31507928a57.png", "aux": "aux_c4dfa66f83ef4fb586c3b31507928a57.npz", "visibility": "visibility_c4dfa66f83ef4fb586c3b31507928a57.png", "pose": [[0.6213492155075073, -0.7835337519645691, 0.0, 171.25994873046875], [0.7835337519645691, 0.6213492155075073, 0.0, 1141.1346435546875], [0.0, 0.0, 1.0, 0.0], [0.0, 0.0, 0.0, 1.0]], "pose_inverse": [[0.6213492155075073, 0.7835337519645691, 0.0, -1000.5297241210938], [-0.7835337519645691, 0.6213492155075073, 0.0, -574.8551635742188], [0.0, 0.0, 1.0, 0.0], [0.0, 0.0, 0.0, 1.0]], "cam_ids": [0, 1, 2, 3, 4, 5], "cam_channels": ["CAM_FRONT_LEFT", "CAM_FRONT", "CAM_FRONT_RIGHT", "CAM_BACK_LEFT", "CAM_BACK", "CAM_BACK_RIGHT"], "token": "c4dfa66f83ef4fb586c3b31507928a57", "scene": "scene-0374"}, {"images": ["samples/CAM_FRONT_LEFT/n015-2018-08-03-15-00-36+0800__CAM_FRONT_LEFT__1533280318154844.jpg", "samples/CAM_FRONT/n015-2018-08-03-15-00-36+0800__CAM_FRONT__1533280318162469.jpg", "samples/CAM_FRONT_RIGHT/n015-2018-08-03-15-00-36+0800__CAM_FRONT_RIGHT__1533280318170339.jpg", "samples/CAM_BACK_LEFT/n015-2018-08-03-15-00-36+0800__CAM_BACK_LEFT__1533280318197423.jpg", "samples/CAM_BACK/n015-2018-08-03-15-00-36+0800__CAM_BACK__1533280318187525.jpg", "samples/CAM_BACK_RIGHT/n015-2018-08-03-15-00-36+0800__CAM_BACK_RIGHT__1533280318177893.jpg"], "intrinsics": [[[1272.5979470598488, 0.0, 826.6154927353808], [0.0, 1272.5979470598488, 479.75165386361925], [0.0, 0.0, 1.0]], [[1266.417203046554, 0.0, 816.2670197447984], [0.0, 1266.417203046554, 491.50706579294757], [0.0, 0.0, 1.0]], [[1260.8474446004698, 0.0, 807.968244525554], [0.0, 1260.8474446004698, 495.3344268742088], [0.0, 0.0, 1.0]], [[1256.7414812095406, 0.0, 792.1125740759628], [0.0, 1256.7414812095406, 492.7757465151356], [0.0, 0.0, 1.0]], [[809.2209905677063, 0.0, 829.2196003259838], [0.0, 809.2209905677063, 481.77842384512485], [0.0, 0.0, 1.0]], [[1259.5137405846733, 0.0, 807.2529053838625], [0.0, 1259.5137405846733, 501.19579884916527], [0.0, 0.0, 1.0]]], "extrinsics": [[[0.8208637833595276, -0.5710336565971375, 0.010157996788620949, -0.964935302734375], [-0.003403532085940242, -0.022676706314086914, -0.999737024307251, 1.5082511901855469], [0.5711137652397156, 0.8206133842468262, -0.02055802009999752, -1.280517578125], [0.0, 0.0, 0.0, 1.0]], [[0.005890854634344578, -0.9996265769004822, 0.026681574061512947, 0.005126953125], [-0.008703340776264668, -0.02673228085041046, -0.9996047616004944, 1.5205364227294922], [0.9999446868896484, 0.005656279157847166, -0.00885756779462099, -1.69244384765625], [0.0, 0.0, 0.0, 1.0]], [[-0.8328401446342468, -0.5534579157829285, 0.007838422432541847, 1.032470703125], [-0.0030867145396769047, -0.009517054073512554, -0.9999499320983887, 1.5036449432373047], [0.5535048246383667, -0.8328226804733276, 0.006217817775905132, -1.248687744140625], [0.0, 0.0, 0.0, 1.0]], [[0.9477007985115051, 0.31907323002815247, -0.007445886731147766, -1.1422119140625], [0.005572794936597347, -0.03986918926239014, -0.9991893172264099, 1.5885562896728516], [-0.3191114366054535, 0.9468910694122314, -0.03956219181418419, -0.103729248046875], [0.0, 0.0, 0.0, 1.0]], [[0.0022017660085111856, 0.9995505213737488, -0.029899178072810173, 0.0028076171875], [-0.019835354760289192, -0.029849715530872345, -0.9993575811386108, 1.5793533325195312], [-0.9998008012771606, 0.0027934471145272255, 0.01976071484386921, 0.001953125], [0.0, 0.0, 0.0, 1.0]], [[-0.9348774552345276, 0.35455793142318726, -0.017110876739025116, 1.13616943359375], [0.012792580761015415, -0.01451998483389616, -0.9998127222061157, 1.5514488220214844], [-0.35474005341529846, -0.9349213242530823, 0.009038695134222507, -0.0635986328125], [0.0, 0.0, 0.0, 1.0]]], "view": [[0.0, -2.0, 100.0], [-2.0, 0.0, 100.0], [0.0, 0.0, 1.0]], "bev": "bev_4e8e9c1d24af4f058fb1fe02376b1199.png", "aux": "aux_4e8e9c1d24af4f058fb1fe02376b1199.npz", "visibility": "visibility_4e8e9c1d24af4f058fb1fe02376b1199.png", "pose": [[0.6213994026184082, -0.7834939360618591, 0.0, 171.2602081298828], [0.7834939360618591, 0.6213994026184082, 0.0, 1141.1343994140625], [0.0, 0.0, 1.0, 0.0], [0.0, 0.0, 0.0, 1.0]], "pose_inverse": [[0.6213994026184082, 0.7834939360618591, 0.0, -1000.492919921875], [-0.7834939360618591, 0.6213994026184082, 0.0, -574.9188842773438], [0.0, 0.0, 1.0, 0.0], [0.0, 0.0, 0.0, 1.0]], "cam_ids": [0, 1, 2, 3, 4, 5], "cam_channels": ["CAM_FRONT_LEFT", "CAM_FRONT", "CAM_FRONT_RIGHT", "CAM_BACK_LEFT", "CAM_BACK", "CAM_BACK_RIGHT"], "token": "4e8e9c1d24af4f058fb1fe02376b1199", "scene": "scene-0374"}, {"images": ["samples/CAM_FRONT_LEFT/n015-2018-08-03-15-00-36+0800__CAM_FRONT_LEFT__1533280318654844.jpg", "samples/CAM_FRONT/n015-2018-08-03-15-00-36+0800__CAM_FRONT__1533280318662460.jpg", "samples/CAM_FRONT_RIGHT/n015-2018-08-03-15-00-36+0800__CAM_FRONT_RIGHT__1533280318670339.jpg", "samples/CAM_BACK_LEFT/n015-2018-08-03-15-00-36+0800__CAM_BACK_LEFT__1533280318697423.jpg", "samples/CAM_BACK/n015-2018-08-03-15-00-36+0800__CAM_BACK__1533280318687525.jpg", "samples/CAM_BACK_RIGHT/n015-2018-08-03-15-00-36+0800__CAM_BACK_RIGHT__1533280318677893.jpg"], "intrinsics": [[[1272.5979470598488, 0.0, 826.6154927353808], [0.0, 1272.5979470598488, 479.75165386361925], [0.0, 0.0, 1.0]], [[1266.417203046554, 0.0, 816.2670197447984], [0.0, 1266.417203046554, 491.50706579294757], [0.0, 0.0, 1.0]], [[1260.8474446004698, 0.0, 807.968244525554], [0.0, 1260.8474446004698, 495.3344268742088], [0.0, 0.0, 1.0]], [[1256.7414812095406, 0.0, 792.1125740759628], [0.0, 1256.7414812095406, 492.7757465151356], [0.0, 0.0, 1.0]], [[809.2209905677063, 0.0, 829.2196003259838], [0.0, 809.2209905677063, 481.77842384512485], [0.0, 0.0, 1.0]], [[1259.5137405846733, 0.0, 807.2529053838625], [0.0, 1259.5137405846733, 501.19579884916527], [0.0, 0.0, 1.0]]], "extrinsics": [[[0.820863664150238, -0.5710346102714539, 0.010120845399796963, -0.96502685546875], [-0.003499908372759819, -0.0227501317858696, -0.9997350573539734, 1.5082473754882812], [0.5711134076118469, 0.820610761642456, -0.020673325285315514, -1.2802734375], [0.0, 0.0, 0.0, 1.0]], [[0.0058921147137880325, -0.9996245503425598, 0.026757514104247093, 0.00506591796875], [-0.008792833425104618, -0.026808738708496094, -0.9996019005775452, 1.5205326080322266], [0.9999439716339111, 0.005654469132423401, -0.008947490714490414, -1.6923828125], [0.0, 0.0, 0.0, 1.0]], [[-0.8328396081924438, -0.5534572601318359, 0.007947457022964954, 1.032470703125], [-0.0031627509742975235, -0.009599635377526283, -0.9999488592147827, 1.5036420822143555], [0.5535053014755249, -0.8328222632408142, 0.006244512274861336, -1.2487030029296875], [0.0, 0.0, 0.0, 1.0]], [[0.947700023651123, 0.31907400488853455, -0.007507862988859415, -1.1422119140625], [0.005534332245588303, -0.039948850870132446, -0.9991863965988159, 1.5885543823242188], [-0.3191143572330475, 0.9468874335289001, -0.039625391364097595, -0.1036834716796875], [0.0, 0.0, 0.0, 1.0]], [[0.002199104055762291, 0.99