[{"images": ["samples/CAM_FRONT_LEFT/n015-2018-09-27-15-33-17+0800__CAM_FRONT_LEFT__1538033772854844.jpg", "samples/CAM_FRONT/n015-2018-09-27-15-33-17+0800__CAM_FRONT__1538033772862460.jpg", "samples/CAM_FRONT_RIGHT/n015-2018-09-27-15-33-17+0800__CAM_FRONT_RIGHT__1538033772870339.jpg", "samples/CAM_BACK_LEFT/n015-2018-09-27-15-33-17+0800__CAM_BACK_LEFT__1538033772897423.jpg", "samples/CAM_BACK/n015-2018-09-27-15-33-17+0800__CAM_BACK__1538033772887525.jpg", "samples/CAM_BACK_RIGHT/n015-2018-09-27-15-33-17+0800__CAM_BACK_RIGHT__1538033772877893.jpg"], "intrinsics": [[[1272.5979470598488, 0.0, 826.6154927353808], [0.0, 1272.5979470598488, 479.75165386361925], [0.0, 0.0, 1.0]], [[1266.417203046554, 0.0, 816.2670197447984], [0.0, 1266.417203046554, 491.50706579294757], [0.0, 0.0, 1.0]], [[1260.8474446004698, 0.0, 807.968244525554], [0.0, 1260.8474446004698, 495.3344268742088], [0.0, 0.0, 1.0]], [[1256.7414812095406, 0.0, 792.1125740759628], [0.0, 1256.7414812095406, 492.7757465151356], [0.0, 0.0, 1.0]], [[809.2209905677063, 0.0, 829.2196003259838], [0.0, 809.2209905677063, 481.77842384512485], [0.0, 0.0, 1.0]], [[1259.5137405846733, 0.0, 807.2529053838625], [0.0, 1259.5137405846733, 501.19579884916527], [0.0, 0.0, 1.0]]], "extrinsics": [[[0.8209593296051025, -0.5708031058311462, -0.014476031996309757, -0.63330078125], [-0.013804907910525799, 0.005503062158823013, -0.9998895525932312, 1.5026836395263672], [0.5708196759223938, 0.8210684657096863, -0.0033620938193053007, -1.0550537109375], [0.0, 0.0, 0.0, 1.0]], [[0.006155095528811216, -0.9999805092811584, -0.0010633111232891679, 0.010498046875], [-0.01909317634999752, 0.0009456151747144759, -0.9998173117637634, 1.5142269134521484], [0.9997987151145935, 0.006174254696816206, -0.019086984917521477, -1.36224365234375], [0.0, 0.0, 0.0, 1.0]], [[-0.8327720165252686, -0.5536143183708191, 0.0014022552641108632, 0.82000732421875], [-0.013421976007521152, 0.01765766181051731, -0.9997539520263672, 1.5001487731933594], [0.5534534454345703, -0.8325859904289246, -0.022135403007268906, -1.104736328125], [0.0, 0.0, 0.0, 1.0]], [[0.9477348923683167, 0.31893980503082275, -0.008707236498594284, -1.1408843994140625], [-0.0043537914752960205, -0.014360119588673115, -0.9998874068260193, 1.5885543823242188], [-0.3190288841724396, 0.9476661086082458, -0.012220991775393486, -0.1044921875], [0.0, 0.0, 0.0, 1.0]], [[0.0022238525561988354, 0.9999902844429016, -0.00381393451243639, 0.001953125], [-0.029933638870716095, -0.0037456657737493515, -0.9995448589324951, 1.5764999389648438], [-0.999549388885498, 0.0023369735572487116, 0.029925016686320305, -0.09381103515625], [0.0, 0.0, 0.0, 1.0]], [[-0.9349359273910522, 0.3548114001750946, 0.0019289865158498287, 0.9613037109375], [0.002558596432209015, 0.012178185395896435, -0.9999225735664368, 1.5518989562988281], [-0.35480740666389465, -0.9348586201667786, -0.01229364238679409, -0.127685546875], [0.0, 0.0, 0.0, 1.0]]], "view": [[0.0, -2.0, 100.0], [-2.0, 0.0, 100.0], [0.0, 0.0, 1.0]], "bev": "bev_0c2d355be5534389a7f218402bbd8cac.png", "aux": "aux_0c2d355be5534389a7f218402bbd8cac.npz", "visibility": "visibility_0c2d355be5534389a7f218402bbd8cac.png", "pose": [[0.7740535140037537, 0.6331201791763306, 0.0, 1207.44970703125], [-0.6331201791763306, 0.7740535140037537, 0.0, 2804.5888671875], [0.0, 0.0, 1.0, 0.0], [0.0, 0.0, 0.0, 1.0]], "pose_inverse": [[0.7740535140037537, -0.6331201791763306, 0.0, 841.0111694335938], [0.6331201791763306, 0.7740535140037537, 0.0, -2935.362548828125], [0.0, 0.0, 1.0, 0.0], [0.0, 0.0, 0.0, 1.0]], "cam_ids": [0, 1, 2, 3, 4, 5], "cam_channels": ["CAM_FRONT_LEFT", "CAM_FRONT", "CAM_FRONT_RIGHT", "CAM_BACK_LEFT", "CAM_BACK", "CAM_BACK_RIGHT"], "token": "0c2d355be5534389a7f218402bbd8cac", "scene": "scene-0406"}, {"images": ["samples/CAM_FRONT_LEFT/n015-2018-09-27-15-33-17+0800__CAM_FRONT_LEFT__1538033773354844.jpg", "samples/CAM_FRONT/n015-2018-09-27-15-33-17+0800__CAM_FRONT__1538033773362460.jpg", "samples/CAM_FRONT_RIGHT/n015-2018-09-27-15-33-17+0800__CAM_FRONT_RIGHT__1538033773370339.jpg", "samples/CAM_BACK_LEFT/n015-2018-09-27-15-33-17+0800__CAM_BACK_LEFT__1538033773397423.jpg", "samples/CAM_BACK/n015-2018-09-27-15-33-17+0800__CAM_BACK__1538033773387525.jpg", "samples/CAM_BACK_RIGHT/n015-2018-09-27-15-33-17+0800__CAM_BACK_RIGHT__1538033773377893.jpg"], "intrinsics": [[[1272.5979470598488, 0.0, 826.6154927353808], [0.0, 1272.5979470598488, 479.75165386361925], [0.0, 0.0, 1.0]], [[1266.417203046554, 0.0, 816.2670197447984], [0.0, 1266.417203046554, 491.50706579294757], [0.0, 0.0, 1.0]], [[1260.8474446004698, 0.0, 807.968244525554], [0.0, 1260.8474446004698, 495.3344268742088], [0.0, 0.0, 1.0]], [[1256.7414812095406, 0.0, 792.1125740759628], [0.0, 1256.7414812095406, 492.7757465151356], [0.0, 0.0, 1.0]], [[809.2209905677063, 0.0, 829.2196003259838], [0.0, 809.2209905677063, 481.77842384512485], [0.0, 0.0, 1.0]], [[1259.5137405846733, 0.0, 807.2529053838625], [0.0, 1259.5137405846733, 501.19579884916527], [0.0, 0.0, 1.0]]], "extrinsics": [[[0.8208327889442444, -0.5711503028869629, -0.004565096460282803, -0.632568359375], [-0.0030136778950691223, 0.0036615917924791574, -0.9999887347221375, 1.5070247650146484], [0.5711606740951538, 0.8208373188972473, 0.001284291734918952, -1.0506591796875], [0.0, 0.0, 0.0, 1.0]], [[0.005800667218863964, -0.9999831318855286, 0.0004047742404509336, 0.008056640625], [-0.008282775990664959, -0.0004528139252215624, -0.9999656081199646, 1.51777982711792], [0.9999487996101379, 0.005797120276838541, -0.008285262621939182, -1.35992431640625], [0.0, 0.0, 0.0, 1.0]], [[-0.8329012989997864, -0.5533761382102966, -0.007088826037943363, 0.81768798828125], [-0.0026186960749328136, 0.016749771311879158, -0.9998562932014465, 1.5029525756835938], [0.5534152388572693, -0.8327630758285522, -0.015400029718875885, -1.105224609375], [0.0, 0.0, 0.0, 1.0]], [[0.9477514624595642, 0.31900554895401, 0.001618777634575963, -1.13690185546875], [0.0063032228499650955, -0.013652724213898182, -0.9998868703842163, 1.5885772705078125], [-0.31894731521606445, 0.9476544857025146, -0.014950152486562729, -0.10498046875], [0.0, 0.0, 0.0, 1.0]], [[0.002363021019846201, 0.9999908208847046, -0.00357079622335732, 0.00244140625], [-0.019250959157943726, -0.0035246543120592833, -0.9998084902763367, 1.5774884223937988], [-0.9998120069503784, 0.0024313279427587986, 0.019242452457547188, -0.0950927734375], [0.0, 0.0, 0.0, 1.0]], [[-0.9348229765892029, 0.3550177812576294, -0.008266321383416653, 0.9610595703125], [0.01331324316561222, 0.011775496415793896, -0.9998420476913452, 1.5539302825927734], [-0.3548643887042999, -0.9347854852676392, -0.015734443441033363, -0.129150390625], [0.0, 0.0, 0.0, 1.0]]], "view": [[0.0, -2.0, 100.0], [-2.0, 0.0, 100.0], [0.0, 0.0, 1.0]], "bev": "bev_b13c6b90cf7a4081b02be09358160645.png", "aux": "aux_b13c6b90cf7a4081b02be09358160645.npz", "visibility": "visibility_b13c6b90cf7a4081b02be09358160645.png", "pose": [[0.7708723545074463, 0.6369896531105042, 0.0, 1211.09521484375], [-0.6369896531105042, 0.7708723545074463, 0.0, 2801.55322265625], [0.0, 0.0, 1.0, 0.0], [0.0, 0.0, 0.0, 1.0]], "pose_inverse": [[0.7708723545074463, -0.6369896531105042, 0.0, 850.9605102539062], [0.6369896531105042, 0.7708723545074463, 0.0, -2931.094970703125], [0.0, 0.0, 1.0, 0.0], [0.0, 0.0, 0.0, 1.0]], "cam_ids": [0, 1, 2, 3, 4, 5], "cam_channels": ["CAM_FRONT_LEFT", "CAM_FRONT", "CAM_FRONT_RIGHT", "CAM_BACK_LEFT", "CAM_BACK", "CAM_BACK_RIGHT"], "token": "b13c6b90cf7a4081b02be09358160645", "scene": "scene-0406"}, {"images": ["samples/CAM_FRONT_LEFT/n015-2018-09-27-15-33-17+0800__CAM_FRONT_LEFT__1538033773854844.jpg", "samples/CAM_FRONT/n015-2018-09-27-15-33-17+0800__CAM_FRONT__1538033773862460.jpg", "samples/CAM_FRONT_RIGHT/n015-2018-09-27-15-33-17+0800__CAM_FRONT_RIGHT__1538033773870339.jpg", "samples/CAM_BACK_LEFT/n015-2018-09-27-15-33-17+0800__CAM_BACK_LEFT__1538033773897423.jpg", "samples/CAM_BACK/n015-2018-09-27-15-33-17+0800__CAM_BACK__1538033773887525.jpg", "samples/CAM_BACK_RIGHT/n015-2018-09-27-15-33-17+0800__CAM_BACK_RIGHT__1538033773877893.jpg"], "intrinsics": [[[1272.5979470598488, 0.0, 826.6154927353808], [0.0, 1272.5979470598488, 479.75165386361925], [0.0, 0.0, 1.0]], [[1266.417203046554, 0.0, 816.2670197447984], [0.0, 1266.417203046554, 491.50706579294757], [0.0, 0.0, 1.0]], [[1260.8474446004698, 0.0, 807.968244525554], [0.0, 1260.8474446004698, 495.3344268742088], [0.0, 0.0, 1.0]], [[1256.7414812095406, 0.0, 792.1125740759628], [0.0, 1256.7414812095406, 492.7757465151356], [0.0, 0.0, 1.0]], [[809.2209905677063, 0.0, 829.2196003259838], [0.0, 809.2209905677063, 481.77842384512485], [0.0, 0.0, 1.0]], [[1259.5137405846733, 0.0, 807.2529053838625], [0.0, 1259.5137405846733, 501.19579884916527], [0.0, 0.0, 1.0]]], "extrinsics": [[[0.8206619024276733, -0.5713974237442017, -0.004349651746451855, -0.633544921875], [0.004832485690712929, 0.014552002772688866, -0.9998824000358582, 1.5101242065429688], [0.5713935494422913, 0.820544421672821, 0.014703544788062572, -1.054443359375], [0.0, 0.0, 0.0, 1.0]], [[0.005520536098629236, -0.9999220967292786, -0.011195491068065166, 0.01025390625], [-6.576357554877177e-05, 0.01119530014693737, -0.9999373555183411, 1.5204753875732422], [0.9999847412109375, 0.00552101107314229, -3.9543565435451455e-06, -1.3626708984375], [0.0, 0.0, 0.0, 1.0]], [[-0.8329293131828308, -0.5529776215553284, -0.021081533282995224, 0.82086181640625], [0.005970476195216179, 0.02911371737718582, -0.9995582699775696, 1.5051040649414062], [0.5533471703529358, -0.8326871991157532, -0.020948126912117004, -1.10498046875], [0.0, 0.0, 0.0, 1.0]], [[0.9476603865623474, 0.3189091384410858, 0.015384765341877937, -1.139984130859375], [0.01589100807905197, 0.0010145042324438691, -0.9998732209205627, 1.5885915756225586], [-0.31888431310653687, 0.9477847814559937, -0.0041063823737204075, -0.1044921875], [0.0, 0.0, 0.0, 1.0]], [[0.002445436781272292, 0.9999446272850037, 0.010237963870167732, 0.001953125], [-0.009929175488650799, 0.010261769406497478, -0.9998980760574341, 1.5784072875976562], [-0.999947726726532, 0.002343450440093875, 0.00995372049510479, -0.09326171875], [0.0, 0.0, 0.0, 1.0]], [[-0.9346562027931213, 0.35535064339637756, -0.01199259702116251, 0.9627685546875], [0.02224011719226837, 0.02476682886481285, -0.9994458556175232, 1.5555229187011719], [-0.3548566997051239, -0.9344048500061035, -0.031051507219672203, -0.127685546875], [0.0, 0.0, 0.0, 1.0]]], "view": [[0.0, -2.0, 100.0], [-2.0, 0.0, 100.0], [0.0, 0.0, 1.0]], "bev": "bev_1dd962af86834ba08769865f88a3e92a.png", "aux": "aux_1dd962af86834ba08769865f88a3e92a.npz", "visibility": "visibility_1dd962af86834ba08769865f88a3e92a.png", "pose": [[0.7697064280509949, 0.6383979916572571, 0.0, 1214.6739501953125], [-0.6383979916572571, 0.7697064280509949, 0.0, 2798.5400390625], [0.0, 0.0, 1.0, 0.0], [0.0, 0.0, 0.0, 1.0]], "pose_inverse": [[0.7697064280509949, -0.6383979916572571, 0.0, 851.6400146484375], [0.6383979916572571, 0.7697064280509949, 0.0, -2929.499755859375], [0.0, 0.0, 1.0, 0.0], [0.0, 0.0, 0.0, 1.0]], "cam_ids": [0, 1, 2, 3, 4, 5], "cam_channels": ["CAM_FRONT_LEFT", "CAM_FRONT", "CAM_FRONT_RIGHT", "CAM_BACK_LEFT", "CAM_BACK", "CAM_BACK_RIGHT"], "token": "1dd962af86834ba08769865f88a3e92a", "scene": "scene-0406"}, {"images": ["samples/CAM_FRONT_LEFT/n015-2018-09-27-15-33-17+0800__CAM_FRONT_LEFT__1538033774354844.jpg", "samples/CAM_FRONT/n015-2018-09-27-15-33-17+0800__CAM_FRONT__1538033774362460.jpg", "samples/CAM_FRONT_RIGHT/n015-2018-09-27-15-33-17+0800__CAM_FRONT_RIGHT__1538033774370339.jpg", "samples/CAM_BACK_LEFT/n015-2018-09-27-15-33-17+0800__CAM_BACK_LEFT__1538033774397423.jpg", "samples/CAM_BACK/n015-2018-09-27-15-33-17+0800__CAM_BACK__1538033774387525.jpg", "samples/CAM_BACK_RIGHT/n015-2018-09-27-15-33-17+0800__CAM_BACK_RIGHT__1538033774377893.jpg"], "intrinsics": [[[1272.5979470598488, 0.0, 826.6154927353808], [0.0, 1272.5979470598488, 479.75165386361925], [0.0, 0.0, 1.0]], [[1266.417203046554, 0.0, 816.2670197447984], [0.0, 1266.417203046554, 491.50706579294757], [0.0, 0.0, 1.0]], [[1260.8474446004698, 0.0, 807.968244525554], [0.0, 1260.8474446004698, 495.3344268742088], [0.0, 0.0, 1.0]], [[1256.7414812095406, 0.0, 792.1125740759628], [0.0, 1256.7414812095406, 492.7757465151356], [0.0, 0.0, 1.0]], [[809.2209905677063, 0.0, 829.2196003259838], [0.0, 809.2209905677063, 481.77842384512485], [0.0, 0.0, 1.0]], [[1259.5137405846733, 0.0, 807.2529053838625], [0.0, 1259.5137405846733, 501.19579884916527], [0.0, 0.0, 1.0]]], "extrinsics": [[[0.8206416368484497, -0.5710442662239075, -0.021349754184484482, -0.645263671875], [-0.005639550741761923, 0.02926606684923172, -0.999555766582489, 1.5059814453125], [0.571415364742279, 0.8203973770141602, 0.0207965187728405, -1.0606689453125], [0.0, 0.0, 0.0, 1.0]], [[0.005506906658411026, -0.9996750354766846, -0.024889644235372543, 0.0087890625], [-0.011280222795903683, 0.02482633851468563, -0.9996281862258911, 1.5168914794921875], [0.9999211430549622, 0.005785697605460882, -0.011139839887619019, -1.374267578125], [0.0, 0.0, 0.0, 1.0]], [[-0.8330716490745544, -0.5528715252876282, -0.01801900565624237, 0.828857421875], [-0.005998913664370775, 0.04160207509994507, -0.9991161823272705, 1.5020980834960938], [0.5531325936317444, -0.8322272896766663, -0.03797414153814316, -1.11181640625], [0.0, 0.0, 0.0, 1.0]], [[0.9478700160980225, 0.31862518191337585, 0.0045266649685800076, -1.145355224609375], [0.0015017230762168765, 0.009738735854625702, -0.9999514222145081, 1.5885486602783203], [-0.31865376234054565, 0.9478307962417603, 0.008752569556236267, -0.10205078125], [0.0, 0.0, 0.0, 1.0]], [[0.0026328673120588064, 0.9997918009757996, 0.020235100761055946, 0.00244140625], [-0.02350900135934353, 0.020291462540626526, -0.9995177388191223, 1.577301025390625], [-0.9997201561927795, 0.002155928872525692, 0.02355753257870674, -0.08514404296875], [0.0, 0.0, 0.0, 1.0]], [[-0.9347582459449768, 0.3552628755569458, 0.003914336673915386, 0.9715576171875], [0.009557879529893398, 0.03615887090563774, -0.9993003606796265, 1.5531005859375], [-0.355155885219574, -0.9340668320655823, -0.0371953621506691, -0.125244140625], [0.0, 0.0, 0.0, 1.0]]], "view": [[0.0, -2.0, 100.0], [-2.0, 0.0, 100.0], [0.0, 0.0, 1.0]], "bev": "bev_bd1027a5306d4b3e999753f84432205d.png", "aux": "aux_bd1027a5306d4b3e999753f84432205d.npz", "visibility": "visibility_bd1027a5306d4b3e999753f84432205d.png", "pose": [[0.7724780440330505, 0.6350414752960205, 0.0, 1218.21240234375], [-0.6350414752960205, 0.7724780440330505, 0.0, 2795.579833984375], [0.0, 0.0, 1.0, 0.0], [0.0, 0.0, 0.0, 1.0]], "pose_inverse": [[0.7724780440330505, -0.6350414752960205, 0.0, 834.2669067382812], [0.6350414752960205, 0.7724780440330505, 0.0, -2933.139404296875], [0.0, 0.0, 1.0, 0.0], [0.0, 0.0, 0.0, 1.0]], "cam_ids": [0, 1, 2, 3, 4, 5], "cam_channels": ["CAM_FRONT_LEFT", "CAM_FRONT", "CAM_FRONT_RIGHT", "CAM_BACK_LEFT", "CAM_BACK", "CAM_BACK_RIGHT"], "token": "bd1027a5306d4b3e999753f84432205d", "scene": "scene-0406"}, {"images": ["samples/CAM_FRONT_LEFT/n015-2018-09-27-15-33-17+0800__CAM_FRONT_LEFT__1538033774854844.jpg", "samples/CAM_FRONT/n015-2018-09-27-15-33-17+0800__CAM_FRONT__1538033774862460.jpg", "samples/CAM_FRONT_RIGHT/n015-2018-09-27-15-33-17+0800__CAM_FRONT_RIGHT__1538033774870339.jpg", "samples/CAM_BACK_LEFT/n015-2018-09-27-15-33-17+0800__CAM_BACK_LEFT__1538033774897423.jpg", "samples/CAM_BACK/n015-2018-09-27-15-33-17+0800__CAM_BACK__1538033774887525.jpg", "samples/CAM_BACK_RIGHT/n015-2018-09-27-15-33-17+0800__CAM_BACK_RIGHT__1538033774877893.jpg"], "intrinsics": [[[1272.5979470598488, 0.0, 826.6154927353808], [0.0, 1272.5979470598488, 479.75165386361925], [0.0, 0.0, 1.0]], [[1266.417203046554, 0.0, 816.2670197447984], [0.0, 1266.417203046554, 491.50706579294757], [0.0, 0.0, 1.0]], [[1260.8474446004698, 0.0, 807.968244525554], [0.0, 1260.8474446004698, 495.3344268742088], [0.0, 0.0, 1.0]], [[1256.7414812095406, 0.0, 792.1125740759628], [0.0, 1256.7414812095406, 492.7757465151356], [0.0, 0.0, 1.0]], [[809.2209905677063, 0.0, 829.2196003259838], [0.0, 809.2209905677063, 481.77842384512485], [0.0, 0.0, 1.0]], [[1259.5137405846733, 0.0, 807.2529053838625], [0.0, 1259.5137405846733, 501.19579884916527], [0.0, 0.0, 1.0]]], "extrinsics": [[[0.8206291794776917, -0.5712953209877014, -0.013762883841991425, -0.65576171875], [-0.01655413769185543, 0.000308400543872267, -0.9998629093170166, 1.5020513534545898], [0.5712211728096008, 0.820744514465332, -0.009204218164086342, -1.070068359375], [0.0, 0.0, 0.0, 1.0]], [[0.005721847526729107, -0.9999755024909973, 0.004015100654214621, 0.01025390625], [-0.021685263141989708, -0.004138301592320204, -0.9997563362121582, 1.5139055252075195], [0.9997484087944031, 0.005633328575640917, -0.02170841209590435, -1.38604736328125], [0.0, 0.0, 0.0, 1.0]], [[-0.8329477310180664, -0.5533168315887451, 0.006217104848474264, 0.83697509765625], [-0.015873003751039505, 0.012661023996770382, -0.9997938275337219, 1.4998626708984375], [0.5531240105628967, -0.832874596118927, -0.0193287692964077, -1.1162109375], [0.0, 0.0, 0.0, 1.0]], [[0.9476103186607361, 0.3191947340965271, -0.01221829280257225, -1.1472320556640625], [-0.006462156772613525, -0.019086170941591263, -0.9997969269752502, 1.5885963439941406], [-0.31936317682266235, 0.9474969506263733, -0.01602356694638729, -0.102294921875], [0.0, 0.0, 0.0, 1.0]], [[0.0022335092071443796, 0.9999601244926453, -0.008652509190142155, 0.001708984375], [-0.03218004107475281, -0.00857617799192667, -0.9994453191757202, 1.5766934156417847], [-0.9994795322418213, 0.0025106745306402445, 0.032159604132175446, -0.0811767578125], [0.0, 0.0, 0.0, 1.0]], [[-0.934847891330719, 0.3550403118133545, 0.0023924109991639853, 0.9775390625], [0.00019607199646998197, 0.007254509255290031, -0.9999736547470093, 1.5514717102050781], [-0.35504844784736633, -0.9348227977752686, -0.006851476151496172, -0.1220703125], [0.0, 0.0, 0.0, 1.0]]], "view": [[0.0, -2.0, 100.0], [-2.0, 0.0, 100.0], [0.0, 0.0, 1.0]], "bev": "bev_8425cdc3597f495f81ac4ad2492fc22a.png", "aux": "aux_8425cdc3597f495f81ac4ad2492fc22a.npz", "visibility": "visibility_8425cdc3597f495f81ac4ad2492fc22a.png", "pose": [[0.7725946307182312, 0.6348996162414551, 0.0, 1221.6915283203125], [-0.6348996162414551, 0.7725946307182312, 0.0, 2792.6708984375], [0.0, 0.0, 1.0, 0.0], [0.0, 0.0, 0.0, 1.0]], "pose_inverse": [[0.7725946307182312, -0.6348996162414551, 0.0, 829.1932983398438], [0.6348996162414551, 0.7725946307182312, 0.0, -2933.254150390625], [0.0, 0.0, 1.0, 0.0], [0.0, 0.0, 0.0, 1.0]], "cam_ids": [0, 1, 2, 3, 4, 5], "cam_channels": ["CAM_FRONT_LEFT", "CAM_FRONT", "CAM_FRONT_RIGHT", "CAM_BACK_LEFT", "CAM_BACK", "CAM_BACK_RIGHT"], "token": "8425cdc3597f495f81ac4ad2492fc22a", "scene": "scene-0406"}, {"images": ["samples/CAM_FRONT_LEFT/n015-2018-09-27-15-33-17+0800__CAM_FRONT_LEFT__1538033775354844.jpg", "samples/CAM_FRONT/n015-2018-09-27-15-33-17+0800__CAM_FRONT__1538033775362460.jpg", "samples/CAM_FRONT_RIGHT/n015-2018-09-27-15-33-17+0800__CAM_FRONT_RIGHT__1538033775370339.jpg", "samples/CAM_BACK_LEFT/n015-2018-09-27-15-33-17+0800__CAM_BACK_LEFT__1538033775397423.jpg", "samples/CAM_BACK/n015-2018-09-27-15-33-17+0800__CAM_BACK__1538033775387525.jpg", "samples/CAM_BACK_RIGHT/n015-2018-09-27-15-33-17+0800__CAM_BACK_RIGHT__1538033775377893.jpg"], "intrinsics": [[[1272.5979470598488, 0.0, 826.6154927353808], [0.0, 1272.5979470598488, 479.75165386361925], [0.0, 0.0, 1.0]], [[1266.417203046554, 0.0, 816.2670197447984], [0.0, 1266.417203046554, 491.50706579294757], [0.0, 0.0, 1.0]], [[1260.8474446004698, 0.0, 807.968244525554], [0.0, 1260.8474446004698, 495.3344268742088], [0.0, 0.0, 1.0]], [[1256.7414812095406, 0.0, 792.1125740759628], [0.0, 1256.7414812095406, 492.7757465151356], [0.0, 0.0, 1.0]], [[809.2209905677063, 0.0, 829.2196003259838], [0.0, 809.2209905677063, 481.77842384512485], [0.0, 0.0, 1.0]], [[1259.5137405846733, 0.0, 807.2529053838625], [0.0, 1259.5137405846733, 501.19579884916527], [0.0, 0.0, 1.0]]], "extrinsics": [[[0.8204419612884521, -0.5717252492904663, 0.0023073176853358746, -0.666015625], [-0.0027820314280688763, -0.008027859963476658, -0.9999639391899109, 1.5072669982910156], [0.5717230439186096, 0.820405900478363, -0.008176950737833977, -1.076171875], [0.0, 0.0, 0.0, 1.0]], [[0.005252256523817778, -0.9999149441719055, 0.01193821057677269, 0.00927734375], [-0.007989234291017056, -0.01197995338588953, -0.9998962879180908, 1.5181884765625], [0.9999542236328125, 0.005156388506293297, -0.008051476441323757, -1.39483642578125], [0.0, 0.0, 0.0, 1.0]], [[-0.8331361413002014, -0.5530669093132019, -0.0010795085690915585, 0.8416748046875], [-0.002258824650198221, 0.005354504566639662, -0.9999831318855286, 1.5031166076660156], [0.5530633926391602, -0.8331195712089539, -0.005710310768336058, -1.11962890625], [0.0, 0.0, 0.0, 1.0]], [[0.9479018449783325, 0.3185591697692871, -0.001453873817808926, -1.1433563232421875], [0.006723230704665184, -0.02456800453364849, -0.9996755719184875, 1.5885391235351562], [-0.3184916377067566, 0.9475845694541931, -0.025429805740714073, -0.102783203125], [0.0, 0.0, 0.0, 1.0]], [[0.002678083721548319, 0.9998877644538879, -0.014746731147170067, 0.002197265625], [-0.01880033127963543, -0.014693832956254482, -0.999715268611908, 1.5778026580810547], [-0.9998196363449097, 0.00295457080937922, 0.0187588669359684, -0.08154296875], [0.0, 0.0, 0.0, 1.0]], [[-0.9347078204154968, 0.35519149899482727, -0.012660265900194645, 0.9810791015625], [0.013721175491809845, 0.00046796491369605064, -0.9999057650566101, 1.5537214279174805], [-0.35515210032463074, -0.9347934126853943, -0.005311055574566126, -0.121337890625], [0.0, 0.0, 0.0, 1.0]]], "view": [[0.0, -2.0, 100.0], [-2.0, 0.0, 100.0], [0.0, 0.0, 1.0]], "bev": "bev_3d2c72102d1b4ec1a2e8b1f6992d51a5.png", "aux": "aux_3d2c72102d1b4ec1a2e8b1f6992d51a5.npz", "visibility": "visibility_3d2c72102d1b4ec1a2e8b1f6992d51a5.png", "pose": [[0.7743456959724426, 0.6327627897262573, 0.0, 1225.080322265625], [-0.6327627897262573, 0.7743456959724426, 0.0, 2789.84521484375], [0.0, 0.0, 1.0, 0.0], [0.0, 0.0, 0.0, 1.0]], "pose_inverse": [[0.7743456959724426, -0.6327627897262573, 0.0, 816.6744995117188], [0.6327627897262573, 0.7743456959724426, 0.0, -2935.489990234375], [0.0, 0.0, 1.0, 0.0], [0.0, 0.0, 0.0, 1.0]], "cam_ids": [0, 1, 2, 3, 4, 5], "cam_channels": ["CAM_FRONT_LEFT", "CAM_FRONT", "CAM_FRONT_RIGHT", "CAM_BACK_LEFT", "CAM_BACK", "CAM_BACK_RIGHT"], "token": "3d2c72102d1b4ec1a2e8b1f6992d51a5", "scene": "scene-0406"}, {"images": ["samples/CAM_FRONT_LEFT/n015-2018-09-27-15-33-17+0800__CAM_FRONT_LEFT__1538033775904844.jpg", "samples/CAM_FRONT/n015-2018-09-27-15-33-17+0800__CAM_FRONT__1538033775912460.jpg", "samples/CAM_FRONT_RIGHT/n015-2018-09-27-15-33-17+0800__CAM_FRONT_RIGHT__1538033775920339.jpg", "samples/CAM_BACK_LEFT/n015-2018-09-27-15-33-17+0800__CAM_BACK_LEFT__1538033775947423.jpg", "samples/CAM_BACK/n015-2018-09-27-15-33-17+0800__CAM_BACK__1538033775937525.jpg", "samples/CAM_BACK_RIGHT/n015-2018-09-27-15-33-17+0800__CAM_BACK_RIGHT__1538033775927893.jpg"], "intrinsics": [[[1272.5979470598488, 0.0, 826.6154927353808], [0.0, 1272.5979470598488, 479.75165386361925], [0.0, 0.0, 1.0]], [[1266.417203046554, 0.0, 816.2670197447984], [0.0, 1266.417203046554, 491.50706579294757], [0.0, 0.0, 1.0]], [[1260.8474446004698, 0.0, 807.968244525554], [0.0, 1260.8474446004698, 495.3344268742088], [0.0, 0.0, 1.0]], [[1256.7414812095406, 0.0, 792.1125740759628], [0.0, 1256.7414812095406, 492.7757465151356], [0.0, 0.0, 1.0]], [[809.2209905677063, 0.0, 829.2196003259838], [0.0, 809.2209905677063, 481.77842384512485], [0.0, 0.0, 1.0]], [[1259.5137405846733, 0.0, 807.2529053838625], [0.0, 1259.5137405846733, 501.19579884916527], [0.0, 0.0, 1.0]]], "extrinsics": [[[0.8207874298095703, -0.5712301135063171, 0.00201449915766716, -0.66455078125], [-0.0036756794434040785, -0.008807936683297157, -0.9999544620513916, 1.5069389343261719], [0.5712217688560486, 0.820742666721344, -0.00932910293340683, -1.075439453125], [0.0, 0.0, 0.0, 1.0]], [[0.005764351226389408, -0.9999013543128967, 0.01280509028583765, 0.009521484375], [-0.009011955000460148, -0.012856729328632355, -0.9998767375946045, 1.517873764038086], [0.9999427795410156, 0.00564816128462553, -0.009085176512598991, -1.393798828125], [0.0, 0.0, 0.0, 1.0]], [[-0.832909882068634, -0.5534083843231201, 0.00043940640171058476, 0.84039306640625], [-0.0034295355435460806, 0.004367650952190161, -0.9999845623970032, 1.5028448104858398], [0.5533978939056396, -0.8328985571861267, -0.005535793025046587, -1.118896484375], [0.0, 0.0, 0.0, 1.0]], [[0.9477710127830505, 0.31893160939216614, -0.0035635291133075953, -1.141632080078125], [0.005018014460802078, -0.02608145773410797, -0.9996472001075745, 1.58856201171875], [-0.3189120590686798, 0.9474188089370728, -0.026319654658436775, -0.103759765625], [0.0, 0.0, 0.0, 1.0]], [[0.0023824134841561317, 0.9998686909675598, -0.016027605161070824, 0.002197265625], [-0.020323000848293304, -0.01597592793405056, -0.9996657967567444, 1.5776405334472656], [-0.999790608882904, 0.002707432257011533, 0.020282268524169922, -0.08294677734375], [0.0, 0.0, 0.0, 1.0]], [[-0.9348300695419312, 0.3548988401889801, -0.011807121336460114, 0.9794921875], [0.012392864562571049, -0.0006226873956620693, -0.9999229907989502, 1.5535259246826172], [-0.3548789322376251, -0.9349045157432556, -0.0038161047268658876, -0.121826171875], [0.0, 0.0, 0.0, 1.0]]], "view": [[0.0, -2.0, 100.0], [-2.0, 0.0, 100.0], [0.0, 0.0, 1.0]], "bev": "bev_4a70211db23c412c9961c977297870b3.png", "aux": "aux_4a70211db23c412c9961c977297870b3.npz", "visibility": "visibility_4a70211db23c412c9961c977297870b3.png", "pose": [[0.7761430144309998, 0.6305568814277649, 0.0, 1228.7261962890625], [-0.6305568814277649, 0.7761430144309998, 0.0, 2786.836181640625], [0.0, 0.0, 1.0, 0.0], [0.0, 0.0, 0.0, 1.0]], "pose_inverse": [[0.7761430144309998, -0.6305568814277649, 0.0, 803.5914916992188], [0.6305568814277649, 0.7761430144309998, 0.0, -2937.76513671875], [0.0, 0.0, 1.0, 0.0], [0.0, 0.0, 0.0, 1.0]], "cam_ids": [0, 1, 2, 3, 4, 5], "cam_channels": ["CAM_FRONT_LEFT", "CAM_FRONT", "CAM_FRONT_RIGHT", "CAM_BACK_LEFT", "CAM_BACK", "CAM_BACK_RIGHT"], "token": "4a70211db23c412c9961c977297870b3", "scene": "scene-0406"}, {"images": ["samples/CAM_FRONT_LEFT/n015-2018-09-27-15-33-17+0800__CAM_FRONT_LEFT__1538033776404844.jpg", "samples/CAM_FRONT/n015-2018-09-27-15-33-17+0800__CAM_FRONT__1538033776412460.jpg", "samples/CAM_FRONT_RIGHT/n015-2018-09-27-15-33-17+0800__CAM_FRONT_RIGHT__1538033776420339.jpg", "samples/CAM_BACK_LEFT/n015-2018-09-27-15-33-17+0800__CAM_BACK_LEFT__1538033776447423.jpg", "samples/CAM_BACK/n015-2018-09-27-15-33-17+0800__CAM_BACK__1538033776437525.jpg", "samples/CAM_BACK_RIGHT/n015-2018-09-27-15-33-17+0800__CAM_BACK_RIGHT__1538033776427893.jpg"], "intrinsics": [[[1272.5979470598488, 0.0, 826.6154927353808], [0.0, 1272.5979470598488, 479.75165386361925], [0.0, 0.0, 1.0]], [[1266.417203046554, 0.0, 816.2670197447984], [0.0, 1266.417203046554, 491.50706579294757], [0.0, 0.0, 1.0]], [[1260.8474446004698, 0.0, 807.968244525554], [0.0, 1260.8474446004698, 495.3344268742088], [0.0, 0.0, 1.0]], [[1256.7414812095406, 0.0, 792.1125740759628], [0.0, 1256.7414812095406, 492.7757465151356], [0.0, 0.0, 1.0]], [[809.2209905677063, 0.0, 829.2196003259838], [0.0, 809.2209905677063, 481.77842384512485], [0.0, 0.0, 1.0]], [[1259.5137405846733, 0.0, 807.2529053838625], [0.0, 1259.5137405846733, 501.19579884916527], [0.0, 0.0, 1.0]]], "extrinsics": [[[0.8208836913108826, -0.5710669159889221, 0.005703607574105263, -0.682373046875], [0.0005660593742504716, -0.009173526428639889, -0.999957799911499, 1.5084648132324219], [0.5710951685905457, 0.8208521604537964, -0.007207139860838652, -1.0865478515625], [0.0, 0.0, 0.0, 1.0]], [[0.005933339707553387, -0.9998953342437744, 0.013189014047384262, 0.009033203125], [-0.004664735868573189, -0.013216778635978699, -0.9999018311500549, 1.5192489624023438], [0.9999715089797974, 0.005871154367923737, -0.004742668475955725, -1.4111328125], [0.0, 0.0, 0.0, 1.0]], [[-0.8327629566192627, -0.5536210536956787, -0.003074835753068328, 0.851806640625], [0.0010227415477856994, 0.0040155756287276745, -0.9999914169311523, 1.503859519958496], [0.55362868309021, -0.8327589631080627, -0.00277781137265265, -1.12646484375], [0.0, 0.0, 0.0, 1.0]], [[0.9477666616439819, 0.31896305084228516, 0.0009403967997059226, -1.14251708984375], [0.00984230823814869, -0.026298297569155693, -0.999605655670166, 1.5885543823242188], [-0.3188125789165497, 0.9474021792411804, -0.028063984587788582, -0.103759765625], [0.0, 0.0, 0.0, 1.0]], [[0.0023378392215818167, 0.9998639822006226, -0.01632498763501644, 0.002197265625], [-0.015600192360579967, -0.01628657802939415, -0.9997456669807434, 1.5781288146972656], [-0.9998756051063538, 0.002591966651380062, 0.015559994615614414, -0.07733154296875], [0.0, 0.0, 0.0, 1.0]], [[-0.9348400831222534, 0.35469862818717957, -0.01621193066239357, 0.9888916015625], [0.016971826553344727, -0.0009688401478342712, -0.9998555183410645, 1.554117202758789], [-0.35466310381889343, -0.9349801540374756, -0.005114174447953701, -0.118408203125], [0.0, 0.0, 0.0, 1.0]]], "view": [[0.0, -2.0, 100.0], [-2.0, 0.0, 100.0], [0.0, 0.0, 1.0]], "bev": "bev_46d61f5944174bebbec3d084af6818b4.png", "aux": "aux_46d61f5944174bebbec3d084af6818b4.npz", "visibility": "visibility_46d61f5944174bebbec3d084af6818b4.png", "pose": [[0.7772910594940186, 0.6291411519050598, 0.0, 1231.899169921875], [-0.6291411519050598, 0.7772910594940186, 0.0, 2784.225341796875], [0.0, 0.0, 1.0, 0.0], [0.0, 0.0, 0.0, 1.0]], "pose_inverse": [[0.7772910594940186, -0.6291411519050598, 0.0, 794.1265258789062], [0.6291411519050598, 0.7772910594940186, 0.0, -2939.19189453125], [0.0, 0.0, 1.0, 0.0], [0.0, 0.0, 0.0, 1.0]], "cam_ids": [0, 1, 2, 3, 4, 5], "cam_channels": ["CAM_FRONT_LEFT", "CAM_FRONT", "CAM_FRONT_RIGHT", "CAM_BACK_LEFT", "CAM_BACK", "CAM_BACK_RIGHT"], "token": "46d61f5944174bebbec3d084af6818b4", "scene": "scene-0406"}, {"images": ["samples/CAM_FRONT_LEFT/n015-2018-09-27-15-33-17+0800__CAM_FRONT_LEFT__1538033776904844.jpg", "samples/CAM_FRONT/n015-2018-09-27-15-33-17+0800__CAM_FRONT__1538033776912460.jpg", "samples/CAM_FRONT_RIGHT/n015-2018-09-27-15-33-17+0800__CAM_FRONT_RIGHT__1538033776920339.jpg", "samples/CAM_BACK_LEFT/n015-2018-09-27-15-33-17+0800__CAM_BACK_LEFT__1538033776947423.jpg", "samples/CAM_BACK/n015-2018-09-27-15-33-17+0800__CAM_BACK__1538033776937525.jpg", "samples/CAM_BACK_RIGHT/n015-2018-09-27-15-33-17+0800__CAM_BACK_RIGHT__1538033776927893.jpg"], "intrinsics": [[[1272.5979470598488, 0.0, 826.6154927353808], [0.0, 1272.5979470598488, 479.75165386361925], [0.0, 0.0, 1.0]], [[1266.417203046554, 0.0, 816.2670197447984], [0.0, 1266.417203046554, 491.50706579294757], [0.0, 0.0, 1.0]], [[1260.8474446004698, 0.0, 807.968244525554], [0.0, 1260.8474446004698, 495.3344268742088], [0.0, 0.0, 1.0]], [[1256.7414812095406, 0.0, 792.1125740759628], [0.0, 1256.7414812095406, 492.7757465151356], [0.0, 0.0, 1.0]], [[809.2209905677063, 0.0, 829.2196003259838], [0.0, 809.2209905677063, 481.77842384512485], [0.0, 0.0, 1.0]], [[1259.5137405846733, 0.0, 807.2529053838625], [0.0, 1259.5137405846733, 501.19579884916527], [0.0, 0.0, 1.0]]], "extrinsics": [[[0.8207840323448181, -0.5712125897407532, 0.005440352484583855, -0.689453125], [-0.0020339093171060085, -0.012446011416614056, -0.9999204277992249, 1.5075912475585938], [0.5712348818778992, 0.8207077383995056, -0.011377282440662384, -1.0906982421875], [0.0, 0.0, 0.0, 1.0]], [[0.005678793415427208, -0.999852180480957, 0.016226716339588165, 0.008056640625], [-0.007293178234249353, -0.016267959028482437, -0.9998410940170288, 1.5185508728027344], [0.999957263469696, 0.005559559911489487, -0.007384483236819506, -1.417724609375], [0.0, 0.0, 0.0, 1.0]], [[-0.8329818844795227, -0.5532998442649841, 0.000698034418746829, 0.85528564453125], [-0.001628085388801992, 0.0011894709896296263, -0.9999979138374329, 1.5032947063446045], [0.5532978177070618, -0.832981288433075, -0.0018916258122771978, -1.130126953125], [0.0, 0.0, 0.0, 1.0]], [[0.947776734828949, 0.31892669200897217, -0.0022161162924021482, -1.143524169921875], [0.007099861279129982, -0.028044922277331352, -0.9995813965797424, 1.5885391235351562], [-0.31885528564453125, 0.947364330291748, -0.028844662010669708, -0.103271484375], [0.0, 0.0, 0.0, 1.0]], [[0.0024729499127715826, 0.9998261332511902, -0.01848037727177143, 0.00244140625], [-0.018312852829694748, -0.018432054668664932, -0.9996623992919922, 1.5779533386230469], [-0.9998291730880737, 0.0028106272220611572, 0.018264086917042732, -0.0748291015625], [0.0, 0.0, 0.0, 1.0]], [[-0.934764564037323, 0.35496658086776733, -0.0146217355504632, 0.9927978515625], [0.014301115646958351, -0.003527013584971428, -0.9998915195465088, 1.5536422729492188], [-0.35497963428497314, -0.9348723888397217, -0.0017794917803257704, -0.11767578125], [0.0, 0.0, 0.0, 1.0]]], "view": [[0.0, -2.0, 100.0], [-2.0, 0.0, 100.0], [0.0, 0.0, 1.0]], "bev": "bev_c01010ff4d534ad8bea2264b10598dab.png", "aux": "aux_c01010ff4d534ad8bea2264b10598dab.npz", "visibility": "visibility_c01010ff4d534ad8bea2264b10598dab.png", "pose": [[0.7762212157249451, 0.6304606199264526, 0.0, 1234.9486083984375], [-0.6304606199264526, 0.7762212157249451, 0.0, 2781.71337890625], [0.0, 0.0, 1.0, 0.0], [0.0, 0.0, 0.0, 1.0]], "pose_inverse": [[0.7762212157249451, -0.6304606199264526, 0.0, 795.1674194335938], [0.6304606199264526, 0.7762212157249451, 0.0, -2937.8115234375], [0.0, 0.0, 1.0, 0.0], [0.0, 0.0, 0.0, 1.0]], "cam_ids": [0, 1, 2, 3, 4, 5], "cam_channels": ["CAM_FRONT_LEFT", "CAM_FRONT", "CAM_FRONT_RIGHT", "CAM_BACK_LEFT", "CAM_BACK", "CAM_BACK_RIGHT"], "token": "c01010ff4d534ad8bea2264b10598dab", "scene": "scene-0406"}, {"images": ["samples/CAM_FRONT_LEFT/n015-2018-09-27-15-33-17+0800__CAM_FRONT_LEFT__1538033777404844.jpg", "samples/CAM_FRONT/n015-2018-09-27-15-33-17+0800__CAM_FRONT__1538033777412460.jpg", "samples/CAM_FRONT_RIGHT/n015-2018-09-27-15-33-17+0800__CAM_FRONT_RIGHT__1538033777420339.jpg", "samples/CAM_BACK_LEFT/n015-2018-09-27-15-33-17+0800__CAM_BACK_LEFT__1538033777447423.jpg", "samples/CAM_BACK/n015-2018-09-27-15-33-17+0800__CAM_BACK__1538033777437525.jpg", "samples/CAM_BACK_RIGHT/n015-2018-09-27-15-33-17+0800__CAM_BACK_RIGHT__1538033777427893.jpg"], "intrinsics": [[[1272.5979470598488, 0.0, 826.6154927353808], [0.0, 1272.5979470598488, 479.75165386361925], [0.0, 0.0, 1.0]], [[1266.417203046554, 0.0, 816.2670197447984], [0.0, 1266.417203046554, 491.50706579294757], [0.0, 0.0, 1.0]], [[1260.8474446004698, 0.0, 807.968244525554], [0.0, 1260.8474446004698, 495.3344268742088], [0.0, 0.0, 1.0]], [[1256.7414812095406, 0.0, 792.1125740759628], [0.0, 1256.7414812095406, 492.7757465151356], [0.0, 0.0, 1.0]], [[809.2209905677063, 0.0, 829.2196003259838], [0.0, 809.2209905677063, 481.77842384512485], [0.0, 0.0, 1.0]], [[1259.5137405846733, 0.0, 807.2529053838625], [0.0, 1259.5137405846733, 501.19579884916527], [0.0, 0.0, 1.0]]], "extrinsics": [[[0.8206683993339539, -0.5714005827903748, 0.002157063689082861, -0.700927734375], [0.0035131454933434725, 0.0012707005953416228, -0.9999930262565613, 1.509373426437378], [0.5713939070701599, 0.8206703066825867, 0.003050237661227584, -1.097900390625], [0.0, 0.0, 0.0, 1.0]], [[0.005640337243676186, -0.9999804496765137, 0.0026812085416167974, 0.0078125], [-0.0018371606711298227, -0.002691609086468816, -0.999994695186615, 1.5200505256652832], [0.9999823570251465, 0.005635381676256657, -0.0018523064209148288, -1.4281005859375], [0.0, 0.0, 0.0, 1.0]], [[-0.8328441977500916, -0.5533941388130188, -0.011200358159840107, 0.86163330078125], [0.003731096861883998, 0.014621877111494541, -0.999886155128479, 1.50439453125], [0.5534948110580444, -0.8327911496162415, -0.01011297944933176, -1.13427734375], [0.0, 0.0, 0.0, 1.0]], [[0.9477424621582031, 0.3189699053764343, 0.006523112300783396, -1.140350341796875], [0.012051979079842567, -0.015362901613116264, -0.9998093247413635, 1.5885772705078125], [-0.3188088536262512, 0.9476402997970581, -0.018404291942715645, -0.1044921875], [0.0, 0.0, 0.0, 1.0]], [[0.0023890933953225613, 0.9999821186065674, -0.00548915471881628, 0.002685546875], [-0.013243967667222023, -0.0054570469073951244, -0.9998974204063416, 1.578352451324463], [-0.999909520149231, 0.002461537253111601, 0.013230692595243454, -0.074462890625], [0.0, 0.0, 0.0, 1.0]], [[-0.9347618222236633, 0.3549661636352539, -0.014804153703153133, 0.99658203125], [0.01952587068080902, 0.009723196737468243, -0.9997620582580566, 1.5543489456176758], [-0.35473787784576416, -0.9348285794258118, -0.016019899398088455, -0.11572265625], [0.0, 0.0, 0.0, 1.0]]], "view": [[0.0, -2.0, 100.0], [-2.0, 0.0, 100.0], [0.0, 0.0, 1.0]], "bev": "bev_727d86c70ed34b66b24ccf9e7e36643d.png", "aux": "aux_727d86c70ed34b66b24ccf9e7e36643d.npz", "visibility": "visibility_727d86c70ed34b66b24ccf9e7e36643d.png", "pose": [[0.7759655117988586, 0.6307753324508667, 0.0, 1237.8955078125], [-0.6307753324508667, 0.7759655117988586, 0.0, 2779.2998046875], [0.0, 0.0, 1.0, 0.0], [0.0, 0.0, 0.0, 1.0]], "pose_inverse": [[0.7759655117988586, -0.6307753324508667, 0.0, 792.5494995117188], [0.6307753324508667, 0.7759655117988586, 0.0, -2937.474853515625], [0.0, 0.0, 1.0, 0.0], [0.0, 0.0, 0.0, 1.0]], "cam_ids": [0, 1, 2, 3, 4, 5], "cam_channels": ["CAM_FRONT_LEFT", "CAM_FRONT", "CAM_FRONT_RIGHT", "CAM_BACK_LEFT", "CAM_BACK", "CAM_BACK_RIGHT"], "token": "727d86c70ed34b66b24ccf9e7e36643d", "scene": "scene-0406"}, {"images": ["samples/CAM_FRONT_LEFT/n015-2018-09-27-15-33-17+0800__CAM_FRONT_LEFT__1538033777904844.jpg", "samples/CAM_FRONT/n015-2018-09-27-15-33-17+0800__CAM_FRONT__1538033777912460.jpg", "samples/CAM_FRONT_RIGHT/n015-2018-09-27-15-33-17+0800__CAM_FRONT_RIGHT__1538033777920339.jpg", "samples/CAM_BACK_LEFT/n015-2018-09-27-15-33-17+0800__CAM_BACK_LEFT__1538033777947423.jpg", "samples/CAM_BACK/n015-2018-09-27-15-33-17+0800__CAM_BACK__1538033777937525.jpg", "samples/CAM_BACK_RIGHT/n015-2018-09-27-15-33-17+0800__CAM_BACK_RIGHT__1538033777927893.jpg"], "intrinsics": [[[1272.5979470598488, 0.0, 826.6154927353808], [0.0, 1272.5979470598488, 479.75165386361925], [0.0, 0.0, 1.0]], [[1266.417203046554, 0.0, 816.2670197447984], [0.0, 1266.417203046554, 491.50706579294757], [0.0, 0.0, 1.0]], [[1260.8474446004698, 0.0, 807.968244525554], [0.0, 1260.8474446004698, 495.3344268742088], [0.0, 0.0, 1.0]], [[1256.7414812095406, 0.0, 792.1125740759628], [0.0, 1256.7414812095406, 492.7757465151356], [0.0, 0.0, 1.0]], [[809.2209905677063, 0.0, 829.2196003259838], [0.0, 809.2209905677063, 481.77842384512485], [0.0, 0.0, 1.0]], [[1259.5137405846733, 0.0, 807.2529053838625], [0.0, 1259.5137405846733, 501.19579884916527], [0.0, 0.0, 1.0]]], "extrinsics": [[[0.8206170201301575, -0.5714650750160217, 0.0039147003553807735, -0.7021484375], [0.00436739157885313, -0.0005786990514025092, -0.9999902844429016, 1.509641170501709], [0.5714617371559143, 0.8206260800361633, 0.002020921790972352, -1.0997314453125], [0.0, 0.0, 0.0, 1.0]], [[0.0053933244198560715, -0.9999727010726929, 0.0050253113731741905, 0.008056640625], [-0.0012258337810635567, -0.005031992681324482, -0.9999865889549255, 1.520216941833496], [0.9999846816062927, 0.005387141369283199, -0.0012529401574283838, -1.42919921875], [0.0, 0.0, 0.0, 1.0]], [[-0.8330667614936829, -0.5530833005905151, -0.009922350756824017, 0.8616943359375], [0.004097704775631428, 0.011766616255044937, -0.9999223351478577, 1.504476547241211], [0.5531571507453918, -0.8330428004264832, -0.007536004763096571, -1.134521484375], [0.0, 0.0, 0.0, 1.0]], [[0.9477534890174866, 0.31897372007369995, 0.004376797005534172, -1.1376190185546875], [0.011487596668303013, -0.020414890721440315, -0.9997255802154541, 1.5886154174804688], [-0.31879687309265137, 0.9475436806678772, -0.023012526333332062, -0.105224609375], [0.0, 0.0, 0.0, 1.0]], [[0.0025848231744021177, 0.9999504685401917, -0.009613549336791039, 0.00244140625], [-0.013415169902145863, -0.009578041732311249, -0.9998641610145569, 