[{"images": ["samples/CAM_FRONT_LEFT/n008-2018-08-29-16-04-13-0400__CAM_FRONT_LEFT__1535573589854799.jpg", "samples/CAM_FRONT/n008-2018-08-29-16-04-13-0400__CAM_FRONT__1535573589862404.jpg", "samples/CAM_FRONT_RIGHT/n008-2018-08-29-16-04-13-0400__CAM_FRONT_RIGHT__1535573589870482.jpg", "samples/CAM_BACK_LEFT/n008-2018-08-29-16-04-13-0400__CAM_BACK_LEFT__1535573589897405.jpg", "samples/CAM_BACK/n008-2018-08-29-16-04-13-0400__CAM_BACK__1535573589887558.jpg", "samples/CAM_BACK_RIGHT/n008-2018-08-29-16-04-13-0400__CAM_BACK_RIGHT__1535573589878113.jpg"], "intrinsics": [[[1257.8625342125129, 0.0, 827.2410631095686], [0.0, 1257.8625342125129, 450.915498205774], [0.0, 0.0, 1.0]], [[1252.8131021185304, 0.0, 826.588114781398], [0.0, 1252.8131021185304, 469.9846626224581], [0.0, 0.0, 1.0]], [[1256.7485116440405, 0.0, 817.7887570959712], [0.0, 1256.7485116440403, 451.9541780095127], [0.0, 0.0, 1.0]], [[1254.9860565800168, 0.0, 829.5769333630991], [0.0, 1254.9860565800168, 467.1680561863987], [0.0, 0.0, 1.0]], [[796.8910634503094, 0.0, 857.7774326863696], [0.0, 796.8910634503094, 476.8848988407415], [0.0, 0.0, 1.0]], [[1249.9629280788233, 0.0, 825.3768045375984], [0.0, 1249.9629280788233, 462.54816385708756], [0.0, 0.0, 1.0]]], "extrinsics": [[[0.8217650055885315, -0.5696870684623718, -0.012601959519088268, -0.8203125], [-0.0043759760446846485, 0.015805590897798538, -0.9998655319213867, 1.487281084060669], [0.5698096752166748, 0.8217096328735352, 0.010495544411242008, -1.208251953125], [0.0, 0.0, 0.0, 1.0]], [[0.00918262917548418, -0.9998884797096252, -0.011777950450778008, 0.009033203125], [-0.002395855262875557, 0.0117564145475626, -0.9999279975891113, 1.4797000885009766], [0.999954879283905, 0.009210184216499329, -0.002287632552906871, -1.551025390625], [0.0, 0.0, 0.0, 1.0]], [[-0.8444563746452332, -0.5355855226516724, -0.006447802297770977, 0.971435546875], [0.005662118550390005, 0.0031110907439142466, -0.9999790787696838, 1.4938697814941406], [0.5355944037437439, -0.844475269317627, 0.0004053677839692682, -1.199951171875], [0.0, 0.0, 0.0, 1.0]], [[0.9478132128715515, 0.3185729682445526, -0.012704936787486076, -1.1370849609375], [-0.01953776925802231, 0.018261944875121117, -0.9996423125267029, 1.5619010925292969], [-0.31822702288627625, 0.947722315788269, 0.02353311888873577, -0.158538818359375], [0.0, 0.0, 0.0, 1.0]], [[0.009605354629456997, 0.9998976588249207, 0.010604441165924072, -0.02899169921875], [-0.0174855999648571, 0.010771261528134346, -0.9997890591621399, 1.5670642852783203], [-0.9998010396957397, 0.009417909197509289, 0.017587272450327873, -0.0123291015625], [0.0, 0.0, 0.0, 1.0]], [[-0.9235191941261292, 0.38347357511520386, 0.007765790913254023, 1.064208984375], [-0.013360046781599522, -0.011927061714231968, -0.9998396039009094, 1.5464363098144531], [-0.3833194971084595, -0.9234747290611267, 0.016138095408678055, -0.08245849609375], [0.0, 0.0, 0.0, 1.0]]], "view": [[0.0, -2.0, 100.0], [-2.0, 0.0, 100.0], [0.0, 0.0, 1.0]], "bev": "bev_7ec7441ea88645b9be606a5005bab4e4.png", "aux": "aux_7ec7441ea88645b9be606a5005bab4e4.npz", "visibility": "visibility_7ec7441ea88645b9be606a5005bab4e4.png", "pose": [[0.43954870104789734, -0.8982187509536743, 0.0, 423.7219543457031], [0.8982187509536743, 0.43954870104789734, 0.0, 1656.21142578125], [0.0, 0.0, 1.0, 0.0], [0.0, 0.0, 0.0, 1.0]], "pose_inverse": [[0.43954870104789734, 0.8982187509536743, 0.0, -1673.8865966796875], [-0.8982187509536743, 0.43954870104789734, 0.0, -347.3905944824219], [0.0, 0.0, 1.0, 0.0], [0.0, 0.0, 0.0, 1.0]], "cam_ids": [0, 1, 2, 3, 4, 5], "cam_channels": ["CAM_FRONT_LEFT", "CAM_FRONT", "CAM_FRONT_RIGHT", "CAM_BACK_LEFT", "CAM_BACK", "CAM_BACK_RIGHT"], "token": "7ec7441ea88645b9be606a5005bab4e4", "scene": "scene-0717"}, {"images": ["samples/CAM_FRONT_LEFT/n008-2018-08-29-16-04-13-0400__CAM_FRONT_LEFT__1535573590354799.jpg", "samples/CAM_FRONT/n008-2018-08-29-16-04-13-0400__CAM_FRONT__1535573590362404.jpg", "samples/CAM_FRONT_RIGHT/n008-2018-08-29-16-04-13-0400__CAM_FRONT_RIGHT__1535573590370482.jpg", "samples/CAM_BACK_LEFT/n008-2018-08-29-16-04-13-0400__CAM_BACK_LEFT__1535573590397405.jpg", "samples/CAM_BACK/n008-2018-08-29-16-04-13-0400__CAM_BACK__1535573590387558.jpg", "samples/CAM_BACK_RIGHT/n008-2018-08-29-16-04-13-0400__CAM_BACK_RIGHT__1535573590378113.jpg"], "intrinsics": [[[1257.8625342125129, 0.0, 827.2410631095686], [0.0, 1257.8625342125129, 450.915498205774], [0.0, 0.0, 1.0]], [[1252.8131021185304, 0.0, 826.588114781398], [0.0, 1252.8131021185304, 469.9846626224581], [0.0, 0.0, 1.0]], [[1256.7485116440405, 0.0, 817.7887570959712], [0.0, 1256.7485116440403, 451.9541780095127], [0.0, 0.0, 1.0]], [[1254.9860565800168, 0.0, 829.5769333630991], [0.0, 1254.9860565800168, 467.1680561863987], [0.0, 0.0, 1.0]], [[796.8910634503094, 0.0, 857.7774326863696], [0.0, 796.8910634503094, 476.8848988407415], [0.0, 0.0, 1.0]], [[1249.9629280788233, 0.0, 825.3768045375984], [0.0, 1249.9629280788233, 462.54816385708756], [0.0, 0.0, 1.0]]], "extrinsics": [[[0.821422278881073, -0.5701338648796082, -0.014593273401260376, -0.822509765625], [-0.006576703395694494, 0.01611694134771824, -0.999848484992981, 1.4868173599243164], [0.5702826976776123, 0.8213937878608704, 0.00948921125382185, -1.2081298828125], [0.0, 0.0, 0.0, 1.0]], [[0.008537094108760357, -0.9998897910118103, -0.012146726250648499, 0.007781982421875], [-0.004778947215527296, 0.012106234207749367, -0.9999153017997742, 1.479278564453125], [0.9999521970748901, 0.008594443090260029, -0.00467506842687726, -1.55078125], [0.0, 0.0, 0.0, 1.0]], [[-0.8448392152786255, -0.5350016355514526, -0.004475581459701061, 0.9691162109375], [0.0031012457329779863, 0.003468176582828164, -0.9999891519546509, 1.4935202598571777], [0.5350112915039062, -0.8448439836502075, -0.0012708804570138454, -1.199951171875], [0.0, 0.0, 0.0, 1.0]], [[0.9477922320365906, 0.3185022175312042, -0.015691008418798447, -1.135009765625], [-0.022776000201702118, 0.018532589077949524, -0.9995688199996948, 1.5618209838867188], [-0.318074107170105, 0.947740912437439, 0.024819249287247658, -0.1592864990234375], [0.0, 0.0, 0.0, 1.0]], [[0.009945007041096687, 0.9998910427093506, 0.01091264933347702, -0.028564453125], [-0.020463671535253525, 0.011114413850009441, -0.999728798866272, 1.566854476928711], [-0.9997411370277405, 0.009719022549688816, 0.02057197503745556, -0.0142822265625], [0.0, 0.0, 0.0, 1.0]], [[-0.923289954662323, 0.3839617967605591, 0.010438778437674046, 1.0625], [-0.016108477488160133, -0.01155341137200594, -0.9998034834861755, 1.5461101531982422], [-0.38376569747924805, -0.9232767224311829, 0.016852188855409622, -0.083984375], [0.0, 0.0, 0.0, 1.0]]], "view": [[0.0, -2.0, 100.0], [-2.0, 0.0, 100.0], [0.0, 0.0, 1.0]], "bev": "bev_d6ef1ff122f3450ea362372c3c237a6e.png", "aux": "aux_d6ef1ff122f3450ea362372c3c237a6e.npz", "visibility": "visibility_d6ef1ff122f3450ea362372c3c237a6e.png", "pose": [[0.42845675349235535, -0.9035623073577881, 0.0, 424.8234558105469], [0.9035623073577881, 0.42845675349235535, 0.0, 1658.456787109375], [0.0, 0.0, 1.0, 0.0], [0.0, 0.0, 0.0, 1.0]], "pose_inverse": [[0.42845675349235535, 0.9035623073577881, 0.0, -1680.5374755859375], [-0.9035623073577881, 0.42845675349235535, 0.0, -326.7225341796875], [0.0, 0.0, 1.0, 0.0], [0.0, 0.0, 0.0, 1.0]], "cam_ids": [0, 1, 2, 3, 4, 5], "cam_channels": ["CAM_FRONT_LEFT", "CAM_FRONT", "CAM_FRONT_RIGHT", "CAM_BACK_LEFT", "CAM_BACK", "CAM_BACK_RIGHT"], "token": "d6ef1ff122f3450ea362372c3c237a6e", "scene": "scene-0717"}, {"images": ["samples/CAM_FRONT_LEFT/n008-2018-08-29-16-04-13-0400__CAM_FRONT_LEFT__1535573590854805.jpg", "samples/CAM_FRONT/n008-2018-08-29-16-04-13-0400__CAM_FRONT__1535573590862404.jpg", "samples/CAM_FRONT_RIGHT/n008-2018-08-29-16-04-13-0400__CAM_FRONT_RIGHT__1535573590870482.jpg", "samples/CAM_BACK_LEFT/n008-2018-08-29-16-04-13-0400__CAM_BACK_LEFT__1535573590897405.jpg", "samples/CAM_BACK/n008-2018-08-29-16-04-13-0400__CAM_BACK__1535573590887558.jpg", "samples/CAM_BACK_RIGHT/n008-2018-08-29-16-04-13-0400__CAM_BACK_RIGHT__1535573590878113.jpg"], "intrinsics": [[[1257.8625342125129, 0.0, 827.2410631095686], [0.0, 1257.8625342125129, 450.915498205774], [0.0, 0.0, 1.0]], [[1252.8131021185304, 0.0, 826.588114781398], [0.0, 1252.8131021185304, 469.9846626224581], [0.0, 0.0, 1.0]], [[1256.7485116440405, 0.0, 817.7887570959712], [0.0, 1256.7485116440403, 451.9541780095127], [0.0, 0.0, 1.0]], [[1254.9860565800168, 0.0, 829.5769333630991], [0.0, 1254.9860565800168, 467.1680561863987], [0.0, 0.0, 1.0]], [[796.8910634503094, 0.0, 857.7774326863696], [0.0, 796.8910634503094, 476.8848988407415], [0.0, 0.0, 1.0]], [[1249.9629280788233, 0.0, 825.3768045375984], [0.0, 1249.9629280788233, 462.54816385708756], [0.0, 0.0, 1.0]]], "extrinsics": [[[0.8216593265533447, -0.5696873664855957, -0.01823391020298004, -0.8399658203125], [-0.011899266391992569, 0.01483878679573536, -0.9998190999031067, 1.4858942031860352], [0.5698548555374146, 0.8217275738716125, 0.005413565319031477, -1.220703125], [0.0, 0.0, 0.0, 1.0]], [[0.009028221480548382, -0.9999000430107117, -0.010875076986849308, 0.008087158203125], [-0.009875530377030373, 0.01078583113849163, -0.999893069267273, 1.4785356521606445], [0.9999104738235474, 0.009134650230407715, -0.00977716501802206, -1.5712890625], [0.0, 0.0, 0.0, 1.0]], [[-0.8445659279823303, -0.535451352596283, 0.00042120314901694655, 0.985595703125], [-0.0018478389829397202, 0.0021279631182551384, -0.9999960064888, 1.4928388595581055], [0.5354482531547546, -0.8445634245872498, -0.0027866330929100513, -1.2099609375], [0.0, 0.0, 0.0, 1.0]], [[0.9477097392082214, 0.3185010254383087, -0.02008381113409996, -1.1363525390625], [-0.02696082927286625, 0.017197756096720695, -0.9994885325431824, 1.56182861328125], [-0.31799277663230896, 0.9477664232254028, 0.02488553524017334, -0.15869140625], [0.0, 0.0, 0.0, 1.0]], [[0.009772192686796188, 0.9999068379402161, 0.00953218899667263, -0.028778076171875], [-0.024955302476882935, 0.00977354496717453, -0.9996407628059387, 1.5667991638183594], [-0.9996408224105835, 0.009530829265713692, 0.02504848688840866, -0.006103515625], [0.0, 0.0, 0.0, 1.0]], [[-0.9233835935592651, 0.38361093401908875, 0.014332150109112263, 1.07568359375], [-0.02087869867682457, -0.012906872667372227, -0.9996986985206604, 1.5459136962890625], [-0.38331037759780884, -0.9234045743942261, 0.019927293062210083, -0.078369140625], [0.0, 0.0, 0.0, 1.0]]], "view": [[0.0, -2.0, 100.0], [-2.0, 0.0, 100.0], [0.0, 0.0, 1.0]], "bev": "bev_517174a984184ba981bfd5aef2384f9d.png", "aux": "aux_517174a984184ba981bfd5aef2384f9d.npz", "visibility": "visibility_517174a984184ba981bfd5aef2384f9d.png", "pose": [[0.41733208298683167, -0.9087540507316589, 0.0, 425.8570556640625], [0.9087540507316589, 0.41733208298683167, 0.0, 1660.635009765625], [0.0, 0.0, 1.0, 0.0], [0.0, 0.0, 0.0, 1.0]], "pose_inverse": [[0.41733208298683167, 0.9087540507316589, 0.0, -1686.8326416015625], [-0.9087540507316589, 0.41733208298683167, 0.0, -306.0369567871094], [0.0, 0.0, 1.0, 0.0], [0.0, 0.0, 0.0, 1.0]], "cam_ids": [0, 1, 2, 3, 4, 5], "cam_channels": ["CAM_FRONT_LEFT", "CAM_FRONT", "CAM_FRONT_RIGHT", "CAM_BACK_LEFT", "CAM_BACK", "CAM_BACK_RIGHT"], "token": "517174a984184ba981bfd5aef2384f9d", "scene": "scene-0717"}, {"images": ["samples/CAM_FRONT_LEFT/n008-2018-08-29-16-04-13-0400__CAM_FRONT_LEFT__1535573591404799.jpg", "samples/CAM_FRONT/n008-2018-08-29-16-04-13-0400__CAM_FRONT__1535573591412404.jpg", "samples/CAM_FRONT_RIGHT/n008-2018-08-29-16-04-13-0400__CAM_FRONT_RIGHT__1535573591420502.jpg", "samples/CAM_BACK_LEFT/n008-2018-08-29-16-04-13-0400__CAM_BACK_LEFT__1535573591447405.jpg", "samples/CAM_BACK/n008-2018-08-29-16-04-13-0400__CAM_BACK__1535573591437558.jpg", "samples/CAM_BACK_RIGHT/n008-2018-08-29-16-04-13-0400__CAM_BACK_RIGHT__1535573591428113.jpg"], "intrinsics": [[[1257.8625342125129, 0.0, 827.2410631095686], [0.0, 1257.8625342125129, 450.915498205774], [0.0, 0.0, 1.0]], [[1252.8131021185304, 0.0, 826.588114781398], [0.0, 1252.8131021185304, 469.9846626224581], [0.0, 0.0, 1.0]], [[1256.7485116440405, 0.0, 817.7887570959712], [0.0, 1256.7485116440403, 451.9541780095127], [0.0, 0.0, 1.0]], [[1254.9860565800168, 0.0, 829.5769333630991], [0.0, 1254.9860565800168, 467.1680561863987], [0.0, 0.0, 1.0]], [[796.8910634503094, 0.0, 857.7774326863696], [0.0, 796.8910634503094, 476.8848988407415], [0.0, 0.0, 1.0]], [[1249.9629280788233, 0.0, 825.3768045375984], [0.0, 1249.9629280788233, 462.54816385708756], [0.0, 0.0, 1.0]]], "extrinsics": [[[0.8216822147369385, -0.5697394013404846, -0.015342294238507748, -0.8431396484375], [-0.00910374615341425, 0.013795452192425728, -0.9998633861541748, 1.4864940643310547], [0.5698732733726501, 0.8217096924781799, 0.006148713640868664, -1.2222900390625], [0.0, 0.0, 0.0, 1.0]], [[0.009037923999130726, -0.9999107122421265, -0.009846029803156853, 0.007659912109375], [-0.007062455639243126, 0.009782357141375542, -0.9999272227287292, 1.4790058135986328], [0.9999342560768127, 0.009106784127652645, -0.006973412353545427, -1.571533203125], [0.0, 0.0, 0.0, 1.0]], [[-0.8445589542388916, -0.535460352897644, -0.0015265978872776031, 0.9830322265625], [0.0010501000797376037, 0.00119471934158355, -0.9999986886978149, 1.493202805519104], [0.5354616045951843, -0.8445594906806946, -0.00044672490912489593, -1.20843505859375], [0.0, 0.0, 0.0, 1.0]], [[0.9478130340576172, 0.31833404302597046, -0.017718074843287468, -1.1329345703125], [-0.024325765669345856, 0.0167935099452734, -0.9995630383491516, 1.5617599487304688], [-0.31789737939834595, 0.9478299021720886, 0.023660829290747643, -0.159637451171875], [0.0, 0.0, 0.0, 1.0]], [[0.009811989031732082, 0.9999122023582458, 0.008911472745239735, -0.028533935546875], [-0.02220643311738968, 0.009127593599259853, -0.9997117519378662, 1.5668601989746094], [-0.9997053146362305, 0.009611235931515694, 0.022294042631983757, -0.009765625], [0.0, 0.0, 0.0, 1.0]], [[-0.9234243035316467, 0.38361242413520813, 0.011359176598489285, 1.0728759765625], [-0.018003525212407112, -0.013734254986047745, -0.9997435808181763, 1.5461158752441406], [-0.3833579123020172, -0.9233920574188232, 0.01958892121911049, -0.0794677734375], [0.0, 0.0, 0.0, 1.0]]], "view": [[0.0, -2.0, 100.0], [-2.0, 0.0, 100.0], [0.0, 0.0, 1.0]], "bev": "bev_b579ad9c61c24374bdab840b746170f4.png", "aux": "aux_b579ad9c61c24374bdab840b746170f4.npz", "visibility": "visibility_b579ad9c61c24374bdab840b746170f4.png", "pose": [[0.40558210015296936, -0.9140586256980896, 0.0, 426.8737487792969], [0.9140586256980896, 0.40558210015296936, 0.0, 1662.8524169921875], [0.0, 0.0, 1.0, 0.0], [0.0, 0.0, 0.0, 1.0]], "pose_inverse": [[0.40558210015296936, 0.9140586256980896, 0.0, -1693.076904296875], [-0.9140586256980896, 0.40558210015296936, 0.0, -284.23553466796875], [0.0, 0.0, 1.0, 0.0], [0.0, 0.0, 0.0, 1.0]], "cam_ids": [0, 1, 2, 3, 4, 5], "cam_channels": ["CAM_FRONT_LEFT", "CAM_FRONT", "CAM_FRONT_RIGHT", "CAM_BACK_LEFT", "CAM_BACK", "CAM_BACK_RIGHT"], "token": "b579ad9c61c24374bdab840b746170f4", "scene": "scene-0717"}, {"images": ["samples/CAM_FRONT_LEFT/n008-2018-08-29-16-04-13-0400__CAM_FRONT_LEFT__1535573591904799.jpg", "samples/CAM_FRONT/n008-2018-08-29-16-04-13-0400__CAM_FRONT__1535573591912404.jpg", "samples/CAM_FRONT_RIGHT/n008-2018-08-29-16-04-13-0400__CAM_FRONT_RIGHT__1535573591920482.jpg", "samples/CAM_BACK_LEFT/n008-2018-08-29-16-04-13-0400__CAM_BACK_LEFT__1535573591947405.jpg", "samples/CAM_BACK/n008-2018-08-29-16-04-13-0400__CAM_BACK__1535573591937558.jpg", "samples/CAM_BACK_RIGHT/n008-2018-08-29-16-04-13-0400__CAM_BACK_RIGHT__1535573591928113.jpg"], "intrinsics": [[[1257.8625342125129, 0.0, 827.2410631095686], [0.0, 1257.8625342125129, 450.915498205774], [0.0, 0.0, 1.0]], [[1252.8131021185304, 0.0, 826.588114781398], [0.0, 1252.8131021185304, 469.9846626224581], [0.0, 0.0, 1.0]], [[1256.7485116440405, 0.0, 817.7887570959712], [0.0, 1256.7485116440403, 451.9541780095127], [0.0, 0.0, 1.0]], [[1254.9860565800168, 0.0, 829.5769333630991], [0.0, 1254.9860565800168, 467.1680561863987], [0.0, 0.0, 1.0]], [[796.8910634503094, 0.0, 857.7774326863696], [0.0, 796.8910634503094, 476.8848988407415], [0.0, 0.0, 1.0]], [[1249.9629280788233, 0.0, 825.3768045375984], [0.0, 1249.9629280788233, 462.54816385708756], [0.0, 0.0, 1.0]]], "extrinsics": [[[0.8224270939826965, -0.5687053799629211, -0.013706876896321774, -0.8380126953125], [-0.0071244193241000175, 0.013796085491776466, -0.9998794198036194, 1.4868249893188477], [0.568825900554657, 0.8224256038665771, 0.007294578943401575, -1.2208251953125], [0.0, 0.0, 0.0, 1.0]], [[0.010110856965184212, -0.999902069568634, -0.00967071671038866, 0.009033203125], [-0.005092731676995754, 0.009619593620300293, -0.9999407529830933, 1.479292869567871], [0.9999359250068665, 0.01015952043235302, -0.004994971677660942, -1.56689453125], [0.0, 0.0, 0.0, 1.0]], [[-0.8441087603569031, -0.5361636281013489, -0.003004046157002449, 0.97998046875], [0.0030111989472061396, 0.0008621488232165575, -0.9999951124191284, 1.4934701919555664], [0.5361635088920593, -0.8441136479377747, 0.0008867474971339107, -1.20538330078125], [0.0, 0.0, 0.0, 1.0]], [[0.9477435350418091, 0.318636029958725, -0.015914110466837883, -1.132568359375], [-0.022107558324933052, 0.01583019644021988, -0.9996302723884583, 1.5617637634277344], [-0.3182663321495056, 0.9477449059486389, 0.02204723097383976, -0.16058349609375], [0.0, 0.0, 0.0, 1.0]], [[0.009333299472928047, 0.9999228715896606, 0.00818938110023737, -0.02923583984375], [-0.02008836902678013, 0.008375577628612518, -0.9997630715370178, 1.5669231414794922], [-0.9997546672821045, 0.009166586212813854, 0.020164992660284042, -0.01171875], [0.0, 0.0, 0.0, 1.0]], [[-0.9236842393875122, 0.3830416798591614, 0.009301243349909782, 1.0693359375], [-0.015982188284397125, -0.01426316425204277, -0.9997705221176147, 1.5462570190429688], [-0.38282108306884766, -0.9236209392547607, 0.01929650455713272, -0.0802001953125], [0.0, 0.0, 0.0, 1.0]]], "view": [[0.0, -2.0, 100.0], [-2.0, 0.0, 100.0], [0.0, 0.0, 1.0]], "bev": "bev_fc480d4ea66445378951d0e0b2fa3c7d.png", "aux": "aux_fc480d4ea66445378951d0e0b2fa3c7d.npz", "visibility": "visibility_fc480d4ea66445378951d0e0b2fa3c7d.png", "pose": [[0.3997754454612732, -0.9166131019592285, 0.0, 427.775390625], [0.9166131019592285, 0.3997754454612732, 0.0, 1664.8533935546875], [0.0, 0.0, 1.0, 0.0], [0.0, 0.0, 0.0, 1.0]], "pose_inverse": [[0.3997754454612732, 0.9166131019592285, 0.0, -1697.04052734375], [-0.9166131019592285, 0.3997754454612732, 0.0, -273.4629821777344], [0.0, 0.0, 1.0, 0.0], [0.0, 0.0, 0.0, 1.0]], "cam_ids": [0, 1, 2, 3, 4, 5], "cam_channels": ["CAM_FRONT_LEFT", "CAM_FRONT", "CAM_FRONT_RIGHT", "CAM_BACK_LEFT", "CAM_BACK", "CAM_BACK_RIGHT"], "token": "fc480d4ea66445378951d0e0b2fa3c7d", "scene": "scene-0717"}, {"images": ["samples/CAM_FRONT_LEFT/n008-2018-08-29-16-04-13-0400__CAM_FRONT_LEFT__1535573592354799.jpg", "samples/CAM_FRONT/n008-2018-08-29-16-04-13-0400__CAM_FRONT__1535573592362404.jpg", "samples/CAM_FRONT_RIGHT/n008-2018-08-29-16-04-13-0400__CAM_FRONT_RIGHT__1535573592370482.jpg", "samples/CAM_BACK_LEFT/n008-2018-08-29-16-04-13-0400__CAM_BACK_LEFT__1535573592397405.jpg", "samples/CAM_BACK/n008-2018-08-29-16-04-13-0400__CAM_BACK__1535573592387558.jpg", "samples/CAM_BACK_RIGHT/n008-2018-08-29-16-04-13-0400__CAM_BACK_RIGHT__1535573592378113.jpg"], "intrinsics": [[[1257.8625342125129, 0.0, 827.2410631095686], [0.0, 1257.8625342125129, 450.915498205774], [0.0, 0.0, 1.0]], [[1252.8131021185304, 0.0, 826.588114781398], [0.0, 1252.8131021185304, 469.9846626224581], [0.0, 0.0, 1.0]], [[1256.7485116440405, 0.0, 817.7887570959712], [0.0, 1256.7485116440403, 451.9541780095127], [0.0, 0.0, 1.0]], [[1254.9860565800168, 0.0, 829.5769333630991], [0.0, 1254.9860565800168, 467.1680561863987], [0.0, 0.0, 1.0]], [[796.8910634503094, 0.0, 857.7774326863696], [0.0, 796.8910634503094, 476.8848988407415], [0.0, 0.0, 1.0]], [[1249.9629280788233, 0.0, 825.3768045375984], [0.0, 1249.9629280788233, 462.54816385708756], [0.0, 0.0, 1.0]]], "extrinsics": [[[0.8225170373916626, -0.5685567855834961, -0.014450928196310997, -0.8465576171875], [-0.0063731493428349495, 0.01619313284754753, -0.9998485445976257, 1.487058162689209], [0.5687046647071838, 0.8224846124649048, 0.009695629589259624, -1.2247314453125], [0.0, 0.0, 0.0, 1.0]], [[0.010235737077891827, -0.9998739957809448, -0.012128529138863087, 0.007659912109375], [-0.00445230258628726, 0.012083472684025764, -0.9999170899391174, 1.479445457458496], [0.9999375939369202, 0.010288853198289871, -0.00432805810123682, -1.5750732421875], [0.0, 0.0, 0.0, 1.0]], [[-0.8440561890602112, -0.5362332463264465, -0.004788301419466734, 0.985107421875], [0.0035308741498738527, 0.0033716419711709023, -0.9999880790710449, 1.4935111999511719], [0.5362430214881897, -0.8440631628036499, -0.0009524839697405696, -1.20989990234375], [0.0, 0.0, 0.0, 1.0]], [[0.9478000998497009, 0.3185141980648041, -0.014954270794987679, -1.1343994140625], [-0.02194030210375786, 0.018356699496507645, -0.9995907545089722, 1.5618247985839844], [-0.31810933351516724, 0.9477403163909912, 0.024386782199144363, -0.1591796875], [0.0, 0.0, 0.0, 1.0]], [[0.009329902939498425, 0.9998987317085266, 0.010739313438534737, -0.028594970703125], [-0.019767379388213158, 0.01092210691422224, -0.9997448921203613, 1.5670185089111328], [-0.9997610449790955, 0.009115253575146198, 0.01986728236079216, -0.0081787109375], [0.0, 0.0, 0.0, 1.0]], [[-0.9237120747566223, 0.38295978307724, 0.009887026622891426, 1.07470703125], [-0.01556295808404684, -0.011725890450179577, -0.9998101592063904, 1.5463733673095703], [-0.3827711343765259, -0.9236905574798584, 0.016791334375739098, -0.0789794921875], [0.0, 0.0, 0.0, 1.0]]], "view": [[0.0, -2.0, 100.0], [-2.0, 0.0, 100.0], [0.0, 0.0, 1.0]], "bev": "bev_7fc118d3099e42d2a663ccb0de62703c.png", "aux": "aux_7fc118d3099e42d2a663ccb0de62703c.npz", "visibility": "visibility_7fc118d3099e42d2a663ccb0de62703c.png", "pose": [[0.4022890627384186, -0.9155126810073853, 0.0, 428.5790100097656], [0.9155126810073853, 0.4022890627384186, 0.0, 1666.6593017578125], [0.0, 0.0, 1.0, 0.0], [0.0, 0.0, 0.0, 1.0]], "pose_inverse": [[0.4022890627384186, 0.9155126810073853, 0.0, -1698.2603759765625], [-0.9155126810073853, 0.4022890627384186, 0.0, -278.1092529296875], [0.0, 0.0, 1.0, 0.0], [0.0, 0.0, 0.0, 1.0]], "cam_ids": [0, 1, 2, 3, 4, 5], "cam_channels": ["CAM_FRONT_LEFT", "CAM_FRONT", "CAM_FRONT_RIGHT", "CAM_BACK_LEFT", "CAM_BACK", "CAM_BACK_RIGHT"], "token": "7fc118d3099e42d2a663ccb0de62703c", "scene": "scene-0717"}, {"images": ["samples/CAM_FRONT_LEFT/n008-2018-08-29-16-04-13-0400__CAM_FRONT_LEFT__1535573592854799.jpg", "samples/CAM_FRONT/n008-2018-08-29-16-04-13-0400__CAM_FRONT__1535573592862404.jpg", "samples/CAM_FRONT_RIGHT/n008-2018-08-29-16-04-13-0400__CAM_FRONT_RIGHT__1535573592870485.jpg", "samples/CAM_BACK_LEFT/n008-2018-08-29-16-04-13-0400__CAM_BACK_LEFT__1535573592897405.jpg", "samples/CAM_BACK/n008-2018-08-29-16-04-13-0400__CAM_BACK__1535573592887558.jpg", "samples/CAM_BACK_RIGHT/n008-2018-08-29-16-04-13-0400__CAM_BACK_RIGHT__1535573592878113.jpg"], "intrinsics": [[[1257.8625342125129, 0.0, 827.2410631095686], [0.0, 1257.8625342125129, 450.915498205774], [0.0, 0.0, 1.0]], [[1252.8131021185304, 0.0, 826.588114781398], [0.0, 1252.8131021185304, 469.9846626224581], [0.0, 0.0, 1.0]], [[1256.7485116440405, 0.0, 817.7887570959712], [0.0, 1256.7485116440403, 451.9541780095127], [0.0, 0.0, 1.0]], [[1254.9860565800168, 0.0, 829.5769333630991], [0.0, 1254.9860565800168, 467.1680561863987], [0.0, 0.0, 1.0]], [[796.8910634503094, 0.0, 857.7774326863696], [0.0, 796.8910634503094, 476.8848988407415], [0.0, 0.0, 1.0]], [[1249.9629280788233, 0.0, 825.3768045375984], [0.0, 1249.9629280788233, 462.54816385708756], [0.0, 0.0, 1.0]]], "extrinsics": [[[0.8230042457580566, -0.5678311586380005, -0.015226112678647041, -0.8529052734375], [-0.012104328721761703, 0.009267590008676052, -0.999883770942688, 1.4860610961914062], [0.567906379699707, 0.8230927586555481, 0.0007540486985817552, -1.229736328125], [0.0, 0.0, 0.0, 1.0]], [[0.011000476777553558, -0.9999278783798218, -0.004801446106284857, 0.007965087890625], [-0.010494951158761978, 0.00468601705506444, -0.9999339580535889, 1.4785594940185547], [0.9998843669891357, 0.011050126515328884, -0.010442645289003849, -1.582275390625], [0.0, 0.0, 0.0, 1.0]], [[-0.8437267541885376, -0.5367511510848999, 0.004831298720091581, 0.99072265625], [-0.002831975696608424, -0.004549249541014433, -0.9999856352806091, 1.4927382469177246], [0.5367653965950012, -0.8437283039093018, 0.0023182574659585953, -1.21295166015625], [0.0, 0.0, 0.0, 1.0]], [[0.9475708603858948, 0.31855273246765137, -0.025171007961034775, -1.133056640625], [-0.029378611594438553, 0.00841012317687273, -0.99953293800354, 1.5616989135742188], [-0.3181923031806946, 0.9478678107261658, 0.017327824607491493, -0.15985107421875], [0.0, 0.0, 0.0, 1.0]], [[0.009051922708749771, 0.9999578595161438, 0.001498380210250616, -0.028778076171875], [-0.026814445853233337, 0.0017406351398676634, -0.9996388554573059, 1.5666961669921875], [-0.9995995163917542, 0.009008465334773064, 0.026829075068235397, -0.0067138671875], [0.0, 0.0, 0.0, 1.0]], [[-0.9238196611404419, 0.3826139271259308, 0.012790415436029434, 1.078857421875], [-0.022203676402568817, -0.020196713507175446, -0.9995494484901428, 1.5458641052246094], [-0.3821831941604614, -0.9236875176429749, 0.027153560891747475, -0.076904296875], [0.0, 0.0, 0.0, 1.0]]], "view": [[0.0, -2.0, 100.0], [-2.0, 0.0, 100.0], [0.0, 0.0, 1.0]], "bev": "bev_e6bf658d9b0f4794a08e97d0a59146bd.png", "aux": "aux_e6bf658d9b0f4794a08e97d0a59146bd.npz", "visibility": "visibility_e6bf658d9b0f4794a08e97d0a59146bd.png", "pose": [[0.4117855429649353, -0.9112807512283325, 0.0, 429.45703125], [0.9112807512283325, 0.4117855429649353, 0.0, 1668.5968017578125], [0.0, 0.0, 1.0, 0.0], [0.0, 0.0, 0.0, 1.0]], "pose_inverse": [[0.4117855429649353, 0.9112807512283325, 0.0, -1697.4044189453125], [-0.9112807512283325, 0.4117855429649353, 0.0, -295.74810791015625], [0.0, 0.0, 1.0, 0.0], [0.0, 0.0, 0.0, 1.0]], "cam_ids": [0, 1, 2, 3, 4, 5], "cam_channels": ["CAM_FRONT_LEFT", "CAM_FRONT", "CAM_FRONT_RIGHT", "CAM_BACK_LEFT", "CAM_BACK", "CAM_BACK_RIGHT"], "token": "e6bf658d9b0f4794a08e97d0a59146bd", "scene": "scene-0717"}, {"images": ["samples/CAM_FRONT_LEFT/n008-2018-08-29-16-04-13-0400__CAM_FRONT_LEFT__1535573593404799.jpg", "samples/CAM_FRONT/n008-2018-08-29-16-04-13-0400__CAM_FRONT__1535573593412404.jpg", "samples/CAM_FRONT_RIGHT/n008-2018-08-29-16-04-13-0400__CAM_FRONT_RIGHT__1535573593420482.jpg", "samples/CAM_BACK_LEFT/n008-2018-08-29-16-04-13-0400__CAM_BACK_LEFT__1535573593447405.jpg", "samples/CAM_BACK/n008-2018-08-29-16-04-13-0400__CAM_BACK__1535573593437558.jpg", "samples/CAM_BACK_RIGHT/n008-2018-08-29-16-04-13-0400__CAM_BACK_RIGHT__1535573593428113.jpg"], "intrinsics": [[[1257.8625342125129, 0.0, 827.2410631095686], [0.0, 1257.8625342125129, 450.915498205774], [0.0, 0.0, 1.0]], [[1252.8131021185304, 0.0, 826.588114781398], [0.0, 1252.8131021185304, 469.9846626224581], [0.0, 0.0, 1.0]], [[1256.7485116440405, 0.0, 817.7887570959712], [0.0, 1256.7485116440403, 451.9541780095127], [0.0, 0.0, 1.0]], [[1254.9860565800168, 0.0, 829.5769333630991], [0.0, 1254.9860565800168, 467.1680561863987], [0.0, 0.0, 1.0]], [[796.8910634503094, 0.0, 857.7774326863696], [0.0, 796.8910634503094, 476.8848988407415], [0.0, 0.0, 1.0]], [[1249.9629280788233, 0.0, 825.3768045375984], [0.0, 1249.9629280788233, 462.54816385708756], [0.0, 0.0, 1.0]]], "extrinsics": [[[0.8232941627502441, -0.5675621628761292, -0.007744536269456148, -0.8533935546875], [-0.0007997733191587031, 0.01248406246304512, -0.9999217391014099, 1.488128900527954], [0.5676144957542419, 0.8232359290122986, 0.009824133478105068, -1.2305908203125], [0.0, 0.0, 0.0, 1.0]], [[0.011380012147128582, -0.9999052882194519, -0.0077430917881429195, 0.00848388671875], [0.0013702776050195098, 0.007759180385619402, -0.999968945980072, 1.4803624153137207], [0.999934196472168, 0.011369059793651104, 0.0014584476593881845, -1.582763671875], [0.0, 0.0, 0.0, 1.0]], [[-0.8435590267181396, -0.5369873046875, -0.00726774986833334, 0.9913330078125], [0.009619276039302349, -0.0015773616032674909, -0.9999524354934692, 1.4942102432250977], [0.5369503498077393, -0.8435888290405273, 0.006496026646345854, -1.21295166015625], [0.0, 0.0, 0.0, 1.0]], [[0.9478266835212708, 0.318609356880188, -0.010612467303872108, -1.13720703125], [-0.014889784157276154, 0.010992414318025112, -0.9998286962509155, 1.5619373321533203], [-0.3184381425380707, 0.9478223323822021, 0.015162928961217403, -0.158355712890625], [0.0, 0.0, 0.0, 1.0]], [[0.008891362696886063, 0.9999511241912842, 0.004332429263740778, -0.028900146484375], [-0.013105026446282864, 0.004448753781616688, -0.9999041557312012, 1.5674381256103516], [-0.9998746514320374, 0.008833719417452812, 0.013143942691385746, -0.0032958984375], [0.0, 0.0, 0.0, 1.0]], [[-0.9239990711212158, 0.3823900520801544, 0.0019034192664548755, 1.080322265625], [-0.009226896800100803, -0.01731894351541996, -0.9998074769973755, 1.5470294952392578], [-0.38228338956832886, -0.9238386154174805, 0.01953096129000187, -0.075927734375], [0.0, 0.0, 0.0, 1.0]]], "view": [[0.0, -2.0, 100.0], [-2.0, 0.0, 100.0], [0.0, 0.0, 1.0]], "bev": "bev_c2b4386cf76f476f8b832502788355bb.png", "aux": "aux_c2b4386cf76f476f8b832502788355bb.npz", "visibility": "visibility_c2b4386cf76f476f8b832502788355bb.png", "pose": [[0.42323628067970276, -0.9060193300247192, 0.0, 430.427001953125], [0.9060193300247192, 0.42323628067970276, 0.0, 1670.6844482421875], [0.0, 0.0, 1.0, 0.0], [0.0, 0.0, 0.0, 1.0]], "pose_inverse": [[0.42323628067970276, 0.9060193300247192, 0.0, -1695.8447265625], [-0.9060193300247192, 0.42323628067970276, 0.0, -317.11907958984375], [0.0, 0.0, 1.0, 0.0], [0.0, 0.0, 0.0, 1.0]], "cam_ids": [0, 1, 2, 3, 4, 5], "cam_channels": ["CAM_FRONT_LEFT", "CAM_FRONT", "CAM_FRONT_RIGHT", "CAM_BACK_LEFT", "CAM_BACK", "CAM_BACK_RIGHT"], "token": "c2b4386cf76f476f8b832502788355bb", "scene": "scene-0717"}, {"images": ["samples/CAM_FRONT_LEFT/n008-2018-08-29-16-04-13-0400__CAM_FRONT_LEFT__1535573593904799.jpg", "samples/CAM_FRONT/n008-2018-08-29-16-04-13-0400__CAM_FRONT__1535573593912404.jpg", "samples/CAM_FRONT_RIGHT/n008-2018-08-29-16-04-13-0400__CAM_FRONT_RIGHT__1535573593920482.jpg", "samples/CAM_BACK_LEFT/n008-2018-08-29-16-04-13-0400__CAM_BACK_LEFT__1535573593947405.jpg", "samples/CAM_BACK/n008-2018-08-29-16-04-13-0400__CAM_BACK__1535573593937558.jpg", "samples/CAM_BACK_RIGHT/n008-2018-08-29-16-04-13-0400__CAM_BACK_RIGHT__1535573593928113.jpg"], "intrinsics": [[[1257.8625342125129, 0.0, 827.2410631095686], [0.0, 1257.8625342125129, 450.915498205774], [0.0, 0.0, 1.0]], [[1252.8131021185304, 0.0, 826.588114781398], [0.0, 1252.8131021185304, 469.9846626224581], [0.0, 0.0, 1.0]], [[1256.7485116440405, 0.0, 817.7887570959712], [0.0, 1256.7485116440403, 451.9541780095127], [0.0, 0.0, 1.0]], [[1254.9860565800168, 0.0, 829.5769333630991], [0.0, 1254.9860565800168, 467.1680561863987], [0.0, 0.0, 1.0]], [[796.8910634503094, 0.0, 857.7774326863696], [0.0, 796.8910634503094, 476.8848988407415], [0.0, 0.0, 1.0]], [[1249.9629280788233, 0.0, 825.3768045375984], [0.0, 1249.9629280788233, 462.54816385708756], [0.0, 0.0, 1.0]]], "extrinsics": [[[0.8225514888763428, -0.568554699420929, -0.012435419484972954, -0.85546875], [-0.00460162153467536, 0.015211868099868298, -0.999873697757721, 1.4874439239501953], [0.5686720013618469, 0.8225048184394836, 0.00989627093076706, -1.2313232421875], [0.0, 0.0, 0.0, 1.0]], [[0.010257109999656677, -0.9998824000358582, -0.011404935270547867, 0.0078125], [-0.0026102701667696238, 0.011378723196685314, -0.9999318718910217, 1.4797639846801758], [0.9999440908432007, 0.010286214761435986, -0.002493249485269189, -1.585205078125], [0.0, 0.0, 0.0, 1.0]], [[-0.8440511226654053, -0.5362269878387451, -0.0062021822668612, 0.9932861328125], [0.005450745578855276, 0.0029863365925848484, -0.9999806880950928, 1.4937019348144531], [0.5362351536750793, -0.8440685272216797, 0.0004022167413495481, -1.21490478515625], [0.0, 0.0, 0.0, 1.0]], [[0.9477516412734985, 0.3187570869922638, -0.01267869584262371, -1.143798828125], [-0.019632766023278236, 0.018612703308463097, -0.9996340274810791, 1.562042236328125], [-0.3184044659137726, 0.9476536512374878, 0.023898305371403694, -0.1561737060546875], [0.0, 0.0, 0.0, 1.0]], [[0.009251910261809826, 0.9998980164527893, 0.010884522460401058, -0.02880859375], [-0.017684446647763252, 0.011046899482607841, -0.9997825622558594, 1.5672931671142578], [-0.9998008608818054, 0.009057383984327316, 0.0177848469465971, 0.0010986328125], [0.0, 0.0, 0.0, 1.0]], [[-0.9237262010574341, 0.38296934962272644, 0.00802108459174633, 1.0831298828125], [-0.013587197288870811, -0.011831413954496384, -0.9998376369476318, 1.5466804504394531], [-0.3828122615814209, -0.9236853718757629, 0.01613246649503708, -0.0753173828125], [0.0, 0.0, 0.0, 1.0]]], "view": [[0.0, -2.0, 100.0], [-2.0, 0.0, 100.0], [0.0, 0.0, 1.0]], "bev": "bev_333b3f1be90e476db169a83ab169a283.png", "aux": "aux_333b3f1be90e476db169a83ab169a283.npz", "visibility": "visibility_333b3f1be90e476db169a83ab169a283.png", "pose": [[0.430041640996933, -0.9028090834617615, 0.0, 431.3292541503906], [0.9028090834617615, 0.430041640996933, 0.0, 1672.5511474609375], [0.0, 0.0, 1.0, 0.0], [0.0, 0.0, 0.0, 1.0]], "pose_inverse": [[0.430041640996933, 0.9028090834617615, 0.0, -1695.48388671875], [-0.9028090834617615, 0.430041640996933, 0.0, -329.8586730957031], [0.0, 0.0, 1.0, 0.0], [0.0, 0.0, 0.0, 1.0]], "cam_ids": [0, 1, 2, 3, 4, 5], "cam_channels": ["CAM_FRONT_LEFT", "CAM_FRONT", "CAM_FRONT_RIGHT", "CAM_BACK_LEFT", "CAM_BACK", "CAM_BACK_RIGHT"], "token": "333b3f1be90e476db169a83ab169a283", "scene": "scene-0717"}, {"images": ["samples/CAM_FRONT_LEFT/n008-2018-08-29-16-04-13-0400__CAM_FRONT_LEFT__1535573594404799.jpg", "samples/CAM_FRONT/n008-2018-08-29-16-04-13-0400__CAM_FRONT__1535573594412404.jpg", "samples/CAM_FRONT_RIGHT/n008-2018-08-29-16-04-13-0400__CAM_FRONT_RIGHT__1535573594420482.jpg", "samples/CAM_BACK_LEFT/n008-2018-08-29-16-04-13-0400__CAM_BACK_LEFT__1535573594447405.jpg", "samples/CAM_BACK/n008-2018-08-29-16-04-13-0400__CAM_BACK__1535573594437558.jpg", "samples/CAM_BACK_RIGHT/n008-2018-08-29-16-04-13-0400__CAM_BACK_RIGHT__1535573594428113.jpg"], "intrinsics": [[[1257.8625342125129, 0.0, 827.2410631095686], [0.0, 1257.8625342125129, 450.915498205774], [0.0, 0.0, 1.0]], [[1252.8131021185304, 0.0, 826.588114781398], [0.0, 1252.8131021185304, 469.9846626224581], [0.0, 0.0, 1.0]], [[1256.7485116440405, 0.0, 817.7887570959712], [0.0, 1256.7485116440403, 451.9541780095127], [0.0, 0.0, 1.0]], [[1254.9860565800168, 0.0, 829.5769333630991], [0.0, 1254.9860565800168, 467.1680561863987], [0.0, 0.0, 1.0]], [[796.8910634503094, 0.0, 857.7774326863696], [0.0, 796.8910634503094, 476.8848988407415], [0.0, 0.0, 1.0]], [[1249.9629280788233, 0.0, 825.3768045375984], [0.0, 1249.9629280788233, 462.54816385708756], [0.0, 0.0, 1.0]]], "extrinsics": [[[0.8223674297332764, -0.5688886642456055, -0.008793630637228489, -0.84716796875], [-0.007666993886232376, 0.004373791627585888, -0.9999610781669617, 1.4868240356445312], [0.5689050555229187, 0.8224028944969177, -0.0007648035534657538, -1.2257080078125], [0.0, 0.0, 0.0, 1.0]], [[0.010045161470770836, -0.9999495148658752, -0.0003733090707100928, 0.008087158203125], [-0.00584900937974453, 0.0003145641239825636, -0.9999828338623047, 1.4792404174804688], [0.9999324083328247, 0.010047180578112602, -0.005845553707331419, -1.576904296875], [0.0, 0.0, 0.0, 1.0]], [[-0.844121515750885, -0.5361449122428894, 0.0027477992698550224, 0.9873046875], [0.002028148854151368, -0.008318093605339527, -0.9999633431434631, 1.4933290481567383], [0.5361480712890625, -0.8440849781036377, 0.008108862675726414, -1.2109375], [0.0, 0.0, 0.0, 1.0]], [[0.9476828575134277, 0.3185728192329407, -0.020211240276694298, -1.14208984375], [-0.02374112978577614, 0.007201008964329958, -0.9996922016143799, 1.5620002746582031], [-0.31832924485206604, 0.9478710293769836, 0.014387553557753563, -0.156768798828125], [0.0, 0.0, 0.0, 1.0]], [[0.009282384999096394, 0.9999566674232483, -0.0006760260439477861, -0.02874755859375], [-0.021484311670064926, -0.00047646427992731333, -0.9997690320014954, 1.5670509338378906], [-0.9997261166572571, 0.009294782765209675, 0.021478958427906036, -0.0025634765625], [0.0, 0.0, 0.0, 1.0]], [[-0.9236795902252197, 0.38310354948043823, 0.006910286843776703, 1.0777587890625], [-0.01714702881872654, -0.023312151432037354, -0.9995811581611633, 1.5462913513183594], [-0.3827819228172302, -0.9234111905097961, 0.028102045878767967, -0.07733154296875], [0.0, 0.0, 0.0, 1.0]]], "view": [[0.0, -2.0, 100.0], [-2.0, 0.0, 100.0], [0.0, 0.0, 1.0]], "bev": "bev_4a1ec83d5b87456cb68460eb6be01f6e.png", "aux": "aux_4a1ec83d5b87456cb68460eb6be01f6e.npz", "visibility": "visibility_4a1ec83d5b87456cb68460eb6be01f6e.png", "pose": [[0.4302797317504883, -0.9026955962181091, 0.0, 432.2637634277344], [0.9026955962181091, 0.4302797317504883, 0.0, 1674.4749755859375], [0.0, 0.0, 1.0, 0.0], [0.0, 0.0, 0.0, 1.0]], "pose_inverse": [[0.4302797317504883, 0.9026955962181091, 0.0, -1697.5355224609375], [-0.9026955962181091, 0.4302797317504883, 0.0, -330.2900390625], [0.0, 0.0, 1.0, 0.0], [0.0, 0.0, 0.0, 1.0]], "cam_ids": [0, 1, 2, 3, 4, 5], "cam_channels": ["CAM_FRONT_LEFT", "CAM_FRONT", "CAM_FRONT_RIGHT", "CAM_BACK_LEFT", "CAM_BACK", "CAM_BACK_RIGHT"], "token": "4a1ec83d5b87456cb68460eb6be01f6e", "scene": "scene-0717"}, {"images": ["samples/CAM_FRONT_LEFT/n008-2018-08-29-16-04-13-0400__CAM_FRONT_LEFT__1535573594904799.jpg", "samples/CAM_FRONT/n008-2018-08-29-16-04-13-0400__CAM_FRONT__1535573594912404.jpg", "samples/CAM_FRONT_RIGHT/n008-2018-08-29-16-04-13-0400__CAM_FRONT_RIGHT__1535573594920482.jpg", "samples/CAM_BACK_LEFT/n008-2018-08-29-16-04-13-0400__CAM_BACK_LEFT__1535573594947405.jpg", "samples/CAM_BACK/n008-2018-08-29-16-04-13-0400__CAM_BACK__1535573594937558.jpg", "samples/CAM_BACK_RIGHT/n008-2018-08-29-16-04-13-0400__CAM_BACK_RIGHT__1535573594928113.jpg"], "intrinsics": [[[1257.8625342125129, 0.0, 827.2410631095686], [0.0, 1257.8625342125129, 450.915498205774], [0.0, 0.0, 1.0]], [[1252.8131021185304, 0.0, 826.588114781398], [0.0, 1252.8131021185304, 469.9846626224581], [0.0, 0.0, 1.0]], [[1256.7485116440405, 0.0, 817.7887570959712], [0.0, 1256.7485116440403, 451.9541780095127], [0.0, 0.0, 1.0]], [[1254.9860565800168, 0.0, 829.5769333630991], [0.0, 1254.9860565800168, 467.1680561863987], [0.0, 0.0, 1.0]], [[796.8910634503094, 0.0, 857.7774326863696], [0.0, 796.8910634503094, 476.8848988407415], [0.0, 0.0, 1.0]], [[1249.9629280788233, 0.0, 825.3768045375984], [0.0, 1249.9629280788233, 462.54816385708756], [0.0, 0.0, 1.0]]], "extrinsics": [[[0.8216309547424316, -0.5698649287223816, -0.013284285552799702, -0.8421630859375], [-0.012181315571069717, 0.005746160633862019, -0.9999092817306519, 1.4858779907226562], [0.5698896050453186, 0.8217183351516724, -0.00222048070281744, -1.2215576171875], [0.0, 0.0, 0.0, 1.0]], [[0.009049974381923676, -0.9999573826789856, -0.0018509896472096443, 0.007659912109375], [-0.010263621807098389, 0.0017580791609361768, -0.9999458193778992, 1.4784927368164062], [0.9999063611030579, 0.009068446233868599, -0.01024727150797844, -1.5716552734375], [0.0, 0.0, 0.0, 1.0]], [[-0.8445231914520264, -0.5354901552200317, 0.0055700913071632385, 0.98388671875], [-0.002282004803419113, -0.006802631076425314, -0.999974250793457, 1.4927892684936523], [0.535514235496521, -0.8445141911506653, 0.004522988107055426, -1.20904541015625], [0.0, 0.0, 0.0, 1.0]], [[0.9477464556694031, 0.3181530237197876, -0.0235675610601902, -1.1402587890625], [-0.02781526744365692, 0.00881427712738514, -0.9995742440223694, 1.5619430541992188], [-0.3178098499774933, 0.9479984045028687, 0.017203213647007942, -0.156890869140625], [0.0, 0.0, 0.0, 1.0]], [[0.009778309613466263, 0.9999518394470215, 0.0009001590078696609, -0.028564453125], [-0.025682061910629272, 0.0011510439217090607, -0.999669