[{"images": ["samples/CAM_FRONT_LEFT/n008-2018-09-18-13-10-39-0400__CAM_FRONT_LEFT__1537290856254799.jpg", "samples/CAM_FRONT/n008-2018-09-18-13-10-39-0400__CAM_FRONT__1537290856262404.jpg", "samples/CAM_FRONT_RIGHT/n008-2018-09-18-13-10-39-0400__CAM_FRONT_RIGHT__1537290856270482.jpg", "samples/CAM_BACK_LEFT/n008-2018-09-18-13-10-39-0400__CAM_BACK_LEFT__1537290856297405.jpg", "samples/CAM_BACK/n008-2018-09-18-13-10-39-0400__CAM_BACK__1537290856287558.jpg", "samples/CAM_BACK_RIGHT/n008-2018-09-18-13-10-39-0400__CAM_BACK_RIGHT__1537290856278113.jpg"], "intrinsics": [[[1257.8625342125129, 0.0, 827.2410631095686], [0.0, 1257.8625342125129, 450.915498205774], [0.0, 0.0, 1.0]], [[1252.8131021185304, 0.0, 826.588114781398], [0.0, 1252.8131021185304, 469.9846626224581], [0.0, 0.0, 1.0]], [[1256.7485116440405, 0.0, 817.7887570959712], [0.0, 1256.7485116440403, 451.9541780095127], [0.0, 0.0, 1.0]], [[1254.9860565800168, 0.0, 829.5769333630991], [0.0, 1254.9860565800168, 467.1680561863987], [0.0, 0.0, 1.0]], [[796.8910634503094, 0.0, 857.7774326863696], [0.0, 796.8910634503094, 476.8848988407415], [0.0, 0.0, 1.0]], [[1249.9629280788233, 0.0, 825.3768045375984], [0.0, 1249.9629280788233, 462.54816385708756], [0.0, 0.0, 1.0]]], "extrinsics": [[[0.8214402794837952, -0.570280134677887, -0.004060582723468542, -0.79510498046875], [0.001815423252992332, 0.009734946303069592, -0.9999509453773499, 1.4887290000915527], [0.5702916979789734, 0.8213925957679749, 0.009031974710524082, -1.19085693359375], [0.0, 0.0, 0.0, 1.0]], [[0.008614064194262028, -0.9999500513076782, -0.005077247507870197, 0.00946044921875], [0.004003630485385656, 0.005111883860081434, -0.9999788999557495, 1.4809989929199219], [0.999954879283905, 0.00859353132545948, 0.004047465045005083, -1.52362060546875], [0.0, 0.0, 0.0, 1.0]], [[-0.8447064161300659, -0.5351669192314148, -0.008216273039579391, 0.95233154296875], [0.012361757457256317, -0.004160347860306501, -0.9999149441719055, 1.4951171875], [0.5350872278213501, -0.8447360992431641, 0.01012987457215786, -1.1878662109375], [0.0, 0.0, 0.0, 1.0]], [[0.9478922486305237, 0.3184838891029358, -0.008268862031400204, -1.1356964111328125], [-0.011825799010694027, 0.009236426092684269, -0.9998874068260193, 1.5619401931762695], [-0.31837165355682373, 0.9478832483291626, 0.012521463446319103, -0.15887451171875], [0.0, 0.0, 0.0, 1.0]], [[0.009757334366440773, 0.9999498724937439, 0.002209119265899062, -0.02886962890625], [-0.010165193118155003, 0.0023083004634827375, -0.9999456405639648, 1.5673892498016357], [-0.999900758266449, 0.009734362363815308, 0.010187207721173763, -0.0216827392578125], [0.0, 0.0, 0.0, 1.0]], [[-0.923385739326477, 0.3838692903518677, -0.00174526812043041, 1.048736572265625], [-0.006325312424451113, -0.01976088620722294, -0.9997847080230713, 1.547074317932129], [-0.3838210701942444, -0.9231759309768677, 0.020675014704465866, -0.08880615234375], [0.0, 0.0, 0.0, 1.0]]], "view": [[0.0, -2.0, 100.0], [-2.0, 0.0, 100.0], [0.0, 0.0, 1.0]], "bev": "bev_c528d83548aa4770be117f8f89d30c23.png", "aux": "aux_c528d83548aa4770be117f8f89d30c23.npz", "visibility": "visibility_c528d83548aa4770be117f8f89d30c23.png", "pose": [[-0.7150505185127258, -0.6990727782249451, 0.0, 514.8048706054688], [0.6990727782249451, -0.7150505185127258, 0.0, 647.4851684570312], [0.0, 0.0, 1.0, 0.0], [0.0, 0.0, 0.0, 1.0]], "pose_inverse": [[-0.7150505185127258, 0.6990727782249451, 0.0, -84.52777862548828], [-0.6990727782249451, -0.7150505185127258, 0.0, 822.8706665039062], [0.0, 0.0, 1.0, 0.0], [0.0, 0.0, 0.0, 1.0]], "cam_ids": [0, 1, 2, 3, 4, 5], "cam_channels": ["CAM_FRONT_LEFT", "CAM_FRONT", "CAM_FRONT_RIGHT", "CAM_BACK_LEFT", "CAM_BACK", "CAM_BACK_RIGHT"], "token": "c528d83548aa4770be117f8f89d30c23", "scene": "scene-0574"}, {"images": ["samples/CAM_FRONT_LEFT/n008-2018-09-18-13-10-39-0400__CAM_FRONT_LEFT__1537290856754799.jpg", "samples/CAM_FRONT/n008-2018-09-18-13-10-39-0400__CAM_FRONT__1537290856762404.jpg", "samples/CAM_FRONT_RIGHT/n008-2018-09-18-13-10-39-0400__CAM_FRONT_RIGHT__1537290856770482.jpg", "samples/CAM_BACK_LEFT/n008-2018-09-18-13-10-39-0400__CAM_BACK_LEFT__1537290856797405.jpg", "samples/CAM_BACK/n008-2018-09-18-13-10-39-0400__CAM_BACK__1537290856787558.jpg", "samples/CAM_BACK_RIGHT/n008-2018-09-18-13-10-39-0400__CAM_BACK_RIGHT__1537290856778113.jpg"], "intrinsics": [[[1257.8625342125129, 0.0, 827.2410631095686], [0.0, 1257.8625342125129, 450.915498205774], [0.0, 0.0, 1.0]], [[1252.8131021185304, 0.0, 826.588114781398], [0.0, 1252.8131021185304, 469.9846626224581], [0.0, 0.0, 1.0]], [[1256.7485116440405, 0.0, 817.7887570959712], [0.0, 1256.7485116440403, 451.9541780095127], [0.0, 0.0, 1.0]], [[1254.9860565800168, 0.0, 829.5769333630991], [0.0, 1254.9860565800168, 467.1680561863987], [0.0, 0.0, 1.0]], [[796.8910634503094, 0.0, 857.7774326863696], [0.0, 796.8910634503094, 476.8848988407415], [0.0, 0.0, 1.0]], [[1249.9629280788233, 0.0, 825.3768045375984], [0.0, 1249.9629280788233, 462.54816385708756], [0.0, 0.0, 1.0]]], "extrinsics": [[[0.8188111186027527, -0.5740340948104858, -0.005764753557741642, -0.81439208984375], [0.007330136839300394, 0.02049596980214119, -0.9997630715370178, 1.4899349212646484], [0.574016273021698, 0.8185749053955078, 0.020990075543522835, -1.2027587890625], [0.0, 0.0, 0.0, 1.0]], [[0.004755466245114803, -0.9998546242713928, -0.016377126798033714, 0.008056640625], [0.00842044223099947, 0.016416769474744797, -0.9998298287391663, 1.4817428588867188], [0.9999532103538513, 0.004616755526512861, 0.008497288450598717, -1.5439910888671875], [0.0, 0.0, 0.0, 1.0]], [[-0.8462965488433838, -0.5324370861053467, -0.017113108187913895, 0.96575927734375], [0.015482091344892979, 0.0075278994627296925, -0.9998517632484436, 1.4953579902648926], [0.5324870347976685, -0.8464361429214478, 0.0018724030815064907, -1.19744873046875], [0.0, 0.0, 0.0, 1.0]], [[0.9479054808616638, 0.31849682331085205, -0.005931409541517496, -1.136627197265625], [-0.013318552635610104, 0.021021107211709023, -0.9996902942657471, 1.5619335174560547], [-0.3182734549045563, 0.9476908445358276, 0.02416793815791607, -0.15887451171875], [0.0, 0.0, 0.0, 1.0]], [[0.010947640985250473, 0.9998378753662109, 0.014300148002803326, -0.02880859375], [-0.009788316674530506, 0.014407474547624588, -0.9998482465744019, 1.567474365234375], [-0.9998922348022461, 0.010806005448102951, 0.00994445662945509, -0.01480865478515625], [0.0, 0.0, 0.0, 1.0]], [[-0.9225268363952637, 0.3859313726425171, 0.0011403149692341685, 1.0601806640625], [-0.004489311948418617, -0.007776623126119375, -0.9999597072601318, 1.5473322868347168], [-0.385906845331192, -0.9224947094917297, 0.008906709961593151, -0.084716796875], [0.0, 0.0, 0.0, 1.0]]], "view": [[0.0, -2.0, 100.0], [-2.0, 0.0, 100.0], [0.0, 0.0, 1.0]], "bev": "bev_ea657aeb9f8e48369e2091d1074b6605.png", "aux": "aux_ea657aeb9f8e48369e2091d1074b6605.npz", "visibility": "visibility_ea657aeb9f8e48369e2091d1074b6605.png", "pose": [[-0.7451673150062561, -0.6668775677680969, 0.0, 512.8468627929688], [0.6668775677680969, -0.7451673150062561, 0.0, 649.3763427734375], [0.0, 0.0, 1.0, 0.0], [0.0, 0.0, 0.0, 1.0]], "pose_inverse": [[-0.7451673150062561, 0.6668775677680969, 0.0, -50.89781951904297], [-0.6668775677680969, -0.7451673150062561, 0.0, 825.9000854492188], [0.0, 0.0, 1.0, 0.0], [0.0, 0.0, 0.0, 1.0]], "cam_ids": [0, 1, 2, 3, 4, 5], "cam_channels": ["CAM_FRONT_LEFT", "CAM_FRONT", "CAM_FRONT_RIGHT", "CAM_BACK_LEFT", "CAM_BACK", "CAM_BACK_RIGHT"], "token": "ea657aeb9f8e48369e2091d1074b6605", "scene": "scene-0574"}, {"images": ["samples/CAM_FRONT_LEFT/n008-2018-09-18-13-10-39-0400__CAM_FRONT_LEFT__1537290857254799.jpg", "samples/CAM_FRONT/n008-2018-09-18-13-10-39-0400__CAM_FRONT__1537290857262404.jpg", "samples/CAM_FRONT_RIGHT/n008-2018-09-18-13-10-39-0400__CAM_FRONT_RIGHT__1537290857270482.jpg", "samples/CAM_BACK_LEFT/n008-2018-09-18-13-10-39-0400__CAM_BACK_LEFT__1537290857297405.jpg", "samples/CAM_BACK/n008-2018-09-18-13-10-39-0400__CAM_BACK__1537290857287558.jpg", "samples/CAM_BACK_RIGHT/n008-2018-09-18-13-10-39-0400__CAM_BACK_RIGHT__1537290857278113.jpg"], "intrinsics": [[[1257.8625342125129, 0.0, 827.2410631095686], [0.0, 1257.8625342125129, 450.915498205774], [0.0, 0.0, 1.0]], [[1252.8131021185304, 0.0, 826.588114781398], [0.0, 1252.8131021185304, 469.9846626224581], [0.0, 0.0, 1.0]], [[1256.7485116440405, 0.0, 817.7887570959712], [0.0, 1256.7485116440403, 451.9541780095127], [0.0, 0.0, 1.0]], [[1254.9860565800168, 0.0, 829.5769333630991], [0.0, 1254.9860565800168, 467.1680561863987], [0.0, 0.0, 1.0]], [[796.8910634503094, 0.0, 857.7774326863696], [0.0, 796.8910634503094, 476.8848988407415], [0.0, 0.0, 1.0]], [[1249.9629280788233, 0.0, 825.3768045375984], [0.0, 1249.9629280788233, 462.54816385708756], [0.0, 0.0, 1.0]]], "extrinsics": [[[0.8145685195922852, -0.5800643563270569, 0.001866980572231114, -0.82135009765625], [0.010940395295619965, 0.012145151384174824, -0.9998664259910583, 1.4906911849975586], [0.579964280128479, 0.8144801259040833, 0.016239192336797714, -1.2069091796875], [0.0, 0.0, 0.0, 1.0]], [[-0.0012270743027329445, -0.999959409236908, -0.008921574801206589, 0.0079345703125], [0.012939343228936195, 0.0089049581438303, -0.9998766183853149, 1.4825191497802734], [0.9999154806137085, -0.0013423800701275468, 0.012927891686558723, -1.5509109497070312], [0.0, 0.0, 0.0, 1.0]], [[-0.8486711978912354, -0.5286085605621338, -0.0181701872497797, 0.9710693359375], [0.020867813378572464, 0.0008632320677861571, -0.9997818470001221, 1.4960368871688843], [0.5285089612007141, -0.848865270614624, 0.010298304259777069, -1.20050048828125], [0.0, 0.0, 0.0, 1.0]], [[0.947917103767395, 0.318516343832016, 0.0007029292755760252, -1.14398193359375], [-0.004937274847179651, 0.016900066286325455, -0.999845027923584, 1.5620222091674805], [-0.31847891211509705, 0.9477667212486267, 0.01759246550500393, -0.15728759765625], [0.0, 0.0, 0.0, 1.0]], [[0.012571282684803009, 0.9998759627342224, 0.00948810763657093, -0.029296875], [-0.0025911100674420595, 0.00952139962464571, -0.9999513030052185, 1.5679106712341309], [-0.9999176263809204, 0.01254605408757925, 0.002710485365241766, -0.00926971435546875], [0.0, 0.0, 0.0, 1.0]], [[-0.9212138652801514, 0.38899755477905273, -0.006773170083761215, 1.065155029296875], [0.0016237566014751792, -0.01356489583849907, -0.9999067187309265, 1.547999382019043], [-0.38905301690101624, -0.9211388826370239, 0.011864534579217434, -0.082275390625], [0.0, 0.0, 0.0, 1.0]]], "view": [[0.0, -2.0, 100.0], [-2.0, 0.0, 100.0], [0.0, 0.0, 1.0]], "bev": "bev_5ed3eae5dbe8443590c003bcff511a08.png", "aux": "aux_5ed3eae5dbe8443590c003bcff511a08.npz", "visibility": "visibility_5ed3eae5dbe8443590c003bcff511a08.png", "pose": [[-0.81987464427948, -0.5725430846214294, 0.0, 510.86834716796875], [0.5725430846214294, -0.81987464427948, 0.0, 650.999755859375], [0.0, 0.0, 1.0, 0.0], [0.0, 0.0, 0.0, 1.0]], "pose_inverse": [[-0.81987464427948, 0.5725430846214294, 0.0, 46.12257385253906], [-0.5725430846214294, -0.81987464427948, 0.0, 826.2322998046875], [0.0, 0.0, 1.0, 0.0], [0.0, 0.0, 0.0, 1.0]], "cam_ids": [0, 1, 2, 3, 4, 5], "cam_channels": ["CAM_FRONT_LEFT", "CAM_FRONT", "CAM_FRONT_RIGHT", "CAM_BACK_LEFT", "CAM_BACK", "CAM_BACK_RIGHT"], "token": "5ed3eae5dbe8443590c003bcff511a08", "scene": "scene-0574"}, {"images": ["samples/CAM_FRONT_LEFT/n008-2018-09-18-13-10-39-0400__CAM_FRONT_LEFT__1537290857654799.jpg", "samples/CAM_FRONT/n008-2018-09-18-13-10-39-0400__CAM_FRONT__1537290857662404.jpg", "samples/CAM_FRONT_RIGHT/n008-2018-09-18-13-10-39-0400__CAM_FRONT_RIGHT__1537290857670482.jpg", "samples/CAM_BACK_LEFT/n008-2018-09-18-13-10-39-0400__CAM_BACK_LEFT__1537290857697405.jpg", "samples/CAM_BACK/n008-2018-09-18-13-10-39-0400__CAM_BACK__1537290857687558.jpg", "samples/CAM_BACK_RIGHT/n008-2018-09-18-13-10-39-0400__CAM_BACK_RIGHT__1537290857678113.jpg"], "intrinsics": [[[1257.8625342125129, 0.0, 827.2410631095686], [0.0, 1257.8625342125129, 450.915498205774], [0.0, 0.0, 1.0]], [[1252.8131021185304, 0.0, 826.588114781398], [0.0, 1252.8131021185304, 469.9846626224581], [0.0, 0.0, 1.0]], [[1256.7485116440405, 0.0, 817.7887570959712], [0.0, 1256.7485116440403, 451.9541780095127], [0.0, 0.0, 1.0]], [[1254.9860565800168, 0.0, 829.5769333630991], [0.0, 1254.9860565800168, 467.1680561863987], [0.0, 0.0, 1.0]], [[796.8910634503094, 0.0, 857.7774326863696], [0.0, 796.8910634503094, 476.8848988407415], [0.0, 0.0, 1.0]], [[1249.9629280788233, 0.0, 825.3768045375984], [0.0, 1249.9629280788233, 462.54816385708756], [0.0, 0.0, 1.0]]], "extrinsics": [[[0.8141077160835266, -0.5807112455368042, 0.0017377486219629645, -0.8355712890625], [-0.0036904935259371996, -0.008166084066033363, -0.9999598264694214, 1.487569808959961], [0.5807022452354431, 0.8140687346458435, -0.008791184052824974, -1.21746826171875], [0.0, 0.0, 0.0, 1.0]], [[-0.0018654454033821821, -0.999934196472168, 0.011317990720272064, 0.0081787109375], [-0.001750269322656095, -0.01131472922861576, -0.9999344944953918, 1.479905128479004], [0.9999967217445374, -0.0018851441564038396, -0.0017290469259023666, -1.5651702880859375], [0.0, 0.0, 0.0, 1.0]], [[-0.8490551114082336, -0.5282837152481079, 0.0046654134057462215, 0.980224609375], [0.006292862351983786, -0.018943361937999725, -0.9998006820678711, 1.4939460754394531], [0.5282668471336365, -0.8488566279411316, 0.019408375024795532, -1.2060546875], [0.0, 0.0, 0.0, 1.0]], [[0.9480084776878357, 0.3177690804004669, -0.01740296371281147, -1.138336181640625], [-0.018448280170559883, 0.00028046523220837116, -0.9998297691345215, 1.5619288682937622], [-0.31771010160446167, 0.9481680989265442, 0.006128177512437105, -0.15869140625], [0.0, 0.0, 0.0, 1.0]], [[0.013022571802139282, 0.9998763203620911, -0.008820010349154472, -0.02935791015625], [-0.01659025065600872, -0.008603486232459545, -0.9998252987861633, 1.5672144889831543], [-0.9997775554656982, 0.013166620396077633, 0.016476156190037727, -0.007232666015625], [0.0, 0.0, 0.0, 1.0]], [[-0.9210900068283081, 0.38934844732284546, -0.0010398514568805695, 1.071868896484375], [-0.012700089253485203, -0.03271397575736046, -0.9993841052055359, 1.5466556549072266], [-0.38914260268211365, -0.9205094575881958, 0.03507727384567261, -0.07928466796875], [0.0, 0.0, 0.0, 1.0]]], "view": [[0.0, -2.0, 100.0], [-2.0, 0.0, 100.0], [0.0, 0.0, 1.0]], "bev": "bev_d45676cf8c0f4d51ac3a55690b628e41.png", "aux": "aux_d45676cf8c0f4d51ac3a55690b628e41.npz", "visibility": "visibility_d45676cf8c0f4d51ac3a55690b628e41.png", "pose": [[-0.8861538767814636, -0.46339109539985657, 0.0, 509.1921081542969], [0.46339109539985657, -0.8861538767814636, 0.0, 652.0445556640625], [0.0, 0.0, 1.0, 0.0], [0.0, 0.0, 0.0, 1.0]], "pose_inverse": [[-0.8861538767814636, 0.46339109539985657, 0.0, 149.0709228515625], [-0.46339109539985657, -0.8861538767814636, 0.0, 813.7669067382812], [0.0, 0.0, 1.0, 0.0], [0.0, 0.0, 0.0, 1.0]], "cam_ids": [0, 1, 2, 3, 4, 5], "cam_channels": ["CAM_FRONT_LEFT", "CAM_FRONT", "CAM_FRONT_RIGHT", "CAM_BACK_LEFT", "CAM_BACK", "CAM_BACK_RIGHT"], "token": "d45676cf8c0f4d51ac3a55690b628e41", "scene": "scene-0574"}, {"images": ["samples/CAM_FRONT_LEFT/n008-2018-09-18-13-10-39-0400__CAM_FRONT_LEFT__1537290858154799.jpg", "samples/CAM_FRONT/n008-2018-09-18-13-10-39-0400__CAM_FRONT__1537290858162404.jpg", "samples/CAM_FRONT_RIGHT/n008-2018-09-18-13-10-39-0400__CAM_FRONT_RIGHT__1537290858170482.jpg", "samples/CAM_BACK_LEFT/n008-2018-09-18-13-10-39-0400__CAM_BACK_LEFT__1537290858197405.jpg", "samples/CAM_BACK/n008-2018-09-18-13-10-39-0400__CAM_BACK__1537290858187559.jpg", "samples/CAM_BACK_RIGHT/n008-2018-09-18-13-10-39-0400__CAM_BACK_RIGHT__1537290858178113.jpg"], "intrinsics": [[[1257.8625342125129, 0.0, 827.2410631095686], [0.0, 1257.8625342125129, 450.915498205774], [0.0, 0.0, 1.0]], [[1252.8131021185304, 0.0, 826.588114781398], [0.0, 1252.8131021185304, 469.9846626224581], [0.0, 0.0, 1.0]], [[1256.7485116440405, 0.0, 817.7887570959712], [0.0, 1256.7485116440403, 451.9541780095127], [0.0, 0.0, 1.0]], [[1254.9860565800168, 0.0, 829.5769333630991], [0.0, 1254.9860565800168, 467.1680561863987], [0.0, 0.0, 1.0]], [[796.8910634503094, 0.0, 857.7774326863696], [0.0, 796.8910634503094, 476.8848988407415], [0.0, 0.0, 1.0]], [[1249.9629280788233, 0.0, 825.3768045375984], [0.0, 1249.9629280788233, 462.54816385708756], [0.0, 0.0, 1.0]]], "extrinsics": [[[0.813021183013916, -0.5821597576141357, 0.009313404560089111, -0.84130859375], [0.013567298650741577, 0.002951069502159953, -0.9999035596847534, 1.490980625152588], [0.5820761322975159, 0.8130691647529602, 0.010297615081071854, -1.2205810546875], [0.0, 0.0, 0.0, 1.0]], [[-0.003513703355565667, -0.999993622303009, 0.0005880940589122474, 0.00732421875], [0.015473388135433197, -0.0006423963350243866, -0.9998800754547119, 1.4827170372009277], [0.9998741149902344, -0.003504156367853284, 0.015475545078516006, -1.5699462890625], [0.0, 0.0, 0.0, 1.0]], [[-0.849583089351654, -0.5272337198257446, -0.015272838994860649, 0.98309326171875], [0.02340400591492653, -0.00875432975590229, -0.9996877312660217, 1.4960812330245972], [0.526935338973999, -0.8496752977371216, 0.019776910543441772, -1.20843505859375], [0.0, 0.0, 0.0, 1.0]], [[0.947999119758606, 0.31827056407928467, 0.0012291452148929238, -1.14007568359375], [-0.001754051772877574, 0.009086393751204014, -0.9999571442604065, 1.56203031539917], [-0.31826815009117126, 0.9479563236236572, 0.00917215645313263, -0.157958984375], [0.0, 0.0, 0.0, 1.0]], [[0.013332816772162914, 0.9999108910560608, 0.0006354589131660759, -0.029052734375], [0.0003511117829475552, 0.0006308335578069091, -0.9999997019767761, 1.568078637123108], [-0.9999111294746399, 0.013333029113709927, -0.0003426698094699532, -0.005157470703125], [0.0, 0.0, 0.0, 1.0]], [[-0.9206683039665222, 0.3901330828666687, -0.012883090414106846, 1.0746383666992188], [0.004265618044883013, -0.022946946322917938, -0.9997276067733765, 1.5482406616210938], [-0.39032238721847534, -0.9204725027084351, 0.01946236751973629, -0.0784912109375], [0.0, 0.0, 0.0, 1.0]]], "view": [[0.0, -2.0, 100.0], [-2.0, 0.0, 100.0], [0.0, 0.0, 1.0]], "bev": "bev_818a1bd7b7394194a85163c8d95958a9.png", "aux": "aux_818a1bd7b7394194a85163c8d95958a9.npz", "visibility": "visibility_818a1bd7b7394194a85163c8d95958a9.png", "pose": [[-0.9512631893157959, -0.30838024616241455, 0.0, 507.07305908203125], [0.30838024616241455, -0.9512631893157959, 0.0, 652.96337890625], [0.0, 0.0, 1.0, 0.0], [0.0, 0.0, 0.0, 1.0]], "pose_inverse": [[-0.9512631893157959, 0.30838024616241455, 0.0, 280.9989318847656], [-0.30838024616241455, -0.9512631893157959, 0.0, 777.5113525390625], [0.0, 0.0, 1.0, 0.0], [0.0, 0.0, 0.0, 1.0]], "cam_ids": [0, 1, 2, 3, 4, 5], "cam_channels": ["CAM_FRONT_LEFT", "CAM_FRONT", "CAM_FRONT_RIGHT", "CAM_BACK_LEFT", "CAM_BACK", "CAM_BACK_RIGHT"], "token": "818a1bd7b7394194a85163c8d95958a9", "scene": "scene-0574"}, {"images": ["samples/CAM_FRONT_LEFT/n008-2018-09-18-13-10-39-0400__CAM_FRONT_LEFT__1537290858654799.jpg", "samples/CAM_FRONT/n008-2018-09-18-13-10-39-0400__CAM_FRONT__1537290858662404.jpg", "samples/CAM_FRONT_RIGHT/n008-2018-09-18-13-10-39-0400__CAM_FRONT_RIGHT__1537290858670482.jpg", "samples/CAM_BACK_LEFT/n008-2018-09-18-13-10-39-0400__CAM_BACK_LEFT__1537290858697405.jpg", "samples/CAM_BACK/n008-2018-09-18-13-10-39-0400__CAM_BACK__1537290858687558.jpg", "samples/CAM_BACK_RIGHT/n008-2018-09-18-13-10-39-0400__CAM_BACK_RIGHT__1537290858678113.jpg"], "intrinsics": [[[1257.8625342125129, 0.0, 827.2410631095686], [0.0, 1257.8625342125129, 450.915498205774], [0.0, 0.0, 1.0]], [[1252.8131021185304, 0.0, 826.588114781398], [0.0, 1252.8131021185304, 469.9846626224581], [0.0, 0.0, 1.0]], [[1256.7485116440405, 0.0, 817.7887570959712], [0.0, 1256.7485116440403, 451.9541780095127], [0.0, 0.0, 1.0]], [[1254.9860565800168, 0.0, 829.5769333630991], [0.0, 1254.9860565800168, 467.1680561863987], [0.0, 0.0, 1.0]], [[796.8910634503094, 0.0, 857.7774326863696], [0.0, 796.8910634503094, 476.8848988407415], [0.0, 0.0, 1.0]], [[1249.9629280788233, 0.0, 825.3768045375984], [0.0, 1249.9629280788233, 462.54816385708756], [0.0, 0.0, 1.0]]], "extrinsics": [[[0.8115519285202026, -0.5842737555503845, 0.0027623940259218216, -0.838592529296875], [0.013203557580709457, 0.013612584210932255, -0.9998201727867126, 1.490870475769043], [0.584131121635437, 0.811442494392395, 0.018761811777949333, -1.220458984375], [0.0, 0.0, 0.0, 1.0]], [[-0.005526227410882711, -0.9999393224716187, -0.009536238387227058, 0.0089111328125], [0.015296941623091698, 0.009450738318264484, -0.9998383522033691, 1.4826631546020508], [0.9998677372932434, -0.005671204533427954, 0.01524378452450037, -1.56866455078125], [0.0, 0.0, 0.0, 1.0]], [[-0.850393533706665, -0.5257540345191956, -0.020335465669631958, 0.9830322265625], [0.023497624322772026, 0.0006611833814531565, -0.9997236728668213, 1.49609375], [0.5256222486495972, -0.85063636302948, 0.011791705153882504, -1.207061767578125], [0.0, 0.0, 0.0, 1.0]], [[0.9479647874832153, 0.3183446228504181, 0.004411454778164625, -1.1397705078125], [-0.0007306573679670691, 0.01603144407272339, -0.9998712539672852, 1.562026023864746], [-0.3183743357658386, 0.9478394985198975, 0.01542984414845705, -0.15838623046875], [0.0, 0.0, 0.0, 1.0]], [[0.013858668506145477, 0.9998677968978882, 0.008504546247422695, -0.0296630859375], [0.0010217573726549745, 0.008491196669638157, -0.9999634027481079, 1.5680994987487793], [-0.9999034404754639, 0.013866846449673176, -0.0009039451833814383, -0.00543212890625], [0.0, 0.0, 0.0, 1.0]], [[-0.9202343821525574, 0.39124372601509094, -0.009844324551522732, 1.0738754272460938], [0.004657455254346132, -0.014204123057425022, -0.9998882412910461, 1.5482816696166992], [-0.39133980870246887, -0.9201774597167969, 0.011248922906816006, -0.07781982421875], [0.0, 0.0, 0.0, 1.0]]], "view": [[0.0, -2.0, 100.0], [-2.0, 0.0, 100.0], [0.0, 0.0, 1.0]], "bev": "bev_3c2b668c6ede4cf694180a7c69e08a92.png", "aux": "aux_3c2b668c6ede4cf694180a7c69e08a92.npz", "visibility": "visibility_3c2b668c6ede4cf694180a7c69e08a92.png", "pose": [[-0.9948828220367432, -0.10103559494018555, 0.0, 504.8948669433594], [0.10103559494018555, -0.9948828220367432, 0.0, 653.4481201171875], [0.0, 0.0, 1.0, 0.0], [0.0, 0.0, 0.0, 1.0]], "pose_inverse": [[-0.9948828220367432, 0.10103559494018555, 0.0, 436.2897033691406], [-0.10103559494018555, -0.9948828220367432, 0.0, 701.1166381835938], [0.0, 0.0, 1.0, 0.0], [0.0, 0.0, 0.0, 1.0]], "cam_ids": [0, 1, 2, 3, 4, 5], "cam_channels": ["CAM_FRONT_LEFT", "CAM_FRONT", "CAM_FRONT_RIGHT", "CAM_BACK_LEFT", "CAM_BACK", "CAM_BACK_RIGHT"], "token": "3c2b668c6ede4cf694180a7c69e08a92", "scene": "scene-0574"}, {"images": ["samples/CAM_FRONT_LEFT/n008-2018-09-18-13-10-39-0400__CAM_FRONT_LEFT__1537290859154799.jpg", "samples/CAM_FRONT/n008-2018-09-18-13-10-39-0400__CAM_FRONT__1537290859162404.jpg", "samples/CAM_FRONT_RIGHT/n008-2018-09-18-13-10-39-0400__CAM_FRONT_RIGHT__1537290859170482.jpg", "samples/CAM_BACK_LEFT/n008-2018-09-18-13-10-39-0400__CAM_BACK_LEFT__1537290859197405.jpg", "samples/CAM_BACK/n008-2018-09-18-13-10-39-0400__CAM_BACK__1537290859187558.jpg", "samples/CAM_BACK_RIGHT/n008-2018-09-18-13-10-39-0400__CAM_BACK_RIGHT__1537290859178113.jpg"], "intrinsics": [[[1257.8625342125129, 0.0, 827.2410631095686], [0.0, 1257.8625342125129, 450.915498205774], [0.0, 0.0, 1.0]], [[1252.8131021185304, 0.0, 826.588114781398], [0.0, 1252.8131021185304, 469.9846626224581], [0.0, 0.0, 1.0]], [[1256.7485116440405, 0.0, 817.7887570959712], [0.0, 1256.7485116440403, 451.9541780095127], [0.0, 0.0, 1.0]], [[1254.9860565800168, 0.0, 829.5769333630991], [0.0, 1254.9860565800168, 467.1680561863987], [0.0, 0.0, 1.0]], [[796.8910634503094, 0.0, 857.7774326863696], [0.0, 796.8910634503094, 476.8848988407415], [0.0, 0.0, 1.0]], [[1249.9629280788233, 0.0, 825.3768045375984], [0.0, 1249.9629280788233, 462.54816385708756], [0.0, 0.0, 1.0]]], "extrinsics": [[[0.810894787311554, -0.5851278901100159, -0.008662719279527664, -0.8295135498046875], [0.010684843175113201, 0.029604997485876083, -0.999504566192627, 1.4903907775878906], [0.5850945115089417, 0.8104004859924316, 0.0302585382014513, -1.21392822265625], [0.0, 0.0, 0.0, 1.0]], [[-0.006588537245988846, -0.999643862247467, -0.025860009714961052, 0.008544921875], [0.012067371048033237, 0.025779206305742264, -0.9995948076248169, 1.4821815490722656], [0.9999054074287415, -0.006897922605276108, 0.011893226765096188, -1.558349609375], [0.0, 0.0, 0.0, 1.0]], [[-0.8508966565132141, -0.5247049927711487, -0.02568086050450802, 0.9759521484375], [0.01952401176095009, 0.017265353351831436, -0.999660313129425, 1.4956855773925781], [0.5249701738357544, -0.851108968257904, -0.0044466848485171795, -1.202972412109375], [0.0, 0.0, 0.0, 1.0]], [[0.9479693174362183, 0.3183414041996002, 0.003596843918785453, -1.14105224609375], [-0.007369054015725851, 0.03323599696159363, -0.9994204044342041, 1.5619983673095703], [-0.31827643513679504, 0.9473932981491089, 0.03385258466005325, -0.15777587890625], [0.0, 0.0, 0.0, 1.0]], [[0.014198921620845795, 0.9995734691619873, 0.025520281866192818, -0.02947998046875], [-0.0048378328792750835, 0.025591233745217323, -0.9996607303619385, 1.567774772644043], [-0.9998874068260193, 0.014070635661482811, 0.0051991380751132965, -0.0079345703125], [0.0, 0.0, 0.0, 1.0]], [[-0.9200448989868164, 0.3918112814426422, 0.0011459040688350797, 1.0687255859375], [-0.00011944254219997674, 0.0026441486552357674, -0.9999964833259583, 1.5477938652038574], [-0.39181289076805115, -0.9200417399406433, -0.0023859364446252584, -0.08038330078125], [0.0, 0.0, 0.0, 1.0]]], "view": [[0.0, -2.0, 100.0], [-2.0, 0.0, 100.0], [0.0, 0.0, 1.0]], "bev": "bev_f52a1f9194234e268de40205ffc00b65.png", "aux": "aux_f52a1f9194234e268de40205ffc00b65.npz", "visibility": "visibility_f52a1f9194234e268de40205ffc00b65.png", "pose": [[-0.9908493757247925, 0.13497211039066315, 0.0, 502.5320739746094], [-0.13497211039066315, -0.9908493757247925, 0.0, 653.4320068359375], [0.0, 0.0, 1.0, 0.0], [0.0, 0.0, 0.0, 1.0]], "pose_inverse": [[-0.9908493757247925, -0.13497211039066315, 0.0, 586.1287231445312], [0.13497211039066315, -0.9908493757247925, 0.0, 579.6248779296875], [0.0, 0.0, 1.0, 0.0], [0.0, 0.0, 0.0, 1.0]], "cam_ids": [0, 1, 2, 3, 4, 5], "cam_channels": ["CAM_FRONT_LEFT", "CAM_FRONT", "CAM_FRONT_RIGHT", "CAM_BACK_LEFT", "CAM_BACK", "CAM_BACK_RIGHT"], "token": "f52a1f9194234e268de40205ffc00b65", "scene": "scene-0574"}, {"images": ["samples/CAM_FRONT_LEFT/n008-2018-09-18-13-10-39-0400__CAM_FRONT_LEFT__1537290859654799.jpg", "samples/CAM_FRONT/n008-2018-09-18-13-10-39-0400__CAM_FRONT__1537290859662404.jpg", "samples/CAM_FRONT_RIGHT/n008-2018-09-18-13-10-39-0400__CAM_FRONT_RIGHT__1537290859670482.jpg", "samples/CAM_BACK_LEFT/n008-2018-09-18-13-10-39-0400__CAM_BACK_LEFT__1537290859697405.jpg", "samples/CAM_BACK/n008-2018-09-18-13-10-39-0400__CAM_BACK__1537290859687558.jpg", "samples/CAM_BACK_RIGHT/n008-2018-09-18-13-10-39-0400__CAM_BACK_RIGHT__1537290859678113.jpg"], "intrinsics": [[[1257.8625342125129, 0.0, 827.2410631095686], [0.0, 1257.8625342125129, 450.915498205774], [0.0, 0.0, 1.0]], [[1252.8131021185304, 0.0, 826.588114781398], [0.0, 1252.8131021185304, 469.9846626224581], [0.0, 0.0, 1.0]], [[1256.7485116440405, 0.0, 817.7887570959712], [0.0, 1256.7485116440403, 451.9541780095127], [0.0, 0.0, 1.0]], [[1254.9860565800168, 0.0, 829.5769333630991], [0.0, 1254.9860565800168, 467.1680561863987], [0.0, 0.0, 1.0]], [[796.8910634503094, 0.0, 857.7774326863696], [0.0, 796.8910634503094, 476.8848988407415], [0.0, 0.0, 1.0]], [[1249.9629280788233, 0.0, 825.3768045375984], [0.0, 1249.9629280788233, 462.54816385708756], [0.0, 0.0, 1.0]]], "extrinsics": [[[0.8117945790290833, -0.5836054682731628, -0.01985505409538746, -0.8212890625], [0.004030169453471899, 0.03960036858916283, -0.9992074966430664, 1.4889335632324219], [0.583929181098938, 0.8110712170600891, 0.0344993956387043, -1.208984375], [0.0, 0.0, 0.0, 1.0]], [[-0.0051508680917322636, -0.9993494749069214, -0.03569317236542702, 0.009490966796875], [0.0055511025711894035, 0.03566452115774155, -0.9993484616279602, 1.4810047149658203], [0.999971330165863, -0.005345670972019434, 0.005363788455724716, -1.55096435546875], [0.0, 0.0, 0.0, 1.0]], [[-0.8503607511520386, -0.5255911350250244, -0.02530970796942711, 0.97125244140625], [0.01301213726401329, 0.02708049863576889, -0.9995485544204712, 1.4948272705078125], [0.5260392427444458, -0.8503062129020691, -0.016189131885766983, -1.1991403102874756], [0.0, 0.0, 0.0, 1.0]], [[0.9480047225952148, 0.31825610995292664, 0.0003482854808680713, -1.1387939453125], [-0.014100739732384682, 0.04309577867388725, -0.9989714026451111, 1.5619335174560547], [-0.3179437220096588, 0.9470247030258179, 0.04534265026450157, -0.1585845947265625], [0.0, 0.0, 0.0, 1.0]], [[0.013901854865252972, 0.9992855191230774, 0.035145103931427, -0.02978515625], [-0.011227652430534363, 0.035302285104990005, -0.9993135929107666, 1.5673747062683105], [-0.9998404383659363, 0.013497705571353436, 0.011710396967828274, -0.011474609375], [0.0, 0.0, 0.0, 1.0]], [[-0.92038494348526, 0.39085912704467773, 0.010978934355080128, 1.0638427734375], [-0.006665237247943878, 0.01239132508635521, -0.9999009966850281, 1.5470834970474243], [-0.39095646142959595, -0.9203670620918274, -0.008799620904028416, -0.081787109375], [0.0, 0.0, 0.0, 1.0]]], "view": [[0.0, -2.0, 100.0], [-2.0, 0.0, 100.0], [0.0, 0.0, 1.0]], "bev": "bev_66779b0561494dc5a5fab7357c27949e.png", "aux": "aux_66779b0561494dc5a5fab7357c27949e.npz", "visibility": "visibility_66779b0561494dc5a5fab7357c27949e.png", "pose": [[-0.9360697865486145, 0.351814329624176, 0.0, 500.1461486816406], [-0.351814329624176, -0.9360697865486145, 0.0, 652.8548583984375], [0.0, 0.0, 1.0, 0.0], [0.0, 0.0, 0.0, 1.0]], "pose_inverse": [[-0.9360697865486145, -0.351814329624176, 0.0, 697.8554077148438], [0.351814329624176, -0.9360697865486145, 0.0, 435.1591491699219], [0.0, 0.0, 1.0, 0.0], [0.0, 0.0, 0.0, 1.0]], "cam_ids": [0, 1, 2, 3, 4, 5], "cam_channels": ["CAM_FRONT_LEFT", "CAM_FRONT", "CAM_FRONT_RIGHT", "CAM_BACK_LEFT", "CAM_BACK", "CAM_BACK_RIGHT"], "token": "66779b0561494dc5a5fab7357c27949e", "scene": "scene-0574"}, {"images": ["samples/CAM_FRONT_LEFT/n008-2018-09-18-13-10-39-0400__CAM_FRONT_LEFT__1537290860154799.jpg", "samples/CAM_FRONT/n008-2018-09-18-13-10-39-0400__CAM_FRONT__1537290860162406.jpg", "samples/CAM_FRONT_RIGHT/n008-2018-09-18-13-10-39-0400__CAM_FRONT_RIGHT__1537290860170482.jpg", "samples/CAM_BACK_LEFT/n008-2018-09-18-13-10-39-0400__CAM_BACK_LEFT__1537290860197405.jpg", "samples/CAM_BACK/n008-2018-09-18-13-10-39-0400__CAM_BACK__1537290860187558.jpg", "samples/CAM_BACK_RIGHT/n008-2018-09-18-13-10-39-0400__CAM_BACK_RIGHT__1537290860178113.jpg"], "intrinsics": [[[1257.8625342125129, 0.0, 827.2410631095686], [0.0, 1257.8625342125129, 450.915498205774], [0.0, 0.0, 1.0]], [[1252.8131021185304, 0.0, 826.588114781398], [0.0, 1252.8131021185304, 469.9846626224581], [0.0, 0.0, 1.0]], [[1256.7485116440405, 0.0, 817.7887570959712], [0.0, 1256.7485116440403, 451.9541780095127], [0.0, 0.0, 1.0]], [[1254.9860565800168, 0.0, 829.5769333630991], [0.0, 1254.9860565800168, 467.1680561863987], [0.0, 0.0, 1.0]], [[796.8910634503094, 0.0, 857.7774326863696], [0.0, 796.8910634503094, 476.8848988407415], [0.0, 0.0, 1.0]], [[1249.9629280788233, 0.0, 825.3768045375984], [0.0, 1249.9629280788233, 462.54816385708756], [0.0, 0.0, 1.0]]], "extrinsics": [[[0.8131890296936035, -0.5810868144035339, -0.032585274428129196, -0.812225341796875], [-0.00560096837580204, 0.048172302544116974, -0.998823344707489, 1.4866161346435547], [0.5819727778434753, 0.8124146461486816, 0.03591853752732277, -1.205078125], [0.0, 0.0, 0.0, 1.0]], [[-0.0031264335848391056, -0.9990257620811462, -0.044019926339387894, 0.0111083984375], [-0.003599999938160181, 0.04403109848499298, -0.9990236759185791, 1.4791975021362305], [0.9999885559082031, -0.0029649101197719574, -0.0037341543938964605, -1.54339599609375], [0.0, 0.0, 0.0, 1.0]], [[-0.8495780229568481, -0.5269883871078491, -0.022369731217622757, 0.96685791015625], [0.004391179420053959, 0.03534212335944176, -0.9993656277656555, 1.4935522079467773], [0.5274446606636047, -0.8491373062133789, -0.027711793780326843, -1.1949310302734375], [0.0, 0.0, 0.0, 1.0]], [[0.9479328989982605, 0.3184511661529541, -0.0034636403433978558, -1.1365966796875], [-0.020844245329499245, 0.051187124103307724, -0.9984714984893799, 1.56183922290802], [-0.31778714060783386, 0.9465562105178833, 0.055159833282232285, -0.15929603576660156], [0.0, 0.0, 0.0, 1.0]], [[0.013418530113995075, 0.99897700548172, 0.04318372905254364, -0.030029296875], [-0.018748950213193893, 0.043431397527456284, -0.9988804459571838, 1.5668574571609497], [-0.9997341632843018, 0.012593848630785942, 0.019312560558319092, -0.01519775390625], [0.0, 0.0, 0.0, 1.0]], [[-0.9207898378372192, 0.38945913314819336, 0.02162296138703823, 1.05902099609375], [-0.014773949049413204, 0.02057294361293316, -0.9996792078018188, 1.5461311340332031], [-0.38977906107902527, -0.9208139777183533, -0.013189507648348808, -0.0828857421875], [0.0, 0.0, 0.0, 1.0]]], "view": [[0.0, -2.0, 100.0], [-2.0, 0.0, 100.0], [0.0, 0.0, 1.0]], "bev": "bev_8b04a4ad236a4aa1894570f1fc11195e.png", "aux": "aux_8b04a4ad236a4aa1894570f1fc11195e.npz", "visibility": "visibility_8b04a4ad236a4aa1894570f1fc11195e.png", "pose": [[-0.8477177023887634, 0.5304476618766785, 0.0, 497.8160400390625], [-0.5304476618766785, -0.8477177023887634, 0.0, 651.7487182617188], [0.0, 0.0, 1.0, 0.0], [0.0, 0.0, 0.0, 1.0]], "pose_inverse": [[-0.8477177023887634, -0.5304476618766785, 0.0, 767.72607421875], [0.5304476618766785, -0.8477177023887634, 0.0, 288.4335632324219], [0.0, 0.0, 1.0, 0.0], [0.0, 0.0, 0.0, 1.0]], "cam_ids": [0, 1, 2, 3, 4, 5], "cam_channels": ["CAM_FRONT_LEFT", "CAM_FRONT", "CAM_FRONT_RIGHT", "CAM_BACK_LEFT", "CAM_BACK", "CAM_BACK_RIGHT"], "token": "8b04a4ad236a4aa1894570f1fc11195e", "scene": "scene-0574"}, {"images": ["samples/CAM_FRONT_LEFT/n008-2018-09-18-13-10-39-0400__CAM_FRONT_LEFT__1537290860654799.jpg", "samples/CAM_FRONT/n008-2018-09-18-13-10-39-0400__CAM_FRONT__1537290860662404.jpg", "samples/CAM_FRONT_RIGHT/n008-2018-09-18-13-10-39-0400__CAM_FRONT_RIGHT__1537290860670482.jpg", "samples/CAM_BACK_LEFT/n008-2018-09-18-13-10-39-0400__CAM_BACK_LEFT__1537290860697405.jpg", "samples/CAM_BACK/n008-2018-09-18-13-10-39-0400__CAM_BACK__1537290860687558.jpg", "samples/CAM_BACK_RIGHT/n008-2018-09-18-13-10-39-0400__CAM_BACK_RIGHT__1537290860678113.jpg"], "intrinsics": [[[1257.8625342125129, 0.0, 827.2410631095686], [0.0, 1257.8625342125129, 450.915498205774], [0.0, 0.0, 1.0]], [[1252.8131021185304, 0.0, 826.588114781398], [0.0, 1252.8131021185304, 469.9846626224581], [0.0, 0.0, 1.0]], [[1256.7485116440405, 0.0, 817.7887570959712], [0.0, 1256.7485116440403, 451.9541780095127], [0.0, 0.0, 1.0]], [[1254.9860565800168, 0.0, 829.5769333630991], [0.0, 1254.9860565800168, 467.1680561863987], [0.0, 0.0, 1.0]], [[796.8910634503094, 0.0, 857.7774326863696], [0.0, 796.8910634503094, 476.8848988407415], [0.0, 0.0, 1.0]], [[1249.9629280788233, 0.0, 825.3768045375984], [0.0, 1249.9629280788233, 462.54816385708756], [0.0, 0.0, 1.0]]], "extrinsics": [[[0.8162509202957153, -0.5769940614700317, -0.02850394695997238, -0.79669189453125], [-0.0020035868510603905, 0.04651280865073204, -0.9989156723022461, 1.4874329566955566], [0.5776941776275635, 0.8154229521751404, 0.03681006655097008, -1.19549560546875], [0.0, 0.0, 0.0, 1.0]], [[0.0011944147991016507, -0.9991190433502197, -0.04194864258170128, 0.011810302734375], [0.00042325607500970364, 0.04194917529821396, -0.9991196990013123, 1.479992389678955], [0.9999991655349731, 0.0011755871819332242, 0.0004729887004941702, -1.5279541015625], [0.0, 0.0, 0.0, 1.0]], [[-0.8477824926376343, -0.5297576189041138, -0.024930685758590698, 0.95672607421875], [0.008909455500543118, 0.0327754020690918, -0.9994230270385742, 1.494349479675293], [0.5302691459655762, -0.8475155830383301, -0.023066561669111252, -1.188201904296875], [0.0, 0.0, 0.0, 1.0]], [[0.9478437900543213, 0.31873345375061035, 0.0010768481297418475, -1.1375732421875], [-0.014628421515226364, 0.04687618836760521, -0.9987936019897461, 1.561884880065918], [-0.31839942932128906, 0.9466845393180847, 0.04909386858344078, -0.15940093994140625], [0.0, 0.0, 0.0, 1.0]], [[0.011911439709365368, 0.9991448521614075, 0.03959469124674797, -0.030181884765625], [-0.013147714547812939, 0.03975056856870651, -0.9991230964660645, 1.5671396255493164], [-0.9998425841331482, 0.011380443349480629, 0.013609960675239563, -0.0194091796875], [0.0, 0.0, 0.0, 1.0]], [[-0.9217800498008728, 0.3873937129974365, 0.0157365370541811, 1.05096435546875], [-0.009730618447065353, 0.01746002398431301, -0.9998002052307129, 1.5466060638427734], [-0.38759103417396545, -0.9217489957809448, -0.012324720621109009, -0.0860595703125], [0.0, 0.0, 0.0, 1.0]]], "view": [[0.0, -2.0, 100.0], [-2.0, 0.0, 100.0], [0.0, 0.0, 1.0]], "bev": "bev_d6aabe94e019490494a6b610314bbd81.png", "aux": "aux_d6aabe94e019490494a6b610314bbd81.npz", "visibility": "visibility_d6aabe94e019490494a6b610314bbd81.png", "pose": [[-0.7502830624580383, 0.6611167192459106, 0.0, 495.5738830566406], [-0.6611167192459106, -0.7502830624580383, 0.0, 650.119140625], [0.0, 0.0, 1.0, 0.0], [0.0, 0.0, 0.0, 1.0]], "pose_inverse": [[-0.7502830624580383, -0.6611167192459106, 0.0, 801.6253051757812], [0.6611167192459106, -0.7502830624580383, 0.0, 160.14117431640625], [0.0, 0.0, 1.0, 0.0], [0.0, 0.0, 0.0, 1.0]], "cam_ids": [0, 1, 2, 3, 4, 5], "cam_channels": ["CAM_FRONT_LEFT", "CAM_FRONT", "CAM_FRONT_RIGHT", "CAM_BACK_LEFT", "CAM_BACK", "CAM_BACK_RIGHT"], "token": "d6aabe94e019490494a6b610314bbd81", "scene": "scene-0574"}, {"images": ["samples/CAM_FRONT_LEFT/n008-2018-09-18-13-10-39-0400__CAM_FRONT_LEFT__1537290861254799.jpg", "samples/CAM_FRONT/n008-2018-09-18-13-10-39-0400__CAM_FRONT__1537290861262404.jpg", "samples/CAM_FRONT_RIGHT/n008-2018-09-18-13-10-39-0400__CAM_FRONT_RIGHT__1537290861270482.jpg", "samples/CAM_BACK_LEFT/n008-2018-09-18-13-10-39-0400__CAM_BACK_LEFT__1537290861297405.jpg", "samples/CAM_BACK/n008-2018-09-18-13-10-39-0400__CAM_BACK__1537290861287773.jpg", "samples/CAM_BACK_RIGHT/n008-2018-09-18-13-10-39-0400__CAM_BACK_RIGHT__1537290861278113.jpg"], "intrinsics": [[[1257.8625342125129, 0.0, 827.2410631095686], [0.0, 1257.8625342125129, 450.915498205774], [0.0, 0.0, 1.0]], [[1252.8131021185304, 0.0, 826.588114781398], [0.0, 1252.8131021185304, 469.9846626224581], [0.0, 0.0, 1.0]], [[1256.7485116440405, 0.0, 817.7887570959712], [0.0, 1256.7485116440403, 451.9541780095127], [0.0, 0.0, 1.0]], [[1254.9860565800168, 0.0, 829.5769333630991], [0.0, 1254.9860565800168, 467.1680561863987], [0.0, 0.0, 1.0]], [[796.8910634503094, 0.0, 857.7774326863696], [0.0, 796.8910634503094, 476.8848988407415], [0.0, 0.0, 1.0]], [[1249.9629280788233, 0.0, 825.3768045375984], [0.0, 1249.9629280788233, 462.54816385708756], [0.0, 0.0, 1.0]]], "extrinsics": [[[0.8203110098838806, -0.5717889070510864, -0.01214047335088253, -0.77716064453125], [0.0018242539372295141, 0.023843515664339066, -0.9997140169143677, 1.4886584281921387], [0.5719148516654968, 0.8200542330741882, 0.020602185279130936, -1.181396484375], [0.0, 0.0, 0.0, 1.0]], [[0.007141081150621176, -0.9997978210449219, -0.01879914663732052, 0.01192474365234375], [0.0036361003294587135, 0.018825463950634003, -0.9998162388801575, 1.4808950424194336], [0.9999679327011108, 0.007071414031088352, 0.003769798669964075, -1.50860595703125], [0.0, 0.0, 0.0, 1.0]], [[-0.8453037142753601, -0.5340783596038818, -0.014895809814333916, 0.943359375], [0.0117639796808362, 0.00926830805838108, -0.9998878240585327, 1.4951133728027344], [0.5341565012931824, -0.8453842401504517, -0.001551650115288794, -1.179962158203125], [0.0, 0.0, 0.0, 1.0]], [[0.9479514360427856, 0.3183709681034088, -0.005294648930430412, -1.13238525390625], [-0.013141978532075882, 0.022505534812808037, -0.9996603727340698, 1.561873435974121], [-0.3181435763835907, 0.9476990103721619, 0.025518180802464485, -0.1603546142578125], [0.0, 0.0, 0.0, 1.0]], [[0.010247