[{"images": ["samples/CAM_FRONT_LEFT/n008-2018-09-18-13-10-39-0400__CAM_FRONT_LEFT__1537290666254799.jpg", "samples/CAM_FRONT/n008-2018-09-18-13-10-39-0400__CAM_FRONT__1537290666262404.jpg", "samples/CAM_FRONT_RIGHT/n008-2018-09-18-13-10-39-0400__CAM_FRONT_RIGHT__1537290666270482.jpg", "samples/CAM_BACK_LEFT/n008-2018-09-18-13-10-39-0400__CAM_BACK_LEFT__1537290666297410.jpg", "samples/CAM_BACK/n008-2018-09-18-13-10-39-0400__CAM_BACK__1537290666287558.jpg", "samples/CAM_BACK_RIGHT/n008-2018-09-18-13-10-39-0400__CAM_BACK_RIGHT__1537290666278113.jpg"], "intrinsics": [[[1257.8625342125129, 0.0, 827.2410631095686], [0.0, 1257.8625342125129, 450.915498205774], [0.0, 0.0, 1.0]], [[1252.8131021185304, 0.0, 826.588114781398], [0.0, 1252.8131021185304, 469.9846626224581], [0.0, 0.0, 1.0]], [[1256.7485116440405, 0.0, 817.7887570959712], [0.0, 1256.7485116440403, 451.9541780095127], [0.0, 0.0, 1.0]], [[1254.9860565800168, 0.0, 829.5769333630991], [0.0, 1254.9860565800168, 467.1680561863987], [0.0, 0.0, 1.0]], [[796.8910634503094, 0.0, 857.7774326863696], [0.0, 796.8910634503094, 476.8848988407415], [0.0, 0.0, 1.0]], [[1249.9629280788233, 0.0, 825.3768045375984], [0.0, 1249.9629280788233, 462.54816385708756], [0.0, 0.0, 1.0]]], "extrinsics": [[[0.8224326968193054, -0.5685022473335266, -0.02024209126830101, -1.006805419921875], [0.0007870186236687005, 0.036720529198646545, -0.9993252754211426, 1.4882926940917969], [0.5688618421554565, 0.8218618631362915, 0.030647585168480873, -1.3345947265625], [0.0, 0.0, 0.0, 1.0]], [[0.01005616970360279, -0.9994185566902161, -0.032580725848674774, 0.0052490234375], [0.002756789792329073, 0.032609958201646805, -0.9994643926620483, 1.4801559448242188], [0.9999456405639648, 0.009960991330444813, 0.0030831191688776016, -1.73651123046875], [0.0, 0.0, 0.0, 1.0]], [[-0.8441271781921387, -0.5356941223144531, -0.021933067589998245, 1.091796875], [0.010792404413223267, 0.023922882974147797, -0.999655544757843, 1.4930572509765625], [0.536034345626831, -0.8440731167793274, -0.014412530697882175, -1.27838134765625], [0.0, 0.0, 0.0, 1.0]], [[0.9478946924209595, 0.31858107447624207, -0.0012973998673260212, -1.14398193359375], [-0.01451127789914608, 0.03910744935274124, -0.9991296529769897, 1.562042236328125], [-0.3182530999183655, 0.9470885396003723, 0.041692767292261124, -0.156005859375], [0.0, 0.0, 0.0, 1.0]], [[0.009414216503500938, 0.9994603991508484, 0.03146898001432419, -0.0286865234375], [-0.012424975633621216, 0.03158486261963844, -0.9994238018989563, 1.5680694580078125], [-0.999878466129303, 0.009017923846840858, 0.01271561998873949, 0.04498291015625], [0.0, 0.0, 0.0, 1.0]], [[-0.9236811399459839, 0.38300350308418274, 0.01102193258702755, 1.1616973876953125], [-0.00825418159365654, 0.008869089186191559, -0.9999265670776367, 1.5478215217590332], [-0.38307300209999084, -0.9237042665481567, -0.005030830390751362, -0.043212890625], [0.0, 0.0, 0.0, 1.0]]], "view": [[0.0, -2.0, 100.0], [-2.0, 0.0, 100.0], [0.0, 0.0, 1.0]], "bev": "bev_2f78c87a92c540bcabec15760024bc20.png", "aux": "aux_2f78c87a92c540bcabec15760024bc20.npz", "visibility": "visibility_2f78c87a92c540bcabec15760024bc20.png", "pose": [[0.7801608443260193, 0.6255789399147034, 0.0, 1337.4420166015625], [-0.6255789399147034, 0.7801608443260193, 0.0, 866.2908325195312], [0.0, 0.0, 1.0, 0.0], [0.0, 0.0, 0.0, 1.0]], "pose_inverse": [[0.7801608443260193, -0.6255789399147034, 0.0, -501.486572265625], [0.6255789399147034, 0.7801608443260193, 0.0, -1512.5218505859375], [0.0, 0.0, 1.0, 0.0], [0.0, 0.0, 0.0, 1.0]], "cam_ids": [0, 1, 2, 3, 4, 5], "cam_channels": ["CAM_FRONT_LEFT", "CAM_FRONT", "CAM_FRONT_RIGHT", "CAM_BACK_LEFT", "CAM_BACK", "CAM_BACK_RIGHT"], "token": "2f78c87a92c540bcabec15760024bc20", "scene": "scene-0566"}, {"images": ["samples/CAM_FRONT_LEFT/n008-2018-09-18-13-10-39-0400__CAM_FRONT_LEFT__1537290666754799.jpg", "samples/CAM_FRONT/n008-2018-09-18-13-10-39-0400__CAM_FRONT__1537290666762404.jpg", "samples/CAM_FRONT_RIGHT/n008-2018-09-18-13-10-39-0400__CAM_FRONT_RIGHT__1537290666770482.jpg", "samples/CAM_BACK_LEFT/n008-2018-09-18-13-10-39-0400__CAM_BACK_LEFT__1537290666797405.jpg", "samples/CAM_BACK/n008-2018-09-18-13-10-39-0400__CAM_BACK__1537290666787558.jpg", "samples/CAM_BACK_RIGHT/n008-2018-09-18-13-10-39-0400__CAM_BACK_RIGHT__1537290666778113.jpg"], "intrinsics": [[[1257.8625342125129, 0.0, 827.2410631095686], [0.0, 1257.8625342125129, 450.915498205774], [0.0, 0.0, 1.0]], [[1252.8131021185304, 0.0, 826.588114781398], [0.0, 1252.8131021185304, 469.9846626224581], [0.0, 0.0, 1.0]], [[1256.7485116440405, 0.0, 817.7887570959712], [0.0, 1256.7485116440403, 451.9541780095127], [0.0, 0.0, 1.0]], [[1254.9860565800168, 0.0, 829.5769333630991], [0.0, 1254.9860565800168, 467.1680561863987], [0.0, 0.0, 1.0]], [[796.8910634503094, 0.0, 857.7774326863696], [0.0, 796.8910634503094, 476.8848988407415], [0.0, 0.0, 1.0]], [[1249.9629280788233, 0.0, 825.3768045375984], [0.0, 1249.9629280788233, 462.54816385708756], [0.0, 0.0, 1.0]]], "extrinsics": [[[0.8224276304244995, -0.5685797333717346, -0.01816590502858162, -1.00531005859375], [0.003339695278555155, 0.03675858676433563, -0.9993185997009277, 1.4882926940917969], [0.5688601732254028, 0.8218065500259399, 0.032130155712366104, -1.33349609375], [0.0, 0.0, 0.0, 1.0]], [[0.01005451288074255, -0.9994184374809265, -0.03258425369858742, 0.0054931640625], [0.005433893296867609, 0.03264003247022629, -0.9994524121284485, 1.48016357421875], [0.9999346733093262, 0.009871961548924446, 0.005758910905569792, -1.73480224609375], [0.0, 0.0, 0.0, 1.0]], [[-0.844106137752533, -0.5356239080429077, -0.024329394102096558, 1.090576171875], [0.01361409667879343, 0.023950424045324326, -0.9996204376220703, 1.493072509765625], [0.5360032916069031, -0.8441170454025269, -0.012924663722515106, -1.27764892578125], [0.0, 0.0, 0.0, 1.0]], [[0.9479079842567444, 0.3185388147830963, 0.0019080417696386576, -1.1439208984375], [-0.011151771992444992, 0.039170462638139725, -0.9991703033447266, 1.562042236328125], [-0.31834927201271057, 0.9471001625061035, 0.04068226367235184, -0.156005859375], [0.0, 0.0, 0.0, 1.0]], [[0.009377039037644863, 0.9994586110115051, 0.031537700444459915, -0.0286865234375], [-0.009273923933506012, 0.03162465617060661, -0.9994567632675171, 1.5680618286132812], [-0.9999130964279175, 0.009079460985958576, 0.009565449319779873, 0.044342041015625], [0.0, 0.0, 0.0, 1.0]], [[-0.9236816167831421, 0.3830712139606476, 0.00829274207353592, 1.16082763671875], [-0.005284962244331837, 0.008903502486646175, -0.9999464154243469, 1.5478105545043945], [-0.38312438130378723, -0.9236758947372437, -0.006199484691023827, -0.0438232421875], [0.0, 0.0, 0.0, 1.0]]], "view": [[0.0, -2.0, 100.0], [-2.0, 0.0, 100.0], [0.0, 0.0, 1.0]], "bev": "bev_c81255e314ff4df8ab466cff7d7535f1.png", "aux": "aux_c81255e314ff4df8ab466cff7d7535f1.npz", "visibility": "visibility_c81255e314ff4df8ab466cff7d7535f1.png", "pose": [[0.780333399772644, 0.6253637671470642, 0.0, 1337.4305419921875], [-0.6253637671470642, 0.780333399772644, 0.0, 866.2991943359375], [0.0, 0.0, 1.0, 0.0], [0.0, 0.0, 0.0, 1.0]], "pose_inverse": [[0.780333399772644, -0.6253637671470642, 0.0, -501.88958740234375], [0.6253637671470642, 0.780333399772644, 0.0, -1512.3826904296875], [0.0, 0.0, 1.0, 0.0], [0.0, 0.0, 0.0, 1.0]], "cam_ids": [0, 1, 2, 3, 4, 5], "cam_channels": ["CAM_FRONT_LEFT", "CAM_FRONT", "CAM_FRONT_RIGHT", "CAM_BACK_LEFT", "CAM_BACK", "CAM_BACK_RIGHT"], "token": "c81255e314ff4df8ab466cff7d7535f1", "scene": "scene-0566"}, {"images": ["samples/CAM_FRONT_LEFT/n008-2018-09-18-13-10-39-0400__CAM_FRONT_LEFT__1537290667254799.jpg", "samples/CAM_FRONT/n008-2018-09-18-13-10-39-0400__CAM_FRONT__1537290667262404.jpg", "samples/CAM_FRONT_RIGHT/n008-2018-09-18-13-10-39-0400__CAM_FRONT_RIGHT__1537290667270482.jpg", "samples/CAM_BACK_LEFT/n008-2018-09-18-13-10-39-0400__CAM_BACK_LEFT__1537290667297405.jpg", "samples/CAM_BACK/n008-2018-09-18-13-10-39-0400__CAM_BACK__1537290667287558.jpg", "samples/CAM_BACK_RIGHT/n008-2018-09-18-13-10-39-0400__CAM_BACK_RIGHT__1537290667278113.jpg"], "intrinsics": [[[1257.8625342125129, 0.0, 827.2410631095686], [0.0, 1257.8625342125129, 450.915498205774], [0.0, 0.0, 1.0]], [[1252.8131021185304, 0.0, 826.588114781398], [0.0, 1252.8131021185304, 469.9846626224581], [0.0, 0.0, 1.0]], [[1256.7485116440405, 0.0, 817.7887570959712], [0.0, 1256.7485116440403, 451.9541780095127], [0.0, 0.0, 1.0]], [[1254.9860565800168, 0.0, 829.5769333630991], [0.0, 1254.9860565800168, 467.1680561863987], [0.0, 0.0, 1.0]], [[796.8910634503094, 0.0, 857.7774326863696], [0.0, 796.8910634503094, 476.8848988407415], [0.0, 0.0, 1.0]], [[1249.9629280788233, 0.0, 825.3768045375984], [0.0, 1249.9629280788233, 462.54816385708756], [0.0, 0.0, 1.0]]], "extrinsics": [[[0.8225637078285217, -0.5684638023376465, -0.015423358418047428, -0.984893798828125], [0.007237973157316446, 0.0375850684940815, -0.9992672204971313, 1.4884796142578125], [0.5686269402503967, 0.8218493461608887, 0.03503063693642616, -1.319091796875], [0.0, 0.0, 0.0, 1.0]], [[0.010275164619088173, -0.9993896484375, -0.03338846564292908, 0.0054931640625], [0.009280572645366192, 0.03348410129547119, -0.9993962049484253, 1.4803619384765625], [0.9999040961265564, 0.00995906163007021, 0.009618962183594704, -1.7142333984375], [0.0, 0.0, 0.0, 1.0]], [[-0.8439743518829346, -0.5356532335281372, -0.027981435880064964, 1.07666015625], [0.0173905361443758, 0.02481348067522049, -0.9995408058166504, 1.4933586120605469], [0.5361015796661377, -0.8440734148025513, -0.011626646853983402, -1.268798828125], [0.0, 0.0, 0.0, 1.0]], [[0.9479126930236816, 0.31848371028900146, 0.005451326258480549, -1.14324951171875], [-0.007721471134573221, 0.04008388891816139, -0.9991664886474609, 1.5620384216308594], [-0.31843677163124084, 0.9470804929733276, 0.04045518860220909, -0.1563720703125], [0.0, 0.0, 0.0, 1.0]], [[0.009270762093365192, 0.9994297623634338, 0.03246830031275749, -0.0286865234375], [-0.005695051047950983, 0.032521940767765045, -0.9994547367095947, 1.5680313110351562], [-0.999940812587738, 0.009080910123884678, 0.005993306636810303, 0.03790283203125], [0.0, 0.0, 0.0, 1.0]], [[-0.9237180948257446, 0.38303717970848083, 0.005219851620495319, 1.1495895385742188], [-0.001594162778928876, 0.00978243350982666, -0.9999508857727051, 1.5477943420410156], [-0.3830694258213043, -0.9236811399459839, -0.008425588719546795, -0.0484619140625], [0.0, 0.0, 0.0, 1.0]]], "view": [[0.0, -2.0, 100.0], [-2.0, 0.0, 100.0], [0.0, 0.0, 1.0]], "bev": "bev_2ee625aecd4c4aaab3d0a206c43b4442.png", "aux": "aux_2ee625aecd4c4aaab3d0a206c43b4442.npz", "visibility": "visibility_2ee625aecd4c4aaab3d0a206c43b4442.png", "pose": [[0.7801593542098999, 0.6255808472633362, 0.0, 1337.524658203125], [-0.6255808472633362, 0.7801593542098999, 0.0, 866.2267456054688], [0.0, 0.0, 1.0, 0.0], [0.0, 0.0, 0.0, 1.0]], "pose_inverse": [[0.7801593542098999, -0.6255808472633362, 0.0, -501.58746337890625], [0.6255808472633362, 0.7801593542098999, 0.0, -1512.524658203125], [0.0, 0.0, 1.0, 0.0], [0.0, 0.0, 0.0, 1.0]], "cam_ids": [0, 1, 2, 3, 4, 5], "cam_channels": ["CAM_FRONT_LEFT", "CAM_FRONT", "CAM_FRONT_RIGHT", "CAM_BACK_LEFT", "CAM_BACK", "CAM_BACK_RIGHT"], "token": "2ee625aecd4c4aaab3d0a206c43b4442", "scene": "scene-0566"}, {"images": ["samples/CAM_FRONT_LEFT/n008-2018-09-18-13-10-39-0400__CAM_FRONT_LEFT__1537290667754799.jpg", "samples/CAM_FRONT/n008-2018-09-18-13-10-39-0400__CAM_FRONT__1537290667762404.jpg", "samples/CAM_FRONT_RIGHT/n008-2018-09-18-13-10-39-0400__CAM_FRONT_RIGHT__1537290667770482.jpg", "samples/CAM_BACK_LEFT/n008-2018-09-18-13-10-39-0400__CAM_BACK_LEFT__1537290667797405.jpg", "samples/CAM_BACK/n008-2018-09-18-13-10-39-0400__CAM_BACK__1537290667787558.jpg", "samples/CAM_BACK_RIGHT/n008-2018-09-18-13-10-39-0400__CAM_BACK_RIGHT__1537290667778113.jpg"], "intrinsics": [[[1257.8625342125129, 0.0, 827.2410631095686], [0.0, 1257.8625342125129, 450.915498205774], [0.0, 0.0, 1.0]], [[1252.8131021185304, 0.0, 826.588114781398], [0.0, 1252.8131021185304, 469.9846626224581], [0.0, 0.0, 1.0]], [[1256.7485116440405, 0.0, 817.7887570959712], [0.0, 1256.7485116440403, 451.9541780095127], [0.0, 0.0, 1.0]], [[1254.9860565800168, 0.0, 829.5769333630991], [0.0, 1254.9860565800168, 467.1680561863987], [0.0, 0.0, 1.0]], [[796.8910634503094, 0.0, 857.7774326863696], [0.0, 796.8910634503094, 476.8848988407415], [0.0, 0.0, 1.0]], [[1249.9629280788233, 0.0, 825.3768045375984], [0.0, 1249.9629280788233, 462.54816385708756], [0.0, 0.0, 1.0]]], "extrinsics": [[[0.8225464820861816, -0.5685151815414429, -0.014419013634324074, -0.94879150390625], [0.008725830353796482, 0.037968143820762634, -0.9992408156394958, 1.4888801574707031], [0.568631112575531, 0.8217962384223938, 0.03619132563471794, -1.294677734375], [0.0, 0.0, 0.0, 1.0]], [[0.010258940048515797, -0.9993787407875061, -0.033717405050992966, 0.0059814453125], [0.010678444989025593, 0.03382674977183342, -0.9993706941604614, 1.4807586669921875], [0.9998903870582581, 0.009892446920275688, 0.011018837802112103, -1.67803955078125], [0.0, 0.0, 0.0, 1.0]], [[-0.8439666628837585, -0.535597026348114, -0.02925858460366726, 1.05322265625], [0.018714962527155876, 0.025111090391874313, -0.9995094537734985, 1.4938926696777344], [0.5360690355300903, -0.844100296497345, -0.011169246397912502, -1.25372314453125], [0.0, 0.0, 0.0, 1.0]], [[0.9479103088378906, 0.3184715509414673, 0.006476900074630976, -1.1422119140625], [-0.006690080277621746, 0.040233127772808075, -0.9991679191589355, 1.5620269775390625], [-0.3184671700000763, 0.9470781683921814, 0.04026800021529198, -0.15673828125], [0.0, 0.0, 0.0, 1.0]], [[0.009264950640499592, 0.9994229078292847, 0.03268061578273773, -0.0286865234375], [-0.004566890653222799, 0.03272397071123123, -0.9994540214538574, 1.5679855346679688], [-0.999946653842926, 0.009110691957175732, 0.0048674410209059715, 0.027008056640625], [0.0, 0.0, 0.0, 1.0]], [[-0.923706591129303, 0.3830778896808624, 0.004152597393840551, 1.1308975219726562], [-0.00033298935159109533, 0.010036607272922993, -0.99994957447052, 1.5478019714355469], [-0.38310012221336365, -0.923661470413208, -0.009143318980932236, -0.0556640625], [0.0, 0.0, 0.0, 1.0]]], "view": [[0.0, -2.0, 100.0], [-2.0, 0.0, 100.0], [0.0, 0.0, 1.0]], "bev": "bev_307e92d2e2e74d2095fee2527c96af1d.png", "aux": "aux_307e92d2e2e74d2095fee2527c96af1d.npz", "visibility": "visibility_307e92d2e2e74d2095fee2527c96af1d.png", "pose": [[0.7799879908561707, 0.6257944703102112, 0.0, 1337.9273681640625], [-0.6257944703102112, 0.7799879908561707, 0.0, 865.902099609375], [0.0, 0.0, 1.0, 0.0], [0.0, 0.0, 0.0, 1.0]], "pose_inverse": [[0.7799879908561707, -0.6257944703102112, 0.0, -501.6905822753906], [0.6257944703102112, 0.7799879908561707, 0.0, -1512.6607666015625], [0.0, 0.0, 1.0, 0.0], [0.0, 0.0, 0.0, 1.0]], "cam_ids": [0, 1, 2, 3, 4, 5], "cam_channels": ["CAM_FRONT_LEFT", "CAM_FRONT", "CAM_FRONT_RIGHT", "CAM_BACK_LEFT", "CAM_BACK", "CAM_BACK_RIGHT"], "token": "307e92d2e2e74d2095fee2527c96af1d", "scene": "scene-0566"}, {"images": ["samples/CAM_FRONT_LEFT/n008-2018-09-18-13-10-39-0400__CAM_FRONT_LEFT__1537290668254799.jpg", "samples/CAM_FRONT/n008-2018-09-18-13-10-39-0400__CAM_FRONT__1537290668262404.jpg", "samples/CAM_FRONT_RIGHT/n008-2018-09-18-13-10-39-0400__CAM_FRONT_RIGHT__1537290668270482.jpg", "samples/CAM_BACK_LEFT/n008-2018-09-18-13-10-39-0400__CAM_BACK_LEFT__1537290668297405.jpg", "samples/CAM_BACK/n008-2018-09-18-13-10-39-0400__CAM_BACK__1537290668287558.jpg", "samples/CAM_BACK_RIGHT/n008-2018-09-18-13-10-39-0400__CAM_BACK_RIGHT__1537290668278113.jpg"], "intrinsics": [[[1257.8625342125129, 0.0, 827.2410631095686], [0.0, 1257.8625342125129, 450.915498205774], [0.0, 0.0, 1.0]], [[1252.8131021185304, 0.0, 826.588114781398], [0.0, 1252.8131021185304, 469.9846626224581], [0.0, 0.0, 1.0]], [[1256.7485116440405, 0.0, 817.7887570959712], [0.0, 1256.7485116440403, 451.9541780095127], [0.0, 0.0, 1.0]], [[1254.9860565800168, 0.0, 829.5769333630991], [0.0, 1254.9860565800168, 467.1680561863987], [0.0, 0.0, 1.0]], [[796.8910634503094, 0.0, 857.7774326863696], [0.0, 796.8910634503094, 476.8848988407415], [0.0, 0.0, 1.0]], [[1249.9629280788233, 0.0, 825.3768045375984], [0.0, 1249.9629280788233, 462.54816385708756], [0.0, 0.0, 1.0]]], "extrinsics": [[[0.8234658241271973, -0.5672088265419006, -0.013349276967346668, -0.914703369140625], [0.008872599340975285, 0.03639962151646614, -0.9992979168891907, 1.4892539978027344], [0.56729656457901, 0.822769284248352, 0.035006456077098846, -1.271484375], [0.0, 0.0, 0.0, 1.0]], [[0.011599961668252945, -0.9994181394577026, -0.032074932008981705, 0.0068359375], [0.010784300975501537, 0.032200269401073456, -0.9994232654571533, 1.4811286926269531], [0.9998745918273926, 0.011247406713664532, 0.011151549406349659, -1.64434814453125], [0.0, 0.0, 0.0, 1.0]], [[-0.8434051871299744, -0.5365258455276489, -0.028419550508260727, 1.0316162109375], [0.018778957426548004, 0.02342565730214119, -0.999549150466919, 1.4943809509277344], [0.536949634552002, -0.8435587286949158, -0.009681928902864456, -1.2396240234375], [0.0, 0.0, 0.0, 1.0]], [[0.9478976130485535, 0.318521648645401, 0.005847745109349489, -1.14117431640625], [-0.0066955252550542355, 0.038270559161901474, -0.9992449879646301, 1.5620231628417969], [-0.3185049593448639, 0.9471427798271179, 0.03840923681855202, -0.156982421875], [0.0, 0.0, 0.0, 1.0]], [[0.008844122290611267, 0.9994856119155884, 0.030827900394797325, -0.028564453125], [-0.004531076177954674, 0.03086884319782257, -0.9995131492614746, 1.5679359436035156], [-0.999950647354126, 0.008700050413608551, 0.004801752977073193, 0.016815185546875], [0.0, 0.0, 0.0, 1.0]], [[-0.9239993095397949, 0.3823786675930023, 0.00342992739751935, 1.1133956909179688], [-0.0002907973248511553, 0.00826696865260601, -0.9999657869338989, 1.5477962493896484], [-0.38239383697509766, -0.9239687323570251, -0.007527478504925966, -0.063232421875], [0.0, 0.0, 0.0, 1.0]]], "view": [[0.0, -2.0, 100.0], [-2.0, 0.0, 100.0], [0.0, 0.0, 1.0]], "bev": "bev_cb0644a176f0474592dee6d79e1aa680.png", "aux": "aux_cb0644a176f0474592dee6d79e1aa680.npz", "visibility": "visibility_cb0644a176f0474592dee6d79e1aa680.png", "pose": [[0.7752003073692322, 0.6317155361175537, 0.0, 1338.7269287109375], [-0.6317155361175537, 0.7752003073692322, 0.0, 865.2532958984375], [0.0, 0.0, 1.0, 0.0], [0.0, 0.0, 0.0, 1.0]], "pose_inverse": [[0.7752003073692322, -0.6317155361175537, 0.0, -491.1875915527344], [0.6317155361175537, 0.7752003073692322, 0.0, -1516.439208984375], [0.0, 0.0, 1.0, 0.0], [0.0, 0.0, 0.0, 1.0]], "cam_ids": [0, 1, 2, 3, 4, 5], "cam_channels": ["CAM_FRONT_LEFT", "CAM_FRONT", "CAM_FRONT_RIGHT", "CAM_BACK_LEFT", "CAM_BACK", "CAM_BACK_RIGHT"], "token": "cb0644a176f0474592dee6d79e1aa680", "scene": "scene-0566"}, {"images": ["samples/CAM_FRONT_LEFT/n008-2018-09-18-13-10-39-0400__CAM_FRONT_LEFT__1537290668754799.jpg", "samples/CAM_FRONT/n008-2018-09-18-13-10-39-0400__CAM_FRONT__1537290668762404.jpg", "samples/CAM_FRONT_RIGHT/n008-2018-09-18-13-10-39-0400__CAM_FRONT_RIGHT__1537290668770482.jpg", "samples/CAM_BACK_LEFT/n008-2018-09-18-13-10-39-0400__CAM_BACK_LEFT__1537290668797405.jpg", "samples/CAM_BACK/n008-2018-09-18-13-10-39-0400__CAM_BACK__1537290668787558.jpg", "samples/CAM_BACK_RIGHT/n008-2018-09-18-13-10-39-0400__CAM_BACK_RIGHT__1537290668778113.jpg"], "intrinsics": [[[1257.8625342125129, 0.0, 827.2410631095686], [0.0, 1257.8625342125129, 450.915498205774], [0.0, 0.0, 1.0]], [[1252.8131021185304, 0.0, 826.588114781398], [0.0, 1252.8131021185304, 469.9846626224581], [0.0, 0.0, 1.0]], [[1256.7485116440405, 0.0, 817.7887570959712], [0.0, 1256.7485116440403, 451.9541780095127], [0.0, 0.0, 1.0]], [[1254.9860565800168, 0.0, 829.5769333630991], [0.0, 1254.9860565800168, 467.1680561863987], [0.0, 0.0, 1.0]], [[796.8910634503094, 0.0, 857.7774326863696], [0.0, 796.8910634503094, 476.8848988407415], [0.0, 0.0, 1.0]], [[1249.9629280788233, 0.0, 825.3768045375984], [0.0, 1249.9629280788233, 462.54816385708756], [0.0, 0.0, 1.0]]], "extrinsics": [[[0.8244425654411316, -0.5657453536987305, -0.015056857839226723, -0.896575927734375], [0.008476209826767445, 0.03894516080617905, -0.9992053508758545, 1.4894218444824219], [0.5658822059631348, 0.8236597776412964, 0.036903418600559235, -1.2587890625], [0.0, 0.0, 0.0, 1.0]], [[0.012999202124774456, -0.9993206858634949, -0.03448360413312912, 0.006591796875], [0.010433819144964218, 0.03462020307779312, -0.9993460774421692, 1.4813041687011719], [0.9998611211776733, 0.012630903162062168, 0.01087676826864481, -1.6259765625], [0.0, 0.0, 0.0, 1.0]], [[-0.8428404331207275, -0.537360668182373, -0.029385613277554512, 1.0194091796875], [0.01845732517540455, 0.02570771612226963, -0.9994990825653076, 1.4946327209472656], [0.5378469824790955, -0.8429606556892395, -0.011749261990189552, -1.2322998046875], [0.0, 0.0, 0.0, 1.0]], [[0.9478722810745239, 0.31859302520751953, 0.006050526164472103, -1.1395263671875], [-0.0071270461194217205, 0.04017983004450798, -0.9991670250892639, 1.56201171875], [-0.3185708224773407, 0.9470396637916565, 0.040355976670980453, -0.157470703125], [0.0, 0.0, 0.0, 1.0]], [[0.008426962420344353, 0.9994255304336548, 0.032827284187078476, -0.0284423828125], [-0.004929633811116219, 0.03286956995725632, -0.9994474649429321, 1.5678939819335938], [-0.9999523758888245, 0.008260421454906464, 0.005203791428357363, 0.010406494140625], [0.0, 0.0, 0.0, 1.0]], [[-0.9242971539497375, 0.38164687156677246, 0.004533725790679455, 1.1037750244140625], [-0.0006114435964263976, 0.010397898964583874, -0.9999457597732544, 1.5477771759033203], [-0.3816731572151184, -0.9242497682571411, -0.009377392008900642, -0.0672607421875], [0.0, 0.0, 0.0, 1.0]]], "view": [[0.0, -2.0, 100.0], [-2.0, 0.0, 100.0], [0.0, 0.0, 1.0]], "bev": "bev_40e770a349c64ac6b80ce31d25c8db06.png", "aux": "aux_40e770a349c64ac6b80ce31d25c8db06.npz", "visibility": "visibility_40e770a349c64ac6b80ce31d25c8db06.png", "pose": [[0.753386914730072, 0.6575775146484375, 0.0, 1339.818115234375], [-0.6575775146484375, 0.753386914730072, 0.0, 864.3343505859375], [0.0, 0.0, 1.0, 0.0], [0.0, 0.0, 0.0, 1.0]], "pose_inverse": [[0.753386914730072, -0.6575775146484375, 0.0, -441.0345764160156], [0.6575775146484375, 0.753386914730072, 0.0, -1532.21240234375], [0.0, 0.0, 1.0, 0.0], [0.0, 0.0, 0.0, 1.0]], "cam_ids": [0, 1, 2, 3, 4, 5], "cam_channels": ["CAM_FRONT_LEFT", "CAM_FRONT", "CAM_FRONT_RIGHT", "CAM_BACK_LEFT", "CAM_BACK", "CAM_BACK_RIGHT"], "token": "40e770a349c64ac6b80ce31d25c8db06", "scene": "scene-0566"}, {"images": ["samples/CAM_FRONT_LEFT/n008-2018-09-18-13-10-39-0400__CAM_FRONT_LEFT__1537290669254799.jpg", "samples/CAM_FRONT/n008-2018-09-18-13-10-39-0400__CAM_FRONT__1537290669262404.jpg", "samples/CAM_FRONT_RIGHT/n008-2018-09-18-13-10-39-0400__CAM_FRONT_RIGHT__1537290669270482.jpg", "samples/CAM_BACK_LEFT/n008-2018-09-18-13-10-39-0400__CAM_BACK_LEFT__1537290669297405.jpg", "samples/CAM_BACK/n008-2018-09-18-13-10-39-0400__CAM_BACK__1537290669287558.jpg", "samples/CAM_BACK_RIGHT/n008-2018-09-18-13-10-39-0400__CAM_BACK_RIGHT__1537290669278113.jpg"], "intrinsics": [[[1257.8625342125129, 0.0, 827.2410631095686], [0.0, 1257.8625342125129, 450.915498205774], [0.0, 0.0, 1.0]], [[1252.8131021185304, 0.0, 826.588114781398], [0.0, 1252.8131021185304, 469.9846626224581], [0.0, 0.0, 1.0]], [[1256.7485116440405, 0.0, 817.7887570959712], [0.0, 1256.7485116440403, 451.9541780095127], [0.0, 0.0, 1.0]], [[1254.9860565800168, 0.0, 829.5769333630991], [0.0, 1254.9860565800168, 467.1680561863987], [0.0, 0.0, 1.0]], [[796.8910634503094, 0.0, 857.7774326863696], [0.0, 796.8910634503094, 476.8848988407415], [0.0, 0.0, 1.0]], [[1249.9629280788233, 0.0, 825.3768045375984], [0.0, 1249.9629280788233, 462.54816385708756], [0.0, 0.0, 1.0]]], "extrinsics": [[[0.8260824084281921, -0.563461422920227, -0.009953340515494347, -0.897216796875], [0.009568148292601109, 0.03168267756700516, -0.9994521737098694, 1.4895706176757812], [0.5634681582450867, 0.8255347013473511, 0.031563788652420044, -1.2591552734375], [0.0, 0.0, 0.0, 1.0]], [[0.01547518465667963, -0.9995073676109314, -0.02730301208794117, 0.0064697265625], [0.011672171764075756, 0.02748500555753708, -0.9995540380477905, 1.4814338684082031], [0.999812126159668, 0.015149575658142567, 0.012091758660972118, -1.627166748046875], [0.0, 0.0, 0.0, 1.0]], [[-0.8417397141456604, -0.5392162203788757, -0.02683337777853012, 1.020751953125], [0.019882123917341232, 0.01870826818048954, -0.9996272325515747, 1.4947319030761719], [0.539517343044281, -0.841959536075592, -0.005026729311794043, -1.2330322265625], [0.0, 0.0, 0.0, 1.0]], [[0.9478096961975098, 0.31878095865249634, 0.005944457836449146, -1.1383056640625], [-0.00500830402597785, 0.033527594059705734, -0.9994252324104309, 1.5620193481445312], [-0.31879711151123047, 0.9472352266311646, 0.03337433189153671, -0.15771484375], [0.0, 0.0, 0.0, 1.0]], [[0.007526771165430546, 0.9996325969696045, 0.026040177792310715, -0.0281982421875], [-0.0031091358978301287, 0.026064183562994003, -0.9996554255485535, 1.567962646484375], [-0.9999668598175049, 0.007443161215633154, 0.0033041718415915966, 0.01019287109375], [0.0, 0.0, 0.0, 1.0]], [[-0.9248602390289307, 0.3803068697452545, 0.00038211431819945574, 1.10430908203125], [0.001010590116493404, 0.0034623790998011827, -0.9999935030937195, 1.5478739738464355], [-0.3803057372570038, -0.9248539209365845, -0.0035865509416908026, -0.0672607421875], [0.0, 0.0, 0.0, 1.0]]], "view": [[0.0, -2.0, 100.0], [-2.0, 0.0, 100.0], [0.0, 0.0, 1.0]], "bev": "bev_a27cd1a476b14511b14ba64150dccb68.png", "aux": "aux_a27cd1a476b14511b14ba64150dccb68.npz", "visibility": "visibility_a27cd1a476b14511b14ba64150dccb68.png", "pose": [[0.7184224128723145, 0.69560706615448, 0.0, 1340.9205322265625], [-0.69560706615448, 0.7184224128723145, 0.0, 863.3313598632812], [0.0, 0.0, 1.0, 0.0], [0.0, 0.0, 0.0, 1.0]], "pose_inverse": [[0.7184224128723145, -0.69560706615448, 0.0, -362.8079833984375], [0.69560706615448, 0.7184224128723145, 0.0, -1552.990478515625], [0.0, 0.0, 1.0, 0.0], [0.0, 0.0, 0.0, 1.0]], "cam_ids": [0, 1, 2, 3, 4, 5], "cam_channels": ["CAM_FRONT_LEFT", "CAM_FRONT", "CAM_FRONT_RIGHT", "CAM_BACK_LEFT", "CAM_BACK", "CAM_BACK_RIGHT"], "token": "a27cd1a476b14511b14ba64150dccb68", "scene": "scene-0566"}, {"images": ["samples/CAM_FRONT_LEFT/n008-2018-09-18-13-10-39-0400__CAM_FRONT_LEFT__1537290669754799.jpg", "samples/CAM_FRONT/n008-2018-09-18-13-10-39-0400__CAM_FRONT__1537290669762404.jpg", "samples/CAM_FRONT_RIGHT/n008-2018-09-18-13-10-39-0400__CAM_FRONT_RIGHT__1537290669770482.jpg", "samples/CAM_BACK_LEFT/n008-2018-09-18-13-10-39-0400__CAM_BACK_LEFT__1537290669797405.jpg", "samples/CAM_BACK/n008-2018-09-18-13-10-39-0400__CAM_BACK__1537290669787558.jpg", "samples/CAM_BACK_RIGHT/n008-2018-09-18-13-10-39-0400__CAM_BACK_RIGHT__1537290669778113.jpg"], "intrinsics": [[[1257.8625342125129, 0.0, 827.2410631095686], [0.0, 1257.8625342125129, 450.915498205774], [0.0, 0.0, 1.0]], [[1252.8131021185304, 0.0, 826.588114781398], [0.0, 1252.8131021185304, 469.9846626224581], [0.0, 0.0, 1.0]], [[1256.7485116440405, 0.0, 817.7887570959712], [0.0, 1256.7485116440403, 451.9541780095127], [0.0, 0.0, 1.0]], [[1254.9860565800168, 0.0, 829.5769333630991], [0.0, 1254.9860565800168, 467.1680561863987], [0.0, 0.0, 1.0]], [[796.8910634503094, 0.0, 857.7774326863696], [0.0, 796.8910634503094, 476.8848988407415], [0.0, 0.0, 1.0]], [[1249.9629280788233, 0.0, 825.3768045375984], [0.0, 1249.9629280788233, 462.54816385708756], [0.0, 0.0, 1.0]]], "extrinsics": [[[0.8289390206336975, -0.5592866539955139, -0.007640448398888111, -0.8941650390625], [0.013071238063275814, 0.033025793731212616, -0.9993689656257629, 1.4900741577148438], [0.5591861009597778, 0.8283162117004395, 0.034686945378780365, -1.257568359375], [0.0, 0.0, 0.0, 1.0]], [[0.01975136436522007, -0.9993969202041626, -0.02855892851948738, 0.0069580078125], [0.015290220268070698, 0.028863100335001945, -0.9994664788246155, 1.4818878173828125], [0.9996880292892456, 0.019304193556308746, 0.015851084142923355, -1.623504638671875], [0.0, 0.0, 0.0, 1.0]], [[-0.8398681879043579, -0.5419217348098755, -0.030694732442498207, 1.01763916015625], [0.023549159988760948, 0.020116951316595078, -0.9995202422142029, 1.4951171875], [0.5422791838645935, -0.8401881456375122, -0.004133788403123617, -1.230712890625], [0.0, 0.0, 0.0, 1.0]], [[0.9476670026779175, 0.31911134719848633, 0.009751568548381329, -1.13671875], [-0.0013695214875042439, 0.03460725396871567, -0.9994000792503357, 1.5620460510253906], [-0.31925731897354126, 0.9470851421356201, 0.03323318436741829, -0.1580810546875], [0.0, 0.0, 0.0, 1.0]], [[0.006032636854797602, 0.9996087551116943, 0.027310460805892944, -0.028564453125], [0.0006118073360994458, 0.027307260781526566, -0.999626874923706, 1.5680885314941406], [-0.9999815821647644, 0.006047036498785019, -0.00044683270971290767, 0.008026123046875], [0.0, 0.0, 0.0, 1.0]], [[-0.9257765412330627, 0.37806257605552673, -0.0025419234298169613, 1.10150146484375], [0.004705421626567841, 0.0047989473678171635, -0.9999774098396301, 1.5481133460998535], [-0.3780417740345001, -0.9257675409317017, -0.00622169766575098, -0.0682373046875], [0.0, 0.0, 0.0, 1.0]]], "view": [[0.0, -2.0, 100.0], [-2.0, 0.0, 100.0], [0.0, 0.0, 1.0]], "bev": "bev_2084b30224be4650ab263c26316d7dc1.png", "aux": "aux_2084b30224be4650ab263c26316d7dc1.npz", "visibility": "visibility_2084b30224be4650ab263c26316d7dc1.png", "pose": [[0.6398961544036865, 0.7684613466262817, 0.0, 1341.9501953125], [-0.7684613466262817, 0.6398961544036865, 0.0, 862.23095703125], [0.0, 0.0, 1.0, 0.0], [0.0, 0.0, 0.0, 1.0]], "pose_inverse": [[0.6398961544036865, -0.7684613466262817, 0.0, -196.11761474609375], [0.7684613466262817, 0.6398961544036865, 0.0, -1582.9752197265625], [0.0, 0.0, 1.0, 0.0], [0.0, 0.0, 0.0, 1.0]], "cam_ids": [0, 1, 2, 3, 4, 5], "cam_channels": ["CAM_FRONT_LEFT", "CAM_FRONT", "CAM_FRONT_RIGHT", "CAM_BACK_LEFT", "CAM_BACK", "CAM_BACK_RIGHT"], "token": "2084b30224be4650ab263c26316d7dc1", "scene": "scene-0566"}, {"images": ["samples/CAM_FRONT_LEFT/n008-2018-09-18-13-10-39-0400__CAM_FRONT_LEFT__1537290670254799.jpg", "samples/CAM_FRONT/n008-2018-09-18-13-10-39-0400__CAM_FRONT__1537290670262404.jpg", "samples/CAM_FRONT_RIGHT/n008-2018-09-18-13-10-39-0400__CAM_FRONT_RIGHT__1537290670270482.jpg", "samples/CAM_BACK_LEFT/n008-2018-09-18-13-10-39-0400__CAM_BACK_LEFT__1537290670297405.jpg", "samples/CAM_BACK/n008-2018-09-18-13-10-39-0400__CAM_BACK__1537290670287558.jpg", "samples/CAM_BACK_RIGHT/n008-2018-09-18-13-10-39-0400__CAM_BACK_RIGHT__1537290670278113.jpg"], "intrinsics": [[[1257.8625342125129, 0.0, 827.2410631095686], [0.0, 1257.8625342125129, 450.915498205774], [0.0, 0.0, 1.0]], [[1252.8131021185304, 0.0, 826.588114781398], [0.0, 1252.8131021185304, 469.9846626224581], [0.0, 0.0, 1.0]], [[1256.7485116440405, 0.0, 817.7887570959712], [0.0, 1256.7485116440403, 451.9541780095127], [0.0, 0.0, 1.0]], [[1254.9860565800168, 0.0, 829.5769333630991], [0.0, 1254.9860565800168, 467.1680561863987], [0.0, 0.0, 1.0]], [[796.8910634503094, 0.0, 857.7774326863696], [0.0, 796.8910634503094, 476.8848988407415], [0.0, 0.0, 1.0]], [[1249.9629280788233, 0.0, 825.3768045375984], [0.0, 1249.9629280788233, 462.54816385708756], [0.0, 0.0, 1.0]]], "extrinsics": [[[0.8307850360870361, -0.5565934181213379, 6.0710779507644475e-05, -0.895751953125], [0.021758634597063065, 0.0323684886097908, -0.9992391467094421, 1.4912223815917969], [0.5561679601669312, 0.830154299736023, 0.03900196775794029, -1.258544921875], [0.0, 0.0, 0.0, 1.0]], [[0.022646944969892502, -0.9993634223937988, -0.02756689116358757, 0.006591796875], [0.024124881252646446, 0.028112219646573067, -0.9993136525154114, 1.4828262329101562], [0.9994523525238037, 0.021966388449072838, 0.024746181443333626, -1.625335693359375], [0.0, 0.0, 0.0, 1.0]], [[-0.8384658694267273, -0.5436365008354187, -0.03787154704332352, 1.019287109375], [0.032614342868328094, 0.01931128278374672, -0.9992814064025879, 1.4958477020263672], [0.5439772605895996, -0.8390985727310181, 0.0015384951839223504, -1.232177734375], [0.0, 0.0, 0.0, 1.0]], [[0.9474254846572876, 0.31941869854927063, 0.018885046243667603, -1.13525390625], [0.008518652059137821, 0.03382009267807007, -0.9993916153907776, 1.5621528625488281], [-0.31986308097839355, 0.9470099806785583, 0.02932100184261799, -0.1578369140625], [0.0, 0.0, 0.0, 1.0]], [[0.004842748399823904, 0.9996370673179626, 0.026503032073378563, -0.0283203125], [0.010087661445140839, 0.026453157886862755, -0.9995991587638855, 1.5684318542480469], [-0.9999373555183411, 0.005108287092298269, -0.009955894201993942, 0.00830078125], [0.0, 0.0, 0.0, 1.0]], [[-0.9262873530387878, 0.37664249539375305, -0.011495403945446014, 1.10247802734375], [0.014006639830768108, 0.003929417580366135, -0.9998941421508789, 1.548696517944336], [-0.3765574097633362, -0.9263503551483154, -0.008915266022086143, -0.06787109375], [0.0, 0.0, 0.0, 1.0]]], "view": [[0.0, -2.0, 100.0], [-2.0, 0.0, 100.0], [0.0, 0.0, 1.0]], "bev": "bev_0a53be5d8c744a21af07fd7e060dc48f.png", "aux": "aux_0a53be5d8c744a21af07fd7e060dc48f.npz", "visibility": "visibility_0a53be5d8c744a21af07fd7e060dc48f.png", "pose": [[0.525549590587616, 0.8507629632949829, 0.0, 1342.825927734375], [-0.8507629632949829, 0.525549590587616, 0.0, 861.0300903320312], [0.0, 0.0, 1.0, 0.0], [0.0, 0.0, 0.0, 1.0]], "pose_inverse": [[0.525549590587616, -0.8507629632949829, 0.0, 26.81092071533203], [0.8507629632949829, 0.525549590587616, 0.0, -1594.9405517578125], [0.0, 0.0, 1.0, 0.0], [0.0, 0.0, 0.0, 1.0]], "cam_ids": [0, 1, 2, 3, 4, 5], "cam_channels": ["CAM_FRONT_LEFT", "CAM_FRONT", "CAM_FRONT_RIGHT", "CAM_BACK_LEFT", "CAM_BACK", "CAM_BACK_RIGHT"], "token": "0a53be5d8c744a21af07fd7e060dc48f", "scene": "scene-0566"}, {"images": ["samples/CAM_FRONT_LEFT/n008-2018-09-18-13-10-39-0400__CAM_FRONT_LEFT__1537290670754799.jpg", "samples/CAM_FRONT/n008-2018-09-18-13-10-39-0400__CAM_FRONT__1537290670762404.jpg", "samples/CAM_FRONT_RIGHT/n008-2018-09-18-13-10-39-0400__CAM_FRONT_RIGHT__1537290670770482.jpg", "samples/CAM_BACK_LEFT/n008-2018-09-18-13-10-39-0400__CAM_BACK_LEFT__1537290670797405.jpg", "samples/CAM_BACK/n008-2018-09-18-13-10-39-0400__CAM_BACK__1537290670787558.jpg", "samples/CAM_BACK_RIGHT/n008-2018-09-18-13-10-39-0400__CAM_BACK_RIGHT__1537290670778113.jpg"], "intrinsics": [[[1257.8625342125129, 0.0, 827.2410631095686], [0.0, 1257.8625342125129, 450.915498205774], [0.0, 0.0, 1.0]], [[1252.8131021185304, 0.0, 826.588114781398], [0.0, 1252.8131021185304, 469.9846626224581], [0.0, 0.0, 1.0]], [[1256.7485116440405, 0.0, 817.7887570959712], [0.0, 1256.7485116440403, 451.9541780095127], [0.0, 0.0, 1.0]], [[1254.9860565800168, 0.0, 829.5769333630991], [0.0, 1254.9860565800168, 467.1680561863987], [0.0, 0.0, 1.0]], [[796.8910634503094, 0.0, 857.7774326863696], [0.0, 796.8910634503094, 476.8848988407415], [0.0, 0.0, 1.0]], [[1249.9629280788233, 0.0, 825.3768045375984], [0.0, 1249.9629280788233, 462.54816385708756], [0.0, 0.0, 1.0]]], "extrinsics": [[[0.8322864770889282, -0.5541030764579773, 0.0164021085947752, -0.8956298828125], [0.03542774170637131, 0.023639660328626633, -0.9990925788879395, 1.4930381774902344], [0.5532125234603882, 0.8321123719215393, 0.039305590093135834, -1.258544921875], [0.0, 0.0, 0.0, 1.0]], [[0.02546246349811554, -0.9995062947273254, -0.018406832590699196, 0.0068359375], [0.03751491382718086, 0.019355202093720436, -0.999108612537384, 1.4843406677246094], [0.9989716410636902, 0.024749232456088066, 0.03798922151327133, -1.6241455078125], [0.0, 0.0, 0.0, 1.0]], [[-0.836794376373291, -0.5457441806793213, -0.04402722418308258, 1.0172119140625], [0.04568997398018837, 0.010528168641030788, -0.9989001154899597, 1.4970630407333374], [0.5456074476242065, -0.8378857374191284, 0.01612512394785881, -1.23046875], [0.0, 0.0, 0.0, 1.0]], [[0.9471134543418884, 0.3197479546070099, 0.027153711766004562, -1.1350555419921875], [0.0202831719070673, 0.024798614904284477, -0.9994866847991943, 1.562265396118164], [-0.32025715708732605, 0.947178065776825, 0.017001599073410034, -0.1572265625], [0.0, 0.0, 0.0, 1.0]], [[0.0037206795532256365, 0.9998381733894348, 0.01760276034474373, -0.0284423828125], [0.022413194179534912, 0.01751508191227913, -0.9995952844619751, 1.568899154663086], [-0.9997419118881226, 0.004113687202334404, -0.022344402968883514, 0.007354736328125], [0.0, 0.0, 0.0, 1.0]], [[-0.9266196489334106, 0.3750512897968292, -0.02669202722609043, 1.100830078125], [0.026793094351887703, -0.0049462816677987576, -0.9996287822723389, 1.549544334411621], [-0.3750440180301666, -0.9269908666610718, -0.00546546233817935, -0.068603515625], [0.0, 0.0, 0.0, 1.0]]], "view": [[0.0, -2.0, 100.0], [-2.0, 0.0, 100.0], [0.0, 0.0, 1.0]], "bev": "bev_43b58586db1f4a96bab575b89e1037dd.png", "aux": "aux_43b58586db1f4a96bab575b89e1037dd.npz", "visibility": "visibility_43b58586db1f4a96bab575b89e1037dd.png", "pose": [[0.3745070695877075, 0.9272240400314331, 0.0, 1343.4808349609375], [-0.9272240400314331, 0.3745070695877075, 0.0, 859.7545166015625], [0.0, 0.0, 1.0, 0.0], [0.0, 0.0, 0.0, 1.0]], "pose_inverse": [[0.3745070695877075, -0.9272240400314331, 0.0, 294.0419921875], [0.9272240400314331, 0.3745070695877075, 0.0, -1567.69189453125], [0.0, 0.0, 1.0, 0.0], [0.0, 0.0, 0.0, 1.0]], "cam_ids": [0, 1, 2, 3, 4, 5], "cam_channels": ["CAM_FRONT_LEFT", "CAM_FRONT", "CAM_FRONT_RIGHT", "CAM_BACK_LEFT", "CAM_BACK", "CAM_BACK_RIGHT"], "token": "43b58586db1f4a96bab575b89e1037dd", "scene": "scene-0566"}, {"images": ["samples/CAM_FRONT_LEFT/n008-2018-09-18-13-10-39-0400__CAM_FRONT_LEFT__1537290671254799.jpg", "samples/CAM_FRONT/n008-2018-09-18-13-10-39-0400__CAM_FRONT__1537290671262404.jpg", "samples/CAM_FRONT_RIGHT/n008-2018-09-18-13-10-39-0400__CAM_FRONT_RIGHT__1537290671270482.jpg", "samples/CAM_BACK_LEFT/n008-2018-09-18-13-10-39-0400__CAM_BACK_LEFT__1537290671297405.jpg", "samples/CAM_BACK/n008-2018-09-18-13-10-39-0400__CAM_BACK__1537290671287558.jpg", "samples/CAM_BACK_RIGHT/n008-2018-09-18-13-10-39-0400__CAM_BACK_RIGHT__1537290671278113.jpg"], "intrinsics": [[[1257.8625342125129, 0.0, 827.2410631095686], [0.0, 1257.8625342125129, 450.915498205774], [0.0, 0.0, 1.0]], [[1252.8131021185304, 0.0, 826.588114781398], [0.0, 1252.8131021185304, 469.9846626224581], [0.0, 0.0, 1.0]], [[1256.7485116440405, 0.0, 817.7887570959712], [0.0, 1256.7485116440403, 451.9541780095127], [0.0, 0.0, 1.0]], [[1254.9860565800168, 0.0, 829.5769333630991], [0.0, 1254.9860565800168, 467.1680561863987], [0.0, 0.0, 1.0]], [[796.8910634503094, 0.0, 857.7774326863696], [0.0, 796.8910634503094, 476.8848988407415], [0.0, 0.0, 1.0]], [[1249.9629280788233, 0.0, 825.3768045375984], [0.0, 1249.9629280788233, 462.54816385708756], [0.0, 0.0, 1.0]]], "extrinsics": [[[0.8332964777946472, -0.5526408553123474, 0.014325995929539204, -0.8905029296875], [0.02826480194926262, 0.016710110008716583, -0.999460756778717, 1.4922103881835938], [0.5521034002304077, 0.8332520723342896, 0.029544755816459656, -1.2564697265625], [0.0, 0.0, 0.0, 1.0]], [[0.02669541724026203, -0.9995712637901306, -0.012026630342006683, 0.0079345703125], [0.030320007354021072, 0.012835020199418068, -0.999457836151123, 1.4836504459381104], [0.999183714389801, 0.02631629817187786, 0.030649645254015923, -1.6201171875], [0.0, 0.0, 0.0, 1.0]], [[-0.8365138173103333, -0.5468606352806091, -0.0344683937728405, 1.015411376953125], [0.03844587877392769, 0.004173089284449816, -0.9992519617080688, 1.4965324401855469], [0.5465954542160034, -0.8372133374214172, 0.017533691599965096, -1.228515625], [0.0, 0.0, 0.0, 1.0]], [[0.9473366737365723, 0.3197254240512848, 0.018138187006115913, -1.1353378295898438], [0.01285959966480732, 0.018613390624523163, -0.9997440576553345, 1.5621929168701172], [-0.3199812173843384, 0.9473273158073425, 0.013521606102585793, -0.1566162109375], [0.0, 0.0, 0.0, 1.0]], [[0.003548035165295005, 0.9999261498451233, 0.011624395847320557, -0.0286865234375], [0.015011448413133621, 0.011569900438189507, -0.999820351600647, 1.5686306953430176], [-0.9998810887336731, 0.0037219051737338305, -0.014969291165471