[{"images": ["samples/CAM_FRONT_LEFT/n015-2018-07-16-11-49-16+0800__CAM_FRONT_LEFT__1531713369254844.jpg", "samples/CAM_FRONT/n015-2018-07-16-11-49-16+0800__CAM_FRONT__1531713369262460.jpg", "samples/CAM_FRONT_RIGHT/n015-2018-07-16-11-49-16+0800__CAM_FRONT_RIGHT__1531713369270339.jpg", "samples/CAM_BACK_LEFT/n015-2018-07-16-11-49-16+0800__CAM_BACK_LEFT__1531713369297423.jpg", "samples/CAM_BACK/n015-2018-07-16-11-49-16+0800__CAM_BACK__1531713369287525.jpg", "samples/CAM_BACK_RIGHT/n015-2018-07-16-11-49-16+0800__CAM_BACK_RIGHT__1531713369277893.jpg"], "intrinsics": [[[1272.5979470598488, 0.0, 826.6154927353808], [0.0, 1272.5979470598488, 479.75165386361925], [0.0, 0.0, 1.0]], [[1266.417203046554, 0.0, 816.2670197447984], [0.0, 1266.417203046554, 491.50706579294757], [0.0, 0.0, 1.0]], [[1260.8474446004698, 0.0, 807.968244525554], [0.0, 1260.8474446004698, 495.3344268742088], [0.0, 0.0, 1.0]], [[1256.7414812095406, 0.0, 792.1125740759628], [0.0, 1256.7414812095406, 492.7757465151356], [0.0, 0.0, 1.0]], [[809.2209905677063, 0.0, 829.2196003259838], [0.0, 809.2209905677063, 481.77842384512485], [0.0, 0.0, 1.0]], [[1259.5137405846733, 0.0, 807.2529053838625], [0.0, 1259.5137405846733, 501.19579884916527], [0.0, 0.0, 1.0]]], "extrinsics": [[[0.8209678530693054, -0.5707858800888062, -0.014667781069874763, -0.8541259765625], [-0.030520731583237648, -0.01821703463792801, -0.9993681311607361, 1.5041732788085938], [0.5701580047607422, 0.8208967447280884, -0.032376404851675034, -1.20458984375], [0.0, 0.0, 0.0, 1.0]], [[0.006704625673592091, -0.999733567237854, 0.02208632044494152, 0.00664520263671875], [-0.035836316645145416, -0.022312846034765244, -0.9991085529327393, 1.5165786743164062], [0.9993351697921753, 0.0059071374125778675, -0.03597636893391609, -1.58154296875], [0.0, 0.0, 0.0, 1.0]], [[-0.8323445916175842, -0.5535486340522766, 0.02804199792444706, 0.96044921875], [-0.030238600447773933, -0.005166416056454182, -0.9995293021202087, 1.5010223388671875], [0.5534329414367676, -0.8328007459640503, -0.012438296340405941, -1.20013427734375], [0.0, 0.0, 0.0, 1.0]], [[0.9472811222076416, 0.31882116198539734, -0.031803034245967865, -1.138427734375], [-0.02144455723464489, -0.03594847023487091, -0.9991235136985779, 1.5884723663330078], [-0.3196849524974823, 0.94713294506073, -0.027216332033276558, -0.105010986328125], [0.0, 0.0, 0.0, 1.0]], [[0.0016776048578321934, 0.9996649026870728, -0.025832459330558777, 0.00261688232421875], [-0.046915944665670395, -0.02572537213563919, -0.998567521572113, 1.5777511596679688], [-0.9988973736763, 0.002887115115299821, 0.046857066452503204, -0.032470703125], [0.0, 0.0, 0.0, 1.0]], [[-0.9349360466003418, 0.35468167066574097, 0.009764720685780048, 1.076171875], [-0.014334852807223797, -0.010259813629090786, -0.9998446106910706, 1.5505409240722656], [-0.35452643036842346, -0.9349307417869568, 0.014676578342914581, -0.08599853515625], [0.0, 0.0, 0.0, 1.0]]], "view": [[0.0, -2.0, 100.0], [-2.0, 0.0, 100.0], [0.0, 0.0, 1.0]], "bev": "bev_79070dca796f4ffb868d84f1b067f9c2.png", "aux": "aux_79070dca796f4ffb868d84f1b067f9c2.npz", "visibility": "visibility_79070dca796f4ffb868d84f1b067f9c2.png", "pose": [[-0.3771350681781769, 0.9261582493782043, 0.0, 514.0049438476562], [-0.9261582493782043, -0.3771350681781769, 0.0, 1390.6514892578125], [0.0, 0.0, 1.0, 0.0], [0.0, 0.0, 0.0, 1.0]], "pose_inverse": [[-0.3771350681781769, -0.9261582493782043, 0.0, 1481.8126220703125], [0.9261582493782043, -0.3771350681781769, 0.0, 48.41350173950195], [0.0, 0.0, 1.0, 0.0], [0.0, 0.0, 0.0, 1.0]], "cam_ids": [0, 1, 2, 3, 4, 5], "cam_channels": ["CAM_FRONT_LEFT", "CAM_FRONT", "CAM_FRONT_RIGHT", "CAM_BACK_LEFT", "CAM_BACK", "CAM_BACK_RIGHT"], "token": "79070dca796f4ffb868d84f1b067f9c2", "scene": "scene-0221"}, {"images": ["samples/CAM_FRONT_LEFT/n015-2018-07-16-11-49-16+0800__CAM_FRONT_LEFT__1531713369854844.jpg", "samples/CAM_FRONT/n015-2018-07-16-11-49-16+0800__CAM_FRONT__1531713369862460.jpg", "samples/CAM_FRONT_RIGHT/n015-2018-07-16-11-49-16+0800__CAM_FRONT_RIGHT__1531713369870339.jpg", "samples/CAM_BACK_LEFT/n015-2018-07-16-11-49-16+0800__CAM_BACK_LEFT__1531713369897423.jpg", "samples/CAM_BACK/n015-2018-07-16-11-49-16+0800__CAM_BACK__1531713369887525.jpg", "samples/CAM_BACK_RIGHT/n015-2018-07-16-11-49-16+0800__CAM_BACK_RIGHT__1531713369877893.jpg"], "intrinsics": [[[1272.5979470598488, 0.0, 826.6154927353808], [0.0, 1272.5979470598488, 479.75165386361925], [0.0, 0.0, 1.0]], [[1266.417203046554, 0.0, 816.2670197447984], [0.0, 1266.417203046554, 491.50706579294757], [0.0, 0.0, 1.0]], [[1260.8474446004698, 0.0, 807.968244525554], [0.0, 1260.8474446004698, 495.3344268742088], [0.0, 0.0, 1.0]], [[1256.7414812095406, 0.0, 792.1125740759628], [0.0, 1256.7414812095406, 492.7757465151356], [0.0, 0.0, 1.0]], [[809.2209905677063, 0.0, 829.2196003259838], [0.0, 809.2209905677063, 481.77842384512485], [0.0, 0.0, 1.0]], [[1259.5137405846733, 0.0, 807.2529053838625], [0.0, 1259.5137405846733, 501.19579884916527], [0.0, 0.0, 1.0]]], "extrinsics": [[[0.8198238611221313, -0.5725358724594116, -0.009563351981341839, -0.845947265625], [-0.02847258932888508, -0.024078499525785446, -0.9993045330047607, 1.5041580200195312], [0.5719074010848999, 0.8195258975028992, -0.036041710525751114, -1.1983642578125], [0.0, 0.0, 0.0, 1.0]], [[0.005066025536507368, -0.9995965957641602, 0.027943721041083336, 0.0063800811767578125], [-0.033984504640102386, -0.028100041672587395, -0.9990272521972656, 1.5165290832519531], [0.9994094967842102, 0.004111455753445625, -0.03411315381526947, -1.573974609375], [0.0, 0.0, 0.0, 1.0]], [[-0.8330215215682983, -0.5524367690086365, 0.02981148660182953, 0.9561767578125], [-0.02858172543346882, -0.010839896276593208, -0.9995326399803162, 1.5010261535644531], [0.5525016784667969, -0.8334843516349792, -0.006759727373719215, -1.197509765625], [0.0, 0.0, 0.0, 1.0]], [[0.9472658634185791, 0.31878700852394104, -0.03259032592177391, -1.138427734375], [-0.020589757710695267, -0.040943026542663574, -0.9989492893218994, 1.5884723663330078], [-0.3197864294052124, 0.946941614151001, -0.03222018852829933, -0.104949951171875], [0.0, 0.0, 0.0, 1.0]], [[0.001998047810047865, 0.9995133280754089, -0.031130576506257057, 0.002651214599609375], [-0.045780569314956665, -0.031006569042801857, -0.9984702467918396, 1.5777511596679688], [-0.9989495277404785, 0.0034201983362436295, 0.045696333050727844, -0.0335693359375], [0.0, 0.0, 0.0, 1.0]], [[-0.9346983432769775, 0.35538309812545776, 0.006464281585067511, 1.074462890625], [-0.012916946783661842, -0.01578723080456257, -0.9997919201850891, 1.5506057739257812], [-0.35520705580711365, -0.9345874786376953, 0.01934676431119442, -0.086669921875], [0.0, 0.0, 0.0, 1.0]]], "view": [[0.0, -2.0, 100.0], [-2.0, 0.0, 100.0], [0.0, 0.0, 1.0]], "bev": "bev_41c07e6847da41409c03671b7d88453e.png", "aux": "aux_41c07e6847da41409c03671b7d88453e.npz", "visibility": "visibility_41c07e6847da41409c03671b7d88453e.png", "pose": [[-0.36781153082847595, 0.9299003481864929, 0.0, 513.2976684570312], [-0.9299003481864929, -0.36781153082847595, 0.0, 1388.913330078125], [0.0, 0.0, 1.0, 0.0], [0.0, 0.0, 0.0, 1.0]], "pose_inverse": [[-0.36781153082847595, -0.9299003481864929, 0.0, 1480.3477783203125], [0.9299003481864929, -0.36781153082847595, 0.0, 33.54267120361328], [0.0, 0.0, 1.0, 0.0], [0.0, 0.0, 0.0, 1.0]], "cam_ids": [0, 1, 2, 3, 4, 5], "cam_channels": ["CAM_FRONT_LEFT", "CAM_FRONT", "CAM_FRONT_RIGHT", "CAM_BACK_LEFT", "CAM_BACK", "CAM_BACK_RIGHT"], "token": "41c07e6847da41409c03671b7d88453e", "scene": "scene-0221"}, {"images": ["samples/CAM_FRONT_LEFT/n015-2018-07-16-11-49-16+0800__CAM_FRONT_LEFT__1531713370354844.jpg", "samples/CAM_FRONT/n015-2018-07-16-11-49-16+0800__CAM_FRONT__1531713370362460.jpg", "samples/CAM_FRONT_RIGHT/n015-2018-07-16-11-49-16+0800__CAM_FRONT_RIGHT__1531713370370339.jpg", "samples/CAM_BACK_LEFT/n015-2018-07-16-11-49-16+0800__CAM_BACK_LEFT__1531713370397423.jpg", "samples/CAM_BACK/n015-2018-07-16-11-49-16+0800__CAM_BACK__1531713370387525.jpg", "samples/CAM_BACK_RIGHT/n015-2018-07-16-11-49-16+0800__CAM_BACK_RIGHT__1531713370377893.jpg"], "intrinsics": [[[1272.5979470598488, 0.0, 826.6154927353808], [0.0, 1272.5979470598488, 479.75165386361925], [0.0, 0.0, 1.0]], [[1266.417203046554, 0.0, 816.2670197447984], [0.0, 1266.417203046554, 491.50706579294757], [0.0, 0.0, 1.0]], [[1260.8474446004698, 0.0, 807.968244525554], [0.0, 1260.8474446004698, 495.3344268742088], [0.0, 0.0, 1.0]], [[1256.7414812095406, 0.0, 792.1125740759628], [0.0, 1256.7414812095406, 492.7757465151356], [0.0, 0.0, 1.0]], [[809.2209905677063, 0.0, 829.2196003259838], [0.0, 809.2209905677063, 481.77842384512485], [0.0, 0.0, 1.0]], [[1259.5137405846733, 0.0, 807.2529053838625], [0.0, 1259.5137405846733, 501.19579884916527], [0.0, 0.0, 1.0]]], "extrinsics": [[[0.8194488286972046, -0.5731361508369446, -0.00430222088471055, -0.851318359375], [-0.03147237375378609, -0.03750057891011238, -0.9988008737564087, 1.5039558410644531], [0.5722875595092773, 0.8186016082763672, -0.04876776412129402, -1.2022705078125], [0.0, 0.0, 0.0, 1.0]], [[0.004686747677624226, -0.9991283416748047, 0.041480302810668945, 0.0065402984619140625], [-0.03681954741477966, -0.041625045239925385, -0.9984546899795532, 1.5163688659667969], [0.9993109107017517, 0.0031521788332611322, -0.03698254004120827, -1.5782470703125], [0.0, 0.0, 0.0, 1.0]], [[-0.8331136107444763, -0.5516865253448486, 0.03954131901264191, 0.9580078125], [-0.031220722943544388, -0.024470031261444092, -0.999212920665741, 1.5008697509765625], [0.5522198677062988, -0.8336924314498901, 0.00316226645372808, -1.1986083984375], [0.0, 0.0, 0.0, 1.0]], [[0.9470614790916443, 0.31870830059051514, -0.03872471675276756, -1.13720703125], [-0.022488385438919067, -0.054468411952257156, -0.9982622265815735, 1.5884380340576172], [-0.32026374340057373, 0.9462865591049194, -0.04441770166158676, -0.10546875], [0.0, 0.0, 0.0, 1.0]], [[0.0018044280586764216, 0.9989951848983765, -0.04478190466761589, 0.0026122331619262695], [-0.0479571595788002, -0.04464400187134743, -0.9978511929512024, 1.57763671875], [-0.9988477230072021, 0.003948189318180084, 0.04782841354608536, -0.0343017578125], [0.0, 0.0, 0.0, 1.0]], [[-0.9346163272857666, 0.3556364178657532, 0.003879416501149535, 1.07421875], [-0.015353440307080746, -0.02944665215909481, -0.9994484186172485, 1.5504493713378906], [-0.3553260564804077, -0.9341604113578796, 0.03298156335949898, -0.08660888671875], [0.0, 0.0, 0.0, 1.0]]], "view": [[0.0, -2.0, 100.0], [-2.0, 0.0, 100.0], [0.0, 0.0, 1.0]], "bev": "bev_c3ab533691c844f2910462bdc732879d.png", "aux": "aux_c3ab533691c844f2910462bdc732879d.npz", "visibility": "visibility_c3ab533691c844f2910462bdc732879d.png", "pose": [[-0.3461828827857971, 0.9381670355796814, 0.0, 512.71484375], [-0.9381670355796814, -0.3461828827857971, 0.0, 1387.4293212890625], [0.0, 0.0, 1.0, 0.0], [0.0, 0.0, 0.0, 1.0]], "pose_inverse": [[-0.3461828827857971, -0.9381670355796814, 0.0, 1479.133544921875], [0.9381670355796814, -0.3461828827857971, 0.0, -0.7078715562820435], [0.0, 0.0, 1.0, 0.0], [0.0, 0.0, 0.0, 1.0]], "cam_ids": [0, 1, 2, 3, 4, 5], "cam_channels": ["CAM_FRONT_LEFT", "CAM_FRONT", "CAM_FRONT_RIGHT", "CAM_BACK_LEFT", "CAM_BACK", "CAM_BACK_RIGHT"], "token": "c3ab533691c844f2910462bdc732879d", "scene": "scene-0221"}, {"images": ["samples/CAM_FRONT_LEFT/n015-2018-07-16-11-49-16+0800__CAM_FRONT_LEFT__1531713370854844.jpg", "samples/CAM_FRONT/n015-2018-07-16-11-49-16+0800__CAM_FRONT__1531713370862460.jpg", "samples/CAM_FRONT_RIGHT/n015-2018-07-16-11-49-16+0800__CAM_FRONT_RIGHT__1531713370870339.jpg", "samples/CAM_BACK_LEFT/n015-2018-07-16-11-49-16+0800__CAM_BACK_LEFT__1531713370897423.jpg", "samples/CAM_BACK/n015-2018-07-16-11-49-16+0800__CAM_BACK__1531713370887525.jpg", "samples/CAM_BACK_RIGHT/n015-2018-07-16-11-49-16+0800__CAM_BACK_RIGHT__1531713370877893.jpg"], "intrinsics": [[[1272.5979470598488, 0.0, 826.6154927353808], [0.0, 1272.5979470598488, 479.75165386361925], [0.0, 0.0, 1.0]], [[1266.417203046554, 0.0, 816.2670197447984], [0.0, 1266.417203046554, 491.50706579294757], [0.0, 0.0, 1.0]], [[1260.8474446004698, 0.0, 807.968244525554], [0.0, 1260.8474446004698, 495.3344268742088], [0.0, 0.0, 1.0]], [[1256.7414812095406, 0.0, 792.1125740759628], [0.0, 1256.7414812095406, 492.7757465151356], [0.0, 0.0, 1.0]], [[809.2209905677063, 0.0, 829.2196003259838], [0.0, 809.2209905677063, 481.77842384512485], [0.0, 0.0, 1.0]], [[1259.5137405846733, 0.0, 807.2529053838625], [0.0, 1259.5137405846733, 501.19579884916527], [0.0, 0.0, 1.0]]], "extrinsics": [[[0.8193920254707336, -0.5732303261756897, 0.0019050688715651631, -0.8455810546875], [-0.025394652038812637, -0.0396195650100708, -0.998892068862915, 1.504638671875], [0.5726706981658936, 0.8184358477592468, -0.047020938247442245, -1.19879150390625], [0.0, 0.0, 0.0, 1.0]], [[0.004438375122845173, -0.9990214705467224, 0.04400448873639107, 0.00695037841796875], [-0.030658435076475143, -0.0441201850771904, -0.9985557198524475, 1.5169601440429688], [0.9995200037956238, 0.003082843031734228, -0.03082425519824028, -1.573486328125], [0.0, 0.0, 0.0, 1.0]], [[-0.8332895636558533, -0.5516660809516907, 0.03595682978630066, 0.9552001953125], [-0.02498011477291584, -0.027401408180594444, -0.9993122816085815, 1.5013313293457031], [0.5522720217704773, -0.8336147665977478, 0.009052623063325882, -1.1962890625], [0.0, 0.0, 0.0, 1.0]], [[0.9472095966339111, 0.31877630949020386, -0.03428742662072182, -1.1358642578125], [-0.016198743134737015, -0.05922376736998558, -0.9981132745742798, 1.588449478149414], [-0.3202054500579834, 0.9459779262542725, -0.05093354731798172, -0.1058349609375], [0.0, 0.0, 0.0, 1.0]], [[0.0018719718791544437, 0.9988064169883728, -0.048808421939611435, 0.002532958984375], [-0.04166432097554207, -0.048688217997550964, -0.9979446530342102, 1.5777816772460938], [-0.9991298913955688, 0.0039017328526824713, 0.041523441672325134, -0.036376953125], [0.0, 0.0, 0.0, 1.0]], [[-0.9346889853477478, 0.3554522395133972, -0.003198350314050913, 1.0712890625], [-0.009076029062271118, -0.03285885229706764, -0.9994187951087952, 1.5508480072021484], [-0.3553508520126343, -0.9341167211532593, 0.033938903361558914, -0.087493896484375], [0.0, 0.0, 0.0, 1.0]]], "view": [[0.0, -2.0, 100.0], [-2.0, 0.0, 100.0], [0.0, 0.0, 1.0]], "bev": "bev_5a54a45e59ad48cab7213ff7d1828f3c.png", "aux": "aux_5a54a45e59ad48cab7213ff7d1828f3c.npz", "visibility": "visibility_5a54a45e59ad48cab7213ff7d1828f3c.png", "pose": [[-0.31105998158454895, 0.9503902792930603, 0.0, 512.1834716796875], [-0.9503902792930603, -0.31105998158454895, 0.0, 1385.923095703125], [0.0, 0.0, 1.0, 0.0], [0.0, 0.0, 0.0, 1.0]], "pose_inverse": [[-0.31105998158454895, -0.9503902792930603, 0.0, 1476.4876708984375], [0.9503902792930603, -0.31105998158454895, 0.0, -55.66899871826172], [0.0, 0.0, 1.0, 0.0], [0.0, 0.0, 0.0, 1.0]], "cam_ids": [0, 1, 2, 3, 4, 5], "cam_channels": ["CAM_FRONT_LEFT", "CAM_FRONT", "CAM_FRONT_RIGHT", "CAM_BACK_LEFT", "CAM_BACK", "CAM_BACK_RIGHT"], "token": "5a54a45e59ad48cab7213ff7d1828f3c", "scene": "scene-0221"}, {"images": ["samples/CAM_FRONT_LEFT/n015-2018-07-16-11-49-16+0800__CAM_FRONT_LEFT__1531713371354844.jpg", "samples/CAM_FRONT/n015-2018-07-16-11-49-16+0800__CAM_FRONT__1531713371362460.jpg", "samples/CAM_FRONT_RIGHT/n015-2018-07-16-11-49-16+0800__CAM_FRONT_RIGHT__1531713371370339.jpg", "samples/CAM_BACK_LEFT/n015-2018-07-16-11-49-16+0800__CAM_BACK_LEFT__1531713371397423.jpg", "samples/CAM_BACK/n015-2018-07-16-11-49-16+0800__CAM_BACK__1531713371387525.jpg", "samples/CAM_BACK_RIGHT/n015-2018-07-16-11-49-16+0800__CAM_BACK_RIGHT__1531713371377893.jpg"], "intrinsics": [[[1272.5979470598488, 0.0, 826.6154927353808], [0.0, 1272.5979470598488, 479.75165386361925], [0.0, 0.0, 1.0]], [[1266.417203046554, 0.0, 816.2670197447984], [0.0, 1266.417203046554, 491.50706579294757], [0.0, 0.0, 1.0]], [[1260.8474446004698, 0.0, 807.968244525554], [0.0, 1260.8474446004698, 495.3344268742088], [0.0, 0.0, 1.0]], [[1256.7414812095406, 0.0, 792.1125740759628], [0.0, 1256.7414812095406, 492.7757465151356], [0.0, 0.0, 1.0]], [[809.2209905677063, 0.0, 829.2196003259838], [0.0, 809.2209905677063, 481.77842384512485], [0.0, 0.0, 1.0]], [[1259.5137405846733, 0.0, 807.2529053838625], [0.0, 1259.5137405846733, 501.19579884916527], [0.0, 0.0, 1.0]]], "extrinsics": [[[0.8188256621360779, -0.5739777088165283, 0.008610356599092484, -0.846435546875], [-0.01941775344312191, -0.04268569499254227, -0.9988998770713806, 1.5055084228515625], [0.5737137794494629, 0.8177575469017029, -0.04609750211238861, -1.19866943359375], [0.0, 0.0, 0.0, 1.0]], [[0.0033654007129371166, -0.99892258644104, 0.04628456011414528, 0.00662994384765625], [-0.024649042636156082, -0.04635363072156906, -0.9986209273338318, 1.51763916015625], [0.9996904134750366, 0.002219873247668147, -0.024778487160801888, -1.5728759765625], [0.0, 0.0, 0.0, 1.0]], [[-0.8338522911071777, -0.5510796308517456, 0.03164704889059067, 0.9542236328125], [-0.0189145989716053, -0.02877315692603588, -0.9994069933891296, 1.5018863677978516], [0.5516633987426758, -0.8339563608169556, 0.013569114729762077, -1.196044921875], [0.0, 0.0, 0.0, 1.0]], [[0.9474278092384338, 0.31874436140060425, -0.027975330129265785, -1.134521484375], [-0.010055559687316418, -0.057727593928575516, -0.998281717300415, 1.58848237991333], [-0.31981161236763, 0.9460811018943787, -0.051487576216459274, -0.1063232421875], [0.0, 0.0, 0.0, 1.0]], [[0.0024644043296575546, 0.9988282322883606, -0.04833367094397545, 0.00254058837890625], [-0.03553465008735657, -0.048215825110673904, -0.9982046484947205, 1.5779685974121094], [-0.9993653893470764, 0.0041774846613407135, 0.03537419065833092, -0.0377197265625], [0.0, 0.0, 0.0, 1.0]], [[-0.9344736337661743, 0.35591521859169006, -0.009128566831350327, 1.0704345703125], [-0.0029682861641049385, -0.03342708572745323, -0.9994367361068726, 1.5512611865997314], [-0.35601991415023804, -0.93392014503479, 0.03229319304227829, -0.088104248046875], [0.0, 0.0, 0.0, 1.0]]], "view": [[0.0, -2.0, 100.0], [-2.0, 0.0, 100.0], [0.0, 0.0, 1.0]], "bev": "bev_daeec5222fb346f99addae0db196eb1e.png", "aux": "aux_daeec5222fb346f99addae0db196eb1e.npz", "visibility": "visibility_daeec5222fb346f99addae0db196eb1e.png", "pose": [[-0.2714180648326874, 0.962461531162262, 0.0, 511.7030334472656], [-0.962461531162262, -0.2714180648326874, 0.0, 1384.3863525390625], [0.0, 0.0, 1.0, 0.0], [0.0, 0.0, 0.0, 1.0]], "pose_inverse": [[-0.2714180648326874, -0.962461531162262, 0.0, 1471.3040771484375], [0.962461531162262, -0.2714180648326874, 0.0, -116.74700927734375], [0.0, 0.0, 1.0, 0.0], [0.0, 0.0, 0.0, 1.0]], "cam_ids": [0, 1, 2, 3, 4, 5], "cam_channels": ["CAM_FRONT_LEFT", "CAM_FRONT", "CAM_FRONT_RIGHT", "CAM_BACK_LEFT", "CAM_BACK", "CAM_BACK_RIGHT"], "token": "daeec5222fb346f99addae0db196eb1e", "scene": "scene-0221"}, {"images": ["samples/CAM_FRONT_LEFT/n015-2018-07-16-11-49-16+0800__CAM_FRONT_LEFT__1531713371854844.jpg", "samples/CAM_FRONT/n015-2018-07-16-11-49-16+0800__CAM_FRONT__1531713371862460.jpg", "samples/CAM_FRONT_RIGHT/n015-2018-07-16-11-49-16+0800__CAM_FRONT_RIGHT__1531713371870339.jpg", "samples/CAM_BACK_LEFT/n015-2018-07-16-11-49-16+0800__CAM_BACK_LEFT__1531713371897423.jpg", "samples/CAM_BACK/n015-2018-07-16-11-49-16+0800__CAM_BACK__1531713371887525.jpg", "samples/CAM_BACK_RIGHT/n015-2018-07-16-11-49-16+0800__CAM_BACK_RIGHT__1531713371877893.jpg"], "intrinsics": [[[1272.5979470598488, 0.0, 826.6154927353808], [0.0, 1272.5979470598488, 479.75165386361925], [0.0, 0.0, 1.0]], [[1266.417203046554, 0.0, 816.2670197447984], [0.0, 1266.417203046554, 491.50706579294757], [0.0, 0.0, 1.0]], [[1260.8474446004698, 0.0, 807.968244525554], [0.0, 1260.8474446004698, 495.3344268742088], [0.0, 0.0, 1.0]], [[1256.7414812095406, 0.0, 792.1125740759628], [0.0, 1256.7414812095406, 492.7757465151356], [0.0, 0.0, 1.0]], [[809.2209905677063, 0.0, 829.2196003259838], [0.0, 809.2209905677063, 481.77842384512485], [0.0, 0.0, 1.0]], [[1259.5137405846733, 0.0, 807.2529053838625], [0.0, 1259.5137405846733, 501.19579884916527], [0.0, 0.0, 1.0]]], "extrinsics": [[[0.8182592391967773, -0.5748195648193359, 0.005855544935911894, -0.846923828125], [-0.02151814103126526, -0.04080711305141449, -0.9989352822303772, 1.5052299499511719], [0.5744464993476868, 0.8172619938850403, -0.04575984552502632, -1.19915771484375], [0.0, 0.0, 0.0, 1.0]], [[0.00258676428347826, -0.9989804625511169, 0.04506852850317955, 0.006561279296875], [-0.026800241321325302, -0.04512174800038338, -0.9986220002174377, 1.517404556274414], [0.9996374249458313, 0.0013753328239545226, -0.026889635249972343, -1.5733642578125], [0.0, 0.0, 0.0, 1.0]], [[-0.8341740369796753, -0.5505029559135437, 0.03316570818424225, 0.9547119140625], [-0.021105743944644928, -0.028227340430021286, -0.9993786215782166, 1.5016956329345703], [0.5510971546173096, -0.8343558311462402, 0.011927742511034012, -1.1962890625], [0.0, 0.0, 0.0, 1.0]], [[0.9473645687103271, 0.31866809725761414, -0.030837297439575195, -1.13525390625], [-0.012495012953877449, -0.05944434180855751, -0.9981533885002136, 1.5884666442871094], [-0.31991273164749146, 0.9460005760192871, -0.052333712577819824, -0.10614013671875], [0.0, 0.0, 0.0, 1.0]], [[0.0026457069907337427, 0.9987834692001343, -0.04924009367823601, 0.002532958984375], [-0.03787092864513397, -0.04910486564040184, -0.9980754256248474, 1.5778999328613281], [-0.9992791414260864, 0.004505382385104895, 0.03769494220614433, -0.037109375], [0.0, 0.0, 0.0, 1.0]], [[-0.9342940449714661, 0.35643309354782104, -0.007068230304867029, 1.0709228515625], [-0.00523053202778101, -0.03352949023246765, -0.9994240403175354, 1.5511049032211304], [-0.3564647138118744, -0.9337190985679626, 0.033190738409757614, -0.087921142578125], [0.0, 0.0, 0.0, 1.0]]], "view": [[0.0, -2.0, 100.0], [-2.0, 0.0, 100.0], [0.0, 0.0, 1.0]], "bev": "bev_8e21bcb6b7304ee3ba342c9c3f2c0226.png", "aux": "aux_8e21bcb6b7304ee3ba342c9c3f2c0226.npz", "visibility": "visibility_8e21bcb6b7304ee3ba342c9c3f2c0226.png", "pose": [[-0.21982169151306152, 0.975540041923523, 0.0, 511.3232727050781], [-0.975540041923523, -0.21982169151306152, 0.0, 1382.89599609375], [0.0, 0.0, 1.0, 0.0], [0.0, 0.0, 0.0, 1.0]], "pose_inverse": [[-0.21982169151306152, -0.975540041923523, 0.0, 1461.470458984375], [0.975540041923523, -0.21982169151306152, 0.0, -194.8258056640625], [0.0, 0.0, 1.0, 0.0], [0.0, 0.0, 0.0, 1.0]], "cam_ids": [0, 1, 2, 3, 4, 5], "cam_channels": ["CAM_FRONT_LEFT", "CAM_FRONT", "CAM_FRONT_RIGHT", "CAM_BACK_LEFT", "CAM_BACK", "CAM_BACK_RIGHT"], "token": "8e21bcb6b7304ee3ba342c9c3f2c0226", "scene": "scene-0221"}, {"images": ["samples/CAM_FRONT_LEFT/n015-2018-07-16-11-49-16+0800__CAM_FRONT_LEFT__1531713372354844.jpg", "samples/CAM_FRONT/n015-2018-07-16-11-49-16+0800__CAM_FRONT__1531713372362460.jpg", "samples/CAM_FRONT_RIGHT/n015-2018-07-16-11-49-16+0800__CAM_FRONT_RIGHT__1531713372370339.jpg", "samples/CAM_BACK_LEFT/n015-2018-07-16-11-49-16+0800__CAM_BACK_LEFT__1531713372397423.jpg", "samples/CAM_BACK/n015-2018-07-16-11-49-16+0800__CAM_BACK__1531713372387525.jpg", "samples/CAM_BACK_RIGHT/n015-2018-07-16-11-49-16+0800__CAM_BACK_RIGHT__1531713372377893.jpg"], "intrinsics": [[[1272.5979470598488, 0.0, 826.6154927353808], [0.0, 1272.5979470598488, 479.75165386361925], [0.0, 0.0, 1.0]], [[1266.417203046554, 0.0, 816.2670197447984], [0.0, 1266.417203046554, 491.50706579294757], [0.0, 0.0, 1.0]], [[1260.8474446004698, 0.0, 807.968244525554], [0.0, 1260.8474446004698, 495.3344268742088], [0.0, 0.0, 1.0]], [[1256.7414812095406, 0.0, 792.1125740759628], [0.0, 1256.7414812095406, 492.7757465151356], [0.0, 0.0, 1.0]], [[809.2209905677063, 0.0, 829.2196003259838], [0.0, 809.2209905677063, 481.77842384512485], [0.0, 0.0, 1.0]], [[1259.5137405846733, 0.0, 807.2529053838625], [0.0, 1259.5137405846733, 501.19579884916527], [0.0, 0.0, 1.0]]], "extrinsics": [[[0.816579282283783, -0.5771887898445129, 0.00716656306758523, -0.85791015625], [-0.017432700842618942, -0.03706885874271393, -0.999160647392273, 1.5059232711791992], [0.5769699215888977, 0.8157689571380615, -0.04033162072300911, -1.20361328125], [0.0, 0.0, 0.0, 1.0]], [[1.6739983038860373e-05, -0.9991533160209656, 0.04114106670022011, 0.00439453125], [-0.022497637197375298, -0.04113102704286575, -0.9989004731178284, 1.5180473327636719], [0.9997468590736389, -0.0009088490623980761, -0.022479277104139328, -1.5830078125], [0.0, 0.0, 0.0, 1.0]], [[-0.8353474140167236, -0.5490583777427673, 0.02700921706855297, 0.960205078125], [-0.016540709882974625, -0.024005640298128128, -0.9995749592781067, 1.5022096633911133], [0.5494733452796936, -0.8354392051696777, 0.010971235111355782, -1.201904296875], [0.0, 0.0, 0.0, 1.0]], [[0.9475934505462646, 0.31856775283813477, -0.024109000340104103, -1.1361083984375], [-0.007118466775864363, -0.05439120903611183, -0.9984943270683289, 1.5885071754455566], [-0.3193994164466858, 0.9463382363319397, -0.0492730438709259, -0.10577392578125], [0.0, 0.0, 0.0, 1.0]], [[0.003718252293765545, 0.9990023970603943, -0.044502269476652145, 0.003204345703125], [-0.032829735428094864, -0.044356636703014374, -0.9984762072563171, 1.5781784057617188], [-0.9994540214538574, 0.005173603538423777, 0.03263205289840698, -0.03369140625], [0.0, 0.0, 0.0, 1.0]], [[-0.9337522983551025, 0.3577805757522583, -0.009987261146306992, 1.0767822265625], [-0.00045862619299441576, -0.029099609702825546, -0.9995763897895813, 1.5514039993286133], [-0.35791969299316406, -0.9333522319793701, 0.027335913851857185, -0.08685302734375], [0.0, 0.0, 0.0, 1.0]]], "view": [[0.0, -2.0, 100.0], [-2.0, 0.0, 100.0], [0.0, 0.0, 1.0]], "bev": "bev_cecb41d3a0b243c3b0d37a269ce855ad.png", "aux": "aux_cecb41d3a0b243c3b0d37a269ce855ad.npz", "visibility": "visibility_cecb41d3a0b243c3b0d37a269ce855ad.png", "pose": [[-0.14607520401477814, 0.9892734885215759, 0.0, 511.05755615234375], [-0.9892734885215759, -0.14607520401477814, 0.0, 1381.4691162109375], [0.0, 0.0, 1.0, 0.0], [0.0, 0.0, 0.0, 1.0]], "pose_inverse": [[-0.14607520401477814, -0.9892734885215759, 0.0, 1441.3035888671875], [0.9892734885215759, -0.14607520401477814, 0.0, -303.7773132324219], [0.0, 0.0, 1.0, 0.0], [0.0, 0.0, 0.0, 1.0]], "cam_ids": [0, 1, 2, 3, 4, 5], "cam_channels": ["CAM_FRONT_LEFT", "CAM_FRONT", "CAM_FRONT_RIGHT", "CAM_BACK_LEFT", "CAM_BACK", "CAM_BACK_RIGHT"], "token": "cecb41d3a0b243c3b0d37a269ce855ad", "scene": "scene-0221"}, {"images": ["samples/CAM_FRONT_LEFT/n015-2018-07-16-11-49-16+0800__CAM_FRONT_LEFT__1531713372854844.jpg", "samples/CAM_FRONT/n015-2018-07-16-11-49-16+0800__CAM_FRONT__1531713372862460.jpg", "samples/CAM_FRONT_RIGHT/n015-2018-07-16-11-49-16+0800__CAM_FRONT_RIGHT__1531713372870339.jpg", "samples/CAM_BACK_LEFT/n015-2018-07-16-11-49-16+0800__CAM_BACK_LEFT__1531713372897423.jpg", "samples/CAM_BACK/n015-2018-07-16-11-49-16+0800__CAM_BACK__1531713372887525.jpg", "samples/CAM_BACK_RIGHT/n015-2018-07-16-11-49-16+0800__CAM_BACK_RIGHT__1531713372877938.jpg"], "intrinsics": [[[1272.5979470598488, 0.0, 826.6154927353808], [0.0, 1272.5979470598488, 479.75165386361925], [0.0, 0.0, 1.0]], [[1266.417203046554, 0.0, 816.2670197447984], [0.0, 1266.417203046554, 491.50706579294757], [0.0, 0.0, 1.0]], [[1260.8474446004698, 0.0, 807.968244525554], [0.0, 1260.8474446004698, 495.3344268742088], [0.0, 0.0, 1.0]], [[1256.7414812095406, 0.0, 792.1125740759628], [0.0, 1256.7414812095406, 492.7757465151356], [0.0, 0.0, 1.0]], [[809.2209905677063, 0.0, 829.2196003259838], [0.0, 809.2209905677063, 481.77842384512485], [0.0, 0.0, 1.0]], [[1259.5137405846733, 0.0, 807.2529053838625], [0.0, 1259.5137405846733, 501.19579884916527], [0.0, 0.0, 1.0]]], "extrinsics": [[[0.8169686198234558, -0.5766225457191467, 0.008298915810883045, -0.87744140625], [-0.011701663956046104, -0.030963512137532234, -0.9994520545005798, 1.5069639682769775], [0.5765634775161743, 0.8164238333702087, -0.032043661922216415, -1.217437744140625], [0.0, 0.0, 0.0, 1.0]], [[0.0004028007388114929, -0.9993908405303955, 0.03489704057574272, 0.004486083984375], [-0.016940096393227577, -0.03489886224269867, -0.9992473125457764, 1.5189995765686035], [0.9998564124107361, -0.00018865348829422146, -0.016943832859396935, -1.60302734375], [0.0, 0.0, 0.0, 1.0]], [[-0.8352388739585876, -0.5495582222938538, 0.019021010026335716, 0.97357177734375], [-0.011170650832355022, -0.01762634888291359, -0.9997822046279907, 1.502852439880371], [0.5497738122940063, -0.8352693915367126, 0.008583290502429008, -1.2105712890625], [0.0, 0.0, 0.0, 1.0]], [[0.947719931602478, 0.3186225891113281, -0.017509644851088524, -1.1373291015625], [-0.0024323156103491783, -0.047656841576099396, -0.9988608360290527, 1.5885429382324219], [-0.31909406185150146, 0.9466829895973206, -0.04439034312963486, -0.105224609375], [0.0, 0.0, 0.0, 1.0]], [[0.003835954936221242, 0.9992772936820984, -0.03781905770301819, 0.0030517578125], [-0.02789469063282013, -0.0376976914703846, -0.9988998174667358, 1.57855224609375], [-0.9996035695075989, 0.004886689130216837, 0.02772992104291916, -0.0267333984375], [0.0, 0.0, 0.0, 1.0]], [[-0.9337888360023499, 0.35760658979415894, -0.012490715831518173, 1.0882568359375], [0.004723274149000645, -0.022585861384868622, -0.9997337460517883, 1.5516834259033203], [-0.3577934801578522, -0.9335992336273193, 0.019401349127292633, -0.08238983154296875], [0.0, 0.0, 0.0, 1.0]]], "view": [[0.0, -2.0, 100.0], [-2.0, 0.0, 100.0], [0.0, 0.0, 1.0]], "bev": "bev_04828388a55741479c3698cdf6aa2e6c.png", "aux": "aux_04828388a55741479c3698cdf6aa2e6c.npz", "visibility": "visibility_04828388a55741479c3698cdf6aa2e6c.png", "pose": [[-0.06544417142868042, 0.9978562593460083, 0.0, 510.9318542480469], [-0.9978562593460083, -0.06544417142868042, 0.0, 1380.242919921875], [0.0, 0.0, 1.0, 0.0], [0.0, 0.0, 0.0, 1.0]], "pose_inverse": [[-0.06544417142868042, -0.9978562593460083, 0.0, 1410.7215576171875], [0.9978562593460083, -0.06544417142868042, 0.0, -419.5076904296875], [0.0, 0.0, 1.0, 0.0], [0.0, 0.0, 0.0, 1.0]], "cam_ids": [0, 1, 2, 3, 4, 5], "cam_channels": ["CAM_FRONT_LEFT", "CAM_FRONT", "CAM_FRONT_RIGHT", "CAM_BACK_LEFT", "CAM_BACK", "CAM_BACK_RIGHT"], "token": "04828388a55741479c3698cdf6aa2e6c", "scene": "scene-0221"}, {"images": ["samples/CAM_FRONT_LEFT/n015-2018-07-16-11-49-16+0800__CAM_FRONT_LEFT__1531713373404844.jpg", "samples/CAM_FRONT/n015-2018-07-16-11-49-16+0800__CAM_FRONT__1531713373412460.jpg", "samples/CAM_FRONT_RIGHT/n015-2018-07-16-11-49-16+0800__CAM_FRONT_RIGHT__1531713373420339.jpg", "samples/CAM_BACK_LEFT/n015-2018-07-16-11-49-16+0800__CAM_BACK_LEFT__1531713373447423.jpg", "samples/CAM_BACK/n015-2018-07-16-11-49-16+0800__CAM_BACK__1531713373437525.jpg", "samples/CAM_BACK_RIGHT/n015-2018-07-16-11-49-16+0800__CAM_BACK_RIGHT__1531713373427893.jpg"], "intrinsics": [[[1272.5979470598488, 0.0, 826.6154927353808], [0.0, 1272.5979470598488, 479.75165386361925], [0.0, 0.0, 1.0]], [[1266.417203046554, 0.0, 816.2670197447984], [0.0, 1266.417203046554, 491.50706579294757], [0.0, 0.0, 1.0]], [[1260.8474446004698, 0.0, 807.968244525554], [0.0, 1260.8474446004698, 495.3344268742088], [0.0, 0.0, 1.0]], [[1256.7414812095406, 0.0, 792.1125740759628], [0.0, 1256.7414812095406, 492.7757465151356], [0.0, 0.0, 1.0]], [[809.2209905677063, 0.0, 829.2196003259838], [0.0, 809.2209905677063, 481.77842384512485], [0.0, 0.0, 1.0]], [[1259.5137405846733, 0.0, 807.2529053838625], [0.0, 1259.5137405846733, 501.19579884916527], [0.0, 0.0, 1.0]]], "extrinsics": [[[0.8168988823890686, -0.5766317248344421, 0.013118984177708626, -0.8973388671875], [-0.008485455997288227, -0.034757617861032486, -0.9993597269058228, 1.5075740814208984], [0.5767185091972351, 0.8162645101547241, -0.0332864373922348, -1.233184814453125], [0.0, 0.0, 0.0, 1.0]], [[0.00022890805848874152, -0.9992479681968689, 0.03877433016896248, 0.0057373046875], [-0.013652595691382885, -0.03877384215593338, -0.9991547465324402, 1.519622802734375], [0.9999067187309265, -0.0003006545885000378, -0.01365120429545641, -1.6236572265625], [0.0, 0.0, 0.0, 1.0]], [[-0.8353155255317688, -0.5494635105133057, 0.01837739907205105, 0.98736572265625], [-0.00779237225651741, -0.02159099653363228, -0.999736487865448, 1.5032378435134888], [0.5497154593467712, -0.8352385759353638, 0.013753673061728477, -1.2178955078125], [0.0, 0.0, 0.0, 1.0]], [[0.9477240443229675, 0.31873080134391785, -0.015159382484853268, -1.1390380859375], [0.001437729923054576, -0.051772866398096085, -0.9986578226089478, 1.5886211395263672], [-0.31908780336380005, 0.9464302659034729, -0.049524642527103424, -0.10601806640625], [0.0, 0.0, 0.0, 1.0]], [[0.004003691021353006, 0.9991136789321899, -0.04190213978290558, 0.002197265625], [-0.024227144196629524, -0.04179326444864273, -0.9988325238227844, 1.578836441040039], [-0.9996984601020813, 0.005014186725020409, 0.024038340896368027, -0.0211181640625], [0.0, 0.0, 0.0, 1.0]], [[-0.93373042345047, 0.35756340622901917, -0.017199277877807617, 1.097900390625], [0.008223864249885082, -0.026607129722833633, -0.9996121525764465, 1.5518074035644531], [-0.3578823208808899, -0.9335097670555115, 0.02190333418548107, -0.07726478576660156], [0.0, 0.0, 0.0, 1.0]]], "view": [[0.0, -2.0, 100.0], [-2.0, 0.0, 100.0], [0.0, 0.0, 1.0]], "bev": "bev_16b5e2757a4647ed97cd9f54f0c42e1c.png", "aux": "aux_16b5e2757a4647ed97cd9f54f0c42e1c.npz", "visibility": "visibility_16b5e2757a4647ed97cd9f54f0c42e1c.png", "pose": [[0.023569490760564804, 0.9997221827507019, 0.0, 510.9147033691406], [-0.9997221827507019, 0.023569490760564804, 0.0, 1379.0244140625], [0.0, 0.0, 1.0, 0.0], [0.0, 0.0, 0.0, 1.0]], "pose_inverse": [[0.023569490760564804, -0.9997221827507019, 0.0, 1366.599365234375], [0.9997221827507019, 0.023569490760564804, 0.0, -543.2756958007812], [0.0, 0.0, 1.0, 0.0], [0.0, 0.0, 0.0, 1.0]], "cam_ids": [0, 1, 2, 3, 4, 5], "cam_channels": ["CAM_FRONT_LEFT", "CAM_FRONT", "CAM_FRONT_RIGHT", "CAM_BACK_LEFT", "CAM_BACK", "CAM_BACK_RIGHT"], "token": "16b5e2757a4647ed97cd9f54f0c42e1c", "scene": "scene-0221"}, {"images": ["samples/CAM_FRONT_LEFT/n015-2018-07-16-11-49-16+0800__CAM_FRONT_LEFT__1531713373904844.jpg", "samples/CAM_FRONT/n015-2018-07-16-11-49-16+0800__CAM_FRONT__1531713373912460.jpg", "samples/CAM_FRONT_RIGHT/n015-2018-07-16-11-49-16+0800__CAM_FRONT_RIGHT__1531713373920339.jpg", "samples/CAM_BACK_LEFT/n015-2018-07-16-11-49-16+0800__CAM_BACK_LEFT__1531713373947423.jpg", "samples/CAM_BACK/n015-2018-07-16-11-49-16+0800__CAM_BACK__1531713373937525.jpg", "samples/CAM_BACK_RIGHT/n015-2018-07-16-11-49-16+0800__CAM_BACK_RIGHT__1531713373927893.jpg"], "intrinsics": [[[1272.5979470598488, 0.0, 826.6154927353808], [0.0, 1272.5979470598488, 479.75165386361925], [0.0, 0.0, 1.0]], [[1266.417203046554, 0.0, 816.2670197447984], [0.0, 1266.417203046554, 491.50706579294757], [0.0, 0.0, 1.0]], [[1260.8474446004698, 0.0, 807.968244525554], [0.0, 1260.8474446004698, 495.3344268742088], [0.0, 0.0, 1.0]], [[1256.7414812095406, 0.0, 792.1125740759628], [0.0, 1256.7414812095406, 492.7757465151356], [0.0, 0.0, 1.0]], [[809.2209905677063, 0.0, 829.2196003259838], [0.0, 809.2209905677063, 481.77842384512485], [0.0, 0.0, 1.0]], [[1259.5137405846733, 0.0, 807.2529053838625], [0.0, 1259.5137405846733, 501.19579884916527], [0.0, 0.0, 1.0]]], "extrinsics": [[[0.8171350359916687, -0.5762386322021484, 0.015469837002456188, -0.8974609375], [-0.004709721077233553, -0.03350948169827461, -0.999427318572998, 1.5078544616699219], [0.5764269828796387, 0.8165943026542664, -0.030095692723989487, -1.232421875], [0.0, 0.0, 0.0, 1.0]], [[0.0005469219177030027, -0.9992964863777161, 0.03750060871243477, 0.00506591796875], [-0.010111963376402855, -0.037504225969314575, -0.9992453455924988, 1.519841194152832], [0.9999487400054932, 0.00016729696653783321, -0.010125360451638699, -1.6239013671875], [0.0, 0.0, 0.0, 1.0]], [[-0.8351598978042603, -0.5498046875, 0.014920453540980816, 0.9873046875], [-0.00450175954028964, -0.020293641835451126, -0.9997838735580444, 1.503401279449463], [0.5499887466430664, -0.8350465893745422, 0.01447334699332714, -1.218994140625], [0.0, 0.0, 0.0, 1.0]], [[0.9477876424789429, 0.3186609148979187, -0.01239934004843235, -1.1383056640625], [0.0038802758790552616, -0.05040206015110016, -0.9987214207649231, 1.5885963439941406], [-0.3188784122467041, 0.9465277791023254, -0.04900694265961647, -0.1055908203125], [0.0, 0.0, 0.0, 1.0]], [[0.003982791677117348, 0.9991699457168579, -0.04054280370473862, 0.002685546875], [-0.021482126787304878, -0.04044828191399574, -0.9989506602287292, 1.5788847208023071], [-0.9997612833976746, 0.004849548451602459, 0.021303193643689156, -0.0206298828125], [0.0, 0.0, 0.0, 1.0]], [[-0.9337723851203918, 0.3573327958583832, -0.019559433683753014, 1.0986328125], [0.011268670670688152, -0.025269366800785065, -0.9996172189712524, 1.551910400390625], [-0.3576902449131012, -0.9336352348327637, 0.019569171592593193, -0.0778045654296875], [0.0, 0.0, 0.0, 1.0]]], "view": [[0.0, -2.0, 100.0], [-2.0, 0.0, 100.0], [0.0, 0.0, 1.0]], "bev": "bev_99ca4527b7a24d039d2465b46ed0a543.png", "aux": "aux_99ca4527b7a24d039d2465b46ed0a543.npz", "visibility": "visibility_99ca4527b7a24d039d2465b46ed0a543.png", "pose": [[0.10299160331487656, 0.994682252407074, 0.0, 510.990234375], [-0.994682252407074, 0.10299160331487656, 0.0, 1378.04736328125], [0.0, 0.0, 1.0, 0.0], [0.0, 0.0, 0.0, 1.0]], "pose_inverse": [[0.10299160331487656, -0.994682252407074, 0.0, 1318.091552734375], [0.994682252407074, 0.10299160331487656, 0.0, -650.2001953125], [0.0, 0.0, 1.0, 0.0], [0.0, 0.0, 0.0, 1.0]], "cam_ids": [0, 1, 2, 3, 4, 5], "cam_channels": ["CAM_FRONT_LEFT", "CAM_FRONT", "CAM_FRONT_RIGHT", "CAM_BACK_LEFT", "CAM_BACK", "CAM_BACK_RIGHT"], "token": "99ca4527b7a24d039d2465b46ed0a543", "scene": "scene-0221"}, {"images": ["samples/CAM_FRONT_LEFT/n015-2018-07-16-11-49-16+0800__CAM_FRONT_LEFT__1531713374404844.jpg", "samples/CAM_FRONT/n015-2018-07-16-11-49-16+0800__CAM_FRONT__1531713374412460.jpg", "samples/CAM_FRONT_RIGHT/n015-2018-07-16-11-49-16+0800__CAM_FRONT_RIGHT__1531713374420339.jpg", "samples/CAM_BACK_LEFT/n015-2018-07-16-11-49-16+0800__CAM_BACK_LEFT__1531713374447426.jpg", "samples/CAM_BACK/n015-2018-07-16-11-49-16+0800__CAM_BACK__1531713374437525.jpg", "samples/CAM_BACK_RIGHT/n015-2018-07-16-11-49-16+0800__CAM_BACK_RIGHT__1531713374427893.jpg"], "intrinsics": [[[1272.5979470598488, 0.0, 826.6154927353808], [0.0, 1272.5979470598488, 479.75165386361925], [0.0, 0.0, 1.0]], [[1266.417203046554, 0.0, 816.2670197447984], [0.0, 1266.417203046554, 491.50706579294757], [0.0, 0.0, 1.0]], [[1260.8474446004698, 0.0, 807.968244525554], [0.0, 1260.8474446004698, 495.3344268742088], [0.0, 0.0, 1.0]], [[1256.7414812095406, 0.0, 792.1125740759628], [0.0, 1256.7414812095406, 492.7757465151356], [0.0, 0.0, 1.0]], [[809.2209905677063, 0.0, 829.2196003259838], [0.0, 809.2209905677063, 481.77842384512485], [0.0, 0.0, 1.0]], [[1259.5137405846733, 0.0, 807.2529053838625], [0.0, 1259.5137405846733, 501.19579884916527], [0.0, 0.0, 1.0]]], "extrinsics": [[[0.8178383708000183, -0.5752699971199036, 0.014310067519545555, -0.912109375], [-0.006455111317336559, -0.03403743356466293, -0.999399721622467, 1.5078563690185547], [0.5754117369651794, 0.8172550797462463, -0.03155055269598961, -1.2437744140625], [0.0, 0.0, 0.0, 1.0]], [[0.0015382312703877687, -0.9992738366127014, 0.03806952014565468, 0.00579833984375], [-0.01171289011836052, -0.038084957748651505, -0.9992058873176575, 1.5199346542358398], [0.9999301433563232, 0.0010911065619438887, -0.011762969195842743, -1.6390380859375], [0.0, 0.0, 0.0, 1.0]], [[-0.8347553610801697, -0.5503734946250916, 0.016500968486070633, 0.99761962890625], [-0.00597047433257103, -0.020918840542435646, -0.9997633099555969, 1.5034093856811523], [0.5505885481834412, -0.8346564173698425, 0.014176126569509506, -1.22509765625], [0.0, 0.0, 0.0, 1.0]], [[0.947756290435791, 0.3187048137187958, -0.013610480353236198, -1.13995361328125], [0.002850940451025963, -0.05112763121724129, -0.9986880421638489, 1.5885963439941406], [-0.3189825117588043, 0.9464740753173828, -0.04936514422297478, -0.105224609375], [0.0, 0.0, 0.0, 1.0]], [[0.003666933858767152, 0.9991427063941956, -