[{"images": ["samples/CAM_FRONT_LEFT/n008-2018-08-27-11-48-51-0400__CAM_FRONT_LEFT__1535385132104799.jpg", "samples/CAM_FRONT/n008-2018-08-27-11-48-51-0400__CAM_FRONT__1535385132112404.jpg", "samples/CAM_FRONT_RIGHT/n008-2018-08-27-11-48-51-0400__CAM_FRONT_RIGHT__1535385132120482.jpg", "samples/CAM_BACK_LEFT/n008-2018-08-27-11-48-51-0400__CAM_BACK_LEFT__1535385132147405.jpg", "samples/CAM_BACK/n008-2018-08-27-11-48-51-0400__CAM_BACK__1535385132137558.jpg", "samples/CAM_BACK_RIGHT/n008-2018-08-27-11-48-51-0400__CAM_BACK_RIGHT__1535385132128113.jpg"], "intrinsics": [[[1257.8625342125129, 0.0, 827.2410631095686], [0.0, 1257.8625342125129, 450.915498205774], [0.0, 0.0, 1.0]], [[1252.8131021185304, 0.0, 826.588114781398], [0.0, 1252.8131021185304, 469.9846626224581], [0.0, 0.0, 1.0]], [[1256.7485116440405, 0.0, 817.7887570959712], [0.0, 1256.7485116440403, 451.9541780095127], [0.0, 0.0, 1.0]], [[1254.9860565800168, 0.0, 829.5769333630991], [0.0, 1254.9860565800168, 467.1680561863987], [0.0, 0.0, 1.0]], [[796.8910634503094, 0.0, 857.7774326863696], [0.0, 796.8910634503094, 476.8848988407415], [0.0, 0.0, 1.0]], [[1249.9629280788233, 0.0, 825.3768045375984], [0.0, 1249.9629280788233, 462.54816385708756], [0.0, 0.0, 1.0]]], "extrinsics": [[[0.8216797113418579, -0.569717288017273, 0.01627022959291935, -0.8349609375], [0.008974002674221992, -0.015610960312187672, -0.9998378157615662, 1.4901695251464844], [0.5698789358139038, 0.8216925263404846, -0.00771456491202116, -1.2177734375], [0.0, 0.0, 0.0, 1.0]], [[0.00906746368855238, -0.9997603297233582, 0.019925415515899658, 0.0086669921875], [0.010868016630411148, -0.019826529547572136, -0.9997444152832031, 1.4820261001586914], [0.9998998045921326, 0.009281697683036327, 0.010685636661946774, -1.566650390625], [0.0, 0.0, 0.0, 1.0]], [[-0.8444170951843262, -0.5356859564781189, -0.0005617989227175713, 0.9833984375], [0.018823567777872086, -0.028624000027775764, -0.999413013458252, 1.495534896850586], [0.5353554487228394, -0.843932032585144, 0.03425411507487297, -1.20758056640625], [0.0, 0.0, 0.0, 1.0]], [[0.9478744864463806, 0.3184630274772644, -0.010739786550402641, -1.146240234375], [-0.006711667403578758, -0.013743232935667038, -0.9998829960823059, 1.5620613098144531], [-0.31857335567474365, 0.9478356838226318, -0.010889441706240177, -0.15538787841796875], [0.0, 0.0, 0.0, 1.0]], [[0.009493266232311726, 0.9997299313545227, -0.021214980632066727, -0.02899169921875], [-0.004550011362880468, -0.021172525361180305, -0.9997654557228088, 1.5678691864013672], [-0.9999445676803589, 0.009587566368281841, 0.0043477863073349, -0.001220703125], [0.0, 0.0, 0.0, 1.0]], [[-0.9234887957572937, 0.38327082991600037, -0.016484800726175308, 1.0762939453125], [-0.0003216198820155114, -0.043744612485170364, -0.9990426898002625, 1.5478324890136719], [-0.38362500071525574, -0.9225994944572449, 0.04052092880010605, -0.077392578125], [0.0, 0.0, 0.0, 1.0]]], "view": [[0.0, -2.0, 100.0], [-2.0, 0.0, 100.0], [0.0, 0.0, 1.0]], "bev": "bev_21d2579eb19d436d99a3b57a0049eb75.png", "aux": "aux_21d2579eb19d436d99a3b57a0049eb75.npz", "visibility": "visibility_21d2579eb19d436d99a3b57a0049eb75.png", "pose": [[0.9994092583656311, -0.034367695450782776, 0.0, 2093.83935546875], [0.034367695450782776, 0.9994092583656311, 0.0, 873.349853515625], [0.0, 0.0, 1.0, 0.0], [0.0, 0.0, 0.0, 1.0]], "pose_inverse": [[0.9994092583656311, 0.034367695450782776, 0.0, -2122.617431640625], [-0.034367695450782776, 0.9994092583656311, 0.0, -800.8734741210938], [0.0, 0.0, 1.0, 0.0], [0.0, 0.0, 0.0, 1.0]], "cam_ids": [0, 1, 2, 3, 4, 5], "cam_channels": ["CAM_FRONT_LEFT", "CAM_FRONT", "CAM_FRONT_RIGHT", "CAM_BACK_LEFT", "CAM_BACK", "CAM_BACK_RIGHT"], "token": "21d2579eb19d436d99a3b57a0049eb75", "scene": "scene-0657"}, {"images": ["samples/CAM_FRONT_LEFT/n008-2018-08-27-11-48-51-0400__CAM_FRONT_LEFT__1535385132604799.jpg", "samples/CAM_FRONT/n008-2018-08-27-11-48-51-0400__CAM_FRONT__1535385132612404.jpg", "samples/CAM_FRONT_RIGHT/n008-2018-08-27-11-48-51-0400__CAM_FRONT_RIGHT__1535385132620482.jpg", "samples/CAM_BACK_LEFT/n008-2018-08-27-11-48-51-0400__CAM_BACK_LEFT__1535385132647405.jpg", "samples/CAM_BACK/n008-2018-08-27-11-48-51-0400__CAM_BACK__1535385132637558.jpg", "samples/CAM_BACK_RIGHT/n008-2018-08-27-11-48-51-0400__CAM_BACK_RIGHT__1535385132628113.jpg"], "intrinsics": [[[1257.8625342125129, 0.0, 827.2410631095686], [0.0, 1257.8625342125129, 450.915498205774], [0.0, 0.0, 1.0]], [[1252.8131021185304, 0.0, 826.588114781398], [0.0, 1252.8131021185304, 469.9846626224581], [0.0, 0.0, 1.0]], [[1256.7485116440405, 0.0, 817.7887570959712], [0.0, 1256.7485116440403, 451.9541780095127], [0.0, 0.0, 1.0]], [[1254.9860565800168, 0.0, 829.5769333630991], [0.0, 1254.9860565800168, 467.1680561863987], [0.0, 0.0, 1.0]], [[796.8910634503094, 0.0, 857.7774326863696], [0.0, 796.8910634503094, 476.8848988407415], [0.0, 0.0, 1.0]], [[1249.9629280788233, 0.0, 825.3768045375984], [0.0, 1249.9629280788233, 462.54816385708756], [0.0, 0.0, 1.0]]], "extrinsics": [[[0.8219791054725647, -0.5692892074584961, 0.016127781942486763, -0.8397216796875], [0.010073128156363964, -0.013781273737549782, -0.999854326248169, 1.4903326034545898], [0.569428563117981, 0.8220218420028687, -0.005593395326286554, -1.2216796875], [0.0, 0.0, 0.0, 1.0]], [[0.009498990140855312, -0.9997907876968384, 0.018115350976586342, 0.0087890625], [0.012068899348378181, -0.018000220879912376, -0.999765157699585, 1.482163429260254], [0.9998821020126343, 0.009715384803712368, 0.011895389296114445, -1.572021484375], [0.0, 0.0, 0.0, 1.0]], [[-0.8442299365997314, -0.5359746813774109, -0.00263122352771461, 0.987060546875], [0.020129036158323288, -0.026799382641911507, -0.9994381666183472, 1.4955940246582031], [0.5356030464172363, -0.8438085913658142, 0.03341349959373474, -1.21014404296875], [0.0, 0.0, 0.0, 1.0]], [[0.9478800892829895, 0.3185065984725952, -0.008769032545387745, -1.141845703125], [-0.005209716036915779, -0.012025157921016216, -0.9999141693115234, 1.5620346069335938], [-0.31858474016189575, 0.947844386100769, -0.00973908044397831, -0.15691757202148438], [0.0, 0.0, 0.0, 1.0]], [[0.009381383657455444, 0.9997676014900208, -0.019412599503993988, -0.0289306640625], [-0.0030942426528781652, -0.019384335726499557, -0.9998072981834412, 1.5679283142089844], [-0.999951183795929, 0.009439637884497643, 0.0029116712976247072, -0.002197265625], [0.0, 0.0, 0.0, 1.0]], [[-0.9235631823539734, 0.3830662965774536, -0.017064888030290604, 1.0780029296875], [0.001063607051037252, -0.04194457083940506, -0.9991193413734436, 1.5479488372802734], [-0.38344472646713257, -0.9227679967880249, 0.038331031799316406, -0.076904296875], [0.0, 0.0, 0.0, 1.0]]], "view": [[0.0, -2.0, 100.0], [-2.0, 0.0, 100.0], [0.0, 0.0, 1.0]], "bev": "bev_f14f728cb45e461688180f6a08c7e4b8.png", "aux": "aux_f14f728cb45e461688180f6a08c7e4b8.npz", "visibility": "visibility_f14f728cb45e461688180f6a08c7e4b8.png", "pose": [[0.9989392161369324, -0.04604827240109444, 0.0, 2096.23583984375], [0.04604827240109444, 0.9989392161369324, 0.0, 873.417236328125], [0.0, 0.0, 1.0, 0.0], [0.0, 0.0, 0.0, 1.0]], "pose_inverse": [[0.9989392161369324, 0.04604827240109444, 0.0, -2134.2314453125], [-0.04604827240109444, 0.9989392161369324, 0.0, -775.9627075195312], [0.0, 0.0, 1.0, 0.0], [0.0, 0.0, 0.0, 1.0]], "cam_ids": [0, 1, 2, 3, 4, 5], "cam_channels": ["CAM_FRONT_LEFT", "CAM_FRONT", "CAM_FRONT_RIGHT", "CAM_BACK_LEFT", "CAM_BACK", "CAM_BACK_RIGHT"], "token": "f14f728cb45e461688180f6a08c7e4b8", "scene": "scene-0657"}, {"images": ["samples/CAM_FRONT_LEFT/n008-2018-08-27-11-48-51-0400__CAM_FRONT_LEFT__1535385133104799.jpg", "samples/CAM_FRONT/n008-2018-08-27-11-48-51-0400__CAM_FRONT__1535385133112404.jpg", "samples/CAM_FRONT_RIGHT/n008-2018-08-27-11-48-51-0400__CAM_FRONT_RIGHT__1535385133120482.jpg", "samples/CAM_BACK_LEFT/n008-2018-08-27-11-48-51-0400__CAM_BACK_LEFT__1535385133147405.jpg", "samples/CAM_BACK/n008-2018-08-27-11-48-51-0400__CAM_BACK__1535385133137558.jpg", "samples/CAM_BACK_RIGHT/n008-2018-08-27-11-48-51-0400__CAM_BACK_RIGHT__1535385133128113.jpg"], "intrinsics": [[[1257.8625342125129, 0.0, 827.2410631095686], [0.0, 1257.8625342125129, 450.915498205774], [0.0, 0.0, 1.0]], [[1252.8131021185304, 0.0, 826.588114781398], [0.0, 1252.8131021185304, 469.9846626224581], [0.0, 0.0, 1.0]], [[1256.7485116440405, 0.0, 817.7887570959712], [0.0, 1256.7485116440403, 451.9541780095127], [0.0, 0.0, 1.0]], [[1254.9860565800168, 0.0, 829.5769333630991], [0.0, 1254.9860565800168, 467.1680561863987], [0.0, 0.0, 1.0]], [[796.8910634503094, 0.0, 857.7774326863696], [0.0, 796.8910634503094, 476.8848988407415], [0.0, 0.0, 1.0]], [[1249.9629280788233, 0.0, 825.3768045375984], [0.0, 1249.9629280788233, 462.54816385708756], [0.0, 0.0, 1.0]]], "extrinsics": [[[0.8221149444580078, -0.5691118836402893, 0.015448056161403656, -0.849609375], [0.006277075503021479, -0.018071580678224564, -0.9998169541358948, 1.4895004034042358], [0.5692869424819946, 0.8220614790916443, -0.011284559965133667, -1.2274169921875], [0.0, 0.0, 0.0, 1.0]], [[0.009613335132598877, -0.9997041821479797, 0.022341523319482803, 0.0079345703125], [0.008075323887169361, -0.022264212369918823, -0.999719500541687, 1.4814422130584717], [0.9999211430549622, 0.009791059419512749, 0.007858902215957642, -1.57958984375], [0.0, 0.0, 0.0, 1.0]], [[-0.8442676067352295, -0.535912275314331, 0.003185876877978444, 0.989013671875], [0.0159295666962862, -0.031036339700222015, -0.9993912577629089, 1.4950180053710938], [0.5356850624084473, -0.8437029123306274, 0.03473982587456703, -1.2122802734375], [0.0, 0.0, 0.0, 1.0]], [[0.9478643536567688, 0.31833556294441223, -0.014684726484119892, -1.14013671875], [-0.01006243098527193, -0.016159825026988983, -0.9998188018798828, 1.5619964599609375], [-0.31851524114608765, 0.9478402733802795, -0.012114089913666248, -0.1575641632080078], [0.0, 0.0, 0.0, 1.0]], [[0.009406175464391708, 0.9996763467788696, -0.023637471720576286, -0.02874755859375], [-0.007718473672866821, -0.023565227165818214, -0.9996924996376038, 1.5677108764648438], [-0.9999260306358337, 0.00958572793751955, 0.007494316902011633, -0.002197265625], [0.0, 0.0, 0.0, 1.0]], [[-0.9235952496528625, 0.3830886781215668, -0.014658194966614246, 1.079345703125], [-0.003291500499472022, -0.04615773260593414, -0.9989287853240967, 1.5475502014160156], [-0.38335487246513367, -0.9225575923919678, 0.04389199987053871, -0.076904296875], [0.0, 0.0, 0.0, 1.0]]], "view": [[0.0, -2.0, 100.0], [-2.0, 0.0, 100.0], [0.0, 0.0, 1.0]], "bev": "bev_6ebed170f0b54c55b6c26cd086a56322.png", "aux": "aux_6ebed170f0b54c55b6c26cd086a56322.npz", "visibility": "visibility_6ebed170f0b54c55b6c26cd086a56322.png", "pose": [[0.998316764831543, -0.05799643695354462, 0.0, 2098.416748046875], [0.05799643695354462, 0.998316764831543, 0.0, 873.5093383789062], [0.0, 0.0, 1.0, 0.0], [0.0, 0.0, 0.0, 1.0]], "pose_inverse": [[0.998316764831543, 0.05799643695354462, 0.0, -2145.545166015625], [-0.05799643695354462, 0.998316764831543, 0.0, -750.3383178710938], [0.0, 0.0, 1.0, 0.0], [0.0, 0.0, 0.0, 1.0]], "cam_ids": [0, 1, 2, 3, 4, 5], "cam_channels": ["CAM_FRONT_LEFT", "CAM_FRONT", "CAM_FRONT_RIGHT", "CAM_BACK_LEFT", "CAM_BACK", "CAM_BACK_RIGHT"], "token": "6ebed170f0b54c55b6c26cd086a56322", "scene": "scene-0657"}, {"images": ["samples/CAM_FRONT_LEFT/n008-2018-08-27-11-48-51-0400__CAM_FRONT_LEFT__1535385133654799.jpg", "samples/CAM_FRONT/n008-2018-08-27-11-48-51-0400__CAM_FRONT__1535385133662404.jpg", "samples/CAM_FRONT_RIGHT/n008-2018-08-27-11-48-51-0400__CAM_FRONT_RIGHT__1535385133670482.jpg", "samples/CAM_BACK_LEFT/n008-2018-08-27-11-48-51-0400__CAM_BACK_LEFT__1535385133697405.jpg", "samples/CAM_BACK/n008-2018-08-27-11-48-51-0400__CAM_BACK__1535385133687558.jpg", "samples/CAM_BACK_RIGHT/n008-2018-08-27-11-48-51-0400__CAM_BACK_RIGHT__1535385133678113.jpg"], "intrinsics": [[[1257.8625342125129, 0.0, 827.2410631095686], [0.0, 1257.8625342125129, 450.915498205774], [0.0, 0.0, 1.0]], [[1252.8131021185304, 0.0, 826.588114781398], [0.0, 1252.8131021185304, 469.9846626224581], [0.0, 0.0, 1.0]], [[1256.7485116440405, 0.0, 817.7887570959712], [0.0, 1256.7485116440403, 451.9541780095127], [0.0, 0.0, 1.0]], [[1254.9860565800168, 0.0, 829.5769333630991], [0.0, 1254.9860565800168, 467.1680561863987], [0.0, 0.0, 1.0]], [[796.8910634503094, 0.0, 857.7774326863696], [0.0, 796.8910634503094, 476.8848988407415], [0.0, 0.0, 1.0]], [[1249.9629280788233, 0.0, 825.3768045375984], [0.0, 1249.9629280788233, 462.54816385708756], [0.0, 0.0, 1.0]]], "extrinsics": [[[0.8227789998054504, -0.5681643486022949, 0.014967354945838451, -0.8616943359375], [0.0030264577362686396, -0.021954163908958435, -0.9997544288635254, 1.4888505935668945], [0.5683534145355225, 0.8226222395896912, -0.016343897208571434, -1.236328125], [0.0, 0.0, 0.0, 1.0]], [[0.01059968676418066, -0.999600887298584, 0.026185529306530952, 0.0081787109375], [0.004946507979184389, -0.02613425999879837, -0.9996461868286133, 1.480905532836914], [0.9999315142631531, 0.010725456289947033, 0.004667519126087427, -1.59130859375], [0.0, 0.0, 0.0, 1.0]], [[-0.8438648581504822, -0.5364987850189209, 0.00781902577728033, 0.996826171875], [0.012917361222207546, -0.034881941974163055, -0.9993079304695129, 1.4945441484451294], [0.536400318145752, -0.8431798219680786, 0.03636579215526581, -1.216796875], [0.0, 0.0, 0.0, 1.0]], [[0.9478977918624878, 0.31805363297462463, -0.01820688135921955, -1.13818359375], [-0.012519103474915028, -0.0199180506169796, -0.9997231960296631, 1.56195068359375], [-0.31832826137542725, 0.9478634595870972, -0.014898537658154964, -0.15761756896972656], [0.0, 0.0, 0.0, 1.0]], [[0.009173186495900154, 0.9995803833007812, -0.02747160941362381, -0.0286865234375], [-0.010407140478491783, -0.0273758377879858, -0.9995710253715515, 1.5676002502441406], [-0.9999037981033325, 0.009455160237848759, 0.010151651687920094, -0.000732421875], [0.0, 0.0, 0.0, 1.0]], [[-0.9238290190696716, 0.38256990909576416, -0.013422331772744656, 1.0845947265625], [-0.006194144953042269, -0.04999769851565361, -0.9987300634384155, 1.5473442077636719], [-0.38275519013404846, -0.9225727319717407, 0.04855902120471001, -0.0745849609375], [0.0, 0.0, 0.0, 1.0]]], "view": [[0.0, -2.0, 100.0], [-2.0, 0.0, 100.0], [0.0, 0.0, 1.0]], "bev": "bev_d2a949132e9f4b249736495358879ea7.png", "aux": "aux_d2a949132e9f4b249736495358879ea7.npz", "visibility": "visibility_d2a949132e9f4b249736495358879ea7.png", "pose": [[0.9983163475990295, -0.058003541082143784, 0.0, 2100.640625], [0.058003541082143784, 0.9983163475990295, 0.0, 873.6214599609375], [0.0, 0.0, 1.0, 0.0], [0.0, 0.0, 0.0, 1.0]], "pose_inverse": [[0.9983163475990295, 0.058003541082143784, 0.0, -2147.777099609375], [-0.058003541082143784, 0.9983163475990295, 0.0, -750.3060302734375], [0.0, 0.0, 1.0, 0.0], [0.0, 0.0, 0.0, 1.0]], "cam_ids": [0, 1, 2, 3, 4, 5], "cam_channels": ["CAM_FRONT_LEFT", "CAM_FRONT", "CAM_FRONT_RIGHT", "CAM_BACK_LEFT", "CAM_BACK", "CAM_BACK_RIGHT"], "token": "d2a949132e9f4b249736495358879ea7", "scene": "scene-0657"}, {"images": ["samples/CAM_FRONT_LEFT/n008-2018-08-27-11-48-51-0400__CAM_FRONT_LEFT__1535385134154799.jpg", "samples/CAM_FRONT/n008-2018-08-27-11-48-51-0400__CAM_FRONT__1535385134162404.jpg", "samples/CAM_FRONT_RIGHT/n008-2018-08-27-11-48-51-0400__CAM_FRONT_RIGHT__1535385134170482.jpg", "samples/CAM_BACK_LEFT/n008-2018-08-27-11-48-51-0400__CAM_BACK_LEFT__1535385134197405.jpg", "samples/CAM_BACK/n008-2018-08-27-11-48-51-0400__CAM_BACK__1535385134187558.jpg", "samples/CAM_BACK_RIGHT/n008-2018-08-27-11-48-51-0400__CAM_BACK_RIGHT__1535385134178113.jpg"], "intrinsics": [[[1257.8625342125129, 0.0, 827.2410631095686], [0.0, 1257.8625342125129, 450.915498205774], [0.0, 0.0, 1.0]], [[1252.8131021185304, 0.0, 826.588114781398], [0.0, 1252.8131021185304, 469.9846626224581], [0.0, 0.0, 1.0]], [[1256.7485116440405, 0.0, 817.7887570959712], [0.0, 1256.7485116440403, 451.9541780095127], [0.0, 0.0, 1.0]], [[1254.9860565800168, 0.0, 829.5769333630991], [0.0, 1254.9860565800168, 467.1680561863987], [0.0, 0.0, 1.0]], [[796.8910634503094, 0.0, 857.7774326863696], [0.0, 796.8910634503094, 476.8848988407415], [0.0, 0.0, 1.0]], [[1249.9629280788233, 0.0, 825.3768045375984], [0.0, 1249.9629280788233, 462.54816385708756], [0.0, 0.0, 1.0]]], "extrinsics": [[[0.8230425119400024, -0.5677520632743835, 0.016086474061012268, -0.8773193359375], [0.004104842897504568, -0.022375699132680893, -0.9997411966323853, 1.488938331604004], [0.567965030670166, 0.8228954672813416, -0.01608562096953392, -1.2454833984375], [0.0, 0.0, 0.0, 1.0]], [[0.010984760709106922, -0.9995884299278259, 0.026502080261707306, 0.00689697265625], [0.0060210819356143475, -0.026437077671289444, -0.9996323585510254, 1.4809455871582031], [0.9999216198921204, 0.011140288785099983, 0.0057281977497041225, -1.6064453125], [0.0, 0.0, 0.0, 1.0]], [[-0.8436969518661499, -0.5367739200592041, 0.0070200227200984955, 1.006103515625], [0.013995781540870667, -0.03506730496883392, -0.9992868900299072, 1.49447762966156], [0.5366373658180237, -0.8429970741271973, 0.03709874674677849, -1.223724365234375], [0.0, 0.0, 0.0, 1.0]], [[0.9478874206542969, 0.3181361258029938, -0.01729010045528412, -1.1396484375], [-0.011610807850956917, -0.019739435985684395, -0.9997377395629883, 1.561981201171875], [-0.3183940052986145, 0.9478395581245422, -0.015016944147646427, -0.15719985961914062], [0.0, 0.0, 0.0, 1.0]], [[0.00904060062021017, 0.9995830655097961, -0.027423687279224396, -0.02838134765625], [-0.00938148982822895, -0.02733881212770939, -0.9995821714401245, 1.5676841735839844], [-0.9999151229858398, 0.009294096380472183, 0.009130419231951237, 0.004638671875], [0.0, 0.0, 0.0, 1.0]], [[-0.9239084720611572, 0.382340669631958, -0.01444756705313921, 1.093017578125], [-0.0051101204007864, -0.05008760467171669, -0.9987317323684692, 1.5474433898925781], [-0.38257938623428345, -0.9226629137992859, 0.04823016747832298, -0.071533203125], [0.0, 0.0, 0.0, 1.0]]], "view": [[0.0, -2.0, 100.0], [-2.0, 0.0, 100.0], [0.0, 0.0, 1.0]], "bev": "bev_4fcdfd9af9aa4b8baf5e542b95693c05.png", "aux": "aux_4fcdfd9af9aa4b8baf5e542b95693c05.npz", "visibility": "visibility_4fcdfd9af9aa4b8baf5e542b95693c05.png", "pose": [[0.9987839460372925, -0.04930149391293526, 0.0, 2102.451904296875], [0.04930149391293526, 0.9987839460372925, 0.0, 873.7047119140625], [0.0, 0.0, 1.0, 0.0], [0.0, 0.0, 0.0, 1.0]], "pose_inverse": [[0.9987839460372925, 0.04930149391293526, 0.0, -2142.97021484375], [-0.04930149391293526, 0.9987839460372925, 0.0, -768.9882202148438], [0.0, 0.0, 1.0, 0.0], [0.0, 0.0, 0.0, 1.0]], "cam_ids": [0, 1, 2, 3, 4, 5], "cam_channels": ["CAM_FRONT_LEFT", "CAM_FRONT", "CAM_FRONT_RIGHT", "CAM_BACK_LEFT", "CAM_BACK", "CAM_BACK_RIGHT"], "token": "4fcdfd9af9aa4b8baf5e542b95693c05", "scene": "scene-0657"}, {"images": ["samples/CAM_FRONT_LEFT/n008-2018-08-27-11-48-51-0400__CAM_FRONT_LEFT__1535385134654799.jpg", "samples/CAM_FRONT/n008-2018-08-27-11-48-51-0400__CAM_FRONT__1535385134662404.jpg", "samples/CAM_FRONT_RIGHT/n008-2018-08-27-11-48-51-0400__CAM_FRONT_RIGHT__1535385134670482.jpg", "samples/CAM_BACK_LEFT/n008-2018-08-27-11-48-51-0400__CAM_BACK_LEFT__1535385134697405.jpg", "samples/CAM_BACK/n008-2018-08-27-11-48-51-0400__CAM_BACK__1535385134687558.jpg", "samples/CAM_BACK_RIGHT/n008-2018-08-27-11-48-51-0400__CAM_BACK_RIGHT__1535385134678113.jpg"], "intrinsics": [[[1257.8625342125129, 0.0, 827.2410631095686], [0.0, 1257.8625342125129, 450.915498205774], [0.0, 0.0, 1.0]], [[1252.8131021185304, 0.0, 826.588114781398], [0.0, 1252.8131021185304, 469.9846626224581], [0.0, 0.0, 1.0]], [[1256.7485116440405, 0.0, 817.7887570959712], [0.0, 1256.7485116440403, 451.9541780095127], [0.0, 0.0, 1.0]], [[1254.9860565800168, 0.0, 829.5769333630991], [0.0, 1254.9860565800168, 467.1680561863987], [0.0, 0.0, 1.0]], [[796.8910634503094, 0.0, 857.7774326863696], [0.0, 796.8910634503094, 476.8848988407415], [0.0, 0.0, 1.0]], [[1249.9629280788233, 0.0, 825.3768045375984], [0.0, 1249.9629280788233, 462.54816385708756], [0.0, 0.0, 1.0]]], "extrinsics": [[[0.8234456181526184, -0.5672038793563843, 0.014735148288309574, -0.885009765625], [0.0036668293178081512, -0.020649492740631104, -0.999779999256134, 1.4888496398925781], [0.567383348941803, 0.8233185410499573, -0.014923893846571445, -1.252197265625], [0.0, 0.0, 0.0, 1.0]], [[0.01155116967856884, -0.999626100063324, 0.024784939363598824, 0.0076904296875], [0.00557011179625988, -0.024721886962652206, -0.999678909778595, 1.480858325958252], [0.9999178051948547, 0.011685513891279697, 0.005282463040202856, -1.61474609375], [0.0, 0.0, 0.0, 1.0]], [[-0.8434635996818542, -0.5371473431587219, 0.0064682308584451675, 1.01171875], [0.013571033254265785, -0.03334413468837738, -0.9993517994880676, 1.4943734407424927], [0.5370148420333862, -0.8428290486335754, 0.035414207726716995, -1.226409912109375], [0.0, 0.0, 0.0, 1.0]], [[0.9477944374084473, 0.31842488050460815, -0.01706736721098423, -1.135498046875], [-0.011983230710029602, -0.01791871152818203, -0.9997676610946655, 1.5619316101074219], [-0.31865671277046204, 0.9477787017822266, -0.013167495839297771, -0.15938568115234375], [0.0, 0.0, 0.0, 1.0]], [[0.008752258494496346, 0.9996328949928284, -0.025641899555921555, -0.02886962890625], [-0.009810004383325577, -0.025555811822414398, -0.9996252655982971, 1.5676803588867188], [-0.9999136328697205, 0.009000526741147041, 0.009582731872797012, 0.0048828125], [0.0, 0.0, 0.0, 1.0]], [[-0.9240322709083557, 0.3820783793926239, -0.013430855236947536, 1.0966796875], [-0.005475100129842758, -0.04835163801908493, -0.9988153576850891, 1.5474624633789062], [-0.3822751045227051, -0.9228641390800476, 0.04677039384841919, -0.069580078125], [0.0, 0.0, 0.0, 1.0]]], "view": [[0.0, -2.0, 100.0], [-2.0, 0.0, 100.0], [0.0, 0.0, 1.0]], "bev": "bev_eb149c4270fe4f949ceb7d707e252001.png", "aux": "aux_eb149c4270fe4f949ceb7d707e252001.npz", "visibility": "visibility_eb149c4270fe4f949ceb7d707e252001.png", "pose": [[0.9993446469306946, -0.03619762510061264, 0.0, 2104.11181640625], [0.03619762510061264, 0.9993446469306946, 0.0, 873.767333984375], [0.0, 0.0, 1.0, 0.0], [0.0, 0.0, 0.0, 1.0]], "pose_inverse": [[0.9993446469306946, 0.03619762510061264, 0.0, -2134.361083984375], [-0.03619762510061264, 0.9993446469306946, 0.0, -797.0308837890625], [0.0, 0.0, 1.0, 0.0], [0.0, 0.0, 0.0, 1.0]], "cam_ids": [0, 1, 2, 3, 4, 5], "cam_channels": ["CAM_FRONT_LEFT", "CAM_FRONT", "CAM_FRONT_RIGHT", "CAM_BACK_LEFT", "CAM_BACK", "CAM_BACK_RIGHT"], "token": "eb149c4270fe4f949ceb7d707e252001", "scene": "scene-0657"}, {"images": ["samples/CAM_FRONT_LEFT/n008-2018-08-27-11-48-51-0400__CAM_FRONT_LEFT__1535385135154799.jpg", "samples/CAM_FRONT/n008-2018-08-27-11-48-51-0400__CAM_FRONT__1535385135162404.jpg", "samples/CAM_FRONT_RIGHT/n008-2018-08-27-11-48-51-0400__CAM_FRONT_RIGHT__1535385135170482.jpg", "samples/CAM_BACK_LEFT/n008-2018-08-27-11-48-51-0400__CAM_BACK_LEFT__1535385135197405.jpg", "samples/CAM_BACK/n008-2018-08-27-11-48-51-0400__CAM_BACK__1535385135187558.jpg", "samples/CAM_BACK_RIGHT/n008-2018-08-27-11-48-51-0400__CAM_BACK_RIGHT__1535385135178113.jpg"], "intrinsics": [[[1257.8625342125129, 0.0, 827.2410631095686], [0.0, 1257.8625342125129, 450.915498205774], [0.0, 0.0, 1.0]], [[1252.8131021185304, 0.0, 826.588114781398], [0.0, 1252.8131021185304, 469.9846626224581], [0.0, 0.0, 1.0]], [[1256.7485116440405, 0.0, 817.7887570959712], [0.0, 1256.7485116440403, 451.9541780095127], [0.0, 0.0, 1.0]], [[1254.9860565800168, 0.0, 829.5769333630991], [0.0, 1254.9860565800168, 467.1680561863987], [0.0, 0.0, 1.0]], [[796.8910634503094, 0.0, 857.7774326863696], [0.0, 796.8910634503094, 476.8848988407415], [0.0, 0.0, 1.0]], [[1249.9629280788233, 0.0, 825.3768045375984], [0.0, 1249.9629280788233, 462.54816385708756], [0.0, 0.0, 1.0]]], "extrinsics": [[[0.8233556151390076, -0.5673555731773376, 0.013902755454182625, -0.895263671875], [0.004728489089757204, -0.01763833686709404, -0.9998332262039185, 1.4889473915100098], [0.5675061941146851, 0.8232840299606323, -0.01183988992124796, -1.2596435546875], [0.0, 0.0, 0.0, 1.0]], [[0.01143605262041092, -0.999697744846344, 0.02175842598080635, 0.0079345703125], [0.006652429234236479, -0.02168329991400242, -0.9997427463531494, 1.480926275253296], [0.9999123811721802, 0.011577857658267021, 0.006402447819709778, -1.624755859375], [0.0, 0.0, 0.0, 1.0]], [[-0.8435020446777344, -0.5371113419532776, 0.00394760025665164, 1.0185546875], [0.01461663469672203, -0.03030010312795639, -0.9994339346885681, 1.4943604469299316], [0.5369268655776978, -0.8429669737815857, 0.03340896591544151, -1.23046875], [0.0, 0.0, 0.0, 1.0]], [[0.9477766156196594, 0.31857264041900635, -0.015193519182503223, -1.1396484375], [-0.010990538634359837, -0.014986596070230007, -0.9998273253440857, 1.5619926452636719], [-0.31874534487724304, 0.9477799534797668, -0.01070266030728817, -0.158447265625], [0.0, 0.0, 0.0, 1.0]], [[0.00874884333461523, 0.99970543384552, -0.022638428956270218, -0.029296875], [-0.008789158426225185, -0.022561542689800262, -0.9997067451477051, 1.5677719116210938], [-0.9999229907989502, 0.008945249021053314, 0.008589182049036026, 0.00927734375], [0.0, 0.0, 0.0, 1.0]], [[-0.9240061640739441, 0.38215067982673645, -0.013165946118533611, 1.1015625], [-0.004510593134909868, -0.04532269388437271, -0.9989621639251709, 1.5475578308105469], [-0.38235077261924744, -0.9229878187179565, 0.04360217601060867, -0.0673828125], [0.0, 0.0, 0.0, 1.0]]], "view": [[0.0, -2.0, 100.0], [-2.0, 0.0, 100.0], [0.0, 0.0, 1.0]], "bev": "bev_09d8cc873e54426bb4003f6514fe4bfd.png", "aux": "aux_09d8cc873e54426bb4003f6514fe4bfd.npz", "visibility": "visibility_09d8cc873e54426bb4003f6514fe4bfd.png", "pose": [[0.9997654557228088, -0.02165585197508335, 0.0, 2105.60205078125], [0.02165585197508335, 0.9997654557228088, 0.0, 873.798583984375], [0.0, 0.0, 1.0, 0.0], [0.0, 0.0, 0.0, 1.0]], "pose_inverse": [[0.9997654557228088, 0.02165585197508335, 0.0, -2124.031005859375], [-0.02165585197508335, 0.9997654557228088, 0.0, -827.9950561523438], [0.0, 0.0, 1.0, 0.0], [0.0, 0.0, 0.0, 1.0]], "cam_ids": [0, 1, 2, 3, 4, 5], "cam_channels": ["CAM_FRONT_LEFT", "CAM_FRONT", "CAM_FRONT_RIGHT", "CAM_BACK_LEFT", "CAM_BACK", "CAM_BACK_RIGHT"], "token": "09d8cc873e54426bb4003f6514fe4bfd", "scene": "scene-0657"}, {"images": ["samples/CAM_FRONT_LEFT/n008-2018-08-27-11-48-51-0400__CAM_FRONT_LEFT__1535385135654799.jpg", "samples/CAM_FRONT/n008-2018-08-27-11-48-51-0400__CAM_FRONT__1535385135662404.jpg", "samples/CAM_FRONT_RIGHT/n008-2018-08-27-11-48-51-0400__CAM_FRONT_RIGHT__1535385135670482.jpg", "samples/CAM_BACK_LEFT/n008-2018-08-27-11-48-51-0400__CAM_BACK_LEFT__1535385135697405.jpg", "samples/CAM_BACK/n008-2018-08-27-11-48-51-0400__CAM_BACK__1535385135687558.jpg", "samples/CAM_BACK_RIGHT/n008-2018-08-27-11-48-51-0400__CAM_BACK_RIGHT__1535385135678113.jpg"], "intrinsics": [[[1257.8625342125129, 0.0, 827.2410631095686], [0.0, 1257.8625342125129, 450.915498205774], [0.0, 0.0, 1.0]], [[1252.8131021185304, 0.0, 826.588114781398], [0.0, 1252.8131021185304, 469.9846626224581], [0.0, 0.0, 1.0]], [[1256.7485116440405, 0.0, 817.7887570959712], [0.0, 1256.7485116440403, 451.9541780095127], [0.0, 0.0, 1.0]], [[1254.9860565800168, 0.0, 829.5769333630991], [0.0, 1254.9860565800168, 467.1680561863987], [0.0, 0.0, 1.0]], [[796.8910634503094, 0.0, 857.7774326863696], [0.0, 796.8910634503094, 476.8848988407415], [0.0, 0.0, 1.0]], [[1249.9629280788233, 0.0, 825.3768045375984], [0.0, 1249.9629280788233, 462.54816385708756], [0.0, 0.0, 1.0]]], "extrinsics": [[[0.8231315016746521, -0.5677021145820618, 0.012991438619792461, -0.9102783203125], [0.0016021250048652291, -0.020556412637233734, -0.999787449836731, 1.4885120391845703], [0.5678484439849854, 0.8229773640632629, -0.016011103987693787, -1.27001953125], [0.0, 0.0, 0.0, 1.0]], [[0.011092188768088818, -0.9996249079704285, 0.025037819519639015, 0.00787353515625], [0.0033026733435690403, -0.025002600625157356, -0.9996819496154785, 1.4805164337158203], [0.9999330043792725, 0.011171353980898857, 0.003024101024493575, -1.6396484375], [0.0, 0.0, 0.0, 1.0]], [[-0.8436746597290039, -0.5367806553840637, 0.00892616342753172, 1.028076171875], [0.011057076044380665, -0.03399718552827835, -0.9993607401847839, 1.493934154510498], [0.5367410182952881, -0.8430365920066833, 0.03461778908967972, -1.236663818359375], [0.0, 0.0, 0.0, 1.0]], [[0.9478010535240173, 0.31818851828575134, -0.020716315135359764, -1.13720703125], [-0.01523669995367527, -0.0197006706148386, -0.9996898174285889, 1.5619316101074219], [-0.31849798560142517, 0.9478226900100708, -0.01382417418062687, -0.15863037109375], [0.0, 0.0, 0.0, 1.0]], [[0.008951978757977486, 0.9995937347412109, -0.027058931067585945, -0.02911376953125], [-0.012762649916112423, -0.026943596079945564, -0.9995554685592651, 1.5676651000976562], [-0.999878466129303, 0.00929334294050932, 0.012516267597675323, 0.012451171875], [0.0, 0.0, 0.0, 1.0]], [[-0.9239336848258972, 0.3823870122432709, -0.011253426782786846, 1.1090087890625], [-0.008247130550444126, -0.04931953549385071, -0.9987490177154541, 1.5474052429199219], [-0.382463663816452, -0.9226850867271423, 0.04872158169746399, -0.064208984375], [0.0, 0.0, 0.0, 1.0]]], "view": [[0.0, -2.0, 100.0], [-2.0, 0.0, 100.0], [0.0, 0.0, 1.0]], "bev": "bev_d1e38d2f79eb4e9aa783c7e82760cf2e.png", "aux": "aux_d1e38d2f79eb4e9aa783c7e82760cf2e.npz", "visibility": "visibility_d1e38d2f79eb4e9aa783c7e82760cf2e.png", "pose": [[0.9999622702598572, -0.008685371838510036, 0.0, 2106.96142578125], [0.008685371838510036, 0.9999622702598572, 0.0, 873.8062744140625], [0.0, 0.0, 1.0, 0.0], [0.0, 0.0, 0.0, 1.0]], "pose_inverse": [[0.9999622702598572, 0.008685371838510036, 0.0, -2114.47119140625], [-0.008685371838510036, 0.9999622702598572, 0.0, -855.4735717773438], [0.0, 0.0, 1.0, 0.0], [0.0, 0.0, 0.0, 1.0]], "cam_ids": [0, 1, 2, 3, 4, 5], "cam_channels": ["CAM_FRONT_LEFT", "CAM_FRONT", "CAM_FRONT_RIGHT", "CAM_BACK_LEFT", "CAM_BACK", "CAM_BACK_RIGHT"], "token": "d1e38d2f79eb4e9aa783c7e82760cf2e", "scene": "scene-0657"}, {"images": ["samples/CAM_FRONT_LEFT/n008-2018-08-27-11-48-51-0400__CAM_FRONT_LEFT__1535385136154799.jpg", "samples/CAM_FRONT/n008-2018-08-27-11-48-51-0400__CAM_FRONT__1535385136162404.jpg", "samples/CAM_FRONT_RIGHT/n008-2018-08-27-11-48-51-0400__CAM_FRONT_RIGHT__1535385136170482.jpg", "samples/CAM_BACK_LEFT/n008-2018-08-27-11-48-51-0400__CAM_BACK_LEFT__1535385136197405.jpg", "samples/CAM_BACK/n008-2018-08-27-11-48-51-0400__CAM_BACK__1535385136187558.jpg", "samples/CAM_BACK_RIGHT/n008-2018-08-27-11-48-51-0400__CAM_BACK_RIGHT__1535385136178113.jpg"], "intrinsics": [[[1257.8625342125129, 0.0, 827.2410631095686], [0.0, 1257.8625342125129, 450.915498205774], [0.0, 0.0, 1.0]], [[1252.8131021185304, 0.0, 826.588114781398], [0.0, 1252.8131021185304, 469.9846626224581], [0.0, 0.0, 1.0]], [[1256.7485116440405, 0.0, 817.7887570959712], [0.0, 1256.7485116440403, 451.9541780095127], [0.0, 0.0, 1.0]], [[1254.9860565800168, 0.0, 829.5769333630991], [0.0, 1254.9860565800168, 467.1680561863987], [0.0, 0.0, 1.0]], [[796.8910634503094, 0.0, 857.7774326863696], [0.0, 796.8910634503094, 476.8848988407415], [0.0, 0.0, 1.0]], [[1249.9629280788233, 0.0, 825.3768045375984], [0.0, 1249.9629280788233, 462.54816385708756], [0.0, 0.0, 1.0]]], "extrinsics": [[[0.823024570941925, -0.567889392375946, 0.011502518318593502, -0.91845703125], [0.0038987714797258377, -0.014602174051105976, -0.9998857378959656, 1.4886999130249023], [0.5679925084114075, 0.8229753375053406, -0.009803874418139458, -1.2734375], [0.0, 0.0, 0.0, 1.0]], [[0.010947344824671745, -0.9997760653495789, 0.01810867339372635, 0.00616455078125], [0.0062564401887357235, -0.01804092526435852, -0.9998177289962769, 1.480705738067627], [0.9999204874038696, 0.011058643460273743, 0.006057539489120245, -1.647705078125], [0.0, 0.0, 0.0, 1.0]], [[-0.8437086343765259, -0.5367990732192993, 0.0015935878036543727, 1.032958984375], [0.014662088826298714, -0.026012351736426353, -0.9995540976524353, 1.494067668914795], [0.5366012454032898, -0.8433089852333069, 0.02981743961572647, -1.24090576171875], [0.0, 0.0, 0.0, 1.0]], [[0.9478428363800049, 0.31851235032081604, -0.011995836161077023, -1.13818359375], [-0.009751415811479092, -0.008640199899673462, -0.9999151229858398, 1.5619888305664062], [-0.3185890018939972, 0.9478793144226074, -0.00508360518142581, -0.1581878662109375], [0.0, 0.0, 0.0, 1.0]], [[0.008974745869636536, 0.9998151063919067, -0.017008330672979355, -0.028564453125], [-0.007918408140540123, -0.01693742536008358, -0.9998251795768738, 1.5678348541259766], [-0.9999284148216248, 0.009107855148613453, 0.007764934562146664, 0.01611328125], [0.0, 0.0, 0.0, 1.0]], [[-0.9238943457603455, 0.38246873021125793, -0.011698373593389988, 1.1142578125], [-0.004078896716237068, -0.04041425511240959, -0.9991746544837952, 1.5476036071777344], [-0.3826258182525635, -0.9230840802192688, 0.03889855369925499, -0.06298828125], [0.0, 0.0, 0.0, 1.0]]], "view": [[0.0, -2.0, 100.0], [-2.0, 0.0, 100.0], [0.0, 0.0, 1.0]], "bev": "bev_007dc09131444481bfb33192ad5db01e.png", "aux": "aux_007dc09131444481bfb33192ad5db01e.npz", "visibility": "visibility_007dc09131444481bfb33192ad5db01e.png", "pose": [[0.9999992847442627, -0.0011902173282578588, 0.0, 2108.188720703125], [0.0011902173282578588, 0.9999992847442627, 0.0, 873.8054809570312], [0.0, 0.0, 1.0, 0.0], [0.0, 0.0, 0.0, 1.0]], "pose_inverse": [[0.9999992847442627, 0.0011902173282578588, 0.0, -2109.227294921875], [-0.0011902173282578588, 0.9999992847442627, 0.0, -871.295654296875], [0.0, 0.0, 1.0, 0.0], [0.0, 0.0, 0.0, 1.0]], "cam_ids": [0, 1, 2, 3, 4, 5], "cam_channels": ["CAM_FRONT_LEFT", "CAM_FRONT", "CAM_FRONT_RIGHT", "CAM_BACK_LEFT", "CAM_BACK", "CAM_BACK_RIGHT"], "token": "007dc09131444481bfb33192ad5db01e", "scene": "scene-0657"}, {"images": ["samples/CAM_FRONT_LEFT/n008-2018-08-27-11-48-51-0400__CAM_FRONT_LEFT__1535385136654799.jpg", "samples/CAM_FRONT/n008-2018-08-27-11-48-51-0400__CAM_FRONT__1535385136662404.jpg", "samples/CAM_FRONT_RIGHT/n008-2018-08-27-11-48-51-0400__CAM_FRONT_RIGHT__1535385136670482.jpg", "samples/CAM_BACK_LEFT/n008-2018-08-27-11-48-51-0400__CAM_BACK_LEFT__1535385136697405.jpg", "samples/CAM_BACK/n008-2018-08-27-11-48-51-0400__CAM_BACK__1535385136687558.jpg", "samples/CAM_BACK_RIGHT/n008-2018-08-27-11-48-51-0400__CAM_BACK_RIGHT__1535385136678113.jpg"], "intrinsics": [[[1257.8625342125129, 0.0, 827.2410631095686], [0.0, 1257.8625342125129, 450.915498205774], [0.0, 0.0, 1.0]], [[1252.8131021185304, 0.0, 826.588114781398], [0.0, 1252.8131021185304, 469.9846626224581], [0.0, 0.0, 1.0]], [[1256.7485116440405, 0.0, 817.7887570959712], [0.0, 1256.7485116440403, 451.9541780095127], [0.0, 0.0, 1.0]], [[1254.9860565800168, 0.0, 829.5769333630991], [0.0, 1254.9860565800168, 467.1680561863987], [0.0, 0.0, 1.0]], [[796.8910634503094, 0.0, 857.7774326863696], [0.0, 796.8910634503094, 476.8848988407415], [0.0, 0.0, 1.0]], [[1249.9629280788233, 0.0, 825.3768045375984], [0.0, 1249.9629280788233, 462.54816385708756], [0.0, 0.0, 1.0]]], "extrinsics": [[[0.8227173089981079, -0.5682418942451477, 0.015408162958920002, -0.9342041015625], [0.007533650379627943, -0.016203729435801506, -0.9998403191566467, 1.4889638423919678], [0.5684008002281189, 0.8227019906044006, -0.009050155058503151, -1.2864990234375], [0.0, 0.0, 0.0, 1.0]], [[0.010533641092479229, -0.9997389912605286, 0.02027166821062565, 0.00750732421875], [0.009638670831918716, -0.020170338451862335, -0.9997500777244568, 1.4808818101882935], [0.9998980164527893, 0.010726400651037693, 0.009423687122762203, -1.663818359375], [0.0, 0.0, 0.0, 1.0]], [[-0.8438421487808228, -0.5365914702415466, 0.000349149398971349, 1.043701171875], [0.017840206623077393, -0.028705764561891556, -0.9994286894798279, 1.4941062927246094], [0.5362949371337891, -0.843353807926178, 0.0337960347533226, -1.246490478515625], [0.0, 0.0, 0.0, 1.0]], [[0.9478780627250671, 0.3184570074081421, -0.010605277493596077, -1.14111328125], [-0.006787218619138002, -0.013096489012241364, -0.9998911619186401, 1.562021255493164], [-0.31856125593185425, 0.9478468298912048, -0.010252433829009533, -0.15716552734375], [0.0, 0.0, 0.0, 1.0]], [[0.009098312817513943, 0.9997419714927673, -0.020814120769500732, -0.02911376953125], [-0.004947287496179342, -0.020769720897078514, -0.9997720122337341, 1.5679607391357422], [-0.9999464750289917, 0.009199211373925209, 0.004757042042911053, 0.02099609375], [0.0, 0.0, 0.0, 1.0]], [[-0.9237974882125854, 0.38255688548088074, -0.015762964263558388, 1.12158203125], [-0.0010221934644505382, -0.0436333566904068, -0.9990471005439758, 1.5478019714355469], [-0.3828800916671753, -0.9229010939598083, 0.04069943353533745, -0.0589599609375], [0.0, 0.0, 0.0, 1.0]]], "view": [[0.0, -2.0, 100.0], [-2.0, 0.0, 100.0], [0.0, 0.0, 1.0]], "bev": "bev_3820ab38530f42c0ba2df0bd12a2d951.png", "aux": "aux_3820ab38530f42c0ba2df0bd12a2d951.npz", "visibility": "visibility_3820ab38530f42c0ba2df0bd12a2d951.png", "pose": [[0.9999989867210388, 0.0014234744012355804, 0.0, 2109.2236328125], [-0.0014234744012355804, 0.9999989867210388, 0.0, 873.7918090820312], [0.0, 0.0, 1.0, 0.0], [0.0, 0.0, 0.0, 1.0]], "pose_inverse": [[0.9999989867210388, -0.0014234744012355804, 0.0, -2107.977783203125], [0.0014234744012355804, 0.9999989867210388, 0.0, -876.7933349609375], [0.0, 0.0, 1.0, 0.0], [0.0, 0.0, 0.0, 1.0]], "cam_ids": [0, 1, 2, 3, 4, 5], "cam_channels": ["CAM_FRONT_LEFT", "CAM_FRONT", "CAM_FRONT_RIGHT", "CAM_BACK_LEFT", "CAM_BACK", "CAM_BACK_RIGHT"], "token": "3820ab38530f42c0ba2df0bd12a2d951", "scene": "scene-0657"}, {"images": ["samples/CAM_FRONT_LEFT/n008-2018-08-27-11-48-51-0400__CAM_FRONT_LEFT__1535385137104799.jpg", "samples/CAM_FRONT/n008-2018-08-27-11-48-51-0400__CAM_FRONT__1535385137112404.jpg", "samples/CAM_FRONT_RIGHT/n008-2018-08-27-11-48-51-0400__CAM_FRONT_RIGHT__1535385137120482.jpg", "samples/CAM_BACK_LEFT/n008-2018-08-27-11-48-51-0400__CAM_BACK_LEFT__1535385137147405.jpg", "samples/CAM_BACK/n008-2018-08-27-11-48-51-0400__CAM_BACK__1535385137137558.jpg", "samples/CAM_BACK_RIGHT/n008-2018-08-27-11-48-51-0400__CAM_BACK_RIGHT__1535385137128113.jpg"], "intrinsics": [[[1257.8625342125129, 0.0, 827.2410631095686], [0.0, 1257.8625342125129, 450.915498205774], [0.0, 0.0, 1.0]], [[1252.8131021185304, 0.0, 826.588114781398], [0.0, 1252.8131021185304, 469.9846626224581], [0.0, 0.0, 1.0]], [[1256.7485116440405, 0.0, 817.7887570959712], [0.0, 1256.7485116440403, 451.9541780095127], [0.0, 0.0, 1.0]], [[1254.9860565800168, 0.0, 829.5769333630991], [0.0, 1254.9860565800168, 467.1680561863987], [0.0, 0.0, 1.0]], [[796.8910634503094, 0.0, 857.7774326863696], [0.0, 796.8910634503094, 476.8848988407415], [0.0, 0.0, 1.0]], [[1249.9629280788233, 0.0, 825.3768045375984], [0.0, 1249.9629280788233, 462.54816385708756], [0.0, 0.0, 1.0]]], "extrinsics": [[[0.8223901987075806, -0.5680903196334839, 0.03078625537455082, -0.941650390625], [0.02034475840628147, -0.024712882936000824, -0.9994875192642212, 1.489877700805664], [0.568560004234314, 0.8225951194763184, -0.008765972219407558, -1.2916259765625], [0.0, 0.0, 0.0, 1.0]], [[0.01021922193467617, -0.9995272159576416, 0.02899877540767193, 0.00738525390625], [0.02210628055036068, -0.028767382726073265, -0.9993416666984558, 1.4815921783447266], [0.9997034072875977, 0.010853548534214497, 0.021801846101880074, -1.671875], [0.0, 0.0, 0.0, 1.0]], [[-0.8437862992286682, -0.536653995513916, -0.005206712521612644, 1.05029296875], [0.029944753274321556, -0.03739139065146446, -0.9988519549369812, 1.4945716857910156], [0.5358432531356812, -0.842973530292511, 0.047620318830013275, -1.2506103515625], [0.0, 0.0, 0.0, 1.0]], [[0.9478282928466797, 0.31876668334007263, -0.003090837737545371, -1.140380859375], [0.00414256751537323, -0.02201140858232975, -0.9997491836547852, 1.5620622634887695], [-0.31875476241111755, 0.9475775361061096, -0.02218354493379593, -0.157379150390625], [0.0, 0.0, 0.0, 1.0]], [[0.009137773886322975, 0.9995192885398865, -0.029627764597535133, -0.029052734375], [0.00634817173704505, -0.02968638576567173, -0.9995390772819519, 1.5681953430175781], [-0.99