[{"images": ["samples/CAM_FRONT_LEFT/n015-2018-07-24-11-22-45+0800__CAM_FRONT_LEFT__1532402875504844.jpg", "samples/CAM_FRONT/n015-2018-07-24-11-22-45+0800__CAM_FRONT__1532402875512460.jpg", "samples/CAM_FRONT_RIGHT/n015-2018-07-24-11-22-45+0800__CAM_FRONT_RIGHT__1532402875520339.jpg", "samples/CAM_BACK_LEFT/n015-2018-07-24-11-22-45+0800__CAM_BACK_LEFT__1532402875547423.jpg", "samples/CAM_BACK/n015-2018-07-24-11-22-45+0800__CAM_BACK__1532402875537525.jpg", "samples/CAM_BACK_RIGHT/n015-2018-07-24-11-22-45+0800__CAM_BACK_RIGHT__1532402875527893.jpg"], "intrinsics": [[[1272.5979470598488, 0.0, 826.6154927353808], [0.0, 1272.5979470598488, 479.75165386361925], [0.0, 0.0, 1.0]], [[1266.417203046554, 0.0, 816.2670197447984], [0.0, 1266.417203046554, 491.50706579294757], [0.0, 0.0, 1.0]], [[1260.8474446004698, 0.0, 807.968244525554], [0.0, 1260.8474446004698, 495.3344268742088], [0.0, 0.0, 1.0]], [[1256.7414812095406, 0.0, 792.1125740759628], [0.0, 1256.7414812095406, 492.7757465151356], [0.0, 0.0, 1.0]], [[809.2209905677063, 0.0, 829.2196003259838], [0.0, 809.2209905677063, 481.77842384512485], [0.0, 0.0, 1.0]], [[1259.5137405846733, 0.0, 807.2529053838625], [0.0, 1259.5137405846733, 501.19579884916527], [0.0, 0.0, 1.0]]], "extrinsics": [[[0.8207635879516602, -0.5707887411117554, 0.023394126445055008, -0.9649505615234375], [0.008710759691894054, -0.028441864997148514, -0.9995574951171875, 1.5082435607910156], [0.5712014436721802, 0.8206042051315308, -0.01837204582989216, -1.2802734375], [0.0, 0.0, 0.0, 1.0]], [[0.005709734745323658, -0.9994550347328186, 0.032510388642549515, 0.0048828125], [0.003414865816012025, -0.03249124065041542, -0.9994661808013916, 1.5205307006835938], [0.9999777674674988, 0.00581770483404398, 0.0032274897675961256, -1.6922607421875], [0.0, 0.0, 0.0, 1.0]], [[-0.8327966332435608, -0.5535781383514404, 0.0009266916895285249, 1.0322265625], [0.009038815274834633, -0.0152716264128685, -0.9998424649238586, 1.5036449432373047], [0.5535051822662354, -0.8326570987701416, 0.017721854150295258, -1.24871826171875], [0.0, 0.0, 0.0, 1.0]], [[0.9476792812347412, 0.31921622157096863, 0.0022400771267712116, -1.1422119140625], [0.017721915617585182, -0.04560324549674988, -0.9988024234771729, 1.5885543823242188], [-0.31873178482055664, 0.9465840458869934, -0.048874370753765106, -0.1038818359375], [0.0, 0.0, 0.0, 1.0]], [[0.002431266475468874, 0.9993621706962585, -0.03562845662236214, 0.002685546875], [-0.007689184974879026, -0.03560882434248924, -0.9993362426757812, 1.5793533325195312], [-0.9999673962593079, 0.0027036010287702084, 0.007597705814987421, 0.00177001953125], [0.0, 0.0, 0.0, 1.0]], [[-0.9346494674682617, 0.3542606234550476, -0.03049173764884472, 1.136138916015625], [0.024924464523792267, -0.02026858553290367, -0.9994838237762451, 1.55145263671875], [-0.35469573736190796, -0.9349270462989807, 0.010114268399775028, -0.063720703125], [0.0, 0.0, 0.0, 1.0]]], "view": [[0.0, -2.0, 100.0], [-2.0, 0.0, 100.0], [0.0, 0.0, 1.0]], "bev": "bev_be4da7572df94b7cace70800d4171cb6.png", "aux": "aux_be4da7572df94b7cace70800d4171cb6.npz", "visibility": "visibility_be4da7572df94b7cace70800d4171cb6.png", "pose": [[-0.9986971616744995, 0.05102892220020294, 0.0, 550.8961181640625], [-0.05102892220020294, -0.9986971616744995, 0.0, 1361.9859619140625], [0.0, 0.0, 1.0, 0.0], [0.0, 0.0, 0.0, 1.0]], "pose_inverse": [[-0.9986971616744995, -0.05102892220020294, 0.0, 619.6790771484375], [0.05102892220020294, -0.9986971616744995, 0.0, 1332.099853515625], [0.0, 0.0, 1.0, 0.0], [0.0, 0.0, 0.0, 1.0]], "cam_ids": [0, 1, 2, 3, 4, 5], "cam_channels": ["CAM_FRONT_LEFT", "CAM_FRONT", "CAM_FRONT_RIGHT", "CAM_BACK_LEFT", "CAM_BACK", "CAM_BACK_RIGHT"], "token": "be4da7572df94b7cace70800d4171cb6", "scene": "scene-0060"}, {"images": ["samples/CAM_FRONT_LEFT/n015-2018-07-24-11-22-45+0800__CAM_FRONT_LEFT__1532402876004844.jpg", "samples/CAM_FRONT/n015-2018-07-24-11-22-45+0800__CAM_FRONT__1532402876012460.jpg", "samples/CAM_FRONT_RIGHT/n015-2018-07-24-11-22-45+0800__CAM_FRONT_RIGHT__1532402876020339.jpg", "samples/CAM_BACK_LEFT/n015-2018-07-24-11-22-45+0800__CAM_BACK_LEFT__1532402876047423.jpg", "samples/CAM_BACK/n015-2018-07-24-11-22-45+0800__CAM_BACK__1532402876037525.jpg", "samples/CAM_BACK_RIGHT/n015-2018-07-24-11-22-45+0800__CAM_BACK_RIGHT__1532402876027893.jpg"], "intrinsics": [[[1272.5979470598488, 0.0, 826.6154927353808], [0.0, 1272.5979470598488, 479.75165386361925], [0.0, 0.0, 1.0]], [[1266.417203046554, 0.0, 816.2670197447984], [0.0, 1266.417203046554, 491.50706579294757], [0.0, 0.0, 1.0]], [[1260.8474446004698, 0.0, 807.968244525554], [0.0, 1260.8474446004698, 495.3344268742088], [0.0, 0.0, 1.0]], [[1256.7414812095406, 0.0, 792.1125740759628], [0.0, 1256.7414812095406, 492.7757465151356], [0.0, 0.0, 1.0]], [[809.2209905677063, 0.0, 829.2196003259838], [0.0, 809.2209905677063, 481.77842384512485], [0.0, 0.0, 1.0]], [[1259.5137405846733, 0.0, 807.2529053838625], [0.0, 1259.5137405846733, 501.19579884916527], [0.0, 0.0, 1.0]]], "extrinsics": [[[0.820749819278717, -0.5708093047142029, 0.023377900943160057, -0.96490478515625], [0.008655826561152935, -0.02849159575998783, -0.9995565414428711, 1.5082473754882812], [0.571222186088562, 0.820588231086731, -0.018443645909428596, -1.2802734375], [0.0, 0.0, 0.0, 1.0]], [[0.005689677782356739, -0.9994534254074097, 0.032563984394073486, 0.0050048828125], [0.003360172500833869, -0.03254522383213043, -0.9994646310806274, 1.5205345153808594], [0.999978244304657, 0.005796045996248722, 0.003173164092004299, -1.6923828125], [0.0, 0.0, 0.0, 1.0]], [[-0.832806408405304, -0.5535634756088257, 0.001003894954919815, 1.0323486328125], [0.008984742686152458, -0.015330287627875805, -0.9998420476913452, 1.5036439895629883], [0.553491473197937, -0.8326658606529236, 0.01774078607559204, -1.248779296875], [0.0, 0.0, 0.0, 1.0]], [[0.9476813077926636, 0.3192106783390045, 0.002149060135707259, -1.1422119140625], [0.01764976605772972, -0.04567476361989975, -0.9988003969192505, 1.5885543823242188], [-0.31872957944869995, 0.9465824961662292, -0.048919111490249634, -0.1038818359375], [0.0, 0.0, 0.0, 1.0]], [[0.002437908435240388, 0.9993603229522705, -0.03568020462989807, 0.002685546875], [-0.007775988895446062, -0.035660285502672195, -0.9993337392807007, 1.5793533325195312], [-0.9999668002128601, 0.002713731024414301, 0.00768407853320241, 0.001953125], [0.0, 0.0, 0.0, 1.0]], [[-0.9346464276313782, 0.35427147150039673, -0.03045952133834362, 1.1362762451171875], [0.02486754022538662, -0.02032749354839325, -0.999484121799469, 1.55145263671875], [-0.3547079265117645, -0.9349216818809509, 0.010189156979322433, -0.0635986328125], [0.0, 0.0, 0.0, 1.0]]], "view": [[0.0, -2.0, 100.0], [-2.0, 0.0, 100.0], [0.0, 0.0, 1.0]], "bev": "bev_79c62505f1454feda0e837025688af1f.png", "aux": "aux_79c62505f1454feda0e837025688af1f.npz", "visibility": "visibility_79c62505f1454feda0e837025688af1f.png", "pose": [[-0.998694658279419, 0.05107839033007622, 0.0, 550.8961181640625], [-0.05107839033007622, -0.998694658279419, 0.0, 1361.9859619140625], [0.0, 0.0, 1.0, 0.0], [0.0, 0.0, 0.0, 1.0]], "pose_inverse": [[-0.998694658279419, -0.05107839033007622, 0.0, 619.7450561523438], [0.05107839033007622, -0.998694658279419, 0.0, 1332.0692138671875], [0.0, 0.0, 1.0, 0.0], [0.0, 0.0, 0.0, 1.0]], "cam_ids": [0, 1, 2, 3, 4, 5], "cam_channels": ["CAM_FRONT_LEFT", "CAM_FRONT", "CAM_FRONT_RIGHT", "CAM_BACK_LEFT", "CAM_BACK", "CAM_BACK_RIGHT"], "token": "79c62505f1454feda0e837025688af1f", "scene": "scene-0060"}, {"images": ["samples/CAM_FRONT_LEFT/n015-2018-07-24-11-22-45+0800__CAM_FRONT_LEFT__1532402876504844.jpg", "samples/CAM_FRONT/n015-2018-07-24-11-22-45+0800__CAM_FRONT__1532402876512460.jpg", "samples/CAM_FRONT_RIGHT/n015-2018-07-24-11-22-45+0800__CAM_FRONT_RIGHT__1532402876520339.jpg", "samples/CAM_BACK_LEFT/n015-2018-07-24-11-22-45+0800__CAM_BACK_LEFT__1532402876547423.jpg", "samples/CAM_BACK/n015-2018-07-24-11-22-45+0800__CAM_BACK__1532402876537525.jpg", "samples/CAM_BACK_RIGHT/n015-2018-07-24-11-22-45+0800__CAM_BACK_RIGHT__1532402876527893.jpg"], "intrinsics": [[[1272.5979470598488, 0.0, 826.6154927353808], [0.0, 1272.5979470598488, 479.75165386361925], [0.0, 0.0, 1.0]], [[1266.417203046554, 0.0, 816.2670197447984], [0.0, 1266.417203046554, 491.50706579294757], [0.0, 0.0, 1.0]], [[1260.8474446004698, 0.0, 807.968244525554], [0.0, 1260.8474446004698, 495.3344268742088], [0.0, 0.0, 1.0]], [[1256.7414812095406, 0.0, 792.1125740759628], [0.0, 1256.7414812095406, 492.7757465151356], [0.0, 0.0, 1.0]], [[809.2209905677063, 0.0, 829.2196003259838], [0.0, 809.2209905677063, 481.77842384512485], [0.0, 0.0, 1.0]], [[1259.5137405846733, 0.0, 807.2529053838625], [0.0, 1259.5137405846733, 501.19579884916527], [0.0, 0.0, 1.0]]], "extrinsics": [[[0.8207539916038513, -0.5707974433898926, 0.023520391434431076, -0.9648895263671875], [0.008726777508854866, -0.028639426454901695, -0.9995517134666443, 1.5082473754882812], [0.5712150931358337, 0.8205913305282593, -0.01852470263838768, -1.2802734375], [0.0, 0.0, 0.0, 1.0]], [[0.005694189574569464, -0.9994486570358276, 0.032708700746297836, 0.0050048828125], [0.0034353460650891066, -0.03268948942422867, -0.9994596838951111, 1.5205345153808594], [0.9999778866767883, 0.005803477019071579, 0.0032473120372742414, -1.6923828125], [0.0, 0.0, 0.0, 1.0]], [[-0.8328042030334473, -0.5535665154457092, 0.0010155871277675033, 1.0322265625], [0.009064220823347569, -0.015470849350094795, -0.999839186668396, 1.5036420822143555], [0.5534932613372803, -0.8326611518859863, 0.017901837825775146, -1.2486572265625], [0.0, 0.0, 0.0, 1.0]], [[0.9476800560951233, 0.31921419501304626, 0.0021796030923724174, -1.14227294921875], [0.017723448574543, -0.04579741880297661, -0.9987934827804565, 1.5885543823242188], [-0.3187292516231537, 0.9465753436088562, -0.049058880656957626, -0.1038818359375], [0.0, 0.0, 0.0, 1.0]], [[0.002438671886920929, 0.9993554353713989, -0.035816457122564316, 0.0028076171875], [-0.007691380567848682, -0.03579675406217575, -0.9993295073509216, 1.5793533325195312], [-0.9999674558639526, 0.002712518908083439, 0.007599127013236284, 0.001953125], [0.0, 0.0, 0.0, 1.0]], [[-0.9346444010734558, 0.35426610708236694, -0.030584149062633514, 1.1362152099609375], [0.024948040023446083, -0.020466750487685204, -0.9994792342185974, 1.5514545440673828], [-0.35470762848854065, -0.9349206686019897, 0.010290885344147682, -0.0635986328125], [0.0, 0.0, 0.0, 1.0]]], "view": [[0.0, -2.0, 100.0], [-2.0, 0.0, 100.0], [0.0, 0.0, 1.0]], "bev": "bev_4817d561b47e4e6398f1ef5ad69cded9.png", "aux": "aux_4817d561b47e4e6398f1ef5ad69cded9.npz", "visibility": "visibility_4817d561b47e4e6398f1ef5ad69cded9.png", "pose": [[-0.9986975193023682, 0.05102206766605377, 0.0, 550.8961181640625], [-0.05102206766605377, -0.9986975193023682, 0.0, 1361.9859619140625], [0.0, 0.0, 1.0, 0.0], [0.0, 0.0, 0.0, 1.0]], "pose_inverse": [[-0.9986975193023682, -0.05102206766605377, 0.0, 619.669921875], [0.05102206766605377, -0.9986975193023682, 0.0, 1332.1041259765625], [0.0, 0.0, 1.0, 0.0], [0.0, 0.0, 0.0, 1.0]], "cam_ids": [0, 1, 2, 3, 4, 5], "cam_channels": ["CAM_FRONT_LEFT", "CAM_FRONT", "CAM_FRONT_RIGHT", "CAM_BACK_LEFT", "CAM_BACK", "CAM_BACK_RIGHT"], "token": "4817d561b47e4e6398f1ef5ad69cded9", "scene": "scene-0060"}, {"images": ["samples/CAM_FRONT_LEFT/n015-2018-07-24-11-22-45+0800__CAM_FRONT_LEFT__1532402877004844.jpg", "samples/CAM_FRONT/n015-2018-07-24-11-22-45+0800__CAM_FRONT__1532402877012460.jpg", "samples/CAM_FRONT_RIGHT/n015-2018-07-24-11-22-45+0800__CAM_FRONT_RIGHT__1532402877020339.jpg", "samples/CAM_BACK_LEFT/n015-2018-07-24-11-22-45+0800__CAM_BACK_LEFT__1532402877047423.jpg", "samples/CAM_BACK/n015-2018-07-24-11-22-45+0800__CAM_BACK__1532402877037525.jpg", "samples/CAM_BACK_RIGHT/n015-2018-07-24-11-22-45+0800__CAM_BACK_RIGHT__1532402877027893.jpg"], "intrinsics": [[[1272.5979470598488, 0.0, 826.6154927353808], [0.0, 1272.5979470598488, 479.75165386361925], [0.0, 0.0, 1.0]], [[1266.417203046554, 0.0, 816.2670197447984], [0.0, 1266.417203046554, 491.50706579294757], [0.0, 0.0, 1.0]], [[1260.8474446004698, 0.0, 807.968244525554], [0.0, 1260.8474446004698, 495.3344268742088], [0.0, 0.0, 1.0]], [[1256.7414812095406, 0.0, 792.1125740759628], [0.0, 1256.7414812095406, 492.7757465151356], [0.0, 0.0, 1.0]], [[809.2209905677063, 0.0, 829.2196003259838], [0.0, 809.2209905677063, 481.77842384512485], [0.0, 0.0, 1.0]], [[1259.5137405846733, 0.0, 807.2529053838625], [0.0, 1259.5137405846733, 501.19579884916527], [0.0, 0.0, 1.0]]], "extrinsics": [[[0.8207650780677795, -0.570780873298645, 0.02353811264038086, -0.9649200439453125], [0.008715474046766758, -0.02868732623755932, -0.9995504021644592, 1.5082473754882812], [0.5711994767189026, 0.8206011056900024, -0.018570926040410995, -1.2801513671875], [0.0, 0.0, 0.0, 1.0]], [[0.005712719168514013, -0.9994465708732605, 0.0327707901597023, 0.0048828125], [0.0034124678932130337, -0.0327516533434391, -0.9994577169418335, 1.520538330078125], [0.9999778270721436, 0.0058214557357132435, 0.003223478328436613, -1.69232177734375], [0.0, 0.0, 0.0, 1.0]], [[-0.8327955603599548, -0.553579568862915, 0.0010877277236431837, 1.0323486328125], [0.009028972126543522, -0.015547612681984901, -0.9998383522033691, 1.5036449432373047], [0.5535070300102234, -0.8326510787010193, 0.017946235835552216, -1.24871826171875], [0.0, 0.0, 0.0, 1.0]], [[0.9476800560951233, 0.31921473145484924, 0.002158777555450797, -1.14215087890625], [0.01773015409708023, -0.04588242620229721, -0.9987894892692566, 1.5885543823242188], [-0.3187292516231537, 0.9465711116790771, -0.04914158210158348, -0.103759765625], [0.0, 0.0, 0.0, 1.0]], [[0.002431189874187112, 0.999352753162384, -0.03589266166090965, 0.0028076171875], [-0.007699383422732353, -0.03587300330400467, -0.9993267059326172, 1.5793609619140625], [-0.9999674558639526, 0.0027059027925133705, 0.007607183884829283, 0.00189208984375], [0.0, 0.0, 0.0, 1.0]], [[-0.9346500635147095, 0.35425087809562683, -0.030584190040826797, 1.1362457275390625], [0.024918759241700172, -0.020544523373246193, -0.9994783997535706, 1.5514516830444336], [-0.3546944558620453, -0.9349247813224792, 0.010374448262155056, -0.0635986328125], [0.0, 0.0, 0.0, 1.0]]], "view": [[0.0, -2.0, 100.0], [-2.0, 0.0, 100.0], [0.0, 0.0, 1.0]], "bev": "bev_97bb6a06786f4120905d79fcc29c9820.png", "aux": "aux_97bb6a06786f4120905d79fcc29c9820.npz", "visibility": "visibility_97bb6a06786f4120905d79fcc29c9820.png", "pose": [[-0.9986979961395264, 0.05101330205798149, 0.0, 550.8961181640625], [-0.05101330205798149, -0.9986979961395264, 0.0, 1361.9859619140625], [0.0, 0.0, 1.0, 0.0], [0.0, 0.0, 0.0, 1.0]], "pose_inverse": [[-0.9986979961395264, -0.05101330205798149, 0.0, 619.6582641601562], [0.05101330205798149, -0.9986979961395264, 0.0, 1332.109619140625], [0.0, 0.0, 1.0, 0.0], [0.0, 0.0, 0.0, 1.0]], "cam_ids": [0, 1, 2, 3, 4, 5], "cam_channels": ["CAM_FRONT_LEFT", "CAM_FRONT", "CAM_FRONT_RIGHT", "CAM_BACK_LEFT", "CAM_BACK", "CAM_BACK_RIGHT"], "token": "97bb6a06786f4120905d79fcc29c9820", "scene": "scene-0060"}, {"images": ["samples/CAM_FRONT_LEFT/n015-2018-07-24-11-22-45+0800__CAM_FRONT_LEFT__1532402877504844.jpg", "samples/CAM_FRONT/n015-2018-07-24-11-22-45+0800__CAM_FRONT__1532402877512460.jpg", "samples/CAM_FRONT_RIGHT/n015-2018-07-24-11-22-45+0800__CAM_FRONT_RIGHT__1532402877520339.jpg", "samples/CAM_BACK_LEFT/n015-2018-07-24-11-22-45+0800__CAM_BACK_LEFT__1532402877547577.jpg", "samples/CAM_BACK/n015-2018-07-24-11-22-45+0800__CAM_BACK__1532402877537525.jpg", "samples/CAM_BACK_RIGHT/n015-2018-07-24-11-22-45+0800__CAM_BACK_RIGHT__1532402877527893.jpg"], "intrinsics": [[[1272.5979470598488, 0.0, 826.6154927353808], [0.0, 1272.5979470598488, 479.75165386361925], [0.0, 0.0, 1.0]], [[1266.417203046554, 0.0, 816.2670197447984], [0.0, 1266.417203046554, 491.50706579294757], [0.0, 0.0, 1.0]], [[1260.8474446004698, 0.0, 807.968244525554], [0.0, 1260.8474446004698, 495.3344268742088], [0.0, 0.0, 1.0]], [[1256.7414812095406, 0.0, 792.1125740759628], [0.0, 1256.7414812095406, 492.7757465151356], [0.0, 0.0, 1.0]], [[809.2209905677063, 0.0, 829.2196003259838], [0.0, 809.2209905677063, 481.77842384512485], [0.0, 0.0, 1.0]], [[1259.5137405846733, 0.0, 807.2529053838625], [0.0, 1259.5137405846733, 501.19579884916527], [0.0, 0.0, 1.0]]], "extrinsics": [[[0.8207582831382751, -0.5707836151123047, 0.0237017460167408, -0.96502685546875], [0.008873756974935532, -0.02874610759317875, -0.9995473027229309, 1.5082511901855469], [0.5712065696716309, 0.8205971121788025, -0.018528610467910767, -1.2802734375], [0.0, 0.0, 0.0, 1.0]], [[0.005703601520508528, -0.9994450807571411, 0.03281732276082039, 0.005126953125], [0.0035866149701178074, -0.032797202467918396, -0.9994556307792664, 1.520538330078125], [0.9999772906303406, 0.005818201694637537, 0.0033975625410676003, -1.69232177734375], [0.0, 0.0, 0.0, 1.0]], [[-0.8327959179878235, -0.5535792708396912, 0.0009465393959544599, 1.032470703125], [0.009219684638082981, -0.015579518862068653, -0.9998360872268677, 1.5036420822143555], [0.5535032153129578, -0.8326507806777954, 0.018078390508890152, -1.24871826171875], [0.0, 0.0, 0.0, 1.0]], [[0.9476780295372009, 0.3192193806171417, 0.00229244539514184, -1.14215087890625], [0.017884060740470886, -0.045920372009277344, -0.9987850189208984, 1.5885543823242188], [-0.31872624158859253, 0.9465675950050354, -0.04922667518258095, -0.1036376953125], [0.0, 0.0, 0.0, 1.0]], [[0.0024342352990061045, 0.9993509650230408, -0.03593948855996132, 0.0028076171875], [-0.007519385777413845, -0.03592028468847275, -0.9993263483047485, 1.5793571472167969], [-0.9999687075614929, 0.00270283711142838, 0.0074270665645599365, 0.00189208984375], [0.0, 0.0, 0.0, 1.0]], [[-0.9346451759338379, 0.3542478382587433, -0.030768638476729393, 1.1362457275390625], [0.025104466825723648, -0.020575014874339104, -0.9994730949401855, 1.5514516830444336], [-0.35469430685043335, -0.9349251389503479, 0.010337134823203087, -0.063720703125], [0.0, 0.0, 0.0, 1.0]]], "view": [[0.0, -2.0, 100.0], [-2.0, 0.0, 100.0], [0.0, 0.0, 1.0]], "bev": "bev_f7e70c93e7b947d9b2d543e3037940ab.png", "aux": "aux_f7e70c93e7b947d9b2d543e3037940ab.npz", "visibility": "visibility_f7e70c93e7b947d9b2d543e3037940ab.png", "pose": [[-0.998695969581604, 0.051052264869213104, 0.0, 550.8961181640625], [-0.051052264869213104, -0.998695969581604, 0.0, 1361.9859619140625], [0.0, 0.0, 1.0, 0.0], [0.0, 0.0, 0.0, 1.0]], "pose_inverse": [[-0.998695969581604, -0.051052264869213104, 0.0, 619.710205078125], [0.051052264869213104, -0.998695969581604, 0.0, 1332.08544921875], [0.0, 0.0, 1.0, 0.0], [0.0, 0.0, 0.0, 1.0]], "cam_ids": [0, 1, 2, 3, 4, 5], "cam_channels": ["CAM_FRONT_LEFT", "CAM_FRONT", "CAM_FRONT_RIGHT", "CAM_BACK_LEFT", "CAM_BACK", "CAM_BACK_RIGHT"], "token": "f7e70c93e7b947d9b2d543e3037940ab", "scene": "scene-0060"}, {"images": ["samples/CAM_FRONT_LEFT/n015-2018-07-24-11-22-45+0800__CAM_FRONT_LEFT__1532402878004844.jpg", "samples/CAM_FRONT/n015-2018-07-24-11-22-45+0800__CAM_FRONT__1532402878012460.jpg", "samples/CAM_FRONT_RIGHT/n015-2018-07-24-11-22-45+0800__CAM_FRONT_RIGHT__1532402878020339.jpg", "samples/CAM_BACK_LEFT/n015-2018-07-24-11-22-45+0800__CAM_BACK_LEFT__1532402878047423.jpg", "samples/CAM_BACK/n015-2018-07-24-11-22-45+0800__CAM_BACK__1532402878037525.jpg", "samples/CAM_BACK_RIGHT/n015-2018-07-24-11-22-45+0800__CAM_BACK_RIGHT__1532402878027893.jpg"], "intrinsics": [[[1272.5979470598488, 0.0, 826.6154927353808], [0.0, 1272.5979470598488, 479.75165386361925], [0.0, 0.0, 1.0]], [[1266.417203046554, 0.0, 816.2670197447984], [0.0, 1266.417203046554, 491.50706579294757], [0.0, 0.0, 1.0]], [[1260.8474446004698, 0.0, 807.968244525554], [0.0, 1260.8474446004698, 495.3344268742088], [0.0, 0.0, 1.0]], [[1256.7414812095406, 0.0, 792.1125740759628], [0.0, 1256.7414812095406, 492.7757465151356], [0.0, 0.0, 1.0]], [[809.2209905677063, 0.0, 829.2196003259838], [0.0, 809.2209905677063, 481.77842384512485], [0.0, 0.0, 1.0]], [[1259.5137405846733, 0.0, 807.2529053838625], [0.0, 1259.5137405846733, 501.19579884916527], [0.0, 0.0, 1.0]]], "extrinsics": [[[0.8207572102546692, -0.5707861185073853, 0.023679932579398155, -0.9649505615234375], [0.008844269439578056, -0.028750209137797356, -0.9995474815368652, 1.5082435607910156], [0.5712085962295532, 0.8205952644348145, -0.01854875683784485, -1.2801513671875], [0.0, 0.0, 0.0, 1.0]], [[0.005702709313482046, -0.9994446635246277, 0.03282870352268219, 0.0050048828125], [0.0035404618829488754, -0.032808851450681686, -0.9994553923606873, 1.5205307006835938], [0.9999774694442749, 0.005815836135298014, 0.0033513964153826237, -1.6923828125], [0.0, 0.0, 0.0, 1.0]], [[-0.8327957391738892, -0.5535794496536255, 0.0010100872023031116, 1.032470703125], [0.00915633887052536, -0.015598992817103863, -0.9998363852500916, 1.5036420822143555], [0.5535046458244324, -0.8326502442359924, 0.018059536814689636, -1.24859619140625], [0.0, 0.0, 0.0, 1.0]], [[0.9476789832115173, 0.31921735405921936, 0.0022213465999811888, -1.142333984375], [0.01781521737575531, -0.04593878611922264, -0.9987853765487671, 1.5885543823242188], [-0.3187275528907776, 0.9465674161911011, -0.04922214522957802, -0.103759765625], [0.0, 0.0, 0.0, 1.0]], [[0.002431105123832822, 0.9993505477905273, -0.03595340996980667, 0.0028076171875], [-0.007598447147756815, -0.03593401610851288, -0.9993252754211426, 1.5793571472167969], [-0.9999681115150452, 0.002702656900510192, 0.007506153080612421, 0.00189208984375], [0.0, 0.0, 0.0, 1.0]], [[-0.9346479177474976, 0.3542447090148926, -0.03072178363800049, 1.1361465454101562], [0.02504541724920273, -0.020598692819476128, -0.999474048614502, 1.5514488220214844], [-0.35469120740890503, -0.93492591381073, 0.010380323976278305, -0.0635986328125], [0.0, 0.0, 0.0, 1.0]]], "view": [[0.0, -2.0, 100.0], [-2.0, 0.0, 100.0], [0.0, 0.0, 1.0]], "bev": "bev_8749a1d9f17f466ea535cb88fe0b8a86.png", "aux": "aux_8749a1d9f17f466ea535cb88fe0b8a86.npz", "visibility": "visibility_8749a1d9f17f466ea535cb88fe0b8a86.png", "pose": [[-0.9987024068832397, 0.0509263277053833, 0.0, 550.8961181640625], [-0.0509263277053833, -0.9987024068832397, 0.0, 1361.9859619140625], [0.0, 0.0, 1.0, 0.0], [0.0, 0.0, 0.0, 1.0]], "pose_inverse": [[-0.9987024068832397, -0.0509263277053833, 0.0, 619.542236328125], [0.0509263277053833, -0.9987024068832397, 0.0, 1332.16357421875], [0.0, 0.0, 1.0, 0.0], [0.0, 0.0, 0.0, 1.0]], "cam_ids": [0, 1, 2, 3, 4, 5], "cam_channels": ["CAM_FRONT_LEFT", "CAM_FRONT", "CAM_FRONT_RIGHT", "CAM_BACK_LEFT", "CAM_BACK", "CAM_BACK_RIGHT"], "token": "8749a1d9f17f466ea535cb88fe0b8a86", "scene": "scene-0060"}, {"images": ["samples/CAM_FRONT_LEFT/n015-2018-07-24-11-22-45+0800__CAM_FRONT_LEFT__1532402878504844.jpg", "samples/CAM_FRONT/n015-2018-07-24-11-22-45+0800__CAM_FRONT__1532402878512460.jpg", "samples/CAM_FRONT_RIGHT/n015-2018-07-24-11-22-45+0800__CAM_FRONT_RIGHT__1532402878520339.jpg", "samples/CAM_BACK_LEFT/n015-2018-07-24-11-22-45+0800__CAM_BACK_LEFT__1532402878547423.jpg", "samples/CAM_BACK/n015-2018-07-24-11-22-45+0800__CAM_BACK__1532402878537525.jpg", "samples/CAM_BACK_RIGHT/n015-2018-07-24-11-22-45+0800__CAM_BACK_RIGHT__1532402878527893.jpg"], "intrinsics": [[[1272.5979470598488, 0.0, 826.6154927353808], [0.0, 1272.5979470598488, 479.75165386361925], [0.0, 0.0, 1.0]], [[1266.417203046554, 0.0, 816.2670197447984], [0.0, 1266.417203046554, 491.50706579294757], [0.0, 0.0, 1.0]], [[1260.8474446004698, 0.0, 807.968244525554], [0.0, 1260.8474446004698, 495.3344268742088], [0.0, 0.0, 1.0]], [[1256.7414812095406, 0.0, 792.1125740759628], [0.0, 1256.7414812095406, 492.7757465151356], [0.0, 0.0, 1.0]], [[809.2209905677063, 0.0, 829.2196003259838], [0.0, 809.2209905677063, 481.77842384512485], [0.0, 0.0, 1.0]], [[1259.5137405846733, 0.0, 807.2529053838625], [0.0, 1259.5137405846733, 501.19579884916527], [0.0, 0.0, 1.0]]], "extrinsics": [[[0.8207634091377258, -0.5707761645317078, 0.023706618696451187, -0.964935302734375], [0.008869088254868984, -0.028761636465787888, -0.9995469450950623, 1.5082473754882812], [0.571199357509613, 0.820601761341095, -0.018544234335422516, -1.2802734375], [0.0, 0.0, 0.0, 1.0]], [[0.005710527766495943, -0.9994440078735352, 0.0328461118042469, 0.0050048828125], [0.003574759466573596, -0.03282603621482849, -0.99945467710495, 1.520538330078125], [0.9999772906303406, 0.005824829451739788, 0.003385319374501705, -1.69232177734375], [0.0, 0.0, 0.0, 1.0]], [[-0.8327940106391907, -0.5535818934440613, 0.0009863353334367275, 1.0321044921875], [0.009200261905789375, -0.015622071921825409, -0.9998356103897095, 1.5036439895629883], [0.5535064339637756, -0.8326480388641357, 0.018103068694472313, -1.24884033203125], [0.0, 0.0, 0.0, 1.0]], [[0.9476782083511353, 0.31921902298927307, 0.0022503845393657684, -1.14215087890625], [0.017858821898698807, -0.045977115631103516, -0.9987828135490417, 1.5885543823242188], [-0.3187270164489746, 0.9465650320053101, -0.04927239567041397, -0.103759765625], [0.0, 0.0, 0.0, 1.0]], [[0.0024330085143446922, 0.9993492960929871, -0.03598763421177864, 0.002685546875], [-0.007553651928901672, -0.035968344658613205, -0.9993244409561157, 1.5793571472167969], [-0.9999684691429138, 0.0027032012585550547, 0.00746122607961297, 0.001953125], [0.0, 0.0, 0.0, 1.0]], [[-0.9346461892127991, 0.3542458415031433, -0.03075994737446308, 1.136138916015625], [0.02507609687745571, -0.020625365898013115, -0.9994727373123169, 1.5514507293701172], [-0.3546935021877289, -0.934924840927124, 0.010394318029284477, -0.063720703125], [0.0, 0.0, 0.0, 1.0]]], "view": [[0.0, -2.0, 100.0], [-2.0, 0.0, 100.0], [0.0, 0.0, 1.0]], "bev": "bev_a42221fa885a4ec596a01c25e239f7eb.png", "aux": "aux_a42221fa885a4ec596a01c25e239f7eb.npz", "visibility": "visibility_a42221fa885a4ec596a01c25e239f7eb.png", "pose": [[-0.9986996054649353, 0.05098094418644905, 0.0, 550.8961181640625], [-0.05098094418644905, -0.9986996054649353, 0.0, 1361.9859619140625], [0.0, 0.0, 1.0, 0.0], [0.0, 0.0, 0.0, 1.0]], "pose_inverse": [[-0.9986996054649353, -0.05098094418644905, 0.0, 619.6150512695312], [0.05098094418644905, -0.9986996054649353, 0.0, 1332.129638671875], [0.0, 0.0, 1.0, 0.0], [0.0, 0.0, 0.0, 1.0]], "cam_ids": [0, 1, 2, 3, 4, 5], "cam_channels": ["CAM_FRONT_LEFT", "CAM_FRONT", "CAM_FRONT_RIGHT", "CAM_BACK_LEFT", "CAM_BACK", "CAM_BACK_RIGHT"], "token": "a42221fa885a4ec596a01c25e239f7eb", "scene": "scene-0060"}, {"images": ["samples/CAM_FRONT_LEFT/n015-2018-07-24-11-22-45+0800__CAM_FRONT_LEFT__1532402879004844.jpg", "samples/CAM_FRONT/n015-2018-07-24-11-22-45+0800__CAM_FRONT__1532402879012460.jpg", "samples/CAM_FRONT_RIGHT/n015-2018-07-24-11-22-45+0800__CAM_FRONT_RIGHT__1532402879020339.jpg", "samples/CAM_BACK_LEFT/n015-2018-07-24-11-22-45+0800__CAM_BACK_LEFT__1532402879047423.jpg", "samples/CAM_BACK/n015-2018-07-24-11-22-45+0800__CAM_BACK__1532402879037525.jpg", "samples/CAM_BACK_RIGHT/n015-2018-07-24-11-22-45+0800__CAM_BACK_RIGHT__1532402879027893.jpg"], "intrinsics": [[[1272.5979470598488, 0.0, 826.6154927353808], [0.0, 1272.5979470598488, 479.75165386361925], [0.0, 0.0, 1.0]], [[1266.417203046554, 0.0, 816.2670197447984], [0.0, 1266.417203046554, 491.50706579294757], [0.0, 0.0, 1.0]], [[1260.8474446004698, 0.0, 807.968244525554], [0.0, 1260.8474446004698, 495.3344268742088], [0.0, 0.0, 1.0]], [[1256.7414812095406, 0.0, 792.1125740759628], [0.0, 1256.7414812095406, 492.7757465151356], [0.0, 0.0, 1.0]], [[809.2209905677063, 0.0, 829.2196003259838], [0.0, 809.2209905677063, 481.77842384512485], [0.0, 0.0, 1.0]], [[1259.5137405846733, 0.0, 807.2529053838625], [0.0, 1259.5137405846733, 501.19579884916527], [0.0, 0.0, 1.0]]], "extrinsics": [[[0.8207578659057617, -0.5707812309265137, 0.023778188973665237, -0.964935302734375], [0.008865764364600182, -0.02889142371714115, -0.9995432496070862, 1.5082435607910156], [0.5712074637413025, 0.8205937743186951, -0.018652450293302536, -1.2802734375], [0.0, 0.0, 0.0, 1.0]], [[0.005701743997633457, -0.9994398951530457, 0.032973743975162506, 0.0050048828125], [0.0035807467065751553, -0.032953664660453796, -0.9994505047798157, 1.5205345153808594], [0.9999772906303406, 0.0058166757225990295, 0.0033908486366271973, -1.6922607421875], [0.0, 0.0, 0.0, 1.0]], [[-0.8327973484992981, -0.5535770058631897, 0.001042562653310597, 1.0322265625], [0.00921607669442892, -0.01574760675430298, -0.9998334646224976, 1.5036449432373047], [0.5535011887550354, -0.8326491713523865, 0.018216373398900032, -1.2486572265625], [0.0, 0.0, 0.0, 1.0]], [[0.9476778507232666, 0.31922033429145813, 0.0022588716819882393, -1.14215087890625], [0.017905255779623985, -0.04608824849128723, -0.9987768530845642, 1.5885543823242188], [-0.3187257647514343, 0.9465591311454773, -0.04939253255724907, -0.1036376953125], [0.0, 0.0, 0.0, 1.0]], [[0.0024352658074349165, 0.9993453025817871, -0.036099161952733994, 0.0028076171875], [-0.007521536201238632, -0.03607994318008423, -0.9993206262588501, 1.5793533325195312], [-0.9999687671661377, 0.0027051307260990143, 0.0074287476018071175, 0.0018310546875], [0.0, 0.0, 0.0, 1.0]], [[-0.9346442818641663, 0.3542451858520508, -0.030830081552267075, 1.136199951171875], [0.02510448358952999, -0.02074825018644333, -0.999469518661499, 1.5514507293701172], [-0.35469695925712585, -0.934922456741333, 0.010499089024960995, -0.0635986328125], [0.0, 0.0, 0.0, 1.0]]], "view": [[0.0, -2.0, 100.0], [-2.0, 0.0, 100.0], [0.0, 0.0, 1.0]], "bev": "bev_8eb626e3ac6f49f6a728dc0637f86555.png", "aux": "aux_8eb626e3ac6f49f6a728dc0637f86555.npz", "visibility": "visibility_8eb626e3ac6f49f6a728dc0637f86555.png", "pose": [[-0.9986991882324219, 0.05099005997180939, 0.0, 550.8961181640625], [-0.05099005997180939, -0.9986991882324219, 0.0, 1361.9859619140625], [0.0, 0.0, 1.0, 0.0], [0.0, 0.0, 0.0, 1.0]], "pose_inverse": [[-0.9986991882324219, -0.05099005997180939, 0.0, 619.6272583007812], [0.05099005997180939, -0.9986991882324219, 0.0, 1332.1240234375], [0.0, 0.0, 1.0, 0.0], [0.0, 0.0, 0.0, 1.0]], "cam_ids": [0, 1, 2, 3, 4, 5], "cam_channels": ["CAM_FRONT_LEFT", "CAM_FRONT", "CAM_FRONT_RIGHT", "CAM_BACK_LEFT", "CAM_BACK", "CAM_BACK_RIGHT"], "token": "8eb626e3ac6f49f6a728dc0637f86555", "scene": "scene-0060"}, {"images": ["samples/CAM_FRONT_LEFT/n015-2018-07-24-11-22-45+0800__CAM_FRONT_LEFT__1532402879404844.jpg", "samples/CAM_FRONT/n015-2018-07-24-11-22-45+0800__CAM_FRONT__1532402879412460.jpg", "samples/CAM_FRONT_RIGHT/n015-2018-07-24-11-22-45+0800__CAM_FRONT_RIGHT__1532402879420339.jpg", "samples/CAM_BACK_LEFT/n015-2018-07-24-11-22-45+0800__CAM_BACK_LEFT__1532402879447423.jpg", "samples/CAM_BACK/n015-2018-07-24-11-22-45+0800__CAM_BACK__1532402879437636.jpg", "samples/CAM_BACK_RIGHT/n015-2018-07-24-11-22-45+0800__CAM_BACK_RIGHT__1532402879427893.jpg"], "intrinsics": [[[1272.5979470598488, 0.0, 826.6154927353808], [0.0, 1272.5979470598488, 479.75165386361925], [0.0, 0.0, 1.0]], [[1266.417203046554, 0.0, 816.2670197447984], [0.0, 1266.417203046554, 491.50706579294757], [0.0, 0.0, 1.0]], [[1260.8474446004698, 0.0, 807.968244525554], [0.0, 1260.8474446004698, 495.3344268742088], [0.0, 0.0, 1.0]], [[1256.7414812095406, 0.0, 792.1125740759628], [0.0, 1256.7414812095406, 492.7757465151356], [0.0, 0.0, 1.0]], [[809.2209905677063, 0.0, 829.2196003259838], [0.0, 809.2209905677063, 481.77842384512485], [0.0, 0.0, 1.0]], [[1259.5137405846733, 0.0, 807.2529053838625], [0.0, 1259.5137405846733, 501.19579884916527], [0.0, 0.0, 1.0]]], "extrinsics": [[[0.8207532167434692, -0.5707847476005554, 0.023849191144108772, -0.9649658203125], [0.008918529376387596, -0.02893969975411892, -0.9995413422584534, 1.5082511901855469], [0.5712131857872009, 0.8205894827842712, -0.01866179332137108, -1.2801513671875], [0.0, 0.0, 0.0, 1.0]], [[0.005697600077837706, -0.9994381666183472, 0.03302653133869171, 0.005126953125], [0.003623698838055134, -0.0330062098801136, -0.9994486570358276, 1.5205307006835938], [0.999977171421051, 0.005814132746309042, 0.003433607053011656, -1.6922607421875], [0.0, 0.0, 0.0, 1.0]], [[-0.8327975273132324, -0.5535765886306763, 0.0010467976098880172, 1.0323486328125], [0.009248897433280945, -0.01580464094877243, -0.9998323321342468, 1.5036401748657227], [0.553500235080719, -0.8326482176780701, 0.01828204281628132, -1.24871826171875], [0.0, 0.0, 0.0, 1.0]], [[0.947677493095398, 0.3192211389541626, 0.0022465637885034084, -1.14208984375], [0.017909346148371696, -0.04613878205418587, -0.9987744688987732, 1.5885505676269531], [-0.31872621178627014, 0.9465563893318176, -0.049441732466220856, -0.1036376953125], [0.0, 0.0, 0.0, 1.0]], [[0.0024347573053091764, 0.9993431568145752, -0.036157526075839996, 0.0028076171875], [-0.007498221006244421, -0.036138374358415604, -0.9993186593055725, 1.5793533325195312], [-0.9999688863754272, 0.002704209415242076, 0.007405306678265333, 0.00189208984375], [0.0, 0.0, 0.0, 1.0]], [[-0.9346439838409424, 0.35424160957336426, -0.03087877668440342, 1.1361236572265625], [0.025134531781077385, -0.020806415006518364, -0.9994675517082214, 1.5514497756958008], [-0.35469549894332886, -0.9349225163459778, 0.010542893782258034, -0.0635986328125], [0.0, 0.0, 0.0, 1.0]]], "view": [[0.0, -2.0, 100.0], [-2.0, 0.0, 100.0], [0.0, 0.0, 1.0]], "bev": "bev_311108d7caa44309903ab2f908057f8b.png", "aux": "aux_311108d7caa44309903ab2f908057f8b.npz", "visibility": "visibility_311108d7caa44309903ab2f908057f8b.png", "pose": [[-0.9986973404884338, 0.051025521010160446, 0.0, 550.8961181640625], [-0.051025521010160446, -0.9986973404884338, 0.0, 1361.9859619140625], [0.0, 0.0, 1.0, 0.0], [0.0, 0.0, 0.0, 1.0]], "pose_inverse": [[-0.9986973404884338, -0.051025521010160446, 0.0, 619.674560546875], [0.051025521010160446, -0.9986973404884338, 0.0, 1332.10205078125], [0.0, 0.0, 1.0, 0.0], [0.0, 0.0, 0.0, 1.0]], "cam_ids": [0, 1, 2, 3, 4, 5], "cam_channels": ["CAM_FRONT_LEFT", "CAM_FRONT", "CAM_FRONT_RIGHT", "CAM_BACK_LEFT", "CAM_BACK", "CAM_BACK_RIGHT"], "token": "311108d7caa44309903ab2f908057f8b", "scene": "scene-0060"}, {"images": ["samples/CAM_FRONT_LEFT/n015-2018-07-24-11-22-45+0800__CAM_FRONT_LEFT__1532402879904844.jpg", "samples/CAM_FRONT/n015-2018-07-24-11-22-45+0800__CAM_FRONT__1532402879912460.jpg", "samples/CAM_FRONT_RIGHT/n015-2018-07-24-11-22-45+0800__CAM_FRONT_RIGHT__1532402879920339.jpg", "samples/CAM_BACK_LEFT/n015-2018-07-24-11-22-45+0800__CAM_BACK_LEFT__1532402879947423.jpg", "samples/CAM_BACK/n015-2018-07-24-11-22-45+0800__CAM_BACK__1532402879937926.jpg", "samples/CAM_BACK_RIGHT/n015-2018-07-24-11-22-45+0800__CAM_BACK_RIGHT__1532402879927893.jpg"], "intrinsics": [[[1272.5979470598488, 0.0, 826.6154927353808], [0.0, 1272.5979470598488, 479.75165386361925], [0.0, 0.0, 1.0]], [[1266.417203046554, 0.0, 816.2670197447984], [0.0, 1266.417203046554, 491.50706579294757], [0.0, 0.0, 1.0]], [[1260.8474446004698, 0.0, 807.968244525554], [0.0, 1260.8474446004698, 495.3344268742088], [0.0, 0.0, 1.0]], [[1256.7414812095406, 0.0, 792.1125740759628], [0.0, 1256.7414812095406, 492.7757465151356], [0.0, 0.0, 1.0]], [[809.2209905677063, 0.0, 829.2196003259838], [0.0, 809.2209905677063, 481.77842384512485], [0.0, 0.0, 1.0]], [[1259.5137405846733, 0.0, 807.2529053838625], [0.0, 1259.5137405846733, 501.19579884916527], [0.0, 0.0, 1.0]]], "extrinsics": [[[0.8207604289054871, -0.5707685351371765, 0.023992905393242836, -0.9650421142578125], [0.008957291953265667, -0.029136093333363533, -0.999535322189331, 1.5082473754882812], [0.5712023973464966, 0.8205938935279846, -0.018801212310791016, -1.2802734375], [0.0, 0.0, 0.0, 1.0]], [[0.005707409232854843, -0.9994319081306458, 0.033215947449207306, 0.0050048828125], [0.0036593149416148663, -0.03319539502263069, -0.9994422197341919, 1.5205345153808594], [0.9999769926071167, 0.005825771950185299, 0.003467776346951723, -1.69232177734375], [0.0, 0.0, 0.0, 1.0]], [[-0.8327934741973877, -0.5535826683044434, 0.001120729953981936, 1.032470703125], [0.009281076490879059, -0.015986334532499313, -0.999829113483429, 1.5036420822143555], [0.5535059571266174, -0.8326407670974731, 0.018451161682605743, -1.24871826171875], [0.0, 0.0, 0.0, 1.0]], [[0.9476770758628845, 0.3192228078842163, 0.0022263864520937204, -1.1422119140625], [0.01794872246682644, -0.04631859064102173, -0.9987654685974121, 1.5885505676269531], [-0.3187256455421448, 0.9465470910072327, -0.04962471127510071, -0.1036376953125], [0.0, 0.0, 0.0, 1.0]], [[0.0024328927975147963, 0.9993367195129395, -0.03633711114525795, 0.0028076171875], [-0.007476646453142166, -0.03631802275776863, -0.9993123412132263, 1.5793571472167969], [-0.9999690055847168, 0.0027028932236135006, 0.00738332886248827, 0.0018310546875], [0.0, 0.0, 0.0, 1.0]], [[-0.9346444606781006, 0.35423222184181213, -0.030970633029937744, 1.1362457275390625], [0.02516540326178074, -0.02098425291478634, -0.9994630813598633, 1.551447868347168], [-0.35469189286231995, -0.9349220395088196, 0.010698419995605946, -0.0635986328125], [0.0, 0.0, 0.0, 1.0]]], "view": [[0.0, -2.0, 100.0], [-2.0, 0.0, 100.0], [0.0, 0.0, 1.0]], "bev": "bev_d2dc9326a1a74fac886774de316ac3e1.png", "aux": "aux_d2dc9326a1a74fac886774de316ac3e1.npz", "visibility": "visibility_d2dc9326a1a74fac886774de316ac3e1.png", "pose": [[-0.9986937046051025, 0.05109695345163345, 0.0, 550.8961181640625], [-0.05109695345163345, -0.9986937046051025, 0.0, 1361.9859619140625], [0.0, 0.0, 1.0, 0.0], [0.0, 0.0, 0.0, 1.0]], "pose_inverse": [[-0.9986937046051025, -0.05109695345163345, 0.0, 619.7698364257812], [0.05109695345163345, -0.9986937046051025, 0.0, 1332.0577392578125], [0.0, 0.0, 1.0, 0.0], [0.0, 0.0, 0.0, 1.0]], "cam_ids": [0, 1, 2, 3, 4, 5], "cam_channels": ["CAM_FRONT_LEFT", "CAM_FRONT", "CAM_FRONT_RIGHT", "CAM_BACK_LEFT", "CAM_BACK", "CAM_BACK_RIGHT"], "token": "d2dc9326a1a74fac886774de316ac3e1", "scene": "scene-0060"}, {"images": ["samples/CAM_FRONT_LEFT/n015-2018-07-24-11-22-45+0800__CAM_FRONT_LEFT__1532402880404844.jpg", "samples/CAM_FRONT/n015-2018-07-24-11-22-45+0800__CAM_FRONT__1532402880412460.jpg", "samples/CAM_FRONT_RIGHT/n015-2018-07-24-11-22-45+0800__CAM_FRONT_RIGHT__1532402880420339.jpg", "samples/CAM_BACK_LEFT/n015-2018-07-24-11-22-45+0800__CAM_BACK_LEFT__1532402880447428.jpg", "samples/CAM_BACK/n015-2018-07-24-11-22-45+0800__CAM_BACK__1532402880437525.jpg", "samples/CAM_BACK_RIGHT/n015-2018-07-24-11-22-45+0800__CAM_BACK_RIGHT__1532402880427893.jpg"], "intrinsics": [[[1272.5979470598488, 0.0, 826.6154927353808], [0.0, 1272.5979470598488, 479.75165386361925], [0.0, 0.0, 1.0]], [[1266.417203046554, 0.0, 816.2670197447984], [0.0, 1266.417203046554, 491.50706579294757], [0.0, 0.0, 1.0]], [[1260.8474446004698, 0.0, 807.968244525554], [0.0, 1260.8474446004698, 495.3344268742088], [0.0, 0.0, 1.0]], [[1256.7414812095406, 0.0, 792.1125740759628], [0.0, 1256.7414812095406, 492.7757465151356], [0.0, 0.0, 1.0]], [[809.2209905677063, 0.0, 829.2196003259838], [0.0, 809.2209905677063, 481.77842384512485], [0.0, 0.0, 1.0]], [[1259.5137405846733, 0.0, 807.2529053838625], [0.0, 1259.5137405846733, 501.19579884916527], [0.0, 0.0, 1.0]]], "extrinsics": [[[0.820753812789917, -0.5707738995552063, 0.02409149520099163, -0.964996337890625], [0.008994083851575851, -0.029255501925945282, -0.9995315074920654, 1.5082435607910156], [0.5712112784385681, 0.8205859065055847, -0.01887797936797142, -1.2802734375], [0.0, 0.0, 0.0, 1.0]], [[0.005698342341929674, -0.9994279742240906, 0.03333286568522453, 0.0050048828125], [0.0037071569822728634, -0.03331206366419792, -0.9994381666183472, 1.5205345153808594], [0.9999769330024719, 0.005818700883537531, 0.0035152120981365442, -1.69244384765625], [0.0, 0.0, 0.0, 1.0]], [[-0.8327958583831787, -0.5535789728164673, 0.0011342472862452269, 1.032470703125], [0.009340510703623295, -0.01610030233860016, -0.9998267292976379, 1.5036439895629883], [0.553501307964325, -0.832641065120697, 0.01857897825539112, -1.248779296875], [0.0, 0.0, 0.0, 1.0]], [[0.9476761221885681, 0.3192254900932312, 0.0022630474995821714, -1.1422119140625], [0.01802334375679493, -0.04642501845955849, -0.9987591505050659, 1.5885543823242188], [-0.31872430443763733, 0.9465409517288208, -0.04974939301609993, -0.103759765625], [0.0, 0.0, 0.0, 1.0]], [[0.0024353167973458767, 0.9993326663970947, -0.036444466561079025,