[{"images": ["samples/CAM_FRONT_LEFT/n015-2018-07-24-11-22-45+0800__CAM_FRONT_LEFT__1532402815504844.jpg", "samples/CAM_FRONT/n015-2018-07-24-11-22-45+0800__CAM_FRONT__1532402815512460.jpg", "samples/CAM_FRONT_RIGHT/n015-2018-07-24-11-22-45+0800__CAM_FRONT_RIGHT__1532402815520339.jpg", "samples/CAM_BACK_LEFT/n015-2018-07-24-11-22-45+0800__CAM_BACK_LEFT__1532402815547423.jpg", "samples/CAM_BACK/n015-2018-07-24-11-22-45+0800__CAM_BACK__1532402815537525.jpg", "samples/CAM_BACK_RIGHT/n015-2018-07-24-11-22-45+0800__CAM_BACK_RIGHT__1532402815527893.jpg"], "intrinsics": [[[1272.5979470598488, 0.0, 826.6154927353808], [0.0, 1272.5979470598488, 479.75165386361925], [0.0, 0.0, 1.0]], [[1266.417203046554, 0.0, 816.2670197447984], [0.0, 1266.417203046554, 491.50706579294757], [0.0, 0.0, 1.0]], [[1260.8474446004698, 0.0, 807.968244525554], [0.0, 1260.8474446004698, 495.3344268742088], [0.0, 0.0, 1.0]], [[1256.7414812095406, 0.0, 792.1125740759628], [0.0, 1256.7414812095406, 492.7757465151356], [0.0, 0.0, 1.0]], [[809.2209905677063, 0.0, 829.2196003259838], [0.0, 809.2209905677063, 481.77842384512485], [0.0, 0.0, 1.0]], [[1259.5137405846733, 0.0, 807.2529053838625], [0.0, 1259.5137405846733, 501.19579884916527], [0.0, 0.0, 1.0]]], "extrinsics": [[[0.8198912739753723, -0.5720502138137817, 0.023169521242380142, -0.4940185546875], [0.012384113855659962, -0.022739481180906296, -0.9996646642684937, 1.5153961181640625], [0.572385311126709, 0.8199033737182617, -0.011559566482901573, -0.954345703125], [0.0, 0.0, 0.0, 1.0]], [[0.004491561092436314, -0.999627947807312, 0.02690069004893303, 0.009033203125], [0.00686960993334651, -0.026869481429457664, -0.9996153712272644, 1.5238265991210938], [0.9999663233757019, 0.004674630239605904, 0.006746367085725069, -1.220611572265625], [0.0, 0.0, 0.0, 1.0]], [[-0.8332726955413818, -0.5528408885002136, -0.004853737540543079, 0.7274169921875], [0.012288817204535007, -0.009743845090270042, -0.9998769760131836, 1.5081720352172852], [0.552725613117218, -0.8332298398017883, 0.014913041144609451, -1.0445556640625], [0.0, 0.0, 0.0, 1.0]], [[0.947855532169342, 0.3186410963535309, 0.006134476978331804, -1.13427734375], [0.020056305453181267, -0.040428727865219116, -0.9989811182022095, 1.5886955261230469], [-0.3180684447288513, 0.9470128417015076, -0.04471135884523392, -0.1058349609375], [0.0, 0.0, 0.0, 1.0]], [[0.0031063291244208813, 0.9995365142822266, -0.03028407320380211, 0.0029296875], [-0.005005117040127516, -0.030268298462033272, -0.9995293021202087, 1.5786666870117188], [-0.9999825954437256, 0.003256432479247451, 0.004908774979412556, -0.1373291015625], [0.0, 0.0, 0.0, 1.0]], [[-0.9343290328979492, 0.35502660274505615, -0.03138906508684158, 0.8866729736328125], [0.027943583205342293, -0.014829461462795734, -0.999499499797821, 1.5589189529418945], [-0.35531437397003174, -0.9347385764122009, 0.003934881184250116, -0.1573486328125], [0.0, 0.0, 0.0, 1.0]]], "view": [[0.0, -2.0, 100.0], [-2.0, 0.0, 100.0], [0.0, 0.0, 1.0]], "bev": "bev_325b2cf83d0948cbbe968de2bad19578.png", "aux": "aux_325b2cf83d0948cbbe968de2bad19578.npz", "visibility": "visibility_325b2cf83d0948cbbe968de2bad19578.png", "pose": [[-0.9811017513275146, -0.19349247217178345, 0.0, 734.6205444335938], [0.19349247217178345, -0.9811017513275146, 0.0, 1452.8167724609375], [0.0, 0.0, 1.0, 0.0], [0.0, 0.0, 0.0, 1.0]], "pose_inverse": [[-0.9811017513275146, 0.19349247217178345, 0.0, 439.6283874511719], [-0.19349247217178345, -0.9811017513275146, 0.0, 1567.504638671875], [0.0, 0.0, 1.0, 0.0], [0.0, 0.0, 0.0, 1.0]], "cam_ids": [0, 1, 2, 3, 4, 5], "cam_channels": ["CAM_FRONT_LEFT", "CAM_FRONT", "CAM_FRONT_RIGHT", "CAM_BACK_LEFT", "CAM_BACK", "CAM_BACK_RIGHT"], "token": "325b2cf83d0948cbbe968de2bad19578", "scene": "scene-0058"}, {"images": ["samples/CAM_FRONT_LEFT/n015-2018-07-24-11-22-45+0800__CAM_FRONT_LEFT__1532402816104844.jpg", "samples/CAM_FRONT/n015-2018-07-24-11-22-45+0800__CAM_FRONT__1532402816112460.jpg", "samples/CAM_FRONT_RIGHT/n015-2018-07-24-11-22-45+0800__CAM_FRONT_RIGHT__1532402816120339.jpg", "samples/CAM_BACK_LEFT/n015-2018-07-24-11-22-45+0800__CAM_BACK_LEFT__1532402816147423.jpg", "samples/CAM_BACK/n015-2018-07-24-11-22-45+0800__CAM_BACK__1532402816137525.jpg", "samples/CAM_BACK_RIGHT/n015-2018-07-24-11-22-45+0800__CAM_BACK_RIGHT__1532402816127893.jpg"], "intrinsics": [[[1272.5979470598488, 0.0, 826.6154927353808], [0.0, 1272.5979470598488, 479.75165386361925], [0.0, 0.0, 1.0]], [[1266.417203046554, 0.0, 816.2670197447984], [0.0, 1266.417203046554, 491.50706579294757], [0.0, 0.0, 1.0]], [[1260.8474446004698, 0.0, 807.968244525554], [0.0, 1260.8474446004698, 495.3344268742088], [0.0, 0.0, 1.0]], [[1256.7414812095406, 0.0, 792.1125740759628], [0.0, 1256.7414812095406, 492.7757465151356], [0.0, 0.0, 1.0]], [[809.2209905677063, 0.0, 829.2196003259838], [0.0, 809.2209905677063, 481.77842384512485], [0.0, 0.0, 1.0]], [[1259.5137405846733, 0.0, 807.2529053838625], [0.0, 1259.5137405846733, 501.19579884916527], [0.0, 0.0, 1.0]]], "extrinsics": [[[0.819675624370575, -0.5724239349365234, 0.02151145413517952, -0.4705810546875], [0.007790227886289358, -0.026410209015011787, -0.9996208548545837, 1.513092041015625], [0.5727750658988953, 0.8195323348045349, -0.01718848943710327, -0.9432373046875], [0.0, 0.0, 0.0, 1.0]], [[0.003985721617937088, -0.9995263814926147, 0.030513374134898186, 0.0126953125], [0.002454842673614621, -0.03050374425947666, -0.999531626701355, 1.5219268798828125], [0.9999889731407166, 0.004058768041431904, 0.0023321008775383234, -1.197906494140625], [0.0, 0.0, 0.0, 1.0]], [[-0.8336694240570068, -0.5522634387016296, 0.0006423238664865494, 0.7125244140625], [0.008072324097156525, -0.013348512351512909, -0.9998782873153687, 1.5068292617797852], [0.5522048473358154, -0.8335627317428589, 0.015586297027766705, -1.0311279296875], [0.0, 0.0, 0.0, 1.0]], [[0.9477489590644836, 0.3190124034881592, 0.0017487311270087957, -1.128173828125], [0.016643114387989044, -0.04396912083029747, -0.998894214630127, 1.58880615234375], [-0.3185827434062958, 0.9467300772666931, -0.046981051564216614, -0.108642578125], [0.0, 0.0, 0.0, 1.0]], [[0.003258806886151433, 0.9994204640388489, -0.03388378769159317, 0.00146484375], [-0.008752207271754742, -0.0338541641831398, -0.9993885159492493, 1.5780982971191406], [-0.9999563694000244, 0.003553371410816908, 0.008636809885501862, -0.14935302734375], [0.0, 0.0, 0.0, 1.0]], [[-0.9341775178909302, 0.3556366264820099, -0.028897425159811974, 0.8699951171875], [0.02390092797577381, -0.018436094745993614, -0.9995443224906921, 1.5582962036132812], [-0.35600730776786804, -0.9344424605369568, 0.008722539059817791, -0.1610107421875], [0.0, 0.0, 0.0, 1.0]]], "view": [[0.0, -2.0, 100.0], [-2.0, 0.0, 100.0], [0.0, 0.0, 1.0]], "bev": "bev_5c1ebb91d57c4d2d98e9931d5ecc0a0b.png", "aux": "aux_5c1ebb91d57c4d2d98e9931d5ecc0a0b.npz", "visibility": "visibility_5c1ebb91d57c4d2d98e9931d5ecc0a0b.png", "pose": [[-0.9838207960128784, -0.17915526032447815, 0.0, 726.6806030273438], [0.17915526032447815, -0.9838207960128784, 0.0, 1454.401123046875], [0.0, 0.0, 1.0, 0.0], [0.0, 0.0, 0.0, 1.0]], "pose_inverse": [[-0.9838207960128784, 0.17915526032447815, 0.0, 454.3598937988281], [-0.17915526032447815, -0.9838207960128784, 0.0, 1561.0587158203125], [0.0, 0.0, 1.0, 0.0], [0.0, 0.0, 0.0, 1.0]], "cam_ids": [0, 1, 2, 3, 4, 5], "cam_channels": ["CAM_FRONT_LEFT", "CAM_FRONT", "CAM_FRONT_RIGHT", "CAM_BACK_LEFT", "CAM_BACK", "CAM_BACK_RIGHT"], "token": "5c1ebb91d57c4d2d98e9931d5ecc0a0b", "scene": "scene-0058"}, {"images": ["samples/CAM_FRONT_LEFT/n015-2018-07-24-11-22-45+0800__CAM_FRONT_LEFT__1532402816604844.jpg", "samples/CAM_FRONT/n015-2018-07-24-11-22-45+0800__CAM_FRONT__1532402816612460.jpg", "samples/CAM_FRONT_RIGHT/n015-2018-07-24-11-22-45+0800__CAM_FRONT_RIGHT__1532402816620339.jpg", "samples/CAM_BACK_LEFT/n015-2018-07-24-11-22-45+0800__CAM_BACK_LEFT__1532402816647423.jpg", "samples/CAM_BACK/n015-2018-07-24-11-22-45+0800__CAM_BACK__1532402816637525.jpg", "samples/CAM_BACK_RIGHT/n015-2018-07-24-11-22-45+0800__CAM_BACK_RIGHT__1532402816627893.jpg"], "intrinsics": [[[1272.5979470598488, 0.0, 826.6154927353808], [0.0, 1272.5979470598488, 479.75165386361925], [0.0, 0.0, 1.0]], [[1266.417203046554, 0.0, 816.2670197447984], [0.0, 1266.417203046554, 491.50706579294757], [0.0, 0.0, 1.0]], [[1260.8474446004698, 0.0, 807.968244525554], [0.0, 1260.8474446004698, 495.3344268742088], [0.0, 0.0, 1.0]], [[1256.7414812095406, 0.0, 792.1125740759628], [0.0, 1256.7414812095406, 492.7757465151356], [0.0, 0.0, 1.0]], [[809.2209905677063, 0.0, 829.2196003259838], [0.0, 809.2209905677063, 481.77842384512485], [0.0, 0.0, 1.0]], [[1259.5137405846733, 0.0, 807.2529053838625], [0.0, 1259.5137405846733, 501.19579884916527], [0.0, 0.0, 1.0]]], "extrinsics": [[[0.8203861117362976, -0.5715936422348022, 0.015726760029792786, -0.463165283203125], [0.003733284305781126, -0.022148704156279564, -0.9997477531433105, 1.5106620788574219], [0.5717976093292236, 0.8202378749847412, -0.016036570072174072, -0.9388427734375], [0.0, 0.0, 0.0, 1.0]], [[0.005125077441334724, -0.999643087387085, 0.026217631995677948, 0.01318359375], [-0.0014277828158810735, -0.026225266978144646, -0.9996550679206848, 1.5199661254882812], [0.9999858140945435, 0.005085869692265987, -0.0015616801101714373, -1.190948486328125], [0.0, 0.0, 0.0, 1.0]], [[-0.833141565322876, -0.5530580282211304, 0.0013770631048828363, 0.7078857421875], [0.00434762192890048, -0.009039155207574368, -0.9999496340751648, 1.5053863525390625], [0.5530426502227783, -0.8330936431884766, 0.009935387410223484, -1.0281982421875], [0.0, 0.0, 0.0, 1.0]], [[0.9477552771568298, 0.31899818778038025, 0.00020505394786596298, -1.12506103515625], [0.013406386598944664, -0.03918861597776413, -0.9991418719291687, 1.5888099670410156], [-0.3187163770198822, 0.9469447731971741, -0.04141783341765404, -0.1099853515625], [0.0, 0.0, 0.0, 1.0]], [[0.0026748236268758774, 0.9995690584182739, -0.029232315719127655, 0.0015869140625], [-0.012175948359072208, -0.02919769659638405, -0.999499499797821, 1.5775222778320312], [-0.9999222159385681, 0.003029422601684928, 0.012092601507902145, -0.152923583984375], [0.0, 0.0, 0.0, 1.0]], [[-0.9345812201499939, 0.35493847727775574, -0.024011697620153427, 0.8662490844726562], [0.020353296771645546, -0.014037778601050377, -0.999694287776947, 1.5573453903198242], [-0.35516706109046936, -0.9347842335700989, 0.005895277485251427, -0.1630859375], [0.0, 0.0, 0.0, 1.0]]], "view": [[0.0, -2.0, 100.0], [-2.0, 0.0, 100.0], [0.0, 0.0, 1.0]], "bev": "bev_f78b5540459741c6aadcf6d00a62864f.png", "aux": "aux_f78b5540459741c6aadcf6d00a62864f.npz", "visibility": "visibility_f78b5540459741c6aadcf6d00a62864f.png", "pose": [[-0.9868810176849365, -0.161449134349823, 0.0, 719.8579711914062], [0.161449134349823, -0.9868810176849365, 0.0, 1455.6434326171875], [0.0, 0.0, 1.0, 0.0], [0.0, 0.0, 0.0, 1.0]], "pose_inverse": [[-0.9868810176849365, 0.161449134349823, 0.0, 475.4018249511719], [-0.161449134349823, -0.9868810176849365, 0.0, 1552.767333984375], [0.0, 0.0, 1.0, 0.0], [0.0, 0.0, 0.0, 1.0]], "cam_ids": [0, 1, 2, 3, 4, 5], "cam_channels": ["CAM_FRONT_LEFT", "CAM_FRONT", "CAM_FRONT_RIGHT", "CAM_BACK_LEFT", "CAM_BACK", "CAM_BACK_RIGHT"], "token": "f78b5540459741c6aadcf6d00a62864f", "scene": "scene-0058"}, {"images": ["samples/CAM_FRONT_LEFT/n015-2018-07-24-11-22-45+0800__CAM_FRONT_LEFT__1532402817104844.jpg", "samples/CAM_FRONT/n015-2018-07-24-11-22-45+0800__CAM_FRONT__1532402817112460.jpg", "samples/CAM_FRONT_RIGHT/n015-2018-07-24-11-22-45+0800__CAM_FRONT_RIGHT__1532402817120339.jpg", "samples/CAM_BACK_LEFT/n015-2018-07-24-11-22-45+0800__CAM_BACK_LEFT__1532402817147423.jpg", "samples/CAM_BACK/n015-2018-07-24-11-22-45+0800__CAM_BACK__1532402817137525.jpg", "samples/CAM_BACK_RIGHT/n015-2018-07-24-11-22-45+0800__CAM_BACK_RIGHT__1532402817127893.jpg"], "intrinsics": [[[1272.5979470598488, 0.0, 826.6154927353808], [0.0, 1272.5979470598488, 479.75165386361925], [0.0, 0.0, 1.0]], [[1266.417203046554, 0.0, 816.2670197447984], [0.0, 1266.417203046554, 491.50706579294757], [0.0, 0.0, 1.0]], [[1260.8474446004698, 0.0, 807.968244525554], [0.0, 1260.8474446004698, 495.3344268742088], [0.0, 0.0, 1.0]], [[1256.7414812095406, 0.0, 792.1125740759628], [0.0, 1256.7414812095406, 492.7757465151356], [0.0, 0.0, 1.0]], [[809.2209905677063, 0.0, 829.2196003259838], [0.0, 809.2209905677063, 481.77842384512485], [0.0, 0.0, 1.0]], [[1259.5137405846733, 0.0, 807.2529053838625], [0.0, 1259.5137405846733, 501.19579884916527], [0.0, 0.0, 1.0]]], "extrinsics": [[[0.8204341530799866, -0.5715067386627197, 0.016366692259907722, -0.4798583984375], [0.0009459096472710371, -0.027269218116998672, -0.9996276497840881, 1.5088958740234375], [0.5717402696609497, 0.8201441764831543, -0.021832004189491272, -0.9464111328125], [0.0, 0.0, 0.0, 1.0]], [[0.005207160022109747, -0.9994902014732361, 0.03149855509400368, 0.0101318359375], [-0.004219607915729284, -0.03152066469192505, -0.9994942545890808, 1.5185775756835938], [0.9999775886535645, 0.005071607884019613, -0.004381589125841856, -1.208251953125], [0.0, 0.0, 0.0, 1.0]], [[-0.8331282138824463, -0.5530387759208679, 0.006738359574228525, 0.72021484375], [0.0015499759465456009, -0.014517913572490215, -0.9998933672904968, 1.5042591094970703], [0.5530776977539062, -0.8330289721488953, 0.01295248232781887, -1.03912353515625], [0.0, 0.0, 0.0, 1.0]], [[0.9477515816688538, 0.3189806342124939, -0.004270138218998909, -1.14044189453125], [0.010796469636261463, -0.04545055702328682, -0.9989082217216492, 1.5886383056640625], [-0.31882646679878235, 0.9466707706451416, -0.04651970416307449, -0.105712890625], [0.0, 0.0, 0.0, 1.0]], [[0.0025884322822093964, 0.9993740320205688, -0.035283103585243225, 0.0018310546875], [-0.01486522238701582, -0.035240866243839264, -0.9992682933807373, 1.5773353576660156], [-0.999886155128479, 0.0031110423151403666, 0.014764698222279549, -0.137176513671875], [0.0, 0.0, 0.0, 1.0]], [[-0.9346490502357483, 0.35479870438575745, -0.023429974913597107, 0.8812484741210938], [0.01757671684026718, -0.019711855798959732, -0.9996511936187744, 1.5562629699707031], [-0.35513681173324585, -0.9347349405288696, 0.012187469750642776, -0.15869140625], [0.0, 0.0, 0.0, 1.0]]], "view": [[0.0, -2.0, 100.0], [-2.0, 0.0, 100.0], [0.0, 0.0, 1.0]], "bev": "bev_2fa38fc35fc84171aa236d7d90fa4a05.png", "aux": "aux_2fa38fc35fc84171aa236d7d90fa4a05.npz", "visibility": "visibility_2fa38fc35fc84171aa236d7d90fa4a05.png", "pose": [[-0.9883580207824707, -0.1521461308002472, 0.0, 713.0764770507812], [0.1521461308002472, -0.9883580207824707, 0.0, 1456.767822265625], [0.0, 0.0, 1.0, 0.0], [0.0, 0.0, 0.0, 1.0]], "pose_inverse": [[-0.9883580207824707, 0.1521461308002472, 0.0, 483.13323974609375], [-0.1521461308002472, -0.9883580207824707, 0.0, 1548.2999267578125], [0.0, 0.0, 1.0, 0.0], [0.0, 0.0, 0.0, 1.0]], "cam_ids": [0, 1, 2, 3, 4, 5], "cam_channels": ["CAM_FRONT_LEFT", "CAM_FRONT", "CAM_FRONT_RIGHT", "CAM_BACK_LEFT", "CAM_BACK", "CAM_BACK_RIGHT"], "token": "2fa38fc35fc84171aa236d7d90fa4a05", "scene": "scene-0058"}, {"images": ["samples/CAM_FRONT_LEFT/n015-2018-07-24-11-22-45+0800__CAM_FRONT_LEFT__1532402817604844.jpg", "samples/CAM_FRONT/n015-2018-07-24-11-22-45+0800__CAM_FRONT__1532402817612460.jpg", "samples/CAM_FRONT_RIGHT/n015-2018-07-24-11-22-45+0800__CAM_FRONT_RIGHT__1532402817620339.jpg", "samples/CAM_BACK_LEFT/n015-2018-07-24-11-22-45+0800__CAM_BACK_LEFT__1532402817647423.jpg", "samples/CAM_BACK/n015-2018-07-24-11-22-45+0800__CAM_BACK__1532402817637525.jpg", "samples/CAM_BACK_RIGHT/n015-2018-07-24-11-22-45+0800__CAM_BACK_RIGHT__1532402817627893.jpg"], "intrinsics": [[[1272.5979470598488, 0.0, 826.6154927353808], [0.0, 1272.5979470598488, 479.75165386361925], [0.0, 0.0, 1.0]], [[1266.417203046554, 0.0, 816.2670197447984], [0.0, 1266.417203046554, 491.50706579294757], [0.0, 0.0, 1.0]], [[1260.8474446004698, 0.0, 807.968244525554], [0.0, 1260.8474446004698, 495.3344268742088], [0.0, 0.0, 1.0]], [[1256.7414812095406, 0.0, 792.1125740759628], [0.0, 1256.7414812095406, 492.7757465151356], [0.0, 0.0, 1.0]], [[809.2209905677063, 0.0, 829.2196003259838], [0.0, 809.2209905677063, 481.77842384512485], [0.0, 0.0, 1.0]], [[1259.5137405846733, 0.0, 807.2529053838625], [0.0, 1259.5137405846733, 501.19579884916527], [0.0, 0.0, 1.0]]], "extrinsics": [[[0.820647120475769, -0.5711063146591187, 0.019388346001505852, -0.503265380859375], [0.0035715883132070303, -0.028802279382944107, -0.9995787143707275, 1.5103721618652344], [0.5714240670204163, 0.820370614528656, -0.021596752107143402, -0.9639892578125], [0.0, 0.0, 0.0, 1.0]], [[0.005505465902388096, -0.9994508028030396, 0.03267498314380646, 0.0111083984375], [-0.0017568343318998814, -0.03268510103225708, -0.9994641542434692, 1.5198478698730469], [0.9999833106994629, 0.005445098038762808, -0.001935815205797553, -1.23388671875], [0.0, 0.0, 0.0, 1.0]], [[-0.8329727053642273, -0.5532889366149902, 0.005267113447189331, 0.739013671875], [0.0038385423831641674, -0.01529735792428255, -0.9998756051063538, 1.5050506591796875], [0.5533007383346558, -0.8328489661216736, 0.01486610621213913, -1.050537109375], [0.0, 0.0, 0.0, 1.0]], [[0.9474924206733704, 0.3197665214538574, -0.0027206591330468655, -1.14959716796875], [0.012345300056040287, -0.045079030096530914, -0.9989070892333984, 1.5885162353515625], [-0.3195396959781647, 0.9464234113693237, -0.04665965586900711, -0.1024169921875], [0.0, 0.0, 0.0, 1.0]], [[0.0021767423022538424, 0.9993744492530823, -0.03530076891183853, 0.0015869140625], [-0.012994241900742054, -0.0352696068584919, -0.9992933869361877, 1.5777816772460938], [-0.999913215637207, 0.0026339292526245117, 0.012909340672194958, -0.123199462890625], [0.0, 0.0, 0.0, 1.0]], [[-0.9346817135810852, 0.35456621646881104, -0.025550350546836853, 0.8982696533203125], [0.01968814991414547, -0.020131830126047134, -0.9996034502983093, 1.5564861297607422], [-0.3549399971961975, -0.9348142147064209, 0.011836104094982147, -0.151611328125], [0.0, 0.0, 0.0, 1.0]]], "view": [[0.0, -2.0, 100.0], [-2.0, 0.0, 100.0], [0.0, 0.0, 1.0]], "bev": "bev_1e14d1cc3abf42038014608edf3c67a9.png", "aux": "aux_1e14d1cc3abf42038014608edf3c67a9.npz", "visibility": "visibility_1e14d1cc3abf42038014608edf3c67a9.png", "pose": [[-0.9898872971534729, -0.14185607433319092, 0.0, 706.4164428710938], [0.14185607433319092, -0.9898872971534729, 0.0, 1457.799072265625], [0.0, 0.0, 1.0, 0.0], [0.0, 0.0, 0.0, 1.0]], "pose_inverse": [[-0.9898872971534729, 0.14185607433319092, 0.0, 492.4750061035156], [-0.14185607433319092, -0.9898872971534729, 0.0, 1543.2662353515625], [0.0, 0.0, 1.0, 0.0], [0.0, 0.0, 0.0, 1.0]], "cam_ids": [0, 1, 2, 3, 4, 5], "cam_channels": ["CAM_FRONT_LEFT", "CAM_FRONT", "CAM_FRONT_RIGHT", "CAM_BACK_LEFT", "CAM_BACK", "CAM_BACK_RIGHT"], "token": "1e14d1cc3abf42038014608edf3c67a9", "scene": "scene-0058"}, {"images": ["samples/CAM_FRONT_LEFT/n015-2018-07-24-11-22-45+0800__CAM_FRONT_LEFT__1532402818104844.jpg", "samples/CAM_FRONT/n015-2018-07-24-11-22-45+0800__CAM_FRONT__1532402818112460.jpg", "samples/CAM_FRONT_RIGHT/n015-2018-07-24-11-22-45+0800__CAM_FRONT_RIGHT__1532402818120339.jpg", "samples/CAM_BACK_LEFT/n015-2018-07-24-11-22-45+0800__CAM_BACK_LEFT__1532402818147423.jpg", "samples/CAM_BACK/n015-2018-07-24-11-22-45+0800__CAM_BACK__1532402818137525.jpg", "samples/CAM_BACK_RIGHT/n015-2018-07-24-11-22-45+0800__CAM_BACK_RIGHT__1532402818127893.jpg"], "intrinsics": [[[1272.5979470598488, 0.0, 826.6154927353808], [0.0, 1272.5979470598488, 479.75165386361925], [0.0, 0.0, 1.0]], [[1266.417203046554, 0.0, 816.2670197447984], [0.0, 1266.417203046554, 491.50706579294757], [0.0, 0.0, 1.0]], [[1260.8474446004698, 0.0, 807.968244525554], [0.0, 1260.8474446004698, 495.3344268742088], [0.0, 0.0, 1.0]], [[1256.7414812095406, 0.0, 792.1125740759628], [0.0, 1256.7414812095406, 492.7757465151356], [0.0, 0.0, 1.0]], [[809.2209905677063, 0.0, 829.2196003259838], [0.0, 809.2209905677063, 481.77842384512485], [0.0, 0.0, 1.0]], [[1259.5137405846733, 0.0, 807.2529053838625], [0.0, 1259.5137405846733, 501.19579884916527], [0.0, 0.0, 1.0]]], "extrinsics": [[[0.8207387924194336, -0.5710934996604919, 0.015489540994167328, -0.519622802734375], [0.004473759327083826, -0.020687121897935867, -0.9997760057449341, 1.5107460021972656], [0.5712859630584717, 0.8206242322921753, -0.014423790387809277, -0.97509765625], [0.0, 0.0, 0.0, 1.0]], [[0.005634901113808155, -0.9996798634529114, 0.0246630497276783, 0.0106201171875], [-0.0008420562953688204, -0.024668175727128983, -0.999695360660553, 1.5202445983886719], [0.9999837279319763, 0.005612409673631191, -0.0009807891910895705, -1.250335693359375], [0.0, 0.0, 0.0, 1.0]], [[-0.8329022526741028, -0.5534201264381409, 0.00011456782522145659, 0.7498779296875], [0.004763945005834103, -0.007376789581030607, -0.9999614357948303, 1.5052852630615234], [0.5533995628356934, -0.8328695893287659, 0.00878060795366764, -1.05780029296875], [0.0, 0.0, 0.0, 1.0]], [[0.9476847648620605, 0.3192073106765747, 0.0003951885155402124, -1.1502685546875], [0.01301574893295765, -0.037404995411634445, -0.9992154240608215, 1.5884361267089844], [-0.3189420700073242, 0.946946382522583, -0.03960287198424339, -0.1007080078125], [0.0, 0.0, 0.0, 1.0]], [[0.002399264834821224, 0.9996175765991211, -0.02754853293299675, 0.002197265625], [-0.012137363664805889, -0.027517471462488174, -0.9995476603507996, 1.5779266357421875], [-0.9999234080314636, 0.0027325476985424757, 0.012066701427102089, -0.117767333984375], [0.0, 0.0, 0.0, 1.0]], [[-0.9346978664398193, 0.35465678572654724, -0.02363327145576477, 0.9074783325195312], [0.020607974380254745, -0.012305515818297863, -0.9997118711471558, 1.5565013885498047], [-0.35484543442726135, -0.9349155426025391, 0.004193179775029421, -0.1485595703125], [0.0, 0.0, 0.0, 1.0]]], "view": [[0.0, -2.0, 100.0], [-2.0, 0.0, 100.0], [0.0, 0.0, 1.0]], "bev": "bev_88d8593746884a89a899292b226e6bbc.png", "aux": "aux_88d8593746884a89a899292b226e6bbc.npz", "visibility": "visibility_88d8593746884a89a899292b226e6bbc.png", "pose": [[-0.9907951951026917, -0.135369211435318, 0.0, 700.0015258789062], [0.135369211435318, -0.9907951951026917, 0.0, 1458.7344970703125], [0.0, 0.0, 1.0, 0.0], [0.0, 0.0, 0.0, 1.0]], "pose_inverse": [[-0.9907951951026917, 0.135369211435318, 0.0, 496.0904235839844], [-0.135369211435318, -0.9907951951026917, 0.0, 1540.0657958984375], [0.0, 0.0, 1.0, 0.0], [0.0, 0.0, 0.0, 1.0]], "cam_ids": [0, 1, 2, 3, 4, 5], "cam_channels": ["CAM_FRONT_LEFT", "CAM_FRONT", "CAM_FRONT_RIGHT", "CAM_BACK_LEFT", "CAM_BACK", "CAM_BACK_RIGHT"], "token": "88d8593746884a89a899292b226e6bbc", "scene": "scene-0058"}, {"images": ["samples/CAM_FRONT_LEFT/n015-2018-07-24-11-22-45+0800__CAM_FRONT_LEFT__1532402818604844.jpg", "samples/CAM_FRONT/n015-2018-07-24-11-22-45+0800__CAM_FRONT__1532402818612460.jpg", "samples/CAM_FRONT_RIGHT/n015-2018-07-24-11-22-45+0800__CAM_FRONT_RIGHT__1532402818620339.jpg", "samples/CAM_BACK_LEFT/n015-2018-07-24-11-22-45+0800__CAM_BACK_LEFT__1532402818647423.jpg", "samples/CAM_BACK/n015-2018-07-24-11-22-45+0800__CAM_BACK__1532402818637525.jpg", "samples/CAM_BACK_RIGHT/n015-2018-07-24-11-22-45+0800__CAM_BACK_RIGHT__1532402818627893.jpg"], "intrinsics": [[[1272.5979470598488, 0.0, 826.6154927353808], [0.0, 1272.5979470598488, 479.75165386361925], [0.0, 0.0, 1.0]], [[1266.417203046554, 0.0, 816.2670197447984], [0.0, 1266.417203046554, 491.50706579294757], [0.0, 0.0, 1.0]], [[1260.8474446004698, 0.0, 807.968244525554], [0.0, 1260.8474446004698, 495.3344268742088], [0.0, 0.0, 1.0]], [[1256.7414812095406, 0.0, 792.1125740759628], [0.0, 1256.7414812095406, 492.7757465151356], [0.0, 0.0, 1.0]], [[809.2209905677063, 0.0, 829.2196003259838], [0.0, 809.2209905677063, 481.77842384512485], [0.0, 0.0, 1.0]], [[1259.5137405846733, 0.0, 807.2529053838625], [0.0, 1259.5137405846733, 501.19579884916527], [0.0, 0.0, 1.0]]], "extrinsics": [[[0.8200603723526001, -0.5720570087432861, 0.015865320339798927, -0.54632568359375], [0.0020850487053394318, -0.02473628520965576, -0.9996918439865112, 1.509368896484375], [0.5722731947898865, 0.8198407888412476, -0.019092479720711708, -0.9913330078125], [0.0, 0.0, 0.0, 1.0]], [[0.00469390070065856, -0.9995702505111694, 0.02893378771841526, 0.0089111328125], [-0.003354933112859726, -0.028949687257409096, -0.9995752573013306, 1.5191993713378906], [0.9999833106994629, 0.0045948452316224575, -0.0034893786069005728, -1.27734375], [0.0, 0.0, 0.0, 1.0]], [[-0.8333339095115662, -0.5527490377426147, 0.004801644012331963, 0.76806640625], [0.00213952106423676, -0.011911784298717976, -0.999926745891571, 1.5043420791625977], [0.5527657866477966, -0.8332626223564148, 0.011109113693237305, -1.07159423828125], [0.0, 0.0, 0.0, 1.0]], [[0.947647213935852, 0.3192982077598572, -0.003667099867016077, -1.154541015625], [0.010497636161744595, -0.042629800736904144, -0.9990357756614685, 1.5884552001953125], [-0.31914666295051575, 0.9466949701309204, -0.043749891221523285, -0.1004638671875], [0.0, 0.0, 0.0, 1.0]], [[0.00257043051533401, 0.9994668960571289, -0.0325477235019207, 0.0023193359375], [-0.014848212711513042, -0.03250609710812569, -0.9993612170219421, 1.5777778625488281], [-0.9998864531517029, 0.0030520856380462646, 0.014756741002202034, -0.10601806640625], [0.0, 0.0, 0.0, 1.0]], [[-0.9345530867576599, 0.35509318113327026, -0.02278980426490307, 0.9252166748046875], [0.017892830073833466, -0.017068859189748764, -0.9996941685676575, 1.555497169494629], [-0.3553735911846161, -0.9346750974655151, 0.009598135016858578, -0.1427001953125], [0.0, 0.0, 0.0, 1.0]]], "view": [[0.0, -2.0, 100.0], [-2.0, 0.0, 100.0], [0.0, 0.0, 1.0]], "bev": "bev_10e1b1d85b45424c8ba1a65ecdad7507.png", "aux": "aux_10e1b1d85b45424c8ba1a65ecdad7507.npz", "visibility": "visibility_10e1b1d85b45424c8ba1a65ecdad7507.png", "pose": [[-0.9919699430465698, -0.1264737993478775, 0.0, 693.82080078125], [0.1264737993478775, -0.9919699430465698, 0.0, 1459.602294921875], [0.0, 0.0, 1.0, 0.0], [0.0, 0.0, 0.0, 1.0]], "pose_inverse": [[-0.9919699430465698, 0.1264737993478775, 0.0, 503.64794921875], [-0.1264737993478775, -0.9919699430465698, 0.0, 1535.6317138671875], [0.0, 0.0, 1.0, 0.0], [0.0, 0.0, 0.0, 1.0]], "cam_ids": [0, 1, 2, 3, 4, 5], "cam_channels": ["CAM_FRONT_LEFT", "CAM_FRONT", "CAM_FRONT_RIGHT", "CAM_BACK_LEFT", "CAM_BACK", "CAM_BACK_RIGHT"], "token": "10e1b1d85b45424c8ba1a65ecdad7507", "scene": "scene-0058"}, {"images": ["samples/CAM_FRONT_LEFT/n015-2018-07-24-11-22-45+0800__CAM_FRONT_LEFT__1532402819104844.jpg", "samples/CAM_FRONT/n015-2018-07-24-11-22-45+0800__CAM_FRONT__1532402819112460.jpg", "samples/CAM_FRONT_RIGHT/n015-2018-07-24-11-22-45+0800__CAM_FRONT_RIGHT__1532402819120339.jpg", "samples/CAM_BACK_LEFT/n015-2018-07-24-11-22-45+0800__CAM_BACK_LEFT__1532402819147423.jpg", "samples/CAM_BACK/n015-2018-07-24-11-22-45+0800__CAM_BACK__1532402819137525.jpg", "samples/CAM_BACK_RIGHT/n015-2018-07-24-11-22-45+0800__CAM_BACK_RIGHT__1532402819127893.jpg"], "intrinsics": [[[1272.5979470598488, 0.0, 826.6154927353808], [0.0, 1272.5979470598488, 479.75165386361925], [0.0, 0.0, 1.0]], [[1266.417203046554, 0.0, 816.2670197447984], [0.0, 1266.417203046554, 491.50706579294757], [0.0, 0.0, 1.0]], [[1260.8474446004698, 0.0, 807.968244525554], [0.0, 1260.8474446004698, 495.3344268742088], [0.0, 0.0, 1.0]], [[1256.7414812095406, 0.0, 792.1125740759628], [0.0, 1256.7414812095406, 492.7757465151356], [0.0, 0.0, 1.0]], [[809.2209905677063, 0.0, 829.2196003259838], [0.0, 809.2209905677063, 481.77842384512485], [0.0, 0.0, 1.0]], [[1259.5137405846733, 0.0, 807.2529053838625], [0.0, 1259.5137405846733, 501.19579884916527], [0.0, 0.0, 1.0]]], "extrinsics": [[[0.8196988701820374, -0.5725105404853821, 0.018038500100374222, -0.563629150390625], [0.0018561255419626832, -0.02883702516555786, -0.9995824098587036, 1.5092201232910156], [0.5727916955947876, 0.8193899989128113, -0.022575024515390396, -1.0028076171875], [0.0, 0.0, 0.0, 1.0]], [[0.004180160351097584, -0.9994493126869202, 0.03291613236069679, 0.008544921875], [-0.0034894291311502457, -0.03293079882860184, -0.9994515776634216, 1.5192070007324219], [0.9999851584434509, 0.004063013009727001, -0.003625163808465004, -1.29339599609375], [0.0, 0.0, 0.0, 1.0]], [[-0.8335556387901306, -0.552391529083252, 0.006955551449209452, 0.77734375], [0.0021118358708918095, -0.01577685959637165, -0.9998732805252075, 1.5043182373046875], [0.5524312853813171, -0.8334354162216187, 0.014317451976239681, -1.07794189453125], [0.0, 0.0, 0.0, 1.0]], [[0.9477450847625732, 0.318993479013443, -0.00472678430378437, -1.1536865234375], [0.010647217743098736, -0.04643438383936882, -0.9988645911216736, 1.5884017944335938], [-0.3188507556915283, 0.9466187357902527, -0.04740435630083084, -0.0994873046875], [0.0, 0.0, 0.0, 1.0]], [[0.0028537807520478964, 0.9993365406990051, -0.036308467388153076, 0.0028076171875], [-0.014774632640182972, -0.03626251593232155, -0.999233067035675, 1.57781982421875], [-0.999886691570282, 0.003388042561709881, 0.014661343768239021, -0.103271484375], [0.0, 0.0, 0.0, 1.0]], [[-0.934448778629303, 0.3552762567996979, -0.024172397330403328, 0.9312934875488281], [0.017934555187821388, -0.020841069519519806, -0.9996219277381897, 1.5554008483886719], [-0.35564571619033813, -0.9345289468765259, 0.013103186152875423, -0.1405029296875], [0.0, 0.0, 0.0, 1.0]]], "view": [[0.0, -2.0, 100.0], [-2.0, 0.0, 100.0], [0.0, 0.0, 1.0]], "bev": "bev_cb7a7ed1777d4913ade22ffd12218505.png", "aux": "aux_cb7a7ed1777d4913ade22ffd12218505.npz", "visibility": "visibility_cb7a7ed1777d4913ade22ffd12218505.png", "pose": [[-0.9936493635177612, -0.11252061277627945, 0.0, 687.8855590820312], [0.11252061277627945, -0.9936493635177612, 0.0, 1460.32080078125], [0.0, 0.0, 1.0, 0.0], [0.0, 0.0, 0.0, 1.0]], "pose_inverse": [[-0.9936493635177612, 0.11252061277627945, 0.0, 519.2008666992188], [-0.11252061277627945, -0.9936493635177612, 0.0, 1528.4481201171875], [0.0, 0.0, 1.0, 0.0], [0.0, 0.0, 0.0, 1.0]], "cam_ids": [0, 1, 2, 3, 4, 5], "cam_channels": ["CAM_FRONT_LEFT", "CAM_FRONT", "CAM_FRONT_RIGHT", "CAM_BACK_LEFT", "CAM_BACK", "CAM_BACK_RIGHT"], "token": "cb7a7ed1777d4913ade22ffd12218505", "scene": "scene-0058"}, {"images": ["samples/CAM_FRONT_LEFT/n015-2018-07-24-11-22-45+0800__CAM_FRONT_LEFT__1532402819604844.jpg", "samples/CAM_FRONT/n015-2018-07-24-11-22-45+0800__CAM_FRONT__1532402819612460.jpg", "samples/CAM_FRONT_RIGHT/n015-2018-07-24-11-22-45+0800__CAM_FRONT_RIGHT__1532402819620339.jpg", "samples/CAM_BACK_LEFT/n015-2018-07-24-11-22-45+0800__CAM_BACK_LEFT__1532402819647423.jpg", "samples/CAM_BACK/n015-2018-07-24-11-22-45+0800__CAM_BACK__1532402819637525.jpg", "samples/CAM_BACK_RIGHT/n015-2018-07-24-11-22-45+0800__CAM_BACK_RIGHT__1532402819627893.jpg"], "intrinsics": [[[1272.5979470598488, 0.0, 826.6154927353808], [0.0, 1272.5979470598488, 479.75165386361925], [0.0, 0.0, 1.0]], [[1266.417203046554, 0.0, 816.2670197447984], [0.0, 1266.417203046554, 491.50706579294757], [0.0, 0.0, 1.0]], [[1260.8474446004698, 0.0, 807.968244525554], [0.0, 1260.8474446004698, 495.3344268742088], [0.0, 0.0, 1.0]], [[1256.7414812095406, 0.0, 792.1125740759628], [0.0, 1256.7414812095406, 492.7757465151356], [0.0, 0.0, 1.0]], [[809.2209905677063, 0.0, 829.2196003259838], [0.0, 809.2209905677063, 481.77842384512485], [0.0, 0.0, 1.0]], [[1259.5137405846733, 0.0, 807.2529053838625], [0.0, 1259.5137405846733, 501.19579884916527], [0.0, 0.0, 1.0]]], "extrinsics": [[[0.8194380402565002, -0.5728426575660706, 0.0193040631711483, -0.560577392578125], [0.001492056529968977, -0.031547561287879944, -0.9995011687278748, 1.5091133117675781], [0.5731658339500427, 0.8190580606460571, -0.024996554479002953, -1.00244140625], [0.0, 0.0, 0.0, 1.0]], [[0.003803644794970751, -0.9993652105331421, 0.03542060777544975, 0.0098876953125], [-0.0037944635841995478, -0.035435039550065994, -0.9993648529052734, 1.519134521484375], [0.9999855160713196, 0.003666813252493739, -0.0039268373511731625, -1.2891845703125], [0.0, 0.0, 0.0, 1.0]], [[-0.8337240815162659, -0.552117109298706, 0.008417093195021152, 0.7730712890625], [0.0018745700363069773, -0.018073298037052155, -0.9998348951339722, 1.504281997680664], [0.5521780848503113, -0.833570659160614, 0.016103127971291542, -1.0738525390625], [0.0, 0.0, 0.0, 1.0]], [[0.9477853178977966, 0.3188658654689789, -0.005246889777481556, -1.1339111328125], [0.010566717013716698, -0.04784321412444115, -0.9987989068031311, 1.5886917114257812], [-0.31873393058776855, 0.9465916156768799, -0.04871445894241333, -0.107421875], [0.0, 0.0, 0.0, 1.0]], [[0.0030256500467658043, 0.9992693662643433, -0.03810296580195427, 0.0015869140625], [-0.014857596717774868, -0.03805401176214218, -0.9991652369499207, 1.5776519775390625], [-0.9998849630355835, 0.003589250613003969, 0.014731601811945438, -0.1168212890625], [0.0, 0.0, 0.0, 1.0]], [[-0.9343701004981995, 0.3554424047470093, -0.024762947112321854, 0.9240665435791016], [0.017764903604984283, -0.022939100861549377, -0.9995790123939514, 1.5555171966552734], [-0.3558608591556549, -0.9344167113304138, 0.01511920802295208, -0.1422119140625], [0.0, 0.0, 0.0, 1.0]]], "view": [[0.0, -2.0, 100.0], [-2.0, 0.0, 100.0], [0.0, 0.0, 1.0]], "bev": "bev_9c46c3692402474e84e5c084b7e0b8ba.png", "aux": "aux_9c46c3692402474e84e5c084b7e0b8ba.npz", "visibility": "visibility_9c46c3692402474e84e5c084b7e0b8ba.png", "pose": [[-0.9956997632980347, -0.09263920783996582, 0.0, 682.0950927734375], [0.09263920783996582, -0.9956997632980347, 0.0, 1460.9603271484375], [0.0, 0.0, 1.0, 0.0], [0.0, 0.0, 0.0, 1.0]], "pose_inverse": [[-0.9956997632980347, 0.09263920783996582, 0.0, 543.8197021484375], [-0.09263920783996582, -0.9956997632980347, 0.0, 1517.8665771484375], [0.0, 0.0, 1.0, 0.0], [0.0, 0.0, 0.0, 1.0]], "cam_ids": [0, 1, 2, 3, 4, 5], "cam_channels": ["CAM_FRONT_LEFT", "CAM_FRONT", "CAM_FRONT_RIGHT", "CAM_BACK_LEFT", "CAM_BACK", "CAM_BACK_RIGHT"], "token": "9c46c3692402474e84e5c084b7e0b8ba", "scene": "scene-0058"}, {"images": ["samples/CAM_FRONT_LEFT/n015-2018-07-24-11-22-45+0800__CAM_FRONT_LEFT__1532402820104844.jpg", "samples/CAM_FRONT/n015-2018-07-24-11-22-45+0800__CAM_FRONT__1532402820112460.jpg", "samples/CAM_FRONT_RIGHT/n015-2018-07-24-11-22-45+0800__CAM_FRONT_RIGHT__1532402820120339.jpg", "samples/CAM_BACK_LEFT/n015-2018-07-24-11-22-45+0800__CAM_BACK_LEFT__1532402820147423.jpg", "samples/CAM_BACK/n015-2018-07-24-11-22-45+0800__CAM_BACK__1532402820137525.jpg", "samples/CAM_BACK_RIGHT/n015-2018-07-24-11-22-45+0800__CAM_BACK_RIGHT__1532402820127893.jpg"], "intrinsics": [[[1272.5979470598488, 0.0, 826.6154927353808], [0.0, 1272.5979470598488, 479.75165386361925], [0.0, 0.0, 1.0]], [[1266.417203046554, 0.0, 816.2670197447984], [0.0, 1266.417203046554, 491.50706579294757], [0.0, 0.0, 1.0]], [[1260.8474446004698, 0.0, 807.968244525554], [0.0, 1260.8474446004698, 495.3344268742088], [0.0, 0.0, 1.0]], [[1256.7414812095406, 0.0, 792.1125740759628], [0.0, 1256.7414812095406, 492.7757465151356], [0.0, 0.0, 1.0]], [[809.2209905677063, 0.0, 829.2196003259838], [0.0, 809.2209905677063, 481.77842384512485], [0.0, 0.0, 1.0]], [[1259.5137405846733, 0.0, 807.2529053838625], [0.0, 1259.5137405846733, 501.19579884916527], [0.0, 0.0, 1.0]]], "extrinsics": [[[0.8194804787635803, -0.5728338956832886, 0.017694801092147827, -0.572021484375], [0.0007235402590595186, -0.029841091483831406, -0.9995543956756592, 1.5087699890136719], [0.5731067061424255, 0.8191279768943787, -0.024039721116423607, -1.0125732421875], [0.0, 0.0, 0.0, 1.0]], [[0.0038597695529460907, -0.9994147419929504, 0.03398926183581352, 0.011474609375], [-0.004618847742676735, -0.03400696814060211, -0.9994109272956848, 1.5188827514648438], [0.9999818205833435, 0.0037004987243562937, -0.004747404251247644, -1.299072265625], [0.0, 0.0, 0.0, 1.0]], [[-0.8337115049362183, -0.5521343946456909, 0.008523079566657543, 0.77734375], [0.0009919392177835107, -0.016932187601923943, -0.9998561143875122, 1.5040111541748047], [0.5521993041038513, -0.8335831165313721, 0.014664246700704098, -1.07537841796875], [0.0, 0.0, 0.0, 1.0]], [[0.9477892518043518, 0.3188422620296478, -0.005921463016420603, -1.127685546875], [0.009678737260401249, -0.04732106626033783, -0.9988328218460083, 1.588714599609375], [-0.3187503218650818, 0.9466257691383362, -0.047936391085386276, -0.1087646484375], [0.0, 0.0, 0.0, 1.0]], [[0.0030101442243903875, 0.9992960691452026, -0.037394311279058456, 0.0018310546875], [-0.01579536311328411, -0.03734230250120163, -0.9991776943206787, 1.5774726867675781], [-0.9998707175254822, 0.0035983247216790915, 0.01567183807492256, -0.120849609375], [0.0, 0.0, 0.0, 1.0]], [[-0.9343893527984619, 0.35547158122062683, -0.02358858846127987, 0.9231653213500977], [0.016844525933265686, -0.022055646404623985, -0.9996148347854614, 1.5553302764892578], [-0.35585492849349976, -0.9344267845153809, 0.014620811678469181, -0.1419677734375], [0.0, 0.0, 0.0, 1.0]]], "view": [[0.0, -2.0, 100.0], [-2.0, 0.0, 100.0], [0.0, 0.0, 1.0]], "bev": "bev_1c0722dead1e4d2fb9fe764b91fb3206.png", "aux": "aux_1c0722dead1e4d2fb9fe764b91fb3206.npz", "visibility": "visibility_1c0722dead1e4d2fb9fe764b91fb3206.png", "pose": [[-0.9979773759841919, -0.06356965750455856, 0.0, 676.6017456054688], [0.06356965750455856, -0.9979773759841919, 0.0, 1461.4410400390625], [0.0, 0.0, 1.0, 0.0], [0.0, 0.0, 0.0, 1.0]], "pose_inverse": [[-0.9979773759841919, 0.06356965750455856, 0.0, 582.3299560546875], [-0.06356965750455856, -0.9979773759841919, 0.0, 1501.4964599609375], [0.0, 0.0, 1.0, 0.0], [0.0, 0.0, 0.0, 1.0]], "cam_ids": [0, 1, 2, 3, 4, 5], "cam_channels": ["CAM_FRONT_LEFT", "CAM_FRONT", "CAM_FRONT_RIGHT", "CAM_BACK_LEFT", "CAM_BACK", "CAM_BACK_RIGHT"], "token": "1c0722dead1e4d2fb9fe764b91fb3206", "scene": "scene-0058"}, {"images": ["samples/CAM_FRONT_LEFT/n015-2018-07-24-11-22-45+0800__CAM_FRONT_LEFT__1532402820604844.jpg", "samples/CAM_FRONT/n015-2018-07-24-11-22-45+0800__CAM_FRONT__1532402820612460.jpg", "samples/CAM_FRONT_RIGHT/n015-2018-07-24-11-22-45+0800__CAM_FRONT_RIGHT__1532402820620339.jpg", "samples/CAM_BACK_LEFT/n015-2018-07-24-11-22-45+0800__CAM_BACK_LEFT__1532402820647423.jpg", "samples/CAM_BACK/n015-2018-07-24-11-22-45+0800__CAM_BACK__1532402820637525.jpg", "samples/CAM_BACK_RIGHT/n015-2018-07-24-11-22-45+0800__CAM_BACK_RIGHT__1532402820627893.jpg"], "intrinsics": [[[1272.5979470598488, 0.0, 826.6154927353808], [0.0, 1272.5979470598488, 479.75165386361925], [0.0, 0.0, 1.0]], [[1266.417203046554, 0.0, 816.2670197447984], [0.0, 1266.417203046554, 491.50706579294757], [0.0, 0.0, 1.0]], [[1260.8474446004698, 0.0, 807.968244525554], [0.0, 1260.8474446004698, 495.3344268742088], [0.0, 0.0, 1.0]], [[1256.7414812095406, 0.0, 792.1125740759628], [0.0, 1256.7414812095406, 492.7757465151356], [0.0, 0.0, 1.0]], [[809.2209905677063, 0.0, 829.2196003259838], [0.0, 809.2209905677063, 481.77842384512485], [0.0, 0.0, 1.0]], [[1259.5137405846733, 0.0, 807.2529053838625], [0.0, 1259.5137405846733, 501.19579884916527], [0.0, 0.0, 1.0]]], "extrinsics": [[[0.8197017908096313, -0.5724950432777405, 0.018393689766526222, -0.58746337890625], [0.009556329809129238, -0.01843925379216671, -0.9997842907905579, 1.5126781463623047], [0.5727106928825378, 0.8197008371353149, -0.009643740952014923, -1.0198974609375], [0.0, 0.0, 0.0, 1.0]], [[0.004193356726318598, -0.9997405409812927, 0.022387884557247162, 0.0087890625], [0.004421304911375046, -0.022369328886270523, -0.9997400045394897, 1.5222530364990234], [0.9999814033508301, 0.004291253630071878, 0.0043263547122478485, -1.31494140625], [0.0, 0.0, 0.0, 1.0]], [[-0.8334327936172485, -0.5525908470153809, -0.005749471485614777, 0.7884521484375], [0.0102391941472888, -0.005039138253778219, -0.9999348521232605, 1.5066609382629395], [0.5525259375572205, -0.833437442779541, 0.00985786970704794, -1.0848388671875], [0.0, 0.0, 0.0, 1.0]], [[0.9476760625839233, 0.31915292143821716, 0.007172863464802504, -1.12744140625], [0.019269974902272224, -0.03476233407855034, -0.9992098212242126, 1.5888290405273438], [-0.31865137815475464, 0.9470654129981995, -0.0390935018658638, -0.10791015625], [0.0, 0.0, 0.0, 1.0]], [[0.0029067806899547577,