[{"images": ["samples/CAM_FRONT_LEFT/n008-2018-07-26-12-13-50-0400__CAM_FRONT_LEFT__1532622136604799.jpg", "samples/CAM_FRONT/n008-2018-07-26-12-13-50-0400__CAM_FRONT__1532622136612404.jpg", "samples/CAM_FRONT_RIGHT/n008-2018-07-26-12-13-50-0400__CAM_FRONT_RIGHT__1532622136620482.jpg", "samples/CAM_BACK_LEFT/n008-2018-07-26-12-13-50-0400__CAM_BACK_LEFT__1532622136647405.jpg", "samples/CAM_BACK/n008-2018-07-26-12-13-50-0400__CAM_BACK__1532622136637563.jpg", "samples/CAM_BACK_RIGHT/n008-2018-07-26-12-13-50-0400__CAM_BACK_RIGHT__1532622136628113.jpg"], "intrinsics": [[[1257.8625342125129, 0.0, 827.2410631095686], [0.0, 1257.8625342125129, 450.915498205774], [0.0, 0.0, 1.0]], [[1252.8131021185304, 0.0, 826.588114781398], [0.0, 1252.8131021185304, 469.9846626224581], [0.0, 0.0, 1.0]], [[1256.7485116440405, 0.0, 817.7887570959712], [0.0, 1256.7485116440403, 451.9541780095127], [0.0, 0.0, 1.0]], [[1254.9860565800168, 0.0, 829.5769333630991], [0.0, 1254.9860565800168, 467.1680561863987], [0.0, 0.0, 1.0]], [[796.8910634503094, 0.0, 857.7774326863696], [0.0, 796.8910634503094, 476.8848988407415], [0.0, 0.0, 1.0]], [[1249.9629280788233, 0.0, 825.3768045375984], [0.0, 1249.9629280788233, 462.54816385708756], [0.0, 0.0, 1.0]]], "extrinsics": [[[0.8234682083129883, -0.5673394203186035, -0.005110384430736303, -0.7938766479492188], [0.005392235703766346, 0.01683281734585762, -0.9998437762260437, 1.4895820617675781], [0.5673368573188782, 0.8233120441436768, 0.01692051626741886, -1.193359375], [0.0, 0.0, 0.0, 1.0]], [[0.011622115969657898, -0.9998524188995361, -0.01264672540128231, 0.0118408203125], [0.0073856329545378685, 0.012733069248497486, -0.9998916983604431, 1.4816646575927734], [0.9999051094055176, 0.011527427472174168, 0.007532528601586819, -1.5252685546875], [0.0, 0.0, 0.0, 1.0]], [[-0.8434040546417236, -0.5370644330978394, -0.01521508488804102, 0.954345703125], [0.015450876206159592, 0.00406247703358531, -0.9998723268508911, 1.495584487915039], [0.5370576977729797, -0.8435314893722534, 0.00487180519849062, -1.18719482421875], [0.0, 0.0, 0.0, 1.0]], [[0.9478471279144287, 0.31870850920677185, -0.00328307063318789, -1.1324462890625], [-0.009917201474308968, 0.01919523812830448, -0.9997665286064148, 1.5619182586669922], [-0.3185711205005646, 0.947658360004425, 0.02135484851896763, -0.1602783203125], [0.0, 0.0, 0.0, 1.0]], [[0.008766262792050838, 0.9998940825462341, 0.011617416515946388, -0.029541015625], [-0.007747421506792307, 0.011685428209602833, -0.9999016523361206, 1.567521095275879], [-0.9999316334724426, 0.008675412274897099, 0.007849038578569889, -0.0233154296875], [0.0, 0.0, 0.0, 1.0]], [[-0.9240519404411316, 0.38226574659347534, -0.000912512419745326, 1.04827880859375], [-0.003571524517610669, -0.01102040708065033, -0.9999328851699829, 1.5474052429199219], [-0.38225018978118896, -0.9239866733551025, 0.011548700742423534, -0.087646484375], [0.0, 0.0, 0.0, 1.0]]], "view": [[0.0, -2.0, 100.0], [-2.0, 0.0, 100.0], [0.0, 0.0, 1.0]], "bev": "bev_0f1bf7e2589d43e4afa93a4bac1f1564.png", "aux": "aux_0f1bf7e2589d43e4afa93a4bac1f1564.npz", "visibility": "visibility_0f1bf7e2589d43e4afa93a4bac1f1564.png", "pose": [[0.8499487042427063, 0.5268654227256775, 0.0, 2052.894775390625], [-0.5268654227256775, 0.8499487042427063, 0.0, 968.2175903320312], [0.0, 0.0, 1.0, 0.0], [0.0, 0.0, 0.0, 1.0]], "pose_inverse": [[0.8499487042427063, -0.5268654227256775, 0.0, -1234.7349853515625], [0.5268654227256775, 0.8499487042427063, 0.0, -1904.5345458984375], [0.0, 0.0, 1.0, 0.0], [0.0, 0.0, 0.0, 1.0]], "cam_ids": [0, 1, 2, 3, 4, 5], "cam_channels": ["CAM_FRONT_LEFT", "CAM_FRONT", "CAM_FRONT_RIGHT", "CAM_BACK_LEFT", "CAM_BACK", "CAM_BACK_RIGHT"], "token": "0f1bf7e2589d43e4afa93a4bac1f1564", "scene": "scene-0213"}, {"images": ["samples/CAM_FRONT_LEFT/n008-2018-07-26-12-13-50-0400__CAM_FRONT_LEFT__1532622137154799.jpg", "samples/CAM_FRONT/n008-2018-07-26-12-13-50-0400__CAM_FRONT__1532622137162404.jpg", "samples/CAM_FRONT_RIGHT/n008-2018-07-26-12-13-50-0400__CAM_FRONT_RIGHT__1532622137170482.jpg", "samples/CAM_BACK_LEFT/n008-2018-07-26-12-13-50-0400__CAM_BACK_LEFT__1532622137197405.jpg", "samples/CAM_BACK/n008-2018-07-26-12-13-50-0400__CAM_BACK__1532622137187558.jpg", "samples/CAM_BACK_RIGHT/n008-2018-07-26-12-13-50-0400__CAM_BACK_RIGHT__1532622137178113.jpg"], "intrinsics": [[[1257.8625342125129, 0.0, 827.2410631095686], [0.0, 1257.8625342125129, 450.915498205774], [0.0, 0.0, 1.0]], [[1252.8131021185304, 0.0, 826.588114781398], [0.0, 1252.8131021185304, 469.9846626224581], [0.0, 0.0, 1.0]], [[1256.7485116440405, 0.0, 817.7887570959712], [0.0, 1256.7485116440403, 451.9541780095127], [0.0, 0.0, 1.0]], [[1254.9860565800168, 0.0, 829.5769333630991], [0.0, 1254.9860565800168, 467.1680561863987], [0.0, 0.0, 1.0]], [[796.8910634503094, 0.0, 857.7774326863696], [0.0, 796.8910634503094, 476.8848988407415], [0.0, 0.0, 1.0]], [[1249.9629280788233, 0.0, 825.3768045375984], [0.0, 1249.9629280788233, 462.54816385708756], [0.0, 0.0, 1.0]]], "extrinsics": [[[0.8230680823326111, -0.5679044723510742, -0.006596729159355164, -0.8215713500976562], [0.003753364784643054, 0.01705392263829708, -0.9998475313186646, 1.4890899658203125], [0.5679303407669067, 0.8229178190231323, 0.01616809144616127, -1.20947265625], [0.0, 0.0, 0.0, 1.0]], [[0.011000883765518665, -0.99985671043396, -0.01286610122770071, 0.0093994140625], [0.0056617711670696735, 0.012928957119584084, -0.9999004006385803, 1.4811763763427734], [0.9999235272407532, 0.010926933959126472, 0.00580318970605731, -1.5518798828125], [0.0, 0.0, 0.0, 1.0]], [[-0.843698263168335, -0.536641001701355, -0.013775049708783627, 0.9716796875], [0.013637065887451172, 0.004226434975862503, -0.9998980164527893, 1.4950027465820312], [0.5366445183753967, -0.8438001871109009, 0.0037523722276091576, -1.2000732421875], [0.0, 0.0, 0.0, 1.0]], [[0.9477972388267517, 0.3188328742980957, -0.00510777672752738, -1.140380859375], [-0.01189958956092596, 0.019357914105057716, -0.999741792678833, 1.5619735717773438], [-0.3186516761779785, 0.9476132392883301, 0.022141357883810997, -0.1585693359375], [0.0, 0.0, 0.0, 1.0]], [[0.008954102173447609, 0.9998909831047058, 0.011743281967937946, -0.0291748046875], [-0.009725390002131462, 0.011830277740955353, -0.999882698059082, 1.5675134658813477], [-0.9999126195907593, 0.008838804438710213, 0.009830259718000889, -0.01123046875], [0.0, 0.0, 0.0, 1.0]], [[-0.923906147480011, 0.38261815905570984, 0.0008923449786379933, 1.064605712890625], [-0.005464555229991674, -0.010863197967410088, -0.9999260306358337, 1.5472545623779297], [-0.3825801908969879, -0.9238426685333252, 0.012127413414418697, -0.08251953125], [0.0, 0.0, 0.0, 1.0]]], "view": [[0.0, -2.0, 100.0], [-2.0, 0.0, 100.0], [0.0, 0.0, 1.0]], "bev": "bev_6780c0b15d9c442aa8038187bd27cf6c.png", "aux": "aux_6780c0b15d9c442aa8038187bd27cf6c.npz", "visibility": "visibility_6780c0b15d9c442aa8038187bd27cf6c.png", "pose": [[0.8411368727684021, 0.5408223271369934, 0.0, 2055.327880859375], [-0.5408223271369934, 0.8411368727684021, 0.0, 966.630126953125], [0.0, 0.0, 1.0, 0.0], [0.0, 0.0, 0.0, 1.0]], "pose_inverse": [[0.8411368727684021, -0.5408223271369934, 0.0, -1206.036865234375], [0.5408223271369934, 0.8411368727684021, 0.0, -1924.635498046875], [0.0, 0.0, 1.0, 0.0], [0.0, 0.0, 0.0, 1.0]], "cam_ids": [0, 1, 2, 3, 4, 5], "cam_channels": ["CAM_FRONT_LEFT", "CAM_FRONT", "CAM_FRONT_RIGHT", "CAM_BACK_LEFT", "CAM_BACK", "CAM_BACK_RIGHT"], "token": "6780c0b15d9c442aa8038187bd27cf6c", "scene": "scene-0213"}, {"images": ["samples/CAM_FRONT_LEFT/n008-2018-07-26-12-13-50-0400__CAM_FRONT_LEFT__1532622137654799.jpg", "samples/CAM_FRONT/n008-2018-07-26-12-13-50-0400__CAM_FRONT__1532622137662404.jpg", "samples/CAM_FRONT_RIGHT/n008-2018-07-26-12-13-50-0400__CAM_FRONT_RIGHT__1532622137670482.jpg", "samples/CAM_BACK_LEFT/n008-2018-07-26-12-13-50-0400__CAM_BACK_LEFT__1532622137697405.jpg", "samples/CAM_BACK/n008-2018-07-26-12-13-50-0400__CAM_BACK__1532622137687558.jpg", "samples/CAM_BACK_RIGHT/n008-2018-07-26-12-13-50-0400__CAM_BACK_RIGHT__1532622137678113.jpg"], "intrinsics": [[[1257.8625342125129, 0.0, 827.2410631095686], [0.0, 1257.8625342125129, 450.915498205774], [0.0, 0.0, 1.0]], [[1252.8131021185304, 0.0, 826.588114781398], [0.0, 1252.8131021185304, 469.9846626224581], [0.0, 0.0, 1.0]], [[1256.7485116440405, 0.0, 817.7887570959712], [0.0, 1256.7485116440403, 451.9541780095127], [0.0, 0.0, 1.0]], [[1254.9860565800168, 0.0, 829.5769333630991], [0.0, 1254.9860565800168, 467.1680561863987], [0.0, 0.0, 1.0]], [[796.8910634503094, 0.0, 857.7774326863696], [0.0, 796.8910634503094, 476.8848988407415], [0.0, 0.0, 1.0]], [[1249.9629280788233, 0.0, 825.3768045375984], [0.0, 1249.9629280788233, 462.54816385708756], [0.0, 0.0, 1.0]]], "extrinsics": [[[0.8227453827857971, -0.5683280825614929, -0.009657206013798714, -0.82958984375], [0.001191345159895718, 0.01871398277580738, -0.9998241662979126, 1.4885330200195312], [0.5684089064598083, 0.8225892186164856, 0.016073916107416153, -1.212646484375], [0.0, 0.0, 0.0, 1.0]], [[0.010586092248558998, -0.9998370409011841, -0.014621751382946968, 0.0078125], [0.003204340348020196, 0.014656415209174156, -0.9998874664306641, 1.4807186126708984], [0.9999387860298157, 0.010538061149418354, 0.0033589734230190516, -1.559326171875], [0.0, 0.0, 0.0, 1.0]], [[-0.8438845872879028, -0.5363731980323792, -0.01275661587715149, 0.97509765625], [0.01129158865660429, 0.0060159144923090935, -0.9999181032180786, 1.4946174621582031], [0.5364060401916504, -0.8439594507217407, 0.0009797668317332864, -1.20361328125], [0.0, 0.0, 0.0, 1.0]], [[0.9478430151939392, 0.3186739385128021, -0.006369804497808218, -1.1361083984375], [-0.013892916962504387, 0.02134019508957863, -0.9996757507324219, 1.5619316101074219], [-0.3184346556663513, 0.9476240873336792, 0.024654466658830643, -0.1588134765625], [0.0, 0.0, 0.0, 1.0]], [[0.00914144515991211, 0.9998652935028076, 0.013636418618261814, -0.0283203125], [-0.011850368231534958, 0.013744354248046875, -0.9998353123664856, 1.5674028396606445], [-0.999888002872467, 0.008978379890322685, 0.011974415741860867, -0.0107421875], [0.0, 0.0, 0.0, 1.0]], [[-0.9238210320472717, 0.382807195186615, 0.0036624150816351175, 1.06781005859375], [-0.007700677495449781, -0.009017308242619038, -0.999929666519165, 1.5470409393310547], [-0.38274720311164856, -0.9237842559814453, 0.011278253048658371, -0.081787109375], [0.0, 0.0, 0.0, 1.0]]], "view": [[0.0, -2.0, 100.0], [-2.0, 0.0, 100.0], [0.0, 0.0, 1.0]], "bev": "bev_23c653b9e0e64f5e83c31665a85eff0f.png", "aux": "aux_23c653b9e0e64f5e83c31665a85eff0f.npz", "visibility": "visibility_23c653b9e0e64f5e83c31665a85eff0f.png", "pose": [[0.8380178213119507, 0.5456428527832031, 0.0, 2057.361083984375], [-0.5456428527832031, 0.8380178213119507, 0.0, 965.304931640625], [0.0, 0.0, 1.0, 0.0], [0.0, 0.0, 0.0, 1.0]], "pose_inverse": [[0.8380178213119507, -0.5456428527832031, 0.0, -1197.3935546875], [0.5456428527832031, 0.8380178213119507, 0.0, -1931.527099609375], [0.0, 0.0, 1.0, 0.0], [0.0, 0.0, 0.0, 1.0]], "cam_ids": [0, 1, 2, 3, 4, 5], "cam_channels": ["CAM_FRONT_LEFT", "CAM_FRONT", "CAM_FRONT_RIGHT", "CAM_BACK_LEFT", "CAM_BACK", "CAM_BACK_RIGHT"], "token": "23c653b9e0e64f5e83c31665a85eff0f", "scene": "scene-0213"}, {"images": ["samples/CAM_FRONT_LEFT/n008-2018-07-26-12-13-50-0400__CAM_FRONT_LEFT__1532622138154799.jpg", "samples/CAM_FRONT/n008-2018-07-26-12-13-50-0400__CAM_FRONT__1532622138162404.jpg", "samples/CAM_FRONT_RIGHT/n008-2018-07-26-12-13-50-0400__CAM_FRONT_RIGHT__1532622138170482.jpg", "samples/CAM_BACK_LEFT/n008-2018-07-26-12-13-50-0400__CAM_BACK_LEFT__1532622138197406.jpg", "samples/CAM_BACK/n008-2018-07-26-12-13-50-0400__CAM_BACK__1532622138187558.jpg", "samples/CAM_BACK_RIGHT/n008-2018-07-26-12-13-50-0400__CAM_BACK_RIGHT__1532622138178113.jpg"], "intrinsics": [[[1257.8625342125129, 0.0, 827.2410631095686], [0.0, 1257.8625342125129, 450.915498205774], [0.0, 0.0, 1.0]], [[1252.8131021185304, 0.0, 826.588114781398], [0.0, 1252.8131021185304, 469.9846626224581], [0.0, 0.0, 1.0]], [[1256.7485116440405, 0.0, 817.7887570959712], [0.0, 1256.7485116440403, 451.9541780095127], [0.0, 0.0, 1.0]], [[1254.9860565800168, 0.0, 829.5769333630991], [0.0, 1254.9860565800168, 467.1680561863987], [0.0, 0.0, 1.0]], [[796.8910634503094, 0.0, 857.7774326863696], [0.0, 796.8910634503094, 476.8848988407415], [0.0, 0.0, 1.0]], [[1249.9629280788233, 0.0, 825.3768045375984], [0.0, 1249.9629280788233, 462.54816385708756], [0.0, 0.0, 1.0]]], "extrinsics": [[[0.8215376734733582, -0.5701178312301636, -0.0064353011548519135, -0.8562240600585938], [0.007726043462753296, 0.022417694330215454, -0.9997188448905945, 1.489654541015625], [0.5701019167900085, 0.8212570548057556, 0.022821735590696335, -1.2314453125], [0.0, 0.0, 0.0, 1.0]], [[0.008782394230365753, -0.9997934699058533, -0.018323736265301704, 0.0079345703125], [0.009640416130423546, 0.018408246338367462, -0.9997840523719788, 1.4815826416015625], [0.9999149441719055, 0.008603890426456928, 0.009800094179809093, -1.5853271484375], [0.0, 0.0, 0.0, 1.0]], [[-0.8445853590965271, -0.5350416302680969, -0.020150722935795784, 0.99267578125], [0.017627118155360222, 0.00982916820794344, -0.9997962713241577, 1.4951171875], [0.5351307392120361, -0.8447685837745667, 0.001129668322391808, -1.214599609375], [0.0, 0.0, 0.0, 1.0]], [[0.9479063153266907, 0.31854888796806335, 0.0005263712373562157, -1.137939453125], [-0.007985134609043598, 0.025413187220692635, -0.9996451735496521, 1.5619964599609375], [-0.3184492886066437, 0.9475657343864441, 0.026632975786924362, -0.157958984375], [0.0, 0.0, 0.0, 1.0]], [[0.009677214547991753, 0.9997963309288025, 0.01770930550992489, -0.028564453125], [-0.005765832960605621, 0.017765630036592484, -0.9998255372047424, 1.5677852630615234], [-0.999936580657959, 0.009573373943567276, 0.0059365807101130486, -0.00244140625], [0.0, 0.0, 0.0, 1.0]], [[-0.9234051704406738, 0.3838261365890503, -0.0005915161455050111, 1.081512451171875], [-0.001477619749493897, -0.0050959233194589615, -0.999985933303833, 1.5476884841918945], [-0.3838237524032593, -0.9233912825584412, 0.0052727507427334785, -0.07568359375], [0.0, 0.0, 0.0, 1.0]]], "view": [[0.0, -2.0, 100.0], [-2.0, 0.0, 100.0], [0.0, 0.0, 1.0]], "bev": "bev_ada1306e76e14815a85d0ba3569e8a18.png", "aux": "aux_ada1306e76e14815a85d0ba3569e8a18.npz", "visibility": "visibility_ada1306e76e14815a85d0ba3569e8a18.png", "pose": [[0.8422442674636841, 0.5390961170196533, 0.0, 2059.2412109375], [-0.5390961170196533, 0.8422442674636841, 0.0, 964.05908203125], [0.0, 0.0, 1.0, 0.0], [0.0, 0.0, 0.0, 1.0]], "pose_inverse": [[0.8422442674636841, -0.5390961170196533, 0.0, -1214.66357421875], [0.5390961170196533, 0.8422442674636841, 0.0, -1922.1021728515625], [0.0, 0.0, 1.0, 0.0], [0.0, 0.0, 0.0, 1.0]], "cam_ids": [0, 1, 2, 3, 4, 5], "cam_channels": ["CAM_FRONT_LEFT", "CAM_FRONT", "CAM_FRONT_RIGHT", "CAM_BACK_LEFT", "CAM_BACK", "CAM_BACK_RIGHT"], "token": "ada1306e76e14815a85d0ba3569e8a18", "scene": "scene-0213"}, {"images": ["samples/CAM_FRONT_LEFT/n008-2018-07-26-12-13-50-0400__CAM_FRONT_LEFT__1532622138654799.jpg", "samples/CAM_FRONT/n008-2018-07-26-12-13-50-0400__CAM_FRONT__1532622138662404.jpg", "samples/CAM_FRONT_RIGHT/n008-2018-07-26-12-13-50-0400__CAM_FRONT_RIGHT__1532622138670482.jpg", "samples/CAM_BACK_LEFT/n008-2018-07-26-12-13-50-0400__CAM_BACK_LEFT__1532622138697405.jpg", "samples/CAM_BACK/n008-2018-07-26-12-13-50-0400__CAM_BACK__1532622138687558.jpg", "samples/CAM_BACK_RIGHT/n008-2018-07-26-12-13-50-0400__CAM_BACK_RIGHT__1532622138678113.jpg"], "intrinsics": [[[1257.8625342125129, 0.0, 827.2410631095686], [0.0, 1257.8625342125129, 450.915498205774], [0.0, 0.0, 1.0]], [[1252.8131021185304, 0.0, 826.588114781398], [0.0, 1252.8131021185304, 469.9846626224581], [0.0, 0.0, 1.0]], [[1256.7485116440405, 0.0, 817.7887570959712], [0.0, 1256.7485116440403, 451.9541780095127], [0.0, 0.0, 1.0]], [[1254.9860565800168, 0.0, 829.5769333630991], [0.0, 1254.9860565800168, 467.1680561863987], [0.0, 0.0, 1.0]], [[796.8910634503094, 0.0, 857.7774326863696], [0.0, 796.8910634503094, 476.8848988407415], [0.0, 0.0, 1.0]], [[1249.9629280788233, 0.0, 825.3768045375984], [0.0, 1249.9629280788233, 462.54816385708756], [0.0, 0.0, 1.0]]], "extrinsics": [[[0.8211824297904968, -0.5705913305282593, -0.009223919361829758, -0.8637199401855469], [0.0053941975347697735, 0.02392389625310898, -0.9996992349624634, 1.4891738891601562], [0.5706403255462646, 0.8208856582641602, 0.022723762318491936, -1.237060546875], [0.0, 0.0, 0.0, 1.0]], [[0.008260154165327549, -0.9997714757919312, -0.019719479605555534, 0.0078125], [0.007375871762633324, 0.019780531525611877, -0.9997771978378296, 1.4811744689941406], [0.9999386668205261, 0.008112914860248566, 0.007537576369941235, -1.593505859375], [0.0, 0.0, 0.0, 1.0]], [[-0.8448222875595093, -0.5347116589546204, -0.018943654373288155, 0.998779296875], [0.015424941666424274, 0.011050645262002945, -0.9998199343681335, 1.4947433471679688], [0.5348247289657593, -0.8449624180793762, -0.0010879363398998976, -1.21807861328125], [0.0, 0.0, 0.0, 1.0]], [[0.947922945022583, 0.31849905848503113, -0.000771448016166687, -1.140869140625], [-0.0096031054854393, 0.02615974470973015, -0.9996116161346436, 1.5620079040527344], [-0.3183552324771881, 0.9475621581077576, 0.027855999767780304, -0.1571044921875], [0.0, 0.0, 0.0, 1.0]], [[0.009852730669081211, 0.9997785687446594, 0.018593356013298035, -0.02880859375], [-0.007661877665668726, 0.018669193610548973, -0.9997963309288025, 1.5677299499511719], [-0.9999221563339233, 0.009708322584629059, 0.007844123989343643, 0.002197265625], [0.0, 0.0, 0.0, 1.0]], [[-0.9233064651489258, 0.3840598165988922, 0.0017971587367355824, 1.08697509765625], [-0.00361448316834867, -0.004010165575891733, -0.99998539686203, 1.5475282669067383], [-0.3840469717979431, -0.9232996106147766, 0.005090788938105106, -0.073486328125], [0.0, 0.0, 0.0, 1.0]]], "view": [[0.0, -2.0, 100.0], [-2.0, 0.0, 100.0], [0.0, 0.0, 1.0]], "bev": "bev_75d5bd2ed3cf42a4905d2f93411cb62d.png", "aux": "aux_75d5bd2ed3cf42a4905d2f93411cb62d.npz", "visibility": "visibility_75d5bd2ed3cf42a4905d2f93411cb62d.png", "pose": [[0.856495201587677, 0.5161550641059875, 0.0, 2060.952392578125], [-0.5161550641059875, 0.856495201587677, 0.0, 962.9807739257812], [0.0, 0.0, 1.0, 0.0], [0.0, 0.0, 0.0, 1.0]], "pose_inverse": [[0.856495201587677, -0.5161550641059875, 0.0, -1268.1484375], [0.5161550641059875, 0.856495201587677, 0.0, -1888.559326171875], [0.0, 0.0, 1.0, 0.0], [0.0, 0.0, 0.0, 1.0]], "cam_ids": [0, 1, 2, 3, 4, 5], "cam_channels": ["CAM_FRONT_LEFT", "CAM_FRONT", "CAM_FRONT_RIGHT", "CAM_BACK_LEFT", "CAM_BACK", "CAM_BACK_RIGHT"], "token": "75d5bd2ed3cf42a4905d2f93411cb62d", "scene": "scene-0213"}, {"images": ["samples/CAM_FRONT_LEFT/n008-2018-07-26-12-13-50-0400__CAM_FRONT_LEFT__1532622139154799.jpg", "samples/CAM_FRONT/n008-2018-07-26-12-13-50-0400__CAM_FRONT__1532622139162404.jpg", "samples/CAM_FRONT_RIGHT/n008-2018-07-26-12-13-50-0400__CAM_FRONT_RIGHT__1532622139170482.jpg", "samples/CAM_BACK_LEFT/n008-2018-07-26-12-13-50-0400__CAM_BACK_LEFT__1532622139197405.jpg", "samples/CAM_BACK/n008-2018-07-26-12-13-50-0400__CAM_BACK__1532622139187558.jpg", "samples/CAM_BACK_RIGHT/n008-2018-07-26-12-13-50-0400__CAM_BACK_RIGHT__1532622139178113.jpg"], "intrinsics": [[[1257.8625342125129, 0.0, 827.2410631095686], [0.0, 1257.8625342125129, 450.915498205774], [0.0, 0.0, 1.0]], [[1252.8131021185304, 0.0, 826.588114781398], [0.0, 1252.8131021185304, 469.9846626224581], [0.0, 0.0, 1.0]], [[1256.7485116440405, 0.0, 817.7887570959712], [0.0, 1256.7485116440403, 451.9541780095127], [0.0, 0.0, 1.0]], [[1254.9860565800168, 0.0, 829.5769333630991], [0.0, 1254.9860565800168, 467.1680561863987], [0.0, 0.0, 1.0]], [[796.8910634503094, 0.0, 857.7774326863696], [0.0, 796.8910634503094, 476.8848988407415], [0.0, 0.0, 1.0]], [[1249.9629280788233, 0.0, 825.3768045375984], [0.0, 1249.9629280788233, 462.54816385708756], [0.0, 0.0, 1.0]]], "extrinsics": [[[0.8218679428100586, -0.5696606636047363, -0.004480150528252125, -0.8657960891723633], [0.010619941167533398, 0.023183774203062057, -0.9996747970581055, 1.490020751953125], [0.5695792436599731, 0.8215529918670654, 0.02510375902056694, -1.239501953125], [0.0, 0.0, 0.0, 1.0]], [[0.00921973492950201, -0.9997773170471191, -0.018984120339155197, 0.0084228515625], [0.01268002763390541, 0.019100291654467583, -0.9997371435165405, 1.4818763732910156], [0.9998770356178284, 0.00897650234401226, 0.01285330206155777, -1.596923828125], [0.0, 0.0, 0.0, 1.0]], [[-0.8443561792373657, -0.5352784991264343, -0.02323085255920887, 1.001220703125], [0.020870817825198174, 0.01046579610556364, -0.9997273683547974, 1.4952850341796875], [0.535375714302063, -0.844610869884491, 0.002334840362891555, -1.21923828125], [0.0, 0.0, 0.0, 1.0]], [[0.9478808641433716, 0.318595290184021, 0.004369555972516537, -1.14111328125], [-0.004088324494659901, 0.025873899459838867, -0.9996568560600281, 1.5620269775390625], [-0.31859898567199707, 0.9475376605987549, 0.025827892124652863, -0.1571044921875], [0.0, 0.0, 0.0, 1.0]], [[0.009480316191911697, 0.9997882843017578, 0.018265804275870323, -0.0289306640625], [-0.0020845686085522175, 0.018286345526576042, -0.9998305439949036, 1.5679664611816406], [-0.9999529123306274, 0.009440597146749496, 0.002257486805319786, 0.00341796875], [0.0, 0.0, 0.0, 1.0]], [[-0.9234821796417236, 0.3836248219013214, -0.003571160603314638, 1.0889892578125], [0.0019943478982895613, -0.004507980775088072, -0.9999878406524658, 1.5479722023010254], [-0.38363614678382874, -0.9234781265258789, 0.003397958353161812, -0.072265625], [0.0, 0.0, 0.0, 1.0]]], "view": [[0.0, -2.0, 100.0], [-2.0, 0.0, 100.0], [0.0, 0.0, 1.0]], "bev": "bev_7ba5cf37686a45c2afe055ea75a8ed9d.png", "aux": "aux_7ba5cf37686a45c2afe055ea75a8ed9d.npz", "visibility": "visibility_7ba5cf37686a45c2afe055ea75a8ed9d.png", "pose": [[0.8658217787742615, 0.5003525614738464, 0.0, 2062.597900390625], [-0.5003525614738464, 0.8658217787742615, 0.0, 961.9920654296875], [0.0, 0.0, 1.0, 0.0], [0.0, 0.0, 0.0, 1.0]], "pose_inverse": [[0.8658217787742615, -0.5003525614738464, 0.0, -1304.5069580078125], [0.5003525614738464, 0.8658217787742615, 0.0, -1864.9398193359375], [0.0, 0.0, 1.0, 0.0], [0.0, 0.0, 0.0, 1.0]], "cam_ids": [0, 1, 2, 3, 4, 5], "cam_channels": ["CAM_FRONT_LEFT", "CAM_FRONT", "CAM_FRONT_RIGHT", "CAM_BACK_LEFT", "CAM_BACK", "CAM_BACK_RIGHT"], "token": "7ba5cf37686a45c2afe055ea75a8ed9d", "scene": "scene-0213"}, {"images": ["samples/CAM_FRONT_LEFT/n008-2018-07-26-12-13-50-0400__CAM_FRONT_LEFT__1532622139654799.jpg", "samples/CAM_FRONT/n008-2018-07-26-12-13-50-0400__CAM_FRONT__1532622139662404.jpg", "samples/CAM_FRONT_RIGHT/n008-2018-07-26-12-13-50-0400__CAM_FRONT_RIGHT__1532622139670482.jpg", "samples/CAM_BACK_LEFT/n008-2018-07-26-12-13-50-0400__CAM_BACK_LEFT__1532622139697405.jpg", "samples/CAM_BACK/n008-2018-07-26-12-13-50-0400__CAM_BACK__1532622139687558.jpg", "samples/CAM_BACK_RIGHT/n008-2018-07-26-12-13-50-0400__CAM_BACK_RIGHT__1532622139678113.jpg"], "intrinsics": [[[1257.8625342125129, 0.0, 827.2410631095686], [0.0, 1257.8625342125129, 450.915498205774], [0.0, 0.0, 1.0]], [[1252.8131021185304, 0.0, 826.588114781398], [0.0, 1252.8131021185304, 469.9846626224581], [0.0, 0.0, 1.0]], [[1256.7485116440405, 0.0, 817.7887570959712], [0.0, 1256.7485116440403, 451.9541780095127], [0.0, 0.0, 1.0]], [[1254.9860565800168, 0.0, 829.5769333630991], [0.0, 1254.9860565800168, 467.1680561863987], [0.0, 0.0, 1.0]], [[796.8910634503094, 0.0, 857.7774326863696], [0.0, 796.8910634503094, 476.8848988407415], [0.0, 0.0, 1.0]], [[1249.9629280788233, 0.0, 825.3768045375984], [0.0, 1249.9629280788233, 462.54816385708756], [0.0, 0.0, 1.0]]], "extrinsics": [[[0.8231227397918701, -0.5678625106811523, -0.0010484950616955757, -0.8461093902587891], [0.014436356723308563, 0.02277137152850628, -0.9996364712715149, 1.4910659790039062], [0.5676799416542053, 0.8228083848953247, 0.02694149874150753, -1.224365234375], [0.0, 0.0, 0.0, 1.0]], [[0.011208022013306618, -0.9997660517692566, -0.018493928015232086, 0.0079345703125], [0.01646743342280388, 0.018677130341529846, -0.9996899366378784, 1.4827728271484375], [0.9998016357421875, 0.010900009423494339, 0.01667291484773159, -1.5758056640625], [0.0, 0.0, 0.0, 1.0]], [[-0.8434667587280273, -0.5365466475486755, -0.026105176657438278, 0.986572265625], [0.024565765634179115, 0.010018850676715374, -0.9996479749679565, 1.4961090087890625], [0.5366193056106567, -0.8438112139701843, 0.004730111453682184, -1.21075439453125], [0.0, 0.0, 0.0, 1.0]], [[0.9478908777236938, 0.31850379705429077, 0.00762427132576704, -1.1405029296875], [-0.00045369291910901666, 0.025280341506004333, -0.9996802806854248, 1.5620460510253906], [-0.318594753742218, 0.9475843906402588, 0.02410750836133957, -0.156982421875], [0.0, 0.0, 0.0, 1.0]], [[0.00888756476342678, 0.9998030662536621, 0.01774544268846512, -0.0283203125], [0.001483021886087954, 0.017732946202158928, -0.9998416304588318, 1.5681304931640625], [-0.9999594688415527, 0.008912474848330021, -0.001325128716416657, -0.00390625], [0.0, 0.0, 0.0, 1.0]], [[-0.9238765835762024, 0.38262516260147095, -0.007065663114190102, 1.077362060546875], [0.005568638443946838, -0.005019873846322298, -0.999971866607666, 1.548316478729248], [-0.38264980912208557, -0.9238899946212769, 0.0025070440024137497, -0.077880859375], [0.0, 0.0, 0.0, 1.0]]], "view": [[0.0, -2.0, 100.0], [-2.0, 0.0, 100.0], [0.0, 0.0, 1.0]], "bev": "bev_0542aede526646298ada9d7de16e8c37.png", "aux": "aux_0542aede526646298ada9d7de16e8c37.npz", "visibility": "visibility_0542aede526646298ada9d7de16e8c37.png", "pose": [[0.864750862121582, 0.5022010803222656, 0.0, 2064.408203125], [-0.5022010803222656, 0.864750862121582, 0.0, 960.9265747070312], [0.0, 0.0, 1.0, 0.0], [0.0, 0.0, 0.0, 1.0]], "pose_inverse": [[0.864750862121582, -0.5022010803222656, 0.0, -1302.6204833984375], [0.5022010803222656, 0.864750862121582, 0.0, -1867.7100830078125], [0.0, 0.0, 1.0, 0.0], [0.0, 0.0, 0.0, 1.0]], "cam_ids": [0, 1, 2, 3, 4, 5], "cam_channels": ["CAM_FRONT_LEFT", "CAM_FRONT", "CAM_FRONT_RIGHT", "CAM_BACK_LEFT", "CAM_BACK", "CAM_BACK_RIGHT"], "token": "0542aede526646298ada9d7de16e8c37", "scene": "scene-0213"}, {"images": ["samples/CAM_FRONT_LEFT/n008-2018-07-26-12-13-50-0400__CAM_FRONT_LEFT__1532622140254799.jpg", "samples/CAM_FRONT/n008-2018-07-26-12-13-50-0400__CAM_FRONT__1532622140262404.jpg", "samples/CAM_FRONT_RIGHT/n008-2018-07-26-12-13-50-0400__CAM_FRONT_RIGHT__1532622140270482.jpg", "samples/CAM_BACK_LEFT/n008-2018-07-26-12-13-50-0400__CAM_BACK_LEFT__1532622140297405.jpg", "samples/CAM_BACK/n008-2018-07-26-12-13-50-0400__CAM_BACK__1532622140287558.jpg", "samples/CAM_BACK_RIGHT/n008-2018-07-26-12-13-50-0400__CAM_BACK_RIGHT__1532622140278113.jpg"], "intrinsics": [[[1257.8625342125129, 0.0, 827.2410631095686], [0.0, 1257.8625342125129, 450.915498205774], [0.0, 0.0, 1.0]], [[1252.8131021185304, 0.0, 826.588114781398], [0.0, 1252.8131021185304, 469.9846626224581], [0.0, 0.0, 1.0]], [[1256.7485116440405, 0.0, 817.7887570959712], [0.0, 1256.7485116440403, 451.9541780095127], [0.0, 0.0, 1.0]], [[1254.9860565800168, 0.0, 829.5769333630991], [0.0, 1254.9860565800168, 467.1680561863987], [0.0, 0.0, 1.0]], [[796.8910634503094, 0.0, 857.7774326863696], [0.0, 796.8910634503094, 476.8848988407415], [0.0, 0.0, 1.0]], [[1249.9629280788233, 0.0, 825.3768045375984], [0.0, 1249.9629280788233, 462.54816385708756], [0.0, 0.0, 1.0]]], "extrinsics": [[[0.8231948018074036, -0.567758321762085, 0.0009215354803018272, -0.8137168884277344], [0.01748807169497013, 0.023733610287308693, -0.9995653629302979, 1.4923171997070312], [0.567489743232727, 0.8228530883789062, 0.029466381296515465, -1.202880859375], [0.0, 0.0, 0.0, 1.0]], [[0.011350627988576889, -0.9997463226318359, -0.019451716914772987, 0.008544921875], [0.019415233284235, 0.019669650122523308, -0.9996179938316345, 1.4838600158691406], [0.999747097492218, 0.0109686478972435, 0.019633572548627853, -1.543701171875], [0.0, 0.0, 0.0, 1.0]], [[-0.8433530926704407, -0.5365748405456543, -0.02903553657233715, 0.965576171875], [0.027395961806178093, 0.011029968969523907, -0.9995638132095337, 1.4971351623535156], [0.5366610288619995, -0.8437806963920593, 0.0053978231735527515, -1.1971435546875], [0.0, 0.0, 0.0, 1.0]], [[0.9478290677070618, 0.31861552596092224, 0.010207521729171276, -1.137939453125], [0.001911639585159719, 0.026339123025536537, -0.9996511936187744, 1.5620613098144531], [-0.31877321004867554, 0.947517991065979, 0.02435590699315071, -0.1580810546875], [0.0, 0.0, 0.0, 1.0]], [[0.008776690810918808, 0.9997848868370056, 0.01879020780324936, -0.028564453125], [0.00410290015861392, 0.01875476725399494, -0.9998156428337097, 1.56829833984375], [-0.9999530911445618, 0.008852188475430012, -0.003937411587685347, -0.0137939453125], [0.0, 0.0, 0.0, 1.0]], [[-0.9238725304603577, 0.38258951902389526, -0.009197276085615158, 1.060638427734375], [0.008295949548482895, -0.00400556018576026, -0.9999575614929199, 1.5487093925476074], [-0.38261011242866516, -0.9239097833633423, 0.0005266842199489474, -0.0849609375], [0.0, 0.0, 0.0, 1.0]]], "view": [[0.0, -2.0, 100.0], [-2.0, 0.0, 100.0], [0.0, 0.0, 1.0]], "bev": "bev_5aae3527bd074f1191ee4741cffa457e.png", "aux": "aux_5aae3527bd074f1191ee4741cffa457e.npz", "visibility": "visibility_5aae3527bd074f1191ee4741cffa457e.png", "pose": [[0.8556901216506958, 0.5174885392189026, 0.0, 2066.934326171875], [-0.5174885392189026, 0.8556901216506958, 0.0, 959.4003295898438], [0.0, 0.0, 1.0, 0.0], [0.0, 0.0, 0.0, 1.0]], "pose_inverse": [[0.8556901216506958, -0.5174885392189026, 0.0, -1272.1766357421875], [0.5174885392189026, 0.8556901216506958, 0.0, -1890.564208984375], [0.0, 0.0, 1.0, 0.0], [0.0, 0.0, 0.0, 1.0]], "cam_ids": [0, 1, 2, 3, 4, 5], "cam_channels": ["CAM_FRONT_LEFT", "CAM_FRONT", "CAM_FRONT_RIGHT", "CAM_BACK_LEFT", "CAM_BACK", "CAM_BACK_RIGHT"], "token": "5aae3527bd074f1191ee4741cffa457e", "scene": "scene-0213"}, {"images": ["samples/CAM_FRONT_LEFT/n008-2018-07-26-12-13-50-0400__CAM_FRONT_LEFT__1532622140754799.jpg", "samples/CAM_FRONT/n008-2018-07-26-12-13-50-0400__CAM_FRONT__1532622140762510.jpg", "samples/CAM_FRONT_RIGHT/n008-2018-07-26-12-13-50-0400__CAM_FRONT_RIGHT__1532622140770482.jpg", "samples/CAM_BACK_LEFT/n008-2018-07-26-12-13-50-0400__CAM_BACK_LEFT__1532622140797405.jpg", "samples/CAM_BACK/n008-2018-07-26-12-13-50-0400__CAM_BACK__1532622140787558.jpg", "samples/CAM_BACK_RIGHT/n008-2018-07-26-12-13-50-0400__CAM_BACK_RIGHT__1532622140778113.jpg"], "intrinsics": [[[1257.8625342125129, 0.0, 827.2410631095686], [0.0, 1257.8625342125129, 450.915498205774], [0.0, 0.0, 1.0]], [[1252.8131021185304, 0.0, 826.588114781398], [0.0, 1252.8131021185304, 469.9846626224581], [0.0, 0.0, 1.0]], [[1256.7485116440405, 0.0, 817.7887570959712], [0.0, 1256.7485116440403, 451.9541780095127], [0.0, 0.0, 1.0]], [[1254.9860565800168, 0.0, 829.5769333630991], [0.0, 1254.9860565800168, 467.1680561863987], [0.0, 0.0, 1.0]], [[796.8910634503094, 0.0, 857.7774326863696], [0.0, 796.8910634503094, 476.8848988407415], [0.0, 0.0, 1.0]], [[1249.9629280788233, 0.0, 825.3768045375984], [0.0, 1249.9629280788233, 462.54816385708756], [0.0, 0.0, 1.0]]], "extrinsics": [[[0.8234502673149109, -0.5673874616622925, -0.001062985509634018, -0.7841300964355469], [0.014766321517527103, 0.02330314740538597, -0.9996193647384644, 1.4922256469726562], [0.5671961903572083, 0.823121190071106, 0.02756720781326294, -1.1826171875], [0.0, 0.0, 0.0, 1.0]], [[0.01167899277061224, -0.9997509717941284, -0.019015904515981674, 0.0089111328125], [0.01681438460946083, 0.01921086572110653, -0.9996740818023682, 1.4838523864746094], [0.9997903108596802, 0.011355477385222912, 0.017034562304615974, -1.514404296875], [0.0, 0.0, 0.0, 1.0]], [[-0.8432612419128418, -0.536838710308075, -0.026730313897132874, 0.946533203125], [0.024966472759842873, 0.010556674562394619, -0.9996325373649597, 1.4973487854003906], [0.5369235873222351, -0.8436188101768494, 0.004500933922827244, -1.184814453125], [0.0, 0.0, 0.0, 1.0]], [[0.9477475881576538, 0.3189174234867096, 0.008130304515361786, -1.135986328125], [-0.00015447249461431056, 0.02594391629099846, -0.9996634125709534, 1.5620346069335938], [-0.3190210461616516, 0.9474272727966309, 0.024637550115585327, -0.158935546875], [0.0, 0.0, 0.0, 1.0]], [[0.008608176372945309, 0.9997950196266174, 0.018327388912439346, -0.0284423828125], [0.0019149084109812975, 0.018311552703380585, -0.9998304843902588, 1.5681838989257812], [-0.9999611377716064, 0.008641804568469524, -0.0017568884650245309, -0.023193359375], [0.0, 0.0, 0.0, 1.0]], [[-0.9239738583564758, 0.3823860287666321, -0.007292673923075199, 1.04510498046875], [0.0060394261963665485, -0.004477665759623051, -0.9999717473983765, 1.5485666990280151], [-0.38240793347358704, -0.923991858959198, 0.0018278538482263684, -0.091064453125], [0.0, 0.0, 0.0, 1.0]]], "view": [[0.0, -2.0, 100.0], [-2.0, 0.0, 100.0], [0.0, 0.0, 1.0]], "bev": "bev_8312610c71494bfdb38d0a82d8018cbc.png", "aux": "aux_8312610c71494bfdb38d0a82d8018cbc.npz", "visibility": "visibility_8312610c71494bfdb38d0a82d8018cbc.png", "pose": [[0.8476201891899109, 0.5306034088134766, 0.0, 2069.41796875], [-0.5306034088134766, 0.8476201891899109, 0.0, 957.8546142578125], [0.0, 0.0, 1.0, 0.0], [0.0, 0.0, 0.0, 1.0]], "pose_inverse": [[0.8476201891899109, -0.5306034088134766, 0.0, -1245.839599609375], [0.5306034088134766, 0.8476201891899109, 0.0, -1909.9371337890625], [0.0, 0.0, 1.0, 0.0], [0.0, 0.0, 0.0, 1.0]], "cam_ids": [0, 1, 2, 3, 4, 5], "cam_channels": ["CAM_FRONT_LEFT", "CAM_FRONT", "CAM_FRONT_RIGHT", "CAM_BACK_LEFT", "CAM_BACK", "CAM_BACK_RIGHT"], "token": "8312610c71494bfdb38d0a82d8018cbc", "scene": "scene-0213"}, {"images": ["samples/CAM_FRONT_LEFT/n008-2018-07-26-12-13-50-0400__CAM_FRONT_LEFT__1532622141254799.jpg", "samples/CAM_FRONT/n008-2018-07-26-12-13-50-0400__CAM_FRONT__1532622141262404.jpg", "samples/CAM_FRONT_RIGHT/n008-2018-07-26-12-13-50-0400__CAM_FRONT_RIGHT__1532622141270482.jpg", "samples/CAM_BACK_LEFT/n008-2018-07-26-12-13-50-0400__CAM_BACK_LEFT__1532622141297405.jpg", "samples/CAM_BACK/n008-2018-07-26-12-13-50-0400__CAM_BACK__1532622141287558.jpg", "samples/CAM_BACK_RIGHT/n008-2018-07-26-12-13-50-0400__CAM_BACK_RIGHT__1532622141278352.jpg"], "intrinsics": [[[1257.8625342125129, 0.0, 827.2410631095686], [0.0, 1257.8625342125129, 450.915498205774], [0.0, 0.0, 1.0]], [[1252.8131021185304, 0.0, 826.588114781398], [0.0, 1252.8131021185304, 469.9846626224581], [0.0, 0.0, 1.0]], [[1256.7485116440405, 0.0, 817.7887570959712], [0.0, 1256.7485116440403, 451.9541780095127], [0.0, 0.0, 1.0]], [[1254.9860565800168, 0.0, 829.5769333630991], [0.0, 1254.9860565800168, 467.1680561863987], [0.0, 0.0, 1.0]], [[796.8910634503094, 0.0, 857.7774326863696], [0.0, 796.8910634503094, 476.8848988407415], [0.0, 0.0, 1.0]], [[1249.9629280788233, 0.0, 825.3768045375984], [0.0, 1249.9629280788233, 462.54816385708756], [0.0, 0.0, 1.0]]], "extrinsics": [[[0.8228976726531982, -0.5681236386299133, -0.008664856664836407, -0.7752838134765625], [0.0029621459543704987, 0.01953924633562565, -0.999804675579071, 1.4890556335449219], [0.5681820511817932, 0.8227112293243408, 0.01776166260242462, -1.177978515625], [0.0, 0.0, 0.0, 1.0]], [[0.010729022324085236, -0.9998172521591187, -0.01582057774066925, 0.01025390625], [0.005184435751289129, 0.01587689481675625, -0.9998605251312256, 1.4813003540039062], [0.9999290108680725, 0.010645570233464241, 0.005353832617402077, -1.5072021484375], [0.0, 0.0, 0.0, 1.0]], [[-0.84381502866745, -0.5364079475402832, -0.01558038778603077, 0.9443359375], [0.01358382310718298, 0.0076737478375434875, -0.9998782277107239, 1.4954299926757812], [0.5364621877670288, -0.8439239263534546, 0.0008112463401630521, -1.1822509765625], [0.0, 0.0, 0.0, 1.0]], [[0.9478597640991211, 0.3186827301979065, -0.0018161411862820387, -1.1417236328125], [-0.010107911191880703, 0.02436709776520729, -0.9996519684791565, 1.5620269775390625], [-0.31852757930755615, 0.9475482106208801, 0.026317806914448738, -0.15673828125], [0.0, 0.0, 0.0, 1.0]], [[0.009083600714802742, 0.9998264908790588, 0.01626402698457241, -0.0289306640625], [-0.008657153695821762, 0.01634272001683712, -0.9998289346694946, 1.567495346069336], [-0.9999213218688965, 0.008941183798015118, 0.00880410149693489, -0.0201416015625], [0.0, 0.0, 0.0, 1.0]], [[-0.9238409996032715, 0.38277116417884827, 0.0019999630749225616, 1.04638671875], [-0.00503139104694128, -0.006918796803802252, -0.9999634027481079, 1.5471973419189453], [-0.38274332880973816, -0.9238173365592957, 0.008317739702761173, -0.089599609375], [0.0, 0.0, 0.0, 1.0]]], "view": [[0.0, -2.0, 100.0], [-2.0, 0.0, 100.0], [0.0, 0.0, 1.0]], "bev": "bev_eacb994937d845f682f1b90833dba107.png", "aux": "aux_eacb994937d845f682f1b90833dba107.npz", "visibility": "visibility_eacb994937d845f682f1b90833dba107.png", "pose": [[0.8411988615989685, 0.5407259464263916, 0.0, 2072.0986328125], [-0.5407259464263916, 0.8411988615989685, 0.0, 956.1170043945312], [0.0, 0.0, 1.0, 0.0], [0.0, 0.0, 0.0, 1.0]], "pose_inverse": [[0.8411988615989685, -0.5407259464263916, 0.0, -1226.0496826171875], [0.5407259464263916, 0.8411988615989685, 0.0, -1924.721923828125], [0.0, 0.0, 1.0, 0.0], [0.0, 0.0, 0.0, 1.0]], "cam_ids": [0, 1, 2, 3, 4, 5], "cam_channels": ["CAM_FRONT_LEFT", "CAM_FRONT", "CAM_FRONT_RIGHT", "CAM_BACK_LEFT", "CAM_BACK", "CAM_BACK_RIGHT"], "token": "eacb994937d845f682f1b90833dba107", "scene": "scene-0213"}, {"images": ["samples/CAM_FRONT_LEFT/n008-2018-07-26-12-13-50-0400__CAM_FRONT_LEFT__1532622141754799.jpg", "samples/CAM_FRONT/n008-2018-07-26-12-13-50-0400__CAM_FRONT__1532622141762404.jpg", "samples/CAM_FRONT_RIGHT/n008-2018-07-26-12-13-50-0400__CAM_FRONT_RIGHT__1532622141770482.jpg", "samples/CAM_BACK_LEFT/n008-2018-07-26-12-13-50-0400__CAM_BACK_LEFT__1532622141797405.jpg", "samples/CAM_BACK/n008-2018-07-26-12-13-50-0400__CAM_BACK__1532622141787558.jpg", "samples/CAM_BACK_RIGHT/n008-2018-07-26-12-13-50-0400__CAM_BACK_RIGHT__1532622141778113.jpg"], "intrinsics": [[[1257.8625342125129, 0.0, 827.2410631095686], [0.0, 1257.8625342125129, 450.915498205774], [0.0, 0.0, 1.0]], [[1252.8131021185304, 0.0, 826.588114781398], [0.0, 1252.8131021185304, 469.9846626224581], [0.0, 0.0, 1.0]], [[1256.7485116440405, 0.0, 817.7887570959712], [0.0, 1256.7485116440403, 451.9541780095127], [0.0, 0.0, 1.0]], [[1254.9860565800168, 0.0, 829.5769333630991], [0.0, 1254.9860565800168, 467.1680561863987], [0.0, 0.0, 1.0]], [[796.8910634503094, 0.0, 857.7774326863696], [0.0, 796.8910634503094, 476.8848988407415], [0.0, 0.0, 1.0]], [[1249.9629280788233, 0.0, 825.3768045375984], [0.0, 1249.9629280788233, 462.54816385708756], [0.0, 0.0, 1.0]]], "extrinsics": [[[0.8219875693321228, -0.5694462060928345, -0.008210663683712482, -0.7761383056640625], [0.008309970609843731, 0.0264084842056036, -0.9996166825294495, 1.4905509948730469], [0.5694447755813599, 0.821604311466217, 0.026439527049660683, -1.176513671875], [0.0, 0.0, 0.0, 1.0]], [[0.009439598768949509, -0.9997059106826782, -0.02233649231493473, 0.0089111328125], [0.009729783050715923, 0.022428257390856743, -0.9997011423110962, 1.4823532104492188], [0.9999080896377563, 0.009219423867762089, 0.009938635863363743, -1.506591796875], [0.0, 0.0, 0.0, 1.0]], [[-0.8443174958229065, -0.5353924036026001, -0.021975161507725716, 0.9423828125], [0.017241837456822395, 0.01384443137794733, -0.9997555017471313, 1.4960975646972656], [0.5355657935142517, -0.8444900512695312, -0.002457948634400964, -1.1826171875], [0.0, 0.0, 0.0, 1.0]], [[0.9478962421417236, 0.31857872009277344, 0.0005497161182574928, -1.14404296875], [-0.009244787506759167, 0.029231568798422813, -0.9995298981666565, 1.5620613098144531], [-0.3184450566768646, 0.9474455118179321, 0.030653685331344604, -0.155517578125], [0.0, 0.0, 0.0, 1.0]], [[0.009485066868364811, 0.9997217059135437, 0.021602625027298927, -0.0283203125], [-0.006853240076452494, 0.021668078377842903, -0.9997416734695435, 1.5676116943359375], [-0.9999315738677979, 0.00933457538485527, 0.00705685606226325, -0.0203857421875], 