[{"images": ["samples/CAM_FRONT_LEFT/n008-2018-09-18-15-12-01-0400__CAM_FRONT_LEFT__1537298345654799.jpg", "samples/CAM_FRONT/n008-2018-09-18-15-12-01-0400__CAM_FRONT__1537298345662404.jpg", "samples/CAM_FRONT_RIGHT/n008-2018-09-18-15-12-01-0400__CAM_FRONT_RIGHT__1537298345670482.jpg", "samples/CAM_BACK_LEFT/n008-2018-09-18-15-12-01-0400__CAM_BACK_LEFT__1537298345697405.jpg", "samples/CAM_BACK/n008-2018-09-18-15-12-01-0400__CAM_BACK__1537298345687558.jpg", "samples/CAM_BACK_RIGHT/n008-2018-09-18-15-12-01-0400__CAM_BACK_RIGHT__1537298345678113.jpg"], "intrinsics": [[[1257.8625342125129, 0.0, 827.2410631095686], [0.0, 1257.8625342125129, 450.915498205774], [0.0, 0.0, 1.0]], [[1252.8131021185304, 0.0, 826.588114781398], [0.0, 1252.8131021185304, 469.9846626224581], [0.0, 0.0, 1.0]], [[1256.7485116440405, 0.0, 817.7887570959712], [0.0, 1256.7485116440403, 451.9541780095127], [0.0, 0.0, 1.0]], [[1254.9860565800168, 0.0, 829.5769333630991], [0.0, 1254.9860565800168, 467.1680561863987], [0.0, 0.0, 1.0]], [[796.8910634503094, 0.0, 857.7774326863696], [0.0, 796.8910634503094, 476.8848988407415], [0.0, 0.0, 1.0]], [[1249.9629280788233, 0.0, 825.3768045375984], [0.0, 1249.9629280788233, 462.54816385708756], [0.0, 0.0, 1.0]]], "extrinsics": [[[0.81368488073349, -0.5812934041023254, -0.0038677076809108257, -0.915283203125], [0.018244927749037743, 0.032188016921281815, -0.9993153214454651, 1.4901905059814453], [0.5810198187828064, 0.8130572438240051, 0.036796558648347855, -1.27252197265625], [0.0, 0.0, 0.0, 1.0]], [[-0.0021990202367305756, -0.999599277973175, -0.028219467028975487, 0.00714111328125], [0.020126214250922203, 0.028169579803943634, -0.9994004964828491, 1.4819107055664062], [0.9997949600219727, -0.002765639917925, 0.020056206732988358, -1.6451416015625], [0.0, 0.0, 0.0, 1.0]], [[-0.8489143252372742, -0.5274255871772766, -0.03415766730904579, 1.032470703125], [0.02807031199336052, 0.019544728100299835, -0.99941486120224, 1.4949913024902344], [0.527784526348114, -0.849376380443573, -0.0017868003342300653, -1.2396240234375], [0.0, 0.0, 0.0, 1.0]], [[0.9478701949119568, 0.3183571696281433, 0.013810702599585056, -1.140869140625], [0.002678700489923358, 0.03537833318114281, -0.9993703961372375, 1.5620384216308594], [-0.3186453878879547, 0.9473105072975159, 0.03268128260970116, -0.15753173828125], [0.0, 0.0, 0.0, 1.0]], [[0.012706314213573933, 0.9995343089103699, 0.027742978185415268, -0.029144287109375], [0.0048043131828308105, 0.027683870866894722, -0.9996051788330078, 1.568176031112671], [-0.9999077320098877, 0.012834557332098484, -0.004450316075235605, 0.0166015625], [0.0, 0.0, 0.0, 1.0]], [[-0.9209429621696472, 0.38964569568634033, -0.006349707022309303, 1.1134033203125], [0.008923433721065521, 0.004795619286596775, -0.9999486804008484, 1.5482606887817383], [-0.38959524035453796, -0.920952320098877, -0.007893470115959644, -0.06256103515625], [0.0, 0.0, 0.0, 1.0]]], "view": [[0.0, -2.0, 100.0], [-2.0, 0.0, 100.0], [0.0, 0.0, 1.0]], "bev": "bev_7f8368b7a14341b3bef03a7aec63f9b5.png", "aux": "aux_7f8368b7a14341b3bef03a7aec63f9b5.npz", "visibility": "visibility_7f8368b7a14341b3bef03a7aec63f9b5.png", "pose": [[0.26625898480415344, -0.9639015197753906, 0.0, 687.3108520507812], [0.9639015197753906, 0.26625898480415344, 0.0, 1359.166748046875], [0.0, 0.0, 1.0, 0.0], [0.0, 0.0, 0.0, 1.0]], "pose_inverse": [[0.26625898480415344, 0.9639015197753906, 0.0, -1493.1055908203125], [-0.9639015197753906, 0.26625898480415344, 0.0, 300.609619140625], [0.0, 0.0, 1.0, 0.0], [0.0, 0.0, 0.0, 1.0]], "cam_ids": [0, 1, 2, 3, 4, 5], "cam_channels": ["CAM_FRONT_LEFT", "CAM_FRONT", "CAM_FRONT_RIGHT", "CAM_BACK_LEFT", "CAM_BACK", "CAM_BACK_RIGHT"], "token": "7f8368b7a14341b3bef03a7aec63f9b5", "scene": "scene-0915"}, {"images": ["samples/CAM_FRONT_LEFT/n008-2018-09-18-15-12-01-0400__CAM_FRONT_LEFT__1537298346154799.jpg", "samples/CAM_FRONT/n008-2018-09-18-15-12-01-0400__CAM_FRONT__1537298346162404.jpg", "samples/CAM_FRONT_RIGHT/n008-2018-09-18-15-12-01-0400__CAM_FRONT_RIGHT__1537298346170482.jpg", "samples/CAM_BACK_LEFT/n008-2018-09-18-15-12-01-0400__CAM_BACK_LEFT__1537298346197405.jpg", "samples/CAM_BACK/n008-2018-09-18-15-12-01-0400__CAM_BACK__1537298346187558.jpg", "samples/CAM_BACK_RIGHT/n008-2018-09-18-15-12-01-0400__CAM_BACK_RIGHT__1537298346178113.jpg"], "intrinsics": [[[1257.8625342125129, 0.0, 827.2410631095686], [0.0, 1257.8625342125129, 450.915498205774], [0.0, 0.0, 1.0]], [[1252.8131021185304, 0.0, 826.588114781398], [0.0, 1252.8131021185304, 469.9846626224581], [0.0, 0.0, 1.0]], [[1256.7485116440405, 0.0, 817.7887570959712], [0.0, 1256.7485116440403, 451.9541780095127], [0.0, 0.0, 1.0]], [[1254.9860565800168, 0.0, 829.5769333630991], [0.0, 1254.9860565800168, 467.1680561863987], [0.0, 0.0, 1.0]], [[796.8910634503094, 0.0, 857.7774326863696], [0.0, 796.8910634503094, 476.8848988407415], [0.0, 0.0, 1.0]], [[1249.9629280788233, 0.0, 825.3768045375984], [0.0, 1249.9629280788233, 462.54816385708756], [0.0, 0.0, 1.0]]], "extrinsics": [[[0.8118657469749451, -0.5838163495063782, -0.00570728350430727, -0.8968505859375], [0.01612848974764347, 0.03219806030392647, -0.9993513822555542, 1.4902887344360352], [0.5836213231086731, 0.8112471699714661, 0.035556577146053314, -1.259979248046875], [0.0, 0.0, 0.0, 1.0]], [[-0.004873985890299082, -0.9995977282524109, -0.027942171320319176, 0.0076904296875], [0.017739566043019295, 0.027851678431034088, -0.99945467710495, 1.482004165649414], [0.9998307824134827, -0.005367013160139322, 0.01759667880833149, -1.626708984375], [0.0, 0.0, 0.0, 1.0]], [[-0.8500928282737732, -0.5256858468055725, -0.03156929090619087, 1.0203857421875], [0.02546183206140995, 0.018848758190870285, -0.9994980692863464, 1.495168685913086], [0.5260170102119446, -0.8504700660705566, -0.0026382717769593, -1.231689453125], [0.0, 0.0, 0.0, 1.0]], [[0.9479601383209229, 0.3182251453399658, 0.010212516412138939, -1.1412353515625], [-0.0004571515310090035, 0.03343596309423447, -0.9994407296180725, 1.562042236328125], [-0.3183887004852295, 0.947425365447998, 0.03184144198894501, -0.1571044921875], [0.0, 0.0, 0.0, 1.0]], [[0.013664113357663155, 0.9995623826980591, 0.026237985119223595, -0.029052734375], [0.0019180721137672663, 0.02621418423950672, -0.9996544718742371, 1.5681047439575195], [-0.9999048709869385, 0.013709720224142075, -0.0015590398106724024, 0.01171875], [0.0, 0.0, 0.0, 1.0]], [[-0.9203452467918396, 0.3910842537879944, -0.0042036669328808784, 1.10400390625], [0.006170919165015221, 0.003773661097511649, -0.9999738335609436, 1.5481839179992676], [-0.39105814695358276, -0.9203471541404724, -0.005886419676244259, -0.06643390655517578], [0.0, 0.0, 0.0, 1.0]]], "view": [[0.0, -2.0, 100.0], [-2.0, 0.0, 100.0], [0.0, 0.0, 1.0]], "bev": "bev_ef6c3afa0306406790d7f7c21b4b6cc5.png", "aux": "aux_ef6c3afa0306406790d7f7c21b4b6cc5.npz", "visibility": "visibility_ef6c3afa0306406790d7f7c21b4b6cc5.png", "pose": [[0.07577329874038696, -0.9971250891685486, 0.0, 687.5740966796875], [0.9971250891685486, 0.07577329874038696, 0.0, 1360.5123291015625], [0.0, 0.0, 1.0, 0.0], [0.0, 0.0, 0.0, 1.0]], "pose_inverse": [[0.07577329874038696, 0.9971250891685486, 0.0, -1408.70068359375], [-0.9971250891685486, 0.07577329874038696, 0.0, 582.5068359375], [0.0, 0.0, 1.0, 0.0], [0.0, 0.0, 0.0, 1.0]], "cam_ids": [0, 1, 2, 3, 4, 5], "cam_channels": ["CAM_FRONT_LEFT", "CAM_FRONT", "CAM_FRONT_RIGHT", "CAM_BACK_LEFT", "CAM_BACK", "CAM_BACK_RIGHT"], "token": "ef6c3afa0306406790d7f7c21b4b6cc5", "scene": "scene-0915"}, {"images": ["samples/CAM_FRONT_LEFT/n008-2018-09-18-15-12-01-0400__CAM_FRONT_LEFT__1537298346654799.jpg", "samples/CAM_FRONT/n008-2018-09-18-15-12-01-0400__CAM_FRONT__1537298346662404.jpg", "samples/CAM_FRONT_RIGHT/n008-2018-09-18-15-12-01-0400__CAM_FRONT_RIGHT__1537298346670482.jpg", "samples/CAM_BACK_LEFT/n008-2018-09-18-15-12-01-0400__CAM_BACK_LEFT__1537298346697405.jpg", "samples/CAM_BACK/n008-2018-09-18-15-12-01-0400__CAM_BACK__1537298346687558.jpg", "samples/CAM_BACK_RIGHT/n008-2018-09-18-15-12-01-0400__CAM_BACK_RIGHT__1537298346678113.jpg"], "intrinsics": [[[1257.8625342125129, 0.0, 827.2410631095686], [0.0, 1257.8625342125129, 450.915498205774], [0.0, 0.0, 1.0]], [[1252.8131021185304, 0.0, 826.588114781398], [0.0, 1252.8131021185304, 469.9846626224581], [0.0, 0.0, 1.0]], [[1256.7485116440405, 0.0, 817.7887570959712], [0.0, 1256.7485116440403, 451.9541780095127], [0.0, 0.0, 1.0]], [[1254.9860565800168, 0.0, 829.5769333630991], [0.0, 1254.9860565800168, 467.1680561863987], [0.0, 0.0, 1.0]], [[796.8910634503094, 0.0, 857.7774326863696], [0.0, 796.8910634503094, 476.8848988407415], [0.0, 0.0, 1.0]], [[1249.9629280788233, 0.0, 825.3768045375984], [0.0, 1249.9629280788233, 462.54816385708756], [0.0, 0.0, 1.0]]], "extrinsics": [[[0.8106282949447632, -0.5855402946472168, -0.004938141908496618, -0.870361328125], [0.014196289703249931, 0.028082801029086113, -0.999504804611206, 1.4904365539550781], [0.5853890180587769, 0.8101567029953003, 0.03107721172273159, -1.2430353164672852], [0.0, 0.0, 0.0, 1.0]], [[-0.006611952092498541, -0.9996870756149292, -0.02412720024585724, 0.00897216796875], [0.015701349824666977, 0.024020966142416, -0.999588131904602, 1.4821704626083374], [0.9998548626899719, -0.006988044362515211, 0.015537609346210957, -1.6002197265625], [0.0, 0.0, 0.0, 1.0]], [[-0.8508612513542175, -0.5246559381484985, -0.02777121588587761, 1.0028076171875], [0.023210404440760612, 0.015270309522747993, -0.9996139407157898, 1.4954652786254883], [0.5248775482177734, -0.851177453994751, -0.0008154382812790573, -1.2193603515625], [0.0, 0.0, 0.0, 1.0]], [[0.9480120539665222, 0.3181733191013336, 0.006228666286915541, -1.14044189453125], [-0.0036203141789883375, 0.030354073271155357, -0.9995326399803162, 1.5620250701904297], [-0.31821373105049133, 0.9475464224815369, 0.029927916824817657, -0.1573486328125], [0.0, 0.0, 0.0, 1.0]], [[0.014289327897131443, 0.9996326565742493, 0.0230342298746109, -0.02972412109375], [-0.0008776484173722565, 0.023049112409353256, -0.9997339248657227, 1.5679950714111328], [-0.9998975396156311, 0.01426530908793211, 0.0012066821800544858, 0.002685546875], [0.0, 0.0, 0.0, 1.0]], [[-0.9199610948562622, 0.3919965326786041, -0.00318738236092031, 1.0882568359375], [0.003643045201897621, 0.0004186235892120749, -0.9999932646751404, 1.5480942726135254], [-0.3919925391674042, -0.9199665784835815, -0.001813177834264934, -0.072052001953125], [0.0, 0.0, 0.0, 1.0]]], "view": [[0.0, -2.0, 100.0], [-2.0, 0.0, 100.0], [0.0, 0.0, 1.0]], "bev": "bev_ca58f510e1a34f16b51196ada968393f.png", "aux": "aux_ca58f510e1a34f16b51196ada968393f.npz", "visibility": "visibility_ca58f510e1a34f16b51196ada968393f.png", "pose": [[-0.15009960532188416, -0.9886708855628967, 0.0, 687.538818359375], [0.9886708855628967, -0.15009960532188416, 0.0, 1362.189208984375], [0.0, 0.0, 1.0, 0.0], [0.0, 0.0, 0.0, 1.0]], "pose_inverse": [[-0.15009960532188416, 0.9886708855628967, 0.0, -1243.5574951171875], [-0.9886708855628967, -0.15009960532188416, 0.0, 884.2136840820312], [0.0, 0.0, 1.0, 0.0], [0.0, 0.0, 0.0, 1.0]], "cam_ids": [0, 1, 2, 3, 4, 5], "cam_channels": ["CAM_FRONT_LEFT", "CAM_FRONT", "CAM_FRONT_RIGHT", "CAM_BACK_LEFT", "CAM_BACK", "CAM_BACK_RIGHT"], "token": "ca58f510e1a34f16b51196ada968393f", "scene": "scene-0915"}, {"images": ["samples/CAM_FRONT_LEFT/n008-2018-09-18-15-12-01-0400__CAM_FRONT_LEFT__1537298347154799.jpg", "samples/CAM_FRONT/n008-2018-09-18-15-12-01-0400__CAM_FRONT__1537298347162404.jpg", "samples/CAM_FRONT_RIGHT/n008-2018-09-18-15-12-01-0400__CAM_FRONT_RIGHT__1537298347170482.jpg", "samples/CAM_BACK_LEFT/n008-2018-09-18-15-12-01-0400__CAM_BACK_LEFT__1537298347197405.jpg", "samples/CAM_BACK/n008-2018-09-18-15-12-01-0400__CAM_BACK__1537298347187558.jpg", "samples/CAM_BACK_RIGHT/n008-2018-09-18-15-12-01-0400__CAM_BACK_RIGHT__1537298347178113.jpg"], "intrinsics": [[[1257.8625342125129, 0.0, 827.2410631095686], [0.0, 1257.8625342125129, 450.915498205774], [0.0, 0.0, 1.0]], [[1252.8131021185304, 0.0, 826.588114781398], [0.0, 1252.8131021185304, 469.9846626224581], [0.0, 0.0, 1.0]], [[1256.7485116440405, 0.0, 817.7887570959712], [0.0, 1256.7485116440403, 451.9541780095127], [0.0, 0.0, 1.0]], [[1254.9860565800168, 0.0, 829.5769333630991], [0.0, 1254.9860565800168, 467.1680561863987], [0.0, 0.0, 1.0]], [[796.8910634503094, 0.0, 857.7774326863696], [0.0, 796.8910634503094, 476.8848988407415], [0.0, 0.0, 1.0]], [[1249.9629280788233, 0.0, 825.3768045375984], [0.0, 1249.9629280788233, 462.54816385708756], [0.0, 0.0, 1.0]]], "extrinsics": [[[0.8112344145774841, -0.5846821665763855, -0.006751119624823332, -0.8509521484375], [0.007135583553463221, 0.021444173529744148, -0.9997445344924927, 1.489522933959961], [0.5846775770187378, 0.8109790682792664, 0.0215683002024889, -1.22808837890625], [0.0, 0.0, 0.0, 1.0]], [[-0.005810014437884092, -0.9998251795768738, -0.01776902936398983, 0.0078125], [0.0084450738504529, 0.017719635739922523, -0.9998073577880859, 1.4814062118530273], [0.9999474287033081, -0.005958944093436003, 0.008340646512806416, -1.58056640625], [0.0, 0.0, 0.0, 1.0]], [[-0.8506392240524292, -0.5254270434379578, -0.018419859930872917, 0.9896240234375], [0.01588209718465805, 0.009338684380054474, -0.9998302459716797, 1.4949569702148438], [0.5255099534988403, -0.850787341594696, 0.0004010331176687032, -1.2125244140625], [0.0, 0.0, 0.0, 1.0]], [[0.948064386844635, 0.3180724084377289, -0.001948550227098167, -1.1387939453125], [-0.010695775039494038, 0.02575668878853321, -0.9996110200881958, 1.5619850158691406], [-0.3178984820842743, 0.9477165341377258, 0.02782103233039379, -0.1578369140625], [0.0, 0.0, 0.0, 1.0]], [[0.01420971006155014, 0.9997406005859375, 0.017798710614442825, -0.0289306640625], [-0.008032725192606449, 0.017914069816470146, -0.9998072385787964, 1.5676689147949219], [-0.9998668432235718, 0.014064054936170578, 0.00828519556671381, -0.0032958984375], [0.0, 0.0, 0.0, 1.0]], [[-0.9201823472976685, 0.3914877474308014, 0.0013074263697490096, 1.0794677734375], [-0.003622108604758978, -0.00517410971224308, -0.999980092048645, 1.547499418258667], [-0.3914731442928314, -0.9201687574386597, 0.00617913668975234, -0.0770263671875], [0.0, 0.0, 0.0, 1.0]]], "view": [[0.0, -2.0, 100.0], [-2.0, 0.0, 100.0], [0.0, 0.0, 1.0]], "bev": "bev_d2f45becb0af4a458e678d21f2b9add2.png", "aux": "aux_d2f45becb0af4a458e678d21f2b9add2.npz", "visibility": "visibility_d2f45becb0af4a458e678d21f2b9add2.png", "pose": [[-0.3646738827228546, -0.9311352968215942, 0.0, 687.0619506835938], [0.9311352968215942, -0.3646738827228546, 0.0, 1364.1268310546875], [0.0, 0.0, 1.0, 0.0], [0.0, 0.0, 0.0, 1.0]], "pose_inverse": [[-0.3646738827228546, 0.9311352968215942, 0.0, -1019.6331176757812], [-0.9311352968215942, -0.3646738827228546, 0.0, 1137.2091064453125], [0.0, 0.0, 1.0, 0.0], [0.0, 0.0, 0.0, 1.0]], "cam_ids": [0, 1, 2, 3, 4, 5], "cam_channels": ["CAM_FRONT_LEFT", "CAM_FRONT", "CAM_FRONT_RIGHT", "CAM_BACK_LEFT", "CAM_BACK", "CAM_BACK_RIGHT"], "token": "d2f45becb0af4a458e678d21f2b9add2", "scene": "scene-0915"}, {"images": ["samples/CAM_FRONT_LEFT/n008-2018-09-18-15-12-01-0400__CAM_FRONT_LEFT__1537298347654799.jpg", "samples/CAM_FRONT/n008-2018-09-18-15-12-01-0400__CAM_FRONT__1537298347662404.jpg", "samples/CAM_FRONT_RIGHT/n008-2018-09-18-15-12-01-0400__CAM_FRONT_RIGHT__1537298347670482.jpg", "samples/CAM_BACK_LEFT/n008-2018-09-18-15-12-01-0400__CAM_BACK_LEFT__1537298347697405.jpg", "samples/CAM_BACK/n008-2018-09-18-15-12-01-0400__CAM_BACK__1537298347687558.jpg", "samples/CAM_BACK_RIGHT/n008-2018-09-18-15-12-01-0400__CAM_BACK_RIGHT__1537298347678113.jpg"], "intrinsics": [[[1257.8625342125129, 0.0, 827.2410631095686], [0.0, 1257.8625342125129, 450.915498205774], [0.0, 0.0, 1.0]], [[1252.8131021185304, 0.0, 826.588114781398], [0.0, 1252.8131021185304, 469.9846626224581], [0.0, 0.0, 1.0]], [[1256.7485116440405, 0.0, 817.7887570959712], [0.0, 1256.7485116440403, 451.9541780095127], [0.0, 0.0, 1.0]], [[1254.9860565800168, 0.0, 829.5769333630991], [0.0, 1254.9860565800168, 467.1680561863987], [0.0, 0.0, 1.0]], [[796.8910634503094, 0.0, 857.7774326863696], [0.0, 796.8910634503094, 476.8848988407415], [0.0, 0.0, 1.0]], [[1249.9629280788233, 0.0, 825.3768045375984], [0.0, 1249.9629280788233, 462.54816385708756], [0.0, 0.0, 1.0]]], "extrinsics": [[[0.8135908842086792, -0.5813850164413452, -0.007835609838366508, -0.8375244140625], [0.003297824412584305, 0.01809018850326538, -0.9998309016227722, 1.4888744354248047], [0.5814285278320312, 0.8134274482727051, 0.016635317355394363, -1.21942138671875], [0.0, 0.0, 0.0, 1.0]], [[-0.0025610816664993763, -0.9998878240585327, -0.014757364988327026, 0.0087890625], [0.005085713230073452, 0.014744200743734837, -0.9998784065246582, 1.4809627532958984], [0.9999837279319763, -0.002635795855894685, 0.005047381389886141, -1.56658935546875], [0.0, 0.0, 0.0, 1.0]], [[-0.8493358492851257, -0.5276508331298828, -0.014601430855691433, 0.9802436828613281], [0.012952619232237339, 0.0068203117698431015, -0.9998928308486938, 1.4947593212127686], [0.5276939272880554, -0.8494340181350708, 0.001041723182424903, -1.2056884765625], [0.0, 0.0, 0.0, 1.0]], [[0.9481127858161926, 0.31790491938591003, -0.004328408278524876, -1.134124755859375], [-0.012819760479032993, 0.024623200297355652, -0.9996145963668823, 1.5619010925292969], [-0.3176758885383606, 0.9478028416633606, 0.02742103300988674, -0.15966796875], [0.0, 0.0, 0.0, 1.0]], [[0.013377116993069649, 0.9997797012329102, 0.016173113137483597, -0.029296875], [-0.010500399395823479, 0.016314128413796425, -0.9998117685317993, 1.5674667358398438], [-0.9998554587364197, 0.013204788789153099, 0.010716322809457779, -0.01043701171875], [0.0, 0.0, 0.0, 1.0]], [[-0.9209073185920715, 0.3897704780101776, 0.002927652094513178, 1.0703125], [-0.006267310120165348, -0.007296846713870764, -0.9999536871910095, 1.5472183227539062], [-0.38973110914230347, -0.9208831787109375, 0.009162531234323978, -0.0797119140625], [0.0, 0.0, 0.0, 1.0]]], "view": [[0.0, -2.0, 100.0], [-2.0, 0.0, 100.0], [0.0, 0.0, 1.0]], "bev": "bev_7c7be93dfab0447a8706a6a4c2a7a1bf.png", "aux": "aux_7c7be93dfab0447a8706a6a4c2a7a1bf.npz", "visibility": "visibility_7c7be93dfab0447a8706a6a4c2a7a1bf.png", "pose": [[-0.5429147481918335, -0.8397878408432007, 0.0, 686.0648193359375], [0.8397878408432007, -0.5429147481918335, 0.0, 1366.13818359375], [0.0, 0.0, 1.0, 0.0], [0.0, 0.0, 0.0, 1.0]], "pose_inverse": [[-0.5429147481918335, 0.8397878408432007, 0.0, -774.79150390625], [-0.8397878408432007, -0.5429147481918335, 0.0, 1317.845458984375], [0.0, 0.0, 1.0, 0.0], [0.0, 0.0, 0.0, 1.0]], "cam_ids": [0, 1, 2, 3, 4, 5], "cam_channels": ["CAM_FRONT_LEFT", "CAM_FRONT", "CAM_FRONT_RIGHT", "CAM_BACK_LEFT", "CAM_BACK", "CAM_BACK_RIGHT"], "token": "7c7be93dfab0447a8706a6a4c2a7a1bf", "scene": "scene-0915"}, {"images": ["samples/CAM_FRONT_LEFT/n008-2018-09-18-15-12-01-0400__CAM_FRONT_LEFT__1537298348104799.jpg", "samples/CAM_FRONT/n008-2018-09-18-15-12-01-0400__CAM_FRONT__1537298348112404.jpg", "samples/CAM_FRONT_RIGHT/n008-2018-09-18-15-12-01-0400__CAM_FRONT_RIGHT__1537298348120482.jpg", "samples/CAM_BACK_LEFT/n008-2018-09-18-15-12-01-0400__CAM_BACK_LEFT__1537298348147405.jpg", "samples/CAM_BACK/n008-2018-09-18-15-12-01-0400__CAM_BACK__1537298348137558.jpg", "samples/CAM_BACK_RIGHT/n008-2018-09-18-15-12-01-0400__CAM_BACK_RIGHT__1537298348128113.jpg"], "intrinsics": [[[1257.8625342125129, 0.0, 827.2410631095686], [0.0, 1257.8625342125129, 450.915498205774], [0.0, 0.0, 1.0]], [[1252.8131021185304, 0.0, 826.588114781398], [0.0, 1252.8131021185304, 469.9846626224581], [0.0, 0.0, 1.0]], [[1256.7485116440405, 0.0, 817.7887570959712], [0.0, 1256.7485116440403, 451.9541780095127], [0.0, 0.0, 1.0]], [[1254.9860565800168, 0.0, 829.5769333630991], [0.0, 1254.9860565800168, 467.1680561863987], [0.0, 0.0, 1.0]], [[796.8910634503094, 0.0, 857.7774326863696], [0.0, 796.8910634503094, 476.8848988407415], [0.0, 0.0, 1.0]], [[1249.9629280788233, 0.0, 825.3768045375984], [0.0, 1249.9629280788233, 462.54816385708756], [0.0, 0.0, 1.0]]], "extrinsics": [[[0.8176161050796509, -0.5756091475486755, -0.013344586826860905, -0.84423828125], [0.0026538611855357885, 0.026944557204842567, -0.9996333718299866, 1.488250732421875], [0.575757622718811, 0.8172808885574341, 0.023557888343930244, -1.24395751953125], [0.0, 0.0, 0.0, 1.0]], [[0.003269507782533765, -0.9997447729110718, -0.02235191874206066, 0.024658203125], [0.0048690843395888805, 0.02236768789589405, -0.9997379183769226, 1.4804668426513672], [0.9999827146530151, 0.0031598559580743313, 0.004940973129123449, -1.5858154296875], [0.0, 0.0, 0.0, 1.0]], [[-0.8468402624130249, -0.5315374135971069, -0.018153753131628036, 1.00250244140625], [0.013170544058084488, 0.013164189644157887, -0.9998265504837036, 1.4943618774414062], [0.5316842794418335, -0.8469325304031372, -0.004147329367697239, -1.2021484375], [0.0, 0.0, 0.0, 1.0]], [[0.9479677677154541, 0.31836238503456116, -0.0015629359986633062, -1.15338134765625], [-0.010882272385060787, 0.027496308088302612, -0.999562680721283, 1.561737060546875], [-0.31818023324012756, 0.9475702047348022, 0.029530122876167297, -0.167236328125], [0.0, 0.0, 0.0, 1.0]], [[0.011513418518006802, 0.9997316002845764, 0.020103756338357925, -0.0435791015625], [-0.009219223633408546, 0.02021036297082901, -0.9997532367706299, 1.5673942565917969], [-0.9998912215232849, 0.011325309053063393, 0.009449440985918045, 0.00506591796875], [0.0, 0.0, 0.0, 1.0]], [[-0.9222261905670166, 0.3866272270679474, 0.004275115206837654, 1.081787109375], [-0.005550753325223923, -0.0021830087061971426, -0.9999821782112122, 1.5474226474761963], [-0.38661089539527893, -0.922233521938324, 0.004159299656748772, -0.0562744140625], [0.0, 0.0, 0.0, 1.0]]], "view": [[0.0, -2.0, 100.0], [-2.0, 0.0, 100.0], [0.0, 0.0, 1.0]], "bev": "bev_a2ef08f7671949e9ae236c60df8c3523.png", "aux": "aux_a2ef08f7671949e9ae236c60df8c3523.npz", "visibility": "visibility_a2ef08f7671949e9ae236c60df8c3523.png", "pose": [[-0.6368381977081299, -0.7709974646568298, 0.0, 684.8999633789062], [0.7709974646568298, -0.6368381977081299, 0.0, 1367.8001708984375], [0.0, 0.0, 1.0, 0.0], [0.0, 0.0, 0.0, 1.0]], "pose_inverse": [[-0.6368381977081299, 0.7709974646568298, 0.0, -618.4000244140625], [-0.7709974646568298, -0.6368381977081299, 0.0, 1399.12353515625], [0.0, 0.0, 1.0, 0.0], [0.0, 0.0, 0.0, 1.0]], "cam_ids": [0, 1, 2, 3, 4, 5], "cam_channels": ["CAM_FRONT_LEFT", "CAM_FRONT", "CAM_FRONT_RIGHT", "CAM_BACK_LEFT", "CAM_BACK", "CAM_BACK_RIGHT"], "token": "a2ef08f7671949e9ae236c60df8c3523", "scene": "scene-0915"}, {"images": ["samples/CAM_FRONT_LEFT/n008-2018-09-18-15-12-01-0400__CAM_FRONT_LEFT__1537298348654799.jpg", "samples/CAM_FRONT/n008-2018-09-18-15-12-01-0400__CAM_FRONT__1537298348662416.jpg", "samples/CAM_FRONT_RIGHT/n008-2018-09-18-15-12-01-0400__CAM_FRONT_RIGHT__1537298348670482.jpg", "samples/CAM_BACK_LEFT/n008-2018-09-18-15-12-01-0400__CAM_BACK_LEFT__1537298348697405.jpg", "samples/CAM_BACK/n008-2018-09-18-15-12-01-0400__CAM_BACK__1537298348687558.jpg", "samples/CAM_BACK_RIGHT/n008-2018-09-18-15-12-01-0400__CAM_BACK_RIGHT__1537298348678113.jpg"], "intrinsics": [[[1257.8625342125129, 0.0, 827.2410631095686], [0.0, 1257.8625342125129, 450.915498205774], [0.0, 0.0, 1.0]], [[1252.8131021185304, 0.0, 826.588114781398], [0.0, 1252.8131021185304, 469.9846626224581], [0.0, 0.0, 1.0]], [[1256.7485116440405, 0.0, 817.7887570959712], [0.0, 1256.7485116440403, 451.9541780095127], [0.0, 0.0, 1.0]], [[1254.9860565800168, 0.0, 829.5769333630991], [0.0, 1254.9860565800168, 467.1680561863987], [0.0, 0.0, 1.0]], [[796.8910634503094, 0.0, 857.7774326863696], [0.0, 796.8910634503094, 476.8848988407415], [0.0, 0.0, 1.0]], [[1249.9629280788233, 0.0, 825.3768045375984], [0.0, 1249.9629280788233, 462.54816385708756], [0.0, 0.0, 1.0]]], "extrinsics": [[[0.8201255202293396, -0.5716168880462646, -0.02546323835849762, -0.8074951171875], [0.007854281924664974, 0.05574425682425499, -0.998414158821106, 1.4898681640625], [0.5721297860145569, 0.8186249732971191, 0.050206929445266724, -1.201904296875], [0.0, 0.0, 0.0, 1.0]], [[0.006675107404589653, -0.9986717700958252, -0.0510881170630455, 0.0108642578125], [0.009713084436953068, 0.05115159973502159, -0.998643696308136, 1.48187255859375], [0.9999305009841919, 0.00616986770182848, 0.010041625238955021, -1.536346435546875], [0.0, 0.0, 0.0, 1.0]], [[-0.8455563187599182, -0.5325851440429688, -0.03725080564618111, 0.959228515625], [0.017732132226228714, 0.041719138622283936, -0.9989719986915588, 1.4957275390625], [0.5335916876792908, -0.8453475832939148, -0.02583201415836811, -1.1907958984375], [0.0, 0.0, 0.0, 1.0]], [[0.9480752944946289, 0.3178898096084595, 0.009963891468942165, -1.1259498596191406], [-0.007458464242517948, 0.05354216322302818, -0.9985377192497253, 1.5618743896484375], [-0.3179585039615631, 0.946614682674408, 0.05313296988606453, -0.16259765625], [0.0, 0.0, 0.0, 1.0]], [[0.0107271121814847, 0.998820424079895, 0.04735739901661873, -0.0294189453125], [-0.005434943828731775, 0.04741766303777695, -0.9988602995872498, 1.5676193237304688], [-0.9999277591705322, 0.010457511991262436, 0.005937190260738134, -0.02557373046875], [0.0, 0.0, 0.0, 1.0]], [[-0.9228094816207886, 0.3850954473018646, 0.011142726056277752, 1.0501708984375], [-0.0012749044690281153, 0.025870196521282196, -0.9996644854545593, 1.5476036071777344], [-0.385254442691803, -0.922514021396637, -0.02338230051100254, -0.0872802734375], [0.0, 0.0, 0.0, 1.0]]], "view": [[0.0, -2.0, 100.0], [-2.0, 0.0, 100.0], [0.0, 0.0, 1.0]], "bev": "bev_205c60f1248343a09bf4c6b6c05d8525.png", "aux": "aux_205c60f1248343a09bf4c6b6c05d8525.npz", "visibility": "visibility_205c60f1248343a09bf4c6b6c05d8525.png", "pose": [[-0.6912785172462463, -0.7225884199142456, 0.0, 683.1248168945312], [0.7225884199142456, -0.6912785172462463, 0.0, 1369.8414306640625], [0.0, 0.0, 1.0, 0.0], [0.0, 0.0, 0.0, 1.0]], "pose_inverse": [[-0.6912785172462463, 0.7225884199142456, 0.0, -517.60205078125], [-0.7225884199142456, -0.6912785172462463, 0.0, 1440.56005859375], [0.0, 0.0, 1.0, 0.0], [0.0, 0.0, 0.0, 1.0]], "cam_ids": [0, 1, 2, 3, 4, 5], "cam_channels": ["CAM_FRONT_LEFT", "CAM_FRONT", "CAM_FRONT_RIGHT", "CAM_BACK_LEFT", "CAM_BACK", "CAM_BACK_RIGHT"], "token": "205c60f1248343a09bf4c6b6c05d8525", "scene": "scene-0915"}, {"images": ["samples/CAM_FRONT_LEFT/n008-2018-09-18-15-12-01-0400__CAM_FRONT_LEFT__1537298349154799.jpg", "samples/CAM_FRONT/n008-2018-09-18-15-12-01-0400__CAM_FRONT__1537298349162404.jpg", "samples/CAM_FRONT_RIGHT/n008-2018-09-18-15-12-01-0400__CAM_FRONT_RIGHT__1537298349170482.jpg", "samples/CAM_BACK_LEFT/n008-2018-09-18-15-12-01-0400__CAM_BACK_LEFT__1537298349197405.jpg", "samples/CAM_BACK/n008-2018-09-18-15-12-01-0400__CAM_BACK__1537298349187558.jpg", "samples/CAM_BACK_RIGHT/n008-2018-09-18-15-12-01-0400__CAM_BACK_RIGHT__1537298349178113.jpg"], "intrinsics": [[[1257.8625342125129, 0.0, 827.2410631095686], [0.0, 1257.8625342125129, 450.915498205774], [0.0, 0.0, 1.0]], [[1252.8131021185304, 0.0, 826.588114781398], [0.0, 1252.8131021185304, 469.9846626224581], [0.0, 0.0, 1.0]], [[1256.7485116440405, 0.0, 817.7887570959712], [0.0, 1256.7485116440403, 451.9541780095127], [0.0, 0.0, 1.0]], [[1254.9860565800168, 0.0, 829.5769333630991], [0.0, 1254.9860565800168, 467.1680561863987], [0.0, 0.0, 1.0]], [[796.8910634503094, 0.0, 857.7774326863696], [0.0, 796.8910634503094, 476.8848988407415], [0.0, 0.0, 1.0]], [[1249.9629280788233, 0.0, 825.3768045375984], [0.0, 1249.9629280788233, 462.54816385708756], [0.0, 0.0, 1.0]]], "extrinsics": [[[0.820344865322113, -0.571849524974823, 0.00475257309153676, -0.7857666015625], [0.0385131910443306, 0.046953435987234116, -0.99815434217453, 1.4982070922851562], [0.5705708861351013, 0.819013774394989, 0.06054176017642021, -1.1871337890625], [0.0, 0.0, 0.0, 1.0]], [[0.007964524440467358, -0.9990526437759399, -0.04278312623500824, 0.011474609375], [0.03993381932377815, 0.04306812956929207, -0.9982737302780151, 1.4887886047363281], [0.9991706609725952, 0.006242322735488415, 0.04023900255560875, -1.514190673828125], [0.0, 0.0, 0.0, 1.0]], [[-0.8441750407218933, -0.5328640341758728, -0.058518823236227036, 0.94464111328125], [0.04743168130517006, 0.03448810055851936, -0.9982788562774658, 1.501260757446289], [0.5339651107788086, -0.8454978466033936, -0.003839359385892749, -1.18115234375], [0.0, 0.0, 0.0, 1.0]], [[0.947530210018158, 0.31775566935539246, 0.034897562116384506, -1.1219444274902344], [0.020109454169869423, 0.04970187321305275, -0.998561680316925, 1.5624885559082031], [-0.31903308629989624, 0.9468691349029541, 0.04070413112640381, -0.1640625], [0.0, 0.0, 0.0, 1.0]], [[0.009571696631610394, 0.9990500211715698, 0.04251430556178093, -0.029541015625], [0.02314286306500435, 0.042283542454242706, -0.9988375306129456, 1.5698204040527344], [-0.9996864199638367, 0.01054447889328003, -0.022716153413057327, -0.0345458984375], [0.0, 0.0, 0.0, 1.0]], [[-0.9226933717727661, 0.3851024806499481, -0.018245689570903778, 1.037841796875], [0.027916934341192245, 0.019536813721060753, -0.9994192719459534, 1.5514488220214844], [-0.3845224976539612, -0.9226670265197754, -0.028777368366718292, -0.092041015625], [0.0, 0.0, 0.0, 1.0]]], "view": [[0.0, -2.0, 100.0], [-2.0, 0.0, 100.0], [0.0, 0.0, 1.0]], "bev": "bev_b8955f608e0742e58fceb96ef66f294c.png", "aux": "aux_b8955f608e0742e58fceb96ef66f294c.npz", "visibility": "visibility_b8955f608e0742e58fceb96ef66f294c.png", "pose": [[-0.726840615272522, -0.6868062019348145, 0.0, 681.2264404296875], [0.6868062019348145, -0.726840615272522, 0.0, 1371.7945556640625], [0.0, 0.0, 1.0, 0.0], [0.0, 0.0, 0.0, 1.0]], "pose_inverse": [[-0.726840615272522, 0.6868062019348145, 0.0, -447.01397705078125], [-0.6868062019348145, -0.726840615272522, 0.0, 1464.946533203125], [0.0, 0.0, 1.0, 0.0], [0.0, 0.0, 0.0, 1.0]], "cam_ids": [0, 1, 2, 3, 4, 5], "cam_channels": ["CAM_FRONT_LEFT", "CAM_FRONT", "CAM_FRONT_RIGHT", "CAM_BACK_LEFT", "CAM_BACK", "CAM_BACK_RIGHT"], "token": "b8955f608e0742e58fceb96ef66f294c", "scene": "scene-0915"}, {"images": ["samples/CAM_FRONT_LEFT/n008-2018-09-18-15-12-01-0400__CAM_FRONT_LEFT__1537298349754799.jpg", "samples/CAM_FRONT/n008-2018-09-18-15-12-01-0400__CAM_FRONT__1537298349762404.jpg", "samples/CAM_FRONT_RIGHT/n008-2018-09-18-15-12-01-0400__CAM_FRONT_RIGHT__1537298349770482.jpg", "samples/CAM_BACK_LEFT/n008-2018-09-18-15-12-01-0400__CAM_BACK_LEFT__1537298349797405.jpg", "samples/CAM_BACK/n008-2018-09-18-15-12-01-0400__CAM_BACK__1537298349787558.jpg", "samples/CAM_BACK_RIGHT/n008-2018-09-18-15-12-01-0400__CAM_BACK_RIGHT__1537298349778113.jpg"], "intrinsics": [[[1257.8625342125129, 0.0, 827.2410631095686], [0.0, 1257.8625342125129, 450.915498205774], [0.0, 0.0, 1.0]], [[1252.8131021185304, 0.0, 826.588114781398], [0.0, 1252.8131021185304, 469.9846626224581], [0.0, 0.0, 1.0]], [[1256.7485116440405, 0.0, 817.7887570959712], [0.0, 1256.7485116440403, 451.9541780095127], [0.0, 0.0, 1.0]], [[1254.9860565800168, 0.0, 829.5769333630991], [0.0, 1254.9860565800168, 467.1680561863987], [0.0, 0.0, 1.0]], [[796.8910634503094, 0.0, 857.7774326863696], [0.0, 796.8910634503094, 476.8848988407415], [0.0, 0.0, 1.0]], [[1249.9629280788233, 0.0, 825.3768045375984], [0.0, 1249.9629280788233, 462.54816385708756], [0.0, 0.0, 1.0]]], "extrinsics": [[[0.8215834498405457, -0.5700705051422119, 0.004513516090810299, -0.7618408203125], [0.029749896377325058, 0.03496630862355232, -0.9989455938339233, 1.4968948364257812], [0.5693116188049316, 0.8208514451980591, 0.04568727687001228, -1.1693115234375], [0.0, 0.0, 0.0, 1.0]], [[0.009406016208231449, -0.9994798302650452, -0.03084874525666237, 0.0108642578125], [0.031604837626218796, 0.031131843104958534, -0.9990155100822449, 1.4878349304199219], [0.9994561672210693, 0.008421736769378185, 0.031881220638751984, -1.489044189453125], [0.0, 0.0, 0.0, 1.0]], [[-0.8438200950622559, -0.5346848368644714, -0.0456034354865551, 0.927215576171875], [0.039580442011356354, 0.022736994549632072, -0.998957633972168, 1.5007438659667969], [0.5351644158363342, -0.8447456359863281, 0.0019771282095462084, -1.1710205078125], [0.0, 0.0, 0.0, 1.0]], [[0.9476524591445923, 0.31827259063720703, 0.02564159594476223, -1.1197357177734375], [0.013975944370031357, 0.038882896304130554, -0.999146044254303, 1.5623855590820312], [-0.3189978301525116, 0.9472014904022217, 0.03239930793642998, -0.1646728515625], [0.0, 0.0, 0.0, 1.0]], [[0.009155882522463799, 0.9994709491729736, 0.03120984137058258, -0.029296875], [0.016184894368052483, 0.031058942899107933, -0.9993864893913269, 1.5694465637207031], [-0.9998270869255066, 0.009655469097197056, -0.01589195802807808, -0.043609619140625], [0.0, 0.0, 0.0, 1.0]], [[-0.9232531189918518, 0.3838644325733185, -0.015864336863160133, 1.02362060546875], [0.02050275355577469, 0.007994325831532478, -0.9997578263282776, 1.5508203506469727], [-0.38364464044570923, -0.9233548641204834, -0.015251063741743565, -0.0982666015625], [0.0, 0.0, 0.0, 1.0]]], "view": [[0.0, -2.0, 100.0], [-2.0, 0.0, 100.0], [0.0, 0.0, 1.0]], "bev": "bev_0818e13a198143d3aef3b769a2e3136d.png", "aux": "aux_0818e13a198143d3aef3b769a2e3136d.npz", "visibility": "visibility_0818e13a198143d3aef3b769a2e3136d.png", "pose": [[-0.7438837885856628, -0.6683090329170227, 0.0, 678.6470947265625], [0.6683090329170227, -0.7438837885856628, 0.0, 1374.240966796875], [0.0, 0.0, 1.0, 0.0], [0.0, 0.0, 0.0, 1.0]], "pose_inverse": [[-0.7438837885856628, 0.6683090329170227, 0.0, -413.5830993652344], [-0.6683090329170227, -0.7438837885856628, 0.0, 1475.821533203125], [0.0, 0.0, 1.0, 0.0], [0.0, 0.0, 0.0, 1.0]], "cam_ids": [0, 1, 2, 3, 4, 5], "cam_channels": ["CAM_FRONT_LEFT", "CAM_FRONT", "CAM_FRONT_RIGHT", "CAM_BACK_LEFT", "CAM_BACK", "CAM_BACK_RIGHT"], "token": "0818e13a198143d3aef3b769a2e3136d", "scene": "scene-0915"}, {"images": ["samples/CAM_FRONT_LEFT/n008-2018-09-18-15-12-01-0400__CAM_FRONT_LEFT__1537298350254799.jpg", "samples/CAM_FRONT/n008-2018-09-18-15-12-01-0400__CAM_FRONT__1537298350262404.jpg", "samples/CAM_FRONT_RIGHT/n008-2018-09-18-15-12-01-0400__CAM_FRONT_RIGHT__1537298350270482.jpg", "samples/CAM_BACK_LEFT/n008-2018-09-18-15-12-01-0400__CAM_BACK_LEFT__1537298350297405.jpg", "samples/CAM_BACK/n008-2018-09-18-15-12-01-0400__CAM_BACK__1537298350287558.jpg", "samples/CAM_BACK_RIGHT/n008-2018-09-18-15-12-01-0400__CAM_BACK_RIGHT__1537298350278113.jpg"], "intrinsics": [[[1257.8625342125129, 0.0, 827.2410631095686], [0.0, 1257.8625342125129, 450.915498205774], [0.0, 0.0, 1.0]], [[1252.8131021185304, 0.0, 826.588114781398], [0.0, 1252.8131021185304, 469.9846626224581], [0.0, 0.0, 1.0]], [[1256.7485116440405, 0.0, 817.7887570959712], [0.0, 1256.7485116440403, 451.9541780095127], [0.0, 0.0, 1.0]], [[1254.9860565800168, 0.0, 829.5769333630991], [0.0, 1254.9860565800168, 467.1680561863987], [0.0, 0.0, 1.0]], [[796.8910634503094, 0.0, 857.7774326863696], [0.0, 796.8910634503094, 476.8848988407415], [0.0, 0.0, 1.0]], [[1249.9629280788233, 0.0, 825.3768045375984], [0.0, 1249.9629280788233, 462.54816385708756], [0.0, 0.0, 1.0]]], "extrinsics": [[[0.8225510716438293, -0.5686811208724976, 0.003404409857466817, -0.7470703125], [0.027446595951914787, 0.03371843323111534, -0.9990544319152832, 1.4967689514160156], [0.5680285692214966, 0.8218667507171631, 0.043343495577573776, -1.158203125], [0.0, 0.0, 0.0, 1.0]], [[0.010741157457232475, -0.999512255191803, -0.029323169961571693, 0.0103759765625], [0.029383838176727295, 0.02962769940495491, -0.9991289973258972, 1.4877471923828125], [0.9995104670524597, 0.009870246052742004, 0.02968774363398552, -1.47454833984375], [0.0, 0.0, 0.0, 1.0]], [[-0.8433193564414978, -0.5357066988945007, -0.04278745874762535, 0.9180908203125], [0.037373147904872894, 0.020964190363883972, -0.9990814328193665, 1.500718116760254], [0.5361116528511047, -0.8441438674926758, 0.0023415391333401203, -1.1656494140625], [0.0, 0.0, 0.0, 1.0]], [[0.9476565718650818, 0.31847241520881653, 0.02285422757267952, -1.1191558837890625], [0.011901632882654667, 0.03629477694630623, -0.9992702603340149, 1.5623435974121094], [-0.31906959414482117, 0.9472370147705078, 0.030604640021920204, -0.1646728515625], [0.0, 0.0, 0.0, 1.0]], [[0.008714841678738594, 0.9995467066764832, 0.028818249702453613, -0.029052734375], [0.014030532911419868, 0.02869427762925625, -0.9994897842407227, 1.5693168640136719], [-0.9998636841773987, 0.009114706888794899, -0.01377411000430584, -0.04705810546875], [0.0, 0.0, 0.0, 1.0]], [[-0.9236116409301758, 0.3830510973930359, -0.014608058147132397, 1.01763916015625], [0.018277421593666077, 0.005941451992839575, -0.9998153448104858, 1.5506190061569214], [-0.382893443107605, -0.9237079620361328, -0.012488777749240398, -0.1011962890625], [0.0, 0.0, 0.0, 1.0]]], "view": [[0.0, -2.0, 100.0], [-2.0, 0.0, 100.0], [0.0, 0.0, 1.0]], "bev": "bev_cce9a0212eb1444696e2decbc95a015e.png", "aux": "aux_cce9a0212eb1444696e2decbc95a015e.npz", "visibility": "visibility_cce9a0212eb1444696e2decbc95a015e.png", "pose": [[-0.7479503750801086, -0.6637546420097351, 0.0, 676.1864624023438], [0.6637546420097351, -0.7479503750801086, 0.0, 1376.4766845703125], [0.0, 0.0, 1.0, 0.0], [0.0, 0.0, 0.0, 1.0]], "pose_inverse": [[-0.7479503750801086, 0.6637546420097351, 0.0, -407.888916015625], [-0.6637546420097351, -0.7479503750801086, 0.0, 1478.358154296875], [0.0, 0.0, 1.0, 0.0], [0.0, 0.0, 0.0, 1.0]], "cam_ids": [0, 1, 2, 3, 4, 5], "cam_channels": ["CAM_FRONT_LEFT", "CAM_FRONT", "CAM_FRONT_RIGHT", "CAM_BACK_LEFT", "CAM_BACK", "CAM_BACK_RIGHT"], "token": "cce9a0212eb1444696e2decbc95a015e", "scene": "scene-0915"}, {"images": ["samples/CAM_FRONT_LEFT/n008-2018-09-18-15-12-01-0400__CAM_FRONT_LEFT__1537298350754799.jpg", "samples/CAM_FRONT/n008-2018-09-18-15-12-01-0400__CAM_FRONT__1537298350762404.jpg", "samples/CAM_FRONT_RIGHT/n008-2018-09-18-15-12-01-0400__CAM_FRONT_RIGHT__1537298350770482.jpg", "samples/CAM_BACK_LEFT/n008-2018-09-18-15-12-01-0400__CAM_BACK_LEFT__1537298350797405.jpg", "samples/CAM_BACK/n008-2018-09-18-15-12-01-0400__CAM_BACK__1537298350787558.jpg", "samples/CAM_BACK_RIGHT/n008-2018-09-18-15-12-01-0400__CAM_BACK_RIGHT__1537298350778113.jpg"], "intrinsics": [[[1257.8625342125129, 0.0, 827.2410631095686], [0.0, 1257.8625342125129, 450.915498205774], [0.0, 0.0, 1.0]], [[1252.8131021185304, 0.0, 826.588114781398], [0.0, 1252.8131021185304, 469.9846626224581], [0.0, 0.0, 1.0]], [[1256.7485116440405, 0.0, 817.7887570959712], [0.0, 1256.7485116440403, 451.9541780095127], [0.0, 0.0, 1.0]], [[1254.9860565800168, 0.0, 829.5769333630991], [0.0, 1254.9860565800168, 467.1680561863987], [0.0, 0.0, 1.0]], [[796.8910634503094, 0.0, 857.7774326863696], [0.0, 796.8910634503094, 476.8848988407415], [0.0, 0.0, 1.0]], [[1249.9629280788233, 0.0, 825.3768045375984], [0.0, 1249.9629280788233, 462.54816385708756], [0.0, 0.0, 1.0]]], "extrinsics": [[[0.8231275677680969, -0.5678510069847107, -0.0025182487443089485, -0.7216796875], [0.0198412723839283, 0.03319226950407028, -0.9992519617080688, 1.4949798583984375], [0.5675098299980164, 0.8224619626998901, 0.038588352501392365, -1.14166259765625], [0.0, 0.0, 0.0, 1.0]], [[0.011325252242386341, -0.9995209574699402, -0.02880120277404785, 0.0111083984375], [0.021771017462015152, 0.029042702168226242, -0.9993410706520081, 1.4863357543945312], [0.9996988773345947, 0.01069073099642992, 0.022089501842856407, -1.447998046875], [0.0, 0.0, 0.0, 1.0]], [[-0.8432966470718384, -0.5362393856048584, -0.03603065013885498, 0.8992919921875], [0.029783813282847404, 0.020309291779994965, -0.9993499517440796, 1.499826431274414], [0.5366225242614746, -0.84382164478302, -0.0011555057717487216, -1.153564453125], [0.0, 0.0, 0.0, 1.0]], [[0.9477717280387878, 0.31857144832611084, 0.015524156391620636, -1.1135025024414062], [0.00450479332357645, 0.03529760241508484, -0.9993667006492615, 1.5621795654296875], [-0.31891772150993347, 0.9472414255142212, 0.03201896697282791, -0.1666259765625], [0.0, 0.0, 0.0, 1.0]], [[0.008681733161211014, 0.9995733499526978, 0.027886956930160522, -0.0286865234375], [0.006569656077772379, 0.027830392122268677, -0.999591052532196, 1.5687179565429688], [-0.99994075298