[{"images": ["samples/CAM_FRONT_LEFT/n008-2018-09-18-13-41-50-0400__CAM_FRONT_LEFT__1537292671254799.jpg", "samples/CAM_FRONT/n008-2018-09-18-13-41-50-0400__CAM_FRONT__1537292671262404.jpg", "samples/CAM_FRONT_RIGHT/n008-2018-09-18-13-41-50-0400__CAM_FRONT_RIGHT__1537292671270482.jpg", "samples/CAM_BACK_LEFT/n008-2018-09-18-13-41-50-0400__CAM_BACK_LEFT__1537292671297405.jpg", "samples/CAM_BACK/n008-2018-09-18-13-41-50-0400__CAM_BACK__1537292671287558.jpg", "samples/CAM_BACK_RIGHT/n008-2018-09-18-13-41-50-0400__CAM_BACK_RIGHT__1537292671278113.jpg"], "intrinsics": [[[1257.8625342125129, 0.0, 827.2410631095686], [0.0, 1257.8625342125129, 450.915498205774], [0.0, 0.0, 1.0]], [[1252.8131021185304, 0.0, 826.588114781398], [0.0, 1252.8131021185304, 469.9846626224581], [0.0, 0.0, 1.0]], [[1256.7485116440405, 0.0, 817.7887570959712], [0.0, 1256.7485116440403, 451.9541780095127], [0.0, 0.0, 1.0]], [[1254.9860565800168, 0.0, 829.5769333630991], [0.0, 1254.9860565800168, 467.1680561863987], [0.0, 0.0, 1.0]], [[796.8910634503094, 0.0, 857.7774326863696], [0.0, 796.8910634503094, 476.8848988407415], [0.0, 0.0, 1.0]], [[1249.9629280788233, 0.0, 825.3768045375984], [0.0, 1249.9629280788233, 462.54816385708756], [0.0, 0.0, 1.0]]], "extrinsics": [[[0.8223437666893005, -0.5688146352767944, -0.014165760949254036, -0.762451171875], [0.0039026036392897367, 0.030534252524375916, -0.9995260834693909, 1.4893379211425781], [0.5689776539802551, 0.8218988180160522, 0.02732951007783413, -1.169677734375], [0.0, 0.0, 0.0, 1.0]], [[0.009908651001751423, -0.9996038675308228, -0.02634109929203987, 0.010498046875], [0.0057686008512973785, 0.026399098336696625, -0.999634861946106, 1.481475830078125], [0.9999343752861023, 0.009753076359629631, 0.00602789456024766, -1.4952392578125], [0.0, 0.0, 0.0, 1.0]], [[-0.844153881072998, -0.5356863737106323, -0.02108144573867321, 0.933349609375], [0.013759066350758076, 0.017662186175584793, -0.9997493624687195, 1.4956169128417969], [0.53592449426651, -0.8442323207855225, -0.007539060432463884, -1.175384521484375], [0.0, 0.0, 0.0, 1.0]], [[0.947871744632721, 0.3186514675617218, -0.0007908227271400392, -1.129638671875], [-0.011808681301772594, 0.03264622762799263, -0.9993972182273865, 1.5618629455566406], [-0.31843358278274536, 0.947309672832489, 0.034707289189100266, -0.1610107421875], [0.0, 0.0, 0.0, 1.0]], [[0.009345978498458862, 0.9996408820152283, 0.025117000564932823, -0.029052734375], [-0.009548814035952091, 0.025206170976161957, -0.9996366500854492, 1.567293643951416], [-0.9999107718467712, 0.00910274125635624, 0.009780961088836193, -0.03369140625], [0.0, 0.0, 0.0, 1.0]], [[-0.9236679077148438, 0.3831491470336914, 0.0058566611260175705, 1.0321044921875], [-0.0052826437167823315, 0.0025503167416900396, -0.9999828338623047, 1.5470776557922363], [-0.3831574618816376, -0.9236829876899719, -0.0003316058428026736, -0.09521484375], [0.0, 0.0, 0.0, 1.0]]], "view": [[0.0, -2.0, 100.0], [-2.0, 0.0, 100.0], [0.0, 0.0, 1.0]], "bev": "bev_afe98431e29740da84a4301a6c8c2640.png", "aux": "aux_afe98431e29740da84a4301a6c8c2640.npz", "visibility": "visibility_afe98431e29740da84a4301a6c8c2640.png", "pose": [[-0.9996345639228821, 0.027033042162656784, 0.0, 1801.7574462890625], [-0.027033042162656784, -0.9996345639228821, 0.0, 870.47998046875], [0.0, 0.0, 1.0, 0.0], [0.0, 0.0, 0.0, 1.0]], "pose_inverse": [[-0.9996345639228821, -0.027033042162656784, 0.0, 1824.6307373046875], [0.027033042162656784, -0.9996345639228821, 0.0, 821.4548950195312], [0.0, 0.0, 1.0, 0.0], [0.0, 0.0, 0.0, 1.0]], "cam_ids": [0, 1, 2, 3, 4, 5], "cam_channels": ["CAM_FRONT_LEFT", "CAM_FRONT", "CAM_FRONT_RIGHT", "CAM_BACK_LEFT", "CAM_BACK", "CAM_BACK_RIGHT"], "token": "afe98431e29740da84a4301a6c8c2640", "scene": "scene-0585"}, {"images": ["samples/CAM_FRONT_LEFT/n008-2018-09-18-13-41-50-0400__CAM_FRONT_LEFT__1537292671754799.jpg", "samples/CAM_FRONT/n008-2018-09-18-13-41-50-0400__CAM_FRONT__1537292671762404.jpg", "samples/CAM_FRONT_RIGHT/n008-2018-09-18-13-41-50-0400__CAM_FRONT_RIGHT__1537292671770482.jpg", "samples/CAM_BACK_LEFT/n008-2018-09-18-13-41-50-0400__CAM_BACK_LEFT__1537292671797405.jpg", "samples/CAM_BACK/n008-2018-09-18-13-41-50-0400__CAM_BACK__1537292671787558.jpg", "samples/CAM_BACK_RIGHT/n008-2018-09-18-13-41-50-0400__CAM_BACK_RIGHT__1537292671778113.jpg"], "intrinsics": [[[1257.8625342125129, 0.0, 827.2410631095686], [0.0, 1257.8625342125129, 450.915498205774], [0.0, 0.0, 1.0]], [[1252.8131021185304, 0.0, 826.588114781398], [0.0, 1252.8131021185304, 469.9846626224581], [0.0, 0.0, 1.0]], [[1256.7485116440405, 0.0, 817.7887570959712], [0.0, 1256.7485116440403, 451.9541780095127], [0.0, 0.0, 1.0]], [[1254.9860565800168, 0.0, 829.5769333630991], [0.0, 1254.9860565800168, 467.1680561863987], [0.0, 0.0, 1.0]], [[796.8910634503094, 0.0, 857.7774326863696], [0.0, 796.8910634503094, 476.8848988407415], [0.0, 0.0, 1.0]], [[1249.9629280788233, 0.0, 825.3768045375984], [0.0, 1249.9629280788233, 462.54816385708756], [0.0, 0.0, 1.0]]], "extrinsics": [[[0.822231113910675, -0.5690215826034546, -0.012267963960766792, -0.751953125], [0.0040026200003921986, 0.02733527310192585, -0.9996182918548584, 1.4895000457763672], [0.5691397190093994, 0.8218681216239929, 0.02475348860025406, -1.1593017578125], [0.0, 0.0, 0.0, 1.0]], [[0.009711473248898983, -0.9996846318244934, -0.02315780706703663, 0.0084228515625], [0.005938282702118158, 0.02321614697575569, -0.9997128844261169, 1.4816646575927734], [0.9999351501464844, 0.009571164846420288, 0.0061618732288479805, -1.4801025390625], [0.0, 0.0, 0.0, 1.0]], [[-0.8442336916923523, -0.5356185436248779, -0.01955176517367363, 0.9227294921875], [0.013951987028121948, 0.014504853636026382, -0.9997974038124084, 1.4958419799804688], [0.5357937216758728, -0.8443354368209839, -0.004772543907165527, -1.170623779296875], [0.0, 0.0, 0.0, 1.0]], [[0.9478762149810791, 0.3186352550983429, -0.0014691533287987113, -1.13037109375], [-0.011503799818456173, 0.02961307018995285, -0.999495267868042, 1.5618774890899658], [-0.31843093037605286, 0.9474146962165833, 0.03173504397273064, -0.160614013671875], [0.0, 0.0, 0.0, 1.0]], [[0.009408081881701946, 0.9997130036354065, 0.022031143307685852, -0.02825927734375], [-0.009372100234031677, 0.02211930602788925, -0.9997113943099976, 1.567291021347046], [-0.9999118447303772, 0.009198886342346668, 0.009577510878443718, -0.0374755859375], [0.0, 0.0, 0.0, 1.0]], [[-0.9236241579055786, 0.3832728862762451, 0.00449632853269577, 1.0247802734375], [-0.005105213727802038, -0.0005714737344533205, -0.9999868273735046, 1.5470619201660156], [-0.38326525688171387, -0.9236350059509277, 0.0024845171719789505, -0.099609375], [0.0, 0.0, 0.0, 1.0]]], "view": [[0.0, -2.0, 100.0], [-2.0, 0.0, 100.0], [0.0, 0.0, 1.0]], "bev": "bev_05989c4cc7b6421798a6042802d3057b.png", "aux": "aux_05989c4cc7b6421798a6042802d3057b.npz", "visibility": "visibility_05989c4cc7b6421798a6042802d3057b.png", "pose": [[-0.9995824098587036, 0.0288963932543993, 0.0, 1798.3350830078125], [-0.0288963932543993, -0.9995824098587036, 0.0, 870.41357421875], [0.0, 0.0, 1.0, 0.0], [0.0, 0.0, 0.0, 1.0]], "pose_inverse": [[-0.9995824098587036, -0.0288963932543993, 0.0, 1822.7359619140625], [0.0288963932543993, -0.9995824098587036, 0.0, 818.084716796875], [0.0, 0.0, 1.0, 0.0], [0.0, 0.0, 0.0, 1.0]], "cam_ids": [0, 1, 2, 3, 4, 5], "cam_channels": ["CAM_FRONT_LEFT", "CAM_FRONT", "CAM_FRONT_RIGHT", "CAM_BACK_LEFT", "CAM_BACK", "CAM_BACK_RIGHT"], "token": "05989c4cc7b6421798a6042802d3057b", "scene": "scene-0585"}, {"images": ["samples/CAM_FRONT_LEFT/n008-2018-09-18-13-41-50-0400__CAM_FRONT_LEFT__1537292672254799.jpg", "samples/CAM_FRONT/n008-2018-09-18-13-41-50-0400__CAM_FRONT__1537292672262404.jpg", "samples/CAM_FRONT_RIGHT/n008-2018-09-18-13-41-50-0400__CAM_FRONT_RIGHT__1537292672270482.jpg", "samples/CAM_BACK_LEFT/n008-2018-09-18-13-41-50-0400__CAM_BACK_LEFT__1537292672297405.jpg", "samples/CAM_BACK/n008-2018-09-18-13-41-50-0400__CAM_BACK__1537292672287558.jpg", "samples/CAM_BACK_RIGHT/n008-2018-09-18-13-41-50-0400__CAM_BACK_RIGHT__1537292672278113.jpg"], "intrinsics": [[[1257.8625342125129, 0.0, 827.2410631095686], [0.0, 1257.8625342125129, 450.915498205774], [0.0, 0.0, 1.0]], [[1252.8131021185304, 0.0, 826.588114781398], [0.0, 1252.8131021185304, 469.9846626224581], [0.0, 0.0, 1.0]], [[1256.7485116440405, 0.0, 817.7887570959712], [0.0, 1256.7485116440403, 451.9541780095127], [0.0, 0.0, 1.0]], [[1254.9860565800168, 0.0, 829.5769333630991], [0.0, 1254.9860565800168, 467.1680561863987], [0.0, 0.0, 1.0]], [[796.8910634503094, 0.0, 857.7774326863696], [0.0, 796.8910634503094, 476.8848988407415], [0.0, 0.0, 1.0]], [[1249.9629280788233, 0.0, 825.3768045375984], [0.0, 1249.9629280788233, 462.54816385708756], [0.0, 0.0, 1.0]]], "extrinsics": [[[0.8227232694625854, -0.5683229565620422, -0.011640731245279312, -0.7640380859375], [0.0043716877698898315, 0.026803649961948395, -0.9996311664581299, 1.489471435546875], [0.5684253573417664, 0.8223689794540405, 0.024536514654755592, -1.171142578125], [0.0, 0.0, 0.0, 1.0]], [[0.010503528639674187, -0.9996880292892456, -0.022659773007035255, 0.01080322265625], [0.006245183292776346, 0.022726163268089294, -0.9997222423553467, 1.4816036224365234], [0.9999253153800964, 0.010359089821577072, 0.006481940392404795, -1.4940185546875], [0.0, 0.0, 0.0, 1.0]], [[-0.8438998460769653, -0.5361443758010864, -0.01955498941242695, 0.9329833984375], [0.014222552068531513, 0.01407953817397356, -0.9997997283935547, 1.4957160949707031], [0.5363123416900635, -0.8440089225769043, -0.00425637885928154, -1.174713134765625], [0.0, 0.0, 0.0, 1.0]], [[0.9478120803833008, 0.3188270330429077, -0.0012654958991333842, -1.1375732421875], [-0.01123843714594841, 0.029442479833960533, -0.9995032548904419, 1.5619502067565918], [-0.3186314105987549, 0.9473555088043213, 0.0314890556037426, -0.15887451171875], [0.0, 0.0, 0.0, 1.0]], [[0.00910200085490942, 0.9997220635414124, 0.021746385842561722, -0.02911376953125], [-0.00898317527025938, 0.02182815782725811, -0.999721348285675, 1.567365288734436], [-0.9999182820320129, 0.008904114365577698, 0.009179358370602131, -0.031005859375], [0.0, 0.0, 0.0, 1.0]], [[-0.9237980246543884, 0.38285818696022034, 0.004095072858035564, 1.0321044921875], [-0.0048244064673781395, -0.0009448789642192423, -0.9999879002571106, 1.5471458435058594], [-0.38284963369369507, -0.9238066673278809, 0.0027199406176805496, -0.09521484375], [0.0, 0.0, 0.0, 1.0]]], "view": [[0.0, -2.0, 100.0], [-2.0, 0.0, 100.0], [0.0, 0.0, 1.0]], "bev": "bev_258dbcf699684bb3980c025de3109be1.png", "aux": "aux_258dbcf699684bb3980c025de3109be1.npz", "visibility": "visibility_258dbcf699684bb3980c025de3109be1.png", "pose": [[-0.9995132684707642, 0.031196922063827515, 0.0, 1794.957763671875], [-0.031196922063827515, -0.9995132684707642, 0.0, 870.3375854492188], [0.0, 0.0, 1.0, 0.0], [0.0, 0.0, 0.0, 1.0]], "pose_inverse": [[-0.9995132684707642, -0.031196922063827515, 0.0, 1821.2359619140625], [0.031196922063827515, -0.9995132684707642, 0.0, 813.9168090820312], [0.0, 0.0, 1.0, 0.0], [0.0, 0.0, 0.0, 1.0]], "cam_ids": [0, 1, 2, 3, 4, 5], "cam_channels": ["CAM_FRONT_LEFT", "CAM_FRONT", "CAM_FRONT_RIGHT", "CAM_BACK_LEFT", "CAM_BACK", "CAM_BACK_RIGHT"], "token": "258dbcf699684bb3980c025de3109be1", "scene": "scene-0585"}, {"images": ["samples/CAM_FRONT_LEFT/n008-2018-09-18-13-41-50-0400__CAM_FRONT_LEFT__1537292672754799.jpg", "samples/CAM_FRONT/n008-2018-09-18-13-41-50-0400__CAM_FRONT__1537292672762404.jpg", "samples/CAM_FRONT_RIGHT/n008-2018-09-18-13-41-50-0400__CAM_FRONT_RIGHT__1537292672770482.jpg", "samples/CAM_BACK_LEFT/n008-2018-09-18-13-41-50-0400__CAM_BACK_LEFT__1537292672797405.jpg", "samples/CAM_BACK/n008-2018-09-18-13-41-50-0400__CAM_BACK__1537292672787558.jpg", "samples/CAM_BACK_RIGHT/n008-2018-09-18-13-41-50-0400__CAM_BACK_RIGHT__1537292672778113.jpg"], "intrinsics": [[[1257.8625342125129, 0.0, 827.2410631095686], [0.0, 1257.8625342125129, 450.915498205774], [0.0, 0.0, 1.0]], [[1252.8131021185304, 0.0, 826.588114781398], [0.0, 1252.8131021185304, 469.9846626224581], [0.0, 0.0, 1.0]], [[1256.7485116440405, 0.0, 817.7887570959712], [0.0, 1256.7485116440403, 451.9541780095127], [0.0, 0.0, 1.0]], [[1254.9860565800168, 0.0, 829.5769333630991], [0.0, 1254.9860565800168, 467.1680561863987], [0.0, 0.0, 1.0]], [[796.8910634503094, 0.0, 857.7774326863696], [0.0, 796.8910634503094, 476.8848988407415], [0.0, 0.0, 1.0]], [[1249.9629280788233, 0.0, 825.3768045375984], [0.0, 1249.9629280788233, 462.54816385708756], [0.0, 0.0, 1.0]]], "extrinsics": [[[0.8226297497749329, -0.5684028267860413, -0.014096764847636223, -0.7608642578125], [0.006499661598354578, 0.034192368388175964, -0.9993941187858582, 1.4901199340820312], [0.5685404539108276, 0.8220396041870117, 0.0318220816552639, -1.167724609375], [0.0, 0.0, 0.0, 1.0]], [[0.010387995280325413, -0.9994953274726868, -0.0300194900482893, 0.01007080078125], [0.00840826891362667, 0.03010736033320427, -0.9995113611221313, 1.4821548461914062], [0.9999106526374817, 0.010130506008863449, 0.008716780692338943, -1.4903564453125], [0.0, 0.0, 0.0, 1.0]], [[-0.8439255356788635, -0.5358594059944153, -0.025384098291397095, 0.930419921875], [0.016457879915833473, 0.021433984860777855, -0.9996348023414612, 1.4961814880371094], [0.5362078547477722, -0.8440351486206055, -0.009269577451050282, -1.173736572265625], [0.0, 0.0, 0.0, 1.0]], [[0.9477938413619995, 0.3188660144805908, 0.0033638267777860165, -1.13623046875], [-0.008789166808128357, 0.036666661500930786, -0.9992889165878296, 1.5619544982910156], [-0.3187626302242279, 0.9470902681350708, 0.03755500540137291, -0.15924072265625], [0.0, 0.0, 0.0, 1.0]], [[0.009091627784073353, 0.9995362758636475, 0.029064126312732697, -0.02899169921875], [-0.006708073895424604, 0.0291256383061409, -0.9995532035827637, 1.567525863647461], [-0.9999362826347351, 0.008892602287232876, 0.006969762034714222, -0.0318603515625], [0.0, 0.0, 0.0, 1.0]], [[-0.9237650632858276, 0.3829296827316284, 0.0047859689220786095, 1.03076171875], [-0.0025329948402941227, 0.006387499626725912, -0.999976396560669, 1.5474498271942139], [-0.38295120000839233, -0.923755407333374, -0.004930589813739061, -0.0960693359375], [0.0, 0.0, 0.0, 1.0]]], "view": [[0.0, -2.0, 100.0], [-2.0, 0.0, 100.0], [0.0, 0.0, 1.0]], "bev": "bev_099cb0312bc049009bf29f1504be9841.png", "aux": "aux_099cb0312bc049009bf29f1504be9841.npz", "visibility": "visibility_099cb0312bc049009bf29f1504be9841.png", "pose": [[-0.9994714856147766, 0.032507963478565216, 0.0, 1791.5582275390625], [-0.032507963478565216, -0.9994714856147766, 0.0, 870.2704467773438], [0.0, 0.0, 1.0, 0.0], [0.0, 0.0, 0.0, 1.0]], "pose_inverse": [[-0.9994714856147766, -0.032507963478565216, 0.0, 1818.902099609375], [0.032507963478565216, -0.9994714856147766, 0.0, 811.570556640625], [0.0, 0.0, 1.0, 0.0], [0.0, 0.0, 0.0, 1.0]], "cam_ids": [0, 1, 2, 3, 4, 5], "cam_channels": ["CAM_FRONT_LEFT", "CAM_FRONT", "CAM_FRONT_RIGHT", "CAM_BACK_LEFT", "CAM_BACK", "CAM_BACK_RIGHT"], "token": "099cb0312bc049009bf29f1504be9841", "scene": "scene-0585"}, {"images": ["samples/CAM_FRONT_LEFT/n008-2018-09-18-13-41-50-0400__CAM_FRONT_LEFT__1537292673254799.jpg", "samples/CAM_FRONT/n008-2018-09-18-13-41-50-0400__CAM_FRONT__1537292673262404.jpg", "samples/CAM_FRONT_RIGHT/n008-2018-09-18-13-41-50-0400__CAM_FRONT_RIGHT__1537292673270482.jpg", "samples/CAM_BACK_LEFT/n008-2018-09-18-13-41-50-0400__CAM_BACK_LEFT__1537292673297405.jpg", "samples/CAM_BACK/n008-2018-09-18-13-41-50-0400__CAM_BACK__1537292673287558.jpg", "samples/CAM_BACK_RIGHT/n008-2018-09-18-13-41-50-0400__CAM_BACK_RIGHT__1537292673278113.jpg"], "intrinsics": [[[1257.8625342125129, 0.0, 827.2410631095686], [0.0, 1257.8625342125129, 450.915498205774], [0.0, 0.0, 1.0]], [[1252.8131021185304, 0.0, 826.588114781398], [0.0, 1252.8131021185304, 469.9846626224581], [0.0, 0.0, 1.0]], [[1256.7485116440405, 0.0, 817.7887570959712], [0.0, 1256.7485116440403, 451.9541780095127], [0.0, 0.0, 1.0]], [[1254.9860565800168, 0.0, 829.5769333630991], [0.0, 1254.9860565800168, 467.1680561863987], [0.0, 0.0, 1.0]], [[796.8910634503094, 0.0, 857.7774326863696], [0.0, 796.8910634503094, 476.8848988407415], [0.0, 0.0, 1.0]], [[1249.9629280788233, 0.0, 825.3768045375984], [0.0, 1249.9629280788233, 462.54816385708756], [0.0, 0.0, 1.0]]], "extrinsics": [[[0.8225240111351013, -0.5682380199432373, -0.02366362139582634, -0.7581787109375], [0.0038727670907974243, 0.047202952206134796, -0.9988778233528137, 1.4892578125], [0.5687173008918762, 0.8215093016624451, 0.04102621227502823, -1.167236328125], [0.0, 0.0, 0.0, 1.0]], [[0.010231073014438152, -0.9990054368972778, -0.043400634080171585, 0.01123046875], [0.005672922823578119, 0.04346019774675369, -0.9990390539169312, 1.4814109802246094], [0.9999315738677979, 0.009975031949579716, 0.006111924536526203, -1.489990234375], [0.0, 0.0, 0.0, 1.0]], [[-0.8440153002738953, -0.535466730594635, -0.03022642992436886, 0.9327392578125], [0.013530476950109005, 0.03508177772164345, -0.9992928504943848, 1.4955329895019531], [0.5361484885215759, -0.8438273668289185, -0.022364437580108643, -1.174224853515625], [0.0, 0.0, 0.0, 1.0]], [[0.9478581547737122, 0.3186631500720978, 0.004344634246081114, -1.1370849609375], [-0.012494981288909912, 0.05078139156103134, -0.9986316561698914, 1.5619430541992188], [-0.3184477686882019, 0.9465067982673645, 0.05211523920297623, -0.1585845947265625], [0.0, 0.0, 0.0, 1.0]], [[0.00923115573823452, 0.9990293383598328, 0.043072525411844254, -0.02935791015625], [-0.010134651325643063, 0.04316562041640282, -0.999016523361206, 1.5672855377197266], [-0.999906063079834, 0.008785552345216274, 0.010523281991481781, -0.027587890625], [0.0, 0.0, 0.0, 1.0]], [[-0.9237454533576965, 0.3827856481075287, 0.013016695156693459, 1.03466796875], [-0.005696415901184082, 0.02025095745921135, -0.999778687953949, 1.5469970703125], [-0.3829645812511444, -0.9236152172088623, -0.016526224091649055, -0.0938720703125], [0.0, 0.0, 0.0, 1.0]]], "view": [[0.0, -2.0, 100.0], [-2.0, 0.0, 100.0], [0.0, 0.0, 1.0]], "bev": "bev_8b8d2d67f04249ad9ff758d0b26e771b.png", "aux": "aux_8b8d2d67f04249ad9ff758d0b26e771b.npz", "visibility": "visibility_8b8d2d67f04249ad9ff758d0b26e771b.png", "pose": [[-0.9994006156921387, 0.034618888050317764, 0.0, 1788.207275390625], [-0.034618888050317764, -0.9994006156921387, 0.0, 870.1893920898438], [0.0, 0.0, 1.0, 0.0], [0.0, 0.0, 0.0, 1.0]], "pose_inverse": [[-0.9994006156921387, -0.034618888050317764, 0.0, 1817.2603759765625], [0.034618888050317764, -0.9994006156921387, 0.0, 807.7620239257812], [0.0, 0.0, 1.0, 0.0], [0.0, 0.0, 0.0, 1.0]], "cam_ids": [0, 1, 2, 3, 4, 5], "cam_channels": ["CAM_FRONT_LEFT", "CAM_FRONT", "CAM_FRONT_RIGHT", "CAM_BACK_LEFT", "CAM_BACK", "CAM_BACK_RIGHT"], "token": "8b8d2d67f04249ad9ff758d0b26e771b", "scene": "scene-0585"}, {"images": ["samples/CAM_FRONT_LEFT/n008-2018-09-18-13-41-50-0400__CAM_FRONT_LEFT__1537292673754799.jpg", "samples/CAM_FRONT/n008-2018-09-18-13-41-50-0400__CAM_FRONT__1537292673762404.jpg", "samples/CAM_FRONT_RIGHT/n008-2018-09-18-13-41-50-0400__CAM_FRONT_RIGHT__1537292673770482.jpg", "samples/CAM_BACK_LEFT/n008-2018-09-18-13-41-50-0400__CAM_BACK_LEFT__1537292673797405.jpg", "samples/CAM_BACK/n008-2018-09-18-13-41-50-0400__CAM_BACK__1537292673787558.jpg", "samples/CAM_BACK_RIGHT/n008-2018-09-18-13-41-50-0400__CAM_BACK_RIGHT__1537292673778113.jpg"], "intrinsics": [[[1257.8625342125129, 0.0, 827.2410631095686], [0.0, 1257.8625342125129, 450.915498205774], [0.0, 0.0, 1.0]], [[1252.8131021185304, 0.0, 826.588114781398], [0.0, 1252.8131021185304, 469.9846626224581], [0.0, 0.0, 1.0]], [[1256.7485116440405, 0.0, 817.7887570959712], [0.0, 1256.7485116440403, 451.9541780095127], [0.0, 0.0, 1.0]], [[1254.9860565800168, 0.0, 829.5769333630991], [0.0, 1254.9860565800168, 467.1680561863987], [0.0, 0.0, 1.0]], [[796.8910634503094, 0.0, 857.7774326863696], [0.0, 796.8910634503094, 476.8848988407415], [0.0, 0.0, 1.0]], [[1249.9629280788233, 0.0, 825.3768045375984], [0.0, 1249.9629280788233, 462.54816385708756], [0.0, 0.0, 1.0]]], "extrinsics": [[[0.8222423791885376, -0.5687163472175598, -0.021891310811042786, -0.7523193359375], [0.009948793798685074, 0.052820682525634766, -0.9985544681549072, 1.4912452697753906], [0.5690505504608154, 0.8208360075950623, 0.049089450389146805, -1.16064453125], [0.0, 0.0, 0.0, 1.0]], [[0.009869510307908058, -0.998772144317627, -0.0485478937625885, 0.00946044921875], [0.01194266602396965, 0.048664532601833344, -0.9987437725067139, 1.4831008911132812], [0.9998799562454224, 0.009277325123548508, 0.012408296577632427, -1.48291015625], [0.0, 0.0, 0.0, 1.0]], [[-0.8440946340560913, -0.5348300337791443, -0.038222748786211014, 0.9268798828125], [0.019949691370129585, 0.039910346269607544, -0.999004065990448, 1.4969100952148438], [0.5358229279518127, -0.8440166115760803, -0.02301841974258423, -1.172332763671875], [0.0, 0.0, 0.0, 1.0]], [[0.9479382038116455, 0.3182218670845032, 0.012164660729467869, -1.1390380859375], [-0.005599366966634989, 0.0548485666513443, -0.9984789490699768, 1.5620536804199219], [-0.31840506196022034, 0.9464282393455505, 0.053774889558553696, -0.1569366455078125], [0.0, 0.0, 0.0, 1.0]], [[0.009344943799078465, 0.9988335967063904, 0.0473710373044014, -0.02825927734375], [-0.0034191615413874388, 0.04740474373102188, -0.9988698959350586, 1.5677986145019531], [-0.9999505281448364, 0.009172412566840649, 0.0038581681437790394, -0.0294189453125], [0.0, 0.0, 0.0, 1.0]], [[-0.9236355423927307, 0.3831719756126404, 0.00875074416399002, 1.03076171875], [0.0008134976378642023, 0.024791549891233444, -0.9996922612190247, 1.5479049682617188], [-0.3832709789276123, -0.9233442544937134, -0.023210063576698303, -0.0968017578125], [0.0, 0.0, 0.0, 1.0]]], "view": [[0.0, -2.0, 100.0], [-2.0, 0.0, 100.0], [0.0, 0.0, 1.0]], "bev": "bev_97f756bbe3e24ea3bff155d00ef1d7bd.png", "aux": "aux_97f756bbe3e24ea3bff155d00ef1d7bd.npz", "visibility": "visibility_97f756bbe3e24ea3bff155d00ef1d7bd.png", "pose": [[-0.9993789792060852, 0.03523688390851021, 0.0, 1784.7469482421875], [-0.03523688390851021, -0.9993789792060852, 0.0, 870.126708984375], [0.0, 0.0, 1.0, 0.0], [0.0, 0.0, 0.0, 1.0]], "pose_inverse": [[-0.9993789792060852, -0.03523688390851021, 0.0, 1814.2991943359375], [0.03523688390851021, -0.9993789792060852, 0.0, 806.6974487304688], [0.0, 0.0, 1.0, 0.0], [0.0, 0.0, 0.0, 1.0]], "cam_ids": [0, 1, 2, 3, 4, 5], "cam_channels": ["CAM_FRONT_LEFT", "CAM_FRONT", "CAM_FRONT_RIGHT", "CAM_BACK_LEFT", "CAM_BACK", "CAM_BACK_RIGHT"], "token": "97f756bbe3e24ea3bff155d00ef1d7bd", "scene": "scene-0585"}, {"images": ["samples/CAM_FRONT_LEFT/n008-2018-09-18-13-41-50-0400__CAM_FRONT_LEFT__1537292674254806.jpg", "samples/CAM_FRONT/n008-2018-09-18-13-41-50-0400__CAM_FRONT__1537292674262404.jpg", "samples/CAM_FRONT_RIGHT/n008-2018-09-18-13-41-50-0400__CAM_FRONT_RIGHT__1537292674270482.jpg", "samples/CAM_BACK_LEFT/n008-2018-09-18-13-41-50-0400__CAM_BACK_LEFT__1537292674297405.jpg", "samples/CAM_BACK/n008-2018-09-18-13-41-50-0400__CAM_BACK__1537292674287558.jpg", "samples/CAM_BACK_RIGHT/n008-2018-09-18-13-41-50-0400__CAM_BACK_RIGHT__1537292674278113.jpg"], "intrinsics": [[[1257.8625342125129, 0.0, 827.2410631095686], [0.0, 1257.8625342125129, 450.915498205774], [0.0, 0.0, 1.0]], [[1252.8131021185304, 0.0, 826.588114781398], [0.0, 1252.8131021185304, 469.9846626224581], [0.0, 0.0, 1.0]], [[1256.7485116440405, 0.0, 817.7887570959712], [0.0, 1256.7485116440403, 451.9541780095127], [0.0, 0.0, 1.0]], [[1254.9860565800168, 0.0, 829.5769333630991], [0.0, 1254.9860565800168, 467.1680561863987], [0.0, 0.0, 1.0]], [[796.8910634503094, 0.0, 857.7774326863696], [0.0, 796.8910634503094, 476.8848988407415], [0.0, 0.0, 1.0]], [[1249.9629280788233, 0.0, 825.3768045375984], [0.0, 1249.9629280788233, 462.54816385708756], [0.0, 0.0, 1.0]]], "extrinsics": [[[0.8227707147598267, -0.5680205225944519, -0.020027298480272293, -0.755859375], [0.010384236462414265, 0.050253041088581085, -0.9986824989318848, 1.4911651611328125], [0.5682786107063293, 0.8214787840843201, 0.04724518582224846, -1.1668701171875], [0.0, 0.0, 0.0, 1.0]], [[0.010620800778269768, -0.998883843421936, -0.046025510877370834, 0.01190185546875], [0.012442740611732006, 0.046156562864780426, -0.9988567233085632, 1.4830551147460938], [0.9998661279678345, 0.010035977698862553, 0.012919070199131966, -1.4884033203125], [0.0, 0.0, 0.0, 1.0]], [[-0.8437762260437012, -0.5353874564170837, -0.03744366765022278, 0.931884765625], [0.020562661811709404, 0.03746665269136429, -0.9990862607955933, 1.4968719482421875], [0.5363011956214905, -0.84377521276474, -0.020604480057954788, -1.173126220703125], [0.0, 0.0, 0.0, 1.0]], [[0.9478288292884827, 0.31853559613227844, 0.012476546689867973, -1.140625], [-0.0045154280960559845, 0.05254996567964554, -0.9986081123352051, 1.5619926452636719], [-0.318747878074646, 0.9464531540870667, 0.05124669149518013, -0.1578369140625], [0.0, 0.0, 0.0, 1.0]], [[0.009020601399242878, 0.9989444017410278, 0.04504186287522316, -0.029541015625], [-0.0025171786546707153, 0.0450662337243557, -0.9989808201789856, 1.5678253173828125], [-0.9999561309814453, 0.008898027241230011, 0.002921045757830143, -0.027099609375], [0.0, 0.0, 0.0, 1.0]], [[-0.9237892627716064, 0.38283511996269226, 0.0071143340319395065, 1.0333251953125], [0.0015807499876245856, 0.022392986342310905, -0.9997479915618896, 1.5479793548583984], [-0.3828979432582855, -0.923545241355896, -0.021291567012667656, -0.093994140625], [0.0, 0.0, 0.0, 1.0]]], "view": [[0.0, -2.0, 100.0], [-2.0, 0.0, 100.0], [0.0, 0.0, 1.0]], "bev": "bev_c84af304517849cbb3c404cac45f049c.png", "aux": "aux_c84af304517849cbb3c404cac45f049c.npz", "visibility": "visibility_c84af304517849cbb3c404cac45f049c.png", "pose": [[-0.9993507266044617, 0.03603002056479454, 0.0, 1781.3310546875], [-0.03603002056479454, -0.9993507266044617, 0.0, 870.0491333007812], [0.0, 0.0, 1.0, 0.0], [0.0, 0.0, 0.0, 1.0]], "pose_inverse": [[-0.9993507266044617, -0.03603002056479454, 0.0, 1811.5223388671875], [0.03603002056479454, -0.9993507266044617, 0.0, 805.3027954101562], [0.0, 0.0, 1.0, 0.0], [0.0, 0.0, 0.0, 1.0]], "cam_ids": [0, 1, 2, 3, 4, 5], "cam_channels": ["CAM_FRONT_LEFT", "CAM_FRONT", "CAM_FRONT_RIGHT", "CAM_BACK_LEFT", "CAM_BACK", "CAM_BACK_RIGHT"], "token": "c84af304517849cbb3c404cac45f049c", "scene": "scene-0585"}, {"images": ["samples/CAM_FRONT_LEFT/n008-2018-09-18-13-41-50-0400__CAM_FRONT_LEFT__1537292674754799.jpg", "samples/CAM_FRONT/n008-2018-09-18-13-41-50-0400__CAM_FRONT__1537292674762404.jpg", "samples/CAM_FRONT_RIGHT/n008-2018-09-18-13-41-50-0400__CAM_FRONT_RIGHT__1537292674770482.jpg", "samples/CAM_BACK_LEFT/n008-2018-09-18-13-41-50-0400__CAM_BACK_LEFT__1537292674797406.jpg", "samples/CAM_BACK/n008-2018-09-18-13-41-50-0400__CAM_BACK__1537292674787558.jpg", "samples/CAM_BACK_RIGHT/n008-2018-09-18-13-41-50-0400__CAM_BACK_RIGHT__1537292674778113.jpg"], "intrinsics": [[[1257.8625342125129, 0.0, 827.2410631095686], [0.0, 1257.8625342125129, 450.915498205774], [0.0, 0.0, 1.0]], [[1252.8131021185304, 0.0, 826.588114781398], [0.0, 1252.8131021185304, 469.9846626224581], [0.0, 0.0, 1.0]], [[1256.7485116440405, 0.0, 817.7887570959712], [0.0, 1256.7485116440403, 451.9541780095127], [0.0, 0.0, 1.0]], [[1254.9860565800168, 0.0, 829.5769333630991], [0.0, 1254.9860565800168, 467.1680561863987], [0.0, 0.0, 1.0]], [[796.8910634503094, 0.0, 857.7774326863696], [0.0, 796.8910634503094, 476.8848988407415], [0.0, 0.0, 1.0]], [[1249.9629280788233, 0.0, 825.3768045375984], [0.0, 1249.9629280788233, 462.54816385708756], [0.0, 0.0, 1.0]]], "extrinsics": [[[0.8225370645523071, -0.5683049559593201, -0.0215021800249815, -0.760498046875], [0.007928764447569847, 0.04926421865820885, -0.9987543225288391, 1.4905242919921875], [0.568656325340271, 0.8213419914245605, 0.04502759873867035, -1.167236328125], [0.0, 0.0, 0.0, 1.0]], [[0.010256998240947723, -0.9989346265792847, -0.044993482530117035, 0.0096435546875], [0.00986223854124546, 0.045094721019268036, -0.9989340901374817, 1.4824752807617188], [0.9998987317085266, 0.00980233121663332, 0.010314268060028553, -1.492431640625], [0.0, 0.0, 0.0, 1.0]], [[-0.8439690470695496, -0.5352808833122253, -0.03450627624988556, 0.9344482421875], [0.017800791189074516, 0.03634482994675636, -0.9991807341575623, 1.4963302612304688], [0.536096453666687, -0.8438918590545654, -0.02114548720419407, -1.176666259765625], [0.0, 0.0, 0.0, 1.0]], [[0.9478746056556702, 0.31851738691329956, 0.00896541029214859, -1.142578125], [-0.007801383268088102, 0.051325470209121704, -0.9986515045166016, 1.562032699584961], [-0.3185480833053589, 0.9465265274047852, 0.05113498494029045, -0.1564788818359375], [0.0, 0.0, 0.0, 1.0]], [[0.00920797698199749, 0.9989978075027466, 0.043803129345178604, -0.02874755859375], [-0.00552833778783679, 0.043855175375938416, -0.9990226030349731, 1.5676689147949219], [-0.9999423623085022, 0.008956818841397762, 0.005926614627242088, -0.0233154296875], [0.0, 0.0, 0.0, 1.0]], [[-0.9237244725227356, 0.38294294476509094, 0.009369189850986004, 1.0379638671875], [-0.0013392888940870762, 0.021230150014162064, -0.9997737407684326, 1.5476131439208984], [-0.383055180311203, -0.9235280156135559, -0.019097935408353806, -0.093505859375], [0.0, 0.0, 0.0, 1.0]]], "view": [[0.0, -2.0, 100.0], [-2.0, 0.0, 100.0], [0.0, 0.0, 1.0]], "bev": "bev_4128ed25772d47229b653b8a7a787ac3.png", "aux": "aux_4128ed25772d47229b653b8a7a787ac3.npz", "visibility": "visibility_4128ed25772d47229b653b8a7a787ac3.png", "pose": [[-0.9993008375167847, 0.03738797456026077, 0.0, 1777.953125], [-0.03738797456026077, -0.9993008375167847, 0.0, 869.9572143554688], [0.0, 0.0, 1.0, 0.0], [0.0, 0.0, 0.0, 1.0]], "pose_inverse": [[-0.9993008375167847, -0.03738797456026077, 0.0, 1809.2359619140625], [0.03738797456026077, -0.9993008375167847, 0.0, 802.8748779296875], [0.0, 0.0, 1.0, 0.0], [0.0, 0.0, 0.0, 1.0]], "cam_ids": [0, 1, 2, 3, 4, 5], "cam_channels": ["CAM_FRONT_LEFT", "CAM_FRONT", "CAM_FRONT_RIGHT", "CAM_BACK_LEFT", "CAM_BACK", "CAM_BACK_RIGHT"], "token": "4128ed25772d47229b653b8a7a787ac3", "scene": "scene-0585"}, {"images": ["samples/CAM_FRONT_LEFT/n008-2018-09-18-13-41-50-0400__CAM_FRONT_LEFT__1537292675254799.jpg", "samples/CAM_FRONT/n008-2018-09-18-13-41-50-0400__CAM_FRONT__1537292675262404.jpg", "samples/CAM_FRONT_RIGHT/n008-2018-09-18-13-41-50-0400__CAM_FRONT_RIGHT__1537292675270482.jpg", "samples/CAM_BACK_LEFT/n008-2018-09-18-13-41-50-0400__CAM_BACK_LEFT__1537292675297405.jpg", "samples/CAM_BACK/n008-2018-09-18-13-41-50-0400__CAM_BACK__1537292675287558.jpg", "samples/CAM_BACK_RIGHT/n008-2018-09-18-13-41-50-0400__CAM_BACK_RIGHT__1537292675278113.jpg"], "intrinsics": [[[1257.8625342125129, 0.0, 827.2410631095686], [0.0, 1257.8625342125129, 450.915498205774], [0.0, 0.0, 1.0]], [[1252.8131021185304, 0.0, 826.588114781398], [0.0, 1252.8131021185304, 469.9846626224581], [0.0, 0.0, 1.0]], [[1256.7485116440405, 0.0, 817.7887570959712], [0.0, 1256.7485116440403, 451.9541780095127], [0.0, 0.0, 1.0]], [[1254.9860565800168, 0.0, 829.5769333630991], [0.0, 1254.9860565800168, 467.1680561863987], [0.0, 0.0, 1.0]], [[796.8910634503094, 0.0, 857.7774326863696], [0.0, 796.8910634503094, 476.8848988407415], [0.0, 0.0, 1.0]], [[1249.9629280788233, 0.0, 825.3768045375984], [0.0, 1249.9629280788233, 462.54816385708756], [0.0, 0.0, 1.0]]], "extrinsics": [[[0.8223717212677002, -0.568612277507782, -0.0196139607578516, -0.7589111328125], [0.0059408447705209255, 0.04305395111441612, -0.9990550875663757, 1.48992919921875], [0.5689195394515991, 0.8214781284332275, 0.03878439590334892, -1.166748046875], [0.0, 0.0, 0.0, 1.0]], [[0.010011043399572372, -0.9992028474807739, -0.03864351287484169, 0.01019287109375], [0.007848929613828659, 0.03872278332710266, -0.9992191791534424, 1.4819908142089844], [0.999919056892395, 0.009699909947812557, 0.008230328559875488, -1.490478515625], [0.0, 0.0, 0.0, 1.0]], [[-0.8440878987312317, -0.5354015231132507, -0.02934074215590954, 0.9320068359375], [0.01584206521511078, 0.029794346541166306, -0.9994304776191711, 1.4960098266601562], [0.5359708070755005, -0.8440719842910767, -0.016667181625962257, -1.1746826171875], [0.0, 0.0, 0.0, 1.0]], [[0.9479215145111084, 0.3184659779071808, 0.004914989694952965, -1.1370849609375], [-0.009692978113889694, 0.04426885023713112, -0.9989726543426514, 1.5619888305664062], [-0.31835639476776123, 0.9469000101089478, 0.045050282031297684, -0.1580657958984375], [0.0, 0.0, 0.0, 1.0]], [[0.009335407987236977, 0.999275267124176, 0.03690396621823311, -0.02880859375], [-0.007538461592048407, 0.03697485104203224, -0.9992877244949341, 1.5674915313720703], [-0.9999280571937561, 0.00905055832117796, 0.007878173142671585, -0.0284423828125], [0.0, 0.0, 0.0, 1.0]], [[-0.9236876964569092, 0.3830505311489105, 0.008564263582229614, 1.03369140625], [-0.003249939065426588, 0.0145186772570014, -0.9998893141746521, 1.547348976135254], [-0.3831324577331543, -0.9236133098602295, -0.012165832333266735, -0.0948486328125], [0.0, 0.0, 0.0, 1.0]]], "view": [[0.0, -2.0, 100.0], [-2.0, 0.0, 100.0], [0.0, 0.0, 1.0]], "bev": "bev_78002e4f3b27413291cd646444d17c32.png", "aux": "aux_78002e4f3b27413291cd646444d17c32.npz", "visibility": "visibility_78002e4f3b27413291cd646444d17c32.png", "pose": [[-0.9993045330047607, 0.03728833049535751, 0.0, 1774.503662109375], [-0.03728833049535751, -0.9993045330047607, 0.0, 869.8705444335938], [0.0, 0.0, 1.0, 0.0], [0.0, 0.0, 0.0, 1.0]], "pose_inverse": [[-0.9993045330047607, -0.03728833049535751, 0.0, 1805.70556640625], [0.03728833049535751, -0.9993045330047607, 0.0, 803.0972900390625], [0.0, 0.0, 1.0, 0.0], [0.0, 0.0, 0.0, 1.0]], "cam_ids": [0, 1, 2, 3, 4, 5], "cam_channels": ["CAM_FRONT_LEFT", "CAM_FRONT", "CAM_FRONT_RIGHT", "CAM_BACK_LEFT", "CAM_BACK", "CAM_BACK_RIGHT"], "token": "78002e4f3b27413291cd646444d17c32", "scene": "scene-0585"}, {"images": ["samples/CAM_FRONT_LEFT/n008-2018-09-18-13-41-50-0400__CAM_FRONT_LEFT__1537292675654799.jpg", "samples/CAM_FRONT/n008-2018-09-18-13-41-50-0400__CAM_FRONT__1537292675662404.jpg", "samples/CAM_FRONT_RIGHT/n008-2018-09-18-13-41-50-0400__CAM_FRONT_RIGHT__1537292675670482.jpg", "samples/CAM_BACK_LEFT/n008-2018-09-18-13-41-50-0400__CAM_BACK_LEFT__1537292675697405.jpg", "samples/CAM_BACK/n008-2018-09-18-13-41-50-0400__CAM_BACK__1537292675687558.jpg", "samples/CAM_BACK_RIGHT/n008-2018-09-18-13-41-50-0400__CAM_BACK_RIGHT__1537292675678113.jpg"], "intrinsics": [[[1257.8625342125129, 0.0, 827.2410631095686], [0.0, 1257.8625342125129, 450.915498205774], [0.0, 0.0, 1.0]], [[1252.8131021185304, 0.0, 826.588114781398], [0.0, 1252.8131021185304, 469.9846626224581], [0.0, 0.0, 1.0]], [[1256.7485116440405, 0.0, 817.7887570959712], [0.0, 1256.7485116440403, 451.9541780095127], [0.0, 0.0, 1.0]], [[1254.9860565800168, 0.0, 829.5769333630991], [0.0, 1254.9860565800168, 467.1680561863987], [0.0, 0.0, 1.0]], [[796.8910634503094, 0.0, 857.7774326863696], [0.0, 796.8910634503094, 476.8848988407415], [0.0, 0.0, 1.0]], [[1249.9629280788233, 0.0, 825.3768045375984], [0.0, 1249.9629280788233, 462.54816385708756], [0.0, 0.0, 1.0]]], "extrinsics": [[[0.8224453330039978, -0.5685961842536926, -0.016795428469777107, -0.777587890625], [0.004003499168902636, 0.03531061112880707, -0.9993683695793152, 1.4893341064453125], [0.5688300728797913, 0.8218585848808289, 0.031317420303821564, -1.1781005859375], [0.0, 0.0, 0.0, 1.0]], [[0.010096564888954163, -0.9994694590568542, -0.03096444346010685, 0.0089111328125], [0.005885513499379158, 0.031024884432554245, -0.9995013475418091, 1.4814567565917969], [0.9999316930770874, 0.009909287095069885, 0.006195636000484228, -1.5079345703125], [0.0, 0.0, 0.0, 1.0]], [[-0.8440737128257751, -0.5357076525688171, -0.023595096543431282, 0.9429931640625], [0.013873002491891384, 0.02217102237045765, -0.999657928943634, 1.4954872131347656], [0.5360475182533264, -0.8441123366355896, -0.011282104067504406, -1.1827392578125], [0.0, 0.0, 0.0, 1.0]], [[0.947864294052124, 0.3186737895011902, 0.0006206611287780106, -1.13818359375], [-0.011759919114410877, 0.03692491352558136, -0.9992488622665405, 1.5619688034057617], [-0.31845733523368835, 0.9471449255943298, 0.038747381418943405, -0.1580657958984375], [0.0, 0.0, 0.0, 1.0]], [[0.009284386411309242, 0.9995238780975342, 0.029424145817756653, -0.0284423828125], [-0.009530867449939251, 0.02951253019273281, -0.9995189309120178, 1.5674095153808594], [-0.9999114871025085, 0.008999478071928024, 0.009800335392355919, -0.0233154296875], [0.0, 0.0, 0.0, 1.0]], [[-0.9237086176872253, 0.3830231726169586, 0.007456749677658081, 1.0433349609375], [-0.005181698128581047, 0.006971088238060474, -0.9999622702598572, 1.5471503734588623], [-0.3830606937408447, -0.923712432384491, -0.004454544745385647, -0.0916748046875], [0.0, 0.0, 0.0, 1.0]]], "view": [[0.0, -2.0, 100.0], [-2.0, 0.0, 100.0], [0.0, 0.0, 1.0]], "bev": "bev_177822746b6f4724ad1eab0e32e846d1.png", "aux": "aux_177822746b6f4724ad1eab0e32e846d1.npz", "visibility": "visibility_177822746b6f4724ad1eab0e32e846d1.png", "pose": [[-0.9992904663085938, 0.03766371309757233, 0.0, 1771.860107421875], [-0.03766371309757233, -0.9992904663085938, 0.0, 869.7974853515625], [0.0, 0.0, 1.0, 0.0], [0.0, 0.0, 0.0, 1.0]], "pose_inverse": [[-0.9992904663085938, -0.03766371309757233, 0.0, 1803.3626708984375], [0.03766371309757233, -0.9992904663085938, 0.0, 802.4454956054688], [0.0, 0.0, 1.0, 0.0], [0.0, 0.0, 0.0, 1.0]], "cam_ids": [0, 1, 2, 3, 4, 5], "cam_channels": ["CAM_FRONT_LEFT", "CAM_FRONT", "CAM_FRONT_RIGHT", "CAM_BACK_LEFT", "CAM_BACK", "CAM_BACK_RIGHT"], "token": "177822746b6f4724ad1eab0e32e846d1", "scene": "scene-0585"}, {"images": ["samples/CAM_FRONT_LEFT/n008-2018-09-18-13-41-50-0400__CAM_FRONT_LEFT__1537292676104799.jpg", "samples/CAM_FRONT/n008-2018-09-18-13-41-50-0400__CAM_FRONT__1537292676112404.jpg", "samples/CAM_FRONT_RIGHT/n008-2018-09-18-13-41-50-0400__CAM_FRONT_RIGHT__1537292676120482.jpg", "samples/CAM_BACK_LEFT/n008-2018-09-18-13-41-50-0400__CAM_BACK_LEFT__1537292676147405.jpg", "samples/CAM_BACK/n008-2018-09-18-13-41-50-0400__CAM_BACK__1537292676137558.jpg", "samples/CAM_BACK_RIGHT/n008-2018-09-18-13-41-50-0400__CAM_BACK_RIGHT__1537292676128113.jpg"], "intrinsics": [[[1257.8625342125129, 0.0, 827.2410631095686], [0.0, 1257.8625342125129, 450.915498205774], [0.0, 0.0, 1.0]], [[1252.8131021185304, 0.0, 826.588114781398], [0.0, 1252.8131021185304, 469.9846626224581], [0.0, 0.0, 1.0]], [[1256.7485116440405, 0.0, 817.7887570959712], [0.0, 1256.7485116440403, 451.9541780095127], [0.0, 0.0, 1.0]], [[1254.9860565800168, 0.0, 829.5769333630991], [0.0, 1254.9860565800168, 467.1680561863987], [0.0, 0.0, 1.0]], [[796.8910634503094, 0.0, 857.7774326863696], [0.0, 796.8910634503094, 476.8848988407415], [0.0, 0.0, 1.0]], [[1249.9629280788233, 0.0, 825.3768045375984], [0.0, 1249.9629280788233, 462.54816385708756], [0.0, 0.0, 1.0]]], "extrinsics": [[[0.8224794864654541, -0.56855309009552, -0.016578979790210724, -0.7799072265625], [0.0006579339387826622, 0.030098510906100273, -0.9995467066764832, 1.4884033203125], [0.5687943696975708, 0.8220958113670349, 0.02512947842478752, -1.1807861328125], [0.0, 0.0, 0.0, 1.0]], [[0.010213758796453476, -0.9996135830879211, -0.025851314887404442, 0.009765625], [0.002656090073287487, 0.025879692286252975, -0.9996615052223206, 1.480712890625], [0.999944269657135, 0.010141641832888126, 0.0029193926602602005, -1.5087890625], [0.0, 0.0, 0.0, 1.0]], [[-0.8440002799034119, -0.5360333323478699, -0.018210269510746002, 0.941650390625], [0.010725368745625019, 0.01707794889807701, -0.9997966289520264, 1.4949455261230469], [0.5362353920936584, -0.8440240621566772, -0.008664639666676521, -1.180999755859375], [0.0, 0.0, 0.0, 1.0]], [[0.9478486180305481, 0.3187025487422943, -0.003426178125664592, -1.1343994140625], [-0.01439577154815197, 0.032070498913526535, -0.999381959438324, 1.5618948936462402], [-0.318395733833313, 0.9473121166229248, 0.034985944628715515, -0.159423828125], [0.0, 0.0, 0.0, 1.0]], [[0.009218794293701649, 0.999657928943634, 0.02447514422237873, -0.0289306640625], [-0.012382548302412033, 0.024588430300354958, -0.9996209740638733, 1.567