[{"images": ["samples/CAM_FRONT_LEFT/n015-2018-07-24-11-22-45+0800__CAM_FRONT_LEFT__1532402721504844.jpg", "samples/CAM_FRONT/n015-2018-07-24-11-22-45+0800__CAM_FRONT__1532402721512460.jpg", "samples/CAM_FRONT_RIGHT/n015-2018-07-24-11-22-45+0800__CAM_FRONT_RIGHT__1532402721520339.jpg", "samples/CAM_BACK_LEFT/n015-2018-07-24-11-22-45+0800__CAM_BACK_LEFT__1532402721547423.jpg", "samples/CAM_BACK/n015-2018-07-24-11-22-45+0800__CAM_BACK__1532402721537525.jpg", "samples/CAM_BACK_RIGHT/n015-2018-07-24-11-22-45+0800__CAM_BACK_RIGHT__1532402721527905.jpg"], "intrinsics": [[[1272.5979470598488, 0.0, 826.6154927353808], [0.0, 1272.5979470598488, 479.75165386361925], [0.0, 0.0, 1.0]], [[1266.417203046554, 0.0, 816.2670197447984], [0.0, 1266.417203046554, 491.50706579294757], [0.0, 0.0, 1.0]], [[1260.8474446004698, 0.0, 807.968244525554], [0.0, 1260.8474446004698, 495.3344268742088], [0.0, 0.0, 1.0]], [[1256.7414812095406, 0.0, 792.1125740759628], [0.0, 1256.7414812095406, 492.7757465151356], [0.0, 0.0, 1.0]], [[809.2209905677063, 0.0, 829.2196003259838], [0.0, 809.2209905677063, 481.77842384512485], [0.0, 0.0, 1.0]], [[1259.5137405846733, 0.0, 807.2529053838625], [0.0, 1259.5137405846733, 501.19579884916527], [0.0, 0.0, 1.0]]], "extrinsics": [[[0.8219928741455078, -0.5694970488548279, -0.0009130066027864814, -0.63409423828125], [-9.0723842731677e-05, 0.00147223100066185, -0.999998927116394, 1.5082117319107056], [0.5694977641105652, 0.821992039680481, 0.0011584963649511337, -1.0511474609375], [0.0, 0.0, 0.0, 1.0]], [[0.0074440957978367805, -0.9999693632125854, 0.002390438923612237, 0.007537841796875], [-0.005438135005533695, -0.002430952852591872, -0.9999822974205017, 1.5187435150146484], [0.9999574422836304, 0.007430965080857277, -0.00545606529340148, -1.36328125], [0.0, 0.0, 0.0, 1.0]], [[-0.832177996635437, -0.5544451475143433, -0.00838241446763277, 0.8211669921875], [0.00010234150977339596, 0.014963265508413315, -0.999888002872467, 1.5036706924438477], [0.5545085072517395, -0.8320857286453247, -0.012395357713103294, -1.108062744140625], [0.0, 0.0, 0.0, 1.0]], [[0.947816789150238, 0.3187902271747589, 0.003986462019383907, -1.146728515625], [0.009160999208688736, -0.014734099619090557, -0.9998494386672974, 1.5885024070739746], [-0.31868359446525574, 0.9477107524871826, -0.0168856680393219, -0.10175323486328125], [0.0, 0.0, 0.0, 1.0]], [[0.0019838172011077404, 0.9999850988388062, -0.005092389415949583, 0.003143310546875], [-0.016811825335025787, -0.005058329086750746, -0.9998458623886108, 1.577850341796875], [-0.99985671043396, 0.0020691019017249346, 0.016801537945866585, -0.087890625], [0.0, 0.0, 0.0, 1.0]], [[-0.9351187348365784, 0.3541540503501892, -0.011304114945232868, 0.966552734375], [0.015919867902994156, 0.0101223299279809, -0.9998220801353455, 1.5543384552001953], [-0.35397666692733765, -0.9351323246955872, -0.015103667974472046, -0.1279296875], [0.0, 0.0, 0.0, 1.0]]], "view": [[0.0, -2.0, 100.0], [-2.0, 0.0, 100.0], [0.0, 0.0, 1.0]], "bev": "bev_2c0f9d4e41b544d59ba5d26185c5f546.png", "aux": "aux_2c0f9d4e41b544d59ba5d26185c5f546.npz", "visibility": "visibility_2c0f9d4e41b544d59ba5d26185c5f546.png", "pose": [[0.7313640713691711, -0.6819872260093689, 0.0, 828.6546630859375], [0.6819872260093689, 0.7313640713691711, 0.0, 1304.787353515625], [0.0, 0.0, 1.0, 0.0], [0.0, 0.0, 0.0, 1.0]], "pose_inverse": [[0.7313640713691711, 0.6819872260093689, 0.0, -1495.8966064453125], [-0.6819872260093689, 0.7313640713691711, 0.0, -389.1427001953125], [0.0, 0.0, 1.0, 0.0], [0.0, 0.0, 0.0, 1.0]], "cam_ids": [0, 1, 2, 3, 4, 5], "cam_channels": ["CAM_FRONT_LEFT", "CAM_FRONT", "CAM_FRONT_RIGHT", "CAM_BACK_LEFT", "CAM_BACK", "CAM_BACK_RIGHT"], "token": "2c0f9d4e41b544d59ba5d26185c5f546", "scene": "scene-0056"}, {"images": ["samples/CAM_FRONT_LEFT/n015-2018-07-24-11-22-45+0800__CAM_FRONT_LEFT__1532402722004844.jpg", "samples/CAM_FRONT/n015-2018-07-24-11-22-45+0800__CAM_FRONT__1532402722012460.jpg", "samples/CAM_FRONT_RIGHT/n015-2018-07-24-11-22-45+0800__CAM_FRONT_RIGHT__1532402722020339.jpg", "samples/CAM_BACK_LEFT/n015-2018-07-24-11-22-45+0800__CAM_BACK_LEFT__1532402722047423.jpg", "samples/CAM_BACK/n015-2018-07-24-11-22-45+0800__CAM_BACK__1532402722037525.jpg", "samples/CAM_BACK_RIGHT/n015-2018-07-24-11-22-45+0800__CAM_BACK_RIGHT__1532402722027893.jpg"], "intrinsics": [[[1272.5979470598488, 0.0, 826.6154927353808], [0.0, 1272.5979470598488, 479.75165386361925], [0.0, 0.0, 1.0]], [[1266.417203046554, 0.0, 816.2670197447984], [0.0, 1266.417203046554, 491.50706579294757], [0.0, 0.0, 1.0]], [[1260.8474446004698, 0.0, 807.968244525554], [0.0, 1260.8474446004698, 495.3344268742088], [0.0, 0.0, 1.0]], [[1256.7414812095406, 0.0, 792.1125740759628], [0.0, 1256.7414812095406, 492.7757465151356], [0.0, 0.0, 1.0]], [[809.2209905677063, 0.0, 829.2196003259838], [0.0, 809.2209905677063, 481.77842384512485], [0.0, 0.0, 1.0]], [[1259.5137405846733, 0.0, 807.2529053838625], [0.0, 1259.5137405846733, 501.19579884916527], [0.0, 0.0, 1.0]]], "extrinsics": [[[0.8210960626602173, -0.5707845687866211, 0.0024681936483830214, -0.58355712890625], [0.0050775096751749516, 0.0029800611082464457, -0.9999826550483704, 1.5106010437011719], [0.5707672834396362, 0.8210944533348083, 0.005345080513507128, -1.0164794921875], [0.0, 0.0, 0.0, 1.0]], [[0.006077415309846401, -0.9999810457229614, 0.0009349447791464627, 0.00848388671875], [-0.0003083427727688104, -0.0009368362370878458, -0.9999995231628418, 1.5204157829284668], [0.9999814629554749, 0.006077005993574858, -0.0003140308544971049, -1.3104248046875], [0.0, 0.0, 0.0, 1.0]], [[-0.8327088952064514, -0.5535478591918945, -0.01343982107937336, 0.7864990234375], [0.005216526798903942, 0.016428526490926743, -0.999851405620575, 1.5051727294921875], [0.5536864399909973, -0.8326553106307983, -0.010792582295835018, -1.08428955078125], [0.0, 0.0, 0.0, 1.0]], [[0.9477242231369019, 0.31898847222328186, 0.008069111965596676, -1.1431884765625], [0.013733204454183578, -0.01551125105470419, -0.9997853636741638, 1.5885391235351562], [-0.3187948167324066, 0.9476316571235657, -0.019081123173236847, -0.10326385498046875], [0.0, 0.0, 0.0, 1.0]], [[0.002338025253266096, 0.9999820590019226, -0.0055112396366894245, 0.002716064453125], [-0.011657880619168282, -0.005483623128384352, -0.9999170303344727, 1.5781078338623047], [-0.9999293088912964, 0.002402137964963913, 0.011644850485026836, -0.1055908203125], [0.0, 0.0, 0.0, 1.0]], [[-0.934779167175293, 0.3548603951931, -0.016188016161322594, 0.9368896484375], [0.02102496288716793, 0.0097785834223032, -0.9997311234474182, 1.5559234619140625], [-0.3546066880226135, -0.9348680973052979, -0.016601745039224625, -0.13861083984375], [0.0, 0.0, 0.0, 1.0]]], "view": [[0.0, -2.0, 100.0], [-2.0, 0.0, 100.0], [0.0, 0.0, 1.0]], "bev": "bev_d73e325015dc4fad8f3a6539d17ec7ca.png", "aux": "aux_d73e325015dc4fad8f3a6539d17ec7ca.npz", "visibility": "visibility_d73e325015dc4fad8f3a6539d17ec7ca.png", "pose": [[0.7423550486564636, -0.6700066924095154, 0.0, 832.4851684570312], [0.6700066924095154, 0.7423550486564636, 0.0, 1308.2696533203125], [0.0, 0.0, 1.0, 0.0], [0.0, 0.0, 0.0, 1.0]], "pose_inverse": [[0.7423550486564636, 0.6700066924095154, 0.0, -1494.5489501953125], [-0.6700066924095154, 0.7423550486564636, 0.0, -413.429931640625], [0.0, 0.0, 1.0, 0.0], [0.0, 0.0, 0.0, 1.0]], "cam_ids": [0, 1, 2, 3, 4, 5], "cam_channels": ["CAM_FRONT_LEFT", "CAM_FRONT", "CAM_FRONT_RIGHT", "CAM_BACK_LEFT", "CAM_BACK", "CAM_BACK_RIGHT"], "token": "d73e325015dc4fad8f3a6539d17ec7ca", "scene": "scene-0056"}, {"images": ["samples/CAM_FRONT_LEFT/n015-2018-07-24-11-22-45+0800__CAM_FRONT_LEFT__1532402722504844.jpg", "samples/CAM_FRONT/n015-2018-07-24-11-22-45+0800__CAM_FRONT__1532402722512460.jpg", "samples/CAM_FRONT_RIGHT/n015-2018-07-24-11-22-45+0800__CAM_FRONT_RIGHT__1532402722520339.jpg", "samples/CAM_BACK_LEFT/n015-2018-07-24-11-22-45+0800__CAM_BACK_LEFT__1532402722547423.jpg", "samples/CAM_BACK/n015-2018-07-24-11-22-45+0800__CAM_BACK__1532402722537525.jpg", "samples/CAM_BACK_RIGHT/n015-2018-07-24-11-22-45+0800__CAM_BACK_RIGHT__1532402722527893.jpg"], "intrinsics": [[[1272.5979470598488, 0.0, 826.6154927353808], [0.0, 1272.5979470598488, 479.75165386361925], [0.0, 0.0, 1.0]], [[1266.417203046554, 0.0, 816.2670197447984], [0.0, 1266.417203046554, 491.50706579294757], [0.0, 0.0, 1.0]], [[1260.8474446004698, 0.0, 807.968244525554], [0.0, 1260.8474446004698, 495.3344268742088], [0.0, 0.0, 1.0]], [[1256.7414812095406, 0.0, 792.1125740759628], [0.0, 1256.7414812095406, 492.7757465151356], [0.0, 0.0, 1.0]], [[809.2209905677063, 0.0, 829.2196003259838], [0.0, 809.2209905677063, 481.77842384512485], [0.0, 0.0, 1.0]], [[1259.5137405846733, 0.0, 807.2529053838625], [0.0, 1259.5137405846733, 501.19579884916527], [0.0, 0.0, 1.0]]], "extrinsics": [[[0.8208034634590149, -0.5711920857429504, 0.004615773446857929, -0.54541015625], [0.007374879904091358, 0.002517005428671837, -0.9999696016311646, 1.512007713317871], [0.5711631178855896, 0.8208125233650208, 0.00627843989059329, -0.9901123046875], [0.0, 0.0, 0.0, 1.0]], [[0.005830918438732624, -0.9999819397926331, 0.0014484848361462355, 0.00897216796875], [0.0019139787182211876, -0.0014373462181538343, -0.9999971985816956, 1.5213435888290405], [0.999981164932251, 0.005833717528730631, 0.0019055629381909966, -1.2698974609375], [0.0, 0.0, 0.0, 1.0]], [[-0.8327649235725403, -0.5534253716468811, -0.014927399344742298, 0.758056640625], [0.007365366909652948, 0.015885597094893456, -0.9998466372489929, 1.5060577392578125], [0.5535776615142822, -0.832747220993042, -0.009152786806225777, -1.065032958984375], [0.0, 0.0, 0.0, 1.0]], [[0.9477193355560303, 0.31895336508750916, 0.009840727783739567, -1.132080078125], [0.015133675187826157, -0.014120737090706825, -0.9997857809066772, 1.5887136459350586], [-0.31874608993530273, 0.9476652145385742, -0.018209433183073997, -0.10712432861328125], [0.0, 0.0, 0.0, 1.0]], [[0.0024035524111241102, 0.9999884963035583, -0.004167916718870401, 0.002685546875], [-0.009876059368252754, -0.004143987782299519, -0.9999426603317261, 1.5781021118164062], [-0.9999483823776245, 0.0024445822928100824, 0.009865985251963139, -0.1256103515625], [0.0, 0.0, 0.0, 1.0]], [[-0.9347078204154968, 0.35497790575027466, -0.01766355335712433, 0.9105224609375], [0.023070774972438812, 0.01100532989948988, -0.9996732473373413, 1.5569992065429688], [-0.3546675145626068, -0.9348099231719971, -0.01847638189792633, -0.1483154296875], [0.0, 0.0, 0.0, 1.0]]], "view": [[0.0, -2.0, 100.0], [-2.0, 0.0, 100.0], [0.0, 0.0, 1.0]], "bev": "bev_5eeb50baffe44767a40518bdf89b22b9.png", "aux": "aux_5eeb50baffe44767a40518bdf89b22b9.npz", "visibility": "visibility_5eeb50baffe44767a40518bdf89b22b9.png", "pose": [[0.7433239817619324, -0.6689316034317017, 0.0, 836.6417236328125], [0.6689316034317017, 0.7433239817619324, 0.0, 1312.0189208984375], [0.0, 0.0, 1.0, 0.0], [0.0, 0.0, 0.0, 1.0]], "pose_inverse": [[0.7433239817619324, 0.6689316034317017, 0.0, -1499.5467529296875], [-0.6689316034317017, 0.7433239817619324, 0.0, -415.5990295410156], [0.0, 0.0, 1.0, 0.0], [0.0, 0.0, 0.0, 1.0]], "cam_ids": [0, 1, 2, 3, 4, 5], "cam_channels": ["CAM_FRONT_LEFT", "CAM_FRONT", "CAM_FRONT_RIGHT", "CAM_BACK_LEFT", "CAM_BACK", "CAM_BACK_RIGHT"], "token": "5eeb50baffe44767a40518bdf89b22b9", "scene": "scene-0056"}, {"images": ["samples/CAM_FRONT_LEFT/n015-2018-07-24-11-22-45+0800__CAM_FRONT_LEFT__1532402723004844.jpg", "samples/CAM_FRONT/n015-2018-07-24-11-22-45+0800__CAM_FRONT__1532402723012460.jpg", "samples/CAM_FRONT_RIGHT/n015-2018-07-24-11-22-45+0800__CAM_FRONT_RIGHT__1532402723020339.jpg", "samples/CAM_BACK_LEFT/n015-2018-07-24-11-22-45+0800__CAM_BACK_LEFT__1532402723047423.jpg", "samples/CAM_BACK/n015-2018-07-24-11-22-45+0800__CAM_BACK__1532402723037525.jpg", "samples/CAM_BACK_RIGHT/n015-2018-07-24-11-22-45+0800__CAM_BACK_RIGHT__1532402723027893.jpg"], "intrinsics": [[[1272.5979470598488, 0.0, 826.6154927353808], [0.0, 1272.5979470598488, 479.75165386361925], [0.0, 0.0, 1.0]], [[1266.417203046554, 0.0, 816.2670197447984], [0.0, 1266.417203046554, 491.50706579294757], [0.0, 0.0, 1.0]], [[1260.8474446004698, 0.0, 807.968244525554], [0.0, 1260.8474446004698, 495.3344268742088], [0.0, 0.0, 1.0]], [[1256.7414812095406, 0.0, 792.1125740759628], [0.0, 1256.7414812095406, 492.7757465151356], [0.0, 0.0, 1.0]], [[809.2209905677063, 0.0, 829.2196003259838], [0.0, 809.2209905677063, 481.77842384512485], [0.0, 0.0, 1.0]], [[1259.5137405846733, 0.0, 807.2529053838625], [0.0, 1259.5137405846733, 501.19579884916527], [0.0, 0.0, 1.0]]], "extrinsics": [[[0.8213931918144226, -0.5703617930412292, 0.0007670570630580187, -0.5323486328125], [0.003025773447006941, 0.0030126480851322412, -0.9999908804893494, 1.5098528861999512], [0.5703542232513428, 0.8213880062103271, 0.004200354218482971, -0.9774169921875], [0.0, 0.0, 0.0, 1.0]], [[0.006568047683686018, -0.9999780058860779, 0.0008922507404349744, 0.0062255859375], [-0.0021648413967341185, -0.0009064869955182076, -0.9999972581863403, 1.5195844173431396], [0.9999760389328003, 0.006566097494214773, -0.00217074784450233, -1.254638671875], [0.0, 0.0, 0.0, 1.0]], [[-0.8325090408325195, -0.5538797378540039, -0.012077469378709793, 0.7452392578125], [0.003553193062543869, 0.01646149717271328, -0.9998582005500793, 1.5048866271972656], [0.5540000200271606, -0.832433819770813, -0.011736304499208927, -1.05908203125], [0.0, 0.0, 0.0, 1.0]], [[0.947674036026001, 0.31915903091430664, 0.007167454343289137, -1.119873046875], [0.012681282125413418, -0.015201427973806858, -0.9998040199279785, 1.5888338088989258], [-0.31898751854896545, 0.9475792646408081, -0.018453344702720642, -0.11008453369140625], [0.0, 0.0, 0.0, 1.0]], [[0.002117381663993001, 0.9999836087226868, -0.005329451058059931, 0.003875732421875], [-0.012832989916205406, -0.005301852710545063, -0.9999036192893982, 1.577554702758789], [-0.9999154210090637, 0.0021855556406080723, 0.012821552343666553, -0.138427734375], [0.0, 0.0, 0.0, 1.0]], [[-0.9349086284637451, 0.35458269715309143, -0.014727510511875153, 0.898681640625], [0.019577939063310623, 0.01009537186473608, -0.9997574090957642, 1.5564422607421875], [-0.3543481230735779, -0.9349701404571533, -0.016380250453948975, -0.1546630859375], [0.0, 0.0, 0.0, 1.0]]], "view": [[0.0, -2.0, 100.0], [-2.0, 0.0, 100.0], [0.0, 0.0, 1.0]], "bev": "bev_071d9eda004d43b8975015fc4c66695a.png", "aux": "aux_071d9eda004d43b8975015fc4c66695a.npz", "visibility": "visibility_071d9eda004d43b8975015fc4c66695a.png", "pose": [[0.7465124726295471, -0.6653714179992676, 0.0, 841.0303955078125], [0.6653714179992676, 0.7465124726295471, 0.0, 1315.9615478515625], [0.0, 0.0, 1.0, 0.0], [0.0, 0.0, 0.0, 1.0]], "pose_inverse": [[0.7465124726295471, 0.6653714179992676, 0.0, -1503.44287109375], [-0.6653714179992676, 0.7465124726295471, 0.0, -422.7841796875], [0.0, 0.0, 1.0, 0.0], [0.0, 0.0, 0.0, 1.0]], "cam_ids": [0, 1, 2, 3, 4, 5], "cam_channels": ["CAM_FRONT_LEFT", "CAM_FRONT", "CAM_FRONT_RIGHT", "CAM_BACK_LEFT", "CAM_BACK", "CAM_BACK_RIGHT"], "token": "071d9eda004d43b8975015fc4c66695a", "scene": "scene-0056"}, {"images": ["samples/CAM_FRONT_LEFT/n015-2018-07-24-11-22-45+0800__CAM_FRONT_LEFT__1532402723504844.jpg", "samples/CAM_FRONT/n015-2018-07-24-11-22-45+0800__CAM_FRONT__1532402723512460.jpg", "samples/CAM_FRONT_RIGHT/n015-2018-07-24-11-22-45+0800__CAM_FRONT_RIGHT__1532402723520339.jpg", "samples/CAM_BACK_LEFT/n015-2018-07-24-11-22-45+0800__CAM_BACK_LEFT__1532402723547423.jpg", "samples/CAM_BACK/n015-2018-07-24-11-22-45+0800__CAM_BACK__1532402723537525.jpg", "samples/CAM_BACK_RIGHT/n015-2018-07-24-11-22-45+0800__CAM_BACK_RIGHT__1532402723527893.jpg"], "intrinsics": [[[1272.5979470598488, 0.0, 826.6154927353808], [0.0, 1272.5979470598488, 479.75165386361925], [0.0, 0.0, 1.0]], [[1266.417203046554, 0.0, 816.2670197447984], [0.0, 1266.417203046554, 491.50706579294757], [0.0, 0.0, 1.0]], [[1260.8474446004698, 0.0, 807.968244525554], [0.0, 1260.8474446004698, 495.3344268742088], [0.0, 0.0, 1.0]], [[1256.7414812095406, 0.0, 792.1125740759628], [0.0, 1256.7414812095406, 492.7757465151356], [0.0, 0.0, 1.0]], [[809.2209905677063, 0.0, 829.2196003259838], [0.0, 809.2209905677063, 481.77842384512485], [0.0, 0.0, 1.0]], [[1259.5137405846733, 0.0, 807.2529053838625], [0.0, 1259.5137405846733, 501.19579884916527], [0.0, 0.0, 1.0]]], "extrinsics": [[[0.8212427496910095, -0.5705652832984924, -0.003949623089283705, -0.50958251953125], [-0.0032205739989876747, 0.0022867131046950817, -0.9999921917915344, 1.5064613819122314], [0.5705698132514954, 0.8212491273880005, 4.039908526465297e-05, -0.9683837890625], [0.0, 0.0, 0.0, 1.0]], [[0.00638448353856802, -0.9999778270721436, 0.0018645074451342225, 0.0111083984375], [-0.008107124827802181, -0.0019162447424605489, -0.9999653100967407, 1.5168142318725586], [0.9999467134475708, 0.006369164679199457, -0.00811917893588543, -1.2327880859375], [0.0, 0.0, 0.0, 1.0]], [[-0.8326436281204224, -0.5537689924240112, -0.006669658236205578, 0.7305908203125], [-0.0020704856142401695, 0.015155879780650139, -0.9998829364776611, 1.502854824066162], [0.5538052916526794, -0.8325323462486267, -0.013766016811132431, -1.04510498046875], [0.0, 0.0, 0.0, 1.0]], [[0.9478973746299744, 0.31856200098991394, 0.002985769882798195, -1.107666015625], [0.008322685956954956, -0.015393364243209362, -0.9998468160629272, 1.5888586044311523], [-0.31846722960472107, 0.9477770924568176, -0.01724262163043022, -0.115325927734375], [0.0, 0.0, 0.0, 1.0]], [[0.0023006696719676256, 0.9999825954437256, -0.005427845288068056, 0.002166748046875], [-0.01772426627576351, -0.005386229604482651, -0.9998283982276917, 1.5766048431396484], [-0.999840259552002, 0.002396389376372099, 0.017711566761136055, -0.15380859375], [0.0, 0.0, 0.0, 1.0]], [[-0.9349364042282104, 0.35467851161956787, -0.009847966954112053, 0.881103515625], [0.014326165430247784, 0.010002264752984047, -0.9998473525047302, 1.555328369140625], [-0.35452598333358765, -0.9349348545074463, -0.014432667754590511, -0.15850830078125], [0.0, 0.0, 0.0, 1.0]]], "view": [[0.0, -2.0, 100.0], [-2.0, 0.0, 100.0], [0.0, 0.0, 1.0]], "bev": "bev_85117e5e98a748b9b7198107ea989442.png", "aux": "aux_85117e5e98a748b9b7198107ea989442.npz", "visibility": "visibility_85117e5e98a748b9b7198107ea989442.png", "pose": [[0.7462576627731323, -0.6656571626663208, 0.0, 845.5693969726562], [0.6656571626663208, 0.7462576627731323, 0.0, 1319.9947509765625], [0.0, 0.0, 1.0, 0.0], [0.0, 0.0, 0.0, 1.0]], "pose_inverse": [[0.7462576627731323, 0.6656571626663208, 0.0, -1509.6766357421875], [-0.6656571626663208, 0.7462576627731323, 0.0, -422.1968688964844], [0.0, 0.0, 1.0, 0.0], [0.0, 0.0, 0.0, 1.0]], "cam_ids": [0, 1, 2, 3, 4, 5], "cam_channels": ["CAM_FRONT_LEFT", "CAM_FRONT", "CAM_FRONT_RIGHT", "CAM_BACK_LEFT", "CAM_BACK", "CAM_BACK_RIGHT"], "token": "85117e5e98a748b9b7198107ea989442", "scene": "scene-0056"}, {"images": ["samples/CAM_FRONT_LEFT/n015-2018-07-24-11-22-45+0800__CAM_FRONT_LEFT__1532402724004844.jpg", "samples/CAM_FRONT/n015-2018-07-24-11-22-45+0800__CAM_FRONT__1532402724012460.jpg", "samples/CAM_FRONT_RIGHT/n015-2018-07-24-11-22-45+0800__CAM_FRONT_RIGHT__1532402724020339.jpg", "samples/CAM_BACK_LEFT/n015-2018-07-24-11-22-45+0800__CAM_BACK_LEFT__1532402724047423.jpg", "samples/CAM_BACK/n015-2018-07-24-11-22-45+0800__CAM_BACK__1532402724037525.jpg", "samples/CAM_BACK_RIGHT/n015-2018-07-24-11-22-45+0800__CAM_BACK_RIGHT__1532402724027893.jpg"], "intrinsics": [[[1272.5979470598488, 0.0, 826.6154927353808], [0.0, 1272.5979470598488, 479.75165386361925], [0.0, 0.0, 1.0]], [[1266.417203046554, 0.0, 816.2670197447984], [0.0, 1266.417203046554, 491.50706579294757], [0.0, 0.0, 1.0]], [[1260.8474446004698, 0.0, 807.968244525554], [0.0, 1260.8474446004698, 495.3344268742088], [0.0, 0.0, 1.0]], [[1256.7414812095406, 0.0, 792.1125740759628], [0.0, 1256.7414812095406, 492.7757465151356], [0.0, 0.0, 1.0]], [[809.2209905677063, 0.0, 829.2196003259838], [0.0, 809.2209905677063, 481.77842384512485], [0.0, 0.0, 1.0]], [[1259.5137405846733, 0.0, 807.2529053838625], [0.0, 1259.5137405846733, 501.19579884916527], [0.0, 0.0, 1.0]]], "extrinsics": [[[0.8220544457435608, -0.5694072842597961, 0.0012638575863093138, -0.491455078125], [0.003442967776209116, 0.0027510395739227533, -0.9999902844429016, 1.5101995468139648], [0.5693982839584351, 0.822050929069519, 0.00422195577993989, -0.9599609375], [0.0, 0.0, 0.0, 1.0]], [[0.007511945441365242, -0.9999709129333496, 0.0013170735910534859, 0.01397705078125], [-0.0016765889013186097, -0.0013297037221491337, -0.9999977350234985, 1.519740104675293], [0.9999704360961914, 0.0075095961801707745, -0.0016865292564034462, -1.2154541015625], [0.0, 0.0, 0.0, 1.0]], [[-0.8320884704589844, -0.5545083284378052, -0.01221727579832077, 0.7196044921875], [0.004097113385796547, 0.01588158868253231, -0.9998654723167419, 1.5051279067993164], [0.5546278357505798, -0.8320266008377075, -0.010943002067506313, -1.035064697265625], [0.0, 0.0, 0.0, 1.0]], [[0.9474045038223267, 0.3199402391910553, 0.007928029634058475, -1.1044921875], [0.013289334252476692, -0.014577376656234264, -0.9998054504394531, 1.5891199111938477], [-0.31976237893104553, 0.947325587272644, -0.018062464892864227, -0.11833953857421875], [0.0, 0.0, 0.0, 1.0]], [[0.0015609292313456535, 0.9999886155128479, -0.004503694828599691, 0.00079345703125], [-0.012285609729588032, -0.0044841826893389225, -0.9999145269393921, 1.577352523803711], [-0.9999233484268188, 0.0016161309322342277, 0.012278471142053604, -0.1624755859375], [0.0, 0.0, 0.0, 1.0]], [[-0.9351032972335815, 0.3540576100349426, -0.015002714470028877, 0.8690185546875], [0.020154932513833046, 0.01086873933672905, -0.9997377991676331, 1.5571517944335938], [-0.3538016974925995, -0.9351604580879211, -0.01729940064251423, -0.1612548828125], [0.0, 0.0, 0.0, 1.0]]], "view": [[0.0, -2.0, 100.0], [-2.0, 0.0, 100.0], [0.0, 0.0, 1.0]], "bev": "bev_f4e4ed7f393d4ae3a996b5b84e967ab8.png", "aux": "aux_f4e4ed7f393d4ae3a996b5b84e967ab8.npz", "visibility": "visibility_f4e4ed7f393d4ae3a996b5b84e967ab8.png", "pose": [[0.7509939074516296, -0.6603091359138489, 0.0, 850.2471923828125], [0.6603091359138489, 0.7509939074516296, 0.0, 1324.1021728515625], [0.0, 0.0, 1.0, 0.0], [0.0, 0.0, 0.0, 1.0]], "pose_inverse": [[0.7509939074516296, 0.6603091359138489, 0.0, -1512.84716796875], [-0.6603091359138489, 0.7509939074516296, 0.0, -432.9667053222656], [0.0, 0.0, 1.0, 0.0], [0.0, 0.0, 0.0, 1.0]], "cam_ids": [0, 1, 2, 3, 4, 5], "cam_channels": ["CAM_FRONT_LEFT", "CAM_FRONT", "CAM_FRONT_RIGHT", "CAM_BACK_LEFT", "CAM_BACK", "CAM_BACK_RIGHT"], "token": "f4e4ed7f393d4ae3a996b5b84e967ab8", "scene": "scene-0056"}, {"images": ["samples/CAM_FRONT_LEFT/n015-2018-07-24-11-22-45+0800__CAM_FRONT_LEFT__1532402724504844.jpg", "samples/CAM_FRONT/n015-2018-07-24-11-22-45+0800__CAM_FRONT__1532402724512460.jpg", "samples/CAM_FRONT_RIGHT/n015-2018-07-24-11-22-45+0800__CAM_FRONT_RIGHT__1532402724520339.jpg", "samples/CAM_BACK_LEFT/n015-2018-07-24-11-22-45+0800__CAM_BACK_LEFT__1532402724547423.jpg", "samples/CAM_BACK/n015-2018-07-24-11-22-45+0800__CAM_BACK__1532402724537525.jpg", "samples/CAM_BACK_RIGHT/n015-2018-07-24-11-22-45+0800__CAM_BACK_RIGHT__1532402724527893.jpg"], "intrinsics": [[[1272.5979470598488, 0.0, 826.6154927353808], [0.0, 1272.5979470598488, 479.75165386361925], [0.0, 0.0, 1.0]], [[1266.417203046554, 0.0, 816.2670197447984], [0.0, 1266.417203046554, 491.50706579294757], [0.0, 0.0, 1.0]], [[1260.8474446004698, 0.0, 807.968244525554], [0.0, 1260.8474446004698, 495.3344268742088], [0.0, 0.0, 1.0]], [[1256.7414812095406, 0.0, 792.1125740759628], [0.0, 1256.7414812095406, 492.7757465151356], [0.0, 0.0, 1.0]], [[809.2209905677063, 0.0, 829.2196003259838], [0.0, 809.2209905677063, 481.77842384512485], [0.0, 0.0, 1.0]], [[1259.5137405846733, 0.0, 807.2529053838625], [0.0, 1259.5137405846733, 501.19579884916527], [0.0, 0.0, 1.0]]], "extrinsics": [[[0.8209831118583679, -0.5709273219108582, 0.0053580161184072495, -0.493896484375], [0.0027980010490864515, -0.0053611136972904205, -0.9999817609786987, 1.5098702907562256], [0.5709456205368042, 0.8209830522537231, -0.0028039286844432354, -0.9583740234375], [0.0, 0.0, 0.0, 1.0]], [[0.00599048612639308, -0.9999375939369202, 0.009424679912626743, 0.011810302734375], [-0.0026391607243567705, -0.009440625086426735, -0.999951958656311, 1.5193204879760742], [0.9999785423278809, 0.005965294782072306, -0.0026955504436045885, -1.2178955078125], [0.0, 0.0, 0.0, 1.0]], [[-0.8327657580375671, -0.5535854697227478, -0.006654227152466774, 0.721923828125], [0.002834731014445424, 0.007755502127110958, -0.9999659061431885, 1.5046820640563965], [0.5536181926727295, -0.8327562808990479, -0.0048892502672970295, -1.03851318359375], [0.0, 0.0, 0.0, 1.0]], [[0.947692334651947, 0.31916600465774536, 0.0034883059561252594, -1.1119384765625], [0.011155465617775917, -0.022197596728801727, -0.999691367149353, 1.5889153480529785], [-0.31899014115333557, 0.9474387764930725, -0.024596940726041794, -0.114013671875], [0.0, 0.0, 0.0, 1.0]], [[0.002282601548358798, 0.9999193549156189, -0.012488867156207561, 0.001922607421875], [-0.01415291428565979, -0.012455344200134277, -0.9998222589492798, 1.577138900756836], [-0.9998971819877625, 0.0024590622633695602, 0.0141233429312706, -0.1561279296875], [0.0, 0.0, 0.0, 1.0]], [[-0.9348075985908508, 0.35477498173713684, -0.01641218550503254, 0.8736572265625], [0.01859506033360958, 0.002744041383266449, -0.9998233318328857, 1.5566482543945312], [-0.3546673655509949, -0.934947669506073, -0.009162213653326035, -0.16070556640625], [0.0, 0.0, 0.0, 1.0]]], "view": [[0.0, -2.0, 100.0], [-2.0, 0.0, 100.0], [0.0, 0.0, 1.0]], "bev": "bev_afca3e2f248341a194a4f40caf3dfb0b.png", "aux": "aux_afca3e2f248341a194a4f40caf3dfb0b.npz", "visibility": "visibility_afca3e2f248341a194a4f40caf3dfb0b.png", "pose": [[0.7517732381820679, -0.6594216823577881, 0.0, 855.0032348632812], [0.6594216823577881, 0.7517732381820679, 0.0, 1328.2314453125], [0.0, 0.0, 1.0, 0.0], [0.0, 0.0, 0.0, 1.0]], "pose_inverse": [[0.7517732381820679, 0.6594216823577881, 0.0, -1518.6331787109375], [-0.6594216823577881, 0.7517732381820679, 0.0, -434.72119140625], [0.0, 0.0, 1.0, 0.0], [0.0, 0.0, 0.0, 1.0]], "cam_ids": [0, 1, 2, 3, 4, 5], "cam_channels": ["CAM_FRONT_LEFT", "CAM_FRONT", "CAM_FRONT_RIGHT", "CAM_BACK_LEFT", "CAM_BACK", "CAM_BACK_RIGHT"], "token": "afca3e2f248341a194a4f40caf3dfb0b", "scene": "scene-0056"}, {"images": ["samples/CAM_FRONT_LEFT/n015-2018-07-24-11-22-45+0800__CAM_FRONT_LEFT__1532402725004844.jpg", "samples/CAM_FRONT/n015-2018-07-24-11-22-45+0800__CAM_FRONT__1532402725012460.jpg", "samples/CAM_FRONT_RIGHT/n015-2018-07-24-11-22-45+0800__CAM_FRONT_RIGHT__1532402725020339.jpg", "samples/CAM_BACK_LEFT/n015-2018-07-24-11-22-45+0800__CAM_BACK_LEFT__1532402725047423.jpg", "samples/CAM_BACK/n015-2018-07-24-11-22-45+0800__CAM_BACK__1532402725037525.jpg", "samples/CAM_BACK_RIGHT/n015-2018-07-24-11-22-45+0800__CAM_BACK_RIGHT__1532402725027893.jpg"], "intrinsics": [[[1272.5979470598488, 0.0, 826.6154927353808], [0.0, 1272.5979470598488, 479.75165386361925], [0.0, 0.0, 1.0]], [[1266.417203046554, 0.0, 816.2670197447984], [0.0, 1266.417203046554, 491.50706579294757], [0.0, 0.0, 1.0]], [[1260.8474446004698, 0.0, 807.968244525554], [0.0, 1260.8474446004698, 495.3344268742088], [0.0, 0.0, 1.0]], [[1256.7414812095406, 0.0, 792.1125740759628], [0.0, 1256.7414812095406, 492.7757465151356], [0.0, 0.0, 1.0]], [[809.2209905677063, 0.0, 829.2196003259838], [0.0, 809.2209905677063, 481.77842384512485], [0.0, 0.0, 1.0]], [[1259.5137405846733, 0.0, 807.2529053838625], [0.0, 1259.5137405846733, 501.19579884916527], [0.0, 0.0, 1.0]]], "extrinsics": [[[0.8207411170005798, -0.5712978839874268, 0.001616304973140359, -0.50189208984375], [-0.00018151284893974662, -0.0030899334233254194, -0.999995231628418, 1.5081672668457031], [0.5713001489639282, 0.8207369446754456, -0.002639732789248228, -0.96630859375], [0.0, 0.0, 0.0, 1.0]], [[0.0056718941777944565, -0.9999598860740662, 0.006927306763827801, 0.01336669921875], [-0.005259780678898096, -0.0069571551866829395, -0.9999620318412781, 1.5181283950805664], [0.9999700784683228, 0.005635188426822424, -0.005299030803143978, -1.2275390625], [0.0, 0.0, 0.0, 1.0]], [[-0.8329275846481323, -0.5533463358879089, -0.006278150249272585, 0.7291259765625], [0.0005914735957048833, 0.010454846546053886, -0.9999451637268066, 1.5038139820098877], [0.5533817410469055, -0.8328856825828552, -0.008380839601159096, -1.04180908203125], [0.0, 0.0, 0.0, 1.0]], [[0.9477261304855347, 0.31906822323799133, 0.0032512452453374863, -1.113037109375], [0.01000392995774746, -0.019527241587638855, -0.9997592568397522, 1.5888948440551758], [-0.3189280331134796, 0.9475305676460266, -0.021698415279388428, -0.11499786376953125], [0.0, 0.0, 0.0, 1.0]], [[0.0024033209774643183, 0.9999508261680603, -0.00962124578654766, 0.001007080078125], [-0.015672169625759125, -0.009582426398992538, -0.9998312592506409, 1.57696533203125], [-0.9998742938041687, 0.0025537749752402306, 0.01564836874604225, -0.1519775390625], [0.0, 0.0, 0.0, 1.0]], [[-0.9347654581069946, 0.3550063967704773, -0.013566024601459503, 0.8795166015625], [0.016656994819641113, 0.005651887971907854, -0.9998452663421631, 1.5559864044189453], [-0.35487475991249084, -0.9348468780517578, -0.011196528561413288, -0.15765380859375], [0.0, 0.0, 0.0, 1.0]]], "view": [[0.0, -2.0, 100.0], [-2.0, 0.0, 100.0], [0.0, 0.0, 1.0]], "bev": "bev_65296506768e4dd8927545af4e9cbb6e.png", "aux": "aux_65296506768e4dd8927545af4e9cbb6e.npz", "visibility": "visibility_65296506768e4dd8927545af4e9cbb6e.png", "pose": [[0.7513353824615479, -0.6599205732345581, 0.0, 859.7181396484375], [0.6599205732345581, 0.7513353824615479, 0.0, 1332.2952880859375], [0.0, 0.0, 1.0, 0.0], [0.0, 0.0, 0.0, 1.0]], "pose_inverse": [[0.7513353824615479, 0.6599205732345581, 0.0, -1525.145751953125], [-0.6599205732345581, 0.7513353824615479, 0.0, -433.6548767089844], [0.0, 0.0, 1.0, 0.0], [0.0, 0.0, 0.0, 1.0]], "cam_ids": [0, 1, 2, 3, 4, 5], "cam_channels": ["CAM_FRONT_LEFT", "CAM_FRONT", "CAM_FRONT_RIGHT", "CAM_BACK_LEFT", "CAM_BACK", "CAM_BACK_RIGHT"], "token": "65296506768e4dd8927545af4e9cbb6e", "scene": "scene-0056"}, {"images": ["samples/CAM_FRONT_LEFT/n015-2018-07-24-11-22-45+0800__CAM_FRONT_LEFT__1532402725404844.jpg", "samples/CAM_FRONT/n015-2018-07-24-11-22-45+0800__CAM_FRONT__1532402725412460.jpg", "samples/CAM_FRONT_RIGHT/n015-2018-07-24-11-22-45+0800__CAM_FRONT_RIGHT__1532402725420339.jpg", "samples/CAM_BACK_LEFT/n015-2018-07-24-11-22-45+0800__CAM_BACK_LEFT__1532402725447423.jpg", "samples/CAM_BACK/n015-2018-07-24-11-22-45+0800__CAM_BACK__1532402725437525.jpg", "samples/CAM_BACK_RIGHT/n015-2018-07-24-11-22-45+0800__CAM_BACK_RIGHT__1532402725427893.jpg"], "intrinsics": [[[1272.5979470598488, 0.0, 826.6154927353808], [0.0, 1272.5979470598488, 479.75165386361925], [0.0, 0.0, 1.0]], [[1266.417203046554, 0.0, 816.2670197447984], [0.0, 1266.417203046554, 491.50706579294757], [0.0, 0.0, 1.0]], [[1260.8474446004698, 0.0, 807.968244525554], [0.0, 1260.8474446004698, 495.3344268742088], [0.0, 0.0, 1.0]], [[1256.7414812095406, 0.0, 792.1125740759628], [0.0, 1256.7414812095406, 492.7757465151356], [0.0, 0.0, 1.0]], [[809.2209905677063, 0.0, 829.2196003259838], [0.0, 809.2209905677063, 481.77842384512485], [0.0, 0.0, 1.0]], [[1259.5137405846733, 0.0, 807.2529053838625], [0.0, 1259.5137405846733, 501.19579884916527], [0.0, 0.0, 1.0]]], "extrinsics": [[[0.8208664655685425, -0.5710998177528381, 0.0048507689498364925, -0.52294921875], [0.005874926690012217, -4.9301575927529484e-05, -0.9999827146530151, 1.5114097595214844], [0.5710901618003845, 0.8208807110786438, 0.0033146992791444063, -0.9736328125], [0.0, 0.0, 0.0, 1.0]], [[0.005821583326905966, -0.999974250793457, 0.0041924514807760715, 0.008209228515625], [0.00040240789530798793, -0.004190179985016584, -0.9999911785125732, 1.5207144021987915], [0.999983012676239, 0.005823163315653801, 0.0003780037222895771, -1.2469482421875], [0.0, 0.0, 0.0, 1.0]], [[-0.8328036665916443, -0.5534378290176392, -0.012028614059090614, 0.741455078125], [0.005842328071594238, 0.012940730899572372, -0.99989914894104, 1.5056772232055664], [0.5535376071929932, -0.8327900171279907, -0.00754372077062726, -1.054779052734375], [0.0, 0.0, 0.0, 1.0]], [[0.9474631547927856, 0.31977975368499756, 0.007390582002699375, -1.1243896484375], [0.013767622411251068, -0.01768588460981846, -0.9997488260269165, 1.5888395309448242], [-0.3195686936378479, 0.9473268985748291, -0.021159328520298004, -0.1109466552734375], [0.0, 0.0, 0.0, 1.0]], [[0.00219004531390965, 0.9999686479568481, -0.007615488488227129, 0.002593994140625], [-0.011347413994371891, -0.007590165827423334, -0.9999068379402161, 1.5777606964111328], [-0.9999333024024963, 0.0022762534208595753, 0.011330434121191502, -0.1390380859375], [0.0, 0.0, 0.0, 1.0]], [[-0.9347259998321533, 0.3549453914165497, -0.01735362596809864, 0.894775390625], [0.02154030092060566, 0.00784687977284193, -0.9997372031211853, 1.5570030212402344], [-0.35471588373184204, -0.9348541498184204, -0.014980312436819077, -0.15478515625], [0.0, 0.0, 0.0, 1.0]]], "view": [[0.0, -2.0, 100.0], [-2.0, 0.0, 100.0], [0.0, 0.0, 1.0]], "bev": "bev_7693132e62914aaaaecc194d605573f7.png", "aux": "aux_7693132e62914aaaaecc194d605573f7.npz", "visibility": "visibility_7693132e62914aaaaecc194d605573f7.png", "pose": [[0.7500601410865784, -0.6613696813583374, 0.0, 863.4308471679688], [0.6613696813583374, 0.7500601410865784, 0.0, 1335.5511474609375], [0.0, 0.0, 1.0, 0.0], [0.0, 0.0, 0.0, 1.0]], "pose_inverse": [[0.7500601410865784, 0.6613696813583374, 0.0, -1530.9180908203125], [-0.6613696813583374, 0.7500601410865784, 0.0, -430.6966857910156], [0.0, 0.0, 1.0, 0.0], [0.0, 0.0, 0.0, 1.0]], "cam_ids": [0, 1, 2, 3, 4, 5], "cam_channels": ["CAM_FRONT_LEFT", "CAM_FRONT", "CAM_FRONT_RIGHT", "CAM_BACK_LEFT", "CAM_BACK", "CAM_BACK_RIGHT"], "token": "7693132e62914aaaaecc194d605573f7", "scene": "scene-0056"}, {"images": ["samples/CAM_FRONT_LEFT/n015-2018-07-24-11-22-45+0800__CAM_FRONT_LEFT__1532402725904844.jpg", "samples/CAM_FRONT/n015-2018-07-24-11-22-45+0800__CAM_FRONT__1532402725912460.jpg", "samples/CAM_FRONT_RIGHT/n015-2018-07-24-11-22-45+0800__CAM_FRONT_RIGHT__1532402725920339.jpg", "samples/CAM_BACK_LEFT/n015-2018-07-24-11-22-45+0800__CAM_BACK_LEFT__1532402725947423.jpg", "samples/CAM_BACK/n015-2018-07-24-11-22-45+0800__CAM_BACK__1532402725937525.jpg", "samples/CAM_BACK_RIGHT/n015-2018-07-24-11-22-45+0800__CAM_BACK_RIGHT__1532402725927893.jpg"], "intrinsics": [[[1272.5979470598488, 0.0, 826.6154927353808], [0.0, 1272.5979470598488, 479.75165386361925], [0.0, 0.0, 1.0]], [[1266.417203046554, 0.0, 816.2670197447984], [0.0, 1266.417203046554, 491.50706579294757], [0.0, 0.0, 1.0]], [[1260.8474446004698, 0.0, 807.968244525554], [0.0, 1260.8474446004698, 495.3344268742088], [0.0, 0.0, 1.0]], [[1256.7414812095406, 0.0, 792.1125740759628], [0.0, 1256.7414812095406, 492.7757465151356], [0.0, 0.0, 1.0]], [[809.2209905677063, 0.0, 829.2196003259838], [0.0, 809.2209905677063, 481.77842384512485], [0.0, 0.0, 1.0]], [[1259.5137405846733, 0.0, 807.2529053838625], [0.0, 1259.5137405846733, 501.19579884916527], [0.0, 0.0, 1.0]]], "extrinsics": [[[0.8197715878486633, -0.5726470947265625, 0.007051913999021053, -0.548583984375], [0.002082702936604619, -0.009332539513707161, -0.9999542832374573, 1.509311318397522], [0.5726866722106934, 0.8197488784790039, -0.0064578973688185215, -0.989990234375], [0.0, 0.0, 0.0, 1.0]], [[0.004312084522098303, -0.9998965263366699, 0.013715921901166439, 0.007354736328125], [-0.0034383272286504507, -0.013730793260037899, -0.9998998641967773, 1.5191001892089844], [0.9999847412109375, 0.0042644888162612915, -0.0034971802961081266, -1.2735595703125], [0.0, 0.0, 0.0, 1.0]], [[-0.8334929943084717, -0.5525196194648743, -0.003371653612703085, 0.7598876953125], [0.0019794588442891836, 0.003116207430139184, -0.9999932050704956, 1.504291296005249], [0.5525263547897339, -0.8334940075874329, -0.001503647188656032, -1.067626953125], [0.0, 0.0, 0.0, 1.0]], [[0.9478784799575806, 0.31863194704055786, 0.0002888294402509928, -1.1298828125], [0.009753435850143433, -0.028108825907111168, -0.9995572566986084, 1.5886770486831665], [-0.31848275661468506, 0.9474616646766663, -0.029751509428024292, -0.10765838623046875], [0.0, 0.0, 0.0, 1.0]], [[0.002922049956396222, 0.9998337626457214, -0.01799643784761429, 0.0030517578125], [-0.015365330502390862, -0.01794949732720852, -0.9997208118438721, 1.5774002075195312], [-0.9998776912689209, 0.003197774989530444, 0.015310325659811497, -0.1258544921875], [0.0, 0.0, 0.0, 1.0]], [[-0.9344847798347473, 0.3555827736854553, -0.01729702204465866, 0.9122314453125], [0.01763555034995079, -0.0022895829752087593, -0.9998418688774109, 1.5556716918945312], [-0.355566143989563, -0.93464195728302, -0.004131319001317024, -0.14862060546875], [0.0, 0.0, 0.0, 1.0]]], "view": [[0.0, -2.0, 100.0], [-2.0, 0.0, 100.0], [0.0, 0.0, 1.0]], "bev": "bev_ceed7d69f5f949f28cd6761b6897861a.png", "aux": "aux_ceed7d69f5f949f28cd6761b6897861a.npz", "visibility": "visibility_ceed7d69f5f949f28cd6761b6897861a.png", "pose": [[0.7411754727363586, -0.6713113188743591, 0.0, 867.8405151367188], [0.6713113188743591, 0.7411754727363586, 0.0, 1339.4857177734375], [0.0, 0.0, 1.0, 0.0], [0.0, 0.0, 0.0, 1.0]], "pose_inverse": [[0.7411754727363586, 0.6713113188743591, 0.0, -1542.43408203125], [-0.6713113188743591, 0.7411754727363586, 0.0, -410.20281982421875], [0.0, 0.0, 1.0, 0.0], [0.0, 0.0, 0.0, 1.0]], "cam_ids": [0, 1, 2, 3, 4, 5], "cam_channels": ["CAM_FRONT_LEFT", "CAM_FRONT", "CAM_FRONT_RIGHT", "CAM_BACK_LEFT", "CAM_BACK", "CAM_BACK_RIGHT"], "token": "ceed7d69f5f949f28cd6761b6897861a", "scene": "scene-0056"}, {"images": ["samples/CAM_FRONT_LEFT/n015-2018-07-24-11-22-45+0800__CAM_FRONT_LEFT__1532402726404844.jpg", "samples/CAM_FRONT/n015-2018-07-24-11-22-45+0800__CAM_FRONT__1532402726412460.jpg", "samples/CAM_FRONT_RIGHT/n015-2018-07-24-11-22-45+0800__CAM_FRONT_RIGHT__1532402726420339.jpg", "samples/CAM_BACK_LEFT/n015-2018-07-24-11-22-45+0800__CAM_BACK_LEFT__1532402726447423.jpg", "samples/CAM_BACK/n015-2018-07-24-11-22-45+0800__CAM_BACK__1532402726437525.jpg", "samples/CAM_BACK_RIGHT/n015-2018-07-24-11-22-45+0800__CAM_BACK_RIGHT__1532402726427893.jpg"], "intrinsics": [[[1272.5979470598488, 0.0, 826.6154927353808], [0.0, 1272.5979470598488, 479.75165386361925], [0.0, 0.0, 1.0]], [[1266.417203046554, 0.0, 816.2670197447984], [0.0, 1266.417203046554, 491.50706579294757], [0.0, 0.0, 1.0]], [[1260.8474446004698, 0.0, 807.968244525554], [0.0, 1260.8474446004698, 495.3344268742088], [0.0, 0.0, 1.0]], [[1256.7414812095406, 0.0, 792.1125740759628], [0.0, 1256.7414812095406, 492.7757465151356], [0.0, 0.0, 1.0]], [[809.2209905677063, 0.0, 829.2196003259838], [0.0, 809.2209905677063, 481.77842384512485], [0.0, 0.0, 1.0]], [[1259.5137405846733, 0.0, 807.2529053838625], [0.0, 1259.5137405846733, 501.19579884916527], [0.0, 0.0, 1.0]]], "extrinsics": [[[0.8197507858276367, -0.5726891756057739, 0.005977822467684746, -0.564208984375], [-0.00036611975519917905, -0.010961601510643959, -0.9999398589134216, 1.508096694946289], [0.5727202296257019, 0.8196993470191956, -0.00919545441865921, -1.0032958984375], [0.0, 0.0, 0.0, 1.0]], [[0.004270066972821951, -0.9998819231987, 0.014762998558580875, 0.008697509765625], [-0.005825725384056568, -0.014787756837904453, -0.999873697757721, 1.5182313919067383], [0.9999738931655884, 0.004183506593108177, -0.005888182204216719, -1.2918701171875], [0.0, 0.0, 0.0, 1.0]], [[-0.8335309624671936, -0.552471399307251, -0.0011778493644669652, 0.77392578125], [-0.0003435378603171557, 0.002650264650583267, -0.9999964237213135, 1.5035336017608643], [0.5524725317955017, -0.8335276246070862, -0.0023988711182028055, -1.07568359375], [0.0, 0.0, 0.0, 1.0]], [[0.9476376175880432, 0.31934380531311035, -0.0015691880835220218, -1.13818359375], [0.007603273261338472, -0.027474146336317062, -0.9995936155319214, 1.5885957479476929], [-0.3192571699619293, 0.9472405314445496, -0.02846359647810459, -0.1054229736328125],