[{"images": ["samples/CAM_FRONT_LEFT/n015-2018-08-03-15-00-36+0800__CAM_FRONT_LEFT__1533279788604844.jpg", "samples/CAM_FRONT/n015-2018-08-03-15-00-36+0800__CAM_FRONT__1533279788612460.jpg", "samples/CAM_FRONT_RIGHT/n015-2018-08-03-15-00-36+0800__CAM_FRONT_RIGHT__1533279788620339.jpg", "samples/CAM_BACK_LEFT/n015-2018-08-03-15-00-36+0800__CAM_BACK_LEFT__1533279788647423.jpg", "samples/CAM_BACK/n015-2018-08-03-15-00-36+0800__CAM_BACK__1533279788637525.jpg", "samples/CAM_BACK_RIGHT/n015-2018-08-03-15-00-36+0800__CAM_BACK_RIGHT__1533279788627893.jpg"], "intrinsics": [[[1272.5979470598488, 0.0, 826.6154927353808], [0.0, 1272.5979470598488, 479.75165386361925], [0.0, 0.0, 1.0]], [[1266.417203046554, 0.0, 816.2670197447984], [0.0, 1266.417203046554, 491.50706579294757], [0.0, 0.0, 1.0]], [[1260.8474446004698, 0.0, 807.968244525554], [0.0, 1260.8474446004698, 495.3344268742088], [0.0, 0.0, 1.0]], [[1256.7414812095406, 0.0, 792.1125740759628], [0.0, 1256.7414812095406, 492.7757465151356], [0.0, 0.0, 1.0]], [[809.2209905677063, 0.0, 829.2196003259838], [0.0, 809.2209905677063, 481.77842384512485], [0.0, 0.0, 1.0]], [[1259.5137405846733, 0.0, 807.2529053838625], [0.0, 1259.5137405846733, 501.19579884916527], [0.0, 0.0, 1.0]]], "extrinsics": [[[0.8205088973045349, -0.571613073348999, 0.004856680054217577, -0.63140869140625], [-0.005597881972789764, -0.01653050258755684, -0.9998477101325989, 1.5059967041015625], [0.5716063380241394, 0.8203567862510681, -0.016763247549533844, -1.04925537109375], [0.0, 0.0, 0.0, 1.0]], [[0.005356017034500837, -0.9997726678848267, 0.020634379237890244, 0.0078125], [-0.010734785348176956, -0.02069097012281418, -0.9997283220291138, 1.5169410705566406], [0.9999279975891113, 0.005133055616170168, -0.010843167081475258, -1.355771541595459], [0.0, 0.0, 0.0, 1.0]], [[-0.8331136107444763, -0.5530679821968079, 0.0060988860204815865, 0.81201171875], [-0.004937642253935337, -0.0035893500316888094, -0.9999813437461853, 1.5023372173309326], [0.5530796647071838, -0.8331282734870911, 0.0002594850375317037, -1.10150146484375], [0.0, 0.0, 0.0, 1.0]], [[0.9477716684341431, 0.31887614727020264, -0.006839575245976448, -1.125457763671875], [0.004403427708894014, -0.034523990005254745, -0.9993941783905029, 1.5886497497558594], [-0.3189190626144409, 0.9471673965454102, -0.034125007688999176, -0.10992431640625], [0.0, 0.0, 0.0, 1.0]], [[0.002550213597714901, 0.9997019171714783, -0.024281900376081467, 0.00274658203125], [-0.021267402917146683, -0.02422226406633854, -0.9994803667068481, 1.577047348022461], [-0.99977046251297, 0.0030653413850814104, 0.021199289709329605, -0.10709190368652344], [0.0, 0.0, 0.0, 1.0]], [[-0.9347389340400696, 0.355078786611557, -0.013496382161974907, 0.952362060546875], [0.011126176454126835, -0.008716274052858353, -0.9999001622200012, 1.5536422729492188], [-0.3551609516143799, -0.9347957372665405, 0.004196771886199713, -0.1329345703125], [0.0, 0.0, 0.0, 1.0]]], "view": [[0.0, -2.0, 100.0], [-2.0, 0.0, 100.0], [0.0, 0.0, 1.0]], "bev": "bev_904f1cea0ffc43c08600f6e8e63127e5.png", "aux": "aux_904f1cea0ffc43c08600f6e8e63127e5.npz", "visibility": "visibility_904f1cea0ffc43c08600f6e8e63127e5.png", "pose": [[0.8460257649421692, 0.5331419706344604, 0.0, 531.3309326171875], [-0.5331419706344604, 0.8460257649421692, 0.0, 867.5159301757812], [0.0, 0.0, 1.0, 0.0], [0.0, 0.0, 0.0, 1.0]], "pose_inverse": [[0.8460257649421692, -0.5331419706344604, 0.0, 12.989479064941406], [0.5331419706344604, 0.8460257649421692, 0.0, -1017.2156982421875], [0.0, 0.0, 1.0, 0.0], [0.0, 0.0, 0.0, 1.0]], "cam_ids": [0, 1, 2, 3, 4, 5], "cam_channels": ["CAM_FRONT_LEFT", "CAM_FRONT", "CAM_FRONT_RIGHT", "CAM_BACK_LEFT", "CAM_BACK", "CAM_BACK_RIGHT"], "token": "904f1cea0ffc43c08600f6e8e63127e5", "scene": "scene-0365"}, {"images": ["samples/CAM_FRONT_LEFT/n015-2018-08-03-15-00-36+0800__CAM_FRONT_LEFT__1533279789104844.jpg", "samples/CAM_FRONT/n015-2018-08-03-15-00-36+0800__CAM_FRONT__1533279789112460.jpg", "samples/CAM_FRONT_RIGHT/n015-2018-08-03-15-00-36+0800__CAM_FRONT_RIGHT__1533279789120339.jpg", "samples/CAM_BACK_LEFT/n015-2018-08-03-15-00-36+0800__CAM_BACK_LEFT__1533279789147423.jpg", "samples/CAM_BACK/n015-2018-08-03-15-00-36+0800__CAM_BACK__1533279789137525.jpg", "samples/CAM_BACK_RIGHT/n015-2018-08-03-15-00-36+0800__CAM_BACK_RIGHT__1533279789127893.jpg"], "intrinsics": [[[1272.5979470598488, 0.0, 826.6154927353808], [0.0, 1272.5979470598488, 479.75165386361925], [0.0, 0.0, 1.0]], [[1266.417203046554, 0.0, 816.2670197447984], [0.0, 1266.417203046554, 491.50706579294757], [0.0, 0.0, 1.0]], [[1260.8474446004698, 0.0, 807.968244525554], [0.0, 1260.8474446004698, 495.3344268742088], [0.0, 0.0, 1.0]], [[1256.7414812095406, 0.0, 792.1125740759628], [0.0, 1256.7414812095406, 492.7757465151356], [0.0, 0.0, 1.0]], [[809.2209905677063, 0.0, 829.2196003259838], [0.0, 809.2209905677063, 481.77842384512485], [0.0, 0.0, 1.0]], [[1259.5137405846733, 0.0, 807.2529053838625], [0.0, 1259.5137405846733, 501.19579884916527], [0.0, 0.0, 1.0]]], "extrinsics": [[[0.8204271197319031, -0.5717061161994934, 0.0071729389019310474, -0.627685546875], [-0.0026839785277843475, -0.01639646105468273, -0.9998619556427002, 1.5071029663085938], [0.5717448592185974, 0.8202945590019226, -0.014986547641456127, -1.04248046875], [0.0, 0.0, 0.0, 1.0]], [[0.0052218507044017315, -0.9997805953025818, 0.02028348296880722, 0.0050048828125], [-0.008059918880462646, -0.020325180143117905, -0.9997609257698059, 1.5177383422851562], [0.9999538064002991, 0.005057165399193764, -0.008164286613464355, -1.3501801490783691], [0.0, 0.0, 0.0, 1.0]], [[-0.8331537246704102, -0.5530287623405457, 0.003740082960575819, 0.80712890625], [-0.002507951809093356, -0.0029845554381608963, -0.9999923706054688, 1.5029640197753906], [0.5530357360839844, -0.8331567645072937, 0.0010996240889653563, -1.10107421875], [0.0, 0.0, 0.0, 1.0]], [[0.9478098750114441, 0.3187977373600006, -0.0049396902322769165, -1.12432861328125], [0.005885573569685221, -0.032984305173158646, -0.9994385242462158, 1.5886383056640625], [-0.31878164410591125, 0.9472486972808838, -0.03313916176557541, -0.10882568359375], [0.0, 0.0, 0.0, 1.0]], [[0.002601585118100047, 0.9997283220291138, -0.02316327393054962, 0.00372314453125], [-0.019389569759368896, -0.02310856617987156, -0.9995449185371399, 1.5772075653076172], [-0.9998086094856262, 0.0030495324172079563, 0.019324181601405144, -0.10832500457763672], [0.0, 0.0, 0.0, 1.0]], [[-0.9346969723701477, 0.3551180362701416, -0.01525577250868082, 0.950286865234375], [0.013322006911039352, -0.007890071719884872, -0.9998801350593567, 1.5540952682495117], [-0.35519587993621826, -0.934788167476654, 0.002643939107656479, -0.13543701171875], [0.0, 0.0, 0.0, 1.0]]], "view": [[0.0, -2.0, 100.0], [-2.0, 0.0, 100.0], [0.0, 0.0, 1.0]], "bev": "bev_dda07c6b8df24f83a5f6672b135819c4.png", "aux": "aux_dda07c6b8df24f83a5f6672b135819c4.npz", "visibility": "visibility_dda07c6b8df24f83a5f6672b135819c4.png", "pose": [[0.8476971387863159, 0.5304805040359497, 0.0, 535.276123046875], [-0.5304805040359497, 0.8476971387863159, 0.0, 865.0479736328125], [0.0, 0.0, 1.0, 0.0], [0.0, 0.0, 0.0, 1.0]], "pose_inverse": [[0.8476971387863159, -0.5304805040359497, 0.0, 5.13904333114624], [0.5304805040359497, 0.8476971387863159, 0.0, -1017.2522583007812], [0.0, 0.0, 1.0, 0.0], [0.0, 0.0, 0.0, 1.0]], "cam_ids": [0, 1, 2, 3, 4, 5], "cam_channels": ["CAM_FRONT_LEFT", "CAM_FRONT", "CAM_FRONT_RIGHT", "CAM_BACK_LEFT", "CAM_BACK", "CAM_BACK_RIGHT"], "token": "dda07c6b8df24f83a5f6672b135819c4", "scene": "scene-0365"}, {"images": ["samples/CAM_FRONT_LEFT/n015-2018-08-03-15-00-36+0800__CAM_FRONT_LEFT__1533279789604844.jpg", "samples/CAM_FRONT/n015-2018-08-03-15-00-36+0800__CAM_FRONT__1533279789612460.jpg", "samples/CAM_FRONT_RIGHT/n015-2018-08-03-15-00-36+0800__CAM_FRONT_RIGHT__1533279789620339.jpg", "samples/CAM_BACK_LEFT/n015-2018-08-03-15-00-36+0800__CAM_BACK_LEFT__1533279789647423.jpg", "samples/CAM_BACK/n015-2018-08-03-15-00-36+0800__CAM_BACK__1533279789637525.jpg", "samples/CAM_BACK_RIGHT/n015-2018-08-03-15-00-36+0800__CAM_BACK_RIGHT__1533279789627893.jpg"], "intrinsics": [[[1272.5979470598488, 0.0, 826.6154927353808], [0.0, 1272.5979470598488, 479.75165386361925], [0.0, 0.0, 1.0]], [[1266.417203046554, 0.0, 816.2670197447984], [0.0, 1266.417203046554, 491.50706579294757], [0.0, 0.0, 1.0]], [[1260.8474446004698, 0.0, 807.968244525554], [0.0, 1260.8474446004698, 495.3344268742088], [0.0, 0.0, 1.0]], [[1256.7414812095406, 0.0, 792.1125740759628], [0.0, 1256.7414812095406, 492.7757465151356], [0.0, 0.0, 1.0]], [[809.2209905677063, 0.0, 829.2196003259838], [0.0, 809.2209905677063, 481.77842384512485], [0.0, 0.0, 1.0]], [[1259.5137405846733, 0.0, 807.2529053838625], [0.0, 1259.5137405846733, 501.19579884916527], [0.0, 0.0, 1.0]]], "extrinsics": [[[0.8210787177085876, -0.5708022117614746, -0.0038295972626656294, -0.61480712890625], [-0.004925269167870283, -0.00037575652822852135, -0.999987781047821, 1.5061613321304321], [0.5707938075065613, 0.8210875391960144, -0.0031198798678815365, -1.041015625], [0.0, 0.0, 0.0, 1.0]], [[0.006165479309856892, -0.9999728798866272, 0.004029711242765188, 0.01007080078125], [-0.010583454743027687, -0.004094815347343683, -0.9999356269836426, 1.516829013824463], [0.9999250173568726, 0.006122438702732325, -0.010608414188027382, -1.341261386871338], [0.0, 0.0, 0.0, 1.0]], [[-0.8327634930610657, -0.5536207556724548, -0.0030133789405226707, 0.8038330078125], [-0.005340453702956438, 0.013475646264851093, -0.9998948574066162, 1.5021419525146484], [0.5536031723022461, -0.832659900188446, -0.014178610406816006, -1.09417724609375], [0.0, 0.0, 0.0, 1.0]], [[0.9478105306625366, 0.3188205361366272, -0.002968895947560668, -1.12628173828125], [0.002174320863559842, -0.01577490195631981, -0.9998732209205627, 1.5885868072509766], [-0.31882697343826294, 0.9476838707923889, -0.01564483530819416, -0.1085205078125], [0.0, 0.0, 0.0, 1.0]], [[0.00224179751239717, 0.9999792575836182, -0.006049935705959797, 0.002197265625], [-0.022848617285490036, -0.005997150670737028, -0.9997209310531616, 1.576798915863037], [-0.9997364282608032, 0.0023793892469257116, 0.022834695875644684, -0.11037683486938477], [0.0, 0.0, 0.0, 1.0]], [[-0.9349189400672913, 0.3548036813735962, -0.006404438987374306, 0.9449462890625], [0.010206453502178192, 0.008845311589539051, -0.9999088048934937, 1.5535163879394531], [-0.35471466183662415, -0.934899091720581, -0.011890936642885208, -0.13446044921875], [0.0, 0.0, 0.0, 1.0]]], "view": [[0.0, -2.0, 100.0], [-2.0, 0.0, 100.0], [0.0, 0.0, 1.0]], "bev": "bev_4c2350a77d27449093aea1a398f0274d.png", "aux": "aux_4c2350a77d27449093aea1a398f0274d.npz", "visibility": "visibility_4c2350a77d27449093aea1a398f0274d.png", "pose": [[0.846990704536438, 0.5316077470779419, 0.0, 539.258056640625], [-0.5316077470779419, 0.846990704536438, 0.0, 862.5256958007812], [0.0, 0.0, 1.0, 0.0], [0.0, 0.0, 0.0, 1.0]], "pose_inverse": [[0.846990704536438, -0.5316077470779419, 0.0, 1.7787666320800781], [0.5316077470779419, 0.846990704536438, 0.0, -1017.2249755859375], [0.0, 0.0, 1.0, 0.0], [0.0, 0.0, 0.0, 1.0]], "cam_ids": [0, 1, 2, 3, 4, 5], "cam_channels": ["CAM_FRONT_LEFT", "CAM_FRONT", "CAM_FRONT_RIGHT", "CAM_BACK_LEFT", "CAM_BACK", "CAM_BACK_RIGHT"], "token": "4c2350a77d27449093aea1a398f0274d", "scene": "scene-0365"}, {"images": ["samples/CAM_FRONT_LEFT/n015-2018-08-03-15-00-36+0800__CAM_FRONT_LEFT__1533279790004844.jpg", "samples/CAM_FRONT/n015-2018-08-03-15-00-36+0800__CAM_FRONT__1533279790012460.jpg", "samples/CAM_FRONT_RIGHT/n015-2018-08-03-15-00-36+0800__CAM_FRONT_RIGHT__1533279790020339.jpg", "samples/CAM_BACK_LEFT/n015-2018-08-03-15-00-36+0800__CAM_BACK_LEFT__1533279790047423.jpg", "samples/CAM_BACK/n015-2018-08-03-15-00-36+0800__CAM_BACK__1533279790037525.jpg", "samples/CAM_BACK_RIGHT/n015-2018-08-03-15-00-36+0800__CAM_BACK_RIGHT__1533279790027893.jpg"], "intrinsics": [[[1272.5979470598488, 0.0, 826.6154927353808], [0.0, 1272.5979470598488, 479.75165386361925], [0.0, 0.0, 1.0]], [[1266.417203046554, 0.0, 816.2670197447984], [0.0, 1266.417203046554, 491.50706579294757], [0.0, 0.0, 1.0]], [[1260.8474446004698, 0.0, 807.968244525554], [0.0, 1260.8474446004698, 495.3344268742088], [0.0, 0.0, 1.0]], [[1256.7414812095406, 0.0, 792.1125740759628], [0.0, 1256.7414812095406, 492.7757465151356], [0.0, 0.0, 1.0]], [[809.2209905677063, 0.0, 829.2196003259838], [0.0, 809.2209905677063, 481.77842384512485], [0.0, 0.0, 1.0]], [[1259.5137405846733, 0.0, 807.2529053838625], [0.0, 1259.5137405846733, 501.19579884916527], [0.0, 0.0, 1.0]]], "extrinsics": [[[0.8205201625823975, -0.571601927280426, -0.004226415418088436, -0.62481689453125], [-0.0040245442651212215, 0.0016167829744517803, -0.9999906420707703, 1.5065838098526], [0.5716034173965454, 0.8205294609069824, -0.0009738343069329858, -1.04742431640625], [0.0, 0.0, 0.0, 1.0]], [[0.005364377051591873, -0.9999825358390808, 0.0024614077992737293, 0.00982666015625], [-0.009428874589502811, -0.0025119150523096323, -0.9999524354934692, 1.5173137187957764], [0.9999411106109619, 0.005340944044291973, -0.009442185051739216, -1.350182056427002], [0.0, 0.0, 0.0, 1.0]], [[-0.8330981135368347, -0.5531041026115417, -0.004833914805203676, 0.808837890625], [-0.003908679820597172, 0.014625954441726208, -0.9998853206634521, 1.5025577545166016], [0.5531113743782043, -0.8329837322235107, -0.01434676069766283, -1.09771728515625], [0.0, 0.0, 0.0, 1.0]], [[0.9478359222412109, 0.31875595450401306, -0.0012359588872641325, -1.123870849609375], [0.004094037692993879, -0.016050728037953377, -0.999862790107727, 1.5886344909667969], [-0.3187320828437805, 0.9477008581161499, -0.01651845872402191, -0.1097412109375], [0.0, 0.0, 0.0, 1.0]], [[0.002520480193197727, 0.9999791979789734, -0.005942283198237419, 0.00225830078125], [-0.021043865010142326, -0.005887945182621479, -0.9997612237930298, 1.5770173072814941], [-0.9997753500938416, 0.002644901629537344, 0.021028585731983185, -0.10958576202392578], [0.0, 0.0, 0.0, 1.0]], [[-0.9347456693649292, 0.3552347719669342, -0.007671390660107136, 0.94854736328125], [0.011829410679638386, 0.009534499607980251, -0.9998845458030701, 1.5538043975830078], [-0.35512053966522217, -0.9347285628318787, -0.013114551082253456, -0.13330078125], [0.0, 0.0, 0.0, 1.0]]], "view": [[0.0, -2.0, 100.0], [-2.0, 0.0, 100.0], [0.0, 0.0, 1.0]], "bev": "bev_1237dcc5f970483ba9b77c5d52ccb460.png", "aux": "aux_1237dcc5f970483ba9b77c5d52ccb460.npz", "visibility": "visibility_1237dcc5f970483ba9b77c5d52ccb460.png", "pose": [[0.8456225991249084, 0.5337812304496765, 0.0, 542.3916015625], [-0.5337812304496765, 0.8456225991249084, 0.0, 860.5033569335938], [0.0, 0.0, 1.0, 0.0], [0.0, 0.0, 0.0, 1.0]], "pose_inverse": [[0.8456225991249084, -0.5337812304496765, 0.0, 0.6619598865509033], [0.5337812304496765, 0.8456225991249084, 0.0, -1017.1795654296875], [0.0, 0.0, 1.0, 0.0], [0.0, 0.0, 0.0, 1.0]], "cam_ids": [0, 1, 2, 3, 4, 5], "cam_channels": ["CAM_FRONT_LEFT", "CAM_FRONT", "CAM_FRONT_RIGHT", "CAM_BACK_LEFT", "CAM_BACK", "CAM_BACK_RIGHT"], "token": "1237dcc5f970483ba9b77c5d52ccb460", "scene": "scene-0365"}, {"images": ["samples/CAM_FRONT_LEFT/n015-2018-08-03-15-00-36+0800__CAM_FRONT_LEFT__1533279790604844.jpg", "samples/CAM_FRONT/n015-2018-08-03-15-00-36+0800__CAM_FRONT__1533279790612460.jpg", "samples/CAM_FRONT_RIGHT/n015-2018-08-03-15-00-36+0800__CAM_FRONT_RIGHT__1533279790620339.jpg", "samples/CAM_BACK_LEFT/n015-2018-08-03-15-00-36+0800__CAM_BACK_LEFT__1533279790647423.jpg", "samples/CAM_BACK/n015-2018-08-03-15-00-36+0800__CAM_BACK__1533279790637525.jpg", "samples/CAM_BACK_RIGHT/n015-2018-08-03-15-00-36+0800__CAM_BACK_RIGHT__1533279790627893.jpg"], "intrinsics": [[[1272.5979470598488, 0.0, 826.6154927353808], [0.0, 1272.5979470598488, 479.75165386361925], [0.0, 0.0, 1.0]], [[1266.417203046554, 0.0, 816.2670197447984], [0.0, 1266.417203046554, 491.50706579294757], [0.0, 0.0, 1.0]], [[1260.8474446004698, 0.0, 807.968244525554], [0.0, 1260.8474446004698, 495.3344268742088], [0.0, 0.0, 1.0]], [[1256.7414812095406, 0.0, 792.1125740759628], [0.0, 1256.7414812095406, 492.7757465151356], [0.0, 0.0, 1.0]], [[809.2209905677063, 0.0, 829.2196003259838], [0.0, 809.2209905677063, 481.77842384512485], [0.0, 0.0, 1.0]], [[1259.5137405846733, 0.0, 807.2529053838625], [0.0, 1259.5137405846733, 501.19579884916527], [0.0, 0.0, 1.0]]], "extrinsics": [[[0.820839524269104, -0.5711585879325867, 0.0005955714150331914, -0.60882568359375], [-0.0006692127208225429, -0.0020044974517077208, -0.9999977350234985, 1.5079689025878906], [0.5711584687232971, 0.8208373188972473, -0.0020275975111871958, -1.03790283203125], [0.0, 0.0, 0.0, 1.0]], [[0.005766551475971937, -0.9999625086784363, 0.006452787201851606, 0.01092529296875], [-0.005981754511594772, -0.006487273145467043, -0.9999610781669617, 1.5184197425842285], [0.9999654293060303, 0.005727699492126703, -0.0060189394280314445, -1.3351311683654785], [0.0, 0.0, 0.0, 1.0]], [[-0.8329096436500549, -0.5533828139305115, -0.005382396746426821, 0.79949951171875], [-0.0003741116961464286, 0.010288923047482967, -0.9999470114707947, 1.503509521484375], [0.5534088015556335, -0.832863450050354, -0.008776769042015076, -1.090576171875], [0.0, 0.0, 0.0, 1.0]], [[0.9477951526641846, 0.31887590885162354, 0.0016127006383612752, -1.12274169921875], [0.00849378202110529, -0.020189836621284485, -0.999760091304779, 1.5887260437011719], [-0.3187667429447174, 0.94758141040802, -0.02184429205954075, -0.1099853515625], [0.0, 0.0, 0.0, 1.0]], [[0.0024100036825984716, 0.9999397993087769, -0.010706203989684582, 0.001953125], [-0.016960639506578445, -0.010663820430636406, -0.9997992515563965, 1.577402114868164], [-0.999853253364563, 0.002591119846329093, 0.016933919861912727, -0.11419463157653809], [0.0, 0.0, 0.0, 1.0]], [[-0.9347898364067078, 0.3549715578556061, -0.01277048047631979, 0.94036865234375], [0.01550973579287529, 0.004872361663728952, -0.999867856502533, 1.554677963256836], [-0.3548625111579895, -0.9348644614219666, -0.010060150176286697, -0.13592529296875], [0.0, 0.0, 0.0, 1.0]]], "view": [[0.0, -2.0, 100.0], [-2.0, 0.0, 100.0], [0.0, 0.0, 1.0]], "bev": "bev_959f9ef537f44fa9b5fee4f77ad8ae32.png", "aux": "aux_959f9ef537f44fa9b5fee4f77ad8ae32.npz", "visibility": "visibility_959f9ef537f44fa9b5fee4f77ad8ae32.png", "pose": [[0.843281626701355, 0.5374719500541687, 0.0, 547.1787109375], [-0.5374719500541687, 0.843281626701355, 0.0, 857.3923950195312], [0.0, 0.0, 1.0, 0.0], [0.0, 0.0, 0.0, 1.0]], "pose_inverse": [[0.843281626701355, -0.5374719500541687, 0.0, -0.6014084815979004], [0.5374719500541687, 0.843281626701355, 0.0, -1017.116455078125], [0.0, 0.0, 1.0, 0.0], [0.0, 0.0, 0.0, 1.0]], "cam_ids": [0, 1, 2, 3, 4, 5], "cam_channels": ["CAM_FRONT_LEFT", "CAM_FRONT", "CAM_FRONT_RIGHT", "CAM_BACK_LEFT", "CAM_BACK", "CAM_BACK_RIGHT"], "token": "959f9ef537f44fa9b5fee4f77ad8ae32", "scene": "scene-0365"}, {"images": ["samples/CAM_FRONT_LEFT/n015-2018-08-03-15-00-36+0800__CAM_FRONT_LEFT__1533279791104844.jpg", "samples/CAM_FRONT/n015-2018-08-03-15-00-36+0800__CAM_FRONT__1533279791112460.jpg", "samples/CAM_FRONT_RIGHT/n015-2018-08-03-15-00-36+0800__CAM_FRONT_RIGHT__1533279791120343.jpg", "samples/CAM_BACK_LEFT/n015-2018-08-03-15-00-36+0800__CAM_BACK_LEFT__1533279791147423.jpg", "samples/CAM_BACK/n015-2018-08-03-15-00-36+0800__CAM_BACK__1533279791137525.jpg", "samples/CAM_BACK_RIGHT/n015-2018-08-03-15-00-36+0800__CAM_BACK_RIGHT__1533279791127893.jpg"], "intrinsics": [[[1272.5979470598488, 0.0, 826.6154927353808], [0.0, 1272.5979470598488, 479.75165386361925], [0.0, 0.0, 1.0]], [[1266.417203046554, 0.0, 816.2670197447984], [0.0, 1266.417203046554, 491.50706579294757], [0.0, 0.0, 1.0]], [[1260.8474446004698, 0.0, 807.968244525554], [0.0, 1260.8474446004698, 495.3344268742088], [0.0, 0.0, 1.0]], [[1256.7414812095406, 0.0, 792.1125740759628], [0.0, 1256.7414812095406, 492.7757465151356], [0.0, 0.0, 1.0]], [[809.2209905677063, 0.0, 829.2196003259838], [0.0, 809.2209905677063, 481.77842384512485], [0.0, 0.0, 1.0]], [[1259.5137405846733, 0.0, 807.2529053838625], [0.0, 1259.5137405846733, 501.19579884916527], [0.0, 0.0, 1.0]]], "extrinsics": [[[0.8211097717285156, -0.5707306861877441, 0.006714227143675089, -0.59918212890625], [0.0072870380245149136, -0.001280086813494563, -0.9999726414680481, 1.5114786624908447], [0.5707237124443054, 0.8211362957954407, 0.0031078446190804243, -1.03057861328125], [0.0, 0.0, 0.0, 1.0]], [[0.006175633054226637, -0.9999663829803467, 0.005388767924159765, 0.0103759765625], [0.0020046764984726906, -0.005376479588449001, -0.9999836087226868, 1.521287441253662], [0.9999788999557495, 0.006186261773109436, 0.0019714049994945526, -1.3244433403015137], [0.0, 0.0, 0.0, 1.0]], [[-0.8326272964477539, -0.5536835193634033, -0.012893960811197758, 0.7916259765625], [0.007634525187313557, 0.011804526671767235, -0.9999011158943176, 1.505833625793457], [0.5537810325622559, -0.8326435089111328, -0.005601659882813692, -1.08575439453125], [0.0, 0.0, 0.0, 1.0]], [[0.9477149844169617, 0.318975031375885, 0.009547509253025055, -1.11663818359375], [0.01634014956653118, -0.01862599141895771, -0.999692976474762, 1.589010238647461], [-0.31869933009147644, 0.947580099105835, -0.02286422997713089, -0.1129150390625], [0.0, 0.0, 0.0, 1.0]], [[0.0023005495313555002, 0.9999610781669617, -0.008522124961018562, 0.00201416015625], [-0.009028150700032711, -0.008501031436026096, -0.9999231100082397, 1.5782604217529297], [-0.9999566078186035, 0.0023772376589477062, 0.009008240886032581, -0.1207813024520874], [0.0, 0.0, 0.0, 1.0]], [[-0.9347646832466125, 0.3547261953353882, -0.01960558257997036, 0.932952880859375], [0.02354506403207779, 0.006792272906750441, -0.9996997117996216, 1.5565385818481445], [-0.3544865846633911, -0.9349455833435059, -0.014701229520142078, -0.1387939453125], [0.0, 0.0, 0.0, 1.0]]], "view": [[0.0, -2.0, 100.0], [-2.0, 0.0, 100.0], [0.0, 0.0, 1.0]], "bev": "bev_a13f9c31a2c64be18165a977cccff800.png", "aux": "aux_a13f9c31a2c64be18165a977cccff800.npz", "visibility": "visibility_a13f9c31a2c64be18165a977cccff800.png", "pose": [[0.8406470417976379, 0.5415834188461304, 0.0, 551.2213134765625], [-0.5415834188461304, 0.8406470417976379, 0.0, 854.749267578125], [0.0, 0.0, 1.0, 0.0], [0.0, 0.0, 0.0, 1.0]], "pose_inverse": [[0.8406470417976379, -0.5415834188461304, 0.0, -0.46453094482421875], [0.5415834188461304, 0.8406470417976379, 0.0, -1017.0747680664062], [0.0, 0.0, 1.0, 0.0], [0.0, 0.0, 0.0, 1.0]], "cam_ids": [0, 1, 2, 3, 4, 5], "cam_channels": ["CAM_FRONT_LEFT", "CAM_FRONT", "CAM_FRONT_RIGHT", "CAM_BACK_LEFT", "CAM_BACK", "CAM_BACK_RIGHT"], "token": "a13f9c31a2c64be18165a977cccff800", "scene": "scene-0365"}, {"images": ["samples/CAM_FRONT_LEFT/n015-2018-08-03-15-00-36+0800__CAM_FRONT_LEFT__1533279791604844.jpg", "samples/CAM_FRONT/n015-2018-08-03-15-00-36+0800__CAM_FRONT__1533279791612460.jpg", "samples/CAM_FRONT_RIGHT/n015-2018-08-03-15-00-36+0800__CAM_FRONT_RIGHT__1533279791620339.jpg", "samples/CAM_BACK_LEFT/n015-2018-08-03-15-00-36+0800__CAM_BACK_LEFT__1533279791647423.jpg", "samples/CAM_BACK/n015-2018-08-03-15-00-36+0800__CAM_BACK__1533279791637525.jpg", "samples/CAM_BACK_RIGHT/n015-2018-08-03-15-00-36+0800__CAM_BACK_RIGHT__1533279791627893.jpg"], "intrinsics": [[[1272.5979470598488, 0.0, 826.6154927353808], [0.0, 1272.5979470598488, 479.75165386361925], [0.0, 0.0, 1.0]], [[1266.417203046554, 0.0, 816.2670197447984], [0.0, 1266.417203046554, 491.50706579294757], [0.0, 0.0, 1.0]], [[1260.8474446004698, 0.0, 807.968244525554], [0.0, 1260.8474446004698, 495.3344268742088], [0.0, 0.0, 1.0]], [[1256.7414812095406, 0.0, 792.1125740759628], [0.0, 1256.7414812095406, 492.7757465151356], [0.0, 0.0, 1.0]], [[809.2209905677063, 0.0, 829.2196003259838], [0.0, 809.2209905677063, 481.77842384512485], [0.0, 0.0, 1.0]], [[1259.5137405846733, 0.0, 807.2529053838625], [0.0, 1259.5137405846733, 501.19579884916527], [0.0, 0.0, 1.0]]], "extrinsics": [[[0.8205744028091431, -0.5713178515434265, 0.01592113822698593, -0.60858154296875], [0.03297514468431473, 0.01951472833752632, -0.9992656707763672, 1.5224609375], [0.5705875754356384, 0.8204967975616455, 0.03485257923603058, -1.03558349609375], [0.0, 0.0, 0.0, 1.0]], [[0.006005891598761082, -0.9998665452003479, -0.015192089602351189, 0.00933837890625], [0.028491854667663574, 0.015357297845184803, -0.9994760751724243, 1.5307397842407227], [0.9995759725570679, 0.00556990597397089, 0.028580283746123314, -1.3330659866333008], [0.0, 0.0, 0.0, 1.0]], [[-0.8319053053855896, -0.5529177188873291, -0.04706984758377075, 0.797119140625], [0.03494054824113846, 0.03246243670582771, -0.9988619685173035, 1.5135021209716797], [0.5538164973258972, -0.8326032757759094, -0.00768642220646143, -1.09014892578125], [0.0, 0.0, 0.0, 1.0]], [[0.9467580914497375, 0.31874188780784607, 0.045305732637643814, -1.120758056640625], [0.046920064836740494, 0.0026156585663557053, -0.9988951683044434, 1.5896223783493042], [-0.3185082972049713, 0.9478379487991333, -0.012478995136916637, -0.1112060546875], [0.0, 0.0, 0.0, 1.0]], [[0.002146185375750065, 0.9999197721481323, 0.012485995888710022, 0.0023193359375], [0.02025449089705944, 0.012439997866749763, -0.9997174739837646, 1.5817584991455078], [-0.9997925758361816, 0.002398465992882848, -0.020226165652275085, -0.11703610420227051], [0.0, 0.0, 0.0, 1.0]], [[-0.9339260458946228, 0.35538583993911743, -0.03851082921028137, 0.93841552734375], [0.051605474203825, 0.027436915785074234, -0.9982905983924866, 1.5623226165771484], [-0.3537217676639557, -0.9343169331550598, -0.043963901698589325, -0.13720703125], [0.0, 0.0, 0.0, 1.0]]], "view": [[0.0, -2.0, 100.0], [-2.0, 0.0, 100.0], [0.0, 0.0, 1.0]], "bev": "bev_8b9b5046637b411e8cc75307e5b7fc30.png", "aux": "aux_8b9b5046637b411e8cc75307e5b7fc30.npz", "visibility": "visibility_8b9b5046637b411e8cc75307e5b7fc30.png", "pose": [[0.8379639983177185, 0.5457255244255066, 0.0, 555.2728271484375], [-0.5457255244255066, 0.8379639983177185, 0.0, 852.0849609375], [0.0, 0.0, 1.0, 0.0], [0.0, 0.0, 0.0, 1.0]], "pose_inverse": [[0.8379639983177185, -0.5457255244255066, 0.0, -0.2941124439239502], [0.5457255244255066, 0.8379639983177185, 0.0, -1017.0430908203125], [0.0, 0.0, 1.0, 0.0], [0.0, 0.0, 0.0, 1.0]], "cam_ids": [0, 1, 2, 3, 4, 5], "cam_channels": ["CAM_FRONT_LEFT", "CAM_FRONT", "CAM_FRONT_RIGHT", "CAM_BACK_LEFT", "CAM_BACK", "CAM_BACK_RIGHT"], "token": "8b9b5046637b411e8cc75307e5b7fc30", "scene": "scene-0365"}, {"images": ["samples/CAM_FRONT_LEFT/n015-2018-08-03-15-00-36+0800__CAM_FRONT_LEFT__1533279792104844.jpg", "samples/CAM_FRONT/n015-2018-08-03-15-00-36+0800__CAM_FRONT__1533279792112460.jpg", "samples/CAM_FRONT_RIGHT/n015-2018-08-03-15-00-36+0800__CAM_FRONT_RIGHT__1533279792120339.jpg", "samples/CAM_BACK_LEFT/n015-2018-08-03-15-00-36+0800__CAM_BACK_LEFT__1533279792147423.jpg", "samples/CAM_BACK/n015-2018-08-03-15-00-36+0800__CAM_BACK__1533279792137525.jpg", "samples/CAM_BACK_RIGHT/n015-2018-08-03-15-00-36+0800__CAM_BACK_RIGHT__1533279792127893.jpg"], "intrinsics": [[[1272.5979470598488, 0.0, 826.6154927353808], [0.0, 1272.5979470598488, 479.75165386361925], [0.0, 0.0, 1.0]], [[1266.417203046554, 0.0, 816.2670197447984], [0.0, 1266.417203046554, 491.50706579294757], [0.0, 0.0, 1.0]], [[1260.8474446004698, 0.0, 807.968244525554], [0.0, 1260.8474446004698, 495.3344268742088], [0.0, 0.0, 1.0]], [[1256.7414812095406, 0.0, 792.1125740759628], [0.0, 1256.7414812095406, 492.7757465151356], [0.0, 0.0, 1.0]], [[809.2209905677063, 0.0, 829.2196003259838], [0.0, 809.2209905677063, 481.77842384512485], [0.0, 0.0, 1.0]], [[1259.5137405846733, 0.0, 807.2529053838625], [0.0, 1259.5137405846733, 501.19579884916527], [0.0, 0.0, 1.0]]], "extrinsics": [[[0.8203173279762268, -0.5718849301338196, 0.005196502432227135, -0.60723876953125], [0.018331479281187057, 0.017211101949214935, -0.9996837973594666, 1.516183853149414], [0.571614682674408, 0.8201532363891602, 0.02460206113755703, -1.03338623046875], [0.0, 0.0, 0.0, 1.0]], [[0.005201149731874466, -0.9998942017555237, -0.013581344857811928, 0.00860595703125], [0.013259517028927803, 0.013649296015501022, -0.9998189806938171, 1.5253105163574219], [0.9998985528945923, 0.005020231008529663, 0.013329106383025646, -1.3302745819091797], [0.0, 0.0, 0.0, 1.0]], [[-0.8327935338020325, -0.5525825023651123, -0.0332784466445446, 0.79412841796875], [0.01912149041891098, 0.03136496990919113, -0.9993250370025635, 1.5090904235839844], [0.5532533526420593, -0.8328678011894226, -0.015554342418909073, -1.0888671875], [0.0, 0.0, 0.0, 1.0]], [[0.9474954605102539, 0.3185158967971802, 0.0282833781093359, -1.113525390625], [0.028825080022215843, 0.003013558918610215, -0.999579906463623, 1.589429259300232], [-0.318467378616333, 0.9479127526283264, -0.006325912661850452, -0.1134033203125], [0.0, 0.0, 0.0, 1.0]], [[0.0025774112436920404, 0.9999210238456726, 0.01230779942125082, 0.00262451171875], [0.002987282583490014, 0.01230008713901043, -0.9999198913574219, 1.5797195434570312], [-0.9999922513961792, 0.002614009892567992, -0.002955344272777438, -0.1213693618774414], [0.0, 0.0, 0.0, 1.0]], [[-0.9343108534812927, 0.35569149255752563, -0.023383930325508118, 0.93505859375], [0.03521960228681564, 0.02683522179722786, -0.9990192651748657, 1.5589942932128906], [-0.35471510887145996, -0.9342181086540222, -0.037599753588438034, -0.13897705078125], [0.0, 0.0, 0.0, 1.0]]], "view": [[0.0, -2.0, 100.0], [-2.0, 0.0, 100.0], [0.0, 0.0, 1.0]], "bev": "bev_e590350519ec42f085a73489444b3ca3.png", "aux": "aux_e590350519ec42f085a73489444b3ca3.npz", "visibility": "visibility_e590350519ec42f085a73489444b3ca3.png", "pose": [[0.8375332355499268, 0.5463864207267761, 0.0, 559.2682495117188], [-0.5463864207267761, 0.8375332355499268, 0.0, 849.451904296875], [0.0, 0.0, 1.0, 0.0], [0.0, 0.0, 0.0, 1.0]], "pose_inverse": [[0.8375332355499268, -0.5463864207267761, 0.0, -4.2767720222473145], [0.5463864207267761, 0.8375332355499268, 0.0, -1017.020751953125], [0.0, 0.0, 1.0, 0.0], [0.0, 0.0, 0.0, 1.0]], "cam_ids": [0, 1, 2, 3, 4, 5], "cam_channels": ["CAM_FRONT_LEFT", "CAM_FRONT", "CAM_FRONT_RIGHT", "CAM_BACK_LEFT", "CAM_BACK", "CAM_BACK_RIGHT"], "token": "e590350519ec42f085a73489444b3ca3", "scene": "scene-0365"}, {"images": ["samples/CAM_FRONT_LEFT/n015-2018-08-03-15-00-36+0800__CAM_FRONT_LEFT__1533279792604844.jpg", "samples/CAM_FRONT/n015-2018-08-03-15-00-36+0800__CAM_FRONT__1533279792612460.jpg", "samples/CAM_FRONT_RIGHT/n015-2018-08-03-15-00-36+0800__CAM_FRONT_RIGHT__1533279792620339.jpg", "samples/CAM_BACK_LEFT/n015-2018-08-03-15-00-36+0800__CAM_BACK_LEFT__1533279792647423.jpg", "samples/CAM_BACK/n015-2018-08-03-15-00-36+0800__CAM_BACK__1533279792637525.jpg", "samples/CAM_BACK_RIGHT/n015-2018-08-03-15-00-36+0800__CAM_BACK_RIGHT__1533279792627893.jpg"], "intrinsics": [[[1272.5979470598488, 0.0, 826.6154927353808], [0.0, 1272.5979470598488, 479.75165386361925], [0.0, 0.0, 1.0]], [[1266.417203046554, 0.0, 816.2670197447984], [0.0, 1266.417203046554, 491.50706579294757], [0.0, 0.0, 1.0]], [[1260.8474446004698, 0.0, 807.968244525554], [0.0, 1260.8474446004698, 495.3344268742088], [0.0, 0.0, 1.0]], [[1256.7414812095406, 0.0, 792.1125740759628], [0.0, 1256.7414812095406, 492.7757465151356], [0.0, 0.0, 1.0]], [[809.2209905677063, 0.0, 829.2196003259838], [0.0, 809.2209905677063, 481.77842384512485], [0.0, 0.0, 1.0]], [[1259.5137405846733, 0.0, 807.2529053838625], [0.0, 1259.5137405846733, 501.19579884916527], [0.0, 0.0, 1.0]]], "extrinsics": [[[0.8209255337715149, -0.5710292458534241, -0.002631833078339696, -0.61468505859375], [0.012124246917665005, 0.022037582471966743, -0.9996836185455322, 1.513406753540039], [0.5709065794944763, 0.8206338286399841, 0.025014512240886688, -1.03717041015625], [0.0, 0.0, 0.0, 1.0]], [[0.0059750499203801155, -0.9998196959495544, -0.01802074909210205, 0.0076904296875], [0.007067821454256773, 0.01806284487247467, -0.9998118877410889, 1.523031234741211], [0.9999570846557617, 0.005846559070050716, 0.007174472324550152, -1.3375720977783203], [0.0, 0.0, 0.0, 1.0]], [[-0.8326072096824646, -0.5530319809913635, -0.030344344675540924, 0.79876708984375], [0.012933566235005856, 0.035358261317014694, -0.999290943145752, 1.5072593688964844], [0.553712785243988, -0.8324093818664551, -0.02228686772286892, -1.09295654296875], [0.0, 0.0, 0.0, 1.0]], [[0.9475449323654175, 0.31880876421928406, 0.022790974006056786, -1.118804931640625], [0.0223007183521986, 0.005188265349715948, -0.9997378587722778, 1.5891046524047852], [-0.31884342432022095, 0.9478048086166382, -0.002193549182265997, -0.11175537109375], [0.0, 0.0, 0.0, 1.0]], [[0.002343615982681513, 0.9998824596405029, 0.015154142864048481, 0.0029296875], [-0.003358871443197131, 0.015161971561610699, -0.9998794198036194, 1.5789556503295898], [-0.9999915957450867, 0.002292479621246457, 0.0033940100111067295, -0.11739921569824219], [0.0, 0.0, 0.0, 1.0]], [[-0.9346208572387695, 0.3552704453468323, -0.016329938545823097, 0.940032958984375], [0.02901819907128811, 0.030414888635277748, -0.999116063117981, 1.5575332641601562], [-0.3544597327709198, -0.9342686533927917, -0.03873570263385773, -0.1378173828125], [0.0, 0.0, 0.0, 1.0]]], "view": [[0.0, -2.0, 100.0], [-2.0, 0.0, 100.0], [0.0, 0.0, 1.0]], "bev": "bev_dc629431d14b4074b8db71deb77ffea6.png", "aux": "aux_dc629431d14b4074b8db71deb77ffea6.npz", "visibility": "visibility_dc629431d14b4074b8db71deb77ffea6.png", "pose": [[0.8391145467758179, 0.5439547300338745, 0.0, 563.2280883789062], [-0.5439547300338745, 0.8391145467758179, 0.0, 846.863037109375], [0.0, 0.0, 1.0, 0.0], [0.0, 0.0, 0.0, 1.0]], "pose_inverse": [[0.8391145467758179, -0.5439547300338745, 0.0, -11.957736015319824], [0.5439547300338745, 0.8391145467758179, 0.0, -1016.9857177734375], [0.0, 0.0, 1.0, 0.0], [0.0, 0.0, 0.0, 1.0]], "cam_ids": [0, 1, 2, 3, 4, 5], "cam_channels": ["CAM_FRONT_LEFT", "CAM_FRONT", "CAM_FRONT_RIGHT", "CAM_BACK_LEFT", "CAM_BACK", "CAM_BACK_RIGHT"], "token": "dc629431d14b4074b8db71deb77ffea6", "scene": "scene-0365"}, {"images": ["samples/CAM_FRONT_LEFT/n015-2018-08-03-15-00-36+0800__CAM_FRONT_LEFT__1533279793104844.jpg", "samples/CAM_FRONT/n015-2018-08-03-15-00-36+0800__CAM_FRONT__1533279793112460.jpg", "samples/CAM_FRONT_RIGHT/n015-2018-08-03-15-00-36+0800__CAM_FRONT_RIGHT__1533279793120339.jpg", "samples/CAM_BACK_LEFT/n015-2018-08-03-15-00-36+0800__CAM_BACK_LEFT__1533279793147423.jpg", "samples/CAM_BACK/n015-2018-08-03-15-00-36+0800__CAM_BACK__1533279793137525.jpg", "samples/CAM_BACK_RIGHT/n015-2018-08-03-15-00-36+0800__CAM_BACK_RIGHT__1533279793127893.jpg"], "intrinsics": [[[1272.5979470598488, 0.0, 826.6154927353808], [0.0, 1272.5979470598488, 479.75165386361925], [0.0, 0.0, 1.0]], [[1266.417203046554, 0.0, 816.2670197447984], [0.0, 1266.417203046554, 491.50706579294757], [0.0, 0.0, 1.0]], [[1260.8474446004698, 0.0, 807.968244525554], [0.0, 1260.8474446004698, 495.3344268742088], [0.0, 0.0, 1.0]], [[1256.7414812095406, 0.0, 792.1125740759628], [0.0, 1256.7414812095406, 492.7757465151356], [0.0, 0.0, 1.0]], [[809.2209905677063, 0.0, 829.2196003259838], [0.0, 809.2209905677063, 481.77842384512485], [0.0, 0.0, 1.0]], [[1259.5137405846733, 0.0, 807.2529053838625], [0.0, 1259.5137405846733, 501.19579884916527], [0.0, 0.0, 1.0]]], "extrinsics": [[[0.8202970027923584, -0.5718419551849365, -0.010460174642503262, -0.620361328125], [0.0027562822215259075, 0.022241313010454178, -0.9997488260269165, 1.5093803405761719], [0.571931004524231, 0.8200622200965881, 0.019820643588900566, -1.0411376953125], [0.0, 0.0, 0.0, 1.0]], [[0.005014858674257994, -0.9998257160186768, -0.01797890104353428, 0.00775146484375], [-0.002293270779773593, 0.017967581748962402, -0.9998359680175781, 1.5197181701660156], [0.9999847412109375, 0.005055226385593414, -0.002202767413109541, -1.3436012268066406], [0.0, 0.0, 0.0, 1.0]], [[-0.8331826329231262, -0.5525471568107605, -0.02232196182012558, 0.802978515625], [0.0035998390521854162, 0.03494517505168915, -0.999382734298706, 1.5046119689941406], [0.5529861450195312, -0.8327486515045166, -0.027126634493470192, -1.09576416015625], [0.0, 0.0, 0.0, 1.0]], [[0.9477642774581909, 0.3186710476875305, 0.013837037608027458, -1.119903564453125], [0.013367189094424248, 0.003661339171230793, -0.9999039173126221, 1.5888698101043701], [-0.31869107484817505, 0.9478582143783569, -0.0007896498427726328, -0.11126708984375], [0.0, 0.0, 0.0, 1.0]], [[0.002685332903638482, 0.9998977184295654, 0.014044134877622128, 0.0028076171875], [-0.012524083256721497, 0.014076712541282177, -0.9998224973678589, 1.577897071838379], [-0.9999178647994995, 0.0025089727714657784, 0.012560603208839893, -0.11460494995117188], [0.0, 0.0, 0.0, 1.0]], [[-0.9345836639404297, 0.35565611720085144, -0.007879713550209999, 0.943695068359375], [0.019724179059267044, 0.029689311981201172, -0.9993645548820496, 1.5554943084716797], [-0.3551962971687317, -0.9341452121734619, -0.034762173891067505, -0.1363525390625], [0.0, 0.0, 0.0, 1.0]]], "view": [[0.0, -2.0, 100.0], [-2.0, 0.0, 100.0], [0.0, 0.0, 1.0]], "bev": "bev_284ae685f9e14a578545a53e44371e77.png", "aux": "aux_284ae685f9e14a578545a53e44371e77.npz", "visibility": "visibility_284ae685f9e14a578545a53e44371e77.png", "pose": [[0.8391920328140259, 0.5438351631164551, 0.0, 567.1390991210938], [-0.5438351631164551, 0.8391920328140259, 0.0, 844.3139038085938], [0.0, 0.0, 1.0, 0.0], [0.0, 0.0, 0.0, 1.0]], "pose_inverse": [[0.8391920328140259, -0.5438351631164551, 0.0, -16.77103614807129], [0.5438351631164551, 0.8391920328140259, 0.0, -1016.9716796875], [0.0, 0.0, 1.0, 0.0], [0.0, 0.0, 0.0, 1.0]], "cam_ids": [0, 1, 2, 3, 4, 5], "cam_channels": ["CAM_FRONT_LEFT", "CAM_FRONT", "CAM_FRONT_RIGHT", "CAM_BACK_LEFT", "CAM_BACK", "CAM_BACK_RIGHT"], "token": "284ae685f9e14a578545a53e44371e77", "scene": "scene-0365"}, {"images": ["samples/CAM_FRONT_LEFT/n015-2018-08-03-15-00-36+0800__CAM_FRONT_LEFT__1533279793604844.jpg", "samples/CAM_FRONT/n015-2018-08-03-15-00-36+0800__CAM_FRONT__1533279793612460.jpg", "samples/CAM_FRONT_RIGHT/n015-2018-08-03-15-00-36+0800__CAM_FRONT_RIGHT__1533279793620339.jpg", "samples/CAM_BACK_LEFT/n015-2018-08-03-15-00-36+0800__CAM_BACK_LEFT__1533279793647423.jpg", "samples/CAM_BACK/n015-2018-08-03-15-00-36+0800__CAM_BACK__1533279793637525.jpg", "samples/CAM_BACK_RIGHT/n015-2018-08-03-15-00-36+0800__CAM_BACK_RIGHT__1533279793627893.jpg"], "intrinsics": [[[1272.5979470598488, 0.0, 826.6154927353808], [0.0, 1272.5979470598488, 479.75165386361925], [0.0, 0.0, 1.0]], [[1266.417203046554, 0.0, 816.2670197447984], [0.0, 1266.417203046554, 491.50706579294757], [0.0, 0.0, 1.0]], [[1260.8474446004698, 0.0, 807.968244525554], [0.0, 1260.8474446004698, 495.3344268742088], [0.0, 0.0, 1.0]], [[1256.7414812095406, 0.0, 792.1125740759628], [0.0, 1256.7414812095406, 492.7757465151356], [0.0, 0.0, 1.0]], [[809.2209905677063, 0.0, 829.2196003259838], [0.0, 809.2209905677063, 481.77842384512485], [0.0, 0.0, 1.0]], [[1259.5137405846733, 0.0, 807.2529053838625], [0.0, 1259.5137405846733, 501.19579884916527], [0.0, 0.0, 1.0]]], "extrinsics": [[[0.8206641674041748, -0.5713090896606445, 0.010778672993183136, -0.62921142578125], [0.016815539449453354, 0.005291200242936611, -0.9998446106910706, 1.5151119232177734], [0.5711632966995239, 0.8207179307937622, 0.013949169777333736, -1.04766845703125], [0.0, 0.0, 0.0, 1.0]], [[0.005662756972014904, -0.999983549118042, -0.0009724369738250971, 0.00762939453125], [0.011392655782401562, 0.001036904170177877, -0.9999346137046814, 1.5243991613388062], [0.9999189972877502, 0.005651325453072786, 0.011398338712751865, -1.3529167175292969], [0.0, 0.0, 0.0, 1.0]], [[-0.8326550126075745, -0.5532695055007935, -0.024051068350672722, 0.809326171875], [0.01688390225172043, 0.018047727644443512, -0.9996945261955261, 1.5081634521484375], [0.5535345673561096, -0.8328068256378174, -0.0056861815974116325, -1.099853515625], [0.0, 0.0, 0.0, 1.0]], [[0.9477032423019409, 0.31854739785194397, 0.01964934729039669, -1.12237548828125], [0.02501716837286949, -0.012768133543431759, -0.9996054768562317, 1.589066505432129], [-0.31817081570625305, 0.9478209018707275, -0.020069556310772896, -0.1097412109375], [0.0