[{"images": ["samples/CAM_FRONT_LEFT/n015-2018-07-24-11-22-45+0800__CAM_FRONT_LEFT__1532402927604844.jpg", "samples/CAM_FRONT/n015-2018-07-24-11-22-45+0800__CAM_FRONT__1532402927612460.jpg", "samples/CAM_FRONT_RIGHT/n015-2018-07-24-11-22-45+0800__CAM_FRONT_RIGHT__1532402927620339.jpg", "samples/CAM_BACK_LEFT/n015-2018-07-24-11-22-45+0800__CAM_BACK_LEFT__1532402927647423.jpg", "samples/CAM_BACK/n015-2018-07-24-11-22-45+0800__CAM_BACK__1532402927637525.jpg", "samples/CAM_BACK_RIGHT/n015-2018-07-24-11-22-45+0800__CAM_BACK_RIGHT__1532402927627893.jpg"], "intrinsics": [[[1272.5979470598488, 0.0, 826.6154927353808], [0.0, 1272.5979470598488, 479.75165386361925], [0.0, 0.0, 1.0]], [[1266.417203046554, 0.0, 816.2670197447984], [0.0, 1266.417203046554, 491.50706579294757], [0.0, 0.0, 1.0]], [[1260.8474446004698, 0.0, 807.968244525554], [0.0, 1260.8474446004698, 495.3344268742088], [0.0, 0.0, 1.0]], [[1256.7414812095406, 0.0, 792.1125740759628], [0.0, 1256.7414812095406, 492.7757465151356], [0.0, 0.0, 1.0]], [[809.2209905677063, 0.0, 829.2196003259838], [0.0, 809.2209905677063, 481.77842384512485], [0.0, 0.0, 1.0]], [[1259.5137405846733, 0.0, 807.2529053838625], [0.0, 1259.5137405846733, 501.19579884916527], [0.0, 0.0, 1.0]]], "extrinsics": [[[0.8208065629005432, -0.571201741695404, 0.0022914863657206297, -0.6357421875], [-0.009851234033703804, -0.018166886642575264, -0.9997864365577698, 1.504384994506836], [0.5711212754249573, 0.8206086158752441, -0.020538540557026863, -1.055419921875], [0.0, 0.0, 0.0, 1.0]], [[0.005872828885912895, -0.9997369050979614, 0.022170379757881165, 0.00989532470703125], [-0.015347905457019806, -0.022258266806602478, -0.9996345043182373, 1.51556396484375], [0.9998649954795837, 0.005530433729290962, -0.015474587678909302, -1.3643798828125], [0.0, 0.0, 0.0, 1.0]], [[-0.8328883051872253, -0.5533300638198853, 0.011085228063166142, 0.8212890625], [-0.009932918474078178, -0.00508110411465168, -0.9999377727508545, 1.5011234283447266], [0.553351879119873, -0.8329465985298157, -0.001264189719222486, -1.10589599609375], [0.0, 0.0, 0.0, 1.0]], [[0.9476618766784668, 0.3190034031867981, -0.013179107569158077, -1.137451171875], [-0.0020249253138899803, -0.03527214750647545, -0.9993756413459778, 1.5885518789291382], [-0.319269061088562, 0.9470969438552856, -0.03278011456131935, -0.10546875], [0.0, 0.0, 0.0, 1.0]], [[0.002170732943341136, 0.9996741414070129, -0.025434887036681175, 0.0022220611572265625], [-0.027175916358828545, -0.025366580113768578, -0.9993088245391846, 1.5767631530761719], [-0.9996282458305359, 0.002860416891053319, 0.027111995965242386, -0.0943603515625], [0.0, 0.0, 0.0, 1.0]], [[-0.9348956942558289, 0.35480979084968567, -0.008945178240537643, 0.9627685546875], [0.0057297442108392715, -0.010112074203789234, -0.9999324679374695, 1.5525245666503906], [-0.35487625002861023, -0.9348838925361633, 0.0074207657016813755, -0.127960205078125], [0.0, 0.0, 0.0, 1.0]]], "view": [[0.0, -2.0, 100.0], [-2.0, 0.0, 100.0], [0.0, 0.0, 1.0]], "bev": "bev_ca9a282c9e77460f8360f564131a8af5.png", "aux": "aux_ca9a282c9e77460f8360f564131a8af5.npz", "visibility": "visibility_ca9a282c9e77460f8360f564131a8af5.png", "pose": [[-0.3455987274646759, 0.9383823871612549, 0.0, 411.3039245605469], [-0.9383823871612549, -0.3455987274646759, 0.0, 1180.890380859375], [0.0, 0.0, 1.0, 0.0], [0.0, 0.0, 0.0, 1.0]], "pose_inverse": [[-0.3455987274646759, -0.9383823871612549, 0.0, 1250.2728271484375], [0.9383823871612549, -0.3455987274646759, 0.0, 22.15386962890625], [0.0, 0.0, 1.0, 0.0], [0.0, 0.0, 0.0, 1.0]], "cam_ids": [0, 1, 2, 3, 4, 5], "cam_channels": ["CAM_FRONT_LEFT", "CAM_FRONT", "CAM_FRONT_RIGHT", "CAM_BACK_LEFT", "CAM_BACK", "CAM_BACK_RIGHT"], "token": "ca9a282c9e77460f8360f564131a8af5", "scene": "scene-0061"}, {"images": ["samples/CAM_FRONT_LEFT/n015-2018-07-24-11-22-45+0800__CAM_FRONT_LEFT__1532402928104844.jpg", "samples/CAM_FRONT/n015-2018-07-24-11-22-45+0800__CAM_FRONT__1532402928112460.jpg", "samples/CAM_FRONT_RIGHT/n015-2018-07-24-11-22-45+0800__CAM_FRONT_RIGHT__1532402928120339.jpg", "samples/CAM_BACK_LEFT/n015-2018-07-24-11-22-45+0800__CAM_BACK_LEFT__1532402928147423.jpg", "samples/CAM_BACK/n015-2018-07-24-11-22-45+0800__CAM_BACK__1532402928137525.jpg", "samples/CAM_BACK_RIGHT/n015-2018-07-24-11-22-45+0800__CAM_BACK_RIGHT__1532402928127893.jpg"], "intrinsics": [[[1272.5979470598488, 0.0, 826.6154927353808], [0.0, 1272.5979470598488, 479.75165386361925], [0.0, 0.0, 1.0]], [[1266.417203046554, 0.0, 816.2670197447984], [0.0, 1266.417203046554, 491.50706579294757], [0.0, 0.0, 1.0]], [[1260.8474446004698, 0.0, 807.968244525554], [0.0, 1260.8474446004698, 495.3344268742088], [0.0, 0.0, 1.0]], [[1256.7414812095406, 0.0, 792.1125740759628], [0.0, 1256.7414812095406, 492.7757465151356], [0.0, 0.0, 1.0]], [[809.2209905677063, 0.0, 829.2196003259838], [0.0, 809.2209905677063, 481.77842384512485], [0.0, 0.0, 1.0]], [[1259.5137405846733, 0.0, 807.2529053838625], [0.0, 1259.5137405846733, 501.19579884916527], [0.0, 0.0, 1.0]]], "extrinsics": [[[0.8205643892288208, -0.5715515613555908, 0.0017004453111439943, -0.65264892578125], [-0.013426970690488815, -0.022250942885875702, -0.9996622204780579, 1.503190040588379], [0.5713963508605957, 0.820264458656311, -0.025932537391781807, -1.064697265625], [0.0, 0.0, 0.0, 1.0]], [[0.005615158472210169, -0.9996444582939148, 0.026064541190862656, 0.008179664611816406], [-0.01885528862476349, -0.0261661596596241, -0.9994798302650452, 1.5146808624267578], [0.9998064041137695, 0.005120780784636736, -0.018995510414242744, -1.380126953125], [0.0, 0.0, 0.0, 1.0]], [[-0.8329695463180542, -0.553087055683136, 0.01600913517177105, 0.8306884765625], [-0.01336530689150095, -0.008812694810330868, -0.9998717904090881, 1.5004091262817383], [0.5531572699546814, -0.8330768942832947, -5.14705570822116e-05, -1.1136474609375], [0.0, 0.0, 0.0, 1.0]], [[0.9476093649864197, 0.31897401809692383, -0.01709049381315708, -1.138671875], [-0.005131536163389683, -0.038294777274131775, -0.9992532730102539, 1.5885372161865234], [-0.31939026713371277, 0.9469895362854004, -0.03465166315436363, -0.10491943359375], [0.0, 0.0, 0.0, 1.0]], [[0.00213840464130044, 0.9995849132537842, -0.028730345889925957, 0.002605438232421875], [-0.030418574810028076, -0.028652092441916466, -0.9991265535354614, 1.57659912109375], [-0.9995349645614624, 0.003010448534041643, 0.030344681814312935, -0.0892333984375], [0.0, 0.0, 0.0, 1.0]], [[-0.9348728060722351, 0.3549124300479889, -0.0070769344456493855, 0.9716796875], [0.0023851976729929447, -0.013655200600624084, -0.9999039173126221, 1.551880121231079], [-0.35497504472732544, -0.9347997903823853, 0.011919339187443256, -0.12530517578125], [0.0, 0.0, 0.0, 1.0]]], "view": [[0.0, -2.0, 100.0], [-2.0, 0.0, 100.0], [0.0, 0.0, 1.0]], "bev": "bev_39586f9d59004284a7114a68825e8eec.png", "aux": "aux_39586f9d59004284a7114a68825e8eec.npz", "visibility": "visibility_39586f9d59004284a7114a68825e8eec.png", "pose": [[-0.34013473987579346, 0.9403766989707947, 0.0, 409.7431640625], [-0.9403766989707947, -0.34013473987579346, 0.0, 1176.677001953125], [0.0, 0.0, 1.0, 0.0], [0.0, 0.0, 0.0, 1.0]], "pose_inverse": [[-0.34013473987579346, -0.9403766989707947, 0.0, 1245.8875732421875], [0.9403766989707947, -0.34013473987579346, 0.0, 14.915786743164062], [0.0, 0.0, 1.0, 0.0], [0.0, 0.0, 0.0, 1.0]], "cam_ids": [0, 1, 2, 3, 4, 5], "cam_channels": ["CAM_FRONT_LEFT", "CAM_FRONT", "CAM_FRONT_RIGHT", "CAM_BACK_LEFT", "CAM_BACK", "CAM_BACK_RIGHT"], "token": "39586f9d59004284a7114a68825e8eec", "scene": "scene-0061"}, {"images": ["samples/CAM_FRONT_LEFT/n015-2018-07-24-11-22-45+0800__CAM_FRONT_LEFT__1532402928654844.jpg", "samples/CAM_FRONT/n015-2018-07-24-11-22-45+0800__CAM_FRONT__1532402928662460.jpg", "samples/CAM_FRONT_RIGHT/n015-2018-07-24-11-22-45+0800__CAM_FRONT_RIGHT__1532402928670339.jpg", "samples/CAM_BACK_LEFT/n015-2018-07-24-11-22-45+0800__CAM_BACK_LEFT__1532402928697423.jpg", "samples/CAM_BACK/n015-2018-07-24-11-22-45+0800__CAM_BACK__1532402928687525.jpg", "samples/CAM_BACK_RIGHT/n015-2018-07-24-11-22-45+0800__CAM_BACK_RIGHT__1532402928677893.jpg"], "intrinsics": [[[1272.5979470598488, 0.0, 826.6154927353808], [0.0, 1272.5979470598488, 479.75165386361925], [0.0, 0.0, 1.0]], [[1266.417203046554, 0.0, 816.2670197447984], [0.0, 1266.417203046554, 491.50706579294757], [0.0, 0.0, 1.0]], [[1260.8474446004698, 0.0, 807.968244525554], [0.0, 1260.8474446004698, 495.3344268742088], [0.0, 0.0, 1.0]], [[1256.7414812095406, 0.0, 792.1125740759628], [0.0, 1256.7414812095406, 492.7757465151356], [0.0, 0.0, 1.0]], [[809.2209905677063, 0.0, 829.2196003259838], [0.0, 809.2209905677063, 481.77842384512485], [0.0, 0.0, 1.0]], [[1259.5137405846733, 0.0, 807.2529053838625], [0.0, 1259.5137405846733, 501.19579884916527], [0.0, 0.0, 1.0]]], "extrinsics": [[[0.8211922645568848, -0.5706452131271362, 0.002733642468228936, -0.6488037109375], [-0.010584671050310135, -0.02002118155360222, -0.9997435212135315, 1.504298210144043], [0.5705535411834717, 0.8209526538848877, -0.02248132973909378, -1.0660400390625], [0.0, 0.0, 0.0, 1.0]], [[0.006452988833189011, -0.9996939897537231, 0.02387935295701027, 0.010960221290588379], [-0.015516628511250019, -0.02397707849740982, -0.9995920658111572, 1.5157451629638672], [0.9998588562011719, 0.006079848390072584, -0.015666604042053223, -1.3780517578125], [0.0, 0.0, 0.0, 1.0]], [[-0.8326209783554077, -0.5537203550338745, 0.011661943048238754, 0.830078125], [-0.009589211083948612, -0.006640481762588024, -0.9999319314956665, 1.5013160705566406], [0.5537601113319397, -0.8326762318611145, 0.000219263369217515, -1.110595703125], [0.0, 0.0, 0.0, 1.0]], [[0.9475370645523071, 0.3194318115711212, -0.01169630791991949, -1.1343994140625], [8.43746693135472e-06, -0.03661644458770752, -0.9993293881416321, 1.5886118412017822], [-0.31964585185050964, 0.9469015598297119, -0.034698136150836945, -0.10797119140625], [0.0, 0.0, 0.0, 1.0]], [[0.0019019199535250664, 0.9996392726898193, -0.026792263612151146, 0.0015287399291992188], [-0.02567523531615734, -0.026734665036201477, -0.9993128180503845, 1.576995849609375], [-0.999668538570404, 0.002588540082797408, 0.02561512216925621, -0.091796875], [0.0, 0.0, 0.0, 1.0]], [[-0.9350250959396362, 0.35443323850631714, -0.010256613604724407, 0.9688720703125], [0.006599104031920433, -0.011526523157954216, -0.9999118447303772, 1.5526504516601562], [-0.35452017188072205, -0.9350103735923767, 0.00843864493072033, -0.124725341796875], [0.0, 0.0, 0.0, 1.0]]], "view": [[0.0, -2.0, 100.0], [-2.0, 0.0, 100.0], [0.0, 0.0, 1.0]], "bev": "bev_356d81f38dd9473ba590f39e266f54e5.png", "aux": "aux_356d81f38dd9473ba590f39e266f54e5.npz", "visibility": "visibility_356d81f38dd9473ba590f39e266f54e5.png", "pose": [[-0.33426499366760254, 0.942479133605957, 0.0, 408.10186767578125], [-0.942479133605957, -0.33426499366760254, 0.0, 1172.151611328125], [0.0, 0.0, 1.0, 0.0], [0.0, 0.0, 0.0, 1.0]], "pose_inverse": [[-0.33426499366760254, -0.942479133605957, 0.0, 1241.142578125], [0.942479133605957, -0.33426499366760254, 0.0, 7.181743621826172], [0.0, 0.0, 1.0, 0.0], [0.0, 0.0, 0.0, 1.0]], "cam_ids": [0, 1, 2, 3, 4, 5], "cam_channels": ["CAM_FRONT_LEFT", "CAM_FRONT", "CAM_FRONT_RIGHT", "CAM_BACK_LEFT", "CAM_BACK", "CAM_BACK_RIGHT"], "token": "356d81f38dd9473ba590f39e266f54e5", "scene": "scene-0061"}, {"images": ["samples/CAM_FRONT_LEFT/n015-2018-07-24-11-22-45+0800__CAM_FRONT_LEFT__1532402929154844.jpg", "samples/CAM_FRONT/n015-2018-07-24-11-22-45+0800__CAM_FRONT__1532402929162460.jpg", "samples/CAM_FRONT_RIGHT/n015-2018-07-24-11-22-45+0800__CAM_FRONT_RIGHT__1532402929170339.jpg", "samples/CAM_BACK_LEFT/n015-2018-07-24-11-22-45+0800__CAM_BACK_LEFT__1532402929197423.jpg", "samples/CAM_BACK/n015-2018-07-24-11-22-45+0800__CAM_BACK__1532402929187525.jpg", "samples/CAM_BACK_RIGHT/n015-2018-07-24-11-22-45+0800__CAM_BACK_RIGHT__1532402929177893.jpg"], "intrinsics": [[[1272.5979470598488, 0.0, 826.6154927353808], [0.0, 1272.5979470598488, 479.75165386361925], [0.0, 0.0, 1.0]], [[1266.417203046554, 0.0, 816.2670197447984], [0.0, 1266.417203046554, 491.50706579294757], [0.0, 0.0, 1.0]], [[1260.8474446004698, 0.0, 807.968244525554], [0.0, 1260.8474446004698, 495.3344268742088], [0.0, 0.0, 1.0]], [[1256.7414812095406, 0.0, 792.1125740759628], [0.0, 1256.7414812095406, 492.7757465151356], [0.0, 0.0, 1.0]], [[809.2209905677063, 0.0, 829.2196003259838], [0.0, 809.2209905677063, 481.77842384512485], [0.0, 0.0, 1.0]], [[1259.5137405846733, 0.0, 807.2529053838625], [0.0, 1259.5137405846733, 501.19579884916527], [0.0, 0.0, 1.0]]], "extrinsics": [[[0.820672869682312, -0.57138592004776, -0.0037570891436189413, -0.677001953125], [-0.01566360332071781, -0.0159236378967762, -0.9997504949569702, 1.5027942657470703], [0.5711835622787476, 0.8205268979072571, -0.022018060088157654, -1.081787109375], [0.0, 0.0, 0.0, 1.0]], [[0.00580805167555809, -0.9997837543487549, 0.01996494270861149, 0.0081329345703125], [-0.021081283688545227, -0.020083259791135788, -0.9995760321617126, 1.5145111083984375], [0.9997608661651611, 0.005384709686040878, -0.0211933720856905, -1.4052734375], [0.0, 0.0, 0.0, 1.0]], [[-0.8328853249549866, -0.553252637386322, 0.014614374376833439, 0.8480224609375], [-0.015574215911328793, -0.002966098953038454, -0.9998742938041687, 1.5001888275146484], [0.5532264113426208, -0.8330082297325134, -0.006146054249256849, -1.12506103515625], [0.0, 0.0, 0.0, 1.0]], [[0.9475992321968079, 0.318973571062088, -0.017648611217737198, -1.1436767578125], [-0.007289216388016939, -0.03364195674657822, -0.9994073510169983, 1.5885720252990723], [-0.3193782567977905, 0.9471663236618042, -0.029554026201367378, -0.103363037109375], [0.0, 0.0, 0.0, 1.0]], [[0.0021086710039526224, 0.9997197389602661, -0.023577917367219925, 0.002532482147216797], [-0.032568637281656265, -0.023496802896261215, -0.9991933107376099, 1.5767402648925781], [-0.9994672536849976, 0.0028748647309839725, 0.03250996395945549, -0.0787353515625], [0.0, 0.0, 0.0, 1.0]], [[-0.9348989129066467, 0.3549010753631592, -0.003039970761165023, 0.9864501953125], [0.00019288506882730871, -0.008057300932705402, -0.9999675154685974, 1.551485538482666], [-0.3549140989780426, -0.9348691701889038, 0.007464306894689798, -0.119598388671875], [0.0, 0.0, 0.0, 1.0]]], "view": [[0.0, -2.0, 100.0], [-2.0, 0.0, 100.0], [0.0, 0.0, 1.0]], "bev": "bev_e0845f5322254dafadbbed75aaa07969.png", "aux": "aux_e0845f5322254dafadbbed75aaa07969.npz", "visibility": "visibility_e0845f5322254dafadbbed75aaa07969.png", "pose": [[-0.323305606842041, 0.9462946057319641, 0.0, 406.72601318359375], [-0.9462946057319641, -0.323305606842041, 0.0, 1168.2113037109375], [0.0, 0.0, 1.0, 0.0], [0.0, 0.0, 0.0, 1.0]], "pose_inverse": [[-0.323305606842041, -0.9462946057319641, 0.0, 1236.9688720703125], [0.9462946057319641, -0.323305606842041, 0.0, -7.193355083465576], [0.0, 0.0, 1.0, 0.0], [0.0, 0.0, 0.0, 1.0]], "cam_ids": [0, 1, 2, 3, 4, 5], "cam_channels": ["CAM_FRONT_LEFT", "CAM_FRONT", "CAM_FRONT_RIGHT", "CAM_BACK_LEFT", "CAM_BACK", "CAM_BACK_RIGHT"], "token": "e0845f5322254dafadbbed75aaa07969", "scene": "scene-0061"}, {"images": ["samples/CAM_FRONT_LEFT/n015-2018-07-24-11-22-45+0800__CAM_FRONT_LEFT__1532402929654844.jpg", "samples/CAM_FRONT/n015-2018-07-24-11-22-45+0800__CAM_FRONT__1532402929662460.jpg", "samples/CAM_FRONT_RIGHT/n015-2018-07-24-11-22-45+0800__CAM_FRONT_RIGHT__1532402929670339.jpg", "samples/CAM_BACK_LEFT/n015-2018-07-24-11-22-45+0800__CAM_BACK_LEFT__1532402929697423.jpg", "samples/CAM_BACK/n015-2018-07-24-11-22-45+0800__CAM_BACK__1532402929687525.jpg", "samples/CAM_BACK_RIGHT/n015-2018-07-24-11-22-45+0800__CAM_BACK_RIGHT__1532402929677893.jpg"], "intrinsics": [[[1272.5979470598488, 0.0, 826.6154927353808], [0.0, 1272.5979470598488, 479.75165386361925], [0.0, 0.0, 1.0]], [[1266.417203046554, 0.0, 816.2670197447984], [0.0, 1266.417203046554, 491.50706579294757], [0.0, 0.0, 1.0]], [[1260.8474446004698, 0.0, 807.968244525554], [0.0, 1260.8474446004698, 495.3344268742088], [0.0, 0.0, 1.0]], [[1256.7414812095406, 0.0, 792.1125740759628], [0.0, 1256.7414812095406, 492.7757465151356], [0.0, 0.0, 1.0]], [[809.2209905677063, 0.0, 829.2196003259838], [0.0, 809.2209905677063, 481.77842384512485], [0.0, 0.0, 1.0]], [[1259.5137405846733, 0.0, 807.2529053838625], [0.0, 1259.5137405846733, 501.19579884916527], [0.0, 0.0, 1.0]]], "extrinsics": [[[0.8205519318580627, -0.5715705156326294, -0.0012547981459647417, -0.67266845703125], [-0.012687449343502522, -0.016019323840737343, -0.9997912049293518, 1.5037593841552734], [0.5714311003684998, 0.8203964829444885, -0.020396459847688675, -1.078125], [0.0, 0.0, 0.0, 1.0]], [[0.005470822099596262, -0.9997869729995728, 0.01990041881799698, 0.0074863433837890625], [-0.017957014963030815, -0.019995730370283127, -0.9996387958526611, 1.5152950286865234], [0.9998237490653992, 0.005111441481858492, -0.01806258223950863, -1.3997802734375], [0.0, 0.0, 0.0, 1.0]], [[-0.8330643773078918, -0.5530511736869812, 0.01175216306000948, 0.84307861328125], [-0.012310361489653587, -0.00270482013002038, -0.9999205470085144, 1.5008440017700195], [0.553039014339447, -0.8331429362297058, -0.004554969724267721, -1.12237548828125], [0.0, 0.0, 0.0, 1.0]], [[0.9476499557495117, 0.3190087676048279, -0.01389435213059187, -1.139404296875], [-0.0037363076116889715, -0.032432444393634796, -0.9994668960571289, 1.5885472297668457], [-0.31928929686546326, 0.9471966624259949, -0.02954268641769886, -0.104766845703125], [0.0, 0.0, 0.0, 1.0]], [[0.0022791558876633644, 0.9997386336326599, -0.022748462855815887, 0.0026922225952148438], [-0.02909659780561924, -0.022672591730952263, -0.9993194341659546, 1.5768890380859375], [-0.9995740652084351, 0.0029394321609288454, 0.029037317261099815, -0.0831298828125], [0.0, 0.0, 0.0, 1.0]], [[-0.9348204135894775, 0.3550700843334198, -0.006014830898493528, 0.9820556640625], [0.0035606236197054386, -0.007564926519989967, -0.9999650716781616, 1.5520424842834473], [-0.35510313510894775, -0.934809148311615, 0.0058075743727386, -0.12176513671875], [0.0, 0.0, 0.0, 1.0]]], "view": [[0.0, -2.0, 100.0], [-2.0, 0.0, 100.0], [0.0, 0.0, 1.0]], "bev": "bev_c923fe08b2ff4e27975d2bf30934383b.png", "aux": "aux_c923fe08b2ff4e27975d2bf30934383b.npz", "visibility": "visibility_c923fe08b2ff4e27975d2bf30934383b.png", "pose": [[-0.31885385513305664, 0.9478039145469666, 0.0, 405.4093933105469], [-0.9478039145469666, -0.31885385513305664, 0.0, 1164.354248046875], [0.0, 0.0, 1.0, 0.0], [0.0, 0.0, 0.0, 1.0]], "pose_inverse": [[-0.31885385513305664, -0.9478039145469666, 0.0, 1232.8458251953125], [0.9478039145469666, -0.31885385513305664, 0.0, -12.98974609375], [0.0, 0.0, 1.0, 0.0], [0.0, 0.0, 0.0, 1.0]], "cam_ids": [0, 1, 2, 3, 4, 5], "cam_channels": ["CAM_FRONT_LEFT", "CAM_FRONT", "CAM_FRONT_RIGHT", "CAM_BACK_LEFT", "CAM_BACK", "CAM_BACK_RIGHT"], "token": "c923fe08b2ff4e27975d2bf30934383b", "scene": "scene-0061"}, {"images": ["samples/CAM_FRONT_LEFT/n015-2018-07-24-11-22-45+0800__CAM_FRONT_LEFT__1532402930104844.jpg", "samples/CAM_FRONT/n015-2018-07-24-11-22-45+0800__CAM_FRONT__1532402930112460.jpg", "samples/CAM_FRONT_RIGHT/n015-2018-07-24-11-22-45+0800__CAM_FRONT_RIGHT__1532402930120339.jpg", "samples/CAM_BACK_LEFT/n015-2018-07-24-11-22-45+0800__CAM_BACK_LEFT__1532402930147423.jpg", "samples/CAM_BACK/n015-2018-07-24-11-22-45+0800__CAM_BACK__1532402930137525.jpg", "samples/CAM_BACK_RIGHT/n015-2018-07-24-11-22-45+0800__CAM_BACK_RIGHT__1532402930127893.jpg"], "intrinsics": [[[1272.5979470598488, 0.0, 826.6154927353808], [0.0, 1272.5979470598488, 479.75165386361925], [0.0, 0.0, 1.0]], [[1266.417203046554, 0.0, 816.2670197447984], [0.0, 1266.417203046554, 491.50706579294757], [0.0, 0.0, 1.0]], [[1260.8474446004698, 0.0, 807.968244525554], [0.0, 1260.8474446004698, 495.3344268742088], [0.0, 0.0, 1.0]], [[1256.7414812095406, 0.0, 792.1125740759628], [0.0, 1256.7414812095406, 492.7757465151356], [0.0, 0.0, 1.0]], [[809.2209905677063, 0.0, 829.2196003259838], [0.0, 809.2209905677063, 481.77842384512485], [0.0, 0.0, 1.0]], [[1259.5137405846733, 0.0, 807.2529053838625], [0.0, 1259.5137405846733, 501.19579884916527], [0.0, 0.0, 1.0]]], "extrinsics": [[[0.8202378749847412, -0.5720110535621643, -0.0036251393612474203, -0.6676025390625], [-0.01566651649773121, -0.016129139810800552, -0.9997471570968628, 1.5026378631591797], [0.5718079805374146, 0.8200873136520386, -0.022191151976585388, -1.0760498046875], [0.0, 0.0, 0.0, 1.0]], [[0.005275087896734476, -0.99978107213974, 0.020247111096978188, 0.008981704711914062], [-0.020922444760799408, -0.02035330981016159, -0.9995738863945007, 1.5142250061035156], [0.9997672438621521, 0.004849269986152649, -0.02102522924542427, -1.3887939453125], [0.0, 0.0, 0.0, 1.0]], [[-0.833053469657898, -0.5530014038085938, 0.014541485346853733, 0.82940673828125], [-0.015249216929078102, -0.0033206110820174217, -0.9998781681060791, 1.4999198913574219], [0.5529822707176208, -0.8331736922264099, -0.005666591692715883, -1.11175537109375], [0.0, 0.0, 0.0, 1.0]], [[0.9476305246353149, 0.31891605257987976, -0.017000721767544746, -1.1051025390625], [-0.006504578050225973, -0.033948201686143875, -0.9994024038314819, 1.5883111953735352], [-0.31930261850357056, 0.9471747875213623, -0.030095936730504036, -0.116607666015625], [0.0, 0.0, 0.0, 1.0]], [[0.0022117379121482372, 0.9997100234031677, -0.023982787504792213, 0.0021228790283203125], [-0.0319051519036293, -0.023900089785456657, -0.9992051124572754, 1.5757179260253906], [-0.9994884729385376, 0.0029751404654234648, 0.03184303268790245, -0.11279296875], [0.0, 0.0, 0.0, 1.0]], [[-0.9348507523536682, 0.3550220727920532, -0.00365240010432899, 0.9598388671875], [0.0006820631679147482, -0.008491427637636662, -0.9999637007713318, 1.551588535308838], [-0.35504022240638733, -0.9348194003105164, 0.007696068845689297, -0.12884521484375], [0.0, 0.0, 0.0, 1.0]]], "view": [[0.0, -2.0, 100.0], [-2.0, 0.0, 100.0], [0.0, 0.0, 1.0]], "bev": "bev_f1e3d9d08f044c439ce86a2d6fcca57b.png", "aux": "aux_f1e3d9d08f044c439ce86a2d6fcca57b.npz", "visibility": "visibility_f1e3d9d08f044c439ce86a2d6fcca57b.png", "pose": [[-0.3127804696559906, 0.9498254656791687, 0.0, 404.2776794433594], [-0.9498254656791687, -0.3127804696559906, 0.0, 1161.050048828125], [0.0, 0.0, 1.0, 0.0], [0.0, 0.0, 0.0, 1.0]], "pose_inverse": [[-0.3127804696559906, -0.9498254656791687, 0.0, 1229.2449951171875], [0.9498254656791687, -0.3127804696559906, 0.0, -20.83946418762207], [0.0, 0.0, 1.0, 0.0], [0.0, 0.0, 0.0, 1.0]], "cam_ids": [0, 1, 2, 3, 4, 5], "cam_channels": ["CAM_FRONT_LEFT", "CAM_FRONT", "CAM_FRONT_RIGHT", "CAM_BACK_LEFT", "CAM_BACK", "CAM_BACK_RIGHT"], "token": "f1e3d9d08f044c439ce86a2d6fcca57b", "scene": "scene-0061"}, {"images": ["samples/CAM_FRONT_LEFT/n015-2018-07-24-11-22-45+0800__CAM_FRONT_LEFT__1532402930604844.jpg", "samples/CAM_FRONT/n015-2018-07-24-11-22-45+0800__CAM_FRONT__1532402930612460.jpg", "samples/CAM_FRONT_RIGHT/n015-2018-07-24-11-22-45+0800__CAM_FRONT_RIGHT__1532402930620339.jpg", "samples/CAM_BACK_LEFT/n015-2018-07-24-11-22-45+0800__CAM_BACK_LEFT__1532402930647423.jpg", "samples/CAM_BACK/n015-2018-07-24-11-22-45+0800__CAM_BACK__1532402930637525.jpg", "samples/CAM_BACK_RIGHT/n015-2018-07-24-11-22-45+0800__CAM_BACK_RIGHT__1532402930627893.jpg"], "intrinsics": [[[1272.5979470598488, 0.0, 826.6154927353808], [0.0, 1272.5979470598488, 479.75165386361925], [0.0, 0.0, 1.0]], [[1266.417203046554, 0.0, 816.2670197447984], [0.0, 1266.417203046554, 491.50706579294757], [0.0, 0.0, 1.0]], [[1260.8474446004698, 0.0, 807.968244525554], [0.0, 1260.8474446004698, 495.3344268742088], [0.0, 0.0, 1.0]], [[1256.7414812095406, 0.0, 792.1125740759628], [0.0, 1256.7414812095406, 492.7757465151356], [0.0, 0.0, 1.0]], [[809.2209905677063, 0.0, 829.2196003259838], [0.0, 809.2209905677063, 481.77842384512485], [0.0, 0.0, 1.0]], [[1259.5137405846733, 0.0, 807.2529053838625], [0.0, 1259.5137405846733, 501.19579884916527], [0.0, 0.0, 1.0]]], "extrinsics": [[[0.8205037713050842, -0.5716368556022644, 0.0022119800560176373, -0.69378662109375], [-0.010687821544706821, -0.019209476187825203, -0.9997583627700806, 1.5047607421875], [0.5715411305427551, 0.8202819228172302, -0.02187100052833557, -1.0933837890625], [0.0, 0.0, 0.0, 1.0]], [[0.005492808762937784, -0.9997124075889587, 0.023341670632362366, 0.007781982421875], [-0.015953825786709785, -0.023426663130521774, -0.9995982646942139, 1.5162334442138672], [0.9998576641082764, 0.005118230823427439, -0.016077915206551552, -1.421142578125], [0.0, 0.0, 0.0, 1.0]], [[-0.8330147862434387, -0.5531183481216431, 0.01210726983845234, 0.85662841796875], [-0.0102938087657094, -0.006384687032550573, -0.9999265670776367, 1.5014724731445312], [0.5531550645828247, -0.8330782055854797, -0.00037515294388867915, -1.13104248046875], [0.0, 0.0, 0.0, 1.0]], [[0.9476634860038757, 0.318988561630249, -0.013428824953734875, -1.1357421875], [-0.0015527947107329965, -0.03745545074343681, -0.9992970824241638, 1.5885474681854248], [-0.31926730275154114, 0.9470181465148926, -0.03499983623623848, -0.10595703125], [0.0, 0.0, 0.0, 1.0]], [[0.002221139147877693, 0.9996262788772583, -0.027248671278357506, 0.0027561187744140625], [-0.026981625705957413, -0.027178911492228508, -0.9992663860321045, 1.5771675109863281], [-0.9996335506439209, 0.0029547675512731075, 0.026911169290542603, -0.07958984375], [0.0, 0.0, 0.0, 1.0]], [[-0.9348546862602234, 0.35490694642066956, -0.009370035491883755, 0.9918212890625], [0.005626521073281765, -0.011578472331166267, -0.9999171495437622, 1.5523228645324707], [-0.3549860417842865, -0.9348299503326416, 0.008827295154333115, -0.118011474609375], [0.0, 0.0, 0.0, 1.0]]], "view": [[0.0, -2.0, 100.0], [-2.0, 0.0, 100.0], [0.0, 0.0, 1.0]], "bev": "bev_4f545737bf3347fbbc9af60b0be9a963.png", "aux": "aux_4f545737bf3347fbbc9af60b0be9a963.npz", "visibility": "visibility_4f545737bf3347fbbc9af60b0be9a963.png", "pose": [[-0.30554303526878357, 0.9521782994270325, 0.0, 403.1147766113281], [-0.9521782994270325, -0.30554303526878357, 0.0, 1157.5179443359375], [0.0, 0.0, 1.0, 0.0], [0.0, 0.0, 0.0, 1.0]], "pose_inverse": [[-0.30554303526878357, -0.9521782994270325, 0.0, 1225.3323974609375], [0.9521782994270325, -0.30554303526878357, 0.0, -30.16559600830078], [0.0, 0.0, 1.0, 0.0], [0.0, 0.0, 0.0, 1.0]], "cam_ids": [0, 1, 2, 3, 4, 5], "cam_channels": ["CAM_FRONT_LEFT", "CAM_FRONT", "CAM_FRONT_RIGHT", "CAM_BACK_LEFT", "CAM_BACK", "CAM_BACK_RIGHT"], "token": "4f545737bf3347fbbc9af60b0be9a963", "scene": "scene-0061"}, {"images": ["samples/CAM_FRONT_LEFT/n015-2018-07-24-11-22-45+0800__CAM_FRONT_LEFT__1532402931154844.jpg", "samples/CAM_FRONT/n015-2018-07-24-11-22-45+0800__CAM_FRONT__1532402931162460.jpg", "samples/CAM_FRONT_RIGHT/n015-2018-07-24-11-22-45+0800__CAM_FRONT_RIGHT__1532402931170339.jpg", "samples/CAM_BACK_LEFT/n015-2018-07-24-11-22-45+0800__CAM_BACK_LEFT__1532402931197423.jpg", "samples/CAM_BACK/n015-2018-07-24-11-22-45+0800__CAM_BACK__1532402931187525.jpg", "samples/CAM_BACK_RIGHT/n015-2018-07-24-11-22-45+0800__CAM_BACK_RIGHT__1532402931177893.jpg"], "intrinsics": [[[1272.5979470598488, 0.0, 826.6154927353808], [0.0, 1272.5979470598488, 479.75165386361925], [0.0, 0.0, 1.0]], [[1266.417203046554, 0.0, 816.2670197447984], [0.0, 1266.417203046554, 491.50706579294757], [0.0, 0.0, 1.0]], [[1260.8474446004698, 0.0, 807.968244525554], [0.0, 1260.8474446004698, 495.3344268742088], [0.0, 0.0, 1.0]], [[1256.7414812095406, 0.0, 792.1125740759628], [0.0, 1256.7414812095406, 492.7757465151356], [0.0, 0.0, 1.0]], [[809.2209905677063, 0.0, 829.2196003259838], [0.0, 809.2209905677063, 481.77842384512485], [0.0, 0.0, 1.0]], [[1259.5137405846733, 0.0, 807.2529053838625], [0.0, 1259.5137405846733, 501.19579884916527], [0.0, 0.0, 1.0]]], "extrinsics": [[[0.8211053013801575, -0.5707750916481018, 0.001401454326696694, -0.703857421875], [-0.015086499974131584, -0.024157486855983734, -0.9995943307876587, 1.5035209655761719], [0.5705772638320923, 0.8207510113716125, -0.02844683639705181, -1.10125732421875], [0.0, 0.0, 0.0, 1.0]], [[0.006427297368645668, -0.9995872378349304, 0.027999920770525932, 0.00848388671875], [-0.020348742604255676, -0.028125440701842308, -0.9993972778320312, 1.5152645111083984], [0.9997722506523132, 0.005853645037859678, -0.020521113649010658, -1.4310302734375], [0.0, 0.0, 0.0, 1.0]], [[-0.8326091170310974, -0.5535604953765869, 0.018243448808789253, 0.86322021484375], [-0.014722401276230812, -0.010807128623127937, -0.9998332262039185, 1.5006542205810547], [0.553665280342102, -0.8327388763427734, 0.0008483752026222646, -1.13458251953125], [0.0, 0.0, 0.0, 1.0]], [[0.9474366903305054, 0.31938305497169495, -0.018926357850432396, -1.1326904296875], [-0.006156517192721367, -0.04094523936510086, -0.9991424083709717, 1.5885167121887207], [-0.3198840618133545, 0.9467406868934631, -0.0368267297744751, -0.107513427734375], [0.0, 0.0, 0.0, 1.0]], [[0.0017678956501185894, 0.9995156526565552, -0.031072372570633888, 0.002277374267578125], [-0.031512703746557236, -0.03100130334496498, -0.9990224838256836, 1.5768547058105469], [-0.9995018243789673, 0.002745314734056592, 0.031442634761333466, -0.078125], [0.0, 0.0, 0.0, 1.0]], [[-0.9350452423095703, 0.3544660210609436, -0.006644356995820999, 0.99609375], [0.0011338258627802134, -0.015751440078020096, -0.9998753070831299, 1.5516369342803955], [-0.35452648997306824, -0.9349362850189209, 0.014326406642794609, -0.115631103515625], [0.0, 0.0, 0.0, 1.0]]], "view": [[0.0, -2.0, 100.0], [-2.0, 0.0, 100.0], [0.0, 0.0, 1.0]], "bev": "bev_7626dde27d604ac28a0240bdd54eba7a.png", "aux": "aux_7626dde27d604ac28a0240bdd54eba7a.npz", "visibility": "visibility_7626dde27d604ac28a0240bdd54eba7a.png", "pose": [[-0.30115562677383423, 0.9535750150680542, 0.0, 401.8820495605469], [-0.9535750150680542, -0.30115562677383423, 0.0, 1153.72314453125], [0.0, 0.0, 1.0, 0.0], [0.0, 0.0, 0.0, 1.0]], "pose_inverse": [[-0.30115562677383423, -0.9535750150680542, 0.0, 1221.1905517578125], [0.9535750150680542, -0.30115562677383423, 0.0, -35.77447509765625], [0.0, 0.0, 1.0, 0.0], [0.0, 0.0, 0.0, 1.0]], "cam_ids": [0, 1, 2, 3, 4, 5], "cam_channels": ["CAM_FRONT_LEFT", "CAM_FRONT", "CAM_FRONT_RIGHT", "CAM_BACK_LEFT", "CAM_BACK", "CAM_BACK_RIGHT"], "token": "7626dde27d604ac28a0240bdd54eba7a", "scene": "scene-0061"}, {"images": ["samples/CAM_FRONT_LEFT/n015-2018-07-24-11-22-45+0800__CAM_FRONT_LEFT__1532402931654844.jpg", "samples/CAM_FRONT/n015-2018-07-24-11-22-45+0800__CAM_FRONT__1532402931662460.jpg", "samples/CAM_FRONT_RIGHT/n015-2018-07-24-11-22-45+0800__CAM_FRONT_RIGHT__1532402931670339.jpg", "samples/CAM_BACK_LEFT/n015-2018-07-24-11-22-45+0800__CAM_BACK_LEFT__1532402931697423.jpg", "samples/CAM_BACK/n015-2018-07-24-11-22-45+0800__CAM_BACK__1532402931687525.jpg", "samples/CAM_BACK_RIGHT/n015-2018-07-24-11-22-45+0800__CAM_BACK_RIGHT__1532402931677893.jpg"], "intrinsics": [[[1272.5979470598488, 0.0, 826.6154927353808], [0.0, 1272.5979470598488, 479.75165386361925], [0.0, 0.0, 1.0]], [[1266.417203046554, 0.0, 816.2670197447984], [0.0, 1266.417203046554, 491.50706579294757], [0.0, 0.0, 1.0]], [[1260.8474446004698, 0.0, 807.968244525554], [0.0, 1260.8474446004698, 495.3344268742088], [0.0, 0.0, 1.0]], [[1256.7414812095406, 0.0, 792.1125740759628], [0.0, 1256.7414812095406, 492.7757465151356], [0.0, 0.0, 1.0]], [[809.2209905677063, 0.0, 829.2196003259838], [0.0, 809.2209905677063, 481.77842384512485], [0.0, 0.0, 1.0]], [[1259.5137405846733, 0.0, 807.2529053838625], [0.0, 1259.5137405846733, 501.19579884916527], [0.0, 0.0, 1.0]]], "extrinsics": [[[0.8206045627593994, -0.5714934468269348, 0.0018296624766662717, -0.7266845703125], [-0.011361216194927692, -0.01951424591243267, -0.9997450113296509, 1.5050029754638672], [0.5713834166526794, 0.820374608039856, -0.022506339475512505, -1.11669921875], [0.0, 0.0, 0.0, 1.0]], [[0.005620842799544334, -0.9997103810310364, 0.02339993789792061, 0.007915496826171875], [-0.01639123633503914, -0.023489274084568024, -0.999589741230011, 1.5166759490966797], [0.9998498558998108, 0.0052349562756717205, -0.016518516466021538, -1.4544677734375], [0.0, 0.0, 0.0, 1.0]], [[-0.8329789042472839, -0.5531704425811768, 0.012192340567708015, 0.87908935546875], [-0.0105361333116889, -0.0061736018396914005, -0.9999253749847412, 1.5017032623291016], [0.5532044172286987, -0.8330451846122742, -0.0006857957923784852, -1.1455078125], [0.0, 0.0, 0.0, 1.0]], [[0.9477091431617737, 0.31887584924697876, -0.012871702201664448, -1.1414794921875], [-0.0013775984989479184, -0.03624504804611206, -0.9993419647216797, 1.5885556936264038], [-0.31913256645202637, 0.9471032023429871, -0.03391047939658165, -0.10394287109375], [0.0, 0.0, 0.0, 1.0]], [[0.0022409074008464813, 0.9996516704559326, -0.026296667754650116, 0.00249481201171875], [-0.026924345642328262, -0.026226883754134178, -0.9992933869361877, 1.5775127410888672], [-0.9996349811553955, 0.0029473737813532352, 0.0268561951816082, -0.0670166015625], [0.0, 0.0, 0.0, 1.0]], [[-0.9348621368408203, 0.3548949062824249, -0.009072660468518734, 1.0107421875], [0.005506687797605991, -0.01105672400444746, -0.9999237060546875, 1.5521974563598633], [-0.35496819019317627, -0.9348409175872803, 0.008382217958569527, -0.110382080078125], [0.0, 0.0, 0.0, 1.0]]], "view": [[0.0, -2.0, 100.0], [-2.0, 0.0, 100.0], [0.0, 0.0, 1.0]], "bev": "bev_be99ffc878b24aca8956bbb4e0f97d0c.png", "aux": "aux_be99ffc878b24aca8956bbb4e0f97d0c.npz", "visibility": "visibility_be99ffc878b24aca8956bbb4e0f97d0c.png", "pose": [[-0.29183438420295715, 0.9564688801765442, 0.0, 400.8414001464844], [-0.9564688801765442, -0.29183438420295715, 0.0, 1150.4041748046875], [0.0, 0.0, 1.0, 0.0], [0.0, 0.0, 0.0, 1.0]], "pose_inverse": [[-0.29183438420295715, -0.9564688801765442, 0.0, 1217.3050537109375], [0.9564688801765442, -0.29183438420295715, 0.0, -47.664833068847656], [0.0, 0.0, 1.0, 0.0], [0.0, 0.0, 0.0, 1.0]], "cam_ids": [0, 1, 2, 3, 4, 5], "cam_channels": ["CAM_FRONT_LEFT", "CAM_FRONT", "CAM_FRONT_RIGHT", "CAM_BACK_LEFT", "CAM_BACK", "CAM_BACK_RIGHT"], "token": "be99ffc878b24aca8956bbb4e0f97d0c", "scene": "scene-0061"}, {"images": ["samples/CAM_FRONT_LEFT/n015-2018-07-24-11-22-45+0800__CAM_FRONT_LEFT__1532402932154844.jpg", "samples/CAM_FRONT/n015-2018-07-24-11-22-45+0800__CAM_FRONT__1532402932162460.jpg", "samples/CAM_FRONT_RIGHT/n015-2018-07-24-11-22-45+0800__CAM_FRONT_RIGHT__1532402932170339.jpg", "samples/CAM_BACK_LEFT/n015-2018-07-24-11-22-45+0800__CAM_BACK_LEFT__1532402932197423.jpg", "samples/CAM_BACK/n015-2018-07-24-11-22-45+0800__CAM_BACK__1532402932187525.jpg", "samples/CAM_BACK_RIGHT/n015-2018-07-24-11-22-45+0800__CAM_BACK_RIGHT__1532402932177893.jpg"], "intrinsics": [[[1272.5979470598488, 0.0, 826.6154927353808], [0.0, 1272.5979470598488, 479.75165386361925], [0.0, 0.0, 1.0]], [[1266.417203046554, 0.0, 816.2670197447984], [0.0, 1266.417203046554, 491.50706579294757], [0.0, 0.0, 1.0]], [[1260.8474446004698, 0.0, 807.968244525554], [0.0, 1260.8474446004698, 495.3344268742088], [0.0, 0.0, 1.0]], [[1256.7414812095406, 0.0, 792.1125740759628], [0.0, 1256.7414812095406, 492.7757465151356], [0.0, 0.0, 1.0]], [[809.2209905677063, 0.0, 829.2196003259838], [0.0, 809.2209905677063, 481.77842384512485], [0.0, 0.0, 1.0]], [[1259.5137405846733, 0.0, 807.2529053838625], [0.0, 1259.5137405846733, 501.19579884916527], [0.0, 0.0, 1.0]]], "extrinsics": [[[0.8199993371963501, -0.5723630785942078, -0.0012634743470698595, -0.7276611328125], [-0.011739666573703289, -0.014611819759011269, -0.9998243451118469, 1.5048704147338867], [0.5722440481185913, 0.819870114326477, -0.018701035529375076, -1.11572265625], [0.0, 0.0, 0.0, 1.0]], [[0.004761926829814911, -0.9998160600662231, 0.01857476867735386, 0.006816864013671875], [-0.01699787937104702, -0.018653227016329765, -0.9996815323829651, 1.5165119171142578], [0.9998441338539124, 0.004444648511707783, -0.017083577811717987, -1.455078125], [0.0, 0.0, 0.0, 1.0]], [[-0.8333500623703003, -0.552650511264801, 0.010250565595924854, 0.8790283203125], [-0.011321351863443851, -0.0014751608250662684, -0.9999347925186157, 1.5015583038330078], [0.5526295900344849, -0.8334118127822876, -0.00502742500975728, -1.14654541015625], [0.0, 0.0, 0.0, 1.0]], [[0.9476932883262634, 0.3189331293106079, -0.012611541897058487, -1.1400146484375], [-0.0025415089912712574, -0.03197060152888298, -0.9994855523109436, 1.5885522365570068], [-0.3191722631454468, 0.9472377896308899, -0.02948775514960289, -0.104461669921875], [0.0, 0.0, 0.0, 1.0]], [[0.0025011871475726366, 0.9997548460960388, -0.02199862338602543, 0.002773284912109375], [-0.027974629774689674, -0.021920131519436836, -0.9993682503700256, 1.5774421691894531], [-0.9996054768562317, 0.0031149890273809433, 0.027912944555282593, -0.066650390625], [0.0, 0.0, 0.0, 1.0]], [[-0.934686005115509, 0.35541248321533203, -0.006635340396314859, 1.011474609375], [0.004607590846717358, -0.0065514822490513325, -0.9999679327011108, 1.5520648956298828], [-0.3554445803165436, -0.9346866011619568, 0.004485984332859516, -0.110748291015625], [0.0, 0.0, 0.0, 1.0]]], "view": [[0.0, -2.0, 100.0], [-2.0, 0.0, 100.0], [0.0, 0.0, 1.0]], "bev": "bev_9813c23a5f1448b09bb7910fea9baf20.png", "aux": "aux_9813c23a5f1448b09bb7910fea9baf20.npz", "visibility": "visibility_9813c23a5f1448b09bb7910fea9baf20.png", "pose": [[-0.28381258249282837, 0.9588797688484192, 0.0, 399.8435363769531], [-0.9588797688484192, -0.28381258249282837, 0.0, 1147.173583984375], [0.0, 0.0, 1.0, 0.0], [0.0, 0.0, 0.0, 1.0]], "pose_inverse": [[-0.28381258249282837, -0.9588797688484192, 0.0, 1213.482177734375], [0.9588797688484192, -0.28381258249282837, 0.0, -57.8195915222168], [0.0, 0.0, 1.0, 0.0], [0.0, 0.0, 0.0, 1.0]], "cam_ids": [0, 1, 2, 3, 4, 5], "cam_channels": ["CAM_FRONT_LEFT", "CAM_FRONT", "CAM_FRONT_RIGHT", "CAM_BACK_LEFT", "CAM_BACK", "CAM_BACK_RIGHT"], "token": "9813c23a5f1448b09bb7910fea9baf20", "scene": "scene-0061"}, {"images": ["samples/CAM_FRONT_LEFT/n015-2018-07-24-11-22-45+0800__CAM_FRONT_LEFT__1532402932604844.jpg", "samples/CAM_FRONT/n015-2018-07-24-11-22-45+0800__CAM_FRONT__1532402932612460.jpg", "samples/CAM_FRONT_RIGHT/n015-2018-07-24-11-22-45+0800__CAM_FRONT_RIGHT__1532402932620339.jpg", "samples/CAM_BACK_LEFT/n015-2018-07-24-11-22-45+0800__CAM_BACK_LEFT__1532402932647423.jpg", "samples/CAM_BACK/n015-2018-07-24-11-22-45+0800__CAM_BACK__1532402932637525.jpg", "samples/CAM_BACK_RIGHT/n015-2018-07-24-11-22-45+0800__CAM_BACK_RIGHT__1532402932627893.jpg"], "intrinsics": [[[1272.5979470598488, 0.0, 826.6154927353808], [0.0, 1272.5979470598488, 479.75165386361925], [0.0, 0.0, 1.0]], [[1266.417203046554, 0.0, 816.2670197447984], [0.0, 1266.417203046554, 491.50706579294757], [0.0, 0.0, 1.0]], [[1260.8474446004698, 0.0, 807.968244525554], [0.0, 1260.8474446004698, 495.3344268742088], [0.0, 0.0, 1.0]], [[1256.7414812095406, 0.0, 792.1125740759628], [0.0, 1256.7414812095406, 492.7757465151356], [0.0, 0.0, 1.0]], [[809.2209905677063, 0.0, 829.2196003259838], [0.0, 809.2209905677063, 481.77842384512485], [0.0, 0.0, 1.0]], [[1259.5137405846733, 0.0, 807.2529053838625], [0.0, 1259.5137405846733, 501.19579884916527], [0.0, 0.0, 1.0]]], "extrinsics": [[[0.8200273513793945, -0.5723229646682739, -0.0012051656376570463, -0.7388916015625], [-0.010943517088890076, -0.013574503362178802, -0.999847948551178, 1.5052471160888672], [0.5722196102142334, 0.8199158906936646, -0.017394689843058586, -1.123291015625], [0.0, 0.0, 0.0, 1.0]], [[0.004775497131049633, -0.9998382329940796, 0.017335908487439156, 0.00670623779296875], [-0.016245689243078232, -0.01741138845682144, -0.9997164011001587, 1.5168800354003906], [0.9998565912246704, 0.004492504987865686, -0.016326209530234337, -1.466796875], [0.0, 0.0, 0.0, 1.0]], [[-0.8333483338356018, -0.5526776313781738, 0.008831514976918697, 0.887451171875], [-0.01060938835144043, 1.863735269580502e-05, -0.9999436736106873, 1.501795768737793], [0.5526463389396667, -0.8333951830863953, -0.005879101809114218, -1.15216064453125], [0.0, 0.0, 0.0, 1.0]], [[0.9476884007453918, 0.3189888298511505, -0.011522375047206879, -1.14306640625], [-0.0020546703599393368, -0.030000979080796242, -0.9995477795600891, 1.5885590314865112], [-