[{"images": ["samples/CAM_FRONT_LEFT/n015-2018-08-02-17-28-51+0800__CAM_FRONT_LEFT__1533202377904844.jpg", "samples/CAM_FRONT/n015-2018-08-02-17-28-51+0800__CAM_FRONT__1533202377912460.jpg", "samples/CAM_FRONT_RIGHT/n015-2018-08-02-17-28-51+0800__CAM_FRONT_RIGHT__1533202377920339.jpg", "samples/CAM_BACK_LEFT/n015-2018-08-02-17-28-51+0800__CAM_BACK_LEFT__1533202377947423.jpg", "samples/CAM_BACK/n015-2018-08-02-17-28-51+0800__CAM_BACK__1533202377937525.jpg", "samples/CAM_BACK_RIGHT/n015-2018-08-02-17-28-51+0800__CAM_BACK_RIGHT__1533202377927893.jpg"], "intrinsics": [[[1272.5979470598488, 0.0, 826.6154927353808], [0.0, 1272.5979470598488, 479.75165386361925], [0.0, 0.0, 1.0]], [[1266.417203046554, 0.0, 816.2670197447984], [0.0, 1266.417203046554, 491.50706579294757], [0.0, 0.0, 1.0]], [[1260.8474446004698, 0.0, 807.968244525554], [0.0, 1260.8474446004698, 495.3344268742088], [0.0, 0.0, 1.0]], [[1256.7414812095406, 0.0, 792.1125740759628], [0.0, 1256.7414812095406, 492.7757465151356], [0.0, 0.0, 1.0]], [[809.2209905677063, 0.0, 829.2196003259838], [0.0, 809.2209905677063, 481.77842384512485], [0.0, 0.0, 1.0]], [[1259.5137405846733, 0.0, 807.2529053838625], [0.0, 1259.5137405846733, 501.19579884916527], [0.0, 0.0, 1.0]]], "extrinsics": [[[0.8207728266716003, -0.57118159532547, 0.009136378765106201, -0.628662109375], [0.0008873734623193741, -0.014718702994287014, -0.9998912811279297, 1.5086498260498047], [0.5712539553642273, 0.8206917643547058, -0.011573861353099346, -1.0494384765625], [0.0, 0.0, 0.0, 1.0]], [[0.0056816102005541325, -0.9998067021369934, 0.018820371478796005, 0.0091552734375], [-0.004479656461626291, -0.0188459362834692, -0.9998124241828918, 1.5190620422363281], [0.9999738335609436, 0.005596284754574299, -0.004585866816341877, -1.3538818359375], [0.0, 0.0, 0.0, 1.0]], [[-0.8329313397407532, -0.5533764362335205, 4.973587783752009e-05, 0.811553955078125], [0.0010728887282311916, -0.0017047676956281066, -0.9999979734420776, 1.5039341449737549], [0.5533753633499146, -0.8329294919967651, 0.0020136672537773848, -1.0997314453125], [0.0, 0.0, 0.0, 1.0]], [[0.9477019906044006, 0.31915390491485596, -0.001340068643912673, -1.1273193359375], [0.009461808018386364, -0.03229251876473427, -0.9994336366653442, 1.5887222290039062], [-0.3190164268016815, 0.9471526145935059, -0.033623456954956055, -0.109375], [0.0, 0.0, 0.0, 1.0]], [[0.0024236582685261965, 0.9997497200965881, -0.02224213443696499, 0.002197265625], [-0.015861038118600845, -0.022200971841812134, -0.9996277093887329, 1.5776596069335938], [-0.9998713135719299, 0.0027755405753850937, 0.01580326072871685, -0.1065673828125], [0.0, 0.0, 0.0, 1.0]], [[-0.9347508549690247, 0.35483789443969727, -0.01819012314081192, 0.951416015625], [0.016879098489880562, -0.006790040992200375, -0.9998344779014587, 1.554788589477539], [-0.3549026846885681, -0.9349031448364258, 0.0003576556919142604, -0.13232421875], [0.0, 0.0, 0.0, 1.0]]], "view": [[0.0, -2.0, 100.0], [-2.0, 0.0, 100.0], [0.0, 0.0, 1.0]], "bev": "bev_b36e66efb3224ca2ab745349047b6b25.png", "aux": "aux_b36e66efb3224ca2ab745349047b6b25.npz", "visibility": "visibility_b36e66efb3224ca2ab745349047b6b25.png", "pose": [[-0.4962160885334015, -0.8681990504264832, 0.0, 597.544677734375], [0.8681990504264832, -0.4962160885334015, 0.0, 1602.8184814453125], [0.0, 0.0, 1.0, 0.0], [0.0, 0.0, 0.0, 1.0]], "pose_inverse": [[-0.4962160885334015, 0.8681990504264832, 0.0, -1095.05419921875], [-0.8681990504264832, -0.4962160885334015, 0.0, 1314.132080078125], [0.0, 0.0, 1.0, 0.0], [0.0, 0.0, 0.0, 1.0]], "cam_ids": [0, 1, 2, 3, 4, 5], "cam_channels": ["CAM_FRONT_LEFT", "CAM_FRONT", "CAM_FRONT_RIGHT", "CAM_BACK_LEFT", "CAM_BACK", "CAM_BACK_RIGHT"], "token": "b36e66efb3224ca2ab745349047b6b25", "scene": "scene-0350"}, {"images": ["samples/CAM_FRONT_LEFT/n015-2018-08-02-17-28-51+0800__CAM_FRONT_LEFT__1533202378354844.jpg", "samples/CAM_FRONT/n015-2018-08-02-17-28-51+0800__CAM_FRONT__1533202378362460.jpg", "samples/CAM_FRONT_RIGHT/n015-2018-08-02-17-28-51+0800__CAM_FRONT_RIGHT__1533202378370339.jpg", "samples/CAM_BACK_LEFT/n015-2018-08-02-17-28-51+0800__CAM_BACK_LEFT__1533202378397423.jpg", "samples/CAM_BACK/n015-2018-08-02-17-28-51+0800__CAM_BACK__1533202378387525.jpg", "samples/CAM_BACK_RIGHT/n015-2018-08-02-17-28-51+0800__CAM_BACK_RIGHT__1533202378377893.jpg"], "intrinsics": [[[1272.5979470598488, 0.0, 826.6154927353808], [0.0, 1272.5979470598488, 479.75165386361925], [0.0, 0.0, 1.0]], [[1266.417203046554, 0.0, 816.2670197447984], [0.0, 1266.417203046554, 491.50706579294757], [0.0, 0.0, 1.0]], [[1260.8474446004698, 0.0, 807.968244525554], [0.0, 1260.8474446004698, 495.3344268742088], [0.0, 0.0, 1.0]], [[1256.7414812095406, 0.0, 792.1125740759628], [0.0, 1256.7414812095406, 492.7757465151356], [0.0, 0.0, 1.0]], [[809.2209905677063, 0.0, 829.2196003259838], [0.0, 809.2209905677063, 481.77842384512485], [0.0, 0.0, 1.0]], [[1259.5137405846733, 0.0, 807.2529053838625], [0.0, 1259.5137405846733, 501.19579884916527], [0.0, 0.0, 1.0]]], "extrinsics": [[[0.8206290602684021, -0.5713415741920471, 0.011695035733282566, -0.628173828125], [-0.001511534210294485, -0.02263520658016205, -0.9997426271438599, 1.5076484680175781], [0.571459174156189, 0.8204002380371094, -0.019438710063695908, -1.046875], [0.0, 0.0, 0.0, 1.0]], [[0.0054764701053500175, -0.9996254444122314, 0.02681194804608822, 0.007568359375], [-0.006904445588588715, -0.02684950828552246, -0.9996156692504883, 1.5182209014892578], [0.9999610781669617, 0.005289250519126654, -0.00704889977350831, -1.3544921875], [0.0, 0.0, 0.0, 1.0]], [[-0.8330501914024353, -0.5531586408615112, 0.006551139988005161, 0.8129425048828125], [-0.0013524348614737391, -0.009805816225707531, -0.9999509453773499, 1.5032920837402344], [0.5531957149505615, -0.8330181241035461, 0.007420626934617758, -1.102294921875], [0.0, 0.0, 0.0, 1.0]], [[0.9478020071983337, 0.31879866123199463, -0.0062141818925738335, -1.1329345703125], [0.007122490555047989, -0.0406513512134552, -0.9991480112075806, 1.5886154174804688], [-0.3187796473503113, 0.9469502568244934, -0.040800079703330994, -0.106689453125], [0.0, 0.0, 0.0, 1.0]], [[0.0025699837133288383, 0.9995307922363281, -0.030520426109433174, 0.0028076171875], [-0.018224233761429787, -0.030468644574284554, -0.9993695616722107, 1.5774955749511719], [-0.9998306632041931, 0.0031245960853993893, 0.018137378618121147, -0.1007080078125], [0.0, 0.0, 0.0, 1.0]], [[-0.9347253441810608, 0.3548710346221924, -0.018843552097678185, 0.955810546875], [0.014470892027020454, -0.0149720823392272, -0.9997831583023071, 1.5542488098144531], [-0.35507622361183167, -0.9347953796386719, 0.00885948445647955, -0.1317138671875], [0.0, 0.0, 0.0, 1.0]]], "view": [[0.0, -2.0, 100.0], [-2.0, 0.0, 100.0], [0.0, 0.0, 1.0]], "bev": "bev_468160e4408e428d9e572617ea90575a.png", "aux": "aux_468160e4408e428d9e572617ea90575a.npz", "visibility": "visibility_468160e4408e428d9e572617ea90575a.png", "pose": [[-0.5007185339927673, -0.8656101226806641, 0.0, 595.4574584960938], [0.8656101226806641, -0.5007185339927673, 0.0, 1606.45068359375], [0.0, 0.0, 1.0, 0.0], [0.0, 0.0, 0.0, 1.0]], "pose_inverse": [[-0.5007185339927673, 0.8656101226806641, 0.0, -1092.4034423828125], [-0.8656101226806641, -0.5007185339927673, 0.0, 1319.813720703125], [0.0, 0.0, 1.0, 0.0], [0.0, 0.0, 0.0, 1.0]], "cam_ids": [0, 1, 2, 3, 4, 5], "cam_channels": ["CAM_FRONT_LEFT", "CAM_FRONT", "CAM_FRONT_RIGHT", "CAM_BACK_LEFT", "CAM_BACK", "CAM_BACK_RIGHT"], "token": "468160e4408e428d9e572617ea90575a", "scene": "scene-0350"}, {"images": ["samples/CAM_FRONT_LEFT/n015-2018-08-02-17-28-51+0800__CAM_FRONT_LEFT__1533202378854844.jpg", "samples/CAM_FRONT/n015-2018-08-02-17-28-51+0800__CAM_FRONT__1533202378862460.jpg", "samples/CAM_FRONT_RIGHT/n015-2018-08-02-17-28-51+0800__CAM_FRONT_RIGHT__1533202378870339.jpg", "samples/CAM_BACK_LEFT/n015-2018-08-02-17-28-51+0800__CAM_BACK_LEFT__1533202378897423.jpg", "samples/CAM_BACK/n015-2018-08-02-17-28-51+0800__CAM_BACK__1533202378887534.jpg", "samples/CAM_BACK_RIGHT/n015-2018-08-02-17-28-51+0800__CAM_BACK_RIGHT__1533202378877893.jpg"], "intrinsics": [[[1272.5979470598488, 0.0, 826.6154927353808], [0.0, 1272.5979470598488, 479.75165386361925], [0.0, 0.0, 1.0]], [[1266.417203046554, 0.0, 816.2670197447984], [0.0, 1266.417203046554, 491.50706579294757], [0.0, 0.0, 1.0]], [[1260.8474446004698, 0.0, 807.968244525554], [0.0, 1260.8474446004698, 495.3344268742088], [0.0, 0.0, 1.0]], [[1256.7414812095406, 0.0, 792.1125740759628], [0.0, 1256.7414812095406, 492.7757465151356], [0.0, 0.0, 1.0]], [[809.2209905677063, 0.0, 829.2196003259838], [0.0, 809.2209905677063, 481.77842384512485], [0.0, 0.0, 1.0]], [[1259.5137405846733, 0.0, 807.2529053838625], [0.0, 1259.5137405846733, 501.19579884916527], [0.0, 0.0, 1.0]]], "extrinsics": [[[0.8204768896102905, -0.5714437961578369, 0.016416674479842186, -0.630126953125], [0.0008154272800311446, -0.02754671685397625, -0.9996201395988464, 1.5086479187011719], [0.5716789960861206, 0.8201788067817688, -0.022135475650429726, -1.04998779296875], [0.0, 0.0, 0.0, 1.0]], [[0.00521934125572443, -0.9994906783103943, 0.03148237615823746, 0.0087890625], [-0.005057165864855051, -0.031508784741163254, -0.9994906783103943, 1.5188980102539062], [0.9999735951423645, 0.0050574359484016895, -0.005219043232500553, -1.3570556640625], [0.0, 0.0, 0.0, 1.0]], [[-0.8331688046455383, -0.5529617667198181, 0.00793661829084158, 0.815216064453125], [-9.355793736176565e-05, -0.014210507273674011, -0.9998990297317505, 1.5036468505859375], [0.5530187487602234, -0.8330853581428528, 0.0117880180478096, -1.102783203125], [0.0, 0.0, 0.0, 1.0]], [[0.9478111863136292, 0.31872496008872986, -0.008264354430139065, -1.13446044921875], [0.0060815331526100636, -0.04398886486887932, -0.9990134835243225, 1.5886077880859375], [-0.3187740743160248, 0.9468259215354919, -0.043631475418806076, -0.1064453125], [0.0, 0.0, 0.0, 1.0]], [[0.0026779239997267723, 0.9994078278541565, -0.03430510684847832, 0.0025634765625], [-0.01839456520974636, -0.03425019234418869, -0.9992440342903137, 1.5775222778320312], [-0.9998271465301514, 0.003306896658614278, 0.018291953951120377, -0.0989990234375], [0.0, 0.0, 0.0, 1.0]], [[-0.9346495866775513, 0.3549538254737854, -0.020924894139170647, 0.95751953125], [0.015118546783924103, -0.0191239845007658, -0.9997028112411499, 1.5543594360351562], [-0.3552485406398773, -0.9346882700920105, 0.012507837265729904, -0.13043212890625], [0.0, 0.0, 0.0, 1.0]]], "view": [[0.0, -2.0, 100.0], [-2.0, 0.0, 100.0], [0.0, 0.0, 1.0]], "bev": "bev_7b0c3e81a6a6479ea51f73163e06faf9.png", "aux": "aux_7b0c3e81a6a6479ea51f73163e06faf9.npz", "visibility": "visibility_7b0c3e81a6a6479ea51f73163e06faf9.png", "pose": [[-0.5034326314926147, -0.8640344738960266, 0.0, 593.131591796875], [0.8640344738960266, -0.5034326314926147, 0.0, 1610.5106201171875], [0.0, 0.0, 1.0, 0.0], [0.0, 0.0, 0.0, 1.0]], "pose_inverse": [[-0.5034326314926147, 0.8640344738960266, 0.0, -1092.934814453125], [-0.8640344738960266, -0.5034326314926147, 0.0, 1323.269775390625], [0.0, 0.0, 1.0, 0.0], [0.0, 0.0, 0.0, 1.0]], "cam_ids": [0, 1, 2, 3, 4, 5], "cam_channels": ["CAM_FRONT_LEFT", "CAM_FRONT", "CAM_FRONT_RIGHT", "CAM_BACK_LEFT", "CAM_BACK", "CAM_BACK_RIGHT"], "token": "7b0c3e81a6a6479ea51f73163e06faf9", "scene": "scene-0350"}, {"images": ["samples/CAM_FRONT_LEFT/n015-2018-08-02-17-28-51+0800__CAM_FRONT_LEFT__1533202379404844.jpg", "samples/CAM_FRONT/n015-2018-08-02-17-28-51+0800__CAM_FRONT__1533202379412460.jpg", "samples/CAM_FRONT_RIGHT/n015-2018-08-02-17-28-51+0800__CAM_FRONT_RIGHT__1533202379420339.jpg", "samples/CAM_BACK_LEFT/n015-2018-08-02-17-28-51+0800__CAM_BACK_LEFT__1533202379447423.jpg", "samples/CAM_BACK/n015-2018-08-02-17-28-51+0800__CAM_BACK__1533202379437525.jpg", "samples/CAM_BACK_RIGHT/n015-2018-08-02-17-28-51+0800__CAM_BACK_RIGHT__1533202379427893.jpg"], "intrinsics": [[[1272.5979470598488, 0.0, 826.6154927353808], [0.0, 1272.5979470598488, 479.75165386361925], [0.0, 0.0, 1.0]], [[1266.417203046554, 0.0, 816.2670197447984], [0.0, 1266.417203046554, 491.50706579294757], [0.0, 0.0, 1.0]], [[1260.8474446004698, 0.0, 807.968244525554], [0.0, 1260.8474446004698, 495.3344268742088], [0.0, 0.0, 1.0]], [[1256.7414812095406, 0.0, 792.1125740759628], [0.0, 1256.7414812095406, 492.7757465151356], [0.0, 0.0, 1.0]], [[809.2209905677063, 0.0, 829.2196003259838], [0.0, 809.2209905677063, 481.77842384512485], [0.0, 0.0, 1.0]], [[1259.5137405846733, 0.0, 807.2529053838625], [0.0, 1259.5137405846733, 501.19579884916527], [0.0, 0.0, 1.0]]], "extrinsics": [[[0.8199216723442078, -0.5723642706871033, 0.01129662711173296, -0.61328125], [-0.011442859657108784, -0.03611470013856888, -0.9992821216583252, 1.5033493041992188], [0.5723613500595093, 0.819203794002533, -0.03616070747375488, -1.034912109375], [0.0, 0.0, 0.0, 1.0]], [[0.004587902687489986, -0.9991782307624817, 0.04027251899242401, 0.0067138671875], [-0.01684032380580902, -0.04034443572163582, -0.9990439414978027, 1.5145797729492188], [0.9998475909233093, 0.0039053296204656363, -0.017011579126119614, -1.338623046875], [0.0, 0.0, 0.0, 1.0]], [[-0.8334552049636841, -0.5521365404129028, 0.022309349849820137, 0.8018798828125], [-0.011298016645014286, -0.02333744987845421, -0.999663770198822, 1.5005226135253906], [0.5524715185165405, -0.8334270715713501, 0.013212672434747219, -1.095703125], [0.0, 0.0, 0.0, 1.0]], [[0.9476960897445679, 0.3185434341430664, -0.02005261369049549, -1.1324462890625], [-0.002928403439000249, -0.05414606258273125, -0.9985287189483643, 1.5885391235351562], [-0.3191605806350708, 0.94636070728302, -0.050381191074848175, -0.107666015625], [0.0, 0.0, 0.0, 1.0]], [[0.002665426814928651, 0.9990256428718567, -0.044056668877601624, 0.0028076171875], [-0.028238236904144287, -0.043964069336652756, -0.9986339211463928, 1.5763187408447266], [-0.9995976686477661, 0.0039059019181877375, 0.028093531727790833, -0.1058349609375], [0.0, 0.0, 0.0, 1.0]], [[-0.9346157908439636, 0.3553697168827057, -0.014344424940645695, 0.947021484375], [0.004500807262957096, -0.028510943055152893, -0.99958336353302, 1.5523643493652344], [-0.3556306064128876, -0.9342910051345825, 0.02504732459783554, -0.13555908203125], [0.0, 0.0, 0.0, 1.0]]], "view": [[0.0, -2.0, 100.0], [-2.0, 0.0, 100.0], [0.0, 0.0, 1.0]], "bev": "bev_5edb904f1f444edc8759ef0793266529.png", "aux": "aux_5edb904f1f444edc8759ef0793266529.npz", "visibility": "visibility_5edb904f1f444edc8759ef0793266529.png", "pose": [[-0.5106484889984131, -0.8597896099090576, 0.0, 590.50439453125], [0.8597896099090576, -0.5106484889984131, 0.0, 1615.0224609375], [0.0, 0.0, 1.0, 0.0], [0.0, 0.0, 0.0, 1.0]], "pose_inverse": [[-0.5106484889984131, 0.8597896099090576, 0.0, -1087.039306640625], [-0.8597896099090576, -0.5106484889984131, 0.0, 1332.4183349609375], [0.0, 0.0, 1.0, 0.0], [0.0, 0.0, 0.0, 1.0]], "cam_ids": [0, 1, 2, 3, 4, 5], "cam_channels": ["CAM_FRONT_LEFT", "CAM_FRONT", "CAM_FRONT_RIGHT", "CAM_BACK_LEFT", "CAM_BACK", "CAM_BACK_RIGHT"], "token": "5edb904f1f444edc8759ef0793266529", "scene": "scene-0350"}, {"images": ["samples/CAM_FRONT_LEFT/n015-2018-08-02-17-28-51+0800__CAM_FRONT_LEFT__1533202379904844.jpg", "samples/CAM_FRONT/n015-2018-08-02-17-28-51+0800__CAM_FRONT__1533202379912460.jpg", "samples/CAM_FRONT_RIGHT/n015-2018-08-02-17-28-51+0800__CAM_FRONT_RIGHT__1533202379920339.jpg", "samples/CAM_BACK_LEFT/n015-2018-08-02-17-28-51+0800__CAM_BACK_LEFT__1533202379947423.jpg", "samples/CAM_BACK/n015-2018-08-02-17-28-51+0800__CAM_BACK__1533202379937525.jpg", "samples/CAM_BACK_RIGHT/n015-2018-08-02-17-28-51+0800__CAM_BACK_RIGHT__1533202379927893.jpg"], "intrinsics": [[[1272.5979470598488, 0.0, 826.6154927353808], [0.0, 1272.5979470598488, 479.75165386361925], [0.0, 0.0, 1.0]], [[1266.417203046554, 0.0, 816.2670197447984], [0.0, 1266.417203046554, 491.50706579294757], [0.0, 0.0, 1.0]], [[1260.8474446004698, 0.0, 807.968244525554], [0.0, 1260.8474446004698, 495.3344268742088], [0.0, 0.0, 1.0]], [[1256.7414812095406, 0.0, 792.1125740759628], [0.0, 1256.7414812095406, 492.7757465151356], [0.0, 0.0, 1.0]], [[809.2209905677063, 0.0, 829.2196003259838], [0.0, 809.2209905677063, 481.77842384512485], [0.0, 0.0, 1.0]], [[1259.5137405846733, 0.0, 807.2529053838625], [0.0, 1259.5137405846733, 501.19579884916527], [0.0, 0.0, 1.0]]], "extrinsics": [[[0.8192479014396667, -0.5734134912490845, 0.00545586459338665, -0.606689453125], [-0.018776284530758858, -0.03633281961083412, -0.9991633296012878, 1.5000286102294922], [0.5731319189071655, 0.8184601068496704, -0.04053216800093651, -1.02947998046875], [0.0, 0.0, 0.0, 1.0]], [[0.0038362531922757626, -0.9991828203201294, 0.04023396596312523, 0.00634765625], [-0.024090789258480072, -0.040314931422472, -0.998896598815918, 1.5117912292480469], [0.9997023940086365, 0.0028627701103687286, -0.024225762113928795, -1.3297119140625], [0.0, 0.0, 0.0, 1.0]], [[-0.8337301015853882, -0.5514560341835022, 0.028112681582570076, 0.794342041015625], [-0.018450487405061722, -0.023062020540237427, -0.9995637536048889, 1.4983739852905273], [0.5518637895584106, -0.833885133266449, 0.009052869863808155, -1.0909423828125], [0.0, 0.0, 0.0, 1.0]], [[0.9475955367088318, 0.3183940052986145, -0.026228876784443855, -1.12091064453125], [-0.00977542158216238, -0.05316489562392235, -0.9985378980636597, 1.5883369445800781], [-0.3193228244781494, 0.9464663863182068, -0.04726638272404671, -0.11083984375], [0.0, 0.0, 0.0, 1.0]], [[0.002755207708105445, 0.9990564584732056, -0.04334518685936928, 0.003173828125], [-0.03522776439785957, -0.043221477419137955, -0.9984442591667175, 1.5752143859863281], [-0.9993755221366882, 0.004277808126062155, 0.035075441002845764, -0.1158447265625], [0.0, 0.0, 0.0, 1.0]], [[-0.9344695210456848, 0.3559626638889313, -0.007562569342553616, 0.9385986328125], [-0.0025842180475592613, -0.02802105061709881, -0.9996039867401123, 1.5509033203125], [-0.3560336232185364, -0.9340800046920776, 0.027104701846837997, -0.13897705078125], [0.0, 0.0, 0.0, 1.0]]], "view": [[0.0, -2.0, 100.0], [-2.0, 0.0, 100.0], [0.0, 0.0, 1.0]], "bev": "bev_f014025f5ee44219863909e74558b965.png", "aux": "aux_f014025f5ee44219863909e74558b965.npz", "visibility": "visibility_f014025f5ee44219863909e74558b965.png", "pose": [[-0.5273191928863525, -0.8496672511100769, 0.0, 588.0054321289062], [0.8496672511100769, -0.5273191928863525, 0.0, 1619.1768798828125], [0.0, 0.0, 1.0, 0.0], [0.0, 0.0, 0.0, 1.0]], "pose_inverse": [[-0.5273191928863525, 0.8496672511100769, 0.0, -1065.695068359375], [-0.8496672511100769, -0.5273191928863525, 0.0, 1353.4320068359375], [0.0, 0.0, 1.0, 0.0], [0.0, 0.0, 0.0, 1.0]], "cam_ids": [0, 1, 2, 3, 4, 5], "cam_channels": ["CAM_FRONT_LEFT", "CAM_FRONT", "CAM_FRONT_RIGHT", "CAM_BACK_LEFT", "CAM_BACK", "CAM_BACK_RIGHT"], "token": "f014025f5ee44219863909e74558b965", "scene": "scene-0350"}, {"images": ["samples/CAM_FRONT_LEFT/n015-2018-08-02-17-28-51+0800__CAM_FRONT_LEFT__1533202380404844.jpg", "samples/CAM_FRONT/n015-2018-08-02-17-28-51+0800__CAM_FRONT__1533202380412460.jpg", "samples/CAM_FRONT_RIGHT/n015-2018-08-02-17-28-51+0800__CAM_FRONT_RIGHT__1533202380420339.jpg", "samples/CAM_BACK_LEFT/n015-2018-08-02-17-28-51+0800__CAM_BACK_LEFT__1533202380447423.jpg", "samples/CAM_BACK/n015-2018-08-02-17-28-51+0800__CAM_BACK__1533202380437525.jpg", "samples/CAM_BACK_RIGHT/n015-2018-08-02-17-28-51+0800__CAM_BACK_RIGHT__1533202380427893.jpg"], "intrinsics": [[[1272.5979470598488, 0.0, 826.6154927353808], [0.0, 1272.5979470598488, 479.75165386361925], [0.0, 0.0, 1.0]], [[1266.417203046554, 0.0, 816.2670197447984], [0.0, 1266.417203046554, 491.50706579294757], [0.0, 0.0, 1.0]], [[1260.8474446004698, 0.0, 807.968244525554], [0.0, 1260.8474446004698, 495.3344268742088], [0.0, 0.0, 1.0]], [[1256.7414812095406, 0.0, 792.1125740759628], [0.0, 1256.7414812095406, 492.7757465151356], [0.0, 0.0, 1.0]], [[809.2209905677063, 0.0, 829.2196003259838], [0.0, 809.2209905677063, 481.77842384512485], [0.0, 0.0, 1.0]], [[1259.5137405846733, 0.0, 807.2529053838625], [0.0, 1259.5137405846733, 501.19579884916527], [0.0, 0.0, 1.0]]], "extrinsics": [[[0.8200817704200745, -0.5722439885139465, 0.0016378589207306504, -0.6103515625], [-0.02042429894208908, -0.03213011845946312, -0.9992749691009521, 1.499490737915039], [0.5718817114830017, 0.8194538354873657, -0.03803700953722, -1.034912109375], [0.0, 0.0, 0.0, 1.0]], [[0.005069439299404621, -0.9993434548377991, 0.0358726792037487, 0.0079345703125], [-0.025698460638523102, -0.03599148988723755, -0.9990216493606567, 1.5113983154296875], [0.9996568560600281, 0.004142634104937315, -0.025864044204354286, -1.3350830078125], [0.0, 0.0, 0.0, 1.0]], [[-0.833182692527771, -0.5523393750190735, 0.026978664100170135, 0.79876708984375], [-0.020039141178131104, -0.01859782636165619, -0.9996262192726135, 1.4980337619781494], [0.552634596824646, -0.8334118127822876, 0.004426984116435051, -1.0926513671875], [0.0, 0.0, 0.0, 1.0]], [[0.9475525617599487, 0.31852981448173523, -0.02612941712141037, -1.125], [-0.011281446553766727, -0.048370350152254105, -0.9987657070159912, 1.5883369445800781], [-0.3194006085395813, 0.9466778635978699, -0.042239975184202194, -0.1092529296875], [0.0, 0.0, 0.0, 1.0]], [[0.0023271534591913223, 0.9992501139640808, -0.038650669157505035, 0.002685546875], [-0.03674008324742317, -0.03853923827409744, -0.9985814690589905, 1.575164794921875], [-0.9993221759796143, 0.0037438797298818827, 0.03662284091114998, -0.1126708984375], [0.0, 0.0, 0.0, 1.0]], [[-0.9347193837165833, 0.35535886883735657, -0.004458519630134106, 0.9415283203125], [-0.004145920276641846, -0.023448210209608078, -0.9997164607048035, 1.550607681274414], [-0.3553626835346222, -0.9344357848167419, 0.023390784859657288, -0.1368408203125], [0.0, 0.0, 0.0, 1.0]]], "view": [[0.0, -2.0, 100.0], [-2.0, 0.0, 100.0], [0.0, 0.0, 1.0]], "bev": "bev_863b041eb1174e72904bd0e25aa126a2.png", "aux": "aux_863b041eb1174e72904bd0e25aa126a2.npz", "visibility": "visibility_863b041eb1174e72904bd0e25aa126a2.png", "pose": [[-0.5414555668830872, -0.8407293558120728, 0.0, 585.424072265625], [0.8407293558120728, -0.5414555668830872, 0.0, 1623.270263671875], [0.0, 0.0, 1.0, 0.0], [0.0, 0.0, 0.0, 1.0]], "pose_inverse": [[-0.5414555668830872, 0.8407293558120728, 0.0, -1047.7498779296875], [-0.8407293558120728, -0.5414555668830872, 0.0, 1371.1119384765625], [0.0, 0.0, 1.0, 0.0], [0.0, 0.0, 0.0, 1.0]], "cam_ids": [0, 1, 2, 3, 4, 5], "cam_channels": ["CAM_FRONT_LEFT", "CAM_FRONT", "CAM_FRONT_RIGHT", "CAM_BACK_LEFT", "CAM_BACK", "CAM_BACK_RIGHT"], "token": "863b041eb1174e72904bd0e25aa126a2", "scene": "scene-0350"}, {"images": ["samples/CAM_FRONT_LEFT/n015-2018-08-02-17-28-51+0800__CAM_FRONT_LEFT__1533202380904844.jpg", "samples/CAM_FRONT/n015-2018-08-02-17-28-51+0800__CAM_FRONT__1533202380912460.jpg", "samples/CAM_FRONT_RIGHT/n015-2018-08-02-17-28-51+0800__CAM_FRONT_RIGHT__1533202380920339.jpg", "samples/CAM_BACK_LEFT/n015-2018-08-02-17-28-51+0800__CAM_BACK_LEFT__1533202380947423.jpg", "samples/CAM_BACK/n015-2018-08-02-17-28-51+0800__CAM_BACK__1533202380937525.jpg", "samples/CAM_BACK_RIGHT/n015-2018-08-02-17-28-51+0800__CAM_BACK_RIGHT__1533202380927893.jpg"], "intrinsics": [[[1272.5979470598488, 0.0, 826.6154927353808], [0.0, 1272.5979470598488, 479.75165386361925], [0.0, 0.0, 1.0]], [[1266.417203046554, 0.0, 816.2670197447984], [0.0, 1266.417203046554, 491.50706579294757], [0.0, 0.0, 1.0]], [[1260.8474446004698, 0.0, 807.968244525554], [0.0, 1260.8474446004698, 495.3344268742088], [0.0, 0.0, 1.0]], [[1256.7414812095406, 0.0, 792.1125740759628], [0.0, 1256.7414812095406, 492.7757465151356], [0.0, 0.0, 1.0]], [[809.2209905677063, 0.0, 829.2196003259838], [0.0, 809.2209905677063, 481.77842384512485], [0.0, 0.0, 1.0]], [[1259.5137405846733, 0.0, 807.2529053838625], [0.0, 1259.5137405846733, 501.19579884916527], [0.0, 0.0, 1.0]]], "extrinsics": [[[0.8205951452255249, -0.5714419484138489, -0.008815428242087364, -0.6041259765625], [-0.027137864381074905, -0.0235535129904747, -0.9993541836738586, 1.4964566230773926], [0.5708652138710022, 0.8203044533729553, -0.034835610538721085, -1.03314208984375], [0.0, 0.0, 0.0, 1.0]], [[0.006049965042620897, -0.9996100068092346, 0.027260608971118927, 0.009765625], [-0.032636262476444244, -0.027443960309028625, -0.9990904927253723, 1.5087509155273438], [0.9994489550590515, 0.005154710728675127, -0.03278956934809685, -1.329345703125], [0.0, 0.0, 0.0, 1.0]], [[-0.832657516002655, -0.553067147731781, 0.028250640258193016, 0.79486083984375], [-0.027228308841586113, -0.010065457783639431, -0.9995785355567932, 1.495863914489746], [0.5531184673309326, -0.8330758213996887, -0.006678004749119282, -1.0885009765625], [0.0, 0.0, 0.0, 1.0]], [[0.9472140669822693, 0.3191036581993103, -0.030957212671637535, -1.11871337890625], [-0.019150028005242348, -0.04007313773036003, -0.9990131855010986, 1.5881004333496094], [-0.3200293481349945, 0.9468722343444824, -0.031846996396780014, -0.1123046875], [0.0, 0.0, 0.0, 1.0]], [[0.0017518086824566126, 0.9995405077934265, -0.03026045486330986, 0.0020751953125], [-0.04437093809247017, -0.030153002589941025, -0.9985599517822266, 1.5740647315979004], [-0.9990136027336121, 0.003091992111876607, 0.0442977249622345, -0.117919921875], [0.0, 0.0, 0.0, 1.0]], [[-0.934868574142456, 0.3549514710903168, 0.005481499247252941, 0.9366455078125], [-0.011535349301993847, -0.014941517263650894, -0.9998218417167664, 1.5490150451660156], [-0.3548063635826111, -0.9347653985023499, 0.01806284300982952, -0.1378173828125], [0.0, 0.0, 0.0, 1.0]]], "view": [[0.0, -2.0, 100.0], [-2.0, 0.0, 100.0], [0.0, 0.0, 1.0]], "bev": "bev_64f293ab6b5949c9a09977448b119b91.png", "aux": "aux_64f293ab6b5949c9a09977448b119b91.npz", "visibility": "visibility_64f293ab6b5949c9a09977448b119b91.png", "pose": [[-0.5500251650810242, -0.8351480960845947, 0.0, 582.8214111328125], [0.8351480960845947, -0.5500251650810242, 0.0, 1627.300537109375], [0.0, 0.0, 1.0, 0.0], [0.0, 0.0, 0.0, 1.0]], "pose_inverse": [[-0.5500251650810242, 0.8351480960845947, 0.0, -1038.470458984375], [-0.8351480960845947, -0.5500251650810242, 0.0, 1381.7984619140625], [0.0, 0.0, 1.0, 0.0], [0.0, 0.0, 0.0, 1.0]], "cam_ids": [0, 1, 2, 3, 4, 5], "cam_channels": ["CAM_FRONT_LEFT", "CAM_FRONT", "CAM_FRONT_RIGHT", "CAM_BACK_LEFT", "CAM_BACK", "CAM_BACK_RIGHT"], "token": "64f293ab6b5949c9a09977448b119b91", "scene": "scene-0350"}, {"images": ["samples/CAM_FRONT_LEFT/n015-2018-08-02-17-28-51+0800__CAM_FRONT_LEFT__1533202381404844.jpg", "samples/CAM_FRONT/n015-2018-08-02-17-28-51+0800__CAM_FRONT__1533202381412460.jpg", "samples/CAM_FRONT_RIGHT/n015-2018-08-02-17-28-51+0800__CAM_FRONT_RIGHT__1533202381420339.jpg", "samples/CAM_BACK_LEFT/n015-2018-08-02-17-28-51+0800__CAM_BACK_LEFT__1533202381447423.jpg", "samples/CAM_BACK/n015-2018-08-02-17-28-51+0800__CAM_BACK__1533202381437525.jpg", "samples/CAM_BACK_RIGHT/n015-2018-08-02-17-28-51+0800__CAM_BACK_RIGHT__1533202381427893.jpg"], "intrinsics": [[[1272.5979470598488, 0.0, 826.6154927353808], [0.0, 1272.5979470598488, 479.75165386361925], [0.0, 0.0, 1.0]], [[1266.417203046554, 0.0, 816.2670197447984], [0.0, 1266.417203046554, 491.50706579294757], [0.0, 0.0, 1.0]], [[1260.8474446004698, 0.0, 807.968244525554], [0.0, 1260.8474446004698, 495.3344268742088], [0.0, 0.0, 1.0]], [[1256.7414812095406, 0.0, 792.1125740759628], [0.0, 1256.7414812095406, 492.7757465151356], [0.0, 0.0, 1.0]], [[809.2209905677063, 0.0, 829.2196003259838], [0.0, 809.2209905677063, 481.77842384512485], [0.0, 0.0, 1.0]], [[1259.5137405846733, 0.0, 807.2529053838625], [0.0, 1259.5137405846733, 501.19579884916527], [0.0, 0.0, 1.0]]], "extrinsics": [[[0.8200942277908325, -0.5720752477645874, -0.013240986503660679, -0.6080322265625], [-0.030679738149046898, -0.02085110917687416, -0.9993117451667786, 1.4949941635131836], [0.5714053511619568, 0.8199360370635986, -0.03465098887681961, -1.03436279296875], [0.0, 0.0, 0.0, 1.0]], [[0.005481455475091934, -0.9996760487556458, 0.024854864925146103, 0.009033203125], [-0.036030761897563934, -0.02503654547035694, -0.9990370273590088, 1.5075855255126953], [0.9993356466293335, 0.004580705892294645, -0.03615632653236389, -1.3316650390625], [0.0, 0.0, 0.0, 1.0]], [[-0.8328482508659363, -0.5526992082595825, 0.02978823520243168, 0.7954177856445312], [-0.030460970476269722, -0.007968343794345856, -0.9995041489601135, 1.4949607849121094], [0.5526624917984009, -0.8333427309989929, -0.010199329815804958, -1.089599609375], [0.0, 0.0, 0.0, 1.0]], [[0.9471968412399292, 0.3189108967781067, -0.033376894891262054, -1.1195068359375], [-0.022170057520270348, -0.03870755806565285, -0.999004602432251, 1.5880279541015625], [-0.3198853135108948, 0.9469940066337585, -0.02959340438246727, -0.111572265625], [0.0, 0.0, 0.0, 1.0]], [[0.0019320735009387136, 0.9995864629745483, -0.028691928833723068, 0.0023193359375], [-0.04740028455853462, -0.028568187728524208, -0.9984673857688904, 1.573659896850586], [-0.9988740682601929, 0.0032891370356082916, 0.047325484454631805, -0.1185302734375], [0.0, 0.0, 0.0, 1.0]], [[-0.9347101449966431, 0.3552962839603424, 0.009032984264194965, 0.9365234375], [-0.014649225398898125, -0.013120162300765514, -0.9998065829277039, 1.54833984375], [-0.3551090657711029, -0.9346616864204407, 0.017468364909291267, -0.1383056640625], [0.0, 0.0, 0.0, 1.0]]], "view": [[0.0, -2.0, 100.0], [-2.0, 0.0, 100.0], [0.0, 0.0, 1.0]], "bev": "bev_296039a3162749ffb20296490eefa449.png", "aux": "aux_296039a3162749ffb20296490eefa449.npz", "visibility": "visibility_296039a3162749ffb20296490eefa449.png", "pose": [[-0.5579482913017273, -0.8298757076263428, 0.0, 580.218994140625], [0.8298757076263428, -0.5579482913017273, 0.0, 1631.2342529296875], [0.0, 0.0, 1.0, 0.0], [0.0, 0.0, 0.0, 1.0]], "pose_inverse": [[-0.5579482913017273, 0.8298757076263428, 0.0, -1029.989501953125], [-0.8298757076263428, -0.5579482913017273, 0.0, 1391.654052734375], [0.0, 0.0, 1.0, 0.0], [0.0, 0.0, 0.0, 1.0]], "cam_ids": [0, 1, 2, 3, 4, 5], "cam_channels": ["CAM_FRONT_LEFT", "CAM_FRONT", "CAM_FRONT_RIGHT", "CAM_BACK_LEFT", "CAM_BACK", "CAM_BACK_RIGHT"], "token": "296039a3162749ffb20296490eefa449", "scene": "scene-0350"}, {"images": ["samples/CAM_FRONT_LEFT/n015-2018-08-02-17-28-51+0800__CAM_FRONT_LEFT__1533202381904844.jpg", "samples/CAM_FRONT/n015-2018-08-02-17-28-51+0800__CAM_FRONT__1533202381912460.jpg", "samples/CAM_FRONT_RIGHT/n015-2018-08-02-17-28-51+0800__CAM_FRONT_RIGHT__1533202381920339.jpg", "samples/CAM_BACK_LEFT/n015-2018-08-02-17-28-51+0800__CAM_BACK_LEFT__1533202381947423.jpg", "samples/CAM_BACK/n015-2018-08-02-17-28-51+0800__CAM_BACK__1533202381937525.jpg", "samples/CAM_BACK_RIGHT/n015-2018-08-02-17-28-51+0800__CAM_BACK_RIGHT__1533202381927893.jpg"], "intrinsics": [[[1272.5979470598488, 0.0, 826.6154927353808], [0.0, 1272.5979470598488, 479.75165386361925], [0.0, 0.0, 1.0]], [[1266.417203046554, 0.0, 816.2670197447984], [0.0, 1266.417203046554, 491.50706579294757], [0.0, 0.0, 1.0]], [[1260.8474446004698, 0.0, 807.968244525554], [0.0, 1260.8474446004698, 495.3344268742088], [0.0, 0.0, 1.0]], [[1256.7414812095406, 0.0, 792.1125740759628], [0.0, 1256.7414812095406, 492.7757465151356], [0.0, 0.0, 1.0]], [[809.2209905677063, 0.0, 829.2196003259838], [0.0, 809.2209905677063, 481.77842384512485], [0.0, 0.0, 1.0]], [[1259.5137405846733, 0.0, 807.2529053838625], [0.0, 1259.5137405846733, 501.19579884916527], [0.0, 0.0, 1.0]]], "extrinsics": [[[0.8200671076774597, -0.5719180703163147, -0.019993798807263374, -0.602294921875], [-0.03871458023786545, -0.02058684267103672, -0.9990382194519043, 1.4913034439086914], [0.570956289768219, 0.820052444934845, -0.03902415558695793, -1.0321044921875], [0.0, 0.0, 0.0, 1.0]], [[0.005856608971953392, -0.9996868371963501, 0.024326900020241737, 0.010009765625], [-0.04401664808392525, -0.024561455473303795, -0.99872887134552, 1.5045194625854492], [0.9990136027336121, 0.004778397269546986, -0.044146712869405746, -1.32733154296875], [0.0, 0.0, 0.0, 1.0]], [[-0.8325017690658569, -0.5528501272201538, 0.03602055460214615, 0.7930068969726562], [-0.038406215608119965, -0.007271012756973505, -0.9992357492446899, 1.492563247680664], [0.5526895523071289, -0.8332489728927612, -0.015179750509560108, -1.0869140625], [0.0, 0.0, 0.0, 1.0]], [[0.9470248818397522, 0.3186473548412323, -0.04009697213768959, -1.11737060546875], [-0.029752222821116447, -0.037267692387104034, -0.9988623261451721, 1.5877914428710938], [-0.3197791576385498, 0.9471403956413269, -0.025812970474362373, -0.1126708984375], [0.0, 0.0, 0.0, 1.0]], [[0.001720462110824883, 0.9996205568313599, -0.027492133900523186, 0.001953125], [-0.0551532544195652, -0.027355477213859558, -0.9981030821800232, 1.5726470947265625], [-0.9984763860702515, 0.0032334860879927874, 0.055085260421037674, -0.1201171875], [0.0, 0.0, 0.0, 1.0]], [[-0.9346522688865662, 0.3551684617996216, 0.016748817637562752, 0.93408203125], [-0.022540967911481857, -0.012176323682069778, -0.9996717572212219, 1.546609878540039], [-0.3548479676246643, -0.9347230792045593, 0.019386470317840576, -0.13861083984375], [0.0, 0.0, 0.0, 1.0]]], "view": [[0.0, -2.0, 100.0], [-2.0, 0.0, 100.0], [0.0, 0.0, 1.0]], "bev": "bev_e1add13e20e54a4387eaf99bd550acc1.png", "aux": "aux_e1add13e20e54a4387eaf99bd550acc1.npz", "visibility": "visibility_e1add13e20e54a4387eaf99bd550acc1.png", "pose": [[-0.5658355951309204, -0.824518084526062, 0.0, 577.5049438476562], [0.824518084526062, -0.5658355951309204, 0.0, 1635.296630859375], [0.0, 0.0, 1.0, 0.0], [0.0, 0.0, 0.0, 1.0]], "pose_inverse": [[-0.5658355951309204, 0.824518084526062, 0.0, -1021.558837890625], [-0.824518084526062, -0.5658355951309204, 0.0, 1401.4722900390625], [0.0, 0.0, 1.0, 0.0], [0.0, 0.0, 0.0, 1.0]], "cam_ids": [0, 1, 2, 3, 4, 5], "cam_channels": ["CAM_FRONT_LEFT", "CAM_FRONT", "CAM_FRONT_RIGHT", "CAM_BACK_LEFT", "CAM_BACK", "CAM_BACK_RIGHT"], "token": "e1add13e20e54a4387eaf99bd550acc1", "scene": "scene-0350"}, {"images": ["samples/CAM_FRONT_LEFT/n015-2018-08-02-17-28-51+0800__CAM_FRONT_LEFT__1533202382404844.jpg", "samples/CAM_FRONT/n015-2018-08-02-17-28-51+0800__CAM_FRONT__1533202382412460.jpg", "samples/CAM_FRONT_RIGHT/n015-2018-08-02-17-28-51+0800__CAM_FRONT_RIGHT__1533202382420339.jpg", "samples/CAM_BACK_LEFT/n015-2018-08-02-17-28-51+0800__CAM_BACK_LEFT__1533202382447423.jpg", "samples/CAM_BACK/n015-2018-08-02-17-28-51+0800__CAM_BACK__1533202382438592.jpg", "samples/CAM_BACK_RIGHT/n015-2018-08-02-17-28-51+0800__CAM_BACK_RIGHT__1533202382427893.jpg"], "intrinsics": [[[1272.5979470598488, 0.0, 826.6154927353808], [0.0, 1272.5979470598488, 479.75165386361925], [0.0, 0.0, 1.0]], [[1266.417203046554, 0.0, 816.2670197447984], [0.0, 1266.417203046554, 491.50706579294757], [0.0, 0.0, 1.0]], [[1260.8474446004698, 0.0, 807.968244525554], [0.0, 1260.8474446004698, 495.3344268742088], [0.0, 0.0, 1.0]], [[1256.7414812095406, 0.0, 792.1125740759628], [0.0, 1256.7414812095406, 492.7757465151356], [0.0, 0.0, 1.0]], [[809.2209905677063, 0.0, 829.2196003259838], [0.0, 809.2209905677063, 481.77842384512485], [0.0, 0.0, 1.0]], [[1259.5137405846733, 0.0, 807.2529053838625], [0.0, 1259.5137405846733, 501.19579884916527], [0.0, 0.0, 1.0]]], "extrinsics": [[[0.820146918296814, -0.5717201828956604, -0.022248992696404457, -0.6016845703125], [-0.041723303496837616, -0.02097970061004162, -0.9989089369773865, 1.4897403717041016], [0.5706295967102051, 0.820180356502533, -0.04106048867106438, -1.02691650390625], [0.0, 0.0, 0.0, 1.0]], [[0.006149804685264826, -0.9996731877326965, 0.024814819917082787, 0.0069580078125], [-0.047112856060266495, -0.02507738396525383, -0.9985747337341309, 1.5031309127807617], [0.9988706111907959, 0.004971847403794527, -0.04725167900323868, -1.323486328125], [0.0, 0.0, 0.0, 1.0]], [[-0.8322815299034119, -0.5529772639274597, 0.03903237357735634, 0.7884674072265625], [-0.041597817093133926, -0.007914013229310513, -0.9991030693054199, 1.4914627075195312], [0.5527902245521545, -0.8331587910652161, -0.01641596108675003, -1.0869140625], [0.0, 0.0, 0.0, 1.0]], [[0.9468311667442322, 0.31874656677246094, -0.043720025569200516, -1.1131591796875], [-0.03320011869072914, -0.03836530074477196, -0.9987120628356934, 1.587545394897461], [-0.3200134336948395, 0.947063148021698, -0.025743037462234497, -0.1136474609375], [0.0, 0.0, 0.0, 1.0]], [[0.0014916734071448445, 0.9995931386947632, -0.02848331443965435, 0.0030517578125], [-0.0584961399435997, -0.02834734320640564, -0.9978851079940796, 1.5725746154785156], [-0.9982864260673523, 0.003154671983793378, 0.05843004956841469, -0.11370849609375], [0.0, 0.0, 0.0, 1.0]], [[-0.9346461892127991, 0.35504359006881714, 0.01950351521372795, 0.9312744140625], [-0.02579088695347309, -0.012984240427613258, -0.9995830059051514, 1.5457844734191895], [-0.3546423614025116, -0.9347596168518066, 0.021292563527822495, -0.1417236328125], [0.0, 0.0, 0.0, 1.0]]], "view": [[0.0, -2.0, 100.0], [-2.0, 0.0, 100.0], [0.0, 0.0, 1.0]], "bev": "bev_a0a4f72327fb48bcb82af9beaeed5ae7.png", "aux": "aux_a0a4f72327fb48bcb82af9beaeed5ae7.npz", "visibility": "visibility_a0a4f72327fb48bcb82af9beaeed5ae7.png", "pose": [[-0.5711280107498169, -0.8208609819412231, 0.0, 574.7445678710938], [0.8208609819412231, -0.5711280107498169, 0.0, 1639.30615234375], [0.0, 0.0, 1.0, 0.0], [0.0, 0.0, 0.0, 1.0]], "pose_inverse": [[-0.5711280107498169, 0.8208609819412231, 0.0, -1017.3897094726562], [-0.8208609819412231, -0.5711280107498169, 0.0, 1408.0390625], [0.0, 0.0, 1.0, 0.0], [0.0, 0.0, 0.0, 1.0]], "cam_ids": [0, 1, 2, 3, 4, 5], "cam_channels": ["CAM_FRONT_LEFT", "CAM_FRONT", "CAM_FRONT_RIGHT", "CAM_BACK_LEFT", "CAM_BACK", "CAM_BACK_RIGHT"], "token": "a0a4f72327fb48bcb82af9beaeed5ae7", "scene": "scene-0350"}, {"images": ["samples/CAM_FRONT_LEFT/n015-2018-08-02-17-28-51+0800__CAM_FRONT_LEFT__1533202382904844.jpg", "samples/CAM_FRONT/n015-2018-08-02-17-28-51+0800__CAM_FRONT__1533202382912460.jpg", "samples/CAM_FRONT_RIGHT/n015-2018-08-02-17-28-51+0800__CAM_FRONT_RIGHT__1533202382920339.jpg", "samples/CAM_BACK_LEFT/n015-2018-08-02-17-28-51+0800__CAM_BACK_LEFT__1533202382947423.jpg", "samples/CAM_BACK/n015-2018-08-02-17-28-51+0800__CAM_BACK__1533202382937525.jpg", "samples/CAM_BACK_RIGHT/n015-2018-08-02-17-28-51+0800__CAM_BACK_RIGHT__1533202382927893.jpg"], "intrinsics": [[[1272.5979470598488, 0.0, 826.6154927353808], [0.0, 1272.5979470598488, 479.75165386361925], [0.0, 0.0, 1.0]], [[1266.417203046554, 0.0, 816.2670197447984], [0.0, 1266.417203046554, 491.50706579294757], [0.0, 0.0, 1.0]], [[1260.8474446004698, 0.0, 807.968244525554], [0.0, 1260.8474446004698, 495.3344268742088], [0.0, 0.0, 1.0]], [[1256.7414812095406, 0.0, 792.1125740759628], [0.0, 1256.7414812095406, 492.7757465151356], [0.0, 0.0, 1.0]], [[809.2209905677063, 0.0, 829.2196003259838], [0.0, 809.2209905677063, 481.77842384512485], [0.0, 0.0, 1.0]], [[1259.5137405846733, 0.0, 807.2529053838625], [0.0, 1259.5137405846733, 501.19579884916527], [0.0, 0.0, 1.0]]], "extrinsics": [[[0.8201794028282166, -0.5717660784721375, -0.01972712203860283, -0.611328125], [-0.04213182255625725, -0.02597690559923649, -0.9987742900848389, 1.4900479316711426], [0.5705528259277344, 0.8200053572654724, -0.045395269989967346, -1.033447265625], [0.0, 0.0, 0.0, 1.0]], [[0.0062378025613725185, -0.9995355606079102, 0.029827343299984932, 0.0068359375], [-0.04725498706102371, -0.03008924424648285, -0.9984295964241028, 1.5035357475280762], [0.9988633394241333, 0.004818496759980917, -0.04742073267698288, -1.33331298828125], [0.0, 0.0, 0.0, 1.0]], [[-0.8322398662567139, -0.5528447031974792, 0.041707105934619904, 0.7951736450195312], [-0.041468746960163116, -0.012943573296070099, -0.9990559220314026, 1.4918289184570312], [0.5528625249862671, -0.833183765411377, -0.012153617106378078, -1.091552734375], [0.0, 0.0, 0.0, 1.0]], [[0.9468646049499512, 0.31857430934906006, -0.04424670711159706, -1.11468505859375], [-0.03205326572060585, -0.04341881349682808, -0.9985426068305969, 1.5876178741455078], [-0.3200312554836273, 0.9469029903411865, -0.030900388956069946, -0.11279296875], [0.0, 0.0, 0.0, 1.0]], [[0.001451066113077104, 0.9994390606880188, -0.033458687365055084, 0.00341796875], [-0.05773262307047844, -0.03331918269395828,