[{"images": ["samples/CAM_FRONT_LEFT/n008-2018-07-27-12-07-38-0400__CAM_FRONT_LEFT__1532708206004799.jpg", "samples/CAM_FRONT/n008-2018-07-27-12-07-38-0400__CAM_FRONT__1532708206012404.jpg", "samples/CAM_FRONT_RIGHT/n008-2018-07-27-12-07-38-0400__CAM_FRONT_RIGHT__1532708206020482.jpg", "samples/CAM_BACK_LEFT/n008-2018-07-27-12-07-38-0400__CAM_BACK_LEFT__1532708206047405.jpg", "samples/CAM_BACK/n008-2018-07-27-12-07-38-0400__CAM_BACK__1532708206037558.jpg", "samples/CAM_BACK_RIGHT/n008-2018-07-27-12-07-38-0400__CAM_BACK_RIGHT__1532708206028113.jpg"], "intrinsics": [[[1257.8625342125129, 0.0, 827.2410631095686], [0.0, 1257.8625342125129, 450.915498205774], [0.0, 0.0, 1.0]], [[1252.8131021185304, 0.0, 826.588114781398], [0.0, 1252.8131021185304, 469.9846626224581], [0.0, 0.0, 1.0]], [[1256.7485116440405, 0.0, 817.7887570959712], [0.0, 1256.7485116440403, 451.9541780095127], [0.0, 0.0, 1.0]], [[1254.9860565800168, 0.0, 829.5769333630991], [0.0, 1254.9860565800168, 467.1680561863987], [0.0, 0.0, 1.0]], [[796.8910634503094, 0.0, 857.7774326863696], [0.0, 796.8910634503094, 476.8848988407415], [0.0, 0.0, 1.0]], [[1249.9629280788233, 0.0, 825.3768045375984], [0.0, 1249.9629280788233, 462.54816385708756], [0.0, 0.0, 1.0]]], "extrinsics": [[[0.823111355304718, -0.567726194858551, -0.013217998668551445, -0.76239013671875], [0.007754652760922909, 0.0345107764005661, -0.9993742108345032, 1.4904708862304688], [0.567827045917511, 0.822493851184845, 0.032808732241392136, -1.16943359375], [0.0, 0.0, 0.0, 1.0]], [[0.011063686572015285, -0.9994829893112183, -0.03018833138048649, 0.01025390625], [0.009702654555439949, 0.03029606305062771, -0.9994938969612122, 1.4824371337890625], [0.9998916983604431, 0.0107651986181736, 0.01003282517194748, -1.4929885864257812], [0.0, 0.0, 0.0, 1.0]], [[-0.8436384201049805, -0.5362581610679626, -0.026486806571483612, 0.93316650390625], [0.01771724969148636, 0.02150004543364048, -0.9996118545532227, 1.4963607788085938], [0.5366194844245911, -0.8437802195549011, -0.008637245744466782, -1.1751708984375], [0.0, 0.0, 0.0, 1.0]], [[0.947892427444458, 0.31856369972229004, 0.004136044066399336, -1.1368408203125], [-0.007840372622013092, 0.03630363196134567, -0.9993100166320801, 1.5620155334472656], [-0.3184940814971924, 0.9472059607505798, 0.03690959885716438, -0.1575927734375], [0.0, 0.0, 0.0, 1.0]], [[0.009007272310554981, 0.999543309211731, 0.02884526178240776, -0.0284423828125], [-0.005683028604835272, 0.028897136449813843, -0.9995661973953247, 1.5676307678222656], [-0.9999433755874634, 0.008839459158480167, 0.005940718110650778, -0.029132843017578125], [0.0, 0.0, 0.0, 1.0]], [[-0.9238932132720947, 0.382632315158844, 0.0037097670137882233, 1.03375244140625], [-0.0013959158677607775, 0.006324638146907091, -0.9999790191650391, 1.5476112365722656], [-0.38264772295951843, -0.923879086971283, -0.005309166386723518, -0.0947265625], [0.0, 0.0, 0.0, 1.0]]], "view": [[0.0, -2.0, 100.0], [-2.0, 0.0, 100.0], [0.0, 0.0, 1.0]], "bev": "bev_701575e3c64240818a6d6f72deb5fefb.png", "aux": "aux_701575e3c64240818a6d6f72deb5fefb.npz", "visibility": "visibility_701575e3c64240818a6d6f72deb5fefb.png", "pose": [[-0.8548189997673035, -0.5189262628555298, 0.0, 880.3366088867188], [0.5189262628555298, -0.8548189997673035, 0.0, 1340.149658203125], [0.0, 0.0, 1.0, 0.0], [0.0, 0.0, 0.0, 1.0]], "pose_inverse": [[-0.8548189997673035, 0.5189262628555298, 0.0, 57.08963394165039], [-0.5189262628555298, -0.8548189997673035, 0.0, 1602.4151611328125], [0.0, 0.0, 1.0, 0.0], [0.0, 0.0, 0.0, 1.0]], "cam_ids": [0, 1, 2, 3, 4, 5], "cam_channels": ["CAM_FRONT_LEFT", "CAM_FRONT", "CAM_FRONT_RIGHT", "CAM_BACK_LEFT", "CAM_BACK", "CAM_BACK_RIGHT"], "token": "701575e3c64240818a6d6f72deb5fefb", "scene": "scene-0230"}, {"images": ["samples/CAM_FRONT_LEFT/n008-2018-07-27-12-07-38-0400__CAM_FRONT_LEFT__1532708206504799.jpg", "samples/CAM_FRONT/n008-2018-07-27-12-07-38-0400__CAM_FRONT__1532708206512411.jpg", "samples/CAM_FRONT_RIGHT/n008-2018-07-27-12-07-38-0400__CAM_FRONT_RIGHT__1532708206520495.jpg", "samples/CAM_BACK_LEFT/n008-2018-07-27-12-07-38-0400__CAM_BACK_LEFT__1532708206547405.jpg", "samples/CAM_BACK/n008-2018-07-27-12-07-38-0400__CAM_BACK__1532708206537558.jpg", "samples/CAM_BACK_RIGHT/n008-2018-07-27-12-07-38-0400__CAM_BACK_RIGHT__1532708206528113.jpg"], "intrinsics": [[[1257.8625342125129, 0.0, 827.2410631095686], [0.0, 1257.8625342125129, 450.915498205774], [0.0, 0.0, 1.0]], [[1252.8131021185304, 0.0, 826.588114781398], [0.0, 1252.8131021185304, 469.9846626224581], [0.0, 0.0, 1.0]], [[1256.7485116440405, 0.0, 817.7887570959712], [0.0, 1256.7485116440403, 451.9541780095127], [0.0, 0.0, 1.0]], [[1254.9860565800168, 0.0, 829.5769333630991], [0.0, 1254.9860565800168, 467.1680561863987], [0.0, 0.0, 1.0]], [[796.8910634503094, 0.0, 857.7774326863696], [0.0, 796.8910634503094, 476.8848988407415], [0.0, 0.0, 1.0]], [[1249.9629280788233, 0.0, 825.3768045375984], [0.0, 1249.9629280788233, 462.54816385708756], [0.0, 0.0, 1.0]]], "extrinsics": [[[0.8227219581604004, -0.5682936906814575, -0.013075938448309898, -0.76763916015625], [0.006603623274713755, 0.03255652263760567, -0.9994481205940247, 1.4901123046875], [0.5684057474136353, 0.8221814632415771, 0.030537761747837067, -1.172119140625], [0.0, 0.0, 0.0, 1.0]], [[0.010488001629710197, -0.9995404481887817, -0.028439665213227272, 0.009765625], [0.008605609647929668, 0.02853040210902691, -0.9995558857917786, 1.482147216796875], [0.9999079704284668, 0.010238607414066792, 0.008900884538888931, -1.4979133605957031], [0.0, 0.0, 0.0, 1.0]], [[-0.8438894748687744, -0.5359452962875366, -0.024764619767665863, 0.9365234375], [0.016676820814609528, 0.01993274874985218, -0.9996621608734131, 1.4961090087890625], [0.5362578630447388, -0.8440174460411072, -0.007883173413574696, -1.177734375], [0.0, 0.0, 0.0, 1.0]], [[0.9478267431259155, 0.3187715411186218, 0.003018637653440237, -1.13909912109375], [-0.008741018362343311, 0.035453587770462036, -0.9993330836296082, 1.5619697570800781], [-0.3186660408973694, 0.9471682906150818, 0.03639024868607521, -0.1585693359375], [0.0, 0.0, 0.0, 1.0]], [[0.009112323634326458, 0.9995741844177246, 0.027721554040908813, -0.0289306640625], [-0.00664056371897459, 0.027782583609223366, -0.9995918869972229, 1.56756591796875], [-0.9999365210533142, 0.008924446068704128, 0.006890897173434496, -0.026754379272460938], [0.0, 0.0, 0.0, 1.0]], [[-0.9237743616104126, 0.38291531801223755, 0.004106296692043543, 1.03662109375], [-0.0023906815331429243, 0.004956149496138096, -0.999984860420227, 1.5474848747253418], [-0.38292989134788513, -0.9237701892852783, -0.003662934759631753, -0.0938720703125], [0.0, 0.0, 0.0, 1.0]]], "view": [[0.0, -2.0, 100.0], [-2.0, 0.0, 100.0], [0.0, 0.0, 1.0]], "bev": "bev_27b3c2c4f12347e3bfdfe2fc4887f555.png", "aux": "aux_27b3c2c4f12347e3bfdfe2fc4887f555.npz", "visibility": "visibility_27b3c2c4f12347e3bfdfe2fc4887f555.png", "pose": [[-0.8504104614257812, -0.5261198282241821, 0.0, 877.5577392578125], [0.5261198282241821, -0.8504104614257812, 0.0, 1341.9056396484375], [0.0, 0.0, 1.0, 0.0], [0.0, 0.0, 0.0, 1.0]], "pose_inverse": [[-0.8504104614257812, 0.5261198282241821, 0.0, 40.28111267089844], [-0.5261198282241821, -0.8504104614257812, 0.0, 1602.87109375], [0.0, 0.0, 1.0, 0.0], [0.0, 0.0, 0.0, 1.0]], "cam_ids": [0, 1, 2, 3, 4, 5], "cam_channels": ["CAM_FRONT_LEFT", "CAM_FRONT", "CAM_FRONT_RIGHT", "CAM_BACK_LEFT", "CAM_BACK", "CAM_BACK_RIGHT"], "token": "27b3c2c4f12347e3bfdfe2fc4887f555", "scene": "scene-0230"}, {"images": ["samples/CAM_FRONT_LEFT/n008-2018-07-27-12-07-38-0400__CAM_FRONT_LEFT__1532708207004799.jpg", "samples/CAM_FRONT/n008-2018-07-27-12-07-38-0400__CAM_FRONT__1532708207012404.jpg", "samples/CAM_FRONT_RIGHT/n008-2018-07-27-12-07-38-0400__CAM_FRONT_RIGHT__1532708207020482.jpg", "samples/CAM_BACK_LEFT/n008-2018-07-27-12-07-38-0400__CAM_BACK_LEFT__1532708207047405.jpg", "samples/CAM_BACK/n008-2018-07-27-12-07-38-0400__CAM_BACK__1532708207037558.jpg", "samples/CAM_BACK_RIGHT/n008-2018-07-27-12-07-38-0400__CAM_BACK_RIGHT__1532708207028113.jpg"], "intrinsics": [[[1257.8625342125129, 0.0, 827.2410631095686], [0.0, 1257.8625342125129, 450.915498205774], [0.0, 0.0, 1.0]], [[1252.8131021185304, 0.0, 826.588114781398], [0.0, 1252.8131021185304, 469.9846626224581], [0.0, 0.0, 1.0]], [[1256.7485116440405, 0.0, 817.7887570959712], [0.0, 1256.7485116440403, 451.9541780095127], [0.0, 0.0, 1.0]], [[1254.9860565800168, 0.0, 829.5769333630991], [0.0, 1254.9860565800168, 467.1680561863987], [0.0, 0.0, 1.0]], [[796.8910634503094, 0.0, 857.7774326863696], [0.0, 796.8910634503094, 476.8848988407415], [0.0, 0.0, 1.0]], [[1249.9629280788233, 0.0, 825.3768045375984], [0.0, 1249.9629280788233, 462.54816385708756], [0.0, 0.0, 1.0]]], "extrinsics": [[[0.8214138746261597, -0.5701689124107361, -0.013665156438946724, -0.77301025390625], [0.006758711766451597, 0.03368964046239853, -0.9994094371795654, 1.4900741577148438], [0.570292592048645, 0.8208364844322205, 0.03152674436569214, -1.176513671875], [0.0, 0.0, 0.0, 1.0]], [[0.00863683596253395, -0.9995266199111938, -0.029527949169278145, 0.0103759765625], [0.008560228161513805, 0.029601871967315674, -0.9995251297950745, 1.4820594787597656], [0.9999260902404785, 0.008379925973713398, 0.008811842650175095, -1.5031661987304688], [0.0, 0.0, 0.0, 1.0]], [[-0.844663143157959, -0.5347108244895935, -0.025068648159503937, 0.94036865234375], [0.01641782373189926, 0.020931396633386612, -0.9996460676193237, 1.4959716796875], [0.5350462794303894, -0.8447757959365845, -0.008901194669306278, -1.1796875], [0.0, 0.0, 0.0, 1.0]], [[0.9478745460510254, 0.31862837076187134, 0.0031410325318574905, -1.1385498046875], [-0.008867738768458366, 0.0362313948571682, -0.9993041157722473, 1.561981201171875], [-0.3185204565525055, 0.9471869468688965, 0.03716833144426346, -0.158203125], [0.0, 0.0, 0.0, 1.0]], [[0.009706998243927956, 0.9995437264442444, 0.02860080637037754, -0.029052734375], [-0.00664573535323143, 0.02866600640118122, -0.9995669722557068, 1.5675697326660156], [-0.9999308586120605, 0.009512633085250854, 0.006920963991433382, -0.024929046630859375], [0.0, 0.0, 0.0, 1.0]], [[-0.923374354839325, 0.38387244939804077, 0.004659406840801239, 1.03973388671875], [-0.002584239235147834, 0.005921467207372189, -0.9999790787696838, 1.547464370727539], [-0.3838919699192047, -0.9233670830726624, -0.004475713241845369, -0.0921630859375], [0.0, 0.0, 0.0, 1.0]]], "view": [[0.0, -2.0, 100.0], [-2.0, 0.0, 100.0], [0.0, 0.0, 1.0]], "bev": "bev_e41e42d9e8994af6bec45b2ce6d89510.png", "aux": "aux_e41e42d9e8994af6bec45b2ce6d89510.npz", "visibility": "visibility_e41e42d9e8994af6bec45b2ce6d89510.png", "pose": [[-0.8587149977684021, -0.5124534368515015, 0.0, 874.8062133789062], [0.5124534368515015, -0.8587149977684021, 0.0, 1343.6160888671875], [0.0, 0.0, 1.0, 0.0], [0.0, 0.0, 0.0, 1.0]], "pose_inverse": [[-0.8587149977684021, 0.5124534368515015, 0.0, 62.66853713989258], [-0.5124534368515015, -0.8587149977684021, 0.0, 1602.080810546875], [0.0, 0.0, 1.0, 0.0], [0.0, 0.0, 0.0, 1.0]], "cam_ids": [0, 1, 2, 3, 4, 5], "cam_channels": ["CAM_FRONT_LEFT", "CAM_FRONT", "CAM_FRONT_RIGHT", "CAM_BACK_LEFT", "CAM_BACK", "CAM_BACK_RIGHT"], "token": "e41e42d9e8994af6bec45b2ce6d89510", "scene": "scene-0230"}, {"images": ["samples/CAM_FRONT_LEFT/n008-2018-07-27-12-07-38-0400__CAM_FRONT_LEFT__1532708207504799.jpg", "samples/CAM_FRONT/n008-2018-07-27-12-07-38-0400__CAM_FRONT__1532708207512404.jpg", "samples/CAM_FRONT_RIGHT/n008-2018-07-27-12-07-38-0400__CAM_FRONT_RIGHT__1532708207520482.jpg", "samples/CAM_BACK_LEFT/n008-2018-07-27-12-07-38-0400__CAM_BACK_LEFT__1532708207547405.jpg", "samples/CAM_BACK/n008-2018-07-27-12-07-38-0400__CAM_BACK__1532708207537558.jpg", "samples/CAM_BACK_RIGHT/n008-2018-07-27-12-07-38-0400__CAM_BACK_RIGHT__1532708207528113.jpg"], "intrinsics": [[[1257.8625342125129, 0.0, 827.2410631095686], [0.0, 1257.8625342125129, 450.915498205774], [0.0, 0.0, 1.0]], [[1252.8131021185304, 0.0, 826.588114781398], [0.0, 1252.8131021185304, 469.9846626224581], [0.0, 0.0, 1.0]], [[1256.7485116440405, 0.0, 817.7887570959712], [0.0, 1256.7485116440403, 451.9541780095127], [0.0, 0.0, 1.0]], [[1254.9860565800168, 0.0, 829.5769333630991], [0.0, 1254.9860565800168, 467.1680561863987], [0.0, 0.0, 1.0]], [[796.8910634503094, 0.0, 857.7774326863696], [0.0, 796.8910634503094, 476.8848988407415], [0.0, 0.0, 1.0]], [[1249.9629280788233, 0.0, 825.3768045375984], [0.0, 1249.9629280788233, 462.54816385708756], [0.0, 0.0, 1.0]]], "extrinsics": [[[0.8213565349578857, -0.5702594518661499, -0.013323281891644001, -0.77484130859375], [0.007398989051580429, 0.03400631248950958, -0.9993941783905029, 1.4901542663574219], [0.5703670382499695, 0.8207604885101318, 0.03215065225958824, -1.18017578125], [0.0, 0.0, 0.0, 1.0]], [[0.008541153743863106, -0.9995191693305969, -0.02980785258114338, 0.0118408203125], [0.009287912398576736, 0.029886949807405472, -0.9995101690292358, 1.4821510314941406], [0.9999203681945801, 0.008260081522166729, 0.009538714773952961, -1.5064620971679688], [0.0, 0.0, 0.0, 1.0]], [[-0.8446932435035706, -0.534623920917511, -0.025894692167639732, 0.94317626953125], [0.017237361520528793, 0.021182643249630928, -0.9996269941329956, 1.4960479736328125], [0.5349730849266052, -0.8448245525360107, -0.008677331730723381, -1.18017578125], [0.0, 0.0, 0.0, 1.0]], [[0.9478861689567566, 0.31858107447624207, 0.004227347671985626, -1.13922119140625], [-0.007702955976128578, 0.036179106682538986, -0.999315619468689, 1.5619926452636719], [-0.3185160458087921, 0.9472048878669739, 0.03674769029021263, -0.157958984375], [0.0, 0.0, 0.0, 1.0]], [[0.009735765866935253, 0.9995409846305847, 0.02868916466832161, -0.0296630859375], [-0.005702549125999212, 0.028745552524924278, -0.9995704889297485, 1.5676345825195312], [-0.9999364018440247, 0.009567995555698872, 0.0059797922149300575, -0.023529052734375], [0.0, 0.0, 0.0, 1.0]], [[-0.9233502149581909, 0.3839378356933594, 0.0039960239082574844, 1.04150390625], [-0.0017845055554062128, 0.006116143427789211, -0.9999797344207764, 1.547567367553711], [-0.3839544653892517, -0.9233386516571045, -0.004962202627211809, -0.0906982421875], [0.0, 0.0, 0.0, 1.0]]], "view": [[0.0, -2.0, 100.0], [-2.0, 0.0, 100.0], [0.0, 0.0, 1.0]], "bev": "bev_abc843c73f4a4d5b85a0de98976bdf08.png", "aux": "aux_abc843c73f4a4d5b85a0de98976bdf08.npz", "visibility": "visibility_abc843c73f4a4d5b85a0de98976bdf08.png", "pose": [[-0.8723021149635315, -0.48896726965904236, 0.0, 872.070556640625], [0.48896726965904236, -0.8723021149635315, 0.0, 1345.2379150390625], [0.0, 0.0, 1.0, 0.0], [0.0, 0.0, 0.0, 1.0]], "pose_inverse": [[-0.8723021149635315, 0.48896726965904236, 0.0, 102.93169403076172], [-0.48896726965904236, -0.8723021149635315, 0.0, 1599.867919921875], [0.0, 0.0, 1.0, 0.0], [0.0, 0.0, 0.0, 1.0]], "cam_ids": [0, 1, 2, 3, 4, 5], "cam_channels": ["CAM_FRONT_LEFT", "CAM_FRONT", "CAM_FRONT_RIGHT", "CAM_BACK_LEFT", "CAM_BACK", "CAM_BACK_RIGHT"], "token": "abc843c73f4a4d5b85a0de98976bdf08", "scene": "scene-0230"}, {"images": ["samples/CAM_FRONT_LEFT/n008-2018-07-27-12-07-38-0400__CAM_FRONT_LEFT__1532708208005712.jpg", "samples/CAM_FRONT/n008-2018-07-27-12-07-38-0400__CAM_FRONT__1532708208012404.jpg", "samples/CAM_FRONT_RIGHT/n008-2018-07-27-12-07-38-0400__CAM_FRONT_RIGHT__1532708208020482.jpg", "samples/CAM_BACK_LEFT/n008-2018-07-27-12-07-38-0400__CAM_BACK_LEFT__1532708208047405.jpg", "samples/CAM_BACK/n008-2018-07-27-12-07-38-0400__CAM_BACK__1532708208037558.jpg", "samples/CAM_BACK_RIGHT/n008-2018-07-27-12-07-38-0400__CAM_BACK_RIGHT__1532708208028113.jpg"], "intrinsics": [[[1257.8625342125129, 0.0, 827.2410631095686], [0.0, 1257.8625342125129, 450.915498205774], [0.0, 0.0, 1.0]], [[1252.8131021185304, 0.0, 826.588114781398], [0.0, 1252.8131021185304, 469.9846626224581], [0.0, 0.0, 1.0]], [[1256.7485116440405, 0.0, 817.7887570959712], [0.0, 1256.7485116440403, 451.9541780095127], [0.0, 0.0, 1.0]], [[1254.9860565800168, 0.0, 829.5769333630991], [0.0, 1254.9860565800168, 467.1680561863987], [0.0, 0.0, 1.0]], [[796.8910634503094, 0.0, 857.7774326863696], [0.0, 796.8910634503094, 476.8848988407415], [0.0, 0.0, 1.0]], [[1249.9629280788233, 0.0, 825.3768045375984], [0.0, 1249.9629280788233, 462.54816385708756], [0.0, 0.0, 1.0]]], "extrinsics": [[[0.8213182091712952, -0.5701894164085388, -0.01790180429816246, -0.77764892578125], [0.0010889031691476703, 0.032947663217782974, -0.9994564652442932, 1.4885482788085938], [0.5704693794250488, 0.8208522796630859, 0.027681395411491394, -1.1771240234375], [0.0, 0.0, 0.0, 1.0]], [[0.008438833989202976, -0.9995497465133667, -0.02879236824810505, 0.008544921875], [0.0031337845139205456, 0.02881968580186367, -0.9995797276496887, 1.4808578491210938], [0.9999594688415527, 0.008345103822648525, 0.0033755775075405836, -1.5021209716796875], [0.0, 0.0, 0.0, 1.0]], [[-0.8447888493537903, -0.5347156524658203, -0.020271869376301765, 0.9384765625], [0.011263945139944553, 0.020105691626667976, -0.9997344017028809, 1.4950904846191406], [0.5349811911582947, -0.8447927832603455, -0.010962055996060371, -1.18017578125], [0.0, 0.0, 0.0, 1.0]], [[0.9479108452796936, 0.31853020191192627, -0.0018833886133506894, -1.1395263671875], [-0.013811285607516766, 0.035192348062992096, -0.9992851614952087, 1.5619773864746094], [-0.31823620200157166, 0.9472591876983643, 0.03775852546095848, -0.1575927734375], [0.0, 0.0, 0.0, 1.0]], [[0.009874626994132996, 0.9995700120925903, 0.027609998360276222, -0.028564453125], [-0.011909657157957554, 0.027726948261260986, -0.9995445609092712, 1.5672187805175781], [-0.999880313873291, 0.009541318751871586, 0.01217833161354065, -0.02571868896484375], [0.0, 0.0, 0.0, 1.0]], [[-0.9233407974243164, 0.38387224078178406, 0.009153095073997974, 1.0386962890625], [-0.00781054375693202, 0.00505612138658762, -0.9999567270278931, 1.5467796325683594], [-0.38390183448791504, -0.9233723878860474, -0.001670271740294993, -0.0933837890625], [0.0, 0.0, 0.0, 1.0]]], "view": [[0.0, -2.0, 100.0], [-2.0, 0.0, 100.0], [0.0, 0.0, 1.0]], "bev": "bev_3e8a3a1cd3da431c879e9e91c1cb4a6b.png", "aux": "aux_3e8a3a1cd3da431c879e9e91c1cb4a6b.npz", "visibility": "visibility_3e8a3a1cd3da431c879e9e91c1cb4a6b.png", "pose": [[-0.8846168518066406, -0.4663185775279999, 0.0, 869.2568359375], [0.4663185775279999, -0.8846168518066406, 0.0, 1346.784912109375], [0.0, 0.0, 1.0, 0.0], [0.0, 0.0, 0.0, 1.0]], "pose_inverse": [[-0.8846168518066406, 0.4663185775279999, 0.0, 140.9284210205078], [-0.4663185775279999, -0.8846168518066406, 0.0, 1596.7392578125], [0.0, 0.0, 1.0, 0.0], [0.0, 0.0, 0.0, 1.0]], "cam_ids": [0, 1, 2, 3, 4, 5], "cam_channels": ["CAM_FRONT_LEFT", "CAM_FRONT", "CAM_FRONT_RIGHT", "CAM_BACK_LEFT", "CAM_BACK", "CAM_BACK_RIGHT"], "token": "3e8a3a1cd3da431c879e9e91c1cb4a6b", "scene": "scene-0230"}, {"images": ["samples/CAM_FRONT_LEFT/n008-2018-07-27-12-07-38-0400__CAM_FRONT_LEFT__1532708208504799.jpg", "samples/CAM_FRONT/n008-2018-07-27-12-07-38-0400__CAM_FRONT__1532708208512404.jpg", "samples/CAM_FRONT_RIGHT/n008-2018-07-27-12-07-38-0400__CAM_FRONT_RIGHT__1532708208520482.jpg", "samples/CAM_BACK_LEFT/n008-2018-07-27-12-07-38-0400__CAM_BACK_LEFT__1532708208547405.jpg", "samples/CAM_BACK/n008-2018-07-27-12-07-38-0400__CAM_BACK__1532708208537558.jpg", "samples/CAM_BACK_RIGHT/n008-2018-07-27-12-07-38-0400__CAM_BACK_RIGHT__1532708208528113.jpg"], "intrinsics": [[[1257.8625342125129, 0.0, 827.2410631095686], [0.0, 1257.8625342125129, 450.915498205774], [0.0, 0.0, 1.0]], [[1252.8131021185304, 0.0, 826.588114781398], [0.0, 1252.8131021185304, 469.9846626224581], [0.0, 0.0, 1.0]], [[1256.7485116440405, 0.0, 817.7887570959712], [0.0, 1256.7485116440403, 451.9541780095127], [0.0, 0.0, 1.0]], [[1254.9860565800168, 0.0, 829.5769333630991], [0.0, 1254.9860565800168, 467.1680561863987], [0.0, 0.0, 1.0]], [[796.8910634503094, 0.0, 857.7774326863696], [0.0, 796.8910634503094, 476.8848988407415], [0.0, 0.0, 1.0]], [[1249.9629280788233, 0.0, 825.3768045375984], [0.0, 1249.9629280788233, 462.54816385708756], [0.0, 0.0, 1.0]]], "extrinsics": [[[0.821108877658844, -0.5706093311309814, -0.01360749639570713, -0.78839111328125], [0.005305678118020296, 0.03147004917263985, -0.9994906187057495, 1.48956298828125], [0.5707469582557678, 0.8206184506416321, 0.028867807239294052, -1.1873779296875], [0.0, 0.0, 0.0, 1.0]], [[0.008223545737564564, -0.9995940327644348, -0.027278205379843712, 0.0106201171875], [0.007304413244128227, 0.02733844891190529, -0.9995995759963989, 1.4816513061523438], [0.9999394416809082, 0.00802099984139204, 0.007526267319917679, -1.5179290771484375], [0.0, 0.0, 0.0, 1.0]], [[-0.8448445200920105, -0.5345195531845093, -0.022946689277887344, 0.9493408203125], [0.015372349880635738, 0.018619999289512634, -0.9997084736824036, 1.4956169128417969], [0.5347910523414612, -0.8449509739875793, -0.007514182943850756, -1.18505859375], [0.0, 0.0, 0.0, 1.0]], [[0.9478829503059387, 0.3186168372631073, 0.0011039440287277102, -1.13482666015625], [-0.010174923576414585, 0.033732980489730835, -0.9993790984153748, 1.5619277954101562], [-0.31845623254776, 0.947283148765564, 0.03521681949496269, -0.15966796875], [0.0, 0.0, 0.0, 1.0]], [[0.00985854770988226, 0.9996086359024048, 0.026181010529398918, -0.0294189453125], [-0.00793734472244978, 0.026259686797857285, -0.9996235966682434, 1.5674896240234375], [-0.9999198913574219, 0.009647040627896786, 0.008193119429051876, -0.0236663818359375], [0.0, 0.0, 0.0, 1.0]], [[-0.9232877492904663, 0.38407936692237854, 0.00478158937767148, 1.045501708984375], [-0.0036913566291332245, 0.003575673094019294, -0.9999867677688599, 1.547347068786621], [-0.3840913474559784, -0.9232931733131409, -0.0018836011877283454, -0.08935546875], [0.0, 0.0, 0.0, 1.0]]], "view": [[0.0, -2.0, 100.0], [-2.0, 0.0, 100.0], [0.0, 0.0, 1.0]], "bev": "bev_e63d4169bf9c4145b7315b23f55f725a.png", "aux": "aux_e63d4169bf9c4145b7315b23f55f725a.npz", "visibility": "visibility_e63d4169bf9c4145b7315b23f55f725a.png", "pose": [[-0.8953601121902466, -0.44534286856651306, 0.0, 866.538818359375], [0.44534286856651306, -0.8953601121902466, 0.0, 1348.2005615234375], [0.0, 0.0, 1.0, 0.0], [0.0, 0.0, 0.0, 1.0]], "pose_inverse": [[-0.8953601121902466, 0.44534286856651306, 0.0, 175.45278930664062], [-0.44534286856651306, -0.8953601121902466, 0.0, 1593.0318603515625], [0.0, 0.0, 1.0, 0.0], [0.0, 0.0, 0.0, 1.0]], "cam_ids": [0, 1, 2, 3, 4, 5], "cam_channels": ["CAM_FRONT_LEFT", "CAM_FRONT", "CAM_FRONT_RIGHT", "CAM_BACK_LEFT", "CAM_BACK", "CAM_BACK_RIGHT"], "token": "e63d4169bf9c4145b7315b23f55f725a", "scene": "scene-0230"}, {"images": ["samples/CAM_FRONT_LEFT/n008-2018-07-27-12-07-38-0400__CAM_FRONT_LEFT__1532708209004799.jpg", "samples/CAM_FRONT/n008-2018-07-27-12-07-38-0400__CAM_FRONT__1532708209012404.jpg", "samples/CAM_FRONT_RIGHT/n008-2018-07-27-12-07-38-0400__CAM_FRONT_RIGHT__1532708209020482.jpg", "samples/CAM_BACK_LEFT/n008-2018-07-27-12-07-38-0400__CAM_BACK_LEFT__1532708209047405.jpg", "samples/CAM_BACK/n008-2018-07-27-12-07-38-0400__CAM_BACK__1532708209037558.jpg", "samples/CAM_BACK_RIGHT/n008-2018-07-27-12-07-38-0400__CAM_BACK_RIGHT__1532708209028113.jpg"], "intrinsics": [[[1257.8625342125129, 0.0, 827.2410631095686], [0.0, 1257.8625342125129, 450.915498205774], [0.0, 0.0, 1.0]], [[1252.8131021185304, 0.0, 826.588114781398], [0.0, 1252.8131021185304, 469.9846626224581], [0.0, 0.0, 1.0]], [[1256.7485116440405, 0.0, 817.7887570959712], [0.0, 1256.7485116440403, 451.9541780095127], [0.0, 0.0, 1.0]], [[1254.9860565800168, 0.0, 829.5769333630991], [0.0, 1254.9860565800168, 467.1680561863987], [0.0, 0.0, 1.0]], [[796.8910634503094, 0.0, 857.7774326863696], [0.0, 796.8910634503094, 476.8848988407415], [0.0, 0.0, 1.0]], [[1249.9629280788233, 0.0, 825.3768045375984], [0.0, 1249.9629280788233, 462.54816385708756], [0.0, 0.0, 1.0]]], "extrinsics": [[[0.8212441205978394, -0.5704693794250488, -0.011076529510319233, -0.803466796875], [0.007789035327732563, 0.030619870871305466, -0.9995007514953613, 1.4901313781738281], [0.570523738861084, 0.8207479119300842, 0.02958979643881321, -1.19580078125], [0.0, 0.0, 0.0, 1.0]], [[0.008468161337077618, -0.9996160864830017, -0.026379728689789772, 0.0087890625], [0.009620078839361668, 0.026460891589522362, -0.9996035695075989, 1.4820518493652344], [0.9999178647994995, 0.008211025968194008, 0.009840459562838078, -1.5341949462890625], [0.0, 0.0, 0.0, 1.0]], [[-0.8447179794311523, -0.5346612334251404, -0.02427026443183422, 0.960205078125], [0.01751124858856201, 0.017713403329253197, -0.9996897578239441, 1.495767593383789], [0.5349252820014954, -0.8448808193206787, -0.0056002442725002766, -1.193359375], [0.0, 0.0, 0.0, 1.0]], [[0.9478866457939148, 0.3185935914516449, 0.0030187242664396763, -1.138916015625], [-0.007872946560382843, 0.03289349749684334, -0.999427855014801, 1.5619850158691406], [-0.31851059198379517, 0.9473204612731934, 0.03368758037686348, -0.1583251953125], [0.0, 0.0, 0.0, 1.0]], [[0.009749826975166798, 0.9996324777603149, 0.0252959243953228, -0.02880859375], [-0.0057225460186600685, 0.025352491065859795, -0.9996621608734131, 1.5676994323730469], [-0.9999361038208008, 0.00960179977118969, 0.005967624951153994, -0.0159454345703125], [0.0, 0.0, 0.0, 1.0]], [[-0.9233366847038269, 0.3839832544326782, 0.0024834193754941225, 1.056121826171875], [-0.0015903428429737687, 0.0026433083694428205, -0.999995231628418, 1.5476272106170654], [-0.3839879333972931, -0.9233362674713135, -0.0018299975199624896, -0.0860595703125], [0.0, 0.0, 0.0, 1.0]]], "view": [[0.0, -2.0, 100.0], [-2.0, 0.0, 100.0], [0.0, 0.0, 1.0]], "bev": "bev_72dfc92d5a5d45cabe34a1af0487dfac.png", "aux": "aux_72dfc92d5a5d45cabe34a1af0487dfac.npz", "visibility": "visibility_72dfc92d5a5d45cabe34a1af0487dfac.png", "pose": [[-0.9084222912788391, -0.4180537164211273, 0.0, 863.9745483398438], [0.4180537164211273, -0.9084222912788391, 0.0, 1349.4520263671875], [0.0, 0.0, 1.0, 0.0], [0.0, 0.0, 0.0, 1.0]], "pose_inverse": [[-0.9084222912788391, 0.4180537164211273, 0.0, 220.71029663085938], [-0.4180537164211273, -0.9084222912788391, 0.0, 1587.06005859375], [0.0, 0.0, 1.0, 0.0], [0.0, 0.0, 0.0, 1.0]], "cam_ids": [0, 1, 2, 3, 4, 5], "cam_channels": ["CAM_FRONT_LEFT", "CAM_FRONT", "CAM_FRONT_RIGHT", "CAM_BACK_LEFT", "CAM_BACK", "CAM_BACK_RIGHT"], "token": "72dfc92d5a5d45cabe34a1af0487dfac", "scene": "scene-0230"}, {"images": ["samples/CAM_FRONT_LEFT/n008-2018-07-27-12-07-38-0400__CAM_FRONT_LEFT__1532708209504799.jpg", "samples/CAM_FRONT/n008-2018-07-27-12-07-38-0400__CAM_FRONT__1532708209512404.jpg", "samples/CAM_FRONT_RIGHT/n008-2018-07-27-12-07-38-0400__CAM_FRONT_RIGHT__1532708209520482.jpg", "samples/CAM_BACK_LEFT/n008-2018-07-27-12-07-38-0400__CAM_BACK_LEFT__1532708209547405.jpg", "samples/CAM_BACK/n008-2018-07-27-12-07-38-0400__CAM_BACK__1532708209537558.jpg", "samples/CAM_BACK_RIGHT/n008-2018-07-27-12-07-38-0400__CAM_BACK_RIGHT__1532708209528113.jpg"], "intrinsics": [[[1257.8625342125129, 0.0, 827.2410631095686], [0.0, 1257.8625342125129, 450.915498205774], [0.0, 0.0, 1.0]], [[1252.8131021185304, 0.0, 826.588114781398], [0.0, 1252.8131021185304, 469.9846626224581], [0.0, 0.0, 1.0]], [[1256.7485116440405, 0.0, 817.7887570959712], [0.0, 1256.7485116440403, 451.9541780095127], [0.0, 0.0, 1.0]], [[1254.9860565800168, 0.0, 829.5769333630991], [0.0, 1254.9860565800168, 467.1680561863987], [0.0, 0.0, 1.0]], [[796.8910634503094, 0.0, 857.7774326863696], [0.0, 796.8910634503094, 476.8848988407415], [0.0, 0.0, 1.0]], [[1249.9629280788233, 0.0, 825.3768045375984], [0.0, 1249.9629280788233, 462.54816385708756], [0.0, 0.0, 1.0]]], "extrinsics": [[[0.8215258717536926, -0.5699531435966492, -0.015767505392432213, -0.80401611328125], [0.0005240588798187673, 0.02840876765549183, -0.9995962381362915, 1.4883308410644531], [0.5701709389686584, 0.8211859464645386, 0.023637227714061737, -1.1978759765625], [0.0, 0.0, 0.0, 1.0]], [[0.008793276734650135, -0.9996678829193115, -0.024224163964390755, 0.0098876953125], [0.0025069063995033503, 0.0242470633238554, -0.9997028708457947, 1.4805946350097656], [0.9999582171440125, 0.008729930967092514, 0.0027192847337573767, -1.53515625], [0.0, 0.0, 0.0, 1.0]], [[-0.8446409106254578, -0.5350563526153564, -0.017213962972164154, 0.961181640625], [0.01055793184787035, 0.015499812550842762, -0.9998241066932678, 1.4946670532226562], [0.5352290868759155, -0.8446741104125977, -0.0074426885694265366, -1.1929931640625], [0.0, 0.0, 0.0, 1.0]], [[0.9477958679199219, 0.31885474920272827, -0.0038318869192153215, -1.14080810546875], [-0.01431421097368002, 0.030538178980350494, -0.9994310736656189, 1.5619659423828125], [-0.31855636835098267, 0.947311520576477, 0.03350811451673508, -0.157958984375], [0.0, 0.0, 0.0, 1.0]], [[0.009633748792111874, 0.99969083070755, 0.022924253717064857, -0.029296875], [-0.012320972979068756, 0.02304224856197834, -0.9996585249900818, 1.5673103332519531], [-0.9998776912689209, 0.009348014369606972, 0.012539147399365902, -0.0148162841796875], [0.0, 0.0, 0.0, 1.0]], [[-0.9234266877174377, 0.383694052696228, 0.00787787139415741, 1.056549072265625], [-0.008365105837583542, 0.0003988449461758137, -0.9999649524688721, 1.5468746423721313], [-0.3836837410926819, -0.9234601855278015, 0.0028413368854671717, -0.085205078125], [0.0, 0.0, 0.0, 1.0]]], "view": [[0.0, -2.0, 100.0], [-2.0, 0.0, 100.0], [0.0, 0.0, 1.0]], "bev": "bev_623a4b89ff4949b3ba0ccb88604b0ecc.png", "aux": "aux_623a4b89ff4949b3ba0ccb88604b0ecc.npz", "visibility": "visibility_623a4b89ff4949b3ba0ccb88604b0ecc.png", "pose": [[-0.9190419912338257, -0.39415961503982544, 0.0, 861.40234375], [0.39415961503982544, -0.9190419912338257, 0.0, 1350.623046875], [0.0, 0.0, 1.0, 0.0], [0.0, 0.0, 0.0, 1.0]], "pose_inverse": [[-0.9190419912338257, 0.39415961503982544, 0.0, 259.30389404296875], [-0.39415961503982544, -0.9190419912338257, 0.0, 1580.809326171875], [0.0, 0.0, 1.0, 0.0], [0.0, 0.0, 0.0, 1.0]], "cam_ids": [0, 1, 2, 3, 4, 5], "cam_channels": ["CAM_FRONT_LEFT", "CAM_FRONT", "CAM_FRONT_RIGHT", "CAM_BACK_LEFT", "CAM_BACK", "CAM_BACK_RIGHT"], "token": "623a4b89ff4949b3ba0ccb88604b0ecc", "scene": "scene-0230"}, {"images": ["samples/CAM_FRONT_LEFT/n008-2018-07-27-12-07-38-0400__CAM_FRONT_LEFT__1532708210004815.jpg", "samples/CAM_FRONT/n008-2018-07-27-12-07-38-0400__CAM_FRONT__1532708210012404.jpg", "samples/CAM_FRONT_RIGHT/n008-2018-07-27-12-07-38-0400__CAM_FRONT_RIGHT__1532708210020482.jpg", "samples/CAM_BACK_LEFT/n008-2018-07-27-12-07-38-0400__CAM_BACK_LEFT__1532708210047405.jpg", "samples/CAM_BACK/n008-2018-07-27-12-07-38-0400__CAM_BACK__1532708210037558.jpg", "samples/CAM_BACK_RIGHT/n008-2018-07-27-12-07-38-0400__CAM_BACK_RIGHT__1532708210028113.jpg"], "intrinsics": [[[1257.8625342125129, 0.0, 827.2410631095686], [0.0, 1257.8625342125129, 450.915498205774], [0.0, 0.0, 1.0]], [[1252.8131021185304, 0.0, 826.588114781398], [0.0, 1252.8131021185304, 469.9846626224581], [0.0, 0.0, 1.0]], [[1256.7485116440405, 0.0, 817.7887570959712], [0.0, 1256.7485116440403, 451.9541780095127], [0.0, 0.0, 1.0]], [[1254.9860565800168, 0.0, 829.5769333630991], [0.0, 1254.9860565800168, 467.1680561863987], [0.0, 0.0, 1.0]], [[796.8910634503094, 0.0, 857.7774326863696], [0.0, 796.8910634503094, 476.8848988407415], [0.0, 0.0, 1.0]], [[1249.9629280788233, 0.0, 825.3768045375984], [0.0, 1249.9629280788233, 462.54816385708756], [0.0, 0.0, 1.0]]], "extrinsics": [[[0.8221107721328735, -0.5692029595375061, -0.011917202733457088, -0.84442138671875], [0.004005493130534887, 0.026714220643043518, -0.9996350407600403, 1.4889907836914062], [0.569313645362854, 0.8217630386352539, 0.024241983890533447, -1.225830078125], [0.0, 0.0, 0.0, 1.0]], [[0.00962546281516552, -0.9996978640556335, -0.022616056725382805, 0.0093994140625], [0.0058411103673279285, 0.022672930732369423, -0.999725878238678, 1.4810409545898438], [0.9999366402626038, 0.00949069857597351, 0.006057582795619965, -1.575592041015625], [0.0, 0.0, 0.0, 1.0]], [[-0.8442719578742981, -0.5355735421180725, -0.019128596410155296, 0.9876708984375], [0.013735666871070862, 0.014056448824703693, -0.999806821346283, 1.4947376251220703], [0.5357389450073242, -0.8443716764450073, -0.0045110066421329975, -1.2098388671875], [0.0, 0.0, 0.0, 1.0]], [[0.9478656649589539, 0.3186647295951843, -0.0018456188263371587, -1.140869140625], [-0.01185732800513506, 0.02948072925209999, -0.9994949698448181, 1.5620002746582031], [-0.3184494078159332, 0.9474089741706848, 0.031722284853458405, -0.157470703125], [0.0, 0.0, 0.0, 1.0]], [[0.009428156539797783, 0.999718427658081, 0.021777117624878883, -0.0291748046875], [-0.00963294692337513, 0.02186787873506546, -0.9997144341468811, 1.567586898803711], [-0.9999092221260071, 0.009215696714818478, 0.009836407378315926, -0.002838134765625], [0.0, 0.0, 0.0, 1.0]], [[-0.9236050248146057, 0.3833179473876953, 0.004595266655087471, 1.077728271484375], [-0.0053636375814676285, -0.0009357346571050584, -0.9999852180480957, 1.547332763671875], [-0.38330790400505066, -0.9236159920692444, 0.0029202280566096306, -0.07666015625], [0.0, 0.0, 0.0, 1.0]]], "view": [[0.0, -2.0, 100.0], [-2.0, 0.0, 100.0], [0.0, 0.0, 1.0]], "bev": "bev_84040807a36b45aabee076bd1cb8548a.png", "aux": "aux_84040807a36b45aabee076bd1cb8548a.npz", "visibility": "visibility_84040807a36b45aabee076bd1cb8548a.png", "pose": [[-0.924772322177887, -0.38052093982696533, 0.0, 859.0628051757812], [0.38052093982696533, -0.924772322177887, 0.0, 1351.6278076171875], [0.0, 0.0, 1.0, 0.0], [0.0, 0.0, 0.0, 1.0]], "pose_inverse": [[-0.924772322177887, 0.38052093982696533, 0.0, 280.1147766113281], [-0.38052093982696533, -0.924772322177887, 0.0, 1576.83935546875], [0.0, 0.0, 1.0, 0.0], [0.0, 0.0, 0.0, 1.0]], "cam_ids": [0, 1, 2, 3, 4, 5], "cam_channels": ["CAM_FRONT_LEFT", "CAM_FRONT", "CAM_FRONT_RIGHT", "CAM_BACK_LEFT", "CAM_BACK", "CAM_BACK_RIGHT"], "token": "84040807a36b45aabee076bd1cb8548a", "scene": "scene-0230"}, {"images": ["samples/CAM_FRONT_LEFT/n008-2018-07-27-12-07-38-0400__CAM_FRONT_LEFT__1532708210504799.jpg", "samples/CAM_FRONT/n008-2018-07-27-12-07-38-0400__CAM_FRONT__1532708210512404.jpg", "samples/CAM_FRONT_RIGHT/n008-2018-07-27-12-07-38-0400__CAM_FRONT_RIGHT__1532708210520482.jpg", "samples/CAM_BACK_LEFT/n008-2018-07-27-12-07-38-0400__CAM_BACK_LEFT__1532708210547405.jpg", "samples/CAM_BACK/n008-2018-07-27-12-07-38-0400__CAM_BACK__1532708210537558.jpg", "samples/CAM_BACK_RIGHT/n008-2018-07-27-12-07-38-0400__CAM_BACK_RIGHT__1532708210528113.jpg"], "intrinsics": [[[1257.8625342125129, 0.0, 827.2410631095686], [0.0, 1257.8625342125129, 450.915498205774], [0.0, 0.0, 1.0]], [[1252.8131021185304, 0.0, 826.588114781398], [0.0, 1252.8131021185304, 469.9846626224581], [0.0, 0.0, 1.0]], [[1256.7485116440405, 0.0, 817.7887570959712], [0.0, 1256.7485116440403, 451.9541780095127], [0.0, 0.0, 1.0]], [[1254.9860565800168, 0.0, 829.5769333630991], [0.0, 1254.9860565800168, 467.1680561863987], [0.0, 0.0, 1.0]], [[796.8910634503094, 0.0, 857.7774326863696], [0.0, 796.8910634503094, 476.8848988407415], [0.0, 0.0, 1.0]], [[1249.9629280788233, 0.0, 825.3768045375984], [0.0, 1249.9629280788233, 462.54816385708756], [0.0, 0.0, 1.0]]], "extrinsics": [[[0.8221772909164429, -0.5691574215888977, -0.00919493567198515, -0.8526611328125], [0.008219555020332336, 0.028022030368447304, -0.9995735287666321, 1.4897918701171875], [0.5691722631454468, 0.8217509984970093, 0.02771729603409767, -1.22900390625], [0.0, 0.0, 0.0, 1.0]], [[0.009685322642326355, -0.9996722340583801, -0.023698946461081505, 0.00732421875], [0.010355859994888306, 0.02379906363785267, -0.9996631741523743, 1.4817352294921875], [0.9998995065689087, 0.009436601772904396, 0.010582966729998589, -1.582000732421875], [0.0, 0.0, 0.0, 1.0]], [[-0.8441959023475647, -0.5355101823806763, -0.023708483204245567, 0.9910888671875], [0.01856747269630432, 0.014989719726145267, -0.9997152090072632, 1.4952583312988281], [0.5357130765914917, -0.8443957567214966, -0.002711189677938819, -1.2139892578125], [0.0, 0.0, 0.0, 1.0]], [[0.9478939771652222, 0.31856608390808105, 0.0035746805369853973, -1.14117431640625], [-0.006282567512243986, 0.029909705743193626, -0.9995328783988953, 1.5620231628417969], [-0.31852421164512634, 0.9474287033081055, 0.0303526408970356, -0.1571044921875], [0.0, 0.0, 0.0, 1.0]], [[0.009380270726978779, 0.9997049570083618, 0.02240796387195587, -0.028564453125], [-0.004349733702838421, 0.02244953252375126, -0.9997384548187256, 1.5678596496582031], [-0.9999465942382812, 0.009280366823077202, 0.004559032618999481, -0.000762939453125], [0.0, 0.0, 0.0, 1.0]], [[-0.9235974550247192, 0.3833635449409485, 0.0002123760204995051, 1.081634521484375], [-0.00030121009331196547, -0.0001716948172543198, -0.9999999403953552, 1.5477876663208008], [-0.38336339592933655, -0.923597514629364, 0.00027404940919950604, -0.076171875], [0.0, 0.0, 0.0, 1.0]]], "view": [[0.0, -2.0, 100.0], [-2.0, 0.0, 100.0], [0.0, 0.0, 1.0]], "bev": "bev_d99f9e87bfc1486f83d2574866fe1c44.png", "aux": "aux_d99f9e87bfc1486f83d2574866fe1c44.npz", "visibility": "visibility_d99f9e87bfc1486f83d2574866fe1c44.png", "pose": [[-0.9266600012779236, -0.37590062618255615, 0.0, 857.0797119140625], [0.37590062618255615, -0.9266600012779236, 0.0, 1352.4642333984375], [0.0, 0.0, 1.0, 0.0], [0.0, 0.0, 0.0, 1.0]], "pose_inverse": [[-0.9266600012779236, 0.37590062618255615, 0.0, 285.82928466796875], [-0.37590062618255615, -0.9266600012779236, 0.0, 1575.4512939453125], [0.0, 0.0, 1.0, 0.0], [0.0, 0.0, 0.0, 1.0]], "cam_ids": [0, 1, 2, 3, 4, 5], "cam_channels": ["CAM_FRONT_LEFT", "CAM_FRONT", "CAM_FRONT_RIGHT", "CAM_BACK_LEFT", "CAM_BACK", "CAM_BACK_RIGHT"], "token": "d99f9e87bfc1486f83d2574866fe1c44", "scene": "scene-0230"}, {"images": ["samples/CAM_FRONT_LEFT/n008-2018-07-27-12-07-38-0400__CAM_FRONT_LEFT__1532708211004799.jpg", "samples/CAM_FRONT/n008-2018-07-27-12-07-38-0400__CAM_FRONT__1532708211012404.jpg", "samples/CAM_FRONT_RIGHT/n008-2018-07-27-12-07-38-0400__CAM_FRONT_RIGHT__1532708211020482.jpg", "samples/CAM_BACK_LEFT/n008-2018-07-27-12-07-38-0400__CAM_BACK_LEFT__1532708211047405.jpg", "samples/CAM_BACK/n008-2018-07-27-12-07-38-0400__CAM_BACK__1532708211037558.jpg", "samples/CAM_BACK_RIGHT/n008-2018-07-27-12-07-38-0400__CAM_BACK_RIGHT__1532708211028113.jpg"], "intrinsics": [[[1257.8625342125129, 0.0, 827.2410631095686], [0.0, 1257.8625342125129, 450.915498205774], [0.0, 0.0, 1.0]], [[1252.8131021185304, 0.0, 826.588114781398], [0.0, 1252.8131021185304, 469.9846626224581], [0.0, 0.0, 1.0]], [[1256.7485116440405, 0.0, 817.7887570959712], [0.0, 1256.7485116440403, 451.9541780095127], [0.0, 0.0, 1.0]], [[1254.9860565800168, 0.0, 829.5769333630991], [0.0, 1254.9860565800168, 467.1680561863987], [0.0, 0.0, 1.0]], [[796.8910634503094, 0.0, 857.7774326863696], [0.0, 796.8910634503094, 476.8848988407415], [0.0, 0.0, 1.0]], [[1249.9629280788233, 0.0, 825.3768045375984], [0.0, 1249.9629280788233, 462.54816385708756], [0.0, 0.0, 1.0]]], "extrinsics": [[[0.8225577473640442, -0.5686520338058472, -0.0057978457771241665, -0.85723876953125], [0.011789207346737385, 0.02724442072212696, -0.999559223651886, 1.4903640747070312], [0.5685594081878662, 0.8221269845962524, 0.029114065691828728, -1.2327880859375], [0.0, 0.0, 0.0, 1.0]], [[0.010327590629458427, -0.9996815323829651, -0.023023635149002075, 0.0081787109375], [0.013638539239764214, 0.02316354587674141, -0.9996386766433716, 1.4821624755859375], [0.9998536705970764, 0.01000985223799944, 0.013873419724404812, -1.58587646484375], [0.0, 0.0, 0.0, 1.0]], [[-0.8438876867294312, -0.5358911156654358, -0.02596667967736721, 0.9935302734375], [0.021547820419073105, 0.014506638050079346, -0.9996625781059265, 1.4955463409423828], [0.5360869765281677, -0.8441625237464905, -0.0006946887006051838, -1.2149658203125], [0.0, 0.0, 0.0, 1.0]], [[0.9478875994682312, 0.3185546398162842, 0.005654437001794577, -1.1396484375], [-0.00402750913053751, 0.029726510867476463, -0.9995499849319458, 1.5620193481445312], [-0.31857940554618835, 0.9474382996559143, 0.029460372403264046, -0.15771484375], [0.0, 0.0, 0.0, 1.0]], [[0.009170240722596645, 0.9997117519378662, 0.022191349416971207, -0.0289306640625], [-0.0018179587787017226, 0.02220891229