[{"images": ["samples/CAM_FRONT_LEFT/n008-2018-09-18-12-53-31-0400__CAM_FRONT_LEFT__1537290181505086.jpg", "samples/CAM_FRONT/n008-2018-09-18-12-53-31-0400__CAM_FRONT__1537290181512404.jpg", "samples/CAM_FRONT_RIGHT/n008-2018-09-18-12-53-31-0400__CAM_FRONT_RIGHT__1537290181520482.jpg", "samples/CAM_BACK_LEFT/n008-2018-09-18-12-53-31-0400__CAM_BACK_LEFT__1537290181547407.jpg", "samples/CAM_BACK/n008-2018-09-18-12-53-31-0400__CAM_BACK__1537290181537558.jpg", "samples/CAM_BACK_RIGHT/n008-2018-09-18-12-53-31-0400__CAM_BACK_RIGHT__1537290181528547.jpg"], "intrinsics": [[[1257.8625342125129, 0.0, 827.2410631095686], [0.0, 1257.8625342125129, 450.915498205774], [0.0, 0.0, 1.0]], [[1252.8131021185304, 0.0, 826.588114781398], [0.0, 1252.8131021185304, 469.9846626224581], [0.0, 0.0, 1.0]], [[1256.7485116440405, 0.0, 817.7887570959712], [0.0, 1256.7485116440403, 451.9541780095127], [0.0, 0.0, 1.0]], [[1254.9860565800168, 0.0, 829.5769333630991], [0.0, 1254.9860565800168, 467.1680561863987], [0.0, 0.0, 1.0]], [[796.8910634503094, 0.0, 857.7774326863696], [0.0, 796.8910634503094, 476.8848988407415], [0.0, 0.0, 1.0]], [[1249.9629280788233, 0.0, 825.3768045375984], [0.0, 1249.9629280788233, 462.54816385708756], [0.0, 0.0, 1.0]]], "extrinsics": [[[0.8218980431556702, -0.569351315498352, -0.017962681129574776, -0.908447265625], [-0.01946742832660675, 0.0034406327176839113, -0.9998045563697815, 1.4860191345214844], [0.5693017840385437, 0.8220871686935425, -0.008255957625806332, -1.2674560546875], [0.0, 0.0, 0.0, 1.0]], [[0.009603280574083328, -0.9999537467956543, 0.0005375686450861394, 0.007110595703125], [-0.017515314742922783, -0.0007057230686768889, -0.999846339225769, 1.47845458984375], [0.999800443649292, 0.009592349641025066, -0.01752127893269062, -1.6370849609375], [0.0, 0.0, 0.0, 1.0]], [[-0.8442114591598511, -0.5358507633209229, 0.01307277288287878, 1.026611328125], [-0.009496047161519527, -0.009433460421860218, -0.9999103546142578, 1.4923515319824219], [0.535926103591919, -0.8442599773406982, 0.0028753704391419888, -1.2362060546875], [0.0, 0.0, 0.0, 1.0]], [[0.9474465250968933, 0.3183853328227997, -0.031236911192536354, -1.1395263671875], [-0.03484624624252319, 0.005645719822496176, -0.9993767142295837, 1.5618782043457031], [-0.3180105984210968, 0.9479445815086365, 0.016443554311990738, -0.1575164794921875], [0.0, 0.0, 0.0, 1.0]], [[0.009458283893764019, 0.9999529123306274, -0.0021444011945277452, -0.02880859375], [-0.03272145986557007, -0.0018338445806875825, -0.9994628429412842, 1.567047119140625], [-0.9994198083877563, 0.00952336098998785, 0.032702576369047165, 0.01318359375], [0.0, 0.0, 0.0, 1.0]], [[-0.923454761505127, 0.38333138823509216, 0.016977595165371895, 1.109619140625], [-0.028548523783683777, -0.024515870958566666, -0.999291718006134, 1.5462532043457031], [-0.38264361023902893, -0.9232853651046753, 0.03358284756541252, -0.06439208984375], [0.0, 0.0, 0.0, 1.0]]], "view": [[0.0, -2.0, 100.0], [-2.0, 0.0, 100.0], [0.0, 0.0, 1.0]], "bev": "bev_77726965b5f14886a5c77149a2d20998.png", "aux": "aux_77726965b5f14886a5c77149a2d20998.npz", "visibility": "visibility_77726965b5f14886a5c77149a2d20998.png", "pose": [[0.4452349543571472, -0.8954137563705444, 0.0, 439.27813720703125], [0.8954137563705444, 0.4452349543571472, 0.0, 1688.152099609375], [0.0, 0.0, 1.0, 0.0], [0.0, 0.0, 0.0, 1.0]], "pose_inverse": [[0.4452349543571472, 0.8954137563705444, 0.0, -1707.1766357421875], [-0.8954137563705444, 0.4452349543571472, 0.0, -358.28863525390625], [0.0, 0.0, 1.0, 0.0], [0.0, 0.0, 0.0, 1.0]], "cam_ids": [0, 1, 2, 3, 4, 5], "cam_channels": ["CAM_FRONT_LEFT", "CAM_FRONT", "CAM_FRONT_RIGHT", "CAM_BACK_LEFT", "CAM_BACK", "CAM_BACK_RIGHT"], "token": "77726965b5f14886a5c77149a2d20998", "scene": "scene-0476"}, {"images": ["samples/CAM_FRONT_LEFT/n008-2018-09-18-12-53-31-0400__CAM_FRONT_LEFT__1537290182004799.jpg", "samples/CAM_FRONT/n008-2018-09-18-12-53-31-0400__CAM_FRONT__1537290182012404.jpg", "samples/CAM_FRONT_RIGHT/n008-2018-09-18-12-53-31-0400__CAM_FRONT_RIGHT__1537290182020482.jpg", "samples/CAM_BACK_LEFT/n008-2018-09-18-12-53-31-0400__CAM_BACK_LEFT__1537290182047405.jpg", "samples/CAM_BACK/n008-2018-09-18-12-53-31-0400__CAM_BACK__1537290182037558.jpg", "samples/CAM_BACK_RIGHT/n008-2018-09-18-12-53-31-0400__CAM_BACK_RIGHT__1537290182028113.jpg"], "intrinsics": [[[1257.8625342125129, 0.0, 827.2410631095686], [0.0, 1257.8625342125129, 450.915498205774], [0.0, 0.0, 1.0]], [[1252.8131021185304, 0.0, 826.588114781398], [0.0, 1252.8131021185304, 469.9846626224581], [0.0, 0.0, 1.0]], [[1256.7485116440405, 0.0, 817.7887570959712], [0.0, 1256.7485116440403, 451.9541780095127], [0.0, 0.0, 1.0]], [[1254.9860565800168, 0.0, 829.5769333630991], [0.0, 1254.9860565800168, 467.1680561863987], [0.0, 0.0, 1.0]], [[796.8910634503094, 0.0, 857.7774326863696], [0.0, 796.8910634503094, 476.8848988407415], [0.0, 0.0, 1.0]], [[1249.9629280788233, 0.0, 825.3768045375984], [0.0, 1249.9629280788233, 462.54816385708756], [0.0, 0.0, 1.0]]], "extrinsics": [[[0.8224497437477112, -0.5686479806900024, -0.014697513543069363, -0.9256591796875], [-0.016978755593299866, 0.001285874517634511, -0.9998550415039062, 1.4866676330566406], [0.5685844421386719, 0.8225800395011902, -0.008597368374466896, -1.27978515625], [0.0, 0.0, 0.0, 1.0]], [[0.010329550132155418, -0.99994295835495, 0.002740873722359538, 0.007232666015625], [-0.01497012097388506, -0.0028953549917787313, -0.999883770942688, 1.4789791107177734], [0.9998345971107483, 0.010287298820912838, -0.01499917358160019, -1.6552734375], [0.0, 0.0, 0.0, 1.0]], [[-0.8439493775367737, -0.5362871289253235, 0.01206715777516365, 1.038330078125], [-0.006889975629746914, -0.011656557209789753, -0.9999083280563354, 1.4926528930664062], [0.5363786816596985, -0.8439551591873169, 0.006142537575215101, -1.243408203125], [0.0, 0.0, 0.0, 1.0]], [[0.9474949836730957, 0.31842732429504395, -0.029279770329594612, -1.1405029296875], [-0.03199484571814537, 0.0032985068392008543, -0.9994826316833496, 1.5619316101074219], [-0.318166047334671, 0.9479415416717529, 0.013313353061676025, -0.157318115234375], [0.0, 0.0, 0.0, 1.0]], [[0.009216620586812496, 0.9999477863311768, -0.0044178892858326435, -0.02899169921875], [-0.029964769259095192, -0.004139908589422703, -0.9995423555374146, 1.5673065185546875], [-0.9995085000991821, 0.009344810619950294, 0.029925048351287842, 0.01904296875], [0.0, 0.0, 0.0, 1.0]], [[-0.9236387014389038, 0.38302165269851685, 0.013635034672915936, 1.11767578125], [-0.025858277454972267, -0.02678210474550724, -0.9993067383766174, 1.5466346740722656], [-0.38239097595214844, -0.9233510494232178, 0.034641265869140625, -0.06085205078125], [0.0, 0.0, 0.0, 1.0]]], "view": [[0.0, -2.0, 100.0], [-2.0, 0.0, 100.0], [0.0, 0.0, 1.0]], "bev": "bev_b998309a35d044bc8b4c277f51423d15.png", "aux": "aux_b998309a35d044bc8b4c277f51423d15.npz", "visibility": "visibility_b998309a35d044bc8b4c277f51423d15.png", "pose": [[0.44342073798179626, -0.8963136076927185, 0.0, 439.7884216308594], [0.8963136076927185, 0.44342073798179626, 0.0, 1689.1630859375], [0.0, 0.0, 1.0, 0.0], [0.0, 0.0, 0.0, 1.0]], "pose_inverse": [[0.44342073798179626, 0.8963136076927185, 0.0, -1709.0311279296875], [-0.8963136076927185, 0.44342073798179626, 0.0, -354.82159423828125], [0.0, 0.0, 1.0, 0.0], [0.0, 0.0, 0.0, 1.0]], "cam_ids": [0, 1, 2, 3, 4, 5], "cam_channels": ["CAM_FRONT_LEFT", "CAM_FRONT", "CAM_FRONT_RIGHT", "CAM_BACK_LEFT", "CAM_BACK", "CAM_BACK_RIGHT"], "token": "b998309a35d044bc8b4c277f51423d15", "scene": "scene-0476"}, {"images": ["samples/CAM_FRONT_LEFT/n008-2018-09-18-12-53-31-0400__CAM_FRONT_LEFT__1537290182504799.jpg", "samples/CAM_FRONT/n008-2018-09-18-12-53-31-0400__CAM_FRONT__1537290182512404.jpg", "samples/CAM_FRONT_RIGHT/n008-2018-09-18-12-53-31-0400__CAM_FRONT_RIGHT__1537290182520482.jpg", "samples/CAM_BACK_LEFT/n008-2018-09-18-12-53-31-0400__CAM_BACK_LEFT__1537290182547405.jpg", "samples/CAM_BACK/n008-2018-09-18-12-53-31-0400__CAM_BACK__1537290182537558.jpg", "samples/CAM_BACK_RIGHT/n008-2018-09-18-12-53-31-0400__CAM_BACK_RIGHT__1537290182528113.jpg"], "intrinsics": [[[1257.8625342125129, 0.0, 827.2410631095686], [0.0, 1257.8625342125129, 450.915498205774], [0.0, 0.0, 1.0]], [[1252.8131021185304, 0.0, 826.588114781398], [0.0, 1252.8131021185304, 469.9846626224581], [0.0, 0.0, 1.0]], [[1256.7485116440405, 0.0, 817.7887570959712], [0.0, 1256.7485116440403, 451.9541780095127], [0.0, 0.0, 1.0]], [[1254.9860565800168, 0.0, 829.5769333630991], [0.0, 1254.9860565800168, 467.1680561863987], [0.0, 0.0, 1.0]], [[796.8910634503094, 0.0, 857.7774326863696], [0.0, 796.8910634503094, 476.8848988407415], [0.0, 0.0, 1.0]], [[1249.9629280788233, 0.0, 825.3768045375984], [0.0, 1249.9629280788233, 462.54816385708756], [0.0, 0.0, 1.0]]], "extrinsics": [[[0.822217583656311, -0.5690301060676575, -0.012766930274665356, -0.92822265625], [-0.015071925707161427, 0.0006556320586241782, -0.999886155128479, 1.4868888854980469], [0.5689737200737, 0.8223164677619934, -0.008037308230996132, -1.2803955078125], [0.0, 0.0, 0.0, 1.0]], [[0.009939509443938732, -0.999944806098938, 0.0033952645026147366, 0.006256103515625], [-0.013068944215774536, -0.0035250463988631964, -0.9999083876609802, 1.4791488647460938], [0.9998652338981628, 0.00989428348839283, -0.013103261590003967, -1.656494140625], [0.0, 0.0, 0.0, 1.0]], [[-0.8441339135169983, -0.5360234975814819, 0.01080416515469551, 1.0384521484375], [-0.0049957092851400375, -0.012287084013223648, -0.9999119639396667, 1.4927654266357422], [0.5361090898513794, -0.8441136479377747, 0.007694127503782511, -1.24432373046875], [0.0, 0.0, 0.0, 1.0]], [[0.9475405216217041, 0.3184255063533783, -0.027786986902356148, -1.1409912109375], [-0.030213922262191772, 0.002684192266315222, -0.999539852142334, 1.5619430541992188], [-0.318204402923584, 0.9479441046714783, 0.012164266780018806, -0.1571197509765625], [0.0, 0.0, 0.0, 1.0]], [[0.009334702976047993, 0.999943733215332, -0.005033418536186218, -0.0286865234375], [-0.028122590854763985, -0.004769122693687677, -0.9995930194854736, 1.5673484802246094], [-0.9995608925819397, 0.009472479112446308, 0.028076492249965668, 0.01904296875], [0.0, 0.0, 0.0, 1.0]], [[-0.9235747456550598, 0.38324078917503357, 0.011670042760670185, 1.117919921875], [-0.024000154808163643, -0.02740742824971676, -0.9993361830711365, 1.5467033386230469], [-0.3826664686203003, -0.9232417345046997, 0.03451064974069595, -0.0614013671875], [0.0, 0.0, 0.0, 1.0]]], "view": [[0.0, -2.0, 100.0], [-2.0, 0.0, 100.0], [0.0, 0.0, 1.0]], "bev": "bev_b95108b276fe4b07b86a567c2ba3e2a2.png", "aux": "aux_b95108b276fe4b07b86a567c2ba3e2a2.npz", "visibility": "visibility_b95108b276fe4b07b86a567c2ba3e2a2.png", "pose": [[0.44412514567375183, -0.8959647417068481, 0.0, 440.3048095703125], [0.8959647417068481, 0.44412514567375183, 0.0, 1690.182861328125], [0.0, 0.0, 1.0, 0.0], [0.0, 0.0, 0.0, 1.0]], "pose_inverse": [[0.44412514567375183, 0.8959647417068481, 0.0, -1709.894775390625], [-0.8959647417068481, 0.44412514567375183, 0.0, -356.1551208496094], [0.0, 0.0, 1.0, 0.0], [0.0, 0.0, 0.0, 1.0]], "cam_ids": [0, 1, 2, 3, 4, 5], "cam_channels": ["CAM_FRONT_LEFT", "CAM_FRONT", "CAM_FRONT_RIGHT", "CAM_BACK_LEFT", "CAM_BACK", "CAM_BACK_RIGHT"], "token": "b95108b276fe4b07b86a567c2ba3e2a2", "scene": "scene-0476"}, {"images": ["samples/CAM_FRONT_LEFT/n008-2018-09-18-12-53-31-0400__CAM_FRONT_LEFT__1537290183004799.jpg", "samples/CAM_FRONT/n008-2018-09-18-12-53-31-0400__CAM_FRONT__1537290183012404.jpg", "samples/CAM_FRONT_RIGHT/n008-2018-09-18-12-53-31-0400__CAM_FRONT_RIGHT__1537290183020482.jpg", "samples/CAM_BACK_LEFT/n008-2018-09-18-12-53-31-0400__CAM_BACK_LEFT__1537290183047405.jpg", "samples/CAM_BACK/n008-2018-09-18-12-53-31-0400__CAM_BACK__1537290183037558.jpg", "samples/CAM_BACK_RIGHT/n008-2018-09-18-12-53-31-0400__CAM_BACK_RIGHT__1537290183028113.jpg"], "intrinsics": [[[1257.8625342125129, 0.0, 827.2410631095686], [0.0, 1257.8625342125129, 450.915498205774], [0.0, 0.0, 1.0]], [[1252.8131021185304, 0.0, 826.588114781398], [0.0, 1252.8131021185304, 469.9846626224581], [0.0, 0.0, 1.0]], [[1256.7485116440405, 0.0, 817.7887570959712], [0.0, 1256.7485116440403, 451.9541780095127], [0.0, 0.0, 1.0]], [[1254.9860565800168, 0.0, 829.5769333630991], [0.0, 1254.9860565800168, 467.1680561863987], [0.0, 0.0, 1.0]], [[796.8910634503094, 0.0, 857.7774326863696], [0.0, 796.8910634503094, 476.8848988407415], [0.0, 0.0, 1.0]], [[1249.9629280788233, 0.0, 825.3768045375984], [0.0, 1249.9629280788233, 462.54816385708756], [0.0, 0.0, 1.0]]], "extrinsics": [[[0.8224663734436035, -0.5687215328216553, -0.010239790193736553, -0.912109375], [-0.012294221669435501, 0.00022406755306292325, -0.99992436170578, 1.4869136810302734], [0.5686808228492737, 0.8225300908088684, -0.006807701662182808, -1.270263671875], [0.0, 0.0, 0.0, 1.0]], [[0.010276062414050102, -0.999940037727356, 0.0037778355181217194, 0.0072021484375], [-0.01028298120945692, -0.0038835089653730392, -0.9999396204948425, 1.479217529296875], [0.999894380569458, 0.010236615315079689, -0.010322273708879948, -1.6419677734375], [0.0, 0.0, 0.0, 1.0]], [[-0.8439982533454895, -0.5362768769264221, 0.008596645668148994, 1.0302734375], [-0.002199898473918438, -0.012566712684929371, -0.9999186396598816, 1.4929189682006836], [0.5363412499427795, -0.8439486026763916, 0.009426530450582504, -1.2384033203125], [0.0, 0.0, 0.0, 1.0]], [[0.9475988745689392, 0.31846997141838074, -0.025163903832435608, -1.1407470703125], [-0.02741168439388275, 0.002577688777819276, -0.9996209144592285, 1.5619468688964844], [-0.31828439235687256, 0.9479294419288635, 0.011172414757311344, -0.1572418212890625], [0.0, 0.0, 0.0, 1.0]], [[0.009189318865537643, 0.9999444484710693, -0.005167857278138399, -0.02886962890625], [-0.025350946933031082, -0.004933447111397982, -0.9996663928031921, 1.5673370361328125], [-0.9996364116668701, 0.009317239746451378, 0.02530420385301113, 0.0159912109375], [0.0, 0.0, 0.0, 1.0]], [[-0.9237043857574463, 0.38300031423568726, 0.008995979093015194, 1.112060546875], [-0.0211893692612648, -0.02762971632182598, -0.9993935823440552, 1.5467109680175781], [-0.38251951336860657, -0.9233348965644836, 0.03363722562789917, -0.0634765625], [0.0, 0.0, 0.0, 1.0]]], "view": [[0.0, -2.0, 100.0], [-2.0, 0.0, 100.0], [0.0, 0.0, 1.0]], "bev": "bev_d6f86ccbfdc74f3081f7191170119efe.png", "aux": "aux_d6f86ccbfdc74f3081f7191170119efe.npz", "visibility": "visibility_d6f86ccbfdc74f3081f7191170119efe.png", "pose": [[0.4432124197483063, -0.8964166045188904, 0.0, 440.8133544921875], [0.8964166045188904, 0.4432124197483063, 0.0, 1691.1944580078125], [0.0, 0.0, 1.0, 0.0], [0.0, 0.0, 0.0, 1.0]], "pose_inverse": [[0.4432124197483063, 0.8964166045188904, 0.0, -1711.3887939453125], [-0.8964166045188904, 0.4432124197483063, 0.0, -354.40594482421875], [0.0, 0.0, 1.0, 0.0], [0.0, 0.0, 0.0, 1.0]], "cam_ids": [0, 1, 2, 3, 4, 5], "cam_channels": ["CAM_FRONT_LEFT", "CAM_FRONT", "CAM_FRONT_RIGHT", "CAM_BACK_LEFT", "CAM_BACK", "CAM_BACK_RIGHT"], "token": "d6f86ccbfdc74f3081f7191170119efe", "scene": "scene-0476"}, {"images": ["samples/CAM_FRONT_LEFT/n008-2018-09-18-12-53-31-0400__CAM_FRONT_LEFT__1537290183504799.jpg", "samples/CAM_FRONT/n008-2018-09-18-12-53-31-0400__CAM_FRONT__1537290183512404.jpg", "samples/CAM_FRONT_RIGHT/n008-2018-09-18-12-53-31-0400__CAM_FRONT_RIGHT__1537290183520482.jpg", "samples/CAM_BACK_LEFT/n008-2018-09-18-12-53-31-0400__CAM_BACK_LEFT__1537290183547405.jpg", "samples/CAM_BACK/n008-2018-09-18-12-53-31-0400__CAM_BACK__1537290183537558.jpg", "samples/CAM_BACK_RIGHT/n008-2018-09-18-12-53-31-0400__CAM_BACK_RIGHT__1537290183528113.jpg"], "intrinsics": [[[1257.8625342125129, 0.0, 827.2410631095686], [0.0, 1257.8625342125129, 450.915498205774], [0.0, 0.0, 1.0]], [[1252.8131021185304, 0.0, 826.588114781398], [0.0, 1252.8131021185304, 469.9846626224581], [0.0, 0.0, 1.0]], [[1256.7485116440405, 0.0, 817.7887570959712], [0.0, 1256.7485116440403, 451.9541780095127], [0.0, 0.0, 1.0]], [[1254.9860565800168, 0.0, 829.5769333630991], [0.0, 1254.9860565800168, 467.1680561863987], [0.0, 0.0, 1.0]], [[796.8910634503094, 0.0, 857.7774326863696], [0.0, 796.8910634503094, 476.8848988407415], [0.0, 0.0, 1.0]], [[1249.9629280788233, 0.0, 825.3768045375984], [0.0, 1249.9629280788233, 462.54816385708756], [0.0, 0.0, 1.0]]], "extrinsics": [[[0.8223378658294678, -0.5689513087272644, -0.007403647527098656, -0.8902587890625], [-0.011105275712907314, -0.0030391556210815907, -0.9999337196350098, 1.486745834350586], [0.5688911080360413, 0.8223655819892883, -0.008817575871944427, -1.2545166015625], [0.0, 0.0, 0.0, 1.0]], [[0.01007628533989191, -0.9999244809150696, 0.0070314956828951836, 0.00677490234375], [-0.009091993793845177, -0.007123179268091917, -0.9999333024024963, 1.4791221618652344], [0.999907910823822, 0.01001172885298729, -0.009163081645965576, -1.61962890625], [0.0, 0.0, 0.0, 1.0]], [[-0.8440822958946228, -0.5361328721046448, 0.00931200385093689, 1.015625], [-0.0010068888077512383, -0.015781426802277565, -0.9998749494552612, 1.4929842948913574], [0.5362128019332886, -0.8439860939979553, 0.012780996970832348, -1.22955322265625], [0.0, 0.0, 0.0, 1.0]], [[0.947601854801178, 0.31845593452453613, -0.02523091621696949, -1.1402587890625], [-0.02641942724585533, -0.0005872279871255159, -0.999650776386261, 1.5619430541992188], [-0.31835949420928955, 0.9479374885559082, 0.007856964133679867, -0.1572723388671875], [0.0, 0.0, 0.0, 1.0]], [[0.009205115959048271, 0.9999229907989502, -0.008318521082401276, -0.028656005859375], [-0.024281393736600876, -0.008092905394732952, -0.9996723532676697, 1.5672187805175781], [-0.9996628165245056, 0.009404050186276436, 0.024205029010772705, 0.0096435546875], [0.0, 0.0, 0.0, 1.0]], [[-0.9236816167831421, 0.38310176134109497, 0.006731219589710236, 1.1009521484375], [-0.02006116881966591, -0.03081025369465351, -0.9993239045143127, 1.5465240478515625], [-0.38263532519340515, -0.9231921434402466, 0.03614433482289314, -0.06817626953125], [0.0, 0.0, 0.0, 1.0]]], "view": [[0.0, -2.0, 100.0], [-2.0, 0.0, 100.0], [0.0, 0.0, 1.0]], "bev": "bev_8711ac31e1ed4c9fa64deb9762c9f53f.png", "aux": "aux_8711ac31e1ed4c9fa64deb9762c9f53f.npz", "visibility": "visibility_8711ac31e1ed4c9fa64deb9762c9f53f.png", "pose": [[0.4418089687824249, -0.8971091508865356, 0.0, 441.4297180175781], [0.8971091508865356, 0.4418089687824249, 0.0, 1692.4310302734375], [0.0, 0.0, 1.0, 0.0], [0.0, 0.0, 0.0, 1.0]], "pose_inverse": [[0.4418089687824249, 0.8971091508865356, 0.0, -1713.322998046875], [-0.8971091508865356, 0.4418089687824249, 0.0, -351.7205810546875], [0.0, 0.0, 1.0, 0.0], [0.0, 0.0, 0.0, 1.0]], "cam_ids": [0, 1, 2, 3, 4, 5], "cam_channels": ["CAM_FRONT_LEFT", "CAM_FRONT", "CAM_FRONT_RIGHT", "CAM_BACK_LEFT", "CAM_BACK", "CAM_BACK_RIGHT"], "token": "8711ac31e1ed4c9fa64deb9762c9f53f", "scene": "scene-0476"}, {"images": ["samples/CAM_FRONT_LEFT/n008-2018-09-18-12-53-31-0400__CAM_FRONT_LEFT__1537290184004799.jpg", "samples/CAM_FRONT/n008-2018-09-18-12-53-31-0400__CAM_FRONT__1537290184012404.jpg", "samples/CAM_FRONT_RIGHT/n008-2018-09-18-12-53-31-0400__CAM_FRONT_RIGHT__1537290184020482.jpg", "samples/CAM_BACK_LEFT/n008-2018-09-18-12-53-31-0400__CAM_BACK_LEFT__1537290184047405.jpg", "samples/CAM_BACK/n008-2018-09-18-12-53-31-0400__CAM_BACK__1537290184037558.jpg", "samples/CAM_BACK_RIGHT/n008-2018-09-18-12-53-31-0400__CAM_BACK_RIGHT__1537290184028113.jpg"], "intrinsics": [[[1257.8625342125129, 0.0, 827.2410631095686], [0.0, 1257.8625342125129, 450.915498205774], [0.0, 0.0, 1.0]], [[1252.8131021185304, 0.0, 826.588114781398], [0.0, 1252.8131021185304, 469.9846626224581], [0.0, 0.0, 1.0]], [[1256.7485116440405, 0.0, 817.7887570959712], [0.0, 1256.7485116440403, 451.9541780095127], [0.0, 0.0, 1.0]], [[1254.9860565800168, 0.0, 829.5769333630991], [0.0, 1254.9860565800168, 467.1680561863987], [0.0, 0.0, 1.0]], [[796.8910634503094, 0.0, 857.7774326863696], [0.0, 796.8910634503094, 476.8848988407415], [0.0, 0.0, 1.0]], [[1249.9629280788233, 0.0, 825.3768045375984], [0.0, 1249.9629280788233, 462.54816385708756], [0.0, 0.0, 1.0]]], "extrinsics": [[[0.8226566314697266, -0.56850266456604, -0.006405315827578306, -0.891357421875], [-0.011582374572753906, -0.005494304466992617, -0.9999178051948547, 1.4867057800292969], [0.5684207677841187, 0.8226631283760071, -0.011104537174105644, -1.25537109375], [0.0, 0.0, 0.0, 1.0]], [[0.01055452972650528, -0.9998987913131714, 0.009548098780214787, 0.006805419921875], [-0.009681479074060917, -0.009650367312133312, -0.999906599521637, 1.4790496826171875], [0.9998974204063416, 0.010461070574820042, -0.009782352484762669, -1.6195068359375], [0.0, 0.0, 0.0, 1.0]], [[-0.8438750505447388, -0.5364206433296204, 0.011309572495520115, 1.0133056640625], [-0.0017142606666311622, -0.018383001908659935, -0.9998295307159424, 1.4929161071777344], [0.5365371108055115, -0.8437505960464478, 0.014593390747904778, -1.2283935546875], [0.0, 0.0, 0.0, 1.0]], [[0.9475648403167725, 0.31844964623451233, -0.026658596470952034, -1.140625], [-0.027041824534535408, -0.003218175144866109, -0.9996291399002075, 1.5619468688964844], [-0.31841737031936646, 0.9479343295097351, 0.0055620307102799416, -0.157257080078125], [0.0, 0.0, 0.0, 1.0]], [[0.009024975821375847, 0.9998988509178162, -0.010994511656463146, -0.028533935546875], [-0.024914119392633438, -0.01076669991016388, -0.9996315836906433, 1.567138671875], [-0.999648928642273, 0.00929560698568821, 0.024814428761601448, 0.0074462890625], [0.0, 0.0, 0.0, 1.0]], [[-0.9237833023071289, 0.38286301493644714, 0.006347719579935074, 1.0970458984375], [-0.02073667384684086, -0.033467307686805725, -0.9992246627807617, 1.5463790893554688], [-0.3823537528514862, -0.9231987595558167, 0.038855843245983124, -0.07012939453125], [0.0, 0.0, 0.0, 1.0]]], "view": [[0.0, -2.0, 100.0], [-2.0, 0.0, 100.0], [0.0, 0.0, 1.0]], "bev": "bev_fbf29ddc3d6f4fcda26707184b946802.png", "aux": "aux_fbf29ddc3d6f4fcda26707184b946802.npz", "visibility": "visibility_fbf29ddc3d6f4fcda26707184b946802.png", "pose": [[0.4411771893501282, -0.8974200487136841, 0.0, 442.1250305175781], [0.8974200487136841, 0.4411771893501282, 0.0, 1693.8358154296875], [0.0, 0.0, 1.0, 0.0], [0.0, 0.0, 0.0, 1.0]], "pose_inverse": [[0.4411771893501282, 0.8974200487136841, 0.0, -1715.1376953125], [-0.8974200487136841, 0.4411771893501282, 0.0, -350.5098571777344], [0.0, 0.0, 1.0, 0.0], [0.0, 0.0, 0.0, 1.0]], "cam_ids": [0, 1, 2, 3, 4, 5], "cam_channels": ["CAM_FRONT_LEFT", "CAM_FRONT", "CAM_FRONT_RIGHT", "CAM_BACK_LEFT", "CAM_BACK", "CAM_BACK_RIGHT"], "token": "fbf29ddc3d6f4fcda26707184b946802", "scene": "scene-0476"}, {"images": ["samples/CAM_FRONT_LEFT/n008-2018-09-18-12-53-31-0400__CAM_FRONT_LEFT__1537290184504799.jpg", "samples/CAM_FRONT/n008-2018-09-18-12-53-31-0400__CAM_FRONT__1537290184512404.jpg", "samples/CAM_FRONT_RIGHT/n008-2018-09-18-12-53-31-0400__CAM_FRONT_RIGHT__1537290184520482.jpg", "samples/CAM_BACK_LEFT/n008-2018-09-18-12-53-31-0400__CAM_BACK_LEFT__1537290184547405.jpg", "samples/CAM_BACK/n008-2018-09-18-12-53-31-0400__CAM_BACK__1537290184537558.jpg", "samples/CAM_BACK_RIGHT/n008-2018-09-18-12-53-31-0400__CAM_BACK_RIGHT__1537290184528113.jpg"], "intrinsics": [[[1257.8625342125129, 0.0, 827.2410631095686], [0.0, 1257.8625342125129, 450.915498205774], [0.0, 0.0, 1.0]], [[1252.8131021185304, 0.0, 826.588114781398], [0.0, 1252.8131021185304, 469.9846626224581], [0.0, 0.0, 1.0]], [[1256.7485116440405, 0.0, 817.7887570959712], [0.0, 1256.7485116440403, 451.9541780095127], [0.0, 0.0, 1.0]], [[1254.9860565800168, 0.0, 829.5769333630991], [0.0, 1254.9860565800168, 467.1680561863987], [0.0, 0.0, 1.0]], [[796.8910634503094, 0.0, 857.7774326863696], [0.0, 796.8910634503094, 476.8848988407415], [0.0, 0.0, 1.0]], [[1249.9629280788233, 0.0, 825.3768045375984], [0.0, 1249.9629280788233, 462.54816385708756], [0.0, 0.0, 1.0]]], "extrinsics": [[[0.8225904703140259, -0.5686180591583252, -0.004304290283471346, -0.8587646484375], [-0.009002730250358582, -0.00545446528121829, -0.9999446272850037, 1.4867057800292969], [0.5685631036758423, 0.8225836157798767, -0.00960590597242117, -1.2333984375], [0.0, 0.0, 0.0, 1.0]], [[0.010440834797918797, -0.9999003410339355, 0.009505603462457657, 0.007720947265625], [-0.0069857328198850155, -0.00957882683724165, -0.9999297261238098, 1.479151725769043], [0.9999210834503174, 0.010373675264418125, -0.007085045333951712, -1.588623046875], [0.0, 0.0, 0.0, 1.0]], [[-0.84392249584198, -0.5363917350769043, 0.008871257305145264, 0.9957275390625], [0.0011069863103330135, -0.018277650699019432, -0.9998323321342468, 1.4932093620300293], [0.5364639759063721, -0.84377121925354, 0.01601869985461235, -1.21649169921875], [0.0, 0.0, 0.0, 1.0]], [[0.9476332068443298, 0.3184809982776642, -0.02369091846048832, -1.14013671875], [-0.023928677663207054, -0.0031663060653954744, -0.9997086524963379, 1.5619468688964844], [-0.3184632360935211, 0.9479239583015442, 0.004620331805199385, -0.1573638916015625], [0.0, 0.0, 0.0, 1.0]], [[0.009034844115376472, 0.9999002814292908, -0.010848966427147388, -0.02880859375], [-0.021912600845098495, -0.010648831725120544, -0.9997031688690186, 1.5671119689941406], [-0.9997190237045288, 0.009269907139241695, 0.02181420847773552, 0.000732421875], [0.0, 0.0, 0.0, 1.0]], [[-0.9238033890724182, 0.38284915685653687, 0.003707463387399912, 1.0849609375], [-0.017829546704888344, -0.03334520384669304, -0.9992848038673401, 1.5463676452636719], [-0.3824516832828522, -0.9232088923454285, 0.037630438804626465, -0.074462890625], [0.0, 0.0, 0.0, 1.0]]], "view": [[0.0, -2.0, 100.0], [-2.0, 0.0, 100.0], [0.0, 0.0, 1.0]], "bev": "bev_13aafec80cda44d4ad4d3136021370bd.png", "aux": "aux_13aafec80cda44d4ad4d3136021370bd.npz", "visibility": "visibility_13aafec80cda44d4ad4d3136021370bd.png", "pose": [[0.4417431354522705, -0.8971415758132935, 0.0, 442.931884765625], [0.8971415758132935, 0.4417431354522705, 0.0, 1695.4569091796875], [0.0, 0.0, 1.0, 0.0], [0.0, 0.0, 0.0, 1.0]], "pose_inverse": [[0.4417431354522705, 0.8971415758132935, 0.0, -1716.72705078125], [-0.8971415758132935, 0.4417431354522705, 0.0, -351.5838623046875], [0.0, 0.0, 1.0, 0.0], [0.0, 0.0, 0.0, 1.0]], "cam_ids": [0, 1, 2, 3, 4, 5], "cam_channels": ["CAM_FRONT_LEFT", "CAM_FRONT", "CAM_FRONT_RIGHT", "CAM_BACK_LEFT", "CAM_BACK", "CAM_BACK_RIGHT"], "token": "13aafec80cda44d4ad4d3136021370bd", "scene": "scene-0476"}, {"images": ["samples/CAM_FRONT_LEFT/n008-2018-09-18-12-53-31-0400__CAM_FRONT_LEFT__1537290185004799.jpg", "samples/CAM_FRONT/n008-2018-09-18-12-53-31-0400__CAM_FRONT__1537290185012404.jpg", "samples/CAM_FRONT_RIGHT/n008-2018-09-18-12-53-31-0400__CAM_FRONT_RIGHT__1537290185020482.jpg", "samples/CAM_BACK_LEFT/n008-2018-09-18-12-53-31-0400__CAM_BACK_LEFT__1537290185047405.jpg", "samples/CAM_BACK/n008-2018-09-18-12-53-31-0400__CAM_BACK__1537290185037558.jpg", "samples/CAM_BACK_RIGHT/n008-2018-09-18-12-53-31-0400__CAM_BACK_RIGHT__1537290185028113.jpg"], "intrinsics": [[[1257.8625342125129, 0.0, 827.2410631095686], [0.0, 1257.8625342125129, 450.915498205774], [0.0, 0.0, 1.0]], [[1252.8131021185304, 0.0, 826.588114781398], [0.0, 1252.8131021185304, 469.9846626224581], [0.0, 0.0, 1.0]], [[1256.7485116440405, 0.0, 817.7887570959712], [0.0, 1256.7485116440403, 451.9541780095127], [0.0, 0.0, 1.0]], [[1254.9860565800168, 0.0, 829.5769333630991], [0.0, 1254.9860565800168, 467.1680561863987], [0.0, 0.0, 1.0]], [[796.8910634503094, 0.0, 857.7774326863696], [0.0, 796.8910634503094, 476.8848988407415], [0.0, 0.0, 1.0]], [[1249.9629280788233, 0.0, 825.3768045375984], [0.0, 1249.9629280788233, 462.54816385708756], [0.0, 0.0, 1.0]]], "extrinsics": [[[0.8225663900375366, -0.5686227083206177, -0.007268255110830069, -0.841796875], [-0.01042103674262762, -0.0022935273591428995, -0.9999430179595947, 1.4862308502197266], [0.5685735940933228, 0.8225952982902527, -0.007812217343598604, -1.2215576171875], [0.0, 0.0, 0.0, 1.0]], [[0.010440399870276451, -0.9999261498451233, 0.0062131863087415695, 0.007720947265625], [-0.008377320133149624, -0.006300772074609995, -0.9999450445175171, 1.4788055419921875], [0.9999104142189026, 0.010387850925326347, -0.008442486636340618, -1.5711669921875], [0.0, 0.0, 0.0, 1.0]], [[-0.8439022302627563, -0.5364344716072083, 0.008200437761843204, 0.98388671875], [-0.0002604325127322227, -0.014875533059239388, -0.9998892545700073, 1.4930520057678223], [0.5364970564842224, -0.8438108563423157, 0.01241378951817751, -1.2088623046875], [0.0, 0.0, 0.0, 1.0]], [[0.9476199746131897, 0.3184896409511566, -0.02410021424293518, -1.1380615234375], [-0.025615060701966286, 0.0005684305797331035, -0.9996717572212219, 1.5618858337402344], [-0.31837141513824463, 0.9479261040687561, 0.008696789853274822, -0.158111572265625], [0.0, 0.0, 0.0, 1.0]], [[0.009039424359798431, 0.9999330043792725, -0.007236511912196875, -0.02880859375], [-0.023454787209630013, -0.007022792473435402, -0.9997002482414246, 1.5668869018554688], [-0.9996840953826904, 0.009206493385136127, 0.02338973432779312, -0.0057373046875], [0.0, 0.0, 0.0, 1.0]], [[-0.9238125085830688, 0.3827923536300659, 0.006374826654791832, 1.0751953125], [-0.01925959438085556, -0.02983718551695347, -0.999369204044342, 1.5460586547851562], [-0.38236069679260254, -0.9233524799346924, 0.034936390817165375, -0.07830810546875], [0.0, 0.0, 0.0, 1.0]]], "view": [[0.0, -2.0, 100.0], [-2.0, 0.0, 100.0], [0.0, 0.0, 1.0]], "bev": "bev_f4e58da39d514b96bf55e0d6c0c84660.png", "aux": "aux_f4e58da39d514b96bf55e0d6c0c84660.npz", "visibility": "visibility_f4e58da39d514b96bf55e0d6c0c84660.png", "pose": [[0.4423670172691345, -0.896834135055542, 0.0, 443.88104248046875], [0.896834135055542, 0.4423670172691345, 0.0, 1697.3641357421875], [0.0, 0.0, 1.0, 0.0], [0.0, 0.0, 0.0, 1.0]], "pose_inverse": [[0.4423670172691345, 0.896834135055542, 0.0, -1718.6124267578125], [-0.896834135055542, 0.4423670172691345, 0.0, -352.770263671875], [0.0, 0.0, 1.0, 0.0], [0.0, 0.0, 0.0, 1.0]], "cam_ids": [0, 1, 2, 3, 4, 5], "cam_channels": ["CAM_FRONT_LEFT", "CAM_FRONT", "CAM_FRONT_RIGHT", "CAM_BACK_LEFT", "CAM_BACK", "CAM_BACK_RIGHT"], "token": "f4e58da39d514b96bf55e0d6c0c84660", "scene": "scene-0476"}, {"images": ["samples/CAM_FRONT_LEFT/n008-2018-09-18-12-53-31-0400__CAM_FRONT_LEFT__1537290185504799.jpg", "samples/CAM_FRONT/n008-2018-09-18-12-53-31-0400__CAM_FRONT__1537290185512404.jpg", "samples/CAM_FRONT_RIGHT/n008-2018-09-18-12-53-31-0400__CAM_FRONT_RIGHT__1537290185520482.jpg", "samples/CAM_BACK_LEFT/n008-2018-09-18-12-53-31-0400__CAM_BACK_LEFT__1537290185547405.jpg", "samples/CAM_BACK/n008-2018-09-18-12-53-31-0400__CAM_BACK__1537290185537558.jpg", "samples/CAM_BACK_RIGHT/n008-2018-09-18-12-53-31-0400__CAM_BACK_RIGHT__1537290185528113.jpg"], "intrinsics": [[[1257.8625342125129, 0.0, 827.2410631095686], [0.0, 1257.8625342125129, 450.915498205774], [0.0, 0.0, 1.0]], [[1252.8131021185304, 0.0, 826.588114781398], [0.0, 1252.8131021185304, 469.9846626224581], [0.0, 0.0, 1.0]], [[1256.7485116440405, 0.0, 817.7887570959712], [0.0, 1256.7485116440403, 451.9541780095127], [0.0, 0.0, 1.0]], [[1254.9860565800168, 0.0, 829.5769333630991], [0.0, 1254.9860565800168, 467.1680561863987], [0.0, 0.0, 1.0]], [[796.8910634503094, 0.0, 857.7774326863696], [0.0, 796.8910634503094, 476.8848988407415], [0.0, 0.0, 1.0]], [[1249.9629280788233, 0.0, 825.3768045375984], [0.0, 1249.9629280788233, 462.54816385708756], [0.0, 0.0, 1.0]]], "extrinsics": [[[0.822416365146637, -0.5687941312789917, -0.010233781300485134, -0.8331298828125], [-0.009510276839137077, 0.00424023624509573, -0.9999457597732544, 1.4863090515136719], [0.5688066482543945, 0.8224690556526184, -0.001922151423059404, -1.215576171875], [0.0, 0.0, 0.0, 1.0]], [[0.010110495612025261, -0.9999488592147827, -0.0002540467248763889, 0.00787353515625], [-0.007571892812848091, 0.00017749218386597931, -0.999971330165863, 1.4788637161254883], [0.9999202489852905, 0.01011211983859539, -0.007569711655378342, -1.5628662109375], [0.0, 0.0, 0.0, 1.0]], [[-0.8441096544265747, -0.5361543893814087, 0.004168750252574682, 0.978515625], [0.00043548797839321196, -0.00846062321215868, -0.9999641180038452, 1.4931325912475586], [0.5361704230308533, -0.8440775275230408, 0.0073751830495893955, -1.20562744140625], [0.0, 0.0, 0.0, 1.0]], [[0.9476759433746338, 0.3185041844844818, -0.021572375670075417, -1.13818359375], [-0.0250380989164114, 0.006790779996663332, -0.9996634125709534, 1.5618896484375], [-0.31825047731399536, 0.9478971362113953, 0.014410198666155338, -0.1579742431640625], [0.0, 0.0, 0.0, 1.0]], [[0.00932908896356821, 0.9999560713768005, -0.0009487791103310883, -0.028564453125], [-0.02290508709847927, -0.0007348776562139392, -0.9997373223304749, 1.5668678283691406], [-0.9996940493583679, 0.009348420426249504, 0.022897223010659218, -0.0076904296875], [0.0, 0.0, 0.0, 1.0]], [[-0.9236534237861633, 0.3831406235694885, 0.008226275444030762, 1.0712890625], [-0.01864366978406906, -0.02348409593105316, -0.9995503425598145, 1.5460205078125], [-0.38277512788772583, -0.9233914613723755, 0.02883431315422058, -0.080322265625], [0.0, 0.0, 0.0, 1.0]]], "view": [[0.0, -2.0, 100.0], [-2.0, 0.0, 100.0], [0.0, 0.0, 1.0]], "bev": "bev_69c15091a16d4058ba68319b78655c59.png", "aux": "aux_69c15091a16d4058ba68319b78655c59.npz", "visibility": "visibility_69c15091a16d4058ba68319b78655c59.png", "pose": [[0.44192323088645935, -0.8970528841018677, 0.0, 444.9290771484375], [0.8970528841018677, 0.44192323088645935, 0.0, 1699.4613037109375], [0.0, 0.0, 1.0, 0.0], [0.0, 0.0, 0.0, 1.0]], "pose_inverse": [[0.44192323088645935, 0.8970528841018677, 0.0, -1721.131103515625], [-0.8970528841018677, 0.44192323088645935, 0.0, -351.906494140625], [0.0, 0.0, 1.0, 0.0], [0.0, 0.0, 0.0, 1.0]], "cam_ids": [0, 1, 2, 3, 4, 5], "cam_channels": ["CAM_FRONT_LEFT", "CAM_FRONT", "CAM_FRONT_RIGHT", "CAM_BACK_LEFT", "CAM_BACK", "CAM_BACK_RIGHT"], "token": "69c15091a16d4058ba68319b78655c59", "scene": "scene-0476"}, {"images": ["samples/CAM_FRONT_LEFT/n008-2018-09-18-12-53-31-0400__CAM_FRONT_LEFT__1537290186004799.jpg", "samples/CAM_FRONT/n008-2018-09-18-12-53-31-0400__CAM_FRONT__1537290186012404.jpg", "samples/CAM_FRONT_RIGHT/n008-2018-09-18-12-53-31-0400__CAM_FRONT_RIGHT__1537290186020482.jpg", "samples/CAM_BACK_LEFT/n008-2018-09-18-12-53-31-0400__CAM_BACK_LEFT__1537290186047405.jpg", "samples/CAM_BACK/n008-2018-09-18-12-53-31-0400__CAM_BACK__1537290186037558.jpg", "samples/CAM_BACK_RIGHT/n008-2018-09-18-12-53-31-0400__CAM_BACK_RIGHT__1537290186028113.jpg"], "intrinsics": [[[1257.8625342125129, 0.0, 827.2410631095686], [0.0, 1257.8625342125129, 450.915498205774], [0.0, 0.0, 1.0]], [[1252.8131021185304, 0.0, 826.588114781398], [0.0, 1252.8131021185304, 469.9846626224581], [0.0, 0.0, 1.0]], [[1256.7485116440405, 0.0, 817.7887570959712], [0.0, 1256.7485116440403, 451.9541780095127], [0.0, 0.0, 1.0]], [[1254.9860565800168, 0.0, 829.5769333630991], [0.0, 1254.9860565800168, 467.1680561863987], [0.0, 0.0, 1.0]], [[796.8910634503094, 0.0, 857.7774326863696], [0.0, 796.8910634503094, 476.8848988407415], [0.0, 0.0, 1.0]], [[1249.9629280788233, 0.0, 825.3768045375984], [0.0, 1249.9629280788233, 462.54816385708756], [0.0, 0.0, 1.0]]], "extrinsics": [[[0.8222188949584961, -0.5689733624458313, -0.015009928494691849, -0.82177734375], [-0.013367786072194576, 0.007060021627694368, -0.9998856782913208, 1.4853172302246094], [0.5690143704414368, 0.8223256468772888, -0.00180103350430727, -1.207275390625], [0.0, 0.0, 0.0, 1.0]], [[0.009901164099574089, -0.9999457597732544, -0.0032193667721003294, 0.007781982421875], [-0.011426989920437336, 0.003106168005615473, -0.9999299049377441, 1.478067398071289], [0.9998857378959656, 0.009937300346791744, -0.01139561552554369, -1.551025390625], [0.0, 0.0, 0.0, 1.0]], [[-0.8441675305366516, -0.5360482335090637, 0.005790088325738907, 0.970458984375], [-0.0034200449008494616, -0.005415328312665224, -0.9999794363975525, 1.4925918579101562], [0.5360685586929321, -0.8441700339317322, 0.0027381349354982376, -1.20074462890625], [0.0, 0.0, 0.0, 1.0]], [[0.9476180672645569, 0.3184899687767029, -0.024170642718672752, -1.1383056640625], [-0.028895476832985878, 0.010118258185684681, -0.9995312690734863, 1.5618782043457031], [-0.3180961012840271, 0.9478721618652344, 0.018791163340210915, -0.157928466796875], [0.0, 0.0, 0.0, 1.0]], [[0.009422124363481998, 0.999953031539917, 0.002268591895699501, -0.028533935546875], [-0.0266843494027853, 0.0025193174369633198, -0.999640703201294, 1.5665740966796875], [-0.9995995163917542, 0.009358183480799198, 0.026706835255026817, -0.011474609375], [0.0, 0.0, 0.0, 1.0]], [[-0.9235787391662598, 0.3831885755062103, 0.012988902628421783, 1.06494140625], [-0.022491373121738434, -0.02032843604683876, -0.9995403289794922, 1.5454978942871094], [-0.3827483355998993, -0.9234463572502136, 0.02739335224032402, -0.08294677734375], [0.0, 0.0, 0.0, 1.0]]], "view": [[0.0, -2.0, 100.0], [-2.0, 0.0, 100.0], [0.0, 0.0, 1.0]], "bev": "bev_5bc3decd018842148b46105bed846109.png", "aux": "aux_5bc3decd018842148b46105bed846109.npz", "visibility": "visibility_5bc3decd018842148b46105bed846109.png", "pose": [[0.4389343857765198, -0.8985190987586975, 0.0, 446.02679443359375], [0.8985190987586975, 0.4389343857765198, 0.0, 1701.680908203125], [0.0, 0.0, 1.0, 0.0], [0.0, 0.0, 0.0, 1.0]], "pose_inverse": [[0.4389343857765198, 0.8985190987586975, 0.0, -1724.769287109375], [-0.8985190987586975, 0.4389343857765198, 0.0, -346.1626281738281], [0.0, 0.0, 1.0, 0.0], [0.0, 0.0, 0.0, 1.0]], "cam_ids": [0, 1, 2, 3, 4, 5], "cam_channels": ["CAM_FRONT_LEFT", "CAM_FRONT", "CAM_FRONT_RIGHT", "CAM_BACK_LEFT", "CAM_BACK", "CAM_BACK_RIGHT"], "token": "5bc3decd018842148b46105bed846109", "scene": "scene-0476"}, {"images": ["samples/CAM_FRONT_LEFT/n008-2018-09-18-12-53-31-0400__CAM_FRONT_LEFT__1537290186504799.jpg", "samples/CAM_FRONT/n008-2018-09-18-12-53-31-0400__CAM_FRONT__1537290186512404.jpg", "samples/CAM_FRONT_RIGHT/n008-2018-09-18-12-53-31-0400__CAM_FRONT_RIGHT__1537290186520482.jpg", "samples/CAM_BACK_LEFT/n008-2018-09-18-12-53-31-0400__CAM_BACK_LEFT__1537290186547405.jpg", "samples/CAM_BACK/n008-2018-09-18-12-53-31-0400__CAM_BACK__1537290186537558.jpg", "samples/CAM_BACK_RIGHT/n008-2018-09-18-12-53-31-0400__CAM_BACK_RIGHT__1537290186528113.jpg"], "intrinsics": [[[1257.8625342125129, 0.0, 827.2410631095686], [0.0, 1257.8625342125129, 450.915498205774], [0.0, 0.0, 1.0]], [[1252.8131021185304, 0.0, 826.588114781398], [0.0, 1252.8131021185304, 469.9846626224581], [0.0, 0.0, 1.0]], [[1256.7485116440405, 0.0, 817.7887570959712], [0.0, 1256.7485116440403, 451.9541780095127], [0.0, 0.0, 1.0]], [[1254.9860565800168, 0.0, 829.5769333630991], [0.0, 1254.9860565800168, 467.1680561863987], [0.0, 0.0, 1.0]], [[796.8910634503094, 0.0, 857.7774326863696], [0.0, 796.8910634503094, 476.8848988407415], [0.0, 0.0, 1.0]], [[1249.9629280788233, 0.0, 825.3768045375984], [0.0, 1249.9629280788233, 462.54816385708756], [0.0, 0.0, 1.0]]], "extrinsics": [[[0.8222435712814331, -0.5688796639442444, -0.017073310911655426, -0.8094482421875], [-0.017205312848091125, 0.005139227956533432, -0.9998387694358826, 1.4842071533203125], [0.5688757300376892, 0.8224047422409058, -0.005562055855989456, -1.198974609375], [0.0, 0.0, 0.0, 1.0]], [[0.009996159933507442, -0.9999493360519409, -0.0011626459890976548, 0.007965087890625], [-0.015341589227318764, 0.0010092024458572268, -0.9998818039894104, 1.4771480560302734], [0.9998323321342468, 0.01001277007162571, -0.015330723486840725, -1.538330078125], [0.0, 0.0, 0.0, 1.0]], [[-0.8441124558448792, -0.5360655784606934, 0.010389654897153378, 0.9615478515625], [-0.007417913526296616, -0.007699636742472649, -0.9999428391456604, 1.491938591003418], [0.5361149311065674, -0.8441412448883057, 0.0025228706654161215, -1.19500732421875], [0.0, 0.0, 0.0, 1.0]], [[0.9475072622299194, 0.3184303939342499, -0.02884627692401409, -1.135986328125], [-0.032905805855989456, 0.007375616580247879, -0.9994312524795532, 1.5617637634277344], [-0.3180365264415741, 0.9479175806045532, 0.017466658726334572, -0.1588287353515625], [0.0, 0.0, 0.0, 1.0]], [[0.009427950717508793, 0.9999554753303528, -0.0004016737802885473, -0.0284729003