[{"images": ["samples/CAM_FRONT_LEFT/n008-2018-09-18-12-53-31-0400__CAM_FRONT_LEFT__1537289831504799.jpg", "samples/CAM_FRONT/n008-2018-09-18-12-53-31-0400__CAM_FRONT__1537289831512404.jpg", "samples/CAM_FRONT_RIGHT/n008-2018-09-18-12-53-31-0400__CAM_FRONT_RIGHT__1537289831520482.jpg", "samples/CAM_BACK_LEFT/n008-2018-09-18-12-53-31-0400__CAM_BACK_LEFT__1537289831547405.jpg", "samples/CAM_BACK/n008-2018-09-18-12-53-31-0400__CAM_BACK__1537289831537558.jpg", "samples/CAM_BACK_RIGHT/n008-2018-09-18-12-53-31-0400__CAM_BACK_RIGHT__1537289831528113.jpg"], "intrinsics": [[[1257.8625342125129, 0.0, 827.2410631095686], [0.0, 1257.8625342125129, 450.915498205774], [0.0, 0.0, 1.0]], [[1252.8131021185304, 0.0, 826.588114781398], [0.0, 1252.8131021185304, 469.9846626224581], [0.0, 0.0, 1.0]], [[1256.7485116440405, 0.0, 817.7887570959712], [0.0, 1256.7485116440403, 451.9541780095127], [0.0, 0.0, 1.0]], [[1254.9860565800168, 0.0, 829.5769333630991], [0.0, 1254.9860565800168, 467.1680561863987], [0.0, 0.0, 1.0]], [[796.8910634503094, 0.0, 857.7774326863696], [0.0, 796.8910634503094, 476.8848988407415], [0.0, 0.0, 1.0]], [[1249.9629280788233, 0.0, 825.3768045375984], [0.0, 1249.9629280788233, 462.54816385708756], [0.0, 0.0, 1.0]]], "extrinsics": [[[0.8227521181106567, -0.5683943033218384, -0.0026159873232245445, -0.785980224609375], [0.021150000393390656, 0.035213202238082886, -0.9991559386253357, 1.4938583374023438], [0.5680067539215088, 0.8220023512840271, 0.04099327325820923, -1.1837158203125], [0.0, 0.0, 0.0, 1.0]], [[0.010806526057422161, -0.9994562268257141, -0.031152112409472466, 0.0086669921875], [0.023028194904327393, 0.03139441832900047, -0.9992417693138123, 1.4851608276367188], [0.9996764063835144, 0.010080967098474503, 0.02335493639111519, -1.51641845703125], [0.0, 0.0, 0.0, 1.0]], [[-0.8434894680976868, -0.5357659459114075, -0.03847527876496315, 0.948974609375], [0.030960584059357643, 0.023016968742012978, -0.9992555379867554, 1.4982681274414062], [0.5362527370452881, -0.8440527319908142, -0.0028269432950764894, -1.1868896484375], [0.0, 0.0, 0.0, 1.0]], [[0.9477953910827637, 0.31840407848358154, 0.017396310344338417, -1.1380615234375], [0.005138303153216839, 0.03929780051112175, -0.9992142915725708, 1.56207275390625], [-0.31883761286735535, 0.9471401572227478, 0.03561021760106087, -0.158203125], [0.0, 0.0, 0.0, 1.0]], [[0.008888947777450085, 0.9994671940803528, 0.03140926733613014, -0.0286865234375], [0.007442205213010311, 0.03134351596236229, -0.9994809031486511, 1.5685386657714844], [-0.9999328255653381, 0.00911803264170885, -0.007159627508372068, -0.0211181640625], [0.0, 0.0, 0.0, 1.0]], [[-0.9237089157104492, 0.38301733136177063, -0.007715440355241299, 1.04754638671875], [0.011775501072406769, 0.008256787434220314, -0.9998965263366699, 1.5492477416992188], [-0.3829139769077301, -0.9237042665481567, -0.012137089855968952, -0.090087890625], [0.0, 0.0, 0.0, 1.0]]], "view": [[0.0, -2.0, 100.0], [-2.0, 0.0, 100.0], [0.0, 0.0, 1.0]], "bev": "bev_7eb46241b73640e79edfa8228d2a3b99.png", "aux": "aux_7eb46241b73640e79edfa8228d2a3b99.npz", "visibility": "visibility_7eb46241b73640e79edfa8228d2a3b99.png", "pose": [[-0.7618154883384705, -0.6477940678596497, 0.0, 1476.3785400390625], [0.6477940678596497, -0.7618154883384705, 0.0, 898.998779296875], [0.0, 0.0, 1.0, 0.0], [0.0, 0.0, 0.0, 1.0]], "pose_inverse": [[-0.7618154883384705, 0.6477940678596497, 0.0, 542.3619995117188], [-0.6477940678596497, -0.7618154883384705, 0.0, 1641.260498046875], [0.0, 0.0, 1.0, 0.0], [0.0, 0.0, 0.0, 1.0]], "cam_ids": [0, 1, 2, 3, 4, 5], "cam_channels": ["CAM_FRONT_LEFT", "CAM_FRONT", "CAM_FRONT_RIGHT", "CAM_BACK_LEFT", "CAM_BACK", "CAM_BACK_RIGHT"], "token": "7eb46241b73640e79edfa8228d2a3b99", "scene": "scene-0462"}, {"images": ["samples/CAM_FRONT_LEFT/n008-2018-09-18-12-53-31-0400__CAM_FRONT_LEFT__1537289831904799.jpg", "samples/CAM_FRONT/n008-2018-09-18-12-53-31-0400__CAM_FRONT__1537289831912404.jpg", "samples/CAM_FRONT_RIGHT/n008-2018-09-18-12-53-31-0400__CAM_FRONT_RIGHT__1537289831920482.jpg", "samples/CAM_BACK_LEFT/n008-2018-09-18-12-53-31-0400__CAM_BACK_LEFT__1537289831947405.jpg", "samples/CAM_BACK/n008-2018-09-18-12-53-31-0400__CAM_BACK__1537289831937558.jpg", "samples/CAM_BACK_RIGHT/n008-2018-09-18-12-53-31-0400__CAM_BACK_RIGHT__1537289831928113.jpg"], "intrinsics": [[[1257.8625342125129, 0.0, 827.2410631095686], [0.0, 1257.8625342125129, 450.915498205774], [0.0, 0.0, 1.0]], [[1252.8131021185304, 0.0, 826.588114781398], [0.0, 1252.8131021185304, 469.9846626224581], [0.0, 0.0, 1.0]], [[1256.7485116440405, 0.0, 817.7887570959712], [0.0, 1256.7485116440403, 451.9541780095127], [0.0, 0.0, 1.0]], [[1254.9860565800168, 0.0, 829.5769333630991], [0.0, 1254.9860565800168, 467.1680561863987], [0.0, 0.0, 1.0]], [[796.8910634503094, 0.0, 857.7774326863696], [0.0, 796.8910634503094, 476.8848988407415], [0.0, 0.0, 1.0]], [[1249.9629280788233, 0.0, 825.3768045375984], [0.0, 1249.9629280788233, 462.54816385708756], [0.0, 0.0, 1.0]]], "extrinsics": [[[0.8228462338447571, -0.5682241916656494, -0.0067388322204351425, -0.773712158203125], [0.021123314276337624, 0.04243483021855354, -0.9988758563995361, 1.4941558837890625], [0.5678713917732239, 0.8217789530754089, 0.046920113265514374, -1.175537109375], [0.0, 0.0, 0.0, 1.0]], [[0.01093808002769947, -0.9992125630378723, -0.03813861310482025, 0.0091552734375], [0.023316500708460808, 0.03838539123535156, -0.9989909529685974, 1.485504150390625], [0.9996682405471802, 0.01003775279968977, 0.023718003183603287, -1.5037841796875], [0.0, 0.0, 0.0, 1.0]], [[-0.8434245586395264, -0.5355550050735474, -0.04261307790875435, 0.9403076171875], [0.03157622739672661, 0.029764963313937187, -0.9990580081939697, 1.498687744140625], [0.5363188982009888, -0.8439756631851196, -0.008193696849048138, -1.1807861328125], [0.0, 0.0, 0.0, 1.0]], [[0.9477757811546326, 0.31825968623161316, 0.020778484642505646, -1.1387939453125], [0.006691452115774155, 0.045292239636182785, -0.9989513754844666, 1.56207275390625], [-0.3188670575618744, 0.9469209909439087, 0.04079727083444595, -0.157958984375], [0.0, 0.0, 0.0, 1.0]], [[0.008842924609780312, 0.9992497563362122, 0.03770630061626434, -0.0286865234375], [0.008720745332539082, 0.037629272788763046, -0.9992536902427673, 1.5686492919921875], [-0.9999228715896606, 0.009165240451693535, -0.008381449617445469, -0.0244140625], [0.0, 0.0, 0.0, 1.0]], [[-0.9237182140350342, 0.38302478194236755, -0.006049469579011202, 1.0405731201171875], [0.012684069573879242, 0.014798486605286598, -0.9998100399971008, 1.5494461059570312], [-0.3828624486923218, -0.9236195087432861, -0.01852794550359249, -0.0927734375], [0.0, 0.0, 0.0, 1.0]]], "view": [[0.0, -2.0, 100.0], [-2.0, 0.0, 100.0], [0.0, 0.0, 1.0]], "bev": "bev_a876f5f25f9d4b54a0323cd8860d15e1.png", "aux": "aux_a876f5f25f9d4b54a0323cd8860d15e1.npz", "visibility": "visibility_a876f5f25f9d4b54a0323cd8860d15e1.png", "pose": [[-0.7607458233833313, -0.6490498781204224, 0.0, 1474.4483642578125], [0.6490498781204224, -0.7607458233833313, 0.0, 900.66259765625], [0.0, 0.0, 1.0, 0.0], [0.0, 0.0, 0.0, 1.0]], "pose_inverse": [[-0.7607458233833313, 0.6490498781204224, 0.0, 537.10546875], [-0.6490498781204224, -0.7607458233833313, 0.0, 1642.1658935546875], [0.0, 0.0, 1.0, 0.0], [0.0, 0.0, 0.0, 1.0]], "cam_ids": [0, 1, 2, 3, 4, 5], "cam_channels": ["CAM_FRONT_LEFT", "CAM_FRONT", "CAM_FRONT_RIGHT", "CAM_BACK_LEFT", "CAM_BACK", "CAM_BACK_RIGHT"], "token": "a876f5f25f9d4b54a0323cd8860d15e1", "scene": "scene-0462"}, {"images": ["samples/CAM_FRONT_LEFT/n008-2018-09-18-12-53-31-0400__CAM_FRONT_LEFT__1537289832504799.jpg", "samples/CAM_FRONT/n008-2018-09-18-12-53-31-0400__CAM_FRONT__1537289832512404.jpg", "samples/CAM_FRONT_RIGHT/n008-2018-09-18-12-53-31-0400__CAM_FRONT_RIGHT__1537289832520482.jpg", "samples/CAM_BACK_LEFT/n008-2018-09-18-12-53-31-0400__CAM_BACK_LEFT__1537289832547405.jpg", "samples/CAM_BACK/n008-2018-09-18-12-53-31-0400__CAM_BACK__1537289832537558.jpg", "samples/CAM_BACK_RIGHT/n008-2018-09-18-12-53-31-0400__CAM_BACK_RIGHT__1537289832528113.jpg"], "intrinsics": [[[1257.8625342125129, 0.0, 827.2410631095686], [0.0, 1257.8625342125129, 450.915498205774], [0.0, 0.0, 1.0]], [[1252.8131021185304, 0.0, 826.588114781398], [0.0, 1252.8131021185304, 469.9846626224581], [0.0, 0.0, 1.0]], [[1256.7485116440405, 0.0, 817.7887570959712], [0.0, 1256.7485116440403, 451.9541780095127], [0.0, 0.0, 1.0]], [[1254.9860565800168, 0.0, 829.5769333630991], [0.0, 1254.9860565800168, 467.1680561863987], [0.0, 0.0, 1.0]], [[796.8910634503094, 0.0, 857.7774326863696], [0.0, 796.8910634503094, 476.8848988407415], [0.0, 0.0, 1.0]], [[1249.9629280788233, 0.0, 825.3768045375984], [0.0, 1249.9629280788233, 462.54816385708756], [0.0, 0.0, 1.0]]], "extrinsics": [[[0.8226471543312073, -0.568547248840332, -0.0024293148890137672, -0.754913330078125], [0.024092286825180054, 0.039128150790929794, -0.9989436864852905, 1.4954833984375], [0.5680417418479919, 0.8217196464538574, 0.045886263251304626, -1.163818359375], [0.0, 0.0, 0.0, 1.0]], [[0.010717613622546196, -0.9993380904197693, -0.034764181822538376, 0.01025390625], [0.026030221953988075, 0.03503322973847389, -0.9990471601486206, 1.4866180419921875], [0.9996036887168884, 0.009802483953535557, 0.026388466358184814, -1.48406982421875], [0.0, 0.0, 0.0, 1.0]], [[-0.8434596657752991, -0.5354802012443542, -0.04285937547683716, 0.9263916015625], [0.03403134271502495, 0.02636061981320381, -0.9990730285644531, 1.4996871948242188], [0.5361136198043823, -0.8441363573074341, -0.004011009354144335, -1.1710205078125], [0.0, 0.0, 0.0, 1.0]], [[0.9477372169494629, 0.3183382749557495, 0.02132788486778736, -1.1351318359375], [0.008476055227220058, 0.041702479124069214, -0.9990941286087036, 1.5621185302734375], [-0.31893932819366455, 0.9470595121383667, 0.03682474046945572, -0.1591796875], [0.0, 0.0, 0.0, 1.0]], [[0.008867812342941761, 0.9993758797645569, 0.03419419005513191, -0.02880859375], [0.010694816708564758, 0.0340987928211689, -0.9993612170219421, 1.5688667297363281], [-0.9999035596847534, 0.0092279352247715, -0.010385758243501186, -0.0333251953125], [0.0, 0.0, 0.0, 1.0]], [[-0.9236286878585815, 0.38317185640335083, -0.009455645456910133, 1.02801513671875], [0.01493945624679327, 0.011338326148688793, -0.9998241066932678, 1.5499324798583984], [-0.38299715518951416, -0.9236074686050415, -0.016196781769394875, -0.09716796875], [0.0, 0.0, 0.0, 1.0]]], "view": [[0.0, -2.0, 100.0], [-2.0, 0.0, 100.0], [0.0, 0.0, 1.0]], "bev": "bev_9d4fd29a4e004d1e9e95927755f5772c.png", "aux": "aux_9d4fd29a4e004d1e9e95927755f5772c.npz", "visibility": "visibility_9d4fd29a4e004d1e9e95927755f5772c.png", "pose": [[-0.7614368200302124, -0.6482391357421875, 0.0, 1471.4129638671875], [0.6482391357421875, -0.7614368200302124, 0.0, 903.2645874023438], [0.0, 0.0, 1.0, 0.0], [0.0, 0.0, 0.0, 1.0]], "pose_inverse": [[-0.7614368200302124, 0.6482391357421875, 0.0, 534.8565673828125], [-0.6482391357421875, -0.7614368200302124, 0.0, 1641.6063232421875], [0.0, 0.0, 1.0, 0.0], [0.0, 0.0, 0.0, 1.0]], "cam_ids": [0, 1, 2, 3, 4, 5], "cam_channels": ["CAM_FRONT_LEFT", "CAM_FRONT", "CAM_FRONT_RIGHT", "CAM_BACK_LEFT", "CAM_BACK", "CAM_BACK_RIGHT"], "token": "9d4fd29a4e004d1e9e95927755f5772c", "scene": "scene-0462"}, {"images": ["samples/CAM_FRONT_LEFT/n008-2018-09-18-12-53-31-0400__CAM_FRONT_LEFT__1537289833004799.jpg", "samples/CAM_FRONT/n008-2018-09-18-12-53-31-0400__CAM_FRONT__1537289833012404.jpg", "samples/CAM_FRONT_RIGHT/n008-2018-09-18-12-53-31-0400__CAM_FRONT_RIGHT__1537289833020482.jpg", "samples/CAM_BACK_LEFT/n008-2018-09-18-12-53-31-0400__CAM_BACK_LEFT__1537289833047405.jpg", "samples/CAM_BACK/n008-2018-09-18-12-53-31-0400__CAM_BACK__1537289833037558.jpg", "samples/CAM_BACK_RIGHT/n008-2018-09-18-12-53-31-0400__CAM_BACK_RIGHT__1537289833028113.jpg"], "intrinsics": [[[1257.8625342125129, 0.0, 827.2410631095686], [0.0, 1257.8625342125129, 450.915498205774], [0.0, 0.0, 1.0]], [[1252.8131021185304, 0.0, 826.588114781398], [0.0, 1252.8131021185304, 469.9846626224581], [0.0, 0.0, 1.0]], [[1256.7485116440405, 0.0, 817.7887570959712], [0.0, 1256.7485116440403, 451.9541780095127], [0.0, 0.0, 1.0]], [[1254.9860565800168, 0.0, 829.5769333630991], [0.0, 1254.9860565800168, 467.1680561863987], [0.0, 0.0, 1.0]], [[796.8910634503094, 0.0, 857.7774326863696], [0.0, 796.8910634503094, 476.8848988407415], [0.0, 0.0, 1.0]], [[1249.9629280788233, 0.0, 825.3768045375984], [0.0, 1249.9629280788233, 462.54816385708756], [0.0, 0.0, 1.0]]], "extrinsics": [[[0.8225834965705872, -0.5686051845550537, -0.006676068063825369, -0.756744384765625], [0.02237897738814354, 0.044101737439632416, -0.9987763166427612, 1.495025634765625], [0.568203866481781, 0.821427583694458, 0.04900216683745384, -1.1624755859375], [0.0, 0.0, 0.0, 1.0]], [[0.010602415539324284, -0.9991521835327148, -0.03978005051612854, 0.0084228515625], [0.024337438866496086, 0.040028348565101624, -0.9989021420478821, 1.486236572265625], [0.9996476173400879, 0.009622596204280853, 0.024741197004914284, -1.48431396484375], [0.0, 0.0, 0.0, 1.0]], [[-0.8435340523719788, -0.535258948802948, -0.04413863644003868, 0.9254150390625], [0.03236231207847595, 0.03137744218111038, -0.9989835619926453, 1.4994125366210938], [0.5360997915267944, -0.844105064868927, -0.009145724587142467, -1.1719970703125], [0.0, 0.0, 0.0, 1.0]], [[0.9477774500846863, 0.3182012140750885, 0.021587880328297615, -1.13232421875], [0.00709443399682641, 0.04663684964179993, -0.9988867044448853, 1.5621261596679688], [-0.31885382533073425, 0.9468753933906555, 0.04194389283657074, -0.1600341796875], [0.0, 0.0, 0.0, 1.0]], [[0.008932000026106834, 0.9991926550865173, 0.039169181138277054, -0.0283203125], [0.009177697822451591, 0.03908718004822731, -0.9991936087608337, 1.56878662109375], [-0.9999180436134338, 0.009284166619181633, -0.008821165189146996, -0.03515625], [0.0, 0.0, 0.0, 1.0]], [[-0.9236404895782471, 0.3832124173641205, -0.00604618713259697, 1.0274505615234375], [0.013328851200640202, 0.016351832076907158, -0.9997774362564087, 1.5497283935546875], [-0.3830282390117645, -0.9235154986381531, -0.02021099254488945, -0.0986328125], [0.0, 0.0, 0.0, 1.0]]], "view": [[0.0, -2.0, 100.0], [-2.0, 0.0, 100.0], [0.0, 0.0, 1.0]], "bev": "bev_540f5183b6f44331a2d75fd275f32dee.png", "aux": "aux_540f5183b6f44331a2d75fd275f32dee.npz", "visibility": "visibility_540f5183b6f44331a2d75fd275f32dee.png", "pose": [[-0.7613637447357178, -0.6483249664306641, 0.0, 1468.8271484375], [0.6483249664306641, -0.7613637447357178, 0.0, 905.4973754882812], [0.0, 0.0, 1.0, 0.0], [0.0, 0.0, 0.0, 1.0]], "pose_inverse": [[-0.7613637447357178, 0.6483249664306641, 0.0, 531.2551879882812], [-0.6483249664306641, -0.7613637447357178, 0.0, 1641.690185546875], [0.0, 0.0, 1.0, 0.0], [0.0, 0.0, 0.0, 1.0]], "cam_ids": [0, 1, 2, 3, 4, 5], "cam_channels": ["CAM_FRONT_LEFT", "CAM_FRONT", "CAM_FRONT_RIGHT", "CAM_BACK_LEFT", "CAM_BACK", "CAM_BACK_RIGHT"], "token": "540f5183b6f44331a2d75fd275f32dee", "scene": "scene-0462"}, {"images": ["samples/CAM_FRONT_LEFT/n008-2018-09-18-12-53-31-0400__CAM_FRONT_LEFT__1537289833504799.jpg", "samples/CAM_FRONT/n008-2018-09-18-12-53-31-0400__CAM_FRONT__1537289833512404.jpg", "samples/CAM_FRONT_RIGHT/n008-2018-09-18-12-53-31-0400__CAM_FRONT_RIGHT__1537289833520482.jpg", "samples/CAM_BACK_LEFT/n008-2018-09-18-12-53-31-0400__CAM_BACK_LEFT__1537289833547405.jpg", "samples/CAM_BACK/n008-2018-09-18-12-53-31-0400__CAM_BACK__1537289833537558.jpg", "samples/CAM_BACK_RIGHT/n008-2018-09-18-12-53-31-0400__CAM_BACK_RIGHT__1537289833528113.jpg"], "intrinsics": [[[1257.8625342125129, 0.0, 827.2410631095686], [0.0, 1257.8625342125129, 450.915498205774], [0.0, 0.0, 1.0]], [[1252.8131021185304, 0.0, 826.588114781398], [0.0, 1252.8131021185304, 469.9846626224581], [0.0, 0.0, 1.0]], [[1256.7485116440405, 0.0, 817.7887570959712], [0.0, 1256.7485116440403, 451.9541780095127], [0.0, 0.0, 1.0]], [[1254.9860565800168, 0.0, 829.5769333630991], [0.0, 1254.9860565800168, 467.1680561863987], [0.0, 0.0, 1.0]], [[796.8910634503094, 0.0, 857.7774326863696], [0.0, 796.8910634503094, 476.8848988407415], [0.0, 0.0, 1.0]], [[1249.9629280788233, 0.0, 825.3768045375984], [0.0, 1249.9629280788233, 462.54816385708756], [0.0, 0.0, 1.0]]], "extrinsics": [[[0.8224608302116394, -0.5687180757522583, -0.010860242880880833, -0.735198974609375], [0.020215649157762527, 0.04830499365925789, -0.9986280202865601, 1.4948501586914062], [0.5684624314308167, 0.8211129307746887, 0.051225971430540085, -1.1484375], [0.0, 0.0, 0.0, 1.0]], [[0.010212114080786705, -0.9989773035049438, -0.04404645413160324, 0.00927734375], [0.02206897735595703, 0.04426318779587746, -0.9987761378288269, 1.4861221313476562], [0.9997043013572693, 0.00922753568738699, 0.02249842695891857, -1.46258544921875], [0.0, 0.0, 0.0, 1.0]], [[-0.8438619375228882, -0.5347197651863098, -0.044406723231077194, 0.91064453125], [0.02998042292892933, 0.03564333915710449, -0.9989147782325745, 1.4994583129882812], [0.5357221961021423, -0.8442775011062622, -0.014046936295926571, -1.162353515625], [0.0, 0.0, 0.0, 1.0]], [[0.9478524327278137, 0.3180710971355438, 0.020164772868156433, -1.12860107421875], [0.004124732222408056, 0.0510222427546978, -0.9986889958381653, 1.5621109008789062], [-0.3186829388141632, 0.946692943572998, 0.04704960063099861, -0.1612548828125], [0.0, 0.0, 0.0, 1.0]], [[0.009222046472132206, 0.9990113973617554, 0.04348777234554291, -0.0281982421875], [0.00650393683463335, 0.043428774923086166, -0.9990353584289551, 1.5686187744140625], [-0.9999363422393799, 0.009496049024164677, -0.006097007542848587, -0.044219970703125], [0.0, 0.0, 0.0, 1.0]], [[-0.9235295653343201, 0.38352155685424805, -0.0020681044552475214, 1.014801025390625], [0.010823037475347519, 0.02067120000720024, -0.999727725982666, 1.5495071411132812], [-0.38337442278862, -0.9233005046844482, -0.023241331800818443, -0.103759765625], [0.0, 0.0, 0.0, 1.0]]], "view": [[0.0, -2.0, 100.0], [-2.0, 0.0, 100.0], [0.0, 0.0, 1.0]], "bev": "bev_1e332c5824ed44e0858f3d90b1cfbe2d.png", "aux": "aux_1e332c5824ed44e0858f3d90b1cfbe2d.npz", "visibility": "visibility_1e332c5824ed44e0858f3d90b1cfbe2d.png", "pose": [[-0.7609214186668396, -0.6488440632820129, 0.0, 1466.1416015625], [0.6488440632820129, -0.7609214186668396, 0.0, 907.8014526367188], [0.0, 0.0, 1.0, 0.0], [0.0, 0.0, 0.0, 1.0]], "pose_inverse": [[-0.7609214186668396, 0.6488440632820129, 0.0, 526.5969848632812], [-0.6488440632820129, -0.7609214186668396, 0.0, 1642.0628662109375], [0.0, 0.0, 1.0, 0.0], [0.0, 0.0, 0.0, 1.0]], "cam_ids": [0, 1, 2, 3, 4, 5], "cam_channels": ["CAM_FRONT_LEFT", "CAM_FRONT", "CAM_FRONT_RIGHT", "CAM_BACK_LEFT", "CAM_BACK", "CAM_BACK_RIGHT"], "token": "1e332c5824ed44e0858f3d90b1cfbe2d", "scene": "scene-0462"}, {"images": ["samples/CAM_FRONT_LEFT/n008-2018-09-18-12-53-31-0400__CAM_FRONT_LEFT__1537289834004799.jpg", "samples/CAM_FRONT/n008-2018-09-18-12-53-31-0400__CAM_FRONT__1537289834012404.jpg", "samples/CAM_FRONT_RIGHT/n008-2018-09-18-12-53-31-0400__CAM_FRONT_RIGHT__1537289834020482.jpg", "samples/CAM_BACK_LEFT/n008-2018-09-18-12-53-31-0400__CAM_BACK_LEFT__1537289834047405.jpg", "samples/CAM_BACK/n008-2018-09-18-12-53-31-0400__CAM_BACK__1537289834037558.jpg", "samples/CAM_BACK_RIGHT/n008-2018-09-18-12-53-31-0400__CAM_BACK_RIGHT__1537289834028113.jpg"], "intrinsics": [[[1257.8625342125129, 0.0, 827.2410631095686], [0.0, 1257.8625342125129, 450.915498205774], [0.0, 0.0, 1.0]], [[1252.8131021185304, 0.0, 826.588114781398], [0.0, 1252.8131021185304, 469.9846626224581], [0.0, 0.0, 1.0]], [[1256.7485116440405, 0.0, 817.7887570959712], [0.0, 1256.7485116440403, 451.9541780095127], [0.0, 0.0, 1.0]], [[1254.9860565800168, 0.0, 829.5769333630991], [0.0, 1254.9860565800168, 467.1680561863987], [0.0, 0.0, 1.0]], [[796.8910634503094, 0.0, 857.7774326863696], [0.0, 796.8910634503094, 476.8848988407415], [0.0, 0.0, 1.0]], [[1249.9629280788233, 0.0, 825.3768045375984], [0.0, 1249.9629280788233, 462.54816385708756], [0.0, 0.0, 1.0]]], "extrinsics": [[[0.8220905661582947, -0.5691398978233337, -0.015713460743427277, -0.7291259765625], [0.015560528263449669, 0.050047509372234344, -0.9986255764961243, 1.4934005737304688], [0.5691440105438232, 0.8207162618637085, 0.04999970272183418, -1.14453125], [0.0, 0.0, 0.0, 1.0]], [[0.009634039364755154, -0.9989081025123596, -0.04571377858519554, 0.009765625], [0.017352886497974396, 0.04587603360414505, -0.9987964034080505, 1.4849090576171875], [0.9998030066490173, 0.008829210884869099, 0.017775913700461388, -1.4569091796875], [0.0, 0.0, 0.0, 1.0]], [[-0.8441618084907532, -0.5345050096511841, -0.041173793375492096, 0.907470703125], [0.025224007666110992, 0.03711690381169319, -0.9989925622940063, 1.4985122680664062], [0.5354947447776794, -0.8443498611450195, -0.01785031147301197, -1.16015625], [0.0, 0.0, 0.0, 1.0]], [[0.9479197263717651, 0.31808537244796753, 0.01643046736717224, -1.12908935546875], [-0.00019572934252209961, 0.05216722935438156, -0.9986383318901062, 1.5620346069335938], [-0.31850937008857727, 0.9466257691383362, 0.0495125986635685, -0.1612548828125], [0.0, 0.0, 0.0, 1.0]], [[0.009470290504395962, 0.9989553093910217, 0.0447067990899086, -0.0284423828125], [0.0018795906798914075, 0.044690944254398346, -0.9989990592002869, 1.568206787109375], [-0.9999534487724304, 0.009544831700623035, -0.001454389886930585, -0.045013427734375], [0.0, 0.0, 0.0, 1.0]], [[-0.9234833717346191, 0.3836285173892975, 0.002779480302706361, 1.0122528076171875], [0.006140971090644598, 0.022026093676686287, -0.9997385740280151, 1.5487785339355469], [-0.38358932733535767, -0.9232248067855835, -0.02269657887518406, -0.1044921875], [0.0, 0.0, 0.0, 1.0]]], "view": [[0.0, -2.0, 100.0], [-2.0, 0.0, 100.0], [0.0, 0.0, 1.0]], "bev": "bev_645e81676cc64dfd90bcbfa0e4acc971.png", "aux": "aux_645e81676cc64dfd90bcbfa0e4acc971.npz", "visibility": "visibility_645e81676cc64dfd90bcbfa0e4acc971.png", "pose": [[-0.7600086331367493, -0.6499130129814148, 0.0, 1463.3299560546875], [0.6499130129814148, -0.7600086331367493, 0.0, 910.2410278320312], [0.0, 0.0, 1.0, 0.0], [0.0, 0.0, 0.0, 1.0]], "pose_inverse": [[-0.7600086331367493, 0.6499130129814148, 0.0, 520.56591796875], [-0.6499130129814148, -0.7600086331367493, 0.0, 1642.828125], [0.0, 0.0, 1.0, 0.0], [0.0, 0.0, 0.0, 1.0]], "cam_ids": [0, 1, 2, 3, 4, 5], "cam_channels": ["CAM_FRONT_LEFT", "CAM_FRONT", "CAM_FRONT_RIGHT", "CAM_BACK_LEFT", "CAM_BACK", "CAM_BACK_RIGHT"], "token": "645e81676cc64dfd90bcbfa0e4acc971", "scene": "scene-0462"}, {"images": ["samples/CAM_FRONT_LEFT/n008-2018-09-18-12-53-31-0400__CAM_FRONT_LEFT__1537289834504799.jpg", "samples/CAM_FRONT/n008-2018-09-18-12-53-31-0400__CAM_FRONT__1537289834512404.jpg", "samples/CAM_FRONT_RIGHT/n008-2018-09-18-12-53-31-0400__CAM_FRONT_RIGHT__1537289834520482.jpg", "samples/CAM_BACK_LEFT/n008-2018-09-18-12-53-31-0400__CAM_BACK_LEFT__1537289834547405.jpg", "samples/CAM_BACK/n008-2018-09-18-12-53-31-0400__CAM_BACK__1537289834537558.jpg", "samples/CAM_BACK_RIGHT/n008-2018-09-18-12-53-31-0400__CAM_BACK_RIGHT__1537289834528113.jpg"], "intrinsics": [[[1257.8625342125129, 0.0, 827.2410631095686], [0.0, 1257.8625342125129, 450.915498205774], [0.0, 0.0, 1.0]], [[1252.8131021185304, 0.0, 826.588114781398], [0.0, 1252.8131021185304, 469.9846626224581], [0.0, 0.0, 1.0]], [[1256.7485116440405, 0.0, 817.7887570959712], [0.0, 1256.7485116440403, 451.9541780095127], [0.0, 0.0, 1.0]], [[1254.9860565800168, 0.0, 829.5769333630991], [0.0, 1254.9860565800168, 467.1680561863987], [0.0, 0.0, 1.0]], [[796.8910634503094, 0.0, 857.7774326863696], [0.0, 796.8910634503094, 476.8848988407415], [0.0, 0.0, 1.0]], [[1249.9629280788233, 0.0, 825.3768045375984], [0.0, 1249.9629280788233, 462.54816385708756], [0.0, 0.0, 1.0]]], "extrinsics": [[[0.8225069642066956, -0.568584680557251, -0.013915996067225933, -0.73193359375], [0.016951201483607292, 0.04896330088376999, -0.9986567497253418, 1.4936904907226562], [0.5685022473335266, 0.8211662173271179, 0.049910854548215866, -1.1492919921875], [0.0, 0.0, 0.0, 1.0]], [[0.01021714136004448, -0.9989528059959412, -0.04459536820650101, 0.01123046875], [0.019084764644503593, 0.04478437826037407, -0.9988144040107727, 1.485260009765625], [0.9997655749320984, 0.009353892877697945, 0.019522350281476974, -1.46026611328125], [0.0, 0.0, 0.0, 1.0]], [[-0.8439134955406189, -0.534805953502655, -0.042339399456977844, 0.9095458984375], [0.027292484417557716, 0.03601987659931183, -0.998978316783905, 1.4988861083984375], [0.5357846617698669, -0.8442067503929138, -0.015801476314663887, -1.1600341796875], [0.0, 0.0, 0.0, 1.0]], [[0.9478793144226074, 0.31808796525001526, 0.018568210303783417, -1.1231689453125], [0.0023395365569740534, 0.05132570117712021, -0.9986792206764221, 1.5620803833007812], [-0.31862080097198486, 0.9466708302497864, 0.04790639504790306, -0.1632080078125], [0.0, 0.0, 0.0, 1.0]], [[0.009266475215554237, 0.9990007281303406, 0.043722666800022125, -0.0286865234375], [0.004295009654015303, 0.04368437081575394, -0.9990361332893372, 1.5684280395507812], [-0.9999478459358215, 0.009445328265428543, -0.0038859189953655005, -0.048614501953125], [0.0, 0.0, 0.0, 1.0]], [[-0.9235638380050659, 0.3834444284439087, 0.000304927903926, 1.0114593505859375], [0.008364789187908173, 0.020942451432347298, -0.9997457265853882, 1.5491218566894531], [-0.38335326313972473, -0.9233263731002808, -0.02254912443459034, -0.10400390625], [0.0, 0.0, 0.0, 1.0]]], "view": [[0.0, -2.0, 100.0], [-2.0, 0.0, 100.0], [0.0, 0.0, 1.0]], "bev": "bev_34d6a5a22a2e42a0bdb85749b186bd0b.png", "aux": "aux_34d6a5a22a2e42a0bdb85749b186bd0b.npz", "visibility": "visibility_34d6a5a22a2e42a0bdb85749b186bd0b.png", "pose": [[-0.759530782699585, -0.6504713296890259, 0.0, 1460.526611328125], [0.6504713296890259, -0.759530782699585, 0.0, 912.6655883789062], [0.0, 0.0, 1.0, 0.0], [0.0, 0.0, 0.0, 1.0]], "pose_inverse": [[-0.759530782699585, 0.6504713296890259, 0.0, 515.652099609375], [-0.6504713296890259, -0.759530782699585, 0.0, 1643.228271484375], [0.0, 0.0, 1.0, 0.0], [0.0, 0.0, 0.0, 1.0]], "cam_ids": [0, 1, 2, 3, 4, 5], "cam_channels": ["CAM_FRONT_LEFT", "CAM_FRONT", "CAM_FRONT_RIGHT", "CAM_BACK_LEFT", "CAM_BACK", "CAM_BACK_RIGHT"], "token": "34d6a5a22a2e42a0bdb85749b186bd0b", "scene": "scene-0462"}, {"images": ["samples/CAM_FRONT_LEFT/n008-2018-09-18-12-53-31-0400__CAM_FRONT_LEFT__1537289835004799.jpg", "samples/CAM_FRONT/n008-2018-09-18-12-53-31-0400__CAM_FRONT__1537289835012404.jpg", "samples/CAM_FRONT_RIGHT/n008-2018-09-18-12-53-31-0400__CAM_FRONT_RIGHT__1537289835020482.jpg", "samples/CAM_BACK_LEFT/n008-2018-09-18-12-53-31-0400__CAM_BACK_LEFT__1537289835047405.jpg", "samples/CAM_BACK/n008-2018-09-18-12-53-31-0400__CAM_BACK__1537289835037558.jpg", "samples/CAM_BACK_RIGHT/n008-2018-09-18-12-53-31-0400__CAM_BACK_RIGHT__1537289835028113.jpg"], "intrinsics": [[[1257.8625342125129, 0.0, 827.2410631095686], [0.0, 1257.8625342125129, 450.915498205774], [0.0, 0.0, 1.0]], [[1252.8131021185304, 0.0, 826.588114781398], [0.0, 1252.8131021185304, 469.9846626224581], [0.0, 0.0, 1.0]], [[1256.7485116440405, 0.0, 817.7887570959712], [0.0, 1256.7485116440403, 451.9541780095127], [0.0, 0.0, 1.0]], [[1254.9860565800168, 0.0, 829.5769333630991], [0.0, 1254.9860565800168, 467.1680561863987], [0.0, 0.0, 1.0]], [[796.8910634503094, 0.0, 857.7774326863696], [0.0, 796.8910634503094, 476.8848988407415], [0.0, 0.0, 1.0]], [[1249.9629280788233, 0.0, 825.3768045375984], [0.0, 1249.9629280788233, 462.54816385708756], [0.0, 0.0, 1.0]]], "extrinsics": [[[0.822148323059082, -0.5691235661506653, -0.013061110861599445, -0.74066162109375], [0.01892559602856636, 0.050256066024303436, -0.9985570311546326, 1.494171142578125], [0.5689586997032166, 0.8207147121429443, 0.052088942378759384, -1.1544189453125], [0.0, 0.0, 0.0, 1.0]], [[0.009870404377579689, -0.9988874197006226, -0.046112511307001114, 0.0106201171875], [0.02095208875834942, 0.04631122574210167, -0.9987072944641113, 1.485626220703125], [0.999731719493866, 0.008891500532627106, 0.02138589322566986, -1.46795654296875], [0.0, 0.0, 0.0, 1.0]], [[-0.8439282774925232, -0.5345847010612488, -0.04476889967918396, 0.913818359375], [0.029046842828392982, 0.03779486566781998, -0.9988632798194885, 1.4991073608398438], [0.5356690883636475, -0.844269335269928, -0.016368156298995018, -1.1627197265625], [0.0, 0.0, 0.0, 1.0]], [[0.947864830493927, 0.3179941773414612, 0.0207840446382761, -1.12060546875], [0.004014934413135052, 0.05329882726073265, -0.9985705018043518, 1.5621261596679688], [-0.3186473846435547, 0.9465932846069336, 0.04924336075782776, -0.164306640625], [0.0, 0.0, 0.0, 1.0]], [[0.009280790574848652, 0.9989100694656372, 0.04574517533183098, -0.0289306640625], [0.006006848998367786, 0.0456906259059906, -0.9989375472068787, 1.568572998046875], [-0.9999388456344604, 0.00954571645706892, -0.005576256662607193, -0.048431396484375], [0.0, 0.0, 0.0, 1.0]], [[-0.9235169291496277, 0.38355717062950134, -0.0004990332527086139, 1.0140533447265625], [0.010053680278360844, 0.02290627546608448, -0.9996870756149292, 1.5493698120117188], [-0.383425772190094, -0.9232330322265625, -0.025010498240590096, -0.102783203125], [0.0, 0.0, 0.0, 1.0]]], "view": [[0.0, -2.0, 100.0], [-2.0, 0.0, 100.0], [0.0, 0.0, 1.0]], "bev": "bev_cf60f6e4920a495ab651c470afbf2ab6.png", "aux": "aux_cf60f6e4920a495ab651c470afbf2ab6.npz", "visibility": "visibility_cf60f6e4920a495ab651c470afbf2ab6.png", "pose": [[-0.758938729763031, -0.6511620283126831, 0.0, 1457.82421875], [0.6511620283126831, -0.758938729763031, 0.0, 915.034912109375], [0.0, 0.0, 1.0, 0.0], [0.0, 0.0, 0.0, 1.0]], "pose_inverse": [[-0.758938729763031, 0.6511620283126831, 0.0, 510.5633239746094], [-0.6511620283126831, -0.758938729763031, 0.0, 1643.7352294921875], [0.0, 0.0, 1.0, 0.0], [0.0, 0.0, 0.0, 1.0]], "cam_ids": [0, 1, 2, 3, 4, 5], "cam_channels": ["CAM_FRONT_LEFT", "CAM_FRONT", "CAM_FRONT_RIGHT", "CAM_BACK_LEFT", "CAM_BACK", "CAM_BACK_RIGHT"], "token": "cf60f6e4920a495ab651c470afbf2ab6", "scene": "scene-0462"}, {"images": ["samples/CAM_FRONT_LEFT/n008-2018-09-18-12-53-31-0400__CAM_FRONT_LEFT__1537289835504799.jpg", "samples/CAM_FRONT/n008-2018-09-18-12-53-31-0400__CAM_FRONT__1537289835512404.jpg", "samples/CAM_FRONT_RIGHT/n008-2018-09-18-12-53-31-0400__CAM_FRONT_RIGHT__1537289835520482.jpg", "samples/CAM_BACK_LEFT/n008-2018-09-18-12-53-31-0400__CAM_BACK_LEFT__1537289835547405.jpg", "samples/CAM_BACK/n008-2018-09-18-12-53-31-0400__CAM_BACK__1537289835537558.jpg", "samples/CAM_BACK_RIGHT/n008-2018-09-18-12-53-31-0400__CAM_BACK_RIGHT__1537289835528113.jpg"], "intrinsics": [[[1257.8625342125129, 0.0, 827.2410631095686], [0.0, 1257.8625342125129, 450.915498205774], [0.0, 0.0, 1.0]], [[1252.8131021185304, 0.0, 826.588114781398], [0.0, 1252.8131021185304, 469.9846626224581], [0.0, 0.0, 1.0]], [[1256.7485116440405, 0.0, 817.7887570959712], [0.0, 1256.7485116440403, 451.9541780095127], [0.0, 0.0, 1.0]], [[1254.9860565800168, 0.0, 829.5769333630991], [0.0, 1254.9860565800168, 467.1680561863987], [0.0, 0.0, 1.0]], [[796.8910634503094, 0.0, 857.7774326863696], [0.0, 796.8910634503094, 476.8848988407415], [0.0, 0.0, 1.0]], [[1249.9629280788233, 0.0, 825.3768045375984], [0.0, 1249.9629280788233, 462.54816385708756], [0.0, 0.0, 1.0]]], "extrinsics": [[[0.8224397301673889, -0.5685805082321167, -0.017582455649971962, -0.7484130859375], [0.01547167543321848, 0.053255293518304825, -0.9984610676765442, 1.4929046630859375], [0.5686418414115906, 0.8209020495414734, 0.052596163004636765, -1.1602783203125], [0.0, 0.0, 0.0, 1.0]], [[0.010200141929090023, -0.998745322227478, -0.04902641847729683, 0.010986328125], [0.017497248947620392, 0.04919973388314247, -0.9986356496810913, 1.4845352172851562], [0.9997948408126831, 0.009328411892056465, 0.017977144569158554, -1.4765625], [0.0, 0.0, 0.0, 1.0]], [[-0.8438789248466492, -0.5347801446914673, -0.04334200546145439, 0.9200439453125], [0.025592738762497902, 0.04056796431541443, -0.9988489151000977, 1.4981918334960938], [0.5359228849411011, -0.8440168499946594, -0.020547963678836823, -1.16650390625], [0.0, 0.0, 0.0, 1.0]], [[0.947905421257019, 0.3180188536643982, 0.018420426174998283, -1.12249755859375], [0.0005844389670528471, 0.05608922988176346, -0.9984256029129028, 1.562042236328125], [-0.3185513913631439, 0.9464238286018372, 0.0529814213514328, -0.16357421875], [0.0, 0.0, 0.0, 1.0]], [[0.00927024707198143, 0.9987812638282776, 0.048476528376340866, -0.029052734375], [0.0025656004436314106, 0.04845469072461128, -0.998822033405304, 1.5682449340820312], [-0.9999537467956543, 0.00938370544463396, -0.00211328431032598, -0.0445556640625], [0.0, 0.0, 0.0, 1.0]], [[-0.9236201643943787, 0.383291095495224, 0.0037139642518013716, 1.0191802978515625], [0.006611845456063747, 0.025618907064199448, -0.9996499419212341, 1.5487785339355469], [-0.38325202465057373, -0.9232722520828247, -0.026196401566267014, -0.1004638671875], [0.0, 0.0, 0.0, 1.0]]], "view": [[0.0, -2.0, 100.0], [-2.0, 0.0, 100.0], [0.0, 0.0, 1.0]], "bev": "bev_288ab199c7634bedadfd82fcf840ab13.png", "aux": "aux_288ab199c7634bedadfd82fcf840ab13.npz", "visibility": "visibility_288ab199c7634bedadfd82fcf840ab13.png", "pose": [[-0.7596002817153931, -0.6503902077674866, 0.0, 1455.2398681640625], [0.6503902077674866, -0.7596002817153931, 0.0, 917.3058471679688], [0.0, 0.0, 1.0, 0.0], [0.0, 0.0, 0.0, 1.0]], "pose_inverse": [[-0.7596002817153931, 0.6503902077674866, 0.0, 508.7938232421875], [-0.6503902077674866, -0.7596002817153931, 0.0, 1643.259521484375], [0.0, 0.0, 1.0, 0.0], [0.0, 0.0, 0.0, 1.0]], "cam_ids": [0, 1, 2, 3, 4, 5], "cam_channels": ["CAM_FRONT_LEFT", "CAM_FRONT", "CAM_FRONT_RIGHT", "CAM_BACK_LEFT", "CAM_BACK", "CAM_BACK_RIGHT"], "token": "288ab199c7634bedadfd82fcf840ab13", "scene": "scene-0462"}, {"images": ["samples/CAM_FRONT_LEFT/n008-2018-09-18-12-53-31-0400__CAM_FRONT_LEFT__1537289836004799.jpg", "samples/CAM_FRONT/n008-2018-09-18-12-53-31-0400__CAM_FRONT__1537289836012404.jpg", "samples/CAM_FRONT_RIGHT/n008-2018-09-18-12-53-31-0400__CAM_FRONT_RIGHT__1537289836020482.jpg", "samples/CAM_BACK_LEFT/n008-2018-09-18-12-53-31-0400__CAM_BACK_LEFT__1537289836047405.jpg", "samples/CAM_BACK/n008-2018-09-18-12-53-31-0400__CAM_BACK__1537289836037558.jpg", "samples/CAM_BACK_RIGHT/n008-2018-09-18-12-53-31-0400__CAM_BACK_RIGHT__1537289836028113.jpg"], "intrinsics": [[[1257.8625342125129, 0.0, 827.2410631095686], [0.0, 1257.8625342125129, 450.915498205774], [0.0, 0.0, 1.0]], [[1252.8131021185304, 0.0, 826.588114781398], [0.0, 1252.8131021185304, 469.9846626224581], [0.0, 0.0, 1.0]], [[1256.7485116440405, 0.0, 817.7887570959712], [0.0, 1256.7485116440403, 451.9541780095127], [0.0, 0.0, 1.0]], [[1254.9860565800168, 0.0, 829.5769333630991], [0.0, 1254.9860565800168, 467.1680561863987], [0.0, 0.0, 1.0]], [[796.8910634503094, 0.0, 857.7774326863696], [0.0, 796.8910634503094, 476.8848988407415], [0.0, 0.0, 1.0]], [[1249.9629280788233, 0.0, 825.3768045375984], [0.0, 1249.9629280788233, 462.54816385708756], [0.0, 0.0, 1.0]]], "extrinsics": [[[0.8223642110824585, -0.5688600540161133, -0.010745357722043991, -0.749053955078125], [0.022424181923270226, 0.05127687007188797, -0.9984326958656311, 1.4950485229492188], [0.5685194730758667, 0.8208342790603638, 0.054924480617046356, -1.1605224609375], [0.0, 0.0, 0.0, 1.0]], [[0.01024447102099657, -0.9988561868667603, -0.04670420289039612, 0.0111083984375], [0.024477433413267136, 0.04694315791130066, -0.9985976219177246, 1.486328125], [0.9996479749679565, 0.009086836129426956, 0.024930346757173538, -1.4766845703125], [0.0, 0.0, 0.0, 1.0]], [[-0.843706488609314, -0.5346659421920776, -0.047872815281152725, 0.920166015625], [0.032578710466623306, 0.03801608458161354, -0.9987459182739258, 1.499603271484375], [0.5358153581619263, -0.8442080616950989, -0.014655683189630508, -1.1656494140625], [0.0, 0.0, 0.0, 1.0]], [[0.947799801826477, 0.3180067539215088, 0.02339097298681736, -1.12310791015625], [0.007050453685224056, 0.05243847519159317, -0.9985992908477783, 1.5621795654296875], [-0.31878793239593506, 0.9466371536254883, 0.047459084540605545, -0.16357421875], [0.0, 0.0, 0.0, 1.0]], [[0.009104456752538681, 0.9989325404167175, 0.04528772085905075, -0.029296875], [0.009229879826307297, 0.045203715562820435, -0.9989351034164429, 1.5688247680664062], [-0.9999160170555115, 0.009512755088508129, -0.008808472193777561, -0.044189453125], [0.0, 0.0, 0.0, 1.0]], [[-0.9235361814498901, 0.3834931552410126, -0.0037201251834630966, 1.019073486328125], [0.013479962944984436, 0.022765493020415306, -0.9996500015258789, 1.5498161315917969], [-0.3832741677761078, -0.9232630729675293, -0.02619422972202301, -0.0999755859375], [0.0, 0.0, 0.0, 1.0]]], "view": [[0.0, -2.0, 100.0], [-2.0, 0.0, 100.0], [0.0, 0.0, 1.0]], "bev": "bev_1697b19eebec4edeaf71b4ecd11cf3ea.png", "aux": "aux_1697b19eebec4edeaf71b4ecd11cf3ea.npz", "visibility": "visibility_1697b19eebec4edeaf71b4ecd11cf3ea.png", "pose": [[-0.7624857425689697, -0.647005021572113, 0.0, 1452.672119140625], [0.647005021572113, -0.7624857425689697, 0.0, 919.5208129882812], [0.0, 0.0, 1.0, 0.0], [0.0, 0.0, 0.0, 1.0]], "pose_inverse": [[-0.7624857425689697, 0.647005021572113, 0.0, 512.7071533203125], [-0.647005021572113, -0.7624857425689697, 0.0, 1641.0076904296875], [0.0, 0.0, 1.0, 0.0], [0.0, 0.0, 0.0, 1.0]], "cam_ids": [0, 1, 2, 3, 4, 5], "cam_channels": ["CAM_FRONT_LEFT", "CAM_FRONT", "CAM_FRONT_RIGHT", "CAM_BACK_LEFT", "CAM_BACK", "CAM_BACK_RIGHT"], "token": "1697b19eebec4edeaf71b4ecd11cf3ea", "scene": "scene-0462"}, {"images": ["samples/CAM_FRONT_LEFT/n008-2018-09-18-12-53-31-0400__CAM_FRONT_LEFT__1537289836504799.jpg", "samples/CAM_FRONT/n008-2018-09-18-12-53-31-0400__CAM_FRONT__1537289836512404.jpg", "samples/CAM_FRONT_RIGHT/n008-2018-09-18-12-53-31-0400__CAM_FRONT_RIGHT__1537289836520482.jpg", "samples/CAM_BACK_LEFT/n008-2018-09-18-12-53-31-0400__CAM_BACK_LEFT__1537289836547413.jpg", "samples/CAM_BACK/n008-2018-09-18-12-53-31-0400__CAM_BACK__1537289836537558.jpg", "samples/CAM_BACK_RIGHT/n008-2018-09-18-12-53-31-0400__CAM_BACK_RIGHT__1537289836528135.jpg"], "intrinsics": [[[1257.8625342125129, 0.0, 827.2410631095686], [0.0, 1257.8625342125129, 450.915498205774], [0.0, 0.0, 1.0]], [[1252.8131021185304, 0.0, 826.588114781398], [0.0, 1252.8131021185304, 469.9846626224581], [0.0, 0.0, 1.0]], [[1256.7485116440405, 0.0, 817.7887570959712], [0.0, 1256.7485116440403, 451.9541780095127], [0.0, 0.0, 1.0]], [[1254.9860565800168, 0.0, 829.5769333630991], [0.0, 1254.9860565800168, 467.1680561863987], [0.0, 0.0, 1.0]], [[796.8910634503094, 0.0, 857.7774326863696], [0.0, 796.8910634503094, 476.8848988407415], [0.0, 0.0, 1.0]], [[1249.9629280788233, 0.0, 825.3768045375984], [0.0, 1249.9629280788233, 462.54816385708756], [0.0, 0.0, 1.0]]], "extrinsics": [[[0.8226636052131653, -0.5685279369354248, 0.000780917180236429, -0.7518310546875], [0.027019379660487175, 0.03772512450814247, -0.9989228248596191, 1.4964523315429688], [0.5678859949111938, 0.82179856300354, 0.04639635980129242, -1.1619873046875], [0.0, 0.0, 0.0, 1.0]], [[0.0108706159517169, -0.9993933439254761, -0.033087268471717834, 0.0106201171875], [0.029191672801971436, 0.033392295241355896, -0.9990159273147583, 1.4875717163085938], [0.999514639377594, 0.009894043207168579, 0.029536958783864975, -1.4783935546875], [0.0, 0.0, 0.0, 1.0]], [[-0.8432737588882446, -0.5356202721595764, -0.04472371190786362, 0.91943359375], [0.037441983819007874, 0.024467159062623978, -0.9989992380142212, 1.50067138671875], [0.5361785292625427, -0.8441044688224792, -0.0005778293125331402, -1.1663818359375], [0.0, 0.0, 0.0, 1.0]], [[0.9476381540298462, 0.3183932304382324, 0.024648403748869896, -1.12384033203125], [0.012902972288429737, 0.0389464870095253, -0.9991579651832581, 1.5623092651367188], [-0.31908518075942993, 0.9471583962440491, 0.03279895707964897, -0.1630859375], [0.0, 0.0, 0.0, 1.0]], [[0.008705342188477516, 0.9994571208953857, 0.03177681937813759, -0.0289306640625], [0.014752530492842197, 0.03164619952440262, -0.9993902444839478, 1.5693359375], [-0.9998533129692078, 0.009168730117380619, -0.014469034038484097, -0.043792724609375], [0.0, 0.0, 0.0, 1.0]], [[-0.9236055016