[{"images": ["samples/CAM_FRONT_LEFT/n008-2018-08-30-15-52-26-0400__CAM_FRONT_LEFT__1535658924004799.jpg", "samples/CAM_FRONT/n008-2018-08-30-15-52-26-0400__CAM_FRONT__1535658924012404.jpg", "samples/CAM_FRONT_RIGHT/n008-2018-08-30-15-52-26-0400__CAM_FRONT_RIGHT__1535658924020482.jpg", "samples/CAM_BACK_LEFT/n008-2018-08-30-15-52-26-0400__CAM_BACK_LEFT__1535658924047405.jpg", "samples/CAM_BACK/n008-2018-08-30-15-52-26-0400__CAM_BACK__1535658924037558.jpg", "samples/CAM_BACK_RIGHT/n008-2018-08-30-15-52-26-0400__CAM_BACK_RIGHT__1535658924028113.jpg"], "intrinsics": [[[1257.8625342125129, 0.0, 827.2410631095686], [0.0, 1257.8625342125129, 450.915498205774], [0.0, 0.0, 1.0]], [[1252.8131021185304, 0.0, 826.588114781398], [0.0, 1252.8131021185304, 469.9846626224581], [0.0, 0.0, 1.0]], [[1256.7485116440405, 0.0, 817.7887570959712], [0.0, 1256.7485116440403, 451.9541780095127], [0.0, 0.0, 1.0]], [[1254.9860565800168, 0.0, 829.5769333630991], [0.0, 1254.9860565800168, 467.1680561863987], [0.0, 0.0, 1.0]], [[796.8910634503094, 0.0, 857.7774326863696], [0.0, 796.8910634503094, 476.8848988407415], [0.0, 0.0, 1.0]], [[1249.9629280788233, 0.0, 825.3768045375984], [0.0, 1249.9629280788233, 462.54816385708756], [0.0, 0.0, 1.0]]], "extrinsics": [[[0.822788655757904, -0.5682315826416016, 0.011475780047476292, -0.91259765625], [0.007354297675192356, -0.009545253589749336, -0.9999274015426636, 1.489121437072754], [0.5682998895645142, 0.8228133916854858, -0.0036747849080711603, -1.26995849609375], [0.0, 0.0, 0.0, 1.0]], [[0.0106544503942132, -0.9998484253883362, 0.013765058480203152, 0.006805419921875], [0.009212440811097622, -0.013667106628417969, -0.9998642206192017, 1.4810104370117188], [0.9999008178710938, 0.010779805481433868, 0.00906542968004942, -1.6436767578125], [0.0, 0.0, 0.0, 1.0]], [[-0.8437888622283936, -0.5366696119308472, -0.002456451766192913, 1.03118896484375], [0.017132354900240898, -0.02236127480864525, -0.9996031522750854, 1.494293212890625], [0.5364016890525818, -0.8434961438179016, 0.02806260995566845, -1.23919677734375], [0.0, 0.0, 0.0, 1.0]], [[0.9478316307067871, 0.3186010420322418, -0.010422750376164913, -1.14129638671875], [-0.008576562628149986, -0.007196964230388403, -0.9999372959136963, 1.5620198249816895], [-0.31865617632865906, 0.9478616118431091, -0.004089010413736105, -0.15679931640625], [0.0, 0.0, 0.0, 1.0]], [[0.008986649103462696, 0.9998504519462585, -0.014770859852433205, -0.02880859375], [-0.006326047703623772, -0.014714314602315426, -0.9998717308044434, 1.5678870677947998], [-0.9999395608901978, 0.009078923612833023, 0.00619286997243762, 0.0167236328125], [0.0, 0.0, 0.0, 1.0]], [[-0.9238450527191162, 0.3825632333755493, -0.012473325245082378, 1.113037109375], [-0.0020079705864191055, -0.037430714815855026, -0.9992972016334534, 1.5477161407470703], [-0.3827611804008484, -0.923170804977417, 0.03534835949540138, -0.0631256103515625], [0.0, 0.0, 0.0, 1.0]]], "view": [[0.0, -2.0, 100.0], [-2.0, 0.0, 100.0], [0.0, 0.0, 1.0]], "bev": "bev_1ca4fe49201f4f5aa8bd714ae677ee0e.png", "aux": "aux_1ca4fe49201f4f5aa8bd714ae677ee0e.npz", "visibility": "visibility_1ca4fe49201f4f5aa8bd714ae677ee0e.png", "pose": [[-0.6715667247772217, 0.7409440875053406, 0.0, 1084.4700927734375], [-0.7409440875053406, -0.6715667247772217, 0.0, 547.932861328125], [0.0, 0.0, 1.0, 0.0], [0.0, 0.0, 0.0, 1.0]], "pose_inverse": [[-0.6715667247772217, -0.7409440875053406, 0.0, 1134.2816162109375], [0.7409440875053406, -0.6715667247772217, 0.0, -435.5582580566406], [0.0, 0.0, 1.0, 0.0], [0.0, 0.0, 0.0, 1.0]], "cam_ids": [0, 1, 2, 3, 4, 5], "cam_channels": ["CAM_FRONT_LEFT", "CAM_FRONT", "CAM_FRONT_RIGHT", "CAM_BACK_LEFT", "CAM_BACK", "CAM_BACK_RIGHT"], "token": "1ca4fe49201f4f5aa8bd714ae677ee0e", "scene": "scene-0528"}, {"images": ["samples/CAM_FRONT_LEFT/n008-2018-08-30-15-52-26-0400__CAM_FRONT_LEFT__1535658924504799.jpg", "samples/CAM_FRONT/n008-2018-08-30-15-52-26-0400__CAM_FRONT__1535658924512404.jpg", "samples/CAM_FRONT_RIGHT/n008-2018-08-30-15-52-26-0400__CAM_FRONT_RIGHT__1535658924520482.jpg", "samples/CAM_BACK_LEFT/n008-2018-08-30-15-52-26-0400__CAM_BACK_LEFT__1535658924547405.jpg", "samples/CAM_BACK/n008-2018-08-30-15-52-26-0400__CAM_BACK__1535658924537558.jpg", "samples/CAM_BACK_RIGHT/n008-2018-08-30-15-52-26-0400__CAM_BACK_RIGHT__1535658924528113.jpg"], "intrinsics": [[[1257.8625342125129, 0.0, 827.2410631095686], [0.0, 1257.8625342125129, 450.915498205774], [0.0, 0.0, 1.0]], [[1252.8131021185304, 0.0, 826.588114781398], [0.0, 1252.8131021185304, 469.9846626224581], [0.0, 0.0, 1.0]], [[1256.7485116440405, 0.0, 817.7887570959712], [0.0, 1256.7485116440403, 451.9541780095127], [0.0, 0.0, 1.0]], [[1254.9860565800168, 0.0, 829.5769333630991], [0.0, 1254.9860565800168, 467.1680561863987], [0.0, 0.0, 1.0]], [[796.8910634503094, 0.0, 857.7774326863696], [0.0, 796.8910634503094, 476.8848988407415], [0.0, 0.0, 1.0]], [[1249.9629280788233, 0.0, 825.3768045375984], [0.0, 1249.9629280788233, 462.54816385708756], [0.0, 0.0, 1.0]]], "extrinsics": [[[0.8224677443504333, -0.5687277913093567, 0.009780618362128735, -0.908203125], [0.0065835691057145596, -0.007675633765757084, -0.9999488592147827, 1.4890680313110352], [0.5687738060951233, 0.8224900364875793, -0.002568703144788742, -1.26611328125], [0.0, 0.0, 0.0, 1.0]], [[0.010200021788477898, -0.9998781681060791, 0.011819065548479557, 0.00628662109375], [0.008538865484297276, -0.01173215452581644, -0.9998946785926819, 1.4809999465942383], [0.9999114871025085, 0.01029985398054123, 0.008418157696723938, -1.636962890625], [0.0, 0.0, 0.0, 1.0]], [[-0.8439850807189941, -0.536358118057251, -0.0030586293432861567, 1.026611328125], [0.016561198979616165, -0.020359214395284653, -0.9996554851531982, 1.4943275451660156], [0.536111056804657, -0.8437449932098389, 0.026065604761242867, -1.237060546875], [0.0, 0.0, 0.0, 1.0]], [[0.9478371739387512, 0.31859922409057617, -0.00996681209653616, -1.1416015625], [-0.008850155398249626, -0.004952282179147005, -0.9999485611915588, 1.562021255493164], [-0.31863224506378174, 0.9478765726089478, -0.0018743023974820971, -0.156982421875], [0.0, 0.0, 0.0, 1.0]], [[0.009135067462921143, 0.9998784065246582, -0.012636283412575722, -0.028594970703125], [-0.006700764875859022, -0.012575318105518818, -0.9998984336853027, 1.5678647756576538], [-0.9999359250068665, 0.009218847379088402, 0.0065850731916725636, 0.0150146484375], [0.0, 0.0, 0.0, 1.0]], [[-0.9237470030784607, 0.38283857703208923, -0.011234143748879433, 1.10986328125], [-0.0025037217419594526, -0.03536708652973175, -0.9993712306022644, 1.5476741790771484], [-0.3829951882362366, -0.9231380224227905, 0.033628758043050766, -0.06472396850585938], [0.0, 0.0, 0.0, 1.0]]], "view": [[0.0, -2.0, 100.0], [-2.0, 0.0, 100.0], [0.0, 0.0, 1.0]], "bev": "bev_d2d56a94fa3a4e1a9ed4d8530c1ca931.png", "aux": "aux_d2d56a94fa3a4e1a9ed4d8530c1ca931.npz", "visibility": "visibility_d2d56a94fa3a4e1a9ed4d8530c1ca931.png", "pose": [[-0.6723328232765198, 0.7402490377426147, 0.0, 1083.56396484375], [-0.7402490377426147, -0.6723328232765198, 0.0, 546.9435424804688], [0.0, 0.0, 1.0, 0.0], [0.0, 0.0, 0.0, 1.0]], "pose_inverse": [[-0.6723328232765198, -0.7402490377426147, 0.0, 1133.3900146484375], [0.7402490377426147, -0.6723328232765198, 0.0, -434.37908935546875], [0.0, 0.0, 1.0, 0.0], [0.0, 0.0, 0.0, 1.0]], "cam_ids": [0, 1, 2, 3, 4, 5], "cam_channels": ["CAM_FRONT_LEFT", "CAM_FRONT", "CAM_FRONT_RIGHT", "CAM_BACK_LEFT", "CAM_BACK", "CAM_BACK_RIGHT"], "token": "d2d56a94fa3a4e1a9ed4d8530c1ca931", "scene": "scene-0528"}, {"images": ["samples/CAM_FRONT_LEFT/n008-2018-08-30-15-52-26-0400__CAM_FRONT_LEFT__1535658925004799.jpg", "samples/CAM_FRONT/n008-2018-08-30-15-52-26-0400__CAM_FRONT__1535658925012404.jpg", "samples/CAM_FRONT_RIGHT/n008-2018-08-30-15-52-26-0400__CAM_FRONT_RIGHT__1535658925020482.jpg", "samples/CAM_BACK_LEFT/n008-2018-08-30-15-52-26-0400__CAM_BACK_LEFT__1535658925047405.jpg", "samples/CAM_BACK/n008-2018-08-30-15-52-26-0400__CAM_BACK__1535658925037558.jpg", "samples/CAM_BACK_RIGHT/n008-2018-08-30-15-52-26-0400__CAM_BACK_RIGHT__1535658925028113.jpg"], "intrinsics": [[[1257.8625342125129, 0.0, 827.2410631095686], [0.0, 1257.8625342125129, 450.915498205774], [0.0, 0.0, 1.0]], [[1252.8131021185304, 0.0, 826.588114781398], [0.0, 1252.8131021185304, 469.9846626224581], [0.0, 0.0, 1.0]], [[1256.7485116440405, 0.0, 817.7887570959712], [0.0, 1256.7485116440403, 451.9541780095127], [0.0, 0.0, 1.0]], [[1254.9860565800168, 0.0, 829.5769333630991], [0.0, 1254.9860565800168, 467.1680561863987], [0.0, 0.0, 1.0]], [[796.8910634503094, 0.0, 857.7774326863696], [0.0, 796.8910634503094, 476.8848988407415], [0.0, 0.0, 1.0]], [[1249.9629280788233, 0.0, 825.3768045375984], [0.0, 1249.9629280788233, 462.54816385708756], [0.0, 0.0, 1.0]]], "extrinsics": [[[0.8224459886550903, -0.5687863826751709, 0.00803727563470602, -0.9053955078125], [0.0064261481165885925, -0.004838116466999054, -0.999967634677887, 1.4890727996826172], [0.5688068270683289, 0.8224710822105408, -0.00032398392795585096, -1.264892578125], [0.0, 0.0, 0.0, 1.0]], [[0.010100650601089, -0.9999083280563354, 0.00901830941438675, 0.006439208984375], [0.008364466018974781, -0.008933966048061848, -0.9999251365661621, 1.480987548828125], [0.9999139904975891, 0.0101753119379282, 0.008273460902273655, -1.6365966796875], [0.0, 0.0, 0.0, 1.0]], [[-0.8440355658531189, -0.5362693667411804, -0.004377085715532303, 1.026611328125], [0.016368916258215904, -0.017603328451514244, -0.9997109770774841, 1.4943161010742188], [0.5360373258590698, -0.843863308429718, 0.02363598346710205, -1.23681640625], [0.0, 0.0, 0.0, 1.0]], [[0.9478451013565063, 0.31859737634658813, -0.009234079159796238, -1.1417236328125], [-0.008935843594372272, -0.0023976601660251617, -0.9999572038650513, 1.5620222091674805], [-0.318605899810791, 0.9478870630264282, 0.0005743261426687241, -0.1568603515625], [0.0, 0.0, 0.0, 1.0]], [[0.009188391268253326, 0.9999077916145325, -0.010000564157962799, -0.028564453125], [-0.0067706299014389515, -0.00993854645639658, -0.9999276399612427, 1.5678633451461792], [-0.9999348521232605, 0.009255489334464073, 0.006678686942905188, 0.015380859375], [0.0, 0.0, 0.0, 1.0]], [[-0.9237188100814819, 0.38293832540512085, -0.010081397369503975, 1.10986328125], [-0.0026290197856724262, -0.03265398368239403, -0.9994632601737976, 1.5476703643798828], [-0.383061945438385, -0.9231966137886047, 0.03116985782980919, -0.06469345092773438], [0.0, 0.0, 0.0, 1.0]]], "view": [[0.0, -2.0, 100.0], [-2.0, 0.0, 100.0], [0.0, 0.0, 1.0]], "bev": "bev_290b3ab7f41442c18a39ec63522259c2.png", "aux": "aux_290b3ab7f41442c18a39ec63522259c2.npz", "visibility": "visibility_290b3ab7f41442c18a39ec63522259c2.png", "pose": [[-0.6720147728919983, 0.740537703037262, 0.0, 1082.6234130859375], [-0.740537703037262, -0.6720147728919983, 0.0, 545.91796875], [0.0, 0.0, 1.0, 0.0], [0.0, 0.0, 0.0, 1.0]], "pose_inverse": [[-0.6720147728919983, -0.740537703037262, 0.0, 1131.811767578125], [0.740537703037262, -0.6720147728919983, 0.0, -434.8585205078125], [0.0, 0.0, 1.0, 0.0], [0.0, 0.0, 0.0, 1.0]], "cam_ids": [0, 1, 2, 3, 4, 5], "cam_channels": ["CAM_FRONT_LEFT", "CAM_FRONT", "CAM_FRONT_RIGHT", "CAM_BACK_LEFT", "CAM_BACK", "CAM_BACK_RIGHT"], "token": "290b3ab7f41442c18a39ec63522259c2", "scene": "scene-0528"}, {"images": ["samples/CAM_FRONT_LEFT/n008-2018-08-30-15-52-26-0400__CAM_FRONT_LEFT__1535658925504799.jpg", "samples/CAM_FRONT/n008-2018-08-30-15-52-26-0400__CAM_FRONT__1535658925512404.jpg", "samples/CAM_FRONT_RIGHT/n008-2018-08-30-15-52-26-0400__CAM_FRONT_RIGHT__1535658925520482.jpg", "samples/CAM_BACK_LEFT/n008-2018-08-30-15-52-26-0400__CAM_BACK_LEFT__1535658925547405.jpg", "samples/CAM_BACK/n008-2018-08-30-15-52-26-0400__CAM_BACK__1535658925537558.jpg", "samples/CAM_BACK_RIGHT/n008-2018-08-30-15-52-26-0400__CAM_BACK_RIGHT__1535658925528113.jpg"], "intrinsics": [[[1257.8625342125129, 0.0, 827.2410631095686], [0.0, 1257.8625342125129, 450.915498205774], [0.0, 0.0, 1.0]], [[1252.8131021185304, 0.0, 826.588114781398], [0.0, 1252.8131021185304, 469.9846626224581], [0.0, 0.0, 1.0]], [[1256.7485116440405, 0.0, 817.7887570959712], [0.0, 1256.7485116440403, 451.9541780095127], [0.0, 0.0, 1.0]], [[1254.9860565800168, 0.0, 829.5769333630991], [0.0, 1254.9860565800168, 467.1680561863987], [0.0, 0.0, 1.0]], [[796.8910634503094, 0.0, 857.7774326863696], [0.0, 796.8910634503094, 476.8848988407415], [0.0, 0.0, 1.0]], [[1249.9629280788233, 0.0, 825.3768045375984], [0.0, 1249.9629280788233, 462.54816385708756], [0.0, 0.0, 1.0]]], "extrinsics": [[[0.8224805593490601, -0.5687525272369385, 0.006814420223236084, -0.90576171875], [0.006339697167277336, -0.0028131366707384586, -0.9999759197235107, 1.489060401916504], [0.5687580704689026, 0.822503924369812, 0.001291968277655542, -1.26495361328125], [0.0, 0.0, 0.0, 1.0]], [[0.010138815268874168, -0.9999245405197144, 0.006939230486750603, 0.00653076171875], [0.008260245434939861, -0.006855599582195282, -0.999942421913147, 1.4809846878051758], [0.9999145269393921, 0.010195613838732243, 0.008190115913748741, -1.6358642578125], [0.0, 0.0, 0.0, 1.0]], [[-0.844025731086731, -0.536275327205658, -0.005417765583842993, 1.02581787109375], [0.016245709732174873, -0.015468534082174301, -0.9997483491897583, 1.4943218231201172], [0.536056637763977, -0.8439013361930847, 0.021768013015389442, -1.23626708984375], [0.0, 0.0, 0.0, 1.0]], [[0.9478523135185242, 0.3185928761959076, -0.008637073449790478, -1.14068603515625], [-0.009089001454412937, -6.807057070545852e-05, -0.9999586939811707, 1.5620126724243164], [-0.31858041882514954, 0.9478915929794312, 0.002831170102581382, -0.15728759765625], [0.0, 0.0, 0.0, 1.0]], [[0.009202735498547554, 0.9999276995658875, -0.007749555632472038, -0.028656005859375], [-0.006941818632185459, -0.0076858121901750565, -0.9999463558197021, 1.5678520202636719], [-0.9999335408210754, 0.009256006218492985, 0.006870585959404707, 0.0140380859375], [0.0, 0.0, 0.0, 1.0]], [[-0.9237207770347595, 0.38295838236808777, -0.009094973094761372, 1.1087646484375], [-0.0027911022771149874, -0.03047044947743416, -0.9995317459106445, 1.5476579666137695], [-0.3830561339855194, -0.923262894153595, 0.029215065762400627, -0.06512832641601562], [0.0, 0.0, 0.0, 1.0]]], "view": [[0.0, -2.0, 100.0], [-2.0, 0.0, 100.0], [0.0, 0.0, 1.0]], "bev": "bev_cb3b38dfd819453fb94fe73472f44333.png", "aux": "aux_cb3b38dfd819453fb94fe73472f44333.npz", "visibility": "visibility_cb3b38dfd819453fb94fe73472f44333.png", "pose": [[-0.671043872833252, 0.741417646408081, 0.0, 1081.6954345703125], [-0.741417646408081, -0.671043872833252, 0.0, 544.8990478515625], [0.0, 0.0, 1.0, 0.0], [0.0, 0.0, 0.0, 1.0]], "pose_inverse": [[-0.671043872833252, -0.741417646408081, 0.0, 1129.8629150390625], [0.741417646408081, -0.671043872833252, 0.0, -436.3369140625], [0.0, 0.0, 1.0, 0.0], [0.0, 0.0, 0.0, 1.0]], "cam_ids": [0, 1, 2, 3, 4, 5], "cam_channels": ["CAM_FRONT_LEFT", "CAM_FRONT", "CAM_FRONT_RIGHT", "CAM_BACK_LEFT", "CAM_BACK", "CAM_BACK_RIGHT"], "token": "cb3b38dfd819453fb94fe73472f44333", "scene": "scene-0528"}, {"images": ["samples/CAM_FRONT_LEFT/n008-2018-08-30-15-52-26-0400__CAM_FRONT_LEFT__1535658926104878.jpg", "samples/CAM_FRONT/n008-2018-08-30-15-52-26-0400__CAM_FRONT__1535658926112404.jpg", "samples/CAM_FRONT_RIGHT/n008-2018-08-30-15-52-26-0400__CAM_FRONT_RIGHT__1535658926120482.jpg", "samples/CAM_BACK_LEFT/n008-2018-08-30-15-52-26-0400__CAM_BACK_LEFT__1535658926147407.jpg", "samples/CAM_BACK/n008-2018-08-30-15-52-26-0400__CAM_BACK__1535658926137558.jpg", "samples/CAM_BACK_RIGHT/n008-2018-08-30-15-52-26-0400__CAM_BACK_RIGHT__1535658926128113.jpg"], "intrinsics": [[[1257.8625342125129, 0.0, 827.2410631095686], [0.0, 1257.8625342125129, 450.915498205774], [0.0, 0.0, 1.0]], [[1252.8131021185304, 0.0, 826.588114781398], [0.0, 1252.8131021185304, 469.9846626224581], [0.0, 0.0, 1.0]], [[1256.7485116440405, 0.0, 817.7887570959712], [0.0, 1256.7485116440403, 451.9541780095127], [0.0, 0.0, 1.0]], [[1254.9860565800168, 0.0, 829.5769333630991], [0.0, 1254.9860565800168, 467.1680561863987], [0.0, 0.0, 1.0]], [[796.8910634503094, 0.0, 857.7774326863696], [0.0, 796.8910634503094, 476.8848988407415], [0.0, 0.0, 1.0]], [[1249.9629280788233, 0.0, 825.3768045375984], [0.0, 1249.9629280788233, 462.54816385708756], [0.0, 0.0, 1.0]]], "extrinsics": [[[0.8223891854286194, -0.5688896775245667, 0.006363877095282078, -0.905029296875], [0.007560376077890396, -0.0002568557392805815, -0.9999713897705078, 1.4892072677612305], [0.5688750743865967, 0.8224138021469116, 0.004089783877134323, -1.265655517578125], [0.0, 0.0, 0.0, 1.0]], [[0.01005498692393303, -0.9999396204948425, 0.004420777782797813, 0.007415771484375], [0.009488060139119625, -0.004325394984334707, -0.9999456405639648, 1.4811325073242188], [0.9999043941497803, 0.010096387937664986, 0.009443996474146843, -1.63330078125], [0.0, 0.0, 0.0, 1.0]], [[-0.8440473079681396, -0.5362120270729065, -0.0078033865429461, 1.0242919921875], [0.017480425536632538, -0.012966453097760677, -0.9997630715370178, 1.4944686889648438], [0.5359837412834167, -0.8439837098121643, 0.02031751349568367, -1.234375], [0.0, 0.0, 0.0, 1.0]], [[0.9478604197502136, 0.3186120092868805, -0.00685547012835741, -1.13934326171875], [-0.008011870086193085, 0.0023191303480416536, -0.9999651908874512, 1.5620040893554688], [-0.31858503818511963, 0.9478822946548462, 0.004750891122967005, -0.15771484375], [0.0, 0.0, 0.0, 1.0]], [[0.009227724745869637, 0.9999433755874634, -0.005297499243170023, -0.0289306640625], [-0.005848440807312727, -0.005243664141744375, -0.9999691247940063, 1.5678749084472656], [-0.9999403357505798, 0.009258376434445381, 0.005799723323434591, 0.01220703125], [0.0, 0.0, 0.0, 1.0]], [[-0.9236955046653748, 0.383015900850296, -0.009241636842489243, 1.10693359375], [-0.0016072074649855494, -0.027995111420750618, -0.999606728553772, 1.547734260559082], [-0.3831239938735962, -0.9233173727989197, 0.026474544778466225, -0.06537628173828125], [0.0, 0.0, 0.0, 1.0]]], "view": [[0.0, -2.0, 100.0], [-2.0, 0.0, 100.0], [0.0, 0.0, 1.0]], "bev": "bev_f0234d1b2a1e42b681e6ceac45525f90.png", "aux": "aux_f0234d1b2a1e42b681e6ceac45525f90.npz", "visibility": "visibility_f0234d1b2a1e42b681e6ceac45525f90.png", "pose": [[-0.6675983667373657, 0.7445215582847595, 0.0, 1080.55078125], [-0.7445215582847595, -0.6675983667373657, 0.0, 543.642333984375], [0.0, 0.0, 1.0, 0.0], [0.0, 0.0, 0.0, 1.0]], "pose_inverse": [[-0.6675983667373657, -0.7445215582847595, 0.0, 1126.12744140625], [0.7445215582847595, -0.6675983667373657, 0.0, -441.5586242675781], [0.0, 0.0, 1.0, 0.0], [0.0, 0.0, 0.0, 1.0]], "cam_ids": [0, 1, 2, 3, 4, 5], "cam_channels": ["CAM_FRONT_LEFT", "CAM_FRONT", "CAM_FRONT_RIGHT", "CAM_BACK_LEFT", "CAM_BACK", "CAM_BACK_RIGHT"], "token": "f0234d1b2a1e42b681e6ceac45525f90", "scene": "scene-0528"}, {"images": ["samples/CAM_FRONT_LEFT/n008-2018-08-30-15-52-26-0400__CAM_FRONT_LEFT__1535658926604799.jpg", "samples/CAM_FRONT/n008-2018-08-30-15-52-26-0400__CAM_FRONT__1535658926612571.jpg", "samples/CAM_FRONT_RIGHT/n008-2018-08-30-15-52-26-0400__CAM_FRONT_RIGHT__1535658926620482.jpg", "samples/CAM_BACK_LEFT/n008-2018-08-30-15-52-26-0400__CAM_BACK_LEFT__1535658926647405.jpg", "samples/CAM_BACK/n008-2018-08-30-15-52-26-0400__CAM_BACK__1535658926637558.jpg", "samples/CAM_BACK_RIGHT/n008-2018-08-30-15-52-26-0400__CAM_BACK_RIGHT__1535658926628113.jpg"], "intrinsics": [[[1257.8625342125129, 0.0, 827.2410631095686], [0.0, 1257.8625342125129, 450.915498205774], [0.0, 0.0, 1.0]], [[1252.8131021185304, 0.0, 826.588114781398], [0.0, 1252.8131021185304, 469.9846626224581], [0.0, 0.0, 1.0]], [[1256.7485116440405, 0.0, 817.7887570959712], [0.0, 1256.7485116440403, 451.9541780095127], [0.0, 0.0, 1.0]], [[1254.9860565800168, 0.0, 829.5769333630991], [0.0, 1254.9860565800168, 467.1680561863987], [0.0, 0.0, 1.0]], [[796.8910634503094, 0.0, 857.7774326863696], [0.0, 796.8910634503094, 476.8848988407415], [0.0, 0.0, 1.0]], [[1249.9629280788233, 0.0, 825.3768045375984], [0.0, 1249.9629280788233, 462.54816385708756], [0.0, 0.0, 1.0]]], "extrinsics": [[[0.8224135041236877, -0.5688491463661194, 0.006846882402896881, -0.917724609375], [0.007277762517333031, -0.0015142217744141817, -0.999972403049469, 1.489060401916504], [0.5688437223434448, 0.8224405646324158, 0.0028946304228156805, -1.27508544921875], [0.0, 0.0, 0.0, 1.0]], [[0.01008774247020483, -0.9999328255653381, 0.005712256301194429, 0.0078125], [0.009214334189891815, -0.0056193508207798, -0.9999417662620544, 1.4809703826904297], [0.999906599521637, 0.01013984065502882, 0.009157028049230576, -1.6480712890625], [0.0, 0.0, 0.0, 1.0]], [[-0.844035267829895, -0.536243736743927, -0.0068654646165668964, 1.0340576171875], [0.01721733808517456, -0.014300018548965454, -0.999749481678009, 1.4942550659179688], [0.536011278629303, -0.8439421057701111, 0.02130240947008133, -1.240234375], [0.0, 0.0, 0.0, 1.0]], [[0.9478845000267029, 0.31852492690086365, -0.007535392418503761, -1.141357421875], [-0.008228440769016743, 0.0008303165668621659, -0.9999657869338989, 1.5620222091674805], [-0.3185078203678131, 0.9479141235351562, 0.0034080089535564184, -0.15673828125], [0.0, 0.0, 0.0, 1.0]], [[0.009237630292773247, 0.9999348521232605, -0.006717523094266653, -0.02899169921875], [-0.006071660667657852, -0.006661597639322281, -0.9999593496322632, 1.567901849746704], [-0.9999389052391052, 0.009277977980673313, 0.006009726785123348, 0.0174560546875], [0.0, 0.0, 0.0, 1.0]], [[-0.9237063527107239, 0.38298285007476807, -0.009524519555270672, 1.114501953125], [-0.0018637670436874032, -0.029353726655244827, -0.9995673298835754, 1.5477428436279297], [-0.3830966651439667, -0.9232890009880066, 0.02782801166176796, -0.06195068359375], [0.0, 0.0, 0.0, 1.0]]], "view": [[0.0, -2.0, 100.0], [-2.0, 0.0, 100.0], [0.0, 0.0, 1.0]], "bev": "bev_780d47e08d4e429fa1dde6e13ebf5e44.png", "aux": "aux_780d47e08d4e429fa1dde6e13ebf5e44.npz", "visibility": "visibility_780d47e08d4e429fa1dde6e13ebf5e44.png", "pose": [[-0.6658003330230713, 0.7461299896240234, 0.0, 1079.7802734375], [-0.7461299896240234, -0.6658003330230713, 0.0, 542.8093872070312], [0.0, 0.0, 1.0, 0.0], [0.0, 0.0, 0.0, 1.0]], "pose_inverse": [[-0.6658003330230713, -0.7461299896240234, 0.0, 1123.9244384765625], [0.7461299896240234, -0.6658003330230713, 0.0, -444.2537536621094], [0.0, 0.0, 1.0, 0.0], [0.0, 0.0, 0.0, 1.0]], "cam_ids": [0, 1, 2, 3, 4, 5], "cam_channels": ["CAM_FRONT_LEFT", "CAM_FRONT", "CAM_FRONT_RIGHT", "CAM_BACK_LEFT", "CAM_BACK", "CAM_BACK_RIGHT"], "token": "780d47e08d4e429fa1dde6e13ebf5e44", "scene": "scene-0528"}, {"images": ["samples/CAM_FRONT_LEFT/n008-2018-08-30-15-52-26-0400__CAM_FRONT_LEFT__1535658927104799.jpg", "samples/CAM_FRONT/n008-2018-08-30-15-52-26-0400__CAM_FRONT__1535658927112404.jpg", "samples/CAM_FRONT_RIGHT/n008-2018-08-30-15-52-26-0400__CAM_FRONT_RIGHT__1535658927120482.jpg", "samples/CAM_BACK_LEFT/n008-2018-08-30-15-52-26-0400__CAM_BACK_LEFT__1535658927147405.jpg", "samples/CAM_BACK/n008-2018-08-30-15-52-26-0400__CAM_BACK__1535658927137558.jpg", "samples/CAM_BACK_RIGHT/n008-2018-08-30-15-52-26-0400__CAM_BACK_RIGHT__1535658927128113.jpg"], "intrinsics": [[[1257.8625342125129, 0.0, 827.2410631095686], [0.0, 1257.8625342125129, 450.915498205774], [0.0, 0.0, 1.0]], [[1252.8131021185304, 0.0, 826.588114781398], [0.0, 1252.8131021185304, 469.9846626224581], [0.0, 0.0, 1.0]], [[1256.7485116440405, 0.0, 817.7887570959712], [0.0, 1256.7485116440403, 451.9541780095127], [0.0, 0.0, 1.0]], [[1254.9860565800168, 0.0, 829.5769333630991], [0.0, 1254.9860565800168, 467.1680561863987], [0.0, 0.0, 1.0]], [[796.8910634503094, 0.0, 857.7774326863696], [0.0, 796.8910634503094, 476.8848988407415], [0.0, 0.0, 1.0]], [[1249.9629280788233, 0.0, 825.3768045375984], [0.0, 1249.9629280788233, 462.54816385708756], [0.0, 0.0, 1.0]]], "extrinsics": [[[0.821985125541687, -0.5694720149040222, 0.00649194186553359, -0.9151611328125], [0.007490969728678465, -0.0005870218155905604, -0.9999717473983765, 1.4891014099121094], [0.5694597959518433, 0.8220104575157166, 0.0037833750247955322, -1.274566650390625], [0.0, 0.0, 0.0, 1.0]], [[0.009411542676389217, -0.9999442100524902, 0.0047795772552490234, 0.008636474609375], [0.009518260136246681, -0.004689987748861313, -0.999943733215332, 1.4810285568237305], [0.999910295009613, 0.009456554427742958, 0.009473591111600399, -1.6451416015625], [0.0, 0.0, 0.0, 1.0]], [[-0.8443136811256409, -0.5357937216758728, -0.0077116359025239944, 1.03277587890625], [0.017615804448723793, -0.013369910418987274, -0.9997553825378418, 1.4943199157714844], [0.5355595946311951, -0.8442429900169373, 0.02072683535516262, -1.2386474609375], [0.0, 0.0, 0.0, 1.0]], [[0.9478575587272644, 0.3186253011226654, -0.00662379851564765, -1.1407470703125], [-0.007595976814627647, 0.0018087327480316162, -0.999969482421875, 1.5620174407958984], [-0.31860360503196716, 0.9478789567947388, 0.00413469085469842, -0.1573486328125], [0.0, 0.0, 0.0, 1.0]], [[0.009410351514816284, 0.9999391436576843, -0.0057615721598267555, -0.029327392578125], [-0.005541778635233641, -0.005709584802389145, -0.9999682903289795, 1.5679118633270264], [-0.9999403953552246, 0.009441963396966457, 0.005487712565809488, 0.0166015625], [0.0, 0.0, 0.0, 1.0]], [[-0.9235545992851257, 0.38334691524505615, -0.009590432047843933, 1.113037109375], [-0.0014107051538303494, -0.028406156226992607, -0.9995954632759094, 1.5477790832519531], [-0.38346433639526367, -0.92316734790802, 0.026775427162647247, -0.06195640563964844], [0.0, 0.0, 0.0, 1.0]]], "view": [[0.0, -2.0, 100.0], [-2.0, 0.0, 100.0], [0.0, 0.0, 1.0]], "bev": "bev_612f2d83038d4883a5c719d8085ec8ec.png", "aux": "aux_612f2d83038d4883a5c719d8085ec8ec.npz", "visibility": "visibility_612f2d83038d4883a5c719d8085ec8ec.png", "pose": [[-0.660518229007721, 0.7508099675178528, 0.0, 1078.9532470703125], [-0.7508099675178528, -0.660518229007721, 0.0, 541.9113159179688], [0.0, 0.0, 1.0, 0.0], [0.0, 0.0, 0.0, 1.0]], "pose_inverse": [[-0.660518229007721, -0.7508099675178528, 0.0, 1119.540771484375], [0.7508099675178528, -0.660518229007721, 0.0, -452.1465759277344], [0.0, 0.0, 1.0, 0.0], [0.0, 0.0, 0.0, 1.0]], "cam_ids": [0, 1, 2, 3, 4, 5], "cam_channels": ["CAM_FRONT_LEFT", "CAM_FRONT", "CAM_FRONT_RIGHT", "CAM_BACK_LEFT", "CAM_BACK", "CAM_BACK_RIGHT"], "token": "612f2d83038d4883a5c719d8085ec8ec", "scene": "scene-0528"}, {"images": ["samples/CAM_FRONT_LEFT/n008-2018-08-30-15-52-26-0400__CAM_FRONT_LEFT__1535658927604799.jpg", "samples/CAM_FRONT/n008-2018-08-30-15-52-26-0400__CAM_FRONT__1535658927612404.jpg", "samples/CAM_FRONT_RIGHT/n008-2018-08-30-15-52-26-0400__CAM_FRONT_RIGHT__1535658927620482.jpg", "samples/CAM_BACK_LEFT/n008-2018-08-30-15-52-26-0400__CAM_BACK_LEFT__1535658927647405.jpg", "samples/CAM_BACK/n008-2018-08-30-15-52-26-0400__CAM_BACK__1535658927637558.jpg", "samples/CAM_BACK_RIGHT/n008-2018-08-30-15-52-26-0400__CAM_BACK_RIGHT__1535658927628113.jpg"], "intrinsics": [[[1257.8625342125129, 0.0, 827.2410631095686], [0.0, 1257.8625342125129, 450.915498205774], [0.0, 0.0, 1.0]], [[1252.8131021185304, 0.0, 826.588114781398], [0.0, 1252.8131021185304, 469.9846626224581], [0.0, 0.0, 1.0]], [[1256.7485116440405, 0.0, 817.7887570959712], [0.0, 1256.7485116440403, 451.9541780095127], [0.0, 0.0, 1.0]], [[1254.9860565800168, 0.0, 829.5769333630991], [0.0, 1254.9860565800168, 467.1680561863987], [0.0, 0.0, 1.0]], [[796.8910634503094, 0.0, 857.7774326863696], [0.0, 796.8910634503094, 476.8848988407415], [0.0, 0.0, 1.0]], [[1249.9629280788233, 0.0, 825.3768045375984], [0.0, 1249.9629280788233, 462.54816385708756], [0.0, 0.0, 1.0]]], "extrinsics": [[[0.8219482898712158, -0.5695108771324158, 0.007648768834769726, -0.912109375], [0.007947513833642006, -0.0019596933852881193, -0.9999665021896362, 1.4891891479492188], [0.5695067048072815, 0.8219814896583557, 0.002915428951382637, -1.2703704833984375], [0.0, 0.0, 0.0, 1.0]], [[0.009447523392736912, -0.9999362826347351, 0.006167450919747353, 0.007232666015625], [0.009923874400556087, -0.006073664408177137, -0.9999323487281799, 1.4810724258422852], [0.9999061226844788, 0.009508101269602776, 0.00986586231738329, -1.6439208984375], [0.0, 0.0, 0.0, 1.0]], [[-0.8442915678024292, -0.5358349680900574, -0.007259640842676163, 1.0316162109375], [0.01796729676425457, -0.014765664003789425, -0.9997295141220093, 1.4943466186523438], [0.5355828404426575, -0.844193696975708, 0.022094031795859337, -1.2392578125], [0.0, 0.0, 0.0, 1.0]], [[0.9478660225868225, 0.3185959458351135, -0.006822913885116577, -1.14044189453125], [-0.007343919016420841, 0.0004341582825873047, -0.999972939491272, 1.5620174407958984], [-0.3185844421386719, 0.9478904604911804, 0.0027512661181390285, -0.15728759765625], [0.0, 0.0, 0.0, 1.0]], [[0.009402253665030003, 0.9999302625656128, -0.007145919371396303, -0.0289306640625], [-0.005236838012933731, -0.007096898276358843, -0.9999610781669617, 1.5679174661636353], [-0.9999421238899231, 0.009439285844564438, 0.005169746000319719, 0.0162353515625], [0.0, 0.0, 0.0, 1.0]], [[-0.9235632419586182, 0.3833046853542328, -0.010416449047625065, 1.1131591796875], [-0.0010976168559864163, -0.02980796806514263, -0.9995550513267517, 1.547769546508789], [-0.383444607257843, -0.923140823841095, 0.027950264513492584, -0.06284427642822266], [0.0, 0.0, 0.0, 1.0]]], "view": [[0.0, -2.0, 100.0], [-2.0, 0.0, 100.0], [0.0, 0.0, 1.0]], "bev": "bev_a0f7236ef482494c9c712a8905e1d356.png", "aux": "aux_a0f7236ef482494c9c712a8905e1d356.npz", "visibility": "visibility_a0f7236ef482494c9c712a8905e1d356.png", "pose": [[-0.6488145589828491, 0.7609465718269348, 0.0, 1078.158203125], [-0.7609465718269348, -0.6488145589828491, 0.0, 541.0101928710938], [0.0, 0.0, 1.0, 0.0], [0.0, 0.0, 0.0, 1.0]], "pose_inverse": [[-0.6488145589828491, -0.7609465718269348, 0.0, 1111.20458984375], [0.7609465718269348, -0.6488145589828491, 0.0, -469.4054870605469], [0.0, 0.0, 1.0, 0.0], [0.0, 0.0, 0.0, 1.0]], "cam_ids": [0, 1, 2, 3, 4, 5], "cam_channels": ["CAM_FRONT_LEFT", "CAM_FRONT", "CAM_FRONT_RIGHT", "CAM_BACK_LEFT", "CAM_BACK", "CAM_BACK_RIGHT"], "token": "a0f7236ef482494c9c712a8905e1d356", "scene": "scene-0528"}, {"images": ["samples/CAM_FRONT_LEFT/n008-2018-08-30-15-52-26-0400__CAM_FRONT_LEFT__1535658928104799.jpg", "samples/CAM_FRONT/n008-2018-08-30-15-52-26-0400__CAM_FRONT__1535658928112404.jpg", "samples/CAM_FRONT_RIGHT/n008-2018-08-30-15-52-26-0400__CAM_FRONT_RIGHT__1535658928120734.jpg", "samples/CAM_BACK_LEFT/n008-2018-08-30-15-52-26-0400__CAM_BACK_LEFT__1535658928147405.jpg", "samples/CAM_BACK/n008-2018-08-30-15-52-26-0400__CAM_BACK__1535658928137558.jpg", "samples/CAM_BACK_RIGHT/n008-2018-08-30-15-52-26-0400__CAM_BACK_RIGHT__1535658928128113.jpg"], "intrinsics": [[[1257.8625342125129, 0.0, 827.2410631095686], [0.0, 1257.8625342125129, 450.915498205774], [0.0, 0.0, 1.0]], [[1252.8131021185304, 0.0, 826.588114781398], [0.0, 1252.8131021185304, 469.9846626224581], [0.0, 0.0, 1.0]], [[1256.7485116440405, 0.0, 817.7887570959712], [0.0, 1256.7485116440403, 451.9541780095127], [0.0, 0.0, 1.0]], [[1254.9860565800168, 0.0, 829.5769333630991], [0.0, 1254.9860565800168, 467.1680561863987], [0.0, 0.0, 1.0]], [[796.8910634503094, 0.0, 857.7774326863696], [0.0, 796.8910634503094, 476.8848988407415], [0.0, 0.0, 1.0]], [[1249.9629280788233, 0.0, 825.3768045375984], [0.0, 1249.9629280788233, 462.54816385708756], [0.0, 0.0, 1.0]]], "extrinsics": [[[0.8219913840293884, -0.5694588422775269, 0.0068527525290846825, -0.9222412109375], [0.006759484298527241, -0.002276443177834153, -0.9999745488166809, 1.4889707565307617], [0.5694600343704224, 0.8220167756080627, 0.0019780301954597235, -1.2779998779296875], [0.0, 0.0, 0.0, 1.0]], [[0.009496810846030712, -0.9999338984489441, 0.0064806025475263596, 0.00738525390625], [0.008736520074307919, -0.006397676654160023, -0.999941349029541, 1.480881690979004], [0.9999167919158936, 0.009552895091474056, 0.008675184100866318, -1.653564453125], [0.0, 0.0, 0.0, 1.0]], [[-0.8442807197570801, -0.5358666181564331, -0.00608003418892622, 1.03839111328125], [0.016781779006123543, -0.015097127296030521, -0.9997451901435852, 1.4941349029541016], [0.5356383919715881, -0.8441677093505859, 0.021739009767770767, -1.24322509765625], [0.0, 0.0, 0.0, 1.0]], [[0.9478550553321838, 0.31859785318374634, -0.008142460137605667, -1.14141845703125], [-0.008633646182715893, 0.00012959014566149563, -0.9999626874923706, 1.5620193481445312], [-0.3185849189758301, 0.9478899240493774, 0.0028734931256622076, -0.1568603515625], [0.0, 0.0, 0.0, 1.0]], [[0.009381111711263657, 0.9999280571937561, -0.00748169282451272, -0.028839111328125], [-0.006514255423098803, -0.007420750334858894, -0.9999512434005737, 1.5679023265838623], [-0.9999347925186157, 0.009429370053112507, 0.006444172002375126, 0.01953125], [0.0, 0.0, 0.0, 1.0]], [[-0.9235829710960388, 0.38328292965888977, -0.009428889490664005, 1.1180419921875], [-0.0023047563154250383, -0.030142785981297493, -0.9995429515838623, 1.5477275848388672], [-0.38339194655418396, -0.9231390953063965, 0.0287227351218462, -0.06062507629394531], [0.0, 0.0, 0.0, 1.0]]], "view": [[0.0, -2.0, 100.0], [-2.0, 0.0, 100.0], [0.0, 0.0, 1.0]], "bev": "bev_eef4e5f9a5bf4574baad61c25ac32582.png", "aux": "aux_eef4e5f9a5bf4574baad61c25ac32582.npz", "visibility": "visibility_eef4e5f9a5bf4574baad61c25ac32582.png", "pose": [[-0.6376023888587952, 0.7703656554222107, 0.0, 1077.3369140625], [-0.7703656554222107, -0.6376023888587952, 0.0, 540.0509643554688], [0.0, 0.0, 1.0, 0.0], [0.0, 0.0, 0.0, 1.0]], "pose_inverse": [[-0.6376023888587952, -0.7703656554222107, 0.0, 1102.9493408203125], [0.7703656554222107, -0.6376023888587952, 0.0, -485.6055603027344], [0.0, 0.0, 1.0, 0.0], [0.0, 0.0, 0.0, 1.0]], "cam_ids": [0, 1, 2, 3, 4, 5], "cam_channels": ["CAM_FRONT_LEFT", "CAM_FRONT", "CAM_FRONT_RIGHT", "CAM_BACK_LEFT", "CAM_BACK", "CAM_BACK_RIGHT"], "token": "eef4e5f9a5bf4574baad61c25ac32582", "scene": "scene-0528"}, {"images": ["samples/CAM_FRONT_LEFT/n008-2018-08-30-15-52-26-0400__CAM_FRONT_LEFT__1535658928654799.jpg", "samples/CAM_FRONT/n008-2018-08-30-15-52-26-0400__CAM_FRONT__1535658928662404.jpg", "samples/CAM_FRONT_RIGHT/n008-2018-08-30-15-52-26-0400__CAM_FRONT_RIGHT__1535658928670482.jpg", "samples/CAM_BACK_LEFT/n008-2018-08-30-15-52-26-0400__CAM_BACK_LEFT__1535658928697405.jpg", "samples/CAM_BACK/n008-2018-08-30-15-52-26-0400__CAM_BACK__1535658928687558.jpg", "samples/CAM_BACK_RIGHT/n008-2018-08-30-15-52-26-0400__CAM_BACK_RIGHT__1535658928678113.jpg"], "intrinsics": [[[1257.8625342125129, 0.0, 827.2410631095686], [0.0, 1257.8625342125129, 450.915498205774], [0.0, 0.0, 1.0]], [[1252.8131021185304, 0.0, 826.588114781398], [0.0, 1252.8131021185304, 469.9846626224581], [0.0, 0.0, 1.0]], [[1256.7485116440405, 0.0, 817.7887570959712], [0.0, 1256.7485116440403, 451.9541780095127], [0.0, 0.0, 1.0]], [[1254.9860565800168, 0.0, 829.5769333630991], [0.0, 1254.9860565800168, 467.1680561863987], [0.0, 0.0, 1.0]], [[796.8910634503094, 0.0, 857.7774326863696], [0.0, 796.8910634503094, 476.8848988407415], [0.0, 0.0, 1.0]], [[1249.9629280788233, 0.0, 825.3768045375984], [0.0, 1249.9629280788233, 462.54816385708756], [0.0, 0.0, 1.0]]], "extrinsics": [[[0.8218479156494141, -0.5696648359298706, 0.006929662544280291, -0.9063720703125], [0.007220062427222729, -0.0017478300724178553, -0.999972403049469, 1.4891586303710938], [0.5696612596511841, 0.821875274181366, 0.0026765652000904083, -1.2662353515625], [0.0, 0.0, 0.0, 1.0]], [[0.009278027340769768, -0.9999390244483948, 0.00598858343437314, 0.00732421875], [0.009140413254499435, -0.0059037841856479645, -0.9999407529830933, 1.481074333190918], [0.9999151229858398, 0.009332319721579552, 0.009085079655051231, -1.6358642578125], [0.0, 0.0, 0.0, 1.0]], [[-0.8443628549575806, -0.53573077917099, -0.006621326319873333, 1.02581787109375], [0.01713096909224987, -0.014643753878772259, -0.9997460246086121, 1.4944038391113281], [0.535497784614563, -0.8442619442939758, 0.021542230620980263, -1.23565673828125], [0.0, 0.0, 0.0, 1.0]], [[0.9478685259819031, 0.3185660243034363, -0.007805621717125177, -1.1402587890625], [-0.008371797390282154, 0.00040812831139191985, -0.9999648928642273, 1.5620088577270508], [-0.318551629781723, 0.9479005932807922, 0.003053823485970497, -0.1573486328125], [0.0, 0.0, 0.0, 1.0]], [[0.009452320635318756, 0.9999299049377441, -0.007131363730877638, -0.028961181640625], [-0.006178673822432756, -0.007073142100125551, -0.9999558329582214, 1.5678719282150269], [-0.9999362826347351, 0.009495886974036694, 0.0061113834381103516, 0.0133056640625], [0.0, 0.0, 0.0, 1.0]], [[-0.9235389232635498, 0.38338539004325867, -0.009561457671225071, 1.108154296875], [-0.0019961779471486807, -0.029737066477537155, -0.999555766582489, 1.5477170944213867], [-0.3834994435310364, -0.9231096506118774, 0.028228646144270897, -0.06484222412109375], [0.0, 0.0, 0.0, 1.0]]], "view": [[0.0, -2.0, 100.0], [-2.0, 0.0, 100.0], [0.0, 0.0, 1.0]], "bev": "bev_407b142ac4ea46e180bcd1c414e9455a.png", "aux": "aux_407b142ac4ea46e180bcd1c414e9455a.npz", "visibility": "visibility_407b142ac4ea46e180bcd1c414e9455a.png", "pose": [[-0.6251097321510315, 0.7805368900299072, 0.0, 1076.4234619140625], [-0.7805368900299072, -0.6251097321510315, 0.0, 538.9513549804688], [0.0, 0.0, 1.0, 0.0], [0.0, 0.0, 0.0, 1.0]], "pose_inverse": [[-0.6251097321510315, -0.7805368900299072, 0.0, 1093.55419921875], [0.7805368900299072, -0.6251097321510315, 0.0, -503.28448486328125], [0.0, 0.0, 1.0, 0.0], [0.0, 0.0, 0.0, 1.0]], "cam_ids": [0, 1, 2, 3, 4, 5], "cam_channels": ["CAM_FRONT_LEFT", "CAM_FRONT", "CAM_FRONT_RIGHT", "CAM_BACK_LEFT", "CAM_BACK", "CAM_BACK_RIGHT"], "token": "407b142ac4ea46e180bcd1c414e9455a", "scene": "scene-0528"}, {"images": ["samples/CAM_FRONT_LEFT/n008-2018-08-30-15-52-26-0400__CAM_FRONT_LEFT__1535658929154799.jpg", "samples/CAM_FRONT/n008-2018-08-30-15-52-26-0400__CAM_FRONT__1535658929162404.jpg", "samples/CAM_FRONT_RIGHT/n008-2018-08-30-15-52-26-0400__CAM_FRONT_RIGHT__1535658929170482.jpg", "samples/CAM_BACK_LEFT/n008-2018-08-30-15-52-26-0400__CAM_BACK_LEFT__1535658929197405.jpg", "samples/CAM_BACK/n008-2018-08-30-15-52-26-0400__CAM_BACK__1535658929187558.jpg", "samples/CAM_BACK_RIGHT/n008-2018-08-30-15-52-26-0400__CAM_BACK_RIGHT__1535658929178113.jpg"], "intrinsics": [[[1257.8625342125129, 0.0, 827.2410631095686], [0.0, 1257.8625342125129, 450.915498205774], [0.0, 0.0, 1.0]], [[1252.8131021185304, 0.0, 826.588114781398], [0.0, 1252.8131021185304, 469.9846626224581], [0.0, 0.0, 1.0]], [[1256.7485116440405, 0.0, 817.7887570959712], [0.0, 1256.7485116440403, 451.9541780095127], [0.0, 0.0, 1.0]], [[1254.9860565800168, 0.0, 829.5769333630991], [0.0, 1254.9860565800168, 467.1680561863987], [0.0, 0.0, 1.0]], [[796.8910634503094, 0.0, 857.7774326863696], [0.0, 796.8910634503094, 476.8848988407415], [0.0, 0.0, 1.0]], [[1249.9629280788233, 0.0, 825.3768045375984], [0.0, 1249.9629280788233, 462.54816385708756], [0.0, 0.0, 1.0]]], "extrinsics": [[[0.8218123912811279, -0.5697203874588013, 0.006569162476807833, -0.9071044921875], [0.006297508720308542, -0.0024461837019771338, -0.999977171421051, 1.489044189453125], [0.5697234869003296, 0.8218350410461426, 0.001577515620738268, -1.26654052734375], [0.0, 0.0, 0.0, 1.0]], [[0.009162748232483864, -0.9999356269836426, 0.00668863020837307, 0.0069580078125], [0.008195523172616959, -0.006613591685891151, -0.9999445676803589, 1.4809722900390625], [0.99992436170578, 0.009217079728841782, 0.008134396746754646, -1.6365966796875], [0.0, 0.0, 0.0, 1.0]], [[-0.8444610834121704, -0.5355895757675171, -0.005413061939179897, 1.02630615234375], [0.016159189864993095, -0.015373880043625832, -0.9997512102127075, 1.494314193725586], [0.5353731513023376, -0.8443384766578674, 0.021637337282299995, -1.236328125], [0.0, 0.0, 0.0, 1.0]], [[0.9478641748428345, 0.3185510039329529, -0.008883575908839703, -1.14068603515625], [-0.009247547015547752, -0.0003697324718814343, -0.9999571442604065, 1.5620107650756836], [-0.31854069232940674, 0.9479056000709534, 0.002595358993858099, -0.1572265625], [0.0, 0.0, 0.0, 1.0]], [[0.009522895328700542, 0.9999234676361084, -0.007902230136096