[{"images": ["samples/CAM_FRONT_LEFT/n008-2018-09-18-15-12-01-0400__CAM_FRONT_LEFT__1537298165654799.jpg", "samples/CAM_FRONT/n008-2018-09-18-15-12-01-0400__CAM_FRONT__1537298165662488.jpg", "samples/CAM_FRONT_RIGHT/n008-2018-09-18-15-12-01-0400__CAM_FRONT_RIGHT__1537298165670482.jpg", "samples/CAM_BACK_LEFT/n008-2018-09-18-15-12-01-0400__CAM_BACK_LEFT__1537298165697405.jpg", "samples/CAM_BACK/n008-2018-09-18-15-12-01-0400__CAM_BACK__1537298165687558.jpg", "samples/CAM_BACK_RIGHT/n008-2018-09-18-15-12-01-0400__CAM_BACK_RIGHT__1537298165678119.jpg"], "intrinsics": [[[1257.8625342125129, 0.0, 827.2410631095686], [0.0, 1257.8625342125129, 450.915498205774], [0.0, 0.0, 1.0]], [[1252.8131021185304, 0.0, 826.588114781398], [0.0, 1252.8131021185304, 469.9846626224581], [0.0, 0.0, 1.0]], [[1256.7485116440405, 0.0, 817.7887570959712], [0.0, 1256.7485116440403, 451.9541780095127], [0.0, 0.0, 1.0]], [[1254.9860565800168, 0.0, 829.5769333630991], [0.0, 1254.9860565800168, 467.1680561863987], [0.0, 0.0, 1.0]], [[796.8910634503094, 0.0, 857.7774326863696], [0.0, 796.8910634503094, 476.8848988407415], [0.0, 0.0, 1.0]], [[1249.9629280788233, 0.0, 825.3768045375984], [0.0, 1249.9629280788233, 462.54816385708756], [0.0, 0.0, 1.0]]], "extrinsics": [[[0.8225474953651428, -0.5686464905738831, -0.007545117754489183, -0.6448974609375], [0.009388446807861328, 0.026843583211302757, -0.9995955228805542, 1.4921379089355469], [0.5686190128326416, 0.8221440315246582, 0.027418825775384903, -1.09405517578125], [0.0, 0.0, 0.0, 1.0]], [[0.010282156057655811, -0.9996910095214844, -0.022630630061030388, 0.015625], [0.011512530036270618, 0.02274867706000805, -0.999674916267395, 1.4841365814208984], [0.999880850315094, 0.010018221102654934, 0.011742876842617989, -1.3769683837890625], [0.0, 0.0, 0.0, 1.0]], [[-0.84393310546875, -0.5359047651290894, -0.024147436022758484, 0.856689453125], [0.019652487710118294, 0.014097636565566063, -0.9997074604034424, 1.4985122680664062], [0.5360884666442871, -0.844160795211792, -0.0013656002702191472, -1.12274169921875], [0.0, 0.0, 0.0, 1.0]], [[0.9479559063911438, 0.3183760941028595, 0.004047872964292765, -1.123016357421875], [-0.005610255524516106, 0.029412802308797836, -0.9995515942573547, 1.5618629455566406], [-0.3183524012565613, 0.9475081562995911, 0.029668208211660385, -0.1650390625], [0.0, 0.0, 0.0, 1.0]], [[0.009242122992873192, 0.9997187852859497, 0.021840564906597137, -0.0302734375], [-0.003528674365952611, 0.021873969584703445, -0.9997544884681702, 1.5675983428955078], [-0.9999510049819946, 0.009162790141999722, 0.003729843767359853, -0.0716094970703125], [0.0, 0.0, 0.0, 1.0]], [[-0.923719584941864, 0.38306841254234314, -0.0009393220534548163, 0.9683380126953125], [0.0006421724101528525, -0.0009035845287144184, -0.9999993443489075, 1.5479487180709839], [-0.3830689787864685, -0.923719584941864, 0.0005886628641746938, -0.11932373046875], [0.0, 0.0, 0.0, 1.0]]], "view": [[0.0, -2.0, 100.0], [-2.0, 0.0, 100.0], [0.0, 0.0, 1.0]], "bev": "bev_1f048fa210c64e80b9d57e3dc757702c.png", "aux": "aux_1f048fa210c64e80b9d57e3dc757702c.npz", "visibility": "visibility_1f048fa210c64e80b9d57e3dc757702c.png", "pose": [[-0.7642322182655334, -0.6449412107467651, 0.0, 750.9568481445312], [0.6449412107467651, -0.7642322182655334, 0.0, 569.8419189453125], [0.0, 0.0, 1.0, 0.0], [0.0, 0.0, 0.0, 1.0]], "pose_inverse": [[-0.7642322182655334, 0.6449412107467651, 0.0, 206.390869140625], [-0.6449412107467651, -0.7642322182655334, 0.0, 919.8145751953125], [0.0, 0.0, 1.0, 0.0], [0.0, 0.0, 0.0, 1.0]], "cam_ids": [0, 1, 2, 3, 4, 5], "cam_channels": ["CAM_FRONT_LEFT", "CAM_FRONT", "CAM_FRONT_RIGHT", "CAM_BACK_LEFT", "CAM_BACK", "CAM_BACK_RIGHT"], "token": "1f048fa210c64e80b9d57e3dc757702c", "scene": "scene-0913"}, {"images": ["samples/CAM_FRONT_LEFT/n008-2018-09-18-15-12-01-0400__CAM_FRONT_LEFT__1537298166154817.jpg", "samples/CAM_FRONT/n008-2018-09-18-15-12-01-0400__CAM_FRONT__1537298166162404.jpg", "samples/CAM_FRONT_RIGHT/n008-2018-09-18-15-12-01-0400__CAM_FRONT_RIGHT__1537298166170482.jpg", "samples/CAM_BACK_LEFT/n008-2018-09-18-15-12-01-0400__CAM_BACK_LEFT__1537298166197405.jpg", "samples/CAM_BACK/n008-2018-09-18-15-12-01-0400__CAM_BACK__1537298166187558.jpg", "samples/CAM_BACK_RIGHT/n008-2018-09-18-15-12-01-0400__CAM_BACK_RIGHT__1537298166178113.jpg"], "intrinsics": [[[1257.8625342125129, 0.0, 827.2410631095686], [0.0, 1257.8625342125129, 450.915498205774], [0.0, 0.0, 1.0]], [[1252.8131021185304, 0.0, 826.588114781398], [0.0, 1252.8131021185304, 469.9846626224581], [0.0, 0.0, 1.0]], [[1256.7485116440405, 0.0, 817.7887570959712], [0.0, 1256.7485116440403, 451.9541780095127], [0.0, 0.0, 1.0]], [[1254.9860565800168, 0.0, 829.5769333630991], [0.0, 1254.9860565800168, 467.1680561863987], [0.0, 0.0, 1.0]], [[796.8910634503094, 0.0, 857.7774326863696], [0.0, 796.8910634503094, 476.8848988407415], [0.0, 0.0, 1.0]], [[1249.9629280788233, 0.0, 825.3768045375984], [0.0, 1249.9629280788233, 462.54816385708756], [0.0, 0.0, 1.0]]], "extrinsics": [[[0.8223432898521423, -0.5689440965652466, -0.007363201584666967, -0.6512451171875], [0.010093584656715393, 0.02752542309463024, -0.9995701313018799, 1.4925594329833984], [0.5689022541046143, 0.8219154477119446, 0.02837803028523922, -1.09130859375], [0.0, 0.0, 0.0, 1.0]], [[0.009999783709645271, -0.9996789693832397, -0.023282425478100777, 0.01080322265625], [0.012125683948397636, 0.0234031043946743, -0.999652624130249, 1.4844322204589844], [0.9998764991760254, 0.009714064188301563, 0.01235581748187542, -1.379486083984375], [0.0, 0.0, 0.0, 1.0]], [[-0.8440468311309814, -0.5356910228729248, -0.024901969358325005, 0.85711669921875], [0.020187677815556526, 0.014663063921034336, -0.9996886253356934, 1.4986534118652344], [0.5358894467353821, -0.8442867994308472, -0.0015619556652382016, -1.12762451171875], [0.0, 0.0, 0.0, 1.0]], [[0.9479038119316101, 0.31852564215660095, 0.0044640786945819855, -1.12664794921875], [-0.0051892721094191074, 0.029451360926032066, -0.9995527267456055, 1.5619430541992188], [-0.3185146152973175, 0.9474566578865051, 0.029569970443844795, -0.16204833984375], [0.0, 0.0, 0.0, 1.0]], [[0.009305853396654129, 0.9997129440307617, 0.022077608853578568, -0.0283203125], [-0.0030492523219436407, 0.02210683375597, -0.9997509717941284, 1.5677032470703125], [-0.9999521374702454, 0.00923620443791151, 0.0032540999818593264, -0.0686492919921875], [0.0, 0.0, 0.0, 1.0]], [[-0.9236475229263306, 0.3832409381866455, -0.0012293875915929675, 0.9718475341796875], [0.001133389538154006, -0.00047629157779738307, -0.9999992251396179, 1.548044204711914], [-0.383241206407547, -0.9236482977867126, 5.564156253967667e-06, -0.1209716796875], [0.0, 0.0, 0.0, 1.0]]], "view": [[0.0, -2.0, 100.0], [-2.0, 0.0, 100.0], [0.0, 0.0, 1.0]], "bev": "bev_5b11cba0331b4eacb7aebce80a49a7ff.png", "aux": "aux_5b11cba0331b4eacb7aebce80a49a7ff.npz", "visibility": "visibility_5b11cba0331b4eacb7aebce80a49a7ff.png", "pose": [[-0.7640974521636963, -0.6451008915901184, 0.0, 747.3126220703125], [0.6451008915901184, -0.7640974521636963, 0.0, 572.9578857421875], [0.0, 0.0, 1.0, 0.0], [0.0, 0.0, 0.0, 1.0]], "pose_inverse": [[-0.7640974521636963, 0.6451008915901184, 0.0, 201.40402221679688], [-0.6451008915901184, -0.7640974521636963, 0.0, 919.8876342773438], [0.0, 0.0, 1.0, 0.0], [0.0, 0.0, 0.0, 1.0]], "cam_ids": [0, 1, 2, 3, 4, 5], "cam_channels": ["CAM_FRONT_LEFT", "CAM_FRONT", "CAM_FRONT_RIGHT", "CAM_BACK_LEFT", "CAM_BACK", "CAM_BACK_RIGHT"], "token": "5b11cba0331b4eacb7aebce80a49a7ff", "scene": "scene-0913"}, {"images": ["samples/CAM_FRONT_LEFT/n008-2018-09-18-15-12-01-0400__CAM_FRONT_LEFT__1537298166654799.jpg", "samples/CAM_FRONT/n008-2018-09-18-15-12-01-0400__CAM_FRONT__1537298166662404.jpg", "samples/CAM_FRONT_RIGHT/n008-2018-09-18-15-12-01-0400__CAM_FRONT_RIGHT__1537298166670482.jpg", "samples/CAM_BACK_LEFT/n008-2018-09-18-15-12-01-0400__CAM_BACK_LEFT__1537298166697405.jpg", "samples/CAM_BACK/n008-2018-09-18-15-12-01-0400__CAM_BACK__1537298166687558.jpg", "samples/CAM_BACK_RIGHT/n008-2018-09-18-15-12-01-0400__CAM_BACK_RIGHT__1537298166678113.jpg"], "intrinsics": [[[1257.8625342125129, 0.0, 827.2410631095686], [0.0, 1257.8625342125129, 450.915498205774], [0.0, 0.0, 1.0]], [[1252.8131021185304, 0.0, 826.588114781398], [0.0, 1252.8131021185304, 469.9846626224581], [0.0, 0.0, 1.0]], [[1256.7485116440405, 0.0, 817.7887570959712], [0.0, 1256.7485116440403, 451.9541780095127], [0.0, 0.0, 1.0]], [[1254.9860565800168, 0.0, 829.5769333630991], [0.0, 1254.9860565800168, 467.1680561863987], [0.0, 0.0, 1.0]], [[796.8910634503094, 0.0, 857.7774326863696], [0.0, 796.8910634503094, 476.8848988407415], [0.0, 0.0, 1.0]], [[1249.9629280788233, 0.0, 825.3768045375984], [0.0, 1249.9629280788233, 462.54816385708756], [0.0, 0.0, 1.0]]], "extrinsics": [[[0.8228007555007935, -0.5682929754257202, -0.006496742833405733, -0.653289794921875], [0.009610074572265148, 0.025341738015413284, -0.9996326565742493, 1.4922962188720703], [0.5682488679885864, 0.8224360346794128, 0.026312535628676414, -1.0943603515625], [0.0, 0.0, 0.0, 1.0]], [[0.010655233636498451, -0.999719500541687, -0.021151302382349968, 0.01190185546875], [0.011540580540895462, 0.021274039521813393, -0.9997071027755737, 1.4841728210449219], [0.9998766779899597, 0.010407986119389534, 0.011764022521674633, -1.3824615478515625], [0.0, 0.0, 0.0, 1.0]], [[-0.8437780141830444, -0.5361871123313904, -0.023278286680579185, 0.85986328125], [0.019549958407878876, 0.012637659907341003, -0.9997289776802063, 1.498417854309082], [0.5363359451293945, -0.8440045714378357, -0.0001809459354262799, -1.1282958984375], [0.0, 0.0, 0.0, 1.0]], [[0.9478821754455566, 0.31860387325286865, 0.0033187696244567633, -1.127899169921875], [-0.005914395209401846, 0.028008315712213516, -0.9995902180671692, 1.5619487762451172], [-0.31856635212898254, 0.9474740624427795, 0.028432931751012802, -0.16131591796875], [0.0, 0.0, 0.0, 1.0]], [[0.009073824621737003, 0.9997516870498657, 0.020354287698864937, -0.02874755859375], [-0.0037416573613882065, 0.020388929173350334, -0.9997851252555847, 1.567626953125], [-0.999951958656311, 0.008995721116662025, 0.003925731871277094, -0.0669097900390625], [0.0, 0.0, 0.0, 1.0]], [[-0.9238027930259705, 0.3828662931919098, -0.0013613085029646754, 0.9736480712890625], [0.0004866106901317835, -0.0023814383894205093, -0.999997079372406, 1.5479133129119873], [-0.38286834955215454, -0.9238006472587585, 0.002013672608882189, -0.11956787109375], [0.0, 0.0, 0.0, 1.0]]], "view": [[0.0, -2.0, 100.0], [-2.0, 0.0, 100.0], [0.0, 0.0, 1.0]], "bev": "bev_42a107bbcfb548768b8d45e9507df05d.png", "aux": "aux_42a107bbcfb548768b8d45e9507df05d.npz", "visibility": "visibility_42a107bbcfb548768b8d45e9507df05d.png", "pose": [[-0.7619619965553284, -0.647621750831604, 0.0, 743.6729736328125], [0.647621750831604, -0.7619619965553284, 0.0, 576.0782470703125], [0.0, 0.0, 1.0, 0.0], [0.0, 0.0, 0.0, 1.0]], "pose_inverse": [[-0.7619619965553284, 0.647621750831604, 0.0, 193.56973266601562], [-0.647621750831604, -0.7619619965553284, 0.0, 920.5685424804688], [0.0, 0.0, 1.0, 0.0], [0.0, 0.0, 0.0, 1.0]], "cam_ids": [0, 1, 2, 3, 4, 5], "cam_channels": ["CAM_FRONT_LEFT", "CAM_FRONT", "CAM_FRONT_RIGHT", "CAM_BACK_LEFT", "CAM_BACK", "CAM_BACK_RIGHT"], "token": "42a107bbcfb548768b8d45e9507df05d", "scene": "scene-0913"}, {"images": ["samples/CAM_FRONT_LEFT/n008-2018-09-18-15-12-01-0400__CAM_FRONT_LEFT__1537298167154799.jpg", "samples/CAM_FRONT/n008-2018-09-18-15-12-01-0400__CAM_FRONT__1537298167162404.jpg", "samples/CAM_FRONT_RIGHT/n008-2018-09-18-15-12-01-0400__CAM_FRONT_RIGHT__1537298167170482.jpg", "samples/CAM_BACK_LEFT/n008-2018-09-18-15-12-01-0400__CAM_BACK_LEFT__1537298167197405.jpg", "samples/CAM_BACK/n008-2018-09-18-15-12-01-0400__CAM_BACK__1537298167187558.jpg", "samples/CAM_BACK_RIGHT/n008-2018-09-18-15-12-01-0400__CAM_BACK_RIGHT__1537298167178113.jpg"], "intrinsics": [[[1257.8625342125129, 0.0, 827.2410631095686], [0.0, 1257.8625342125129, 450.915498205774], [0.0, 0.0, 1.0]], [[1252.8131021185304, 0.0, 826.588114781398], [0.0, 1252.8131021185304, 469.9846626224581], [0.0, 0.0, 1.0]], [[1256.7485116440405, 0.0, 817.7887570959712], [0.0, 1256.7485116440403, 451.9541780095127], [0.0, 0.0, 1.0]], [[1254.9860565800168, 0.0, 829.5769333630991], [0.0, 1254.9860565800168, 467.1680561863987], [0.0, 0.0, 1.0]], [[796.8910634503094, 0.0, 857.7774326863696], [0.0, 796.8910634503094, 476.8848988407415], [0.0, 0.0, 1.0]], [[1249.9629280788233, 0.0, 825.3768045375984], [0.0, 1249.9629280788233, 462.54816385708756], [0.0, 0.0, 1.0]]], "extrinsics": [[[0.8225857615470886, -0.5684107542037964, -0.016179917380213737, -0.661376953125], [0.0005640976596623659, 0.029269322752952576, -0.9995713829994202, 1.4884529113769531], [0.5686408281326294, 0.8222241401672363, 0.024397166445851326, -1.09893798828125], [0.0, 0.0, 0.0, 1.0]], [[0.010275487788021564, -0.9996291399002075, -0.025219010189175606, 0.01141357421875], [0.0023605753667652607, 0.025244520977139473, -0.9996784925460815, 1.4809150695800781], [0.9999443888664246, 0.010212665423750877, 0.002619099570438266, -1.3908538818359375], [0.0, 0.0, 0.0, 1.0]], [[-0.844034731388092, -0.5360010862350464, -0.017554616555571556, 0.8656005859375], [0.010207240469753742, 0.016671599820256233, -0.9998089075088501, 1.4957733154296875], [0.5361912846565247, -0.8440526723861694, -0.008600318804383278, -1.1322021484375], [0.0, 0.0, 0.0, 1.0]], [[0.9478599429130554, 0.31865063309669495, -0.00482130004093051, -1.1290283203125], [-0.015905428677797318, 0.03219177573919296, -0.999355137348175, 1.5617942810058594], [-0.31828999519348145, 0.9473254680633545, 0.035581570118665695, -0.16107177734375], [0.0, 0.0, 0.0, 1.0]], [[0.009313560090959072, 0.9996575713157654, 0.02445434406399727, -0.0286865234375], [-0.01350256148725748, 0.024578899145126343, -0.9996066689491272, 1.56658935546875], [-0.9998654723167419, 0.008979639038443565, 0.013726853765547276, -0.0634918212890625], [0.0, 0.0, 0.0, 1.0]], [[-0.9237368106842041, 0.38292187452316284, 0.009011935442686081, 0.9787445068359375], [-0.009036977775394917, 0.0017334227450191975, -0.9999576210975647, 1.5460344552993774], [-0.3829212188720703, -0.9237790703773499, 0.001859229407273233, -0.11749267578125], [0.0, 0.0, 0.0, 1.0]]], "view": [[0.0, -2.0, 100.0], [-2.0, 0.0, 100.0], [0.0, 0.0, 1.0]], "bev": "bev_873ba32cc77e4368bb2521f7d46d8dc5.png", "aux": "aux_873ba32cc77e4368bb2521f7d46d8dc5.npz", "visibility": "visibility_873ba32cc77e4368bb2521f7d46d8dc5.png", "pose": [[-0.7597688436508179, -0.6501932740211487, 0.0, 740.0894165039062], [0.6501932740211487, -0.7597688436508179, 0.0, 579.187255859375], [0.0, 0.0, 1.0, 0.0], [0.0, 0.0, 0.0, 1.0]], "pose_inverse": [[-0.7597688436508179, 0.6501932740211487, 0.0, 185.71319580078125], [-0.6501932740211487, -0.7597688436508179, 0.0, 921.2496337890625], [0.0, 0.0, 1.0, 0.0], [0.0, 0.0, 0.0, 1.0]], "cam_ids": [0, 1, 2, 3, 4, 5], "cam_channels": ["CAM_FRONT_LEFT", "CAM_FRONT", "CAM_FRONT_RIGHT", "CAM_BACK_LEFT", "CAM_BACK", "CAM_BACK_RIGHT"], "token": "873ba32cc77e4368bb2521f7d46d8dc5", "scene": "scene-0913"}, {"images": ["samples/CAM_FRONT_LEFT/n008-2018-09-18-15-12-01-0400__CAM_FRONT_LEFT__1537298167654799.jpg", "samples/CAM_FRONT/n008-2018-09-18-15-12-01-0400__CAM_FRONT__1537298167662404.jpg", "samples/CAM_FRONT_RIGHT/n008-2018-09-18-15-12-01-0400__CAM_FRONT_RIGHT__1537298167670482.jpg", "samples/CAM_BACK_LEFT/n008-2018-09-18-15-12-01-0400__CAM_BACK_LEFT__1537298167697405.jpg", "samples/CAM_BACK/n008-2018-09-18-15-12-01-0400__CAM_BACK__1537298167687558.jpg", "samples/CAM_BACK_RIGHT/n008-2018-09-18-15-12-01-0400__CAM_BACK_RIGHT__1537298167678113.jpg"], "intrinsics": [[[1257.8625342125129, 0.0, 827.2410631095686], [0.0, 1257.8625342125129, 450.915498205774], [0.0, 0.0, 1.0]], [[1252.8131021185304, 0.0, 826.588114781398], [0.0, 1252.8131021185304, 469.9846626224581], [0.0, 0.0, 1.0]], [[1256.7485116440405, 0.0, 817.7887570959712], [0.0, 1256.7485116440403, 451.9541780095127], [0.0, 0.0, 1.0]], [[1254.9860565800168, 0.0, 829.5769333630991], [0.0, 1254.9860565800168, 467.1680561863987], [0.0, 0.0, 1.0]], [[796.8910634503094, 0.0, 857.7774326863696], [0.0, 796.8910634503094, 476.8848988407415], [0.0, 0.0, 1.0]], [[1249.9629280788233, 0.0, 825.3768045375984], [0.0, 1249.9629280788233, 462.54816385708756], [0.0, 0.0, 1.0]]], "extrinsics": [[[0.822704017162323, -0.5680427551269531, -0.022036056965589523, -0.6611328125], [-0.004989728331565857, 0.03154647722840309, -0.9994898438453674, 1.4860954284667969], [0.5684481263160706, 0.8223942518234253, 0.023119032382965088, -1.1005859375], [0.0, 0.0, 0.0, 1.0]], [[0.01039957907050848, -0.9995676279067993, -0.027503082528710365, 0.0123291015625], [-0.0029307371005415916, 0.02747398428618908, -0.9996182322502136, 1.4790668487548828], [0.9999417066574097, 0.010476214811205864, -0.002643750747665763, -1.3916473388671875], [0.0, 0.0, 0.0, 1.0]], [[-0.8440133333206177, -0.5361270904541016, -0.014466109685599804, 0.86669921875], [0.005180640611797571, 0.018821697682142258, -0.9998094439506531, 1.494405746459961], [0.5362972021102905, -0.8439275026321411, -0.013108283281326294, -1.132080078125], [0.0, 0.0, 0.0, 1.0]], [[0.9478150606155396, 0.3187189996242523, -0.008064104244112968, -1.130096435546875], [-0.019960470497608185, 0.03407711535692215, -0.9992198348045349, 1.5617446899414062], [-0.3181954622268677, 0.9472364783287048, 0.03866058215498924, -0.160888671875], [0.0, 0.0, 0.0, 1.0]], [[0.009327583946287632, 0.9996089935302734, 0.026361718773841858, -0.02899169921875], [-0.017930971458554268, 0.02652582712471485, -0.9994872808456421, 1.5661163330078125], [-0.99979567527771, 0.008850076235830784, 0.01817138120532036, -0.062591552734375], [0.0, 0.0, 0.0, 1.0]], [[-0.9237377047538757, 0.38276207447052, 0.01420888863503933, 0.9794158935546875], [-0.013812224380671978, 0.003784488420933485, -0.9998974204063416, 1.5451056957244873], [-0.38277655839920044, -0.9238391518592834, 0.0017909209709614515, -0.11669921875], [0.0, 0.0, 0.0, 1.0]]], "view": [[0.0, -2.0, 100.0], [-2.0, 0.0, 100.0], [0.0, 0.0, 1.0]], "bev": "bev_1e6f6e90ec654248926d03aaa42a120d.png", "aux": "aux_1e6f6e90ec654248926d03aaa42a120d.npz", "visibility": "visibility_1e6f6e90ec654248926d03aaa42a120d.png", "pose": [[-0.7576206922531128, -0.6526951193809509, 0.0, 736.5272216796875], [0.6526951193809509, -0.7576206922531128, 0.0, 582.2805786132812], [0.0, 0.0, 1.0, 0.0], [0.0, 0.0, 0.0, 1.0]], "pose_inverse": [[-0.7576206922531128, 0.6526951193809509, 0.0, 177.95657348632812], [-0.6526951193809509, -0.7576206922531128, 0.0, 921.8755493164062], [0.0, 0.0, 1.0, 0.0], [0.0, 0.0, 0.0, 1.0]], "cam_ids": [0, 1, 2, 3, 4, 5], "cam_channels": ["CAM_FRONT_LEFT", "CAM_FRONT", "CAM_FRONT_RIGHT", "CAM_BACK_LEFT", "CAM_BACK", "CAM_BACK_RIGHT"], "token": "1e6f6e90ec654248926d03aaa42a120d", "scene": "scene-0913"}, {"images": ["samples/CAM_FRONT_LEFT/n008-2018-09-18-15-12-01-0400__CAM_FRONT_LEFT__1537298168154799.jpg", "samples/CAM_FRONT/n008-2018-09-18-15-12-01-0400__CAM_FRONT__1537298168162404.jpg", "samples/CAM_FRONT_RIGHT/n008-2018-09-18-15-12-01-0400__CAM_FRONT_RIGHT__1537298168170482.jpg", "samples/CAM_BACK_LEFT/n008-2018-09-18-15-12-01-0400__CAM_BACK_LEFT__1537298168197405.jpg", "samples/CAM_BACK/n008-2018-09-18-15-12-01-0400__CAM_BACK__1537298168187558.jpg", "samples/CAM_BACK_RIGHT/n008-2018-09-18-15-12-01-0400__CAM_BACK_RIGHT__1537298168178113.jpg"], "intrinsics": [[[1257.8625342125129, 0.0, 827.2410631095686], [0.0, 1257.8625342125129, 450.915498205774], [0.0, 0.0, 1.0]], [[1252.8131021185304, 0.0, 826.588114781398], [0.0, 1252.8131021185304, 469.9846626224581], [0.0, 0.0, 1.0]], [[1256.7485116440405, 0.0, 817.7887570959712], [0.0, 1256.7485116440403, 451.9541780095127], [0.0, 0.0, 1.0]], [[1254.9860565800168, 0.0, 829.5769333630991], [0.0, 1254.9860565800168, 467.1680561863987], [0.0, 0.0, 1.0]], [[796.8910634503094, 0.0, 857.7774326863696], [0.0, 796.8910634503094, 476.8848988407415], [0.0, 0.0, 1.0]], [[1249.9629280788233, 0.0, 825.3768045375984], [0.0, 1249.9629280788233, 462.54816385708756], [0.0, 0.0, 1.0]]], "extrinsics": [[[0.822677731513977, -0.5680515766143799, -0.022780025377869606, -0.6533203125], [-0.0044905636459589005, 0.03357559069991112, -0.9994260668754578, 1.486276626586914], [0.5684903860092163, 0.822307825088501, 0.02507101558148861, -1.09405517578125], [0.0, 0.0, 0.0, 1.0]], [[0.010552137158811092, -0.999508798122406, -0.02950931340456009, 0.01177978515625], [-0.002600475214421749, 0.029483428224921227, -0.9995618462562561, 1.4791698455810547], [0.9999409317970276, 0.010624325834214687, -0.002288083778694272, -1.3828887939453125], [0.0, 0.0, 0.0, 1.0]], [[-0.843919575214386, -0.5362408757209778, -0.015664074569940567, 0.86077880859375], [0.005339320749044418, 0.02080129273235798, -0.9997693300247192, 1.494485855102539], [0.5364431142807007, -0.8438085913658142, -0.014691456221044064, -1.12884521484375], [0.0, 0.0, 0.0, 1.0]], [[0.9478240013122559, 0.3186998963356018, -0.007754686754196882, -1.131195068359375], [-0.02025499939918518, 0.03592748939990997, -0.9991491436958313, 1.5617618560791016], [-0.3181501030921936, 0.9471745491027832, 0.0405082032084465, -0.16058349609375], [0.0, 0.0, 0.0, 1.0]], [[0.009283460676670074, 0.9995575547218323, 0.028256310150027275, -0.02880859375], [-0.018138308078050613, 0.028421206399798393, -0.9994314312934875, 1.5660629272460938], [-0.9997923970222473, 0.008765703067183495, 0.01839412935078144, -0.0643157958984375], [0.0, 0.0, 0.0, 1.0]], [[-0.9237831830978394, 0.3826241195201874, 0.014947249554097652, 0.975250244140625], [-0.01380949281156063, 0.005719983950257301, -0.9998882412910461, 1.545041799545288], [-0.38266685605049133, -0.9238864183425903, -1.822683373120526e-07, -0.11865234375], [0.0, 0.0, 0.0, 1.0]]], "view": [[0.0, -2.0, 100.0], [-2.0, 0.0, 100.0], [0.0, 0.0, 1.0]], "bev": "bev_3ace3074972d4719a2824a2da93c0788.png", "aux": "aux_3ace3074972d4719a2824a2da93c0788.npz", "visibility": "visibility_3ace3074972d4719a2824a2da93c0788.png", "pose": [[-0.7578889727592468, -0.65238356590271, 0.0, 732.898681640625], [0.65238356590271, -0.7578889727592468, 0.0, 585.4404296875], [0.0, 0.0, 1.0, 0.0], [0.0, 0.0, 0.0, 1.0]], "pose_inverse": [[-0.7578889727592468, 0.65238356590271, 0.0, 173.5240936279297], [-0.65238356590271, -0.7578889727592468, 0.0, 921.8298950195312], [0.0, 0.0, 1.0, 0.0], [0.0, 0.0, 0.0, 1.0]], "cam_ids": [0, 1, 2, 3, 4, 5], "cam_channels": ["CAM_FRONT_LEFT", "CAM_FRONT", "CAM_FRONT_RIGHT", "CAM_BACK_LEFT", "CAM_BACK", "CAM_BACK_RIGHT"], "token": "3ace3074972d4719a2824a2da93c0788", "scene": "scene-0913"}, {"images": ["samples/CAM_FRONT_LEFT/n008-2018-09-18-15-12-01-0400__CAM_FRONT_LEFT__1537298168654799.jpg", "samples/CAM_FRONT/n008-2018-09-18-15-12-01-0400__CAM_FRONT__1537298168662404.jpg", "samples/CAM_FRONT_RIGHT/n008-2018-09-18-15-12-01-0400__CAM_FRONT_RIGHT__1537298168670482.jpg", "samples/CAM_BACK_LEFT/n008-2018-09-18-15-12-01-0400__CAM_BACK_LEFT__1537298168697405.jpg", "samples/CAM_BACK/n008-2018-09-18-15-12-01-0400__CAM_BACK__1537298168687558.jpg", "samples/CAM_BACK_RIGHT/n008-2018-09-18-15-12-01-0400__CAM_BACK_RIGHT__1537298168678113.jpg"], "intrinsics": [[[1257.8625342125129, 0.0, 827.2410631095686], [0.0, 1257.8625342125129, 450.915498205774], [0.0, 0.0, 1.0]], [[1252.8131021185304, 0.0, 826.588114781398], [0.0, 1252.8131021185304, 469.9846626224581], [0.0, 0.0, 1.0]], [[1256.7485116440405, 0.0, 817.7887570959712], [0.0, 1256.7485116440403, 451.9541780095127], [0.0, 0.0, 1.0]], [[1254.9860565800168, 0.0, 829.5769333630991], [0.0, 1254.9860565800168, 467.1680561863987], [0.0, 0.0, 1.0]], [[796.8910634503094, 0.0, 857.7774326863696], [0.0, 796.8910634503094, 476.8848988407415], [0.0, 0.0, 1.0]], [[1249.9629280788233, 0.0, 825.3768045375984], [0.0, 1249.9629280788233, 462.54816385708756], [0.0, 0.0, 1.0]]], "extrinsics": [[[0.8224206566810608, -0.568426787853241, -0.022698359563946724, -0.6485595703125], [-0.004338511731475592, 0.03363180533051491, -0.9994248151779175, 1.4862709045410156], [0.5688632726669312, 0.8220461010932922, 0.025193365290760994, -1.09234619140625], [0.0, 0.0, 0.0, 1.0]], [[0.010052957572042942, -0.9995130896568298, -0.029536554589867592, 0.0126953125], [-0.002338687190786004, 0.029514465481042862, -0.999561607837677, 1.4792232513427734], [0.999946653842926, 0.010117560625076294, -0.002040841616690159, -1.379180908203125], [0.0, 0.0, 0.0, 1.0]], [[-0.844146728515625, -0.5358725786209106, -0.01602833718061447, 0.85888671875], [0.005781244020909071, 0.02079670876264572, -0.999767005443573, 1.494607925415039], [0.5360810160636902, -0.8440427780151367, -0.014457465149462223, -1.12689208984375], [0.0, 0.0, 0.0, 1.0]], [[0.9478399157524109, 0.31867271661758423, -0.006869114935398102, -1.1318359375], [-0.01929456926882267, 0.035851024091243744, -0.9991708993911743, 1.561788558959961], [-0.31816229224205017, 0.9471865296363831, 0.040129683911800385, -0.16033935546875], [0.0, 0.0, 0.0, 1.0]], [[0.009439559653401375, 0.9995571970939636, 0.028216613456606865, -0.02899169921875], [-0.0172867514193058, 0.02837677299976349, -0.999447762966156, 1.5661430358886719], [-0.9998059272766113, 0.00894660223275423, 0.017546962946653366, -0.0648345947265625], [0.0, 0.0, 0.0, 1.0]], [[-0.9236690998077393, 0.3829224407672882, 0.014343799091875553, 0.9736175537109375], [-0.013166088610887527, 0.005696226377040148, -0.9998971223831177, 1.545145034790039], [-0.38296473026275635, -0.9237629771232605, -0.0002198372094426304, -0.11895751953125], [0.0, 0.0, 0.0, 1.0]]], "view": [[0.0, -2.0, 100.0], [-2.0, 0.0, 100.0], [0.0, 0.0, 1.0]], "bev": "bev_8b5a0e34f7644c9f88da061fbf85f3ea.png", "aux": "aux_8b5a0e34f7644c9f88da061fbf85f3ea.npz", "visibility": "visibility_8b5a0e34f7644c9f88da061fbf85f3ea.png", "pose": [[-0.7568230032920837, -0.6536198258399963, 0.0, 729.2377319335938], [0.6536198258399963, -0.7568230032920837, 0.0, 588.666015625], [0.0, 0.0, 1.0, 0.0], [0.0, 0.0, 0.0, 1.0]], "pose_inverse": [[-0.7568230032920837, 0.6536198258399963, 0.0, 167.14010620117188], [-0.6536198258399963, -0.7568230032920837, 0.0, 922.1602783203125], [0.0, 0.0, 1.0, 0.0], [0.0, 0.0, 0.0, 1.0]], "cam_ids": [0, 1, 2, 3, 4, 5], "cam_channels": ["CAM_FRONT_LEFT", "CAM_FRONT", "CAM_FRONT_RIGHT", "CAM_BACK_LEFT", "CAM_BACK", "CAM_BACK_RIGHT"], "token": "8b5a0e34f7644c9f88da061fbf85f3ea", "scene": "scene-0913"}, {"images": ["samples/CAM_FRONT_LEFT/n008-2018-09-18-15-12-01-0400__CAM_FRONT_LEFT__1537298169154799.jpg", "samples/CAM_FRONT/n008-2018-09-18-15-12-01-0400__CAM_FRONT__1537298169162404.jpg", "samples/CAM_FRONT_RIGHT/n008-2018-09-18-15-12-01-0400__CAM_FRONT_RIGHT__1537298169170482.jpg", "samples/CAM_BACK_LEFT/n008-2018-09-18-15-12-01-0400__CAM_BACK_LEFT__1537298169197405.jpg", "samples/CAM_BACK/n008-2018-09-18-15-12-01-0400__CAM_BACK__1537298169187558.jpg", "samples/CAM_BACK_RIGHT/n008-2018-09-18-15-12-01-0400__CAM_BACK_RIGHT__1537298169178113.jpg"], "intrinsics": [[[1257.8625342125129, 0.0, 827.2410631095686], [0.0, 1257.8625342125129, 450.915498205774], [0.0, 0.0, 1.0]], [[1252.8131021185304, 0.0, 826.588114781398], [0.0, 1252.8131021185304, 469.9846626224581], [0.0, 0.0, 1.0]], [[1256.7485116440405, 0.0, 817.7887570959712], [0.0, 1256.7485116440403, 451.9541780095127], [0.0, 0.0, 1.0]], [[1254.9860565800168, 0.0, 829.5769333630991], [0.0, 1254.9860565800168, 467.1680561863987], [0.0, 0.0, 1.0]], [[796.8910634503094, 0.0, 857.7774326863696], [0.0, 796.8910634503094, 476.8848988407415], [0.0, 0.0, 1.0]], [[1249.9629280788233, 0.0, 825.3768045375984], [0.0, 1249.9629280788233, 462.54816385708756], [0.0, 0.0, 1.0]]], "extrinsics": [[[0.8221380710601807, -0.5689906477928162, -0.01840466447174549, -0.64263916015625], [-0.00020863341342192143, 0.032028112560510635, -0.9994869232177734, 1.4880847930908203], [0.5692882537841797, 0.8217200636863708, 0.026212815195322037, -1.08685302734375], [0.0, 0.0, 0.0, 1.0]], [[0.009642530232667923, -0.999565064907074, -0.027870306745171547, 0.011962890625], [0.0018083954928442836, 0.027888989076018333, -0.9996094107627869, 1.4807376861572266], [0.9999517798423767, 0.009588286280632019, 0.0020765287335962057, -1.371734619140625], [0.0, 0.0, 0.0, 1.0]], [[-0.8442994356155396, -0.5355483293533325, -0.018610067665576935, 0.852783203125], [0.009882044047117233, 0.019162295386195183, -0.999767541885376, 1.4958248138427734], [0.5357805490493774, -0.8442871570587158, -0.010886403732001781, -1.12384033203125], [0.0, 0.0, 0.0, 1.0]], [[0.9480149149894714, 0.31820595264434814, -0.0035569772589951754, -1.12579345703125], [-0.015213197097182274, 0.03415350615978241, -0.9993007779121399, 1.5617523193359375], [-0.31786200404167175, 0.9474062323570251, 0.037218961864709854, -0.16217041015625], [0.0, 0.0, 0.0, 1.0]], [[0.009631266817450523, 0.9995999932289124, 0.026590004563331604, -0.0286865234375], [-0.013206594623625278, 0.026716075837612152, -0.999555766582489, 1.5665168762207031], [-0.9998664259910583, 0.009275799617171288, 0.013458621688187122, -0.0706329345703125], [0.0, 0.0, 0.0, 1.0]], [[-0.9235972762107849, 0.3832337558269501, 0.00999306421726942, 0.9680633544921875], [-0.00913128349930048, 0.0040678465738892555, -0.9999500513076782, 1.5459074974060059], [-0.3832551836967468, -0.9236424565315247, -0.0002576358674559742, -0.1217041015625], [0.0, 0.0, 0.0, 1.0]]], "view": [[0.0, -2.0, 100.0], [-2.0, 0.0, 100.0], [0.0, 0.0, 1.0]], "bev": "bev_a682d603bcbb4ffa81cfb947b8371c5e.png", "aux": "aux_a682d603bcbb4ffa81cfb947b8371c5e.npz", "visibility": "visibility_a682d603bcbb4ffa81cfb947b8371c5e.png", "pose": [[-0.7572783827781677, -0.6530922055244446, 0.0, 725.5586547851562], [0.6530922055244446, -0.7572783827781677, 0.0, 591.9016723632812], [0.0, 0.0, 1.0, 0.0], [0.0, 0.0, 0.0, 1.0]], "pose_inverse": [[-0.7572783827781677, 0.6530922055244446, 0.0, 162.88352966308594], [-0.6530922055244446, -0.7572783827781677, 0.0, 922.091064453125], [0.0, 0.0, 1.0, 0.0], [0.0, 0.0, 0.0, 1.0]], "cam_ids": [0, 1, 2, 3, 4, 5], "cam_channels": ["CAM_FRONT_LEFT", "CAM_FRONT", "CAM_FRONT_RIGHT", "CAM_BACK_LEFT", "CAM_BACK", "CAM_BACK_RIGHT"], "token": "a682d603bcbb4ffa81cfb947b8371c5e", "scene": "scene-0913"}, {"images": ["samples/CAM_FRONT_LEFT/n008-2018-09-18-15-12-01-0400__CAM_FRONT_LEFT__1537298169654799.jpg", "samples/CAM_FRONT/n008-2018-09-18-15-12-01-0400__CAM_FRONT__1537298169662404.jpg", "samples/CAM_FRONT_RIGHT/n008-2018-09-18-15-12-01-0400__CAM_FRONT_RIGHT__1537298169670482.jpg", "samples/CAM_BACK_LEFT/n008-2018-09-18-15-12-01-0400__CAM_BACK_LEFT__1537298169697405.jpg", "samples/CAM_BACK/n008-2018-09-18-15-12-01-0400__CAM_BACK__1537298169687558.jpg", "samples/CAM_BACK_RIGHT/n008-2018-09-18-15-12-01-0400__CAM_BACK_RIGHT__1537298169678113.jpg"], "intrinsics": [[[1257.8625342125129, 0.0, 827.2410631095686], [0.0, 1257.8625342125129, 450.915498205774], [0.0, 0.0, 1.0]], [[1252.8131021185304, 0.0, 826.588114781398], [0.0, 1252.8131021185304, 469.9846626224581], [0.0, 0.0, 1.0]], [[1256.7485116440405, 0.0, 817.7887570959712], [0.0, 1256.7485116440403, 451.9541780095127], [0.0, 0.0, 1.0]], [[1254.9860565800168, 0.0, 829.5769333630991], [0.0, 1254.9860565800168, 467.1680561863987], [0.0, 0.0, 1.0]], [[796.8910634503094, 0.0, 857.7774326863696], [0.0, 796.8910634503094, 476.8848988407415], [0.0, 0.0, 1.0]], [[1249.9629280788233, 0.0, 825.3768045375984], [0.0, 1249.9629280788233, 462.54816385708756], [0.0, 0.0, 1.0]]], "extrinsics": [[[0.8225576877593994, -0.5683686137199402, -0.018867485225200653, -0.645050048828125], [-0.00046778522664681077, 0.03250132501125336, -0.9994716048240662, 1.4879798889160156], [0.568681538105011, 0.8221318125724792, 0.026468340307474136, -1.088623046875], [0.0, 0.0, 0.0, 1.0]], [[0.010239860974252224, -0.9995461702346802, -0.02833106927573681, 0.0118408203125], [0.001392808393575251, 0.02834678441286087, -0.9995971918106079, 1.4805870056152344], [0.9999465942382812, 0.010196302086114883, 0.0016824431950226426, -1.37451171875], [0.0, 0.0, 0.0, 1.0]], [[-0.844056248664856, -0.5359398722648621, -0.01837293617427349, 0.85491943359375], [0.009307474829256535, 0.019615210592746735, -0.9997642636299133, 1.4956398010253906], [0.5361739993095398, -0.8440282940864563, -0.011568092741072178, -1.12518310546875], [0.0, 0.0, 0.0, 1.0]], [[0.9480118155479431, 0.3182040750980377, -0.004455330315977335, -1.1331787109375], [-0.016357578337192535, 0.03474227339029312, -0.9992623925209045, 1.5618648529052734], [-0.3178146183490753, 0.9473854303359985, 0.03814113140106201, -0.1595458984375], [0.0, 0.0, 0.0, 1.0]], [[0.009449318051338196, 0.9995887875556946, 0.02707589417695999, -0.02862548828125], [-0.014109010808169842, 0.027207685634493828, -0.9995301961898804, 1.5664653778076172], [-0.9998558759689331, 0.009062894620001316, 0.014360303059220314, -0.067138671875], [0.0, 0.0, 0.0, 1.0]], [[-0.9237239360809326, 0.3829059898853302, 0.010819953866302967, 0.9701995849609375], [-0.009839835576713085, 0.0045181517489254475, -0.9999414086341858, 1.5457828044891357], [-0.3829323351383209, -0.9237762689590454, -0.0004057933110743761, -0.12091064453125], [0.0, 0.0, 0.0, 1.0]]], "view": [[0.0, -2.0, 100.0], [-2.0, 0.0, 100.0], [0.0, 0.0, 1.0]], "bev": "bev_b0b3a232afa747eaa58752ae2e50cad0.png", "aux": "aux_b0b3a232afa747eaa58752ae2e50cad0.npz", "visibility": "visibility_b0b3a232afa747eaa58752ae2e50cad0.png", "pose": [[-0.7563832402229309, -0.6541287899017334, 0.0, 721.8784790039062], [0.6541287899017334, -0.7563832402229309, 0.0, 595.1375122070312], [0.0, 0.0, 1.0, 0.0], [0.0, 0.0, 0.0, 1.0]], "pose_inverse": [[-0.7563832402229309, 0.6541287899017334, 0.0, 156.72019958496094], [-0.6541287899017334, -0.7563832402229309, 0.0, 922.353515625], [0.0, 0.0, 1.0, 0.0], [0.0, 0.0, 0.0, 1.0]], "cam_ids": [0, 1, 2, 3, 4, 5], "cam_channels": ["CAM_FRONT_LEFT", "CAM_FRONT", "CAM_FRONT_RIGHT", "CAM_BACK_LEFT", "CAM_BACK", "CAM_BACK_RIGHT"], "token": "b0b3a232afa747eaa58752ae2e50cad0", "scene": "scene-0913"}, {"images": ["samples/CAM_FRONT_LEFT/n008-2018-09-18-15-12-01-0400__CAM_FRONT_LEFT__1537298170154799.jpg", "samples/CAM_FRONT/n008-2018-09-18-15-12-01-0400__CAM_FRONT__1537298170162404.jpg", "samples/CAM_FRONT_RIGHT/n008-2018-09-18-15-12-01-0400__CAM_FRONT_RIGHT__1537298170170482.jpg", "samples/CAM_BACK_LEFT/n008-2018-09-18-15-12-01-0400__CAM_BACK_LEFT__1537298170197405.jpg", "samples/CAM_BACK/n008-2018-09-18-15-12-01-0400__CAM_BACK__1537298170187558.jpg", "samples/CAM_BACK_RIGHT/n008-2018-09-18-15-12-01-0400__CAM_BACK_RIGHT__1537298170178113.jpg"], "intrinsics": [[[1257.8625342125129, 0.0, 827.2410631095686], [0.0, 1257.8625342125129, 450.915498205774], [0.0, 0.0, 1.0]], [[1252.8131021185304, 0.0, 826.588114781398], [0.0, 1252.8131021185304, 469.9846626224581], [0.0, 0.0, 1.0]], [[1256.7485116440405, 0.0, 817.7887570959712], [0.0, 1256.7485116440403, 451.9541780095127], [0.0, 0.0, 1.0]], [[1254.9860565800168, 0.0, 829.5769333630991], [0.0, 1254.9860565800168, 467.1680561863987], [0.0, 0.0, 1.0]], [[796.8910634503094, 0.0, 857.7774326863696], [0.0, 796.8910634503094, 476.8848988407415], [0.0, 0.0, 1.0]], [[1249.9629280788233, 0.0, 825.3768045375984], [0.0, 1249.9629280788233, 462.54816385708756], [0.0, 0.0, 1.0]]], "extrinsics": [[[0.82280033826828, -0.5678864121437073, -0.022464297711849213, -0.65020751953125], [-0.004189029335975647, 0.03346581757068634, -0.9994310736656189, 1.4863510131835938], [0.5683151483535767, 0.8224263191223145, 0.025156790390610695, -1.0936279296875], [0.0, 0.0, 0.0, 1.0]], [[0.01079480443149805, -0.9995115995407104, -0.029327061027288437, 0.01312255859375], [-0.002259664935991168, 0.02930431067943573, -0.999567985534668, 1.4792518615722656], [0.9999391436576843, 0.010856354609131813, -0.001942225149832666, -1.381134033203125], [0.0, 0.0, 0.0, 1.0]], [[-0.843812882900238, -0.5364030599594116, -0.015861954540014267, 0.86029052734375], [0.005717501509934664, 0.020570050925016403, -0.9997720122337341, 1.4945793151855469], [0.536607027053833, -0.8437113165855408, -0.014290391467511654, -1.127197265625], [0.0, 0.0, 0.0, 1.0]], [[0.9478359222412109, 0.31867456436157227, -0.007324088830500841, -1.130615234375], [-0.01969534158706665, 0.03561605513095856, -0.9991714358329773, 1.5617561340332031], [-0.3181496858596802, 0.9471948146820068, 0.04003458097577095, -0.160888671875], [0.0, 0.0, 0.0, 1.0]], [[0.009202133864164352, 0.9995664358139038, 0.027971992269158363, -0.029296875], [-0.017587505280971527, 0.028130635619163513, -0.9994494915008545, 1.5660953521728516], [-0.9998029470443726, 0.008705053478479385, 0.017838742583990097, -0.0650787353515625], [0.0, 0.0, 0.0, 1.0]], [[-0.9238413572311401, 0.382502019405365, 0.014467520639300346, 0.97406005859375], [-0.013397938571870327, 0.005459934007376432, -0.9998953342437744, 1.545105218887329], [-0.3825409412384033, -0.923938512802124, 8.062493725446984e-05, -0.11834716796875], [0.0, 0.0, 0.0, 1.0]]], "view": [[0.0, -2.0, 100.0], [-2.0, 0.0, 100.0], [0.0, 0.0, 1.0]], "bev": "bev_d2bfb598a2104ed2ae695ff1dd9f38a1.png", "aux": "aux_d2bfb598a2104ed2ae695ff1dd9f38a1.npz", "visibility": "visibility_d2bfb598a2104ed2ae695ff1dd9f38a1.png", "pose": [[-0.7552492022514343, -0.6554377675056458, 0.0, 718.1632080078125], [0.6554377675056458, -0.7552492022514343, 0.0, 598.40625], [0.0, 0.0, 1.0, 0.0], [0.0, 0.0, 0.0, 1.0]], "pose_inverse": [[-0.7552492022514343, 0.6554377675056458, 0.0, 150.17413330078125], [-0.6554377675056458, -0.7552492022514343, 0.0, 922.6571044921875], [0.0, 0.0, 1.0, 0.0], [0.0, 0.0, 0.0, 1.0]], "cam_ids": [0, 1, 2, 3, 4, 5], "cam_channels": ["CAM_FRONT_LEFT", "CAM_FRONT", "CAM_FRONT_RIGHT", "CAM_BACK_LEFT", "CAM_BACK", "CAM_BACK_RIGHT"], "token": "d2bfb598a2104ed2ae695ff1dd9f38a1", "scene": "scene-0913"}, {"images": ["samples/CAM_FRONT_LEFT/n008-2018-09-18-15-12-01-0400__CAM_FRONT_LEFT__1537298170654799.jpg", "samples/CAM_FRONT/n008-2018-09-18-15-12-01-0400__CAM_FRONT__1537298170665053.jpg", "samples/CAM_FRONT_RIGHT/n008-2018-09-18-15-12-01-0400__CAM_FRONT_RIGHT__1537298170670482.jpg", "samples/CAM_BACK_LEFT/n008-2018-09-18-15-12-01-0400__CAM_BACK_LEFT__1537298170697405.jpg", "samples/CAM_BACK/n008-2018-09-18-15-12-01-0400__CAM_BACK__1537298170687558.jpg", "samples/CAM_BACK_RIGHT/n008-2018-09-18-15-12-01-0400__CAM_BACK_RIGHT__1537298170678113.jpg"], "intrinsics": [[[1257.8625342125129, 0.0, 827.2410631095686], [0.0, 1257.8625342125129, 450.915498205774], [0.0, 0.0, 1.0]], [[1252.8131021185304, 0.0, 826.588114781398], [0.0, 1252.8131021185304, 469.9846626224581], [0.0, 0.0, 1.0]], [[1256.7485116440405, 0.0, 817.7887570959712], [0.0, 1256.7485116440403, 451.9541780095127], [0.0, 0.0, 1.0]], [[1254.9860565800168, 0.0, 829.5769333630991], [0.0, 1254.9860565800168, 467.1680561863987], [0.0, 0.0, 1.0]], [[796.8910634503094, 0.0, 857.7774326863696], [0.0, 796.8910634503094, 476.8848988407415], [0.0, 0.0, 1.0]], [[1249.9629280788233, 0.0, 825.3768045375984], [0.0, 1249.9629280788233, 462.54816385708756], [0.0, 0.0, 1.0]]], "extrinsics": [[[0.8221956491470337, -0.56891930103302, -0.01803438365459442, -0.64056396484375], [-0.0009294081246480346, 0.03034159541130066, -0.9995391368865967, 1.487802505493164], [0.5692042112350464, 0.8218334913253784, 0.024417970329523087, -1.0843505859375], [0.0, 0.0, 0.0, 1.0]], [[0.009786381386220455, -0.9996089935302734, -0.026192761957645416, 0.0113525390625], [0.0010208917083218694, 0.02620399184525013, -0.999656081199646, 1.4804420471191406], [0.9999515414237976, 0.009756325744092464, 0.0012769346358254552, -1.394744873046875], [0.0, 0.0, 0.0, 1.0]], [[-0.8442525267601013, -0.5356737375259399, -0.01706436090171337, 0.85028076171875], [0.00910030584782362, 0.017507078126072884, -0.9998053312301636, 1.495635986328125], [0.535868227481842, -0.844243586063385, -0.009905602782964706, -1.122314453125], [0.0, 0.0, 0.0, 1.0]], [[0.9478580951690674, 0.31865760684013367, -0.004731825552880764, -1.1258544921875], [-0.01598818227648735, 0.032718006521463394, -0.9993367195129395, 1.561737060546875], [-0.31829148530960083, 0.9473050832748413, 0.03610678017139435, -0.16229248046875], [0.0, 0.0, 0.0, 1.0]], [[0.009469980373978615, 0.9996417164802551, 0.0250385068356990