[{"images": ["samples/CAM_FRONT_LEFT/n008-2018-07-26-12-13-50-0400__CAM_FRONT_LEFT__1532621974604799.jpg", "samples/CAM_FRONT/n008-2018-07-26-12-13-50-0400__CAM_FRONT__1532621974612404.jpg", "samples/CAM_FRONT_RIGHT/n008-2018-07-26-12-13-50-0400__CAM_FRONT_RIGHT__1532621974620482.jpg", "samples/CAM_BACK_LEFT/n008-2018-07-26-12-13-50-0400__CAM_BACK_LEFT__1532621974647405.jpg", "samples/CAM_BACK/n008-2018-07-26-12-13-50-0400__CAM_BACK__1532621974637558.jpg", "samples/CAM_BACK_RIGHT/n008-2018-07-26-12-13-50-0400__CAM_BACK_RIGHT__1532621974628113.jpg"], "intrinsics": [[[1257.8625342125129, 0.0, 827.2410631095686], [0.0, 1257.8625342125129, 450.915498205774], [0.0, 0.0, 1.0]], [[1252.8131021185304, 0.0, 826.588114781398], [0.0, 1252.8131021185304, 469.9846626224581], [0.0, 0.0, 1.0]], [[1256.7485116440405, 0.0, 817.7887570959712], [0.0, 1256.7485116440403, 451.9541780095127], [0.0, 0.0, 1.0]], [[1254.9860565800168, 0.0, 829.5769333630991], [0.0, 1254.9860565800168, 467.1680561863987], [0.0, 0.0, 1.0]], [[796.8910634503094, 0.0, 857.7774326863696], [0.0, 796.8910634503094, 476.8848988407415], [0.0, 0.0, 1.0]], [[1249.9629280788233, 0.0, 825.3768045375984], [0.0, 1249.9629280788233, 462.54816385708756], [0.0, 0.0, 1.0]]], "extrinsics": [[[0.8177071809768677, -0.5755659341812134, 0.008879543282091618, -0.83056640625], [0.02239939384162426, 0.016401294618844986, -0.9996145367622375, 1.4928970336914062], [0.5751984119415283, 0.8175908923149109, 0.026303783059120178, -1.21728515625], [0.0, 0.0, 0.0, 1.0]], [[0.003458147868514061, -0.9999169111251831, -0.012419415637850761, 0.010162353515625], [0.024378539994359016, 0.012500098906457424, -0.9996246695518494, 1.4843254089355469], [0.9996967911720276, 0.003154076635837555, 0.024419739842414856, -1.561767578125], [0.0, 0.0, 0.0, 1.0]], [[-0.8465873599052429, -0.5314271450042725, -0.02958296239376068, 0.978515625], [0.032410964369773865, 0.004005201626569033, -0.999466598033905, 1.4974136352539062], [0.5312621593475342, -0.8470946550369263, 0.013833311386406422, -1.20355224609375], [0.0, 0.0, 0.0, 1.0]], [[0.9478668570518494, 0.31839436292648315, 0.01317224744707346, -1.14013671875], [0.0071304854936897755, 0.020133813843131065, -0.9997718334197998, 1.5620689392089844], [-0.3185870051383972, 0.9477445483207703, 0.016813864931464195, -0.157470703125], [0.0, 0.0, 0.0, 1.0]], [[0.01128302700817585, 0.9998605251312256, 0.012318109162151814, -0.029632568359375], [0.009327725507318974, 0.012213113717734814, -0.9998818635940552, 1.5685291290283203], [-0.9998928904533386, 0.011396588757634163, -0.009188623167574406, -0.007568359375], [0.0, 0.0, 0.0, 1.0]], [[-0.92197185754776, 0.3869054317474365, -0.016496844589710236, 1.0692138671875], [0.013352329842746258, -0.010813858360052109, -0.9998523592948914, 1.5491466522216797], [-0.38702666759490967, -0.9220560789108276, 0.004803984425961971, -0.0792236328125], [0.0, 0.0, 0.0, 1.0]]], "view": [[0.0, -2.0, 100.0], [-2.0, 0.0, 100.0], [0.0, 0.0, 1.0]], "bev": "bev_8f09dd2acfe240858155f14cc1089d28.png", "aux": "aux_8f09dd2acfe240858155f14cc1089d28.npz", "visibility": "visibility_8f09dd2acfe240858155f14cc1089d28.png", "pose": [[-0.8773751258850098, 0.4798051118850708, 0.0, 1817.3963623046875], [-0.4798051118850708, -0.8773751258850098, 0.0, 1153.9588623046875], [0.0, 0.0, 1.0, 0.0], [0.0, 0.0, 0.0, 1.0]], "pose_inverse": [[-0.8773751258850098, -0.4798051118850708, 0.0, 2148.213623046875], [0.4798051118850708, -0.8773751258850098, 0.0, 140.45872497558594], [0.0, 0.0, 1.0, 0.0], [0.0, 0.0, 0.0, 1.0]], "cam_ids": [0, 1, 2, 3, 4, 5], "cam_channels": ["CAM_FRONT_LEFT", "CAM_FRONT", "CAM_FRONT_RIGHT", "CAM_BACK_LEFT", "CAM_BACK", "CAM_BACK_RIGHT"], "token": "8f09dd2acfe240858155f14cc1089d28", "scene": "scene-0209"}, {"images": ["samples/CAM_FRONT_LEFT/n008-2018-07-26-12-13-50-0400__CAM_FRONT_LEFT__1532621975104799.jpg", "samples/CAM_FRONT/n008-2018-07-26-12-13-50-0400__CAM_FRONT__1532621975112404.jpg", "samples/CAM_FRONT_RIGHT/n008-2018-07-26-12-13-50-0400__CAM_FRONT_RIGHT__1532621975120482.jpg", "samples/CAM_BACK_LEFT/n008-2018-07-26-12-13-50-0400__CAM_BACK_LEFT__1532621975147405.jpg", "samples/CAM_BACK/n008-2018-07-26-12-13-50-0400__CAM_BACK__1532621975137558.jpg", "samples/CAM_BACK_RIGHT/n008-2018-07-26-12-13-50-0400__CAM_BACK_RIGHT__1532621975128113.jpg"], "intrinsics": [[[1257.8625342125129, 0.0, 827.2410631095686], [0.0, 1257.8625342125129, 450.915498205774], [0.0, 0.0, 1.0]], [[1252.8131021185304, 0.0, 826.588114781398], [0.0, 1252.8131021185304, 469.9846626224581], [0.0, 0.0, 1.0]], [[1256.7485116440405, 0.0, 817.7887570959712], [0.0, 1256.7485116440403, 451.9541780095127], [0.0, 0.0, 1.0]], [[1254.9860565800168, 0.0, 829.5769333630991], [0.0, 1254.9860565800168, 467.1680561863987], [0.0, 0.0, 1.0]], [[796.8910634503094, 0.0, 857.7774326863696], [0.0, 796.8910634503094, 476.8848988407415], [0.0, 0.0, 1.0]], [[1249.9629280788233, 0.0, 825.3768045375984], [0.0, 1249.9629280788233, 462.54816385708756], [0.0, 0.0, 1.0]]], "extrinsics": [[[0.8190752863883972, -0.5734387636184692, 0.016847018152475357, -0.8074951171875], [0.02628249116241932, 0.008172980509698391, -0.9996211528778076, 1.4944725036621094], [0.573083758354187, 0.8192077279090881, 0.021765680983662605, -1.2022705078125], [0.0, 0.0, 0.0, 1.0]], [[0.005526409950107336, -0.9999769330024719, -0.003944736439734697, 0.01116943359375], [0.028672894462943077, 0.004101633559912443, -0.999580442905426, 1.4857559204101562], [0.9995735287666321, 0.005410943180322647, 0.028694897890090942, -1.5390625], [0.0, 0.0, 0.0, 1.0]], [[-0.8456105589866638, -0.5330120325088501, -0.02899925597012043, 0.9638671875], [0.03714562952518463, -0.0045623681508004665, -0.9992994070053101, 1.4987335205078125], [0.5325064659118652, -0.8460953831672668, 0.0236570555716753, -1.1937255859375], [0.0, 0.0, 0.0, 1.0]], [[0.9478124976158142, 0.3184422552585602, 0.01568785309791565, -1.1373291015625], [0.0128545630723238, 0.010996943339705467, -0.9998568892478943, 1.5621299743652344], [-0.31856924295425415, 0.9478784799575806, 0.006329601164907217, -0.15838623046875], [0.0, 0.0, 0.0, 1.0]], [[0.010703387670218945, 0.9999366402626038, 0.0035019374918192625, -0.029776334762573242], [0.0146457739174366, 0.0033449968323111534, -0.9998871088027954, 1.568929672241211], [-0.9998354911804199, 0.010753459297120571, -0.014609042555093765, -0.015625], [0.0, 0.0, 0.0, 1.0]], [[-0.922308623790741, 0.3856780230998993, -0.024480808526277542, 1.0572509765625], [0.018383443355560303, -0.019489871338009834, -0.9996410012245178, 1.5499038696289062], [-0.38601669669151306, -0.9224275350570679, 0.010885586962103844, -0.08404541015625], [0.0, 0.0, 0.0, 1.0]]], "view": [[0.0, -2.0, 100.0], [-2.0, 0.0, 100.0], [0.0, 0.0, 1.0]], "bev": "bev_43a54d98917943d9b198992bdf3595fe.png", "aux": "aux_43a54d98917943d9b198992bdf3595fe.npz", "visibility": "visibility_43a54d98917943d9b198992bdf3595fe.png", "pose": [[-0.8379350900650024, 0.5457699298858643, 0.0, 1815.2037353515625], [-0.5457699298858643, -0.8379350900650024, 0.0, 1152.6912841796875], [0.0, 0.0, 1.0, 0.0], [0.0, 0.0, 0.0, 1.0]], "pose_inverse": [[-0.8379350900650024, -0.5457699298858643, 0.0, 2150.127197265625], [0.5457699298858643, -0.8379350900650024, 0.0, -24.80310821533203], [0.0, 0.0, 1.0, 0.0], [0.0, 0.0, 0.0, 1.0]], "cam_ids": [0, 1, 2, 3, 4, 5], "cam_channels": ["CAM_FRONT_LEFT", "CAM_FRONT", "CAM_FRONT_RIGHT", "CAM_BACK_LEFT", "CAM_BACK", "CAM_BACK_RIGHT"], "token": "43a54d98917943d9b198992bdf3595fe", "scene": "scene-0209"}, {"images": ["samples/CAM_FRONT_LEFT/n008-2018-07-26-12-13-50-0400__CAM_FRONT_LEFT__1532621975604799.jpg", "samples/CAM_FRONT/n008-2018-07-26-12-13-50-0400__CAM_FRONT__1532621975612404.jpg", "samples/CAM_FRONT_RIGHT/n008-2018-07-26-12-13-50-0400__CAM_FRONT_RIGHT__1532621975620482.jpg", "samples/CAM_BACK_LEFT/n008-2018-07-26-12-13-50-0400__CAM_BACK_LEFT__1532621975647405.jpg", "samples/CAM_BACK/n008-2018-07-26-12-13-50-0400__CAM_BACK__1532621975637558.jpg", "samples/CAM_BACK_RIGHT/n008-2018-07-26-12-13-50-0400__CAM_BACK_RIGHT__1532621975628113.jpg"], "intrinsics": [[[1257.8625342125129, 0.0, 827.2410631095686], [0.0, 1257.8625342125129, 450.915498205774], [0.0, 0.0, 1.0]], [[1252.8131021185304, 0.0, 826.588114781398], [0.0, 1252.8131021185304, 469.9846626224581], [0.0, 0.0, 1.0]], [[1256.7485116440405, 0.0, 817.7887570959712], [0.0, 1256.7485116440403, 451.9541780095127], [0.0, 0.0, 1.0]], [[1254.9860565800168, 0.0, 829.5769333630991], [0.0, 1254.9860565800168, 467.1680561863987], [0.0, 0.0, 1.0]], [[796.8910634503094, 0.0, 857.7774326863696], [0.0, 796.8910634503094, 476.8848988407415], [0.0, 0.0, 1.0]], [[1249.9629280788233, 0.0, 825.3768045375984], [0.0, 1249.9629280788233, 462.54816385708756], [0.0, 0.0, 1.0]]], "extrinsics": [[[0.8212562799453735, -0.5703496336936951, 0.015469295904040337, -0.7845458984375], [0.023791970685124397, 0.007144363131374121, -0.999691367149353, 1.4945831298828125], [0.5700631141662598, 0.8213709592819214, 0.019437095150351524, -1.1851806640625], [0.0, 0.0, 0.0, 1.0]], [[0.008610008284449577, -0.9999594688415527, -0.002645723754540086, 0.01043701171875], [0.025773288682103157, 0.0028668579179793596, -0.9996637105941772, 1.4858055114746094], [0.9996308088302612, 0.008538962341845036, 0.02579692378640175, -1.515625], [0.0, 0.0, 0.0, 1.0]], [[-0.8444082140922546, -0.5350998044013977, -0.025357427075505257, 0.9482421875], [0.03381709009408951, -0.006004411727190018, -0.9994100332260132, 1.4988479614257812], [0.5346319079399109, -0.8447675108909607, 0.023165691643953323, -1.1845703125], [0.0, 0.0, 0.0, 1.0]], [[0.9478331208229065, 0.3185528814792633, 0.011677822098135948, -1.13427734375], [0.009232188574969769, 0.009186092764139175, -0.9999151825904846, 1.5621356964111328], [-0.31863316893577576, 0.9478605389595032, 0.005765943787992001, -0.15924072265625], [0.0, 0.0, 0.0, 1.0]], [[0.009751969948410988, 0.9999510645866394, 0.001652716426178813, -0.02911376953125], [0.01099266018718481, 0.0015454889507964253, -0.9999383687973022, 1.5688114166259766], [-0.9998920559883118, 0.009769611991941929, -0.010977051220834255, -0.02392578125], [0.0, 0.0, 0.0, 1.0]], [[-0.923082709312439, 0.38398006558418274, -0.021854232996702194, 1.0450439453125], [0.014878466725349426, -0.021128395572304726, -0.9996660947799683, 1.5497016906738281], [-0.38431358337402344, -0.9230996370315552, 0.013790221884846687, -0.08990478515625], [0.0, 0.0, 0.0, 1.0]]], "view": [[0.0, -2.0, 100.0], [-2.0, 0.0, 100.0], [0.0, 0.0, 1.0]], "bev": "bev_19baa6c7a6f247a5baf6555a6901db46.png", "aux": "aux_19baa6c7a6f247a5baf6555a6901db46.npz", "visibility": "visibility_19baa6c7a6f247a5baf6555a6901db46.png", "pose": [[-0.8173590302467346, 0.5761286616325378, 0.0, 1812.7833251953125], [-0.5761286616325378, -0.8173590302467346, 0.0, 1151.0994873046875], [0.0, 0.0, 1.0, 0.0], [0.0, 0.0, 0.0, 1.0]], "pose_inverse": [[-0.8173590302467346, -0.5761286616325378, 0.0, 2144.876220703125], [0.5761286616325378, -0.8173590302467346, 0.0, -103.5348129272461], [0.0, 0.0, 1.0, 0.0], [0.0, 0.0, 0.0, 1.0]], "cam_ids": [0, 1, 2, 3, 4, 5], "cam_channels": ["CAM_FRONT_LEFT", "CAM_FRONT", "CAM_FRONT_RIGHT", "CAM_BACK_LEFT", "CAM_BACK", "CAM_BACK_RIGHT"], "token": "19baa6c7a6f247a5baf6555a6901db46", "scene": "scene-0209"}, {"images": ["samples/CAM_FRONT_LEFT/n008-2018-07-26-12-13-50-0400__CAM_FRONT_LEFT__1532621976104799.jpg", "samples/CAM_FRONT/n008-2018-07-26-12-13-50-0400__CAM_FRONT__1532621976112404.jpg", "samples/CAM_FRONT_RIGHT/n008-2018-07-26-12-13-50-0400__CAM_FRONT_RIGHT__1532621976120482.jpg", "samples/CAM_BACK_LEFT/n008-2018-07-26-12-13-50-0400__CAM_BACK_LEFT__1532621976147405.jpg", "samples/CAM_BACK/n008-2018-07-26-12-13-50-0400__CAM_BACK__1532621976137558.jpg", "samples/CAM_BACK_RIGHT/n008-2018-07-26-12-13-50-0400__CAM_BACK_RIGHT__1532621976128113.jpg"], "intrinsics": [[[1257.8625342125129, 0.0, 827.2410631095686], [0.0, 1257.8625342125129, 450.915498205774], [0.0, 0.0, 1.0]], [[1252.8131021185304, 0.0, 826.588114781398], [0.0, 1252.8131021185304, 469.9846626224581], [0.0, 0.0, 1.0]], [[1256.7485116440405, 0.0, 817.7887570959712], [0.0, 1256.7485116440403, 451.9541780095127], [0.0, 0.0, 1.0]], [[1254.9860565800168, 0.0, 829.5769333630991], [0.0, 1254.9860565800168, 467.1680561863987], [0.0, 0.0, 1.0]], [[796.8910634503094, 0.0, 857.7774326863696], [0.0, 796.8910634503094, 476.8848988407415], [0.0, 0.0, 1.0]], [[1249.9629280788233, 0.0, 825.3768045375984], [0.0, 1249.9629280788233, 462.54816385708756], [0.0, 0.0, 1.0]]], "extrinsics": [[[0.8224970698356628, -0.5686821937561035, 0.009957335889339447, -0.750732421875], [0.019842490553855896, 0.011193666607141495, -0.999740481376648, 1.4943389892578125], [0.5684231519699097, 0.8224812150001526, 0.020490828901529312, -1.1622314453125], [0.0, 0.0, 0.0, 1.0]], [[0.010318063199520111, -0.9999244213104248, -0.0066882953979074955, 0.0110931396484375], [0.02147703431546688, 0.0069087170995771885, -0.9997454881668091, 1.4856109619140625], [0.99971604347229, 0.0101718008518219, 0.02154669351875782, -1.479736328125], [0.0, 0.0, 0.0, 1.0]], [[-0.8437921404838562, -0.5361525416374207, -0.023564832285046577, 0.9234619140625], [0.029163159430027008, -0.001963772112503648, -0.9995726943016052, 1.4988899230957031], [0.5358771681785583, -0.8441188335418701, 0.017292916774749756, -1.168701171875], [0.0, 0.0, 0.0, 1.0]], [[0.9478620886802673, 0.31860923767089844, 0.006757692433893681, -1.130126953125], [0.002863305388018489, 0.012689845636487007, -0.999915361404419, 1.5620827674865723], [-0.31866806745529175, 0.9478011727333069, 0.011115945875644684, -0.1610107421875], [0.0, 0.0, 0.0, 1.0]], [[0.009210369549691677, 0.9999431371688843, 0.005387263838201761, -0.0289306640625], [0.005331940017640591, 0.0053383051417768, -0.9999715089797974, 1.568495750427246], [-0.9999433755874634, 0.009238836355507374, -0.005282470025122166, -0.037841796875], [0.0, 0.0, 0.0, 1.0]], [[-0.9235644936561584, 0.38312259316444397, -0.015676917508244514, 1.0240478515625], [0.009840219281613827, -0.01718970760703087, -0.9998038411140442, 1.5492897033691406], [-0.38331690430641174, -0.9235374927520752, 0.012105793692171574, -0.0986328125], [0.0, 0.0, 0.0, 1.0]]], "view": [[0.0, -2.0, 100.0], [-2.0, 0.0, 100.0], [0.0, 0.0, 1.0]], "bev": "bev_81ad7d4a65f4476498ee35745365e57f.png", "aux": "aux_81ad7d4a65f4476498ee35745365e57f.npz", "visibility": "visibility_81ad7d4a65f4476498ee35745365e57f.png", "pose": [[-0.8119837045669556, 0.5836800932884216, 0.0, 1810.157958984375], [-0.5836800932884216, -0.8119837045669556, 0.0, 1149.27294921875], [0.0, 0.0, 1.0, 0.0], [0.0, 0.0, 0.0, 1.0]], "pose_inverse": [[-0.8119837045669556, -0.5836800932884216, 0.0, 2140.62646484375], [0.5836800932884216, -0.8119837045669556, 0.0, -123.3623046875], [0.0, 0.0, 1.0, 0.0], [0.0, 0.0, 0.0, 1.0]], "cam_ids": [0, 1, 2, 3, 4, 5], "cam_channels": ["CAM_FRONT_LEFT", "CAM_FRONT", "CAM_FRONT_RIGHT", "CAM_BACK_LEFT", "CAM_BACK", "CAM_BACK_RIGHT"], "token": "81ad7d4a65f4476498ee35745365e57f", "scene": "scene-0209"}, {"images": ["samples/CAM_FRONT_LEFT/n008-2018-07-26-12-13-50-0400__CAM_FRONT_LEFT__1532621976604799.jpg", "samples/CAM_FRONT/n008-2018-07-26-12-13-50-0400__CAM_FRONT__1532621976612404.jpg", "samples/CAM_FRONT_RIGHT/n008-2018-07-26-12-13-50-0400__CAM_FRONT_RIGHT__1532621976620482.jpg", "samples/CAM_BACK_LEFT/n008-2018-07-26-12-13-50-0400__CAM_BACK_LEFT__1532621976647405.jpg", "samples/CAM_BACK/n008-2018-07-26-12-13-50-0400__CAM_BACK__1532621976637558.jpg", "samples/CAM_BACK_RIGHT/n008-2018-07-26-12-13-50-0400__CAM_BACK_RIGHT__1532621976628113.jpg"], "intrinsics": [[[1257.8625342125129, 0.0, 827.2410631095686], [0.0, 1257.8625342125129, 450.915498205774], [0.0, 0.0, 1.0]], [[1252.8131021185304, 0.0, 826.588114781398], [0.0, 1252.8131021185304, 469.9846626224581], [0.0, 0.0, 1.0]], [[1256.7485116440405, 0.0, 817.7887570959712], [0.0, 1256.7485116440403, 451.9541780095127], [0.0, 0.0, 1.0]], [[1254.9860565800168, 0.0, 829.5769333630991], [0.0, 1254.9860565800168, 467.1680561863987], [0.0, 0.0, 1.0]], [[796.8910634503094, 0.0, 857.7774326863696], [0.0, 796.8910634503094, 476.8848988407415], [0.0, 0.0, 1.0]], [[1249.9629280788233, 0.0, 825.3768045375984], [0.0, 1249.9629280788233, 462.54816385708756], [0.0, 0.0, 1.0]]], "extrinsics": [[[0.8227159380912781, -0.568446934223175, 0.0025773467496037483, -0.7376708984375], [0.00612470181658864, 0.004330425523221493, -0.9999718070030212, 1.4902687072753906], [0.5684197545051575, 0.8227086067199707, 0.007044276222586632, -1.1512451171875], [0.0, 0.0, 0.0, 1.0]], [[0.010536931455135345, -0.9999445080757141, 6.30969152553007e-05, 0.0101470947265625], [0.007908036932349205, 2.0232882889104076e-05, -0.9999687671661377, 1.4822864532470703], [0.9999131560325623, 0.010537181980907917, 0.007907810620963573, -1.466064453125], [0.0, 0.0, 0.0, 1.0]], [[-0.8438507318496704, -0.5365101099014282, -0.00853052083402872, 0.9139404296875], [0.015750957652926445, -0.00887649692595005, -0.9998365044593811, 1.4963874816894531], [0.5363467335700989, -0.8438472151756287, 0.015940988436341286, -1.163818359375], [0.0, 0.0, 0.0, 1.0]], [[0.9478553533554077, 0.31860944628715515, -0.007628295104950666, -1.1302490234375], [-0.009959959425032139, 0.005689744371920824, -0.999934196472168, 1.561899185180664], [-0.3185451328754425, 0.9478690028190613, 0.008566392585635185, -0.1607666015625], [0.0, 0.0, 0.0, 1.0]], [[0.009073368273675442, 0.9999575018882751, -0.0016558198258280754, -0.0286712646484375], [-0.0076736267656087875, -0.0015862098662182689, -0.9999692440032959, 1.5674009323120117], [-0.9999293684959412, 0.009085756726562977, 0.007658907677978277, -0.041748046875], [0.0, 0.0, 0.0, 1.0]], [[-0.9238278269767761, 0.38275831937789917, -0.0061774663627147675, 1.0172119140625], [-0.003306099446490407, -0.024114178493618965, -0.9997037053108215, 1.5473213195800781], [-0.3827939033508301, -0.9235337376594543, 0.02354278601706028, -0.10211181640625], [0.0, 0.0, 0.0, 1.0]]], "view": [[0.0, -2.0, 100.0], [-2.0, 0.0, 100.0], [0.0, 0.0, 1.0]], "bev": "bev_095484b468fa48deab6dce7616d3aa4a.png", "aux": "aux_095484b468fa48deab6dce7616d3aa4a.npz", "visibility": "visibility_095484b468fa48deab6dce7616d3aa4a.png", "pose": [[-0.8107557892799377, 0.5853844881057739, 0.0, 1807.2730712890625], [-0.5853844881057739, -0.8107557892799377, 0.0, 1147.2354736328125], [0.0, 0.0, 1.0, 0.0], [0.0, 0.0, 0.0, 1.0]], "pose_inverse": [[-0.8107557892799377, -0.5853844881057739, 0.0, 2136.8310546875], [0.5853844881057739, -0.8107557892799377, 0.0, -127.82183074951172], [0.0, 0.0, 1.0, 0.0], [0.0, 0.0, 0.0, 1.0]], "cam_ids": [0, 1, 2, 3, 4, 5], "cam_channels": ["CAM_FRONT_LEFT", "CAM_FRONT", "CAM_FRONT_RIGHT", "CAM_BACK_LEFT", "CAM_BACK", "CAM_BACK_RIGHT"], "token": "095484b468fa48deab6dce7616d3aa4a", "scene": "scene-0209"}, {"images": ["samples/CAM_FRONT_LEFT/n008-2018-07-26-12-13-50-0400__CAM_FRONT_LEFT__1532621977104799.jpg", "samples/CAM_FRONT/n008-2018-07-26-12-13-50-0400__CAM_FRONT__1532621977112404.jpg", "samples/CAM_FRONT_RIGHT/n008-2018-07-26-12-13-50-0400__CAM_FRONT_RIGHT__1532621977120482.jpg", "samples/CAM_BACK_LEFT/n008-2018-07-26-12-13-50-0400__CAM_BACK_LEFT__1532621977147405.jpg", "samples/CAM_BACK/n008-2018-07-26-12-13-50-0400__CAM_BACK__1532621977137558.jpg", "samples/CAM_BACK_RIGHT/n008-2018-07-26-12-13-50-0400__CAM_BACK_RIGHT__1532621977128113.jpg"], "intrinsics": [[[1257.8625342125129, 0.0, 827.2410631095686], [0.0, 1257.8625342125129, 450.915498205774], [0.0, 0.0, 1.0]], [[1252.8131021185304, 0.0, 826.588114781398], [0.0, 1252.8131021185304, 469.9846626224581], [0.0, 0.0, 1.0]], [[1256.7485116440405, 0.0, 817.7887570959712], [0.0, 1256.7485116440403, 451.9541780095127], [0.0, 0.0, 1.0]], [[1254.9860565800168, 0.0, 829.5769333630991], [0.0, 1254.9860565800168, 467.1680561863987], [0.0, 0.0, 1.0]], [[796.8910634503094, 0.0, 857.7774326863696], [0.0, 796.8910634503094, 476.8848988407415], [0.0, 0.0, 1.0]], [[1249.9629280788233, 0.0, 825.3768045375984], [0.0, 1249.9629280788233, 462.54816385708756], [0.0, 0.0, 1.0]]], "extrinsics": [[[0.8239206075668335, -0.5666992664337158, 0.0026166082825511694, -0.71142578125], [-6.023250170983374e-05, -0.00470479903742671, -0.9999889731407166, 1.4882923364639282], [0.5667052865028381, 0.8239113092422485, -0.003910514060407877, -1.1358642578125], [0.0, 0.0, 0.0, 1.0]], [[0.012318789958953857, -0.9998840689659119, 0.008945779874920845, 0.011871337890625], [0.0018768616719171405, -0.008923322893679142, -0.9999584555625916, 1.4807486534118652], [0.9999223351478577, 0.012334947474300861, 0.0017667216015979648, -1.438720703125], [0.0, 0.0, 0.0, 1.0]], [[-0.8431114554405212, -0.5377375483512878, 0.001188876572996378, 0.89404296875], [0.00988827645778656, -0.0177141223102808, -0.9997941255569458, 1.4954261779785156], [0.5376479029655457, -0.8429261445999146, 0.020252276211977005, -1.149658203125], [0.0, 0.0, 0.0, 1.0]], [[0.9477487206459045, 0.31864258646965027, -0.015464091673493385, -1.12451171875], [-0.01535815093666315, -0.0028449983801692724, -0.9998780488967896, 1.5617313385009766], [-0.3186478018760681, 0.947870671749115, 0.0021974199917167425, -0.16278076171875], [0.0, 0.0, 0.0, 1.0]], [[0.008412192575633526, 0.9999107122421265, -0.010380178689956665, -0.02886962890625], [-0.01339920237660408, -0.010266898199915886, -0.999857485294342, 1.5667304992675781], [-0.9998748302459717, 0.008550007827579975, 0.013311640359461308, -0.055419921875], [0.0, 0.0, 0.0, 1.0]], [[-0.9242764115333557, 0.3817015588283539, -0.004122025333344936, 0.9971923828125], [-0.009123748168349266, -0.03288561478257179, -0.9994174838066101, 1.5462493896484375], [-0.38161471486091614, -0.9237003326416016, 0.03387794643640518, -0.10968017578125], [0.0, 0.0, 0.0, 1.0]]], "view": [[0.0, -2.0, 100.0], [-2.0, 0.0, 100.0], [0.0, 0.0, 1.0]], "bev": "bev_189ba25c40fd4878a579e3e9c358f119.png", "aux": "aux_189ba25c40fd4878a579e3e9c358f119.npz", "visibility": "visibility_189ba25c40fd4878a579e3e9c358f119.png", "pose": [[-0.8199408650398254, 0.572448194026947, 0.0, 1804.1202392578125], [-0.572448194026947, -0.8199408650398254, 0.0, 1145.02783203125], [0.0, 0.0, 1.0, 0.0], [0.0, 0.0, 0.0, 1.0]], "pose_inverse": [[-0.8199408650398254, -0.572448194026947, 0.0, 2134.740966796875], [0.572448194026947, -0.8199408650398254, 0.0, -93.91024780273438], [0.0, 0.0, 1.0, 0.0], [0.0, 0.0, 0.0, 1.0]], "cam_ids": [0, 1, 2, 3, 4, 5], "cam_channels": ["CAM_FRONT_LEFT", "CAM_FRONT", "CAM_FRONT_RIGHT", "CAM_BACK_LEFT", "CAM_BACK", "CAM_BACK_RIGHT"], "token": "189ba25c40fd4878a579e3e9c358f119", "scene": "scene-0209"}, {"images": ["samples/CAM_FRONT_LEFT/n008-2018-07-26-12-13-50-0400__CAM_FRONT_LEFT__1532621977604799.jpg", "samples/CAM_FRONT/n008-2018-07-26-12-13-50-0400__CAM_FRONT__1532621977612404.jpg", "samples/CAM_FRONT_RIGHT/n008-2018-07-26-12-13-50-0400__CAM_FRONT_RIGHT__1532621977620482.jpg", "samples/CAM_BACK_LEFT/n008-2018-07-26-12-13-50-0400__CAM_BACK_LEFT__1532621977647405.jpg", "samples/CAM_BACK/n008-2018-07-26-12-13-50-0400__CAM_BACK__1532621977637558.jpg", "samples/CAM_BACK_RIGHT/n008-2018-07-26-12-13-50-0400__CAM_BACK_RIGHT__1532621977628113.jpg"], "intrinsics": [[[1257.8625342125129, 0.0, 827.2410631095686], [0.0, 1257.8625342125129, 450.915498205774], [0.0, 0.0, 1.0]], [[1252.8131021185304, 0.0, 826.588114781398], [0.0, 1252.8131021185304, 469.9846626224581], [0.0, 0.0, 1.0]], [[1256.7485116440405, 0.0, 817.7887570959712], [0.0, 1256.7485116440403, 451.9541780095127], [0.0, 0.0, 1.0]], [[1254.9860565800168, 0.0, 829.5769333630991], [0.0, 1254.9860565800168, 467.1680561863987], [0.0, 0.0, 1.0]], [[796.8910634503094, 0.0, 857.7774326863696], [0.0, 796.8910634503094, 476.8848988407415], [0.0, 0.0, 1.0]], [[1249.9629280788233, 0.0, 825.3768045375984], [0.0, 1249.9629280788233, 462.54816385708756], [0.0, 0.0, 1.0]]], "extrinsics": [[[0.8232429623603821, -0.5676280856132507, 0.00833067949861288, -0.693115234375], [0.0027445920277386904, -0.010694862343370914, -0.9999390244483948, 1.4893574714660645], [0.5676825642585754, 0.8232157230377197, -0.007246563211083412, -1.1214599609375], [0.0, 0.0, 0.0, 1.0]], [[0.011255375109612942, -0.9998252987861633, 0.014920791611075401, 0.01079559326171875], [0.004837332293391228, -0.01486712135374546, -0.9998778104782104, 1.4817123413085938], [0.9999249577522278, 0.011326227337121964, 0.00466915313154459, -1.421142578125], [0.0, 0.0, 0.0, 1.0]], [[-0.843591570854187, -0.5369827747344971, 0.0017073217313736677, 0.8843994140625], [0.013007575646042824, -0.023613015189766884, -0.9996365308761597, 1.4963016510009766], [0.5368279218673706, -0.8432627320289612, 0.026904582977294922, -1.1446533203125], [0.0, 0.0, 0.0, 1.0]], [[0.9477883577346802, 0.31857845187187195, -0.01432105153799057, -1.1256103515625], [-0.012295982800424099, -0.008366793394088745, -0.9998893737792969, 1.5618095397949219], [-0.3186631202697754, 0.947859525680542, -0.0040127127431333065, -0.16229248046875], [0.0, 0.0, 0.0, 1.0]], [[0.008825881406664848, 0.9998322129249573, -0.016057297587394714, -0.02838134765625], [-0.010136947967112064, -0.015967637300491333, -0.9998210668563843, 1.5670356750488281], [-0.9999096393585205, 0.008987067267298698, 0.009994317777454853, -0.057373046875], [0.0, 0.0, 0.0, 1.0]], [[-0.9239698052406311, 0.38235199451446533, -0.009312518872320652, 0.99267578125], [-0.0059498087503015995, -0.03871515765786171, -0.9992325305938721, 1.5467634201049805], [-0.38241907954216003, -0.9232053756713867, 0.03804655745625496, -0.1123046875], [0.0, 0.0, 0.0, 1.0]]], "view": [[0.0, -2.0, 100.0], [-2.0, 0.0, 100.0], [0.0, 0.0, 1.0]], "bev": "bev_0208a2dbcfaa444db313d4a96ba42b2b.png", "aux": "aux_0208a2dbcfaa444db313d4a96ba42b2b.npz", "visibility": "visibility_0208a2dbcfaa444db313d4a96ba42b2b.png", "pose": [[-0.8281393647193909, 0.5605222582817078, 0.0, 1800.7174072265625], [-0.5605222582817078, -0.8281393647193909, 0.0, 1142.7288818359375], [0.0, 0.0, 1.0, 0.0], [0.0, 0.0, 0.0, 1.0]], "pose_inverse": [[-0.8281393647193909, -0.5605222582817078, 0.0, 2131.77001953125], [0.5605222582817078, -0.8281393647193909, 0.0, -63.003482818603516], [0.0, 0.0, 1.0, 0.0], [0.0, 0.0, 0.0, 1.0]], "cam_ids": [0, 1, 2, 3, 4, 5], "cam_channels": ["CAM_FRONT_LEFT", "CAM_FRONT", "CAM_FRONT_RIGHT", "CAM_BACK_LEFT", "CAM_BACK", "CAM_BACK_RIGHT"], "token": "0208a2dbcfaa444db313d4a96ba42b2b", "scene": "scene-0209"}, {"images": ["samples/CAM_FRONT_LEFT/n008-2018-07-26-12-13-50-0400__CAM_FRONT_LEFT__1532621978104799.jpg", "samples/CAM_FRONT/n008-2018-07-26-12-13-50-0400__CAM_FRONT__1532621978112404.jpg", "samples/CAM_FRONT_RIGHT/n008-2018-07-26-12-13-50-0400__CAM_FRONT_RIGHT__1532621978120482.jpg", "samples/CAM_BACK_LEFT/n008-2018-07-26-12-13-50-0400__CAM_BACK_LEFT__1532621978147405.jpg", "samples/CAM_BACK/n008-2018-07-26-12-13-50-0400__CAM_BACK__1532621978137558.jpg", "samples/CAM_BACK_RIGHT/n008-2018-07-26-12-13-50-0400__CAM_BACK_RIGHT__1532621978128113.jpg"], "intrinsics": [[[1257.8625342125129, 0.0, 827.2410631095686], [0.0, 1257.8625342125129, 450.915498205774], [0.0, 0.0, 1.0]], [[1252.8131021185304, 0.0, 826.588114781398], [0.0, 1252.8131021185304, 469.9846626224581], [0.0, 0.0, 1.0]], [[1256.7485116440405, 0.0, 817.7887570959712], [0.0, 1256.7485116440403, 451.9541780095127], [0.0, 0.0, 1.0]], [[1254.9860565800168, 0.0, 829.5769333630991], [0.0, 1254.9860565800168, 467.1680561863987], [0.0, 0.0, 1.0]], [[796.8910634503094, 0.0, 857.7774326863696], [0.0, 796.8910634503094, 476.8848988407415], [0.0, 0.0, 1.0]], [[1249.9629280788233, 0.0, 825.3768045375984], [0.0, 1249.9629280788233, 462.54816385708756], [0.0, 0.0, 1.0]]], "extrinsics": [[[0.8215674757957458, -0.5700308084487915, 0.009580998681485653, -0.6878662109375], [0.004474888555705547, -0.010357272811233997, -0.9999363422393799, 1.490025520324707], [0.5700936913490295, 0.8215579986572266, -0.005958375986665487, -1.11376953125], [0.0, 0.0, 0.0, 1.0]], [[0.008749977685511112, -0.999856173992157, 0.01452623587101698, 0.0081329345703125], [0.0063498979434370995, -0.014470943249762058, -0.9998751282691956, 1.4822025299072266], [0.9999415874481201, 0.008841096423566341, 0.006222364027053118, -1.413818359375], [0.0, 0.0, 0.0, 1.0]], [[-0.8446846604347229, -0.5352641344070435, 0.0003324309946037829, 0.877197265625], [0.01428275741636753, -0.02316003106534481, -0.9996297359466553, 1.4966697692871094], [0.5350735783576965, -0.8443671464920044, 0.02720797061920166, -1.142578125], [0.0, 0.0, 0.0, 1.0]], [[0.9478588700294495, 0.3184140622615814, -0.013269195333123207, -1.122314453125], [-0.011429663747549057, -0.007644863799214363, -0.9999054670333862, 1.5617809295654297], [-0.31848540902137756, 0.9479208588600159, -0.0036068842746317387, -0.1632080078125], [0.0, 0.0, 0.0, 1.0]], [[0.009760051034390926, 0.9998342394828796, -0.015373592264950275, -0.02756500244140625], [-0.009118519723415375, -0.015284695662558079, -0.999841570854187, 1.5670833587646484], [-0.999910831451416, 0.009898695163428783, 0.008967829868197441, -0.062255859375], [0.0, 0.0, 0.0, 1.0]], [[-0.9233396649360657, 0.3838498592376709, -0.010154173709452152, 0.98779296875], [-0.004860897082835436, -0.03812670335173607, -0.9992610812187195, 1.5468850135803223], [-0.38395336270332336, -0.9226080179214478, 0.03706974908709526, -0.1160888671875], [0.0, 0.0, 0.0, 1.0]]], "view": [[0.0, -2.0, 100.0], [-2.0, 0.0, 100.0], [0.0, 0.0, 1.0]], "bev": "bev_ee5472f52a8941beb788b730b3a2135e.png", "aux": "aux_ee5472f52a8941beb788b730b3a2135e.npz", "visibility": "visibility_ee5472f52a8941beb788b730b3a2135e.png", "pose": [[-0.8262125253677368, 0.5633585453033447, 0.0, 1797.1627197265625], [-0.5633585453033447, -0.8262125253677368, 0.0, 1140.3514404296875], [0.0, 0.0, 1.0, 0.0], [0.0, 0.0, 0.0, 1.0]], "pose_inverse": [[-0.8262125253677368, -0.5633585453033447, 0.0, 2127.26513671875], [0.5633585453033447, -0.8262125253677368, 0.0, -70.27428436279297], [0.0, 0.0, 1.0, 0.0], [0.0, 0.0, 0.0, 1.0]], "cam_ids": [0, 1, 2, 3, 4, 5], "cam_channels": ["CAM_FRONT_LEFT", "CAM_FRONT", "CAM_FRONT_RIGHT", "CAM_BACK_LEFT", "CAM_BACK", "CAM_BACK_RIGHT"], "token": "ee5472f52a8941beb788b730b3a2135e", "scene": "scene-0209"}, {"images": ["samples/CAM_FRONT_LEFT/n008-2018-07-26-12-13-50-0400__CAM_FRONT_LEFT__1532621978604799.jpg", "samples/CAM_FRONT/n008-2018-07-26-12-13-50-0400__CAM_FRONT__1532621978612404.jpg", "samples/CAM_FRONT_RIGHT/n008-2018-07-26-12-13-50-0400__CAM_FRONT_RIGHT__1532621978620482.jpg", "samples/CAM_BACK_LEFT/n008-2018-07-26-12-13-50-0400__CAM_BACK_LEFT__1532621978647405.jpg", "samples/CAM_BACK/n008-2018-07-26-12-13-50-0400__CAM_BACK__1532621978637558.jpg", "samples/CAM_BACK_RIGHT/n008-2018-07-26-12-13-50-0400__CAM_BACK_RIGHT__1532621978628113.jpg"], "intrinsics": [[[1257.8625342125129, 0.0, 827.2410631095686], [0.0, 1257.8625342125129, 450.915498205774], [0.0, 0.0, 1.0]], [[1252.8131021185304, 0.0, 826.588114781398], [0.0, 1252.8131021185304, 469.9846626224581], [0.0, 0.0, 1.0]], [[1256.7485116440405, 0.0, 817.7887570959712], [0.0, 1256.7485116440403, 451.9541780095127], [0.0, 0.0, 1.0]], [[1254.9860565800168, 0.0, 829.5769333630991], [0.0, 1254.9860565800168, 467.1680561863987], [0.0, 0.0, 1.0]], [[796.8910634503094, 0.0, 857.7774326863696], [0.0, 796.8910634503094, 476.8848988407415], [0.0, 0.0, 1.0]], [[1249.9629280788233, 0.0, 825.3768045375984], [0.0, 1249.9629280788233, 462.54816385708756], [0.0, 0.0, 1.0]]], "extrinsics": [[[0.8202731609344482, -0.5719163417816162, 0.007972544990479946, -0.6947021484375], [0.007290288805961609, -0.0034834719263017178, -0.9999673366546631, 1.491053581237793], [0.5719254612922668, 0.8203046321868896, 0.001312036532908678, -1.1163330078125], [0.0, 0.0, 0.0, 1.0]], [[0.006980793550610542, -0.9999455213546753, 0.007755243219435215, 0.00689697265625], [0.00936046615242958, -0.00768975168466568, -0.9999266266822815, 1.4830856323242188], [0.9999318718910217, 0.007052845787256956, 0.009306278079748154, -1.423095703125], [0.0, 0.0, 0.0, 1.0]], [[-0.8453583121299744, -0.5341660976409912, -0.005979708395898342, 0.8863525390625], [0.017490645870566368, -0.01648903079330921, -0.9997110366821289, 1.4972801208496094], [0.5339131355285645, -0.8452187180519104, 0.02328205108642578, -1.1492919921875], [0.0, 0.0, 0.0, 1.0]], [[0.9478912353515625, 0.3184835612773895, -0.008397188037633896, -1.1334228515625], [-0.008335171267390251, -0.0015575391007587314, -0.9999640583992004, 1.5619497299194336], [-0.3184851109981537, 0.9479271173477173, 0.0011782398214563727, -0.15960693359375], [0.0, 0.0, 0.0, 1.0]], [[0.010216465219855309, 0.9999068975448608, -0.00904798787087202, -0.02756500244140625], [-0.006074065342545509, -0.008986237458884716, -0.9999411702156067, 1.5674829483032227], [-0.9999293684959412, 0.01027077715843916, 0.005981692112982273, -0.050048828125], [0.0, 0.0, 0.0, 1.0]], [[-0.9229881167411804, 0.3846852481365204, -0.010494856163859367, 0.999755859375], [-0.001800058875232935, -0.03158695250749588, -0.9994993805885315, 1.5474865436553955], [-0.3848241865634918, -0.9225072264671326, 0.029846835881471634, -0.11126708984375], [0.0, 0.0, 0.0, 1.0]]], "view": [[0.0, -2.0, 100.0], [-2.0, 0.0, 100.0], [0.0, 0.0, 1.0]], "bev": "bev_54b604bbb7c84209a9cf33a951d5b77f.png", "aux": "aux_54b604bbb7c84209a9cf33a951d5b77f.npz", "visibility": "visibility_54b604bbb7c84209a9cf33a951d5b77f.png", "pose": [[-0.8090011477470398, 0.5878070592880249, 0.0, 1793.6287841796875], [-0.5878070592880249, -0.8090011477470398, 0.0, 1137.887939453125], [0.0, 0.0, 1.0, 0.0], [0.0, 0.0, 0.0, 1.0]], "pose_inverse": [[-0.8090011477470398, -0.5878070592880249, 0.0, 2119.90625], [0.5878070592880249, -0.8090011477470398, 0.0, -133.75503540039062], [0.0, 0.0, 1.0, 0.0], [0.0, 0.0, 0.0, 1.0]], "cam_ids": [0, 1, 2, 3, 4, 5], "cam_channels": ["CAM_FRONT_LEFT", "CAM_FRONT", "CAM_FRONT_RIGHT", "CAM_BACK_LEFT", "CAM_BACK", "CAM_BACK_RIGHT"], "token": "54b604bbb7c84209a9cf33a951d5b77f", "scene": "scene-0209"}, {"images": ["samples/CAM_FRONT_LEFT/n008-2018-07-26-12-13-50-0400__CAM_FRONT_LEFT__1532621979104799.jpg", "samples/CAM_FRONT/n008-2018-07-26-12-13-50-0400__CAM_FRONT__1532621979112404.jpg", "samples/CAM_FRONT_RIGHT/n008-2018-07-26-12-13-50-0400__CAM_FRONT_RIGHT__1532621979120482.jpg", "samples/CAM_BACK_LEFT/n008-2018-07-26-12-13-50-0400__CAM_BACK_LEFT__1532621979147405.jpg", "samples/CAM_BACK/n008-2018-07-26-12-13-50-0400__CAM_BACK__1532621979137558.jpg", "samples/CAM_BACK_RIGHT/n008-2018-07-26-12-13-50-0400__CAM_BACK_RIGHT__1532621979128113.jpg"], "intrinsics": [[[1257.8625342125129, 0.0, 827.2410631095686], [0.0, 1257.8625342125129, 450.915498205774], [0.0, 0.0, 1.0]], [[1252.8131021185304, 0.0, 826.588114781398], [0.0, 1252.8131021185304, 469.9846626224581], [0.0, 0.0, 1.0]], [[1256.7485116440405, 0.0, 817.7887570959712], [0.0, 1256.7485116440403, 451.9541780095127], [0.0, 0.0, 1.0]], [[1254.9860565800168, 0.0, 829.5769333630991], [0.0, 1254.9860565800168, 467.1680561863987], [0.0, 0.0, 1.0]], [[796.8910634503094, 0.0, 857.7774326863696], [0.0, 796.8910634503094, 476.8848988407415], [0.0, 0.0, 1.0]], [[1249.9629280788233, 0.0, 825.3768045375984], [0.0, 1249.9629280788233, 462.54816385708756], [0.0, 0.0, 1.0]]], "extrinsics": [[[0.8202184438705444, -0.5719190835952759, 0.012266860343515873, -0.6961669921875], [0.011930960230529308, -0.004336065147072077, -0.9999193549156189, 1.4927806854248047], [0.5719261765480042, 0.8202986717224121, 0.003267020918428898, -1.1199951171875], [0.0, 0.0, 0.0, 1.0]], [[0.006998021155595779, -0.9999386072158813, 0.008587710559368134, 0.008941650390625], [0.013968531973659992, -0.008489332161843777, -0.9998664259910583, 1.4844722747802734], [0.9998778700828552, 0.007116999011486769, 0.013908266089856625, -1.427001953125], [0.0, 0.0, 0.0, 1.0]], [[-0.8452422022819519, -0.5342997908592224, -0.009454210288822651, 0.8916015625], [0.022073132917284966, -0.01723121851682663, -0.9996078014373779, 1.4982986450195312], [0.5339274406433105, -0.8451194763183594, 0.02635822258889675, -1.150634765625], [0.0, 0.0, 0.0, 1.0]], [[0.947869598865509, 0.31863918900489807, -0.0035219662822782993, -1.1416015625], [-0.0030354124028235674, -0.002023506909608841, -0.9999933242797852, 1.5620379447937012], [-0.3186441957950592, 0.9478739500045776, -0.0009508190560154617, -0.15679931640625], [0.0, 0.0, 0.0, 1.0]], [[0.010066033340990543, 0.9999032616615295, -0.009606711566448212, -0.0283660888671875], [-0.0009559722384437919, -0.009597569704055786, -0.9999534487724304, 1.567984700202942], [-0.9999488592147827, 0.010074751451611519, 0.0008592685917392373, -0.04248046875], [0.0, 0.0, 0.0, 1.0]], [[-0.9230133891105652, 0.38446563482284546, -0.015250143595039845, 1.0047607421875], [0.0030654272995889187, -0.03228557109832764, -0.9994739890098572, 1.5483512878417969], [-0.3847557604312897, -0.922574520111084, 0.028621463105082512, -0.1077880859375], [0.0, 0.0, 0.0, 1.0]]], "view": [[0.0, -2.0, 100.0], [-2.0, 0.0, 100.0], [0.0, 0.0, 1.0]], "bev": "bev_5a9924b3c13840c8924dcf0f39be6e29.png", "aux": "aux_5a9924b3c13840c8924dcf0f39be6e29.npz", "visibility": "visibility_5a9924b3c13840c8924dcf0f39be6e29.png", "pose": [[-0.7804808616638184, 0.6251797080039978, 0.0, 1790.1796875], [-0.6251797080039978, -0.7804808616638184, 0.0, 1135.2646484375], [0.0, 0.0, 1.0, 0.0], [0.0, 0.0, 0.0, 1.0]], "pose_inverse": [[-0.7804808616638184, -0.6251797080039978, 0.0, 2106.9453125], [0.6251797080039978, -0.7804808616638184, 0.0, -233.1316375732422], [0.0, 0.0, 1.0, 0.0], [0.0, 0.0, 0.0, 1.0]], "cam_ids": [0, 1, 2, 3, 4, 5], "cam_channels": ["CAM_FRONT_LEFT", "CAM_FRONT", "CAM_FRONT_RIGHT", "CAM_BACK_LEFT", "CAM_BACK", "CAM_BACK_RIGHT"], "token": "5a9924b3c13840c8924dcf0f39be6e29", "scene": "scene-0209"}, {"images": ["samples/CAM_FRONT_LEFT/n008-2018-07-26-12-13-50-0400__CAM_FRONT_LEFT__1532621979604799.jpg", "samples/CAM_FRONT/n008-2018-07-26-12-13-50-0400__CAM_FRONT__1532621979612404.jpg", "samples/CAM_FRONT_RIGHT/n008-2018-07-26-12-13-50-0400__CAM_FRONT_RIGHT__1532621979620482.jpg", "samples/CAM_BACK_LEFT/n008-2018-07-26-12-13-50-0400__CAM_BACK_LEFT__1532621979647405.jpg", "samples/CAM_BACK/n008-2018-07-26-12-13-50-0400__CAM_BACK__1532621979637558.jpg", "samples/CAM_BACK_RIGHT/n008-2018-07-26-12-13-50-0400__CAM_BACK_RIGHT__1532621979628113.jpg"], "intrinsics": [[[1257.8625342125129, 0.0, 827.2410631095686], [0.0, 1257.8625342125129, 450.915498205774], [0.0, 0.0, 1.0]], [[1252.8131021185304, 0.0, 826.588114781398], [0.0, 1252.8131021185304, 469.9846626224581], [0.0, 0.0, 1.0]], [[1256.7485116440405, 0.0, 817.7887570959712], [0.0, 1256.7485116440403, 451.9541780095127], [0.0, 0.0, 1.0]], [[1254.9860565800168, 0.0, 829.5769333630991], [0.0, 1254.9860565800168, 467.1680561863987], [0.0, 0.0, 1.0]], [[796.8910634503094, 0.0, 857.7774326863696], [0.0, 796.8910634503094, 476.8848988407415], [0.0, 0.0, 1.0]], [[1249.9629280788233, 0.0, 825.3768045375984], [0.0, 1249.9629280788233, 462.54816385708756], [0.0, 0.0, 1.0]]], "extrinsics": [[[0.8198950290679932, -0.5724443793296814, 0.00892684981226921, -0.7049560546875], [0.014818985015153885, 0.00563248572871089, -0.9998742938041687, 1.4936695098876953], [0.5723221302032471, 0.8199242353439331, 0.013101089745759964, -1.1275634765625], [0.0, 0.0, 0.0, 1.0]], [[0.0064802044071257114, -0.9999780654907227, -0.0014215854462236166, 0.009735107421875], [0.016920750960707664, 0.0015310653252527118, -0.999855637550354, 1.4852333068847656], [0.9998357892036438, 0.0064552584663033485, 0.01693030074238777, -1.4345703125], [0.0, 0.0, 0.0, 1.0]], [[-0.8454732894897461, -0.5337342023849487, -0.017397789284586906, 0.8955078125], [0.025091059505939484, -0.007160784211009741, -0.9996594786643982, 1.4988937377929688], [0.5334278345108032, -0.8456220030784607, 0.019446207210421562, -1.1524658203125], [0.0, 0.0, 0.0, 1.0]], [[0.9478805065155029, 0.31861600279808044, 0.0025400889571756124, -1.142578125], [-3.9502094296040013e-05, 0.008089515380561352, -0.9999672770500183, 1.5620423555374146], [-0.31862613558769226, 0.9478493332862854, 0.0076804799027740955, -0.156494140625], [0.0, 0.0, 0.0, 1.0]], [[0.010345467366278172, 0.9999462962150574, 0.0005870899767614901, -0.02862548828125], [0.0019632894545793533, 0.00