[{"images": ["samples/CAM_FRONT_LEFT/n008-2018-08-31-11-19-57-0400__CAM_FRONT_LEFT__1535729238504799.jpg", "samples/CAM_FRONT/n008-2018-08-31-11-19-57-0400__CAM_FRONT__1535729238512404.jpg", "samples/CAM_FRONT_RIGHT/n008-2018-08-31-11-19-57-0400__CAM_FRONT_RIGHT__1535729238520482.jpg", "samples/CAM_BACK_LEFT/n008-2018-08-31-11-19-57-0400__CAM_BACK_LEFT__1535729238547405.jpg", "samples/CAM_BACK/n008-2018-08-31-11-19-57-0400__CAM_BACK__1535729238537558.jpg", "samples/CAM_BACK_RIGHT/n008-2018-08-31-11-19-57-0400__CAM_BACK_RIGHT__1535729238528113.jpg"], "intrinsics": [[[1257.8625342125129, 0.0, 827.2410631095686], [0.0, 1257.8625342125129, 450.915498205774], [0.0, 0.0, 1.0]], [[1252.8131021185304, 0.0, 826.588114781398], [0.0, 1252.8131021185304, 469.9846626224581], [0.0, 0.0, 1.0]], [[1256.7485116440405, 0.0, 817.7887570959712], [0.0, 1256.7485116440403, 451.9541780095127], [0.0, 0.0, 1.0]], [[1254.9860565800168, 0.0, 829.5769333630991], [0.0, 1254.9860565800168, 467.1680561863987], [0.0, 0.0, 1.0]], [[796.8910634503094, 0.0, 857.7774326863696], [0.0, 796.8910634503094, 476.8848988407415], [0.0, 0.0, 1.0]], [[1249.9629280788233, 0.0, 825.3768045375984], [0.0, 1249.9629280788233, 462.54816385708756], [0.0, 0.0, 1.0]]], "extrinsics": [[[0.8259373307228088, -0.5629383325576782, -0.030461089685559273, -0.9368896484375], [-0.0354507677257061, 0.0020637474954128265, -0.9993692636489868, 1.4854583740234375], [0.5626461505889893, 0.8264963030815125, -0.018252072855830193, -1.2918548583984375], [0.0, 0.0, 0.0, 1.0]], [[0.016059059649705887, -0.9998701810836792, 0.0013143462128937244, 0.010009765625], [-0.03335721790790558, -0.0018495373660698533, -0.9994417428970337, 1.477996826171875], [0.9993144869804382, 0.016006246209144592, -0.0333825908601284, -1.669677734375], [0.0, 0.0, 0.0, 1.0]], [[-0.8411985635757446, -0.5400638580322266, 0.02675636298954487, 1.05120849609375], [-0.025178847834467888, -0.010306267067790031, -0.9996297955513, 1.4918708801269531], [0.5401397347450256, -0.841560959815979, -0.00492856977507472, -1.247802734375], [0.0, 0.0, 0.0, 1.0]], [[0.9467580318450928, 0.3186454772949219, -0.04598146677017212, -1.14678955078125], [-0.05032244697213173, 0.0053998674266040325, -0.9987184405326843, 1.5621414184570312], [-0.3179888427257538, 0.9478585720062256, 0.021147385239601135, -0.1575927734375], [0.0, 0.0, 0.0, 1.0]], [[0.007338285446166992, 0.999969482421875, -0.0026965292636305094, -0.0313720703125], [-0.04828350245952606, -0.002339131897315383, -0.9988309144973755, 1.5672531127929688], [-0.9988067150115967, 0.007459867745637894, 0.048264868557453156, 0.0274658203125], [0.0, 0.0, 0.0, 1.0]], [[-0.9244847893714905, 0.37993839383125305, 0.031219255179166794, 1.1273193359375], [-0.04410954564809799, -0.02526649460196495, -0.998707115650177, 1.5463809967041016], [-0.37865835428237915, -0.9246665835380554, 0.040117401629686356, -0.05340576171875], [0.0, 0.0, 0.0, 1.0]]], "view": [[0.0, -2.0, 100.0], [-2.0, 0.0, 100.0], [0.0, 0.0, 1.0]], "bev": "bev_d78178c0a4df44d2ae6c8bc012d7b502.png", "aux": "aux_d78178c0a4df44d2ae6c8bc012d7b502.npz", "visibility": "visibility_d78178c0a4df44d2ae6c8bc012d7b502.png", "pose": [[-0.44901081919670105, -0.8935263156890869, 0.0, 417.9736022949219], [0.8935263156890869, -0.44901081919670105, 0.0, 1631.256103515625], [0.0, 0.0, 1.0, 0.0], [0.0, 0.0, 0.0, 1.0]], "pose_inverse": [[-0.44901081919670105, 0.8935263156890869, 0.0, -1269.8956298828125], [-0.8935263156890869, -0.44901081919670105, 0.0, 1105.922119140625], [0.0, 0.0, 1.0, 0.0], [0.0, 0.0, 0.0, 1.0]], "cam_ids": [0, 1, 2, 3, 4, 5], "cam_channels": ["CAM_FRONT_LEFT", "CAM_FRONT", "CAM_FRONT_RIGHT", "CAM_BACK_LEFT", "CAM_BACK", "CAM_BACK_RIGHT"], "token": "d78178c0a4df44d2ae6c8bc012d7b502", "scene": "scene-0297"}, {"images": ["samples/CAM_FRONT_LEFT/n008-2018-08-31-11-19-57-0400__CAM_FRONT_LEFT__1535729239004799.jpg", "samples/CAM_FRONT/n008-2018-08-31-11-19-57-0400__CAM_FRONT__1535729239012404.jpg", "samples/CAM_FRONT_RIGHT/n008-2018-08-31-11-19-57-0400__CAM_FRONT_RIGHT__1535729239020482.jpg", "samples/CAM_BACK_LEFT/n008-2018-08-31-11-19-57-0400__CAM_BACK_LEFT__1535729239047405.jpg", "samples/CAM_BACK/n008-2018-08-31-11-19-57-0400__CAM_BACK__1535729239037558.jpg", "samples/CAM_BACK_RIGHT/n008-2018-08-31-11-19-57-0400__CAM_BACK_RIGHT__1535729239028113.jpg"], "intrinsics": [[[1257.8625342125129, 0.0, 827.2410631095686], [0.0, 1257.8625342125129, 450.915498205774], [0.0, 0.0, 1.0]], [[1252.8131021185304, 0.0, 826.588114781398], [0.0, 1252.8131021185304, 469.9846626224581], [0.0, 0.0, 1.0]], [[1256.7485116440405, 0.0, 817.7887570959712], [0.0, 1256.7485116440403, 451.9541780095127], [0.0, 0.0, 1.0]], [[1254.9860565800168, 0.0, 829.5769333630991], [0.0, 1254.9860565800168, 467.1680561863987], [0.0, 0.0, 1.0]], [[796.8910634503094, 0.0, 857.7774326863696], [0.0, 796.8910634503094, 476.8848988407415], [0.0, 0.0, 1.0]], [[1249.9629280788233, 0.0, 825.3768045375984], [0.0, 1249.9629280788233, 462.54816385708756], [0.0, 0.0, 1.0]]], "extrinsics": [[[0.826035737991333, -0.5628410577774048, -0.029580289497971535, -0.9564208984375], [-0.025087770074605942, 0.015713021159172058, -0.9995617270469666, 1.4868202209472656], [0.5630592107772827, 0.8264158368110657, -0.0011409103171899915, -1.303802490234375], [0.0, 0.0, 0.0, 1.0]], [[0.015860116109251976, -0.9997962713241577, -0.01248670369386673, 0.0087890625], [-0.023013651371002197, 0.012119950726628304, -0.9996616840362549, 1.4790611267089844], [0.9996093511581421, 0.01614207774400711, -0.022816738113760948, -1.6881103515625], [0.0, 0.0, 0.0, 1.0]], [[-0.8415355682373047, -0.5401029586791992, 0.01033652201294899, 1.0621337890625], [-0.014853429980576038, 0.004007361363619566, -0.9998816251754761, 1.4925346374511719], [0.5399975776672363, -0.8415895104408264, -0.01139471773058176, -1.25634765625], [0.0, 0.0, 0.0, 1.0]], [[0.9473239779472351, 0.31870123744010925, -0.03172973170876503, -1.145263671875], [-0.03983126953244209, 0.01893390715122223, -0.9990270137786865, 1.56207275390625], [-0.3177904486656189, 0.9476661682128906, 0.030630819499492645, -0.156982421875], [0.0, 0.0, 0.0, 1.0]], [[0.007698060944676399, 0.9999130964279175, 0.010709143243730068, -0.03033447265625], [-0.0378631129860878, 0.010993245989084244, -0.9992223978042603, 1.5675735473632812], [-0.9992533326148987, 0.007286554202437401, 0.03794444724917412, 0.03173828125], [0.0, 0.0, 0.0, 1.0]], [[-0.9246612191200256, 0.37984561920166016, 0.026813659816980362, 1.136474609375], [-0.03373105823993683, -0.011565733700990677, -0.9993640184402466, 1.5469932556152344], [-0.37929391860961914, -0.9249776005744934, 0.023506978526711464, -0.051177978515625], [0.0, 0.0, 0.0, 1.0]]], "view": [[0.0, -2.0, 100.0], [-2.0, 0.0, 100.0], [0.0, 0.0, 1.0]], "bev": "bev_1b9d121b2d0944ac831a1963ca968ea6.png", "aux": "aux_1b9d121b2d0944ac831a1963ca968ea6.npz", "visibility": "visibility_1b9d121b2d0944ac831a1963ca968ea6.png", "pose": [[-0.3795701861381531, -0.9251629710197449, 0.0, 417.6424255371094], [0.9251629710197449, -0.3795701861381531, 0.0, 1632.0191650390625], [0.0, 0.0, 1.0, 0.0], [0.0, 0.0, 0.0, 1.0]], "pose_inverse": [[-0.3795701861381531, 0.9251629710197449, 0.0, -1351.3590087890625], [-0.9251629710197449, -0.3795701861381531, 0.0, 1005.8530883789062], [0.0, 0.0, 1.0, 0.0], [0.0, 0.0, 0.0, 1.0]], "cam_ids": [0, 1, 2, 3, 4, 5], "cam_channels": ["CAM_FRONT_LEFT", "CAM_FRONT", "CAM_FRONT_RIGHT", "CAM_BACK_LEFT", "CAM_BACK", "CAM_BACK_RIGHT"], "token": "1b9d121b2d0944ac831a1963ca968ea6", "scene": "scene-0297"}, {"images": ["samples/CAM_FRONT_LEFT/n008-2018-08-31-11-19-57-0400__CAM_FRONT_LEFT__1535729239504799.jpg", "samples/CAM_FRONT/n008-2018-08-31-11-19-57-0400__CAM_FRONT__1535729239512404.jpg", "samples/CAM_FRONT_RIGHT/n008-2018-08-31-11-19-57-0400__CAM_FRONT_RIGHT__1535729239520482.jpg", "samples/CAM_BACK_LEFT/n008-2018-08-31-11-19-57-0400__CAM_BACK_LEFT__1535729239547405.jpg", "samples/CAM_BACK/n008-2018-08-31-11-19-57-0400__CAM_BACK__1535729239537558.jpg", "samples/CAM_BACK_RIGHT/n008-2018-08-31-11-19-57-0400__CAM_BACK_RIGHT__1535729239528113.jpg"], "intrinsics": [[[1257.8625342125129, 0.0, 827.2410631095686], [0.0, 1257.8625342125129, 450.915498205774], [0.0, 0.0, 1.0]], [[1252.8131021185304, 0.0, 826.588114781398], [0.0, 1252.8131021185304, 469.9846626224581], [0.0, 0.0, 1.0]], [[1256.7485116440405, 0.0, 817.7887570959712], [0.0, 1256.7485116440403, 451.9541780095127], [0.0, 0.0, 1.0]], [[1254.9860565800168, 0.0, 829.5769333630991], [0.0, 1254.9860565800168, 467.1680561863987], [0.0, 0.0, 1.0]], [[796.8910634503094, 0.0, 857.7774326863696], [0.0, 796.8910634503094, 476.8848988407415], [0.0, 0.0, 1.0]], [[1249.9629280788233, 0.0, 825.3768045375984], [0.0, 1249.9629280788233, 462.54816385708756], [0.0, 0.0, 1.0]]], "extrinsics": [[[0.8263121247291565, -0.5629262328147888, -0.01795993000268936, -0.9581298828125], [-0.022945715114474297, -0.0017855744808912277, -0.9997351169586182, 1.4870796203613281], [0.5627450346946716, 0.8265053033828735, -0.0143921859562397, -1.306915283203125], [0.0, 0.0, 0.0, 1.0]], [[0.016092471778392792, -0.9998553991317749, 0.005500258877873421, 0.010009765625], [-0.021022668108344078, -0.005838099401444197, -0.9997619390487671, 1.4792842864990234], [0.9996494650840759, 0.015972977504134178, -0.021113574504852295, -1.6920166015625], [0.0, 0.0, 0.0, 1.0]], [[-0.8414545655250549, -0.5400021076202393, 0.018762383610010147, 1.06536865234375], [-0.013024932704865932, -0.0144424419850111, -0.9998108148574829, 1.4927053451538086], [0.5401710271835327, -0.8415398001670837, 0.00511916633695364, -1.257080078125], [0.0, 0.0, 0.0, 1.0]], [[0.9472662210464478, 0.318416029214859, -0.0360284261405468, -1.146484375], [-0.038349565118551254, 0.0010217445669695735, -0.9992638230323792, 1.5621147155761719], [-0.3181447982788086, 0.9479506015777588, 0.01317897904664278, -0.157470703125], [0.0, 0.0, 0.0, 1.0]], [[0.007410901132971048, 0.9999483227729797, -0.006965973414480686, -0.0313720703125], [-0.036267947405576706, -0.006692800205200911, -0.9993196129798889, 1.5676803588867188], [-0.9993146657943726, 0.00765851978212595, 0.03621646761894226, 0.033447265625], [0.0, 0.0, 0.0, 1.0]], [[-0.9247919917106628, 0.38002851605415344, 0.018391793593764305, 1.138427734375], [-0.03199957683682442, -0.02952040359377861, -0.9990518689155579, 1.5471954345703125], [-0.37912517786026, -0.9245035648345947, 0.03946097567677498, -0.04901123046875], [0.0, 0.0, 0.0, 1.0]]], "view": [[0.0, -2.0, 100.0], [-2.0, 0.0, 100.0], [0.0, 0.0, 1.0]], "bev": "bev_ad8f696239d542a39b35d540c0e8f116.png", "aux": "aux_ad8f696239d542a39b35d540c0e8f116.npz", "visibility": "visibility_ad8f696239d542a39b35d540c0e8f116.png", "pose": [[-0.3013252913951874, -0.9535214304924011, 0.0, 417.4375305175781], [0.9535214304924011, -0.3013252913951874, 0.0, 1632.661376953125], [0.0, 0.0, 1.0, 0.0], [0.0, 0.0, 0.0, 1.0]], "pose_inverse": [[-0.3013252913951874, 0.9535214304924011, 0.0, -1430.9930419921875], [-0.9535214304924011, -0.3013252913951874, 0.0, 889.997802734375], [0.0, 0.0, 1.0, 0.0], [0.0, 0.0, 0.0, 1.0]], "cam_ids": [0, 1, 2, 3, 4, 5], "cam_channels": ["CAM_FRONT_LEFT", "CAM_FRONT", "CAM_FRONT_RIGHT", "CAM_BACK_LEFT", "CAM_BACK", "CAM_BACK_RIGHT"], "token": "ad8f696239d542a39b35d540c0e8f116", "scene": "scene-0297"}, {"images": ["samples/CAM_FRONT_LEFT/n008-2018-08-31-11-19-57-0400__CAM_FRONT_LEFT__1535729239904799.jpg", "samples/CAM_FRONT/n008-2018-08-31-11-19-57-0400__CAM_FRONT__1535729239912404.jpg", "samples/CAM_FRONT_RIGHT/n008-2018-08-31-11-19-57-0400__CAM_FRONT_RIGHT__1535729239920482.jpg", "samples/CAM_BACK_LEFT/n008-2018-08-31-11-19-57-0400__CAM_BACK_LEFT__1535729239947405.jpg", "samples/CAM_BACK/n008-2018-08-31-11-19-57-0400__CAM_BACK__1535729239937558.jpg", "samples/CAM_BACK_RIGHT/n008-2018-08-31-11-19-57-0400__CAM_BACK_RIGHT__1535729239928113.jpg"], "intrinsics": [[[1257.8625342125129, 0.0, 827.2410631095686], [0.0, 1257.8625342125129, 450.915498205774], [0.0, 0.0, 1.0]], [[1252.8131021185304, 0.0, 826.588114781398], [0.0, 1252.8131021185304, 469.9846626224581], [0.0, 0.0, 1.0]], [[1256.7485116440405, 0.0, 817.7887570959712], [0.0, 1256.7485116440403, 451.9541780095127], [0.0, 0.0, 1.0]], [[1254.9860565800168, 0.0, 829.5769333630991], [0.0, 1254.9860565800168, 467.1680561863987], [0.0, 0.0, 1.0]], [[796.8910634503094, 0.0, 857.7774326863696], [0.0, 796.8910634503094, 476.8848988407415], [0.0, 0.0, 1.0]], [[1249.9629280788233, 0.0, 825.3768045375984], [0.0, 1249.9629280788233, 462.54816385708756], [0.0, 0.0, 1.0]]], "extrinsics": [[[0.8257067799568176, -0.5635854005813599, -0.024081166833639145, -0.9556884765625], [-0.02255074866116047, 0.009676634334027767, -0.9996988773345947, 1.4869651794433594], [0.5636487007141113, 0.8260012269020081, -0.004719212185591459, -1.302520751953125], [0.0, 0.0, 0.0, 1.0]], [[0.01517146173864603, -0.999867856502533, -0.005846700631082058, 0.00823974609375], [-0.02086680941283703, 0.005529489833861589, -0.9997669458389282, 1.4791603088378906], [0.9996671676635742, 0.015289923176169395, -0.020780159160494804, -1.6873779296875], [0.0, 0.0, 0.0, 1.0]], [[-0.8418678641319275, -0.5395327806472778, 0.01276572048664093, 1.061279296875], [-0.013125712983310223, -0.003177642822265625, -0.9999088048934937, 1.4926033020019531], [0.5395241379737854, -0.8419586420059204, -0.004406597465276718, -1.2564697265625], [0.0, 0.0, 0.0, 1.0]], [[0.9472897052764893, 0.318607896566391, -0.03363252803683281, -1.145751953125], [-0.0394170805811882, 0.011723860166966915, -0.9991540312767029, 1.56207275390625], [-0.31794413924217224, 0.9478140473365784, 0.023664487525820732, -0.1568603515625], [0.0, 0.0, 0.0, 1.0]], [[0.007863485254347324, 0.9999611377716064, 0.003994981292635202, -0.0302734375], [-0.03690824657678604, 0.004282617010176182, -0.9993094801902771, 1.5675849914550781], [-0.9992877840995789, 0.007710615638643503, 0.03694048523902893, 0.031494140625], [0.0, 0.0, 0.0, 1.0]], [[-0.9245437383651733, 0.38038673996925354, 0.022907260805368423, 1.1363525390625], [-0.0323130264878273, -0.018358608707785606, -0.9993091821670532, 1.5470237731933594], [-0.3797033727169037, -0.9246453046798706, 0.0292647834867239, -0.051605224609375], [0.0, 0.0, 0.0, 1.0]]], "view": [[0.0, -2.0, 100.0], [-2.0, 0.0, 100.0], [0.0, 0.0, 1.0]], "bev": "bev_8ae438c8302a4174a5721b682316f3c9.png", "aux": "aux_8ae438c8302a4174a5721b682316f3c9.npz", "visibility": "visibility_8ae438c8302a4174a5721b682316f3c9.png", "pose": [[-0.23616832494735718, -0.9717121720314026, 0.0, 417.30181884765625], [0.9717121720314026, -0.23616832494735718, 0.0, 1633.19091796875], [0.0, 0.0, 1.0, 0.0], [0.0, 0.0, 0.0, 1.0]], "pose_inverse": [[-0.23616832494735718, 0.9717121720314026, 0.0, -1488.43798828125], [-0.9717121720314026, -0.23616832494735718, 0.0, 791.2052001953125], [0.0, 0.0, 1.0, 0.0], [0.0, 0.0, 0.0, 1.0]], "cam_ids": [0, 1, 2, 3, 4, 5], "cam_channels": ["CAM_FRONT_LEFT", "CAM_FRONT", "CAM_FRONT_RIGHT", "CAM_BACK_LEFT", "CAM_BACK", "CAM_BACK_RIGHT"], "token": "8ae438c8302a4174a5721b682316f3c9", "scene": "scene-0297"}, {"images": ["samples/CAM_FRONT_LEFT/n008-2018-08-31-11-19-57-0400__CAM_FRONT_LEFT__1535729240404799.jpg", "samples/CAM_FRONT/n008-2018-08-31-11-19-57-0400__CAM_FRONT__1535729240412404.jpg", "samples/CAM_FRONT_RIGHT/n008-2018-08-31-11-19-57-0400__CAM_FRONT_RIGHT__1535729240420482.jpg", "samples/CAM_BACK_LEFT/n008-2018-08-31-11-19-57-0400__CAM_BACK_LEFT__1535729240447405.jpg", "samples/CAM_BACK/n008-2018-08-31-11-19-57-0400__CAM_BACK__1535729240437558.jpg", "samples/CAM_BACK_RIGHT/n008-2018-08-31-11-19-57-0400__CAM_BACK_RIGHT__1535729240428113.jpg"], "intrinsics": [[[1257.8625342125129, 0.0, 827.2410631095686], [0.0, 1257.8625342125129, 450.915498205774], [0.0, 0.0, 1.0]], [[1252.8131021185304, 0.0, 826.588114781398], [0.0, 1252.8131021185304, 469.9846626224581], [0.0, 0.0, 1.0]], [[1256.7485116440405, 0.0, 817.7887570959712], [0.0, 1256.7485116440403, 451.9541780095127], [0.0, 0.0, 1.0]], [[1254.9860565800168, 0.0, 829.5769333630991], [0.0, 1254.9860565800168, 467.1680561863987], [0.0, 0.0, 1.0]], [[796.8910634503094, 0.0, 857.7774326863696], [0.0, 796.8910634503094, 476.8848988407415], [0.0, 0.0, 1.0]], [[1249.9629280788233, 0.0, 825.3768045375984], [0.0, 1249.9629280788233, 462.54816385708756], [0.0, 0.0, 1.0]]], "extrinsics": [[[0.8226596117019653, -0.5677339434623718, -0.030154762789607048, -0.97998046875], [-0.030596625059843063, 0.008752127178013325, -0.9994934797286987, 1.48736572265625], [0.567710280418396, 0.8231657147407532, -0.010170722380280495, -1.316864013671875], [0.0, 0.0, 0.0, 1.0]], [[0.011057914234697819, -0.9999256134033203, -0.005156513303518295, 0.0062255859375], [-0.02848004549741745, 0.0048397914506495, -0.9995826482772827, 1.4794654846191406], [0.9995331764221191, 0.01120014488697052, -0.028424406424164772, -1.7103271484375], [0.0, 0.0, 0.0, 1.0]], [[-0.8434305787086487, -0.5368999242782593, 0.019063293933868408, 1.07525634765625], [-0.020284797996282578, -0.003632762935012579, -0.9997875690460205, 1.4927005767822266], [0.536855161190033, -0.8436381816864014, -0.007826922461390495, -1.26708984375], [0.0, 0.0, 0.0, 1.0]], [[0.9470658898353577, 0.31867194175720215, -0.038916002959012985, -1.1436767578125], [-0.045145921409130096, 0.01218408066779375, -0.998906135559082, 1.5620269775390625], [-0.31784921884536743, 0.9477867484092712, 0.02592586539685726, -0.156494140625], [0.0, 0.0, 0.0, 1.0]], [[0.009019104763865471, 0.999951183795929, 0.004045408219099045, -0.02911376953125], [-0.04319470748305321, 0.004431387409567833, -0.9990568161010742, 1.5677719116210938], [-0.9990260601043701, 0.008835902437567711, 0.04323256388306618, 0.037353515625], [0.0, 0.0, 0.0, 1.0]], [[-0.9235146045684814, 0.38245534896850586, 0.029130861163139343, 1.1483154296875], [-0.039178840816020966, -0.01850864104926586, -0.9990608096122742, 1.5473060607910156], [-0.3815569281578064, -0.9237885475158691, 0.032077159732580185, -0.04819488525390625], [0.0, 0.0, 0.0, 1.0]]], "view": [[0.0, -2.0, 100.0], [-2.0, 0.0, 100.0], [0.0, 0.0, 1.0]], "bev": "bev_5b6d0f744c4f4eb99bd3484cc2ca9d3f.png", "aux": "aux_5b6d0f744c4f4eb99bd3484cc2ca9d3f.npz", "visibility": "visibility_5b6d0f744c4f4eb99bd3484cc2ca9d3f.png", "pose": [[-0.1987798511981964, -0.9800441861152649, 0.0, 417.18194580078125], [0.9800441861152649, -0.1987798511981964, 0.0, 1633.7451171875], [0.0, 0.0, 1.0, 0.0], [0.0, 0.0, 0.0, 1.0]], "pose_inverse": [[-0.1987798511981964, 0.9800441861152649, 0.0, -1518.2149658203125], [-0.9800441861152649, -0.1987798511981964, 0.0, 733.6123657226562], [0.0, 0.0, 1.0, 0.0], [0.0, 0.0, 0.0, 1.0]], "cam_ids": [0, 1, 2, 3, 4, 5], "cam_channels": ["CAM_FRONT_LEFT", "CAM_FRONT", "CAM_FRONT_RIGHT", "CAM_BACK_LEFT", "CAM_BACK", "CAM_BACK_RIGHT"], "token": "5b6d0f744c4f4eb99bd3484cc2ca9d3f", "scene": "scene-0297"}, {"images": ["samples/CAM_FRONT_LEFT/n008-2018-08-31-11-19-57-0400__CAM_FRONT_LEFT__1535729240904799.jpg", "samples/CAM_FRONT/n008-2018-08-31-11-19-57-0400__CAM_FRONT__1535729240912404.jpg", "samples/CAM_FRONT_RIGHT/n008-2018-08-31-11-19-57-0400__CAM_FRONT_RIGHT__1535729240920482.jpg", "samples/CAM_BACK_LEFT/n008-2018-08-31-11-19-57-0400__CAM_BACK_LEFT__1535729240947405.jpg", "samples/CAM_BACK/n008-2018-08-31-11-19-57-0400__CAM_BACK__1535729240937558.jpg", "samples/CAM_BACK_RIGHT/n008-2018-08-31-11-19-57-0400__CAM_BACK_RIGHT__1535729240928113.jpg"], "intrinsics": [[[1257.8625342125129, 0.0, 827.2410631095686], [0.0, 1257.8625342125129, 450.915498205774], [0.0, 0.0, 1.0]], [[1252.8131021185304, 0.0, 826.588114781398], [0.0, 1252.8131021185304, 469.9846626224581], [0.0, 0.0, 1.0]], [[1256.7485116440405, 0.0, 817.7887570959712], [0.0, 1256.7485116440403, 451.9541780095127], [0.0, 0.0, 1.0]], [[1254.9860565800168, 0.0, 829.5769333630991], [0.0, 1254.9860565800168, 467.1680561863987], [0.0, 0.0, 1.0]], [[796.8910634503094, 0.0, 857.7774326863696], [0.0, 796.8910634503094, 476.8848988407415], [0.0, 0.0, 1.0]], [[1249.9629280788233, 0.0, 825.3768045375984], [0.0, 1249.9629280788233, 462.54816385708756], [0.0, 0.0, 1.0]]], "extrinsics": [[[0.8222259283065796, -0.5684851408004761, -0.027732498943805695, -1.00341796875], [-0.028111152350902557, 0.008103827945888042, -0.9995719194412231, 1.4882431030273438], [0.5684666037559509, 0.8226536512374878, -0.00931759737432003, -1.332427978515625], [0.0, 0.0, 0.0, 1.0]], [[0.010365445166826248, -0.9999374747276306, -0.004195440094918013, 0.0054931640625], [-0.026086939498782158, 0.0039238231256604195, -0.9996520280838013, 1.4801216125488281], [0.9996058940887451, 0.010471286252140999, -0.026044636964797974, -1.7332763671875], [0.0, 0.0, 0.0, 1.0]], [[-0.8437453508377075, -0.5364492535591125, 0.017776131629943848, 1.08966064453125], [-0.01799018867313862, -0.004835333209484816, -0.9998264312744141, 1.4930477142333984], [0.5364421010017395, -0.8439188003540039, -0.0055710324086248875, -1.2767333984375], [0.0, 0.0, 0.0, 1.0]], [[0.9470934867858887, 0.31875428557395935, -0.03754332661628723, -1.1434326171875], [-0.043019574135541916, 0.010154944844543934, -0.9990226030349731, 1.5620193481445312], [-0.318061500787735, 0.9477829933166504, 0.023330358788371086, -0.15625], [0.0, 0.0, 0.0, 1.0]], [[0.00910265650600195, 0.9999558925628662, 0.0023018065840005875, -0.02886962890625], [-0.041007667779922485, 0.0026732597034424543, -0.9991552233695984, 1.5680389404296875], [-0.9991173148155212, 0.009000581689178944, 0.04103019833564758, 0.0438232421875], [0.0, 0.0, 0.0, 1.0]], [[-0.9234535694122314, 0.382795125246048, 0.02648075297474861, 1.1597900390625], [-0.03692794218659401, -0.019968470558524132, -0.9991183876991272, 1.5477828979492188], [-0.38192886114120483, -0.9236173629760742, 0.03257579356431961, -0.0440216064453125], [0.0, 0.0, 0.0, 1.0]]], "view": [[0.0, -2.0, 100.0], [-2.0, 0.0, 100.0], [0.0, 0.0, 1.0]], "bev": "bev_29fdc5eefa5c4810903e1ecadc9d7d9e.png", "aux": "aux_29fdc5eefa5c4810903e1ecadc9d7d9e.npz", "visibility": "visibility_29fdc5eefa5c4810903e1ecadc9d7d9e.png", "pose": [[-0.19749815762043, -0.9803032279014587, 0.0, 417.1590881347656], [0.9803032279014587, -0.19749815762043, 0.0, 1633.86767578125], [0.0, 0.0, 1.0, 0.0], [0.0, 0.0, 0.0, 1.0]], "pose_inverse": [[-0.19749815762043, 0.9803032279014587, 0.0, -1519.297607421875], [-0.9803032279014587, -0.19749815762043, 0.0, 731.6282958984375], [0.0, 0.0, 1.0, 0.0], [0.0, 0.0, 0.0, 1.0]], "cam_ids": [0, 1, 2, 3, 4, 5], "cam_channels": ["CAM_FRONT_LEFT", "CAM_FRONT", "CAM_FRONT_RIGHT", "CAM_BACK_LEFT", "CAM_BACK", "CAM_BACK_RIGHT"], "token": "29fdc5eefa5c4810903e1ecadc9d7d9e", "scene": "scene-0297"}, {"images": ["samples/CAM_FRONT_LEFT/n008-2018-08-31-11-19-57-0400__CAM_FRONT_LEFT__1535729241404799.jpg", "samples/CAM_FRONT/n008-2018-08-31-11-19-57-0400__CAM_FRONT__1535729241412404.jpg", "samples/CAM_FRONT_RIGHT/n008-2018-08-31-11-19-57-0400__CAM_FRONT_RIGHT__1535729241420482.jpg", "samples/CAM_BACK_LEFT/n008-2018-08-31-11-19-57-0400__CAM_BACK_LEFT__1535729241447405.jpg", "samples/CAM_BACK/n008-2018-08-31-11-19-57-0400__CAM_BACK__1535729241437558.jpg", "samples/CAM_BACK_RIGHT/n008-2018-08-31-11-19-57-0400__CAM_BACK_RIGHT__1535729241428113.jpg"], "intrinsics": [[[1257.8625342125129, 0.0, 827.2410631095686], [0.0, 1257.8625342125129, 450.915498205774], [0.0, 0.0, 1.0]], [[1252.8131021185304, 0.0, 826.588114781398], [0.0, 1252.8131021185304, 469.9846626224581], [0.0, 0.0, 1.0]], [[1256.7485116440405, 0.0, 817.7887570959712], [0.0, 1256.7485116440403, 451.9541780095127], [0.0, 0.0, 1.0]], [[1254.9860565800168, 0.0, 829.5769333630991], [0.0, 1254.9860565800168, 467.1680561863987], [0.0, 0.0, 1.0]], [[796.8910634503094, 0.0, 857.7774326863696], [0.0, 796.8910634503094, 476.8848988407415], [0.0, 0.0, 1.0]], [[1249.9629280788233, 0.0, 825.3768045375984], [0.0, 1249.9629280788233, 462.54816385708756], [0.0, 0.0, 1.0]]], "extrinsics": [[[0.8223607540130615, -0.5684128403663635, -0.025094754993915558, -1.0064697265625], [-0.02517557702958584, 0.007710324600338936, -0.9996532797813416, 1.48834228515625], [0.5684092044830322, 0.82270747423172, -0.007969454862177372, -1.3343505859375], [0.0, 0.0, 0.0, 1.0]], [[0.010441967286169529, -0.9999380707740784, -0.003839147510007024, 0.0052490234375], [-0.023205384612083435, 0.003596001537516713, -0.999724268913269, 1.4801979064941406], [0.9996761679649353, 0.010528151877224445, -0.023166397586464882, -1.736083984375], [0.0, 0.0, 0.0, 1.0]], [[-0.8437784314155579, -0.5364670157432556, 0.015531152486801147, 1.091552734375], [-0.01516599953174591, -0.005093368235975504, -0.9998720288276672, 1.4930877685546875], [0.5364774465560913, -0.8439059853553772, -0.003838385222479701, -1.2783203125], [0.0, 0.0, 0.0, 1.0]], [[0.9472166299819946, 0.31866011023521423, -0.035164933651685715, -1.1436767578125], [-0.04047699645161629, 0.010061322711408138, -0.9991298317909241, 1.5620346069335938], [-0.3180290758609772, 0.9478155374526978, 0.022428657859563828, -0.1561279296875], [0.0, 0.0, 0.0, 1.0]], [[0.009151819162070751, 0.9999557733535767, 0.0021863000001758337, -0.0289306640625], [-0.038378383964300156, 0.0025360272265970707, -0.9992600083351135, 1.5680732727050781], [-0.9992213249206543, 0.009061120450496674, 0.038399893790483475, 0.0447998046875], [0.0, 0.0, 0.0, 1.0]], [[-0.923518717288971, 0.38281014561653137, 0.023865481838583946, 1.161376953125], [-0.034180689603090286, -0.02016620896756649, -0.9992121458053589, 1.5478401184082031], [-0.382027268409729, -0.9236068725585938, 0.03170858696103096, -0.04339599609375], [0.0, 0.0, 0.0, 1.0]]], "view": [[0.0, -2.0, 100.0], [-2.0, 0.0, 100.0], [0.0, 0.0, 1.0]], "bev": "bev_36f4e831e7474c8792bf0463c12c5130.png", "aux": "aux_36f4e831e7474c8792bf0463c12c5130.npz", "visibility": "visibility_36f4e831e7474c8792bf0463c12c5130.png", "pose": [[-0.19600874185562134, -0.9806021451950073, 0.0, 417.16387939453125], [0.9806021451950073, -0.19600874185562134, 0.0, 1633.8448486328125], [0.0, 0.0, 1.0, 0.0], [0.0, 0.0, 0.0, 1.0]], "pose_inverse": [[-0.19600874185562134, 0.9806021451950073, 0.0, -1520.384033203125], [-0.9806021451950073, -0.19600874185562134, 0.0, 729.3196411132812], [0.0, 0.0, 1.0, 0.0], [0.0, 0.0, 0.0, 1.0]], "cam_ids": [0, 1, 2, 3, 4, 5], "cam_channels": ["CAM_FRONT_LEFT", "CAM_FRONT", "CAM_FRONT_RIGHT", "CAM_BACK_LEFT", "CAM_BACK", "CAM_BACK_RIGHT"], "token": "36f4e831e7474c8792bf0463c12c5130", "scene": "scene-0297"}, {"images": ["samples/CAM_FRONT_LEFT/n008-2018-08-31-11-19-57-0400__CAM_FRONT_LEFT__1535729241904799.jpg", "samples/CAM_FRONT/n008-2018-08-31-11-19-57-0400__CAM_FRONT__1535729241912404.jpg", "samples/CAM_FRONT_RIGHT/n008-2018-08-31-11-19-57-0400__CAM_FRONT_RIGHT__1535729241920482.jpg", "samples/CAM_BACK_LEFT/n008-2018-08-31-11-19-57-0400__CAM_BACK_LEFT__1535729241947405.jpg", "samples/CAM_BACK/n008-2018-08-31-11-19-57-0400__CAM_BACK__1535729241937558.jpg", "samples/CAM_BACK_RIGHT/n008-2018-08-31-11-19-57-0400__CAM_BACK_RIGHT__1535729241928113.jpg"], "intrinsics": [[[1257.8625342125129, 0.0, 827.2410631095686], [0.0, 1257.8625342125129, 450.915498205774], [0.0, 0.0, 1.0]], [[1252.8131021185304, 0.0, 826.588114781398], [0.0, 1252.8131021185304, 469.9846626224581], [0.0, 0.0, 1.0]], [[1256.7485116440405, 0.0, 817.7887570959712], [0.0, 1256.7485116440403, 451.9541780095127], [0.0, 0.0, 1.0]], [[1254.9860565800168, 0.0, 829.5769333630991], [0.0, 1254.9860565800168, 467.1680561863987], [0.0, 0.0, 1.0]], [[796.8910634503094, 0.0, 857.7774326863696], [0.0, 796.8910634503094, 476.8848988407415], [0.0, 0.0, 1.0]], [[1249.9629280788233, 0.0, 825.3768045375984], [0.0, 1249.9629280788233, 462.54816385708756], [0.0, 0.0, 1.0]]], "extrinsics": [[[0.8222856521606445, -0.5685155987739563, -0.025225456804037094, -1.00537109375], [-0.025314968079328537, 0.007740299217402935, -0.9996495246887207, 1.4883079528808594], [0.5685115456581116, 0.822636067867279, -0.008027219213545322, -1.33367919921875], [0.0, 0.0, 0.0, 1.0]], [[0.010336308740079403, -0.9999390840530396, -0.0038637653924524784, 0.00537109375], [-0.02336130663752556, 0.0036214361898601055, -0.9997205138206482, 1.4801712036132812], [0.9996736645698547, 0.01042367797344923, -0.02332244999706745, -1.7349853515625], [0.0, 0.0, 0.0, 1.0]], [[-0.8438191413879395, -0.5363988876342773, 0.015667196363210678, 1.09075927734375], [-0.015339655801653862, -0.005073192063719034, -0.9998694062232971, 1.4930782318115234], [0.5364083647727966, -0.8439493179321289, -0.003947319462895393, -1.2777099609375], [0.0, 0.0, 0.0, 1.0]], [[0.9472065567970276, 0.3186640441417694, -0.035398148000240326, -1.143798828125], [-0.04073493182659149, 0.010096630081534386, -0.999118983745575, 1.562042236328125], [-0.3180259168148041, 0.947813868522644, 0.02254435233771801, -0.15625], [0.0, 0.0, 0.0, 1.0]], [[0.009180469438433647, 0.9999553561210632, 0.0022185558918863535, -0.02886962890625], [-0.038604192435741425, 0.002571413293480873, -0.9992512464523315, 1.5680732727050781], [-0.999212384223938, 0.009087939746677876, 0.03862608224153519, 0.0445556640625], [0.0, 0.0, 0.0, 1.0]], [[-0.9234916567802429, 0.38286250829696655, 0.02406853623688221, 1.160888671875], [-0.034392569214105606, -0.02014259248971939, -0.9992053508758545, 1.5478172302246094], [-0.38207346200942993, -0.9235857129096985, 0.03176914528012276, -0.04357147216796875], [0.0, 0.0, 0.0, 1.0]]], "view": [[0.0, -2.0, 100.0], [-2.0, 0.0, 100.0], [0.0, 0.0, 1.0]], "bev": "bev_e56f23f3886043519c217505a1911eb3.png", "aux": "aux_e56f23f3886043519c217505a1911eb3.npz", "visibility": "visibility_e56f23f3886043519c217505a1911eb3.png", "pose": [[-0.19372163712978363, -0.9810565114021301, 0.0, 417.1653747558594], [0.9810565114021301, -0.19372163712978363, 0.0, 1633.8338623046875], [0.0, 0.0, 1.0, 0.0], [0.0, 0.0, 0.0, 1.0]], "pose_inverse": [[-0.19372163712978363, 0.9810565114021301, 0.0, -1522.0694580078125], [-0.9810565114021301, -0.19372163712978363, 0.0, 725.7717895507812], [0.0, 0.0, 1.0, 0.0], [0.0, 0.0, 0.0, 1.0]], "cam_ids": [0, 1, 2, 3, 4, 5], "cam_channels": ["CAM_FRONT_LEFT", "CAM_FRONT", "CAM_FRONT_RIGHT", "CAM_BACK_LEFT", "CAM_BACK", "CAM_BACK_RIGHT"], "token": "e56f23f3886043519c217505a1911eb3", "scene": "scene-0297"}, {"images": ["samples/CAM_FRONT_LEFT/n008-2018-08-31-11-19-57-0400__CAM_FRONT_LEFT__1535729242404799.jpg", "samples/CAM_FRONT/n008-2018-08-31-11-19-57-0400__CAM_FRONT__1535729242412404.jpg", "samples/CAM_FRONT_RIGHT/n008-2018-08-31-11-19-57-0400__CAM_FRONT_RIGHT__1535729242420482.jpg", "samples/CAM_BACK_LEFT/n008-2018-08-31-11-19-57-0400__CAM_BACK_LEFT__1535729242447405.jpg", "samples/CAM_BACK/n008-2018-08-31-11-19-57-0400__CAM_BACK__1535729242437558.jpg", "samples/CAM_BACK_RIGHT/n008-2018-08-31-11-19-57-0400__CAM_BACK_RIGHT__1535729242428113.jpg"], "intrinsics": [[[1257.8625342125129, 0.0, 827.2410631095686], [0.0, 1257.8625342125129, 450.915498205774], [0.0, 0.0, 1.0]], [[1252.8131021185304, 0.0, 826.588114781398], [0.0, 1252.8131021185304, 469.9846626224581], [0.0, 0.0, 1.0]], [[1256.7485116440405, 0.0, 817.7887570959712], [0.0, 1256.7485116440403, 451.9541780095127], [0.0, 0.0, 1.0]], [[1254.9860565800168, 0.0, 829.5769333630991], [0.0, 1254.9860565800168, 467.1680561863987], [0.0, 0.0, 1.0]], [[796.8910634503094, 0.0, 857.7774326863696], [0.0, 796.8910634503094, 476.8848988407415], [0.0, 0.0, 1.0]], [[1249.9629280788233, 0.0, 825.3768045375984], [0.0, 1249.9629280788233, 462.54816385708756], [0.0, 0.0, 1.0]]], "extrinsics": [[[0.8222423195838928, -0.568581759929657, -0.02514677122235298, -1.0052490234375], [-0.025286495685577393, 0.007644225377589464, -0.9996510148048401, 1.4883003234863281], [0.5685755610466003, 0.8225911855697632, -0.008092036470770836, -1.333251953125], [0.0, 0.0, 0.0, 1.0]], [[0.010275655426084995, -0.999940037727356, -0.0037673290353268385, 0.0052490234375], [-0.02332029677927494, 0.0035268596839159727, -0.9997218251228333, 1.4801673889160156], [0.9996750950813293, 0.010360653512179852, -0.02328266017138958, -1.7349853515625], [0.0, 0.0, 0.0, 1.0]], [[-0.8438442349433899, -0.5363591909408569, 0.01567152887582779, 1.09075927734375], [-0.015285375528037548, -0.005166334565728903, -0.9998698234558105, 1.4930706024169922], [0.5363703966140747, -0.8439739942550659, -0.00383886881172657, -1.277587890625], [0.0, 0.0, 0.0, 1.0]], [[0.9472090005874634, 0.31866583228111267, -0.035315364599227905, -1.1439208984375], [-0.04062597453594208, 0.010032015852630138, -0.9991241097450256, 1.562042236328125], [-0.3180324137210846, 0.9478139877319336, 0.022448528558015823, -0.1561279296875], [0.0, 0.0, 0.0, 1.0]], [[0.009195222519338131, 0.999955415725708, 0.002143037971109152, -0.02880859375], [-0.03851805627346039, 0.0024957347195595503, -0.9992547035217285, 1.5680580139160156], [-0.9992156028747559, 0.00910581462085247, 0.03853929042816162, 0.0443115234375], [0.0, 0.0, 0.0, 1.0]], [[-0.9234809279441833, 0.3828941881656647, 0.023976296186447144, 1.1607666015625], [-0.03432673215866089, -0.020221831277012825, -0.9992060661315918, 1.5478096008300781], [-0.38210535049438477, -0.9235707521438599, 0.03181798756122589, -0.04369354248046875], [0.0, 0.0, 0.0, 1.0]]], "view": [[0.0, -2.0, 100.0], [-2.0, 0.0, 100.0], [0.0, 0.0, 1.0]], "bev": "bev_8f660e46af424cbb8fab872910c4315d.png", "aux": "aux_8f660e46af424cbb8fab872910c4315d.npz", "visibility": "visibility_8f660e46af424cbb8fab872910c4315d.png", "pose": [[-0.1926402598619461, -0.9812694191932678, 0.0, 417.1653137207031], [0.9812694191932678, -0.1926402598619461, 0.0, 1633.8299560546875], [0.0, 0.0, 1.0, 0.0], [0.0, 0.0, 0.0, 1.0]], "pose_inverse": [[-0.1926402598619461, 0.9812694191932678, 0.0, -1522.8646240234375], [-0.9812694191932678, -0.1926402598619461, 0.0, 724.093017578125], [0.0, 0.0, 1.0, 0.0], [0.0, 0.0, 0.0, 1.0]], "cam_ids": [0, 1, 2, 3, 4, 5], "cam_channels": ["CAM_FRONT_LEFT", "CAM_FRONT", "CAM_FRONT_RIGHT", "CAM_BACK_LEFT", "CAM_BACK", "CAM_BACK_RIGHT"], "token": "8f660e46af424cbb8fab872910c4315d", "scene": "scene-0297"}, {"images": ["samples/CAM_FRONT_LEFT/n008-2018-08-31-11-19-57-0400__CAM_FRONT_LEFT__1535729242904799.jpg", "samples/CAM_FRONT/n008-2018-08-31-11-19-57-0400__CAM_FRONT__1535729242912404.jpg", "samples/CAM_FRONT_RIGHT/n008-2018-08-31-11-19-57-0400__CAM_FRONT_RIGHT__1535729242920482.jpg", "samples/CAM_BACK_LEFT/n008-2018-08-31-11-19-57-0400__CAM_BACK_LEFT__1535729242947405.jpg", "samples/CAM_BACK/n008-2018-08-31-11-19-57-0400__CAM_BACK__1535729242937558.jpg", "samples/CAM_BACK_RIGHT/n008-2018-08-31-11-19-57-0400__CAM_BACK_RIGHT__1535729242928113.jpg"], "intrinsics": [[[1257.8625342125129, 0.0, 827.2410631095686], [0.0, 1257.8625342125129, 450.915498205774], [0.0, 0.0, 1.0]], [[1252.8131021185304, 0.0, 826.588114781398], [0.0, 1252.8131021185304, 469.9846626224581], [0.0, 0.0, 1.0]], [[1256.7485116440405, 0.0, 817.7887570959712], [0.0, 1256.7485116440403, 451.9541780095127], [0.0, 0.0, 1.0]], [[1254.9860565800168, 0.0, 829.5769333630991], [0.0, 1254.9860565800168, 467.1680561863987], [0.0, 0.0, 1.0]], [[796.8910634503094, 0.0, 857.7774326863696], [0.0, 796.8910634503094, 476.8848988407415], [0.0, 0.0, 1.0]], [[1249.9629280788233, 0.0, 825.3768045375984], [0.0, 1249.9629280788233, 462.54816385708756], [0.0, 0.0, 1.0]]], "extrinsics": [[[0.8222156167030334, -0.5686218738555908, -0.025111814960837364, -1.005126953125], [-0.025255778804421425, 0.007627875544130802, -0.9996519088745117, 1.4883003234863281], [0.5686154365539551, 0.8225637078285217, -0.008089232258498669, -1.333404541015625], [0.0, 0.0, 0.0, 1.0]], [[0.01023347582668066, -0.9999405145645142, -0.0037553920410573483, 0.00537109375], [-0.023315614089369774, 0.0035159573890268803, -0.9997220039367676, 1.48016357421875], [0.9996757507324219, 0.010318173095583916, -0.023278245702385902, -1.73486328125], [0.0, 0.0, 0.0, 1.0]], [[-0.8438618779182434, -0.5363309383392334, 0.015693988651037216, 1.090576171875], [-0.0153084397315979, -0.005171673838049173, -0.9998694658279419, 1.493072509765625], [0.5363420248031616, -0.8439919948577881, -0.003846211126074195, -1.277587890625], [0.0, 0.0, 0.0, 1.0]], [[0.9472081661224365, 0.3186626136302948, -0.03536658361554146, -1.14404296875], [-0.04067705199122429, 0.01002346072345972, -0.9991220831871033, 1.562042236328125], [-0.31802836060523987, 0.9478151798248291, 0.022456560283899307, -0.1561279296875], [0.0, 0.0, 0.0, 1.0]], [[0.009207633323967457, 0.9999552965164185, 0.0021327428985387087, -0.02880859375], [-0.03854793682694435, 0.0024861982092261314, -0.9992536306381226, 1.5680656433105469], [-0.9992142915725708, 0.009118554182350636, 0.03856911137700081, 0.0443115234375], [0.0, 0.0, 0.0, 1.0]], [[-0.9234710931777954, 0.38291624188423157, 0.02400391362607479, 1.1607666015625], [-0.034361254423856735, -0.02023106999695301, -0.9992046356201172, 1.5478134155273438], [-0.3821260333061218, -0.9235614538192749, 0.03184029087424278, -0.0437164306640625], [0.0, 0.0, 0.0, 1.0]]], "view": [[0.0, -2.0, 100.0], [-2.0, 0.0, 100.0], [0.0, 0.0, 1.0]], "bev": "bev_426ac9c9fb184fc080ae2904b827df31.png", "aux": "aux_426ac9c9fb184fc080ae2904b827df31.npz", "visibility": "visibility_426ac9c9fb184fc080ae2904b827df31.png", "pose": [[-0.19203205406665802, -0.9813886284828186, 0.0, 417.1650085449219], [0.9813886284828186, -0.19203205406665802, 0.0, 1633.8280029296875], [0.0, 0.0, 1.0, 0.0], [0.0, 0.0, 0.0, 1.0]], "pose_inverse": [[-0.19203205406665802, 0.9813886284828186, 0.0, -1523.3111572265625], [-0.9813886284828186, -0.19203205406665802, 0.0, 723.1483764648438], [0.0, 0.0, 1.0, 0.0], [0.0, 0.0, 0.0, 1.0]], "cam_ids": [0, 1, 2, 3, 4, 5], "cam_channels": ["CAM_FRONT_LEFT", "CAM_FRONT", "CAM_FRONT_RIGHT", "CAM_BACK_LEFT", "CAM_BACK", "CAM_BACK_RIGHT"], "token": "426ac9c9fb184fc080ae2904b827df31", "scene": "scene-0297"}, {"images": ["samples/CAM_FRONT_LEFT/n008-2018-08-31-11-19-57-0400__CAM_FRONT_LEFT__1535729243404799.jpg", "samples/CAM_FRONT/n008-2018-08-31-11-19-57-0400__CAM_FRONT__1535729243412404.jpg", "samples/CAM_FRONT_RIGHT/n008-2018-08-31-11-19-57-0400__CAM_FRONT_RIGHT__1535729243420482.jpg", "samples/CAM_BACK_LEFT/n008-2018-08-31-11-19-57-0400__CAM_BACK_LEFT__1535729243447412.jpg", "samples/CAM_BACK/n008-2018-08-31-11-19-57-0400__CAM_BACK__1535729243437558.jpg", "samples/CAM_BACK_RIGHT/n008-2018-08-31-11-19-57-0400__CAM_BACK_RIGHT__1535729243428113.jpg"], "intrinsics": [[[1257.8625342125129, 0.0, 827.2410631095686], [0.0, 1257.8625342125129, 450.915498205774], [0.0, 0.0, 1.0]], [[1252.8131021185304, 0.0, 826.588114781398], [0.0, 1252.8131021185304, 469.9846626224581], [0.0, 0.0, 1.0]], [[1256.7485116440405, 0.0, 817.7887570959712], [0.0, 1256.7485116440403, 451.9541780095127], [0.0, 0.0, 1.0]], [[1254.9860565800168, 0.0, 829.5769333630991], [0.0, 1254.9860565800168, 467.1680561863987], [0.0, 0.0, 1.0]], [[796.8910634503094, 0.0, 857.7774326863696], [0.0, 796.8910634503094, 476.8848988407415], [0.0, 0.0, 1.0]], [[1249.9629280788233, 0.0, 825.3768045375984], [0.0, 1249.9629280788233, 462.54816385708756], [0.0, 0.0, 1.0]]], "extrinsics": [[[0.8222084641456604, -0.5686357617378235, -0.025032231584191322, -1.005126953125], [-0.02518978901207447, 0.007583607919514179, -0.9996539354324341, 1.4883003234863281], [0.5686288475990295, 0.8225544691085815, -0.008088509552180767, -1.33331298828125], [0.0, 0.0, 0.0, 1.0]], [[0.010224763303995132, -0.9999408721923828, -0.003705413779243827, 0.00531005859375], [-0.02323405258357525, 0.0034670333843678236, -0.9997240900993347, 1.4801673889160156], [0.9996777772903442, 0.010308032855391502, -0.023197228088974953, -1.7347412109375], [0.0, 0.0, 0.0, 1.0]], [[-0.8438661694526672, -0.5363256931304932, 0.015640035271644592, 1.0906982421875], [-0.015210290439426899, -0.005225484259426594, -0.9998706579208374, 1.4930763244628906], [0.5363381505012512, -0.8439948558807373, -0.0037480625323951244, -1.2777099609375], [0.0, 0.0, 0.0, 1.0]], [[0.9472114443778992, 0.3186591565608978, -0.03530970215797424, -1.1439208984375], [-0.04059091955423355, 0.009945837780833244, -0.9991263151168823, 1.562042236328125], [-0.31802958250045776, 0.9478171467781067, 0.02235548198223114, -0.156005859375], [0.0, 0.0, 0.0, 1.0]], [[0.00920877791941166, 0.9999554753303528, 0.002068115631118417, -0.02880859375], [-0.0384627133607