[{"images": ["samples/CAM_FRONT_LEFT/n008-2018-08-30-15-16-55-0400__CAM_FRONT_LEFT__1535656875254799.jpg", "samples/CAM_FRONT/n008-2018-08-30-15-16-55-0400__CAM_FRONT__1535656875262404.jpg", "samples/CAM_FRONT_RIGHT/n008-2018-08-30-15-16-55-0400__CAM_FRONT_RIGHT__1535656875270482.jpg", "samples/CAM_BACK_LEFT/n008-2018-08-30-15-16-55-0400__CAM_BACK_LEFT__1535656875297405.jpg", "samples/CAM_BACK/n008-2018-08-30-15-16-55-0400__CAM_BACK__1535656875287560.jpg", "samples/CAM_BACK_RIGHT/n008-2018-08-30-15-16-55-0400__CAM_BACK_RIGHT__1535656875278113.jpg"], "intrinsics": [[[1257.8625342125129, 0.0, 827.2410631095686], [0.0, 1257.8625342125129, 450.915498205774], [0.0, 0.0, 1.0]], [[1252.8131021185304, 0.0, 826.588114781398], [0.0, 1252.8131021185304, 469.9846626224581], [0.0, 0.0, 1.0]], [[1256.7485116440405, 0.0, 817.7887570959712], [0.0, 1256.7485116440403, 451.9541780095127], [0.0, 0.0, 1.0]], [[1254.9860565800168, 0.0, 829.5769333630991], [0.0, 1254.9860565800168, 467.1680561863987], [0.0, 0.0, 1.0]], [[796.8910634503094, 0.0, 857.7774326863696], [0.0, 796.8910634503094, 476.8848988407415], [0.0, 0.0, 1.0]], [[1249.9629280788233, 0.0, 825.3768045375984], [0.0, 1249.9629280788233, 462.54816385708756], [0.0, 0.0, 1.0]]], "extrinsics": [[[0.8300719857215881, -0.5576424598693848, 0.0039244708605110645, -0.9674072265625], [0.009970019571483135, 0.007803707849234343, -0.9999198317527771, 1.4887447357177734], [0.5575671195983887, 0.8300445675849915, 0.012037346139550209, -1.30816650390625], [0.0, 0.0, 0.0, 1.0]], [[0.02140754833817482, -0.9997647404670715, -0.0034713121131062508, 0.00634765625], [0.011971107684075832, 0.0037281892728060484, -0.9999213814735413, 1.4806156158447266], [0.9996991753578186, 0.0213642455637455, 0.012048103846609592, -1.697052001953125], [0.0, 0.0, 0.0, 1.0]], [[-0.8392338156700134, -0.5435857176780701, -0.014189405366778374, 1.0660400390625], [0.020066626369953156, -0.0048827831633389, -0.9997866749763489, 1.4936628341674805], [0.5434004664421082, -0.839339554309845, 0.015005727298557758, -1.2613525390625], [0.0, 0.0, 0.0, 1.0]], [[0.9477619528770447, 0.3189733326435089, -0.0018066863995045424, -1.142730712890625], [-0.005330364219844341, 0.010174358263611794, -0.9999340176582336, 1.5620355606079102], [-0.3189339339733124, 0.9477090239524841, 0.011343113146722317, -0.15655517578125], [0.0, 0.0, 0.0, 1.0]], [[0.005740902852267027, 0.9999800324440002, 0.002614605473354459, -0.02880859375], [-0.003207979490980506, 0.0026330510154366493, -0.9999913573265076, 1.5680240392684937], [-0.9999783635139465, 0.005732420831918716, 0.003223031759262085, 0.0326690673828125], [0.0, 0.0, 0.0, 1.0]], [[-0.9261305928230286, 0.37710461020469666, -0.008606435731053352, 1.1407623291015625], [0.0011080967960879207, -0.020096413791179657, -0.9997974038124084, 1.5478382110595703], [-0.3772011995315552, -0.9259525537490845, 0.018194036558270454, -0.0517578125], [0.0, 0.0, 0.0, 1.0]]], "view": [[0.0, -2.0, 100.0], [-2.0, 0.0, 100.0], [0.0, 0.0, 1.0]], "bev": "bev_63a090f2e4d54086a29cfcd25ac75465.png", "aux": "aux_63a090f2e4d54086a29cfcd25ac75465.npz", "visibility": "visibility_63a090f2e4d54086a29cfcd25ac75465.png", "pose": [[-0.5988147854804993, -0.8008875250816345, 0.0, 769.6423950195312], [0.8008875250816345, -0.5988147854804993, 0.0, 421.6968078613281], [0.0, 0.0, 1.0, 0.0], [0.0, 0.0, 0.0, 1.0]], "pose_inverse": [[-0.5988147854804993, 0.8008875250816345, 0.0, 123.14155578613281], [-0.8008875250816345, -0.5988147854804993, 0.0, 868.915283203125], [0.0, 0.0, 1.0, 0.0], [0.0, 0.0, 0.0, 1.0]], "cam_ids": [0, 1, 2, 3, 4, 5], "cam_channels": ["CAM_FRONT_LEFT", "CAM_FRONT", "CAM_FRONT_RIGHT", "CAM_BACK_LEFT", "CAM_BACK", "CAM_BACK_RIGHT"], "token": "63a090f2e4d54086a29cfcd25ac75465", "scene": "scene-0750"}, {"images": ["samples/CAM_FRONT_LEFT/n008-2018-08-30-15-16-55-0400__CAM_FRONT_LEFT__1535656875754799.jpg", "samples/CAM_FRONT/n008-2018-08-30-15-16-55-0400__CAM_FRONT__1535656875762404.jpg", "samples/CAM_FRONT_RIGHT/n008-2018-08-30-15-16-55-0400__CAM_FRONT_RIGHT__1535656875770482.jpg", "samples/CAM_BACK_LEFT/n008-2018-08-30-15-16-55-0400__CAM_BACK_LEFT__1535656875797405.jpg", "samples/CAM_BACK/n008-2018-08-30-15-16-55-0400__CAM_BACK__1535656875787558.jpg", "samples/CAM_BACK_RIGHT/n008-2018-08-30-15-16-55-0400__CAM_BACK_RIGHT__1535656875778113.jpg"], "intrinsics": [[[1257.8625342125129, 0.0, 827.2410631095686], [0.0, 1257.8625342125129, 450.915498205774], [0.0, 0.0, 1.0]], [[1252.8131021185304, 0.0, 826.588114781398], [0.0, 1252.8131021185304, 469.9846626224581], [0.0, 0.0, 1.0]], [[1256.7485116440405, 0.0, 817.7887570959712], [0.0, 1256.7485116440403, 451.9541780095127], [0.0, 0.0, 1.0]], [[1254.9860565800168, 0.0, 829.5769333630991], [0.0, 1254.9860565800168, 467.1680561863987], [0.0, 0.0, 1.0]], [[796.8910634503094, 0.0, 857.7774326863696], [0.0, 796.8910634503094, 476.8848988407415], [0.0, 0.0, 1.0]], [[1249.9629280788233, 0.0, 825.3768045375984], [0.0, 1249.9629280788233, 462.54816385708756], [0.0, 0.0, 1.0]]], "extrinsics": [[[0.8312916159629822, -0.5558279156684875, 0.0031140316277742386, -0.958465576171875], [0.011467491276562214, 0.011548916809260845, -0.9998675584793091, 1.4889450073242188], [0.5557183623313904, 0.8312172889709473, 0.015974469482898712, -1.3017578125], [0.0, 0.0, 0.0, 1.0]], [[0.023188963532447815, -0.9997047781944275, -0.007255339063704014, 0.006103515625], [0.013408609665930271, 0.007567645516246557, -0.9998815059661865, 1.4807939529418945], [0.9996412396430969, 0.023088915273547173, 0.013580136932432652, -1.6879868507385254], [0.0, 0.0, 0.0, 1.0]], [[-0.8384771347045898, -0.5446568131446838, -0.017464807257056236, 1.060028076171875], [0.021436555311083794, -0.0009423812152817845, -0.9997697472572327, 1.4938527345657349], [0.5445150136947632, -0.8386585116386414, 0.01246573030948639, -1.2578125], [0.0, 0.0, 0.0, 1.0]], [[0.9477449059486389, 0.31902891397476196, 0.0004571302270051092, -1.142578125], [-0.004374548327177763, 0.014428270049393177, -0.9998863339424133, 1.5620384216308594], [-0.31899917125701904, 0.9476351737976074, 0.015069926157593727, -0.156494140625], [0.0, 0.0, 0.0, 1.0]], [[0.005216716323047876, 0.9999637603759766, 0.006732093635946512, -0.0286865234375], [-0.002074366668239236, 0.00674299243837595, -0.9999750852584839, 1.5680313110351562], [-0.9999843239784241, 0.005202663596719503, 0.0021094675175845623, 0.029956817626953125], [0.0, 0.0, 0.0, 1.0]], [[-0.9264885187149048, 0.3762320280075073, -0.008275125175714493, 1.1361083984375], [0.0023973542265594006, -0.01608823798596859, -0.9998676776885986, 1.5478744506835938], [-0.37631532549858093, -0.926385760307312, 0.014003605581820011, -0.0538330078125], [0.0, 0.0, 0.0, 1.0]]], "view": [[0.0, -2.0, 100.0], [-2.0, 0.0, 100.0], [0.0, 0.0, 1.0]], "bev": "bev_9a2ed9a81aa44bc3b375095b6163648b.png", "aux": "aux_9a2ed9a81aa44bc3b375095b6163648b.npz", "visibility": "visibility_9a2ed9a81aa44bc3b375095b6163648b.png", "pose": [[-0.4534136950969696, -0.8913002014160156, 0.0, 769.3272705078125], [0.8913002014160156, -0.4534136950969696, 0.0, 422.2070617675781], [0.0, 0.0, 1.0, 0.0], [0.0, 0.0, 0.0, 1.0]], "pose_inverse": [[-0.4534136950969696, 0.8913002014160156, 0.0, -27.48969841003418], [-0.8913002014160156, -0.4534136950969696, 0.0, 877.135986328125], [0.0, 0.0, 1.0, 0.0], [0.0, 0.0, 0.0, 1.0]], "cam_ids": [0, 1, 2, 3, 4, 5], "cam_channels": ["CAM_FRONT_LEFT", "CAM_FRONT", "CAM_FRONT_RIGHT", "CAM_BACK_LEFT", "CAM_BACK", "CAM_BACK_RIGHT"], "token": "9a2ed9a81aa44bc3b375095b6163648b", "scene": "scene-0750"}, {"images": ["samples/CAM_FRONT_LEFT/n008-2018-08-30-15-16-55-0400__CAM_FRONT_LEFT__1535656876254799.jpg", "samples/CAM_FRONT/n008-2018-08-30-15-16-55-0400__CAM_FRONT__1535656876262404.jpg", "samples/CAM_FRONT_RIGHT/n008-2018-08-30-15-16-55-0400__CAM_FRONT_RIGHT__1535656876270482.jpg", "samples/CAM_BACK_LEFT/n008-2018-08-30-15-16-55-0400__CAM_BACK_LEFT__1535656876297405.jpg", "samples/CAM_BACK/n008-2018-08-30-15-16-55-0400__CAM_BACK__1535656876287558.jpg", "samples/CAM_BACK_RIGHT/n008-2018-08-30-15-16-55-0400__CAM_BACK_RIGHT__1535656876278113.jpg"], "intrinsics": [[[1257.8625342125129, 0.0, 827.2410631095686], [0.0, 1257.8625342125129, 450.915498205774], [0.0, 0.0, 1.0]], [[1252.8131021185304, 0.0, 826.588114781398], [0.0, 1252.8131021185304, 469.9846626224581], [0.0, 0.0, 1.0]], [[1256.7485116440405, 0.0, 817.7887570959712], [0.0, 1256.7485116440403, 451.9541780095127], [0.0, 0.0, 1.0]], [[1254.9860565800168, 0.0, 829.5769333630991], [0.0, 1254.9860565800168, 467.1680561863987], [0.0, 0.0, 1.0]], [[796.8910634503094, 0.0, 857.7774326863696], [0.0, 796.8910634503094, 476.8848988407415], [0.0, 0.0, 1.0]], [[1249.9629280788233, 0.0, 825.3768045375984], [0.0, 1249.9629280788233, 462.54816385708756], [0.0, 0.0, 1.0]]], "extrinsics": [[[0.8296297192573547, -0.558287501335144, -0.005447299685329199, -0.94769287109375], [0.006278477609157562, 0.019085170701146126, -0.9997981786727905, 1.4887495040893555], [0.5582787990570068, 0.8294280171394348, 0.0193388182669878, -1.29364013671875], [0.0, 0.0, 0.0, 1.0]], [[0.020660312846302986, -0.9996734857559204, -0.015033944509923458, 0.00592041015625], [0.008329369127750397, 0.015208737924695015, -0.9998496770858765, 1.4806575775146484], [0.9997518658638, 0.02053198404610157, 0.008640865795314312, -1.67669677734375], [0.0, 0.0, 0.0, 1.0]], [[-0.8396117091178894, -0.5428950786590576, -0.017810137942433357, 1.052215576171875], [0.016789766028523445, 0.006834337022155523, -0.9998356699943542, 1.4938373565673828], [0.5429275035858154, -0.839772641658783, 0.0033768920693546534, -1.25341796875], [0.0, 0.0, 0.0, 1.0]], [[0.9477254748344421, 0.3190847933292389, -0.0011393516324460506, -1.1412277221679688], [-0.008914683945477009, 0.022908221930265427, -0.9996978044509888, 1.5620174407958984], [-0.31896230578422546, 0.9474492073059082, 0.02455524355173111, -0.15692138671875], [0.0, 0.0, 0.0, 1.0]], [[0.006039210595190525, 0.9998704791069031, 0.014917787164449692, -0.028564453125], [-0.006692798342555761, 0.014958140440285206, -0.999865710735321, 1.5679397583007812], [-0.9999593496322632, 0.005938555113971233, 0.006782266777008772, 0.025970458984375], [0.0, 0.0, 0.0, 1.0]], [[-0.9259726405143738, 0.37758925557136536, -0.0009781888220459223, 1.129913330078125], [-0.002242910210043192, -0.008090876042842865, -0.9999647736549377, 1.5477352142333984], [-0.3775838613510132, -0.925937831401825, 0.008338828571140766, -0.056640625], [0.0, 0.0, 0.0, 1.0]]], "view": [[0.0, -2.0, 100.0], [-2.0, 0.0, 100.0], [0.0, 0.0, 1.0]], "bev": "bev_bfa7e87dc48648b4a4230197828d4e08.png", "aux": "aux_bfa7e87dc48648b4a4230197828d4e08.npz", "visibility": "visibility_bfa7e87dc48648b4a4230197828d4e08.png", "pose": [[-0.29218536615371704, -0.956361711025238, 0.0, 769.0498046875], [0.956361711025238, -0.29218536615371704, 0.0, 422.9019470214844], [0.0, 0.0, 1.0, 0.0], [0.0, 0.0, 0.0, 1.0]], "pose_inverse": [[-0.29218536615371704, 0.956361711025238, 0.0, -179.74212646484375], [-0.956361711025238, -0.29218536615371704, 0.0, 859.0555419921875], [0.0, 0.0, 1.0, 0.0], [0.0, 0.0, 0.0, 1.0]], "cam_ids": [0, 1, 2, 3, 4, 5], "cam_channels": ["CAM_FRONT_LEFT", "CAM_FRONT", "CAM_FRONT_RIGHT", "CAM_BACK_LEFT", "CAM_BACK", "CAM_BACK_RIGHT"], "token": "bfa7e87dc48648b4a4230197828d4e08", "scene": "scene-0750"}, {"images": ["samples/CAM_FRONT_LEFT/n008-2018-08-30-15-16-55-0400__CAM_FRONT_LEFT__1535656876754799.jpg", "samples/CAM_FRONT/n008-2018-08-30-15-16-55-0400__CAM_FRONT__1535656876762404.jpg", "samples/CAM_FRONT_RIGHT/n008-2018-08-30-15-16-55-0400__CAM_FRONT_RIGHT__1535656876770482.jpg", "samples/CAM_BACK_LEFT/n008-2018-08-30-15-16-55-0400__CAM_BACK_LEFT__1535656876797405.jpg", "samples/CAM_BACK/n008-2018-08-30-15-16-55-0400__CAM_BACK__1535656876787558.jpg", "samples/CAM_BACK_RIGHT/n008-2018-08-30-15-16-55-0400__CAM_BACK_RIGHT__1535656876778113.jpg"], "intrinsics": [[[1257.8625342125129, 0.0, 827.2410631095686], [0.0, 1257.8625342125129, 450.915498205774], [0.0, 0.0, 1.0]], [[1252.8131021185304, 0.0, 826.588114781398], [0.0, 1252.8131021185304, 469.9846626224581], [0.0, 0.0, 1.0]], [[1256.7485116440405, 0.0, 817.7887570959712], [0.0, 1256.7485116440403, 451.9541780095127], [0.0, 0.0, 1.0]], [[1254.9860565800168, 0.0, 829.5769333630991], [0.0, 1254.9860565800168, 467.1680561863987], [0.0, 0.0, 1.0]], [[796.8910634503094, 0.0, 857.7774326863696], [0.0, 796.8910634503094, 476.8848988407415], [0.0, 0.0, 1.0]], [[1249.9629280788233, 0.0, 825.3768045375984], [0.0, 1249.9629280788233, 462.54816385708756], [0.0, 0.0, 1.0]]], "extrinsics": [[[0.8233880400657654, -0.5674413442611694, -0.006520234979689121, -0.9560546875], [0.0051816850900650024, 0.019007263705134392, -0.9998058676719666, 1.4885921478271484], [0.5674551129341125, 0.8231944441795349, 0.01859065517783165, -1.30010986328125], [0.0, 0.0, 0.0, 1.0]], [[0.011471465229988098, -0.9998278021812439, -0.01458585262298584, 0.00628662109375], [0.006989121437072754, 0.01466662809252739, -0.9998680353164673, 1.4805021286010742], [0.9999096989631653, 0.01136801391839981, 0.007156165782362223, -1.685821533203125], [0.0, 0.0, 0.0, 1.0]], [[-0.8434921503067017, -0.5369144082069397, -0.015616272576153278, 1.0587615966796875], [0.014853069558739662, 0.005747366230934858, -0.999873161315918, 1.4936355352401733], [0.5369359254837036, -0.8436172008514404, 0.0031269672326743603, -1.25677490234375], [0.0, 0.0, 0.0, 1.0]], [[0.9478481411933899, 0.31869566440582275, -0.004115439485758543, -1.1417961120605469], [-0.011167796328663826, 0.020304765552282333, -0.9997314214706421, 1.5620174407958984], [-0.3185265064239502, 0.9476395845413208, 0.02280496433377266, -0.156982421875], [0.0, 0.0, 0.0, 1.0]], [[0.00885438360273838, 0.9998777508735657, 0.012888993136584759, -0.02899169921875], [-0.008805717341601849, 0.012966963462531567, -0.9998770952224731, 1.5679244995117188], [-0.9999220371246338, 0.008739774115383625, 0.008919455111026764, 0.029052734375], [0.0, 0.0, 0.0, 1.0]], [[-0.9240051507949829, 0.3823794722557068, 0.00040498896851204336, 1.13482666015625], [-0.004379837308079004, -0.009524638764560223, -0.9999450445175171, 1.5476927757263184], [-0.38235458731651306, -0.9239562749862671, 0.010475576855242252, -0.05401611328125], [0.0, 0.0, 0.0, 1.0]]], "view": [[0.0, -2.0, 100.0], [-2.0, 0.0, 100.0], [0.0, 0.0, 1.0]], "bev": "bev_88334f8b6f77478d95ab414e3e54ee3f.png", "aux": "aux_88334f8b6f77478d95ab414e3e54ee3f.npz", "visibility": "visibility_88334f8b6f77478d95ab414e3e54ee3f.png", "pose": [[-0.227842316031456, -0.9736980199813843, 0.0, 768.8551635742188], [0.9736980199813843, -0.227842316031456, 0.0, 423.65350341796875], [0.0, 0.0, 1.0, 0.0], [0.0, 0.0, 0.0, 1.0]], "pose_inverse": [[-0.227842316031456, 0.9736980199813843, 0.0, -237.3328399658203], [-0.9736980199813843, -0.227842316031456, 0.0, 845.158935546875], [0.0, 0.0, 1.0, 0.0], [0.0, 0.0, 0.0, 1.0]], "cam_ids": [0, 1, 2, 3, 4, 5], "cam_channels": ["CAM_FRONT_LEFT", "CAM_FRONT", "CAM_FRONT_RIGHT", "CAM_BACK_LEFT", "CAM_BACK", "CAM_BACK_RIGHT"], "token": "88334f8b6f77478d95ab414e3e54ee3f", "scene": "scene-0750"}, {"images": ["samples/CAM_FRONT_LEFT/n008-2018-08-30-15-16-55-0400__CAM_FRONT_LEFT__1535656877254799.jpg", "samples/CAM_FRONT/n008-2018-08-30-15-16-55-0400__CAM_FRONT__1535656877262404.jpg", "samples/CAM_FRONT_RIGHT/n008-2018-08-30-15-16-55-0400__CAM_FRONT_RIGHT__1535656877270482.jpg", "samples/CAM_BACK_LEFT/n008-2018-08-30-15-16-55-0400__CAM_BACK_LEFT__1535656877297405.jpg", "samples/CAM_BACK/n008-2018-08-30-15-16-55-0400__CAM_BACK__1535656877287558.jpg", "samples/CAM_BACK_RIGHT/n008-2018-08-30-15-16-55-0400__CAM_BACK_RIGHT__1535656877278113.jpg"], "intrinsics": [[[1257.8625342125129, 0.0, 827.2410631095686], [0.0, 1257.8625342125129, 450.915498205774], [0.0, 0.0, 1.0]], [[1252.8131021185304, 0.0, 826.588114781398], [0.0, 1252.8131021185304, 469.9846626224581], [0.0, 0.0, 1.0]], [[1256.7485116440405, 0.0, 817.7887570959712], [0.0, 1256.7485116440403, 451.9541780095127], [0.0, 0.0, 1.0]], [[1254.9860565800168, 0.0, 829.5769333630991], [0.0, 1254.9860565800168, 467.1680561863987], [0.0, 0.0, 1.0]], [[796.8910634503094, 0.0, 857.7774326863696], [0.0, 796.8910634503094, 476.8848988407415], [0.0, 0.0, 1.0]], [[1249.9629280788233, 0.0, 825.3768045375984], [0.0, 1249.9629280788233, 462.54816385708756], [0.0, 0.0, 1.0]]], "extrinsics": [[[0.8220627307891846, -0.569294810295105, -0.01078476756811142, -0.97625732421875], [-0.0010975014884024858, 0.017356423661112785, -0.9998487830162048, 1.4882440567016602], [0.5693958401679993, 0.8219501972198486, 0.013643265701830387, -1.3143310546875], [0.0, 0.0, 0.0, 1.0]], [[0.009541450999677181, -0.9998679757118225, -0.013155241496860981, 0.00628662109375], [0.0009386271121911705, 0.013164788484573364, -0.9999129176139832, 1.4801855087280273], [0.9999540448188782, 0.009528283029794693, 0.0010641143890097737, -1.70623779296875], [0.0, 0.0, 0.0, 1.0]], [[-0.8443360924720764, -0.5357208847999573, -0.009984825737774372, 1.0721588134765625], [0.009042802266776562, 0.004385039675980806, -0.9999495148658752, 1.493270993232727], [0.5357376933097839, -0.844383716583252, 0.001141970045864582, -1.26519775390625], [0.0, 0.0, 0.0, 1.0]], [[0.9478412866592407, 0.3186131417751312, -0.009085380472242832, -1.1426124572753906], [-0.01606409251689911, 0.01928260549902916, -0.9996849894523621, 1.5620193481445312], [-0.3183375895023346, 0.9476886987686157, 0.023395080119371414, -0.1566162109375], [0.0, 0.0, 0.0, 1.0]], [[0.009489191696047783, 0.999886155128479, 0.011730137281119823, -0.02886962890625], [-0.01403859257698059, 0.011862720362842083, -0.9998310208320618, 1.5679349899291992], [-0.9998564124107361, 0.00932292640209198, 0.014149562455713749, 0.0354766845703125], [0.0, 0.0, 0.0, 1.0]], [[-0.9235888123512268, 0.3833509385585785, 0.0050583649426698685, 1.14556884765625], [-0.00993842352181673, -0.010750450193881989, -0.9998928308486938, 1.5476536750793457], [-0.3832554817199707, -0.9235401749610901, 0.013738901354372501, -0.049560546875], [0.0, 0.0, 0.0, 1.0]]], "view": [[0.0, -2.0, 100.0], [-2.0, 0.0, 100.0], [0.0, 0.0, 1.0]], "bev": "bev_db0a7894793848fa9d6e4a0836f88e27.png", "aux": "aux_db0a7894793848fa9d6e4a0836f88e27.npz", "visibility": "visibility_db0a7894793848fa9d6e4a0836f88e27.png", "pose": [[-0.2265319675207138, -0.9740037322044373, 0.0, 768.74365234375], [0.9740037322044373, -0.2265319675207138, 0.0, 424.1709899902344], [0.0, 0.0, 1.0, 0.0], [0.0, 0.0, 0.0, 1.0]], "pose_inverse": [[-0.2265319675207138, 0.9740037322044373, 0.0, -238.99911499023438], [-0.9740037322044373, -0.2265319675207138, 0.0, 844.8474731445312], [0.0, 0.0, 1.0, 0.0], [0.0, 0.0, 0.0, 1.0]], "cam_ids": [0, 1, 2, 3, 4, 5], "cam_channels": ["CAM_FRONT_LEFT", "CAM_FRONT", "CAM_FRONT_RIGHT", "CAM_BACK_LEFT", "CAM_BACK", "CAM_BACK_RIGHT"], "token": "db0a7894793848fa9d6e4a0836f88e27", "scene": "scene-0750"}, {"images": ["samples/CAM_FRONT_LEFT/n008-2018-08-30-15-16-55-0400__CAM_FRONT_LEFT__1535656877754799.jpg", "samples/CAM_FRONT/n008-2018-08-30-15-16-55-0400__CAM_FRONT__1535656877762404.jpg", "samples/CAM_FRONT_RIGHT/n008-2018-08-30-15-16-55-0400__CAM_FRONT_RIGHT__1535656877770482.jpg", "samples/CAM_BACK_LEFT/n008-2018-08-30-15-16-55-0400__CAM_BACK_LEFT__1535656877797409.jpg", "samples/CAM_BACK/n008-2018-08-30-15-16-55-0400__CAM_BACK__1535656877787558.jpg", "samples/CAM_BACK_RIGHT/n008-2018-08-30-15-16-55-0400__CAM_BACK_RIGHT__1535656877778113.jpg"], "intrinsics": [[[1257.8625342125129, 0.0, 827.2410631095686], [0.0, 1257.8625342125129, 450.915498205774], [0.0, 0.0, 1.0]], [[1252.8131021185304, 0.0, 826.588114781398], [0.0, 1252.8131021185304, 469.9846626224581], [0.0, 0.0, 1.0]], [[1256.7485116440405, 0.0, 817.7887570959712], [0.0, 1256.7485116440403, 451.9541780095127], [0.0, 0.0, 1.0]], [[1254.9860565800168, 0.0, 829.5769333630991], [0.0, 1254.9860565800168, 467.1680561863987], [0.0, 0.0, 1.0]], [[796.8910634503094, 0.0, 857.7774326863696], [0.0, 796.8910634503094, 476.8848988407415], [0.0, 0.0, 1.0]], [[1249.9629280788233, 0.0, 825.3768045375984], [0.0, 1249.9629280788233, 462.54816385708756], [0.0, 0.0, 1.0]]], "extrinsics": [[[0.8215790390968323, -0.5700486898422241, -0.00724507961422205, -0.98724365234375], [0.0006885287584736943, 0.013700723648071289, -0.9999058842658997, 1.4883108139038086], [0.5700942873954773, 0.8214967846870422, 0.011648720130324364, -1.3209228515625], [0.0, 0.0, 0.0, 1.0]], [[0.008835622109472752, -0.9999159574508667, -0.009488286450505257, 0.0054931640625], [0.002603527158498764, 0.009511628188192844, -0.9999514222145081, 1.4802131652832031], [0.9999575614929199, 0.00881052017211914, 0.0026873501483350992, -1.716766357421875], [0.0, 0.0, 0.0, 1.0]], [[-0.8446241617202759, -0.5352783799171448, -0.00933796539902687, 1.078704833984375], [0.010585973970592022, 0.0007403086056001484, -0.9999436736106873, 1.4932217597961426], [0.5352551937103271, -0.8446754217147827, 0.005041159223765135, -1.27001953125], [0.0, 0.0, 0.0, 1.0]], [[0.9478671550750732, 0.3185356855392456, -0.009106571786105633, -1.1428184509277344], [-0.014925633557140827, 0.015832141041755676, -0.9997632503509521, 1.5620269775390625], [-0.31831616163253784, 0.9477786421775818, 0.019761113449931145, -0.15643310546875], [0.0, 0.0, 0.0, 1.0]], [[0.009712542407214642, 0.9999191761016846, 0.008211573585867882, -0.02880859375], [-0.012745427899062634, 0.008335085585713387, -0.9998840093612671, 1.5679855346679688], [-0.9998716711997986, 0.009606749750673771, 0.012825352139770985, 0.0384368896484375], [0.0, 0.0, 0.0, 1.0]], [[-0.9234337210655212, 0.3837506175041199, 0.0023661938030272722, 1.15106201171875], [-0.008520626462996006, -0.014338396489620209, -0.9998608827590942, 1.5477228164672852], [-0.3836632966995239, -0.9233254194259644, 0.016510354354977608, -0.0477294921875], [0.0, 0.0, 0.0, 1.0]]], "view": [[0.0, -2.0, 100.0], [-2.0, 0.0, 100.0], [0.0, 0.0, 1.0]], "bev": "bev_391ac8da3548493eb241ea718e96491e.png", "aux": "aux_391ac8da3548493eb241ea718e96491e.npz", "visibility": "visibility_391ac8da3548493eb241ea718e96491e.png", "pose": [[-0.24255958199501038, -0.9701365232467651, 0.0, 768.6754150390625], [0.9701365232467651, -0.24255958199501038, 0.0, 424.4574890136719], [0.0, 0.0, 1.0, 0.0], [0.0, 0.0, 0.0, 1.0]], "pose_inverse": [[-0.24255958199501038, 0.9701365232467651, 0.0, -225.33212280273438], [-0.9701365232467651, -0.24255958199501038, 0.0, 848.6763305664062], [0.0, 0.0, 1.0, 0.0], [0.0, 0.0, 0.0, 1.0]], "cam_ids": [0, 1, 2, 3, 4, 5], "cam_channels": ["CAM_FRONT_LEFT", "CAM_FRONT", "CAM_FRONT_RIGHT", "CAM_BACK_LEFT", "CAM_BACK", "CAM_BACK_RIGHT"], "token": "391ac8da3548493eb241ea718e96491e", "scene": "scene-0750"}, {"images": ["samples/CAM_FRONT_LEFT/n008-2018-08-30-15-16-55-0400__CAM_FRONT_LEFT__1535656878254799.jpg", "samples/CAM_FRONT/n008-2018-08-30-15-16-55-0400__CAM_FRONT__1535656878262404.jpg", "samples/CAM_FRONT_RIGHT/n008-2018-08-30-15-16-55-0400__CAM_FRONT_RIGHT__1535656878270482.jpg", "samples/CAM_BACK_LEFT/n008-2018-08-30-15-16-55-0400__CAM_BACK_LEFT__1535656878297405.jpg", "samples/CAM_BACK/n008-2018-08-30-15-16-55-0400__CAM_BACK__1535656878287558.jpg", "samples/CAM_BACK_RIGHT/n008-2018-08-30-15-16-55-0400__CAM_BACK_RIGHT__1535656878278113.jpg"], "intrinsics": [[[1257.8625342125129, 0.0, 827.2410631095686], [0.0, 1257.8625342125129, 450.915498205774], [0.0, 0.0, 1.0]], [[1252.8131021185304, 0.0, 826.588114781398], [0.0, 1252.8131021185304, 469.9846626224581], [0.0, 0.0, 1.0]], [[1256.7485116440405, 0.0, 817.7887570959712], [0.0, 1256.7485116440403, 451.9541780095127], [0.0, 0.0, 1.0]], [[1254.9860565800168, 0.0, 829.5769333630991], [0.0, 1254.9860565800168, 467.1680561863987], [0.0, 0.0, 1.0]], [[796.8910634503094, 0.0, 857.7774326863696], [0.0, 796.8910634503094, 476.8848988407415], [0.0, 0.0, 1.0]], [[1249.9629280788233, 0.0, 825.3768045375984], [0.0, 1249.9629280788233, 462.54816385708756], [0.0, 0.0, 1.0]]], "extrinsics": [[[0.8212708830833435, -0.5704314112663269, -0.011053436435759068, -0.98974609375], [-0.0029587973840534687, 0.015115142799913883, -0.999881386756897, 1.488234519958496], [0.570530891418457, 0.821206271648407, 0.010725834406912327, -1.3231201171875], [0.0, 0.0, 0.0, 1.0]], [[0.00838662963360548, -0.9999040365219116, -0.011028437875211239, 0.0057373046875], [-0.0010589506709948182, 0.011019939556717873, -0.9999387264251709, 1.4801464080810547], [0.9999642968177795, 0.008397760801017284, -0.0009664282551966608, -1.7194061279296875], [0.0, 0.0, 0.0, 1.0]], [[-0.8448319435119629, -0.5349850058555603, -0.007076845038682222, 1.08056640625], [0.00690094567835331, 0.002330006333068013, -0.999973475933075, 1.4931546449661255], [0.5349873900413513, -0.8448583483695984, 0.001723438617773354, -1.27093505859375], [0.0, 0.0, 0.0, 1.0]], [[0.9478511810302734, 0.31848573684692383, -0.012040595524013042, -1.14276123046875], [-0.01862625777721405, 0.0176406167447567, -0.9996708631515503, 1.562021255493164], [-0.3181685507297516, 0.9477634429931641, 0.022652877494692802, -0.15643310546875], [0.0, 0.0, 0.0, 1.0]], [[0.009902844205498695, 0.9999018907546997, 0.00991375558078289, -0.0289306640625], [-0.01644097827374935, 0.010075714439153671, -0.9998140335083008, 1.5679740905761719], [-0.999815821647644, 0.009737946093082428, 0.016539141535758972, 0.0392303466796875], [0.0, 0.0, 0.0, 1.0]], [[-0.9233205914497375, 0.3839764893054962, 0.006411692127585411, 1.15234375], [-0.01221497356891632, -0.01267691794782877, -0.999845027923584, 1.5477042198181152], [-0.38383567333221436, -0.9232558012008667, 0.016395121812820435, -0.04705810546875], [0.0, 0.0, 0.0, 1.0]]], "view": [[0.0, -2.0, 100.0], [-2.0, 0.0, 100.0], [0.0, 0.0, 1.0]], "bev": "bev_31b679a2cf414b969960a1e911e52dfc.png", "aux": "aux_31b679a2cf414b969960a1e911e52dfc.npz", "visibility": "visibility_31b679a2cf414b969960a1e911e52dfc.png", "pose": [[-0.26342064142227173, -0.964681088924408, 0.0, 768.6275024414062], [0.964681088924408, -0.26342064142227173, 0.0, 424.6480407714844], [0.0, 0.0, 1.0, 0.0], [0.0, 0.0, 0.0, 1.0]], "pose_inverse": [[-0.26342064142227173, 0.964681088924408, 0.0, -207.17758178710938], [-0.964681088924408, -0.26342064142227173, 0.0, 853.3414306640625], [0.0, 0.0, 1.0, 0.0], [0.0, 0.0, 0.0, 1.0]], "cam_ids": [0, 1, 2, 3, 4, 5], "cam_channels": ["CAM_FRONT_LEFT", "CAM_FRONT", "CAM_FRONT_RIGHT", "CAM_BACK_LEFT", "CAM_BACK", "CAM_BACK_RIGHT"], "token": "31b679a2cf414b969960a1e911e52dfc", "scene": "scene-0750"}, {"images": ["samples/CAM_FRONT_LEFT/n008-2018-08-30-15-16-55-0400__CAM_FRONT_LEFT__1535656878754816.jpg", "samples/CAM_FRONT/n008-2018-08-30-15-16-55-0400__CAM_FRONT__1535656878762404.jpg", "samples/CAM_FRONT_RIGHT/n008-2018-08-30-15-16-55-0400__CAM_FRONT_RIGHT__1535656878770482.jpg", "samples/CAM_BACK_LEFT/n008-2018-08-30-15-16-55-0400__CAM_BACK_LEFT__1535656878797405.jpg", "samples/CAM_BACK/n008-2018-08-30-15-16-55-0400__CAM_BACK__1535656878787558.jpg", "samples/CAM_BACK_RIGHT/n008-2018-08-30-15-16-55-0400__CAM_BACK_RIGHT__1535656878778113.jpg"], "intrinsics": [[[1257.8625342125129, 0.0, 827.2410631095686], [0.0, 1257.8625342125129, 450.915498205774], [0.0, 0.0, 1.0]], [[1252.8131021185304, 0.0, 826.588114781398], [0.0, 1252.8131021185304, 469.9846626224581], [0.0, 0.0, 1.0]], [[1256.7485116440405, 0.0, 817.7887570959712], [0.0, 1256.7485116440403, 451.9541780095127], [0.0, 0.0, 1.0]], [[1254.9860565800168, 0.0, 829.5769333630991], [0.0, 1254.9860565800168, 467.1680561863987], [0.0, 0.0, 1.0]], [[796.8910634503094, 0.0, 857.7774326863696], [0.0, 796.8910634503094, 476.8848988407415], [0.0, 0.0, 1.0]], [[1249.9629280788233, 0.0, 825.3768045375984], [0.0, 1249.9629280788233, 462.54816385708756], [0.0, 0.0, 1.0]]], "extrinsics": [[[0.8225322365760803, -0.5685429573059082, -0.014135103672742844, -1.00054931640625], [-0.00565962353721261, 0.016670139506459236, -0.999845027923584, 1.4882593154907227], [0.5686904191970825, 0.8224846720695496, 0.010493986308574677, -1.33056640625], [0.0, 0.0, 0.0, 1.0]], [[0.010230282321572304, -0.9998670220375061, -0.012700113467872143, 0.00567626953125], [-0.0035918299108743668, 0.012663951143622398, -0.9999133944511414, 1.480147361755371], [0.9999412298202515, 0.010274981148540974, -0.0034617967903614044, -1.7304534912109375], [0.0, 0.0, 0.0, 1.0]], [[-0.8440675735473633, -0.5362024903297424, -0.006060280371457338, 1.0880126953125], [0.004578402731567621, 0.004094881005585194, -0.9999811053276062, 1.4930870532989502], [0.536217212677002, -0.8440794944763184, -0.0010014072759076953, -1.27557373046875], [0.0, 0.0, 0.0, 1.0]], [[0.9477880597114563, 0.3186400234699249, -0.012892752885818481, -1.1436004638671875], [-0.020185131579637527, 0.019594457000494003, -0.9996042251586914, 1.5620365142822266], [-0.3182613253593445, 0.9476732611656189, 0.025003185495734215, -0.15618896484375], [0.0, 0.0, 0.0, 1.0]], [[0.009332778863608837, 0.9998869299888611, 0.011789829470217228, -0.0289306640625], [-0.018273763358592987, 0.011958914808928967, -0.9997614622116089, 1.5680351257324219], [-0.9997894167900085, 0.009115123189985752, 0.018383309245109558, 0.042938232421875], [0.0, 0.0, 0.0, 1.0]], [[-0.9237124919891357, 0.38297897577285767, 0.009069843217730522, 1.1583251953125], [-0.01432364247739315, -0.010868873447179794, -0.9998383522033691, 1.5477790832519531], [-0.38281843066215515, -0.923693060874939, 0.01552536804229021, -0.04449462890625], [0.0, 0.0, 0.0, 1.0]]], "view": [[0.0, -2.0, 100.0], [-2.0, 0.0, 100.0], [0.0, 0.0, 1.0]], "bev": "bev_ed2ef711f4b04811a5a2b00f30fe1ddc.png", "aux": "aux_ed2ef711f4b04811a5a2b00f30fe1ddc.npz", "visibility": "visibility_ed2ef711f4b04811a5a2b00f30fe1ddc.png", "pose": [[-0.2693547308444977, -0.9630410075187683, 0.0, 768.5989379882812], [0.9630410075187683, -0.2693547308444977, 0.0, 424.760009765625], [0.0, 0.0, 1.0, 0.0], [0.0, 0.0, 0.0, 1.0]], "pose_inverse": [[-0.2693547308444977, 0.9630410075187683, 0.0, -202.03553771972656], [-0.9630410075187683, -0.2693547308444977, 0.0, 854.6034545898438], [0.0, 0.0, 1.0, 0.0], [0.0, 0.0, 0.0, 1.0]], "cam_ids": [0, 1, 2, 3, 4, 5], "cam_channels": ["CAM_FRONT_LEFT", "CAM_FRONT", "CAM_FRONT_RIGHT", "CAM_BACK_LEFT", "CAM_BACK", "CAM_BACK_RIGHT"], "token": "ed2ef711f4b04811a5a2b00f30fe1ddc", "scene": "scene-0750"}, {"images": ["samples/CAM_FRONT_LEFT/n008-2018-08-30-15-16-55-0400__CAM_FRONT_LEFT__1535656879254799.jpg", "samples/CAM_FRONT/n008-2018-08-30-15-16-55-0400__CAM_FRONT__1535656879262404.jpg", "samples/CAM_FRONT_RIGHT/n008-2018-08-30-15-16-55-0400__CAM_FRONT_RIGHT__1535656879271126.jpg", "samples/CAM_BACK_LEFT/n008-2018-08-30-15-16-55-0400__CAM_BACK_LEFT__1535656879297405.jpg", "samples/CAM_BACK/n008-2018-08-30-15-16-55-0400__CAM_BACK__1535656879287558.jpg", "samples/CAM_BACK_RIGHT/n008-2018-08-30-15-16-55-0400__CAM_BACK_RIGHT__1535656879278113.jpg"], "intrinsics": [[[1257.8625342125129, 0.0, 827.2410631095686], [0.0, 1257.8625342125129, 450.915498205774], [0.0, 0.0, 1.0]], [[1252.8131021185304, 0.0, 826.588114781398], [0.0, 1252.8131021185304, 469.9846626224581], [0.0, 0.0, 1.0]], [[1256.7485116440405, 0.0, 817.7887570959712], [0.0, 1256.7485116440403, 451.9541780095127], [0.0, 0.0, 1.0]], [[1254.9860565800168, 0.0, 829.5769333630991], [0.0, 1254.9860565800168, 467.1680561863987], [0.0, 0.0, 1.0]], [[796.8910634503094, 0.0, 857.7774326863696], [0.0, 796.8910634503094, 476.8848988407415], [0.0, 0.0, 1.0]], [[1249.9629280788233, 0.0, 825.3768045375984], [0.0, 1249.9629280788233, 462.54816385708756], [0.0, 0.0, 1.0]]], "extrinsics": [[[0.8223274350166321, -0.5689010620117188, -0.011371725238859653, -1.006103515625], [-0.001606220263056457, 0.017664054408669472, -0.999842643737793, 1.4882917404174805], [0.569012463092804, 0.822216272354126, 0.013611852191388607, -1.33441162109375], [0.0, 0.0, 0.0, 1.0]], [[0.009944605641067028, -0.9998587369918823, -0.013549605384469032, 0.005615234375], [0.0003670140285976231, 0.013553923927247524, -0.9999080896377563, 1.4801616668701172], [0.9999504685401917, 0.009938712231814861, 0.0005017507937736809, -1.7359771728515625], [0.0, 0.0, 0.0, 1.0]], [[-0.8441649079322815, -0.5359957814216614, -0.009702129289507866, 1.0916748046875], [0.008415618911385536, 0.004846122581511736, -0.9999528527259827, 1.4930624961853027], [0.5360174775123596, -0.8442068099975586, 0.00041980872629210353, -1.27789306640625], [0.0, 0.0, 0.0, 1.0]], [[0.9478459358215332, 0.31858116388320923, -0.009706742130219936, -1.1441116333007812], [-0.016907824203372, 0.019846027716994286, -0.9996600151062012, 1.5620441436767578], [-0.3182801306247711, 0.9476878643035889, 0.02419748716056347, -0.15606689453125], [0.0, 0.0, 0.0, 1.0]], [[0.00938002485781908, 0.9998807907104492, 0.012262191623449326, -0.0289306640625], [-0.014798285439610481, 0.012400193139910698, -0.9998135566711426, 1.5680656433105469], [-0.9998465180397034, 0.009196845814585686, 0.014912835322320461, 0.044830322265625], [0.0, 0.0, 0.0, 1.0]], [[-0.9236754775047302, 0.38313028216362, 0.005890810862183571, 1.16131591796875], [-0.0106298066675663, -0.010253232903778553, -0.999890923500061, 1.5478224754333496], [-0.3830280303955078, -0.9236373901367188, 0.013543261215090752, -0.04327392578125], [0.0, 0.0, 0.0, 1.0]]], "view": [[0.0, -2.0, 100.0], [-2.0, 0.0, 100.0], [0.0, 0.0, 1.0]], "bev": "bev_00b6083f1d494b20ac65bba653418bc7.png", "aux": "aux_00b6083f1d494b20ac65bba653418bc7.npz", "visibility": "visibility_00b6083f1d494b20ac65bba653418bc7.png", "pose": [[-0.27059078216552734, -0.9626944661140442, 0.0, 768.6008911132812], [0.9626944661140442, -0.27059078216552734, 0.0, 424.7646789550781], [0.0, 0.0, 1.0, 0.0], [0.0, 0.0, 0.0, 1.0]], "pose_inverse": [[-0.27059078216552734, 0.9626944661140442, 0.0, -200.94229125976562], [-0.9626944661140442, -0.27059078216552734, 0.0, 854.865234375], [0.0, 0.0, 1.0, 0.0], [0.0, 0.0, 0.0, 1.0]], "cam_ids": [0, 1, 2, 3, 4, 5], "cam_channels": ["CAM_FRONT_LEFT", "CAM_FRONT", "CAM_FRONT_RIGHT", "CAM_BACK_LEFT", "CAM_BACK", "CAM_BACK_RIGHT"], "token": "00b6083f1d494b20ac65bba653418bc7", "scene": "scene-0750"}, {"images": ["samples/CAM_FRONT_LEFT/n008-2018-08-30-15-16-55-0400__CAM_FRONT_LEFT__1535656879754799.jpg", "samples/CAM_FRONT/n008-2018-08-30-15-16-55-0400__CAM_FRONT__1535656879762404.jpg", "samples/CAM_FRONT_RIGHT/n008-2018-08-30-15-16-55-0400__CAM_FRONT_RIGHT__1535656879770482.jpg", "samples/CAM_BACK_LEFT/n008-2018-08-30-15-16-55-0400__CAM_BACK_LEFT__1535656879797405.jpg", "samples/CAM_BACK/n008-2018-08-30-15-16-55-0400__CAM_BACK__1535656879787558.jpg", "samples/CAM_BACK_RIGHT/n008-2018-08-30-15-16-55-0400__CAM_BACK_RIGHT__1535656879778113.jpg"], "intrinsics": [[[1257.8625342125129, 0.0, 827.2410631095686], [0.0, 1257.8625342125129, 450.915498205774], [0.0, 0.0, 1.0]], [[1252.8131021185304, 0.0, 826.588114781398], [0.0, 1252.8131021185304, 469.9846626224581], [0.0, 0.0, 1.0]], [[1256.7485116440405, 0.0, 817.7887570959712], [0.0, 1256.7485116440403, 451.9541780095127], [0.0, 0.0, 1.0]], [[1254.9860565800168, 0.0, 829.5769333630991], [0.0, 1254.9860565800168, 467.1680561863987], [0.0, 0.0, 1.0]], [[796.8910634503094, 0.0, 857.7774326863696], [0.0, 796.8910634503094, 476.8848988407415], [0.0, 0.0, 1.0]], [[1249.9629280788233, 0.0, 825.3768045375984], [0.0, 1249.9629280788233, 462.54816385708756], [0.0, 0.0, 1.0]]], "extrinsics": [[[0.8223720788955688, -0.5688463449478149, -0.010857059620320797, -1.00537109375], [-0.0015058494172990322, 0.016906369477510452, -0.9998559355735779, 1.4882917404174805], [0.568947970867157, 0.8222700357437134, 0.013046731241047382, -1.3338623046875], [0.0, 0.0, 0.0, 1.0]], [[0.009985529817640781, -0.9998682737350464, -0.012791731394827366, 0.00555419921875], [0.00045235108700580895, 0.012796885333955288, -0.9999179840087891, 1.4801626205444336], [0.9999500513076782, 0.00997890904545784, 0.0005800750805065036, -1.73516845703125], [0.0, 0.0, 0.0, 1.0]], [[-0.8441558480262756, -0.5360159277915955, -0.009367906488478184, 1.09100341796875], [0.008481376804411411, 0.0041190688498318195, -0.9999555349349976, 1.4930685758590698], [0.5360307097434998, -0.8441978096961975, 0.0010690165217965841, -1.277587890625], [0.0, 0.0, 0.0, 1.0]], [[0.9478315711021423, 0.31862062215805054, -0.009802361018955708, -1.14398193359375], [-0.016848277300596237, 0.019365347921848297, -0.9996705055236816, 1.562042236328125], [-0.31832578778266907, 0.9476844668388367, 0.02372329868376255, -0.15618896484375], [0.0, 0.0, 0.0, 1.0]], [[0.009364561177790165, 0.9998878836631775, 0.011678788810968399, -0.0289306640625], [-0.014747698791325092, 0.011816132813692093, -0.9998213648796082, 1.5680627822875977], [-0.999847412109375, 0.00919063575565815, 0.014856699854135513, 0.0445098876953125], [0.0, 0.0, 0.0, 1.0]], [[-0.9236817359924316, 0.3831198513507843, 0.00558002945035696, 1.160888671875], [-0.010570310987532139, -0.010921437293291092, -0.9998844861984253, 1.5478157997131348], [-0.38301464915275574, -0.9236341118812561, 0.014137627556920052, -0.04351806640625], [0.0, 0.0, 0.0, 1.0]]], "view": [[0.0, -2.0, 100.0], [-2.0, 0.0, 100.0], [0.0, 0.0, 1.0]], "bev": "bev_9b11358ff2df4efb8efa4d69d2afa97a.png", "aux": "aux_9b11358ff2df4efb8efa4d69d2afa97a.npz", "visibility": "visibility_9b11358ff2df4efb8efa4d69d2afa97a.png", "pose": [[-0.2718682885169983, -0.9623344540596008, 0.0, 768.6065063476562], [0.9623344540596008, -0.2718682885169983, 0.0, 424.7555236816406], [0.0, 0.0, 1.0, 0.0], [0.0, 0.0, 0.0, 1.0]], "pose_inverse": [[-0.2718682885169983, 0.9623344540596008, 0.0, -199.79714965820312], [-0.9623344540596008, -0.2718682885169983, 0.0, 855.1340942382812], [0.0, 0.0, 1.0, 0.0], [0.0, 0.0, 0.0, 1.0]], "cam_ids": [0, 1, 2, 3, 4, 5], "cam_channels": ["CAM_FRONT_LEFT", "CAM_FRONT", "CAM_FRONT_RIGHT", "CAM_BACK_LEFT", "CAM_BACK", "CAM_BACK_RIGHT"], "token": "9b11358ff2df4efb8efa4d69d2afa97a", "scene": "scene-0750"}, {"images": ["samples/CAM_FRONT_LEFT/n008-2018-08-30-15-16-55-0400__CAM_FRONT_LEFT__1535656880254799.jpg", "samples/CAM_FRONT/n008-2018-08-30-15-16-55-0400__CAM_FRONT__1535656880262404.jpg", "samples/CAM_FRONT_RIGHT/n008-2018-08-30-15-16-55-0400__CAM_FRONT_RIGHT__1535656880270482.jpg", "samples/CAM_BACK_LEFT/n008-2018-08-30-15-16-55-0400__CAM_BACK_LEFT__1535656880297405.jpg", "samples/CAM_BACK/n008-2018-08-30-15-16-55-0400__CAM_BACK__1535656880287558.jpg", "samples/CAM_BACK_RIGHT/n008-2018-08-30-15-16-55-0400__CAM_BACK_RIGHT__1535656880278113.jpg"], "intrinsics": [[[1257.8625342125129, 0.0, 827.2410631095686], [0.0, 1257.8625342125129, 450.915498205774], [0.0, 0.0, 1.0]], [[1252.8131021185304, 0.0, 826.588114781398], [0.0, 1252.8131021185304, 469.9846626224581], [0.0, 0.0, 1.0]], [[1256.7485116440405, 0.0, 817.7887570959712], [0.0, 1256.7485116440403, 451.9541780095127], [0.0, 0.0, 1.0]], [[1254.9860565800168, 0.0, 829.5769333630991], [0.0, 1254.9860565800168, 467.1680561863987], [0.0, 0.0, 1.0]], [[796.8910634503094, 0.0, 857.7774326863696], [0.0, 796.8910634503094, 476.8848988407415], [0.0, 0.0, 1.0]], [[1249.9629280788233, 0.0, 825.3768045375984], [0.0, 1249.9629280788233, 462.54816385708756], [0.0, 0.0, 1.0]]], "extrinsics": [[[0.8224862217903137, -0.5686839818954468, -0.010725423693656921, -1.00506591796875], [-0.0013408949598670006, 0.016918029636144638, -0.9998559951782227, 1.4882917404174805], [0.5687835812568665, 0.8223820328712463, 0.01315229944884777, -1.33349609375], [0.0, 0.0, 0.0, 1.0]], [[0.010153542272746563, -0.9998666644096375, -0.012791210785508156, 0.00555419921875], [0.000605886394623667, 0.01279801968485117, -0.9999179244041443, 1.4801626205444336], [0.9999482035636902, 0.010144962929189205, 0.0007357498398050666, -1.734893798828125], [0.0, 0.0, 0.0, 1.0]], [[-0.8440837264060974, -0.5361277461051941, -0.009476395323872566, 1.090850830078125], [0.008621485903859138, 0.004101092461496592, -0.9999544024467468, 1.4930707216262817], [0.5361421704292297, -0.8441269397735596, 0.0011605506297200918, -1.2774658203125], [0.0, 0.0, 0.0, 1.0]], [[0.9478273391723633, 0.3186347782611847, -0.009755539707839489, -1.1439437866210938], [-0.0167586300522089, 0.019244372844696045, -0.9996743202209473, 1.5620460510253906], [-0.31834328174591064, 0.9476822018623352, 0.023580225184559822, -0.15606689453125], [0.0, 0.0, 0.0, 1.0