[{"images": ["samples/CAM_FRONT_LEFT/n015-2018-08-03-15-00-36+0800__CAM_FRONT_LEFT__1533280293854844.jpg", "samples/CAM_FRONT/n015-2018-08-03-15-00-36+0800__CAM_FRONT__1533280293862460.jpg", "samples/CAM_FRONT_RIGHT/n015-2018-08-03-15-00-36+0800__CAM_FRONT_RIGHT__1533280293870339.jpg", "samples/CAM_BACK_LEFT/n015-2018-08-03-15-00-36+0800__CAM_BACK_LEFT__1533280293897436.jpg", "samples/CAM_BACK/n015-2018-08-03-15-00-36+0800__CAM_BACK__1533280293887525.jpg", "samples/CAM_BACK_RIGHT/n015-2018-08-03-15-00-36+0800__CAM_BACK_RIGHT__1533280293877893.jpg"], "intrinsics": [[[1272.5979470598488, 0.0, 826.6154927353808], [0.0, 1272.5979470598488, 479.75165386361925], [0.0, 0.0, 1.0]], [[1266.417203046554, 0.0, 816.2670197447984], [0.0, 1266.417203046554, 491.50706579294757], [0.0, 0.0, 1.0]], [[1260.8474446004698, 0.0, 807.968244525554], [0.0, 1260.8474446004698, 495.3344268742088], [0.0, 0.0, 1.0]], [[1256.7414812095406, 0.0, 792.1125740759628], [0.0, 1256.7414812095406, 492.7757465151356], [0.0, 0.0, 1.0]], [[809.2209905677063, 0.0, 829.2196003259838], [0.0, 809.2209905677063, 481.77842384512485], [0.0, 0.0, 1.0]], [[1259.5137405846733, 0.0, 807.2529053838625], [0.0, 1259.5137405846733, 501.19579884916527], [0.0, 0.0, 1.0]]], "extrinsics": [[[0.8203226923942566, -0.5711777806282043, 0.028749534860253334, -0.8919677734375], [0.03105352446436882, -0.005709753837436438, -0.9995014071464539, 1.5110034942626953], [0.571057140827179, 0.8208065629005432, 0.013053239323198795, -1.230224609375], [0.0, 0.0, 0.0, 1.0]], [[0.005441642366349697, -0.9999352693557739, 0.009983006864786148, 0.006103515625], [0.025081047788262367, -0.009843537583947182, -0.9996369481086731, 1.5223922729492188], [0.9996706247329712, 0.005690065678209066, 0.025025861337780952, -1.618408203125], [0.0, 0.0, 0.0, 1.0]], [[-0.8324275612831116, -0.5533738732337952, -0.029011471197009087, 0.983642578125], [0.03000093810260296, 0.007271818351000547, -0.999523401260376, 1.5054035186767578], [0.553321123123169, -0.8329012393951416, 0.010548475198447704, -1.2158164978027344], [0.0, 0.0, 0.0, 1.0]], [[0.9473974704742432, 0.31893134117126465, 0.026848088949918747, -1.1385498046875], [0.036227643489837646, -0.02351270616054535, -0.999066948890686, 1.5887012481689453], [-0.3180024325847626, 0.9474860429763794, -0.033830009400844574, -0.105010986328125], [0.0, 0.0, 0.0, 1.0]], [[0.0028437443543225527, 0.9999075531959534, -0.013296068646013737, 0.00274658203125], [0.011703342199325562, -0.013328490778803825, -0.9998427033424377, 1.5796440839767456], [-0.9999274015426636, 0.0026877045165747404, -0.011740162968635559, -0.0223388671875], [0.0, 0.0, 0.0, 1.0]], [[-0.9339491724967957, 0.35498911142349243, -0.041492391377687454, 1.09490966796875], [0.04519791156053543, 0.0021484005264937878, -0.9989757537841797, 1.5534400939941406], [-0.35453638434410095, -0.9348679780960083, -0.01805126667022705, -0.0789794921875], [0.0, 0.0, 0.0, 1.0]]], "view": [[0.0, -2.0, 100.0], [-2.0, 0.0, 100.0], [0.0, 0.0, 1.0]], "bev": "bev_a912b4c84c1d49bfa893917bfcbbf542.png", "aux": "aux_a912b4c84c1d49bfa893917bfcbbf542.npz", "visibility": "visibility_a912b4c84c1d49bfa893917bfcbbf542.png", "pose": [[0.6343243718147278, -0.7730669975280762, 0.0, 150.40411376953125], [0.7730669975280762, 0.6343243718147278, 0.0, 1115.797119140625], [0.0, 0.0, 1.0, 0.0], [0.0, 0.0, 0.0, 1.0]], "pose_inverse": [[0.6343243718147278, 0.7730669975280762, 0.0, -957.990966796875], [-0.7730669975280762, 0.6343243718147278, 0.0, -591.5048217773438], [0.0, 0.0, 1.0, 0.0], [0.0, 0.0, 0.0, 1.0]], "cam_ids": [0, 1, 2, 3, 4, 5], "cam_channels": ["CAM_FRONT_LEFT", "CAM_FRONT", "CAM_FRONT_RIGHT", "CAM_BACK_LEFT", "CAM_BACK", "CAM_BACK_RIGHT"], "token": "a912b4c84c1d49bfa893917bfcbbf542", "scene": "scene-0373"}, {"images": ["samples/CAM_FRONT_LEFT/n015-2018-08-03-15-00-36+0800__CAM_FRONT_LEFT__1533280294354844.jpg", "samples/CAM_FRONT/n015-2018-08-03-15-00-36+0800__CAM_FRONT__1533280294362460.jpg", "samples/CAM_FRONT_RIGHT/n015-2018-08-03-15-00-36+0800__CAM_FRONT_RIGHT__1533280294370339.jpg", "samples/CAM_BACK_LEFT/n015-2018-08-03-15-00-36+0800__CAM_BACK_LEFT__1533280294397423.jpg", "samples/CAM_BACK/n015-2018-08-03-15-00-36+0800__CAM_BACK__1533280294387525.jpg", "samples/CAM_BACK_RIGHT/n015-2018-08-03-15-00-36+0800__CAM_BACK_RIGHT__1533280294377893.jpg"], "intrinsics": [[[1272.5979470598488, 0.0, 826.6154927353808], [0.0, 1272.5979470598488, 479.75165386361925], [0.0, 0.0, 1.0]], [[1266.417203046554, 0.0, 816.2670197447984], [0.0, 1266.417203046554, 491.50706579294757], [0.0, 0.0, 1.0]], [[1260.8474446004698, 0.0, 807.968244525554], [0.0, 1260.8474446004698, 495.3344268742088], [0.0, 0.0, 1.0]], [[1256.7414812095406, 0.0, 792.1125740759628], [0.0, 1256.7414812095406, 492.7757465151356], [0.0, 0.0, 1.0]], [[809.2209905677063, 0.0, 829.2196003259838], [0.0, 809.2209905677063, 481.77842384512485], [0.0, 0.0, 1.0]], [[1259.5137405846733, 0.0, 807.2529053838625], [0.0, 1259.5137405846733, 501.19579884916527], [0.0, 0.0, 1.0]]], "extrinsics": [[[0.8208175301551819, -0.5711904168128967, 0.00034884060733020306, -0.87646484375], [-0.0026201007422059774, -0.004375880118459463, -0.999987006187439, 1.5079693794250488], [0.5711843967437744, 0.8208059668540955, -0.00508837541565299, -1.219482421875], [0.0, 0.0, 0.0, 1.0]], [[0.005794696044176817, -0.9999483227729797, 0.008348280563950539, 0.006103515625], [-0.00806556735187769, -0.008394886739552021, -0.9999322295188904, 1.5198192596435547], [0.9999507069587708, 0.005727022420614958, -0.008113796822726727, -1.603271484375], [0.0, 0.0, 0.0, 1.0]], [[-0.8328954577445984, -0.5534235239028931, -0.0027398744132369757, 0.9744873046875], [-0.002584842499345541, 0.008840719237923622, -0.9999575614929199, 1.5034599304199219], [0.5534242987632751, -0.8328529596328735, -0.00879390724003315, -1.2096786499023438], [0.0, 0.0, 0.0, 1.0]], [[0.9477574825286865, 0.3189883530139923, -0.0014835348119959235, -1.1380615234375], [0.005686377175152302, -0.021544592455029488, -0.9997516870498657, 1.5885810852050781], [-0.31894105672836304, 0.9475138187408447, -0.022232936695218086, -0.1050567626953125], [0.0, 0.0, 0.0, 1.0]], [[0.0023498281370848417, 0.9999305009841919, -0.011547187343239784, 0.00262451171875], [-0.019603539258241653, -0.01149893831461668, -0.9997417330741882, 1.5788040161132812], [-0.9998050928115845, 0.002575579099357128, 0.01957515813410282, -0.0264892578125], [0.0, 0.0, 0.0, 1.0]], [[-0.9348329305648804, 0.3549187183380127, -0.01095784641802311, 1.08782958984375], [0.013176443986594677, 0.0038345607463270426, -0.9999058246612549, 1.5521306991577148], [-0.3548433482646942, -0.9348893761634827, -0.0082612419500947, -0.08184814453125], [0.0, 0.0, 0.0, 1.0]]], "view": [[0.0, -2.0, 100.0], [-2.0, 0.0, 100.0], [0.0, 0.0, 1.0]], "bev": "bev_a35ef17e05cd4c9ebd0c7ba862634a06.png", "aux": "aux_a35ef17e05cd4c9ebd0c7ba862634a06.npz", "visibility": "visibility_a35ef17e05cd4c9ebd0c7ba862634a06.png", "pose": [[0.6339353919029236, -0.7733860015869141, 0.0, 151.1170196533203], [0.7733860015869141, 0.6339353919029236, 0.0, 1116.6578369140625], [0.0, 0.0, 1.0, 0.0], [0.0, 0.0, 0.0, 1.0]], "pose_inverse": [[0.6339353919029236, 0.7733860015869141, 0.0, -959.4059448242188], [-0.7733860015869141, 0.6339353919029236, 0.0, -591.0171508789062], [0.0, 0.0, 1.0, 0.0], [0.0, 0.0, 0.0, 1.0]], "cam_ids": [0, 1, 2, 3, 4, 5], "cam_channels": ["CAM_FRONT_LEFT", "CAM_FRONT", "CAM_FRONT_RIGHT", "CAM_BACK_LEFT", "CAM_BACK", "CAM_BACK_RIGHT"], "token": "a35ef17e05cd4c9ebd0c7ba862634a06", "scene": "scene-0373"}, {"images": ["samples/CAM_FRONT_LEFT/n015-2018-08-03-15-00-36+0800__CAM_FRONT_LEFT__1533280294854844.jpg", "samples/CAM_FRONT/n015-2018-08-03-15-00-36+0800__CAM_FRONT__1533280294862460.jpg", "samples/CAM_FRONT_RIGHT/n015-2018-08-03-15-00-36+0800__CAM_FRONT_RIGHT__1533280294870339.jpg", "samples/CAM_BACK_LEFT/n015-2018-08-03-15-00-36+0800__CAM_BACK_LEFT__1533280294897423.jpg", "samples/CAM_BACK/n015-2018-08-03-15-00-36+0800__CAM_BACK__1533280294887525.jpg", "samples/CAM_BACK_RIGHT/n015-2018-08-03-15-00-36+0800__CAM_BACK_RIGHT__1533280294877893.jpg"], "intrinsics": [[[1272.5979470598488, 0.0, 826.6154927353808], [0.0, 1272.5979470598488, 479.75165386361925], [0.0, 0.0, 1.0]], [[1266.417203046554, 0.0, 816.2670197447984], [0.0, 1266.417203046554, 491.50706579294757], [0.0, 0.0, 1.0]], [[1260.8474446004698, 0.0, 807.968244525554], [0.0, 1260.8474446004698, 495.3344268742088], [0.0, 0.0, 1.0]], [[1256.7414812095406, 0.0, 792.1125740759628], [0.0, 1256.7414812095406, 492.7757465151356], [0.0, 0.0, 1.0]], [[809.2209905677063, 0.0, 829.2196003259838], [0.0, 809.2209905677063, 481.77842384512485], [0.0, 0.0, 1.0]], [[1259.5137405846733, 0.0, 807.2529053838625], [0.0, 1259.5137405846733, 501.19579884916527], [0.0, 0.0, 1.0]]], "extrinsics": [[[0.8208162784576416, -0.571190357208252, 0.0015098711010068655, -0.8597412109375], [-0.004020198713988066, -0.008420397527515888, -0.999956488609314, 1.507741928100586], [0.5711781978607178, 0.8207744359970093, -0.009207897819578648, -1.2080078125], [0.0, 0.0, 0.0, 1.0]], [[0.005834274925291538, -0.9999055862426758, 0.012439418584108353, 0.00634765625], [-0.00934200081974268, -0.012493588030338287, -0.9998783469200134, 1.519552230834961], [0.9999392628669739, 0.005717379041016102, -0.009414009749889374, -1.5865478515625], [0.0, 0.0, 0.0, 1.0]], [[-0.8328636288642883, -0.5534780621528625, 0.0005094016087241471, 0.9630126953125], [-0.0037317306268960238, 0.0046950895339250565, -0.9999819993972778, 1.5033283233642578], [0.5534656643867493, -0.8328505158424377, -0.005975800100713968, -1.2019081115722656], [0.0, 0.0, 0.0, 1.0]], [[0.9477462768554688, 0.3190057575702667, -0.003523784689605236, -1.1373291015625], [0.004985108971595764, -0.02585276961326599, -0.9996532797813416, 1.5885810852050781], [-0.3189862370491028, 0.9474000930786133, -0.02609214372932911, -0.1053009033203125], [0.0, 0.0, 0.0, 1.0]], [[0.0022800778970122337, 0.9998724460601807, -0.015806598588824272, 0.00262451171875], [-0.020475521683692932, -0.015756646171212196, -0.9996662139892578, 1.578664779663086], [-0.9997876882553101, 0.002602972323074937, 0.020436983555555344, -0.03192138671875], [0.0, 0.0, 0.0, 1.0]], [[-0.9348745346069336, 0.35479241609573364, -0.011487961746752262, 1.078125], [0.01215294562280178, -0.0003541078476700932, -0.9999260902404785, 1.5522031784057617], [-0.3547702729701996, -0.9349451065063477, -0.003980725072324276, -0.085205078125], [0.0, 0.0, 0.0, 1.0]]], "view": [[0.0, -2.0, 100.0], [-2.0, 0.0, 100.0], [0.0, 0.0, 1.0]], "bev": "bev_83b2ca31394c45dd8707b782a23a6665.png", "aux": "aux_83b2ca31394c45dd8707b782a23a6665.npz", "visibility": "visibility_83b2ca31394c45dd8707b782a23a6665.png", "pose": [[0.6352856755256653, -0.7722772359848022, 0.0, 151.98757934570312], [0.7722772359848022, 0.6352856755256653, 0.0, 1117.703125], [0.0, 0.0, 1.0, 0.0], [0.0, 0.0, 0.0, 1.0]], "pose_inverse": [[0.6352856755256653, 0.7722772359848022, 0.0, -959.732177734375], [-0.7722772359848022, 0.6352856755256653, 0.0, -592.6842651367188], [0.0, 0.0, 1.0, 0.0], [0.0, 0.0, 0.0, 1.0]], "cam_ids": [0, 1, 2, 3, 4, 5], "cam_channels": ["CAM_FRONT_LEFT", "CAM_FRONT", "CAM_FRONT_RIGHT", "CAM_BACK_LEFT", "CAM_BACK", "CAM_BACK_RIGHT"], "token": "83b2ca31394c45dd8707b782a23a6665", "scene": "scene-0373"}, {"images": ["samples/CAM_FRONT_LEFT/n015-2018-08-03-15-00-36+0800__CAM_FRONT_LEFT__1533280295354844.jpg", "samples/CAM_FRONT/n015-2018-08-03-15-00-36+0800__CAM_FRONT__1533280295362460.jpg", "samples/CAM_FRONT_RIGHT/n015-2018-08-03-15-00-36+0800__CAM_FRONT_RIGHT__1533280295370339.jpg", "samples/CAM_BACK_LEFT/n015-2018-08-03-15-00-36+0800__CAM_BACK_LEFT__1533280295397423.jpg", "samples/CAM_BACK/n015-2018-08-03-15-00-36+0800__CAM_BACK__1533280295387525.jpg", "samples/CAM_BACK_RIGHT/n015-2018-08-03-15-00-36+0800__CAM_BACK_RIGHT__1533280295377893.jpg"], "intrinsics": [[[1272.5979470598488, 0.0, 826.6154927353808], [0.0, 1272.5979470598488, 479.75165386361925], [0.0, 0.0, 1.0]], [[1266.417203046554, 0.0, 816.2670197447984], [0.0, 1266.417203046554, 491.50706579294757], [0.0, 0.0, 1.0]], [[1260.8474446004698, 0.0, 807.968244525554], [0.0, 1260.8474446004698, 495.3344268742088], [0.0, 0.0, 1.0]], [[1256.7414812095406, 0.0, 792.1125740759628], [0.0, 1256.7414812095406, 492.7757465151356], [0.0, 0.0, 1.0]], [[809.2209905677063, 0.0, 829.2196003259838], [0.0, 809.2209905677063, 481.77842384512485], [0.0, 0.0, 1.0]], [[1259.5137405846733, 0.0, 807.2529053838625], [0.0, 1259.5137405846733, 501.19579884916527], [0.0, 0.0, 1.0]]], "extrinsics": [[[0.8203270435333252, -0.5715657472610474, -0.019390521571040154, -0.846923828125], [-0.02907099761068821, -0.007813609205186367, -0.9995468258857727, 1.5040779113769531], [0.5711552500724792, 0.8205190896987915, -0.023025700822472572, -1.1988525390625], [0.0, 0.0, 0.0, 1.0]], [[0.0056407395750284195, -0.9999168515205383, 0.011585487052798271, 0.00628662109375], [-0.03536103293299675, -0.011777879670262337, -0.9993051886558533, 1.5163383483886719], [0.9993586540222168, 0.005227158311754465, -0.035424526780843735, -1.57354736328125], [0.0, 0.0, 0.0, 1.0]], [[-0.8328538537025452, -0.5530315041542053, 0.022597726434469223, 0.955078125], [-0.03077453374862671, 0.005504218395799398, -0.9995111227035522, 1.5007743835449219], [0.5526367425918579, -0.833142101764679, -0.021603494882583618, -1.196807861328125], [0.0, 0.0, 0.0, 1.0]], [[0.9473419189453125, 0.31858691573143005, -0.032335374504327774, -1.1373291015625], [-0.025765184313058853, -0.024816589429974556, -0.9993599057197571, 1.5884208679199219], [-0.31918540596961975, 0.9475687742233276, -0.015301345847547054, -0.105316162109375], [0.0, 0.0, 0.0, 1.0]], [[0.00234933546744287, 0.999886155128479, -0.01490431185811758, 0.002685546875], [-0.04982127621769905, -0.014768807217478752, -0.998649001121521, 1.5774993896484375], [-0.9987553954124451, 0.0030887420289218426, 0.04978090152144432, -0.03533935546875], [0.0, 0.0, 0.0, 1.0]], [[-0.934619665145874, 0.35532987117767334, 0.015052711591124535, 1.0718994140625], [-0.015905341133475304, 0.0005216530407778919, -0.9998733997344971, 1.5503559112548828], [-0.3552926778793335, -0.9347408413887024, 0.005164093337953091, -0.08782958984375], [0.0, 0.0, 0.0, 1.0]]], "view": [[0.0, -2.0, 100.0], [-2.0, 0.0, 100.0], [0.0, 0.0, 1.0]], "bev": "bev_f0a3ebbcee82489ab2da20caa8260faa.png", "aux": "aux_f0a3ebbcee82489ab2da20caa8260faa.npz", "visibility": "visibility_f0a3ebbcee82489ab2da20caa8260faa.png", "pose": [[0.6361638307571411, -0.7715539932250977, 0.0, 153.00958251953125], [0.7715539932250977, 0.6361638307571411, 0.0, 1118.9261474609375], [0.0, 0.0, 1.0, 0.0], [0.0, 0.0, 0.0, 1.0]], "pose_inverse": [[0.6361638307571411, 0.7715539932250977, 0.0, -960.651123046875], [-0.7715539932250977, 0.6361638307571411, 0.0, -593.7651977539062], [0.0, 0.0, 1.0, 0.0], [0.0, 0.0, 0.0, 1.0]], "cam_ids": [0, 1, 2, 3, 4, 5], "cam_channels": ["CAM_FRONT_LEFT", "CAM_FRONT", "CAM_FRONT_RIGHT", "CAM_BACK_LEFT", "CAM_BACK", "CAM_BACK_RIGHT"], "token": "f0a3ebbcee82489ab2da20caa8260faa", "scene": "scene-0373"}, {"images": ["samples/CAM_FRONT_LEFT/n015-2018-08-03-15-00-36+0800__CAM_FRONT_LEFT__1533280295854844.jpg", "samples/CAM_FRONT/n015-2018-08-03-15-00-36+0800__CAM_FRONT__1533280295862460.jpg", "samples/CAM_FRONT_RIGHT/n015-2018-08-03-15-00-36+0800__CAM_FRONT_RIGHT__1533280295870339.jpg", "samples/CAM_BACK_LEFT/n015-2018-08-03-15-00-36+0800__CAM_BACK_LEFT__1533280295897423.jpg", "samples/CAM_BACK/n015-2018-08-03-15-00-36+0800__CAM_BACK__1533280295887525.jpg", "samples/CAM_BACK_RIGHT/n015-2018-08-03-15-00-36+0800__CAM_BACK_RIGHT__1533280295877893.jpg"], "intrinsics": [[[1272.5979470598488, 0.0, 826.6154927353808], [0.0, 1272.5979470598488, 479.75165386361925], [0.0, 0.0, 1.0]], [[1266.417203046554, 0.0, 816.2670197447984], [0.0, 1266.417203046554, 491.50706579294757], [0.0, 0.0, 1.0]], [[1260.8474446004698, 0.0, 807.968244525554], [0.0, 1260.8474446004698, 495.3344268742088], [0.0, 0.0, 1.0]], [[1256.7414812095406, 0.0, 792.1125740759628], [0.0, 1256.7414812095406, 492.7757465151356], [0.0, 0.0, 1.0]], [[809.2209905677063, 0.0, 829.2196003259838], [0.0, 809.2209905677063, 481.77842384512485], [0.0, 0.0, 1.0]], [[1259.5137405846733, 0.0, 807.2529053838625], [0.0, 1259.5137405846733, 501.19579884916527], [0.0, 0.0, 1.0]]], "extrinsics": [[[0.817637026309967, -0.5731675028800964, -0.05430305749177933, -0.8175048828125], [-0.07981441169977188, -0.019435308873653412, -0.996620237827301, 1.4939193725585938], [0.5701749324798584, 0.8192077279090881, -0.06163804978132248, -1.178466796875], [0.0, 0.0, 0.0, 1.0]], [[0.005182773806154728, -0.9997146129608154, 0.02331875078380108, 0.0064697265625], [-0.08502061665058136, -0.023675156757235527, -0.9960979223251343, 1.5078201293945312], [0.9963656663894653, 0.003179966937750578, -0.08511905372142792, -1.54327392578125], [0.0, 0.0, 0.0, 1.0]], [[-0.8312894701957703, -0.55144202709198, 0.0697818249464035, 0.9342041015625], [-0.07924971729516983, -0.006675825919955969, -0.9968324303627014, 1.4942550659179688], [0.5501611828804016, -0.8341864943504333, -0.03815208375453949, -1.183135986328125], [0.0, 0.0, 0.0, 1.0]], [[0.9452314972877502, 0.3169424533843994, -0.0780058205127716, -1.1317138671875], [-0.06962620466947556, -0.03769786283373833, -0.9968606233596802, 1.5877914428710938], [-0.3188880681991577, 0.947695255279541, -0.013565713539719582, -0.1072540283203125], [0.0, 0.0, 0.0, 1.0]], [[0.002434398978948593, 0.9996123909950256, -0.027736257761716843, 0.0028076171875], [-0.09544436633586884, -0.027377460151910782, -0.9950582385063171, 1.5745697021484375], [-0.9954317808151245, 0.005069601349532604, 0.09534072875976562, -0.048095703125], [0.0, 0.0, 0.0, 1.0]], [[-0.9325592517852783, 0.35683107376098633, 0.05481674149632454, 1.053466796875], [-0.06321364641189575, -0.01190269086509943, -0.9979290962219238, 1.5458602905273438], [-0.35543960332870483, -0.9340931177139282, 0.03365655988454819, -0.09478759765625], [0.0, 0.0, 0.0, 1.0]]], "view": [[0.0, -2.0, 100.0], [-2.0, 0.0, 100.0], [0.0, 0.0, 1.0]], "bev": "bev_e95f7de396044f78a67c6d5d6c0bd7e5.png", "aux": "aux_e95f7de396044f78a67c6d5d6c0bd7e5.npz", "visibility": "visibility_e95f7de396044f78a67c6d5d6c0bd7e5.png", "pose": [[0.6337412595748901, -0.7735450863838196, 0.0, 154.19459533691406], [0.7735450863838196, 0.6337412595748901, 0.0, 1120.35205078125], [0.0, 0.0, 1.0, 0.0], [0.0, 0.0, 0.0, 1.0]], "pose_inverse": [[0.6337412595748901, 0.7735450863838196, 0.0, -964.3623046875], [-0.7735450863838196, 0.6337412595748901, 0.0, -590.7368774414062], [0.0, 0.0, 1.0, 0.0], [0.0, 0.0, 0.0, 1.0]], "cam_ids": [0, 1, 2, 3, 4, 5], "cam_channels": ["CAM_FRONT_LEFT", "CAM_FRONT", "CAM_FRONT_RIGHT", "CAM_BACK_LEFT", "CAM_BACK", "CAM_BACK_RIGHT"], "token": "e95f7de396044f78a67c6d5d6c0bd7e5", "scene": "scene-0373"}, {"images": ["samples/CAM_FRONT_LEFT/n015-2018-08-03-15-00-36+0800__CAM_FRONT_LEFT__1533280296354844.jpg", "samples/CAM_FRONT/n015-2018-08-03-15-00-36+0800__CAM_FRONT__1533280296362460.jpg", "samples/CAM_FRONT_RIGHT/n015-2018-08-03-15-00-36+0800__CAM_FRONT_RIGHT__1533280296370339.jpg", "samples/CAM_BACK_LEFT/n015-2018-08-03-15-00-36+0800__CAM_BACK_LEFT__1533280296397428.jpg", "samples/CAM_BACK/n015-2018-08-03-15-00-36+0800__CAM_BACK__1533280296387525.jpg", "samples/CAM_BACK_RIGHT/n015-2018-08-03-15-00-36+0800__CAM_BACK_RIGHT__1533280296377893.jpg"], "intrinsics": [[[1272.5979470598488, 0.0, 826.6154927353808], [0.0, 1272.5979470598488, 479.75165386361925], [0.0, 0.0, 1.0]], [[1266.417203046554, 0.0, 816.2670197447984], [0.0, 1266.417203046554, 491.50706579294757], [0.0, 0.0, 1.0]], [[1260.8474446004698, 0.0, 807.968244525554], [0.0, 1260.8474446004698, 495.3344268742088], [0.0, 0.0, 1.0]], [[1256.7414812095406, 0.0, 792.1125740759628], [0.0, 1256.7414812095406, 492.7757465151356], [0.0, 0.0, 1.0]], [[809.2209905677063, 0.0, 829.2196003259838], [0.0, 809.2209905677063, 481.77842384512485], [0.0, 0.0, 1.0]], [[1259.5137405846733, 0.0, 807.2529053838625], [0.0, 1259.5137405846733, 501.19579884916527], [0.0, 0.0, 1.0]]], "extrinsics": [[[0.8209154009819031, -0.5710468888282776, 0.0018456343095749617, -0.791900634765625], [-0.012262105010449886, -0.020858608186244965, -0.9997072219848633, 1.5056877136230469], [0.5709182620048523, 0.820652425289154, -0.024125387892127037, -1.160888671875], [0.0, 0.0, 0.0, 1.0]], [[0.0060873618349432945, -0.9996686577796936, 0.0250089168548584, 0.0068359375], [-0.017014306038618088, -0.0251093041151762, -0.9995399713516235, 1.5175800323486328], [0.9998366832733154, 0.005659084767103195, -0.017161516472697258, -1.51776123046875], [0.0, 0.0, 0.0, 1.0]], [[-0.8327754139900208, -0.5534452795982361, 0.013545884750783443, 0.91796875], [-0.01086008083075285, -0.008132019080221653, -0.999907910823822, 1.5021533966064453], [0.5535044074058533, -0.8328458070755005, 0.000761686242185533, -1.1719741821289062], [0.0, 0.0, 0.0, 1.0]], [[0.9476626515388489, 0.3190065324306488, -0.01305361557751894, -1.1317138671875], [-0.00047274830285459757, -0.03948328644037247, -0.999220073223114, 1.5885562896728516], [-0.3192732334136963, 0.9469297528266907, -0.03726602718234062, -0.1073760986328125], [0.0, 0.0, 0.0, 1.0]], [[0.0020683701150119305, 0.9995735883712769, -0.029130443930625916, 0.00274658203125], [-0.02649255096912384, -0.029065508395433426, -0.9992263317108154, 1.5778427124023438], [-0.9996469020843506, 0.0028384902980178595, 0.026421133428812027, -0.05560302734375], [0.0, 0.0, 0.0, 1.0]], [[-0.9349591135978699, 0.35461723804473877, -0.009909613989293575, 1.04010009765625], [0.005517288111150265, -0.013395111076533794, -0.9998950362205505, 1.5520212650299072], [-0.35471275448799133, -0.9349156618118286, 0.01056735310703516, -0.099609375], [0.0, 0.0, 0.0, 1.0]]], "view": [[0.0, -2.0, 100.0], [-2.0, 0.0, 100.0], [0.0, 0.0, 1.0]], "bev": "bev_fc21b975cdef4083b0021a1b96e4817a.png", "aux": "aux_fc21b975cdef4083b0021a1b96e4817a.npz", "visibility": "visibility_fc21b975cdef4083b0021a1b96e4817a.png", "pose": [[0.6352066397666931, -0.7723422646522522, 0.0, 155.60179138183594], [0.7723422646522522, 0.6352066397666931, 0.0, 1122.0511474609375], [0.0, 0.0, 1.0, 0.0], [0.0, 0.0, 0.0, 1.0]], "pose_inverse": [[0.6352066397666931, 0.7723422646522522, 0.0, -965.44677734375], [-0.7723422646522522, 0.6352066397666931, 0.0, -592.5565185546875], [0.0, 0.0, 1.0, 0.0], [0.0, 0.0, 0.0, 1.0]], "cam_ids": [0, 1, 2, 3, 4, 5], "cam_channels": ["CAM_FRONT_LEFT", "CAM_FRONT", "CAM_FRONT_RIGHT", "CAM_BACK_LEFT", "CAM_BACK", "CAM_BACK_RIGHT"], "token": "fc21b975cdef4083b0021a1b96e4817a", "scene": "scene-0373"}, {"images": ["samples/CAM_FRONT_LEFT/n015-2018-08-03-15-00-36+0800__CAM_FRONT_LEFT__1533280296854844.jpg", "samples/CAM_FRONT/n015-2018-08-03-15-00-36+0800__CAM_FRONT__1533280296862460.jpg", "samples/CAM_FRONT_RIGHT/n015-2018-08-03-15-00-36+0800__CAM_FRONT_RIGHT__1533280296870339.jpg", "samples/CAM_BACK_LEFT/n015-2018-08-03-15-00-36+0800__CAM_BACK_LEFT__1533280296897423.jpg", "samples/CAM_BACK/n015-2018-08-03-15-00-36+0800__CAM_BACK__1533280296887525.jpg", "samples/CAM_BACK_RIGHT/n015-2018-08-03-15-00-36+0800__CAM_BACK_RIGHT__1533280296877893.jpg"], "intrinsics": [[[1272.5979470598488, 0.0, 826.6154927353808], [0.0, 1272.5979470598488, 479.75165386361925], [0.0, 0.0, 1.0]], [[1266.417203046554, 0.0, 816.2670197447984], [0.0, 1266.417203046554, 491.50706579294757], [0.0, 0.0, 1.0]], [[1260.8474446004698, 0.0, 807.968244525554], [0.0, 1260.8474446004698, 495.3344268742088], [0.0, 0.0, 1.0]], [[1256.7414812095406, 0.0, 792.1125740759628], [0.0, 1256.7414812095406, 492.7757465151356], [0.0, 0.0, 1.0]], [[809.2209905677063, 0.0, 829.2196003259838], [0.0, 809.2209905677063, 481.77842384512485], [0.0, 0.0, 1.0]], [[1259.5137405846733, 0.0, 807.2529053838625], [0.0, 1259.5137405846733, 501.19579884916527], [0.0, 0.0, 1.0]]], "extrinsics": [[[0.8207672834396362, -0.5711439847946167, 0.011642605066299438, -0.783935546875], [-0.0018757430370897055, -0.023074796423316002, -0.9997319579124451, 1.5078420639038086], [0.5712595582008362, 0.8205254673957825, -0.020010359585285187, -1.1546630859375], [0.0, 0.0, 0.0, 1.0]], [[0.005739549640566111, -0.9996203184127808, 0.02694840542972088, 0.00634765625], [-0.007106583099812269, -0.02698894590139389, -0.9996104836463928, 1.5192394256591797], [0.9999582171440125, 0.005545796826481819, -0.0072587900795042515, -1.509521484375], [0.0, 0.0, 0.0, 1.0]], [[-0.8328952193260193, -0.5533922910690308, 0.006506829056888819, 0.91259765625], [-0.0013936279574409127, -0.00966000184416771, -0.9999523162841797, 1.5034465789794922], [0.5534288287162781, -0.8328647017478943, 0.007274547591805458, -1.168731689453125], [0.0, 0.0, 0.0, 1.0]], [[0.9477096199989319, 0.3190893828868866, -0.005335780326277018, -1.1314697265625], [0.00774059584364295, -0.03969813883304596, -0.9991817474365234, 1.5886449813842773], [-0.3190400004386902, 0.9468928575515747, -0.04009224846959114, -0.1073150634765625], [0.0, 0.0, 0.0, 1.0]], [[0.002277771709486842, 0.9995520114898682, -0.029844630509614944, 0.00274658203125], [-0.017867516726255417, -0.029799262061715126, -0.9993962049484253, 1.5782966613769531], [-0.9998377561569214, 0.0028096851892769337, 0.017791636288166046, -0.05792236328125], [0.0, 0.0, 0.0, 1.0]], [[-0.9348277449607849, 0.354602187871933, -0.018825599923729897, 1.03607177734375], [0.014604819938540459, -0.01457577757537365, -0.9997870922088623, 1.5530157089233398], [-0.3548011779785156, -0.9349036812782288, 0.008446942083537579, -0.10150146484375], [0.0, 0.0, 0.0, 1.0]]], "view": [[0.0, -2.0, 100.0], [-2.0, 0.0, 100.0], [0.0, 0.0, 1.0]], "bev": "bev_d867389b2ba44f28a6525dc2a319fb53.png", "aux": "aux_d867389b2ba44f28a6525dc2a319fb53.npz", "visibility": "visibility_d867389b2ba44f28a6525dc2a319fb53.png", "pose": [[0.6332100033760071, -0.7739800214767456, 0.0, 157.15708923339844], [0.7739800214767456, 0.6332100033760071, 0.0, 1123.93994140625], [0.0, 0.0, 1.0, 0.0], [0.0, 0.0, 0.0, 1.0]], "pose_inverse": [[0.6332100033760071, 0.7739800214767456, 0.0, -969.4204711914062], [-0.7739800214767456, 0.6332100033760071, 0.0, -590.0535888671875], [0.0, 0.0, 1.0, 0.0], [0.0, 0.0, 0.0, 1.0]], "cam_ids": [0, 1, 2, 3, 4, 5], "cam_channels": ["CAM_FRONT_LEFT", "CAM_FRONT", "CAM_FRONT_RIGHT", "CAM_BACK_LEFT", "CAM_BACK", "CAM_BACK_RIGHT"], "token": "d867389b2ba44f28a6525dc2a319fb53", "scene": "scene-0373"}, {"images": ["samples/CAM_FRONT_LEFT/n015-2018-08-03-15-00-36+0800__CAM_FRONT_LEFT__1533280297354844.jpg", "samples/CAM_FRONT/n015-2018-08-03-15-00-36+0800__CAM_FRONT__1533280297362460.jpg", "samples/CAM_FRONT_RIGHT/n015-2018-08-03-15-00-36+0800__CAM_FRONT_RIGHT__1533280297370339.jpg", "samples/CAM_BACK_LEFT/n015-2018-08-03-15-00-36+0800__CAM_BACK_LEFT__1533280297397423.jpg", "samples/CAM_BACK/n015-2018-08-03-15-00-36+0800__CAM_BACK__1533280297387525.jpg", "samples/CAM_BACK_RIGHT/n015-2018-08-03-15-00-36+0800__CAM_BACK_RIGHT__1533280297377956.jpg"], "intrinsics": [[[1272.5979470598488, 0.0, 826.6154927353808], [0.0, 1272.5979470598488, 479.75165386361925], [0.0, 0.0, 1.0]], [[1266.417203046554, 0.0, 816.2670197447984], [0.0, 1266.417203046554, 491.50706579294757], [0.0, 0.0, 1.0]], [[1260.8474446004698, 0.0, 807.968244525554], [0.0, 1260.8474446004698, 495.3344268742088], [0.0, 0.0, 1.0]], [[1256.7414812095406, 0.0, 792.1125740759628], [0.0, 1256.7414812095406, 492.7757465151356], [0.0, 0.0, 1.0]], [[809.2209905677063, 0.0, 829.2196003259838], [0.0, 809.2209905677063, 481.77842384512485], [0.0, 0.0, 1.0]], [[1259.5137405846733, 0.0, 807.2529053838625], [0.0, 1259.5137405846733, 501.19579884916527], [0.0, 0.0, 1.0]]], "extrinsics": [[[0.8208287358283997, -0.5709465742111206, 0.016133427619934082, -0.766754150390625], [0.003195113269612193, -0.023655785247683525, -0.9997150301933289, 1.509033203125], [0.5711655020713806, 0.8206464052200317, -0.017593109980225563, -1.14306640625], [0.0, 0.0, 0.0, 1.0]], [[0.0058080353774130344, -0.9995999932289124, 0.027677785605192184, 0.00665283203125], [-0.002044749679043889, -0.027690067887306213, -0.9996144771575928, 1.5201358795166016], [0.9999810457229614, 0.005749217234551907, -0.0022047576494514942, -1.4923095703125], [0.0, 0.0, 0.0, 1.0]], [[-0.8328193426132202, -0.553537905216217, 0.0027751552406698465, 0.9012451171875], [0.0036153828259557486, -0.010452662594616413, -0.9999387860298157, 1.5042195320129395], [0.5535330176353455, -0.8327584266662598, 0.010706432163715363, -1.1611137390136719], [0.0, 0.0, 0.0, 1.0]], [[0.9477038979530334, 0.3191481828689575, -0.0013055774616077542, -1.127197265625], [0.012288514524698257, -0.04057762771844864, -0.9991008043289185, 1.588754653930664], [-0.31891417503356934, 0.9468357563018799, -0.04237743467092514, -0.1088104248046875], [0.0, 0.0, 0.0, 1.0]], [[0.0023117540404200554, 0.9995256066322327, -0.030716003850102425, 0.0028076171875], [-0.013124044053256512, -0.030683115124702454, -0.9994430541992188, 1.5784797668457031], [-0.9999111890792847, 0.002713615307584405, 0.01304688397794962, -0.0653076171875], [0.0, 0.0, 0.0, 1.0]], [[-0.9347774982452393, 0.35444149374961853, -0.023711906746029854, 1.0269775390625], [0.019509904086589813, -0.015424703247845173, -0.9996907114982605, 1.5537347793579102], [-0.354697585105896, -0.9349509477615356, 0.007503547705709934, -0.1048583984375], [0.0, 0.0, 0.0, 1.0]]], "view": [[0.0, -2.0, 100.0], [-2.0, 0.0, 100.0], [0.0, 0.0, 1.0]], "bev": "bev_06475e803e614d958b79c9c28ab40e38.png", "aux": "aux_06475e803e614d958b79c9c28ab40e38.npz", "visibility": "visibility_06475e803e614d958b79c9c28ab40e38.png", "pose": [[0.6327143907546997, -0.7743852734565735, 0.0, 158.8048858642578], [0.7743852734565735, 0.6327143907546997, 0.0, 1125.9427490234375], [0.0, 0.0, 1.0, 0.0], [0.0, 0.0, 0.0, 1.0]], "pose_inverse": [[0.6327143907546997, 0.7743852734565735, 0.0, -972.3916015625], [-0.7743852734565735, 0.6327143907546997, 0.0, -589.4240112304688], [0.0, 0.0, 1.0, 0.0], [0.0, 0.0, 0.0, 1.0]], "cam_ids": [0, 1, 2, 3, 4, 5], "cam_channels": ["CAM_FRONT_LEFT", "CAM_FRONT", "CAM_FRONT_RIGHT", "CAM_BACK_LEFT", "CAM_BACK", "CAM_BACK_RIGHT"], "token": "06475e803e614d958b79c9c28ab40e38", "scene": "scene-0373"}, {"images": ["samples/CAM_FRONT_LEFT/n015-2018-08-03-15-00-36+0800__CAM_FRONT_LEFT__1533280297854844.jpg", "samples/CAM_FRONT/n015-2018-08-03-15-00-36+0800__CAM_FRONT__1533280297862460.jpg", "samples/CAM_FRONT_RIGHT/n015-2018-08-03-15-00-36+0800__CAM_FRONT_RIGHT__1533280297870339.jpg", "samples/CAM_BACK_LEFT/n015-2018-08-03-15-00-36+0800__CAM_BACK_LEFT__1533280297897423.jpg", "samples/CAM_BACK/n015-2018-08-03-15-00-36+0800__CAM_BACK__1533280297887525.jpg", "samples/CAM_BACK_RIGHT/n015-2018-08-03-15-00-36+0800__CAM_BACK_RIGHT__1533280297877893.jpg"], "intrinsics": [[[1272.5979470598488, 0.0, 826.6154927353808], [0.0, 1272.5979470598488, 479.75165386361925], [0.0, 0.0, 1.0]], [[1266.417203046554, 0.0, 816.2670197447984], [0.0, 1266.417203046554, 491.50706579294757], [0.0, 0.0, 1.0]], [[1260.8474446004698, 0.0, 807.968244525554], [0.0, 1260.8474446004698, 495.3344268742088], [0.0, 0.0, 1.0]], [[1256.7414812095406, 0.0, 792.1125740759628], [0.0, 1256.7414812095406, 492.7757465151356], [0.0, 0.0, 1.0]], [[809.2209905677063, 0.0, 829.2196003259838], [0.0, 809.2209905677063, 481.77842384512485], [0.0, 0.0, 1.0]], [[1259.5137405846733, 0.0, 807.2529053838625], [0.0, 1259.5137405846733, 501.19579884916527], [0.0, 0.0, 1.0]]], "extrinsics": [[[0.8208321928977966, -0.5711177587509155, 0.00768186803907156, -0.771881103515625], [-0.0029588344041258097, -0.01770096831023693, -0.9998389482498169, 1.5075721740722656], [0.571161687374115, 0.8206772804260254, -0.01621936820447445, -1.147216796875], [0.0, 0.0, 0.0, 1.0]], [[0.005807215813547373, -0.9997463822364807, 0.021755460649728775, 0.0072021484375], [-0.008360846899449825, -0.021803610026836395, -0.9997273683547974, 1.5189247131347656], [0.9999481439590454, 0.0056236982345581055, -0.008485345169901848, -1.49755859375], [0.0, 0.0, 0.0, 1.0]], [[-0.8328906297683716, -0.5534157156944275, 0.004925738088786602, 0.9046630859375], [-0.0028507495298981667, -0.004610100295394659, -0.9999852776527405, 1.5032095909118652], [0.5534301996231079, -0.8328924775123596, 0.002262060297653079, -1.1630058288574219], [0.0, 0.0, 0.0, 1.0]], [[0.9477226138114929, 0.3190402090549469, -0.005942354444414377, -1.12939453125], [0.005475233308970928, -0.034878529608249664, -0.9993765354156494, 1.5886297225952148], [-0.31904855370521545, 0.9470991492271423, -0.034801989793777466, -0.10809326171875], [0.0, 0.0, 0.0, 1.0]], [[0.002287034410983324, 0.9996857047080994, -0.024965504184365273, 0.00262451171875], [-0.019823875278234482, -0.024915337562561035, -0.9994930028915405, 1.5780792236328125], [-0.9998008608818054, 0.0027808165177702904, 0.01976066082715988, -0.06292724609375], [0.0, 0.0, 0.0, 1.0]], [[-0.9348405003547668, 0.35472962260246277, -0.015495754778385162, 1.02874755859375], [0.012929268181324005, -0.009604339487850666, -0.999870240688324, 1.5529375076293945], [-0.3548324406147003, -0.9349195957183838, 0.004392129834741354, -0.1038818359375], [0.0, 0.0, 0.0, 1.0]]], "view": [[0.0, -2.0, 100.0], [-2.0, 0.0, 100.0], [0.0, 0.0, 1.0]], "bev": "bev_d58d67ffe92948aeb49c8d5a5dc2c6d3.png", "aux": "aux_d58d67ffe92948aeb49c8d5a5dc2c6d3.npz", "visibility": "visibility_d58d67ffe92948aeb49c8d5a5dc2c6d3.png", "pose": [[0.6328809261322021, -0.7742491364479065, 0.0, 160.4714813232422], [0.7742491364479065, 0.6328809261322021, 0.0, 1127.969482421875], [0.0, 0.0, 1.0, 0.0], [0.0, 0.0, 0.0, 1.0]], "pose_inverse": [[0.6328809261322021, 0.7742491364479065, 0.0, -974.8887329101562], [-0.7742491364479065, 0.6328809261322021, 0.0, -589.62548828125], [0.0, 0.0, 1.0, 0.0], [0.0, 0.0, 0.0, 1.0]], "cam_ids": [0, 1, 2, 3, 4, 5], "cam_channels": ["CAM_FRONT_LEFT", "CAM_FRONT", "CAM_FRONT_RIGHT", "CAM_BACK_LEFT", "CAM_BACK", "CAM_BACK_RIGHT"], "token": "d58d67ffe92948aeb49c8d5a5dc2c6d3", "scene": "scene-0373"}, {"images": ["samples/CAM_FRONT_LEFT/n015-2018-08-03-15-00-36+0800__CAM_FRONT_LEFT__1533280298354844.jpg", "samples/CAM_FRONT/n015-2018-08-03-15-00-36+0800__CAM_FRONT__1533280298362460.jpg", "samples/CAM_FRONT_RIGHT/n015-2018-08-03-15-00-36+0800__CAM_FRONT_RIGHT__1533280298370339.jpg", "samples/CAM_BACK_LEFT/n015-2018-08-03-15-00-36+0800__CAM_BACK_LEFT__1533280298397423.jpg", "samples/CAM_BACK/n015-2018-08-03-15-00-36+0800__CAM_BACK__1533280298387525.jpg", "samples/CAM_BACK_RIGHT/n015-2018-08-03-15-00-36+0800__CAM_BACK_RIGHT__1533280298377893.jpg"], "intrinsics": [[[1272.5979470598488, 0.0, 826.6154927353808], [0.0, 1272.5979470598488, 479.75165386361925], [0.0, 0.0, 1.0]], [[1266.417203046554, 0.0, 816.2670197447984], [0.0, 1266.417203046554, 491.50706579294757], [0.0, 0.0, 1.0]], [[1260.8474446004698, 0.0, 807.968244525554], [0.0, 1260.8474446004698, 495.3344268742088], [0.0, 0.0, 1.0]], [[1256.7414812095406, 0.0, 792.1125740759628], [0.0, 1256.7414812095406, 492.7757465151356], [0.0, 0.0, 1.0]], [[809.2209905677063, 0.0, 829.2196003259838], [0.0, 809.2209905677063, 481.77842384512485], [0.0, 0.0, 1.0]], [[1259.5137405846733, 0.0, 807.2529053838625], [0.0, 1259.5137405846733, 501.19579884916527], [0.0, 0.0, 1.0]]], "extrinsics": [[[0.8206924796104431, -0.5713700652122498, 0.00016845752543304116, -0.777435302734375], [-0.008835327811539173, -0.01298549771308899, -0.9998766779899597, 1.5062713623046875], [0.5713017582893372, 0.8205898404121399, -0.015705343335866928, -1.15234375], [0.0, 0.0, 0.0, 1.0]], [[0.005673748441040516, -0.9998371005058289, 0.01713220216333866, 0.00799560546875], [-0.014128548093140125, -0.01721092127263546, -0.9997520446777344, 1.5179061889648438], [0.9998840689659119, 0.005430176854133606, -0.014223895035684109, -1.5042724609375], [0.0, 0.0, 0.0, 1.0]], [[-0.8329781889915466, -0.5532592535018921, 0.0071700396947562695, 0.9100341796875], [-0.008483730256557465, -0.00018620354239828885, -0.9999639391899109, 1.5023889541625977], [0.5532407164573669, -0.8330090045928955, -0.004538599867373705, -1.1657447814941406], [0.0, 0.0, 0.0, 1.0]], [[0.9477165937423706, 0.3189663290977478, -0.009685186669230461, -1.133056640625], [0.00030522869201377034, -0.03125636279582977, -0.9995113611221313, 1.5885601043701172], [-0.3191131055355072, 0.9472505450248718, -0.029719529673457146, -0.1068878173828125], [0.0, 0.0, 0.0, 1.0]], [[0.0023174115922302008, 0.9997764229774475, -0.02101963758468628, 0.00244140625], [-0.025155453011393547, -0.020954756066203117, -0.9994639158248901, 1.5778541564941406], [-0.9996808171272278, 0.002844890346750617, 0.02510126493871212, -0.058349609375], [0.0, 0.0, 0.0, 1.0]], [[-0.9348374605178833, 0.3549653887748718, -0.008863605558872223, 1.03375244140625], [0.007436341140419245, -0.0053849294781684875, -0.9999578595161438, 1.5522680282592773], [-0.3549981415271759, -0.9348639249801636, 0.002394389593973756, -0.10137939453125], [0.0, 0.0, 0.0, 1.0]]], "view": [[0.0, -2.0, 100.0], [-2.0, 0.0, 100.0], [0.0, 0.0, 1.0]], "bev": "bev_f00c2d914a5a4330aa8e9ac21ba63f28.png", "aux": "aux_f00c2d914a5a4330aa8e9ac21ba63f28.npz", "visibility": "visibility_f00c2d914a5a4330aa8e9ac21ba63f28.png", "pose": [[0.6321780681610107, -0.7748231291770935, 0.0, 162.08706665039062], [0.7748231291770935, 0.6321780681610107, 0.0, 1129.9189453125], [0.0, 0.0, 1.0, 0.0], [0.0, 0.0, 0.0, 1.0]], "pose_inverse": [[0.6321780681610107, 0.7748231291770935, 0.0, -977.9552612304688], [-0.7748231291770935, 0.6321780681610107, 0.0, -588.7211303710938], [0.0, 0.0, 1.0, 0.0], [0.0, 0.0, 0.0, 1.0]], "cam_ids": [0, 1, 2, 3, 4, 5], "cam_channels": ["CAM_FRONT_LEFT", "CAM_FRONT", "CAM_FRONT_RIGHT", "CAM_BACK_LEFT", "CAM_BACK", "CAM_BACK_RIGHT"], "token": "f00c2d914a5a4330aa8e9ac21ba63f28", "scene": "scene-0373"}, {"images": ["samples/CAM_FRONT_LEFT/n015-2018-08-03-15-00-36+0800__CAM_FRONT_LEFT__1533280298854844.jpg", "samples/CAM_FRONT/n015-2018-08-03-15-00-36+0800__CAM_FRONT__1533280298862460.jpg", "samples/CAM_FRONT_RIGHT/n015-2018-08-03-15-00-36+0800__CAM_FRONT_RIGHT__1533280298870339.jpg", "samples/CAM_BACK_LEFT/n015-2018-08-03-15-00-36+0800__CAM_BACK_LEFT__1533280298897423.jpg", "samples/CAM_BACK/n015-2018-08-03-15-00-36+0800__CAM_BACK__1533280298887525.jpg", "samples/CAM_BACK_RIGHT/n015-2018-08-03-15-00-36+0800__CAM_BACK_RIGHT__1533280298877893.jpg"], "intrinsics": [[[1272.5979470598488, 0.0, 826.6154927353808], [0.0, 1272.5979470598488, 479.75165386361925], [0.0, 0.0, 1.0]], [[1266.417203046554, 0.0, 816.2670197447984], [0.0, 1266.417203046554, 491.50706579294757], [0.0, 0.0, 1.0]], [[1260.8474446004698, 0.0, 807.968244525554], [0.0, 1260.8474446004698, 495.3344268742088], [0.0, 0.0, 1.0]], [[1256.7414812095406, 0.0, 792.1125740759628], [0.0, 1256.7414812095406, 492.7757465151356], [0.0, 0.0, 1.0]], [[809.2209905677063, 0.0, 829.2196003259838], [0.0, 809.2209905677063, 481.77842384512485], [0.0, 0.0, 1.0]], [[1259.5137405846733, 0.0, 807.2529053838625], [0.0, 1259.5137405846733, 501.19579884916527], [0.0, 0.0, 1.0]]], "extrinsics": [[[0.8206351399421692, -0.5714511275291443, -0.0012492862297222018, -0.80078125], [-0.00847003422677517, -0.009977457113564014, -0.9999143481254578, 1.5065717697143555], [0.5713896751403809, 0.820575475692749, -0.013028062880039215, -1.1673583984375], [0.0, 0.0, 0.0, 1.0]], [[0.00557547016069293, -0.9998852610588074, 0.014087039045989513, 0.0069580078125], [-0.013690382242202759, -0.01416226290166378, -0.9998059868812561, 1.5182838439941406], [0.9998907446861267, 0.005381520371884108, -0.013767772354185581, -1.5269775390625], [0.0, 0.0, 0.0, 1.0]], [[-0.8330283164978027, -0.553207516670227, 0.005038407165557146, 0.9239501953125], [-0.007986470125615597, 0.002918853657320142, -0.9999638199806213, 1.5026021003723145], [0.553172767162323, -0.8330384492874146, -0.006849661935120821, -1.1759834289550781], [0.0, 0.0, 0.0, 1.0]], [[0.9477348327636719, 0.3189585208892822, -0.008007146418094635, -1.1337890625], [0.0009388220496475697, -0.027883827686309814, -0.9996107220649719, 1.5885648727416992], [-0.3190576434135437, 0.9473583698272705, -0.026725921779870987, -0.1065673828125], [0.0, 0.0, 0.0, 1.0]], [[0.002387183252722