[{"images": ["samples/CAM_FRONT_LEFT/n008-2018-09-18-12-53-31-0400__CAM_FRONT_LEFT__1537289981504799.jpg", "samples/CAM_FRONT/n008-2018-09-18-12-53-31-0400__CAM_FRONT__1537289981512404.jpg", "samples/CAM_FRONT_RIGHT/n008-2018-09-18-12-53-31-0400__CAM_FRONT_RIGHT__1537289981520482.jpg", "samples/CAM_BACK_LEFT/n008-2018-09-18-12-53-31-0400__CAM_BACK_LEFT__1537289981547405.jpg", "samples/CAM_BACK/n008-2018-09-18-12-53-31-0400__CAM_BACK__1537289981537558.jpg", "samples/CAM_BACK_RIGHT/n008-2018-09-18-12-53-31-0400__CAM_BACK_RIGHT__1537289981528113.jpg"], "intrinsics": [[[1257.8625342125129, 0.0, 827.2410631095686], [0.0, 1257.8625342125129, 450.915498205774], [0.0, 0.0, 1.0]], [[1252.8131021185304, 0.0, 826.588114781398], [0.0, 1252.8131021185304, 469.9846626224581], [0.0, 0.0, 1.0]], [[1256.7485116440405, 0.0, 817.7887570959712], [0.0, 1256.7485116440403, 451.9541780095127], [0.0, 0.0, 1.0]], [[1254.9860565800168, 0.0, 829.5769333630991], [0.0, 1254.9860565800168, 467.1680561863987], [0.0, 0.0, 1.0]], [[796.8910634503094, 0.0, 857.7774326863696], [0.0, 796.8910634503094, 476.8848988407415], [0.0, 0.0, 1.0]], [[1249.9629280788233, 0.0, 825.3768045375984], [0.0, 1249.9629280788233, 462.54816385708756], [0.0, 0.0, 1.0]]], "extrinsics": [[[0.8225226402282715, -0.5687316656112671, 0.0009316190844401717, -1.00506591796875], [0.02933795005083084, 0.040793731808662415, -0.9987367391586304, 1.4882965087890625], [0.5679752230644226, 0.821510910987854, 0.050239190459251404, -1.333251953125], [0.0, 0.0, 0.0, 1.0]], [[0.010715433396399021, -0.9992811679840088, -0.036363646388053894, 0.0054931640625], [0.03129662573337555, 0.03668307140469551, -0.9988367557525635, 1.48016357421875], [0.9994527101516724, 0.009564847685396671, 0.03166719898581505, -1.734588623046875], [0.0, 0.0, 0.0, 1.0]], [[-0.8433009386062622, -0.535275936126709, -0.04819861426949501, 1.0904541015625], [0.03932056948542595, 0.027991855517029762, -0.998834490776062, 1.4930763244628906], [0.5360012054443359, -0.8442133069038391, -0.0025582052767276764, -1.277587890625], [0.0, 0.0, 0.0, 1.0]], [[0.9476308226585388, 0.31822723150253296, 0.02696988731622696, -1.14398193359375], [0.013938779942691326, 0.04315571114420891, -0.9989711046218872, 1.562042236328125], [-0.319063663482666, 0.9470316171646118, 0.03645997866988182, -0.156005859375], [0.0, 0.0, 0.0, 1.0]], [[0.008781063370406628, 0.9993211627006531, 0.035779524594545364, -0.02880859375], [0.01607607863843441, 0.03563520312309265, -0.9992355108261108, 1.5680580139160156], [-0.9998322129249573, 0.00934961624443531, -0.01575225032866001, 0.04425048828125], [0.0, 0.0, 0.0, 1.0]], [[-0.9235166907310486, 0.3833104968070984, -0.013777309097349644, 1.160797119140625], [0.020282017067074776, 0.012933275662362576, -0.9997106194496155, 1.5478134155273438], [-0.3830215036869049, -0.9235289096832275, -0.019718408584594727, -0.043701171875], [0.0, 0.0, 0.0, 1.0]]], "view": [[0.0, -2.0, 100.0], [-2.0, 0.0, 100.0], [0.0, 0.0, 1.0]], "bev": "bev_daca50a30ed845f8ae49d38f4aec022c.png", "aux": "aux_daca50a30ed845f8ae49d38f4aec022c.npz", "visibility": "visibility_daca50a30ed845f8ae49d38f4aec022c.png", "pose": [[-0.8129005432128906, -0.5824025273323059, 0.0, 1185.133544921875], [0.5824025273323059, -0.8129005432128906, 0.0, 1134.898193359375], [0.0, 0.0, 1.0, 0.0], [0.0, 0.0, 0.0, 1.0]], "pose_inverse": [[-0.8129005432128906, 0.5824025273323059, 0.0, 302.42816162109375], [-0.5824025273323059, -0.8129005432128906, 0.0, 1612.7841796875], [0.0, 0.0, 1.0, 0.0], [0.0, 0.0, 0.0, 1.0]], "cam_ids": [0, 1, 2, 3, 4, 5], "cam_channels": ["CAM_FRONT_LEFT", "CAM_FRONT", "CAM_FRONT_RIGHT", "CAM_BACK_LEFT", "CAM_BACK", "CAM_BACK_RIGHT"], "token": "daca50a30ed845f8ae49d38f4aec022c", "scene": "scene-0468"}, {"images": ["samples/CAM_FRONT_LEFT/n008-2018-09-18-12-53-31-0400__CAM_FRONT_LEFT__1537289982004799.jpg", "samples/CAM_FRONT/n008-2018-09-18-12-53-31-0400__CAM_FRONT__1537289982012404.jpg", "samples/CAM_FRONT_RIGHT/n008-2018-09-18-12-53-31-0400__CAM_FRONT_RIGHT__1537289982020482.jpg", "samples/CAM_BACK_LEFT/n008-2018-09-18-12-53-31-0400__CAM_BACK_LEFT__1537289982047405.jpg", "samples/CAM_BACK/n008-2018-09-18-12-53-31-0400__CAM_BACK__1537289982037558.jpg", "samples/CAM_BACK_RIGHT/n008-2018-09-18-12-53-31-0400__CAM_BACK_RIGHT__1537289982028113.jpg"], "intrinsics": [[[1257.8625342125129, 0.0, 827.2410631095686], [0.0, 1257.8625342125129, 450.915498205774], [0.0, 0.0, 1.0]], [[1252.8131021185304, 0.0, 826.588114781398], [0.0, 1252.8131021185304, 469.9846626224581], [0.0, 0.0, 1.0]], [[1256.7485116440405, 0.0, 817.7887570959712], [0.0, 1256.7485116440403, 451.9541780095127], [0.0, 0.0, 1.0]], [[1254.9860565800168, 0.0, 829.5769333630991], [0.0, 1254.9860565800168, 467.1680561863987], [0.0, 0.0, 1.0]], [[796.8910634503094, 0.0, 857.7774326863696], [0.0, 796.8910634503094, 476.8848988407415], [0.0, 0.0, 1.0]], [[1249.9629280788233, 0.0, 825.3768045375984], [0.0, 1249.9629280788233, 462.54816385708756], [0.0, 0.0, 1.0]]], "extrinsics": [[[0.8225218653678894, -0.568732738494873, 0.0009630206041038036, -1.0050048828125], [0.029383905231952667, 0.040804944932460785, -0.9987349510192871, 1.4882965087890625], [0.5679739713668823, 0.8215096592903137, 0.050274547189474106, -1.3333740234375], [0.0, 0.0, 0.0, 1.0]], [[0.010712363757193089, -0.9992806911468506, -0.03637687489390373, 0.0052490234375], [0.03134169802069664, 0.03669663146138191, -0.9988348484039307, 1.48016357421875], [0.9994513988494873, 0.009559767320752144, 0.03171226382255554, -1.734710693359375], [0.0, 0.0, 0.0, 1.0]], [[-0.8433018922805786, -0.5352704524993896, -0.0482436865568161, 1.090576171875], [0.039363473653793335, 0.028008388355374336, -0.9988323450088501, 1.493072509765625], [0.5359967350959778, -0.8442162871360779, -0.0025494233705103397, -1.2774658203125], [0.0, 0.0, 0.0, 1.0]], [[0.9476320743560791, 0.3182194232940674, 0.027017414569854736, -1.14410400390625], [0.01397525705397129, 0.04319710657000542, -0.998968780040741, 1.562042236328125], [-0.31905829906463623, 0.9470324516296387, 0.03648776561021805, -0.1561279296875], [0.0, 0.0, 0.0, 1.0]], [[0.008783146739006042, 0.9993199110031128, 0.035814184695482254, -0.02880859375], [0.016110891476273537, 0.03566949442028999, -0.9992337226867676, 1.5680618286132812], [-0.9998316168785095, 0.0093534542247653, -0.01578664407134056, 0.044281005859375], [0.0, 0.0, 0.0, 1.0]], [[-0.9235147833824158, 0.38331472873687744, -0.01379541214555502, 1.160675048828125], [0.020312462002038956, 0.012959194369614124, -0.9997096657752991, 1.5478134155273438], [-0.3830246329307556, -0.9235268831253052, -0.01975407265126705, -0.043701171875], [0.0, 0.0, 0.0, 1.0]]], "view": [[0.0, -2.0, 100.0], [-2.0, 0.0, 100.0], [0.0, 0.0, 1.0]], "bev": "bev_8e1bca01276c4a3c93322f7103237c8d.png", "aux": "aux_8e1bca01276c4a3c93322f7103237c8d.npz", "visibility": "visibility_8e1bca01276c4a3c93322f7103237c8d.png", "pose": [[-0.8128944039344788, -0.5824111104011536, 0.0, 1185.133544921875], [0.5824111104011536, -0.8128944039344788, 0.0, 1134.898193359375], [0.0, 0.0, 1.0, 0.0], [0.0, 0.0, 0.0, 1.0]], "pose_inverse": [[-0.8128944039344788, 0.5824111104011536, 0.0, 302.4111022949219], [-0.5824111104011536, -0.8128944039344788, 0.0, 1612.787353515625], [0.0, 0.0, 1.0, 0.0], [0.0, 0.0, 0.0, 1.0]], "cam_ids": [0, 1, 2, 3, 4, 5], "cam_channels": ["CAM_FRONT_LEFT", "CAM_FRONT", "CAM_FRONT_RIGHT", "CAM_BACK_LEFT", "CAM_BACK", "CAM_BACK_RIGHT"], "token": "8e1bca01276c4a3c93322f7103237c8d", "scene": "scene-0468"}, {"images": ["samples/CAM_FRONT_LEFT/n008-2018-09-18-12-53-31-0400__CAM_FRONT_LEFT__1537289982504799.jpg", "samples/CAM_FRONT/n008-2018-09-18-12-53-31-0400__CAM_FRONT__1537289982512404.jpg", "samples/CAM_FRONT_RIGHT/n008-2018-09-18-12-53-31-0400__CAM_FRONT_RIGHT__1537289982520482.jpg", "samples/CAM_BACK_LEFT/n008-2018-09-18-12-53-31-0400__CAM_BACK_LEFT__1537289982547405.jpg", "samples/CAM_BACK/n008-2018-09-18-12-53-31-0400__CAM_BACK__1537289982537558.jpg", "samples/CAM_BACK_RIGHT/n008-2018-09-18-12-53-31-0400__CAM_BACK_RIGHT__1537289982528113.jpg"], "intrinsics": [[[1257.8625342125129, 0.0, 827.2410631095686], [0.0, 1257.8625342125129, 450.915498205774], [0.0, 0.0, 1.0]], [[1252.8131021185304, 0.0, 826.588114781398], [0.0, 1252.8131021185304, 469.9846626224581], [0.0, 0.0, 1.0]], [[1256.7485116440405, 0.0, 817.7887570959712], [0.0, 1256.7485116440403, 451.9541780095127], [0.0, 0.0, 1.0]], [[1254.9860565800168, 0.0, 829.5769333630991], [0.0, 1254.9860565800168, 467.1680561863987], [0.0, 0.0, 1.0]], [[796.8910634503094, 0.0, 857.7774326863696], [0.0, 796.8910634503094, 476.8848988407415], [0.0, 0.0, 1.0]], [[1249.9629280788233, 0.0, 825.3768045375984], [0.0, 1249.9629280788233, 462.54816385708756], [0.0, 0.0, 1.0]]], "extrinsics": [[[0.8225173354148865, -0.5687393546104431, 0.0009237649501301348, -1.0048828125], [0.029218195006251335, 0.040633492171764374, -0.9987468123435974, 1.4882965087890625], [0.5679890513420105, 0.8215135335922241, 0.05003928393125534, -1.333251953125], [0.0, 0.0, 0.0, 1.0]], [[0.010704235173761845, -0.9992867112159729, -0.036213453859090805, 0.00537109375], [0.031179163604974747, 0.0365314707159996, -0.9988459944725037, 1.48016357421875], [0.9994564652442932, 0.00956275500357151, 0.031547967344522476, -1.73455810546875], [0.0, 0.0, 0.0, 1.0]], [[-0.843309223651886, -0.5352787375450134, -0.04802277684211731, 1.0904541015625], [0.03920347988605499, 0.027848221361637115, -0.9988430738449097, 1.4930763244628906], [0.5359968543052673, -0.8442162871360779, -0.0024998728185892105, -1.2777099609375], [0.0, 0.0, 0.0, 1.0]], [[0.9476336240768433, 0.31822866201400757, 0.026853404939174652, -1.14385986328125], [0.013854432851076126, 0.043041422963142395, -0.9989771842956543, 1.562042236328125], [-0.31905901432037354, 0.9470363855361938, 0.03637861832976341, -0.156005859375], [0.0, 0.0, 0.0, 1.0]], [[0.008786560036242008, 0.999325156211853, 0.03566449508070946, -0.02880859375], [0.015964949503540993, 0.03552113473415375, -0.9992413520812988, 1.5680618286132812], [-0.9998339414596558, 0.009349223226308823, -0.015642069280147552, 0.044281005859375], [0.0, 0.0, 0.0, 1.0]], [[-0.9235172271728516, 0.3833117187023163, -0.01371009461581707, 1.160736083984375], [0.020153284072875977, 0.012798242270946503, -0.9997149705886841, 1.5478096008300781], [-0.38302698731422424, -0.9235302805900574, -0.019544385373592377, -0.0438232421875], [0.0, 0.0, 0.0, 1.0]]], "view": [[0.0, -2.0, 100.0], [-2.0, 0.0, 100.0], [0.0, 0.0, 1.0]], "bev": "bev_66dc684a71514ad3bca8112350dcbcc8.png", "aux": "aux_66dc684a71514ad3bca8112350dcbcc8.npz", "visibility": "visibility_66dc684a71514ad3bca8112350dcbcc8.png", "pose": [[-0.8128568530082703, -0.5824635028839111, 0.0, 1185.133544921875], [0.5824635028839111, -0.8128568530082703, 0.0, 1134.898193359375], [0.0, 0.0, 1.0, 0.0], [0.0, 0.0, 0.0, 1.0]], "pose_inverse": [[-0.8128568530082703, 0.5824635028839111, 0.0, 302.30712890625], [-0.5824635028839111, -0.8128568530082703, 0.0, 1612.8067626953125], [0.0, 0.0, 1.0, 0.0], [0.0, 0.0, 0.0, 1.0]], "cam_ids": [0, 1, 2, 3, 4, 5], "cam_channels": ["CAM_FRONT_LEFT", "CAM_FRONT", "CAM_FRONT_RIGHT", "CAM_BACK_LEFT", "CAM_BACK", "CAM_BACK_RIGHT"], "token": "66dc684a71514ad3bca8112350dcbcc8", "scene": "scene-0468"}, {"images": ["samples/CAM_FRONT_LEFT/n008-2018-09-18-12-53-31-0400__CAM_FRONT_LEFT__1537289983004799.jpg", "samples/CAM_FRONT/n008-2018-09-18-12-53-31-0400__CAM_FRONT__1537289983012404.jpg", "samples/CAM_FRONT_RIGHT/n008-2018-09-18-12-53-31-0400__CAM_FRONT_RIGHT__1537289983020482.jpg", "samples/CAM_BACK_LEFT/n008-2018-09-18-12-53-31-0400__CAM_BACK_LEFT__1537289983047405.jpg", "samples/CAM_BACK/n008-2018-09-18-12-53-31-0400__CAM_BACK__1537289983037558.jpg", "samples/CAM_BACK_RIGHT/n008-2018-09-18-12-53-31-0400__CAM_BACK_RIGHT__1537289983028113.jpg"], "intrinsics": [[[1257.8625342125129, 0.0, 827.2410631095686], [0.0, 1257.8625342125129, 450.915498205774], [0.0, 0.0, 1.0]], [[1252.8131021185304, 0.0, 826.588114781398], [0.0, 1252.8131021185304, 469.9846626224581], [0.0, 0.0, 1.0]], [[1256.7485116440405, 0.0, 817.7887570959712], [0.0, 1256.7485116440403, 451.9541780095127], [0.0, 0.0, 1.0]], [[1254.9860565800168, 0.0, 829.5769333630991], [0.0, 1254.9860565800168, 467.1680561863987], [0.0, 0.0, 1.0]], [[796.8910634503094, 0.0, 857.7774326863696], [0.0, 796.8910634503094, 476.8848988407415], [0.0, 0.0, 1.0]], [[1249.9629280788233, 0.0, 825.3768045375984], [0.0, 1249.9629280788233, 462.54816385708756], [0.0, 0.0, 1.0]]], "extrinsics": [[[0.8225077390670776, -0.5687530040740967, 0.0009880525758489966, -1.00506591796875], [0.029350927099585533, 0.040711093693971634, -0.9987397193908691, 1.4882965087890625], [0.5679960250854492, 0.8215002417564392, 0.05017862096428871, -1.3333740234375], [0.0, 0.0, 0.0, 1.0]], [[0.0106905996799469, -0.9992846846580505, -0.03627398610115051, 0.0052490234375], [0.03131306916475296, 0.03659282252192497, -0.9988395571708679, 1.48016357421875], [0.9994524717330933, 0.009542345069348812, 0.03168187290430069, -1.7347412109375], [0.0, 0.0, 0.0, 1.0]], [[-0.8433117270469666, -0.5352622866630554, -0.04816235601902008, 1.090576171875], [0.03933952376246452, 0.02789442427456379, -0.9988364577293396, 1.4930763244628906], [0.5359829664230347, -0.8442252278327942, -0.002466730773448944, -1.277587890625], [0.0, 0.0, 0.0, 1.0]], [[0.9476325511932373, 0.3182239532470703, 0.026944976300001144, -1.14398193359375], [0.013934164308011532, 0.04309186339378357, -0.9989739060401917, 1.5620346069335938], [-0.31905853748321533, 0.9470357298851013, 0.036401066929101944, -0.1561279296875], [0.0, 0.0, 0.0, 1.0]], [[0.008790037594735622, 0.9993237853050232, 0.035704854875802994, -0.0289306640625], [0.016079269349575043, 0.03556036204099655, -0.999238133430481, 1.5680618286132812], [-0.9998321533203125, 0.0093574533239007, -0.015755822882056236, 0.044219970703125], [0.0, 0.0, 0.0, 1.0]], [[-0.9235106110572815, 0.38332387804985046, -0.013813802972435951, 1.16070556640625], [0.02028643526136875, 0.012847931124269962, -0.9997116327285767, 1.547811508178711], [-0.3830358684062958, -0.9235246181488037, -0.01964147575199604, -0.043701171875], [0.0, 0.0, 0.0, 1.0]]], "view": [[0.0, -2.0, 100.0], [-2.0, 0.0, 100.0], [0.0, 0.0, 1.0]], "bev": "bev_fe811c579eaf4befbc93b4ba87de924c.png", "aux": "aux_fe811c579eaf4befbc93b4ba87de924c.npz", "visibility": "visibility_fe811c579eaf4befbc93b4ba87de924c.png", "pose": [[-0.8128915429115295, -0.5824151039123535, 0.0, 1185.133544921875], [0.5824151039123535, -0.8128915429115295, 0.0, 1134.898193359375], [0.0, 0.0, 1.0, 0.0], [0.0, 0.0, 0.0, 1.0]], "pose_inverse": [[-0.8128915429115295, 0.5824151039123535, 0.0, 302.4031677246094], [-0.5824151039123535, -0.8128915429115295, 0.0, 1612.788818359375], [0.0, 0.0, 1.0, 0.0], [0.0, 0.0, 0.0, 1.0]], "cam_ids": [0, 1, 2, 3, 4, 5], "cam_channels": ["CAM_FRONT_LEFT", "CAM_FRONT", "CAM_FRONT_RIGHT", "CAM_BACK_LEFT", "CAM_BACK", "CAM_BACK_RIGHT"], "token": "fe811c579eaf4befbc93b4ba87de924c", "scene": "scene-0468"}, {"images": ["samples/CAM_FRONT_LEFT/n008-2018-09-18-12-53-31-0400__CAM_FRONT_LEFT__1537289983504799.jpg", "samples/CAM_FRONT/n008-2018-09-18-12-53-31-0400__CAM_FRONT__1537289983512404.jpg", "samples/CAM_FRONT_RIGHT/n008-2018-09-18-12-53-31-0400__CAM_FRONT_RIGHT__1537289983520482.jpg", "samples/CAM_BACK_LEFT/n008-2018-09-18-12-53-31-0400__CAM_BACK_LEFT__1537289983547405.jpg", "samples/CAM_BACK/n008-2018-09-18-12-53-31-0400__CAM_BACK__1537289983537558.jpg", "samples/CAM_BACK_RIGHT/n008-2018-09-18-12-53-31-0400__CAM_BACK_RIGHT__1537289983528113.jpg"], "intrinsics": [[[1257.8625342125129, 0.0, 827.2410631095686], [0.0, 1257.8625342125129, 450.915498205774], [0.0, 0.0, 1.0]], [[1252.8131021185304, 0.0, 826.588114781398], [0.0, 1252.8131021185304, 469.9846626224581], [0.0, 0.0, 1.0]], [[1256.7485116440405, 0.0, 817.7887570959712], [0.0, 1256.7485116440403, 451.9541780095127], [0.0, 0.0, 1.0]], [[1254.9860565800168, 0.0, 829.5769333630991], [0.0, 1254.9860565800168, 467.1680561863987], [0.0, 0.0, 1.0]], [[796.8910634503094, 0.0, 857.7774326863696], [0.0, 796.8910634503094, 476.8848988407415], [0.0, 0.0, 1.0]], [[1249.9629280788233, 0.0, 825.3768045375984], [0.0, 1249.9629280788233, 462.54816385708756], [0.0, 0.0, 1.0]]], "extrinsics": [[[0.8224968910217285, -0.5687687993049622, 0.0009652386652305722, -1.00506591796875], [0.029334349557757378, 0.04072549194097519, -0.9987396597862244, 1.4882965087890625], [0.5680126547813416, 0.8214885592460632, 0.05018105357885361, -1.3333740234375], [0.0, 0.0, 0.0, 1.0]], [[0.010670124553143978, -0.9992842674255371, -0.03629017248749733, 0.0052490234375], [0.031279049813747406, 0.03660803288221359, -0.9988400936126709, 1.48016357421875], [0.9994537234306335, 0.009522671811282635, 0.03164727985858917, -1.734649658203125], [0.0, 0.0, 0.0, 1.0]], [[-0.8433229327201843, -0.535247802734375, -0.04812705144286156, 1.0906982421875], [0.03928757086396217, 0.027910476550459862, -0.9988380670547485, 1.493072509765625], [0.5359691381454468, -0.8442338705062866, -0.0025089578703045845, -1.277587890625], [0.0, 0.0, 0.0, 1.0]], [[0.9476349353790283, 0.3182181119918823, 0.026930969208478928, -1.14398193359375], [0.013916577212512493, 0.04310092702507973, -0.9989737868309021, 1.562042236328125], [-0.3190523684024811, 0.9470371603965759, 0.03641543909907341, -0.1561279296875], [0.0, 0.0, 0.0, 1.0]], [[0.008798642084002495, 0.9993230104446411, 0.03572210296988487, -0.02880859375], [0.016039511188864708, 0.03557784855365753, -0.9992381930351257, 1.5680580139160156], [-0.9998326301574707, 0.009364902041852474, -0.015715619549155235, 0.0443115234375], [0.0, 0.0, 0.0, 1.0]], [[-0.9235066771507263, 0.3833351135253906, -0.013762193731963634, 1.16070556640625], [0.020236432552337646, 0.01286145206540823, -0.9997125267982483, 1.547811508178711], [-0.38304784893989563, -0.9235197901725769, -0.019634973257780075, -0.043701171875], [0.0, 0.0, 0.0, 1.0]]], "view": [[0.0, -2.0, 100.0], [-2.0, 0.0, 100.0], [0.0, 0.0, 1.0]], "bev": "bev_add90234ede3430fb57c0b595406a205.png", "aux": "aux_add90234ede3430fb57c0b595406a205.npz", "visibility": "visibility_add90234ede3430fb57c0b595406a205.png", "pose": [[-0.8128981590270996, -0.5824058055877686, 0.0, 1185.133544921875], [0.5824058055877686, -0.8128981590270996, 0.0, 1134.898193359375], [0.0, 0.0, 1.0, 0.0], [0.0, 0.0, 0.0, 1.0]], "pose_inverse": [[-0.8128981590270996, 0.5824058055877686, 0.0, 302.42156982421875], [-0.5824058055877686, -0.8128981590270996, 0.0, 1612.785400390625], [0.0, 0.0, 1.0, 0.0], [0.0, 0.0, 0.0, 1.0]], "cam_ids": [0, 1, 2, 3, 4, 5], "cam_channels": ["CAM_FRONT_LEFT", "CAM_FRONT", "CAM_FRONT_RIGHT", "CAM_BACK_LEFT", "CAM_BACK", "CAM_BACK_RIGHT"], "token": "add90234ede3430fb57c0b595406a205", "scene": "scene-0468"}, {"images": ["samples/CAM_FRONT_LEFT/n008-2018-09-18-12-53-31-0400__CAM_FRONT_LEFT__1537289984004799.jpg", "samples/CAM_FRONT/n008-2018-09-18-12-53-31-0400__CAM_FRONT__1537289984012404.jpg", "samples/CAM_FRONT_RIGHT/n008-2018-09-18-12-53-31-0400__CAM_FRONT_RIGHT__1537289984020482.jpg", "samples/CAM_BACK_LEFT/n008-2018-09-18-12-53-31-0400__CAM_BACK_LEFT__1537289984047405.jpg", "samples/CAM_BACK/n008-2018-09-18-12-53-31-0400__CAM_BACK__1537289984037558.jpg", "samples/CAM_BACK_RIGHT/n008-2018-09-18-12-53-31-0400__CAM_BACK_RIGHT__1537289984028113.jpg"], "intrinsics": [[[1257.8625342125129, 0.0, 827.2410631095686], [0.0, 1257.8625342125129, 450.915498205774], [0.0, 0.0, 1.0]], [[1252.8131021185304, 0.0, 826.588114781398], [0.0, 1252.8131021185304, 469.9846626224581], [0.0, 0.0, 1.0]], [[1256.7485116440405, 0.0, 817.7887570959712], [0.0, 1256.7485116440403, 451.9541780095127], [0.0, 0.0, 1.0]], [[1254.9860565800168, 0.0, 829.5769333630991], [0.0, 1254.9860565800168, 467.1680561863987], [0.0, 0.0, 1.0]], [[796.8910634503094, 0.0, 857.7774326863696], [0.0, 796.8910634503094, 476.8848988407415], [0.0, 0.0, 1.0]], [[1249.9629280788233, 0.0, 825.3768045375984], [0.0, 1249.9629280788233, 462.54816385708756], [0.0, 0.0, 1.0]]], "extrinsics": [[[0.8225240111351013, -0.5687298774719238, 0.0008389914291910827, -1.0050048828125], [0.029209783300757408, 0.04077121987938881, -0.9987414479255676, 1.4883041381835938], [0.5679799318313599, 0.821513295173645, 0.050147783011198044, -1.33349609375], [0.0, 0.0, 0.0, 1.0]], [[0.010710490867495537, -0.9992818832397461, -0.03634622320532799, 0.00537109375], [0.031160853803157806, 0.0366642065346241, -0.9988417029380798, 1.48016357421875], [0.9994570016860962, 0.009565570391714573, 0.03153117001056671, -1.734710693359375], [0.0, 0.0, 0.0, 1.0]], [[-0.8433083891868591, -0.5352759957313538, -0.04806899651885033, 1.090576171875], [0.0391760990023613, 0.027977583929896355, -0.9988405704498291, 1.493072509765625], [0.5360002517700195, -0.8442137837409973, -0.002623703796416521, -1.2774658203125], [0.0, 0.0, 0.0, 1.0]], [[0.947635293006897, 0.31822580099105835, 0.026829328387975693, -1.14385986328125], [0.013793963007628918, 0.04314591363072395, -0.998973548412323, 1.5620498657226562], [-0.3190567195415497, 0.9470325708389282, 0.03649699315428734, -0.1561279296875], [0.0, 0.0, 0.0, 1.0]], [[0.008786579594016075, 0.9993215203285217, 0.03576866537332535, -0.0286865234375], [0.015923883765935898, 0.035625677555799484, -0.9992382526397705, 1.5680618286132812], [-0.9998345375061035, 0.009349466301500797, -0.01560005359351635, 0.0443115234375], [0.0, 0.0, 0.0, 1.0]], [[-0.9235187768936157, 0.38331061601638794, -0.013633906841278076, 1.1607666015625], [0.02012171596288681, 0.0129210464656353, -0.9997140169143677, 1.5478076934814453], [-0.38302484154701233, -0.9235290884971619, -0.019645698368549347, -0.043701171875], [0.0, 0.0, 0.0, 1.0]]], "view": [[0.0, -2.0, 100.0], [-2.0, 0.0, 100.0], [0.0, 0.0, 1.0]], "bev": "bev_1f826bf0dc4148589805944f514f8656.png", "aux": "aux_1f826bf0dc4148589805944f514f8656.npz", "visibility": "visibility_1f826bf0dc4148589805944f514f8656.png", "pose": [[-0.8128830194473267, -0.5824269652366638, 0.0, 1185.133544921875], [0.5824269652366638, -0.8128830194473267, 0.0, 1134.898193359375], [0.0, 0.0, 1.0, 0.0], [0.0, 0.0, 0.0, 1.0]], "pose_inverse": [[-0.8128830194473267, 0.5824269652366638, 0.0, 302.379638671875], [-0.5824269652366638, -0.8128830194473267, 0.0, 1612.793212890625], [0.0, 0.0, 1.0, 0.0], [0.0, 0.0, 0.0, 1.0]], "cam_ids": [0, 1, 2, 3, 4, 5], "cam_channels": ["CAM_FRONT_LEFT", "CAM_FRONT", "CAM_FRONT_RIGHT", "CAM_BACK_LEFT", "CAM_BACK", "CAM_BACK_RIGHT"], "token": "1f826bf0dc4148589805944f514f8656", "scene": "scene-0468"}, {"images": ["samples/CAM_FRONT_LEFT/n008-2018-09-18-12-53-31-0400__CAM_FRONT_LEFT__1537289984504799.jpg", "samples/CAM_FRONT/n008-2018-09-18-12-53-31-0400__CAM_FRONT__1537289984512404.jpg", "samples/CAM_FRONT_RIGHT/n008-2018-09-18-12-53-31-0400__CAM_FRONT_RIGHT__1537289984520482.jpg", "samples/CAM_BACK_LEFT/n008-2018-09-18-12-53-31-0400__CAM_BACK_LEFT__1537289984547405.jpg", "samples/CAM_BACK/n008-2018-09-18-12-53-31-0400__CAM_BACK__1537289984537558.jpg", "samples/CAM_BACK_RIGHT/n008-2018-09-18-12-53-31-0400__CAM_BACK_RIGHT__1537289984528113.jpg"], "intrinsics": [[[1257.8625342125129, 0.0, 827.2410631095686], [0.0, 1257.8625342125129, 450.915498205774], [0.0, 0.0, 1.0]], [[1252.8131021185304, 0.0, 826.588114781398], [0.0, 1252.8131021185304, 469.9846626224581], [0.0, 0.0, 1.0]], [[1256.7485116440405, 0.0, 817.7887570959712], [0.0, 1256.7485116440403, 451.9541780095127], [0.0, 0.0, 1.0]], [[1254.9860565800168, 0.0, 829.5769333630991], [0.0, 1254.9860565800168, 467.1680561863987], [0.0, 0.0, 1.0]], [[796.8910634503094, 0.0, 857.7774326863696], [0.0, 796.8910634503094, 476.8848988407415], [0.0, 0.0, 1.0]], [[1249.9629280788233, 0.0, 825.3768045375984], [0.0, 1249.9629280788233, 462.54816385708756], [0.0, 0.0, 1.0]]], "extrinsics": [[[0.8225191831588745, -0.5687368512153625, 0.0008086153538897634, -1.00506591796875], [0.029183510690927505, 0.04078581929206848, -0.998741626739502, 1.4882965087890625], [0.5679882764816284, 0.8215077519416809, 0.050144851207733154, -1.33349609375], [0.0, 0.0, 0.0, 1.0]], [[0.01069677621126175, -0.9992813467979431, -0.03636407107114792, 0.00537109375], [0.031145021319389343, 0.03668145835399628, -0.9988415837287903, 1.4801559448242188], [0.9994576573371887, 0.009551847353577614, 0.03151501342654228, -1.734710693359375], [0.0, 0.0, 0.0, 1.0]], [[-0.8433153629302979, -0.5352644920349121, -0.04807550460100174, 1.0904541015625], [0.039171066135168076, 0.02799772284924984, -0.9988402128219604, 1.493072509765625], [0.5359897017478943, -0.8442204594612122, -0.002644029213115573, -1.277587890625], [0.0, 0.0, 0.0, 1.0]], [[0.9476372003555298, 0.31821879744529724, 0.0268414244055748, -1.143798828125], [0.013802560046315193, 0.043159082531929016, -0.9989728331565857, 1.562042236328125], [-0.31905049085617065, 0.9470343589782715, 0.03650691732764244, -0.156005859375], [0.0, 0.0, 0.0, 1.0]], [[0.008792541921138763, 0.9993207454681396, 0.0357883982360363, -0.02880859375], [0.015925241634249687, 0.03564530238509178, -0.999237596988678, 1.5680694580078125], [-0.9998345375061035, 0.009355719201266766, -0.015601014718413353, 0.044403076171875], [0.0, 0.0, 0.0, 1.0]], [[-0.9235153794288635, 0.38331931829452515, -0.01362181268632412, 1.16070556640625], [0.020119450986385345, 0.012946665287017822, -0.9997137784957886, 1.547811508178711], [-0.38303324580192566, -0.9235250949859619, -0.019668616354465485, -0.043701171875], [0.0, 0.0, 0.0, 1.0]]], "view": [[0.0, -2.0, 100.0], [-2.0, 0.0, 100.0], [0.0, 0.0, 1.0]], "bev": "bev_09e7c1c7bc0f485c90e08d1f119d63fa.png", "aux": "aux_09e7c1c7bc0f485c90e08d1f119d63fa.npz", "visibility": "visibility_09e7c1c7bc0f485c90e08d1f119d63fa.png", "pose": [[-0.8129115700721741, -0.5823871493339539, 0.0, 1185.133544921875], [0.5823871493339539, -0.8129115700721741, 0.0, 1134.898193359375], [0.0, 0.0, 1.0, 0.0], [0.0, 0.0, 0.0, 1.0]], "pose_inverse": [[-0.8129115700721741, 0.5823871493339539, 0.0, 302.4586181640625], [-0.5823871493339539, -0.8129115700721741, 0.0, 1612.7784423828125], [0.0, 0.0, 1.0, 0.0], [0.0, 0.0, 0.0, 1.0]], "cam_ids": [0, 1, 2, 3, 4, 5], "cam_channels": ["CAM_FRONT_LEFT", "CAM_FRONT", "CAM_FRONT_RIGHT", "CAM_BACK_LEFT", "CAM_BACK", "CAM_BACK_RIGHT"], "token": "09e7c1c7bc0f485c90e08d1f119d63fa", "scene": "scene-0468"}, {"images": ["samples/CAM_FRONT_LEFT/n008-2018-09-18-12-53-31-0400__CAM_FRONT_LEFT__1537289985004799.jpg", "samples/CAM_FRONT/n008-2018-09-18-12-53-31-0400__CAM_FRONT__1537289985012404.jpg", "samples/CAM_FRONT_RIGHT/n008-2018-09-18-12-53-31-0400__CAM_FRONT_RIGHT__1537289985020482.jpg", "samples/CAM_BACK_LEFT/n008-2018-09-18-12-53-31-0400__CAM_BACK_LEFT__1537289985047405.jpg", "samples/CAM_BACK/n008-2018-09-18-12-53-31-0400__CAM_BACK__1537289985037558.jpg", "samples/CAM_BACK_RIGHT/n008-2018-09-18-12-53-31-0400__CAM_BACK_RIGHT__1537289985028113.jpg"], "intrinsics": [[[1257.8625342125129, 0.0, 827.2410631095686], [0.0, 1257.8625342125129, 450.915498205774], [0.0, 0.0, 1.0]], [[1252.8131021185304, 0.0, 826.588114781398], [0.0, 1252.8131021185304, 469.9846626224581], [0.0, 0.0, 1.0]], [[1256.7485116440405, 0.0, 817.7887570959712], [0.0, 1256.7485116440403, 451.9541780095127], [0.0, 0.0, 1.0]], [[1254.9860565800168, 0.0, 829.5769333630991], [0.0, 1254.9860565800168, 467.1680561863987], [0.0, 0.0, 1.0]], [[796.8910634503094, 0.0, 857.7774326863696], [0.0, 796.8910634503094, 476.8848988407415], [0.0, 0.0, 1.0]], [[1249.9629280788233, 0.0, 825.3768045375984], [0.0, 1249.9629280788233, 462.54816385708756], [0.0, 0.0, 1.0]]], "extrinsics": [[[0.8225203156471252, -0.568734884262085, 0.0010092600714415312, -1.0050048828125], [0.029387477785348892, 0.04072865843772888, -0.9987379908561707, 1.4882965087890625], [0.5679760575294495, 0.8215118050575256, 0.05021383613348007, -1.333251953125], [0.0, 0.0, 0.0, 1.0]], [[0.010710288770496845, -0.999284029006958, -0.036283984780311584, 0.00537109375], [0.031330619007349014, 0.03660360723733902, -0.9988386631011963, 1.4801559448242188], [0.9994516968727112, 0.00956099946051836, 0.03170022368431091, -1.7347412109375], [0.0, 0.0, 0.0, 1.0]], [[-0.8433036804199219, -0.5352748036384583, -0.04816250130534172, 1.0904541015625], [0.03933746740221977, 0.02789786271750927, -0.9988364577293396, 1.4930686950683594], [0.5359956622123718, -0.84421706199646, -0.0024700118228793144, -1.277587890625], [0.0, 0.0, 0.0, 1.0]], [[0.9476315975189209, 0.31822556257247925, 0.026957813650369644, -1.14385986328125], [0.013957459479570389, 0.04306267574429512, -0.9989748597145081, 1.562042236328125], [-0.3190602958202362, 0.9470365047454834, 0.03636593371629715, -0.1561279296875], [0.0, 0.0, 0.0, 1.0]], [[0.008783736266195774, 0.9993242621421814, 0.0356912687420845, -0.02880859375], [0.016084402799606323, 0.03554683178663254, -0.9992385506629944, 1.5680656433105469], [-0.999832034111023, 0.009351101703941822, -0.015761299058794975, 0.0443115234375], [0.0, 0.0, 0.0, 1.0]], [[-0.9235149025917053, 0.3833136558532715, -0.013815988786518574, 1.160675048828125], [0.020285923033952713, 0.012841559015214443, -0.9997117519378662, 1.5478096008300781], [-0.3830256760120392, -0.9235289096832275, -0.019635237753391266, -0.043701171875], [0.0, 0.0, 0.0, 1.0]]], "view": [[0.0, -2.0, 100.0], [-2.0, 0.0, 100.0], [0.0, 0.0, 1.0]], "bev": "bev_81599e74aadb4fa185bf099dd06351fd.png", "aux": "aux_81599e74aadb4fa185bf099dd06351fd.npz", "visibility": "visibility_81599e74aadb4fa185bf099dd06351fd.png", "pose": [[-0.8128796815872192, -0.5824316143989563, 0.0, 1185.133544921875], [0.5824316143989563, -0.8128796815872192, 0.0, 1134.898193359375], [0.0, 0.0, 1.0, 0.0], [0.0, 0.0, 0.0, 1.0]], "pose_inverse": [[-0.8128796815872192, 0.5824316143989563, 0.0, 302.37042236328125], [-0.5824316143989563, -0.8128796815872192, 0.0, 1612.794921875], [0.0, 0.0, 1.0, 0.0], [0.0, 0.0, 0.0, 1.0]], "cam_ids": [0, 1, 2, 3, 4, 5], "cam_channels": ["CAM_FRONT_LEFT", "CAM_FRONT", "CAM_FRONT_RIGHT", "CAM_BACK_LEFT", "CAM_BACK", "CAM_BACK_RIGHT"], "token": "81599e74aadb4fa185bf099dd06351fd", "scene": "scene-0468"}, {"images": ["samples/CAM_FRONT_LEFT/n008-2018-09-18-12-53-31-0400__CAM_FRONT_LEFT__1537289985504799.jpg", "samples/CAM_FRONT/n008-2018-09-18-12-53-31-0400__CAM_FRONT__1537289985512404.jpg", "samples/CAM_FRONT_RIGHT/n008-2018-09-18-12-53-31-0400__CAM_FRONT_RIGHT__1537289985520482.jpg", "samples/CAM_BACK_LEFT/n008-2018-09-18-12-53-31-0400__CAM_BACK_LEFT__1537289985547405.jpg", "samples/CAM_BACK/n008-2018-09-18-12-53-31-0400__CAM_BACK__1537289985537558.jpg", "samples/CAM_BACK_RIGHT/n008-2018-09-18-12-53-31-0400__CAM_BACK_RIGHT__1537289985528113.jpg"], "intrinsics": [[[1257.8625342125129, 0.0, 827.2410631095686], [0.0, 1257.8625342125129, 450.915498205774], [0.0, 0.0, 1.0]], [[1252.8131021185304, 0.0, 826.588114781398], [0.0, 1252.8131021185304, 469.9846626224581], [0.0, 0.0, 1.0]], [[1256.7485116440405, 0.0, 817.7887570959712], [0.0, 1256.7485116440403, 451.9541780095127], [0.0, 0.0, 1.0]], [[1254.9860565800168, 0.0, 829.5769333630991], [0.0, 1254.9860565800168, 467.1680561863987], [0.0, 0.0, 1.0]], [[796.8910634503094, 0.0, 857.7774326863696], [0.0, 796.8910634503094, 476.8848988407415], [0.0, 0.0, 1.0]], [[1249.9629280788233, 0.0, 825.3768045375984], [0.0, 1249.9629280788233, 462.54816385708756], [0.0, 0.0, 1.0]]], "extrinsics": [[[0.8224990963935852, -0.5687654614448547, 0.001105222967453301, -1.00494384765625], [0.029472602531313896, 0.04067997261881828, -0.9987374544143677, 1.4882965087890625], [0.5680024027824402, 0.8214932680130005, 0.050222236663103104, -1.3333740234375], [0.0, 0.0, 0.0, 1.0]], [[0.010679864324629307, -0.9992861151695251, -0.036237169057130814, 0.00537109375], [0.03142375126481056, 0.03655673936009407, -0.998837411403656, 1.48016357421875], [0.9994491338729858, 0.009528759866952896, 0.03179173916578293, -1.734710693359375], [0.0, 0.0, 0.0, 1.0]], [[-0.8433137536048889, -0.5352535843849182, -0.04822432994842529, 1.0906982421875], [0.03943924233317375, 0.02785303071141243, -0.9988337159156799, 1.4930686950683594], [0.5359724164009094, -0.8442321419715881, -0.002378852805122733, -1.277587890625], [0.0, 0.0, 0.0, 1.0]], [[0.947632908821106, 0.31821414828300476, 0.02705112099647522, -1.14398193359375], [0.014063466340303421, 0.04304136335849762, -0.9989743232727051, 1.5620346069335938], [-0.3190521001815796, 0.9470412731170654, 0.03631221503019333, -0.15625], [0.0, 0.0, 0.0, 1.0]], [[0.008793406188488007, 0.9993253946304321, 0.035658325999975204, -0.02880859375], [0.016192860901355743, 0.03551272302865982, -0.9992379546165466, 1.5680580139160156], [-0.9998302459716797, 0.009364105761051178, -0.015869662165641785, 0.04425048828125], [0.0, 0.0, 0.0, 1.0]], [[-0.923505425453186, 0.38333234190940857, -0.013927392661571503, 1.16058349609375], [0.02038915455341339, 0.012798655778169632, -0.9997101426124573, 1.5478096008300781], [-0.38304296135902405, -0.9235218167304993, -0.019635450094938278, -0.043701171875], [0.0, 0.0, 0.0, 1.0]]], "view": [[0.0, -2.0, 100.0], [-2.0, 0.0, 100.0], [0.0, 0.0, 1.0]], "bev": "bev_0bdb90ab0eb74b9c9f0e253a57b78097.png", "aux": "aux_0bdb90ab0eb74b9c9f0e253a57b78097.npz", "visibility": "visibility_0bdb90ab0eb74b9c9f0e253a57b78097.png", "pose": [[-0.8129146099090576, -0.5823829174041748, 0.0, 1185.133544921875], [0.5823829174041748, -0.8129146099090576, 0.0, 1134.898193359375], [0.0, 0.0, 1.0, 0.0], [0.0, 0.0, 0.0, 1.0]], "pose_inverse": [[-0.8129146099090576, 0.5823829174041748, 0.0, 302.4670104980469], [-0.5823829174041748, -0.8129146099090576, 0.0, 1612.77685546875], [0.0, 0.0, 1.0, 0.0], [0.0, 0.0, 0.0, 1.0]], "cam_ids": [0, 1, 2, 3, 4, 5], "cam_channels": ["CAM_FRONT_LEFT", "CAM_FRONT", "CAM_FRONT_RIGHT", "CAM_BACK_LEFT", "CAM_BACK", "CAM_BACK_RIGHT"], "token": "0bdb90ab0eb74b9c9f0e253a57b78097", "scene": "scene-0468"}, {"images": ["samples/CAM_FRONT_LEFT/n008-2018-09-18-12-53-31-0400__CAM_FRONT_LEFT__1537289986004799.jpg", "samples/CAM_FRONT/n008-2018-09-18-12-53-31-0400__CAM_FRONT__1537289986012404.jpg", "samples/CAM_FRONT_RIGHT/n008-2018-09-18-12-53-31-0400__CAM_FRONT_RIGHT__1537289986020482.jpg", "samples/CAM_BACK_LEFT/n008-2018-09-18-12-53-31-0400__CAM_BACK_LEFT__1537289986047405.jpg", "samples/CAM_BACK/n008-2018-09-18-12-53-31-0400__CAM_BACK__1537289986037558.jpg", "samples/CAM_BACK_RIGHT/n008-2018-09-18-12-53-31-0400__CAM_BACK_RIGHT__1537289986028113.jpg"], "intrinsics": [[[1257.8625342125129, 0.0, 827.2410631095686], [0.0, 1257.8625342125129, 450.915498205774], [0.0, 0.0, 1.0]], [[1252.8131021185304, 0.0, 826.588114781398], [0.0, 1252.8131021185304, 469.9846626224581], [0.0, 0.0, 1.0]], [[1256.7485116440405, 0.0, 817.7887570959712], [0.0, 1256.7485116440403, 451.9541780095127], [0.0, 0.0, 1.0]], [[1254.9860565800168, 0.0, 829.5769333630991], [0.0, 1254.9860565800168, 467.1680561863987], [0.0, 0.0, 1.0]], [[796.8910634503094, 0.0, 857.7774326863696], [0.0, 796.8910634503094, 476.8848988407415], [0.0, 0.0, 1.0]], [[1249.9629280788233, 0.0, 825.3768045375984], [0.0, 1249.9629280788233, 462.54816385708756], [0.0, 0.0, 1.0]]], "extrinsics": [[[0.8225193619728088, -0.56873619556427, 0.0010496600298210979, -1.00506591796875], [0.029437806457281113, 0.04073036462068558, -0.9987364411354065, 1.4882965087890625], [0.5679748058319092, 0.821510910987854, 0.05024385824799538, -1.33349609375], [0.0, 0.0, 0.0, 1.0]], [[0.010712088085711002, -0.999283492565155, -0.03630148246884346, 0.0054931640625], [0.03139751777052879, 0.03662179410457611, -0.9988358020782471, 1.4801559448242188], [0.9994495511054993, 0.009559771046042442, 0.031767308712005615, -1.734710693359375], [0.0, 0.0, 0.0, 1.0]], [[-0.8432996273040771, -0.5352731943130493, -0.04825286194682121, 1.0906982421875], [0.03942186385393143, 0.0279335118830204, -0.998832106590271, 1.493072509765625], [0.5359959602355957, -0.84421706199646, -0.002454855013638735, -1.2774658203125], [0.0, 0.0, 0.0, 1.0]], [[0.9476301074028015, 0.3182222545146942, 0.02705196850001812, -1.14385986328125], [0.014054977335035801, 0.04306824505329132, -0.9989732503890991, 1.562042236328125], [-0.31906062364578247, 0.9470372796058655, 0.03634015843272209, -0.156005859375], [0.0, 0.0, 0.0, 1.0]], [[0.008781046606600285, 0.9993234276771545, 0.03571593016386032, -0.02880859375], [0.016177715733647346, 0.0355706624686718, -0.9992361664772034, 1.5680618286132812], [-0.9998306035995483, 0.00935217272490263, -0.015854423865675926, 0.04425048828125], [0.0, 0.0, 0.0, 1.0]], [[-0.923513650894165, 0.3833141028881073, -0.013887067325413227, 1.160552978515625], [0.020377526059746742, 0.012876885011792183, -0.99970942735672, 1.5478134155273438], [-0.38302385807037354, -0.9235283136367798, -0.0197029747068882, -0.0435791015625], [0.0, 0.0, 0.0, 1.0]]], "view": [[0.0, -2.0, 100.0], [-2.0, 0.0, 100.0], [0.0, 0.0, 1.0]], "bev": "bev_02d133f937a04897b47c41e59e066f13.png", "aux": "aux_02d133f937a04897b47c41e59e066f13.npz", "visibility": "visibility_02d133f937a04897b47c41e59e066f13.png", "pose": [[-0.8128782510757446, -0.5824336409568787, 0.0, 1185.133544921875], [0.5824336409568787, -0.8128782510757446, 0.0, 1134.898193359375], [0.0, 0.0, 1.0, 0.0], [0.0, 0.0, 0.0, 1.0]], "pose_inverse": [[-0.8128782510757446, 0.5824336409568787, 0.0, 302.3663635253906], [-0.5824336409568787, -0.8128782510757446, 0.0, 1612.795654296875], [0.0, 0.0, 1.0, 0.0], [0.0, 0.0, 0.0, 1.0]], "cam_ids": [0, 1, 2, 3, 4, 5], "cam_channels": ["CAM_FRONT_LEFT", "CAM_FRONT", "CAM_FRONT_RIGHT", "CAM_BACK_LEFT", "CAM_BACK", "CAM_BACK_RIGHT"], "token": "02d133f937a04897b47c41e59e066f13", "scene": "scene-0468"}, {"images": ["samples/CAM_FRONT_LEFT/n008-2018-09-18-12-53-31-0400__CAM_FRONT_LEFT__1537289986504799.jpg", "samples/CAM_FRONT/n008-2018-09-18-12-53-31-0400__CAM_FRONT__1537289986512404.jpg", "samples/CAM_FRONT_RIGHT/n008-2018-09-18-12-53-31-0400__CAM_FRONT_RIGHT__1537289986520482.jpg", "samples/CAM_BACK_LEFT/n008-2018-09-18-12-53-31-0400__CAM_BACK_LEFT__1537289986547405.jpg", "samples/CAM_BACK/n008-2018-09-18-12-53-31-0400__CAM_BACK__1537289986537558.jpg", "samples/CAM_BACK_RIGHT/n008-2018-09-18-12-53-31-0400__CAM_BACK_RIGHT__1537289986528113.jpg"], "intrinsics": [[[1257.8625342125129, 0.0, 827.2410631095686], [0.0, 1257.8625342125129, 450.915498205774], [0.0, 0.0, 1.0]], [[1252.8131021185304, 0.0, 826.588114781398], [0.0, 1252.8131021185304, 469.9846626224581], [0.0, 0.0, 1.0]], [[1256.7485116440405, 0.0, 817.7887570959712], [0.0, 1256.7485116440403, 451.9541780095127], [0.0, 0.0, 1.0]], [[1254.9860565800168, 0.0, 829.5769333630991], [0.0, 1254.9860565800168, 467.1680561863987], [0.0, 0.0, 1.0]], [[796.8910634503094, 0.0, 857.7774326863696], [0.0, 796.8910634503094, 476.8848988407415], [0.0, 0.0, 1.0]], [[1249.9629280788233, 0.0, 825.3768045375984], [0.0, 1249.9629280788233, 462.54816385708756], [0.0, 0.0, 1.0]]], "extrinsics": [[[0.8225153684616089, -0.5687418580055237, 0.001090679899789393, -1.00506591796875], [0.02945084683597088, 0.04067656770348549, -0.9987382292747498, 1.4882965087890625], [0.5679799318313599, 0.8215096592903137, 0.05020703002810478, -1.3333740234375], [0.0, 0.0, 0.0, 1.0]], [[0.010707927867770195, -0.999285876750946, -0.036238476634025574, 0.0054931640625], [0.03140292316675186, 0.036558739840984344, -0.9988380074501038, 1.4801559448242188], [0.9994494915008545, 0.009557516314089298, 0.031771961599588394, -1.734710693359375], [0.0, 0.0, 0.0, 1.0]], [[-0.8433013558387756, -0.5352743268013, -0.04821160435676575, 1.0904541015625], [0.03941933065652847, 0.027860546484589577, -0.9988342523574829, 1.4930686950683594], [0.5359935164451599, -0.8442187905311584, -0.0023946831934154034, -1.2774658203125], [0.0, 0.0, 0.0, 1.0]], [[0.9476302862167358, 0.3182229995727539, 0.027035871520638466, -1.14398193359375], [0.014055022969841957, 0.04301764816045761, -0.9989754557609558, 1.5620498657226562], [-0.3190600275993347, 0.9470393657684326, 0.036292195320129395, -0.1561279296875], [0.0, 0.0, 0.0, 1.0]], [[0.008782519958913326, 0.9993256330490112, 0.03565292805433273, -0.02880859375], [0.016172930598258972, 0.035507682710886, -0.9992384910583496, 1.5680618286132812], [-0.9998306035995483, 0.009352483786642551, -0.01585017703473568, 0.04425048828125], [0.0, 0.0, 0.0, 1.0]], [[