[{"images": ["samples/CAM_FRONT_LEFT/n008-2018-08-31-11-19-57-0400__CAM_FRONT_LEFT__1535729162504799.jpg", "samples/CAM_FRONT/n008-2018-08-31-11-19-57-0400__CAM_FRONT__1535729162512404.jpg", "samples/CAM_FRONT_RIGHT/n008-2018-08-31-11-19-57-0400__CAM_FRONT_RIGHT__1535729162520482.jpg", "samples/CAM_BACK_LEFT/n008-2018-08-31-11-19-57-0400__CAM_BACK_LEFT__1535729162547405.jpg", "samples/CAM_BACK/n008-2018-08-31-11-19-57-0400__CAM_BACK__1535729162537558.jpg", "samples/CAM_BACK_RIGHT/n008-2018-08-31-11-19-57-0400__CAM_BACK_RIGHT__1535729162528113.jpg"], "intrinsics": [[[1257.8625342125129, 0.0, 827.2410631095686], [0.0, 1257.8625342125129, 450.915498205774], [0.0, 0.0, 1.0]], [[1252.8131021185304, 0.0, 826.588114781398], [0.0, 1252.8131021185304, 469.9846626224581], [0.0, 0.0, 1.0]], [[1256.7485116440405, 0.0, 817.7887570959712], [0.0, 1256.7485116440403, 451.9541780095127], [0.0, 0.0, 1.0]], [[1254.9860565800168, 0.0, 829.5769333630991], [0.0, 1254.9860565800168, 467.1680561863987], [0.0, 0.0, 1.0]], [[796.8910634503094, 0.0, 857.7774326863696], [0.0, 796.8910634503094, 476.8848988407415], [0.0, 0.0, 1.0]], [[1249.9629280788233, 0.0, 825.3768045375984], [0.0, 1249.9629280788233, 462.54816385708756], [0.0, 0.0, 1.0]]], "extrinsics": [[[0.8222286105155945, -0.5688948035240173, -0.017285769805312157, -0.6588134765625], [0.00267936778254807, 0.03423941135406494, -0.9994100332260132, 1.4892959594726562], [0.5691510438919067, 0.8216971755027771, 0.029676903039216995, -1.0980224609375], [0.0, 0.0, 0.0, 1.0]], [[0.009655557572841644, -0.9995005130767822, -0.03008883446455002, 0.0111083984375], [0.004842089489102364, 0.03013661876320839, -0.9995340704917908, 1.4817543029785156], [0.9999415874481201, 0.00950540043413639, 0.005130658391863108, -1.390777587890625], [0.0, 0.0, 0.0, 1.0]], [[-0.8443134427070618, -0.5353753566741943, -0.02253713458776474, 0.86724853515625], [0.013080423697829247, 0.021454185247421265, -0.99968421459198, 1.4965095520019531], [0.5356898307800293, -0.8443417549133301, -0.011111123487353325, -1.1337890625], [0.0, 0.0, 0.0, 1.0]], [[0.9478950500488281, 0.31858235597610474, 0.00037942270864732563, -1.1339111328125], [-0.011865293607115746, 0.03649353235960007, -0.9992634654045105, 1.561920166015625], [-0.3183615803718567, 0.947192370891571, 0.03837211802601814, -0.159423828125], [0.0, 0.0, 0.0, 1.0]], [[0.00950844306498766, 0.9995353817939758, 0.028957825154066086, -0.0284423828125], [-0.00992725882679224, 0.029052061960101128, -0.9995285868644714, 1.5670166015625], [-0.999905526638031, 0.009216567501425743, 0.01019888836890459, -0.05950927734375], [0.0, 0.0, 0.0, 1.0]], [[-0.9235803484916687, 0.38332316279411316, 0.007920622825622559, 0.9815673828125], [-0.0059151980094611645, 0.006410153117030859, -0.9999619722366333, 1.5466575622558594], [-0.3833593428134918, -0.9235920310020447, -0.0036528578493744135, -0.11669921875], [0.0, 0.0, 0.0, 1.0]]], "view": [[0.0, -2.0, 100.0], [-2.0, 0.0, 100.0], [0.0, 0.0, 1.0]], "bev": "bev_dfa0ac4badd243a7a365ff707cf9f0ba.png", "aux": "aux_dfa0ac4badd243a7a365ff707cf9f0ba.npz", "visibility": "visibility_dfa0ac4badd243a7a365ff707cf9f0ba.png", "pose": [[-0.8551225662231445, -0.5184258222579956, 0.0, 503.8597412109375], [0.5184258222579956, -0.8551225662231445, 0.0, 1575.9337158203125], [0.0, 0.0, 1.0, 0.0], [0.0, 0.0, 0.0, 1.0]], "pose_inverse": [[-0.8551225662231445, 0.5184258222579956, 0.0, -386.1429138183594], [-0.5184258222579956, -0.8551225662231445, 0.0, 1608.8304443359375], [0.0, 0.0, 1.0, 0.0], [0.0, 0.0, 0.0, 1.0]], "cam_ids": [0, 1, 2, 3, 4, 5], "cam_channels": ["CAM_FRONT_LEFT", "CAM_FRONT", "CAM_FRONT_RIGHT", "CAM_BACK_LEFT", "CAM_BACK", "CAM_BACK_RIGHT"], "token": "dfa0ac4badd243a7a365ff707cf9f0ba", "scene": "scene-0294"}, {"images": ["samples/CAM_FRONT_LEFT/n008-2018-08-31-11-19-57-0400__CAM_FRONT_LEFT__1535729163004799.jpg", "samples/CAM_FRONT/n008-2018-08-31-11-19-57-0400__CAM_FRONT__1535729163012404.jpg", "samples/CAM_FRONT_RIGHT/n008-2018-08-31-11-19-57-0400__CAM_FRONT_RIGHT__1535729163020482.jpg", "samples/CAM_BACK_LEFT/n008-2018-08-31-11-19-57-0400__CAM_BACK_LEFT__1535729163047405.jpg", "samples/CAM_BACK/n008-2018-08-31-11-19-57-0400__CAM_BACK__1535729163037558.jpg", "samples/CAM_BACK_RIGHT/n008-2018-08-31-11-19-57-0400__CAM_BACK_RIGHT__1535729163028113.jpg"], "intrinsics": [[[1257.8625342125129, 0.0, 827.2410631095686], [0.0, 1257.8625342125129, 450.915498205774], [0.0, 0.0, 1.0]], [[1252.8131021185304, 0.0, 826.588114781398], [0.0, 1252.8131021185304, 469.9846626224581], [0.0, 0.0, 1.0]], [[1256.7485116440405, 0.0, 817.7887570959712], [0.0, 1256.7485116440403, 451.9541780095127], [0.0, 0.0, 1.0]], [[1254.9860565800168, 0.0, 829.5769333630991], [0.0, 1254.9860565800168, 467.1680561863987], [0.0, 0.0, 1.0]], [[796.8910634503094, 0.0, 857.7774326863696], [0.0, 796.8910634503094, 476.8848988407415], [0.0, 0.0, 1.0]], [[1249.9629280788233, 0.0, 825.3768045375984], [0.0, 1249.9629280788233, 462.54816385708756], [0.0, 0.0, 1.0]]], "extrinsics": [[[0.8222247362136841, -0.5689609050750732, -0.015170210972428322, -0.67578125], [0.005461904685944319, 0.03453988954424858, -0.9993883967399597, 1.4903755187988281], [0.5691368579864502, 0.8216389417648315, 0.031507156789302826, -1.10888671875], [0.0, 0.0, 0.0, 1.0]], [[0.00968568678945303, -0.9994919896125793, -0.03036358579993248, 0.0106201171875], [0.007199845276772976, 0.030433930456638336, -0.9995108842849731, 1.4824638366699219], [0.9999272227287292, 0.009462302550673485, 0.007490959484130144, -1.4066162109375], [0.0, 0.0, 0.0, 1.0]], [[-0.8442791104316711, -0.5353524088859558, -0.02430533431470394, 0.877197265625], [0.014987862668931484, 0.021748138591647148, -0.9996511340141296, 1.496847152709961], [0.5356942415237427, -0.8443488478660583, -0.01033770851790905, -1.140380859375], [0.0, 0.0, 0.0, 1.0]], [[0.9479048848152161, 0.3185497522354126, 0.0015659687342122197, -1.13543701171875], [-0.010784509591758251, 0.037003617733716965, -0.99925696849823, 1.5619392395019531], [-0.318371057510376, 0.9471836686134338, 0.038511309772729874, -0.1591796875], [0.0, 0.0, 0.0, 1.0]], [[0.009488859213888645, 0.999522864818573, 0.029392512515187263, -0.0283203125], [-0.008627817966043949, 0.02947457693517208, -0.9995282292366028, 1.5671958923339844], [-0.9999178051948547, 0.009230788797140121, 0.00890338234603405, -0.054168701171875], [0.0, 0.0, 0.0, 1.0]], [[-0.9235860109329224, 0.3833381235599518, 0.006392488721758127, 0.98992919921875], [-0.004133123904466629, 0.006717293988913298, -0.9999688863754272, 1.547043800354004], [-0.3833690881729126, -0.9235836863517761, -0.004619613755494356, -0.1134033203125], [0.0, 0.0, 0.0, 1.0]]], "view": [[0.0, -2.0, 100.0], [-2.0, 0.0, 100.0], [0.0, 0.0, 1.0]], "bev": "bev_78e675895eae4ac183059dd94ce6e17b.png", "aux": "aux_78e675895eae4ac183059dd94ce6e17b.npz", "visibility": "visibility_78e675895eae4ac183059dd94ce6e17b.png", "pose": [[-0.8560025095939636, -0.5169717073440552, 0.0, 499.8778076171875], [0.5169717073440552, -0.8560025095939636, 0.0, 1578.38525390625], [0.0, 0.0, 1.0, 0.0], [0.0, 0.0, 0.0, 1.0]], "pose_inverse": [[-0.8560025095939636, 0.5169717073440552, 0.0, -388.0838928222656], [-0.5169717073440552, -0.8560025095939636, 0.0, 1609.5244140625], [0.0, 0.0, 1.0, 0.0], [0.0, 0.0, 0.0, 1.0]], "cam_ids": [0, 1, 2, 3, 4, 5], "cam_channels": ["CAM_FRONT_LEFT", "CAM_FRONT", "CAM_FRONT_RIGHT", "CAM_BACK_LEFT", "CAM_BACK", "CAM_BACK_RIGHT"], "token": "78e675895eae4ac183059dd94ce6e17b", "scene": "scene-0294"}, {"images": ["samples/CAM_FRONT_LEFT/n008-2018-08-31-11-19-57-0400__CAM_FRONT_LEFT__1535729163504799.jpg", "samples/CAM_FRONT/n008-2018-08-31-11-19-57-0400__CAM_FRONT__1535729163512404.jpg", "samples/CAM_FRONT_RIGHT/n008-2018-08-31-11-19-57-0400__CAM_FRONT_RIGHT__1535729163520482.jpg", "samples/CAM_BACK_LEFT/n008-2018-08-31-11-19-57-0400__CAM_BACK_LEFT__1535729163547405.jpg", "samples/CAM_BACK/n008-2018-08-31-11-19-57-0400__CAM_BACK__1535729163537558.jpg", "samples/CAM_BACK_RIGHT/n008-2018-08-31-11-19-57-0400__CAM_BACK_RIGHT__1535729163528287.jpg"], "intrinsics": [[[1257.8625342125129, 0.0, 827.2410631095686], [0.0, 1257.8625342125129, 450.915498205774], [0.0, 0.0, 1.0]], [[1252.8131021185304, 0.0, 826.588114781398], [0.0, 1252.8131021185304, 469.9846626224581], [0.0, 0.0, 1.0]], [[1256.7485116440405, 0.0, 817.7887570959712], [0.0, 1256.7485116440403, 451.9541780095127], [0.0, 0.0, 1.0]], [[1254.9860565800168, 0.0, 829.5769333630991], [0.0, 1254.9860565800168, 467.1680561863987], [0.0, 0.0, 1.0]], [[796.8910634503094, 0.0, 857.7774326863696], [0.0, 796.8910634503094, 476.8848988407415], [0.0, 0.0, 1.0]], [[1249.9629280788233, 0.0, 825.3768045375984], [0.0, 1249.9629280788233, 462.54816385708756], [0.0, 0.0, 1.0]]], "extrinsics": [[[0.8223223090171814, -0.5688027739524841, -0.015797579661011696, -0.671142578125], [0.004128596745431423, 0.03372609242796898, -0.9994226098060608, 1.4898452758789062], [0.5690070986747742, 0.8217821717262268, 0.03008207120001316, -1.1065673828125], [0.0, 0.0, 0.0, 1.0]], [[0.009974246844649315, -0.9995196461677551, -0.029342729598283768, 0.011474609375], [0.005896504502743483, 0.0294024720788002, -0.9995502829551697, 1.4820442199707031], [0.9999328255653381, 0.009796729311347008, 0.006186939310282469, -1.401641845703125], [0.0, 0.0, 0.0, 1.0]], [[-0.844109833240509, -0.5356951951980591, -0.02256406471133232, 0.873779296875], [0.013721220195293427, 0.02048736810684204, -0.999695897102356, 1.496572494506836], [0.5359947085380554, -0.8441628217697144, -0.009943198412656784, -1.137451171875], [0.0, 0.0, 0.0, 1.0]], [[0.9478849172592163, 0.3186129629611969, -0.00014879184891469777, -1.1364898681640625], [-0.011950847692787647, 0.035087522119283676, -0.9993127584457397, 1.5619430541992188], [-0.31838878989219666, 0.9472352862358093, 0.03706662729382515, -0.1588134765625], [0.0, 0.0, 0.0, 1.0]], [[0.009353195317089558, 0.9995740652084351, 0.027643200010061264, -0.0286865234375], [-0.009637221693992615, 0.02773323282599449, -0.9995688796043396, 1.5670852661132812], [-0.9999097585678101, 0.009082813747227192, 0.009892513044178486, -0.05511474609375], [0.0, 0.0, 0.0, 1.0]], [[-0.9236853718757629, 0.38309040665626526, 0.006866140756756067, 0.988525390625], [-0.005275254137814045, 0.0052031539380550385, -0.9999725222587585, 1.546823501586914], [-0.3831155002117157, -0.9236962199211121, -0.0027851779013872147, -0.11328125], [0.0, 0.0, 0.0, 1.0]]], "view": [[0.0, -2.0, 100.0], [-2.0, 0.0, 100.0], [0.0, 0.0, 1.0]], "bev": "bev_9c36a83b6c2c4cb894c55e1f151afc09.png", "aux": "aux_9c36a83b6c2c4cb894c55e1f151afc09.npz", "visibility": "visibility_9c36a83b6c2c4cb894c55e1f151afc09.png", "pose": [[-0.8569899797439575, -0.5153330564498901, 0.0, 495.9087219238281], [0.5153330564498901, -0.8569899797439575, 0.0, 1580.8184814453125], [0.0, 0.0, 1.0, 0.0], [0.0, 0.0, 0.0, 1.0]], "pose_inverse": [[-0.8569899797439575, 0.5153330564498901, 0.0, -389.6592712402344], [-0.5153330564498901, -0.8569899797439575, 0.0, 1610.3037109375], [0.0, 0.0, 1.0, 0.0], [0.0, 0.0, 0.0, 1.0]], "cam_ids": [0, 1, 2, 3, 4, 5], "cam_channels": ["CAM_FRONT_LEFT", "CAM_FRONT", "CAM_FRONT_RIGHT", "CAM_BACK_LEFT", "CAM_BACK", "CAM_BACK_RIGHT"], "token": "9c36a83b6c2c4cb894c55e1f151afc09", "scene": "scene-0294"}, {"images": ["samples/CAM_FRONT_LEFT/n008-2018-08-31-11-19-57-0400__CAM_FRONT_LEFT__1535729164004799.jpg", "samples/CAM_FRONT/n008-2018-08-31-11-19-57-0400__CAM_FRONT__1535729164012404.jpg", "samples/CAM_FRONT_RIGHT/n008-2018-08-31-11-19-57-0400__CAM_FRONT_RIGHT__1535729164020482.jpg", "samples/CAM_BACK_LEFT/n008-2018-08-31-11-19-57-0400__CAM_BACK_LEFT__1535729164047405.jpg", "samples/CAM_BACK/n008-2018-08-31-11-19-57-0400__CAM_BACK__1535729164037558.jpg", "samples/CAM_BACK_RIGHT/n008-2018-08-31-11-19-57-0400__CAM_BACK_RIGHT__1535729164028113.jpg"], "intrinsics": [[[1257.8625342125129, 0.0, 827.2410631095686], [0.0, 1257.8625342125129, 450.915498205774], [0.0, 0.0, 1.0]], [[1252.8131021185304, 0.0, 826.588114781398], [0.0, 1252.8131021185304, 469.9846626224581], [0.0, 0.0, 1.0]], [[1256.7485116440405, 0.0, 817.7887570959712], [0.0, 1256.7485116440403, 451.9541780095127], [0.0, 0.0, 1.0]], [[1254.9860565800168, 0.0, 829.5769333630991], [0.0, 1254.9860565800168, 467.1680561863987], [0.0, 0.0, 1.0]], [[796.8910634503094, 0.0, 857.7774326863696], [0.0, 796.8910634503094, 476.8848988407415], [0.0, 0.0, 1.0]], [[1249.9629280788233, 0.0, 825.3768045375984], [0.0, 1249.9629280788233, 462.54816385708756], [0.0, 0.0, 1.0]]], "extrinsics": [[[0.8225891590118408, -0.5684455037117004, -0.014722201973199844, -0.6617431640625], [0.0016425475478172302, 0.028265582397580147, -0.9995990991592407, 1.4888648986816406], [0.5686336755752563, 0.8222352862358093, 0.024184660986065865, -1.100830078125], [0.0, 0.0, 0.0, 1.0]], [[0.010450825095176697, -0.9996525645256042, -0.024197036400437355, 0.0123291015625], [0.003288252279162407, 0.02423258312046528, -0.9997009634971619, 1.4812049865722656], [0.9999399781227112, 0.010368138551712036, 0.0035403608344495296, -1.39373779296875], [0.0, 0.0, 0.0, 1.0]], [[-0.8438869714736938, -0.5362303256988525, -0.017654983326792717, 0.86993408203125], [0.010985959321260452, 0.015629202127456665, -0.9998174905776978, 1.4959182739257812], [0.5364084243774414, -0.8439270257949829, -0.007298276759684086, -1.134033203125], [0.0, 0.0, 0.0, 1.0]], [[0.947857677936554, 0.3186688721179962, -0.003986325114965439, -1.1373138427734375], [-0.014676088467240334, 0.03115108422935009, -0.9994069337844849, 1.5619354248046875], [-0.3183557689189911, 0.9473540782928467, 0.034203607589006424, -0.158447265625], [0.0, 0.0, 0.0, 1.0]], [[0.009186781942844391, 0.9996845126152039, 0.023379376158118248, -0.029052734375], [-0.012364245019853115, 0.02349213697016239, -0.9996475577354431, 1.5667915344238281], [-0.9998813271522522, 0.008894450962543488, 0.012576162815093994, -0.056182861328125], [0.0, 0.0, 0.0, 1.0]], [[-0.9238142967224121, 0.38276243209838867, 0.0077501749619841576, 0.9837646484375], [-0.00811957847326994, 0.0006503623444586992, -0.9999668598175049, 1.5462636947631836], [-0.38275474309921265, -0.9238466024398804, 0.0025070549454540014, -0.1148681640625], [0.0, 0.0, 0.0, 1.0]]], "view": [[0.0, -2.0, 100.0], [-2.0, 0.0, 100.0], [0.0, 0.0, 1.0]], "bev": "bev_53e256758f5d4d25b332bc8754ff8ba7.png", "aux": "aux_53e256758f5d4d25b332bc8754ff8ba7.npz", "visibility": "visibility_53e256758f5d4d25b332bc8754ff8ba7.png", "pose": [[-0.8584157824516296, -0.5129545331001282, 0.0, 491.87615966796875], [0.5129545331001282, -0.8584157824516296, 0.0, 1583.284912109375], [0.0, 0.0, 1.0, 0.0], [0.0, 0.0, 0.0, 1.0]], "pose_inverse": [[-0.8584157824516296, 0.5129545331001282, 0.0, -389.9189453125], [-0.5129545331001282, -0.8584157824516296, 0.0, 1611.4268798828125], [0.0, 0.0, 1.0, 0.0], [0.0, 0.0, 0.0, 1.0]], "cam_ids": [0, 1, 2, 3, 4, 5], "cam_channels": ["CAM_FRONT_LEFT", "CAM_FRONT", "CAM_FRONT_RIGHT", "CAM_BACK_LEFT", "CAM_BACK", "CAM_BACK_RIGHT"], "token": "53e256758f5d4d25b332bc8754ff8ba7", "scene": "scene-0294"}, {"images": ["samples/CAM_FRONT_LEFT/n008-2018-08-31-11-19-57-0400__CAM_FRONT_LEFT__1535729164504799.jpg", "samples/CAM_FRONT/n008-2018-08-31-11-19-57-0400__CAM_FRONT__1535729164512404.jpg", "samples/CAM_FRONT_RIGHT/n008-2018-08-31-11-19-57-0400__CAM_FRONT_RIGHT__1535729164520482.jpg", "samples/CAM_BACK_LEFT/n008-2018-08-31-11-19-57-0400__CAM_BACK_LEFT__1535729164547405.jpg", "samples/CAM_BACK/n008-2018-08-31-11-19-57-0400__CAM_BACK__1535729164537558.jpg", "samples/CAM_BACK_RIGHT/n008-2018-08-31-11-19-57-0400__CAM_BACK_RIGHT__1535729164528113.jpg"], "intrinsics": [[[1257.8625342125129, 0.0, 827.2410631095686], [0.0, 1257.8625342125129, 450.915498205774], [0.0, 0.0, 1.0]], [[1252.8131021185304, 0.0, 826.588114781398], [0.0, 1252.8131021185304, 469.9846626224581], [0.0, 0.0, 1.0]], [[1256.7485116440405, 0.0, 817.7887570959712], [0.0, 1256.7485116440403, 451.9541780095127], [0.0, 0.0, 1.0]], [[1254.9860565800168, 0.0, 829.5769333630991], [0.0, 1254.9860565800168, 467.1680561863987], [0.0, 0.0, 1.0]], [[796.8910634503094, 0.0, 857.7774326863696], [0.0, 796.8910634503094, 476.8848988407415], [0.0, 0.0, 1.0]], [[1249.9629280788233, 0.0, 825.3768045375984], [0.0, 1249.9629280788233, 462.54816385708756], [0.0, 0.0, 1.0]]], "extrinsics": [[[0.8226526379585266, -0.5683774948120117, -0.013776416890323162, -0.666748046875], [0.0023640026338398457, 0.02765040099620819, -0.9996148943901062, 1.4891510009765625], [0.5685395002365112, 0.8223031759262085, 0.024090318009257317, -1.1043701171875], [0.0, 0.0, 0.0, 1.0]], [[0.010504944249987602, -0.9996688961982727, -0.023491231724619865, 0.0123291015625], [0.004242803435772657, 0.02353687584400177, -0.9997139573097229, 1.4815139770507812], [0.9999358654022217, 0.010402215644717216, 0.004488651175051928, -1.397979736328125], [0.0, 0.0, 0.0, 1.0]], [[-0.8438726663589478, -0.5362330675125122, -0.01824956014752388, 0.8721923828125], [0.012187098152935505, 0.0148477116599679, -0.9998154640197754, 1.496206283569336], [0.536405086517334, -0.8439394235610962, -0.005994453094899654, -1.1356201171875], [0.0, 0.0, 0.0, 1.0]], [[0.9478698372840881, 0.31864339113235474, -0.003024640027433634, -1.1385498046875], [-0.013256953097879887, 0.029948361217975616, -0.9994634985923767, 1.5619621276855469], [-0.3183819353580475, 0.9474014639854431, 0.032611388713121414, -0.1580810546875], [0.0, 0.0, 0.0, 1.0]], [[0.009167597629129887, 0.9997074007987976, 0.022386932745575905, -0.0289306640625], [-0.01102671679109335, 0.0224875807762146, -0.9996863007545471, 1.5669441223144531], [-0.9998971819877625, 0.008917903527617455, 0.011229646392166615, -0.054656982421875], [0.0, 0.0, 0.0, 1.0]], [[-0.9238177537918091, 0.3827800750732422, 0.006334372330456972, 0.986083984375], [-0.006944556254893541, -0.00021235430904198438, -0.999975860118866, 1.5465059280395508], [-0.38276949524879456, -0.9238395094871521, 0.002854414051398635, -0.1138916015625], [0.0, 0.0, 0.0, 1.0]]], "view": [[0.0, -2.0, 100.0], [-2.0, 0.0, 100.0], [0.0, 0.0, 1.0]], "bev": "bev_8e05af43874145f3badd5a355a942169.png", "aux": "aux_8e05af43874145f3badd5a355a942169.npz", "visibility": "visibility_8e05af43874145f3badd5a355a942169.png", "pose": [[-0.8586474061012268, -0.5125667452812195, 0.0, 487.82122802734375], [0.5125667452812195, -0.8586474061012268, 0.0, 1585.75927734375], [0.0, 0.0, 1.0, 0.0], [0.0, 0.0, 0.0, 1.0]], "pose_inverse": [[-0.8586474061012268, 0.5125667452812195, 0.0, -393.9410400390625], [-0.5125667452812195, -0.8586474061012268, 0.0, 1611.6490478515625], [0.0, 0.0, 1.0, 0.0], [0.0, 0.0, 0.0, 1.0]], "cam_ids": [0, 1, 2, 3, 4, 5], "cam_channels": ["CAM_FRONT_LEFT", "CAM_FRONT", "CAM_FRONT_RIGHT", "CAM_BACK_LEFT", "CAM_BACK", "CAM_BACK_RIGHT"], "token": "8e05af43874145f3badd5a355a942169", "scene": "scene-0294"}, {"images": ["samples/CAM_FRONT_LEFT/n008-2018-08-31-11-19-57-0400__CAM_FRONT_LEFT__1535729165004799.jpg", "samples/CAM_FRONT/n008-2018-08-31-11-19-57-0400__CAM_FRONT__1535729165012404.jpg", "samples/CAM_FRONT_RIGHT/n008-2018-08-31-11-19-57-0400__CAM_FRONT_RIGHT__1535729165020482.jpg", "samples/CAM_BACK_LEFT/n008-2018-08-31-11-19-57-0400__CAM_BACK_LEFT__1535729165047405.jpg", "samples/CAM_BACK/n008-2018-08-31-11-19-57-0400__CAM_BACK__1535729165037558.jpg", "samples/CAM_BACK_RIGHT/n008-2018-08-31-11-19-57-0400__CAM_BACK_RIGHT__1535729165028113.jpg"], "intrinsics": [[[1257.8625342125129, 0.0, 827.2410631095686], [0.0, 1257.8625342125129, 450.915498205774], [0.0, 0.0, 1.0]], [[1252.8131021185304, 0.0, 826.588114781398], [0.0, 1252.8131021185304, 469.9846626224581], [0.0, 0.0, 1.0]], [[1256.7485116440405, 0.0, 817.7887570959712], [0.0, 1256.7485116440403, 451.9541780095127], [0.0, 0.0, 1.0]], [[1254.9860565800168, 0.0, 829.5769333630991], [0.0, 1254.9860565800168, 467.1680561863987], [0.0, 0.0, 1.0]], [[796.8910634503094, 0.0, 857.7774326863696], [0.0, 796.8910634503094, 476.8848988407415], [0.0, 0.0, 1.0]], [[1249.9629280788233, 0.0, 825.3768045375984], [0.0, 1249.9629280788233, 462.54816385708756], [0.0, 0.0, 1.0]]], "extrinsics": [[[0.8223091959953308, -0.5687499046325684, -0.01819654554128647, -0.6737060546875], [0.0014785893727093935, 0.03411304950714111, -0.9994168877601624, 1.4888114929199219], [0.569038987159729, 0.8218028545379639, 0.02889242209494114, -1.10693359375], [0.0, 0.0, 0.0, 1.0]], [[0.009877598844468594, -0.9995007514953613, -0.030009891837835312, 0.01025390625], [0.003509579924866557, 0.030045825988054276, -0.9995423555374146, 1.4812698364257812], [0.9999450445175171, 0.009767716750502586, 0.0038046089466661215, -1.4039306640625], [0.0, 0.0, 0.0, 1.0]], [[-0.8441935777664185, -0.5356161594390869, -0.021272413432598114, 0.87530517578125], [0.011611598543822765, 0.021402768790721893, -0.9997035264968872, 1.4960174560546875], [0.5359126329421997, -0.8441902995109558, -0.011848720721900463, -1.1395263671875], [0.0, 0.0, 0.0, 1.0]], [[0.947883665561676, 0.3186119794845581, -0.0017022875836119056, -1.1396942138671875], [-0.014161868952214718, 0.03679347038269043, -0.9992225170135498, 1.561981201171875], [-0.3183016777038574, 0.9471708536148071, 0.03938807174563408, -0.157470703125], [0.0, 0.0, 0.0, 1.0]], [[0.009435274638235569, 0.9995318055152893, 0.029106374830007553, -0.028564453125], [-0.012010624632239342, 0.029218848794698715, -0.9995008707046509, 1.5668907165527344], [-0.9998834133148193, 0.00908102560788393, 0.012280691415071487, -0.052001953125], [0.0, 0.0, 0.0, 1.0]], [[-0.9236497282981873, 0.38312286138534546, 0.009385981597006321, 0.9898681640625], [-0.007503368426114321, 0.006407969165593386, -0.9999513030052185, 1.5464229583740234], [-0.38316434621810913, -0.9236751794815063, -0.00304400734603405, -0.113525390625], [0.0, 0.0, 0.0, 1.0]]], "view": [[0.0, -2.0, 100.0], [-2.0, 0.0, 100.0], [0.0, 0.0, 1.0]], "bev": "bev_9c4324cd73c94bd5a9bde1a885e4c0da.png", "aux": "aux_9c4324cd73c94bd5a9bde1a885e4c0da.npz", "visibility": "visibility_9c4324cd73c94bd5a9bde1a885e4c0da.png", "pose": [[-0.8595440983772278, -0.5110615491867065, 0.0, 483.8543395996094], [0.5110615491867065, -0.8595440983772278, 0.0, 1588.1697998046875], [0.0, 0.0, 1.0, 0.0], [0.0, 0.0, 0.0, 1.0]], "pose_inverse": [[-0.8595440983772278, 0.5110615491867065, 0.0, -395.7584228515625], [-0.5110615491867065, -0.8595440983772278, 0.0, 1612.38134765625], [0.0, 0.0, 1.0, 0.0], [0.0, 0.0, 0.0, 1.0]], "cam_ids": [0, 1, 2, 3, 4, 5], "cam_channels": ["CAM_FRONT_LEFT", "CAM_FRONT", "CAM_FRONT_RIGHT", "CAM_BACK_LEFT", "CAM_BACK", "CAM_BACK_RIGHT"], "token": "9c4324cd73c94bd5a9bde1a885e4c0da", "scene": "scene-0294"}, {"images": ["samples/CAM_FRONT_LEFT/n008-2018-08-31-11-19-57-0400__CAM_FRONT_LEFT__1535729165504799.jpg", "samples/CAM_FRONT/n008-2018-08-31-11-19-57-0400__CAM_FRONT__1535729165512404.jpg", "samples/CAM_FRONT_RIGHT/n008-2018-08-31-11-19-57-0400__CAM_FRONT_RIGHT__1535729165520482.jpg", "samples/CAM_BACK_LEFT/n008-2018-08-31-11-19-57-0400__CAM_BACK_LEFT__1535729165547405.jpg", "samples/CAM_BACK/n008-2018-08-31-11-19-57-0400__CAM_BACK__1535729165537558.jpg", "samples/CAM_BACK_RIGHT/n008-2018-08-31-11-19-57-0400__CAM_BACK_RIGHT__1535729165528113.jpg"], "intrinsics": [[[1257.8625342125129, 0.0, 827.2410631095686], [0.0, 1257.8625342125129, 450.915498205774], [0.0, 0.0, 1.0]], [[1252.8131021185304, 0.0, 826.588114781398], [0.0, 1252.8131021185304, 469.9846626224581], [0.0, 0.0, 1.0]], [[1256.7485116440405, 0.0, 817.7887570959712], [0.0, 1256.7485116440403, 451.9541780095127], [0.0, 0.0, 1.0]], [[1254.9860565800168, 0.0, 829.5769333630991], [0.0, 1254.9860565800168, 467.1680561863987], [0.0, 0.0, 1.0]], [[796.8910634503094, 0.0, 857.7774326863696], [0.0, 796.8910634503094, 476.8848988407415], [0.0, 0.0, 1.0]], [[1249.9629280788233, 0.0, 825.3768045375984], [0.0, 1249.9629280788233, 462.54816385708756], [0.0, 0.0, 1.0]]], "extrinsics": [[[0.822472870349884, -0.5684088468551636, -0.021206818521022797, -0.680419921875], [-0.002548741642385721, 0.033599939197301865, -0.9994320869445801, 1.487152099609375], [0.5687986016273499, 0.8220598697662354, 0.02618631161749363, -1.1142578125], [0.0, 0.0, 0.0, 1.0]], [[0.010142676532268524, -0.9995133280754089, -0.029500361531972885, 0.0123291015625], [-0.000546833558473736, 0.02949633076786995, -0.9995647072792053, 1.4798774719238281], [0.9999483823776245, 0.01015439908951521, -0.000247394316829741, -1.41119384765625], [0.0, 0.0, 0.0, 1.0]], [[-0.8440953493118286, -0.5359070301055908, -0.01751212775707245, 0.8802490234375], [0.007525468245148659, 0.020816342905163765, -0.9997549653053284, 1.4949016571044922], [0.5361402630805969, -0.8440203666687012, -0.013538028113543987, -1.1405029296875], [0.0, 0.0, 0.0, 1.0]], [[0.9478332996368408, 0.318717896938324, -0.005562921520322561, -1.1362152099609375], [-0.017941098660230637, 0.03591494634747505, -0.9991937875747681, 1.5618896484375], [-0.318261057138443, 0.9471688866615295, 0.03975953161716461, -0.158935546875], [0.0, 0.0, 0.0, 1.0]], [[0.00937596708536148, 0.9995548725128174, 0.028322061523795128, -0.029052734375], [-0.015968365594744682, 0.028469357639551163, -0.9994670748710632, 1.5664825439453125], [-0.9998284578323364, 0.008918709121644497, 0.01622818596661091, -0.05267333984375], [0.0, 0.0, 0.0, 1.0]], [[-0.9237043261528015, 0.38288968801498413, 0.01287074014544487, 0.9915771484375], [-0.011545904912054539, 0.005757963750511408, -0.9999167323112488, 1.5456981658935547], [-0.3829319179058075, -0.9237760901451111, -0.0008978485129773617, -0.111572265625], [0.0, 0.0, 0.0, 1.0]]], "view": [[0.0, -2.0, 100.0], [-2.0, 0.0, 100.0], [0.0, 0.0, 1.0]], "bev": "bev_67b9de4179a447c1a6fc68a2b93062c7.png", "aux": "aux_67b9de4179a447c1a6fc68a2b93062c7.npz", "visibility": "visibility_67b9de4179a447c1a6fc68a2b93062c7.png", "pose": [[-0.8599092364311218, -0.5104469060897827, 0.0, 479.9547119140625], [0.5104469060897827, -0.8599092364311218, 0.0, 1590.530517578125], [0.0, 0.0, 1.0, 0.0], [0.0, 0.0, 0.0, 1.0]], "pose_inverse": [[-0.8599092364311218, 0.5104469060897827, 0.0, -399.1639099121094], [-0.5104469060897827, -0.8599092364311218, 0.0, 1612.703369140625], [0.0, 0.0, 1.0, 0.0], [0.0, 0.0, 0.0, 1.0]], "cam_ids": [0, 1, 2, 3, 4, 5], "cam_channels": ["CAM_FRONT_LEFT", "CAM_FRONT", "CAM_FRONT_RIGHT", "CAM_BACK_LEFT", "CAM_BACK", "CAM_BACK_RIGHT"], "token": "67b9de4179a447c1a6fc68a2b93062c7", "scene": "scene-0294"}, {"images": ["samples/CAM_FRONT_LEFT/n008-2018-08-31-11-19-57-0400__CAM_FRONT_LEFT__1535729166004799.jpg", "samples/CAM_FRONT/n008-2018-08-31-11-19-57-0400__CAM_FRONT__1535729166012404.jpg", "samples/CAM_FRONT_RIGHT/n008-2018-08-31-11-19-57-0400__CAM_FRONT_RIGHT__1535729166020482.jpg", "samples/CAM_BACK_LEFT/n008-2018-08-31-11-19-57-0400__CAM_BACK_LEFT__1535729166047411.jpg", "samples/CAM_BACK/n008-2018-08-31-11-19-57-0400__CAM_BACK__1535729166037558.jpg", "samples/CAM_BACK_RIGHT/n008-2018-08-31-11-19-57-0400__CAM_BACK_RIGHT__1535729166028113.jpg"], "intrinsics": [[[1257.8625342125129, 0.0, 827.2410631095686], [0.0, 1257.8625342125129, 450.915498205774], [0.0, 0.0, 1.0]], [[1252.8131021185304, 0.0, 826.588114781398], [0.0, 1252.8131021185304, 469.9846626224581], [0.0, 0.0, 1.0]], [[1256.7485116440405, 0.0, 817.7887570959712], [0.0, 1256.7485116440403, 451.9541780095127], [0.0, 0.0, 1.0]], [[1254.9860565800168, 0.0, 829.5769333630991], [0.0, 1254.9860565800168, 467.1680561863987], [0.0, 0.0, 1.0]], [[796.8910634503094, 0.0, 857.7774326863696], [0.0, 796.8910634503094, 476.8848988407415], [0.0, 0.0, 1.0]], [[1249.9629280788233, 0.0, 825.3768045375984], [0.0, 1249.9629280788233, 462.54816385708756], [0.0, 0.0, 1.0]]], "extrinsics": [[[0.8223397731781006, -0.5686838626861572, -0.018873095512390137, -0.69140625], [-0.003282939549535513, 0.028426475822925568, -0.9995905160903931, 1.4869499206542969], [0.5689874887466431, 0.8220648765563965, 0.021509261801838875, -1.12060546875], [0.0, 0.0, 0.0, 1.0]], [[0.009917888790369034, -0.9996550679206848, -0.024317743256688118, 0.0113525390625], [-0.0014789446722716093, 0.02430425025522709, -0.9997035264968872, 1.4796295166015625], [0.9999496936798096, 0.009950813837349415, -0.0012373891659080982, -1.422088623046875], [0.0, 0.0, 0.0, 1.0]], [[-0.844203770160675, -0.535845935344696, -0.013750559650361538, 0.88763427734375], [0.0063819121569395065, 0.015603308565914631, -0.9998578429222107, 1.4945831298828125], [0.5359843373298645, -0.8441716432571411, -0.009752651676535606, -1.1461181640625], [0.0, 0.0, 0.0, 1.0]], [[0.9478201270103455, 0.31869441270828247, -0.008421503938734531, -1.1371917724609375], [-0.019133878871798515, 0.03049764782190323, -0.9993516802787781, 1.5619010925292969], [-0.3182310461997986, 0.9473667740821838, 0.0350041426718235, -0.158447265625], [0.0, 0.0, 0.0, 1.0]], [[0.009428718127310276, 0.9996923208236694, 0.022944260388612747, -0.0286865234375], [-0.016797227784991264, 0.023100383579730988, -0.9995920062065125, 1.5664825439453125], [-0.999814510345459, 0.00903948675841093, 0.01700986549258232, -0.04864501953125], [0.0, 0.0, 0.0, 1.0]], [[-0.9236484169960022, 0.3830544948577881, 0.01194981299340725, 0.99798583984375], [-0.012724697589874268, 0.0005108857876621187, -0.9999188780784607, 1.545581340789795], [-0.3830294907093048, -0.9237256050109863, 0.004402372986078262, -0.109375], [0.0, 0.0, 0.0, 1.0]]], "view": [[0.0, -2.0, 100.0], [-2.0, 0.0, 100.0], [0.0, 0.0, 1.0]], "bev": "bev_b9583c7423e547069b9959c2903c2a22.png", "aux": "aux_b9583c7423e547069b9959c2903c2a22.npz", "visibility": "visibility_b9583c7423e547069b9959c2903c2a22.png", "pose": [[-0.8612532615661621, -0.5081760287284851, 0.0, 476.1665954589844], [0.5081760287284851, -0.8612532615661621, 0.0, 1592.81689453125], [0.0, 0.0, 1.0, 0.0], [0.0, 0.0, 0.0, 1.0]], "pose_inverse": [[-0.8612532615661621, 0.5081760287284851, 0.0, -399.331298828125], [-0.5081760287284851, -0.8612532615661621, 0.0, 1613.795166015625], [0.0, 0.0, 1.0, 0.0], [0.0, 0.0, 0.0, 1.0]], "cam_ids": [0, 1, 2, 3, 4, 5], "cam_channels": ["CAM_FRONT_LEFT", "CAM_FRONT", "CAM_FRONT_RIGHT", "CAM_BACK_LEFT", "CAM_BACK", "CAM_BACK_RIGHT"], "token": "b9583c7423e547069b9959c2903c2a22", "scene": "scene-0294"}, {"images": ["samples/CAM_FRONT_LEFT/n008-2018-08-31-11-19-57-0400__CAM_FRONT_LEFT__1535729166504799.jpg", "samples/CAM_FRONT/n008-2018-08-31-11-19-57-0400__CAM_FRONT__1535729166512404.jpg", "samples/CAM_FRONT_RIGHT/n008-2018-08-31-11-19-57-0400__CAM_FRONT_RIGHT__1535729166520482.jpg", "samples/CAM_BACK_LEFT/n008-2018-08-31-11-19-57-0400__CAM_BACK_LEFT__1535729166547405.jpg", "samples/CAM_BACK/n008-2018-08-31-11-19-57-0400__CAM_BACK__1535729166537558.jpg", "samples/CAM_BACK_RIGHT/n008-2018-08-31-11-19-57-0400__CAM_BACK_RIGHT__1535729166528113.jpg"], "intrinsics": [[[1257.8625342125129, 0.0, 827.2410631095686], [0.0, 1257.8625342125129, 450.915498205774], [0.0, 0.0, 1.0]], [[1252.8131021185304, 0.0, 826.588114781398], [0.0, 1252.8131021185304, 469.9846626224581], [0.0, 0.0, 1.0]], [[1256.7485116440405, 0.0, 817.7887570959712], [0.0, 1256.7485116440403, 451.9541780095127], [0.0, 0.0, 1.0]], [[1254.9860565800168, 0.0, 829.5769333630991], [0.0, 1254.9860565800168, 467.1680561863987], [0.0, 0.0, 1.0]], [[796.8910634503094, 0.0, 857.7774326863696], [0.0, 796.8910634503094, 476.8848988407415], [0.0, 0.0, 1.0]], [[1249.9629280788233, 0.0, 825.3768045375984], [0.0, 1249.9629280788233, 462.54816385708756], [0.0, 0.0, 1.0]]], "extrinsics": [[[0.8219696283340454, -0.5692530274391174, -0.01780194416642189, -0.708984375], [-0.004545829724520445, 0.02469867281615734, -0.9996846318244934, 1.4865913391113281], [0.5695131421089172, 0.8217913508415222, 0.01771383173763752, -1.132080078125], [0.0, 0.0, 0.0, 1.0]], [[0.009321200661361217, -0.9997414946556091, -0.02073795720934868, 0.0107421875], [-0.0029524900019168854, 0.020711252465844154, -0.9997811317443848, 1.4792404174804688], [0.9999521970748901, 0.009380416944622993, -0.0027586736250668764, -1.440277099609375], [0.0, 0.0, 0.0, 1.0]], [[-0.8444767594337463, -0.5354899764060974, -0.010461474768817425, 0.899658203125], [0.004682200960814953, 0.012150696478784084, -0.9999152421951294, 1.4941158294677734], [0.5355717539787292, -0.8444541692733765, -0.007753709331154823, -1.1544189453125], [0.0, 0.0, 0.0, 1.0]], [[0.9477889537811279, 0.31869176030158997, -0.011468226090073586, -1.1385650634765625], [-0.02120419777929783, 0.027097241953015327, -0.9994078874588013, 1.5619277954101562], [-0.31819233298301697, 0.9474709630012512, 0.032440073788166046, -0.1578369140625], [0.0, 0.0, 0.0, 1.0]], [[0.009619190357625484, 0.9997613430023193, 0.019615767523646355, -0.028564453125], [-0.018726937472820282, 0.019793346524238586, -0.9996286630630493, 1.5664291381835938], [-0.9997783303260803, 0.009248314425349236, 0.018912862986326218, -0.042327880859375], [0.0, 0.0, 0.0, 1.0]], [[-0.9235019087791443, 0.3833973705768585, 0.01227580290287733, 1.00836181640625], [-0.014469022862613201, -0.0028370104264467955, -0.9998912811279297, 1.5454399585723877], [-0.3833208680152893, -0.9235790967941284, 0.008167370222508907, -0.10546875], [0.0, 0.0, 0.0, 1.0]]], "view": [[0.0, -2.0, 100.0], [-2.0, 0.0, 100.0], [0.0, 0.0, 1.0]], "bev": "bev_a693224ab59d49598b41b981f5d9676a.png", "aux": "aux_a693224ab59d49598b41b981f5d9676a.npz", "visibility": "visibility_a693224ab59d49598b41b981f5d9676a.png", "pose": [[-0.8607146739959717, -0.5090876817703247, 0.0, 472.5394592285156], [0.5090876817703247, -0.8607146739959717, 0.0, 1595.0198974609375], [0.0, 0.0, 1.0, 0.0], [0.0, 0.0, 0.0, 1.0]], "pose_inverse": [[-0.8607146739959717, 0.5090876817703247, 0.0, -405.2833557128906], [-0.5090876817703247, -0.8607146739959717, 0.0, 1613.4210205078125], [0.0, 0.0, 1.0, 0.0], [0.0, 0.0, 0.0, 1.0]], "cam_ids": [0, 1, 2, 3, 4, 5], "cam_channels": ["CAM_FRONT_LEFT", "CAM_FRONT", "CAM_FRONT_RIGHT", "CAM_BACK_LEFT", "CAM_BACK", "CAM_BACK_RIGHT"], "token": "a693224ab59d49598b41b981f5d9676a", "scene": "scene-0294"}, {"images": ["samples/CAM_FRONT_LEFT/n008-2018-08-31-11-19-57-0400__CAM_FRONT_LEFT__1535729167004799.jpg", "samples/CAM_FRONT/n008-2018-08-31-11-19-57-0400__CAM_FRONT__1535729167012404.jpg", "samples/CAM_FRONT_RIGHT/n008-2018-08-31-11-19-57-0400__CAM_FRONT_RIGHT__1535729167020482.jpg", "samples/CAM_BACK_LEFT/n008-2018-08-31-11-19-57-0400__CAM_BACK_LEFT__1535729167047405.jpg", "samples/CAM_BACK/n008-2018-08-31-11-19-57-0400__CAM_BACK__1535729167037558.jpg", "samples/CAM_BACK_RIGHT/n008-2018-08-31-11-19-57-0400__CAM_BACK_RIGHT__1535729167028113.jpg"], "intrinsics": [[[1257.8625342125129, 0.0, 827.2410631095686], [0.0, 1257.8625342125129, 450.915498205774], [0.0, 0.0, 1.0]], [[1252.8131021185304, 0.0, 826.588114781398], [0.0, 1252.8131021185304, 469.9846626224581], [0.0, 0.0, 1.0]], [[1256.7485116440405, 0.0, 817.7887570959712], [0.0, 1256.7485116440403, 451.9541780095127], [0.0, 0.0, 1.0]], [[1254.9860565800168, 0.0, 829.5769333630991], [0.0, 1254.9860565800168, 467.1680561863987], [0.0, 0.0, 1.0]], [[796.8910634503094, 0.0, 857.7774326863696], [0.0, 796.8910634503094, 476.8848988407415], [0.0, 0.0, 1.0]], [[1249.9629280788233, 0.0, 825.3768045375984], [0.0, 1249.9629280788233, 462.54816385708756], [0.0, 0.0, 1.0]]], "extrinsics": [[[0.821948230266571, -0.5689358711242676, -0.026704091578722, -0.7073974609375], [-0.01302077155560255, 0.02810313180088997, -0.9995202422142029, 1.4835357666015625], [0.569413423538208, 0.8219015598297119, 0.015691334381699562, -1.1297607421875], [0.0, 0.0, 0.0, 1.0]], [[0.00945481937378645, -0.9996699690818787, -0.023884424939751625, 0.010009765625], [-0.011715702712535858, 0.023773111402988434, -0.9996487498283386, 1.4766311645507812], [0.9998866319656372, 0.009731350466609001, -0.011487065814435482, -1.437103271484375], [0.0, 0.0, 0.0, 1.0]], [[-0.8443704843521118, -0.5357429385185242, -0.004253733903169632, 0.89691162109375], [-0.004385399166494608, 0.01485063973814249, -0.9998801350593567, 1.4920406341552734], [0.5357418060302734, -0.844250500202179, -0.014888889156281948, -1.15283203125], [0.0, 0.0, 0.0, 1.0]], [[0.9475679397583008, 0.31886428594589233, -0.020986123010516167, -1.1398391723632812], [-0.03156021609902382, 0.02803083509206772, -0.9991087317466736, 1.5619049072265625], [-0.31799185276031494, 0.9473857879638672, 0.036624547094106674, -0.157470703125], [0.0, 0.0, 0.0, 1.0]], [[0.00961139053106308, 0.9997281432151794, 0.021245496347546577, -0.0286865234375], [-0.02870916947722435, 0.021513603627681732, -0.999356210231781, 1.5655555725097656], [-0.9995415806770325, 0.008995200507342815, 0.0289081409573555, -0.042572021484375], [0.0, 0.0, 0.0, 1.0]], [[-0.9234438538551331, 0.3831064999103546, 0.02192525938153267, 1.00677490234375], [-0.02395864762365818, -0.0005364165408536792, -0.9997128248214722, 1.5438318252563477], [-0.38298478722572327, -0.9237039089202881, 0.009674063883721828, -0.1064453125], [0.0, 0.0, 0.0, 1.0]]], "view": [[0.0, -2.0, 100.0], [-2.0, 0.0, 100.0], [0.0, 0.0, 1.0]], "bev": "bev_46446953c7a84389bdfc2a3f7920e130.png", "aux": "aux_46446953c7a84389bdfc2a3f7920e130.npz", "visibility": "visibility_46446953c7a84389bdfc2a3f7920e130.png", "pose": [[-0.860231876373291, -0.5099030137062073, 0.0, 469.0123291015625], [0.5099030137062073, -0.860231876373291, 0.0, 1597.1634521484375], [0.0, 0.0, 1.0, 0.0], [0.0, 0.0, 0.0, 1.0]], "pose_inverse": [[-0.860231876373291, 0.5099030137062073, 0.0, -410.9391174316406], [-0.5099030137062073, -0.860231876373291, 0.0, 1613.081787109375], [0.0, 0.0, 1.0, 0.0], [0.0, 0.0, 0.0, 1.0]], "cam_ids": [0, 1, 2, 3, 4, 5], "cam_channels": ["CAM_FRONT_LEFT", "CAM_FRONT", "CAM_FRONT_RIGHT", "CAM_BACK_LEFT", "CAM_BACK", "CAM_BACK_RIGHT"], "token": "46446953c7a84389bdfc2a3f7920e130", "scene": "scene-0294"}, {"images": ["samples/CAM_FRONT_LEFT/n008-2018-08-31-11-19-57-0400__CAM_FRONT_LEFT__1535729167604799.jpg", "samples/CAM_FRONT/n008-2018-08-31-11-19-57-0400__CAM_FRONT__1535729167612404.jpg", "samples/CAM_FRONT_RIGHT/n008-2018-08-31-11-19-57-0400__CAM_FRONT_RIGHT__1535729167620482.jpg", "samples/CAM_BACK_LEFT/n008-2018-08-31-11-19-57-0400__CAM_BACK_LEFT__1535729167647405.jpg", "samples/CAM_BACK/n008-2018-08-31-11-19-57-0400__CAM_BACK__1535729167637558.jpg", "samples/CAM_BACK_RIGHT/n008-2018-08-31-11-19-57-0400__CAM_BACK_RIGHT__1535729167628113.jpg"], "intrinsics": [[[1257.8625342125129, 0.0, 827.2410631095686], [0.0, 1257.8625342125129, 450.915498205774], [0.0, 0.0, 1.0]], [[1252.8131021185304, 0.0, 826.588114781398], [0.0, 1252.8131021185304, 469.9846626224581], [0.0, 0.0, 1.0]], [[1256.7485116440405, 0.0, 817.7887570959712], [0.0, 1256.7485116440403, 451.9541780095127], [0.0, 0.0, 1.0]], [[1254.9860565800168, 0.0, 829.5769333630991], [0.0, 1254.9860565800168, 467.1680561863987], [0.0, 0.0, 1.0]], [[796.8910634503094, 0.0, 857.7774326863696], [0.0, 796.8910634503094, 476.8848988407415], [0.0, 0.0, 1.0]], [[1249.9629280788233, 0.0, 825.3768045375984], [0.0, 1249.9629280788233, 462.54816385708756], [0.0, 0.0, 1.0]]], "extrinsics": [[[0.8226549029350281, -0.5685012340545654, -0.006728077307343483, -0.711181640625], [-0.006750509142875671, 0.0020660823211073875, -0.9999750852584839, 1.4858951568603516], [0.5685009956359863, 0.8226798176765442, -0.002138001611456275, -1.1356201171875], [0.0, 0.0, 0.0, 1.0]], [[0.010499510914087296, -0.9999440312385559, 0.0012633752776309848, 0.0120849609375], [-0.0053483122028410435, -0.0013195846695452929, -0.999984860420227, 1.4786059856414795], [0.9999304413795471, 0.010492617264389992, -0.0053618671372532845, -1.442352294921875], [0.0, 0.0, 0.0, 1.0]], [[-0.8439173698425293, -0.5364636182785034, 0.003191726515069604, 0.90087890625], [0.002088336506858468, -0.009234486147761345, -0.9999551773071289, 1.4935731887817383], [0.5364691019058228, -0.8438729047775269, 0.008913460187613964, -1.1534423828125], [0.0, 0.0, 0.0, 1.0]], [[0.9477192163467407, 0.3184245526790619, -0.020835671573877335, -1.14013671875], [-0.025055792182683945, 0.009162613190710545, -0.9996440410614014, 1.5619430541992188], [-0.3181203007698059, 0.9479038715362549, 0.01666196435689926, -0.1573486328125], [0.0, 0.0, 0.0, 1.0]], [[0.009195828810334206, 0.9999576807022095, 0.00010401286272099242, -0.029052734375], [-0.02258891798555851, 0.00031172437593340874, -0