[{"images": ["samples/CAM_FRONT_LEFT/n015-2018-07-11-11-54-16+0800__CAM_FRONT_LEFT__1531281855854844.jpg", "samples/CAM_FRONT/n015-2018-07-11-11-54-16+0800__CAM_FRONT__1531281855862460.jpg", "samples/CAM_FRONT_RIGHT/n015-2018-07-11-11-54-16+0800__CAM_FRONT_RIGHT__1531281855870339.jpg", "samples/CAM_BACK_LEFT/n015-2018-07-11-11-54-16+0800__CAM_BACK_LEFT__1531281855897423.jpg", "samples/CAM_BACK/n015-2018-07-11-11-54-16+0800__CAM_BACK__1531281855887525.jpg", "samples/CAM_BACK_RIGHT/n015-2018-07-11-11-54-16+0800__CAM_BACK_RIGHT__1531281855877893.jpg"], "intrinsics": [[[1272.5979470598488, 0.0, 826.6154927353808], [0.0, 1272.5979470598488, 479.75165386361925], [0.0, 0.0, 1.0]], [[1266.417203046554, 0.0, 816.2670197447984], [0.0, 1266.417203046554, 491.50706579294757], [0.0, 0.0, 1.0]], [[1260.8474446004698, 0.0, 807.968244525554], [0.0, 1260.8474446004698, 495.3344268742088], [0.0, 0.0, 1.0]], [[1256.7414812095406, 0.0, 792.1125740759628], [0.0, 1256.7414812095406, 492.7757465151356], [0.0, 0.0, 1.0]], [[809.2209905677063, 0.0, 829.2196003259838], [0.0, 809.2209905677063, 481.77842384512485], [0.0, 0.0, 1.0]], [[1259.5137405846733, 0.0, 807.2529053838625], [0.0, 1259.5137405846733, 501.19579884916527], [0.0, 0.0, 1.0]]], "extrinsics": [[[0.8211692571640015, -0.5705288052558899, 0.01334401499480009, -0.70428466796875], [-0.0016951332800090313, -0.02582084760069847, -0.9996651411056519, 1.5077199935913086], [0.5706822872161865, 0.8208715915679932, -0.022170407697558403, -1.099365234375], [0.0, 0.0, 0.0, 1.0]], [[0.006315750535577536, -0.9995351433753967, 0.02982572838664055, 0.00699615478515625], [-0.007009462453424931, -0.029869843274354935, -0.999529242515564, 1.5187034606933594], [0.9999555349349976, 0.006103701889514923, -0.007194854319095612, -1.4300537109375], [0.0, 0.0, 0.0, 1.0]], [[-0.8326452970504761, -0.553746223449707, 0.00818653590977192, 0.861572265625], [-0.0014099687105044723, -0.012662600725889206, -0.9999188184738159, 1.5033576488494873], [0.553804874420166, -0.8325892090797424, 0.009762689471244812, -1.13482666015625], [0.0, 0.0, 0.0, 1.0]], [[0.9476193189620972, 0.31933003664016724, -0.006782473064959049, -1.13330078125], [0.0073757171630859375, -0.043106988072395325, -0.9990432262420654, 1.588606357574463], [-0.3193168342113495, 0.9466626048088074, -0.043204303830862045, -0.106231689453125], [0.0, 0.0, 0.0, 1.0]], [[0.001976868836209178, 0.9994497299194336, -0.03311292827129364, 0.003021240234375], [-0.01810811646282673, -0.03307178616523743, -0.9992889761924744, 1.5778923034667969], [-0.9998341202735901, 0.002575068036094308, 0.018032770603895187, -0.0791015625], [0.0, 0.0, 0.0, 1.0]], [[-0.9349467754364014, 0.35423389077186584, -0.019821137189865112, 0.995361328125], [0.01449292991310358, -0.017688415944576263, -0.9997385144233704, 1.5536365509033203], [-0.3544918894767761, -0.9349896907806396, 0.011403839103877544, -0.11688232421875], [0.0, 0.0, 0.0, 1.0]]], "view": [[0.0, -2.0, 100.0], [-2.0, 0.0, 100.0], [0.0, 0.0, 1.0]], "bev": "bev_8fb167b9767d420b9c6368719bafb7b4.png", "aux": "aux_8fb167b9767d420b9c6368719bafb7b4.npz", "visibility": "visibility_8fb167b9767d420b9c6368719bafb7b4.png", "pose": [[-0.4032846987247467, 0.9150745868682861, 0.0, 411.30279541015625], [-0.9150745868682861, -0.4032846987247467, 0.0, 1182.9129638671875], [0.0, 0.0, 1.0, 0.0], [0.0, 0.0, 0.0, 1.0]], "pose_inverse": [[-0.4032846987247467, -0.9150745868682861, 0.0, 1248.32568359375], [0.9150745868682861, -0.4032846987247467, 0.0, 100.67796325683594], [0.0, 0.0, 1.0, 0.0], [0.0, 0.0, 0.0, 1.0]], "cam_ids": [0, 1, 2, 3, 4, 5], "cam_channels": ["CAM_FRONT_LEFT", "CAM_FRONT", "CAM_FRONT_RIGHT", "CAM_BACK_LEFT", "CAM_BACK", "CAM_BACK_RIGHT"], "token": "8fb167b9767d420b9c6368719bafb7b4", "scene": "scene-0275"}, {"images": ["samples/CAM_FRONT_LEFT/n015-2018-07-11-11-54-16+0800__CAM_FRONT_LEFT__1531281856404844.jpg", "samples/CAM_FRONT/n015-2018-07-11-11-54-16+0800__CAM_FRONT__1531281856412460.jpg", "samples/CAM_FRONT_RIGHT/n015-2018-07-11-11-54-16+0800__CAM_FRONT_RIGHT__1531281856420339.jpg", "samples/CAM_BACK_LEFT/n015-2018-07-11-11-54-16+0800__CAM_BACK_LEFT__1531281856447423.jpg", "samples/CAM_BACK/n015-2018-07-11-11-54-16+0800__CAM_BACK__1531281856437525.jpg", "samples/CAM_BACK_RIGHT/n015-2018-07-11-11-54-16+0800__CAM_BACK_RIGHT__1531281856427893.jpg"], "intrinsics": [[[1272.5979470598488, 0.0, 826.6154927353808], [0.0, 1272.5979470598488, 479.75165386361925], [0.0, 0.0, 1.0]], [[1266.417203046554, 0.0, 816.2670197447984], [0.0, 1266.417203046554, 491.50706579294757], [0.0, 0.0, 1.0]], [[1260.8474446004698, 0.0, 807.968244525554], [0.0, 1260.8474446004698, 495.3344268742088], [0.0, 0.0, 1.0]], [[1256.7414812095406, 0.0, 792.1125740759628], [0.0, 1256.7414812095406, 492.7757465151356], [0.0, 0.0, 1.0]], [[809.2209905677063, 0.0, 829.2196003259838], [0.0, 809.2209905677063, 481.77842384512485], [0.0, 0.0, 1.0]], [[1259.5137405846733, 0.0, 807.2529053838625], [0.0, 1259.5137405846733, 501.19579884916527], [0.0, 0.0, 1.0]]], "extrinsics": [[[0.820506751537323, -0.5714694261550903, 0.0138325784355402, -0.70953369140625], [-0.0013396396534517407, -0.026120435446500778, -0.9996578693389893, 1.5078349113464355], [0.5716352462768555, 0.8202075958251953, -0.022197557613253593, -1.1024169921875], [0.0, 0.0, 0.0, 1.0]], [[0.005367893725633621, -0.999532163143158, 0.030109906569123268, 0.00650787353515625], [-0.0066643282771110535, -0.03014543280005455, -0.9995233416557312, 1.518819808959961], [0.9999633431434631, 0.005164667963981628, -0.006823028437793255, -1.4346923828125], [0.0, 0.0, 0.0, 1.0]], [[-0.8330482840538025, -0.5531420111656189, 0.008025283925235271, 0.8641357421875], [-0.0010628207819536328, -0.012906682677567005, -0.9999160766601562, 1.5034301280975342], [0.5531992316246033, -0.8329869508743286, 0.01016400009393692, -1.13702392578125], [0.0, 0.0, 0.0, 1.0]], [[0.9476942420005798, 0.31910955905914307, -0.006691718474030495, -1.1328125], [0.007550331763923168, -0.04337267950177193, -0.9990304112434387, 1.588639259338379], [-0.3190903663635254, 0.9467248916625977, -0.04351341724395752, -0.1070556640625], [0.0, 0.0, 0.0, 1.0]], [[0.002384249586611986, 0.9994430541992188, -0.03328896313905716, 0.0030059814453125], [-0.017867473885416985, -0.033241163939237595, -0.9992876052856445, 1.5779170989990234], [-0.9998375177383423, 0.0029773330315947533, 0.017778262495994568, -0.078857421875], [0.0, 0.0, 0.0, 1.0]], [[-0.9347524642944336, 0.35472625494003296, -0.020177805796265602, 0.9974365234375], [0.014792348258197308, -0.01788756437599659, -0.9997305870056152, 1.5536479949951172], [-0.354991614818573, -0.9347991347312927, 0.011473209597170353, -0.11639404296875], [0.0, 0.0, 0.0, 1.0]]], "view": [[0.0, -2.0, 100.0], [-2.0, 0.0, 100.0], [0.0, 0.0, 1.0]], "bev": "bev_1dffa2d447444bc89fa5c494f88aaa20.png", "aux": "aux_1dffa2d447444bc89fa5c494f88aaa20.npz", "visibility": "visibility_1dffa2d447444bc89fa5c494f88aaa20.png", "pose": [[-0.3981429636478424, 0.9173234105110168, 0.0, 409.7152404785156], [-0.9173234105110168, -0.3981429636478424, 0.0, 1179.335693359375], [0.0, 0.0, 1.0, 0.0], [0.0, 0.0, 0.0, 1.0]], "pose_inverse": [[-0.3981429636478424, -0.9173234105110168, 0.0, 1244.9573974609375], [0.9173234105110168, -0.3981429636478424, 0.0, 93.70282745361328], [0.0, 0.0, 1.0, 0.0], [0.0, 0.0, 0.0, 1.0]], "cam_ids": [0, 1, 2, 3, 4, 5], "cam_channels": ["CAM_FRONT_LEFT", "CAM_FRONT", "CAM_FRONT_RIGHT", "CAM_BACK_LEFT", "CAM_BACK", "CAM_BACK_RIGHT"], "token": "1dffa2d447444bc89fa5c494f88aaa20", "scene": "scene-0275"}, {"images": ["samples/CAM_FRONT_LEFT/n015-2018-07-11-11-54-16+0800__CAM_FRONT_LEFT__1531281856904844.jpg", "samples/CAM_FRONT/n015-2018-07-11-11-54-16+0800__CAM_FRONT__1531281856912460.jpg", "samples/CAM_FRONT_RIGHT/n015-2018-07-11-11-54-16+0800__CAM_FRONT_RIGHT__1531281856920339.jpg", "samples/CAM_BACK_LEFT/n015-2018-07-11-11-54-16+0800__CAM_BACK_LEFT__1531281856947423.jpg", "samples/CAM_BACK/n015-2018-07-11-11-54-16+0800__CAM_BACK__1531281856937525.jpg", "samples/CAM_BACK_RIGHT/n015-2018-07-11-11-54-16+0800__CAM_BACK_RIGHT__1531281856927893.jpg"], "intrinsics": [[[1272.5979470598488, 0.0, 826.6154927353808], [0.0, 1272.5979470598488, 479.75165386361925], [0.0, 0.0, 1.0]], [[1266.417203046554, 0.0, 816.2670197447984], [0.0, 1266.417203046554, 491.50706579294757], [0.0, 0.0, 1.0]], [[1260.8474446004698, 0.0, 807.968244525554], [0.0, 1260.8474446004698, 495.3344268742088], [0.0, 0.0, 1.0]], [[1256.7414812095406, 0.0, 792.1125740759628], [0.0, 1256.7414812095406, 492.7757465151356], [0.0, 0.0, 1.0]], [[809.2209905677063, 0.0, 829.2196003259838], [0.0, 809.2209905677063, 481.77842384512485], [0.0, 0.0, 1.0]], [[1259.5137405846733, 0.0, 807.2529053838625], [0.0, 1259.5137405846733, 501.19579884916527], [0.0, 0.0, 1.0]]], "extrinsics": [[[0.8206043839454651, -0.5712976455688477, 0.015085184946656227, -0.70819091796875], [-0.005177401937544346, -0.03382641449570656, -0.9994142651557922, 1.5066919326782227], [0.5714733004570007, 0.8200456500053406, -0.0307159386575222, -1.103515625], [0.0, 0.0, 0.0, 1.0]], [[0.00558131281286478, -0.9992673397064209, 0.03786403685808182, 0.007965087890625], [-0.010623027570545673, -0.03792174160480499, -0.9992242455482483, 1.5178442001342773], [0.9999279975891113, 0.005174747668206692, -0.0108268978074193, -1.433837890625], [0.0, 0.0, 0.0, 1.0]], [[-0.8329519629478455, -0.5531203150749207, 0.01577679067850113, 0.8638916015625], [-0.005150916054844856, -0.020759886130690575, -0.9997711777687073, 1.5026206970214844], [0.553321361541748, -0.8328426480293274, 0.014442913234233856, -1.135498046875], [0.0, 0.0, 0.0, 1.0]], [[0.9476696252822876, 0.31895819306373596, -0.013710889033973217, -1.130859375], [0.0028547593392431736, -0.05141134560108185, -0.9986734390258789, 1.5885992050170898], [-0.3192399740219116, 0.9463734030723572, -0.049631521105766296, -0.107666015625], [0.0, 0.0, 0.0, 1.0]], [[0.0021351859904825687, 0.9991437792778015, -0.04131944477558136, 0.00258636474609375], [-0.022270560264587402, -0.04126178100705147, -0.9989001750946045, 1.5775318145751953], [-0.9997496604919434, 0.0030531189404428005, 0.02216338738799095, -0.0809326171875], [0.0, 0.0, 0.0, 1.0]], [[-0.9348653554916382, 0.35449111461639404, -0.019048139452934265, 0.99560546875], [0.010581905953586102, -0.02580622211098671, -0.999610960483551, 1.553060531616211], [-0.3548447787761688, -0.9347032308578491, 0.020374149084091187, -0.11614990234375], [0.0, 0.0, 0.0, 1.0]]], "view": [[0.0, -2.0, 100.0], [-2.0, 0.0, 100.0], [0.0, 0.0, 1.0]], "bev": "bev_8c6a954f8ab94c36b994a18d9f6a5b26.png", "aux": "aux_8c6a954f8ab94c36b994a18d9f6a5b26.npz", "visibility": "visibility_8c6a954f8ab94c36b994a18d9f6a5b26.png", "pose": [[-0.3900652825832367, 0.9207872152328491, 0.0, 408.2870178222656], [-0.9207872152328491, -0.3900652825832367, 0.0, 1176.0372314453125], [0.0, 0.0, 1.0, 0.0], [0.0, 0.0, 0.0, 1.0]], "pose_inverse": [[-0.3900652825832367, -0.9207872152328491, 0.0, 1242.138671875], [0.9207872152328491, -0.3900652825832367, 0.0, 82.78583526611328], [0.0, 0.0, 1.0, 0.0], [0.0, 0.0, 0.0, 1.0]], "cam_ids": [0, 1, 2, 3, 4, 5], "cam_channels": ["CAM_FRONT_LEFT", "CAM_FRONT", "CAM_FRONT_RIGHT", "CAM_BACK_LEFT", "CAM_BACK", "CAM_BACK_RIGHT"], "token": "8c6a954f8ab94c36b994a18d9f6a5b26", "scene": "scene-0275"}, {"images": ["samples/CAM_FRONT_LEFT/n015-2018-07-11-11-54-16+0800__CAM_FRONT_LEFT__1531281857354844.jpg", "samples/CAM_FRONT/n015-2018-07-11-11-54-16+0800__CAM_FRONT__1531281857362460.jpg", "samples/CAM_FRONT_RIGHT/n015-2018-07-11-11-54-16+0800__CAM_FRONT_RIGHT__1531281857370339.jpg", "samples/CAM_BACK_LEFT/n015-2018-07-11-11-54-16+0800__CAM_BACK_LEFT__1531281857397423.jpg", "samples/CAM_BACK/n015-2018-07-11-11-54-16+0800__CAM_BACK__1531281857387525.jpg", "samples/CAM_BACK_RIGHT/n015-2018-07-11-11-54-16+0800__CAM_BACK_RIGHT__1531281857377893.jpg"], "intrinsics": [[[1272.5979470598488, 0.0, 826.6154927353808], [0.0, 1272.5979470598488, 479.75165386361925], [0.0, 0.0, 1.0]], [[1266.417203046554, 0.0, 816.2670197447984], [0.0, 1266.417203046554, 491.50706579294757], [0.0, 0.0, 1.0]], [[1260.8474446004698, 0.0, 807.968244525554], [0.0, 1260.8474446004698, 495.3344268742088], [0.0, 0.0, 1.0]], [[1256.7414812095406, 0.0, 792.1125740759628], [0.0, 1256.7414812095406, 492.7757465151356], [0.0, 0.0, 1.0]], [[809.2209905677063, 0.0, 829.2196003259838], [0.0, 809.2209905677063, 481.77842384512485], [0.0, 0.0, 1.0]], [[1259.5137405846733, 0.0, 807.2529053838625], [0.0, 1259.5137405846733, 501.19579884916527], [0.0, 0.0, 1.0]]], "extrinsics": [[[0.8205771446228027, -0.5713459253311157, 0.014734959229826927, -0.71502685546875], [-0.004751585889607668, -0.03260021656751633, -0.9994571805000305, 1.506861686706543], [0.5715161561965942, 0.8200616240501404, -0.02946578897535801, -1.10809326171875], [0.0, 0.0, 0.0, 1.0]], [[0.005502642132341862, -0.9993140697479248, 0.036619774997234344, 0.007781982421875], [-0.0095763448625803, -0.03667131066322327, -0.9992815256118774, 1.5181818008422852], [0.9999390840530396, 0.005148039199411869, -0.009771564044058323, -1.4415283203125], [0.0, 0.0, 0.0, 1.0]], [[-0.833001434803009, -0.5530997514724731, 0.013750202022492886, 0.869140625], [-0.00354774366132915, -0.019512247294187546, -0.9998033046722412, 1.5029668807983398], [0.5532593131065369, -0.8328865170478821, 0.014291476458311081, -1.1390380859375], [0.0, 0.0, 0.0, 1.0]], [[0.9476760029792786, 0.31907448172569275, -0.01008644700050354, -1.1324462890625], [0.006247118581086397, -0.050125639885663986, -0.9987233877182007, 1.5886216163635254], [-0.3191727101802826, 0.9464032053947449, -0.04949616268277168, -0.1070556640625], [0.0, 0.0, 0.0, 1.0]], [[0.002259693806990981, 0.999194324016571, -0.04007072001695633, 0.0025634765625], [-0.019584104418754578, -0.040018919855356216, -0.999006986618042, 1.5778369903564453], [-0.9998056292533875, 0.003042156109586358, 0.01947789452970028, -0.0765380859375], [0.0, 0.0, 0.0, 1.0]], [[-0.9348127245903015, 0.3545454144477844, -0.020562591031193733, 1.0008544921875], [0.012656483799219131, -0.024604128673672676, -0.9996171593666077, 1.5532941818237305], [-0.354915589094162, -0.9347150325775146, 0.018512951210141182, -0.1141357421875], [0.0, 0.0, 0.0, 1.0]]], "view": [[0.0, -2.0, 100.0], [-2.0, 0.0, 100.0], [0.0, 0.0, 1.0]], "bev": "bev_d5686f4785d04f7f82f723548f14523c.png", "aux": "aux_d5686f4785d04f7f82f723548f14523c.npz", "visibility": "visibility_d5686f4785d04f7f82f723548f14523c.png", "pose": [[-0.3851529657840729, 0.9228527545928955, 0.0, 407.02789306640625], [-0.9228527545928955, -0.3851529657840729, 0.0, 1173.1075439453125], [0.0, 0.0, 1.0, 0.0], [0.0, 0.0, 0.0, 1.0]], "pose_inverse": [[-0.3851529657840729, -0.9228527545928955, 0.0, 1239.37353515625], [0.9228527545928955, -0.3851529657840729, 0.0, 76.19904327392578], [0.0, 0.0, 1.0, 0.0], [0.0, 0.0, 0.0, 1.0]], "cam_ids": [0, 1, 2, 3, 4, 5], "cam_channels": ["CAM_FRONT_LEFT", "CAM_FRONT", "CAM_FRONT_RIGHT", "CAM_BACK_LEFT", "CAM_BACK", "CAM_BACK_RIGHT"], "token": "d5686f4785d04f7f82f723548f14523c", "scene": "scene-0275"}, {"images": ["samples/CAM_FRONT_LEFT/n015-2018-07-11-11-54-16+0800__CAM_FRONT_LEFT__1531281857854844.jpg", "samples/CAM_FRONT/n015-2018-07-11-11-54-16+0800__CAM_FRONT__1531281857862460.jpg", "samples/CAM_FRONT_RIGHT/n015-2018-07-11-11-54-16+0800__CAM_FRONT_RIGHT__1531281857870339.jpg", "samples/CAM_BACK_LEFT/n015-2018-07-11-11-54-16+0800__CAM_BACK_LEFT__1531281857897423.jpg", "samples/CAM_BACK/n015-2018-07-11-11-54-16+0800__CAM_BACK__1531281857887525.jpg", "samples/CAM_BACK_RIGHT/n015-2018-07-11-11-54-16+0800__CAM_BACK_RIGHT__1531281857877893.jpg"], "intrinsics": [[[1272.5979470598488, 0.0, 826.6154927353808], [0.0, 1272.5979470598488, 479.75165386361925], [0.0, 0.0, 1.0]], [[1266.417203046554, 0.0, 816.2670197447984], [0.0, 1266.417203046554, 491.50706579294757], [0.0, 0.0, 1.0]], [[1260.8474446004698, 0.0, 807.968244525554], [0.0, 1260.8474446004698, 495.3344268742088], [0.0, 0.0, 1.0]], [[1256.7414812095406, 0.0, 792.1125740759628], [0.0, 1256.7414812095406, 492.7757465151356], [0.0, 0.0, 1.0]], [[809.2209905677063, 0.0, 829.2196003259838], [0.0, 809.2209905677063, 481.77842384512485], [0.0, 0.0, 1.0]], [[1259.5137405846733, 0.0, 807.2529053838625], [0.0, 1259.5137405846733, 501.19579884916527], [0.0, 0.0, 1.0]]], "extrinsics": [[[0.820808470249176, -0.5709750652313232, 0.016152461990714073, -0.7286376953125], [-0.004594330210238695, -0.03487635776400566, -0.9993810653686523, 1.507033348083496], [0.5711850523948669, 0.82022625207901, -0.03125005587935448, -1.1192626953125], [0.0, 0.0, 0.0, 1.0]], [[0.005841763690114021, -0.9992231726646423, 0.0389740914106369, 0.00872039794921875], [-0.009854297153651714, -0.03903039172291756, -0.9991894960403442, 1.5182914733886719], [0.9999343752861023, 0.005452980287373066, -0.010074646212160587, -1.45556640625], [0.0, 0.0, 0.0, 1.0]], [[-0.8328536748886108, -0.5532729029655457, 0.015615971758961678, 0.8785400390625], [-0.004187649581581354, -0.021913927048444748, -0.9997510313987732, 1.5029001235961914], [0.55347740650177, -0.8327116370201111, 0.015934180468320847, -1.1444091796875], [0.0, 0.0, 0.0, 1.0]], [[0.9476475715637207, 0.3190780580043793, -0.012380239553749561, -1.130615234375], [0.00465888436883688, -0.05258261412382126, -0.9986056685447693, 1.5886187553405762], [-0.3192841410636902, 0.9462685585021973, -0.051316335797309875, -0.10772705078125], [0.0, 0.0, 0.0, 1.0]], [[0.0021049671340733767, 0.99909508228302, -0.04248236119747162, 0.0023345947265625], [-0.020835960283875465, -0.04242941364645958, -0.9988821744918823, 1.5778121948242188], [-0.9997806549072266, 0.002987766405567527, 0.020727789029479027, -0.073486328125], [0.0, 0.0, 0.0, 1.0]], [[-0.9348939061164856, 0.35433247685432434, -0.02054031752049923, 1.0076904296875], [0.011731542646884918, -0.026990678161382675, -0.9995668530464172, 1.5530881881713867], [-0.3547334671020508, -0.9347299337387085, 0.02107655256986618, -0.11126708984375], [0.0, 0.0, 0.0, 1.0]]], "view": [[0.0, -2.0, 100.0], [-2.0, 0.0, 100.0], [0.0, 0.0, 1.0]], "bev": "bev_ad7080dc8e08423482474c439e96c2ee.png", "aux": "aux_ad7080dc8e08423482474c439e96c2ee.npz", "visibility": "visibility_ad7080dc8e08423482474c439e96c2ee.png", "pose": [[-0.37788647413253784, 0.9258519411087036, 0.0, 405.7497253417969], [-0.9258519411087036, -0.37788647413253784, 0.0, 1170.072509765625], [0.0, 0.0, 1.0, 0.0], [0.0, 0.0, 0.0, 1.0]], "pose_inverse": [[-0.37788647413253784, -0.9258519411087036, 0.0, 1236.6412353515625], [0.9258519411087036, -0.37788647413253784, 0.0, 66.49039459228516], [0.0, 0.0, 1.0, 0.0], [0.0, 0.0, 0.0, 1.0]], "cam_ids": [0, 1, 2, 3, 4, 5], "cam_channels": ["CAM_FRONT_LEFT", "CAM_FRONT", "CAM_FRONT_RIGHT", "CAM_BACK_LEFT", "CAM_BACK", "CAM_BACK_RIGHT"], "token": "ad7080dc8e08423482474c439e96c2ee", "scene": "scene-0275"}, {"images": ["samples/CAM_FRONT_LEFT/n015-2018-07-11-11-54-16+0800__CAM_FRONT_LEFT__1531281858354844.jpg", "samples/CAM_FRONT/n015-2018-07-11-11-54-16+0800__CAM_FRONT__1531281858362460.jpg", "samples/CAM_FRONT_RIGHT/n015-2018-07-11-11-54-16+0800__CAM_FRONT_RIGHT__1531281858370339.jpg", "samples/CAM_BACK_LEFT/n015-2018-07-11-11-54-16+0800__CAM_BACK_LEFT__1531281858397423.jpg", "samples/CAM_BACK/n015-2018-07-11-11-54-16+0800__CAM_BACK__1531281858387525.jpg", "samples/CAM_BACK_RIGHT/n015-2018-07-11-11-54-16+0800__CAM_BACK_RIGHT__1531281858377893.jpg"], "intrinsics": [[[1272.5979470598488, 0.0, 826.6154927353808], [0.0, 1272.5979470598488, 479.75165386361925], [0.0, 0.0, 1.0]], [[1266.417203046554, 0.0, 816.2670197447984], [0.0, 1266.417203046554, 491.50706579294757], [0.0, 0.0, 1.0]], [[1260.8474446004698, 0.0, 807.968244525554], [0.0, 1260.8474446004698, 495.3344268742088], [0.0, 0.0, 1.0]], [[1256.7414812095406, 0.0, 792.1125740759628], [0.0, 1256.7414812095406, 492.7757465151356], [0.0, 0.0, 1.0]], [[809.2209905677063, 0.0, 829.2196003259838], [0.0, 809.2209905677063, 481.77842384512485], [0.0, 0.0, 1.0]], [[1259.5137405846733, 0.0, 807.2529053838625], [0.0, 1259.5137405846733, 501.19579884916527], [0.0, 0.0, 1.0]]], "extrinsics": [[[0.8209794163703918, -0.5707130432128906, 0.016713786870241165, -0.7288818359375], [-0.004207707941532135, -0.03532011806964874, -0.9993671774864197, 1.5070109367370605], [0.5709422826766968, 0.8203896284103394, -0.031398478895425797, -1.115234375], [0.0, 0.0, 0.0, 1.0]], [[0.006113889627158642, -0.9992010593414307, 0.0394962914288044, 0.00583648681640625], [-0.009392469190061092, -0.03955266624689102, -0.9991733431816101, 1.5182609558105469], [0.9999371767044067, 0.005737857893109322, -0.009626785293221474, -1.453125], [0.0, 0.0, 0.0, 1.0]], [[-0.8327245116233826, -0.5534700155258179, 0.015517794527113438, 0.875], [-0.00365559128113091, -0.022529946640133858, -0.9997394680976868, 1.5029387474060059], [0.5536754727363586, -0.8325643539428711, 0.016737980768084526, -1.14483642578125], [0.0, 0.0, 0.0, 1.0]], [[0.9476466774940491, 0.31910327076911926, -0.01178461592644453, -1.1279296875], [0.005548887420445681, -0.053355876356363297, -0.9985601305961609, 1.5886354446411133], [-0.31927254796028137, 0.9462167620658875, -0.05233318731188774, -0.10845947265625], [0.0, 0.0, 0.0, 1.0]], [[0.002012008335441351, 0.9990625381469727, -0.043243661522865295, 0.0032806396484375], [-0.020061226561665535, -0.0431947223842144, -0.9988652467727661, 1.5777721405029297], [-0.9997966885566711, 0.002877228194847703, 0.019955508410930634, -0.07666015625], [0.0, 0.0, 0.0, 1.0]], [[-0.9349541068077087, 0.35412362217903137, -0.021382713690400124, 1.00537109375], [0.012373643927276134, -0.027685511857271194, -0.9995401501655579, 1.5531654357910156], [-0.3545527756214142, -0.9347887635231018, 0.021502885967493057, -0.1138916015625], [0.0, 0.0, 0.0, 1.0]]], "view": [[0.0, -2.0, 100.0], [-2.0, 0.0, 100.0], [0.0, 0.0, 1.0]], "bev": "bev_96af1a7dbbe643ee9b54c2702c719407.png", "aux": "aux_96af1a7dbbe643ee9b54c2702c719407.npz", "visibility": "visibility_96af1a7dbbe643ee9b54c2702c719407.png", "pose": [[-0.37594276666641235, 0.926642894744873, 0.0, 404.54278564453125], [-0.926642894744873, -0.37594276666641235, 0.0, 1167.1204833984375], [0.0, 0.0, 1.0, 0.0], [0.0, 0.0, 0.0, 1.0]], "pose_inverse": [[-0.37594276666641235, -0.926642894744873, 0.0, 1233.5888671875], [0.926642894744873, -0.37594276666641235, 0.0, 63.903812408447266], [0.0, 0.0, 1.0, 0.0], [0.0, 0.0, 0.0, 1.0]], "cam_ids": [0, 1, 2, 3, 4, 5], "cam_channels": ["CAM_FRONT_LEFT", "CAM_FRONT", "CAM_FRONT_RIGHT", "CAM_BACK_LEFT", "CAM_BACK", "CAM_BACK_RIGHT"], "token": "96af1a7dbbe643ee9b54c2702c719407", "scene": "scene-0275"}, {"images": ["samples/CAM_FRONT_LEFT/n015-2018-07-11-11-54-16+0800__CAM_FRONT_LEFT__1531281858754844.jpg", "samples/CAM_FRONT/n015-2018-07-11-11-54-16+0800__CAM_FRONT__1531281858762460.jpg", "samples/CAM_FRONT_RIGHT/n015-2018-07-11-11-54-16+0800__CAM_FRONT_RIGHT__1531281858770339.jpg", "samples/CAM_BACK_LEFT/n015-2018-07-11-11-54-16+0800__CAM_BACK_LEFT__1531281858797423.jpg", "samples/CAM_BACK/n015-2018-07-11-11-54-16+0800__CAM_BACK__1531281858787525.jpg", "samples/CAM_BACK_RIGHT/n015-2018-07-11-11-54-16+0800__CAM_BACK_RIGHT__1531281858777893.jpg"], "intrinsics": [[[1272.5979470598488, 0.0, 826.6154927353808], [0.0, 1272.5979470598488, 479.75165386361925], [0.0, 0.0, 1.0]], [[1266.417203046554, 0.0, 816.2670197447984], [0.0, 1266.417203046554, 491.50706579294757], [0.0, 0.0, 1.0]], [[1260.8474446004698, 0.0, 807.968244525554], [0.0, 1260.8474446004698, 495.3344268742088], [0.0, 0.0, 1.0]], [[1256.7414812095406, 0.0, 792.1125740759628], [0.0, 1256.7414812095406, 492.7757465151356], [0.0, 0.0, 1.0]], [[809.2209905677063, 0.0, 829.2196003259838], [0.0, 809.2209905677063, 481.77842384512485], [0.0, 0.0, 1.0]], [[1259.5137405846733, 0.0, 807.2529053838625], [0.0, 1259.5137405846733, 501.19579884916527], [0.0, 0.0, 1.0]]], "extrinsics": [[[0.8218940496444702, -0.5693343281745911, 0.018667349591851234, -0.72955322265625], [-0.001503989566117525, -0.03493913635611534, -0.9993883371353149, 1.5078425407409668], [0.5696383118629456, 0.8213632702827454, -0.029572544619441032, -1.117919921875], [0.0, 0.0, 0.0, 1.0]], [[0.007371347863227129, -0.9992183446884155, 0.038837019354104996, 0.0075225830078125], [-0.006843605078756809, -0.03888757899403572, -0.9992201924324036, 1.5189437866210938], [0.9999493956565857, 0.00709981145337224, -0.0071249110624194145, -1.4559326171875], [0.0, 0.0, 0.0, 1.0]], [[-0.8321810960769653, -0.5543504357337952, 0.01304059848189354, 0.8785400390625], [-0.0013325526379048824, -0.021518230438232422, -0.999767541885376, 1.5034112930297852], [0.5545021891593933, -0.8320050835609436, 0.01716836728155613, -1.14532470703125], [0.0, 0.0, 0.0, 1.0]], [[0.9476463198661804, 0.3191763162612915, -0.009642722085118294, -1.129638671875], [0.007070036139339209, -0.051162153482437134, -0.9986653327941895, 1.588653564453125], [-0.3192436397075653, 0.9463133811950684, -0.050740212202072144, -0.108062744140625], [0.0, 0.0, 0.0, 1.0]], [[0.001694128499366343, 0.9991385340690613, -0.04146454110741615, 0.00257110595703125], [-0.018244335427880287, -0.041426822543144226, -0.9989749789237976, 1.577993392944336], [-0.9998321533203125, 0.002448862185701728, 0.018158435821533203, -0.07373046875], [0.0, 0.0, 0.0, 1.0]], [[-0.935168981552124, 0.3534640967845917, -0.022850198671221733, 1.0087890625], [0.014473097398877144, -0.026325436308979988, -0.9995486736297607, 1.5534372329711914], [-0.3539060950279236, -0.9350776076316833, 0.01950301043689251, -0.111297607421875], [0.0, 0.0, 0.0, 1.0]]], "view": [[0.0, -2.0, 100.0], [-2.0, 0.0, 100.0], [0.0, 0.0, 1.0]], "bev": "bev_99c4cc9ce89246b19b802666bff43cf9.png", "aux": "aux_99c4cc9ce89246b19b802666bff43cf9.npz", "visibility": "visibility_99c4cc9ce89246b19b802666bff43cf9.png", "pose": [[-0.3868446946144104, 0.922144889831543, 0.0, 403.55230712890625], [-0.922144889831543, -0.3868446946144104, 0.0, 1164.73193359375], [0.0, 0.0, 1.0, 0.0], [0.0, 0.0, 0.0, 1.0]], "pose_inverse": [[-0.3868446946144104, -0.922144889831543, 0.0, 1230.1636962890625], [0.922144889831543, -0.3868446946144104, 0.0, 78.43669128417969], [0.0, 0.0, 1.0, 0.0], [0.0, 0.0, 0.0, 1.0]], "cam_ids": [0, 1, 2, 3, 4, 5], "cam_channels": ["CAM_FRONT_LEFT", "CAM_FRONT", "CAM_FRONT_RIGHT", "CAM_BACK_LEFT", "CAM_BACK", "CAM_BACK_RIGHT"], "token": "99c4cc9ce89246b19b802666bff43cf9", "scene": "scene-0275"}, {"images": ["samples/CAM_FRONT_LEFT/n015-2018-07-11-11-54-16+0800__CAM_FRONT_LEFT__1531281859254844.jpg", "samples/CAM_FRONT/n015-2018-07-11-11-54-16+0800__CAM_FRONT__1531281859262460.jpg", "samples/CAM_FRONT_RIGHT/n015-2018-07-11-11-54-16+0800__CAM_FRONT_RIGHT__1531281859270339.jpg", "samples/CAM_BACK_LEFT/n015-2018-07-11-11-54-16+0800__CAM_BACK_LEFT__1531281859297423.jpg", "samples/CAM_BACK/n015-2018-07-11-11-54-16+0800__CAM_BACK__1531281859287525.jpg", "samples/CAM_BACK_RIGHT/n015-2018-07-11-11-54-16+0800__CAM_BACK_RIGHT__1531281859277893.jpg"], "intrinsics": [[[1272.5979470598488, 0.0, 826.6154927353808], [0.0, 1272.5979470598488, 479.75165386361925], [0.0, 0.0, 1.0]], [[1266.417203046554, 0.0, 816.2670197447984], [0.0, 1266.417203046554, 491.50706579294757], [0.0, 0.0, 1.0]], [[1260.8474446004698, 0.0, 807.968244525554], [0.0, 1260.8474446004698, 495.3344268742088], [0.0, 0.0, 1.0]], [[1256.7414812095406, 0.0, 792.1125740759628], [0.0, 1256.7414812095406, 492.7757465151356], [0.0, 0.0, 1.0]], [[809.2209905677063, 0.0, 829.2196003259838], [0.0, 809.2209905677063, 481.77842384512485], [0.0, 0.0, 1.0]], [[1259.5137405846733, 0.0, 807.2529053838625], [0.0, 1259.5137405846733, 501.19579884916527], [0.0, 0.0, 1.0]]], "extrinsics": [[[0.8214325308799744, -0.5700390934944153, 0.01743551529943943, -0.73516845703125], [-0.003671311540529132, -0.035857051610946655, -0.9993501901626587, 1.507267951965332], [0.5702937841415405, 0.820834755897522, -0.0315469391644001, -1.12213134765625], [0.0, 0.0, 0.0, 1.0]], [[0.006679017096757889, -0.9991819858551025, 0.03988266363739967, 0.00759124755859375], [-0.008994613774120808, -0.03994196653366089, -0.9991615414619446, 1.5184946060180664], [0.9999372363090515, 0.00631475355476141, -0.00925402995198965, -1.46142578125], [0.0, 0.0, 0.0, 1.0]], [[-0.8325190544128418, -0.5537814497947693, 0.01543140597641468, 0.8817138671875], [-0.003393288468942046, -0.02275688946247101, -0.9997352361679077, 1.5030465126037598], [0.5539860129356384, -0.83235102891922, 0.017066407948732376, -1.147705078125], [0.0, 0.0, 0.0, 1.0]], [[0.9476367235183716, 0.3191249966621399, -0.01199601124972105, -1.13037109375], [0.005314323119819164, -0.053317129611968994, -0.9985634684562683, 1.5886236429214478], [-0.3193061351776123, 0.9462116956710815, -0.052221208810806274, -0.107696533203125], [0.0, 0.0, 0.0, 1.0]], [[0.0019193572225049138, 0.9990621209144592, -0.04325517639517784, 0.0027313232421875], [-0.020112114027142525, -0.043207939714193344, -0.9988636374473572, 1.5778789520263672], [-0.9997958540916443, 0.002787149278447032, 0.020010322332382202, -0.072021484375], [0.0, 0.0, 0.0, 1.0]], [[-0.9350168108940125, 0.35394877195358276, -0.021532133221626282, 1.0108642578125], [0.012496481649577618, -0.027794163674116135, -0.9995355606079102, 1.553135871887207], [-0.35438284277915955, -0.9348517060279846, 0.021564902737736702, -0.11077880859375], [0.0, 0.0, 0.0, 1.0]]], "view": [[0.0, -2.0, 100.0], [-2.0, 0.0, 100.0], [0.0, 0.0, 1.0]], "bev": "bev_5c9f496ba0904ac0a2a62c138dd627f2.png", "aux": "aux_5c9f496ba0904ac0a2a62c138dd627f2.npz", "visibility": "visibility_5c9f496ba0904ac0a2a62c138dd627f2.png", "pose": [[-0.4013172686100006, 0.9159390926361084, 0.0, 402.2818908691406], [-0.9159390926361084, -0.4013172686100006, 0.0, 1161.806640625], [0.0, 0.0, 1.0, 0.0], [0.0, 0.0, 0.0, 1.0]], "pose_inverse": [[-0.4013172686100006, -0.9159390926361084, 0.0, 1225.5867919921875], [0.9159390926361084, -0.4013172686100006, 0.0, 97.787353515625], [0.0, 0.0, 1.0, 0.0], [0.0, 0.0, 0.0, 1.0]], "cam_ids": [0, 1, 2, 3, 4, 5], "cam_channels": ["CAM_FRONT_LEFT", "CAM_FRONT", "CAM_FRONT_RIGHT", "CAM_BACK_LEFT", "CAM_BACK", "CAM_BACK_RIGHT"], "token": "5c9f496ba0904ac0a2a62c138dd627f2", "scene": "scene-0275"}, {"images": ["samples/CAM_FRONT_LEFT/n015-2018-07-11-11-54-16+0800__CAM_FRONT_LEFT__1531281859754844.jpg", "samples/CAM_FRONT/n015-2018-07-11-11-54-16+0800__CAM_FRONT__1531281859762460.jpg", "samples/CAM_FRONT_RIGHT/n015-2018-07-11-11-54-16+0800__CAM_FRONT_RIGHT__1531281859770339.jpg", "samples/CAM_BACK_LEFT/n015-2018-07-11-11-54-16+0800__CAM_BACK_LEFT__1531281859797423.jpg", "samples/CAM_BACK/n015-2018-07-11-11-54-16+0800__CAM_BACK__1531281859787525.jpg", "samples/CAM_BACK_RIGHT/n015-2018-07-11-11-54-16+0800__CAM_BACK_RIGHT__1531281859777893.jpg"], "intrinsics": [[[1272.5979470598488, 0.0, 826.6154927353808], [0.0, 1272.5979470598488, 479.75165386361925], [0.0, 0.0, 1.0]], [[1266.417203046554, 0.0, 816.2670197447984], [0.0, 1266.417203046554, 491.50706579294757], [0.0, 0.0, 1.0]], [[1260.8474446004698, 0.0, 807.968244525554], [0.0, 1260.8474446004698, 495.3344268742088], [0.0, 0.0, 1.0]], [[1256.7414812095406, 0.0, 792.1125740759628], [0.0, 1256.7414812095406, 492.7757465151356], [0.0, 0.0, 1.0]], [[809.2209905677063, 0.0, 829.2196003259838], [0.0, 809.2209905677063, 481.77842384512485], [0.0, 0.0, 1.0]], [[1259.5137405846733, 0.0, 807.2529053838625], [0.0, 1259.5137405846733, 501.19579884916527], [0.0, 0.0, 1.0]]], "extrinsics": [[[0.8213843703269958, -0.5701240301132202, 0.01692156121134758, -0.74017333984375], [-0.004057528451085091, -0.035507261753082275, -0.9993611574172974, 1.5071964263916016], [0.5703606009483337, 0.8207910060882568, -0.0314784049987793, -1.12591552734375], [0.0, 0.0, 0.0, 1.0]], [[0.006673932541161776, -0.9991970062255859, 0.03950653597712517, 0.00783538818359375], [-0.009171840734779835, -0.039566922932863235, -0.9991748929023743, 1.5185136795043945], [0.9999356269836426, 0.0063060675747692585, -0.009428542107343674, -1.4664306640625], [0.0, 0.0, 0.0, 1.0]], [[-0.8324826955795288, -0.5538420081138611, 0.015218013897538185, 0.8851318359375], [-0.003391511272639036, -0.02237233892083168, -0.9997439384460449, 1.5030641555786133], [0.5540406703948975, -0.8323211073875427, 0.016746222972869873, -1.14959716796875], [0.0, 0.0, 0.0, 1.0]], [[0.9475706815719604, 0.3193432092666626, -0.011384532786905766, -1.1324462890625], [0.005776090547442436, -0.052738722413778305, -0.9985916614532471, 1.5886274576187134], [-0.3194938600063324, 0.9461705088615417, -0.05181822553277016, -0.107177734375], [0.0, 0.0, 0.0, 1.0]], [[0.0017453354084864259, 0.9990831017494202, -0.04277845099568367, 0.00244903564453125], [-0.01981622725725174, -0.04273555800318718, -0.9988898634910583, 1.5779571533203125], [-0.9998020529747009, 0.0025911114644259214, 0.019723469391465187, -0.0697021484375], [0.0, 0.0, 0.0, 1.0]], [[-0.9350635409355164, 0.3538264334201813, -0.02151823416352272, 1.013427734375], [0.012640353292226791, -0.027383236214518547, -0.9995450973510742, 1.5531291961669922], [-0.35425466299057007, -0.9349102973937988, 0.0211325753480196, -0.10943603515625], [0.0, 0.0, 0.0, 1.0]]], "view": [[0.0, -2.0, 100.0], [-2.0, 0.0, 100.0], [0.0, 0.0, 1.0]], "bev": "bev_ce45c7c9cae1491ba4e30bdf649b7de0.png", "aux": "aux_ce45c7c9cae1491ba4e30bdf649b7de0.npz", "visibility": "visibility_ce45c7c9cae1491ba4e30bdf649b7de0.png", "pose": [[-0.4056232273578644, 0.9140403866767883, 0.0, 401.0249328613281], [-0.9140403866767883, -0.4056232273578644, 0.0, 1158.9736328125], [0.0, 0.0, 1.0, 0.0], [0.0, 0.0, 0.0, 1.0]], "pose_inverse": [[-0.4056232273578644, -0.9140403866767883, 0.0, 1222.013671875], [0.9140403866767883, -0.4056232273578644, 0.0, 103.55366516113281], [0.0, 0.0, 1.0, 0.0], [0.0, 0.0, 0.0, 1.0]], "cam_ids": [0, 1, 2, 3, 4, 5], "cam_channels": ["CAM_FRONT_LEFT", "CAM_FRONT", "CAM_FRONT_RIGHT", "CAM_BACK_LEFT", "CAM_BACK", "CAM_BACK_RIGHT"], "token": "ce45c7c9cae1491ba4e30bdf649b7de0", "scene": "scene-0275"}, {"images": ["samples/CAM_FRONT_LEFT/n015-2018-07-11-11-54-16+0800__CAM_FRONT_LEFT__1531281860154844.jpg", "samples/CAM_FRONT/n015-2018-07-11-11-54-16+0800__CAM_FRONT__1531281860162460.jpg", "samples/CAM_FRONT_RIGHT/n015-2018-07-11-11-54-16+0800__CAM_FRONT_RIGHT__1531281860170339.jpg", "samples/CAM_BACK_LEFT/n015-2018-07-11-11-54-16+0800__CAM_BACK_LEFT__1531281860197443.jpg", "samples/CAM_BACK/n015-2018-07-11-11-54-16+0800__CAM_BACK__1531281860187525.jpg", "samples/CAM_BACK_RIGHT/n015-2018-07-11-11-54-16+0800__CAM_BACK_RIGHT__1531281860177893.jpg"], "intrinsics": [[[1272.5979470598488, 0.0, 826.6154927353808], [0.0, 1272.5979470598488, 479.75165386361925], [0.0, 0.0, 1.0]], [[1266.417203046554, 0.0, 816.2670197447984], [0.0, 1266.417203046554, 491.50706579294757], [0.0, 0.0, 1.0]], [[1260.8474446004698, 0.0, 807.968244525554], [0.0, 1260.8474446004698, 495.3344268742088], [0.0, 0.0, 1.0]], [[1256.7414812095406, 0.0, 792.1125740759628], [0.0, 1256.7414812095406, 492.7757465151356], [0.0, 0.0, 1.0]], [[809.2209905677063, 0.0, 829.2196003259838], [0.0, 809.2209905677063, 481.77842384512485], [0.0, 0.0, 1.0]], [[1259.5137405846733, 0.0, 807.2529053838625], [0.0, 1259.5137405846733, 501.19579884916527], [0.0, 0.0, 1.0]]], "extrinsics": [[[0.8211174011230469, -0.5705047249794006, 0.017044559121131897, -0.75152587890625], [-0.0025473921559751034, -0.033525798469781876, -0.9994345903396606, 1.5076313018798828], [0.5707536935806274, 0.8206097483634949, -0.02898191474378109, -1.13336181640625], [0.0, 0.0, 0.0, 1.0]], [[0.00624773558229208, -0.9992701411247253, 0.03768600896000862, 0.00745391845703125], [-0.007936914451420307, -0.037735115736722946, -0.9992563128471375, 1.5188732147216797], [0.9999489784240723, 0.005944004748016596, -0.008166881278157234, -1.47802734375], [0.0, 0.0, 0.0, 1.0]], [[-0.8326829671859741, -0.5535866022109985, 0.013450702652335167, 0.8931884765625], [-0.0024142563343048096, -0.02066068910062313, -0.9997835755348206, 1.50325608253479], [0.5537447333335876, -0.8325352668762207, 0.01586730219423771, -1.1552734375], [0.0, 0.0, 0.0, 1.0]], [[0.9476677775382996, 0.3190802037715912, -0.010649243369698524, -1.1326904296875], [0.00595948426052928, -0.051030393689870834, -0.9986793398857117, 1.5886156558990479], [-0.3192022442817688, 0.9463528394699097, -0.050261419266462326, -0.106903076171875], [0.0, 0.0, 0.0, 1.0]], [[0.002059472957625985, 0.9991532564163208, -0.041092533618211746, 0.00261688232421875], [-0.019358111545443535, -0.04104508459568024, -0.9989697337150574, 1.578073501586914], [-0.999810516834259, 0.0028527905233204365, 0.019257189705967903, -0.0653076171875], [0.0, 0.0, 0.0, 1.0]], [[-0.9349426627159119, 0.3541397154331207, -0.021617092192173004, 1.021240234375], [0.013374506495893002, -0.025706298649311066, -0.9995800256729126, 1.5531063079833984], [-0.3545466959476471, -0.9348391890525818, 0.01929747313261032, -0.106689453125], [0.0, 0.0, 0.0, 1.0]]], "view": [[0.0, -2.0, 100.0], [-2.0, 0.0, 100.0], [0.0, 0.0, 1.0]], "bev": "bev_4ffdd34156524df380cddc090dcadc7d.png", "aux": "aux_4ffdd34156524df380cddc090dcadc7d.npz", "visibility": "visibility_4ffdd34156524df380cddc090dcadc7d.png", "pose": [[-0.40689411759376526, 0.9134753346443176, 0.0, 400.0517578125], [-0.9134753346443176, -0.40689411759376526, 0.0, 1156.795654296875], [0.0, 0.0, 1.0, 0.0], [0.0, 0.0, 0.0, 1.0]], "pose_inverse": [[-0.40689411759376526, -0.9134753346443176, 0.0, 1219.4830322265625], [0.9134753346443176, -0.40689411759376526, 0.0, 105.25592803955078], [0.0, 0.0, 1.0, 0.0], [0.0, 0.0, 0.0, 1.0]], "cam_ids": [0, 1, 2, 3, 4, 5], "cam_channels": ["CAM_FRONT_LEFT", "CAM_FRONT", "CAM_FRONT_RIGHT", "CAM_BACK_LEFT", "CAM_BACK", "CAM_BACK_RIGHT"], "token": "4ffdd34156524df380cddc090dcadc7d", "scene": "scene-0275"}, {"images": ["samples/CAM_FRONT_LEFT/n015-2018-07-11-11-54-16+0800__CAM_FRONT_LEFT__1531281860654844.jpg", "samples/CAM_FRONT/n015-2018-07-11-11-54-16+0800__CAM_FRONT__1531281860662460.jpg", "samples/CAM_FRONT_RIGHT/n015-2018-07-11-11-54-16+0800__CAM_FRONT_RIGHT__1531281860670339.jpg", "samples/CAM_BACK_LEFT/n015-2018-07-11-11-54-16+0800__CAM_BACK_LEFT__1531281860697423.jpg", "samples/CAM_BACK/n015-2018-07-11-11-54-16+0800__CAM_BACK__1531281860687525.jpg", "samples/CAM_BACK_RIGHT/n015-2018-07-11-11-54-16+0800__CAM_BACK_RIGHT__1531281860677893.jpg"], "intrinsics": [[[1272.5979470598488, 0.0, 826.6154927353808], [0.0, 1272.5979470598488, 479.75165386361925], [0.0, 0.0, 1.0]], [[1266.417203046554, 0.0, 816.2670197447984], [0.0, 1266.417203046554, 491.50706579294757], [0.0, 0.0, 1.0]], [[1260.8474446004698, 0.0, 807.968244525554], [0.0, 1260.8474446004698, 495.3344268742088], [0.0, 0.0, 1.0]], [[1256.7414812095406, 0.0, 792.1125740759628], [0.0, 1256.7414812095406, 492.7757465151356], [0.0, 0.0, 1.0]], [[809.2209905677063, 0.0, 829.2196003259838], [0.0, 809.2209905677063, 481.77842384512485], [0.0, 0.0, 1.0]], [[1259.5137405846733, 0.0, 807.2529053838625], [0.0, 1259.5137405846733, 501.19579884916527], [0.0, 0.0, 1.0]]], "extrinsics": [[[0.8213341236114502, -0.5702404975891113, 0.015364453196525574, -0.7672119140625], [-0.004440251272171736, -0.03332401067018509, -0.9994347095489502, 1.5072765350341797], [0.5704300999641418, 0.8208016753196716, -0.029902158305048943, -1.14605712890625], [0.0, 0.0, 0.0, 1.0]], [[0.006671227980405092, -0.9992769360542297, 0.03743110969662666, 0.00879669189453125], [-0.00970860943198204, -0.037494905292987823, -0.9992496967315674, 1.518707275390625], [0.9999305605888367, 0.006302828434854746, -0.009951727464795113, -1.4951171875], [0.0, 0.0, 0.0, 1.0]], [[-0.8324457406997681, -0.5539112687110901, 0.014712861739099026, 0.9051513671875], [-0.004079239908605814, -0.020425518974661827, -0.9997830390930176, 1.5030593872070312], [0.5540915727615356, -0.8323250412940979, 0.01474359817802906, -1.16156005859375], [0.0, 0.0, 0.0, 1.0]], [[0.9476345777511597, 0.3191361129283905, -0.011872437782585621, -1.1346435546875], [0.004733077250421047, -0.05120684951543808, -0.9986767768859863, 1.5886034965515137], [-0.31932181119918823, 0.9463244676589966, -0.050035879015922546, -0.106475830078125], [0.0, 0.0, 0.0, 1.0]], [[0.00174177554436028, 0.9991552829742432, -0.0