[{"images": ["samples/CAM_FRONT_LEFT/n008-2018-08-29-16-04-13-0400__CAM_FRONT_LEFT__1535573469854809.jpg", "samples/CAM_FRONT/n008-2018-08-29-16-04-13-0400__CAM_FRONT__1535573469862404.jpg", "samples/CAM_FRONT_RIGHT/n008-2018-08-29-16-04-13-0400__CAM_FRONT_RIGHT__1535573469870482.jpg", "samples/CAM_BACK_LEFT/n008-2018-08-29-16-04-13-0400__CAM_BACK_LEFT__1535573469897405.jpg", "samples/CAM_BACK/n008-2018-08-29-16-04-13-0400__CAM_BACK__1535573469887558.jpg", "samples/CAM_BACK_RIGHT/n008-2018-08-29-16-04-13-0400__CAM_BACK_RIGHT__1535573469878113.jpg"], "intrinsics": [[[1257.8625342125129, 0.0, 827.2410631095686], [0.0, 1257.8625342125129, 450.915498205774], [0.0, 0.0, 1.0]], [[1252.8131021185304, 0.0, 826.588114781398], [0.0, 1252.8131021185304, 469.9846626224581], [0.0, 0.0, 1.0]], [[1256.7485116440405, 0.0, 817.7887570959712], [0.0, 1256.7485116440403, 451.9541780095127], [0.0, 0.0, 1.0]], [[1254.9860565800168, 0.0, 829.5769333630991], [0.0, 1254.9860565800168, 467.1680561863987], [0.0, 0.0, 1.0]], [[796.8910634503094, 0.0, 857.7774326863696], [0.0, 796.8910634503094, 476.8848988407415], [0.0, 0.0, 1.0]], [[1249.9629280788233, 0.0, 825.3768045375984], [0.0, 1249.9629280788233, 462.54816385708756], [0.0, 0.0, 1.0]]], "extrinsics": [[[0.8261153101921082, -0.5630668997764587, -0.022118715569376945, -0.852783203125], [-0.009766077622771263, 0.024939974769949913, -0.9996412396430969, 1.4864540100097656], [0.5634165406227112, 0.8260349035263062, 0.015104338526725769, -1.2325439453125], [0.0, 0.0, 0.0, 1.0]], [[0.015641629695892334, -0.9996557235717773, -0.021066080778837204, 0.009765625], [-0.007823178544640541, 0.020945658907294273, -0.999750018119812, 1.4789466857910156], [0.9998470544815063, 0.015802491456270218, -0.007492861710488796, -1.584564208984375], [0.0, 0.0, 0.0, 1.0]], [[-0.8417134881019592, -0.5398826003074646, -0.0067105405032634735, 0.99395751953125], [-4.4387685193214566e-05, 0.0124978581443429, -0.9999219179153442, 1.4930458068847656], [0.5399243235588074, -0.8416475653648376, -0.0105435810983181, -1.2135009765625], [0.0, 0.0, 0.0, 1.0]], [[0.9475955963134766, 0.3190726935863495, -0.015974724665284157, -1.1377182006835938], [-0.02643016166985035, 0.02846509963274002, -0.999245285987854, 1.5618515014648438], [-0.31837719678878784, 0.9473026394844055, 0.03540654480457306, -0.15869140625], [0.0, 0.0, 0.0, 1.0]], [[0.007555090356618166, 0.9997634291648865, 0.020394382998347282, -0.0296630859375], [-0.023792680352926254, 0.020568914711475372, -0.9995052218437195, 1.5669441223144531], [-0.9996883869171143, 0.0070661511272192, 0.023942455649375916, -0.001708984375], [0.0, 0.0, 0.0, 1.0]], [[-0.9249171018600464, 0.3797932267189026, 0.016892489045858383, 1.08221435546875], [-0.019259098917245865, -0.002432286972180009, -0.9998115301132202, 1.5461986064910889], [-0.3796805739402771, -0.925068199634552, 0.009564138017594814, -0.073974609375], [0.0, 0.0, 0.0, 1.0]]], "view": [[0.0, -2.0, 100.0], [-2.0, 0.0, 100.0], [0.0, 0.0, 1.0]], "bev": "bev_195623688a3d40eabdf9e26a4e09df72.png", "aux": "aux_195623688a3d40eabdf9e26a4e09df72.npz", "visibility": "visibility_195623688a3d40eabdf9e26a4e09df72.png", "pose": [[-0.7890615463256836, -0.6143141388893127, 0.0, 645.0074462890625], [0.6143141388893127, -0.7890615463256836, 0.0, 1480.962890625], [0.0, 0.0, 1.0, 0.0], [0.0, 0.0, 0.0, 1.0]], "pose_inverse": [[-0.7890615463256836, 0.6143141388893127, 0.0, -400.8258056640625], [-0.6143141388893127, -0.7890615463256836, 0.0, 1564.80810546875], [0.0, 0.0, 1.0, 0.0], [0.0, 0.0, 0.0, 1.0]], "cam_ids": [0, 1, 2, 3, 4, 5], "cam_channels": ["CAM_FRONT_LEFT", "CAM_FRONT", "CAM_FRONT_RIGHT", "CAM_BACK_LEFT", "CAM_BACK", "CAM_BACK_RIGHT"], "token": "195623688a3d40eabdf9e26a4e09df72", "scene": "scene-0711"}, {"images": ["samples/CAM_FRONT_LEFT/n008-2018-08-29-16-04-13-0400__CAM_FRONT_LEFT__1535573470354799.jpg", "samples/CAM_FRONT/n008-2018-08-29-16-04-13-0400__CAM_FRONT__1535573470362404.jpg", "samples/CAM_FRONT_RIGHT/n008-2018-08-29-16-04-13-0400__CAM_FRONT_RIGHT__1535573470370482.jpg", "samples/CAM_BACK_LEFT/n008-2018-08-29-16-04-13-0400__CAM_BACK_LEFT__1535573470397405.jpg", "samples/CAM_BACK/n008-2018-08-29-16-04-13-0400__CAM_BACK__1535573470387558.jpg", "samples/CAM_BACK_RIGHT/n008-2018-08-29-16-04-13-0400__CAM_BACK_RIGHT__1535573470378113.jpg"], "intrinsics": [[[1257.8625342125129, 0.0, 827.2410631095686], [0.0, 1257.8625342125129, 450.915498205774], [0.0, 0.0, 1.0]], [[1252.8131021185304, 0.0, 826.588114781398], [0.0, 1252.8131021185304, 469.9846626224581], [0.0, 0.0, 1.0]], [[1256.7485116440405, 0.0, 817.7887570959712], [0.0, 1256.7485116440403, 451.9541780095127], [0.0, 0.0, 1.0]], [[1254.9860565800168, 0.0, 829.5769333630991], [0.0, 1254.9860565800168, 467.1680561863987], [0.0, 0.0, 1.0]], [[796.8910634503094, 0.0, 857.7774326863696], [0.0, 796.8910634503094, 476.8848988407415], [0.0, 0.0, 1.0]], [[1249.9629280788233, 0.0, 825.3768045375984], [0.0, 1249.9629280788233, 462.54816385708756], [0.0, 0.0, 1.0]]], "extrinsics": [[[0.8276020288467407, -0.5609663724899292, -0.019793672487139702, -0.8570556640625], [-0.008735856972634792, 0.02238662913441658, -0.9997112154960632, 1.4867172241210938], [0.5612474679946899, 0.8275359272956848, 0.013626695610582829, -1.23382568359375], [0.0, 0.0, 0.0, 1.0]], [[0.017690805718302727, -0.9996741414070129, -0.01840314082801342, 0.0086669921875], [-0.006731110159307718, 0.018286528065800667, -0.9998101592063904, 1.4791526794433594], [0.9998208284378052, 0.017811261117458344, -0.0064054131507873535, -1.586669921875], [0.0, 0.0, 0.0, 1.0]], [[-0.8409377336502075, -0.5410943627357483, -0.006381722167134285, 0.99346923828125], [0.0013928002445027232, 0.009628934785723686, -0.9999526739120483, 1.4932279586791992], [0.5411301255226135, -0.8409067988395691, -0.007343698758631945, -1.21435546875], [0.0, 0.0, 0.0, 1.0]], [[0.9476569890975952, 0.31895628571510315, -0.014601357281208038, -1.1399421691894531], [-0.02372472733259201, 0.024737315252423286, -0.9994124174118042, 1.5619316101074219], [-0.31840768456459045, 0.9474465250968933, 0.03100963868200779, -0.1578369140625], [0.0, 0.0, 0.0, 1.0]], [[0.007062382530421019, 0.9998300075531006, 0.017030905932188034, -0.0286865234375], [-0.021712923422455788, 0.017180640250444412, -0.9996165633201599, 1.5670661926269531], [-0.9997393488883972, 0.006689822301268578, 0.021830568090081215, -0.00128173828125], [0.0, 0.0, 0.0, 1.0]], [[-0.9253026247024536, 0.3789665102958679, 0.014122890308499336, 1.0819091796875], [-0.01752983033657074, -0.0055411080829799175, -0.999830961227417, 1.5463266372680664], [-0.3788241147994995, -0.9253937602043152, 0.011770417913794518, -0.075439453125], [0.0, 0.0, 0.0, 1.0]]], "view": [[0.0, -2.0, 100.0], [-2.0, 0.0, 100.0], [0.0, 0.0, 1.0]], "bev": "bev_7e0eb6251bf44e23b00947d61744a56c.png", "aux": "aux_7e0eb6251bf44e23b00947d61744a56c.npz", "visibility": "visibility_7e0eb6251bf44e23b00947d61744a56c.png", "pose": [[-0.7249656915664673, -0.6887850165367126, 0.0, 643.4401245117188], [0.6887850165367126, -0.7249656915664673, 0.0, 1482.322998046875], [0.0, 0.0, 1.0, 0.0], [0.0, 0.0, 0.0, 1.0]], "pose_inverse": [[-0.7249656915664673, 0.6887850165367126, 0.0, -554.5298461914062], [-0.6887850165367126, -0.7249656915664673, 0.0, 1517.8251953125], [0.0, 0.0, 1.0, 0.0], [0.0, 0.0, 0.0, 1.0]], "cam_ids": [0, 1, 2, 3, 4, 5], "cam_channels": ["CAM_FRONT_LEFT", "CAM_FRONT", "CAM_FRONT_RIGHT", "CAM_BACK_LEFT", "CAM_BACK", "CAM_BACK_RIGHT"], "token": "7e0eb6251bf44e23b00947d61744a56c", "scene": "scene-0711"}, {"images": ["samples/CAM_FRONT_LEFT/n008-2018-08-29-16-04-13-0400__CAM_FRONT_LEFT__1535573470854799.jpg", "samples/CAM_FRONT/n008-2018-08-29-16-04-13-0400__CAM_FRONT__1535573470862404.jpg", "samples/CAM_FRONT_RIGHT/n008-2018-08-29-16-04-13-0400__CAM_FRONT_RIGHT__1535573470870482.jpg", "samples/CAM_BACK_LEFT/n008-2018-08-29-16-04-13-0400__CAM_BACK_LEFT__1535573470897405.jpg", "samples/CAM_BACK/n008-2018-08-29-16-04-13-0400__CAM_BACK__1535573470887558.jpg", "samples/CAM_BACK_RIGHT/n008-2018-08-29-16-04-13-0400__CAM_BACK_RIGHT__1535573470878113.jpg"], "intrinsics": [[[1257.8625342125129, 0.0, 827.2410631095686], [0.0, 1257.8625342125129, 450.915498205774], [0.0, 0.0, 1.0]], [[1252.8131021185304, 0.0, 826.588114781398], [0.0, 1252.8131021185304, 469.9846626224581], [0.0, 0.0, 1.0]], [[1256.7485116440405, 0.0, 817.7887570959712], [0.0, 1256.7485116440403, 451.9541780095127], [0.0, 0.0, 1.0]], [[1254.9860565800168, 0.0, 829.5769333630991], [0.0, 1254.9860565800168, 467.1680561863987], [0.0, 0.0, 1.0]], [[796.8910634503094, 0.0, 857.7774326863696], [0.0, 796.8910634503094, 476.8848988407415], [0.0, 0.0, 1.0]], [[1249.9629280788233, 0.0, 825.3768045375984], [0.0, 1249.9629280788233, 462.54816385708756], [0.0, 0.0, 1.0]]], "extrinsics": [[[0.8246622681617737, -0.5652722716331482, -0.019989514723420143, -0.865478515625], [-0.005794499069452286, 0.0268957931548357, -0.9996213912963867, 1.4872817993164062], [0.565595805644989, 0.8244658708572388, 0.01890447549521923, -1.2392578125], [0.0, 0.0, 0.0, 1.0]], [[0.013278179802000523, -0.9996441602706909, -0.02313281036913395, 0.0081787109375], [-0.003910774830728769, 0.023082755506038666, -0.9997259378433228, 1.4795951843261719], [0.999904215335846, 0.01336503867059946, -0.003602885641157627, -1.59613037109375], [0.0, 0.0, 0.0, 1.0]], [[-0.842837929725647, -0.5380472540855408, -0.011376907117664814, 1.00103759765625], [0.00409461185336113, 0.014728229492902756, -0.9998831152915955, 1.4934978485107422], [0.5381519198417664, -0.8427860140800476, -0.01021041814237833, -1.2193603515625], [0.0, 0.0, 0.0, 1.0]], [[0.947760283946991, 0.3188106119632721, -0.010505199432373047, -1.14166259765625], [-0.021429011598229408, 0.030776116997003555, -0.9992965459823608, 1.5619850158691406], [-0.31826305389404297, 0.9473186135292053, 0.03600017726421356, -0.156982421875], [0.0, 0.0, 0.0, 1.0]], [[0.008525866083800793, 0.9997039437294006, 0.022788722068071365, -0.02880859375], [-0.019265593960881233, 0.022949539124965668, -0.9995509386062622, 1.5672760009765625], [-0.9997780919075012, 0.008083002641797066, 0.019455555826425552, 0.0040283203125], [0.0, 0.0, 0.0, 1.0]], [[-0.9243230819702148, 0.38136059045791626, 0.013811304233968258, 1.089111328125], [-0.014977830462157726, -9.073287947103381e-05, -0.9998878240585327, 1.5466585159301758], [-0.38131657242774963, -0.9244263172149658, 0.0057958210818469524, -0.072509765625], [0.0, 0.0, 0.0, 1.0]]], "view": [[0.0, -2.0, 100.0], [-2.0, 0.0, 100.0], [0.0, 0.0, 1.0]], "bev": "bev_beff0007a7ee4c039d83cb68bf57dba4.png", "aux": "aux_beff0007a7ee4c039d83cb68bf57dba4.npz", "visibility": "visibility_beff0007a7ee4c039d83cb68bf57dba4.png", "pose": [[-0.6738884449005127, -0.7388331294059753, 0.0, 642.0693359375], [0.7388331294059753, -0.6738884449005127, 0.0, 1483.7607421875], [0.0, 0.0, 1.0, 0.0], [0.0, 0.0, 0.0, 1.0]], "pose_inverse": [[-0.6738884449005127, 0.7388331294059753, 0.0, -663.5684814453125], [-0.7388331294059753, -0.6738884449005127, 0.0, 1474.271240234375], [0.0, 0.0, 1.0, 0.0], [0.0, 0.0, 0.0, 1.0]], "cam_ids": [0, 1, 2, 3, 4, 5], "cam_channels": ["CAM_FRONT_LEFT", "CAM_FRONT", "CAM_FRONT_RIGHT", "CAM_BACK_LEFT", "CAM_BACK", "CAM_BACK_RIGHT"], "token": "beff0007a7ee4c039d83cb68bf57dba4", "scene": "scene-0711"}, {"images": ["samples/CAM_FRONT_LEFT/n008-2018-08-29-16-04-13-0400__CAM_FRONT_LEFT__1535573471354799.jpg", "samples/CAM_FRONT/n008-2018-08-29-16-04-13-0400__CAM_FRONT__1535573471362404.jpg", "samples/CAM_FRONT_RIGHT/n008-2018-08-29-16-04-13-0400__CAM_FRONT_RIGHT__1535573471370482.jpg", "samples/CAM_BACK_LEFT/n008-2018-08-29-16-04-13-0400__CAM_BACK_LEFT__1535573471397405.jpg", "samples/CAM_BACK/n008-2018-08-29-16-04-13-0400__CAM_BACK__1535573471387558.jpg", "samples/CAM_BACK_RIGHT/n008-2018-08-29-16-04-13-0400__CAM_BACK_RIGHT__1535573471378117.jpg"], "intrinsics": [[[1257.8625342125129, 0.0, 827.2410631095686], [0.0, 1257.8625342125129, 450.915498205774], [0.0, 0.0, 1.0]], [[1252.8131021185304, 0.0, 826.588114781398], [0.0, 1252.8131021185304, 469.9846626224581], [0.0, 0.0, 1.0]], [[1256.7485116440405, 0.0, 817.7887570959712], [0.0, 1256.7485116440403, 451.9541780095127], [0.0, 0.0, 1.0]], [[1254.9860565800168, 0.0, 829.5769333630991], [0.0, 1254.9860565800168, 467.1680561863987], [0.0, 0.0, 1.0]], [[796.8910634503094, 0.0, 857.7774326863696], [0.0, 796.8910634503094, 476.8848988407415], [0.0, 0.0, 1.0]], [[1249.9629280788233, 0.0, 825.3768045375984], [0.0, 1249.9629280788233, 462.54816385708756], [0.0, 0.0, 1.0]]], "extrinsics": [[[0.8213462233543396, -0.5700458884239197, -0.020927531644701958, -0.866943359375], [-0.006215608213096857, 0.027741456404328346, -0.9995958209037781, 1.4872207641601562], [0.5703960657119751, 0.8211444020271301, 0.019242161884903908, -1.23895263671875], [0.0, 0.0, 0.0, 1.0]], [[0.0085071986541152, -0.9996786117553711, -0.023878974840044975, 0.0074462890625], [-0.004228960257023573, 0.023843657225370407, -0.9997067451477051, 1.4795570373535156], [0.9999548196792603, 0.0086057772859931, -0.0040247575379908085, -1.5970458984375], [0.0, 0.0, 0.0, 1.0]], [[-0.8447954654693604, -0.5349655747413635, -0.011507302522659302, 1.0013275146484375], [0.003858255222439766, 0.015414847061038017, -0.9998737573623657, 1.4934730529785156], [0.5350754261016846, -0.8447331786155701, -0.010958361439406872, -1.22021484375], [0.0, 0.0, 0.0, 1.0]], [[0.9478022456169128, 0.31869807839393616, -0.010117626748979092, -1.1422119140625], [-0.02129294164478779, 0.031601130962371826, -0.9992737174034119, 1.5620040893554688], [-0.3181469142436981, 0.9473292827606201, 0.03673764690756798, -0.15673828125], [0.0, 0.0, 0.0, 1.0]], [[0.009893916547298431, 0.9996748566627502, 0.023499956354498863, -0.0286865234375], [-0.019209256395697594, 0.023686779662966728, -0.9995347857475281, 1.567291259765625], [-0.9997665882110596, 0.009437918663024902, 0.019437367096543312, 0.00439453125], [0.0, 0.0, 0.0, 1.0]], [[-0.9233224391937256, 0.383762389421463, 0.014207493513822556, 1.0899658203125], [-0.015122690238058567, 0.0006325357244350016, -0.9998854398727417, 1.546656608581543], [-0.38372743129730225, -0.9234315752983093, 0.0052194842137396336, -0.07275390625], [0.0, 0.0, 0.0, 1.0]]], "view": [[0.0, -2.0, 100.0], [-2.0, 0.0, 100.0], [0.0, 0.0, 1.0]], "bev": "bev_986e2e3396e34e5b84032a8a3fdbe156.png", "aux": "aux_986e2e3396e34e5b84032a8a3fdbe156.npz", "visibility": "visibility_986e2e3396e34e5b84032a8a3fdbe156.png", "pose": [[-0.6696568727493286, -0.7426705956459045, 0.0, 640.7902221679688], [0.7426705956459045, -0.6696568727493286, 0.0, 1485.218994140625], [0.0, 0.0, 1.0, 0.0], [0.0, 0.0, 0.0, 1.0]], "pose_inverse": [[-0.6696568727493286, 0.7426705956459045, 0.0, -673.9189453125], [-0.7426705956459045, -0.6696568727493286, 0.0, 1470.483154296875], [0.0, 0.0, 1.0, 0.0], [0.0, 0.0, 0.0, 1.0]], "cam_ids": [0, 1, 2, 3, 4, 5], "cam_channels": ["CAM_FRONT_LEFT", "CAM_FRONT", "CAM_FRONT_RIGHT", "CAM_BACK_LEFT", "CAM_BACK", "CAM_BACK_RIGHT"], "token": "986e2e3396e34e5b84032a8a3fdbe156", "scene": "scene-0711"}, {"images": ["samples/CAM_FRONT_LEFT/n008-2018-08-29-16-04-13-0400__CAM_FRONT_LEFT__1535573471904799.jpg", "samples/CAM_FRONT/n008-2018-08-29-16-04-13-0400__CAM_FRONT__1535573471912404.jpg", "samples/CAM_FRONT_RIGHT/n008-2018-08-29-16-04-13-0400__CAM_FRONT_RIGHT__1535573471921240.jpg", "samples/CAM_BACK_LEFT/n008-2018-08-29-16-04-13-0400__CAM_BACK_LEFT__1535573471947405.jpg", "samples/CAM_BACK/n008-2018-08-29-16-04-13-0400__CAM_BACK__1535573471938162.jpg", "samples/CAM_BACK_RIGHT/n008-2018-08-29-16-04-13-0400__CAM_BACK_RIGHT__1535573471928113.jpg"], "intrinsics": [[[1257.8625342125129, 0.0, 827.2410631095686], [0.0, 1257.8625342125129, 450.915498205774], [0.0, 0.0, 1.0]], [[1252.8131021185304, 0.0, 826.588114781398], [0.0, 1252.8131021185304, 469.9846626224581], [0.0, 0.0, 1.0]], [[1256.7485116440405, 0.0, 817.7887570959712], [0.0, 1256.7485116440403, 451.9541780095127], [0.0, 0.0, 1.0]], [[1254.9860565800168, 0.0, 829.5769333630991], [0.0, 1254.9860565800168, 467.1680561863987], [0.0, 0.0, 1.0]], [[796.8910634503094, 0.0, 857.7774326863696], [0.0, 796.8910634503094, 476.8848988407415], [0.0, 0.0, 1.0]], [[1249.9629280788233, 0.0, 825.3768045375984], [0.0, 1249.9629280788233, 462.54816385708756], [0.0, 0.0, 1.0]]], "extrinsics": [[[0.8217086791992188, -0.5695146918296814, -0.02116653323173523, -0.87646484375], [-0.00699200015515089, 0.02706317789852619, -0.9996092319488525, 1.4871406555175781], [0.5698649883270264, 0.821535587310791, 0.018255997449159622, -1.24749755859375], [0.0, 0.0, 0.0, 1.0]], [[0.00968154612928629, -0.9996933937072754, -0.022794153541326523, 0.009033203125], [-0.005101844668388367, 0.022745542228221893, -0.9997283220291138, 1.4794654846191406], [0.9999400973320007, 0.00979520007967949, -0.004880067426711321, -1.6080322265625], [0.0, 0.0, 0.0, 1.0]], [[-0.8439130187034607, -0.5363898873329163, -0.009831197559833527, 1.012115478515625], [0.0028614031616598368, 0.013824723660945892, -0.9999003410339355, 1.4933128356933594], [0.5364724397659302, -0.8438571691513062, -0.01013203989714384, -1.224853515625], [0.0, 0.0, 0.0, 1.0]], [[0.9466933012008667, 0.3219009339809418, -0.012312687002122402, -1.147705078125], [-0.02265675738453865, 0.028407631441950798, -0.9993396401405334, 1.5620841979980469], [-0.3213386833667755, 0.9463471174240112, 0.03418654575943947, -0.1566162109375], [0.0, 0.0, 0.0, 1.0]], [[0.007326268590986729, 0.9997546672821045, 0.020905746147036552, -0.0301513671875], [-0.020480182021856308, 0.021051937714219093, -0.9995685815811157, 1.5673713684082031], [-0.9997634887695312, 0.006894961930811405, 0.020629389211535454, 0.01220703125], [0.0, 0.0, 0.0, 1.0]], [[-0.9240443706512451, 0.38201242685317993, 0.014442015439271927, 1.0958251953125], [-0.016219984740018845, -0.0014342020731419325, -0.9998673796653748, 1.5466885566711426], [-0.381941020488739, -0.9241560697555542, 0.007521502673625946, -0.0684814453125], [0.0, 0.0, 0.0, 1.0]]], "view": [[0.0, -2.0, 100.0], [-2.0, 0.0, 100.0], [0.0, 0.0, 1.0]], "bev": "bev_548c43e6b3df4717be969ec42da04d3f.png", "aux": "aux_548c43e6b3df4717be969ec42da04d3f.npz", "visibility": "visibility_548c43e6b3df4717be969ec42da04d3f.png", "pose": [[-0.7035911679267883, -0.7106050252914429, 0.0, 639.4037475585938], [0.7106050252914429, -0.7035911679267883, 0.0, 1486.72119140625], [0.0, 0.0, 1.0, 0.0], [0.0, 0.0, 0.0, 1.0]], "pose_inverse": [[-0.7035911679267883, 0.7106050252914429, 0.0, -606.5927124023438], [-0.7106050252914429, -0.7035911679267883, 0.0, 1500.4073486328125], [0.0, 0.0, 1.0, 0.0], [0.0, 0.0, 0.0, 1.0]], "cam_ids": [0, 1, 2, 3, 4, 5], "cam_channels": ["CAM_FRONT_LEFT", "CAM_FRONT", "CAM_FRONT_RIGHT", "CAM_BACK_LEFT", "CAM_BACK", "CAM_BACK_RIGHT"], "token": "548c43e6b3df4717be969ec42da04d3f", "scene": "scene-0711"}, {"images": ["samples/CAM_FRONT_LEFT/n008-2018-08-29-16-04-13-0400__CAM_FRONT_LEFT__1535573472404799.jpg", "samples/CAM_FRONT/n008-2018-08-29-16-04-13-0400__CAM_FRONT__1535573472412404.jpg", "samples/CAM_FRONT_RIGHT/n008-2018-08-29-16-04-13-0400__CAM_FRONT_RIGHT__1535573472420482.jpg", "samples/CAM_BACK_LEFT/n008-2018-08-29-16-04-13-0400__CAM_BACK_LEFT__1535573472447405.jpg", "samples/CAM_BACK/n008-2018-08-29-16-04-13-0400__CAM_BACK__1535573472437558.jpg", "samples/CAM_BACK_RIGHT/n008-2018-08-29-16-04-13-0400__CAM_BACK_RIGHT__1535573472428113.jpg"], "intrinsics": [[[1257.8625342125129, 0.0, 827.2410631095686], [0.0, 1257.8625342125129, 450.915498205774], [0.0, 0.0, 1.0]], [[1252.8131021185304, 0.0, 826.588114781398], [0.0, 1252.8131021185304, 469.9846626224581], [0.0, 0.0, 1.0]], [[1256.7485116440405, 0.0, 817.7887570959712], [0.0, 1256.7485116440403, 451.9541780095127], [0.0, 0.0, 1.0]], [[1254.9860565800168, 0.0, 829.5769333630991], [0.0, 1254.9860565800168, 467.1680561863987], [0.0, 0.0, 1.0]], [[796.8910634503094, 0.0, 857.7774326863696], [0.0, 796.8910634503094, 476.8848988407415], [0.0, 0.0, 1.0]], [[1249.9629280788233, 0.0, 825.3768045375984], [0.0, 1249.9629280788233, 462.54816385708756], [0.0, 0.0, 1.0]]], "extrinsics": [[[0.8209801912307739, -0.5707195401191711, -0.01645803079009056, -0.8907470703125], [-0.0024082812014967203, 0.025363661348819733, -0.9996753931045532, 1.4879264831542969], [0.5709517002105713, 0.820753276348114, 0.01944860816001892, -1.2557373046875], [0.0, 0.0, 0.0, 1.0]], [[0.008019267581403255, -0.9997422695159912, -0.02124040015041828, 0.007568359375], [-0.00044555289787240326, 0.021237509325146675, -0.9997743368148804, 1.4800910949707031], [0.9999677538871765, 0.008026964031159878, -0.0002751283464021981, -1.6212158203125], [0.0, 0.0, 0.0, 1.0]], [[-0.8449650406837463, -0.5346609950065613, -0.013105823658406734, 1.017791748046875], [0.007583022583276033, 0.012525754049420357, -0.9998927712440491, 1.4937162399291992], [0.5347678661346436, -0.8449738025665283, -0.006529477424919605, -1.230224609375], [0.0, 0.0, 0.0, 1.0]], [[0.9477823972702026, 0.3188243508338928, -0.007716525346040726, -1.1465110778808594], [-0.017570044845342636, 0.02804139256477356, -0.9994523525238037, 1.5620689392089844], [-0.31843340396881104, 0.9473989009857178, 0.03217889741063118, -0.1558837890625], [0.0, 0.0, 0.0, 1.0]], [[0.009889938868582249, 0.9997470378875732, 0.02020200900733471, -0.0291748046875], [-0.015533477999269962, 0.02035416103899479, -0.9996721148490906, 1.5675697326660156], [-0.999830424785614, 0.009572927840054035, 0.015730850398540497, 0.0135498046875], [0.0, 0.0, 0.0, 1.0]], [[-0.9232636094093323, 0.38404667377471924, 0.00960744358599186, 1.103271484375], [-0.011436454020440578, -0.0024790666066110134, -0.9999315142631531, 1.547104835510254], [-0.3839965760707855, -0.9233103394508362, 0.006680964957922697, -0.0667724609375], [0.0, 0.0, 0.0, 1.0]]], "view": [[0.0, -2.0, 100.0], [-2.0, 0.0, 100.0], [0.0, 0.0, 1.0]], "bev": "bev_c20752eac01d42e7801a128e5c3bc09c.png", "aux": "aux_c20752eac01d42e7801a128e5c3bc09c.npz", "visibility": "visibility_c20752eac01d42e7801a128e5c3bc09c.png", "pose": [[-0.7354472279548645, -0.6775820255279541, 0.0, 638.11279296875], [0.6775820255279541, -0.7354472279548645, 0.0, 1487.9735107421875], [0.0, 0.0, 1.0, 0.0], [0.0, 0.0, 0.0, 1.0]], "pose_inverse": [[-0.7354472279548645, 0.6775820255279541, 0.0, -538.92578125], [-0.6775820255279541, -0.7354472279548645, 0.0, 1526.69970703125], [0.0, 0.0, 1.0, 0.0], [0.0, 0.0, 0.0, 1.0]], "cam_ids": [0, 1, 2, 3, 4, 5], "cam_channels": ["CAM_FRONT_LEFT", "CAM_FRONT", "CAM_FRONT_RIGHT", "CAM_BACK_LEFT", "CAM_BACK", "CAM_BACK_RIGHT"], "token": "c20752eac01d42e7801a128e5c3bc09c", "scene": "scene-0711"}, {"images": ["samples/CAM_FRONT_LEFT/n008-2018-08-29-16-04-13-0400__CAM_FRONT_LEFT__1535573472904799.jpg", "samples/CAM_FRONT/n008-2018-08-29-16-04-13-0400__CAM_FRONT__1535573472912404.jpg", "samples/CAM_FRONT_RIGHT/n008-2018-08-29-16-04-13-0400__CAM_FRONT_RIGHT__1535573472920482.jpg", "samples/CAM_BACK_LEFT/n008-2018-08-29-16-04-13-0400__CAM_BACK_LEFT__1535573472947405.jpg", "samples/CAM_BACK/n008-2018-08-29-16-04-13-0400__CAM_BACK__1535573472937558.jpg", "samples/CAM_BACK_RIGHT/n008-2018-08-29-16-04-13-0400__CAM_BACK_RIGHT__1535573472928113.jpg"], "intrinsics": [[[1257.8625342125129, 0.0, 827.2410631095686], [0.0, 1257.8625342125129, 450.915498205774], [0.0, 0.0, 1.0]], [[1252.8131021185304, 0.0, 826.588114781398], [0.0, 1252.8131021185304, 469.9846626224581], [0.0, 0.0, 1.0]], [[1256.7485116440405, 0.0, 817.7887570959712], [0.0, 1256.7485116440403, 451.9541780095127], [0.0, 0.0, 1.0]], [[1254.9860565800168, 0.0, 829.5769333630991], [0.0, 1254.9860565800168, 467.1680561863987], [0.0, 0.0, 1.0]], [[796.8910634503094, 0.0, 857.7774326863696], [0.0, 796.8910634503094, 476.8848988407415], [0.0, 0.0, 1.0]], [[1249.9629280788233, 0.0, 825.3768045375984], [0.0, 1249.9629280788233, 462.54816385708756], [0.0, 0.0, 1.0]]], "extrinsics": [[[0.8208015561103821, -0.5711249113082886, -0.010059284046292305, -0.8848876953125], [0.000658496399410069, 0.018556440249085426, -0.9998275637626648, 1.4883689880371094], [0.5712130665779114, 0.8206533789634705, 0.015607237815856934, -1.25103759765625], [0.0, 0.0, 0.0, 1.0]], [[0.0077317156828939915, -0.9998669624328613, -0.014362183399498463, 0.007080078125], [0.0026483701076358557, 0.014383036643266678, -0.999893069267273, 1.4804706573486328], [0.999966561794281, 0.007692861836403608, 0.002759223571047187, -1.615325927734375], [0.0, 0.0, 0.0, 1.0]], [[-0.8450783491134644, -0.5345067977905273, -0.012050806544721127, 1.01373291015625], [0.010704566724598408, 0.005619630683213472, -0.9999268651008606, 1.4940464496612549], [0.5345354676246643, -0.845145583152771, 0.0009726351127028465, -1.2281494140625], [0.0, 0.0, 0.0, 1.0]], [[0.9478432536125183, 0.31865614652633667, -0.0071760136634111404, -1.1446762084960938], [-0.014575405977666378, 0.020842241123318672, -0.999676525592804, 1.5620536804199219], [-0.318403422832489, 0.9476411938667297, 0.02439972013235092, -0.1558837890625], [0.0, 0.0, 0.0, 1.0]], [[0.010007689706981182, 0.9998634457588196, 0.013153147883713245, -0.0286865234375], [-0.012537511065602303, 0.013278240337967873, -0.9998331665992737, 1.5676460266113281], [-0.9998713135719299, 0.00984114408493042, 0.01266868319362402, 0.01153564453125], [0.0, 0.0, 0.0, 1.0]], [[-0.9231975674629211, 0.38430362939834595, 0.004116250667721033, 1.100341796875], [-0.008389956317842007, -0.009444785304367542, -0.9999201893806458, 1.5472679138183594], [-0.38423410058021545, -0.9231584072113037, 0.011943693272769451, -0.0684814453125], [0.0, 0.0, 0.0, 1.0]]], "view": [[0.0, -2.0, 100.0], [-2.0, 0.0, 100.0], [0.0, 0.0, 1.0]], "bev": "bev_223a810dfd8641ffb1109aa6ca07684f.png", "aux": "aux_223a810dfd8641ffb1109aa6ca07684f.npz", "visibility": "visibility_223a810dfd8641ffb1109aa6ca07684f.png", "pose": [[-0.759455144405365, -0.650559663772583, 0.0, 636.8624877929688], [0.650559663772583, -0.759455144405365, 0.0, 1489.091064453125], [0.0, 0.0, 1.0, 0.0], [0.0, 0.0, 0.0, 1.0]], "pose_inverse": [[-0.759455144405365, 0.650559663772583, 0.0, -485.0740661621094], [-0.650559663772583, -0.759455144405365, 0.0, 1545.2149658203125], [0.0, 0.0, 1.0, 0.0], [0.0, 0.0, 0.0, 1.0]], "cam_ids": [0, 1, 2, 3, 4, 5], "cam_channels": ["CAM_FRONT_LEFT", "CAM_FRONT", "CAM_FRONT_RIGHT", "CAM_BACK_LEFT", "CAM_BACK", "CAM_BACK_RIGHT"], "token": "223a810dfd8641ffb1109aa6ca07684f", "scene": "scene-0711"}, {"images": ["samples/CAM_FRONT_LEFT/n008-2018-08-29-16-04-13-0400__CAM_FRONT_LEFT__1535573473404799.jpg", "samples/CAM_FRONT/n008-2018-08-29-16-04-13-0400__CAM_FRONT__1535573473412404.jpg", "samples/CAM_FRONT_RIGHT/n008-2018-08-29-16-04-13-0400__CAM_FRONT_RIGHT__1535573473420482.jpg", "samples/CAM_BACK_LEFT/n008-2018-08-29-16-04-13-0400__CAM_BACK_LEFT__1535573473447405.jpg", "samples/CAM_BACK/n008-2018-08-29-16-04-13-0400__CAM_BACK__1535573473437558.jpg", "samples/CAM_BACK_RIGHT/n008-2018-08-29-16-04-13-0400__CAM_BACK_RIGHT__1535573473429262.jpg"], "intrinsics": [[[1257.8625342125129, 0.0, 827.2410631095686], [0.0, 1257.8625342125129, 450.915498205774], [0.0, 0.0, 1.0]], [[1252.8131021185304, 0.0, 826.588114781398], [0.0, 1252.8131021185304, 469.9846626224581], [0.0, 0.0, 1.0]], [[1256.7485116440405, 0.0, 817.7887570959712], [0.0, 1256.7485116440403, 451.9541780095127], [0.0, 0.0, 1.0]], [[1254.9860565800168, 0.0, 829.5769333630991], [0.0, 1254.9860565800168, 467.1680561863987], [0.0, 0.0, 1.0]], [[796.8910634503094, 0.0, 857.7774326863696], [0.0, 796.8910634503094, 476.8848988407415], [0.0, 0.0, 1.0]], [[1249.9629280788233, 0.0, 825.3768045375984], [0.0, 1249.9629280788233, 462.54816385708756], [0.0, 0.0, 1.0]]], "extrinsics": [[[0.8208890557289124, -0.5710046291351318, -0.009736347012221813, -0.8878173828125], [-0.0003952224215026945, 0.016480756923556328, -0.9998641014099121, 1.4882183074951172], [0.5710875391960144, 0.820781409740448, 0.013303197920322418, -1.25341796875], [0.0, 0.0, 0.0, 1.0]], [[0.007875119335949421, -0.999893307685852, -0.012298657558858395, 0.007568359375], [0.0014036624925211072, 0.012310080230236053, -0.9999232292175293, 1.480316162109375], [0.9999679327011108, 0.007857241667807102, 0.0015004556626081467, -1.618133544921875], [0.0, 0.0, 0.0, 1.0]], [[-0.845016598701477, -0.5346517562866211, -0.009721380658447742, 1.01556396484375], [0.009257515892386436, 0.0035502533428370953, -0.9999508261680603, 1.4938976764678955], [0.5346599221229553, -0.8450650572776794, 0.0019495226442813873, -1.2288818359375], [0.0, 0.0, 0.0, 1.0]], [[0.9478081464767456, 0.318702757358551, -0.009397687390446663, -1.1437835693359375], [-0.016223544254899025, 0.018769878894090652, -0.9996922016143799, 1.5620384216308594], [-0.3184283673763275, 0.9476687908172607, 0.022960735484957695, -0.1566162109375], [0.0, 0.0, 0.0, 1.0]], [[0.00991921965032816, 0.9998887777328491, 0.011139310896396637, -0.029052734375], [-0.014074081555008888, 0.011278358288109303, -0.9998372793197632, 1.5675945281982422], [-0.9998517632484436, 0.009760844521224499, 0.01418438833206892, 0.01141357421875], [0.0, 0.0, 0.0, 1.0]], [[-0.9232699871063232, 0.38412240147590637, 0.004729314707219601, 1.10455322265625], [-0.009868317283689976, -0.011408722028136253, -0.9998862147331238, 1.5472259521484375], [-0.3840247094631195, -0.9232116937637329, 0.014323974028229713, -0.066162109375], [0.0, 0.0, 0.0, 1.0]]], "view": [[0.0, -2.0, 100.0], [-2.0, 0.0, 100.0], [0.0, 0.0, 1.0]], "bev": "bev_e663cdaca2c040cbbbce769ba048ca02.png", "aux": "aux_e663cdaca2c040cbbbce769ba048ca02.npz", "visibility": "visibility_e663cdaca2c040cbbbce769ba048ca02.png", "pose": [[-0.7818222045898438, -0.6235014200210571, 0.0, 635.59521484375], [0.6235014200210571, -0.7818222045898438, 0.0, 1490.1563720703125], [0.0, 0.0, 1.0, 0.0], [0.0, 0.0, 0.0, 1.0]], "pose_inverse": [[-0.7818222045898438, 0.6235014200210571, 0.0, -432.19219970703125], [-0.6235014200210571, -0.7818222045898438, 0.0, 1561.3319091796875], [0.0, 0.0, 1.0, 0.0], [0.0, 0.0, 0.0, 1.0]], "cam_ids": [0, 1, 2, 3, 4, 5], "cam_channels": ["CAM_FRONT_LEFT", "CAM_FRONT", "CAM_FRONT_RIGHT", "CAM_BACK_LEFT", "CAM_BACK", "CAM_BACK_RIGHT"], "token": "e663cdaca2c040cbbbce769ba048ca02", "scene": "scene-0711"}, {"images": ["samples/CAM_FRONT_LEFT/n008-2018-08-29-16-04-13-0400__CAM_FRONT_LEFT__1535573473904799.jpg", "samples/CAM_FRONT/n008-2018-08-29-16-04-13-0400__CAM_FRONT__1535573473912404.jpg", "samples/CAM_FRONT_RIGHT/n008-2018-08-29-16-04-13-0400__CAM_FRONT_RIGHT__1535573473920482.jpg", "samples/CAM_BACK_LEFT/n008-2018-08-29-16-04-13-0400__CAM_BACK_LEFT__1535573473947405.jpg", "samples/CAM_BACK/n008-2018-08-29-16-04-13-0400__CAM_BACK__1535573473937558.jpg", "samples/CAM_BACK_RIGHT/n008-2018-08-29-16-04-13-0400__CAM_BACK_RIGHT__1535573473928113.jpg"], "intrinsics": [[[1257.8625342125129, 0.0, 827.2410631095686], [0.0, 1257.8625342125129, 450.915498205774], [0.0, 0.0, 1.0]], [[1252.8131021185304, 0.0, 826.588114781398], [0.0, 1252.8131021185304, 469.9846626224581], [0.0, 0.0, 1.0]], [[1256.7485116440405, 0.0, 817.7887570959712], [0.0, 1256.7485116440403, 451.9541780095127], [0.0, 0.0, 1.0]], [[1254.9860565800168, 0.0, 829.5769333630991], [0.0, 1254.9860565800168, 467.1680561863987], [0.0, 0.0, 1.0]], [[796.8910634503094, 0.0, 857.7774326863696], [0.0, 796.8910634503094, 476.8848988407415], [0.0, 0.0, 1.0]], [[1249.9629280788233, 0.0, 825.3768045375984], [0.0, 1249.9629280788233, 462.54816385708756], [0.0, 0.0, 1.0]]], "extrinsics": [[[0.8217293620109558, -0.5698099732398987, -0.008795935660600662, -0.8956298828125], [-0.0005782577209174633, 0.014601051807403564, -0.9998932480812073, 1.4882049560546875], [0.5698776245117188, 0.8216467499732971, 0.0116686150431633, -1.25830078125], [0.0, 0.0, 0.0, 1.0]], [[0.009054669179022312, -0.9999050498008728, -0.01038247812539339, 0.0069580078125], [0.0013883274514228106, 0.010395465418696404, -0.9999449849128723, 1.4803123474121094], [0.9999580383300781, 0.009039790369570255, 0.0014823232777416706, -1.624786376953125], [0.0, 0.0, 0.0, 1.0]], [[-0.8445395827293396, -0.5354205965995789, -0.008815288543701172, 1.0185546875], [0.009421298280358315, 0.001602901378646493, -0.999954342842102, 1.4938788414001465], [0.5354102849960327, -0.844584047794342, 0.0036906423047184944, -1.2314453125], [0.0, 0.0, 0.0, 1.0]], [[0.9478320479393005, 0.3186163902282715, -0.009900780394673347, -1.1437835693359375], [-0.016098586842417717, 0.016824813559651375, -0.9997288584709167, 1.5620384216308594], [-0.31836339831352234, 0.9477344155311584, 0.021076371893286705, -0.15625], [0.0, 0.0, 0.0, 1.0]], [[0.009636561386287212, 0.9999121427536011, 0.00910681951791048, -0.0286865234375], [-0.013992832973599434, 0.009241195395588875, -0.9998593330383301, 1.5675983428955078], [-0.999855637550354, 0.009507832117378712, 0.014080656692385674, 0.01123046875], [0.0, 0.0, 0.0, 1.0]], [[-0.923478901386261, 0.3836302161216736, 0.0038126492872834206, 1.1026611328125], [-0.009728660807013512, -0.01348197367042303, -0.9998617768287659, 1.5472068786621094], [-0.3835257291793823, -0.9233883619308472, 0.01618252694606781, -0.0673828125], [0.0, 0.0, 0.0, 1.0]]], "view": [[0.0, -2.0, 100.0], [-2.0, 0.0, 100.0], [0.0, 0.0, 1.0]], "bev": "bev_dac98d2d38864084ae083bfb65a4a34a.png", "aux": "aux_dac98d2d38864084ae083bfb65a4a34a.npz", "visibility": "visibility_dac98d2d38864084ae083bfb65a4a34a.png", "pose": [[-0.7989711165428162, -0.6013693809509277, 0.0, 634.3014526367188], [0.6013693809509277, -0.7989711165428162, 0.0, 1491.1640625], [0.0, 0.0, 1.0, 0.0], [0.0, 0.0, 0.0, 1.0]], "pose_inverse": [[-0.7989711165428162, 0.6013693809509277, 0.0, -389.9518737792969], [-0.6013693809509277, -0.7989711165428162, 0.0, 1572.8465576171875], [0.0, 0.0, 1.0, 0.0], [0.0, 0.0, 0.0, 1.0]], "cam_ids": [0, 1, 2, 3, 4, 5], "cam_channels": ["CAM_FRONT_LEFT", "CAM_FRONT", "CAM_FRONT_RIGHT", "CAM_BACK_LEFT", "CAM_BACK", "CAM_BACK_RIGHT"], "token": "dac98d2d38864084ae083bfb65a4a34a", "scene": "scene-0711"}, {"images": ["samples/CAM_FRONT_LEFT/n008-2018-08-29-16-04-13-0400__CAM_FRONT_LEFT__1535573474504799.jpg", "samples/CAM_FRONT/n008-2018-08-29-16-04-13-0400__CAM_FRONT__1535573474512404.jpg", "samples/CAM_FRONT_RIGHT/n008-2018-08-29-16-04-13-0400__CAM_FRONT_RIGHT__1535573474520482.jpg", "samples/CAM_BACK_LEFT/n008-2018-08-29-16-04-13-0400__CAM_BACK_LEFT__1535573474547405.jpg", "samples/CAM_BACK/n008-2018-08-29-16-04-13-0400__CAM_BACK__1535573474537558.jpg", "samples/CAM_BACK_RIGHT/n008-2018-08-29-16-04-13-0400__CAM_BACK_RIGHT__1535573474528113.jpg"], "intrinsics": [[[1257.8625342125129, 0.0, 827.2410631095686], [0.0, 1257.8625342125129, 450.915498205774], [0.0, 0.0, 1.0]], [[1252.8131021185304, 0.0, 826.588114781398], [0.0, 1252.8131021185304, 469.9846626224581], [0.0, 0.0, 1.0]], [[1256.7485116440405, 0.0, 817.7887570959712], [0.0, 1256.7485116440403, 451.9541780095127], [0.0, 0.0, 1.0]], [[1254.9860565800168, 0.0, 829.5769333630991], [0.0, 1254.9860565800168, 467.1680561863987], [0.0, 0.0, 1.0]], [[796.8910634503094, 0.0, 857.7774326863696], [0.0, 796.8910634503094, 476.8848988407415], [0.0, 0.0, 1.0]], [[1249.9629280788233, 0.0, 825.3768045375984], [0.0, 1249.9629280788233, 462.54816385708756], [0.0, 0.0, 1.0]]], "extrinsics": [[[0.8221704363822937, -0.5691361427307129, -0.010950244963169098, -0.89892578125], [0.0005666899960488081, 0.020054878666996956, -0.9997987151145935, 1.4883480072021484], [0.5692412853240967, 0.8219987154006958, 0.016811050474643707, -1.2608642578125], [0.0, 0.0, 0.0, 1.0]], [[0.009707946330308914, -0.9998257756233215, -0.015942050144076347, 0.0069580078125], [0.0026171724312007427, 0.01596815325319767, -0.9998690485954285, 1.4804325103759766], [0.9999494552612305, 0.009664908051490784, 0.0027717342600226402, -1.62884521484375], [0.0, 0.0, 0.0, 1.0]], [[-0.8442556858062744, -0.5357834696769714, -0.012982158921658993, 1.02191162109375], [0.010740399360656738, 0.007304108701646328, -0.9999156594276428, 1.4939470291137695], [0.5358330607414246, -0.8443238735198975, -0.000412007502745837, -1.2332763671875], [0.0, 0.0, 0.0, 1.0]], [[0.947860836982727, 0.31862199306488037, -0.006314131896942854, -1.1421661376953125], [-0.014237058348953724, 0.02254352532327175, -0.9996445178985596, 1.5620193481445312], [-0.3183664083480835, 0.9476137757301331, 0.025904366746544838, -0.1568603515625], [0.0, 0.0, 0.0, 1.0]], [[0.009425033815205097, 0.9998447299003601, 0.014892763458192348, -0.02880859375], [-0.012313423678278923, 0.015008343383669853, -0.9998114705085754, 1.5676746368408203], [-0.9998798370361328, 0.00923989899456501, 0.01245296560227871, 0.013275146484375], [0.0, 0.0, 0.0, 1.0]], [[-0.9236292243003845, 0.3832588493824005, 0.0046636504121124744, 1.10589599609375], [-0.00825511198490858, -0.007726658601313829, -0.999936044216156, 1.5473275184631348], [-0.38319826126098633, -0.9236086010932922, 0.010300411842763424, -0.0660400390625], [0.0, 0.0, 0.0, 1.0]]], "view": [[0.0, -2.0, 100.0], [-2.0, 0.0, 100.0], [0.0, 0.0, 1.0]], "bev": "bev_0a09a9a0c0774147a9074a5bccdeaf33.png", "aux": "aux_0a09a9a0c0774147a9074a5bccdeaf33.npz", "visibility": "visibility_0a09a9a0c0774147a9074a5bccdeaf33.png", "pose": [[-0.8075330853462219, -0.5898222923278809, 0.0, 632.83349609375], [0.5898222923278809, -0.8075330853462219, 0.0, 1492.25634765625], [0.0, 0.0, 1.0, 0.0], [0.0, 0.0, 0.0, 1.0]], "pose_inverse": [[-0.8075330853462219, 0.5898222923278809, 0.0, -369.13201904296875], [-0.5898222923278809, -0.8075330853462219, 0.0, 1578.3056640625], [0.0, 0.0, 1.0, 0.0], [0.0, 0.0, 0.0, 1.0]], "cam_ids": [0, 1, 2, 3, 4, 5], "cam_channels": ["CAM_FRONT_LEFT", "CAM_FRONT", "CAM_FRONT_RIGHT", "CAM_BACK_LEFT", "CAM_BACK", "CAM_BACK_RIGHT"], "token": "0a09a9a0c0774147a9074a5bccdeaf33", "scene": "scene-0711"}, {"images": ["samples/CAM_FRONT_LEFT/n008-2018-08-29-16-04-13-0400__CAM_FRONT_LEFT__1535573475004799.jpg", "samples/CAM_FRONT/n008-2018-08-29-16-04-13-0400__CAM_FRONT__1535573475012404.jpg", "samples/CAM_FRONT_RIGHT/n008-2018-08-29-16-04-13-0400__CAM_FRONT_RIGHT__1535573475020482.jpg", "samples/CAM_BACK_LEFT/n008-2018-08-29-16-04-13-0400__CAM_BACK_LEFT__1535573475047405.jpg", "samples/CAM_BACK/n008-2018-08-29-16-04-13-0400__CAM_BACK__1535573475037558.jpg", "samples/CAM_BACK_RIGHT/n008-2018-08-29-16-04-13-0400__CAM_BACK_RIGHT__1535573475028113.jpg"], "intrinsics": [[[1257.8625342125129, 0.0, 827.2410631095686], [0.0, 1257.8625342125129, 450.915498205774], [0.0, 0.0, 1.0]], [[1252.8131021185304, 0.0, 826.588114781398], [0.0, 1252.8131021185304, 469.9846626224581], [0.0, 0.0, 1.0]], [[1256.7485116440405, 0.0, 817.7887570959712], [0.0, 1256.7485116440403, 451.9541780095127], [0.0, 0.0, 1.0]], [[1254.9860565800168, 0.0, 829.5769333630991], [0.0, 1254.9860565800168, 467.1680561863987], [0.0, 0.0, 1.0]], [[796.8910634503094, 0.0, 857.7774326863696], [0.0, 796.8910634503094, 476.8848988407415], [0.0, 0.0, 1.0]], [[1249.9629280788233, 0.0, 825.3768045375984], [0.0, 1249.9629280788233, 462.54816385708756], [0.0, 0.0, 1.0]]], "extrinsics": [[[0.822328507900238, -0.5688804388046265, -0.012282238341867924, -0.8988037109375], [0.00012703276297543198, 0.021768702194094658, -0.999763011932373, 1.4883041381835938], [0.5690130591392517, 0.8221321105957031, 0.017973290756344795, -1.26025390625], [0.0, 0.0, 0.0, 1.0]], [[0.009916610084474087, -0.9997936487197876, -0.01772741600871086, 0.0069580078125], [0.0019560526125133038, 0.017747649922966957, -0.9998406171798706, 1.480367660522461], [0.9999489188194275, 0.009880316443741322, 0.0021316458005458117, -1.62823486328125], [0.0, 0.0, 0.0, 1.0]], [[-0.8441780209541321, -0.5358999967575073, -0.01321688387542963, 1.02099609375], [0.009843914769589901, 0.009154082275927067, -0.9999096393585205, 1.4938840866088867], [0.5359725952148438, -0.844231903553009, -0.002452321583405137, -1.233154296875], [0.0, 0.0, 0.0, 1.0]], [[0.9478350281715393, 0.31868159770965576, -0.007134188897907734, -1.1410675048828125], [-0.01581331342458725, 0.024655595421791077, -0.9995709657669067, 1.5619964599609375], [-0.31836894154548645, 0.9475410580635071, 0.028408849611878395, -0.1572265625], [0.0, 0.0, 0.0, 1.0]], [[0.009371727705001831, 0.9998135566711426, 0.016887448728084564, -0.028564453125], [-0.013638153672218323, 0.01701441965