[{"images": ["samples/CAM_FRONT_LEFT/n008-2018-09-18-14-54-39-0400__CAM_FRONT_LEFT__1537297613854799.jpg", "samples/CAM_FRONT/n008-2018-09-18-14-54-39-0400__CAM_FRONT__1537297613862404.jpg", "samples/CAM_FRONT_RIGHT/n008-2018-09-18-14-54-39-0400__CAM_FRONT_RIGHT__1537297613870482.jpg", "samples/CAM_BACK_LEFT/n008-2018-09-18-14-54-39-0400__CAM_BACK_LEFT__1537297613897405.jpg", "samples/CAM_BACK/n008-2018-09-18-14-54-39-0400__CAM_BACK__1537297613887558.jpg", "samples/CAM_BACK_RIGHT/n008-2018-09-18-14-54-39-0400__CAM_BACK_RIGHT__1537297613878113.jpg"], "intrinsics": [[[1257.8625342125129, 0.0, 827.2410631095686], [0.0, 1257.8625342125129, 450.915498205774], [0.0, 0.0, 1.0]], [[1252.8131021185304, 0.0, 826.588114781398], [0.0, 1252.8131021185304, 469.9846626224581], [0.0, 0.0, 1.0]], [[1256.7485116440405, 0.0, 817.7887570959712], [0.0, 1256.7485116440403, 451.9541780095127], [0.0, 0.0, 1.0]], [[1254.9860565800168, 0.0, 829.5769333630991], [0.0, 1254.9860565800168, 467.1680561863987], [0.0, 0.0, 1.0]], [[796.8910634503094, 0.0, 857.7774326863696], [0.0, 796.8910634503094, 476.8848988407415], [0.0, 0.0, 1.0]], [[1249.9629280788233, 0.0, 825.3768045375984], [0.0, 1249.9629280788233, 462.54816385708756], [0.0, 0.0, 1.0]]], "extrinsics": [[[0.8225437998771667, -0.5686910152435303, -0.0035070369485765696, -0.75244140625], [0.0012049362994730473, 0.007909458130598068, -0.9999679923057556, 1.4886579513549805], [0.5687005519866943, 0.8225131630897522, 0.007191111333668232, -1.1600341796875], [0.0, 0.0, 0.0, 1.0]], [[0.010159102268517017, -0.9999415278434753, -0.003725228598341346, 0.0087890625], [0.003181224688887596, 0.003757722908630967, -0.9999879002571106, 1.4809703826904297], [0.9999433159828186, 0.010147119872272015, 0.003219213802367449, -1.48004150390625], [0.0, 0.0, 0.0, 1.0]], [[-0.8440672159194946, -0.5361942648887634, -0.006807955913245678, 0.92254638671875], [0.011225699447095394, -0.004975439980626106, -0.9999246001243591, 1.4953136444091797], [0.5361199975013733, -0.8440799713134766, 0.010218760930001736, -1.170166015625], [0.0, 0.0, 0.0, 1.0]], [[0.9478515982627869, 0.31855112314224243, -0.010128392837941647, -1.1287841796875], [-0.014058975502848625, 0.010042156092822552, -0.9998507499694824, 1.5618209838867188], [-0.31840193271636963, 0.9478524923324585, 0.013996978290379047, -0.1612548828125], [0.0, 0.0, 0.0, 1.0]], [[0.009282833896577358, 0.9999539256095886, 0.002467738464474678, -0.0283203125], [-0.011947281658649445, 0.0025785788893699646, -0.9999253153800964, 1.567068099975586], [-0.9998855590820312, 0.009252654388546944, 0.01197066716849804, -0.0386962890625], [0.0, 0.0, 0.0, 1.0]], [[-0.9237254858016968, 0.3830549120903015, -0.00047906459076330066, 1.02435302734375], [-0.007807208690792322, -0.02007720060646534, -0.9997679591178894, 1.5466690063476562], [-0.38297560811042786, -0.9235073924064636, 0.021536411717534065, -0.099853515625], [0.0, 0.0, 0.0, 1.0]]], "view": [[0.0, -2.0, 100.0], [-2.0, 0.0, 100.0], [0.0, 0.0, 1.0]], "bev": "bev_559b34089780446a9b16fd439e3d409a.png", "aux": "aux_559b34089780446a9b16fd439e3d409a.npz", "visibility": "visibility_559b34089780446a9b16fd439e3d409a.png", "pose": [[-0.8509151935577393, -0.5253031253814697, 0.0, 873.2696533203125], [0.5253031253814697, -0.8509151935577393, 0.0, 1867.560302734375], [0.0, 0.0, 1.0, 0.0], [0.0, 0.0, 0.0, 1.0]], "pose_inverse": [[-0.8509151935577393, 0.5253031253814697, 0.0, -237.9568328857422], [-0.5253031253814697, -0.8509151935577393, 0.0, 2047.86669921875], [0.0, 0.0, 1.0, 0.0], [0.0, 0.0, 0.0, 1.0]], "cam_ids": [0, 1, 2, 3, 4, 5], "cam_channels": ["CAM_FRONT_LEFT", "CAM_FRONT", "CAM_FRONT_RIGHT", "CAM_BACK_LEFT", "CAM_BACK", "CAM_BACK_RIGHT"], "token": "559b34089780446a9b16fd439e3d409a", "scene": "scene-0894"}, {"images": ["samples/CAM_FRONT_LEFT/n008-2018-09-18-14-54-39-0400__CAM_FRONT_LEFT__1537297614354799.jpg", "samples/CAM_FRONT/n008-2018-09-18-14-54-39-0400__CAM_FRONT__1537297614362404.jpg", "samples/CAM_FRONT_RIGHT/n008-2018-09-18-14-54-39-0400__CAM_FRONT_RIGHT__1537297614370482.jpg", "samples/CAM_BACK_LEFT/n008-2018-09-18-14-54-39-0400__CAM_BACK_LEFT__1537297614397405.jpg", "samples/CAM_BACK/n008-2018-09-18-14-54-39-0400__CAM_BACK__1537297614387558.jpg", "samples/CAM_BACK_RIGHT/n008-2018-09-18-14-54-39-0400__CAM_BACK_RIGHT__1537297614378113.jpg"], "intrinsics": [[[1257.8625342125129, 0.0, 827.2410631095686], [0.0, 1257.8625342125129, 450.915498205774], [0.0, 0.0, 1.0]], [[1252.8131021185304, 0.0, 826.588114781398], [0.0, 1252.8131021185304, 469.9846626224581], [0.0, 0.0, 1.0]], [[1256.7485116440405, 0.0, 817.7887570959712], [0.0, 1256.7485116440403, 451.9541780095127], [0.0, 0.0, 1.0]], [[1254.9860565800168, 0.0, 829.5769333630991], [0.0, 1254.9860565800168, 467.1680561863987], [0.0, 0.0, 1.0]], [[796.8910634503094, 0.0, 857.7774326863696], [0.0, 796.8910634503094, 476.8848988407415], [0.0, 0.0, 1.0]], [[1249.9629280788233, 0.0, 825.3768045375984], [0.0, 1249.9629280788233, 462.54816385708756], [0.0, 0.0, 1.0]]], "extrinsics": [[[0.8225070238113403, -0.5687496066093445, -0.0024951868690550327, -0.7569580078125], [0.0015741365496069193, 0.0066635096445679665, -0.9999765157699585, 1.4887542724609375], [0.5687528252601624, 0.8224838376045227, 0.006376071833074093, -1.164306640625], [0.0, 0.0, 0.0, 1.0]], [[0.010154124349355698, -0.9999452829360962, -0.0025391150265932083, 0.010009765625], [0.0035805872175842524, 0.0025755891110748053, -0.9999902844429016, 1.481058120727539], [0.9999420642852783, 0.010144975036382675, 0.003606542944908142, -1.4838409423828125], [0.0, 0.0, 0.0, 1.0]], [[-0.8440663814544678, -0.536198616027832, -0.006560467183589935, 0.925537109375], [0.01161479577422142, -0.006049538962543011, -0.9999142289161682, 1.4953632354736328], [0.536112904548645, -0.8440702557563782, 0.011334049515426159, -1.1710205078125], [0.0, 0.0, 0.0, 1.0]], [[0.9478534460067749, 0.3185458779335022, -0.010121574625372887, -1.130126953125], [-0.01388197299093008, 0.00953688845038414, -0.9998581409454346, 1.5618419647216797], [-0.3184041380882263, 0.9478594660758972, 0.01346161775290966, -0.16064453125], [0.0, 0.0, 0.0, 1.0]], [[0.009283715859055519, 0.999955415725708, 0.0017189224017784, -0.0284423828125], [-0.011720521375536919, 0.0018276919145137072, -0.9999296069145203, 1.5671095848083496], [-0.9998883008956909, 0.009262836538255215, 0.011736966669559479, -0.03680419921875], [0.0, 0.0, 0.0, 1.0]], [[-0.9237242937088013, 0.3830563426017761, -0.0011470922036096454, 1.0263671875], [-0.007476003374904394, -0.021021904423832893, -0.9997510313987732, 1.5467491149902344], [-0.38298505544662476, -0.9234858155250549, 0.022282171994447708, -0.098388671875], [0.0, 0.0, 0.0, 1.0]]], "view": [[0.0, -2.0, 100.0], [-2.0, 0.0, 100.0], [0.0, 0.0, 1.0]], "bev": "bev_32f74b8958ea4d79b3c69f6ae603f9ac.png", "aux": "aux_32f74b8958ea4d79b3c69f6ae603f9ac.npz", "visibility": "visibility_32f74b8958ea4d79b3c69f6ae603f9ac.png", "pose": [[-0.8499426245689392, -0.5268753170967102, 0.0, 870.4087524414062], [0.5268753170967102, -0.8499426245689392, 0.0, 1869.35888671875], [0.0, 0.0, 1.0, 0.0], [0.0, 0.0, 0.0, 1.0]], "pose_inverse": [[-0.8499426245689392, 0.5268753170967102, 0.0, -245.12152099609375], [-0.5268753170967102, -0.8499426245689392, 0.0, 2047.444580078125], [0.0, 0.0, 1.0, 0.0], [0.0, 0.0, 0.0, 1.0]], "cam_ids": [0, 1, 2, 3, 4, 5], "cam_channels": ["CAM_FRONT_LEFT", "CAM_FRONT", "CAM_FRONT_RIGHT", "CAM_BACK_LEFT", "CAM_BACK", "CAM_BACK_RIGHT"], "token": "32f74b8958ea4d79b3c69f6ae603f9ac", "scene": "scene-0894"}, {"images": ["samples/CAM_FRONT_LEFT/n008-2018-09-18-14-54-39-0400__CAM_FRONT_LEFT__1537297614854799.jpg", "samples/CAM_FRONT/n008-2018-09-18-14-54-39-0400__CAM_FRONT__1537297614862404.jpg", "samples/CAM_FRONT_RIGHT/n008-2018-09-18-14-54-39-0400__CAM_FRONT_RIGHT__1537297614870482.jpg", "samples/CAM_BACK_LEFT/n008-2018-09-18-14-54-39-0400__CAM_BACK_LEFT__1537297614897405.jpg", "samples/CAM_BACK/n008-2018-09-18-14-54-39-0400__CAM_BACK__1537297614887558.jpg", "samples/CAM_BACK_RIGHT/n008-2018-09-18-14-54-39-0400__CAM_BACK_RIGHT__1537297614878113.jpg"], "intrinsics": [[[1257.8625342125129, 0.0, 827.2410631095686], [0.0, 1257.8625342125129, 450.915498205774], [0.0, 0.0, 1.0]], [[1252.8131021185304, 0.0, 826.588114781398], [0.0, 1252.8131021185304, 469.9846626224581], [0.0, 0.0, 1.0]], [[1256.7485116440405, 0.0, 817.7887570959712], [0.0, 1256.7485116440403, 451.9541780095127], [0.0, 0.0, 1.0]], [[1254.9860565800168, 0.0, 829.5769333630991], [0.0, 1254.9860565800168, 467.1680561863987], [0.0, 0.0, 1.0]], [[796.8910634503094, 0.0, 857.7774326863696], [0.0, 796.8910634503094, 476.8848988407415], [0.0, 0.0, 1.0]], [[1249.9629280788233, 0.0, 825.3768045375984], [0.0, 1249.9629280788233, 462.54816385708756], [0.0, 0.0, 1.0]]], "extrinsics": [[[0.8226869106292725, -0.5684940814971924, -0.0008146280888468027, -0.7567138671875], [0.0035925612319260836, 0.0066318330354988575, -0.9999715685844421, 1.4893522262573242], [0.5684833526611328, 0.8226606249809265, 0.007498270366340876, -1.165283203125], [0.0, 0.0, 0.0, 1.0]], [[0.01042869221419096, -0.9999434351921082, -0.002073446521535516, 0.01025390625], [0.0057484484277665615, 0.0021334770135581493, -0.999981164932251, 1.4815921783447266], [0.9999291300773621, 0.010416625998914242, 0.0057703726924955845, -1.4860382080078125], [0.0, 0.0, 0.0, 1.0]], [[-0.8439356684684753, -0.5363845229148865, -0.008019364438951015, 0.927490234375], [0.013936541974544525, -0.006978491321206093, -0.9998785257339478, 1.495798110961914], [0.5362633466720581, -0.8439449071884155, 0.013364741578698158, -1.1717529296875], [0.0, 0.0, 0.0, 1.0]], [[0.947839081287384, 0.31864050030708313, -0.008317627012729645, -1.129974365234375], [-0.011100438423454762, 0.0069184978492558, -0.9999144673347473, 1.5618782043457031], [-0.3185557425022125, 0.9478503465652466, 0.010094674304127693, -0.161376953125], [0.0, 0.0, 0.0, 1.0]], [[0.009155909530818462, 0.9999580383300781, -0.0003138964530080557, -0.029052734375], [-0.008982949890196323, -0.0002316460886504501, -0.9999595880508423, 1.5673401355743408], [-0.9999178051948547, 0.009158343076705933, 0.008980452083051205, -0.0360107421875], [0.0, 0.0, 0.0, 1.0]], [[-0.9237785339355469, 0.3829064667224884, -0.00397309148684144, 1.02764892578125], [-0.005005514249205589, -0.022449417039752007, -0.9997354745864868, 1.5471267700195312], [-0.3828943073749542, -0.9235143661499023, 0.022654935717582703, -0.09716796875], [0.0, 0.0, 0.0, 1.0]]], "view": [[0.0, -2.0, 100.0], [-2.0, 0.0, 100.0], [0.0, 0.0, 1.0]], "bev": "bev_234bb362c9974279974052447733f80e.png", "aux": "aux_234bb362c9974279974052447733f80e.npz", "visibility": "visibility_234bb362c9974279974052447733f80e.png", "pose": [[-0.8489964008331299, -0.5283986330032349, 0.0, 867.589599609375], [0.5283986330032349, -0.8489964008331299, 0.0, 1871.143798828125], [0.0, 0.0, 1.0, 0.0], [0.0, 0.0, 0.0, 1.0]], "pose_inverse": [[-0.8489964008331299, 0.5283986330032349, 0.0, -252.12942504882812], [-0.5283986330032349, -0.8489964008331299, 0.0, 2047.0274658203125], [0.0, 0.0, 1.0, 0.0], [0.0, 0.0, 0.0, 1.0]], "cam_ids": [0, 1, 2, 3, 4, 5], "cam_channels": ["CAM_FRONT_LEFT", "CAM_FRONT", "CAM_FRONT_RIGHT", "CAM_BACK_LEFT", "CAM_BACK", "CAM_BACK_RIGHT"], "token": "234bb362c9974279974052447733f80e", "scene": "scene-0894"}, {"images": ["samples/CAM_FRONT_LEFT/n008-2018-09-18-14-54-39-0400__CAM_FRONT_LEFT__1537297615354799.jpg", "samples/CAM_FRONT/n008-2018-09-18-14-54-39-0400__CAM_FRONT__1537297615362404.jpg", "samples/CAM_FRONT_RIGHT/n008-2018-09-18-14-54-39-0400__CAM_FRONT_RIGHT__1537297615370482.jpg", "samples/CAM_BACK_LEFT/n008-2018-09-18-14-54-39-0400__CAM_BACK_LEFT__1537297615397508.jpg", "samples/CAM_BACK/n008-2018-09-18-14-54-39-0400__CAM_BACK__1537297615387558.jpg", "samples/CAM_BACK_RIGHT/n008-2018-09-18-14-54-39-0400__CAM_BACK_RIGHT__1537297615378113.jpg"], "intrinsics": [[[1257.8625342125129, 0.0, 827.2410631095686], [0.0, 1257.8625342125129, 450.915498205774], [0.0, 0.0, 1.0]], [[1252.8131021185304, 0.0, 826.588114781398], [0.0, 1252.8131021185304, 469.9846626224581], [0.0, 0.0, 1.0]], [[1256.7485116440405, 0.0, 817.7887570959712], [0.0, 1256.7485116440403, 451.9541780095127], [0.0, 0.0, 1.0]], [[1254.9860565800168, 0.0, 829.5769333630991], [0.0, 1254.9860565800168, 467.1680561863987], [0.0, 0.0, 1.0]], [[796.8910634503094, 0.0, 857.7774326863696], [0.0, 796.8910634503094, 476.8848988407415], [0.0, 0.0, 1.0]], [[1249.9629280788233, 0.0, 825.3768045375984], [0.0, 1249.9629280788233, 462.54816385708756], [0.0, 0.0, 1.0]]], "extrinsics": [[[0.8222652673721313, -0.5690951347351074, -0.003258524229750037, -0.772705078125], [0.000595735153183341, 0.006586431059986353, -0.9999781250953674, 1.4884395599365234], [0.5691041350364685, 0.8222452998161316, 0.00575482239946723, -1.1766357421875], [0.0, 0.0, 0.0, 1.0]], [[0.009846088476479053, -0.9999477863311768, -0.0027156569994986057, 0.010498046875], [0.0028236936777830124, 0.002743582474067807, -0.9999922513961792, 1.4808144569396973], [0.9999475479125977, 0.009838354773819447, 0.002850560238584876, -1.5020599365234375], [0.0, 0.0, 0.0, 1.0]], [[-0.8441966772079468, -0.5359968543052673, -0.006258710287511349, 0.9383544921875], [0.011140730232000351, -0.005870844703167677, -0.9999207258224487, 1.4951105117797852], [0.5359176397323608, -0.844199538230896, 0.010927545838057995, -1.1783447265625], [0.0, 0.0, 0.0, 1.0]], [[0.9478467702865601, 0.3185819685459137, -0.00959588959813118, -1.132904052734375], [-0.013276820071041584, 0.009384619072079659, -0.999867856502533, 1.5618858337402344], [-0.3184497654438019, 0.9478488564491272, 0.013124936260282993, -0.1600341796875], [0.0, 0.0, 0.0, 1.0]], [[0.009361225180327892, 0.9999549388885498, 0.0015844781883060932, -0.029052734375], [-0.011465349234640598, 0.00169177760835737, -0.9999327659606934, 1.5672078132629395], [-0.9998905062675476, 0.009342372417449951, 0.011480670422315598, -0.02996826171875], [0.0, 0.0, 0.0, 1.0]], [[-0.9236578345298767, 0.3832167685031891, -0.0009958449518308043, 1.03656005859375], [-0.007631131913512945, -0.020991126075387, -0.9997504949569702, 1.5468254089355469], [-0.3831420838832855, -0.9234198331832886, 0.02231299690902233, -0.0936279296875], [0.0, 0.0, 0.0, 1.0]]], "view": [[0.0, -2.0, 100.0], [-2.0, 0.0, 100.0], [0.0, 0.0, 1.0]], "bev": "bev_6c04bc0574694cfba42504c69ad98d5a.png", "aux": "aux_6c04bc0574694cfba42504c69ad98d5a.npz", "visibility": "visibility_6c04bc0574694cfba42504c69ad98d5a.png", "pose": [[-0.8502780795097351, -0.5263336896896362, 0.0, 864.881103515625], [0.5263336896896362, -0.8502780795097351, 0.0, 1872.856201171875], [0.0, 0.0, 1.0, 0.0], [0.0, 0.0, 0.0, 1.0]], "pose_inverse": [[-0.8502780795097351, 0.5263336896896362, 0.0, -250.35791015625], [-0.5263336896896362, -0.8502780795097351, 0.0, 2047.6646728515625], [0.0, 0.0, 1.0, 0.0], [0.0, 0.0, 0.0, 1.0]], "cam_ids": [0, 1, 2, 3, 4, 5], "cam_channels": ["CAM_FRONT_LEFT", "CAM_FRONT", "CAM_FRONT_RIGHT", "CAM_BACK_LEFT", "CAM_BACK", "CAM_BACK_RIGHT"], "token": "6c04bc0574694cfba42504c69ad98d5a", "scene": "scene-0894"}, {"images": ["samples/CAM_FRONT_LEFT/n008-2018-09-18-14-54-39-0400__CAM_FRONT_LEFT__1537297615854799.jpg", "samples/CAM_FRONT/n008-2018-09-18-14-54-39-0400__CAM_FRONT__1537297615862404.jpg", "samples/CAM_FRONT_RIGHT/n008-2018-09-18-14-54-39-0400__CAM_FRONT_RIGHT__1537297615870482.jpg", "samples/CAM_BACK_LEFT/n008-2018-09-18-14-54-39-0400__CAM_BACK_LEFT__1537297615897405.jpg", "samples/CAM_BACK/n008-2018-09-18-14-54-39-0400__CAM_BACK__1537297615887558.jpg", "samples/CAM_BACK_RIGHT/n008-2018-09-18-14-54-39-0400__CAM_BACK_RIGHT__1537297615878113.jpg"], "intrinsics": [[[1257.8625342125129, 0.0, 827.2410631095686], [0.0, 1257.8625342125129, 450.915498205774], [0.0, 0.0, 1.0]], [[1252.8131021185304, 0.0, 826.588114781398], [0.0, 1252.8131021185304, 469.9846626224581], [0.0, 0.0, 1.0]], [[1256.7485116440405, 0.0, 817.7887570959712], [0.0, 1256.7485116440403, 451.9541780095127], [0.0, 0.0, 1.0]], [[1254.9860565800168, 0.0, 829.5769333630991], [0.0, 1254.9860565800168, 467.1680561863987], [0.0, 0.0, 1.0]], [[796.8910634503094, 0.0, 857.7774326863696], [0.0, 796.8910634503094, 476.8848988407415], [0.0, 0.0, 1.0]], [[1249.9629280788233, 0.0, 825.3768045375984], [0.0, 1249.9629280788233, 462.54816385708756], [0.0, 0.0, 1.0]]], "extrinsics": [[[0.8221579790115356, -0.5692588090896606, -0.0008957775426097214, -0.7799072265625], [-6.341456901282072e-05, 0.0014819975476711988, -0.9999988675117493, 1.4882750511169434], [0.569259524345398, 0.822157084941864, 0.0011823358945548534, -1.1798095703125], [0.0, 0.0, 0.0, 1.0]], [[0.009623169898986816, -0.9999502301216125, 0.0026411914732307196, 0.0087890625], [0.0019205848220735788, -0.0026228262577205896, -0.999994695186615, 1.4806032180786133], [0.9999517798423767, 0.009628202766180038, 0.001895248075015843, -1.509063720703125], [0.0, 0.0, 0.0, 1.0]], [[-0.8443006873130798, -0.5358646512031555, -0.002340883482247591, 0.9425048828125], [0.009941518306732178, -0.011295785196125507, -0.9998867511749268, 1.4948406219482422], [0.5357775092124939, -0.8442283868789673, 0.014864346012473106, -1.18212890625], [0.0, 0.0, 0.0, 1.0]], [[0.947847843170166, 0.31844639778137207, -0.013278822414577007, -1.13323974609375], [-0.015339858829975128, 0.003965179435908794, -0.999874472618103, 1.5618715286254883], [-0.3183537721633911, 0.9479326009750366, 0.008643309585750103, -0.1597900390625], [0.0, 0.0, 0.0, 1.0]], [[0.00946643017232418, 0.9999483227729797, -0.0037091164849698544, -0.0284423828125], [-0.013244066387414932, -0.003583576763048768, -0.9999058246612549, 1.5671162605285645], [-0.9998674988746643, 0.009514767676591873, 0.013209457509219646, -0.027374267578125], [0.0, 0.0, 0.0, 1.0]], [[-0.9236043095588684, 0.38334351778030396, -0.001664719544351101, 1.04071044921875], [-0.00912389438599348, -0.02632349543273449, -0.9996118545532227, 1.5466537475585938], [-0.3832384943962097, -0.9232306480407715, 0.027810079976916313, -0.0926513671875], [0.0, 0.0, 0.0, 1.0]]], "view": [[0.0, -2.0, 100.0], [-2.0, 0.0, 100.0], [0.0, 0.0, 1.0]], "bev": "bev_468daa4c03414f99b3dee7a278d88a04.png", "aux": "aux_468daa4c03414f99b3dee7a278d88a04.npz", "visibility": "visibility_468daa4c03414f99b3dee7a278d88a04.png", "pose": [[-0.8519883155822754, -0.5235608220100403, 0.0, 862.2450561523438], [0.5235608220100403, -0.8519883155822754, 0.0, 1874.5142822265625], [0.0, 0.0, 1.0, 0.0], [0.0, 0.0, 0.0, 1.0]], "pose_inverse": [[-0.8519883155822754, 0.5235608220100403, 0.0, -246.79949951171875], [-0.5235608220100403, -0.8519883155822754, 0.0, 2048.501953125], [0.0, 0.0, 1.0, 0.0], [0.0, 0.0, 0.0, 1.0]], "cam_ids": [0, 1, 2, 3, 4, 5], "cam_channels": ["CAM_FRONT_LEFT", "CAM_FRONT", "CAM_FRONT_RIGHT", "CAM_BACK_LEFT", "CAM_BACK", "CAM_BACK_RIGHT"], "token": "468daa4c03414f99b3dee7a278d88a04", "scene": "scene-0894"}, {"images": ["samples/CAM_FRONT_LEFT/n008-2018-09-18-14-54-39-0400__CAM_FRONT_LEFT__1537297616404799.jpg", "samples/CAM_FRONT/n008-2018-09-18-14-54-39-0400__CAM_FRONT__1537297616412404.jpg", "samples/CAM_FRONT_RIGHT/n008-2018-09-18-14-54-39-0400__CAM_FRONT_RIGHT__1537297616420482.jpg", "samples/CAM_BACK_LEFT/n008-2018-09-18-14-54-39-0400__CAM_BACK_LEFT__1537297616447405.jpg", "samples/CAM_BACK/n008-2018-09-18-14-54-39-0400__CAM_BACK__1537297616437569.jpg", "samples/CAM_BACK_RIGHT/n008-2018-09-18-14-54-39-0400__CAM_BACK_RIGHT__1537297616428113.jpg"], "intrinsics": [[[1257.8625342125129, 0.0, 827.2410631095686], [0.0, 1257.8625342125129, 450.915498205774], [0.0, 0.0, 1.0]], [[1252.8131021185304, 0.0, 826.588114781398], [0.0, 1252.8131021185304, 469.9846626224581], [0.0, 0.0, 1.0]], [[1256.7485116440405, 0.0, 817.7887570959712], [0.0, 1256.7485116440403, 451.9541780095127], [0.0, 0.0, 1.0]], [[1254.9860565800168, 0.0, 829.5769333630991], [0.0, 1254.9860565800168, 467.1680561863987], [0.0, 0.0, 1.0]], [[796.8910634503094, 0.0, 857.7774326863696], [0.0, 796.8910634503094, 476.8848988407415], [0.0, 0.0, 1.0]], [[1249.9629280788233, 0.0, 825.3768045375984], [0.0, 1249.9629280788233, 462.54816385708756], [0.0, 0.0, 1.0]]], "extrinsics": [[[0.8220366835594177, -0.5694078803062439, 0.005503530148416758, -0.7962646484375], [-0.0002089366753352806, -0.009966506622731686, -0.9999502897262573, 1.4882583618164062], [0.5694344639778137, 0.8219946622848511, -0.008311805315315723, -1.1903076171875], [0.0, 0.0, 0.0, 1.0]], [[0.009465775452554226, -0.9998498558998108, 0.014512875117361546, 0.00830078125], [0.001561979646794498, -0.014498724602162838, -0.9998936653137207, 1.4805107116699219], [0.9999539852142334, 0.00948741938918829, 0.0014245026977732778, -1.5250244140625], [0.0, 0.0, 0.0, 1.0]], [[-0.8443911075592041, -0.5357062220573425, 0.0047351522371172905, 0.95318603515625], [0.009387824684381485, -0.023633504286408424, -0.9996765851974487, 1.4946174621582031], [0.5356449484825134, -0.8440735936164856, 0.024985039606690407, -1.1895751953125], [0.0, 0.0, 0.0, 1.0]], [[0.9479057788848877, 0.31797662377357483, -0.01911883056163788, -1.136505126953125], [-0.016821088269352913, -0.009970441460609436, -0.9998087882995605, 1.5619096755981445], [-0.31810644268989563, 0.948046088218689, -0.004102327395230532, -0.15869140625], [0.0, 0.0, 0.0, 1.0]], [[0.009637258015573025, 0.9998085498809814, -0.017029834911227226, -0.028564453125], [-0.01438974030315876, -0.01689019799232483, -0.9997537732124329, 1.5671253204345703], [-0.9998500347137451, 0.00987988617271185, 0.014224210754036903, -0.02093505859375], [0.0, 0.0, 0.0, 1.0]], [[-0.9235402345657349, 0.3834565281867981, -0.005869302432984114, 1.04998779296875], [-0.009876234456896782, -0.03908040001988411, -0.9991872906684875, 1.546661376953125], [-0.38337424397468567, -0.9227316975593567, 0.03987943008542061, -0.0889892578125], [0.0, 0.0, 0.0, 1.0]]], "view": [[0.0, -2.0, 100.0], [-2.0, 0.0, 100.0], [0.0, 0.0, 1.0]], "bev": "bev_dd86622b954245d6a8486fefc12503c5.png", "aux": "aux_dd86622b954245d6a8486fefc12503c5.npz", "visibility": "visibility_dd86622b954245d6a8486fefc12503c5.png", "pose": [[-0.8546985387802124, -0.5191246271133423, 0.0, 859.4661865234375], [0.5191246271133423, -0.8546985387802124, 0.0, 1876.2293701171875], [0.0, 0.0, 1.0, 0.0], [0.0, 0.0, 0.0, 1.0]], "pose_inverse": [[-0.8546985387802124, 0.5191246271133423, 0.0, -239.4123992919922], [-0.5191246271133423, -0.8546985387802124, 0.0, 2049.780517578125], [0.0, 0.0, 1.0, 0.0], [0.0, 0.0, 0.0, 1.0]], "cam_ids": [0, 1, 2, 3, 4, 5], "cam_channels": ["CAM_FRONT_LEFT", "CAM_FRONT", "CAM_FRONT_RIGHT", "CAM_BACK_LEFT", "CAM_BACK", "CAM_BACK_RIGHT"], "token": "dd86622b954245d6a8486fefc12503c5", "scene": "scene-0894"}, {"images": ["samples/CAM_FRONT_LEFT/n008-2018-09-18-14-54-39-0400__CAM_FRONT_LEFT__1537297616904799.jpg", "samples/CAM_FRONT/n008-2018-09-18-14-54-39-0400__CAM_FRONT__1537297616912404.jpg", "samples/CAM_FRONT_RIGHT/n008-2018-09-18-14-54-39-0400__CAM_FRONT_RIGHT__1537297616920482.jpg", "samples/CAM_BACK_LEFT/n008-2018-09-18-14-54-39-0400__CAM_BACK_LEFT__1537297616947405.jpg", "samples/CAM_BACK/n008-2018-09-18-14-54-39-0400__CAM_BACK__1537297616937574.jpg", "samples/CAM_BACK_RIGHT/n008-2018-09-18-14-54-39-0400__CAM_BACK_RIGHT__1537297616928113.jpg"], "intrinsics": [[[1257.8625342125129, 0.0, 827.2410631095686], [0.0, 1257.8625342125129, 450.915498205774], [0.0, 0.0, 1.0]], [[1252.8131021185304, 0.0, 826.588114781398], [0.0, 1252.8131021185304, 469.9846626224581], [0.0, 0.0, 1.0]], [[1256.7485116440405, 0.0, 817.7887570959712], [0.0, 1256.7485116440403, 451.9541780095127], [0.0, 0.0, 1.0]], [[1254.9860565800168, 0.0, 829.5769333630991], [0.0, 1254.9860565800168, 467.1680561863987], [0.0, 0.0, 1.0]], [[796.8910634503094, 0.0, 857.7774326863696], [0.0, 796.8910634503094, 476.8848988407415], [0.0, 0.0, 1.0]], [[1249.9629280788233, 0.0, 825.3768045375984], [0.0, 1249.9629280788233, 462.54816385708756], [0.0, 0.0, 1.0]]], "extrinsics": [[[0.8226057291030884, -0.5682966709136963, 0.018939007073640823, -0.80712890625], [0.02050042524933815, -0.0036444584839046, -0.9997832179069519, 1.493208885192871], [0.5682425498962402, 0.8228157162666321, 0.008652369491755962, -1.1982421875], [0.0, 0.0, 0.0, 1.0]], [[0.01052643358707428, -0.9999061226844788, 0.008763959631323814, 0.008544921875], [0.022440779954195023, -0.008526011370122433, -0.999711811542511, 1.4846153259277344], [0.9996927976608276, 0.010720067657530308, 0.022348927333950996, -1.5368804931640625], [0.0, 0.0, 0.0, 1.0]], [[-0.8436539173126221, -0.5366482734680176, -0.016019102185964584, 0.96142578125], [0.030437909066677094, -0.01801922358572483, -0.9993742108345032, 1.4977645874023438], [0.5360237956047058, -0.8436136841773987, 0.031536441296339035, -1.1944580078125], [0.0, 0.0, 0.0, 1.0]], [[0.9478777050971985, 0.31862547993659973, 0.002385956235229969, -1.13690185546875], [0.004512749146670103, -0.005936890374869108, -0.9999721646308899, 1.5620794296264648], [-0.31860244274139404, 0.9478620886802673, -0.007065322250127792, -0.1585693359375], [0.0, 0.0, 0.0, 1.0]], [[0.009157598949968815, 0.9998836517333984, -0.012200617231428623, -0.02880859375], [0.006928139366209507, -0.012264278717339039, -0.999900758266449, 1.5684890747070312], [-0.9999340176582336, 0.009072196669876575, -0.007039645686745644, -0.016387939453125], [0.0, 0.0, 0.0, 1.0]], [[-0.9236125946044922, 0.3826133608818054, -0.023382171988487244, 1.05670166015625], [0.011291131377220154, -0.03381657600402832, -0.9993642568588257, 1.5491104125976562], [-0.383160799741745, -0.92328941822052, 0.02691328153014183, -0.0858154296875], [0.0, 0.0, 0.0, 1.0]]], "view": [[0.0, -2.0, 100.0], [-2.0, 0.0, 100.0], [0.0, 0.0, 1.0]], "bev": "bev_ebb26320d0d44cc9822f79d3a1581502.png", "aux": "aux_ebb26320d0d44cc9822f79d3a1581502.npz", "visibility": "visibility_ebb26320d0d44cc9822f79d3a1581502.png", "pose": [[-0.855495810508728, -0.5178096890449524, 0.0, 857.0346069335938], [0.5178096890449524, -0.855495810508728, 0.0, 1877.7193603515625], [0.0, 0.0, 1.0, 0.0], [0.0, 0.0, 0.0, 1.0]], "pose_inverse": [[-0.855495810508728, 0.5178096890449524, 0.0, -239.11175537109375], [-0.5178096890449524, -0.855495810508728, 0.0, 2050.161865234375], [0.0, 0.0, 1.0, 0.0], [0.0, 0.0, 0.0, 1.0]], "cam_ids": [0, 1, 2, 3, 4, 5], "cam_channels": ["CAM_FRONT_LEFT", "CAM_FRONT", "CAM_FRONT_RIGHT", "CAM_BACK_LEFT", "CAM_BACK", "CAM_BACK_RIGHT"], "token": "ebb26320d0d44cc9822f79d3a1581502", "scene": "scene-0894"}, {"images": ["samples/CAM_FRONT_LEFT/n008-2018-09-18-14-54-39-0400__CAM_FRONT_LEFT__1537297617404799.jpg", "samples/CAM_FRONT/n008-2018-09-18-14-54-39-0400__CAM_FRONT__1537297617412453.jpg", "samples/CAM_FRONT_RIGHT/n008-2018-09-18-14-54-39-0400__CAM_FRONT_RIGHT__1537297617420482.jpg", "samples/CAM_BACK_LEFT/n008-2018-09-18-14-54-39-0400__CAM_BACK_LEFT__1537297617447409.jpg", "samples/CAM_BACK/n008-2018-09-18-14-54-39-0400__CAM_BACK__1537297617437558.jpg", "samples/CAM_BACK_RIGHT/n008-2018-09-18-14-54-39-0400__CAM_BACK_RIGHT__1537297617428131.jpg"], "intrinsics": [[[1257.8625342125129, 0.0, 827.2410631095686], [0.0, 1257.8625342125129, 450.915498205774], [0.0, 0.0, 1.0]], [[1252.8131021185304, 0.0, 826.588114781398], [0.0, 1252.8131021185304, 469.9846626224581], [0.0, 0.0, 1.0]], [[1256.7485116440405, 0.0, 817.7887570959712], [0.0, 1256.7485116440403, 451.9541780095127], [0.0, 0.0, 1.0]], [[1254.9860565800168, 0.0, 829.5769333630991], [0.0, 1254.9860565800168, 467.1680561863987], [0.0, 0.0, 1.0]], [[796.8910634503094, 0.0, 857.7774326863696], [0.0, 796.8910634503094, 476.8848988407415], [0.0, 0.0, 1.0]], [[1249.9629280788233, 0.0, 825.3768045375984], [0.0, 1249.9629280788233, 462.54816385708756], [0.0, 0.0, 1.0]]], "extrinsics": [[[0.8224405646324158, -0.5687810182571411, 0.00892608892172575, -0.8118896484375], [0.013251015916466713, 0.0034686883445829153, -0.9999061822891235, 1.4913830757141113], [0.5686966776847839, 0.8224817514419556, 0.010389714501798153, -1.201904296875], [0.0, 0.0, 0.0, 1.0]], [[0.01024175900965929, -0.9999469518661499, 0.0011102586286142468, 0.009033203125], [0.0156167047098279, -0.0009502308093942702, -0.9998776316642761, 1.4831805229187012], [0.9998255968093872, 0.010257835499942303, 0.01560614351183176, -1.541778564453125], [0.0, 0.0, 0.0, 1.0]], [[-0.8438386917114258, -0.5363880395889282, -0.014974174089729786, 0.9647216796875], [0.02406955510377884, -0.009958704002201557, -0.9996606707572937, 1.4967060089111328], [0.5360568761825562, -0.8439127802848816, 0.021314160898327827, -1.195556640625], [0.0, 0.0, 0.0, 1.0]], [[0.9478815793991089, 0.3186200261116028, 0.0013543341774493456, -1.13494873046875], [8.47515620989725e-05, 0.003998457454144955, -0.9999920129776001, 1.5620412826538086], [-0.318622887134552, 0.9478740692138672, 0.003763061249628663, -0.1593017578125], [0.0, 0.0, 0.0, 1.0]], [[0.00914895161986351, 0.9999537467956543, -0.0029773523565381765, -0.02880859375], [0.001722564222291112, -0.002993231639266014, -0.9999939799308777, 1.5681686401367188], [-0.9999567270278931, 0.009143795818090439, -0.001749869785271585, -0.0167083740234375], [0.0, 0.0, 0.0, 1.0]], [[-0.9236907958984375, 0.38285794854164124, -0.014664732851088047, 1.05853271484375], [0.005386668723076582, -0.025294523686170578, -0.9996654987335205, 1.5484352111816406], [-0.3831008970737457, -0.9234609007835388, 0.021301990374922752, -0.084716796875], [0.0, 0.0, 0.0, 1.0]]], "view": [[0.0, -2.0, 100.0], [-2.0, 0.0, 100.0], [0.0, 0.0, 1.0]], "bev": "bev_a444745bdcdf4343a8493ce75a3a728e.png", "aux": "aux_a444745bdcdf4343a8493ce75a3a728e.npz", "visibility": "visibility_a444745bdcdf4343a8493ce75a3a728e.png", "pose": [[-0.8583472371101379, -0.513069212436676, 0.0, 854.76123046875], [0.513069212436676, -0.8583472371101379, 0.0, 1879.0965576171875], [0.0, 0.0, 1.0, 0.0], [0.0, 0.0, 0.0, 1.0]], "pose_inverse": [[-0.8583472371101379, 0.513069212436676, 0.0, -230.42469787597656], [-0.513069212436676, -0.8583472371101379, 0.0, 2051.468994140625], [0.0, 0.0, 1.0, 0.0], [0.0, 0.0, 0.0, 1.0]], "cam_ids": [0, 1, 2, 3, 4, 5], "cam_channels": ["CAM_FRONT_LEFT", "CAM_FRONT", "CAM_FRONT_RIGHT", "CAM_BACK_LEFT", "CAM_BACK", "CAM_BACK_RIGHT"], "token": "a444745bdcdf4343a8493ce75a3a728e", "scene": "scene-0894"}, {"images": ["samples/CAM_FRONT_LEFT/n008-2018-09-18-14-54-39-0400__CAM_FRONT_LEFT__1537297617904799.jpg", "samples/CAM_FRONT/n008-2018-09-18-14-54-39-0400__CAM_FRONT__1537297617912404.jpg", "samples/CAM_FRONT_RIGHT/n008-2018-09-18-14-54-39-0400__CAM_FRONT_RIGHT__1537297617920482.jpg", "samples/CAM_BACK_LEFT/n008-2018-09-18-14-54-39-0400__CAM_BACK_LEFT__1537297617947405.jpg", "samples/CAM_BACK/n008-2018-09-18-14-54-39-0400__CAM_BACK__1537297617937558.jpg", "samples/CAM_BACK_RIGHT/n008-2018-09-18-14-54-39-0400__CAM_BACK_RIGHT__1537297617928113.jpg"], "intrinsics": [[[1257.8625342125129, 0.0, 827.2410631095686], [0.0, 1257.8625342125129, 450.915498205774], [0.0, 0.0, 1.0]], [[1252.8131021185304, 0.0, 826.588114781398], [0.0, 1252.8131021185304, 469.9846626224581], [0.0, 0.0, 1.0]], [[1256.7485116440405, 0.0, 817.7887570959712], [0.0, 1256.7485116440403, 451.9541780095127], [0.0, 0.0, 1.0]], [[1254.9860565800168, 0.0, 829.5769333630991], [0.0, 1254.9860565800168, 467.1680561863987], [0.0, 0.0, 1.0]], [[796.8910634503094, 0.0, 857.7774326863696], [0.0, 796.8910634503094, 476.8848988407415], [0.0, 0.0, 1.0]], [[1249.9629280788233, 0.0, 825.3768045375984], [0.0, 1249.9629280788233, 462.54816385708756], [0.0, 0.0, 1.0]]], "extrinsics": [[[0.8226686120033264, -0.5684675574302673, 0.007812775671482086, -0.811767578125], [0.007371680345386267, -0.0030750667210668325, -0.9999681115150452, 1.4900197982788086], [0.5684734582901001, 0.8226999044418335, 0.0016607996076345444, -1.20166015625], [0.0, 0.0, 0.0, 1.0]], [[0.010489802807569504, -0.9999186396598816, 0.007250040303915739, 0.008544921875], [0.00929013080894947, -0.007152670994400978, -0.999931275844574, 1.4819717407226562], [0.9999017715454102, 0.010556337423622608, 0.009214346297085285, -1.54107666015625], [0.0, 0.0, 0.0, 1.0]], [[-0.8438436985015869, -0.5365545153617859, -0.006097177974879742, 0.96429443359375], [0.017270611599087715, -0.015801172703504562, -0.9997259974479675, 1.4956817626953125], [0.5363110899925232, -0.8437178134918213, 0.022600343450903893, -1.1959228515625], [0.0, 0.0, 0.0, 1.0]], [[0.9478994607925415, 0.31846874952316284, -0.008012850768864155, -1.1356201171875], [-0.008271965198218822, -0.0005387736018747091, -0.9999656677246094, 1.5619696378707886], [-0.3184621334075928, 0.9479331374168396, 0.0021236594766378403, -0.158935546875], [0.0, 0.0, 0.0, 1.0]], [[0.009151454083621502, 0.9999250769615173, -0.00813212525099516, -0.02880859375], [-0.006073867902159691, -0.00807673018425703, -0.9999488592147827, 1.5676946640014648], [-0.9999397397041321, 0.00920039787888527, 0.005999499000608921, -0.016143798828125], [0.0, 0.0, 0.0, 1.0]], [[-0.923800528049469, 0.3827410042285919, -0.01009330339729786, 1.05865478515625], [-0.0018547880463302135, -0.030835313722491264, -0.9995227456092834, 1.547637939453125], [-0.38286957144737244, -0.9233408570289612, 0.02919558435678482, -0.0849609375], [0.0, 0.0, 0.0, 1.0]]], "view": [[0.0, -2.0, 100.0], [-2.0, 0.0, 100.0], [0.0, 0.0, 1.0]], "bev": "bev_5ba77c6fc0584b8bb5fd948e2533ece9.png", "aux": "aux_5ba77c6fc0584b8bb5fd948e2533ece9.npz", "visibility": "visibility_5ba77c6fc0584b8bb5fd948e2533ece9.png", "pose": [[-0.8577707409858704, -0.5140324234962463, 0.0, 852.5053100585938], [0.5140324234962463, -0.8577707409858704, 0.0, 1880.470703125], [0.0, 0.0, 1.0, 0.0], [0.0, 0.0, 0.0, 1.0]], "pose_inverse": [[-0.8577707409858704, 0.5140324234962463, 0.0, -235.36880493164062], [-0.5140324234962463, -0.8577707409858704, 0.0, 2051.22802734375], [0.0, 0.0, 1.0, 0.0], [0.0, 0.0, 0.0, 1.0]], "cam_ids": [0, 1, 2, 3, 4, 5], "cam_channels": ["CAM_FRONT_LEFT", "CAM_FRONT", "CAM_FRONT_RIGHT", "CAM_BACK_LEFT", "CAM_BACK", "CAM_BACK_RIGHT"], "token": "5ba77c6fc0584b8bb5fd948e2533ece9", "scene": "scene-0894"}, {"images": ["samples/CAM_FRONT_LEFT/n008-2018-09-18-14-54-39-0400__CAM_FRONT_LEFT__1537297618354799.jpg", "samples/CAM_FRONT/n008-2018-09-18-14-54-39-0400__CAM_FRONT__1537297618362404.jpg", "samples/CAM_FRONT_RIGHT/n008-2018-09-18-14-54-39-0400__CAM_FRONT_RIGHT__1537297618370482.jpg", "samples/CAM_BACK_LEFT/n008-2018-09-18-14-54-39-0400__CAM_BACK_LEFT__1537297618397405.jpg", "samples/CAM_BACK/n008-2018-09-18-14-54-39-0400__CAM_BACK__1537297618387558.jpg", "samples/CAM_BACK_RIGHT/n008-2018-09-18-14-54-39-0400__CAM_BACK_RIGHT__1537297618378113.jpg"], "intrinsics": [[[1257.8625342125129, 0.0, 827.2410631095686], [0.0, 1257.8625342125129, 450.915498205774], [0.0, 0.0, 1.0]], [[1252.8131021185304, 0.0, 826.588114781398], [0.0, 1252.8131021185304, 469.9846626224581], [0.0, 0.0, 1.0]], [[1256.7485116440405, 0.0, 817.7887570959712], [0.0, 1256.7485116440403, 451.9541780095127], [0.0, 0.0, 1.0]], [[1254.9860565800168, 0.0, 829.5769333630991], [0.0, 1254.9860565800168, 467.1680561863987], [0.0, 0.0, 1.0]], [[796.8910634503094, 0.0, 857.7774326863696], [0.0, 796.8910634503094, 476.8848988407415], [0.0, 0.0, 1.0]], [[1249.9629280788233, 0.0, 825.3768045375984], [0.0, 1249.9629280788233, 462.54816385708756], [0.0, 0.0, 1.0]]], "extrinsics": [[[0.8227432370185852, -0.568355917930603, 0.008068112656474113, -0.8126220703125], [0.006316810380667448, -0.005050945561379194, -0.9999672770500183, 1.4897756576538086], [0.5683781504631042, 0.8227672576904297, -0.0005654366686940193, -1.2025146484375], [0.0, 0.0, 0.0, 1.0]], [[0.010494744405150414, -0.9999035000801086, 0.009101159870624542, 0.00830078125], [0.008205102756619453, -0.009015241637825966, -0.9999256730079651, 1.4817581176757812], [0.9999112486839294, 0.010568561963737011, 0.008109698072075844, -1.541778564453125], [0.0, 0.0, 0.0, 1.0]], [[-0.8438961505889893, -0.5364898443222046, -0.00422792648896575, 0.96392822265625], [0.016132770106196404, -0.017498288303613663, -0.9997166991233826, 1.4955177307128906], [0.5362639427185059, -0.8437252640724182, 0.02342180535197258, -1.1962890625], [0.0, 0.0, 0.0, 1.0]], [[0.9479070901870728, 0.31839483976364136, -0.009835769422352314, -1.1351318359375], [-0.00992012768983841, -0.0013565426925197244, -0.9999498724937439, 1.5619475841522217], [-0.31839224696159363, 0.9479571580886841, 0.0018726431299000978, -0.1591796875], [0.0, 0.0, 0.0, 1.0]], [[0.009216555394232273, 0.9999136328697205, -0.009359646588563919, -0.028564453125], [-0.00749241653829813, -0.00929072592407465, -0.9999287128448486, 1.5676050186157227], [-0.9999294877052307, 0.009286006912589073, 0.007406141143292189, -0.0166015625], [0.0, 0.0, 0.0, 1.0]], [[-0.9237743616104126, 0.3828175365924835, -0.009559886530041695, 1.05853271484375], [-0.0030542139429599047, -0.03232935816049576, -0.9994725584983826, 1.5475006103515625], [-0.38292476534843445, -0.9232580065727234, 0.03103424422442913, -0.0855712890625], [0.0, 0.0, 0.0, 1.0]]], "view": [[0.0, -2.0, 100.0], [-2.0, 0.0, 100.0], [0.0, 0.0, 1.0]], "bev": "bev_a0235d8dd0ff4bc28d2bac7457d6c4d4.png", "aux": "aux_a0235d8dd0ff4bc28d2bac7457d6c4d4.npz", "visibility": "visibility_a0235d8dd0ff4bc28d2bac7457d6c4d4.png", "pose": [[-0.8566080927848816, -0.5159675478935242, 0.0, 850.4337158203125], [0.5159675478935242, -0.8566080927848816, 0.0, 1881.730712890625], [0.0, 0.0, 1.0, 0.0], [0.0, 0.0, 0.0, 1.0]], "pose_inverse": [[-0.8566080927848816, 0.5159675478935242, 0.0, -242.423583984375], [-0.5159675478935242, -0.8566080927848816, 0.0, 2050.701904296875], [0.0, 0.0, 1.0, 0.0], [0.0, 0.0, 0.0, 1.0]], "cam_ids": [0, 1, 2, 3, 4, 5], "cam_channels": ["CAM_FRONT_LEFT", "CAM_FRONT", "CAM_FRONT_RIGHT", "CAM_BACK_LEFT", "CAM_BACK", "CAM_BACK_RIGHT"], "token": "a0235d8dd0ff4bc28d2bac7457d6c4d4", "scene": "scene-0894"}, {"images": ["samples/CAM_FRONT_LEFT/n008-2018-09-18-14-54-39-0400__CAM_FRONT_LEFT__1537297618854799.jpg", "samples/CAM_FRONT/n008-2018-09-18-14-54-39-0400__CAM_FRONT__1537297618862404.jpg", "samples/CAM_FRONT_RIGHT/n008-2018-09-18-14-54-39-0400__CAM_FRONT_RIGHT__1537297618870482.jpg", "samples/CAM_BACK_LEFT/n008-2018-09-18-14-54-39-0400__CAM_BACK_LEFT__1537297618897405.jpg", "samples/CAM_BACK/n008-2018-09-18-14-54-39-0400__CAM_BACK__1537297618887558.jpg", "samples/CAM_BACK_RIGHT/n008-2018-09-18-14-54-39-0400__CAM_BACK_RIGHT__1537297618878113.jpg"], "intrinsics": [[[1257.8625342125129, 0.0, 827.2410631095686], [0.0, 1257.8625342125129, 450.915498205774], [0.0, 0.0, 1.0]], [[1252.8131021185304, 0.0, 826.588114781398], [0.0, 1252.8131021185304, 469.9846626224581], [0.0, 0.0, 1.0]], [[1256.7485116440405, 0.0, 817.7887570959712], [0.0, 1256.7485116440403, 451.9541780095127], [0.0, 0.0, 1.0]], [[1254.9860565800168, 0.0, 829.5769333630991], [0.0, 1254.9860565800168, 467.1680561863987], [0.0, 0.0, 1.0]], [[796.8910634503094, 0.0, 857.7774326863696], [0.0, 796.8910634503094, 476.8848988407415], [0.0, 0.0, 1.0]], [[1249.9629280788233, 0.0, 825.3768045375984], [0.0, 1249.9629280788233, 462.54816385708756], [0.0, 0.0, 1.0]]], "extrinsics": [[[0.8230215907096863, -0.5680032968521118, -0.0027890086639672518, -0.79150390625], [-0.002262886380776763, 0.0016313183587044477, -0.9999960660934448, 1.4877068996429443], [0.5680056214332581, 0.8230246901512146, 5.728082396672107e-05, -1.1883544921875], [0.0, 0.0, 0.0, 1.0]], [[0.010813165456056595, -0.9999386668205261, 0.0023625949397683144, 0.0087890625], [-0.00027179624885320663, -0.002365672029554844, -0.9999971985816956, 1.4801106452941895], [0.9999415278434753, 0.010812531225383282, -0.0002973589289467782, -1.5201416015625], [0.0, 0.0, 0.0, 1.0]], [[-0.8438114523887634, -0.5366393327713013, -0.0007377351284958422, 0.95001220703125], [0.007857796736061573, -0.01098098885267973, -0.9999088048934937, 1.4943962097167969], [0.5365822911262512, -0.8437402248382568, 0.013482687063515186, -1.1868896484375], [0.0, 0.0, 0.0, 1.0]], [[0.9478079080581665, 0.3184814453125, -0.015157036483287811, -1.13482666015625], [-0.01738688349723816, 0.0041597806848585606, -0.9998401999473572, 1.5618791580200195], [-0.3183675706386566, 0.9479199647903442, 0.009480075910687447, -0.1590576171875], [0.0, 0.0, 0.0, 1.0]], [[0.009098770096898079, 0.9999528527259827, -0.003391990903