[{"images": ["samples/CAM_FRONT_LEFT/n015-2018-11-14-19-09-14+0800__CAM_FRONT_LEFT__1542194100104844.jpg", "samples/CAM_FRONT/n015-2018-11-14-19-09-14+0800__CAM_FRONT__1542194100112460.jpg", "samples/CAM_FRONT_RIGHT/n015-2018-11-14-19-09-14+0800__CAM_FRONT_RIGHT__1542194100120339.jpg", "samples/CAM_BACK_LEFT/n015-2018-11-14-19-09-14+0800__CAM_BACK_LEFT__1542194100147423.jpg", "samples/CAM_BACK/n015-2018-11-14-19-09-14+0800__CAM_BACK__1542194100137525.jpg", "samples/CAM_BACK_RIGHT/n015-2018-11-14-19-09-14+0800__CAM_BACK_RIGHT__1542194100127893.jpg"], "intrinsics": [[[1272.5979470598488, 0.0, 826.6154927353808], [0.0, 1272.5979470598488, 479.75165386361925], [0.0, 0.0, 1.0]], [[1266.417203046554, 0.0, 816.2670197447984], [0.0, 1266.417203046554, 491.50706579294757], [0.0, 0.0, 1.0]], [[1260.8474446004698, 0.0, 807.968244525554], [0.0, 1260.8474446004698, 495.3344268742088], [0.0, 0.0, 1.0]], [[1256.7414812095406, 0.0, 792.1125740759628], [0.0, 1256.7414812095406, 492.7757465151356], [0.0, 0.0, 1.0]], [[809.2209905677063, 0.0, 829.2196003259838], [0.0, 809.2209905677063, 481.77842384512485], [0.0, 0.0, 1.0]], [[1259.5137405846733, 0.0, 807.2529053838625], [0.0, 1259.5137405846733, 501.19579884916527], [0.0, 0.0, 1.0]]], "extrinsics": [[[0.8193386793136597, -0.572291910648346, 0.03414948657155037, -0.7613525390625], [0.03849519044160843, -0.0045138392597436905, -0.9992485642433167, 1.5177688598632812], [0.5720159411430359, 0.8200376033782959, 0.018332121893763542, -1.1402587890625], [0.0, 0.0, 0.0, 1.0]], [[0.004302135203033686, -0.9999528527259827, 0.008704330772161484, 0.007080078125], [0.03325807303190231, -0.008556517772376537, -0.9994102120399475, 1.5273208618164062], [0.9994375109672546, 0.0045892163179814816, 0.03321969136595726, -1.4886474609375], [0.0, 0.0, 0.0, 1.0]], [[-0.8325839638710022, -0.552644670009613, -0.037252988666296005, 0.900634765625], [0.03895862028002739, 0.008661956526339054, -0.9992032647132874, 1.5098190307617188], [0.552527129650116, -0.8333719968795776, 0.01431847084313631, -1.1602020263671875], [0.0, 0.0, 0.0, 1.0]], [[0.9471306800842285, 0.3185427784919739, 0.03839259222149849, -1.142333984375], [0.04777590557932854, -0.02169354446232319, -0.9986224174499512, 1.5885353088378906], [-0.3172711133956909, 0.9476602673530579, -0.03576528653502464, -0.10357666015625], [0.0, 0.0, 0.0, 1.0]], [[0.0034376687835901976, 0.9999271631240845, -0.011576369404792786, 0.002685546875], [0.022342994809150696, -0.01165034994482994, -0.9996824860572815, 1.5806713104248047], [-0.9997445344924927, 0.003177896374836564, -0.022381413727998734, -0.0567626953125], [0.0, 0.0, 0.0, 1.0]], [[-0.9332959055900574, 0.35561034083366394, -0.05000003054738045, 1.0279541015625], [0.05488349497318268, 0.003650643629953265, -0.9984861016273499, 1.55780029296875], [-0.354889452457428, -0.9346272349357605, -0.0229242704808712, -0.10400390625], [0.0, 0.0, 0.0, 1.0]]], "view": [[0.0, -2.0, 100.0], [-2.0, 0.0, 100.0], [0.0, 0.0, 1.0]], "bev": "bev_c5b518e3ec054ef4b2209d2b56a9bf51.png", "aux": "aux_c5b518e3ec054ef4b2209d2b56a9bf51.npz", "visibility": "visibility_c5b518e3ec054ef4b2209d2b56a9bf51.png", "pose": [[0.7690262794494629, -0.63921719789505, 0.0, 527.0421142578125], [0.63921719789505, 0.7690262794494629, 0.0, 2033.2874755859375], [0.0, 0.0, 1.0, 0.0], [0.0, 0.0, 0.0, 1.0]], "pose_inverse": [[0.7690262794494629, 0.63921719789505, 0.0, -1705.021484375], [-0.63921719789505, 0.7690262794494629, 0.0, -1226.757080078125], [0.0, 0.0, 1.0, 0.0], [0.0, 0.0, 0.0, 1.0]], "cam_ids": [0, 1, 2, 3, 4, 5], "cam_channels": ["CAM_FRONT_LEFT", "CAM_FRONT", "CAM_FRONT_RIGHT", "CAM_BACK_LEFT", "CAM_BACK", "CAM_BACK_RIGHT"], "token": "c5b518e3ec054ef4b2209d2b56a9bf51", "scene": "scene-1019"}, {"images": ["samples/CAM_FRONT_LEFT/n015-2018-11-14-19-09-14+0800__CAM_FRONT_LEFT__1542194100604844.jpg", "samples/CAM_FRONT/n015-2018-11-14-19-09-14+0800__CAM_FRONT__1542194100612460.jpg", "samples/CAM_FRONT_RIGHT/n015-2018-11-14-19-09-14+0800__CAM_FRONT_RIGHT__1542194100620339.jpg", "samples/CAM_BACK_LEFT/n015-2018-11-14-19-09-14+0800__CAM_BACK_LEFT__1542194100647423.jpg", "samples/CAM_BACK/n015-2018-11-14-19-09-14+0800__CAM_BACK__1542194100637525.jpg", "samples/CAM_BACK_RIGHT/n015-2018-11-14-19-09-14+0800__CAM_BACK_RIGHT__1542194100627893.jpg"], "intrinsics": [[[1272.5979470598488, 0.0, 826.6154927353808], [0.0, 1272.5979470598488, 479.75165386361925], [0.0, 0.0, 1.0]], [[1266.417203046554, 0.0, 816.2670197447984], [0.0, 1266.417203046554, 491.50706579294757], [0.0, 0.0, 1.0]], [[1260.8474446004698, 0.0, 807.968244525554], [0.0, 1260.8474446004698, 495.3344268742088], [0.0, 0.0, 1.0]], [[1256.7414812095406, 0.0, 792.1125740759628], [0.0, 1256.7414812095406, 492.7757465151356], [0.0, 0.0, 1.0]], [[809.2209905677063, 0.0, 829.2196003259838], [0.0, 809.2209905677063, 481.77842384512485], [0.0, 0.0, 1.0]], [[1259.5137405846733, 0.0, 807.2529053838625], [0.0, 1259.5137405846733, 501.19579884916527], [0.0, 0.0, 1.0]]], "extrinsics": [[[0.8194287419319153, -0.5720457434654236, 0.03605763241648674, -0.76458740234375], [0.03805817291140556, -0.008468307554721832, -0.9992396235466003, 1.5175399780273438], [0.5719160437583923, 0.8201780319213867, 0.014831836335361004, -1.1419677734375], [0.0, 0.0, 0.0, 1.0]], [[0.004389649722725153, -0.9999101758003235, 0.012659594416618347, 0.0069580078125], [0.032823894172906876, -0.012508822605013847, -0.9993829131126404, 1.5271263122558594], [0.9994514584541321, 0.00480249896645546, 0.032766036689281464, -1.491943359375], [0.0, 0.0, 0.0, 1.0]], [[-0.8325822949409485, -0.5528128147125244, -0.03470848873257637, 0.90283203125], [0.03852635994553566, 0.004714015871286392, -0.9992464184761047, 1.5096435546875], [0.5525597929954529, -0.8332921266555786, 0.017373058944940567, -1.1620407104492188], [0.0, 0.0, 0.0, 1.0]], [[0.9470736980438232, 0.3188975751399994, 0.036819301545619965, -1.13916015625], [0.047428954392671585, -0.025565894320607185, -0.998547375202179, 1.5887107849121094], [-0.3174929618835449, 0.9474443197250366, -0.03933776542544365, -0.104736328125], [0.0, 0.0, 0.0, 1.0]], [[0.003345674369484186, 0.9998740553855896, -0.015515238977968693, 0.0028076171875], [0.021922416985034943, -0.015584931708872318, -0.9996381998062134, 1.5806465148925781], [-0.999754011631012, 0.0030042428988963366, -0.021971795707941055, -0.0567626953125], [0.0, 0.0, 0.0, 1.0]], [[-0.9333111047744751, 0.3554282486438751, -0.05100054666399956, 1.0306396484375], [0.05445317551493645, -0.0002901399857364595, -0.9985162615776062, 1.5576019287109375], [-0.3549157679080963, -0.934703528881073, -0.019083410501480103, -0.1033935546875], [0.0, 0.0, 0.0, 1.0]]], "view": [[0.0, -2.0, 100.0], [-2.0, 0.0, 100.0], [0.0, 0.0, 1.0]], "bev": "bev_6e9fbc0f60b24fa49c8abe027e2379a9.png", "aux": "aux_6e9fbc0f60b24fa49c8abe027e2379a9.npz", "visibility": "visibility_6e9fbc0f60b24fa49c8abe027e2379a9.png", "pose": [[0.762434720993042, -0.6470651030540466, 0.0, 529.23388671875], [0.6470651030540466, 0.762434720993042, 0.0, 2035.103759765625], [0.0, 0.0, 1.0, 0.0], [0.0, 0.0, 0.0, 1.0]], "pose_inverse": [[0.762434720993042, 0.6470651030540466, 0.0, -1720.3509521484375], [-0.6470651030540466, 0.762434720993042, 0.0, -1209.18505859375], [0.0, 0.0, 1.0, 0.0], [0.0, 0.0, 0.0, 1.0]], "cam_ids": [0, 1, 2, 3, 4, 5], "cam_channels": ["CAM_FRONT_LEFT", "CAM_FRONT", "CAM_FRONT_RIGHT", "CAM_BACK_LEFT", "CAM_BACK", "CAM_BACK_RIGHT"], "token": "6e9fbc0f60b24fa49c8abe027e2379a9", "scene": "scene-1019"}, {"images": ["samples/CAM_FRONT_LEFT/n015-2018-11-14-19-09-14+0800__CAM_FRONT_LEFT__1542194101104844.jpg", "samples/CAM_FRONT/n015-2018-11-14-19-09-14+0800__CAM_FRONT__1542194101112460.jpg", "samples/CAM_FRONT_RIGHT/n015-2018-11-14-19-09-14+0800__CAM_FRONT_RIGHT__1542194101120339.jpg", "samples/CAM_BACK_LEFT/n015-2018-11-14-19-09-14+0800__CAM_BACK_LEFT__1542194101147423.jpg", "samples/CAM_BACK/n015-2018-11-14-19-09-14+0800__CAM_BACK__1542194101137525.jpg", "samples/CAM_BACK_RIGHT/n015-2018-11-14-19-09-14+0800__CAM_BACK_RIGHT__1542194101127893.jpg"], "intrinsics": [[[1272.5979470598488, 0.0, 826.6154927353808], [0.0, 1272.5979470598488, 479.75165386361925], [0.0, 0.0, 1.0]], [[1266.417203046554, 0.0, 816.2670197447984], [0.0, 1266.417203046554, 491.50706579294757], [0.0, 0.0, 1.0]], [[1260.8474446004698, 0.0, 807.968244525554], [0.0, 1260.8474446004698, 495.3344268742088], [0.0, 0.0, 1.0]], [[1256.7414812095406, 0.0, 792.1125740759628], [0.0, 1256.7414812095406, 492.7757465151356], [0.0, 0.0, 1.0]], [[809.2209905677063, 0.0, 829.2196003259838], [0.0, 809.2209905677063, 481.77842384512485], [0.0, 0.0, 1.0]], [[1259.5137405846733, 0.0, 807.2529053838625], [0.0, 1259.5137405846733, 501.19579884916527], [0.0, 0.0, 1.0]]], "extrinsics": [[[0.8195016980171204, -0.5716585516929626, 0.04029242694377899, -0.76983642578125], [0.043639205396175385, -0.007855030708014965, -0.999016523361206, 1.51861572265625], [0.5714128017425537, 0.820453941822052, 0.0185095127671957, -1.1456298828125], [0.0, 0.0, 0.0, 1.0]], [[0.004691763781011105, -0.9999162554740906, 0.01206002477556467, 0.0067138671875], [0.03830362856388092, -0.01187160611152649, -0.9991956353187561, 1.5279884338378906], [0.9992551207542419, 0.005149946082383394, 0.03824472427368164, -1.4981689453125], [0.0, 0.0, 0.0, 1.0]], [[-0.8322424292564392, -0.5529997944831848, -0.03954401612281799, 0.90771484375], [0.04389330744743347, 0.005380576476454735, -0.9990217089653015, 1.5102157592773438], [0.5526715517044067, -0.8331640362739563, 0.019795045256614685, -1.1655540466308594], [0.0, 0.0, 0.0, 1.0]], [[0.9468919038772583, 0.31880825757980347, 0.041915178298950195, -1.1397705078125], [0.05249898135662079, -0.02467396669089794, -0.9983160495758057, 1.5886917114257812], [-0.3172372579574585, 0.9474980235099792, -0.040100689977407455, -0.1046142578125], [0.0, 0.0, 0.0, 1.0]], [[0.003385487012565136, 0.9998860359191895, -0.014711132273077965, 0.0029296875], [0.027118368074297905, -0.014797600917518139, -0.9995226860046387, 1.5808582305908203], [-0.9996265172958374, 0.0029848841950297356, -0.027165373787283897, -0.053466796875], [0.0, 0.0, 0.0, 1.0]], [[-0.9330800771713257, 0.3553319275379181, -0.05568511784076691, 1.0362548828125], [0.05973091721534729, 0.0004166076541878283, -0.9982144236564636, 1.5578536987304688], [-0.35467422008514404, -0.9347401857376099, -0.021613027900457382, -0.1014404296875], [0.0, 0.0, 0.0, 1.0]]], "view": [[0.0, -2.0, 100.0], [-2.0, 0.0, 100.0], [0.0, 0.0, 1.0]], "bev": "bev_e3f278a8535b490db7d562319bb9378d.png", "aux": "aux_e3f278a8535b490db7d562319bb9378d.npz", "visibility": "visibility_e3f278a8535b490db7d562319bb9378d.png", "pose": [[0.7581337690353394, -0.652099072933197, 0.0, 531.39501953125], [0.652099072933197, 0.7581337690353394, 0.0, 2036.933837890625], [0.0, 0.0, 1.0, 0.0], [0.0, 0.0, 0.0, 1.0]], "pose_inverse": [[0.7581337690353394, 0.652099072933197, 0.0, -1731.151123046875], [-0.652099072933197, 0.7581337690353394, 0.0, -1197.7462158203125], [0.0, 0.0, 1.0, 0.0], [0.0, 0.0, 0.0, 1.0]], "cam_ids": [0, 1, 2, 3, 4, 5], "cam_channels": ["CAM_FRONT_LEFT", "CAM_FRONT", "CAM_FRONT_RIGHT", "CAM_BACK_LEFT", "CAM_BACK", "CAM_BACK_RIGHT"], "token": "e3f278a8535b490db7d562319bb9378d", "scene": "scene-1019"}, {"images": ["samples/CAM_FRONT_LEFT/n015-2018-11-14-19-09-14+0800__CAM_FRONT_LEFT__1542194101604844.jpg", "samples/CAM_FRONT/n015-2018-11-14-19-09-14+0800__CAM_FRONT__1542194101612460.jpg", "samples/CAM_FRONT_RIGHT/n015-2018-11-14-19-09-14+0800__CAM_FRONT_RIGHT__1542194101620339.jpg", "samples/CAM_BACK_LEFT/n015-2018-11-14-19-09-14+0800__CAM_BACK_LEFT__1542194101647423.jpg", "samples/CAM_BACK/n015-2018-11-14-19-09-14+0800__CAM_BACK__1542194101637525.jpg", "samples/CAM_BACK_RIGHT/n015-2018-11-14-19-09-14+0800__CAM_BACK_RIGHT__1542194101627893.jpg"], "intrinsics": [[[1272.5979470598488, 0.0, 826.6154927353808], [0.0, 1272.5979470598488, 479.75165386361925], [0.0, 0.0, 1.0]], [[1266.417203046554, 0.0, 816.2670197447984], [0.0, 1266.417203046554, 491.50706579294757], [0.0, 0.0, 1.0]], [[1260.8474446004698, 0.0, 807.968244525554], [0.0, 1260.8474446004698, 495.3344268742088], [0.0, 0.0, 1.0]], [[1256.7414812095406, 0.0, 792.1125740759628], [0.0, 1256.7414812095406, 492.7757465151356], [0.0, 0.0, 1.0]], [[809.2209905677063, 0.0, 829.2196003259838], [0.0, 809.2209905677063, 481.77842384512485], [0.0, 0.0, 1.0]], [[1259.5137405846733, 0.0, 807.2529053838625], [0.0, 1259.5137405846733, 501.19579884916527], [0.0, 0.0, 1.0]]], "extrinsics": [[[0.8197692632675171, -0.5713840126991272, 0.03871152549982071, -0.7646484375], [0.044282231479883194, -0.004151327069848776, -0.999010443687439, 1.519012451171875], [0.5709792971611023, 0.8206722736358643, 0.02189902774989605, -1.1435546875], [0.0, 0.0, 0.0, 1.0]], [[0.005117179360240698, -0.999951183795929, 0.008441624231636524, 0.0076904296875], [0.03888554126024246, -0.00823636818677187, -0.9992097616195679, 1.5282974243164062], [0.9992305040359497, 0.005441380199044943, 0.038841504603624344, -1.4932861328125], [0.0, 0.0, 0.0, 1.0]], [[-0.8320326805114746, -0.5531389713287354, -0.04193786904215813, 0.904541015625], [0.044403672218322754, 0.00894804485142231, -0.9989736080169678, 1.510498046875], [0.5529465079307556, -0.8330408930778503, 0.01711633801460266, -1.162445068359375], [0.0, 0.0, 0.0, 1.0]], [[0.9468711614608765, 0.3187209367752075, 0.043034087866544724, -1.1402587890625], [0.05263899266719818, -0.021579885855317116, -0.9983803629875183, 1.5886611938476562], [-0.3172760307788849, 0.9476029276847839, -0.03721052408218384, -0.1043701171875], [0.0, 0.0, 0.0, 1.0]], [[0.0032370698172599077, 0.9999298453330994, -0.011400562711060047, 0.0029296875], [0.0274067185819149, -0.011485051363706589, -0.9995583891868591, 1.5809288024902344], [-0.9996191263198853, 0.00292312097735703, -0.027441972866654396, -0.055419921875], [0.0, 0.0, 0.0, 1.0]], [[-0.9331467747688293, 0.35528653860092163, -0.05485006794333458, 1.0323486328125], [0.06015581265091896, 0.0038951211608946323, -0.9981814026832581, 1.5581512451171875], [-0.3544267416000366, -0.9347493648529053, -0.02500727027654648, -0.1026611328125], [0.0, 0.0, 0.0, 1.0]]], "view": [[0.0, -2.0, 100.0], [-2.0, 0.0, 100.0], [0.0, 0.0, 1.0]], "bev": "bev_dd718d1086214d18af7238408d4b4bd1.png", "aux": "aux_dd718d1086214d18af7238408d4b4bd1.npz", "visibility": "visibility_dd718d1086214d18af7238408d4b4bd1.png", "pose": [[0.757470428943634, -0.652869462966919, 0.0, 533.5607299804688], [0.652869462966919, 0.757470428943634, 0.0, 2038.7772216796875], [0.0, 0.0, 1.0, 0.0], [0.0, 0.0, 0.0, 1.0]], "pose_inverse": [[0.757470428943634, 0.652869462966919, 0.0, -1735.2119140625], [-0.652869462966919, 0.757470428943634, 0.0, -1195.9678955078125], [0.0, 0.0, 1.0, 0.0], [0.0, 0.0, 0.0, 1.0]], "cam_ids": [0, 1, 2, 3, 4, 5], "cam_channels": ["CAM_FRONT_LEFT", "CAM_FRONT", "CAM_FRONT_RIGHT", "CAM_BACK_LEFT", "CAM_BACK", "CAM_BACK_RIGHT"], "token": "dd718d1086214d18af7238408d4b4bd1", "scene": "scene-1019"}, {"images": ["samples/CAM_FRONT_LEFT/n015-2018-11-14-19-09-14+0800__CAM_FRONT_LEFT__1542194102104844.jpg", "samples/CAM_FRONT/n015-2018-11-14-19-09-14+0800__CAM_FRONT__1542194102112460.jpg", "samples/CAM_FRONT_RIGHT/n015-2018-11-14-19-09-14+0800__CAM_FRONT_RIGHT__1542194102120339.jpg", "samples/CAM_BACK_LEFT/n015-2018-11-14-19-09-14+0800__CAM_BACK_LEFT__1542194102147423.jpg", "samples/CAM_BACK/n015-2018-11-14-19-09-14+0800__CAM_BACK__1542194102139258.jpg", "samples/CAM_BACK_RIGHT/n015-2018-11-14-19-09-14+0800__CAM_BACK_RIGHT__1542194102127893.jpg"], "intrinsics": [[[1272.5979470598488, 0.0, 826.6154927353808], [0.0, 1272.5979470598488, 479.75165386361925], [0.0, 0.0, 1.0]], [[1266.417203046554, 0.0, 816.2670197447984], [0.0, 1266.417203046554, 491.50706579294757], [0.0, 0.0, 1.0]], [[1260.8474446004698, 0.0, 807.968244525554], [0.0, 1260.8474446004698, 495.3344268742088], [0.0, 0.0, 1.0]], [[1256.7414812095406, 0.0, 792.1125740759628], [0.0, 1256.7414812095406, 492.7757465151356], [0.0, 0.0, 1.0]], [[809.2209905677063, 0.0, 829.2196003259838], [0.0, 809.2209905677063, 481.77842384512485], [0.0, 0.0, 1.0]], [[1259.5137405846733, 0.0, 807.2529053838625], [0.0, 1259.5137405846733, 501.19579884916527], [0.0, 0.0, 1.0]]], "extrinsics": [[[0.8197103142738342, -0.5718610286712646, 0.032400961965322495, -0.76898193359375], [0.04121280461549759, 0.0024642893113195896, -0.999147355556488, 1.5181198120117188], [0.5712936520576477, 0.8203467726707458, 0.025588002055883408, -1.14306640625], [0.0, 0.0, 0.0, 1.0]], [[0.004955364391207695, -0.9999862313270569, 0.0017238752916455269, 0.005615234375], [0.035829998552799225, -0.001545239589177072, -0.999356746673584, 1.527587890625], [0.999345600605011, 0.0050138989463448524, 0.03582184761762619, -1.49560546875], [0.0, 0.0, 0.0, 1.0]], [[-0.8321910500526428, -0.5528072714805603, -0.04315263405442238, 0.90478515625], [0.04136616736650467, 0.015712184831500053, -0.9990204572677612, 1.5099716186523438], [0.5529437065124512, -0.833160936832428, 0.00979197770357132, -1.1644325256347656], [0.0, 0.0, 0.0, 1.0]], [[0.9470924735069275, 0.31813865900039673, 0.04246677830815315, -1.1422119140625], [0.049645185470581055, -0.014486257918179035, -0.9986618161201477, 1.5885391235351562], [-0.3170977830886841, 0.9479334354400635, -0.029513880610466003, -0.10260009765625], [0.0, 0.0, 0.0, 1.0]], [[0.0033249021507799625, 0.999984622001648, -0.004431975539773703, 0.003662109375], [0.024378150701522827, -0.004511735867708921, -0.9996926784515381, 1.580474853515625], [-0.9996972680091858, 0.0032158568501472473, -0.024392779916524887, -0.0443115234375], [0.0, 0.0, 0.0, 1.0]], [[-0.9333282709121704, 0.3555808663368225, -0.04960319772362709, 1.033203125], [0.057144857943058014, 0.010730700567364693, -0.9983082413673401, 1.5577621459960938], [-0.35444706678390503, -0.9345839619636536, -0.03033488802611828, -0.1029052734375], [0.0, 0.0, 0.0, 1.0]]], "view": [[0.0, -2.0, 100.0], [-2.0, 0.0, 100.0], [0.0, 0.0, 1.0]], "bev": "bev_986466dcf3d348b09b84a8aecbf92077.png", "aux": "aux_986466dcf3d348b09b84a8aecbf92077.npz", "visibility": "visibility_986466dcf3d348b09b84a8aecbf92077.png", "pose": [[0.7590469121932983, -0.6510359048843384, 0.0, 535.6766967773438], [0.6510359048843384, 0.7590469121932983, 0.0, 2040.5755615234375], [0.0, 0.0, 1.0, 0.0], [0.0, 0.0, 0.0, 1.0]], "pose_inverse": [[0.7590469121932983, 0.6510359048843384, 0.0, -1735.091796875], [-0.6510359048843384, 0.7590469121932983, 0.0, -1200.1478271484375], [0.0, 0.0, 1.0, 0.0], [0.0, 0.0, 0.0, 1.0]], "cam_ids": [0, 1, 2, 3, 4, 5], "cam_channels": ["CAM_FRONT_LEFT", "CAM_FRONT", "CAM_FRONT_RIGHT", "CAM_BACK_LEFT", "CAM_BACK", "CAM_BACK_RIGHT"], "token": "986466dcf3d348b09b84a8aecbf92077", "scene": "scene-1019"}, {"images": ["samples/CAM_FRONT_LEFT/n015-2018-11-14-19-09-14+0800__CAM_FRONT_LEFT__1542194102604844.jpg", "samples/CAM_FRONT/n015-2018-11-14-19-09-14+0800__CAM_FRONT__1542194102612460.jpg", "samples/CAM_FRONT_RIGHT/n015-2018-11-14-19-09-14+0800__CAM_FRONT_RIGHT__1542194102620339.jpg", "samples/CAM_BACK_LEFT/n015-2018-11-14-19-09-14+0800__CAM_BACK_LEFT__1542194102647423.jpg", "samples/CAM_BACK/n015-2018-11-14-19-09-14+0800__CAM_BACK__1542194102637525.jpg", "samples/CAM_BACK_RIGHT/n015-2018-11-14-19-09-14+0800__CAM_BACK_RIGHT__1542194102627893.jpg"], "intrinsics": [[[1272.5979470598488, 0.0, 826.6154927353808], [0.0, 1272.5979470598488, 479.75165386361925], [0.0, 0.0, 1.0]], [[1266.417203046554, 0.0, 816.2670197447984], [0.0, 1266.417203046554, 491.50706579294757], [0.0, 0.0, 1.0]], [[1260.8474446004698, 0.0, 807.968244525554], [0.0, 1260.8474446004698, 495.3344268742088], [0.0, 0.0, 1.0]], [[1256.7414812095406, 0.0, 792.1125740759628], [0.0, 1256.7414812095406, 492.7757465151356], [0.0, 0.0, 1.0]], [[809.2209905677063, 0.0, 829.2196003259838], [0.0, 809.2209905677063, 481.77842384512485], [0.0, 0.0, 1.0]], [[1259.5137405846733, 0.0, 807.2529053838625], [0.0, 1259.5137405846733, 501.19579884916527], [0.0, 0.0, 1.0]]], "extrinsics": [[[0.819824755191803, -0.5718244910240173, 0.03006979264318943, -0.77618408203125], [0.03880619630217552, 0.003090594196692109, -0.9992420077323914, 1.5170669555664062], [0.5712980031967163, 0.8203701376914978, 0.024724077433347702, -1.1536865234375], [0.0, 0.0, 0.0, 1.0]], [[0.005024469457566738, -0.9999868273735046, 0.0010266551980748773, 0.00927734375], [0.03361647576093674, -0.0008571814396418631, -0.9994344711303711, 1.526824951171875], [0.9994221329689026, 0.005056146997958422, 0.0336117222905159, -1.50537109375], [0.0, 0.0, 0.0, 1.0]], [[-0.8322417736053467, -0.5528280138969421, -0.0418907031416893, 0.912841796875], [0.03935220465064049, 0.0164644792675972, -0.9990897178649902, 1.5093154907226562], [0.5530143976211548, -0.8331327438354492, 0.008052573539316654, -1.1664390563964844], [0.0, 0.0, 0.0, 1.0]], [[0.9470502734184265, 0.31839993596076965, 0.04144205525517464, -1.1480712890625], [0.048400625586509705, -0.01397106796503067, -0.9987303018569946, 1.5882720947265625], [-0.3174166679382324, 0.9478535652160645, -0.028642060235142708, -0.1021728515625], [0.0, 0.0, 0.0, 1.0]], [[0.003129303455352783, 0.9999871253967285, -0.004013832658529282, 0.001953125], [0.022862810641527176, -0.004084348678588867, -0.9997302293777466, 1.5805130004882812], [-0.9997336268424988, 0.003036725567653775, -0.022875290364027023, -0.0484619140625], [0.0, 0.0, 0.0, 1.0]], [[-0.9334314465522766, 0.3555587828159332, -0.047788724303245544, 1.0379638671875], [0.055330365896224976, 0.01106572151184082, -0.9984068274497986, 1.5572280883789062], [-0.3544634282588959, -0.9345884919166565, -0.030002286657691002, -0.09912109375], [0.0, 0.0, 0.0, 1.0]]], "view": [[0.0, -2.0, 100.0], [-2.0, 0.0, 100.0], [0.0, 0.0, 1.0]], "bev": "bev_aecaf66c673249ef8dceeb1cbc9ceb54.png", "aux": "aux_aecaf66c673249ef8dceeb1cbc9ceb54.npz", "visibility": "visibility_aecaf66c673249ef8dceeb1cbc9ceb54.png", "pose": [[0.7599870562553406, -0.6499382257461548, 0.0, 537.7809448242188], [0.6499382257461548, 0.7599870562553406, 0.0, 2042.329833984375], [0.0, 0.0, 1.0, 0.0], [0.0, 0.0, 0.0, 1.0]], "pose_inverse": [[0.7599870562553406, 0.6499382257461548, 0.0, -1736.0947265625], [-0.6499382257461548, 0.7599870562553406, 0.0, -1202.619873046875], [0.0, 0.0, 1.0, 0.0], [0.0, 0.0, 0.0, 1.0]], "cam_ids": [0, 1, 2, 3, 4, 5], "cam_channels": ["CAM_FRONT_LEFT", "CAM_FRONT", "CAM_FRONT_RIGHT", "CAM_BACK_LEFT", "CAM_BACK", "CAM_BACK_RIGHT"], "token": "aecaf66c673249ef8dceeb1cbc9ceb54", "scene": "scene-1019"}, {"images": ["samples/CAM_FRONT_LEFT/n015-2018-11-14-19-09-14+0800__CAM_FRONT_LEFT__1542194103104844.jpg", "samples/CAM_FRONT/n015-2018-11-14-19-09-14+0800__CAM_FRONT__1542194103112460.jpg", "samples/CAM_FRONT_RIGHT/n015-2018-11-14-19-09-14+0800__CAM_FRONT_RIGHT__1542194103120339.jpg", "samples/CAM_BACK_LEFT/n015-2018-11-14-19-09-14+0800__CAM_BACK_LEFT__1542194103147423.jpg", "samples/CAM_BACK/n015-2018-11-14-19-09-14+0800__CAM_BACK__1542194103137525.jpg", "samples/CAM_BACK_RIGHT/n015-2018-11-14-19-09-14+0800__CAM_BACK_RIGHT__1542194103127893.jpg"], "intrinsics": [[[1272.5979470598488, 0.0, 826.6154927353808], [0.0, 1272.5979470598488, 479.75165386361925], [0.0, 0.0, 1.0]], [[1266.417203046554, 0.0, 816.2670197447984], [0.0, 1266.417203046554, 491.50706579294757], [0.0, 0.0, 1.0]], [[1260.8474446004698, 0.0, 807.968244525554], [0.0, 1260.8474446004698, 495.3344268742088], [0.0, 0.0, 1.0]], [[1256.7414812095406, 0.0, 792.1125740759628], [0.0, 1256.7414812095406, 492.7757465151356], [0.0, 0.0, 1.0]], [[809.2209905677063, 0.0, 829.2196003259838], [0.0, 809.2209905677063, 481.77842384512485], [0.0, 0.0, 1.0]], [[1259.5137405846733, 0.0, 807.2529053838625], [0.0, 1259.5137405846733, 501.19579884916527], [0.0, 0.0, 1.0]]], "extrinsics": [[[0.8193134665489197, -0.5723540186882019, 0.03371049836277962, -0.7738037109375], [0.04343560338020325, 0.0033351299352943897, -0.9990506172180176, 1.5183258056640625], [0.5716982483863831, 0.8199998140335083, 0.027593059465289116, -1.1490478515625], [0.0, 0.0, 0.0, 1.0]], [[0.00448630889877677, -0.9999896287918091, 0.0007320792065002024, 0.0072021484375], [0.03822030499577522, -0.0005600811564363539, -0.9992691874504089, 1.5277938842773438], [0.9992592334747314, 0.004511002916842699, 0.03821739926934242, -1.5023193359375], [0.0, 0.0, 0.0, 1.0]], [[-0.8322777152061462, -0.5524550080299377, -0.04590527340769768, 0.910888671875], [0.043936945497989655, 0.016809895634651184, -0.9988928437232971, 1.5100555419921875], [0.5526151061058044, -0.8333732485771179, 0.010282686911523342, -1.1668376922607422], [0.0, 0.0, 0.0, 1.0]], [[0.9468837976455688, 0.31830164790153503, 0.045773960649967194, -1.147705078125], [0.052851930260658264, -0.013631441630423069, -0.9985092878341675, 1.588226318359375], [-0.3172031342983246, 0.9478914737701416, -0.02973024547100067, -0.101318359375], [0.0, 0.0, 0.0, 1.0]], [[0.0033564202021807432, 0.999987781047821, -0.0036238981410861015, 0.0025634765625], [0.02739633060991764, -0.0037145132664591074, -0.9996177554130554, 1.5807342529296875], [-0.9996190071105957, 0.0032558736857026815, -0.027408462017774582, -0.048095703125], [0.0, 0.0, 0.0, 1.0]], [[-0.9330897331237793, 0.35588711500167847, -0.05184441804885864, 1.038330078125], [0.05989251285791397, 0.01162516325712204, -0.9981371164321899, 1.5577163696289062], [-0.35462141036987305, -0.9344566464424133, -0.032162293791770935, -0.0999755859375], [0.0, 0.0, 0.0, 1.0]]], "view": [[0.0, -2.0, 100.0], [-2.0, 0.0, 100.0], [0.0, 0.0, 1.0]], "bev": "bev_35a44124e04745de828805f0d2e51908.png", "aux": "aux_35a44124e04745de828805f0d2e51908.npz", "visibility": "visibility_35a44124e04745de828805f0d2e51908.png", "pose": [[0.7565625309944153, -0.653921365737915, 0.0, 539.9463500976562], [0.653921365737915, 0.7565625309944153, 0.0, 2044.1654052734375], [0.0, 0.0, 1.0, 0.0], [0.0, 0.0, 0.0, 1.0]], "pose_inverse": [[0.7565625309944153, 0.653921365737915, 0.0, -1745.2265625], [-0.653921365737915, 0.7565625309944153, 0.0, -1193.4564208984375], [0.0, 0.0, 1.0, 0.0], [0.0, 0.0, 0.0, 1.0]], "cam_ids": [0, 1, 2, 3, 4, 5], "cam_channels": ["CAM_FRONT_LEFT", "CAM_FRONT", "CAM_FRONT_RIGHT", "CAM_BACK_LEFT", "CAM_BACK", "CAM_BACK_RIGHT"], "token": "35a44124e04745de828805f0d2e51908", "scene": "scene-1019"}, {"images": ["samples/CAM_FRONT_LEFT/n015-2018-11-14-19-09-14+0800__CAM_FRONT_LEFT__1542194103654844.jpg", "samples/CAM_FRONT/n015-2018-11-14-19-09-14+0800__CAM_FRONT__1542194103662460.jpg", "samples/CAM_FRONT_RIGHT/n015-2018-11-14-19-09-14+0800__CAM_FRONT_RIGHT__1542194103670339.jpg", "samples/CAM_BACK_LEFT/n015-2018-11-14-19-09-14+0800__CAM_BACK_LEFT__1542194103697423.jpg", "samples/CAM_BACK/n015-2018-11-14-19-09-14+0800__CAM_BACK__1542194103687525.jpg", "samples/CAM_BACK_RIGHT/n015-2018-11-14-19-09-14+0800__CAM_BACK_RIGHT__1542194103677893.jpg"], "intrinsics": [[[1272.5979470598488, 0.0, 826.6154927353808], [0.0, 1272.5979470598488, 479.75165386361925], [0.0, 0.0, 1.0]], [[1266.417203046554, 0.0, 816.2670197447984], [0.0, 1266.417203046554, 491.50706579294757], [0.0, 0.0, 1.0]], [[1260.8474446004698, 0.0, 807.968244525554], [0.0, 1260.8474446004698, 495.3344268742088], [0.0, 0.0, 1.0]], [[1256.7414812095406, 0.0, 792.1125740759628], [0.0, 1256.7414812095406, 492.7757465151356], [0.0, 0.0, 1.0]], [[809.2209905677063, 0.0, 829.2196003259838], [0.0, 809.2209905677063, 481.77842384512485], [0.0, 0.0, 1.0]], [[1259.5137405846733, 0.0, 807.2529053838625], [0.0, 1259.5137405846733, 501.19579884916527], [0.0, 0.0, 1.0]]], "extrinsics": [[[0.8190973401069641, -0.5726426839828491, 0.03405528888106346, -0.7664794921875], [0.04182315990328789, 0.00040470081148669124, -0.9991249442100525, 1.5182647705078125], [0.5721278190612793, 0.8198049068450928, 0.024281218647956848, -1.1466064453125], [0.0, 0.0, 0.0, 1.0]], [[0.004111213143914938, -0.9999846816062927, 0.003678864100947976, 0.0091552734375], [0.03644214943051338, -0.00352663011290133, -0.9993295669555664, 1.5277137756347656], [0.9993273019790649, 0.004242494236677885, 0.036427099257707596, -1.49560546875], [0.0, 0.0, 0.0, 1.0]], [[-0.8325218558311462, -0.5523509979248047, -0.04260848090052605, 0.90673828125], [0.04199175164103508, 0.013773481361567974, -0.9990230202674866, 1.5100173950195312], [0.5523982048034668, -0.8334978222846985, 0.011727461591362953, -1.1622707843780518], [0.0, 0.0, 0.0, 1.0]], [[0.9469404220581055, 0.3186035454273224, 0.04237314686179161, -1.1419677734375], [0.05025610327720642, -0.01655898615717888, -0.998599112033844, 1.5885696411132812], [-0.31745555996894836, 0.9477434158325195, -0.03169214725494385, -0.10400390625], [0.0, 0.0, 0.0, 1.0]], [[0.003356453962624073, 0.9999738931655884, -0.006397830322384834, 0.001953125], [0.024992559105157852, -0.00647975318133831, -0.9996666312217712, 1.5807647705078125], [-0.9996819496154785, 0.0031954683363437653, -0.025013655424118042, -0.0545654296875], [0.0, 0.0, 0.0, 1.0]], [[-0.9331275224685669, 0.3559320867061615, -0.050847169011831284, 1.032470703125], [0.0577520914375782, 0.008793050423264503, -0.9982922673225403, 1.5578079223632812], [-0.35487717390060425, -0.9344704151153564, -0.028760859742760658, -0.1011962890625], [0.0, 0.0, 0.0, 1.0]]], "view": [[0.0, -2.0, 100.0], [-2.0, 0.0, 100.0], [0.0, 0.0, 1.0]], "bev": "bev_9f6d44ac23fa45a0aeac461fad2feaf4.png", "aux": "aux_9f6d44ac23fa45a0aeac461fad2feaf4.npz", "visibility": "visibility_9f6d44ac23fa45a0aeac461fad2feaf4.png", "pose": [[0.7473158836364746, -0.6644688844680786, 0.0, 542.3018798828125], [0.6644688844680786, 0.7473158836364746, 0.0, 2046.182861328125], [0.0, 0.0, 1.0, 0.0], [0.0, 0.0, 0.0, 1.0]], "pose_inverse": [[0.7473158836364746, 0.6644688844680786, 0.0, -1764.895751953125], [-0.6644688844680786, 0.7473158836364746, 0.0, -1168.80224609375], [0.0, 0.0, 1.0, 0.0], [0.0, 0.0, 0.0, 1.0]], "cam_ids": [0, 1, 2, 3, 4, 5], "cam_channels": ["CAM_FRONT_LEFT", "CAM_FRONT", "CAM_FRONT_RIGHT", "CAM_BACK_LEFT", "CAM_BACK", "CAM_BACK_RIGHT"], "token": "9f6d44ac23fa45a0aeac461fad2feaf4", "scene": "scene-1019"}, {"images": ["samples/CAM_FRONT_LEFT/n015-2018-11-14-19-09-14+0800__CAM_FRONT_LEFT__1542194104154844.jpg", "samples/CAM_FRONT/n015-2018-11-14-19-09-14+0800__CAM_FRONT__1542194104162460.jpg", "samples/CAM_FRONT_RIGHT/n015-2018-11-14-19-09-14+0800__CAM_FRONT_RIGHT__1542194104170339.jpg", "samples/CAM_BACK_LEFT/n015-2018-11-14-19-09-14+0800__CAM_BACK_LEFT__1542194104197423.jpg", "samples/CAM_BACK/n015-2018-11-14-19-09-14+0800__CAM_BACK__1542194104187525.jpg", "samples/CAM_BACK_RIGHT/n015-2018-11-14-19-09-14+0800__CAM_BACK_RIGHT__1542194104177944.jpg"], "intrinsics": [[[1272.5979470598488, 0.0, 826.6154927353808], [0.0, 1272.5979470598488, 479.75165386361925], [0.0, 0.0, 1.0]], [[1266.417203046554, 0.0, 816.2670197447984], [0.0, 1266.417203046554, 491.50706579294757], [0.0, 0.0, 1.0]], [[1260.8474446004698, 0.0, 807.968244525554], [0.0, 1260.8474446004698, 495.3344268742088], [0.0, 0.0, 1.0]], [[1256.7414812095406, 0.0, 792.1125740759628], [0.0, 1256.7414812095406, 492.7757465151356], [0.0, 0.0, 1.0]], [[809.2209905677063, 0.0, 829.2196003259838], [0.0, 809.2209905677063, 481.77842384512485], [0.0, 0.0, 1.0]], [[1259.5137405846733, 0.0, 807.2529053838625], [0.0, 1259.5137405846733, 501.19579884916527], [0.0, 0.0, 1.0]]], "extrinsics": [[[0.8190117478370667, -0.5716206431388855, 0.04969518631696701, -0.7645263671875], [0.05510697141289711, -0.007845910266041756, -0.9984496235847473, 1.52166748046875], [0.5711243748664856, 0.8204805254936218, 0.025074386969208717, -1.1429443359375], [0.0, 0.0, 0.0, 1.0]], [[0.004518804140388966, -0.999916136264801, 0.012136559933423996, 0.00732421875], [0.049711521714925766, -0.011897056363523006, -0.9986927509307861, 1.5304794311523438], [0.9987534284591675, 0.005116245709359646, 0.049653589725494385, -1.4927978515625], [0.0, 0.0, 0.0, 1.0]], [[-0.8317979574203491, -0.5529152154922485, -0.04895935580134392, 0.904052734375], [0.05522271990776062, 0.005335010588169098, -0.9984598159790039, 1.5121841430664062], [0.5523248314857483, -0.8332204222679138, 0.026095833629369736, -1.1623382568359375], [0.0, 0.0, 0.0, 1.0]], [[0.9464461803436279, 0.3186221420764923, 0.0521504245698452, -1.13623046875], [0.06335526704788208, -0.024897495284676552, -0.9976803660392761, 1.5889511108398438], [-0.31658467650413513, 0.9475548267364502, -0.04375052824616432, -0.1058349609375], [0.0, 0.0, 0.0, 1.0]], [[0.0036905789747834206, 0.9998837113380432, -0.014797507785260677, 0.00244140625], [0.038201600313186646, -0.014927777461707592, -0.9991585612297058, 1.5816802978515625], [-0.999263346195221, 0.0031221697572618723, -0.038252249360084534, -0.058837890625], [0.0, 0.0, 0.0, 1.0]], [[-0.9323656558990479, 0.35540544986724854, -0.06619154661893845, 1.0306396484375], [0.07094839960336685, 0.0003519947058521211, -0.9974799156188965, 1.559478759765625], [-0.35448649525642395, -0.9347122311592102, -0.025543633848428726, -0.1029052734375], [0.0, 0.0, 0.0, 1.0]]], "view": [[0.0, -2.0, 100.0], [-2.0, 0.0, 100.0], [0.0, 0.0, 1.0]], "bev": "bev_5f186f2a95f04dc3a6affd7e858dd3fc.png", "aux": "aux_5f186f2a95f04dc3a6affd7e858dd3fc.npz", "visibility": "visibility_5f186f2a95f04dc3a6affd7e858dd3fc.png", "pose": [[0.741756796836853, -0.6706690192222595, 0.0, 544.4073486328125], [0.6706690192222595, 0.741756796836853, 0.0, 2048.0439453125], [0.0, 0.0, 1.0, 0.0], [0.0, 0.0, 0.0, 1.0]], "pose_inverse": [[0.741756796836853, 0.6706690192222595, 0.0, -1777.37744140625], [-0.6706690192222595, 0.741756796836853, 0.0, -1154.0333251953125], [0.0, 0.0, 1.0, 0.0], [0.0, 0.0, 0.0, 1.0]], "cam_ids": [0, 1, 2, 3, 4, 5], "cam_channels": ["CAM_FRONT_LEFT", "CAM_FRONT", "CAM_FRONT_RIGHT", "CAM_BACK_LEFT", "CAM_BACK", "CAM_BACK_RIGHT"], "token": "5f186f2a95f04dc3a6affd7e858dd3fc", "scene": "scene-1019"}, {"images": ["samples/CAM_FRONT_LEFT/n015-2018-11-14-19-09-14+0800__CAM_FRONT_LEFT__1542194104654844.jpg", "samples/CAM_FRONT/n015-2018-11-14-19-09-14+0800__CAM_FRONT__1542194104662474.jpg", "samples/CAM_FRONT_RIGHT/n015-2018-11-14-19-09-14+0800__CAM_FRONT_RIGHT__1542194104670339.jpg", "samples/CAM_BACK_LEFT/n015-2018-11-14-19-09-14+0800__CAM_BACK_LEFT__1542194104697423.jpg", "samples/CAM_BACK/n015-2018-11-14-19-09-14+0800__CAM_BACK__1542194104687525.jpg", "samples/CAM_BACK_RIGHT/n015-2018-11-14-19-09-14+0800__CAM_BACK_RIGHT__1542194104677893.jpg"], "intrinsics": [[[1272.5979470598488, 0.0, 826.6154927353808], [0.0, 1272.5979470598488, 479.75165386361925], [0.0, 0.0, 1.0]], [[1266.417203046554, 0.0, 816.2670197447984], [0.0, 1266.417203046554, 491.50706579294757], [0.0, 0.0, 1.0]], [[1260.8474446004698, 0.0, 807.968244525554], [0.0, 1260.8474446004698, 495.3344268742088], [0.0, 0.0, 1.0]], [[1256.7414812095406, 0.0, 792.1125740759628], [0.0, 1256.7414812095406, 492.7757465151356], [0.0, 0.0, 1.0]], [[809.2209905677063, 0.0, 829.2196003259838], [0.0, 809.2209905677063, 481.77842384512485], [0.0, 0.0, 1.0]], [[1259.5137405846733, 0.0, 807.2529053838625], [0.0, 1259.5137405846733, 501.19579884916527], [0.0, 0.0, 1.0]]], "extrinsics": [[[0.8192093372344971, -0.5718523859977722, 0.04336931183934212, -0.7635498046875], [0.043918173760175705, -0.012845450080931187, -0.9989525675773621, 1.519012451171875], [0.5718104839324951, 0.8202559947967529, 0.014591597020626068, -1.14208984375], [0.0, 0.0, 0.0, 1.0]], [[0.004349174909293652, -0.9998410940170288, 0.01728726178407669, 0.0074462890625], [0.03848794475197792, -0.017107250168919563, -0.999112606048584, 1.528228759765625], [0.9992495775222778, 0.005010672844946384, 0.038407422602176666, -1.4931640625], [0.0, 0.0, 0.0, 1.0]], [[-0.8323504328727722, -0.5530407428741455, -0.03658858686685562, 0.905029296875], [0.043991781771183014, -0.00011465486022643745, -0.9990318417549133, 1.5103912353515625], [0.5525012016296387, -0.8331541419029236, 0.024424683302640915, -1.1629104614257812], [0.0, 0.0, 0.0, 1.0]], [[0.9469445943832397, 0.31896406412124634, 0.03947092965245247, -1.136474609375], [0.052149005234241486, -0.031302448362112045, -0.9981485605239868, 1.5888595581054688], [-0.3171379864215851, 0.9472497701644897, -0.046275340020656586, -0.1055908203125], [0.0, 0.0, 0.0, 1.0]], [[0.003487969748675823, 0.9997758269309998, -0.020884523168206215, 0.0025634765625], [0.026946647092700005, -0.020971035584807396, -0.9994168877601624, 1.580972671508789], [-0.9996307492256165, 0.002923125633969903, -0.027013754472136497, -0.057861328125], [0.0, 0.0, 0.0, 1.0]], [[-0.9330366253852844, 0.35511884093284607, -0.0577346533536911, 1.0311279296875], [0.05973311513662338, -0.0053434413857758045, -0.9982000589370728, 1.5581588745117188], [-0.3547881841659546, -0.9348059296607971, -0.01622673124074936, -0.1026611328125], [0.0, 0.0, 0.0, 1.0]]], "view": [[0.0, -2.0, 100.0], [-2.0, 0.0, 100.0], [0.0, 0.0, 1.0]], "bev": "bev_f5742c786d65428087dc0d0d1de99d38.png", "aux": "aux_f5742c786d65428087dc0d0d1de99d38.npz", "visibility": "visibility_f5742c786d65428087dc0d0d1de99d38.png", "pose": [[0.7358824610710144, -0.6771093010902405, 0.0, 546.5068969726562], [0.6771093010902405, 0.7358824610710144, 0.0, 2049.9365234375], [0.0, 0.0, 1.0, 0.0], [0.0, 0.0, 0.0, 1.0]], "pose_inverse": [[0.7358824610710144, 0.6771093010902405, 0.0, -1790.1959228515625], [-0.6771093010902405, 0.7358824610710144, 0.0, -1138.4674072265625], [0.0, 0.0, 1.0, 0.0], [0.0, 0.0, 0.0, 1.0]], "cam_ids": [0, 1, 2, 3, 4, 5], "cam_channels": ["CAM_FRONT_LEFT", "CAM_FRONT", "CAM_FRONT_RIGHT", "CAM_BACK_LEFT", "CAM_BACK", "CAM_BACK_RIGHT"], "token": "f5742c786d65428087dc0d0d1de99d38", "scene": "scene-1019"}, {"images": ["samples/CAM_FRONT_LEFT/n015-2018-11-14-19-09-14+0800__CAM_FRONT_LEFT__1542194105154844.jpg", "samples/CAM_FRONT/n015-2018-11-14-19-09-14+0800__CAM_FRONT__1542194105162460.jpg", "samples/CAM_FRONT_RIGHT/n015-2018-11-14-19-09-14+0800__CAM_FRONT_RIGHT__1542194105170339.jpg", "samples/CAM_BACK_LEFT/n015-2018-11-14-19-09-14+0800__CAM_BACK_LEFT__1542194105197423.jpg", "samples/CAM_BACK/n015-2018-11-14-19-09-14+0800__CAM_BACK__1542194105187525.jpg", "samples/CAM_BACK_RIGHT/n015-2018-11-14-19-09-14+0800__CAM_BACK_RIGHT__1542194105177893.jpg"], "intrinsics": [[[1272.5979470598488, 0.0, 826.6154927353808], [0.0, 1272.5979470598488, 479.75165386361925], [0.0, 0.0, 1.0]], [[1266.417203046554, 0.0, 816.2670197447984], [0.0, 1266.417203046554, 491.50706579294757], [0.0, 0.0, 1.0]], [[1260.8474446004698, 0.0, 807.968244525554], [0.0, 1260.8474446004698, 495.3344268742088], [0.0, 0.0, 1.0]], [[1256.7414812095406, 0.0, 792.1125740759628], [0.0, 1256.7414812095406, 492.7757465151356], [0.0, 0.0, 1.0]], [[809.2209905677063, 0.0, 829.2196003259838], [0.0, 809.2209905677063, 481.77842384512485], [0.0, 0.0, 1.0]], [[1259.5137405846733, 0.0, 807.2529053838625], [0.0, 1259.5137405846733, 501.19579884916527], [0.0, 0.0, 1.0]]], "extrinsics": [[[0.81926429271698, -0.5719475150108337, 0.041014816612005234, -0.76019287109375], [0.040334973484277725, -0.01386926881968975, -0.9990899562835693, 1.5183067321777344], [0.5719957947731018, 0.8201730251312256, 0.011706885881721973, -1.1387939453125], [0.0, 0.0, 0.0, 1.0]], [[0.004151938948780298, -0.9998266100883484, 0.018153004348278046, 0.006591796875], [0.03498360887169838, -0.01799682341516018, -0.9992258548736572, 1.5277061462402344], [0.9993792772293091, 0.00478387763723731, 0.034902818500995636, -1.487548828125], [0.0, 0.0, 0.0, 1.0]], [[-0.832650363445282, -0.5527949333190918, -0.033334046602249146, 0.900146484375], [0.04056926071643829, -0.0008564076269976795, -0.9991763234138489, 1.5100936889648438], [0.5523110628128052, -0.8333168625831604, 0.023139571771025658, -1.1607933044433594], [0.0, 0.0, 0.0, 1.0]], [[0.947040855884552, 0.3190246522426605, 0.03656269237399101, -1.139892578125], [0.049066584557294846, -0.0312429741024971, -0.9983067512512207, 1.5886611938476562], [-0.3173421621322632, 0.9472312927246094, -0.045241829007864, -0.10455322265625], [0.0, 0.0, 0.0, 1.0]], [[0.0035183618310838938, 0.9997704029083252, -0.02114034630358219, 0.0028076171875], [0.023727335035800934, -0.021217990666627884, -0.9994933009147644, 1.5807723999023438], [-0.9997122883796692, 0.003015033435076475, -0.02379653789103031, -0.057373046875], [0.0, 0.0