[{"images": ["samples/CAM_FRONT_LEFT/n015-2018-07-27-11-36-48+0800__CAM_FRONT_LEFT__1532663141904844.jpg", "samples/CAM_FRONT/n015-2018-07-27-11-36-48+0800__CAM_FRONT__1532663141912460.jpg", "samples/CAM_FRONT_RIGHT/n015-2018-07-27-11-36-48+0800__CAM_FRONT_RIGHT__1532663141920339.jpg", "samples/CAM_BACK_LEFT/n015-2018-07-27-11-36-48+0800__CAM_BACK_LEFT__1532663141947423.jpg", "samples/CAM_BACK/n015-2018-07-27-11-36-48+0800__CAM_BACK__1532663141937537.jpg", "samples/CAM_BACK_RIGHT/n015-2018-07-27-11-36-48+0800__CAM_BACK_RIGHT__1532663141927893.jpg"], "intrinsics": [[[1272.5979470598488, 0.0, 826.6154927353808], [0.0, 1272.5979470598488, 479.75165386361925], [0.0, 0.0, 1.0]], [[1266.417203046554, 0.0, 816.2670197447984], [0.0, 1266.417203046554, 491.50706579294757], [0.0, 0.0, 1.0]], [[1260.8474446004698, 0.0, 807.968244525554], [0.0, 1260.8474446004698, 495.3344268742088], [0.0, 0.0, 1.0]], [[1256.7414812095406, 0.0, 792.1125740759628], [0.0, 1256.7414812095406, 492.7757465151356], [0.0, 0.0, 1.0]], [[809.2209905677063, 0.0, 829.2196003259838], [0.0, 809.2209905677063, 481.77842384512485], [0.0, 0.0, 1.0]], [[1259.5137405846733, 0.0, 807.2529053838625], [0.0, 1259.5137405846733, 501.19579884916527], [0.0, 0.0, 1.0]]], "extrinsics": [[[0.8199906349182129, -0.5723710656166077, -0.0025748934131115675, -0.86065673828125], [-0.0007100020302459598, 0.0034814514219760895, -0.9999936819076538, 1.508154034614563], [0.5723763704299927, 0.8199873566627502, 0.0024483732413500547, -1.2091064453125], [0.0, 0.0, 0.0, 1.0]], [[0.004600175190716982, -0.9999891519546509, 0.0007314723916351795, 0.00653076171875], [-0.006029011681675911, -0.0007592017063871026, -0.9999815821647644, 1.5199012756347656], [0.9999711513519287, 0.004595686215907335, -0.006032439414411783, -1.5872802734375], [0.0, 0.0, 0.0, 1.0]], [[-0.833396852016449, -0.5526072978973389, -0.008644487708806992, 0.9632568359375], [-0.0004067037662025541, 0.016254384070634842, -0.9998677372932434, 1.5035991668701172], [0.5526748299598694, -0.8332832455635071, -0.013771099969744682, -1.2020301818847656], [0.0, 0.0, 0.0, 1.0]], [[0.9477916359901428, 0.3188713788986206, 0.0034859245643019676, -1.133544921875], [0.008181020617485046, -0.013385984115302563, -0.9998769164085388, 1.5886223316192627], [-0.3187854290008545, 0.94770348072052, -0.015295816585421562, -0.106109619140625], [0.0, 0.0, 0.0, 1.0]], [[0.002773196203634143, 0.9999912977218628, -0.0031153929885476828, 0.00286865234375], [-0.01717645861208439, -0.003067311830818653, -0.9998477697372437, 1.5787487030029297], [-0.9998486042022705, 0.0028262976557016373, 0.017167802900075912, -0.033447265625], [0.0, 0.0, 0.0, 1.0]], [[-0.9345573782920837, 0.3556709289550781, -0.01002965122461319, 1.0780029296875], [0.015500757843255997, 0.01253598928451538, -0.9998012781143188, 1.5524063110351562], [-0.3554745614528656, -0.9345271587371826, -0.01722877286374569, -0.0853271484375], [0.0, 0.0, 0.0, 1.0]]], "view": [[0.0, -2.0, 100.0], [-2.0, 0.0, 100.0], [0.0, 0.0, 1.0]], "bev": "bev_214ea23aad7f446a8a3d425678a431ac.png", "aux": "aux_214ea23aad7f446a8a3d425678a431ac.npz", "visibility": "visibility_214ea23aad7f446a8a3d425678a431ac.png", "pose": [[0.9837772846221924, -0.17939412593841553, 0.0, 1326.109619140625], [0.17939412593841553, 0.9837772846221924, 0.0, 1221.6942138671875], [0.0, 0.0, 1.0, 0.0], [0.0, 0.0, 0.0, 1.0]], "pose_inverse": [[0.9837772846221924, 0.17939412593841553, 0.0, -1523.76123046875], [-0.17939412593841553, 0.9837772846221924, 0.0, -963.978759765625], [0.0, 0.0, 1.0, 0.0], [0.0, 0.0, 0.0, 1.0]], "cam_ids": [0, 1, 2, 3, 4, 5], "cam_channels": ["CAM_FRONT_LEFT", "CAM_FRONT", "CAM_FRONT_RIGHT", "CAM_BACK_LEFT", "CAM_BACK", "CAM_BACK_RIGHT"], "token": "214ea23aad7f446a8a3d425678a431ac", "scene": "scene-0188"}, {"images": ["samples/CAM_FRONT_LEFT/n015-2018-07-27-11-36-48+0800__CAM_FRONT_LEFT__1532663142404844.jpg", "samples/CAM_FRONT/n015-2018-07-27-11-36-48+0800__CAM_FRONT__1532663142412460.jpg", "samples/CAM_FRONT_RIGHT/n015-2018-07-27-11-36-48+0800__CAM_FRONT_RIGHT__1532663142420339.jpg", "samples/CAM_BACK_LEFT/n015-2018-07-27-11-36-48+0800__CAM_BACK_LEFT__1532663142447423.jpg", "samples/CAM_BACK/n015-2018-07-27-11-36-48+0800__CAM_BACK__1532663142437525.jpg", "samples/CAM_BACK_RIGHT/n015-2018-07-27-11-36-48+0800__CAM_BACK_RIGHT__1532663142427893.jpg"], "intrinsics": [[[1272.5979470598488, 0.0, 826.6154927353808], [0.0, 1272.5979470598488, 479.75165386361925], [0.0, 0.0, 1.0]], [[1266.417203046554, 0.0, 816.2670197447984], [0.0, 1266.417203046554, 491.50706579294757], [0.0, 0.0, 1.0]], [[1260.8474446004698, 0.0, 807.968244525554], [0.0, 1260.8474446004698, 495.3344268742088], [0.0, 0.0, 1.0]], [[1256.7414812095406, 0.0, 792.1125740759628], [0.0, 1256.7414812095406, 492.7757465151356], [0.0, 0.0, 1.0]], [[809.2209905677063, 0.0, 829.2196003259838], [0.0, 809.2209905677063, 481.77842384512485], [0.0, 0.0, 1.0]], [[1259.5137405846733, 0.0, 807.2529053838625], [0.0, 1259.5137405846733, 501.19579884916527], [0.0, 0.0, 1.0]]], "extrinsics": [[[0.8210628032684326, -0.5707163214683533, 0.011771458201110363, -0.864013671875], [0.019579246640205383, 0.007546529173851013, -0.9997798204421997, 1.5106239318847656], [0.5705018639564514, 0.8211125731468201, 0.017370373010635376, -1.211669921875], [0.0, 0.0, 0.0, 1.0]], [[0.006298714317381382, -0.9999730587005615, -0.003759686602279544, 0.006591796875], [0.014739726670086384, 0.0038521960377693176, -0.9998839497566223, 1.5220260620117188], [0.9998714923858643, 0.006242574192583561, 0.014763591811060905, -1.590576171875], [0.0, 0.0, 0.0, 1.0]], [[-0.8322815299034119, -0.5535828471183777, -0.029215630143880844, 0.9658203125], [0.020821701735258102, 0.02144766040146351, -0.9995530843734741, 1.5052986145019531], [0.5539620518684387, -0.8325178623199463, -0.0063239517621695995, -1.2036209106445312], [0.0, 0.0, 0.0, 1.0]], [[0.947445273399353, 0.31877198815345764, 0.027053283527493477, -1.1357421875], [0.031119685620069504, -0.007669482845813036, -0.9994862079620361, 1.5887680053710938], [-0.31840071082115173, 0.9478003978729248, -0.017186500132083893, -0.105865478515625], [0.0, 0.0, 0.0, 1.0]], [[0.0023198460694402456, 0.9999954104423523, 0.00195746636018157, 0.00244140625], [0.005118674598634243, 0.0019455711590126157, -0.9999849796295166, 1.57952880859375], [-0.9999842047691345, 0.0023298291489481926, -0.005114136729389429, -0.0318603515625], [0.0, 0.0, 0.0, 1.0]], [[-0.9344627261161804, 0.3548952043056488, -0.028787745162844658, 1.080322265625], [0.037163421511650085, 0.016805075109004974, -0.9991678595542908, 1.5536651611328125], [-0.3541160821914673, -0.9347550272941589, -0.02889283560216427, -0.084228515625], [0.0, 0.0, 0.0, 1.0]]], "view": [[0.0, -2.0, 100.0], [-2.0, 0.0, 100.0], [0.0, 0.0, 1.0]], "bev": "bev_0ed9620fbaa6444981cb2a96e542632b.png", "aux": "aux_0ed9620fbaa6444981cb2a96e542632b.npz", "visibility": "visibility_0ed9620fbaa6444981cb2a96e542632b.png", "pose": [[0.9831863641738892, -0.1826048344373703, 0.0, 1327.5108642578125], [0.1826048344373703, 0.9831863641738892, 0.0, 1221.93994140625], [0.0, 0.0, 1.0, 0.0], [0.0, 0.0, 0.0, 1.0]], "pose_inverse": [[0.9831863641738892, 0.1826048344373703, 0.0, -1528.32275390625], [-0.1826048344373703, 0.9831863641738892, 0.0, -958.9848022460938], [0.0, 0.0, 1.0, 0.0], [0.0, 0.0, 0.0, 1.0]], "cam_ids": [0, 1, 2, 3, 4, 5], "cam_channels": ["CAM_FRONT_LEFT", "CAM_FRONT", "CAM_FRONT_RIGHT", "CAM_BACK_LEFT", "CAM_BACK", "CAM_BACK_RIGHT"], "token": "0ed9620fbaa6444981cb2a96e542632b", "scene": "scene-0188"}, {"images": ["samples/CAM_FRONT_LEFT/n015-2018-07-27-11-36-48+0800__CAM_FRONT_LEFT__1532663142904844.jpg", "samples/CAM_FRONT/n015-2018-07-27-11-36-48+0800__CAM_FRONT__1532663142912460.jpg", "samples/CAM_FRONT_RIGHT/n015-2018-07-27-11-36-48+0800__CAM_FRONT_RIGHT__1532663142920339.jpg", "samples/CAM_BACK_LEFT/n015-2018-07-27-11-36-48+0800__CAM_BACK_LEFT__1532663142947423.jpg", "samples/CAM_BACK/n015-2018-07-27-11-36-48+0800__CAM_BACK__1532663142937525.jpg", "samples/CAM_BACK_RIGHT/n015-2018-07-27-11-36-48+0800__CAM_BACK_RIGHT__1532663142927893.jpg"], "intrinsics": [[[1272.5979470598488, 0.0, 826.6154927353808], [0.0, 1272.5979470598488, 479.75165386361925], [0.0, 0.0, 1.0]], [[1266.417203046554, 0.0, 816.2670197447984], [0.0, 1266.417203046554, 491.50706579294757], [0.0, 0.0, 1.0]], [[1260.8474446004698, 0.0, 807.968244525554], [0.0, 1260.8474446004698, 495.3344268742088], [0.0, 0.0, 1.0]], [[1256.7414812095406, 0.0, 792.1125740759628], [0.0, 1256.7414812095406, 492.7757465151356], [0.0, 0.0, 1.0]], [[809.2209905677063, 0.0, 829.2196003259838], [0.0, 809.2209905677063, 481.77842384512485], [0.0, 0.0, 1.0]], [[1259.5137405846733, 0.0, 807.2529053838625], [0.0, 1259.5137405846733, 501.19579884916527], [0.0, 0.0, 1.0]]], "extrinsics": [[[0.8210107088088989, -0.5706251263618469, 0.0181235671043396, -0.87896728515625], [0.02837415039539337, 0.009077684953808784, -0.9995561242103577, 1.5111618041992188], [0.5702072978019714, 0.8211604356765747, 0.02364388108253479, -1.222900390625], [0.0, 0.0, 0.0, 1.0]], [[0.006425154395401478, -0.9999670386314392, -0.004958167672157288, 0.00714111328125], [0.023102285340428352, 0.005105383228510618, -0.9997200965881348, 1.5224952697753906], [0.9997124075889587, 0.00630881218239665, 0.023134326562285423, -1.60693359375], [0.0, 0.0, 0.0, 1.0]], [[-0.8319960832595825, -0.5535902380943298, -0.0363367460668087, 0.9771728515625], [0.028731612488627434, 0.02241373620927334, -0.9993358254432678, 1.5055465698242188], [0.5540369749069214, -0.8324875235557556, -0.0027426020242273808, -1.2104854583740234], [0.0, 0.0, 0.0, 1.0]], [[0.9472852945327759, 0.31868723034858704, 0.03299863636493683, -1.13818359375], [0.03736569732427597, -0.0075978608801960945, -0.9992727637290955, 1.588714599609375], [-0.31820470094680786, 0.9478294849395752, -0.01910530962049961, -0.10491943359375], [0.0, 0.0, 0.0, 1.0]], [[0.0023322906345129013, 0.9999945759773254, 0.0023269224911928177, 0.00238037109375], [0.01200622133910656, 0.0022987599950283766, -0.9999253153800964, 1.579681396484375], [-0.9999251961708069, 0.0023600610438734293, -0.012000796385109425, -0.0252685546875], [0.0, 0.0, 0.0, 1.0]], [[-0.9342275857925415, 0.3549041450023651, -0.03552201762795448, 1.0897216796875], [0.04462617635726929, 0.01749718002974987, -0.9988505244255066, 1.5536422729492188], [-0.35387465357780457, -0.9347389340400696, -0.03218436613678932, -0.080322265625], [0.0, 0.0, 0.0, 1.0]]], "view": [[0.0, -2.0, 100.0], [-2.0, 0.0, 100.0], [0.0, 0.0, 1.0]], "bev": "bev_f65c045aee7e48398b911c54ef0e06eb.png", "aux": "aux_f65c045aee7e48398b911c54ef0e06eb.npz", "visibility": "visibility_f65c045aee7e48398b911c54ef0e06eb.png", "pose": [[0.9850459098815918, -0.17229199409484863, 0.0, 1328.7349853515625], [0.17229199409484863, 0.9850459098815918, 0.0, 1222.1385498046875], [0.0, 0.0, 1.0, 0.0], [0.0, 0.0, 0.0, 1.0]], "pose_inverse": [[0.9850459098815918, 0.17229199409484863, 0.0, -1519.4296875], [-0.17229199409484863, 0.9850459098815918, 0.0, -974.9321899414062], [0.0, 0.0, 1.0, 0.0], [0.0, 0.0, 0.0, 1.0]], "cam_ids": [0, 1, 2, 3, 4, 5], "cam_channels": ["CAM_FRONT_LEFT", "CAM_FRONT", "CAM_FRONT_RIGHT", "CAM_BACK_LEFT", "CAM_BACK", "CAM_BACK_RIGHT"], "token": "f65c045aee7e48398b911c54ef0e06eb", "scene": "scene-0188"}, {"images": ["samples/CAM_FRONT_LEFT/n015-2018-07-27-11-36-48+0800__CAM_FRONT_LEFT__1532663143404844.jpg", "samples/CAM_FRONT/n015-2018-07-27-11-36-48+0800__CAM_FRONT__1532663143412460.jpg", "samples/CAM_FRONT_RIGHT/n015-2018-07-27-11-36-48+0800__CAM_FRONT_RIGHT__1532663143420339.jpg", "samples/CAM_BACK_LEFT/n015-2018-07-27-11-36-48+0800__CAM_BACK_LEFT__1532663143447423.jpg", "samples/CAM_BACK/n015-2018-07-27-11-36-48+0800__CAM_BACK__1532663143437525.jpg", "samples/CAM_BACK_RIGHT/n015-2018-07-27-11-36-48+0800__CAM_BACK_RIGHT__1532663143427893.jpg"], "intrinsics": [[[1272.5979470598488, 0.0, 826.6154927353808], [0.0, 1272.5979470598488, 479.75165386361925], [0.0, 0.0, 1.0]], [[1266.417203046554, 0.0, 816.2670197447984], [0.0, 1266.417203046554, 491.50706579294757], [0.0, 0.0, 1.0]], [[1260.8474446004698, 0.0, 807.968244525554], [0.0, 1260.8474446004698, 495.3344268742088], [0.0, 0.0, 1.0]], [[1256.7414812095406, 0.0, 792.1125740759628], [0.0, 1256.7414812095406, 492.7757465151356], [0.0, 0.0, 1.0]], [[809.2209905677063, 0.0, 829.2196003259838], [0.0, 809.2209905677063, 481.77842384512485], [0.0, 0.0, 1.0]], [[1259.5137405846733, 0.0, 807.2529053838625], [0.0, 1259.5137405846733, 501.19579884916527], [0.0, 0.0, 1.0]]], "extrinsics": [[[0.8214515447616577, -0.5702639818191528, 0.004044534172862768, -0.878173828125], [0.014115615747869015, 0.0132421450689435, -0.999812662601471, 1.5097160339355469], [0.5701035857200623, 0.8213548064231873, 0.018927408382296562, -1.22119140625], [0.0, 0.0, 0.0, 1.0]], [[0.0067241559736430645, -0.9999353289604187, -0.009171600453555584, 0.0062255859375], [0.00866637472063303, 0.00922973733395338, -0.9999198913574219, 1.521270751953125], [0.9999397993087769, 0.006644123233854771, 0.008727876469492912, -1.6064453125], [0.0, 0.0, 0.0, 1.0]], [[-0.8322749137878418, -0.553732693195343, -0.026429444551467896, 0.976806640625], [0.014111261814832687, 0.026498494669795036, -0.9995492100715637, 1.50457763671875], [0.5541833639144897, -0.8322728276252747, -0.014240166172385216, -1.2114651203155518], [0.0, 0.0, 0.0, 1.0]], [[0.9476262927055359, 0.31876814365386963, 0.01978137344121933, -1.139404296875], [0.022161951288580894, -0.0038425354287028313, -0.9997469782829285, 1.5886192321777344], [-0.3186115026473999, 0.9478248953819275, -0.010705810971558094, -0.104339599609375], [0.0, 0.0, 0.0, 1.0]], [[0.00216689333319664, 0.9999784231185913, 0.006200894713401794, 0.0029296875], [-0.0030006817542016506, 0.0062073832377791405, -0.9999762773513794, 1.579276204109192], [-0.9999931454658508, 0.0021482333540916443, 0.003014065558090806, -0.0244140625], [0.0, 0.0, 0.0, 1.0]], [[-0.9347412586212158, 0.35475072264671326, -0.020266706123948097, 1.0904541015625], [0.029838180169463158, 0.021530600264668465, -0.9993228316307068, 1.55291748046875], [-0.3540741205215454, -0.9347130060195923, -0.030710658058524132, -0.080810546875], [0.0, 0.0, 0.0, 1.0]]], "view": [[0.0, -2.0, 100.0], [-2.0, 0.0, 100.0], [0.0, 0.0, 1.0]], "bev": "bev_cebfcd22435d4772aee563422d916328.png", "aux": "aux_cebfcd22435d4772aee563422d916328.npz", "visibility": "visibility_cebfcd22435d4772aee563422d916328.png", "pose": [[0.9876886010169983, -0.15643279254436493, 0.0, 1329.9473876953125], [0.15643279254436493, 0.9876886010169983, 0.0, 1222.3204345703125], [0.0, 0.0, 1.0, 0.0], [0.0, 0.0, 0.0, 1.0]], "pose_inverse": [[0.9876886010169983, 0.15643279254436493, 0.0, -1504.784912109375], [-0.15643279254436493, 0.9876886010169983, 0.0, -999.224609375], [0.0, 0.0, 1.0, 0.0], [0.0, 0.0, 0.0, 1.0]], "cam_ids": [0, 1, 2, 3, 4, 5], "cam_channels": ["CAM_FRONT_LEFT", "CAM_FRONT", "CAM_FRONT_RIGHT", "CAM_BACK_LEFT", "CAM_BACK", "CAM_BACK_RIGHT"], "token": "cebfcd22435d4772aee563422d916328", "scene": "scene-0188"}, {"images": ["samples/CAM_FRONT_LEFT/n015-2018-07-27-11-36-48+0800__CAM_FRONT_LEFT__1532663144004844.jpg", "samples/CAM_FRONT/n015-2018-07-27-11-36-48+0800__CAM_FRONT__1532663144012460.jpg", "samples/CAM_FRONT_RIGHT/n015-2018-07-27-11-36-48+0800__CAM_FRONT_RIGHT__1532663144020339.jpg", "samples/CAM_BACK_LEFT/n015-2018-07-27-11-36-48+0800__CAM_BACK_LEFT__1532663144047423.jpg", "samples/CAM_BACK/n015-2018-07-27-11-36-48+0800__CAM_BACK__1532663144037525.jpg", "samples/CAM_BACK_RIGHT/n015-2018-07-27-11-36-48+0800__CAM_BACK_RIGHT__1532663144027893.jpg"], "intrinsics": [[[1272.5979470598488, 0.0, 826.6154927353808], [0.0, 1272.5979470598488, 479.75165386361925], [0.0, 0.0, 1.0]], [[1266.417203046554, 0.0, 816.2670197447984], [0.0, 1266.417203046554, 491.50706579294757], [0.0, 0.0, 1.0]], [[1260.8474446004698, 0.0, 807.968244525554], [0.0, 1260.8474446004698, 495.3344268742088], [0.0, 0.0, 1.0]], [[1256.7414812095406, 0.0, 792.1125740759628], [0.0, 1256.7414812095406, 492.7757465151356], [0.0, 0.0, 1.0]], [[809.2209905677063, 0.0, 829.2196003259838], [0.0, 809.2209905677063, 481.77842384512485], [0.0, 0.0, 1.0]], [[1259.5137405846733, 0.0, 807.2529053838625], [0.0, 1259.5137405846733, 501.19579884916527], [0.0, 0.0, 1.0]]], "extrinsics": [[[0.821325957775116, -0.5704591274261475, 0.0001261404249817133, -0.87896728515625], [0.008493327535688877, 0.012007280252873898, -0.9998918175697327, 1.509115219116211], [0.5703959465026855, 0.8212381601333618, 0.014706986956298351, -1.22216796875], [0.0, 0.0, 0.0, 1.0]], [[0.00652798218652606, -0.9999464750289917, -0.00802585668861866, 0.0067138671875], [0.00321215414442122, 0.008046957664191723, -0.9999624490737915, 1.5208015441894531], [0.9999735355377197, 0.0065019391477108, 0.003264512401074171, -1.6063232421875], [0.0, 0.0, 0.0, 1.0]], [[-0.8324464559555054, -0.5536916851997375, -0.021410193294286728, 0.976806640625], [0.008836362510919571, 0.02536911331117153, -0.9996390342712402, 1.5042152404785156], [0.5540350079536438, -0.8323352336883545, -0.01622580736875534, -1.2107906341552734], [0.0, 0.0, 0.0, 1.0]], [[0.947700560092926, 0.3188009262084961, 0.015152840875089169, -1.1407470703125], [0.01751934364438057, -0.004556864500045776, -0.9998361468315125, 1.5885791778564453], [-0.3186796009540558, 0.9478107690811157, -0.009903725236654282, -0.103912353515625], [0.0, 0.0, 0.0, 1.0]], [[0.0022083872463554144, 0.9999837279319763, 0.005271518602967262, 0.002685546875], [-0.007888485677540302, 0.005288788117468357, -0.9999549388885498, 1.5791563987731934], [-0.9999665021896362, 0.0021666991524398327, 0.007900035008788109, -0.023681640625], [0.0, 0.0, 0.0, 1.0]], [[-0.9348155856132507, 0.3547792434692383, -0.015858415514230728, 1.09033203125], [0.024724973365664482, 0.020472008734941483, -0.999484658241272, 1.5526466369628906], [-0.3542717695236206, -0.9347259402275085, -0.02790946327149868, -0.080322265625], [0.0, 0.0, 0.0, 1.0]]], "view": [[0.0, -2.0, 100.0], [-2.0, 0.0, 100.0], [0.0, 0.0, 1.0]], "bev": "bev_d744f7dd0963440c98d27ac2c5181b17.png", "aux": "aux_d744f7dd0963440c98d27ac2c5181b17.npz", "visibility": "visibility_d744f7dd0963440c98d27ac2c5181b17.png", "pose": [[0.9902303814888, -0.13944104313850403, 0.0, 1331.3988037109375], [0.13944104313850403, 0.9902303814888, 0.0, 1222.517333984375], [0.0, 0.0, 1.0, 0.0], [0.0, 0.0, 0.0, 1.0]], "pose_inverse": [[0.9902303814888, 0.13944104313850403, 0.0, -1488.860595703125], [-0.13944104313850403, 0.9902303814888, 0.0, -1024.922119140625], [0.0, 0.0, 1.0, 0.0], [0.0, 0.0, 0.0, 1.0]], "cam_ids": [0, 1, 2, 3, 4, 5], "cam_channels": ["CAM_FRONT_LEFT", "CAM_FRONT", "CAM_FRONT_RIGHT", "CAM_BACK_LEFT", "CAM_BACK", "CAM_BACK_RIGHT"], "token": "d744f7dd0963440c98d27ac2c5181b17", "scene": "scene-0188"}, {"images": ["samples/CAM_FRONT_LEFT/n015-2018-07-27-11-36-48+0800__CAM_FRONT_LEFT__1532663144604844.jpg", "samples/CAM_FRONT/n015-2018-07-27-11-36-48+0800__CAM_FRONT__1532663144612460.jpg", "samples/CAM_FRONT_RIGHT/n015-2018-07-27-11-36-48+0800__CAM_FRONT_RIGHT__1532663144620339.jpg", "samples/CAM_BACK_LEFT/n015-2018-07-27-11-36-48+0800__CAM_BACK_LEFT__1532663144647423.jpg", "samples/CAM_BACK/n015-2018-07-27-11-36-48+0800__CAM_BACK__1532663144637525.jpg", "samples/CAM_BACK_RIGHT/n015-2018-07-27-11-36-48+0800__CAM_BACK_RIGHT__1532663144627896.jpg"], "intrinsics": [[[1272.5979470598488, 0.0, 826.6154927353808], [0.0, 1272.5979470598488, 479.75165386361925], [0.0, 0.0, 1.0]], [[1266.417203046554, 0.0, 816.2670197447984], [0.0, 1266.417203046554, 491.50706579294757], [0.0, 0.0, 1.0]], [[1260.8474446004698, 0.0, 807.968244525554], [0.0, 1260.8474446004698, 495.3344268742088], [0.0, 0.0, 1.0]], [[1256.7414812095406, 0.0, 792.1125740759628], [0.0, 1256.7414812095406, 492.7757465151356], [0.0, 0.0, 1.0]], [[809.2209905677063, 0.0, 829.2196003259838], [0.0, 809.2209905677063, 481.77842384512485], [0.0, 0.0, 1.0]], [[1259.5137405846733, 0.0, 807.2529053838625], [0.0, 1259.5137405846733, 501.19579884916527], [0.0, 0.0, 1.0]]], "extrinsics": [[[0.8214922547340393, -0.5702129602432251, -0.0027762947138398886, -0.87200927734375], [0.008122573606669903, 0.016570044681429863, -0.9998297095298767, 1.5091552734375], [0.5701618194580078, 0.8213298320770264, 0.018243759870529175, -1.2161865234375], [0.0, 0.0, 0.0, 1.0]], [[0.006738788913935423, -0.9998987913131714, -0.012533270753920078, 0.005859375], [0.0028911323752254248, 0.012552985921502113, -0.9999170899391174, 1.520796775817871], [0.9999731183052063, 0.006702002137899399, 0.0029754317365586758, -1.599609375], [0.0, 0.0, 0.0, 1.0]], [[-0.8323692679405212, -0.5537165403366089, -0.023649020120501518, 0.97265625], [0.008562910370528698, 0.029816942289471626, -0.9995186924934387, 1.5042495727539062], [0.5541552305221558, -0.8321711421012878, -0.020077282562851906, -1.208709716796875], [0.0, 0.0, 0.0, 1.0]], [[0.9477079510688782, 0.3187153935432434, 0.016436710953712463, -1.142333984375], [0.01743106171488762, -0.00026777118910104036, -0.9998480081558228, 1.5885543823242188], [-0.31866252422332764, 0.9478504061698914, -0.005809315480291843, -0.1033935546875], [0.0, 0.0, 0.0, 1.0]], [[0.002157830400392413, 0.9999513626098633, 0.00962418969720602, 0.0028076171875], [-0.00806521251797676, 0.00964130274951458, -0.9999210238456726, 1.5791473388671875], [-0.9999651908874512, 0.0020800421480089426, 0.008085622452199459, -0.0245361328125], [0.0, 0.0, 0.0, 1.0]], [[-0.934856653213501, 0.35474592447280884, -0.014083326794207096, 1.08782958984375], [0.024496247991919518, 0.02487904205918312, -0.9993903040885925, 1.5527153015136719], [-0.3541792929172516, -0.9346317052841187, -0.031948283314704895, -0.0819091796875], [0.0, 0.0, 0.0, 1.0]]], "view": [[0.0, -2.0, 100.0], [-2.0, 0.0, 100.0], [0.0, 0.0, 1.0]], "bev": "bev_12c04e1ea05c49a1a9bcfd9df9395e04.png", "aux": "aux_12c04e1ea05c49a1a9bcfd9df9395e04.npz", "visibility": "visibility_12c04e1ea05c49a1a9bcfd9df9395e04.png", "pose": [[0.9926567077636719, -0.1209656372666359, 0.0, 1332.9466552734375], [0.1209656372666359, 0.9926567077636719, 0.0, 1222.7042236328125], [0.0, 0.0, 1.0, 0.0], [0.0, 0.0, 0.0, 1.0]], "pose_inverse": [[0.9926567077636719, 0.1209656372666359, 0.0, -1471.0635986328125], [-0.1209656372666359, 0.9926567077636719, 0.0, -1052.4847412109375], [0.0, 0.0, 1.0, 0.0], [0.0, 0.0, 0.0, 1.0]], "cam_ids": [0, 1, 2, 3, 4, 5], "cam_channels": ["CAM_FRONT_LEFT", "CAM_FRONT", "CAM_FRONT_RIGHT", "CAM_BACK_LEFT", "CAM_BACK", "CAM_BACK_RIGHT"], "token": "12c04e1ea05c49a1a9bcfd9df9395e04", "scene": "scene-0188"}, {"images": ["samples/CAM_FRONT_LEFT/n015-2018-07-27-11-36-48+0800__CAM_FRONT_LEFT__1532663145104844.jpg", "samples/CAM_FRONT/n015-2018-07-27-11-36-48+0800__CAM_FRONT__1532663145112877.jpg", "samples/CAM_FRONT_RIGHT/n015-2018-07-27-11-36-48+0800__CAM_FRONT_RIGHT__1532663145120339.jpg", "samples/CAM_BACK_LEFT/n015-2018-07-27-11-36-48+0800__CAM_BACK_LEFT__1532663145147423.jpg", "samples/CAM_BACK/n015-2018-07-27-11-36-48+0800__CAM_BACK__1532663145137525.jpg", "samples/CAM_BACK_RIGHT/n015-2018-07-27-11-36-48+0800__CAM_BACK_RIGHT__1532663145127893.jpg"], "intrinsics": [[[1272.5979470598488, 0.0, 826.6154927353808], [0.0, 1272.5979470598488, 479.75165386361925], [0.0, 0.0, 1.0]], [[1266.417203046554, 0.0, 816.2670197447984], [0.0, 1266.417203046554, 491.50706579294757], [0.0, 0.0, 1.0]], [[1260.8474446004698, 0.0, 807.968244525554], [0.0, 1260.8474446004698, 495.3344268742088], [0.0, 0.0, 1.0]], [[1256.7414812095406, 0.0, 792.1125740759628], [0.0, 1256.7414812095406, 492.7757465151356], [0.0, 0.0, 1.0]], [[809.2209905677063, 0.0, 829.2196003259838], [0.0, 809.2209905677063, 481.77842384512485], [0.0, 0.0, 1.0]], [[1259.5137405846733, 0.0, 807.2529053838625], [0.0, 1259.5137405846733, 501.19579884916527], [0.0, 0.0, 1.0]]], "extrinsics": [[[0.8215733766555786, -0.5700801014900208, -0.005092778708785772, -0.86602783203125], [0.006373720709234476, 0.018117312341928482, -0.9998155236244202, 1.5089874267578125], [0.5700672268867493, 0.821389377117157, 0.01851823180913925, -1.2130126953125], [0.0, 0.0, 0.0, 1.0]], [[0.0068326289765536785, -0.9998777508735657, -0.014063957147300243, 0.006591796875], [0.0011073281057178974, 0.014071843586862087, -0.9999004006385803, 1.5206270217895508], [0.9999760389328003, 0.006816372275352478, 0.0012033401289954782, -1.595458984375], [0.0, 0.0, 0.0, 1.0]], [[-0.8323516845703125, -0.5537722706794739, -0.022956861183047295, 0.9696044921875], [0.006738883908838034, 0.031305231153964996, -0.9994871020317078, 1.5041313171386719], [0.554206907749176, -0.8320794701576233, -0.02232515439391136, -1.206146240234375], [0.0, 0.0, 0.0, 1.0]], [[0.9477173089981079, 0.31876108050346375, 0.014943605288863182, -1.1419677734375], [0.015424974262714386, 0.001014254055917263, -0.9998804926872253, 1.5885601043701172], [-0.3187381327152252, 0.9478345513343811, -0.0039556557312607765, -0.1036376953125], [0.0, 0.0, 0.0, 1.0]], [[0.002119610086083412, 0.9999373555183411, 0.01099399570375681, 0.002685546875], [-0.00998481921851635, 0.011014636605978012, -0.9998894929885864, 1.57908296585083], [-0.9999479055404663, 0.002009604126214981, 0.010007538832724094, -0.0255126953125], [0.0, 0.0, 0.0, 1.0]], [[-0.9349112510681152, 0.3546845316886902, -0.011827305890619755, 1.08514404296875], [0.022631870582699776, 0.02632935345172882, -0.9993970990180969, 1.55267333984375], [-0.35415929555892944, -0.9346152544021606, -0.03264278173446655, -0.0826416015625], [0.0, 0.0, 0.0, 1.0]]], "view": [[0.0, -2.0, 100.0], [-2.0, 0.0, 100.0], [0.0, 0.0, 1.0]], "bev": "bev_4809652b5d2a4ea29bbe1bbb1bacd43a.png", "aux": "aux_4809652b5d2a4ea29bbe1bbb1bacd43a.npz", "visibility": "visibility_4809652b5d2a4ea29bbe1bbb1bacd43a.png", "pose": [[0.9945111870765686, -0.1046304702758789, 0.0, 1334.29541015625], [0.1046304702758789, 0.9945111870765686, 0.0, 1222.8492431640625], [0.0, 0.0, 1.0, 0.0], [0.0, 0.0, 0.0, 1.0]], "pose_inverse": [[0.9945111870765686, 0.1046304702758789, 0.0, -1454.9189453125], [-0.1046304702758789, 0.9945111870765686, 0.0, -1076.529296875], [0.0, 0.0, 1.0, 0.0], [0.0, 0.0, 0.0, 1.0]], "cam_ids": [0, 1, 2, 3, 4, 5], "cam_channels": ["CAM_FRONT_LEFT", "CAM_FRONT", "CAM_FRONT_RIGHT", "CAM_BACK_LEFT", "CAM_BACK", "CAM_BACK_RIGHT"], "token": "4809652b5d2a4ea29bbe1bbb1bacd43a", "scene": "scene-0188"}, {"images": ["samples/CAM_FRONT_LEFT/n015-2018-07-27-11-36-48+0800__CAM_FRONT_LEFT__1532663145604844.jpg", "samples/CAM_FRONT/n015-2018-07-27-11-36-48+0800__CAM_FRONT__1532663145612460.jpg", "samples/CAM_FRONT_RIGHT/n015-2018-07-27-11-36-48+0800__CAM_FRONT_RIGHT__1532663145620339.jpg", "samples/CAM_BACK_LEFT/n015-2018-07-27-11-36-48+0800__CAM_BACK_LEFT__1532663145647423.jpg", "samples/CAM_BACK/n015-2018-07-27-11-36-48+0800__CAM_BACK__1532663145637525.jpg", "samples/CAM_BACK_RIGHT/n015-2018-07-27-11-36-48+0800__CAM_BACK_RIGHT__1532663145627893.jpg"], "intrinsics": [[[1272.5979470598488, 0.0, 826.6154927353808], [0.0, 1272.5979470598488, 479.75165386361925], [0.0, 0.0, 1.0]], [[1266.417203046554, 0.0, 816.2670197447984], [0.0, 1266.417203046554, 491.50706579294757], [0.0, 0.0, 1.0]], [[1260.8474446004698, 0.0, 807.968244525554], [0.0, 1260.8474446004698, 495.3344268742088], [0.0, 0.0, 1.0]], [[1256.7414812095406, 0.0, 792.1125740759628], [0.0, 1256.7414812095406, 492.7757465151356], [0.0, 0.0, 1.0]], [[809.2209905677063, 0.0, 829.2196003259838], [0.0, 809.2209905677063, 481.77842384512485], [0.0, 0.0, 1.0]], [[1259.5137405846733, 0.0, 807.2529053838625], [0.0, 1259.5137405846733, 501.19579884916527], [0.0, 0.0, 1.0]]], "extrinsics": [[[0.8216134905815125, -0.5699825882911682, -0.008428716100752354, -0.85968017578125], [0.0036783956456929445, 0.02008689008653164, -0.9997914433479309, 1.5087146759033203], [0.570033073425293, 0.8214111924171448, 0.018600283190608025, -1.207275390625], [0.0, 0.0, 0.0, 1.0]], [[0.006929250434041023, -0.9998460412025452, -0.01611638255417347, 0.0059814453125], [-0.0017095631919801235, 0.01610490120947361, -0.9998688697814941, 1.5203514099121094], [0.9999744892120361, 0.006955890916287899, -0.0015977055300027132, -1.5863037109375], [0.0, 0.0, 0.0, 1.0]], [[-0.8323473334312439, -0.5538303852081299, -0.02167474664747715, 0.9638671875], [0.0037978808395564556, 0.03340614587068558, -0.9994346499443054, 1.5039520263671875], [0.5542412996292114, -0.831959068775177, -0.025702133774757385, -1.2030181884765625], [0.0, 0.0, 0.0, 1.0]], [[0.9477603435516357, 0.318744957447052, 0.012324248440563679, -1.1431884765625], [0.011937080882489681, 0.0031680979300290346, -0.9999237060546875, 1.5885429382324219], [-0.3187596797943115, 0.9478352069854736, -0.000802287831902504, -0.103271484375], [0.0, 0.0, 0.0, 1.0]], [[0.0020832193549722433, 0.9999111890792847, 0.013160745613276958, 0.0028076171875], [-0.013234906829893589, 0.01318719144910574, -0.9998254776000977, 1.578969955444336], [-0.9999102354049683, 0.0019086834508925676, 0.013261204585433006, -0.0274658203125], [0.0, 0.0, 0.0, 1.0]], [[-0.9349796175956726, 0.35460659861564636, -0.008204479701817036, 1.0810546875], [0.01956854574382305, 0.02847270295023918, -0.9994029998779297, 1.5526008605957031], [-0.3541612923145294, -0.934581995010376, -0.033560533076524734, -0.08447265625], [0.0, 0.0, 0.0, 1.0]]], "view": [[0.0, -2.0, 100.0], [-2.0, 0.0, 100.0], [0.0, 0.0, 1.0]], "bev": "bev_89e3245f3ac2450a98cdeca5c505cbba.png", "aux": "aux_89e3245f3ac2450a98cdeca5c505cbba.npz", "visibility": "visibility_89e3245f3ac2450a98cdeca5c505cbba.png", "pose": [[0.9962092041969299, -0.08698950707912445, 0.0, 1335.7529296875], [0.08698950707912445, 0.9962092041969299, 0.0, 1222.97998046875], [0.0, 0.0, 1.0, 0.0], [0.0, 0.0, 0.0, 1.0]], "pose_inverse": [[0.9962092041969299, 0.08698950707912445, 0.0, -1437.0758056640625], [-0.08698950707912445, 0.9962092041969299, 0.0, -1102.1474609375], [0.0, 0.0, 1.0, 0.0], [0.0, 0.0, 0.0, 1.0]], "cam_ids": [0, 1, 2, 3, 4, 5], "cam_channels": ["CAM_FRONT_LEFT", "CAM_FRONT", "CAM_FRONT_RIGHT", "CAM_BACK_LEFT", "CAM_BACK", "CAM_BACK_RIGHT"], "token": "89e3245f3ac2450a98cdeca5c505cbba", "scene": "scene-0188"}, {"images": ["samples/CAM_FRONT_LEFT/n015-2018-07-27-11-36-48+0800__CAM_FRONT_LEFT__1532663146104844.jpg", "samples/CAM_FRONT/n015-2018-07-27-11-36-48+0800__CAM_FRONT__1532663146112460.jpg", "samples/CAM_FRONT_RIGHT/n015-2018-07-27-11-36-48+0800__CAM_FRONT_RIGHT__1532663146120339.jpg", "samples/CAM_BACK_LEFT/n015-2018-07-27-11-36-48+0800__CAM_BACK_LEFT__1532663146147423.jpg", "samples/CAM_BACK/n015-2018-07-27-11-36-48+0800__CAM_BACK__1532663146137525.jpg", "samples/CAM_BACK_RIGHT/n015-2018-07-27-11-36-48+0800__CAM_BACK_RIGHT__1532663146127893.jpg"], "intrinsics": [[[1272.5979470598488, 0.0, 826.6154927353808], [0.0, 1272.5979470598488, 479.75165386361925], [0.0, 0.0, 1.0]], [[1266.417203046554, 0.0, 816.2670197447984], [0.0, 1266.417203046554, 491.50706579294757], [0.0, 0.0, 1.0]], [[1260.8474446004698, 0.0, 807.968244525554], [0.0, 1260.8474446004698, 495.3344268742088], [0.0, 0.0, 1.0]], [[1256.7414812095406, 0.0, 792.1125740759628], [0.0, 1256.7414812095406, 492.7757465151356], [0.0, 0.0, 1.0]], [[809.2209905677063, 0.0, 829.2196003259838], [0.0, 809.2209905677063, 481.77842384512485], [0.0, 0.0, 1.0]], [[1259.5137405846733, 0.0, 807.2529053838625], [0.0, 1259.5137405846733, 501.19579884916527], [0.0, 0.0, 1.0]]], "extrinsics": [[[0.8212759494781494, -0.5698745846748352, -0.027364442124962807, -0.85150146484375], [-0.02124401554465294, 0.017384406179189682, -0.99962317943573, 1.5053157806396484], [0.5701354742050171, 0.82154780626297, 0.0021709706634283066, -1.201416015625], [0.0, 0.0, 0.0, 1.0]], [[0.006738167256116867, -0.999884307384491, -0.013637526892125607, 0.0057373046875], [-0.026710744947195053, 0.013453003019094467, -0.9995527267456055, 1.5174922943115234], [0.9996204972267151, 0.0070994156412780285, -0.026617001742124557, -1.5784912109375], [0.0, 0.0, 0.0, 1.0]], [[-0.8324968218803406, -0.5540295243263245, 0.0006475753034465015, 0.9583740234375], [-0.021280907094478607, 0.03080911748111248, -0.9992986917495728, 1.5017626285552979], [0.5536211729049683, -0.8319266438484192, -0.03743873909115791, -1.199676513671875], [0.0, 0.0, 0.0, 1.0]], [[0.9476500153541565, 0.31908562779426575, -0.01199406012892723, -1.1407470703125], [-0.013047234155237675, 0.0011632638052105904, -0.9999141693115234, 1.5885391235351562], [-0.3190442621707916, 0.947725236415863, 0.005265551619231701, -0.10382080078125], [0.0, 0.0, 0.0, 1.0]], [[0.002048642374575138, 0.9999397397041321, 0.010786286555230618, 0.003173828125], [-0.03833410516381264, 0.010856909677386284, -0.999206006526947, 1.5780677795410156], [-0.9992627501487732, 0.0016335257096216083, 0.03835403919219971, -0.0318603515625], [0.0, 0.0, 0.0, 1.0]], [[-0.9349955916404724, 0.35436707735061646, 0.01439656876027584, 1.07586669921875], [-0.005553171969950199, 0.025959810242056847, -0.9996475577354431, 1.5510997772216797], [-0.3546159267425537, -0.9347459673881531, -0.022304445505142212, -0.0867919921875], [0.0, 0.0, 0.0, 1.0]]], "view": [[0.0, -2.0, 100.0], [-2.0, 0.0, 100.0], [0.0, 0.0, 1.0]], "bev": "bev_2db384f8485c4dd79f5a5d77a2f1ce9b.png", "aux": "aux_2db384f8485c4dd79f5a5d77a2f1ce9b.npz", "visibility": "visibility_2db384f8485c4dd79f5a5d77a2f1ce9b.png", "pose": [[0.9975802302360535, -0.06952482461929321, 0.0, 1337.275390625], [0.06952482461929321, 0.9975802302360535, 0.0, 1223.0892333984375], [0.0, 0.0, 1.0, 0.0], [0.0, 0.0, 0.0, 1.0]], "pose_inverse": [[0.9975802302360535, 0.06952482461929321, 0.0, -1419.0745849609375], [-0.06952482461929321, 0.9975802302360535, 0.0, -1127.15576171875], [0.0, 0.0, 1.0, 0.0], [0.0, 0.0, 0.0, 1.0]], "cam_ids": [0, 1, 2, 3, 4, 5], "cam_channels": ["CAM_FRONT_LEFT", "CAM_FRONT", "CAM_FRONT_RIGHT", "CAM_BACK_LEFT", "CAM_BACK", "CAM_BACK_RIGHT"], "token": "2db384f8485c4dd79f5a5d77a2f1ce9b", "scene": "scene-0188"}, {"images": ["samples/CAM_FRONT_LEFT/n015-2018-07-27-11-36-48+0800__CAM_FRONT_LEFT__1532663146604844.jpg", "samples/CAM_FRONT/n015-2018-07-27-11-36-48+0800__CAM_FRONT__1532663146612460.jpg", "samples/CAM_FRONT_RIGHT/n015-2018-07-27-11-36-48+0800__CAM_FRONT_RIGHT__1532663146620339.jpg", "samples/CAM_BACK_LEFT/n015-2018-07-27-11-36-48+0800__CAM_BACK_LEFT__1532663146647423.jpg", "samples/CAM_BACK/n015-2018-07-27-11-36-48+0800__CAM_BACK__1532663146637525.jpg", "samples/CAM_BACK_RIGHT/n015-2018-07-27-11-36-48+0800__CAM_BACK_RIGHT__1532663146627893.jpg"], "intrinsics": [[[1272.5979470598488, 0.0, 826.6154927353808], [0.0, 1272.5979470598488, 479.75165386361925], [0.0, 0.0, 1.0]], [[1266.417203046554, 0.0, 816.2670197447984], [0.0, 1266.417203046554, 491.50706579294757], [0.0, 0.0, 1.0]], [[1260.8474446004698, 0.0, 807.968244525554], [0.0, 1260.8474446004698, 495.3344268742088], [0.0, 0.0, 1.0]], [[1256.7414812095406, 0.0, 792.1125740759628], [0.0, 1256.7414812095406, 492.7757465151356], [0.0, 0.0, 1.0]], [[809.2209905677063, 0.0, 829.2196003259838], [0.0, 809.2209905677063, 481.77842384512485], [0.0, 0.0, 1.0]], [[1259.5137405846733, 0.0, 807.2529053838625], [0.0, 1259.5137405846733, 501.19579884916527], [0.0, 0.0, 1.0]]], "extrinsics": [[[0.821550726890564, -0.5696975588798523, -0.02234005182981491, -0.845550537109375], [-0.012457992881536484, 0.021236542612314224, -0.9996968507766724, 1.5064425468444824], [0.5699992179870605, 0.8215799927711487, 0.010349610820412636, -1.1966552734375], [0.0, 0.0, 0.0, 1.0]], [[0.006940401624888182, -0.9998295903205872, -0.017105720937252045, 0.0052490234375], [-0.01716579496860504, 0.0169844888150692, -0.9997084140777588, 1.5184745788574219], [0.999828577041626, 0.007232013624161482, -0.01704499125480652, -1.5716552734375], [0.0, 0.0, 0.0, 1.0]], [[-0.8324477672576904, -0.5540180802345276, -0.009728647768497467, 0.9534912109375], [-0.01095428504049778, 0.03400847315788269, -0.999361515045166, 1.5026321411132812], [0.5539951920509338, -0.8318097591400146, -0.03437914699316025, -1.19696044921875], [0.0, 0.0, 0.0, 1.0]], [[0.9477983117103577, 0.31886857748031616, 0.001088850200176239, -1.138916015625], [0.00010988530266331509, 0.003088094061240554, -0.999995231628418, 1.5885579586029053], [-0.3188704252243042, 0.9477939009666443, 0.0028918518219143152, -0.1038818359375], [0.0, 0.0, 0.0, 1.0]], [[0.002017633756622672, 0.9999106526374817, 0.013218281790614128, 0.0035400390625], [-0.026242049410939217, 0.013266699388623238, -0.9995676279067993, 1.578399658203125], [-0.9996535778045654, 0.0016698847757652402, 0.026266470551490784, -0.0350341796875], [0.0, 0.0, 0.0, 1.0]], [[-0.9350864887237549, 0.3543838560581207, 0.00503521878272295, 1.07171630859375], [0.005543021950870752, 0.02882820926606655, -0.9995689988136292, 1.5518531799316406], [-0.35437628626823425, -0.9346555471420288, -0.028921226039528847, -0.088623046875], [0.0, 0.0, 0.0, 1.0]]], "view": [[0.0, -2.0, 100.0], [-2.0, 0.0, 100.0], [0.0, 0.0, 1.0]], "bev": "bev_70040d3fac934e76a1991a5cc0b9de95.png", "aux": "aux_70040d3fac934e76a1991a5cc0b9de95.npz", "visibility": "visibility_70040d3fac934e76a1991a5cc0b9de95.png", "pose": [[0.9987505674362183, -0.04997275024652481, 0.0, 1338.9334716796875], [0.04997275024652481, 0.9987505674362183, 0.0, 1223.1824951171875], [0.0, 0.0, 1.0, 0.0], [0.0, 0.0, 0.0, 1.0]], "pose_inverse": [[0.9987505674362183, 0.04997275024652481, 0.0, -1398.3863525390625], [-0.04997275024652481, 0.9987505674362183, 0.0, -1154.7440185546875], [0.0, 0.0, 1.0, 0.0], [0.0, 0.0, 0.0, 1.0]], "cam_ids": [0, 1, 2, 3, 4, 5], "cam_channels": ["CAM_FRONT_LEFT", "CAM_FRONT", "CAM_FRONT_RIGHT", "CAM_BACK_LEFT", "CAM_BACK", "CAM_BACK_RIGHT"], "token": "70040d3fac934e76a1991a5cc0b9de95", "scene": "scene-0188"}, {"images": ["samples/CAM_FRONT_LEFT/n015-2018-07-27-11-36-48+0800__CAM_FRONT_LEFT__1532663147154844.jpg", "samples/CAM_FRONT/n015-2018-07-27-11-36-48+0800__CAM_FRONT__1532663147162460.jpg", "samples/CAM_FRONT_RIGHT/n015-2018-07-27-11-36-48+0800__CAM_FRONT_RIGHT__1532663147170339.jpg", "samples/CAM_BACK_LEFT/n015-2018-07-27-11-36-48+0800__CAM_BACK_LEFT__1532663147197453.jpg", "samples/CAM_BACK/n015-2018-07-27-11-36-48+0800__CAM_BACK__1532663147187525.jpg", "samples/CAM_BACK_RIGHT/n015-2018-07-27-11-36-48+0800__CAM_BACK_RIGHT__1532663147177893.jpg"], "intrinsics": [[[1272.5979470598488, 0.0, 826.6154927353808], [0.0, 1272.5979470598488, 479.75165386361925], [0.0, 0.0, 1.0]], [[1266.417203046554, 0.0, 816.2670197447984], [0.0, 1266.417203046554, 491.50706579294757], [0.0, 0.0, 1.0]], [[1260.8474446004698, 0.0, 807.968244525554], [0.0, 1260.8474446004698, 495.3344268742088], [0.0, 0.0, 1.0]], [[1256.7414812095406, 0.0, 792.1125740759628], [0.0, 1256.7414812095406, 492.7757465151356], [0.0, 0.0, 1.0]], [[809.2209905677063, 0.0, 829.2196003259838], [0.0, 809.2209905677063, 481.77842384512485], [0.0, 0.0, 1.0]], [[1259.5137405846733, 0.0, 807.2529053838625], [0.0, 1259.5137405846733, 501.19579884916527], [0.0, 0.0, 1.0]]], "extrinsics": [[[0.8215614557266235, -0.5701135396957397, -0.002731742337346077, -0.836151123046875], [0.014857755042612553, 0.026200154796242714, -0.9995462894439697, 1.5105743408203125], [0.5699264407157898, 0.8211480379104614, 0.029995640739798546, -1.19091796875], [0.0, 0.0, 0.0, 1.0]], [[0.006982527673244476, -0.9997305274009705, -0.02213994413614273, 0.005859375], [0.009767262265086174, 0.02220761403441429, -0.9997057318687439, 1.5218086242675781], [0.9999279379844666, 0.006764226593077183, 0.009919693693518639, -1.5623779296875], [0.0, 0.0, 0.0, 1.0]], [[-0.8320773839950562, -0.5535613894462585, -0.03488597273826599, 0.9473876953125], [0.01558574941009283, 0.03953654691576958, -0.9990965723991394, 1.5052413940429688], [0.5544406175613403, -0.83186936378479, -0.024269793182611465, -1.1921844482421875], [0.0, 0.0, 0.0, 1.0]], [[0.9474537968635559, 0.31876105070114136, 0.026881316676735878, -1.13818359375], [0.025057045742869377, 0.00982298981398344, -0.9996377229690552, 1.5886611938476562], [-0.318909615278244, 0.9477842450141907, 0.001319619594141841, -0.10498046875], [0.0, 0.0, 0.0, 1.0]], [[0.0018487265333533287, 0.9998070001602173, 0.019561612978577614, 0.0029296875], [-0.0006471867673099041, 0.01956283673644066, -0.9