[{"images": ["samples/CAM_FRONT_LEFT/n015-2018-07-18-11-41-49+0800__CAM_FRONT_LEFT__1531885397004844.jpg", "samples/CAM_FRONT/n015-2018-07-18-11-41-49+0800__CAM_FRONT__1531885397012465.jpg", "samples/CAM_FRONT_RIGHT/n015-2018-07-18-11-41-49+0800__CAM_FRONT_RIGHT__1531885397020339.jpg", "samples/CAM_BACK_LEFT/n015-2018-07-18-11-41-49+0800__CAM_BACK_LEFT__1531885397047423.jpg", "samples/CAM_BACK/n015-2018-07-18-11-41-49+0800__CAM_BACK__1531885397037525.jpg", "samples/CAM_BACK_RIGHT/n015-2018-07-18-11-41-49+0800__CAM_BACK_RIGHT__1531885397027893.jpg"], "intrinsics": [[[1272.5979470598488, 0.0, 826.6154927353808], [0.0, 1272.5979470598488, 479.75165386361925], [0.0, 0.0, 1.0]], [[1266.417203046554, 0.0, 816.2670197447984], [0.0, 1266.417203046554, 491.50706579294757], [0.0, 0.0, 1.0]], [[1260.8474446004698, 0.0, 807.968244525554], [0.0, 1260.8474446004698, 495.3344268742088], [0.0, 0.0, 1.0]], [[1256.7414812095406, 0.0, 792.1125740759628], [0.0, 1256.7414812095406, 492.7757465151356], [0.0, 0.0, 1.0]], [[809.2209905677063, 0.0, 829.2196003259838], [0.0, 809.2209905677063, 481.77842384512485], [0.0, 0.0, 1.0]], [[1259.5137405846733, 0.0, 807.2529053838625], [0.0, 1259.5137405846733, 501.19579884916527], [0.0, 0.0, 1.0]]], "extrinsics": [[[0.8207567930221558, -0.571273148059845, -0.002312368480488658, -0.96514892578125], [-0.0033946079201996326, -0.0008293632417917252, -0.9999938607215881, 1.5082499980926514], [0.5712676644325256, 0.820759654045105, -0.002619953826069832, -1.28076171875], [0.0, 0.0, 0.0, 1.0]], [[0.005697931163012981, -0.9999720454216003, 0.004829720128327608, 0.005126953125], [-0.008683396503329277, -0.004879094660282135, -0.9999504089355469, 1.5205368995666504], [0.9999460577964783, 0.00565579067915678, -0.008710955269634724, -1.6926727294921875], [0.0, 0.0, 0.0, 1.0]], [[-0.8329492807388306, -0.5533326268196106, -0.0042897905223071575, 1.032470703125], [-0.003050154075026512, 0.01234351098537445, -0.9999191164970398, 1.5036449432373047], [0.5533408522605896, -0.8328688740730286, -0.011969268321990967, -1.248779296875], [0.0, 0.0, 0.0, 1.0]], [[0.9477660655975342, 0.3189659118652344, -0.00040913367411121726, -1.14215087890625], [0.0056298114359378815, -0.018010713160037994, -0.9998219013214111, 1.5885562896728516], [-0.3189164996147156, 0.9475950002670288, -0.018865659832954407, -0.1036376953125], [0.0, 0.0, 0.0, 1.0]], [[0.002405970823019743, 0.999964714050293, -0.008049395866692066, 0.0029296875], [-0.01978389173746109, -0.008000245317816734, -0.999772310256958, 1.5793609619140625], [-0.9998013377189636, 0.002564743161201477, 0.019763942807912827, 0.0019683837890625], [0.0, 0.0, 0.0, 1.0]], [[-0.9348053932189941, 0.35503602027893066, -0.009399899281561375, 1.13641357421875], [0.012838207185268402, 0.007329822983592749, -0.9998907446861267, 1.5514459609985352], [-0.35492828488349915, -0.9348238706588745, -0.011409984901547432, -0.0635986328125], [0.0, 0.0, 0.0, 1.0]]], "view": [[0.0, -2.0, 100.0], [-2.0, 0.0, 100.0], [0.0, 0.0, 1.0]], "bev": "bev_43cfc03be6f842ae8942c995f8e3f2fb.png", "aux": "aux_43cfc03be6f842ae8942c995f8e3f2fb.npz", "visibility": "visibility_43cfc03be6f842ae8942c995f8e3f2fb.png", "pose": [[-0.7176107168197632, -0.6964444518089294, 0.0, 1032.448486328125], [0.6964444518089294, -0.7176107168197632, 0.0, 847.8142700195312], [0.0, 0.0, 1.0, 0.0], [0.0, 0.0, 0.0, 1.0]], "pose_inverse": [[-0.7176107168197632, 0.6964444518089294, 0.0, 150.4405517578125], [-0.6964444518089294, -0.7176107168197632, 0.0, 1327.443603515625], [0.0, 0.0, 1.0, 0.0], [0.0, 0.0, 0.0, 1.0]], "cam_ids": [0, 1, 2, 3, 4, 5], "cam_channels": ["CAM_FRONT_LEFT", "CAM_FRONT", "CAM_FRONT_RIGHT", "CAM_BACK_LEFT", "CAM_BACK", "CAM_BACK_RIGHT"], "token": "43cfc03be6f842ae8942c995f8e3f2fb", "scene": "scene-0014"}, {"images": ["samples/CAM_FRONT_LEFT/n015-2018-07-18-11-41-49+0800__CAM_FRONT_LEFT__1531885397504844.jpg", "samples/CAM_FRONT/n015-2018-07-18-11-41-49+0800__CAM_FRONT__1531885397512463.jpg", "samples/CAM_FRONT_RIGHT/n015-2018-07-18-11-41-49+0800__CAM_FRONT_RIGHT__1531885397520339.jpg", "samples/CAM_BACK_LEFT/n015-2018-07-18-11-41-49+0800__CAM_BACK_LEFT__1531885397547423.jpg", "samples/CAM_BACK/n015-2018-07-18-11-41-49+0800__CAM_BACK__1531885397537525.jpg", "samples/CAM_BACK_RIGHT/n015-2018-07-18-11-41-49+0800__CAM_BACK_RIGHT__1531885397527893.jpg"], "intrinsics": [[[1272.5979470598488, 0.0, 826.6154927353808], [0.0, 1272.5979470598488, 479.75165386361925], [0.0, 0.0, 1.0]], [[1266.417203046554, 0.0, 816.2670197447984], [0.0, 1266.417203046554, 491.50706579294757], [0.0, 0.0, 1.0]], [[1260.8474446004698, 0.0, 807.968244525554], [0.0, 1260.8474446004698, 495.3344268742088], [0.0, 0.0, 1.0]], [[1256.7414812095406, 0.0, 792.1125740759628], [0.0, 1256.7414812095406, 492.7757465151356], [0.0, 0.0, 1.0]], [[809.2209905677063, 0.0, 829.2196003259838], [0.0, 809.2209905677063, 481.77842384512485], [0.0, 0.0, 1.0]], [[1259.5137405846733, 0.0, 807.2529053838625], [0.0, 1259.5137405846733, 501.19579884916527], [0.0, 0.0, 1.0]]], "extrinsics": [[[0.8207635283470154, -0.5712642073631287, -0.0020872659515589476, -0.96484375], [-0.00316906301304698, -0.0008994035888463259, -0.9999945759773254, 1.508247971534729], [0.5712591409683228, 0.8207656741142273, -0.0025485698133707047, -1.280517578125], [0.0, 0.0, 0.0, 1.0]], [[0.005709975957870483, -0.9999715685844421, 0.0049100397154688835, 0.0052490234375], [-0.008478518575429916, -0.00495835579931736, -0.9999517798423767, 1.5205340385437012], [0.999947726726532, 0.0056680310517549515, -0.008506590500473976, -1.6922454833984375], [0.0, 0.0, 0.0, 1.0]], [[-0.8329405784606934, -0.5533449053764343, -0.004394097253680229, 1.03228759765625], [-0.0028667019214481115, 0.01225554384291172, -0.9999207854270935, 1.5036420822143555], [0.5533549189567566, -0.8328620195388794, -0.01179441437125206, -1.24859619140625], [0.0, 0.0, 0.0, 1.0]], [[0.9477656483650208, 0.31896764039993286, -0.00026266227359883487, -1.14239501953125], [0.005810558330267668, -0.018088554963469505, -0.9998195171356201, 1.5885581970214844], [-0.3189147412776947, 0.9475930333137512, -0.01899709179997444, -0.103759765625], [0.0, 0.0, 0.0, 1.0]], [[0.0023982510901987553, 0.9999641180038452, -0.008130541071295738, 0.0028076171875], [-0.019611572846770287, -0.008081968873739243, -0.9997750520706177, 1.5793581008911133], [-0.9998047947883606, 0.0025571929290890694, 0.01959148608148098, 0.0017547607421875], [0.0, 0.0, 0.0, 1.0]], [[-0.9348090887069702, 0.3550208508968353, -0.00959574244916439, 1.136199951171875], [0.013015598990023136, 0.007245833519846201, -0.999889075756073, 1.5514488220214844], [-0.3549119532108307, -0.9348302483558655, -0.01139428187161684, -0.0635986328125], [0.0, 0.0, 0.0, 1.0]]], "view": [[0.0, -2.0, 100.0], [-2.0, 0.0, 100.0], [0.0, 0.0, 1.0]], "bev": "bev_b4799bade00a402693dfa295adeea027.png", "aux": "aux_b4799bade00a402693dfa295adeea027.npz", "visibility": "visibility_b4799bade00a402693dfa295adeea027.png", "pose": [[-0.7175618410110474, -0.6964947581291199, 0.0, 1032.451171875], [0.6964947581291199, -0.7175618410110474, 0.0, 847.8153686523438], [0.0, 0.0, 1.0, 0.0], [0.0, 0.0, 0.0, 1.0]], "pose_inverse": [[-0.7175618410110474, 0.6964947581291199, 0.0, 150.34860229492188], [-0.6964947581291199, -0.7175618410110474, 0.0, 1327.456787109375], [0.0, 0.0, 1.0, 0.0], [0.0, 0.0, 0.0, 1.0]], "cam_ids": [0, 1, 2, 3, 4, 5], "cam_channels": ["CAM_FRONT_LEFT", "CAM_FRONT", "CAM_FRONT_RIGHT", "CAM_BACK_LEFT", "CAM_BACK", "CAM_BACK_RIGHT"], "token": "b4799bade00a402693dfa295adeea027", "scene": "scene-0014"}, {"images": ["samples/CAM_FRONT_LEFT/n015-2018-07-18-11-41-49+0800__CAM_FRONT_LEFT__1531885398004844.jpg", "samples/CAM_FRONT/n015-2018-07-18-11-41-49+0800__CAM_FRONT__1531885398012466.jpg", "samples/CAM_FRONT_RIGHT/n015-2018-07-18-11-41-49+0800__CAM_FRONT_RIGHT__1531885398020339.jpg", "samples/CAM_BACK_LEFT/n015-2018-07-18-11-41-49+0800__CAM_BACK_LEFT__1531885398047423.jpg", "samples/CAM_BACK/n015-2018-07-18-11-41-49+0800__CAM_BACK__1531885398037525.jpg", "samples/CAM_BACK_RIGHT/n015-2018-07-18-11-41-49+0800__CAM_BACK_RIGHT__1531885398027893.jpg"], "intrinsics": [[[1272.5979470598488, 0.0, 826.6154927353808], [0.0, 1272.5979470598488, 479.75165386361925], [0.0, 0.0, 1.0]], [[1266.417203046554, 0.0, 816.2670197447984], [0.0, 1266.417203046554, 491.50706579294757], [0.0, 0.0, 1.0]], [[1260.8474446004698, 0.0, 807.968244525554], [0.0, 1260.8474446004698, 495.3344268742088], [0.0, 0.0, 1.0]], [[1256.7414812095406, 0.0, 792.1125740759628], [0.0, 1256.7414812095406, 492.7757465151356], [0.0, 0.0, 1.0]], [[809.2209905677063, 0.0, 829.2196003259838], [0.0, 809.2209905677063, 481.77842384512485], [0.0, 0.0, 1.0]], [[1259.5137405846733, 0.0, 807.2529053838625], [0.0, 1259.5137405846733, 501.19579884916527], [0.0, 0.0, 1.0]]], "extrinsics": [[[0.8207530379295349, -0.5712791085243225, -0.0021475027315318584, -0.96490478515625], [-0.0031970576383173466, -0.0008341001812368631, -0.9999945759773254, 1.508248209953308], [0.5712741613388062, 0.8207554817199707, -0.002511002589017153, -1.280517578125], [0.0, 0.0, 0.0, 1.0]], [[0.005693663377314806, -0.9999719858169556, 0.004848035518079996, 0.0050048828125], [-0.008488388732075691, -0.004896270111203194, -0.9999520182609558, 1.5205340385437012], [0.9999477863311768, 0.005652289371937513, -0.008516029454767704, -1.69244384765625], [0.0, 0.0, 0.0, 1.0]], [[-0.8329492211341858, -0.5533316135406494, -0.004433989990502596, 1.03240966796875], [-0.002857482060790062, 0.012314087711274624, -0.9999200701713562, 1.5036420822143555], [0.5533419847488403, -0.8328700065612793, -0.011838143691420555, -1.24859619140625], [0.0, 0.0, 0.0, 1.0]], [[0.947766125202179, 0.3189661502838135, -0.0002441271353745833, -1.142333984375], [0.005806817673146725, -0.018019432201981544, -0.9998207688331604, 1.5885562896728516], [-0.3189132511615753, 0.9475947618484497, -0.018930384889245033, -0.1036376953125], [0.0, 0.0, 0.0, 1.0]], [[0.0024070313666015863, 0.9999646544456482, -0.008057964034378529, 0.0028076171875], [-0.01960689015686512, -0.008009245619177818, -0.9997757077217102, 1.5793590545654297], [-0.9998048543930054, 0.002564446534961462, 0.019586918875575066, 0.00201416015625], [0.0, 0.0, 0.0, 1.0]], [[-0.9348036050796509, 0.3550354838371277, -0.009585116989910603, 1.13623046875], [0.013028125278651714, 0.007308255881071091, -0.9998884201049805, 1.5514459609985352], [-0.35492581129074097, -0.9348242878913879, -0.011457230895757675, -0.0634765625], [0.0, 0.0, 0.0, 1.0]]], "view": [[0.0, -2.0, 100.0], [-2.0, 0.0, 100.0], [0.0, 0.0, 1.0]], "bev": "bev_a3a642471c514dcaa0d1c9c349f16557.png", "aux": "aux_a3a642471c514dcaa0d1c9c349f16557.npz", "visibility": "visibility_a3a642471c514dcaa0d1c9c349f16557.png", "pose": [[-0.7175946831703186, -0.6964609622955322, 0.0, 1032.4527587890625], [0.6964609622955322, -0.7175946831703186, 0.0, 847.8169555664062], [0.0, 0.0, 1.0, 0.0], [0.0, 0.0, 0.0, 1.0]], "pose_inverse": [[-0.7175946831703186, 0.6964609622955322, 0.0, 150.4111785888672], [-0.6964609622955322, -0.7175946831703186, 0.0, 1327.4520263671875], [0.0, 0.0, 1.0, 0.0], [0.0, 0.0, 0.0, 1.0]], "cam_ids": [0, 1, 2, 3, 4, 5], "cam_channels": ["CAM_FRONT_LEFT", "CAM_FRONT", "CAM_FRONT_RIGHT", "CAM_BACK_LEFT", "CAM_BACK", "CAM_BACK_RIGHT"], "token": "a3a642471c514dcaa0d1c9c349f16557", "scene": "scene-0014"}, {"images": ["samples/CAM_FRONT_LEFT/n015-2018-07-18-11-41-49+0800__CAM_FRONT_LEFT__1531885398404844.jpg", "samples/CAM_FRONT/n015-2018-07-18-11-41-49+0800__CAM_FRONT__1531885398412466.jpg", "samples/CAM_FRONT_RIGHT/n015-2018-07-18-11-41-49+0800__CAM_FRONT_RIGHT__1531885398420339.jpg", "samples/CAM_BACK_LEFT/n015-2018-07-18-11-41-49+0800__CAM_BACK_LEFT__1531885398447423.jpg", "samples/CAM_BACK/n015-2018-07-18-11-41-49+0800__CAM_BACK__1531885398437525.jpg", "samples/CAM_BACK_RIGHT/n015-2018-07-18-11-41-49+0800__CAM_BACK_RIGHT__1531885398427893.jpg"], "intrinsics": [[[1272.5979470598488, 0.0, 826.6154927353808], [0.0, 1272.5979470598488, 479.75165386361925], [0.0, 0.0, 1.0]], [[1266.417203046554, 0.0, 816.2670197447984], [0.0, 1266.417203046554, 491.50706579294757], [0.0, 0.0, 1.0]], [[1260.8474446004698, 0.0, 807.968244525554], [0.0, 1260.8474446004698, 495.3344268742088], [0.0, 0.0, 1.0]], [[1256.7414812095406, 0.0, 792.1125740759628], [0.0, 1256.7414812095406, 492.7757465151356], [0.0, 0.0, 1.0]], [[809.2209905677063, 0.0, 829.2196003259838], [0.0, 809.2209905677063, 481.77842384512485], [0.0, 0.0, 1.0]], [[1259.5137405846733, 0.0, 807.2529053838625], [0.0, 1259.5137405846733, 501.19579884916527], [0.0, 0.0, 1.0]]], "extrinsics": [[[0.8207501173019409, -0.5712834000587463, -0.002141204895451665, -0.96490478515625], [-0.0031406842172145844, -0.0007641094271093607, -0.9999947547912598, 1.5082486867904663], [0.5712787508964539, 0.8207525014877319, -0.0024213632568717003, -1.2803955078125], [0.0, 0.0, 0.0, 1.0]], [[0.005687975790351629, -0.999972403049469, 0.004768471699208021, 0.005126953125], [-0.008437653072178364, -0.004816372878849506, -0.9999527931213379, 1.5205349922180176], [0.9999482035636902, 0.0056474353186786175, -0.008464815095067024, -1.6923675537109375], [0.0, 0.0, 0.0, 1.0]], [[-0.8329508304595947, -0.5533285737037659, -0.00452142721042037, 1.03240966796875], [-0.0028119247872382402, 0.012403582222759724, -0.9999191164970398, 1.5036430358886719], [0.5533398985862732, -0.8328707218170166, -0.01188749261200428, -1.24859619140625], [0.0, 0.0, 0.0, 1.0]], [[0.9477660655975342, 0.3189661204814911, -0.00014458116493187845, -1.1422119140625], [0.005895289592444897, -0.017970280721783638, -0.999821126461029, 1.5885543823242188], [-0.31891167163848877, 0.9475957155227661, -0.018912022933363914, -0.1036376953125], [0.0, 0.0, 0.0, 1.0]], [[0.0024078674614429474, 0.9999651312828064, -0.00800419319421053, 0.002685546875], [-0.01954231597483158, -0.007955634035170078, -0.9997774362564087, 1.5793590545654297], [-0.9998061060905457, 0.002563735470175743, 0.01952247880399227, 0.001861572265625], [0.0, 0.0, 0.0, 1.0]], [[-0.9348028302192688, 0.355037122964859, -0.009608767926692963, 1.1361083984375], [0.013082573190331459, 0.007384980097413063, -0.9998871684074402, 1.5514507293701172], [-0.35492613911628723, -0.9348230957984924, -0.01154830027371645, -0.0635986328125], [0.0, 0.0, 0.0, 1.0]]], "view": [[0.0, -2.0, 100.0], [-2.0, 0.0, 100.0], [0.0, 0.0, 1.0]], "bev": "bev_8a6f3826e95840b096096fb07cf3d22d.png", "aux": "aux_8a6f3826e95840b096096fb07cf3d22d.npz", "visibility": "visibility_8a6f3826e95840b096096fb07cf3d22d.png", "pose": [[-0.7176163196563721, -0.6964386701583862, 0.0, 1032.4537353515625], [0.6964386701583862, -0.7176163196563721, 0.0, 847.8180541992188], [0.0, 0.0, 1.0, 0.0], [0.0, 0.0, 0.0, 1.0]], "pose_inverse": [[-0.7176163196563721, 0.6964386701583862, 0.0, 150.452392578125], [-0.6964386701583862, -0.7176163196563721, 0.0, 1327.44873046875], [0.0, 0.0, 1.0, 0.0], [0.0, 0.0, 0.0, 1.0]], "cam_ids": [0, 1, 2, 3, 4, 5], "cam_channels": ["CAM_FRONT_LEFT", "CAM_FRONT", "CAM_FRONT_RIGHT", "CAM_BACK_LEFT", "CAM_BACK", "CAM_BACK_RIGHT"], "token": "8a6f3826e95840b096096fb07cf3d22d", "scene": "scene-0014"}, {"images": ["samples/CAM_FRONT_LEFT/n015-2018-07-18-11-41-49+0800__CAM_FRONT_LEFT__1531885398904844.jpg", "samples/CAM_FRONT/n015-2018-07-18-11-41-49+0800__CAM_FRONT__1531885398912460.jpg", "samples/CAM_FRONT_RIGHT/n015-2018-07-18-11-41-49+0800__CAM_FRONT_RIGHT__1531885398920339.jpg", "samples/CAM_BACK_LEFT/n015-2018-07-18-11-41-49+0800__CAM_BACK_LEFT__1531885398947423.jpg", "samples/CAM_BACK/n015-2018-07-18-11-41-49+0800__CAM_BACK__1531885398937525.jpg", "samples/CAM_BACK_RIGHT/n015-2018-07-18-11-41-49+0800__CAM_BACK_RIGHT__1531885398927893.jpg"], "intrinsics": [[[1272.5979470598488, 0.0, 826.6154927353808], [0.0, 1272.5979470598488, 479.75165386361925], [0.0, 0.0, 1.0]], [[1266.417203046554, 0.0, 816.2670197447984], [0.0, 1266.417203046554, 491.50706579294757], [0.0, 0.0, 1.0]], [[1260.8474446004698, 0.0, 807.968244525554], [0.0, 1260.8474446004698, 495.3344268742088], [0.0, 0.0, 1.0]], [[1256.7414812095406, 0.0, 792.1125740759628], [0.0, 1256.7414812095406, 492.7757465151356], [0.0, 0.0, 1.0]], [[809.2209905677063, 0.0, 829.2196003259838], [0.0, 809.2209905677063, 481.77842384512485], [0.0, 0.0, 1.0]], [[1259.5137405846733, 0.0, 807.2529053838625], [0.0, 1259.5137405846733, 501.19579884916527], [0.0, 0.0, 1.0]]], "extrinsics": [[[0.820758044719696, -0.5712720155715942, -0.0021214825101196766, -0.96490478515625], [-0.003082583425566554, -0.0007152169127948582, -0.9999949932098389, 1.5082486867904663], [0.5712676048278809, 0.8207604885101318, -0.002348013687878847, -1.2803955078125], [0.0, 0.0, 0.0, 1.0]], [[0.005699756555259228, -0.9999725818634033, 0.004728789906948805, 0.0050048828125], [-0.00838366337120533, -0.004776484798640013, -0.9999535083770752, 1.5205326080322266], [0.9999485611915588, 0.005659851245582104, -0.008410658687353134, -1.6922760009765625], [0.0, 0.0, 0.0, 1.0]], [[-0.8329458236694336, -0.5533356666564941, -0.004579639062285423, 1.0322265625], [-0.002762978198006749, 0.012434910982847214, -0.9999188184738159, 1.5036430358886719], [0.5533477067947388, -0.8328655958175659, -0.011886459775269032, -1.2486572265625], [0.0, 0.0, 0.0, 1.0]], [[0.9477658867835999, 0.31896668672561646, -0.00010602863767417148, -1.14215087890625], [0.005917335860431194, -0.0179149080067873, -0.9998219609260559, 1.5885543823242188], [-0.3189118206501007, 0.9475966095924377, -0.01886657252907753, -0.1038818359375], [0.0, 0.0, 0.0, 1.0]], [[0.0024051773361861706, 0.9999655485153198, -0.007949737831950188, 0.0028076171875], [-0.019500721246004105, -0.007901347242295742, -0.9997786283493042, 1.5793581008911133], [-0.9998069405555725, 0.0025596446357667446, 0.01948104426264763, 0.00189208984375], [0.0, 0.0, 0.0, 1.0]], [[-0.9348043203353882, 0.35503238439559937, -0.00963505357503891, 1.136199951171875], [0.013125976547598839, 0.007425410207360983, -0.9998862743377686, 1.5514516830444336], [-0.35492047667503357, -0.934824526309967, -0.011601455509662628, -0.0635986328125], [0.0, 0.0, 0.0, 1.0]]], "view": [[0.0, -2.0, 100.0], [-2.0, 0.0, 100.0], [0.0, 0.0, 1.0]], "bev": "bev_3fa89fab4ac04d89b9f4480c840658fd.png", "aux": "aux_3fa89fab4ac04d89b9f4480c840658fd.npz", "visibility": "visibility_3fa89fab4ac04d89b9f4480c840658fd.png", "pose": [[-0.7175742387771606, -0.6964820027351379, 0.0, 1032.454833984375], [0.6964820027351379, -0.7175742387771606, 0.0, 847.8192138671875], [0.0, 0.0, 1.0, 0.0], [0.0, 0.0, 0.0, 1.0]], "pose_inverse": [[-0.7175742387771606, 0.6964820027351379, 0.0, 150.37216186523438], [-0.6964820027351379, -0.7175742387771606, 0.0, 1327.45947265625], [0.0, 0.0, 1.0, 0.0], [0.0, 0.0, 0.0, 1.0]], "cam_ids": [0, 1, 2, 3, 4, 5], "cam_channels": ["CAM_FRONT_LEFT", "CAM_FRONT", "CAM_FRONT_RIGHT", "CAM_BACK_LEFT", "CAM_BACK", "CAM_BACK_RIGHT"], "token": "3fa89fab4ac04d89b9f4480c840658fd", "scene": "scene-0014"}, {"images": ["samples/CAM_FRONT_LEFT/n015-2018-07-18-11-41-49+0800__CAM_FRONT_LEFT__1531885399404844.jpg", "samples/CAM_FRONT/n015-2018-07-18-11-41-49+0800__CAM_FRONT__1531885399412467.jpg", "samples/CAM_FRONT_RIGHT/n015-2018-07-18-11-41-49+0800__CAM_FRONT_RIGHT__1531885399420339.jpg", "samples/CAM_BACK_LEFT/n015-2018-07-18-11-41-49+0800__CAM_BACK_LEFT__1531885399447423.jpg", "samples/CAM_BACK/n015-2018-07-18-11-41-49+0800__CAM_BACK__1531885399437525.jpg", "samples/CAM_BACK_RIGHT/n015-2018-07-18-11-41-49+0800__CAM_BACK_RIGHT__1531885399427893.jpg"], "intrinsics": [[[1272.5979470598488, 0.0, 826.6154927353808], [0.0, 1272.5979470598488, 479.75165386361925], [0.0, 0.0, 1.0]], [[1266.417203046554, 0.0, 816.2670197447984], [0.0, 1266.417203046554, 491.50706579294757], [0.0, 0.0, 1.0]], [[1260.8474446004698, 0.0, 807.968244525554], [0.0, 1260.8474446004698, 495.3344268742088], [0.0, 0.0, 1.0]], [[1256.7414812095406, 0.0, 792.1125740759628], [0.0, 1256.7414812095406, 492.7757465151356], [0.0, 0.0, 1.0]], [[809.2209905677063, 0.0, 829.2196003259838], [0.0, 809.2209905677063, 481.77842384512485], [0.0, 0.0, 1.0]], [[1259.5137405846733, 0.0, 807.2529053838625], [0.0, 1259.5137405846733, 501.19579884916527], [0.0, 0.0, 1.0]]], "extrinsics": [[[0.8207492232322693, -0.5712845325469971, -0.00214156461879611, -0.96502685546875], [-0.003131223376840353, -0.0007498815539292991, -0.9999948143959045, 1.5082489252090454], [0.5712800025939941, 0.8207517266273499, -0.002404283732175827, -1.2803955078125], [0.0, 0.0, 0.0, 1.0]], [[0.005685423966497183, -0.9999725222587585, 0.004757722839713097, 0.005126953125], [-0.008422107435762882, -0.0048055159859359264, -0.999953031539917, 1.5205330848693848], [0.9999483227729797, 0.005645162891596556, -0.008449196815490723, -1.6923065185546875], [0.0, 0.0, 0.0, 1.0]], [[-0.832953155040741, -0.5533248782157898, -0.004543552175164223, 1.03228759765625], [-0.002790591446682811, 0.01241154596209526, -0.999919056892395, 1.5036449432373047], [0.5533364415168762, -0.8328730463981628, -0.011882338672876358, -1.24871826171875], [0.0, 0.0, 0.0, 1.0]], [[0.9477661848068237, 0.31896570324897766, -0.00014545032172463834, -1.1422119140625], [0.005887235980480909, -0.01794910430908203, -0.9998215436935425, 1.588552474975586], [-0.3189114034175873, 0.9475962519645691, -0.018889382481575012, -0.1036376953125], [0.0, 0.0, 0.0, 1.0]], [[0.0024114709813147783, 0.9999651908874512, -0.007983319461345673, 0.0029296875], [-0.019530802965164185, -0.007934723049402237, -0.9997777938842773, 1.579360008239746], [-0.9998063445091248, 0.0025668947491794825, 0.019510988146066666, 0.0019073486328125], [0.0, 0.0, 0.0, 1.0]], [[-0.9348005056381226, 0.3550432026386261, -0.009612750262022018, 1.136138916015625], [0.013093175366520882, 0.0074014728888869286, -0.9998869299888611, 1.5514507293701172], [-0.3549318313598633, -0.9348205924034119, -0.011567545123398304, -0.0635986328125], [0.0, 0.0, 0.0, 1.0]]], "view": [[0.0, -2.0, 100.0], [-2.0, 0.0, 100.0], [0.0, 0.0, 1.0]], "bev": "bev_96237b21bbed4808a2f751f17d5121f8.png", "aux": "aux_96237b21bbed4808a2f751f17d5121f8.npz", "visibility": "visibility_96237b21bbed4808a2f751f17d5121f8.png", "pose": [[-0.7175597548484802, -0.6964969635009766, 0.0, 1032.455810546875], [0.6964969635009766, -0.7175597548484802, 0.0, 847.8201904296875], [0.0, 0.0, 1.0, 0.0], [0.0, 0.0, 0.0, 1.0]], "pose_inverse": [[-0.7175597548484802, 0.6964969635009766, 0.0, 150.34457397460938], [-0.6964969635009766, -0.7175597548484802, 0.0, 1327.4639892578125], [0.0, 0.0, 1.0, 0.0], [0.0, 0.0, 0.0, 1.0]], "cam_ids": [0, 1, 2, 3, 4, 5], "cam_channels": ["CAM_FRONT_LEFT", "CAM_FRONT", "CAM_FRONT_RIGHT", "CAM_BACK_LEFT", "CAM_BACK", "CAM_BACK_RIGHT"], "token": "96237b21bbed4808a2f751f17d5121f8", "scene": "scene-0014"}, {"images": ["samples/CAM_FRONT_LEFT/n015-2018-07-18-11-41-49+0800__CAM_FRONT_LEFT__1531885399904844.jpg", "samples/CAM_FRONT/n015-2018-07-18-11-41-49+0800__CAM_FRONT__1531885399912491.jpg", "samples/CAM_FRONT_RIGHT/n015-2018-07-18-11-41-49+0800__CAM_FRONT_RIGHT__1531885399920339.jpg", "samples/CAM_BACK_LEFT/n015-2018-07-18-11-41-49+0800__CAM_BACK_LEFT__1531885399947423.jpg", "samples/CAM_BACK/n015-2018-07-18-11-41-49+0800__CAM_BACK__1531885399937525.jpg", "samples/CAM_BACK_RIGHT/n015-2018-07-18-11-41-49+0800__CAM_BACK_RIGHT__1531885399927893.jpg"], "intrinsics": [[[1272.5979470598488, 0.0, 826.6154927353808], [0.0, 1272.5979470598488, 479.75165386361925], [0.0, 0.0, 1.0]], [[1266.417203046554, 0.0, 816.2670197447984], [0.0, 1266.417203046554, 491.50706579294757], [0.0, 0.0, 1.0]], [[1260.8474446004698, 0.0, 807.968244525554], [0.0, 1260.8474446004698, 495.3344268742088], [0.0, 0.0, 1.0]], [[1256.7414812095406, 0.0, 792.1125740759628], [0.0, 1256.7414812095406, 492.7757465151356], [0.0, 0.0, 1.0]], [[809.2209905677063, 0.0, 829.2196003259838], [0.0, 809.2209905677063, 481.77842384512485], [0.0, 0.0, 1.0]], [[1259.5137405846733, 0.0, 807.2529053838625], [0.0, 1259.5137405846733, 501.19579884916527], [0.0, 0.0, 1.0]]], "extrinsics": [[[0.820755124092102, -0.5712764263153076, -0.0020738840103149414, -0.96490478515625], [-0.003092687577009201, -0.000813030987046659, -0.9999948740005493, 1.5082484483718872], [0.5712718367576599, 0.820757269859314, -0.0024340786039829254, -1.2802734375], [0.0, 0.0, 0.0, 1.0]], [[0.005694595165550709, -0.9999722242355347, 0.00480920635163784, 0.0052490234375], [-0.008383801206946373, -0.004856858402490616, -0.9999530911445618, 1.5205349922180176], [0.9999485611915588, 0.0056539857760071754, -0.008411225862801075, -1.6923675537109375], [0.0, 0.0, 0.0, 1.0]], [[-0.8329476118087769, -0.5533331632614136, -0.004553678911179304, 1.03240966796875], [-0.002752799540758133, 0.01237274706363678, -0.9999196529388428, 1.5036430358886719], [0.5533450245857239, -0.8328681588172913, -0.011829064227640629, -1.2486572265625], [0.0, 0.0, 0.0, 1.0]], [[0.9477660059928894, 0.31896644830703735, -0.00012877592234872282, -1.14227294921875], [0.005914756562560797, -0.017978563904762268, -0.9998208284378052, 1.5885581970214844], [-0.318911612033844, 0.947595477104187, -0.01892608031630516, -0.103759765625], [0.0, 0.0, 0.0, 1.0]], [[0.0024061372969299555, 0.9999650120735168, -0.008014663122594357, 0.002685546875], [-0.019496386870741844, -0.00796625204384327, -0.9997782111167908, 1.5793561935424805], [-0.9998070597648621, 0.0025618383660912514, 0.01947653666138649, 0.001953125], [0.0, 0.0, 0.0, 1.0]], [[-0.9348036050796509, 0.35503339767456055, -0.009665148332715034, 1.1361083984375], [0.013135941699147224, 0.007366838399320841, -0.9998866319656372, 1.551447868347168], [-0.35492193698883057, -0.9348246455192566, -0.011550245806574821, -0.0633544921875], [0.0, 0.0, 0.0, 1.0]]], "view": [[0.0, -2.0, 100.0], [-2.0, 0.0, 100.0], [0.0, 0.0, 1.0]], "bev": "bev_74dad84d279846b5a8932753efb179e1.png", "aux": "aux_74dad84d279846b5a8932753efb179e1.npz", "visibility": "visibility_74dad84d279846b5a8932753efb179e1.png", "pose": [[-0.7175768613815308, -0.696479320526123, 0.0, 1032.4566650390625], [0.696479320526123, -0.7175768613815308, 0.0, 847.821044921875], [0.0, 0.0, 1.0, 0.0], [0.0, 0.0, 0.0, 1.0]], "pose_inverse": [[-0.7175768613815308, 0.696479320526123, 0.0, 150.377197265625], [-0.696479320526123, -0.7175768613815308, 0.0, 1327.46142578125], [0.0, 0.0, 1.0, 0.0], [0.0, 0.0, 0.0, 1.0]], "cam_ids": [0, 1, 2, 3, 4, 5], "cam_channels": ["CAM_FRONT_LEFT", "CAM_FRONT", "CAM_FRONT_RIGHT", "CAM_BACK_LEFT", "CAM_BACK", "CAM_BACK_RIGHT"], "token": "74dad84d279846b5a8932753efb179e1", "scene": "scene-0014"}, {"images": ["samples/CAM_FRONT_LEFT/n015-2018-07-18-11-41-49+0800__CAM_FRONT_LEFT__1531885400404844.jpg", "samples/CAM_FRONT/n015-2018-07-18-11-41-49+0800__CAM_FRONT__1531885400412461.jpg", "samples/CAM_FRONT_RIGHT/n015-2018-07-18-11-41-49+0800__CAM_FRONT_RIGHT__1531885400420452.jpg", "samples/CAM_BACK_LEFT/n015-2018-07-18-11-41-49+0800__CAM_BACK_LEFT__1531885400447423.jpg", "samples/CAM_BACK/n015-2018-07-18-11-41-49+0800__CAM_BACK__1531885400437525.jpg", "samples/CAM_BACK_RIGHT/n015-2018-07-18-11-41-49+0800__CAM_BACK_RIGHT__1531885400427893.jpg"], "intrinsics": [[[1272.5979470598488, 0.0, 826.6154927353808], [0.0, 1272.5979470598488, 479.75165386361925], [0.0, 0.0, 1.0]], [[1266.417203046554, 0.0, 816.2670197447984], [0.0, 1266.417203046554, 491.50706579294757], [0.0, 0.0, 1.0]], [[1260.8474446004698, 0.0, 807.968244525554], [0.0, 1260.8474446004698, 495.3344268742088], [0.0, 0.0, 1.0]], [[1256.7414812095406, 0.0, 792.1125740759628], [0.0, 1256.7414812095406, 492.7757465151356], [0.0, 0.0, 1.0]], [[809.2209905677063, 0.0, 829.2196003259838], [0.0, 809.2209905677063, 481.77842384512485], [0.0, 0.0, 1.0]], [[1259.5137405846733, 0.0, 807.2529053838625], [0.0, 1259.5137405846733, 501.19579884916527], [0.0, 0.0, 1.0]]], "extrinsics": [[[0.8207514882087708, -0.5712817311286926, -0.0020053922198712826, -0.96490478515625], [-0.00308185419999063, -0.0009173313737846911, -0.9999948143959045, 1.5082484483718872], [0.5712769031524658, 0.8207534551620483, -0.002513508079573512, -1.2802734375], [0.0, 0.0, 0.0, 1.0]], [[0.005690626800060272, -0.9999716281890869, 0.004922769032418728, 0.0050048828125], [-0.0083879129961133, -0.004970408044755459, -0.999952495098114, 1.5205326080322266], [0.9999485015869141, 0.005649086087942123, -0.00841596070677042, -1.6922607421875], [0.0, 0.0, 0.0, 1.0]], [[-0.8329494595527649, -0.5533309578895569, -0.004470243584364653, 1.0322265625], [-0.0027714697644114494, 0.012250148691236973, -0.9999210834503174, 1.5036439895629883], [0.5533419847488403, -0.8328713774681091, -0.011737295426428318, -1.24871826171875], [0.0, 0.0, 0.0, 1.0]], [[0.9477660655975342, 0.3189661204814911, -0.00017866214329842478, -1.1422119140625], [0.005895646288990974, -0.018078166991472244, -0.9998191595077515, 1.5885562896728516], [-0.31891176104545593, 0.9475936889648438, -0.01901438646018505, -0.103759765625], [0.0, 0.0, 0.0, 1.0]], [[0.0024075473193079233, 0.99996417760849, -0.008116706274449825, 0.0028076171875], [-0.019510727375745773, -0.008068212307989597, -0.9997771382331848, 1.5793581008911133], [-0.9998067617416382, 0.0025654241908341646, 0.01949060522019863, 0.0018310546875], [0.0, 0.0, 0.0, 1.0]], [[-0.9348028302192688, 0.3550347685813904, -0.009687020443379879, 1.1361083984375], [0.013116505928337574, 0.007253971882164478, -0.9998877048492432, 1.5514488220214844], [-0.3549247086048126, -0.9348249435424805, -0.011437851004302502, -0.0635986328125], [0.0, 0.0, 0.0, 1.0]]], "view": [[0.0, -2.0, 100.0], [-2.0, 0.0, 100.0], [0.0, 0.0, 1.0]], "bev": "bev_8e85b43ad9694b7aab05b40b4b6de65c.png", "aux": "aux_8e85b43ad9694b7aab05b40b4b6de65c.npz", "visibility": "visibility_8e85b43ad9694b7aab05b40b4b6de65c.png", "pose": [[-0.7175697684288025, -0.6964865922927856, 0.0, 1032.457275390625], [0.6964865922927856, -0.7175697684288025, 0.0, 847.82177734375], [0.0, 0.0, 1.0, 0.0], [0.0, 0.0, 0.0, 1.0]], "pose_inverse": [[-0.7175697684288025, 0.6964865922927856, 0.0, 150.36361694335938], [-0.6964865922927856, -0.7175697684288025, 0.0, 1327.4639892578125], [0.0, 0.0, 1.0, 0.0], [0.0, 0.0, 0.0, 1.0]], "cam_ids": [0, 1, 2, 3, 4, 5], "cam_channels": ["CAM_FRONT_LEFT", "CAM_FRONT", "CAM_FRONT_RIGHT", "CAM_BACK_LEFT", "CAM_BACK", "CAM_BACK_RIGHT"], "token": "8e85b43ad9694b7aab05b40b4b6de65c", "scene": "scene-0014"}, {"images": ["samples/CAM_FRONT_LEFT/n015-2018-07-18-11-41-49+0800__CAM_FRONT_LEFT__1531885400904844.jpg", "samples/CAM_FRONT/n015-2018-07-18-11-41-49+0800__CAM_FRONT__1531885400912464.jpg", "samples/CAM_FRONT_RIGHT/n015-2018-07-18-11-41-49+0800__CAM_FRONT_RIGHT__1531885400920339.jpg", "samples/CAM_BACK_LEFT/n015-2018-07-18-11-41-49+0800__CAM_BACK_LEFT__1531885400947423.jpg", "samples/CAM_BACK/n015-2018-07-18-11-41-49+0800__CAM_BACK__1531885400937525.jpg", "samples/CAM_BACK_RIGHT/n015-2018-07-18-11-41-49+0800__CAM_BACK_RIGHT__1531885400927893.jpg"], "intrinsics": [[[1272.5979470598488, 0.0, 826.6154927353808], [0.0, 1272.5979470598488, 479.75165386361925], [0.0, 0.0, 1.0]], [[1266.417203046554, 0.0, 816.2670197447984], [0.0, 1266.417203046554, 491.50706579294757], [0.0, 0.0, 1.0]], [[1260.8474446004698, 0.0, 807.968244525554], [0.0, 1260.8474446004698, 495.3344268742088], [0.0, 0.0, 1.0]], [[1256.7414812095406, 0.0, 792.1125740759628], [0.0, 1256.7414812095406, 492.7757465151356], [0.0, 0.0, 1.0]], [[809.2209905677063, 0.0, 829.2196003259838], [0.0, 809.2209905677063, 481.77842384512485], [0.0, 0.0, 1.0]], [[1259.5137405846733, 0.0, 807.2529053838625], [0.0, 1259.5137405846733, 501.19579884916527], [0.0, 0.0, 1.0]]], "extrinsics": [[[0.8207286596298218, -0.5713148713111877, -0.001980352681130171, -0.96478271484375], [-0.0030789244920015335, -0.0009567744564265013, -0.9999948143959045, 1.50824773311615], [0.5713099241256714, 0.820730447769165, -0.0025442871265113354, -1.2802734375], [0.0, 0.0, 0.0, 1.0]], [[0.005657297093421221, -0.9999716877937317, 0.004966932814568281, 0.005126953125], [-0.008345579728484154, -0.005014052614569664, -0.9999526143074036, 1.5205321311950684], [0.9999491572380066, 0.005615542642772198, -0.008373708464205265, -1.6922454833984375], [0.0, 0.0, 0.0, 1.0]], [[-0.8329632878303528, -0.5533097982406616, -0.004511831793934107, 1.03228759765625], [-0.0026885387487709522, 0.01220100186765194, -0.9999219179153442, 1.5036449432373047], [0.5533216595649719, -0.8328861594200134, -0.01165057998150587, -1.2486572265625], [0.0, 0.0, 0.0, 1.0]], [[0.9477658271789551, 0.31896695494651794, -6.993887654971331e-05, -1.14215087890625], [0.0060269590467214584, -0.01812749356031418, -0.9998174905776978, 1.5885543823242188], [-0.31890997290611267, 0.9475924372673035, -0.019103018566966057, -0.103759765625], [0.0, 0.0, 0.0, 1.0]], [[0.0024172435514628887, 0.9999637007713318, -0.008172976784408092, 0.0028076171875], [-0.019406404346227646, -0.008124551735818386, -0.999778687953949, 1.5793581008911133], [-0.9998087882995605, 0.0025753488298505545, 0.019386058673262596, 0.001861572265625], [0.0, 0.0, 0.0, 1.0]], [[-0.9347954392433167, 0.3550514578819275, -0.009794997051358223, 1.1361083984375], [0.013210766017436981, 0.007197474595159292, -0.9998868107795715, 1.5514507293701172], [-0.3549407720565796, -0.9348191618919373, -0.011418668553233147, -0.0634765625], [0.0, 0.0, 0.0, 1.0]]], "view": [[0.0, -2.0, 100.0], [-2.0, 0.0, 100.0], [0.0, 0.0, 1.0]], "bev": "bev_7282c260eb3440539424668687a82648.png", "aux": "aux_7282c260eb3440539424668687a82648.npz", "visibility": "visibility_7282c260eb3440539424668687a82648.png", "pose": [[-0.717605471611023, -0.696449875831604, 0.0, 1032.4578857421875], [0.696449875831604, -0.717605471611023, 0.0, 847.8223876953125], [0.0, 0.0, 1.0, 0.0], [0.0, 0.0, 0.0, 1.0]], "pose_inverse": [[-0.717605471611023, 0.696449875831604, 0.0, 150.431640625], [-0.696449875831604, -0.717605471611023, 0.0, 1327.4571533203125], [0.0, 0.0, 1.0, 0.0], [0.0, 0.0, 0.0, 1.0]], "cam_ids": [0, 1, 2, 3, 4, 5], "cam_channels": ["CAM_FRONT_LEFT", "CAM_FRONT", "CAM_FRONT_RIGHT", "CAM_BACK_LEFT", "CAM_BACK", "CAM_BACK_RIGHT"], "token": "7282c260eb3440539424668687a82648", "scene": "scene-0014"}, {"images": ["samples/CAM_FRONT_LEFT/n015-2018-07-18-11-41-49+0800__CAM_FRONT_LEFT__1531885401404844.jpg", "samples/CAM_FRONT/n015-2018-07-18-11-41-49+0800__CAM_FRONT__1531885401412466.jpg", "samples/CAM_FRONT_RIGHT/n015-2018-07-18-11-41-49+0800__CAM_FRONT_RIGHT__1531885401420339.jpg", "samples/CAM_BACK_LEFT/n015-2018-07-18-11-41-49+0800__CAM_BACK_LEFT__1531885401447423.jpg", "samples/CAM_BACK/n015-2018-07-18-11-41-49+0800__CAM_BACK__1531885401437525.jpg", "samples/CAM_BACK_RIGHT/n015-2018-07-18-11-41-49+0800__CAM_BACK_RIGHT__1531885401427893.jpg"], "intrinsics": [[[1272.5979470598488, 0.0, 826.6154927353808], [0.0, 1272.5979470598488, 479.75165386361925], [0.0, 0.0, 1.0]], [[1266.417203046554, 0.0, 816.2670197447984], [0.0, 1266.417203046554, 491.50706579294757], [0.0, 0.0, 1.0]], [[1260.8474446004698, 0.0, 807.968244525554], [0.0, 1260.8474446004698, 495.3344268742088], [0.0, 0.0, 1.0]], [[1256.7414812095406, 0.0, 792.1125740759628], [0.0, 1256.7414812095406, 492.7757465151356], [0.0, 0.0, 1.0]], [[809.2209905677063, 0.0, 829.2196003259838], [0.0, 809.2209905677063, 481.77842384512485], [0.0, 0.0, 1.0]], [[1259.5137405846733, 0.0, 807.2529053838625], [0.0, 1259.5137405846733, 501.19579884916527], [0.0, 0.0, 1.0]]], "extrinsics": [[[0.8207889795303345, -0.5712312459945679, -0.000644960324279964, -0.9649658203125], [-0.001432602060958743, -0.0009294039336964488, -0.9999985694885254, 1.5082484483718872], [0.5712298154830933, 0.8207886815071106, -0.001581190968863666, -1.2801513671875], [0.0, 0.0, 0.0, 1.0]], [[0.005734172649681568, -0.9999712109565735, 0.004963597282767296, 0.0048828125], [-0.00668380269780755, -0.005001893732696772, -0.9999651312828064, 1.5205330848693848], [0.9999611973762512, 0.005700754467397928, -0.006712291855365038, -1.692230224609375], [0.0, 0.0, 0.0, 1.0]], [[-0.832916796207428, -0.5533666610717773, -0.005907631013542414, 1.03228759765625], [-0.0010120330844074488, 0.012198291718959808, -0.9999250769615173, 1.5036449432373047], [0.5533972978591919, -0.8328484296798706, -0.010720187798142433, -1.248779296875], [0.0, 0.0, 0.0, 1.0]], [[0.9477635622024536, 0.3189692497253418, 0.001680151792243123, -1.1422119140625], [0.007895314134657383, -0.01819319650530815, -0.9998033046722412, 1.5885543823242188], [-0.3188759684562683, 0.9475904703140259, -0.019761212170124054, -0.103759765625], [0.0, 0.0, 0.0, 1.0]], [[0.002404127037152648, 0.9999634623527527, -0.00820302776992321, 0.0028076171875], [-0.017632244154810905, -0.008159387856721878, -0.9998112320899963, 1.5793590545654297], [-0.9998416304588318, 0.0025483176577836275, 0.01761198230087757, 0.0018463134765625], [0.0, 0.0, 0.0, 1.0]], [[-0.9347957968711853, 0.35500261187553406, -0.011400760151445866, 1.136199951171875], [0.014921971596777439, 0.007182476110756397, -0.9998628497123718, 1.5514497756958008], [-0.35487204790115356, -0.9348377585411072, -0.01201148796826601, -0.0635986328125], [0.0, 0.0, 0.0, 1.0]]], "view": [[0.0, -2.0, 100.0], [-2.0, 0.0, 100.0], [0.0, 0.0, 1.0]], "bev": "bev_2da9ed7919024a0ca4db7a801e70d82a.png", "aux": "aux_2da9ed7919024a0ca4db7a801e70d82a.npz", "visibility": "visibility_2da9ed7919024a0ca4db7a801e70d82a.png", "pose": [[-0.7174657583236694, -0.6965937614440918, 0.0, 1032.4583740234375], [0.6965937614440918, -0.7174657583236694, 0.0, 847.8228759765625], [0.0, 0.0, 1.0, 0.0], [0.0, 0.0, 0.0, 1.0]], "pose_inverse": [[-0.7174657583236694, 0.6965937614440918, 0.0, 150.16539001464844], [-0.6965937614440918, -0.7174657583236694, 0.0, 1327.4879150390625], [0.0, 0.0, 1.0, 0.0], [0.0, 0.0, 0.0, 1.0]], "cam_ids": [0, 1, 2, 3, 4, 5], "cam_channels": ["CAM_FRONT_LEFT", "CAM_FRONT", "CAM_FRONT_RIGHT", "CAM_BACK_LEFT", "CAM_BACK", "CAM_BACK_RIGHT"], "token": "2da9ed7919024a0ca4db7a801e70d82a", "scene": "scene-0014"}, {"images": ["samples/CAM_FRONT_LEFT/n015-2018-07-18-11-41-49+0800__CAM_FRONT_LEFT__1531885401904844.jpg", "samples/CAM_FRONT/n015-2018-07-18-11-41-49+0800__CAM_FRONT__1531885401912467.jpg", "samples/CAM_FRONT_RIGHT/n015-2018-07-18-11-41-49+0800__CAM_FRONT_RIGHT__1531885401920339.jpg", "samples/CAM_BACK_LEFT/n015-2018-07-18-11-41-49+0800__CAM_BACK_LEFT__1531885401947423.jpg", "samples/CAM_BACK/n015-2018-07-18-11-41-49+0800__CAM_BACK__1531885401937525.jpg", "samples/CAM_BACK_RIGHT/n015-2018-07-18-11-41-49+0800__CAM_BACK_RIGHT__1531885401927893.jpg"], "intrinsics": [[[1272.5979470598488, 0.0, 826.6154927353808], [0.0, 1272.5979470598488, 479.75165386361925], [0.0, 0.0, 1.0]], [[1266.417203046554, 0.0, 816.2670197447984], [0.0, 1266.417203046554, 491.50706579294757], [0.0, 0.0, 1.0]], [[1260.8474446004698, 0.0, 807.968244525554], [0.0, 1260.8474446004698, 495.3344268742088], [0.0, 0.0, 1.0]], [[1256.7414812095406, 0.0, 792.1125740759628], [0.0, 1256.7414812095406, 492.7757465151356], [0.0, 0.0, 1.0]], [[809.2209905677063, 0.0, 829.2196003259838], [0.0, 809.2209905677063, 481.77842384512485], [0.0, 0.0, 1.0]], [[1259.5137405846733, 0.0, 807.2529053838625], [0.0, 1259.5137405846733, 501.19579884916527], [0.0, 0.0, 1.0]]], "extrinsics": [[[0.8207454681396484, -0.5712921619415283, 0.001446192734874785, -0.95037841796875], [0.0011777180479839444, -0.000839472864754498, -0.999998927116394, 1.508269190788269], [0.5712927579879761, 0.8207463026046753, -1.617241468920838e-05, -1.270263671875], [0.0, 0.0, 0.0, 1.0]], [[0.005659734830260277, -0.9999722838401794, 0.004844075534492731, 0.0052490234375], [-0.0041477270424366, -0.004867585841566324, -0.999979555606842, 1.5204730033874512], [0.999975323677063, 0.005639433860778809, -0.004175160545855761, -1.6776885986328125], [0.0, 0.0, 0.0, 1.0]], [[-0.8329264521598816, -0.5533250570297241, -0.008055858314037323, 1.02294921875], [0.0014482798287644982, 0.012377756647765636, -0.9999223351478577, 1.5036602020263672], [0.5533818006515503, -0.8328734636306763, -0.009508390910923481, -1.2423095703125], [0.0, 0.0, 0.0, 1.0]], [[0.947759747505188, 0.3189621567726135, 0.003834156086668372, -1.1407470703125], [0.010070465505123138, -0.01790505275130272, -0.9997889399528503, 1.588571548461914], [-0.31882622838020325, 0.9475983381271362, -0.0201817