[{"images": ["samples/CAM_FRONT_LEFT/n008-2018-07-27-12-07-38-0400__CAM_FRONT_LEFT__1532707721104799.jpg", "samples/CAM_FRONT/n008-2018-07-27-12-07-38-0400__CAM_FRONT__1532707721112404.jpg", "samples/CAM_FRONT_RIGHT/n008-2018-07-27-12-07-38-0400__CAM_FRONT_RIGHT__1532707721120482.jpg", "samples/CAM_BACK_LEFT/n008-2018-07-27-12-07-38-0400__CAM_BACK_LEFT__1532707721147405.jpg", "samples/CAM_BACK/n008-2018-07-27-12-07-38-0400__CAM_BACK__1532707721137558.jpg", "samples/CAM_BACK_RIGHT/n008-2018-07-27-12-07-38-0400__CAM_BACK_RIGHT__1532707721128113.jpg"], "intrinsics": [[[1257.8625342125129, 0.0, 827.2410631095686], [0.0, 1257.8625342125129, 450.915498205774], [0.0, 0.0, 1.0]], [[1252.8131021185304, 0.0, 826.588114781398], [0.0, 1252.8131021185304, 469.9846626224581], [0.0, 0.0, 1.0]], [[1256.7485116440405, 0.0, 817.7887570959712], [0.0, 1256.7485116440403, 451.9541780095127], [0.0, 0.0, 1.0]], [[1254.9860565800168, 0.0, 829.5769333630991], [0.0, 1254.9860565800168, 467.1680561863987], [0.0, 0.0, 1.0]], [[796.8910634503094, 0.0, 857.7774326863696], [0.0, 796.8910634503094, 476.8848988407415], [0.0, 0.0, 1.0]], [[1249.9629280788233, 0.0, 825.3768045375984], [0.0, 1249.9629280788233, 462.54816385708756], [0.0, 0.0, 1.0]]], "extrinsics": [[[0.8225494027137756, -0.568601131439209, -0.010258599184453487, -1.0050048828125], [0.012671536765992641, 0.03635932877659798, -0.9992584586143494, 1.4882965087890625], [0.5685524344444275, 0.8218094706535339, 0.03711239621043205, -1.3333740234375], [0.0, 0.0, 0.0, 1.0]], [[0.010327816940844059, -0.9994315505027771, -0.03209192678332329, 0.00531005859375], [0.014620286412537098, 0.03224113583564758, -0.999373197555542, 1.48016357421875], [0.999839723110199, 0.009852150455117226, 0.014944956637918949, -1.735107421875], [0.0, 0.0, 0.0, 1.0]], [[-0.843868613243103, -0.5356107950210571, -0.0317283496260643, 1.09033203125], [0.022634979337453842, 0.02354409545660019, -0.9994665384292603, 1.4930801391601562], [0.5360721349716187, -0.8441365957260132, -0.007744584232568741, -1.27734375], [0.0, 0.0, 0.0, 1.0]], [[0.9478749632835388, 0.3184937834739685, 0.009730237536132336, -1.14453125], [-0.0027499624993652105, 0.03871198371052742, -0.9992465972900391, 1.5620460510253906], [-0.31863054633140564, 0.9471340775489807, 0.03756996616721153, -0.1560516357421875], [0.0, 0.0, 0.0, 1.0]], [[0.009145963937044144, 0.9994718432426453, 0.031185511499643326, -0.02880859375], [-0.0006346252048388124, 0.031192608177661896, -0.9995131492614746, 1.5680618286132812], [-0.9999579191207886, 0.009121717885136604, 0.0009195757447741926, 0.044677734375], [0.0, 0.0, 0.0, 1.0]], [[-0.9237050414085388, 0.38310420513153076, -4.22082630393561e-05, 1.1605224609375], [0.003565362887457013, 0.008486300706863403, -0.9999576210975647, 1.547811508178711], [-0.3830876052379608, -0.9236661195755005, -0.009204744361341, -0.0438232421875], [0.0, 0.0, 0.0, 1.0]]], "view": [[0.0, -2.0, 100.0], [-2.0, 0.0, 100.0], [0.0, 0.0, 1.0]], "bev": "bev_d310a39d394e43f48b4f3bc4a1e9f501.png", "aux": "aux_d310a39d394e43f48b4f3bc4a1e9f501.npz", "visibility": "visibility_d310a39d394e43f48b4f3bc4a1e9f501.png", "pose": [[0.9997360706329346, -0.022972403094172478, 0.0, 2250.745361328125], [0.022972403094172478, 0.9997360706329346, 0.0, 858.8986206054688], [0.0, 0.0, 1.0, 0.0], [0.0, 0.0, 0.0, 1.0]], "pose_inverse": [[0.9997360706329346, 0.022972403094172478, 0.0, -2269.88232421875], [-0.022972403094172478, 0.9997360706329346, 0.0, -806.9669189453125], [0.0, 0.0, 1.0, 0.0], [0.0, 0.0, 0.0, 1.0]], "cam_ids": [0, 1, 2, 3, 4, 5], "cam_channels": ["CAM_FRONT_LEFT", "CAM_FRONT", "CAM_FRONT_RIGHT", "CAM_BACK_LEFT", "CAM_BACK", "CAM_BACK_RIGHT"], "token": "d310a39d394e43f48b4f3bc4a1e9f501", "scene": "scene-0218"}, {"images": ["samples/CAM_FRONT_LEFT/n008-2018-07-27-12-07-38-0400__CAM_FRONT_LEFT__1532707721604807.jpg", "samples/CAM_FRONT/n008-2018-07-27-12-07-38-0400__CAM_FRONT__1532707721612404.jpg", "samples/CAM_FRONT_RIGHT/n008-2018-07-27-12-07-38-0400__CAM_FRONT_RIGHT__1532707721620482.jpg", "samples/CAM_BACK_LEFT/n008-2018-07-27-12-07-38-0400__CAM_BACK_LEFT__1532707721647405.jpg", "samples/CAM_BACK/n008-2018-07-27-12-07-38-0400__CAM_BACK__1532707721637558.jpg", "samples/CAM_BACK_RIGHT/n008-2018-07-27-12-07-38-0400__CAM_BACK_RIGHT__1532707721628113.jpg"], "intrinsics": [[[1257.8625342125129, 0.0, 827.2410631095686], [0.0, 1257.8625342125129, 450.915498205774], [0.0, 0.0, 1.0]], [[1252.8131021185304, 0.0, 826.588114781398], [0.0, 1252.8131021185304, 469.9846626224581], [0.0, 0.0, 1.0]], [[1256.7485116440405, 0.0, 817.7887570959712], [0.0, 1256.7485116440403, 451.9541780095127], [0.0, 0.0, 1.0]], [[1254.9860565800168, 0.0, 829.5769333630991], [0.0, 1254.9860565800168, 467.1680561863987], [0.0, 0.0, 1.0]], [[796.8910634503094, 0.0, 857.7774326863696], [0.0, 796.8910634503094, 476.8848988407415], [0.0, 0.0, 1.0]], [[1249.9629280788233, 0.0, 825.3768045375984], [0.0, 1249.9629280788233, 462.54816385708756], [0.0, 0.0, 1.0]]], "extrinsics": [[[0.8225578665733337, -0.5685873627662659, -0.01034730114042759, -1.0050048828125], [0.01261784415692091, 0.03643857315182686, -0.9992562532424927, 1.4882965087890625], [0.5685415267944336, 0.8218154907226562, 0.03714717924594879, -1.333251953125], [0.0, 0.0, 0.0, 1.0]], [[0.010337861254811287, -0.999428927898407, -0.03217216581106186, 0.00531005859375], [0.0145646333694458, 0.03232096880674362, -0.9993714094161987, 1.4801597595214844], [0.9998403787612915, 0.009862788952887058, 0.01489044539630413, -1.73486328125], [0.0, 0.0, 0.0, 1.0]], [[-0.8438664078712463, -0.5356146693229675, -0.0317227877676487, 1.09033203125], [0.022577235475182533, 0.023624584078788757, -0.9994659423828125, 1.493072509765625], [0.5360780954360962, -0.8441319465637207, -0.007843295112252235, -1.27740478515625], [0.0, 0.0, 0.0, 1.0]], [[0.9478746652603149, 0.318494975566864, 0.009714290499687195, -1.14404296875], [-0.0027905642054975033, 0.038782551884651184, -0.9992437958717346, 1.5620441436767578], [-0.3186309337615967, 0.9471307992935181, 0.037649787962436676, -0.15616989135742188], [0.0, 0.0, 0.0, 1.0]], [[0.009144142270088196, 0.9994695782661438, 0.0312550887465477, -0.0289306640625], [-0.0006700340891256928, 0.031262509524822235, -0.9995110034942627, 1.5680580139160156], [-0.9999579191207886, 0.009118728339672089, 0.0009555472643114626, 0.04443359375], [0.0, 0.0, 0.0, 1.0]], [[-0.9237069487571716, 0.3830997049808502, 3.060698873014189e-05, 1.1607666015625], [0.003517317585647106, 0.008560632355511189, -0.9999571442604065, 1.5478105545043945], [-0.3830835521221161, -0.923667311668396, -0.009254999458789825, -0.043701171875], [0.0, 0.0, 0.0, 1.0]]], "view": [[0.0, -2.0, 100.0], [-2.0, 0.0, 100.0], [0.0, 0.0, 1.0]], "bev": "bev_8d0a4c8bc0fe49d59f4357a50a9bb815.png", "aux": "aux_8d0a4c8bc0fe49d59f4357a50a9bb815.npz", "visibility": "visibility_8d0a4c8bc0fe49d59f4357a50a9bb815.png", "pose": [[0.9997379779815674, -0.022889338433742523, 0.0, 2250.745361328125], [0.022889338433742523, 0.9997379779815674, 0.0, 858.8986206054688], [0.0, 0.0, 1.0, 0.0], [0.0, 0.0, 0.0, 1.0]], "pose_inverse": [[0.9997379779815674, 0.022889338433742523, 0.0, -2269.815185546875], [-0.022889338433742523, 0.9997379779815674, 0.0, -807.155517578125], [0.0, 0.0, 1.0, 0.0], [0.0, 0.0, 0.0, 1.0]], "cam_ids": [0, 1, 2, 3, 4, 5], "cam_channels": ["CAM_FRONT_LEFT", "CAM_FRONT", "CAM_FRONT_RIGHT", "CAM_BACK_LEFT", "CAM_BACK", "CAM_BACK_RIGHT"], "token": "8d0a4c8bc0fe49d59f4357a50a9bb815", "scene": "scene-0218"}, {"images": ["samples/CAM_FRONT_LEFT/n008-2018-07-27-12-07-38-0400__CAM_FRONT_LEFT__1532707722104799.jpg", "samples/CAM_FRONT/n008-2018-07-27-12-07-38-0400__CAM_FRONT__1532707722112404.jpg", "samples/CAM_FRONT_RIGHT/n008-2018-07-27-12-07-38-0400__CAM_FRONT_RIGHT__1532707722120482.jpg", "samples/CAM_BACK_LEFT/n008-2018-07-27-12-07-38-0400__CAM_BACK_LEFT__1532707722147405.jpg", "samples/CAM_BACK/n008-2018-07-27-12-07-38-0400__CAM_BACK__1532707722137558.jpg", "samples/CAM_BACK_RIGHT/n008-2018-07-27-12-07-38-0400__CAM_BACK_RIGHT__1532707722128113.jpg"], "intrinsics": [[[1257.8625342125129, 0.0, 827.2410631095686], [0.0, 1257.8625342125129, 450.915498205774], [0.0, 0.0, 1.0]], [[1252.8131021185304, 0.0, 826.588114781398], [0.0, 1252.8131021185304, 469.9846626224581], [0.0, 0.0, 1.0]], [[1256.7485116440405, 0.0, 817.7887570959712], [0.0, 1256.7485116440403, 451.9541780095127], [0.0, 0.0, 1.0]], [[1254.9860565800168, 0.0, 829.5769333630991], [0.0, 1254.9860565800168, 467.1680561863987], [0.0, 0.0, 1.0]], [[796.8910634503094, 0.0, 857.7774326863696], [0.0, 796.8910634503094, 476.8848988407415], [0.0, 0.0, 1.0]], [[1249.9629280788233, 0.0, 825.3768045375984], [0.0, 1249.9629280788233, 462.54816385708756], [0.0, 0.0, 1.0]]], "extrinsics": [[[0.8225675821304321, -0.5685747265815735, -0.010271758772432804, -1.0047607421875], [0.012627377174794674, 0.036320701241493225, -0.9992603659629822, 1.4882965087890625], [0.568527340888977, 0.8218294978141785, 0.037055835127830505, -1.3333740234375], [0.0, 0.0, 0.0, 1.0]], [[0.010353391990065575, -0.9994324445724487, -0.03205644711852074, 0.00537109375], [0.014566141180694103, 0.03220550715923309, -0.9993751645088196, 1.4801673889160156], [0.9998403191566467, 0.009879986755549908, 0.014891309663653374, -1.734619140625], [0.0, 0.0, 0.0, 1.0]], [[-0.843859076499939, -0.5356301665306091, -0.031656552106142044, 1.090576171875], [0.02257027104496956, 0.02351175807416439, -0.9994687438011169, 1.493072509765625], [0.5360900163650513, -0.8441253900527954, -0.0077512930147349834, -1.2774658203125], [0.0, 0.0, 0.0, 1.0]], [[0.9478744268417358, 0.3184974789619446, 0.009660551324486732, -1.14404296875], [-0.002813210478052497, 0.03868116810917854, -0.999247670173645, 1.5620441436767578], [-0.31863152980804443, 0.9471341371536255, 0.03756089508533478, -0.1561737060546875], [0.0, 0.0, 0.0, 1.0]], [[0.009138585068285465, 0.9994730353355408, 0.031147731468081474, -0.0289306640625], [-0.0006929399678483605, 0.031155353412032127, -0.9995142817497253, 1.5680656433105469], [-0.9999579787254333, 0.00911256019026041, 0.0009772906778380275, 0.04443359375], [0.0, 0.0, 0.0, 1.0]], [[-0.9237112998962402, 0.3830893039703369, -1.784469532140065e-06, 1.16064453125], [0.0035064751282334328, 0.008450213819742203, -0.9999581575393677, 1.547811508178711], [-0.38307318091392517, -0.923672616481781, -0.009148849174380302, -0.0438232421875], [0.0, 0.0, 0.0, 1.0]]], "view": [[0.0, -2.0, 100.0], [-2.0, 0.0, 100.0], [0.0, 0.0, 1.0]], "bev": "bev_985a34b58d394e84a7723a4a453249c7.png", "aux": "aux_985a34b58d394e84a7723a4a453249c7.npz", "visibility": "visibility_985a34b58d394e84a7723a4a453249c7.png", "pose": [[0.9997376203536987, -0.022907035425305367, 0.0, 2250.745361328125], [0.022907035425305367, 0.9997376203536987, 0.0, 858.8986206054688], [0.0, 0.0, 1.0, 0.0], [0.0, 0.0, 0.0, 1.0]], "pose_inverse": [[0.9997376203536987, 0.022907035425305367, 0.0, -2269.82958984375], [-0.022907035425305367, 0.9997376203536987, 0.0, -807.1153564453125], [0.0, 0.0, 1.0, 0.0], [0.0, 0.0, 0.0, 1.0]], "cam_ids": [0, 1, 2, 3, 4, 5], "cam_channels": ["CAM_FRONT_LEFT", "CAM_FRONT", "CAM_FRONT_RIGHT", "CAM_BACK_LEFT", "CAM_BACK", "CAM_BACK_RIGHT"], "token": "985a34b58d394e84a7723a4a453249c7", "scene": "scene-0218"}, {"images": ["samples/CAM_FRONT_LEFT/n008-2018-07-27-12-07-38-0400__CAM_FRONT_LEFT__1532707722604799.jpg", "samples/CAM_FRONT/n008-2018-07-27-12-07-38-0400__CAM_FRONT__1532707722612404.jpg", "samples/CAM_FRONT_RIGHT/n008-2018-07-27-12-07-38-0400__CAM_FRONT_RIGHT__1532707722620482.jpg", "samples/CAM_BACK_LEFT/n008-2018-07-27-12-07-38-0400__CAM_BACK_LEFT__1532707722647405.jpg", "samples/CAM_BACK/n008-2018-07-27-12-07-38-0400__CAM_BACK__1532707722637558.jpg", "samples/CAM_BACK_RIGHT/n008-2018-07-27-12-07-38-0400__CAM_BACK_RIGHT__1532707722628125.jpg"], "intrinsics": [[[1257.8625342125129, 0.0, 827.2410631095686], [0.0, 1257.8625342125129, 450.915498205774], [0.0, 0.0, 1.0]], [[1252.8131021185304, 0.0, 826.588114781398], [0.0, 1252.8131021185304, 469.9846626224581], [0.0, 0.0, 1.0]], [[1256.7485116440405, 0.0, 817.7887570959712], [0.0, 1256.7485116440403, 451.9541780095127], [0.0, 0.0, 1.0]], [[1254.9860565800168, 0.0, 829.5769333630991], [0.0, 1254.9860565800168, 467.1680561863987], [0.0, 0.0, 1.0]], [[796.8910634503094, 0.0, 857.7774326863696], [0.0, 796.8910634503094, 476.8848988407415], [0.0, 0.0, 1.0]], [[1249.9629280788233, 0.0, 825.3768045375984], [0.0, 1249.9629280788233, 462.54816385708756], [0.0, 0.0, 1.0]]], "extrinsics": [[[0.822560727596283, -0.5685840845108032, -0.010294727049767971, -1.0050048828125], [0.012588095851242542, 0.03630351275205612, -0.9992614984512329, 1.4882965087890625], [0.5685378909111023, 0.82182377576828, 0.03701923415064812, -1.3333740234375], [0.0, 0.0, 0.0, 1.0]], [[0.010344265960156918, -0.9994330406188965, -0.03204074501991272, 0.00531005859375], [0.014544720761477947, 0.03218945488333702, -0.9993759393692017, 1.48016357421875], [0.9998406767845154, 0.009871787391602993, 0.014869450591504574, -1.734619140625], [0.0, 0.0, 0.0, 1.0]], [[-0.8438621759414673, -0.5356259942054749, -0.0316464826464653, 1.090576171875], [0.022567829117178917, 0.023496896028518677, -0.9994691014289856, 1.493072509765625], [0.536085307598114, -0.8441283702850342, -0.007740227039903402, -1.27728271484375], [0.0, 0.0, 0.0, 1.0]], [[0.9478749632835388, 0.31849655508995056, 0.009655089117586613, -1.14404296875], [-0.002812356688082218, 0.03866162523627281, -0.9992483854293823, 1.5620441436767578], [-0.31863048672676086, 0.9471352100372314, 0.037542104721069336, -0.15616226196289062], [0.0, 0.0, 0.0, 1.0]], [[0.00914042629301548, 0.9994732737541199, 0.03113834373652935, -0.02880859375], [-0.0006936549907550216, 0.0311459731310606, -0.9995145797729492, 1.5680618286132812], [-0.9999579787254333, 0.00911439023911953, 0.0009779772954061627, 0.04443359375], [0.0, 0.0, 0.0, 1.0]], [[-0.9237099289894104, 0.38309246301651, -9.1848833108088e-06, 1.16064453125], [0.003508693305775523, 0.008436162024736404, -0.9999582767486572, 1.547811508178711], [-0.38307633996009827, -0.9236714243888855, -0.00913672149181366, -0.043701171875], [0.0, 0.0, 0.0, 1.0]]], "view": [[0.0, -2.0, 100.0], [-2.0, 0.0, 100.0], [0.0, 0.0, 1.0]], "bev": "bev_83b1c15008174167b6337fe6a4cf9a74.png", "aux": "aux_83b1c15008174167b6337fe6a4cf9a74.npz", "visibility": "visibility_83b1c15008174167b6337fe6a4cf9a74.png", "pose": [[0.9997385740280151, -0.02286427468061447, 0.0, 2250.745361328125], [0.02286427468061447, 0.9997385740280151, 0.0, 858.8986206054688], [0.0, 0.0, 1.0, 0.0], [0.0, 0.0, 0.0, 1.0]], "pose_inverse": [[0.9997385740280151, 0.02286427468061447, 0.0, -2269.795166015625], [-0.02286427468061447, 0.9997385740280151, 0.0, -807.21240234375], [0.0, 0.0, 1.0, 0.0], [0.0, 0.0, 0.0, 1.0]], "cam_ids": [0, 1, 2, 3, 4, 5], "cam_channels": ["CAM_FRONT_LEFT", "CAM_FRONT", "CAM_FRONT_RIGHT", "CAM_BACK_LEFT", "CAM_BACK", "CAM_BACK_RIGHT"], "token": "83b1c15008174167b6337fe6a4cf9a74", "scene": "scene-0218"}, {"images": ["samples/CAM_FRONT_LEFT/n008-2018-07-27-12-07-38-0400__CAM_FRONT_LEFT__1532707723104799.jpg", "samples/CAM_FRONT/n008-2018-07-27-12-07-38-0400__CAM_FRONT__1532707723112404.jpg", "samples/CAM_FRONT_RIGHT/n008-2018-07-27-12-07-38-0400__CAM_FRONT_RIGHT__1532707723120482.jpg", "samples/CAM_BACK_LEFT/n008-2018-07-27-12-07-38-0400__CAM_BACK_LEFT__1532707723147405.jpg", "samples/CAM_BACK/n008-2018-07-27-12-07-38-0400__CAM_BACK__1532707723137561.jpg", "samples/CAM_BACK_RIGHT/n008-2018-07-27-12-07-38-0400__CAM_BACK_RIGHT__1532707723128113.jpg"], "intrinsics": [[[1257.8625342125129, 0.0, 827.2410631095686], [0.0, 1257.8625342125129, 450.915498205774], [0.0, 0.0, 1.0]], [[1252.8131021185304, 0.0, 826.588114781398], [0.0, 1252.8131021185304, 469.9846626224581], [0.0, 0.0, 1.0]], [[1256.7485116440405, 0.0, 817.7887570959712], [0.0, 1256.7485116440403, 451.9541780095127], [0.0, 0.0, 1.0]], [[1254.9860565800168, 0.0, 829.5769333630991], [0.0, 1254.9860565800168, 467.1680561863987], [0.0, 0.0, 1.0]], [[796.8910634503094, 0.0, 857.7774326863696], [0.0, 796.8910634503094, 476.8848988407415], [0.0, 0.0, 1.0]], [[1249.9629280788233, 0.0, 825.3768045375984], [0.0, 1249.9629280788233, 462.54816385708756], [0.0, 0.0, 1.0]]], "extrinsics": [[[0.8225674629211426, -0.5685710310935974, -0.010479189455509186, -1.004638671875], [0.012385847978293896, 0.036336109042167664, -0.9992628693580627, 1.4882965087890625], [0.5685327053070068, 0.8218312859535217, 0.03693113476037979, -1.3333740234375], [0.0, 0.0, 0.0, 1.0]], [[0.010353313758969307, -0.9994319677352905, -0.032070741057395935, 0.00531005859375], [0.014342294074594975, 0.03221758082509041, -0.999377965927124, 1.48016357421875], [0.9998434782028198, 0.009886903688311577, 0.01466770563274622, -1.734619140625], [0.0, 0.0, 0.0, 1.0]], [[-0.8438601493835449, -0.5356384515762329, -0.03148818016052246, 1.090576171875], [0.022365285083651543, 0.023520370945334435, -0.9994731545448303, 1.493072509765625], [0.5360968708992004, -0.8441197872161865, -0.007868199609220028, -1.277587890625], [0.0, 0.0, 0.0, 1.0]], [[0.9478741884231567, 0.3185045123100281, 0.009465035982429981, -1.143798828125], [-0.003017185488715768, 0.03867394104599953, -0.9992473125457764, 1.5620441436767578], [-0.3186308443546295, 0.9471321702003479, 0.03761901333928108, -0.156036376953125], [0.0, 0.0, 0.0, 1.0]], [[0.009136093780398369, 0.9994731545448303, 0.0311423409730196, -0.0289306640625], [-0.0008925475995056331, 0.031151780858635902, -0.9995142221450806, 1.5680599212646484], [-0.9999578595161438, 0.009103859774768353, 0.0011766828829422593, 0.044189453125], [0.0, 0.0, 0.0, 1.0]], [[-0.9237154722213745, 0.3830792009830475, 0.00017888090224005282, 1.16064453125], [0.0033103791065514088, 0.008449223823845387, -0.9999588131904602, 1.5478124618530273], [-0.3830648958683014, -0.9236768484115601, -0.00907281506806612, -0.0438232421875], [0.0, 0.0, 0.0, 1.0]]], "view": [[0.0, -2.0, 100.0], [-2.0, 0.0, 100.0], [0.0, 0.0, 1.0]], "bev": "bev_2d2441278eb044aeadf7d973db30db76.png", "aux": "aux_2d2441278eb044aeadf7d973db30db76.npz", "visibility": "visibility_2d2441278eb044aeadf7d973db30db76.png", "pose": [[0.9997386932373047, -0.022858064621686935, 0.0, 2250.745361328125], [0.022858064621686935, 0.9997386932373047, 0.0, 858.8986206054688], [0.0, 0.0, 1.0, 0.0], [0.0, 0.0, 0.0, 1.0]], "pose_inverse": [[0.9997386932373047, 0.022858064621686935, 0.0, -2269.7900390625], [-0.022858064621686935, 0.9997386932373047, 0.0, -807.2265014648438], [0.0, 0.0, 1.0, 0.0], [0.0, 0.0, 0.0, 1.0]], "cam_ids": [0, 1, 2, 3, 4, 5], "cam_channels": ["CAM_FRONT_LEFT", "CAM_FRONT", "CAM_FRONT_RIGHT", "CAM_BACK_LEFT", "CAM_BACK", "CAM_BACK_RIGHT"], "token": "2d2441278eb044aeadf7d973db30db76", "scene": "scene-0218"}, {"images": ["samples/CAM_FRONT_LEFT/n008-2018-07-27-12-07-38-0400__CAM_FRONT_LEFT__1532707723604799.jpg", "samples/CAM_FRONT/n008-2018-07-27-12-07-38-0400__CAM_FRONT__1532707723612404.jpg", "samples/CAM_FRONT_RIGHT/n008-2018-07-27-12-07-38-0400__CAM_FRONT_RIGHT__1532707723620482.jpg", "samples/CAM_BACK_LEFT/n008-2018-07-27-12-07-38-0400__CAM_BACK_LEFT__1532707723647405.jpg", "samples/CAM_BACK/n008-2018-07-27-12-07-38-0400__CAM_BACK__1532707723637558.jpg", "samples/CAM_BACK_RIGHT/n008-2018-07-27-12-07-38-0400__CAM_BACK_RIGHT__1532707723628113.jpg"], "intrinsics": [[[1257.8625342125129, 0.0, 827.2410631095686], [0.0, 1257.8625342125129, 450.915498205774], [0.0, 0.0, 1.0]], [[1252.8131021185304, 0.0, 826.588114781398], [0.0, 1252.8131021185304, 469.9846626224581], [0.0, 0.0, 1.0]], [[1256.7485116440405, 0.0, 817.7887570959712], [0.0, 1256.7485116440403, 451.9541780095127], [0.0, 0.0, 1.0]], [[1254.9860565800168, 0.0, 829.5769333630991], [0.0, 1254.9860565800168, 467.1680561863987], [0.0, 0.0, 1.0]], [[796.8910634503094, 0.0, 857.7774326863696], [0.0, 796.8910634503094, 476.8848988407415], [0.0, 0.0, 1.0]], [[1249.9629280788233, 0.0, 825.3768045375984], [0.0, 1249.9629280788233, 462.54816385708756], [0.0, 0.0, 1.0]]], "extrinsics": [[[0.8225687742233276, -0.5685709118843079, -0.010381508618593216, -1.0050048828125], [0.012468747794628143, 0.0362844243645668, -0.9992637038230896, 1.4882926940917969], [0.5685290098190308, 0.8218336701393127, 0.036935802549123764, -1.3333740234375], [0.0, 0.0, 0.0, 1.0]], [[0.010351462289690971, -0.9994332790374756, -0.03202829137444496, 0.00537109375], [0.01442055031657219, 0.032175883650779724, -0.9993781447410583, 1.48016357421875], [0.9998423457145691, 0.009883159771561623, 0.014745446853339672, -1.73486328125], [0.0, 0.0, 0.0, 1.0]], [[-0.8438631296157837, -0.5356310606002808, -0.03153322637081146, 1.0908203125], [0.022438518702983856, 0.023489197716116905, -0.9994722008705139, 1.493072509765625], [0.5360891222953796, -0.8441253304481506, -0.007802903186529875, -1.2774658203125], [0.0, 0.0, 0.0, 1.0]], [[0.9478747248649597, 0.3185001313686371, 0.009541480801999569, -1.143798828125], [-0.0029364312067627907, 0.03867398574948311, -0.9992475509643555, 1.5620403289794922], [-0.31862953305244446, 0.9471336007118225, 0.03759334981441498, -0.15613555908203125], [0.0, 0.0, 0.0, 1.0]], [[0.00914143305271864, 0.9994733333587646, 0.03113427944481373, -0.0289306640625], [-0.0008161324076354504, 0.031143028289079666, -0.9995145797729492, 1.5680618286132812], [-0.9999578595161438, 0.009111586026847363, 0.001100393827073276, 0.044189453125], [0.0, 0.0, 0.0, 1.0]], [[-0.9237111210823059, 0.383089542388916, 0.00010573703912086785, 1.1607666015625], [0.0033827407751232386, 0.008432514034211636, -0.9999587535858154, 1.547811508178711], [-0.3830746114253998, -0.9236726760864258, -0.009085100144147873, -0.043701171875], [0.0, 0.0, 0.0, 1.0]]], "view": [[0.0, -2.0, 100.0], [-2.0, 0.0, 100.0], [0.0, 0.0, 1.0]], "bev": "bev_8859420cd38e4294aa53ef4f20923b5f.png", "aux": "aux_8859420cd38e4294aa53ef4f20923b5f.npz", "visibility": "visibility_8859420cd38e4294aa53ef4f20923b5f.png", "pose": [[0.9997407793998718, -0.022767046466469765, 0.0, 2250.745361328125], [0.022767046466469765, 0.9997407793998718, 0.0, 858.8986206054688], [0.0, 0.0, 1.0, 0.0], [0.0, 0.0, 0.0, 1.0]], "pose_inverse": [[0.9997407793998718, 0.022767046466469765, 0.0, -2269.716552734375], [-0.022767046466469765, 0.9997407793998718, 0.0, -807.4331665039062], [0.0, 0.0, 1.0, 0.0], [0.0, 0.0, 0.0, 1.0]], "cam_ids": [0, 1, 2, 3, 4, 5], "cam_channels": ["CAM_FRONT_LEFT", "CAM_FRONT", "CAM_FRONT_RIGHT", "CAM_BACK_LEFT", "CAM_BACK", "CAM_BACK_RIGHT"], "token": "8859420cd38e4294aa53ef4f20923b5f", "scene": "scene-0218"}, {"images": ["samples/CAM_FRONT_LEFT/n008-2018-07-27-12-07-38-0400__CAM_FRONT_LEFT__1532707724004799.jpg", "samples/CAM_FRONT/n008-2018-07-27-12-07-38-0400__CAM_FRONT__1532707724012404.jpg", "samples/CAM_FRONT_RIGHT/n008-2018-07-27-12-07-38-0400__CAM_FRONT_RIGHT__1532707724020482.jpg", "samples/CAM_BACK_LEFT/n008-2018-07-27-12-07-38-0400__CAM_BACK_LEFT__1532707724047405.jpg", "samples/CAM_BACK/n008-2018-07-27-12-07-38-0400__CAM_BACK__1532707724037558.jpg", "samples/CAM_BACK_RIGHT/n008-2018-07-27-12-07-38-0400__CAM_BACK_RIGHT__1532707724028113.jpg"], "intrinsics": [[[1257.8625342125129, 0.0, 827.2410631095686], [0.0, 1257.8625342125129, 450.915498205774], [0.0, 0.0, 1.0]], [[1252.8131021185304, 0.0, 826.588114781398], [0.0, 1252.8131021185304, 469.9846626224581], [0.0, 0.0, 1.0]], [[1256.7485116440405, 0.0, 817.7887570959712], [0.0, 1256.7485116440403, 451.9541780095127], [0.0, 0.0, 1.0]], [[1254.9860565800168, 0.0, 829.5769333630991], [0.0, 1254.9860565800168, 467.1680561863987], [0.0, 0.0, 1.0]], [[796.8910634503094, 0.0, 857.7774326863696], [0.0, 796.8910634503094, 476.8848988407415], [0.0, 0.0, 1.0]], [[1249.9629280788233, 0.0, 825.3768045375984], [0.0, 1249.9629280788233, 462.54816385708756], [0.0, 0.0, 1.0]]], "extrinsics": [[[0.8225563764572144, -0.5685893297195435, -0.010361116379499435, -1.0050048828125], [0.012581085786223412, 0.03640954568982124, -0.9992577433586121, 1.4882926940917969], [0.5685445070266724, 0.8218154311180115, 0.03710237145423889, -1.3333740234375], [0.0, 0.0, 0.0, 1.0]], [[0.010336319915950298, -0.9994297623634338, -0.032145507633686066, 0.00543212890625], [0.014546160586178303, 0.03229410946369171, -0.9993725419044495, 1.48016357421875], [0.9998407363891602, 0.009862242266535759, 0.014871666207909584, -1.734619140625], [0.0, 0.0, 0.0, 1.0]], [[-0.8438664078712463, -0.5356156826019287, -0.03171044960618019, 1.090576171875], [0.022578205913305283, 0.023600030690431595, -0.9994664788246155, 1.493072509765625], [0.5360782742500305, -0.8441320657730103, -0.007822031155228615, -1.27752685546875], [0.0, 0.0, 0.0, 1.0]], [[0.9478747844696045, 0.31849512457847595, 0.009713525883853436, -1.144287109375], [-0.002793284598737955, 0.03878822550177574, -0.9992435574531555, 1.562042236328125], [-0.31863102316856384, 0.947130560874939, 0.0376560240983963, -0.1561279296875], [0.0, 0.0, 0.0, 1.0]], [[0.009143770672380924, 0.9994698762893677, 0.03124667890369892, -0.02886962890625], [-0.0006666894187219441, 0.03125407174229622, -0.9995112419128418, 1.5680580139160156], [-0.9999579787254333, 0.009118469431996346, 0.0009521156898699701, 0.0439453125], [0.0, 0.0, 0.0, 1.0]], [[-0.923707127571106, 0.3830992579460144, 1.0168060725845862e-05, 1.1607666015625], [0.0035311589017510414, 0.008540668524801731, -0.999957263469696, 1.5478124618530273], [-0.38308292627334595, -0.9236677289009094, -0.00924186035990715, -0.0438232421875], [0.0, 0.0, 0.0, 1.0]]], "view": [[0.0, -2.0, 100.0], [-2.0, 0.0, 100.0], [0.0, 0.0, 1.0]], "bev": "bev_31ea5156d0d24f64bb9ac278a7a436ab.png", "aux": "aux_31ea5156d0d24f64bb9ac278a7a436ab.npz", "visibility": "visibility_31ea5156d0d24f64bb9ac278a7a436ab.png", "pose": [[0.9997405409812927, -0.02277880720794201, 0.0, 2250.745361328125], [0.02277880720794201, 0.9997405409812927, 0.0, 858.8986206054688], [0.0, 0.0, 1.0, 0.0], [0.0, 0.0, 0.0, 1.0]], "pose_inverse": [[0.9997405409812927, 0.02277880720794201, 0.0, -2269.72607421875], [-0.02277880720794201, 0.9997405409812927, 0.0, -807.406494140625], [0.0, 0.0, 1.0, 0.0], [0.0, 0.0, 0.0, 1.0]], "cam_ids": [0, 1, 2, 3, 4, 5], "cam_channels": ["CAM_FRONT_LEFT", "CAM_FRONT", "CAM_FRONT_RIGHT", "CAM_BACK_LEFT", "CAM_BACK", "CAM_BACK_RIGHT"], "token": "31ea5156d0d24f64bb9ac278a7a436ab", "scene": "scene-0218"}, {"images": ["samples/CAM_FRONT_LEFT/n008-2018-07-27-12-07-38-0400__CAM_FRONT_LEFT__1532707724504799.jpg", "samples/CAM_FRONT/n008-2018-07-27-12-07-38-0400__CAM_FRONT__1532707724512404.jpg", "samples/CAM_FRONT_RIGHT/n008-2018-07-27-12-07-38-0400__CAM_FRONT_RIGHT__1532707724520482.jpg", "samples/CAM_BACK_LEFT/n008-2018-07-27-12-07-38-0400__CAM_BACK_LEFT__1532707724547405.jpg", "samples/CAM_BACK/n008-2018-07-27-12-07-38-0400__CAM_BACK__1532707724537558.jpg", "samples/CAM_BACK_RIGHT/n008-2018-07-27-12-07-38-0400__CAM_BACK_RIGHT__1532707724528113.jpg"], "intrinsics": [[[1257.8625342125129, 0.0, 827.2410631095686], [0.0, 1257.8625342125129, 450.915498205774], [0.0, 0.0, 1.0]], [[1252.8131021185304, 0.0, 826.588114781398], [0.0, 1252.8131021185304, 469.9846626224581], [0.0, 0.0, 1.0]], [[1256.7485116440405, 0.0, 817.7887570959712], [0.0, 1256.7485116440403, 451.9541780095127], [0.0, 0.0, 1.0]], [[1254.9860565800168, 0.0, 829.5769333630991], [0.0, 1254.9860565800168, 467.1680561863987], [0.0, 0.0, 1.0]], [[796.8910634503094, 0.0, 857.7774326863696], [0.0, 796.8910634503094, 476.8848988407415], [0.0, 0.0, 1.0]], [[1249.9629280788233, 0.0, 825.3768045375984], [0.0, 1249.9629280788233, 462.54816385708756], [0.0, 0.0, 1.0]]], "extrinsics": [[[0.822561502456665, -0.5685832500457764, -0.010282572358846664, -1.0052490234375], [0.012558202259242535, 0.036239027976989746, -0.9992642402648926, 1.4882926940917969], [0.5685375332832336, 0.821827232837677, 0.03694920986890793, -1.333251953125], [0.0, 0.0, 0.0, 1.0]], [[0.010346134193241596, -0.9994348883628845, -0.031984101980924606, 0.00531005859375], [0.014499650336802006, 0.03213239833712578, -0.9993784427642822, 1.4801597595214844], [0.9998413324356079, 0.009875945746898651, 0.01482390146702528, -1.734619140625], [0.0, 0.0, 0.0, 1.0]], [[-0.84386146068573, -0.5356316566467285, -0.031568557024002075, 1.0908203125], [0.02250666916370392, 0.02344777248799801, -0.9994716644287109, 1.493072509765625], [0.5360888242721558, -0.844126284122467, -0.007731388323009014, -1.27752685546875], [0.0, 0.0, 0.0, 1.0]], [[0.9478747844696045, 0.3184986412525177, 0.009595721960067749, -1.143798828125], [-0.0028625614941120148, 0.03862457349896431, -0.9992496967315674, 1.5620460510253906], [-0.31863027811050415, 0.9471361041069031, 0.03752297908067703, -0.15605545043945312], [0.0, 0.0, 0.0, 1.0]], [[0.009138818830251694, 0.9994747042655945, 0.031093496829271317, -0.0289306640625], [-0.0007415135623887181, 0.031101558357477188, -0.999515950679779, 1.568063735961914], [-0.9999579787254333, 0.00911133736371994, 0.0010253558866679668, 0.04443359375], [0.0, 0.0, 0.0, 1.0]], [[-0.923711895942688, 0.3830878436565399, 3.256511263316497e-05, 1.1607666015625], [0.003445490263402462, 0.008392862044274807, -0.9999588131904602, 1.5478124618530273], [-0.3830723166465759, -0.9236738085746765, -0.009072511456906796, -0.043701171875], [0.0, 0.0, 0.0, 1.0]]], "view": [[0.0, -2.0, 100.0], [-2.0, 0.0, 100.0], [0.0, 0.0, 1.0]], "bev": "bev_d7444c161cbc4ac4bce59a4755b982b4.png", "aux": "aux_d7444c161cbc4ac4bce59a4755b982b4.npz", "visibility": "visibility_d7444c161cbc4ac4bce59a4755b982b4.png", "pose": [[0.9997379183769226, -0.022894347086548805, 0.0, 2250.745361328125], [0.022894347086548805, 0.9997379183769226, 0.0, 858.8986206054688], [0.0, 0.0, 1.0, 0.0], [0.0, 0.0, 0.0, 1.0]], "pose_inverse": [[0.9997379183769226, 0.022894347086548805, 0.0, -2269.8193359375], [-0.022894347086548805, 0.9997379183769226, 0.0, -807.1441650390625], [0.0, 0.0, 1.0, 0.0], [0.0, 0.0, 0.0, 1.0]], "cam_ids": [0, 1, 2, 3, 4, 5], "cam_channels": ["CAM_FRONT_LEFT", "CAM_FRONT", "CAM_FRONT_RIGHT", "CAM_BACK_LEFT", "CAM_BACK", "CAM_BACK_RIGHT"], "token": "d7444c161cbc4ac4bce59a4755b982b4", "scene": "scene-0218"}, {"images": ["samples/CAM_FRONT_LEFT/n008-2018-07-27-12-07-38-0400__CAM_FRONT_LEFT__1532707725004799.jpg", "samples/CAM_FRONT/n008-2018-07-27-12-07-38-0400__CAM_FRONT__1532707725012404.jpg", "samples/CAM_FRONT_RIGHT/n008-2018-07-27-12-07-38-0400__CAM_FRONT_RIGHT__1532707725020482.jpg", "samples/CAM_BACK_LEFT/n008-2018-07-27-12-07-38-0400__CAM_BACK_LEFT__1532707725047405.jpg", "samples/CAM_BACK/n008-2018-07-27-12-07-38-0400__CAM_BACK__1532707725037558.jpg", "samples/CAM_BACK_RIGHT/n008-2018-07-27-12-07-38-0400__CAM_BACK_RIGHT__1532707725028113.jpg"], "intrinsics": [[[1257.8625342125129, 0.0, 827.2410631095686], [0.0, 1257.8625342125129, 450.915498205774], [0.0, 0.0, 1.0]], [[1252.8131021185304, 0.0, 826.588114781398], [0.0, 1252.8131021185304, 469.9846626224581], [0.0, 0.0, 1.0]], [[1256.7485116440405, 0.0, 817.7887570959712], [0.0, 1256.7485116440403, 451.9541780095127], [0.0, 0.0, 1.0]], [[1254.9860565800168, 0.0, 829.5769333630991], [0.0, 1254.9860565800168, 467.1680561863987], [0.0, 0.0, 1.0]], [[796.8910634503094, 0.0, 857.7774326863696], [0.0, 796.8910634503094, 476.8848988407415], [0.0, 0.0, 1.0]], [[1249.9629280788233, 0.0, 825.3768045375984], [0.0, 1249.9629280788233, 462.54816385708756], [0.0, 0.0, 1.0]]], "extrinsics": [[[0.8225609660148621, -0.5685831308364868, -0.010331454686820507, -1.0050048828125], [0.012552781961858273, 0.03631703183054924, -0.9992614388465881, 1.4882926940917969], [0.5685383677482605, 0.82182377576828, 0.037010274827480316, -1.33349609375], [0.0, 0.0, 0.0, 1.0]], [[0.01034416165202856, -0.9994330406188965, -0.032042428851127625, 0.0052490234375], [0.01452613715082407, 0.032190952450037, -0.9993761777877808, 1.48016357421875], [0.9998409152030945, 0.009872261434793472, 0.014850889332592487, -1.73486328125], [0.0, 0.0, 0.0, 1.0]], [[-0.8438621759414673, -0.5356262922286987, -0.03163975104689598, 1.090576171875], [0.022567015141248703, 0.023485617712140083, -0.9994693994522095, 1.493072509765625], [0.5360851883888245, -0.844128429889679, -0.007731140591204166, -1.27764892578125], [0.0, 0.0, 0.0, 1.0]], [[0.9478744268417358, 0.3184979259967804, 0.00964793935418129, -1.14404296875], [-0.002818251494318247, 0.0386565700173378, -0.9992486238479614, 1.5620441436767578], [-0.3186315596103668, 0.9471349716186523, 0.03753918409347534, -0.1560821533203125], [0.0, 0.0, 0.0, 1.0]], [[0.009140411391854286, 0.9994736909866333, 0.031125422567129135, -0.02886962890625], [-0.0006888266070745885, 0.031133007258176804, -0.9995149970054626, 1.5680599212646484], [-0.9999579191207886, 0.009114538319408894, 0.0009730317979119718, 0.04443359375], [0.0, 0.0, 0.0, 1.0]], [[-0.9237098693847656, 0.3830926716327667, -1.144276302511571e-05, 1.1605224609375], [0.0035070315934717655, 0.008426256477832794, -0.999958336353302, 1.5478124618530273], [-0.38307657837867737, -0.9236714243888855, -0.009126933291554451, -0.043701171875], [0.0, 0.0, 0.0, 1.0]]], "view": [[0.0, -2.0, 100.0], [-2.0, 0.0, 100.0], [0.0, 0.0, 1.0]], "bev": "bev_36753d9919d1461b9481685cc475f591.png", "aux": "aux_36753d9919d1461b9481685cc475f591.npz", "visibility": "visibility_36753d9919d1461b9481685cc475f591.png", "pose": [[0.9997391104698181, -0.02284029684960842, 0.0, 2250.745361328125], [0.02284029684960842, 0.9997391104698181, 0.0, 858.8986206054688], [0.0, 0.0, 1.0, 0.0], [0.0, 0.0, 0.0, 1.0]], "pose_inverse": [[0.9997391104698181, 0.02284029684960842, 0.0, -2269.775634765625], [-0.02284029684960842, 0.9997391104698181, 0.0, -807.266845703125], [0.0, 0.0, 1.0, 0.0], [0.0, 0.0, 0.0, 1.0]], "cam_ids": [0, 1, 2, 3, 4, 5], "cam_channels": ["CAM_FRONT_LEFT", "CAM_FRONT", "CAM_FRONT_RIGHT", "CAM_BACK_LEFT", "CAM_BACK", "CAM_BACK_RIGHT"], "token": "36753d9919d1461b9481685cc475f591", "scene": "scene-0218"}, {"images": ["samples/CAM_FRONT_LEFT/n008-2018-07-27-12-07-38-0400__CAM_FRONT_LEFT__1532707725504824.jpg", "samples/CAM_FRONT/n008-2018-07-27-12-07-38-0400__CAM_FRONT__1532707725512404.jpg", "samples/CAM_FRONT_RIGHT/n008-2018-07-27-12-07-38-0400__CAM_FRONT_RIGHT__1532707725520482.jpg", "samples/CAM_BACK_LEFT/n008-2018-07-27-12-07-38-0400__CAM_BACK_LEFT__1532707725547405.jpg", "samples/CAM_BACK/n008-2018-07-27-12-07-38-0400__CAM_BACK__1532707725537558.jpg", "samples/CAM_BACK_RIGHT/n008-2018-07-27-12-07-38-0400__CAM_BACK_RIGHT__1532707725528113.jpg"], "intrinsics": [[[1257.8625342125129, 0.0, 827.2410631095686], [0.0, 1257.8625342125129, 450.915498205774], [0.0, 0.0, 1.0]], [[1252.8131021185304, 0.0, 826.588114781398], [0.0, 1252.8131021185304, 469.9846626224581], [0.0, 0.0, 1.0]], [[1256.7485116440405, 0.0, 817.7887570959712], [0.0, 1256.7485116440403, 451.9541780095127], [0.0, 0.0, 1.0]], [[1254.9860565800168, 0.0, 829.5769333630991], [0.0, 1254.9860565800168, 467.1680561863987], [0.0, 0.0, 1.0]], [[796.8910634503094, 0.0, 857.7774326863696], [0.0, 796.8910634503094, 476.8848988407415], [0.0, 0.0, 1.0]], [[1249.9629280788233, 0.0, 825.3768045375984], [0.0, 1249.9629280788233, 462.54816385708756], [0.0, 0.0, 1.0]]], "extrinsics": [[[0.8225494027137756, -0.568596601486206, -0.010512071661651134, -1.0048828125], [0.012452231720089912, 0.03648778796195984, -0.9992564916610718, 1.4882926940917969], [0.5685574412345886, 0.8218069672584534, 0.037093304097652435, -1.3331298828125], [0.0, 0.0, 0.0, 1.0]], [[0.010323804803192616, -0.9994271993637085, -0.03222827613353729, 0.00543212890625], [0.014408108778297901, 0.03237532451748848, -0.9993719458580017, 1.4801673889160156], [0.9998428821563721, 0.009852977469563484, 0.014734093099832535, -1.734619140625], [0.0, 0.0, 0.0, 1.0]], [[-0.8438742756843567, -0.5356077551841736, -0.03163079544901848, 1.090576171875], [0.022430377081036568, 0.023684388026595116, -0.9994677901268005, 1.493072509765625], [0.5360718369483948, -0.8441346883773804, -0.007972762919962406, -1.27764892578125], [0.0, 0.0, 0.0, 1.0]], [[0.9478749632835388, 0.31849756836891174, 0.00961459893733263, -1.143798828125], [-0.0029211302753537893, 0.038857948035001755, -0.9992404580116272, 1.5620460510253906], [-0.31862929463386536, 0.9471268653869629, 0.0377628467977047, -0.15607833862304688], [0.0, 0.0, 0.0, 1.0]], [[0.00914869736880064, 0.9994672536849976, 0.031328633427619934, -0.0289306640625], [-0.0008015068015083671, 0.03133726119995117, -0.9995085000991821, 1.5680580139160156], [-0.9999578595161438, 0.00911908969283104, 0.0010877747554332018, 0.044189453125], [0.0, 0.0, 0.0, 1.0]], [[-0.9237057566642761, 0.38310274481773376, 0.0001829090906539932, 1.1605224609375], [0.003380577778443694, 0.008628390729427338, -0.9999570250511169, 1.5478134155273438], [-0.3830878734588623, -0.9236654043197632, -0.009265202097594738, -0.043701171875], [0.0, 0.0, 0.0, 1.0]]], "view": [[0.0, -2.0, 100.0], [-2.0, 0.0, 100.0], [0.0, 0.0, 1.0]], "bev": "bev_356e750d3f67405aa026a9dec6293ba8.png", "aux": "aux_356e750d3f67405aa026a9dec6293ba8.npz", "visibility": "visibility_356e750d3f67405aa026a9dec6293ba8.png", "pose": [[0.9997401833534241, -0.02279386669397354, 0.0, 2250.745361328125], [0.02279386669397354, 0.9997401833534241, 0.0, 858.8986206054688], [0.0, 0.0, 1.0, 0.0], [0.0, 0.0, 0.0, 1.0]], "pose_inverse": [[0.9997401833534241, 0.02279386669397354, 0.0, -2269.73828125], [-0.02279386669397354, 0.9997401833534241, 0.0, -807.3722534179688], [0.0, 0.0, 1.0, 0.0], [0.0, 0.0, 0.0, 1.0]], "cam_ids": [0, 1, 2, 3, 4, 5], "cam_channels": ["CAM_FRONT_LEFT", "CAM_FRONT", "CAM_FRONT_RIGHT", "CAM_BACK_LEFT", "CAM_BACK", "CAM_BACK_RIGHT"], "token": "356e750d3f67405aa026a9dec6293ba8", "scene": "scene-0218"}, {"images": ["samples/CAM_FRONT_LEFT/n008-2018-07-27-12-07-38-0400__CAM_FRONT_LEFT__1532707726004799.jpg", "samples/CAM_FRONT/n008-2018-07-27-12-07-38-0400__CAM_FRONT__1532707726012404.jpg", "samples/CAM_FRONT_RIGHT/n008-2018-07-27-12-07-38-0400__CAM_FRONT_RIGHT__1532707726020482.jpg", "samples/CAM_BACK_LEFT/n008-2018-07-27-12-07-38-0400__CAM_BACK_LEFT__1532707726047405.jpg", "samples/CAM_BACK/n008-2018-07-27-12-07-38-0400__CAM_BACK__1532707726037558.jpg", "samples/CAM_BACK_RIGHT/n008-2018-07-27-12-07-38-0400__CAM_BACK_RIGHT__1532707726028113.jpg"], "intrinsics": [[[1257.8625342125129, 0.0, 827.2410631095686], [0.0, 1257.8625342125129, 450.915498205774], [0.0, 0.0, 1.0]], [[1252.8131021185304, 0.0, 826.588114781398], [0.0, 1252.8131021185304, 469.9846626224581], [0.0, 0.0, 1.0]], [[1256.7485116440405, 0.0, 817.7887570959712], [0.0, 1256.7485116440403, 451.9541780095127], [0.0, 0.0, 1.0]], [[1254.9860565800168, 0.0, 829.5769333630991], [0.0, 1254.9860565800168, 467.1680561863987], [0.0, 0.0, 1.0]], [[796.8910634503094, 0.0, 857.7774326863696], [0.0, 796.8910634503094, 476.8848988407415], [0.0, 0.0, 1.0]], [[1249.9629280788233, 0.0, 825.3768045375984], [0.0, 1249.9629280788233, 462.54816385708756], [0.0, 0.0, 1.0]]], "extrinsics": [[[0.8225530385971069, -0.5685890913009644, -0.010625208728015423, -1.0050048828125], [0.012357648462057114, 0.036550331860780716, -0.9992554187774658, 1.4882965087890625], [0.5685541033744812, 0.8218093514442444, 0.03709101304411888, -1.333251953125], [0.0, 0.0, 0.0, 1.0]], [[0.010329198092222214, -0.9994254112243652, -0.03228221461176872, 0.0052490234375], [0.01430724561214447, 0.03242834657430649, -0.9993716478347778, 1.4801673889160156], [0.9998443126678467, 0.009860841557383537, 0.014633984304964542, -1.734375], [0.0, 0.0, 0.0, 1.0]], [[-0.8438728451728821, -0.5356139540672302, -0.03156312182545662, 1.09033203125], [0.022322887554764748, 0.023727331310510635, -0.9994692206382751, 1.493072509765625], [0.5360786318778992, -0.8441295027732849, -0.00806640274822712, -1.2774658203125], [0.0, 0.0, 0.0, 1.0]], [[0.9478758573532104, 0.3184984624385834, 0.009490909054875374, -1.14404296875], [-0.00306434347294271, 0.038895945996046066, -0.9992385506629944, 1.5620441436767578], [-0.3186251223087311, 0.9471250176429749, 0.037844520062208176, -0.156036376953125], [0.0, 0.0, 0.0, 1.0]], [[0.0091471578925848, 0.9994663000106812, 0.031360313296318054, -0.02880859375], [-0.0009353604982607067, 0.03137016296386719, -0.9995073676109314, 1.5680618286132812], [-0.9999576807022095, 0.009113317355513573, 0.0012218