[{"images": ["samples/CAM_FRONT_LEFT/n015-2018-07-18-11-18-34+0800__CAM_FRONT_LEFT__1531884258004844.jpg", "samples/CAM_FRONT/n015-2018-07-18-11-18-34+0800__CAM_FRONT__1531884258012467.jpg", "samples/CAM_FRONT_RIGHT/n015-2018-07-18-11-18-34+0800__CAM_FRONT_RIGHT__1531884258020339.jpg", "samples/CAM_BACK_LEFT/n015-2018-07-18-11-18-34+0800__CAM_BACK_LEFT__1531884258047708.jpg", "samples/CAM_BACK/n015-2018-07-18-11-18-34+0800__CAM_BACK__1531884258037525.jpg", "samples/CAM_BACK_RIGHT/n015-2018-07-18-11-18-34+0800__CAM_BACK_RIGHT__1531884258027893.jpg"], "intrinsics": [[[1272.5979470598488, 0.0, 826.6154927353808], [0.0, 1272.5979470598488, 479.75165386361925], [0.0, 0.0, 1.0]], [[1266.417203046554, 0.0, 816.2670197447984], [0.0, 1266.417203046554, 491.50706579294757], [0.0, 0.0, 1.0]], [[1260.8474446004698, 0.0, 807.968244525554], [0.0, 1260.8474446004698, 495.3344268742088], [0.0, 0.0, 1.0]], [[1256.7414812095406, 0.0, 792.1125740759628], [0.0, 1256.7414812095406, 492.7757465151356], [0.0, 0.0, 1.0]], [[809.2209905677063, 0.0, 829.2196003259838], [0.0, 809.2209905677063, 481.77842384512485], [0.0, 0.0, 1.0]], [[1259.5137405846733, 0.0, 807.2529053838625], [0.0, 1259.5137405846733, 501.19579884916527], [0.0, 0.0, 1.0]]], "extrinsics": [[[0.8199615478515625, -0.5715190768241882, 0.03207945451140404, -0.7811279296875], [0.035928189754486084, -0.004546975251287222, -0.999343991279602, 1.5162849426269531], [0.5712899565696716, 0.8205761909484863, 0.016805298626422882, -1.1534881591796875], [0.0, 0.0, 0.0, 1.0]], [[0.005116941407322884, -0.9999476671218872, 0.008856604807078838, 0.00701904296875], [0.030784154310822487, -0.008695006370544434, -0.9994882345199585, 1.5262374877929688], [0.9995129108428955, 0.005386964417994022, 0.030738046392798424, -1.507568359375], [0.0, 0.0, 0.0, 1.0]], [[-0.8323100209236145, -0.5531966686248779, -0.03511951118707657, 0.912109375], [0.03656654804944992, 0.008423897437751293, -0.9992956519126892, 1.5089340209960938], [0.553102970123291, -0.8330081105232239, 0.013217201456427574, -1.167724609375], [0.0, 0.0, 0.0, 1.0]], [[0.9471119046211243, 0.31888577342033386, 0.03592965751886368, -1.138427734375], [0.045472558587789536, -0.02252919413149357, -0.9987114667892456, 1.5887374877929688], [-0.3176653981208801, 0.9475253820419312, -0.03583821654319763, -0.1051025390625], [0.0, 0.0, 0.0, 1.0]], [[0.002965208375826478, 0.9999212026596069, -0.012201293371617794, 0.002685546875], [0.020041216164827347, -0.0122583182528615, -0.9997240304946899, 1.5805168151855469], [-0.9997947812080383, 0.0027198621537536383, -0.02007598616182804, -0.0555419921875], [0.0, 0.0, 0.0, 1.0]], [[-0.9335921406745911, 0.355112224817276, -0.04796871915459633, 1.0367431640625], [0.052562106400728226, 0.003293087473139167, -0.9986122250556946, 1.5570526123046875], [-0.3544614613056183, -0.934817910194397, -0.021739844232797623, -0.1008453369140625], [0.0, 0.0, 0.0, 1.0]]], "view": [[0.0, -2.0, 100.0], [-2.0, 0.0, 100.0], [0.0, 0.0, 1.0]], "bev": "bev_568df10a9f1b48ca8f79b4b534e28b54.png", "aux": "aux_568df10a9f1b48ca8f79b4b534e28b54.npz", "visibility": "visibility_568df10a9f1b48ca8f79b4b534e28b54.png", "pose": [[0.014030493795871735, -0.9999015927314758, 0.0, 893.66943359375], [0.9999015927314758, 0.014030493795871735, 0.0, 1568.2110595703125], [0.0, 0.0, 1.0, 0.0], [0.0, 0.0, 0.0, 1.0]], "pose_inverse": [[0.014030493795871735, 0.9999015927314758, 0.0, -1580.5953369140625], [-0.9999015927314758, 0.014030493795871735, 0.0, 871.5786743164062], [0.0, 0.0, 1.0, 0.0], [0.0, 0.0, 0.0, 1.0]], "cam_ids": [0, 1, 2, 3, 4, 5], "cam_channels": ["CAM_FRONT_LEFT", "CAM_FRONT", "CAM_FRONT_RIGHT", "CAM_BACK_LEFT", "CAM_BACK", "CAM_BACK_RIGHT"], "token": "568df10a9f1b48ca8f79b4b534e28b54", "scene": "scene-0007"}, {"images": ["samples/CAM_FRONT_LEFT/n015-2018-07-18-11-18-34+0800__CAM_FRONT_LEFT__1531884258504844.jpg", "samples/CAM_FRONT/n015-2018-07-18-11-18-34+0800__CAM_FRONT__1531884258512467.jpg", "samples/CAM_FRONT_RIGHT/n015-2018-07-18-11-18-34+0800__CAM_FRONT_RIGHT__1531884258520339.jpg", "samples/CAM_BACK_LEFT/n015-2018-07-18-11-18-34+0800__CAM_BACK_LEFT__1531884258547428.jpg", "samples/CAM_BACK/n015-2018-07-18-11-18-34+0800__CAM_BACK__1531884258537525.jpg", "samples/CAM_BACK_RIGHT/n015-2018-07-18-11-18-34+0800__CAM_BACK_RIGHT__1531884258527893.jpg"], "intrinsics": [[[1272.5979470598488, 0.0, 826.6154927353808], [0.0, 1272.5979470598488, 479.75165386361925], [0.0, 0.0, 1.0]], [[1266.417203046554, 0.0, 816.2670197447984], [0.0, 1266.417203046554, 491.50706579294757], [0.0, 0.0, 1.0]], [[1260.8474446004698, 0.0, 807.968244525554], [0.0, 1260.8474446004698, 495.3344268742088], [0.0, 0.0, 1.0]], [[1256.7414812095406, 0.0, 792.1125740759628], [0.0, 1256.7414812095406, 492.7757465151356], [0.0, 0.0, 1.0]], [[809.2209905677063, 0.0, 829.2196003259838], [0.0, 809.2209905677063, 481.77842384512485], [0.0, 0.0, 1.0]], [[1259.5137405846733, 0.0, 807.2529053838625], [0.0, 1259.5137405846733, 501.19579884916527], [0.0, 0.0, 1.0]]], "extrinsics": [[[0.8201805949211121, -0.5712482929229736, 0.031294289976358414, -0.77001953125], [0.036193814128637314, -0.0027802360709756613, -0.9993408918380737, 1.5168228149414062], [0.5709587335586548, 0.820772647857666, 0.018395354971289635, -1.14630126953125], [0.0, 0.0, 0.0, 1.0]], [[0.005453434772789478, -0.9999595284461975, 0.0071557252667844296, 0.0074462890625], [0.03095228224992752, -0.006983608473092318, -0.9994965195655823, 1.5265960693359375], [0.9995059967041016, 0.005672173574566841, 0.030912941321730614, -1.49658203125], [0.0, 0.0, 0.0, 1.0]], [[-0.832155168056488, -0.5533676743507385, -0.03608420118689537, 0.9052734375], [0.0366278700530529, 0.0100802481174469, -0.9992781281471252, 1.509246826171875], [0.5533319115638733, -0.8328761458396912, 0.01188034936785698, -1.1629638671875], [0.0, 0.0, 0.0, 1.0]], [[0.9470511078834534, 0.3190019130706787, 0.036497458815574646, -1.1378173828125], [0.045598652213811874, -0.021106122061610222, -0.9987368583679199, 1.5887527465820312], [-0.31782859563827515, 0.947519063949585, -0.03453462943434715, -0.10498046875], [0.0, 0.0, 0.0, 1.0]], [[0.002810518490150571, 0.9999387264251709, -0.010711340233683586, 0.00262451171875], [0.020040972158312798, -0.010765554383397102, -0.9997411966323853, 1.5805625915527344], [-0.9997952580451965, 0.002595125464722514, -0.020069999620318413, -0.05810546875], [0.0, 0.0, 0.0, 1.0]], [[-0.93366938829422, 0.3549855649471283, -0.04739878699183464, 1.031005859375], [0.05255149304866791, 0.004881863947957754, -0.9986063241958618, 1.5573501586914062], [-0.3542594015598297, -0.934859037399292, -0.023213069885969162, -0.1027679443359375], [0.0, 0.0, 0.0, 1.0]]], "view": [[0.0, -2.0, 100.0], [-2.0, 0.0, 100.0], [0.0, 0.0, 1.0]], "bev": "bev_cc897b6dcd8b4008aaefd8fdf9c93077.png", "aux": "aux_cc897b6dcd8b4008aaefd8fdf9c93077.npz", "visibility": "visibility_cc897b6dcd8b4008aaefd8fdf9c93077.png", "pose": [[0.014283393509685993, -0.9998980164527893, 0.0, 893.724853515625], [0.9998980164527893, 0.014283393509685993, 0.0, 1570.8599853515625], [0.0, 0.0, 1.0, 0.0], [0.0, 0.0, 0.0, 1.0]], "pose_inverse": [[0.014283393509685993, 0.9998980164527893, 0.0, -1583.4652099609375], [-0.9998980164527893, 0.014283393509685993, 0.0, 871.1964721679688], [0.0, 0.0, 1.0, 0.0], [0.0, 0.0, 0.0, 1.0]], "cam_ids": [0, 1, 2, 3, 4, 5], "cam_channels": ["CAM_FRONT_LEFT", "CAM_FRONT", "CAM_FRONT_RIGHT", "CAM_BACK_LEFT", "CAM_BACK", "CAM_BACK_RIGHT"], "token": "cc897b6dcd8b4008aaefd8fdf9c93077", "scene": "scene-0007"}, {"images": ["samples/CAM_FRONT_LEFT/n015-2018-07-18-11-18-34+0800__CAM_FRONT_LEFT__1531884259004844.jpg", "samples/CAM_FRONT/n015-2018-07-18-11-18-34+0800__CAM_FRONT__1531884259012465.jpg", "samples/CAM_FRONT_RIGHT/n015-2018-07-18-11-18-34+0800__CAM_FRONT_RIGHT__1531884259020339.jpg", "samples/CAM_BACK_LEFT/n015-2018-07-18-11-18-34+0800__CAM_BACK_LEFT__1531884259047423.jpg", "samples/CAM_BACK/n015-2018-07-18-11-18-34+0800__CAM_BACK__1531884259037525.jpg", "samples/CAM_BACK_RIGHT/n015-2018-07-18-11-18-34+0800__CAM_BACK_RIGHT__1531884259027893.jpg"], "intrinsics": [[[1272.5979470598488, 0.0, 826.6154927353808], [0.0, 1272.5979470598488, 479.75165386361925], [0.0, 0.0, 1.0]], [[1266.417203046554, 0.0, 816.2670197447984], [0.0, 1266.417203046554, 491.50706579294757], [0.0, 0.0, 1.0]], [[1260.8474446004698, 0.0, 807.968244525554], [0.0, 1260.8474446004698, 495.3344268742088], [0.0, 0.0, 1.0]], [[1256.7414812095406, 0.0, 792.1125740759628], [0.0, 1256.7414812095406, 492.7757465151356], [0.0, 0.0, 1.0]], [[809.2209905677063, 0.0, 829.2196003259838], [0.0, 809.2209905677063, 481.77842384512485], [0.0, 0.0, 1.0]], [[1259.5137405846733, 0.0, 807.2529053838625], [0.0, 1259.5137405846733, 501.19579884916527], [0.0, 0.0, 1.0]]], "extrinsics": [[[0.819976806640625, -0.5712993741035461, 0.035427387803792953, -0.7496337890625], [0.03805050253868103, -0.007352082524448633, -0.999248743057251, 1.5182037353515625], [0.571130633354187, 0.8207088112831116, 0.015709688887000084, -1.13232421875], [0.0, 0.0, 0.0, 1.0]], [[0.005098837893456221, -0.9999170899391174, 0.011821442283689976, 0.007568359375], [0.03303459286689758, -0.011646714061498642, -0.9993863701820374, 1.5277214050292969], [0.9994411468505859, 0.005486226174980402, 0.032972466200590134, -1.4755859375], [0.0, 0.0, 0.0, 1.0]], [[-0.8322641253471375, -0.5532485246658325, -0.03538937121629715, 0.89105224609375], [0.03894960507750511, 0.005324288737028837, -0.9992269277572632, 1.5102767944335938], [0.5530092120170593, -0.8329991698265076, 0.01711759716272354, -1.1536865234375], [0.0, 0.0, 0.0, 1.0]], [[0.9470065236091614, 0.31896328926086426, 0.03796027600765228, -1.1324462890625], [0.048648253083229065, -0.025605902075767517, -0.9984877109527588, 1.5890579223632812], [-0.31750887632369995, 0.947421133518219, -0.03976596146821976, -0.1070556640625], [0.0, 0.0, 0.0, 1.0]], [[0.0030993628315627575, 0.9998766183853149, -0.015403766185045242, 0.00262451171875], [0.02285153791308403, -0.015470635145902634, -0.99961918592453, 1.5809402465820312], [-0.9997339844703674, 0.002746183192357421, -0.022896667942404747, -0.06689453125], [0.0, 0.0, 0.0, 1.0]], [[-0.9334353804588318, 0.3550337851047516, -0.0514717660844326, 1.0185546875], [0.05509217828512192, 8.842242823448032e-05, -0.998481273651123, 1.5583877563476562], [-0.3544900119304657, -0.9348534345626831, -0.019642120227217674, -0.107513427734375], [0.0, 0.0, 0.0, 1.0]]], "view": [[0.0, -2.0, 100.0], [-2.0, 0.0, 100.0], [0.0, 0.0, 1.0]], "bev": "bev_f8a9493fb4224e38a90df10d8412b2c8.png", "aux": "aux_f8a9493fb4224e38a90df10d8412b2c8.npz", "visibility": "visibility_f8a9493fb4224e38a90df10d8412b2c8.png", "pose": [[0.011471244506537914, -0.999934196472168, 0.0, 893.7781982421875], [0.999934196472168, 0.011471244506537914, 0.0, 1573.7203369140625], [0.0, 0.0, 1.0, 0.0], [0.0, 0.0, 0.0, 1.0]], "pose_inverse": [[0.011471244506537914, 0.999934196472168, 0.0, -1583.8695068359375], [-0.999934196472168, 0.011471244506537914, 0.0, 875.6668701171875], [0.0, 0.0, 1.0, 0.0], [0.0, 0.0, 0.0, 1.0]], "cam_ids": [0, 1, 2, 3, 4, 5], "cam_channels": ["CAM_FRONT_LEFT", "CAM_FRONT", "CAM_FRONT_RIGHT", "CAM_BACK_LEFT", "CAM_BACK", "CAM_BACK_RIGHT"], "token": "f8a9493fb4224e38a90df10d8412b2c8", "scene": "scene-0007"}, {"images": ["samples/CAM_FRONT_LEFT/n015-2018-07-18-11-18-34+0800__CAM_FRONT_LEFT__1531884259504844.jpg", "samples/CAM_FRONT/n015-2018-07-18-11-18-34+0800__CAM_FRONT__1531884259512463.jpg", "samples/CAM_FRONT_RIGHT/n015-2018-07-18-11-18-34+0800__CAM_FRONT_RIGHT__1531884259520339.jpg", "samples/CAM_BACK_LEFT/n015-2018-07-18-11-18-34+0800__CAM_BACK_LEFT__1531884259547423.jpg", "samples/CAM_BACK/n015-2018-07-18-11-18-34+0800__CAM_BACK__1531884259537525.jpg", "samples/CAM_BACK_RIGHT/n015-2018-07-18-11-18-34+0800__CAM_BACK_RIGHT__1531884259527893.jpg"], "intrinsics": [[[1272.5979470598488, 0.0, 826.6154927353808], [0.0, 1272.5979470598488, 479.75165386361925], [0.0, 0.0, 1.0]], [[1266.417203046554, 0.0, 816.2670197447984], [0.0, 1266.417203046554, 491.50706579294757], [0.0, 0.0, 1.0]], [[1260.8474446004698, 0.0, 807.968244525554], [0.0, 1260.8474446004698, 495.3344268742088], [0.0, 0.0, 1.0]], [[1256.7414812095406, 0.0, 792.1125740759628], [0.0, 1256.7414812095406, 492.7757465151356], [0.0, 0.0, 1.0]], [[809.2209905677063, 0.0, 829.2196003259838], [0.0, 809.2209905677063, 481.77842384512485], [0.0, 0.0, 1.0]], [[1259.5137405846733, 0.0, 807.2529053838625], [0.0, 1259.5137405846733, 501.19579884916527], [0.0, 0.0, 1.0]]], "extrinsics": [[[0.8198796510696411, -0.5710979104042053, 0.04055238515138626, -0.7381591796875], [0.04190220311284065, -0.010785620659589767, -0.9990634918212891, 1.5198135375976562], [0.5710005164146423, 0.8208110928535461, 0.015087351202964783, -1.124237060546875], [0.0, 0.0, 0.0, 1.0]], [[0.005192432086914778, -0.9998738169670105, 0.015003899112343788, 0.00750732421875], [0.03668094053864479, -0.014803559519350529, -0.9992173910140991, 1.528900146484375], [0.9993135333061218, 0.0057387263514101505, 0.036599453538656235, -1.4644775390625], [0.0, 0.0, 0.0, 1.0]], [[-0.8320668935775757, -0.5534628033638, -0.03665393218398094, 0.88421630859375], [0.04237990453839302, 0.002453590277582407, -0.999098539352417, 1.5112190246582031], [0.5530537962913513, -0.8328702449798584, 0.021414149552583694, -1.14892578125], [0.0, 0.0, 0.0, 1.0]], [[0.9469315409660339, 0.318963885307312, 0.03978044167160988, -1.13232421875], [0.051230814307928085, -0.027586307376623154, -0.9983057379722595, 1.589080810546875], [-0.31732606887817383, 0.9473652243614197, -0.04246313124895096, -0.106689453125], [0.0, 0.0, 0.0, 1.0]], [[0.0031401750165969133, 0.9998394846916199, -0.01763879880309105, 0.0025634765625], [0.025799883529543877, -0.017714018002152443, -0.9995101690292358, 1.5812187194824219], [-0.9996621608734131, 0.0026835580356419086, -0.02585136890411377, -0.070068359375], [0.0, 0.0, 0.0, 1.0]], [[-0.9332910776138306, 0.3548215627670288, -0.05540166422724724, 1.012939453125], [0.05830974504351616, -0.002500588307157159, -0.9982953667640686, 1.55914306640625], [-0.35435521602630615, -0.934930682182312, -0.018355777487158775, -0.10955810546875], [0.0, 0.0, 0.0, 1.0]]], "view": [[0.0, -2.0, 100.0], [-2.0, 0.0, 100.0], [0.0, 0.0, 1.0]], "bev": "bev_4a4d37eb14c442b7957d30d566387f0a.png", "aux": "aux_4a4d37eb14c442b7957d30d566387f0a.npz", "visibility": "visibility_4a4d37eb14c442b7957d30d566387f0a.png", "pose": [[0.008799605071544647, -0.999961256980896, 0.0, 893.823974609375], [0.999961256980896, 0.008799605071544647, 0.0, 1576.720703125], [0.0, 0.0, 1.0, 0.0], [0.0, 0.0, 0.0, 1.0]], "pose_inverse": [[0.008799605071544647, 0.999961256980896, 0.0, -1584.52490234375], [-0.999961256980896, 0.008799605071544647, 0.0, 879.9148559570312], [0.0, 0.0, 1.0, 0.0], [0.0, 0.0, 0.0, 1.0]], "cam_ids": [0, 1, 2, 3, 4, 5], "cam_channels": ["CAM_FRONT_LEFT", "CAM_FRONT", "CAM_FRONT_RIGHT", "CAM_BACK_LEFT", "CAM_BACK", "CAM_BACK_RIGHT"], "token": "4a4d37eb14c442b7957d30d566387f0a", "scene": "scene-0007"}, {"images": ["samples/CAM_FRONT_LEFT/n015-2018-07-18-11-18-34+0800__CAM_FRONT_LEFT__1531884260004844.jpg", "samples/CAM_FRONT/n015-2018-07-18-11-18-34+0800__CAM_FRONT__1531884260012471.jpg", "samples/CAM_FRONT_RIGHT/n015-2018-07-18-11-18-34+0800__CAM_FRONT_RIGHT__1531884260020339.jpg", "samples/CAM_BACK_LEFT/n015-2018-07-18-11-18-34+0800__CAM_BACK_LEFT__1531884260047423.jpg", "samples/CAM_BACK/n015-2018-07-18-11-18-34+0800__CAM_BACK__1531884260037525.jpg", "samples/CAM_BACK_RIGHT/n015-2018-07-18-11-18-34+0800__CAM_BACK_RIGHT__1531884260027893.jpg"], "intrinsics": [[[1272.5979470598488, 0.0, 826.6154927353808], [0.0, 1272.5979470598488, 479.75165386361925], [0.0, 0.0, 1.0]], [[1266.417203046554, 0.0, 816.2670197447984], [0.0, 1266.417203046554, 491.50706579294757], [0.0, 0.0, 1.0]], [[1260.8474446004698, 0.0, 807.968244525554], [0.0, 1260.8474446004698, 495.3344268742088], [0.0, 0.0, 1.0]], [[1256.7414812095406, 0.0, 792.1125740759628], [0.0, 1256.7414812095406, 492.7757465151356], [0.0, 0.0, 1.0]], [[809.2209905677063, 0.0, 829.2196003259838], [0.0, 809.2209905677063, 481.77842384512485], [0.0, 0.0, 1.0]], [[1259.5137405846733, 0.0, 807.2529053838625], [0.0, 1259.5137405846733, 501.19579884916527], [0.0, 0.0, 1.0]]], "extrinsics": [[[0.8196390867233276, -0.5711244940757751, 0.044816549867391586, -0.7374267578125], [0.047164931893348694, -0.010690990835428238, -0.9988299012184143, 1.5212554931640625], [0.5709353685379028, 0.8207938075065613, 0.018174294382333755, -1.1263275146484375], [0.0, 0.0, 0.0, 1.0]], [[0.00510356854647398, -0.9998764991760254, 0.014867829158902168, 0.0093994140625], [0.04206201434135437, -0.014640218578279018, -0.9990077614784241, 1.5301742553710938], [0.999101996421814, 0.005723875481635332, 0.04198209568858147, -1.4642333984375], [0.0, 0.0, 0.0, 1.0]], [[-0.8318504095077515, -0.5534562468528748, -0.04136580973863602, 0.8841552734375], [0.04788089543581009, 0.0026894209440797567, -0.9988494515419006, 1.5122528076171875], [0.5529307126998901, -0.8328738808631897, 0.02426278591156006, -1.1470947265625], [0.0, 0.0, 0.0, 1.0]], [[0.9466150999069214, 0.31912481784820557, 0.04559930041432381, -1.1324462890625], [0.05725749209523201, -0.027240965515375137, -0.997987687587738, 1.5891647338867188], [-0.31724047660827637, 0.9473211169242859, -0.044058993458747864, -0.1075439453125], [0.0, 0.0, 0.0, 1.0]], [[0.003206210909411311, 0.9998450875282288, -0.01730944961309433, 0.00201416015625], [0.031576111912727356, -0.017402131110429764, -0.9993498921394348, 1.5816993713378906], [-0.9994962215423584, 0.002657561330124736, -0.03162701055407524, -0.071533203125], [0.0, 0.0, 0.0, 1.0]], [[-0.9329677224159241, 0.354830801486969, -0.06054932624101639, 1.011474609375], [0.06392595171928406, -0.0022108829580247402, -0.9979521632194519, 1.559967041015625], [-0.3542380928993225, -0.9349279403686523, -0.020620213821530342, -0.1090087890625], [0.0, 0.0, 0.0, 1.0]]], "view": [[0.0, -2.0, 100.0], [-2.0, 0.0, 100.0], [0.0, 0.0, 1.0]], "bev": "bev_f7fa3775fc39451f8f53b972341de107.png", "aux": "aux_f7fa3775fc39451f8f53b972341de107.npz", "visibility": "visibility_f7fa3775fc39451f8f53b972341de107.png", "pose": [[0.0062935869209468365, -0.9999802112579346, 0.0, 893.876220703125], [0.9999802112579346, 0.0062935869209468365, 0.0, 1579.8455810546875], [0.0, 0.0, 1.0, 0.0], [0.0, 0.0, 0.0, 1.0]], "pose_inverse": [[0.0062935869209468365, 0.9999802112579346, 0.0, -1585.43994140625], [-0.9999802112579346, 0.0062935869209468365, 0.0, 883.9156494140625], [0.0, 0.0, 1.0, 0.0], [0.0, 0.0, 0.0, 1.0]], "cam_ids": [0, 1, 2, 3, 4, 5], "cam_channels": ["CAM_FRONT_LEFT", "CAM_FRONT", "CAM_FRONT_RIGHT", "CAM_BACK_LEFT", "CAM_BACK", "CAM_BACK_RIGHT"], "token": "f7fa3775fc39451f8f53b972341de107", "scene": "scene-0007"}, {"images": ["samples/CAM_FRONT_LEFT/n015-2018-07-18-11-18-34+0800__CAM_FRONT_LEFT__1531884260504844.jpg", "samples/CAM_FRONT/n015-2018-07-18-11-18-34+0800__CAM_FRONT__1531884260512465.jpg", "samples/CAM_FRONT_RIGHT/n015-2018-07-18-11-18-34+0800__CAM_FRONT_RIGHT__1531884260520339.jpg", "samples/CAM_BACK_LEFT/n015-2018-07-18-11-18-34+0800__CAM_BACK_LEFT__1531884260547423.jpg", "samples/CAM_BACK/n015-2018-07-18-11-18-34+0800__CAM_BACK__1531884260537525.jpg", "samples/CAM_BACK_RIGHT/n015-2018-07-18-11-18-34+0800__CAM_BACK_RIGHT__1531884260527893.jpg"], "intrinsics": [[[1272.5979470598488, 0.0, 826.6154927353808], [0.0, 1272.5979470598488, 479.75165386361925], [0.0, 0.0, 1.0]], [[1266.417203046554, 0.0, 816.2670197447984], [0.0, 1266.417203046554, 491.50706579294757], [0.0, 0.0, 1.0]], [[1260.8474446004698, 0.0, 807.968244525554], [0.0, 1260.8474446004698, 495.3344268742088], [0.0, 0.0, 1.0]], [[1256.7414812095406, 0.0, 792.1125740759628], [0.0, 1256.7414812095406, 492.7757465151356], [0.0, 0.0, 1.0]], [[809.2209905677063, 0.0, 829.2196003259838], [0.0, 809.2209905677063, 481.77842384512485], [0.0, 0.0, 1.0]], [[1259.5137405846733, 0.0, 807.2529053838625], [0.0, 1259.5137405846733, 501.19579884916527], [0.0, 0.0, 1.0]]], "extrinsics": [[[0.8186644911766052, -0.5715686082839966, 0.05565706267952919, -0.7230224609375], [0.059214334934949875, -0.012384251691401005, -0.9981684684753418, 1.5257492065429688], [0.5712110996246338, 0.8204609155654907, 0.023706508800387383, -1.1110992431640625], [0.0, 0.0, 0.0, 1.0]], [[0.004358972888439894, -0.9998518824577332, 0.016648799180984497, 0.00592041015625], [0.05393418297171593, -0.01638965867459774, -0.9984100461006165, 1.5337371826171875], [0.9985350370407104, 0.005249981302767992, 0.05385475233197212, -1.4476318359375], [0.0, 0.0, 0.0, 1.0]], [[-0.831571638584137, -0.5531520843505859, -0.05011376366019249, 0.87188720703125], [0.059575945138931274, 0.0008732975693419576, -0.9982233643531799, 1.5151290893554688], [0.5522131323814392, -0.8330798149108887, 0.03222834691405296, -1.142333984375], [0.0, 0.0, 0.0, 1.0]], [[0.9462046027183533, 0.3187958598136902, 0.05537102371454239, -1.130126953125], [0.06843502074480057, -0.02991620823740959, -0.9972069263458252, 1.5894317626953125], [-0.31624895334243774, 0.9473511576652527, -0.050123658031225204, -0.107421875], [0.0, 0.0, 0.0, 1.0]], [[0.003732691751793027, 0.9998040795326233, -0.01944081485271454, 0.00323486328125], [0.04296056926250458, -0.019583329558372498, -0.9988847970962524, 1.5827407836914062], [-0.9990698099136353, 0.0028933400753885508, -0.04302524775266647, -0.076904296875], [0.0, 0.0, 0.0, 1.0]], [[-0.9320701956748962, 0.35505449771881104, -0.0719822496175766, 1.0035400390625], [0.07543660700321198, -0.004124215804040432, -0.9971420764923096, 1.5622100830078125], [-0.354336678981781, -0.9348365664482117, -0.022940048947930336, -0.11431884765625], [0.0, 0.0, 0.0, 1.0]]], "view": [[0.0, -2.0, 100.0], [-2.0, 0.0, 100.0], [0.0, 0.0, 1.0]], "bev": "bev_0d12459cd86a4e6a87b48b779d9e3469.png", "aux": "aux_0d12459cd86a4e6a87b48b779d9e3469.npz", "visibility": "visibility_0d12459cd86a4e6a87b48b779d9e3469.png", "pose": [[0.004478632938116789, -0.9999899864196777, 0.0, 893.91357421875], [0.9999899864196777, 0.004478632938116789, 0.0, 1583.119384765625], [0.0, 0.0, 1.0, 0.0], [0.0, 0.0, 0.0, 1.0]], "pose_inverse": [[0.004478632938116789, 0.9999899864196777, 0.0, -1587.1070556640625], [-0.9999899864196777, 0.004478632938116789, 0.0, 886.8143920898438], [0.0, 0.0, 1.0, 0.0], [0.0, 0.0, 0.0, 1.0]], "cam_ids": [0, 1, 2, 3, 4, 5], "cam_channels": ["CAM_FRONT_LEFT", "CAM_FRONT", "CAM_FRONT_RIGHT", "CAM_BACK_LEFT", "CAM_BACK", "CAM_BACK_RIGHT"], "token": "0d12459cd86a4e6a87b48b779d9e3469", "scene": "scene-0007"}, {"images": ["samples/CAM_FRONT_LEFT/n015-2018-07-18-11-18-34+0800__CAM_FRONT_LEFT__1531884261004844.jpg", "samples/CAM_FRONT/n015-2018-07-18-11-18-34+0800__CAM_FRONT__1531884261012463.jpg", "samples/CAM_FRONT_RIGHT/n015-2018-07-18-11-18-34+0800__CAM_FRONT_RIGHT__1531884261020339.jpg", "samples/CAM_BACK_LEFT/n015-2018-07-18-11-18-34+0800__CAM_BACK_LEFT__1531884261047423.jpg", "samples/CAM_BACK/n015-2018-07-18-11-18-34+0800__CAM_BACK__1531884261037533.jpg", "samples/CAM_BACK_RIGHT/n015-2018-07-18-11-18-34+0800__CAM_BACK_RIGHT__1531884261027893.jpg"], "intrinsics": [[[1272.5979470598488, 0.0, 826.6154927353808], [0.0, 1272.5979470598488, 479.75165386361925], [0.0, 0.0, 1.0]], [[1266.417203046554, 0.0, 816.2670197447984], [0.0, 1266.417203046554, 491.50706579294757], [0.0, 0.0, 1.0]], [[1260.8474446004698, 0.0, 807.968244525554], [0.0, 1260.8474446004698, 495.3344268742088], [0.0, 0.0, 1.0]], [[1256.7414812095406, 0.0, 792.1125740759628], [0.0, 1256.7414812095406, 492.7757465151356], [0.0, 0.0, 1.0]], [[809.2209905677063, 0.0, 829.2196003259838], [0.0, 809.2209905677063, 481.77842384512485], [0.0, 0.0, 1.0]], [[1259.5137405846733, 0.0, 807.2529053838625], [0.0, 1259.5137405846733, 501.19579884916527], [0.0, 0.0, 1.0]]], "extrinsics": [[[0.8189567923545837, -0.5714699625968933, 0.05226695537567139, -0.71044921875], [0.055073466151952744, -0.01239053811877966, -0.9984054565429688, 1.5253524780273438], [0.5712063312530518, 0.8205294609069824, 0.02132551744580269, -1.1029510498046875], [0.0, 0.0, 0.0, 1.0]], [[0.004446936771273613, -0.9998537302017212, 0.016511671245098114, 0.00628662109375], [0.04987165704369545, -0.016269538551568985, -0.9986231327056885, 1.5334091186523438], [0.9987456798553467, 0.005264278966933489, 0.049792010337114334, -1.434326171875], [0.0, 0.0, 0.0, 1.0]], [[-0.8317692875862122, -0.5531331300735474, -0.04694192856550217, 0.8626708984375], [0.055597640573978424, 0.0011297169839963317, -0.9984525442123413, 1.5149917602539062], [0.5523302555084229, -0.8330920934677124, 0.029813233762979507, -1.135986328125], [0.0, 0.0, 0.0, 1.0]], [[0.9463480710983276, 0.31895244121551514, 0.05190965533256531, -1.126953125], [0.06441359966993332, -0.028773467987775803, -0.9975083470344543, 1.5895919799804688], [-0.31666409969329834, 0.947333812713623, -0.04777459427714348, -0.1087646484375], [0.0, 0.0, 0.0, 1.0]], [[0.0035972846671938896, 0.9998179078102112, -0.01874026469886303, 0.00323486328125], [0.0389685295522213, -0.01886630803346634, -0.9990622997283936, 1.5826568603515625], [-0.9992339611053467, 0.0028636306524276733, -0.03902930021286011, -0.0828857421875], [0.0, 0.0, 0.0, 1.0]], [[-0.9323484897613525, 0.3550773561000824, -0.0681636855006218, 0.9949951171875], [0.07151128351688385, -0.003704146249219775, -0.9974328875541687, 1.5622787475585938], [-0.3544183373451233, -0.934829592704773, -0.021938486024737358, -0.117340087890625], [0.0, 0.0, 0.0, 1.0]]], "view": [[0.0, -2.0, 100.0], [-2.0, 0.0, 100.0], [0.0, 0.0, 1.0]], "bev": "bev_bff71490972b4bb48657dc23eda191fd.png", "aux": "aux_bff71490972b4bb48657dc23eda191fd.npz", "visibility": "visibility_bff71490972b4bb48657dc23eda191fd.png", "pose": [[0.003465362824499607, -0.9999939799308777, 0.0, 893.9410400390625], [0.9999939799308777, 0.003465362824499607, 0.0, 1586.541259765625], [0.0, 0.0, 1.0, 0.0], [0.0, 0.0, 0.0, 1.0]], "pose_inverse": [[0.003465362824499607, 0.9999939799308777, 0.0, -1589.6295166015625], [-0.9999939799308777, 0.003465362824499607, 0.0, 888.437744140625], [0.0, 0.0, 1.0, 0.0], [0.0, 0.0, 0.0, 1.0]], "cam_ids": [0, 1, 2, 3, 4, 5], "cam_channels": ["CAM_FRONT_LEFT", "CAM_FRONT", "CAM_FRONT_RIGHT", "CAM_BACK_LEFT", "CAM_BACK", "CAM_BACK_RIGHT"], "token": "bff71490972b4bb48657dc23eda191fd", "scene": "scene-0007"}, {"images": ["samples/CAM_FRONT_LEFT/n015-2018-07-18-11-18-34+0800__CAM_FRONT_LEFT__1531884261604844.jpg", "samples/CAM_FRONT/n015-2018-07-18-11-18-34+0800__CAM_FRONT__1531884261612466.jpg", "samples/CAM_FRONT_RIGHT/n015-2018-07-18-11-18-34+0800__CAM_FRONT_RIGHT__1531884261620339.jpg", "samples/CAM_BACK_LEFT/n015-2018-07-18-11-18-34+0800__CAM_BACK_LEFT__1531884261647423.jpg", "samples/CAM_BACK/n015-2018-07-18-11-18-34+0800__CAM_BACK__1531884261637525.jpg", "samples/CAM_BACK_RIGHT/n015-2018-07-18-11-18-34+0800__CAM_BACK_RIGHT__1531884261627893.jpg"], "intrinsics": [[[1272.5979470598488, 0.0, 826.6154927353808], [0.0, 1272.5979470598488, 479.75165386361925], [0.0, 0.0, 1.0]], [[1266.417203046554, 0.0, 816.2670197447984], [0.0, 1266.417203046554, 491.50706579294757], [0.0, 0.0, 1.0]], [[1260.8474446004698, 0.0, 807.968244525554], [0.0, 1260.8474446004698, 495.3344268742088], [0.0, 0.0, 1.0]], [[1256.7414812095406, 0.0, 792.1125740759628], [0.0, 1256.7414812095406, 492.7757465151356], [0.0, 0.0, 1.0]], [[809.2209905677063, 0.0, 829.2196003259838], [0.0, 809.2209905677063, 481.77842384512485], [0.0, 0.0, 1.0]], [[1259.5137405846733, 0.0, 807.2529053838625], [0.0, 1259.5137405846733, 501.19579884916527], [0.0, 0.0, 1.0]]], "extrinsics": [[[0.8191532492637634, -0.5713136196136475, 0.050879642367362976, -0.70751953125], [0.054064806550741196, -0.011402756907045841, -0.9984723329544067, 1.525238037109375], [0.5710209608078003, 0.8206526637077332, 0.02154734916985035, -1.1009979248046875], [0.0, 0.0, 0.0, 1.0]], [[0.004774954169988632, -0.9998654127120972, 0.01569223403930664, 0.00640869140625], [0.048458945006132126, -0.015442615374922752, -0.9987058043479919, 1.5331344604492188], [0.9988137483596802, 0.0055292039178311825, 0.04837868735194206, -1.4326171875], [0.0, 0.0, 0.0, 1.0]], [[-0.8317000865936279, -0.5533351898193359, -0.04577123746275902, 0.862548828125], [0.05376322567462921, 0.0017892994219437242, -0.9985520839691162, 1.5146255493164062], [0.5526158809661865, -0.8329567313194275, 0.02826092764735222, -1.1357421875], [0.0, 0.0, 0.0, 1.0]], [[0.946566641330719, 0.31874164938926697, 0.0491475872695446, -1.1273193359375], [0.06141418218612671, -0.028543049469590187, -0.9977041482925415, 1.5894622802734375], [-0.3166070282459259, 0.9474117755889893, -0.04659315571188927, -0.107666015625], [0.0, 0.0, 0.0, 1.0]], [[0.0034657991491258144, 0.9998241066932678, -0.018435828387737274, 0.003173828125], [0.03646456450223923, -0.01855003461241722, -0.9991627931594849, 1.5823822021484375], [-0.9993289709091187, 0.002790643135085702, -0.03652244061231613, -0.0811767578125], [0.0, 0.0, 0.0, 1.0]], [[-0.9325674772262573, 0.354915589094162, -0.06597555428743362, 0.9957275390625], [0.06934940069913864, -0.0032215516548603773, -0.997587263584137, 1.5619125366210938], [-0.35427185893058777, -0.9348927736282349, -0.02160886861383915, -0.11700439453125], [0.0, 0.0, 0.0, 1.0]]], "view": [[0.0, -2.0, 100.0], [-2.0, 0.0, 100.0], [0.0, 0.0, 1.0]], "bev": "bev_2a58cd69b34d4f0f92753ef84f02e2c8.png", "aux": "aux_2a58cd69b34d4f0f92753ef84f02e2c8.npz", "visibility": "visibility_2a58cd69b34d4f0f92753ef84f02e2c8.png", "pose": [[0.003055357839912176, -0.9999953508377075, 0.0, 893.9796142578125], [0.9999953508377075, 0.003055357839912176, 0.0, 1590.775146484375], [0.0, 0.0, 1.0, 0.0], [0.0, 0.0, 0.0, 1.0]], "pose_inverse": [[0.003055357839912176, 0.9999953508377075, 0.0, -1593.4991455078125], [-0.9999953508377075, 0.003055357839912176, 0.0, 889.1150512695312], [0.0, 0.0, 1.0, 0.0], [0.0, 0.0, 0.0, 1.0]], "cam_ids": [0, 1, 2, 3, 4, 5], "cam_channels": ["CAM_FRONT_LEFT", "CAM_FRONT", "CAM_FRONT_RIGHT", "CAM_BACK_LEFT", "CAM_BACK", "CAM_BACK_RIGHT"], "token": "2a58cd69b34d4f0f92753ef84f02e2c8", "scene": "scene-0007"}, {"images": ["samples/CAM_FRONT_LEFT/n015-2018-07-18-11-18-34+0800__CAM_FRONT_LEFT__1531884262104844.jpg", "samples/CAM_FRONT/n015-2018-07-18-11-18-34+0800__CAM_FRONT__1531884262112464.jpg", "samples/CAM_FRONT_RIGHT/n015-2018-07-18-11-18-34+0800__CAM_FRONT_RIGHT__1531884262120339.jpg", "samples/CAM_BACK_LEFT/n015-2018-07-18-11-18-34+0800__CAM_BACK_LEFT__1531884262147423.jpg", "samples/CAM_BACK/n015-2018-07-18-11-18-34+0800__CAM_BACK__1531884262137525.jpg", "samples/CAM_BACK_RIGHT/n015-2018-07-18-11-18-34+0800__CAM_BACK_RIGHT__1531884262127893.jpg"], "intrinsics": [[[1272.5979470598488, 0.0, 826.6154927353808], [0.0, 1272.5979470598488, 479.75165386361925], [0.0, 0.0, 1.0]], [[1266.417203046554, 0.0, 816.2670197447984], [0.0, 1266.417203046554, 491.50706579294757], [0.0, 0.0, 1.0]], [[1260.8474446004698, 0.0, 807.968244525554], [0.0, 1260.8474446004698, 495.3344268742088], [0.0, 0.0, 1.0]], [[1256.7414812095406, 0.0, 792.1125740759628], [0.0, 1256.7414812095406, 492.7757465151356], [0.0, 0.0, 1.0]], [[809.2209905677063, 0.0, 829.2196003259838], [0.0, 809.2209905677063, 481.77842384512485], [0.0, 0.0, 1.0]], [[1259.5137405846733, 0.0, 807.2529053838625], [0.0, 1259.5137405846733, 501.19579884916527], [0.0, 0.0, 1.0]]], "extrinsics": [[[0.8192327618598938, -0.5710523128509521, 0.052505869418382645, -0.6988525390625], [0.055278435349464417, -0.012495491653680801, -0.9983927607536316, 1.5261764526367188], [0.5707905888557434, 0.8208185434341431, 0.02133016102015972, -1.0962371826171875], [0.0, 0.0, 0.0, 1.0]], [[0.004937874153256416, -0.9998476505279541, 0.01674194633960724, 0.00738525390625], [0.05023732781410217, -0.01647297665476799, -0.998601496219635, 1.5340194702148438], [0.9987251162528992, 0.005772038362920284, 0.05014833062887192, -1.42431640625], [0.0, 0.0, 0.0, 1.0]], [[-0.8315138816833496, -0.5534955263137817, -0.04719654098153114, 0.857666015625], [0.056119322776794434, 0.0008277520537376404, -0.99842369556427, 1.5154571533203125], [0.5526621341705322, -0.832851767539978, 0.030373508110642433, -1.131591796875], [0.0, 0.0, 0.0, 1.0]], [[0.946325957775116, 0.31889045238494873, 0.05268886685371399, -1.127197265625], [0.06527681648731232, -0.028908737003803253, -0.9974483251571655, 1.5895843505859375], [-0.31655359268188477, 0.9473506212234497, -0.048173241317272186, -0.1083984375], [0.0, 0.0, 0.0, 1.0]], [[0.0034642836544662714, 0.999812662601471, -0.019042929634451866, 0.00286865234375], [0.0398503802716732, -0.019165946170687675, -0.9990218281745911, 1.582763671875], [-0.9991996884346008, 0.002702026627957821, -0.03990931063890457, -0.083251953125], [0.0, 0.0, 0.0, 1.0]], [[-0.9324089288711548, 0.3547700345516205, -0.06893257796764374, 0.9915771484375], [0.07219363749027252, -0.004053744953125715, -0.997382402420044, 1.5626602172851562], [-0.35412079095840454, -0.9349448680877686, -0.021832387894392014, -0.118011474609375], [0.0, 0.0, 0.0, 1.0]]], "view": [[0.0, -2.0, 100.0], [-2.0, 0.0, 100.0], [0.0, 0.0, 1.0]], "bev": "bev_caa8e8a97e0448fc990115777e5b5a48.png", "aux": "aux_caa8e8a97e0448fc990115777e5b5a48.npz", "visibility": "visibility_caa8e8a97e0448fc990115777e5b5a48.png", "pose": [[0.0026331462431699038, -0.999996542930603, 0.0, 894.010498046875], [0.999996542930603, 0.0026331462431699038, 0.0, 1594.3043212890625], [0.0, 0.0, 1.0, 0.0], [0.0, 0.0, 0.0, 1.0]], "pose_inverse": [[0.0026331462431699038, 0.999996542930603, 0.0, -1596.65283203125], [-0.999996542930603, 0.0026331462431699038, 0.0, 889.8093872070312], [0.0, 0.0, 1.0, 0.0], [0.0, 0.0, 0.0, 1.0]], "cam_ids": [0, 1, 2, 3, 4, 5], "cam_channels": ["CAM_FRONT_LEFT", "CAM_FRONT", "CAM_FRONT_RIGHT", "CAM_BACK_LEFT", "CAM_BACK", "CAM_BACK_RIGHT"], "token": "caa8e8a97e0448fc990115777e5b5a48", "scene": "scene-0007"}, {"images": ["samples/CAM_FRONT_LEFT/n015-2018-07-18-11-18-34+0800__CAM_FRONT_LEFT__1531884262654844.jpg", "samples/CAM_FRONT/n015-2018-07-18-11-18-34+0800__CAM_FRONT__1531884262662460.jpg", "samples/CAM_FRONT_RIGHT/n015-2018-07-18-11-18-34+0800__CAM_FRONT_RIGHT__1531884262670339.jpg", "samples/CAM_BACK_LEFT/n015-2018-07-18-11-18-34+0800__CAM_BACK_LEFT__1531884262697423.jpg", "samples/CAM_BACK/n015-2018-07-18-11-18-34+0800__CAM_BACK__1531884262687525.jpg", "samples/CAM_BACK_RIGHT/n015-2018-07-18-11-18-34+0800__CAM_BACK_RIGHT__1531884262677893.jpg"], "intrinsics": [[[1272.5979470598488, 0.0, 826.6154927353808], [0.0, 1272.5979470598488, 479.75165386361925], [0.0, 0.0, 1.0]], [[1266.417203046554, 0.0, 816.2670197447984], [0.0, 1266.417203046554, 491.50706579294757], [0.0, 0.0, 1.0]], [[1260.8474446004698, 0.0, 807.968244525554], [0.0, 1260.8474446004698, 495.3344268742088], [0.0, 0.0, 1.0]], [[1256.7414812095406, 0.0, 792.1125740759628], [0.0, 1256.7414812095406, 492.7757465151356], [0.0, 0.0, 1.0]], [[809.2209905677063, 0.0, 829.2196003259838], [0.0, 809.2209905677063, 481.77842384512485], [0.0, 0.0, 1.0]], [[1259.5137405846733, 0.0, 807.2529053838625], [0.0, 1259.5137405846733, 501.19579884916527], [0.0, 0.0, 1.0]]], "extrinsics": [[[0.8195551037788391, -0.5711615085601807, 0.04586834833025932, -0.7152099609375], [0.05382194370031357, -0.0029617038089782, -0.9985461235046387, 1.5245285034179688], [0.5704669952392578, 0.8208323121070862, 0.02831374667584896, -1.1105194091796875], [0.0, 0.0, 0.0, 1.0]], [[0.005393417552113533, -0.9999588131904602, 0.0072985682636499405, 0.0091552734375], [0.04849160462617874, -0.00702855596318841, -0.9987989068031311, 1.53265380859375], [0.9988090395927429, 0.005740858148783445, 0.04845169931650162, -1.44287109375], [0.0, 0.0, 0.0, 1.0]], [[-0.8313795924186707, -0.5533947348594666, -0.05061854049563408, 0.8707275390625], [0.05405128374695778, 0.010128048248589039, -0.9984867572784424, 1.514190673828125], [0.553070068359375, -0.8328574895858765, 0.02149144746363163, -1.138916015625], [0.0, 0.0, 0.0, 1.0]], [[0.9463053941726685, 0.3189471960067749, 0.052714135497808456, -1.1334228515625], [0.06259377300739288, -0.020798075944185257, -0.9978223443031311, 1.5891265869140625], [-0.31715625524520874, 0.9475442171096802, -0.03964544087648392, -0.106689453125], [0.0, 0.0, 0.0, 1.0]], [[0.0029915065970271826, 0.9999420046806335, -0.010344717651605606, 0.00238037109375], [0.03719646856188774, -0.010448872111737728, -0.9992533922195435, 1.5822372436523438], [-0.9993035197257996, 0.0026044859550893307, -0.03722556307911873, -0.0753173828125], [0.0, 0.0, 0.0, 1.0]], [[-0.9327130913734436, 0.3549829423427582, -0.06350847333669662, 1.001953125], [0.0698428526520729, 0.005044662859290838, -0.9975453019142151, 1.56146240234375], [-0.353791207075119, -0.9348592162132263, -0.029498249292373657, -0.113067626953125], [0.0, 0.0, 0.0, 1.0]]], "view": [[0.0, -2.0, 100.0], [-2.0, 0.0, 100.0], [0.0, 0.0, 1.0]], "bev": "bev_5da7a86fabd64f899c9f60d9c72e09e7.png", "aux": "aux_5da7a86fabd64f899c9f60d9c72e09e7.npz", "visibility": "visibility_5da7a86fabd64f899c9f60d9c72e09e7.png", "pose": [[0.00530080683529377, -0.999985933303833, 0.0, 894.0557250976562], [0.999985933303833, 0.00530080683529377, 0.0, 1598.137451171875], [0.0, 0.0, 1.0, 0.0], [0.0, 0.0, 0.0, 1.0]], "pose_inverse": [[0.00530080683529377, 0.999985933303833, 0.0, -1602.854248046875], [-0.999985933303833, 0.00530080683529377, 0.0, 885.5717163085938], [0.0, 0.0, 1.0, 0.0], [0.0, 0.0, 0.0, 1.0]], "cam_ids": [0, 1, 2, 3, 4, 5], "cam_channels": ["CAM_FRONT_LEFT", "CAM_FRONT", "CAM_FRONT_RIGHT", "CAM_BACK_LEFT", "CAM_BACK", "CAM_BACK_RIGHT"], "token": "5da7a86fabd64f899c9f60d9c72e09e7", "scene": "scene-0007"}, {"images": ["samples/CAM_FRONT_LEFT/n015-2018-07-18-11-18-34+0800__CAM_FRONT_LEFT__1531884263154844.jpg", "samples/CAM_FRONT/n015-2018-07-18-11-18-34+0800__CAM_FRONT__1531884263162460.jpg", "samples/CAM_FRONT_RIGHT/n015-2018-07-18-11-18-34+0800__CAM_FRONT_RIGHT__1531884263170339.jpg", "samples/CAM_BACK_LEFT/n015-2018-07-18-11-18-34+0800__CAM_BACK_LEFT__1531884263197423.jpg", "samples/CAM_BACK/n015-2018-07-18-11-18-34+0800__CAM_BACK__1531884263187525.jpg", "samples/CAM_BACK_RIGHT/n015-2018-07-18-11-18-34+0800__CAM_BACK_RIGHT__1531884263177893.jpg"], "intrinsics": [[[1272.5979470598488, 0.0, 826.6154927353808], [0.0, 1272.5979470598488, 479.75165386361925], [0.0, 0.0, 1.0]], [[1266.417203046554, 0.0, 816.2670197447984], [0.0, 1266.417203046554, 491.50706579294757], [0.0, 0.0, 1.0]], [[1260.8474446004698, 0.0, 807.968244525554], [0.0, 1260.8474446004698, 495.3344268742088], [0.0, 0.0, 1.0]], [[1256.7414812095406, 0.0, 792.1125740759628], [0.0, 1256.7414812095406, 492.7757465151356], [0.0, 0.0, 1.0]], [[809.2209905677063, 0.0, 829.2196003259838], [0.0, 809.2209905677063, 481.77842384512485], [0.0, 0.0, 1.0]], [[1259.5137405846733, 0.0, 807.2529053838625], [0.0, 1259.5137405846733, 501.19579884916527], [0.0, 0.0, 1.0]]], "extrinsics": [[[0.820050835609436, -0.5706977248191833, 0.042668964713811874, -0.7364501953125], [0.047936733812093735, -0.005797513294965029, -0.9988335371017456, 1.521575927734375], [0.5702793598175049, 0.8211397528648376, 0.022603128105401993, -1.12249755859375], [0.0, 0.0, 0.0, 1.0]], [[0.005751097574830055, -0.9999288320541382, 0.010445071384310722, 0.00726318359375], [0.04285427927970886, -0.010189199820160866, -0.9990293979644775, 1.5303115844726562], [0.9990647435188293, 0.006193131674081087, 0.042792633175849915, -1.46435546875], [0.0, 0.0, 0.0, 1.0]], [[-0.8315202593803406, -0.5537272095680237, -0.04427500069141388, 0.88592529296875], [0.04873315617442131, 0.006679828278720379, -0.9987894892692566, 1.5122451782226562], [0.5533526539802551, -0.8326713442802429, 0.02143046073615551, -1.150390625], [0.0, 0.0, 0.0, 1.0]], [[0.9465665817260742, 0.3189707100391388, 0.047636933624744415, -1.1417236328125], [0.05864090099930763, -0.02497863955795765, -0.9979665875434875, 1.5885848999023438], [-0.31713223457336426, 0.9474353790283203, -0.042348675429821014, -0.10400390625], [0.0, 0.0, 0.0, 1.0]], [[0.0029835531022399664, 0.9998926520347595, -0.014344144612550735, 0.00274658203125], [0.032706256955862045, -0.014434105716645718, -0.9993607997894287, 1.581485748291015