[{"images": ["samples/CAM_FRONT_LEFT/n008-2018-09-18-14-43-59-0400__CAM_FRONT_LEFT__1537296444254799.jpg", "samples/CAM_FRONT/n008-2018-09-18-14-43-59-0400__CAM_FRONT__1537296444262404.jpg", "samples/CAM_FRONT_RIGHT/n008-2018-09-18-14-43-59-0400__CAM_FRONT_RIGHT__1537296444270482.jpg", "samples/CAM_BACK_LEFT/n008-2018-09-18-14-43-59-0400__CAM_BACK_LEFT__1537296444297405.jpg", "samples/CAM_BACK/n008-2018-09-18-14-43-59-0400__CAM_BACK__1537296444287558.jpg", "samples/CAM_BACK_RIGHT/n008-2018-09-18-14-43-59-0400__CAM_BACK_RIGHT__1537296444278113.jpg"], "intrinsics": [[[1257.8625342125129, 0.0, 827.2410631095686], [0.0, 1257.8625342125129, 450.915498205774], [0.0, 0.0, 1.0]], [[1252.8131021185304, 0.0, 826.588114781398], [0.0, 1252.8131021185304, 469.9846626224581], [0.0, 0.0, 1.0]], [[1256.7485116440405, 0.0, 817.7887570959712], [0.0, 1256.7485116440403, 451.9541780095127], [0.0, 0.0, 1.0]], [[1254.9860565800168, 0.0, 829.5769333630991], [0.0, 1254.9860565800168, 467.1680561863987], [0.0, 0.0, 1.0]], [[796.8910634503094, 0.0, 857.7774326863696], [0.0, 796.8910634503094, 476.8848988407415], [0.0, 0.0, 1.0]], [[1249.9629280788233, 0.0, 825.3768045375984], [0.0, 1249.9629280788233, 462.54816385708756], [0.0, 0.0, 1.0]]], "extrinsics": [[[0.8223291635513306, -0.568580687046051, -0.022159380838274956, -0.616943359375], [-0.003200648818165064, 0.034320950508117676, -0.9994056820869446, 1.486581802368164], [0.5690032243728638, 0.8219113349914551, 0.026403289288282394, -1.07232666015625], [0.0, 0.0, 0.0, 1.0]], [[0.010020666755735874, -0.9994889497756958, -0.030352799221873283, 0.014404296875], [-0.001277273171581328, 0.030341504141688347, -0.999538779258728, 1.4795122146606445], [0.9999489784240723, 0.010054728016257286, -0.000972578302025795, -1.34698486328125], [0.0, 0.0, 0.0, 1.0]], [[-0.8441509008407593, -0.5358244776725769, -0.017361687496304512, 0.836669921875], [0.006717541255056858, 0.02181040309369564, -0.9997395277023315, 1.4950237274169922], [0.536063551902771, -0.8440476655960083, -0.014811846427619457, -1.11138916015625], [0.0, 0.0, 0.0, 1.0]], [[0.9478251934051514, 0.3187386691570282, -0.00574725866317749, -1.12274169921875], [-0.018614644184708595, 0.03733834624290466, -0.9991292357444763, 1.5616130828857422], [-0.31824666261672974, 0.9471068978309631, 0.041323430836200714, -0.16351318359375], [0.0, 0.0, 0.0, 1.0]], [[0.00939748901873827, 0.9995174407958984, 0.02960878796875477, -0.029388427734375], [-0.016578001901507378, 0.029761753976345062, -0.9994195103645325, 1.5659370422363281], [-0.9998183846473694, 0.008901218883693218, 0.016849687322974205, -0.080810546875], [0.0, 0.0, 0.0, 1.0]], [[-0.9236757159233093, 0.38291677832603455, 0.014066881500184536, 0.9527587890625], [-0.012366117909550667, 0.006902776192873716, -0.999899685382843, 1.5450239181518555], [-0.38297539949417114, -0.9237570762634277, -0.0016407337971031666, -0.1266021728515625], [0.0, 0.0, 0.0, 1.0]]], "view": [[0.0, -2.0, 100.0], [-2.0, 0.0, 100.0], [0.0, 0.0, 1.0]], "bev": "bev_c04467376ab44bc1bfd29dcd6aa5f6df.png", "aux": "aux_c04467376ab44bc1bfd29dcd6aa5f6df.npz", "visibility": "visibility_c04467376ab44bc1bfd29dcd6aa5f6df.png", "pose": [[-0.6514053344726562, 0.7587299346923828, 0.0, 891.2974853515625], [-0.7587299346923828, -0.6514053344726562, 0.0, 589.436767578125], [0.0, 0.0, 1.0, 0.0], [0.0, 0.0, 0.0, 1.0]], "pose_inverse": [[-0.6514053344726562, -0.7587299346923828, 0.0, 1027.8192138671875], [0.7587299346923828, -0.6514053344726562, 0.0, -292.29180908203125], [0.0, 0.0, 1.0, 0.0], [0.0, 0.0, 0.0, 1.0]], "cam_ids": [0, 1, 2, 3, 4, 5], "cam_channels": ["CAM_FRONT_LEFT", "CAM_FRONT", "CAM_FRONT_RIGHT", "CAM_BACK_LEFT", "CAM_BACK", "CAM_BACK_RIGHT"], "token": "c04467376ab44bc1bfd29dcd6aa5f6df", "scene": "scene-0645"}, {"images": ["samples/CAM_FRONT_LEFT/n008-2018-09-18-14-43-59-0400__CAM_FRONT_LEFT__1537296444654799.jpg", "samples/CAM_FRONT/n008-2018-09-18-14-43-59-0400__CAM_FRONT__1537296444662404.jpg", "samples/CAM_FRONT_RIGHT/n008-2018-09-18-14-43-59-0400__CAM_FRONT_RIGHT__1537296444670482.jpg", "samples/CAM_BACK_LEFT/n008-2018-09-18-14-43-59-0400__CAM_BACK_LEFT__1537296444697405.jpg", "samples/CAM_BACK/n008-2018-09-18-14-43-59-0400__CAM_BACK__1537296444687558.jpg", "samples/CAM_BACK_RIGHT/n008-2018-09-18-14-43-59-0400__CAM_BACK_RIGHT__1537296444678113.jpg"], "intrinsics": [[[1257.8625342125129, 0.0, 827.2410631095686], [0.0, 1257.8625342125129, 450.915498205774], [0.0, 0.0, 1.0]], [[1252.8131021185304, 0.0, 826.588114781398], [0.0, 1252.8131021185304, 469.9846626224581], [0.0, 0.0, 1.0]], [[1256.7485116440405, 0.0, 817.7887570959712], [0.0, 1256.7485116440403, 451.9541780095127], [0.0, 0.0, 1.0]], [[1254.9860565800168, 0.0, 829.5769333630991], [0.0, 1254.9860565800168, 467.1680561863987], [0.0, 0.0, 1.0]], [[796.8910634503094, 0.0, 857.7774326863696], [0.0, 796.8910634503094, 476.8848988407415], [0.0, 0.0, 1.0]], [[1249.9629280788233, 0.0, 825.3768045375984], [0.0, 1249.9629280788233, 462.54816385708756], [0.0, 0.0, 1.0]]], "extrinsics": [[[0.8228427171707153, -0.5678008198738098, -0.023065835237503052, -0.63629150390625], [-0.002349059097468853, 0.037190694361925125, -0.9993054270744324, 1.4870729446411133], [0.5682642459869385, 0.8223254680633545, 0.0292682982981205, -1.084442138671875], [0.0, 0.0, 0.0, 1.0]], [[0.010850050486624241, -0.9993939399719238, -0.03307574987411499, 0.01361083984375], [-0.0005338720511645079, 0.03307190537452698, -0.9994528293609619, 1.4798269271850586], [0.9999409914016724, 0.010861797258257866, -0.00017471821047365665, -1.36688232421875], [0.0, 0.0, 0.0, 1.0]], [[-0.84380042552948, -0.5363125205039978, -0.019228966906666756, 0.8499755859375], [0.0073003447614610195, 0.02435653656721115, -0.9996767044067383, 1.4950902462005615], [0.5366075038909912, -0.8436680436134338, -0.016636788845062256, -1.12060546875], [0.0, 0.0, 0.0, 1.0]], [[0.9478160738945007, 0.31877684593200684, -0.0050996411591768265, -1.125244140625], [-0.01859280653297901, 0.039299413561820984, -0.999054491519928, 1.5616722106933594], [-0.3182750642299652, 0.9470146298408508, 0.04317557066679001, -0.16253662109375], [0.0, 0.0, 0.0, 1.0]], [[0.009128747507929802, 0.9994553923606873, 0.03171148896217346, -0.029144287109375], [-0.016245326027274132, 0.03185685724020004, -0.9993603825569153, 1.5661125183105469], [-0.9998263716697693, 0.008607693947851658, 0.016527293249964714, -0.0731201171875], [0.0, 0.0, 0.0, 1.0]], [[-0.9238620400428772, 0.38244813680648804, 0.014573158696293831, 0.964599609375], [-0.011949794366955757, 0.009234031662344933, -0.9998859763145447, 1.5452661514282227], [-0.3825390934944153, -0.923930823802948, -0.003960793372243643, -0.1221923828125], [0.0, 0.0, 0.0, 1.0]]], "view": [[0.0, -2.0, 100.0], [-2.0, 0.0, 100.0], [0.0, 0.0, 1.0]], "bev": "bev_7be25e7311384590aa578004366889f8.png", "aux": "aux_7be25e7311384590aa578004366889f8.npz", "visibility": "visibility_7be25e7311384590aa578004366889f8.png", "pose": [[-0.6521477699279785, 0.7580918669700623, 0.0, 888.5908813476562], [-0.7580918669700623, -0.6521477699279785, 0.0, 586.3516845703125], [0.0, 0.0, 1.0, 0.0], [0.0, 0.0, 0.0, 1.0]], "pose_inverse": [[-0.6521477699279785, -0.7580918669700623, 0.0, 1024.0009765625], [0.7580918669700623, -0.6521477699279785, 0.0, -291.2455749511719], [0.0, 0.0, 1.0, 0.0], [0.0, 0.0, 0.0, 1.0]], "cam_ids": [0, 1, 2, 3, 4, 5], "cam_channels": ["CAM_FRONT_LEFT", "CAM_FRONT", "CAM_FRONT_RIGHT", "CAM_BACK_LEFT", "CAM_BACK", "CAM_BACK_RIGHT"], "token": "7be25e7311384590aa578004366889f8", "scene": "scene-0645"}, {"images": ["samples/CAM_FRONT_LEFT/n008-2018-09-18-14-43-59-0400__CAM_FRONT_LEFT__1537296445154805.jpg", "samples/CAM_FRONT/n008-2018-09-18-14-43-59-0400__CAM_FRONT__1537296445162404.jpg", "samples/CAM_FRONT_RIGHT/n008-2018-09-18-14-43-59-0400__CAM_FRONT_RIGHT__1537296445170482.jpg", "samples/CAM_BACK_LEFT/n008-2018-09-18-14-43-59-0400__CAM_BACK_LEFT__1537296445197405.jpg", "samples/CAM_BACK/n008-2018-09-18-14-43-59-0400__CAM_BACK__1537296445187558.jpg", "samples/CAM_BACK_RIGHT/n008-2018-09-18-14-43-59-0400__CAM_BACK_RIGHT__1537296445178113.jpg"], "intrinsics": [[[1257.8625342125129, 0.0, 827.2410631095686], [0.0, 1257.8625342125129, 450.915498205774], [0.0, 0.0, 1.0]], [[1252.8131021185304, 0.0, 826.588114781398], [0.0, 1252.8131021185304, 469.9846626224581], [0.0, 0.0, 1.0]], [[1256.7485116440405, 0.0, 817.7887570959712], [0.0, 1256.7485116440403, 451.9541780095127], [0.0, 0.0, 1.0]], [[1254.9860565800168, 0.0, 829.5769333630991], [0.0, 1254.9860565800168, 467.1680561863987], [0.0, 0.0, 1.0]], [[796.8910634503094, 0.0, 857.7774326863696], [0.0, 796.8910634503094, 476.8848988407415], [0.0, 0.0, 1.0]], [[1249.9629280788233, 0.0, 825.3768045375984], [0.0, 1249.9629280788233, 462.54816385708756], [0.0, 0.0, 1.0]]], "extrinsics": [[[0.8227618336677551, -0.5679529905319214, -0.02219216525554657, -0.63616943359375], [-0.004226314835250378, 0.032929982990026474, -0.9994487166404724, 1.4862794876098633], [0.5683706998825073, 0.8224020004272461, 0.024693183600902557, -1.083465576171875], [0.0, 0.0, 0.0, 1.0]], [[0.01060942467302084, -0.9995303153991699, -0.02874891832470894, 0.0126953125], [-0.0021470491774380207, 0.0287276990711689, -0.999584972858429, 1.4792680740356445], [0.9999414086341858, 0.010666770860552788, -0.0018412574427202344, -1.3636474609375], [0.0, 0.0, 0.0, 1.0]], [[-0.8439000248908997, -0.53626948595047, -0.01574641652405262, 0.8466796875], [0.0059732841327786446, 0.01995665393769741, -0.9997829794883728, 1.4947556257247925], [0.5364673137664795, -0.8438108563423157, -0.013638132251799107, -1.119140625], [0.0, 0.0, 0.0, 1.0]], [[0.9478113055229187, 0.3187577724456787, -0.006869266275316477, -1.12176513671875], [-0.018990863114595413, 0.0349353663623333, -0.9992091059684753, 1.5615901947021484], [-0.31826573610305786, 0.9471921324729919, 0.03916562348604202, -0.1636962890625], [0.0, 0.0, 0.0, 1.0]], [[0.00919592659920454, 0.9995850324630737, 0.027294667437672615, -0.0289306640625], [-0.017014669254422188, 0.02744828350841999, -0.9994783401489258, 1.5659637451171875], [-0.9998129606246948, 0.00872676633298397, 0.017260024324059486, -0.0771484375], [0.0, 0.0, 0.0, 1.0]], [[-0.9238101243972778, 0.3826002776622772, 0.013853518292307854, 0.9609375], [-0.013000098057091236, 0.0048159025609493256, -0.9999039173126221, 1.5450029373168945], [-0.3826301693916321, -0.923901379108429, 0.000524862902238965, -0.12416839599609375], [0.0, 0.0, 0.0, 1.0]]], "view": [[0.0, -2.0, 100.0], [-2.0, 0.0, 100.0], [0.0, 0.0, 1.0]], "bev": "bev_6fe0e3dde98e4ebb8fba4477ed84adad.png", "aux": "aux_6fe0e3dde98e4ebb8fba4477ed84adad.npz", "visibility": "visibility_6fe0e3dde98e4ebb8fba4477ed84adad.png", "pose": [[-0.6525008082389832, 0.7577880024909973, 0.0, 885.3828125], [-0.7577880024909973, -0.6525008082389832, 0.0, 582.690673828125], [0.0, 0.0, 1.0, 0.0], [0.0, 0.0, 0.0, 1.0]], "pose_inverse": [[-0.6525008082389832, -0.7577880024909973, 0.0, 1019.26904296875], [0.7577880024909973, -0.6525008082389832, 0.0, -290.7263488769531], [0.0, 0.0, 1.0, 0.0], [0.0, 0.0, 0.0, 1.0]], "cam_ids": [0, 1, 2, 3, 4, 5], "cam_channels": ["CAM_FRONT_LEFT", "CAM_FRONT", "CAM_FRONT_RIGHT", "CAM_BACK_LEFT", "CAM_BACK", "CAM_BACK_RIGHT"], "token": "6fe0e3dde98e4ebb8fba4477ed84adad", "scene": "scene-0645"}, {"images": ["samples/CAM_FRONT_LEFT/n008-2018-09-18-14-43-59-0400__CAM_FRONT_LEFT__1537296445654799.jpg", "samples/CAM_FRONT/n008-2018-09-18-14-43-59-0400__CAM_FRONT__1537296445662404.jpg", "samples/CAM_FRONT_RIGHT/n008-2018-09-18-14-43-59-0400__CAM_FRONT_RIGHT__1537296445670482.jpg", "samples/CAM_BACK_LEFT/n008-2018-09-18-14-43-59-0400__CAM_BACK_LEFT__1537296445697411.jpg", "samples/CAM_BACK/n008-2018-09-18-14-43-59-0400__CAM_BACK__1537296445687558.jpg", "samples/CAM_BACK_RIGHT/n008-2018-09-18-14-43-59-0400__CAM_BACK_RIGHT__1537296445678113.jpg"], "intrinsics": [[[1257.8625342125129, 0.0, 827.2410631095686], [0.0, 1257.8625342125129, 450.915498205774], [0.0, 0.0, 1.0]], [[1252.8131021185304, 0.0, 826.588114781398], [0.0, 1252.8131021185304, 469.9846626224581], [0.0, 0.0, 1.0]], [[1256.7485116440405, 0.0, 817.7887570959712], [0.0, 1256.7485116440403, 451.9541780095127], [0.0, 0.0, 1.0]], [[1254.9860565800168, 0.0, 829.5769333630991], [0.0, 1254.9860565800168, 467.1680561863987], [0.0, 0.0, 1.0]], [[796.8910634503094, 0.0, 857.7774326863696], [0.0, 796.8910634503094, 476.8848988407415], [0.0, 0.0, 1.0]], [[1249.9629280788233, 0.0, 825.3768045375984], [0.0, 1249.9629280788233, 462.54816385708756], [0.0, 0.0, 1.0]]], "extrinsics": [[[0.822432279586792, -0.5686131119728088, -0.016860665753483772, -0.64080810546875], [0.0025165900588035583, 0.033275701105594635, -0.9994430541992188, 1.4892873764038086], [0.5688574314117432, 0.821931779384613, 0.028797978535294533, -1.085693359375], [0.0, 0.0, 0.0, 1.0]], [[0.010112540796399117, -0.9995236396789551, -0.029160210862755775, 0.011962890625], [0.004513532388955355, 0.029207032173871994, -0.9995631575584412, 1.481736183166504], [0.9999386072158813, 0.009976576082408428, 0.004806739278137684, -1.36773681640625], [0.0, 0.0, 0.0, 1.0]], [[-0.8440696597099304, -0.535795271396637, -0.021676503121852875, 0.848388671875], [0.012616020627319813, 0.02057015337049961, -0.9997087717056274, 1.49666166305542], [0.5360851883888245, -0.8440973162651062, -0.010603041388094425, -1.12103271484375], [0.0, 0.0, 0.0, 1.0]], [[0.947855532169342, 0.3186997175216675, -0.0005362528609111905, -1.11846923828125], [-0.012607520446181297, 0.0358150415122509, -0.9992789030075073, 1.561697006225586], [-0.3184507191181183, 0.947178840637207, 0.037965498864650726, -0.164794921875], [0.0, 0.0, 0.0, 1.0]], [[0.009260570630431175, 0.9995590448379517, 0.028214337304234505, -0.0286865234375], [-0.010515369474887848, 0.02831133082509041, -0.9995437860488892, 1.5667438507080078], [-0.9999018311500549, 0.008959619328379631, 0.010772911831736565, -0.078369140625], [0.0, 0.0, 0.0, 1.0]], [[-0.9237239956855774, 0.3829749822616577, 0.008000367321074009, 0.9619140625], [-0.006355288438498974, 0.005560540594160557, -0.9999643564224243, 1.5464396476745605], [-0.3830057382583618, -0.9237419366836548, -0.0027024883311241865, -0.12430572509765625], [0.0, 0.0, 0.0, 1.0]]], "view": [[0.0, -2.0, 100.0], [-2.0, 0.0, 100.0], [0.0, 0.0, 1.0]], "bev": "bev_26f003e063ec4eb7b20b3cd2b90d4443.png", "aux": "aux_26f003e063ec4eb7b20b3cd2b90d4443.npz", "visibility": "visibility_26f003e063ec4eb7b20b3cd2b90d4443.png", "pose": [[-0.6537706851959229, 0.7566927075386047, 0.0, 882.1687622070312], [-0.7566927075386047, -0.6537706851959229, 0.0, 579.0462646484375], [0.0, 0.0, 1.0, 0.0], [0.0, 0.0, 0.0, 1.0]], "pose_inverse": [[-0.6537706851959229, -0.7566927075386047, 0.0, 1014.8961791992188], [0.7566927075386047, -0.6537706851959229, 0.0, -288.9671936035156], [0.0, 0.0, 1.0, 0.0], [0.0, 0.0, 0.0, 1.0]], "cam_ids": [0, 1, 2, 3, 4, 5], "cam_channels": ["CAM_FRONT_LEFT", "CAM_FRONT", "CAM_FRONT_RIGHT", "CAM_BACK_LEFT", "CAM_BACK", "CAM_BACK_RIGHT"], "token": "26f003e063ec4eb7b20b3cd2b90d4443", "scene": "scene-0645"}, {"images": ["samples/CAM_FRONT_LEFT/n008-2018-09-18-14-43-59-0400__CAM_FRONT_LEFT__1537296446154799.jpg", "samples/CAM_FRONT/n008-2018-09-18-14-43-59-0400__CAM_FRONT__1537296446162404.jpg", "samples/CAM_FRONT_RIGHT/n008-2018-09-18-14-43-59-0400__CAM_FRONT_RIGHT__1537296446170529.jpg", "samples/CAM_BACK_LEFT/n008-2018-09-18-14-43-59-0400__CAM_BACK_LEFT__1537296446197405.jpg", "samples/CAM_BACK/n008-2018-09-18-14-43-59-0400__CAM_BACK__1537296446187558.jpg", "samples/CAM_BACK_RIGHT/n008-2018-09-18-14-43-59-0400__CAM_BACK_RIGHT__1537296446178113.jpg"], "intrinsics": [[[1257.8625342125129, 0.0, 827.2410631095686], [0.0, 1257.8625342125129, 450.915498205774], [0.0, 0.0, 1.0]], [[1252.8131021185304, 0.0, 826.588114781398], [0.0, 1252.8131021185304, 469.9846626224581], [0.0, 0.0, 1.0]], [[1256.7485116440405, 0.0, 817.7887570959712], [0.0, 1256.7485116440403, 451.9541780095127], [0.0, 0.0, 1.0]], [[1254.9860565800168, 0.0, 829.5769333630991], [0.0, 1254.9860565800168, 467.1680561863987], [0.0, 0.0, 1.0]], [[796.8910634503094, 0.0, 857.7774326863696], [0.0, 796.8910634503094, 476.8848988407415], [0.0, 0.0, 1.0]], [[1249.9629280788233, 0.0, 825.3768045375984], [0.0, 1249.9629280788233, 462.54816385708756], [0.0, 0.0, 1.0]]], "extrinsics": [[[0.8227834701538086, -0.5681804418563843, -0.014084260910749435, -0.64398193359375], [0.0065896171145141125, 0.03431566059589386, -0.9993893504142761, 1.4910304546356201], [0.5683168172836304, 0.8221881985664368, 0.03197845071554184, -1.0888671875], [0.0, 0.0, 0.0, 1.0]], [[0.010493998415768147, -0.9994941353797913, -0.03001960553228855, 0.012542724609375], [0.008466671220958233, 0.030108997598290443, -0.9995108246803284, 1.483136534690857], [0.9999091029167175, 0.01023477129638195, 0.008778354153037071, -1.37213134765625], [0.0, 0.0, 0.0, 1.0]], [[-0.8438742756843567, -0.5359456539154053, -0.02526875212788582, 0.85205078125], [0.016416035592556, 0.021283039823174477, -0.9996386766433716, 1.4976882934570312], [0.5362898111343384, -0.8439842462539673, -0.009162107482552528, -1.12274169921875], [0.0, 0.0, 0.0, 1.0]], [[0.9478421211242676, 0.3187294006347656, 0.002625560387969017, -1.11944580078125], [-0.009259598329663277, 0.0357682891190052, -0.9993172287940979, 1.5617961883544922], [-0.3186056911945343, 0.9471706748008728, 0.03685399517416954, -0.16455078125], [0.0, 0.0, 0.0, 1.0]], [[0.009080086834728718, 0.9995536804199219, 0.02846057526767254, -0.028900146484375], [-0.006949953269213438, 0.028524143621325493, -0.9995689392089844, 1.567190170288086], [-0.9999346733093262, 0.008878424763679504, 0.007205852773040533, -0.0762939453125], [0.0, 0.0, 0.0, 1.0]], [[-0.923799455165863, 0.3828466534614563, 0.0047993166372179985, 0.9644775390625], [-0.002685562241822481, 0.0060554007068276405, -0.9999780058860779, 1.5472326278686523], [-0.38286730647087097, -0.9237920641899109, -0.00456581823527813, -0.12282562255859375], [0.0, 0.0, 0.0, 1.0]]], "view": [[0.0, -2.0, 100.0], [-2.0, 0.0, 100.0], [0.0, 0.0, 1.0]], "bev": "bev_6ece468ff9434eaa8e50a76e78ccbf7f.png", "aux": "aux_6ece468ff9434eaa8e50a76e78ccbf7f.npz", "visibility": "visibility_6ece468ff9434eaa8e50a76e78ccbf7f.png", "pose": [[-0.6531896591186523, 0.7571943402290344, 0.0, 878.9911499023438], [-0.7571943402290344, -0.6531896591186523, 0.0, 575.4074096679688], [0.0, 0.0, 1.0, 0.0], [0.0, 0.0, 0.0, 1.0]], "pose_inverse": [[-0.6531896591186523, -0.7571943402290344, 0.0, 1009.8431396484375], [0.7571943402290344, -0.6531896591186523, 0.0, -289.71697998046875], [0.0, 0.0, 1.0, 0.0], [0.0, 0.0, 0.0, 1.0]], "cam_ids": [0, 1, 2, 3, 4, 5], "cam_channels": ["CAM_FRONT_LEFT", "CAM_FRONT", "CAM_FRONT_RIGHT", "CAM_BACK_LEFT", "CAM_BACK", "CAM_BACK_RIGHT"], "token": "6ece468ff9434eaa8e50a76e78ccbf7f", "scene": "scene-0645"}, {"images": ["samples/CAM_FRONT_LEFT/n008-2018-09-18-14-43-59-0400__CAM_FRONT_LEFT__1537296446654799.jpg", "samples/CAM_FRONT/n008-2018-09-18-14-43-59-0400__CAM_FRONT__1537296446662404.jpg", "samples/CAM_FRONT_RIGHT/n008-2018-09-18-14-43-59-0400__CAM_FRONT_RIGHT__1537296446670482.jpg", "samples/CAM_BACK_LEFT/n008-2018-09-18-14-43-59-0400__CAM_BACK_LEFT__1537296446697405.jpg", "samples/CAM_BACK/n008-2018-09-18-14-43-59-0400__CAM_BACK__1537296446687558.jpg", "samples/CAM_BACK_RIGHT/n008-2018-09-18-14-43-59-0400__CAM_BACK_RIGHT__1537296446678490.jpg"], "intrinsics": [[[1257.8625342125129, 0.0, 827.2410631095686], [0.0, 1257.8625342125129, 450.915498205774], [0.0, 0.0, 1.0]], [[1252.8131021185304, 0.0, 826.588114781398], [0.0, 1252.8131021185304, 469.9846626224581], [0.0, 0.0, 1.0]], [[1256.7485116440405, 0.0, 817.7887570959712], [0.0, 1256.7485116440403, 451.9541780095127], [0.0, 0.0, 1.0]], [[1254.9860565800168, 0.0, 829.5769333630991], [0.0, 1254.9860565800168, 467.1680561863987], [0.0, 0.0, 1.0]], [[796.8910634503094, 0.0, 857.7774326863696], [0.0, 796.8910634503094, 476.8848988407415], [0.0, 0.0, 1.0]], [[1249.9629280788233, 0.0, 825.3768045375984], [0.0, 1249.9629280788233, 462.54816385708756], [0.0, 0.0, 1.0]]], "extrinsics": [[[0.8229158520698547, -0.5680258870124817, -0.01249121967703104, -0.64373779296875], [0.0054511213675141335, 0.029877638444304466, -0.9995386600494385, 1.4905169010162354], [0.5681371092796326, 0.8224682211875916, 0.027683163061738014, -1.0902099609375], [0.0, 0.0, 0.0, 1.0]], [[0.010947317816317081, -0.9996103048324585, -0.025675300508737564, 0.013885498046875], [0.007390799466520548, 0.025757024064660072, -0.9996408820152283, 1.4827276468276978], [0.9999127984046936, 0.010753579437732697, 0.0076698907651007175, -1.372314453125], [0.0, 0.0, 0.0, 1.0]], [[-0.8436956405639648, -0.5363621711730957, -0.022208133712410927, 0.8525390625], [0.015490148216485977, 0.017028186470270157, -0.9997349977493286, 1.4974193572998047], [0.5365981459617615, -0.8438161015510559, -0.006058278027921915, -1.12176513671875], [0.0, 0.0, 0.0, 1.0]], [[0.9478620290756226, 0.3186790347099304, 0.0010920034255832434, -1.1209716796875], [-0.009594081901013851, 0.031960878521203995, -0.9994430541992188, 1.561807632446289], [-0.3185364305973053, 0.9473236799240112, 0.03335193544626236, -0.1639404296875], [0.0, 0.0, 0.0, 1.0]], [[0.008979713544249535, 0.999660849571228, 0.024440951645374298, -0.029205322265625], [-0.007501347456127405, 0.02450859174132347, -0.999671459197998, 1.5671300888061523], [-0.9999315142631531, 0.00879340898245573, 0.007718884851783514, -0.0751953125], [0.0, 0.0, 0.0, 1.0]], [[-0.9238970279693604, 0.3826214075088501, 0.003867478109896183, 0.96826171875], [-0.0034047579392790794, 0.001886465703137219, -0.9999924302101135, 1.5471017360687256], [-0.3826257884502411, -0.923903226852417, -0.0004401658661663532, -0.1205596923828125], [0.0, 0.0, 0.0, 1.0]]], "view": [[0.0, -2.0, 100.0], [-2.0, 0.0, 100.0], [0.0, 0.0, 1.0]], "bev": "bev_4d705dc40bd5466ca87a0d8e202ed6fb.png", "aux": "aux_4d705dc40bd5466ca87a0d8e202ed6fb.npz", "visibility": "visibility_4d705dc40bd5466ca87a0d8e202ed6fb.png", "pose": [[-0.6547523140907288, 0.755843460559845, 0.0, 875.8369140625], [-0.755843460559845, -0.6547523140907288, 0.0, 571.8124389648438], [0.0, 0.0, 1.0, 0.0], [0.0, 0.0, 0.0, 1.0]], "pose_inverse": [[-0.6547523140907288, -0.755843460559845, 0.0, 1005.656982421875], [0.755843460559845, -0.6547523140907288, 0.0, -287.60009765625], [0.0, 0.0, 1.0, 0.0], [0.0, 0.0, 0.0, 1.0]], "cam_ids": [0, 1, 2, 3, 4, 5], "cam_channels": ["CAM_FRONT_LEFT", "CAM_FRONT", "CAM_FRONT_RIGHT", "CAM_BACK_LEFT", "CAM_BACK", "CAM_BACK_RIGHT"], "token": "4d705dc40bd5466ca87a0d8e202ed6fb", "scene": "scene-0645"}, {"images": ["samples/CAM_FRONT_LEFT/n008-2018-09-18-14-43-59-0400__CAM_FRONT_LEFT__1537296447104799.jpg", "samples/CAM_FRONT/n008-2018-09-18-14-43-59-0400__CAM_FRONT__1537296447112404.jpg", "samples/CAM_FRONT_RIGHT/n008-2018-09-18-14-43-59-0400__CAM_FRONT_RIGHT__1537296447120482.jpg", "samples/CAM_BACK_LEFT/n008-2018-09-18-14-43-59-0400__CAM_BACK_LEFT__1537296447147405.jpg", "samples/CAM_BACK/n008-2018-09-18-14-43-59-0400__CAM_BACK__1537296447137558.jpg", "samples/CAM_BACK_RIGHT/n008-2018-09-18-14-43-59-0400__CAM_BACK_RIGHT__1537296447128113.jpg"], "intrinsics": [[[1257.8625342125129, 0.0, 827.2410631095686], [0.0, 1257.8625342125129, 450.915498205774], [0.0, 0.0, 1.0]], [[1252.8131021185304, 0.0, 826.588114781398], [0.0, 1252.8131021185304, 469.9846626224581], [0.0, 0.0, 1.0]], [[1256.7485116440405, 0.0, 817.7887570959712], [0.0, 1256.7485116440403, 451.9541780095127], [0.0, 0.0, 1.0]], [[1254.9860565800168, 0.0, 829.5769333630991], [0.0, 1254.9860565800168, 467.1680561863987], [0.0, 0.0, 1.0]], [[796.8910634503094, 0.0, 857.7774326863696], [0.0, 796.8910634503094, 476.8848988407415], [0.0, 0.0, 1.0]], [[1249.9629280788233, 0.0, 825.3768045375984], [0.0, 1249.9629280788233, 462.54816385708756], [0.0, 0.0, 1.0]]], "extrinsics": [[[0.8226140737533569, -0.5684468746185303, -0.013199616223573685, -0.6356201171875], [0.0028155790641903877, 0.02728625014424324, -0.9996236562728882, 1.4894185066223145], [0.5685932040214539, 0.8222672939300537, 0.024046558886766434, -1.083892822265625], [0.0, 0.0, 0.0, 1.0]], [[0.010332440957427025, -0.9996839761734009, -0.02291557379066944, 0.0133056640625], [0.004853470250964165, 0.022966664284467697, -0.9997244477272034, 1.4818706512451172], [0.9999349117279053, 0.010218311101198196, 0.005089237820357084, -1.364013671875], [0.0, 0.0, 0.0, 1.0]], [[-0.843989908695221, -0.5360404849052429, -0.01847904734313488, 0.8465576171875], [0.012962275184690952, 0.014057965017855167, -0.9998171329498291, 1.4968023300170898], [0.5362023115158081, -0.8440751433372498, -0.0049164751544594765, -1.1185302734375], [0.0, 0.0, 0.0, 1.0]], [[0.9478629231452942, 0.31866976618766785, -0.0023285357747226954, -1.11920166015625], [-0.012099775485694408, 0.028686510398983955, -0.9995152354240417, 1.5617179870605469], [-0.3184484839439392, 0.9474316239356995, 0.031046712771058083, -0.16473388671875], [0.0, 0.0, 0.0, 1.0]], [[0.009215918369591236, 0.9997321367263794, 0.021234046667814255, -0.029144287109375], [-0.00993041880428791, 0.021325401961803436, -0.9997231960296631, 1.566807746887207], [-0.9999082684516907, 0.009002456441521645, 0.01012429129332304, -0.07879638671875], [0.0, 0.0, 0.0, 1.0]], [[-0.9237585067749023, 0.3829418122768402, 0.005058878567069769, 0.9599609375], [-0.0059658377431333065, -0.0011808827985078096, -0.9999815225601196, 1.546525478363037], [-0.3829287588596344, -0.9237716794013977, 0.0033754194155335426, -0.12415313720703125], [0.0, 0.0, 0.0, 1.0]]], "view": [[0.0, -2.0, 100.0], [-2.0, 0.0, 100.0], [0.0, 0.0, 1.0]], "bev": "bev_f568b5d91b2c4c39a1749d9086290a4d.png", "aux": "aux_f568b5d91b2c4c39a1749d9086290a4d.npz", "visibility": "visibility_f568b5d91b2c4c39a1749d9086290a4d.png", "pose": [[-0.6558489203453064, 0.7548921704292297, 0.0, 872.9602661132812], [-0.7548921704292297, -0.6558489203453064, 0.0, 568.5643310546875], [0.0, 0.0, 1.0, 0.0], [0.0, 0.0, 0.0, 1.0]], "pose_inverse": [[-0.6558489203453064, -0.7548921704292297, 0.0, 1001.7348022460938], [0.7548921704292297, -0.6558489203453064, 0.0, -286.0986022949219], [0.0, 0.0, 1.0, 0.0], [0.0, 0.0, 0.0, 1.0]], "cam_ids": [0, 1, 2, 3, 4, 5], "cam_channels": ["CAM_FRONT_LEFT", "CAM_FRONT", "CAM_FRONT_RIGHT", "CAM_BACK_LEFT", "CAM_BACK", "CAM_BACK_RIGHT"], "token": "f568b5d91b2c4c39a1749d9086290a4d", "scene": "scene-0645"}, {"images": ["samples/CAM_FRONT_LEFT/n008-2018-09-18-14-43-59-0400__CAM_FRONT_LEFT__1537296447604799.jpg", "samples/CAM_FRONT/n008-2018-09-18-14-43-59-0400__CAM_FRONT__1537296447612404.jpg", "samples/CAM_FRONT_RIGHT/n008-2018-09-18-14-43-59-0400__CAM_FRONT_RIGHT__1537296447620482.jpg", "samples/CAM_BACK_LEFT/n008-2018-09-18-14-43-59-0400__CAM_BACK_LEFT__1537296447647405.jpg", "samples/CAM_BACK/n008-2018-09-18-14-43-59-0400__CAM_BACK__1537296447637558.jpg", "samples/CAM_BACK_RIGHT/n008-2018-09-18-14-43-59-0400__CAM_BACK_RIGHT__1537296447628113.jpg"], "intrinsics": [[[1257.8625342125129, 0.0, 827.2410631095686], [0.0, 1257.8625342125129, 450.915498205774], [0.0, 0.0, 1.0]], [[1252.8131021185304, 0.0, 826.588114781398], [0.0, 1252.8131021185304, 469.9846626224581], [0.0, 0.0, 1.0]], [[1256.7485116440405, 0.0, 817.7887570959712], [0.0, 1256.7485116440403, 451.9541780095127], [0.0, 0.0, 1.0]], [[1254.9860565800168, 0.0, 829.5769333630991], [0.0, 1254.9860565800168, 467.1680561863987], [0.0, 0.0, 1.0]], [[796.8910634503094, 0.0, 857.7774326863696], [0.0, 796.8910634503094, 476.8848988407415], [0.0, 0.0, 1.0]], [[1249.9629280788233, 0.0, 825.3768045375984], [0.0, 1249.9629280788233, 462.54816385708756], [0.0, 0.0, 1.0]]], "extrinsics": [[[0.8223103284835815, -0.5688191652297974, -0.01582600735127926, -0.659912109375], [-0.006546648684889078, 0.01835315302014351, -0.9998101592063904, 1.4854869842529297], [0.5690016746520996, 0.8222578763961792, 0.01136812660843134, -1.099853515625], [0.0, 0.0, 0.0, 1.0]], [[0.009970830753445625, -0.9998502135276794, -0.014144139364361763, 0.0126953125], [-0.004163590259850025, 0.014103207737207413, -0.9998918771743774, 1.478668212890625], [0.9999415874481201, 0.010028619319200516, -0.004022345412522554, -1.387939453125], [0.0, 0.0, 0.0, 1.0]], [[-0.8441447019577026, -0.5360763669013977, -0.006468805018812418, 0.8623046875], [0.004319063387811184, 0.005265556741505861, -0.9999768137931824, 1.4942305088043213], [0.5360980033874512, -0.8441531658172607, -0.002129544736817479, -1.12860107421875], [0.0, 0.0, 0.0, 1.0]], [[0.947817325592041, 0.3185995817184448, -0.01169882994145155, -1.12188720703125], [-0.018946118652820587, 0.019657867029309273, -0.9996272325515747, 1.5615921020507812], [-0.3182508647441864, 0.9476855993270874, 0.024668287485837936, -0.16375732421875], [0.0, 0.0, 0.0, 1.0]], [[0.009377495385706425, 0.9998803734779358, 0.012298690155148506, -0.029144287109375], [-0.01767192780971527, 0.012463023886084557, -0.9997661113739014, 1.566019058227539], [-0.999799907207489, 0.009157943539321423, 0.01778668724000454, -0.07025146484375], [0.0, 0.0, 0.0, 1.0]], [[-0.9236774444580078, 0.38305777311325073, 0.009315156377851963, 0.9730224609375], [-0.014219597913324833, -0.009973876178264618, -0.9998491406440735, 1.5449657440185547], [-0.38290706276893616, -0.9236705899238586, 0.014659570530056953, -0.11872100830078125], [0.0, 0.0, 0.0, 1.0]]], "view": [[0.0, -2.0, 100.0], [-2.0, 0.0, 100.0], [0.0, 0.0, 1.0]], "bev": "bev_7b3331faf6224792b2bd4c4ccce394b6.png", "aux": "aux_7b3331faf6224792b2bd4c4ccce394b6.npz", "visibility": "visibility_7b3331faf6224792b2bd4c4ccce394b6.png", "pose": [[-0.6561256647109985, 0.754651665687561, 0.0, 869.8240356445312], [-0.754651665687561, -0.6561256647109985, 0.0, 565.0139770507812], [0.0, 0.0, 1.0, 0.0], [0.0, 0.0, 0.0, 1.0]], "pose_inverse": [[-0.6561256647109985, -0.754651665687561, 0.0, 997.1026000976562], [0.754651665687561, -0.6561256647109985, 0.0, -285.6939697265625], [0.0, 0.0, 1.0, 0.0], [0.0, 0.0, 0.0, 1.0]], "cam_ids": [0, 1, 2, 3, 4, 5], "cam_channels": ["CAM_FRONT_LEFT", "CAM_FRONT", "CAM_FRONT_RIGHT", "CAM_BACK_LEFT", "CAM_BACK", "CAM_BACK_RIGHT"], "token": "7b3331faf6224792b2bd4c4ccce394b6", "scene": "scene-0645"}, {"images": ["samples/CAM_FRONT_LEFT/n008-2018-09-18-14-43-59-0400__CAM_FRONT_LEFT__1537296448104799.jpg", "samples/CAM_FRONT/n008-2018-09-18-14-43-59-0400__CAM_FRONT__1537296448112404.jpg", "samples/CAM_FRONT_RIGHT/n008-2018-09-18-14-43-59-0400__CAM_FRONT_RIGHT__1537296448120482.jpg", "samples/CAM_BACK_LEFT/n008-2018-09-18-14-43-59-0400__CAM_BACK_LEFT__1537296448147405.jpg", "samples/CAM_BACK/n008-2018-09-18-14-43-59-0400__CAM_BACK__1537296448137558.jpg", "samples/CAM_BACK_RIGHT/n008-2018-09-18-14-43-59-0400__CAM_BACK_RIGHT__1537296448128113.jpg"], "intrinsics": [[[1257.8625342125129, 0.0, 827.2410631095686], [0.0, 1257.8625342125129, 450.915498205774], [0.0, 0.0, 1.0]], [[1252.8131021185304, 0.0, 826.588114781398], [0.0, 1252.8131021185304, 469.9846626224581], [0.0, 0.0, 1.0]], [[1256.7485116440405, 0.0, 817.7887570959712], [0.0, 1256.7485116440403, 451.9541780095127], [0.0, 0.0, 1.0]], [[1254.9860565800168, 0.0, 829.5769333630991], [0.0, 1254.9860565800168, 467.1680561863987], [0.0, 0.0, 1.0]], [[796.8910634503094, 0.0, 857.7774326863696], [0.0, 796.8910634503094, 476.8848988407415], [0.0, 0.0, 1.0]], [[1249.9629280788233, 0.0, 825.3768045375984], [0.0, 1249.9629280788233, 462.54816385708756], [0.0, 0.0, 1.0]]], "extrinsics": [[[0.8222283124923706, -0.5689793229103088, -0.014252392575144768, -0.66619873046875], [-0.005261807702481747, 0.017441092059016228, -0.9998340606689453, 1.4861021041870117], [0.569133460521698, 0.8221668601036072, 0.011346698738634586, -1.1009521484375], [0.0, 0.0, 0.0, 1.0]], [[0.00969637744128704, -0.999862015247345, -0.013490517623722553, 0.009674072265625], [-0.0034107703249901533, 0.013458003289997578, -0.9999036192893982, 1.4789891242980957], [0.999947190284729, 0.009741405956447124, -0.003279806347563863, -1.39373779296875], [0.0, 0.0, 0.0, 1.0]], [[-0.8443570137023926, -0.5357422828674316, -0.0064374543726444244, 0.86553955078125], [0.00451128464192152, 0.004905674606561661, -0.9999777674674988, 1.4942739009857178], [0.5357620120048523, -0.844367265701294, -0.0017252549296244979, -1.134521484375], [0.0, 0.0, 0.0, 1.0]], [[0.9478069543838501, 0.31855201721191406, -0.013658948242664337, -1.12750244140625], [-0.021424315869808197, 0.020886026322841644, -0.999552309513092, 1.561676025390625], [-0.31812411546707153, 0.9476752281188965, 0.026620682328939438, -0.1614990234375], [0.0, 0.0, 0.0, 1.0]], [[0.009577367454767227, 0.9998714923858643, 0.012858276255428791, -0.02777099609375], [-0.019059371203184128, 0.013039061799645424, -0.9997332692146301, 1.5659961700439453], [-0.9997724294662476, 0.009329808875918388, 0.01918180286884308, -0.064208984375], [0.0, 0.0, 0.0, 1.0]], [[-0.9235535860061646, 0.38334715366363525, 0.00967993214726448, 0.9796142578125], [-0.014616664499044418, -0.009967091493308544, -0.9998435378074646, 1.5449466705322266], [-0.38319066166877747, -0.923550546169281, 0.01480840053409338, -0.1187286376953125], [0.0, 0.0, 0.0, 1.0]]], "view": [[0.0, -2.0, 100.0], [-2.0, 0.0, 100.0], [0.0, 0.0, 1.0]], "bev": "bev_dd894e94cc834b0ab8b09248c52178c8.png", "aux": "aux_dd894e94cc834b0ab8b09248c52178c8.npz", "visibility": "visibility_dd894e94cc834b0ab8b09248c52178c8.png", "pose": [[-0.656500518321991, 0.7543255686759949, 0.0, 866.7576904296875], [-0.7543255686759949, -0.656500518321991, 0.0, 561.5709228515625], [0.0, 0.0, 1.0, 0.0], [0.0, 0.0, 0.0, 1.0]], "pose_inverse": [[-0.656500518321991, -0.7543255686759949, 0.0, 992.6341552734375], [0.7543255686759949, -0.656500518321991, 0.0, -285.14593505859375], [0.0, 0.0, 1.0, 0.0], [0.0, 0.0, 0.0, 1.0]], "cam_ids": [0, 1, 2, 3, 4, 5], "cam_channels": ["CAM_FRONT_LEFT", "CAM_FRONT", "CAM_FRONT_RIGHT", "CAM_BACK_LEFT", "CAM_BACK", "CAM_BACK_RIGHT"], "token": "dd894e94cc834b0ab8b09248c52178c8", "scene": "scene-0645"}, {"images": ["samples/CAM_FRONT_LEFT/n008-2018-09-18-14-43-59-0400__CAM_FRONT_LEFT__1537296448604799.jpg", "samples/CAM_FRONT/n008-2018-09-18-14-43-59-0400__CAM_FRONT__1537296448612404.jpg", "samples/CAM_FRONT_RIGHT/n008-2018-09-18-14-43-59-0400__CAM_FRONT_RIGHT__1537296448620482.jpg", "samples/CAM_BACK_LEFT/n008-2018-09-18-14-43-59-0400__CAM_BACK_LEFT__1537296448647405.jpg", "samples/CAM_BACK/n008-2018-09-18-14-43-59-0400__CAM_BACK__1537296448637558.jpg", "samples/CAM_BACK_RIGHT/n008-2018-09-18-14-43-59-0400__CAM_BACK_RIGHT__1537296448628113.jpg"], "intrinsics": [[[1257.8625342125129, 0.0, 827.2410631095686], [0.0, 1257.8625342125129, 450.915498205774], [0.0, 0.0, 1.0]], [[1252.8131021185304, 0.0, 826.588114781398], [0.0, 1252.8131021185304, 469.9846626224581], [0.0, 0.0, 1.0]], [[1256.7485116440405, 0.0, 817.7887570959712], [0.0, 1256.7485116440403, 451.9541780095127], [0.0, 0.0, 1.0]], [[1254.9860565800168, 0.0, 829.5769333630991], [0.0, 1254.9860565800168, 467.1680561863987], [0.0, 0.0, 1.0]], [[796.8910634503094, 0.0, 857.7774326863696], [0.0, 796.8910634503094, 476.8848988407415], [0.0, 0.0, 1.0]], [[1249.9629280788233, 0.0, 825.3768045375984], [0.0, 1249.9629280788233, 462.54816385708756], [0.0, 0.0, 1.0]]], "extrinsics": [[[0.822274923324585, -0.5686087608337402, -0.023407844826579094, -0.67230224609375], [-0.010619803331792355, 0.025793373584747314, -0.9996109008789062, 1.4839534759521484], [0.5689912438392639, 0.8222035765647888, 0.015170732513070107, -1.10601806640625], [0.0, 0.0, 0.0, 1.0]], [[0.009756077080965042, -0.999710738658905, -0.021981630474328995, 0.0103759765625], [-0.008761459961533546, 0.021896371617913246, -0.999721884727478, 1.4771976470947266], [0.9999139904975891, 0.009946011938154697, -0.008545302785933018, -1.400146484375], [0.0, 0.0, 0.0, 1.0]], [[-0.8443682193756104, -0.5357241034507751, -0.006483137607574463, 0.87005615234375], [-0.0008454518392682076, 0.013433077372610569, -0.9999094009399414, 1.4928393363952637], [0.5357627272605896, -0.844286322593689, -0.011795392259955406, -1.1365966796875], [0.0, 0.0, 0.0, 1.0]], [[0.9477416276931763, 0.3186491131782532, -0.015763115137815475, -1.12890625], [-0.02648032270371914, 0.029329128563404083, -0.9992190003395081, 1.5616264343261719], [-0.317937970161438, 0.9474188685417175, 0.03623436763882637, -0.1610107421875], [0.0, 0.0, 0.0, 1.0]], [[0.009693893603980541, 0.9997259378433228, 0.02130918763577938, -0.02813720703125], [-0.02430226281285286, 0.021539434790611267, -0.9994725584983826, 1.5654850006103516], [-0.9996576905250549, 0.00917096994817257, 0.02450440637767315, -0.0614013671875], [0.0, 0.0, 0.0, 1.0]], [[-0.923481285572052, 0.38322320580482483, 0.017950918525457382, 0.98284912109375], [-0.020019173622131348, -0.0014091826742514968, -0.999798595905304, 1.543966293334961], [-0.3831207752227783, -0.9236547350883484, 0.008973166346549988, -0.1167755126953125], [0.0, 0.0, 0.0, 1.0]]], "view": [[0.0, -2.0, 100.0], [-2.0, 0.0, 100.0], [0.0, 0.0, 1.0]], "bev": "bev_028e53042f8b43e3b495f76ffaec2876.png", "aux": "aux_028e53042f8b43e3b495f76ffaec2876.npz", "visibility": "visibility_028e53042f8b43e3b495f76ffaec2876.png", "pose": [[-0.6579951643943787, 0.7530221343040466, 0.0, 863.7388916015625], [-0.7530221343040466, -0.6579951643943787, 0.0, 558.1649780273438], [0.0, 0.0, 1.0, 0.0], [0.0, 0.0, 0.0, 1.0]], "pose_inverse": [[-0.6579951643943787, -0.7530221343040466, 0.0, 988.6466064453125], [0.7530221343040466, -0.6579951643943787, 0.0, -283.1446228027344], [0.0, 0.0, 1.0, 0.0], [0.0, 0.0, 0.0, 1.0]], "cam_ids": [0, 1, 2, 3, 4, 5], "cam_channels": ["CAM_FRONT_LEFT", "CAM_FRONT", "CAM_FRONT_RIGHT", "CAM_BACK_LEFT", "CAM_BACK", "CAM_BACK_RIGHT"], "token": "028e53042f8b43e3b495f76ffaec2876", "scene": "scene-0645"}, {"images": ["samples/CAM_FRONT_LEFT/n008-2018-09-18-14-43-59-0400__CAM_FRONT_LEFT__1537296449104799.jpg", "samples/CAM_FRONT/n008-2018-09-18-14-43-59-0400__CAM_FRONT__1537296449112404.jpg", "samples/CAM_FRONT_RIGHT/n008-2018-09-18-14-43-59-0400__CAM_FRONT_RIGHT__1537296449120482.jpg", "samples/CAM_BACK_LEFT/n008-2018-09-18-14-43-59-0400__CAM_BACK_LEFT__1537296449147405.jpg", "samples/CAM_BACK/n008-2018-09-18-14-43-59-0400__CAM_BACK__1537296449137558.jpg", "samples/CAM_BACK_RIGHT/n008-2018-09-18-14-43-59-0400__CAM_BACK_RIGHT__1537296449128113.jpg"], "intrinsics": [[[1257.8625342125129, 0.0, 827.2410631095686], [0.0, 1257.8625342125129, 450.915498205774], [0.0, 0.0, 1.0]], [[1252.8131021185304, 0.0, 826.588114781398], [0.0, 1252.8131021185304, 469.9846626224581], [0.0, 0.0, 1.0]], [[1256.7485116440405, 0.0, 817.7887570959712], [0.0, 1256.7485116440403, 451.9541780095127], [0.0, 0.0, 1.0]], [[1254.9860565800168, 0.0, 829.5769333630991], [0.0, 1254.9860565800168, 467.1680561863987], [0.0, 0.0, 1.0]], [[796.8910634503094, 0.0, 857.7774326863696], [0.0, 796.8910634503094, 476.8848988407415], [0.0, 0.0, 1.0]], [[1249.9629280788233, 0.0, 825.3768045375984], [0.0, 1249.9629280788233, 462.54816385708756], [0.0, 0.0, 1.0]]], "extrinsics": [[[0.8233909010887146, -0.5671879649162292, -0.018033510074019432, -0.67828369140625], [-0.0045039779506623745, 0.025245673954486847, -0.9996711015701294, 1.4864349365234375], [0.5674567222595215, 0.8232012987136841, 0.018232455477118492, -1.1121826171875], [0.0, 0.0, 0.0, 1.0]], [[0.011586008593440056, -0.9997069239616394, -0.02125255949795246, 0.011627197265625], [-0.0023598570842295885, 0.021226588636636734, -0.9997719526290894, 1.4793405532836914], [0.9999300241470337, 0.011633477173745632, -0.0021132335532456636, -1.4071044921875], [0.0, 0.0, 0.0, 1.0]], [[-0.8434274196624756, -0.5371145009994507, -0.011750047095119953, 0.875244140625], [0.005878867581486702, 0.012642565183341503, -0.9999027848243713, 1.4945580959320068], [0.5372108817100525, -0.8434146046638489, -0.007505462970584631, -1.13824462890625], [0.0, 0.0, 0.0, 1.0]], [[0.9477922320365906, 0.3187737464904785, -0.008552595041692257, -1.12591552734375], [-0.0186016745865345, 0.028493179008364677, -0.9994208812713623, 1.5616893768310547], [-0.31834548711776733, 0.9474024176597595, 0.03293533995747566, -0.1622314453125], [0.0, 0.0, 0.0, 1.0]], [[0.008832987397909164, 0.9997479915618896, 0.02063552848994732, -0.028594970703125], 