[{"images": ["samples/CAM_FRONT_LEFT/n008-2018-09-18-12-07-26-0400__CAM_FRONT_LEFT__1537287325504799.jpg", "samples/CAM_FRONT/n008-2018-09-18-12-07-26-0400__CAM_FRONT__1537287325512404.jpg", "samples/CAM_FRONT_RIGHT/n008-2018-09-18-12-07-26-0400__CAM_FRONT_RIGHT__1537287325520482.jpg", "samples/CAM_BACK_LEFT/n008-2018-09-18-12-07-26-0400__CAM_BACK_LEFT__1537287325547405.jpg", "samples/CAM_BACK/n008-2018-09-18-12-07-26-0400__CAM_BACK__1537287325537558.jpg", "samples/CAM_BACK_RIGHT/n008-2018-09-18-12-07-26-0400__CAM_BACK_RIGHT__1537287325528113.jpg"], "intrinsics": [[[1257.8625342125129, 0.0, 827.2410631095686], [0.0, 1257.8625342125129, 450.915498205774], [0.0, 0.0, 1.0]], [[1252.8131021185304, 0.0, 826.588114781398], [0.0, 1252.8131021185304, 469.9846626224581], [0.0, 0.0, 1.0]], [[1256.7485116440405, 0.0, 817.7887570959712], [0.0, 1256.7485116440403, 451.9541780095127], [0.0, 0.0, 1.0]], [[1254.9860565800168, 0.0, 829.5769333630991], [0.0, 1254.9860565800168, 467.1680561863987], [0.0, 0.0, 1.0]], [[796.8910634503094, 0.0, 857.7774326863696], [0.0, 796.8910634503094, 476.8848988407415], [0.0, 0.0, 1.0]], [[1249.9629280788233, 0.0, 825.3768045375984], [0.0, 1249.9629280788233, 462.54816385708756], [0.0, 0.0, 1.0]]], "extrinsics": [[[0.822870135307312, -0.5681283473968506, 0.0107157863676548, -0.828369140625], [2.8185654628032353e-06, -0.01885412260890007, -0.9998222589492798, 1.4883012771606445], [0.5682293772697449, 0.8227240443229675, -0.01551289763301611, -1.2117919921875], [0.0, 0.0, 0.0, 1.0]], [[0.010748916305601597, -0.9996778964996338, 0.022991111502051353, 0.0076904296875], [0.0020365347154438496, -0.02297051064670086, -0.9997340440750122, 1.480534553527832], [0.9999400973320007, 0.010792878456413746, 0.0017889711307361722, -1.5576171875], [0.0, 0.0, 0.0, 1.0]], [[-0.8438050150871277, -0.536583662033081, 0.008432234637439251, 0.97509765625], [0.010143757797777653, -0.03165755420923233, -0.9994472861289978, 1.4944777488708496], [0.5365540385246277, -0.8432531356811523, 0.032155778259038925, -1.20361328125], [0.0, 0.0, 0.0, 1.0]], [[0.9478274583816528, 0.31819501519203186, -0.019371790811419487, -1.1337890625], [-0.014868256635963917, -0.016576150432229042, -0.9997520446777344, 1.5618782043457031], [-0.31843724846839905, 0.9478803873062134, -0.01098032295703888, -0.1595478057861328], [0.0, 0.0, 0.0, 1.0]], [[0.009055962786078453, 0.9996670484542847, -0.024164745584130287, -0.02850341796875], [-0.012880208902060986, -0.024047117680311203, -0.9996278285980225, 1.5673446655273438], [-0.9998761415481567, 0.009363836608827114, 0.012658149935305119, -0.011962890625], [0.0, 0.0, 0.0, 1.0]], [[-0.9238786697387695, 0.38256126642227173, -0.009751289151608944, 1.0682373046875], [-0.008808462880551815, -0.04673292487859726, -0.9988685250282288, 1.5469512939453125], [-0.3825840950012207, -0.9227474927902222, 0.04654533043503761, -0.08154296875], [0.0, 0.0, 0.0, 1.0]]], "view": [[0.0, -2.0, 100.0], [-2.0, 0.0, 100.0], [0.0, 0.0, 1.0]], "bev": "bev_a1bb2faa09414753bedaa976c2a60ef1.png", "aux": "aux_a1bb2faa09414753bedaa976c2a60ef1.npz", "visibility": "visibility_a1bb2faa09414753bedaa976c2a60ef1.png", "pose": [[0.9993357062339783, -0.03644413501024246, 0.0, 2238.638916015625], [0.03644413501024246, 0.9993357062339783, 0.0, 877.0562133789062], [0.0, 0.0, 1.0, 0.0], [0.0, 0.0, 0.0, 1.0]], "pose_inverse": [[0.9993357062339783, 0.03644413501024246, 0.0, -2269.115234375], [-0.03644413501024246, 0.9993357062339783, 0.0, -794.8883056640625], [0.0, 0.0, 1.0, 0.0], [0.0, 0.0, 0.0, 1.0]], "cam_ids": [0, 1, 2, 3, 4, 5], "cam_channels": ["CAM_FRONT_LEFT", "CAM_FRONT", "CAM_FRONT_RIGHT", "CAM_BACK_LEFT", "CAM_BACK", "CAM_BACK_RIGHT"], "token": "a1bb2faa09414753bedaa976c2a60ef1", "scene": "scene-0455"}, {"images": ["samples/CAM_FRONT_LEFT/n008-2018-09-18-12-07-26-0400__CAM_FRONT_LEFT__1537287326004799.jpg", "samples/CAM_FRONT/n008-2018-09-18-12-07-26-0400__CAM_FRONT__1537287326012404.jpg", "samples/CAM_FRONT_RIGHT/n008-2018-09-18-12-07-26-0400__CAM_FRONT_RIGHT__1537287326020482.jpg", "samples/CAM_BACK_LEFT/n008-2018-09-18-12-07-26-0400__CAM_BACK_LEFT__1537287326047405.jpg", "samples/CAM_BACK/n008-2018-09-18-12-07-26-0400__CAM_BACK__1537287326037558.jpg", "samples/CAM_BACK_RIGHT/n008-2018-09-18-12-07-26-0400__CAM_BACK_RIGHT__1537287326028113.jpg"], "intrinsics": [[[1257.8625342125129, 0.0, 827.2410631095686], [0.0, 1257.8625342125129, 450.915498205774], [0.0, 0.0, 1.0]], [[1252.8131021185304, 0.0, 826.588114781398], [0.0, 1252.8131021185304, 469.9846626224581], [0.0, 0.0, 1.0]], [[1256.7485116440405, 0.0, 817.7887570959712], [0.0, 1256.7485116440403, 451.9541780095127], [0.0, 0.0, 1.0]], [[1254.9860565800168, 0.0, 829.5769333630991], [0.0, 1254.9860565800168, 467.1680561863987], [0.0, 0.0, 1.0]], [[796.8910634503094, 0.0, 857.7774326863696], [0.0, 796.8910634503094, 476.8848988407415], [0.0, 0.0, 1.0]], [[1249.9629280788233, 0.0, 825.3768045375984], [0.0, 1249.9629280788233, 462.54816385708756], [0.0, 0.0, 1.0]]], "extrinsics": [[[0.8224985599517822, -0.5686103701591492, 0.013355018571019173, -0.824951171875], [0.0031303551513701677, -0.018954699859023094, -0.9998154044151306, 1.4889726638793945], [0.5687586069107056, 0.8223885893821716, -0.013810262084007263, -1.20849609375], [0.0, 0.0, 0.0, 1.0]], [[0.010174121707677841, -0.9996790885925293, 0.023197824135422707, 0.00689697265625], [0.005141186062246561, -0.02314642257988453, -0.9997188448905945, 1.481095790863037], [0.99993497133255, 0.010290524922311306, 0.00490404199808836, -1.5517578125], [0.0, 0.0, 0.0, 1.0]], [[-0.8440486192703247, -0.5362335443496704, 0.005957311484962702, 0.968505859375], [0.013222471810877323, -0.03191550448536873, -0.9994030594825745, 1.4949655532836914], [0.5361035466194153, -0.8434661030769348, 0.03402857109904289, -1.20068359375], [0.0, 0.0, 0.0, 1.0]], [[0.9478617906570435, 0.3182371258735657, -0.01682625524699688, -1.130859375], [-0.01204254012554884, -0.016993431374430656, -0.9997830986976624, 1.5618705749511719], [-0.3184540271759033, 0.9478588104248047, -0.012275044806301594, -0.16049575805664062], [0.0, 0.0, 0.0, 1.0]], [[0.009260722436010838, 0.9996562600135803, -0.024525729939341545, -0.02813720703125], [-0.009966577403247356, -0.024433288723230362, -0.9996517300605774, 1.5674400329589844], [-0.9999074935913086, 0.009501936845481396, 0.009736882522702217, -0.017578125], [0.0, 0.0, 0.0, 1.0]], [[-0.9237245917320251, 0.3828465938568115, -0.012694194912910461, 1.0616455078125], [-0.005770313553512096, -0.04704263061285019, -0.9988762140274048, 1.5471763610839844], [-0.383013516664505, -0.9226133227348328, 0.04566358029842377, -0.0850830078125], [0.0, 0.0, 0.0, 1.0]]], "view": [[0.0, -2.0, 100.0], [-2.0, 0.0, 100.0], [0.0, 0.0, 1.0]], "bev": "bev_ac99bec1374a410fa8745c362a17b528.png", "aux": "aux_ac99bec1374a410fa8745c362a17b528.npz", "visibility": "visibility_ac99bec1374a410fa8745c362a17b528.png", "pose": [[0.9994927048683167, -0.03184785321354866, 0.0, 2240.9365234375], [0.03184785321354866, 0.9994927048683167, 0.0, 877.1204223632812], [0.0, 0.0, 1.0, 0.0], [0.0, 0.0, 0.0, 1.0]], "pose_inverse": [[0.9994927048683167, 0.03184785321354866, 0.0, -2267.734130859375], [-0.03184785321354866, 0.9994927048683167, 0.0, -805.3064575195312], [0.0, 0.0, 1.0, 0.0], [0.0, 0.0, 0.0, 1.0]], "cam_ids": [0, 1, 2, 3, 4, 5], "cam_channels": ["CAM_FRONT_LEFT", "CAM_FRONT", "CAM_FRONT_RIGHT", "CAM_BACK_LEFT", "CAM_BACK", "CAM_BACK_RIGHT"], "token": "ac99bec1374a410fa8745c362a17b528", "scene": "scene-0455"}, {"images": ["samples/CAM_FRONT_LEFT/n008-2018-09-18-12-07-26-0400__CAM_FRONT_LEFT__1537287326504799.jpg", "samples/CAM_FRONT/n008-2018-09-18-12-07-26-0400__CAM_FRONT__1537287326512404.jpg", "samples/CAM_FRONT_RIGHT/n008-2018-09-18-12-07-26-0400__CAM_FRONT_RIGHT__1537287326520482.jpg", "samples/CAM_BACK_LEFT/n008-2018-09-18-12-07-26-0400__CAM_BACK_LEFT__1537287326547405.jpg", "samples/CAM_BACK/n008-2018-09-18-12-07-26-0400__CAM_BACK__1537287326537558.jpg", "samples/CAM_BACK_RIGHT/n008-2018-09-18-12-07-26-0400__CAM_BACK_RIGHT__1537287326528113.jpg"], "intrinsics": [[[1257.8625342125129, 0.0, 827.2410631095686], [0.0, 1257.8625342125129, 450.915498205774], [0.0, 0.0, 1.0]], [[1252.8131021185304, 0.0, 826.588114781398], [0.0, 1252.8131021185304, 469.9846626224581], [0.0, 0.0, 1.0]], [[1256.7485116440405, 0.0, 817.7887570959712], [0.0, 1256.7485116440403, 451.9541780095127], [0.0, 0.0, 1.0]], [[1254.9860565800168, 0.0, 829.5769333630991], [0.0, 1254.9860565800168, 467.1680561863987], [0.0, 0.0, 1.0]], [[796.8910634503094, 0.0, 857.7774326863696], [0.0, 796.8910634503094, 476.8848988407415], [0.0, 0.0, 1.0]], [[1249.9629280788233, 0.0, 825.3768045375984], [0.0, 1249.9629280788233, 462.54816385708756], [0.0, 0.0, 1.0]]], "extrinsics": [[[0.8225277066230774, -0.5684744119644165, 0.016888348385691643, -0.8126220703125], [0.006021143402904272, -0.02098909579217434, -0.9997615814208984, 1.4897105693817139], [0.5686932802200317, 0.8224331736564636, -0.01384124718606472, -1.2012939453125], [0.0, 0.0, 0.0, 1.0]], [[0.010234815068542957, -0.9996291995048523, 0.025231091305613518, 0.00787353515625], [0.008058152161538601, -0.025149142369627953, -0.9996512532234192, 1.4817373752593994], [0.9999151825904846, 0.010434558615088463, 0.00779776880517602, -1.541259765625], [0.0, 0.0, 0.0, 1.0]], [[-0.8439908623695374, -0.5363383293151855, 0.004531111568212509, 0.962890625], [0.016167238354682922, -0.03388330340385437, -0.9992949962615967, 1.4955401420593262], [0.5361137986183167, -0.8433225750923157, 0.03726831451058388, -1.19598388671875], [0.0, 0.0, 0.0, 1.0]], [[0.9478731751441956, 0.31831854581832886, -0.014482763595879078, -1.131103515625], [-0.008944511413574219, -0.01885327696800232, -0.9997822642326355, 1.5619239807128906], [-0.31852230429649353, 0.9477962255477905, -0.01502330880612135, -0.160491943359375], [0.0, 0.0, 0.0, 1.0]], [[0.009210183285176754, 0.9996087551116943, -0.026410095393657684, -0.02838134765625], [-0.006918878294527531, -0.026346877217292786, -0.9996289014816284, 1.5676231384277344], [-0.999933660030365, 0.009389491751790047, 0.006673512049019337, -0.019287109375], [0.0, 0.0, 0.0, 1.0]], [[-0.9237349033355713, 0.38269099593162537, -0.016168344765901566, 1.05712890625], [-0.00281387846916914, -0.04899029806256294, -0.9987952709197998, 1.5475082397460938], [-0.3830220401287079, -0.9225766062736511, 0.04633089154958725, -0.0863037109375], [0.0, 0.0, 0.0, 1.0]]], "view": [[0.0, -2.0, 100.0], [-2.0, 0.0, 100.0], [0.0, 0.0, 1.0]], "bev": "bev_6d7ee165bbdc4996b3abf9b17dafecd7.png", "aux": "aux_6d7ee165bbdc4996b3abf9b17dafecd7.npz", "visibility": "visibility_6d7ee165bbdc4996b3abf9b17dafecd7.png", "pose": [[0.999576985836029, -0.029083160683512688, 0.0, 2243.377685546875], [0.029083160683512688, 0.999576985836029, 0.0, 877.181396484375], [0.0, 0.0, 1.0, 0.0], [0.0, 0.0, 0.0, 1.0]], "pose_inverse": [[0.999576985836029, 0.029083160683512688, 0.0, -2267.93994140625], [-0.029083160683512688, 0.999576985836029, 0.0, -811.5658569335938], [0.0, 0.0, 1.0, 0.0], [0.0, 0.0, 0.0, 1.0]], "cam_ids": [0, 1, 2, 3, 4, 5], "cam_channels": ["CAM_FRONT_LEFT", "CAM_FRONT", "CAM_FRONT_RIGHT", "CAM_BACK_LEFT", "CAM_BACK", "CAM_BACK_RIGHT"], "token": "6d7ee165bbdc4996b3abf9b17dafecd7", "scene": "scene-0455"}, {"images": ["samples/CAM_FRONT_LEFT/n008-2018-09-18-12-07-26-0400__CAM_FRONT_LEFT__1537287327004799.jpg", "samples/CAM_FRONT/n008-2018-09-18-12-07-26-0400__CAM_FRONT__1537287327012404.jpg", "samples/CAM_FRONT_RIGHT/n008-2018-09-18-12-07-26-0400__CAM_FRONT_RIGHT__1537287327020482.jpg", "samples/CAM_BACK_LEFT/n008-2018-09-18-12-07-26-0400__CAM_BACK_LEFT__1537287327047405.jpg", "samples/CAM_BACK/n008-2018-09-18-12-07-26-0400__CAM_BACK__1537287327037558.jpg", "samples/CAM_BACK_RIGHT/n008-2018-09-18-12-07-26-0400__CAM_BACK_RIGHT__1537287327028113.jpg"], "intrinsics": [[[1257.8625342125129, 0.0, 827.2410631095686], [0.0, 1257.8625342125129, 450.915498205774], [0.0, 0.0, 1.0]], [[1252.8131021185304, 0.0, 826.588114781398], [0.0, 1252.8131021185304, 469.9846626224581], [0.0, 0.0, 1.0]], [[1256.7485116440405, 0.0, 817.7887570959712], [0.0, 1256.7485116440403, 451.9541780095127], [0.0, 0.0, 1.0]], [[1254.9860565800168, 0.0, 829.5769333630991], [0.0, 1254.9860565800168, 467.1680561863987], [0.0, 0.0, 1.0]], [[796.8910634503094, 0.0, 857.7774326863696], [0.0, 796.8910634503094, 476.8848988407415], [0.0, 0.0, 1.0]], [[1249.9629280788233, 0.0, 825.3768045375984], [0.0, 1249.9629280788233, 462.54816385708756], [0.0, 0.0, 1.0]]], "extrinsics": [[[0.822676420211792, -0.56812584400177, 0.020893169566988945, -0.79931640625], [0.009985556825995445, -0.022305000573396683, -0.9997013211250305, 1.490804672241211], [0.5684221982955933, 0.8226394057273865, -0.012676747515797615, -1.1920166015625], [0.0, 0.0, 0.0, 1.0]], [[0.010484143160283566, -0.999593198299408, 0.026522397994995117, 0.0081787109375], [0.011936861090362072, -0.02639685571193695, -0.9995803236961365, 1.4826560020446777], [0.9998737573623657, 0.010796337388455868, 0.011655258014798164, -1.52685546875], [0.0, 0.0, 0.0, 1.0]], [[-0.8438411355018616, -0.536589503288269, 0.0019739405252039433, 0.953125], [0.019954854622483253, -0.0350567102432251, -0.999186098575592, 1.496337890625], [0.5362219214439392, -0.8431149125099182, 0.04028986394405365, -1.1895751953125], [0.0, 0.0, 0.0, 1.0]], [[0.9478728175163269, 0.31844428181648254, -0.011417570523917675, -1.130615234375], [-0.005413785111159086, -0.01973218470811844, -0.999790608882904, 1.5619659423828125], [-0.31860291957855225, 0.9477361440658569, -0.01697961427271366, -0.16065597534179688], [0.0, 0.0, 0.0, 1.0]], [[0.009105424396693707, 0.999583899974823, -0.02737007662653923, -0.0284423828125], [-0.0032670411746948957, -0.0273413248360157, -0.999620795249939, 1.5678386688232422], [-0.9999532699584961, 0.009191390126943588, 0.0030167275108397007, -0.024169921875], [0.0, 0.0, 0.0, 1.0]], [[-0.9237657785415649, 0.3824331760406494, -0.020040292292833328, 1.049072265625], [0.0009282478713430464, -0.050094082951545715, -0.9987440705299377, 1.547943115234375], [-0.38295671343803406, -0.9226241707801819, 0.04592020809650421, -0.08935546875], [0.0, 0.0, 0.0, 1.0]]], "view": [[0.0, -2.0, 100.0], [-2.0, 0.0, 100.0], [0.0, 0.0, 1.0]], "bev": "bev_f95b60bce1144dbfb3f96157cd6bcc13.png", "aux": "aux_f95b60bce1144dbfb3f96157cd6bcc13.npz", "visibility": "visibility_f95b60bce1144dbfb3f96157cd6bcc13.png", "pose": [[0.9996650815010071, -0.02587882988154888, 0.0, 2246.056884765625], [0.02587882988154888, 0.9996650815010071, 0.0, 877.248779296875], [0.0, 0.0, 1.0, 0.0], [0.0, 0.0, 0.0, 1.0]], "pose_inverse": [[0.9996650815010071, 0.02587882988154888, 0.0, -2268.0068359375], [-0.02587882988154888, 0.9996650815010071, 0.0, -818.8296508789062], [0.0, 0.0, 1.0, 0.0], [0.0, 0.0, 0.0, 1.0]], "cam_ids": [0, 1, 2, 3, 4, 5], "cam_channels": ["CAM_FRONT_LEFT", "CAM_FRONT", "CAM_FRONT_RIGHT", "CAM_BACK_LEFT", "CAM_BACK", "CAM_BACK_RIGHT"], "token": "f95b60bce1144dbfb3f96157cd6bcc13", "scene": "scene-0455"}, {"images": ["samples/CAM_FRONT_LEFT/n008-2018-09-18-12-07-26-0400__CAM_FRONT_LEFT__1537287327504799.jpg", "samples/CAM_FRONT/n008-2018-09-18-12-07-26-0400__CAM_FRONT__1537287327512404.jpg", "samples/CAM_FRONT_RIGHT/n008-2018-09-18-12-07-26-0400__CAM_FRONT_RIGHT__1537287327520482.jpg", "samples/CAM_BACK_LEFT/n008-2018-09-18-12-07-26-0400__CAM_BACK_LEFT__1537287327547405.jpg", "samples/CAM_BACK/n008-2018-09-18-12-07-26-0400__CAM_BACK__1537287327537558.jpg", "samples/CAM_BACK_RIGHT/n008-2018-09-18-12-07-26-0400__CAM_BACK_RIGHT__1537287327528113.jpg"], "intrinsics": [[[1257.8625342125129, 0.0, 827.2410631095686], [0.0, 1257.8625342125129, 450.915498205774], [0.0, 0.0, 1.0]], [[1252.8131021185304, 0.0, 826.588114781398], [0.0, 1252.8131021185304, 469.9846626224581], [0.0, 0.0, 1.0]], [[1256.7485116440405, 0.0, 817.7887570959712], [0.0, 1256.7485116440403, 451.9541780095127], [0.0, 0.0, 1.0]], [[1254.9860565800168, 0.0, 829.5769333630991], [0.0, 1254.9860565800168, 467.1680561863987], [0.0, 0.0, 1.0]], [[796.8910634503094, 0.0, 857.7774326863696], [0.0, 796.8910634503094, 476.8848988407415], [0.0, 0.0, 1.0]], [[1249.9629280788233, 0.0, 825.3768045375984], [0.0, 1249.9629280788233, 462.54816385708756], [0.0, 0.0, 1.0]]], "extrinsics": [[[0.8228078484535217, -0.5679508447647095, 0.020471390336751938, -0.788818359375], [0.011098582297563553, -0.019956039264798164, -0.9997392892837524, 1.4912309646606445], [0.5682112574577332, 0.8228204846382141, -0.01011653896421194, -1.1861572265625], [0.0, 0.0, 0.0, 1.0]], [[0.010650759562849998, -0.9996519684791565, 0.024135151877999306, 0.00885009765625], [0.01306832768023014, -0.023995304480195045, -0.9996266961097717, 1.4830398559570312], [0.9998578429222107, 0.01096219103783369, 0.012808211147785187, -1.516845703125], [0.0, 0.0, 0.0, 1.0]], [[-0.8437795042991638, -0.536689817905426, -0.00031277522793971, 0.9462890625], [0.021105507388710976, -0.0325995609164238, -0.9992456436157227, 1.4967193603515625], [0.536274790763855, -0.8431496024131775, 0.03883395716547966, -1.18487548828125], [0.0, 0.0, 0.0, 1.0]], [[0.9478702545166016, 0.3185170590877533, -0.009429099969565868, -1.127685546875], [-0.004193773027509451, -0.017118340358138084, -0.9998446702957153, 1.5619735717773438], [-0.31862902641296387, 0.9477625489234924, -0.014890174381434917, -0.16159439086914062], [0.0, 0.0, 0.0, 1.0]], [[0.009084038436412811, 0.9996515512466431, -0.024786101654171944, -0.02838134765625], [-0.002080636564642191, -0.024768175557255745, -0.9996910095214844, 1.5679168701171875], [-0.9999565482139587, 0.009132799692451954, 0.0018549165688455105, -0.029052734375], [0.0, 0.0, 0.0, 1.0]], [[-0.9237653017044067, 0.3824285566806793, -0.020153498277068138, 1.042236328125], [0.0020920655224472284, -0.04758547991514206, -0.998865008354187, 1.5480995178222656], [-0.3829534947872162, -0.9227588772773743, 0.04315774515271187, -0.09228515625], [0.0, 0.0, 0.0, 1.0]]], "view": [[0.0, -2.0, 100.0], [-2.0, 0.0, 100.0], [0.0, 0.0, 1.0]], "bev": "bev_e1c31ff6a2f44315af133abaab1b1249.png", "aux": "aux_e1c31ff6a2f44315af133abaab1b1249.npz", "visibility": "visibility_e1c31ff6a2f44315af133abaab1b1249.png", "pose": [[0.9997760653495789, -0.02116096392273903, 0.0, 2248.8427734375], [0.02116096392273903, 0.9997760653495789, 0.0, 877.3031616210938], [0.0, 0.0, 1.0, 0.0], [0.0, 0.0, 0.0, 1.0]], "pose_inverse": [[0.9997760653495789, 0.02116096392273903, 0.0, -2266.90380859375], [-0.02116096392273903, 0.9997760653495789, 0.0, -829.51904296875], [0.0, 0.0, 1.0, 0.0], [0.0, 0.0, 0.0, 1.0]], "cam_ids": [0, 1, 2, 3, 4, 5], "cam_channels": ["CAM_FRONT_LEFT", "CAM_FRONT", "CAM_FRONT_RIGHT", "CAM_BACK_LEFT", "CAM_BACK", "CAM_BACK_RIGHT"], "token": "e1c31ff6a2f44315af133abaab1b1249", "scene": "scene-0455"}, {"images": ["samples/CAM_FRONT_LEFT/n008-2018-09-18-12-07-26-0400__CAM_FRONT_LEFT__1537287328004799.jpg", "samples/CAM_FRONT/n008-2018-09-18-12-07-26-0400__CAM_FRONT__1537287328012404.jpg", "samples/CAM_FRONT_RIGHT/n008-2018-09-18-12-07-26-0400__CAM_FRONT_RIGHT__1537287328020482.jpg", "samples/CAM_BACK_LEFT/n008-2018-09-18-12-07-26-0400__CAM_BACK_LEFT__1537287328047405.jpg", "samples/CAM_BACK/n008-2018-09-18-12-07-26-0400__CAM_BACK__1537287328037558.jpg", "samples/CAM_BACK_RIGHT/n008-2018-09-18-12-07-26-0400__CAM_BACK_RIGHT__1537287328028113.jpg"], "intrinsics": [[[1257.8625342125129, 0.0, 827.2410631095686], [0.0, 1257.8625342125129, 450.915498205774], [0.0, 0.0, 1.0]], [[1252.8131021185304, 0.0, 826.588114781398], [0.0, 1252.8131021185304, 469.9846626224581], [0.0, 0.0, 1.0]], [[1256.7485116440405, 0.0, 817.7887570959712], [0.0, 1256.7485116440403, 451.9541780095127], [0.0, 0.0, 1.0]], [[1254.9860565800168, 0.0, 829.5769333630991], [0.0, 1254.9860565800168, 467.1680561863987], [0.0, 0.0, 1.0]], [[796.8910634503094, 0.0, 857.7774326863696], [0.0, 796.8910634503094, 476.8848988407415], [0.0, 0.0, 1.0]], [[1249.9629280788233, 0.0, 825.3768045375984], [0.0, 1249.9629280788233, 462.54816385708756], [0.0, 0.0, 1.0]]], "extrinsics": [[[0.8225658535957336, -0.5683730244636536, 0.01837170124053955, -0.767333984375], [0.01008861605077982, -0.0177160631865263, -0.9997921586036682, 1.4912300109863281], [0.5685803294181824, 0.8225802779197693, -0.008838533423841, -1.171142578125], [0.0, 0.0, 0.0, 1.0]], [[0.010286259464919567, -0.9997063279151917, 0.02194010466337204, 0.00933837890625], [0.012028374709188938, -0.02181597612798214, -0.9996896386146545, 1.4830799102783203], [0.9998747110366821, 0.010546970181167126, 0.011800438165664673, -1.494873046875], [0.0, 0.0, 0.0, 1.0]], [[-0.84394770860672, -0.5364251136779785, -0.0005535328527912498, 0.93212890625], [0.02003324404358864, -0.030486728996038437, -0.9993343949317932, 1.4968891143798828], [0.5360512137413025, -0.8433971405029297, 0.03647554665803909, -1.17535400390625], [0.0, 0.0, 0.0, 1.0]], [[0.9478824138641357, 0.31846338510513306, -0.00999771524220705, -1.127197265625], [-0.005394590087234974, -0.01533286739140749, -0.9998679161071777, 1.56195068359375], [-0.3185746371746063, 0.9478111267089844, -0.012815776281058788, -0.1619720458984375], [0.0, 0.0, 0.0, 1.0]], [[0.009213414043188095, 0.9996958374977112, -0.0228760726749897, -0.02862548828125], [-0.003221557941287756, -0.022847246378660202, -0.9997337460517883, 1.5678138732910156], [-0.9999523162841797, 0.009284657426178455, 0.0030100771691650152, -0.0361328125], [0.0, 0.0, 0.0, 1.0]], [[-0.92369544506073, 0.3826883137226105, -0.01834321767091751, 1.030517578125], [0.0009713805629871786, -0.045538149774074554, -0.9989621043205261, 1.5479927062988281], [-0.3831264078617096, -0.9227544665336609, 0.041691649705171585, -0.0965576171875], [0.0, 0.0, 0.0, 1.0]]], "view": [[0.0, -2.0, 100.0], [-2.0, 0.0, 100.0], [0.0, 0.0, 1.0]], "bev": "bev_935a939ba34e45be96d3456880cd3a5a.png", "aux": "aux_935a939ba34e45be96d3456880cd3a5a.npz", "visibility": "visibility_935a939ba34e45be96d3456880cd3a5a.png", "pose": [[0.9998340010643005, -0.018218886107206345, 0.0, 2251.885498046875], [0.018218886107206345, 0.9998340010643005, 0.0, 877.3416137695312], [0.0, 0.0, 1.0, 0.0], [0.0, 0.0, 0.0, 1.0]], "pose_inverse": [[0.9998340010643005, 0.018218886107206345, 0.0, -2267.495849609375], [-0.018218886107206345, 0.9998340010643005, 0.0, -836.1691284179688], [0.0, 0.0, 1.0, 0.0], [0.0, 0.0, 0.0, 1.0]], "cam_ids": [0, 1, 2, 3, 4, 5], "cam_channels": ["CAM_FRONT_LEFT", "CAM_FRONT", "CAM_FRONT_RIGHT", "CAM_BACK_LEFT", "CAM_BACK", "CAM_BACK_RIGHT"], "token": "935a939ba34e45be96d3456880cd3a5a", "scene": "scene-0455"}, {"images": ["samples/CAM_FRONT_LEFT/n008-2018-09-18-12-07-26-0400__CAM_FRONT_LEFT__1537287328504799.jpg", "samples/CAM_FRONT/n008-2018-09-18-12-07-26-0400__CAM_FRONT__1537287328512404.jpg", "samples/CAM_FRONT_RIGHT/n008-2018-09-18-12-07-26-0400__CAM_FRONT_RIGHT__1537287328520482.jpg", "samples/CAM_BACK_LEFT/n008-2018-09-18-12-07-26-0400__CAM_BACK_LEFT__1537287328547405.jpg", "samples/CAM_BACK/n008-2018-09-18-12-07-26-0400__CAM_BACK__1537287328537558.jpg", "samples/CAM_BACK_RIGHT/n008-2018-09-18-12-07-26-0400__CAM_BACK_RIGHT__1537287328528113.jpg"], "intrinsics": [[[1257.8625342125129, 0.0, 827.2410631095686], [0.0, 1257.8625342125129, 450.915498205774], [0.0, 0.0, 1.0]], [[1252.8131021185304, 0.0, 826.588114781398], [0.0, 1252.8131021185304, 469.9846626224581], [0.0, 0.0, 1.0]], [[1256.7485116440405, 0.0, 817.7887570959712], [0.0, 1256.7485116440403, 451.9541780095127], [0.0, 0.0, 1.0]], [[1254.9860565800168, 0.0, 829.5769333630991], [0.0, 1254.9860565800168, 467.1680561863987], [0.0, 0.0, 1.0]], [[796.8910634503094, 0.0, 857.7774326863696], [0.0, 796.8910634503094, 476.8848988407415], [0.0, 0.0, 1.0]], [[1249.9629280788233, 0.0, 825.3768045375984], [0.0, 1249.9629280788233, 462.54816385708756], [0.0, 0.0, 1.0]]], "extrinsics": [[[0.8228200674057007, -0.5680060386657715, 0.01833733543753624, -0.750244140625], [0.007537822239100933, -0.021356036886572838, -0.9997435212135315, 1.490663766860962], [0.56825190782547, 0.8227472901344299, -0.013290653005242348, -1.1600341796875], [0.0, 0.0, 0.0, 1.0]], [[0.01075595710426569, -0.9996116161346436, 0.025708934292197227, 0.0101318359375], [0.009394063614308834, -0.025608273223042488, -0.999627947807312, 1.4826289415359497], [0.9998979568481445, 0.010993467643857002, 0.009114973247051239, -1.47802734375], [0.0, 0.0, 0.0, 1.0]], [[-0.8437011241912842, -0.5367990732192993, 0.0038814162835478783, 0.92138671875], [0.01731323078274727, -0.03443694859743118, -0.9992569088935852, 1.4966354370117188], [0.5365338325500488, -0.8430070281028748, 0.038348227739334106, -1.1676025390625], [0.0, 0.0, 0.0, 1.0]], [[0.947854220867157, 0.3183847963809967, -0.014264285564422607, -1.123779296875], [-0.00845975149422884, -0.019606532528996468, -0.9997720122337341, 1.5618629455566406], [-0.3185918927192688, 0.9477587938308716, -0.015890680253505707, -0.16318511962890625], [0.0, 0.0, 0.0, 1.0]], [[0.008935865946114063, 0.9995929598808289, -0.02709193155169487, -0.029052734375], [-0.006208484061062336, -0.027037031948566437, -0.9996151328086853, 1.5675392150878906], [-0.999940812587738, 0.009100625291466713, 0.0059643578715622425, -0.043212890625], [0.0, 0.0, 0.0, 1.0]], [[-0.92391037940979, 0.38221919536590576, -0.01726222038269043, 1.020751953125], [-0.0018614354776218534, -0.049606967717409134, -0.998767077922821, 1.547607421875], [-0.3826042413711548, -0.9227391481399536, 0.046543873846530914, -0.099853515625], [0.0, 0.0, 0.0, 1.0]]], "view": [[0.0, -2.0, 100.0], [-2.0, 0.0, 100.0], [0.0, 0.0, 1.0]], "bev": "bev_dd2f417e738b4e7e9d5f036815ef76fd.png", "aux": "aux_dd2f417e738b4e7e9d5f036815ef76fd.npz", "visibility": "visibility_dd2f417e738b4e7e9d5f036815ef76fd.png", "pose": [[0.9998558759689331, -0.01697617582976818, 0.0, 2255.180419921875], [0.01697617582976818, 0.9998558759689331, 0.0, 877.3847045898438], [0.0, 0.0, 1.0, 0.0], [0.0, 0.0, 0.0, 1.0]], "pose_inverse": [[0.9998558759689331, 0.01697617582976818, 0.0, -2269.75], [-0.01697617582976818, 0.9998558759689331, 0.0, -838.9739379882812], [0.0, 0.0, 1.0, 0.0], [0.0, 0.0, 0.0, 1.0]], "cam_ids": [0, 1, 2, 3, 4, 5], "cam_channels": ["CAM_FRONT_LEFT", "CAM_FRONT", "CAM_FRONT_RIGHT", "CAM_BACK_LEFT", "CAM_BACK", "CAM_BACK_RIGHT"], "token": "dd2f417e738b4e7e9d5f036815ef76fd", "scene": "scene-0455"}, {"images": ["samples/CAM_FRONT_LEFT/n008-2018-09-18-12-07-26-0400__CAM_FRONT_LEFT__1537287329004799.jpg", "samples/CAM_FRONT/n008-2018-09-18-12-07-26-0400__CAM_FRONT__1537287329012404.jpg", "samples/CAM_FRONT_RIGHT/n008-2018-09-18-12-07-26-0400__CAM_FRONT_RIGHT__1537287329020482.jpg", "samples/CAM_BACK_LEFT/n008-2018-09-18-12-07-26-0400__CAM_BACK_LEFT__1537287329047405.jpg", "samples/CAM_BACK/n008-2018-09-18-12-07-26-0400__CAM_BACK__1537287329037558.jpg", "samples/CAM_BACK_RIGHT/n008-2018-09-18-12-07-26-0400__CAM_BACK_RIGHT__1537287329028113.jpg"], "intrinsics": [[[1257.8625342125129, 0.0, 827.2410631095686], [0.0, 1257.8625342125129, 450.915498205774], [0.0, 0.0, 1.0]], [[1252.8131021185304, 0.0, 826.588114781398], [0.0, 1252.8131021185304, 469.9846626224581], [0.0, 0.0, 1.0]], [[1256.7485116440405, 0.0, 817.7887570959712], [0.0, 1256.7485116440403, 451.9541780095127], [0.0, 0.0, 1.0]], [[1254.9860565800168, 0.0, 829.5769333630991], [0.0, 1254.9860565800168, 467.1680561863987], [0.0, 0.0, 1.0]], [[796.8910634503094, 0.0, 857.7774326863696], [0.0, 796.8910634503094, 476.8848988407415], [0.0, 0.0, 1.0]], [[1249.9629280788233, 0.0, 825.3768045375984], [0.0, 1249.9629280788233, 462.54816385708756], [0.0, 0.0, 1.0]]], "extrinsics": [[[0.8229598999023438, -0.567739725112915, 0.020214028656482697, -0.7305908203125], [0.007325253449380398, -0.024974100291728973, -0.9996612668037415, 1.490870475769043], [0.5680522322654724, 0.8228291869163513, -0.01639385148882866, -1.152099609375], [0.0, 0.0, 0.0, 1.0]], [[0.010657018981873989, -0.9995166063308716, 0.02920542284846306, 0.01336669921875], [0.009355837479233742, -0.029106134548783302, -0.9995325803756714, 1.4828720092773438], [0.9998993873596191, 0.010925277136266232, 0.009041129611432552, -1.46142578125], [0.0, 0.0, 0.0, 1.0]], [[-0.8439455032348633, -0.5364002585411072, 0.0055550504475831985, 0.9111328125], [0.01745527796447277, -0.037810444831848145, -0.9991324543952942, 1.496941089630127], [0.5361449122428894, -0.8431163430213928, 0.04127296805381775, -1.15960693359375], [0.0, 0.0, 0.0, 1.0]], [[0.947887659072876, 0.31826984882354736, -0.014608058147132397, -1.12255859375], [-0.007812351919710636, -0.02261805348098278, -0.9997135996818542, 1.5618743896484375], [-0.3185091018676758, 0.947730302810669, -0.01895293779671192, -0.1634521484375], [0.0, 0.0, 0.0, 1.0]], [[0.009320752695202827, 0.999500036239624, -0.03021375648677349, -0.02911376953125], [-0.005721791181713343, -0.030161263421177864, -0.9995286464691162, 1.5675697326660156], [-0.9999402165412903, 0.00948923546820879, 0.005437805317342281, -0.048095703125], [0.0, 0.0, 0.0, 1.0]], [[-0.9236536622047424, 0.3827678859233856, -0.01878083311021328, 1.0128173828125], [-0.0016048857942223549, -0.05286990478634834, -0.9986001253128052, 1.5476570129394531], [-0.3832249343395233, -0.9223304390907288, 0.04944777861237526, -0.10302734375], [0.0, 0.0, 0.0, 1.0]]], "view": [[0.0, -2.0, 100.0], [-2.0, 0.0, 100.0], [0.0, 0.0, 1.0]], "bev": "bev_a59dc9bac9f64d8db583e8dc88a56594.png", "aux": "aux_a59dc9bac9f64d8db583e8dc88a56594.npz", "visibility": "visibility_a59dc9bac9f64d8db583e8dc88a56594.png", "pose": [[0.9999134540557861, -0.013157003559172153, 0.0, 2258.617919921875], [0.013157003559172153, 0.9999134540557861, 0.0, 877.4028930664062], [0.0, 0.0, 1.0, 0.0], [0.0, 0.0, 0.0, 1.0]], "pose_inverse": [[0.9999134540557861, 0.013157003559172153, 0.0, -2269.96630859375], [-0.013157003559172153, 0.9999134540557861, 0.0, -847.6102905273438], [0.0, 0.0, 1.0, 0.0], [0.0, 0.0, 0.0, 1.0]], "cam_ids": [0, 1, 2, 3, 4, 5], "cam_channels": ["CAM_FRONT_LEFT", "CAM_FRONT", "CAM_FRONT_RIGHT", "CAM_BACK_LEFT", "CAM_BACK", "CAM_BACK_RIGHT"], "token": "a59dc9bac9f64d8db583e8dc88a56594", "scene": "scene-0455"}, {"images": ["samples/CAM_FRONT_LEFT/n008-2018-09-18-12-07-26-0400__CAM_FRONT_LEFT__1537287329504799.jpg", "samples/CAM_FRONT/n008-2018-09-18-12-07-26-0400__CAM_FRONT__1537287329512404.jpg", "samples/CAM_FRONT_RIGHT/n008-2018-09-18-12-07-26-0400__CAM_FRONT_RIGHT__1537287329520482.jpg", "samples/CAM_BACK_LEFT/n008-2018-09-18-12-07-26-0400__CAM_BACK_LEFT__1537287329547405.jpg", "samples/CAM_BACK/n008-2018-09-18-12-07-26-0400__CAM_BACK__1537287329537558.jpg", "samples/CAM_BACK_RIGHT/n008-2018-09-18-12-07-26-0400__CAM_BACK_RIGHT__1537287329528113.jpg"], "intrinsics": [[[1257.8625342125129, 0.0, 827.2410631095686], [0.0, 1257.8625342125129, 450.915498205774], [0.0, 0.0, 1.0]], [[1252.8131021185304, 0.0, 826.588114781398], [0.0, 1252.8131021185304, 469.9846626224581], [0.0, 0.0, 1.0]], [[1256.7485116440405, 0.0, 817.7887570959712], [0.0, 1256.7485116440403, 451.9541780095127], [0.0, 0.0, 1.0]], [[1254.9860565800168, 0.0, 829.5769333630991], [0.0, 1254.9860565800168, 467.1680561863987], [0.0, 0.0, 1.0]], [[796.8910634503094, 0.0, 857.7774326863696], [0.0, 796.8910634503094, 476.8848988407415], [0.0, 0.0, 1.0]], [[1249.9629280788233, 0.0, 825.3768045375984], [0.0, 1249.9629280788233, 462.54816385708756], [0.0, 0.0, 1.0]]], "extrinsics": [[[0.8225758075714111, -0.5684076547622681, 0.016789434477686882, -0.7119140625], [0.005601037759333849, -0.021424831822514534, -0.999754786491394, 1.4903478622436523], [0.5686280727386475, 0.822468101978302, -0.01443987525999546, -1.1346435546875], [0.0, 0.0, 0.0, 1.0]], [[0.010253158397972584, -0.9996200799942017, 0.025586538016796112, 0.010986328125], [0.00760321831330657, -0.025509212166070938, -0.9996457099914551, 1.4824752807617188], [0.999918520450592, 0.010444066487252712, 0.007338778581470251, -1.439208984375], [0.0, 0.0, 0.0, 1.0]], [[-0.8440219759941101, -0.536284327507019, 0.005095313768833876, 0.894287109375], [0.01567458175122738, -0.03416359797120094, -0.9992932677268982, 1.496793270111084], [0.536079466342926, -0.8433457612991333, 0.03724086284637451, -1.150848388671875], [0.0, 0.0, 0.0, 1.0]], [[0.9478785395622253, 0.3182756006717682, -0.01506670843809843, -1.1181640625], [-0.009539986960589886, -0.018916238099336624, -0.9997755289077759, 1.5617866516113281], [-0.3184891641139984, 0.9478095173835754, -0.014893949963152409, -0.1649322509765625], [0.0, 0.0, 0.0, 1.0]], [[0.009268870577216148, 0.9996048808097839, -0.026535334065556526, -0.02862548828125], [-0.007486851420253515, -0.026466358453035355, -0.9996216297149658, 1.5673103332519531], [-0.9999290704727173, 0.009464032016694546, 0.007238579448312521, -0.05859375], [0.0, 0.0, 0.0, 1.0]], [[-0.9237043857574463, 0.3827819228172302, -0.015759607776999474, 0.9984130859375], [-0.0033438904210925102, -0.04919043183326721, -0.9987837672233582, 1.5472908020019531], [-0.38309159874916077, -0.9225282669067383, 0.04671739414334297, -0.1097412109375], [0.0, 0.0, 0.0, 1.0]]], "view": [[0.0, -2.0, 100.0], [-2.0, 0.0, 100.0], [0.0, 0.0, 1.0]], "bev": "bev_401219fa45df4f9a8cc84090c86904d4.png", "aux": "aux_401219fa45df4f9a8cc84090c86904d4.npz", "visibility": "visibility_401219fa45df4f9a8cc84090c86904d4.png", "pose": [[0.9998854994773865, -0.015133488923311234, 0.0, 2262.335693359375], [0.015133488923311234, 0.9998854994773865, 0.0, 877.4259643554688], [0.0, 0.0, 1.0, 0.0], [0.0, 0.0, 0.0, 1.0]], "pose_inverse": [[0.9998854994773865, 0.015133488923311234, 0.0, -2275.355224609375], [-0.015133488923311234, 0.9998854994773865, 0.0, -843.0884399414062], [0.0, 0.0, 1.0, 0.0], [0.0, 0.0, 0.0, 1.0]], "cam_ids": [0, 1, 2, 3, 4, 5], "cam_channels": ["CAM_FRONT_LEFT", "CAM_FRONT", "CAM_FRONT_RIGHT", "CAM_BACK_LEFT", "CAM_BACK", "CAM_BACK_RIGHT"], "token": "401219fa45df4f9a8cc84090c86904d4", "scene": "scene-0455"}, {"images": ["samples/CAM_FRONT_LEFT/n008-2018-09-18-12-07-26-0400__CAM_FRONT_LEFT__1537287330004799.jpg", "samples/CAM_FRONT/n008-2018-09-18-12-07-26-0400__CAM_FRONT__1537287330012404.jpg", "samples/CAM_FRONT_RIGHT/n008-2018-09-18-12-07-26-0400__CAM_FRONT_RIGHT__1537287330020482.jpg", "samples/CAM_BACK_LEFT/n008-2018-09-18-12-07-26-0400__CAM_BACK_LEFT__1537287330047405.jpg", "samples/CAM_BACK/n008-2018-09-18-12-07-26-0400__CAM_BACK__1537287330037558.jpg", "samples/CAM_BACK_RIGHT/n008-2018-09-18-12-07-26-0400__CAM_BACK_RIGHT__1537287330028113.jpg"], "intrinsics": [[[1257.8625342125129, 0.0, 827.2410631095686], [0.0, 1257.8625342125129, 450.915498205774], [0.0, 0.0, 1.0]], [[1252.8131021185304, 0.0, 826.588114781398], [0.0, 1252.8131021185304, 469.9846626224581], [0.0, 0.0, 1.0]], [[1256.7485116440405, 0.0, 817.7887570959712], [0.0, 1256.7485116440403, 451.9541780095127], [0.0, 0.0, 1.0]], [[1254.9860565800168, 0.0, 829.5769333630991], [0.0, 1254.9860565800168, 467.1680561863987], [0.0, 0.0, 1.0]], [[796.8910634503094, 0.0, 857.7774326863696], [0.0, 796.8910634503094, 476.8848988407415], [0.0, 0.0, 1.0]], [[1249.9629280788233, 0.0, 825.3768045375984], [0.0, 1249.9629280788233, 462.54816385708756], [0.0, 0.0, 1.0]]], "extrinsics": [[[0.8224018812179565, -0.5687770843505859, 0.012152944691479206, -0.710693359375], [0.003916245885193348, -0.015701448544859886, -0.9998690485954285, 1.4897265434265137], [0.5688934922218323, 0.822341799736023, -0.010685429908335209, -1.1326904296875], [0.0, 0.0, 0.0, 1.0]], [[0.010092310607433319, -0.9997516870498657, 0.01986902579665184, 0.0106201171875], [0.0059020789340138435, -0.019810132682323456, -0.9997863173484802, 1.4819669723510742], [0.9999316334724426, 0.010207423940300941, 0.005700682755559683, -1.436767578125], [0.0, 0.0, 0.0, 1.0]], [[-0.8440373539924622, -0.5362729430198669, 0.0035000948701053858, 0.89208984375], [0.013957584276795387, -0.028491197153925896, -0.999496579170227, 1.4964203834533691], [0.5361026525497437, -0.8435637354850769, 0.031532708555459976, -1.1494140625], [0.0, 0.0, 0.0, 1.0]], [[0.9478672742843628, 0.318313330411911, -0.014977442100644112, -1.114990234375], [-0.011320791207253933, -0.013334482908248901, -0.9998469948768616, 1.5617027282714844], [-0.31846433877944946, 0.9478917717933655, -0.009035760536789894, -0.16607666015625], [0.0, 0.0, 0.0, 1.0]], [[0.009227009490132332, 0.9997385144233704, -0.020923158153891563, -0.0286865234375], [-0.009207137860357761, -0.02083822339773178, -0.9997404217720032, 1.5671043395996094], [-0.9999150633811951, 0.009417256340384483, 0.009012456052005291, -0.0615234375], [0.0, 0.0, 0.0, 1.0]], [[-0.9237467050552368, 0.3828166127204895, -0.011973562650382519, 0.995849609375], [-0.005093912594020367, -0.04353921860456467, -0.9990386962890625, 1.5469703674316406], [-0.3829699754714966, -0.9227977991104126, 0.042169246822595596, -0.1104736328125], [0.0, 0.0, 0.0, 1.0]]], "view": [[0.0, -2.0, 100.0], [-2.0, 0.0, 100.0], [0.0, 0.0, 1.0]], "bev": "bev_4da8939291ed4db7a2870a604c3a3a3c.png", "aux": "aux_4da8939291ed4db7a2870a604c3a3a3c.npz", "visibility": "visibility_4da8939291ed4db7a2870a604c3a3a3c.png", "pose": [[0.9998460412025452, -0.017546726390719414, 0.0, 2266.16845703125], [0.017546726390719414, 0.9998460412025452, 0.0, 877.4634399414062], [0.0, 0.0, 1.0, 0.0], [0.0, 0.0, 0.0, 1.0]], "pose_inverse": [[0.9998460412025452, 0.017546726390719414, 0.0, -2281.216064453125], [-0.017546726390719414, 0.9998460412025452, 0.0, -837.5645141601562], [0.0, 0.0, 1.0, 0.0], [0.0, 0.0, 0.0, 1.0]], "cam_ids": [0, 1, 2, 3, 4, 5], "cam_channels": ["CAM_FRONT_LEFT", "CAM_FRONT", "CAM_FRONT_RIGHT", "CAM_BACK_LEFT", "CAM_BACK", "CAM_BACK_RIGHT"], "token": "4da8939291ed4db7a2870a604c3a3a3c", "scene": "scene-0455"}, {"images": ["samples/CAM_FRONT_LEFT/n008-2018-09-18-12-07-26-0400__CAM_FRONT_LEFT__1537287330504799.jpg", "samples/CAM_FRONT/n008-2018-09-18-12-07-26-0400__CAM_FRONT__1537287330512404.jpg", "samples/CAM_FRONT_RIGHT/n008-2018-09-18-12-07-26-0400__CAM_FRONT_RIGHT__1537287330520482.jpg", "samples/CAM_BACK_LEFT/n008-2018-09-18-12-07-26-0400__CAM_BACK_LEFT__1537287330547405.jpg", "samples/CAM_BACK/n008-2018-09-18-12-07-26-0400__CAM_BACK__1537287330537558.jpg", "samples/CAM_BACK_RIGHT/n008-2018-09-18-12-07-26-0400__CAM_BACK_RIGHT__1537287330528113.jpg"], "intrinsics": [[[1257.8625342125129, 0.0, 827.2410631095686], [0.0, 1257.8625342125129, 450.915498205774], [0.0, 0.0, 1.0]], [[1252.8131021185304, 0.0, 826.588114781398], [0.0, 1252.8131021185304, 469.9846626224581], [0.0, 0.0, 1.0]], [[1256.7485116440405, 0.0, 817.7887570959712], [0.0, 1256.7485116440403, 451.9541780095127], [0.0, 0.0, 1.0]], [[1254.9860565800168, 0.0, 829.5769333630991], [0.0, 1254.9860565800168, 467.1680561863987], [0.0, 0.0, 1.0]], [[796.8910634503094, 0.0, 857.7774326863696], [0.0, 796.8910634503094, 476.8848988407415], [0.0, 0.0, 1.0]], [[1249.9629280788233, 0.0, 825.3768045375984], [0.0, 1249.9629280788233, 462.54816385708756], [0.0, 0.0, 1.0]]], "extrinsics": [[[0.8222043514251709, -0.569114089012146, 0.009449309669435024, -0.7049560546875], [0.0032004420645534992, -0.01197855919599533, -0.9999231100082397, 1.4894790649414062], [0.5691835284233093, 0.8221713900566101, -0.008027407340705395, -1.1275634765625], [0.0, 0.0, 0.0, 1.0]], [[0.009709020145237446, -0.9998221397399902, 0.01616612821817398, 0.009521484375], [0.005227043759077787, -0.016115926206111908, -0.9998564720153809, 1.4817653894424438], [0.9999391436576843, 0.009792126715183258, 0.0050696441903710365, -1.432373046875], [0.0, 0.0, 0.0, 1.0]], [[-0.844266951084137, -0.5359187722206116, 0.0020592864602804184, 0.890869140625], [0.013323812745511532, -0.024830857291817665, -0.9996028542518616, 1.4962520599365234], [0.5357570648193359, -0.8439043760299683, 0.028104359284043312, -1.15008544921875], [0.0, 0.0, 0.0, 1.0]], [[0.9478830695152283, 0.3182961344718933, -0.01432470791041851, -1.119384765625], [-0.011866721324622631, -0.009660080075263977, -0.9998828768730164, 1.561737060546875], [-0.31839728355407715, 0.9479421377182007, -0.005379495210945606, -0.16441726684570312], [0.0, 0.0, 0.0, 1.0]], [[0.009460157714784145, 0.9998061060905457, -0.017271310091018677, -0.028076171875], [-0.009832468815147877, -0.017178239300847054, -0.9998040795326233, 1.5670547485351562], [-0.