[{"images": ["samples/CAM_FRONT_LEFT/n008-2018-07-27-12-07-38-0400__CAM_FRONT_LEFT__1532708048104799.jpg", "samples/CAM_FRONT/n008-2018-07-27-12-07-38-0400__CAM_FRONT__1532708048112404.jpg", "samples/CAM_FRONT_RIGHT/n008-2018-07-27-12-07-38-0400__CAM_FRONT_RIGHT__1532708048120482.jpg", "samples/CAM_BACK_LEFT/n008-2018-07-27-12-07-38-0400__CAM_BACK_LEFT__1532708048147405.jpg", "samples/CAM_BACK/n008-2018-07-27-12-07-38-0400__CAM_BACK__1532708048137558.jpg", "samples/CAM_BACK_RIGHT/n008-2018-07-27-12-07-38-0400__CAM_BACK_RIGHT__1532708048128113.jpg"], "intrinsics": [[[1257.8625342125129, 0.0, 827.2410631095686], [0.0, 1257.8625342125129, 450.915498205774], [0.0, 0.0, 1.0]], [[1252.8131021185304, 0.0, 826.588114781398], [0.0, 1252.8131021185304, 469.9846626224581], [0.0, 0.0, 1.0]], [[1256.7485116440405, 0.0, 817.7887570959712], [0.0, 1256.7485116440403, 451.9541780095127], [0.0, 0.0, 1.0]], [[1254.9860565800168, 0.0, 829.5769333630991], [0.0, 1254.9860565800168, 467.1680561863987], [0.0, 0.0, 1.0]], [[796.8910634503094, 0.0, 857.7774326863696], [0.0, 796.8910634503094, 476.8848988407415], [0.0, 0.0, 1.0]], [[1249.9629280788233, 0.0, 825.3768045375984], [0.0, 1249.9629280788233, 462.54816385708756], [0.0, 0.0, 1.0]]], "extrinsics": [[[0.8222495317459106, -0.5690305233001709, 0.010484972037374973, -0.76885986328125], [0.02792554534971714, 0.021938035264611244, -0.9993692636489868, 1.4961776733398438], [0.5684415698051453, 0.8220238089561462, 0.03392903134226799, -1.1741943359375], [0.0, 0.0, 0.0, 1.0]], [[0.01027936115860939, -0.9997939467430115, -0.017503606155514717, 0.0106201171875], [0.02989465557038784, 0.017803974449634552, -0.9993944764137268, 1.4871101379394531], [0.9995002150535583, 0.009749903343617916, 0.030071508139371872, -1.500885009765625], [0.0, 0.0, 0.0, 1.0]], [[-0.843521773815155, -0.5358264446258545, -0.03689248487353325, 0.939697265625], [0.037928905338048935, 0.009089797735214233, -0.9992390871047974, 1.4998798370361328], [0.5357540845870972, -0.8442792892456055, 0.01265586819499731, -1.1793212890625], [0.0, 0.0, 0.0, 1.0]], [[0.9476158022880554, 0.3188026249408722, 0.019730381667613983, -1.14251708984375], [0.012661845423281193, 0.024229547008872032, -0.9996262788772583, 1.5620498657226562], [-0.3191615343093872, 0.9475114345550537, 0.018923670053482056, -0.1573486328125], [0.0, 0.0, 0.0, 1.0]], [[0.008907251991331577, 0.9998188018798828, 0.016828522086143494, -0.029296875], [0.014810782857239246, 0.016695434227585793, -0.9997509121894836, 1.5690269470214844], [-0.9998506903648376, 0.009154217317700386, -0.014659387059509754, -0.02178955078125], [0.0, 0.0, 0.0, 1.0]], [[-0.9234570264816284, 0.38319212198257446, -0.019769951701164246, 1.040924072265625], [0.01891992799937725, -0.00598738482221961, -0.9998030662536621, 1.5502629280090332], [-0.38323503732681274, -0.9236493110656738, -0.001720875850878656, -0.0914306640625], [0.0, 0.0, 0.0, 1.0]]], "view": [[0.0, -2.0, 100.0], [-2.0, 0.0, 100.0], [0.0, 0.0, 1.0]], "bev": "bev_e660dd99d81341b99fe975027c30d757.png", "aux": "aux_e660dd99d81341b99fe975027c30d757.npz", "visibility": "visibility_e660dd99d81341b99fe975027c30d757.png", "pose": [[-0.7653118371963501, -0.6436597108840942, 0.0, 1346.40380859375], [0.6436597108840942, -0.7653118371963501, 0.0, 1012.1705932617188], [0.0, 0.0, 1.0, 0.0], [0.0, 0.0, 0.0, 1.0]], "pose_inverse": [[-0.7653118371963501, 0.6436597108840942, 0.0, 378.92535400390625], [-0.6436597108840942, -0.7653118371963501, 0.0, 1641.251953125], [0.0, 0.0, 1.0, 0.0], [0.0, 0.0, 0.0, 1.0]], "cam_ids": [0, 1, 2, 3, 4, 5], "cam_channels": ["CAM_FRONT_LEFT", "CAM_FRONT", "CAM_FRONT_RIGHT", "CAM_BACK_LEFT", "CAM_BACK", "CAM_BACK_RIGHT"], "token": "e660dd99d81341b99fe975027c30d757", "scene": "scene-0227"}, {"images": ["samples/CAM_FRONT_LEFT/n008-2018-07-27-12-07-38-0400__CAM_FRONT_LEFT__1532708048604799.jpg", "samples/CAM_FRONT/n008-2018-07-27-12-07-38-0400__CAM_FRONT__1532708048612404.jpg", "samples/CAM_FRONT_RIGHT/n008-2018-07-27-12-07-38-0400__CAM_FRONT_RIGHT__1532708048620482.jpg", "samples/CAM_BACK_LEFT/n008-2018-07-27-12-07-38-0400__CAM_BACK_LEFT__1532708048647405.jpg", "samples/CAM_BACK/n008-2018-07-27-12-07-38-0400__CAM_BACK__1532708048637558.jpg", "samples/CAM_BACK_RIGHT/n008-2018-07-27-12-07-38-0400__CAM_BACK_RIGHT__1532708048628113.jpg"], "intrinsics": [[[1257.8625342125129, 0.0, 827.2410631095686], [0.0, 1257.8625342125129, 450.915498205774], [0.0, 0.0, 1.0]], [[1252.8131021185304, 0.0, 826.588114781398], [0.0, 1252.8131021185304, 469.9846626224581], [0.0, 0.0, 1.0]], [[1256.7485116440405, 0.0, 817.7887570959712], [0.0, 1256.7485116440403, 451.9541780095127], [0.0, 0.0, 1.0]], [[1254.9860565800168, 0.0, 829.5769333630991], [0.0, 1254.9860565800168, 467.1680561863987], [0.0, 0.0, 1.0]], [[796.8910634503094, 0.0, 857.7774326863696], [0.0, 796.8910634503094, 476.8848988407415], [0.0, 0.0, 1.0]], [[1249.9629280788233, 0.0, 825.3768045375984], [0.0, 1249.9629280788233, 462.54816385708756], [0.0, 0.0, 1.0]]], "extrinsics": [[[0.822429358959198, -0.5687750577926636, 0.010249395854771137, -0.76947021484375], [0.02847829833626747, 0.023170677945017815, -0.9993258118629456, 1.4962997436523438], [0.5681540369987488, 0.8221667408943176, 0.035253990441560745, -1.1749267578125], [0.0, 0.0, 0.0, 1.0]], [[0.010554926469922066, -0.9997687339782715, -0.018734941259026527, 0.0107421875], [0.03047662042081356, 0.019048919901251793, -0.9993539452552795, 1.4872283935546875], [0.9994797706604004, 0.009977099485695362, 0.030670631676912308, -1.50128173828125], [0.0, 0.0, 0.0, 1.0]], [[-0.8433900475502014, -0.5359506011009216, -0.03808268904685974, 0.9395751953125], [0.03854207694530487, 0.010348623618483543, -0.9992033839225769, 1.4999980926513672], [0.5359177589416504, -0.844186007976532, 0.011928722262382507, -1.1790771484375], [0.0, 0.0, 0.0, 1.0]], [[0.9475804567337036, 0.31884247064590454, 0.020755575969815254, -1.14276123046875], [0.01328236237168312, 0.025595197454094887, -0.9995841979980469, 1.5620460510253906], [-0.3192411959171295, 0.9474620223045349, 0.020018527284264565, -0.1571044921875], [0.0, 0.0, 0.0, 1.0]], [[0.008815973065793514, 0.9997962713241577, 0.01815658062696457, -0.029052734375], [0.015404308214783669, 0.01801934465765953, -0.999718964099884, 1.5690879821777344], [-0.9998424649238586, 0.009093135595321655, -0.015242312103509903, -0.02337646484375], [0.0, 0.0, 0.0, 1.0]], [[-0.9235016703605652, 0.3830804228782654, -0.019848361611366272, 1.039947509765625], [0.019530968740582466, -0.004718258045613766, -0.9997981190681458, 1.5503597259521484], [-0.38309672474861145, -0.9237029552459717, -0.0031246112193912268, -0.0921630859375], [0.0, 0.0, 0.0, 1.0]]], "view": [[0.0, -2.0, 100.0], [-2.0, 0.0, 100.0], [0.0, 0.0, 1.0]], "bev": "bev_0a7cd796c5354333b30de93b4caac6ae.png", "aux": "aux_0a7cd796c5354333b30de93b4caac6ae.npz", "visibility": "visibility_0a7cd796c5354333b30de93b4caac6ae.png", "pose": [[-0.7685545086860657, -0.6397843360900879, 0.0, 1343.942626953125], [0.6397843360900879, -0.7685545086860657, 0.0, 1014.2677612304688], [0.0, 0.0, 1.0, 0.0], [0.0, 0.0, 0.0, 1.0]], "pose_inverse": [[-0.7685545086860657, 0.6397843360900879, 0.0, 383.9804992675781], [-0.6397843360900879, -0.7685545086860657, 0.0, 1639.353515625], [0.0, 0.0, 1.0, 0.0], [0.0, 0.0, 0.0, 1.0]], "cam_ids": [0, 1, 2, 3, 4, 5], "cam_channels": ["CAM_FRONT_LEFT", "CAM_FRONT", "CAM_FRONT_RIGHT", "CAM_BACK_LEFT", "CAM_BACK", "CAM_BACK_RIGHT"], "token": "0a7cd796c5354333b30de93b4caac6ae", "scene": "scene-0227"}, {"images": ["samples/CAM_FRONT_LEFT/n008-2018-07-27-12-07-38-0400__CAM_FRONT_LEFT__1532708049104799.jpg", "samples/CAM_FRONT/n008-2018-07-27-12-07-38-0400__CAM_FRONT__1532708049112404.jpg", "samples/CAM_FRONT_RIGHT/n008-2018-07-27-12-07-38-0400__CAM_FRONT_RIGHT__1532708049120482.jpg", "samples/CAM_BACK_LEFT/n008-2018-07-27-12-07-38-0400__CAM_BACK_LEFT__1532708049147405.jpg", "samples/CAM_BACK/n008-2018-07-27-12-07-38-0400__CAM_BACK__1532708049137558.jpg", "samples/CAM_BACK_RIGHT/n008-2018-07-27-12-07-38-0400__CAM_BACK_RIGHT__1532708049128113.jpg"], "intrinsics": [[[1257.8625342125129, 0.0, 827.2410631095686], [0.0, 1257.8625342125129, 450.915498205774], [0.0, 0.0, 1.0]], [[1252.8131021185304, 0.0, 826.588114781398], [0.0, 1252.8131021185304, 469.9846626224581], [0.0, 0.0, 1.0]], [[1256.7485116440405, 0.0, 817.7887570959712], [0.0, 1256.7485116440403, 451.9541780095127], [0.0, 0.0, 1.0]], [[1254.9860565800168, 0.0, 829.5769333630991], [0.0, 1254.9860565800168, 467.1680561863987], [0.0, 0.0, 1.0]], [[796.8910634503094, 0.0, 857.7774326863696], [0.0, 796.8910634503094, 476.8848988407415], [0.0, 0.0, 1.0]], [[1249.9629280788233, 0.0, 825.3768045375984], [0.0, 1249.9629280788233, 462.54816385708756], [0.0, 0.0, 1.0]]], "extrinsics": [[[0.8229346871376038, -0.5680431723594666, 0.010270845144987106, -0.780517578125], [0.02841738611459732, 0.02309982292354107, -0.999329149723053, 1.4959869384765625], [0.5674248933792114, 0.8226745128631592, 0.03515194356441498, -1.18017578125], [0.0, 0.0, 0.0, 1.0]], [[0.011270739138126373, -0.9997629523277283, -0.018625786527991295, 0.0089111328125], [0.030354348942637444, 0.018960464745759964, -0.9993593692779541, 1.4869384765625], [0.9994756579399109, 0.010698220692574978, 0.030560854822397232, -1.511260986328125], [0.0, 0.0, 0.0, 1.0]], [[-0.843103289604187, -0.5364170670509338, -0.03786261007189751, 0.9454345703125], [0.03835533559322357, 0.010244358330965042, -0.9992116689682007, 1.4996833801269531], [0.5363820791244507, -0.8438908457756042, 0.011937404982745647, -1.1844482421875], [0.0, 0.0, 0.0, 1.0]], [[0.9476748704910278, 0.3185877799987793, 0.020350759848952293, -1.14166259765625], [0.01299174502491951, 0.025206949561834335, -0.9995977878570557, 1.56207275390625], [-0.3189726173877716, 0.9475581645965576, 0.019748983904719353, -0.1568603515625], [0.0, 0.0, 0.0, 1.0]], [[0.008640424348413944, 0.9998027086257935, 0.017882056534290314, -0.0284423828125], [0.015091929584741592, 0.017750300467014313, -0.9997285008430481, 1.56903076171875], [-0.9998488426208496, 0.008907945826649666, -0.014935584738850594, -0.0201416015625], [0.0, 0.0, 0.0, 1.0]], [[-0.9236572980880737, 0.38271328806877136, -0.019694171845912933, 1.045745849609375], [0.019299058243632317, -0.004871936980634928, -0.9998018741607666, 1.550213098526001], [-0.38273337483406067, -0.9238542914390564, -0.002886006375774741, -0.090576171875], [0.0, 0.0, 0.0, 1.0]]], "view": [[0.0, -2.0, 100.0], [-2.0, 0.0, 100.0], [0.0, 0.0, 1.0]], "bev": "bev_0c1cfae9529d4866973df21b2d651a73.png", "aux": "aux_0c1cfae9529d4866973df21b2d651a73.npz", "visibility": "visibility_0c1cfae9529d4866973df21b2d651a73.png", "pose": [[-0.7658756971359253, -0.6429886817932129, 0.0, 1341.4990234375], [0.6429886817932129, -0.7658756971359253, 0.0, 1016.3356323242188], [0.0, 0.0, 1.0, 0.0], [0.0, 0.0, 0.0, 1.0]], "pose_inverse": [[-0.7658756971359253, 0.6429886817932129, 0.0, 373.9291687011719], [-0.6429886817932129, -0.7658756971359253, 0.0, 1640.9554443359375], [0.0, 0.0, 1.0, 0.0], [0.0, 0.0, 0.0, 1.0]], "cam_ids": [0, 1, 2, 3, 4, 5], "cam_channels": ["CAM_FRONT_LEFT", "CAM_FRONT", "CAM_FRONT_RIGHT", "CAM_BACK_LEFT", "CAM_BACK", "CAM_BACK_RIGHT"], "token": "0c1cfae9529d4866973df21b2d651a73", "scene": "scene-0227"}, {"images": ["samples/CAM_FRONT_LEFT/n008-2018-07-27-12-07-38-0400__CAM_FRONT_LEFT__1532708049604799.jpg", "samples/CAM_FRONT/n008-2018-07-27-12-07-38-0400__CAM_FRONT__1532708049612404.jpg", "samples/CAM_FRONT_RIGHT/n008-2018-07-27-12-07-38-0400__CAM_FRONT_RIGHT__1532708049620482.jpg", "samples/CAM_BACK_LEFT/n008-2018-07-27-12-07-38-0400__CAM_BACK_LEFT__1532708049647405.jpg", "samples/CAM_BACK/n008-2018-07-27-12-07-38-0400__CAM_BACK__1532708049637558.jpg", "samples/CAM_BACK_RIGHT/n008-2018-07-27-12-07-38-0400__CAM_BACK_RIGHT__1532708049628113.jpg"], "intrinsics": [[[1257.8625342125129, 0.0, 827.2410631095686], [0.0, 1257.8625342125129, 450.915498205774], [0.0, 0.0, 1.0]], [[1252.8131021185304, 0.0, 826.588114781398], [0.0, 1252.8131021185304, 469.9846626224581], [0.0, 0.0, 1.0]], [[1256.7485116440405, 0.0, 817.7887570959712], [0.0, 1256.7485116440403, 451.9541780095127], [0.0, 0.0, 1.0]], [[1254.9860565800168, 0.0, 829.5769333630991], [0.0, 1254.9860565800168, 467.1680561863987], [0.0, 0.0, 1.0]], [[796.8910634503094, 0.0, 857.7774326863696], [0.0, 796.8910634503094, 476.8848988407415], [0.0, 0.0, 1.0]], [[1249.9629280788233, 0.0, 825.3768045375984], [0.0, 1249.9629280788233, 462.54816385708756], [0.0, 0.0, 1.0]]], "extrinsics": [[[0.82341468334198, -0.5673102140426636, 0.012141153216362, -0.77606201171875], [0.02756449207663536, 0.018618689849972725, -0.9994466304779053, 1.4958305358886719], [0.5667702555656433, 0.8232936263084412, 0.030968522652983665, -1.1800537109375], [0.0, 0.0, 0.0, 1.0]], [[0.011913963593542576, -0.9998303055763245, -0.01405282597988844, 0.0108642578125], [0.02949230931699276, 0.014399070292711258, -0.99946129322052, 1.4868240356445312], [0.9994939565658569, 0.011493101716041565, 0.029658854007720947, -1.5076904296875], [0.0, 0.0, 0.0, 1.0]], [[-0.8428717851638794, -0.5369992256164551, -0.03462705388665199, 0.9434814453125], [0.037484120577573776, 0.0056012473069131374, -0.9992815256118774, 1.4996490478515625], [0.5368074178695679, -0.8435642123222351, 0.015407812781631947, -1.1812744140625], [0.0, 0.0, 0.0, 1.0]], [[0.9476604461669922, 0.3187737464904785, 0.017975647002458572, -1.13909912109375], [0.012089758180081844, 0.02043328247964382, -0.9997181296348572, 1.562103271484375], [-0.31905117630958557, 0.9476104974746704, 0.01550991553813219, -0.1580810546875], [0.0, 0.0, 0.0, 1.0]], [[0.008477316237986088, 0.9998779892921448, 0.013118770904839039, -0.0289306640625], [0.014208370819687843, 0.012997474521398544, -0.9998145699501038, 1.569009780883789], [-0.9998631477355957, 0.008662143722176552, -0.014096454717218876, -0.023101806640625], [0.0, 0.0, 0.0, 1.0]], [[-0.9238073825836182, 0.38229843974113464, -0.020683521404862404, 1.04248046875], [0.018415406346321106, -0.009591391310095787, -0.9997844099998474, 1.5501713752746582], [-0.38241440057754517, -0.9239890575408936, 0.001820418518036604, -0.091064453125], [0.0, 0.0, 0.0, 1.0]]], "view": [[0.0, -2.0, 100.0], [-2.0, 0.0, 100.0], [0.0, 0.0, 1.0]], "bev": "bev_409e9f2dc38347b4a944ca4c9f4ab3be.png", "aux": "aux_409e9f2dc38347b4a944ca4c9f4ab3be.npz", "visibility": "visibility_409e9f2dc38347b4a944ca4c9f4ab3be.png", "pose": [[-0.754578709602356, -0.6562095284461975, 0.0, 1339.1214599609375], [0.6562095284461975, -0.754578709602356, 0.0, 1018.4166259765625], [0.0, 0.0, 1.0, 0.0], [0.0, 0.0, 0.0, 1.0]], "pose_inverse": [[-0.754578709602356, 0.6562095284461975, 0.0, 342.1778869628906], [-0.6562095284461975, -0.754578709602356, 0.0, 1647.2197265625], [0.0, 0.0, 1.0, 0.0], [0.0, 0.0, 0.0, 1.0]], "cam_ids": [0, 1, 2, 3, 4, 5], "cam_channels": ["CAM_FRONT_LEFT", "CAM_FRONT", "CAM_FRONT_RIGHT", "CAM_BACK_LEFT", "CAM_BACK", "CAM_BACK_RIGHT"], "token": "409e9f2dc38347b4a944ca4c9f4ab3be", "scene": "scene-0227"}, {"images": ["samples/CAM_FRONT_LEFT/n008-2018-07-27-12-07-38-0400__CAM_FRONT_LEFT__1532708050104799.jpg", "samples/CAM_FRONT/n008-2018-07-27-12-07-38-0400__CAM_FRONT__1532708050112404.jpg", "samples/CAM_FRONT_RIGHT/n008-2018-07-27-12-07-38-0400__CAM_FRONT_RIGHT__1532708050120482.jpg", "samples/CAM_BACK_LEFT/n008-2018-07-27-12-07-38-0400__CAM_BACK_LEFT__1532708050147405.jpg", "samples/CAM_BACK/n008-2018-07-27-12-07-38-0400__CAM_BACK__1532708050137558.jpg", "samples/CAM_BACK_RIGHT/n008-2018-07-27-12-07-38-0400__CAM_BACK_RIGHT__1532708050128113.jpg"], "intrinsics": [[[1257.8625342125129, 0.0, 827.2410631095686], [0.0, 1257.8625342125129, 450.915498205774], [0.0, 0.0, 1.0]], [[1252.8131021185304, 0.0, 826.588114781398], [0.0, 1252.8131021185304, 469.9846626224581], [0.0, 0.0, 1.0]], [[1256.7485116440405, 0.0, 817.7887570959712], [0.0, 1256.7485116440403, 451.9541780095127], [0.0, 0.0, 1.0]], [[1254.9860565800168, 0.0, 829.5769333630991], [0.0, 1254.9860565800168, 467.1680561863987], [0.0, 0.0, 1.0]], [[796.8910634503094, 0.0, 857.7774326863696], [0.0, 796.8910634503094, 476.8848988407415], [0.0, 0.0, 1.0]], [[1249.9629280788233, 0.0, 825.3768045375984], [0.0, 1249.9629280788233, 462.54816385708756], [0.0, 0.0, 1.0]]], "extrinsics": [[[0.8229860663414001, -0.5678991675376892, 0.013583570718765259, -0.781982421875], [0.027879374101758003, 0.016495706513524055, -0.9994751811027527, 1.4957962036132812], [0.5673770308494568, 0.8229328393936157, 0.02940841019153595, -1.181640625], [0.0, 0.0, 0.0, 1.0]], [[0.011316257528960705, -0.9998645782470703, -0.011947479099035263, 0.00927734375], [0.029854189604520798, 0.012280752882361412, -0.999478816986084, 1.4868049621582031], [0.9994901418685913, 0.01095360703766346, 0.02998911775648594, -1.5118408203125], [0.0, 0.0, 0.0, 1.0]], [[-0.8431054353713989, -0.5366823077201843, -0.03384501859545708, 0.9453125], [0.03789534792304039, 0.003485732013359666, -0.9992756247520447, 1.4996299743652344], [0.5364115238189697, -0.8437772393226624, 0.01739891991019249, -1.183837890625], [0.0, 0.0, 0.0, 1.0]], [[0.9476942420005798, 0.3186792731285095, 0.017860690131783485, -1.1337890625], [0.012482145801186562, 0.018911946564912796, -0.9997432231903076, 1.5621681213378906], [-0.31893524527549744, 0.9476738572120667, 0.013944942504167557, -0.15966796875], [0.0, 0.0, 0.0, 1.0]], [[0.008656824007630348, 0.9998947381973267, 0.011645607650279999, -0.0286865234375], [0.014606897719204426, 0.011518355458974838, -0.9998269081115723, 1.5690555572509766], [-0.9998558759689331, 0.008825446479022503, -0.014505648985505104, -0.024169921875], [0.0, 0.0, 0.0, 1.0]], [[-0.9236743450164795, 0.3825669288635254, -0.02164069190621376, 1.0438232421875], [0.01883971318602562, -0.011066736653447151, -0.9997612833976746, 1.5501995086669922], [-0.38271504640579224, -0.9238615036010742, 0.0030146101489663124, -0.0911865234375], [0.0, 0.0, 0.0, 1.0]]], "view": [[0.0, -2.0, 100.0], [-2.0, 0.0, 100.0], [0.0, 0.0, 1.0]], "bev": "bev_c55d5799dc7a42d6b03c7b05144d21a2.png", "aux": "aux_c55d5799dc7a42d6b03c7b05144d21a2.npz", "visibility": "visibility_c55d5799dc7a42d6b03c7b05144d21a2.png", "pose": [[-0.7444288730621338, -0.667701780796051, 0.0, 1336.814208984375], [0.667701780796051, -0.7444288730621338, 0.0, 1020.4923095703125], [0.0, 0.0, 1.0, 0.0], [0.0, 0.0, 0.0, 1.0]], "pose_inverse": [[-0.7444288730621338, 0.667701780796051, 0.0, 313.77850341796875], [-0.667701780796051, -0.7444288730621338, 0.0, 1652.2772216796875], [0.0, 0.0, 1.0, 0.0], [0.0, 0.0, 0.0, 1.0]], "cam_ids": [0, 1, 2, 3, 4, 5], "cam_channels": ["CAM_FRONT_LEFT", "CAM_FRONT", "CAM_FRONT_RIGHT", "CAM_BACK_LEFT", "CAM_BACK", "CAM_BACK_RIGHT"], "token": "c55d5799dc7a42d6b03c7b05144d21a2", "scene": "scene-0227"}, {"images": ["samples/CAM_FRONT_LEFT/n008-2018-07-27-12-07-38-0400__CAM_FRONT_LEFT__1532708050604799.jpg", "samples/CAM_FRONT/n008-2018-07-27-12-07-38-0400__CAM_FRONT__1532708050612404.jpg", "samples/CAM_FRONT_RIGHT/n008-2018-07-27-12-07-38-0400__CAM_FRONT_RIGHT__1532708050620482.jpg", "samples/CAM_BACK_LEFT/n008-2018-07-27-12-07-38-0400__CAM_BACK_LEFT__1532708050647405.jpg", "samples/CAM_BACK/n008-2018-07-27-12-07-38-0400__CAM_BACK__1532708050637558.jpg", "samples/CAM_BACK_RIGHT/n008-2018-07-27-12-07-38-0400__CAM_BACK_RIGHT__1532708050628113.jpg"], "intrinsics": [[[1257.8625342125129, 0.0, 827.2410631095686], [0.0, 1257.8625342125129, 450.915498205774], [0.0, 0.0, 1.0]], [[1252.8131021185304, 0.0, 826.588114781398], [0.0, 1252.8131021185304, 469.9846626224581], [0.0, 0.0, 1.0]], [[1256.7485116440405, 0.0, 817.7887570959712], [0.0, 1256.7485116440403, 451.9541780095127], [0.0, 0.0, 1.0]], [[1254.9860565800168, 0.0, 829.5769333630991], [0.0, 1254.9860565800168, 467.1680561863987], [0.0, 0.0, 1.0]], [[796.8910634503094, 0.0, 857.7774326863696], [0.0, 796.8910634503094, 476.8848988407415], [0.0, 0.0, 1.0]], [[1249.9629280788233, 0.0, 825.3768045375984], [0.0, 1249.9629280788233, 462.54816385708756], [0.0, 0.0, 1.0]]], "extrinsics": [[[0.8228681087493896, -0.5680509209632874, 0.014364191330969334, -0.80255126953125], [0.028866909444332123, 0.01654326729476452, -0.9994463324546814, 1.4953269958496094], [0.5674988031387329, 0.822827160358429, 0.030010798946022987, -1.1961669921875], [0.0, 0.0, 0.0, 1.0]], [[0.01117921993136406, -0.9998652338981628, -0.01202641986310482, 0.00927734375], [0.030757691711187363, 0.012365322560071945, -0.9994503855705261, 1.4863643646240234], [0.9994643926620483, 0.010803108103573322, 0.0308917798101902, -1.532745361328125], [0.0, 0.0, 0.0, 1.0]], [[-0.8431369066238403, -0.5365846157073975, -0.034599971026182175, 0.9591064453125], [0.03870929032564163, 0.003609094535931945, -0.999243974685669, 1.4991397857666016], [0.5363038778305054, -0.8438388705253601, 0.017727848142385483, -1.1923828125], [0.0, 0.0, 0.0, 1.0]], [[0.9477301239967346, 0.31854212284088135, 0.01840130425989628, -1.1368408203125], [0.013141735456883907, 0.01865277625620365, -0.9997396469116211, 1.5621376037597656], [-0.3188023865222931, 0.9477251768112183, 0.013491601683199406, -0.1585693359375], [0.0, 0.0, 0.0, 1.0]], [[0.008710918948054314, 0.9998964071273804, 0.011464226990938187, -0.02880859375], [0.015356974676251411, 0.011329540982842445, -0.9998178482055664, 1.5689983367919922], [-0.9998442530632019, 0.008885403163731098, -0.01525669265538454, -0.017120361328125], [0.0, 0.0, 0.0, 1.0]], [[-0.923624575138092, 0.3826410174369812, -0.02244069240987301, 1.054901123046875], [0.019633987918496132, -0.011239045299589634, -0.9997440576553345, 1.5500612258911133], [-0.38279521465301514, -0.9238287806510925, 0.0028678926173597574, -0.0865478515625], [0.0, 0.0, 0.0, 1.0]]], "view": [[0.0, -2.0, 100.0], [-2.0, 0.0, 100.0], [0.0, 0.0, 1.0]], "bev": "bev_fc6b910274094795b3723b30e8d2916e.png", "aux": "aux_fc6b910274094795b3723b30e8d2916e.npz", "visibility": "visibility_fc6b910274094795b3723b30e8d2916e.png", "pose": [[-0.736092209815979, -0.6768813133239746, 0.0, 1334.7144775390625], [0.6768813133239746, -0.736092209815979, 0.0, 1022.4307250976562], [0.0, 0.0, 1.0, 0.0], [0.0, 0.0, 0.0, 1.0]], "pose_inverse": [[-0.736092209815979, 0.6768813133239746, 0.0, 290.4086608886719], [-0.6768813133239746, -0.736092209815979, 0.0, 1656.0465087890625], [0.0, 0.0, 1.0, 0.0], [0.0, 0.0, 0.0, 1.0]], "cam_ids": [0, 1, 2, 3, 4, 5], "cam_channels": ["CAM_FRONT_LEFT", "CAM_FRONT", "CAM_FRONT_RIGHT", "CAM_BACK_LEFT", "CAM_BACK", "CAM_BACK_RIGHT"], "token": "fc6b910274094795b3723b30e8d2916e", "scene": "scene-0227"}, {"images": ["samples/CAM_FRONT_LEFT/n008-2018-07-27-12-07-38-0400__CAM_FRONT_LEFT__1532708051104799.jpg", "samples/CAM_FRONT/n008-2018-07-27-12-07-38-0400__CAM_FRONT__1532708051112404.jpg", "samples/CAM_FRONT_RIGHT/n008-2018-07-27-12-07-38-0400__CAM_FRONT_RIGHT__1532708051120482.jpg", "samples/CAM_BACK_LEFT/n008-2018-07-27-12-07-38-0400__CAM_BACK_LEFT__1532708051147405.jpg", "samples/CAM_BACK/n008-2018-07-27-12-07-38-0400__CAM_BACK__1532708051137558.jpg", "samples/CAM_BACK_RIGHT/n008-2018-07-27-12-07-38-0400__CAM_BACK_RIGHT__1532708051128113.jpg"], "intrinsics": [[[1257.8625342125129, 0.0, 827.2410631095686], [0.0, 1257.8625342125129, 450.915498205774], [0.0, 0.0, 1.0]], [[1252.8131021185304, 0.0, 826.588114781398], [0.0, 1252.8131021185304, 469.9846626224581], [0.0, 0.0, 1.0]], [[1256.7485116440405, 0.0, 817.7887570959712], [0.0, 1256.7485116440403, 451.9541780095127], [0.0, 0.0, 1.0]], [[1254.9860565800168, 0.0, 829.5769333630991], [0.0, 1254.9860565800168, 467.1680561863987], [0.0, 0.0, 1.0]], [[796.8910634503094, 0.0, 857.7774326863696], [0.0, 796.8910634503094, 476.8848988407415], [0.0, 0.0, 1.0]], [[1249.9629280788233, 0.0, 825.3768045375984], [0.0, 1249.9629280788233, 462.54816385708756], [0.0, 0.0, 1.0]]], "extrinsics": [[[0.8216972947120667, -0.5697393417358398, 0.014511410146951675, -0.81304931640625], [0.029943302273750305, 0.017730405554175377, -0.9993942975997925, 1.4952430725097656], [0.5691370368003845, 0.8216341137886047, 0.03162890300154686, -1.2017822265625], [0.0, 0.0, 0.0, 1.0]], [[0.00953681394457817, -0.9998654723167419, -0.013340402394533157, 0.0081787109375], [0.03192265331745148, 0.013638635165989399, -0.9993972778320312, 1.4862861633300781], [0.9994447827339172, 0.009105109609663486, 0.03204842656850815, -1.542510986328125], [0.0, 0.0, 0.0, 1.0]], [[-0.8437729477882385, -0.535463809967041, -0.036411650478839874, 0.9652099609375], [0.03996603935956955, 0.004967365879565477, -0.9991886615753174, 1.4990196228027344], [0.5352102518081665, -0.8445435762405396, 0.017209040001034737, -1.1971435546875], [0.0, 0.0, 0.0, 1.0]], [[0.947670042514801, 0.3186076581478119, 0.020260287448763847, -1.13714599609375], [0.014602979645133018, 0.020135147497057915, -0.999690592288971, 1.5621490478515625], [-0.3189171552658081, 0.9476727843284607, 0.01442885585129261, -0.158203125], [0.0, 0.0, 0.0, 1.0]], [[0.009159334003925323, 0.999876081943512, 0.012803045101463795, -0.028564453125], [0.01671658270061016, 0.01264868676662445, -0.9997802376747131, 1.5690288543701172], [-0.9998183250427246, 0.00937130581587553, -0.01659865863621235, -0.013763427734375], [0.0, 0.0, 0.0, 1.0]], [[-0.923242449760437, 0.3835173547267914, -0.023188216611742973, 1.060577392578125], [0.02092658169567585, -0.010069048963487148, -0.9997303485870361, 1.550084114074707], [-0.3836473524570465, -0.9234787225723267, 0.0012704666005447507, -0.084716796875], [0.0, 0.0, 0.0, 1.0]]], "view": [[0.0, -2.0, 100.0], [-2.0, 0.0, 100.0], [0.0, 0.0, 1.0]], "bev": "bev_58c688eb6d7b4032b0b0c06c2dd0f031.png", "aux": "aux_58c688eb6d7b4032b0b0c06c2dd0f031.npz", "visibility": "visibility_58c688eb6d7b4032b0b0c06c2dd0f031.png", "pose": [[-0.7364611625671387, -0.6764798164367676, 0.0, 1332.707275390625], [0.6764798164367676, -0.7364611625671387, 0.0, 1024.305908203125], [0.0, 0.0, 1.0, 0.0], [0.0, 0.0, 0.0, 1.0]], "pose_inverse": [[-0.7364611625671387, 0.6764798164367676, 0.0, 288.5649108886719], [-0.6764798164367676, -0.7364611625671387, 0.0, 1655.9111328125], [0.0, 0.0, 1.0, 0.0], [0.0, 0.0, 0.0, 1.0]], "cam_ids": [0, 1, 2, 3, 4, 5], "cam_channels": ["CAM_FRONT_LEFT", "CAM_FRONT", "CAM_FRONT_RIGHT", "CAM_BACK_LEFT", "CAM_BACK", "CAM_BACK_RIGHT"], "token": "58c688eb6d7b4032b0b0c06c2dd0f031", "scene": "scene-0227"}, {"images": ["samples/CAM_FRONT_LEFT/n008-2018-07-27-12-07-38-0400__CAM_FRONT_LEFT__1532708051654799.jpg", "samples/CAM_FRONT/n008-2018-07-27-12-07-38-0400__CAM_FRONT__1532708051662404.jpg", "samples/CAM_FRONT_RIGHT/n008-2018-07-27-12-07-38-0400__CAM_FRONT_RIGHT__1532708051670482.jpg", "samples/CAM_BACK_LEFT/n008-2018-07-27-12-07-38-0400__CAM_BACK_LEFT__1532708051697405.jpg", "samples/CAM_BACK/n008-2018-07-27-12-07-38-0400__CAM_BACK__1532708051687558.jpg", "samples/CAM_BACK_RIGHT/n008-2018-07-27-12-07-38-0400__CAM_BACK_RIGHT__1532708051678113.jpg"], "intrinsics": [[[1257.8625342125129, 0.0, 827.2410631095686], [0.0, 1257.8625342125129, 450.915498205774], [0.0, 0.0, 1.0]], [[1252.8131021185304, 0.0, 826.588114781398], [0.0, 1252.8131021185304, 469.9846626224581], [0.0, 0.0, 1.0]], [[1256.7485116440405, 0.0, 817.7887570959712], [0.0, 1256.7485116440403, 451.9541780095127], [0.0, 0.0, 1.0]], [[1254.9860565800168, 0.0, 829.5769333630991], [0.0, 1254.9860565800168, 467.1680561863987], [0.0, 0.0, 1.0]], [[796.8910634503094, 0.0, 857.7774326863696], [0.0, 796.8910634503094, 476.8848988407415], [0.0, 0.0, 1.0]], [[1249.9629280788233, 0.0, 825.3768045375984], [0.0, 1249.9629280788233, 462.54816385708756], [0.0, 0.0, 1.0]]], "extrinsics": [[[0.8217458724975586, -0.5697111487388611, 0.012764926999807358, -0.8267822265625], [0.02798892930150032, 0.01797739788889885, -0.9994465112686157, 1.4942703247070312], [0.5691664218902588, 0.8216482996940613, 0.03071845881640911, -1.2130126953125], [0.0, 0.0, 0.0, 1.0]], [[0.009528908878564835, -0.9998623132705688, -0.013584022410213947, 0.0091552734375], [0.02994604967534542, 0.013863885775208473, -0.9994553923606873, 1.4854545593261719], [0.9995060563087463, 0.009116901084780693, 0.03007403202354908, -1.55718994140625], [0.0, 0.0, 0.0, 1.0]], [[-0.8438437581062317, -0.5354586839675903, -0.034809935837984085, 0.97509765625], [0.037939246743917465, 0.005172406788915396, -0.9992666840553284, 1.4982986450195312], [0.5352460145950317, -0.8445456027984619, 0.015950193628668785, -1.2022705078125], [0.0, 0.0, 0.0, 1.0]], [[0.9476841688156128, 0.3186780512332916, 0.01841225102543831, -1.138916015625], [0.012539281509816647, 0.02047102339565754, -0.999711811542511, 1.5621070861816406], [-0.31896308064460754, 0.9476419687271118, 0.015404070727527142, -0.1580810546875], [0.0, 0.0, 0.0, 1.0]], [[0.00918695330619812, 0.9998728632926941, 0.01303595956414938, -0.02880859375], [0.014680919237434864, 0.012900236062705517, -0.9998089671134949, 1.5688495635986328], [-0.9998500347137451, 0.009376632049679756, -0.014560540206730366, -0.00982666015625], [0.0, 0.0, 0.0, 1.0]], [[-0.9232847690582275, 0.3835293650627136, -0.02122223749756813, 1.0675048828125], [0.018888311460614204, -0.009850959293544292, -0.9997730255126953, 1.5497198104858398], [-0.38365137577056885, -0.9234760999679565, 0.0018510202644392848, -0.0811767578125], [0.0, 0.0, 0.0, 1.0]]], "view": [[0.0, -2.0, 100.0], [-2.0, 0.0, 100.0], [0.0, 0.0, 1.0]], "bev": "bev_fa26ae8c649a480494b60fc1aaab1ca2.png", "aux": "aux_fa26ae8c649a480494b60fc1aaab1ca2.npz", "visibility": "visibility_fa26ae8c649a480494b60fc1aaab1ca2.png", "pose": [[-0.7473708391189575, -0.6644071340560913, 0.0, 1330.64453125], [0.6644071340560913, -0.7473708391189575, 0.0, 1026.19189453125], [0.0, 0.0, 1.0, 0.0], [0.0, 0.0, 0.0, 1.0]], "pose_inverse": [[-0.7473708391189575, 0.6644071340560913, 0.0, 312.6756591796875], [-0.6644071340560913, -0.7473708391189575, 0.0, 1651.03564453125], [0.0, 0.0, 1.0, 0.0], [0.0, 0.0, 0.0, 1.0]], "cam_ids": [0, 1, 2, 3, 4, 5], "cam_channels": ["CAM_FRONT_LEFT", "CAM_FRONT", "CAM_FRONT_RIGHT", "CAM_BACK_LEFT", "CAM_BACK", "CAM_BACK_RIGHT"], "token": "fa26ae8c649a480494b60fc1aaab1ca2", "scene": "scene-0227"}, {"images": ["samples/CAM_FRONT_LEFT/n008-2018-07-27-12-07-38-0400__CAM_FRONT_LEFT__1532708052104799.jpg", "samples/CAM_FRONT/n008-2018-07-27-12-07-38-0400__CAM_FRONT__1532708052112404.jpg", "samples/CAM_FRONT_RIGHT/n008-2018-07-27-12-07-38-0400__CAM_FRONT_RIGHT__1532708052120482.jpg", "samples/CAM_BACK_LEFT/n008-2018-07-27-12-07-38-0400__CAM_BACK_LEFT__1532708052147405.jpg", "samples/CAM_BACK/n008-2018-07-27-12-07-38-0400__CAM_BACK__1532708052137558.jpg", "samples/CAM_BACK_RIGHT/n008-2018-07-27-12-07-38-0400__CAM_BACK_RIGHT__1532708052128113.jpg"], "intrinsics": [[[1257.8625342125129, 0.0, 827.2410631095686], [0.0, 1257.8625342125129, 450.915498205774], [0.0, 0.0, 1.0]], [[1252.8131021185304, 0.0, 826.588114781398], [0.0, 1252.8131021185304, 469.9846626224581], [0.0, 0.0, 1.0]], [[1256.7485116440405, 0.0, 817.7887570959712], [0.0, 1256.7485116440403, 451.9541780095127], [0.0, 0.0, 1.0]], [[1254.9860565800168, 0.0, 829.5769333630991], [0.0, 1254.9860565800168, 467.1680561863987], [0.0, 0.0, 1.0]], [[796.8910634503094, 0.0, 857.7774326863696], [0.0, 796.8910634503094, 476.8848988407415], [0.0, 0.0, 1.0]], [[1249.9629280788233, 0.0, 825.3768045375984], [0.0, 1249.9629280788233, 462.54816385708756], [0.0, 0.0, 1.0]]], "extrinsics": [[[0.821461021900177, -0.5701202750205994, 0.01283940952271223, -0.8341064453125], [0.02821233868598938, 0.01814204826951027, -0.9994373321533203, 1.494140625], [0.569566547870636, 0.8213610053062439, 0.030987409874796867, -1.215576171875], [0.0, 0.0, 0.0, 1.0]], [[0.009122992865741253, -0.9998636841773987, -0.013763945549726486, 0.007568359375], [0.03016837127506733, 0.014033464714884758, -0.9994463324546814, 1.4853706359863281], [0.9995032548904419, 0.008702749386429787, 0.03029228001832962, -1.5621337890625], [0.0, 0.0, 0.0, 1.0]], [[-0.8440089821815491, -0.5351783633232117, -0.03511515632271767, 0.97607421875], [0.03818659484386444, 0.0053425440564751625, -0.9992563724517822, 1.498260498046875], [0.5349679589271545, -0.8447222709655762, 0.015927482396364212, -1.204345703125], [0.0, 0.0, 0.0, 1.0]], [[0.9477373957633972, 0.3184957206249237, 0.018826104700565338, -1.1282958984375], [0.012972126714885235, 0.020491324365139008, -0.9997058510780334, 1.562255859375], [-0.3187878727912903, 0.9477028250694275, 0.015288823284208775, -0.1612548828125], [0.0, 0.0, 0.0, 1.0]], [[0.009366145357489586, 0.9998697638511658, 0.013149561360478401, -0.0284423828125], [0.015015103854238987, 0.013008029200136662, -0.9998025894165039, 1.5689411163330078], [-0.9998434782028198, 0.009561702609062195, -0.014891312457621098, -0.014251708984375], [0.0, 0.0, 0.0, 1.0]], [[-0.9231826066970825, 0.38376501202583313, -0.02140665426850319, 1.067291259765625], [0.019153062254190445, -0.009693295694887638, -0.9997695684432983, 1.5497503280639648], [-0.38388410210609436, -0.9233798980712891, 0.001598406583070755, -0.082275390625], [0.0, 0.0, 0.0, 1.0]]], "view": [[0.0, -2.0, 100.0], [-2.0, 0.0, 100.0], [0.0, 0.0, 1.0]], "bev": "bev_a40c93e1169341aba2ae240682d31825.png", "aux": "aux_a40c93e1169341aba2ae240682d31825.npz", "visibility": "visibility_a40c93e1169341aba2ae240682d31825.png", "pose": [[-0.756619393825531, -0.6538556218147278, 0.0, 1329.0330810546875], [0.6538556218147278, -0.756619393825531, 0.0, 1027.6297607421875], [0.0, 0.0, 1.0, 0.0], [0.0, 0.0, 0.0, 1.0]], "pose_inverse": [[-0.756619393825531, 0.6538556218147278, 0.0, 333.65069580078125], [-0.6538556218147278, -0.756619393825531, 0.0, 1646.520263671875], [0.0, 0.0, 1.0, 0.0], [0.0, 0.0, 0.0, 1.0]], "cam_ids": [0, 1, 2, 3, 4, 5], "cam_channels": ["CAM_FRONT_LEFT", "CAM_FRONT", "CAM_FRONT_RIGHT", "CAM_BACK_LEFT", "CAM_BACK", "CAM_BACK_RIGHT"], "token": "a40c93e1169341aba2ae240682d31825", "scene": "scene-0227"}, {"images": ["samples/CAM_FRONT_LEFT/n008-2018-07-27-12-07-38-0400__CAM_FRONT_LEFT__1532708052604799.jpg", "samples/CAM_FRONT/n008-2018-07-27-12-07-38-0400__CAM_FRONT__1532708052612404.jpg", "samples/CAM_FRONT_RIGHT/n008-2018-07-27-12-07-38-0400__CAM_FRONT_RIGHT__1532708052620482.jpg", "samples/CAM_BACK_LEFT/n008-2018-07-27-12-07-38-0400__CAM_BACK_LEFT__1532708052647405.jpg", "samples/CAM_BACK/n008-2018-07-27-12-07-38-0400__CAM_BACK__1532708052637558.jpg", "samples/CAM_BACK_RIGHT/n008-2018-07-27-12-07-38-0400__CAM_BACK_RIGHT__1532708052628113.jpg"], "intrinsics": [[[1257.8625342125129, 0.0, 827.2410631095686], [0.0, 1257.8625342125129, 450.915498205774], [0.0, 0.0, 1.0]], [[1252.8131021185304, 0.0, 826.588114781398], [0.0, 1252.8131021185304, 469.9846626224581], [0.0, 0.0, 1.0]], [[1256.7485116440405, 0.0, 817.7887570959712], [0.0, 1256.7485116440403, 451.9541780095127], [0.0, 0.0, 1.0]], [[1254.9860565800168, 0.0, 829.5769333630991], [0.0, 1254.9860565800168, 467.1680561863987], [0.0, 0.0, 1.0]], [[796.8910634503094, 0.0, 857.7774326863696], [0.0, 796.8910634503094, 476.8848988407415], [0.0, 0.0, 1.0]], [[1249.9629280788233, 0.0, 825.3768045375984], [0.0, 1249.9629280788233, 462.54816385708756], [0.0, 0.0, 1.0]]], "extrinsics": [[[0.8219521641731262, -0.5693492889404297, 0.015358660370111465, -0.8406982421875], [0.02950206957757473, 0.015630465000867844, -0.999442458152771, 1.4941215515136719], [0.5687918066978455, 0.8219470977783203, 0.029644478112459183, -1.2220458984375], [0.0, 0.0, 0.0, 1.0]], [[0.009889073669910431, -0.9998893737792969, -0.01111358031630516, 0.0087890625], [0.03141404315829277, 0.01141928881406784, -0.9994412660598755, 1.4853401184082031], [0.9994575381278992, 0.009534369222819805, 0.03152349218726158, -1.56951904296875], [0.0, 0.0, 0.0, 1.0]], [[-0.843650758266449, -0.5357723832130432, -0.03466062247753143, 0.981689453125], [0.03938654437661171, 0.002622605999931693, -0.999220609664917, 1.498178482055664], [0.5354457497596741, -0.8443583846092224, 0.018889661878347397, -1.2069091796875], [0.0, 0.0, 0.0, 1.0]], [[0.9476662874221802, 0.31871065497398376, 0.018765972927212715, -1.12945556640625], [0.013983333483338356, 0.017287783324718475, -0.9997527599334717, 1.5622482299804688], [-0.31895628571510315, 0.9476943612098694, 0.011926410719752312, -0.1612548828125], [0.0, 0.0, 0.0, 1.0]], [[0.00909185130149126, 0.9999070763587952, 0.010151540860533714, -0.02880859375], [0.016147375106811523, 0.010003827512264252, -0.9998195171356201, 1.5689563751220703], [-0.9998282790184021, 0.009254155680537224, -0.016054920852184296, -0.01141357421875], [0.0, 0.0, 0.0, 1.0]], [[-0.923323392868042, 0.3832992613315582, -0.023569824174046516, 1.0709228515625], [0.020323555916547775, -0.012517357245087624, -0.9997150897979736, 1.549788475036621], [-0.38348501920700073, -0.923539400100708, 0.0037675665225833654, -0.0797119140625], [0.0, 0.0, 0.0, 1.0]]], "view": [[0.0, -2.0, 100.0], [-2.0, 0.0, 100.0], [0.0, 0.0, 1.0]], "bev": "bev_b5d60e08b12840df955922a3ac5b4476.png", "aux": "aux_b5d60e08b12840df955922a3ac5b4476.npz", "visibility": "visibility_b5d60e08b12840df955922a3ac5b4476.png", "pose": [[-0.7651217579841614, -0.643885612487793, 0.0, 1327.3887939453125], [0.643885612487793, -0.7651217579841614, 0.0, 1029.05615234375], [0.0, 0.0, 1.0, 0.0], [0.0, 0.0, 0.0, 1.0]], "pose_inverse": [[-0.7651217579841614, 0.643885612487793, 0.0, 353.0196533203125], [-0.643885612487793, -0.7651217579841614, 0.0, 1642.039794921875], [0.0, 0.0, 1.0, 0.0], [0.0, 0.0, 0.0, 1.0]], "cam_ids": [0, 1, 2, 3, 4, 5], "cam_channels": ["CAM_FRONT_LEFT", "CAM_FRONT", "CAM_FRONT_RIGHT", "CAM_BACK_LEFT", "CAM_BACK", "CAM_BACK_RIGHT"], "token": "b5d60e08b12840df955922a3ac5b4476", "scene": "scene-0227"}, {"images": ["samples/CAM_FRONT_LEFT/n008-2018-07-27-12-07-38-0400__CAM_FRONT_LEFT__1532708053104799.jpg", "samples/CAM_FRONT/n008-2018-07-27-12-07-38-0400__CAM_FRONT__1532708053112404.jpg", "samples/CAM_FRONT_RIGHT/n008-2018-07-27-12-07-38-0400__CAM_FRONT_RIGHT__1532708053120482.jpg", "samples/CAM_BACK_LEFT/n008-2018-07-27-12-07-38-0400__CAM_BACK_LEFT__1532708053147405.jpg", "samples/CAM_BACK/n008-2018-07-27-12-07-38-0400__CAM_BACK__1532708053137558.jpg", "samples/CAM_BACK_RIGHT/n008-2018-07-27-12-07-38-0400__CAM_BACK_RIGHT__1532708053128113.jpg"], "intrinsics": [[[1257.8625342125129, 0.0, 827.2410631095686], [0.0, 1257.8625342125129, 450.915498205774], [0.0, 0.0, 1.0]], [[1252.8131021185304, 0.0, 826.588114781398], [0.0, 1252.8131021185304, 469.9846626224581], [0.0, 0.0, 1.0]], [[1256.7485116440405, 0.0, 817.7887570959712], [0.0, 1256.7485116440403, 451.9541780095127], [0.0, 0.0, 1.0]], [[1254.9860565800168, 0.0, 829.5769333630991], [0.0, 1254.9860565800168, 467.1680561863987], [0.0, 0.0, 1.0]], [[796.8910634503094, 0.0, 857.7774326863696], [0.0, 796.8910634503094, 476.8848988407415], [0.0, 0.0, 1.0]], [[1249.9629280788233, 0.0, 825.3768045375984], [0.0, 1249.9629280788233, 462.54816385708756], [0.0, 0.0, 1.0]]], "extrinsics": [[[0.8222874402999878, -0.568791389465332, 0.01788235455751419, -0.85784912109375], [0.027959100902080536, 0.008994116447865963, -0.9995685815811157, 1.4933185577392578], [0.5683852434158325, 0.8224326372146606, 0.02329864539206028, -1.2308349609375], [0.0, 0.0, 0.0, 1.0]], [[0.010307839140295982, -0.9999369382858276, -0.0044600702822208405, 0.0064697265625], [0.029973575845360756, 0.004767278674989939, -0.9995393753051758, 1.4846420288085938], [0.9994975924491882, 0.010169336572289467, 0.030020825564861298, -1.585418701171875], [0.0, 0.0, 0.0, 1.0]], [[-0.8435250520706177, -0.5362537503242493, -0.02995467372238636, 0.9915771484375], [0.03805547580122948, -0.004042897839099169, -0.9992673993110657, 1.4975333213806152], [0.5357397794723511, -0.8440471291542053, 0.023817678913474083, -1.215087890625], [0.0, 0.0, 0.0, 1.0]], [[0.9477158188819885, 0.3187394440174103, 0.015486829914152622, -1.13433837890625], [0.012707327492535114, 0.010797969065606594, -0.999860942363739, 1.562173843383789], [-0.31886231899261475, 0.9477807283401489, 0.0061830803751945496, -0.1593017578125], [0.0, 0.0, 0.0, 1.0]], [[0.009025235660374165, 0.999953031539917, 0.003500887658447027, -0.028076171875], [0.014835450798273087, 0.0033667469397187233, -0.9998842477798462, 1.5687952041625977], [-0.9998492002487183, 0.009076136164367199, -0.014804371632635593, -