[{"images": ["samples/CAM_FRONT_LEFT/n015-2018-11-14-18-57-54+0800__CAM_FRONT_LEFT__1542193081504844.jpg", "samples/CAM_FRONT/n015-2018-11-14-18-57-54+0800__CAM_FRONT__1542193081512460.jpg", "samples/CAM_FRONT_RIGHT/n015-2018-11-14-18-57-54+0800__CAM_FRONT_RIGHT__1542193081520347.jpg", "samples/CAM_BACK_LEFT/n015-2018-11-14-18-57-54+0800__CAM_BACK_LEFT__1542193081547423.jpg", "samples/CAM_BACK/n015-2018-11-14-18-57-54+0800__CAM_BACK__1542193081537525.jpg", "samples/CAM_BACK_RIGHT/n015-2018-11-14-18-57-54+0800__CAM_BACK_RIGHT__1542193081527893.jpg"], "intrinsics": [[[1272.5979470598488, 0.0, 826.6154927353808], [0.0, 1272.5979470598488, 479.75165386361925], [0.0, 0.0, 1.0]], [[1266.417203046554, 0.0, 816.2670197447984], [0.0, 1266.417203046554, 491.50706579294757], [0.0, 0.0, 1.0]], [[1260.8474446004698, 0.0, 807.968244525554], [0.0, 1260.8474446004698, 495.3344268742088], [0.0, 0.0, 1.0]], [[1256.7414812095406, 0.0, 792.1125740759628], [0.0, 1256.7414812095406, 492.7757465151356], [0.0, 0.0, 1.0]], [[809.2209905677063, 0.0, 829.2196003259838], [0.0, 809.2209905677063, 481.77842384512485], [0.0, 0.0, 1.0]], [[1259.5137405846733, 0.0, 807.2529053838625], [0.0, 1259.5137405846733, 501.19579884916527], [0.0, 0.0, 1.0]]], "extrinsics": [[[0.8207377791404724, -0.5713030695915222, 0.0015301632229238749, -0.85595703125], [-0.001591268228366971, -0.004964364692568779, -0.9999864101409912, 1.50803804397583], [0.5713028907775879, 0.8207241892814636, -0.004983537830412388, -1.20458984375], [0.0, 0.0, 0.0, 1.0]], [[0.005636502057313919, -0.9999436140060425, 0.008998468518257141, 0.005645751953125], [-0.006922081578522921, -0.009037411771714687, -0.9999352097511292, 1.519775390625], [0.99996018409729, 0.005573867354542017, -0.006972630973905325, -1.583251953125], [0.0, 0.0, 0.0, 1.0]], [[-0.8329759240150452, -0.553298830986023, -0.003407047362998128, 0.961669921875], [-0.0013308068737387657, 0.008160981349647045, -0.9999657869338989, 1.5035306215286255], [0.5533077716827393, -0.8329428434371948, -0.007534234318882227, -1.201904296875], [0.0, 0.0, 0.0, 1.0]], [[0.9477577209472656, 0.3189910352230072, -0.0002407472493359819, -1.142822265625], [0.007210940588265657, -0.022179014980793, -0.9997280240058899, 1.5885486602783203], [-0.31890958547592163, 0.9474982619285583, -0.023320555686950684, -0.10345458984375], [0.0, 0.0, 0.0, 1.0]], [[0.0024635405279695988, 0.9999222159385681, -0.012232211418449879, 0.0028076171875], [-0.01817469485104084, -0.012185457162559032, -0.9997605681419373, 1.5788078308105469], [-0.9998318552970886, 0.0026852553710341454, 0.01814325898885727, -0.02880859375], [0.0, 0.0, 0.0, 1.0]], [[-0.9347622394561768, 0.3550557792186737, -0.012451941147446632, 1.079345703125], [0.01451170351356268, 0.0031387226190418005, -0.9998897910118103, 1.552337646484375], [-0.35497763752937317, -0.9348399043083191, -0.008086424320936203, -0.085205078125], [0.0, 0.0, 0.0, 1.0]]], "view": [[0.0, -2.0, 100.0], [-2.0, 0.0, 100.0], [0.0, 0.0, 1.0]], "bev": "bev_8b6c00e4e92c4fe398d2719ea7cd20e0.png", "aux": "aux_8b6c00e4e92c4fe398d2719ea7cd20e0.npz", "visibility": "visibility_8b6c00e4e92c4fe398d2719ea7cd20e0.png", "pose": [[-0.3156188130378723, 0.9488860964775085, 0.0, 693.5386962890625], [-0.9488860964775085, -0.3156188130378723, 0.0, 3297.924072265625], [0.0, 0.0, 1.0, 0.0], [0.0, 0.0, 0.0, 1.0]], "pose_inverse": [[-0.3156188130378723, -0.9488860964775085, 0.0, 3348.248046875], [0.9488860964775085, -0.3156188130378723, 0.0, 382.79766845703125], [0.0, 0.0, 1.0, 0.0], [0.0, 0.0, 0.0, 1.0]], "cam_ids": [0, 1, 2, 3, 4, 5], "cam_channels": ["CAM_FRONT_LEFT", "CAM_FRONT", "CAM_FRONT_RIGHT", "CAM_BACK_LEFT", "CAM_BACK", "CAM_BACK_RIGHT"], "token": "8b6c00e4e92c4fe398d2719ea7cd20e0", "scene": "scene-0992"}, {"images": ["samples/CAM_FRONT_LEFT/n015-2018-11-14-18-57-54+0800__CAM_FRONT_LEFT__1542193082004844.jpg", "samples/CAM_FRONT/n015-2018-11-14-18-57-54+0800__CAM_FRONT__1542193082012460.jpg", "samples/CAM_FRONT_RIGHT/n015-2018-11-14-18-57-54+0800__CAM_FRONT_RIGHT__1542193082020339.jpg", "samples/CAM_BACK_LEFT/n015-2018-11-14-18-57-54+0800__CAM_BACK_LEFT__1542193082047423.jpg", "samples/CAM_BACK/n015-2018-11-14-18-57-54+0800__CAM_BACK__1542193082037525.jpg", "samples/CAM_BACK_RIGHT/n015-2018-11-14-18-57-54+0800__CAM_BACK_RIGHT__1542193082027893.jpg"], "intrinsics": [[[1272.5979470598488, 0.0, 826.6154927353808], [0.0, 1272.5979470598488, 479.75165386361925], [0.0, 0.0, 1.0]], [[1266.417203046554, 0.0, 816.2670197447984], [0.0, 1266.417203046554, 491.50706579294757], [0.0, 0.0, 1.0]], [[1260.8474446004698, 0.0, 807.968244525554], [0.0, 1260.8474446004698, 495.3344268742088], [0.0, 0.0, 1.0]], [[1256.7414812095406, 0.0, 792.1125740759628], [0.0, 1256.7414812095406, 492.7757465151356], [0.0, 0.0, 1.0]], [[809.2209905677063, 0.0, 829.2196003259838], [0.0, 809.2209905677063, 481.77842384512485], [0.0, 0.0, 1.0]], [[1259.5137405846733, 0.0, 807.2529053838625], [0.0, 1259.5137405846733, 501.19579884916527], [0.0, 0.0, 1.0]]], "extrinsics": [[[0.8206173181533813, -0.5714741349220276, 0.002125066239386797, -0.843017578125], [-0.002544226124882698, -0.007371876854449511, -0.9999696016311646, 1.5078716278076172], [0.5714724063873291, 0.8205869793891907, -0.007503449451178312, -1.1953125], [0.0, 0.0, 0.0, 1.0]], [[0.005518737249076366, -0.9999198913574219, 0.011391907930374146, 0.005889892578125], [-0.00788679625838995, -0.011435250751674175, -0.9999035596847534, 1.5195674896240234], [0.9999536871910095, 0.005428320728242397, -0.007949273101985455, -1.570068359375], [0.0, 0.0, 0.0, 1.0]], [[-0.8330057859420776, -0.5532628297805786, -0.0012721809325739741, 0.95263671875], [-0.0023061190731823444, 0.0057715196162462234, -0.9999806880950928, 1.5034232139587402], [0.5532594919204712, -0.8329866528511047, -0.006083598360419273, -1.19580078125], [0.0, 0.0, 0.0, 1.0]], [[0.9477538466453552, 0.3189968168735504, -0.0019159308867529035, -1.143310546875], [0.006266110576689243, -0.024621065706014633, -0.9996772408485413, 1.588547706604004], [-0.31894102692604065, 0.9474359154701233, -0.025333579629659653, -0.1033935546875], [0.0, 0.0, 0.0, 1.0]], [[0.002400884637609124, 0.9998900890350342, -0.014630050398409367, 0.00299072265625], [-0.019119469448924065, -0.01458151824772358, -0.9997108578681946, 1.5786819458007812], [-0.9998143315315247, 0.0026799116749316454, 0.019082359969615936, -0.033203125], [0.0, 0.0, 0.0, 1.0]], [[-0.9347829222679138, 0.355003297328949, -0.01239449717104435, 1.071044921875], [0.01354430802166462, 0.0007538764621131122, -0.9999080300331116, 1.5523872375488281], [-0.3549612760543823, -0.9348648190498352, -0.005512984935194254, -0.08837890625], [0.0, 0.0, 0.0, 1.0]]], "view": [[0.0, -2.0, 100.0], [-2.0, 0.0, 100.0], [0.0, 0.0, 1.0]], "bev": "bev_a45609e9d88c42e7b4df9e1408c70a70.png", "aux": "aux_a45609e9d88c42e7b4df9e1408c70a70.npz", "visibility": "visibility_a45609e9d88c42e7b4df9e1408c70a70.png", "pose": [[-0.3127416968345642, 0.9498382210731506, 0.0, 693.0003051757812], [-0.9498382210731506, -0.3127416968345642, 0.0, 3296.30322265625], [0.0, 0.0, 1.0, 0.0], [0.0, 0.0, 0.0, 1.0]], "pose_inverse": [[-0.3127416968345642, -0.9498382210731506, 0.0, 3347.684814453125], [0.9498382210731506, -0.3127416968345642, 0.0, 372.6533203125], [0.0, 0.0, 1.0, 0.0], [0.0, 0.0, 0.0, 1.0]], "cam_ids": [0, 1, 2, 3, 4, 5], "cam_channels": ["CAM_FRONT_LEFT", "CAM_FRONT", "CAM_FRONT_RIGHT", "CAM_BACK_LEFT", "CAM_BACK", "CAM_BACK_RIGHT"], "token": "a45609e9d88c42e7b4df9e1408c70a70", "scene": "scene-0992"}, {"images": ["samples/CAM_FRONT_LEFT/n015-2018-11-14-18-57-54+0800__CAM_FRONT_LEFT__1542193082504844.jpg", "samples/CAM_FRONT/n015-2018-11-14-18-57-54+0800__CAM_FRONT__1542193082512460.jpg", "samples/CAM_FRONT_RIGHT/n015-2018-11-14-18-57-54+0800__CAM_FRONT_RIGHT__1542193082520339.jpg", "samples/CAM_BACK_LEFT/n015-2018-11-14-18-57-54+0800__CAM_BACK_LEFT__1542193082547423.jpg", "samples/CAM_BACK/n015-2018-11-14-18-57-54+0800__CAM_BACK__1542193082537525.jpg", "samples/CAM_BACK_RIGHT/n015-2018-11-14-18-57-54+0800__CAM_BACK_RIGHT__1542193082527893.jpg"], "intrinsics": [[[1272.5979470598488, 0.0, 826.6154927353808], [0.0, 1272.5979470598488, 479.75165386361925], [0.0, 0.0, 1.0]], [[1266.417203046554, 0.0, 816.2670197447984], [0.0, 1266.417203046554, 491.50706579294757], [0.0, 0.0, 1.0]], [[1260.8474446004698, 0.0, 807.968244525554], [0.0, 1260.8474446004698, 495.3344268742088], [0.0, 0.0, 1.0]], [[1256.7414812095406, 0.0, 792.1125740759628], [0.0, 1256.7414812095406, 492.7757465151356], [0.0, 0.0, 1.0]], [[809.2209905677063, 0.0, 829.2196003259838], [0.0, 809.2209905677063, 481.77842384512485], [0.0, 0.0, 1.0]], [[1259.5137405846733, 0.0, 807.2529053838625], [0.0, 1259.5137405846733, 501.19579884916527], [0.0, 0.0, 1.0]]], "extrinsics": [[[0.8202824592590332, -0.5719584226608276, -0.00041402250644750893, -0.8271484375], [-0.005021527409553528, -0.006477852817624807, -0.9999663829803467, 1.5074043273925781], [0.5719364881515503, 0.8202570080757141, -0.008185774087905884, -1.184326171875], [0.0, 0.0, 0.0, 1.0]], [[0.005068023223429918, -0.999932050704956, 0.010496295057237148, 0.006072998046875], [-0.010333847254514694, -0.010548240505158901, -0.9998909831047058, 1.5191154479980469], [0.9999337792396545, 0.004959022160619497, -0.010386603884398937, -1.5546875], [0.0, 0.0, 0.0, 1.0]], [[-0.833209216594696, -0.5529578328132629, 0.00025229205493815243, 0.944091796875], [-0.004713504575192928, 0.006646172143518925, -0.9999668002128601, 1.5031414031982422], [0.5529378056526184, -0.8331827521324158, -0.008144019171595573, -1.18994140625], [0.0, 0.0, 0.0, 1.0]], [[0.9477511048316956, 0.31898778676986694, -0.0038234300445765257, -1.14208984375], [0.00394552992656827, -0.023705316707491875, -0.9997112154960632, 1.5885558128356934], [-0.31898626685142517, 0.9474623799324036, -0.023725317791104317, -0.103759765625], [0.0, 0.0, 0.0, 1.0]], [[0.002500059548765421, 0.9999023675918579, -0.013754885643720627, 0.002777099609375], [-0.02147277630865574, -0.013698079623281956, -0.9996756315231323, 1.5785446166992188], [-0.9997662901878357, 0.002794610569253564, 0.021436430513858795, -0.0361328125], [0.0, 0.0, 0.0, 1.0]], [[-0.93471759557724, 0.3552544116973877, -0.009861373342573643, 1.0654296875], [0.011164780706167221, 0.0016190405003726482, -0.9999363422393799, 1.5522994995117188], [-0.355215847492218, -0.9347683191299438, -0.005479684565216303, -0.09033203125], [0.0, 0.0, 0.0, 1.0]]], "view": [[0.0, -2.0, 100.0], [-2.0, 0.0, 100.0], [0.0, 0.0, 1.0]], "bev": "bev_d03d944f51a54d99a9418bb709266f0c.png", "aux": "aux_d03d944f51a54d99a9418bb709266f0c.npz", "visibility": "visibility_d03d944f51a54d99a9418bb709266f0c.png", "pose": [[-0.3064614534378052, 0.95188307762146, 0.0, 692.3931884765625], [-0.95188307762146, -0.3064614534378052, 0.0, 3294.44970703125], [0.0, 0.0, 1.0, 0.0], [0.0, 0.0, 0.0, 1.0]], "pose_inverse": [[-0.3064614534378052, -0.95188307762146, 0.0, 3348.122802734375], [0.95188307762146, -0.3064614534378052, 0.0, 350.5445251464844], [0.0, 0.0, 1.0, 0.0], [0.0, 0.0, 0.0, 1.0]], "cam_ids": [0, 1, 2, 3, 4, 5], "cam_channels": ["CAM_FRONT_LEFT", "CAM_FRONT", "CAM_FRONT_RIGHT", "CAM_BACK_LEFT", "CAM_BACK", "CAM_BACK_RIGHT"], "token": "d03d944f51a54d99a9418bb709266f0c", "scene": "scene-0992"}, {"images": ["samples/CAM_FRONT_LEFT/n015-2018-11-14-18-57-54+0800__CAM_FRONT_LEFT__1542193083004844.jpg", "samples/CAM_FRONT/n015-2018-11-14-18-57-54+0800__CAM_FRONT__1542193083012460.jpg", "samples/CAM_FRONT_RIGHT/n015-2018-11-14-18-57-54+0800__CAM_FRONT_RIGHT__1542193083020339.jpg", "samples/CAM_BACK_LEFT/n015-2018-11-14-18-57-54+0800__CAM_BACK_LEFT__1542193083047423.jpg", "samples/CAM_BACK/n015-2018-11-14-18-57-54+0800__CAM_BACK__1542193083037525.jpg", "samples/CAM_BACK_RIGHT/n015-2018-11-14-18-57-54+0800__CAM_BACK_RIGHT__1542193083027893.jpg"], "intrinsics": [[[1272.5979470598488, 0.0, 826.6154927353808], [0.0, 1272.5979470598488, 479.75165386361925], [0.0, 0.0, 1.0]], [[1266.417203046554, 0.0, 816.2670197447984], [0.0, 1266.417203046554, 491.50706579294757], [0.0, 0.0, 1.0]], [[1260.8474446004698, 0.0, 807.968244525554], [0.0, 1260.8474446004698, 495.3344268742088], [0.0, 0.0, 1.0]], [[1256.7414812095406, 0.0, 792.1125740759628], [0.0, 1256.7414812095406, 492.7757465151356], [0.0, 0.0, 1.0]], [[809.2209905677063, 0.0, 829.2196003259838], [0.0, 809.2209905677063, 481.77842384512485], [0.0, 0.0, 1.0]], [[1259.5137405846733, 0.0, 807.2529053838625], [0.0, 1259.5137405846733, 501.19579884916527], [0.0, 0.0, 1.0]]], "extrinsics": [[[0.8203251361846924, -0.5718881487846375, -0.003266161773353815, -0.810791015625], [-0.008034864440560341, -0.005814426112920046, -0.9999508261680603, 1.506753921508789], [0.5718408823013306, 0.8203110694885254, -0.009364763274788857, -1.17431640625], [0.0, 0.0, 0.0, 1.0]], [[0.005133999977260828, -0.9999398589134216, 0.009688057005405426, 0.006866455078125], [-0.013415109366178513, -0.009756183251738548, -0.9998624920845032, 1.5184745788574219], [0.9998968243598938, 0.005003283731639385, -0.01346439030021429, -1.538330078125], [0.0, 0.0, 0.0, 1.0]], [[-0.8332080841064453, -0.5529544949531555, 0.002367098815739155, 0.932373046875], [-0.007865715771913528, 0.007571727503091097, -0.9999403357505798, 1.5026893615722656], [0.5529035925865173, -0.8331770300865173, -0.010658207349479198, -1.181396484375], [0.0, 0.0, 0.0, 1.0]], [[0.9477325081825256, 0.3189972937107086, -0.006619209423661232, -1.13818359375], [0.0004952156450599432, -0.022216202691197395, -0.9997530579566956, 1.5885629653930664], [-0.31906554102897644, 0.9474952816963196, -0.021212991327047348, -0.10516357421875], [0.0, 0.0, 0.0, 1.0]], [[0.002502145478501916, 0.9999187588691711, -0.012496375478804111, 0.002655029296875], [-0.024807393550872803, -0.01243050117045641, -0.999614953994751, 1.5782012939453125], [-0.9996891021728516, 0.0028112144209444523, 0.024774275720119476, -0.044921875], [0.0, 0.0, 0.0, 1.0]], [[-0.9347283244132996, 0.3553042411804199, -0.006461831275373697, 1.0537109375], [0.007932358421385288, 0.0026821945793926716, -0.9999648928642273, 1.552145004272461], [-0.3552744388580322, -0.9347469210624695, -0.005325523670762777, -0.0943603515625], [0.0, 0.0, 0.0, 1.0]]], "view": [[0.0, -2.0, 100.0], [-2.0, 0.0, 100.0], [0.0, 0.0, 1.0]], "bev": "bev_11a409964a4e45a6ae900ffba6909953.png", "aux": "aux_11a409964a4e45a6ae900ffba6909953.npz", "visibility": "visibility_11a409964a4e45a6ae900ffba6909953.png", "pose": [[-0.29880523681640625, 0.954314112663269, 0.0, 691.7453002929688], [-0.954314112663269, -0.29880523681640625, 0.0, 3292.43896484375], [0.0, 0.0, 1.0, 0.0], [0.0, 0.0, 0.0, 1.0]], "pose_inverse": [[-0.29880523681640625, -0.954314112663269, 0.0, 3348.718017578125], [0.954314112663269, -0.29880523681640625, 0.0, 323.65570068359375], [0.0, 0.0, 1.0, 0.0], [0.0, 0.0, 0.0, 1.0]], "cam_ids": [0, 1, 2, 3, 4, 5], "cam_channels": ["CAM_FRONT_LEFT", "CAM_FRONT", "CAM_FRONT_RIGHT", "CAM_BACK_LEFT", "CAM_BACK", "CAM_BACK_RIGHT"], "token": "11a409964a4e45a6ae900ffba6909953", "scene": "scene-0992"}, {"images": ["samples/CAM_FRONT_LEFT/n015-2018-11-14-18-57-54+0800__CAM_FRONT_LEFT__1542193083505934.jpg", "samples/CAM_FRONT/n015-2018-11-14-18-57-54+0800__CAM_FRONT__1542193083512460.jpg", "samples/CAM_FRONT_RIGHT/n015-2018-11-14-18-57-54+0800__CAM_FRONT_RIGHT__1542193083520339.jpg", "samples/CAM_BACK_LEFT/n015-2018-11-14-18-57-54+0800__CAM_BACK_LEFT__1542193083547423.jpg", "samples/CAM_BACK/n015-2018-11-14-18-57-54+0800__CAM_BACK__1542193083537525.jpg", "samples/CAM_BACK_RIGHT/n015-2018-11-14-18-57-54+0800__CAM_BACK_RIGHT__1542193083527893.jpg"], "intrinsics": [[[1272.5979470598488, 0.0, 826.6154927353808], [0.0, 1272.5979470598488, 479.75165386361925], [0.0, 0.0, 1.0]], [[1266.417203046554, 0.0, 816.2670197447984], [0.0, 1266.417203046554, 491.50706579294757], [0.0, 0.0, 1.0]], [[1260.8474446004698, 0.0, 807.968244525554], [0.0, 1260.8474446004698, 495.3344268742088], [0.0, 0.0, 1.0]], [[1256.7414812095406, 0.0, 792.1125740759628], [0.0, 1256.7414812095406, 492.7757465151356], [0.0, 0.0, 1.0]], [[809.2209905677063, 0.0, 829.2196003259838], [0.0, 809.2209905677063, 481.77842384512485], [0.0, 0.0, 1.0]], [[1259.5137405846733, 0.0, 807.2529053838625], [0.0, 1259.5137405846733, 501.19579884916527], [0.0, 0.0, 1.0]]], "extrinsics": [[[0.8198906779289246, -0.5724219679832458, -0.010601530782878399, -0.820068359375], [-0.015858188271522522, -0.004195987246930599, -0.9998654723167419, 1.5054550170898438], [0.5723004937171936, 0.8199484348297119, -0.012517825700342655, -1.18017578125], [0.0, 0.0, 0.0, 1.0]], [[0.004632192198187113, -0.9999550580978394, 0.00827210396528244, 0.006378173828125], [-0.021333757787942886, -0.00836912915110588, -0.9997373819351196, 1.5173568725585938], [0.9997616410255432, 0.004454475827515125, -0.021371563896536827, -1.54296875], [0.0, 0.0, 0.0, 1.0]], [[-0.8334159255027771, -0.5525816082954407, 0.008453171700239182, 0.935546875], [-0.01590437814593315, 0.00869225524365902, -0.999835729598999, 1.5017814636230469], [0.5524173974990845, -0.8334134221076965, -0.016032731160521507, -1.183837890625], [0.0, 0.0, 0.0, 1.0]], [[0.9477349519729614, 0.31872299313545227, -0.014635039493441582, -1.1396484375], [-0.007963839918375015, -0.022224169224500656, -0.9997212886810303, 1.5885295867919922], [-0.31895941495895386, 0.9475873112678528, -0.01852435991168022, -0.104248046875], [0.0, 0.0, 0.0, 1.0]], [[0.0026749735698103905, 0.9999234080314636, -0.012087475508451462, 0.00274658203125], [-0.03312643989920616, -0.011992276646196842, -0.9993792772293091, 1.5778732299804688], [-0.9994475841522217, 0.003073738422244787, 0.03309182450175285, -0.04296875], [0.0, 0.0, 0.0, 1.0]], [[-0.9346274137496948, 0.3556254208087921, 0.001473002484999597, 1.056884765625], [-0.0002364672691328451, 0.0035205131862312555, -0.9999937415122986, 1.5514240264892578], [-0.3556284010410309, -0.9346219897270203, -0.003206274937838316, -0.0933837890625], [0.0, 0.0, 0.0, 1.0]]], "view": [[0.0, -2.0, 100.0], [-2.0, 0.0, 100.0], [0.0, 0.0, 1.0]], "bev": "bev_a9123649ee844388b8bce19bcd5d0c50.png", "aux": "aux_a9123649ee844388b8bce19bcd5d0c50.npz", "visibility": "visibility_a9123649ee844388b8bce19bcd5d0c50.png", "pose": [[-0.2861057221889496, 0.958198070526123, 0.0, 691.1052856445312], [-0.958198070526123, -0.2861057221889496, 0.0, 3290.377685546875], [0.0, 0.0, 1.0, 0.0], [0.0, 0.0, 0.0, 1.0]], "pose_inverse": [[-0.2861057221889496, -0.958198070526123, 0.0, 3350.562744140625], [0.958198070526123, -0.2861057221889496, 0.0, 279.1800842285156], [0.0, 0.0, 1.0, 0.0], [0.0, 0.0, 0.0, 1.0]], "cam_ids": [0, 1, 2, 3, 4, 5], "cam_channels": ["CAM_FRONT_LEFT", "CAM_FRONT", "CAM_FRONT_RIGHT", "CAM_BACK_LEFT", "CAM_BACK", "CAM_BACK_RIGHT"], "token": "a9123649ee844388b8bce19bcd5d0c50", "scene": "scene-0992"}, {"images": ["samples/CAM_FRONT_LEFT/n015-2018-11-14-18-57-54+0800__CAM_FRONT_LEFT__1542193084004844.jpg", "samples/CAM_FRONT/n015-2018-11-14-18-57-54+0800__CAM_FRONT__1542193084012460.jpg", "samples/CAM_FRONT_RIGHT/n015-2018-11-14-18-57-54+0800__CAM_FRONT_RIGHT__1542193084020339.jpg", "samples/CAM_BACK_LEFT/n015-2018-11-14-18-57-54+0800__CAM_BACK_LEFT__1542193084047423.jpg", "samples/CAM_BACK/n015-2018-11-14-18-57-54+0800__CAM_BACK__1542193084037525.jpg", "samples/CAM_BACK_RIGHT/n015-2018-11-14-18-57-54+0800__CAM_BACK_RIGHT__1542193084027893.jpg"], "intrinsics": [[[1272.5979470598488, 0.0, 826.6154927353808], [0.0, 1272.5979470598488, 479.75165386361925], [0.0, 0.0, 1.0]], [[1266.417203046554, 0.0, 816.2670197447984], [0.0, 1266.417203046554, 491.50706579294757], [0.0, 0.0, 1.0]], [[1260.8474446004698, 0.0, 807.968244525554], [0.0, 1260.8474446004698, 495.3344268742088], [0.0, 0.0, 1.0]], [[1256.7414812095406, 0.0, 792.1125740759628], [0.0, 1256.7414812095406, 492.7757465151356], [0.0, 0.0, 1.0]], [[809.2209905677063, 0.0, 829.2196003259838], [0.0, 809.2209905677063, 481.77842384512485], [0.0, 0.0, 1.0]], [[1259.5137405846733, 0.0, 807.2529053838625], [0.0, 1259.5137405846733, 501.19579884916527], [0.0, 0.0, 1.0]]], "extrinsics": [[[0.8198309540748596, -0.5723229050636292, -0.017992882058024406, -0.822021484375], [-0.02589995414018631, -0.005673419684171677, -0.9996484518051147, 1.5037384033203125], [0.572019636631012, 0.8200086355209351, -0.01947438344359398, -1.18115234375], [0.0, 0.0, 0.0, 1.0]], [[0.00486284913495183, -0.9999420046806335, 0.009602890349924564, 0.0062408447265625], [-0.03129297122359276, -0.009750468656420708, -0.9994627237319946, 1.5160446166992188], [0.9994984269142151, 0.004559732042253017, -0.03133857250213623, -1.548828125], [0.0, 0.0, 0.0, 1.0]], [[-0.8332344889640808, -0.5526472926139832, 0.017356889322400093, 0.939208984375], [-0.025753173977136612, 0.007432916667312384, -0.9996406435966492, 1.5007705688476562], [0.5523197054862976, -0.8333820700645447, -0.020425785332918167, -1.1866455078125], [0.0, 0.0, 0.0, 1.0]], [[0.9474979639053345, 0.31886914372444153, -0.02387290634214878, -1.138916015625], [-0.017430610954761505, -0.02304227277636528, -0.9995824694633484, 1.5885009765625], [-0.319286048412323, 0.9475185871124268, -0.016274424269795418, -0.10479736328125], [0.0, 0.0, 0.0, 1.0]], [[0.002480397466570139, 0.9999115467071533, -0.013068241998553276, 0.0027008056640625], [-0.04271442070603371, -0.012950414791703224, -0.9990034103393555, 1.5775299072265625], [-0.9990842342376709, 0.00303613836877048, 0.04267852008342743, -0.041015625], [0.0, 0.0, 0.0, 1.0]], [[-0.9345903992652893, 0.35558000206947327, 0.010174022056162357, 1.059814453125], [-0.009974629618227482, 0.00239409226924181, -0.9999474287033081, 1.5506324768066406], [-0.35558563470840454, -0.9346427917480469, 0.0013092819135636091, -0.09228515625], [0.0, 0.0, 0.0, 1.0]]], "view": [[0.0, -2.0, 100.0], [-2.0, 0.0, 100.0], [0.0, 0.0, 1.0]], "bev": "bev_c92924ae534c4bed9a9c3d315d17e4ae.png", "aux": "aux_c92924ae534c4bed9a9c3d315d17e4ae.npz", "visibility": "visibility_c92924ae534c4bed9a9c3d315d17e4ae.png", "pose": [[-0.27409839630126953, 0.9617016315460205, 0.0, 690.5105590820312], [-0.9617016315460205, -0.27409839630126953, 0.0, 3288.37939453125], [0.0, 0.0, 1.0, 0.0], [0.0, 0.0, 0.0, 1.0]], "pose_inverse": [[-0.27409839630126953, -0.9617016315460205, 0.0, 3351.707763671875], [0.9617016315460205, -0.27409839630126953, 0.0, 237.2744140625], [0.0, 0.0, 1.0, 0.0], [0.0, 0.0, 0.0, 1.0]], "cam_ids": [0, 1, 2, 3, 4, 5], "cam_channels": ["CAM_FRONT_LEFT", "CAM_FRONT", "CAM_FRONT_RIGHT", "CAM_BACK_LEFT", "CAM_BACK", "CAM_BACK_RIGHT"], "token": "c92924ae534c4bed9a9c3d315d17e4ae", "scene": "scene-0992"}, {"images": ["samples/CAM_FRONT_LEFT/n015-2018-11-14-18-57-54+0800__CAM_FRONT_LEFT__1542193084504844.jpg", "samples/CAM_FRONT/n015-2018-11-14-18-57-54+0800__CAM_FRONT__1542193084512460.jpg", "samples/CAM_FRONT_RIGHT/n015-2018-11-14-18-57-54+0800__CAM_FRONT_RIGHT__1542193084520339.jpg", "samples/CAM_BACK_LEFT/n015-2018-11-14-18-57-54+0800__CAM_BACK_LEFT__1542193084547423.jpg", "samples/CAM_BACK/n015-2018-11-14-18-57-54+0800__CAM_BACK__1542193084537525.jpg", "samples/CAM_BACK_RIGHT/n015-2018-11-14-18-57-54+0800__CAM_BACK_RIGHT__1542193084527893.jpg"], "intrinsics": [[[1272.5979470598488, 0.0, 826.6154927353808], [0.0, 1272.5979470598488, 479.75165386361925], [0.0, 0.0, 1.0]], [[1266.417203046554, 0.0, 816.2670197447984], [0.0, 1266.417203046554, 491.50706579294757], [0.0, 0.0, 1.0]], [[1260.8474446004698, 0.0, 807.968244525554], [0.0, 1260.8474446004698, 495.3344268742088], [0.0, 0.0, 1.0]], [[1256.7414812095406, 0.0, 792.1125740759628], [0.0, 1256.7414812095406, 492.7757465151356], [0.0, 0.0, 1.0]], [[809.2209905677063, 0.0, 829.2196003259838], [0.0, 809.2209905677063, 481.77842384512485], [0.0, 0.0, 1.0]], [[1259.5137405846733, 0.0, 807.2529053838625], [0.0, 1259.5137405846733, 501.19579884916527], [0.0, 0.0, 1.0]]], "extrinsics": [[[0.819990873336792, -0.5719195008277893, -0.022868687286973, -0.822998046875], [-0.03667796030640602, -0.012631354853510857, -0.9992473125457764, 1.5019760131835938], [0.5712001919746399, 0.8202124834060669, -0.03133443742990494, -1.18359375], [0.0, 0.0, 0.0, 1.0]], [[0.0055801598355174065, -0.9998477101325989, 0.016535403206944466, 0.0072021484375], [-0.04219900816679001, -0.01675638183951378, -0.9989687204360962, 1.5146026611328125], [0.9990935921669006, 0.004876617807894945, -0.04228607937693596, -1.55126953125], [0.0, 0.0, 0.0, 1.0]], [[-0.8327021598815918, -0.5528826117515564, 0.030460838228464127, 0.941650390625], [-0.03680834919214249, 0.0003801914572250098, -0.999322235584259, 1.4996185302734375], [0.5524963736534119, -0.8332590460777283, -0.02066728286445141, -1.1873779296875], [0.0, 0.0, 0.0, 1.0]], [[0.9471911787986755, 0.31851649284362793, -0.0370950847864151, -1.1396484375], [-0.028973927721381187, -0.03019854798913002, -0.9991238713264465, 1.5884933471679688], [-0.31935766339302063, 0.9474361538887024, -0.01937512867152691, -0.10467529296875], [0.0, 0.0, 0.0, 1.0]], [[0.0021042432636022568, 0.999792754650116, -0.0202525332570076, 0.002349853515625], [-0.0540723018348217, -0.02010919153690338, -0.998334527015686, 1.5771636962890625], [-0.9985347390174866, 0.0031958355102688074, 0.0540187731385231, -0.0390625], [0.0, 0.0, 0.0, 1.0]], [[-0.9345739483833313, 0.3553074896335602, 0.01811523362994194, 1.06201171875], [-0.02116895653307438, -0.004708544351160526, -0.9997648596763611, 1.5497894287109375], [-0.3551386296749115, -0.9347376227378845, 0.011921968311071396, -0.091064453125], [0.0, 0.0, 0.0, 1.0]]], "view": [[0.0, -2.0, 100.0], [-2.0, 0.0, 100.0], [0.0, 0.0, 1.0]], "bev": "bev_8caf3c604eae4a439c31f720ee580b7c.png", "aux": "aux_8caf3c604eae4a439c31f720ee580b7c.npz", "visibility": "visibility_8caf3c604eae4a439c31f720ee580b7c.png", "pose": [[-0.26885971426963806, 0.963179349899292, 0.0, 689.9280395507812], [-0.963179349899292, -0.26885971426963806, 0.0, 3286.372314453125], [0.0, 0.0, 1.0, 0.0], [0.0, 0.0, 0.0, 1.0]], "pose_inverse": [[-0.26885971426963806, -0.963179349899292, 0.0, 3350.85986328125], [0.963179349899292, -0.26885971426963806, 0.0, 219.04864501953125], [0.0, 0.0, 1.0, 0.0], [0.0, 0.0, 0.0, 1.0]], "cam_ids": [0, 1, 2, 3, 4, 5], "cam_channels": ["CAM_FRONT_LEFT", "CAM_FRONT", "CAM_FRONT_RIGHT", "CAM_BACK_LEFT", "CAM_BACK", "CAM_BACK_RIGHT"], "token": "8caf3c604eae4a439c31f720ee580b7c", "scene": "scene-0992"}, {"images": ["samples/CAM_FRONT_LEFT/n015-2018-11-14-18-57-54+0800__CAM_FRONT_LEFT__1542193085004844.jpg", "samples/CAM_FRONT/n015-2018-11-14-18-57-54+0800__CAM_FRONT__1542193085012460.jpg", "samples/CAM_FRONT_RIGHT/n015-2018-11-14-18-57-54+0800__CAM_FRONT_RIGHT__1542193085020339.jpg", "samples/CAM_BACK_LEFT/n015-2018-11-14-18-57-54+0800__CAM_BACK_LEFT__1542193085047423.jpg", "samples/CAM_BACK/n015-2018-11-14-18-57-54+0800__CAM_BACK__1542193085037525.jpg", "samples/CAM_BACK_RIGHT/n015-2018-11-14-18-57-54+0800__CAM_BACK_RIGHT__1542193085027893.jpg"], "intrinsics": [[[1272.5979470598488, 0.0, 826.6154927353808], [0.0, 1272.5979470598488, 479.75165386361925], [0.0, 0.0, 1.0]], [[1266.417203046554, 0.0, 816.2670197447984], [0.0, 1266.417203046554, 491.50706579294757], [0.0, 0.0, 1.0]], [[1260.8474446004698, 0.0, 807.968244525554], [0.0, 1260.8474446004698, 495.3344268742088], [0.0, 0.0, 1.0]], [[1256.7414812095406, 0.0, 792.1125740759628], [0.0, 1256.7414812095406, 492.7757465151356], [0.0, 0.0, 1.0]], [[809.2209905677063, 0.0, 829.2196003259838], [0.0, 809.2209905677063, 481.77842384512485], [0.0, 0.0, 1.0]], [[1259.5137405846733, 0.0, 807.2529053838625], [0.0, 1259.5137405846733, 501.19579884916527], [0.0, 0.0, 1.0]]], "extrinsics": [[[0.8199687600135803, -0.5717507004737854, -0.02742866426706314, -0.831787109375], [-0.04398608207702637, -0.015160901471972466, -0.9989171028137207, 1.50115966796875], [0.5707156658172607, 0.82028728723526, -0.037580542266368866, -1.189208984375], [0.0, 0.0, 0.0, 1.0]], [[0.005936575122177601, -0.9998024702072144, 0.01896592043340206, 0.00701904296875], [-0.049272648990154266, -0.019235683605074883, -0.9986001253128052, 1.5140380859375], [0.9987677931785583, 0.004993780981749296, -0.04937710613012314, -1.56005859375], [0.0, 0.0, 0.0, 1.0]], [[-0.832367479801178, -0.5529541373252869, 0.03749917820096016, 0.947509765625], [-0.04364863783121109, -0.002046560635790229, -0.9990448355674744, 1.4991607666015625], [0.5525026917457581, -0.833209216594696, -0.022432202473282814, -1.1910400390625], [0.0, 0.0, 0.0, 1.0]], [[0.9468579888343811, 0.31870007514953613, -0.04347699135541916, -1.146728515625], [-0.0349472276866436, -0.03243638575077057, -0.998862624168396, 1.5887222290039062], [-0.31974780559539795, 0.9473004937171936, -0.01957496628165245, -0.1021728515625], [0.0, 0.0, 0.0, 1.0]], [[0.0017997423419728875, 0.9997437596321106, -0.02256719395518303, 0.0025482177734375], [-0.06036487966775894, -0.02241746336221695, -0.9979246258735657, 1.5771942138671875], [-0.9981747269630432, 0.0031582596711814404, 0.06030905619263649, -0.0341796875], [0.0, 0.0, 0.0, 1.0]], [[-0.9344866275787354, 0.3552248477935791, 0.023453185334801674, 1.066650390625], [-0.02777906320989132, -0.007081750314682722, -0.9995889663696289, 1.5494155883789062], [-0.35491275787353516, -0.9347541332244873, 0.016485612839460373, -0.0894775390625], [0.0, 0.0, 0.0, 1.0]]], "view": [[0.0, -2.0, 100.0], [-2.0, 0.0, 100.0], [0.0, 0.0, 1.0]], "bev": "bev_9e9f1dcc38d844d1897685ca6124ca27.png", "aux": "aux_9e9f1dcc38d844d1897685ca6124ca27.npz", "visibility": "visibility_9e9f1dcc38d844d1897685ca6124ca27.png", "pose": [[-0.26660189032554626, 0.9638067483901978, 0.0, 689.3765258789062], [-0.9638067483901978, -0.26660189032554626, 0.0, 3284.4326171875], [0.0, 0.0, 1.0, 0.0], [0.0, 0.0, 0.0, 1.0]], "pose_inverse": [[-0.26660189032554626, -0.9638067483901978, 0.0, 3349.347412109375], [0.9638067483901978, -0.26660189032554626, 0.0, 211.21017456054688], [0.0, 0.0, 1.0, 0.0], [0.0, 0.0, 0.0, 1.0]], "cam_ids": [0, 1, 2, 3, 4, 5], "cam_channels": ["CAM_FRONT_LEFT", "CAM_FRONT", "CAM_FRONT_RIGHT", "CAM_BACK_LEFT", "CAM_BACK", "CAM_BACK_RIGHT"], "token": "9e9f1dcc38d844d1897685ca6124ca27", "scene": "scene-0992"}, {"images": ["samples/CAM_FRONT_LEFT/n015-2018-11-14-18-57-54+0800__CAM_FRONT_LEFT__1542193085504844.jpg", "samples/CAM_FRONT/n015-2018-11-14-18-57-54+0800__CAM_FRONT__1542193085512460.jpg", "samples/CAM_FRONT_RIGHT/n015-2018-11-14-18-57-54+0800__CAM_FRONT_RIGHT__1542193085520339.jpg", "samples/CAM_BACK_LEFT/n015-2018-11-14-18-57-54+0800__CAM_BACK_LEFT__1542193085547423.jpg", "samples/CAM_BACK/n015-2018-11-14-18-57-54+0800__CAM_BACK__1542193085537525.jpg", "samples/CAM_BACK_RIGHT/n015-2018-11-14-18-57-54+0800__CAM_BACK_RIGHT__1542193085527893.jpg"], "intrinsics": [[[1272.5979470598488, 0.0, 826.6154927353808], [0.0, 1272.5979470598488, 479.75165386361925], [0.0, 0.0, 1.0]], [[1266.417203046554, 0.0, 816.2670197447984], [0.0, 1266.417203046554, 491.50706579294757], [0.0, 0.0, 1.0]], [[1260.8474446004698, 0.0, 807.968244525554], [0.0, 1260.8474446004698, 495.3344268742088], [0.0, 0.0, 1.0]], [[1256.7414812095406, 0.0, 792.1125740759628], [0.0, 1256.7414812095406, 492.7757465151356], [0.0, 0.0, 1.0]], [[809.2209905677063, 0.0, 829.2196003259838], [0.0, 809.2209905677063, 481.77842384512485], [0.0, 0.0, 1.0]], [[1259.5137405846733, 0.0, 807.2529053838625], [0.0, 1259.5137405846733, 501.19579884916527], [0.0, 0.0, 1.0]]], "extrinsics": [[[0.8203042149543762, -0.5711942911148071, -0.028947575017809868, -0.827880859375], [-0.04666486755013466, -0.016399405896663666, -0.9987759590148926, 1.5005340576171875], [0.5700204372406006, 0.8206510543823242, -0.040107205510139465, -1.186767578125], [0.0, 0.0, 0.0, 1.0]], [[0.006580657791346312, -0.9997740387916565, 0.020210161805152893, 0.007049560546875], [-0.05200142785906792, -0.02052539587020874, -0.9984360933303833, 1.51348876953125], [0.9986253380775452, 0.005519445054233074, -0.0521247498691082, -1.556396484375], [0.0, 0.0, 0.0, 1.0]], [[-0.832001268863678, -0.5532892942428589, 0.04055638238787651, 0.945068359375], [-0.046442218124866486, -0.0033841372933238745, -0.9989151954650879, 1.498748779296875], [0.5528264045715332, -0.8329821825027466, -0.022880375385284424, -1.189697265625], [0.0, 0.0, 0.0, 1.0]], [[0.9466880559921265, 0.3187395930290222, -0.046763088554143906, -1.147216796875], [-0.037932388484478, -0.03385980799794197, -0.9987064599990845, 1.5887603759765625], [-0.3199107050895691, 0.9472373723983765, -0.019964123144745827, -0.102294921875], [0.0, 0.0, 0.0, 1.0]], [[0.001516409101895988, 0.9997116923332214, -0.023964498192071915, 0.002471923828125], [-0.06325726956129074, -0.023820634931325912, -0.9977129697799683, 1.5770721435546875], [-0.9979961514472961, 0.003028889186680317, 0.06320290267467499, -0.034423828125], [0.0, 0.0, 0.0, 1.0]], [[-0.9345388412475586, 0.35493704676628113, 0.02562868595123291, 1.06494140625], [-0.030622083693742752, -0.008457195945084095, -0.999495267868042, 1.5491409301757812], [-0.35454121232032776, -0.9348519444465637, 0.018772490322589874, -0.0899658203125], [0.0, 0.0, 0.0, 1.0]]], "view": [[0.0, -2.0, 100.0], [-2.0, 0.0, 100.0], [0.0, 0.0, 1.0]], "bev": "bev_2b287decf39d44abbf8208694a38ab00.png", "aux": "aux_2b287decf39d44abbf8208694a38ab00.npz", "visibility": "visibility_2b287decf39d44abbf8208694a38ab00.png", "pose": [[-0.26559531688690186, 0.9640846252441406, 0.0, 688.8182983398438], [-0.9640846252441406, -0.26559531688690186, 0.0, 3282.461669921875], [0.0, 0.0, 1.0, 0.0], [0.0, 0.0, 0.0, 1.0]], "pose_inverse": [[-0.26559531688690186, -0.9640846252441406, 0.0, 3347.517578125], [0.9640846252441406, -0.26559531688690186, 0.0, 207.72735595703125], [0.0, 0.0, 1.0, 0.0], [0.0, 0.0, 0.0, 1.0]], "cam_ids": [0, 1, 2, 3, 4, 5], "cam_channels": ["CAM_FRONT_LEFT", "CAM_FRONT", "CAM_FRONT_RIGHT", "CAM_BACK_LEFT", "CAM_BACK", "CAM_BACK_RIGHT"], "token": "2b287decf39d44abbf8208694a38ab00", "scene": "scene-0992"}, {"images": ["samples/CAM_FRONT_LEFT/n015-2018-11-14-18-57-54+0800__CAM_FRONT_LEFT__1542193086004844.jpg", "samples/CAM_FRONT/n015-2018-11-14-18-57-54+0800__CAM_FRONT__1542193086012460.jpg", "samples/CAM_FRONT_RIGHT/n015-2018-11-14-18-57-54+0800__CAM_FRONT_RIGHT__1542193086020339.jpg", "samples/CAM_BACK_LEFT/n015-2018-11-14-18-57-54+0800__CAM_BACK_LEFT__1542193086047423.jpg", "samples/CAM_BACK/n015-2018-11-14-18-57-54+0800__CAM_BACK__1542193086037525.jpg", "samples/CAM_BACK_RIGHT/n015-2018-11-14-18-57-54+0800__CAM_BACK_RIGHT__1542193086027893.jpg"], "intrinsics": [[[1272.5979470598488, 0.0, 826.6154927353808], [0.0, 1272.5979470598488, 479.75165386361925], [0.0, 0.0, 1.0]], [[1266.417203046554, 0.0, 816.2670197447984], [0.0, 1266.417203046554, 491.50706579294757], [0.0, 0.0, 1.0]], [[1260.8474446004698, 0.0, 807.968244525554], [0.0, 1260.8474446004698, 495.3344268742088], [0.0, 0.0, 1.0]], [[1256.7414812095406, 0.0, 792.1125740759628], [0.0, 1256.7414812095406, 492.7757465151356], [0.0, 0.0, 1.0]], [[809.2209905677063, 0.0, 829.2196003259838], [0.0, 809.2209905677063, 481.77842384512485], [0.0, 0.0, 1.0]], [[1259.5137405846733, 0.0, 807.2529053838625], [0.0, 1259.5137405846733, 501.19579884916527], [0.0, 0.0, 1.0]]], "extrinsics": [[[0.8198936581611633, -0.5717149972915649, -0.030272210016846657, -0.82763671875], [-0.04635808244347572, -0.01359389629215002, -0.9988323450088501, 1.50048828125], [0.5706359148025513, 0.8203397393226624, -0.03764915466308594, -1.18505859375], [0.0, 0.0, 0.0, 1.0]], [[0.005951732862740755, -0.9998335242271423, 0.01724303513765335, 0.006103515625], [-0.05123639851808548, -0.017525598406791687, -0.998532772064209, 1.51348876953125], [0.9986687898635864, 0.005059503950178623, -0.051332179456949234, -1.5546875], [0.0, 0.0, 0.0, 1.0]], [[-0.8323299288749695, -0.5529929995536804, 0.03775574266910553, 0.942626953125], [-0.0451909564435482, -0.00018695001199375838, -0.998978316783905, 1.4987945556640625], [0.5524351000785828, -0.8331859111785889, -0.024834679439663887, -1.1893310546875], [0.0, 0.0, 0.0, 1.0]], [[0.9469225406646729, 0.31862929463386536, -0.04258143529295921, -1.1435546875], [-0.03485313802957535, -0.02991962805390358, -0.9989444613456726, 1.588592529296875], [-0.3195669651031494, 0.9474071264266968, -0.017226342111825943, -0.10296630859375], [0.0, 0.0, 0.0, 1.0]], [[0.0018945205956697464, 0.9997918009757996, -0.02031576819717884, 0.0028839111328125], [-0.060883358120918274, -0.02016279473900795, -0.997941255569458, 1.5769805908203125], [-0.9981430172920227, 0.0031275302171707153, 0.06083248555660248, -0.037109375], [0.0, 0.0, 0.0, 1.0]], [[-0.934440553188324, 0.3552263379096985, 0.02520124614238739, 1.063720703125], [-0.028884349390864372, -0.005068038124591112, -0.9995699524879456, 1.5492095947265625], [-0.3549458086490631, -0.9347665905952454, 0.014996260404586792, -0.091064453125], [0.0, 0.0, 0.0, 1.0]]], "view": [[0.0, -2.0, 100.0], [-2.0, 0.0, 100.0], [0.0, 0.0, 1.0]], "bev": "bev_9e3d01f769bc48fd988be7b421bedb45.png", "aux": "aux_9e3d01f769bc48fd988be7b421bedb45.npz", "visibility": "visibility_9e3d01f769bc48fd988be7b421bedb45.png", "pose": [[-0.2656503915786743, 0.9640694260597229, 0.0, 688.2739868164062], [-0.9640694260597229, -0.2656503915786743, 0.0, 3280.523193359375], [0.0, 0.0, 1.0, 0.0], [0.0, 0.0, 0.0, 1.0]], "pose_inverse": [[-0.2656503915786743, -0.9640694260597229, 0.0, 3345.492431640625], [0.9640694260597229, -0.2656503915786743, 0.0, 207.92837524414062], [0.0, 0.0, 1.0, 0.0], [0.0, 0.0, 0.0, 1.0]], "cam_ids": [0, 1, 2, 3, 4, 5], "cam_channels": ["CAM_FRONT_LEFT", "CAM_FRONT", "CAM_FRONT_RIGHT", "CAM_BACK_LEFT", "CAM_BACK", "CAM_BACK_RIGHT"], "token": "9e3d01f769bc48fd988be7b421bedb45", "scene": "scene-0992"}, {"images": ["samples/CAM_FRONT_LEFT/n015-2018-11-14-18-57-54+0800__CAM_FRONT_LEFT__1542193086504844.jpg", "samples/CAM_FRONT/n015-2018-11-14-18-57-54+0800__CAM_FRONT__1542193086512460.jpg", "samples/CAM_FRONT_RIGHT/n015-2018-11-14-18-57-54+0800__CAM_FRONT_RIGHT__1542193086520339.jpg", "samples/CAM_BACK_LEFT/n015-2018-11-14-18-57-54+0800__CAM_BACK_LEFT__1542193086547423.jpg", "samples/CAM_BACK/n015-2018-11-14-18-57-54+0800__CAM_BACK__1542193086537525.jpg", "samples/CAM_BACK_RIGHT/n015-2018-11-14-18-57-54+0800__CAM_BACK_RIGHT__1542193086527893.jpg"], "intrinsics": [[[1272.5979470598488, 0.0, 826.6154927353808], [0.0, 1272.5979470598488, 479.75165386361925], [0.0, 0.0, 1.0]], [[1266.417203046554, 0.0, 816.2670197447984], [0.0, 1266.417203046554, 491.50706579294757], [0.0, 0.0, 1.0]], [[1260.8474446004698, 0.0, 807.968244525554], [0.0, 1260.8474446004698, 495.3344268742088], [0.0, 0.0, 1.0]], [[1256.7414812095406, 0.0, 792.1125740759628], [0.0, 1256.7414812095406, 492.7757465151356], [0.0, 0.0, 1.0]], [[809.2209905677063, 0.0, 829.2196003259838], [0.0, 809.2209905677063, 481.77842384512485], [0.0, 0.0, 1.0]], [[1259.5137405846733, 0.0, 807.2529053838625], [0.0, 1259.5137405846733, 501.19579884916527], [0.0, 0.0, 1.0]]], "extrinsics": [[[0.820782482624054, -0.571229875087738, -0.0035331682302057743, -0.820556640625], [-0.012962034903466702, -0.012440548278391361, -0.9998385906219482, 1.5059700012207031], [0.571093738079071, 0.8206957578659058, -0.017615286633372307, -1.179931640625], [0.0, 0.0, 0.0, 1.0]], [[0.005903822369873524, -0.9998440146446228, 0.01663961447775364, 0.0064239501953125], [-0.018391408026218414, -0.016745654866099358, -0.9996906518936157, 1.5178794860839844], [0.999813437461853, 0.005595996044576168, -0.01848740316927433, -1.547119140625], [0.0, 0.0, 0.0, 1.0]], [[-0.832859218120575, -0.5533826947212219, 0.010633585043251514, 0.937744140625], [-0.012907542288303375, 0.00021227051911409944, -0.9999166131019592, 1.5021743774414062], [0.5533342957496643, -0.8329270482063293, -0.0073195998556911945, -1.185546875], [0.0, 0.0, 0.0, 1.0]], [[0.9476732015609741, 0.31891003251075745, -0.01455795019865036, -1.13623046875], [-0.004938124679028988, -0.03095252625644207, -0.9995086789131165, 1.588531494140625], [-0.3192039132118225, 0.9472793936729431, -0.02775806002318859, -0.10589599609375], [0.0, 0.0, 0.0, 1.0]], [[0.002170486841350794, 0.999783456325531, -0.020696520805358887, 0.0027923583984375], [-0.03004838339984417, -0.020622016862034798, -0.9993357062339783, 1.5779953002929688], [-0.9995460510253906, 