[{"images": ["samples/CAM_FRONT_LEFT/n008-2018-09-18-12-53-31-0400__CAM_FRONT_LEFT__1537289927504799.jpg", "samples/CAM_FRONT/n008-2018-09-18-12-53-31-0400__CAM_FRONT__1537289927512404.jpg", "samples/CAM_FRONT_RIGHT/n008-2018-09-18-12-53-31-0400__CAM_FRONT_RIGHT__1537289927520482.jpg", "samples/CAM_BACK_LEFT/n008-2018-09-18-12-53-31-0400__CAM_BACK_LEFT__1537289927547405.jpg", "samples/CAM_BACK/n008-2018-09-18-12-53-31-0400__CAM_BACK__1537289927537558.jpg", "samples/CAM_BACK_RIGHT/n008-2018-09-18-12-53-31-0400__CAM_BACK_RIGHT__1537289927528113.jpg"], "intrinsics": [[[1257.8625342125129, 0.0, 827.2410631095686], [0.0, 1257.8625342125129, 450.915498205774], [0.0, 0.0, 1.0]], [[1252.8131021185304, 0.0, 826.588114781398], [0.0, 1252.8131021185304, 469.9846626224581], [0.0, 0.0, 1.0]], [[1256.7485116440405, 0.0, 817.7887570959712], [0.0, 1256.7485116440403, 451.9541780095127], [0.0, 0.0, 1.0]], [[1254.9860565800168, 0.0, 829.5769333630991], [0.0, 1254.9860565800168, 467.1680561863987], [0.0, 0.0, 1.0]], [[796.8910634503094, 0.0, 857.7774326863696], [0.0, 796.8910634503094, 476.8848988407415], [0.0, 0.0, 1.0]], [[1249.9629280788233, 0.0, 825.3768045375984], [0.0, 1249.9629280788233, 462.54816385708756], [0.0, 0.0, 1.0]]], "extrinsics": [[[0.8223719596862793, -0.5683509111404419, 0.026108507066965103, -0.98779296875], [0.026452254503965378, -0.007644952274858952, -0.9996208548545837, 1.4888451099395752], [0.5683350563049316, 0.8227508068084717, 0.008747167885303497, -1.3216552734375], [0.0, 0.0, 0.0, 1.0]], [[0.01033246424049139, -0.9998747110366821, 0.011992436833679676, 0.0057373046875], [0.028440294787287712, -0.01169437263160944, -0.999527096748352, 1.4806632995605469], [0.9995421171188354, 0.010668650269508362, 0.028315898030996323, -1.71722412109375], [0.0, 0.0, 0.0, 1.0]], [[-0.843591570854187, -0.5366163849830627, -0.019902899861335754, 1.078857421875], [0.036493267863988876, -0.02031223475933075, -0.9991274476051331, 1.4935760498046875], [0.5357439517974854, -0.8435817956924438, 0.03671811521053314, -1.2703857421875], [0.0, 0.0, 0.0, 1.0]], [[0.947813868522644, 0.31869634985923767, 0.009026496671140194, -1.14373779296875], [0.011159209534525871, -0.004866780713200569, -0.9999259114265442, 1.5620436668395996], [-0.3186289072036743, 0.947844386100769, -0.008169202134013176, -0.1563720703125], [0.0, 0.0, 0.0, 1.0]], [[0.009205861017107964, 0.9998809099197388, -0.012389031238853931, -0.02880859375], [0.013272590935230255, -0.012510644271969795, -0.9998336434364319, 1.568129539489746], [-0.9998695850372314, 0.009039952419698238, -0.01338618341833353, 0.03887939453125], [0.0, 0.0, 0.0, 1.0]], [[-0.9234342575073242, 0.38260936737060547, -0.029651835560798645, 1.15155029296875], [0.017453907057642937, -0.03531353175640106, -0.9992238283157349, 1.5479888916015625], [-0.38335952162742615, -0.9232350587844849, 0.025931695476174355, -0.0474853515625], [0.0, 0.0, 0.0, 1.0]]], "view": [[0.0, -2.0, 100.0], [-2.0, 0.0, 100.0], [0.0, 0.0, 1.0]], "bev": "bev_8251e6bd704c486aaa0bc84ee83a12c5.png", "aux": "aux_8251e6bd704c486aaa0bc84ee83a12c5.npz", "visibility": "visibility_8251e6bd704c486aaa0bc84ee83a12c5.png", "pose": [[-0.7619644403457642, -0.6476188898086548, 0.0, 1316.88623046875], [0.6476188898086548, -0.7619644403457642, 0.0, 1038.0152587890625], [0.0, 0.0, 1.0, 0.0], [0.0, 0.0, 0.0, 1.0]], "pose_inverse": [[-0.7619644403457642, 0.6476188898086548, 0.0, 331.1821594238281], [-0.6476188898086548, -0.7619644403457642, 0.0, 1643.7711181640625], [0.0, 0.0, 1.0, 0.0], [0.0, 0.0, 0.0, 1.0]], "cam_ids": [0, 1, 2, 3, 4, 5], "cam_channels": ["CAM_FRONT_LEFT", "CAM_FRONT", "CAM_FRONT_RIGHT", "CAM_BACK_LEFT", "CAM_BACK", "CAM_BACK_RIGHT"], "token": "8251e6bd704c486aaa0bc84ee83a12c5", "scene": "scene-0465"}, {"images": ["samples/CAM_FRONT_LEFT/n008-2018-09-18-12-53-31-0400__CAM_FRONT_LEFT__1537289928004799.jpg", "samples/CAM_FRONT/n008-2018-09-18-12-53-31-0400__CAM_FRONT__1537289928012404.jpg", "samples/CAM_FRONT_RIGHT/n008-2018-09-18-12-53-31-0400__CAM_FRONT_RIGHT__1537289928020482.jpg", "samples/CAM_BACK_LEFT/n008-2018-09-18-12-53-31-0400__CAM_BACK_LEFT__1537289928047405.jpg", "samples/CAM_BACK/n008-2018-09-18-12-53-31-0400__CAM_BACK__1537289928037558.jpg", "samples/CAM_BACK_RIGHT/n008-2018-09-18-12-53-31-0400__CAM_BACK_RIGHT__1537289928028113.jpg"], "intrinsics": [[[1257.8625342125129, 0.0, 827.2410631095686], [0.0, 1257.8625342125129, 450.915498205774], [0.0, 0.0, 1.0]], [[1252.8131021185304, 0.0, 826.588114781398], [0.0, 1252.8131021185304, 469.9846626224581], [0.0, 0.0, 1.0]], [[1256.7485116440405, 0.0, 817.7887570959712], [0.0, 1256.7485116440403, 451.9541780095127], [0.0, 0.0, 1.0]], [[1254.9860565800168, 0.0, 829.5769333630991], [0.0, 1254.9860565800168, 467.1680561863987], [0.0, 0.0, 1.0]], [[796.8910634503094, 0.0, 857.7774326863696], [0.0, 796.8910634503094, 476.8848988407415], [0.0, 0.0, 1.0]], [[1249.9629280788233, 0.0, 825.3768045375984], [0.0, 1249.9629280788233, 462.54816385708756], [0.0, 0.0, 1.0]]], "extrinsics": [[[0.822407066822052, -0.568746030330658, 0.013217461295425892, -0.9501953125], [0.02006780542433262, 0.005783473141491413, -0.9997818470001221, 1.489633560180664], [0.5685454607009888, 0.8224928975105286, 0.016169849783182144, -1.295166015625], [0.0, 0.0, 0.0, 1.0]], [[0.010247691534459591, -0.999946117401123, -0.0016556052723899484, 0.0057373046875], [0.02192869409918785, 0.0018800240941345692, -0.9997577667236328, 1.48138427734375], [0.9997069835662842, 0.01020892709493637, 0.021946778520941734, -1.679168701171875], [0.0, 0.0, 0.0, 1.0]], [[-0.8437691926956177, -0.5362687110900879, -0.021663488820195198, 1.0537109375], [0.029848717153072357, -0.006586368661373854, -0.9995326995849609, 1.4943654537200928], [0.5358754992485046, -0.8440215587615967, 0.021564310416579247, -1.25439453125], [0.0, 0.0, 0.0, 1.0]], [[0.9478487968444824, 0.3186447024345398, 0.006946704350411892, -1.14215087890625], [0.004272513557225466, 0.009090553037822247, -0.99994957447052, 1.5620498657226562], [-0.3186917304992676, 0.9478306174278259, 0.007255055010318756, -0.15673828125], [0.0, 0.0, 0.0, 1.0]], [[0.009142572060227394, 0.9999570250511169, 0.0015130452811717987, -0.0283203125], [0.006458466872572899, 0.0014540289994329214, -0.9999780654907227, 1.5681734085083008], [-0.9999372959136963, 0.0091520631685853, -0.006444897502660751, 0.027008056640625], [0.0, 0.0, 0.0, 1.0]], [[-0.9235843420028687, 0.3829670250415802, -0.018117152154445648, 1.13128662109375], [0.010714405216276646, -0.021454285830259323, -0.9997124075889587, 1.5481510162353516], [-0.3832455575466156, -0.923512876033783, 0.015711579471826553, -0.0560302734375], [0.0, 0.0, 0.0, 1.0]]], "view": [[0.0, -2.0, 100.0], [-2.0, 0.0, 100.0], [0.0, 0.0, 1.0]], "bev": "bev_8883e8a6b623496992e4b2f0699a476c.png", "aux": "aux_8883e8a6b623496992e4b2f0699a476c.npz", "visibility": "visibility_8883e8a6b623496992e4b2f0699a476c.png", "pose": [[-0.7624214291572571, -0.6470807790756226, 0.0, 1316.5009765625], [0.6470807790756226, -0.7624214291572571, 0.0, 1038.3431396484375], [0.0, 0.0, 1.0, 0.0], [0.0, 0.0, 0.0, 1.0]], "pose_inverse": [[-0.7624214291572571, 0.6470807790756226, 0.0, 331.8367004394531], [-0.6470807790756226, -0.7624214291572571, 0.0, 1643.53759765625], [0.0, 0.0, 1.0, 0.0], [0.0, 0.0, 0.0, 1.0]], "cam_ids": [0, 1, 2, 3, 4, 5], "cam_channels": ["CAM_FRONT_LEFT", "CAM_FRONT", "CAM_FRONT_RIGHT", "CAM_BACK_LEFT", "CAM_BACK", "CAM_BACK_RIGHT"], "token": "8883e8a6b623496992e4b2f0699a476c", "scene": "scene-0465"}, {"images": ["samples/CAM_FRONT_LEFT/n008-2018-09-18-12-53-31-0400__CAM_FRONT_LEFT__1537289928504799.jpg", "samples/CAM_FRONT/n008-2018-09-18-12-53-31-0400__CAM_FRONT__1537289928512404.jpg", "samples/CAM_FRONT_RIGHT/n008-2018-09-18-12-53-31-0400__CAM_FRONT_RIGHT__1537289928520482.jpg", "samples/CAM_BACK_LEFT/n008-2018-09-18-12-53-31-0400__CAM_BACK_LEFT__1537289928547405.jpg", "samples/CAM_BACK/n008-2018-09-18-12-53-31-0400__CAM_BACK__1537289928537558.jpg", "samples/CAM_BACK_RIGHT/n008-2018-09-18-12-53-31-0400__CAM_BACK_RIGHT__1537289928528113.jpg"], "intrinsics": [[[1257.8625342125129, 0.0, 827.2410631095686], [0.0, 1257.8625342125129, 450.915498205774], [0.0, 0.0, 1.0]], [[1252.8131021185304, 0.0, 826.588114781398], [0.0, 1252.8131021185304, 469.9846626224581], [0.0, 0.0, 1.0]], [[1256.7485116440405, 0.0, 817.7887570959712], [0.0, 1256.7485116440403, 451.9541780095127], [0.0, 0.0, 1.0]], [[1254.9860565800168, 0.0, 829.5769333630991], [0.0, 1254.9860565800168, 467.1680561863987], [0.0, 0.0, 1.0]], [[796.8910634503094, 0.0, 857.7774326863696], [0.0, 796.8910634503094, 476.8848988407415], [0.0, 0.0, 1.0]], [[1249.9629280788233, 0.0, 825.3768045375984], [0.0, 1249.9629280788233, 462.54816385708756], [0.0, 0.0, 1.0]]], "extrinsics": [[[0.8223350644111633, -0.5680733323097229, 0.03252439945936203, -0.90179443359375], [0.029182417318224907, -0.014979011379182339, -0.999461829662323, 1.4919624328613281], [0.5682548880577087, 0.8228415846824646, 0.004259988199919462, -1.2615966796875], [0.0, 0.0, 0.0, 1.0]], [[0.01032283902168274, -0.9997598528862, 0.019330786541104317, 0.0062255859375], [0.031191783025860786, -0.01900046318769455, -0.999332845211029, 1.4834365844726562], [0.9994601011276245, 0.010918945074081421, 0.03098815120756626, -1.629791259765625], [0.0, 0.0, 0.0, 1.0]], [[-0.8435408473014832, -0.536751925945282, -0.018336951732635498, 1.0208740234375], [0.0392661951482296, -0.027585946023464203, -0.9988479018211365, 1.4962997436523438], [0.5356277227401733, -0.8432890772819519, 0.044346075505018234, -1.2337646484375], [0.0, 0.0, 0.0, 1.0]], [[0.9478096961975098, 0.3186960816383362, 0.009464588016271591, -1.14056396484375], [0.01393816526979208, -0.011759530752897263, -0.9998337030410767, 1.5620899200439453], [-0.3185317814350128, 0.9477840065956116, -0.015587837435305119, -0.1573486328125], [0.0, 0.0, 0.0, 1.0]], [[0.00930193904787302, 0.9997674822807312, -0.019454557448625565, -0.0284423828125], [0.016121963039040565, -0.019602810963988304, -0.999677836894989, 1.5685844421386719], [-0.9998267889022827, 0.008985278196632862, -0.016300557181239128, 0.011627197265625], [0.0, 0.0, 0.0, 1.0]], [[-0.9233337044715881, 0.3823995590209961, -0.03500689938664436, 1.105224609375], [0.020257990807294846, -0.04252920672297478, -0.9988898038864136, 1.5490226745605469], [-0.3834637999534607, -0.9230177998542786, 0.0315219983458519, -0.0670166015625], [0.0, 0.0, 0.0, 1.0]]], "view": [[0.0, -2.0, 100.0], [-2.0, 0.0, 100.0], [0.0, 0.0, 1.0]], "bev": "bev_b44b39648b1843289cc6e3d0ea1e82ec.png", "aux": "aux_b44b39648b1843289cc6e3d0ea1e82ec.npz", "visibility": "visibility_b44b39648b1843289cc6e3d0ea1e82ec.png", "pose": [[-0.7635629773139954, -0.6457333564758301, 0.0, 1315.6236572265625], [0.6457333564758301, -0.7635629773139954, 0.0, 1039.0838623046875], [0.0, 0.0, 1.0, 0.0], [0.0, 0.0, 0.0, 1.0]], "pose_inverse": [[-0.7635629773139954, 0.6457333564758301, 0.0, 333.59039306640625], [-0.6457333564758301, -0.7635629773139954, 0.0, 1642.947998046875], [0.0, 0.0, 1.0, 0.0], [0.0, 0.0, 0.0, 1.0]], "cam_ids": [0, 1, 2, 3, 4, 5], "cam_channels": ["CAM_FRONT_LEFT", "CAM_FRONT", "CAM_FRONT_RIGHT", "CAM_BACK_LEFT", "CAM_BACK", "CAM_BACK_RIGHT"], "token": "b44b39648b1843289cc6e3d0ea1e82ec", "scene": "scene-0465"}, {"images": ["samples/CAM_FRONT_LEFT/n008-2018-09-18-12-53-31-0400__CAM_FRONT_LEFT__1537289929004799.jpg", "samples/CAM_FRONT/n008-2018-09-18-12-53-31-0400__CAM_FRONT__1537289929012404.jpg", "samples/CAM_FRONT_RIGHT/n008-2018-09-18-12-53-31-0400__CAM_FRONT_RIGHT__1537289929020482.jpg", "samples/CAM_BACK_LEFT/n008-2018-09-18-12-53-31-0400__CAM_BACK_LEFT__1537289929047405.jpg", "samples/CAM_BACK/n008-2018-09-18-12-53-31-0400__CAM_BACK__1537289929037570.jpg", "samples/CAM_BACK_RIGHT/n008-2018-09-18-12-53-31-0400__CAM_BACK_RIGHT__1537289929028113.jpg"], "intrinsics": [[[1257.8625342125129, 0.0, 827.2410631095686], [0.0, 1257.8625342125129, 450.915498205774], [0.0, 0.0, 1.0]], [[1252.8131021185304, 0.0, 826.588114781398], [0.0, 1252.8131021185304, 469.9846626224581], [0.0, 0.0, 1.0]], [[1256.7485116440405, 0.0, 817.7887570959712], [0.0, 1256.7485116440403, 451.9541780095127], [0.0, 0.0, 1.0]], [[1254.9860565800168, 0.0, 829.5769333630991], [0.0, 1254.9860565800168, 467.1680561863987], [0.0, 0.0, 1.0]], [[796.8910634503094, 0.0, 857.7774326863696], [0.0, 796.8910634503094, 476.8848988407415], [0.0, 0.0, 1.0]], [[1249.9629280788233, 0.0, 825.3768045375984], [0.0, 1249.9629280788233, 462.54816385708756], [0.0, 0.0, 1.0]]], "extrinsics": [[[0.822396457195282, -0.5682467818260193, 0.02756398916244507, -0.87066650390625], [0.03779894486069679, 0.006233141291886568, -0.9992659091949463, 1.4944725036621094], [0.5676578283309937, 0.8228346705436707, 0.026605241000652313, -1.240478515625], [0.0, 0.0, 0.0, 1.0]], [[0.01083303987979889, -0.9999394416809082, -0.0019425021018832922, 0.0067138671875], [0.04012378305196762, 0.002375736366957426, -0.99919193983078, 1.4856300354003906], [0.9991359710693359, 0.010746260173618793, 0.0401470847427845, -1.598541259765625], [0.0, 0.0, 0.0, 1.0]], [[-0.8429504632949829, -0.536668062210083, -0.037709593772888184, 1.00048828125], [0.04852701351046562, -0.00603984110057354, -0.9988035559654236, 1.4982600212097168], [0.535798192024231, -0.8437719345092773, 0.031134184449911118, -1.22021484375], [0.0, 0.0, 0.0, 1.0]], [[0.9474311470985413, 0.31896811723709106, 0.02517053484916687, -1.137451171875], [0.02343977428972721, 0.0092641431838274, -0.9996823072433472, 1.5622081756591797], [-0.31909996271133423, 0.9477201104164124, 0.0013005974469706416, -0.158203125], [0.0, 0.0, 0.0, 1.0]], [[0.008713868446648121, 0.9999600052833557, 0.002061068546026945, -0.028564453125], [0.02554677426815033, 0.0018378569511696696, -0.9996718764305115, 1.5691728591918945], [-0.9996356964111328, 0.0087636299431324, -0.025529736652970314, 0.000762939453125], [0.0, 0.0, 0.0, 1.0]], [[-0.9232481718063354, 0.3825656771659851, -0.03544354438781738, 1.08819580078125], [0.029705623164772987, -0.02089706063270569, -0.9993402361869812, 1.5501461029052734], [-0.3830539584159851, -0.9236919283866882, 0.007928820326924324, -0.073974609375], [0.0, 0.0, 0.0, 1.0]]], "view": [[0.0, -2.0, 100.0], [-2.0, 0.0, 100.0], [0.0, 0.0, 1.0]], "bev": "bev_fbc7feb4d8294bd4889d6b5955b89968.png", "aux": "aux_fbc7feb4d8294bd4889d6b5955b89968.npz", "visibility": "visibility_fbc7feb4d8294bd4889d6b5955b89968.png", "pose": [[-0.7639427781105042, -0.6452839970588684, 0.0, 1314.3702392578125], [0.6452839970588684, -0.7639427781105042, 0.0, 1040.135986328125], [0.0, 0.0, 1.0, 0.0], [0.0, 0.0, 0.0, 1.0]], "pose_inverse": [[-0.7639427781105042, 0.6452839970588684, 0.0, 332.92059326171875], [-0.6452839970588684, -0.7639427781105042, 0.0, 1642.7464599609375], [0.0, 0.0, 1.0, 0.0], [0.0, 0.0, 0.0, 1.0]], "cam_ids": [0, 1, 2, 3, 4, 5], "cam_channels": ["CAM_FRONT_LEFT", "CAM_FRONT", "CAM_FRONT_RIGHT", "CAM_BACK_LEFT", "CAM_BACK", "CAM_BACK_RIGHT"], "token": "fbc7feb4d8294bd4889d6b5955b89968", "scene": "scene-0465"}, {"images": ["samples/CAM_FRONT_LEFT/n008-2018-09-18-12-53-31-0400__CAM_FRONT_LEFT__1537289929504799.jpg", "samples/CAM_FRONT/n008-2018-09-18-12-53-31-0400__CAM_FRONT__1537289929512404.jpg", "samples/CAM_FRONT_RIGHT/n008-2018-09-18-12-53-31-0400__CAM_FRONT_RIGHT__1537289929520482.jpg", "samples/CAM_BACK_LEFT/n008-2018-09-18-12-53-31-0400__CAM_BACK_LEFT__1537289929547405.jpg", "samples/CAM_BACK/n008-2018-09-18-12-53-31-0400__CAM_BACK__1537289929537558.jpg", "samples/CAM_BACK_RIGHT/n008-2018-09-18-12-53-31-0400__CAM_BACK_RIGHT__1537289929528113.jpg"], "intrinsics": [[[1257.8625342125129, 0.0, 827.2410631095686], [0.0, 1257.8625342125129, 450.915498205774], [0.0, 0.0, 1.0]], [[1252.8131021185304, 0.0, 826.588114781398], [0.0, 1252.8131021185304, 469.9846626224581], [0.0, 0.0, 1.0]], [[1256.7485116440405, 0.0, 817.7887570959712], [0.0, 1256.7485116440403, 451.9541780095127], [0.0, 0.0, 1.0]], [[1254.9860565800168, 0.0, 829.5769333630991], [0.0, 1254.9860565800168, 467.1680561863987], [0.0, 0.0, 1.0]], [[796.8910634503094, 0.0, 857.7774326863696], [0.0, 796.8910634503094, 476.8848988407415], [0.0, 0.0, 1.0]], [[1249.9629280788233, 0.0, 825.3768045375984], [0.0, 1249.9629280788233, 462.54816385708756], [0.0, 0.0, 1.0]]], "extrinsics": [[[0.8224843740463257, -0.5681699514389038, 0.026501532644033432, -0.8448486328125], [0.026471251621842384, -0.00830585416406393, -0.9996150732040405, 1.4934444427490234], [0.5681713223457336, 0.8228693604469299, 0.00820873212069273, -1.2232666015625], [0.0, 0.0, 0.0, 1.0]], [[0.010529684834182262, -0.9998657703399658, 0.012544455006718636, 0.007568359375], [0.0285034216940403, -0.012239928357303143, -0.9995188117027283, 1.4847869873046875], [0.9995381832122803, 0.010882200673222542, 0.02837071754038334, -1.572967529296875], [0.0, 0.0, 0.0, 1.0]], [[-0.8434919714927673, -0.5367780327796936, -0.019762830808758736, 0.9837646484375], [0.03660355880856514, -0.020733844488859177, -0.9991146922111511, 1.4977283477783203], [0.5358931422233582, -0.8434686660766602, 0.03713682293891907, -1.208984375], [0.0, 0.0, 0.0, 1.0]], [[0.9477921724319458, 0.31875118613243103, 0.009365959092974663, -1.13519287109375], [0.011500179767608643, -0.004814258776605129, -0.9999222755432129, 1.5621485710144043], [-0.31868135929107666, 0.9478262066841125, -0.008228612132370472, -0.1591796875], [0.0, 0.0, 0.0, 1.0]], [[0.009126698598265648, 0.9998798370361328, -0.012524329125881195, -0.028564453125], [0.013582754880189896, -0.012647654861211777, -0.9998277425765991, 1.5687780380249023], [-0.9998661279678345, 0.00895505491644144, -0.01369655691087246, -0.0081787109375], [0.0, 0.0, 0.0, 1.0]], [[-0.9234814047813416, 0.38247349858283997, -0.02993563935160637, 1.074005126953125], [0.017640644684433937, -0.03561341017484665, -0.9992099404335022, 1.5494880676269531], [-0.38323739171028137, -0.923279881477356, 0.026141241192817688, -0.078857421875], [0.0, 0.0, 0.0, 1.0]]], "view": [[0.0, -2.0, 100.0], [-2.0, 0.0, 100.0], [0.0, 0.0, 1.0]], "bev": "bev_fdb1c32e567b4b43bace168dfe9ee51d.png", "aux": "aux_fdb1c32e567b4b43bace168dfe9ee51d.npz", "visibility": "visibility_fdb1c32e567b4b43bace168dfe9ee51d.png", "pose": [[-0.7648991942405701, -0.6441499590873718, 0.0, 1312.8175048828125], [0.6441499590873718, -0.7648991942405701, 0.0, 1041.4459228515625], [0.0, 0.0, 1.0, 0.0], [0.0, 0.0, 0.0, 1.0]], "pose_inverse": [[-0.7648991942405701, 0.6441499590873718, 0.0, 333.3257141113281], [-0.6441499590873718, -0.7648991942405701, 0.0, 1642.2525634765625], [0.0, 0.0, 1.0, 0.0], [0.0, 0.0, 0.0, 1.0]], "cam_ids": [0, 1, 2, 3, 4, 5], "cam_channels": ["CAM_FRONT_LEFT", "CAM_FRONT", "CAM_FRONT_RIGHT", "CAM_BACK_LEFT", "CAM_BACK", "CAM_BACK_RIGHT"], "token": "fdb1c32e567b4b43bace168dfe9ee51d", "scene": "scene-0465"}, {"images": ["samples/CAM_FRONT_LEFT/n008-2018-09-18-12-53-31-0400__CAM_FRONT_LEFT__1537289930004799.jpg", "samples/CAM_FRONT/n008-2018-09-18-12-53-31-0400__CAM_FRONT__1537289930012404.jpg", "samples/CAM_FRONT_RIGHT/n008-2018-09-18-12-53-31-0400__CAM_FRONT_RIGHT__1537289930020482.jpg", "samples/CAM_BACK_LEFT/n008-2018-09-18-12-53-31-0400__CAM_BACK_LEFT__1537289930047405.jpg", "samples/CAM_BACK/n008-2018-09-18-12-53-31-0400__CAM_BACK__1537289930037558.jpg", "samples/CAM_BACK_RIGHT/n008-2018-09-18-12-53-31-0400__CAM_BACK_RIGHT__1537289930028113.jpg"], "intrinsics": [[[1257.8625342125129, 0.0, 827.2410631095686], [0.0, 1257.8625342125129, 450.915498205774], [0.0, 0.0, 1.0]], [[1252.8131021185304, 0.0, 826.588114781398], [0.0, 1252.8131021185304, 469.9846626224581], [0.0, 0.0, 1.0]], [[1256.7485116440405, 0.0, 817.7887570959712], [0.0, 1256.7485116440403, 451.9541780095127], [0.0, 0.0, 1.0]], [[1254.9860565800168, 0.0, 829.5769333630991], [0.0, 1254.9860565800168, 467.1680561863987], [0.0, 0.0, 1.0]], [[796.8910634503094, 0.0, 857.7774326863696], [0.0, 796.8910634503094, 476.8848988407415], [0.0, 0.0, 1.0]], [[1249.9629280788233, 0.0, 825.3768045375984], [0.0, 1249.9629280788233, 462.54816385708756], [0.0, 0.0, 1.0]]], "extrinsics": [[[0.8215162754058838, -0.5694863200187683, 0.02822032943367958, -0.81610107421875], [0.03066401369869709, -0.005295432638376951, -0.9995157122612, 1.4953150749206543], [0.5693600177764893, 0.821983814239502, 0.013112450018525124, -1.20458984375], [0.0, 0.0, 0.0, 1.0]], [[0.009339326992630959, -0.9999083280563354, 0.00980337243527174, 0.0087890625], [0.032741792500019073, -0.009492757730185986, -0.9994187355041504, 1.4864015579223633], [0.9994202256202698, 0.009654829278588295, 0.03265013545751572, -1.544921875], [0.0, 0.0, 0.0, 1.0]], [[-0.8438307642936707, -0.5360385179519653, -0.024747485294938087, 0.9659423828125], [0.04090672731399536, -0.01827428489923477, -0.9989957809448242, 1.4991817474365234], [0.5350480079650879, -0.8439957499504089, 0.03734798729419708, -1.19677734375], [0.0, 0.0, 0.0, 1.0]], [[0.9476933479309082, 0.31885457038879395, 0.014458018355071545, -1.13433837890625], [0.016422241926193237, -0.003472647862508893, -0.9998591542243958, 1.56221342086792], [-0.3187594711780548, 0.9477972984313965, -0.008527309633791447, -0.159912109375], [0.0, 0.0, 0.0, 1.0]], [[0.009417619556188583, 0.9998986124992371, -0.010676939971745014, -0.0289306640625], [0.018120169639587402, -0.010846302844583988, -0.9997769594192505, 1.5691719055175781], [-0.9997915029525757, 0.00922209583222866, -0.018220480531454086, -0.016754150390625], [0.0, 0.0, 0.0, 1.0]], [[-0.9231279492378235, 0.3830561637878418, -0.03320848196744919, 1.059051513671875], [0.02207265980541706, -0.033430956304073334, -0.9991973042488098, 1.5502700805664062], [-0.3838587999343872, -0.9231199622154236, 0.02240598388016224, -0.08447265625], [0.0, 0.0, 0.0, 1.0]]], "view": [[0.0, -2.0, 100.0], [-2.0, 0.0, 100.0], [0.0, 0.0, 1.0]], "bev": "bev_8c849f9615374a99a6640ca344b7a8e2.png", "aux": "aux_8c849f9615374a99a6640ca344b7a8e2.npz", "visibility": "visibility_8c849f9615374a99a6640ca344b7a8e2.png", "pose": [[-0.7711707353591919, -0.6366283893585205, 0.0, 1310.9844970703125], [0.6366283893585205, -0.7711707353591919, 0.0, 1042.9879150390625], [0.0, 0.0, 1.0, 0.0], [0.0, 0.0, 0.0, 1.0]], "pose_inverse": [[-0.7711707353591919, 0.6366283893585205, 0.0, 346.9971923828125], [-0.6366283893585205, -0.7711707353591919, 0.0, 1638.931640625], [0.0, 0.0, 1.0, 0.0], [0.0, 0.0, 0.0, 1.0]], "cam_ids": [0, 1, 2, 3, 4, 5], "cam_channels": ["CAM_FRONT_LEFT", "CAM_FRONT", "CAM_FRONT_RIGHT", "CAM_BACK_LEFT", "CAM_BACK", "CAM_BACK_RIGHT"], "token": "8c849f9615374a99a6640ca344b7a8e2", "scene": "scene-0465"}, {"images": ["samples/CAM_FRONT_LEFT/n008-2018-09-18-12-53-31-0400__CAM_FRONT_LEFT__1537289930504799.jpg", "samples/CAM_FRONT/n008-2018-09-18-12-53-31-0400__CAM_FRONT__1537289930512404.jpg", "samples/CAM_FRONT_RIGHT/n008-2018-09-18-12-53-31-0400__CAM_FRONT_RIGHT__1537289930520482.jpg", "samples/CAM_BACK_LEFT/n008-2018-09-18-12-53-31-0400__CAM_BACK_LEFT__1537289930547405.jpg", "samples/CAM_BACK/n008-2018-09-18-12-53-31-0400__CAM_BACK__1537289930537558.jpg", "samples/CAM_BACK_RIGHT/n008-2018-09-18-12-53-31-0400__CAM_BACK_RIGHT__1537289930528113.jpg"], "intrinsics": [[[1257.8625342125129, 0.0, 827.2410631095686], [0.0, 1257.8625342125129, 450.915498205774], [0.0, 0.0, 1.0]], [[1252.8131021185304, 0.0, 826.588114781398], [0.0, 1252.8131021185304, 469.9846626224581], [0.0, 0.0, 1.0]], [[1256.7485116440405, 0.0, 817.7887570959712], [0.0, 1256.7485116440403, 451.9541780095127], [0.0, 0.0, 1.0]], [[1254.9860565800168, 0.0, 829.5769333630991], [0.0, 1254.9860565800168, 467.1680561863987], [0.0, 0.0, 1.0]], [[796.8910634503094, 0.0, 857.7774326863696], [0.0, 796.8910634503094, 476.8848988407415], [0.0, 0.0, 1.0]], [[1249.9629280788233, 0.0, 825.3768045375984], [0.0, 1249.9629280788233, 462.54816385708756], [0.0, 0.0, 1.0]]], "extrinsics": [[[0.8215023875236511, -0.5689579844474792, 0.03769102692604065, -0.81646728515625], [0.0391840860247612, -0.0096149742603302, -0.9991857409477234, 1.4972543716430664], [0.5688571333885193, 0.8223103880882263, 0.014395373873412609, -1.2052001953125], [0.0, 0.0, 0.0, 1.0]], [[0.009618616662919521, -0.9998542070388794, 0.01410727109760046, 0.009033203125], [0.04120144248008728, -0.013699665665626526, -0.9990569353103638, 1.487992286682129], [0.9991045594215393, 0.010190781205892563, 0.041063662618398666, -1.545562744140625], [0.0, 0.0, 0.0, 1.0]], [[-0.8434388637542725, -0.5364080667495728, -0.029616348445415497, 0.966552734375], [0.049280885607004166, -0.02235698141157627, -0.9985346794128418, 1.500396728515625], [0.5349599719047546, -0.8436625599861145, 0.045291416347026825, -1.1971435546875], [0.0, 0.0, 0.0, 1.0]], [[0.9475173950195312, 0.31904667615890503, 0.020492402836680412, -1.13482666015625], [0.024105491116642952, -0.007379742804914713, -0.9996821284294128, 1.5622786283493042], [-0.3187941610813141, 0.9477102160453796, -0.014683213084936142, -0.1595458984375], [0.0, 0.0, 0.0, 1.0]], [[0.009313350543379784, 0.9998506307601929, -0.014558798633515835, -0.0291748046875], [0.02621334418654442, -0.014798545278608799, -0.9995467662811279, 1.5696535110473633], [-0.9996129870414734, 0.008927419781684875, -0.02634725533425808, -0.015899658203125], [0.0, 0.0, 0.0, 1.0]], [[-0.9229193329811096, 0.3826615512371063, -0.04230840504169464, 1.059722900390625], [0.030271470546722412, -0.03742533549666405, -0.9988408088684082, 1.5511512756347656], [-0.38380125164985657, -0.9231302738189697, 0.022956842556595802, -0.0843505859375], [0.0, 0.0, 0.0, 1.0]]], "view": [[0.0, -2.0, 100.0], [-2.0, 0.0, 100.0], [0.0, 0.0, 1.0]], "bev": "bev_1f60f2715ba14d4c85a64f2aca576862.png", "aux": "aux_1f60f2715ba14d4c85a64f2aca576862.npz", "visibility": "visibility_1f60f2715ba14d4c85a64f2aca576862.png", "pose": [[-0.7803698778152466, -0.625318169593811, 0.0, 1309.01953125], [0.625318169593811, -0.7803698778152466, 0.0, 1044.6016845703125], [0.0, 0.0, 1.0, 0.0], [0.0, 0.0, 0.0, 1.0]], "pose_inverse": [[-0.7803698778152466, 0.625318169593811, 0.0, 368.31103515625], [-0.625318169593811, -0.7803698778152466, 0.0, 1633.7293701171875], [0.0, 0.0, 1.0, 0.0], [0.0, 0.0, 0.0, 1.0]], "cam_ids": [0, 1, 2, 3, 4, 5], "cam_channels": ["CAM_FRONT_LEFT", "CAM_FRONT", "CAM_FRONT_RIGHT", "CAM_BACK_LEFT", "CAM_BACK", "CAM_BACK_RIGHT"], "token": "1f60f2715ba14d4c85a64f2aca576862", "scene": "scene-0465"}, {"images": ["samples/CAM_FRONT_LEFT/n008-2018-09-18-12-53-31-0400__CAM_FRONT_LEFT__1537289931004799.jpg", "samples/CAM_FRONT/n008-2018-09-18-12-53-31-0400__CAM_FRONT__1537289931012404.jpg", "samples/CAM_FRONT_RIGHT/n008-2018-09-18-12-53-31-0400__CAM_FRONT_RIGHT__1537289931020482.jpg", "samples/CAM_BACK_LEFT/n008-2018-09-18-12-53-31-0400__CAM_BACK_LEFT__1537289931047405.jpg", "samples/CAM_BACK/n008-2018-09-18-12-53-31-0400__CAM_BACK__1537289931037558.jpg", "samples/CAM_BACK_RIGHT/n008-2018-09-18-12-53-31-0400__CAM_BACK_RIGHT__1537289931028113.jpg"], "intrinsics": [[[1257.8625342125129, 0.0, 827.2410631095686], [0.0, 1257.8625342125129, 450.915498205774], [0.0, 0.0, 1.0]], [[1252.8131021185304, 0.0, 826.588114781398], [0.0, 1252.8131021185304, 469.9846626224581], [0.0, 0.0, 1.0]], [[1256.7485116440405, 0.0, 817.7887570959712], [0.0, 1256.7485116440403, 451.9541780095127], [0.0, 0.0, 1.0]], [[1254.9860565800168, 0.0, 829.5769333630991], [0.0, 1254.9860565800168, 467.1680561863987], [0.0, 0.0, 1.0]], [[796.8910634503094, 0.0, 857.7774326863696], [0.0, 796.8910634503094, 476.8848988407415], [0.0, 0.0, 1.0]], [[1249.9629280788233, 0.0, 825.3768045375984], [0.0, 1249.9629280788233, 462.54816385708756], [0.0, 0.0, 1.0]]], "extrinsics": [[[0.8216912150382996, -0.5689030289649963, 0.03424990549683571, -0.79791259765625], [0.028383251279592514, -0.01917293295264244, -0.9994131922721863, 1.4954452514648438], [0.5692258477210999, 0.8221811652183533, 0.0003930860257241875, -1.191650390625], [0.0, 0.0, 0.0, 1.0]], [[0.009429452009499073, -0.9996777176856995, 0.023570312187075615, 0.0087890625], [0.03008992224931717, -0.023277023807168007, -0.9992761015892029, 1.4864845275878906], [0.9995026588439941, 0.01013187225908041, 0.029860733076930046, -1.526123046875], [0.0, 0.0, 0.0, 1.0]], [[-0.843937337398529, -0.5362371802330017, -0.014815360307693481, 0.953125], [0.037837058305740356, -0.03195400536060333, -0.9987728595733643, 1.4993095397949219], [0.5351057648658752, -0.8434624075889587, 0.04725681617856026, -1.188720703125], [0.0, 0.0, 0.0, 1.0]], [[0.9478955864906311, 0.31854087114334106, 0.005075456574559212, -1.1317138671875], [0.011071664281189442, -0.017016254365444183, -0.9997939467430115, 1.56219482421875], [-0.31838884949684143, 0.9477564096450806, -0.019656406715512276, -0.16064453125], [0.0, 0.0, 0.0, 1.0]], [[0.009645665995776653, 0.9996601939201355, -0.02421603724360466, -0.0286865234375], [0.013690494932234287, -0.024346912279725075, -0.9996098279953003, 1.5690116882324219], [-0.9998598694801331, 0.009310388937592506, -0.013920688070356846, -0.02398681640625], [0.0, 0.0, 0.0, 1.0]], [[-0.9231827855110168, 0.3827609121799469, -0.035036955028772354, 1.048492431640625], [0.018413156270980835, -0.04700993746519089, -0.9987246990203857, 1.5500869750976562], [-0.3839198350906372, -0.9226506352424622, 0.036350928246974945, -0.08935546875], [0.0, 0.0, 0.0, 1.0]]], "view": [[0.0, -2.0, 100.0], [-2.0, 0.0, 100.0], [0.0, 0.0, 1.0]], "bev": "bev_879a9b679ea54da6a01058fd57e0a8b0.png", "aux": "aux_879a9b679ea54da6a01058fd57e0a8b0.npz", "visibility": "visibility_879a9b679ea54da6a01058fd57e0a8b0.png", "pose": [[-0.7872937321662903, -0.6165781617164612, 0.0, 1306.8812255859375], [0.6165781617164612, -0.7872937321662903, 0.0, 1046.3177490234375], [0.0, 0.0, 1.0, 0.0], [0.0, 0.0, 0.0, 1.0]], "pose_inverse": [[-0.7872937321662903, 0.6165781617164612, 0.0, 383.7627258300781], [-0.6165781617164612, -0.7872937321662903, 0.0, 1629.5538330078125], [0.0, 0.0, 1.0, 0.0], [0.0, 0.0, 0.0, 1.0]], "cam_ids": [0, 1, 2, 3, 4, 5], "cam_channels": ["CAM_FRONT_LEFT", "CAM_FRONT", "CAM_FRONT_RIGHT", "CAM_BACK_LEFT", "CAM_BACK", "CAM_BACK_RIGHT"], "token": "879a9b679ea54da6a01058fd57e0a8b0", "scene": "scene-0465"}, {"images": ["samples/CAM_FRONT_LEFT/n008-2018-09-18-12-53-31-0400__CAM_FRONT_LEFT__1537289931504799.jpg", "samples/CAM_FRONT/n008-2018-09-18-12-53-31-0400__CAM_FRONT__1537289931512404.jpg", "samples/CAM_FRONT_RIGHT/n008-2018-09-18-12-53-31-0400__CAM_FRONT_RIGHT__1537289931520482.jpg", "samples/CAM_BACK_LEFT/n008-2018-09-18-12-53-31-0400__CAM_BACK_LEFT__1537289931547405.jpg", "samples/CAM_BACK/n008-2018-09-18-12-53-31-0400__CAM_BACK__1537289931537558.jpg", "samples/CAM_BACK_RIGHT/n008-2018-09-18-12-53-31-0400__CAM_BACK_RIGHT__1537289931528113.jpg"], "intrinsics": [[[1257.8625342125129, 0.0, 827.2410631095686], [0.0, 1257.8625342125129, 450.915498205774], [0.0, 0.0, 1.0]], [[1252.8131021185304, 0.0, 826.588114781398], [0.0, 1252.8131021185304, 469.9846626224581], [0.0, 0.0, 1.0]], [[1256.7485116440405, 0.0, 817.7887570959712], [0.0, 1256.7485116440403, 451.9541780095127], [0.0, 0.0, 1.0]], [[1254.9860565800168, 0.0, 829.5769333630991], [0.0, 1254.9860565800168, 467.1680561863987], [0.0, 0.0, 1.0]], [[796.8910634503094, 0.0, 857.7774326863696], [0.0, 796.8910634503094, 476.8848988407415], [0.0, 0.0, 1.0]], [[1249.9629280788233, 0.0, 825.3768045375984], [0.0, 1249.9629280788233, 462.54816385708756], [0.0, 0.0, 1.0]]], "extrinsics": [[[0.8216280341148376, -0.5683014392852783, 0.04428046569228172, -0.7872314453125], [0.03734471648931503, -0.023849133402109146, -0.9990177750587463, 1.4981975555419922], [0.5687993764877319, 0.8224746584892273, 0.0016279381234198809, -1.1796875], [0.0, 0.0, 0.0, 1.0]], [[0.009598123840987682, -0.9995464086532593, 0.028545154258608818, 0.00537109375], [0.039420630782842636, -0.0281460452824831, -0.998826265335083, 1.4888267517089844], [0.9991766214370728, 0.01071219053119421, 0.039132602512836456, -1.51361083984375], [0.0, 0.0, 0.0, 1.0]], [[-0.8435806632041931, -0.536618709564209, -0.02029702253639698, 0.9434814453125], [0.047569483518600464, -0.03702552244067192, -0.9981814622879028, 1.5012550354003906], [0.5348913669586182, -0.8430121541023254, 0.056760694831609726, -1.1864013671875], [0.0, 0.0, 0.0, 1.0]], [[0.9477181434631348, 0.3187955617904663, 0.014131809584796429, -1.12823486328125], [0.02253407984972, -0.022683413699269295, -0.9994886517524719, 1.5624141693115234], [-0.31831201910972595, 0.9475520253181458, -0.028681248426437378, -0.161376953125], [0.0, 0.0, 0.0, 1.0]], [[0.00964366365224123, 0.9995127320289612, -0.029685264453291893, -0.02734375], [0.024577487260103226, -0.029914595186710358, -0.9992502331733704, 1.5698509216308594], [-0.9996514320373535, 0.008906800299882889, -0.02485400065779686, -0.029541015625], [0.0, 0.0, 0.0, 1.0]], [[-0.9228917360305786, 0.3822459280490875, -0.046463094651699066, 1.042266845703125], [0.028594372794032097, -0.052298709750175476, -0.9982219934463501, 1.551422119140625], [-0.38399621844291687, -0.9225794672966003, 0.037335969507694244, -0.094482421875], [0.0, 0.0, 0.0, 1.0]]], "view": [[0.0, -2.0, 100.0], [-2.0, 0.0, 100.0], [0.0, 0.0, 1.0]], "bev": "bev_57f4e4f10e7047de81fd1b759ab781ee.png", "aux": "aux_57f4e4f10e7047de81fd1b759ab781ee.npz", "visibility": "visibility_57f4e4f10e7047de81fd1b759ab781ee.png", "pose": [[-0.7919914722442627, -0.6105321049690247, 0.0, 1304.62353515625], [0.6105321049690247, -0.7919914722442627, 0.0, 1048.0826416015625], [0.0, 0.0, 1.0, 0.0], [0.0, 0.0, 0.0, 1.0]], "pose_inverse": [[-0.7919914722442627, 0.6105321049690247, 0.0, 393.36260986328125], [-0.6105321049690247, -0.7919914722442627, 0.0, 1626.587158203125], [0.0, 0.0, 1.0, 0.0], [0.0, 0.0, 0.0, 1.0]], "cam_ids": [0, 1, 2, 3, 4, 5], "cam_channels": ["CAM_FRONT_LEFT", "CAM_FRONT", "CAM_FRONT_RIGHT", "CAM_BACK_LEFT", "CAM_BACK", "CAM_BACK_RIGHT"], "token": "57f4e4f10e7047de81fd1b759ab781ee", "scene": "scene-0465"}, {"images": ["samples/CAM_FRONT_LEFT/n008-2018-09-18-12-53-31-0400__CAM_FRONT_LEFT__1537289931904799.jpg", "samples/CAM_FRONT/n008-2018-09-18-12-53-31-0400__CAM_FRONT__1537289931912404.jpg", "samples/CAM_FRONT_RIGHT/n008-2018-09-18-12-53-31-0400__CAM_FRONT_RIGHT__1537289931920482.jpg", "samples/CAM_BACK_LEFT/n008-2018-09-18-12-53-31-0400__CAM_BACK_LEFT__1537289931947405.jpg", "samples/CAM_BACK/n008-2018-09-18-12-53-31-0400__CAM_BACK__1537289931937558.jpg", "samples/CAM_BACK_RIGHT/n008-2018-09-18-12-53-31-0400__CAM_BACK_RIGHT__1537289931928113.jpg"], "intrinsics": [[[1257.8625342125129, 0.0, 827.2410631095686], [0.0, 1257.8625342125129, 450.915498205774], [0.0, 0.0, 1.0]], [[1252.8131021185304, 0.0, 826.588114781398], [0.0, 1252.8131021185304, 469.9846626224581], [0.0, 0.0, 1.0]], [[1256.7485116440405, 0.0, 817.7887570959712], [0.0, 1256.7485116440403, 451.9541780095127], [0.0, 0.0, 1.0]], [[1254.9860565800168, 0.0, 829.5769333630991], [0.0, 1254.9860565800168, 467.1680561863987], [0.0, 0.0, 1.0]], [[796.8910634503094, 0.0, 857.7774326863696], [0.0, 796.8910634503094, 476.8848988407415], [0.0, 0.0, 1.0]], [[1249.9629280788233, 0.0, 825.3768045375984], [0.0, 1249.9629280788233, 462.54816385708756], [0.0, 0.0, 1.0]]], "extrinsics": [[[0.8215826749801636, -0.5689523816108704, 0.03598884120583534, -0.77532958984375], [0.025163142010569572, -0.026875432580709457, -0.9993219971656799, 1.4953155517578125], [0.5695338249206543, 0.8219312429428101, -0.007763763889670372, -1.172607421875], [0.0, 0.0, 0.0, 1.0]], [[0.00903281755745411, -0.9994702935218811, 0.03126385435461998, 0.0062255859375], [0.027040787041187286, -0.031009553000330925, -0.9991532564163208, 1.4864654541015625], [0.9995935559272766, 0.009870554320514202, 0.02674635872244835, -1.500396728515625], [0.0, 0.0, 0.0, 1.0]], [[-0.8442440032958984, -0.5358955264091492, -0.008254199288785458, 0.933349609375], [0.034974049776792526, -0.0397166982293129, -0.9985986948013306, 1.4995269775390625], [0.5348167419433594, -0.8433496952056885, 0.05227302014827728, -1.17919921875], [0.0, 0.0, 0.0, 1.0]], [[0.9480052590370178, 0.31825390458106995, 0.0007124957628548145, -1.12066650390625], [0.009091310203075409, -0.024842943996191025, -0.9996500015258789, 1.5622596740722656], [-0.3181248605251312, 0.9476799964904785, -0.026444582268595695, -0.163818359375], [0.0, 0.0, 0.0, 1.0]], [[0.009969395585358143, 0.9994351267814636, -0.032094556838274, -0.0277099609375], [0.011457156389951706, -0.03220821171998978, -0.9994154572486877, 1.5690078735351562], [-0.9998847842216492, 0.009595905430614948, -0.011771781370043755, -0.0390625], [0.0, 0.0, 0.0, 1.0]], [[-0.9231010675430298, 0.3829058110713959, -0.03560321033000946, 1.0318145751953125], [0.01576969213783741, -0.05481303855776787, -0.9983721375465393, 1.54998779296875], [-0.3842339813709259, -0.922159731388092, 0.04455966502428055, -0.09814453125], [0.0, 0.0, 0.0, 1.0]]], "view": [[0.0, -2.0, 100.0], [-2.0, 0.0, 100.0], [0.0, 0.0, 1.0]], "bev": "bev_668a0d8a20164d979e415889173e0168.png", "aux": "aux_668a0d8a20164d979e415889173e0168.npz", "visibility": "visibility_668a0d8a20164d979e415889173e0168.png", "pose": [[-0.7950181365013123, -0.606585681438446, 0.0, 1302.6690673828125], [0.606585681438446, -0.7950181365013123, 0.0, 1049.5966796875], [0.0, 0.0, 1.0, 0.0], [0.0, 0.0, 0.0, 1.0]], "pose_inverse": [[-0.7950181365013123, 0.606585681438446, 0.0, 398.97515869140625], [-0.606585681438446, -0.7950181365013123, 0.0, 1624.6287841796875], [0.0, 0.0, 1.0, 0.0], [0.0, 0.0, 0.0, 1.0]], "cam_ids": [0, 1, 2, 3, 4, 5], "cam_channels": ["CAM_FRONT_LEFT", "CAM_FRONT", "CAM_FRONT_RIGHT", "CAM_BACK_LEFT", "CAM_BACK", "CAM_BACK_RIGHT"], "token": "668a0d8a20164d979e415889173e0168", "scene": "scene-0465"}, {"images": ["samples/CAM_FRONT_LEFT/n008-2018-09-18-12-53-31-0400__CAM_FRONT_LEFT__1537289932404799.jpg", "samples/CAM_FRONT/n008-2018-09-18-12-53-31-0400__CAM_FRONT__1537289932412404.jpg", "samples/CAM_FRONT_RIGHT/n008-2018-09-18-12-53-31-0400__CAM_FRONT_RIGHT__1537289932420482.jpg", "samples/CAM_BACK_LEFT/n008-2018-09-18-12-53-31-0400__CAM_BACK_LEFT__1537289932447405.jpg", "samples/CAM_BACK/n008-2018-09-18-12-53-31-0400__CAM_BACK__1537289932437558.jpg", "samples/CAM_BACK_RIGHT/n008-2018-09-18-12-53-31-0400__CAM_BACK_RIGHT__1537289932428113.jpg"], "intrinsics": [[[1257.8625342125129, 0.0, 827.2410631095686], [0.0, 1257.8625342125129, 450.915498205774], [0.0, 0.0, 1.0]], [[1252.8131021185304, 0.0, 826.588114781398], [0.0, 1252.8131021185304, 469.9846626224581], [0.0, 0.0, 1.0]], [[1256.7485116440405, 0.0, 817.7887570959712], [0.0, 1256.7485116440403, 451.9541780095127], [0.0, 0.0, 1.0]], [[1254.9860565800168, 0.0, 829.5769333630991], [0.0, 1254.9860565800168, 467.1680561863987], [0.0, 0.0, 1.0]], [[796.8910634503094, 0.0, 857.7774326863696], [0.0, 796.8910634503094, 476.8848988407415], [0.0, 0.0, 1.0]], [[1249.9629280788233, 0.0, 825.3768045375984], [0.0, 1249.9629280788233, 462.54816385708756], [0.0, 0.0, 1.0]]], "extrinsics": [[[0.8210553526878357, -0.5698522925376892, 0.03371061384677887, -0.7601318359375], [0.01738749071955681, -0.03406120464205742, -0.9992685317993164, 1.4934501647949219], [0.570583701133728, 0.8210409283638, -0.018057838082313538, -1.1614990234375], [0.0, 0.0, 0.0, 1.0]], [[0.008082748390734196, -0.9992290735244751, 0.03841627761721611, 0.006103515625], [0.019291240721940994, -0.038254570215940475, -0.9990817904472351, 1.4849395751953125], [0.9997811913490295, 0.008816391229629517, 0.018967170268297195, -1.4844970703125], [0.0, 0.0, 0.0, 1.0]], [[-0.8448371887207031, -0.5350193381309509, 0.0021424207370728254, 0.922119140625], [0.02724958397448063, -0.047027669847011566, -0.9985218048095703, 1.4984359741210938], [0.5343291759490967, -0.8435299396514893, 0.05430978164076805, -1.1722412109375], [0.0, 0.0, 0.0, 1.0]], [[0.9481673240661621, 0.31765228509902954, -0.008702890947461128, -1.11572265625], [0.0015359788667410612, -0.03196827694773674, -0.9994876980781555, 1.5620765686035156], [-0.31776779890060425, 0.947668194770813, -0.030799180269241333, -0.165283203125], [0.0, 0.0, 0.0, 1.0]], [[0.010525097139179707, 0.9991653561592102, -0.039468128234148026, -0.0272216796875], [0.0037915613502264023, -0.039509907364845276, -0.9992119073867798, 1.5683822631835938], [-0.9999374151229858, 0.010367137379944324, -0.0042