[{"images": ["samples/CAM_FRONT_LEFT/n015-2018-08-01-17-04-15+0800__CAM_FRONT_LEFT__1533114375604844.jpg", "samples/CAM_FRONT/n015-2018-08-01-17-04-15+0800__CAM_FRONT__1533114375612460.jpg", "samples/CAM_FRONT_RIGHT/n015-2018-08-01-17-04-15+0800__CAM_FRONT_RIGHT__1533114375620339.jpg", "samples/CAM_BACK_LEFT/n015-2018-08-01-17-04-15+0800__CAM_BACK_LEFT__1533114375647423.jpg", "samples/CAM_BACK/n015-2018-08-01-17-04-15+0800__CAM_BACK__1533114375637525.jpg", "samples/CAM_BACK_RIGHT/n015-2018-08-01-17-04-15+0800__CAM_BACK_RIGHT__1533114375627893.jpg"], "intrinsics": [[[1272.5979470598488, 0.0, 826.6154927353808], [0.0, 1272.5979470598488, 479.75165386361925], [0.0, 0.0, 1.0]], [[1266.417203046554, 0.0, 816.2670197447984], [0.0, 1266.417203046554, 491.50706579294757], [0.0, 0.0, 1.0]], [[1260.8474446004698, 0.0, 807.968244525554], [0.0, 1260.8474446004698, 495.3344268742088], [0.0, 0.0, 1.0]], [[1256.7414812095406, 0.0, 792.1125740759628], [0.0, 1256.7414812095406, 492.7757465151356], [0.0, 0.0, 1.0]], [[809.2209905677063, 0.0, 829.2196003259838], [0.0, 809.2209905677063, 481.77842384512485], [0.0, 0.0, 1.0]], [[1259.5137405846733, 0.0, 807.2529053838625], [0.0, 1259.5137405846733, 501.19579884916527], [0.0, 0.0, 1.0]]], "extrinsics": [[[0.8218898177146912, -0.5693796873092651, 0.01742677576839924, -0.672119140625], [-0.0023737004958093166, -0.034015193581581116, -0.9994184970855713, 1.507430076599121], [0.5696412920951843, 0.821370542049408, -0.02930828370153904, -1.07818603515625], [0.0, 0.0, 0.0, 1.0]], [[0.007348112761974335, -0.9992608428001404, 0.03773308917880058, 0.007781982421875], [-0.007454999256879091, -0.037787798792123795, -0.9992580413818359, 1.518392562866211], [0.9999452233314514, 0.007061400450766087, -0.007727159187197685, -1.40185546875], [0.0, 0.0, 0.0, 1.0]], [[-0.8321972489356995, -0.5543363094329834, 0.012602102011442184, 0.8472900390625], [-0.001637121313251555, -0.020271243527531624, -0.9997931718826294, 1.5032882690429688], [0.5544771552085876, -0.8320457935333252, 0.015962157398462296, -1.124755859375], [0.0, 0.0, 0.0, 1.0]], [[0.9476974010467529, 0.3190467953681946, -0.008868285454809666, -1.154052734375], [0.007501205429434776, -0.050042182207107544, -0.9987189173698425, 1.5884881019592285], [-0.3190818428993225, 0.9464168548583984, -0.049818091094493866, -0.100250244140625], [0.0, 0.0, 0.0, 1.0]], [[0.0017693984555080533, 0.9991902709007263, -0.040194567292928696, 0.002674102783203125], [-0.01799749955534935, -0.04015630483627319, -0.9990313649177551, 1.5780258178710938], [-0.9998363256454468, 0.002491090213879943, 0.017911873757839203, -0.072509765625], [0.0, 0.0, 0.0, 1.0]], [[-0.9351610541343689, 0.3535163700580597, -0.022358298301696777, 0.9886474609375], [0.014450379647314548, -0.02499331533908844, -0.9995831847190857, 1.5537347793579102], [-0.3539277911186218, -0.9350944757461548, 0.01826433464884758, -0.11932373046875], [0.0, 0.0, 0.0, 1.0]]], "view": [[0.0, -2.0, 100.0], [-2.0, 0.0, 100.0], [0.0, 0.0, 1.0]], "bev": "bev_38a589ffe74f42e19bb6075ea1e27c33.png", "aux": "aux_38a589ffe74f42e19bb6075ea1e27c33.npz", "visibility": "visibility_38a589ffe74f42e19bb6075ea1e27c33.png", "pose": [[0.5465924739837646, -0.8373987078666687, 0.0, 653.7101440429688], [0.8373987078666687, 0.5465924739837646, 0.0, 1094.991943359375], [0.0, 0.0, 1.0, 0.0], [0.0, 0.0, 0.0, 1.0]], "pose_inverse": [[0.5465924739837646, 0.8373987078666687, 0.0, -1274.2579345703125], [-0.8373987078666687, 0.5465924739837646, 0.0, -51.098331451416016], [0.0, 0.0, 1.0, 0.0], [0.0, 0.0, 0.0, 1.0]], "cam_ids": [0, 1, 2, 3, 4, 5], "cam_channels": ["CAM_FRONT_LEFT", "CAM_FRONT", "CAM_FRONT_RIGHT", "CAM_BACK_LEFT", "CAM_BACK", "CAM_BACK_RIGHT"], "token": "38a589ffe74f42e19bb6075ea1e27c33", "scene": "scene-0152"}, {"images": ["samples/CAM_FRONT_LEFT/n015-2018-08-01-17-04-15+0800__CAM_FRONT_LEFT__1533114376154844.jpg", "samples/CAM_FRONT/n015-2018-08-01-17-04-15+0800__CAM_FRONT__1533114376162460.jpg", "samples/CAM_FRONT_RIGHT/n015-2018-08-01-17-04-15+0800__CAM_FRONT_RIGHT__1533114376170339.jpg", "samples/CAM_BACK_LEFT/n015-2018-08-01-17-04-15+0800__CAM_BACK_LEFT__1533114376197423.jpg", "samples/CAM_BACK/n015-2018-08-01-17-04-15+0800__CAM_BACK__1533114376187525.jpg", "samples/CAM_BACK_RIGHT/n015-2018-08-01-17-04-15+0800__CAM_BACK_RIGHT__1533114376177893.jpg"], "intrinsics": [[[1272.5979470598488, 0.0, 826.6154927353808], [0.0, 1272.5979470598488, 479.75165386361925], [0.0, 0.0, 1.0]], [[1266.417203046554, 0.0, 816.2670197447984], [0.0, 1266.417203046554, 491.50706579294757], [0.0, 0.0, 1.0]], [[1260.8474446004698, 0.0, 807.968244525554], [0.0, 1260.8474446004698, 495.3344268742088], [0.0, 0.0, 1.0]], [[1256.7414812095406, 0.0, 792.1125740759628], [0.0, 1256.7414812095406, 492.7757465151356], [0.0, 0.0, 1.0]], [[809.2209905677063, 0.0, 829.2196003259838], [0.0, 809.2209905677063, 481.77842384512485], [0.0, 0.0, 1.0]], [[1259.5137405846733, 0.0, 807.2529053838625], [0.0, 1259.5137405846733, 501.19579884916527], [0.0, 0.0, 1.0]]], "extrinsics": [[[0.8219766020774841, -0.569223940372467, 0.018400153145194054, -0.66827392578125], [-0.012297360226511955, -0.05003980174660683, -0.9986714720726013, 1.5037593841552734], [0.5693883895874023, 0.8206583857536316, -0.04813149571418762, -1.07373046875], [0.0, 0.0, 0.0, 1.0]], [[0.007586976047605276, -0.9986177682876587, 0.05200909078121185, 0.006683349609375], [-0.0147146200761199, -0.05211644619703293, -0.9985326528549194, 1.5161628723144531], [0.9998629093170166, 0.006810602266341448, -0.015089687891304493, -1.3974609375], [0.0, 0.0, 0.0, 1.0]], [[-0.8321357369422913, -0.5540769100189209, 0.023428596556186676, 0.843994140625], [-0.006094423588365316, -0.03310719132423401, -0.9994332194328308, 1.502253532409668], [0.5545384883880615, -0.8318068981170654, 0.02417290024459362, -1.123779296875], [0.0, 0.0, 0.0, 1.0]], [[0.9476407170295715, 0.3192804455757141, -0.006087137386202812, -1.1497802734375], [0.0136998500674963, -0.05969123914837837, -0.9981228709220886, 1.5884408950805664], [-0.3190445005893707, 0.945778489112854, -0.06093994528055191, -0.10113525390625], [0.0, 0.0, 0.0, 1.0]], [[0.0017038482474163175, 0.9987140893936157, -0.05066828802227974, 0.00310516357421875], [-0.01575104333460331, -0.05063527077436447, -0.9985930323600769, 1.5781269073486328], [-0.999874472618103, 0.002499568974599242, 0.015644511207938194, -0.07568359375], [0.0, 0.0, 0.0, 1.0]], [[-0.9352112412452698, 0.35320132970809937, -0.025070883333683014, 0.9864501953125], [0.012892848812043667, -0.03679003193974495, -0.9992398619651794, 1.5535097122192383], [-0.35385528206825256, -0.9348236918449402, 0.02985268086194992, -0.1207275390625], [0.0, 0.0, 0.0, 1.0]]], "view": [[0.0, -2.0, 100.0], [-2.0, 0.0, 100.0], [0.0, 0.0, 1.0]], "bev": "bev_cc1a69cc720440129fb1376b442b935c.png", "aux": "aux_cc1a69cc720440129fb1376b442b935c.npz", "visibility": "visibility_cc1a69cc720440129fb1376b442b935c.png", "pose": [[0.5655112266540527, -0.8247405886650085, 0.0, 656.375244140625], [0.8247405886650085, 0.5655112266540527, 0.0, 1098.9542236328125], [0.0, 0.0, 1.0, 0.0], [0.0, 0.0, 0.0, 1.0]], "pose_inverse": [[0.5655112266540527, 0.8247405886650085, 0.0, -1277.5396728515625], [-0.8247405886650085, 0.5655112266540527, 0.0, -80.13167572021484], [0.0, 0.0, 1.0, 0.0], [0.0, 0.0, 0.0, 1.0]], "cam_ids": [0, 1, 2, 3, 4, 5], "cam_channels": ["CAM_FRONT_LEFT", "CAM_FRONT", "CAM_FRONT_RIGHT", "CAM_BACK_LEFT", "CAM_BACK", "CAM_BACK_RIGHT"], "token": "cc1a69cc720440129fb1376b442b935c", "scene": "scene-0152"}, {"images": ["samples/CAM_FRONT_LEFT/n015-2018-08-01-17-04-15+0800__CAM_FRONT_LEFT__1533114376654844.jpg", "samples/CAM_FRONT/n015-2018-08-01-17-04-15+0800__CAM_FRONT__1533114376662460.jpg", "samples/CAM_FRONT_RIGHT/n015-2018-08-01-17-04-15+0800__CAM_FRONT_RIGHT__1533114376670339.jpg", "samples/CAM_BACK_LEFT/n015-2018-08-01-17-04-15+0800__CAM_BACK_LEFT__1533114376697423.jpg", "samples/CAM_BACK/n015-2018-08-01-17-04-15+0800__CAM_BACK__1533114376687525.jpg", "samples/CAM_BACK_RIGHT/n015-2018-08-01-17-04-15+0800__CAM_BACK_RIGHT__1533114376677893.jpg"], "intrinsics": [[[1272.5979470598488, 0.0, 826.6154927353808], [0.0, 1272.5979470598488, 479.75165386361925], [0.0, 0.0, 1.0]], [[1266.417203046554, 0.0, 816.2670197447984], [0.0, 1266.417203046554, 491.50706579294757], [0.0, 0.0, 1.0]], [[1260.8474446004698, 0.0, 807.968244525554], [0.0, 1260.8474446004698, 495.3344268742088], [0.0, 0.0, 1.0]], [[1256.7414812095406, 0.0, 792.1125740759628], [0.0, 1256.7414812095406, 492.7757465151356], [0.0, 0.0, 1.0]], [[809.2209905677063, 0.0, 829.2196003259838], [0.0, 809.2209905677063, 481.77842384512485], [0.0, 0.0, 1.0]], [[1259.5137405846733, 0.0, 807.2529053838625], [0.0, 1259.5137405846733, 501.19579884916527], [0.0, 0.0, 1.0]]], "extrinsics": [[[0.8220915198326111, -0.5693264603614807, -0.005730818025767803, -0.67218017578125], [-0.018445352092385292, -0.016571706160902977, -0.9996925592422485, 1.5017032623291016], [0.5690564513206482, 0.8219444751739502, -0.024124886840581894, -1.07855224609375], [0.0, 0.0, 0.0, 1.0]], [[0.007883897982537746, -0.9997720718383789, 0.01983588933944702, 0.00806427001953125], [-0.023507287725806236, -0.020016323775053024, -0.9995232820510864, 1.5137252807617188], [0.9996925592422485, 0.007413859479129314, -0.023659739643335342, -1.402099609375], [0.0, 0.0, 0.0, 1.0]], [[-0.8320105075836182, -0.554533064365387, 0.0158640556037426, 0.8470458984375], [-0.017595766112208366, -0.0022031147964298725, -0.9998427033424377, 1.4997272491455078], [0.554480791091919, -0.8321588039398193, -0.007924418896436691, -1.1248779296875], [0.0, 0.0, 0.0, 1.0]], [[0.9476624727249146, 0.31883862614631653, -0.016667282208800316, -1.1507568359375], [-0.0070181009359657764, -0.031388502568006516, -0.9994826316833496, 1.5886201858520508], [-0.31919679045677185, 0.9472891688346863, -0.027508065104484558, -0.100830078125], [0.0, 0.0, 0.0, 1.0]], [[0.0016468223184347153, 0.9997618794441223, -0.02175937592983246, 0.0028533935546875], [-0.033214982599020004, -0.021692711859941483, -0.9992128014564514, 1.5768508911132812], [-0.9994468688964844, 0.002368221990764141, 0.03317134827375412, -0.07373046875], [0.0, 0.0, 0.0, 1.0]], [[-0.9352735280990601, 0.35392361879348755, -0.0012450296198949218, 0.988525390625], [-0.0012418562546372414, -0.006799423601478338, -0.9999760985374451, 1.551255464553833], [-0.35392361879348755, -0.9352496862411499, 0.006798843387514353, -0.119384765625], [0.0, 0.0, 0.0, 1.0]]], "view": [[0.0, -2.0, 100.0], [-2.0, 0.0, 100.0], [0.0, 0.0, 1.0]], "bev": "bev_bb713b5627bf442da93ced9bbf80b108.png", "aux": "aux_bb713b5627bf442da93ced9bbf80b108.npz", "visibility": "visibility_bb713b5627bf442da93ced9bbf80b108.png", "pose": [[0.578182578086853, -0.8159074187278748, 0.0, 658.8275146484375], [0.8159074187278748, 0.578182578086853, 0.0, 1102.453369140625], [0.0, 0.0, 1.0, 0.0], [0.0, 0.0, 0.0, 1.0]], "pose_inverse": [[0.578182578086853, 0.8159074187278748, 0.0, -1280.4224853515625], [-0.8159074187278748, 0.578182578086853, 0.0, -99.87705993652344], [0.0, 0.0, 1.0, 0.0], [0.0, 0.0, 0.0, 1.0]], "cam_ids": [0, 1, 2, 3, 4, 5], "cam_channels": ["CAM_FRONT_LEFT", "CAM_FRONT", "CAM_FRONT_RIGHT", "CAM_BACK_LEFT", "CAM_BACK", "CAM_BACK_RIGHT"], "token": "bb713b5627bf442da93ced9bbf80b108", "scene": "scene-0152"}, {"images": ["samples/CAM_FRONT_LEFT/n015-2018-08-01-17-04-15+0800__CAM_FRONT_LEFT__1533114377154844.jpg", "samples/CAM_FRONT/n015-2018-08-01-17-04-15+0800__CAM_FRONT__1533114377162460.jpg", "samples/CAM_FRONT_RIGHT/n015-2018-08-01-17-04-15+0800__CAM_FRONT_RIGHT__1533114377170339.jpg", "samples/CAM_BACK_LEFT/n015-2018-08-01-17-04-15+0800__CAM_BACK_LEFT__1533114377197423.jpg", "samples/CAM_BACK/n015-2018-08-01-17-04-15+0800__CAM_BACK__1533114377187525.jpg", "samples/CAM_BACK_RIGHT/n015-2018-08-01-17-04-15+0800__CAM_BACK_RIGHT__1533114377177893.jpg"], "intrinsics": [[[1272.5979470598488, 0.0, 826.6154927353808], [0.0, 1272.5979470598488, 479.75165386361925], [0.0, 0.0, 1.0]], [[1266.417203046554, 0.0, 816.2670197447984], [0.0, 1266.417203046554, 491.50706579294757], [0.0, 0.0, 1.0]], [[1260.8474446004698, 0.0, 807.968244525554], [0.0, 1260.8474446004698, 495.3344268742088], [0.0, 0.0, 1.0]], [[1256.7414812095406, 0.0, 792.1125740759628], [0.0, 1256.7414812095406, 492.7757465151356], [0.0, 0.0, 1.0]], [[809.2209905677063, 0.0, 829.2196003259838], [0.0, 809.2209905677063, 481.77842384512485], [0.0, 0.0, 1.0]], [[1259.5137405846733, 0.0, 807.2529053838625], [0.0, 1259.5137405846733, 501.19579884916527], [0.0, 0.0, 1.0]]], "extrinsics": [[[0.8221647143363953, -0.5692492723464966, -0.0005992913502268493, -0.6707763671875], [-0.01255067903548479, -0.01707436330616474, -0.9997754096984863, 1.5037975311279297], [0.5691112279891968, 0.8219876289367676, -0.021182402968406677, -1.07855224609375], [0.0, 0.0, 0.0, 1.0]], [[0.007898231968283653, -0.999750018119812, 0.02091594599187374, 0.008697509765625], [-0.01791025884449482, -0.021054677665233612, -0.9996179342269897, 1.5153350830078125], [0.9998084306716919, 0.007520642131567001, -0.01807207427918911, -1.4005126953125], [0.0, 0.0, 0.0, 1.0]], [[-0.8319949507713318, -0.5546454787254333, 0.01235757116228342, 0.8463134765625], [-0.012361804954707623, -0.0037349683698266745, -0.9999166131019592, 1.5008716583251953], [0.5546454191207886, -0.8320783376693726, -0.0037489437963813543, -1.123291015625], [0.0, 0.0, 0.0, 1.0]], [[0.9476791024208069, 0.31891071796417236, -0.014150233939290047, -1.1474609375], [-0.003525824984535575, -0.03386740759015083, -0.9994201064109802, 1.588571548461914], [-0.31920504570007324, 0.9471794366836548, -0.030971011146903038, -0.1019287109375], [0.0, 0.0, 0.0, 1.0]], [[0.00160727568436414, 0.9997116327285767, -0.0239594504237175, 0.00260162353515625], [-0.029044251888990402, -0.023902704939246178, -0.9992923140525818, 1.5770912170410156], [-0.9995768070220947, 0.0023019425570964813, 0.02899746038019657, -0.076416015625], [0.0, 0.0, 0.0, 1.0]], [[-0.9353118538856506, 0.3537672758102417, -0.006363692693412304, 0.9862060546875], [0.003531672991812229, -0.008650325238704681, -0.9999563694000244, 1.5520226955413818], [-0.35380685329437256, -0.9352935552597046, 0.006841361057013273, -0.1195068359375], [0.0, 0.0, 0.0, 1.0]]], "view": [[0.0, -2.0, 100.0], [-2.0, 0.0, 100.0], [0.0, 0.0, 1.0]], "bev": "bev_eabbf2e4f52e485aa54eec997bc2d661.png", "aux": "aux_eabbf2e4f52e485aa54eec997bc2d661.npz", "visibility": "visibility_eabbf2e4f52e485aa54eec997bc2d661.png", "pose": [[0.5943587422370911, -0.8042000532150269, 0.0, 661.3214721679688], [0.8042000532150269, 0.5943587422370911, 0.0, 1105.88623046875], [0.0, 0.0, 1.0, 0.0], [0.0, 0.0, 0.0, 1.0]], "pose_inverse": [[0.5943587422370911, 0.8042000532150269, 0.0, -1282.4158935546875], [-0.8042000532150269, 0.5943587422370911, 0.0, -125.4583740234375], [0.0, 0.0, 1.0, 0.0], [0.0, 0.0, 0.0, 1.0]], "cam_ids": [0, 1, 2, 3, 4, 5], "cam_channels": ["CAM_FRONT_LEFT", "CAM_FRONT", "CAM_FRONT_RIGHT", "CAM_BACK_LEFT", "CAM_BACK", "CAM_BACK_RIGHT"], "token": "eabbf2e4f52e485aa54eec997bc2d661", "scene": "scene-0152"}, {"images": ["samples/CAM_FRONT_LEFT/n015-2018-08-01-17-04-15+0800__CAM_FRONT_LEFT__1533114377654844.jpg", "samples/CAM_FRONT/n015-2018-08-01-17-04-15+0800__CAM_FRONT__1533114377662460.jpg", "samples/CAM_FRONT_RIGHT/n015-2018-08-01-17-04-15+0800__CAM_FRONT_RIGHT__1533114377670339.jpg", "samples/CAM_BACK_LEFT/n015-2018-08-01-17-04-15+0800__CAM_BACK_LEFT__1533114377697423.jpg", "samples/CAM_BACK/n015-2018-08-01-17-04-15+0800__CAM_BACK__1533114377687525.jpg", "samples/CAM_BACK_RIGHT/n015-2018-08-01-17-04-15+0800__CAM_BACK_RIGHT__1533114377677893.jpg"], "intrinsics": [[[1272.5979470598488, 0.0, 826.6154927353808], [0.0, 1272.5979470598488, 479.75165386361925], [0.0, 0.0, 1.0]], [[1266.417203046554, 0.0, 816.2670197447984], [0.0, 1266.417203046554, 491.50706579294757], [0.0, 0.0, 1.0]], [[1260.8474446004698, 0.0, 807.968244525554], [0.0, 1260.8474446004698, 495.3344268742088], [0.0, 0.0, 1.0]], [[1256.7414812095406, 0.0, 792.1125740759628], [0.0, 1256.7414812095406, 492.7757465151356], [0.0, 0.0, 1.0]], [[809.2209905677063, 0.0, 829.2196003259838], [0.0, 809.2209905677063, 481.77842384512485], [0.0, 0.0, 1.0]], [[1259.5137405846733, 0.0, 807.2529053838625], [0.0, 1259.5137405846733, 501.19579884916527], [0.0, 0.0, 1.0]]], "extrinsics": [[[0.8214282393455505, -0.5703114867210388, 0.0006681461236439645, -0.67724609375], [-0.011662767268717289, -0.01796933449804783, -0.9997705221176147, 1.5041770935058594], [0.5701926350593567, 0.8212319016456604, -0.02141192927956581, -1.0811767578125], [0.0, 0.0, 0.0, 1.0]], [[0.0066846818663179874, -0.9997400641441345, 0.021795175969600677, 0.00701904296875], [-0.016940603032708168, -0.021905753761529922, -0.9996165633201599, 1.5156784057617188], [0.9998341798782349, 0.006312901619821787, -0.017082633450627327, -1.4056396484375], [0.0, 0.0, 0.0, 1.0]], [[-0.8326115608215332, -0.5537288784980774, 0.01192916464060545, 0.847900390625], [-0.011315419338643551, -0.004527362063527107, -0.9999257326126099, 1.501138687133789], [0.5537418127059937, -0.8326846957206726, -0.0024961396120488644, -1.1265869140625], [0.0, 0.0, 0.0, 1.0]], [[0.9476812481880188, 0.318940132856369, -0.013317160308361053, -1.1483154296875], [-0.002562733367085457, -0.03411521017551422, -0.9994146227836609, 1.5885705947875977], [-0.3192078173160553, 0.9471606612205505, -0.03151298686861992, -0.10174560546875], [0.0, 0.0, 0.0, 1.0]], [[0.0020324941724538803, 0.9996993541717529, -0.024433959275484085, 0.003204345703125], [-0.028017207980155945, -0.02436749078333378, -0.9993104338645935, 1.5771942138671875], [-0.9996053576469421, 0.002715697279199958, 0.027959255501627922, -0.0750732421875], [0.0, 0.0, 0.0, 1.0]], [[-0.9350101947784424, 0.35453975200653076, -0.007579287979751825, 0.9888916015625], [0.004573831334710121, -0.0093143405392766, -0.9999461770057678, 1.552168369293213], [-0.3545912206172943, -0.9349945783615112, 0.007087399251759052, -0.12005615234375], [0.0, 0.0, 0.0, 1.0]]], "view": [[0.0, -2.0, 100.0], [-2.0, 0.0, 100.0], [0.0, 0.0, 1.0]], "bev": "bev_c5311b713f154a1e916c0573c898f6e7.png", "aux": "aux_c5311b713f154a1e916c0573c898f6e7.npz", "visibility": "visibility_c5311b713f154a1e916c0573c898f6e7.png", "pose": [[0.6102479696273804, -0.7922104597091675, 0.0, 663.8573608398438], [0.7922104597091675, 0.6102479696273804, 0.0, 1109.229248046875], [0.0, 0.0, 1.0, 0.0], [0.0, 0.0, 0.0, 1.0]], "pose_inverse": [[0.6102479696273804, 0.7922104597091675, 0.0, -1283.860595703125], [-0.7922104597091675, 0.6102479696273804, 0.0, -150.9901885986328], [0.0, 0.0, 1.0, 0.0], [0.0, 0.0, 0.0, 1.0]], "cam_ids": [0, 1, 2, 3, 4, 5], "cam_channels": ["CAM_FRONT_LEFT", "CAM_FRONT", "CAM_FRONT_RIGHT", "CAM_BACK_LEFT", "CAM_BACK", "CAM_BACK_RIGHT"], "token": "c5311b713f154a1e916c0573c898f6e7", "scene": "scene-0152"}, {"images": ["samples/CAM_FRONT_LEFT/n015-2018-08-01-17-04-15+0800__CAM_FRONT_LEFT__1533114378154844.jpg", "samples/CAM_FRONT/n015-2018-08-01-17-04-15+0800__CAM_FRONT__1533114378162460.jpg", "samples/CAM_FRONT_RIGHT/n015-2018-08-01-17-04-15+0800__CAM_FRONT_RIGHT__1533114378170339.jpg", "samples/CAM_BACK_LEFT/n015-2018-08-01-17-04-15+0800__CAM_BACK_LEFT__1533114378197423.jpg", "samples/CAM_BACK/n015-2018-08-01-17-04-15+0800__CAM_BACK__1533114378187525.jpg", "samples/CAM_BACK_RIGHT/n015-2018-08-01-17-04-15+0800__CAM_BACK_RIGHT__1533114378177893.jpg"], "intrinsics": [[[1272.5979470598488, 0.0, 826.6154927353808], [0.0, 1272.5979470598488, 479.75165386361925], [0.0, 0.0, 1.0]], [[1266.417203046554, 0.0, 816.2670197447984], [0.0, 1266.417203046554, 491.50706579294757], [0.0, 0.0, 1.0]], [[1260.8474446004698, 0.0, 807.968244525554], [0.0, 1260.8474446004698, 495.3344268742088], [0.0, 0.0, 1.0]], [[1256.7414812095406, 0.0, 792.1125740759628], [0.0, 1256.7414812095406, 492.7757465151356], [0.0, 0.0, 1.0]], [[809.2209905677063, 0.0, 829.2196003259838], [0.0, 809.2209905677063, 481.77842384512485], [0.0, 0.0, 1.0]], [[1259.5137405846733, 0.0, 807.2529053838625], [0.0, 1259.5137405846733, 501.19579884916527], [0.0, 0.0, 1.0]]], "extrinsics": [[[0.8211475014686584, -0.5707123875617981, -0.0020319705363363028, -0.67401123046875], [-0.013500821776688099, -0.015865497291088104, -0.9997829794883728, 1.5035171508789062], [0.5705562829971313, 0.8209967613220215, -0.020732998847961426, -1.0806884765625], [0.0, 0.0, 0.0, 1.0]], [[0.0065175495110452175, -0.9997826814651489, 0.019797105342149734, 0.0090484619140625], [-0.019163504242897034, -0.019918769598007202, -0.9996179938316345, 1.515045166015625], [0.9997950792312622, 0.006135616917163134, -0.019289162009954453, -1.4039306640625], [0.0, 0.0, 0.0, 1.0]], [[-0.8325384855270386, -0.5538128018379211, 0.013081200420856476, 0.848876953125], [-0.013918808661401272, -0.0026939474046230316, -0.9998995065689087, 1.5005626678466797], [0.5537923574447632, -0.8326368927955627, -0.0054655978456139565, -1.12420654296875], [0.0, 0.0, 0.0, 1.0]], [[0.9476505517959595, 0.3188779652118683, -0.016590004786849022, -1.1492919921875], [-0.0063959090039134026, -0.0329892672598362, -0.9994352459907532, 1.588602066040039], [-0.3192451298236847, 0.9472215175628662, -0.02922278456389904, -0.101287841796875], [0.0, 0.0, 0.0, 1.0]], [[0.001931854523718357, 0.9997321963310242, -0.023065419867634773, 0.0022125244140625], [-0.03139577433466911, -0.022993456572294235, -0.9992425441741943, 1.5769805908203125], [-0.9995051622390747, 0.0026545822620391846, 0.031342942267656326, -0.074462890625], [0.0, 0.0, 0.0, 1.0]], [[-0.9350712299346924, 0.35443419218063354, -0.004254864528775215, 0.9881591796875], [0.0016393052646890283, -0.0076794708147645, -0.9999691843986511, 1.5517206192016602], [-0.3544559180736542, -0.9350494742393494, 0.006599825341254473, -0.11810302734375], [0.0, 0.0, 0.0, 1.0]]], "view": [[0.0, -2.0, 100.0], [-2.0, 0.0, 100.0], [0.0, 0.0, 1.0]], "bev": "bev_94ebd6ff1c7f485bbd8727677ba095ba.png", "aux": "aux_94ebd6ff1c7f485bbd8727677ba095ba.npz", "visibility": "visibility_94ebd6ff1c7f485bbd8727677ba095ba.png", "pose": [[0.6161221265792847, -0.7876506447792053, 0.0, 666.4468994140625], [0.7876506447792053, 0.6161221265792847, 0.0, 1112.5574951171875], [0.0, 0.0, 1.0, 0.0], [0.0, 0.0, 0.0, 1.0]], "pose_inverse": [[0.6161221265792847, 0.7876506447792053, 0.0, -1286.9193115234375], [-0.7876506447792053, 0.6161221265792847, 0.0, -160.5439910888672], [0.0, 0.0, 1.0, 0.0], [0.0, 0.0, 0.0, 1.0]], "cam_ids": [0, 1, 2, 3, 4, 5], "cam_channels": ["CAM_FRONT_LEFT", "CAM_FRONT", "CAM_FRONT_RIGHT", "CAM_BACK_LEFT", "CAM_BACK", "CAM_BACK_RIGHT"], "token": "94ebd6ff1c7f485bbd8727677ba095ba", "scene": "scene-0152"}, {"images": ["samples/CAM_FRONT_LEFT/n015-2018-08-01-17-04-15+0800__CAM_FRONT_LEFT__1533114378654844.jpg", "samples/CAM_FRONT/n015-2018-08-01-17-04-15+0800__CAM_FRONT__1533114378662460.jpg", "samples/CAM_FRONT_RIGHT/n015-2018-08-01-17-04-15+0800__CAM_FRONT_RIGHT__1533114378670339.jpg", "samples/CAM_BACK_LEFT/n015-2018-08-01-17-04-15+0800__CAM_BACK_LEFT__1533114378697423.jpg", "samples/CAM_BACK/n015-2018-08-01-17-04-15+0800__CAM_BACK__1533114378687525.jpg", "samples/CAM_BACK_RIGHT/n015-2018-08-01-17-04-15+0800__CAM_BACK_RIGHT__1533114378677893.jpg"], "intrinsics": [[[1272.5979470598488, 0.0, 826.6154927353808], [0.0, 1272.5979470598488, 479.75165386361925], [0.0, 0.0, 1.0]], [[1266.417203046554, 0.0, 816.2670197447984], [0.0, 1266.417203046554, 491.50706579294757], [0.0, 0.0, 1.0]], [[1260.8474446004698, 0.0, 807.968244525554], [0.0, 1260.8474446004698, 495.3344268742088], [0.0, 0.0, 1.0]], [[1256.7414812095406, 0.0, 792.1125740759628], [0.0, 1256.7414812095406, 492.7757465151356], [0.0, 0.0, 1.0]], [[809.2209905677063, 0.0, 829.2196003259838], [0.0, 809.2209905677063, 481.77842384512485], [0.0, 0.0, 1.0]], [[1259.5137405846733, 0.0, 807.2529053838625], [0.0, 1259.5137405846733, 501.19579884916527], [0.0, 0.0, 1.0]]], "extrinsics": [[[0.821322500705719, -0.5704253911972046, 0.0066465227864682674, -0.67120361328125], [-0.003189312294125557, -0.01624237932264805, -0.9998630285263062, 1.5071187019348145], [0.5704551339149475, 0.8211888074874878, -0.015159497037529945, -1.076904296875], [0.0, 0.0, 0.0, 1.0]], [[0.006590701173990965, -0.9997702836990356, 0.020392268896102905, 0.00762939453125], [-0.00856245681643486, -0.020448388531804085, -0.9997542500495911, 1.5180387496948242], [0.9999415874481201, 0.006414426956325769, -0.008695259690284729, -1.3994140625], [0.0, 0.0, 0.0, 1.0]], [[-0.8325105309486389, -0.553991436958313, 0.004430615808814764, 0.8443603515625], [-0.003049555467441678, -0.0034148215781897306, -0.9999894499778748, 1.5029559135437012], [0.5540007948875427, -0.8325153589248657, 0.0011534480145201087, -1.1229248046875], [0.0, 0.0, 0.0, 1.0]], [[0.9477245211601257, 0.31903076171875, -0.006134434603154659, -1.145751953125], [0.00516494270414114, -0.03455977514386177, -0.9993892312049866, 1.5885374546051025], [-0.31904786825180054, 0.9471140503883362, -0.03440092131495476, -0.1024932861328125], [0.0, 0.0, 0.0, 1.0]], [[0.002018572762608528, 0.9997021555900574, -0.02432231605052948, 0.002716064453125], [-0.020047569647431374, -0.02427702024579048, -0.9995042681694031, 1.5777587890625], [-0.9997970461845398, 0.0025051641277968884, 0.019992593675851822, -0.078369140625], [0.0, 0.0, 0.0, 1.0]], [[-0.9350322484970093, 0.35424673557281494, -0.014963267371058464, 0.9844970703125], [0.012728611938655376, -0.008637585677206516, -0.9998816847801208, 1.5535192489624023], [-0.3543340265750885, -0.9351121187210083, 0.003567351261153817, -0.12060546875], [0.0, 0.0, 0.0, 1.0]]], "view": [[0.0, -2.0, 100.0], [-2.0, 0.0, 100.0], [0.0, 0.0, 1.0]], "bev": "bev_9f76229c80504491a257c7bbbec959c3.png", "aux": "aux_9f76229c80504491a257c7bbbec959c3.npz", "visibility": "visibility_9f76229c80504491a257c7bbbec959c3.png", "pose": [[0.6214557886123657, -0.7834492325782776, 0.0, 669.0592651367188], [0.7834492325782776, 0.6214557886123657, 0.0, 1115.859130859375], [0.0, 0.0, 1.0, 0.0], [0.0, 0.0, 0.0, 1.0]], "pose_inverse": [[0.6214557886123657, 0.7834492325782776, 0.0, -1290.009765625], [-0.7834492325782776, 0.6214557886123657, 0.0, -169.2831573486328], [0.0, 0.0, 1.0, 0.0], [0.0, 0.0, 0.0, 1.0]], "cam_ids": [0, 1, 2, 3, 4, 5], "cam_channels": ["CAM_FRONT_LEFT", "CAM_FRONT", "CAM_FRONT_RIGHT", "CAM_BACK_LEFT", "CAM_BACK", "CAM_BACK_RIGHT"], "token": "9f76229c80504491a257c7bbbec959c3", "scene": "scene-0152"}, {"images": ["samples/CAM_FRONT_LEFT/n015-2018-08-01-17-04-15+0800__CAM_FRONT_LEFT__1533114379154844.jpg", "samples/CAM_FRONT/n015-2018-08-01-17-04-15+0800__CAM_FRONT__1533114379162460.jpg", "samples/CAM_FRONT_RIGHT/n015-2018-08-01-17-04-15+0800__CAM_FRONT_RIGHT__1533114379170339.jpg", "samples/CAM_BACK_LEFT/n015-2018-08-01-17-04-15+0800__CAM_BACK_LEFT__1533114379197423.jpg", "samples/CAM_BACK/n015-2018-08-01-17-04-15+0800__CAM_BACK__1533114379187525.jpg", "samples/CAM_BACK_RIGHT/n015-2018-08-01-17-04-15+0800__CAM_BACK_RIGHT__1533114379177893.jpg"], "intrinsics": [[[1272.5979470598488, 0.0, 826.6154927353808], [0.0, 1272.5979470598488, 479.75165386361925], [0.0, 0.0, 1.0]], [[1266.417203046554, 0.0, 816.2670197447984], [0.0, 1266.417203046554, 491.50706579294757], [0.0, 0.0, 1.0]], [[1260.8474446004698, 0.0, 807.968244525554], [0.0, 1260.8474446004698, 495.3344268742088], [0.0, 0.0, 1.0]], [[1256.7414812095406, 0.0, 792.1125740759628], [0.0, 1256.7414812095406, 492.7757465151356], [0.0, 0.0, 1.0]], [[809.2209905677063, 0.0, 829.2196003259838], [0.0, 809.2209905677063, 481.77842384512485], [0.0, 0.0, 1.0]], [[1259.5137405846733, 0.0, 807.2529053838625], [0.0, 1259.5137405846733, 501.19579884916527], [0.0, 0.0, 1.0]]], "extrinsics": [[[0.8216370344161987, -0.5700095891952515, 0.0011943025747314095, -0.6712646484375], [-0.011137832887470722, -0.018149323761463165, -0.9997732043266296, 1.504312515258789], [0.5699020028114319, 0.8214375376701355, -0.021260831505060196, -1.07867431640625], [0.0, 0.0, 0.0, 1.0]], [[0.0071700457483530045, -0.9997289180755615, 0.022147614508867264, 0.0091705322265625], [-0.016108853742480278, -0.02226078510284424, -0.9996224045753479, 1.515869140625], [0.999844491481781, 0.006810521706938744, -0.01626409776508808, -1.39990234375], [0.0, 0.0, 0.0, 1.0]], [[-0.8322670459747314, -0.554259181022644, 0.011326981708407402, 0.84521484375], [-0.0102162417024374, -0.005094374064356089, -0.9999347925186157, 1.5013408660888672], [0.5542807579040527, -0.8323284983634949, -0.0014225660124793649, -1.12158203125], [0.0, 0.0, 0.0, 1.0]], [[0.9476813673973083, 0.3189963698387146, -0.01188503298908472, -1.142333984375], [-0.000572193181142211, -0.03553416207432747, -0.9993683099746704, 1.588552474975586], [-0.31921714544296265, 0.9470894932746887, -0.03349253907799721, -0.1035308837890625], [0.0, 0.0, 0.0, 1.0]], [[0.0017603312153369188, 0.999671220779419, -0.02557917684316635, 0.002105712890625], [-0.02633126638829708, -0.02552400901913643, -0.9993273615837097, 1.57720947265625], [-0.9996517300605774, 0.0024327109567821026, 0.026277681812644005, -0.0806884765625], [0.0, 0.0, 0.0, 1.0]], [[-0.9351990222930908, 0.3540041148662567, -0.009149404242634773, 0.983154296875], [0.005944512784481049, -0.010139631107449532, -0.9999309182167053, 1.5524401664733887], [-0.3540725111961365, -0.9351888298988342, 0.007378193084150553, -0.11981201171875], [0.0, 0.0, 0.0, 1.0]]], "view": [[0.0, -2.0, 100.0], [-2.0, 0.0, 100.0], [0.0, 0.0, 1.0]], "bev": "bev_435ac73844cd48078c2a9cd2deb3c4e4.png", "aux": "aux_435ac73844cd48078c2a9cd2deb3c4e4.npz", "visibility": "visibility_435ac73844cd48078c2a9cd2deb3c4e4.png", "pose": [[0.6272742748260498, -0.7787984013557434, 0.0, 671.638671875], [0.7787984013557434, 0.6272742748260498, 0.0, 1119.092041015625], [0.0, 0.0, 1.0, 0.0], [0.0, 0.0, 0.0, 1.0]], "pose_inverse": [[0.6272742748260498, 0.7787984013557434, 0.0, -1292.8487548828125], [-0.7787984013557434, 0.6272742748260498, 0.0, -178.9065399169922], [0.0, 0.0, 1.0, 0.0], [0.0, 0.0, 0.0, 1.0]], "cam_ids": [0, 1, 2, 3, 4, 5], "cam_channels": ["CAM_FRONT_LEFT", "CAM_FRONT", "CAM_FRONT_RIGHT", "CAM_BACK_LEFT", "CAM_BACK", "CAM_BACK_RIGHT"], "token": "435ac73844cd48078c2a9cd2deb3c4e4", "scene": "scene-0152"}, {"images": ["samples/CAM_FRONT_LEFT/n015-2018-08-01-17-04-15+0800__CAM_FRONT_LEFT__1533114379654844.jpg", "samples/CAM_FRONT/n015-2018-08-01-17-04-15+0800__CAM_FRONT__1533114379662460.jpg", "samples/CAM_FRONT_RIGHT/n015-2018-08-01-17-04-15+0800__CAM_FRONT_RIGHT__1533114379670339.jpg", "samples/CAM_BACK_LEFT/n015-2018-08-01-17-04-15+0800__CAM_BACK_LEFT__1533114379697423.jpg", "samples/CAM_BACK/n015-2018-08-01-17-04-15+0800__CAM_BACK__1533114379687525.jpg", "samples/CAM_BACK_RIGHT/n015-2018-08-01-17-04-15+0800__CAM_BACK_RIGHT__1533114379677893.jpg"], "intrinsics": [[[1272.5979470598488, 0.0, 826.6154927353808], [0.0, 1272.5979470598488, 479.75165386361925], [0.0, 0.0, 1.0]], [[1266.417203046554, 0.0, 816.2670197447984], [0.0, 1266.417203046554, 491.50706579294757], [0.0, 0.0, 1.0]], [[1260.8474446004698, 0.0, 807.968244525554], [0.0, 1260.8474446004698, 495.3344268742088], [0.0, 0.0, 1.0]], [[1256.7414812095406, 0.0, 792.1125740759628], [0.0, 1256.7414812095406, 492.7757465151356], [0.0, 0.0, 1.0]], [[809.2209905677063, 0.0, 829.2196003259838], [0.0, 809.2209905677063, 481.77842384512485], [0.0, 0.0, 1.0]], [[1259.5137405846733, 0.0, 807.2529053838625], [0.0, 1259.5137405846733, 501.19579884916527], [0.0, 0.0, 1.0]]], "extrinsics": [[[0.8207640051841736, -0.5712375044822693, 0.005838511046022177, -0.6722412109375], [-0.00916591938585043, -0.02338733896613121, -0.9996844530105591, 1.5049381256103516], [0.5711938142776489, 0.820451557636261, -0.02443140372633934, -1.07489013671875], [0.0, 0.0, 0.0, 1.0]], [[0.00580212427303195, -0.9996086359024048, 0.027363087981939316, 0.0054779052734375], [-0.014143641106784344, -0.027442844584584236, -0.9995233416557312, 1.5163459777832031], [0.9998831152915955, 0.005412308033555746, -0.014297332614660263, -1.39892578125], [0.0, 0.0, 0.0, 1.0]], [[-0.8329079747200012, -0.5532711744308472, 0.012456018477678299, 0.8426513671875], [-0.008156152442097664, -0.010233004577457905, -0.9999143481254578, 1.5017776489257812], [0.5533513426780701, -0.8329383730888367, 0.0040105897933244705, -1.12408447265625], [0.0, 0.0, 0.0, 1.0]], [[0.9476783275604248, 0.31902557611465454, -0.011334161274135113, -1.1390380859375], [0.00170401600189507, -0.04055999964475632, -0.9991756081581116, 1.588559627532959], [-0.31922227144241333, 0.9468778371810913, -0.03898145630955696, -0.1046905517578125], [0.0, 0.0, 0.0, 1.0]], [[0.0021808582823723555, 0.9995288848876953, -0.03061731532216072, 0.003509521484375], [-0.024124201387166977, -0.030555889010429382, -0.9992418885231018, 1.5772933959960938], [-0.9997065663337708, 0.002917803591117263, 0.024046195670962334, -0.0831298828125], [0.0, 0.0, 0.0, 1.0]], [[-0.9348862767219543, 0.3547106683254242, -0.012959119863808155, 0.9827880859375], [0.008076058700680733, -0.01524339523166418, -0.9998512268066406, 1.5527606010437012], [-0.3548555076122284, -0.9348518252372742, 0.011386176571249962, -0.1229248046875], [0.0, 0.0, 0.0, 1.0]]], "view": [[0.0, -2.0, 100.0], [-2.0, 0.0, 100.0], [0.0, 0.0, 1.0]], "bev": "bev_315acde975fc485f9e7b1983811e8926.png", "aux": "aux_315acde975fc485f9e7b1983811e8926.npz", "visibility": "visibility_315acde975fc485f9e7b1983811e8926.png", "pose": [[0.630153477191925, -0.7764706015586853, 0.0, 674.2864379882812], [0.7764706015586853, 0.630153477191925, 0.0, 1122.3262939453125], [0.0, 0.0, 1.0, 0.0], [0.0, 0.0, 0.0, 1.0]], "pose_inverse": [[0.630153477191925, 0.7764706015586853, 0.0, -1296.3572998046875], [-0.7764706015586853, 0.630153477191925, 0.0, -183.67422485351562], [0.0, 0.0, 1.0, 0.0], [0.0, 0.0, 0.0, 1.0]], "cam_ids": [0, 1, 2, 3, 4, 5], "cam_channels": ["CAM_FRONT_LEFT", "CAM_FRONT", "CAM_FRONT_RIGHT", "CAM_BACK_LEFT", "CAM_BACK", "CAM_BACK_RIGHT"], "token": "315acde975fc485f9e7b1983811e8926", "scene": "scene-0152"}, {"images": ["samples/CAM_FRONT_LEFT/n015-2018-08-01-17-04-15+0800__CAM_FRONT_LEFT__1533114380154844.jpg", "samples/CAM_FRONT/n015-2018-08-01-17-04-15+0800__CAM_FRONT__1533114380162460.jpg", "samples/CAM_FRONT_RIGHT/n015-2018-08-01-17-04-15+0800__CAM_FRONT_RIGHT__1533114380170339.jpg", "samples/CAM_BACK_LEFT/n015-2018-08-01-17-04-15+0800__CAM_BACK_LEFT__1533114380197423.jpg", "samples/CAM_BACK/n015-2018-08-01-17-04-15+0800__CAM_BACK__1533114380187525.jpg", "samples/CAM_BACK_RIGHT/n015-2018-08-01-17-04-15+0800__CAM_BACK_RIGHT__1533114380177893.jpg"], "intrinsics": [[[1272.5979470598488, 0.0, 826.6154927353808], [0.0, 1272.5979470598488, 479.75165386361925], [0.0, 0.0, 1.0]], [[1266.417203046554, 0.0, 816.2670197447984], [0.0, 1266.417203046554, 491.50706579294757], [0.0, 0.0, 1.0]], [[1260.8474446004698, 0.0, 807.968244525554], [0.0, 1260.8474446004698, 495.3344268742088], [0.0, 0.0, 1.0]], [[1256.7414812095406, 0.0, 792.1125740759628], [0.0, 1256.7414812095406, 492.7757465151356], [0.0, 0.0, 1.0]], [[809.2209905677063, 0.0, 829.2196003259838], [0.0, 809.2209905677063, 481.77842384512485], [0.0, 0.0, 1.0]], [[1259.5137405846733, 0.0, 807.2529053838625], [0.0, 1259.5137405846733, 501.19579884916527], [0.0, 0.0, 1.0]]], "extrinsics": [[[0.820659875869751, -0.5714014768600464, 0.0041993544436991215, -0.6600341796875], [-0.01054466888308525, -0.022491447627544403, -0.999691367149353, 1.5043048858642578], [0.571319580078125, 0.820362389087677, -0.02448306791484356, -1.06695556640625], [0.0, 0.0, 0.0, 1.0]], [[0.005709942430257797, -0.9996302723884583, 0.02658073604106903, 0.0060577392578125], [-0.015992574393749237, -0.026669057086110115, -0.9995163679122925, 1.5156269073486328], [0.9998557567596436, 0.005282140802592039, -0.016138942912220955, -1.3865966796875], [0.0, 0.0, 0.0, 1.0]], [[-0.8329253196716309, -0.5532065629959106, 0.0140665452927351, 0.83447265625], [-0.010515756905078888, -0.009591858834028244, -0.9998986721038818, 1.501145362854004], [0.5532854199409485, -0.8329888582229614, 0.0021719178184866905, -1.1182861328125], [0.0, 0.0, 0.0, 1.0]], [[0.9476467370986938, 0.3189679980278015, -0.014998296275734901, -1.1397705078125], [-0.002198943169787526, -0.04044970124959946, -0.9991791844367981, 1.5885505676269531], [-0.3193129003047943, 0.9469019174575806, -0.03763063624501228, -0.1045989990234375], [0.0, 0.0, 0.0, 1.0]], [[0.0021421757992357016, 0.9995381832122803, -0.03031322918832302, 0.0032501220703125], [-0.02746320143342018, -0.030243059620261192, -0.9991652369499207, 1.5769309997558594], [-0.9996204972267151, 0.0029729506932199, 0.027385730296373367, -0.0863037109375], [0.0, 0.0, 0.0, 1.0]], [[-0.9348946809768677, 0.35477954149246216, -0.010162759572267532, 0.97607421875], [0.005274653434753418, -0.014742306433618069, -0.999877393245697, 1.5523462295532227], [-0.3548859655857086, -0.9348337054252625, 0.011911164037883282, -0.1251220703125], [0.0, 0.0, 0.0, 1.0]]], "view": [[0.0, -2.0, 100.0], [-2.0, 0.0, 100.0], [0.0, 0.0, 1.0]], "bev": "bev_94c55b9f10be46d8a81d90282a91699e.png", "aux": "aux_94c55b9f10be46d8a81d90282a91699e.npz", "visibility": "visibility_94c55b9f10be46d8a81d90282a91699e.png", "pose": [[0.6280628442764282, -0.7781625986099243, 0.0, 676.9451904296875], [0.7781625986099243, 0.6280628442764282, 0.0, 1125.62255859375], [0.0, 0.0, 1.0, 0.0], [0.0, 0.0, 0.0, 1.0]], "pose_inverse": [[0.6280628442764282, 0.7781625986099243, 0.0, -1301.08154296875], [-0.7781625986099243, 0.6280628442764282, 0.0, -180.1883087158203], [0.0, 0.0, 1.0, 0.0], [0.0, 0.0, 0.0, 1.0]], "cam_ids": [0, 1, 2, 3, 4, 5], "cam_channels": ["CAM_FRONT_LEFT", "CAM_FRONT", "CAM_FRONT_RIGHT", "CAM_BACK_LEFT", "CAM_BACK", "CAM_BACK_RIGHT"], "token": "94c55b9f10be46d8a81d90282a91699e", "scene": "scene-0152"}, {"images": ["samples/CAM_FRONT_LEFT/n015-2018-08-01-17-04-15+0800__CAM_FRONT_LEFT__1533114380654844.jpg", "samples/CAM_FRONT/n015-2018-08-01-17-04-15+0800__CAM_FRONT__1533114380662460.jpg", "samples/CAM_FRONT_RIGHT/n015-2018-08-01-17-04-15+0800__CAM_FRONT_RIGHT__1533114380670339.jpg", "samples/CAM_BACK_LEFT/n015-2018-08-01-17-04-15+0800__CAM_BACK_LEFT__1533114380697423.jpg", "samples/CAM_BACK/n015-2018-08-01-17-04-15+0800__CAM_BACK__1533114380687525.jpg", "samples/CAM_BACK_RIGHT/n015-2018-08-01-17-04-15+0800__CAM_BACK_RIGHT__1533114380677893.jpg"], "intrinsics": [[[1272.5979470598488, 0.0, 826.6154927353808], [0.0, 1272.5979470598488, 479.75165386361925], [0.0, 0.0, 1.0]], [[1266.417203046554, 0.0, 816.2670197447984], [0.0, 1266.417203046554, 491.50706579294757], [0.0, 0.0, 1.0]], [[1260.8474446004698, 0.0, 807.968244525554], [0.0, 1260.8474446004698, 495.3344268742088], [0.0, 0.0, 1.0]], [[1256.7414812095406, 0.0, 792.1125740759628], [0.0, 1256.7414812095406, 492.7757465151356], [0.0, 0.0, 1.0]], [[809.2209905677063, 0.0, 829.2196003259838], [0.0, 809.2209905677063, 481.77842384512485], [0.0, 0.0, 1.0]], [[1259.5137405846733, 0.0, 807.2529053838625], [0.0, 1259.5137405846733, 501.19579884916527], [0.0, 0.0, 1.0]]], "extrinsics": [[[0.8214024305343628, -0.5702877044677734, 0.00836951658129692, -0.654296875], [-0.01469443365931511, -0.035829782485961914, -0.9992498755455017, 1.5026721954345703], [0.5701597929000854, 0.820663332939148, -0.03781072050333023, -1.06402587890625], [0.0, 0.0, 0.0, 1.0]], [[0.006924219895154238, -0.9991764426231384, 0.039979979395866394, 0.0068359375], [-0.019874287769198418, -0.040110550820827484, -0.9989976286888123, 1.5143089294433594], [0.9997785091400146, 0.006122685968875885, -0.020135654136538506, -1.3797607421875], [0.0, 0.0, 0.0, 1.0]], [[-0.8323524594306946, -0.5537013411521912, 0.024577390402555466, 0.828857421875], [-0.014139213599264622, -0.023116350173950195, -0.9996327757835388, 1.5001792907714844], [0.5540662407875061, -0.8323943614959717, 0.011412054300308228, -1.11370849609375], [0.0, 0.0, 0.0, 1.0]], [[0.9475069046020508, 0.31897222995758057, -0.022074148058891296, -1.135986328125], [-0.005065283738076687, -0.05405547842383385, -0.9985250234603882, 1.5885200500488281], [-0.31969499588012695, 0.9462212920188904, -0.04960225895047188, -0.1057281494140625], [0.0, 0.0, 0.0, 1.0]], [[0.0015099308220669627