[{"images": ["samples/CAM_FRONT_LEFT/n008-2018-09-18-13-41-50-0400__CAM_FRONT_LEFT__1537292791354799.jpg", "samples/CAM_FRONT/n008-2018-09-18-13-41-50-0400__CAM_FRONT__1537292791362404.jpg", "samples/CAM_FRONT_RIGHT/n008-2018-09-18-13-41-50-0400__CAM_FRONT_RIGHT__1537292791370482.jpg", "samples/CAM_BACK_LEFT/n008-2018-09-18-13-41-50-0400__CAM_BACK_LEFT__1537292791397405.jpg", "samples/CAM_BACK/n008-2018-09-18-13-41-50-0400__CAM_BACK__1537292791387558.jpg", "samples/CAM_BACK_RIGHT/n008-2018-09-18-13-41-50-0400__CAM_BACK_RIGHT__1537292791378113.jpg"], "intrinsics": [[[1257.8625342125129, 0.0, 827.2410631095686], [0.0, 1257.8625342125129, 450.915498205774], [0.0, 0.0, 1.0]], [[1252.8131021185304, 0.0, 826.588114781398], [0.0, 1252.8131021185304, 469.9846626224581], [0.0, 0.0, 1.0]], [[1256.7485116440405, 0.0, 817.7887570959712], [0.0, 1256.7485116440403, 451.9541780095127], [0.0, 0.0, 1.0]], [[1254.9860565800168, 0.0, 829.5769333630991], [0.0, 1254.9860565800168, 467.1680561863987], [0.0, 0.0, 1.0]], [[796.8910634503094, 0.0, 857.7774326863696], [0.0, 796.8910634503094, 476.8848988407415], [0.0, 0.0, 1.0]], [[1249.9629280788233, 0.0, 825.3768045375984], [0.0, 1249.9629280788233, 462.54816385708756], [0.0, 0.0, 1.0]]], "extrinsics": [[[0.8198829889297485, -0.5701152682304382, -0.052542004734277725, -0.735595703125], [-0.04263728857040405, 0.030716292560100555, -0.9986183643341064, 1.4742813110351562], [0.5709413886070251, 0.8209903836250305, 0.0008755994495004416, -1.15301513671875], [0.0, 0.0, 0.0, 1.0]], [[0.007346964906901121, -0.9996120929718018, -0.02686440572142601, 0.01220703125], [-0.04082046449184418, 0.02654293179512024, -0.9988138675689697, 1.4691162109375], [0.9991394877433777, 0.008434798568487167, -0.04060961678624153, -1.467529296875], [0.0, 0.0, 0.0, 1.0]], [[-0.8448017835617065, -0.5347646474838257, 0.01835089549422264, 0.9176025390625], [-0.0329524427652359, 0.017765291035175323, -0.9992990493774414, 1.4861869812011719], [0.5340637564659119, -0.8448142409324646, -0.03262995555996895, -1.1639404296875], [0.0, 0.0, 0.0, 1.0]], [[0.9468772411346436, 0.31838393211364746, -0.045333221554756165, -1.1385498046875], [-0.058736931532621384, 0.032620590180158615, -0.9977403879165649, 1.5616912841796875], [-0.3161858022212982, 0.9474004507064819, 0.04958858713507652, -0.15814208984375], [0.0, 0.0, 0.0, 1.0]], [[0.011105154640972614, 0.9996343851089478, 0.02465195581316948, -0.0294189453125], [-0.05657465010881424, 0.025242101401090622, -0.9980791807174683, 1.5635299682617188], [-0.998336672782898, 0.009689112193882465, 0.05683428421616554, -0.0350341796875], [0.0, 0.0, 0.0, 1.0]], [[-0.9220402836799622, 0.3839569091796875, 0.04918305203318596, 1.02099609375], [-0.05216885358095169, 0.0026412359438836575, -0.9986347556114197, 1.53997802734375], [-0.38356250524520874, -0.9233472943305969, 0.017595261335372925, -0.0986328125], [0.0, 0.0, 0.0, 1.0]]], "view": [[0.0, -2.0, 100.0], [-2.0, 0.0, 100.0], [0.0, 0.0, 1.0]], "bev": "bev_17bf3ef36add490baf88e41e63e089f2.png", "aux": "aux_17bf3ef36add490baf88e41e63e089f2.npz", "visibility": "visibility_17bf3ef36add490baf88e41e63e089f2.png", "pose": [[0.6375547647476196, -0.7704050540924072, 0.0, 1380.6400146484375], [0.7704050540924072, 0.6375547647476196, 0.0, 1138.7879638671875], [0.0, 0.0, 1.0, 0.0], [0.0, 0.0, 0.0, 1.0]], "pose_inverse": [[0.6375547647476196, 0.7704050540924072, 0.0, -1757.5616455078125], [-0.7704050540924072, 0.6375547647476196, 0.0, 337.61236572265625], [0.0, 0.0, 1.0, 0.0], [0.0, 0.0, 0.0, 1.0]], "cam_ids": [0, 1, 2, 3, 4, 5], "cam_channels": ["CAM_FRONT_LEFT", "CAM_FRONT", "CAM_FRONT_RIGHT", "CAM_BACK_LEFT", "CAM_BACK", "CAM_BACK_RIGHT"], "token": "17bf3ef36add490baf88e41e63e089f2", "scene": "scene-0590"}, {"images": ["samples/CAM_FRONT_LEFT/n008-2018-09-18-13-41-50-0400__CAM_FRONT_LEFT__1537292791854799.jpg", "samples/CAM_FRONT/n008-2018-09-18-13-41-50-0400__CAM_FRONT__1537292791862404.jpg", "samples/CAM_FRONT_RIGHT/n008-2018-09-18-13-41-50-0400__CAM_FRONT_RIGHT__1537292791870482.jpg", "samples/CAM_BACK_LEFT/n008-2018-09-18-13-41-50-0400__CAM_BACK_LEFT__1537292791897405.jpg", "samples/CAM_BACK/n008-2018-09-18-13-41-50-0400__CAM_BACK__1537292791887558.jpg", "samples/CAM_BACK_RIGHT/n008-2018-09-18-13-41-50-0400__CAM_BACK_RIGHT__1537292791878113.jpg"], "intrinsics": [[[1257.8625342125129, 0.0, 827.2410631095686], [0.0, 1257.8625342125129, 450.915498205774], [0.0, 0.0, 1.0]], [[1252.8131021185304, 0.0, 826.588114781398], [0.0, 1252.8131021185304, 469.9846626224581], [0.0, 0.0, 1.0]], [[1256.7485116440405, 0.0, 817.7887570959712], [0.0, 1256.7485116440403, 451.9541780095127], [0.0, 0.0, 1.0]], [[1254.9860565800168, 0.0, 829.5769333630991], [0.0, 1254.9860565800168, 467.1680561863987], [0.0, 0.0, 1.0]], [[796.8910634503094, 0.0, 857.7774326863696], [0.0, 796.8910634503094, 476.8848988407415], [0.0, 0.0, 1.0]], [[1249.9629280788233, 0.0, 825.3768045375984], [0.0, 1249.9629280788233, 462.54816385708756], [0.0, 0.0, 1.0]]], "extrinsics": [[[0.8188797235488892, -0.5713157653808594, -0.05508379638195038, -0.730224609375], [-0.046816419810056686, 0.02916586399078369, -0.9984776377677917, 1.4725875854492188], [0.5720526576042175, 0.8202119469642639, -0.002863628789782524, -1.1458740234375], [0.0, 0.0, 0.0, 1.0]], [[0.0061058178544044495, -0.9996603727340698, -0.02533605508506298, 0.010009765625], [-0.04491233825683594, 0.02503681369125843, -0.998677134513855, 1.4677581787109375], [0.9989722371101379, 0.007235567085444927, -0.04474421218037605, -1.460693359375], [0.0, 0.0, 0.0, 1.0]], [[-0.8451939821243286, -0.5339850187301636, 0.022517338395118713, 0.9122314453125], [-0.0369294174015522, 0.016317952424287796, -0.9991846084594727, 1.4852066040039062], [0.5331822037696838, -0.8453364372253418, -0.03351159393787384, -1.16259765625], [0.0, 0.0, 0.0, 1.0]], [[0.9467858672142029, 0.31810277700424194, -0.04906284436583519, -1.14111328125], [-0.06228170916438103, 0.03151264041662216, -0.997560977935791, 1.5618667602539062], [-0.315780907869339, 0.9475323557853699, 0.04964770749211311, -0.15673828125], [0.0, 0.0, 0.0, 1.0]], [[0.011637113988399506, 0.9996598362922668, 0.023337533697485924, -0.028717041015625], [-0.06014930084347725, 0.02399667538702488, -0.9979008436203003, 1.5632476806640625], [-0.9981215596199036, 0.010208998806774616, 0.0604080967605114, -0.035400390625], [0.0, 0.0, 0.0, 1.0]], [[-0.9215955138206482, 0.38463032245635986, 0.052163589745759964, 1.0186767578125], [-0.0559774674475193, 0.0012821991695091128, -0.9984312057495117, 1.5392074584960938], [-0.3840937316417694, -0.9230697154998779, 0.020348964259028435, -0.10113525390625], [0.0, 0.0, 0.0, 1.0]]], "view": [[0.0, -2.0, 100.0], [-2.0, 0.0, 100.0], [0.0, 0.0, 1.0]], "bev": "bev_5cc3ef4d272c4d91bf7d9aec521a7710.png", "aux": "aux_5cc3ef4d272c4d91bf7d9aec521a7710.npz", "visibility": "visibility_5cc3ef4d272c4d91bf7d9aec521a7710.png", "pose": [[0.6186011433601379, -0.7857051491737366, 0.0, 1383.06494140625], [0.7857051491737366, 0.6186011433601379, 0.0, 1141.713623046875], [0.0, 0.0, 1.0, 0.0], [0.0, 0.0, 0.0, 1.0]], "pose_inverse": [[0.6186011433601379, 0.7857051491737366, 0.0, -1752.6158447265625], [-0.7857051491737366, 0.6186011433601379, 0.0, 380.4159240722656], [0.0, 0.0, 1.0, 0.0], [0.0, 0.0, 0.0, 1.0]], "cam_ids": [0, 1, 2, 3, 4, 5], "cam_channels": ["CAM_FRONT_LEFT", "CAM_FRONT", "CAM_FRONT_RIGHT", "CAM_BACK_LEFT", "CAM_BACK", "CAM_BACK_RIGHT"], "token": "5cc3ef4d272c4d91bf7d9aec521a7710", "scene": "scene-0590"}, {"images": ["samples/CAM_FRONT_LEFT/n008-2018-09-18-13-41-50-0400__CAM_FRONT_LEFT__1537292792354799.jpg", "samples/CAM_FRONT/n008-2018-09-18-13-41-50-0400__CAM_FRONT__1537292792362404.jpg", "samples/CAM_FRONT_RIGHT/n008-2018-09-18-13-41-50-0400__CAM_FRONT_RIGHT__1537292792370482.jpg", "samples/CAM_BACK_LEFT/n008-2018-09-18-13-41-50-0400__CAM_BACK_LEFT__1537292792397405.jpg", "samples/CAM_BACK/n008-2018-09-18-13-41-50-0400__CAM_BACK__1537292792387558.jpg", "samples/CAM_BACK_RIGHT/n008-2018-09-18-13-41-50-0400__CAM_BACK_RIGHT__1537292792378113.jpg"], "intrinsics": [[[1257.8625342125129, 0.0, 827.2410631095686], [0.0, 1257.8625342125129, 450.915498205774], [0.0, 0.0, 1.0]], [[1252.8131021185304, 0.0, 826.588114781398], [0.0, 1252.8131021185304, 469.9846626224581], [0.0, 0.0, 1.0]], [[1256.7485116440405, 0.0, 817.7887570959712], [0.0, 1256.7485116440403, 451.9541780095127], [0.0, 0.0, 1.0]], [[1254.9860565800168, 0.0, 829.5769333630991], [0.0, 1254.9860565800168, 467.1680561863987], [0.0, 0.0, 1.0]], [[796.8910634503094, 0.0, 857.7774326863696], [0.0, 796.8910634503094, 476.8848988407415], [0.0, 0.0, 1.0]], [[1249.9629280788233, 0.0, 825.3768045375984], [0.0, 1249.9629280788233, 462.54816385708756], [0.0, 0.0, 1.0]]], "extrinsics": [[[0.8189822435379028, -0.5712766647338867, -0.05395432934165001, -0.7293701171875], [-0.049537934362888336, 0.0232860017567873, -0.9985007047653198, 1.4717025756835938], [0.5716765522956848, 0.8204271793365479, -0.009229045361280441, -1.14947509765625], [0.0, 0.0, 0.0, 1.0]], [[0.0064939213916659355, -0.9997913837432861, -0.01936570554971695, 0.012847900390625], [-0.047128353267908096, 0.019038597121834755, -0.9987074136734009, 1.4671783447265625], [0.9988677501678467, 0.007398299407213926, -0.0469948835670948, -1.4620361328125], [0.0, 0.0, 0.0, 1.0]], [[-0.8449457287788391, -0.5341553688049316, 0.027288760989904404, 0.9146728515625], [-0.03874452784657478, 0.01024081464856863, -0.9991966485977173, 1.4848480224609375], [0.5334468483924866, -0.8453243374824524, -0.02934853360056877, -1.1612548828125], [0.0, 0.0, 0.0, 1.0]], [[0.9464834332466125, 0.31862547993659973, -0.051448285579681396, -1.145263671875], [-0.06274891644716263, 0.02529742196202278, -0.9977086782455444, 1.5620880126953125], [-0.3165939748287201, 0.9475430846214294, 0.04393699765205383, -0.15679931640625], [0.0, 0.0, 0.0, 1.0]], [[0.011072207242250443, 0.9997915029525757, 0.01715884357690811, -0.030303955078125], [-0.06122558191418648, 0.017805548384785652, -0.9979650974273682, 1.5632858276367188], [-0.9980625510215759, 0.009999231435358524, 0.06140996143221855, -0.0328369140625], [0.0, 0.0, 0.0, 1.0]], [[-0.9216400384902954, 0.38464710116386414, 0.05124681070446968, 1.0186767578125], [-0.05752914771437645, -0.004835150670260191, -0.998332142829895, 1.5390548706054688], [-0.38375771045684814, -0.9230509996414185, 0.0265846885740757, -0.099090576171875], [0.0, 0.0, 0.0, 1.0]]], "view": [[0.0, -2.0, 100.0], [-2.0, 0.0, 100.0], [0.0, 0.0, 1.0]], "bev": "bev_994410d3a4c14ef786b0f31c7b253a56.png", "aux": "aux_994410d3a4c14ef786b0f31c7b253a56.npz", "visibility": "visibility_994410d3a4c14ef786b0f31c7b253a56.png", "pose": [[0.5896454453468323, -0.8076622486114502, 0.0, 1385.4793701171875], [0.8076622486114502, 0.5896454453468323, 0.0, 1144.814697265625], [0.0, 0.0, 1.0, 0.0], [0.0, 0.0, 0.0, 1.0]], "pose_inverse": [[0.5896454453468323, 0.8076622486114502, 0.0, -1741.565185546875], [-0.8076622486114502, 0.5896454453468323, 0.0, 443.9645690917969], [0.0, 0.0, 1.0, 0.0], [0.0, 0.0, 0.0, 1.0]], "cam_ids": [0, 1, 2, 3, 4, 5], "cam_channels": ["CAM_FRONT_LEFT", "CAM_FRONT", "CAM_FRONT_RIGHT", "CAM_BACK_LEFT", "CAM_BACK", "CAM_BACK_RIGHT"], "token": "994410d3a4c14ef786b0f31c7b253a56", "scene": "scene-0590"}, {"images": ["samples/CAM_FRONT_LEFT/n008-2018-09-18-13-41-50-0400__CAM_FRONT_LEFT__1537292792854799.jpg", "samples/CAM_FRONT/n008-2018-09-18-13-41-50-0400__CAM_FRONT__1537292792862404.jpg", "samples/CAM_FRONT_RIGHT/n008-2018-09-18-13-41-50-0400__CAM_FRONT_RIGHT__1537292792870482.jpg", "samples/CAM_BACK_LEFT/n008-2018-09-18-13-41-50-0400__CAM_BACK_LEFT__1537292792897405.jpg", "samples/CAM_BACK/n008-2018-09-18-13-41-50-0400__CAM_BACK__1537292792887558.jpg", "samples/CAM_BACK_RIGHT/n008-2018-09-18-13-41-50-0400__CAM_BACK_RIGHT__1537292792878113.jpg"], "intrinsics": [[[1257.8625342125129, 0.0, 827.2410631095686], [0.0, 1257.8625342125129, 450.915498205774], [0.0, 0.0, 1.0]], [[1252.8131021185304, 0.0, 826.588114781398], [0.0, 1252.8131021185304, 469.9846626224581], [0.0, 0.0, 1.0]], [[1256.7485116440405, 0.0, 817.7887570959712], [0.0, 1256.7485116440403, 451.9541780095127], [0.0, 0.0, 1.0]], [[1254.9860565800168, 0.0, 829.5769333630991], [0.0, 1254.9860565800168, 467.1680561863987], [0.0, 0.0, 1.0]], [[796.8910634503094, 0.0, 857.7774326863696], [0.0, 796.8910634503094, 476.8848988407415], [0.0, 0.0, 1.0]], [[1249.9629280788233, 0.0, 825.3768045375984], [0.0, 1249.9629280788233, 462.54816385708756], [0.0, 0.0, 1.0]]], "extrinsics": [[[0.8189648389816284, -0.5720422267913818, -0.04543553292751312, -0.7296142578125], [-0.041290946304798126, 0.020228663459420204, -0.9989423751831055, 1.4744491577148438], [0.5723562836647034, 0.8199747800827026, -0.007053599692881107, -1.1451416015625], [0.0, 0.0, 0.0, 1.0]], [[0.006047877948731184, -0.9998486638069153, -0.016308866441249847, 0.00970458984375], [-0.03951674699783325, 0.016057457774877548, -0.9990898966789246, 1.469268798828125], [0.9992005825042725, 0.006686878856271505, -0.039413657039403915, -1.46044921875], [0.0, 0.0, 0.0, 1.0]], [[-0.8453361392021179, -0.533741295337677, 0.022956470027565956, 0.9124755859375], [-0.03174930438399315, 0.007296698167920113, -0.9994692206382751, 1.4863204956054688], [0.5332905054092407, -0.845616340637207, -0.023114079609513283, -1.1627197265625], [0.0, 0.0, 0.0, 1.0]], [[0.9469691514968872, 0.3177626430988312, -0.04771044850349426, -1.1397705078125], [-0.057799097150564194, 0.022391723468899727, -0.9980770945549011, 1.5618133544921875], [-0.31608331203460693, 0.9479057788848877, 0.03957067430019379, -0.15673828125], [0.0, 0.0, 0.0, 1.0]], [[0.011444522999227047, 0.9998327493667603, 0.014262750744819641, -0.02850341796875], [-0.05534353479743004, 0.014875179156661034, -0.9983565211296082, 1.5636138916015625], [-0.9984017610549927, 0.010636481456458569, 0.05550452321767807, -0.03564453125], [0.0, 0.0, 0.0, 1.0]], [[-0.9218617677688599, 0.38499975204467773, 0.044114481657743454, 1.01904296875], [-0.051037006080150604, -0.007775094825774431, -0.9986664652824402, 1.5400161743164062], [-0.3841433525085449, -0.9228839874267578, 0.026816796511411667, -0.10107421875], [0.0, 0.0, 0.0, 1.0]]], "view": [[0.0, -2.0, 100.0], [-2.0, 0.0, 100.0], [0.0, 0.0, 1.0]], "bev": "bev_21b6daa5081445a3b5f0b46a910384ce.png", "aux": "aux_21b6daa5081445a3b5f0b46a910384ce.npz", "visibility": "visibility_21b6daa5081445a3b5f0b46a910384ce.png", "pose": [[0.557054877281189, -0.8304756879806519, 0.0, 1387.76416015625], [0.8304756879806519, 0.557054877281189, 0.0, 1148.007568359375], [0.0, 0.0, 1.0, 0.0], [0.0, 0.0, 0.0, 1.0]], "pose_inverse": [[0.557054877281189, 0.8304756879806519, 0.0, -1726.453125], [-0.8304756879806519, 0.557054877281189, 0.0, 513.0011596679688], [0.0, 0.0, 1.0, 0.0], [0.0, 0.0, 0.0, 1.0]], "cam_ids": [0, 1, 2, 3, 4, 5], "cam_channels": ["CAM_FRONT_LEFT", "CAM_FRONT", "CAM_FRONT_RIGHT", "CAM_BACK_LEFT", "CAM_BACK", "CAM_BACK_RIGHT"], "token": "21b6daa5081445a3b5f0b46a910384ce", "scene": "scene-0590"}, {"images": ["samples/CAM_FRONT_LEFT/n008-2018-09-18-13-41-50-0400__CAM_FRONT_LEFT__1537292793354799.jpg", "samples/CAM_FRONT/n008-2018-09-18-13-41-50-0400__CAM_FRONT__1537292793362404.jpg", "samples/CAM_FRONT_RIGHT/n008-2018-09-18-13-41-50-0400__CAM_FRONT_RIGHT__1537292793370482.jpg", "samples/CAM_BACK_LEFT/n008-2018-09-18-13-41-50-0400__CAM_BACK_LEFT__1537292793397405.jpg", "samples/CAM_BACK/n008-2018-09-18-13-41-50-0400__CAM_BACK__1537292793387558.jpg", "samples/CAM_BACK_RIGHT/n008-2018-09-18-13-41-50-0400__CAM_BACK_RIGHT__1537292793378113.jpg"], "intrinsics": [[[1257.8625342125129, 0.0, 827.2410631095686], [0.0, 1257.8625342125129, 450.915498205774], [0.0, 0.0, 1.0]], [[1252.8131021185304, 0.0, 826.588114781398], [0.0, 1252.8131021185304, 469.9846626224581], [0.0, 0.0, 1.0]], [[1256.7485116440405, 0.0, 817.7887570959712], [0.0, 1256.7485116440403, 451.9541780095127], [0.0, 0.0, 1.0]], [[1254.9860565800168, 0.0, 829.5769333630991], [0.0, 1254.9860565800168, 467.1680561863987], [0.0, 0.0, 1.0]], [[796.8910634503094, 0.0, 857.7774326863696], [0.0, 796.8910634503094, 476.8848988407415], [0.0, 0.0, 1.0]], [[1249.9629280788233, 0.0, 825.3768045375984], [0.0, 1249.9629280788233, 462.54816385708756], [0.0, 0.0, 1.0]]], "extrinsics": [[[0.8206064701080322, -0.5694448351860046, -0.04834858328104019, -0.7310791015625], [-0.0479179322719574, 0.015743883326649666, -0.9987272024154663, 1.4723663330078125], [0.5694813132286072, 0.8218787312507629, -0.01436709426343441, -1.146728515625], [0.0, 0.0, 0.0, 1.0]], [[0.008766872808337212, -0.9998870491981506, -0.012201942503452301, 0.0101318359375], [-0.04591676965355873, 0.011787006631493568, -0.9988757371902466, 1.4676055908203125], [0.9989067316055298, 0.009317292831838131, -0.04580824822187424, -1.462158203125], [0.0, 0.0, 0.0, 1.0]], [[-0.8440067172050476, -0.5354810953140259, 0.03021283447742462, 0.91357421875], [-0.037861425429582596, 0.003294769674539566, -0.9992775321006775, 1.4850845336914062], [0.5349946618080139, -0.8445408344268799, -0.023054886609315872, -1.1634521484375], [0.0, 0.0, 0.0, 1.0]], [[0.9465710520744324, 0.3179953396320343, -0.05368569865822792, -1.1419677734375], [-0.06305740773677826, 0.019243746995925903, -0.9978243708610535, 1.561920166015625], [-0.3162704408168793, 0.9478968977928162, 0.03826754167675972, -0.1566162109375], [0.0, 0.0, 0.0, 1.0]], [[0.010520529933273792, 0.999885618686676, 0.010867185890674591, -0.02874755859375], [-0.061167970299720764, 0.011490954086184502, -0.9980612993240356, 1.5632476806640625], [-0.9980720281600952, 0.009835409931838512, 0.06128186732530594, -0.0338134765625], [0.0, 0.0, 0.0, 1.0]], [[-0.9222018718719482, 0.38370391726493835, 0.04811429977416992, 1.0201416015625], [-0.056882355362176895, -0.011529253795742989, -0.9983143210411072, 1.5391921997070312], [-0.38250237703323364, -0.9233842492103577, 0.03245827928185463, -0.1005859375], [0.0, 0.0, 0.0, 1.0]]], "view": [[0.0, -2.0, 100.0], [-2.0, 0.0, 100.0], [0.0, 0.0, 1.0]], "bev": "bev_d7520faa18e64c898da3c77a157d1013.png", "aux": "aux_d7520faa18e64c898da3c77a157d1013.npz", "visibility": "visibility_d7520faa18e64c898da3c77a157d1013.png", "pose": [[0.5418566465377808, -0.8404709100723267, 0.0, 1389.960205078125], [0.8404709100723267, 0.5418566465377808, 0.0, 1151.2821044921875], [0.0, 0.0, 1.0, 0.0], [0.0, 0.0, 0.0, 1.0]], "pose_inverse": [[0.5418566465377808, 0.8404709100723267, 0.0, -1720.7783203125], [-0.8404709100723267, 0.5418566465377808, 0.0, 544.3912963867188], [0.0, 0.0, 1.0, 0.0], [0.0, 0.0, 0.0, 1.0]], "cam_ids": [0, 1, 2, 3, 4, 5], "cam_channels": ["CAM_FRONT_LEFT", "CAM_FRONT", "CAM_FRONT_RIGHT", "CAM_BACK_LEFT", "CAM_BACK", "CAM_BACK_RIGHT"], "token": "d7520faa18e64c898da3c77a157d1013", "scene": "scene-0590"}, {"images": ["samples/CAM_FRONT_LEFT/n008-2018-09-18-13-41-50-0400__CAM_FRONT_LEFT__1537292793854799.jpg", "samples/CAM_FRONT/n008-2018-09-18-13-41-50-0400__CAM_FRONT__1537292793862404.jpg", "samples/CAM_FRONT_RIGHT/n008-2018-09-18-13-41-50-0400__CAM_FRONT_RIGHT__1537292793870482.jpg", "samples/CAM_BACK_LEFT/n008-2018-09-18-13-41-50-0400__CAM_BACK_LEFT__1537292793897405.jpg", "samples/CAM_BACK/n008-2018-09-18-13-41-50-0400__CAM_BACK__1537292793887558.jpg", "samples/CAM_BACK_RIGHT/n008-2018-09-18-13-41-50-0400__CAM_BACK_RIGHT__1537292793878113.jpg"], "intrinsics": [[[1257.8625342125129, 0.0, 827.2410631095686], [0.0, 1257.8625342125129, 450.915498205774], [0.0, 0.0, 1.0]], [[1252.8131021185304, 0.0, 826.588114781398], [0.0, 1252.8131021185304, 469.9846626224581], [0.0, 0.0, 1.0]], [[1256.7485116440405, 0.0, 817.7887570959712], [0.0, 1256.7485116440403, 451.9541780095127], [0.0, 0.0, 1.0]], [[1254.9860565800168, 0.0, 829.5769333630991], [0.0, 1254.9860565800168, 467.1680561863987], [0.0, 0.0, 1.0]], [[796.8910634503094, 0.0, 857.7774326863696], [0.0, 796.8910634503094, 476.8848988407415], [0.0, 0.0, 1.0]], [[1249.9629280788233, 0.0, 825.3768045375984], [0.0, 1249.9629280788233, 462.54816385708756], [0.0, 0.0, 1.0]]], "extrinsics": [[[0.8205918669700623, -0.5690101981163025, -0.05344652011990547, -0.7470703125], [-0.046953797340393066, 0.026079442352056503, -0.9985565543174744, 1.4735336303710938], [0.5695827603340149, 0.821916937828064, -0.005316618829965591, -1.152587890625], [0.0, 0.0, 0.0, 1.0]], [[0.00859745591878891, -0.999712347984314, -0.022385546937584877, 0.00640869140625], [-0.04522328078746796, 0.021974748000502586, -0.9987351894378662, 1.468414306640625], [0.9989399313926697, 0.00959890615195036, -0.04502134770154953, -1.474609375], [0.0, 0.0, 0.0, 1.0]], [[-0.8441447019577026, -0.5355581641197205, 0.02443569526076317, 0.9190673828125], [-0.037335462868213654, 0.013257244601845741, -0.9992148280143738, 1.4855270385742188], [0.5348137617111206, -0.8443942666053772, -0.03118634782731533, -1.170166015625], [0.0, 0.0, 0.0, 1.0]], [[0.9468337893486023, 0.31765586137771606, -0.05099546164274216, -1.138427734375], [-0.06323616206645966, 0.028336480259895325, -0.9975962042808533, 1.5617446899414062], [-0.3154473602771759, 0.947782576084137, 0.04691728204488754, -0.15673828125], [0.0, 0.0, 0.0, 1.0]], [[0.011052552610635757, 0.9997347593307495, 0.020205475389957428, -0.027099609375], [-0.06079578399658203, 0.020841175690293312, -0.9979325532913208, 1.5633392333984375], [-0.998089075088501, 0.009801294654607773, 0.06101001426577568, -0.033447265625], [0.0, 0.0, 0.0, 1.0]], [[-0.9221199750900269, 0.3834752142429352, 0.05139505863189697, 1.02490234375], [-0.05641159415245056, -0.0018387780291959643, -0.998405933380127, 1.53948974609375], [-0.3827694356441498, -0.9235492944717407, 0.023328019306063652, -0.100860595703125], [0.0, 0.0, 0.0, 1.0]]], "view": [[0.0, -2.0, 100.0], [-2.0, 0.0, 100.0], [0.0, 0.0, 1.0]], "bev": "bev_38550e678b4546c4953f2d43d192442b.png", "aux": "aux_38550e678b4546c4953f2d43d192442b.npz", "visibility": "visibility_38550e678b4546c4953f2d43d192442b.png", "pose": [[0.5401116609573364, -0.8415933847427368, 0.0, 1392.0045166015625], [0.8415933847427368, 0.5401116609573364, 0.0, 1154.44873046875], [0.0, 0.0, 1.0, 0.0], [0.0, 0.0, 0.0, 1.0]], "pose_inverse": [[0.5401116609573364, 0.8415933847427368, 0.0, -1723.414306640625], [-0.8415933847427368, 0.5401116609573364, 0.0, 547.9705810546875], [0.0, 0.0, 1.0, 0.0], [0.0, 0.0, 0.0, 1.0]], "cam_ids": [0, 1, 2, 3, 4, 5], "cam_channels": ["CAM_FRONT_LEFT", "CAM_FRONT", "CAM_FRONT_RIGHT", "CAM_BACK_LEFT", "CAM_BACK", "CAM_BACK_RIGHT"], "token": "38550e678b4546c4953f2d43d192442b", "scene": "scene-0590"}, {"images": ["samples/CAM_FRONT_LEFT/n008-2018-09-18-13-41-50-0400__CAM_FRONT_LEFT__1537292794354799.jpg", "samples/CAM_FRONT/n008-2018-09-18-13-41-50-0400__CAM_FRONT__1537292794362404.jpg", "samples/CAM_FRONT_RIGHT/n008-2018-09-18-13-41-50-0400__CAM_FRONT_RIGHT__1537292794370482.jpg", "samples/CAM_BACK_LEFT/n008-2018-09-18-13-41-50-0400__CAM_BACK_LEFT__1537292794397405.jpg", "samples/CAM_BACK/n008-2018-09-18-13-41-50-0400__CAM_BACK__1537292794387558.jpg", "samples/CAM_BACK_RIGHT/n008-2018-09-18-13-41-50-0400__CAM_BACK_RIGHT__1537292794378113.jpg"], "intrinsics": [[[1257.8625342125129, 0.0, 827.2410631095686], [0.0, 1257.8625342125129, 450.915498205774], [0.0, 0.0, 1.0]], [[1252.8131021185304, 0.0, 826.588114781398], [0.0, 1252.8131021185304, 469.9846626224581], [0.0, 0.0, 1.0]], [[1256.7485116440405, 0.0, 817.7887570959712], [0.0, 1256.7485116440403, 451.9541780095127], [0.0, 0.0, 1.0]], [[1254.9860565800168, 0.0, 829.5769333630991], [0.0, 1254.9860565800168, 467.1680561863987], [0.0, 0.0, 1.0]], [[796.8910634503094, 0.0, 857.7774326863696], [0.0, 796.8910634503094, 476.8848988407415], [0.0, 0.0, 1.0]], [[1249.9629280788233, 0.0, 825.3768045375984], [0.0, 1249.9629280788233, 462.54816385708756], [0.0, 0.0, 1.0]]], "extrinsics": [[[0.8205538392066956, -0.5686553716659546, -0.057640742510557175, -0.7593994140625], [-0.04900212958455086, 0.030485576018691063, -0.9983333349227905, 1.4736328125], [0.5694647431373596, 0.8220108151435852, -0.0028502659406512976, -1.1630859375], [0.0, 0.0, 0.0, 1.0]], [[0.008601651526987553, -0.9996001720428467, -0.026935501024127007, 0.0078125], [-0.047148749232292175, 0.026501117274165154, -0.9985362887382507, 1.4684829711914062], [0.9988508224487305, 0.009858986362814903, -0.046901945024728775, -1.4874267578125], [0.0, 0.0, 0.0, 1.0]], [[-0.844108521938324, -0.5356576442718506, 0.023486971855163574, 0.9281005859375], [-0.03916601464152336, 0.017912909388542175, -0.9990721344947815, 1.4855194091796875], [0.5347399115562439, -0.8442452549934387, -0.03610001876950264, -1.1744384765625], [0.0, 0.0, 0.0, 1.0]], [[0.9466477632522583, 0.31822657585144043, -0.05088960751891136, -1.1334228515625], [-0.0648115947842598, 0.03330783545970917, -0.9973414540290833, 1.5613250732421875], [-0.31568560004234314, 0.947429358959198, 0.05215556547045708, -0.1597900390625], [0.0, 0.0, 0.0, 1.0]], [[0.010990068316459656, 0.9996246695518494, 0.025094177573919296, -0.02825927734375], [-0.06242639571428299, 0.025732630863785744, -0.9977177381515503, 1.5632400512695312], [-0.9979890584945679, 0.00939846970140934, 0.0626857727766037, -0.03271484375], [0.0, 0.0, 0.0, 1.0]], [[-0.9219969511032104, 0.38329213857650757, 0.05485222116112709, 1.0306396484375], [-0.058174796402454376, 0.0029275487177073956, -0.9983021020889282, 1.53961181640625], [-0.38280189037323, -0.9236225485801697, 0.01959874853491783, -0.097259521484375], [0.0, 0.0, 0.0, 1.0]]], "view": [[0.0, -2.0, 100.0], [-2.0, 0.0, 100.0], [0.0, 0.0, 1.0]], "bev": "bev_0fb73d02bb1e478cb3b0b816d7327460.png", "aux": "aux_0fb73d02bb1e478cb3b0b816d7327460.npz", "visibility": "visibility_0fb73d02bb1e478cb3b0b816d7327460.png", "pose": [[0.5437039136886597, -0.8392770886421204, 0.0, 1393.886474609375], [0.8392770886421204, 0.5437039136886597, 0.0, 1157.379150390625], [0.0, 0.0, 1.0, 0.0], [0.0, 0.0, 0.0, 1.0]], "pose_inverse": [[0.5437039136886597, 0.8392770886421204, 0.0, -1729.223388671875], [-0.8392770886421204, 0.5437039136886597, 0.0, 540.58544921875], [0.0, 0.0, 1.0, 0.0], [0.0, 0.0, 0.0, 1.0]], "cam_ids": [0, 1, 2, 3, 4, 5], "cam_channels": ["CAM_FRONT_LEFT", "CAM_FRONT", "CAM_FRONT_RIGHT", "CAM_BACK_LEFT", "CAM_BACK", "CAM_BACK_RIGHT"], "token": "0fb73d02bb1e478cb3b0b816d7327460", "scene": "scene-0590"}, {"images": ["samples/CAM_FRONT_LEFT/n008-2018-09-18-13-41-50-0400__CAM_FRONT_LEFT__1537292794854799.jpg", "samples/CAM_FRONT/n008-2018-09-18-13-41-50-0400__CAM_FRONT__1537292794862404.jpg", "samples/CAM_FRONT_RIGHT/n008-2018-09-18-13-41-50-0400__CAM_FRONT_RIGHT__1537292794870482.jpg", "samples/CAM_BACK_LEFT/n008-2018-09-18-13-41-50-0400__CAM_BACK_LEFT__1537292794897405.jpg", "samples/CAM_BACK/n008-2018-09-18-13-41-50-0400__CAM_BACK__1537292794887558.jpg", "samples/CAM_BACK_RIGHT/n008-2018-09-18-13-41-50-0400__CAM_BACK_RIGHT__1537292794878113.jpg"], "intrinsics": [[[1257.8625342125129, 0.0, 827.2410631095686], [0.0, 1257.8625342125129, 450.915498205774], [0.0, 0.0, 1.0]], [[1252.8131021185304, 0.0, 826.588114781398], [0.0, 1252.8131021185304, 469.9846626224581], [0.0, 0.0, 1.0]], [[1256.7485116440405, 0.0, 817.7887570959712], [0.0, 1256.7485116440403, 451.9541780095127], [0.0, 0.0, 1.0]], [[1254.9860565800168, 0.0, 829.5769333630991], [0.0, 1254.9860565800168, 467.1680561863987], [0.0, 0.0, 1.0]], [[796.8910634503094, 0.0, 857.7774326863696], [0.0, 796.8910634503094, 476.8848988407415], [0.0, 0.0, 1.0]], [[1249.9629280788233, 0.0, 825.3768045375984], [0.0, 1249.9629280788233, 462.54816385708756], [0.0, 0.0, 1.0]]], "extrinsics": [[[0.8215582966804504, -0.5673689246177673, -0.05598870664834976, -0.78857421875], [-0.04843420535326004, 0.028392253443598747, -0.9984227418899536, 1.4755401611328125], [0.5680636763572693, 0.8229742050170898, -0.004154170397669077, -1.182373046875], [0.0, 0.0, 0.0, 1.0]], [[0.010127506218850613, -0.9996397495269775, -0.02485801838338375, 0.00689697265625], [-0.04642416536808014, 0.02436244860291481, -0.9986246824264526, 1.4700775146484375], [0.9988703727722168, 0.01126748975366354, -0.046160709112882614, -1.5172119140625], [0.0, 0.0, 0.0, 1.0]], [[-0.8434462547302246, -0.536681592464447, 0.023900076746940613, 0.9476318359375], [-0.038331471383571625, 0.015746748074889183, -0.9991409778594971, 1.4865951538085938], [0.5358442664146423, -0.8436379432678223, -0.033853329718112946, -1.1875], [0.0, 0.0, 0.0, 1.0]], [[0.9466667175292969, 0.31828320026397705, -0.050180550664663315, -1.13525390625], [-0.06331855803728104, 0.03106028400361538, -0.9975098967552185, 1.5614700317382812], [-0.315932035446167, 0.9474866986274719, 0.04955696687102318, -0.1590576171875], [0.0, 0.0, 0.0, 1.0]], [[0.010324576869606972, 0.9996848106384277, 0.022884132340550423, -0.028076171875], [-0.061308853328228, 0.023475155234336853, -0.9978426694869995, 1.5639495849609375], [-0.9980654120445251, 0.00889927800744772, 0.061531901359558105, -0.022705078125], [0.0, 0.0, 0.0, 1.0]], [[-0.9224494099617004, 0.38243845105171204, 0.05317839980125427, 1.04736328125], [-0.05725928395986557, 0.00071213353658095, -0.9983590841293335, 1.5407638549804688], [-0.3818487823009491, -0.9239806532859802, 0.02124124765396118, -0.0909576416015625], [0.0, 0.0, 0.0, 1.0]]], "view": [[0.0, -2.0, 100.0], [-2.0, 0.0, 100.0], [0.0, 0.0, 1.0]], "bev": "bev_128fe8a188da4d4bbabd0c3c4ff3403d.png", "aux": "aux_128fe8a188da4d4bbabd0c3c4ff3403d.npz", "visibility": "visibility_128fe8a188da4d4bbabd0c3c4ff3403d.png", "pose": [[0.5516039729118347, -0.8341061472892761, 0.0, 1395.6307373046875], [0.8341061472892761, 0.5516039729118347, 0.0, 1160.0548095703125], [0.0, 0.0, 1.0, 0.0], [0.0, 0.0, 0.0, 1.0]], "pose_inverse": [[0.5516039729118347, 0.8341061472892761, 0.0, -1737.4443359375], [-0.8341061472892761, 0.5516039729118347, 0.0, 524.2133178710938], [0.0, 0.0, 1.0, 0.0], [0.0, 0.0, 0.0, 1.0]], "cam_ids": [0, 1, 2, 3, 4, 5], "cam_channels": ["CAM_FRONT_LEFT", "CAM_FRONT", "CAM_FRONT_RIGHT", "CAM_BACK_LEFT", "CAM_BACK", "CAM_BACK_RIGHT"], "token": "128fe8a188da4d4bbabd0c3c4ff3403d", "scene": "scene-0590"}, {"images": ["samples/CAM_FRONT_LEFT/n008-2018-09-18-13-41-50-0400__CAM_FRONT_LEFT__1537292795354800.jpg", "samples/CAM_FRONT/n008-2018-09-18-13-41-50-0400__CAM_FRONT__1537292795362404.jpg", "samples/CAM_FRONT_RIGHT/n008-2018-09-18-13-41-50-0400__CAM_FRONT_RIGHT__1537292795370482.jpg", "samples/CAM_BACK_LEFT/n008-2018-09-18-13-41-50-0400__CAM_BACK_LEFT__1537292795397405.jpg", "samples/CAM_BACK/n008-2018-09-18-13-41-50-0400__CAM_BACK__1537292795387558.jpg", "samples/CAM_BACK_RIGHT/n008-2018-09-18-13-41-50-0400__CAM_BACK_RIGHT__1537292795378113.jpg"], "intrinsics": [[[1257.8625342125129, 0.0, 827.2410631095686], [0.0, 1257.8625342125129, 450.915498205774], [0.0, 0.0, 1.0]], [[1252.8131021185304, 0.0, 826.588114781398], [0.0, 1252.8131021185304, 469.9846626224581], [0.0, 0.0, 1.0]], [[1256.7485116440405, 0.0, 817.7887570959712], [0.0, 1256.7485116440403, 451.9541780095127], [0.0, 0.0, 1.0]], [[1254.9860565800168, 0.0, 829.5769333630991], [0.0, 1254.9860565800168, 467.1680561863987], [0.0, 0.0, 1.0]], [[796.8910634503094, 0.0, 857.7774326863696], [0.0, 796.8910634503094, 476.8848988407415], [0.0, 0.0, 1.0]], [[1249.9629280788233, 0.0, 825.3768045375984], [0.0, 1249.9629280788233, 462.54816385708756], [0.0, 0.0, 1.0]]], "extrinsics": [[[0.8222280144691467, -0.5664932131767273, -0.055013787001371384, -0.80029296875], [-0.050017885863780975, 0.02436475083231926, -0.9984510540962219, 1.47589111328125], [0.5669562220573425, 0.8237060904502869, -0.008301421999931335, -1.19573974609375], [0.0, 0.0, 0.0, 1.0]], [[0.011157223954796791, -0.999721348285675, -0.02079918421804905, 0.010040283203125], [-0.04806709662079811, 0.020240221172571182, -0.9986390471458435, 1.470306396484375], [0.9987818002700806, 0.012141815386712551, -0.04782788082957268, -1.5308837890625], [0.0, 0.0, 0.0, 1.0]], [[-0.8429610729217529, -0.5372673273086548, 0.02757459320127964, 0.957763671875], [-0.04003489390015602, 0.011534679681062698, -0.9991316795349121, 1.4866867065429688], [0.5364827513694763, -0.8433330655097961, -0.03123273141682148, -1.1907958984375], [0.0, 0.0, 0.0, 1.0]], [[0.9465072751045227, 0.3182089328765869, -0.0535447932779789, -1.1339111328125], [-0.06538372486829758, 0.026633406057953835, -0.997504711151123, 1.5613479614257812], [-0.3159888684749603, 0.9476463794708252, 0.04601440206170082, -0.1595458984375], [0.0, 0.0, 0.0, 1.0]], [[0.009991454891860485, 0.9997785091400146, 0.018522415310144424, -0.029144287109375], [-0.06332682073116302, 0.01911880634725094, -0.9978097081184387, 1.5639724731445312], [-0.9979428052902222, 0.008796561509370804, 0.06350382417440414, -0.019775390625], [0.0, 0.0, 0.0, 1.0]], [[-0.922579824924469, 0.38212111592292786, 0.0531977079808712, 1.052978515625], [-0.0590437613427639, -0.0035800712648779154, -0.9982489943504333, 1.5409622192382812], [-0.38126152753829956, -0.9241052865982056, 0.02586476504802704, -0.0865936279296875], [0.0, 0.0, 0.0, 1.0]]], "view": [[0.0, -2.0, 100.0], [-2.0, 0.0, 100.0], [0.0, 0.0, 1.0]], "bev": "bev_43c48e1caef7425eb36e1e3374f48e3c.png", "aux": "aux_43c48e1caef7425eb36e1e3374f48e3c.npz", "visibility": "visibility_43c48e1caef7425eb36e1e3374f48e3c.png", "pose": [[0.5794848203659058, -0.8149830102920532, 0.0, 1397.2845458984375], [0.8149830102920532, 0.5794848203659058, 0.0, 1162.43798828125], [0.0, 0.0, 1.0, 0.0], [0.0, 0.0, 0.0, 1.0]], "pose_inverse": [[0.5794848203659058, 0.8149830102920532, 0.0, -1757.0723876953125], [-0.8149830102920532, 0.5794848203659058, 0.0, 465.14794921875], [0.0, 0.0, 1.0, 0.0], [0.0, 0.0, 0.0, 1.0]], "cam_ids": [0, 1, 2, 3, 4, 5], "cam_channels": ["CAM_FRONT_LEFT", "CAM_FRONT", "CAM_FRONT_RIGHT", "CAM_BACK_LEFT", "CAM_BACK", "CAM_BACK_RIGHT"], "token": "43c48e1caef7425eb36e1e3374f48e3c", "scene": "scene-0590"}, {"images": ["samples/CAM_FRONT_LEFT/n008-2018-09-18-13-41-50-0400__CAM_FRONT_LEFT__1537292795904799.jpg", "samples/CAM_FRONT/n008-2018-09-18-13-41-50-0400__CAM_FRONT__1537292795912404.jpg", "samples/CAM_FRONT_RIGHT/n008-2018-09-18-13-41-50-0400__CAM_FRONT_RIGHT__1537292795920482.jpg", "samples/CAM_BACK_LEFT/n008-2018-09-18-13-41-50-0400__CAM_BACK_LEFT__1537292795947405.jpg", "samples/CAM_BACK/n008-2018-09-18-13-41-50-0400__CAM_BACK__1537292795937558.jpg", "samples/CAM_BACK_RIGHT/n008-2018-09-18-13-41-50-0400__CAM_BACK_RIGHT__1537292795928113.jpg"], "intrinsics": [[[1257.8625342125129, 0.0, 827.2410631095686], [0.0, 1257.8625342125129, 450.915498205774], [0.0, 0.0, 1.0]], [[1252.8131021185304, 0.0, 826.588114781398], [0.0, 1252.8131021185304, 469.9846626224581], [0.0, 0.0, 1.0]], [[1256.7485116440405, 0.0, 817.7887570959712], [0.0, 1256.7485116440403, 451.9541780095127], [0.0, 0.0, 1.0]], [[1254.9860565800168, 0.0, 829.5769333630991], [0.0, 1254.9860565800168, 467.1680561863987], [0.0, 0.0, 1.0]], [[796.8910634503094, 0.0, 857.7774326863696], [0.0, 796.8910634503094, 476.8848988407415], [0.0, 0.0, 1.0]], [[1249.9629280788233, 0.0, 825.3768045375984], [0.0, 1249.9629280788233, 462.54816385708756], [0.0, 0.0, 1.0]]], "extrinsics": [[[0.8216075897216797, -0.5678269267082214, -0.050335049629211426, -0.8309326171875], [-0.046992722898721695, 0.020533084869384766, -0.9986841678619385, 1.478363037109375], [0.5681132674217224, 0.822891891002655, -0.009813596494495869, -1.21429443359375], [0.0, 0.0, 0.0, 1.0]], [[0.010029615834355354, -0.9998073577880859, -0.016869986429810524, 0.008148193359375], [-0.045054368674755096, 0.01640186458826065, -0.9988498687744141, 1.4722824096679688], [0.9989342093467712, 0.01077818963676691, -0.0448811836540699, -1.560302734375], [0.0, 0.0, 0.0, 1.0]], [[-0.843575656414032, -0.5363233089447021, 0.027155235409736633, 0.9764404296875], [-0.03705761954188347, 0.007691493723541498, -0.999283492565155, 1.4880218505859375], [0.5357301831245422, -0.843977689743042, -0.02636321820318699, -1.2039794921875], [0.0, 0.0, 0.0, 1.0]], [[0.9466626048088074, 0.31803497672080994, -0.051805026829242706, -1.134033203125], [-0.06222109496593475, 0.02267385460436344, -0.9978048205375671, 1.5613861083984375], [-0.31616225838661194, 0.9478078484535217, 0.0412529781460762, -0.15972900390625], [0.0, 0.0, 0.0, 1.0]], [[0.01024509035050869, 0.9998406767845154, 0.014620785601437092, -0.028839111328125], [-0.06023335084319115, 0.01521206647157669, -0.9980683922767639, 1.5646743774414062], [-0.9981317520141602, 0.00934471096843481, 0.060379598289728165, -0.01171875], [0.0, 0.0, 0.0, 1.0]], [[-0.9224599599838257, 0.38297393918037415, 0.0489751435816288, 1.0677490234375], [-0.056090984493494034, -0.0074287112802267075, -0.9983980655670166, 1.5421981811523438], [-0.3819964528083801, -0.9237293004989624, 0.02833406999707222, -0.0810546875], [0.0, 0.0, 0.0, 1.0]]], "view": [[0.0, -2.0, 100.0], [-2.0, 0.0, 100.0], [0.0, 0.0, 1.0]], "bev": "bev_ced9870ac30a4ef9b7faf84bbb72ddd6.png", "aux": "aux_ced9870ac30a4ef9b7faf84bbb72ddd6.npz", "visibility": "visibility_ced9870ac30a4ef9b7faf84bbb72ddd6.png", "pose": [[0.604684054851532, -0.7964654564857483, 0.0, 1398.9764404296875], [0.7964654564857483, 0.604684054851532, 0.0, 1164.7093505859375], [0.0, 0.0, 1.0, 0.0], [0.0, 0.0, 0.0, 1.0]], "pose_inverse": [[0.604684054851532, 0.7964654564857483, 0.0, -1773.5894775390625], [-0.7964654564857483, 0.604684054851532, 0.0, 409.9552307128906], [0.0, 0.0, 1.0, 0.0], [0.0, 0.0, 0.0, 1.0]], "cam_ids": [0, 1, 2, 3, 4, 5], "cam_channels": ["CAM_FRONT_LEFT", "CAM_FRONT", "CAM_FRONT_RIGHT", "CAM_BACK_LEFT", "CAM_BACK", "CAM_BACK_RIGHT"], "token": "ced9870ac30a4ef9b7faf84bbb72ddd6", "scene": "scene-0590"}, {"images": ["samples/CAM_FRONT_LEFT/n008-2018-09-18-13-41-50-0400__CAM_FRONT_LEFT__1537292796404799.jpg", "samples/CAM_FRONT/n008-2018-09-18-13-41-50-0400__CAM_FRONT__1537292796412404.jpg", "samples/CAM_FRONT_RIGHT/n008-2018-09-18-13-41-50-0400__CAM_FRONT_RIGHT__1537292796421191.jpg", "samples/CAM_BACK_LEFT/n008-2018-09-18-13-41-50-0400__CAM_BACK_LEFT__1537292796448554.jpg", "samples/CAM_BACK/n008-2018-09-18-13-41-50-0400__CAM_BACK__1537292796437558.jpg", "samples/CAM_BACK_RIGHT/n008-2018-09-18-13-41-50-0400__CAM_BACK_RIGHT__1537292796428113.jpg"], "intrinsics": [[[1257.8625342125129, 0.0, 827.2410631095686], [0.0, 1257.8625342125129, 450.915498205774], [0.0, 0.0, 1.0]], [[1252.8131021185304, 0.0, 826.588114781398], [0.0, 1252.8131021185304, 469.9846626224581], [0.0, 0.0, 1.0]], [[1256.7485116440405, 0.0, 817.7887570959712], [0.0, 1256.7485116440403, 451.9541780095127], [0.0, 0.0, 1.0]], [[1254.9860565800168, 0.0, 829.5769333630991], [0.0, 1254.9860565800168, 467.1680561863987], [0.0, 0.0, 1.0]], [[796.8910634503094, 0.0, 857.7774326863696], [0.0, 796.8910634503094, 476.8848988407415], [0.0, 0.0, 1.0]], [[1249.9629280788233, 0.0, 825.3768045375984], [0.0, 1249.9629280788233, 462.54816385708756], [0.0, 0.0, 1.0]]], "extrinsics": [[[0.8212206363677979, -0.5683769583702087, -0.050442975014448166, -0.860595703125], [-0.046465300023555756, 0.021497292444109917, -0.9986885786056519, 1.4801559448242188], [0.5687158703804016, 0.822487473487854, -0.008755781687796116, -1.23626708984375], [0.0, 0.0, 0.0, 1.0]], [[0.009489474818110466, -0.9997945427894592, -0.017914360389113426, 0.008819580078125], [-0.04446965828537941, 0.017475498840212822, -0.9988579154014587, 1.4737091064453125], [0.9989656805992126, 0.01027524285018444, -0.04429468512535095, -1.59033203125], [0.0, 0.0, 0.0, 1.0]], [[-0.8438025712966919, -0.5360248684883118, 0.02597106248140335, 0.9984130859375], [-0.03639952093362808, 0.008882389403879642, -0.9992978572845459, 1.4890518188476562], [0.5354178547859192, -0.8441555500030518, -0.027006033807992935, -1.2171630859375], [0.0, 0.0, 0.0, 1.0]], [[0.9467028975486755, 0.31813010573387146, -0.05046796426177025, -1.14013671875], [-0.06134217977523804, 0.024250324815511703, -0.9978221654891968, 1.5617828369140625], [-0.316213458776474, 0.947736918926239, 0.04247264191508293, -0.15753173828125], [0.0, 0.0, 0.0, 1.0]], [[0.010407466441392899, 0.9998170137405396, 0.016053222119808197, -0.029052734375], [-0.059424206614494324, 0.016644125804305077, -0.9980940222740173, 1.5652923583984375], [-0.9981786012649536, 0.009433716535568237, 0.059586551040410995, -0.001953125], [0.0, 0.0, 0.0, 1.0]], [[-0.92238