[{"images": ["samples/CAM_FRONT_LEFT/n008-2018-08-31-11-19-57-0400__CAM_FRONT_LEFT__1535729198404799.jpg", "samples/CAM_FRONT/n008-2018-08-31-11-19-57-0400__CAM_FRONT__1535729198412408.jpg", "samples/CAM_FRONT_RIGHT/n008-2018-08-31-11-19-57-0400__CAM_FRONT_RIGHT__1535729198420482.jpg", "samples/CAM_BACK_LEFT/n008-2018-08-31-11-19-57-0400__CAM_BACK_LEFT__1535729198447405.jpg", "samples/CAM_BACK/n008-2018-08-31-11-19-57-0400__CAM_BACK__1535729198437558.jpg", "samples/CAM_BACK_RIGHT/n008-2018-08-31-11-19-57-0400__CAM_BACK_RIGHT__1535729198428113.jpg"], "intrinsics": [[[1257.8625342125129, 0.0, 827.2410631095686], [0.0, 1257.8625342125129, 450.915498205774], [0.0, 0.0, 1.0]], [[1252.8131021185304, 0.0, 826.588114781398], [0.0, 1252.8131021185304, 469.9846626224581], [0.0, 0.0, 1.0]], [[1256.7485116440405, 0.0, 817.7887570959712], [0.0, 1256.7485116440403, 451.9541780095127], [0.0, 0.0, 1.0]], [[1254.9860565800168, 0.0, 829.5769333630991], [0.0, 1254.9860565800168, 467.1680561863987], [0.0, 0.0, 1.0]], [[796.8910634503094, 0.0, 857.7774326863696], [0.0, 796.8910634503094, 476.8848988407415], [0.0, 0.0, 1.0]], [[1249.9629280788233, 0.0, 825.3768045375984], [0.0, 1249.9629280788233, 462.54816385708756], [0.0, 0.0, 1.0]]], "extrinsics": [[[0.8223368525505066, -0.5683972835540771, -0.026202676817774773, -1.005126953125], [-0.010523230768740177, 0.03085009567439556, -0.9994686245918274, 1.4882965087890625], [0.5689036250114441, 0.8221756815910339, 0.01938779652118683, -1.3333740234375], [0.0, 0.0, 0.0, 1.0]], [[0.010011413134634495, -0.9995903968811035, -0.026811646297574043, 0.0052490234375], [-0.00856015458703041, 0.026726335287094116, -0.9996061325073242, 1.48016357421875], [0.999913215637207, 0.01023705955594778, -0.008289078250527382, -1.734710693359375], [0.0, 0.0, 0.0, 1.0]], [[-0.8441488146781921, -0.5360296964645386, -0.009216777049005032, 1.090667724609375], [-0.0005293582798913121, 0.01802537404000759, -0.999837338924408, 1.4930706024169922], [0.536108672618866, -0.8440067172050476, -0.015499849803745747, -1.2774658203125], [0.0, 0.0, 0.0, 1.0]], [[0.9477148652076721, 0.3188125491142273, -0.013964969664812088, -1.14385986328125], [-0.02588903345167637, 0.033194515854120255, -0.9991135597229004, 1.562042236328125], [-0.31806647777557373, 0.9472363591194153, 0.03971268609166145, -0.15625], [0.0, 0.0, 0.0, 1.0]], [[0.00944987591356039, 0.9996313452720642, 0.02545122243463993, -0.02880859375], [-0.02378016896545887, 0.025669820606708527, -0.9993875622749329, 1.56805419921875], [-0.9996725916862488, 0.008838844485580921, 0.024013983085751534, 0.044342041015625], [0.0, 0.0, 0.0, 1.0]], [[-0.9236199259757996, 0.38282695412635803, 0.019226161763072014, 1.16064453125], [-0.019584689289331436, 0.0029610765632241964, -0.9998038411140442, 1.5478143692016602], [-0.3828086853027344, -0.9238153100013733, 0.004762635566294193, -0.043701171875], [0.0, 0.0, 0.0, 1.0]]], "view": [[0.0, -2.0, 100.0], [-2.0, 0.0, 100.0], [0.0, 0.0, 1.0]], "bev": "bev_484716ab258749f8a2e5467fcde75b43.png", "aux": "aux_484716ab258749f8a2e5467fcde75b43.npz", "visibility": "visibility_484716ab258749f8a2e5467fcde75b43.png", "pose": [[-0.8537755608558655, -0.5206412076950073, 0.0, 431.5838928222656], [0.5206412076950073, -0.8537755608558655, 0.0, 1620.2327880859375], [0.0, 0.0, 1.0, 0.0], [0.0, 0.0, 0.0, 1.0]], "pose_inverse": [[-0.8537755608558655, 0.5206412076950073, 0.0, -475.08416748046875], [-0.5206412076950073, -0.8537755608558655, 0.0, 1608.0155029296875], [0.0, 0.0, 1.0, 0.0], [0.0, 0.0, 0.0, 1.0]], "cam_ids": [0, 1, 2, 3, 4, 5], "cam_channels": ["CAM_FRONT_LEFT", "CAM_FRONT", "CAM_FRONT_RIGHT", "CAM_BACK_LEFT", "CAM_BACK", "CAM_BACK_RIGHT"], "token": "484716ab258749f8a2e5467fcde75b43", "scene": "scene-0295"}, {"images": ["samples/CAM_FRONT_LEFT/n008-2018-08-31-11-19-57-0400__CAM_FRONT_LEFT__1535729198904799.jpg", "samples/CAM_FRONT/n008-2018-08-31-11-19-57-0400__CAM_FRONT__1535729198912404.jpg", "samples/CAM_FRONT_RIGHT/n008-2018-08-31-11-19-57-0400__CAM_FRONT_RIGHT__1535729198920482.jpg", "samples/CAM_BACK_LEFT/n008-2018-08-31-11-19-57-0400__CAM_BACK_LEFT__1535729198947405.jpg", "samples/CAM_BACK/n008-2018-08-31-11-19-57-0400__CAM_BACK__1535729198938316.jpg", "samples/CAM_BACK_RIGHT/n008-2018-08-31-11-19-57-0400__CAM_BACK_RIGHT__1535729198928113.jpg"], "intrinsics": [[[1257.8625342125129, 0.0, 827.2410631095686], [0.0, 1257.8625342125129, 450.915498205774], [0.0, 0.0, 1.0]], [[1252.8131021185304, 0.0, 826.588114781398], [0.0, 1252.8131021185304, 469.9846626224581], [0.0, 0.0, 1.0]], [[1256.7485116440405, 0.0, 817.7887570959712], [0.0, 1256.7485116440403, 451.9541780095127], [0.0, 0.0, 1.0]], [[1254.9860565800168, 0.0, 829.5769333630991], [0.0, 1254.9860565800168, 467.1680561863987], [0.0, 0.0, 1.0]], [[796.8910634503094, 0.0, 857.7774326863696], [0.0, 796.8910634503094, 476.8848988407415], [0.0, 0.0, 1.0]], [[1249.9629280788233, 0.0, 825.3768045375984], [0.0, 1249.9629280788233, 462.54816385708756], [0.0, 0.0, 1.0]]], "extrinsics": [[[0.822320282459259, -0.5684200525283813, -0.02623133175075054, -1.0048828125], [-0.010464098304510117, 0.030984938144683838, -0.9994650483131409, 1.4882888793945312], [0.5689287185668945, 0.8221548795700073, 0.01953153870999813, -1.3333740234375], [0.0, 0.0, 0.0, 1.0]], [[0.009981903247535229, -0.9995863437652588, -0.026970649138092995, 0.0054931640625], [-0.008512009866535664, 0.026886075735092163, -0.9996022582054138, 1.48016357421875], [0.9999139308929443, 0.01020759530365467, -0.008240113034844398, -1.73480224609375], [0.0, 0.0, 0.0, 1.0]], [[-0.8441627621650696, -0.5360054969787598, -0.009346751496195793, 1.090576171875], [-0.0004930505529046059, 0.01821140944957733, -0.9998340010643005, 1.4930744171142578], [0.5360867381095886, -0.8440180420875549, -0.015637673437595367, -1.277587890625], [0.0, 0.0, 0.0, 1.0]], [[0.947717010974884, 0.3188100755214691, -0.013874518685042858, -1.1438674926757812], [-0.02586035057902336, 0.033393412828445435, -0.9991076588630676, 1.562042236328125], [-0.31806230545043945, 0.9472301602363586, 0.0398920513689518, -0.1561279296875], [0.0, 0.0, 0.0, 1.0]], [[0.009459749795496464, 0.9996262192726135, 0.025651168078184128, -0.02880859375], [-0.023735549300909042, 0.02586955390870571, -0.9993835091590881, 1.5680618286132812], [-0.9996735453605652, 0.008845067583024502, 0.023971399292349815, 0.04425048828125], [0.0, 0.0, 0.0, 1.0]], [[-0.9236132502555847, 0.3828413784503937, 0.01926320232450962, 1.1605224609375], [-0.019547665491700172, 0.0031473685521632433, -0.9998039603233337, 1.5478105545043945], [-0.38282692432403564, -0.9238086938858032, 0.004576703067868948, -0.0435791015625], [0.0, 0.0, 0.0, 1.0]]], "view": [[0.0, -2.0, 100.0], [-2.0, 0.0, 100.0], [0.0, 0.0, 1.0]], "bev": "bev_e268d3c6245c476d9d10f4c7f2857611.png", "aux": "aux_e268d3c6245c476d9d10f4c7f2857611.npz", "visibility": "visibility_e268d3c6245c476d9d10f4c7f2857611.png", "pose": [[-0.8538368940353394, -0.5205405950546265, 0.0, 431.5838928222656], [0.5205405950546265, -0.8538368940353394, 0.0, 1620.2327880859375], [0.0, 0.0, 1.0, 0.0], [0.0, 0.0, 0.0, 1.0]], "pose_inverse": [[-0.8538368940353394, 0.5205405950546265, 0.0, -474.8946838378906], [-0.5205405950546265, -0.8538368940353394, 0.0, 1608.071533203125], [0.0, 0.0, 1.0, 0.0], [0.0, 0.0, 0.0, 1.0]], "cam_ids": [0, 1, 2, 3, 4, 5], "cam_channels": ["CAM_FRONT_LEFT", "CAM_FRONT", "CAM_FRONT_RIGHT", "CAM_BACK_LEFT", "CAM_BACK", "CAM_BACK_RIGHT"], "token": "e268d3c6245c476d9d10f4c7f2857611", "scene": "scene-0295"}, {"images": ["samples/CAM_FRONT_LEFT/n008-2018-08-31-11-19-57-0400__CAM_FRONT_LEFT__1535729199404799.jpg", "samples/CAM_FRONT/n008-2018-08-31-11-19-57-0400__CAM_FRONT__1535729199412404.jpg", "samples/CAM_FRONT_RIGHT/n008-2018-08-31-11-19-57-0400__CAM_FRONT_RIGHT__1535729199420482.jpg", "samples/CAM_BACK_LEFT/n008-2018-08-31-11-19-57-0400__CAM_BACK_LEFT__1535729199447405.jpg", "samples/CAM_BACK/n008-2018-08-31-11-19-57-0400__CAM_BACK__1535729199437558.jpg", "samples/CAM_BACK_RIGHT/n008-2018-08-31-11-19-57-0400__CAM_BACK_RIGHT__1535729199428113.jpg"], "intrinsics": [[[1257.8625342125129, 0.0, 827.2410631095686], [0.0, 1257.8625342125129, 450.915498205774], [0.0, 0.0, 1.0]], [[1252.8131021185304, 0.0, 826.588114781398], [0.0, 1252.8131021185304, 469.9846626224581], [0.0, 0.0, 1.0]], [[1256.7485116440405, 0.0, 817.7887570959712], [0.0, 1256.7485116440403, 451.9541780095127], [0.0, 0.0, 1.0]], [[1254.9860565800168, 0.0, 829.5769333630991], [0.0, 1254.9860565800168, 467.1680561863987], [0.0, 0.0, 1.0]], [[796.8910634503094, 0.0, 857.7774326863696], [0.0, 796.8910634503094, 476.8848988407415], [0.0, 0.0, 1.0]], [[1249.9629280788233, 0.0, 825.3768045375984], [0.0, 1249.9629280788233, 462.54816385708756], [0.0, 0.0, 1.0]]], "extrinsics": [[[0.8223333358764648, -0.5684025287628174, -0.026202190667390823, -1.0050048828125], [-0.010402458719909191, 0.031023558229207993, -0.9994645118713379, 1.4883003234863281], [0.5689110159873962, 0.8221655488014221, 0.01959892362356186, -1.3333740234375], [0.0, 0.0, 0.0, 1.0]], [[0.01000599842518568, -0.9995855689048767, -0.026991942897439003, 0.00537109375], [-0.008460490964353085, 0.026907699182629585, -0.9996021389961243, 1.48016357421875], [0.9999141097068787, 0.010230348445475101, -0.00818774662911892, -1.734710693359375], [0.0, 0.0, 0.0, 1.0]], [[-0.8441512584686279, -0.5360230207443237, -0.009383677504956722, 1.090667724609375], [-0.0004520610091276467, 0.018215131014585495, -0.9998340010643005, 1.4930744171142578], [0.5361049175262451, -0.8440068960189819, -0.01561864372342825, -1.2774658203125], [0.0, 0.0, 0.0, 1.0]], [[0.947716474533081, 0.318812757730484, -0.013854939490556717, -1.1439552307128906], [-0.025841139256954193, 0.03339731693267822, -0.9991080164909363, 1.562042236328125], [-0.3180655837059021, 0.9472290873527527, 0.03988967090845108, -0.156005859375], [0.0, 0.0, 0.0, 1.0]], [[0.009452233090996742, 0.9996263980865479, 0.02564709447324276, -0.0289306640625], [-0.02371085062623024, 0.025865083560347557, -0.9993841648101807, 1.5680618286132812], [-0.9996742606163025, 0.008838335052132607, 0.023946477100253105, 0.044219970703125], [0.0, 0.0, 0.0, 1.0]], [[-0.9236195683479309, 0.38282790780067444, 0.019223827868700027, 1.1607666015625], [-0.019504297524690628, 0.003149002091959119, -0.9998047947883606, 1.547811508178711], [-0.38281381130218506, -0.9238142967224121, 0.004558310844004154, -0.043701171875], [0.0, 0.0, 0.0, 1.0]]], "view": [[0.0, -2.0, 100.0], [-2.0, 0.0, 100.0], [0.0, 0.0, 1.0]], "bev": "bev_783858be45f14842b4afff40aad47cab.png", "aux": "aux_783858be45f14842b4afff40aad47cab.npz", "visibility": "visibility_783858be45f14842b4afff40aad47cab.png", "pose": [[-0.8538146018981934, -0.5205771923065186, 0.0, 431.5838928222656], [0.5205771923065186, -0.8538146018981934, 0.0, 1620.2327880859375], [0.0, 0.0, 1.0, 0.0], [0.0, 0.0, 0.0, 1.0]], "pose_inverse": [[-0.8538146018981934, 0.5205771923065186, 0.0, -474.963623046875], [-0.5205771923065186, -0.8538146018981934, 0.0, 1608.0511474609375], [0.0, 0.0, 1.0, 0.0], [0.0, 0.0, 0.0, 1.0]], "cam_ids": [0, 1, 2, 3, 4, 5], "cam_channels": ["CAM_FRONT_LEFT", "CAM_FRONT", "CAM_FRONT_RIGHT", "CAM_BACK_LEFT", "CAM_BACK", "CAM_BACK_RIGHT"], "token": "783858be45f14842b4afff40aad47cab", "scene": "scene-0295"}, {"images": ["samples/CAM_FRONT_LEFT/n008-2018-08-31-11-19-57-0400__CAM_FRONT_LEFT__1535729199904799.jpg", "samples/CAM_FRONT/n008-2018-08-31-11-19-57-0400__CAM_FRONT__1535729199912404.jpg", "samples/CAM_FRONT_RIGHT/n008-2018-08-31-11-19-57-0400__CAM_FRONT_RIGHT__1535729199920482.jpg", "samples/CAM_BACK_LEFT/n008-2018-08-31-11-19-57-0400__CAM_BACK_LEFT__1535729199947420.jpg", "samples/CAM_BACK/n008-2018-08-31-11-19-57-0400__CAM_BACK__1535729199937558.jpg", "samples/CAM_BACK_RIGHT/n008-2018-08-31-11-19-57-0400__CAM_BACK_RIGHT__1535729199928113.jpg"], "intrinsics": [[[1257.8625342125129, 0.0, 827.2410631095686], [0.0, 1257.8625342125129, 450.915498205774], [0.0, 0.0, 1.0]], [[1252.8131021185304, 0.0, 826.588114781398], [0.0, 1252.8131021185304, 469.9846626224581], [0.0, 0.0, 1.0]], [[1256.7485116440405, 0.0, 817.7887570959712], [0.0, 1256.7485116440403, 451.9541780095127], [0.0, 0.0, 1.0]], [[1254.9860565800168, 0.0, 829.5769333630991], [0.0, 1254.9860565800168, 467.1680561863987], [0.0, 0.0, 1.0]], [[796.8910634503094, 0.0, 857.7774326863696], [0.0, 796.8910634503094, 476.8848988407415], [0.0, 0.0, 1.0]], [[1249.9629280788233, 0.0, 825.3768045375984], [0.0, 1249.9629280788233, 462.54816385708756], [0.0, 0.0, 1.0]]], "extrinsics": [[[0.8223404884338379, -0.5683894157409668, -0.02625969797372818, -1.0050048828125], [-0.010470515117049217, 0.03102676384150982, -0.999463677406311, 1.4882965087890625], [0.5688993334770203, 0.8221744298934937, 0.019563235342502594, -1.3333740234375], [0.0, 0.0, 0.0, 1.0]], [[0.010016156360507011, -0.9995856881141663, -0.026981331408023834, 0.0052490234375], [-0.00851974543184042, 0.026896396651864052, -0.9996019601821899, 1.4801673889160156], [0.9999135136604309, 0.010242066346108913, -0.00824681669473648, -1.7347412109375], [0.0, 0.0, 0.0, 1.0]], [[-0.8441471457481384, -0.5360304713249207, -0.00932734739035368, 1.0906982421875], [-0.0005019920063205063, 0.018188441172242165, -0.999834418296814, 1.4930706024169922], [0.5361113548278809, -0.8440026640892029, -0.015622803941369057, -1.277587890625], [0.0, 0.0, 0.0, 1.0]], [[0.9477182030677795, 0.31880611181259155, -0.01388944499194622, -1.1438407897949219], [-0.025860663503408432, 0.03334800899028778, -0.9991092085838318, 1.562042236328125], [-0.3180589973926544, 0.9472331404685974, 0.03984905406832695, -0.15625], [0.0, 0.0, 0.0, 1.0]], [[0.009450570680201054, 0.999627411365509, 0.025608601048588753, -0.02880859375], [-0.023753833025693893, 0.025826942175626755, -0.9993841648101807, 1.5680580139160156], [-0.9996731877326965, 0.008836389519274235, 0.023989060893654823, 0.04437255859375], [0.0, 0.0, 0.0, 1.0]], [[-0.9236209988594055, 0.3828226923942566, 0.019262194633483887, 1.16064453125], [-0.019560210406780243, 0.0031142206862568855, -0.9998038411140442, 1.5478124618530273], [-0.3828076422214508, -0.9238165616989136, 0.004611733369529247, -0.043701171875], [0.0, 0.0, 0.0, 1.0]]], "view": [[0.0, -2.0, 100.0], [-2.0, 0.0, 100.0], [0.0, 0.0, 1.0]], "bev": "bev_b8430258bf9b411995d505e0d906c895.png", "aux": "aux_b8430258bf9b411995d505e0d906c895.npz", "visibility": "visibility_b8430258bf9b411995d505e0d906c895.png", "pose": [[-0.8538224101066589, -0.5205643773078918, 0.0, 431.5838928222656], [0.5205643773078918, -0.8538224101066589, 0.0, 1620.2327880859375], [0.0, 0.0, 1.0, 0.0], [0.0, 0.0, 0.0, 1.0]], "pose_inverse": [[-0.8538224101066589, 0.5205643773078918, 0.0, -474.9394226074219], [-0.5205643773078918, -0.8538224101066589, 0.0, 1608.058349609375], [0.0, 0.0, 1.0, 0.0], [0.0, 0.0, 0.0, 1.0]], "cam_ids": [0, 1, 2, 3, 4, 5], "cam_channels": ["CAM_FRONT_LEFT", "CAM_FRONT", "CAM_FRONT_RIGHT", "CAM_BACK_LEFT", "CAM_BACK", "CAM_BACK_RIGHT"], "token": "b8430258bf9b411995d505e0d906c895", "scene": "scene-0295"}, {"images": ["samples/CAM_FRONT_LEFT/n008-2018-08-31-11-19-57-0400__CAM_FRONT_LEFT__1535729200404799.jpg", "samples/CAM_FRONT/n008-2018-08-31-11-19-57-0400__CAM_FRONT__1535729200412404.jpg", "samples/CAM_FRONT_RIGHT/n008-2018-08-31-11-19-57-0400__CAM_FRONT_RIGHT__1535729200420482.jpg", "samples/CAM_BACK_LEFT/n008-2018-08-31-11-19-57-0400__CAM_BACK_LEFT__1535729200447439.jpg", "samples/CAM_BACK/n008-2018-08-31-11-19-57-0400__CAM_BACK__1535729200437558.jpg", "samples/CAM_BACK_RIGHT/n008-2018-08-31-11-19-57-0400__CAM_BACK_RIGHT__1535729200428113.jpg"], "intrinsics": [[[1257.8625342125129, 0.0, 827.2410631095686], [0.0, 1257.8625342125129, 450.915498205774], [0.0, 0.0, 1.0]], [[1252.8131021185304, 0.0, 826.588114781398], [0.0, 1252.8131021185304, 469.9846626224581], [0.0, 0.0, 1.0]], [[1256.7485116440405, 0.0, 817.7887570959712], [0.0, 1256.7485116440403, 451.9541780095127], [0.0, 0.0, 1.0]], [[1254.9860565800168, 0.0, 829.5769333630991], [0.0, 1254.9860565800168, 467.1680561863987], [0.0, 0.0, 1.0]], [[796.8910634503094, 0.0, 857.7774326863696], [0.0, 796.8910634503094, 476.8848988407415], [0.0, 0.0, 1.0]], [[1249.9629280788233, 0.0, 825.3768045375984], [0.0, 1249.9629280788233, 462.54816385708756], [0.0, 0.0, 1.0]]], "extrinsics": [[[0.82232666015625, -0.568409264087677, -0.026265684515237808, -1.0050048828125], [-0.010507054626941681, 0.03098365105688572, -0.9994646310806274, 1.4882965087890625], [0.5689188241958618, 0.8221625089645386, 0.01950637251138687, -1.33349609375], [0.0, 0.0, 0.0, 1.0]], [[0.009996323846280575, -0.9995867609977722, -0.026951899752020836, 0.00537109375], [-0.008553420193493366, 0.026866786181926727, -0.9996024370193481, 1.48016357421875], [0.9999135136604309, 0.010222852230072021, -0.008281313814222813, -1.734619140625], [0.0, 0.0, 0.0, 1.0]], [[-0.8441553115844727, -0.5360183119773865, -0.009293003007769585, 1.09063720703125], [-0.0005326578975655138, 0.018173102289438248, -0.9998346567153931, 1.4930706024169922], [0.5360985994338989, -0.8440108299255371, -0.015626434236764908, -1.277587890625], [0.0, 0.0, 0.0, 1.0]], [[0.9477158188819885, 0.31881120800971985, -0.013936765491962433, -1.1439132690429688], [-0.025904668495059013, 0.03332981839776039, -0.9991086721420288, 1.562042236328125], [-0.31806257367134094, 0.9472321271896362, 0.039845895022153854, -0.15625], [0.0, 0.0, 0.0, 1.0]], [[0.009455181658267975, 0.9996278285980225, 0.025588152930140495, -0.02880859375], [-0.023777984082698822, 0.025806821882724762, -0.9993841052055359, 1.5680618286132812], [-0.9996725916862488, 0.008840927854180336, 0.02401314489543438, 0.0443115234375], [0.0, 0.0, 0.0, 1.0]], [[-0.9236165285110474, 0.3828323483467102, 0.019283832982182503, 1.16064453125], [-0.019587714225053787, 0.0031045034993439913, -0.9998033046722412, 1.5478086471557617], [-0.3828169107437134, -0.9238126277923584, 0.004631440155208111, -0.043701171875], [0.0, 0.0, 0.0, 1.0]]], "view": [[0.0, -2.0, 100.0], [-2.0, 0.0, 100.0], [0.0, 0.0, 1.0]], "bev": "bev_e861625c90454c688480e4ae9c6b0bba.png", "aux": "aux_e861625c90454c688480e4ae9c6b0bba.npz", "visibility": "visibility_e861625c90454c688480e4ae9c6b0bba.png", "pose": [[-0.8537300229072571, -0.5207159519195557, 0.0, 431.5838928222656], [0.5207159519195557, -0.8537300229072571, 0.0, 1620.2327880859375], [0.0, 0.0, 1.0, 0.0], [0.0, 0.0, 0.0, 1.0]], "pose_inverse": [[-0.8537300229072571, 0.5207159519195557, 0.0, -475.22491455078125], [-0.5207159519195557, -0.8537300229072571, 0.0, 1607.9739990234375], [0.0, 0.0, 1.0, 0.0], [0.0, 0.0, 0.0, 1.0]], "cam_ids": [0, 1, 2, 3, 4, 5], "cam_channels": ["CAM_FRONT_LEFT", "CAM_FRONT", "CAM_FRONT_RIGHT", "CAM_BACK_LEFT", "CAM_BACK", "CAM_BACK_RIGHT"], "token": "e861625c90454c688480e4ae9c6b0bba", "scene": "scene-0295"}, {"images": ["samples/CAM_FRONT_LEFT/n008-2018-08-31-11-19-57-0400__CAM_FRONT_LEFT__1535729200904799.jpg", "samples/CAM_FRONT/n008-2018-08-31-11-19-57-0400__CAM_FRONT__1535729200912404.jpg", "samples/CAM_FRONT_RIGHT/n008-2018-08-31-11-19-57-0400__CAM_FRONT_RIGHT__1535729200920482.jpg", "samples/CAM_BACK_LEFT/n008-2018-08-31-11-19-57-0400__CAM_BACK_LEFT__1535729200947405.jpg", "samples/CAM_BACK/n008-2018-08-31-11-19-57-0400__CAM_BACK__1535729200937558.jpg", "samples/CAM_BACK_RIGHT/n008-2018-08-31-11-19-57-0400__CAM_BACK_RIGHT__1535729200928113.jpg"], "intrinsics": [[[1257.8625342125129, 0.0, 827.2410631095686], [0.0, 1257.8625342125129, 450.915498205774], [0.0, 0.0, 1.0]], [[1252.8131021185304, 0.0, 826.588114781398], [0.0, 1252.8131021185304, 469.9846626224581], [0.0, 0.0, 1.0]], [[1256.7485116440405, 0.0, 817.7887570959712], [0.0, 1256.7485116440403, 451.9541780095127], [0.0, 0.0, 1.0]], [[1254.9860565800168, 0.0, 829.5769333630991], [0.0, 1254.9860565800168, 467.1680561863987], [0.0, 0.0, 1.0]], [[796.8910634503094, 0.0, 857.7774326863696], [0.0, 796.8910634503094, 476.8848988407415], [0.0, 0.0, 1.0]], [[1249.9629280788233, 0.0, 825.3768045375984], [0.0, 1249.9629280788233, 462.54816385708756], [0.0, 0.0, 1.0]]], "extrinsics": [[[0.8223238587379456, -0.5684160590171814, -0.026207970455288887, -1.0050048828125], [-0.010434621945023537, 0.030986670404672623, -0.9994653463363647, 1.4882926940917969], [0.5689242482185364, 0.822157621383667, 0.019549867138266563, -1.33349609375], [0.0, 0.0, 0.0, 1.0]], [[0.009991234168410301, -0.999586820602417, -0.026953136548399925, 0.00537109375], [-0.008487513288855553, 0.026868736371397972, -0.9996029138565063, 1.48016357421875], [0.9999140501022339, 0.010216068476438522, -0.008215555921196938, -1.734710693359375], [0.0, 0.0, 0.0, 1.0]], [[-0.8441576361656189, -0.5360137224197388, -0.009343134239315987, 1.090667724609375], [-0.00047368777450174093, 0.01817389391362667, -0.9998347163200378, 1.493072509765625], [0.5360949635505676, -0.8440136313438416, -0.015595534816384315, -1.277587890625], [0.0, 0.0, 0.0, 1.0]], [[0.9477179646492004, 0.3188057839870453, -0.013909668661653996, -1.1438674926757812], [-0.025866923853754997, 0.033303193747997284, -0.9991105198860168, 1.562042236328125], [-0.3180590271949768, 0.9472347497940063, 0.03980856016278267, -0.156005859375], [0.0, 0.0, 0.0, 1.0]], [[0.00945691205561161, 0.9996281266212463, 0.025576859712600708, -0.0286865234375], [-0.023737937211990356, 0.025795219466090202, -0.9993853569030762, 1.5680618286132812], [-0.9996735453605652, 0.008843948133289814, 0.023973049595952034, 0.04425048828125], [0.0, 0.0, 0.0, 1.0]], [[-0.9236159920692444, 0.3828360438346863, 0.019234873354434967, 1.1607666015625], [-0.019535044208168983, 0.003103760303929448, -0.9998043179512024, 1.5478086471557617], [-0.38282084465026855, -0.9238110780715942, 0.0046120379120111465, -0.043701171875], [0.0, 0.0, 0.0, 1.0]]], "view": [[0.0, -2.0, 100.0], [-2.0, 0.0, 100.0], [0.0, 0.0, 1.0]], "bev": "bev_b542977c0d3e48279503461691b1c70c.png", "aux": "aux_b542977c0d3e48279503461691b1c70c.npz", "visibility": "visibility_b542977c0d3e48279503461691b1c70c.png", "pose": [[-0.8537704348564148, -0.5206496715545654, 0.0, 431.5838928222656], [0.5206496715545654, -0.8537704348564148, 0.0, 1620.2327880859375], [0.0, 0.0, 1.0, 0.0], [0.0, 0.0, 0.0, 1.0]], "pose_inverse": [[-0.8537704348564148, 0.5206496715545654, 0.0, -475.1000671386719], [-0.5206496715545654, -0.8537704348564148, 0.0, 1608.0108642578125], [0.0, 0.0, 1.0, 0.0], [0.0, 0.0, 0.0, 1.0]], "cam_ids": [0, 1, 2, 3, 4, 5], "cam_channels": ["CAM_FRONT_LEFT", "CAM_FRONT", "CAM_FRONT_RIGHT", "CAM_BACK_LEFT", "CAM_BACK", "CAM_BACK_RIGHT"], "token": "b542977c0d3e48279503461691b1c70c", "scene": "scene-0295"}, {"images": ["samples/CAM_FRONT_LEFT/n008-2018-08-31-11-19-57-0400__CAM_FRONT_LEFT__1535729201404799.jpg", "samples/CAM_FRONT/n008-2018-08-31-11-19-57-0400__CAM_FRONT__1535729201412404.jpg", "samples/CAM_FRONT_RIGHT/n008-2018-08-31-11-19-57-0400__CAM_FRONT_RIGHT__1535729201420490.jpg", "samples/CAM_BACK_LEFT/n008-2018-08-31-11-19-57-0400__CAM_BACK_LEFT__1535729201447405.jpg", "samples/CAM_BACK/n008-2018-08-31-11-19-57-0400__CAM_BACK__1535729201437558.jpg", "samples/CAM_BACK_RIGHT/n008-2018-08-31-11-19-57-0400__CAM_BACK_RIGHT__1535729201428113.jpg"], "intrinsics": [[[1257.8625342125129, 0.0, 827.2410631095686], [0.0, 1257.8625342125129, 450.915498205774], [0.0, 0.0, 1.0]], [[1252.8131021185304, 0.0, 826.588114781398], [0.0, 1252.8131021185304, 469.9846626224581], [0.0, 0.0, 1.0]], [[1256.7485116440405, 0.0, 817.7887570959712], [0.0, 1256.7485116440403, 451.9541780095127], [0.0, 0.0, 1.0]], [[1254.9860565800168, 0.0, 829.5769333630991], [0.0, 1254.9860565800168, 467.1680561863987], [0.0, 0.0, 1.0]], [[796.8910634503094, 0.0, 857.7774326863696], [0.0, 796.8910634503094, 476.8848988407415], [0.0, 0.0, 1.0]], [[1249.9629280788233, 0.0, 825.3768045375984], [0.0, 1249.9629280788233, 462.54816385708756], [0.0, 0.0, 1.0]]], "extrinsics": [[[0.8223276734352112, -0.5684136152267456, -0.026138514280319214, -1.005126953125], [-0.010351791977882385, 0.030984478071331978, -0.9994662404060364, 1.4882965087890625], [0.5689200758934021, 0.8221593499183655, 0.019595293328166008, -1.3333740234375], [0.0, 0.0, 0.0, 1.0]], [[0.009993510320782661, -0.9995868802070618, -0.026949333027005196, 0.00537109375], [-0.008390727452933788, 0.02686590515077114, -0.9996038675308228, 1.48016357421875], [0.9999148845672607, 0.010215659625828266, -0.008118776604533195, -1.7347412109375], [0.0, 0.0, 0.0, 1.0]], [[-0.8441577553749084, -0.5360118746757507, -0.009435373358428478, 1.09063720703125], [-0.0003621376527007669, 0.01817033812403679, -0.9998347759246826, 1.493072509765625], [0.5360947251319885, -0.8440149426460266, -0.01553274318575859, -1.277587890625], [0.0, 0.0, 0.0, 1.0]], [[0.9477187395095825, 0.3188103437423706, -0.013755759224295616, -1.1439056396484375], [-0.025712864473462105, 0.03332700580358505, -0.9991136789321899, 1.5620346069335938], [-0.31806936860084534, 0.9472324252128601, 0.03978215530514717, -0.1561279296875], [0.0, 0.0, 0.0, 1.0]], [[0.009455207735300064, 0.999627947807312, 0.025586608797311783, -0.02880859375], [-0.02359677664935589, 0.02580367960035801, -0.9993884563446045, 1.5680580139160156], [-0.9996768832206726, 0.00884565245360136, 0.02383197471499443, 0.0443115234375], [0.0, 0.0, 0.0, 1.0]], [[-0.923617422580719, 0.3828383684158325, 0.019120801240205765, 1.1607666015625], [-0.019412415102124214, 0.0031017346773296595, -0.9998067617416382, 1.5478105545043945], [-0.3828237056732178, -0.9238101840019226, 0.0045670014806091785, -0.043701171875], [0.0, 0.0, 0.0, 1.0]]], "view": [[0.0, -2.0, 100.0], [-2.0, 0.0, 100.0], [0.0, 0.0, 1.0]], "bev": "bev_f37e8c943cb24b6c9a7ffacdddd72923.png", "aux": "aux_f37e8c943cb24b6c9a7ffacdddd72923.npz", "visibility": "visibility_f37e8c943cb24b6c9a7ffacdddd72923.png", "pose": [[-0.8538001775741577, -0.5206009149551392, 0.0, 431.5838928222656], [0.5206009149551392, -0.8538001775741577, 0.0, 1620.2327880859375], [0.0, 0.0, 1.0, 0.0], [0.0, 0.0, 0.0, 1.0]], "pose_inverse": [[-0.8538001775741577, 0.5206009149551392, 0.0, -475.00823974609375], [-0.5206009149551392, -0.8538001775741577, 0.0, 1608.0379638671875], [0.0, 0.0, 1.0, 0.0], [0.0, 0.0, 0.0, 1.0]], "cam_ids": [0, 1, 2, 3, 4, 5], "cam_channels": ["CAM_FRONT_LEFT", "CAM_FRONT", "CAM_FRONT_RIGHT", "CAM_BACK_LEFT", "CAM_BACK", "CAM_BACK_RIGHT"], "token": "f37e8c943cb24b6c9a7ffacdddd72923", "scene": "scene-0295"}, {"images": ["samples/CAM_FRONT_LEFT/n008-2018-08-31-11-19-57-0400__CAM_FRONT_LEFT__1535729201904799.jpg", "samples/CAM_FRONT/n008-2018-08-31-11-19-57-0400__CAM_FRONT__1535729201912404.jpg", "samples/CAM_FRONT_RIGHT/n008-2018-08-31-11-19-57-0400__CAM_FRONT_RIGHT__1535729201920487.jpg", "samples/CAM_BACK_LEFT/n008-2018-08-31-11-19-57-0400__CAM_BACK_LEFT__1535729201948084.jpg", "samples/CAM_BACK/n008-2018-08-31-11-19-57-0400__CAM_BACK__1535729201937558.jpg", "samples/CAM_BACK_RIGHT/n008-2018-08-31-11-19-57-0400__CAM_BACK_RIGHT__1535729201928113.jpg"], "intrinsics": [[[1257.8625342125129, 0.0, 827.2410631095686], [0.0, 1257.8625342125129, 450.915498205774], [0.0, 0.0, 1.0]], [[1252.8131021185304, 0.0, 826.588114781398], [0.0, 1252.8131021185304, 469.9846626224581], [0.0, 0.0, 1.0]], [[1256.7485116440405, 0.0, 817.7887570959712], [0.0, 1256.7485116440403, 451.9541780095127], [0.0, 0.0, 1.0]], [[1254.9860565800168, 0.0, 829.5769333630991], [0.0, 1254.9860565800168, 467.1680561863987], [0.0, 0.0, 1.0]], [[796.8910634503094, 0.0, 857.7774326863696], [0.0, 796.8910634503094, 476.8848988407415], [0.0, 0.0, 1.0]], [[1249.9629280788233, 0.0, 825.3768045375984], [0.0, 1249.9629280788233, 462.54816385708756], [0.0, 0.0, 1.0]]], "extrinsics": [[[0.8223346471786499, -0.5684071779251099, -0.026059258729219437, -1.0048828125], [-0.010309209115803242, 0.030907077714800835, -0.9994691014289856, 1.4882926940917969], [0.5689107775688171, 0.8221667408943176, 0.019556133076548576, -1.33349609375], [0.0, 0.0, 0.0, 1.0]], [[0.010003323666751385, -0.9995887875556946, -0.026872817426919937, 0.00537109375], [-0.008351802825927734, 0.026789706200361252, -0.999606192111969, 1.48016357421875], [0.9999151825904846, 0.010223734192550182, -0.008080381900072098, -1.734619140625], [0.0, 0.0, 0.0, 1.0]], [[-0.844153642654419, -0.5360184907913208, -0.00942492950707674, 1.090606689453125], [-0.0003270824672654271, 0.01809544675052166, -0.9998361468315125, 1.4930744171142578], [0.5361012816429138, -0.8440123200416565, -0.01545066200196743, -1.2774658203125], [0.0, 0.0, 0.0, 1.0]], [[0.9477186799049377, 0.31880947947502136, -0.01378201600164175, -1.1439476013183594], [-0.025713058188557625, 0.0332452692091465, -0.9991164207458496, 1.562042236328125], [-0.31806960701942444, 0.9472355842590332, 0.03970472887158394, -0.156005859375], [0.0, 0.0, 0.0, 1.0]], [[0.009452263824641705, 0.9996298551559448, 0.02551177516579628, -0.02880859375], [-0.02359108440577984, 0.02572874166071415, -0.9993905425071716, 1.5680580139160156], [-0.9996770620346069, 0.00884463544934988, 0.023825544863939285, 0.0443115234375], [0.0, 0.0, 0.0, 1.0]], [[-0.9236199259757996, 0.38283494114875793, 0.019069042056798935, 1.16064453125], [-0.019388649612665176, 0.0030238316394388676, -0.9998074173927307, 1.5478134155273438], [-0.3828188478946686, -0.9238117933273315, 0.004629779607057571, -0.043701171875], [0.0, 0.0, 0.0, 1.0]]], "view": [[0.0, -2.0, 100.0], [-2.0, 0.0, 100.0], [0.0, 0.0, 1.0]], "bev": "bev_f988551413264017a1de3a4db794d253.png", "aux": "aux_f988551413264017a1de3a4db794d253.npz", "visibility": "visibility_f988551413264017a1de3a4db794d253.png", "pose": [[-0.8537222146987915, -0.5207287073135376, 0.0, 431.5838928222656], [0.5207287073135376, -0.8537222146987915, 0.0, 1620.2327880859375], [0.0, 0.0, 1.0, 0.0], [0.0, 0.0, 0.0, 1.0]], "pose_inverse": [[-0.8537222146987915, 0.5207287073135376, 0.0, -475.24896240234375], [-0.5207287073135376, -0.8537222146987915, 0.0, 1607.966796875], [0.0, 0.0, 1.0, 0.0], [0.0, 0.0, 0.0, 1.0]], "cam_ids": [0, 1, 2, 3, 4, 5], "cam_channels": ["CAM_FRONT_LEFT", "CAM_FRONT", "CAM_FRONT_RIGHT", "CAM_BACK_LEFT", "CAM_BACK", "CAM_BACK_RIGHT"], "token": "f988551413264017a1de3a4db794d253", "scene": "scene-0295"}, {"images": ["samples/CAM_FRONT_LEFT/n008-2018-08-31-11-19-57-0400__CAM_FRONT_LEFT__1535729202405470.jpg", "samples/CAM_FRONT/n008-2018-08-31-11-19-57-0400__CAM_FRONT__1535729202412404.jpg", "samples/CAM_FRONT_RIGHT/n008-2018-08-31-11-19-57-0400__CAM_FRONT_RIGHT__1535729202420482.jpg", "samples/CAM_BACK_LEFT/n008-2018-08-31-11-19-57-0400__CAM_BACK_LEFT__1535729202447405.jpg", "samples/CAM_BACK/n008-2018-08-31-11-19-57-0400__CAM_BACK__1535729202437558.jpg", "samples/CAM_BACK_RIGHT/n008-2018-08-31-11-19-57-0400__CAM_BACK_RIGHT__1535729202428113.jpg"], "intrinsics": [[[1257.8625342125129, 0.0, 827.2410631095686], [0.0, 1257.8625342125129, 450.915498205774], [0.0, 0.0, 1.0]], [[1252.8131021185304, 0.0, 826.588114781398], [0.0, 1252.8131021185304, 469.9846626224581], [0.0, 0.0, 1.0]], [[1256.7485116440405, 0.0, 817.7887570959712], [0.0, 1256.7485116440403, 451.9541780095127], [0.0, 0.0, 1.0]], [[1254.9860565800168, 0.0, 829.5769333630991], [0.0, 1254.9860565800168, 467.1680561863987], [0.0, 0.0, 1.0]], [[796.8910634503094, 0.0, 857.7774326863696], [0.0, 796.8910634503094, 476.8848988407415], [0.0, 0.0, 1.0]], [[1249.9629280788233, 0.0, 825.3768045375984], [0.0, 1249.9629280788233, 462.54816385708756], [0.0, 0.0, 1.0]]], "extrinsics": [[[0.8223302364349365, -0.5684153437614441, -0.026021014899015427, -1.0048828125], [-0.010248709470033646, 0.03092699870467186, -0.9994691014289856, 1.4882965087890625], [0.5689182877540588, 0.8221603631973267, 0.019606681540608406, -1.3333740234375], [0.0, 0.0, 0.0, 1.0]], [[0.00999641977250576, -0.9995881915092468, -0.026898445561528206, 0.00537109375], [-0.008294634521007538, 0.026815973222255707, -0.9996060132980347, 1.48016357421875], [0.999915599822998, 0.010215573944151402, -0.008023153990507126, -1.734710693359375], [0.0, 0.0, 0.0, 1.0]], [[-0.8441566228866577, -0.5360126495361328, -0.00948810763657093, 1.09063720703125], [-0.00027342926478013396, 0.018128985539078712, -0.9998355507850647, 1.4930744171142578], [0.5360965132713318, -0.8440153002738953, -0.015450268052518368, -1.277587890625], [0.0, 0.0, 0.0, 1.0]], [[0.9477219581604004, 0.3188026547431946, -0.013709906488656998, -1.1438674926757812], [-0.025649966672062874, 0.033284664154052734, -0.9991167187690735, 1.562042236328125], [-0.31806474924087524, 0.9472364783287048, 0.039721883833408356, -0.1561279296875], [0.0, 0.0, 0.0, 1.0]], [[0.009454352781176567, 0.9996289610862732, 0.02554778754711151, -0.0289306640625], [-0.023517152294516563, 0.025764141231775284, -0.9993913769721985, 1.5680618286132812], [-0.9996787905693054, 0.008847866207361221, 0.023752011358737946, 0.04425048828125], [0.0, 0.0, 0.0, 1.0]], [[-0.9236190915107727, 0.3828391432762146, 0.019028231501579285, 1.1605224609375], [-0.019330697134137154, 0.003057129681110382, -0.9998084306716919, 1.5478134155273438], [-0.38282400369644165, -0.9238099455833435, 0.004576921928673983, -0.043701171875], [0.0, 0.0, 0.0, 1.0]]], "view": [[0.0, -2.0, 100.0], [-2.0, 0.0, 100.0], [0.0, 0.0, 1.0]], "bev": "bev_833faec0827249299c89f18a572b22c6.png", "aux": "aux_833faec0827249299c89f18a572b22c6.npz", "visibility": "visibility_833faec0827249299c89f18a572b22c6.png", "pose": [[-0.8537516593933105, -0.5206804275512695, 0.0, 431.5838928222656], [0.5206804275512695, -0.8537516593933105, 0.0, 1620.2327880859375], [0.0, 0.0, 1.0, 0.0], [0.0, 0.0, 0.0, 1.0]], "pose_inverse": [[-0.8537516593933105, 0.5206804275512695, 0.0, -475.1579895019531], [-0.5206804275512695, -0.8537516593933105, 0.0, 1607.9937744140625], [0.0, 0.0, 1.0, 0.0], [0.0, 0.0, 0.0, 1.0]], "cam_ids": [0, 1, 2, 3, 4, 5], "cam_channels": ["CAM_FRONT_LEFT", "CAM_FRONT", "CAM_FRONT_RIGHT", "CAM_BACK_LEFT", "CAM_BACK", "CAM_BACK_RIGHT"], "token": "833faec0827249299c89f18a572b22c6", "scene": "scene-0295"}, {"images": ["samples/CAM_FRONT_LEFT/n008-2018-08-31-11-19-57-0400__CAM_FRONT_LEFT__1535729202904799.jpg", "samples/CAM_FRONT/n008-2018-08-31-11-19-57-0400__CAM_FRONT__1535729202912404.jpg", "samples/CAM_FRONT_RIGHT/n008-2018-08-31-11-19-57-0400__CAM_FRONT_RIGHT__1535729202920482.jpg", "samples/CAM_BACK_LEFT/n008-2018-08-31-11-19-57-0400__CAM_BACK_LEFT__1535729202947405.jpg", "samples/CAM_BACK/n008-2018-08-31-11-19-57-0400__CAM_BACK__1535729202937558.jpg", "samples/CAM_BACK_RIGHT/n008-2018-08-31-11-19-57-0400__CAM_BACK_RIGHT__1535729202928113.jpg"], "intrinsics": [[[1257.8625342125129, 0.0, 827.2410631095686], [0.0, 1257.8625342125129, 450.915498205774], [0.0, 0.0, 1.0]], [[1252.8131021185304, 0.0, 826.588114781398], [0.0, 1252.8131021185304, 469.9846626224581], [0.0, 0.0, 1.0]], [[1256.7485116440405, 0.0, 817.7887570959712], [0.0, 1256.7485116440403, 451.9541780095127], [0.0, 0.0, 1.0]], [[1254.9860565800168, 0.0, 829.5769333630991], [0.0, 1254.9860565800168, 467.1680561863987], [0.0, 0.0, 1.0]], [[796.8910634503094, 0.0, 857.7774326863696], [0.0, 796.8910634503094, 476.8848988407415], [0.0, 0.0, 1.0]], [[1249.9629280788233, 0.0, 825.3768045375984], [0.0, 1249.9629280788233, 462.54816385708756], [0.0, 0.0, 1.0]]], "extrinsics": [[[0.822328507900238, -0.5684189796447754, -0.025994954630732536, -1.0050048828125], [-0.010214114561676979, 0.030931057408452034, -0.9994693398475647, 1.4882965087890625], [0.5689214468002319, 0.822157621383667, 0.019629592075943947, -1.33349609375], [0.0, 0.0, 0.0, 1.0]], [[0.009994504041969776, -0.9995883703231812, -0.026892952620983124, 0.0054931640625], [-0.008255038410425186, 0.0268109031021595, -0.9996064305305481, 1.48016357421875], [0.9999159574508667, 0.01021244190633297, -0.007983680814504623, -1.73455810546875], [0.0, 0.0, 0.0, 1.0]], [[-0.8441572785377502, -0.5360111594200134, -0.009517781436443329, 1.09063720703125], [-0.00022851757239550352, 0.01811366155743599, -0.9998359084129333, 1.493072509765625], [0.5360956788063049, -0.8440166115760803, -0.015413268469274044, -1.2774658203125], [0.0, 0.0, 0.0, 1.0]], [[0.9477206468582153, 0.31880879402160645, -0.013659482821822166, -1.1439476013183594], [-0.025596022605895996, 0.033281516283750534, -0.9991182088851929, 1.5620498657226562], [-0.3180730938911438, 0.947234570980072, 0.03970181941986084, -0.1561279296875], [0.0, 0.0, 0.0, 1.0]], [[0.00945356022566557, 0.999629020690918, 0.025541996583342552, -0.0286865234375], [-0.023480426520109177, 0.025758005678653717, -0.9993923902511597, 1.5680618286132812], [-0.9996796250343323, 0.008848074823617935, 0.023715220391750336, 0.04437255859375], [0.0, 0.0, 0.0, 1.0]], [[-0.9236193299293518, 0.3828407824039459, 0.018976470455527306, 1.16064453125], [-0.019282305613160133, 0.003038716269657016, -0.9998094439506531, 1.547811508178711], [-0.3828255534172058, -0.923809289932251, 0.004575434606522322, -0.0438232421875], [0.0, 0.0, 0.0, 1.0]]], "view": [[0.0, -2.0, 100.0], [-2.0, 0.0, 100.0], [0.0, 0.0, 1.0]], "bev": "bev_66f6e0a3bf90404b9786ea5925e5fb28.png", "aux": "aux_66f6e0a3bf90404b9786ea5925e5fb28.npz", "visibility": "visibility_66f6e0a3bf90404b9786ea5925e5fb28.png", "pose": [[-0.853744626045227, -0.520691990852356, 0.0, 431.5838928222656], [0.520691990852356, -0.853744626045227, 0.0, 1620.2327880859375], [0.0, 0.0, 1.0, 0.0], [0.0, 0.0, 0.0, 1.0]], "pose_inverse": [[-0.853744626045227, 0.520691990852356, 0.0, -475.1798400878906], [-0.520691990852356, -0.853744626045227, 0.0, 1607.9873046875], [0.0, 0.0, 1.0, 0.0], [0.0, 0.0, 0.0, 1.0]], "cam_ids": [0, 1, 2, 3, 4, 5], "cam_channels": ["CAM_FRONT_LEFT", "CAM_FRONT", "CAM_FRONT_RIGHT", "CAM_BACK_LEFT", "CAM_BACK", "CAM_BACK_RIGHT"], "token": "66f6e0a3bf90404b9786ea5925e5fb28", "scene": "scene-0295"}, {"images": ["samples/CAM_FRONT_LEFT/n008-2018-08-31-11-19-57-0400__CAM_FRONT_LEFT__1535729203404799.jpg", "samples/CAM_FRONT/n008-2018-08-31-11-19-57-0400__CAM_FRONT__1535729203412404.jpg", "samples/CAM_FRONT_RIGHT/n008-2018-08-31-11-19-57-0400__CAM_FRONT_RIGHT__1535729203420482.jpg", "samples/CAM_BACK_LEFT/n008-2018-08-31-11-19-57-0400__CAM_BACK_LEFT__1535729203447405.jpg", "samples/CAM_BACK/n008-2018-08-31-11-19-57-0400__CAM_BACK__1535729203437577.jpg", "samples/CAM_BACK_RIGHT/n008-2018-08-31-11-19-57-0400__CAM_BACK_RIGHT__1535729203428113.jpg"], "intrinsics": [[[1257.8625342125129, 0.0, 827.2410631095686], [0.0, 1257.8625342125129, 450.915498205774], [0.0, 0.0, 1.0]], [[1252.8131021185304, 0.0, 826.588114781398], [0.0, 1252.8131021185304, 469.9846626224581], [0.0, 0.0, 1.0]], [[1256.7485116440405, 0.0, 817.7887570959712], [0.0, 1256.7485116440403, 451.9541780095127], [0.0, 0.0, 1.0]], [[1254.9860565800168, 0.0, 829.5769333630991], [0.0, 1254.9860565800168, 467.1680561863987], [0.0, 0.0, 1.0]], [[796.8910634503094, 0.0, 857.7774326863696], [0.0, 796.8910634503094, 476.8848988407415], [0.0, 0.0, 1.0]], [[1249.9629280788233, 0.0, 825.3768045375984], [0.0, 1249.9629280788233, 462.54816385708756], [0.0, 0.0, 1.0]]], "extrinsics": [[[0.8223311901092529, -0.5684162974357605, -0.02596599981188774, -1.0050048828125], [-0.010201375000178814, 0.030898723751306534, -0.9994704127311707, 1.4882926940917969], [0.5689176321029663, 0.8221606612205505, 0.01961035653948784, -1.3333740234375], [0.0, 0.0, 0.0, 1.0]], [[0.010000460781157017, -0.9995891451835632, -0.026860950514674187, 0.0054931640625], [-0.008242334239184856, 0.02677897736430168, -0.9996073842048645, 1.4801673889160156], [0.9999159574508667, 0.010217866860330105, -0.007971147075295448, -1.734710693359375], [0.0, 0.0, 0.0, 1.0]], [[-0.8441542387008667, -0.536016047000885, -0.009511766955256462, 1.090667724609375], [-0.00021577833103947341, 0.01808222383260727, -0.9998364448547363, 1.4930686950683594], [0.5361003875732422, -0.8440141081809998, -0.015379845164716244, -1.277587890625], [0.0, 0.0, 0.0, 1.0]], [[0.9477224946022034, 0.31880316138267517, -0.0136649115011096, -1.1438980102539062], [-0.025585144758224487, 0.03323282673954964, -0.9991201162338257, 1.562042236328125], [-0.3180685043334961, 0.9472381472587585, 0.03965212404727936, -0.1561279296875], [0.0, 0.0, 0.0, 1.0]], [[0.009451832622289658, 0.9996301531791687, 0.02549738995730877, -0.0286865234375], [-0.023462817072868347, 0.02571321278810501, -0.99939