[{"images": ["samples/CAM_FRONT_LEFT/n015-2018-11-14-18-57-54+0800__CAM_FRONT_LEFT__1542193261504844.jpg", "samples/CAM_FRONT/n015-2018-11-14-18-57-54+0800__CAM_FRONT__1542193261512460.jpg", "samples/CAM_FRONT_RIGHT/n015-2018-11-14-18-57-54+0800__CAM_FRONT_RIGHT__1542193261520339.jpg", "samples/CAM_BACK_LEFT/n015-2018-11-14-18-57-54+0800__CAM_BACK_LEFT__1542193261547423.jpg", "samples/CAM_BACK/n015-2018-11-14-18-57-54+0800__CAM_BACK__1542193261537525.jpg", "samples/CAM_BACK_RIGHT/n015-2018-11-14-18-57-54+0800__CAM_BACK_RIGHT__1542193261527893.jpg"], "intrinsics": [[[1272.5979470598488, 0.0, 826.6154927353808], [0.0, 1272.5979470598488, 479.75165386361925], [0.0, 0.0, 1.0]], [[1266.417203046554, 0.0, 816.2670197447984], [0.0, 1266.417203046554, 491.50706579294757], [0.0, 0.0, 1.0]], [[1260.8474446004698, 0.0, 807.968244525554], [0.0, 1260.8474446004698, 495.3344268742088], [0.0, 0.0, 1.0]], [[1256.7414812095406, 0.0, 792.1125740759628], [0.0, 1256.7414812095406, 492.7757465151356], [0.0, 0.0, 1.0]], [[809.2209905677063, 0.0, 829.2196003259838], [0.0, 809.2209905677063, 481.77842384512485], [0.0, 0.0, 1.0]], [[1259.5137405846733, 0.0, 807.2529053838625], [0.0, 1259.5137405846733, 501.19579884916527], [0.0, 0.0, 1.0]]], "extrinsics": [[[0.8206568360328674, -0.5710488557815552, -0.020628388971090317, -0.96044921875], [-0.006546491291373968, 0.0267020333558321, -0.9996219873428345, 1.5082035064697266], [0.5713838934898376, 0.8204815983772278, 0.01817483827471733, -1.27734375], [0.0, 0.0, 0.0, 1.0]], [[0.00558219151571393, -0.9997264742851257, -0.02271130681037903, 0.0053558349609375], [-0.011832847259938717, 0.022644035518169403, -0.99967360496521, 1.5204734802246094], [0.9999144077301025, 0.005849101115018129, -0.011703208088874817, -1.68798828125], [0.0, 0.0, 0.0, 1.0]], [[-0.8330181837081909, -0.5529876947402954, -0.016890529543161392, 1.029296875], [-0.006194445304572582, 0.039850570261478424, -0.9991864562034607, 1.5036187171936035], [0.5532109141349792, -0.8322358727455139, -0.03662169724702835, -1.2467041015625], [0.0, 0.0, 0.0, 1.0]], [[0.9477761387825012, 0.3188897371292114, 0.005439776461571455, -1.14208984375], [0.0025557575281709433, 0.009461664594709873, -0.999951958656311, 1.5885553359985352], [-0.3189259171485901, 0.947744607925415, 0.008152535185217857, -0.1036376953125], [0.0, 0.0, 0.0, 1.0]], [[0.002448522485792637, 0.9998080730438232, 0.01943652704358101, 0.002777099609375], [-0.022893330082297325, 0.0194875355809927, -0.9995479583740234, 1.5793266296386719], [-0.9997348785400391, 0.002002457855269313, 0.022936653345823288, 0.0009765625], [0.0, 0.0, 0.0, 1.0]], [[-0.9347994923591614, 0.35516053438186646, 0.0032940851524472237, 1.1337890625], [0.009713076055049896, 0.0348341204226017, -0.9993459582328796, 1.5514678955078125], [-0.35504311323165894, -0.934156060218811, -0.036012619733810425, -0.0643310546875], [0.0, 0.0, 0.0, 1.0]]], "view": [[0.0, -2.0, 100.0], [-2.0, 0.0, 100.0], [0.0, 0.0, 1.0]], "bev": "bev_e94f8ec123d04448a4dc7d838342969b.png", "aux": "aux_e94f8ec123d04448a4dc7d838342969b.npz", "visibility": "visibility_e94f8ec123d04448a4dc7d838342969b.png", "pose": [[-0.37782642245292664, 0.9258764386177063, 0.0, 776.7433471679688], [-0.9258764386177063, -0.37782642245292664, 0.0, 2503.268310546875], [0.0, 0.0, 1.0, 0.0], [0.0, 0.0, 0.0, 1.0]], "pose_inverse": [[-0.37782642245292664, -0.9258764386177063, 0.0, 2611.19140625], [0.9258764386177063, -0.37782642245292664, 0.0, 226.63250732421875], [0.0, 0.0, 1.0, 0.0], [0.0, 0.0, 0.0, 1.0]], "cam_ids": [0, 1, 2, 3, 4, 5], "cam_channels": ["CAM_FRONT_LEFT", "CAM_FRONT", "CAM_FRONT_RIGHT", "CAM_BACK_LEFT", "CAM_BACK", "CAM_BACK_RIGHT"], "token": "e94f8ec123d04448a4dc7d838342969b", "scene": "scene-0998"}, {"images": ["samples/CAM_FRONT_LEFT/n015-2018-11-14-18-57-54+0800__CAM_FRONT_LEFT__1542193262004844.jpg", "samples/CAM_FRONT/n015-2018-11-14-18-57-54+0800__CAM_FRONT__1542193262012460.jpg", "samples/CAM_FRONT_RIGHT/n015-2018-11-14-18-57-54+0800__CAM_FRONT_RIGHT__1542193262020339.jpg", "samples/CAM_BACK_LEFT/n015-2018-11-14-18-57-54+0800__CAM_BACK_LEFT__1542193262047423.jpg", "samples/CAM_BACK/n015-2018-11-14-18-57-54+0800__CAM_BACK__1542193262037525.jpg", "samples/CAM_BACK_RIGHT/n015-2018-11-14-18-57-54+0800__CAM_BACK_RIGHT__1542193262027893.jpg"], "intrinsics": [[[1272.5979470598488, 0.0, 826.6154927353808], [0.0, 1272.5979470598488, 479.75165386361925], [0.0, 0.0, 1.0]], [[1266.417203046554, 0.0, 816.2670197447984], [0.0, 1266.417203046554, 491.50706579294757], [0.0, 0.0, 1.0]], [[1260.8474446004698, 0.0, 807.968244525554], [0.0, 1260.8474446004698, 495.3344268742088], [0.0, 0.0, 1.0]], [[1256.7414812095406, 0.0, 792.1125740759628], [0.0, 1256.7414812095406, 492.7757465151356], [0.0, 0.0, 1.0]], [[809.2209905677063, 0.0, 829.2196003259838], [0.0, 809.2209905677063, 481.77842384512485], [0.0, 0.0, 1.0]], [[1259.5137405846733, 0.0, 807.2529053838625], [0.0, 1259.5137405846733, 501.19579884916527], [0.0, 0.0, 1.0]]], "extrinsics": [[[0.820797324180603, -0.5709620714187622, -0.017148910090327263, -0.9654541015625], [-0.002760895062237978, 0.026055827736854553, -0.9996566772460938, 1.5082428455352783], [0.5712128281593323, 0.8205628395080566, 0.019810188561677933, -1.2813720703125], [0.0, 0.0, 0.0, 1.0]], [[0.005759129300713539, -0.9997405409812927, -0.022039217874407768, 0.00537109375], [-0.008088507689535618, 0.021992292255163193, -0.9997254610061646, 1.520533561706543], [0.999950647354126, 0.005935816094279289, -0.007959752343595028, -1.693359375], [0.0, 0.0, 0.0, 1.0]], [[-0.8329145312309265, -0.5530539155006409, -0.01961243338882923, 1.03271484375], [-0.0024964844342321157, 0.03919447958469391, -0.9992284774780273, 1.5036380290985107], [0.5533959865570068, -0.8322229385375977, -0.034026339650154114, -1.2489013671875], [0.0, 0.0, 0.0, 1.0]], [[0.9477540850639343, 0.3188856840133667, 0.00861537829041481, -1.142333984375], [0.006103173829615116, 0.008876441977918148, -0.9999419450759888, 1.5885562896728516], [-0.31894364953041077, 0.9477516412734985, 0.006466468330472708, -0.10382080078125], [0.0, 0.0, 0.0, 1.0]], [[0.0023637767881155014, 0.9998197555541992, 0.018838463351130486, 0.0026092529296875], [-0.019267575815320015, 0.018880555406212807, -0.9996361136436462, 1.5793609619140625], [-0.999811589717865, 0.0019999549258500338, 0.019308729097247124, 0.00244140625], [0.0, 0.0, 0.0, 1.0]], [[-0.9348193407058716, 0.35512351989746094, -0.0003835826937574893, 1.136474609375], [0.0133969159796834, 0.03418632969260216, -0.999325692653656, 1.5514373779296875], [-0.3548709452152252, -0.9341940879821777, -0.03671560063958168, -0.0633544921875], [0.0, 0.0, 0.0, 1.0]]], "view": [[0.0, -2.0, 100.0], [-2.0, 0.0, 100.0], [0.0, 0.0, 1.0]], "bev": "bev_3b9c8984b9b84bffa8f9e650fe540102.png", "aux": "aux_3b9c8984b9b84bffa8f9e650fe540102.npz", "visibility": "visibility_3b9c8984b9b84bffa8f9e650fe540102.png", "pose": [[-0.37768420577049255, 0.9259344935417175, 0.0, 776.7399291992188], [-0.9259344935417175, -0.37768420577049255, 0.0, 2503.27001953125], [0.0, 0.0, 1.0, 0.0], [0.0, 0.0, 0.0, 1.0]], "pose_inverse": [[-0.37768420577049255, -0.9259344935417175, 0.0, 2611.226318359375], [0.9259344935417175, -0.37768420577049255, 0.0, 226.2353057861328], [0.0, 0.0, 1.0, 0.0], [0.0, 0.0, 0.0, 1.0]], "cam_ids": [0, 1, 2, 3, 4, 5], "cam_channels": ["CAM_FRONT_LEFT", "CAM_FRONT", "CAM_FRONT_RIGHT", "CAM_BACK_LEFT", "CAM_BACK", "CAM_BACK_RIGHT"], "token": "3b9c8984b9b84bffa8f9e650fe540102", "scene": "scene-0998"}, {"images": ["samples/CAM_FRONT_LEFT/n015-2018-11-14-18-57-54+0800__CAM_FRONT_LEFT__1542193262504844.jpg", "samples/CAM_FRONT/n015-2018-11-14-18-57-54+0800__CAM_FRONT__1542193262512460.jpg", "samples/CAM_FRONT_RIGHT/n015-2018-11-14-18-57-54+0800__CAM_FRONT_RIGHT__1542193262520339.jpg", "samples/CAM_BACK_LEFT/n015-2018-11-14-18-57-54+0800__CAM_BACK_LEFT__1542193262547423.jpg", "samples/CAM_BACK/n015-2018-11-14-18-57-54+0800__CAM_BACK__1542193262537525.jpg", "samples/CAM_BACK_RIGHT/n015-2018-11-14-18-57-54+0800__CAM_BACK_RIGHT__1542193262527893.jpg"], "intrinsics": [[[1272.5979470598488, 0.0, 826.6154927353808], [0.0, 1272.5979470598488, 479.75165386361925], [0.0, 0.0, 1.0]], [[1266.417203046554, 0.0, 816.2670197447984], [0.0, 1266.417203046554, 491.50706579294757], [0.0, 0.0, 1.0]], [[1260.8474446004698, 0.0, 807.968244525554], [0.0, 1260.8474446004698, 495.3344268742088], [0.0, 0.0, 1.0]], [[1256.7414812095406, 0.0, 792.1125740759628], [0.0, 1256.7414812095406, 492.7757465151356], [0.0, 0.0, 1.0]], [[809.2209905677063, 0.0, 829.2196003259838], [0.0, 809.2209905677063, 481.77842384512485], [0.0, 0.0, 1.0]], [[1259.5137405846733, 0.0, 807.2529053838625], [0.0, 1259.5137405846733, 501.19579884916527], [0.0, 0.0, 1.0]]], "extrinsics": [[[0.8207463622093201, -0.570999026298523, -0.018315117806196213, -0.9649658203125], [-0.003169629257172346, 0.02750728465616703, -0.9996165633201599, 1.5082422494888306], [0.5712839961051941, 0.8204896450042725, 0.020766649395227432, -1.2806396484375], [0.0, 0.0, 0.0, 1.0]], [[0.005689249373972416, -0.9997082948684692, -0.023470601066946983, 0.0051727294921875], [-0.008445514366030693, 0.023422107100486755, -0.9996899962425232, 1.5205297470092773], [0.9999481439590454, 0.005885706748813391, -0.008309797383844852, -1.6923828125], [0.0, 0.0, 0.0, 1.0]], [[-0.8329463601112366, -0.5529870986938477, -0.020137043669819832, 1.0322265625], [-0.0027986648492515087, 0.04060040041804314, -0.9991714954376221, 1.50364089012146], [0.5533465147018433, -0.8321999907493591, -0.03536558523774147, -1.2484130859375], [0.0, 0.0, 0.0, 1.0]], [[0.9477536082267761, 0.3188822567462921, 0.008786199614405632, -1.142333984375], [0.005883682053536177, 0.010064281523227692, -0.999932050704956, 1.5885581970214844], [-0.31894901394844055, 0.9477409720420837, 0.007662257179617882, -0.10357666015625], [0.0, 0.0, 0.0, 1.0]], [[0.0023807273246347904, 0.9997947216033936, 0.020119551569223404, 0.0028076171875], [-0.019528627395629883, 0.020162254571914673, -0.9996059536933899, 1.5793571472167969], [-0.9998064637184143, 0.0019868987146764994, 0.01957261934876442, 0.002197265625], [0.0, 0.0, 0.0, 1.0]], [[-0.934808075428009, 0.35515302419662476, 0.0003753642668016255, 1.136474609375], [0.013107615523040295, 0.035557061433792114, -0.9992817044258118, 1.5514488220214844], [-0.35491126775741577, -0.9341317415237427, -0.03789424151182175, -0.0635986328125], [0.0, 0.0, 0.0, 1.0]]], "view": [[0.0, -2.0, 100.0], [-2.0, 0.0, 100.0], [0.0, 0.0, 1.0]], "bev": "bev_faf98d536db84c469afe74a3c34ead37.png", "aux": "aux_faf98d536db84c469afe74a3c34ead37.npz", "visibility": "visibility_faf98d536db84c469afe74a3c34ead37.png", "pose": [[-0.3768714666366577, 0.9262655377388, 0.0, 776.7394409179688], [-0.9262655377388, -0.3768714666366577, 0.0, 2503.27734375], [0.0, 0.0, 1.0, 0.0], [0.0, 0.0, 0.0, 1.0]], "pose_inverse": [[-0.3768714666366577, -0.9262655377388, 0.0, 2611.430419921875], [0.9262655377388, -0.3768714666366577, 0.0, 223.94683837890625], [0.0, 0.0, 1.0, 0.0], [0.0, 0.0, 0.0, 1.0]], "cam_ids": [0, 1, 2, 3, 4, 5], "cam_channels": ["CAM_FRONT_LEFT", "CAM_FRONT", "CAM_FRONT_RIGHT", "CAM_BACK_LEFT", "CAM_BACK", "CAM_BACK_RIGHT"], "token": "faf98d536db84c469afe74a3c34ead37", "scene": "scene-0998"}, {"images": ["samples/CAM_FRONT_LEFT/n015-2018-11-14-18-57-54+0800__CAM_FRONT_LEFT__1542193263004844.jpg", "samples/CAM_FRONT/n015-2018-11-14-18-57-54+0800__CAM_FRONT__1542193263012460.jpg", "samples/CAM_FRONT_RIGHT/n015-2018-11-14-18-57-54+0800__CAM_FRONT_RIGHT__1542193263020339.jpg", "samples/CAM_BACK_LEFT/n015-2018-11-14-18-57-54+0800__CAM_BACK_LEFT__1542193263047423.jpg", "samples/CAM_BACK/n015-2018-11-14-18-57-54+0800__CAM_BACK__1542193263037525.jpg", "samples/CAM_BACK_RIGHT/n015-2018-11-14-18-57-54+0800__CAM_BACK_RIGHT__1542193263027893.jpg"], "intrinsics": [[[1272.5979470598488, 0.0, 826.6154927353808], [0.0, 1272.5979470598488, 479.75165386361925], [0.0, 0.0, 1.0]], [[1266.417203046554, 0.0, 816.2670197447984], [0.0, 1266.417203046554, 491.50706579294757], [0.0, 0.0, 1.0]], [[1260.8474446004698, 0.0, 807.968244525554], [0.0, 1260.8474446004698, 495.3344268742088], [0.0, 0.0, 1.0]], [[1256.7414812095406, 0.0, 792.1125740759628], [0.0, 1256.7414812095406, 492.7757465151356], [0.0, 0.0, 1.0]], [[809.2209905677063, 0.0, 829.2196003259838], [0.0, 809.2209905677063, 481.77842384512485], [0.0, 0.0, 1.0]], [[1259.5137405846733, 0.0, 807.2529053838625], [0.0, 1259.5137405846733, 501.19579884916527], [0.0, 0.0, 1.0]]], "extrinsics": [[[0.8207547068595886, -0.5710041522979736, -0.017772778868675232, -0.96484375], [-0.0030259969644248486, 0.026764655485749245, -0.9996371865272522, 1.5082443952560425], [0.571272611618042, 0.8205106854438782, 0.020239360630512238, -1.2803955078125], [0.0, 0.0, 0.0, 1.0]], [[0.005701941903680563, -0.9997249841690063, -0.02274477295577526, 0.0051422119140625], [-0.008324741385877132, 0.022696901112794876, -0.9997077584266663, 1.5205297470092773], [0.999949038028717, 0.005889601539820433, -0.008193036541342735, -1.692138671875], [0.0, 0.0, 0.0, 1.0]], [[-0.8329391479492188, -0.5530092120170593, -0.01982702501118183, 1.032470703125], [-0.0027018061373382807, 0.0398937426507473, -0.9992002248764038, 1.5036391019821167], [0.5533579587936401, -0.8322194814682007, -0.0347231887280941, -1.2486572265625], [0.0, 0.0, 0.0, 1.0]], [[0.9477541446685791, 0.3188827335834503, 0.008713195100426674, -1.142333984375], [0.005995987448841333, 0.009501681663095951, -0.9999368786811829, 1.5885581970214844], [-0.31894537806510925, 0.9477465152740479, 0.007093240972608328, -0.103759765625], [0.0, 0.0, 0.0, 1.0]], [[0.0023770106490701437, 0.9998072385787964, 0.019493641331791878, 0.002777099609375], [-0.01943027228116989, 0.01953619346022606, -0.9996203780174255, 1.5793533325195312], [-0.9998083114624023, 0.001997382380068302, 0.019472964107990265, 0.002197265625], [0.0, 0.0, 0.0, 1.0]], [[-0.9348108172416687, 0.3551461100578308, 5.627495193039067e-05, 1.13623046875], [0.013189475052058697, 0.034875497221946716, -0.9993046522140503, 1.5514411926269531], [-0.3549010753631592, -0.934160053730011, -0.0372861847281456, -0.0635986328125], [0.0, 0.0, 0.0, 1.0]]], "view": [[0.0, -2.0, 100.0], [-2.0, 0.0, 100.0], [0.0, 0.0, 1.0]], "bev": "bev_37a33dbb45234cc4978f5d8b4c0666b5.png", "aux": "aux_37a33dbb45234cc4978f5d8b4c0666b5.npz", "visibility": "visibility_37a33dbb45234cc4978f5d8b4c0666b5.png", "pose": [[-0.37644004821777344, 0.926440954208374, 0.0, 776.7373046875], [-0.926440954208374, -0.37644004821777344, 0.0, 2503.279296875], [0.0, 0.0, 1.0, 0.0], [0.0, 0.0, 0.0, 1.0]], "pose_inverse": [[-0.37644004821777344, -0.926440954208374, 0.0, 2611.53564453125], [0.926440954208374, -0.37644004821777344, 0.0, 222.7333221435547], [0.0, 0.0, 1.0, 0.0], [0.0, 0.0, 0.0, 1.0]], "cam_ids": [0, 1, 2, 3, 4, 5], "cam_channels": ["CAM_FRONT_LEFT", "CAM_FRONT", "CAM_FRONT_RIGHT", "CAM_BACK_LEFT", "CAM_BACK", "CAM_BACK_RIGHT"], "token": "37a33dbb45234cc4978f5d8b4c0666b5", "scene": "scene-0998"}, {"images": ["samples/CAM_FRONT_LEFT/n015-2018-11-14-18-57-54+0800__CAM_FRONT_LEFT__1542193263504844.jpg", "samples/CAM_FRONT/n015-2018-11-14-18-57-54+0800__CAM_FRONT__1542193263512460.jpg", "samples/CAM_FRONT_RIGHT/n015-2018-11-14-18-57-54+0800__CAM_FRONT_RIGHT__1542193263520339.jpg", "samples/CAM_BACK_LEFT/n015-2018-11-14-18-57-54+0800__CAM_BACK_LEFT__1542193263547423.jpg", "samples/CAM_BACK/n015-2018-11-14-18-57-54+0800__CAM_BACK__1542193263537550.jpg", "samples/CAM_BACK_RIGHT/n015-2018-11-14-18-57-54+0800__CAM_BACK_RIGHT__1542193263527893.jpg"], "intrinsics": [[[1272.5979470598488, 0.0, 826.6154927353808], [0.0, 1272.5979470598488, 479.75165386361925], [0.0, 0.0, 1.0]], [[1266.417203046554, 0.0, 816.2670197447984], [0.0, 1266.417203046554, 491.50706579294757], [0.0, 0.0, 1.0]], [[1260.8474446004698, 0.0, 807.968244525554], [0.0, 1260.8474446004698, 495.3344268742088], [0.0, 0.0, 1.0]], [[1256.7414812095406, 0.0, 792.1125740759628], [0.0, 1256.7414812095406, 492.7757465151356], [0.0, 0.0, 1.0]], [[809.2209905677063, 0.0, 829.2196003259838], [0.0, 809.2209905677063, 481.77842384512485], [0.0, 0.0, 1.0]], [[1259.5137405846733, 0.0, 807.2529053838625], [0.0, 1259.5137405846733, 501.19579884916527], [0.0, 0.0, 1.0]]], "extrinsics": [[[0.8207603096961975, -0.571000874042511, -0.017621872946619987, -0.96484375], [-0.002941852668300271, 0.02662167139351368, -0.9996412396430969, 1.508243441581726], [0.5712650418281555, 0.8205176591873169, 0.020170213654637337, -1.2802734375], [0.0, 0.0, 0.0, 1.0]], [[0.005710288416594267, -0.9997280836105347, -0.02260587550699711, 0.0052032470703125], [-0.008243011310696602, 0.022558417171239853, -0.9997115731239319, 1.5205297470092773], [0.9999496340751648, 0.005894975271075964, -0.008111955597996712, -1.692138671875], [0.0, 0.0, 0.0, 1.0]], [[-0.8329342603683472, -0.5530168414115906, -0.019819146022200584, 1.031982421875], [-0.0026227575726807117, 0.03976007178425789, -0.9992057681083679, 1.5036391019821167], [0.5533657073974609, -0.8322207927703857, -0.03456795588135719, -1.2486572265625], [0.0, 0.0, 0.0, 1.0]], [[0.9477540254592896, 0.31888270378112793, 0.008724156767129898, -1.14208984375], [0.006049199029803276, 0.009377935901284218, -0.9999377131462097, 1.5885543823242188], [-0.31894463300704956, 0.9477477669715881, 0.006958990357816219, -0.10369873046875], [0.0, 0.0, 0.0, 1.0]], [[0.0023735156282782555, 0.999809741973877, 0.019363757222890854, 0.00274658203125], [-0.019359158352017403, 0.019406123086810112, -0.9996242523193359, 1.5793571472167969], [-0.9998096823692322, 0.0019977788906544447, 0.019401535391807556, 0.001708984375], [0.0, 0.0, 0.0, 1.0]], [[-0.9348125457763672, 0.3551415205001831, -6.84015903971158e-05, 1.136474609375], [0.01327076368033886, 0.0347391702234745, -0.9993082880973816, 1.5514450073242188], [-0.3548934757709503, -0.9341668486595154, -0.0371876135468483, -0.0634765625], [0.0, 0.0, 0.0, 1.0]]], "view": [[0.0, -2.0, 100.0], [-2.0, 0.0, 100.0], [0.0, 0.0, 1.0]], "bev": "bev_308afe5fc02a43bd881b63c0b9040d5b.png", "aux": "aux_308afe5fc02a43bd881b63c0b9040d5b.npz", "visibility": "visibility_308afe5fc02a43bd881b63c0b9040d5b.png", "pose": [[-0.3761722445487976, 0.9265497326850891, 0.0, 776.7353515625], [-0.9265497326850891, -0.3761722445487976, 0.0, 2503.280517578125], [0.0, 0.0, 1.0, 0.0], [0.0, 0.0, 0.0, 1.0]], "pose_inverse": [[-0.3761722445487976, -0.9265497326850891, 0.0, 2611.600341796875], [0.9265497326850891, -0.3761722445487976, 0.0, 221.98068237304688], [0.0, 0.0, 1.0, 0.0], [0.0, 0.0, 0.0, 1.0]], "cam_ids": [0, 1, 2, 3, 4, 5], "cam_channels": ["CAM_FRONT_LEFT", "CAM_FRONT", "CAM_FRONT_RIGHT", "CAM_BACK_LEFT", "CAM_BACK", "CAM_BACK_RIGHT"], "token": "308afe5fc02a43bd881b63c0b9040d5b", "scene": "scene-0998"}, {"images": ["samples/CAM_FRONT_LEFT/n015-2018-11-14-18-57-54+0800__CAM_FRONT_LEFT__1542193264004844.jpg", "samples/CAM_FRONT/n015-2018-11-14-18-57-54+0800__CAM_FRONT__1542193264012460.jpg", "samples/CAM_FRONT_RIGHT/n015-2018-11-14-18-57-54+0800__CAM_FRONT_RIGHT__1542193264020339.jpg", "samples/CAM_BACK_LEFT/n015-2018-11-14-18-57-54+0800__CAM_BACK_LEFT__1542193264047423.jpg", "samples/CAM_BACK/n015-2018-11-14-18-57-54+0800__CAM_BACK__1542193264037525.jpg", "samples/CAM_BACK_RIGHT/n015-2018-11-14-18-57-54+0800__CAM_BACK_RIGHT__1542193264027893.jpg"], "intrinsics": [[[1272.5979470598488, 0.0, 826.6154927353808], [0.0, 1272.5979470598488, 479.75165386361925], [0.0, 0.0, 1.0]], [[1266.417203046554, 0.0, 816.2670197447984], [0.0, 1266.417203046554, 491.50706579294757], [0.0, 0.0, 1.0]], [[1260.8474446004698, 0.0, 807.968244525554], [0.0, 1260.8474446004698, 495.3344268742088], [0.0, 0.0, 1.0]], [[1256.7414812095406, 0.0, 792.1125740759628], [0.0, 1256.7414812095406, 492.7757465151356], [0.0, 0.0, 1.0]], [[809.2209905677063, 0.0, 829.2196003259838], [0.0, 809.2209905677063, 481.77842384512485], [0.0, 0.0, 1.0]], [[1259.5137405846733, 0.0, 807.2529053838625], [0.0, 1259.5137405846733, 501.19579884916527], [0.0, 0.0, 1.0]]], "extrinsics": [[[0.8207724690437317, -0.5709842443466187, -0.017591454088687897, -0.9649658203125], [-0.003018362447619438, 0.026459267362952232, -0.9996452927589417, 1.5082446336746216], [0.5712472796440125, 0.8205344676971436, 0.019993601366877556, -1.2803955078125], [0.0, 0.0, 0.0, 1.0]], [[0.0057280478067696095, -0.9997315406799316, -0.022449467331171036, 0.0051116943359375], [-0.008300187066197395, 0.022401530295610428, -0.9997146129608154, 1.5205297470092773], [0.9999490976333618, 0.005912742577493191, -0.008169641718268394, -1.6923828125], [0.0, 0.0, 0.0, 1.0]], [[-0.8329271674156189, -0.5530317425727844, -0.019704876467585564, 1.0322265625], [-0.0026602500583976507, 0.039609186351299286, -0.9992117285728455, 1.5036392211914062], [0.5533762574195862, -0.8322181105613708, -0.03446276858448982, -1.24853515625], [0.0, 0.0, 0.0, 1.0]], [[0.9477536678314209, 0.3188852369785309, 0.008663955144584179, -1.141845703125], [0.006020598113536835, 0.00927412323653698, -0.9999389052391052, 1.5885562896728516], [-0.31894609332084656, 0.9477479457855225, 0.006869705393910408, -0.10369873046875], [0.0, 0.0, 0.0, 1.0]], [[0.002369664376601577, 0.999812126159668, 0.01924174651503563, 0.0029296875], [-0.0194088127464056, 0.019284162670373917, -0.9996256828308105, 1.5793647766113281], [-0.9998087882995605, 0.0019953972660005093, 0.01945086382329464, 0.001953125], [0.0, 0.0, 0.0, 1.0]], [[-0.9348160624504089, 0.35513225197792053, -6.915313133504242e-05, 1.135986328125], [0.013218560256063938, 0.03460067883133888, -0.9993138313293457, 1.5514488220214844], [-0.3548862040042877, -0.9341755509376526, -0.037039607763290405, -0.0635986328125], [0.0, 0.0, 0.0, 1.0]]], "view": [[0.0, -2.0, 100.0], [-2.0, 0.0, 100.0], [0.0, 0.0, 1.0]], "bev": "bev_678ce77064b14ee295c8b5ae730d6a82.png", "aux": "aux_678ce77064b14ee295c8b5ae730d6a82.npz", "visibility": "visibility_678ce77064b14ee295c8b5ae730d6a82.png", "pose": [[-0.3761245906352997, 0.9265691041946411, 0.0, 776.7337036132812], [-0.9265691041946411, -0.3761245906352997, 0.0, 2503.281494140625], [0.0, 0.0, 1.0, 0.0], [0.0, 0.0, 0.0, 1.0]], "pose_inverse": [[-0.3761245906352997, -0.9265691041946411, 0.0, 2611.61181640625], [0.9265691041946411, -0.3761245906352997, 0.0, 221.8482666015625], [0.0, 0.0, 1.0, 0.0], [0.0, 0.0, 0.0, 1.0]], "cam_ids": [0, 1, 2, 3, 4, 5], "cam_channels": ["CAM_FRONT_LEFT", "CAM_FRONT", "CAM_FRONT_RIGHT", "CAM_BACK_LEFT", "CAM_BACK", "CAM_BACK_RIGHT"], "token": "678ce77064b14ee295c8b5ae730d6a82", "scene": "scene-0998"}, {"images": ["samples/CAM_FRONT_LEFT/n015-2018-11-14-18-57-54+0800__CAM_FRONT_LEFT__1542193264504844.jpg", "samples/CAM_FRONT/n015-2018-11-14-18-57-54+0800__CAM_FRONT__1542193264512460.jpg", "samples/CAM_FRONT_RIGHT/n015-2018-11-14-18-57-54+0800__CAM_FRONT_RIGHT__1542193264520339.jpg", "samples/CAM_BACK_LEFT/n015-2018-11-14-18-57-54+0800__CAM_BACK_LEFT__1542193264547423.jpg", "samples/CAM_BACK/n015-2018-11-14-18-57-54+0800__CAM_BACK__1542193264537525.jpg", "samples/CAM_BACK_RIGHT/n015-2018-11-14-18-57-54+0800__CAM_BACK_RIGHT__1542193264527893.jpg"], "intrinsics": [[[1272.5979470598488, 0.0, 826.6154927353808], [0.0, 1272.5979470598488, 479.75165386361925], [0.0, 0.0, 1.0]], [[1266.417203046554, 0.0, 816.2670197447984], [0.0, 1266.417203046554, 491.50706579294757], [0.0, 0.0, 1.0]], [[1260.8474446004698, 0.0, 807.968244525554], [0.0, 1260.8474446004698, 495.3344268742088], [0.0, 0.0, 1.0]], [[1256.7414812095406, 0.0, 792.1125740759628], [0.0, 1256.7414812095406, 492.7757465151356], [0.0, 0.0, 1.0]], [[809.2209905677063, 0.0, 829.2196003259838], [0.0, 809.2209905677063, 481.77842384512485], [0.0, 0.0, 1.0]], [[1259.5137405846733, 0.0, 807.2529053838625], [0.0, 1259.5137405846733, 501.19579884916527], [0.0, 0.0, 1.0]]], "extrinsics": [[[0.8207621574401855, -0.5710093975067139, -0.017258739098906517, -0.965087890625], [-0.002675567055121064, 0.026368523016572, -0.9996486902236938, 1.508243203163147], [0.5712637901306152, 0.8205199837684631, 0.020114511251449585, -1.280517578125], [0.0, 0.0, 0.0, 1.0]], [[0.00570817431434989, -0.9997336864471436, -0.022360077127814293, 0.0052490234375], [-0.007983469404280186, 0.022314168512821198, -0.9997191429138184, 1.5205307006835938], [0.9999517798423767, 0.0058850799687206745, -0.007853969000279903, -1.6923828125], [0.0, 0.0, 0.0, 1.0]], [[-0.8329353332519531, -0.5530123710632324, -0.01989929936826229, 1.032470703125], [-0.0023701274767518044, 0.03952508047223091, -0.9992157816886902, 1.5036394596099854], [0.553365170955658, -0.8322349190711975, -0.03423254191875458, -1.24853515625], [0.0, 0.0, 0.0, 1.0]], [[0.9477532505989075, 0.31887954473495483, 0.008922428824007511, -1.141845703125], [0.006334973964840174, 0.009150424972176552, -0.9999380707740784, 1.5885581970214844], [-0.3189413845539093, 0.9477511048316956, 0.006652252282947302, -0.103759765625], [0.0, 0.0, 0.0, 1.0]], [[0.002375818556174636, 0.9998140335083008, 0.019136549904942513, 0.002655029296875], [-0.0190923810005188, 0.019178468734025955, -0.9996337890625, 1.5793647766113281], [-0.9998148679733276, 0.0020095824729651213, 0.019134392961859703, 0.00244140625], [0.0, 0.0, 0.0, 1.0]], [[-0.9348084330558777, 0.3551521301269531, -0.000381821853807196, 1.13623046875], [0.013519913889467716, 0.03451188653707504, -0.9993128180503845, 1.5514335632324219], [-0.35489484667778015, -0.9341712594032288, -0.03706362470984459, -0.0634765625], [0.0, 0.0, 0.0, 1.0]]], "view": [[0.0, -2.0, 100.0], [-2.0, 0.0, 100.0], [0.0, 0.0, 1.0]], "bev": "bev_d575f117444e4c2fba62c4b009de88e0.png", "aux": "aux_d575f117444e4c2fba62c4b009de88e0.npz", "visibility": "visibility_d575f117444e4c2fba62c4b009de88e0.png", "pose": [[-0.37609171867370605, 0.9265824556350708, 0.0, 776.7322387695312], [-0.9265824556350708, -0.37609171867370605, 0.0, 2503.2822265625], [0.0, 0.0, 1.0, 0.0], [0.0, 0.0, 0.0, 1.0]], "pose_inverse": [[-0.37609171867370605, -0.9265824556350708, 0.0, 2611.619873046875], [0.9265824556350708, -0.37609171867370605, 0.0, 221.75723266601562], [0.0, 0.0, 1.0, 0.0], [0.0, 0.0, 0.0, 1.0]], "cam_ids": [0, 1, 2, 3, 4, 5], "cam_channels": ["CAM_FRONT_LEFT", "CAM_FRONT", "CAM_FRONT_RIGHT", "CAM_BACK_LEFT", "CAM_BACK", "CAM_BACK_RIGHT"], "token": "d575f117444e4c2fba62c4b009de88e0", "scene": "scene-0998"}, {"images": ["samples/CAM_FRONT_LEFT/n015-2018-11-14-18-57-54+0800__CAM_FRONT_LEFT__1542193265004844.jpg", "samples/CAM_FRONT/n015-2018-11-14-18-57-54+0800__CAM_FRONT__1542193265012460.jpg", "samples/CAM_FRONT_RIGHT/n015-2018-11-14-18-57-54+0800__CAM_FRONT_RIGHT__1542193265020339.jpg", "samples/CAM_BACK_LEFT/n015-2018-11-14-18-57-54+0800__CAM_BACK_LEFT__1542193265047423.jpg", "samples/CAM_BACK/n015-2018-11-14-18-57-54+0800__CAM_BACK__1542193265037525.jpg", "samples/CAM_BACK_RIGHT/n015-2018-11-14-18-57-54+0800__CAM_BACK_RIGHT__1542193265027893.jpg"], "intrinsics": [[[1272.5979470598488, 0.0, 826.6154927353808], [0.0, 1272.5979470598488, 479.75165386361925], [0.0, 0.0, 1.0]], [[1266.417203046554, 0.0, 816.2670197447984], [0.0, 1266.417203046554, 491.50706579294757], [0.0, 0.0, 1.0]], [[1260.8474446004698, 0.0, 807.968244525554], [0.0, 1260.8474446004698, 495.3344268742088], [0.0, 0.0, 1.0]], [[1256.7414812095406, 0.0, 792.1125740759628], [0.0, 1256.7414812095406, 492.7757465151356], [0.0, 0.0, 1.0]], [[809.2209905677063, 0.0, 829.2196003259838], [0.0, 809.2209905677063, 481.77842384512485], [0.0, 0.0, 1.0]], [[1259.5137405846733, 0.0, 807.2529053838625], [0.0, 1259.5137405846733, 501.19579884916527], [0.0, 0.0, 1.0]]], "extrinsics": [[[0.820701539516449, -0.5711067318916321, -0.016910387203097343, -0.9649658203125], [-0.0024735312908887863, 0.02604515850543976, -0.9996576905250549, 1.5082454681396484], [0.5713517069816589, 0.8204624652862549, 0.019962653517723083, -1.2806396484375], [0.0, 0.0, 0.0, 1.0]], [[0.005621560849249363, -0.9997413754463196, -0.02203584648668766, 0.0052032470703125], [-0.007762919645756483, 0.021991902962327003, -0.9997280836105347, 1.5205326080322266], [0.9999539852142334, 0.005791082978248596, -0.007637283764779568, -1.692626953125], [0.0, 0.0, 0.0, 1.0]], [[-0.8329695463180542, -0.5529601573944092, -0.019919833168387413, 1.0322265625], [-0.002128875581547618, 0.03920311853289604, -0.9992289543151855, 1.5036451816558838], [0.5533146858215332, -0.8322849273681641, -0.033832188695669174, -1.2486572265625], [0.0, 0.0, 0.0, 1.0]], [[0.9477524757385254, 0.31887978315353394, 0.008998791687190533, -1.14208984375], [0.0065253484062850475, 0.008824124932289124, -0.9999397993087769, 1.5885543823242188], [-0.3189399540424347, 0.9477540850639343, 0.006282284390181303, -0.1036376953125], [0.0, 0.0, 0.0, 1.0]], [[0.002400472993031144, 0.9998202919960022, 0.018806489184498787, 0.002777099609375], [-0.01887446828186512, 0.018848493695259094, -0.9996442198753357, 1.5793571472167969], [-0.9998189806938171, 0.00204464397393167, 0.01891632005572319, 0.002197265625], [0.0, 0.0, 0.0, 1.0]], [[-0.9347900748252869, 0.3551998734474182, -0.0007156447391025722, 1.136474609375], [0.013758236542344093, 0.03419455140829086, -0.9993205070495605, 1.5514488220214844], [-0.3549341559410095, -0.9341647624969482, -0.036851655691862106, -0.0635986328125], [0.0, 0.0, 0.0, 1.0]]], "view": [[0.0, -2.0, 100.0], [-2.0, 0.0, 100.0], [0.0, 0.0, 1.0]], "bev": "bev_1327958bed654efcad84d11798daf43b.png", "aux": "aux_1327958bed654efcad84d11798daf43b.npz", "visibility": "visibility_1327958bed654efcad84d11798daf43b.png", "pose": [[-0.3752683997154236, 0.9269161820411682, 0.0, 776.7312622070312], [-0.9269161820411682, -0.3752683997154236, 0.0, 2503.283203125], [0.0, 0.0, 1.0, 0.0], [0.0, 0.0, 0.0, 1.0]], "pose_inverse": [[-0.3752683997154236, -0.9269161820411682, 0.0, 2611.81640625], [0.9269161820411682, -0.3752683997154236, 0.0, 219.43829345703125], [0.0, 0.0, 1.0, 0.0], [0.0, 0.0, 0.0, 1.0]], "cam_ids": [0, 1, 2, 3, 4, 5], "cam_channels": ["CAM_FRONT_LEFT", "CAM_FRONT", "CAM_FRONT_RIGHT", "CAM_BACK_LEFT", "CAM_BACK", "CAM_BACK_RIGHT"], "token": "1327958bed654efcad84d11798daf43b", "scene": "scene-0998"}, {"images": ["samples/CAM_FRONT_LEFT/n015-2018-11-14-18-57-54+0800__CAM_FRONT_LEFT__1542193265404844.jpg", "samples/CAM_FRONT/n015-2018-11-14-18-57-54+0800__CAM_FRONT__1542193265412460.jpg", "samples/CAM_FRONT_RIGHT/n015-2018-11-14-18-57-54+0800__CAM_FRONT_RIGHT__1542193265420339.jpg", "samples/CAM_BACK_LEFT/n015-2018-11-14-18-57-54+0800__CAM_BACK_LEFT__1542193265447423.jpg", "samples/CAM_BACK/n015-2018-11-14-18-57-54+0800__CAM_BACK__1542193265437525.jpg", "samples/CAM_BACK_RIGHT/n015-2018-11-14-18-57-54+0800__CAM_BACK_RIGHT__1542193265427893.jpg"], "intrinsics": [[[1272.5979470598488, 0.0, 826.6154927353808], [0.0, 1272.5979470598488, 479.75165386361925], [0.0, 0.0, 1.0]], [[1266.417203046554, 0.0, 816.2670197447984], [0.0, 1266.417203046554, 491.50706579294757], [0.0, 0.0, 1.0]], [[1260.8474446004698, 0.0, 807.968244525554], [0.0, 1260.8474446004698, 495.3344268742088], [0.0, 0.0, 1.0]], [[1256.7414812095406, 0.0, 792.1125740759628], [0.0, 1256.7414812095406, 492.7757465151356], [0.0, 0.0, 1.0]], [[809.2209905677063, 0.0, 829.2196003259838], [0.0, 809.2209905677063, 481.77842384512485], [0.0, 0.0, 1.0]], [[1259.5137405846733, 0.0, 807.2529053838625], [0.0, 1259.5137405846733, 501.19579884916527], [0.0, 0.0, 1.0]]], "extrinsics": [[[0.8207687139511108, -0.5709912776947021, -0.01754022389650345, -0.965087890625], [-0.0032807800453156233, 0.025992412120103836, -0.9996567368507385, 1.5082465410232544], [0.5712511539459229, 0.8205444812774658, 0.019460462033748627, -1.2801513671875], [0.0, 0.0, 0.0, 1.0]], [[0.005721070803701878, -0.9997417330741882, -0.021990465000271797, 0.005096435546875], [-0.008580966852605343, 0.021940933540463448, -0.9997224807739258, 1.5205326080322266], [0.9999467730522156, 0.0059081693179905415, -0.008453224785625935, -1.6923828125], [0.0, 0.0, 0.0, 1.0]], [[-0.8329346179962158, -0.5530381202697754, -0.01920386031270027, 1.032470703125], [-0.002959814388304949, 0.03915531188249588, -0.9992287158966064, 1.5036438703536987], [0.553363561630249, -0.8322352766990662, -0.03425070643424988, -1.248779296875], [0.0, 0.0, 0.0, 1.0]], [[0.9477578997612, 0.31888511776924133, 0.008200612850487232, -1.141845703125], [0.005686712451279163, 0.008813624270260334, -0.9999449849128723, 1.5885581970214844], [-0.31893983483314514, 0.9477524161338806, 0.006539775058627129, -0.103759765625], [0.0, 0.0, 0.0, 1.0]], [[0.002378957811743021, 0.9998208284378052, 0.01878022588789463, 0.00274658203125], [-0.019730914384126663, 0.01882355473935604, -0.9996281266212463, 1.5793571472167969], [-0.9998024702072144, 0.0020074984058737755, 0.019772158935666084, 0.001953125], [0.0, 0.0, 0.0, 1.0]], [[-0.9348146319389343, 0.35513603687286377, 5.2573570428648964e-05, 1.13671875], [0.012918694876134396, 0.03415346145629883, -0.9993331432342529, 1.55145263671875], [-0.35490089654922485, -0.9341905117034912, -0.03651505336165428, -0.063720703125], [0.0, 0.0, 0.0, 1.0]]], "view": [[0.0, -2.0, 100.0], [-2.0, 0.0, 100.0], [0.0, 0.0, 1.0]], "bev": "bev_110b46effec74eb8bcafa7a844194b97.png", "aux": "aux_110b46effec74eb8bcafa7a844194b97.npz", "visibility": "visibility_110b46effec74eb8bcafa7a844194b97.png", "pose": [[-0.37494462728500366, 0.9270471930503845, 0.0, 776.730712890625], [-0.9270471930503845, -0.37494462728500366, 0.0, 2503.2841796875], [0.0, 0.0, 1.0, 0.0], [0.0, 0.0, 0.0, 1.0]], "pose_inverse": [[-0.37494462728500366, -0.9270471930503845, 0.0, 2611.8935546875], [0.9270471930503845, -0.37494462728500366, 0.0, 218.52694702148438], [0.0, 0.0, 1.0, 0.0], [0.0, 0.0, 0.0, 1.0]], "cam_ids": [0, 1, 2, 3, 4, 5], "cam_channels": ["CAM_FRONT_LEFT", "CAM_FRONT", "CAM_FRONT_RIGHT", "CAM_BACK_LEFT", "CAM_BACK", "CAM_BACK_RIGHT"], "token": "110b46effec74eb8bcafa7a844194b97", "scene": "scene-0998"}, {"images": ["samples/CAM_FRONT_LEFT/n015-2018-11-14-18-57-54+0800__CAM_FRONT_LEFT__1542193265904844.jpg", "samples/CAM_FRONT/n015-2018-11-14-18-57-54+0800__CAM_FRONT__1542193265912460.jpg", "samples/CAM_FRONT_RIGHT/n015-2018-11-14-18-57-54+0800__CAM_FRONT_RIGHT__1542193265920339.jpg", "samples/CAM_BACK_LEFT/n015-2018-11-14-18-57-54+0800__CAM_BACK_LEFT__1542193265947423.jpg", "samples/CAM_BACK/n015-2018-11-14-18-57-54+0800__CAM_BACK__1542193265937525.jpg", "samples/CAM_BACK_RIGHT/n015-2018-11-14-18-57-54+0800__CAM_BACK_RIGHT__1542193265927893.jpg"], "intrinsics": [[[1272.5979470598488, 0.0, 826.6154927353808], [0.0, 1272.5979470598488, 479.75165386361925], [0.0, 0.0, 1.0]], [[1266.417203046554, 0.0, 816.2670197447984], [0.0, 1266.417203046554, 491.50706579294757], [0.0, 0.0, 1.0]], [[1260.8474446004698, 0.0, 807.968244525554], [0.0, 1260.8474446004698, 495.3344268742088], [0.0, 0.0, 1.0]], [[1256.7414812095406, 0.0, 792.1125740759628], [0.0, 1256.7414812095406, 492.7757465151356], [0.0, 0.0, 1.0]], [[809.2209905677063, 0.0, 829.2196003259838], [0.0, 809.2209905677063, 481.77842384512485], [0.0, 0.0, 1.0]], [[1259.5137405846733, 0.0, 807.2529053838625], [0.0, 1259.5137405846733, 501.19579884916527], [0.0, 0.0, 1.0]]], "extrinsics": [[[0.8208074569702148, -0.5709400177001953, -0.017393484711647034, -0.96484375], [-0.0030383586417883635, 0.02608606219291687, -0.9996550679206848, 1.508247971534729], [0.5711968541145325, 0.8205772042274475, 0.019676916301250458, -1.2803955078125], [0.0, 0.0, 0.0, 1.0]], [[0.005777172278612852, -0.9997393488883972, -0.022083817049860954, 0.0051116943359375], [-0.008317355997860432, 0.0220353826880455, -0.9997225999832153, 1.5205316543579102], [0.9999486804008484, 0.005959233734756708, -0.008187887258827686, -1.6923828125], [0.0, 0.0, 0.0, 1.0]], [[-0.83290696144104, -0.5530694723129272, -0.019495327025651932, 1.0322265625], [-0.002675386378541589, 0.039251089096069336, -0.9992257952690125, 1.5036425590515137], [0.5534065365791321, -0.8322098851203918, -0.0341721847653389, -1.2486572265625], [0.0, 0.0, 0.0, 1.0]], [[0.9477541446685791, 0.3188875913619995, 0.00852998811751604, -1.141845703125], [0.006002360489219427, 0.008908255025744438, -0.9999422430992126, 1.5885601043701172], [-0.31894516944885254, 0.9477505683898926, 0.006528758443892002, -0.103759765625], [0.0, 0.0, 0.0, 1.0]], [[0.0023573527578264475, 0.9998192191123962, 0.01886914111673832, 0.0028839111328125], [-0.019411932677030563, 0.018911387771368027, -0.999632716178894, 1.5793571472167969], [-0.9998087882995605, 0.00199023331515491, 0.019453004002571106, 0.002197265625], [0.0, 0.0, 0.0, 1.0]], [[-0.9348251223564148, 0.3551083207130432, -0.00019486001110635698, 1.13671875], [0.013217772357165813, 0.0342475026845932, -0.9993259906768799, 1.5514488220214844], [-0.3548623323440552, -0.9341975450515747, -0.036709170788526535, -0.063720703125], [0.0, 0.0, 0.0, 1.0]]], "view": [[0.0, -2.0, 100.0], [-2.0, 0.0, 100.0], [0.0, 0.0, 1.0]], "bev": "bev_beea6eb9e2ea4c199fd457c08c5b9c77.png", "aux": "aux_beea6eb9e2ea4c199fd457c08c5b9c77.npz", "visibility": "visibility_beea6eb9e2ea4c199fd457c08c5b9c77.png", "pose": [[-0.3755200207233429, 0.9268142580986023, 0.0, 776.7296752929688], [-0.9268142580986023, -0.3755200207233429, 0.0, 2503.284423828125], [0.0, 0.0, 1.0, 0.0], [0.0, 0.0, 0.0, 1.0]], "pose_inverse": [[-0.3755200207233429, -0.9268142580986023, 0.0, 2611.75732421875], [0.9268142580986023, -0.3755200207233429, 0.0, 220.1492919921875], [0.0, 0.0, 1.0, 0.0], [0.0, 0.0, 0.0, 1.0]], "cam_ids": [0, 1, 2, 3, 4, 5], "cam_channels": ["CAM_FRONT_LEFT", "CAM_FRONT", "CAM_FRONT_RIGHT", "CAM_BACK_LEFT", "CAM_BACK", "CAM_BACK_RIGHT"], "token": "beea6eb9e2ea4c199fd457c08c5b9c77", "scene": "scene-0998"}, {"images": ["samples/CAM_FRONT_LEFT/n015-2018-11-14-18-57-54+0800__CAM_FRONT_LEFT__1542193266404844.jpg", "samples/CAM_FRONT/n015-2018-11-14-18-57-54+0800__CAM_FRONT__1542193266412460.jpg", "samples/CAM_FRONT_RIGHT/n015-2018-11-14-18-57-54+0800__CAM_FRONT_RIGHT__1542193266420339.jpg", "samples/CAM_BACK_LEFT/n015-2018-11-14-18-57-54+0800__CAM_BACK_LEFT__1542193266447423.jpg", "samples/CAM_BACK/n015-2018-11-14-18-57-54+0800__CAM_BACK__1542193266437525.jpg", "samples/CAM_BACK_RIGHT/n015-2018-11-14-18-57-54+0800__CAM_BACK_RIGHT__1542193266427893.jpg"], "intrinsics": [[[1272.5979470598488, 0.0, 826.6154927353808], [0.0, 1272.5979470598488, 479.75165386361925], [0.0, 0.0, 1.0]], [[1266.417203046554, 0.0, 816.2670197447984], [0.0, 1266.417203046554, 491.50706579294757], [0.0, 0.0, 1.0]], [[1260.8474446004698, 0.0, 807.968244525554], [0.0, 1260.8474446004698, 495.3344268742088], [0.0, 0.0, 1.0]], [[1256.7414812095406, 0.0, 792.1125740759628], [0.0, 1256.7414812095406, 492.7757465151356], [0.0, 0.0, 1.0]], [[809.2209905677063, 0.0, 829.2196003259838], [0.0, 809.2209905677063, 481.77842384512485], [0.0, 0.0, 1.0]], [[1259.5137405846733, 0.0, 807.2529053838625], [0.0, 1259.5137405846733, 501.19579884916527], [0.0, 0.0, 1.0]]], "extrinsics": [[[0.820772647857666, -0.5709947347640991, -0.01724105328321457, -0.96484375], [-0.0028791571967303753, 0.026045771315693855, -0.9996565580368042, 1.508246660232544], [0.5712476372718811, 0.8205404281616211, 0.019733672961592674, -1.2801513671875], [0.0, 0.0, 0.0, 1.0]], [[0.005725183058530092, -0.9997407793998718, -0.022037232294678688, 0.0050811767578125], [-0.00816918071359396, 0.021990099921822548, -0.999724805355072, 1.5205316543579102], [0.9999501705169678, 0.0059036086313426495, -0.00804116576910019, -1.692138671875], [0.0, 0.0, 0.0, 1.0]], [[-0.8329288959503174, -0.5530333518981934, -0.01958037167787552, 1.0322265625], [-0.0025376505218446255, 0.039200060069561005, -0.9992281198501587, 1.5036418437957764], [0.5533740520477295, -0.8322364091873169, -0.03405427187681198, -1.2486572265625], [0.0, 0.0, 0.0, 1.0]], [[0.9477537870407104, 0.3188840448856354, 0.008691566996276379, -1.14208984375], [0.006185711361467838, 0.008870077319443226, -0.9999415278434753, 1.5885543823242188], [-0.3189425468444824, 0.9477521777153015, 0.006434124894440174, -0.1036376953125], [0.0, 0.0, 0.0, 1.0]], [[0.002372580813243985, 0.9998199343681335, 0.018828032538294792, 0.0026702880859375], [-0.01926134154200554, 0.018870282918214798, -0.9996364116668701, 1.5793571472167969], [-0.9998116493225098, 0.002009017625823617, 0.019302643835544586,