[{"images": ["samples/CAM_FRONT_LEFT/n008-2018-05-21-11-06-59-0400__CAM_FRONT_LEFT__1526915355004917.jpg", "samples/CAM_FRONT/n008-2018-05-21-11-06-59-0400__CAM_FRONT__1526915355012465.jpg", "samples/CAM_FRONT_RIGHT/n008-2018-05-21-11-06-59-0400__CAM_FRONT_RIGHT__1526915355019956.jpg", "samples/CAM_BACK_LEFT/n008-2018-05-21-11-06-59-0400__CAM_BACK_LEFT__1526915355047295.jpg", "samples/CAM_BACK/n008-2018-05-21-11-06-59-0400__CAM_BACK__1526915355037570.jpg", "samples/CAM_BACK_RIGHT/n008-2018-05-21-11-06-59-0400__CAM_BACK_RIGHT__1526915355027813.jpg"], "intrinsics": [[[1256.4720761102153, 0.0, 759.9201772536986], [0.0, 1256.472076110215, 418.2347543062189], [0.0, 0.0, 1.0]], [[1262.8093578767177, 0.0, 786.6784634591471], [0.0, 1262.8093578767177, 437.9890946201144], [0.0, 0.0, 1.0]], [[1264.1253743585607, 0.0, 761.8659236816043], [0.0, 1264.125374358561, 415.0768894058469], [0.0, 0.0, 1.0]], [[1258.2338510172276, 0.0, 742.9036438917772], [0.0, 1258.2338510172278, 422.93240569290015], [0.0, 0.0, 1.0]], [[798.1242652672415, 0.0, 679.0081140747895], [0.0, 798.1242652672414, 419.2474525237902], [0.0, 0.0, 1.0]], [[1259.4297629105833, 0.0, 752.9541347831612], [0.0, 1259.4297629105833, 429.46398926977497], [0.0, 0.0, 1.0]]], "extrinsics": [[[0.810366690158844, -0.5842925310134888, 0.04368038848042488, -0.669189453125], [0.01787853054702282, -0.049856722354888916, -0.9985963702201843, 1.5060677528381348], [0.5856502056121826, 0.8100101947784424, -0.02995593659579754, -1.068115234375], [0.0, 0.0, 0.0, 1.0]], [[-0.0036578408908098936, -0.9984842538833618, 0.05491557717323303, -0.0277099609375], [0.007884470745921135, -0.054943036288022995, -0.9984583854675293, 1.5158100128173828], [0.9999622106552124, -0.003219220321625471, 0.008073493838310242, -1.336669921875], [0.0, 0.0, 0.0, 1.0]], [[-0.8104277849197388, -0.5855642557144165, 0.017926111817359924, 0.78076171875], [0.012928754091262817, -0.04846840724349022, -0.9987410306930542, 1.4995155334472656], [0.5856959223747253, -0.8091756701469421, 0.04685075953602791, -1.2105712890625], [0.0, 0.0, 0.0, 1.0]], [[0.9457217454910278, 0.324604332447052, -0.0155706275254488, -1.149169921875], [-0.0012185493251308799, -0.04437054321169853, -0.9990144371986389, 1.595916748046875], [-0.32497528195381165, 0.9448086023330688, -0.0415666438639164, -0.08152008056640625], [0.0, 0.0, 0.0, 1.0]], [[0.01743699610233307, 0.998587429523468, -0.05019049346446991, 0.00738525390625], [0.007870818488299847, -0.0503336638212204, -0.9987014532089233, 1.540374755859375], [-0.9998169541358948, 0.01701931469142437, -0.008737368509173393, 0.006103515625], [0.0, 0.0, 0.0, 1.0]], [[-0.9352489113807678, 0.3533537685871124, -0.021226156502962112, 0.9630126953125], [0.003389998571947217, -0.05101940035820007, -0.9986919164657593, 1.5846366882324219], [-0.35397449135780334, -0.9340974688529968, 0.04651797562837601, -0.1246337890625], [0.0, 0.0, 0.0, 1.0]]], "view": [[0.0, -2.0, 100.0], [-2.0, 0.0, 100.0], [0.0, 0.0, 1.0]], "bev": "bev_2acc9fb43d5941d7bdd81c7d62834a6f.png", "aux": "aux_2acc9fb43d5941d7bdd81c7d62834a6f.npz", "visibility": "visibility_2acc9fb43d5941d7bdd81c7d62834a6f.png", "pose": [[-0.9995866417884827, 0.02874980866909027, 0.0, 2243.57470703125], [-0.02874980866909027, -0.9995866417884827, 0.0, 789.1793212890625], [0.0, 0.0, 1.0, 0.0], [0.0, 0.0, 0.0, 1.0]], "pose_inverse": [[-0.9995866417884827, -0.02874980866909027, 0.0, 2265.3359375], [0.02874980866909027, -0.9995866417884827, 0.0, 724.3507690429688], [0.0, 0.0, 1.0, 0.0], [0.0, 0.0, 0.0, 1.0]], "cam_ids": [0, 1, 2, 3, 4, 5], "cam_channels": ["CAM_FRONT_LEFT", "CAM_FRONT", "CAM_FRONT_RIGHT", "CAM_BACK_LEFT", "CAM_BACK", "CAM_BACK_RIGHT"], "token": "2acc9fb43d5941d7bdd81c7d62834a6f", "scene": "scene-0165"}, {"images": ["samples/CAM_FRONT_LEFT/n008-2018-05-21-11-06-59-0400__CAM_FRONT_LEFT__1526915355504917.jpg", "samples/CAM_FRONT/n008-2018-05-21-11-06-59-0400__CAM_FRONT__1526915355512465.jpg", "samples/CAM_FRONT_RIGHT/n008-2018-05-21-11-06-59-0400__CAM_FRONT_RIGHT__1526915355519956.jpg", "samples/CAM_BACK_LEFT/n008-2018-05-21-11-06-59-0400__CAM_BACK_LEFT__1526915355547295.jpg", "samples/CAM_BACK/n008-2018-05-21-11-06-59-0400__CAM_BACK__1526915355537570.jpg", "samples/CAM_BACK_RIGHT/n008-2018-05-21-11-06-59-0400__CAM_BACK_RIGHT__1526915355527813.jpg"], "intrinsics": [[[1256.4720761102153, 0.0, 759.9201772536986], [0.0, 1256.472076110215, 418.2347543062189], [0.0, 0.0, 1.0]], [[1262.8093578767177, 0.0, 786.6784634591471], [0.0, 1262.8093578767177, 437.9890946201144], [0.0, 0.0, 1.0]], [[1264.1253743585607, 0.0, 761.8659236816043], [0.0, 1264.125374358561, 415.0768894058469], [0.0, 0.0, 1.0]], [[1258.2338510172276, 0.0, 742.9036438917772], [0.0, 1258.2338510172278, 422.93240569290015], [0.0, 0.0, 1.0]], [[798.1242652672415, 0.0, 679.0081140747895], [0.0, 798.1242652672414, 419.2474525237902], [0.0, 0.0, 1.0]], [[1259.4297629105833, 0.0, 752.9541347831612], [0.0, 1259.4297629105833, 429.46398926977497], [0.0, 0.0, 1.0]]], "extrinsics": [[[0.810019850730896, -0.585300087928772, 0.035938896238803864, -0.657470703125], [0.005599969066679478, -0.05356338247656822, -0.9985487461090088, 1.5008544921875], [0.5863756537437439, 0.8090456128120422, -0.04010973870754242, -1.05859375], [0.0, 0.0, 0.0, 1.0]], [[-0.004254776518791914, -0.9982721209526062, 0.058606185019016266, -0.02813720703125], [-0.003988295793533325, -0.05858930945396423, -0.9982742071151733, 1.5115318298339844], [0.999983012676239, -0.004481171257793903, -0.0037321182899177074, -1.323974609375], [0.0, 0.0, 0.0, 1.0]], [[-0.8108140230178833, -0.5845746994018555, 0.029205426573753357, 0.771728515625], [0.001587933860719204, -0.0520947128534317, -0.9986408352851868, 1.4963417053222656], [0.5853015184402466, -0.8096656799316406, 0.043167389929294586, -1.20452880859375], [0.0, 0.0, 0.0, 1.0]], [[0.9456980228424072, 0.3240659832954407, -0.025228973478078842, -1.149658203125], [-0.010596828535199165, -0.04683757945895195, -0.9988462924957275, 1.5958824157714844], [-0.32487383484840393, 0.9448742866516113, -0.0408601313829422, -0.08108901977539062], [0.0, 0.0, 0.0, 1.0]], [[0.01764027401804924, 0.9984268546104431, -0.05322159826755524, 0.007568359375], [-0.0021672749426215887, -0.05319157987833023, -0.9985819458961487, 1.5393180847167969], [-0.9998420476913452, 0.017730608582496643, 0.0012255534529685974, 0.002685546875], [0.0, 0.0, 0.0, 1.0]], [[-0.9350945949554443, 0.35418182611465454, -0.012382821179926395, 0.9559326171875], [-0.007362911943346262, -0.05434836819767952, -0.9984949231147766, 1.5824012756347656], [-0.3543217182159424, -0.9335960149765015, 0.05342866852879524, -0.1275634765625], [0.0, 0.0, 0.0, 1.0]]], "view": [[0.0, -2.0, 100.0], [-2.0, 0.0, 100.0], [0.0, 0.0, 1.0]], "bev": "bev_d3e5adcf3acd4b7f96984afa510fda18.png", "aux": "aux_d3e5adcf3acd4b7f96984afa510fda18.npz", "visibility": "visibility_d3e5adcf3acd4b7f96984afa510fda18.png", "pose": [[-0.999731183052063, 0.02318457141518593, 0.0, 2238.504638671875], [-0.02318457141518593, -0.999731183052063, 0.0, 789.044677734375], [0.0, 0.0, 1.0, 0.0], [0.0, 0.0, 0.0, 1.0]], "pose_inverse": [[-0.999731183052063, -0.02318457141518593, 0.0, 2256.196533203125], [0.02318457141518593, -0.999731183052063, 0.0, 736.933837890625], [0.0, 0.0, 1.0, 0.0], [0.0, 0.0, 0.0, 1.0]], "cam_ids": [0, 1, 2, 3, 4, 5], "cam_channels": ["CAM_FRONT_LEFT", "CAM_FRONT", "CAM_FRONT_RIGHT", "CAM_BACK_LEFT", "CAM_BACK", "CAM_BACK_RIGHT"], "token": "d3e5adcf3acd4b7f96984afa510fda18", "scene": "scene-0165"}, {"images": ["samples/CAM_FRONT_LEFT/n008-2018-05-21-11-06-59-0400__CAM_FRONT_LEFT__1526915356004917.jpg", "samples/CAM_FRONT/n008-2018-05-21-11-06-59-0400__CAM_FRONT__1526915356012491.jpg", "samples/CAM_FRONT_RIGHT/n008-2018-05-21-11-06-59-0400__CAM_FRONT_RIGHT__1526915356019956.jpg", "samples/CAM_BACK_LEFT/n008-2018-05-21-11-06-59-0400__CAM_BACK_LEFT__1526915356047295.jpg", "samples/CAM_BACK/n008-2018-05-21-11-06-59-0400__CAM_BACK__1526915356037570.jpg", "samples/CAM_BACK_RIGHT/n008-2018-05-21-11-06-59-0400__CAM_BACK_RIGHT__1526915356027813.jpg"], "intrinsics": [[[1256.4720761102153, 0.0, 759.9201772536986], [0.0, 1256.472076110215, 418.2347543062189], [0.0, 0.0, 1.0]], [[1262.8093578767177, 0.0, 786.6784634591471], [0.0, 1262.8093578767177, 437.9890946201144], [0.0, 0.0, 1.0]], [[1264.1253743585607, 0.0, 761.8659236816043], [0.0, 1264.125374358561, 415.0768894058469], [0.0, 0.0, 1.0]], [[1258.2338510172276, 0.0, 742.9036438917772], [0.0, 1258.2338510172278, 422.93240569290015], [0.0, 0.0, 1.0]], [[798.1242652672415, 0.0, 679.0081140747895], [0.0, 798.1242652672414, 419.2474525237902], [0.0, 0.0, 1.0]], [[1259.4297629105833, 0.0, 752.9541347831612], [0.0, 1259.4297629105833, 429.46398926977497], [0.0, 0.0, 1.0]]], "extrinsics": [[[0.8100185394287109, -0.5856103897094727, 0.030502542853355408, -0.676025390625], [0.006236424669623375, -0.04341039061546326, -0.9990378618240356, 1.5010318756103516], [0.586371123790741, 0.809429407119751, -0.0315110981464386, -1.0732421875], [0.0, 0.0, 0.0, 1.0]], [[-0.004310749005526304, -0.9988120794296265, 0.04853612929582596, -0.02734375], [-0.003384851850569248, -0.048521723598241806, -0.9988164305686951, 1.5118484497070312], [0.9999850392341614, -0.0044699376448988914, -0.0031716672237962484, -1.344970703125], [0.0, 0.0, 0.0, 1.0]], [[-0.8108765482902527, -0.5847707986831665, 0.022855907678604126, 0.787109375], [0.002166551537811756, -0.042054831981658936, -0.9991129636764526, 1.4964828491210938], [0.5852133631706238, -0.8101076483726501, 0.03536820784211159, -1.2149658203125], [0.0, 0.0, 0.0, 1.0]], [[0.9457111954689026, 0.32428470253944397, -0.021673554554581642, -1.146484375], [-0.010193338617682457, -0.0370587520301342, -0.9992611408233643, 1.5958442687988281], [-0.3248482644557953, 0.9452334046363831, -0.03174133226275444, -0.08228111267089844], [0.0, 0.0, 0.0, 1.0]], [[0.017703330144286156, 0.9989060759544373, -0.04328153654932976, 0.00726318359375], [-0.0016798201249912381, -0.04325855150818825, -0.9990624785423279, 1.5393905639648438], [-0.9998418688774109, 0.01775944046676159, 0.0009121616603806615, 0.007080078125], [0.0, 0.0, 0.0, 1.0]], [[-0.9350579977035522, 0.3543713390827179, -0.009355866350233555, 0.968505859375], [-0.006808415055274963, -0.04433967545628548, -0.9989933371543884, 1.5826225280761719], [-0.3544294834136963, -0.9340529441833496, 0.04387287050485611, -0.1224365234375], [0.0, 0.0, 0.0, 1.0]]], "view": [[0.0, -2.0, 100.0], [-2.0, 0.0, 100.0], [0.0, 0.0, 1.0]], "bev": "bev_e684279521544d26bece6cef67322483.png", "aux": "aux_e684279521544d26bece6cef67322483.npz", "visibility": "visibility_e684279521544d26bece6cef67322483.png", "pose": [[-0.9997673034667969, 0.021571826189756393, 0.0, 2233.463623046875], [-0.021571826189756393, -0.9997673034667969, 0.0, 788.9418334960938], [0.0, 0.0, 1.0, 0.0], [0.0, 0.0, 0.0, 1.0]], "pose_inverse": [[-0.9997673034667969, -0.021571826189756393, 0.0, 2249.962890625], [0.021571826189756393, -0.9997673034667969, 0.0, 740.578369140625], [0.0, 0.0, 1.0, 0.0], [0.0, 0.0, 0.0, 1.0]], "cam_ids": [0, 1, 2, 3, 4, 5], "cam_channels": ["CAM_FRONT_LEFT", "CAM_FRONT", "CAM_FRONT_RIGHT", "CAM_BACK_LEFT", "CAM_BACK", "CAM_BACK_RIGHT"], "token": "e684279521544d26bece6cef67322483", "scene": "scene-0165"}, {"images": ["samples/CAM_FRONT_LEFT/n008-2018-05-21-11-06-59-0400__CAM_FRONT_LEFT__1526915356404917.jpg", "samples/CAM_FRONT/n008-2018-05-21-11-06-59-0400__CAM_FRONT__1526915356412465.jpg", "samples/CAM_FRONT_RIGHT/n008-2018-05-21-11-06-59-0400__CAM_FRONT_RIGHT__1526915356419956.jpg", "samples/CAM_BACK_LEFT/n008-2018-05-21-11-06-59-0400__CAM_BACK_LEFT__1526915356447295.jpg", "samples/CAM_BACK/n008-2018-05-21-11-06-59-0400__CAM_BACK__1526915356437570.jpg", "samples/CAM_BACK_RIGHT/n008-2018-05-21-11-06-59-0400__CAM_BACK_RIGHT__1526915356427813.jpg"], "intrinsics": [[[1256.4720761102153, 0.0, 759.9201772536986], [0.0, 1256.472076110215, 418.2347543062189], [0.0, 0.0, 1.0]], [[1262.8093578767177, 0.0, 786.6784634591471], [0.0, 1262.8093578767177, 437.9890946201144], [0.0, 0.0, 1.0]], [[1264.1253743585607, 0.0, 761.8659236816043], [0.0, 1264.125374358561, 415.0768894058469], [0.0, 0.0, 1.0]], [[1258.2338510172276, 0.0, 742.9036438917772], [0.0, 1258.2338510172278, 422.93240569290015], [0.0, 0.0, 1.0]], [[798.1242652672415, 0.0, 679.0081140747895], [0.0, 798.1242652672414, 419.2474525237902], [0.0, 0.0, 1.0]], [[1259.4297629105833, 0.0, 752.9541347831612], [0.0, 1259.4297629105833, 429.46398926977497], [0.0, 0.0, 1.0]]], "extrinsics": [[[0.8104277849197388, -0.5846368074417114, 0.03750491887331009, -0.6734619140625], [0.013138285838067532, -0.04586536064743996, -0.9988612532615662, 1.5039303302764893], [0.5856912136077881, 0.8099976181983948, -0.029489433392882347, -1.0701904296875], [0.0, 0.0, 0.0, 1.0]], [[-0.0036218403838574886, -0.9986950159072876, 0.05094119906425476, -0.02801513671875], [0.0034796257968991995, -0.05095381289720535, -0.9986949563026428, 1.5142059326171875], [0.9999874234199524, -0.003439855994656682, 0.0036596308927983046, -1.340576171875], [0.0, 0.0, 0.0, 1.0]], [[-0.810454249382019, -0.5854998826980591, 0.01880991831421852, 0.782470703125], [0.008923906832933426, -0.04444577544927597, -0.9989719390869141, 1.4983625411987305], [0.5857340693473816, -0.8094531297683716, 0.0412462092936039, -1.21221923828125], [0.0, 0.0, 0.0, 1.0]], [[0.9457265138626099, 0.3245605230331421, -0.01618109457194805, -1.1484375], [-0.0037314854562282562, -0.038944173604249954, -0.9992344379425049, 1.5958976745605469], [-0.3249422013759613, 0.9450628757476807, -0.03561944514513016, -0.08171272277832031], [0.0, 0.0, 0.0, 1.0]], [[0.017439795657992363, 0.9988207221031189, -0.04531029984354973, 0.00732421875], [0.004870508331805468, -0.045401521027088165, -0.9989569187164307, 1.540060043334961], [-0.9998360872268677, 0.017200922593474388, -0.0056565566919744015, 0.0068359375], [0.0, 0.0, 0.0, 1.0]], [[-0.935260534286499, 0.3535810112953186, -0.016370726749300957, 0.964111328125], [-0.00015747877478133887, -0.046665895730257034, -0.9989105463027954, 1.58392333984375], [-0.3539597690105438, -0.9342390894889832, 0.0437004528939724, -0.124267578125], [0.0, 0.0, 0.0, 1.0]]], "view": [[0.0, -2.0, 100.0], [-2.0, 0.0, 100.0], [0.0, 0.0, 1.0]], "bev": "bev_440efecd11554464a0d8639d71d0f219.png", "aux": "aux_440efecd11554464a0d8639d71d0f219.npz", "visibility": "visibility_440efecd11554464a0d8639d71d0f219.png", "pose": [[-0.9998717308044434, 0.01601681299507618, 0.0, 2229.4853515625], [-0.01601681299507618, -0.9998717308044434, 0.0, 788.869140625], [0.0, 0.0, 1.0, 0.0], [0.0, 0.0, 0.0, 1.0]], "pose_inverse": [[-0.9998717308044434, -0.01601681299507618, 0.0, 2241.83447265625], [0.01601681299507618, -0.9998717308044434, 0.0, 753.0587158203125], [0.0, 0.0, 1.0, 0.0], [0.0, 0.0, 0.0, 1.0]], "cam_ids": [0, 1, 2, 3, 4, 5], "cam_channels": ["CAM_FRONT_LEFT", "CAM_FRONT", "CAM_FRONT_RIGHT", "CAM_BACK_LEFT", "CAM_BACK", "CAM_BACK_RIGHT"], "token": "440efecd11554464a0d8639d71d0f219", "scene": "scene-0165"}, {"images": ["samples/CAM_FRONT_LEFT/n008-2018-05-21-11-06-59-0400__CAM_FRONT_LEFT__1526915356904917.jpg", "samples/CAM_FRONT/n008-2018-05-21-11-06-59-0400__CAM_FRONT__1526915356912465.jpg", "samples/CAM_FRONT_RIGHT/n008-2018-05-21-11-06-59-0400__CAM_FRONT_RIGHT__1526915356919956.jpg", "samples/CAM_BACK_LEFT/n008-2018-05-21-11-06-59-0400__CAM_BACK_LEFT__1526915356947295.jpg", "samples/CAM_BACK/n008-2018-05-21-11-06-59-0400__CAM_BACK__1526915356937570.jpg", "samples/CAM_BACK_RIGHT/n008-2018-05-21-11-06-59-0400__CAM_BACK_RIGHT__1526915356927813.jpg"], "intrinsics": [[[1256.4720761102153, 0.0, 759.9201772536986], [0.0, 1256.472076110215, 418.2347543062189], [0.0, 0.0, 1.0]], [[1262.8093578767177, 0.0, 786.6784634591471], [0.0, 1262.8093578767177, 437.9890946201144], [0.0, 0.0, 1.0]], [[1264.1253743585607, 0.0, 761.8659236816043], [0.0, 1264.125374358561, 415.0768894058469], [0.0, 0.0, 1.0]], [[1258.2338510172276, 0.0, 742.9036438917772], [0.0, 1258.2338510172278, 422.93240569290015], [0.0, 0.0, 1.0]], [[798.1242652672415, 0.0, 679.0081140747895], [0.0, 798.1242652672414, 419.2474525237902], [0.0, 0.0, 1.0]], [[1259.4297629105833, 0.0, 752.9541347831612], [0.0, 1259.4297629105833, 429.46398926977497], [0.0, 0.0, 1.0]]], "extrinsics": [[[0.8101215362548828, -0.5856373310089111, 0.02705368399620056, -0.6939697265625], [0.0037458769511431456, -0.04097443073987961, -0.999153196811676, 1.499868392944336], [0.5862499475479126, 0.809536874294281, -0.031000545248389244, -1.0855712890625], [0.0, 0.0, 0.0, 1.0]], [[-0.00408519571647048, -0.9989207983016968, 0.0462653674185276, -0.02764892578125], [-0.0060315486043691635, -0.046240296214818954, -0.9989121556282043, 1.5110321044921875], [0.9999734163284302, -0.004359804093837738, -0.005836138501763344, -1.363525390625], [0.0, 0.0, 0.0, 1.0]], [[-0.8107251524925232, -0.5849384665489197, 0.023907288908958435, 0.7998046875], [-0.0006460677832365036, -0.039943378418684006, -0.9992017149925232, 1.4957122802734375], [0.5854265689849854, -0.8100934624671936, 0.0320051908493042, -1.22479248046875], [0.0, 0.0, 0.0, 1.0]], [[0.9456799030303955, 0.3241894841194153, -0.02430438995361328, -1.154052734375], [-0.013544844463467598, -0.03540470823645592, -0.9992812275886536, 1.5959320068359375], [-0.3248170018196106, 0.9453293681144714, -0.02909042313694954, -0.07966279983520508], [0.0, 0.0, 0.0, 1.0]], [[0.017581133171916008, 0.9989814162254333, -0.04155450314283371, 0.00732421875], [-0.004874799400568008, -0.04147479310631752, -0.9991276860237122, 1.5391120910644531], [-0.9998335242271423, 0.017768368124961853, 0.004140657838433981, 0.0185546875], [0.0, 0.0, 0.0, 1.0]], [[-0.9351281523704529, 0.3542611300945282, -0.0058570499531924725, 0.9815673828125], [-0.009801804088056087, -0.04239089414477348, -0.9990530610084534, 1.5821723937988281], [-0.3541738986968994, -0.9341852068901062, 0.04311331361532211, -0.11767578125], [0.0, 0.0, 0.0, 1.0]]], "view": [[0.0, -2.0, 100.0], [-2.0, 0.0, 100.0], [0.0, 0.0, 1.0]], "bev": "bev_d6a06ff0780c4e4bba9851314e42ba84.png", "aux": "aux_d6a06ff0780c4e4bba9851314e42ba84.npz", "visibility": "visibility_d6a06ff0780c4e4bba9851314e42ba84.png", "pose": [[-0.999975860118866, 0.0069453101605176926, 0.0, 2224.522705078125], [-0.0069453101605176926, -0.999975860118866, 0.0, 788.8245849609375], [0.0, 0.0, 1.0, 0.0], [0.0, 0.0, 0.0, 1.0]], "pose_inverse": [[-0.999975860118866, -0.0069453101605176926, 0.0, 2229.94775390625], [0.0069453101605176926, -0.999975860118866, 0.0, 773.3555297851562], [0.0, 0.0, 1.0, 0.0], [0.0, 0.0, 0.0, 1.0]], "cam_ids": [0, 1, 2, 3, 4, 5], "cam_channels": ["CAM_FRONT_LEFT", "CAM_FRONT", "CAM_FRONT_RIGHT", "CAM_BACK_LEFT", "CAM_BACK", "CAM_BACK_RIGHT"], "token": "d6a06ff0780c4e4bba9851314e42ba84", "scene": "scene-0165"}, {"images": ["samples/CAM_FRONT_LEFT/n008-2018-05-21-11-06-59-0400__CAM_FRONT_LEFT__1526915357404917.jpg", "samples/CAM_FRONT/n008-2018-05-21-11-06-59-0400__CAM_FRONT__1526915357412465.jpg", "samples/CAM_FRONT_RIGHT/n008-2018-05-21-11-06-59-0400__CAM_FRONT_RIGHT__1526915357419956.jpg", "samples/CAM_BACK_LEFT/n008-2018-05-21-11-06-59-0400__CAM_BACK_LEFT__1526915357447295.jpg", "samples/CAM_BACK/n008-2018-05-21-11-06-59-0400__CAM_BACK__1526915357437570.jpg", "samples/CAM_BACK_RIGHT/n008-2018-05-21-11-06-59-0400__CAM_BACK_RIGHT__1526915357427813.jpg"], "intrinsics": [[[1256.4720761102153, 0.0, 759.9201772536986], [0.0, 1256.472076110215, 418.2347543062189], [0.0, 0.0, 1.0]], [[1262.8093578767177, 0.0, 786.6784634591471], [0.0, 1262.8093578767177, 437.9890946201144], [0.0, 0.0, 1.0]], [[1264.1253743585607, 0.0, 761.8659236816043], [0.0, 1264.125374358561, 415.0768894058469], [0.0, 0.0, 1.0]], [[1258.2338510172276, 0.0, 742.9036438917772], [0.0, 1258.2338510172278, 422.93240569290015], [0.0, 0.0, 1.0]], [[798.1242652672415, 0.0, 679.0081140747895], [0.0, 798.1242652672414, 419.2474525237902], [0.0, 0.0, 1.0]], [[1259.4297629105833, 0.0, 752.9541347831612], [0.0, 1259.4297629105833, 429.46398926977497], [0.0, 0.0, 1.0]]], "extrinsics": [[[0.8097552061080933, -0.5859196782112122, 0.0315355621278286, -0.6871337890625], [0.00566946342587471, -0.04592932388186455, -0.9989286661148071, 1.5007133483886719], [0.5867403149604797, 0.8090664744377136, -0.0338696613907814, -1.080810546875], [0.0, 0.0, 0.0, 1.0]], [[-0.004657975398004055, -0.9986790418624878, 0.05117045342922211, -0.02734375], [-0.004100705496966839, -0.05115150660276413, -0.9986824989318848, 1.5116615295410156], [0.9999806880950928, -0.004861673340201378, -0.0038570258766412735, -1.35693359375], [0.0, 0.0, 0.0, 1.0]], [[-0.8110233545303345, -0.5844714641571045, 0.025185570120811462, 0.796630859375], [0.0012631959980353713, -0.04480072855949402, -0.9989951252937317, 1.4962425231933594], [0.5850124359130859, -0.8101766109466553, 0.03707273676991463, -1.2216796875], [0.0, 0.0, 0.0, 1.0]], [[0.945705235004425, 0.32412973046302795, -0.024111149832606316, -1.15478515625], [-0.011728284880518913, -0.04010304436087608, -0.9991267323493958, 1.5959396362304688], [-0.3248136341571808, 0.9451622366905212, -0.03412417694926262, -0.07932853698730469], [0.0, 0.0, 0.0, 1.0]], [[0.017793860286474228, 0.998769223690033, -0.04629702866077423, 0.00689697265625], [-0.0030221990309655666, -0.046250421553850174, -0.9989253282546997, 1.5392875671386719], [-0.9998371005058289, 0.017914656549692154, 0.002195507287979126, 0.017333984375], [0.0, 0.0, 0.0, 1.0]], [[-0.9349921345710754, 0.3545454144477844, -0.009342280216515064, 0.978271484375], [-0.00791839323937893, -0.04720187187194824, -0.9988539814949036, 1.5825119018554688], [-0.3545800447463989, -0.933846652507782, 0.04694081097841263, -0.118408203125], [0.0, 0.0, 0.0, 1.0]]], "view": [[0.0, -2.0, 100.0], [-2.0, 0.0, 100.0], [0.0, 0.0, 1.0]], "bev": "bev_0660f8b730f94edfad20117dbd9941ad.png", "aux": "aux_0660f8b730f94edfad20117dbd9941ad.npz", "visibility": "visibility_0660f8b730f94edfad20117dbd9941ad.png", "pose": [[-0.9999909996986389, 0.004243473522365093, 0.0, 2219.722900390625], [-0.004243473522365093, -0.9999909996986389, 0.0, 788.814697265625], [0.0, 0.0, 1.0, 0.0], [0.0, 0.0, 0.0, 1.0]], "pose_inverse": [[-0.9999909996986389, -0.004243473522365093, 0.0, 2223.05029296875], [0.004243473522365093, -0.9999909996986389, 0.0, 779.3882446289062], [0.0, 0.0, 1.0, 0.0], [0.0, 0.0, 0.0, 1.0]], "cam_ids": [0, 1, 2, 3, 4, 5], "cam_channels": ["CAM_FRONT_LEFT", "CAM_FRONT", "CAM_FRONT_RIGHT", "CAM_BACK_LEFT", "CAM_BACK", "CAM_BACK_RIGHT"], "token": "0660f8b730f94edfad20117dbd9941ad", "scene": "scene-0165"}, {"images": ["samples/CAM_FRONT_LEFT/n008-2018-05-21-11-06-59-0400__CAM_FRONT_LEFT__1526915357904917.jpg", "samples/CAM_FRONT/n008-2018-05-21-11-06-59-0400__CAM_FRONT__1526915357912465.jpg", "samples/CAM_FRONT_RIGHT/n008-2018-05-21-11-06-59-0400__CAM_FRONT_RIGHT__1526915357919956.jpg", "samples/CAM_BACK_LEFT/n008-2018-05-21-11-06-59-0400__CAM_BACK_LEFT__1526915357947295.jpg", "samples/CAM_BACK/n008-2018-05-21-11-06-59-0400__CAM_BACK__1526915357937570.jpg", "samples/CAM_BACK_RIGHT/n008-2018-05-21-11-06-59-0400__CAM_BACK_RIGHT__1526915357927813.jpg"], "intrinsics": [[[1256.4720761102153, 0.0, 759.9201772536986], [0.0, 1256.472076110215, 418.2347543062189], [0.0, 0.0, 1.0]], [[1262.8093578767177, 0.0, 786.6784634591471], [0.0, 1262.8093578767177, 437.9890946201144], [0.0, 0.0, 1.0]], [[1264.1253743585607, 0.0, 761.8659236816043], [0.0, 1264.125374358561, 415.0768894058469], [0.0, 0.0, 1.0]], [[1258.2338510172276, 0.0, 742.9036438917772], [0.0, 1258.2338510172278, 422.93240569290015], [0.0, 0.0, 1.0]], [[798.1242652672415, 0.0, 679.0081140747895], [0.0, 798.1242652672414, 419.2474525237902], [0.0, 0.0, 1.0]], [[1259.4297629105833, 0.0, 752.9541347831612], [0.0, 1259.4297629105833, 429.46398926977497], [0.0, 0.0, 1.0]]], "extrinsics": [[[0.8093397617340088, -0.5866494178771973, 0.02848765067756176, -0.6866455078125], [0.004687745124101639, -0.04204923287034035, -0.9991046190261841, 1.5003013610839844], [0.587321937084198, 0.8087486028671265, -0.031282052397727966, -1.079833984375], [0.0, 0.0, 0.0, 1.0]], [[-0.005399397574365139, -0.998875617980957, 0.04709877446293831, -0.02813720703125], [-0.004957207012921572, -0.0470721460878849, -0.9988791942596436, 1.5113334655761719], [0.9999730587005615, -0.005626823753118515, -0.004697470925748348, -1.35400390625], [0.0, 0.0, 0.0, 1.0]], [[-0.8114791512489319, -0.583919107913971, 0.02323717437684536, 0.791748046875], [0.0005834868061356246, -0.04057329520583153, -0.9991763830184937, 1.4960269927978516], [0.5843810439109802, -0.8107973337173462, 0.033265091478824615, -1.2196044921875], [0.0, 0.0, 0.0, 1.0]], [[0.9457089900970459, 0.3242100179195404, -0.022856788709759712, -1.151611328125], [-0.012023641727864742, -0.03537817671895027, -0.9993016123771667, 1.5959014892578125], [-0.3247922956943512, 0.9453233480453491, -0.029559273272752762, -0.08049392700195312], [0.0, 0.0, 0.0, 1.0]], [[0.018124127760529518, 0.9989650845527649, -0.04171672835946083, 0.00750732421875], [-0.003393464954569936, -0.041661884635686874, -0.9991260170936584, 1.5392265319824219], [-0.9998300075531006, 0.01824985444545746, 0.002634868025779724, 0.01318359375], [0.0, 0.0, 0.0, 1.0]], [[-0.9347555637359619, 0.35521605610847473, -0.007323611062020063, 0.9736328125], [-0.008440417237579823, -0.04280877113342285, -0.9990476369857788, 1.5823211669921875], [-0.35519126057624817, -0.9338034391403198, 0.043013907968997955, -0.1212158203125], [0.0, 0.0, 0.0, 1.0]]], "view": [[0.0, -2.0, 100.0], [-2.0, 0.0, 100.0], [0.0, 0.0, 1.0]], "bev": "bev_708451714d2142b8b4744bcdf55247dc.png", "aux": "aux_708451714d2142b8b4744bcdf55247dc.npz", "visibility": "visibility_708451714d2142b8b4744bcdf55247dc.png", "pose": [[-0.9999735951423645, 0.007267572917044163, 0.0, 2214.92431640625], [-0.007267572917044163, -0.9999735951423645, 0.0, 788.7967529296875], [0.0, 0.0, 1.0, 0.0], [0.0, 0.0, 0.0, 1.0]], "pose_inverse": [[-0.9999735951423645, -0.007267572917044163, 0.0, 2220.598388671875], [0.007267572917044163, -0.9999735951423645, 0.0, 772.6787719726562], [0.0, 0.0, 1.0, 0.0], [0.0, 0.0, 0.0, 1.0]], "cam_ids": [0, 1, 2, 3, 4, 5], "cam_channels": ["CAM_FRONT_LEFT", "CAM_FRONT", "CAM_FRONT_RIGHT", "CAM_BACK_LEFT", "CAM_BACK", "CAM_BACK_RIGHT"], "token": "708451714d2142b8b4744bcdf55247dc", "scene": "scene-0165"}, {"images": ["samples/CAM_FRONT_LEFT/n008-2018-05-21-11-06-59-0400__CAM_FRONT_LEFT__1526915358404917.jpg", "samples/CAM_FRONT/n008-2018-05-21-11-06-59-0400__CAM_FRONT__1526915358412465.jpg", "samples/CAM_FRONT_RIGHT/n008-2018-05-21-11-06-59-0400__CAM_FRONT_RIGHT__1526915358419956.jpg", "samples/CAM_BACK_LEFT/n008-2018-05-21-11-06-59-0400__CAM_BACK_LEFT__1526915358447295.jpg", "samples/CAM_BACK/n008-2018-05-21-11-06-59-0400__CAM_BACK__1526915358437570.jpg", "samples/CAM_BACK_RIGHT/n008-2018-05-21-11-06-59-0400__CAM_BACK_RIGHT__1526915358427813.jpg"], "intrinsics": [[[1256.4720761102153, 0.0, 759.9201772536986], [0.0, 1256.472076110215, 418.2347543062189], [0.0, 0.0, 1.0]], [[1262.8093578767177, 0.0, 786.6784634591471], [0.0, 1262.8093578767177, 437.9890946201144], [0.0, 0.0, 1.0]], [[1264.1253743585607, 0.0, 761.8659236816043], [0.0, 1264.125374358561, 415.0768894058469], [0.0, 0.0, 1.0]], [[1258.2338510172276, 0.0, 742.9036438917772], [0.0, 1258.2338510172278, 422.93240569290015], [0.0, 0.0, 1.0]], [[798.1242652672415, 0.0, 679.0081140747895], [0.0, 798.1242652672414, 419.2474525237902], [0.0, 0.0, 1.0]], [[1259.4297629105833, 0.0, 752.9541347831612], [0.0, 1259.4297629105833, 429.46398926977497], [0.0, 0.0, 1.0]]], "extrinsics": [[[0.8096570372581482, -0.5860469937324524, 0.031692590564489365, -0.6944580078125], [0.005906402599066496, -0.045860715210437775, -0.9989303946495056, 1.5006980895996094], [0.5868735313415527, 0.8089781403541565, -0.03367001563310623, -1.084228515625], [0.0, 0.0, 0.0, 1.0]], [[-0.004823256749659777, -0.9986706972122192, 0.051318179816007614, -0.02886962890625], [-0.004197064321488142, -0.0512981042265892, -0.9986745715141296, 1.5115737915039062], [0.9999794960021973, -0.005032247863709927, -0.003944060765206814, -1.3623046875], [0.0, 0.0, 0.0, 1.0]], [[-0.8111207485198975, -0.5843115448951721, 0.02575371228158474, 0.7978515625], [0.0008418937213718891, -0.04519893229007721, -0.9989776611328125, 1.4960479736328125], [0.5848782658576965, -0.8102697730064392, 0.03715372085571289, -1.22491455078125], [0.0, 0.0, 0.0, 1.0]], [[0.9456823468208313, 0.32404205203056335, -0.0261105764657259, -1.15283203125], [-0.013386132195591927, -0.041435305029153824, -0.9990515112876892, 1.5959129333496094], [-0.32481658458709717, 0.9451348185539246, -0.0348469614982605, -0.08005619049072266], [0.0, 0.0, 0.0, 1.0]], [[0.017854075878858566, 0.998718798160553, -0.04734981432557106, 0.00775146484375], [-0.004234103485941887, -0.047281414270401, -0.998872697353363, 1.5391464233398438], [-0.9998316168785095, 0.01803443394601345, 0.003384512383490801, 0.0166015625], [0.0, 0.0, 0.0, 1.0]], [[-0.9349395036697388, 0.35469624400138855, -0.008869701065123081, 0.9793701171875], [-0.008691170252859592, -0.04788578301668167, -0.9988150000572205, 1.5823097229003906], [-0.3547007143497467, -0.9337545037269592, 0.04785303398966789, -0.1195068359375], [0.0, 0.0, 0.0, 1.0]]], "view": [[0.0, -2.0, 100.0], [-2.0, 0.0, 100.0], [0.0, 0.0, 1.0]], "bev": "bev_2f73fcd20fa94cc9ad67c2ca0ed6f683.png", "aux": "aux_2f73fcd20fa94cc9ad67c2ca0ed6f683.npz", "visibility": "visibility_2f73fcd20fa94cc9ad67c2ca0ed6f683.png", "pose": [[-0.9998969435691833, 0.014357281848788261, 0.0, 2210.125244140625], [-0.014357281848788261, -0.9998969435691833, 0.0, 788.7467041015625], [0.0, 0.0, 1.0, 0.0], [0.0, 0.0, 0.0, 1.0]], "pose_inverse": [[-0.9998969435691833, -0.014357281848788261, 0.0, 2221.2216796875], [0.014357281848788261, -0.9998969435691833, 0.0, 756.9340209960938], [0.0, 0.0, 1.0, 0.0], [0.0, 0.0, 0.0, 1.0]], "cam_ids": [0, 1, 2, 3, 4, 5], "cam_channels": ["CAM_FRONT_LEFT", "CAM_FRONT", "CAM_FRONT_RIGHT", "CAM_BACK_LEFT", "CAM_BACK", "CAM_BACK_RIGHT"], "token": "2f73fcd20fa94cc9ad67c2ca0ed6f683", "scene": "scene-0165"}, {"images": ["samples/CAM_FRONT_LEFT/n008-2018-05-21-11-06-59-0400__CAM_FRONT_LEFT__1526915358904917.jpg", "samples/CAM_FRONT/n008-2018-05-21-11-06-59-0400__CAM_FRONT__1526915358912465.jpg", "samples/CAM_FRONT_RIGHT/n008-2018-05-21-11-06-59-0400__CAM_FRONT_RIGHT__1526915358919956.jpg", "samples/CAM_BACK_LEFT/n008-2018-05-21-11-06-59-0400__CAM_BACK_LEFT__1526915358947295.jpg", "samples/CAM_BACK/n008-2018-05-21-11-06-59-0400__CAM_BACK__1526915358937570.jpg", "samples/CAM_BACK_RIGHT/n008-2018-05-21-11-06-59-0400__CAM_BACK_RIGHT__1526915358927813.jpg"], "intrinsics": [[[1256.4720761102153, 0.0, 759.9201772536986], [0.0, 1256.472076110215, 418.2347543062189], [0.0, 0.0, 1.0]], [[1262.8093578767177, 0.0, 786.6784634591471], [0.0, 1262.8093578767177, 437.9890946201144], [0.0, 0.0, 1.0]], [[1264.1253743585607, 0.0, 761.8659236816043], [0.0, 1264.125374358561, 415.0768894058469], [0.0, 0.0, 1.0]], [[1258.2338510172276, 0.0, 742.9036438917772], [0.0, 1258.2338510172278, 422.93240569290015], [0.0, 0.0, 1.0]], [[798.1242652672415, 0.0, 679.0081140747895], [0.0, 798.1242652672414, 419.2474525237902], [0.0, 0.0, 1.0]], [[1259.4297629105833, 0.0, 752.9541347831612], [0.0, 1259.4297629105833, 429.46398926977497], [0.0, 0.0, 1.0]]], "extrinsics": [[[0.8092069625854492, -0.5865299701690674, 0.03415609896183014, -0.702880859375], [0.005432699341326952, -0.05066331848502159, -0.9987010359764099, 1.5004196166992188], [0.5874984860420227, 0.808341383934021, -0.037810664623975754, -1.0892333984375], [0.0, 0.0, 0.0, 1.0]], [[-0.00543037336319685, -0.9984428286552429, 0.05551869422197342, -0.0294189453125], [-0.004364072345197201, -0.05549532175064087, -0.998449444770813, 1.5115242004394531], [0.9999758005142212, -0.005664241500198841, -0.004055916331708431, -1.369873046875], [0.0, 0.0, 0.0, 1.0]], [[-0.8113828897476196, -0.5838590264320374, 0.027685927227139473, 0.801513671875], [0.0009899744763970375, -0.04873824119567871, -0.9988111257553101, 1.4960823059082031], [0.5845142602920532, -0.8103907108306885, 0.04012337699532509, -1.2274169921875], [0.0, 0.0, 0.0, 1.0]], [[0.945694088935852, 0.32407525181770325, -0.02525687776505947, -1.14892578125], [-0.012067337520420551, -0.04264457896351814, -0.9990174174308777, 1.5958633422851562], [-0.3248338997364044, 0.9450696706771851, -0.03641800209879875, -0.08141517639160156], [0.0, 0.0, 0.0, 1.0]], [[0.0180099718272686, 0.9986217021942139, -0.04929754510521889, 0.0076904296875], [-0.003302191151306033, -0.04924587160348892, -0.9987812638282776, 1.5392341613769531], [-0.9998323321342468, 0.0181508120149374, 0.0024107214994728565, 0.015869140625], [0.0, 0.0, 0.0, 1.0]], [[-0.9348339438438416, 0.35493433475494385, -0.010351816192269325, 0.981689453125], [-0.008190983906388283, -0.05070054531097412, -0.9986802935600281, 1.5824203491210938], [-0.35499075055122375, -0.9335154294967651, 0.05030385032296181, -0.1185302734375], [0.0, 0.0, 0.0, 1.0]]], "view": [[0.0, -2.0, 100.0], [-2.0, 0.0, 100.0], [0.0, 0.0, 1.0]], "bev": "bev_87e69795526941e59281601511d2ef2c.png", "aux": "aux_87e69795526941e59281601511d2ef2c.npz", "visibility": "visibility_87e69795526941e59281601511d2ef2c.png", "pose": [[-0.999714732170105, 0.02388368919491768, 0.0, 2205.46142578125], [-0.02388368919491768, -0.999714732170105, 0.0, 788.6567993164062], [0.0, 0.0, 1.0, 0.0], [0.0, 0.0, 0.0, 1.0]], "pose_inverse": [[-0.999714732170105, -0.02388368919491768, 0.0, 2223.66845703125], [0.02388368919491768, -0.999714732170105, 0.0, 735.7572631835938], [0.0, 0.0, 1.0, 0.0], [0.0, 0.0, 0.0, 1.0]], "cam_ids": [0, 1, 2, 3, 4, 5], "cam_channels": ["CAM_FRONT_LEFT", "CAM_FRONT", "CAM_FRONT_RIGHT", "CAM_BACK_LEFT", "CAM_BACK", "CAM_BACK_RIGHT"], "token": "87e69795526941e59281601511d2ef2c", "scene": "scene-0165"}, {"images": ["samples/CAM_FRONT_LEFT/n008-2018-05-21-11-06-59-0400__CAM_FRONT_LEFT__1526915359404917.jpg", "samples/CAM_FRONT/n008-2018-05-21-11-06-59-0400__CAM_FRONT__1526915359412465.jpg", "samples/CAM_FRONT_RIGHT/n008-2018-05-21-11-06-59-0400__CAM_FRONT_RIGHT__1526915359419956.jpg", "samples/CAM_BACK_LEFT/n008-2018-05-21-11-06-59-0400__CAM_BACK_LEFT__1526915359447295.jpg", "samples/CAM_BACK/n008-2018-05-21-11-06-59-0400__CAM_BACK__1526915359437570.jpg", "samples/CAM_BACK_RIGHT/n008-2018-05-21-11-06-59-0400__CAM_BACK_RIGHT__1526915359427813.jpg"], "intrinsics": [[[1256.4720761102153, 0.0, 759.9201772536986], [0.0, 1256.472076110215, 418.2347543062189], [0.0, 0.0, 1.0]], [[1262.8093578767177, 0.0, 786.6784634591471], [0.0, 1262.8093578767177, 437.9890946201144], [0.0, 0.0, 1.0]], [[1264.1253743585607, 0.0, 761.8659236816043], [0.0, 1264.125374358561, 415.0768894058469], [0.0, 0.0, 1.0]], [[1258.2338510172276, 0.0, 742.9036438917772], [0.0, 1258.2338510172278, 422.93240569290015], [0.0, 0.0, 1.0]], [[798.1242652672415, 0.0, 679.0081140747895], [0.0, 798.1242652672414, 419.2474525237902], [0.0, 0.0, 1.0]], [[1259.4297629105833, 0.0, 752.9541347831612], [0.0, 1259.4297629105833, 429.46398926977497], [0.0, 0.0, 1.0]]], "extrinsics": [[[0.8095759749412537, -0.5862770676612854, 0.029426757246255875, -0.6904296875], [0.004569536074995995, -0.04383385181427002, -0.9990283846855164, 1.500244140625], [0.5869973301887512, 0.8089239001274109, -0.03280781954526901, -1.08349609375], [0.0, 0.0, 0.0, 1.0]], [[-0.004878283478319645, -0.9987964034080505, 0.048804864287376404, -0.0272216796875], [-0.005350100342184305, -0.048778679221868515, -0.9987952709197998, 1.5112533569335938], [0.9999737739562988, -0.005133520811796188, -0.005105701740831137, -1.357177734375], [0.0, 0.0, 0.0, 1.0]], [[-0.8111085295677185, -0.5843725204467773, 0.024731460958719254, 0.79296875], [-8.827228884911165e-05, -0.0421612411737442, -0.999110758304596, 1.4958877563476562], [0.5848956108093262, -0.8103895783424377, 0.03414576128125191, -1.2193603515625], [0.0, 0.0, 0.0, 1.0]], [[0.9456780552864075, 0.3241788148880005, -0.024518171325325966, -1.14990234375], [-0.01334612537175417, -0.03664145991206169, -0.9992393255233765, 1.5958747863769531], [-0.32483065128326416, 0.945285975933075, -0.03032449074089527, -0.08117294311523438], [0.0, 0.0, 0.0, 1.0]], [[0.017824972048401833, 0.9989113211631775, -0.04311029985547066, 0.00701904296875], [-0.004541479051113129, -0.04303581640124321, -0.99906325340271, 1.5391273498535156], [-0.9998307824134827, 0.018004056066274643, 0.0037694217171519995, 0.011962890625], [0.0, 0.0, 0.0, 1.0]], [[-0.934951901435852, 0.3547059893608093, -0.006967267021536827, 0.9727783203125], [-0.009359822608530521, -0.044293321669101715, -0.9989747405052185, 1.5821914672851562], [-0.35465094447135925, -0.9339281320571899, 0.04473210871219635, -0.1204833984375], [0.0, 0.0, 0.0, 1.0]]], "view": [[0.0, -2.0, 100.0], [-2.0, 0.0, 100.0], [0.0, 0.0, 1.0]], "bev": "bev_29f87b68a07e457181cc00ac61ecb76a.png", "aux": "aux_29f87b68a07e457181cc00ac61ecb76a.npz", "visibility": "visibility_29f87b68a07e457181cc00ac61ecb76a.png", "pose": [[-0.9994659423828125, 0.032678086310625076, 0.0, 2200.808349609375], [-0.032678086310625076, -0.9994659423828125, 0.0, 788.5257568359375], [0.0, 0.0, 1.0, 0.0], [0.0, 0.0, 0.0, 1.0]], "pose_inverse": [[-0.9994659423828125, -0.032678086310625076, 0.0, 2225.400390625], [0.032678086310625076, -0.9994659423828125, 0.0, 716.1864013671875], [0.0, 0.0, 1.0, 0.0], [0.0, 0.0, 0.0, 1.0]], "cam_ids": [0, 1, 2, 3, 4, 5], "cam_channels": ["CAM_FRONT_LEFT", "CAM_FRONT", "CAM_FRONT_RIGHT", "CAM_BACK_LEFT", "CAM_BACK", "CAM_BACK_RIGHT"], "token": "29f87b68a07e457181cc00ac61ecb76a", "scene": "scene-0165"}, {"images": ["samples/CAM_FRONT_LEFT/n008-2018-05-21-11-06-59-0400__CAM_FRONT_LEFT__1526915359904917.jpg", "samples/CAM_FRONT/n008-2018-05-21-11-06-59-0400__CAM_FRONT__1526915359912465.jpg", "samples/CAM_FRONT_RIGHT/n008-2018-05-21-11-06-59-0400__CAM_FRONT_RIGHT__1526915359919956.jpg", "samples/CAM_BACK_LEFT/n008-2018-05-21-11-06-59-0400__CAM_BACK_LEFT__1526915359947295.jpg", "samples/CAM_BACK/n008-2018-05-21-11-06-59-0400__CAM_BACK__1526915359937570.jpg", "samples/CAM_BACK_RIGHT/n008-2018-05-21-11-06-59-0400__CAM_BACK_RIGHT__1526915359927813.jpg"], "intrinsics": [[[1256.4720761102153, 0.0, 759.9201772536986], [0.0, 1256.472076110215, 418.2347543062189], [0.0, 0.0, 1.0]], [[1262.8093578767177, 0.0, 786.6784634591471], [0.0, 1262.8093578767177, 437.9890946201144], [0.0, 0.0, 1.0]], [[1264.1253743585607, 0.0, 761.8659236816043], [0.0, 1264.125374358561, 415.0768894058469], [0.0, 0.0, 1.0]], [[1258.2338510172276, 0.0, 742.9036438917772], [0.0, 1258.2338510172278, 422.93240569290015], [0.0, 0.0, 1.0]], [[798.1242652672415, 0.0, 679.0081140747895], [0.0, 798.1242652672414, 419.2474525237902], [0.0, 0.0, 1.0]], [[1259.4297629105833, 0.0, 752.9541347831612], [0.0, 1259.4297629105833, 429.46398926977497], [0.0, 0.0, 1.0]]], "extrinsics": [[[0.8105807900428772, -0.5851354598999023, 0.023985469713807106, -0.67919921875], [-0.001195024000480771, -0.042609501630067825, -0.9990911483764648, 1.4978275299072266], [0.5856256484985352, 0.8098152875900269, -0.035237688571214676, -1.073974609375], [0.0, 0.0, 0.0, 1.0]], [[-0.003494483884423971, -0.9988438487052917, 0.04794549569487572, -0.02813720703125], [-0.011151659302413464, -0.0479038842022419, -0.9987897276878357, 1.5091285705566406], [0.9999316930770874, -0.004024925641715527, -0.010971367359161377, -1.346435546875], [0.0, 0.0, 0.0, 1.0]], [[-0.8105061054229736, -0.5850002765655518, 0.02923300303518772, 0.787109375], [-0.005974862724542618, -0.04164862260222435, -0.999114453792572, 1.4942436218261719], [0.585699737071991, -0.809963047504425, 0.03026116080582142, -1.2159423828125], [0.0, 0.0, 0.0, 1.0]], [[0.9455884099006653, 0.32390648126602173, -0.030778249725699425, -1.14599609375], [-0.019711125642061234, -0.03739391267299652, -0.999106228351593, 1.5957717895507812], [-0.3247678577899933, 0.9453498721122742, -0.028974685817956924, -0.08242416381835938], [0.0, 0.0, 0.0, 1.0]], [[0.0174630768597126, 0.9988979697227478, -0.04356402903795242, 0.00750732421875], [-0.01068701222538948, -0.0433817096054554, -0.9990014433860779, 