[{"images": ["samples/CAM_FRONT_LEFT/n008-2018-08-30-15-31-50-0400__CAM_FRONT_LEFT__1535657772004799.jpg", "samples/CAM_FRONT/n008-2018-08-30-15-31-50-0400__CAM_FRONT__1535657772013220.jpg", "samples/CAM_FRONT_RIGHT/n008-2018-08-30-15-31-50-0400__CAM_FRONT_RIGHT__1535657772020482.jpg", "samples/CAM_BACK_LEFT/n008-2018-08-30-15-31-50-0400__CAM_BACK_LEFT__1535657772047405.jpg", "samples/CAM_BACK/n008-2018-08-30-15-31-50-0400__CAM_BACK__1535657772037558.jpg", "samples/CAM_BACK_RIGHT/n008-2018-08-30-15-31-50-0400__CAM_BACK_RIGHT__1535657772028113.jpg"], "intrinsics": [[[1257.8625342125129, 0.0, 827.2410631095686], [0.0, 1257.8625342125129, 450.915498205774], [0.0, 0.0, 1.0]], [[1252.8131021185304, 0.0, 826.588114781398], [0.0, 1252.8131021185304, 469.9846626224581], [0.0, 0.0, 1.0]], [[1256.7485116440405, 0.0, 817.7887570959712], [0.0, 1256.7485116440403, 451.9541780095127], [0.0, 0.0, 1.0]], [[1254.9860565800168, 0.0, 829.5769333630991], [0.0, 1254.9860565800168, 467.1680561863987], [0.0, 0.0, 1.0]], [[796.8910634503094, 0.0, 857.7774326863696], [0.0, 796.8910634503094, 476.8848988407415], [0.0, 0.0, 1.0]], [[1249.9629280788233, 0.0, 825.3768045375984], [0.0, 1249.9629280788233, 462.54816385708756], [0.0, 0.0, 1.0]]], "extrinsics": [[[0.8226310610771179, -0.5685755610466003, -2.00022550416179e-05, -0.9727783203125], [0.020099876448512077, 0.02911621890962124, -0.9993739128112793, 1.4890575408935547], [0.5682201981544495, 0.8221155405044556, 0.03538020700216293, -1.31170654296875], [0.0, 0.0, 0.0, 1.0]], [[0.010594930499792099, -0.9996364712715149, -0.024795543402433395, 0.006011962890625], [0.022038940340280533, 0.025024356320500374, -0.9994438886642456, 1.4808483123779297], [0.9997009038925171, 0.010042623616755009, 0.022296058014035225, -1.70361328125], [0.0, 0.0, 0.0, 1.0]], [[-0.8436042070388794, -0.5358799695968628, -0.03412927687168121, 1.06982421875], [0.03004629723727703, 0.01635090820491314, -0.9994147419929504, 1.4938125610351562], [0.5361243486404419, -0.8441358804702759, 0.0023075109347701073, -1.2640380859375], [0.0, 0.0, 0.0, 1.0]], [[0.9477981328964233, 0.31854191422462463, 0.01448404137045145, -1.1434326171875], [0.00465927179902792, 0.031583305448293686, -0.9994902610778809, 1.5620434284210205], [-0.31883710622787476, 0.9473825097084045, 0.02845042571425438, -0.15643310546875], [0.0, 0.0, 0.0, 1.0]], [[0.008952910080552101, 0.9996694922447205, 0.024100411683321, -0.0289306640625], [0.006793507374823093, 0.024040015414357185, -0.999687910079956, 1.5681240558624268], [-0.9999368786811829, 0.009113812819123268, -0.006576033774763346, 0.034912109375], [0.0, 0.0, 0.0, 1.0]], [[-0.9236754775047302, 0.3830540180206299, -0.00965079478919506, 1.14404296875], [0.010992293246090412, 0.0013134116306900978, -0.9999387264251709, 1.5480079650878906], [-0.3830178380012512, -0.9237249493598938, -0.005423807073384523, -0.05029296875], [0.0, 0.0, 0.0, 1.0]]], "view": [[0.0, -2.0, 100.0], [-2.0, 0.0, 100.0], [0.0, 0.0, 1.0]], "bev": "bev_7949609177914534a89a8c7985ae4db7.png", "aux": "aux_7949609177914534a89a8c7985ae4db7.npz", "visibility": "visibility_7949609177914534a89a8c7985ae4db7.png", "pose": [[0.6506524085998535, -0.7593756914138794, 0.0, 1262.3134765625], [0.7593756914138794, 0.6506524085998535, 0.0, 1011.8221435546875], [0.0, 0.0, 1.0, 0.0], [0.0, 0.0, 0.0, 1.0]], "pose_inverse": [[0.6506524085998535, 0.7593756914138794, 0.0, -1589.680419921875], [-0.7593756914138794, 0.6506524085998535, 0.0, 300.22564697265625], [0.0, 0.0, 1.0, 0.0], [0.0, 0.0, 0.0, 1.0]], "cam_ids": [0, 1, 2, 3, 4, 5], "cam_channels": ["CAM_FRONT_LEFT", "CAM_FRONT", "CAM_FRONT_RIGHT", "CAM_BACK_LEFT", "CAM_BACK", "CAM_BACK_RIGHT"], "token": "7949609177914534a89a8c7985ae4db7", "scene": "scene-0780"}, {"images": ["samples/CAM_FRONT_LEFT/n008-2018-08-30-15-31-50-0400__CAM_FRONT_LEFT__1535657772604799.jpg", "samples/CAM_FRONT/n008-2018-08-30-15-31-50-0400__CAM_FRONT__1535657772612688.jpg", "samples/CAM_FRONT_RIGHT/n008-2018-08-30-15-31-50-0400__CAM_FRONT_RIGHT__1535657772620482.jpg", "samples/CAM_BACK_LEFT/n008-2018-08-30-15-31-50-0400__CAM_BACK_LEFT__1535657772647405.jpg", "samples/CAM_BACK/n008-2018-08-30-15-31-50-0400__CAM_BACK__1535657772638277.jpg", "samples/CAM_BACK_RIGHT/n008-2018-08-30-15-31-50-0400__CAM_BACK_RIGHT__1535657772628113.jpg"], "intrinsics": [[[1257.8625342125129, 0.0, 827.2410631095686], [0.0, 1257.8625342125129, 450.915498205774], [0.0, 0.0, 1.0]], [[1252.8131021185304, 0.0, 826.588114781398], [0.0, 1252.8131021185304, 469.9846626224581], [0.0, 0.0, 1.0]], [[1256.7485116440405, 0.0, 817.7887570959712], [0.0, 1256.7485116440403, 451.9541780095127], [0.0, 0.0, 1.0]], [[1254.9860565800168, 0.0, 829.5769333630991], [0.0, 1254.9860565800168, 467.1680561863987], [0.0, 0.0, 1.0]], [[796.8910634503094, 0.0, 857.7774326863696], [0.0, 796.8910634503094, 476.8848988407415], [0.0, 0.0, 1.0]], [[1249.9629280788233, 0.0, 825.3768045375984], [0.0, 1249.9629280788233, 462.54816385708756], [0.0, 0.0, 1.0]]], "extrinsics": [[[0.822613000869751, -0.5686015486717224, 0.0005011770990677178, -0.988037109375], [0.019589237868785858, 0.02745942585170269, -0.9994309544563293, 1.4886665344238281], [0.5682641863822937, 0.822154700756073, 0.033726949244737625, -1.32257080078125], [0.0, 0.0, 0.0, 1.0]], [[0.01055172085762024, -0.9996768236160278, -0.023128867149353027, 0.006195068359375], [0.02159200608730316, 0.023352546617388725, -0.9994940757751465, 1.480508804321289], [0.9997112154960632, 0.010046937502920628, 0.021831434220075607, -1.71826171875], [0.0, 0.0, 0.0, 1.0]], [[-0.8436360955238342, -0.5359064936637878, -0.03290059417486191, 1.0799560546875], [0.029660003259778023, 0.01466735266149044, -0.9994524121284485, 1.4934463500976562], [0.5360955595970154, -0.8441500067710876, 0.00352107803337276, -1.270263671875], [0.0, 0.0, 0.0, 1.0]], [[0.9478037357330322, 0.31856030225753784, 0.0136920977383852, -1.1434326171875], [0.004403301980346441, 0.029860569164156914, -0.9995443820953369, 1.5620445013046265], [-0.31882408261299133, 0.9474321603775024, 0.026899240911006927, -0.15631103515625], [0.0, 0.0, 0.0, 1.0]], [[0.0089805843308568, 0.9997092485427856, 0.02237677574157715, -0.02899169921875], [0.006488022860139608, 0.022318953648209572, -0.9997298121452332, 1.5680854320526123], [-0.9999386668205261, 0.009123356081545353, -0.006285699084401131, 0.0399169921875], [0.0, 0.0, 0.0, 1.0]], [[-0.9236670732498169, 0.38306573033332825, -0.009986091405153275, 1.1519775390625], [0.01064694207161665, -0.00039496037061326206, -0.9999432563781738, 1.5479087829589844], [-0.3830479383468628, -0.9237210154533386, -0.003713667392730713, -0.046905517578125], [0.0, 0.0, 0.0, 1.0]]], "view": [[0.0, -2.0, 100.0], [-2.0, 0.0, 100.0], [0.0, 0.0, 1.0]], "bev": "bev_f0d949884391487699ef07a9ef5fe9eb.png", "aux": "aux_f0d949884391487699ef07a9ef5fe9eb.npz", "visibility": "visibility_f0d949884391487699ef07a9ef5fe9eb.png", "pose": [[0.6516028046607971, -0.7585603594779968, 0.0, 1262.602294921875], [0.7585603594779968, 0.6516028046607971, 0.0, 1012.1421508789062], [0.0, 0.0, 1.0, 0.0], [0.0, 0.0, 0.0, 1.0]], "pose_inverse": [[0.6516028046607971, 0.7585603594779968, 0.0, -1590.486083984375], [-0.7585603594779968, 0.6516028046607971, 0.0, 298.24542236328125], [0.0, 0.0, 1.0, 0.0], [0.0, 0.0, 0.0, 1.0]], "cam_ids": [0, 1, 2, 3, 4, 5], "cam_channels": ["CAM_FRONT_LEFT", "CAM_FRONT", "CAM_FRONT_RIGHT", "CAM_BACK_LEFT", "CAM_BACK", "CAM_BACK_RIGHT"], "token": "f0d949884391487699ef07a9ef5fe9eb", "scene": "scene-0780"}, {"images": ["samples/CAM_FRONT_LEFT/n008-2018-08-30-15-31-50-0400__CAM_FRONT_LEFT__1535657773104799.jpg", "samples/CAM_FRONT/n008-2018-08-30-15-31-50-0400__CAM_FRONT__1535657773112404.jpg", "samples/CAM_FRONT_RIGHT/n008-2018-08-30-15-31-50-0400__CAM_FRONT_RIGHT__1535657773120495.jpg", "samples/CAM_BACK_LEFT/n008-2018-08-30-15-31-50-0400__CAM_BACK_LEFT__1535657773147405.jpg", "samples/CAM_BACK/n008-2018-08-30-15-31-50-0400__CAM_BACK__1535657773137558.jpg", "samples/CAM_BACK_RIGHT/n008-2018-08-30-15-31-50-0400__CAM_BACK_RIGHT__1535657773128113.jpg"], "intrinsics": [[[1257.8625342125129, 0.0, 827.2410631095686], [0.0, 1257.8625342125129, 450.915498205774], [0.0, 0.0, 1.0]], [[1252.8131021185304, 0.0, 826.588114781398], [0.0, 1252.8131021185304, 469.9846626224581], [0.0, 0.0, 1.0]], [[1256.7485116440405, 0.0, 817.7887570959712], [0.0, 1256.7485116440403, 451.9541780095127], [0.0, 0.0, 1.0]], [[1254.9860565800168, 0.0, 829.5769333630991], [0.0, 1254.9860565800168, 467.1680561863987], [0.0, 0.0, 1.0]], [[796.8910634503094, 0.0, 857.7774326863696], [0.0, 796.8910634503094, 476.8848988407415], [0.0, 0.0, 1.0]], [[1249.9629280788233, 0.0, 825.3768045375984], [0.0, 1249.9629280788233, 462.54816385708756], [0.0, 0.0, 1.0]]], "extrinsics": [[[0.8225365877151489, -0.5687025189399719, 0.0033168073277920485, -0.9893798828125], [0.02324942871928215, 0.02779814973473549, -0.9993431568145752, 1.4887104034423828], [0.568236768245697, 0.8220734000205994, 0.03608700633049011, -1.3232421875], [0.0, 0.0, 0.0, 1.0]], [[0.010531020350754261, -0.9996699690818787, -0.02342776209115982, 0.00604248046875], [0.025212282314896584, 0.02368706651031971, -0.9994015097618103, 1.480539321899414], [0.999626636505127, 0.009934082627296448, 0.025453411042690277, -1.719482421875], [0.0, 0.0, 0.0, 1.0]], [[-0.8435598015785217, -0.5358205437660217, -0.036100585013628006, 1.080810546875], [0.03324068710207939, 0.014997676946222782, -0.9993348121643066, 1.4934577941894531], [0.5360055565834045, -0.8441986441612244, 0.005159602966159582, -1.27099609375], [0.0, 0.0, 0.0, 1.0]], [[0.9477634429931641, 0.31851571798324585, 0.017092742025852203, -1.1436767578125], [0.007880974560976028, 0.030187265947461128, -0.9995132088661194, 1.5620423555374146], [-0.31887662410736084, 0.9474366903305054, 0.026100175455212593, -0.15606689453125], [0.0, 0.0, 0.0, 1.0]], [[0.00895619671791792, 0.9997011423110962, 0.022746428847312927, -0.029052734375], [0.010011188685894012, 0.022656556218862534, -0.9996931552886963, 1.5681042671203613], [-0.9999097585678101, 0.009181276895105839, -0.009805277921259403, 0.0399169921875], [0.0, 0.0, 0.0, 1.0]], [[-0.9235979914665222, 0.3831373155117035, -0.01313934475183487, 1.1524658203125], [0.014199208468198776, -6.175568705657497e-05, -0.99989914894104, 1.5479316711425781], [-0.38309943675994873, -0.9236913919448853, -0.005383208394050598, -0.046783447265625], [0.0, 0.0, 0.0, 1.0]]], "view": [[0.0, -2.0, 100.0], [-2.0, 0.0, 100.0], [0.0, 0.0, 1.0]], "bev": "bev_14d4567100c84c8686872077473f9877.png", "aux": "aux_14d4567100c84c8686872077473f9877.npz", "visibility": "visibility_14d4567100c84c8686872077473f9877.png", "pose": [[0.6518179178237915, -0.7583754658699036, 0.0, 1262.73974609375], [0.7583754658699036, 0.6518179178237915, 0.0, 1012.2881469726562], [0.0, 0.0, 1.0, 0.0], [0.0, 0.0, 0.0, 1.0]], "pose_inverse": [[0.6518179178237915, 0.7583754658699036, 0.0, -1590.7708740234375], [-0.7583754658699036, 0.6518179178237915, 0.0, 297.8033142089844], [0.0, 0.0, 1.0, 0.0], [0.0, 0.0, 0.0, 1.0]], "cam_ids": [0, 1, 2, 3, 4, 5], "cam_channels": ["CAM_FRONT_LEFT", "CAM_FRONT", "CAM_FRONT_RIGHT", "CAM_BACK_LEFT", "CAM_BACK", "CAM_BACK_RIGHT"], "token": "14d4567100c84c8686872077473f9877", "scene": "scene-0780"}, {"images": ["samples/CAM_FRONT_LEFT/n008-2018-08-30-15-31-50-0400__CAM_FRONT_LEFT__1535657773654799.jpg", "samples/CAM_FRONT/n008-2018-08-30-15-31-50-0400__CAM_FRONT__1535657773662404.jpg", "samples/CAM_FRONT_RIGHT/n008-2018-08-30-15-31-50-0400__CAM_FRONT_RIGHT__1535657773670482.jpg", "samples/CAM_BACK_LEFT/n008-2018-08-30-15-31-50-0400__CAM_BACK_LEFT__1535657773697405.jpg", "samples/CAM_BACK/n008-2018-08-30-15-31-50-0400__CAM_BACK__1535657773687558.jpg", "samples/CAM_BACK_RIGHT/n008-2018-08-30-15-31-50-0400__CAM_BACK_RIGHT__1535657773678113.jpg"], "intrinsics": [[[1257.8625342125129, 0.0, 827.2410631095686], [0.0, 1257.8625342125129, 450.915498205774], [0.0, 0.0, 1.0]], [[1252.8131021185304, 0.0, 826.588114781398], [0.0, 1252.8131021185304, 469.9846626224581], [0.0, 0.0, 1.0]], [[1256.7485116440405, 0.0, 817.7887570959712], [0.0, 1256.7485116440403, 451.9541780095127], [0.0, 0.0, 1.0]], [[1254.9860565800168, 0.0, 829.5769333630991], [0.0, 1254.9860565800168, 467.1680561863987], [0.0, 0.0, 1.0]], [[796.8910634503094, 0.0, 857.7774326863696], [0.0, 796.8910634503094, 476.8848988407415], [0.0, 0.0, 1.0]], [[1249.9629280788233, 0.0, 825.3768045375984], [0.0, 1249.9629280788233, 462.54816385708756], [0.0, 0.0, 1.0]]], "extrinsics": [[[0.8225983381271362, -0.568614661693573, 0.003070160513743758, -0.984619140625], [0.023086225613951683, 0.028002364560961723, -0.9993412494659424, 1.4888534545898438], [0.5681540966033936, 0.8221274018287659, 0.036161862313747406, -1.319580078125], [0.0, 0.0, 0.0, 1.0]], [[0.010619990527629852, -0.9996646046638489, -0.023619448766112328, 0.005767822265625], [0.025034818798303604, 0.023879189044237137, -0.999401330947876, 1.480672836303711], [0.9996301531791687, 0.010022313334047794, 0.025280015543103218, -1.714599609375], [0.0, 0.0, 0.0, 1.0]], [[-0.8435258865356445, -0.5358785390853882, -0.03603236377239227, 1.0772705078125], [0.033049583435058594, 0.015172010287642479, -0.9993385672569275, 1.4935874938964844], [0.5360707640647888, -0.8441587686538696, 0.004912578966468573, -1.2691650390625], [0.0, 0.0, 0.0, 1.0]], [[0.9477624297142029, 0.31852781772613525, 0.0169230829924345, -1.143310546875], [0.007652110420167446, 0.030334612354636192, -0.9995104670524597, 1.5620473623275757], [-0.31888526678085327, 0.9474279284477234, 0.02631259523332119, -0.15618896484375], [0.0, 0.0, 0.0, 1.0]], [[0.008925898000597954, 0.9996978044509888, 0.022904055193066597, -0.028900146484375], [0.009781873784959316, 0.022816579788923264, -0.9996917843818665, 1.5681204795837402], [-0.9999123811721802, 0.009147210977971554, -0.009575259871780872, 0.0382080078125], [0.0, 0.0, 0.0, 1.0]], [[-0.9236228466033936, 0.3830861449241638, -0.012874480336904526, 1.150146484375], [0.013984222896397114, 0.0001120532542699948, -0.9999021887779236, 1.5479717254638672], [-0.3830471634864807, -0.9237126111984253, -0.005460655316710472, -0.047943115234375], [0.0, 0.0, 0.0, 1.0]]], "view": [[0.0, -2.0, 100.0], [-2.0, 0.0, 100.0], [0.0, 0.0, 1.0]], "bev": "bev_60832ea2bb78449690e751f5ab3de000.png", "aux": "aux_60832ea2bb78449690e751f5ab3de000.npz", "visibility": "visibility_60832ea2bb78449690e751f5ab3de000.png", "pose": [[0.6513655185699463, -0.7587640881538391, 0.0, 1262.90673828125], [0.7587640881538391, 0.6513655185699463, 0.0, 1012.4740600585938], [0.0, 0.0, 1.0, 0.0], [0.0, 0.0, 0.0, 1.0]], "pose_inverse": [[0.6513655185699463, 0.7587640881538391, 0.0, -1590.8428955078125], [-0.7587640881538391, 0.6513655185699463, 0.0, 298.757568359375], [0.0, 0.0, 1.0, 0.0], [0.0, 0.0, 0.0, 1.0]], "cam_ids": [0, 1, 2, 3, 4, 5], "cam_channels": ["CAM_FRONT_LEFT", "CAM_FRONT", "CAM_FRONT_RIGHT", "CAM_BACK_LEFT", "CAM_BACK", "CAM_BACK_RIGHT"], "token": "60832ea2bb78449690e751f5ab3de000", "scene": "scene-0780"}, {"images": ["samples/CAM_FRONT_LEFT/n008-2018-08-30-15-31-50-0400__CAM_FRONT_LEFT__1535657774104799.jpg", "samples/CAM_FRONT/n008-2018-08-30-15-31-50-0400__CAM_FRONT__1535657774112404.jpg", "samples/CAM_FRONT_RIGHT/n008-2018-08-30-15-31-50-0400__CAM_FRONT_RIGHT__1535657774120482.jpg", "samples/CAM_BACK_LEFT/n008-2018-08-30-15-31-50-0400__CAM_BACK_LEFT__1535657774147549.jpg", "samples/CAM_BACK/n008-2018-08-30-15-31-50-0400__CAM_BACK__1535657774137558.jpg", "samples/CAM_BACK_RIGHT/n008-2018-08-30-15-31-50-0400__CAM_BACK_RIGHT__1535657774128113.jpg"], "intrinsics": [[[1257.8625342125129, 0.0, 827.2410631095686], [0.0, 1257.8625342125129, 450.915498205774], [0.0, 0.0, 1.0]], [[1252.8131021185304, 0.0, 826.588114781398], [0.0, 1252.8131021185304, 469.9846626224581], [0.0, 0.0, 1.0]], [[1256.7485116440405, 0.0, 817.7887570959712], [0.0, 1256.7485116440403, 451.9541780095127], [0.0, 0.0, 1.0]], [[1254.9860565800168, 0.0, 829.5769333630991], [0.0, 1254.9860565800168, 467.1680561863987], [0.0, 0.0, 1.0]], [[796.8910634503094, 0.0, 857.7774326863696], [0.0, 796.8910634503094, 476.8848988407415], [0.0, 0.0, 1.0]], [[1249.9629280788233, 0.0, 825.3768045375984], [0.0, 1249.9629280788233, 462.54816385708756], [0.0, 0.0, 1.0]]], "extrinsics": [[[0.8225631713867188, -0.5686667561531067, 0.002830072306096554, -0.9814453125], [0.022529300302267075, 0.027614587917923927, -0.9993647336959839, 1.4889278411865234], [0.5682274103164673, 0.8221044540405273, 0.03552640229463577, -1.31719970703125], [0.0, 0.0, 0.0, 1.0]], [[0.010551325976848602, -0.9996741414070129, -0.023244882002472878, 0.00579833984375], [0.02443784289062023, 0.023497028276324272, -0.9994251728057861, 1.480733871459961], [0.9996456503868103, 0.009977188892662525, 0.024677803739905357, -1.711181640625], [0.0, 0.0, 0.0, 1.0]], [[-0.8435714244842529, -0.5358560681343079, -0.035292692482471466, 1.0753173828125], [0.03240875527262688, 0.014800962060689926, -0.9993650317192078, 1.4936599731445312], [0.5360382795333862, -0.8441796898841858, 0.004880758933722973, -1.2677001953125], [0.0, 0.0, 0.0, 1.0]], [[0.9477759003639221, 0.3185294568538666, 0.016121013090014458, -1.143310546875], [0.006933273281902075, 0.02995704673230648, -0.9995271563529968, 1.5620428323745728], [-0.3188617527484894, 0.9474395513534546, 0.026184113696217537, -0.15625], [0.0, 0.0, 0.0, 1.0]], [[0.008958183228969574, 0.9997063875198364, 0.022516006603837013, -0.028778076171875], [0.009094450622797012, 0.022434525191783905, -0.9997069239616394, 1.5681252479553223], [-0.9999186396598816, 0.009160296060144901, -0.008890807628631592, 0.037109375], [0.0, 0.0, 0.0, 1.0]], [[-0.9236196875572205, 0.38310909271240234, -0.01241291780024767, 1.1484375], [0.013329444453120232, -0.00026227443595416844, -0.9999111294746399, 1.5479888916015625], [-0.3830782473087311, -0.9237030744552612, -0.004864388145506382, -0.048583984375], [0.0, 0.0, 0.0, 1.0]]], "view": [[0.0, -2.0, 100.0], [-2.0, 0.0, 100.0], [0.0, 0.0, 1.0]], "bev": "bev_618d34a8ce0a4f898952fce1d0ea8fbb.png", "aux": "aux_618d34a8ce0a4f898952fce1d0ea8fbb.npz", "visibility": "visibility_618d34a8ce0a4f898952fce1d0ea8fbb.png", "pose": [[0.651358425617218, -0.758770227432251, 0.0, 1263.09130859375], [0.758770227432251, 0.651358425617218, 0.0, 1012.6858520507812], [0.0, 0.0, 1.0, 0.0], [0.0, 0.0, 0.0, 1.0]], "pose_inverse": [[0.651358425617218, 0.758770227432251, 0.0, -1591.1209716796875], [-0.758770227432251, 0.651358425617218, 0.0, 298.7746276855469], [0.0, 0.0, 1.0, 0.0], [0.0, 0.0, 0.0, 1.0]], "cam_ids": [0, 1, 2, 3, 4, 5], "cam_channels": ["CAM_FRONT_LEFT", "CAM_FRONT", "CAM_FRONT_RIGHT", "CAM_BACK_LEFT", "CAM_BACK", "CAM_BACK_RIGHT"], "token": "618d34a8ce0a4f898952fce1d0ea8fbb", "scene": "scene-0780"}, {"images": ["samples/CAM_FRONT_LEFT/n008-2018-08-30-15-31-50-0400__CAM_FRONT_LEFT__1535657774604799.jpg", "samples/CAM_FRONT/n008-2018-08-30-15-31-50-0400__CAM_FRONT__1535657774612404.jpg", "samples/CAM_FRONT_RIGHT/n008-2018-08-30-15-31-50-0400__CAM_FRONT_RIGHT__1535657774620482.jpg", "samples/CAM_BACK_LEFT/n008-2018-08-30-15-31-50-0400__CAM_BACK_LEFT__1535657774647405.jpg", "samples/CAM_BACK/n008-2018-08-30-15-31-50-0400__CAM_BACK__1535657774637558.jpg", "samples/CAM_BACK_RIGHT/n008-2018-08-30-15-31-50-0400__CAM_BACK_RIGHT__1535657774628113.jpg"], "intrinsics": [[[1257.8625342125129, 0.0, 827.2410631095686], [0.0, 1257.8625342125129, 450.915498205774], [0.0, 0.0, 1.0]], [[1252.8131021185304, 0.0, 826.588114781398], [0.0, 1252.8131021185304, 469.9846626224581], [0.0, 0.0, 1.0]], [[1256.7485116440405, 0.0, 817.7887570959712], [0.0, 1256.7485116440403, 451.9541780095127], [0.0, 0.0, 1.0]], [[1254.9860565800168, 0.0, 829.5769333630991], [0.0, 1254.9860565800168, 467.1680561863987], [0.0, 0.0, 1.0]], [[796.8910634503094, 0.0, 857.7774326863696], [0.0, 796.8910634503094, 476.8848988407415], [0.0, 0.0, 1.0]], [[1249.9629280788233, 0.0, 825.3768045375984], [0.0, 1249.9629280788233, 462.54816385708756], [0.0, 0.0, 1.0]]], "extrinsics": [[[0.8225160837173462, -0.5687358975410461, 0.0026098599191755056, -0.98388671875], [0.021873662248253822, 0.027047986164689064, -0.9993947744369507, 1.4888534545898438], [0.5683210492134094, 0.822075366973877, 0.03468773886561394, -1.31884765625], [0.0, 0.0, 0.0, 1.0]], [[0.010464624501764774, -0.9996883869171143, -0.022663015872240067, 0.005523681640625], [0.023826811462640762, 0.022907109931111336, -0.9994536638259888, 1.4806690216064453], [0.9996613264083862, 0.009918874129652977, 0.024059100076556206, -1.713623046875], [0.0, 0.0, 0.0, 1.0]], [[-0.8436225056648254, -0.5358279347419739, -0.03448744863271713, 1.07666015625], [0.03184504434466362, 0.014186054468154907, -0.9993921518325806, 1.4935989379882812], [0.5359915494918823, -0.8442080020904541, 0.005095790605992079, -1.268798828125], [0.0, 0.0, 0.0, 1.0]], [[0.9477847814559937, 0.3185346722602844, 0.01548152044415474, -1.14306640625], [0.006490015424787998, 0.029269730672240257, -0.999550461769104, 1.5620481967926025], [-0.31884464621543884, 0.9474591612815857, 0.025674112141132355, -0.15643310546875], [0.0, 0.0, 0.0, 1.0]], [[0.008995424024760723, 0.9997209310531616, 0.021844707429409027, -0.028778076171875], [0.008613715879619122, 0.02176731266081333, -0.9997259378433228, 1.5681190490722656], [-0.9999224543571472, 0.009181041270494461, -0.008415506221354008, 0.0377197265625], [0.0, 0.0, 0.0, 1.0]], [[-0.9236090779304504, 0.38314247131347656, -0.012167281471192837, 1.1495361328125], [0.012796039693057537, -0.0009076027199625969, -0.99991774559021, 1.5479660034179688], [-0.383122056722641, -0.9236887693405151, -0.004064437001943588, -0.04840087890625], [0.0, 0.0, 0.0, 1.0]]], "view": [[0.0, -2.0, 100.0], [-2.0, 0.0, 100.0], [0.0, 0.0, 1.0]], "bev": "bev_a0eba88acbd4445f862290bbc6735c63.png", "aux": "aux_a0eba88acbd4445f862290bbc6735c63.npz", "visibility": "visibility_a0eba88acbd4445f862290bbc6735c63.png", "pose": [[0.6514468193054199, -0.7586942911148071, 0.0, 1263.295166015625], [0.7586942911148071, 0.6514468193054199, 0.0, 1012.921142578125], [0.0, 0.0, 1.0, 0.0], [0.0, 0.0, 0.0, 1.0]], "pose_inverse": [[0.6514468193054199, 0.7586942911148071, 0.0, -1591.4671630859375], [-0.7586942911148071, 0.6514468193054199, 0.0, 298.5906066894531], [0.0, 0.0, 1.0, 0.0], [0.0, 0.0, 0.0, 1.0]], "cam_ids": [0, 1, 2, 3, 4, 5], "cam_channels": ["CAM_FRONT_LEFT", "CAM_FRONT", "CAM_FRONT_RIGHT", "CAM_BACK_LEFT", "CAM_BACK", "CAM_BACK_RIGHT"], "token": "a0eba88acbd4445f862290bbc6735c63", "scene": "scene-0780"}, {"images": ["samples/CAM_FRONT_LEFT/n008-2018-08-30-15-31-50-0400__CAM_FRONT_LEFT__1535657775004799.jpg", "samples/CAM_FRONT/n008-2018-08-30-15-31-50-0400__CAM_FRONT__1535657775012404.jpg", "samples/CAM_FRONT_RIGHT/n008-2018-08-30-15-31-50-0400__CAM_FRONT_RIGHT__1535657775020482.jpg", "samples/CAM_BACK_LEFT/n008-2018-08-30-15-31-50-0400__CAM_BACK_LEFT__1535657775047405.jpg", "samples/CAM_BACK/n008-2018-08-30-15-31-50-0400__CAM_BACK__1535657775037558.jpg", "samples/CAM_BACK_RIGHT/n008-2018-08-30-15-31-50-0400__CAM_BACK_RIGHT__1535657775028113.jpg"], "intrinsics": [[[1257.8625342125129, 0.0, 827.2410631095686], [0.0, 1257.8625342125129, 450.915498205774], [0.0, 0.0, 1.0]], [[1252.8131021185304, 0.0, 826.588114781398], [0.0, 1252.8131021185304, 469.9846626224581], [0.0, 0.0, 1.0]], [[1256.7485116440405, 0.0, 817.7887570959712], [0.0, 1256.7485116440403, 451.9541780095127], [0.0, 0.0, 1.0]], [[1254.9860565800168, 0.0, 829.5769333630991], [0.0, 1254.9860565800168, 467.1680561863987], [0.0, 0.0, 1.0]], [[796.8910634503094, 0.0, 857.7774326863696], [0.0, 796.8910634503094, 476.8848988407415], [0.0, 0.0, 1.0]], [[1249.9629280788233, 0.0, 825.3768045375984], [0.0, 1249.9629280788233, 462.54816385708756], [0.0, 0.0, 1.0]]], "extrinsics": [[[0.8225710988044739, -0.5686565041542053, 0.0025681823026388884, -0.9862060546875], [0.02173333801329136, 0.026924116536974907, -0.9994012117385864, 1.4887828826904297], [0.5682468414306641, 0.8221343755722046, 0.03450580686330795, -1.32049560546875], [0.0, 0.0, 0.0, 1.0]], [[0.010546667501330376, -0.999690055847168, -0.022552860900759697, 0.00567626953125], [0.02368650957942009, 0.02279755100607872, -0.999459445476532, 1.480611801147461], [0.999663770198822, 0.010006681084632874, 0.02391960471868515, -1.7159423828125], [0.0, 0.0, 0.0, 1.0]], [[-0.8435879349708557, -0.5358933806419373, -0.034318480640649796, 1.0780029296875], [0.03170500323176384, 0.014092100784182549, -0.9993979334831238, 1.4935455322265625], [0.5360543131828308, -0.8441680669784546, 0.00510257575660944, -1.26953125], [0.0, 0.0, 0.0, 1.0]], [[0.9477868676185608, 0.3185383677482605, 0.015275937505066395, -1.14306640625], [0.006285418756306171, 0.029233114793896675, -0.999552845954895, 1.5620489120483398], [-0.3188425600528717, 0.9474590420722961, 0.02570461481809616, -0.15631103515625], [0.0, 0.0, 0.0, 1.0]], [[0.008967305533587933, 0.9997221827507019, 0.02179650589823723, -0.02880859375], [0.008419361896812916, 0.021721126511693, -0.9997286200523376, 1.568112850189209], [-0.9999244213104248, 0.009148318320512772, -0.008222243748605251, 0.0382080078125], [0.0, 0.0, 0.0, 1.0]], [[-0.9236328601837158, 0.38308876752853394, -0.012050745077431202, 1.1505126953125], [0.012638702057301998, -0.0009821670828387141, -0.9999196529388428, 1.5479507446289062], [-0.3830699026584625, -0.9237110018730164, -0.003934582695364952, -0.0479736328125], [0.0, 0.0, 0.0, 1.0]]], "view": [[0.0, -2.0, 100.0], [-2.0, 0.0, 100.0], [0.0, 0.0, 1.0]], "bev": "bev_14c2fb7926b5423a842f8a7f1240e977.png", "aux": "aux_14c2fb7926b5423a842f8a7f1240e977.npz", "visibility": "visibility_14c2fb7926b5423a842f8a7f1240e977.png", "pose": [[0.6513981819152832, -0.7587360739707947, 0.0, 1263.4322509765625], [0.7587360739707947, 0.6513981819152832, 0.0, 1013.0814208984375], [0.0, 0.0, 1.0, 0.0], [0.0, 0.0, 0.0, 1.0]], "pose_inverse": [[0.6513981819152832, 0.7587360739707947, 0.0, -1591.6588134765625], [-0.7587360739707947, 0.6513981819152832, 0.0, 298.6922607421875], [0.0, 0.0, 1.0, 0.0], [0.0, 0.0, 0.0, 1.0]], "cam_ids": [0, 1, 2, 3, 4, 5], "cam_channels": ["CAM_FRONT_LEFT", "CAM_FRONT", "CAM_FRONT_RIGHT", "CAM_BACK_LEFT", "CAM_BACK", "CAM_BACK_RIGHT"], "token": "14c2fb7926b5423a842f8a7f1240e977", "scene": "scene-0780"}, {"images": ["samples/CAM_FRONT_LEFT/n008-2018-08-30-15-31-50-0400__CAM_FRONT_LEFT__1535657775404799.jpg", "samples/CAM_FRONT/n008-2018-08-30-15-31-50-0400__CAM_FRONT__1535657775412404.jpg", "samples/CAM_FRONT_RIGHT/n008-2018-08-30-15-31-50-0400__CAM_FRONT_RIGHT__1535657775420482.jpg", "samples/CAM_BACK_LEFT/n008-2018-08-30-15-31-50-0400__CAM_BACK_LEFT__1535657775447405.jpg", "samples/CAM_BACK/n008-2018-08-30-15-31-50-0400__CAM_BACK__1535657775437558.jpg", "samples/CAM_BACK_RIGHT/n008-2018-08-30-15-31-50-0400__CAM_BACK_RIGHT__1535657775428113.jpg"], "intrinsics": [[[1257.8625342125129, 0.0, 827.2410631095686], [0.0, 1257.8625342125129, 450.915498205774], [0.0, 0.0, 1.0]], [[1252.8131021185304, 0.0, 826.588114781398], [0.0, 1252.8131021185304, 469.9846626224581], [0.0, 0.0, 1.0]], [[1256.7485116440405, 0.0, 817.7887570959712], [0.0, 1256.7485116440403, 451.9541780095127], [0.0, 0.0, 1.0]], [[1254.9860565800168, 0.0, 829.5769333630991], [0.0, 1254.9860565800168, 467.1680561863987], [0.0, 0.0, 1.0]], [[796.8910634503094, 0.0, 857.7774326863696], [0.0, 796.8910634503094, 476.8848988407415], [0.0, 0.0, 1.0]], [[1249.9629280788233, 0.0, 825.3768045375984], [0.0, 1249.9629280788233, 462.54816385708756], [0.0, 0.0, 1.0]]], "extrinsics": [[[0.8225349187850952, -0.5687106251716614, 0.0021203183569014072, -0.9903564453125], [0.021223854273557663, 0.02697029709815979, -0.99941086769104, 1.4886703491210938], [0.5683183670043945, 0.8220953941345215, 0.03425424546003342, -1.32318115234375], [0.0, 0.0, 0.0, 1.0]], [[0.010476483963429928, -0.9996891021728516, -0.022626066580414772, 0.00555419921875], [0.023143041878938675, 0.022863658145070076, -0.9994707107543945, 1.4805049896240234], [0.9996771812438965, 0.009947330690920353, 0.02337537705898285, -1.72021484375], [0.0, 0.0, 0.0, 1.0]], [[-0.8436342477798462, -0.5358484983444214, -0.03387609124183655, 1.0809326171875], [0.031125355511903763, 0.014179101213812828, -0.9994149208068848, 1.4934272766113281], [0.5360153317451477, -0.8441950082778931, 0.004716500174254179, -1.2716064453125], [0.0, 0.0, 0.0, 1.0]], [[0.9477933645248413, 0.31854447722435, 0.014733338728547096, -1.143310546875], [0.0056699104607105255, 0.029361184686422348, -0.9995527863502502, 1.5620455741882324], [-0.31883466243743896, 0.9474530816078186, 0.02602222189307213, -0.15625], [0.0, 0.0, 0.0, 1.0]], [[0.008996115997433662, 0.9997194409370422, 0.021909406408667564, -0.02880859375], [0.007818246260285378, 0.02183930203318596, -0.9997309446334839, 1.5680952072143555], [-0.9999290108680725, 0.009164887480437756, -0.007619586773216724, 0.03955078125], [0.0, 0.0, 0.0, 1.0]], [[-0.9236259460449219, 0.3831234872341156, -0.01146408636122942, 1.15283203125], [0.012045464478433132, -0.0008815619512461126, -0.9999271035194397, 1.5479145050048828], [-0.383105605840683, -0.9236966371536255, -0.0038006650283932686, -0.046783447265625], [0.0, 0.0, 0.0, 1.0]]], "view": [[0.0, -2.0, 100.0], [-2.0, 0.0, 100.0], [0.0, 0.0, 1.0]], "bev": "bev_7cf30aeeab2046a4bf1dc9e859b9b15b.png", "aux": "aux_7cf30aeeab2046a4bf1dc9e859b9b15b.npz", "visibility": "visibility_7cf30aeeab2046a4bf1dc9e859b9b15b.png", "pose": [[0.6514530181884766, -0.7586889266967773, 0.0, 1263.5526123046875], [0.7586889266967773, 0.6514530181884766, 0.0, 1013.2211303710938], [0.0, 0.0, 1.0, 0.0], [0.0, 0.0, 0.0, 1.0]], "pose_inverse": [[0.6514530181884766, 0.7586889266967773, 0.0, -1591.8648681640625], [-0.7586889266967773, 0.6514530181884766, 0.0, 298.5774230957031], [0.0, 0.0, 1.0, 0.0], [0.0, 0.0, 0.0, 1.0]], "cam_ids": [0, 1, 2, 3, 4, 5], "cam_channels": ["CAM_FRONT_LEFT", "CAM_FRONT", "CAM_FRONT_RIGHT", "CAM_BACK_LEFT", "CAM_BACK", "CAM_BACK_RIGHT"], "token": "7cf30aeeab2046a4bf1dc9e859b9b15b", "scene": "scene-0780"}, {"images": ["samples/CAM_FRONT_LEFT/n008-2018-08-30-15-31-50-0400__CAM_FRONT_LEFT__1535657775904799.jpg", "samples/CAM_FRONT/n008-2018-08-30-15-31-50-0400__CAM_FRONT__1535657775915365.jpg", "samples/CAM_FRONT_RIGHT/n008-2018-08-30-15-31-50-0400__CAM_FRONT_RIGHT__1535657775920482.jpg", "samples/CAM_BACK_LEFT/n008-2018-08-30-15-31-50-0400__CAM_BACK_LEFT__1535657775948212.jpg", "samples/CAM_BACK/n008-2018-08-30-15-31-50-0400__CAM_BACK__1535657775937590.jpg", "samples/CAM_BACK_RIGHT/n008-2018-08-30-15-31-50-0400__CAM_BACK_RIGHT__1535657775928113.jpg"], "intrinsics": [[[1257.8625342125129, 0.0, 827.2410631095686], [0.0, 1257.8625342125129, 450.915498205774], [0.0, 0.0, 1.0]], [[1252.8131021185304, 0.0, 826.588114781398], [0.0, 1252.8131021185304, 469.9846626224581], [0.0, 0.0, 1.0]], [[1256.7485116440405, 0.0, 817.7887570959712], [0.0, 1256.7485116440403, 451.9541780095127], [0.0, 0.0, 1.0]], [[1254.9860565800168, 0.0, 829.5769333630991], [0.0, 1254.9860565800168, 467.1680561863987], [0.0, 0.0, 1.0]], [[796.8910634503094, 0.0, 857.7774326863696], [0.0, 796.8910634503094, 476.8848988407415], [0.0, 0.0, 1.0]], [[1249.9629280788233, 0.0, 825.3768045375984], [0.0, 1249.9629280788233, 462.54816385708756], [0.0, 0.0, 1.0]]], "extrinsics": [[[0.8226078152656555, -0.5686073303222656, 0.0014450332382693887, -0.99462890625], [0.0206348467618227, 0.02731269598007202, -0.9994139075279236, 1.4885444641113281], [0.5682346820831299, 0.8221555352210999, 0.0342007577419281, -1.326416015625], [0.0, 0.0, 0.0, 1.0]], [[0.010568913072347641, -0.9996803402900696, -0.022964665666222572, 0.005706787109375], [0.02259434014558792, 0.02319883182644844, -0.9994755387306213, 1.480367660522461], [0.9996888637542725, 0.01004449650645256, 0.02283230610191822, -1.7255859375], [0.0, 0.0, 0.0, 1.0]], [[-0.8436020612716675, -0.5359153747558594, -0.03362216055393219, 1.084228515625], [0.030617883428931236, 0.014505187049508095, -0.9994258880615234, 1.4933052062988281], [0.5360953211784363, -0.8441471457481384, 0.00417198846116662, -1.2734375], [0.0, 0.0, 0.0, 1.0]], [[0.9477960467338562, 0.31855255365371704, 0.014388739131391048, -1.1435546875], [0.0052007283084094524, 0.02967478707432747, -0.9995460510253906, 1.5620436668395996], [-0.31883496046066284, 0.9474406242370605, 0.02646893821656704, -0.15625], [0.0, 0.0, 0.0, 1.0]], [[0.008960939943790436, 0.999713122844696, 0.022214660421013832, -0.02886962890625], [0.007354032248258591, 0.022149065509438515, -0.9997276067733765, 1.5680828094482422], [-0.9999328255653381, 0.009121865034103394, -0.0071534463204443455, 0.0411376953125], [0.0, 0.0, 0.0, 1.0]], [[-0.9236598014831543, 0.3830587565898895, -0.010892312042415142, 1.1552734375], [0.011560042388737202, -0.0005587578634731472, -0.9999330043792725, 1.5478744506835938], [-0.38303908705711365, -0.9237237572669983, -0.003912072163075209, -0.045745849609375], [0.0, 0.0, 0.0, 1.0]]], "view": [[0.0, -2.0, 100.0], [-2.0, 0.0, 100.0], [0.0, 0.0, 1.0]], "bev": "bev_ad26ae1c24e14afd9bc1e0bcc4e378b7.png", "aux": "aux_ad26ae1c24e14afd9bc1e0bcc4e378b7.npz", "visibility": "visibility_ad26ae1c24e14afd9bc1e0bcc4e378b7.png", "pose": [[0.6518486142158508, -0.7583491206169128, 0.0, 1263.6690673828125], [0.7583491206169128, 0.6518486142158508, 0.0, 1013.3547973632812], [0.0, 0.0, 1.0, 0.0], [0.0, 0.0, 0.0, 1.0]], "pose_inverse": [[0.6518486142158508, 0.7583491206169128, 0.0, -1592.1976318359375], [-0.7583491206169128, 0.6518486142158508, 0.0, 297.74847412109375], [0.0, 0.0, 1.0, 0.0], [0.0, 0.0, 0.0, 1.0]], "cam_ids": [0, 1, 2, 3, 4, 5], "cam_channels": ["CAM_FRONT_LEFT", "CAM_FRONT", "CAM_FRONT_RIGHT", "CAM_BACK_LEFT", "CAM_BACK", "CAM_BACK_RIGHT"], "token": "ad26ae1c24e14afd9bc1e0bcc4e378b7", "scene": "scene-0780"}, {"images": ["samples/CAM_FRONT_LEFT/n008-2018-08-30-15-31-50-0400__CAM_FRONT_LEFT__1535657776404799.jpg", "samples/CAM_FRONT/n008-2018-08-30-15-31-50-0400__CAM_FRONT__1535657776412404.jpg", "samples/CAM_FRONT_RIGHT/n008-2018-08-30-15-31-50-0400__CAM_FRONT_RIGHT__1535657776420482.jpg", "samples/CAM_BACK_LEFT/n008-2018-08-30-15-31-50-0400__CAM_BACK_LEFT__1535657776447405.jpg", "samples/CAM_BACK/n008-2018-08-30-15-31-50-0400__CAM_BACK__1535657776441227.jpg", "samples/CAM_BACK_RIGHT/n008-2018-08-30-15-31-50-0400__CAM_BACK_RIGHT__1535657776428113.jpg"], "intrinsics": [[[1257.8625342125129, 0.0, 827.2410631095686], [0.0, 1257.8625342125129, 450.915498205774], [0.0, 0.0, 1.0]], [[1252.8131021185304, 0.0, 826.588114781398], [0.0, 1252.8131021185304, 469.9846626224581], [0.0, 0.0, 1.0]], [[1256.7485116440405, 0.0, 817.7887570959712], [0.0, 1256.7485116440403, 451.9541780095127], [0.0, 0.0, 1.0]], [[1254.9860565800168, 0.0, 829.5769333630991], [0.0, 1254.9860565800168, 467.1680561863987], [0.0, 0.0, 1.0]], [[796.8910634503094, 0.0, 857.7774326863696], [0.0, 796.8910634503094, 476.8848988407415], [0.0, 0.0, 1.0]], [[1249.9629280788233, 0.0, 825.3768045375984], [0.0, 1249.9629280788233, 462.54816385708756], [0.0, 0.0, 1.0]]], "extrinsics": [[[0.8225545287132263, -0.5686852335929871, 0.0010602603433653712, -1.000732421875], [0.02020440436899662, 0.027360614389181137, -0.9994214177131653, 1.4883861541748047], [0.5683271884918213, 0.822100043296814, 0.03399554640054703, -1.330810546875], [0.0, 0.0, 0.0, 1.0]], [[0.010485590435564518, -0.9996801614761353, -0.023015715181827545, 0.005645751953125], [0.0221558790653944, 0.023243600502610207, -0.9994843006134033, 1.4802532196044922], [0.9996994733810425, 0.00997021421790123, 0.02239251509308815, -1.73046875], [0.0, 0.0, 0.0, 1.0]], [[-0.8436492681503296, -0.5358629822731018, -0.03326970711350441, 1.0880126953125], [0.030172744765877724, 0.014548168517649174, -0.9994387626647949, 1.4931678771972656], [0.5360462069511414, -0.844179630279541, 0.003894903464242816, -1.2757568359375], [0.0, 0.0, 0.0, 1.0]], [[0.9478018283843994, 0.318553626537323, 0.013972124084830284, -1.1436767578125], [0.004742866847664118, 0.029729658737778664, -0.9995467066764832, 1.56204354763031], [-0.3188247084617615, 0.9474384784698486, 0.026666967198252678, -0.15606689453125], [0.0, 0.0, 0.0, 1.0]], [[0.008993417024612427, 0.9997116923332214, 0.022263212129473686, -0.028900146484375], [0.006879325956106186, 0.02220172807574272, -0.9997298121452332, 1.5680665969848633], [-0.9999358654022217, 0.009144219569861889, -0.006677674129605293, 0.0433349609375], [0.0, 0.0, 0.0, 1.0]], [[-0.9236472249031067, 0.38310107588768005, -0.01045411266386509, 1.15869140625], [0.011103838682174683, -0.0005153644597157836, -0.9999382495880127, 1.5478363037109375], [-0.3830827474594116, -0.9237062335014343, -0.0037778764963150024, -0.044586181640625], [0.0, 0.0, 0.0, 1.0]]], "view": [[0.0, -2.0, 100.0], [-2.0, 0.0, 100.0], [0.0, 0.0, 1.0]], "bev": "bev_f5a7a188ac7a4ebc8f489e2af867db98.png", "aux": "aux_f5a7a188ac7a4ebc8f489e2af867db98.npz", "visibility": "visibility_f5a7a188ac7a4ebc8f489e2af867db98.png", "pose": [[0.6521026492118835, -0.758130669593811, 0.0, 1263.73291015625], [0.758130669593811, 0.6521026492118835, 0.0, 1013.423828125], [0.0, 0.0, 1.0, 0.0], [0.0, 0.0, 0.0, 1.0]], "pose_inverse": [[0.6521026492118835, 0.758130669593811, 0.0, -1592.3912353515625], [-0.758130669593811, 0.6521026492118835, 0.0, 297.21832275390625], [0.0, 0.0, 1.0, 0.0], [0.0, 0.0, 0.0, 1.0]], "cam_ids": [0, 1, 2, 3, 4, 5], "cam_channels": ["CAM_FRONT_LEFT", "CAM_FRONT", "CAM_FRONT_RIGHT", "CAM_BACK_LEFT", "CAM_BACK", "CAM_BACK_RIGHT"], "token": "f5a7a188ac7a4ebc8f489e2af867db98", "scene": "scene-0780"}, {"images": ["samples/CAM_FRONT_LEFT/n008-2018-08-30-15-31-50-0400__CAM_FRONT_LEFT__1535657776904799.jpg", "samples/CAM_FRONT/n008-2018-08-30-15-31-50-0400__CAM_FRONT__1535657776912404.jpg", "samples/CAM_FRONT_RIGHT/n008-2018-08-30-15-31-50-0400__CAM_FRONT_RIGHT__1535657776920482.jpg", "samples/CAM_BACK_LEFT/n008-2018-08-30-15-31-50-0400__CAM_BACK_LEFT__1535657776947414.jpg", "samples/CAM_BACK/n008-2018-08-30-15-31-50-0400__CAM_BACK__1535657776937558.jpg", "samples/CAM_BACK_RIGHT/n008-2018-08-30-15-31-50-0400__CAM_BACK_RIGHT__1535657776928113.jpg"], "intrinsics": [[[1257.8625342125129, 0.0, 827.2410631095686], [0.0, 1257.8625342125129, 450.915498205774], [0.0, 0.0, 1.0]], [[1252.8131021185304, 0.0, 826.588114781398], [0.0, 1252.8131021185304, 469.9846626224581], [0.0, 0.0, 1.0]], [[1256.7485116440405, 0.0, 817.7887570959712], [0.0, 1256.7485116440403, 451.9541780095127], [0.0, 0.0, 1.0]], [[1254.9860565800168, 0.0, 829.5769333630991], [0.0, 1254.9860565800168, 467.1680561863987], [0.0, 0.0, 1.0]], [[796.8910634503094, 0.0, 857.7774326863696], [0.0, 796.8910634503094, 476.8848988407415], [0.0, 0.0, 1.0]], [[1249.9629280788233, 0.0, 825.3768045375984], [0.0, 1249.9629280788233, 462.54816385708756], [0.0, 0.0, 1.0]]], "extrinsics": [[[0.8225600123405457, -0.5686756372451782, 0.0017241949681192636, -1.0057373046875], [0.02092832513153553, 0.02724158763885498, -0.9994097948074341, 1.4882678985595703], [0.568293035030365, 0.822110652923584, 0.034309271723032, -1.333984375], [0.0, 0.0, 0.0, 1.0]], [[0.01051096897572279, -0.9996829032897949, -0.02288525179028511, 0.0054931640625], [0.022920534014701843, 0.023121370002627373, -0.9994699358940125, 1.4801445007324219], [0.9996820092201233, 0.00998083408921957, 0.023156292736530304, -1.7354736328125], [0.0, 0.0, 0.0, 1.0]], [[-0.8436200022697449, -0.5358704924583435, -0.03388424217700958, 1.091064453125], [0.030980568379163742, 0.014422561042010784, -0.999415934085846, 1.4930572509765625], [0.5360462069511414, -0.8441770076751709, 0.004434409085661173, -1.27783203125], [0.0, 0.0, 0.0, 1.0]], [[0.9477920532226562, 0.318543016910553, 0.014847416430711746, -1.1439208984375], [0.005728793330490589, 0.029543833807110786, -0.9995470643043518, 1.5620408058166504], [-0.3188374936580658, 0.9474478363990784, 0.026176542043685913, -0.1561279296875], [0.0, 0.0, 0.0, 1.0]], [[0.008980327285826206, 0.9997155666351318, 0.022095363587141037, -0.028961181640625], [0.0078099253587424755, 0.0220254585146904, -0.9997268319129944, 1.5680584907531738], [-0.9999291896820068, 0.009150456637144089, -0.007609908934682608, 0.0445556640625], [0.0, 0.0, 0.0, 1.0]], [[-0.923