[{"images": ["samples/CAM_FRONT_LEFT/n015-2018-07-24-11-03-52+0800__CAM_FRONT_LEFT__1532401609654844.jpg", "samples/CAM_FRONT/n015-2018-07-24-11-03-52+0800__CAM_FRONT__1532401609662460.jpg", "samples/CAM_FRONT_RIGHT/n015-2018-07-24-11-03-52+0800__CAM_FRONT_RIGHT__1532401609670339.jpg", "samples/CAM_BACK_LEFT/n015-2018-07-24-11-03-52+0800__CAM_BACK_LEFT__1532401609697423.jpg", "samples/CAM_BACK/n015-2018-07-24-11-03-52+0800__CAM_BACK__1532401609687525.jpg", "samples/CAM_BACK_RIGHT/n015-2018-07-24-11-03-52+0800__CAM_BACK_RIGHT__1532401609677893.jpg"], "intrinsics": [[[1272.5979470598488, 0.0, 826.6154927353808], [0.0, 1272.5979470598488, 479.75165386361925], [0.0, 0.0, 1.0]], [[1266.417203046554, 0.0, 816.2670197447984], [0.0, 1266.417203046554, 491.50706579294757], [0.0, 0.0, 1.0]], [[1260.8474446004698, 0.0, 807.968244525554], [0.0, 1260.8474446004698, 495.3344268742088], [0.0, 0.0, 1.0]], [[1256.7414812095406, 0.0, 792.1125740759628], [0.0, 1256.7414812095406, 492.7757465151356], [0.0, 0.0, 1.0]], [[809.2209905677063, 0.0, 829.2196003259838], [0.0, 809.2209905677063, 481.77842384512485], [0.0, 0.0, 1.0]], [[1259.5137405846733, 0.0, 807.2529053838625], [0.0, 1259.5137405846733, 501.19579884916527], [0.0, 0.0, 1.0]]], "extrinsics": [[[0.8204860687255859, -0.5715960264205933, -0.00896728690713644, -0.6959228515625], [-0.009350893087685108, 0.0022648749873042107, -0.9999536871910095, 1.5051841735839844], [0.5715898871421814, 0.8205320239067078, -0.003486635396257043, -1.09332275390625], [0.0, 0.0, 0.0, 1.0]], [[0.005336129572242498, -0.9999842643737793, 0.0016732667572796345, 0.0067291259765625], [-0.014912810176610947, -0.0017526827286928892, -0.9998872876167297, 1.5164966583251953], [0.9998745322227478, 0.005310626234859228, -0.014921928755939007, -1.4217529296875], [0.0, 0.0, 0.0, 1.0]], [[-0.8331584930419922, -0.5530338287353516, -0.0006132531561888754, 0.85589599609375], [-0.009556139819324017, 0.01550525613129139, -0.9998340606689453, 1.5016202926635742], [0.5529516339302063, -0.8330144286155701, -0.01820320449769497, -1.13165283203125], [0.0, 0.0, 0.0, 1.0]], [[0.9477550983428955, 0.31893470883369446, -0.006399213802069426, -1.1370849609375], [-0.001804608036763966, -0.014699512161314487, -0.9998903274536133, 1.588545560836792], [-0.31899377703666687, 0.9476626515388489, -0.013355987146496773, -0.10546875], [0.0, 0.0, 0.0, 1.0]], [[0.002551397541537881, 0.9999852776527405, -0.0048002987168729305, 0.00313568115234375], [-0.026889394968748093, -0.004729973617941141, -0.9996272325515747, 1.5771617889404297], [-0.9996351599693298, 0.0026795309968292713, 0.02687692642211914, -0.0797119140625], [0.0, 0.0, 0.0, 1.0]], [[-0.9347307682037354, 0.3553515374660492, -0.0019189961021766067, 0.99102783203125], [0.006059411913156509, 0.010539037175476551, -0.9999260902404785, 1.5523924827575684], [-0.35530510544776917, -0.9346733689308167, -0.012004384770989418, -0.11883544921875], [0.0, 0.0, 0.0, 1.0]]], "view": [[0.0, -2.0, 100.0], [-2.0, 0.0, 100.0], [0.0, 0.0, 1.0]], "bev": "bev_7ec5350531b74c35a02877ce8314a8d5.png", "aux": "aux_7ec5350531b74c35a02877ce8314a8d5.npz", "visibility": "visibility_7ec5350531b74c35a02877ce8314a8d5.png", "pose": [[0.372338205575943, -0.928097128868103, 0.0, 341.21307373046875], [0.928097128868103, 0.372338205575943, 0.0, 1035.36279296875], [0.0, 0.0, 1.0, 0.0], [0.0, 0.0, 0.0, 1.0]], "pose_inverse": [[0.372338205575943, 0.928097128868103, 0.0, -1087.9638671875], [-0.928097128868103, 0.372338205575943, 0.0, -68.82625579833984], [0.0, 0.0, 1.0, 0.0], [0.0, 0.0, 0.0, 1.0]], "cam_ids": [0, 1, 2, 3, 4, 5], "cam_channels": ["CAM_FRONT_LEFT", "CAM_FRONT", "CAM_FRONT_RIGHT", "CAM_BACK_LEFT", "CAM_BACK", "CAM_BACK_RIGHT"], "token": "7ec5350531b74c35a02877ce8314a8d5", "scene": "scene-0043"}, {"images": ["samples/CAM_FRONT_LEFT/n015-2018-07-24-11-03-52+0800__CAM_FRONT_LEFT__1532401610154844.jpg", "samples/CAM_FRONT/n015-2018-07-24-11-03-52+0800__CAM_FRONT__1532401610162460.jpg", "samples/CAM_FRONT_RIGHT/n015-2018-07-24-11-03-52+0800__CAM_FRONT_RIGHT__1532401610170339.jpg", "samples/CAM_BACK_LEFT/n015-2018-07-24-11-03-52+0800__CAM_BACK_LEFT__1532401610197423.jpg", "samples/CAM_BACK/n015-2018-07-24-11-03-52+0800__CAM_BACK__1532401610187525.jpg", "samples/CAM_BACK_RIGHT/n015-2018-07-24-11-03-52+0800__CAM_BACK_RIGHT__1532401610177893.jpg"], "intrinsics": [[[1272.5979470598488, 0.0, 826.6154927353808], [0.0, 1272.5979470598488, 479.75165386361925], [0.0, 0.0, 1.0]], [[1266.417203046554, 0.0, 816.2670197447984], [0.0, 1266.417203046554, 491.50706579294757], [0.0, 0.0, 1.0]], [[1260.8474446004698, 0.0, 807.968244525554], [0.0, 1260.8474446004698, 495.3344268742088], [0.0, 0.0, 1.0]], [[1256.7414812095406, 0.0, 792.1125740759628], [0.0, 1256.7414812095406, 492.7757465151356], [0.0, 0.0, 1.0]], [[809.2209905677063, 0.0, 829.2196003259838], [0.0, 809.2209905677063, 481.77842384512485], [0.0, 0.0, 1.0]], [[1259.5137405846733, 0.0, 807.2529053838625], [0.0, 1259.5137405846733, 501.19579884916527], [0.0, 0.0, 1.0]]], "extrinsics": [[[0.8214792609214783, -0.5701979994773865, -0.006780243944376707, -0.71295166015625], [-0.006344855763018131, 0.0027497715782374144, -0.9999760985374451, 1.5063037872314453], [0.5702029466629028, 0.821502685546875, -0.001358943642117083, -1.10784912109375], [0.0, 0.0, 0.0, 1.0]], [[0.006713576149195433, -0.9999762773513794, 0.0014675853308290243, 0.00843048095703125], [-0.011543656699359417, -0.0015450214268639684, -0.9999321699142456, 1.5176382064819336], [0.9999107718467712, 0.006696201395243406, -0.011553755961358547, -1.4412841796875], [0.0, 0.0, 0.0, 1.0]], [[-0.8325616717338562, -0.5539200305938721, -0.003692840924486518, 0.8707275390625], [-0.005848050117492676, 0.015455660410225391, -0.9998634457588196, 1.50248384475708], [0.5539014339447021, -0.8324263691902161, -0.016107141971588135, -1.1396484375], [0.0, 0.0, 0.0, 1.0]], [[0.9477620124816895, 0.318972110748291, -0.0019904726650565863, -1.13818359375], [0.003030952299013734, -0.015245387330651283, -0.9998791813850403, 1.5885697603225708], [-0.3189639151096344, 0.9476414322853088, -0.015415789559483528, -0.1051025390625], [0.0, 0.0, 0.0, 1.0]], [[0.002169514773413539, 0.9999840259552002, -0.005223251413553953, 0.00255584716796875], [-0.022423990070819855, -0.0051733022555708885, -0.9997351765632629, 1.5777091979980469], [-0.9997461438179016, 0.0022860567551106215, 0.022412406280636787, -0.0716552734375], [0.0, 0.0, 0.0, 1.0]], [[-0.934984028339386, 0.354642391204834, -0.005807978566735983, 1.0037841796875], [0.01012560073286295, 0.01031997799873352, -0.9998955130577087, 1.552872657775879], [-0.3545454442501068, -0.9349451065063477, -0.013239983469247818, -0.112945556640625], [0.0, 0.0, 0.0, 1.0]]], "view": [[0.0, -2.0, 100.0], [-2.0, 0.0, 100.0], [0.0, 0.0, 1.0]], "bev": "bev_09b70515d2e9431ab772ee60b3029d0a.png", "aux": "aux_09b70515d2e9431ab772ee60b3029d0a.npz", "visibility": "visibility_09b70515d2e9431ab772ee60b3029d0a.png", "pose": [[0.3779953420162201, -0.9258074760437012, 0.0, 342.6042785644531], [0.9258074760437012, 0.3779953420162201, 0.0, 1038.7762451171875], [0.0, 0.0, 1.0, 0.0], [0.0, 0.0, 0.0, 1.0]], "pose_inverse": [[0.3779953420162201, 0.9258074760437012, 0.0, -1091.209716796875], [-0.9258074760437012, 0.3779953420162201, 0.0, -75.46698760986328], [0.0, 0.0, 1.0, 0.0], [0.0, 0.0, 0.0, 1.0]], "cam_ids": [0, 1, 2, 3, 4, 5], "cam_channels": ["CAM_FRONT_LEFT", "CAM_FRONT", "CAM_FRONT_RIGHT", "CAM_BACK_LEFT", "CAM_BACK", "CAM_BACK_RIGHT"], "token": "09b70515d2e9431ab772ee60b3029d0a", "scene": "scene-0043"}, {"images": ["samples/CAM_FRONT_LEFT/n015-2018-07-24-11-03-52+0800__CAM_FRONT_LEFT__1532401610754844.jpg", "samples/CAM_FRONT/n015-2018-07-24-11-03-52+0800__CAM_FRONT__1532401610762460.jpg", "samples/CAM_FRONT_RIGHT/n015-2018-07-24-11-03-52+0800__CAM_FRONT_RIGHT__1532401610770339.jpg", "samples/CAM_BACK_LEFT/n015-2018-07-24-11-03-52+0800__CAM_BACK_LEFT__1532401610797423.jpg", "samples/CAM_BACK/n015-2018-07-24-11-03-52+0800__CAM_BACK__1532401610787525.jpg", "samples/CAM_BACK_RIGHT/n015-2018-07-24-11-03-52+0800__CAM_BACK_RIGHT__1532401610777893.jpg"], "intrinsics": [[[1272.5979470598488, 0.0, 826.6154927353808], [0.0, 1272.5979470598488, 479.75165386361925], [0.0, 0.0, 1.0]], [[1266.417203046554, 0.0, 816.2670197447984], [0.0, 1266.417203046554, 491.50706579294757], [0.0, 0.0, 1.0]], [[1260.8474446004698, 0.0, 807.968244525554], [0.0, 1260.8474446004698, 495.3344268742088], [0.0, 0.0, 1.0]], [[1256.7414812095406, 0.0, 792.1125740759628], [0.0, 1256.7414812095406, 492.7757465151356], [0.0, 0.0, 1.0]], [[809.2209905677063, 0.0, 829.2196003259838], [0.0, 809.2209905677063, 481.77842384512485], [0.0, 0.0, 1.0]], [[1259.5137405846733, 0.0, 807.2529053838625], [0.0, 1259.5137405846733, 501.19579884916527], [0.0, 0.0, 1.0]]], "extrinsics": [[[0.8209323287010193, -0.5709595084190369, 0.008681957609951496, -0.73193359375], [0.00903445202857256, -0.002215407555922866, -0.9999567270278931, 1.5108137130737305], [0.5709539651870728, 0.8209752440452576, 0.003339606337249279, -1.11810302734375], [0.0, 0.0, 0.0, 1.0]], [[0.005936030298471451, -0.9999616146087646, 0.006425258703529835, 0.00638580322265625], [0.004760604817420244, -0.006397041026502848, -0.9999682307243347, 1.5216455459594727], [0.9999710321426392, 0.005966440308839083, 0.00472244992852211, -1.4583740234375], [0.0, 0.0, 0.0, 1.0]], [[-0.8326728343963623, -0.553549587726593, -0.015449924394488335, 0.8807373046875], [0.011434966698288918, 0.010706254281103611, -0.9998772740364075, 1.5057249069213867], [0.5536470413208008, -0.8327473402023315, -0.0025849847588688135, -1.14801025390625], [0.0, 0.0, 0.0, 1.0]], [[0.947661280632019, 0.3188813626766205, 0.01590070314705372, -1.139892578125], [0.02348015271127224, -0.019938675686717033, -0.9995254278182983, 1.5886173248291016], [-0.31841298937797546, 0.947584867477417, -0.02638249471783638, -0.104644775390625], [0.0, 0.0, 0.0, 1.0]], [[0.002517628949135542, 0.9999483227729797, -0.009855831041932106, 0.0028533935546875], [-0.0030946515034884214, -0.009848025627434254, -0.9999467730522156, 1.5791468620300293], [-0.9999920129776001, 0.0025480049662292004, 0.003069697879254818, -0.06640625], [0.0, 0.0, 0.0, 1.0]], [[-0.9346041679382324, 0.3548465967178345, -0.024474984034895897, 1.0125732421875], [0.028304750099778175, 0.005605071317404509, -0.9995836615562439, 1.5551929473876953], [-0.3545616567134857, -0.9349077939987183, -0.015282366424798965, -0.110565185546875], [0.0, 0.0, 0.0, 1.0]]], "view": [[0.0, -2.0, 100.0], [-2.0, 0.0, 100.0], [0.0, 0.0, 1.0]], "bev": "bev_5de23d331d424f1eb29d587e53158589.png", "aux": "aux_5de23d331d424f1eb29d587e53158589.npz", "visibility": "visibility_5de23d331d424f1eb29d587e53158589.png", "pose": [[0.38812729716300964, -0.9216057658195496, 0.0, 344.236083984375], [0.9216057658195496, 0.38812729716300964, 0.0, 1042.6678466796875], [0.0, 0.0, 1.0, 0.0], [0.0, 0.0, 0.0, 1.0]], "pose_inverse": [[0.38812729716300964, 0.9216057658195496, 0.0, -1094.5361328125], [-0.9216057658195496, 0.38812729716300964, 0.0, -87.4378890991211], [0.0, 0.0, 1.0, 0.0], [0.0, 0.0, 0.0, 1.0]], "cam_ids": [0, 1, 2, 3, 4, 5], "cam_channels": ["CAM_FRONT_LEFT", "CAM_FRONT", "CAM_FRONT_RIGHT", "CAM_BACK_LEFT", "CAM_BACK", "CAM_BACK_RIGHT"], "token": "5de23d331d424f1eb29d587e53158589", "scene": "scene-0043"}, {"images": ["samples/CAM_FRONT_LEFT/n015-2018-07-24-11-03-52+0800__CAM_FRONT_LEFT__1532401611254844.jpg", "samples/CAM_FRONT/n015-2018-07-24-11-03-52+0800__CAM_FRONT__1532401611262460.jpg", "samples/CAM_FRONT_RIGHT/n015-2018-07-24-11-03-52+0800__CAM_FRONT_RIGHT__1532401611270339.jpg", "samples/CAM_BACK_LEFT/n015-2018-07-24-11-03-52+0800__CAM_BACK_LEFT__1532401611297423.jpg", "samples/CAM_BACK/n015-2018-07-24-11-03-52+0800__CAM_BACK__1532401611287525.jpg", "samples/CAM_BACK_RIGHT/n015-2018-07-24-11-03-52+0800__CAM_BACK_RIGHT__1532401611277893.jpg"], "intrinsics": [[[1272.5979470598488, 0.0, 826.6154927353808], [0.0, 1272.5979470598488, 479.75165386361925], [0.0, 0.0, 1.0]], [[1266.417203046554, 0.0, 816.2670197447984], [0.0, 1266.417203046554, 491.50706579294757], [0.0, 0.0, 1.0]], [[1260.8474446004698, 0.0, 807.968244525554], [0.0, 1260.8474446004698, 495.3344268742088], [0.0, 0.0, 1.0]], [[1256.7414812095406, 0.0, 792.1125740759628], [0.0, 1256.7414812095406, 492.7757465151356], [0.0, 0.0, 1.0]], [[809.2209905677063, 0.0, 829.2196003259838], [0.0, 809.2209905677063, 481.77842384512485], [0.0, 0.0, 1.0]], [[1259.5137405846733, 0.0, 807.2529053838625], [0.0, 1259.5137405846733, 501.19579884916527], [0.0, 0.0, 1.0]]], "extrinsics": [[[0.8205834627151489, -0.5711808800697327, -0.019880566745996475, -0.7301025390625], [-0.026774754747748375, -0.003672417253255844, -0.9996347427368164, 1.5006179809570312], [0.5708991885185242, 0.8208159804344177, -0.018306752666831017, -1.11871337890625], [0.0, 0.0, 0.0, 1.0]], [[0.005984429735690355, -0.9999534487724304, 0.0075656515546143055, 0.00780487060546875], [-0.03354645520448685, -0.007762283086776733, -0.9994070529937744, 1.5126953125], [0.9994192719459534, 0.005727141629904509, -0.03359134867787361, -1.4583740234375], [0.0, 0.0, 0.0, 1.0]], [[-0.832690417766571, -0.5534032583236694, 0.019273092970252037, 0.8819580078125], [-0.0293838270008564, 0.009403107687830925, -0.999523937702179, 1.4983024597167969], [0.552958607673645, -0.8328603506088257, -0.02409098483622074, -1.14739990234375], [0.0, 0.0, 0.0, 1.0]], [[0.9473437070846558, 0.31876063346862793, -0.030521182343363762, -1.1392822265625], [-0.025074554607272148, -0.02117738127708435, -0.9994612336158752, 1.5884857177734375], [-0.3192352056503296, 0.9475986361503601, -0.012069478631019592, -0.1046142578125], [0.0, 0.0, 0.0, 1.0]], [[0.002152865519747138, 0.99993497133255, -0.01120155118405819, 0.0023651123046875], [-0.049009907990694046, -0.011082610115408897, -0.9987368583679199, 1.5760536193847656], [-0.9987959265708923, 0.0026990934275090694, 0.048982858657836914, -0.065673828125], [0.0, 0.0, 0.0, 1.0]], [[-0.9347552061080933, 0.3549599051475525, 0.01537254173308611, 1.0135498046875], [-0.014798377640545368, 0.004332472570240498, -0.9998811483383179, 1.5495109558105469], [-0.3549843430519104, -0.93487149477005, 0.0012030273210257292, -0.109100341796875], [0.0, 0.0, 0.0, 1.0]]], "view": [[0.0, -2.0, 100.0], [-2.0, 0.0, 100.0], [0.0, 0.0, 1.0]], "bev": "bev_88209e3d4c4f456da1b7165c6ead41ff.png", "aux": "aux_88209e3d4c4f456da1b7165c6ead41ff.npz", "visibility": "visibility_88209e3d4c4f456da1b7165c6ead41ff.png", "pose": [[0.3942113220691681, -0.9190198183059692, 0.0, 345.53302001953125], [0.9190198183059692, 0.3942113220691681, 0.0, 1045.6826171875], [0.0, 0.0, 1.0, 0.0], [0.0, 0.0, 0.0, 1.0]], "pose_inverse": [[0.3942113220691681, 0.9190198183059692, 0.0, -1097.216064453125], [-0.9190198183059692, 0.3942113220691681, 0.0, -94.668212890625], [0.0, 0.0, 1.0, 0.0], [0.0, 0.0, 0.0, 1.0]], "cam_ids": [0, 1, 2, 3, 4, 5], "cam_channels": ["CAM_FRONT_LEFT", "CAM_FRONT", "CAM_FRONT_RIGHT", "CAM_BACK_LEFT", "CAM_BACK", "CAM_BACK_RIGHT"], "token": "88209e3d4c4f456da1b7165c6ead41ff", "scene": "scene-0043"}, {"images": ["samples/CAM_FRONT_LEFT/n015-2018-07-24-11-03-52+0800__CAM_FRONT_LEFT__1532401611754844.jpg", "samples/CAM_FRONT/n015-2018-07-24-11-03-52+0800__CAM_FRONT__1532401611762460.jpg", "samples/CAM_FRONT_RIGHT/n015-2018-07-24-11-03-52+0800__CAM_FRONT_RIGHT__1532401611770339.jpg", "samples/CAM_BACK_LEFT/n015-2018-07-24-11-03-52+0800__CAM_BACK_LEFT__1532401611797423.jpg", "samples/CAM_BACK/n015-2018-07-24-11-03-52+0800__CAM_BACK__1532401611787525.jpg", "samples/CAM_BACK_RIGHT/n015-2018-07-24-11-03-52+0800__CAM_BACK_RIGHT__1532401611777893.jpg"], "intrinsics": [[[1272.5979470598488, 0.0, 826.6154927353808], [0.0, 1272.5979470598488, 479.75165386361925], [0.0, 0.0, 1.0]], [[1266.417203046554, 0.0, 816.2670197447984], [0.0, 1266.417203046554, 491.50706579294757], [0.0, 0.0, 1.0]], [[1260.8474446004698, 0.0, 807.968244525554], [0.0, 1260.8474446004698, 495.3344268742088], [0.0, 0.0, 1.0]], [[1256.7414812095406, 0.0, 792.1125740759628], [0.0, 1256.7414812095406, 492.7757465151356], [0.0, 0.0, 1.0]], [[809.2209905677063, 0.0, 829.2196003259838], [0.0, 809.2209905677063, 481.77842384512485], [0.0, 0.0, 1.0]], [[1259.5137405846733, 0.0, 807.2529053838625], [0.0, 1259.5137405846733, 501.19579884916527], [0.0, 0.0, 1.0]]], "extrinsics": [[[0.8206583261489868, -0.5713581442832947, 0.008349799551069736, -0.728515625], [0.0074927532114088535, -0.0038513713516294956, -0.9999645352363586, 1.5104060173034668], [0.571370005607605, 0.820691704750061, 0.00112038548104465, -1.11688232421875], [0.0, 0.0, 0.0, 1.0]], [[0.005521279294043779, -0.99995356798172, 0.007895671762526035, 0.0072174072265625], [0.0024848347529768944, -0.007882049307227135, -0.9999658465385437, 1.5211296081542969], [0.9999815821647644, 0.005540722049772739, 0.002441199729219079, -1.455078125], [0.0, 0.0, 0.0, 1.0]], [[-0.8329057693481445, -0.553283154964447, -0.012072231620550156, 0.878173828125], [0.008286821655929089, 0.009342682547867298, -0.999921977519989, 1.505173683166504], [0.5533528327941895, -0.8329408764839172, -0.003196615492925048, -1.1455078125], [0.0, 0.0, 0.0, 1.0]], [[0.947714626789093, 0.3189826011657715, 0.00932723842561245, -1.1368408203125], [0.016961971297860146, -0.021165108308196068, -0.9996321201324463, 1.5886507034301758], [-0.31866782903671265, 0.9475241899490356, -0.025469060987234116, -0.10552978515625], [0.0, 0.0, 0.0, 1.0]], [[0.002552319783717394, 0.9999350905418396, -0.011102860793471336, 0.00269317626953125], [-0.008355269208550453, -0.011081185191869736, -0.999903678894043, 1.5787620544433594], [-0.999961793422699, 0.0026448119897395372, 0.00832644384354353, -0.0697021484375], [0.0, 0.0, 0.0, 1.0]], [[-0.9346056580543518, 0.355057954788208, -0.021122941747307777, 1.00933837890625], [0.024229619652032852, 0.004305190872400999, -0.9996971487998962, 1.5547351837158203], [-0.35485947132110596, -0.934834361076355, -0.012626576237380505, -0.111175537109375], [0.0, 0.0, 0.0, 1.0]]], "view": [[0.0, -2.0, 100.0], [-2.0, 0.0, 100.0], [0.0, 0.0, 1.0]], "bev": "bev_194a2ed1ada14516bddf15a1e7cb407c.png", "aux": "aux_194a2ed1ada14516bddf15a1e7cb407c.npz", "visibility": "visibility_194a2ed1ada14516bddf15a1e7cb407c.png", "pose": [[0.3977603316307068, -0.9174893498420715, 0.0, 346.8857421875], [0.9174893498420715, 0.3977603316307068, 0.0, 1048.7711181640625], [0.0, 0.0, 1.0, 0.0], [0.0, 0.0, 0.0, 1.0]], "pose_inverse": [[0.3977603316307068, 0.9174893498420715, 0.0, -1100.2137451171875], [-0.9174893498420715, 0.3977603316307068, 0.0, -98.89558410644531], [0.0, 0.0, 1.0, 0.0], [0.0, 0.0, 0.0, 1.0]], "cam_ids": [0, 1, 2, 3, 4, 5], "cam_channels": ["CAM_FRONT_LEFT", "CAM_FRONT", "CAM_FRONT_RIGHT", "CAM_BACK_LEFT", "CAM_BACK", "CAM_BACK_RIGHT"], "token": "194a2ed1ada14516bddf15a1e7cb407c", "scene": "scene-0043"}, {"images": ["samples/CAM_FRONT_LEFT/n015-2018-07-24-11-03-52+0800__CAM_FRONT_LEFT__1532401612254844.jpg", "samples/CAM_FRONT/n015-2018-07-24-11-03-52+0800__CAM_FRONT__1532401612262460.jpg", "samples/CAM_FRONT_RIGHT/n015-2018-07-24-11-03-52+0800__CAM_FRONT_RIGHT__1532401612270339.jpg", "samples/CAM_BACK_LEFT/n015-2018-07-24-11-03-52+0800__CAM_BACK_LEFT__1532401612297423.jpg", "samples/CAM_BACK/n015-2018-07-24-11-03-52+0800__CAM_BACK__1532401612287525.jpg", "samples/CAM_BACK_RIGHT/n015-2018-07-24-11-03-52+0800__CAM_BACK_RIGHT__1532401612277893.jpg"], "intrinsics": [[[1272.5979470598488, 0.0, 826.6154927353808], [0.0, 1272.5979470598488, 479.75165386361925], [0.0, 0.0, 1.0]], [[1266.417203046554, 0.0, 816.2670197447984], [0.0, 1266.417203046554, 491.50706579294757], [0.0, 0.0, 1.0]], [[1260.8474446004698, 0.0, 807.968244525554], [0.0, 1260.8474446004698, 495.3344268742088], [0.0, 0.0, 1.0]], [[1256.7414812095406, 0.0, 792.1125740759628], [0.0, 1256.7414812095406, 492.7757465151356], [0.0, 0.0, 1.0]], [[809.2209905677063, 0.0, 829.2196003259838], [0.0, 809.2209905677063, 481.77842384512485], [0.0, 0.0, 1.0]], [[1259.5137405846733, 0.0, 807.2529053838625], [0.0, 1259.5137405846733, 501.19579884916527], [0.0, 0.0, 1.0]]], "extrinsics": [[[0.8207303881645203, -0.5713084936141968, -0.0028586634434759617, -0.71875], [-0.0038978257216513157, -0.0005958654801361263, -0.9999922513961792, 1.5070791244506836], [0.5713022947311401, 0.8207351565361023, -0.0027159051969647408, -1.10919189453125], [0.0, 0.0, 0.0, 1.0]], [[0.005669555626809597, -0.9999737739562988, 0.0045072115026414394, 0.00676727294921875], [-0.009146454744040966, -0.004558952059596777, -0.9999477863311768, 1.518275260925293], [0.9999420046806335, 0.005628027953207493, -0.009172062389552593, -1.4451904296875], [0.0, 0.0, 0.0, 1.0]], [[-0.8329638242721558, -0.5533115267753601, -0.0041723609901964664, 0.87213134765625], [-0.003465892979875207, 0.012757658958435059, -0.9999126195907593, 1.502974033355713], [0.5533164143562317, -0.8328766226768494, -0.012544387951493263, -1.14202880859375], [0.0, 0.0, 0.0, 1.0]], [[0.9477234482765198, 0.3190927803516388, -0.0003041641612071544, -1.1329345703125], [0.005511543247848749, -0.01732264831662178, -0.9998347163200378, 1.5886130332946777], [-0.31904536485671997, 0.9475651979446411, -0.018175773322582245, -0.107086181640625], [0.0, 0.0, 0.0, 1.0]], [[0.0023507855366915464, 0.9999698400497437, -0.007413126062601805, 0.0027618408203125], [-0.020034605637192726, -0.007364561781287193, -0.9997721314430237, 1.577840805053711], [-0.9997965693473816, 0.002498798305168748, 0.020016686990857124, -0.073974609375], [0.0, 0.0, 0.0, 1.0]], [[-0.9348026514053345, 0.35505589842796326, -0.008898469619452953, 1.00518798828125], [0.012499270029366016, 0.007849046029150486, -0.9998910427093506, 1.553201675415039], [-0.35494735836982727, -0.9348121285438538, -0.011775249615311623, -0.113189697265625], [0.0, 0.0, 0.0, 1.0]]], "view": [[0.0, -2.0, 100.0], [-2.0, 0.0, 100.0], [0.0, 0.0, 1.0]], "bev": "bev_448e4984d23448638fdbea8f21941ad1.png", "aux": "aux_448e4984d23448638fdbea8f21941ad1.npz", "visibility": "visibility_448e4984d23448638fdbea8f21941ad1.png", "pose": [[0.39654070138931274, -0.9180171489715576, 0.0, 348.2494812011719], [0.9180171489715576, 0.39654070138931274, 0.0, 1051.890380859375], [0.0, 0.0, 1.0, 0.0], [0.0, 0.0, 0.0, 1.0]], "pose_inverse": [[0.39654070138931274, 0.9180171489715576, 0.0, -1103.74853515625], [-0.9180171489715576, 0.39654070138931274, 0.0, -97.41836547851562], [0.0, 0.0, 1.0, 0.0], [0.0, 0.0, 0.0, 1.0]], "cam_ids": [0, 1, 2, 3, 4, 5], "cam_channels": ["CAM_FRONT_LEFT", "CAM_FRONT", "CAM_FRONT_RIGHT", "CAM_BACK_LEFT", "CAM_BACK", "CAM_BACK_RIGHT"], "token": "448e4984d23448638fdbea8f21941ad1", "scene": "scene-0043"}, {"images": ["samples/CAM_FRONT_LEFT/n015-2018-07-24-11-03-52+0800__CAM_FRONT_LEFT__1532401612854844.jpg", "samples/CAM_FRONT/n015-2018-07-24-11-03-52+0800__CAM_FRONT__1532401612862460.jpg", "samples/CAM_FRONT_RIGHT/n015-2018-07-24-11-03-52+0800__CAM_FRONT_RIGHT__1532401612870934.jpg", "samples/CAM_BACK_LEFT/n015-2018-07-24-11-03-52+0800__CAM_BACK_LEFT__1532401612897423.jpg", "samples/CAM_BACK/n015-2018-07-24-11-03-52+0800__CAM_BACK__1532401612887525.jpg", "samples/CAM_BACK_RIGHT/n015-2018-07-24-11-03-52+0800__CAM_BACK_RIGHT__1532401612877893.jpg"], "intrinsics": [[[1272.5979470598488, 0.0, 826.6154927353808], [0.0, 1272.5979470598488, 479.75165386361925], [0.0, 0.0, 1.0]], [[1266.417203046554, 0.0, 816.2670197447984], [0.0, 1266.417203046554, 491.50706579294757], [0.0, 0.0, 1.0]], [[1260.8474446004698, 0.0, 807.968244525554], [0.0, 1260.8474446004698, 495.3344268742088], [0.0, 0.0, 1.0]], [[1256.7414812095406, 0.0, 792.1125740759628], [0.0, 1256.7414812095406, 492.7757465151356], [0.0, 0.0, 1.0]], [[809.2209905677063, 0.0, 829.2196003259838], [0.0, 809.2209905677063, 481.77842384512485], [0.0, 0.0, 1.0]], [[1259.5137405846733, 0.0, 807.2529053838625], [0.0, 1259.5137405846733, 501.19579884916527], [0.0, 0.0, 1.0]]], "extrinsics": [[[0.8207335472106934, -0.5713098049163818, -0.001290102256461978, -0.72613525390625], [-0.0026871992740780115, -0.0016022453783079982, -0.9999951124191284, 1.5074727535247803], [0.5713047981262207, 0.8207330107688904, -0.0028502396307885647, -1.11627197265625], [0.0, 0.0, 0.0, 1.0]], [[0.005735711194574833, -0.999968409538269, 0.005488206632435322, 0.008148193359375], [-0.008079844526946545, -0.005534461233764887, -0.9999520778656006, 1.5186147689819336], [0.9999508261680603, 0.005691038444638252, -0.008111333474516869, -1.453857421875], [0.0, 0.0, 0.0, 1.0]], [[-0.8329154849052429, -0.5533826947212219, -0.004384739324450493, 0.88116455078125], [-0.0025927622336894274, 0.011825397610664368, -0.9999266862869263, 1.503152847290039], [0.5533939599990845, -0.8328431248664856, -0.01128434669226408, -1.14654541015625], [0.0, 0.0, 0.0, 1.0]], [[0.9477629661560059, 0.318975031375885, -0.0004255284438841045, -1.137939453125], [0.005600462201982737, -0.017974331974983215, -0.999822735786438, 1.5885815620422363], [-0.3189261853694916, 0.9475926756858826, -0.01882181502878666, -0.105194091796875], [0.0, 0.0, 0.0, 1.0]], [[0.0023640599101781845, 0.9999632239341736, -0.008244231343269348, 0.002288818359375], [-0.019654778763651848, -0.00819619745016098, -0.9997732639312744, 1.5779609680175781], [-0.9998040199279785, 0.0025255559012293816, 0.019634678959846497, -0.0694580078125], [0.0, 0.0, 0.0, 1.0]], [[-0.9348276257514954, 0.35496556758880615, -0.00983117800205946, 1.00830078125], [0.013153810985386372, 0.006948438007384539, -0.9998893737792969, 1.5532331466674805], [-0.3548579514026642, -0.9348536133766174, -0.011164744384586811, -0.110809326171875], [0.0, 0.0, 0.0, 1.0]]], "view": [[0.0, -2.0, 100.0], [-2.0, 0.0, 100.0], [0.0, 0.0, 1.0]], "bev": "bev_d4f97f43798a4c989b318ea1ec60b5e8.png", "aux": "aux_d4f97f43798a4c989b318ea1ec60b5e8.npz", "visibility": "visibility_d4f97f43798a4c989b318ea1ec60b5e8.png", "pose": [[0.3916720747947693, -0.9201048612594604, 0.0, 349.8529968261719], [0.9201048612594604, 0.3916720747947693, 0.0, 1055.60888671875], [0.0, 0.0, 1.0, 0.0], [0.0, 0.0, 0.0, 1.0]], "pose_inverse": [[0.3916720747947693, 0.9201048612594604, 0.0, -1108.298583984375], [-0.9201048612594604, 0.3916720747947693, 0.0, -91.55106353759766], [0.0, 0.0, 1.0, 0.0], [0.0, 0.0, 0.0, 1.0]], "cam_ids": [0, 1, 2, 3, 4, 5], "cam_channels": ["CAM_FRONT_LEFT", "CAM_FRONT", "CAM_FRONT_RIGHT", "CAM_BACK_LEFT", "CAM_BACK", "CAM_BACK_RIGHT"], "token": "d4f97f43798a4c989b318ea1ec60b5e8", "scene": "scene-0043"}, {"images": ["samples/CAM_FRONT_LEFT/n015-2018-07-24-11-03-52+0800__CAM_FRONT_LEFT__1532401613354844.jpg", "samples/CAM_FRONT/n015-2018-07-24-11-03-52+0800__CAM_FRONT__1532401613362460.jpg", "samples/CAM_FRONT_RIGHT/n015-2018-07-24-11-03-52+0800__CAM_FRONT_RIGHT__1532401613370339.jpg", "samples/CAM_BACK_LEFT/n015-2018-07-24-11-03-52+0800__CAM_BACK_LEFT__1532401613397423.jpg", "samples/CAM_BACK/n015-2018-07-24-11-03-52+0800__CAM_BACK__1532401613387525.jpg", "samples/CAM_BACK_RIGHT/n015-2018-07-24-11-03-52+0800__CAM_BACK_RIGHT__1532401613377893.jpg"], "intrinsics": [[[1272.5979470598488, 0.0, 826.6154927353808], [0.0, 1272.5979470598488, 479.75165386361925], [0.0, 0.0, 1.0]], [[1266.417203046554, 0.0, 816.2670197447984], [0.0, 1266.417203046554, 491.50706579294757], [0.0, 0.0, 1.0]], [[1260.8474446004698, 0.0, 807.968244525554], [0.0, 1260.8474446004698, 495.3344268742088], [0.0, 0.0, 1.0]], [[1256.7414812095406, 0.0, 792.1125740759628], [0.0, 1256.7414812095406, 492.7757465151356], [0.0, 0.0, 1.0]], [[809.2209905677063, 0.0, 829.2196003259838], [0.0, 809.2209905677063, 481.77842384512485], [0.0, 0.0, 1.0]], [[1259.5137405846733, 0.0, 807.2529053838625], [0.0, 1259.5137405846733, 501.19579884916527], [0.0, 0.0, 1.0]]], "extrinsics": [[[0.8200942277908325, -0.5721697211265564, -0.008203352801501751, -0.73638916015625], [-0.010043414309620857, -5.873498594155535e-05, -0.99994957447052, 1.505453109741211], [0.5721402764320374, 0.820135235786438, -0.0057947044260799885, -1.12158203125], [0.0, 0.0, 0.0, 1.0]], [[0.004883201792836189, -0.9999802112579346, 0.003973174840211868, 0.006744384765625], [-0.015378756448626518, -0.004047849681228399, -0.9998735785484314, 1.5170154571533203], [0.9998697638511658, 0.004821474198251963, -0.015398219227790833, -1.46337890625], [0.0, 0.0, 0.0, 1.0]], [[-0.8332971930503845, -0.5528246164321899, 0.0008335684542544186, 0.88427734375], [-0.00976739451289177, 0.013215199112892151, -0.9998649954795837, 1.5018997192382812], [0.5527389049530029, -0.8331928253173828, -0.01641184464097023, -1.1500244140625], [0.0, 0.0, 0.0, 1.0]], [[0.9477515816688538, 0.3189427852630615, -0.006511888466775417, -1.138671875], [-0.0011022365652024746, -0.017138753086328506, -0.9998525381088257, 1.5885510444641113], [-0.3190073072910309, 0.9476189613342285, -0.015891732648015022, -0.1048583984375], [0.0, 0.0, 0.0, 1.0]], [[0.002555105835199356, 0.9999707341194153, -0.007215528283268213, 0.0027923583984375], [-0.026540927588939667, -0.007145197130739689, -0.9996222257614136, 1.5775737762451172], [-0.9996445178985596, 0.002745641628280282, 0.026521893218159676, -0.0653076171875], [0.0, 0.0, 0.0, 1.0]], [[-0.9347110390663147, 0.3553975522518158, -0.002795055042952299, 1.015380859375], [0.006103805731981993, 0.00818908866494894, -0.9999478459358215, 1.552234172821045], [-0.35535621643066406, -0.934679388999939, -0.009823709726333618, -0.10919189453125], [0.0, 0.0, 0.0, 1.0]]], "view": [[0.0, -2.0, 100.0], [-2.0, 0.0, 100.0], [0.0, 0.0, 1.0]], "bev": "bev_32b75adabfb341c787960cb0216f6cb5.png", "aux": "aux_32b75adabfb341c787960cb0216f6cb5.npz", "visibility": "visibility_32b75adabfb341c787960cb0216f6cb5.png", "pose": [[0.3889977037906647, -0.9212387204170227, 0.0, 351.1730651855469], [0.9212387204170227, 0.3889977037906647, 0.0, 1058.669677734375], [0.0, 0.0, 1.0, 0.0], [0.0, 0.0, 0.0, 1.0]], "pose_inverse": [[0.3889977037906647, 0.9212387204170227, 0.0, -1111.89306640625], [-0.9212387204170227, 0.3889977037906647, 0.0, -88.30583953857422], [0.0, 0.0, 1.0, 0.0], [0.0, 0.0, 0.0, 1.0]], "cam_ids": [0, 1, 2, 3, 4, 5], "cam_channels": ["CAM_FRONT_LEFT", "CAM_FRONT", "CAM_FRONT_RIGHT", "CAM_BACK_LEFT", "CAM_BACK", "CAM_BACK_RIGHT"], "token": "32b75adabfb341c787960cb0216f6cb5", "scene": "scene-0043"}, {"images": ["samples/CAM_FRONT_LEFT/n015-2018-07-24-11-03-52+0800__CAM_FRONT_LEFT__1532401613854844.jpg", "samples/CAM_FRONT/n015-2018-07-24-11-03-52+0800__CAM_FRONT__1532401613862460.jpg", "samples/CAM_FRONT_RIGHT/n015-2018-07-24-11-03-52+0800__CAM_FRONT_RIGHT__1532401613870339.jpg", "samples/CAM_BACK_LEFT/n015-2018-07-24-11-03-52+0800__CAM_BACK_LEFT__1532401613897423.jpg", "samples/CAM_BACK/n015-2018-07-24-11-03-52+0800__CAM_BACK__1532401613887525.jpg", "samples/CAM_BACK_RIGHT/n015-2018-07-24-11-03-52+0800__CAM_BACK_RIGHT__1532401613877893.jpg"], "intrinsics": [[[1272.5979470598488, 0.0, 826.6154927353808], [0.0, 1272.5979470598488, 479.75165386361925], [0.0, 0.0, 1.0]], [[1266.417203046554, 0.0, 816.2670197447984], [0.0, 1266.417203046554, 491.50706579294757], [0.0, 0.0, 1.0]], [[1260.8474446004698, 0.0, 807.968244525554], [0.0, 1260.8474446004698, 495.3344268742088], [0.0, 0.0, 1.0]], [[1256.7414812095406, 0.0, 792.1125740759628], [0.0, 1256.7414812095406, 492.7757465151356], [0.0, 0.0, 1.0]], [[809.2209905677063, 0.0, 829.2196003259838], [0.0, 809.2209905677063, 481.77842384512485], [0.0, 0.0, 1.0]], [[1259.5137405846733, 0.0, 807.2529053838625], [0.0, 1259.5137405846733, 501.19579884916527], [0.0, 0.0, 1.0]]], "extrinsics": [[[0.8209192752838135, -0.5710430145263672, 0.0011644511250779033, -0.7369384765625], [-0.006044601555913687, -0.010728602297604084, -0.9999241828918457, 1.5066089630126953], [0.5710121989250183, 0.8208500146865845, -0.0122590446844697, -1.124755859375], [0.0, 0.0, 0.0, 1.0]], [[0.005976716056466103, -0.9998692870140076, 0.015021003782749176, 0.00862884521484375], [-0.011288316920399666, -0.015087775886058807, -0.9998224973678589, 1.5180044174194336], [0.9999184012413025, 0.005806084256619215, -0.011377018876373768, -1.4652099609375], [0.0, 0.0, 0.0, 1.0]], [[-0.8328289985656738, -0.5535182952880859, 0.0036617170553654432, 0.88623046875], [-0.005675075110048056, 0.0019235418876633048, -0.9999819993972778, 1.5026402473449707], [0.5535013675689697, -0.8328347206115723, -0.004743238911032677, -1.14959716796875], [0.0, 0.0, 0.0, 1.0]], [[0.9477317333221436, 0.31900206208229065, -0.006502207834273577, -1.139404296875], [0.0027364620473235846, -0.02850443869829178, -0.9995898604393005, 1.5885647535324097], [-0.31905654072761536, 0.9473252892494202, -0.02788749895989895, -0.10467529296875], [0.0, 0.0, 0.0, 1.0]], [[0.0022355567198246717, 0.9998247623443604, -0.018590515479445457, 0.00234222412109375], [-0.022585591301321983, -0.01853533647954464, -0.9995731115341187, 1.5778732299804688], [-0.9997424483299255, 0.002654471667483449, 0.022540193051099777, -0.0645751953125], [0.0, 0.0, 0.0, 1.0]], [[-0.9348985552787781, 0.3547568619251251, -0.010591985657811165, 1.01611328125], [0.010129466652870178, -0.003160943742841482, -0.999943733215332, 1.552748680114746], [-0.3547704517841339, -0.9349532127380371, -0.0006383386789821088, -0.10784912109375], [0.0, 0.0, 0.0, 1.0]]], "view": [[0.0, -2.0, 100.0], [-2.0, 0.0, 100.0], [0.0, 0.0, 1.0]], "bev": "bev_20f83156211f49fe984de945bad0450f.png", "aux": "aux_20f83156211f49fe984de945bad0450f.npz", "visibility": "visibility_20f83156211f49fe984de945bad0450f.png", "pose": [[0.3911813795566559, -0.9203135967254639, 0.0, 352.4523010253906], [0.9203135967254639, 0.3911813795566559, 0.0, 1061.6480712890625], [0.0, 0.0, 1.0, 0.0], [0.0, 0.0, 0.0, 1.0]], "pose_inverse": [[0.3911813795566559, 0.9203135967254639, 0.0, -1114.9219970703125], [-0.9203135967254639, 0.3911813795566559, 0.0, -90.9302978515625], [0.0, 0.0, 1.0, 0.0], [0.0, 0.0, 0.0, 1.0]], "cam_ids": [0, 1, 2, 3, 4, 5], "cam_channels": ["CAM_FRONT_LEFT", "CAM_FRONT", "CAM_FRONT_RIGHT", "CAM_BACK_LEFT", "CAM_BACK", "CAM_BACK_RIGHT"], "token": "20f83156211f49fe984de945bad0450f", "scene": "scene-0043"}, {"images": ["samples/CAM_FRONT_LEFT/n015-2018-07-24-11-03-52+0800__CAM_FRONT_LEFT__1532401614354844.jpg", "samples/CAM_FRONT/n015-2018-07-24-11-03-52+0800__CAM_FRONT__1532401614362460.jpg", "samples/CAM_FRONT_RIGHT/n015-2018-07-24-11-03-52+0800__CAM_FRONT_RIGHT__1532401614370339.jpg", "samples/CAM_BACK_LEFT/n015-2018-07-24-11-03-52+0800__CAM_BACK_LEFT__1532401614397423.jpg", "samples/CAM_BACK/n015-2018-07-24-11-03-52+0800__CAM_BACK__1532401614387525.jpg", "samples/CAM_BACK_RIGHT/n015-2018-07-24-11-03-52+0800__CAM_BACK_RIGHT__1532401614377897.jpg"], "intrinsics": [[[1272.5979470598488, 0.0, 826.6154927353808], [0.0, 1272.5979470598488, 479.75165386361925], [0.0, 0.0, 1.0]], [[1266.417203046554, 0.0, 816.2670197447984], [0.0, 1266.417203046554, 491.50706579294757], [0.0, 0.0, 1.0]], [[1260.8474446004698, 0.0, 807.968244525554], [0.0, 1260.8474446004698, 495.3344268742088], [0.0, 0.0, 1.0]], [[1256.7414812095406, 0.0, 792.1125740759628], [0.0, 1256.7414812095406, 492.7757465151356], [0.0, 0.0, 1.0]], [[809.2209905677063, 0.0, 829.2196003259838], [0.0, 809.2209905677063, 481.77842384512485], [0.0, 0.0, 1.0]], [[1259.5137405846733, 0.0, 807.2529053838625], [0.0, 1259.5137405846733, 501.19579884916527], [0.0, 0.0, 1.0]]], "extrinsics": [[[0.8208516240119934, -0.5711334347724915, 0.0030082599259912968, -0.7427978515625], [-0.009585857391357422, -0.019043084233999252, -0.9997726678848267, 1.5056819915771484], [0.5710608959197998, 0.8206362724304199, -0.021106354892253876, -1.12701416015625], [0.0, 0.0, 0.0, 1.0]], [[0.005901924334466457, -0.9997124075889587, 0.023239465430378914, 0.00722503662109375], [-0.014812489971518517, -0.023324720561504364, -0.9996182322502136, 1.5172615051269531], [0.9998728632926941, 0.00555544113740325, -0.014945891685783863, -1.469970703125], [0.0, 0.0, 0.0, 1.0]], [[-0.832871675491333, -0.5533545017242432, 0.011117998510599136, 0.88861083984375], [-0.009137292392551899, -0.006337923929095268, -0.9999381303787231, 1.5020675659179688], [0.5533907413482666, -0.8329217433929443, 0.00022251697373576462, -1.15252685546875], [0.0, 0.0, 0.0, 1.0]], [[0.9476722478866577, 0.31900733709335327, -0.01231116522103548, -1.1370849609375], [-0.0003751023905351758, -0.03745070472359657, -0.9992983937263489, 1.5885577201843262], [-0.3192445933818817, 0.9470120668411255, -0.035371333360672, -0.10546875], [0.0, 0.0, 0.0, 1.0]], [[0.0021743623074144125, 0.9996263980865479, -0.02724675089120865, 0.00273895263671875], [-0.02580678090453148, -0.02718164771795273, -0.9992973804473877, 1.5776519775390625], [-0.9996646046638489, 0.002875969745218754, 0.025738034397363663, -0.064453125], [0.0, 0.0, 0.0, 1.0]], [[-0.9348967671394348, 0.3547658622264862, -0.010444710031151772, 1.01861572265625], [0.00678099924698472, -0.011568859219551086, -0.9999101161956787, 1.5523052215576172], [-0.3548547923564911, -0.9348836541175842, 0.008410024456679821, -0.107757568359375], [0.0, 0.0, 0.0, 1.0]]], "view": [[0.0, -2.0, 100.0], [-2.0, 0.0, 100.0], [0.0, 0.0, 1.0]], "bev": "bev_1bce8b98bc384b38aa81257803a88eb6.png", "aux": "aux_1bce8b98bc384b38aa81257803a88eb6.npz", "visibility": "visibility_1bce8b98bc384b38aa81257803a88eb6.png", "pose": [[0.3950570225715637, -0.918656587600708, 0.0, 353.6865539550781], [0.918656587600708, 0.3950570225715637, 0.0, 1064.498046875], [0.0, 0.0, 1.0, 0.0], [0.0, 0.0, 0.0, 1.0]], "pose_inverse": [[0.3950570225715637, 0.918656587600708, 0.0, -1117.634521484375], [-0.918656587600708, 0.3950570225715637, 0.0, -95.62093353271484], [0.0, 0.0, 1.0, 0.0], [0.0, 0.0, 0.0, 1.0]], "cam_ids": [0, 1, 2, 3, 4, 5], "cam_channels": ["CAM_FRONT_LEFT", "CAM_FRONT", "CAM_FRONT_RIGHT", "CAM_BACK_LEFT", "CAM_BACK", "CAM_BACK_RIGHT"], "token": "1bce8b98bc384b38aa81257803a88eb6", "scene": "scene-0043"}, {"images": ["samples/CAM_FRONT_LEFT/n015-2018-07-24-11-03-52+0800__CAM_FRONT_LEFT__1532401614854844.jpg", "samples/CAM_FRONT/n015-2018-07-24-11-03-52+0800__CAM_FRONT__1532401614862460.jpg", "samples/CAM_FRONT_RIGHT/n015-2018-07-24-11-03-52+0800__CAM_FRONT_RIGHT__1532401614870339.jpg", "samples/CAM_BACK_LEFT/n015-2018-07-24-11-03-52+0800__CAM_BACK_LEFT__1532401614897423.jpg", "samples/CAM_BACK/n015-2018-07-24-11-03-52+0800__CAM_BACK__1532401614887525.jpg", "samples/CAM_BACK_RIGHT/n015-2018-07-24-11-03-52+0800__CAM_BACK_RIGHT__1532401614877893.jpg"], "intrinsics": [[[1272.5979470598488, 0.0, 826.6154927353808], [0.0, 1272.5979470598488, 479.75165386361925], [0.0, 0.0, 1.0]], [[1266.417203046554, 0.0, 816.2670197447984], [0.0, 1266.417203046554, 491.50706579294757], [0.0, 0.0, 1.0]], [[1260.8474446004698, 0.0, 807.968244525554], [0.0, 1260.8474446004698, 495.3344268742088], [0.0, 0.0, 1.0]], [[1256.7414812095406, 0.0, 792.1125740759628], [0.0, 1256.7414812095406, 492.7757465151356], [0.0, 0.0, 1.0]], [[809.2209905677063, 0.0, 829.2196003259838], [0.0, 809.2209905677063, 481.77842384512485], [0.0, 0.0, 1.0]], [[1259.5137405846733, 0.0, 807.2529053838625], [0.0, 1259.5137405846733, 501.19579884916527], [0.0, 0.0, 1.0]]], "extrinsics": [[[0.8207405209541321, -0.5713012218475342, 0.00021066676708869636, -0.7587890625], [-0.014044573530554771, -0.020545298233628273, -0.9996902346611023, 1.5047225952148438], [0.5711285471916199, 0.8204833269119263, -0.024886038154363632, -1.1368408203125], [0.0, 0.0, 0.0, 1.0]], [[0.005893615540117025, -0.9996786117553711, 0.0246566329151392, 0.0063323974609375], [-0.019488833844661713, -0.024767206981778145, -0.9995033144950867, 1.5165119171142578], [0.999792754650116, 0.005410169251263142, -0.01962853968143463, -1.4859619140625], [0.0, 0.0, 0.0, 1.0]], [[-0.8328418731689453, -0.5532814264297485, 0.015945369377732277, 0.8985595703125], [-0.014020945876836777, -0.007710539735853672, -0.9998719096183777, 1.501394271850586], [0.5533335208892822, -0.8329587578773499, -0.0013358680298551917, -1.159912109375], [0.0, 0.0, 0.0, 1.0]], [[0.9476020336151123, 0.3189709186553955, -0.017547305673360825, -1.13818359375], [-0.005564166232943535, -0.03844065219163895, -0.9992454051971436, 1.588531494140625], [-0.3194047212600708, 0.9469846487045288, -0.034651633352041245, -0.105072021484375], [0