[{"images": ["samples/CAM_FRONT_LEFT/n008-2018-08-01-15-16-36-0400__CAM_FRONT_LEFT__1533151417604799.jpg", "samples/CAM_FRONT/n008-2018-08-01-15-16-36-0400__CAM_FRONT__1533151417612404.jpg", "samples/CAM_FRONT_RIGHT/n008-2018-08-01-15-16-36-0400__CAM_FRONT_RIGHT__1533151417620482.jpg", "samples/CAM_BACK_LEFT/n008-2018-08-01-15-16-36-0400__CAM_BACK_LEFT__1533151417647405.jpg", "samples/CAM_BACK/n008-2018-08-01-15-16-36-0400__CAM_BACK__1533151417637558.jpg", "samples/CAM_BACK_RIGHT/n008-2018-08-01-15-16-36-0400__CAM_BACK_RIGHT__1533151417628113.jpg"], "intrinsics": [[[1257.8625342125129, 0.0, 827.2410631095686], [0.0, 1257.8625342125129, 450.915498205774], [0.0, 0.0, 1.0]], [[1252.8131021185304, 0.0, 826.588114781398], [0.0, 1252.8131021185304, 469.9846626224581], [0.0, 0.0, 1.0]], [[1256.7485116440405, 0.0, 817.7887570959712], [0.0, 1256.7485116440403, 451.9541780095127], [0.0, 0.0, 1.0]], [[1254.9860565800168, 0.0, 829.5769333630991], [0.0, 1254.9860565800168, 467.1680561863987], [0.0, 0.0, 1.0]], [[796.8910634503094, 0.0, 857.7774326863696], [0.0, 796.8910634503094, 476.8848988407415], [0.0, 0.0, 1.0]], [[1249.9629280788233, 0.0, 825.3768045375984], [0.0, 1249.9629280788233, 462.54816385708756], [0.0, 0.0, 1.0]]], "extrinsics": [[[0.8221731781959534, -0.5687649846076965, -0.023189984261989594, -0.79345703125], [-0.0052694822661578655, 0.03313232585787773, -0.9994370341300964, 1.4868888854980469], [0.5692130327224731, 0.821832537651062, 0.024243414402008057, -1.18896484375], [0.0, 0.0, 0.0, 1.0]], [[0.009714355692267418, -0.9995335936546326, -0.02895287796854973, 0.0087890625], [-0.0032146491575986147, 0.028922880068421364, -0.9995764493942261, 1.4794540405273438], [0.9999476671218872, 0.00980326347053051, -0.002932182978838682, -1.5245590209960938], [0.0, 0.0, 0.0, 1.0]], [[-0.844282329082489, -0.5356904864311218, -0.01493420172482729, 0.95501708984375], [0.004913065582513809, 0.02012912556529045, -0.999785304069519, 1.4938468933105469], [0.5358760952949524, -0.8441745042800903, -0.014362785965204239, -1.190185546875], [0.0, 0.0, 0.0, 1.0]], [[0.9478164911270142, 0.31871873140335083, -0.007894009351730347, -1.145172119140625], [-0.020012693479657173, 0.034766413271427155, -0.9991950392723083, 1.5620651245117188], [-0.3181877136230469, 0.947211503982544, 0.03933059796690941, -0.15576171875], [0.0, 0.0, 0.0, 1.0]], [[0.009511773474514484, 0.9995819330215454, 0.02730342373251915, -0.0286865234375], [-0.018083468079566956, 0.02747214026749134, -0.9994589686393738, 1.5669975280761719], [-0.9997912049293518, 0.009012876078486443, 0.01833721622824669, -0.0141448974609375], [0.0, 0.0, 0.0, 1.0]], [[-0.9235996007919312, 0.38307058811187744, 0.014856799505650997, 1.05389404296875], [-0.014026953838765621, 0.00495957164093852, -0.9998893141746521, 1.546194076538086], [-0.38310185074806213, -0.9237056970596313, 0.0007926522521302104, -0.087158203125], [0.0, 0.0, 0.0, 1.0]]], "view": [[0.0, -2.0, 100.0], [-2.0, 0.0, 100.0], [0.0, 0.0, 1.0]], "bev": "bev_b9db804449d34414ba98868e9034abd3.png", "aux": "aux_b9db804449d34414ba98868e9034abd3.npz", "visibility": "visibility_b9db804449d34414ba98868e9034abd3.png", "pose": [[-0.8483316898345947, -0.5294651389122009, 0.0, 753.3142700195312], [0.5294651389122009, -0.8483316898345947, 0.0, 1417.966796875], [0.0, 0.0, 1.0, 0.0], [0.0, 0.0, 0.0, 1.0]], "pose_inverse": [[-0.8483316898345947, 0.5294651389122009, 0.0, -111.70362854003906], [-0.5294651389122009, -0.8483316898345947, 0.0, 1601.759765625], [0.0, 0.0, 1.0, 0.0], [0.0, 0.0, 0.0, 1.0]], "cam_ids": [0, 1, 2, 3, 4, 5], "cam_channels": ["CAM_FRONT_LEFT", "CAM_FRONT", "CAM_FRONT_RIGHT", "CAM_BACK_LEFT", "CAM_BACK", "CAM_BACK_RIGHT"], "token": "b9db804449d34414ba98868e9034abd3", "scene": "scene-0099"}, {"images": ["samples/CAM_FRONT_LEFT/n008-2018-08-01-15-16-36-0400__CAM_FRONT_LEFT__1533151418105309.jpg", "samples/CAM_FRONT/n008-2018-08-01-15-16-36-0400__CAM_FRONT__1533151418112404.jpg", "samples/CAM_FRONT_RIGHT/n008-2018-08-01-15-16-36-0400__CAM_FRONT_RIGHT__1533151418120482.jpg", "samples/CAM_BACK_LEFT/n008-2018-08-01-15-16-36-0400__CAM_BACK_LEFT__1533151418147405.jpg", "samples/CAM_BACK/n008-2018-08-01-15-16-36-0400__CAM_BACK__1533151418138116.jpg", "samples/CAM_BACK_RIGHT/n008-2018-08-01-15-16-36-0400__CAM_BACK_RIGHT__1533151418128113.jpg"], "intrinsics": [[[1257.8625342125129, 0.0, 827.2410631095686], [0.0, 1257.8625342125129, 450.915498205774], [0.0, 0.0, 1.0]], [[1252.8131021185304, 0.0, 826.588114781398], [0.0, 1252.8131021185304, 469.9846626224581], [0.0, 0.0, 1.0]], [[1256.7485116440405, 0.0, 817.7887570959712], [0.0, 1256.7485116440403, 451.9541780095127], [0.0, 0.0, 1.0]], [[1254.9860565800168, 0.0, 829.5769333630991], [0.0, 1254.9860565800168, 467.1680561863987], [0.0, 0.0, 1.0]], [[796.8910634503094, 0.0, 857.7774326863696], [0.0, 796.8910634503094, 476.8848988407415], [0.0, 0.0, 1.0]], [[1249.9629280788233, 0.0, 825.3768045375984], [0.0, 1249.9629280788233, 462.54816385708756], [0.0, 0.0, 1.0]]], "extrinsics": [[[0.8224326372146606, -0.5686633586883545, -0.015051553025841713, -0.81793212890625], [0.002791507402434945, 0.030493125319480896, -0.999531090259552, 1.4888572692871094], [0.5688556432723999, 0.822005033493042, 0.02666597068309784, -1.206787109375], [0.0, 0.0, 0.0, 1.0]], [[0.01006939448416233, -0.9996049404144287, -0.026242269203066826, 0.0091552734375], [0.0047014071606099606, 0.026290636509656906, -0.9996433258056641, 1.4809989929199219], [0.9999382495880127, 0.009942445904016495, 0.004964281339198351, -1.5467910766601562], [0.0, 0.0, 0.0, 1.0]], [[-0.8441001176834106, -0.5358095765113831, -0.020076636224985123, 0.96893310546875], [0.012671930715441704, 0.017497949302196503, -0.9997665882110596, 1.4948863983154297], [0.5360358953475952, -0.8441575169563293, -0.007980280555784702, -1.1988525390625], [0.0, 0.0, 0.0, 1.0]], [[0.9478878974914551, 0.3185999095439911, -0.0016666415613144636, -1.142242431640625], [-0.012706266716122627, 0.032575320452451706, -0.9993884563446045, 1.5620269775390625], [-0.31835079193115234, 0.9473294615745544, 0.03492596372961998, -0.1566162109375], [0.0, 0.0, 0.0, 1.0]], [[0.009335835464298725, 0.9996451139450073, 0.024952253326773643, -0.02880859375], [-0.01059469860047102, 0.025050824508070946, -0.9996299743652344, 1.5675086975097656], [-0.9999002814292908, 0.009068001993000507, 0.010824807919561863, -0.00661468505859375], [0.0, 0.0, 0.0, 1.0]], [[-0.9236975312232971, 0.38306283950805664, 0.0067620230838656425, 1.0638427734375], [-0.006339393090456724, 0.0023656345438212156, -0.9999771118164062, 1.5471491813659668], [-0.38307005167007446, -0.9237192869186401, 0.00024325454432982951, -0.082763671875], [0.0, 0.0, 0.0, 1.0]]], "view": [[0.0, -2.0, 100.0], [-2.0, 0.0, 100.0], [0.0, 0.0, 1.0]], "bev": "bev_3e0c8a049c7e4cf2b1aa8a8387b045c7.png", "aux": "aux_3e0c8a049c7e4cf2b1aa8a8387b045c7.npz", "visibility": "visibility_3e0c8a049c7e4cf2b1aa8a8387b045c7.png", "pose": [[-0.8498507738113403, -0.527023434638977, 0.0, 750.9255981445312], [0.527023434638977, -0.8498507738113403, 0.0, 1419.4801025390625], [0.0, 0.0, 1.0, 0.0], [0.0, 0.0, 0.0, 1.0]], "pose_inverse": [[-0.8498507738113403, 0.527023434638977, 0.0, -109.924560546875], [-0.527023434638977, -0.8498507738113403, 0.0, 1602.1015625], [0.0, 0.0, 1.0, 0.0], [0.0, 0.0, 0.0, 1.0]], "cam_ids": [0, 1, 2, 3, 4, 5], "cam_channels": ["CAM_FRONT_LEFT", "CAM_FRONT", "CAM_FRONT_RIGHT", "CAM_BACK_LEFT", "CAM_BACK", "CAM_BACK_RIGHT"], "token": "3e0c8a049c7e4cf2b1aa8a8387b045c7", "scene": "scene-0099"}, {"images": ["samples/CAM_FRONT_LEFT/n008-2018-08-01-15-16-36-0400__CAM_FRONT_LEFT__1533151418654799.jpg", "samples/CAM_FRONT/n008-2018-08-01-15-16-36-0400__CAM_FRONT__1533151418662404.jpg", "samples/CAM_FRONT_RIGHT/n008-2018-08-01-15-16-36-0400__CAM_FRONT_RIGHT__1533151418670482.jpg", "samples/CAM_BACK_LEFT/n008-2018-08-01-15-16-36-0400__CAM_BACK_LEFT__1533151418697405.jpg", "samples/CAM_BACK/n008-2018-08-01-15-16-36-0400__CAM_BACK__1533151418687609.jpg", "samples/CAM_BACK_RIGHT/n008-2018-08-01-15-16-36-0400__CAM_BACK_RIGHT__1533151418678113.jpg"], "intrinsics": [[[1257.8625342125129, 0.0, 827.2410631095686], [0.0, 1257.8625342125129, 450.915498205774], [0.0, 0.0, 1.0]], [[1252.8131021185304, 0.0, 826.588114781398], [0.0, 1252.8131021185304, 469.9846626224581], [0.0, 0.0, 1.0]], [[1256.7485116440405, 0.0, 817.7887570959712], [0.0, 1256.7485116440403, 451.9541780095127], [0.0, 0.0, 1.0]], [[1254.9860565800168, 0.0, 829.5769333630991], [0.0, 1254.9860565800168, 467.1680561863987], [0.0, 0.0, 1.0]], [[796.8910634503094, 0.0, 857.7774326863696], [0.0, 796.8910634503094, 476.8848988407415], [0.0, 0.0, 1.0]], [[1249.9629280788233, 0.0, 825.3768045375984], [0.0, 1249.9629280788233, 462.54816385708756], [0.0, 0.0, 1.0]]], "extrinsics": [[[0.8222882151603699, -0.5687351822853088, -0.019557664170861244, -0.82965087890625], [0.0024215690791606903, 0.03786439448595047, -0.9992799162864685, 1.4886741638183594], [0.5690661668777466, 0.8216487765312195, 0.03251267224550247, -1.2161865234375], [0.0, 0.0, 0.0, 1.0]], [[0.009841213002800941, -0.9993789196014404, -0.03383812680840492, 0.009765625], [0.004393051378428936, 0.03388265147805214, -0.999416172504425, 1.4808349609375], [0.9999419450759888, 0.009686789475381374, 0.004723770543932915, -1.5611648559570312], [0.0, 0.0, 0.0, 1.0]], [[-0.844204843044281, -0.5354774594306946, -0.024125589057803154, 0.97857666015625], [0.012508923187851906, 0.02531549148261547, -0.9996012449264526, 1.4947013854980469], [0.5358747243881226, -0.8441700339317322, -0.014673215337097645, -1.2041015625], [0.0, 0.0, 0.0, 1.0]], [[0.9479029178619385, 0.3185575604438782, 0.0010472978465259075, -1.141387939453125], [-0.012566283345222473, 0.04067698493599892, -0.9990932941436768, 1.5620040893554688], [-0.3183113932609558, 0.9470303058624268, 0.042560920119285583, -0.156982421875], [0.0, 0.0, 0.0, 1.0]], [[0.009454930201172829, 0.9994098544120789, 0.03302381560206413, -0.0291748046875], [-0.010606147348880768, 0.03312366455793381, -0.999394953250885, 1.5675010681152344], [-0.9998990893363953, 0.009098948910832405, 0.010913070291280746, -0.0059967041015625], [0.0, 0.0, 0.0, 1.0]], [[-0.9236354827880859, 0.38314175605773926, 0.00999043881893158, 1.07073974609375], [-0.006525067146867514, 0.010343189351260662, -0.9999252557754517, 1.5471630096435547], [-0.3832164406776428, -0.9236317276954651, -0.0070533109828829765, -0.0792236328125], [0.0, 0.0, 0.0, 1.0]]], "view": [[0.0, -2.0, 100.0], [-2.0, 0.0, 100.0], [0.0, 0.0, 1.0]], "bev": "bev_e4908d7239ad42cbafe3281cbb86b1b0.png", "aux": "aux_e4908d7239ad42cbafe3281cbb86b1b0.npz", "visibility": "visibility_e4908d7239ad42cbafe3281cbb86b1b0.png", "pose": [[-0.8515031933784485, -0.5243494510650635, 0.0, 748.54345703125], [0.5243494510650635, -0.8515031933784485, 0.0, 1420.988525390625], [0.0, 0.0, 1.0, 0.0], [0.0, 0.0, 0.0, 1.0]], "pose_inverse": [[-0.8515031933784485, 0.5243494510650635, 0.0, -107.7073974609375], [-0.5243494510650635, -0.8515031933784485, 0.0, 1602.474609375], [0.0, 0.0, 1.0, 0.0], [0.0, 0.0, 0.0, 1.0]], "cam_ids": [0, 1, 2, 3, 4, 5], "cam_channels": ["CAM_FRONT_LEFT", "CAM_FRONT", "CAM_FRONT_RIGHT", "CAM_BACK_LEFT", "CAM_BACK", "CAM_BACK_RIGHT"], "token": "e4908d7239ad42cbafe3281cbb86b1b0", "scene": "scene-0099"}, {"images": ["samples/CAM_FRONT_LEFT/n008-2018-08-01-15-16-36-0400__CAM_FRONT_LEFT__1533151419154799.jpg", "samples/CAM_FRONT/n008-2018-08-01-15-16-36-0400__CAM_FRONT__1533151419162404.jpg", "samples/CAM_FRONT_RIGHT/n008-2018-08-01-15-16-36-0400__CAM_FRONT_RIGHT__1533151419170482.jpg", "samples/CAM_BACK_LEFT/n008-2018-08-01-15-16-36-0400__CAM_BACK_LEFT__1533151419197410.jpg", "samples/CAM_BACK/n008-2018-08-01-15-16-36-0400__CAM_BACK__1533151419187558.jpg", "samples/CAM_BACK_RIGHT/n008-2018-08-01-15-16-36-0400__CAM_BACK_RIGHT__1533151419178113.jpg"], "intrinsics": [[[1257.8625342125129, 0.0, 827.2410631095686], [0.0, 1257.8625342125129, 450.915498205774], [0.0, 0.0, 1.0]], [[1252.8131021185304, 0.0, 826.588114781398], [0.0, 1252.8131021185304, 469.9846626224581], [0.0, 0.0, 1.0]], [[1256.7485116440405, 0.0, 817.7887570959712], [0.0, 1256.7485116440403, 451.9541780095127], [0.0, 0.0, 1.0]], [[1254.9860565800168, 0.0, 829.5769333630991], [0.0, 1254.9860565800168, 467.1680561863987], [0.0, 0.0, 1.0]], [[796.8910634503094, 0.0, 857.7774326863696], [0.0, 796.8910634503094, 476.8848988407415], [0.0, 0.0, 1.0]], [[1249.9629280788233, 0.0, 825.3768045375984], [0.0, 1249.9629280788233, 462.54816385708756], [0.0, 0.0, 1.0]]], "extrinsics": [[[0.8221951127052307, -0.5687728524208069, -0.022200793027877808, -0.85223388671875], [0.00014517655654344708, 0.03921264037489891, -0.9992308616638184, 1.4882469177246094], [0.5692058801651001, 0.8215594291687012, 0.03232301026582718, -1.229736328125], [0.0, 0.0, 0.0, 1.0]], [[0.009710684418678284, -0.9993387460708618, -0.035039398819208145, 0.0084228515625], [0.0022264199797064066, 0.03506257385015488, -0.9993826746940613, 1.4804496765136719], [0.9999503493309021, 0.009626654908061028, 0.0025654290802776814, -1.5823440551757812], [0.0, 0.0, 0.0, 1.0]], [[-0.8442751169204712, -0.5354227423667908, -0.022847430780529976, 0.9915771484375], [0.010340108536183834, 0.026349985972046852, -0.999599277973175, 1.4942588806152344], [0.5358102321624756, -0.8441731333732605, -0.0167103111743927, -1.21337890625], [0.0, 0.0, 0.0, 1.0]], [[0.9479134678840637, 0.3185277283191681, -0.0005307259852997959, -1.140594482421875], [-0.014603461138904095, 0.041794195771217346, -0.9990195035934448, 1.5619964599609375], [-0.318193256855011, 0.9469917416572571, 0.044268883764743805, -0.1571044921875], [0.0, 0.0, 0.0, 1.0]], [[0.009536320343613625, 0.9993755221366882, 0.03402525931596756, -0.0289306640625], [-0.012587394565343857, 0.0341440849006176, -0.9993376135826111, 1.567474365234375], [-0.9998753666877747, 0.009101727977395058, 0.012905143201351166, -0.00121307373046875], [0.0, 0.0, 0.0, 1.0]], [[-0.9236054420471191, 0.38314881920814514, 0.012249007821083069, 1.0811767578125], [-0.008554463274776936, 0.011344997212290764, -0.9998990297317505, 1.5470733642578125], [-0.3832490146160126, -0.9236169457435608, -0.007200668565928936, -0.0758056640625], [0.0, 0.0, 0.0, 1.0]]], "view": [[0.0, -2.0, 100.0], [-2.0, 0.0, 100.0], [0.0, 0.0, 1.0]], "bev": "bev_3078e2541d58490cb8bad9de7801b7cc.png", "aux": "aux_3078e2541d58490cb8bad9de7801b7cc.npz", "visibility": "visibility_3078e2541d58490cb8bad9de7801b7cc.png", "pose": [[-0.8553268313407898, -0.5180888175964355, 0.0, 746.6478271484375], [0.5180888175964355, -0.8553268313407898, 0.0, 1422.166748046875], [0.0, 0.0, 1.0, 0.0], [0.0, 0.0, 0.0, 1.0]], "pose_inverse": [[-0.8553268313407898, 0.5180888175964355, 0.0, -98.1807861328125], [-0.5180888175964355, -0.8553268313407898, 0.0, 1603.247314453125], [0.0, 0.0, 1.0, 0.0], [0.0, 0.0, 0.0, 1.0]], "cam_ids": [0, 1, 2, 3, 4, 5], "cam_channels": ["CAM_FRONT_LEFT", "CAM_FRONT", "CAM_FRONT_RIGHT", "CAM_BACK_LEFT", "CAM_BACK", "CAM_BACK_RIGHT"], "token": "3078e2541d58490cb8bad9de7801b7cc", "scene": "scene-0099"}, {"images": ["samples/CAM_FRONT_LEFT/n008-2018-08-01-15-16-36-0400__CAM_FRONT_LEFT__1533151419654799.jpg", "samples/CAM_FRONT/n008-2018-08-01-15-16-36-0400__CAM_FRONT__1533151419662404.jpg", "samples/CAM_FRONT_RIGHT/n008-2018-08-01-15-16-36-0400__CAM_FRONT_RIGHT__1533151419670482.jpg", "samples/CAM_BACK_LEFT/n008-2018-08-01-15-16-36-0400__CAM_BACK_LEFT__1533151419697415.jpg", "samples/CAM_BACK/n008-2018-08-01-15-16-36-0400__CAM_BACK__1533151419687558.jpg", "samples/CAM_BACK_RIGHT/n008-2018-08-01-15-16-36-0400__CAM_BACK_RIGHT__1533151419678113.jpg"], "intrinsics": [[[1257.8625342125129, 0.0, 827.2410631095686], [0.0, 1257.8625342125129, 450.915498205774], [0.0, 0.0, 1.0]], [[1252.8131021185304, 0.0, 826.588114781398], [0.0, 1252.8131021185304, 469.9846626224581], [0.0, 0.0, 1.0]], [[1256.7485116440405, 0.0, 817.7887570959712], [0.0, 1256.7485116440403, 451.9541780095127], [0.0, 0.0, 1.0]], [[1254.9860565800168, 0.0, 829.5769333630991], [0.0, 1254.9860565800168, 467.1680561863987], [0.0, 0.0, 1.0]], [[796.8910634503094, 0.0, 857.7774326863696], [0.0, 796.8910634503094, 476.8848988407415], [0.0, 0.0, 1.0]], [[1249.9629280788233, 0.0, 825.3768045375984], [0.0, 1249.9629280788233, 462.54816385708756], [0.0, 0.0, 1.0]]], "extrinsics": [[[0.8221065998077393, -0.5686094164848328, -0.028705766424536705, -0.86798095703125], [-0.0017838689964264631, 0.047847095876932144, -0.9988530278205872, 1.4878921508789062], [0.5693308115005493, 0.8212149143218994, 0.03832108899950981, -1.2413330078125], [0.0, 0.0, 0.0, 1.0]], [[0.009573552757501602, -0.998992919921875, -0.04383153095841408, 0.0084228515625], [0.0001906391844386235, 0.0438353605568409, -0.9990387558937073, 1.4801025390625], [0.999954104423523, 0.009555988945066929, 0.0006101077888160944, -1.59857177734375], [0.0, 0.0, 0.0, 1.0]], [[-0.8443551659584045, -0.5351583361625671, -0.02587825059890747, 1.00238037109375], [0.008297299966216087, 0.03523334860801697, -0.9993446469306946, 1.4938926696777344], [0.5357194542884827, -0.8440166115760803, -0.02530909702181816, -1.2198486328125], [0.0, 0.0, 0.0, 1.0]], [[0.9479489922523499, 0.31842201948165894, 0.00021157065930310637, -1.1417236328125], [-0.016697624698281288, 0.05037267506122589, -0.998590886592865, 1.5620040893554688], [-0.3179839849472046, 0.9466096758842468, 0.05306762456893921, -0.1568603515625], [0.0, 0.0, 0.0, 1.0]], [[0.009694148786365986, 0.9990381598472595, 0.042763639241456985, -0.029052734375], [-0.014720691367983818, 0.0429035946726799, -0.9989707469940186, 1.5674514770507812], [-0.9998446702957153, 0.009054666385054588, 0.015122449025511742, 0.00415802001953125], [0.0, 0.0, 0.0, 1.0]], [[-0.9235503077507019, 0.38307198882102966, 0.01761995069682598, 1.0897216796875], [-0.010692714713513851, 0.02020529843866825, -0.9997386932373047, 1.5469741821289062], [-0.3833278715610504, -0.9234973788261414, -0.014564529061317444, -0.0718994140625], [0.0, 0.0, 0.0, 1.0]]], "view": [[0.0, -2.0, 100.0], [-2.0, 0.0, 100.0], [0.0, 0.0, 1.0]], "bev": "bev_9d0e1d796b20401a862602bb02d613b4.png", "aux": "aux_9d0e1d796b20401a862602bb02d613b4.npz", "visibility": "visibility_9d0e1d796b20401a862602bb02d613b4.png", "pose": [[-0.8583284616470337, -0.5131005644798279, 0.0, 744.9614868164062], [0.5131005644798279, -0.8583284616470337, 0.0, 1423.2109375], [0.0, 0.0, 1.0, 0.0], [0.0, 0.0, 0.0, 1.0]], "pose_inverse": [[-0.8583284616470337, 0.5131005644798279, 0.0, -90.82869720458984], [-0.5131005644798279, -0.8583284616470337, 0.0, 1603.8226318359375], [0.0, 0.0, 1.0, 0.0], [0.0, 0.0, 0.0, 1.0]], "cam_ids": [0, 1, 2, 3, 4, 5], "cam_channels": ["CAM_FRONT_LEFT", "CAM_FRONT", "CAM_FRONT_RIGHT", "CAM_BACK_LEFT", "CAM_BACK", "CAM_BACK_RIGHT"], "token": "9d0e1d796b20401a862602bb02d613b4", "scene": "scene-0099"}, {"images": ["samples/CAM_FRONT_LEFT/n008-2018-08-01-15-16-36-0400__CAM_FRONT_LEFT__1533151420154799.jpg", "samples/CAM_FRONT/n008-2018-08-01-15-16-36-0400__CAM_FRONT__1533151420162404.jpg", "samples/CAM_FRONT_RIGHT/n008-2018-08-01-15-16-36-0400__CAM_FRONT_RIGHT__1533151420170482.jpg", "samples/CAM_BACK_LEFT/n008-2018-08-01-15-16-36-0400__CAM_BACK_LEFT__1533151420197405.jpg", "samples/CAM_BACK/n008-2018-08-01-15-16-36-0400__CAM_BACK__1533151420187558.jpg", "samples/CAM_BACK_RIGHT/n008-2018-08-01-15-16-36-0400__CAM_BACK_RIGHT__1533151420178113.jpg"], "intrinsics": [[[1257.8625342125129, 0.0, 827.2410631095686], [0.0, 1257.8625342125129, 450.915498205774], [0.0, 0.0, 1.0]], [[1252.8131021185304, 0.0, 826.588114781398], [0.0, 1252.8131021185304, 469.9846626224581], [0.0, 0.0, 1.0]], [[1256.7485116440405, 0.0, 817.7887570959712], [0.0, 1256.7485116440403, 451.9541780095127], [0.0, 0.0, 1.0]], [[1254.9860565800168, 0.0, 829.5769333630991], [0.0, 1254.9860565800168, 467.1680561863987], [0.0, 0.0, 1.0]], [[796.8910634503094, 0.0, 857.7774326863696], [0.0, 796.8910634503094, 476.8848988407415], [0.0, 0.0, 1.0]], [[1249.9629280788233, 0.0, 825.3768045375984], [0.0, 1249.9629280788233, 462.54816385708756], [0.0, 0.0, 1.0]]], "extrinsics": [[[0.821873128414154, -0.5691079497337341, -0.025314342230558395, -0.88848876953125], [0.0009464286267757416, 0.045800819993019104, -0.998950183391571, 1.4883270263671875], [0.5696699619293213, 0.8209863901138306, 0.03818107768893242, -1.2554931640625], [0.0, 0.0, 0.0, 1.0]], [[0.009197174571454525, -0.9991064667701721, -0.04125130921602249, 0.00830078125], [0.003346139332279563, 0.04128357395529747, -0.9991418719291687, 1.48046875], [0.9999521374702454, 0.009051240049302578, 0.003722840454429388, -1.6195220947265625], [0.0, 0.0, 0.0, 1.0]], [[-0.8444861173629761, -0.534887433052063, -0.02717997506260872, 1.0167236328125], [0.011792914010584354, 0.0321657769382, -0.9994129538536072, 1.4940719604492188], [0.5354476571083069, -0.8443109393119812, -0.020855672657489777, -1.228759765625], [0.0, 0.0, 0.0, 1.0]], [[0.9478883743286133, 0.3185882866382599, 0.0030091076623648405, -1.14495849609375], [-0.012323260307312012, 0.046099476516246796, -0.9988608360290527, 1.562042236328125], [-0.3183642029762268, 0.9467715620994568, 0.04762320592999458, -0.1561279296875], [0.0, 0.0, 0.0, 1.0]], [[0.009644618257880211, 0.9991961717605591, 0.03891123831272125, -0.0291748046875], [-0.0105994688346982, 0.03901301324367523, -0.9991824626922607, 1.5676994323730469], [-0.9998974204063416, 0.009224220179021358, 0.010967211797833443, 0.01212310791015625], [0.0, 0.0, 0.0, 1.0]], [[-0.9234898090362549, 0.3834103047847748, 0.012776050716638565, 1.1014404296875], [-0.006876233499497175, 0.01675443723797798, -0.9998360276222229, 1.5473556518554688], [-0.3835614323616028, -0.92342609167099, -0.012836131267249584, -0.067138671875], [0.0, 0.0, 0.0, 1.0]]], "view": [[0.0, -2.0, 100.0], [-2.0, 0.0, 100.0], [0.0, 0.0, 1.0]], "bev": "bev_fe944294f6a44b87a4da95136f86bb79.png", "aux": "aux_fe944294f6a44b87a4da95136f86bb79.npz", "visibility": "visibility_fe944294f6a44b87a4da95136f86bb79.png", "pose": [[-0.8611603379249573, -0.5083335041999817, 0.0, 743.4100341796875], [0.5083335041999817, -0.8611603379249573, 0.0, 1424.159912109375], [0.0, 0.0, 1.0, 0.0], [0.0, 0.0, 0.0, 1.0]], "pose_inverse": [[-0.8611603379249573, 0.5083335041999817, 0.0, -83.75294494628906], [-0.5083335041999817, -0.8611603379249573, 0.0, 1604.3302001953125], [0.0, 0.0, 1.0, 0.0], [0.0, 0.0, 0.0, 1.0]], "cam_ids": [0, 1, 2, 3, 4, 5], "cam_channels": ["CAM_FRONT_LEFT", "CAM_FRONT", "CAM_FRONT_RIGHT", "CAM_BACK_LEFT", "CAM_BACK", "CAM_BACK_RIGHT"], "token": "fe944294f6a44b87a4da95136f86bb79", "scene": "scene-0099"}, {"images": ["samples/CAM_FRONT_LEFT/n008-2018-08-01-15-16-36-0400__CAM_FRONT_LEFT__1533151420654799.jpg", "samples/CAM_FRONT/n008-2018-08-01-15-16-36-0400__CAM_FRONT__1533151420662404.jpg", "samples/CAM_FRONT_RIGHT/n008-2018-08-01-15-16-36-0400__CAM_FRONT_RIGHT__1533151420670482.jpg", "samples/CAM_BACK_LEFT/n008-2018-08-01-15-16-36-0400__CAM_BACK_LEFT__1533151420698848.jpg", "samples/CAM_BACK/n008-2018-08-01-15-16-36-0400__CAM_BACK__1533151420687558.jpg", "samples/CAM_BACK_RIGHT/n008-2018-08-01-15-16-36-0400__CAM_BACK_RIGHT__1533151420678113.jpg"], "intrinsics": [[[1257.8625342125129, 0.0, 827.2410631095686], [0.0, 1257.8625342125129, 450.915498205774], [0.0, 0.0, 1.0]], [[1252.8131021185304, 0.0, 826.588114781398], [0.0, 1252.8131021185304, 469.9846626224581], [0.0, 0.0, 1.0]], [[1256.7485116440405, 0.0, 817.7887570959712], [0.0, 1256.7485116440403, 451.9541780095127], [0.0, 0.0, 1.0]], [[1254.9860565800168, 0.0, 829.5769333630991], [0.0, 1254.9860565800168, 467.1680561863987], [0.0, 0.0, 1.0]], [[796.8910634503094, 0.0, 857.7774326863696], [0.0, 796.8910634503094, 476.8848988407415], [0.0, 0.0, 1.0]], [[1249.9629280788233, 0.0, 825.3768045375984], [0.0, 1249.9629280788233, 462.54816385708756], [0.0, 0.0, 1.0]]], "extrinsics": [[[0.8220970630645752, -0.5691220164299011, -0.016019100323319435, -0.89190673828125], [0.01348078716546297, 0.04758559539914131, -0.9987761378288269, 1.4900894165039062], [0.5691878795623779, 0.8208750486373901, 0.04679218679666519, -1.25634765625], [0.0, 0.0, 0.0, 1.0]], [[0.009699700400233269, -0.9990186095237732, -0.04321831464767456, 0.0074462890625], [0.0161784328520298, 0.04337148368358612, -0.9989280104637146, 1.48193359375], [0.9998220205307007, 0.008990095928311348, 0.016583245247602463, -1.6219367980957031], [0.0, 0.0, 0.0, 1.0]], [[-0.8440920114517212, -0.5347337126731873, -0.039604101330041885, 1.0174560546875], [0.024993030354380608, 0.03454367443919182, -0.9990906119346619, 1.4952278137207031], [0.5356155633926392, -0.8443142771720886, -0.015793422237038612, -1.2303466796875], [0.0, 0.0, 0.0, 1.0]], [[0.9478839039802551, 0.31812888383865356, 0.017609858885407448, -1.144927978515625], [0.0019949765410274267, 0.049342792481184006, -0.9987798929214478, 1.5620346069335938], [-0.31860968470573425, 0.9467625021934509, 0.04613657668232918, -0.15576171875], [0.0, 0.0, 0.0, 1.0]], [[0.009364175610244274, 0.9990738034248352, 0.04199851676821709, -0.0286865234375], [0.0032265952322632074, 0.04196995124220848, -0.9991136193275452, 1.5681610107421875], [-0.9999508857727051, 0.009491359815001488, -0.0028305959422141314, 0.0109405517578125], [0.0, 0.0, 0.0, 1.0]], [[-0.9235250353813171, 0.38353580236434937, 0.0013140621595084667, 1.1024169921875], [0.0066311294212937355, 0.019392715767025948, -0.9997898936271667, 1.5482177734375], [-0.3834807574748993, -0.923322319984436, -0.02045293152332306, -0.0673828125], [0.0, 0.0, 0.0, 1.0]]], "view": [[0.0, -2.0, 100.0], [-2.0, 0.0, 100.0], [0.0, 0.0, 1.0]], "bev": "bev_b32f383e87e246669013e90202455df7.png", "aux": "aux_b32f383e87e246669013e90202455df7.npz", "visibility": "visibility_b32f383e87e246669013e90202455df7.png", "pose": [[-0.8663856387138367, -0.4993755519390106, 0.0, 742.0248413085938], [0.4993755519390106, -0.8663856387138367, 0.0, 1424.9796142578125], [0.0, 0.0, 1.0, 0.0], [0.0, 0.0, 0.0, 1.0]], "pose_inverse": [[-0.8663856387138367, 0.4993755519390106, 0.0, -68.72030639648438], [-0.4993755519390106, -0.8663856387138367, 0.0, 1605.1309814453125], [0.0, 0.0, 1.0, 0.0], [0.0, 0.0, 0.0, 1.0]], "cam_ids": [0, 1, 2, 3, 4, 5], "cam_channels": ["CAM_FRONT_LEFT", "CAM_FRONT", "CAM_FRONT_RIGHT", "CAM_BACK_LEFT", "CAM_BACK", "CAM_BACK_RIGHT"], "token": "b32f383e87e246669013e90202455df7", "scene": "scene-0099"}, {"images": ["samples/CAM_FRONT_LEFT/n008-2018-08-01-15-16-36-0400__CAM_FRONT_LEFT__1533151421154799.jpg", "samples/CAM_FRONT/n008-2018-08-01-15-16-36-0400__CAM_FRONT__1533151421162404.jpg", "samples/CAM_FRONT_RIGHT/n008-2018-08-01-15-16-36-0400__CAM_FRONT_RIGHT__1533151421170482.jpg", "samples/CAM_BACK_LEFT/n008-2018-08-01-15-16-36-0400__CAM_BACK_LEFT__1533151421197405.jpg", "samples/CAM_BACK/n008-2018-08-01-15-16-36-0400__CAM_BACK__1533151421187558.jpg", "samples/CAM_BACK_RIGHT/n008-2018-08-01-15-16-36-0400__CAM_BACK_RIGHT__1533151421178113.jpg"], "intrinsics": [[[1257.8625342125129, 0.0, 827.2410631095686], [0.0, 1257.8625342125129, 450.915498205774], [0.0, 0.0, 1.0]], [[1252.8131021185304, 0.0, 826.588114781398], [0.0, 1252.8131021185304, 469.9846626224581], [0.0, 0.0, 1.0]], [[1256.7485116440405, 0.0, 817.7887570959712], [0.0, 1256.7485116440403, 451.9541780095127], [0.0, 0.0, 1.0]], [[1254.9860565800168, 0.0, 829.5769333630991], [0.0, 1254.9860565800168, 467.1680561863987], [0.0, 0.0, 1.0]], [[796.8910634503094, 0.0, 857.7774326863696], [0.0, 796.8910634503094, 476.8848988407415], [0.0, 0.0, 1.0]], [[1249.9629280788233, 0.0, 825.3768045375984], [0.0, 1249.9629280788233, 462.54816385708756], [0.0, 0.0, 1.0]]], "extrinsics": [[[0.8225167989730835, -0.5687316656112671, -0.003227557521313429, -0.89947509765625], [0.017544250935316086, 0.031044425442814827, -0.9993640184402466, 1.4904861450195312], [0.5684701204299927, 0.821937084197998, 0.0355125330388546, -1.2620849609375], [0.0, 0.0, 0.0, 1.0]], [[0.010386133566498756, -0.9995859861373901, -0.026834338903427124, 0.007568359375], [0.020175116136670113, 0.027039801701903343, -0.9994307160377502, 1.4822578430175781], [0.9997424483299255, 0.009838844649493694, 0.02044760063290596, -1.6296310424804688], [0.0, 0.0, 0.0, 1.0]], [[-0.8437169194221497, -0.5356910228729248, -0.03430580347776413, 1.02215576171875], [0.028912412002682686, 0.01846534200012684, -0.999411404132843, 1.4954147338867188], [0.5360091924667358, -0.8442121148109436, -9.14006814127788e-05, -1.2332763671875], [0.0, 0.0, 0.0, 1.0]], [[0.9477999806404114, 0.3184378147125244, 0.01651003398001194, -1.14117431640625], [0.005907614715397358, 0.03423222154378891, -0.9993964433670044, 1.5620574951171875], [-0.3188107907772064, 0.9473254084587097, 0.030564093962311745, -0.156982421875], [0.0, 0.0, 0.0, 1.0]], [[0.009029366075992584, 0.9996068477630615, 0.02654293179512024, -0.0286865234375], [0.007189475931227207, 0.02647843025624752, -0.9996235370635986, 1.5682830810546875], [-0.9999334216117859, 0.009216753765940666, -0.006947566755115986, 0.0127105712890625], [0.0, 0.0, 0.0, 1.0]], [[-0.923635721206665, 0.38317978382110596, -0.008384255692362785, 1.10577392578125], [0.01055159606039524, 0.003554713446646929, -0.9999380111694336, 1.548436164855957], [-0.38312625885009766, -0.9236668944358826, -0.007326419930905104, -0.06591796875], [0.0, 0.0, 0.0, 1.0]]], "view": [[0.0, -2.0, 100.0], [-2.0, 0.0, 100.0], [0.0, 0.0, 1.0]], "bev": "bev_ecaea9ca526a43a984e46bff7ea85204.png", "aux": "aux_ecaea9ca526a43a984e46bff7ea85204.npz", "visibility": "visibility_ecaea9ca526a43a984e46bff7ea85204.png", "pose": [[-0.8665850162506104, -0.4990294277667999, 0.0, 740.7545776367188], [0.4990294277667999, -0.8665850162506104, 0.0, 1425.729736328125], [0.0, 0.0, 1.0, 0.0], [0.0, 0.0, 0.0, 1.0]], "pose_inverse": [[-0.8665850162506104, 0.4990294277667999, 0.0, -69.55428314208984], [-0.4990294277667999, -0.8665850162506104, 0.0, 1605.1744384765625], [0.0, 0.0, 1.0, 0.0], [0.0, 0.0, 0.0, 1.0]], "cam_ids": [0, 1, 2, 3, 4, 5], "cam_channels": ["CAM_FRONT_LEFT", "CAM_FRONT", "CAM_FRONT_RIGHT", "CAM_BACK_LEFT", "CAM_BACK", "CAM_BACK_RIGHT"], "token": "ecaea9ca526a43a984e46bff7ea85204", "scene": "scene-0099"}, {"images": ["samples/CAM_FRONT_LEFT/n008-2018-08-01-15-16-36-0400__CAM_FRONT_LEFT__1533151421604799.jpg", "samples/CAM_FRONT/n008-2018-08-01-15-16-36-0400__CAM_FRONT__1533151421612404.jpg", "samples/CAM_FRONT_RIGHT/n008-2018-08-01-15-16-36-0400__CAM_FRONT_RIGHT__1533151421620482.jpg", "samples/CAM_BACK_LEFT/n008-2018-08-01-15-16-36-0400__CAM_BACK_LEFT__1533151421647405.jpg", "samples/CAM_BACK/n008-2018-08-01-15-16-36-0400__CAM_BACK__1533151421637558.jpg", "samples/CAM_BACK_RIGHT/n008-2018-08-01-15-16-36-0400__CAM_BACK_RIGHT__1533151421628113.jpg"], "intrinsics": [[[1257.8625342125129, 0.0, 827.2410631095686], [0.0, 1257.8625342125129, 450.915498205774], [0.0, 0.0, 1.0]], [[1252.8131021185304, 0.0, 826.588114781398], [0.0, 1252.8131021185304, 469.9846626224581], [0.0, 0.0, 1.0]], [[1256.7485116440405, 0.0, 817.7887570959712], [0.0, 1256.7485116440403, 451.9541780095127], [0.0, 0.0, 1.0]], [[1254.9860565800168, 0.0, 829.5769333630991], [0.0, 1254.9860565800168, 467.1680561863987], [0.0, 0.0, 1.0]], [[796.8910634503094, 0.0, 857.7774326863696], [0.0, 796.8910634503094, 476.8848988407415], [0.0, 0.0, 1.0]], [[1249.9629280788233, 0.0, 825.3768045375984], [0.0, 1249.9629280788233, 462.54816385708756], [0.0, 0.0, 1.0]]], "extrinsics": [[[0.8224042057991028, -0.568891167640686, -0.0037626069970428944, -0.9112548828125], [0.014817040413618088, 0.02803051471710205, -0.9994972348213196, 1.4899368286132812], [0.5687106251716614, 0.8219349980354309, 0.03148169815540314, -1.2701416015625], [0.0, 0.0, 0.0, 1.0]], [[0.010150138288736343, -0.9996722936630249, -0.023500753566622734, 0.007568359375], [0.016797907650470734, 0.023669110611081123, -0.9995787143707275, 1.4816970825195312], [0.9998073577880859, 0.00975109077990055, 0.017032645642757416, -1.6418876647949219], [0.0, 0.0, 0.0, 1.0]], [[-0.8439046740531921, -0.5357163548469543, -0.028861960396170616, 1.03082275390625], [0.024846186861395836, 0.014713219366967678, -0.9995830059051514, 1.494832992553711], [0.5359175801277161, -0.844269871711731, 0.0008939529652707279, -1.238525390625], [0.0, 0.0, 0.0, 1.0]], [[0.9478628635406494, 0.31855452060699463, 0.008890694007277489, -1.14349365234375], [-0.00039027800085023046, 0.029058976098895073, -0.9995776414871216, 1.562042236328125], [-0.3186783492565155, 0.9474589824676514, 0.027668248862028122, -0.1561279296875], [0.0, 0.0, 0.0, 1.0]], [[0.009171586483716965, 0.9997196793556213, 0.0218316949903965, -0.0289306640625], [0.0016681700944900513, 0.021817287430167198, -0.9997605681419373, 1.5680999755859375], [-0.9999565482139587, 0.009205765090882778, -0.0014676052378490567, 0.01818084716796875], [0.0, 0.0, 0.0, 1.0]], [[-0.9236428141593933, 0.38321372866630554, -0.0055992319248616695, 1.113037109375], [0.00581415556371212, -0.0005974053638055921, -0.9999828934669495, 1.548110008239746], [-0.3832104206085205, -0.9236594438552856, -0.0016762739978730679, -0.062744140625], [0.0, 0.0, 0.0, 1.0]]], "view": [[0.0, -2.0, 100.0], [-2.0, 0.0, 100.0], [0.0, 0.0, 1.0]], "bev": "bev_b92936f399d5405fb98d6f8a2298a504.png", "aux": "aux_b92936f399d5405fb98d6f8a2298a504.npz", "visibility": "visibility_b92936f399d5405fb98d6f8a2298a504.png", "pose": [[-0.866377055644989, -0.49939045310020447, 0.0, 739.7061767578125], [0.49939045310020447, -0.866377055644989, 0.0, 1426.347900390625], [0.0, 0.0, 1.0, 0.0], [0.0, 0.0, 0.0, 1.0]], "pose_inverse": [[-0.866377055644989, 0.49939045310020447, 0.0, -71.44005584716797], [-0.49939045310020447, -0.866377055644989, 0.0, 1605.1572265625], [0.0, 0.0, 1.0, 0.0], [0.0, 0.0, 0.0, 1.0]], "cam_ids": [0, 1, 2, 3, 4, 5], "cam_channels": ["CAM_FRONT_LEFT", "CAM_FRONT", "CAM_FRONT_RIGHT", "CAM_BACK_LEFT", "CAM_BACK", "CAM_BACK_RIGHT"], "token": "b92936f399d5405fb98d6f8a2298a504", "scene": "scene-0099"}, {"images": ["samples/CAM_FRONT_LEFT/n008-2018-08-01-15-16-36-0400__CAM_FRONT_LEFT__1533151422104799.jpg", "samples/CAM_FRONT/n008-2018-08-01-15-16-36-0400__CAM_FRONT__1533151422112404.jpg", "samples/CAM_FRONT_RIGHT/n008-2018-08-01-15-16-36-0400__CAM_FRONT_RIGHT__1533151422120482.jpg", "samples/CAM_BACK_LEFT/n008-2018-08-01-15-16-36-0400__CAM_BACK_LEFT__1533151422147405.jpg", "samples/CAM_BACK/n008-2018-08-01-15-16-36-0400__CAM_BACK__1533151422137558.jpg", "samples/CAM_BACK_RIGHT/n008-2018-08-01-15-16-36-0400__CAM_BACK_RIGHT__1533151422128113.jpg"], "intrinsics": [[[1257.8625342125129, 0.0, 827.2410631095686], [0.0, 1257.8625342125129, 450.915498205774], [0.0, 0.0, 1.0]], [[1252.8131021185304, 0.0, 826.588114781398], [0.0, 1252.8131021185304, 469.9846626224581], [0.0, 0.0, 1.0]], [[1256.7485116440405, 0.0, 817.7887570959712], [0.0, 1256.7485116440403, 451.9541780095127], [0.0, 0.0, 1.0]], [[1254.9860565800168, 0.0, 829.5769333630991], [0.0, 1254.9860565800168, 467.1680561863987], [0.0, 0.0, 1.0]], [[796.8910634503094, 0.0, 857.7774326863696], [0.0, 796.8910634503094, 476.8848988407415], [0.0, 0.0, 1.0]], [[1249.9629280788233, 0.0, 825.3768045375984], [0.0, 1249.9629280788233, 462.54816385708756], [0.0, 0.0, 1.0]]], "extrinsics": [[[0.8226048946380615, -0.5686130523681641, 0.0006322265835478902, -0.916748046875], [0.020452803000807762, 0.028477609157562256, -0.9993851780891418, 1.4904899597167969], [0.5682454109191895, 0.8221120834350586, 0.035055551677942276, -1.2724609375], [0.0, 0.0, 0.0, 1.0]], [[0.010562689043581486, -0.9996547698974609, -0.024055687710642815, 0.0062255859375], [0.02241447940468788, 0.024287689477205276, -0.9994536638259888, 1.482147216796875], [0.999692976474762, 0.010017747059464455, 0.022663284093141556, -1.6464118957519531], [0.0, 0.0, 0.0, 1.0]], [[-0.8436123132705688, -0.5358741879463196, -0.034015338867902756, 1.032958984375], [0.030442211776971817, 0.01551493164151907, -0.9994161128997803, 1.4951553344726562], [0.5360890626907349, -0.8441553115844727, 0.0032246082555502653, -1.2410888671875], [0.0, 0.0, 0.0, 1.0]], [[0.9478048086166382, 0.31852686405181885, 0.014379875734448433, -1.144317626953125], [0.004984493833035231, 0.030291855335235596, -0.9995286464691162, 1.562042236328125], [-0.3188123404979706, 0.9474297165870667, 0.027123071253299713, -0.156005859375], [0.0, 0.0, 0.0, 1.0]], [[0.008981036022305489, 0.9996953010559082, 0.022994209080934525, -0.0284423828125], [0.007130178157240152, 0.022930528968572617, -0.9997116327285767, 1.5682373046875], [-0.9999343156814575, 0.009142345748841763, -0.006922063883394003, 0.01958465576171875], [0.0, 0.0, 0.0, 1.0]], [[-0.9236573576927185, 0.3830798864364624, -0.010334473103284836, 1.11541748046875], [0.011340352706611156, 0.0003675290790852159, -0.9999356269836426, 1.5483680963516235], [-0.3830513656139374, -0.9237150549888611, -0.004683731123805046, -0.0626220703125], [0.0, 0.0, 0.0, 1.0]]], "view": [[0.0, -2.0, 100.0], [-2.0, 0.0, 100.0], [0.0, 0.0, 1.0]], "bev": "bev_9faf87fc638c492d87ccbdb48388450c.png", "aux": "aux_9faf87fc638c492d87ccbdb48388450c.npz", "visibility": "visibility_9faf87fc638c492d87ccbdb48388450c.png", "pose": [[-0.8668220639228821, -0.49861761927604675, 0.0, 738.6058959960938], [0.49861761927604675, -0.8668220639228821, 0.0, 1426.982177734375], [0.0, 0.0, 1.0, 0.0], [0.0, 0.0, 0.0, 1.0]], "pose_inverse": [[-0.8668220639228821, 0.49861761927604675, 0.0, -71.27855682373047], [-0.49861761927604675, -0.8668220639228821, 0.0, 1605.2215576171875], [0.0, 0.0, 1.0, 0.0], [0.0, 0.0, 0.0, 1.0]], "cam_ids": [0, 1, 2, 3, 4, 5], "cam_channels": ["CAM_FRONT_LEFT", "CAM_FRONT", "CAM_FRONT_RIGHT", "CAM_BACK_LEFT", "CAM_BACK", "CAM_BACK_RIGHT"], "token": "9faf87fc638c492d87ccbdb48388450c", "scene": "scene-0099"}, {"images": ["samples/CAM_FRONT_LEFT/n008-2018-08-01-15-16-36-0400__CAM_FRONT_LEFT__1533151422504799.jpg", "samples/CAM_FRONT/n008-2018-08-01-15-16-36-0400__CAM_FRONT__1533151422512404.jpg", "samples/CAM_FRONT_RIGHT/n008-2018-08-01-15-16-36-0400__CAM_FRONT_RIGHT__1533151422520482.jpg", "samples/CAM_BACK_LEFT/n008-2018-08-01-15-16-36-0400__CAM_BACK_LEFT__1533151422547405.jpg", "samples/CAM_BACK/n008-2018-08-01-15-16-36-0400__CAM_BACK__1533151422537558.jpg", "samples/CAM_BACK_RIGHT/n008-2018-08-01-15-16-36-0400__CAM_BACK_RIGHT__1533151422528113.jpg"], "intrinsics": [[[1257.8625342125129, 0.0, 827.2410631095686], [0.0, 1257.8625342125129, 450.915498205774], [0.0, 0.0, 1.0]], [[1252.8131021185304, 0.0, 826.588114781398], [0.0, 1252.8131021185304, 469.9846626224581], [0.0, 0.0, 1.0]], [[1256.7485116440405, 0.0, 817.7887570959712], [0.0, 1256.7485116440403, 451.9541780095127], [0.0, 0.0, 1.0]], [[1254.9860565800168, 0.0, 829.5769333630991], [0.0, 1254.9860565800168, 467.1680561863987], [0.0, 0.0, 1.0]], [[796.8910634503094, 0.0, 857.7774326863696], [0.0, 796.8910634503094, 476.8848988407415], [0.0, 0.0, 1.0]], [[1249.9629280788233, 0.0, 825.3768045375984], [0.0, 1249.9629280788233, 462.54816385708756], [0.0, 0.0, 1.0]]], "extrinsics": [[[0.822550892829895, -0.5686894655227661, 0.0015482420567423105, -0.91754150390625], [0.017479412257671356, 0.022560812532901764, -0.999592661857605, 1.4901542663574219], [0.5684228539466858, 0.8222428560256958, 0.02849777229130268, -1.2728271484375], [0.0, 0.0, 0.0, 1.0]], [[0.01040912140160799, -0.9997804164886475, -0.01818881742656231, 0.0062255859375], [0.019554035738110542, 0.01838984340429306, -0.9996396899223328, 1.4818687438964844], [0.9997546672821045, 0.010049737058579922, 0.019741162657737732, -1.6477279663085938], [0.0, 0.0, 0.0, 1.0]], [[-0.8437437415122986, -0.5359863638877869, -0.0285510066896677, 1.03448486328125], [0.02770177461206913, 0.009637420997023582, -0.9995697736740112, 1.4949188232421875], [0.5360309481620789, -0.8441717028617859, 0.0067162592895329, -1.24169921875], [0.0, 0.0, 0.0, 1.0]], [[0.9478276371955872, 0.3186059594154358, 0.01063455082476139, -1.143829345703125], [0.0028245376888662577, 0.0249650701880455, -0.9996843338012695, 1.5620460510253906], [-0.3187708556652069, 0.9475584626197815, 0.022762667387723923, -0.15625], [0.0, 0.0, 0.0, 1.0]], [[0.009059393778443336, 0.9998080730438232, 0.01737138256430626, -0.028564453125], [0.0047504291869699955, 0.017328869551420212, -0.999