[{"images": ["samples/CAM_FRONT_LEFT/n015-2018-11-14-19-09-14+0800__CAM_FRONT_LEFT__1542193812104844.jpg", "samples/CAM_FRONT/n015-2018-11-14-19-09-14+0800__CAM_FRONT__1542193812112460.jpg", "samples/CAM_FRONT_RIGHT/n015-2018-11-14-19-09-14+0800__CAM_FRONT_RIGHT__1542193812120339.jpg", "samples/CAM_BACK_LEFT/n015-2018-11-14-19-09-14+0800__CAM_BACK_LEFT__1542193812147423.jpg", "samples/CAM_BACK/n015-2018-11-14-19-09-14+0800__CAM_BACK__1542193812137525.jpg", "samples/CAM_BACK_RIGHT/n015-2018-11-14-19-09-14+0800__CAM_BACK_RIGHT__1542193812127893.jpg"], "intrinsics": [[[1272.5979470598488, 0.0, 826.6154927353808], [0.0, 1272.5979470598488, 479.75165386361925], [0.0, 0.0, 1.0]], [[1266.417203046554, 0.0, 816.2670197447984], [0.0, 1266.417203046554, 491.50706579294757], [0.0, 0.0, 1.0]], [[1260.8474446004698, 0.0, 807.968244525554], [0.0, 1260.8474446004698, 495.3344268742088], [0.0, 0.0, 1.0]], [[1256.7414812095406, 0.0, 792.1125740759628], [0.0, 1256.7414812095406, 492.7757465151356], [0.0, 0.0, 1.0]], [[809.2209905677063, 0.0, 829.2196003259838], [0.0, 809.2209905677063, 481.77842384512485], [0.0, 0.0, 1.0]], [[1259.5137405846733, 0.0, 807.2529053838625], [0.0, 1259.5137405846733, 501.19579884916527], [0.0, 0.0, 1.0]]], "extrinsics": [[[0.8206943273544312, -0.5713274478912354, -0.006768848281353712, -0.7740478515625], [0.013459211215376854, 0.031174486503005028, -0.9994233250617981, 1.5113067626953125], [0.5712090134620667, 0.8201298713684082, 0.033274341374635696, -1.1495361328125], [0.0, 0.0, 0.0, 1.0]], [[0.005690581165254116, -0.9996203184127808, -0.026960955932736397, 0.0078125], [0.008149905130267143, 0.027006860822439194, -0.9996020197868347, 1.5220489501953125], [0.9999505877494812, 0.005468582268804312, 0.008300494402647018, -1.50201416015625], [0.0, 0.0, 0.0, 1.0]], [[-0.8326910138130188, -0.5525754690170288, -0.03585945814847946, 0.9097900390625], [0.013758583925664425, 0.044092681258916855, -0.9989327192306519, 1.5056381225585938], [0.5535668730735779, -0.8322956562042236, -0.02911292389035225, -1.1661376953125], [0.0, 0.0, 0.0, 1.0]], [[0.9476239085197449, 0.31837955117225647, 0.025366364046931267, -1.13848876953125], [0.02230319380760193, 0.013263367116451263, -0.999663233757019, 1.588644027709961], [-0.31860873103141785, 0.9478705525398254, 0.0054678041487932205, -0.10498046875], [0.0, 0.0, 0.0, 1.0]], [[0.0024523602332919836, 0.9997214078903198, 0.02347593382000923, 0.00244140625], [-0.0030364678241312504, 0.023483339697122574, -0.9997196197509766, 1.5791778564453125], [-0.999992311000824, 0.0023804365191608667, 0.0030932133086025715, -0.0547027587890625], [0.0, 0.0, 0.0, 1.0]], [[-0.9345564842224121, 0.3555448651313782, -0.013858036138117313, 1.03533935546875], [0.02963057905435562, 0.03895435109734535, -0.9988015294075012, 1.5546188354492188], [-0.35457897186279297, -0.9338471293449402, -0.046940047293901443, -0.10107421875], [0.0, 0.0, 0.0, 1.0]]], "view": [[0.0, -2.0, 100.0], [-2.0, 0.0, 100.0], [0.0, 0.0, 1.0]], "bev": "bev_97829584617b4eae8a15e9fe6dc18570.png", "aux": "aux_97829584617b4eae8a15e9fe6dc18570.npz", "visibility": "visibility_97829584617b4eae8a15e9fe6dc18570.png", "pose": [[-0.816861629486084, -0.5768336653709412, 0.0, 1355.50390625], [0.5768336653709412, -0.816861629486084, 0.0, 1582.1685791015625], [0.0, 0.0, 1.0, 0.0], [0.0, 0.0, 0.0, 1.0]], "pose_inverse": [[-0.816861629486084, 0.5768336653709412, 0.0, 194.6109619140625], [-0.5768336653709412, -0.816861629486084, 0.0, 2074.31298828125], [0.0, 0.0, 1.0, 0.0], [0.0, 0.0, 0.0, 1.0]], "cam_ids": [0, 1, 2, 3, 4, 5], "cam_channels": ["CAM_FRONT_LEFT", "CAM_FRONT", "CAM_FRONT_RIGHT", "CAM_BACK_LEFT", "CAM_BACK", "CAM_BACK_RIGHT"], "token": "97829584617b4eae8a15e9fe6dc18570", "scene": "scene-1012"}, {"images": ["samples/CAM_FRONT_LEFT/n015-2018-11-14-19-09-14+0800__CAM_FRONT_LEFT__1542193812604844.jpg", "samples/CAM_FRONT/n015-2018-11-14-19-09-14+0800__CAM_FRONT__1542193812612460.jpg", "samples/CAM_FRONT_RIGHT/n015-2018-11-14-19-09-14+0800__CAM_FRONT_RIGHT__1542193812620340.jpg", "samples/CAM_BACK_LEFT/n015-2018-11-14-19-09-14+0800__CAM_BACK_LEFT__1542193812647437.jpg", "samples/CAM_BACK/n015-2018-11-14-19-09-14+0800__CAM_BACK__1542193812637525.jpg", "samples/CAM_BACK_RIGHT/n015-2018-11-14-19-09-14+0800__CAM_BACK_RIGHT__1542193812627893.jpg"], "intrinsics": [[[1272.5979470598488, 0.0, 826.6154927353808], [0.0, 1272.5979470598488, 479.75165386361925], [0.0, 0.0, 1.0]], [[1266.417203046554, 0.0, 816.2670197447984], [0.0, 1266.417203046554, 491.50706579294757], [0.0, 0.0, 1.0]], [[1260.8474446004698, 0.0, 807.968244525554], [0.0, 1260.8474446004698, 495.3344268742088], [0.0, 0.0, 1.0]], [[1256.7414812095406, 0.0, 792.1125740759628], [0.0, 1256.7414812095406, 492.7757465151356], [0.0, 0.0, 1.0]], [[809.2209905677063, 0.0, 829.2196003259838], [0.0, 809.2209905677063, 481.77842384512485], [0.0, 0.0, 1.0]], [[1259.5137405846733, 0.0, 807.2529053838625], [0.0, 1259.5137405846733, 501.19579884916527], [0.0, 0.0, 1.0]]], "extrinsics": [[[0.8206292986869812, -0.5713411569595337, -0.011698729358613491, -0.77593994140625], [0.006382199935615063, 0.02963338792324066, -0.9995405077934265, 1.5096588134765625], [0.5714251399040222, 0.8201774954795837, 0.027964439243078232, -1.150634765625], [0.0, 0.0, 0.0, 1.0]], [[0.005490061827003956, -0.9996597766876221, -0.025498028844594955, 0.007568359375], [0.0010794573463499546, 0.025504324585199356, -0.9996742010116577, 1.5207023620605469], [0.9999842643737793, 0.00546087184920907, 0.001219111611135304, -1.503753662109375], [0.0, 0.0, 0.0, 1.0]], [[-0.832938015460968, -0.5525971055030823, -0.029166564345359802, 0.9107666015625], [0.006701101548969746, 0.04263104498386383, -0.9990683794021606, 1.5045852661132812], [0.5533257126808167, -0.8323574662208557, -0.03180600330233574, -1.16650390625], [0.0, 0.0, 0.0, 1.0]], [[0.9477457404136658, 0.3184991180896759, 0.01832990162074566, -1.13763427734375], [0.015342457219958305, 0.011886043474078178, -0.999811589717865, 1.5886287689208984], [-0.3186570405960083, 0.9478485584259033, 0.006378390360623598, -0.1051025390625], [0.0, 0.0, 0.0, 1.0]], [[0.0025636579375714064, 0.9997542500495911, 0.02202402427792549, 0.001953125], [-0.010063450783491135, 0.022048773244023323, -0.9997062683105469, 1.5787849426269531], [-0.9999460577964783, 0.00234134285710752, 0.010117502883076668, -0.054107666015625], [0.0, 0.0, 0.0, 1.0]], [[-0.9346328377723694, 0.3555290102958679, -0.007774407975375652, 1.03607177734375], [0.022581731900572777, 0.03751783072948456, -0.9990407824516296, 1.5538330078125], [-0.35489630699157715, -0.933911919593811, -0.04309386387467384, -0.100830078125], [0.0, 0.0, 0.0, 1.0]]], "view": [[0.0, -2.0, 100.0], [-2.0, 0.0, 100.0], [0.0, 0.0, 1.0]], "bev": "bev_c0ae8baa966744e0b9588db31ee613de.png", "aux": "aux_c0ae8baa966744e0b9588db31ee613de.npz", "visibility": "visibility_c0ae8baa966744e0b9588db31ee613de.png", "pose": [[-0.8180743455886841, -0.5751124620437622, 0.0, 1353.3468017578125], [0.5751124620437622, -0.8180743455886841, 0.0, 1583.71240234375], [0.0, 0.0, 1.0, 0.0], [0.0, 0.0, 0.0, 1.0]], "pose_inverse": [[-0.8180743455886841, 0.5751124620437622, 0.0, 196.3255157470703], [-0.5751124620437622, -0.8180743455886841, 0.0, 2073.921142578125], [0.0, 0.0, 1.0, 0.0], [0.0, 0.0, 0.0, 1.0]], "cam_ids": [0, 1, 2, 3, 4, 5], "cam_channels": ["CAM_FRONT_LEFT", "CAM_FRONT", "CAM_FRONT_RIGHT", "CAM_BACK_LEFT", "CAM_BACK", "CAM_BACK_RIGHT"], "token": "c0ae8baa966744e0b9588db31ee613de", "scene": "scene-1012"}, {"images": ["samples/CAM_FRONT_LEFT/n015-2018-11-14-19-09-14+0800__CAM_FRONT_LEFT__1542193813104844.jpg", "samples/CAM_FRONT/n015-2018-11-14-19-09-14+0800__CAM_FRONT__1542193813112472.jpg", "samples/CAM_FRONT_RIGHT/n015-2018-11-14-19-09-14+0800__CAM_FRONT_RIGHT__1542193813120339.jpg", "samples/CAM_BACK_LEFT/n015-2018-11-14-19-09-14+0800__CAM_BACK_LEFT__1542193813147423.jpg", "samples/CAM_BACK/n015-2018-11-14-19-09-14+0800__CAM_BACK__1542193813137525.jpg", "samples/CAM_BACK_RIGHT/n015-2018-11-14-19-09-14+0800__CAM_BACK_RIGHT__1542193813127893.jpg"], "intrinsics": [[[1272.5979470598488, 0.0, 826.6154927353808], [0.0, 1272.5979470598488, 479.75165386361925], [0.0, 0.0, 1.0]], [[1266.417203046554, 0.0, 816.2670197447984], [0.0, 1266.417203046554, 491.50706579294757], [0.0, 0.0, 1.0]], [[1260.8474446004698, 0.0, 807.968244525554], [0.0, 1260.8474446004698, 495.3344268742088], [0.0, 0.0, 1.0]], [[1256.7414812095406, 0.0, 792.1125740759628], [0.0, 1256.7414812095406, 492.7757465151356], [0.0, 0.0, 1.0]], [[809.2209905677063, 0.0, 829.2196003259838], [0.0, 809.2209905677063, 481.77842384512485], [0.0, 0.0, 1.0]], [[1259.5137405846733, 0.0, 807.2529053838625], [0.0, 1259.5137405846733, 501.19579884916527], [0.0, 0.0, 1.0]]], "extrinsics": [[[0.820690929889679, -0.5711883306503296, -0.014501774683594704, -0.76947021484375], [0.0009397324756719172, 0.026729920879006386, -0.9996421933174133, 1.5084342956542969], [0.5713715553283691, 0.8203837275505066, 0.022473769262433052, -1.145751953125], [0.0, 0.0, 0.0, 1.0]], [[0.00556086516007781, -0.9997263550758362, -0.02272149547934532, 0.007080078125], [-0.004397825337946415, 0.02269717864692211, -0.9997327327728271, 1.5196495056152344], [0.9999749064445496, 0.00565924821421504, -0.004270405974239111, -1.4965667724609375], [0.0, 0.0, 0.0, 1.0]], [[-0.8329870104789734, -0.5528110861778259, -0.02308022603392601, 0.905517578125], [0.001187758520245552, 0.03992760181427002, -0.9992018342018127, 1.5037918090820312], [0.5532913208007812, -0.8323495388031006, -0.03260256350040436, -1.1634521484375], [0.0, 0.0, 0.0, 1.0]], [[0.9477871656417847, 0.3186658024787903, 0.012314091436564922, -1.13665771484375], [0.00971906166523695, 0.009732211008667946, -0.9999054074287415, 1.588613510131836], [-0.31875550746917725, 0.9478171467781067, 0.006126930471509695, -0.1055908203125], [0.0, 0.0, 0.0, 1.0]], [[0.0025497647002339363, 0.9998039603233337, 0.019640030339360237, 0.002685546875], [-0.01562776416540146, 0.019677534699440002, -0.99968421459198, 1.5784187316894531], [-0.9998746514320374, 0.0022420883178710938, 0.01567487046122551, -0.057830810546875], [0.0, 0.0, 0.0, 1.0]], [[-0.9347181916236877, 0.3553723394870758, -0.0035125792492181063, 1.03155517578125], [0.017039809376001358, 0.034942205995321274, -0.9992440342903137, 1.5533370971679688], [-0.35498103499412537, -0.9340715408325195, -0.038716595619916916, -0.1029052734375], [0.0, 0.0, 0.0, 1.0]]], "view": [[0.0, -2.0, 100.0], [-2.0, 0.0, 100.0], [0.0, 0.0, 1.0]], "bev": "bev_b0066edb2cd64addbd6a5b443046f861.png", "aux": "aux_b0066edb2cd64addbd6a5b443046f861.npz", "visibility": "visibility_b0066edb2cd64addbd6a5b443046f861.png", "pose": [[-0.819645345211029, -0.5728713274002075, 0.0, 1351.155029296875], [0.5728713274002075, -0.819645345211029, 0.0, 1585.2685546875], [0.0, 0.0, 1.0, 0.0], [0.0, 0.0, 0.0, 1.0]], "pose_inverse": [[-0.819645345211029, 0.5728713274002075, 0.0, 199.31301879882812], [-0.5728713274002075, -0.819645345211029, 0.0, 2073.39599609375], [0.0, 0.0, 1.0, 0.0], [0.0, 0.0, 0.0, 1.0]], "cam_ids": [0, 1, 2, 3, 4, 5], "cam_channels": ["CAM_FRONT_LEFT", "CAM_FRONT", "CAM_FRONT_RIGHT", "CAM_BACK_LEFT", "CAM_BACK", "CAM_BACK_RIGHT"], "token": "b0066edb2cd64addbd6a5b443046f861", "scene": "scene-1012"}, {"images": ["samples/CAM_FRONT_LEFT/n015-2018-11-14-19-09-14+0800__CAM_FRONT_LEFT__1542193813654844.jpg", "samples/CAM_FRONT/n015-2018-11-14-19-09-14+0800__CAM_FRONT__1542193813662460.jpg", "samples/CAM_FRONT_RIGHT/n015-2018-11-14-19-09-14+0800__CAM_FRONT_RIGHT__1542193813670339.jpg", "samples/CAM_BACK_LEFT/n015-2018-11-14-19-09-14+0800__CAM_BACK_LEFT__1542193813697423.jpg", "samples/CAM_BACK/n015-2018-11-14-19-09-14+0800__CAM_BACK__1542193813687525.jpg", "samples/CAM_BACK_RIGHT/n015-2018-11-14-19-09-14+0800__CAM_BACK_RIGHT__1542193813677893.jpg"], "intrinsics": [[[1272.5979470598488, 0.0, 826.6154927353808], [0.0, 1272.5979470598488, 479.75165386361925], [0.0, 0.0, 1.0]], [[1266.417203046554, 0.0, 816.2670197447984], [0.0, 1266.417203046554, 491.50706579294757], [0.0, 0.0, 1.0]], [[1260.8474446004698, 0.0, 807.968244525554], [0.0, 1260.8474446004698, 495.3344268742088], [0.0, 0.0, 1.0]], [[1256.7414812095406, 0.0, 792.1125740759628], [0.0, 1256.7414812095406, 492.7757465151356], [0.0, 0.0, 1.0]], [[809.2209905677063, 0.0, 829.2196003259838], [0.0, 809.2209905677063, 481.77842384512485], [0.0, 0.0, 1.0]], [[1259.5137405846733, 0.0, 807.2529053838625], [0.0, 1259.5137405846733, 501.19579884916527], [0.0, 0.0, 1.0]]], "extrinsics": [[[0.8206481337547302, -0.5713152885437012, -0.011640782468020916, -0.7711181640625], [-0.0029136273078620434, 0.01618746481835842, -0.9998647570610046, 1.5075454711914062], [0.5714263916015625, 0.8205710649490356, 0.011619613505899906, -1.146728515625], [0.0, 0.0, 0.0, 1.0]], [[0.0055320910178124905, -0.99991375207901, -0.011902288533747196, 0.007080078125], [-0.008402222767472267, 0.01185557246208191, -0.9998944401741028, 1.5188922882080078], [0.9999493956565857, 0.005631458479911089, -0.00833591353148222, -1.4984893798828125], [0.0, 0.0, 0.0, 1.0]], [[-0.8330246806144714, -0.5530725717544556, -0.013439536094665527, 0.906982421875], [-0.0029734934214502573, 0.028768211603164673, -0.9995816349983215, 1.5031700134277344], [0.5532277822494507, -0.8326362371444702, -0.02560918778181076, -1.1644287109375], [0.0, 0.0, 0.0, 1.0]], [[0.9478354454040527, 0.3187350332736969, 0.003980185836553574, -1.13916015625], [0.00507903378456831, -0.002616493497043848, -0.9999836683273315, 1.588571548461914], [-0.31871941685676575, 0.9478402137756348, -0.004098870325833559, -0.1043701171875], [0.0, 0.0, 0.0, 1.0]], [[0.0025492371059954166, 0.9999670386314392, 0.007718386594206095, 0.002685546875], [-0.020118290558457375, 0.0077681345865130424, -0.9997674226760864, 1.5782041549682617], [-0.9997943043708801, 0.0023933828342705965, 0.020137427374720573, -0.055511474609375], [0.0, 0.0, 0.0, 1.0]], [[-0.9347672462463379, 0.35524266958236694, -0.0035687698982656, 1.033203125], [0.012732960283756256, 0.02346242591738701, -0.9996436834335327, 1.5528373718261719], [-0.3550323247909546, -0.9344795942306519, -0.02645520120859146, -0.1021728515625], [0.0, 0.0, 0.0, 1.0]]], "view": [[0.0, -2.0, 100.0], [-2.0, 0.0, 100.0], [0.0, 0.0, 1.0]], "bev": "bev_b430dd416d5e43f3af08a758fa883558.png", "aux": "aux_b430dd416d5e43f3af08a758fa883558.npz", "visibility": "visibility_b430dd416d5e43f3af08a758fa883558.png", "pose": [[-0.8199951648712158, -0.5723704099655151, 0.0, 1348.7120361328125], [0.5723704099655151, -0.8199951648712158, 0.0, 1586.9957275390625], [0.0, 0.0, 1.0, 0.0], [0.0, 0.0, 0.0, 1.0]], "pose_inverse": [[-0.8199951648712158, 0.5723704099655151, 0.0, 197.58798217773438], [-0.5723704099655151, -0.8199951648712158, 0.0, 2073.291748046875], [0.0, 0.0, 1.0, 0.0], [0.0, 0.0, 0.0, 1.0]], "cam_ids": [0, 1, 2, 3, 4, 5], "cam_channels": ["CAM_FRONT_LEFT", "CAM_FRONT", "CAM_FRONT_RIGHT", "CAM_BACK_LEFT", "CAM_BACK", "CAM_BACK_RIGHT"], "token": "b430dd416d5e43f3af08a758fa883558", "scene": "scene-1012"}, {"images": ["samples/CAM_FRONT_LEFT/n015-2018-11-14-19-09-14+0800__CAM_FRONT_LEFT__1542193814154844.jpg", "samples/CAM_FRONT/n015-2018-11-14-19-09-14+0800__CAM_FRONT__1542193814162460.jpg", "samples/CAM_FRONT_RIGHT/n015-2018-11-14-19-09-14+0800__CAM_FRONT_RIGHT__1542193814170339.jpg", "samples/CAM_BACK_LEFT/n015-2018-11-14-19-09-14+0800__CAM_BACK_LEFT__1542193814197423.jpg", "samples/CAM_BACK/n015-2018-11-14-19-09-14+0800__CAM_BACK__1542193814187525.jpg", "samples/CAM_BACK_RIGHT/n015-2018-11-14-19-09-14+0800__CAM_BACK_RIGHT__1542193814177893.jpg"], "intrinsics": [[[1272.5979470598488, 0.0, 826.6154927353808], [0.0, 1272.5979470598488, 479.75165386361925], [0.0, 0.0, 1.0]], [[1266.417203046554, 0.0, 816.2670197447984], [0.0, 1266.417203046554, 491.50706579294757], [0.0, 0.0, 1.0]], [[1260.8474446004698, 0.0, 807.968244525554], [0.0, 1260.8474446004698, 495.3344268742088], [0.0, 0.0, 1.0]], [[1256.7414812095406, 0.0, 792.1125740759628], [0.0, 1256.7414812095406, 492.7757465151356], [0.0, 0.0, 1.0]], [[809.2209905677063, 0.0, 829.2196003259838], [0.0, 809.2209905677063, 481.77842384512485], [0.0, 0.0, 1.0]], [[1259.5137405846733, 0.0, 807.2529053838625], [0.0, 1259.5137405846733, 501.19579884916527], [0.0, 0.0, 1.0]]], "extrinsics": [[[0.8208304047584534, -0.5711703896522522, 0.0013712982181459665, -0.7657470703125], [-0.005847456399351358, -0.0108040701597929, -0.9999245405197144, 1.5068473815917969], [0.5711420774459839, 0.8207603693008423, -0.012208201922476292, -1.1429443359375], [0.0, 0.0, 0.0, 1.0]], [[0.005833499599248171, -0.9998672008514404, 0.015214778482913971, 0.007080078125], [-0.01111255306750536, -0.015278915874660015, -0.9998215436935425, 1.5183334350585938], [0.9999212622642517, 0.005663364659994841, -0.011200208216905594, -1.4931793212890625], [0.0, 0.0, 0.0, 1.0]], [[-0.8329077363014221, -0.5533996224403381, 0.0036992577370256186, 0.9036865234375], [-0.0054431795142591, 0.0015078936703503132, -0.9999840259552002, 1.5027976036071777], [0.5533851385116577, -0.8329144716262817, -0.004268188029527664, -1.1622314453125], [0.0, 0.0, 0.0, 1.0]], [[0.9477715492248535, 0.31888535618782043, -0.00641993572935462, -1.14044189453125], [0.0034477764274924994, -0.03037029318511486, -0.9995327591896057, 1.5885467529296875], [-0.31893131136894226, 0.9473066329956055, -0.029883546754717827, -0.1038818359375], [0.0, 0.0, 0.0, 1.0]], [[0.002373863710090518, 0.9998005628585815, -0.019831998273730278, 0.0029296875], [-0.022051287814974785, -0.019774895161390305, -0.9995612502098083, 1.5780792236328125], [-0.999754011631012, 0.002810167847201228, 0.021999945864081383, -0.0563201904296875], [0.0, 0.0, 0.0, 1.0]], [[-0.9348447322845459, 0.35487985610961914, -0.011207735165953636, 1.03070068359375], [0.010502426885068417, -0.003913705702871084, -0.9999372363090515, 1.5526328086853027], [-0.3549014627933502, -0.9349037408828735, -6.839229899924248e-05, -0.10302734375], [0.0, 0.0, 0.0, 1.0]]], "view": [[0.0, -2.0, 100.0], [-2.0, 0.0, 100.0], [0.0, 0.0, 1.0]], "bev": "bev_4d244ce690bb476389ec3d563f8b0a37.png", "aux": "aux_4d244ce690bb476389ec3d563f8b0a37.npz", "visibility": "visibility_4d244ce690bb476389ec3d563f8b0a37.png", "pose": [[-0.8192591071128845, -0.5734235048294067, 0.0, 1346.45166015625], [0.5734235048294067, -0.8192591071128845, 0.0, 1588.6053466796875], [0.0, 0.0, 1.0, 0.0], [0.0, 0.0, 0.0, 1.0]], "pose_inverse": [[-0.8192591071128845, 0.5734235048294067, 0.0, 192.1492156982422], [-0.5734235048294067, -0.8192591071128845, 0.0, 2073.56640625], [0.0, 0.0, 1.0, 0.0], [0.0, 0.0, 0.0, 1.0]], "cam_ids": [0, 1, 2, 3, 4, 5], "cam_channels": ["CAM_FRONT_LEFT", "CAM_FRONT", "CAM_FRONT_RIGHT", "CAM_BACK_LEFT", "CAM_BACK", "CAM_BACK_RIGHT"], "token": "4d244ce690bb476389ec3d563f8b0a37", "scene": "scene-1012"}, {"images": ["samples/CAM_FRONT_LEFT/n015-2018-11-14-19-09-14+0800__CAM_FRONT_LEFT__1542193814654844.jpg", "samples/CAM_FRONT/n015-2018-11-14-19-09-14+0800__CAM_FRONT__1542193814662460.jpg", "samples/CAM_FRONT_RIGHT/n015-2018-11-14-19-09-14+0800__CAM_FRONT_RIGHT__1542193814670339.jpg", "samples/CAM_BACK_LEFT/n015-2018-11-14-19-09-14+0800__CAM_BACK_LEFT__1542193814697423.jpg", "samples/CAM_BACK/n015-2018-11-14-19-09-14+0800__CAM_BACK__1542193814687525.jpg", "samples/CAM_BACK_RIGHT/n015-2018-11-14-19-09-14+0800__CAM_BACK_RIGHT__1542193814677893.jpg"], "intrinsics": [[[1272.5979470598488, 0.0, 826.6154927353808], [0.0, 1272.5979470598488, 479.75165386361925], [0.0, 0.0, 1.0]], [[1266.417203046554, 0.0, 816.2670197447984], [0.0, 1266.417203046554, 491.50706579294757], [0.0, 0.0, 1.0]], [[1260.8474446004698, 0.0, 807.968244525554], [0.0, 1260.8474446004698, 495.3344268742088], [0.0, 0.0, 1.0]], [[1256.7414812095406, 0.0, 792.1125740759628], [0.0, 1256.7414812095406, 492.7757465151356], [0.0, 0.0, 1.0]], [[809.2209905677063, 0.0, 829.2196003259838], [0.0, 809.2209905677063, 481.77842384512485], [0.0, 0.0, 1.0]], [[1259.5137405846733, 0.0, 807.2529053838625], [0.0, 1259.5137405846733, 501.19579884916527], [0.0, 0.0, 1.0]]], "extrinsics": [[[0.8207156658172607, -0.5709502100944519, 0.021015366539359093, -0.7674560546875], [0.006536409258842468, -0.02739730477333069, -0.9996032118797302, 1.509857177734375], [0.5712993741035461, 0.8205273747444153, -0.01875343546271324, -1.1444091796875], [0.0, 0.0, 0.0, 1.0]], [[0.005569117609411478, -0.9994974136352539, 0.03120460733771324, 0.007080078125], [0.001761281513608992, -0.03119524195790291, -0.9995117783546448, 1.5209236145019531], [0.9999829530715942, 0.005621382966637611, 0.0015866669127717614, -1.49505615234375], [0.0, 0.0, 0.0, 1.0]], [[-0.8329134583473206, -0.5534021854400635, 0.0010151296155527234, 0.9049072265625], [0.007902722805738449, -0.013728327117860317, -0.9998745322227478, 1.504873275756836], [0.5533467531204224, -0.8328009843826294, 0.015807893127202988, -1.1630859375], [0.0, 0.0, 0.0, 1.0]], [[0.9477958083152771, 0.31885990500450134, 0.003389747580513358, -1.1407470703125], [0.01814023219048977, -0.04330186918377876, -0.9988973140716553, 1.5885772705078125], [-0.31836143136024475, 0.9468122124671936, -0.04682552069425583, -0.1041259765625], [0.0, 0.0, 0.0, 1.0]], [[0.0027170407120138407, 0.9994325637817383, -0.03357524052262306, 0.002685546875], [-0.007822390645742416, -0.033553093671798706, -0.9994063377380371, 1.5789260864257812], [-0.9999657273292542, 0.0029780110344290733, 0.007726787123829126, -0.0554351806640625], [0.0, 0.0, 0.0, 1.0]], [[-0.9345875978469849, 0.35453057289123535, -0.02922724187374115, 1.03204345703125], [0.024241359904408455, -0.018497634679079056, -0.9995350241661072, 1.5541572570800781], [-0.35490643978118896, -0.9348614811897278, 0.008693354204297066, -0.1024169921875], [0.0, 0.0, 0.0, 1.0]]], "view": [[0.0, -2.0, 100.0], [-2.0, 0.0, 100.0], [0.0, 0.0, 1.0]], "bev": "bev_f89978ec32ca465aa9de4e6140cf848e.png", "aux": "aux_f89978ec32ca465aa9de4e6140cf848e.npz", "visibility": "visibility_f89978ec32ca465aa9de4e6140cf848e.png", "pose": [[-0.8173660635948181, -0.5761187076568604, 0.0, 1344.1119384765625], [0.5761187076568604, -0.8173660635948181, 0.0, 1590.27685546875], [0.0, 0.0, 1.0, 0.0], [0.0, 0.0, 0.0, 1.0]], "pose_inverse": [[-0.8173660635948181, 0.5761187076568604, 0.0, 182.4431915283203], [-0.5761187076568604, -0.8173660635948181, 0.0, 2074.206298828125], [0.0, 0.0, 1.0, 0.0], [0.0, 0.0, 0.0, 1.0]], "cam_ids": [0, 1, 2, 3, 4, 5], "cam_channels": ["CAM_FRONT_LEFT", "CAM_FRONT", "CAM_FRONT_RIGHT", "CAM_BACK_LEFT", "CAM_BACK", "CAM_BACK_RIGHT"], "token": "f89978ec32ca465aa9de4e6140cf848e", "scene": "scene-1012"}, {"images": ["samples/CAM_FRONT_LEFT/n015-2018-11-14-19-09-14+0800__CAM_FRONT_LEFT__1542193815154844.jpg", "samples/CAM_FRONT/n015-2018-11-14-19-09-14+0800__CAM_FRONT__1542193815162460.jpg", "samples/CAM_FRONT_RIGHT/n015-2018-11-14-19-09-14+0800__CAM_FRONT_RIGHT__1542193815170339.jpg", "samples/CAM_BACK_LEFT/n015-2018-11-14-19-09-14+0800__CAM_BACK_LEFT__1542193815197423.jpg", "samples/CAM_BACK/n015-2018-11-14-19-09-14+0800__CAM_BACK__1542193815187598.jpg", "samples/CAM_BACK_RIGHT/n015-2018-11-14-19-09-14+0800__CAM_BACK_RIGHT__1542193815177893.jpg"], "intrinsics": [[[1272.5979470598488, 0.0, 826.6154927353808], [0.0, 1272.5979470598488, 479.75165386361925], [0.0, 0.0, 1.0]], [[1266.417203046554, 0.0, 816.2670197447984], [0.0, 1266.417203046554, 491.50706579294757], [0.0, 0.0, 1.0]], [[1260.8474446004698, 0.0, 807.968244525554], [0.0, 1260.8474446004698, 495.3344268742088], [0.0, 0.0, 1.0]], [[1256.7414812095406, 0.0, 792.1125740759628], [0.0, 1256.7414812095406, 492.7757465151356], [0.0, 0.0, 1.0]], [[809.2209905677063, 0.0, 829.2196003259838], [0.0, 809.2209905677063, 481.77842384512485], [0.0, 0.0, 1.0]], [[1259.5137405846733, 0.0, 807.2529053838625], [0.0, 1259.5137405846733, 501.19579884916527], [0.0, 0.0, 1.0]]], "extrinsics": [[[0.8205369710922241, -0.5712907314300537, 0.01860216073691845, -0.758056640625], [0.006025203503668308, -0.023897826671600342, -0.9996962547302246, 1.5097999572753906], [0.5715616345405579, 0.8203997611999512, -0.01616690680384636, -1.137939453125], [0.0, 0.0, 0.0, 1.0]], [[0.005353759042918682, -0.9996055960655212, 0.027566885575652122, 0.0078125], [0.0006425681058317423, -0.02756383828818798, -0.9996198415756226, 1.5207061767578125], [0.99998539686203, 0.005369461141526699, 0.0004947438137605786, -1.486572265625], [0.0, 0.0, 0.0, 1.0]], [[-0.8330199718475342, -0.5532426238059998, 0.0003453436656855047, 0.900390625], [0.0061884489841759205, -0.009942150674760342, -0.9999313950538635, 1.5046405792236328], [0.5532082319259644, -0.8329607844352722, 0.011705726385116577, -1.15966796875], [0.0, 0.0, 0.0, 1.0]], [[0.9478141069412231, 0.3188200891017914, 0.0014797834446653724, -1.13922119140625], [0.014645243994891644, -0.03890115022659302, -0.9991357326507568, 1.5886001586914062], [-0.31848692893981934, 0.9470165967941284, -0.04154025763273239, -0.1048583984375], [0.0, 0.0, 0.0, 1.0]], [[0.0027105698827654123, 0.9995635151863098, -0.02941737323999405, 0.002685546875], [-0.010706828907132149, -0.02938678488135338, -0.9995107650756836, 1.5787429809570312], [-0.99993896484375, 0.0030242432840168476, 0.010622499510645866, -0.0566558837890625], [0.0, 0.0, 0.0, 1.0]], [[-0.934598445892334, 0.35477304458618164, -0.025726361200213432, 1.029052734375], [0.021993909031152725, -0.014549990184605122, -0.9996522068977356, 1.5539798736572266], [-0.35502395033836365, -0.9348392486572266, 0.005795552395284176, -0.1036376953125], [0.0, 0.0, 0.0, 1.0]]], "view": [[0.0, -2.0, 100.0], [-2.0, 0.0, 100.0], [0.0, 0.0, 1.0]], "bev": "bev_c8d66018ffe14987a4e983072b4520be.png", "aux": "aux_c8d66018ffe14987a4e983072b4520be.npz", "visibility": "visibility_c8d66018ffe14987a4e983072b4520be.png", "pose": [[-0.8176689743995667, -0.5756886601448059, 0.0, 1341.743408203125], [0.5756886601448059, -0.8176689743995667, 0.0, 1591.9698486328125], [0.0, 0.0, 1.0, 0.0], [0.0, 0.0, 0.0, 1.0]], "pose_inverse": [[-0.8176689743995667, 0.5756886601448059, 0.0, 180.62303161621094], [-0.5756886601448059, -0.8176689743995667, 0.0, 2074.130859375], [0.0, 0.0, 1.0, 0.0], [0.0, 0.0, 0.0, 1.0]], "cam_ids": [0, 1, 2, 3, 4, 5], "cam_channels": ["CAM_FRONT_LEFT", "CAM_FRONT", "CAM_FRONT_RIGHT", "CAM_BACK_LEFT", "CAM_BACK", "CAM_BACK_RIGHT"], "token": "c8d66018ffe14987a4e983072b4520be", "scene": "scene-1012"}, {"images": ["samples/CAM_FRONT_LEFT/n015-2018-11-14-19-09-14+0800__CAM_FRONT_LEFT__1542193815604844.jpg", "samples/CAM_FRONT/n015-2018-11-14-19-09-14+0800__CAM_FRONT__1542193815612460.jpg", "samples/CAM_FRONT_RIGHT/n015-2018-11-14-19-09-14+0800__CAM_FRONT_RIGHT__1542193815620339.jpg", "samples/CAM_BACK_LEFT/n015-2018-11-14-19-09-14+0800__CAM_BACK_LEFT__1542193815647423.jpg", "samples/CAM_BACK/n015-2018-11-14-19-09-14+0800__CAM_BACK__1542193815637525.jpg", "samples/CAM_BACK_RIGHT/n015-2018-11-14-19-09-14+0800__CAM_BACK_RIGHT__1542193815627893.jpg"], "intrinsics": [[[1272.5979470598488, 0.0, 826.6154927353808], [0.0, 1272.5979470598488, 479.75165386361925], [0.0, 0.0, 1.0]], [[1266.417203046554, 0.0, 816.2670197447984], [0.0, 1266.417203046554, 491.50706579294757], [0.0, 0.0, 1.0]], [[1260.8474446004698, 0.0, 807.968244525554], [0.0, 1260.8474446004698, 495.3344268742088], [0.0, 0.0, 1.0]], [[1256.7414812095406, 0.0, 792.1125740759628], [0.0, 1256.7414812095406, 492.7757465151356], [0.0, 0.0, 1.0]], [[809.2209905677063, 0.0, 829.2196003259838], [0.0, 809.2209905677063, 481.77842384512485], [0.0, 0.0, 1.0]], [[1259.5137405846733, 0.0, 807.2529053838625], [0.0, 1259.5137405846733, 501.19579884916527], [0.0, 0.0, 1.0]]], "extrinsics": [[[0.8214227557182312, -0.5700771808624268, 0.0166332945227623, -0.765625], [0.012539886869490147, -0.011104479432106018, -0.9998596906661987, 1.5112972259521484], [0.5701819062232971, 0.8215160369873047, -0.0019727684557437897, -1.14599609375], [0.0, 0.0, 0.0, 1.0]], [[0.006662565749138594, -0.9998631477355957, 0.015141471289098263, 0.00927734375], [0.0074024987407028675, -0.015092078596353531, -0.9998587369918823, 1.5220355987548828], [0.9999504089355469, 0.006773639936000109, 0.0073009333573281765, -1.4949798583984375], [0.0, 0.0, 0.0, 1.0]], [[-0.8323315382003784, -0.5541440844535828, -0.012188131920993328, 0.9063720703125], [0.013172379694879055, 0.002207474783062935, -0.9999107718467712, 1.5056495666503906], [0.5541216135025024, -0.8324177861213684, 0.005462048575282097, -1.162109375], [0.0, 0.0, 0.0, 1.0]], [[0.9475834369659424, 0.3192726969718933, 0.012267453595995903, -1.1436767578125], [0.022378280758857727, -0.028019078075885773, -0.9993568062782288, 1.5885391235351562], [-0.31872352957725525, 0.9472485780715942, -0.03369518741965294, -0.1036376953125], [0.0, 0.0, 0.0, 1.0]], [[0.0022531196009367704, 0.9998350143432617, -0.018025442957878113, 0.001953125], [-0.003218748141080141, -0.018018143251538277, -0.9998325109481812, 1.579193115234375], [-0.999992311000824, 0.0023107517044991255, 0.003177620703354478, -0.0534515380859375], [0.0, 0.0, 0.0, 1.0]], [[-0.9347280859947205, 0.35423704981803894, -0.0282729621976614, 1.03302001953125], [0.029204558581113815, -0.0027170367538928986, -0.9995697140693665, 1.554661512374878], [-0.3541615605354309, -0.9351517558097839, -0.007805645931512117, -0.10107421875], [0.0, 0.0, 0.0, 1.0]]], "view": [[0.0, -2.0, 100.0], [-2.0, 0.0, 100.0], [0.0, 0.0, 1.0]], "bev": "bev_28aaa229770343c680a6901a27e9099a.png", "aux": "aux_28aaa229770343c680a6901a27e9099a.npz", "visibility": "visibility_28aaa229770343c680a6901a27e9099a.png", "pose": [[-0.8159348964691162, -0.5781437754631042, 0.0, 1339.644775390625], [0.5781437754631042, -0.8159348964691162, 0.0, 1593.4722900390625], [0.0, 0.0, 1.0, 0.0], [0.0, 0.0, 0.0, 1.0]], "pose_inverse": [[-0.8159348964691162, 0.5781437754631042, 0.0, 171.8068084716797], [-0.5781437754631042, -0.8159348964691162, 0.0, 2074.677001953125], [0.0, 0.0, 1.0, 0.0], [0.0, 0.0, 0.0, 1.0]], "cam_ids": [0, 1, 2, 3, 4, 5], "cam_channels": ["CAM_FRONT_LEFT", "CAM_FRONT", "CAM_FRONT_RIGHT", "CAM_BACK_LEFT", "CAM_BACK", "CAM_BACK_RIGHT"], "token": "28aaa229770343c680a6901a27e9099a", "scene": "scene-1012"}, {"images": ["samples/CAM_FRONT_LEFT/n015-2018-11-14-19-09-14+0800__CAM_FRONT_LEFT__1542193816104844.jpg", "samples/CAM_FRONT/n015-2018-11-14-19-09-14+0800__CAM_FRONT__1542193816112460.jpg", "samples/CAM_FRONT_RIGHT/n015-2018-11-14-19-09-14+0800__CAM_FRONT_RIGHT__1542193816120339.jpg", "samples/CAM_BACK_LEFT/n015-2018-11-14-19-09-14+0800__CAM_BACK_LEFT__1542193816147423.jpg", "samples/CAM_BACK/n015-2018-11-14-19-09-14+0800__CAM_BACK__1542193816137525.jpg", "samples/CAM_BACK_RIGHT/n015-2018-11-14-19-09-14+0800__CAM_BACK_RIGHT__1542193816127893.jpg"], "intrinsics": [[[1272.5979470598488, 0.0, 826.6154927353808], [0.0, 1272.5979470598488, 479.75165386361925], [0.0, 0.0, 1.0]], [[1266.417203046554, 0.0, 816.2670197447984], [0.0, 1266.417203046554, 491.50706579294757], [0.0, 0.0, 1.0]], [[1260.8474446004698, 0.0, 807.968244525554], [0.0, 1260.8474446004698, 495.3344268742088], [0.0, 0.0, 1.0]], [[1256.7414812095406, 0.0, 792.1125740759628], [0.0, 1256.7414812095406, 492.7757465151356], [0.0, 0.0, 1.0]], [[809.2209905677063, 0.0, 829.2196003259838], [0.0, 809.2209905677063, 481.77842384512485], [0.0, 0.0, 1.0]], [[1259.5137405846733, 0.0, 807.2529053838625], [0.0, 1259.5137405846733, 501.19579884916527], [0.0, 0.0, 1.0]]], "extrinsics": [[[0.8206568956375122, -0.5712580680847168, 0.013654815964400768, -0.75830078125], [0.02234094962477684, 0.00819823332130909, -0.9997167587280273, 1.5138702392578125], [0.5709843039512634, 0.8207295536994934, 0.019490383565425873, -1.13671875], [0.0, 0.0, 0.0, 1.0]], [[0.005852727219462395, -0.9999741315841675, -0.004175665322691202, 0.006591796875], [0.01705126091837883, 0.004274928011000156, -0.9998455047607422, 1.5240726470947266], [0.9998374581336975, 0.00578064052388072, 0.01707584038376808, -1.484710693359375], [0.0, 0.0, 0.0, 1.0]], [[-0.832360029220581, -0.5533755421638489, -0.030856333673000336, 0.8978271484375], [0.022673310711979866, 0.021628744900226593, -0.9995089173316956, 1.5072975158691406], [0.5537711977958679, -0.8326509594917297, -0.005456047132611275, -1.1585693359375], [0.0, 0.0, 0.0, 1.0]], [[0.9473872780799866, 0.31894588470458984, 0.02703254483640194, -1.1402587890625], [0.03129954636096954, -0.008259763941168785, -0.9994759559631348, 1.5886173248291016], [-0.31855544447898865, 0.9477369785308838, -0.017808059230446815, -0.1044921875], [0.0, 0.0, 0.0, 1.0]], [[0.002306080888956785, 0.9999961256980896, 0.0015770052559673786, 0.002197265625], [0.005917449947446585, 0.0015633353032171726, -0.9999812841415405, 1.579716682434082], [-0.9999797940254211, 0.0023153098300099373, -0.005913822911679745, -0.058502197265625], [0.0, 0.0, 0.0, 1.0]], [[-0.9343794584274292, 0.35500508546829224, -0.030107896775007248, 1.0262451171875], [0.038555808365345, 0.016744736582040787, -0.9991161823272705, 1.5559616088867188], [-0.35418710112571716, -0.9347143769264221, -0.02933344617486, -0.1046142578125], [0.0, 0.0, 0.0, 1.0]]], "view": [[0.0, -2.0, 100.0], [-2.0, 0.0, 100.0], [0.0, 0.0, 1.0]], "bev": "bev_25deb30d94064e069ada56e86b64b533.png", "aux": "aux_25deb30d94064e069ada56e86b64b533.npz", "visibility": "visibility_25deb30d94064e069ada56e86b64b533.png", "pose": [[-0.8158596754074097, -0.5782499313354492, 0.0, 1337.24853515625], [0.5782499313354492, -0.8158596754074097, 0.0, 1595.1820068359375], [0.0, 0.0, 1.0, 0.0], [0.0, 0.0, 0.0, 1.0]], "pose_inverse": [[-0.8158596754074097, 0.5782499313354492, 0.0, 168.59323120117188], [-0.5782499313354492, -0.8158596754074097, 0.0, 2074.70849609375], [0.0, 0.0, 1.0, 0.0], [0.0, 0.0, 0.0, 1.0]], "cam_ids": [0, 1, 2, 3, 4, 5], "cam_channels": ["CAM_FRONT_LEFT", "CAM_FRONT", "CAM_FRONT_RIGHT", "CAM_BACK_LEFT", "CAM_BACK", "CAM_BACK_RIGHT"], "token": "25deb30d94064e069ada56e86b64b533", "scene": "scene-1012"}, {"images": ["samples/CAM_FRONT_LEFT/n015-2018-11-14-19-09-14+0800__CAM_FRONT_LEFT__1542193816654844.jpg", "samples/CAM_FRONT/n015-2018-11-14-19-09-14+0800__CAM_FRONT__1542193816662460.jpg", "samples/CAM_FRONT_RIGHT/n015-2018-11-14-19-09-14+0800__CAM_FRONT_RIGHT__1542193816670339.jpg", "samples/CAM_BACK_LEFT/n015-2018-11-14-19-09-14+0800__CAM_BACK_LEFT__1542193816697423.jpg", "samples/CAM_BACK/n015-2018-11-14-19-09-14+0800__CAM_BACK__1542193816687525.jpg", "samples/CAM_BACK_RIGHT/n015-2018-11-14-19-09-14+0800__CAM_BACK_RIGHT__1542193816677893.jpg"], "intrinsics": [[[1272.5979470598488, 0.0, 826.6154927353808], [0.0, 1272.5979470598488, 479.75165386361925], [0.0, 0.0, 1.0]], [[1266.417203046554, 0.0, 816.2670197447984], [0.0, 1266.417203046554, 491.50706579294757], [0.0, 0.0, 1.0]], [[1260.8474446004698, 0.0, 807.968244525554], [0.0, 1260.8474446004698, 495.3344268742088], [0.0, 0.0, 1.0]], [[1256.7414812095406, 0.0, 792.1125740759628], [0.0, 1256.7414812095406, 492.7757465151356], [0.0, 0.0, 1.0]], [[809.2209905677063, 0.0, 829.2196003259838], [0.0, 809.2209905677063, 481.77842384512485], [0.0, 0.0, 1.0]], [[1259.5137405846733, 0.0, 807.2529053838625], [0.0, 1259.5137405846733, 501.19579884916527], [0.0, 0.0, 1.0]]], "extrinsics": [[[0.8214380741119385, -0.5702831149101257, 0.004086134023964405, -0.7518310546875], [0.02131904661655426, 0.02354656346142292, -0.9994953870773315, 1.5137176513671875], [0.5698991417884827, 0.821110725402832, 0.03149993717670441, -1.134521484375], [0.0, 0.0, 0.0, 1.0]], [[0.006892777979373932, -0.9997829794883728, -0.01965906471014023, 0.0078125], [0.01581944152712822, 0.019766096025705338, -0.9996795058250427, 1.5238685607910156], [0.9998511672019958, 0.006579561159014702, 0.015952249988913536, -1.4798736572265625], [0.0, 0.0, 0.0, 1.0]], [[-0.8320035338401794, -0.553446352481842, -0.03830333426594734, 0.8953857421875], [0.021199854090809822, 0.037275057286024094, -0.9990801215171814, 1.507110595703125], [0.5543649792671204, -0.8320502638816833, -0.019279997795820236, -1.15625], [0.0, 0.0, 0.0, 1.0]], [[0.9474663138389587, 0.3184276223182678, 0.030188707634806633, -1.1396484375], [0.029238367453217506, 0.007764780428260565, -0.999542236328125, 1.5886363983154297], [-0.31851622462272644, 0.9479153752326965, -0.001953433733433485, -0.10400390625], [0.0, 0.0, 0.0, 1.0]], [[0.0020839234348386526, 0.999843955039978, 0.017542829737067223, 0.002685546875], [0.004037900362163782, 0.01753431186079979, -0.99983811378479, 1.5796051025390625], [-0.9999896287918091, 0.0021544406190514565, -0.004000729415565729, -0.0603790283203125], [0.0, 0.0, 0.0, 1.0]], [[-0.9346099495887756, 0.35493382811546326, -0.02293562702834606, 1.02392578125], [0.03687547519803047, 0.0325591042637825, -0.998789370059967, 1.5558547973632812], [-0.3537573516368866, -0.934324324131012, -0.043518420308828354, -0.10546875], [0.0, 0.0, 0.0, 1.0]]], "view": [[0.0, -2.0, 100.0], [-2.0, 0.0, 100.0], [0.0, 0.0, 1.0]], "bev": "bev_0551cfea57ca4b05a18b7b7e24a9f8db.png", "aux": "aux_0551cfea57ca4b05a18b7b7e24a9f8db.npz", "visibility": "visibility_0551cfea57ca4b05a18b7b7e24a9f8db.png", "pose": [[-0.8096483945846558, -0.5869151949882507, 0.0, 1334.6553955078125], [0.5869151949882507, -0.8096483945846558, 0.0, 1597.0638427734375], [0.0, 0.0, 1.0, 0.0], [0.0, 0.0, 0.0, 1.0]], "pose_inverse": [[-0.8096483945846558, 0.5869151949882507, 0.0, 143.2605438232422], [-0.5869151949882507, -0.8096483945846558, 0.0, 2076.3896484375], [0.0, 0.0, 1.0, 0.0], [0.0, 0.0, 0.0, 1.0]], "cam_ids": [0, 1, 2, 3, 4, 5], "cam_channels": ["CAM_FRONT_LEFT", "CAM_FRONT", "CAM_FRONT_RIGHT", "CAM_BACK_LEFT", "CAM_BACK", "CAM_BACK_RIGHT"], "token": "0551cfea57ca4b05a18b7b7e24a9f8db", "scene": "scene-1012"}, {"images": ["samples/CAM_FRONT_LEFT/n015-2018-11-14-19-09-14+0800__CAM_FRONT_LEFT__1542193817154844.jpg", "samples/CAM_FRONT/n015-2018-11-14-19-09-14+0800__CAM_FRONT__1542193817162460.jpg", "samples/CAM_FRONT_RIGHT/n015-2018-11-14-19-09-14+0800__CAM_FRONT_RIGHT__1542193817170339.jpg", "samples/CAM_BACK_LEFT/n015-2018-11-14-19-09-14+0800__CAM_BACK_LEFT__1542193817197423.jpg", "samples/CAM_BACK/n015-2018-11-14-19-09-14+0800__CAM_BACK__1542193817187525.jpg", "samples/CAM_BACK_RIGHT/n015-2018-11-14-19-09-14+0800__CAM_BACK_RIGHT__1542193817177893.jpg"], "intrinsics": [[[1272.5979470598488, 0.0, 826.6154927353808], [0.0, 1272.5979470598488, 479.75165386361925], [0.0, 0.0, 1.0]], [[1266.417203046554, 0.0, 816.2670197447984], [0.0, 1266.417203046554, 491.50706579294757], [0.0, 0.0, 1.0]], [[1260.8474446004698, 0.0, 807.968244525554], [0.0, 1260.8474446004698, 495.3344268742088], [0.0, 0.0, 1.0]], [[1256.7414812095406, 0.0, 792.1125740759628], [0.0, 1256.7414812095406, 492.7757465151356], [0.0, 0.0, 1.0]], [[809.2209905677063, 0.0, 829.2196003259838], [0.0, 809.2209905677063, 481.77842384512485], [0.0, 0.0, 1.0]], [[1259.5137405846733, 0.0, 807.2529053838625], [0.0, 1259.5137405846733, 501.19579884916527], [0.0, 0.0, 1.0]]], "extrinsics": [[[0.8210212588310242, -0.5708906054496765, 0.0028243556153029203, -0.7562255859375], [0.01918787695467472, 0.022649770602583885, -0.9995592832565308, 1.5130615234375], [0.5705750584602356, 0.8207135200500488, 0.02955012209713459, -1.137451171875], [0.0, 0.0, 0.0, 1.0]], [[0.006186061073094606, -0.9998114705085754, -0.018401935696601868, 0.0078125], [0.013793079182505608, 0.01848584972321987, -0.9997339844703674, 1.5233917236328125], [0.9998856782913208, 0.005930621176958084, 0.013904833234846592, -1.4835357666015625], [0.0, 0.0, 0.0, 1.0]], [[-0.8323972821235657, -0.5530263781547546, -0.035728298127651215, 0.896728515625], [0.019270868971943855, 0.03554633632302284, -0.9991821646690369, 1.5067520141601562], [0.5538440942764282, -0.8324050903320312, -0.018931375816464424, -1.1573486328125], [0.0, 0.0, 0.0, 1.0]], [[0.9474849104881287, 0.31863024830818176, 0.027330899611115456, -1.136962890625], [0.02734125219285488, 0.0044408515095710754, -0.9996163249015808, 1.5887031555175781], [-0.3186293840408325, 0.9478686451911926, -0.00450411019846797, -0.1055908203125], [0.0, 0.0, 0.0, 1.0]], [[0.0023546721786260605, 0.9998883605003357, 0.014752991497516632, 0.0029296875], [0.0021583535708487034, 0.014747916720807552, -0.9998889565467834, 1.5794906616210938], 