[{"images": ["samples/CAM_FRONT_LEFT/n008-2018-09-18-14-54-39-0400__CAM_FRONT_LEFT__1537297633854799.jpg", "samples/CAM_FRONT/n008-2018-09-18-14-54-39-0400__CAM_FRONT__1537297633862404.jpg", "samples/CAM_FRONT_RIGHT/n008-2018-09-18-14-54-39-0400__CAM_FRONT_RIGHT__1537297633870482.jpg", "samples/CAM_BACK_LEFT/n008-2018-09-18-14-54-39-0400__CAM_BACK_LEFT__1537297633897405.jpg", "samples/CAM_BACK/n008-2018-09-18-14-54-39-0400__CAM_BACK__1537297633887558.jpg", "samples/CAM_BACK_RIGHT/n008-2018-09-18-14-54-39-0400__CAM_BACK_RIGHT__1537297633878113.jpg"], "intrinsics": [[[1257.8625342125129, 0.0, 827.2410631095686], [0.0, 1257.8625342125129, 450.915498205774], [0.0, 0.0, 1.0]], [[1252.8131021185304, 0.0, 826.588114781398], [0.0, 1252.8131021185304, 469.9846626224581], [0.0, 0.0, 1.0]], [[1256.7485116440405, 0.0, 817.7887570959712], [0.0, 1256.7485116440403, 451.9541780095127], [0.0, 0.0, 1.0]], [[1254.9860565800168, 0.0, 829.5769333630991], [0.0, 1254.9860565800168, 467.1680561863987], [0.0, 0.0, 1.0]], [[796.8910634503094, 0.0, 857.7774326863696], [0.0, 796.8910634503094, 476.8848988407415], [0.0, 0.0, 1.0]], [[1249.9629280788233, 0.0, 825.3768045375984], [0.0, 1249.9629280788233, 462.54816385708756], [0.0, 0.0, 1.0]]], "extrinsics": [[[0.8225111365318298, -0.5686694979667664, 0.009511503390967846, -0.8184814453125], [0.004925454501062632, -0.009600844234228134, -0.9999417662620544, 1.4894204139709473], [0.5687277317047119, 0.8225100636482239, -0.005095848813652992, -1.2064208984375], [0.0, 0.0, 0.0, 1.0]], [[0.010250209830701351, -0.9998529553413391, 0.013739995658397675, 0.0085296630859375], [0.007387971505522728, -0.01366461906582117, -0.9998793601989746, 1.481562614440918], [0.999920129776001, 0.01035049557685852, 0.007246820256114006, -1.547607421875], [0.0, 0.0, 0.0, 1.0]], [[-0.8439738750457764, -0.5363823175430298, -0.0014255729038268328, 0.9677734375], [0.015871254727244377, -0.02231595851480961, -0.9996249675750732, 1.4954147338867188], [0.5361493825912476, -0.8436800241470337, 0.027347149327397346, -1.1983642578125], [0.0, 0.0, 0.0, 1.0]], [[0.9478954076766968, 0.31841516494750977, -0.010297298431396484, -1.135009765625], [-0.008509240113198757, -0.007005960214883089, -0.9999392628669739, 1.5619659423828125], [-0.31846800446510315, 0.9479254484176636, -0.0039314450696110725, -0.15899658203125], [0.0, 0.0, 0.0, 1.0]], [[0.00918988510966301, 0.9998501539230347, -0.014665713533759117, -0.028656005859375], [-0.006489913444966078, -0.014606385491788387, -0.9998722076416016, 1.5676813125610352], [-0.9999366402626038, 0.009283887222409248, 0.006354710087180138, -0.0152587890625], [0.0, 0.0, 0.0, 1.0]], [[-0.9237565398216248, 0.3828004002571106, -0.011735469102859497, 1.0614013671875], [-0.0027849737089127302, -0.037355948239564896, -0.9992981553077698, 1.5475406646728516], [-0.38297003507614136, -0.9230754375457764, 0.035573892295360565, -0.08416748046875], [0.0, 0.0, 0.0, 1.0]]], "view": [[0.0, -2.0, 100.0], [-2.0, 0.0, 100.0], [0.0, 0.0, 1.0]], "bev": "bev_2cb385a419864e18aa8e6cb2a80bfaa9.png", "aux": "aux_2cb385a419864e18aa8e6cb2a80bfaa9.npz", "visibility": "visibility_2cb385a419864e18aa8e6cb2a80bfaa9.png", "pose": [[-0.4903543293476105, 0.8715231418609619, 0.0, 813.0963745117188], [-0.8715231418609619, -0.4903543293476105, 0.0, 1884.4912109375], [0.0, 0.0, 1.0, 0.0], [0.0, 0.0, 0.0, 1.0]], "pose_inverse": [[-0.4903543293476105, -0.8715231418609619, 0.0, 2041.0831298828125], [0.8715231418609619, -0.4903543293476105, 0.0, 215.4360809326172], [0.0, 0.0, 1.0, 0.0], [0.0, 0.0, 0.0, 1.0]], "cam_ids": [0, 1, 2, 3, 4, 5], "cam_channels": ["CAM_FRONT_LEFT", "CAM_FRONT", "CAM_FRONT_RIGHT", "CAM_BACK_LEFT", "CAM_BACK", "CAM_BACK_RIGHT"], "token": "2cb385a419864e18aa8e6cb2a80bfaa9", "scene": "scene-0895"}, {"images": ["samples/CAM_FRONT_LEFT/n008-2018-09-18-14-54-39-0400__CAM_FRONT_LEFT__1537297634354799.jpg", "samples/CAM_FRONT/n008-2018-09-18-14-54-39-0400__CAM_FRONT__1537297634362404.jpg", "samples/CAM_FRONT_RIGHT/n008-2018-09-18-14-54-39-0400__CAM_FRONT_RIGHT__1537297634370482.jpg", "samples/CAM_BACK_LEFT/n008-2018-09-18-14-54-39-0400__CAM_BACK_LEFT__1537297634397405.jpg", "samples/CAM_BACK/n008-2018-09-18-14-54-39-0400__CAM_BACK__1537297634387558.jpg", "samples/CAM_BACK_RIGHT/n008-2018-09-18-14-54-39-0400__CAM_BACK_RIGHT__1537297634378113.jpg"], "intrinsics": [[[1257.8625342125129, 0.0, 827.2410631095686], [0.0, 1257.8625342125129, 450.915498205774], [0.0, 0.0, 1.0]], [[1252.8131021185304, 0.0, 826.588114781398], [0.0, 1252.8131021185304, 469.9846626224581], [0.0, 0.0, 1.0]], [[1256.7485116440405, 0.0, 817.7887570959712], [0.0, 1256.7485116440403, 451.9541780095127], [0.0, 0.0, 1.0]], [[1254.9860565800168, 0.0, 829.5769333630991], [0.0, 1254.9860565800168, 467.1680561863987], [0.0, 0.0, 1.0]], [[796.8910634503094, 0.0, 857.7774326863696], [0.0, 796.8910634503094, 476.8848988407415], [0.0, 0.0, 1.0]], [[1249.9629280788233, 0.0, 825.3768045375984], [0.0, 1249.9629280788233, 462.54816385708756], [0.0, 0.0, 1.0]]], "extrinsics": [[[0.8233762383460999, -0.5672553181648254, 0.01652233861386776, -0.80322265625], [0.010761075653135777, -0.013502665795385838, -0.9998509287834167, 1.4909496307373047], [0.5673938393592834, 0.8234313130378723, -0.005013497546315193, -1.1971435546875], [0.0, 0.0, 0.0, 1.0]], [[0.011542972177267075, -0.9997744560241699, 0.01782420091331005, 0.009765625], [0.012740446254611015, -0.01767689362168312, -0.9997625946998596, 1.4827823638916016], [0.9998521208763123, 0.011767273768782616, 0.012533528730273247, -1.5323486328125], [0.0, 0.0, 0.0, 1.0]], [[-0.8433752059936523, -0.5373150110244751, -0.0032836371101439, 0.9576416015625], [0.020742055028676987, -0.026449203491210938, -0.9994349479675293, 1.4964065551757812], [0.5369245409965515, -0.8429667949676514, 0.0334516242146492, -1.1910400390625], [0.0, 0.0, 0.0, 1.0]], [[0.9478015303611755, 0.3187529146671295, -0.008292901329696178, -1.135498046875], [-0.004827613011002541, -0.011659882962703705, -0.9999203681945801, 1.5620031356811523], [-0.31882423162460327, 0.9477660655975342, -0.009512439370155334, -0.1591796875], [0.0, 0.0, 0.0, 1.0]], [[0.008672923780977726, 0.9997802376747131, -0.019083986058831215, -0.0290374755859375], [-0.002585427137091756, -0.019062217324972153, -0.9998149275779724, 1.5679082870483398], [-0.9999590516090393, 0.008720670826733112, 0.002419533673673868, -0.0201416015625], [0.0, 0.0, 0.0, 1.0]], [[-0.9240078330039978, 0.3819752335548401, -0.0174477007240057, 1.0521240234375], [0.0016545981634408236, -0.041635386645793915, -0.9991315007209778, 1.5480523109436035], [-0.38236990571022034, -0.9232341647148132, 0.037839408963918686, -0.08734130859375], [0.0, 0.0, 0.0, 1.0]]], "view": [[0.0, -2.0, 100.0], [-2.0, 0.0, 100.0], [0.0, 0.0, 1.0]], "bev": "bev_3ba4507071ab4f2893c35aff9e0b206b.png", "aux": "aux_3ba4507071ab4f2893c35aff9e0b206b.npz", "visibility": "visibility_3ba4507071ab4f2893c35aff9e0b206b.png", "pose": [[-0.49522536993026733, 0.8687645196914673, 0.0, 811.7775268554688], [-0.8687645196914673, -0.49522536993026733, 0.0, 1882.2022705078125], [0.0, 0.0, 1.0, 0.0], [0.0, 0.0, 0.0, 1.0]], "pose_inverse": [[-0.49522536993026733, -0.8687645196914673, 0.0, 2037.203369140625], [0.8687645196914673, -0.49522536993026733, 0.0, 226.8707733154297], [0.0, 0.0, 1.0, 0.0], [0.0, 0.0, 0.0, 1.0]], "cam_ids": [0, 1, 2, 3, 4, 5], "cam_channels": ["CAM_FRONT_LEFT", "CAM_FRONT", "CAM_FRONT_RIGHT", "CAM_BACK_LEFT", "CAM_BACK", "CAM_BACK_RIGHT"], "token": "3ba4507071ab4f2893c35aff9e0b206b", "scene": "scene-0895"}, {"images": ["samples/CAM_FRONT_LEFT/n008-2018-09-18-14-54-39-0400__CAM_FRONT_LEFT__1537297634754799.jpg", "samples/CAM_FRONT/n008-2018-09-18-14-54-39-0400__CAM_FRONT__1537297634762404.jpg", "samples/CAM_FRONT_RIGHT/n008-2018-09-18-14-54-39-0400__CAM_FRONT_RIGHT__1537297634770482.jpg", "samples/CAM_BACK_LEFT/n008-2018-09-18-14-54-39-0400__CAM_BACK_LEFT__1537297634797405.jpg", "samples/CAM_BACK/n008-2018-09-18-14-54-39-0400__CAM_BACK__1537297634787558.jpg", "samples/CAM_BACK_RIGHT/n008-2018-09-18-14-54-39-0400__CAM_BACK_RIGHT__1537297634778113.jpg"], "intrinsics": [[[1257.8625342125129, 0.0, 827.2410631095686], [0.0, 1257.8625342125129, 450.915498205774], [0.0, 0.0, 1.0]], [[1252.8131021185304, 0.0, 826.588114781398], [0.0, 1252.8131021185304, 469.9846626224581], [0.0, 0.0, 1.0]], [[1256.7485116440405, 0.0, 817.7887570959712], [0.0, 1256.7485116440403, 451.9541780095127], [0.0, 0.0, 1.0]], [[1254.9860565800168, 0.0, 829.5769333630991], [0.0, 1254.9860565800168, 467.1680561863987], [0.0, 0.0, 1.0]], [[796.8910634503094, 0.0, 857.7774326863696], [0.0, 796.8910634503094, 476.8848988407415], [0.0, 0.0, 1.0]], [[1249.9629280788233, 0.0, 825.3768045375984], [0.0, 1249.9629280788233, 462.54816385708756], [0.0, 0.0, 1.0]]], "extrinsics": [[[0.8233972191810608, -0.5673958659172058, 0.008884909562766552, -0.7894287109375], [0.000678240554407239, -0.01467315573245287, -0.9998921155929565, 1.4884819984436035], [0.56746506690979, 0.8233144283294678, -0.011697007343173027, -1.1856689453125], [0.0, 0.0, 0.0, 1.0]], [[0.01154695451259613, -0.9997557401657104, 0.018845509737730026, 0.00860595703125], [0.00237826444208622, -0.018819253891706467, -0.9998201131820679, 1.4806932210922241], [0.9999305009841919, 0.011589757166802883, 0.002160377101972699, -1.517578125], [0.0, 0.0, 0.0, 1.0]], [[-0.8434470295906067, -0.5371767282485962, 0.0061864666640758514, 0.9468994140625], [0.01018522772938013, -0.02750399336218834, -0.9995697736740112, 1.4948244094848633], [0.5371158123016357, -0.8430212736129761, 0.02866942621767521, -1.18560791015625], [0.0, 0.0, 0.0, 1.0]], [[0.9477713704109192, 0.31840038299560547, -0.018724476918578148, -1.127685546875], [-0.01570112816989422, -0.012059423141181469, -0.9998040199279785, 1.5617713928222656], [-0.3185637891292572, 0.9478796720504761, -0.006430332083255053, -0.16082763671875], [0.0, 0.0, 0.0, 1.0]], [[0.008675916120409966, 0.9997652173042297, -0.01985803432762623, -0.02813720703125], [-0.013307721354067326, -0.019741585478186607, -0.9997165203094482, 1.5670928955078125], [-0.9998737573623657, 0.008937791921198368, 0.013133320957422256, -0.0283203125], [0.0, 0.0, 0.0, 1.0]], [[-0.9240899682044983, 0.3820922076702118, -0.007948771119117737, 1.0435791015625], [-0.008993462659418583, -0.042534299194812775, -0.9990545511245728, 1.5466899871826172], [-0.3820689916610718, -0.9231448769569397, 0.04274185374379158, -0.0916748046875], [0.0, 0.0, 0.0, 1.0]]], "view": [[0.0, -2.0, 100.0], [-2.0, 0.0, 100.0], [0.0, 0.0, 1.0]], "bev": "bev_52a0b0fe5d5f41cc8f8fd0235dd26367.png", "aux": "aux_52a0b0fe5d5f41cc8f8fd0235dd26367.npz", "visibility": "visibility_52a0b0fe5d5f41cc8f8fd0235dd26367.png", "pose": [[-0.5062686204910278, 0.8623758554458618, 0.0, 810.6226196289062], [-0.8623758554458618, -0.5062686204910278, 0.0, 1880.2418212890625], [0.0, 0.0, 1.0, 0.0], [0.0, 0.0, 0.0, 1.0]], "pose_inverse": [[-0.5062686204910278, -0.8623758554458618, 0.0, 2031.867919921875], [0.8623758554458618, -0.5062686204910278, 0.0, 252.8460693359375], [0.0, 0.0, 1.0, 0.0], [0.0, 0.0, 0.0, 1.0]], "cam_ids": [0, 1, 2, 3, 4, 5], "cam_channels": ["CAM_FRONT_LEFT", "CAM_FRONT", "CAM_FRONT_RIGHT", "CAM_BACK_LEFT", "CAM_BACK", "CAM_BACK_RIGHT"], "token": "52a0b0fe5d5f41cc8f8fd0235dd26367", "scene": "scene-0895"}, {"images": ["samples/CAM_FRONT_LEFT/n008-2018-09-18-14-54-39-0400__CAM_FRONT_LEFT__1537297635254799.jpg", "samples/CAM_FRONT/n008-2018-09-18-14-54-39-0400__CAM_FRONT__1537297635262404.jpg", "samples/CAM_FRONT_RIGHT/n008-2018-09-18-14-54-39-0400__CAM_FRONT_RIGHT__1537297635270482.jpg", "samples/CAM_BACK_LEFT/n008-2018-09-18-14-54-39-0400__CAM_BACK_LEFT__1537297635297405.jpg", "samples/CAM_BACK/n008-2018-09-18-14-54-39-0400__CAM_BACK__1537297635287558.jpg", "samples/CAM_BACK_RIGHT/n008-2018-09-18-14-54-39-0400__CAM_BACK_RIGHT__1537297635278113.jpg"], "intrinsics": [[[1257.8625342125129, 0.0, 827.2410631095686], [0.0, 1257.8625342125129, 450.915498205774], [0.0, 0.0, 1.0]], [[1252.8131021185304, 0.0, 826.588114781398], [0.0, 1252.8131021185304, 469.9846626224581], [0.0, 0.0, 1.0]], [[1256.7485116440405, 0.0, 817.7887570959712], [0.0, 1256.7485116440403, 451.9541780095127], [0.0, 0.0, 1.0]], [[1254.9860565800168, 0.0, 829.5769333630991], [0.0, 1254.9860565800168, 467.1680561863987], [0.0, 0.0, 1.0]], [[796.8910634503094, 0.0, 857.7774326863696], [0.0, 796.8910634503094, 476.8848988407415], [0.0, 0.0, 1.0]], [[1249.9629280788233, 0.0, 825.3768045375984], [0.0, 1249.9629280788233, 462.54816385708756], [0.0, 0.0, 1.0]]], "extrinsics": [[[0.8226425051689148, -0.5683284401893616, 0.016193829476833344, -0.791259765625], [0.012481159530580044, -0.010423826053738594, -0.9998677968978882, 1.4915447235107422], [0.5684220790863037, 0.8227357864379883, -0.0014816861366853118, -1.1900634765625], [0.0, 0.0, 0.0, 1.0]], [[0.01046037208288908, -0.9998361468315125, 0.014772988855838776, 0.010528564453125], [0.0138305788859725, -0.014627722091972828, -0.9997973442077637, 1.4831676483154297], [0.9998496174812317, 0.010662609711289406, 0.01367530133575201, -1.520751953125], [0.0, 0.0, 0.0, 1.0]], [[-0.8438253402709961, -0.5365909337997437, -0.005394535604864359, 0.9500732421875], [0.021260656416416168, -0.023385485634207726, -0.9995004534721375, 1.4966964721679688], [0.5361966490745544, -0.8435184955596924, 0.03114153817296028, -1.1856689453125], [0.0, 0.0, 0.0, 1.0]], [[0.9478288888931274, 0.31866422295570374, -0.008579054847359657, -1.1318359375], [-0.006282230839133263, -0.00823473371565342, -0.9999463558197021, 1.5619678497314453], [-0.3187178671360016, 0.9478318691253662, -0.005803197156637907, -0.160858154296875], [0.0, 0.0, 0.0, 1.0]], [[0.009040805511176586, 0.9998331665992737, -0.015871988609433174, -0.0294189453125], [-0.003279539290815592, -0.015842903405427933, -0.9998691082000732, 1.5678520202636719], [-0.9999538064002991, 0.009091711603105068, 0.003135759150609374, -0.025634765625], [0.0, 0.0, 0.0, 1.0]], [[-0.9237654209136963, 0.38261157274246216, -0.016303304582834244, 1.045166015625], [0.00168586615473032, -0.03850861266255379, -0.9992567896842957, 1.5480899810791016], [-0.3829551041126251, -0.9231064319610596, 0.034927889704704285, -0.0897216796875], [0.0, 0.0, 0.0, 1.0]]], "view": [[0.0, -2.0, 100.0], [-2.0, 0.0, 100.0], [0.0, 0.0, 1.0]], "bev": "bev_48f1bbef9127446b8b265ae3c5bc2595.png", "aux": "aux_48f1bbef9127446b8b265ae3c5bc2595.npz", "visibility": "visibility_48f1bbef9127446b8b265ae3c5bc2595.png", "pose": [[-0.5168607831001282, 0.8560695052146912, 0.0, 809.1219482421875], [-0.8560695052146912, -0.5168607831001282, 0.0, 1877.781494140625], [0.0, 0.0, 1.0, 0.0], [0.0, 0.0, 0.0, 1.0]], "pose_inverse": [[-0.5168607831001282, -0.8560695052146912, 0.0, 2025.71484375], [0.8560695052146912, -0.5168607831001282, 0.0, 277.886962890625], [0.0, 0.0, 1.0, 0.0], [0.0, 0.0, 0.0, 1.0]], "cam_ids": [0, 1, 2, 3, 4, 5], "cam_channels": ["CAM_FRONT_LEFT", "CAM_FRONT", "CAM_FRONT_RIGHT", "CAM_BACK_LEFT", "CAM_BACK", "CAM_BACK_RIGHT"], "token": "48f1bbef9127446b8b265ae3c5bc2595", "scene": "scene-0895"}, {"images": ["samples/CAM_FRONT_LEFT/n008-2018-09-18-14-54-39-0400__CAM_FRONT_LEFT__1537297635754799.jpg", "samples/CAM_FRONT/n008-2018-09-18-14-54-39-0400__CAM_FRONT__1537297635762404.jpg", "samples/CAM_FRONT_RIGHT/n008-2018-09-18-14-54-39-0400__CAM_FRONT_RIGHT__1537297635770482.jpg", "samples/CAM_BACK_LEFT/n008-2018-09-18-14-54-39-0400__CAM_BACK_LEFT__1537297635797405.jpg", "samples/CAM_BACK/n008-2018-09-18-14-54-39-0400__CAM_BACK__1537297635787558.jpg", "samples/CAM_BACK_RIGHT/n008-2018-09-18-14-54-39-0400__CAM_BACK_RIGHT__1537297635778113.jpg"], "intrinsics": [[[1257.8625342125129, 0.0, 827.2410631095686], [0.0, 1257.8625342125129, 450.915498205774], [0.0, 0.0, 1.0]], [[1252.8131021185304, 0.0, 826.588114781398], [0.0, 1252.8131021185304, 469.9846626224581], [0.0, 0.0, 1.0]], [[1256.7485116440405, 0.0, 817.7887570959712], [0.0, 1256.7485116440403, 451.9541780095127], [0.0, 0.0, 1.0]], [[1254.9860565800168, 0.0, 829.5769333630991], [0.0, 1254.9860565800168, 467.1680561863987], [0.0, 0.0, 1.0]], [[796.8910634503094, 0.0, 857.7774326863696], [0.0, 796.8910634503094, 476.8848988407415], [0.0, 0.0, 1.0]], [[1249.9629280788233, 0.0, 825.3768045375984], [0.0, 1249.9629280788233, 462.54816385708756], [0.0, 0.0, 1.0]]], "extrinsics": [[[0.822070300579071, -0.5691015720367432, 0.017997635528445244, -0.7608642578125], [0.02501866966485977, 0.004525183234363794, -0.9996767044067383, 1.4957008361816406], [0.5688360929489136, 0.8222548961639404, 0.017958180978894234, -1.1661376953125], [0.0, 0.0, 0.0, 1.0]], [[0.009853145107626915, -0.9999514818191528, 0.00011466690921224654, 0.0089569091796875], [0.027663331478834152, 0.0001579560193931684, -0.9996172785758972, 1.4869613647460938], [0.99956876039505, 0.009852556511759758, 0.027663543820381165, -1.4891357421875], [0.0, 0.0, 0.0, 1.0]], [[-0.8437999486923218, -0.5360321402549744, -0.02590659260749817, 0.9283447265625], [0.03631919249892235, -0.008875691331923008, -0.9993008375167847, 1.5000762939453125], [0.535427451133728, -0.844150960445404, 0.026957564055919647, -1.17388916015625], [0.0, 0.0, 0.0, 1.0]], [[0.9478117227554321, 0.31853747367858887, 0.013667136430740356, -1.1282958984375], [0.012800494208931923, 0.004813877400010824, -0.9999064803123474, 1.562255859375], [-0.3185735046863556, 0.9478980302810669, 0.00048521324060857296, -0.160919189453125], [0.0, 0.0, 0.0, 1.0]], [[0.009381802752614021, 0.9999541640281677, -0.001927535398863256, -0.0284423828125], [0.014347793534398079, -0.0020620333962142467, -0.999894917011261, 1.5692157745361328], [-0.9998530745506287, 0.009353064931929111, -0.014366481453180313, -0.0362548828125], [0.0, 0.0, 0.0, 1.0]], [[-0.9233152270317078, 0.3831768035888672, -0.025776296854019165, 1.0289306640625], [0.017818907275795937, -0.024302415549755096, -0.9995458722114563, 1.5503578186035156], [-0.3836292326450348, -0.923355221748352, 0.01561100222170353, -0.0977783203125], [0.0, 0.0, 0.0, 1.0]]], "view": [[0.0, -2.0, 100.0], [-2.0, 0.0, 100.0], [0.0, 0.0, 1.0]], "bev": "bev_311b9a905e0141f3bcbfcebf026fe56d.png", "aux": "aux_311b9a905e0141f3bcbfcebf026fe56d.npz", "visibility": "visibility_311b9a905e0141f3bcbfcebf026fe56d.png", "pose": [[-0.5154498219490051, 0.8569197654724121, 0.0, 807.4913330078125], [-0.8569197654724121, -0.5154498219490051, 0.0, 1875.130859375], [0.0, 0.0, 1.0, 0.0], [0.0, 0.0, 0.0, 1.0]], "pose_inverse": [[-0.5154498219490051, -0.8569197654724121, 0.0, 2023.0579833984375], [0.8569197654724121, -0.5154498219490051, 0.0, 274.58056640625], [0.0, 0.0, 1.0, 0.0], [0.0, 0.0, 0.0, 1.0]], "cam_ids": [0, 1, 2, 3, 4, 5], "cam_channels": ["CAM_FRONT_LEFT", "CAM_FRONT", "CAM_FRONT_RIGHT", "CAM_BACK_LEFT", "CAM_BACK", "CAM_BACK_RIGHT"], "token": "311b9a905e0141f3bcbfcebf026fe56d", "scene": "scene-0895"}, {"images": ["samples/CAM_FRONT_LEFT/n008-2018-09-18-14-54-39-0400__CAM_FRONT_LEFT__1537297636254799.jpg", "samples/CAM_FRONT/n008-2018-09-18-14-54-39-0400__CAM_FRONT__1537297636262404.jpg", "samples/CAM_FRONT_RIGHT/n008-2018-09-18-14-54-39-0400__CAM_FRONT_RIGHT__1537297636270482.jpg", "samples/CAM_BACK_LEFT/n008-2018-09-18-14-54-39-0400__CAM_BACK_LEFT__1537297636297405.jpg", "samples/CAM_BACK/n008-2018-09-18-14-54-39-0400__CAM_BACK__1537297636287558.jpg", "samples/CAM_BACK_RIGHT/n008-2018-09-18-14-54-39-0400__CAM_BACK_RIGHT__1537297636278113.jpg"], "intrinsics": [[[1257.8625342125129, 0.0, 827.2410631095686], [0.0, 1257.8625342125129, 450.915498205774], [0.0, 0.0, 1.0]], [[1252.8131021185304, 0.0, 826.588114781398], [0.0, 1252.8131021185304, 469.9846626224581], [0.0, 0.0, 1.0]], [[1256.7485116440405, 0.0, 817.7887570959712], [0.0, 1256.7485116440403, 451.9541780095127], [0.0, 0.0, 1.0]], [[1254.9860565800168, 0.0, 829.5769333630991], [0.0, 1254.9860565800168, 467.1680561863987], [0.0, 0.0, 1.0]], [[796.8910634503094, 0.0, 857.7774326863696], [0.0, 796.8910634503094, 476.8848988407415], [0.0, 0.0, 1.0]], [[1249.9629280788233, 0.0, 825.3768045375984], [0.0, 1249.9629280788233, 462.54816385708756], [0.0, 0.0, 1.0]]], "extrinsics": [[[0.8224318027496338, -0.5687706470489502, 0.010297298431396484, -0.7462158203125], [0.006617900915443897, -0.008534065447747707, -0.9999417066574097, 1.490386962890625], [0.5688253045082092, 0.8224520087242126, -0.0032546210568398237, -1.1571044921875], [0.0, 0.0, 0.0, 1.0]], [[0.010132137686014175, -0.9998553395271301, 0.013666448183357716, 0.0098876953125], [0.007632183842360973, -0.013589425012469292, -0.9998785257339478, 1.482172966003418], [0.9999195337295532, 0.010235149413347244, 0.007493388839066029, -1.474853515625], [0.0, 0.0, 0.0, 1.0]], [[-0.8440234065055847, -0.5363064408302307, 1.9015655198018067e-05, 0.91943359375], [0.014684993773698807, -0.023146256804466248, -0.9996242523193359, 1.49609375], [0.5361053943634033, -0.843705952167511, 0.02741163782775402, -1.16717529296875], [0.0, 0.0, 0.0, 1.0]], [[0.9478638768196106, 0.3182820677757263, -0.01583436131477356, -1.132080078125], [-0.013466783799231052, -0.009637727402150631, -0.9998628497123718, 1.5618762969970703], [-0.3183910548686981, 0.9479470252990723, -0.0048490166664123535, -0.1597900390625], [0.0, 0.0, 0.0, 1.0]], [[0.009207220748066902, 0.9998128414154053, -0.017020931467413902, -0.028564453125], [-0.01037081889808178, -0.016925260424613953, -0.9998029470443726, 1.5672073364257812], [-0.9999038577079773, 0.009381952695548534, 0.010213041678071022, -0.038818359375], [0.0, 0.0, 0.0, 1.0]], [[-0.9237571358680725, 0.38284599781036377, -0.01008518598973751, 1.021484375], [-0.0052204555831849575, -0.0389186330139637, -0.9992287158966064, 1.5470695495605469], [-0.38294318318367004, -0.9229920506477356, 0.03794999420642853, -0.10015869140625], [0.0, 0.0, 0.0, 1.0]]], "view": [[0.0, -2.0, 100.0], [-2.0, 0.0, 100.0], [0.0, 0.0, 1.0]], "bev": "bev_5be56d90e5f143409e5a6b6b172fd036.png", "aux": "aux_5be56d90e5f143409e5a6b6b172fd036.npz", "visibility": "visibility_5be56d90e5f143409e5a6b6b172fd036.png", "pose": [[-0.5089684724807739, 0.860785186290741, 0.0, 805.7548828125], [-0.860785186290741, -0.5089684724807739, 0.0, 1872.2733154296875], [0.0, 0.0, 1.0, 0.0], [0.0, 0.0, 0.0, 1.0]], "pose_inverse": [[-0.5089684724807739, -0.860785186290741, 0.0, 2021.7288818359375], [0.860785186290741, -0.5089684724807739, 0.0, 259.34625244140625], [0.0, 0.0, 1.0, 0.0], [0.0, 0.0, 0.0, 1.0]], "cam_ids": [0, 1, 2, 3, 4, 5], "cam_channels": ["CAM_FRONT_LEFT", "CAM_FRONT", "CAM_FRONT_RIGHT", "CAM_BACK_LEFT", "CAM_BACK", "CAM_BACK_RIGHT"], "token": "5be56d90e5f143409e5a6b6b172fd036", "scene": "scene-0895"}, {"images": ["samples/CAM_FRONT_LEFT/n008-2018-09-18-14-54-39-0400__CAM_FRONT_LEFT__1537297636754799.jpg", "samples/CAM_FRONT/n008-2018-09-18-14-54-39-0400__CAM_FRONT__1537297636762404.jpg", "samples/CAM_FRONT_RIGHT/n008-2018-09-18-14-54-39-0400__CAM_FRONT_RIGHT__1537297636770482.jpg", "samples/CAM_BACK_LEFT/n008-2018-09-18-14-54-39-0400__CAM_BACK_LEFT__1537297636797405.jpg", "samples/CAM_BACK/n008-2018-09-18-14-54-39-0400__CAM_BACK__1537297636787558.jpg", "samples/CAM_BACK_RIGHT/n008-2018-09-18-14-54-39-0400__CAM_BACK_RIGHT__1537297636778113.jpg"], "intrinsics": [[[1257.8625342125129, 0.0, 827.2410631095686], [0.0, 1257.8625342125129, 450.915498205774], [0.0, 0.0, 1.0]], [[1252.8131021185304, 0.0, 826.588114781398], [0.0, 1252.8131021185304, 469.9846626224581], [0.0, 0.0, 1.0]], [[1256.7485116440405, 0.0, 817.7887570959712], [0.0, 1256.7485116440403, 451.9541780095127], [0.0, 0.0, 1.0]], [[1254.9860565800168, 0.0, 829.5769333630991], [0.0, 1254.9860565800168, 467.1680561863987], [0.0, 0.0, 1.0]], [[796.8910634503094, 0.0, 857.7774326863696], [0.0, 796.8910634503094, 476.8848988407415], [0.0, 0.0, 1.0]], [[1249.9629280788233, 0.0, 825.3768045375984], [0.0, 1249.9629280788233, 462.54816385708756], [0.0, 0.0, 1.0]]], "extrinsics": [[[0.8219360113143921, -0.569463849067688, 0.011495102196931839, -0.730224609375], [0.014085222966969013, 0.00014608736091759056, -0.9999008178710938, 1.4929676055908203], [0.569405734539032, 0.8220163583755493, 0.00814109854400158, -1.1474609375], [0.0, 0.0, 0.0, 1.0]], [[0.009406279772520065, -0.9999493360519409, 0.003577400231733918, 0.01068115234375], [0.016265245154500008, -0.0034240821842104197, -0.9998618364334106, 1.4846515655517578], [0.9998234510421753, 0.009463133290410042, 0.016232214868068695, -1.45947265625], [0.0, 0.0, 0.0, 1.0]], [[-0.8442316055297852, -0.5357842445373535, -0.014426860958337784, 0.9097900390625], [0.024416273459792137, -0.011555763892829418, -0.9996350407600403, 1.4983558654785156], [0.5354219675064087, -0.8442757725715637, 0.022837596014142036, -1.160400390625], [0.0, 0.0, 0.0, 1.0]], [[0.9479212164878845, 0.3185030221939087, 0.0010983457323163748, -1.12841796875], [-0.000579576357267797, 0.005173335783183575, -0.9999864101409912, 1.5620322227478027], [-0.3185044527053833, 0.9479076862335205, 0.005088512320071459, -0.161346435546875], [0.0, 0.0, 0.0, 1.0]], [[0.009491424076259136, 0.9999508261680603, -0.002861701650545001, -0.02886962890625], [0.0014154434902593493, -0.002875261241570115, -0.9999948143959045, 1.5681891441345215], [-0.9999539852142334, 0.00948729831725359, -0.001442665234208107, -0.0445556640625], [0.0, 0.0, 0.0, 1.0]], [[-0.9234722852706909, 0.3833726644515991, -0.014978193677961826, 1.013671875], [0.005370465572923422, -0.026119209825992584, -0.99964439868927, 1.5487060546875], [-0.3836275041103363, -0.9232242703437805, 0.022061478346586227, -0.10308837890625], [0.0, 0.0, 0.0, 1.0]]], "view": [[0.0, -2.0, 100.0], [-2.0, 0.0, 100.0], [0.0, 0.0, 1.0]], "bev": "bev_5de8b6396f2247939c2960f44b13388b.png", "aux": "aux_5de8b6396f2247939c2960f44b13388b.npz", "visibility": "visibility_5de8b6396f2247939c2960f44b13388b.png", "pose": [[-0.5100572109222412, 0.8601404428482056, 0.0, 803.8351440429688], [-0.8601404428482056, -0.5100572109222412, 0.0, 1869.0906982421875], [0.0, 0.0, 1.0, 0.0], [0.0, 0.0, 0.0, 1.0]], "pose_inverse": [[-0.5100572109222412, -0.8601404428482056, 0.0, 2017.6824951171875], [0.8601404428482056, -0.5100572109222412, 0.0, 261.9320983886719], [0.0, 0.0, 1.0, 0.0], [0.0, 0.0, 0.0, 1.0]], "cam_ids": [0, 1, 2, 3, 4, 5], "cam_channels": ["CAM_FRONT_LEFT", "CAM_FRONT", "CAM_FRONT_RIGHT", "CAM_BACK_LEFT", "CAM_BACK", "CAM_BACK_RIGHT"], "token": "5de8b6396f2247939c2960f44b13388b", "scene": "scene-0895"}, {"images": ["samples/CAM_FRONT_LEFT/n008-2018-09-18-14-54-39-0400__CAM_FRONT_LEFT__1537297637254799.jpg", "samples/CAM_FRONT/n008-2018-09-18-14-54-39-0400__CAM_FRONT__1537297637262404.jpg", "samples/CAM_FRONT_RIGHT/n008-2018-09-18-14-54-39-0400__CAM_FRONT_RIGHT__1537297637270482.jpg", "samples/CAM_BACK_LEFT/n008-2018-09-18-14-54-39-0400__CAM_BACK_LEFT__1537297637297405.jpg", "samples/CAM_BACK/n008-2018-09-18-14-54-39-0400__CAM_BACK__1537297637287560.jpg", "samples/CAM_BACK_RIGHT/n008-2018-09-18-14-54-39-0400__CAM_BACK_RIGHT__1537297637278113.jpg"], "intrinsics": [[[1257.8625342125129, 0.0, 827.2410631095686], [0.0, 1257.8625342125129, 450.915498205774], [0.0, 0.0, 1.0]], [[1252.8131021185304, 0.0, 826.588114781398], [0.0, 1252.8131021185304, 469.9846626224581], [0.0, 0.0, 1.0]], [[1256.7485116440405, 0.0, 817.7887570959712], [0.0, 1256.7485116440403, 451.9541780095127], [0.0, 0.0, 1.0]], [[1254.9860565800168, 0.0, 829.5769333630991], [0.0, 1254.9860565800168, 467.1680561863987], [0.0, 0.0, 1.0]], [[796.8910634503094, 0.0, 857.7774326863696], [0.0, 796.8910634503094, 476.8848988407415], [0.0, 0.0, 1.0]], [[1249.9629280788233, 0.0, 825.3768045375984], [0.0, 1249.9629280788233, 462.54816385708756], [0.0, 0.0, 1.0]]], "extrinsics": [[[0.8223638534545898, -0.5689417719841003, -0.004802761133760214, -0.716064453125], [0.009298743680119514, 0.021879838779568672, -0.9997173547744751, 1.4914875030517578], [0.5688860416412354, 0.8220866918563843, 0.02328363060951233, -1.13671875], [0.0, 0.0, 0.0, 1.0]], [[0.01001248974353075, -0.9997914433479309, -0.017799152061343193, 0.0105133056640625], [0.01133109163492918, 0.01791234128177166, -0.9997754096984863, 1.4834117889404297], [0.9998856782913208, 0.009808545000851154, 0.011508075520396233, -1.444580078125], [0.0, 0.0, 0.0, 1.0]], [[-0.8440460562705994, -0.5358437895774841, -0.021395929157733917, 0.900146484375], [0.019383404403924942, 0.009387961588799953, -0.9997680187225342, 1.4974479675292969], [0.535920262336731, -0.8442649245262146, 0.00246260454878211, -1.15447998046875], [0.0, 0.0, 0.0, 1.0]], [[0.9478587508201599, 0.31867969036102295, 0.002650383161380887, -1.1263427734375], [-0.005661729257553816, 0.025153852999210358, -0.9996675848960876, 1.5619444847106934], [-0.31864044070243835, 0.9475286602973938, 0.025646580383181572, -0.16168212890625], [0.0, 0.0, 0.0, 1.0]], [[0.009234045632183552, 0.9998063445091248, 0.017377503216266632, -0.028656005859375], [-0.0037759810220450163, 0.017412982881069183, -0.9998412132263184, 1.5676954984664917], [-0.9999501705169678, 0.009166890755295753, 0.003936041612178087, -0.0499267578125], [0.0, 0.0, 0.0, 1.0]], [[-0.9236671328544617, 0.3831881582736969, -0.002393584931269288, 1.005859375], [0.00030817429069429636, -0.005503557156771421, -0.9999848008155823, 1.5478708744049072], [-0.3831954598426819, -0.9236539602279663, 0.0049653672613203526, -0.10650634765625], [0.0, 0.0, 0.0, 1.0]]], "view": [[0.0, -2.0, 100.0], [-2.0, 0.0, 100.0], [0.0, 0.0, 1.0]], "bev": "bev_f11c2e3423b24f13b81c5ef395a099e2.png", "aux": "aux_f11c2e3423b24f13b81c5ef395a099e2.npz", "visibility": "visibility_f11c2e3423b24f13b81c5ef395a099e2.png", "pose": [[-0.5078233480453491, 0.8614612221717834, 0.0, 801.8920288085938], [-0.8614612221717834, -0.5078233480453491, 0.0, 1865.8944091796875], [0.0, 0.0, 1.0, 0.0], [0.0, 0.0, 0.0, 1.0]], "pose_inverse": [[-0.5078233480453491, -0.8614612221717834, 0.0, 2014.615234375], [0.8614612221717834, -0.5078233480453491, 0.0, 256.7458190917969], [0.0, 0.0, 1.0, 0.0], [0.0, 0.0, 0.0, 1.0]], "cam_ids": [0, 1, 2, 3, 4, 5], "cam_channels": ["CAM_FRONT_LEFT", "CAM_FRONT", "CAM_FRONT_RIGHT", "CAM_BACK_LEFT", "CAM_BACK", "CAM_BACK_RIGHT"], "token": "f11c2e3423b24f13b81c5ef395a099e2", "scene": "scene-0895"}, {"images": ["samples/CAM_FRONT_LEFT/n008-2018-09-18-14-54-39-0400__CAM_FRONT_LEFT__1537297637754799.jpg", "samples/CAM_FRONT/n008-2018-09-18-14-54-39-0400__CAM_FRONT__1537297637762404.jpg", "samples/CAM_FRONT_RIGHT/n008-2018-09-18-14-54-39-0400__CAM_FRONT_RIGHT__1537297637770482.jpg", "samples/CAM_BACK_LEFT/n008-2018-09-18-14-54-39-0400__CAM_BACK_LEFT__1537297637797405.jpg", "samples/CAM_BACK/n008-2018-09-18-14-54-39-0400__CAM_BACK__1537297637787558.jpg", "samples/CAM_BACK_RIGHT/n008-2018-09-18-14-54-39-0400__CAM_BACK_RIGHT__1537297637778113.jpg"], "intrinsics": [[[1257.8625342125129, 0.0, 827.2410631095686], [0.0, 1257.8625342125129, 450.915498205774], [0.0, 0.0, 1.0]], [[1252.8131021185304, 0.0, 826.588114781398], [0.0, 1252.8131021185304, 469.9846626224581], [0.0, 0.0, 1.0]], [[1256.7485116440405, 0.0, 817.7887570959712], [0.0, 1256.7485116440403, 451.9541780095127], [0.0, 0.0, 1.0]], [[1254.9860565800168, 0.0, 829.5769333630991], [0.0, 1254.9860565800168, 467.1680561863987], [0.0, 0.0, 1.0]], [[796.8910634503094, 0.0, 857.7774326863696], [0.0, 796.8910634503094, 476.8848988407415], [0.0, 0.0, 1.0]], [[1249.9629280788233, 0.0, 825.3768045375984], [0.0, 1249.9629280788233, 462.54816385708756], [0.0, 0.0, 1.0]]], "extrinsics": [[[0.8224629163742065, -0.5687935948371887, 0.005345188081264496, -0.7193603515625], [0.013071374036371708, 0.009504730813205242, -0.9998694062232971, 1.4927787780761719], [0.56866854429245, 0.8224253058433533, 0.01525220088660717, -1.1392822265625], [0.0, 0.0, 0.0, 1.0]], [[0.010194155387580395, -0.9999349117279053, -0.005124254617840052, 0.0103912353515625], [0.014598590321838856, 0.005272801034152508, -0.9998795390129089, 1.4843368530273438], [0.9998413920402527, 0.010118129663169384, 0.01465139165520668, -1.4483642578125], [0.0, 0.0, 0.0, 1.0]], [[-0.8439294099807739, -0.5361859798431396, -0.01696537807583809, 0.9019775390625], [0.022399425506591797, -0.003622855292633176, -0.9997425079345703, 1.4981117248535156], [0.5359864234924316, -0.844092071056366, 0.0150676928460598, -1.15570068359375], [0.0, 0.0, 0.0, 1.0]], [[0.9478877782821655, 0.31860458850860596, 0.00019540547509677708, -1.126708984375], [-0.003396241459995508, 0.010717513039708138, -0.9999368190765381, 1.5619816780090332], [-0.3185865581035614, 0.947827160358429, 0.011241056956350803, -0.1619873046875], [0.0, 0.0, 0.0, 1.0]], [[0.009204251691699028, 0.9999516606330872, 0.0034545273520052433, -0.02874755859375], [-0.00119895173702389, 0.003465707879513502, -0.9999932050704956, 1.5679460763931274], [-0.9999569654464722, 0.00920008309185505, 0.0012307926081120968, -0.04931640625], [0.0, 0.0, 0.0, 1.0]], [[-0.9236776232719421, 0.3830326795578003, -0.010279957205057144, 1.0068359375], [0.003272795584052801, -0.01894107647240162, -0.9998152256011963, 1.5483791828155518], [-0.3831566274166107, -0.9235405921936035, 0.016241859644651413, -0.1060791015625], [0.0, 0.0, 0.0, 1.0]]], "view": [[0.0, -2.0, 100.0], [-2.0, 0.0, 100.0], [0.0, 0.0, 1.0]], "bev": "bev_ea618986441b481dbdd4c225a180f84d.png", "aux": "aux_ea618986441b481dbdd4c225a180f84d.npz", "visibility": "visibility_ea618986441b481dbdd4c225a180f84d.png", "pose": [[-0.5013048648834229, 0.865270733833313, 0.0, 799.9388427734375], [-0.865270733833313, -0.5013048648834229, 0.0, 1862.5914306640625], [0.0, 0.0, 1.0, 0.0], [0.0, 0.0, 0.0, 1.0]], "pose_inverse": [[-0.5013048648834229, -0.865270733833313, 0.0, 2012.6590576171875], [0.865270733833313, -0.5013048648834229, 0.0, 241.56243896484375], [0.0, 0.0, 1.0, 0.0], [0.0, 0.0, 0.0, 1.0]], "cam_ids": [0, 1, 2, 3, 4, 5], "cam_channels": ["CAM_FRONT_LEFT", "CAM_FRONT", "CAM_FRONT_RIGHT", "CAM_BACK_LEFT", "CAM_BACK", "CAM_BACK_RIGHT"], "token": "ea618986441b481dbdd4c225a180f84d", "scene": "scene-0895"}, {"images": ["samples/CAM_FRONT_LEFT/n008-2018-09-18-14-54-39-0400__CAM_FRONT_LEFT__1537297638254799.jpg", "samples/CAM_FRONT/n008-2018-09-18-14-54-39-0400__CAM_FRONT__1537297638262404.jpg", "samples/CAM_FRONT_RIGHT/n008-2018-09-18-14-54-39-0400__CAM_FRONT_RIGHT__1537297638270482.jpg", "samples/CAM_BACK_LEFT/n008-2018-09-18-14-54-39-0400__CAM_BACK_LEFT__1537297638297405.jpg", "samples/CAM_BACK/n008-2018-09-18-14-54-39-0400__CAM_BACK__1537297638287558.jpg", "samples/CAM_BACK_RIGHT/n008-2018-09-18-14-54-39-0400__CAM_BACK_RIGHT__1537297638278113.jpg"], "intrinsics": [[[1257.8625342125129, 0.0, 827.2410631095686], [0.0, 1257.8625342125129, 450.915498205774], [0.0, 0.0, 1.0]], [[1252.8131021185304, 0.0, 826.588114781398], [0.0, 1252.8131021185304, 469.9846626224581], [0.0, 0.0, 1.0]], [[1256.7485116440405, 0.0, 817.7887570959712], [0.0, 1256.7485116440403, 451.9541780095127], [0.0, 0.0, 1.0]], [[1254.9860565800168, 0.0, 829.5769333630991], [0.0, 1254.9860565800168, 467.1680561863987], [0.0, 0.0, 1.0]], [[796.8910634503094, 0.0, 857.7774326863696], [0.0, 796.8910634503094, 476.8848988407415], [0.0, 0.0, 1.0]], [[1249.9629280788233, 0.0, 825.3768045375984], [0.0, 1249.9629280788233, 462.54816385708756], [0.0, 0.0, 1.0]]], "extrinsics": [[[0.8226037621498108, -0.5686054825782776, 0.00331497541628778, -0.7144775390625], [0.017631201073527336, 0.019679153338074684, -0.9996508359909058, 1.494415283203125], [0.5683417916297913, 0.8223749995231628, 0.02621333859860897, -1.1370849609375], [0.0, 0.0, 0.0, 1.0]], [[0.010491455905139446, -0.999824047088623, -0.015548422001302242, 0.0112152099609375], [0.019377950578927994, 0.015749648213386536, -0.9996882081031799, 1.4857597351074219], [0.9997572302818298, 0.010186884552240372, 0.01953977905213833, -1.44384765625], [0.0, 0.0, 0.0, 1.0]], [[-0.8437057733535767, -0.536131739616394, -0.026894723996520042, 0.8997802734375], [0.027258260175585747, 0.0072483522817492485, -0.9996021389961243, 1.4992599487304688], [0.5361133813858032, -0.8441032767295837, 0.00849854201078415, -1.15380859375], [0.0, 0.0, 0.0, 1.0]], [[0.9478441476821899, 0.3186146914958954, 0.008727757260203362, -1.123779296875], [0.0013672799104824662, 0.023317838087677956, -0.9997271299362183, 1.5620698928833008], [-0.3187313377857208, 0.9475975036621094, 0.021666038781404495, -0.1629638671875], [0.0, 0.0, 0.0, 1.0]], [[0.00902002863585949, 0.999840497970581, 0.015417276881635189, -0.02880859375], [0.003677754895761609, 0.01538462657481432, -0.9998748302459717, 1.5683984756469727], [-0.9999526143074036, 0.009075597859919071, -0.003538398537784815, -0.05078125], [0.0, 0.0, 0.0, 1.0]], [[-0.923701286315918, 0.3829725384712219, -0.010390050709247589, 1.005126953125], [0.008084342814981937, -0.007629505358636379, -0.9999382495880127, 1.5491771697998047], [-0.383028119802475, -0.9237281680107117, 0.003951304592192173, -0.10650634765625], [0.0, 0.0, 0.0, 1.0]]], "view": [[0.0, -2.0, 100.0], [-2.0, 0.0, 100.0], [0.0, 0.0, 1.0]], "bev": "bev_dae1020cb0e743fba0719fb24aee4cbf.png", "aux": "aux_dae1020cb0e743fba0719fb24aee4cbf.npz", "visibility": "visibility_dae1020cb0e743fba0719fb24aee4cbf.png", "pose": [[-0.5035821795463562, 0.863947331905365, 0.0, 797.9707641601562], [-0.863947331905365, -0.5035821795463562, 0.0, 1859.276123046875], [0.0, 0.0, 1.0, 0.0], [0.0, 0.0, 0.0, 1.0]], "pose_inverse": [[-0.5035821795463562, -0.863947331905365, 0.0, 2008.1605224609375], [0.863947331905365, -0.5035821795463562, 0.0, 246.89366149902344], [0.0, 0.0, 1.0, 0.0], [0.0, 0.0, 0.0, 1.0]], "cam_ids": [0, 1, 2, 3, 4, 5], "cam_channels": ["CAM_FRONT_LEFT", "CAM_FRONT", "CAM_FRONT_RIGHT", "CAM_BACK_LEFT", "CAM_BACK", "CAM_BACK_RIGHT"], "token": "dae1020cb0e743fba0719fb24aee4cbf", "scene": "scene-0895"}, {"images": ["samples/CAM_FRONT_LEFT/n008-2018-09-18-14-54-39-0400__CAM_FRONT_LEFT__1537297638654799.jpg", "samples/CAM_FRONT/n008-2018-09-18-14-54-39-0400__CAM_FRONT__1537297638662404.jpg", "samples/CAM_FRONT_RIGHT/n008-2018-09-18-14-54-39-0400__CAM_FRONT_RIGHT__1537297638670482.jpg", "samples/CAM_BACK_LEFT/n008-2018-09-18-14-54-39-0400__CAM_BACK_LEFT__1537297638697405.jpg", "samples/CAM_BACK/n008-2018-09-18-14-54-39-0400__CAM_BACK__1537297638687558.jpg", "samples/CAM_BACK_RIGHT/n008-2018-09-18-14-54-39-0400__CAM_BACK_RIGHT__1537297638678113.jpg"], "intrinsics": [[[1257.8625342125129, 0.0, 827.2410631095686], [0.0, 1257.8625342125129, 450.915498205774], [0.0, 0.0, 1.0]], [[1252.8131021185304, 0.0, 826.588114781398], [0.0, 1252.8131021185304, 469.9846626224581], [0.0, 0.0, 1.0]], [[1256.7485116440405, 0.0, 817.7887570959712], [0.0, 1256.7485116440403, 451.9541780095127], [0.0, 0.0, 1.0]], [[1254.9860565800168, 0.0, 829.5769333630991], [0.0, 1254.9860565800168, 467.1680561863987], [0.0, 0.0, 1.0]], [[796.8910634503094, 0.0, 857.7774326863696], [0.0, 796.8910634503094, 476.8848988407415], [0.0, 0.0, 1.0]], [[1249.9629280788233, 0.0, 825.3768045375984], [0.0, 1249.9629280788233, 462.54816385708756], [0.0, 0.0, 1.0]]], "extrinsics": [[[0.8226613402366638, -0.5685315132141113, -0.0004591852193698287, -0.7261962890625], [0.017814237624406815, 0.026584342122077942, -0.9994878172874451, 1.4942207336425781], [0.5682525038719177, 0.8222318291664124, 0.03199786692857742, -1.1444091796875], [0.0, 0.0, 0.0, 1.0]], [[0.010471178218722343, -0.9997004866600037, -0.02211868204176426, 0.0105438232421875], [0.019814761355519295, 0.022322995588183403, -0.9995543956756592, 1.4856681823730469], [0.9997488260269165, 0.010028189048171043, 0.020042574033141136, -1.45458984375], [0.0, 0.0, 0.0, 1.0]], [[-0.8437637090682983, -0.5358341932296753, -0.030732411891222, 0.9058837890625], [0.02783866412937641, 0.013490084558725357, -0.9995213747024536, 1.4991683959960938], [0.5359923243522644, -0.844215452671051, 0.003534463234245777, -1.1580810546875], [0.0, 0.0, 0.0, 1.0]], [[0.9478359818458557, 0.31855958700180054, 0.011259287595748901, -1.1253662109375], [0.002418316202238202, 0.028134865686297417, -0.9996011853218079, 1.5620841979980469], [-0.3187492787837982, 0.9474852085113525, 0.025896860286593437, -0.162567138671875], [0.0, 0.0, 0.0, 1.0]], [[0.009201719425618649, 0.9997398257255554, 0.020872389897704124, -0.02862548828125], [0.004597283434122801, 0.020830757915973663, -0.9997724