[{"images": ["samples/CAM_FRONT_LEFT/n015-2018-08-03-15-31-50+0800__CAM_FRONT_LEFT__1533281878154844.jpg", "samples/CAM_FRONT/n015-2018-08-03-15-31-50+0800__CAM_FRONT__1533281878162492.jpg", "samples/CAM_FRONT_RIGHT/n015-2018-08-03-15-31-50+0800__CAM_FRONT_RIGHT__1533281878170339.jpg", "samples/CAM_BACK_LEFT/n015-2018-08-03-15-31-50+0800__CAM_BACK_LEFT__1533281878197423.jpg", "samples/CAM_BACK/n015-2018-08-03-15-31-50+0800__CAM_BACK__1533281878187525.jpg", "samples/CAM_BACK_RIGHT/n015-2018-08-03-15-31-50+0800__CAM_BACK_RIGHT__1533281878177893.jpg"], "intrinsics": [[[1272.5979470598488, 0.0, 826.6154927353808], [0.0, 1272.5979470598488, 479.75165386361925], [0.0, 0.0, 1.0]], [[1266.417203046554, 0.0, 816.2670197447984], [0.0, 1266.417203046554, 491.50706579294757], [0.0, 0.0, 1.0]], [[1260.8474446004698, 0.0, 807.968244525554], [0.0, 1260.8474446004698, 495.3344268742088], [0.0, 0.0, 1.0]], [[1256.7414812095406, 0.0, 792.1125740759628], [0.0, 1256.7414812095406, 492.7757465151356], [0.0, 0.0, 1.0]], [[809.2209905677063, 0.0, 829.2196003259838], [0.0, 809.2209905677063, 481.77842384512485], [0.0, 0.0, 1.0]], [[1259.5137405846733, 0.0, 807.2529053838625], [0.0, 1259.5137405846733, 501.19579884916527], [0.0, 0.0, 1.0]]], "extrinsics": [[[0.8211588859558105, -0.5704564452171326, 0.016655657440423965, -0.6917724609375], [-0.008623957633972168, -0.041584715247154236, -0.9990977644920349, 1.5054073333740234], [0.5706343650817871, 0.8202744126319885, -0.039067257195711136, -1.09100341796875], [0.0, 0.0, 0.0, 1.0]], [[0.00636183749884367, -0.9989324808120728, 0.04575300216674805, 0.00738525390625], [-0.013879888691008091, -0.04583773389458656, -0.9988524913787842, 1.5167083740234375], [0.9998834133148193, 0.00571939954534173, -0.01415668148547411, -1.415283203125], [0.0, 0.0, 0.0, 1.0]], [[-0.8326679468154907, -0.5533026456832886, 0.022808650508522987, 0.8489990234375], [-0.008212782442569733, -0.028844738379120827, -0.9995501041412354, 1.501840591430664], [0.5537116527557373, -0.8324806094169617, 0.019473934546113014, -1.12640380859375], [0.0, 0.0, 0.0, 1.0]], [[0.9475377202033997, 0.3191128373146057, -0.01841358095407486, -1.1195068359375], [0.0008938275277614594, -0.06025157868862152, -0.9981828331947327, 1.5885820388793945], [-0.3196423351764679, 0.9457994699478149, -0.05737588554620743, -0.1114501953125], [0.0, 0.0, 0.0, 1.0]], [[0.0017834460595622659, 0.998755156993866, -0.049848590046167374, 0.00286865234375], [-0.024705635383725166, -0.049789443612098694, -0.9984541535377502, 1.5769882202148438], [-0.9996930956840515, 0.0030122322496026754, 0.024586085230112076, -0.09423828125], [0.0, 0.0, 0.0, 1.0]], [[-0.9350153803825378, 0.3540804088115692, -0.01931791938841343, 0.9810791015625], [0.007748266216367483, -0.034063953906297684, -0.9993896484375, 1.5527362823486328], [-0.3545224070549011, -0.9345943927764893, 0.029106812551617622, -0.1224365234375], [0.0, 0.0, 0.0, 1.0]]], "view": [[0.0, -2.0, 100.0], [-2.0, 0.0, 100.0], [0.0, 0.0, 1.0]], "bev": "bev_92ffba79b1534beba5f0a44c6b9db7c6.png", "aux": "aux_92ffba79b1534beba5f0a44c6b9db7c6.npz", "visibility": "visibility_92ffba79b1534beba5f0a44c6b9db7c6.png", "pose": [[0.6246313452720642, -0.7809197306632996, 0.0, 773.7901000976562], [0.7809197306632996, 0.6246313452720642, 0.0, 1245.2120361328125], [0.0, 0.0, 1.0, 0.0], [0.0, 0.0, 0.0, 1.0]], "pose_inverse": [[0.6246313452720642, 0.7809197306632996, 0.0, -1455.7442626953125], [-0.7809197306632996, 0.6246313452720642, 0.0, -173.53053283691406], [0.0, 0.0, 1.0, 0.0], [0.0, 0.0, 0.0, 1.0]], "cam_ids": [0, 1, 2, 3, 4, 5], "cam_channels": ["CAM_FRONT_LEFT", "CAM_FRONT", "CAM_FRONT_RIGHT", "CAM_BACK_LEFT", "CAM_BACK", "CAM_BACK_RIGHT"], "token": "92ffba79b1534beba5f0a44c6b9db7c6", "scene": "scene-0386"}, {"images": ["samples/CAM_FRONT_LEFT/n015-2018-08-03-15-31-50+0800__CAM_FRONT_LEFT__1533281878654844.jpg", "samples/CAM_FRONT/n015-2018-08-03-15-31-50+0800__CAM_FRONT__1533281878662460.jpg", "samples/CAM_FRONT_RIGHT/n015-2018-08-03-15-31-50+0800__CAM_FRONT_RIGHT__1533281878670339.jpg", "samples/CAM_BACK_LEFT/n015-2018-08-03-15-31-50+0800__CAM_BACK_LEFT__1533281878698279.jpg", "samples/CAM_BACK/n015-2018-08-03-15-31-50+0800__CAM_BACK__1533281878687525.jpg", "samples/CAM_BACK_RIGHT/n015-2018-08-03-15-31-50+0800__CAM_BACK_RIGHT__1533281878677893.jpg"], "intrinsics": [[[1272.5979470598488, 0.0, 826.6154927353808], [0.0, 1272.5979470598488, 479.75165386361925], [0.0, 0.0, 1.0]], [[1266.417203046554, 0.0, 816.2670197447984], [0.0, 1266.417203046554, 491.50706579294757], [0.0, 0.0, 1.0]], [[1260.8474446004698, 0.0, 807.968244525554], [0.0, 1260.8474446004698, 495.3344268742088], [0.0, 0.0, 1.0]], [[1256.7414812095406, 0.0, 792.1125740759628], [0.0, 1256.7414812095406, 492.7757465151356], [0.0, 0.0, 1.0]], [[809.2209905677063, 0.0, 829.2196003259838], [0.0, 809.2209905677063, 481.77842384512485], [0.0, 0.0, 1.0]], [[1259.5137405846733, 0.0, 807.2529053838625], [0.0, 1259.5137405846733, 501.19579884916527], [0.0, 0.0, 1.0]]], "extrinsics": [[[0.8210431933403015, -0.57048100233078, 0.020960800349712372, -0.7109375], [-0.006582700647413731, -0.046176232397556305, -0.9989116191864014, 1.5062904357910156], [0.5708279609680176, 0.820011556148529, -0.041667986661195755, -1.1055908203125], [0.0, 0.0, 0.0, 1.0]], [[0.0062843733467161655, -0.9987260699272156, 0.05006606876850128, 0.007965087890625], [-0.011953000910580158, -0.05013849958777428, -0.9986708164215088, 1.5175228118896484], [0.9999087452888489, 0.005677536129951477, -0.012252862565219402, -1.43505859375], [0.0, 0.0, 0.0, 1.0]], [[-0.83261638879776, -0.5533512830734253, 0.023499678820371628, 0.86279296875], [-0.006404296960681677, -0.03280777111649513, -0.9994411468505859, 1.5023679733276367], [0.5538129806518555, -0.8323016166687012, 0.023772461339831352, -1.1348876953125], [0.0, 0.0, 0.0, 1.0]], [[0.947542667388916, 0.3191221356391907, -0.017994359135627747, -1.1270751953125], [0.002129713539034128, -0.06259990483522415, -0.9980363845825195, 1.5885963439941406], [-0.3196219801902771, 0.9456439018249512, -0.05999572575092316, -0.10888671875], [0.0, 0.0, 0.0, 1.0]], [[0.0016804537735879421, 0.9986017346382141, -0.052836086601018906, 0.0026092529296875], [-0.023247690871357918, -0.05278286710381508, -0.9983354210853577, 1.5773200988769531], [-0.9997283220291138, 0.002905879868194461, 0.02312648855149746, -0.0867919921875], [0.0, 0.0, 0.0, 1.0]], [[-0.9350661039352417, 0.3537806272506714, -0.022147342562675476, 0.9925537109375], [0.00942433811724186, -0.03764559328556061, -0.9992467164993286, 1.552927017211914], [-0.3543478846549988, -0.9345705509185791, 0.031866975128650665, -0.1171875], [0.0, 0.0, 0.0, 1.0]]], "view": [[0.0, -2.0, 100.0], [-2.0, 0.0, 100.0], [0.0, 0.0, 1.0]], "bev": "bev_7ac4c6890de04d68bf8a1cbb813f621d.png", "aux": "aux_7ac4c6890de04d68bf8a1cbb813f621d.npz", "visibility": "visibility_7ac4c6890de04d68bf8a1cbb813f621d.png", "pose": [[0.6249358654022217, -0.7806760668754578, 0.0, 775.9662475585938], [0.7806760668754578, 0.6249358654022217, 0.0, 1247.9075927734375], [0.0, 0.0, 1.0, 0.0], [0.0, 0.0, 0.0, 1.0]], "pose_inverse": [[0.6249358654022217, 0.7806760668754578, 0.0, -1459.1407470703125], [-0.7806760668754578, 0.6249358654022217, 0.0, -174.0839385986328], [0.0, 0.0, 1.0, 0.0], [0.0, 0.0, 0.0, 1.0]], "cam_ids": [0, 1, 2, 3, 4, 5], "cam_channels": ["CAM_FRONT_LEFT", "CAM_FRONT", "CAM_FRONT_RIGHT", "CAM_BACK_LEFT", "CAM_BACK", "CAM_BACK_RIGHT"], "token": "7ac4c6890de04d68bf8a1cbb813f621d", "scene": "scene-0386"}, {"images": ["samples/CAM_FRONT_LEFT/n015-2018-08-03-15-31-50+0800__CAM_FRONT_LEFT__1533281879154844.jpg", "samples/CAM_FRONT/n015-2018-08-03-15-31-50+0800__CAM_FRONT__1533281879162460.jpg", "samples/CAM_FRONT_RIGHT/n015-2018-08-03-15-31-50+0800__CAM_FRONT_RIGHT__1533281879170339.jpg", "samples/CAM_BACK_LEFT/n015-2018-08-03-15-31-50+0800__CAM_BACK_LEFT__1533281879197423.jpg", "samples/CAM_BACK/n015-2018-08-03-15-31-50+0800__CAM_BACK__1533281879187525.jpg", "samples/CAM_BACK_RIGHT/n015-2018-08-03-15-31-50+0800__CAM_BACK_RIGHT__1533281879177893.jpg"], "intrinsics": [[[1272.5979470598488, 0.0, 826.6154927353808], [0.0, 1272.5979470598488, 479.75165386361925], [0.0, 0.0, 1.0]], [[1266.417203046554, 0.0, 816.2670197447984], [0.0, 1266.417203046554, 491.50706579294757], [0.0, 0.0, 1.0]], [[1260.8474446004698, 0.0, 807.968244525554], [0.0, 1260.8474446004698, 495.3344268742088], [0.0, 0.0, 1.0]], [[1256.7414812095406, 0.0, 792.1125740759628], [0.0, 1256.7414812095406, 492.7757465151356], [0.0, 0.0, 1.0]], [[809.2209905677063, 0.0, 829.2196003259838], [0.0, 809.2209905677063, 481.77842384512485], [0.0, 0.0, 1.0]], [[1259.5137405846733, 0.0, 807.2529053838625], [0.0, 1259.5137405846733, 501.19579884916527], [0.0, 0.0, 1.0]]], "extrinsics": [[[0.8204401731491089, -0.5712898969650269, 0.02248731441795826, -0.7193603515625], [-0.0003920103481505066, -0.0398939847946167, -0.9992038607597351, 1.5081419944763184], [0.5717321634292603, 0.8197782039642334, -0.03295458108186722, -1.10943603515625], [0.0, 0.0, 0.0, 1.0]], [[0.005285164341330528, -0.9990177154541016, 0.04399535804986954, 0.006500244140625], [-0.0056463610380887985, -0.044025082141160965, -0.9990144968032837, 1.5191335678100586], [0.9999701380729675, 0.005031568929553032, -0.005873498041182756, -1.4422607421875], [0.0, 0.0, 0.0, 1.0]], [[-0.8330509066581726, -0.552994966506958, 0.014926846139132977, 0.86669921875], [-4.14800233556889e-05, -0.026920465752482414, -0.9996375441551208, 1.5036396980285645], [0.5531962513923645, -0.8327495455741882, 0.022403178736567497, -1.13873291015625], [0.0, 0.0, 0.0, 1.0]], [[0.9476435780525208, 0.3191624581813812, -0.01034698635339737, -1.1201171875], [0.008521937765181065, -0.057667046785354614, -0.9982994794845581, 1.588760256767273], [-0.3192162811756134, 0.9459439516067505, -0.05736768618226051, -0.1112060546875], [0.0, 0.0, 0.0, 1.0]], [[0.00225186999887228, 0.9988676905632019, -0.047519758343696594, 0.0029754638671875], [-0.016873590648174286, -0.04747515544295311, -0.9987298846244812, 1.5778770446777344], [-0.999855101108551, 0.0030508318450301886, 0.016747575253248215, -0.0858154296875], [0.0, 0.0, 0.0, 1.0]], [[-0.9347612261772156, 0.354317843914032, -0.02608523890376091, 0.9959716796875], [0.01574958674609661, -0.03202357515692711, -0.9993630647659302, 1.5538148880004883], [-0.3549274206161499, -0.9345766305923462, 0.024354036897420883, -0.11676025390625], [0.0, 0.0, 0.0, 1.0]]], "view": [[0.0, -2.0, 100.0], [-2.0, 0.0, 100.0], [0.0, 0.0, 1.0]], "bev": "bev_6d806af1c4fe4334a56993a0feffc87e.png", "aux": "aux_6d806af1c4fe4334a56993a0feffc87e.npz", "visibility": "visibility_6d806af1c4fe4334a56993a0feffc87e.png", "pose": [[0.624272346496582, -0.7812067866325378, 0.0, 778.07080078125], [0.7812067866325378, 0.624272346496582, 0.0, 1250.53125], [0.0, 0.0, 1.0, 0.0], [0.0, 0.0, 0.0, 1.0]], "pose_inverse": [[0.624272346496582, 0.7812067866325378, 0.0, -1462.651611328125], [-0.7812067866325378, 0.624272346496582, 0.0, -172.83787536621094], [0.0, 0.0, 1.0, 0.0], [0.0, 0.0, 0.0, 1.0]], "cam_ids": [0, 1, 2, 3, 4, 5], "cam_channels": ["CAM_FRONT_LEFT", "CAM_FRONT", "CAM_FRONT_RIGHT", "CAM_BACK_LEFT", "CAM_BACK", "CAM_BACK_RIGHT"], "token": "6d806af1c4fe4334a56993a0feffc87e", "scene": "scene-0386"}, {"images": ["samples/CAM_FRONT_LEFT/n015-2018-08-03-15-31-50+0800__CAM_FRONT_LEFT__1533281879654844.jpg", "samples/CAM_FRONT/n015-2018-08-03-15-31-50+0800__CAM_FRONT__1533281879662460.jpg", "samples/CAM_FRONT_RIGHT/n015-2018-08-03-15-31-50+0800__CAM_FRONT_RIGHT__1533281879670339.jpg", "samples/CAM_BACK_LEFT/n015-2018-08-03-15-31-50+0800__CAM_BACK_LEFT__1533281879697423.jpg", "samples/CAM_BACK/n015-2018-08-03-15-31-50+0800__CAM_BACK__1533281879687525.jpg", "samples/CAM_BACK_RIGHT/n015-2018-08-03-15-31-50+0800__CAM_BACK_RIGHT__1533281879677893.jpg"], "intrinsics": [[[1272.5979470598488, 0.0, 826.6154927353808], [0.0, 1272.5979470598488, 479.75165386361925], [0.0, 0.0, 1.0]], [[1266.417203046554, 0.0, 816.2670197447984], [0.0, 1266.417203046554, 491.50706579294757], [0.0, 0.0, 1.0]], [[1260.8474446004698, 0.0, 807.968244525554], [0.0, 1260.8474446004698, 495.3344268742088], [0.0, 0.0, 1.0]], [[1256.7414812095406, 0.0, 792.1125740759628], [0.0, 1256.7414812095406, 492.7757465151356], [0.0, 0.0, 1.0]], [[809.2209905677063, 0.0, 829.2196003259838], [0.0, 809.2209905677063, 481.77842384512485], [0.0, 0.0, 1.0]], [[1259.5137405846733, 0.0, 807.2529053838625], [0.0, 1259.5137405846733, 501.19579884916527], [0.0, 0.0, 1.0]]], "extrinsics": [[[0.8205158114433289, -0.5712752938270569, 0.01996130309998989, -0.732666015625], [-0.005114553030580282, -0.042255956679582596, -0.9990937113761902, 1.5067806243896484], [0.5716009736061096, 0.8196700215339661, -0.037593498826026917, -1.11785888671875], [0.0, 0.0, 0.0, 1.0]], [[0.005484583787620068, -0.9989107847213745, 0.04633646085858345, 0.006011962890625], [-0.010483900085091591, -0.0463920533657074, -0.9988682866096497, 1.518035888671875], [0.9999299049377441, 0.0049925572238862514, -0.010726922191679478, -1.4560546875], [0.0, 0.0, 0.0, 1.0]], [[-0.8329709768295288, -0.5529438257217407, 0.020310239866375923, 0.8756103515625], [-0.004933241289108992, -0.029283329844474792, -0.9995589256286621, 1.5027055740356445], [0.5532947182655334, -0.8327038288116455, 0.021664362400770187, -1.1451416015625], [0.0, 0.0, 0.0, 1.0]], [[0.9475884437561035, 0.3190963566303253, -0.015930606052279472, -1.1217041015625], [0.003462117398157716, -0.06011463701725006, -0.9981854557991028, 1.5886187553405762], [-0.3194749355316162, 0.9458138942718506, -0.05806868523359299, -0.11041259765625], [0.0, 0.0, 0.0, 1.0]], [[0.0020280147437006235, 0.9987474083900452, -0.049995578825473785, 0.0030975341796875], [-0.02185686305165291, -0.04993946850299835, -0.9985131025314331, 1.577545166015625], [-0.9997590184211731, 0.0031177832279354334, 0.02172820456326008, -0.08056640625], [0.0, 0.0, 0.0, 1.0]], [[-0.934876024723053, 0.3542676866054535, -0.022386448457837105, 1.004150390625], [0.01088472455739975, -0.03442590311169624, -0.999347984790802, 1.5529756546020508], [-0.3548072874546051, -0.9345101714134216, 0.028327850624918938, -0.11407470703125], [0.0, 0.0, 0.0, 1.0]]], "view": [[0.0, -2.0, 100.0], [-2.0, 0.0, 100.0], [0.0, 0.0, 1.0]], "bev": "bev_5e3c8bd4a8a0405f8729b3e4edb74013.png", "aux": "aux_5e3c8bd4a8a0405f8729b3e4edb74013.npz", "visibility": "visibility_5e3c8bd4a8a0405f8729b3e4edb74013.png", "pose": [[0.6185216903686523, -0.7857677340507507, 0.0, 780.0067749023438], [0.7857677340507507, 0.6185216903686523, 0.0, 1252.981689453125], [0.0, 0.0, 1.0, 0.0], [0.0, 0.0, 0.0, 1.0]], "pose_inverse": [[0.6185216903686523, 0.7857677340507507, 0.0, -1467.003662109375], [-0.7857677340507507, 0.6185216903686523, 0.0, -162.0921630859375], [0.0, 0.0, 1.0, 0.0], [0.0, 0.0, 0.0, 1.0]], "cam_ids": [0, 1, 2, 3, 4, 5], "cam_channels": ["CAM_FRONT_LEFT", "CAM_FRONT", "CAM_FRONT_RIGHT", "CAM_BACK_LEFT", "CAM_BACK", "CAM_BACK_RIGHT"], "token": "5e3c8bd4a8a0405f8729b3e4edb74013", "scene": "scene-0386"}, {"images": ["samples/CAM_FRONT_LEFT/n015-2018-08-03-15-31-50+0800__CAM_FRONT_LEFT__1533281880154844.jpg", "samples/CAM_FRONT/n015-2018-08-03-15-31-50+0800__CAM_FRONT__1533281880162460.jpg", "samples/CAM_FRONT_RIGHT/n015-2018-08-03-15-31-50+0800__CAM_FRONT_RIGHT__1533281880170339.jpg", "samples/CAM_BACK_LEFT/n015-2018-08-03-15-31-50+0800__CAM_BACK_LEFT__1533281880197423.jpg", "samples/CAM_BACK/n015-2018-08-03-15-31-50+0800__CAM_BACK__1533281880187525.jpg", "samples/CAM_BACK_RIGHT/n015-2018-08-03-15-31-50+0800__CAM_BACK_RIGHT__1533281880177893.jpg"], "intrinsics": [[[1272.5979470598488, 0.0, 826.6154927353808], [0.0, 1272.5979470598488, 479.75165386361925], [0.0, 0.0, 1.0]], [[1266.417203046554, 0.0, 816.2670197447984], [0.0, 1266.417203046554, 491.50706579294757], [0.0, 0.0, 1.0]], [[1260.8474446004698, 0.0, 807.968244525554], [0.0, 1260.8474446004698, 495.3344268742088], [0.0, 0.0, 1.0]], [[1256.7414812095406, 0.0, 792.1125740759628], [0.0, 1256.7414812095406, 492.7757465151356], [0.0, 0.0, 1.0]], [[809.2209905677063, 0.0, 829.2196003259838], [0.0, 809.2209905677063, 481.77842384512485], [0.0, 0.0, 1.0]], [[1259.5137405846733, 0.0, 807.2529053838625], [0.0, 1259.5137405846733, 501.19579884916527], [0.0, 0.0, 1.0]]], "extrinsics": [[[0.821159303188324, -0.5703636407852173, 0.019564280286431313, -0.755859375], [-0.006019672378897667, -0.04293576255440712, -0.9990596771240234, 1.506784439086914], [0.5706672668457031, 0.8202694058418274, -0.03869050741195679, -1.13653564453125], [0.0, 0.0, 0.0, 1.0]], [[0.0064237224869430065, -0.9988771677017212, 0.04693654179573059, 0.007537841796875], [-0.011168844066560268, -0.04700625315308571, -0.9988321661949158, 1.5182266235351562], [0.9999169707298279, 0.005892035085707903, -0.011458263732492924, -1.4808349609375], [0.0, 0.0, 0.0, 1.0]], [[-0.8325663805007935, -0.5535264015197754, 0.021017955616116524, 0.8929443359375], [-0.005407263059169054, -0.029820427298545837, -0.9995406270027161, 1.5027656555175781], [0.5538988709449768, -0.8322975635528564, 0.021834421902894974, -1.155029296875], [0.0, 0.0, 0.0, 1.0]], [[0.9475539922714233, 0.3192079961299896, -0.01573864370584488, -1.1243896484375], [0.003766130656003952, -0.0603945255279541, -0.9981674551963806, 1.588630199432373], [-0.31957346200942993, 0.9457582831382751, -0.058429259806871414, -0.10980224609375], [0.0, 0.0, 0.0, 1.0]], [[0.0017132839420810342, 0.9987318515777588, -0.05031576380133629, 0.002471923828125], [-0.02183072827756405, -0.05026649311184883, -0.9984971880912781, 1.5777816772460938], [-0.9997602105140686, 0.0028091170825064182, 0.021716922521591187, -0.0714111328125], [0.0, 0.0, 0.0, 1.0]], [[-0.9350708723068237, 0.3537604510784149, -0.0222708098590374, 1.0179443359375], [0.010621342808008194, -0.034838054329156876, -0.9993364810943604, 1.5528144836425781], [-0.3543016314506531, -0.9346870183944702, 0.028818635269999504, -0.107666015625], [0.0, 0.0, 0.0, 1.0]]], "view": [[0.0, -2.0, 100.0], [-2.0, 0.0, 100.0], [0.0, 0.0, 1.0]], "bev": "bev_4846472a4b3c47a1bae3f2defee8e0a8.png", "aux": "aux_4846472a4b3c47a1bae3f2defee8e0a8.npz", "visibility": "visibility_4846472a4b3c47a1bae3f2defee8e0a8.png", "pose": [[0.6177079081535339, -0.7864075899124146, 0.0, 781.7870483398438], [0.7864075899124146, 0.6177079081535339, 0.0, 1255.2183837890625], [0.0, 0.0, 1.0, 0.0], [0.0, 0.0, 0.0, 1.0]], "pose_inverse": [[0.6177079081535339, 0.7864075899124146, 0.0, -1470.029296875], [-0.7864075899124146, 0.6177079081535339, 0.0, -160.55502319335938], [0.0, 0.0, 1.0, 0.0], [0.0, 0.0, 0.0, 1.0]], "cam_ids": [0, 1, 2, 3, 4, 5], "cam_channels": ["CAM_FRONT_LEFT", "CAM_FRONT", "CAM_FRONT_RIGHT", "CAM_BACK_LEFT", "CAM_BACK", "CAM_BACK_RIGHT"], "token": "4846472a4b3c47a1bae3f2defee8e0a8", "scene": "scene-0386"}, {"images": ["samples/CAM_FRONT_LEFT/n015-2018-08-03-15-31-50+0800__CAM_FRONT_LEFT__1533281880604844.jpg", "samples/CAM_FRONT/n015-2018-08-03-15-31-50+0800__CAM_FRONT__1533281880612460.jpg", "samples/CAM_FRONT_RIGHT/n015-2018-08-03-15-31-50+0800__CAM_FRONT_RIGHT__1533281880620339.jpg", "samples/CAM_BACK_LEFT/n015-2018-08-03-15-31-50+0800__CAM_BACK_LEFT__1533281880647423.jpg", "samples/CAM_BACK/n015-2018-08-03-15-31-50+0800__CAM_BACK__1533281880637525.jpg", "samples/CAM_BACK_RIGHT/n015-2018-08-03-15-31-50+0800__CAM_BACK_RIGHT__1533281880627893.jpg"], "intrinsics": [[[1272.5979470598488, 0.0, 826.6154927353808], [0.0, 1272.5979470598488, 479.75165386361925], [0.0, 0.0, 1.0]], [[1266.417203046554, 0.0, 816.2670197447984], [0.0, 1266.417203046554, 491.50706579294757], [0.0, 0.0, 1.0]], [[1260.8474446004698, 0.0, 807.968244525554], [0.0, 1260.8474446004698, 495.3344268742088], [0.0, 0.0, 1.0]], [[1256.7414812095406, 0.0, 792.1125740759628], [0.0, 1256.7414812095406, 492.7757465151356], [0.0, 0.0, 1.0]], [[809.2209905677063, 0.0, 829.2196003259838], [0.0, 809.2209905677063, 481.77842384512485], [0.0, 0.0, 1.0]], [[1259.5137405846733, 0.0, 807.2529053838625], [0.0, 1259.5137405846733, 501.19579884916527], [0.0, 0.0, 1.0]]], "extrinsics": [[[0.8213027715682983, -0.5698971152305603, 0.026055311784148216, -0.7781982421875], [-0.00013440866314340383, -0.045864902436733246, -0.9989476203918457, 1.5082778930664062], [0.5704923868179321, 0.8204349875450134, -0.03774557262659073, -1.15228271484375], [0.0, 0.0, 0.0, 1.0]], [[0.006570443976670504, -0.998726487159729, 0.0500209666788578, 0.0074462890625], [-0.005347183905541897, -0.050056423991918564, -0.9987320899963379, 1.5195837020874023], [0.9999640583992004, 0.006294673308730125, -0.005669268313795328, -1.50341796875], [0.0, 0.0, 0.0, 1.0]], [[-0.8324719667434692, -0.5537750124931335, 0.017990585416555405, 0.9078369140625], [0.000346843822626397, -0.03299088776111603, -0.9994555711746216, 1.503725528717041], [0.5540670156478882, -0.8320125937461853, 0.027656061574816704, -1.16473388671875], [0.0, 0.0, 0.0, 1.0]], [[0.9475128650665283, 0.31950247287750244, -0.011727092787623405, -1.12646484375], [0.009080583229660988, -0.06355778872966766, -0.9979367852210999, 1.5887290239334106], [-0.3195885419845581, 0.945451557636261, -0.06312309205532074, -0.10931396484375], [0.0, 0.0, 0.0, 1.0]], [[0.001696550170890987, 0.9985611438751221, -0.05359761789441109, 0.00250244140625], [-0.01647576503455639, -0.053562503308057785, -0.9984285831451416, 1.5783004760742188], [-0.999862790107727, 0.002576882252469659, 0.016361190006136894, -0.0638427734375], [0.0, 0.0, 0.0, 1.0]], [[-0.9350458979606628, 0.3533754348754883, -0.02854526787996292, 1.0302734375], [0.01610226184129715, -0.03810248523950577, -0.9991441369056702, 1.5532989501953125], [-0.3541605770587921, -0.9347053170204163, 0.029937434941530228, -0.1029052734375], [0.0, 0.0, 0.0, 1.0]]], "view": [[0.0, -2.0, 100.0], [-2.0, 0.0, 100.0], [0.0, 0.0, 1.0]], "bev": "bev_d08624ccc0e14e409359afc815c1f7da.png", "aux": "aux_d08624ccc0e14e409359afc815c1f7da.npz", "visibility": "visibility_d08624ccc0e14e409359afc815c1f7da.png", "pose": [[0.6157105565071106, -0.7879723906517029, 0.0, 783.2315063476562], [0.7879723906517029, 0.6157105565071106, 0.0, 1257.056884765625], [0.0, 0.0, 1.0, 0.0], [0.0, 0.0, 0.0, 1.0]], "pose_inverse": [[0.6157105565071106, 0.7879723906517029, 0.0, -1472.77001953125], [-0.7879723906517029, 0.6157105565071106, 0.0, -156.81837463378906], [0.0, 0.0, 1.0, 0.0], [0.0, 0.0, 0.0, 1.0]], "cam_ids": [0, 1, 2, 3, 4, 5], "cam_channels": ["CAM_FRONT_LEFT", "CAM_FRONT", "CAM_FRONT_RIGHT", "CAM_BACK_LEFT", "CAM_BACK", "CAM_BACK_RIGHT"], "token": "d08624ccc0e14e409359afc815c1f7da", "scene": "scene-0386"}, {"images": ["samples/CAM_FRONT_LEFT/n015-2018-08-03-15-31-50+0800__CAM_FRONT_LEFT__1533281881104844.jpg", "samples/CAM_FRONT/n015-2018-08-03-15-31-50+0800__CAM_FRONT__1533281881112460.jpg", "samples/CAM_FRONT_RIGHT/n015-2018-08-03-15-31-50+0800__CAM_FRONT_RIGHT__1533281881120339.jpg", "samples/CAM_BACK_LEFT/n015-2018-08-03-15-31-50+0800__CAM_BACK_LEFT__1533281881147423.jpg", "samples/CAM_BACK/n015-2018-08-03-15-31-50+0800__CAM_BACK__1533281881137525.jpg", "samples/CAM_BACK_RIGHT/n015-2018-08-03-15-31-50+0800__CAM_BACK_RIGHT__1533281881127893.jpg"], "intrinsics": [[[1272.5979470598488, 0.0, 826.6154927353808], [0.0, 1272.5979470598488, 479.75165386361925], [0.0, 0.0, 1.0]], [[1266.417203046554, 0.0, 816.2670197447984], [0.0, 1266.417203046554, 491.50706579294757], [0.0, 0.0, 1.0]], [[1260.8474446004698, 0.0, 807.968244525554], [0.0, 1260.8474446004698, 495.3344268742088], [0.0, 0.0, 1.0]], [[1256.7414812095406, 0.0, 792.1125740759628], [0.0, 1256.7414812095406, 492.7757465151356], [0.0, 0.0, 1.0]], [[809.2209905677063, 0.0, 829.2196003259838], [0.0, 809.2209905677063, 481.77842384512485], [0.0, 0.0, 1.0]], [[1259.5137405846733, 0.0, 807.2529053838625], [0.0, 1259.5137405846733, 501.19579884916527], [0.0, 0.0, 1.0]]], "extrinsics": [[[0.8211017847061157, -0.570224940776825, 0.02520708739757538, -0.7864990234375], [0.0010899838525801897, -0.04259583353996277, -0.9990918040275574, 1.5085630416870117], [0.5707808136940002, 0.8203835487365723, -0.03435397893190384, -1.158447265625], [0.0, 0.0, 0.0, 1.0]], [[0.006258306093513966, -0.9988945126533508, 0.04658898338675499, 0.007720947265625], [-0.0042242188937962055, -0.04661589488387108, -0.9989039897918701, 1.5198450088500977], [0.9999715089797974, 0.0060546561144292355, -0.004511288367211819, -1.51220703125], [0.0, 0.0, 0.0, 1.0]], [[-0.832610547542572, -0.553652286529541, 0.015127448365092278, 0.9140625], [0.0013707528123632073, -0.029372600838541985, -0.9995675683021545, 1.503878116607666], [0.5538573265075684, -0.8322297930717468, 0.02521485835313797, -1.16839599609375], [0.0, 0.0, 0.0, 1.0]], [[0.9476310014724731, 0.3192210793495178, -0.009660392068326473, -1.1260986328125], [0.00990950409322977, -0.05962415039539337, -0.9981717467308044, 1.5887227058410645], [-0.3192134499549866, 0.9458028078079224, -0.0596650205552578, -0.109161376953125], [0.0, 0.0, 0.0, 1.0]], [[0.0019387525971978903, 0.998762845993042, -0.04969041422009468, 0.002349853515625], [-0.015430966392159462, -0.04965470731258392, -0.9986472725868225, 1.5784187316894531], [-0.9998791217803955, 0.002702876925468445, 0.015315606258809566, -0.060791015625], [0.0, 0.0, 0.0, 1.0]], [[-0.9349484443664551, 0.35365477204322815, -0.028280260041356087, 1.0352783203125], [0.017236048355698586, -0.03434016928076744, -0.9992616176605225, 1.553335189819336], [-0.3543647229671478, -0.9347454905509949, 0.026010673493146896, -0.1009521484375], [0.0, 0.0, 0.0, 1.0]]], "view": [[0.0, -2.0, 100.0], [-2.0, 0.0, 100.0], [0.0, 0.0, 1.0]], "bev": "bev_ee60ecaf4fa6444ca41da3c6fec6e820.png", "aux": "aux_ee60ecaf4fa6444ca41da3c6fec6e820.npz", "visibility": "visibility_ee60ecaf4fa6444ca41da3c6fec6e820.png", "pose": [[0.6154016256332397, -0.7882137298583984, 0.0, 784.7088623046875], [0.7882137298583984, 0.6154016256332397, 0.0, 1258.9404296875], [0.0, 0.0, 1.0, 0.0], [0.0, 0.0, 0.0, 1.0]], "pose_inverse": [[0.6154016256332397, 0.7882137298583984, 0.0, -1475.2252197265625], [-0.7882137298583984, 0.6154016256332397, 0.0, -156.2356719970703], [0.0, 0.0, 1.0, 0.0], [0.0, 0.0, 0.0, 1.0]], "cam_ids": [0, 1, 2, 3, 4, 5], "cam_channels": ["CAM_FRONT_LEFT", "CAM_FRONT", "CAM_FRONT_RIGHT", "CAM_BACK_LEFT", "CAM_BACK", "CAM_BACK_RIGHT"], "token": "ee60ecaf4fa6444ca41da3c6fec6e820", "scene": "scene-0386"}, {"images": ["samples/CAM_FRONT_LEFT/n015-2018-08-03-15-31-50+0800__CAM_FRONT_LEFT__1533281881654844.jpg", "samples/CAM_FRONT/n015-2018-08-03-15-31-50+0800__CAM_FRONT__1533281881662460.jpg", "samples/CAM_FRONT_RIGHT/n015-2018-08-03-15-31-50+0800__CAM_FRONT_RIGHT__1533281881670339.jpg", "samples/CAM_BACK_LEFT/n015-2018-08-03-15-31-50+0800__CAM_BACK_LEFT__1533281881697423.jpg", "samples/CAM_BACK/n015-2018-08-03-15-31-50+0800__CAM_BACK__1533281881687525.jpg", "samples/CAM_BACK_RIGHT/n015-2018-08-03-15-31-50+0800__CAM_BACK_RIGHT__1533281881677893.jpg"], "intrinsics": [[[1272.5979470598488, 0.0, 826.6154927353808], [0.0, 1272.5979470598488, 479.75165386361925], [0.0, 0.0, 1.0]], [[1266.417203046554, 0.0, 816.2670197447984], [0.0, 1266.417203046554, 491.50706579294757], [0.0, 0.0, 1.0]], [[1260.8474446004698, 0.0, 807.968244525554], [0.0, 1260.8474446004698, 495.3344268742088], [0.0, 0.0, 1.0]], [[1256.7414812095406, 0.0, 792.1125740759628], [0.0, 1256.7414812095406, 492.7757465151356], [0.0, 0.0, 1.0]], [[809.2209905677063, 0.0, 829.2196003259838], [0.0, 809.2209905677063, 481.77842384512485], [0.0, 0.0, 1.0]], [[1259.5137405846733, 0.0, 807.2529053838625], [0.0, 1259.5137405846733, 501.19579884916527], [0.0, 0.0, 1.0]]], "extrinsics": [[[0.8210697770118713, -0.5705990195274353, 0.01615968719124794, -0.812255859375], [-0.009055315516889095, -0.04132545366883278, -0.9991047382354736, 1.5066375732421875], [0.5707559585571289, 0.8201883435249329, -0.03909803554415703, -1.1759033203125], [0.0, 0.0, 0.0, 1.0]], [[0.006287114229053259, -0.9989529848098755, 0.04531481862068176, 0.007110595703125], [-0.014483829960227013, -0.045401934534311295, -0.9988638162612915, 1.5183563232421875], [0.9998753666877747, 0.005623688455671072, -0.014754114672541618, -1.5384521484375], [0.0, 0.0, 0.0, 1.0]], [[-0.8326684832572937, -0.5532888174057007, 0.023122241720557213, 0.9312744140625], [-0.009028108790516853, -0.028185438364744186, -0.9995619058609009, 1.5025672912597656], [0.5536981821060181, -0.8325124979019165, 0.018473975360393524, -1.180908203125], [0.0, 0.0, 0.0, 1.0]], [[0.9475297927856445, 0.31906935572624207, -0.019547367468476295, -1.130615234375], [-0.0009729925077408552, -0.05827009677886963, -0.9983003735542297, 1.5885515213012695], [-0.31966614723205566, 0.9459383487701416, -0.054902199655771255, -0.1077880859375], [0.0, 0.0, 0.0, 1.0]], [[0.0017554465448483825, 0.9988250732421875, -0.048429615795612335, 0.00274658203125], [-0.026169346645474434, -0.0483672209084034, -0.9984867572784424, 1.5780029296875], [-0.9996560215950012, 0.003020161297172308, 0.026053691282868385, -0.0501708984375], [0.0, 0.0, 0.0, 1.0]], [[-0.9350338578224182, 0.35410207509994507, -0.017985545098781586, 1.0511474609375], [0.006677607074379921, -0.0331302285194397, -0.9994287490844727, 1.552065372467041], [-0.354495644569397, -0.9346197843551636, 0.02861333079636097, -0.09552001953125], [0.0, 0.0, 0.0, 1.0]]], "view": [[0.0, -2.0, 100.0], [-2.0, 0.0, 100.0], [0.0, 0.0, 1.0]], "bev": "bev_5c7a0c05d2a04f3a8fa7f70354638144.png", "aux": "aux_5c7a0c05d2a04f3a8fa7f70354638144.npz", "visibility": "visibility_5c7a0c05d2a04f3a8fa7f70354638144.png", "pose": [[0.615009605884552, -0.7885196208953857, 0.0, 786.1842041015625], [0.7885196208953857, 0.615009605884552, 0.0, 1260.8033447265625], [0.0, 0.0, 1.0, 0.0], [0.0, 0.0, 0.0, 1.0]], "pose_inverse": [[0.615009605884552, 0.7885196208953857, 0.0, -1477.678955078125], [-0.7885196208953857, 0.615009605884552, 0.0, -155.48446655273438], [0.0, 0.0, 1.0, 0.0], [0.0, 0.0, 0.0, 1.0]], "cam_ids": [0, 1, 2, 3, 4, 5], "cam_channels": ["CAM_FRONT_LEFT", "CAM_FRONT", "CAM_FRONT_RIGHT", "CAM_BACK_LEFT", "CAM_BACK", "CAM_BACK_RIGHT"], "token": "5c7a0c05d2a04f3a8fa7f70354638144", "scene": "scene-0386"}, {"images": ["samples/CAM_FRONT_LEFT/n015-2018-08-03-15-31-50+0800__CAM_FRONT_LEFT__1533281882154844.jpg", "samples/CAM_FRONT/n015-2018-08-03-15-31-50+0800__CAM_FRONT__1533281882162460.jpg", "samples/CAM_FRONT_RIGHT/n015-2018-08-03-15-31-50+0800__CAM_FRONT_RIGHT__1533281882170339.jpg", "samples/CAM_BACK_LEFT/n015-2018-08-03-15-31-50+0800__CAM_BACK_LEFT__1533281882197423.jpg", "samples/CAM_BACK/n015-2018-08-03-15-31-50+0800__CAM_BACK__1533281882187525.jpg", "samples/CAM_BACK_RIGHT/n015-2018-08-03-15-31-50+0800__CAM_BACK_RIGHT__1533281882177893.jpg"], "intrinsics": [[[1272.5979470598488, 0.0, 826.6154927353808], [0.0, 1272.5979470598488, 479.75165386361925], [0.0, 0.0, 1.0]], [[1266.417203046554, 0.0, 816.2670197447984], [0.0, 1266.417203046554, 491.50706579294757], [0.0, 0.0, 1.0]], [[1260.8474446004698, 0.0, 807.968244525554], [0.0, 1260.8474446004698, 495.3344268742088], [0.0, 0.0, 1.0]], [[1256.7414812095406, 0.0, 792.1125740759628], [0.0, 1256.7414812095406, 492.7757465151356], [0.0, 0.0, 1.0]], [[809.2209905677063, 0.0, 829.2196003259838], [0.0, 809.2209905677063, 481.77842384512485], [0.0, 0.0, 1.0]], [[1259.5137405846733, 0.0, 807.2529053838625], [0.0, 1259.5137405846733, 501.19579884916527], [0.0, 0.0, 1.0]]], "extrinsics": [[[0.8209807872772217, -0.5708898901939392, 0.00867308396846056, -0.8271484375], [-0.01696888357400894, -0.03958060219883919, -0.999072253704071, 1.5054092407226562], [0.5707035064697266, 0.8200719952583313, -0.042182277888059616, -1.1845703125], [0.0, 0.0, 0.0, 1.0]], [[0.006344962399452925, -0.9990283250808716, 0.04361341521143913, 0.0060272216796875], [-0.02237977273762226, -0.043745238333940506, -0.9987920522689819, 1.5174369812011719], [0.999729335308075, 0.005361318588256836, -0.02263558842241764, -1.5537109375], [0.0, 0.0, 0.0, 1.0]], [[-0.8326069712638855, -0.5531147122383118, 0.028805000707507133, 0.94189453125], [-0.016887865960597992, -0.026630500331521034, -0.9995026588439941, 1.5018138885498047], [0.5536066889762878, -0.8326793313026428, 0.012831811793148518, -1.1888427734375], [0.0, 0.0, 0.0, 1.0]], [[0.9474226832389832, 0.3188959062099457, -0.026376968249678612, -1.13232421875], [-0.008581683970987797, -0.057079777121543884, -0.9983327388763428, 1.5884647369384766], [-0.3198698163032532, 0.9460694789886475, -0.05134200677275658, -0.107025146484375], [0.0, 0.0, 0.0, 1.0]], [[0.001608571968972683, 0.9988872408866882, -0.047136105597019196, 0.0029144287109375], [-0.033874545246362686, -0.04705468565225601, -0.9983177781105042, 1.5778007507324219], [-0.9994248151779175, 0.003202635096386075, 0.0337611548602581, -0.0443115234375], [0.0, 0.0, 0.0, 1.0]], [[-0.935061514377594, 0.3543391525745392, -0.010190501809120178, 1.06103515625], [-0.0011168144410476089, -0.031691864132881165, -0.9994970560073853, 1.5513577461242676], [-0.3544839024543762, -0.9345797896385193, 0.030029574409127235, -0.09222412109375], [0.0, 0.0, 0.0, 1.0]]], "view": [[0.0, -2.0, 100.0], [-2.0, 0.0, 100.0], [0.0, 0.0, 1.0]], "bev": "bev_b4cb821bf85541cf941fb383872c4548.png", "aux": "aux_b4cb821bf85541cf941fb383872c4548.npz", "visibility": "visibility_b4cb821bf85541cf941fb383872c4548.png", "pose": [[0.6144537925720215, -0.7889528274536133, 0.0, 787.380859375], [0.7889528274536133, 0.6144537925720215, 0.0, 1262.321044921875], [0.0, 0.0, 1.0, 0.0], [0.0, 0.0, 0.0, 1.0]], "pose_inverse": [[0.6144537925720215, 0.7889528274536133, 0.0, -1479.720947265625], [-0.7889528274536133, 0.6144537925720215, 0.0, -154.43157958984375], [0.0, 0.0, 1.0, 0.0], [0.0, 0.0, 0.0, 1.0]], "cam_ids": [0, 1, 2, 3, 4, 5], "cam_channels": ["CAM_FRONT_LEFT", "CAM_FRONT", "CAM_FRONT_RIGHT", "CAM_BACK_LEFT", "CAM_BACK", "CAM_BACK_RIGHT"], "token": "b4cb821bf85541cf941fb383872c4548", "scene": "scene-0386"}, {"images": ["samples/CAM_FRONT_LEFT/n015-2018-08-03-15-31-50+0800__CAM_FRONT_LEFT__1533281882654844.jpg", "samples/CAM_FRONT/n015-2018-08-03-15-31-50+0800__CAM_FRONT__1533281882662460.jpg", "samples/CAM_FRONT_RIGHT/n015-2018-08-03-15-31-50+0800__CAM_FRONT_RIGHT__1533281882670339.jpg", "samples/CAM_BACK_LEFT/n015-2018-08-03-15-31-50+0800__CAM_BACK_LEFT__1533281882697423.jpg", "samples/CAM_BACK/n015-2018-08-03-15-31-50+0800__CAM_BACK__1533281882687525.jpg", "samples/CAM_BACK_RIGHT/n015-2018-08-03-15-31-50+0800__CAM_BACK_RIGHT__1533281882677893.jpg"], "intrinsics": [[[1272.5979470598488, 0.0, 826.6154927353808], [0.0, 1272.5979470598488, 479.75165386361925], [0.0, 0.0, 1.0]], [[1266.417203046554, 0.0, 816.2670197447984], [0.0, 1266.417203046554, 491.50706579294757], [0.0, 0.0, 1.0]], [[1260.8474446004698, 0.0, 807.968244525554], [0.0, 1260.8474446004698, 495.3344268742088], [0.0, 0.0, 1.0]], [[1256.7414812095406, 0.0, 792.1125740759628], [0.0, 1256.7414812095406, 492.7757465151356], [0.0, 0.0, 1.0]], [[809.2209905677063, 0.0, 829.2196003259838], [0.0, 809.2209905677063, 481.77842384512485], [0.0, 0.0, 1.0]], [[1259.5137405846733, 0.0, 807.2529053838625], [0.0, 1259.5137405846733, 501.19579884916527], [0.0, 0.0, 1.0]]], "extrinsics": [[[0.8210753202438354, -0.570798397064209, 0.004951270297169685, -0.844970703125], [-0.020219586789608, -0.037751566618680954, -0.9990825653076172, 1.505340576171875], [0.570461630821228, 0.8202219605445862, -0.04253818839788437, -1.1978759765625], [0.0, 0.0, 0.0, 1.0]], [[0.006565587129443884, -0.9991084337234497, 0.041702743619680405, 0.006561279296875], [-0.025413045659661293, -0.04185688495635986, -0.9988003969192505, 1.5174751281738281], [0.9996554255485535, 0.0054979450069367886, -0.025665204972028732, -1.5706787109375], [0.0, 0.0, 0.0, 1.0]], [[-0.8324937224388123, -0.5532167553901672, 0.03008919022977352, 0.951904296875], [-0.019701458513736725, -0.024715105071663857, -0.9995003938674927, 1.5017471313476562], [0.5536839365959167, -0.8326705098152161, 0.009675994515419006, -1.19476318359375], [0.0, 0.0, 0.0, 1.0]], [[0.9473920464515686, 0.31886211037635803, -0.02784120664000511, -1.1339111328125], [-0.010738173499703407, -0.055270835757255554, -0.9984136819839478, 1.5884666442871094], [-0.31989505887031555, 0.9461882710456848, -0.048939164727926254, -0.10662841796875], [0.0, 0.0, 0.0, 1.0]], [[0.0015375240473076701, 0.99897301197052, -0.045282233506441116, 0.002593994140625], [-0.036238305270671844, -0.04519687965512276, -0.9983205795288086, 1.5778617858886719], [-0.9993419647216797, 0.0031759473495185375, 0.0361315980553627, -0.03955078125], [0.0, 0.0, 0.0, 1.0]], [[-0.9350891709327698, 0.35434162616729736, -0.00708100525662303, 1.0677490234375], [-0.0037203552201390266, -0.029792364686727524, -0.999549150466919, 1.551182746887207], [-0.3543928861618042, -0.9346413016319275, 0.029176795855164528, -0.08929443359375], [0.0, 0.0, 0.0, 1.0]]], "view": [[0.0, -2.0, 100.0], [-2.0, 0.0, 100.0], [0.0, 0.0, 1.0]], "bev": "bev_580d4a096fa847dca1da295553d27b48.png", "aux": "aux_580d4a096fa847dca1da295553d27b48.npz", "visibility": "visibility_580d4a096fa847dca1da295553d27b48.png", "pose": [[0.6141730546951294, -0.7891713380813599, 0.0, 788.4761352539062], [0.7891713380813599, 0.6141730546951294, 0.0, 1263.7210693359375], [0.0, 0.0, 1.0, 0.0], [0.0, 0.0, 0.0, 1.0]], "pose_inverse": [[0.6141730546951294, 0.7891713380813599, 0.0, -1481.5533447265625], [-0.7891713380813599, 0.6141730546951294, 0.0, -153.9006805419922], [0.0, 0.0, 1.0, 0.0], [0.0, 0.0, 0.0, 1.0]], "cam_ids": [0, 1, 2, 3, 4, 5], "cam_channels": ["CAM_FRONT_LEFT", "CAM_FRONT", "CAM_FRONT_RIGHT", "CAM_BACK_LEFT", "CAM_BACK", "CAM_BACK_RIGHT"], "token": "580d4a096fa847dca1da295553d27b48", "scene": "scene-0386"}, {"images": ["samples/CAM_FRONT_LEFT/n015-2018-08-03-15-31-50+0800__CAM_FRONT_LEFT__1533281883154844.jpg", "samples/CAM_FRONT/n015-2018-08-03-15-31-50+0800__CAM_FRONT__1533281883162460.jpg", "samples/CAM_FRONT_RIGHT/n015-2018-08-03-15-31-50+0800__CAM_FRONT_RIGHT__1533281883170339.jpg", "samples/CAM_BACK_LEFT/n015-2018-08-03-15-31-50+0800__CAM_BACK_LEFT__1533281883197423.jpg", "samples/CAM_BACK/n015-2018-08-03-15-31-50+0800__CAM_BACK__1533281883187525.jpg", "samples/CAM_BACK_RIGHT/n015-2018-08-03-15-31-50+0800__CAM_BACK_RIGHT__1533281883177893.jpg"], "intrinsics": [[[1272.5979470598488, 0.0, 826.6154927353808], [0.0, 1272.5979470598488, 479.75165386361925], [0.0, 0.0, 1.0]], [[1266.417203046554, 0.0, 816.2670197447984], [0.0, 1266.417203046554, 491.50706579294757], [0.0, 0.0, 1.0]], [[1260.8474446004698, 0.0, 807.968244525554], [0.0, 1260.8474446004698, 495.3344268742088], [0.0, 0.0, 1.0]], [[1256.7414812095406, 0.0, 792.1125740759628], [0.0, 1256.7414812095406, 492.7757465151356], [0.0, 0.0, 1.0]], [[809.2209905677063, 0.0, 829.2196003259838], [0.0, 809.2209905677063, 481.77842384512485], [0.0, 0.0, 1.0]], [[1259.5137405846733, 0.0, 807.2529053838625], [0.0, 1259.5137405846733, 501.19579884916527], [0.0, 0.0, 1.0]]], "extrinsics": [[[0.8209080100059509, -0.5709941387176514, 0.00870539154857397, -0.8524169921875], [-0.014895553700625896, -0.03664916753768921, -0.99921715259552, 1.5061988830566406], [0.5708661675453186, 0.8201357126235962, -0.03859086334705353, -1.20184326171875], [0.0, 0.0, 0.0, 1.0]], [[0.0061617218889296055, -0.9991613626480103, 0.040478385984897614, 0.00567626953125], [-0.02005920186638832, -0.04059451445937157, -0.9989743232727051, 1.5182571411132812], [0.9997798204421997, 0.00534333661198616, -0.020292507484555244, -1.5791015625], [0.0, 0.0, 0.0, 1.0]], [[-0.8327178359031677, -0.5531423687934875, 0.024789489805698395, 0.958740234375], [-0.01430679764598608, -0.023261141031980515, -0.9996270537376404, 1.5023727416992188], [0.5535127520561218, -0.8327619433403015, 0.011456272564828396, -1.2000732421875], [0.0, 0.0, 0.0, 1.0]], [[0.9475183486938477, 0.31895312666893005, -0.021861262619495392, -1.134765625], [-0.005186909809708595, -0.05303448438644409, -0.998579204082489, 1.5885124206542969], [-0.3196592926979065, 0.9462855458259583, -0.04859676584601402, -0.106201171875], [0.0, 0.0, 0.0, 1.0]], [[0.0018038724083453417, 0.9990592002868652, -0.04333171620965004, 0.0030670166015625], [-0.030756961554288864, -0.04325585812330246, -0.998