[{"images": ["samples/CAM_FRONT_LEFT/n015-2018-07-18-11-50-34+0800__CAM_FRONT_LEFT__1531885907604844.jpg", "samples/CAM_FRONT/n015-2018-07-18-11-50-34+0800__CAM_FRONT__1531885907612464.jpg", "samples/CAM_FRONT_RIGHT/n015-2018-07-18-11-50-34+0800__CAM_FRONT_RIGHT__1531885907620339.jpg", "samples/CAM_BACK_LEFT/n015-2018-07-18-11-50-34+0800__CAM_BACK_LEFT__1531885907647423.jpg", "samples/CAM_BACK/n015-2018-07-18-11-50-34+0800__CAM_BACK__1531885907637525.jpg", "samples/CAM_BACK_RIGHT/n015-2018-07-18-11-50-34+0800__CAM_BACK_RIGHT__1531885907627893.jpg"], "intrinsics": [[[1272.5979470598488, 0.0, 826.6154927353808], [0.0, 1272.5979470598488, 479.75165386361925], [0.0, 0.0, 1.0]], [[1266.417203046554, 0.0, 816.2670197447984], [0.0, 1266.417203046554, 491.50706579294757], [0.0, 0.0, 1.0]], [[1260.8474446004698, 0.0, 807.968244525554], [0.0, 1260.8474446004698, 495.3344268742088], [0.0, 0.0, 1.0]], [[1256.7414812095406, 0.0, 792.1125740759628], [0.0, 1256.7414812095406, 492.7757465151356], [0.0, 0.0, 1.0]], [[809.2209905677063, 0.0, 829.2196003259838], [0.0, 809.2209905677063, 481.77842384512485], [0.0, 0.0, 1.0]], [[1259.5137405846733, 0.0, 807.2529053838625], [0.0, 1259.5137405846733, 501.19579884916527], [0.0, 0.0, 1.0]]], "extrinsics": [[[0.8206543922424316, -0.5711308717727661, 0.018324125558137894, -0.912353515625], [0.023064622655510902, 0.0010660320986062288, -0.9997334480285645, 1.5097198486328125], [0.5709590315818787, 0.820858359336853, 0.01404776144772768, -1.24407958984375], [0.0, 0.0, 0.0, 1.0]], [[0.005763893481343985, -0.9999788403511047, 0.003004270838573575, 0.005615234375], [0.017763236537575722, -0.002901460276916623, -0.9998380541801453, 1.5214653015136719], [0.9998255968093872, 0.00581632973626256, 0.017746135592460632, -1.6395263671875], [0.0, 0.0, 0.0, 1.0]], [[-0.8324489593505859, -0.5534216165542603, -0.02744332328438759, 0.99822998046875], [0.023375770077109337, 0.014408252201974392, -0.9996228814125061, 1.504598617553711], [0.5536082983016968, -0.8327766060829163, 0.0009425245807506144, -1.2257080078125], [0.0, 0.0, 0.0, 1.0]], [[0.9474216103553772, 0.31898802518844604, 0.025275537744164467, -1.14105224609375], [0.03191365301609039, -0.015599654987454414, -0.9993688464164734, 1.588592529296875], [-0.3183923363685608, 0.9476304054260254, -0.024959523230791092, -0.10406494140625], [0.0, 0.0, 0.0, 1.0]], [[0.0024967105127871037, 0.9999808073043823, -0.005686213728040457, 0.00274658203125], [0.006566530093550682, -0.0057025025598704815, -0.9999621510505676, 1.5794601440429688], [-0.999975323677063, 0.0024592727422714233, -0.006580641958862543, -0.013916015625], [0.0, 0.0, 0.0, 1.0]], [[-0.9342854022979736, 0.35496649146080017, -0.03331036493182182, 1.108154296875], [0.03923225775361061, 0.009496418759226799, -0.9991850256919861, 1.5526161193847656], [-0.3543608486652374, -0.9348307847976685, -0.022798502817749977, -0.0740966796875], [0.0, 0.0, 0.0, 1.0]]], "view": [[0.0, -2.0, 100.0], [-2.0, 0.0, 100.0], [0.0, 0.0, 1.0]], "bev": "bev_517a07a7eea34fb6b8fbee028840ec87.png", "aux": "aux_517a07a7eea34fb6b8fbee028840ec87.npz", "visibility": "visibility_517a07a7eea34fb6b8fbee028840ec87.png", "pose": [[-0.07141263782978058, -0.9974468350410461, 0.0, 504.2704772949219], [0.9974468350410461, -0.07141263782978058, 0.0, 1244.8035888671875], [0.0, 0.0, 1.0, 0.0], [0.0, 0.0, 0.0, 1.0]], "pose_inverse": [[-0.07141263782978058, 0.9974468350410461, 0.0, -1205.6141357421875], [-0.9974468350410461, -0.07141263782978058, 0.0, 591.877685546875], [0.0, 0.0, 1.0, 0.0], [0.0, 0.0, 0.0, 1.0]], "cam_ids": [0, 1, 2, 3, 4, 5], "cam_channels": ["CAM_FRONT_LEFT", "CAM_FRONT", "CAM_FRONT_RIGHT", "CAM_BACK_LEFT", "CAM_BACK", "CAM_BACK_RIGHT"], "token": "517a07a7eea34fb6b8fbee028840ec87", "scene": "scene-0020"}, {"images": ["samples/CAM_FRONT_LEFT/n015-2018-07-18-11-50-34+0800__CAM_FRONT_LEFT__1531885908104844.jpg", "samples/CAM_FRONT/n015-2018-07-18-11-50-34+0800__CAM_FRONT__1531885908112479.jpg", "samples/CAM_FRONT_RIGHT/n015-2018-07-18-11-50-34+0800__CAM_FRONT_RIGHT__1531885908120339.jpg", "samples/CAM_BACK_LEFT/n015-2018-07-18-11-50-34+0800__CAM_BACK_LEFT__1531885908147423.jpg", "samples/CAM_BACK/n015-2018-07-18-11-50-34+0800__CAM_BACK__1531885908137525.jpg", "samples/CAM_BACK_RIGHT/n015-2018-07-18-11-50-34+0800__CAM_BACK_RIGHT__1531885908127893.jpg"], "intrinsics": [[[1272.5979470598488, 0.0, 826.6154927353808], [0.0, 1272.5979470598488, 479.75165386361925], [0.0, 0.0, 1.0]], [[1266.417203046554, 0.0, 816.2670197447984], [0.0, 1266.417203046554, 491.50706579294757], [0.0, 0.0, 1.0]], [[1260.8474446004698, 0.0, 807.968244525554], [0.0, 1260.8474446004698, 495.3344268742088], [0.0, 0.0, 1.0]], [[1256.7414812095406, 0.0, 792.1125740759628], [0.0, 1256.7414812095406, 492.7757465151356], [0.0, 0.0, 1.0]], [[809.2209905677063, 0.0, 829.2196003259838], [0.0, 809.2209905677063, 481.77842384512485], [0.0, 0.0, 1.0]], [[1259.5137405846733, 0.0, 807.2529053838625], [0.0, 1259.5137405846733, 501.19579884916527], [0.0, 0.0, 1.0]]], "extrinsics": [[[0.820604681968689, -0.5712605714797974, 0.016405129805207253, -0.9366455078125], [0.022246886044740677, 0.0032470598816871643, -0.9997472167015076, 1.5090065002441406], [0.5710629820823669, 0.8207622766494751, 0.015373323112726212, -1.2613525390625], [0.0, 0.0, 0.0, 1.0]], [[0.005680051166564226, -0.9999834299087524, 0.0008807572885416448, 0.00579833984375], [0.01696966215968132, -0.0007842546910978854, -0.9998557567596436, 1.5210113525390625], [0.9998398423194885, 0.005694173742085695, 0.016964925453066826, -1.6641845703125], [0.0, 0.0, 0.0, 1.0]], [[-0.8325031995773315, -0.553315281867981, -0.02793966978788376, 1.01434326171875], [0.02260936051607132, 0.016457848250865936, -0.9996088743209839, 1.5041313171386719], [0.5535586476325989, -0.832809329032898, -0.001191105111502111, -1.2362060546875], [0.0, 0.0, 0.0, 1.0]], [[0.947424590587616, 0.31897810101509094, 0.02529117837548256, -1.14154052734375], [0.03137309476733208, -0.013942573219537735, -0.9994104504585266, 1.5885696411132812], [-0.318437397480011, 0.9476596117019653, -0.023216865956783295, -0.10394287109375], [0.0, 0.0, 0.0, 1.0]], [[0.0024954434484243393, 0.9999893307685852, -0.003903972916305065, 0.002685546875], [0.005918954033404589, -0.003918686416000128, -0.9999748468399048, 1.5794100761413574], [-0.9999793767929077, 0.0024722719099372625, -0.0059286681935191154, -0.0067138671875], [0.0, 0.0, 0.0, 1.0]], [[-0.9342963695526123, 0.3550630509853363, -0.03194691240787506, 1.1212158203125], [0.03850752115249634, 0.011424176394939423, -0.999193012714386, 1.55206298828125], [-0.3544115722179413, -0.9347725510597229, -0.024346165359020233, -0.06903076171875], [0.0, 0.0, 0.0, 1.0]]], "view": [[0.0, -2.0, 100.0], [-2.0, 0.0, 100.0], [0.0, 0.0, 1.0]], "bev": "bev_9a243822c8dd451f863c6f3e02c520f3.png", "aux": "aux_9a243822c8dd451f863c6f3e02c520f3.npz", "visibility": "visibility_9a243822c8dd451f863c6f3e02c520f3.png", "pose": [[-0.07062030583620071, -0.9975032806396484, 0.0, 504.2461853027344], [0.9975032806396484, -0.07062030583620071, 0.0, 1245.3438720703125], [0.0, 0.0, 1.0, 0.0], [0.0, 0.0, 0.0, 1.0]], "pose_inverse": [[-0.07062030583620071, 0.9975032806396484, 0.0, -1206.62451171875], [-0.9975032806396484, -0.07062030583620071, 0.0, 590.9337768554688], [0.0, 0.0, 1.0, 0.0], [0.0, 0.0, 0.0, 1.0]], "cam_ids": [0, 1, 2, 3, 4, 5], "cam_channels": ["CAM_FRONT_LEFT", "CAM_FRONT", "CAM_FRONT_RIGHT", "CAM_BACK_LEFT", "CAM_BACK", "CAM_BACK_RIGHT"], "token": "9a243822c8dd451f863c6f3e02c520f3", "scene": "scene-0020"}, {"images": ["samples/CAM_FRONT_LEFT/n015-2018-07-18-11-50-34+0800__CAM_FRONT_LEFT__1531885908604844.jpg", "samples/CAM_FRONT/n015-2018-07-18-11-50-34+0800__CAM_FRONT__1531885908612467.jpg", "samples/CAM_FRONT_RIGHT/n015-2018-07-18-11-50-34+0800__CAM_FRONT_RIGHT__1531885908620339.jpg", "samples/CAM_BACK_LEFT/n015-2018-07-18-11-50-34+0800__CAM_BACK_LEFT__1531885908647423.jpg", "samples/CAM_BACK/n015-2018-07-18-11-50-34+0800__CAM_BACK__1531885908637525.jpg", "samples/CAM_BACK_RIGHT/n015-2018-07-18-11-50-34+0800__CAM_BACK_RIGHT__1531885908627893.jpg"], "intrinsics": [[[1272.5979470598488, 0.0, 826.6154927353808], [0.0, 1272.5979470598488, 479.75165386361925], [0.0, 0.0, 1.0]], [[1266.417203046554, 0.0, 816.2670197447984], [0.0, 1266.417203046554, 491.50706579294757], [0.0, 0.0, 1.0]], [[1260.8474446004698, 0.0, 807.968244525554], [0.0, 1260.8474446004698, 495.3344268742088], [0.0, 0.0, 1.0]], [[1256.7414812095406, 0.0, 792.1125740759628], [0.0, 1256.7414812095406, 492.7757465151356], [0.0, 0.0, 1.0]], [[809.2209905677063, 0.0, 829.2196003259838], [0.0, 809.2209905677063, 481.77842384512485], [0.0, 0.0, 1.0]], [[1259.5137405846733, 0.0, 807.2529053838625], [0.0, 1259.5137405846733, 501.19579884916527], [0.0, 0.0, 1.0]]], "extrinsics": [[[0.8206891417503357, -0.5711604952812195, 0.015653517097234726, -0.9544677734375], [0.02230844646692276, 0.004655171651393175, -0.9997402429580688, 1.508514404296875], [0.5709392428398132, 0.8208251595497131, 0.01656215265393257, -1.2740020751953125], [0.0, 0.0, 0.0, 1.0]], [[0.005808550864458084, -0.9999829530715942, -0.00048784271348267794, 0.00592041015625], [0.0170143935829401, 0.0005866112769581378, -0.999855101108551, 1.5207023620605469], [0.9998382925987244, 0.005799415055662394, 0.017017511650919914, -1.6822509765625], [0.0, 0.0, 0.0, 1.0]], [[-0.8324436545372009, -0.55336594581604, -0.028698628768324852, 1.026123046875], [0.022634217515587807, 0.017791159451007843, -0.9995854496955872, 1.5038080215454102], [0.5536471605300903, -0.8327482342720032, -0.0022851310204714537, -1.24365234375], [0.0, 0.0, 0.0, 1.0]], [[0.947415828704834, 0.3189753293991089, 0.025648435577750206, -1.14208984375], [0.03131227195262909, -0.012640273198485374, -0.9994296431541443, 1.5885658264160156], [-0.31846922636032104, 0.9476786255836487, -0.021963438019156456, -0.103759765625], [0.0, 0.0, 0.0, 1.0]], [[0.0024360395036637783, 0.9999937415122986, -0.0025811863597482443, 0.0025634765625], [0.005892356391996145, -0.0025955033488571644, -0.9999792575836182, 1.5793766975402832], [-0.9999797344207764, 0.0024207662791013718, -0.005898640491068363, -0.00146484375], [0.0, 0.0, 0.0, 1.0]], [[-0.9343264698982239, 0.35502544045448303, -0.03147853538393974, 1.130859375], [0.03851398080587387, 0.012765328399837017, -0.9991765022277832, 1.5516624450683594], [-0.35433122515678406, -0.9347694516181946, -0.025600427761673927, -0.0652923583984375], [0.0, 0.0, 0.0, 1.0]]], "view": [[0.0, -2.0, 100.0], [-2.0, 0.0, 100.0], [0.0, 0.0, 1.0]], "bev": "bev_d17367e65c5848a1b1bd13545b4588d0.png", "aux": "aux_d17367e65c5848a1b1bd13545b4588d0.npz", "visibility": "visibility_d17367e65c5848a1b1bd13545b4588d0.png", "pose": [[-0.0702231153845787, -0.9975312948226929, 0.0, 504.2381896972656], [0.9975312948226929, -0.0702231153845787, 0.0, 1245.605224609375], [0.0, 0.0, 1.0, 0.0], [0.0, 0.0, 0.0, 1.0]], "pose_inverse": [[-0.0702231153845787, 0.9975312948226929, 0.0, -1207.12109375], [-0.9975312948226929, -0.0702231153845787, 0.0, 590.4636840820312], [0.0, 0.0, 1.0, 0.0], [0.0, 0.0, 0.0, 1.0]], "cam_ids": [0, 1, 2, 3, 4, 5], "cam_channels": ["CAM_FRONT_LEFT", "CAM_FRONT", "CAM_FRONT_RIGHT", "CAM_BACK_LEFT", "CAM_BACK", "CAM_BACK_RIGHT"], "token": "d17367e65c5848a1b1bd13545b4588d0", "scene": "scene-0020"}, {"images": ["samples/CAM_FRONT_LEFT/n015-2018-07-18-11-50-34+0800__CAM_FRONT_LEFT__1531885909154844.jpg", "samples/CAM_FRONT/n015-2018-07-18-11-50-34+0800__CAM_FRONT__1531885909162460.jpg", "samples/CAM_FRONT_RIGHT/n015-2018-07-18-11-50-34+0800__CAM_FRONT_RIGHT__1531885909170339.jpg", "samples/CAM_BACK_LEFT/n015-2018-07-18-11-50-34+0800__CAM_BACK_LEFT__1531885909197423.jpg", "samples/CAM_BACK/n015-2018-07-18-11-50-34+0800__CAM_BACK__1531885909187525.jpg", "samples/CAM_BACK_RIGHT/n015-2018-07-18-11-50-34+0800__CAM_BACK_RIGHT__1531885909177893.jpg"], "intrinsics": [[[1272.5979470598488, 0.0, 826.6154927353808], [0.0, 1272.5979470598488, 479.75165386361925], [0.0, 0.0, 1.0]], [[1266.417203046554, 0.0, 816.2670197447984], [0.0, 1266.417203046554, 491.50706579294757], [0.0, 0.0, 1.0]], [[1260.8474446004698, 0.0, 807.968244525554], [0.0, 1260.8474446004698, 495.3344268742088], [0.0, 0.0, 1.0]], [[1256.7414812095406, 0.0, 792.1125740759628], [0.0, 1256.7414812095406, 492.7757465151356], [0.0, 0.0, 1.0]], [[809.2209905677063, 0.0, 829.2196003259838], [0.0, 809.2209905677063, 481.77842384512485], [0.0, 0.0, 1.0]], [[1259.5137405846733, 0.0, 807.2529053838625], [0.0, 1259.5137405846733, 501.19579884916527], [0.0, 0.0, 1.0]]], "extrinsics": [[[0.8204704523086548, -0.5713115334510803, 0.020771663635969162, -0.9658203125], [0.028102178126573563, 0.0040148175321519375, -0.9995970129966736, 1.5081977844238281], [0.5709978342056274, 0.8207235336303711, 0.01934913732111454, -1.281768798828125], [0.0, 0.0, 0.0, 1.0]], [[0.005645374767482281, -0.9999840259552002, 0.0002062803105218336, 0.005615234375], [0.022951554507017136, -7.665701559744775e-05, -0.9997366070747375, 1.5205020904541016], [0.9997206330299377, 0.005648621823638678, 0.022950755432248116, -1.6937255859375], [0.0, 0.0, 0.0, 1.0]], [[-0.8323260545730591, -0.5532810688018799, -0.033367350697517395, 1.033447265625], [0.02870040014386177, 0.017099151387810707, -0.9994418025016785, 1.5036048889160156], [0.5535428524017334, -0.8328189849853516, 0.001647321623750031, -1.2489013671875], [0.0, 0.0, 0.0, 1.0]], [[0.94724041223526, 0.31897759437561035, 0.031448688358068466, -1.142333984375], [0.03768003731966019, -0.013381857424974442, -0.9992002248764038, 1.5885467529296875], [-0.31830164790153503, 0.9476677775382996, -0.02469492331147194, -0.1036376953125], [0.0, 0.0, 0.0, 1.0]], [[0.002507872646674514, 0.9999914765357971, -0.0032979759853333235, 0.0025634765625], [0.012183035723865032, -0.0033282949589192867, -0.9999203085899353, 1.5793523788452148], [-0.9999226331710815, 0.002467499813064933, -0.012191276997327805, 0.00244140625], [0.0, 0.0, 0.0, 1.0]], [[-0.934080183506012, 0.35508835315704346, -0.037501364946365356, 1.136962890625], [0.04468588903546333, 0.012050596997141838, -0.998928427696228, 1.5514068603515625], [-0.35425594449043274, -0.9347551465034485, -0.027123665437102318, -0.0630035400390625], [0.0, 0.0, 0.0, 1.0]]], "view": [[0.0, -2.0, 100.0], [-2.0, 0.0, 100.0], [0.0, 0.0, 1.0]], "bev": "bev_4687c93cca6e4135ac78d549c286f393.png", "aux": "aux_4687c93cca6e4135ac78d549c286f393.npz", "visibility": "visibility_4687c93cca6e4135ac78d549c286f393.png", "pose": [[-0.07044405490159988, -0.9975157380104065, 0.0, 504.24395751953125], [0.9975157380104065, -0.07044405490159988, 0.0, 1245.668701171875], [0.0, 0.0, 1.0, 0.0], [0.0, 0.0, 0.0, 1.0]], "pose_inverse": [[-0.07044405490159988, 0.9975157380104065, 0.0, -1207.0531005859375], [-0.9975157380104065, -0.07044405490159988, 0.0, 590.7412109375], [0.0, 0.0, 1.0, 0.0], [0.0, 0.0, 0.0, 1.0]], "cam_ids": [0, 1, 2, 3, 4, 5], "cam_channels": ["CAM_FRONT_LEFT", "CAM_FRONT", "CAM_FRONT_RIGHT", "CAM_BACK_LEFT", "CAM_BACK", "CAM_BACK_RIGHT"], "token": "4687c93cca6e4135ac78d549c286f393", "scene": "scene-0020"}, {"images": ["samples/CAM_FRONT_LEFT/n015-2018-07-18-11-50-34+0800__CAM_FRONT_LEFT__1531885909654844.jpg", "samples/CAM_FRONT/n015-2018-07-18-11-50-34+0800__CAM_FRONT__1531885909662460.jpg", "samples/CAM_FRONT_RIGHT/n015-2018-07-18-11-50-34+0800__CAM_FRONT_RIGHT__1531885909670339.jpg", "samples/CAM_BACK_LEFT/n015-2018-07-18-11-50-34+0800__CAM_BACK_LEFT__1531885909697423.jpg", "samples/CAM_BACK/n015-2018-07-18-11-50-34+0800__CAM_BACK__1531885909687525.jpg", "samples/CAM_BACK_RIGHT/n015-2018-07-18-11-50-34+0800__CAM_BACK_RIGHT__1531885909677893.jpg"], "intrinsics": [[[1272.5979470598488, 0.0, 826.6154927353808], [0.0, 1272.5979470598488, 479.75165386361925], [0.0, 0.0, 1.0]], [[1266.417203046554, 0.0, 816.2670197447984], [0.0, 1266.417203046554, 491.50706579294757], [0.0, 0.0, 1.0]], [[1260.8474446004698, 0.0, 807.968244525554], [0.0, 1260.8474446004698, 495.3344268742088], [0.0, 0.0, 1.0]], [[1256.7414812095406, 0.0, 792.1125740759628], [0.0, 1256.7414812095406, 492.7757465151356], [0.0, 0.0, 1.0]], [[809.2209905677063, 0.0, 829.2196003259838], [0.0, 809.2209905677063, 481.77842384512485], [0.0, 0.0, 1.0]], [[1259.5137405846733, 0.0, 807.2529053838625], [0.0, 1259.5137405846733, 501.19579884916527], [0.0, 0.0, 1.0]]], "extrinsics": [[[0.8205526471138, -0.5712172985076904, 0.020105622708797455, -0.965087890625], [0.027086082845926285, 0.003724416485056281, -0.9996261596679688, 1.5082378387451172], [0.5709288716316223, 0.8207904100418091, 0.01852811872959137, -1.280853271484375], [0.0, 0.0, 0.0, 1.0]], [[0.005730884149670601, -0.9999834299087524, 0.0004677666292991489, 0.0054931640625], [0.021799568086862564, -0.00034273022902198136, -0.9997622966766357, 1.5205249786376953], [0.9997459650039673, 0.005739725660532713, 0.021797241643071175, -1.6925048828125], [0.0, 0.0, 0.0, 1.0]], [[-0.8323324918746948, -0.5533413290977478, -0.03218507021665573, 1.03277587890625], [0.02742806263267994, 0.016877660527825356, -0.9994812607765198, 1.5036334991455078], [0.5535974502563477, -0.832783579826355, 0.0011292548151686788, -1.2486572265625], [0.0, 0.0, 0.0, 1.0]], [[0.9472853541374207, 0.31899210810661316, 0.029905399307608604, -1.142333984375], [0.03608568385243416, -0.013480720110237598, -0.9992577433586121, 1.5885505676269531], [-0.31835219264030457, 0.9476614594459534, -0.02428114041686058, -0.10369873046875], [0.0, 0.0, 0.0, 1.0]], [[0.00248144892975688, 0.9999909996986389, -0.003427282441407442, 0.002685546875], [0.010698284022510052, -0.0034536432940512896, -0.9999368190765381, 1.5793581008911133], [-0.9999396800994873, 0.0024446325842291117, -0.010706759057939053, 0.0018310546875], [0.0, 0.0, 0.0, 1.0]], [[-0.9341468811035156, 0.35503971576690674, -0.03628159314393997, 1.13623046875], [0.043314218521118164, 0.0118771493434906, -0.9989908933639526, 1.5514411926269531], [-0.3542504906654358, -0.9347757697105408, -0.02647327072918415, -0.06330108642578125], [0.0, 0.0, 0.0, 1.0]]], "view": [[0.0, -2.0, 100.0], [-2.0, 0.0, 100.0], [0.0, 0.0, 1.0]], "bev": "bev_4520d73845374d60896106f41c1ef427.png", "aux": "aux_4520d73845374d60896106f41c1ef427.npz", "visibility": "visibility_4520d73845374d60896106f41c1ef427.png", "pose": [[-0.0701858401298523, -0.997533917427063, 0.0, 504.2518310546875], [0.997533917427063, -0.0701858401298523, 0.0, 1245.656005859375], [0.0, 0.0, 1.0, 0.0], [0.0, 0.0, 0.0, 1.0]], "pose_inverse": [[-0.0701858401298523, 0.997533917427063, 0.0, -1207.1927490234375], [-0.997533917427063, -0.0701858401298523, 0.0, 590.4357299804688], [0.0, 0.0, 1.0, 0.0], [0.0, 0.0, 0.0, 1.0]], "cam_ids": [0, 1, 2, 3, 4, 5], "cam_channels": ["CAM_FRONT_LEFT", "CAM_FRONT", "CAM_FRONT_RIGHT", "CAM_BACK_LEFT", "CAM_BACK", "CAM_BACK_RIGHT"], "token": "4520d73845374d60896106f41c1ef427", "scene": "scene-0020"}, {"images": ["samples/CAM_FRONT_LEFT/n015-2018-07-18-11-50-34+0800__CAM_FRONT_LEFT__1531885910154844.jpg", "samples/CAM_FRONT/n015-2018-07-18-11-50-34+0800__CAM_FRONT__1531885910162460.jpg", "samples/CAM_FRONT_RIGHT/n015-2018-07-18-11-50-34+0800__CAM_FRONT_RIGHT__1531885910170339.jpg", "samples/CAM_BACK_LEFT/n015-2018-07-18-11-50-34+0800__CAM_BACK_LEFT__1531885910197423.jpg", "samples/CAM_BACK/n015-2018-07-18-11-50-34+0800__CAM_BACK__1531885910187525.jpg", "samples/CAM_BACK_RIGHT/n015-2018-07-18-11-50-34+0800__CAM_BACK_RIGHT__1531885910177893.jpg"], "intrinsics": [[[1272.5979470598488, 0.0, 826.6154927353808], [0.0, 1272.5979470598488, 479.75165386361925], [0.0, 0.0, 1.0]], [[1266.417203046554, 0.0, 816.2670197447984], [0.0, 1266.417203046554, 491.50706579294757], [0.0, 0.0, 1.0]], [[1260.8474446004698, 0.0, 807.968244525554], [0.0, 1260.8474446004698, 495.3344268742088], [0.0, 0.0, 1.0]], [[1256.7414812095406, 0.0, 792.1125740759628], [0.0, 1256.7414812095406, 492.7757465151356], [0.0, 0.0, 1.0]], [[809.2209905677063, 0.0, 829.2196003259838], [0.0, 809.2209905677063, 481.77842384512485], [0.0, 0.0, 1.0]], [[1259.5137405846733, 0.0, 807.2529053838625], [0.0, 1259.5137405846733, 501.19579884916527], [0.0, 0.0, 1.0]]], "extrinsics": [[[0.8205439448356628, -0.5712357759475708, 0.019931677728891373, -0.9647216796875], [0.02678465098142624, 0.003594985231757164, -0.9996347427368164, 1.5082454681396484], [0.5709554553031921, 0.8207780718803406, 0.018250195309519768, -1.2805938720703125], [0.0, 0.0, 0.0, 1.0]], [[0.00571074103936553, -0.9999834299087524, 0.0005925219738855958, 0.00543212890625], [0.021485809236764908, -0.00046969292452558875, -0.9997690916061401, 1.5205307006835938], [0.9997528195381165, 0.00572214275598526, 0.021482769399881363, -1.6922607421875], [0.0, 0.0, 0.0, 1.0]], [[-0.8323518633842468, -0.5533324480056763, -0.03183506801724434, 1.03240966796875], [0.0271006990224123, 0.01673785038292408, -0.9994925260543823, 1.503641128540039], [0.5535845160484314, -0.8327922821044922, 0.0010639179963618517, -1.24853515625], [0.0, 0.0, 0.0, 1.0]], [[0.9472989439964294, 0.3189845681190491, 0.029556600376963615, -1.14227294921875], [0.03576435148715973, -0.013620046898722649, -0.9992673993110657, 1.5885581970214844], [-0.31834831833839417, 0.9476620554924011, -0.024310532957315445, -0.1036376953125], [0.0, 0.0, 0.0, 1.0]], [[0.0024895407259464264, 0.9999904632568359, -0.0035806267987936735, 0.002685546875], [0.010350658558309078, -0.003606214188039303, -0.9999399185180664, 1.579360008239746], [-0.9999433159828186, 0.0024523292668163776, -0.010359537787735462, 0.0018310546875], [0.0, 0.0, 0.0, 1.0]], [[-0.9341545701026917, 0.3550465404987335, -0.03601618856191635, 1.13623046875], [0.04297276958823204, 0.011724567040801048, -0.9990074634552002, 1.5514488220214844], [-0.35427188873291016, -0.9347751140594482, -0.026209892705082893, -0.06337738037109375], [0.0, 0.0, 0.0, 1.0]]], "view": [[0.0, -2.0, 100.0], [-2.0, 0.0, 100.0], [0.0, 0.0, 1.0]], "bev": "bev_fe602e3545924d5e9b12817b78c90ddb.png", "aux": "aux_fe602e3545924d5e9b12817b78c90ddb.npz", "visibility": "visibility_fe602e3545924d5e9b12817b78c90ddb.png", "pose": [[-0.07028227299451828, -0.9975271224975586, 0.0, 504.25738525390625], [0.9975271224975586, -0.07028227299451828, 0.0, 1245.655029296875], [0.0, 0.0, 1.0, 0.0], [0.0, 0.0, 0.0, 1.0]], "pose_inverse": [[-0.07028227299451828, 0.9975271224975586, 0.0, -1207.1343994140625], [-0.9975271224975586, -0.07028227299451828, 0.0, 590.5579223632812], [0.0, 0.0, 1.0, 0.0], [0.0, 0.0, 0.0, 1.0]], "cam_ids": [0, 1, 2, 3, 4, 5], "cam_channels": ["CAM_FRONT_LEFT", "CAM_FRONT", "CAM_FRONT_RIGHT", "CAM_BACK_LEFT", "CAM_BACK", "CAM_BACK_RIGHT"], "token": "fe602e3545924d5e9b12817b78c90ddb", "scene": "scene-0020"}, {"images": ["samples/CAM_FRONT_LEFT/n015-2018-07-18-11-50-34+0800__CAM_FRONT_LEFT__1531885910654844.jpg", "samples/CAM_FRONT/n015-2018-07-18-11-50-34+0800__CAM_FRONT__1531885910662460.jpg", "samples/CAM_FRONT_RIGHT/n015-2018-07-18-11-50-34+0800__CAM_FRONT_RIGHT__1531885910670339.jpg", "samples/CAM_BACK_LEFT/n015-2018-07-18-11-50-34+0800__CAM_BACK_LEFT__1531885910697423.jpg", "samples/CAM_BACK/n015-2018-07-18-11-50-34+0800__CAM_BACK__1531885910687586.jpg", "samples/CAM_BACK_RIGHT/n015-2018-07-18-11-50-34+0800__CAM_BACK_RIGHT__1531885910677893.jpg"], "intrinsics": [[[1272.5979470598488, 0.0, 826.6154927353808], [0.0, 1272.5979470598488, 479.75165386361925], [0.0, 0.0, 1.0]], [[1266.417203046554, 0.0, 816.2670197447984], [0.0, 1266.417203046554, 491.50706579294757], [0.0, 0.0, 1.0]], [[1260.8474446004698, 0.0, 807.968244525554], [0.0, 1260.8474446004698, 495.3344268742088], [0.0, 0.0, 1.0]], [[1256.7414812095406, 0.0, 792.1125740759628], [0.0, 1256.7414812095406, 492.7757465151356], [0.0, 0.0, 1.0]], [[809.2209905677063, 0.0, 829.2196003259838], [0.0, 809.2209905677063, 481.77842384512485], [0.0, 0.0, 1.0]], [[1259.5137405846733, 0.0, 807.2529053838625], [0.0, 1259.5137405846733, 501.19579884916527], [0.0, 0.0, 1.0]]], "extrinsics": [[[0.8205366730690002, -0.5712418556213379, 0.02005503885447979, -0.9647216796875], [0.02679353579878807, 0.0033914854284375906, -0.9996352195739746, 1.508249282836914], [0.5709654688835144, 0.8207747340202332, 0.018088428303599358, -1.2805023193359375], [0.0, 0.0, 0.0, 1.0]], [[0.005701861344277859, -0.9999834299087524, 0.0007786505157127976, 0.0054931640625], [0.021505840122699738, -0.0006558577879332006, -0.9997684955596924, 1.5205345153808594], [0.9997524619102478, 0.005717287305742502, 0.021501746028661728, -1.692138671875], [0.0, 0.0, 0.0, 1.0]], [[-0.8323541879653931, -0.5533329248428345, -0.03176793083548546, 1.0323486328125], [0.02713470719754696, 0.016565406695008278, -0.9994944930076599, 1.5036449432373047], [0.5535793900489807, -0.8327955007553101, 0.0012262403033673763, -1.2484130859375], [0.0, 0.0, 0.0, 1.0]], [[0.9472978115081787, 0.31898748874664307, 0.02956101857125759, -1.1422119140625], [0.03582145646214485, -0.013775919564068317, -0.9992632865905762, 1.5885581970214844], [-0.31834524869918823, 0.9476587772369385, -0.024476494640111923, -0.10369873046875], [0.0, 0.0, 0.0, 1.0]], [[0.0024945775512605906, 0.9999899864196777, -0.0037387057673186064, 0.002685546875], [0.010412895120680332, -0.003764490131288767, -0.9999387264251709, 1.5793590545654297], [-0.9999426603317261, 0.0024554950650781393, -0.010422179475426674, 0.001953125], [0.0, 0.0, 0.0, 1.0]], [[-0.9341508746147156, 0.35504576563835144, -0.036119844764471054, 1.13623046875], [0.0430215448141098, 0.011560844257473946, -0.9990072846412659, 1.55145263671875], [-0.35427573323249817, -0.9347774386405945, -0.02607419155538082, -0.06345367431640625], [0.0, 0.0, 0.0, 1.0]]], "view": [[0.0, -2.0, 100.0], [-2.0, 0.0, 100.0], [0.0, 0.0, 1.0]], "bev": "bev_bbba31d91e334f4abf6d1f96bf699980.png", "aux": "aux_bbba31d91e334f4abf6d1f96bf699980.npz", "visibility": "visibility_bbba31d91e334f4abf6d1f96bf699980.png", "pose": [[-0.07026972621679306, -0.9975280165672302, 0.0, 504.26177978515625], [0.9975280165672302, -0.07026972621679306, 0.0, 1245.655517578125], [0.0, 0.0, 1.0, 0.0], [0.0, 0.0, 0.0, 1.0]], "pose_inverse": [[-0.07026972621679306, 0.9975280165672302, 0.0, -1207.1419677734375], [-0.9975280165672302, -0.07026972621679306, 0.0, 590.547119140625], [0.0, 0.0, 1.0, 0.0], [0.0, 0.0, 0.0, 1.0]], "cam_ids": [0, 1, 2, 3, 4, 5], "cam_channels": ["CAM_FRONT_LEFT", "CAM_FRONT", "CAM_FRONT_RIGHT", "CAM_BACK_LEFT", "CAM_BACK", "CAM_BACK_RIGHT"], "token": "bbba31d91e334f4abf6d1f96bf699980", "scene": "scene-0020"}, {"images": ["samples/CAM_FRONT_LEFT/n015-2018-07-18-11-50-34+0800__CAM_FRONT_LEFT__1531885911154844.jpg", "samples/CAM_FRONT/n015-2018-07-18-11-50-34+0800__CAM_FRONT__1531885911162460.jpg", "samples/CAM_FRONT_RIGHT/n015-2018-07-18-11-50-34+0800__CAM_FRONT_RIGHT__1531885911170339.jpg", "samples/CAM_BACK_LEFT/n015-2018-07-18-11-50-34+0800__CAM_BACK_LEFT__1531885911197423.jpg", "samples/CAM_BACK/n015-2018-07-18-11-50-34+0800__CAM_BACK__1531885911187525.jpg", "samples/CAM_BACK_RIGHT/n015-2018-07-18-11-50-34+0800__CAM_BACK_RIGHT__1531885911177893.jpg"], "intrinsics": [[[1272.5979470598488, 0.0, 826.6154927353808], [0.0, 1272.5979470598488, 479.75165386361925], [0.0, 0.0, 1.0]], [[1266.417203046554, 0.0, 816.2670197447984], [0.0, 1266.417203046554, 491.50706579294757], [0.0, 0.0, 1.0]], [[1260.8474446004698, 0.0, 807.968244525554], [0.0, 1260.8474446004698, 495.3344268742088], [0.0, 0.0, 1.0]], [[1256.7414812095406, 0.0, 792.1125740759628], [0.0, 1256.7414812095406, 492.7757465151356], [0.0, 0.0, 1.0]], [[809.2209905677063, 0.0, 829.2196003259838], [0.0, 809.2209905677063, 481.77842384512485], [0.0, 0.0, 1.0]], [[1259.5137405846733, 0.0, 807.2529053838625], [0.0, 1259.5137405846733, 501.19579884916527], [0.0, 0.0, 1.0]]], "extrinsics": [[[0.8205267786979675, -0.5712568163871765, 0.020036419853568077, -0.9649658203125], [0.026845566928386688, 0.003498299978673458, -0.9996334910392761, 1.5082473754882812], [0.5709773302078247, 0.820763885974884, 0.0182061605155468, -1.2804412841796875], [0.0, 0.0, 0.0, 1.0]], [[0.005687234923243523, -0.9999836087226868, 0.0006713104667142034, 0.00531005859375], [0.02154841087758541, -0.000548612792044878, -0.9997676610946655, 1.5205326080322266], [0.999751627445221, 0.005700381938368082, 0.021544935181736946, -1.6922607421875], [0.0, 0.0, 0.0, 1.0]], [[-0.8323603272438049, -0.5533190369606018, -0.03184758871793747, 1.0323486328125], [0.027165288105607033, 0.01666327379643917, -0.9994919896125793, 1.5036430358886719], [0.5535686612129211, -0.8328027129173279, 0.001161223859526217, -1.24853515625], [0.0, 0.0, 0.0, 1.0]], [[0.9472976326942444, 0.31898757815361023, 0.029565904289484024, -1.1422119140625], [0.03580567240715027, -0.013713589869439602, -0.999264657497406, 1.5885543823242188], [-0.3183475434780121, 0.9476597309112549, -0.02441241405904293, -0.10369873046875], [0.0, 0.0, 0.0, 1.0]], [[0.002498786197975278, 0.9999901652336121, -0.003669686848297715, 0.00274658203125], [0.010412563569843769, -0.0036955177783966064, -0.9999390244483948, 1.5793561935424805], [-0.9999427199363708, 0.002460440620779991, -0.010421693325042725, 0.001708984375], [0.0, 0.0, 0.0, 1.0]], [[-0.9341471195220947, 0.35505732893943787, -0.03610578924417496, 1.13623046875], [0.043038949370384216, 0.01164549682289362, -0.9990055561065674, 1.5514488220214844], [-0.35428375005722046, -0.9347720146179199, -0.026159901171922684, -0.06356048583984375], [0.0, 0.0, 0.0, 1.0]]], "view": [[0.0, -2.0, 100.0], [-2.0, 0.0, 100.0], [0.0, 0.0, 1.0]], "bev": "bev_00555b2de3954c988621617787d900f1.png", "aux": "aux_00555b2de3954c988621617787d900f1.npz", "visibility": "visibility_00555b2de3954c988621617787d900f1.png", "pose": [[-0.07024034857749939, -0.9975301027297974, 0.0, 504.2653503417969], [0.9975301027297974, -0.07024034857749939, 0.0, 1245.65576171875], [0.0, 0.0, 1.0, 0.0], [0.0, 0.0, 0.0, 1.0]], "pose_inverse": [[-0.07024034857749939, 0.9975301027297974, 0.0, -1207.1593017578125], [-0.9975301027297974, -0.07024034857749939, 0.0, 590.51513671875], [0.0, 0.0, 1.0, 0.0], [0.0, 0.0, 0.0, 1.0]], "cam_ids": [0, 1, 2, 3, 4, 5], "cam_channels": ["CAM_FRONT_LEFT", "CAM_FRONT", "CAM_FRONT_RIGHT", "CAM_BACK_LEFT", "CAM_BACK", "CAM_BACK_RIGHT"], "token": "00555b2de3954c988621617787d900f1", "scene": "scene-0020"}, {"images": ["samples/CAM_FRONT_LEFT/n015-2018-07-18-11-50-34+0800__CAM_FRONT_LEFT__1531885911654844.jpg", "samples/CAM_FRONT/n015-2018-07-18-11-50-34+0800__CAM_FRONT__1531885911662460.jpg", "samples/CAM_FRONT_RIGHT/n015-2018-07-18-11-50-34+0800__CAM_FRONT_RIGHT__1531885911670339.jpg", "samples/CAM_BACK_LEFT/n015-2018-07-18-11-50-34+0800__CAM_BACK_LEFT__1531885911697423.jpg", "samples/CAM_BACK/n015-2018-07-18-11-50-34+0800__CAM_BACK__1531885911687525.jpg", "samples/CAM_BACK_RIGHT/n015-2018-07-18-11-50-34+0800__CAM_BACK_RIGHT__1531885911677893.jpg"], "intrinsics": [[[1272.5979470598488, 0.0, 826.6154927353808], [0.0, 1272.5979470598488, 479.75165386361925], [0.0, 0.0, 1.0]], [[1266.417203046554, 0.0, 816.2670197447984], [0.0, 1266.417203046554, 491.50706579294757], [0.0, 0.0, 1.0]], [[1260.8474446004698, 0.0, 807.968244525554], [0.0, 1260.8474446004698, 495.3344268742088], [0.0, 0.0, 1.0]], [[1256.7414812095406, 0.0, 792.1125740759628], [0.0, 1256.7414812095406, 492.7757465151356], [0.0, 0.0, 1.0]], [[809.2209905677063, 0.0, 829.2196003259838], [0.0, 809.2209905677063, 481.77842384512485], [0.0, 0.0, 1.0]], [[1259.5137405846733, 0.0, 807.2529053838625], [0.0, 1259.5137405846733, 501.19579884916527], [0.0, 0.0, 1.0]]], "extrinsics": [[[0.8205205202102661, -0.5712603330612183, 0.020191293209791183, -0.9647216796875], [0.026933226734399796, 0.0033529510255903006, -0.9996315836906433, 1.5082530975341797], [0.5709822177886963, 0.8207621574401855, 0.018137048929929733, -1.280426025390625], [0.0, 0.0, 0.0, 1.0]], [[0.0056815193966031075, -0.9999834895133972, 0.0008402672247029841, 0.00531005859375], [0.02165328897535801, -0.0007170581957325339, -0.9997652769088745, 1.5205364227294922], [0.9997494220733643, 0.005698380991816521, 0.02164885587990284, -1.692138671875], [0.0, 0.0, 0.0, 1.0]], [[-0.8323586583137512, -0.5533213019371033, -0.03185203671455383, 1.03228759765625], [0.027285568416118622, 0.016490358859300613, -0.9994916319847107, 1.5036468505859375], [0.5535653829574585, -0.8328046202659607, 0.0013717941474169493, -1.248291015625], [0.0, 0.0, 0.0, 1.0]], [[0.9472970962524414, 0.31897953152656555, 0.029668858274817467, -1.1422119140625], [0.03596893325448036, -0.01387694850564003, -0.9992564916610718, 1.5885581970214844], [-0.31833067536354065, 0.9476600885391235, -0.02461894601583481, -0.10369873046875], [0.0, 0.0, 0.0, 1.0]], [[0.0025032134726643562, 0.9999895691871643, -0.0038319944869726896, 0.00274658203125], [0.010551279410719872, -0.0038582051638513803, -0.9999369382858276, 1.5793561935424805], [-0.9999412298202515, 0.0024626213125884533, -0.010560829192399979, 0.001953125], [0.0, 0.0, 0.0, 1.0]], [[-0.9341410398483276, 0.3550548553466797, -0.03628675639629364, 1.135986328125], [0.043168723583221436, 0.011477481573820114, -0.9990018606185913, 1.5514488220214844], [-0.35428401827812195, -0.9347749948501587, -0.026048852130770683, -0.06362152099609375], [0.0, 0.0, 0.0, 1.0]]], "view": [[0.0, -2.0, 100.0], [-2.0, 0.0, 100.0], [0.0, 0.0, 1.0]], "bev": "bev_a8904c5f0c604ec2bb7cc3e2c7ab07c5.png", "aux": "aux_a8904c5f0c604ec2bb7cc3e2c7ab07c5.npz", "visibility": "visibility_a8904c5f0c604ec2bb7cc3e2c7ab07c5.png", "pose": [[-0.07027099281549454, -0.9975279569625854, 0.0, 504.2683410644531], [0.9975279569625854, -0.07027099281549454, 0.0, 1245.656005859375], [0.0, 0.0, 1.0, 0.0], [0.0, 0.0, 0.0, 1.0]], "pose_inverse": [[-0.07027099281549454, 0.9975279569625854, 0.0, -1207.1412353515625], [-0.9975279569625854, -0.07027099281549454, 0.0, 590.5552368164062], [0.0, 0.0, 1.0, 0.0], [0.0, 0.0, 0.0, 1.0]], "cam_ids": [0, 1, 2, 3, 4, 5], "cam_channels": ["CAM_FRONT_LEFT", "CAM_FRONT", "CAM_FRONT_RIGHT", "CAM_BACK_LEFT", "CAM_BACK", "CAM_BACK_RIGHT"], "token": "a8904c5f0c604ec2bb7cc3e2c7ab07c5", "scene": "scene-0020"}, {"images": ["samples/CAM_FRONT_LEFT/n015-2018-07-18-11-50-34+0800__CAM_FRONT_LEFT__1531885912154844.jpg", "samples/CAM_FRONT/n015-2018-07-18-11-50-34+0800__CAM_FRONT__1531885912162460.jpg", "samples/CAM_FRONT_RIGHT/n015-2018-07-18-11-50-34+0800__CAM_FRONT_RIGHT__1531885912170339.jpg", "samples/CAM_BACK_LEFT/n015-2018-07-18-11-50-34+0800__CAM_BACK_LEFT__1531885912197423.jpg", "samples/CAM_BACK/n015-2018-07-18-11-50-34+0800__CAM_BACK__1531885912187525.jpg", "samples/CAM_BACK_RIGHT/n015-2018-07-18-11-50-34+0800__CAM_BACK_RIGHT__1531885912177893.jpg"], "intrinsics": [[[1272.5979470598488, 0.0, 826.6154927353808], [0.0, 1272.5979470598488, 479.75165386361925], [0.0, 0.0, 1.0]], [[1266.417203046554, 0.0, 816.2670197447984], [0.0, 1266.417203046554, 491.50706579294757], [0.0, 0.0, 1.0]], [[1260.8474446004698, 0.0, 807.968244525554], [0.0, 1260.8474446004698, 495.3344268742088], [0.0, 0.0, 1.0]], [[1256.7414812095406, 0.0, 792.1125740759628], [0.0, 1256.7414812095406, 492.7757465151356], [0.0, 0.0, 1.0]], [[809.2209905677063, 0.0, 829.2196003259838], [0.0, 809.2209905677063, 481.77842384512485], [0.0, 0.0, 1.0]], [[1259.5137405846733, 0.0, 807.2529053838625], [0.0, 1259.5137405846733, 501.19579884916527], [0.0, 0.0, 1.0]]], "extrinsics": [[[0.8205233216285706, -0.5712560415267944, 0.0202004574239254, -0.96484375], [0.02697613649070263, 0.003398756729438901, -0.999630331993103, 1.5082454681396484], [0.5709761381149292, 0.8207648396492004, 0.018199041485786438, -1.2803497314453125], [0.0, 0.0, 0.0, 1.0]], [[0.0056846896186470985, -0.9999834299087524, 0.0007839566096663475, 0.00518798828125], [0.02171986550092697, -0.0006603117799386382, -0.9997638463973999, 1.5205326080322266], [0.9997478723526001, 0.005700369365513325, 0.02171575464308262, -1.6922607421875], [0.0, 0.0, 0.0, 1.0]], [[-0.8323553204536438, -0.5533201098442078, -0.03195759281516075, 1.03240966796875], [0.027367418631911278, 0.016557902097702026, -0.9994882345199585, 1.5036430358886719], [0.5535660982131958, -0.8328040242195129, 0.0013608857989311218, -1.2486572265625], [0.0, 0.0, 0.0, 1.0]], [[0.9472899436950684, 0.3189854323863983, 0.029833706095814705, -1.1422119140625], [0.03610871732234955, -0.013774949125945568, -0.9992529153823853, 1.5885543823242188], [-0.3183361887931824, 0.947659432888031, -0.024567028507590294, -0.10369873046875], [0.0, 0.0, 0.0, 1.0]], [[0.002501286333426833, 0.999989926815033, -0.0037401437293738127, 0.00274658203125], [0.01066847424954176, -0.003766627050936222, -0.999936044216156, 1.5793561935424805], [-0.9999399781227112, 0.0024612334091216326, -0.010677790269255638, 0.0018310546875], [0.0, 0.0, 0.0, 1.0]], [[-0.9341380000114441, 0.3550560772418976, -0.03634853661060333, 1.13623046875], [0.04326417297124863, 0.011554908938705921, -0.9989968538284302, 1.5514450073242188], [-0.35427993535995483, -0.9347735643386841, -0.02615509182214737, -0.0635528564453125], [0.0, 0.0, 0.0, 1.0]]], "view": [[0.0, -2.0, 100.0], [-2.0, 0.0, 100.0], [0.0, 0.0, 1.0]], "bev": "bev_e56aba7a91ea442dae8e7926a0d8f052.png", "aux": "aux_e56aba7a91ea442dae8e7926a0d8f052.npz", "visibility": "visibility_e56aba7a91ea442dae8e7926a0d8f052.png", "pose": [[-0.07022817432880402, -0.9975309371948242, 0.0, 504.27081298828125], [0.9975309371948242, -0.07022817432880402, 0.0, 1245.6561279296875], [0.0, 0.0, 1.0, 0.0], [0.0, 0.0, 0.0, 1.0]], "pose_inverse": [[-0.07022817432880402, 0.9975309371948242, 0.0, -1207.16650390625], [-0.9975309371948242, -0.07022817432880402, 0.0, 590.5059204101562], [0.0, 0.0, 1.0, 0.0], [0.0, 0.0, 0.0, 1.0]], "cam_ids": [0, 1, 2, 3, 4, 5], "cam_channels": ["CAM_FRONT_LEFT", "CAM_FRONT", "CAM_FRONT_RIGHT", "CAM_BACK_LEFT", "CAM_BACK", "CAM_BACK_RIGHT"], "token": "e56aba7a91ea442dae8e7926a0d8f052", "scene": "scene-0020"}, {"images": ["samples/CAM_FRONT_LEFT/n015-2018-07-18-11-50-34+0800__CAM_FRONT_LEFT__1531885912654844.jpg", "samples/CAM_FRONT/n015-2018-07-18-11-50-34+0800__CAM_FRONT__1531885912662460.jpg", "samples/CAM_FRONT_RIGHT/n015-2018-07-18-11-50-34+0800__CAM_FRONT_RIGHT__1531885912670339.jpg", "samples/CAM_BACK_LEFT/n015-2018-07-18-11-50-34+0800__CAM_BACK_LEFT__1531885912697423.jpg", "samples/CAM_BACK/n015-2018-07-18-11-50-34+0800__CAM_BACK__1531885912687525.jpg", "samples/CAM_BACK_RIGHT/n015-2018-07-18-11-50-34+0800__CAM_BACK_RIGHT__1531885912677893.jpg"], "intrinsics": [[[1272.5979470598488, 0.0, 826.6154927353808], [0.0, 1272.5979470598488, 479.75165386361925], [0.0, 0.0, 1.0]], [[1266.417203046554, 0.0, 816.2670197447984], [0.0, 1266.417203046554, 491.50706579294757], [0.0, 0.0, 1.0]], [[1260.8474446004698, 0.0, 807.968244525554], [0.0, 1260.8474446004698, 495.3344268742088], [0.0, 0.0, 1.0]], [[1256.7414812095406, 0.0, 792.1125740759628], [0.0, 1256.7414812095406, 492.7757465151356], [0.0, 0.0, 1.0]], [[809.2209905677063, 0.0, 829.2196003259838], [0.0, 809.2209905677063, 481.77842384512485], [0.0, 0.0, 1.0]], [[1259.5137405846733, 0.0, 807.2529053838625], [0.0, 1259.5137405846733, 501.19579884916527], [0.0, 0.0, 1.0]]], "extrinsics": [[[0.8205110430717468, -0.5712368488311768, 0.021218067035079002, -0.96484375], [0.028186868876218796, 0.003357836278155446, -0.9995970129966736, 1.5082473754882812], [0.5709353685379028, 0.8207784295082092, 0.01885651983320713, -1.280303955078125], [0.0, 0.0, 0.0, 1.0]], [[0.005703422706574202, -0.9999833106994629, 0.0008086024317890406, 0.00518798828125], [0.022921565920114517, -0.000677669420838356, -0.9997370839118958, 1.5205326080322266], [0.9997209906578064, 0.005720456130802631, 0.02291731908917427, -1.6922607421875], [0.0, 0.0, 0.0, 1.0]], [[-0.8323071002960205, -0.5533339381217957, -0.03295869380235672, 1.032470703125], [0.028567487373948097, 0.016561059281229973, -0.9994546175003052, 1.503641128540039], [0.5535779595375061, -0.8327947854995728, 0.0020234729163348675, -1.248779296875], [0.0, 0.0, 0.0, 1.0]], [[0.94725102186203, 0.31898707151412964, 0.031026560813188553, -1.1424560546875], [0.03734957426786423, -0.013722928240895271, -0.9992080330848694, 1.5885505676269531], [-0.31830865144729614, 0.9476597309112549, -0.024913091212511063, -0.1036376953125], [0.0, 0.0, 0.0, 1.0]], [[0.0024967652279883623, 0