[{"images": ["samples/CAM_FRONT_LEFT/n015-2018-08-01-16-32-59+0800__CAM_FRONT_LEFT__1533112698154844.jpg", "samples/CAM_FRONT/n015-2018-08-01-16-32-59+0800__CAM_FRONT__1533112698162460.jpg", "samples/CAM_FRONT_RIGHT/n015-2018-08-01-16-32-59+0800__CAM_FRONT_RIGHT__1533112698170339.jpg", "samples/CAM_BACK_LEFT/n015-2018-08-01-16-32-59+0800__CAM_BACK_LEFT__1533112698197423.jpg", "samples/CAM_BACK/n015-2018-08-01-16-32-59+0800__CAM_BACK__1533112698187525.jpg", "samples/CAM_BACK_RIGHT/n015-2018-08-01-16-32-59+0800__CAM_BACK_RIGHT__1533112698177893.jpg"], "intrinsics": [[[1272.5979470598488, 0.0, 826.6154927353808], [0.0, 1272.5979470598488, 479.75165386361925], [0.0, 0.0, 1.0]], [[1266.417203046554, 0.0, 816.2670197447984], [0.0, 1266.417203046554, 491.50706579294757], [0.0, 0.0, 1.0]], [[1260.8474446004698, 0.0, 807.968244525554], [0.0, 1260.8474446004698, 495.3344268742088], [0.0, 0.0, 1.0]], [[1256.7414812095406, 0.0, 792.1125740759628], [0.0, 1256.7414812095406, 492.7757465151356], [0.0, 0.0, 1.0]], [[809.2209905677063, 0.0, 829.2196003259838], [0.0, 809.2209905677063, 481.77842384512485], [0.0, 0.0, 1.0]], [[1259.5137405846733, 0.0, 807.2529053838625], [0.0, 1259.5137405846733, 501.19579884916527], [0.0, 0.0, 1.0]]], "extrinsics": [[[0.8219861388206482, -0.5690970420837402, -0.021616382524371147, -0.6116943359375], [-0.002784800948575139, 0.033939335495233536, -0.9994200468063354, 1.5069694519042969], [0.5695006847381592, 0.8215696215629578, 0.026312842965126038, -1.03851318359375], [0.0, 0.0, 0.0, 1.0]], [[0.007475744467228651, -0.999521791934967, -0.030004670843482018, 0.010009765625], [-0.007912679575383663, 0.029945440590381622, -0.9995202422142029, 1.5176811218261719], [0.9999406337738037, 0.007709592115134001, -0.007685032207518816, -1.3407516479492188], [0.0, 0.0, 0.0, 1.0]], [[-0.8321865797042847, -0.5539575815200806, -0.024424107745289803, 0.80657958984375], [-0.002148415194824338, 0.04726829752326012, -0.9988798499107361, 1.5029563903808594], [0.5544916391372681, -0.83120197057724, -0.04052617400884628, -1.0958251953125], [0.0, 0.0, 0.0, 1.0]], [[0.9478433132171631, 0.31850212812423706, 0.012218600139021873, -1.139892578125], [0.007063458673655987, 0.017335543408989906, -0.9998247623443604, 1.5885734558105469], [-0.31865814328193665, 0.9477635622024536, 0.014181651175022125, -0.10430908203125], [0.0, 0.0, 0.0, 1.0]], [[0.0020710390526801348, 0.999629557132721, 0.027140017598867416, 0.002197265625], [-0.018550515174865723, 0.027173813432455063, -0.9994586110115051, 1.5774593353271484], [-0.9998258352279663, 0.001566471066325903, 0.018599919974803925, -0.0992279052734375], [0.0, 0.0, 0.0, 1.0]], [[-0.935121476650238, 0.3543216586112976, 0.002022623782977462, 0.951080322265625], [0.013901741243898869, 0.0423920713365078, -0.9990043044090271, 1.5541229248046875], [-0.3540545105934143, -0.9341622591018677, -0.044567421078681946, -0.132080078125], [0.0, 0.0, 0.0, 1.0]]], "view": [[0.0, -2.0, 100.0], [-2.0, 0.0, 100.0], [0.0, 0.0, 1.0]], "bev": "bev_bd4481f6eb3f4140aae47cb767671b12.png", "aux": "aux_bd4481f6eb3f4140aae47cb767671b12.npz", "visibility": "visibility_bd4481f6eb3f4140aae47cb767671b12.png", "pose": [[-0.5776556730270386, -0.8162805438041687, 0.0, 799.7591552734375], [0.8162805438041687, -0.5776556730270386, 0.0, 644.2258911132812], [0.0, 0.0, 1.0, 0.0], [0.0, 0.0, 0.0, 1.0]], "pose_inverse": [[-0.5776556730270386, 0.8162805438041687, 0.0, -63.8836555480957], [-0.8162805438041687, -0.5776556730270386, 0.0, 1024.9686279296875], [0.0, 0.0, 1.0, 0.0], [0.0, 0.0, 0.0, 1.0]], "cam_ids": [0, 1, 2, 3, 4, 5], "cam_channels": ["CAM_FRONT_LEFT", "CAM_FRONT", "CAM_FRONT_RIGHT", "CAM_BACK_LEFT", "CAM_BACK", "CAM_BACK_RIGHT"], "token": "bd4481f6eb3f4140aae47cb767671b12", "scene": "scene-0123"}, {"images": ["samples/CAM_FRONT_LEFT/n015-2018-08-01-16-32-59+0800__CAM_FRONT_LEFT__1533112698654844.jpg", "samples/CAM_FRONT/n015-2018-08-01-16-32-59+0800__CAM_FRONT__1533112698662460.jpg", "samples/CAM_FRONT_RIGHT/n015-2018-08-01-16-32-59+0800__CAM_FRONT_RIGHT__1533112698670339.jpg", "samples/CAM_BACK_LEFT/n015-2018-08-01-16-32-59+0800__CAM_BACK_LEFT__1533112698697423.jpg", "samples/CAM_BACK/n015-2018-08-01-16-32-59+0800__CAM_BACK__1533112698687525.jpg", "samples/CAM_BACK_RIGHT/n015-2018-08-01-16-32-59+0800__CAM_BACK_RIGHT__1533112698677893.jpg"], "intrinsics": [[[1272.5979470598488, 0.0, 826.6154927353808], [0.0, 1272.5979470598488, 479.75165386361925], [0.0, 0.0, 1.0]], [[1266.417203046554, 0.0, 816.2670197447984], [0.0, 1266.417203046554, 491.50706579294757], [0.0, 0.0, 1.0]], [[1260.8474446004698, 0.0, 807.968244525554], [0.0, 1260.8474446004698, 495.3344268742088], [0.0, 0.0, 1.0]], [[1256.7414812095406, 0.0, 792.1125740759628], [0.0, 1256.7414812095406, 492.7757465151356], [0.0, 0.0, 1.0]], [[809.2209905677063, 0.0, 829.2196003259838], [0.0, 809.2209905677063, 481.77842384512485], [0.0, 0.0, 1.0]], [[1259.5137405846733, 0.0, 807.2529053838625], [0.0, 1259.5137405846733, 501.19579884916527], [0.0, 0.0, 1.0]]], "extrinsics": [[[0.8216820359230042, -0.5696572065353394, -0.01814701408147812, -0.605712890625], [-0.002634026575833559, 0.028044020757079124, -0.9996032118797302, 1.507049560546875], [0.5699401497840881, 0.8214038014411926, 0.021542776376008987, -1.03326416015625], [0.0, 0.0, 0.0, 1.0]], [[0.006943336222320795, -0.9996896982192993, -0.02391926757991314, 0.0089111328125], [-0.00797551590949297, 0.023863721638917923, -0.9996834397315979, 1.5176448822021484], [0.9999440908432007, 0.007131913211196661, -0.007807346060872078, -1.3344497680664062], [0.0, 0.0, 0.0, 1.0]], [[-0.8324507474899292, -0.5537124276161194, -0.02069270610809326, 0.802032470703125], [-0.002403096528723836, 0.04095220938324928, -0.9991582036018372, 1.5029373168945312], [0.5540937185287476, -0.8317002654075623, -0.03542132303118706, -1.09423828125], [0.0, 0.0, 0.0, 1.0]], [[0.9478213787078857, 0.31867116689682007, 0.009128826670348644, -1.14129638671875], [0.006289499346166849, 0.009937740862369537, -0.9999308586120605, 1.58856201171875], [-0.3187398910522461, 0.9478132724761963, 0.007414922583848238, -0.10400390625], [0.0, 0.0, 0.0, 1.0]], [[0.0021894462406635284, 0.9997941851615906, 0.02016913890838623, 0.00274658203125], [-0.019138360396027565, 0.020207388326525688, -0.9996126294136047, 1.5774002075195312], [-0.9998144507408142, 0.0018027035985141993, 0.019178666174411774, -0.10004425048828125], [0.0, 0.0, 0.0, 1.0]], [[-0.9350121021270752, 0.35461553931236267, 7.706884207436815e-05, 0.948822021484375], [0.01348581351339817, 0.035775117576122284, -0.9992688298225403, 1.5541267395019531], [-0.35435906052589417, -0.9343275427818298, -0.03823244944214821, -0.13397216796875], [0.0, 0.0, 0.0, 1.0]]], "view": [[0.0, -2.0, 100.0], [-2.0, 0.0, 100.0], [0.0, 0.0, 1.0]], "bev": "bev_09965bfc3c0e46f892ffbedd0351c77c.png", "aux": "aux_09965bfc3c0e46f892ffbedd0351c77c.npz", "visibility": "visibility_09965bfc3c0e46f892ffbedd0351c77c.png", "pose": [[-0.5544964075088501, -0.8321861028671265, 0.0, 796.9511108398438], [0.8321861028671265, -0.5544964075088501, 0.0, 648.3963012695312], [0.0, 0.0, 1.0, 0.0], [0.0, 0.0, 0.0, 1.0]], "pose_inverse": [[-0.5544964075088501, 0.8321861028671265, 0.0, -97.67984008789062], [-0.8321861028671265, -0.5544964075088501, 0.0, 1022.7450561523438], [0.0, 0.0, 1.0, 0.0], [0.0, 0.0, 0.0, 1.0]], "cam_ids": [0, 1, 2, 3, 4, 5], "cam_channels": ["CAM_FRONT_LEFT", "CAM_FRONT", "CAM_FRONT_RIGHT", "CAM_BACK_LEFT", "CAM_BACK", "CAM_BACK_RIGHT"], "token": "09965bfc3c0e46f892ffbedd0351c77c", "scene": "scene-0123"}, {"images": ["samples/CAM_FRONT_LEFT/n015-2018-08-01-16-32-59+0800__CAM_FRONT_LEFT__1533112699154844.jpg", "samples/CAM_FRONT/n015-2018-08-01-16-32-59+0800__CAM_FRONT__1533112699162460.jpg", "samples/CAM_FRONT_RIGHT/n015-2018-08-01-16-32-59+0800__CAM_FRONT_RIGHT__1533112699170339.jpg", "samples/CAM_BACK_LEFT/n015-2018-08-01-16-32-59+0800__CAM_BACK_LEFT__1533112699197423.jpg", "samples/CAM_BACK/n015-2018-08-01-16-32-59+0800__CAM_BACK__1533112699187534.jpg", "samples/CAM_BACK_RIGHT/n015-2018-08-01-16-32-59+0800__CAM_BACK_RIGHT__1533112699177893.jpg"], "intrinsics": [[[1272.5979470598488, 0.0, 826.6154927353808], [0.0, 1272.5979470598488, 479.75165386361925], [0.0, 0.0, 1.0]], [[1266.417203046554, 0.0, 816.2670197447984], [0.0, 1266.417203046554, 491.50706579294757], [0.0, 0.0, 1.0]], [[1260.8474446004698, 0.0, 807.968244525554], [0.0, 1260.8474446004698, 495.3344268742088], [0.0, 0.0, 1.0]], [[1256.7414812095406, 0.0, 792.1125740759628], [0.0, 1256.7414812095406, 492.7757465151356], [0.0, 0.0, 1.0]], [[809.2209905677063, 0.0, 829.2196003259838], [0.0, 809.2209905677063, 481.77842384512485], [0.0, 0.0, 1.0]], [[1259.5137405846733, 0.0, 807.2529053838625], [0.0, 1259.5137405846733, 501.19579884916527], [0.0, 0.0, 1.0]]], "extrinsics": [[[0.8215779066085815, -0.5699777007102966, -0.011629680171608925, -0.61920166015625], [-0.004987077787518501, 0.013213232159614563, -0.999900221824646, 1.5061578750610352], [0.5700744986534119, 0.8215540051460266, 0.00801317673176527, -1.0391845703125], [0.0, 0.0, 0.0, 1.0]], [[0.006910540163516998, -0.9999362826347351, -0.008914628997445107, 0.0067138671875], [-0.01033030729740858, 0.008842980489134789, -0.9999075531959534, 1.5169649124145508], [0.9999226927757263, 0.0070019992999732494, -0.010268540121614933, -1.3463897705078125], [0.0, 0.0, 0.0, 1.0]], [[-0.8324346542358398, -0.5540271997451782, -0.010316935367882252, 0.80908203125], [-0.004750074353069067, 0.025752391666173935, -0.9996570348739624, 1.5023822784423828], [0.554102897644043, -0.8321002125740051, -0.02406885288655758, -1.10064697265625], [0.0, 0.0, 0.0, 1.0]], [[0.9479196667671204, 0.31850355863571167, 0.00197232305072248, -1.1427154541015625], [0.003979699686169624, -0.0056519294157624245, -0.9999760985374451, 1.5885472297668457], [-0.31848475337028503, 0.9479047656059265, -0.006625122390687466, -0.1024169921875], [0.0, 0.0, 0.0, 1.0]], [[0.002088380977511406, 0.9999867081642151, 0.004723204765468836, 0.0032958984375], [-0.021451275795698166, 0.004766926635056734, -0.9997585415840149, 1.5772662162780762], [-0.9997677803039551, 0.0019865534268319607, 0.021460944786667824, -0.09561920166015625], [0.0, 0.0, 0.0, 1.0]], [[-0.9350562691688538, 0.3544852137565613, -0.0031752758659422398, 0.95574951171875], [0.011156197637319565, 0.02047267183661461, -0.9997281432151794, 1.5536079406738281], [-0.3543238043785095, -0.9348374605178833, -0.023097805678844452, -0.13232421875], [0.0, 0.0, 0.0, 1.0]]], "view": [[0.0, -2.0, 100.0], [-2.0, 0.0, 100.0], [0.0, 0.0, 1.0]], "bev": "bev_f5361ce9fd6d41f39d02d4dd40c509e7.png", "aux": "aux_f5361ce9fd6d41f39d02d4dd40c509e7.npz", "visibility": "visibility_f5361ce9fd6d41f39d02d4dd40c509e7.png", "pose": [[-0.535910964012146, -0.8442745208740234, 0.0, 794.2415771484375], [0.8442745208740234, -0.535910964012146, 0.0, 652.6049194335938], [0.0, 0.0, 1.0, 0.0], [0.0, 0.0, 0.0, 1.0]], "pose_inverse": [[-0.535910964012146, 0.8442745208740234, 0.0, -125.33495330810547], [-0.8442745208740234, -0.535910964012146, 0.0, 1020.2960205078125], [0.0, 0.0, 1.0, 0.0], [0.0, 0.0, 0.0, 1.0]], "cam_ids": [0, 1, 2, 3, 4, 5], "cam_channels": ["CAM_FRONT_LEFT", "CAM_FRONT", "CAM_FRONT_RIGHT", "CAM_BACK_LEFT", "CAM_BACK", "CAM_BACK_RIGHT"], "token": "f5361ce9fd6d41f39d02d4dd40c509e7", "scene": "scene-0123"}, {"images": ["samples/CAM_FRONT_LEFT/n015-2018-08-01-16-32-59+0800__CAM_FRONT_LEFT__1533112699654844.jpg", "samples/CAM_FRONT/n015-2018-08-01-16-32-59+0800__CAM_FRONT__1533112699662460.jpg", "samples/CAM_FRONT_RIGHT/n015-2018-08-01-16-32-59+0800__CAM_FRONT_RIGHT__1533112699670339.jpg", "samples/CAM_BACK_LEFT/n015-2018-08-01-16-32-59+0800__CAM_BACK_LEFT__1533112699697423.jpg", "samples/CAM_BACK/n015-2018-08-01-16-32-59+0800__CAM_BACK__1533112699687525.jpg", "samples/CAM_BACK_RIGHT/n015-2018-08-01-16-32-59+0800__CAM_BACK_RIGHT__1533112699677893.jpg"], "intrinsics": [[[1272.5979470598488, 0.0, 826.6154927353808], [0.0, 1272.5979470598488, 479.75165386361925], [0.0, 0.0, 1.0]], [[1266.417203046554, 0.0, 816.2670197447984], [0.0, 1266.417203046554, 491.50706579294757], [0.0, 0.0, 1.0]], [[1260.8474446004698, 0.0, 807.968244525554], [0.0, 1260.8474446004698, 495.3344268742088], [0.0, 0.0, 1.0]], [[1256.7414812095406, 0.0, 792.1125740759628], [0.0, 1256.7414812095406, 492.7757465151356], [0.0, 0.0, 1.0]], [[809.2209905677063, 0.0, 829.2196003259838], [0.0, 809.2209905677063, 481.77842384512485], [0.0, 0.0, 1.0]], [[1259.5137405846733, 0.0, 807.2529053838625], [0.0, 1259.5137405846733, 501.19579884916527], [0.0, 0.0, 1.0]]], "extrinsics": [[[0.8221824169158936, -0.5692236423492432, -0.0006657242774963379, -0.6142578125], [-0.0017032886389642954, -0.0012906898045912385, -0.9999977350234985, 1.5075229406356812], [0.5692214369773865, 0.822181761264801, -0.002030735369771719, -1.0382080078125], [0.0, 0.0, 0.0, 1.0]], [[0.007761368062347174, -0.9999558329582214, 0.005289438646286726, 0.008544921875], [-0.006895310245454311, -0.005342990159988403, -0.9999619722366333, 1.5181231498718262], [0.9999460577964783, 0.0077246492728590965, -0.0069364747032523155, -1.34228515625], [0.0, 0.0, 0.0, 1.0]], [[-0.8320398330688477, -0.5546873211860657, -0.005624119192361832, 0.806732177734375], [-0.0011869418667629361, 0.011918965727090836, -0.9999282360076904, 1.5033111572265625], [0.554714560508728, -0.8319734930992126, -0.010575435124337673, -1.09722900390625], [0.0, 0.0, 0.0, 1.0]], [[0.9477545022964478, 0.31899648904800415, 0.0016334147658199072, -1.138275146484375], [0.007857808843255043, -0.018226472660899162, -0.9998030066490173, 1.5885868072509766], [-0.3189038634300232, 0.9475806355476379, -0.019780833274126053, -0.10491943359375], [0.0, 0.0, 0.0, 1.0]], [[0.0018109310185536742, 0.9999635815620422, -0.008342044427990913, 0.0025634765625], [-0.017656922340393066, -0.008308783173561096, -0.9998095631599426, 1.5775647163391113], [-0.9998424649238586, 0.0019579273648560047, 0.017641229555010796, -0.0999298095703125], [0.0, 0.0, 0.0, 1.0]], [[-0.9352035522460938, 0.3539273142814636, -0.011388451792299747, 0.95172119140625], [0.014817175455391407, 0.006979257334023714, -0.9998658895492554, 1.5543642044067383], [-0.35380032658576965, -0.9352468848228455, -0.011771230027079582, -0.1328125], [0.0, 0.0, 0.0, 1.0]]], "view": [[0.0, -2.0, 100.0], [-2.0, 0.0, 100.0], [0.0, 0.0, 1.0]], "bev": "bev_282bf95b98de4eb48b03ac43c79e3e08.png", "aux": "aux_282bf95b98de4eb48b03ac43c79e3e08.npz", "visibility": "visibility_282bf95b98de4eb48b03ac43c79e3e08.png", "pose": [[-0.5140721201896667, -0.857746958732605, 0.0, 791.6336669921875], [0.857746958732605, -0.5140721201896667, 0.0, 656.87841796875], [0.0, 0.0, 1.0, 0.0], [0.0, 0.0, 0.0, 1.0]], "pose_inverse": [[-0.5140721201896667, 0.857746958732605, 0.0, -156.4786834716797], [-0.857746958732605, -0.5140721201896667, 0.0, 1016.7042236328125], [0.0, 0.0, 1.0, 0.0], [0.0, 0.0, 0.0, 1.0]], "cam_ids": [0, 1, 2, 3, 4, 5], "cam_channels": ["CAM_FRONT_LEFT", "CAM_FRONT", "CAM_FRONT_RIGHT", "CAM_BACK_LEFT", "CAM_BACK", "CAM_BACK_RIGHT"], "token": "282bf95b98de4eb48b03ac43c79e3e08", "scene": "scene-0123"}, {"images": ["samples/CAM_FRONT_LEFT/n015-2018-08-01-16-32-59+0800__CAM_FRONT_LEFT__1533112700254844.jpg", "samples/CAM_FRONT/n015-2018-08-01-16-32-59+0800__CAM_FRONT__1533112700262460.jpg", "samples/CAM_FRONT_RIGHT/n015-2018-08-01-16-32-59+0800__CAM_FRONT_RIGHT__1533112700270339.jpg", "samples/CAM_BACK_LEFT/n015-2018-08-01-16-32-59+0800__CAM_BACK_LEFT__1533112700297423.jpg", "samples/CAM_BACK/n015-2018-08-01-16-32-59+0800__CAM_BACK__1533112700287525.jpg", "samples/CAM_BACK_RIGHT/n015-2018-08-01-16-32-59+0800__CAM_BACK_RIGHT__1533112700277893.jpg"], "intrinsics": [[[1272.5979470598488, 0.0, 826.6154927353808], [0.0, 1272.5979470598488, 479.75165386361925], [0.0, 0.0, 1.0]], [[1266.417203046554, 0.0, 816.2670197447984], [0.0, 1266.417203046554, 491.50706579294757], [0.0, 0.0, 1.0]], [[1260.8474446004698, 0.0, 807.968244525554], [0.0, 1260.8474446004698, 495.3344268742088], [0.0, 0.0, 1.0]], [[1256.7414812095406, 0.0, 792.1125740759628], [0.0, 1256.7414812095406, 492.7757465151356], [0.0, 0.0, 1.0]], [[809.2209905677063, 0.0, 829.2196003259838], [0.0, 809.2209905677063, 481.77842384512485], [0.0, 0.0, 1.0]], [[1259.5137405846733, 0.0, 807.2529053838625], [0.0, 1259.5137405846733, 501.19579884916527], [0.0, 0.0, 1.0]]], "extrinsics": [[[0.8216255903244019, -0.569987952709198, -0.00672229565680027, -0.62432861328125], [-0.0036176934372633696, 0.006578589789569378, -0.999971866607666, 1.506751537322998], [0.5700160264968872, 0.8216267228126526, 0.0033430960029363632, -1.0428466796875], [0.0, 0.0, 0.0, 1.0]], [[0.006971760652959347, -0.9999724626541138, -0.0025420256424695253, 0.0068359375], [-0.008818616159260273, 0.002480505732819438, -0.9999580383300781, 1.5175247192382812], [0.9999367594718933, 0.0069938902743160725, -0.008801080286502838, -1.3509674072265625], [0.0, 0.0, 0.0, 1.0]], [[-0.832394540309906, -0.5541210770606995, -0.008315916173160076, 0.811248779296875], [-0.0030969628132879734, 0.019656648859381676, -0.9998019933700562, 1.5028343200683594], [0.5541748404502869, -0.8322039246559143, -0.01807818002998829, -1.1021728515625], [0.0, 0.0, 0.0, 1.0]], [[0.9477890729904175, 0.3188898265361786, 0.0022655692882835865, -1.1394500732421875], [0.006084802094846964, -0.010980963706970215, -0.9999212026596069, 1.5885639190673828], [-0.3188398480415344, 0.947728157043457, -0.012348020449280739, -0.10394287109375], [0.0, 0.0, 0.0, 1.0]], [[0.0020393889863044024, 0.9999974966049194, -0.0009324083803221583, 0.00323486328125], [-0.019509902223944664, -0.0008924439898692071, -0.9998092651367188, 1.577422857284546], [-0.999807596206665, 0.0020572454668581486, 0.019508032128214836, -0.0972900390625], [0.0, 0.0, 0.0, 1.0]], [[-0.9350621700286865, 0.3544160723686218, -0.006933373399078846, 0.95660400390625], [0.012938808649778366, 0.014577592723071575, -0.9998100399971008, 1.5539417266845703], [-0.35424765944480896, -0.934974193572998, -0.018216677010059357, -0.13214111328125], [0.0, 0.0, 0.0, 1.0]]], "view": [[0.0, -2.0, 100.0], [-2.0, 0.0, 100.0], [0.0, 0.0, 1.0]], "bev": "bev_6faa1ffefb7e4fa8a49672448114b0e0.png", "aux": "aux_6faa1ffefb7e4fa8a49672448114b0e0.npz", "visibility": "visibility_6faa1ffefb7e4fa8a49672448114b0e0.png", "pose": [[-0.4935931861400604, -0.8696929216384888, 0.0, 788.6949462890625], [0.8696929216384888, -0.4935931861400604, 0.0, 661.9547119140625], [0.0, 0.0, 1.0, 0.0], [0.0, 0.0, 0.0, 1.0]], "pose_inverse": [[-0.4935931861400604, 0.8696929216384888, 0.0, -186.4028778076172], [-0.8696929216384888, -0.4935931861400604, 0.0, 1012.6587524414062], [0.0, 0.0, 1.0, 0.0], [0.0, 0.0, 0.0, 1.0]], "cam_ids": [0, 1, 2, 3, 4, 5], "cam_channels": ["CAM_FRONT_LEFT", "CAM_FRONT", "CAM_FRONT_RIGHT", "CAM_BACK_LEFT", "CAM_BACK", "CAM_BACK_RIGHT"], "token": "6faa1ffefb7e4fa8a49672448114b0e0", "scene": "scene-0123"}, {"images": ["samples/CAM_FRONT_LEFT/n015-2018-08-01-16-32-59+0800__CAM_FRONT_LEFT__1533112700754844.jpg", "samples/CAM_FRONT/n015-2018-08-01-16-32-59+0800__CAM_FRONT__1533112700762460.jpg", "samples/CAM_FRONT_RIGHT/n015-2018-08-01-16-32-59+0800__CAM_FRONT_RIGHT__1533112700770339.jpg", "samples/CAM_BACK_LEFT/n015-2018-08-01-16-32-59+0800__CAM_BACK_LEFT__1533112700797423.jpg", "samples/CAM_BACK/n015-2018-08-01-16-32-59+0800__CAM_BACK__1533112700787525.jpg", "samples/CAM_BACK_RIGHT/n015-2018-08-01-16-32-59+0800__CAM_BACK_RIGHT__1533112700777893.jpg"], "intrinsics": [[[1272.5979470598488, 0.0, 826.6154927353808], [0.0, 1272.5979470598488, 479.75165386361925], [0.0, 0.0, 1.0]], [[1266.417203046554, 0.0, 816.2670197447984], [0.0, 1266.417203046554, 491.50706579294757], [0.0, 0.0, 1.0]], [[1260.8474446004698, 0.0, 807.968244525554], [0.0, 1260.8474446004698, 495.3344268742088], [0.0, 0.0, 1.0]], [[1256.7414812095406, 0.0, 792.1125740759628], [0.0, 1256.7414812095406, 492.7757465151356], [0.0, 0.0, 1.0]], [[809.2209905677063, 0.0, 829.2196003259838], [0.0, 809.2209905677063, 481.77842384512485], [0.0, 0.0, 1.0]], [[1259.5137405846733, 0.0, 807.2529053838625], [0.0, 1259.5137405846733, 501.19579884916527], [0.0, 0.0, 1.0]]], "extrinsics": [[[0.821681022644043, -0.569866418838501, -0.009617495350539684, -0.63897705078125], [-0.004155340138822794, 0.010884091258049011, -0.9999321103096008, 1.5065908432006836], [0.5699324607849121, 0.8216652274131775, 0.006575262639671564, -1.05535888671875], [0.0, 0.0, 0.0, 1.0]], [[0.007182029541581869, -0.9999494552612305, -0.007031689863651991, 0.0084228515625], [-0.009602267295122147, 0.006962583865970373, -0.9999297261238098, 1.5173978805541992], [0.9999281167984009, 0.007249003276228905, -0.009551777504384518, -1.366485595703125], [0.0, 0.0, 0.0, 1.0]], [[-0.832266092300415, -0.554286003112793, -0.010007348842918873, 0.822235107421875], [-0.004176014568656683, 0.024319319054484367, -0.9996955394744873, 1.5025672912597656], [0.554360568523407, -0.8319708704948425, -0.022554852068424225, -1.10772705078125], [0.0, 0.0, 0.0, 1.0]], [[0.947773814201355, 0.3189379870891571, 0.0018064100295305252, -1.13983154296875], [0.0038613409269601107, -0.005810883361846209, -0.9999756217002869, 1.5885648727416992], [-0.31891968846321106, 0.9477577805519104, -0.006738932337611914, -0.1043701171875], [0.0, 0.0, 0.0, 1.0]], [[0.0019630687311291695, 0.9999898076057434, 0.004081477876752615, 0.00262451171875], [-0.021307440474629402, 0.004122386686503887, -0.9997645020484924, 1.5773553848266602], [-0.999770998954773, 0.0018756367499008775, 0.0213153138756752, -0.0920562744140625], [0.0, 0.0, 0.0, 1.0]], [[-0.9351311922073364, 0.354280024766922, -0.003926057368516922, 0.96466064453125], [0.011547786183655262, 0.019401703029870987, -0.9997450709342957, 1.5535507202148438], [-0.35411351919174194, -0.9349380731582642, -0.022234288975596428, -0.12786865234375], [0.0, 0.0, 0.0, 1.0]]], "view": [[0.0, -2.0, 100.0], [-2.0, 0.0, 100.0], [0.0, 0.0, 1.0]], "bev": "bev_cc934047b8f7442b8f9ab25c2462713e.png", "aux": "aux_cc934047b8f7442b8f9ab25c2462713e.npz", "visibility": "visibility_cc934047b8f7442b8f9ab25c2462713e.png", "pose": [[-0.4762435257434845, -0.8793134093284607, 0.0, 786.4117431640625], [0.8793134093284607, -0.4762435257434845, 0.0, 666.1070556640625], [0.0, 0.0, 1.0, 0.0], [0.0, 0.0, 0.0, 1.0]], "pose_inverse": [[-0.4762435257434845, 0.8793134093284607, 0.0, -211.19338989257812], [-0.8793134093284607, -0.4762435257434845, 0.0, 1008.7315673828125], [0.0, 0.0, 1.0, 0.0], [0.0, 0.0, 0.0, 1.0]], "cam_ids": [0, 1, 2, 3, 4, 5], "cam_channels": ["CAM_FRONT_LEFT", "CAM_FRONT", "CAM_FRONT_RIGHT", "CAM_BACK_LEFT", "CAM_BACK", "CAM_BACK_RIGHT"], "token": "cc934047b8f7442b8f9ab25c2462713e", "scene": "scene-0123"}, {"images": ["samples/CAM_FRONT_LEFT/n015-2018-08-01-16-32-59+0800__CAM_FRONT_LEFT__1533112701254844.jpg", "samples/CAM_FRONT/n015-2018-08-01-16-32-59+0800__CAM_FRONT__1533112701262460.jpg", "samples/CAM_FRONT_RIGHT/n015-2018-08-01-16-32-59+0800__CAM_FRONT_RIGHT__1533112701270339.jpg", "samples/CAM_BACK_LEFT/n015-2018-08-01-16-32-59+0800__CAM_BACK_LEFT__1533112701297423.jpg", "samples/CAM_BACK/n015-2018-08-01-16-32-59+0800__CAM_BACK__1533112701287525.jpg", "samples/CAM_BACK_RIGHT/n015-2018-08-01-16-32-59+0800__CAM_BACK_RIGHT__1533112701277893.jpg"], "intrinsics": [[[1272.5979470598488, 0.0, 826.6154927353808], [0.0, 1272.5979470598488, 479.75165386361925], [0.0, 0.0, 1.0]], [[1266.417203046554, 0.0, 816.2670197447984], [0.0, 1266.417203046554, 491.50706579294757], [0.0, 0.0, 1.0]], [[1260.8474446004698, 0.0, 807.968244525554], [0.0, 1260.8474446004698, 495.3344268742088], [0.0, 0.0, 1.0]], [[1256.7414812095406, 0.0, 792.1125740759628], [0.0, 1256.7414812095406, 492.7757465151356], [0.0, 0.0, 1.0]], [[809.2209905677063, 0.0, 829.2196003259838], [0.0, 809.2209905677063, 481.77842384512485], [0.0, 0.0, 1.0]], [[1259.5137405846733, 0.0, 807.2529053838625], [0.0, 1259.5137405846733, 501.19579884916527], [0.0, 0.0, 1.0]]], "extrinsics": [[[0.8211681246757507, -0.5705468058586121, -0.012611725367605686, -0.6494140625], [-0.00557903153821826, 0.014072386547923088, -0.9998854398727417, 1.5061111450195312], [0.5706589221954346, 0.8211445212364197, 0.008372697047889233, -1.0599365234375], [0.0, 0.0, 0.0, 1.0]], [[0.006328127346932888, -0.9999284148216248, -0.010150425136089325, 0.0064697265625], [-0.010812151245772839, 0.010081617161631584, -0.9998907446861267, 1.5171117782592773], [0.9999215006828308, 0.006437153089791536, -0.010747579857707024, -1.3752899169921875], [0.0, 0.0, 0.0, 1.0]], [[-0.8326855897903442, -0.5536395311355591, -0.010857732966542244, 0.82647705078125], [-0.0051487404853105545, 0.027347777038812637, -0.9996126890182495, 1.5023841857910156], [0.5537220239639282, -0.8323072195053101, -0.025622645393013954, -1.1124267578125], [0.0, 0.0, 0.0, 1.0]], [[0.947860062122345, 0.3186768591403961, 0.0025088107213377953, -1.1369171142578125], [0.003578925272449851, -0.0027725109830498695, -0.9999897480010986, 1.5885710716247559], [-0.31866660714149475, 0.9478593468666077, -0.003768473630771041, -0.1044921875], [0.0, 0.0, 0.0, 1.0]], [[0.002249315846711397, 0.9999723434448242, 0.007078972179442644, 0.0032958984375], [-0.02185007371008396, 0.0071264468133449554, -0.9997358918190002, 1.5773048400878906], [-0.999758780002594, 0.0020940278191119432, 0.021865498274564743, -0.0921173095703125], [0.0, 0.0, 0.0, 1.0]], [[-0.9349426627159119, 0.3547923266887665, -0.002107582986354828, 0.9683837890625], [0.01074888464063406, 0.022386781871318817, -0.9996916055679321, 1.5533866882324219], [-0.3546358048915863, -0.9346771240234375, -0.024743981659412384, -0.127685546875], [0.0, 0.0, 0.0, 1.0]]], "view": [[0.0, -2.0, 100.0], [-2.0, 0.0, 100.0], [0.0, 0.0, 1.0]], "bev": "bev_2e1da798602844d480de3255877dd782.png", "aux": "aux_2e1da798602844d480de3255877dd782.npz", "visibility": "visibility_2e1da798602844d480de3255877dd782.png", "pose": [[-0.4601573944091797, -0.8878373503684998, 0.0, 784.2808227539062], [0.8878373503684998, -0.4601573944091797, 0.0, 670.163330078125], [0.0, 0.0, 1.0, 0.0], [0.0, 0.0, 0.0, 1.0]], "pose_inverse": [[-0.4601573944091797, 0.8878373503684998, 0.0, -234.10340881347656], [-0.8878373503684998, -0.4601573944091797, 0.0, 1004.6943969726562], [0.0, 0.0, 1.0, 0.0], [0.0, 0.0, 0.0, 1.0]], "cam_ids": [0, 1, 2, 3, 4, 5], "cam_channels": ["CAM_FRONT_LEFT", "CAM_FRONT", "CAM_FRONT_RIGHT", "CAM_BACK_LEFT", "CAM_BACK", "CAM_BACK_RIGHT"], "token": "2e1da798602844d480de3255877dd782", "scene": "scene-0123"}, {"images": ["samples/CAM_FRONT_LEFT/n015-2018-08-01-16-32-59+0800__CAM_FRONT_LEFT__1533112701754844.jpg", "samples/CAM_FRONT/n015-2018-08-01-16-32-59+0800__CAM_FRONT__1533112701762460.jpg", "samples/CAM_FRONT_RIGHT/n015-2018-08-01-16-32-59+0800__CAM_FRONT_RIGHT__1533112701770339.jpg", "samples/CAM_BACK_LEFT/n015-2018-08-01-16-32-59+0800__CAM_BACK_LEFT__1533112701797423.jpg", "samples/CAM_BACK/n015-2018-08-01-16-32-59+0800__CAM_BACK__1533112701787525.jpg", "samples/CAM_BACK_RIGHT/n015-2018-08-01-16-32-59+0800__CAM_BACK_RIGHT__1533112701777893.jpg"], "intrinsics": [[[1272.5979470598488, 0.0, 826.6154927353808], [0.0, 1272.5979470598488, 479.75165386361925], [0.0, 0.0, 1.0]], [[1266.417203046554, 0.0, 816.2670197447984], [0.0, 1266.417203046554, 491.50706579294757], [0.0, 0.0, 1.0]], [[1260.8474446004698, 0.0, 807.968244525554], [0.0, 1260.8474446004698, 495.3344268742088], [0.0, 0.0, 1.0]], [[1256.7414812095406, 0.0, 792.1125740759628], [0.0, 1256.7414812095406, 492.7757465151356], [0.0, 0.0, 1.0]], [[809.2209905677063, 0.0, 829.2196003259838], [0.0, 809.2209905677063, 481.77842384512485], [0.0, 0.0, 1.0]], [[1259.5137405846733, 0.0, 807.2529053838625], [0.0, 1259.5137405846733, 501.19579884916527], [0.0, 0.0, 1.0]]], "extrinsics": [[[0.8213922381401062, -0.569782555103302, -0.025738997384905815, -0.64837646484375], [-0.016313299536705017, 0.02163970097899437, -0.999632716178894, 1.501962661743164], [0.5701302886009216, 0.8215104341506958, 0.008479650132358074, -1.06011962890625], [0.0, 0.0, 0.0, 1.0]], [[0.00681260135024786, -0.9998164176940918, -0.01790422946214676, 0.0069580078125], [-0.021568646654486656, 0.017753561958670616, -0.9996097683906555, 1.5136890411376953], [0.999744176864624, 0.007196095306426287, -0.021443739533424377, -1.3748321533203125], [0.0, 0.0, 0.0, 1.0]], [[-0.8324985504150391, -0.5539922714233398, -0.0062243095599114895, 0.826568603515625], [-0.01591004617512226, 0.03513545170426369, -0.999255895614624, 1.499725341796875], [0.5537987351417542, -0.8317800760269165, -0.03806425631046295, -1.1121826171875], [0.0, 0.0, 0.0, 1.0]], [[0.9477883577346802, 0.3188604712486267, -0.005011562258005142, -1.1373519897460938], [-0.007043248973786831, 0.005219018552452326, -0.9999615550041199, 1.58851957321167], [-0.3188219666481018, 0.947787344455719, 0.0071923378854990005, -0.1053466796875], [0.0, 0.0, 0.0, 1.0]], [[0.002205273136496544, 0.999884843826294, 0.015015552751719952, 0.00311279296875], [-0.0325353778898716, 0.015079380013048649, -0.9993568658828735, 1.576324462890625], [-0.9994680881500244, 0.0017152823274955153, 0.032564885914325714, -0.091339111328125], [0.0, 0.0, 0.0, 1.0]], [[-0.9350220561027527, 0.35442763566970825, 0.010714065283536911, 0.9686279296875], [2.0514484276645817e-05, 0.03026946634054184, -0.9995417594909668, 1.5514583587646484], [-0.3545895516872406, -0.9345933794975281, -0.028309889137744904, -0.12744140625], [0.0, 0.0, 0.0, 1.0]]], "view": [[0.0, -2.0, 100.0], [-2.0, 0.0, 100.0], [0.0, 0.0, 1.0]], "bev": "bev_71aa010c521d4eeb9845d8d587ed68dc.png", "aux": "aux_71aa010c521d4eeb9845d8d587ed68dc.npz", "visibility": "visibility_71aa010c521d4eeb9845d8d587ed68dc.png", "pose": [[-0.44165024161338806, -0.8971872925758362, 0.0, 782.270263671875], [0.8971872925758362, -0.44165024161338806, 0.0, 674.2017822265625], [0.0, 0.0, 1.0, 0.0], [0.0, 0.0, 0.0, 1.0]], "pose_inverse": [[-0.44165024161338806, 0.8971872925758362, 0.0, -259.39544677734375], [-0.8971872925758362, -0.44165024161338806, 0.0, 999.6043090820312], [0.0, 0.0, 1.0, 0.0], [0.0, 0.0, 0.0, 1.0]], "cam_ids": [0, 1, 2, 3, 4, 5], "cam_channels": ["CAM_FRONT_LEFT", "CAM_FRONT", "CAM_FRONT_RIGHT", "CAM_BACK_LEFT", "CAM_BACK", "CAM_BACK_RIGHT"], "token": "71aa010c521d4eeb9845d8d587ed68dc", "scene": "scene-0123"}, {"images": ["samples/CAM_FRONT_LEFT/n015-2018-08-01-16-32-59+0800__CAM_FRONT_LEFT__1533112702254844.jpg", "samples/CAM_FRONT/n015-2018-08-01-16-32-59+0800__CAM_FRONT__1533112702262460.jpg", "samples/CAM_FRONT_RIGHT/n015-2018-08-01-16-32-59+0800__CAM_FRONT_RIGHT__1533112702270339.jpg", "samples/CAM_BACK_LEFT/n015-2018-08-01-16-32-59+0800__CAM_BACK_LEFT__1533112702297423.jpg", "samples/CAM_BACK/n015-2018-08-01-16-32-59+0800__CAM_BACK__1533112702287525.jpg", "samples/CAM_BACK_RIGHT/n015-2018-08-01-16-32-59+0800__CAM_BACK_RIGHT__1533112702277893.jpg"], "intrinsics": [[[1272.5979470598488, 0.0, 826.6154927353808], [0.0, 1272.5979470598488, 479.75165386361925], [0.0, 0.0, 1.0]], [[1266.417203046554, 0.0, 816.2670197447984], [0.0, 1266.417203046554, 491.50706579294757], [0.0, 0.0, 1.0]], [[1260.8474446004698, 0.0, 807.968244525554], [0.0, 1260.8474446004698, 495.3344268742088], [0.0, 0.0, 1.0]], [[1256.7414812095406, 0.0, 792.1125740759628], [0.0, 1256.7414812095406, 492.7757465151356], [0.0, 0.0, 1.0]], [[809.2209905677063, 0.0, 829.2196003259838], [0.0, 809.2209905677063, 481.77842384512485], [0.0, 0.0, 1.0]], [[1259.5137405846733, 0.0, 807.2529053838625], [0.0, 1259.5137405846733, 501.19579884916527], [0.0, 0.0, 1.0]]], "extrinsics": [[[0.8210060000419617, -0.5700468420982361, -0.03155513107776642, -0.66796875], [-0.024587534368038177, 0.019915588200092316, -0.9994992613792419, 1.4993457794189453], [0.5703898668289185, 0.8213707804679871, 0.0023347712121903896, -1.07720947265625], [0.0, 0.0, 0.0, 1.0]], [[0.006371247116476297, -0.9998539090156555, -0.015858447179198265, 0.009033203125], [-0.029994485899806023, 0.01566055230796337, -0.9994273781776428, 1.5116424560546875], [0.9995298385620117, 0.006843225564807653, -0.029890328645706177, -1.39715576171875], [0.0, 0.0, 0.0, 1.0]], [[-0.8326709866523743, -0.5537632703781128, 0.0023147601168602705, 0.843048095703125], [-0.02448587492108345, 0.032641828060150146, -0.9991671442985535, 1.4979972839355469], [0.5532264113426208, -0.832034170627594, -0.0407392755150795, -1.1209716796875], [0.0, 0.0, 0.0, 1.0]], [[0.9476445317268372, 0.31898874044418335, -0.014699622988700867, -1.143218994140625], [-0.01604146882891655, 0.0015796588268131018, -0.9998700618743896, 1.5885725021362305], [-0.31892403960227966, 0.9477572441101074, 0.006614001002162695, -0.1033935546875], [0.0, 0.0, 0.0, 1.0]], [[0.002327202120795846, 0.9999279975891113, 0.011768733151257038, 0.00244140625], [-0.041404858231544495, 0.01185502391308546, -0.9990721344947815, 1.575927734375], [-0.9991397261619568, 0.0018377597443759441, 0.041429467499256134, -0.080780029296875], [0.0, 0.0, 0.0, 1.0]], [[-0.9348412156105042, 0.35461682081222534, 0.017858333885669708, 0.98211669921875], [-0.008684864267706871, 0.02744361385703087, -0.9995856285095215, 1.5499897003173828], [-0.35495999455451965, -0.9346089363098145, -0.02257562428712845, -0.12091064453125], [0.0, 0.0, 0.0, 1.0]]], "view": [[0.0, -2.0, 100.0], [-2.0, 0.0, 100.0], [0.0, 0.0, 1.0]], "bev": "bev_4b2579c28fa34bd98aa2aa1992ac5930.png", "aux": "aux_4b2579c28fa34bd98aa2aa1992ac5930.npz", "visibility": "visibility_4b2579c28fa34bd98aa2aa1992ac5930.png", "pose": [[-0.4261845648288727, -0.9046362638473511, 0.0, 780.4136962890625], [0.9046362638473511, -0.4261845648288727, 0.0, 678.0900268554688], [0.0, 0.0, 1.0, 0.0], [0.0, 0.0, 0.0, 1.0]], "pose_inverse": [[-0.4261845648288727, 0.9046362638473511, 0.0, -280.8245544433594], [-0.9046362638473511, -0.4261845648288727, 0.0, 994.9819946289062], [0.0, 0.0, 1.0, 0.0], [0.0, 0.0, 0.0, 1.0]], "cam_ids": [0, 1, 2, 3, 4, 5], "cam_channels": ["CAM_FRONT_LEFT", "CAM_FRONT", "CAM_FRONT_RIGHT", "CAM_BACK_LEFT", "CAM_BACK", "CAM_BACK_RIGHT"], "token": "4b2579c28fa34bd98aa2aa1992ac5930", "scene": "scene-0123"}, {"images": ["samples/CAM_FRONT_LEFT/n015-2018-08-01-16-32-59+0800__CAM_FRONT_LEFT__1533112702754844.jpg", "samples/CAM_FRONT/n015-2018-08-01-16-32-59+0800__CAM_FRONT__1533112702762460.jpg", "samples/CAM_FRONT_RIGHT/n015-2018-08-01-16-32-59+0800__CAM_FRONT_RIGHT__1533112702770339.jpg", "samples/CAM_BACK_LEFT/n015-2018-08-01-16-32-59+0800__CAM_BACK_LEFT__1533112702797423.jpg", "samples/CAM_BACK/n015-2018-08-01-16-32-59+0800__CAM_BACK__1533112702787525.jpg", "samples/CAM_BACK_RIGHT/n015-2018-08-01-16-32-59+0800__CAM_BACK_RIGHT__1533112702777893.jpg"], "intrinsics": [[[1272.5979470598488, 0.0, 826.6154927353808], [0.0, 1272.5979470598488, 479.75165386361925], [0.0, 0.0, 1.0]], [[1266.417203046554, 0.0, 816.2670197447984], [0.0, 1266.417203046554, 491.50706579294757], [0.0, 0.0, 1.0]], [[1260.8474446004698, 0.0, 807.968244525554], [0.0, 1260.8474446004698, 495.3344268742088], [0.0, 0.0, 1.0]], [[1256.7414812095406, 0.0, 792.1125740759628], [0.0, 1256.7414812095406, 492.7757465151356], [0.0, 0.0, 1.0]], [[809.2209905677063, 0.0, 829.2196003259838], [0.0, 809.2209905677063, 481.77842384512485], [0.0, 0.0, 1.0]], [[1259.5137405846733, 0.0, 807.2529053838625], [0.0, 1259.5137405846733, 501.19579884916527], [0.0, 0.0, 1.0]]], "extrinsics": [[[0.8203353881835938, -0.5709851980209351, -0.03202715516090393, -0.671142578125], [-0.02891658991575241, 0.014517158269882202, -0.999476432800293, 1.497903823852539], [0.5711511373519897, 0.8208320140838623, -0.004602003842592239, -1.0784912109375], [0.0, 0.0, 0.0, 1.0]], [[0.005618574097752571, -0.9999277591705322, -0.010622447356581688, 0.00848388671875], [-0.034115228801965714, 0.010424760170280933, -0.9993635416030884, 1.510538101196289], [0.9994021058082581, 0.005977402441203594, -0.034054193645715714, -1.399993896484375], [0.0, 0.0, 0.0, 1.0]], [[-0.8329141736030579, -0.553338885307312, 0.008370593190193176, 0.8446044921875], [-0.028379829600453377, 0.027603214606642723, -0.9992160201072693, 1.4971885681152344], [0.5526739954948425, -0.8324987888336182, -0.03869476914405823, -1.12261962890625], [0.0, 0.0, 0.0, 1.0]], [[0.9475341439247131, 0.3190676271915436, -0.0193617083132267, -1.1437835693359375], [-0.0194369126111269, -0.0029486720450222492, -0.9998067021369934, 1.5885889530181885], [-0.31906306743621826, 0.9477273225784302, 0.003407724667340517, -0.103271484375], [0.0, 0.0, 0.0, 1.0]], [[0.00243150582537055, 0.9999724626541138, 0.007024205289781094, 0.00250244140625], [-0.044936150312423706, 0.007126389537006617, -0.9989644885063171, 1.5756912231445312], [-0.9989868998527527, 0.0021133138798177242, 0.044952236115932465, -0.079559326171875], [0.0, 0.0, 0.0, 1.0]], [[-0.9346650242805481, 0.35498809814453125, 0.019615430384874344, 0.98388671875], [-0.012418924830853939, 0.022539909929037094, -0.9996688365936279, 1.5494098663330078], [-0.35531267523765564, -0.9345990419387817, -0.01665869541466236, -0.12060546875], [0.0, 0.0, 0.0, 1.0]]], "view": [[0.0, -2.0, 100.0], [-2.0, 0.0, 100.0], [0.0, 0.0, 1.0]], "bev": "bev_db8f26e4c8e2428caa325379e176b45f.png", "aux": "aux_db8f26e4c8e2428caa325379e176b45f.npz", "visibility": "visibility_db8f26e4c8e2428caa325379e176b45f.png", "pose": [[-0.4176897406578064, -0.9085897207260132, 0.0, 778.6685180664062], [0.9085897207260132, -0.4176897406578064, 0.0, 681.9422607421875], [0.0, 0.0, 1.0, 0.0], [0.0, 0.0, 0.0, 1.0]], "pose_inverse": [[-0.4176897406578064, 0.9085897207260132, 0.0, -294.3638916015625], [-0.9085897207260132, -0.4176897406578064, 0.0, 992.3305053710938], [0.0, 0.0, 1.0, 0.0], [0.0, 0.0, 0.0, 1.0]], "cam_ids": [0, 1, 2, 3, 4, 5], "cam_channels": ["CAM_FRONT_LEFT", "CAM_FRONT", "CAM_FRONT_RIGHT", "CAM_BACK_LEFT", "CAM_BACK", "CAM_BACK_RIGHT"], "token": "db8f26e4c8e2428caa325379e176b45f", "scene": "scene-0123"}, {"images": ["samples/CAM_FRONT_LEFT/n015-2018-08-01-16-32-59+0800__CAM_FRONT_LEFT__1533112703254844.jpg", "samples/CAM_FRONT/n015-2018-08-01-16-32-59+0800__CAM_FRONT__1533112703262460.jpg", "samples/CAM_FRONT_RIGHT/n015-2018-08-01-16-32-59+0800__CAM_FRONT_RIGHT__1533112703270339.jpg", "samples/CAM_BACK_LEFT/n015-2018-08-01-16-32-59+0800__CAM_BACK_LEFT__1533112703297423.jpg", "samples/CAM_BACK/n015-2018-08-01-16-32-59+0800__CAM_BACK__1533112703287525.jpg", "samples/CAM_BACK_RIGHT/n015-2018-08-01-16-32-59+0800__CAM_BACK_RIGHT__1533112703277893.jpg"], "intrinsics": [[[1272.5979470598488, 0.0, 826.6154927353808], [0.0, 1272.5979470598488, 479.75165386361925], [0.0, 0.0, 1.0]], [[1266.417203046554, 0.0, 816.2670197447984], [0.0, 1266.417203046554, 491.50706579294757], [0.0, 0.0, 1.0]], [[1260.8474446004698, 0.0, 807.968244525554], [0.0, 1260.8474446004698, 495.3344268742088], [0.0, 0.0, 1.0]], [[1256.7414812095406, 0.0, 792.1125740759628], [0.0, 1256.7414812095406, 492.7757465151356], [0.0, 0.0, 1.0]], [[809.2209905677063, 0.0, 829.2196003259838], [0.0, 809.2209905677063, 481.77842384512485], [0.0, 0.0, 1.0]], [[1259.5137405846733, 0.0, 807.2529053838625], [0.0, 1259.5137405846733, 501.19579884916527], [0.0, 0.0, 1.0]]], "extrinsics": [[[0.8204545378684998, -0.5707985758781433, -0.032301560044288635, -0.677490234375], [-0.02831827662885189, 0.015856178477406502, -0.9994732141494751, 1.4983348846435547], [0.5710100531578064, 0.8209370374679565, -0.003154755337163806, -1.08282470703125], [0.0, 0.0, 0.0, 1.0]], [[0.0057037388905882835, -0.9999104142189026, -0.012108488008379936, 0.0081787109375], [-0.0337529294192791, 0.011909279972314835, -0.9993592500686646, 1.5108470916748047], [0.9994138479232788, 0.006108790170401335, -0.03368197754025459, -1.4061279296875], [0.0, 0.0, 0.0, 1.0]], [[-0.83290696144104, -0.5533637404441833, 0.007383805699646473, 0.848388671875], [-0.028274592012166977, 0.02922564186155796, -0.9991728663444519, 1.4973526000976562], [0.5526902675628662, -0.832426905632019, -0.03998837247490883, -1.12542724609375], [0.0, 0.0, 0.0, 1.0]], [[0.9475305080413818, 0.3190698027610779, -0.019507115706801414, -1.1450843811035156], [-0.02027534693479538, -0.0009138818131759763, -0.9997940063476562, 1.5886192321777344], [-0.31902188062667847, 0.9477307796478271, 0.0056033194