[{"images": ["samples/CAM_FRONT_LEFT/n008-2018-09-18-12-53-31-0400__CAM_FRONT_LEFT__1537290061504799.jpg", "samples/CAM_FRONT/n008-2018-09-18-12-53-31-0400__CAM_FRONT__1537290061512404.jpg", "samples/CAM_FRONT_RIGHT/n008-2018-09-18-12-53-31-0400__CAM_FRONT_RIGHT__1537290061520482.jpg", "samples/CAM_BACK_LEFT/n008-2018-09-18-12-53-31-0400__CAM_BACK_LEFT__1537290061547405.jpg", "samples/CAM_BACK/n008-2018-09-18-12-53-31-0400__CAM_BACK__1537290061537558.jpg", "samples/CAM_BACK_RIGHT/n008-2018-09-18-12-53-31-0400__CAM_BACK_RIGHT__1537290061528113.jpg"], "intrinsics": [[[1257.8625342125129, 0.0, 827.2410631095686], [0.0, 1257.8625342125129, 450.915498205774], [0.0, 0.0, 1.0]], [[1252.8131021185304, 0.0, 826.588114781398], [0.0, 1252.8131021185304, 469.9846626224581], [0.0, 0.0, 1.0]], [[1256.7485116440405, 0.0, 817.7887570959712], [0.0, 1256.7485116440403, 451.9541780095127], [0.0, 0.0, 1.0]], [[1254.9860565800168, 0.0, 829.5769333630991], [0.0, 1254.9860565800168, 467.1680561863987], [0.0, 0.0, 1.0]], [[796.8910634503094, 0.0, 857.7774326863696], [0.0, 796.8910634503094, 476.8848988407415], [0.0, 0.0, 1.0]], [[1249.9629280788233, 0.0, 825.3768045375984], [0.0, 1249.9629280788233, 462.54816385708756], [0.0, 0.0, 1.0]]], "extrinsics": [[[0.8221459984779358, -0.5686630010604858, -0.026427356526255608, -0.8125], [-0.0014786565443500876, 0.04428936168551445, -0.9990176558494568, 1.4878158569335938], [0.5692748427391052, 0.8213773965835571, 0.03557146340608597, -1.2037353515625], [0.0, 0.0, 0.0, 1.0]], [[0.009634033776819706, -0.999130129814148, -0.04057316109538078, 0.0096435546875], [0.0006925935740582645, 0.04058169946074486, -0.999176025390625, 1.4801864624023438], [0.9999533295631409, 0.009597958996891975, 0.001082956325262785, -1.5434989929199219], [0.0, 0.0, 0.0, 1.0]], [[-0.8443241715431213, -0.5352553129196167, -0.024865038692951202, 0.96697998046875], [0.008943538181483746, 0.03232065960764885, -0.9994375109672546, 1.4943351745605469], [0.5357579588890076, -0.8440717458724976, -0.02250204235315323, -1.19677734375], [0.0, 0.0, 0.0, 1.0]], [[0.9479455351829529, 0.31843242049217224, 0.0004390114627312869, -1.14447021484375], [-0.015790050849318504, 0.0483824796974659, -0.9987040758132935, 1.5620651245117188], [-0.31804102659225464, 0.9467100501060486, 0.05089201778173447, -0.15576171875], [0.0, 0.0, 0.0, 1.0]], [[0.009649716317653656, 0.9991310238838196, 0.04054715484380722, -0.029052734375], [-0.01395665854215622, 0.04067966341972351, -0.9990747570991516, 1.5672683715820312], [-0.9998560547828674, 0.009074938483536243, 0.014337079599499702, -0.010406494140625], [0.0, 0.0, 0.0, 1.0]], [[-0.9235708713531494, 0.3830958306789398, 0.015944745391607285, 1.0618896484375], [-0.00994922686368227, 0.017626557499170303, -0.999795138835907, 1.5467281341552734], [-0.3832983672618866, -0.9235403537750244, -0.012467870488762856, -0.0833740234375], [0.0, 0.0, 0.0, 1.0]]], "view": [[0.0, -2.0, 100.0], [-2.0, 0.0, 100.0], [0.0, 0.0, 1.0]], "bev": "bev_edc6908005ad44cc99af201f01493394.png", "aux": "aux_edc6908005ad44cc99af201f01493394.npz", "visibility": "visibility_edc6908005ad44cc99af201f01493394.png", "pose": [[-0.8519550561904907, -0.5236148834228516, 0.0, 796.65478515625], [0.5236148834228516, -0.8519550561904907, 0.0, 1391.3779296875], [0.0, 0.0, 1.0, 0.0], [0.0, 0.0, 0.0, 1.0]], "pose_inverse": [[-0.8519550561904907, 0.5236148834228516, 0.0, -49.8321418762207], [-0.5236148834228516, -0.8519550561904907, 0.0, 1602.53173828125], [0.0, 0.0, 1.0, 0.0], [0.0, 0.0, 0.0, 1.0]], "cam_ids": [0, 1, 2, 3, 4, 5], "cam_channels": ["CAM_FRONT_LEFT", "CAM_FRONT", "CAM_FRONT_RIGHT", "CAM_BACK_LEFT", "CAM_BACK", "CAM_BACK_RIGHT"], "token": "edc6908005ad44cc99af201f01493394", "scene": "scene-0472"}, {"images": ["samples/CAM_FRONT_LEFT/n008-2018-09-18-12-53-31-0400__CAM_FRONT_LEFT__1537290062004799.jpg", "samples/CAM_FRONT/n008-2018-09-18-12-53-31-0400__CAM_FRONT__1537290062012404.jpg", "samples/CAM_FRONT_RIGHT/n008-2018-09-18-12-53-31-0400__CAM_FRONT_RIGHT__1537290062020482.jpg", "samples/CAM_BACK_LEFT/n008-2018-09-18-12-53-31-0400__CAM_BACK_LEFT__1537290062047405.jpg", "samples/CAM_BACK/n008-2018-09-18-12-53-31-0400__CAM_BACK__1537290062037558.jpg", "samples/CAM_BACK_RIGHT/n008-2018-09-18-12-53-31-0400__CAM_BACK_RIGHT__1537290062028113.jpg"], "intrinsics": [[[1257.8625342125129, 0.0, 827.2410631095686], [0.0, 1257.8625342125129, 450.915498205774], [0.0, 0.0, 1.0]], [[1252.8131021185304, 0.0, 826.588114781398], [0.0, 1252.8131021185304, 469.9846626224581], [0.0, 0.0, 1.0]], [[1256.7485116440405, 0.0, 817.7887570959712], [0.0, 1256.7485116440403, 451.9541780095127], [0.0, 0.0, 1.0]], [[1254.9860565800168, 0.0, 829.5769333630991], [0.0, 1254.9860565800168, 467.1680561863987], [0.0, 0.0, 1.0]], [[796.8910634503094, 0.0, 857.7774326863696], [0.0, 796.8910634503094, 476.8848988407415], [0.0, 0.0, 1.0]], [[1249.9629280788233, 0.0, 825.3768045375984], [0.0, 1249.9629280788233, 462.54816385708756], [0.0, 0.0, 1.0]]], "extrinsics": [[[0.8224218487739563, -0.5687556266784668, -0.01180688664317131, -0.792724609375], [0.0057964627631008625, 0.02913169376552105, -0.9995588064193726, 1.4897003173828125], [0.5688486695289612, 0.8219904899597168, 0.027255311608314514, -1.1898193359375], [0.0, 0.0, 0.0, 1.0]], [[0.010079306550323963, -0.999636173248291, -0.02501954510807991, 0.0096435546875], [0.007547551766037941, 0.025096159428358078, -0.9996565580368042, 1.4817047119140625], [0.9999207258224487, 0.009887056425213814, 0.007797756232321262, -1.5233592987060547], [0.0, 0.0, 0.0, 1.0]], [[-0.8440725803375244, -0.5357855558395386, -0.021803220734000206, 0.95330810546875], [0.015359554439783096, 0.0164862722158432, -0.9997461438179016, 1.4955596923828125], [0.5360090136528015, -0.8441931009292603, -0.00568618206307292, -1.188232421875], [0.0, 0.0, 0.0, 1.0]], [[0.9478819370269775, 0.31862157583236694, 0.0005608115461654961, -1.1358642578125], [-0.010068087838590145, 0.0317111611366272, -0.9994463324546814, 1.5619430541992188], [-0.31846296787261963, 0.9473514556884766, 0.0332663431763649, -0.1593017578125], [0.0, 0.0, 0.0, 1.0]], [[0.009299741126596928, 0.9996659159660339, 0.0241169985383749, -0.02880859375], [-0.007900604978203773, 0.024190744385123253, -0.9996761083602905, 1.567535400390625], [-0.9999255537986755, 0.009106154553592205, 0.00812293216586113, -0.020023345947265625], [0.0, 0.0, 0.0, 1.0]], [[-0.9236941337585449, 0.3831101357936859, 0.003964107483625412, 1.0504150390625], [-0.003680918365716934, 0.0014722479972988367, -0.9999921321868896, 1.5473723411560059], [-0.38311296701431274, -0.9237015247344971, 5.029040403314866e-05, -0.088134765625], [0.0, 0.0, 0.0, 1.0]]], "view": [[0.0, -2.0, 100.0], [-2.0, 0.0, 100.0], [0.0, 0.0, 1.0]], "bev": "bev_8bda041796504de29ceb675f8b2dcc71.png", "aux": "aux_8bda041796504de29ceb675f8b2dcc71.npz", "visibility": "visibility_8bda041796504de29ceb675f8b2dcc71.png", "pose": [[-0.8536219000816345, -0.5208931565284729, 0.0, 794.2503051757812], [0.5208931565284729, -0.8536219000816345, 0.0, 1392.886474609375], [0.0, 0.0, 1.0, 0.0], [0.0, 0.0, 0.0, 1.0]], "pose_inverse": [[-0.8536219000816345, 0.5208931565284729, 0.0, -47.555599212646484], [-0.5208931565284729, -0.8536219000816345, 0.0, 1602.7178955078125], [0.0, 0.0, 1.0, 0.0], [0.0, 0.0, 0.0, 1.0]], "cam_ids": [0, 1, 2, 3, 4, 5], "cam_channels": ["CAM_FRONT_LEFT", "CAM_FRONT", "CAM_FRONT_RIGHT", "CAM_BACK_LEFT", "CAM_BACK", "CAM_BACK_RIGHT"], "token": "8bda041796504de29ceb675f8b2dcc71", "scene": "scene-0472"}, {"images": ["samples/CAM_FRONT_LEFT/n008-2018-09-18-12-53-31-0400__CAM_FRONT_LEFT__1537290062504799.jpg", "samples/CAM_FRONT/n008-2018-09-18-12-53-31-0400__CAM_FRONT__1537290062512404.jpg", "samples/CAM_FRONT_RIGHT/n008-2018-09-18-12-53-31-0400__CAM_FRONT_RIGHT__1537290062520482.jpg", "samples/CAM_BACK_LEFT/n008-2018-09-18-12-53-31-0400__CAM_BACK_LEFT__1537290062547405.jpg", "samples/CAM_BACK/n008-2018-09-18-12-53-31-0400__CAM_BACK__1537290062537558.jpg", "samples/CAM_BACK_RIGHT/n008-2018-09-18-12-53-31-0400__CAM_BACK_RIGHT__1537290062528113.jpg"], "intrinsics": [[[1257.8625342125129, 0.0, 827.2410631095686], [0.0, 1257.8625342125129, 450.915498205774], [0.0, 0.0, 1.0]], [[1252.8131021185304, 0.0, 826.588114781398], [0.0, 1252.8131021185304, 469.9846626224581], [0.0, 0.0, 1.0]], [[1256.7485116440405, 0.0, 817.7887570959712], [0.0, 1256.7485116440403, 451.9541780095127], [0.0, 0.0, 1.0]], [[1254.9860565800168, 0.0, 829.5769333630991], [0.0, 1254.9860565800168, 467.1680561863987], [0.0, 0.0, 1.0]], [[796.8910634503094, 0.0, 857.7774326863696], [0.0, 796.8910634503094, 476.8848988407415], [0.0, 0.0, 1.0]], [[1249.9629280788233, 0.0, 825.3768045375984], [0.0, 1249.9629280788233, 462.54816385708756], [0.0, 0.0, 1.0]]], "extrinsics": [[[0.8222925066947937, -0.5689327120780945, -0.012270212173461914, -0.790283203125], [0.006121436133980751, 0.03040415607392788, -0.9995189309120178, 1.4897918701171875], [0.5690320730209351, 0.8218217492103577, 0.028483796864748, -1.1881103515625], [0.0, 0.0, 0.0, 1.0]], [[0.00983375683426857, -0.9996110796928406, -0.026094533503055573, 0.0096435546875], [0.007713517639786005, 0.026170849800109863, -0.9996277689933777, 1.48175048828125], [0.9999218583106995, 0.009628795087337494, 0.007967875339090824, -1.5203437805175781], [0.0, 0.0, 0.0, 1.0]], [[-0.844204306602478, -0.5355592966079712, -0.02225666306912899, 0.95068359375], [0.015348897315561771, 0.017352111637592316, -0.9997316002845764, 1.49560546875], [0.5358017086982727, -0.8443193435668945, -0.00642848527058959, -1.1865234375], [0.0, 0.0, 0.0, 1.0]], [[0.947895884513855, 0.31858029961586, 0.00016484841762576252, -1.136474609375], [-0.010804209858179092, 0.03266372159123421, -0.999407947063446, 1.5619544982910156], [-0.31839701533317566, 0.9473328590393066, 0.03440381959080696, -0.15869140625], [0.0, 0.0, 0.0, 1.0]], [[0.009486669674515724, 0.9996459484100342, 0.024857737123966217, -0.0286865234375], [-0.008440590463578701, 0.02493802085518837, -0.9996533393859863, 1.5674858093261719], [-0.9999193549156189, 0.009273535571992397, 0.008674181066453457, -0.0220947265625], [0.0, 0.0, 0.0, 1.0]], [[-0.9236008524894714, 0.3833281397819519, 0.004570304416120052, 1.0472412109375], [-0.004027963150292635, 0.0022174823097884655, -0.99998939037323, 1.5473182201385498], [-0.38333413004875183, -0.9236095547676086, -0.0005040375399403274, -0.0892333984375], [0.0, 0.0, 0.0, 1.0]]], "view": [[0.0, -2.0, 100.0], [-2.0, 0.0, 100.0], [0.0, 0.0, 1.0]], "bev": "bev_614ff9390ec04cc999a40e1d1a0344ec.png", "aux": "aux_614ff9390ec04cc999a40e1d1a0344ec.npz", "visibility": "visibility_614ff9390ec04cc999a40e1d1a0344ec.png", "pose": [[-0.8532692790031433, -0.5214704871177673, 0.0, 791.775634765625], [0.5214704871177673, -0.8532692790031433, 0.0, 1394.4151611328125], [0.0, 0.0, 1.0, 0.0], [0.0, 0.0, 0.0, 1.0]], "pose_inverse": [[-0.8532692790031433, 0.5214704871177673, 0.0, -51.54854965209961], [-0.5214704871177673, -0.8532692790031433, 0.0, 1602.6993408203125], [0.0, 0.0, 1.0, 0.0], [0.0, 0.0, 0.0, 1.0]], "cam_ids": [0, 1, 2, 3, 4, 5], "cam_channels": ["CAM_FRONT_LEFT", "CAM_FRONT", "CAM_FRONT_RIGHT", "CAM_BACK_LEFT", "CAM_BACK", "CAM_BACK_RIGHT"], "token": "614ff9390ec04cc999a40e1d1a0344ec", "scene": "scene-0472"}, {"images": ["samples/CAM_FRONT_LEFT/n008-2018-09-18-12-53-31-0400__CAM_FRONT_LEFT__1537290063104799.jpg", "samples/CAM_FRONT/n008-2018-09-18-12-53-31-0400__CAM_FRONT__1537290063112404.jpg", "samples/CAM_FRONT_RIGHT/n008-2018-09-18-12-53-31-0400__CAM_FRONT_RIGHT__1537290063120482.jpg", "samples/CAM_BACK_LEFT/n008-2018-09-18-12-53-31-0400__CAM_BACK_LEFT__1537290063147405.jpg", "samples/CAM_BACK/n008-2018-09-18-12-53-31-0400__CAM_BACK__1537290063137558.jpg", "samples/CAM_BACK_RIGHT/n008-2018-09-18-12-53-31-0400__CAM_BACK_RIGHT__1537290063128113.jpg"], "intrinsics": [[[1257.8625342125129, 0.0, 827.2410631095686], [0.0, 1257.8625342125129, 450.915498205774], [0.0, 0.0, 1.0]], [[1252.8131021185304, 0.0, 826.588114781398], [0.0, 1252.8131021185304, 469.9846626224581], [0.0, 0.0, 1.0]], [[1256.7485116440405, 0.0, 817.7887570959712], [0.0, 1256.7485116440403, 451.9541780095127], [0.0, 0.0, 1.0]], [[1254.9860565800168, 0.0, 829.5769333630991], [0.0, 1254.9860565800168, 467.1680561863987], [0.0, 0.0, 1.0]], [[796.8910634503094, 0.0, 857.7774326863696], [0.0, 796.8910634503094, 476.8848988407415], [0.0, 0.0, 1.0]], [[1249.9629280788233, 0.0, 825.3768045375984], [0.0, 1249.9629280788233, 462.54816385708756], [0.0, 0.0, 1.0]]], "extrinsics": [[[0.822594940662384, -0.5683766007423401, -0.016905348747968674, -0.78387451171875], [0.005089373793452978, 0.037088073790073395, -0.9992990493774414, 1.4895782470703125], [0.5686051249504089, 0.8219322562217712, 0.033401139080524445, -1.18310546875], [0.0, 0.0, 0.0, 1.0]], [[0.010309047996997833, -0.9994121193885803, -0.03269737958908081, 0.0091552734375], [0.006859869230538607, 0.03276903182268143, -0.9994394183158875, 1.4816322326660156], [0.9999234080314636, 0.010079022496938705, 0.007193653844296932, -1.513275146484375], [0.0, 0.0, 0.0, 1.0]], [[-0.843988835811615, -0.5357689261436462, -0.025187890976667404, 0.9453125], [0.014685926958918571, 0.023859620094299316, -0.9996074438095093, 1.4955787658691406], [0.5361595749855042, -0.8440275192260742, -0.012268991209566593, -1.18359375], [0.0, 0.0, 0.0, 1.0]], [[0.9478991031646729, 0.31856733560562134, 0.001535890158265829, -1.133453369140625], [-0.01140767801553011, 0.03876092657446861, -0.9991833567619324, 1.5619087219238281], [-0.3183667063713074, 0.9471074938774109, 0.04037555307149887, -0.159912109375], [0.0, 0.0, 0.0, 1.0]], [[0.009286089800298214, 0.9994710087776184, 0.031170237809419632, -0.0286865234375], [-0.009047960862517357, 0.03125428780913353, -0.9994704723358154, 1.5674095153808594], [-0.9999159574508667, 0.008999192155897617, 0.009333405643701553, -0.02614593505859375], [0.0, 0.0, 0.0, 1.0]], [[-0.9237380027770996, 0.382951557636261, 0.007493022829294205, 1.04266357421875], [-0.0045302510261535645, 0.008637911640107632, -0.9999524354934692, 1.5472259521484375], [-0.3829980790615082, -0.9237280488014221, -0.006244301795959473, -0.0916748046875], [0.0, 0.0, 0.0, 1.0]]], "view": [[0.0, -2.0, 100.0], [-2.0, 0.0, 100.0], [0.0, 0.0, 1.0]], "bev": "bev_9c67a01e91fc4b33b9177ca8016d899c.png", "aux": "aux_9c67a01e91fc4b33b9177ca8016d899c.npz", "visibility": "visibility_9c67a01e91fc4b33b9177ca8016d899c.png", "pose": [[-0.8535853028297424, -0.5209531188011169, 0.0, 788.7871704101562], [0.5209531188011169, -0.8535853028297424, 0.0, 1396.27001953125], [0.0, 0.0, 1.0, 0.0], [0.0, 0.0, 0.0, 1.0]], "pose_inverse": [[-0.8535853028297424, 0.5209531188011169, 0.0, -54.09404754638672], [-0.5209531188011169, -0.8535853028297424, 0.0, 1602.7567138671875], [0.0, 0.0, 1.0, 0.0], [0.0, 0.0, 0.0, 1.0]], "cam_ids": [0, 1, 2, 3, 4, 5], "cam_channels": ["CAM_FRONT_LEFT", "CAM_FRONT", "CAM_FRONT_RIGHT", "CAM_BACK_LEFT", "CAM_BACK", "CAM_BACK_RIGHT"], "token": "9c67a01e91fc4b33b9177ca8016d899c", "scene": "scene-0472"}, {"images": ["samples/CAM_FRONT_LEFT/n008-2018-09-18-12-53-31-0400__CAM_FRONT_LEFT__1537290063604803.jpg", "samples/CAM_FRONT/n008-2018-09-18-12-53-31-0400__CAM_FRONT__1537290063612404.jpg", "samples/CAM_FRONT_RIGHT/n008-2018-09-18-12-53-31-0400__CAM_FRONT_RIGHT__1537290063620482.jpg", "samples/CAM_BACK_LEFT/n008-2018-09-18-12-53-31-0400__CAM_BACK_LEFT__1537290063647405.jpg", "samples/CAM_BACK/n008-2018-09-18-12-53-31-0400__CAM_BACK__1537290063637558.jpg", "samples/CAM_BACK_RIGHT/n008-2018-09-18-12-53-31-0400__CAM_BACK_RIGHT__1537290063628113.jpg"], "intrinsics": [[[1257.8625342125129, 0.0, 827.2410631095686], [0.0, 1257.8625342125129, 450.915498205774], [0.0, 0.0, 1.0]], [[1252.8131021185304, 0.0, 826.588114781398], [0.0, 1252.8131021185304, 469.9846626224581], [0.0, 0.0, 1.0]], [[1256.7485116440405, 0.0, 817.7887570959712], [0.0, 1256.7485116440403, 451.9541780095127], [0.0, 0.0, 1.0]], [[1254.9860565800168, 0.0, 829.5769333630991], [0.0, 1254.9860565800168, 467.1680561863987], [0.0, 0.0, 1.0]], [[796.8910634503094, 0.0, 857.7774326863696], [0.0, 796.8910634503094, 476.8848988407415], [0.0, 0.0, 1.0]], [[1249.9629280788233, 0.0, 825.3768045375984], [0.0, 1249.9629280788233, 462.54816385708756], [0.0, 0.0, 1.0]]], "extrinsics": [[[0.8223361372947693, -0.5686540603637695, -0.019896581768989563, -0.7799072265625], [0.001057813293300569, 0.03649528697133064, -0.9993332624435425, 1.4884872436523438], [0.5690010190010071, 0.8217667937278748, 0.030612923204898834, -1.1807861328125], [0.0, 0.0, 0.0, 1.0]], [[0.009918558411300182, -0.9994252920150757, -0.032414309680461884, 0.009765625], [0.0031590601429343224, 0.03244706243276596, -0.9994684457778931, 1.4808006286621094], [0.9999457597732544, 0.009810937568545341, 0.00347907398827374, -1.5092239379882812], [0.0, 0.0, 0.0, 1.0]], [[-0.8441783785820007, -0.5355968475341797, -0.02233765460550785, 0.9429931640625], [0.011335937306284904, 0.023824498057365417, -0.9996519088745117, 1.4950294494628906], [0.535942554473877, -0.8441376686096191, -0.014040634967386723, -1.181640625], [0.0, 0.0, 0.0, 1.0]], [[0.9478927850723267, 0.31858840584754944, -0.0008642070461064577, -1.131195068359375], [-0.014019031077623367, 0.03900039568543434, -0.9991408586502075, 1.5618515014648438], [-0.31828099489212036, 0.9470904469490051, 0.04143449664115906, -0.16064453125], [0.0, 0.0, 0.0, 1.0]], [[0.009434467181563377, 0.9994606971740723, 0.0314529612660408, -0.0291748046875], [-0.011755986139178276, 0.03156304731965065, -0.9994326233863831, 1.5671806335449219], [-0.9998863935470581, 0.009059241972863674, 0.012047426775097847, -0.02811431884765625], [0.0, 0.0, 0.0, 1.0]], [[-0.9236553907394409, 0.38308170437812805, 0.010448058135807514, 1.04034423828125], [-0.00764251034706831, 0.00884484313428402, -0.9999316334724426, 1.5468120574951172], [-0.3831478953361511, -0.9236721396446228, -0.005241884384304285, -0.091796875], [0.0, 0.0, 0.0, 1.0]]], "view": [[0.0, -2.0, 100.0], [-2.0, 0.0, 100.0], [0.0, 0.0, 1.0]], "bev": "bev_fe89e2c9b2c549d48b860061683dc99d.png", "aux": "aux_fe89e2c9b2c549d48b860061683dc99d.npz", "visibility": "visibility_fe89e2c9b2c549d48b860061683dc99d.png", "pose": [[-0.853859007358551, -0.520504355430603, 0.0, 786.1928100585938], [0.520504355430603, -0.853859007358551, 0.0, 1397.88232421875], [0.0, 0.0, 1.0, 0.0], [0.0, 0.0, 0.0, 1.0]], "pose_inverse": [[-0.853859007358551, 0.520504355430603, 0.0, -56.306068420410156], [-0.520504355430603, -0.853859007358551, 0.0, 1602.8111572265625], [0.0, 0.0, 1.0, 0.0], [0.0, 0.0, 0.0, 1.0]], "cam_ids": [0, 1, 2, 3, 4, 5], "cam_channels": ["CAM_FRONT_LEFT", "CAM_FRONT", "CAM_FRONT_RIGHT", "CAM_BACK_LEFT", "CAM_BACK", "CAM_BACK_RIGHT"], "token": "fe89e2c9b2c549d48b860061683dc99d", "scene": "scene-0472"}, {"images": ["samples/CAM_FRONT_LEFT/n008-2018-09-18-12-53-31-0400__CAM_FRONT_LEFT__1537290064104799.jpg", "samples/CAM_FRONT/n008-2018-09-18-12-53-31-0400__CAM_FRONT__1537290064112404.jpg", "samples/CAM_FRONT_RIGHT/n008-2018-09-18-12-53-31-0400__CAM_FRONT_RIGHT__1537290064120482.jpg", "samples/CAM_BACK_LEFT/n008-2018-09-18-12-53-31-0400__CAM_BACK_LEFT__1537290064147405.jpg", "samples/CAM_BACK/n008-2018-09-18-12-53-31-0400__CAM_BACK__1537290064137558.jpg", "samples/CAM_BACK_RIGHT/n008-2018-09-18-12-53-31-0400__CAM_BACK_RIGHT__1537290064128113.jpg"], "intrinsics": [[[1257.8625342125129, 0.0, 827.2410631095686], [0.0, 1257.8625342125129, 450.915498205774], [0.0, 0.0, 1.0]], [[1252.8131021185304, 0.0, 826.588114781398], [0.0, 1252.8131021185304, 469.9846626224581], [0.0, 0.0, 1.0]], [[1256.7485116440405, 0.0, 817.7887570959712], [0.0, 1256.7485116440403, 451.9541780095127], [0.0, 0.0, 1.0]], [[1254.9860565800168, 0.0, 829.5769333630991], [0.0, 1254.9860565800168, 467.1680561863987], [0.0, 0.0, 1.0]], [[796.8910634503094, 0.0, 857.7774326863696], [0.0, 796.8910634503094, 476.8848988407415], [0.0, 0.0, 1.0]], [[1249.9629280788233, 0.0, 825.3768045375984], [0.0, 1249.9629280788233, 462.54816385708756], [0.0, 0.0, 1.0]]], "extrinsics": [[[0.8221635818481445, -0.5688159465789795, -0.022259660065174103, -0.772705078125], [-0.0032574404031038284, 0.03440166637301445, -0.9994027614593506, 1.4873008728027344], [0.5692420601844788, 0.8217450380325317, 0.02643091231584549, -1.17529296875], [0.0, 0.0, 0.0, 1.0]], [[0.009633000008761883, -0.9994951486587524, -0.030276663601398468, 0.009521484375], [-0.0015144430799409747, 0.030263451859354973, -0.9995408058166504, 1.4797592163085938], [0.9999524354934692, 0.009674402885138988, -0.0012221502838656306, -1.501129150390625], [0.0, 0.0, 0.0, 1.0]], [[-0.8443436026573181, -0.5355371832847595, -0.01684744842350483, 0.93658447265625], [0.0062836832366883755, 0.02154400944709778, -0.9997481107711792, 1.4941978454589844], [0.5357652902603149, -0.8442369103431702, -0.014825400896370411, -1.17822265625], [0.0, 0.0, 0.0, 1.0]], [[0.9478411674499512, 0.3186689615249634, -0.006869399454444647, -1.131072998046875], [-0.0196464154869318, 0.03689812496304512, -0.9991258978843689, 1.5617713928222656], [-0.31813693046569824, 0.9471476078033447, 0.04123426601290703, -0.16064453125], [0.0, 0.0, 0.0, 1.0]], [[0.009640599600970745, 0.9995304942131042, 0.029084226116538048, -0.0284423828125], [-0.017350848764181137, 0.02924840897321701, -0.9994215369224548, 1.5667304992675781], [-0.9998029470443726, 0.009130381979048252, 0.01762467436492443, -0.031890869140625], [0.0, 0.0, 0.0, 1.0]], [[-0.9235479235649109, 0.38321155309677124, 0.014424013905227184, 1.0350341796875], [-0.012930301949381828, 0.006473582703620195, -0.9998953938484192, 1.5460548400878906], [-0.38326478004455566, -0.9236379265785217, -0.0010236249072477221, -0.09521484375], [0.0, 0.0, 0.0, 1.0]]], "view": [[0.0, -2.0, 100.0], [-2.0, 0.0, 100.0], [0.0, 0.0, 1.0]], "bev": "bev_9421af7f60754d499867d09097c360da.png", "aux": "aux_9421af7f60754d499867d09097c360da.npz", "visibility": "visibility_9421af7f60754d499867d09097c360da.png", "pose": [[-0.8557013869285583, -0.5174699425697327, 0.0, 783.5826416015625], [0.5174699425697327, -0.8557013869285583, 0.0, 1399.5001220703125], [0.0, 0.0, 1.0, 0.0], [0.0, 0.0, 0.0, 1.0]], "pose_inverse": [[-0.8557013869285583, 0.5174699425697327, 0.0, -53.686466217041016], [-0.5174699425697327, -0.8557013869285583, 0.0, 1603.03466796875], [0.0, 0.0, 1.0, 0.0], [0.0, 0.0, 0.0, 1.0]], "cam_ids": [0, 1, 2, 3, 4, 5], "cam_channels": ["CAM_FRONT_LEFT", "CAM_FRONT", "CAM_FRONT_RIGHT", "CAM_BACK_LEFT", "CAM_BACK", "CAM_BACK_RIGHT"], "token": "9421af7f60754d499867d09097c360da", "scene": "scene-0472"}, {"images": ["samples/CAM_FRONT_LEFT/n008-2018-09-18-12-53-31-0400__CAM_FRONT_LEFT__1537290064604799.jpg", "samples/CAM_FRONT/n008-2018-09-18-12-53-31-0400__CAM_FRONT__1537290064612404.jpg", "samples/CAM_FRONT_RIGHT/n008-2018-09-18-12-53-31-0400__CAM_FRONT_RIGHT__1537290064620482.jpg", "samples/CAM_BACK_LEFT/n008-2018-09-18-12-53-31-0400__CAM_BACK_LEFT__1537290064647408.jpg", "samples/CAM_BACK/n008-2018-09-18-12-53-31-0400__CAM_BACK__1537290064637558.jpg", "samples/CAM_BACK_RIGHT/n008-2018-09-18-12-53-31-0400__CAM_BACK_RIGHT__1537290064628113.jpg"], "intrinsics": [[[1257.8625342125129, 0.0, 827.2410631095686], [0.0, 1257.8625342125129, 450.915498205774], [0.0, 0.0, 1.0]], [[1252.8131021185304, 0.0, 826.588114781398], [0.0, 1252.8131021185304, 469.9846626224581], [0.0, 0.0, 1.0]], [[1256.7485116440405, 0.0, 817.7887570959712], [0.0, 1256.7485116440403, 451.9541780095127], [0.0, 0.0, 1.0]], [[1254.9860565800168, 0.0, 829.5769333630991], [0.0, 1254.9860565800168, 467.1680561863987], [0.0, 0.0, 1.0]], [[796.8910634503094, 0.0, 857.7774326863696], [0.0, 796.8910634503094, 476.8848988407415], [0.0, 0.0, 1.0]], [[1249.9629280788233, 0.0, 825.3768045375984], [0.0, 1249.9629280788233, 462.54816385708756], [0.0, 0.0, 1.0]]], "extrinsics": [[[0.8219342827796936, -0.5690767168998718, -0.02399645559489727, -0.779541015625], [-0.00289173680357635, 0.03796016052365303, -0.9992750883102417, 1.4874076843261719], [0.5695750713348389, 0.8214077949523926, 0.02955513261258602, -1.18017578125], [0.0, 0.0, 0.0, 1.0]], [[0.009352230466902256, -0.9993829727172852, -0.03385733440518379, 0.0096435546875], [-0.000683161080814898, 0.03385242447257042, -0.9994266033172607, 1.4799385070800781], [0.9999560117721558, 0.009369960986077785, -0.000366143329301849, -1.5079879760742188], [0.0, 0.0, 0.0, 1.0]], [[-0.8444358110427856, -0.5352871417999268, -0.019892236217856407, 0.941162109375], [0.007596481125801802, 0.025165218859910965, -0.9996544122695923, 1.4943809509277344], [0.535602867603302, -0.8442952036857605, -0.017184115946292877, -1.1807861328125], [0.0, 0.0, 0.0, 1.0]], [[0.9479240775108337, 0.3184760808944702, -0.003597893984988332, -1.131378173828125], [-0.017358943819999695, 0.040381502360105515, -0.9990335702896118, 1.5618133544921875], [-0.31802302598953247, 0.9470704197883606, 0.0438070073723793, -0.160400390625], [0.0, 0.0, 0.0, 1.0]], [[0.009705481119453907, 0.999418318271637, 0.03269394859671593, -0.0289306640625], [-0.015303167514503002, 0.03284011408686638, -0.9993433952331543, 1.5669059753417969], [-0.9998358488082886, 0.009198752231895924, 0.015612996183335781, -0.029895782470703125], [0.0, 0.0, 0.0, 1.0]], [[-0.9235202670097351, 0.3832816481590271, 0.014336164109408855, 1.038330078125], [-0.011323504149913788, 0.010115343146026134, -0.9998847246170044, 1.546304702758789], [-0.3833824396133423, -0.9235761165618896, -0.005001632962375879, -0.0931396484375], [0.0, 0.0, 0.0, 1.0]]], "view": [[0.0, -2.0, 100.0], [-2.0, 0.0, 100.0], [0.0, 0.0, 1.0]], "bev": "bev_146f4c0cacbd42a08d8b9edf1c6c66e1.png", "aux": "aux_146f4c0cacbd42a08d8b9edf1c6c66e1.npz", "visibility": "visibility_146f4c0cacbd42a08d8b9edf1c6c66e1.png", "pose": [[-0.8582776188850403, -0.5131856799125671, 0.0, 780.9826049804688], [0.5131856799125671, -0.8582776188850403, 0.0, 1401.094482421875], [0.0, 0.0, 1.0, 0.0], [0.0, 0.0, 0.0, 1.0]], "pose_inverse": [[-0.8582776188850403, 0.5131856799125671, 0.0, -48.72169876098633], [-0.5131856799125671, -0.8582776188850403, 0.0, 1603.317138671875], [0.0, 0.0, 1.0, 0.0], [0.0, 0.0, 0.0, 1.0]], "cam_ids": [0, 1, 2, 3, 4, 5], "cam_channels": ["CAM_FRONT_LEFT", "CAM_FRONT", "CAM_FRONT_RIGHT", "CAM_BACK_LEFT", "CAM_BACK", "CAM_BACK_RIGHT"], "token": "146f4c0cacbd42a08d8b9edf1c6c66e1", "scene": "scene-0472"}, {"images": ["samples/CAM_FRONT_LEFT/n008-2018-09-18-12-53-31-0400__CAM_FRONT_LEFT__1537290065004799.jpg", "samples/CAM_FRONT/n008-2018-09-18-12-53-31-0400__CAM_FRONT__1537290065012404.jpg", "samples/CAM_FRONT_RIGHT/n008-2018-09-18-12-53-31-0400__CAM_FRONT_RIGHT__1537290065020482.jpg", "samples/CAM_BACK_LEFT/n008-2018-09-18-12-53-31-0400__CAM_BACK_LEFT__1537290065047405.jpg", "samples/CAM_BACK/n008-2018-09-18-12-53-31-0400__CAM_BACK__1537290065037558.jpg", "samples/CAM_BACK_RIGHT/n008-2018-09-18-12-53-31-0400__CAM_BACK_RIGHT__1537290065028113.jpg"], "intrinsics": [[[1257.8625342125129, 0.0, 827.2410631095686], [0.0, 1257.8625342125129, 450.915498205774], [0.0, 0.0, 1.0]], [[1252.8131021185304, 0.0, 826.588114781398], [0.0, 1252.8131021185304, 469.9846626224581], [0.0, 0.0, 1.0]], [[1256.7485116440405, 0.0, 817.7887570959712], [0.0, 1256.7485116440403, 451.9541780095127], [0.0, 0.0, 1.0]], [[1254.9860565800168, 0.0, 829.5769333630991], [0.0, 1254.9860565800168, 467.1680561863987], [0.0, 0.0, 1.0]], [[796.8910634503094, 0.0, 857.7774326863696], [0.0, 796.8910634503094, 476.8848988407415], [0.0, 0.0, 1.0]], [[1249.9629280788233, 0.0, 825.3768045375984], [0.0, 1249.9629280788233, 462.54816385708756], [0.0, 0.0, 1.0]]], "extrinsics": [[[0.8221740126609802, -0.5687016248703003, -0.02466699481010437, -0.77056884765625], [-0.0032874615862965584, 0.0385889932513237, -0.9992497563362122, 1.4873085021972656], [0.569226861000061, 0.821638286113739, 0.02985728159546852, -1.1727294921875], [0.0, 0.0, 0.0, 1.0]], [[0.009702485986053944, -0.999360203742981, -0.03442356362938881, 0.0086669921875], [-0.0014699456514790654, 0.03441089391708374, -0.9994066953659058, 1.4797744750976562], [0.9999518394470215, 0.009747317060828209, -0.0011351361172273755, -1.4979248046875], [0.0, 0.0, 0.0, 1.0]], [[-0.84429532289505, -0.5355361104011536, -0.01914423331618309, 0.933837890625], [0.006397678982466459, 0.025649087503552437, -0.9996505379676819, 1.4942398071289062], [0.5358399748802185, -0.8441227674484253, -0.01822921819984913, -1.177001953125], [0.0, 0.0, 0.0, 1.0]], [[0.9479860663414001, 0.3182603120803833, -0.005715369246900082, -1.123626708984375], [-0.019645128399133682, 0.040576063096523285, -0.9989833235740662, 1.5616836547851562], [-0.3177048861980438, 0.9471346139907837, 0.04471781104803085, -0.16162109375], [0.0, 0.0, 0.0, 1.0]], [[0.009711232967674732, 0.9994091391563416, 0.03297135606408119, -0.0279541015625], [-0.01728343404829502, 0.03313574567437172, -0.9993014335632324, 1.5666694641113281], [-0.9998034834861755, 0.009134606458246708, 0.01759500987827778, -0.036235809326171875], [0.0, 0.0, 0.0, 1.0]], [[-0.9235882759094238, 0.38305580615997314, 0.015899918973445892, 1.032470703125], [-0.012853560037910938, 0.010511075146496296, -0.9998621344566345, 1.5460243225097656], [-0.38317009806632996, -0.9236653447151184, -0.004784274846315384, -0.0963134765625], [0.0, 0.0, 0.0, 1.0]]], "view": [[0.0, -2.0, 100.0], [-2.0, 0.0, 100.0], [0.0, 0.0, 1.0]], "bev": "bev_9c0f2e76b180412297bece49ec2ca51f.png", "aux": "aux_9c0f2e76b180412297bece49ec2ca51f.npz", "visibility": "visibility_9c0f2e76b180412297bece49ec2ca51f.png", "pose": [[-0.8592469096183777, -0.5115610957145691, 0.0, 778.868896484375], [0.5115610957145691, -0.8592469096183777, 0.0, 1402.37890625], [0.0, 0.0, 1.0, 0.0], [0.0, 0.0, 0.0, 1.0]], "pose_inverse": [[-0.8592469096183777, 0.5115610957145691, 0.0, -48.16183853149414], [-0.5115610957145691, -0.8592469096183777, 0.0, 1603.4287109375], [0.0, 0.0, 1.0, 0.0], [0.0, 0.0, 0.0, 1.0]], "cam_ids": [0, 1, 2, 3, 4, 5], "cam_channels": ["CAM_FRONT_LEFT", "CAM_FRONT", "CAM_FRONT_RIGHT", "CAM_BACK_LEFT", "CAM_BACK", "CAM_BACK_RIGHT"], "token": "9c0f2e76b180412297bece49ec2ca51f", "scene": "scene-0472"}, {"images": ["samples/CAM_FRONT_LEFT/n008-2018-09-18-12-53-31-0400__CAM_FRONT_LEFT__1537290065504799.jpg", "samples/CAM_FRONT/n008-2018-09-18-12-53-31-0400__CAM_FRONT__1537290065512404.jpg", "samples/CAM_FRONT_RIGHT/n008-2018-09-18-12-53-31-0400__CAM_FRONT_RIGHT__1537290065520482.jpg", "samples/CAM_BACK_LEFT/n008-2018-09-18-12-53-31-0400__CAM_BACK_LEFT__1537290065547405.jpg", "samples/CAM_BACK/n008-2018-09-18-12-53-31-0400__CAM_BACK__1537290065537558.jpg", "samples/CAM_BACK_RIGHT/n008-2018-09-18-12-53-31-0400__CAM_BACK_RIGHT__1537290065528113.jpg"], "intrinsics": [[[1257.8625342125129, 0.0, 827.2410631095686], [0.0, 1257.8625342125129, 450.915498205774], [0.0, 0.0, 1.0]], [[1252.8131021185304, 0.0, 826.588114781398], [0.0, 1252.8131021185304, 469.9846626224581], [0.0, 0.0, 1.0]], [[1256.7485116440405, 0.0, 817.7887570959712], [0.0, 1256.7485116440403, 451.9541780095127], [0.0, 0.0, 1.0]], [[1254.9860565800168, 0.0, 829.5769333630991], [0.0, 1254.9860565800168, 467.1680561863987], [0.0, 0.0, 1.0]], [[796.8910634503094, 0.0, 857.7774326863696], [0.0, 796.8910634503094, 476.8848988407415], [0.0, 0.0, 1.0]], [[1249.9629280788233, 0.0, 825.3768045375984], [0.0, 1249.9629280788233, 462.54816385708756], [0.0, 0.0, 1.0]]], "extrinsics": [[[0.8222849369049072, -0.5682989358901978, -0.029729021713137627, -0.750732421875], [-0.008755883201956749, 0.03960016369819641, -0.9991772174835205, 1.485504150390625], [0.5690087080001831, 0.8218687176704407, 0.02758665755391121, -1.160400390625], [0.0, 0.0, 0.0, 1.0]], [[0.009899585507810116, -0.9993345141410828, -0.035109058022499084, 0.0098876953125], [-0.00648488337174058, 0.03504588082432747, -0.9993646740913391, 1.4784278869628906], [0.9999299645423889, 0.010120862163603306, -0.006133629474788904, -1.4776039123535156], [0.0, 0.0, 0.0, 1.0]], [[-0.8442090153694153, -0.5357920527458191, -0.015431412495672703, 0.9195556640625], [0.0018440574640408158, 0.025885874405503273, -0.9996631741523743, 1.493408203125], [0.5360110402107239, -0.8439530730247498, -0.02086505852639675, -1.167236328125], [0.0, 0.0, 0.0, 1.0]], [[0.9477975964546204, 0.31874290108680725, -0.009090137667953968, -1.1181640625], [-0.022800561040639877, 0.03930933400988579, -0.9989669322967529, 1.5614471435546875], [-0.31805628538131714, 0.9470257759094238, 0.04452481120824814, -0.1644287109375], [0.0, 0.0, 0.0, 1.0]], [[0.00951601192355156, 0.9994361400604248, 0.032202668488025665, -0.028564453125], [-0.020903993397951126, 0.03239591419696808, -0.999256432056427, 1.5661392211914062], [-0.9997362494468689, 0.00883566401898861, 0.021200483664870262, -0.0468597412109375], [0.0, 0.0, 0.0, 1.0]], [[-0.923609733581543, 0.3828284442424774, 0.019681885838508606, 1.0186767578125], [-0.017019256949424744, 0.01034100353717804, -0.9998016953468323, 1.5451908111572266], [-0.38295596837997437, -0.9237615466117859, -0.0030355965718626976, -0.1011962890625], [0.0, 0.0, 0.0, 1.0]]], "view": [[0.0, -2.0, 100.0], [-2.0, 0.0, 100.0], [0.0, 0.0, 1.0]], "bev": "bev_8fa7e5306d7e4a41adbfd28ca2ef0c34.png", "aux": "aux_8fa7e5306d7e4a41adbfd28ca2ef0c34.npz", "visibility": "visibility_8fa7e5306d7e4a41adbfd28ca2ef0c34.png", "pose": [[-0.8586900234222412, -0.5124953389167786, 0.0, 776.15478515625], [0.5124953389167786, -0.8586900234222412, 0.0, 1404.03857421875], [0.0, 0.0, 1.0, 0.0], [0.0, 0.0, 0.0, 1.0]], "pose_inverse": [[-0.8586900234222412, 0.5124953389167786, 0.0, -53.08684158325195], [-0.5124953389167786, -0.8586900234222412, 0.0, 1603.4095458984375], [0.0, 0.0, 1.0, 0.0], [0.0, 0.0, 0.0, 1.0]], "cam_ids": [0, 1, 2, 3, 4, 5], "cam_channels": ["CAM_FRONT_LEFT", "CAM_FRONT", "CAM_FRONT_RIGHT", "CAM_BACK_LEFT", "CAM_BACK", "CAM_BACK_RIGHT"], "token": "8fa7e5306d7e4a41adbfd28ca2ef0c34", "scene": "scene-0472"}, {"images": ["samples/CAM_FRONT_LEFT/n008-2018-09-18-12-53-31-0400__CAM_FRONT_LEFT__1537290066004799.jpg", "samples/CAM_FRONT/n008-2018-09-18-12-53-31-0400__CAM_FRONT__1537290066012404.jpg", "samples/CAM_FRONT_RIGHT/n008-2018-09-18-12-53-31-0400__CAM_FRONT_RIGHT__1537290066020482.jpg", "samples/CAM_BACK_LEFT/n008-2018-09-18-12-53-31-0400__CAM_BACK_LEFT__1537290066047405.jpg", "samples/CAM_BACK/n008-2018-09-18-12-53-31-0400__CAM_BACK__1537290066037558.jpg", "samples/CAM_BACK_RIGHT/n008-2018-09-18-12-53-31-0400__CAM_BACK_RIGHT__1537290066028113.jpg"], "intrinsics": [[[1257.8625342125129, 0.0, 827.2410631095686], [0.0, 1257.8625342125129, 450.915498205774], [0.0, 0.0, 1.0]], [[1252.8131021185304, 0.0, 826.588114781398], [0.0, 1252.8131021185304, 469.9846626224581], [0.0, 0.0, 1.0]], [[1256.7485116440405, 0.0, 817.7887570959712], [0.0, 1256.7485116440403, 451.9541780095127], [0.0, 0.0, 1.0]], [[1254.9860565800168, 0.0, 829.5769333630991], [0.0, 1254.9860565800168, 467.1680561863987], [0.0, 0.0, 1.0]], [[796.8910634503094, 0.0, 857.7774326863696], [0.0, 796.8910634503094, 476.8848988407415], [0.0, 0.0, 1.0]], [[1249.9629280788233, 0.0, 825.3768045375984], [0.0, 1249.9629280788233, 462.54816385708756], [0.0, 0.0, 1.0]]], "extrinsics": [[[0.8227776885032654, -0.5676859021186829, -0.027745045721530914, -0.764404296875], [-0.007841718383133411, 0.0374726876616478, -0.9992668628692627, 1.4859275817871094], [0.5683094263076782, 0.8223919868469238, 0.026380052790045738, -1.169677734375], [0.0, 0.0, 0.0, 1.0]], [[0.010600791312754154, -0.9993680119514465, -0.03392845392227173, 0.009765625], [-0.006140311248600483, 0.03386466205120087, -0.9994075894355774, 1.478607177734375], [0.9999249577522278, 0.010802974924445152, -0.005777436308562756, -1.4921836853027344], [0.0, 0.0, 0.0, 1.0]], [[-0.843928337097168, -0.5362421870231628, -0.015152420848608017, 0.9300537109375], [0.0016088758129626513, 0.02571527659893036, -0.9996680021286011, 1.49334716796875], [0.5364537835121155, -0.8436724543571472, -0.020839104428887367, -1.1737060546875], [0.0, 0.0, 0.0, 1.0]], [[0.947776734828949, 0.31878232955932617, -0.009852932766079903, -1.125091552734375], [-0.024847570806741714, 0.04300481453537941, -0.9987658262252808, 1.5615386962890625], [-0.31796523928642273, 0.946851909160614, 0.04867992550134659, -0.16259765625], [0.0, 0.0, 0.0, 1.0]], [[0.009372622705996037, 0.9993610382080078, 0.03449075669050217, -0.028564453125], [-0.022392258048057556, 0.03469338268041611, -0.9991470575332642, 1.566192626953125], [-0.99970543384552, 0.008592274971306324, 0.022703120484948158, -0.03816986083984375], [0.0, 0.0, 0.0, 1.0]], [[-0.9237383008003235, 0.38246122002601624, 0.020758233964443207, 1.02850341796875], [-0.01782376691699028, 0.011214559897780418, -0.9997782707214355, 1.5452594757080078], [-0.3826093077659607, -0.9239034652709961, -0.003542418824508786, -0.097412109375], [0.0, 0.0, 0.0, 1.0]]], "view": [[0.0, -2.0, 100.0], [-2.0, 0.0, 100.0], [0.0, 0.0, 1.0]], "bev": "bev_ecdea3b453324833a821addc60c1df39.png", "aux": "aux_ecdea3b453324833a821addc60c1df39.npz", "visibility": "visibility_ecdea3b453324833a821addc60c1df39.png", "pose": [[-0.8594276309013367, -0.5112574696540833, 0.0, 773.4312744140625], [0.5112574696540833, -0.8594276309013367, 0.0, 1405.6885986328125], [0.0, 0.0, 1.0, 0.0], [0.0, 0.0, 0.0, 1.0]], "pose_inverse": [[-0.8594276309013367, 0.5112574696540833, 0.0, -53.9605827331543], [-0.5112574696540833, -0.8594276309013367, 0.0, 1603.5101318359375], [0.0, 0.0, 1.0, 0.0], [0.0, 0.0, 0.0, 1.0]], "cam_ids": [0, 1, 2, 3, 4, 5], "cam_channels": ["CAM_FRONT_LEFT", "CAM_FRONT", "CAM_FRONT_RIGHT", "CAM_BACK_LEFT", "CAM_BACK", "CAM_BACK_RIGHT"], "token": "ecdea3b453324833a821addc60c1df39", "scene": "scene-0472"}, {"images": ["samples/CAM_FRONT_LEFT/n008-2018-09-18-12-53-31-0400__CAM_FRONT_LEFT__1537290066404799.jpg", "samples/CAM_FRONT/n008-2018-09-18-12-53-31-0400__CAM_FRONT__1537290066412404.jpg", "samples/CAM_FRONT_RIGHT/n008-2018-09-18-12-53-31-0400__CAM_FRONT_RIGHT__1537290066420482.jpg", "samples/CAM_BACK_LEFT/n008-2018-09-18-12-53-31-0400__CAM_BACK_LEFT__1537290066447405.jpg", "samples/CAM_BACK/n008-2018-09-18-12-53-31-0400__CAM_BACK__1537290066437558.jpg", "samples/CAM_BACK_RIGHT/n008-2018-09-18-12-53-31-0400__CAM_BACK_RIGHT__1537290066428113.jpg"], "intrinsics": [[[1257.8625342125129, 0.0, 827.2410631095686], [0.0, 1257.8625342125129, 450.915498205774], [0.0, 0.0, 1.0]], [[1252.8131021185304, 0.0, 826.588114781398], [0.0, 1252.8131021185304, 469.9846626224581], [0.0, 0.0, 1.0]], [[1256.7485116440405, 0.0, 817.7887570959712], [0.0, 1256.7485116440403, 451.9541780095127], [0.0, 0.0, 1.0]], [[1254.9860565800168, 0.0, 829.5769333630991], [0.0, 1254.9860565800168, 467.1680561863987], [0.0, 0.0, 1.0]], [[796.8910634503094, 0.0, 857.7774326863696], [0.0, 796.8910634503094, 476.8848988407415], [0.0, 0.0, 1.0]], [[1249.9629280788233, 0.0, 825.3768045375984], [0.0, 1249.9629280788233, 462.54816385708756], [0.0, 0.0, 1.0]]], "extrinsics": [[[0.8217965960502625, -0.5686530470848083, -0.03583415597677231, -0.7646484375], [-0.005764547269791365, 0.054590120911598206, -0.9984921813011169, 1.4864654541015625], [0.5697517395019531, 0.8207640647888184, 0.04158395156264305, -1.170166015625], [0.0, 0.0, 0.0, 1.0]], [[0.009058899246156216, -0.9986401200294495, -0.051340602338314056, 0.010009765625], [-0.003639082657173276, 0.05130944028496742, -0.9986761808395386, 1.4791717529296875], [0.9999523162841797, 0.009233713150024414, -0.00316932937130332, -1.4927749633789062], [0.0, 0.0, 0.0, 1.0]], [[-0.844613790512085, -0.5346876382827759, -0.027141034603118896, 0.93060302734375], [0.0045654005371034145, 0.043500274419784546, -0.9990429282188416, 1.493865966796875], [0.5353565812110901, -0.8439294099807739, -0.03429987281560898, -1.174072265625], [0.0, 0.0, 0.0, 1.0]], [[0.9479795098304749, 0.31832945346832275, 0.001034149550832808, -1.128326416015625], [-0.019793864339590073, 0.06218753382563591, -0.9978681802749634, 1.5617218017578125], [-0.3177151679992676, 0.945938229560852, 0.06525348871946335, -0.161376953125], [0.0, 0.0, 0.0, 1.0]], [[0.01004656683653593, 0.9985331892967224, 0.05320311337709427, -0.0286865234375], [-0.017997441813349724, 0.05337774008512497, -0.9984121322631836, 1.5665740966796875],