[{"images": ["samples/CAM_FRONT_LEFT/n015-2018-11-21-19-58-31+0800__CAM_FRONT_LEFT__1542801593904844.jpg", "samples/CAM_FRONT/n015-2018-11-21-19-58-31+0800__CAM_FRONT__1542801593912463.jpg", "samples/CAM_FRONT_RIGHT/n015-2018-11-21-19-58-31+0800__CAM_FRONT_RIGHT__1542801593920339.jpg", "samples/CAM_BACK_LEFT/n015-2018-11-21-19-58-31+0800__CAM_BACK_LEFT__1542801593947423.jpg", "samples/CAM_BACK/n015-2018-11-21-19-58-31+0800__CAM_BACK__1542801593937525.jpg", "samples/CAM_BACK_RIGHT/n015-2018-11-21-19-58-31+0800__CAM_BACK_RIGHT__1542801593927893.jpg"], "intrinsics": [[[1272.5979470598488, 0.0, 826.6154927353808], [0.0, 1272.5979470598488, 479.75165386361925], [0.0, 0.0, 1.0]], [[1266.417203046554, 0.0, 816.2670197447984], [0.0, 1266.417203046554, 491.50706579294757], [0.0, 0.0, 1.0]], [[1260.8474446004698, 0.0, 807.968244525554], [0.0, 1260.8474446004698, 495.3344268742088], [0.0, 0.0, 1.0]], [[1256.7414812095406, 0.0, 792.1125740759628], [0.0, 1256.7414812095406, 492.7757465151356], [0.0, 0.0, 1.0]], [[809.2209905677063, 0.0, 829.2196003259838], [0.0, 809.2209905677063, 481.77842384512485], [0.0, 0.0, 1.0]], [[1259.5137405846733, 0.0, 807.2529053838625], [0.0, 1259.5137405846733, 501.19579884916527], [0.0, 0.0, 1.0]]], "extrinsics": [[[0.8203203082084656, -0.571903645992279, 0.0008289067773148417, -0.341796875], [-0.011381924152374268, -0.017774926498532295, -0.9997771978378296, 1.4997482299804688], [0.5717910528182983, 0.8201282024383545, -0.021090500056743622, -0.852783203125], [0.0, 0.0, 0.0, 1.0]], [[0.0051698568277060986, -0.9997419118881226, 0.022120345383882523, 0.0128173828125], [-0.016789693385362625, -0.022204304113984108, -0.9996124505996704, 1.5101890563964844], [0.9998456835746765, 0.004796494264155626, -0.01690015196800232, -1.0703125], [0.0, 0.0, 0.0, 1.0]], [[-0.8332067131996155, -0.5528233051300049, 0.012367259711027145, 0.630859375], [-0.011269088834524155, -0.005384748801589012, -0.999921977519989, 1.4982070922851562], [0.5528467297554016, -0.8332810997962952, -0.001743203611113131, -0.9779052734375], [0.0, 0.0, 0.0, 1.0]], [[0.9477485418319702, 0.3186779320240021, -0.014736687764525414, -1.136962890625], [-0.0030895478557795286, -0.03702295571565628, -0.9993096590042114, 1.5885009765625], [-0.31900349259376526, 0.9471396803855896, -0.0341038815677166, -0.1044921875], [0.0, 0.0, 0.0, 1.0]], [[0.002549926284700632, 0.9996421933174133, -0.02662782557308674, 0.002197265625], [-0.02830430492758751, -0.026545096188783646, -0.9992468357086182, 1.5742225646972656], [-0.999596118927002, 0.003301659133285284, 0.028226487338542938, -0.1805419921875], [0.0, 0.0, 0.0, 1.0]], [[-0.9347282648086548, 0.3552723824977875, -0.008040803484618664, 0.806304931640625], [0.00450504245236516, -0.010778393596410751, -0.9999317526817322, 1.5530643463134766], [-0.3553348481655121, -0.9347007274627686, 0.008474351838231087, -0.1861572265625], [0.0, 0.0, 0.0, 1.0]]], "view": [[0.0, -2.0, 100.0], [-2.0, 0.0, 100.0], [0.0, 0.0, 1.0]], "bev": "bev_f5eefd9b8f024c299253db54fb0677f4.png", "aux": "aux_f5eefd9b8f024c299253db54fb0677f4.npz", "visibility": "visibility_f5eefd9b8f024c299253db54fb0677f4.png", "pose": [[0.9413390159606934, 0.3374624252319336, 0.0, 1082.930908203125], [-0.3374624252319336, 0.9413390159606934, 0.0, 1619.6551513671875], [0.0, 0.0, 1.0, 0.0], [0.0, 0.0, 0.0, 1.0]], "pose_inverse": [[0.9413390159606934, -0.3374624252319336, 0.0, -472.83233642578125], [0.3374624252319336, 0.9413390159606934, 0.0, -1890.093017578125], [0.0, 0.0, 1.0, 0.0], [0.0, 0.0, 0.0, 1.0]], "cam_ids": [0, 1, 2, 3, 4, 5], "cam_channels": ["CAM_FRONT_LEFT", "CAM_FRONT", "CAM_FRONT_RIGHT", "CAM_BACK_LEFT", "CAM_BACK", "CAM_BACK_RIGHT"], "token": "f5eefd9b8f024c299253db54fb0677f4", "scene": "scene-1107"}, {"images": ["samples/CAM_FRONT_LEFT/n015-2018-11-21-19-58-31+0800__CAM_FRONT_LEFT__1542801594404844.jpg", "samples/CAM_FRONT/n015-2018-11-21-19-58-31+0800__CAM_FRONT__1542801594412559.jpg", "samples/CAM_FRONT_RIGHT/n015-2018-11-21-19-58-31+0800__CAM_FRONT_RIGHT__1542801594420339.jpg", "samples/CAM_BACK_LEFT/n015-2018-11-21-19-58-31+0800__CAM_BACK_LEFT__1542801594447423.jpg", "samples/CAM_BACK/n015-2018-11-21-19-58-31+0800__CAM_BACK__1542801594437525.jpg", "samples/CAM_BACK_RIGHT/n015-2018-11-21-19-58-31+0800__CAM_BACK_RIGHT__1542801594427893.jpg"], "intrinsics": [[[1272.5979470598488, 0.0, 826.6154927353808], [0.0, 1272.5979470598488, 479.75165386361925], [0.0, 0.0, 1.0]], [[1266.417203046554, 0.0, 816.2670197447984], [0.0, 1266.417203046554, 491.50706579294757], [0.0, 0.0, 1.0]], [[1260.8474446004698, 0.0, 807.968244525554], [0.0, 1260.8474446004698, 495.3344268742088], [0.0, 0.0, 1.0]], [[1256.7414812095406, 0.0, 792.1125740759628], [0.0, 1256.7414812095406, 492.7757465151356], [0.0, 0.0, 1.0]], [[809.2209905677063, 0.0, 829.2196003259838], [0.0, 809.2209905677063, 481.77842384512485], [0.0, 0.0, 1.0]], [[1259.5137405846733, 0.0, 807.2529053838625], [0.0, 1259.5137405846733, 501.19579884916527], [0.0, 0.0, 1.0]]], "extrinsics": [[[0.8199856877326965, -0.5723783373832703, 0.0025341229047626257, -0.34808349609375], [-0.012176995165646076, -0.021870654076337814, -0.999686598777771, 1.4992027282714844], [0.5722543597221375, 0.819697916507721, -0.024903472512960434, -0.8546142578125], [0.0, 0.0, 0.0, 1.0]], [[0.0047335755079984665, -0.9996477365493774, 0.02611287496984005, 0.0111083984375], [-0.017227184027433395, -0.02619081363081932, -0.9995085000991821, 1.5100212097167969], [0.9998403191566467, 0.004281421657651663, -0.017345091328024864, -1.07733154296875], [0.0, 0.0, 0.0, 1.0]], [[-0.8333934545516968, -0.5524880886077881, 0.014563758857548237, 0.634033203125], [-0.011335923336446285, -0.009257960133254528, -0.9998928308486938, 1.49822998046875], [0.5525637865066528, -0.8334693312644958, 0.001452562166377902, -0.9815673828125], [0.0, 0.0, 0.0, 1.0]], [[0.9477384686470032, 0.3186936378479004, -0.01504089031368494, -1.13427734375], [-0.0021447681356221437, -0.040777917951345444, -0.9991658926010132, 1.5885543823242188], [-0.3190411329269409, 0.9469801783561707, -0.03796328231692314, -0.1065673828125], [0.0, 0.0, 0.0, 1.0]], [[0.0026843049563467503, 0.9995355010032654, -0.030355196446180344, 0.0023193359375], [-0.02773600071668625, -0.030269211158156395, -0.9991568922996521, 1.5743789672851562], [-0.9996116161346436, 0.0035239337012171745, 0.027641870081424713, -0.17864990234375], [0.0, 0.0, 0.0, 1.0]], [[-0.9346375465393066, 0.35547181963920593, -0.00960349477827549, 0.8101654052734375], [0.0047454796731472015, -0.014535799622535706, -0.9998831152915955, 1.553131103515625], [-0.35556986927986145, -0.9345739483833313, 0.011898820288479328, -0.185546875], [0.0, 0.0, 0.0, 1.0]]], "view": [[0.0, -2.0, 100.0], [-2.0, 0.0, 100.0], [0.0, 0.0, 1.0]], "bev": "bev_fd0a47d4eb624488a444e8c3ad09a724.png", "aux": "aux_fd0a47d4eb624488a444e8c3ad09a724.npz", "visibility": "visibility_fd0a47d4eb624488a444e8c3ad09a724.png", "pose": [[0.9458132386207581, 0.32471105456352234, 0.0, 1091.229248046875], [-0.32471105456352234, 0.9458132386207581, 0.0, 1616.669677734375], [0.0, 0.0, 1.0, 0.0], [0.0, 0.0, 0.0, 1.0]], "pose_inverse": [[0.9458132386207581, -0.32471105456352234, 0.0, -507.1485900878906], [0.32471105456352234, 0.9458132386207581, 0.0, -1883.40185546875], [0.0, 0.0, 1.0, 0.0], [0.0, 0.0, 0.0, 1.0]], "cam_ids": [0, 1, 2, 3, 4, 5], "cam_channels": ["CAM_FRONT_LEFT", "CAM_FRONT", "CAM_FRONT_RIGHT", "CAM_BACK_LEFT", "CAM_BACK", "CAM_BACK_RIGHT"], "token": "fd0a47d4eb624488a444e8c3ad09a724", "scene": "scene-1107"}, {"images": ["samples/CAM_FRONT_LEFT/n015-2018-11-21-19-58-31+0800__CAM_FRONT_LEFT__1542801594904844.jpg", "samples/CAM_FRONT/n015-2018-11-21-19-58-31+0800__CAM_FRONT__1542801594912460.jpg", "samples/CAM_FRONT_RIGHT/n015-2018-11-21-19-58-31+0800__CAM_FRONT_RIGHT__1542801594920339.jpg", "samples/CAM_BACK_LEFT/n015-2018-11-21-19-58-31+0800__CAM_BACK_LEFT__1542801594947423.jpg", "samples/CAM_BACK/n015-2018-11-21-19-58-31+0800__CAM_BACK__1542801594937525.jpg", "samples/CAM_BACK_RIGHT/n015-2018-11-21-19-58-31+0800__CAM_BACK_RIGHT__1542801594927893.jpg"], "intrinsics": [[[1272.5979470598488, 0.0, 826.6154927353808], [0.0, 1272.5979470598488, 479.75165386361925], [0.0, 0.0, 1.0]], [[1266.417203046554, 0.0, 816.2670197447984], [0.0, 1266.417203046554, 491.50706579294757], [0.0, 0.0, 1.0]], [[1260.8474446004698, 0.0, 807.968244525554], [0.0, 1260.8474446004698, 495.3344268742088], [0.0, 0.0, 1.0]], [[1256.7414812095406, 0.0, 792.1125740759628], [0.0, 1256.7414812095406, 492.7757465151356], [0.0, 0.0, 1.0]], [[809.2209905677063, 0.0, 829.2196003259838], [0.0, 809.2209905677063, 481.77842384512485], [0.0, 0.0, 1.0]], [[1259.5137405846733, 0.0, 807.2529053838625], [0.0, 1259.5137405846733, 501.19579884916527], [0.0, 0.0, 1.0]]], "extrinsics": [[[0.8203340768814087, -0.5718567371368408, 0.005644103512167931, -0.33404541015625], [-0.009139914996922016, -0.02297806553542614, -0.9996941685676575, 1.5013809204101562], [0.5718115568161011, 0.8200316429138184, -0.024076413363218307, -0.84716796875], [0.0, 0.0, 0.0, 1.0]], [[0.005158744752407074, -0.9996224641799927, 0.026988662779331207, 0.0125732421875], [-0.014740748330950737, -0.027062106877565384, -0.9995250701904297, 1.5113754272460938], [0.9998781085014343, 0.0047584399580955505, -0.01487478893250227, -1.063232421875], [0.0, 0.0, 0.0, 1.0]], [[-0.833211362361908, -0.552794337272644, 0.013315899297595024, 0.6268310546875], [-0.009419992566108704, -0.009887603111565113, -0.9999067187309265, 1.4990768432617188], [0.5528743863105774, -0.833259105682373, 0.003031147178262472, -0.9757080078125], [0.0, 0.0, 0.0, 1.0]], [[0.9477564692497253, 0.31864145398139954, -0.01500774547457695, -1.135498046875], [-0.0023114283103495836, -0.04018596187233925, -0.999189555644989, 1.588531494140625], [-0.31898632645606995, 0.9470230340957642, -0.03734998777508736, -0.1060791015625], [0.0, 0.0, 0.0, 1.0]], [[0.002567978110164404, 0.9995346069335938, -0.030396346002817154, 0.0020751953125], [-0.02714361995458603, -0.030315576121211052, -0.999171793460846, 1.5744400024414062], [-0.9996283054351807, 0.0033909056801348925, 0.027053136378526688, -0.18084716796875], [0.0, 0.0, 0.0, 1.0]], [[-0.9347220659255981, 0.35520845651626587, -0.011034026741981506, 0.804107666015625], [0.006107519846409559, -0.014987679198384285, -0.9998690485954285, 1.55364990234375], [-0.3553273379802704, -0.9346669316291809, 0.011839869432151318, -0.1871337890625], [0.0, 0.0, 0.0, 1.0]]], "view": [[0.0, -2.0, 100.0], [-2.0, 0.0, 100.0], [0.0, 0.0, 1.0]], "bev": "bev_b830d6d66b934b949778645cdafdb956.png", "aux": "aux_b830d6d66b934b949778645cdafdb956.npz", "visibility": "visibility_b830d6d66b934b949778645cdafdb956.png", "pose": [[0.9500476717948914, 0.3121049106121063, 0.0, 1099.5843505859375], [-0.3121049106121063, 0.9500476717948914, 0.0, 1613.818115234375], [0.0, 0.0, 1.0, 0.0], [0.0, 0.0, 0.0, 1.0]], "pose_inverse": [[0.9500476717948914, -0.3121049106121063, 0.0, -540.9769897460938], [0.3121049106121063, 0.9500476717948914, 0.0, -1876.3897705078125], [0.0, 0.0, 1.0, 0.0], [0.0, 0.0, 0.0, 1.0]], "cam_ids": [0, 1, 2, 3, 4, 5], "cam_channels": ["CAM_FRONT_LEFT", "CAM_FRONT", "CAM_FRONT_RIGHT", "CAM_BACK_LEFT", "CAM_BACK", "CAM_BACK_RIGHT"], "token": "b830d6d66b934b949778645cdafdb956", "scene": "scene-1107"}, {"images": ["samples/CAM_FRONT_LEFT/n015-2018-11-21-19-58-31+0800__CAM_FRONT_LEFT__1542801595404844.jpg", "samples/CAM_FRONT/n015-2018-11-21-19-58-31+0800__CAM_FRONT__1542801595412460.jpg", "samples/CAM_FRONT_RIGHT/n015-2018-11-21-19-58-31+0800__CAM_FRONT_RIGHT__1542801595420339.jpg", "samples/CAM_BACK_LEFT/n015-2018-11-21-19-58-31+0800__CAM_BACK_LEFT__1542801595447423.jpg", "samples/CAM_BACK/n015-2018-11-21-19-58-31+0800__CAM_BACK__1542801595437525.jpg", "samples/CAM_BACK_RIGHT/n015-2018-11-21-19-58-31+0800__CAM_BACK_RIGHT__1542801595427893.jpg"], "intrinsics": [[[1272.5979470598488, 0.0, 826.6154927353808], [0.0, 1272.5979470598488, 479.75165386361925], [0.0, 0.0, 1.0]], [[1266.417203046554, 0.0, 816.2670197447984], [0.0, 1266.417203046554, 491.50706579294757], [0.0, 0.0, 1.0]], [[1260.8474446004698, 0.0, 807.968244525554], [0.0, 1260.8474446004698, 495.3344268742088], [0.0, 0.0, 1.0]], [[1256.7414812095406, 0.0, 792.1125740759628], [0.0, 1256.7414812095406, 492.7757465151356], [0.0, 0.0, 1.0]], [[809.2209905677063, 0.0, 829.2196003259838], [0.0, 809.2209905677063, 481.77842384512485], [0.0, 0.0, 1.0]], [[1259.5137405846733, 0.0, 807.2529053838625], [0.0, 1259.5137405846733, 501.19579884916527], [0.0, 0.0, 1.0]]], "extrinsics": [[[0.8196635842323303, -0.5728316307067871, 0.003942645154893398, -0.3314208984375], [-0.013017455115914345, -0.025506554171442986, -0.9995899200439453, 1.4983787536621094], [0.5726974010467529, 0.8192760348320007, -0.028363600373268127, -0.844482421875], [0.0, 0.0, 0.0, 1.0]], [[0.004033426288515329, -0.9995530843734741, 0.02962152473628521, 0.0113525390625], [-0.018331551924347878, -0.02969069592654705, -0.9993910193443298, 1.509063720703125], [0.9998239278793335, 0.0034879720769822598, -0.018443113192915916, -1.06036376953125], [0.0, 0.0, 0.0, 1.0]], [[-0.8337368369102478, -0.5518827438354492, 0.017554963007569313, 0.625], [-0.012687093578279018, -0.012637555599212646, -0.9998396039009094, 1.497457504272461], [0.5520161390304565, -0.833825945854187, 0.0035346094518899918, -0.9755859375], [0.0, 0.0, 0.0, 1.0]], [[0.9477161765098572, 0.3186229169368744, -0.01770659163594246, -1.13818359375], [-0.004085061140358448, -0.043368835002183914, -0.9990507364273071, 1.5885543823242188], [-0.3190883994102478, 0.9468889236450195, -0.039799753576517105, -0.10546875], [0.0, 0.0, 0.0, 1.0]], [[0.0029008889105170965, 0.9994418025016785, -0.03328348323702812, 0.0023193359375], [-0.02947050705552101, -0.03318371996283531, -0.999014675617218, 1.5740432739257812], [-0.9995614290237427, 0.0038789159152656794, 0.0293577890843153, -0.179931640625], [0.0, 0.0, 0.0, 1.0]], [[-0.9344775080680847, 0.3559008240699768, -0.009297756478190422, 0.8037948608398438], [0.003172091906890273, -0.017791448161005974, -0.9998366832733154, 1.5526103973388672], [-0.3560081720352173, -0.9343544244766235, 0.015496756881475449, -0.1881103515625], [0.0, 0.0, 0.0, 1.0]]], "view": [[0.0, -2.0, 100.0], [-2.0, 0.0, 100.0], [0.0, 0.0, 1.0]], "bev": "bev_3b33465711eb4ee3a0afce469738dacc.png", "aux": "aux_3b33465711eb4ee3a0afce469738dacc.npz", "visibility": "visibility_3b33465711eb4ee3a0afce469738dacc.png", "pose": [[0.9547659754753113, 0.29735827445983887, 0.0, 1107.955322265625], [-0.29735827445983887, 0.9547659754753113, 0.0, 1611.082275390625], [0.0, 0.0, 1.0, 0.0], [0.0, 0.0, 0.0, 1.0]], "pose_inverse": [[0.9547659754753113, -0.29735827445983887, 0.0, -578.7694091796875], [0.29735827445983887, 0.9547659754753113, 0.0, -1867.666259765625], [0.0, 0.0, 1.0, 0.0], [0.0, 0.0, 0.0, 1.0]], "cam_ids": [0, 1, 2, 3, 4, 5], "cam_channels": ["CAM_FRONT_LEFT", "CAM_FRONT", "CAM_FRONT_RIGHT", "CAM_BACK_LEFT", "CAM_BACK", "CAM_BACK_RIGHT"], "token": "3b33465711eb4ee3a0afce469738dacc", "scene": "scene-1107"}, {"images": ["samples/CAM_FRONT_LEFT/n015-2018-11-21-19-58-31+0800__CAM_FRONT_LEFT__1542801595904844.jpg", "samples/CAM_FRONT/n015-2018-11-21-19-58-31+0800__CAM_FRONT__1542801595912460.jpg", "samples/CAM_FRONT_RIGHT/n015-2018-11-21-19-58-31+0800__CAM_FRONT_RIGHT__1542801595920339.jpg", "samples/CAM_BACK_LEFT/n015-2018-11-21-19-58-31+0800__CAM_BACK_LEFT__1542801595947423.jpg", "samples/CAM_BACK/n015-2018-11-21-19-58-31+0800__CAM_BACK__1542801595937525.jpg", "samples/CAM_BACK_RIGHT/n015-2018-11-21-19-58-31+0800__CAM_BACK_RIGHT__1542801595927893.jpg"], "intrinsics": [[[1272.5979470598488, 0.0, 826.6154927353808], [0.0, 1272.5979470598488, 479.75165386361925], [0.0, 0.0, 1.0]], [[1266.417203046554, 0.0, 816.2670197447984], [0.0, 1266.417203046554, 491.50706579294757], [0.0, 0.0, 1.0]], [[1260.8474446004698, 0.0, 807.968244525554], [0.0, 1260.8474446004698, 495.3344268742088], [0.0, 0.0, 1.0]], [[1256.7414812095406, 0.0, 792.1125740759628], [0.0, 1256.7414812095406, 492.7757465151356], [0.0, 0.0, 1.0]], [[809.2209905677063, 0.0, 829.2196003259838], [0.0, 809.2209905677063, 481.77842384512485], [0.0, 0.0, 1.0]], [[1259.5137405846733, 0.0, 807.2529053838625], [0.0, 1259.5137405846733, 501.19579884916527], [0.0, 0.0, 1.0]]], "extrinsics": [[[0.8201478123664856, -0.5720922350883484, 0.00824363250285387, -0.34820556640625], [-0.009993571788072586, -0.028729671612381935, -0.9995372295379639, 1.5009651184082031], [0.5720643997192383, 0.8196859359741211, -0.02927982248365879, -0.858154296875], [0.0, 0.0, 0.0, 1.0]], [[0.004917502403259277, -0.9994519352912903, 0.032735224813222885, 0.0133056640625], [-0.015251748263835907, -0.03280678018927574, -0.9993453025817871, 1.5113754272460938], [0.999871551990509, 0.004415012896060944, -0.015404717065393925, -1.08050537109375], [0.0, 0.0, 0.0, 1.0]], [[-0.8333154320716858, -0.5525479912757874, 0.016616862267255783, 0.64111328125], [-0.00957268662750721, -0.01563122309744358, -0.9998319745063782, 1.4991836547851562], [0.5527148842811584, -0.8333345651626587, 0.007736373692750931, -0.9844970703125], [0.0, 0.0, 0.0, 1.0]], [[0.9478548765182495, 0.3183257579803467, -0.015489640645682812, -1.1490478515625], [-0.0008204051991924644, -0.04616495966911316, -0.9989334940910339, 1.5885696411132812], [-0.31870129704475403, 0.946856677532196, -0.04349652677774429, -0.1014404296875], [0.0, 0.0, 0.0, 1.0]], [[0.002706349827349186, 0.9993440508842468, -0.03611426800489426, 0.001708984375], [-0.026246163994073868, -0.03603097051382065, -0.9990059733390808, 1.5750198364257812], [-0.9996518492698669, 0.0036515395622700453, 0.02613142877817154, -0.16546630859375], [0.0, 0.0, 0.0, 1.0]], [[-0.9346699118614197, 0.35526835918426514, -0.01328316517174244, 0.8191452026367188], [0.006349518429487944, -0.02067551575601101, -0.9997661113739014, 1.5536575317382812], [-0.35545989871025085, -0.9345357418060303, 0.017069000750780106, -0.1810302734375], [0.0, 0.0, 0.0, 1.0]]], "view": [[0.0, -2.0, 100.0], [-2.0, 0.0, 100.0], [0.0, 0.0, 1.0]], "bev": "bev_b5851b7cbe254a01915c9c321622ee61.png", "aux": "aux_b5851b7cbe254a01915c9c321622ee61.npz", "visibility": "visibility_b5851b7cbe254a01915c9c321622ee61.png", "pose": [[0.9573599100112915, 0.2888979911804199, 0.0, 1116.40625], [-0.2888979911804199, 0.9573599100112915, 0.0, 1608.4351806640625], [0.0, 0.0, 1.0, 0.0], [0.0, 0.0, 0.0, 1.0]], "pose_inverse": [[0.9573599100112915, -0.2888979911804199, 0.0, -604.1288452148438], [0.2888979911804199, 0.9573599100112915, 0.0, -1862.37890625], [0.0, 0.0, 1.0, 0.0], [0.0, 0.0, 0.0, 1.0]], "cam_ids": [0, 1, 2, 3, 4, 5], "cam_channels": ["CAM_FRONT_LEFT", "CAM_FRONT", "CAM_FRONT_RIGHT", "CAM_BACK_LEFT", "CAM_BACK", "CAM_BACK_RIGHT"], "token": "b5851b7cbe254a01915c9c321622ee61", "scene": "scene-1107"}, {"images": ["samples/CAM_FRONT_LEFT/n015-2018-11-21-19-58-31+0800__CAM_FRONT_LEFT__1542801596404844.jpg", "samples/CAM_FRONT/n015-2018-11-21-19-58-31+0800__CAM_FRONT__1542801596412460.jpg", "samples/CAM_FRONT_RIGHT/n015-2018-11-21-19-58-31+0800__CAM_FRONT_RIGHT__1542801596420339.jpg", "samples/CAM_BACK_LEFT/n015-2018-11-21-19-58-31+0800__CAM_BACK_LEFT__1542801596447423.jpg", "samples/CAM_BACK/n015-2018-11-21-19-58-31+0800__CAM_BACK__1542801596437525.jpg", "samples/CAM_BACK_RIGHT/n015-2018-11-21-19-58-31+0800__CAM_BACK_RIGHT__1542801596427893.jpg"], "intrinsics": [[[1272.5979470598488, 0.0, 826.6154927353808], [0.0, 1272.5979470598488, 479.75165386361925], [0.0, 0.0, 1.0]], [[1266.417203046554, 0.0, 816.2670197447984], [0.0, 1266.417203046554, 491.50706579294757], [0.0, 0.0, 1.0]], [[1260.8474446004698, 0.0, 807.968244525554], [0.0, 1260.8474446004698, 495.3344268742088], [0.0, 0.0, 1.0]], [[1256.7414812095406, 0.0, 792.1125740759628], [0.0, 1256.7414812095406, 492.7757465151356], [0.0, 0.0, 1.0]], [[809.2209905677063, 0.0, 829.2196003259838], [0.0, 809.2209905677063, 481.77842384512485], [0.0, 0.0, 1.0]], [[1259.5137405846733, 0.0, 807.2529053838625], [0.0, 1259.5137405846733, 501.19579884916527], [0.0, 0.0, 1.0]]], "extrinsics": [[[0.8205456137657166, -0.5715600252151489, 0.0048889657482504845, -0.35638427734375], [-0.010588039644062519, -0.023751281201839447, -0.9996618032455444, 1.5005989074707031], [0.5714828968048096, 0.8202163577079773, -0.025540711358189583, -0.864501953125], [0.0, 0.0, 0.0, 1.0]], [[0.005723641719669104, -0.9996057748794556, 0.027485128492116928, 0.014404296875], [-0.015775693580508232, -0.027572419494390488, -0.9994953274726868, 1.5111503601074219], [0.999859094619751, 0.0052871122024953365, -0.015927288681268692, -1.08709716796875], [0.0, 0.0, 0.0, 1.0]], [[-0.8329298496246338, -0.5532021522521973, 0.013964823447167873, 0.645751953125], [-0.010044394992291927, -0.010117688216269016, -0.999898374080658, 1.4989967346191406], [0.5532872676849365, -0.8329855799674988, 0.0028707440942525864, -0.986083984375], [0.0, 0.0, 0.0, 1.0]], [[0.9477337598800659, 0.3187679350376129, -0.013692876324057579, -1.152099609375], [-0.001106088049709797, -0.03963332250714302, -0.999213695526123, 1.58856201171875], [-0.31905999779701233, 0.9470037817955017, -0.03720925748348236, -0.1004638671875], [0.0, 0.0, 0.0, 1.0]], [[0.0023651167284697294, 0.9995477199554443, -0.0299810953438282, 0.00146484375], [-0.02658982202410698, -0.029907716438174248, -0.9991989135742188, 1.5750503540039062], [-0.9996436238288879, 0.003160429187119007, 0.02650706097483635, -0.16217041015625], [0.0, 0.0, 0.0, 1.0]], [[-0.9348529577255249, 0.35486945509910583, -0.010836685076355934, 0.8227386474609375], [0.005938522517681122, -0.01488899253308773, -0.999871551990509, 1.5534858703613281], [-0.35498523712158203, -0.9347972869873047, 0.011811619624495506, -0.1790771484375], [0.0, 0.0, 0.0, 1.0]]], "view": [[0.0, -2.0, 100.0], [-2.0, 0.0, 100.0], [0.0, 0.0, 1.0]], "bev": "bev_a0c85ae7a1b84a2f86a021f91082ad76.png", "aux": "aux_a0c85ae7a1b84a2f86a021f91082ad76.npz", "visibility": "visibility_a0c85ae7a1b84a2f86a021f91082ad76.png", "pose": [[0.9588969349861145, 0.28375449776649475, 0.0, 1124.84423828125], [-0.28375449776649475, 0.9588969349861145, 0.0, 1605.84619140625], [0.0, 0.0, 1.0, 0.0], [0.0, 0.0, 0.0, 1.0]], "pose_inverse": [[0.9588969349861145, -0.28375449776649475, 0.0, -622.9436645507812], [0.28375449776649475, 0.9588969349861145, 0.0, -1859.0206298828125], [0.0, 0.0, 1.0, 0.0], [0.0, 0.0, 0.0, 1.0]], "cam_ids": [0, 1, 2, 3, 4, 5], "cam_channels": ["CAM_FRONT_LEFT", "CAM_FRONT", "CAM_FRONT_RIGHT", "CAM_BACK_LEFT", "CAM_BACK", "CAM_BACK_RIGHT"], "token": "a0c85ae7a1b84a2f86a021f91082ad76", "scene": "scene-1107"}, {"images": ["samples/CAM_FRONT_LEFT/n015-2018-11-21-19-58-31+0800__CAM_FRONT_LEFT__1542801596904844.jpg", "samples/CAM_FRONT/n015-2018-11-21-19-58-31+0800__CAM_FRONT__1542801596912460.jpg", "samples/CAM_FRONT_RIGHT/n015-2018-11-21-19-58-31+0800__CAM_FRONT_RIGHT__1542801596920339.jpg", "samples/CAM_BACK_LEFT/n015-2018-11-21-19-58-31+0800__CAM_BACK_LEFT__1542801596947423.jpg", "samples/CAM_BACK/n015-2018-11-21-19-58-31+0800__CAM_BACK__1542801596937525.jpg", "samples/CAM_BACK_RIGHT/n015-2018-11-21-19-58-31+0800__CAM_BACK_RIGHT__1542801596927893.jpg"], "intrinsics": [[[1272.5979470598488, 0.0, 826.6154927353808], [0.0, 1272.5979470598488, 479.75165386361925], [0.0, 0.0, 1.0]], [[1266.417203046554, 0.0, 816.2670197447984], [0.0, 1266.417203046554, 491.50706579294757], [0.0, 0.0, 1.0]], [[1260.8474446004698, 0.0, 807.968244525554], [0.0, 1260.8474446004698, 495.3344268742088], [0.0, 0.0, 1.0]], [[1256.7414812095406, 0.0, 792.1125740759628], [0.0, 1256.7414812095406, 492.7757465151356], [0.0, 0.0, 1.0]], [[809.2209905677063, 0.0, 829.2196003259838], [0.0, 809.2209905677063, 481.77842384512485], [0.0, 0.0, 1.0]], [[1259.5137405846733, 0.0, 807.2529053838625], [0.0, 1259.5137405846733, 501.19579884916527], [0.0, 0.0, 1.0]]], "extrinsics": [[[0.8196579813957214, -0.5728524327278137, -0.0009377050446346402, -0.358154296875], [-0.010743535123765469, -0.013735583983361721, -0.9998478889465332, 1.5003395080566406], [0.5727524161338806, 0.8195433616638184, -0.01741294004023075, -0.85888671875], [0.0, 0.0, 0.0, 1.0]], [[0.0039621503092348576, -0.9998365640640259, 0.017636839300394058, 0.0078125], [-0.016086017712950706, -0.017698422074317932, -0.9997140169143677, 1.5108146667480469], [0.9998627305030823, 0.0036773220635950565, -0.01615351252257824, -1.08758544921875], [0.0, 0.0, 0.0, 1.0]], [[-0.833776593208313, -0.5520291924476624, 0.00895784329622984, 0.6439208984375], [-0.010471594519913197, -0.0004100852529518306, -0.9999451041221619, 1.4987688064575195], [0.5520026087760925, -0.8338246941566467, -0.00543870497494936, -0.99169921875], [0.0, 0.0, 0.0, 1.0]], [[0.9477542638778687, 0.3187946677207947, -0.01148618757724762, -1.1533203125], [-0.00181816634722054, -0.030607832595705986, -0.9995298385620117, 1.5885581970214844], [-0.31899628043174744, 0.9473294615745544, -0.02842908352613449, -0.0994873046875], [0.0, 0.0, 0.0, 1.0]], [[0.0028968702536076307, 0.9997817277908325, -0.020694278180599213, 0.0037841796875], [-0.027272824198007584, -0.02060767635703087, -0.9994155764579773, 1.5749130249023438], [-0.9996237754821777, 0.0034596112091094255, 0.02720717154443264, -0.16058349609375], [0.0, 0.0, 0.0, 1.0]], [[-0.9344702363014221, 0.35597363114356995, -0.006935576908290386, 0.8256454467773438], [0.005375666543841362, -0.005371119827032089, -0.9999710917472839, 1.553234577178955], [-0.3560005724430084, -0.934480607509613, 0.0031055568251758814, -0.1824951171875], [0.0, 0.0, 0.0, 1.0]]], "view": [[0.0, -2.0, 100.0], [-2.0, 0.0, 100.0], [0.0, 0.0, 1.0]], "bev": "bev_5c1d145a31544211aad6b7710a6d0e87.png", "aux": "aux_5c1d145a31544211aad6b7710a6d0e87.npz", "visibility": "visibility_5c1d145a31544211aad6b7710a6d0e87.png", "pose": [[0.9603724479675293, 0.27871987223625183, 0.0, 1133.2169189453125], [-0.27871987223625183, 0.9603724479675293, 0.0, 1603.3375244140625], [0.0, 0.0, 1.0, 0.0], [0.0, 0.0, 0.0, 1.0]], "pose_inverse": [[0.9603724479675293, -0.27871987223625183, 0.0, -641.4282836914062], [0.27871987223625183, 0.9603724479675293, 0.0, -1855.6512451171875], [0.0, 0.0, 1.0, 0.0], [0.0, 0.0, 0.0, 1.0]], "cam_ids": [0, 1, 2, 3, 4, 5], "cam_channels": ["CAM_FRONT_LEFT", "CAM_FRONT", "CAM_FRONT_RIGHT", "CAM_BACK_LEFT", "CAM_BACK", "CAM_BACK_RIGHT"], "token": "5c1d145a31544211aad6b7710a6d0e87", "scene": "scene-1107"}, {"images": ["samples/CAM_FRONT_LEFT/n015-2018-11-21-19-58-31+0800__CAM_FRONT_LEFT__1542801597404844.jpg", "samples/CAM_FRONT/n015-2018-11-21-19-58-31+0800__CAM_FRONT__1542801597412460.jpg", "samples/CAM_FRONT_RIGHT/n015-2018-11-21-19-58-31+0800__CAM_FRONT_RIGHT__1542801597420339.jpg", "samples/CAM_BACK_LEFT/n015-2018-11-21-19-58-31+0800__CAM_BACK_LEFT__1542801597447429.jpg", "samples/CAM_BACK/n015-2018-11-21-19-58-31+0800__CAM_BACK__1542801597437525.jpg", "samples/CAM_BACK_RIGHT/n015-2018-11-21-19-58-31+0800__CAM_BACK_RIGHT__1542801597427893.jpg"], "intrinsics": [[[1272.5979470598488, 0.0, 826.6154927353808], [0.0, 1272.5979470598488, 479.75165386361925], [0.0, 0.0, 1.0]], [[1266.417203046554, 0.0, 816.2670197447984], [0.0, 1266.417203046554, 491.50706579294757], [0.0, 0.0, 1.0]], [[1260.8474446004698, 0.0, 807.968244525554], [0.0, 1260.8474446004698, 495.3344268742088], [0.0, 0.0, 1.0]], [[1256.7414812095406, 0.0, 792.1125740759628], [0.0, 1256.7414812095406, 492.7757465151356], [0.0, 0.0, 1.0]], [[809.2209905677063, 0.0, 829.2196003259838], [0.0, 809.2209905677063, 481.77842384512485], [0.0, 0.0, 1.0]], [[1259.5137405846733, 0.0, 807.2529053838625], [0.0, 1259.5137405846733, 501.19579884916527], [0.0, 0.0, 1.0]]], "extrinsics": [[[0.8209846615791321, -0.5709441304206848, -0.0026420489884912968, -0.35711669921875], [-0.00770711712539196, -0.006455114111304283, -0.9999494552612305, 1.5025863647460938], [0.5708982348442078, 0.8209635019302368, -0.009699883870780468, -0.8623046875], [0.0, 0.0, 0.0, 1.0]], [[0.005918406415730715, -0.9999298453330994, 0.010256949812173843, 0.0118408203125], [-0.012898699380457401, -0.010332614183425903, -0.9998634457588196, 1.5127544403076172], [0.9998992681503296, 0.005785301327705383, -0.012958947569131851, -1.08673095703125], [0.0, 0.0, 0.0, 1.0]], [[-0.8329070806503296, -0.5534090399742126, 0.0020571681670844555, 0.6424560546875], [-0.007166826631873846, 0.007069339510053396, -0.9999492764472961, 1.5002574920654297], [0.5533664226531982, -0.8328795433044434, -0.009854289703071117, -0.986572265625], [0.0, 0.0, 0.0, 1.0]], [[0.9477652311325073, 0.31892216205596924, -0.005445033311843872, -1.1373291015625], [0.0019446799997240305, -0.02284790202975273, -0.9997370839118958, 1.5885658264160156], [-0.3189626932144165, 0.9475054740905762, -0.022274648770689964, -0.10546875], [0.0, 0.0, 0.0, 1.0]], [[0.0023508903104811907, 0.999912679195404, -0.013005725108087063, 0.0023193359375], [-0.02364083006978035, -0.012946552596986294, -0.999636709690094, 1.5752334594726562], [-0.9997177124023438, 0.002657541073858738, 0.023608330637216568, -0.1729736328125], [0.0, 0.0, 0.0, 1.0]], [[-0.9348589777946472, 0.3549406826496124, -0.007461362984031439, 0.8174667358398438], [0.008828861638903618, 0.0022332933731377125, -0.9999585747718811, 1.5544490814208984], [-0.35490936040878296, -0.9348861575126648, -0.005221537314355373, -0.1826171875], [0.0, 0.0, 0.0, 1.0]]], "view": [[0.0, -2.0, 100.0], [-2.0, 0.0, 100.0], [0.0, 0.0, 1.0]], "bev": "bev_64d3946ee0bf4efdbae21e387d9190ff.png", "aux": "aux_64d3946ee0bf4efdbae21e387d9190ff.npz", "visibility": "visibility_64d3946ee0bf4efdbae21e387d9190ff.png", "pose": [[0.9604803919792175, 0.2783476412296295, 0.0, 1141.59130859375], [-0.2783476412296295, 0.9604803919792175, 0.0, 1600.8660888671875], [0.0, 0.0, 1.0, 0.0], [0.0, 0.0, 0.0, 1.0]], "pose_inverse": [[0.9604803919792175, -0.2783476412296295, 0.0, -650.8787231445312], [0.2783476412296295, 0.9604803919792175, 0.0, -1855.3597412109375], [0.0, 0.0, 1.0, 0.0], [0.0, 0.0, 0.0, 1.0]], "cam_ids": [0, 1, 2, 3, 4, 5], "cam_channels": ["CAM_FRONT_LEFT", "CAM_FRONT", "CAM_FRONT_RIGHT", "CAM_BACK_LEFT", "CAM_BACK", "CAM_BACK_RIGHT"], "token": "64d3946ee0bf4efdbae21e387d9190ff", "scene": "scene-1107"}, {"images": ["samples/CAM_FRONT_LEFT/n015-2018-11-21-19-58-31+0800__CAM_FRONT_LEFT__1542801597904844.jpg", "samples/CAM_FRONT/n015-2018-11-21-19-58-31+0800__CAM_FRONT__1542801597912460.jpg", "samples/CAM_FRONT_RIGHT/n015-2018-11-21-19-58-31+0800__CAM_FRONT_RIGHT__1542801597920339.jpg", "samples/CAM_BACK_LEFT/n015-2018-11-21-19-58-31+0800__CAM_BACK_LEFT__1542801597947423.jpg", "samples/CAM_BACK/n015-2018-11-21-19-58-31+0800__CAM_BACK__1542801597937525.jpg", "samples/CAM_BACK_RIGHT/n015-2018-11-21-19-58-31+0800__CAM_BACK_RIGHT__1542801597927893.jpg"], "intrinsics": [[[1272.5979470598488, 0.0, 826.6154927353808], [0.0, 1272.5979470598488, 479.75165386361925], [0.0, 0.0, 1.0]], [[1266.417203046554, 0.0, 816.2670197447984], [0.0, 1266.417203046554, 491.50706579294757], [0.0, 0.0, 1.0]], [[1260.8474446004698, 0.0, 807.968244525554], [0.0, 1260.8474446004698, 495.3344268742088], [0.0, 0.0, 1.0]], [[1256.7414812095406, 0.0, 792.1125740759628], [0.0, 1256.7414812095406, 492.7757465151356], [0.0, 0.0, 1.0]], [[809.2209905677063, 0.0, 829.2196003259838], [0.0, 809.2209905677063, 481.77842384512485], [0.0, 0.0, 1.0]], [[1259.5137405846733, 0.0, 807.2529053838625], [0.0, 1259.5137405846733, 501.19579884916527], [0.0, 0.0, 1.0]]], "extrinsics": [[[0.8207108974456787, -0.5713260173797607, -0.004489333368837833, -0.35400390625], [-0.006471010856330395, -0.0014380483189597726, -0.9999780058860779, 1.5034370422363281], [0.5713070631027222, 0.8207219243049622, -0.004877279046922922, -0.8563232421875], [0.0, 0.0, 0.0, 1.0]], [[0.005674103740602732, -0.9999697804450989, 0.00531144579872489, 0.0091552734375], [-0.011754055507481098, -0.0053778584115207195, -0.9999164938926697, 1.513357162475586], [0.999914824962616, 0.005611192900687456, -0.011784215457737446, -1.08154296875], [0.0, 0.0, 0.0, 1.0]], [[-0.8329731822013855, -0.553311288356781, -0.0015241843648254871, 0.637939453125], [-0.006114082410931587, 0.011958754621446133, -0.9999097585678101, 1.500741958618164], [0.5532795786857605, -0.8328887224197388, -0.013344311155378819, -0.986083984375], [0.0, 0.0, 0.0, 1.0]], [[0.9479409456253052, 0.3184312880039215, -0.003104929579421878, -1.137939453125], [0.002737591741606593, -0.017898671329021454, -0.9998360276222229, 1.588510513305664], [-0.31843459606170654, 0.9477769732475281, -0.01783861592411995, -0.1021728515625], [0.0, 0.0, 0.0, 1.0]], [[0.002520431997254491, 0.9999639987945557, -0.008116931654512882, 0.0037841796875], [-0.02274463139474392, -0.008057533763349056, -0.999708890914917, 1.5753650665283203], [-0.9997380971908569, 0.0027043374720960855, 0.022723497822880745, -0.17315673828125], [0.0, 0.0, 0.0, 1.0]], [[-0.934822678565979, 0.355052649974823, -0.006640336941927671, 0.8161201477050781], [0.00978853739798069, 0.007071332074701786, -0.9999271035194397, 1.5547962188720703], [-0.3549797832965851, -0.9348196387290955, -0.010085889138281345, -0.1849365234375], [0.0, 0.0, 0.0, 1.0]]], "view": [[0.0, -2.0, 100.0], [-2.0, 0.0, 100.0], [0.0, 0.0, 1.0]], "bev": "bev_92026e052bf540dea11a32a7d1cd8197.png", "aux": "aux_92026e052bf540dea11a32a7d1cd8197.npz", "visibility": "visibility_92026e052bf540dea11a32a7d1cd8197.png", "pose": [[0.9591335654258728, 0.28295376896858215, 0.0, 1149.8206787109375], [-0.28295376896858215, 0.9591335654258728, 0.0, 1598.416015625], [0.0, 0.0, 1.0, 0.0], [0.0, 0.0, 0.0, 1.0]], "pose_inverse": [[0.9591335654258728, -0.28295376896858215, 0.0, -650.5537719726562], [0.28295376896858215, 0.9591335654258728, 0.0, -1858.4405517578125], [0.0, 0.0, 1.0, 0.0], [0.0, 0.0, 0.0, 1.0]], "cam_ids": [0, 1, 2, 3, 4, 5], "cam_channels": ["CAM_FRONT_LEFT", "CAM_FRONT", "CAM_FRONT_RIGHT", "CAM_BACK_LEFT", "CAM_BACK", "CAM_BACK_RIGHT"], "token": "92026e052bf540dea11a32a7d1cd8197", "scene": "scene-1107"}, {"images": ["samples/CAM_FRONT_LEFT/n015-2018-11-21-19-58-31+0800__CAM_FRONT_LEFT__1542801598354844.jpg", "samples/CAM_FRONT/n015-2018-11-21-19-58-31+0800__CAM_FRONT__1542801598362460.jpg", "samples/CAM_FRONT_RIGHT/n015-2018-11-21-19-58-31+0800__CAM_FRONT_RIGHT__1542801598370339.jpg", "samples/CAM_BACK_LEFT/n015-2018-11-21-19-58-31+0800__CAM_BACK_LEFT__1542801598397423.jpg", "samples/CAM_BACK/n015-2018-11-21-19-58-31+0800__CAM_BACK__1542801598387525.jpg", "samples/CAM_BACK_RIGHT/n015-2018-11-21-19-58-31+0800__CAM_BACK_RIGHT__1542801598377893.jpg"], "intrinsics": [[[1272.5979470598488, 0.0, 826.6154927353808], [0.0, 1272.5979470598488, 479.75165386361925], [0.0, 0.0, 1.0]], [[1266.417203046554, 0.0, 816.2670197447984], [0.0, 1266.417203046554, 491.50706579294757], [0.0, 0.0, 1.0]], [[1260.8474446004698, 0.0, 807.968244525554], [0.0, 1260.8474446004698, 495.3344268742088], [0.0, 0.0, 1.0]], [[1256.7414812095406, 0.0, 792.1125740759628], [0.0, 1256.7414812095406, 492.7757465151356], [0.0, 0.0, 1.0]], [[809.2209905677063, 0.0, 829.2196003259838], [0.0, 809.2209905677063, 481.77842384512485], [0.0, 0.0, 1.0]], [[1259.5137405846733, 0.0, 807.2529053838625], [0.0, 1259.5137405846733, 501.19579884916527], [0.0, 0.0, 1.0]]], "extrinsics": [[[0.8215537071228027, -0.5700737833976746, -0.008089096285402775, -0.35235595703125], [-0.0043079969473183155, 0.007980568334460258, -0.999958872795105, 1.5050172805786133], [0.5701148509979248, 0.8215547204017639, 0.004100588615983725, -0.8599853515625], [0.0, 0.0, 0.0, 1.0]], [[0.007098021451383829, -0.9999663233757019, -0.00410581985488534, 0.0126953125], [-0.009416633285582066, 0.004038901533931494, -0.9999475479125977, 1.5147626399993896], [0.9999303817749023, 0.007136264815926552, -0.009387648664414883, -1.0811767578125], [0.0, 0.0, 0.0, 1.0]], [[-0.8321817517280579, -0.5544326305389404, -0.0088198846206069, 0.63818359375], [-0.0036419874522835016, 0.02137068659067154, -0.9997649788856506, 1.5018501281738281], [0.5544908046722412, -0.8319540619850159, -0.01980353333055973, -0.9825439453125], [0.0, 0.0, 0.0, 1.0]], [[0.9477554559707642, 0.3189884424209595, 0.0024275383912026882, -1.1376953125], [0.0055146231316030025, -0.008774949237704277, -0.9999462962150574, 1.5885791778564453], [-0.31894999742507935, 0.9477179646492004, -0.01007560733705759, -0.105224609375], [0.0, 0.0, 0.0, 1.0]], [[0.0017894081538543105, 0.9999978542327881, 0.0011008809087798, 0.0023193359375], [-0.02001171186566353, 0.0011364718666300178, -0.9997991323471069, 1.5758132934570312], [-0.9997981190681458, 0.0017670351080596447, 0.020013701170682907, -0.17510986328125], [0.0, 0.0, 0.0, 1.0]], [[-0.9352360963821411, 0.35397738218307495, -0.005779648665338755, 0.8127937316894531], [0.012399671599268913, 0.016436632722616196, -0.9997880458831787, 1.5556869506835938], [-0.3538074195384979, -0.935109555721283, -0.019761336967349052, -0.18359375], [0.0, 0.0, 0.0, 1.0]]], "view": [[0.0, -2.0, 100.0], [-2.0, 0.0, 100.0], [0.0, 0.0, 1.0]], "bev": "bev_9af8c6dbe0fe4e70bb2097242737f0c6.png", "aux": "aux_9af8c6dbe0fe4e70bb2097242737f0c6.npz", "visibility": "visibility_9af8c6dbe0fe4e70bb2097242737f0c6.png", "pose": [[0.9565256834030151, 0.29164808988571167, 0.0, 1157.236572265625], [-0.29164808988571167, 0.9565256834030151, 0.0, 1596.1339111328125], [0.0, 0.0, 1.0, 0.0], [0.0, 0.0, 0.0, 1.0]], "pose_inverse": [[0.9565256834030151, -0.29164808988571167, 0.0, -641.4171142578125], [0.29164808988571167, 0.9565256834030151, 0.0, -1864.2489013671875], [0.0, 0.0, 1.0, 0.0], [0.0, 0.0, 0.0, 1.0]], "cam_ids": [0, 1, 2, 3, 4, 5], "cam_channels": ["CAM_FRONT_LEFT", "CAM_FRONT", "CAM_FRONT_RIGHT", "CAM_BACK_LEFT", "CAM_BACK", "CAM_BACK_RIGHT"], "token": "9af8c6dbe0fe4e70bb2097242737f0c6", "scene": "scene-1107"}, {"images": ["samples/CAM_FRONT_LEFT/n015-2018-11-21-19-58-31+0800__CAM_FRONT_LEFT__1542801598854844.jpg", "samples/CAM_FRONT/n015-2018-11-21-19-58-31+0800__CAM_FRONT__1542801598862460.jpg", "samples/CAM_FRONT_RIGHT/n015-2018-11-21-19-58-31+0800__CAM_FRONT_RIGHT__1542801598870339.jpg", "samples/CAM_BACK_LEFT/n015-2018-11-21-19-58-31+0800__CAM_BACK_LEFT__1542801598897423.jpg", "samples/CAM_BACK/n015-2018-11-21-19-58-31+0800__CAM_BACK__1542801598887525.jpg", "samples/CAM_BACK_RIGHT/n015-2018-11-21-19-58-31+0800__CAM_BACK_RIGHT__1542801598877893.jpg"], "intrinsics": [[[1272.5979470598488, 0.0, 826.6154927353808], [0.0, 1272.5979470598488, 479.75165386361925], [0.0, 0.0, 1.0]], [[1266.417203046554, 0.0, 816.2670197447984], [0.0, 1266.417203046554, 491.50706579294757], [0.0, 0.0, 1.0]], [[1260.8474446004698, 0.0, 807.968244525554], [0.0, 1260.8474446004698, 495.3344268742088], [0.0, 0.0, 1.0]], [[1256.7414812095406, 0.0, 792.1125740759628], [0.0, 1256.7414812095406, 492.7757465151356], [0.0, 0.0, 1.0]], [[809.2209905677063, 0.0, 829.2196003259838], [0.0, 809.2209905677063, 481.77842384512485], [0.0, 0.0, 1.0]], [[1259.5137405846733, 0.0, 807.2529053838625], [0.0, 1259.5137405846733, 501.19579884916527], [0.0, 0.0, 1.0]]], "extrinsics": [[[0.8210893869400024, -0.5707367062568665, -0.008482863195240498, -0.35784912109375], [-0.003861261997371912, 0.0093072559684515, -0.9999492168426514, 1.505356788635254], [0.5707865953445435, 0.8210804462432861, 0.005438324995338917, -0.8648681640625], [0.0, 0.0, 0.0, 1.0]], [[0.006043465808033943, -0.9999682307243347, -0.00519135594367981, 0.0135498046875], [-0.00931770633906126, 0.0051349145360291, -0.9999434351921082, 1.5148532390594482], [0.9999383091926575, 0.006091431714594364, -0.009286376647651196, -1.0855712890625], [0.0, 0.0, 0.0, 1.0]], [[-0.832899808883667, -0.5533504486083984, -0.00900815986096859, 0.64013671875], [-0.0039376989006996155, 0.02220216765999794, -0.9997457265853882, 1.5016899108886719], [0.55340975522995, -0.8326525688171387, -0.02067110687494278, -0.9832763671875], [0.0, 0.0, 0.0, 1.0]], [[0.9477744698524475, 0.3189409077167511, 0.0004974877228960395, -1.1300048828125], [0.0033284041564911604, -0.008331039920449257, -0.9999597668647766, 1.5886001586914062], [-0.3189238905906677, 0.947737991809845, -0.008957511745393276, -0.108154296875], [0.0, 0.0, 0.0, 1.0]], [[0.0024325482081621885, 0.9999957084655762, 0.0016331824008375406, 0.001708984