[{"images": ["samples/CAM_FRONT_LEFT/n008-2018-09-18-14-43-59-0400__CAM_FRONT_LEFT__1537296364254799.jpg", "samples/CAM_FRONT/n008-2018-09-18-14-43-59-0400__CAM_FRONT__1537296364262404.jpg", "samples/CAM_FRONT_RIGHT/n008-2018-09-18-14-43-59-0400__CAM_FRONT_RIGHT__1537296364270482.jpg", "samples/CAM_BACK_LEFT/n008-2018-09-18-14-43-59-0400__CAM_BACK_LEFT__1537296364297405.jpg", "samples/CAM_BACK/n008-2018-09-18-14-43-59-0400__CAM_BACK__1537296364287567.jpg", "samples/CAM_BACK_RIGHT/n008-2018-09-18-14-43-59-0400__CAM_BACK_RIGHT__1537296364278118.jpg"], "intrinsics": [[[1257.8625342125129, 0.0, 827.2410631095686], [0.0, 1257.8625342125129, 450.915498205774], [0.0, 0.0, 1.0]], [[1252.8131021185304, 0.0, 826.588114781398], [0.0, 1252.8131021185304, 469.9846626224581], [0.0, 0.0, 1.0]], [[1256.7485116440405, 0.0, 817.7887570959712], [0.0, 1256.7485116440403, 451.9541780095127], [0.0, 0.0, 1.0]], [[1254.9860565800168, 0.0, 829.5769333630991], [0.0, 1254.9860565800168, 467.1680561863987], [0.0, 0.0, 1.0]], [[796.8910634503094, 0.0, 857.7774326863696], [0.0, 796.8910634503094, 476.8848988407415], [0.0, 0.0, 1.0]], [[1249.9629280788233, 0.0, 825.3768045375984], [0.0, 1249.9629280788233, 462.54816385708756], [0.0, 0.0, 1.0]]], "extrinsics": [[[0.8213345408439636, -0.5693667531013489, -0.03508640453219414, -0.7969970703125], [-0.03441323712468147, 0.011940177530050278, -0.999336302280426, 1.4795646667480469], [0.5694078207015991, 0.8219969868659973, -0.009786874055862427, -1.18768310546875], [0.0, 0.0, 0.0, 1.0]], [[0.009193863719701767, -0.9999237060546875, -0.008252290077507496, 0.00628662109375], [-0.03226106986403465, 0.007951737381517887, -0.9994478821754456, 1.4733848571777344], [0.9994372129440308, 0.00945497676730156, -0.03218550235033035, -1.5244140625], [0.0, 0.0, 0.0, 1.0]], [[-0.8441974520683289, -0.5356371402740479, 0.0205808337777853, 0.9520263671875], [-0.02400745265185833, -0.0005747750983573496, -0.9997115731239319, 1.4891395568847656], [0.5354945063591003, -0.8444480299949646, -0.012374058365821838, -1.1904296875], [0.0, 0.0, 0.0, 1.0]], [[0.9471340775489807, 0.318196177482605, -0.04108834266662598, -1.135986328125], [-0.0485287606716156, 0.015488066710531712, -0.9987017512321472, 1.5616378784179688], [-0.3171466886997223, 0.9478983283042908, 0.03011094592511654, -0.15875244140625], [0.0, 0.0, 0.0, 1.0]], [[0.010036912746727467, 0.9999242424964905, 0.007130738813430071, -0.027862548828125], [-0.046691782772541046, 0.007591975387185812, -0.9988804459571838, 1.5650100708007812], [-0.9988589286804199, 0.009692778810858727, 0.046764444559812546, -0.0208740234375], [0.0, 0.0, 0.0, 1.0]], [[-0.922896683216095, 0.3835758864879608, 0.03363582491874695, 1.05029296875], [-0.04281812161207199, -0.015422572381794453, -0.9989638328552246, 1.54266357421875], [-0.3826596736907959, -0.9233806133270264, 0.030657434836030006, -0.090118408203125], [0.0, 0.0, 0.0, 1.0]]], "view": [[0.0, -2.0, 100.0], [-2.0, 0.0, 100.0], [0.0, 0.0, 1.0]], "bev": "bev_629801a7b76847ddb76b45411df231fb.png", "aux": "aux_629801a7b76847ddb76b45411df231fb.npz", "visibility": "visibility_629801a7b76847ddb76b45411df231fb.png", "pose": [[-0.659108579158783, 0.7520477771759033, 0.0, 1300.6910400390625], [-0.7520477771759033, -0.659108579158783, 0.0, 1069.602294921875], [0.0, 0.0, 1.0, 0.0], [0.0, 0.0, 0.0, 1.0]], "pose_inverse": [[-0.659108579158783, -0.7520477771759033, 0.0, 1661.688720703125], [0.7520477771759033, -0.659108579158783, 0.0, -273.19775390625], [0.0, 0.0, 1.0, 0.0], [0.0, 0.0, 0.0, 1.0]], "cam_ids": [0, 1, 2, 3, 4, 5], "cam_channels": ["CAM_FRONT_LEFT", "CAM_FRONT", "CAM_FRONT_RIGHT", "CAM_BACK_LEFT", "CAM_BACK", "CAM_BACK_RIGHT"], "token": "629801a7b76847ddb76b45411df231fb", "scene": "scene-0641"}, {"images": ["samples/CAM_FRONT_LEFT/n008-2018-09-18-14-43-59-0400__CAM_FRONT_LEFT__1537296364754799.jpg", "samples/CAM_FRONT/n008-2018-09-18-14-43-59-0400__CAM_FRONT__1537296364762404.jpg", "samples/CAM_FRONT_RIGHT/n008-2018-09-18-14-43-59-0400__CAM_FRONT_RIGHT__1537296364770482.jpg", "samples/CAM_BACK_LEFT/n008-2018-09-18-14-43-59-0400__CAM_BACK_LEFT__1537296364797405.jpg", "samples/CAM_BACK/n008-2018-09-18-14-43-59-0400__CAM_BACK__1537296364787558.jpg", "samples/CAM_BACK_RIGHT/n008-2018-09-18-14-43-59-0400__CAM_BACK_RIGHT__1537296364778113.jpg"], "intrinsics": [[[1257.8625342125129, 0.0, 827.2410631095686], [0.0, 1257.8625342125129, 450.915498205774], [0.0, 0.0, 1.0]], [[1252.8131021185304, 0.0, 826.588114781398], [0.0, 1252.8131021185304, 469.9846626224581], [0.0, 0.0, 1.0]], [[1256.7485116440405, 0.0, 817.7887570959712], [0.0, 1256.7485116440403, 451.9541780095127], [0.0, 0.0, 1.0]], [[1254.9860565800168, 0.0, 829.5769333630991], [0.0, 1254.9860565800168, 467.1680561863987], [0.0, 0.0, 1.0]], [[796.8910634503094, 0.0, 857.7774326863696], [0.0, 796.8910634503094, 476.8848988407415], [0.0, 0.0, 1.0]], [[1249.9629280788233, 0.0, 825.3768045375984], [0.0, 1249.9629280788233, 462.54816385708756], [0.0, 0.0, 1.0]]], "extrinsics": [[[0.8221739530563354, -0.5689089298248291, -0.01930789276957512, -0.7816162109375], [-0.01181725598871708, 0.016853250563144684, -0.9997881054878235, 1.4850597381591797], [0.5691137313842773, 0.8222278952598572, 0.007133358158171177, -1.1820068359375], [0.0, 0.0, 0.0, 1.0]], [[0.009824774228036404, -0.9998698234558105, -0.012798024341464043, 0.0101318359375], [-0.010031468234956264, 0.012699444778263569, -0.9998690485954285, 1.4778900146484375], [0.9999013543128967, 0.009951911866664886, -0.009905392304062843, -1.5113525390625], [0.0, 0.0, 0.0, 1.0]], [[-0.8442211151123047, -0.5359950065612793, -0.0002469589817337692, 0.9444580078125], [-0.002242111135274172, 0.003992190584540367, -0.9999895095825195, 1.4926724433898926], [0.5359904170036316, -0.8442118167877197, -0.004572052508592606, -1.182373046875], [0.0, 0.0, 0.0, 1.0]], [[0.9476561546325684, 0.3186064064502716, -0.020925026386976242, -1.1328125], [-0.02852289378643036, 0.019199993461370468, -0.9994087219238281, 1.5617027282714844], [-0.31801629066467285, 0.9476926326751709, 0.02728256769478321, -0.16009521484375], [0.0, 0.0, 0.0, 1.0]], [[0.00953897088766098, 0.9998896718025208, 0.011386077851057053, -0.029052734375], [-0.026121778413653374, 0.011631879955530167, -0.9995911121368408, 1.5661888122558594], [-0.9996132254600525, 0.009237690828740597, 0.026229852810502052, -0.027099609375], [0.0, 0.0, 0.0, 1.0]], [[-0.923548698425293, 0.38316062092781067, 0.01567535661160946, 1.04150390625], [-0.02156250551342964, -0.011074395850300789, -0.9997061491012573, 1.5450687408447266], [-0.38287439942359924, -0.9236153364181519, 0.018489645794034004, -0.091461181640625], [0.0, 0.0, 0.0, 1.0]]], "view": [[0.0, -2.0, 100.0], [-2.0, 0.0, 100.0], [0.0, 0.0, 1.0]], "bev": "bev_a21a091b7b7f480583a5ae9832e10e71.png", "aux": "aux_a21a091b7b7f480583a5ae9832e10e71.npz", "visibility": "visibility_a21a091b7b7f480583a5ae9832e10e71.png", "pose": [[-0.6575121283531189, 0.7534439563751221, 0.0, 1298.7265625], [-0.7534439563751221, -0.6575121283531189, 0.0, 1067.3800048828125], [0.0, 0.0, 1.0, 0.0], [0.0, 0.0, 0.0, 1.0]], "pose_inverse": [[-0.6575121283531189, -0.7534439563751221, 0.0, 1658.1395263671875], [0.7534439563751221, -0.6575121283531189, 0.0, -276.70233154296875], [0.0, 0.0, 1.0, 0.0], [0.0, 0.0, 0.0, 1.0]], "cam_ids": [0, 1, 2, 3, 4, 5], "cam_channels": ["CAM_FRONT_LEFT", "CAM_FRONT", "CAM_FRONT_RIGHT", "CAM_BACK_LEFT", "CAM_BACK", "CAM_BACK_RIGHT"], "token": "a21a091b7b7f480583a5ae9832e10e71", "scene": "scene-0641"}, {"images": ["samples/CAM_FRONT_LEFT/n008-2018-09-18-14-43-59-0400__CAM_FRONT_LEFT__1537296365354799.jpg", "samples/CAM_FRONT/n008-2018-09-18-14-43-59-0400__CAM_FRONT__1537296365362404.jpg", "samples/CAM_FRONT_RIGHT/n008-2018-09-18-14-43-59-0400__CAM_FRONT_RIGHT__1537296365370482.jpg", "samples/CAM_BACK_LEFT/n008-2018-09-18-14-43-59-0400__CAM_BACK_LEFT__1537296365397405.jpg", "samples/CAM_BACK/n008-2018-09-18-14-43-59-0400__CAM_BACK__1537296365389102.jpg", "samples/CAM_BACK_RIGHT/n008-2018-09-18-14-43-59-0400__CAM_BACK_RIGHT__1537296365378113.jpg"], "intrinsics": [[[1257.8625342125129, 0.0, 827.2410631095686], [0.0, 1257.8625342125129, 450.915498205774], [0.0, 0.0, 1.0]], [[1252.8131021185304, 0.0, 826.588114781398], [0.0, 1252.8131021185304, 469.9846626224581], [0.0, 0.0, 1.0]], [[1256.7485116440405, 0.0, 817.7887570959712], [0.0, 1256.7485116440403, 451.9541780095127], [0.0, 0.0, 1.0]], [[1254.9860565800168, 0.0, 829.5769333630991], [0.0, 1254.9860565800168, 467.1680561863987], [0.0, 0.0, 1.0]], [[796.8910634503094, 0.0, 857.7774326863696], [0.0, 796.8910634503094, 476.8848988407415], [0.0, 0.0, 1.0]], [[1249.9629280788233, 0.0, 825.3768045375984], [0.0, 1249.9629280788233, 462.54816385708756], [0.0, 0.0, 1.0]]], "extrinsics": [[[0.8218384981155396, -0.5691401362419128, -0.02571166306734085, -0.7734375], [-0.024073252454400063, 0.010399018414318562, -0.999656081199646, 1.4815177917480469], [0.5692117810249329, 0.8221748471260071, -0.005154742393642664, -1.17486572265625], [0.0, 0.0, 0.0, 1.0]], [[0.009485681541264057, -0.9999336004257202, -0.006535932421684265, 0.008880615234375], [-0.022554807364940643, 0.006320612505078316, -0.9997256398200989, 1.4748954772949219], [0.9997006058692932, 0.009630481712520123, -0.022493349388241768, -1.50146484375], [0.0, 0.0, 0.0, 1.0]], [[-0.8442461490631104, -0.5357763171195984, 0.013865436427295208, 0.93701171875], [-0.015000348910689354, -0.002239470835775137, -0.9998849034309387, 1.490335464477539], [0.5357457399368286, -0.8443570733070374, -0.006146166939288378, -1.1788330078125], [0.0, 0.0, 0.0, 1.0]], [[0.9473645687103271, 0.3182357847690582, -0.03501943498849869, -1.1324462890625], [-0.04152631759643555, 0.013683615252375603, -0.9990437030792236, 1.5615386962890625], [-0.3174523413181305, 0.9479129314422607, 0.02617853507399559, -0.1597900390625], [0.0, 0.0, 0.0, 1.0]], [[0.009815014898777008, 0.9999364614486694, 0.0055387141183018684, -0.02862548828125], [-0.039080359041690826, 0.00591833284124732, -0.9992185235023499, 1.5655136108398438], [-0.9991878867149353, 0.009590760804712772, 0.039135970175266266, -0.020751953125], [0.0, 0.0, 0.0, 1.0]], [[-0.9232164025306702, 0.38344866037368774, 0.02526998147368431, 1.0360107421875], [-0.03445715829730034, -0.017108254134655, -0.9992597699165344, 1.5431900024414062], [-0.38273245096206665, -0.9234037399291992, 0.02900717407464981, -0.0946044921875], [0.0, 0.0, 0.0, 1.0]]], "view": [[0.0, -2.0, 100.0], [-2.0, 0.0, 100.0], [0.0, 0.0, 1.0]], "bev": "bev_5002f6a7fec747abb9c45f116da03320.png", "aux": "aux_5002f6a7fec747abb9c45f116da03320.npz", "visibility": "visibility_5002f6a7fec747abb9c45f116da03320.png", "pose": [[-0.6550819277763367, 0.7555578947067261, 0.0, 1296.3572998046875], [-0.7555578947067261, -0.6550819277763367, 0.0, 1064.6900634765625], [0.0, 0.0, 1.0, 0.0], [0.0, 0.0, 0.0, 1.0]], "pose_inverse": [[-0.6550819277763367, -0.7555578947067261, 0.0, 1653.6551513671875], [0.7555578947067261, -0.6550819277763367, 0.0, -282.0137634277344], [0.0, 0.0, 1.0, 0.0], [0.0, 0.0, 0.0, 1.0]], "cam_ids": [0, 1, 2, 3, 4, 5], "cam_channels": ["CAM_FRONT_LEFT", "CAM_FRONT", "CAM_FRONT_RIGHT", "CAM_BACK_LEFT", "CAM_BACK", "CAM_BACK_RIGHT"], "token": "5002f6a7fec747abb9c45f116da03320", "scene": "scene-0641"}, {"images": ["samples/CAM_FRONT_LEFT/n008-2018-09-18-14-43-59-0400__CAM_FRONT_LEFT__1537296365754799.jpg", "samples/CAM_FRONT/n008-2018-09-18-14-43-59-0400__CAM_FRONT__1537296365762404.jpg", "samples/CAM_FRONT_RIGHT/n008-2018-09-18-14-43-59-0400__CAM_FRONT_RIGHT__1537296365770482.jpg", "samples/CAM_BACK_LEFT/n008-2018-09-18-14-43-59-0400__CAM_BACK_LEFT__1537296365797405.jpg", "samples/CAM_BACK/n008-2018-09-18-14-43-59-0400__CAM_BACK__1537296365787558.jpg", "samples/CAM_BACK_RIGHT/n008-2018-09-18-14-43-59-0400__CAM_BACK_RIGHT__1537296365778113.jpg"], "intrinsics": [[[1257.8625342125129, 0.0, 827.2410631095686], [0.0, 1257.8625342125129, 450.915498205774], [0.0, 0.0, 1.0]], [[1252.8131021185304, 0.0, 826.588114781398], [0.0, 1252.8131021185304, 469.9846626224581], [0.0, 0.0, 1.0]], [[1256.7485116440405, 0.0, 817.7887570959712], [0.0, 1256.7485116440403, 451.9541780095127], [0.0, 0.0, 1.0]], [[1254.9860565800168, 0.0, 829.5769333630991], [0.0, 1254.9860565800168, 467.1680561863987], [0.0, 0.0, 1.0]], [[796.8910634503094, 0.0, 857.7774326863696], [0.0, 796.8910634503094, 476.8848988407415], [0.0, 0.0, 1.0]], [[1249.9629280788233, 0.0, 825.3768045375984], [0.0, 1249.9629280788233, 462.54816385708756], [0.0, 0.0, 1.0]]], "extrinsics": [[[0.822461724281311, -0.5687277913093567, -0.010265937075018883, -0.770751953125], [-0.0025485933292657137, 0.014363153837621212, -0.9998935461044312, 1.4875917434692383], [0.5688146948814392, 0.8224003911018372, 0.010363688692450523, -1.169189453125], [0.0, 0.0, 0.0, 1.0]], [[0.010169336572289467, -0.9998950362205505, -0.010319151915609837, 0.006317138671875], [0.0001261742290807888, 0.010320968925952911, -0.9999467730522156, 1.4802128076553345], [0.9999483227729797, 0.010167521424591541, 0.00023111865448299795, -1.4969482421875], [0.0, 0.0, 0.0, 1.0]], [[-0.8440665006637573, -0.536169707775116, -0.0085925767198205, 0.9326171875], [0.009130308404564857, 0.001651753089390695, -0.9999569058418274, 1.4947729110717773], [0.5361607670783997, -0.8441086411476135, 0.0035012043081223965, -1.1787109375], [0.0, 0.0, 0.0, 1.0]], [[0.94783616065979, 0.3186603784561157, -0.00788147747516632, -1.130615234375], [-0.014009803533554077, 0.01694413833320141, -0.999758243560791, 1.561849594116211], [-0.31844982504844666, 0.947717547416687, 0.020524635910987854, -0.1605224609375], [0.0, 0.0, 0.0, 1.0]], [[0.009262901730835438, 0.9999144673347473, 0.009235788136720657, -0.0277099609375], [-0.012791432440280914, 0.00935391429811716, -0.9998744130134583, 1.5670814514160156], [-0.9998752474784851, 0.009143535979092121, 0.012876981869339943, -0.03271484375], [0.0, 0.0, 0.0, 1.0]], [[-0.9237330555915833, 0.3830232322216034, 0.0032325072679668665, 1.033935546875], [-0.009064892306923866, -0.013423358090221882, -0.9998688101768494, 1.5465517044067383], [-0.3829295337200165, -0.9236412048339844, 0.015871664509177208, -0.09722900390625], [0.0, 0.0, 0.0, 1.0]]], "view": [[0.0, -2.0, 100.0], [-2.0, 0.0, 100.0], [0.0, 0.0, 1.0]], "bev": "bev_d06e23667ceb4a35aaa800e63ce37e27.png", "aux": "aux_d06e23667ceb4a35aaa800e63ce37e27.npz", "visibility": "visibility_d06e23667ceb4a35aaa800e63ce37e27.png", "pose": [[-0.6543253064155579, 0.7562131881713867, 0.0, 1294.687255859375], [-0.7562131881713867, -0.6543253064155579, 0.0, 1062.762451171875], [0.0, 0.0, 1.0, 0.0], [0.0, 0.0, 0.0, 1.0]], "pose_inverse": [[-0.6543253064155579, -0.7562131881713867, 0.0, 1650.8216552734375], [0.7562131881713867, -0.6543253064155579, 0.0, -283.6671447753906], [0.0, 0.0, 1.0, 0.0], [0.0, 0.0, 0.0, 1.0]], "cam_ids": [0, 1, 2, 3, 4, 5], "cam_channels": ["CAM_FRONT_LEFT", "CAM_FRONT", "CAM_FRONT_RIGHT", "CAM_BACK_LEFT", "CAM_BACK", "CAM_BACK_RIGHT"], "token": "d06e23667ceb4a35aaa800e63ce37e27", "scene": "scene-0641"}, {"images": ["samples/CAM_FRONT_LEFT/n008-2018-09-18-14-43-59-0400__CAM_FRONT_LEFT__1537296366254799.jpg", "samples/CAM_FRONT/n008-2018-09-18-14-43-59-0400__CAM_FRONT__1537296366262404.jpg", "samples/CAM_FRONT_RIGHT/n008-2018-09-18-14-43-59-0400__CAM_FRONT_RIGHT__1537296366270482.jpg", "samples/CAM_BACK_LEFT/n008-2018-09-18-14-43-59-0400__CAM_BACK_LEFT__1537296366297405.jpg", "samples/CAM_BACK/n008-2018-09-18-14-43-59-0400__CAM_BACK__1537296366287558.jpg", "samples/CAM_BACK_RIGHT/n008-2018-09-18-14-43-59-0400__CAM_BACK_RIGHT__1537296366278113.jpg"], "intrinsics": [[[1257.8625342125129, 0.0, 827.2410631095686], [0.0, 1257.8625342125129, 450.915498205774], [0.0, 0.0, 1.0]], [[1252.8131021185304, 0.0, 826.588114781398], [0.0, 1252.8131021185304, 469.9846626224581], [0.0, 0.0, 1.0]], [[1256.7485116440405, 0.0, 817.7887570959712], [0.0, 1256.7485116440403, 451.9541780095127], [0.0, 0.0, 1.0]], [[1254.9860565800168, 0.0, 829.5769333630991], [0.0, 1254.9860565800168, 467.1680561863987], [0.0, 0.0, 1.0]], [[796.8910634503094, 0.0, 857.7774326863696], [0.0, 796.8910634503094, 476.8848988407415], [0.0, 0.0, 1.0]], [[1249.9629280788233, 0.0, 825.3768045375984], [0.0, 1249.9629280788233, 462.54816385708756], [0.0, 0.0, 1.0]]], "extrinsics": [[[0.8221951723098755, -0.5684674382209778, -0.02898123301565647, -0.7425537109375], [-0.0288369283080101, 0.009250063449144363, -0.9995413422584534, 1.4791107177734375], [0.5684747695922852, 0.8226537704467773, -0.008787496946752071, -1.15484619140625], [0.0, 0.0, 0.0, 1.0]], [[0.010373658500611782, -0.9999317526817322, -0.005360941868275404, 0.010406494140625], [-0.027193637564778328, 0.00507713807746768, -0.999617338180542, 1.4729461669921875], [0.9995762705802917, 0.0105154262855649, -0.02713911421597004, -1.469970703125], [0.0, 0.0, 0.0, 1.0]], [[-0.8437776565551758, -0.5363779664039612, 0.01838361658155918, 0.916015625], [-0.019420556724071503, -0.003716397099196911, -0.9998044371604919, 1.4890365600585938], [0.5363414287567139, -0.8439696431159973, -0.007280947174876928, -1.1644287109375], [0.0, 0.0, 0.0, 1.0]], [[0.9471913576126099, 0.31820958852767944, -0.039638299494981766, -1.1265869140625], [-0.04547794163227081, 0.010940595529973507, -0.9989054203033447, 1.5612106323242188], [-0.3174276053905487, 0.9479571580886841, 0.02483435720205307, -0.162109375], [0.0, 0.0, 0.0, 1.0]], [[0.00953106489032507, 0.9999493360519409, 0.003229325171560049, -0.02886962890625], [-0.043239742517471313, 0.0036385860294103622, -0.9990580677986145, 1.5642547607421875], [-0.9990192651748657, 0.009382407180964947, 0.0432722344994545, -0.04345703125], [0.0, 0.0, 0.0, 1.0]], [[-0.9233121871948242, 0.3829941749572754, 0.028459640219807625, 1.017333984375], [-0.038642797619104385, -0.018919561058282852, -0.9990739226341248, 1.5418663024902344], [-0.38210102915763855, -0.9235569834709167, 0.03226862847805023, -0.10150146484375], [0.0, 0.0, 0.0, 1.0]]], "view": [[0.0, -2.0, 100.0], [-2.0, 0.0, 100.0], [0.0, 0.0, 1.0]], "bev": "bev_5e4054930cbd4ec2a6b6a4042d7bb0fa.png", "aux": "aux_5e4054930cbd4ec2a6b6a4042d7bb0fa.npz", "visibility": "visibility_5e4054930cbd4ec2a6b6a4042d7bb0fa.png", "pose": [[-0.6542556285858154, 0.7562734484672546, 0.0, 1292.52880859375], [-0.7562734484672546, -0.6542556285858154, 0.0, 1060.271484375], [0.0, 0.0, 1.0, 0.0], [0.0, 0.0, 0.0, 1.0]], "pose_inverse": [[-0.6542556285858154, -0.7562734484672546, 0.0, 1647.49951171875], [0.7562734484672546, -0.6542556285858154, 0.0, -283.8166198730469], [0.0, 0.0, 1.0, 0.0], [0.0, 0.0, 0.0, 1.0]], "cam_ids": [0, 1, 2, 3, 4, 5], "cam_channels": ["CAM_FRONT_LEFT", "CAM_FRONT", "CAM_FRONT_RIGHT", "CAM_BACK_LEFT", "CAM_BACK", "CAM_BACK_RIGHT"], "token": "5e4054930cbd4ec2a6b6a4042d7bb0fa", "scene": "scene-0641"}, {"images": ["samples/CAM_FRONT_LEFT/n008-2018-09-18-14-43-59-0400__CAM_FRONT_LEFT__1537296366754799.jpg", "samples/CAM_FRONT/n008-2018-09-18-14-43-59-0400__CAM_FRONT__1537296366762404.jpg", "samples/CAM_FRONT_RIGHT/n008-2018-09-18-14-43-59-0400__CAM_FRONT_RIGHT__1537296366770482.jpg", "samples/CAM_BACK_LEFT/n008-2018-09-18-14-43-59-0400__CAM_BACK_LEFT__1537296366797405.jpg", "samples/CAM_BACK/n008-2018-09-18-14-43-59-0400__CAM_BACK__1537296366787558.jpg", "samples/CAM_BACK_RIGHT/n008-2018-09-18-14-43-59-0400__CAM_BACK_RIGHT__1537296366778113.jpg"], "intrinsics": [[[1257.8625342125129, 0.0, 827.2410631095686], [0.0, 1257.8625342125129, 450.915498205774], [0.0, 0.0, 1.0]], [[1252.8131021185304, 0.0, 826.588114781398], [0.0, 1252.8131021185304, 469.9846626224581], [0.0, 0.0, 1.0]], [[1256.7485116440405, 0.0, 817.7887570959712], [0.0, 1256.7485116440403, 451.9541780095127], [0.0, 0.0, 1.0]], [[1254.9860565800168, 0.0, 829.5769333630991], [0.0, 1254.9860565800168, 467.1680561863987], [0.0, 0.0, 1.0]], [[796.8910634503094, 0.0, 857.7774326863696], [0.0, 796.8910634503094, 476.8848988407415], [0.0, 0.0, 1.0]], [[1249.9629280788233, 0.0, 825.3768045375984], [0.0, 1249.9629280788233, 462.54816385708756], [0.0, 0.0, 1.0]]], "extrinsics": [[[0.8225192427635193, -0.5686197876930237, -0.011556351557374, -0.7322998046875], [-0.01047387532889843, 0.0051714698784053326, -0.9999317526817322, 1.4848270416259766], [0.5686408281326294, 0.8225842714309692, -0.001702021574601531, -1.14727783203125], [0.0, 0.0, 0.0, 1.0]], [[0.010303123854100704, -0.9999465346336365, -0.0008035200298763812, 0.009857177734375], [-0.007810347247868776, 0.0007230631890706718, -0.9999692440032959, 1.47802734375], [0.9999163746833801, 0.010309099219739437, -0.007802480831742287, -1.461181640625], [0.0, 0.0, 0.0, 1.0]], [[-0.8440107107162476, -0.5363143086433411, 0.0036103103775531054, 0.9102783203125], [0.000996874296106398, -0.008300279267132282, -0.9999650716781616, 1.4932966232299805], [0.5363255143165588, -0.8439775705337524, 0.0075401621870696545, -1.1614990234375], [0.0, 0.0, 0.0, 1.0]], [[0.9477311968803406, 0.3185090720653534, -0.018909022212028503, -1.1259765625], [-0.02198573388159275, 0.006067210808396339, -0.9997398853302002, 1.5616264343261719], [-0.31831151247024536, 0.9479004144668579, 0.012752740643918514, -0.162109375], [0.0, 0.0, 0.0, 1.0]], [[0.009225035086274147, 0.9999564290046692, -0.0014268573140725493, -0.028564453125], [-0.020696163177490234, -0.0012356804218143225, -0.9997850060462952, 1.566192626953125], [-0.9997432827949524, 0.009252572432160378, 0.020683862268924713, -0.0460205078125], [0.0, 0.0, 0.0, 1.0]], [[-0.9237346053123474, 0.3829704225063324, 0.006940397433936596, 1.013427734375], [-0.017315616831183434, -0.023650959134101868, -0.9995703101158142, 1.5450801849365234], [-0.38264167308807373, -0.9234578013420105, 0.028478574007749557, -0.103668212890625], [0.0, 0.0, 0.0, 1.0]]], "view": [[0.0, -2.0, 100.0], [-2.0, 0.0, 100.0], [0.0, 0.0, 1.0]], "bev": "bev_13d89f22069042dcae741bdf4a59d2bd.png", "aux": "aux_13d89f22069042dcae741bdf4a59d2bd.npz", "visibility": "visibility_13d89f22069042dcae741bdf4a59d2bd.png", "pose": [[-0.652738094329834, 0.7575836777687073, 0.0, 1290.1845703125], [-0.7575836777687073, -0.652738094329834, 0.0, 1057.5714111328125], [0.0, 0.0, 1.0, 0.0], [0.0, 0.0, 0.0, 1.0]], "pose_inverse": [[-0.652738094329834, -0.7575836777687073, 0.0, 1643.3514404296875], [0.7575836777687073, -0.652738094329834, 0.0, -287.1055908203125], [0.0, 0.0, 1.0, 0.0], [0.0, 0.0, 0.0, 1.0]], "cam_ids": [0, 1, 2, 3, 4, 5], "cam_channels": ["CAM_FRONT_LEFT", "CAM_FRONT", "CAM_FRONT_RIGHT", "CAM_BACK_LEFT", "CAM_BACK", "CAM_BACK_RIGHT"], "token": "13d89f22069042dcae741bdf4a59d2bd", "scene": "scene-0641"}, {"images": ["samples/CAM_FRONT_LEFT/n008-2018-09-18-14-43-59-0400__CAM_FRONT_LEFT__1537296367254799.jpg", "samples/CAM_FRONT/n008-2018-09-18-14-43-59-0400__CAM_FRONT__1537296367262404.jpg", "samples/CAM_FRONT_RIGHT/n008-2018-09-18-14-43-59-0400__CAM_FRONT_RIGHT__1537296367270482.jpg", "samples/CAM_BACK_LEFT/n008-2018-09-18-14-43-59-0400__CAM_BACK_LEFT__1537296367297405.jpg", "samples/CAM_BACK/n008-2018-09-18-14-43-59-0400__CAM_BACK__1537296367287558.jpg", "samples/CAM_BACK_RIGHT/n008-2018-09-18-14-43-59-0400__CAM_BACK_RIGHT__1537296367278113.jpg"], "intrinsics": [[[1257.8625342125129, 0.0, 827.2410631095686], [0.0, 1257.8625342125129, 450.915498205774], [0.0, 0.0, 1.0]], [[1252.8131021185304, 0.0, 826.588114781398], [0.0, 1252.8131021185304, 469.9846626224581], [0.0, 0.0, 1.0]], [[1256.7485116440405, 0.0, 817.7887570959712], [0.0, 1256.7485116440403, 451.9541780095127], [0.0, 0.0, 1.0]], [[1254.9860565800168, 0.0, 829.5769333630991], [0.0, 1254.9860565800168, 467.1680561863987], [0.0, 0.0, 1.0]], [[796.8910634503094, 0.0, 857.7774326863696], [0.0, 796.8910634503094, 476.8848988407415], [0.0, 0.0, 1.0]], [[1249.9629280788233, 0.0, 825.3768045375984], [0.0, 1249.9629280788233, 462.54816385708756], [0.0, 0.0, 1.0]]], "extrinsics": [[[0.8223397731781006, -0.5687559247016907, -0.016554806381464005, -0.7158203125], [-0.01757260411977768, 0.0036948849447071552, -0.9998387694358826, 1.4821510314941406], [0.5687254071235657, 0.822498083114624, -0.006956071592867374, -1.13818359375], [0.0, 0.0, 0.0, 1.0]], [[0.010259147733449936, -0.9999473094940186, 0.0004585613205563277, 0.01263427734375], [-0.015708141028881073, -0.0006196889444254339, -0.9998764395713806, 1.4756107330322266], [0.9998239874839783, 0.010250716470181942, -0.01571367308497429, -1.44482421875], [0.0, 0.0, 0.0, 1.0]], [[-0.8439731001853943, -0.5362577438354492, 0.011708280071616173, 0.8997802734375], [-0.007843464612960815, -0.009487446397542953, -0.9999241828918457, 1.4913129806518555], [0.5363282561302185, -0.8440009951591492, 0.0038010303396731615, -1.1522216796875], [0.0, 0.0, 0.0, 1.0]], [[0.9474958181381226, 0.3183388411998749, -0.030198901891708374, -1.12255859375], [-0.03343179076910019, 0.004695610608905554, -0.9994299411773682, 1.561279296875], [-0.31801557540893555, 0.9479653835296631, 0.015091710723936558, -0.16375732421875], [0.0, 0.0, 0.0, 1.0]], [[0.009325296618044376, 0.9999530911445618, -0.002649376168847084, -0.029541015625], [-0.031232688575983047, -0.002356932032853365, -0.9995092749595642, 1.5650100708007812], [-0.9994686841964722, 0.00940348207950592, 0.031209241598844528, -0.053466796875], [0.0, 0.0, 0.0, 1.0]], [[-0.923591136932373, 0.38306495547294617, 0.015513909980654716, 1.00244140625], [-0.027037128806114197, -0.024715788662433624, -0.9993288516998291, 1.5432853698730469], [-0.3824244439601898, -0.9233906865119934, 0.03318425640463829, -0.106201171875], [0.0, 0.0, 0.0, 1.0]]], "view": [[0.0, -2.0, 100.0], [-2.0, 0.0, 100.0], [0.0, 0.0, 1.0]], "bev": "bev_d7b7b8f3a1ea46b38a7e8837a642b53c.png", "aux": "aux_d7b7b8f3a1ea46b38a7e8837a642b53c.npz", "visibility": "visibility_d7b7b8f3a1ea46b38a7e8837a642b53c.png", "pose": [[-0.6501752734184265, 0.7597842812538147, 0.0, 1287.8026123046875], [-0.7597842812538147, -0.6501752734184265, 0.0, 1054.8150634765625], [0.0, 0.0, 1.0, 0.0], [0.0, 0.0, 0.0, 1.0]], "pose_inverse": [[-0.6501752734184265, -0.7597842812538147, 0.0, 1638.729248046875], [0.7597842812538147, -0.6501752734184265, 0.0, -292.6374816894531], [0.0, 0.0, 1.0, 0.0], [0.0, 0.0, 0.0, 1.0]], "cam_ids": [0, 1, 2, 3, 4, 5], "cam_channels": ["CAM_FRONT_LEFT", "CAM_FRONT", "CAM_FRONT_RIGHT", "CAM_BACK_LEFT", "CAM_BACK", "CAM_BACK_RIGHT"], "token": "d7b7b8f3a1ea46b38a7e8837a642b53c", "scene": "scene-0641"}, {"images": ["samples/CAM_FRONT_LEFT/n008-2018-09-18-14-43-59-0400__CAM_FRONT_LEFT__1537296367754799.jpg", "samples/CAM_FRONT/n008-2018-09-18-14-43-59-0400__CAM_FRONT__1537296367762404.jpg", "samples/CAM_FRONT_RIGHT/n008-2018-09-18-14-43-59-0400__CAM_FRONT_RIGHT__1537296367770482.jpg", "samples/CAM_BACK_LEFT/n008-2018-09-18-14-43-59-0400__CAM_BACK_LEFT__1537296367797405.jpg", "samples/CAM_BACK/n008-2018-09-18-14-43-59-0400__CAM_BACK__1537296367787558.jpg", "samples/CAM_BACK_RIGHT/n008-2018-09-18-14-43-59-0400__CAM_BACK_RIGHT__1537296367778113.jpg"], "intrinsics": [[[1257.8625342125129, 0.0, 827.2410631095686], [0.0, 1257.8625342125129, 450.915498205774], [0.0, 0.0, 1.0]], [[1252.8131021185304, 0.0, 826.588114781398], [0.0, 1252.8131021185304, 469.9846626224581], [0.0, 0.0, 1.0]], [[1256.7485116440405, 0.0, 817.7887570959712], [0.0, 1256.7485116440403, 451.9541780095127], [0.0, 0.0, 1.0]], [[1254.9860565800168, 0.0, 829.5769333630991], [0.0, 1254.9860565800168, 467.1680561863987], [0.0, 0.0, 1.0]], [[796.8910634503094, 0.0, 857.7774326863696], [0.0, 796.8910634503094, 476.8848988407415], [0.0, 0.0, 1.0]], [[1249.9629280788233, 0.0, 825.3768045375984], [0.0, 1249.9629280788233, 462.54816385708756], [0.0, 0.0, 1.0]]], "extrinsics": [[[0.8221421837806702, -0.569175124168396, -0.011042609810829163, -0.7166748046875], [-0.015465219505131245, -0.00293999002315104, -0.999876081943512, 1.4828758239746094], [0.5690721273422241, 0.8222110867500305, -0.011219508945941925, -1.13427734375], [0.0, 0.0, 0.0, 1.0]], [[0.009903613477945328, -0.9999253153800964, 0.00714939646422863, 0.008697509765625], [-0.013792543672025204, -0.007285666186362505, -0.9998783469200134, 1.4761524200439453], [0.9998557567596436, 0.009803909808397293, -0.013863671571016312, -1.4437255859375], [0.0, 0.0, 0.0, 1.0]], [[-0.8441252708435059, -0.5359683036804199, 0.013796740211546421, 0.8975830078125], [-0.00610721530392766, -0.016119297593832016, -0.999851405620575, 1.4916815757751465], [0.5361111164093018, -0.8440842032432556, 0.01033343467861414, -1.1546630859375], [0.0, 0.0, 0.0, 1.0]], [[0.9474772810935974, 0.3182779848575592, -0.03139965981245041, -1.123291015625], [-0.03275575861334801, -0.0010916674509644508, -0.9994627833366394, 1.5613250732421875], [-0.31814125180244446, 0.9479967355728149, 0.00939110666513443, -0.16302490234375], [0.0, 0.0, 0.0, 1.0]], [[0.009338179603219032, 0.9999170899391174, -0.008857029490172863, -0.02813720703125], [-0.030183089897036552, -0.008571522310376167, -0.9995076060295105, 1.5651168823242188], [-0.9995006918907166, 0.009600941091775894, 0.03010055050253868, -0.053466796875], [0.0, 0.0, 0.0, 1.0]], [[-0.9235601425170898, 0.38327789306640625, 0.01160520501434803, 1.0032958984375], [-0.02551429532468319, -0.031225962564349174, -0.999186635017395, 1.543478012084961], [-0.3826036751270294, -0.9231051206588745, 0.038618121296167374, -0.108612060546875], [0.0, 0.0, 0.0, 1.0]]], "view": [[0.0, -2.0, 100.0], [-2.0, 0.0, 100.0], [0.0, 0.0, 1.0]], "bev": "bev_07661a7945b246f9a03b749b147dbb77.png", "aux": "aux_07661a7945b246f9a03b749b147dbb77.npz", "visibility": "visibility_07661a7945b246f9a03b749b147dbb77.png", "pose": [[-0.6466586589813232, 0.7627794742584229, 0.0, 1285.31201171875], [-0.7627794742584229, -0.6466586589813232, 0.0, 1051.912109375], [0.0, 0.0, 1.0, 0.0], [0.0, 0.0, 0.0, 1.0]], "pose_inverse": [[-0.6466586589813232, -0.7627794742584229, 0.0, 1633.53515625], [0.7627794742584229, -0.6466586589813232, 0.0, -300.1815490722656], [0.0, 0.0, 1.0, 0.0], [0.0, 0.0, 0.0, 1.0]], "cam_ids": [0, 1, 2, 3, 4, 5], "cam_channels": ["CAM_FRONT_LEFT", "CAM_FRONT", "CAM_FRONT_RIGHT", "CAM_BACK_LEFT", "CAM_BACK", "CAM_BACK_RIGHT"], "token": "07661a7945b246f9a03b749b147dbb77", "scene": "scene-0641"}, {"images": ["samples/CAM_FRONT_LEFT/n008-2018-09-18-14-43-59-0400__CAM_FRONT_LEFT__1537296368354799.jpg", "samples/CAM_FRONT/n008-2018-09-18-14-43-59-0400__CAM_FRONT__1537296368362404.jpg", "samples/CAM_FRONT_RIGHT/n008-2018-09-18-14-43-59-0400__CAM_FRONT_RIGHT__1537296368370482.jpg", "samples/CAM_BACK_LEFT/n008-2018-09-18-14-43-59-0400__CAM_BACK_LEFT__1537296368397405.jpg", "samples/CAM_BACK/n008-2018-09-18-14-43-59-0400__CAM_BACK__1537296368387558.jpg", "samples/CAM_BACK_RIGHT/n008-2018-09-18-14-43-59-0400__CAM_BACK_RIGHT__1537296368378113.jpg"], "intrinsics": [[[1257.8625342125129, 0.0, 827.2410631095686], [0.0, 1257.8625342125129, 450.915498205774], [0.0, 0.0, 1.0]], [[1252.8131021185304, 0.0, 826.588114781398], [0.0, 1252.8131021185304, 469.9846626224581], [0.0, 0.0, 1.0]], [[1256.7485116440405, 0.0, 817.7887570959712], [0.0, 1256.7485116440403, 451.9541780095127], [0.0, 0.0, 1.0]], [[1254.9860565800168, 0.0, 829.5769333630991], [0.0, 1254.9860565800168, 467.1680561863987], [0.0, 0.0, 1.0]], [[796.8910634503094, 0.0, 857.7774326863696], [0.0, 796.8910634503094, 476.8848988407415], [0.0, 0.0, 1.0]], [[1249.9629280788233, 0.0, 825.3768045375984], [0.0, 1249.9629280788233, 462.54816385708756], [0.0, 0.0, 1.0]]], "extrinsics": [[[0.8217535614967346, -0.5692904591560364, -0.025089852511882782, -0.7137451171875], [-0.02853655070066452, 0.002862371038645506, -0.999588668346405, 1.4781913757324219], [0.569128155708313, 0.8221315741539001, -0.013893420808017254, -1.1318359375], [0.0, 0.0, 0.0, 1.0]], [[0.009574361145496368, -0.9999537467956543, 0.0008889982709661126, 0.007659912109375], [-0.025906769558787346, -0.0011367914266884327, -0.999663770198822, 1.4725189208984375], [0.9996184706687927, 0.009548014961183071, -0.02591645158827305, -1.439697265625], [0.0, 0.0, 0.0, 1.0]], [[-0.8441444635391235, -0.5357562899589539, 0.019631218165159225, 0.89453125], [-0.017079293727874756, -0.009724637493491173, -0.999806821346283, 1.489105224609375], [0.5358436703681946, -0.8443166613578796, -0.0009413380757905543, -1.1534423828125], [0.0, 0.0, 0.0, 1.0]], [[0.9473443627357483, 0.31820419430732727, -0.03584437072277069, -1.1231689453125], [-0.039760835468769073, 0.0058194794692099094, -0.9991922974586487, 1.5611724853515625], [-0.3177386224269867, 0.9480043053627014, 0.018165118992328644, -0.16302490234375], [0.0, 0.0, 0.0, 1.0]], [[0.009627945721149445, 0.9999512434005737, -0.002218143315985799, -0.02777099609375], [-0.038661956787109375, -0.001844335114583373, -0.999250590801239, 1.5642433166503906], [-0.999206006526947, 0.009706428274512291, 0.03864230960607529, -0.0543212890625], [0.0, 0.0, 0.0, 1.0]], [[-0.9232532382011414, 0.38349422812461853, 0.023142509162425995, 1.0013427734375], [-0.03529757261276245, -0.024687647819519043, -0.9990718364715576, 1.5417137145996094], [-0.3825669288635254, -0.9232132434844971, 0.03632936626672745, -0.110015869140625], [0.0, 0.0, 0.0, 1.0]]], "view": [[0.0, -2.0, 100.0], [-2.0, 0.0, 100.0], [0.0, 0.0, 1.0]], "bev": "bev_e12c3e6dc55742f6baf2c7a4b0fe43c5.png", "aux": "aux_e12c3e6dc55742f6baf2c7a4b0fe43c5.npz", "visibility": "visibility_e12c3e6dc55742f6baf2c7a4b0fe43c5.png", "pose": [[-0.6433666348457336, 0.7655582427978516, 0.0, 1282.297119140625], [-0.7655582427978516, -0.6433666348457336, 0.0, 1048.330078125], [0.0, 0.0, 1.0, 0.0], [0.0, 0.0, 0.0, 1.0]], "pose_inverse": [[-0.6433666348457336, -0.7655582427978516, 0.0, 1627.544921875], [0.7655582427978516, -0.6433666348457336, 0.0, -307.2125549316406], [0.0, 0.0, 1.0, 0.0], [0.0, 0.0, 0.0, 1.0]], "cam_ids": [0, 1, 2, 3, 4, 5], "cam_channels": ["CAM_FRONT_LEFT", "CAM_FRONT", "CAM_FRONT_RIGHT", "CAM_BACK_LEFT", "CAM_BACK", "CAM_BACK_RIGHT"], "token": "e12c3e6dc55742f6baf2c7a4b0fe43c5", "scene": "scene-0641"}, {"images": ["samples/CAM_FRONT_LEFT/n008-2018-09-18-14-43-59-0400__CAM_FRONT_LEFT__1537296368854799.jpg", "samples/CAM_FRONT/n008-2018-09-18-14-43-59-0400__CAM_FRONT__1537296368862404.jpg", "samples/CAM_FRONT_RIGHT/n008-2018-09-18-14-43-59-0400__CAM_FRONT_RIGHT__1537296368870482.jpg", "samples/CAM_BACK_LEFT/n008-2018-09-18-14-43-59-0400__CAM_BACK_LEFT__1537296368897405.jpg", "samples/CAM_BACK/n008-2018-09-18-14-43-59-0400__CAM_BACK__1537296368887558.jpg", "samples/CAM_BACK_RIGHT/n008-2018-09-18-14-43-59-0400__CAM_BACK_RIGHT__1537296368878113.jpg"], "intrinsics": [[[1257.8625342125129, 0.0, 827.2410631095686], [0.0, 1257.8625342125129, 450.915498205774], [0.0, 0.0, 1.0]], [[1252.8131021185304, 0.0, 826.588114781398], [0.0, 1252.8131021185304, 469.9846626224581], [0.0, 0.0, 1.0]], [[1256.7485116440405, 0.0, 817.7887570959712], [0.0, 1256.7485116440403, 451.9541780095127], [0.0, 0.0, 1.0]], [[1254.9860565800168, 0.0, 829.5769333630991], [0.0, 1254.9860565800168, 467.1680561863987], [0.0, 0.0, 1.0]], [[796.8910634503094, 0.0, 857.7774326863696], [0.0, 796.8910634503094, 476.8848988407415], [0.0, 0.0, 1.0]], [[1249.9629280788233, 0.0, 825.3768045375984], [0.0, 1249.9629280788233, 462.54816385708756], [0.0, 0.0, 1.0]]], "extrinsics": [[[0.8224003314971924, -0.5686508417129517, -0.017140157520771027, -0.703369140625], [-0.015281617641448975, 0.008036555722355843, -0.999850869178772, 1.4826984405517578], [0.568703830242157, 0.8225396871566772, -0.0020806421525776386, -1.1285400390625], [0.0, 0.0, 0.0, 1.0]], [[0.010140595026314259, -0.9999410510063171, -0.0038590168114751577, 0.01141357421875], [-0.012742927297949791, 0.003729675430804491, -0.999911904335022, 1.476287841796875], [0.9998673796653748, 0.010188882239162922, -0.012704356573522091, -1.4315185546875], [0.0, 0.0, 0.0, 1.0]], [[-0.8440678119659424, -0.5362011194229126, 0.006151651032269001, 0.890625], [-0.004004418384283781, -0.005168803967535496, -0.9999786019325256, 1.4921293258666992], [0.5362215042114258, -0.8440744280815125, 0.0022156471386551857, -1.14794921875], [0.0, 0.0, 0.0, 1.0]], [[0.9476693868637085, 0.3184419274330139, -0.022749213501811028, -1.1234130859375], [-0.027101831510663033, 0.009244044311344624, -0.9995899200439453, 1.5614547729492188], [-0.3181009888648987, 0.9478972554206848, 0.0173906572163105, -0.1630859375], [0.0, 0.0, 0.0, 1.0]], [[0.00936201959848404, 0.9999546408653259, 0.0017680363962426782, -0.028961181640625], [-0.02581951394677162, 0.002009257674217224, -0.9996646046638489, 1.5654525756835938], [-0.9996228218078613, 0.009313291870057583, 0.02583715319633484, -0.0562744140625], [0.0, 0.0, 0.0, 1.0]], [[-0.9236307740211487, 0.3830691874027252, 0.012815238907933235, 0.9967041015625], [-0.022345488891005516, -0.020439179614186287, -0.9995413422584534, 1.5438976287841797], [-0.3826315104961395, -0.9234934449195862, 0.027438122779130936, -0.1097412109375], [0.0, 0.0, 0.0, 1.0]]], "view": [[0.0, -2.0, 100.0], [-2.0, 0.0, 100.0], [0.0, 0.0, 1.0]], "bev": "bev_973e2ca3c17147329fcb9512803bc78b.png", "aux": "aux_973e2ca3c17147329fcb9512803bc78b.npz", "visibility": "visibility_973e2ca3c17147329fcb9512803bc78b.png", "pose": [[-0.6420382857322693, 0.7666725516319275, 0.0, 1279.7113037109375], [-0.7666725516319275, -0.6420382857322693, 0.0, 1045.2752685546875], [0.0, 0.0, 1.0, 0.0], [0.0, 0.0, 0.0, 1.0]], "pose_inverse": [[-0.6420382857322693, -0.7666725516319275, 0.0, 1623.007568359375], [0.7666725516319275, -0.6420382857322693, 0.0, -310.0128173828125], [0.0, 0.0, 1.0, 0.0], [0.0, 0.0, 0.0, 1.0]], "cam_ids": [0, 1, 2, 3, 4, 5], "cam_channels": ["CAM_FRONT_LEFT", "CAM_FRONT", "CAM_FRONT_RIGHT", "CAM_BACK_LEFT", "CAM_BACK", "CAM_BACK_RIGHT"], "token": "973e2ca3c17147329fcb9512803bc78b", "scene": "scene-0641"}, {"images": ["samples/CAM_FRONT_LEFT/n008-2018-09-18-14-43-59-0400__CAM_FRONT_LEFT__1537296369354799.jpg", "samples/CAM_FRONT/n008-2018-09-18-14-43-59-0400__CAM_FRONT__1537296369362404.jpg", "samples/CAM_FRONT_RIGHT/n008-2018-09-18-14-43-59-0400__CAM_FRONT_RIGHT__1537296369370482.jpg", "samples/CAM_BACK_LEFT/n008-2018-09-18-14-43-59-0400__CAM_BACK_LEFT__1537296369397405.jpg", "samples/CAM_BACK/n008-2018-09-18-14-43-59-0400__CAM_BACK__1537296369387558.jpg", "samples/CAM_BACK_RIGHT/n008-2018-09-18-14-43-59-0400__CAM_BACK_RIGHT__1537296369378113.jpg"], "intrinsics": [[[1257.8625342125129, 0.0, 827.2410631095686], [0.0, 1257.8625342125129, 450.915498205774], [0.0, 0.0, 1.0]], [[1252.8131021185304, 0.0, 826.588114781398], [0.0, 1252.8131021185304, 469.9846626224581], [0.0, 0.0, 1.0]], [[1256.7485116440405, 0.0, 817.7887570959712], [0.0, 1256.7485116440403, 451.9541780095127], [0.0, 0.0, 1.0]], [[1254.9860565800168, 0.0, 829.5769333630991], [0.0, 1254.9860565800168, 467.1680561863987], [0.0, 0.0, 1.0]], [[796.8910634503094, 0.0, 857.7774326863696], [0.0, 796.8910634503094, 476.8848988407415], [0.0, 0.0, 1.0]], [[1249.9629280788233, 0.0, 825.3768045375984], [0.0, 1249.9629280788233, 462.54816385708756], [0.0, 0.0, 1.0]]], "extrinsics": [[[0.8236128091812134, -0.5671234130859375, -0.005746675655245781, -0.7100830078125], [-0.010058237239718437, -0.0044748010113835335, -0.9999393820762634, 1.4847345352172852], [0.5670633316040039, 0.8236206769943237, -0.009389765560626984, -1.13458251953125], [0.0, 0.0, 0.0, 1.0]], [[0.011929100379347801, -0.9998911619186401, 0.008679832331836224, 0.011688232421875], [-0.00751922745257616, -0.00876990519464016, -0.9999333024024963, 1.4779701232910156], [0.9999005794525146, 0.011863077990710735, -0.007623026147484779, -1.439453125], [0.0, 0.0, 0.0, 1.0]], [[-0.8433115482330322, -0.5373587608337402, 0.008436045609414577, 0.8968505859375], [0.0012090207310393453, -0.017594046890735626, -0.9998444318771362, 1.4933857917785645], [0.5374235510826111, -0.843170166015625, 0.01548694260418415, -1.151611328125], [0.0, 0.0, 0.0, 1.0]], [[0.9476649165153503, 0.31856098771095276, -0.021215559914708138, -1.1282958984375], [-0.02150231972336769, -0.002616736339405179, -0.9997653961181641, 1.5616912841796875], [-0.3185417354106903, 0.9478987455368042, 0.0043700141832232475, -0.161376953125], [0.0, 0.0, 0.0, 1.0]], [[0.008605722337961197, 0.9999096989631653, -0.01031449157744646, -0.02886962890625], [-0.02034858986735344, -0.010137624107301235, -0.99974155426025