[{"images": ["samples/CAM_FRONT_LEFT/n008-2018-09-18-15-12-01-0400__CAM_FRONT_LEFT__1537298085654799.jpg", "samples/CAM_FRONT/n008-2018-09-18-15-12-01-0400__CAM_FRONT__1537298085662404.jpg", "samples/CAM_FRONT_RIGHT/n008-2018-09-18-15-12-01-0400__CAM_FRONT_RIGHT__1537298085670482.jpg", "samples/CAM_BACK_LEFT/n008-2018-09-18-15-12-01-0400__CAM_BACK_LEFT__1537298085697405.jpg", "samples/CAM_BACK/n008-2018-09-18-15-12-01-0400__CAM_BACK__1537298085688151.jpg", "samples/CAM_BACK_RIGHT/n008-2018-09-18-15-12-01-0400__CAM_BACK_RIGHT__1537298085678113.jpg"], "intrinsics": [[[1257.8625342125129, 0.0, 827.2410631095686], [0.0, 1257.8625342125129, 450.915498205774], [0.0, 0.0, 1.0]], [[1252.8131021185304, 0.0, 826.588114781398], [0.0, 1252.8131021185304, 469.9846626224581], [0.0, 0.0, 1.0]], [[1256.7485116440405, 0.0, 817.7887570959712], [0.0, 1256.7485116440403, 451.9541780095127], [0.0, 0.0, 1.0]], [[1254.9860565800168, 0.0, 829.5769333630991], [0.0, 1254.9860565800168, 467.1680561863987], [0.0, 0.0, 1.0]], [[796.8910634503094, 0.0, 857.7774326863696], [0.0, 796.8910634503094, 476.8848988407415], [0.0, 0.0, 1.0]], [[1249.9629280788233, 0.0, 825.3768045375984], [0.0, 1249.9629280788233, 462.54816385708756], [0.0, 0.0, 1.0]]], "extrinsics": [[[0.8216656446456909, -0.5695724487304688, -0.02127644419670105, -0.6944580078125], [-0.01605299860239029, 0.014188469387590885, -0.99977046251297, 1.4822196960449219], [0.5697436332702637, 0.8218186497688293, 0.0025148328859359026, -1.12237548828125], [0.0, 0.0, 0.0, 1.0]], [[0.009066808968782425, -0.9999071359634399, -0.010168379172682762, 0.0107421875], [-0.01393484603613615, 0.010041465051472187, -0.9998524785041809, 1.475809097290039], [0.9998617768287659, 0.009207080118358135, -0.013842510990798473, -1.4241943359375], [0.0, 0.0, 0.0, 1.0]], [[-0.844538152217865, -0.5354788303375244, 0.0042046536691486835, 0.8873291015625], [-0.005801014602184296, 0.0012971515534445643, -0.9999823570251465, 1.4916672706604004], [0.5354639291763306, -0.8445475697517395, -0.00420181592926383, -1.146484375], [0.0, 0.0, 0.0, 1.0]], [[0.9476314783096313, 0.31846246123313904, -0.024004891514778137, -1.132568359375], [-0.03078693524003029, 0.01627928391098976, -0.9993933439254761, 1.561676025390625], [-0.31787851452827454, 0.9477956295013428, 0.025231247767806053, -0.159912109375], [0.0, 0.0, 0.0, 1.0]], [[0.009801140055060387, 0.999915361404419, 0.00855468399822712, -0.028594970703125], [-0.02882375381886959, 0.008834048174321651, -0.9995453953742981, 1.5654335021972656], [-0.999536395072937, 0.009550086222589016, 0.028907902538776398, -0.046630859375], [0.0, 0.0, 0.0, 1.0]], [[-0.9233271479606628, 0.3836100995540619, 0.01761726289987564, 0.9970703125], [-0.024807453155517578, -0.013803680427372456, -0.9995969533920288, 1.5434494018554688], [-0.38321223855018616, -0.9233919382095337, 0.02226170338690281, -0.110137939453125], [0.0, 0.0, 0.0, 1.0]]], "view": [[0.0, -2.0, 100.0], [-2.0, 0.0, 100.0], [0.0, 0.0, 1.0]], "bev": "bev_d056b9bdd56f44669540c6c323042d30.png", "aux": "aux_d056b9bdd56f44669540c6c323042d30.npz", "visibility": "visibility_d056b9bdd56f44669540c6c323042d30.png", "pose": [[-0.6240058541297913, 0.7814196348190308, 0.0, 1236.6507568359375], [-0.7814196348190308, -0.6240058541297913, 0.0, 997.1128540039062], [0.0, 0.0, 1.0, 0.0], [0.0, 0.0, 0.0, 1.0]], "pose_inverse": [[-0.6240058541297913, -0.7814196348190308, 0.0, 1550.8409423828125], [0.7814196348190308, -0.6240058541297913, 0.0, -344.1389465332031], [0.0, 0.0, 1.0, 0.0], [0.0, 0.0, 0.0, 1.0]], "cam_ids": [0, 1, 2, 3, 4, 5], "cam_channels": ["CAM_FRONT_LEFT", "CAM_FRONT", "CAM_FRONT_RIGHT", "CAM_BACK_LEFT", "CAM_BACK", "CAM_BACK_RIGHT"], "token": "d056b9bdd56f44669540c6c323042d30", "scene": "scene-0911"}, {"images": ["samples/CAM_FRONT_LEFT/n008-2018-09-18-15-12-01-0400__CAM_FRONT_LEFT__1537298086154799.jpg", "samples/CAM_FRONT/n008-2018-09-18-15-12-01-0400__CAM_FRONT__1537298086162404.jpg", "samples/CAM_FRONT_RIGHT/n008-2018-09-18-15-12-01-0400__CAM_FRONT_RIGHT__1537298086170482.jpg", "samples/CAM_BACK_LEFT/n008-2018-09-18-15-12-01-0400__CAM_BACK_LEFT__1537298086197405.jpg", "samples/CAM_BACK/n008-2018-09-18-15-12-01-0400__CAM_BACK__1537298086187558.jpg", "samples/CAM_BACK_RIGHT/n008-2018-09-18-15-12-01-0400__CAM_BACK_RIGHT__1537298086178113.jpg"], "intrinsics": [[[1257.8625342125129, 0.0, 827.2410631095686], [0.0, 1257.8625342125129, 450.915498205774], [0.0, 0.0, 1.0]], [[1252.8131021185304, 0.0, 826.588114781398], [0.0, 1252.8131021185304, 469.9846626224581], [0.0, 0.0, 1.0]], [[1256.7485116440405, 0.0, 817.7887570959712], [0.0, 1256.7485116440403, 451.9541780095127], [0.0, 0.0, 1.0]], [[1254.9860565800168, 0.0, 829.5769333630991], [0.0, 1254.9860565800168, 467.1680561863987], [0.0, 0.0, 1.0]], [[796.8910634503094, 0.0, 857.7774326863696], [0.0, 796.8910634503094, 476.8848988407415], [0.0, 0.0, 1.0]], [[1249.9629280788233, 0.0, 825.3768045375984], [0.0, 1249.9629280788233, 462.54816385708756], [0.0, 0.0, 1.0]]], "extrinsics": [[[0.8216226100921631, -0.5696895718574524, -0.019751902669668198, -0.6912841796875], [-0.01387103646993637, 0.014659073203802109, -0.9997962713241577, 1.4829845428466797], [0.5698631405830383, 0.8217292428016663, 0.004142040386795998, -1.1192626953125], [0.0, 0.0, 0.0, 1.0]], [[0.009028378874063492, -0.9999045133590698, -0.01045819092541933, 0.010589599609375], [-0.01184350810945034, 0.010350956581532955, -0.9998762607574463, 1.4764328002929688], [0.999889075756073, 0.009151214733719826, -0.011748925782740116, -1.421875], [0.0, 0.0, 0.0, 1.0]], [[-0.8445410132408142, -0.5354853272438049, 0.0024236254394054413, 0.88720703125], [-0.0037744122091680765, 0.0014268201775848866, -0.9999918341636658, 1.4921531677246094], [0.5354775190353394, -0.8445433378219604, -0.003226151689887047, -1.146484375], [0.0, 0.0, 0.0, 1.0]], [[0.9476922750473022, 0.31839555501937866, -0.022441308945417404, -1.1383056640625], [-0.028992634266614914, 0.01585148088634014, -0.9994539022445679, 1.5618667602539062], [-0.3178659677505493, 0.9478254318237305, 0.02425345405936241, -0.158203125], [0.0, 0.0, 0.0, 1.0]], [[0.009776981547474861, 0.9999175071716309, 0.008325634524226189, -0.0286865234375], [-0.026981443166732788, 0.00858679972589016, -0.999599039554596, 1.5655632019042969], [-0.9995881915092468, 0.009548378176987171, 0.027063170447945595, -0.048095703125], [0.0, 0.0, 0.0, 1.0]], [[-0.9233670830726624, 0.38359448313713074, 0.015763474628329277, 0.9984130859375], [-0.022819744423031807, -0.013850938528776169, -0.9996436238288879, 1.5438308715820312], [-0.38323935866355896, -0.9233977794647217, 0.021543027833104134, -0.10968017578125], [0.0, 0.0, 0.0, 1.0]]], "view": [[0.0, -2.0, 100.0], [-2.0, 0.0, 100.0], [0.0, 0.0, 1.0]], "bev": "bev_469c3f8300894d848d43aefcf7e6f39b.png", "aux": "aux_469c3f8300894d848d43aefcf7e6f39b.npz", "visibility": "visibility_469c3f8300894d848d43aefcf7e6f39b.png", "pose": [[-0.6146383881568909, 0.7888090014457703, 0.0, 1233.9683837890625], [-0.7888090014457703, -0.6146383881568909, 0.0, 993.7435302734375], [0.0, 0.0, 1.0, 0.0], [0.0, 0.0, 0.0, 1.0]], "pose_inverse": [[-0.6146383881568909, -0.7888090014457703, 0.0, 1542.3182373046875], [0.7888090014457703, -0.6146383881568909, 0.0, -362.5724792480469], [0.0, 0.0, 1.0, 0.0], [0.0, 0.0, 0.0, 1.0]], "cam_ids": [0, 1, 2, 3, 4, 5], "cam_channels": ["CAM_FRONT_LEFT", "CAM_FRONT", "CAM_FRONT_RIGHT", "CAM_BACK_LEFT", "CAM_BACK", "CAM_BACK_RIGHT"], "token": "469c3f8300894d848d43aefcf7e6f39b", "scene": "scene-0911"}, {"images": ["samples/CAM_FRONT_LEFT/n008-2018-09-18-15-12-01-0400__CAM_FRONT_LEFT__1537298086654799.jpg", "samples/CAM_FRONT/n008-2018-09-18-15-12-01-0400__CAM_FRONT__1537298086662404.jpg", "samples/CAM_FRONT_RIGHT/n008-2018-09-18-15-12-01-0400__CAM_FRONT_RIGHT__1537298086670482.jpg", "samples/CAM_BACK_LEFT/n008-2018-09-18-15-12-01-0400__CAM_BACK_LEFT__1537298086697405.jpg", "samples/CAM_BACK/n008-2018-09-18-15-12-01-0400__CAM_BACK__1537298086687567.jpg", "samples/CAM_BACK_RIGHT/n008-2018-09-18-15-12-01-0400__CAM_BACK_RIGHT__1537298086678113.jpg"], "intrinsics": [[[1257.8625342125129, 0.0, 827.2410631095686], [0.0, 1257.8625342125129, 450.915498205774], [0.0, 0.0, 1.0]], [[1252.8131021185304, 0.0, 826.588114781398], [0.0, 1252.8131021185304, 469.9846626224581], [0.0, 0.0, 1.0]], [[1256.7485116440405, 0.0, 817.7887570959712], [0.0, 1256.7485116440403, 451.9541780095127], [0.0, 0.0, 1.0]], [[1254.9860565800168, 0.0, 829.5769333630991], [0.0, 1254.9860565800168, 467.1680561863987], [0.0, 0.0, 1.0]], [[796.8910634503094, 0.0, 857.7774326863696], [0.0, 796.8910634503094, 476.8848988407415], [0.0, 0.0, 1.0]], [[1249.9629280788233, 0.0, 825.3768045375984], [0.0, 1249.9629280788233, 462.54816385708756], [0.0, 0.0, 1.0]]], "extrinsics": [[[0.8213995695114136, -0.5697174668312073, -0.02692384086549282, -0.69140625], [-0.017178449779748917, 0.02247200906276703, -0.9995998740196228, 1.4816932678222656], [0.5700945258140564, 0.8215333819389343, 0.008671634830534458, -1.1207275390625], [0.0, 0.0, 0.0, 1.0]], [[0.008704247884452343, -0.9997872114181519, -0.018695857375860214, 0.01141357421875], [-0.015294983051717281, 0.018561264500021935, -0.999710738658905, 1.475311279296875], [0.9998451471328735, 0.008987746201455593, -0.01513016689568758, -1.4215087890625], [0.0, 0.0, 0.0, 1.0]], [[-0.8446800112724304, -0.5352709889411926, 0.000760205031838268, 0.8868408203125], [-0.007245935034006834, 0.01001426950097084, -0.999923586845398, 1.4912900924682617], [0.5352225303649902, -0.8446210026741028, -0.012337394058704376, -1.145751953125], [0.0, 0.0, 0.0, 1.0]], [[0.9476353526115417, 0.3185564875602722, -0.022558799013495445, -1.13916015625], [-0.03231089934706688, 0.025361867621541023, -0.9991560578346252, 1.5618820190429688], [-0.3177155554294586, 0.9475644826889038, 0.03432665392756462, -0.15771484375], [0.0, 0.0, 0.0, 1.0]], [[0.010012191720306873, 0.9997962117195129, 0.01752607710659504, -0.028778076171875], [-0.030400604009628296, 0.017823198810219765, -0.9993788599967957, 1.5652542114257812], [-0.9994876980781555, 0.009473225101828575, 0.030572863295674324, -0.0474853515625], [0.0, 0.0, 0.0, 1.0]], [[-0.9232109189033508, 0.3836449086666107, 0.022318841889500618, 0.998046875], [-0.026225663721561432, -0.004954923875629902, -0.9996438026428223, 1.5432205200195312], [-0.38339754939079285, -0.9234673976898193, 0.01463578175753355, -0.1093292236328125], [0.0, 0.0, 0.0, 1.0]]], "view": [[0.0, -2.0, 100.0], [-2.0, 0.0, 100.0], [0.0, 0.0, 1.0]], "bev": "bev_44e4964a894f4ee9a032b4d77735510a.png", "aux": "aux_44e4964a894f4ee9a032b4d77735510a.npz", "visibility": "visibility_44e4964a894f4ee9a032b4d77735510a.png", "pose": [[-0.6048291325569153, 0.7963552474975586, 0.0, 1231.2852783203125], [-0.7963552474975586, -0.6048291325569153, 0.0, 990.3099975585938], [0.0, 0.0, 1.0, 0.0], [0.0, 0.0, 0.0, 1.0]], "pose_inverse": [[-0.6048291325569153, -0.7963552474975586, 0.0, 1533.3558349609375], [0.7963552474975586, -0.6048291325569153, 0.0, -381.5721740722656], [0.0, 0.0, 1.0, 0.0], [0.0, 0.0, 0.0, 1.0]], "cam_ids": [0, 1, 2, 3, 4, 5], "cam_channels": ["CAM_FRONT_LEFT", "CAM_FRONT", "CAM_FRONT_RIGHT", "CAM_BACK_LEFT", "CAM_BACK", "CAM_BACK_RIGHT"], "token": "44e4964a894f4ee9a032b4d77735510a", "scene": "scene-0911"}, {"images": ["samples/CAM_FRONT_LEFT/n008-2018-09-18-15-12-01-0400__CAM_FRONT_LEFT__1537298087154799.jpg", "samples/CAM_FRONT/n008-2018-09-18-15-12-01-0400__CAM_FRONT__1537298087162404.jpg", "samples/CAM_FRONT_RIGHT/n008-2018-09-18-15-12-01-0400__CAM_FRONT_RIGHT__1537298087170482.jpg", "samples/CAM_BACK_LEFT/n008-2018-09-18-15-12-01-0400__CAM_BACK_LEFT__1537298087197405.jpg", "samples/CAM_BACK/n008-2018-09-18-15-12-01-0400__CAM_BACK__1537298087187558.jpg", "samples/CAM_BACK_RIGHT/n008-2018-09-18-15-12-01-0400__CAM_BACK_RIGHT__1537298087178113.jpg"], "intrinsics": [[[1257.8625342125129, 0.0, 827.2410631095686], [0.0, 1257.8625342125129, 450.915498205774], [0.0, 0.0, 1.0]], [[1252.8131021185304, 0.0, 826.588114781398], [0.0, 1252.8131021185304, 469.9846626224581], [0.0, 0.0, 1.0]], [[1256.7485116440405, 0.0, 817.7887570959712], [0.0, 1256.7485116440403, 451.9541780095127], [0.0, 0.0, 1.0]], [[1254.9860565800168, 0.0, 829.5769333630991], [0.0, 1254.9860565800168, 467.1680561863987], [0.0, 0.0, 1.0]], [[796.8910634503094, 0.0, 857.7774326863696], [0.0, 796.8910634503094, 476.8848988407415], [0.0, 0.0, 1.0]], [[1249.9629280788233, 0.0, 825.3768045375984], [0.0, 1249.9629280788233, 462.54816385708756], [0.0, 0.0, 1.0]]], "extrinsics": [[[0.8215470910072327, -0.569497287273407, -0.027078811079263687, -0.6866455078125], [-0.012690934352576733, 0.029216762632131577, -0.9994925260543823, 1.4832763671875], [0.5699994564056396, 0.8214738368988037, 0.01677549071609974, -1.1180419921875], [0.0, 0.0, 0.0, 1.0]], [[0.008849577978253365, -0.9996416568756104, -0.02526220493018627, 0.011993408203125], [-0.010327791795134544, 0.025170473381876945, -0.9996298551559448, 1.4767875671386719], [0.9999074935913086, 0.009107169695198536, -0.010101343505084515, -1.4173583984375], [0.0, 0.0, 0.0, 1.0]], [[-0.8446512222290039, -0.5352680087089539, -0.007237871177494526, 0.884033203125], [-0.0019132959423586726, 0.016539258882403374, -0.9998613595962524, 1.4925527572631836], [0.5353134870529175, -0.8445203304290771, -0.01499403640627861, -1.143310546875], [0.0, 0.0, 0.0, 1.0]], [[0.9477666020393372, 0.31863686442375183, -0.014457219280302525, -1.13525390625], [-0.02594820223748684, 0.03184761479496956, -0.9991558194160461, 1.5618019104003906], [-0.3179074823856354, 0.9473416805267334, 0.038452159613370895, -0.15911865234375], [0.0, 0.0, 0.0, 1.0]], [[0.009896907024085522, 0.9996610879898071, 0.024077024310827255, -0.029022216796875], [-0.024365494027733803, 0.02431214042007923, -0.9994074106216431, 1.5657005310058594], [-0.9996541142463684, 0.009304375387728214, 0.024597857147455215, -0.051513671875], [0.0, 0.0, 0.0, 1.0]], [[-0.9233310222625732, 0.3835012912750244, 0.01965932920575142, 0.994384765625], [-0.020644452422857285, 0.0015474525280296803, -0.9997856616973877, 1.544107437133789], [-0.3834494650363922, -0.9235389828681946, 0.006488363724201918, -0.110443115234375], [0.0, 0.0, 0.0, 1.0]]], "view": [[0.0, -2.0, 100.0], [-2.0, 0.0, 100.0], [0.0, 0.0, 1.0]], "bev": "bev_b8fd06000a93490a9ccdc5acc41d2ada.png", "aux": "aux_b8fd06000a93490a9ccdc5acc41d2ada.npz", "visibility": "visibility_b8fd06000a93490a9ccdc5acc41d2ada.png", "pose": [[-0.5940885543823242, 0.8043996095657349, 0.0, 1228.599365234375], [-0.8043996095657349, -0.5940885543823242, 0.0, 986.80859375], [0.0, 0.0, 1.0, 0.0], [0.0, 0.0, 0.0, 1.0]], "pose_inverse": [[-0.5940885543823242, -0.8043996095657349, 0.0, 1523.685302734375], [0.8043996095657349, -0.5940885543823242, 0.0, -402.03314208984375], [0.0, 0.0, 1.0, 0.0], [0.0, 0.0, 0.0, 1.0]], "cam_ids": [0, 1, 2, 3, 4, 5], "cam_channels": ["CAM_FRONT_LEFT", "CAM_FRONT", "CAM_FRONT_RIGHT", "CAM_BACK_LEFT", "CAM_BACK", "CAM_BACK_RIGHT"], "token": "b8fd06000a93490a9ccdc5acc41d2ada", "scene": "scene-0911"}, {"images": ["samples/CAM_FRONT_LEFT/n008-2018-09-18-15-12-01-0400__CAM_FRONT_LEFT__1537298087654799.jpg", "samples/CAM_FRONT/n008-2018-09-18-15-12-01-0400__CAM_FRONT__1537298087662410.jpg", "samples/CAM_FRONT_RIGHT/n008-2018-09-18-15-12-01-0400__CAM_FRONT_RIGHT__1537298087670482.jpg", "samples/CAM_BACK_LEFT/n008-2018-09-18-15-12-01-0400__CAM_BACK_LEFT__1537298087697405.jpg", "samples/CAM_BACK/n008-2018-09-18-15-12-01-0400__CAM_BACK__1537298087687558.jpg", "samples/CAM_BACK_RIGHT/n008-2018-09-18-15-12-01-0400__CAM_BACK_RIGHT__1537298087678113.jpg"], "intrinsics": [[[1257.8625342125129, 0.0, 827.2410631095686], [0.0, 1257.8625342125129, 450.915498205774], [0.0, 0.0, 1.0]], [[1252.8131021185304, 0.0, 826.588114781398], [0.0, 1252.8131021185304, 469.9846626224581], [0.0, 0.0, 1.0]], [[1256.7485116440405, 0.0, 817.7887570959712], [0.0, 1256.7485116440403, 451.9541780095127], [0.0, 0.0, 1.0]], [[1254.9860565800168, 0.0, 829.5769333630991], [0.0, 1254.9860565800168, 467.1680561863987], [0.0, 0.0, 1.0]], [[796.8910634503094, 0.0, 857.7774326863696], [0.0, 796.8910634503094, 476.8848988407415], [0.0, 0.0, 1.0]], [[1249.9629280788233, 0.0, 825.3768045375984], [0.0, 1249.9629280788233, 462.54816385708756], [0.0, 0.0, 1.0]]], "extrinsics": [[[0.821817934513092, -0.5694324374198914, -0.019027821719646454, -0.691650390625], [0.0014753933064639568, 0.03552361577749252, -0.9993677735328674, 1.4887676239013672], [0.5697483420372009, 0.8212702870368958, 0.030034080147743225, -1.11907958984375], [0.0, 0.0, 0.0, 1.0]], [[0.00919330958276987, -0.9994617700576782, -0.03149101138114929, 0.01031494140625], [0.0035884741228073835, 0.03152511641383171, -0.999496579170227, 1.4812259674072266], [0.9999514222145081, 0.009075694717466831, 0.0038763643242418766, -1.421630859375], [0.0, 0.0, 0.0, 1.0]], [[-0.8444598317146301, -0.5351580381393433, -0.022212404757738113, 0.8863525390625], [0.011770221404731274, 0.022919490933418274, -0.9996680021286011, 1.4958982467651367], [0.5354894995689392, -0.8444409966468811, -0.01305566355586052, -1.146240234375], [0.0, 0.0, 0.0, 1.0]], [[0.9478763937950134, 0.31863829493522644, -0.00037729053292423487, -1.1373291015625], [-0.013203633949160576, 0.03809469938278198, -0.9991868734359741, 1.5619888305664062], [-0.31836479902267456, 0.9471105933189392, 0.04031624272465706, -0.15740966796875], [0.0, 0.0, 0.0, 1.0]], [[0.009546727873384953, 0.999488353729248, 0.03052591159939766, -0.028533935546875], [-0.011242322623729706, 0.030632657930254936, -0.9994674324989319, 1.5669898986816406], [-0.9998912811279297, 0.009198440238833427, 0.011529013514518738, -0.049560546875], [0.0, 0.0, 0.0, 1.0]], [[-0.9235233068466187, 0.3834211528301239, 0.009641326032578945, 0.99755859375], [-0.007153940852731466, 0.007912829518318176, -0.9999430775642395, 1.546544075012207], [-0.3834756016731262, -0.9235397577285767, -0.0045647090300917625, -0.1103057861328125], [0.0, 0.0, 0.0, 1.0]]], "view": [[0.0, -2.0, 100.0], [-2.0, 0.0, 100.0], [0.0, 0.0, 1.0]], "bev": "bev_45df585aa5fb4972986093b353bae03f.png", "aux": "aux_45df585aa5fb4972986093b353bae03f.npz", "visibility": "visibility_45df585aa5fb4972986093b353bae03f.png", "pose": [[-0.5833562016487122, 0.8122164607048035, 0.0, 1225.9901123046875], [-0.8122164607048035, -0.5833562016487122, 0.0, 983.3028564453125], [0.0, 0.0, 1.0, 0.0], [0.0, 0.0, 0.0, 1.0]], "pose_inverse": [[-0.5833562016487122, -0.8122164607048035, 0.0, 1513.8436279296875], [0.8122164607048035, -0.5833562016487122, 0.0, -422.15350341796875], [0.0, 0.0, 1.0, 0.0], [0.0, 0.0, 0.0, 1.0]], "cam_ids": [0, 1, 2, 3, 4, 5], "cam_channels": ["CAM_FRONT_LEFT", "CAM_FRONT", "CAM_FRONT_RIGHT", "CAM_BACK_LEFT", "CAM_BACK", "CAM_BACK_RIGHT"], "token": "45df585aa5fb4972986093b353bae03f", "scene": "scene-0911"}, {"images": ["samples/CAM_FRONT_LEFT/n008-2018-09-18-15-12-01-0400__CAM_FRONT_LEFT__1537298088104799.jpg", "samples/CAM_FRONT/n008-2018-09-18-15-12-01-0400__CAM_FRONT__1537298088112404.jpg", "samples/CAM_FRONT_RIGHT/n008-2018-09-18-15-12-01-0400__CAM_FRONT_RIGHT__1537298088120482.jpg", "samples/CAM_BACK_LEFT/n008-2018-09-18-15-12-01-0400__CAM_BACK_LEFT__1537298088147405.jpg", "samples/CAM_BACK/n008-2018-09-18-15-12-01-0400__CAM_BACK__1537298088137558.jpg", "samples/CAM_BACK_RIGHT/n008-2018-09-18-15-12-01-0400__CAM_BACK_RIGHT__1537298088128402.jpg"], "intrinsics": [[[1257.8625342125129, 0.0, 827.2410631095686], [0.0, 1257.8625342125129, 450.915498205774], [0.0, 0.0, 1.0]], [[1252.8131021185304, 0.0, 826.588114781398], [0.0, 1252.8131021185304, 469.9846626224581], [0.0, 0.0, 1.0]], [[1256.7485116440405, 0.0, 817.7887570959712], [0.0, 1256.7485116440403, 451.9541780095127], [0.0, 0.0, 1.0]], [[1254.9860565800168, 0.0, 829.5769333630991], [0.0, 1254.9860565800168, 467.1680561863987], [0.0, 0.0, 1.0]], [[796.8910634503094, 0.0, 857.7774326863696], [0.0, 796.8910634503094, 476.8848988407415], [0.0, 0.0, 1.0]], [[1249.9629280788233, 0.0, 825.3768045375984], [0.0, 1249.9629280788233, 462.54816385708756], [0.0, 0.0, 1.0]]], "extrinsics": [[[0.8226975798606873, -0.5682226419448853, -0.017080988734960556, -0.6783447265625], [0.0022466187365353107, 0.03329639509320259, -0.999442994594574, 1.4889841079711914], [0.5684748291969299, 0.8222009539604187, 0.0286694448441267, -1.1146240234375], [0.0, 0.0, 0.0, 1.0]], [[0.010488898493349552, -0.9995231628417969, -0.029040317982435226, 0.013824462890625], [0.004139146767556667, 0.0290850643068552, -0.9995683431625366, 1.48136568069458], [0.9999363422393799, 0.010364172980189323, 0.0044422452338039875, -1.40966796875], [0.0, 0.0, 0.0, 1.0]], [[-0.8439062237739563, -0.536076009273529, -0.021091345697641373, 0.8795166015625], [0.012095659039914608, 0.020291632041335106, -0.9997209310531616, 1.4960432052612305], [0.5363543629646301, -0.8439257144927979, -0.010640041902661324, -1.1383056640625], [0.0, 0.0, 0.0, 1.0]], [[0.9478500485420227, 0.31871071457862854, -0.0019328690832480788, -1.131103515625], [-0.01369398832321167, 0.03466567024588585, -0.9993051290512085, 1.5618476867675781], [-0.3184222877025604, 0.9472178816795349, 0.037222281098365784, -0.16058349609375], [0.0, 0.0, 0.0, 1.0]], [[0.009146771393716335, 0.9995821714401245, 0.02741866745054722, -0.02984619140625], [-0.011380400508642197, 0.027522096410393715, -0.9995564222335815, 1.5668659210205078], [-0.9998934268951416, 0.00883062370121479, 0.011627383530139923, -0.056396484375], [0.0, 0.0, 0.0, 1.0]], [[-0.9238174557685852, 0.38273951411247253, 0.00846467912197113, 0.9913330078125], [-0.007053498178720474, 0.005090183578431606, -0.9999622106552124, 1.546513557434082], [-0.3827681541442871, -0.9238422513008118, -0.0020027481950819492, -0.1101837158203125], [0.0, 0.0, 0.0, 1.0]]], "view": [[0.0, -2.0, 100.0], [-2.0, 0.0, 100.0], [0.0, 0.0, 1.0]], "bev": "bev_c0d6f63b257442e7aac6a8092335aa2b.png", "aux": "aux_c0d6f63b257442e7aac6a8092335aa2b.npz", "visibility": "visibility_c0d6f63b257442e7aac6a8092335aa2b.png", "pose": [[-0.578539252281189, 0.8156545162200928, 0.0, 1223.6087646484375], [-0.8156545162200928, -0.578539252281189, 0.0, 980.0623779296875], [0.0, 0.0, 1.0, 0.0], [0.0, 0.0, 0.0, 1.0]], "pose_inverse": [[-0.578539252281189, -0.8156545162200928, 0.0, 1507.298095703125], [0.8156545162200928, -0.578539252281189, 0.0, -431.0374755859375], [0.0, 0.0, 1.0, 0.0], [0.0, 0.0, 0.0, 1.0]], "cam_ids": [0, 1, 2, 3, 4, 5], "cam_channels": ["CAM_FRONT_LEFT", "CAM_FRONT", "CAM_FRONT_RIGHT", "CAM_BACK_LEFT", "CAM_BACK", "CAM_BACK_RIGHT"], "token": "c0d6f63b257442e7aac6a8092335aa2b", "scene": "scene-0911"}, {"images": ["samples/CAM_FRONT_LEFT/n008-2018-09-18-15-12-01-0400__CAM_FRONT_LEFT__1537298088604799.jpg", "samples/CAM_FRONT/n008-2018-09-18-15-12-01-0400__CAM_FRONT__1537298088612404.jpg", "samples/CAM_FRONT_RIGHT/n008-2018-09-18-15-12-01-0400__CAM_FRONT_RIGHT__1537298088620482.jpg", "samples/CAM_BACK_LEFT/n008-2018-09-18-15-12-01-0400__CAM_BACK_LEFT__1537298088647405.jpg", "samples/CAM_BACK/n008-2018-09-18-15-12-01-0400__CAM_BACK__1537298088637558.jpg", "samples/CAM_BACK_RIGHT/n008-2018-09-18-15-12-01-0400__CAM_BACK_RIGHT__1537298088628113.jpg"], "intrinsics": [[[1257.8625342125129, 0.0, 827.2410631095686], [0.0, 1257.8625342125129, 450.915498205774], [0.0, 0.0, 1.0]], [[1252.8131021185304, 0.0, 826.588114781398], [0.0, 1252.8131021185304, 469.9846626224581], [0.0, 0.0, 1.0]], [[1256.7485116440405, 0.0, 817.7887570959712], [0.0, 1256.7485116440403, 451.9541780095127], [0.0, 0.0, 1.0]], [[1254.9860565800168, 0.0, 829.5769333630991], [0.0, 1254.9860565800168, 467.1680561863987], [0.0, 0.0, 1.0]], [[796.8910634503094, 0.0, 857.7774326863696], [0.0, 796.8910634503094, 476.8848988407415], [0.0, 0.0, 1.0]], [[1249.9629280788233, 0.0, 825.3768045375984], [0.0, 1249.9629280788233, 462.54816385708756], [0.0, 0.0, 1.0]]], "extrinsics": [[[0.8222523927688599, -0.568924605846405, -0.015024511143565178, -0.674072265625], [0.0006514525739476085, 0.02734026312828064, -0.9996259808540344, 1.4884576797485352], [0.5691226124763489, 0.8219351172447205, 0.02285122498869896, -1.108612060546875], [0.0, 0.0, 0.0, 1.0]], [[0.009876774623990059, -0.9996839761734009, -0.02311423234641552, 0.011810302734375], [0.0025614553596824408, 0.023140577599406242, -0.9997289776802063, 1.4809436798095703], [0.9999479055404663, 0.00981494877487421, 0.0027892019134014845, -1.4027099609375], [0.0, 0.0, 0.0, 1.0]], [[-0.8441483378410339, -0.5358529090881348, -0.01658755913376808, 0.872802734375], [0.010532218031585217, 0.014358739368617535, -0.9998414516448975, 1.4957695007324219], [0.5360061526298523, -0.8441892266273499, -0.006477186921983957, -1.135986328125], [0.0, 0.0, 0.0, 1.0]], [[0.9478543996810913, 0.3186632990837097, -0.005074257962405682, -1.127197265625], [-0.015114974230527878, 0.029044002294540405, -0.9994637966156006, 1.561767578125], [-0.3183450996875763, 0.9474228024482727, 0.03234607353806496, -0.1619873046875], [0.0, 0.0, 0.0, 1.0]], [[0.009324105456471443, 0.9997220635414124, 0.021651213988661766, -0.029205322265625], [-0.012873915955424309, 0.021770374849438667, -0.9996800422668457, 1.5666637420654297], [-0.9998736381530762, 0.009042433463037014, 0.013073327951133251, -0.0621337890625], [0.0, 0.0, 0.0, 1.0]], [[-0.9237112402915955, 0.3830125629901886, 0.007654139306396246, 0.9825439453125], [-0.008608662523329258, -0.0007782148313708603, -0.9999626278877258, 1.5461645126342773], [-0.38299229741096497, -0.9237427115440369, 0.0040160734206438065, -0.11492919921875], [0.0, 0.0, 0.0, 1.0]]], "view": [[0.0, -2.0, 100.0], [-2.0, 0.0, 100.0], [0.0, 0.0, 1.0]], "bev": "bev_f2d691553d5040a6bd82b7ea63f78042.png", "aux": "aux_f2d691553d5040a6bd82b7ea63f78042.npz", "visibility": "visibility_f2d691553d5040a6bd82b7ea63f78042.png", "pose": [[-0.5792190432548523, 0.8151718974113464, 0.0, 1220.95556640625], [-0.8151718974113464, -0.5792190432548523, 0.0, 976.418212890625], [0.0, 0.0, 1.0, 0.0], [0.0, 0.0, 0.0, 1.0]], "pose_inverse": [[-0.5792190432548523, -0.8151718974113464, 0.0, 1503.1494140625], [0.8151718974113464, -0.5792190432548523, 0.0, -429.7286376953125], [0.0, 0.0, 1.0, 0.0], [0.0, 0.0, 0.0, 1.0]], "cam_ids": [0, 1, 2, 3, 4, 5], "cam_channels": ["CAM_FRONT_LEFT", "CAM_FRONT", "CAM_FRONT_RIGHT", "CAM_BACK_LEFT", "CAM_BACK", "CAM_BACK_RIGHT"], "token": "f2d691553d5040a6bd82b7ea63f78042", "scene": "scene-0911"}, {"images": ["samples/CAM_FRONT_LEFT/n008-2018-09-18-15-12-01-0400__CAM_FRONT_LEFT__1537298089104799.jpg", "samples/CAM_FRONT/n008-2018-09-18-15-12-01-0400__CAM_FRONT__1537298089112404.jpg", "samples/CAM_FRONT_RIGHT/n008-2018-09-18-15-12-01-0400__CAM_FRONT_RIGHT__1537298089120482.jpg", "samples/CAM_BACK_LEFT/n008-2018-09-18-15-12-01-0400__CAM_BACK_LEFT__1537298089147405.jpg", "samples/CAM_BACK/n008-2018-09-18-15-12-01-0400__CAM_BACK__1537298089137558.jpg", "samples/CAM_BACK_RIGHT/n008-2018-09-18-15-12-01-0400__CAM_BACK_RIGHT__1537298089128113.jpg"], "intrinsics": [[[1257.8625342125129, 0.0, 827.2410631095686], [0.0, 1257.8625342125129, 450.915498205774], [0.0, 0.0, 1.0]], [[1252.8131021185304, 0.0, 826.588114781398], [0.0, 1252.8131021185304, 469.9846626224581], [0.0, 0.0, 1.0]], [[1256.7485116440405, 0.0, 817.7887570959712], [0.0, 1256.7485116440403, 451.9541780095127], [0.0, 0.0, 1.0]], [[1254.9860565800168, 0.0, 829.5769333630991], [0.0, 1254.9860565800168, 467.1680561863987], [0.0, 0.0, 1.0]], [[796.8910634503094, 0.0, 857.7774326863696], [0.0, 796.8910634503094, 476.8848988407415], [0.0, 0.0, 1.0]], [[1249.9629280788233, 0.0, 825.3768045375984], [0.0, 1249.9629280788233, 462.54816385708756], [0.0, 0.0, 1.0]]], "extrinsics": [[[0.8227763772010803, -0.5681423544883728, -0.01591576263308525, -0.660888671875], [-0.004175370093435049, 0.021959975361824036, -0.9997500777244568, 1.4864797592163086], [0.5683498382568359, 0.8226373195648193, 0.01569594256579876, -1.1002197265625], [0.0, 0.0, 0.0, 1.0]], [[0.010634934529662132, -0.9997850060462952, -0.017802372574806213, 0.012176513671875], [-0.0023593951482325792, 0.017778240144252777, -0.999839186668396, 1.4792938232421875], [0.9999407529830933, 0.01067524217069149, -0.00216981815174222, -1.3890380859375], [0.0, 0.0, 0.0, 1.0]], [[-0.8438783884048462, -0.5364502668380737, -0.009506162256002426, 0.86279296875], [0.005531553644686937, 0.00901793222874403, -0.9999439716339111, 1.4945502281188965], [0.5365059971809387, -0.8438838124275208, -0.004642635118216276, -1.1297607421875], [0.0, 0.0, 0.0, 1.0]], [[0.9478000402450562, 0.3186710476875305, -0.011127360165119171, -1.12255859375], [-0.01982806995511055, 0.024072149768471718, -0.999513566493988, 1.5615882873535156], [-0.3182482421398163, 0.9475595951080322, 0.029134217649698257, -0.16351318359375], [0.0, 0.0, 0.0, 1.0]], [[0.009178937412798405, 0.9998230934143066, 0.01641637273132801, -0.0289306640625], [-0.01771511510014534, 0.01657707802951336, -0.9997056126594543, 1.5660285949707031], [-0.9998010396957397, 0.00888543389737606, 0.01786414161324501, -0.0693359375], [0.0, 0.0, 0.0, 1.0]], [[-0.9238274693489075, 0.3826746940612793, 0.010143370367586613, 0.9739990234375], [-0.013505589216947556, -0.006100685801357031, -0.999890148639679, 1.54510498046875], [-0.3825707733631134, -0.9238629937171936, 0.01080422755330801, -0.1189117431640625], [0.0, 0.0, 0.0, 1.0]]], "view": [[0.0, -2.0, 100.0], [-2.0, 0.0, 100.0], [0.0, 0.0, 1.0]], "bev": "bev_8cd9b9f28b6b44e3933216e65bbfbbd4.png", "aux": "aux_8cd9b9f28b6b44e3933216e65bbfbbd4.npz", "visibility": "visibility_8cd9b9f28b6b44e3933216e65bbfbbd4.png", "pose": [[-0.5805362462997437, 0.8142344355583191, 0.0, 1218.27587890625], [-0.8142344355583191, -0.5805362462997437, 0.0, 972.7030029296875], [0.0, 0.0, 1.0, 0.0], [0.0, 0.0, 0.0, 1.0]], "pose_inverse": [[-0.5805362462997437, -0.8142344355583191, 0.0, 1499.2615966796875], [0.8142344355583191, -0.5805362462997437, 0.0, -427.2728271484375], [0.0, 0.0, 1.0, 0.0], [0.0, 0.0, 0.0, 1.0]], "cam_ids": [0, 1, 2, 3, 4, 5], "cam_channels": ["CAM_FRONT_LEFT", "CAM_FRONT", "CAM_FRONT_RIGHT", "CAM_BACK_LEFT", "CAM_BACK", "CAM_BACK_RIGHT"], "token": "8cd9b9f28b6b44e3933216e65bbfbbd4", "scene": "scene-0911"}, {"images": ["samples/CAM_FRONT_LEFT/n008-2018-09-18-15-12-01-0400__CAM_FRONT_LEFT__1537298089604799.jpg", "samples/CAM_FRONT/n008-2018-09-18-15-12-01-0400__CAM_FRONT__1537298089612404.jpg", "samples/CAM_FRONT_RIGHT/n008-2018-09-18-15-12-01-0400__CAM_FRONT_RIGHT__1537298089620482.jpg", "samples/CAM_BACK_LEFT/n008-2018-09-18-15-12-01-0400__CAM_BACK_LEFT__1537298089647405.jpg", "samples/CAM_BACK/n008-2018-09-18-15-12-01-0400__CAM_BACK__1537298089637558.jpg", "samples/CAM_BACK_RIGHT/n008-2018-09-18-15-12-01-0400__CAM_BACK_RIGHT__1537298089628113.jpg"], "intrinsics": [[[1257.8625342125129, 0.0, 827.2410631095686], [0.0, 1257.8625342125129, 450.915498205774], [0.0, 0.0, 1.0]], [[1252.8131021185304, 0.0, 826.588114781398], [0.0, 1252.8131021185304, 469.9846626224581], [0.0, 0.0, 1.0]], [[1256.7485116440405, 0.0, 817.7887570959712], [0.0, 1256.7485116440403, 451.9541780095127], [0.0, 0.0, 1.0]], [[1254.9860565800168, 0.0, 829.5769333630991], [0.0, 1254.9860565800168, 467.1680561863987], [0.0, 0.0, 1.0]], [[796.8910634503094, 0.0, 857.7774326863696], [0.0, 796.8910634503094, 476.8848988407415], [0.0, 0.0, 1.0]], [[1249.9629280788233, 0.0, 825.3768045375984], [0.0, 1249.9629280788233, 462.54816385708756], [0.0, 0.0, 1.0]]], "extrinsics": [[[0.8224742412567139, -0.5684024095535278, -0.021327199414372444, -0.650634765625], [-0.006592147052288055, 0.027967022731900215, -0.9995871186256409, 1.485403060913086], [0.5687642097473145, 0.8222752213478088, 0.01925516314804554, -1.091064453125], [0.0, 0.0, 0.0, 1.0]], [[0.01011334266513586, -0.9996528029441833, -0.024330852553248405, 0.01068115234375], [-0.004935042932629585, 0.024281905964016914, -0.999692976474762, 1.478363037109375], [0.9999366402626038, 0.01023028139024973, -0.004687758628278971, -1.378173828125], [0.0, 0.0, 0.0, 1.0]], [[-0.8441458940505981, -0.5360018014907837, -0.010940534994006157, 0.8551025390625], [0.0027699933853000402, 0.016046226024627686, -0.9998673796653748, 1.49382483959198], [0.5361063480377197, -0.8440642952919006, -0.012060635723173618, -1.126708984375], [0.0, 0.0, 0.0, 1.0]], [[0.9477800130844116, 0.31868764758110046, -0.012297024950385094, -1.1234130859375], [-0.02397172339260578, 0.032737456262111664, -0.9991764426231384, 1.5615158081054688], [-0.31802263855934143, 0.9472942352294922, 0.03866739943623543, -0.16302490234375], [0.0, 0.0, 0.0, 1.0]], [[0.00950705911964178, 0.9996562004089355, 0.02443387359380722, -0.02838134765625], [-0.021363046020269394, 0.024632446467876434, -0.9994682669639587, 1.5655632019042969], [-0.9997265338897705, 0.008980009704828262, 0.021589884534478188, -0.0718994140625], [0.0, 0.0, 0.0, 1.0]], [[-0.9236286282539368, 0.38295793533325195, 0.015913182869553566, 0.96923828125], [-0.01663805916905403, 0.001419405685737729, -0.9998605847358704, 1.5443706512451172], [-0.3829271197319031, -0.9237646460533142, 0.00506067369133234, -0.1220550537109375], [0.0, 0.0, 0.0, 1.0]]], "view": [[0.0, -2.0, 100.0], [-2.0, 0.0, 100.0], [0.0, 0.0, 1.0]], "bev": "bev_cc72799740754b58bc17183e88010df3.png", "aux": "aux_cc72799740754b58bc17183e88010df3.npz", "visibility": "visibility_cc72799740754b58bc17183e88010df3.png", "pose": [[-0.5855419635772705, 0.8106420636177063, 0.0, 1215.5272216796875], [-0.8106420636177063, -0.5855419635772705, 0.0, 968.9378662109375], [0.0, 0.0, 1.0, 0.0], [0.0, 0.0, 0.0, 1.0]], "pose_inverse": [[-0.5855419635772705, -0.8106420636177063, 0.0, 1497.2039794921875], [0.8106420636177063, -0.5855419635772705, 0.0, -418.00372314453125], [0.0, 0.0, 1.0, 0.0], [0.0, 0.0, 0.0, 1.0]], "cam_ids": [0, 1, 2, 3, 4, 5], "cam_channels": ["CAM_FRONT_LEFT", "CAM_FRONT", "CAM_FRONT_RIGHT", "CAM_BACK_LEFT", "CAM_BACK", "CAM_BACK_RIGHT"], "token": "cc72799740754b58bc17183e88010df3", "scene": "scene-0911"}, {"images": ["samples/CAM_FRONT_LEFT/n008-2018-09-18-15-12-01-0400__CAM_FRONT_LEFT__1537298090104799.jpg", "samples/CAM_FRONT/n008-2018-09-18-15-12-01-0400__CAM_FRONT__1537298090112404.jpg", "samples/CAM_FRONT_RIGHT/n008-2018-09-18-15-12-01-0400__CAM_FRONT_RIGHT__1537298090120482.jpg", "samples/CAM_BACK_LEFT/n008-2018-09-18-15-12-01-0400__CAM_BACK_LEFT__1537298090147405.jpg", "samples/CAM_BACK/n008-2018-09-18-15-12-01-0400__CAM_BACK__1537298090137558.jpg", "samples/CAM_BACK_RIGHT/n008-2018-09-18-15-12-01-0400__CAM_BACK_RIGHT__1537298090128113.jpg"], "intrinsics": [[[1257.8625342125129, 0.0, 827.2410631095686], [0.0, 1257.8625342125129, 450.915498205774], [0.0, 0.0, 1.0]], [[1252.8131021185304, 0.0, 826.588114781398], [0.0, 1252.8131021185304, 469.9846626224581], [0.0, 0.0, 1.0]], [[1256.7485116440405, 0.0, 817.7887570959712], [0.0, 1256.7485116440403, 451.9541780095127], [0.0, 0.0, 1.0]], [[1254.9860565800168, 0.0, 829.5769333630991], [0.0, 1254.9860565800168, 467.1680561863987], [0.0, 0.0, 1.0]], [[796.8910634503094, 0.0, 857.7774326863696], [0.0, 796.8910634503094, 476.8848988407415], [0.0, 0.0, 1.0]], [[1249.9629280788233, 0.0, 825.3768045375984], [0.0, 1249.9629280788233, 462.54816385708756], [0.0, 0.0, 1.0]]], "extrinsics": [[[0.8233665227890015, -0.5673361420631409, -0.014045849442481995, -0.6531982421875], [0.004968901630491018, 0.031955886632204056, -0.999476969242096, 1.4901890754699707], [0.5674881935119629, 0.8228660821914673, 0.029130447655916214, -1.09869384765625], [0.0, 0.0, 0.0, 1.0]], [[0.011520584113895893, -0.9995606541633606, -0.027306674048304558, 0.014801025390625], [0.007715423591434956, 0.027396531775593758, -0.9995948672294617, 1.4827218055725098], [0.9999038577079773, 0.011305280961096287, 0.008027657866477966, -1.384033203125], [0.0, 0.0, 0.0, 1.0]], [[-0.8433974981307983, -0.536763608455658, -0.023780254647135735, 0.8612060546875], [0.01658070646226406, 0.018236899748444557, -0.9996961951255798, 1.497549057006836], [0.5370342135429382, -0.8435356020927429, -0.006481034681200981, -1.126708984375], [0.0, 0.0, 0.0, 1.0]], [[0.9478365778923035, 0.31873613595962524, 0.0036339398939162493, -1.125], [-0.006880288943648338, 0.03185518831014633, -0.9994688034057617, 1.561899185180664], [-0.31868255138397217, 0.9473080039024353, 0.03238650783896446, -0.16278076171875], [0.0, 0.0, 0.0, 1.0]], [[0.008672915399074554, 0.9996573328971863, 0.02469952590763569, -0.029541015625], [-0.005104741081595421, 0.024744395166635513, -0.999680757522583, 1.5674419403076172], [-0.9999493360519409, 0.008544042706489563, 0.005317596718668938, -0.06884765625], [0.0, 0.0, 0.0, 1.0]], [[-0.9240718483924866, 0.38220885396003723, 0.0027494546957314014, 0.972412109375], [-0.0018806749721989036, 0.002646617591381073, -0.999994695186615, 1.5474228858947754], [-0.3822140693664551, -0.9240721464157104, -0.0017268549418076873, -0.1182708740234375], [0.0, 0.0, 0.0, 1.0]]], "view": [[0.0, -2.0, 100.0], [-2.0, 0.0, 100.0], [0.0, 0.0, 1.0]], "bev": "bev_728c72625d714fcd97f5c3467d2e1550.png", "aux": "aux_728c72625d714fcd97f5c3467d2e1550.npz", "visibility": "visibility_728c72625d714fcd97f5c3467d2e1550.png", "pose": [[-0.593405544757843, 0.8049036264419556, 0.0, 1212.7071533203125], [-0.8049036264419556, -0.593405544757843, 0.0, 965.1572875976562], [0.0, 0.0, 1.0, 0.0], [0.0, 0.0, 0.0, 1.0]], "pose_inverse": [[-0.593405544757843, -0.8049036264419556, 0.0, 1496.4857177734375], [0.8049036264419556, -0.593405544757843, 0.0, -403.38275146484375], [0.0, 0.0, 1.0, 0.0], [0.0, 0.0, 0.0, 1.0]], "cam_ids": [0, 1, 2, 3, 4, 5], "cam_channels": ["CAM_FRONT_LEFT", "CAM_FRONT", "CAM_FRONT_RIGHT", "CAM_BACK_LEFT", "CAM_BACK", "CAM_BACK_RIGHT"], "token": "728c72625d714fcd97f5c3467d2e1550", "scene": "scene-0911"}, {"images": ["samples/CAM_FRONT_LEFT/n008-2018-09-18-15-12-01-0400__CAM_FRONT_LEFT__1537298090604799.jpg", "samples/CAM_FRONT/n008-2018-09-18-15-12-01-0400__CAM_FRONT__1537298090612410.jpg", "samples/CAM_FRONT_RIGHT/n008-2018-09-18-15-12-01-0400__CAM_FRONT_RIGHT__1537298090620482.jpg", "samples/CAM_BACK_LEFT/n008-2018-09-18-15-12-01-0400__CAM_BACK_LEFT__1537298090647405.jpg", "samples/CAM_BACK/n008-2018-09-18-15-12-01-0400__CAM_BACK__1537298090637558.jpg", "samples/CAM_BACK_RIGHT/n008-2018-09-18-15-12-01-0400__CAM_BACK_RIGHT__1537298090628113.jpg"], "intrinsics": [[[1257.8625342125129, 0.0, 827.2410631095686], [0.0, 1257.8625342125129, 450.915498205774], [0.0, 0.0, 1.0]], [[1252.8131021185304, 0.0, 826.588114781398], [0.0, 1252.8131021185304, 469.9846626224581], [0.0, 0.0, 1.0]], [[1256.7485116440405, 0.0, 817.7887570959712], [0.0, 1256.7485116440403, 451.9541780095127], [0.0, 0.0, 1.0]], [[1254.9860565800168, 0.0, 829.5769333630991], [0.0, 1254.9860565800168, 467.1680561863987], [0.0, 0.0, 1.0]], [[796.8910634503094, 0.0, 857.7774326863696], [0.0, 796.8910634503094, 476.8848988407415], [0.0, 0.0, 1.0]], [[1249.9629280788233, 0.0, 825.3768045375984], [0.0, 1249.9629280788233, 462.54816385708756], [0.0, 0.0, 1.0]]], "extrinsics": [[[0.8228538036346436, -0.5678337812423706, -0.02182641439139843, -0.6656494140625], [-0.009076406247913837, 0.02527145855128765, -0.9996394515037537, 1.4845256805419922], [0.5681806206703186, 0.8227552175521851, 0.015640825033187866, -1.10076904296875], [0.0, 0.0, 0.0, 1.0]], [[0.010827544145286083, -0.9997168183326721, -0.02119186520576477, 0.010589599609375], [-0.007059374824166298, 0.021116157993674278, -0.9997521042823792, 1.4777183532714844], [0.9999164938926697, 0.010974477976560593, -0.006828738376498222, -1.3931884765625], [0.0, 0.0, 0.0, 1.0]], [[-0.8437548875808716, -0.5366761684417725, -0.007515868172049522, 0.8653564453125], [0.0010295130778104067, 0.012384806759655476, -0.9999227523803711, 1.4933284521102905], [0.5367277264595032, -0.8436974883079529, -0.009897229261696339, -1.132568359375], [0.0, 0.0, 0.0, 1.0]], [[0.9477441906929016, 0.31870344281196594, -0.01446241233497858, -1.126220703125], [-0.02444756217300892, 0.027352571487426758, -0.9993268251419067, 1.5615730285644531], [-0.31809329986572266, 0.9474598169326782, 0.03371476009488106, -0.16217041015625], [0.0, 0.0, 0.0, 1.0]], [[0.009115138091146946, 0.9997654557228088, 0.019646795466542244, -0.0286865234375], [-0.02228369005024433, 0.01984582282602787, -