[{"images": ["samples/CAM_FRONT_LEFT/n008-2018-08-28-13-40-50-0400__CAM_FRONT_LEFT__1535478736104799.jpg", "samples/CAM_FRONT/n008-2018-08-28-13-40-50-0400__CAM_FRONT__1535478736112404.jpg", "samples/CAM_FRONT_RIGHT/n008-2018-08-28-13-40-50-0400__CAM_FRONT_RIGHT__1535478736120482.jpg", "samples/CAM_BACK_LEFT/n008-2018-08-28-13-40-50-0400__CAM_BACK_LEFT__1535478736147405.jpg", "samples/CAM_BACK/n008-2018-08-28-13-40-50-0400__CAM_BACK__1535478736137558.jpg", "samples/CAM_BACK_RIGHT/n008-2018-08-28-13-40-50-0400__CAM_BACK_RIGHT__1535478736128113.jpg"], "intrinsics": [[[1257.8625342125129, 0.0, 827.2410631095686], [0.0, 1257.8625342125129, 450.915498205774], [0.0, 0.0, 1.0]], [[1252.8131021185304, 0.0, 826.588114781398], [0.0, 1252.8131021185304, 469.9846626224581], [0.0, 0.0, 1.0]], [[1256.7485116440405, 0.0, 817.7887570959712], [0.0, 1256.7485116440403, 451.9541780095127], [0.0, 0.0, 1.0]], [[1254.9860565800168, 0.0, 829.5769333630991], [0.0, 1254.9860565800168, 467.1680561863987], [0.0, 0.0, 1.0]], [[796.8910634503094, 0.0, 857.7774326863696], [0.0, 796.8910634503094, 476.8848988407415], [0.0, 0.0, 1.0]], [[1249.9629280788233, 0.0, 825.3768045375984], [0.0, 1249.9629280788233, 462.54816385708756], [0.0, 0.0, 1.0]]], "extrinsics": [[[0.8228371739387512, -0.5682352781295776, -0.0069012874737381935, -0.833343505859375], [0.005874475464224815, 0.020648902282118797, -0.9997695088386536, 1.4894218444824219], [0.5682467818260193, 0.8226070404052734, 0.020328769460320473, -1.2197265625], [0.0, 0.0, 0.0, 1.0]], [[0.010689872317016125, -0.9998072385787964, -0.016466958448290825, 0.0106201171875], [0.007849511690437794, 0.016551295295357704, -0.9998322129249573, 1.4814338684082031], [0.9999120235443115, 0.010558842681348324, 0.008024930953979492, -1.56591796875], [0.0, 0.0, 0.0, 1.0]], [[-0.8438087701797485, -0.5363543629646301, -0.017628589645028114, 0.98193359375], [0.01587877795100212, 0.007881298661231995, -0.9998428225517273, 1.4951229095458984], [0.5364090204238892, -0.8439561128616333, 0.0018663418013602495, -1.2054443359375], [0.0, 0.0, 0.0, 1.0]], [[0.9478835463523865, 0.31861451268196106, -0.0012553775450214744, -1.1424560546875], [-0.009126763790845871, 0.02321338839828968, -0.9996888637542725, 1.5620269775390625], [-0.3184862434864044, 0.9476001262664795, 0.024911507964134216, -0.1566162109375], [0.0, 0.0, 0.0, 1.0]], [[0.009103833697736263, 0.9998380541801453, 0.015522644855082035, -0.0294189453125], [-0.0071046375669538975, 0.015587571077048779, -0.9998531937599182, 1.5677013397216797], [-0.9999333024024963, 0.008992227725684643, 0.0072453939355909824, -0.00421142578125], [0.0, 0.0, 0.0, 1.0]], [[-0.9238288998603821, 0.3828054964542389, 8.723758219275624e-05, 1.0731964111328125], [-0.0030667397659271955, -0.0071731144562363625, -0.9999695420265198, 1.5475387573242188], [-0.3827933073043823, -0.923801064491272, 0.007800695952028036, -0.077392578125], [0.0, 0.0, 0.0, 1.0]]], "view": [[0.0, -2.0, 100.0], [-2.0, 0.0, 100.0], [0.0, 0.0, 1.0]], "bev": "bev_d6c47349de574dc795f15c2309cd9c11.png", "aux": "aux_d6c47349de574dc795f15c2309cd9c11.npz", "visibility": "visibility_d6c47349de574dc795f15c2309cd9c11.png", "pose": [[0.8984194397926331, 0.4391383230686188, 0.0, 1698.8394775390625], [-0.4391383230686188, 0.8984194397926331, 0.0, 1258.2581787109375], [0.0, 0.0, 1.0, 0.0], [0.0, 0.0, 0.0, 1.0]], "pose_inverse": [[0.8984194397926331, -0.4391383230686188, 0.0, -973.7210693359375], [0.4391383230686188, 0.8984194397926331, 0.0, -1876.4691162109375], [0.0, 0.0, 1.0, 0.0], [0.0, 0.0, 0.0, 1.0]], "cam_ids": [0, 1, 2, 3, 4, 5], "cam_channels": ["CAM_FRONT_LEFT", "CAM_FRONT", "CAM_FRONT_RIGHT", "CAM_BACK_LEFT", "CAM_BACK", "CAM_BACK_RIGHT"], "token": "d6c47349de574dc795f15c2309cd9c11", "scene": "scene-0508"}, {"images": ["samples/CAM_FRONT_LEFT/n008-2018-08-28-13-40-50-0400__CAM_FRONT_LEFT__1535478736604799.jpg", "samples/CAM_FRONT/n008-2018-08-28-13-40-50-0400__CAM_FRONT__1535478736612404.jpg", "samples/CAM_FRONT_RIGHT/n008-2018-08-28-13-40-50-0400__CAM_FRONT_RIGHT__1535478736620482.jpg", "samples/CAM_BACK_LEFT/n008-2018-08-28-13-40-50-0400__CAM_BACK_LEFT__1535478736647405.jpg", "samples/CAM_BACK/n008-2018-08-28-13-40-50-0400__CAM_BACK__1535478736637915.jpg", "samples/CAM_BACK_RIGHT/n008-2018-08-28-13-40-50-0400__CAM_BACK_RIGHT__1535478736628442.jpg"], "intrinsics": [[[1257.8625342125129, 0.0, 827.2410631095686], [0.0, 1257.8625342125129, 450.915498205774], [0.0, 0.0, 1.0]], [[1252.8131021185304, 0.0, 826.588114781398], [0.0, 1252.8131021185304, 469.9846626224581], [0.0, 0.0, 1.0]], [[1256.7485116440405, 0.0, 817.7887570959712], [0.0, 1256.7485116440403, 451.9541780095127], [0.0, 0.0, 1.0]], [[1254.9860565800168, 0.0, 829.5769333630991], [0.0, 1254.9860565800168, 467.1680561863987], [0.0, 0.0, 1.0]], [[796.8910634503094, 0.0, 857.7774326863696], [0.0, 796.8910634503094, 476.8848988407415], [0.0, 0.0, 1.0]], [[1249.9629280788233, 0.0, 825.3768045375984], [0.0, 1249.9629280788233, 462.54816385708756], [0.0, 0.0, 1.0]]], "extrinsics": [[[0.822925865650177, -0.568139910697937, -0.0031533935107290745, -0.831634521484375], [0.012571204453706741, 0.023757217451930046, -0.9996387362480164, 1.4908638000488281], [0.5680095553398132, 0.8225889205932617, 0.02669263444840908, -1.21630859375], [0.0, 0.0, 0.0, 1.0]], [[0.010868974030017853, -0.9997519850730896, -0.019436674192547798, 0.0091552734375], [0.01446852833032608, 0.019593026489019394, -0.9997033476829529, 1.4826126098632812], [0.9998362064361572, 0.010584501549601555, 0.014677897095680237, -1.56280517578125], [0.0, 0.0, 0.0, 1.0]], [[-0.8436484932899475, -0.5363251566886902, -0.02474929392337799, 0.9796142578125], [0.022430099546909332, 0.010848811827600002, -0.999689519405365, 1.4960250854492188], [0.5364271402359009, -0.8439416885375977, 0.002877241699025035, -1.2054443359375], [0.0, 0.0, 0.0, 1.0]], [[0.9478743672370911, 0.31860053539276123, 0.005271524656563997, -1.143310546875], [-0.0031368860509246588, 0.025872861966490746, -0.999660313129425, 1.562042236328125], [-0.31862872838974, 0.9475358128547668, 0.025523638352751732, -0.15625], [0.0, 0.0, 0.0, 1.0]], [[0.008998755365610123, 0.999790608882904, 0.01837744005024433, -0.029052734375], [-0.000936828670091927, 0.018386604264378548, -0.9998304843902588, 1.5680084228515625], [-0.9999591112136841, 0.00898001715540886, 0.0011020894162356853, -0.002685546875], [0.0, 0.0, 0.0, 1.0]], [[-0.9238203167915344, 0.3827974200248718, -0.0047103650867938995, 1.0738677978515625], [0.0033294684253633022, -0.004269792232662439, -0.9999853372573853, 1.5481266975402832], [-0.38281187415122986, -0.9238223433494568, 0.0026700093876570463, -0.07861328125], [0.0, 0.0, 0.0, 1.0]]], "view": [[0.0, -2.0, 100.0], [-2.0, 0.0, 100.0], [0.0, 0.0, 1.0]], "bev": "bev_68fcdd880d2448e69828895098eb787a.png", "aux": "aux_68fcdd880d2448e69828895098eb787a.npz", "visibility": "visibility_68fcdd880d2448e69828895098eb787a.png", "pose": [[0.8953677415847778, 0.445327490568161, 0.0, 1701.02783203125], [-0.445327490568161, 0.8953677415847778, 0.0, 1257.1365966796875], [0.0, 0.0, 1.0, 0.0], [0.0, 0.0, 0.0, 1.0]], "pose_inverse": [[0.8953677415847778, -0.445327490568161, 0.0, -963.2080078125], [0.445327490568161, 0.8953677415847778, 0.0, -1883.114013671875], [0.0, 0.0, 1.0, 0.0], [0.0, 0.0, 0.0, 1.0]], "cam_ids": [0, 1, 2, 3, 4, 5], "cam_channels": ["CAM_FRONT_LEFT", "CAM_FRONT", "CAM_FRONT_RIGHT", "CAM_BACK_LEFT", "CAM_BACK", "CAM_BACK_RIGHT"], "token": "68fcdd880d2448e69828895098eb787a", "scene": "scene-0508"}, {"images": ["samples/CAM_FRONT_LEFT/n008-2018-08-28-13-40-50-0400__CAM_FRONT_LEFT__1535478737104799.jpg", "samples/CAM_FRONT/n008-2018-08-28-13-40-50-0400__CAM_FRONT__1535478737112404.jpg", "samples/CAM_FRONT_RIGHT/n008-2018-08-28-13-40-50-0400__CAM_FRONT_RIGHT__1535478737120482.jpg", "samples/CAM_BACK_LEFT/n008-2018-08-28-13-40-50-0400__CAM_BACK_LEFT__1535478737147405.jpg", "samples/CAM_BACK/n008-2018-08-28-13-40-50-0400__CAM_BACK__1535478737137558.jpg", "samples/CAM_BACK_RIGHT/n008-2018-08-28-13-40-50-0400__CAM_BACK_RIGHT__1535478737128113.jpg"], "intrinsics": [[[1257.8625342125129, 0.0, 827.2410631095686], [0.0, 1257.8625342125129, 450.915498205774], [0.0, 0.0, 1.0]], [[1252.8131021185304, 0.0, 826.588114781398], [0.0, 1252.8131021185304, 469.9846626224581], [0.0, 0.0, 1.0]], [[1256.7485116440405, 0.0, 817.7887570959712], [0.0, 1256.7485116440403, 451.9541780095127], [0.0, 0.0, 1.0]], [[1254.9860565800168, 0.0, 829.5769333630991], [0.0, 1254.9860565800168, 467.1680561863987], [0.0, 0.0, 1.0]], [[796.8910634503094, 0.0, 857.7774326863696], [0.0, 796.8910634503094, 476.8848988407415], [0.0, 0.0, 1.0]], [[1249.9629280788233, 0.0, 825.3768045375984], [0.0, 1249.9629280788233, 462.54816385708756], [0.0, 0.0, 1.0]]], "extrinsics": [[[0.8227009773254395, -0.5683351755142212, -0.01258170511573553, -0.819580078125], [0.0063118408434093, 0.03126335144042969, -0.9994912147521973, 1.4896774291992188], [0.5684393644332886, 0.8222029805183411, 0.02930762991309166, -1.206298828125], [0.0, 0.0, 0.0, 1.0]], [[0.01044083759188652, -0.9995769262313843, -0.027147293090820312, 0.00830078125], [0.008317755535244942, 0.027234651148319244, -0.9995944499969482, 1.4816627502441406], [0.9999108910560608, 0.010210794396698475, 0.008598589338362217, -1.5511474609375], [0.0, 0.0, 0.0, 1.0]], [[-0.8439115285873413, -0.5359530448913574, -0.023827042430639267, 0.9715576171875], [0.016391105949878693, 0.01863420568406582, -0.9996919631958008, 1.4953765869140625], [0.5362319350242615, -0.8440421223640442, -0.006940757855772972, -1.201171875], [0.0, 0.0, 0.0, 1.0]], [[0.9479071497917175, 0.318536639213562, 0.002525734482333064, -1.1435546875], [-0.00877438299357891, 0.034035250544548035, -0.9993821382522583, 1.562042236328125], [-0.3184258043766022, 0.9472993612289429, 0.03505722060799599, -0.1561279296875], [0.0, 0.0, 0.0, 1.0]], [[0.009216851554811, 0.9996094107627869, 0.026381507515907288, -0.02880859375], [-0.006742428056895733, 0.026444151997566223, -0.9996275305747986, 1.5677032470703125], [-0.9999347925186157, 0.009035518392920494, 0.006983526982367039, -0.00750732421875], [0.0, 0.0, 0.0, 1.0]], [[-0.9237664341926575, 0.3829372525215149, 0.003822783473879099, 1.0667877197265625], [-0.0026254819240421057, 0.003649194957688451, -0.9999898672103882, 1.547544002532959], [-0.38294729590415955, -0.92376708984375, -0.0023656084667891264, -0.08203125], [0.0, 0.0, 0.0, 1.0]]], "view": [[0.0, -2.0, 100.0], [-2.0, 0.0, 100.0], [0.0, 0.0, 1.0]], "bev": "bev_5d6b4b8d00c14130b34b9185f6442594.png", "aux": "aux_5d6b4b8d00c14130b34b9185f6442594.npz", "visibility": "visibility_5d6b4b8d00c14130b34b9185f6442594.png", "pose": [[0.8904795050621033, 0.4550233483314514, 0.0, 1703.328369140625], [-0.4550233483314514, 0.8904795050621033, 0.0, 1255.9442138671875], [0.0, 0.0, 1.0, 0.0], [0.0, 0.0, 0.0, 1.0]], "pose_inverse": [[0.8904795050621033, -0.4550233483314514, 0.0, -945.2950439453125], [0.4550233483314514, 0.8904795050621033, 0.0, -1893.44677734375], [0.0, 0.0, 1.0, 0.0], [0.0, 0.0, 0.0, 1.0]], "cam_ids": [0, 1, 2, 3, 4, 5], "cam_channels": ["CAM_FRONT_LEFT", "CAM_FRONT", "CAM_FRONT_RIGHT", "CAM_BACK_LEFT", "CAM_BACK", "CAM_BACK_RIGHT"], "token": "5d6b4b8d00c14130b34b9185f6442594", "scene": "scene-0508"}, {"images": ["samples/CAM_FRONT_LEFT/n008-2018-08-28-13-40-50-0400__CAM_FRONT_LEFT__1535478737604799.jpg", "samples/CAM_FRONT/n008-2018-08-28-13-40-50-0400__CAM_FRONT__1535478737612404.jpg", "samples/CAM_FRONT_RIGHT/n008-2018-08-28-13-40-50-0400__CAM_FRONT_RIGHT__1535478737620482.jpg", "samples/CAM_BACK_LEFT/n008-2018-08-28-13-40-50-0400__CAM_BACK_LEFT__1535478737647405.jpg", "samples/CAM_BACK/n008-2018-08-28-13-40-50-0400__CAM_BACK__1535478737637558.jpg", "samples/CAM_BACK_RIGHT/n008-2018-08-28-13-40-50-0400__CAM_BACK_RIGHT__1535478737628113.jpg"], "intrinsics": [[[1257.8625342125129, 0.0, 827.2410631095686], [0.0, 1257.8625342125129, 450.915498205774], [0.0, 0.0, 1.0]], [[1252.8131021185304, 0.0, 826.588114781398], [0.0, 1252.8131021185304, 469.9846626224581], [0.0, 0.0, 1.0]], [[1256.7485116440405, 0.0, 817.7887570959712], [0.0, 1256.7485116440403, 451.9541780095127], [0.0, 0.0, 1.0]], [[1254.9860565800168, 0.0, 829.5769333630991], [0.0, 1254.9860565800168, 467.1680561863987], [0.0, 0.0, 1.0]], [[796.8910634503094, 0.0, 857.7774326863696], [0.0, 796.8910634503094, 476.8848988407415], [0.0, 0.0, 1.0]], [[1249.9629280788233, 0.0, 825.3768045375984], [0.0, 1249.9629280788233, 462.54816385708756], [0.0, 0.0, 1.0]]], "extrinsics": [[[0.8233274221420288, -0.5674557089805603, -0.011227053590118885, -0.808441162109375], [0.008615706115961075, 0.03227447718381882, -0.999441921710968, 1.490234375], [0.5675013065338135, 0.8227711915969849, 0.03146148845553398, -1.201416015625], [0.0, 0.0, 0.0, 1.0]], [[0.011426721699535847, -0.9995392560958862, -0.028116825968027115, 0.010498046875], [0.010569808073341846, 0.028237827122211456, -0.9995453357696533, 1.4821357727050781], [0.9998788237571716, 0.011124365963041782, 0.010887603275477886, -1.5401611328125], [0.0, 0.0, 0.0, 1.0]], [[-0.8434795141220093, -0.5365208387374878, -0.026223862543702126, 0.9654541015625], [0.018591687083244324, 0.019631236791610718, -0.9996343851089478, 1.4958076477050781], [0.536839485168457, -0.8436587452888489, -0.006583719048649073, -1.1954345703125], [0.0, 0.0, 0.0, 1.0]], [[0.9479029774665833, 0.31852397322654724, 0.004725219681859016, -1.1448974609375], [-0.00679774908348918, 0.03505485877394676, -0.9993622303009033, 1.5620574951171875], [-0.3184864819049835, 0.9472663402557373, 0.0353938527405262, -0.1556396484375], [0.0, 0.0, 0.0, 1.0]], [[0.00891510583460331, 0.9995850920677185, 0.02738882787525654, -0.029052734375], [-0.004693631548434496, 0.027431445196270943, -0.9996126294136047, 1.5677947998046875], [-0.9999492168426514, 0.008783088997006416, 0.004936239216476679, -0.00982666015625], [0.0, 0.0, 0.0, 1.0]], [[-0.9239616990089417, 0.3824786841869354, 0.0021990255918353796, 1.0612030029296875], [-0.0004646909364964813, 0.004626779817044735, -0.9999891519546509, 1.5477547645568848], [-0.38248470425605774, -0.9239526987075806, -0.004097233060747385, -0.083251953125], [0.0, 0.0, 0.0, 1.0]]], "view": [[0.0, -2.0, 100.0], [-2.0, 0.0, 100.0], [0.0, 0.0, 1.0]], "bev": "bev_ae9d1403674f48c88b79f81ca034eaba.png", "aux": "aux_ae9d1403674f48c88b79f81ca034eaba.npz", "visibility": "visibility_ae9d1403674f48c88b79f81ca034eaba.png", "pose": [[0.8850384950637817, 0.4655177891254425, 0.0, 1705.7435302734375], [-0.4655177891254425, 0.8850384950637817, 0.0, 1254.6600341796875], [0.0, 0.0, 1.0, 0.0], [0.0, 0.0, 0.0, 1.0]], "pose_inverse": [[0.8850384950637817, -0.4655177891254425, 0.0, -925.5821533203125], [0.4655177891254425, 0.8850384950637817, 0.0, -1904.4764404296875], [0.0, 0.0, 1.0, 0.0], [0.0, 0.0, 0.0, 1.0]], "cam_ids": [0, 1, 2, 3, 4, 5], "cam_channels": ["CAM_FRONT_LEFT", "CAM_FRONT", "CAM_FRONT_RIGHT", "CAM_BACK_LEFT", "CAM_BACK", "CAM_BACK_RIGHT"], "token": "ae9d1403674f48c88b79f81ca034eaba", "scene": "scene-0508"}, {"images": ["samples/CAM_FRONT_LEFT/n008-2018-08-28-13-40-50-0400__CAM_FRONT_LEFT__1535478738104799.jpg", "samples/CAM_FRONT/n008-2018-08-28-13-40-50-0400__CAM_FRONT__1535478738112404.jpg", "samples/CAM_FRONT_RIGHT/n008-2018-08-28-13-40-50-0400__CAM_FRONT_RIGHT__1535478738120482.jpg", "samples/CAM_BACK_LEFT/n008-2018-08-28-13-40-50-0400__CAM_BACK_LEFT__1535478738147405.jpg", "samples/CAM_BACK/n008-2018-08-28-13-40-50-0400__CAM_BACK__1535478738137558.jpg", "samples/CAM_BACK_RIGHT/n008-2018-08-28-13-40-50-0400__CAM_BACK_RIGHT__1535478738128113.jpg"], "intrinsics": [[[1257.8625342125129, 0.0, 827.2410631095686], [0.0, 1257.8625342125129, 450.915498205774], [0.0, 0.0, 1.0]], [[1252.8131021185304, 0.0, 826.588114781398], [0.0, 1252.8131021185304, 469.9846626224581], [0.0, 0.0, 1.0]], [[1256.7485116440405, 0.0, 817.7887570959712], [0.0, 1256.7485116440403, 451.9541780095127], [0.0, 0.0, 1.0]], [[1254.9860565800168, 0.0, 829.5769333630991], [0.0, 1254.9860565800168, 467.1680561863987], [0.0, 0.0, 1.0]], [[796.8910634503094, 0.0, 857.7774326863696], [0.0, 796.8910634503094, 476.8848988407415], [0.0, 0.0, 1.0]], [[1249.9629280788233, 0.0, 825.3768045375984], [0.0, 1249.9629280788233, 462.54816385708756], [0.0, 0.0, 1.0]]], "extrinsics": [[[0.8230249881744385, -0.5679091215133667, -0.010445697233080864, -0.805633544921875], [0.010856812819838524, 0.034115370362997055, -0.9993588924407959, 1.4908370971679688], [0.5679014325141907, 0.8223839402198792, 0.03424348309636116, -1.1982421875], [0.0, 0.0, 0.0, 1.0]], [[0.010976740159094334, -0.9994916319847107, -0.02993328496813774, 0.00927734375], [0.012813212350010872, 0.030073223635554314, -0.9994655251502991, 1.4826507568359375], [0.9998576641082764, 0.010587264783680439, 0.013136802241206169, -1.537109375], [0.0, 0.0, 0.0, 1.0]], [[-0.8436353206634521, -0.5361277461051941, -0.02909342385828495, 0.96337890625], [0.020834021270275116, 0.021457742899656296, -0.9995526075363159, 1.4962043762207031], [0.5365121960639954, -0.8438641428947449, -0.006932816468179226, -1.1951904296875], [0.0, 0.0, 0.0, 1.0]], [[0.9478902220726013, 0.318507581949234, 0.007555104326456785, -1.1456298828125], [-0.004427419975399971, 0.036880116909742355, -0.9993098974227905, 1.5620880126953125], [-0.3185664415359497, 0.9472025632858276, 0.036368466913700104, -0.1544189453125], [0.0, 0.0, 0.0, 1.0]], [[0.009007060900330544, 0.9995310306549072, 0.029266439378261566, -0.0283203125], [-0.002367600565776229, 0.029288863763213158, -0.9995681047439575, 1.5679359436035156], [-0.9999566674232483, 0.008933857083320618, 0.0026302968617528677, -0.00970458984375], [0.0, 0.0, 0.0, 1.0]], [[-0.92384934425354, 0.3827553689479828, 0.0008237599395215511, 1.0602493286132812], [0.0017916697543114424, 0.006476651411503553, -0.9999774098396301, 1.5480031967163086], [-0.38275203108787537, -0.923827052116394, -0.0066692219115793705, -0.084228515625], [0.0, 0.0, 0.0, 1.0]]], "view": [[0.0, -2.0, 100.0], [-2.0, 0.0, 100.0], [0.0, 0.0, 1.0]], "bev": "bev_54bcccb37be74afb9d4802a0b1bf867d.png", "aux": "aux_54bcccb37be74afb9d4802a0b1bf867d.npz", "visibility": "visibility_54bcccb37be74afb9d4802a0b1bf867d.png", "pose": [[0.8799934387207031, 0.474985808134079, 0.0, 1708.2584228515625], [-0.474985808134079, 0.8799934387207031, 0.0, 1253.2733154296875], [0.0, 0.0, 1.0, 0.0], [0.0, 0.0, 0.0, 1.0]], "pose_inverse": [[0.8799934387207031, -0.474985808134079, 0.0, -907.9691772460938], [0.474985808134079, 0.8799934387207031, 0.0, -1914.2708740234375], [0.0, 0.0, 1.0, 0.0], [0.0, 0.0, 0.0, 1.0]], "cam_ids": [0, 1, 2, 3, 4, 5], "cam_channels": ["CAM_FRONT_LEFT", "CAM_FRONT", "CAM_FRONT_RIGHT", "CAM_BACK_LEFT", "CAM_BACK", "CAM_BACK_RIGHT"], "token": "54bcccb37be74afb9d4802a0b1bf867d", "scene": "scene-0508"}, {"images": ["samples/CAM_FRONT_LEFT/n008-2018-08-28-13-40-50-0400__CAM_FRONT_LEFT__1535478738604799.jpg", "samples/CAM_FRONT/n008-2018-08-28-13-40-50-0400__CAM_FRONT__1535478738612404.jpg", "samples/CAM_FRONT_RIGHT/n008-2018-08-28-13-40-50-0400__CAM_FRONT_RIGHT__1535478738620482.jpg", "samples/CAM_BACK_LEFT/n008-2018-08-28-13-40-50-0400__CAM_BACK_LEFT__1535478738647405.jpg", "samples/CAM_BACK/n008-2018-08-28-13-40-50-0400__CAM_BACK__1535478738637558.jpg", "samples/CAM_BACK_RIGHT/n008-2018-08-28-13-40-50-0400__CAM_BACK_RIGHT__1535478738628113.jpg"], "intrinsics": [[[1257.8625342125129, 0.0, 827.2410631095686], [0.0, 1257.8625342125129, 450.915498205774], [0.0, 0.0, 1.0]], [[1252.8131021185304, 0.0, 826.588114781398], [0.0, 1252.8131021185304, 469.9846626224581], [0.0, 0.0, 1.0]], [[1256.7485116440405, 0.0, 817.7887570959712], [0.0, 1256.7485116440403, 451.9541780095127], [0.0, 0.0, 1.0]], [[1254.9860565800168, 0.0, 829.5769333630991], [0.0, 1254.9860565800168, 467.1680561863987], [0.0, 0.0, 1.0]], [[796.8910634503094, 0.0, 857.7774326863696], [0.0, 796.8910634503094, 476.8848988407415], [0.0, 0.0, 1.0]], [[1249.9629280788233, 0.0, 825.3768045375984], [0.0, 1249.9629280788233, 462.54816385708756], [0.0, 0.0, 1.0]]], "extrinsics": [[[0.8229935169219971, -0.5678791999816895, -0.013967146165668964, -0.787628173828125], [0.009030362591147423, 0.03766399249434471, -0.9992496371269226, 1.4905853271484375], [0.567979097366333, 0.8222498297691345, 0.03612537309527397, -1.185791015625], [0.0, 0.0, 0.0, 1.0]], [[0.01099007111042738, -0.999380350112915, -0.03343888744711876, 0.009765625], [0.01097115408629179, 0.0335594080388546, -0.9993765354156494, 1.4824600219726562], [0.9998794198036194, 0.010616335086524487, 0.01133317593485117, -1.51904296875], [0.0, 0.0, 0.0, 1.0]], [[-0.8436554670333862, -0.5360814332962036, -0.029360808432102203, 0.951904296875], [0.018975667655467987, 0.024879619479179382, -0.9995103478431702, 1.4961776733398438], [0.53654944896698, -0.8437995910644531, -0.010817325673997402, -1.1873779296875], [0.0, 0.0, 0.0, 1.0]], [[0.9479100108146667, 0.3184673488140106, 0.006717579904943705, -1.146240234375], [-0.006308359559625387, 0.03985295444726944, -0.9991856217384338, 1.5620651245117188], [-0.31847578287124634, 0.9470956921577454, 0.039786022156476974, -0.1553955078125], [0.0, 0.0, 0.0, 1.0]], [[0.009045257233083248, 0.9994339942932129, 0.03240293264389038, -0.0289306640625], [-0.0042590792290866375, 0.03244246914982796, -0.9994644522666931, 1.5677833557128906], [-0.999950110912323, 0.008902382105588913, 0.004550119396299124, -0.01495361328125], [0.0, 0.0, 0.0, 1.0]], [[-0.9238665103912354, 0.38269588351249695, 0.0038091775495558977, 1.051055908203125], [-6.486287747975439e-05, 0.009796475991606712, -0.999951958656311, 1.54779052734375], [-0.38271471858024597, -0.9238224625587463, -0.009025812149047852, -0.087646484375], [0.0, 0.0, 0.0, 1.0]]], "view": [[0.0, -2.0, 100.0], [-2.0, 0.0, 100.0], [0.0, 0.0, 1.0]], "bev": "bev_502c8b7f718540d7b0bd4660e10ee5fd.png", "aux": "aux_502c8b7f718540d7b0bd4660e10ee5fd.npz", "visibility": "visibility_502c8b7f718540d7b0bd4660e10ee5fd.png", "pose": [[0.8765732049942017, 0.4812685549259186, 0.0, 1710.9012451171875], [-0.4812685549259186, 0.8765732049942017, 0.0, 1251.80712890625], [0.0, 0.0, 1.0, 0.0], [0.0, 0.0, 0.0, 1.0]], "pose_inverse": [[0.8765732049942017, -0.4812685549259186, 0.0, -897.2747802734375], [0.4812685549259186, 0.8765732049942017, 0.0, -1920.70361328125], [0.0, 0.0, 1.0, 0.0], [0.0, 0.0, 0.0, 1.0]], "cam_ids": [0, 1, 2, 3, 4, 5], "cam_channels": ["CAM_FRONT_LEFT", "CAM_FRONT", "CAM_FRONT_RIGHT", "CAM_BACK_LEFT", "CAM_BACK", "CAM_BACK_RIGHT"], "token": "502c8b7f718540d7b0bd4660e10ee5fd", "scene": "scene-0508"}, {"images": ["samples/CAM_FRONT_LEFT/n008-2018-08-28-13-40-50-0400__CAM_FRONT_LEFT__1535478739104799.jpg", "samples/CAM_FRONT/n008-2018-08-28-13-40-50-0400__CAM_FRONT__1535478739112404.jpg", "samples/CAM_FRONT_RIGHT/n008-2018-08-28-13-40-50-0400__CAM_FRONT_RIGHT__1535478739120482.jpg", "samples/CAM_BACK_LEFT/n008-2018-08-28-13-40-50-0400__CAM_BACK_LEFT__1535478739147405.jpg", "samples/CAM_BACK/n008-2018-08-28-13-40-50-0400__CAM_BACK__1535478739137558.jpg", "samples/CAM_BACK_RIGHT/n008-2018-08-28-13-40-50-0400__CAM_BACK_RIGHT__1535478739128113.jpg"], "intrinsics": [[[1257.8625342125129, 0.0, 827.2410631095686], [0.0, 1257.8625342125129, 450.915498205774], [0.0, 0.0, 1.0]], [[1252.8131021185304, 0.0, 826.588114781398], [0.0, 1252.8131021185304, 469.9846626224581], [0.0, 0.0, 1.0]], [[1256.7485116440405, 0.0, 817.7887570959712], [0.0, 1256.7485116440403, 451.9541780095127], [0.0, 0.0, 1.0]], [[1254.9860565800168, 0.0, 829.5769333630991], [0.0, 1254.9860565800168, 467.1680561863987], [0.0, 0.0, 1.0]], [[796.8910634503094, 0.0, 857.7774326863696], [0.0, 796.8910634503094, 476.8848988407415], [0.0, 0.0, 1.0]], [[1249.9629280788233, 0.0, 825.3768045375984], [0.0, 1249.9629280788233, 462.54816385708756], [0.0, 0.0, 1.0]]], "extrinsics": [[[0.822814404964447, -0.5681452751159668, -0.013694293797016144, -0.787628173828125], [0.006555282045155764, 0.03358306363224983, -0.9994143843650818, 1.4899368286132812], [0.5682724118232727, 0.822242796421051, 0.03135697916150093, -1.18603515625], [0.0, 0.0, 0.0, 1.0]], [[0.010658308863639832, -0.9995123744010925, -0.029348570853471756, 0.0096435546875], [0.008408095687627792, 0.02943878248333931, -0.9995312094688416, 1.4819259643554688], [0.9999078512191772, 0.010406503453850746, 0.008717763237655163, -1.5186767578125], [0.0, 0.0, 0.0, 1.0]], [[-0.8438209295272827, -0.5360475778579712, -0.024885252118110657, 0.950927734375], [0.01632106862962246, 0.020715584978461266, -0.9996521472930908, 1.495758056640625], [0.5363765954971313, -0.8439335823059082, -0.008731377311050892, -1.1871337890625], [0.0, 0.0, 0.0, 1.0]], [[0.9478972554206848, 0.3185666799545288, 0.002490306505933404, -1.1435546875], [-0.009366106241941452, 0.03568081185221672, -0.999319314956665, 1.562042236328125], [-0.31843873858451843, 0.9472286701202393, 0.036805473268032074, -0.1561279296875], [0.0, 0.0, 0.0, 1.0]], [[0.009143355302512646, 0.9995612502098083, 0.028175048530101776, -0.0286865234375], [-0.007161417044699192, 0.028240958228707314, -0.9995754361152649, 1.5676078796386719], [-0.999932587146759, 0.008937673643231392, 0.007416491862386465, -0.01690673828125], [0.0, 0.0, 0.0, 1.0]], [[-0.9238158464431763, 0.3828073740005493, 0.004778451751917601, 1.0500564575195312], [-0.002850304590538144, 0.00560386385768652, -0.9999802708625793, 1.5474648475646973], [-0.3828265070915222, -0.9238111972808838, -0.004085821099579334, -0.08837890625], [0.0, 0.0, 0.0, 1.0]]], "view": [[0.0, -2.0, 100.0], [-2.0, 0.0, 100.0], [0.0, 0.0, 1.0]], "bev": "bev_587f3d42ebde441a8c14d790592495cb.png", "aux": "aux_587f3d42ebde441a8c14d790592495cb.npz", "visibility": "visibility_587f3d42ebde441a8c14d790592495cb.png", "pose": [[0.8738281726837158, 0.4862348735332489, 0.0, 1713.61865234375], [-0.4862348735332489, 0.8738281726837158, 0.0, 1250.281982421875], [0.0, 0.0, 1.0, 0.0], [0.0, 0.0, 0.0, 1.0]], "pose_inverse": [[0.8738281726837158, -0.4862348735332489, 0.0, -889.4775390625], [0.4862348735332489, 0.8738281726837158, 0.0, -1925.752685546875], [0.0, 0.0, 1.0, 0.0], [0.0, 0.0, 0.0, 1.0]], "cam_ids": [0, 1, 2, 3, 4, 5], "cam_channels": ["CAM_FRONT_LEFT", "CAM_FRONT", "CAM_FRONT_RIGHT", "CAM_BACK_LEFT", "CAM_BACK", "CAM_BACK_RIGHT"], "token": "587f3d42ebde441a8c14d790592495cb", "scene": "scene-0508"}, {"images": ["samples/CAM_FRONT_LEFT/n008-2018-08-28-13-40-50-0400__CAM_FRONT_LEFT__1535478739604799.jpg", "samples/CAM_FRONT/n008-2018-08-28-13-40-50-0400__CAM_FRONT__1535478739612404.jpg", "samples/CAM_FRONT_RIGHT/n008-2018-08-28-13-40-50-0400__CAM_FRONT_RIGHT__1535478739620482.jpg", "samples/CAM_BACK_LEFT/n008-2018-08-28-13-40-50-0400__CAM_BACK_LEFT__1535478739647405.jpg", "samples/CAM_BACK/n008-2018-08-28-13-40-50-0400__CAM_BACK__1535478739637558.jpg", "samples/CAM_BACK_RIGHT/n008-2018-08-28-13-40-50-0400__CAM_BACK_RIGHT__1535478739628113.jpg"], "intrinsics": [[[1257.8625342125129, 0.0, 827.2410631095686], [0.0, 1257.8625342125129, 450.915498205774], [0.0, 0.0, 1.0]], [[1252.8131021185304, 0.0, 826.588114781398], [0.0, 1252.8131021185304, 469.9846626224581], [0.0, 0.0, 1.0]], [[1256.7485116440405, 0.0, 817.7887570959712], [0.0, 1256.7485116440403, 451.9541780095127], [0.0, 0.0, 1.0]], [[1254.9860565800168, 0.0, 829.5769333630991], [0.0, 1254.9860565800168, 467.1680561863987], [0.0, 0.0, 1.0]], [[796.8910634503094, 0.0, 857.7774326863696], [0.0, 796.8910634503094, 476.8848988407415], [0.0, 0.0, 1.0]], [[1249.9629280788233, 0.0, 825.3768045375984], [0.0, 1249.9629280788233, 462.54816385708756], [0.0, 0.0, 1.0]]], "extrinsics": [[[0.822685718536377, -0.5682674646377563, -0.016139544546604156, -0.776885986328125], [0.003375690896064043, 0.03327244892716408, -0.999440610408783, 1.4891281127929688], [0.5684865117073059, 0.8221710324287415, 0.0292910598218441, -1.17919921875], [0.0, 0.0, 0.0, 1.0]], [[0.010347544215619564, -0.999523401260376, -0.029085785150527954, 0.0098876953125], [0.005262424703687429, 0.029141372069716454, -0.9995614290237427, 1.4812812805175781], [0.9999326467514038, 0.010189954191446304, 0.005561457946896553, -1.5093994140625], [0.0, 0.0, 0.0, 1.0]], [[-0.8439897298812866, -0.5359038710594177, -0.02210078574717045, 0.946044921875], [0.013204308226704597, 0.020432667806744576, -0.9997040033340454, 1.4953079223632812], [0.5361968278884888, -0.844031810760498, -0.010168722830712795, -1.1837158203125], [0.0, 0.0, 0.0, 1.0]], [[0.9478861093521118, 0.3186091482639313, -0.0003939613816328347, -1.147705078125], [-0.01238865964114666, 0.03562157228589058, -0.9992885589599609, 1.5620918273925781], [-0.31836846470832825, 0.9472166299819946, 0.03771233186125755, -0.1549072265625], [0.0, 0.0, 0.0, 1.0]], [[0.009278370067477226, 0.9995653629302979, 0.02798498049378395, -0.02880859375], [-0.010139191523194313, 0.02807878889143467, -0.9995542764663696, 1.5674324035644531], [-0.999905526638031, 0.00899056252092123, 0.010395309887826443, -0.01593017578125], [0.0, 0.0, 0.0, 1.0]], [[-0.9237435460090637, 0.3829379081726074, 0.007508806884288788, 1.0469284057617188], [-0.0059060691855847836, 0.005360856186598539, -0.9999681711196899, 1.5470843315124512], [-0.382966011762619, -0.9237585663795471, -0.002690397435799241, -0.08935546875], [0.0, 0.0, 0.0, 1.0]]], "view": [[0.0, -2.0, 100.0], [-2.0, 0.0, 100.0], [0.0, 0.0, 1.0]], "bev": "bev_68b2014bfd6f40579014bb018089dcc4.png", "aux": "aux_68b2014bfd6f40579014bb018089dcc4.npz", "visibility": "visibility_68b2014bfd6f40579014bb018089dcc4.png", "pose": [[0.8706262111663818, 0.49194514751434326, 0.0, 1716.3548583984375], [-0.49194514751434326, 0.8706262111663818, 0.0, 1248.706787109375], [0.0, 0.0, 1.0, 0.0], [0.0, 0.0, 0.0, 1.0]], "pose_inverse": [[0.8706262111663818, -0.49194514751434326, 0.0, -880.0082397460938], [0.49194514751434326, 0.8706262111663818, 0.0, -1931.50927734375], [0.0, 0.0, 1.0, 0.0], [0.0, 0.0, 0.0, 1.0]], "cam_ids": [0, 1, 2, 3, 4, 5], "cam_channels": ["CAM_FRONT_LEFT", "CAM_FRONT", "CAM_FRONT_RIGHT", "CAM_BACK_LEFT", "CAM_BACK", "CAM_BACK_RIGHT"], "token": "68b2014bfd6f40579014bb018089dcc4", "scene": "scene-0508"}, {"images": ["samples/CAM_FRONT_LEFT/n008-2018-08-28-13-40-50-0400__CAM_FRONT_LEFT__1535478740104799.jpg", "samples/CAM_FRONT/n008-2018-08-28-13-40-50-0400__CAM_FRONT__1535478740112404.jpg", "samples/CAM_FRONT_RIGHT/n008-2018-08-28-13-40-50-0400__CAM_FRONT_RIGHT__1535478740120482.jpg", "samples/CAM_BACK_LEFT/n008-2018-08-28-13-40-50-0400__CAM_BACK_LEFT__1535478740147405.jpg", "samples/CAM_BACK/n008-2018-08-28-13-40-50-0400__CAM_BACK__1535478740137558.jpg", "samples/CAM_BACK_RIGHT/n008-2018-08-28-13-40-50-0400__CAM_BACK_RIGHT__1535478740128113.jpg"], "intrinsics": [[[1257.8625342125129, 0.0, 827.2410631095686], [0.0, 1257.8625342125129, 450.915498205774], [0.0, 0.0, 1.0]], [[1252.8131021185304, 0.0, 826.588114781398], [0.0, 1252.8131021185304, 469.9846626224581], [0.0, 0.0, 1.0]], [[1256.7485116440405, 0.0, 817.7887570959712], [0.0, 1256.7485116440403, 451.9541780095127], [0.0, 0.0, 1.0]], [[1254.9860565800168, 0.0, 829.5769333630991], [0.0, 1254.9860565800168, 467.1680561863987], [0.0, 0.0, 1.0]], [[796.8910634503094, 0.0, 857.7774326863696], [0.0, 796.8910634503094, 476.8848988407415], [0.0, 0.0, 1.0]], [[1249.9629280788233, 0.0, 825.3768045375984], [0.0, 1249.9629280788233, 462.54816385708756], [0.0, 0.0, 1.0]]], "extrinsics": [[[0.8222537636756897, -0.5688701868057251, -0.016896892338991165, -0.771484375], [-0.00018063330207951367, 0.029428595677018166, -0.9995668530464172, 1.488189697265625], [0.5691210031509399, 0.8219007253646851, 0.024095015600323677, -1.173583984375], [0.0, 0.0, 0.0, 1.0]], [[0.009707905352115631, -0.9996364116668701, -0.025157732889056206, 0.0089111328125], [0.001765555702149868, 0.025176014751195908, -0.9996814727783203, 1.4805412292480469], [0.9999512434005737, 0.009660301730036736, 0.002009320305660367, -1.50384521484375], [0.0, 0.0, 0.0, 1.0]], [[-0.844264566898346, -0.5356566905975342, -0.017010018229484558, 0.9420166015625], [0.00977886188775301, 0.016336938366293907, -0.9998186826705933, 1.494781494140625], [0.5358374714851379, -0.8442778587341309, -0.008554586209356785, -1.1822509765625], [0.0, 0.0, 0.0, 1.0]], [[0.9478282928466797, 0.3187412619590759, -0.005049462895840406, -1.1483154296875], [-0.01581024006009102, 0.031182078644633293, -0.9993886947631836, 1.562103271484375], [-0.318388968706131, 0.9473286867141724, 0.03459463641047478, -0.1549072265625], [0.0, 0.0, 0.0, 1.0]], [[0.009413505904376507, 0.9996766448020935, 0.023622386157512665, -0.0286865234375], [-0.013517134822905064, 0.02374848909676075, -0.9996265769004822, 1.5672225952148438], [-0.9998643398284912, 0.00909064244478941, 0.013736319728195667, -0.01751708984375], [0.0, 0.0, 0.0, 1.0]], [[-0.92362380027771, 0.38319385051727295, 0.009028727188706398, 1.0448188781738281], [-0.00929398462176323, 0.0011591693619266152, -0.9999561309814453, 1.5466489791870117], [-0.38318753242492676, -0.9236671924591064, 0.002490761922672391, -0.091064453125], [0.0, 0.0, 0.0, 1.0]]], "view": [[0.0, -2.0, 100.0], [-2.0, 0.0, 100.0], [0.0, 0.0, 1.0]], "bev": "bev_96dd0f8915064536b38283e007b67955.png", "aux": "aux_96dd0f8915064536b38283e007b67955.npz", "visibility": "visibility_96dd0f8915064536b38283e007b67955.png", "pose": [[0.8674654960632324, 0.49749740958213806, 0.0, 1719.262939453125], [-0.49749740958213806, 0.8674654960632324, 0.0, 1247.0091552734375], [0.0, 0.0, 1.0, 0.0], [0.0, 0.0, 0.0, 1.0]], "pose_inverse": [[0.8674654960632324, -0.49749740958213806, 0.0, -871.0173950195312], [0.49749740958213806, 0.8674654960632324, 0.0, -1937.066162109375], [0.0, 0.0, 1.0, 0.0], [0.0, 0.0, 0.0, 1.0]], "cam_ids": [0, 1, 2, 3, 4, 5], "cam_channels": ["CAM_FRONT_LEFT", "CAM_FRONT", "CAM_FRONT_RIGHT", "CAM_BACK_LEFT", "CAM_BACK", "CAM_BACK_RIGHT"], "token": "96dd0f8915064536b38283e007b67955", "scene": "scene-0508"}, {"images": ["samples/CAM_FRONT_LEFT/n008-2018-08-28-13-40-50-0400__CAM_FRONT_LEFT__1535478740604799.jpg", "samples/CAM_FRONT/n008-2018-08-28-13-40-50-0400__CAM_FRONT__1535478740612404.jpg", "samples/CAM_FRONT_RIGHT/n008-2018-08-28-13-40-50-0400__CAM_FRONT_RIGHT__1535478740620482.jpg", "samples/CAM_BACK_LEFT/n008-2018-08-28-13-40-50-0400__CAM_BACK_LEFT__1535478740647405.jpg", "samples/CAM_BACK/n008-2018-08-28-13-40-50-0400__CAM_BACK__1535478740637558.jpg", "samples/CAM_BACK_RIGHT/n008-2018-08-28-13-40-50-0400__CAM_BACK_RIGHT__1535478740628113.jpg"], "intrinsics": [[[1257.8625342125129, 0.0, 827.2410631095686], [0.0, 1257.8625342125129, 450.915498205774], [0.0, 0.0, 1.0]], [[1252.8131021185304, 0.0, 826.588114781398], [0.0, 1252.8131021185304, 469.9846626224581], [0.0, 0.0, 1.0]], [[1256.7485116440405, 0.0, 817.7887570959712], [0.0, 1256.7485116440403, 451.9541780095127], [0.0, 0.0, 1.0]], [[1254.9860565800168, 0.0, 829.5769333630991], [0.0, 1254.9860565800168, 467.1680561863987], [0.0, 0.0, 1.0]], [[796.8910634503094, 0.0, 857.7774326863696], [0.0, 796.8910634503094, 476.8848988407415], [0.0, 0.0, 1.0]], [[1249.9629280788233, 0.0, 825.3768045375984], [0.0, 1249.9629280788233, 462.54816385708756], [0.0, 0.0, 1.0]]], "extrinsics": [[[0.8221492171287537, -0.5691139698028564, -0.013414686545729637, -0.758636474609375], [-0.0009815513622015715, 0.022147420793771744, -0.9997542500495911, 1.4879608154296875], [0.5692712068557739, 0.8219603300094604, 0.017649870365858078, -1.165283203125], [0.0, 0.0, 0.0, 1.0]], [[0.009499605745077133, -0.9997937083244324, -0.017952099442481995, 0.0089111328125], [0.000952192407567054, 0.01796194538474083, -0.9998382329940796, 1.480377197265625], [0.9999544024467468, 0.009480993263423443, 0.0011226285714656115, -1.4888916015625], [0.0, 0.0, 0.0, 1.0]], [[-0.8443519473075867, -0.5356438159942627, -0.012472150847315788, 0.9310302734375], [0.00893864594399929, 0.009192231111228466, -0.9999178051948547, 1.4947586059570312], [0.5357143878936768, -0.8443940877914429, -0.0029735483694821596, -1.17529296875], [0.0, 0.0, 0.0, 1.0]], [[0.9478094577789307, 0.3187456727027893, -0.007649102248251438, -1.142822265625], [-0.016198227182030678, 0.024179063737392426, -0.9995763897895813, 1.5620098114013672], [-0.31842565536499023, 0.9475318193435669, 0.028080260381102562, -0.156982421875], [0.0, 0.0, 0.0, 1.0]], [[0.009449630044400692, 0.999817967414856, 0.016578873619437218, -0.0286865234375], [-0.014144444838166237, 0.016711601987481117, -0.9997602701187134, 1.5670585632324219], [-0.9998553395271301, 0.009212798438966274, 0.014299788512289524, -0.026123046875], [0.0, 0.0, 0.0, 1.0]], [[-0.9235823750495911, 0.38333606719970703, 0.00700474763289094, 1.0344200134277344], [-0.010045770555734634, -0.005931679159402847, -0.9999319314956665, 1.5464458465576172], [-0.3832683861255646, -0.9235899448394775, 0.009329301305115223, -0.095703125], [0.0, 0.0, 0.0, 1.0]]], "view": [[0.0, -2.0, 100.0], [-2.0, 0.0, 100.0], [0.0, 0.0, 1.0]], "bev": "bev_a1a3214584724e41b00305ec302aabef.png", "aux": "aux_a1a3214584724e41b00305ec302aabef.npz", "visibility": "visibility_a1a3214584724e41b00305ec302aabef.png", "pose": [[0.8638579249382019, 0.5037355422973633, 0.0, 1722.199462890625], [-0.5037355422973633, 0.8638579249382019, 0.0, 1245.2442626953125], [0.0, 0.0, 1.0, 0.0], [0.0, 0.0, 0.0, 1.0]], "pose_inverse": [[0.8638579249382019, -0.5037355422973633, 0.0, -860.4618530273438], [0.5037355422973633, 0.8638579249382019, 0.0, -1943.2471923828125], [0.0, 0.0, 1.0, 0.0], [0.0, 0.0, 0.0, 1.0]], "cam_ids": [0, 1, 2, 3, 4, 5], "cam_channels": ["CAM_FRONT_LEFT", "CAM_FRONT", "CAM_FRONT_RIGHT", "CAM_BACK_LEFT", "CAM_BACK", "CAM_BACK_RIGHT"], "token": "a1a3214584724e41b00305ec302aabef", "scene": "scene-0508"}, {"images": ["samples/CAM_FRONT_LEFT/n008-2018-08-28-13-40-50-0400__CAM_FRONT_LEFT__1535478741104799.jpg", "samples/CAM_FRONT/n008-2018-08-28-13-40-50-0400__CAM_FRONT__1535478741112404.jpg", "samples/CAM_FRONT_RIGHT/n008-2018-08-28-13-40-50-0400__CAM_FRONT_RIGHT__1535478741120482.jpg", "samples/CAM_BACK_LEFT/n008-2018-08-28-13-40-50-0400__CAM_BACK_LEFT__1535478741147405.jpg", "samples/CAM_BACK/n008-2018-08-28-13-40-50-0400__CAM_BACK__1535478741137558.jpg", "samples/CAM_BACK_RIGHT/n008-2018-08-28-13-40-50-0400__CAM_BACK_RIGHT__1535478741128113.jpg"], "intrinsics": [[[1257.8625342125129, 0.0, 827.2410631095686], [0.0, 1257.8625342125129, 450.915498205774], [0.0, 0.0, 1.0]], [[1252.8131021185304, 0.0, 826.588114781398], [0.0, 1252.8131021185304, 469.9846626224581], [0.0, 0.0, 1.0]], [[1256.7485116440405, 0.0, 817.7887570959712], [0.0, 1256.7485116440403, 451.9541780095127], [0.0, 0.0, 1.0]], [[1254.9860565800168, 0.0, 829.5769333630991], [0.0, 1254.9860565800168, 467.1680561863987], [0.0, 0.0, 1.0]], [[796.8910634503094, 0.0, 857.7774326863696], [0.0, 796.8910634503094, 476.8848988407415], [0.0, 0.0, 1.0]], [[1249.9629280788233, 0.0, 825.3768045375984], [0.0, 1249.9629280788233, 462.54816385708756], [0.0, 0.0, 1.0]]], "extrinsics": [[[0.8222580552101135, -0.5689977407455444, -0.01155295129865408, -0.74334716796875], [-0.0005279083270579576, 0.01953727938234806, -0.9998089671134949, 1.4881172180175781], [0.5691147446632385, 0.8221070170402527, 0.015764303505420685, -1.153076171875], [0.0, 0.0, 0.0, 1.0]], [[0.009796801023185253, -0.9998337030410767, -0.015381134115159512, 0.008056640625], [0.0014034081250429153, 0.015395605936646461, -0.9998804926872253, 1.4805316925048828], [0.9999510049819946, 0.009773963131010532, 0.0015540019376203418, -1.47174072265625], [0.0, 0.0, 0.0, 1.0]], [[-0.8442298173904419, -0.5358577966690063, -0.011514279991388321, 0.9180908203125], [0.009401221759617329, 0.006674762349575758, -0.9999335408210754, 1.4949913024902344], [0.5358989834785461, -0.8442819118499756, -0.0005973158986307681, -1.16796875], [0.0, 0.0, 0.0, 1.0]], [[0.9478411078453064, 0.31863847374916077, -0.0081858579069376, -1.1353759765625], [-0.01597374491393566, 0.021835749968886375, -0.9996339678764343, 1.5619029998779297], [-0.31834304332733154, 0.9476248621940613, 0.025786668062210083, -0.158935546875], [0.0, 0.0, 0.0, 1.0]], [[0.009413525462150574, 0.9998546838760376, 0.014213744550943375, -0.0279541015625], [-0.013890319503843784, 0.014343750663101673, -0.9998006224632263, 1.5669431686401367], [-0.9998592734336853,