[{"images": ["samples/CAM_FRONT_LEFT/n008-2018-09-18-14-43-59-0400__CAM_FRONT_LEFT__1537296424354799.jpg", "samples/CAM_FRONT/n008-2018-09-18-14-43-59-0400__CAM_FRONT__1537296424362404.jpg", "samples/CAM_FRONT_RIGHT/n008-2018-09-18-14-43-59-0400__CAM_FRONT_RIGHT__1537296424370482.jpg", "samples/CAM_BACK_LEFT/n008-2018-09-18-14-43-59-0400__CAM_BACK_LEFT__1537296424397405.jpg", "samples/CAM_BACK/n008-2018-09-18-14-43-59-0400__CAM_BACK__1537296424387558.jpg", "samples/CAM_BACK_RIGHT/n008-2018-09-18-14-43-59-0400__CAM_BACK_RIGHT__1537296424378113.jpg"], "intrinsics": [[[1257.8625342125129, 0.0, 827.2410631095686], [0.0, 1257.8625342125129, 450.915498205774], [0.0, 0.0, 1.0]], [[1252.8131021185304, 0.0, 826.588114781398], [0.0, 1252.8131021185304, 469.9846626224581], [0.0, 0.0, 1.0]], [[1256.7485116440405, 0.0, 817.7887570959712], [0.0, 1256.7485116440403, 451.9541780095127], [0.0, 0.0, 1.0]], [[1254.9860565800168, 0.0, 829.5769333630991], [0.0, 1254.9860565800168, 467.1680561863987], [0.0, 0.0, 1.0]], [[796.8910634503094, 0.0, 857.7774326863696], [0.0, 796.8910634503094, 476.8848988407415], [0.0, 0.0, 1.0]], [[1249.9629280788233, 0.0, 825.3768045375984], [0.0, 1249.9629280788233, 462.54816385708756], [0.0, 0.0, 1.0]]], "extrinsics": [[[0.8227391839027405, -0.5682934522628784, -0.011948260478675365, -0.640380859375], [0.004719044081866741, 0.02784835547208786, -0.9996010065078735, 1.4902653694152832], [0.5683993697166443, 0.8223545551300049, 0.02559373714029789, -1.086151123046875], [0.0, 0.0, 0.0, 1.0]], [[0.010489887557923794, -0.9996611475944519, -0.02382102981209755, 0.012420654296875], [0.006463032681494951, 0.02388962358236313, -0.999693751335144, 1.4824423789978027], [0.9999240636825562, 0.010332711972296238, 0.006711443420499563, -1.3707275390625], [0.0, 0.0, 0.0, 1.0]], [[-0.8439041972160339, -0.5361101627349854, -0.02028867043554783, 0.85150146484375], [0.014281557872891426, 0.015354946255683899, -0.9997801184654236, 1.4971027374267578], [0.5363038778305054, -0.8440083861351013, -0.005301614757627249, -1.1226806640625], [0.0, 0.0, 0.0, 1.0]], [[0.9478439092636108, 0.3187329173088074, -0.001079411944374442, -1.1231689453125], [-0.011522695422172546, 0.030881309881806374, -0.9994566440582275, 1.5617847442626953], [-0.3185264766216278, 0.9473413228988647, 0.032943326979875565, -0.16326904296875], [0.0, 0.0, 0.0, 1.0]], [[0.009132865816354752, 0.9996888041496277, 0.023215439170598984, -0.02880859375], [-0.00924468133598566, 0.023299826309084892, -0.9996857047080994, 1.5669479370117188], [-0.999915599822998, 0.008915374055504799, 0.009454597719013691, -0.0736083984375], [0.0, 0.0, 0.0, 1.0]], [[-0.9237964749336243, 0.3828548192977905, 0.004724659491330385, 0.9658203125], [-0.004936785437166691, 0.0004284024762455374, -0.9999877214431763, 1.5467734336853027], [-0.3828520178794861, -0.9238084554672241, 0.001494315336458385, -0.122467041015625], [0.0, 0.0, 0.0, 1.0]]], "view": [[0.0, -2.0, 100.0], [-2.0, 0.0, 100.0], [0.0, 0.0, 1.0]], "bev": "bev_9af13e5ad1ff4e4da16f2d1669b18df3.png", "aux": "aux_9af13e5ad1ff4e4da16f2d1669b18df3.npz", "visibility": "visibility_9af13e5ad1ff4e4da16f2d1669b18df3.png", "pose": [[-0.6401153206825256, 0.7682788372039795, 0.0, 1027.4588623046875], [-0.7682788372039795, -0.6401153206825256, 0.0, 748.20166015625], [0.0, 0.0, 1.0, 0.0], [0.0, 0.0, 0.0, 1.0]], "pose_inverse": [[-0.6401153206825256, -0.7682788372039795, 0.0, 1232.5196533203125], [0.7682788372039795, -0.6401153206825256, 0.0, -310.4395446777344], [0.0, 0.0, 1.0, 0.0], [0.0, 0.0, 0.0, 1.0]], "cam_ids": [0, 1, 2, 3, 4, 5], "cam_channels": ["CAM_FRONT_LEFT", "CAM_FRONT", "CAM_FRONT_RIGHT", "CAM_BACK_LEFT", "CAM_BACK", "CAM_BACK_RIGHT"], "token": "9af13e5ad1ff4e4da16f2d1669b18df3", "scene": "scene-0644"}, {"images": ["samples/CAM_FRONT_LEFT/n008-2018-09-18-14-43-59-0400__CAM_FRONT_LEFT__1537296424904799.jpg", "samples/CAM_FRONT/n008-2018-09-18-14-43-59-0400__CAM_FRONT__1537296424912404.jpg", "samples/CAM_FRONT_RIGHT/n008-2018-09-18-14-43-59-0400__CAM_FRONT_RIGHT__1537296424920482.jpg", "samples/CAM_BACK_LEFT/n008-2018-09-18-14-43-59-0400__CAM_BACK_LEFT__1537296424947405.jpg", "samples/CAM_BACK/n008-2018-09-18-14-43-59-0400__CAM_BACK__1537296424937558.jpg", "samples/CAM_BACK_RIGHT/n008-2018-09-18-14-43-59-0400__CAM_BACK_RIGHT__1537296424928545.jpg"], "intrinsics": [[[1257.8625342125129, 0.0, 827.2410631095686], [0.0, 1257.8625342125129, 450.915498205774], [0.0, 0.0, 1.0]], [[1252.8131021185304, 0.0, 826.588114781398], [0.0, 1252.8131021185304, 469.9846626224581], [0.0, 0.0, 1.0]], [[1256.7485116440405, 0.0, 817.7887570959712], [0.0, 1256.7485116440403, 451.9541780095127], [0.0, 0.0, 1.0]], [[1254.9860565800168, 0.0, 829.5769333630991], [0.0, 1254.9860565800168, 467.1680561863987], [0.0, 0.0, 1.0]], [[796.8910634503094, 0.0, 857.7774326863696], [0.0, 796.8910634503094, 476.8848988407415], [0.0, 0.0, 1.0]], [[1249.9629280788233, 0.0, 825.3768045375984], [0.0, 1249.9629280788233, 462.54816385708756], [0.0, 0.0, 1.0]]], "extrinsics": [[[0.8227128386497498, -0.5683823227882385, -0.009230274707078934, -0.649169921875], [0.007914606481790543, 0.027688929811120033, -0.9995852708816528, 1.4916273355484009], [0.568402111530304, 0.822298526763916, 0.027278559282422066, -1.090850830078125], [0.0, 0.0, 0.0, 1.0]], [[0.010514765046536922, -0.9996713995933533, -0.023379286751151085, 0.01116943359375], [0.009880371391773224, 0.02348330244421959, -0.9996753931045532, 1.4836349487304688], [0.9998958706855774, 0.01028028316795826, 0.010124045424163342, -1.378662109375], [0.0, 0.0, 0.0, 1.0]], [[-0.8438559770584106, -0.536076545715332, -0.02300065942108631, 0.8577880859375], [0.017913982272148132, 0.014695038087666035, -0.9997315406799316, 1.4980087280273438], [0.5362706780433655, -0.8440414667129517, -0.002797229215502739, -1.1279296875], [0.0, 0.0, 0.0, 1.0]], [[0.9478643536567688, 0.3186648190021515, 0.002433107467368245, -1.127197265625], [-0.00740234088152647, 0.029649922624230385, -0.9995328783988953, 1.5619068145751953], [-0.3185880780220032, 0.9474035501480103, 0.030462969094514847, -0.161865234375], [0.0, 0.0, 0.0, 1.0]], [[0.009101862087845802, 0.9997140765190125, 0.022111160680651665, -0.02838134765625], [-0.005329730920493603, 0.022160261869430542, -0.9997402429580688, 1.5674524307250977], [-0.9999443292617798, 0.008981635794043541, 0.005529905669391155, -0.0679931640625], [0.0, 0.0, 0.0, 1.0]], [[-0.9237868785858154, 0.3829057812690735, 0.0008713951101526618, 0.9761962890625], [-0.001136372215114534, -0.00046583524090237916, -0.9999992847442627, 1.5475866794586182], [-0.38290515542030334, -0.9237872958183289, 0.0008654567063786089, -0.119049072265625], [0.0, 0.0, 0.0, 1.0]]], "view": [[0.0, -2.0, 100.0], [-2.0, 0.0, 100.0], [0.0, 0.0, 1.0]], "bev": "bev_7a3e8eaea715423d9e29e75cf4e9f4e2.png", "aux": "aux_7a3e8eaea715423d9e29e75cf4e9f4e2.npz", "visibility": "visibility_7a3e8eaea715423d9e29e75cf4e9f4e2.png", "pose": [[-0.6416943669319153, 0.7669604420661926, 0.0, 1024.0166015625], [-0.7669604420661926, -0.6416943669319153, 0.0, 744.1163330078125], [0.0, 0.0, 1.0, 0.0], [0.0, 0.0, 0.0, 1.0]], "pose_inverse": [[-0.6416943669319153, -0.7669604420661926, 0.0, 1227.8134765625], [0.7669604420661926, -0.6416943669319153, 0.0, -307.8849792480469], [0.0, 0.0, 1.0, 0.0], [0.0, 0.0, 0.0, 1.0]], "cam_ids": [0, 1, 2, 3, 4, 5], "cam_channels": ["CAM_FRONT_LEFT", "CAM_FRONT", "CAM_FRONT_RIGHT", "CAM_BACK_LEFT", "CAM_BACK", "CAM_BACK_RIGHT"], "token": "7a3e8eaea715423d9e29e75cf4e9f4e2", "scene": "scene-0644"}, {"images": ["samples/CAM_FRONT_LEFT/n008-2018-09-18-14-43-59-0400__CAM_FRONT_LEFT__1537296425404799.jpg", "samples/CAM_FRONT/n008-2018-09-18-14-43-59-0400__CAM_FRONT__1537296425412404.jpg", "samples/CAM_FRONT_RIGHT/n008-2018-09-18-14-43-59-0400__CAM_FRONT_RIGHT__1537296425420482.jpg", "samples/CAM_BACK_LEFT/n008-2018-09-18-14-43-59-0400__CAM_BACK_LEFT__1537296425447405.jpg", "samples/CAM_BACK/n008-2018-09-18-14-43-59-0400__CAM_BACK__1537296425437558.jpg", "samples/CAM_BACK_RIGHT/n008-2018-09-18-14-43-59-0400__CAM_BACK_RIGHT__1537296425428113.jpg"], "intrinsics": [[[1257.8625342125129, 0.0, 827.2410631095686], [0.0, 1257.8625342125129, 450.915498205774], [0.0, 0.0, 1.0]], [[1252.8131021185304, 0.0, 826.588114781398], [0.0, 1252.8131021185304, 469.9846626224581], [0.0, 0.0, 1.0]], [[1256.7485116440405, 0.0, 817.7887570959712], [0.0, 1256.7485116440403, 451.9541780095127], [0.0, 0.0, 1.0]], [[1254.9860565800168, 0.0, 829.5769333630991], [0.0, 1254.9860565800168, 467.1680561863987], [0.0, 0.0, 1.0]], [[796.8910634503094, 0.0, 857.7774326863696], [0.0, 796.8910634503094, 476.8848988407415], [0.0, 0.0, 1.0]], [[1249.9629280788233, 0.0, 825.3768045375984], [0.0, 1249.9629280788233, 462.54816385708756], [0.0, 0.0, 1.0]]], "extrinsics": [[[0.8225089907646179, -0.568691611289978, -0.0082927905023098, -0.6500244140625], [0.00945367943495512, 0.028248785063624382, -0.9995561838150024, 1.4922189712524414], [0.5686734914779663, 0.8220656514167786, 0.028611108660697937, -1.0933837890625], [0.0, 0.0, 0.0, 1.0]], [[0.010139422491192818, -0.999657392501831, -0.024129999801516533, 0.012786865234375], [0.011411681771278381, 0.024245349690318108, -0.9996408820152283, 1.4841208457946777], [0.9998835325241089, 0.009860374964773655, 0.011653604917228222, -1.380126953125], [0.0, 0.0, 0.0, 1.0]], [[-0.8440576195716858, -0.5356791615486145, -0.024791963398456573, 0.8587646484375], [0.01941724680364132, 0.015671636909246445, -0.9996886253356934, 1.4983940124511719], [0.535900890827179, -0.8442762494087219, -0.0028263500425964594, -1.1265869140625], [0.0, 0.0, 0.0, 1.0]], [[0.9478621482849121, 0.3186483383178711, 0.004528597928583622, -1.1329345703125], [-0.005751537624746561, 0.03131340816617012, -0.9994930624961853, 1.5619726181030273], [-0.31862860918045044, 0.9473556280136108, 0.031513512134552, -0.15997314453125], [0.0, 0.0, 0.0, 1.0]], [[0.009246515110135078, 0.999678909778595, 0.023591173812747, -0.02911376953125], [-0.003665334777906537, 0.02362590841948986, -0.9997141361236572, 1.5676336288452148], [-0.9999505877494812, 0.009157387539744377, 0.0038826155941933393, -0.064208984375], [0.0, 0.0, 0.0, 1.0]], [[-0.9236587285995483, 0.38321587443351746, -0.000121245626360178, 0.973388671875], [0.0004375391872599721, 0.0007382011390291154, -0.9999996423721313, 1.5478980541229248], [-0.38321560621261597, -0.9236584901809692, -0.0008495167712680995, -0.11883544921875], [0.0, 0.0, 0.0, 1.0]]], "view": [[0.0, -2.0, 100.0], [-2.0, 0.0, 100.0], [0.0, 0.0, 1.0]], "bev": "bev_b061bcb15f0f4ec8a245a95d485e965b.png", "aux": "aux_b061bcb15f0f4ec8a245a95d485e965b.npz", "visibility": "visibility_b061bcb15f0f4ec8a245a95d485e965b.png", "pose": [[-0.6412768959999084, 0.7673095464706421, 0.0, 1020.8582763671875], [-0.7673095464706421, -0.6412768959999084, 0.0, 740.3775024414062], [0.0, 0.0, 1.0, 0.0], [0.0, 0.0, 0.0, 1.0]], "pose_inverse": [[-0.6412768959999084, -0.7673095464706421, 0.0, 1222.7515869140625], [0.7673095464706421, -0.6412768959999084, 0.0, -308.52728271484375], [0.0, 0.0, 1.0, 0.0], [0.0, 0.0, 0.0, 1.0]], "cam_ids": [0, 1, 2, 3, 4, 5], "cam_channels": ["CAM_FRONT_LEFT", "CAM_FRONT", "CAM_FRONT_RIGHT", "CAM_BACK_LEFT", "CAM_BACK", "CAM_BACK_RIGHT"], "token": "b061bcb15f0f4ec8a245a95d485e965b", "scene": "scene-0644"}, {"images": ["samples/CAM_FRONT_LEFT/n008-2018-09-18-14-43-59-0400__CAM_FRONT_LEFT__1537296425854799.jpg", "samples/CAM_FRONT/n008-2018-09-18-14-43-59-0400__CAM_FRONT__1537296425862404.jpg", "samples/CAM_FRONT_RIGHT/n008-2018-09-18-14-43-59-0400__CAM_FRONT_RIGHT__1537296425870482.jpg", "samples/CAM_BACK_LEFT/n008-2018-09-18-14-43-59-0400__CAM_BACK_LEFT__1537296425897405.jpg", "samples/CAM_BACK/n008-2018-09-18-14-43-59-0400__CAM_BACK__1537296425887558.jpg", "samples/CAM_BACK_RIGHT/n008-2018-09-18-14-43-59-0400__CAM_BACK_RIGHT__1537296425878113.jpg"], "intrinsics": [[[1257.8625342125129, 0.0, 827.2410631095686], [0.0, 1257.8625342125129, 450.915498205774], [0.0, 0.0, 1.0]], [[1252.8131021185304, 0.0, 826.588114781398], [0.0, 1252.8131021185304, 469.9846626224581], [0.0, 0.0, 1.0]], [[1256.7485116440405, 0.0, 817.7887570959712], [0.0, 1256.7485116440403, 451.9541780095127], [0.0, 0.0, 1.0]], [[1254.9860565800168, 0.0, 829.5769333630991], [0.0, 1254.9860565800168, 467.1680561863987], [0.0, 0.0, 1.0]], [[796.8910634503094, 0.0, 857.7774326863696], [0.0, 796.8910634503094, 476.8848988407415], [0.0, 0.0, 1.0]], [[1249.9629280788233, 0.0, 825.3768045375984], [0.0, 1249.9629280788233, 462.54816385708756], [0.0, 0.0, 1.0]]], "extrinsics": [[[0.8222038149833679, -0.5690586566925049, -0.012368395924568176, -0.6348876953125], [0.008697936311364174, 0.0342884324491024, -0.9993741512298584, 1.4921314716339111], [0.5691266655921936, 0.8215817809104919, 0.033141717314720154, -1.0794677734375], [0.0, 0.0, 0.0, 1.0]], [[0.009753637947142124, -0.9994944334030151, -0.03026188723742962, 0.010498046875], [0.0104451272636652, 0.03036351315677166, -0.9994843602180481, 1.484015703201294], [0.999897837638855, 0.009432501159608364, 0.010736001655459404, -1.36181640625], [0.0, 0.0, 0.0, 1.0]], [[-0.8441591262817383, -0.5354063510894775, -0.02711634896695614, 0.8465576171875], [0.01820736564695835, 0.02191871777176857, -0.9995939135551453, 1.4983253479003906], [0.5357834100723267, -0.8443101048469543, -0.008754545822739601, -1.12115478515625], [0.0, 0.0, 0.0, 1.0]], [[0.9478515982627869, 0.31868258118629456, 0.004326078575104475, -1.131591796875], [-0.008340890519320965, 0.03837256133556366, -0.9992286562919617, 1.5619335174560547], [-0.3186028301715851, 0.9470844268798828, 0.03902959078550339, -0.1602783203125], [0.0, 0.0, 0.0, 1.0]], [[0.00929285679012537, 0.9995001554489136, 0.03021704964339733, -0.02825927734375], [-0.0058065359480679035, 0.030271783471107483, -0.9995248317718506, 1.5673818588256836], [-0.9999399781227112, 0.00911292340606451, 0.006084945052862167, -0.070068359375], [0.0, 0.0, 0.0, 1.0]], [[-0.9236342906951904, 0.3832559585571289, 0.003798153717070818, 0.9649658203125], [-0.0011443267576396465, 0.007152177393436432, -0.9999737739562988, 1.54756498336792], [-0.3832731246948242, -0.9236144423484802, -0.0061674271710217, -0.1239776611328125], [0.0, 0.0, 0.0, 1.0]]], "view": [[0.0, -2.0, 100.0], [-2.0, 0.0, 100.0], [0.0, 0.0, 1.0]], "bev": "bev_bce9f3d386a547c9b629f3a724929acc.png", "aux": "aux_bce9f3d386a547c9b629f3a724929acc.npz", "visibility": "visibility_bce9f3d386a547c9b629f3a724929acc.png", "pose": [[-0.6349865794181824, 0.7725231647491455, 0.0, 1017.9877319335938], [-0.7725231647491455, -0.6349865794181824, 0.0, 736.9555053710938], [0.0, 0.0, 1.0, 0.0], [0.0, 0.0, 0.0, 1.0]], "pose_inverse": [[-0.6349865794181824, -0.7725231647491455, 0.0, 1215.7237548828125], [0.7725231647491455, -0.6349865794181824, 0.0, -318.4622802734375], [0.0, 0.0, 1.0, 0.0], [0.0, 0.0, 0.0, 1.0]], "cam_ids": [0, 1, 2, 3, 4, 5], "cam_channels": ["CAM_FRONT_LEFT", "CAM_FRONT", "CAM_FRONT_RIGHT", "CAM_BACK_LEFT", "CAM_BACK", "CAM_BACK_RIGHT"], "token": "bce9f3d386a547c9b629f3a724929acc", "scene": "scene-0644"}, {"images": ["samples/CAM_FRONT_LEFT/n008-2018-09-18-14-43-59-0400__CAM_FRONT_LEFT__1537296426354799.jpg", "samples/CAM_FRONT/n008-2018-09-18-14-43-59-0400__CAM_FRONT__1537296426362404.jpg", "samples/CAM_FRONT_RIGHT/n008-2018-09-18-14-43-59-0400__CAM_FRONT_RIGHT__1537296426370482.jpg", "samples/CAM_BACK_LEFT/n008-2018-09-18-14-43-59-0400__CAM_BACK_LEFT__1537296426397405.jpg", "samples/CAM_BACK/n008-2018-09-18-14-43-59-0400__CAM_BACK__1537296426387558.jpg", "samples/CAM_BACK_RIGHT/n008-2018-09-18-14-43-59-0400__CAM_BACK_RIGHT__1537296426378113.jpg"], "intrinsics": [[[1257.8625342125129, 0.0, 827.2410631095686], [0.0, 1257.8625342125129, 450.915498205774], [0.0, 0.0, 1.0]], [[1252.8131021185304, 0.0, 826.588114781398], [0.0, 1252.8131021185304, 469.9846626224581], [0.0, 0.0, 1.0]], [[1256.7485116440405, 0.0, 817.7887570959712], [0.0, 1256.7485116440403, 451.9541780095127], [0.0, 0.0, 1.0]], [[1254.9860565800168, 0.0, 829.5769333630991], [0.0, 1254.9860565800168, 467.1680561863987], [0.0, 0.0, 1.0]], [[796.8910634503094, 0.0, 857.7774326863696], [0.0, 796.8910634503094, 476.8848988407415], [0.0, 0.0, 1.0]], [[1249.9629280788233, 0.0, 825.3768045375984], [0.0, 1249.9629280788233, 462.54816385708756], [0.0, 0.0, 1.0]]], "extrinsics": [[[0.8225696086883545, -0.5685797333717346, -0.009819481521844864, -0.642578125], [0.009338637813925743, 0.030771557241678238, -0.9994828104972839, 1.4923489093780518], [0.5685877799987793, 0.8220524787902832, 0.03062150627374649, -1.084869384765625], [0.0, 0.0, 0.0, 1.0]], [[0.010467231273651123, -0.9995985627174377, -0.026327120140194893, 0.010498046875], [0.01162359956651926, 0.026448413729667664, -0.9995826482772827, 1.4843645095825195], [0.9998777508735657, 0.010156789794564247, 0.011895772069692612, -1.370361328125], [0.0, 0.0, 0.0, 1.0]], [[-0.8438286185264587, -0.5359671115875244, -0.026314741000533104, 0.85125732421875], [0.019988708198070526, 0.017609959468245506, -0.9996450543403625, 1.4987354278564453], [0.5362403988838196, -0.8440552353858948, -0.004146498162299395, -1.1241455078125], [0.0, 0.0, 0.0, 1.0]], [[0.9478513598442078, 0.3186485469341278, 0.0064001185819506645, -1.127685546875], [-0.00422130711376667, 0.03263101354241371, -0.9994585514068604, 1.5619688034057617], [-0.3186849355697632, 0.9473111033439636, 0.03227446228265762, -0.1614990234375], [0.0, 0.0, 0.0, 1.0]], [[0.009029270149767399, 0.9996450543403625, 0.02506869100034237, -0.0281982421875], [-0.0024919849820435047, 0.025092126801609993, -0.9996820092201233, 1.5677623748779297], [-0.9999561309814453, 0.00896389875560999, 0.0027176649309694767, -0.070556640625], [0.0, 0.0, 0.0, 1.0]], [[-0.9237856864929199, 0.3829098343849182, -0.00021824429859407246, 0.967529296875], [0.0012557533336803317, 0.002459593815729022, -0.9999961853027344, 1.5480718612670898], [-0.38290783762931824, -0.923782467842102, -0.0027529781218618155, -0.12286376953125], [0.0, 0.0, 0.0, 1.0]]], "view": [[0.0, -2.0, 100.0], [-2.0, 0.0, 100.0], [0.0, 0.0, 1.0]], "bev": "bev_5b61591d5e124c36942c1fd55bc40612.png", "aux": "aux_5b61591d5e124c36942c1fd55bc40612.npz", "visibility": "visibility_5b61591d5e124c36942c1fd55bc40612.png", "pose": [[-0.6334460973739624, 0.7737868428230286, 0.0, 1014.826416015625], [-0.7737868428230286, -0.6334460973739624, 0.0, 733.1642456054688], [0.0, 0.0, 1.0, 0.0], [0.0, 0.0, 0.0, 1.0]], "pose_inverse": [[-0.6334460973739624, -0.7737868428230286, 0.0, 1210.150634765625], [0.7737868428230286, -0.6334460973739624, 0.0, -320.83929443359375], [0.0, 0.0, 1.0, 0.0], [0.0, 0.0, 0.0, 1.0]], "cam_ids": [0, 1, 2, 3, 4, 5], "cam_channels": ["CAM_FRONT_LEFT", "CAM_FRONT", "CAM_FRONT_RIGHT", "CAM_BACK_LEFT", "CAM_BACK", "CAM_BACK_RIGHT"], "token": "5b61591d5e124c36942c1fd55bc40612", "scene": "scene-0644"}, {"images": ["samples/CAM_FRONT_LEFT/n008-2018-09-18-14-43-59-0400__CAM_FRONT_LEFT__1537296426854799.jpg", "samples/CAM_FRONT/n008-2018-09-18-14-43-59-0400__CAM_FRONT__1537296426862404.jpg", "samples/CAM_FRONT_RIGHT/n008-2018-09-18-14-43-59-0400__CAM_FRONT_RIGHT__1537296426870482.jpg", "samples/CAM_BACK_LEFT/n008-2018-09-18-14-43-59-0400__CAM_BACK_LEFT__1537296426897405.jpg", "samples/CAM_BACK/n008-2018-09-18-14-43-59-0400__CAM_BACK__1537296426887558.jpg", "samples/CAM_BACK_RIGHT/n008-2018-09-18-14-43-59-0400__CAM_BACK_RIGHT__1537296426878113.jpg"], "intrinsics": [[[1257.8625342125129, 0.0, 827.2410631095686], [0.0, 1257.8625342125129, 450.915498205774], [0.0, 0.0, 1.0]], [[1252.8131021185304, 0.0, 826.588114781398], [0.0, 1252.8131021185304, 469.9846626224581], [0.0, 0.0, 1.0]], [[1256.7485116440405, 0.0, 817.7887570959712], [0.0, 1256.7485116440403, 451.9541780095127], [0.0, 0.0, 1.0]], [[1254.9860565800168, 0.0, 829.5769333630991], [0.0, 1254.9860565800168, 467.1680561863987], [0.0, 0.0, 1.0]], [[796.8910634503094, 0.0, 857.7774326863696], [0.0, 796.8910634503094, 476.8848988407415], [0.0, 0.0, 1.0]], [[1249.9629280788233, 0.0, 825.3768045375984], [0.0, 1249.9629280788233, 462.54816385708756], [0.0, 0.0, 1.0]]], "extrinsics": [[[0.8224072456359863, -0.5688353776931763, -0.008525057695806026, -0.6363525390625], [0.007648630533367395, 0.02603953517973423, -0.9996316432952881, 1.4916136264801025], [0.5688478350639343, 0.8220391273498535, 0.025765912607312202, -1.08258056640625], [0.0, 0.0, 0.0, 1.0]], [[0.009932521730661392, -0.9997157454490662, -0.021672289818525314, 0.011810302734375], [0.009620481170713902, 0.02176789566874504, -0.9997167587280273, 1.4836702346801758], [0.999904453754425, 0.009721233509480953, 0.009833956137299538, -1.3643798828125], [0.0, 0.0, 0.0, 1.0]], [[-0.844105064868927, -0.5357323884963989, -0.02185199409723282, 0.84814453125], [0.01765924133360386, 0.012955153360962868, -0.999760091304779, 1.4981460571289062], [0.5358869433403015, -0.8442884087562561, -0.001474883989430964, -1.1209716796875], [0.0, 0.0, 0.0, 1.0]], [[0.9478782415390015, 0.31862860918045044, 0.0016573420725762844, -1.1285400390625], [-0.007654090877622366, 0.02796921506524086, -0.9995794892311096, 1.5619144439697266], [-0.31854093074798584, 0.9474669098854065, 0.028950221836566925, -0.16143798828125], [0.0, 0.0, 0.0, 1.0]], [[0.009303540922701359, 0.9997482895851135, 0.02041388303041458, -0.028594970703125], [-0.005496691446751356, 0.020465588197112083, -0.9997754693031311, 1.5674076080322266], [-0.9999416470527649, 0.009189200587570667, 0.005685710348188877, -0.07177734375], [0.0, 0.0, 0.0, 1.0]], [[-0.9236553907394409, 0.38322383165359497, 0.00042933307122439146, 0.964599609375], [-0.0013691334752365947, -0.0021796030923724174, -0.9999966621398926, 1.5475258827209473], [-0.3832216262817383, -0.9236528873443604, 0.002537886844947934, -0.1233673095703125], [0.0, 0.0, 0.0, 1.0]]], "view": [[0.0, -2.0, 100.0], [-2.0, 0.0, 100.0], [0.0, 0.0, 1.0]], "bev": "bev_f55c2dfa93804e4cb44760f266fed7d4.png", "aux": "aux_f55c2dfa93804e4cb44760f266fed7d4.npz", "visibility": "visibility_f55c2dfa93804e4cb44760f266fed7d4.png", "pose": [[-0.6323236227035522, 0.7747043371200562, 0.0, 1011.6517333984375], [-0.7747043371200562, -0.6323236227035522, 0.0, 729.3377075195312], [0.0, 0.0, 1.0, 0.0], [0.0, 0.0, 0.0, 1.0]], "pose_inverse": [[-0.6323236227035522, -0.7747043371200562, 0.0, 1204.71240234375], [0.7747043371200562, -0.6323236227035522, 0.0, -322.5534973144531], [0.0, 0.0, 1.0, 0.0], [0.0, 0.0, 0.0, 1.0]], "cam_ids": [0, 1, 2, 3, 4, 5], "cam_channels": ["CAM_FRONT_LEFT", "CAM_FRONT", "CAM_FRONT_RIGHT", "CAM_BACK_LEFT", "CAM_BACK", "CAM_BACK_RIGHT"], "token": "f55c2dfa93804e4cb44760f266fed7d4", "scene": "scene-0644"}, {"images": ["samples/CAM_FRONT_LEFT/n008-2018-09-18-14-43-59-0400__CAM_FRONT_LEFT__1537296427354799.jpg", "samples/CAM_FRONT/n008-2018-09-18-14-43-59-0400__CAM_FRONT__1537296427362404.jpg", "samples/CAM_FRONT_RIGHT/n008-2018-09-18-14-43-59-0400__CAM_FRONT_RIGHT__1537296427370482.jpg", "samples/CAM_BACK_LEFT/n008-2018-09-18-14-43-59-0400__CAM_BACK_LEFT__1537296427397405.jpg", "samples/CAM_BACK/n008-2018-09-18-14-43-59-0400__CAM_BACK__1537296427387558.jpg", "samples/CAM_BACK_RIGHT/n008-2018-09-18-14-43-59-0400__CAM_BACK_RIGHT__1537296427378113.jpg"], "intrinsics": [[[1257.8625342125129, 0.0, 827.2410631095686], [0.0, 1257.8625342125129, 450.915498205774], [0.0, 0.0, 1.0]], [[1252.8131021185304, 0.0, 826.588114781398], [0.0, 1252.8131021185304, 469.9846626224581], [0.0, 0.0, 1.0]], [[1256.7485116440405, 0.0, 817.7887570959712], [0.0, 1256.7485116440403, 451.9541780095127], [0.0, 0.0, 1.0]], [[1254.9860565800168, 0.0, 829.5769333630991], [0.0, 1254.9860565800168, 467.1680561863987], [0.0, 0.0, 1.0]], [[796.8910634503094, 0.0, 857.7774326863696], [0.0, 796.8910634503094, 476.8848988407415], [0.0, 0.0, 1.0]], [[1249.9629280788233, 0.0, 825.3768045375984], [0.0, 1249.9629280788233, 462.54816385708756], [0.0, 0.0, 1.0]]], "extrinsics": [[[0.8223006725311279, -0.5690059661865234, -0.007342297583818436, -0.6357421875], [0.005333832930773497, 0.02060900628566742, -0.9997733235359192, 1.4906927347183228], [0.5690283179283142, 0.8220751285552979, 0.019981779158115387, -1.077545166015625], [0.0, 0.0, 0.0, 1.0]], [[0.009819429367780685, -0.9998148083686829, -0.01655331812798977, 0.008056640625], [0.0065985736437141895, 0.01661854423582554, -0.9998401403427124, 1.4826388359069824], [0.9999300241470337, 0.009708600118756294, 0.0067605371586978436, -1.3623046875], [0.0, 0.0, 0.0, 1.0]], [[-0.8441884517669678, -0.5358045697212219, -0.016109006479382515, 0.84454345703125], [0.013972204178571701, 0.008047226816415787, -0.9998699426651001, 1.497145652770996], [0.5358644723892212, -0.8443037867546082, 0.0006929924129508436, -1.12225341796875], [0.0, 0.0, 0.0, 1.0]], [[0.9478697180747986, 0.31861960887908936, -0.004952882416546345, -1.124267578125], [-0.013172019273042679, 0.023646660149097443, -0.9996335506439209, 1.561777114868164], [-0.3183857798576355, 0.9475876092910767, 0.02661081589758396, -0.16253662109375], [0.0, 0.0, 0.0, 1.0]], [[0.00938363652676344, 0.9998301267623901, 0.01586555875837803, -0.027252197265625], [-0.010444522835314274, 0.015963392332196236, -0.999817967414856, 1.5668201446533203], [-0.9999013543128967, 0.009216307662427425, 0.010592544451355934, -0.0753173828125], [0.0, 0.0, 0.0, 1.0]], [[-0.9236502647399902, 0.38322770595550537, 0.0025510257109999657, 0.9627685546875], [-0.00562431151047349, -0.0068992204032838345, -0.9999603629112244, 1.5466017723083496], [-0.3831949234008789, -0.9236281514167786, 0.00852785911411047, -0.12652587890625], [0.0, 0.0, 0.0, 1.0]]], "view": [[0.0, -2.0, 100.0], [-2.0, 0.0, 100.0], [0.0, 0.0, 1.0]], "bev": "bev_df35f62944f84401b3ca3ab9ad58e0ac.png", "aux": "aux_df35f62944f84401b3ca3ab9ad58e0ac.npz", "visibility": "visibility_df35f62944f84401b3ca3ab9ad58e0ac.png", "pose": [[-0.6317256093025208, 0.7751920819282532, 0.0, 1008.4193725585938], [-0.7751920819282532, -0.6317256093025208, 0.0, 725.455322265625], [0.0, 0.0, 1.0, 0.0], [0.0, 0.0, 0.0, 1.0]], "pose_inverse": [[-0.6317256093025208, -0.7751920819282532, 0.0, 1199.41162109375], [0.7751920819282532, -0.6317256093025208, 0.0, -323.42999267578125], [0.0, 0.0, 1.0, 0.0], [0.0, 0.0, 0.0, 1.0]], "cam_ids": [0, 1, 2, 3, 4, 5], "cam_channels": ["CAM_FRONT_LEFT", "CAM_FRONT", "CAM_FRONT_RIGHT", "CAM_BACK_LEFT", "CAM_BACK", "CAM_BACK_RIGHT"], "token": "df35f62944f84401b3ca3ab9ad58e0ac", "scene": "scene-0644"}, {"images": ["samples/CAM_FRONT_LEFT/n008-2018-09-18-14-43-59-0400__CAM_FRONT_LEFT__1537296428004799.jpg", "samples/CAM_FRONT/n008-2018-09-18-14-43-59-0400__CAM_FRONT__1537296428012404.jpg", "samples/CAM_FRONT_RIGHT/n008-2018-09-18-14-43-59-0400__CAM_FRONT_RIGHT__1537296428020482.jpg", "samples/CAM_BACK_LEFT/n008-2018-09-18-14-43-59-0400__CAM_BACK_LEFT__1537296428047405.jpg", "samples/CAM_BACK/n008-2018-09-18-14-43-59-0400__CAM_BACK__1537296428037558.jpg", "samples/CAM_BACK_RIGHT/n008-2018-09-18-14-43-59-0400__CAM_BACK_RIGHT__1537296428028113.jpg"], "intrinsics": [[[1257.8625342125129, 0.0, 827.2410631095686], [0.0, 1257.8625342125129, 450.915498205774], [0.0, 0.0, 1.0]], [[1252.8131021185304, 0.0, 826.588114781398], [0.0, 1252.8131021185304, 469.9846626224581], [0.0, 0.0, 1.0]], [[1256.7485116440405, 0.0, 817.7887570959712], [0.0, 1256.7485116440403, 451.9541780095127], [0.0, 0.0, 1.0]], [[1254.9860565800168, 0.0, 829.5769333630991], [0.0, 1254.9860565800168, 467.1680561863987], [0.0, 0.0, 1.0]], [[796.8910634503094, 0.0, 857.7774326863696], [0.0, 796.8910634503094, 476.8848988407415], [0.0, 0.0, 1.0]], [[1249.9629280788233, 0.0, 825.3768045375984], [0.0, 1249.9629280788233, 462.54816385708756], [0.0, 0.0, 1.0]]], "extrinsics": [[[0.8229793310165405, -0.568065345287323, -0.0026105004362761974, -0.6297607421875], [0.00448854174464941, 0.01109782513231039, -0.99992835521698, 1.4902693033218384], [0.568053662776947, 0.8229085803031921, 0.011683064512908459, -1.08050537109375], [0.0, 0.0, 0.0, 1.0]], [[0.010803041979670525, -0.9999180436134338, -0.00686909444630146, 0.013580322265625], [0.0062341163866221905, 0.006936711259186268, -0.999956488609314, 1.482473373413086], [0.9999222159385681, 0.010759704746305943, 0.0063085430301725864, -1.35986328125], [0.0, 0.0, 0.0, 1.0]], [[-0.8438292741775513, -0.5365015268325806, -0.010875625535845757, 0.84552001953125], [0.01403333805501461, -0.0018027982441708446, -0.9998998641967773, 1.4971847534179688], [0.5364282131195068, -0.8438974022865295, 0.009050160646438599, -1.11773681640625], [0.0, 0.0, 0.0, 1.0]], [[0.9478524327278137, 0.31863167881965637, -0.007041750475764275, -1.1219482421875], [-0.011993955820798874, 0.013582786545157433, -0.9998357892036438, 1.5617637634277344], [-0.31848379969596863, 0.9477812647819519, 0.016696132719516754, -0.1636962890625], [0.0, 0.0, 0.0, 1.0]], [[0.009109439328312874, 0.9999414682388306, 0.005837110336869955, -0.029205322265625], [-0.009655323810875416, 0.005925035569816828, -0.9999358057975769, 1.566878318786621], [-0.999911904335022, 0.009052447974681854, 0.00970873236656189, -0.0771484375], [0.0, 0.0, 0.0, 1.0]], [[-0.9238276481628418, 0.38280490040779114, -0.0016573024913668633, 0.960205078125], [-0.0051915268413722515, -0.016857469454407692, -0.9998444318771362, 1.54673171043396], [-0.3827732503414154, -0.9236753582954407, 0.017560740932822227, -0.124053955078125], [0.0, 0.0, 0.0, 1.0]]], "view": [[0.0, -2.0, 100.0], [-2.0, 0.0, 100.0], [0.0, 0.0, 1.0]], "bev": "bev_d4fdddeeeae5497f91651fcc0ca97006.png", "aux": "aux_d4fdddeeeae5497f91651fcc0ca97006.npz", "visibility": "visibility_d4fdddeeeae5497f91651fcc0ca97006.png", "pose": [[-0.6336516737937927, 0.7736184597015381, 0.0, 1004.1927490234375], [-0.7736184597015381, -0.6336516737937927, 0.0, 720.322265625], [0.0, 0.0, 1.0, 0.0], [0.0, 0.0, 0.0, 1.0]], "pose_inverse": [[-0.6336516737937927, -0.7736184597015381, 0.0, 1193.56298828125], [0.7736184597015381, -0.6336516737937927, 0.0, -320.42864990234375], [0.0, 0.0, 1.0, 0.0], [0.0, 0.0, 0.0, 1.0]], "cam_ids": [0, 1, 2, 3, 4, 5], "cam_channels": ["CAM_FRONT_LEFT", "CAM_FRONT", "CAM_FRONT_RIGHT", "CAM_BACK_LEFT", "CAM_BACK", "CAM_BACK_RIGHT"], "token": "d4fdddeeeae5497f91651fcc0ca97006", "scene": "scene-0644"}, {"images": ["samples/CAM_FRONT_LEFT/n008-2018-09-18-14-43-59-0400__CAM_FRONT_LEFT__1537296428404799.jpg", "samples/CAM_FRONT/n008-2018-09-18-14-43-59-0400__CAM_FRONT__1537296428412404.jpg", "samples/CAM_FRONT_RIGHT/n008-2018-09-18-14-43-59-0400__CAM_FRONT_RIGHT__1537296428420482.jpg", "samples/CAM_BACK_LEFT/n008-2018-09-18-14-43-59-0400__CAM_BACK_LEFT__1537296428447405.jpg", "samples/CAM_BACK/n008-2018-09-18-14-43-59-0400__CAM_BACK__1537296428437558.jpg", "samples/CAM_BACK_RIGHT/n008-2018-09-18-14-43-59-0400__CAM_BACK_RIGHT__1537296428428113.jpg"], "intrinsics": [[[1257.8625342125129, 0.0, 827.2410631095686], [0.0, 1257.8625342125129, 450.915498205774], [0.0, 0.0, 1.0]], [[1252.8131021185304, 0.0, 826.588114781398], [0.0, 1252.8131021185304, 469.9846626224581], [0.0, 0.0, 1.0]], [[1256.7485116440405, 0.0, 817.7887570959712], [0.0, 1256.7485116440403, 451.9541780095127], [0.0, 0.0, 1.0]], [[1254.9860565800168, 0.0, 829.5769333630991], [0.0, 1254.9860565800168, 467.1680561863987], [0.0, 0.0, 1.0]], [[796.8910634503094, 0.0, 857.7774326863696], [0.0, 796.8910634503094, 476.8848988407415], [0.0, 0.0, 1.0]], [[1249.9629280788233, 0.0, 825.3768045375984], [0.0, 1249.9629280788233, 462.54816385708756], [0.0, 0.0, 1.0]]], "extrinsics": [[[0.8224494457244873, -0.5687905550003052, -0.007361098658293486, -0.6353759765625], [0.00281679374165833, 0.017012720927596092, -0.9998513460159302, 1.4895241260528564], [0.5688313245773315, 0.8223065137863159, 0.01559426635503769, -1.079986572265625], [0.0, 0.0, 0.0, 1.0]], [[0.010117016732692719, -0.9998626112937927, -0.013132983818650246, 0.0106201171875], [0.004667113535106182, 0.013180729001760483, -0.9999022483825684, 1.4818751811981201], [0.9999379515647888, 0.01005470845848322, 0.004799822345376015, -1.364013671875], [0.0, 0.0, 0.0, 1.0]], [[-0.8440657258033752, -0.5360777378082275, -0.013184776529669762, 0.84808349609375], [0.01257791742682457, 0.0047884751111269, -0.9999094009399414, 1.4966907501220703], [0.5360924005508423, -0.8441551327705383, 0.00270095351152122, -1.12213134765625], [0.0, 0.0, 0.0, 1.0]], [[0.9478636384010315, 0.31861886382102966, -0.006045491900295019, -1.12890625], [-0.013417474925518036, 0.020947646349668503, -0.9996905326843262, 1.5618305206298828], [-0.31839361786842346, 0.9476514458656311, 0.024130571633577347, -0.16119384765625], [0.0, 0.0, 0.0, 1.0]], [[0.009289360605180264, 0.9998730421066284, 0.012945628724992275, -0.02825927734375], [-0.01102946326136589, 0.01304785255342722, -0.9998539686203003, 1.5667848587036133], [-0.9998960494995117, 0.009145223535597324, 0.011149268597364426, -0.0711669921875], [0.0, 0.0, 0.0, 1.0]], [[-0.9237209558486938, 0.3830593228340149, 0.002262930851429701, 0.9654541015625], [-0.006610060576349497, -0.010032610036432743, -0.999927818775177, 1.546426773071289], [-0.38300883769989014, -0.9236692786216736, 0.011799377389252186, -0.1236419677734375], [0.0, 0.0, 0.0, 1.0]]], "view": [[0.0, -2.0, 100.0], [-2.0, 0.0, 100.0], [0.0, 0.0, 1.0]], "bev": "bev_f15297033ecb46b49866929ac71889f8.png", "aux": "aux_f15297033ecb46b49866929ac71889f8.npz", "visibility": "visibility_f15297033ecb46b49866929ac71889f8.png", "pose": [[-0.6351056694984436, 0.7724252939224243, 0.0, 1001.621826171875], [-0.7724252939224243, -0.6351056694984436, 0.0, 717.2366333007812], [0.0, 0.0, 1.0, 0.0], [0.0, 0.0, 0.0, 1.0]], "pose_inverse": [[-0.6351056694984436, -0.7724252939224243, 0.0, 1190.1473388671875], [0.7724252939224243, -0.6351056694984436, 0.0, -318.156982421875], [0.0, 0.0, 1.0, 0.0], [0.0, 0.0, 0.0, 1.0]], "cam_ids": [0, 1, 2, 3, 4, 5], "cam_channels": ["CAM_FRONT_LEFT", "CAM_FRONT", "CAM_FRONT_RIGHT", "CAM_BACK_LEFT", "CAM_BACK", "CAM_BACK_RIGHT"], "token": "f15297033ecb46b49866929ac71889f8", "scene": "scene-0644"}, {"images": ["samples/CAM_FRONT_LEFT/n008-2018-09-18-14-43-59-0400__CAM_FRONT_LEFT__1537296428904799.jpg", "samples/CAM_FRONT/n008-2018-09-18-14-43-59-0400__CAM_FRONT__1537296428912404.jpg", "samples/CAM_FRONT_RIGHT/n008-2018-09-18-14-43-59-0400__CAM_FRONT_RIGHT__1537296428920482.jpg", "samples/CAM_BACK_LEFT/n008-2018-09-18-14-43-59-0400__CAM_BACK_LEFT__1537296428947405.jpg", "samples/CAM_BACK/n008-2018-09-18-14-43-59-0400__CAM_BACK__1537296428937561.jpg", "samples/CAM_BACK_RIGHT/n008-2018-09-18-14-43-59-0400__CAM_BACK_RIGHT__1537296428928113.jpg"], "intrinsics": [[[1257.8625342125129, 0.0, 827.2410631095686], [0.0, 1257.8625342125129, 450.915498205774], [0.0, 0.0, 1.0]], [[1252.8131021185304, 0.0, 826.588114781398], [0.0, 1252.8131021185304, 469.9846626224581], [0.0, 0.0, 1.0]], [[1256.7485116440405, 0.0, 817.7887570959712], [0.0, 1256.7485116440403, 451.9541780095127], [0.0, 0.0, 1.0]], [[1254.9860565800168, 0.0, 829.5769333630991], [0.0, 1254.9860565800168, 467.1680561863987], [0.0, 0.0, 1.0]], [[796.8910634503094, 0.0, 857.7774326863696], [0.0, 796.8910634503094, 476.8848988407415], [0.0, 0.0, 1.0]], [[1249.9629280788233, 0.0, 825.3768045375984], [0.0, 1249.9629280788233, 462.54816385708756], [0.0, 0.0, 1.0]]], "extrinsics": [[[0.8225640058517456, -0.5685209035873413, -0.013134077191352844, -0.62109375], [-0.0017146676545962691, 0.020616380497813225, -0.9997859597206116, 1.4874944686889648], [0.5686699748039246, 0.8224104642868042, 0.015983467921614647, -1.068084716796875], [0.0, 0.0, 0.0, 1.0]], [[0.010425060987472534, -0.9998127818107605, -0.016303805634379387, 0.00982666015625], [0.00037061760667711496, 0.016308553516864777, -0.9998669028282166, 1.4803009033203125], [0.9999455809593201, 0.010417584329843521, 0.0005405666888691485, -1.3487548828125], [0.0, 0.0, 0.0, 1.0]], [[-0.8438654541969299, -0.5364383459091187, -0.011178523302078247, 0.83746337890625], [0.008532559499144554, 0.007414602674543858, -0.9999361038208008, 1.4956307411193848], [0.5364868640899658, -0.8439069390296936, -0.0016797364223748446, -1.1153564453125], [0.0, 0.0, 0.0, 1.0]], [[0.94782954454422, 0.31865760684013367, -0.00874671246856451, -1.1241455078125], [-0.016600806266069412, 0.02193995751440525, -0.9996214509010315, 1.561697006225586], [-0.3183450996875763, 0.947615921497345, 0.02608531527221203, -0.16278076171875], [0.0, 0.0, 0.0, 1.0]], [[0.009145421907305717, 0.9998528957366943, 0.014512515626847744, -0.028167724609375], [-0.014536180533468723, 0.014644519425928593, -0.9997870326042175, 1.5662670135498047], [-0.9998525381088257, 0.008932473137974739, 0.01466797199100256, -0.0787353515625], [0.0, 0.0, 0.0, 1.0]], [[-0.9238388538360596, 0.3827241361141205, 0.006627190858125687, 0.9559326171875], [-0.010421933606266975, -0.007842620834708214, -0.9999149441719055, 1.5455131530761719], [-0.382639616727829, -0.9238294363021851, 0.011234044097363949, -0.127593994140625], [0.0, 0.0, 0.0, 1.0]]], "view": [[0.0, -2.0, 100.0], [-2.0, 0.0, 100.0], [0.0, 0.0, 1.0]], "bev": "bev_e01e9c2326714310804e952430b003f4.png", "aux": "aux_e01e9c2326714310804e952430b003f4.npz", "visibility": "visibility_e01e9c2326714310804e952430b003f4.png", "pose": [[-0.6388161182403564, 0.7693594694137573, 0.0, 998.3027954101562], [-0.7693594694137573, -0.6388161182403564, 0.0, 713.2706298828125], [0.0, 0.0, 1.0, 0.0], [0.0, 0.0, 0.0, 1.0]], "pose_inverse": [[-0.6388161182403564, -0.7693594694137573, 0.0, 1186.493408203125], [0.7693594694137573, -0.6388161182403564, 0.0, -312.4049072265625], [0.0, 0.0, 1.0, 0.0], [0.0, 0.0, 0.0, 1.0]], "cam_ids": [0, 1, 2, 3, 4, 5], "cam_channels": ["CAM_FRONT_LEFT", "CAM_FRONT", "CAM_FRONT_RIGHT", "CAM_BACK_LEFT", "CAM_BACK", "CAM_BACK_RIGHT"], "token": "e01e9c2326714310804e952430b003f4", "scene": "scene-0644"}, {"images": ["samples/CAM_FRONT_LEFT/n008-2018-09-18-14-43-59-0400__CAM_FRONT_LEFT__1537296429404799.jpg", "samples/CAM_FRONT/n008-2018-09-18-14-43-59-0400__CAM_FRONT__1537296429412404.jpg", "samples/CAM_FRONT_RIGHT/n008-2018-09-18-14-43-59-0400__CAM_FRONT_RIGHT__1537296429420482.jpg", "samples/CAM_BACK_LEFT/n008-2018-09-18-14-43-59-0400__CAM_BACK_LEFT__1537296429447405.jpg", "samples/CAM_BACK/n008-2018-09-18-14-43-59-0400__CAM_BACK__1537296429437558.jpg", "samples/CAM_BACK_RIGHT/n008-2018-09-18-14-43-59-0400__CAM_BACK_RIGHT__1537296429428113.jpg"], "intrinsics": [[[1257.8625342125129, 0.0, 827.2410631095686], [0.0, 1257.8625342125129, 450.915498205774], [0.0, 0.0, 1.0]], [[1252.8131021185304, 0.0, 826.588114781398], [0.0, 1252.8131021185304, 469.9846626224581], [0.0, 0.0, 1.0]], [[1256.7485116440405, 0.0, 817.7887570959712], [0.0, 1256.7485116440403, 451.9541780095127], [0.0, 0.0, 1.0]], [[1254.9860565800168, 0.0, 829.5769333630991], [0.0, 1254.9860565800168, 467.1680561863987], [0.0, 0.0, 1.0]], [[796.8910634503094, 0.0, 857.7774326863696], [0.0, 796.8910634503094, 476.8848988407415], [0.0, 0.0, 1.0]], [[1249.9629280788233, 0.0, 825.3768045375984], [0.0, 1249.9629280788233, 462.54816385708756], [0.0, 0.0, 1.0]]], "extrinsics": [[[0.8229119181632996, -0.5681052803993225, -0.008507909253239632, -0.6229248046875], [0.004110939335078001, 0.02092730812728405, -0.9997725486755371, 1.4901347160339355], [0.5681540966033936, 0.8226897716522217, 0.01955677568912506, -1.072967529296875], [0.0, 0.0, 0.0, 1.0]], [[0.010788755491375923, -0.9997977614402771, -0.016972584649920464, 0.011749267578125], [0.006021726876497269, 0.01703822612762451, -0.9998367428779602, 1.482434868812561], [0.999923586845398, 0.010684884153306484, 0.006204330362379551, -1.3515625], [0.0, 0.0, 0.0, 1.0]], [[-0.8437772393226624, -0.5364422798156738, -0.016418885439634323, 0.83880615234375], [0.013998470269143581, 0.008584484457969666, -0.9998651146888733, 1.4972496032714844], [0.5365108847618103, -0.8438933491706848, 0.000265978422248736, -1.11566162109375], [0.0, 0.0, 0.0, 1.0]], [[0.9478586912155151, 0.3186747133731842, -0.0032037815544754267, -1.125732421875], [-0.011639616452157497, 0.024570874869823456, -0.999630331993103, 1.5618171691894531], [-0.31847822666168213, 0.94754558801651, 0.02699897065758705, -0.162353515625], [0.0, 0.0, 0.0, 1.0]], [[0.009064657613635063, 0.999821126461029, 0.016596447676420212, -0.028411865234375], [-0.0094374