[{"images": ["samples/CAM_FRONT_LEFT/n015-2018-08-02-17-16-37+0800__CAM_FRONT_LEFT__1533201728504844.jpg", "samples/CAM_FRONT/n015-2018-08-02-17-16-37+0800__CAM_FRONT__1533201728512460.jpg", "samples/CAM_FRONT_RIGHT/n015-2018-08-02-17-16-37+0800__CAM_FRONT_RIGHT__1533201728520339.jpg", "samples/CAM_BACK_LEFT/n015-2018-08-02-17-16-37+0800__CAM_BACK_LEFT__1533201728547423.jpg", "samples/CAM_BACK/n015-2018-08-02-17-16-37+0800__CAM_BACK__1533201728537525.jpg", "samples/CAM_BACK_RIGHT/n015-2018-08-02-17-16-37+0800__CAM_BACK_RIGHT__1533201728527893.jpg"], "intrinsics": [[[1272.5979470598488, 0.0, 826.6154927353808], [0.0, 1272.5979470598488, 479.75165386361925], [0.0, 0.0, 1.0]], [[1266.417203046554, 0.0, 816.2670197447984], [0.0, 1266.417203046554, 491.50706579294757], [0.0, 0.0, 1.0]], [[1260.8474446004698, 0.0, 807.968244525554], [0.0, 1260.8474446004698, 495.3344268742088], [0.0, 0.0, 1.0]], [[1256.7414812095406, 0.0, 792.1125740759628], [0.0, 1256.7414812095406, 492.7757465151356], [0.0, 0.0, 1.0]], [[809.2209905677063, 0.0, 829.2196003259838], [0.0, 809.2209905677063, 481.77842384512485], [0.0, 0.0, 1.0]], [[1259.5137405846733, 0.0, 807.2529053838625], [0.0, 1259.5137405846733, 501.19579884916527], [0.0, 0.0, 1.0]]], "extrinsics": [[[0.8206284642219543, -0.5712541937828064, 0.015410895459353924, -0.96502685546875], [-0.0031798873096704483, -0.03153178095817566, -0.9994977116584778, 1.5082473754882812], [0.5714530944824219, 0.8201673626899719, -0.027692405506968498, -1.2801513671875], [0.0, 0.0, 0.0, 1.0]], [[0.005475454498082399, -0.9993533492088318, 0.03553785756230354, 0.0048828125], [-0.008474871516227722, -0.0355834886431694, -0.9993308186531067, 1.520538330078125], [0.999949038028717, 0.005170537158846855, -0.008664227090775967, -1.6923828125], [0.0, 0.0, 0.0, 1.0]], [[-0.8330692648887634, -0.553026556968689, 0.012532931752502918, 1.0323486328125], [-0.002843639813363552, -0.018374916166067123, -0.9998270869255066, 1.5036430358886719], [0.5531612634658813, -0.8329609632492065, 0.013734973035752773, -1.2486572265625], [0.0, 0.0, 0.0, 1.0]], [[0.9478337168693542, 0.3186081647872925, -0.01000196859240532, -1.14227294921875], [0.005835684482008219, -0.04871557280421257, -0.9987956285476685, 1.5885543823242188], [-0.31871166825294495, 0.9466338157653809, -0.04803356155753136, -0.1038818359375], [0.0, 0.0, 0.0, 1.0]], [[0.002620687708258629, 0.9992454051971436, -0.03875453397631645, 0.0029296875], [-0.019585290923714638, -0.03869594261050224, -0.9990590810775757, 1.5793571472167969], [-0.9998047351837158, 0.0033772331662476063, 0.01946909911930561, 0.001861572265625], [0.0, 0.0, 0.0, 1.0]], [[-0.934727132320404, 0.35477516055107117, -0.020487241446971893, 1.136260986328125], [0.013036518357694149, -0.023379070684313774, -0.9996417164802551, 1.5514488220214844], [-0.3551269471645355, -0.9346594214439392, 0.0172280203551054, -0.063720703125], [0.0, 0.0, 0.0, 1.0]]], "view": [[0.0, -2.0, 100.0], [-2.0, 0.0, 100.0], [0.0, 0.0, 1.0]], "bev": "bev_c35efe5eaf784275b8c7e31fb50aa902.png", "aux": "aux_c35efe5eaf784275b8c7e31fb50aa902.npz", "visibility": "visibility_c35efe5eaf784275b8c7e31fb50aa902.png", "pose": [[0.9121345281600952, 0.4098909795284271, 0.0, 787.7337646484375], [-0.4098909795284271, 0.9121345281600952, 0.0, 1291.322021484375], [0.0, 0.0, 1.0, 0.0], [0.0, 0.0, 0.0, 1.0]], "pose_inverse": [[0.9121345281600952, -0.4098909795284271, 0.0, -189.2179412841797], [0.4098909795284271, 0.9121345281600952, 0.0, -1500.744384765625], [0.0, 0.0, 1.0, 0.0], [0.0, 0.0, 0.0, 1.0]], "cam_ids": [0, 1, 2, 3, 4, 5], "cam_channels": ["CAM_FRONT_LEFT", "CAM_FRONT", "CAM_FRONT_RIGHT", "CAM_BACK_LEFT", "CAM_BACK", "CAM_BACK_RIGHT"], "token": "c35efe5eaf784275b8c7e31fb50aa902", "scene": "scene-0346"}, {"images": ["samples/CAM_FRONT_LEFT/n015-2018-08-02-17-16-37+0800__CAM_FRONT_LEFT__1533201729004844.jpg", "samples/CAM_FRONT/n015-2018-08-02-17-16-37+0800__CAM_FRONT__1533201729012460.jpg", "samples/CAM_FRONT_RIGHT/n015-2018-08-02-17-16-37+0800__CAM_FRONT_RIGHT__1533201729020339.jpg", "samples/CAM_BACK_LEFT/n015-2018-08-02-17-16-37+0800__CAM_BACK_LEFT__1533201729047423.jpg", "samples/CAM_BACK/n015-2018-08-02-17-16-37+0800__CAM_BACK__1533201729037525.jpg", "samples/CAM_BACK_RIGHT/n015-2018-08-02-17-16-37+0800__CAM_BACK_RIGHT__1533201729027893.jpg"], "intrinsics": [[[1272.5979470598488, 0.0, 826.6154927353808], [0.0, 1272.5979470598488, 479.75165386361925], [0.0, 0.0, 1.0]], [[1266.417203046554, 0.0, 816.2670197447984], [0.0, 1266.417203046554, 491.50706579294757], [0.0, 0.0, 1.0]], [[1260.8474446004698, 0.0, 807.968244525554], [0.0, 1260.8474446004698, 495.3344268742088], [0.0, 0.0, 1.0]], [[1256.7414812095406, 0.0, 792.1125740759628], [0.0, 1256.7414812095406, 492.7757465151356], [0.0, 0.0, 1.0]], [[809.2209905677063, 0.0, 829.2196003259838], [0.0, 809.2209905677063, 481.77842384512485], [0.0, 0.0, 1.0]], [[1259.5137405846733, 0.0, 807.2529053838625], [0.0, 1259.5137405846733, 501.19579884916527], [0.0, 0.0, 1.0]]], "extrinsics": [[[0.8206433057785034, -0.5712339878082275, 0.01537341345101595, -0.9649658203125], [-0.003243074519559741, -0.031558141112327576, -0.9994966387748718, 1.5082435607910156], [0.5714315176010132, 0.8201804161071777, -0.0277505312114954, -1.2801513671875], [0.0, 0.0, 0.0, 1.0]], [[0.005497277248650789, -0.9993524551391602, 0.03556051105260849, 0.0047607421875], [-0.008526043966412544, -0.03560659661889076, -0.9993295073509216, 1.5205345153808594], [0.9999485015869141, 0.005190365016460419, -0.008716261014342308, -1.6923828125], [0.0, 0.0, 0.0, 1.0]], [[-0.8330602049827576, -0.5530393123626709, 0.012576251290738583, 1.03228759765625], [-0.0028822438325732946, -0.01839469186961651, -0.9998266100883484, 1.503641128540039], [0.5531747937202454, -0.8329520225524902, 0.013729891739785671, -1.24853515625], [0.0, 0.0, 0.0, 1.0]], [[0.9478332996368408, 0.31860819458961487, -0.010045996867120266, -1.1422119140625], [0.00579954544082284, -0.04874603822827339, -0.9987943768501282, 1.5885543823242188], [-0.3187137544155121, 0.9466322064399719, -0.0480508990585804, -0.1038818359375], [0.0, 0.0, 0.0, 1.0]], [[0.0026135093066841364, 0.9992444515228271, -0.03877738490700722, 0.0028076171875], [-0.019625110551714897, -0.03871879726648331, -0.999057412147522, 1.5793571472167969], [-0.9998040199279785, 0.003372097620740533, 0.0195090901106596, 0.0019683837890625], [0.0, 0.0, 0.0, 1.0]], [[-0.9347317218780518, 0.35476410388946533, -0.02046913094818592, 1.136199951171875], [0.013008601032197475, -0.023402139544487, -0.9996415376663208, 1.5514488220214844], [-0.3551159203052521, -0.9346629977226257, 0.017259735614061356, -0.0635986328125], [0.0, 0.0, 0.0, 1.0]]], "view": [[0.0, -2.0, 100.0], [-2.0, 0.0, 100.0], [0.0, 0.0, 1.0]], "bev": "bev_bbfbdfbb51634a7885c8c8aa5c7d3ada.png", "aux": "aux_bbfbdfbb51634a7885c8c8aa5c7d3ada.npz", "visibility": "visibility_bbfbdfbb51634a7885c8c8aa5c7d3ada.png", "pose": [[0.9121017456054688, 0.4099639356136322, 0.0, 787.7337646484375], [-0.4099639356136322, 0.9121017456054688, 0.0, 1291.322021484375], [0.0, 0.0, 1.0, 0.0], [0.0, 0.0, 0.0, 1.0]], "pose_inverse": [[0.9121017456054688, -0.4099639356136322, 0.0, -189.09788513183594], [0.4099639356136322, 0.9121017456054688, 0.0, -1500.759521484375], [0.0, 0.0, 1.0, 0.0], [0.0, 0.0, 0.0, 1.0]], "cam_ids": [0, 1, 2, 3, 4, 5], "cam_channels": ["CAM_FRONT_LEFT", "CAM_FRONT", "CAM_FRONT_RIGHT", "CAM_BACK_LEFT", "CAM_BACK", "CAM_BACK_RIGHT"], "token": "bbfbdfbb51634a7885c8c8aa5c7d3ada", "scene": "scene-0346"}, {"images": ["samples/CAM_FRONT_LEFT/n015-2018-08-02-17-16-37+0800__CAM_FRONT_LEFT__1533201729504844.jpg", "samples/CAM_FRONT/n015-2018-08-02-17-16-37+0800__CAM_FRONT__1533201729512460.jpg", "samples/CAM_FRONT_RIGHT/n015-2018-08-02-17-16-37+0800__CAM_FRONT_RIGHT__1533201729520339.jpg", "samples/CAM_BACK_LEFT/n015-2018-08-02-17-16-37+0800__CAM_BACK_LEFT__1533201729547423.jpg", "samples/CAM_BACK/n015-2018-08-02-17-16-37+0800__CAM_BACK__1533201729537525.jpg", "samples/CAM_BACK_RIGHT/n015-2018-08-02-17-16-37+0800__CAM_BACK_RIGHT__1533201729527893.jpg"], "intrinsics": [[[1272.5979470598488, 0.0, 826.6154927353808], [0.0, 1272.5979470598488, 479.75165386361925], [0.0, 0.0, 1.0]], [[1266.417203046554, 0.0, 816.2670197447984], [0.0, 1266.417203046554, 491.50706579294757], [0.0, 0.0, 1.0]], [[1260.8474446004698, 0.0, 807.968244525554], [0.0, 1260.8474446004698, 495.3344268742088], [0.0, 0.0, 1.0]], [[1256.7414812095406, 0.0, 792.1125740759628], [0.0, 1256.7414812095406, 492.7757465151356], [0.0, 0.0, 1.0]], [[809.2209905677063, 0.0, 829.2196003259838], [0.0, 809.2209905677063, 481.77842384512485], [0.0, 0.0, 1.0]], [[1259.5137405846733, 0.0, 807.2529053838625], [0.0, 1259.5137405846733, 501.19579884916527], [0.0, 0.0, 1.0]]], "extrinsics": [[[0.8206170201301575, -0.5712711811065674, 0.015392114408314228, -0.9649658203125], [-0.003249227534979582, -0.03159745782613754, -0.9994953870773315, 1.5082473754882812], [0.571469247341156, 0.8201529383659363, -0.02778560109436512, -1.2803955078125], [0.0, 0.0, 0.0, 1.0]], [[0.005459487438201904, -0.9993510246276855, 0.03560487926006317, 0.0050048828125], [-0.008537483401596546, -0.035650692880153656, -0.9993278980255127, 1.5205345153808594], [0.9999486207962036, 0.005151856224983931, -0.008726576343178749, -1.6922760009765625], [0.0, 0.0, 0.0, 1.0]], [[-0.8330764770507812, -0.553013801574707, 0.01261671632528305, 1.0323486328125], [-0.002898448845371604, -0.018444178625941277, -0.999825656414032, 1.5036449432373047], [0.5531500577926636, -0.8329678773880005, 0.013762534596025944, -1.2486572265625], [0.0, 0.0, 0.0, 1.0]], [[0.9478343725204468, 0.3186034858226776, -0.010089260526001453, -1.14215087890625], [0.005766009446233511, -0.0487825870513916, -0.9987927675247192, 1.5885543823242188], [-0.3187110126018524, 0.9466319680213928, -0.04807488992810249, -0.103759765625], [0.0, 0.0, 0.0, 1.0]], [[0.0026256032288074493, 0.9992427229881287, -0.0388234406709671, 0.0028076171875], [-0.019648343324661255, -0.03876452520489693, -0.9990552067756653, 1.5793571472167969], [-0.9998035430908203, 0.0033859459217637777, 0.01953168213367462, 0.0018463134765625], [0.0, 0.0, 0.0, 1.0]], [[-0.9347242116928101, 0.3547838628292084, -0.020469607785344124, 1.136138916015625], [0.012989734299480915, -0.023452112451195717, -0.9996405839920044, 1.5514488220214844], [-0.3551364243030548, -0.9346542358398438, 0.017312709242105484, -0.063720703125], [0.0, 0.0, 0.0, 1.0]]], "view": [[0.0, -2.0, 100.0], [-2.0, 0.0, 100.0], [0.0, 0.0, 1.0]], "bev": "bev_23fecfb4d87245d78c134c66b5f7ba26.png", "aux": "aux_23fecfb4d87245d78c134c66b5f7ba26.npz", "visibility": "visibility_23fecfb4d87245d78c134c66b5f7ba26.png", "pose": [[0.9121423363685608, 0.4098735749721527, 0.0, 787.7337646484375], [-0.4098735749721527, 0.9121423363685608, 0.0, 1291.322021484375], [0.0, 0.0, 1.0, 0.0], [0.0, 0.0, 0.0, 1.0]], "pose_inverse": [[0.9121423363685608, -0.4098735749721527, 0.0, -189.2465362548828], [0.4098735749721527, 0.9121423363685608, 0.0, -1500.74072265625], [0.0, 0.0, 1.0, 0.0], [0.0, 0.0, 0.0, 1.0]], "cam_ids": [0, 1, 2, 3, 4, 5], "cam_channels": ["CAM_FRONT_LEFT", "CAM_FRONT", "CAM_FRONT_RIGHT", "CAM_BACK_LEFT", "CAM_BACK", "CAM_BACK_RIGHT"], "token": "23fecfb4d87245d78c134c66b5f7ba26", "scene": "scene-0346"}, {"images": ["samples/CAM_FRONT_LEFT/n015-2018-08-02-17-16-37+0800__CAM_FRONT_LEFT__1533201730004844.jpg", "samples/CAM_FRONT/n015-2018-08-02-17-16-37+0800__CAM_FRONT__1533201730012460.jpg", "samples/CAM_FRONT_RIGHT/n015-2018-08-02-17-16-37+0800__CAM_FRONT_RIGHT__1533201730020339.jpg", "samples/CAM_BACK_LEFT/n015-2018-08-02-17-16-37+0800__CAM_BACK_LEFT__1533201730047423.jpg", "samples/CAM_BACK/n015-2018-08-02-17-16-37+0800__CAM_BACK__1533201730037525.jpg", "samples/CAM_BACK_RIGHT/n015-2018-08-02-17-16-37+0800__CAM_BACK_RIGHT__1533201730027893.jpg"], "intrinsics": [[[1272.5979470598488, 0.0, 826.6154927353808], [0.0, 1272.5979470598488, 479.75165386361925], [0.0, 0.0, 1.0]], [[1266.417203046554, 0.0, 816.2670197447984], [0.0, 1266.417203046554, 491.50706579294757], [0.0, 0.0, 1.0]], [[1260.8474446004698, 0.0, 807.968244525554], [0.0, 1260.8474446004698, 495.3344268742088], [0.0, 0.0, 1.0]], [[1256.7414812095406, 0.0, 792.1125740759628], [0.0, 1256.7414812095406, 492.7757465151356], [0.0, 0.0, 1.0]], [[809.2209905677063, 0.0, 829.2196003259838], [0.0, 809.2209905677063, 481.77842384512485], [0.0, 0.0, 1.0]], [[1259.5137405846733, 0.0, 807.2529053838625], [0.0, 1259.5137405846733, 501.19579884916527], [0.0, 0.0, 1.0]]], "extrinsics": [[[0.8206276297569275, -0.5712586641311646, 0.015284042805433273, -0.96502685546875], [-0.003354666056111455, -0.031560614705085754, -0.9994961619377136, 1.5082473754882812], [0.5714532732963562, 0.8201630711555481, -0.02781589888036251, -1.2802734375], [0.0, 0.0, 0.0, 1.0]], [[0.0054762111976742744, -0.9993519186973572, 0.0355754978954792, 0.0048828125], [-0.008652782998979092, -0.03562205657362938, -0.9993278980255127, 1.5205345153808594], [0.9999474883079529, 0.005164707079529762, -0.008842251263558865, -1.6923065185546875], [0.0, 0.0, 0.0, 1.0]], [[-0.8330698609352112, -0.5530216693878174, 0.012710743583738804, 1.0323486328125], [-0.0030248453840613365, -0.018423546105623245, -0.999825656414032, 1.5036449432373047], [0.5531594753265381, -0.8329631090164185, 0.013675300404429436, -1.2486572265625], [0.0, 0.0, 0.0, 1.0]], [[0.9478332996368408, 0.3186022639274597, -0.010222159326076508, -1.14227294921875], [0.00561086181551218, -0.048737917095422745, -0.9987958073616028, 1.5885543823242188], [-0.318716824054718, 0.9466346502304077, -0.04798305779695511, -0.103759765625], [0.0, 0.0, 0.0, 1.0]], [[0.0026177214458584785, 0.9992440342903137, -0.0387897789478302, 0.0029296875], [-0.019803501665592194, -0.038730498403310776, -0.999053418636322, 1.5793533325195312], [-0.999800443649292, 0.0033834599889814854, 0.019687142223119736, 0.0018768310546875], [0.0, 0.0, 0.0, 1.0]], [[-0.934729278087616, 0.35477882623672485, -0.020327089354395866, 1.136322021484375], [0.012845738790929317, -0.023430217057466507, -0.9996429085731506, 1.55145263671875], [-0.35512834787368774, -0.9346566200256348, 0.017343515530228615, -0.0635986328125], [0.0, 0.0, 0.0, 1.0]]], "view": [[0.0, -2.0, 100.0], [-2.0, 0.0, 100.0], [0.0, 0.0, 1.0]], "bev": "bev_5a6a4091ef044f29919e180ded9f0ac9.png", "aux": "aux_5a6a4091ef044f29919e180ded9f0ac9.npz", "visibility": "visibility_5a6a4091ef044f29919e180ded9f0ac9.png", "pose": [[0.9121346473693848, 0.40989068150520325, 0.0, 787.7337646484375], [-0.40989068150520325, 0.9121346473693848, 0.0, 1291.322021484375], [0.0, 0.0, 1.0, 0.0], [0.0, 0.0, 0.0, 1.0]], "pose_inverse": [[0.9121346473693848, -0.40989068150520325, 0.0, -189.21841430664062], [0.40989068150520325, 0.9121346473693848, 0.0, -1500.7442626953125], [0.0, 0.0, 1.0, 0.0], [0.0, 0.0, 0.0, 1.0]], "cam_ids": [0, 1, 2, 3, 4, 5], "cam_channels": ["CAM_FRONT_LEFT", "CAM_FRONT", "CAM_FRONT_RIGHT", "CAM_BACK_LEFT", "CAM_BACK", "CAM_BACK_RIGHT"], "token": "5a6a4091ef044f29919e180ded9f0ac9", "scene": "scene-0346"}, {"images": ["samples/CAM_FRONT_LEFT/n015-2018-08-02-17-16-37+0800__CAM_FRONT_LEFT__1533201730504844.jpg", "samples/CAM_FRONT/n015-2018-08-02-17-16-37+0800__CAM_FRONT__1533201730512460.jpg", "samples/CAM_FRONT_RIGHT/n015-2018-08-02-17-16-37+0800__CAM_FRONT_RIGHT__1533201730520339.jpg", "samples/CAM_BACK_LEFT/n015-2018-08-02-17-16-37+0800__CAM_BACK_LEFT__1533201730547423.jpg", "samples/CAM_BACK/n015-2018-08-02-17-16-37+0800__CAM_BACK__1533201730537525.jpg", "samples/CAM_BACK_RIGHT/n015-2018-08-02-17-16-37+0800__CAM_BACK_RIGHT__1533201730527893.jpg"], "intrinsics": [[[1272.5979470598488, 0.0, 826.6154927353808], [0.0, 1272.5979470598488, 479.75165386361925], [0.0, 0.0, 1.0]], [[1266.417203046554, 0.0, 816.2670197447984], [0.0, 1266.417203046554, 491.50706579294757], [0.0, 0.0, 1.0]], [[1260.8474446004698, 0.0, 807.968244525554], [0.0, 1260.8474446004698, 495.3344268742088], [0.0, 0.0, 1.0]], [[1256.7414812095406, 0.0, 792.1125740759628], [0.0, 1256.7414812095406, 492.7757465151356], [0.0, 0.0, 1.0]], [[809.2209905677063, 0.0, 829.2196003259838], [0.0, 809.2209905677063, 481.77842384512485], [0.0, 0.0, 1.0]], [[1259.5137405846733, 0.0, 807.2529053838625], [0.0, 1259.5137405846733, 501.19579884916527], [0.0, 0.0, 1.0]]], "extrinsics": [[[0.8206316232681274, -0.5712536573410034, 0.015263514593243599, -0.96502685546875], [-0.0034077484160661697, -0.03160121664404869, -0.999494731426239, 1.5082550048828125], [0.5714473724365234, 0.8201649785041809, -0.02787964791059494, -1.2801513671875], [0.0, 0.0, 0.0, 1.0]], [[0.005482050124555826, -0.999350905418396, 0.03560557961463928, 0.0050048828125], [-0.008696506731212139, -0.035652417689561844, -0.9993264675140381, 1.5205307006835938], [0.9999471306800842, 0.005168715491890907, -0.008886310271918774, -1.6922607421875], [0.0, 0.0, 0.0, 1.0]], [[-0.8330676555633545, -0.5530239939689636, 0.01275052409619093, 1.03228759765625], [-0.0030588102526962757, -0.018444223329424858, -0.9998251795768738, 1.5036468505859375], [0.5531625151634216, -0.8329610228538513, 0.01367369294166565, -1.24853515625], [0.0, 0.0, 0.0, 1.0]], [[0.9478332996368408, 0.31860214471817017, -0.010232716798782349, -1.1422119140625], [0.0056157708168029785, -0.04878556728363037, -0.9987934231758118, 1.5885543823242188], [-0.3187168836593628, 0.9466322064399719, -0.048029784113168716, -0.1038818359375], [0.0, 0.0, 0.0, 1.0]], [[0.0026169472839683294, 0.9992426633834839, -0.03882291167974472, 0.0028076171875], [-0.019803760573267937, -0.03876364231109619, -0.9990521669387817, 1.5793571472167969], [-0.9998005032539368, 0.003383299335837364, 0.019687321037054062, 0.0018310546875], [0.0, 0.0, 0.0, 1.0]], [[-0.9347304105758667, 0.35477620363235474, -0.02031705714762211, 1.136260986328125], [0.012825215235352516, -0.023456132039427757, -0.9996426105499268, 1.5514488220214844], [-0.35512596368789673, -0.9346569776535034, 0.017375081777572632, -0.063720703125], [0.0, 0.0, 0.0, 1.0]]], "view": [[0.0, -2.0, 100.0], [-2.0, 0.0, 100.0], [0.0, 0.0, 1.0]], "bev": "bev_3f065eea5a9a43a9959e9304d6613472.png", "aux": "aux_3f065eea5a9a43a9959e9304d6613472.npz", "visibility": "visibility_3f065eea5a9a43a9959e9304d6613472.png", "pose": [[0.9121347069740295, 0.4098905324935913, 0.0, 787.7337646484375], [-0.4098905324935913, 0.9121347069740295, 0.0, 1291.322021484375], [0.0, 0.0, 1.0, 0.0], [0.0, 0.0, 0.0, 1.0]], "pose_inverse": [[0.9121347069740295, -0.4098905324935913, 0.0, -189.21864318847656], [0.4098905324935913, 0.9121347069740295, 0.0, -1500.7442626953125], [0.0, 0.0, 1.0, 0.0], [0.0, 0.0, 0.0, 1.0]], "cam_ids": [0, 1, 2, 3, 4, 5], "cam_channels": ["CAM_FRONT_LEFT", "CAM_FRONT", "CAM_FRONT_RIGHT", "CAM_BACK_LEFT", "CAM_BACK", "CAM_BACK_RIGHT"], "token": "3f065eea5a9a43a9959e9304d6613472", "scene": "scene-0346"}, {"images": ["samples/CAM_FRONT_LEFT/n015-2018-08-02-17-16-37+0800__CAM_FRONT_LEFT__1533201731004844.jpg", "samples/CAM_FRONT/n015-2018-08-02-17-16-37+0800__CAM_FRONT__1533201731012460.jpg", "samples/CAM_FRONT_RIGHT/n015-2018-08-02-17-16-37+0800__CAM_FRONT_RIGHT__1533201731020339.jpg", "samples/CAM_BACK_LEFT/n015-2018-08-02-17-16-37+0800__CAM_BACK_LEFT__1533201731047423.jpg", "samples/CAM_BACK/n015-2018-08-02-17-16-37+0800__CAM_BACK__1533201731037525.jpg", "samples/CAM_BACK_RIGHT/n015-2018-08-02-17-16-37+0800__CAM_BACK_RIGHT__1533201731027893.jpg"], "intrinsics": [[[1272.5979470598488, 0.0, 826.6154927353808], [0.0, 1272.5979470598488, 479.75165386361925], [0.0, 0.0, 1.0]], [[1266.417203046554, 0.0, 816.2670197447984], [0.0, 1266.417203046554, 491.50706579294757], [0.0, 0.0, 1.0]], [[1260.8474446004698, 0.0, 807.968244525554], [0.0, 1260.8474446004698, 495.3344268742088], [0.0, 0.0, 1.0]], [[1256.7414812095406, 0.0, 792.1125740759628], [0.0, 1256.7414812095406, 492.7757465151356], [0.0, 0.0, 1.0]], [[809.2209905677063, 0.0, 829.2196003259838], [0.0, 809.2209905677063, 481.77842384512485], [0.0, 0.0, 1.0]], [[1259.5137405846733, 0.0, 807.2529053838625], [0.0, 1259.5137405846733, 501.19579884916527], [0.0, 0.0, 1.0]]], "extrinsics": [[[0.8206278085708618, -0.5712602734565735, 0.015222270041704178, -0.965087890625], [-0.003491193987429142, -0.03164849057793617, -0.9994929432868958, 1.5082473754882812], [0.5714523792266846, 0.8201586604118347, -0.027966009452939034, -1.2801513671875], [0.0, 0.0, 0.0, 1.0]], [[0.005478594917804003, -0.9993492960929871, 0.03565102443099022, 0.0050048828125], [-0.008794475346803665, -0.03569833189249039, -0.9993239641189575, 1.520538330078125], [0.9999463558197021, 0.005161347333341837, -0.008984329178929329, -1.6923370361328125], [0.0, 0.0, 0.0, 1.0]], [[-0.8330690860748291, -0.5530194044113159, 0.012868565507233143, 1.0322265625], [-0.003171344520524144, -0.018488235771656036, -0.999824047088623, 1.5036468505859375], [0.5531599521636963, -0.8329632878303528, 0.013648164458572865, -1.248779296875], [0.0, 0.0, 0.0, 1.0]], [[0.9478331804275513, 0.31859883666038513, -0.010352260433137417, -1.1422119140625], [0.005499697290360928, -0.048815496265888214, -0.9987926483154297, 1.5885543823242188], [-0.3187195062637329, 0.946631908416748, -0.048021137714385986, -0.103759765625], [0.0, 0.0, 0.0, 1.0]], [[0.002616045530885458, 0.999241054058075, -0.038867030292749405, 0.0028076171875], [-0.01991743966937065, -0.03880738839507103, -0.9990481734275818, 1.5793571472167969], [-0.9997982382774353, 0.0033876392990350723, 0.01980079710483551, 0.00189208984375], [0.0, 0.0, 0.0, 1.0]], [[-0.9347314238548279, 0.35477888584136963, -0.020226910710334778, 1.136199951171875], [0.012713829055428505, -0.023495418950915337, -0.999643087387085, 1.55145263671875], [-0.3551274836063385, -0.9346550107002258, 0.01745131053030491, -0.0635986328125], [0.0, 0.0, 0.0, 1.0]]], "view": [[0.0, -2.0, 100.0], [-2.0, 0.0, 100.0], [0.0, 0.0, 1.0]], "bev": "bev_89bc1e54d10a47f8bbb13552df6fc114.png", "aux": "aux_89bc1e54d10a47f8bbb13552df6fc114.npz", "visibility": "visibility_89bc1e54d10a47f8bbb13552df6fc114.png", "pose": [[0.9121371507644653, 0.4098851978778839, 0.0, 787.7337646484375], [-0.4098851978778839, 0.9121371507644653, 0.0, 1291.322021484375], [0.0, 0.0, 1.0, 0.0], [0.0, 0.0, 0.0, 1.0]], "pose_inverse": [[0.9121371507644653, -0.4098851978778839, 0.0, -189.22744750976562], [0.4098851978778839, 0.9121371507644653, 0.0, -1500.7431640625], [0.0, 0.0, 1.0, 0.0], [0.0, 0.0, 0.0, 1.0]], "cam_ids": [0, 1, 2, 3, 4, 5], "cam_channels": ["CAM_FRONT_LEFT", "CAM_FRONT", "CAM_FRONT_RIGHT", "CAM_BACK_LEFT", "CAM_BACK", "CAM_BACK_RIGHT"], "token": "89bc1e54d10a47f8bbb13552df6fc114", "scene": "scene-0346"}, {"images": ["samples/CAM_FRONT_LEFT/n015-2018-08-02-17-16-37+0800__CAM_FRONT_LEFT__1533201731504844.jpg", "samples/CAM_FRONT/n015-2018-08-02-17-16-37+0800__CAM_FRONT__1533201731512460.jpg", "samples/CAM_FRONT_RIGHT/n015-2018-08-02-17-16-37+0800__CAM_FRONT_RIGHT__1533201731520339.jpg", "samples/CAM_BACK_LEFT/n015-2018-08-02-17-16-37+0800__CAM_BACK_LEFT__1533201731547423.jpg", "samples/CAM_BACK/n015-2018-08-02-17-16-37+0800__CAM_BACK__1533201731537525.jpg", "samples/CAM_BACK_RIGHT/n015-2018-08-02-17-16-37+0800__CAM_BACK_RIGHT__1533201731527893.jpg"], "intrinsics": [[[1272.5979470598488, 0.0, 826.6154927353808], [0.0, 1272.5979470598488, 479.75165386361925], [0.0, 0.0, 1.0]], [[1266.417203046554, 0.0, 816.2670197447984], [0.0, 1266.417203046554, 491.50706579294757], [0.0, 0.0, 1.0]], [[1260.8474446004698, 0.0, 807.968244525554], [0.0, 1260.8474446004698, 495.3344268742088], [0.0, 0.0, 1.0]], [[1256.7414812095406, 0.0, 792.1125740759628], [0.0, 1256.7414812095406, 492.7757465151356], [0.0, 0.0, 1.0]], [[809.2209905677063, 0.0, 829.2196003259838], [0.0, 809.2209905677063, 481.77842384512485], [0.0, 0.0, 1.0]], [[1259.5137405846733, 0.0, 807.2529053838625], [0.0, 1259.5137405846733, 501.19579884916527], [0.0, 0.0, 1.0]]], "extrinsics": [[[0.8206408619880676, -0.5712434649467468, 0.015150493010878563, -0.9649658203125], [-0.003549672896042466, -0.03160794451832771, -0.9994940161705017, 1.5082473754882812], [0.5714333653450012, 0.8201717734336853, -0.027966497465968132, -1.2802734375], [0.0, 0.0, 0.0, 1.0]], [[0.005496719852089882, -0.9993505477905273, 0.0356132946908474, 0.0048828125], [-0.00884182844310999, -0.035661015659570694, -0.9993248581886292, 1.5205307006835938], [0.9999457597732544, 0.005178089253604412, -0.00903210137039423, -1.69232177734375], [0.0, 0.0, 0.0, 1.0]], [[-0.8330621719360352, -0.5530294179916382, 0.012879937887191772, 1.03228759765625], [-0.0032074975315481424, -0.0184540506452322, -0.9998245239257812, 1.5036430358886719], [0.5531700849533081, -0.8329573273658752, 0.013599530793726444, -1.2486572265625], [0.0, 0.0, 0.0, 1.0]], [[0.9478325843811035, 0.3185989260673523, -0.010399600490927696, -1.1422119140625], [0.005439843516796827, -0.04878586530685425, -0.998794436454773, 1.5885543823242188], [-0.3187221586704254, 0.9466333389282227, -0.047973960638046265, -0.103759765625], [0.0, 0.0, 0.0, 1.0]], [[0.0026105940341949463, 0.9992426633834839, -0.03882553428411484, 0.002685546875], [-0.01996966078877449, -0.03876582905650139, -0.9990487694740295, 1.5793533325195312], [-0.9997971653938293, 0.003383433446288109, 0.01985333114862442, 0.0018463134765625], [0.0, 0.0, 0.0, 1.0]], [[-0.9347350001335144, 0.3547725975513458, -0.02017292194068432, 1.13623046875], [0.01267011184245348, -0.023458857089281082, -0.9996445178985596, 1.5514450073242188], [-0.3551197052001953, -0.9346582889556885, 0.01743280328810215, -0.0635986328125], [0.0, 0.0, 0.0, 1.0]]], "view": [[0.0, -2.0, 100.0], [-2.0, 0.0, 100.0], [0.0, 0.0, 1.0]], "bev": "bev_5bda3cb5fba04f078ed6559d6ad53ad2.png", "aux": "aux_5bda3cb5fba04f078ed6559d6ad53ad2.npz", "visibility": "visibility_5bda3cb5fba04f078ed6559d6ad53ad2.png", "pose": [[0.9120972156524658, 0.40997400879859924, 0.0, 787.7337646484375], [-0.40997400879859924, 0.9120972156524658, 0.0, 1291.322021484375], [0.0, 0.0, 1.0, 0.0], [0.0, 0.0, 0.0, 1.0]], "pose_inverse": [[0.9120972156524658, -0.40997400879859924, 0.0, -189.08128356933594], [0.40997400879859924, 0.9120972156524658, 0.0, -1500.7615966796875], [0.0, 0.0, 1.0, 0.0], [0.0, 0.0, 0.0, 1.0]], "cam_ids": [0, 1, 2, 3, 4, 5], "cam_channels": ["CAM_FRONT_LEFT", "CAM_FRONT", "CAM_FRONT_RIGHT", "CAM_BACK_LEFT", "CAM_BACK", "CAM_BACK_RIGHT"], "token": "5bda3cb5fba04f078ed6559d6ad53ad2", "scene": "scene-0346"}, {"images": ["samples/CAM_FRONT_LEFT/n015-2018-08-02-17-16-37+0800__CAM_FRONT_LEFT__1533201732004844.jpg", "samples/CAM_FRONT/n015-2018-08-02-17-16-37+0800__CAM_FRONT__1533201732012460.jpg", "samples/CAM_FRONT_RIGHT/n015-2018-08-02-17-16-37+0800__CAM_FRONT_RIGHT__1533201732020339.jpg", "samples/CAM_BACK_LEFT/n015-2018-08-02-17-16-37+0800__CAM_BACK_LEFT__1533201732047423.jpg", "samples/CAM_BACK/n015-2018-08-02-17-16-37+0800__CAM_BACK__1533201732037525.jpg", "samples/CAM_BACK_RIGHT/n015-2018-08-02-17-16-37+0800__CAM_BACK_RIGHT__1533201732027893.jpg"], "intrinsics": [[[1272.5979470598488, 0.0, 826.6154927353808], [0.0, 1272.5979470598488, 479.75165386361925], [0.0, 0.0, 1.0]], [[1266.417203046554, 0.0, 816.2670197447984], [0.0, 1266.417203046554, 491.50706579294757], [0.0, 0.0, 1.0]], [[1260.8474446004698, 0.0, 807.968244525554], [0.0, 1260.8474446004698, 495.3344268742088], [0.0, 0.0, 1.0]], [[1256.7414812095406, 0.0, 792.1125740759628], [0.0, 1256.7414812095406, 492.7757465151356], [0.0, 0.0, 1.0]], [[809.2209905677063, 0.0, 829.2196003259838], [0.0, 809.2209905677063, 481.77842384512485], [0.0, 0.0, 1.0]], [[1259.5137405846733, 0.0, 807.2529053838625], [0.0, 1259.5137405846733, 501.19579884916527], [0.0, 0.0, 1.0]]], "extrinsics": [[[0.8206256031990051, -0.5712698101997375, 0.014978214167058468, -0.965087890625], [-0.0037236677017062902, -0.031554948538541794, -0.9994950890541077, 1.5082473754882812], [0.5714541077613831, 0.8201555013656616, -0.028022021055221558, -1.2802734375], [0.0, 0.0, 0.0, 1.0]], [[0.005475211422890425, -0.9993528723716736, 0.035548944026231766, 0.005126953125], [-0.009013545699417591, -0.03559735789895058, -0.9993255734443665, 1.5205345153808594], [0.9999443292617798, 0.005151120014488697, -0.009202619083225727, -1.692352294921875], [0.0, 0.0, 0.0, 1.0]], [[-0.833073079586029, -0.5530106425285339, 0.012979208491742611, 1.03228759765625], [-0.0033764324616640806, -0.01837961934506893, -0.9998253583908081, 1.5036468505859375], [0.5531526207923889, -0.8329713940620422, 0.013444364070892334, -1.2486572265625], [0.0, 0.0, 0.0, 1.0]], [[0.9478331804275513, 0.3185933828353882, -0.010515401139855385, -1.1422119140625], [0.005292368587106466, -0.04871115833520889, -0.9987989068031311, 1.5885543823242188], [-0.3187229335308075, 0.9466390609741211, -0.0478561632335186, -0.1036376953125], [0.0, 0.0, 0.0, 1.0]], [[0.0026165139861404896, 0.9992457628250122, -0.03874411806464195, 0.002685546875], [-0.02012423612177372, -0.03868379071354866, -0.9990488290786743, 1.5793571472167969], [-0.999794065952301, 0.003393688937649131, 0.020007839426398277, 0.0018768310546875], [0.0, 0.0, 0.0, 1.0]], [[-0.9347313642501831, 0.3547919988632202, -0.019997600466012955, 1.136199951171875], [0.012512300163507462, -0.023379696533083916, -0.9996483325958252, 1.5514488220214844], [-0.3551347851753235, -0.9346529841423035, 0.01741447113454342, -0.063720703125], [0.0, 0.0, 0.0, 1.0]]], "view": [[0.0, -2.0, 100.0], [-2.0, 0.0, 100.0], [0.0, 0.0, 1.0]], "bev": "bev_d05a95e0449b48b1a964849f3d7849f4.png", "aux": "aux_d05a95e0449b48b1a964849f3d7849f4.npz", "visibility": "visibility_d05a95e0449b48b1a964849f3d7849f4.png", "pose": [[0.9121198058128357, 0.4099237322807312, 0.0, 787.7337646484375], [-0.4099237322807312, 0.9121198058128357, 0.0, 1291.322021484375], [0.0, 0.0, 1.0, 0.0], [0.0, 0.0, 0.0, 1.0]], "pose_inverse": [[0.9121198058128357, -0.4099237322807312, 0.0, -189.16403198242188], [0.4099237322807312, 0.9121198058128357, 0.0, -1500.7510986328125], [0.0, 0.0, 1.0, 0.0], [0.0, 0.0, 0.0, 1.0]], "cam_ids": [0, 1, 2, 3, 4, 5], "cam_channels": ["CAM_FRONT_LEFT", "CAM_FRONT", "CAM_FRONT_RIGHT", "CAM_BACK_LEFT", "CAM_BACK", "CAM_BACK_RIGHT"], "token": "d05a95e0449b48b1a964849f3d7849f4", "scene": "scene-0346"}, {"images": ["samples/CAM_FRONT_LEFT/n015-2018-08-02-17-16-37+0800__CAM_FRONT_LEFT__1533201732504844.jpg", "samples/CAM_FRONT/n015-2018-08-02-17-16-37+0800__CAM_FRONT__1533201732512460.jpg", "samples/CAM_FRONT_RIGHT/n015-2018-08-02-17-16-37+0800__CAM_FRONT_RIGHT__1533201732520339.jpg", "samples/CAM_BACK_LEFT/n015-2018-08-02-17-16-37+0800__CAM_BACK_LEFT__1533201732547423.jpg", "samples/CAM_BACK/n015-2018-08-02-17-16-37+0800__CAM_BACK__1533201732537525.jpg", "samples/CAM_BACK_RIGHT/n015-2018-08-02-17-16-37+0800__CAM_BACK_RIGHT__1533201732527893.jpg"], "intrinsics": [[[1272.5979470598488, 0.0, 826.6154927353808], [0.0, 1272.5979470598488, 479.75165386361925], [0.0, 0.0, 1.0]], [[1266.417203046554, 0.0, 816.2670197447984], [0.0, 1266.417203046554, 491.50706579294757], [0.0, 0.0, 1.0]], [[1260.8474446004698, 0.0, 807.968244525554], [0.0, 1260.8474446004698, 495.3344268742088], [0.0, 0.0, 1.0]], [[1256.7414812095406, 0.0, 792.1125740759628], [0.0, 1256.7414812095406, 492.7757465151356], [0.0, 0.0, 1.0]], [[809.2209905677063, 0.0, 829.2196003259838], [0.0, 809.2209905677063, 481.77842384512485], [0.0, 0.0, 1.0]], [[1259.5137405846733, 0.0, 807.2529053838625], [0.0, 1259.5137405846733, 501.19579884916527], [0.0, 0.0, 1.0]]], "extrinsics": [[[0.820633053779602, -0.5712582468986511, 0.015017426572740078, -0.9649658203125], [-0.0036959173157811165, -0.03158436343073845, -0.9994942545890808, 1.5082511901855469], [0.5714435577392578, 0.8201625347137451, -0.02803049236536026, -1.2802734375], [0.0, 0.0, 0.0, 1.0]], [[0.005489977542310953, -0.9993512630462646, 0.03559441119432449, 0.0048828125], [-0.008986207656562328, -0.03564281389117241, -0.9993242025375366, 1.520538330078125], [0.9999445080757141, 0.005166349001228809, -0.009176056832075119, -1.6923980712890625], [0.0, 0.0, 0.0, 1.0]], [[-0.8330637812614441, -0.5530244708061218, 0.0129921305924654, 1.03228759765625], [-0.0033510595094412565, -0.018440784886479378, -0.9998243451118469, 1.5036430358886719], [0.5531668663024902, -0.8329609036445618, 0.013509129174053669, -1.248779296875], [0.0, 0.0, 0.0, 1.0]], [[0.947832465171814, 0.31859561800956726, -0.01050832960754633, -1.14227294921875], [0.005318282172083855, -0.0487656369805336, -0.9987960457801819, 1.58856201171875], [-0.31872448325157166, 0.9466354846954346, -0.04791603609919548, -0.103759765625], [0.0, 0.0, 0.0, 1.0]], [[0.0026085625868290663, 0.9992431402206421, -0.03881228715181351, 0.0028076171875], [-0.02009885385632515, -0.03875219076871872, -0.9990467429161072, 1.5793533325195312], [-0.9997946619987488, 0.0033861601259559393, 0.019982554018497467, 0.0019073486328125], [0.0, 0.0, 0.0, 1.0]], [[-0.9347367882728577, 0.3547758162021637, -0.02003004401922226, 1.13623046875], [0.012524011544883251, -0.023441053926944733, -0.999646782875061, 1.5514450073242188], [-0.3551200032234192, -0.9346575140953064, 0.01746799610555172, -0.0634765625], [0.0, 0.0, 0.0, 1.0]]], "view": [[0.0, -2.0, 100.0], [-2.0, 0.0, 100.0], [0.0, 0.0, 1.0]], "bev": "bev_4f678fa48380438fa73e79931cc86e45.png", "aux": "aux_4f678fa48380438fa73e79931cc86e45.npz", "visibility": "visibility_4f678fa48380438fa73e79931cc86e45.png", "pose": [[0.912105143070221, 0.4099563658237457, 0.0, 787.7337646484375], [-0.4099563658237457, 0.912105143070221, 0.0, 1291.322021484375], [0.0, 0.0, 1.0, 0.0], [0.0, 0.0, 0.0, 1.0]], "pose_inverse": [[0.912105143070221, -0.4099563658237457, 0.0, -189.11033630371094], [0.4099563658237457, 0.912105143070221, 0.0, -1500.7579345703125], [0.0, 0.0, 1.0, 0.0], [0.0, 0.0, 0.0, 1.0]], "cam_ids": [0, 1, 2, 3, 4, 5], "cam_channels": ["CAM_FRONT_LEFT", "CAM_FRONT", "CAM_FRONT_RIGHT", "CAM_BACK_LEFT", "CAM_BACK", "CAM_BACK_RIGHT"], "token": "4f678fa48380438fa73e79931cc86e45", "scene": "scene-0346"}, {"images": ["samples/CAM_FRONT_LEFT/n015-2018-08-02-17-16-37+0800__CAM_FRONT_LEFT__1533201733004844.jpg", "samples/CAM_FRONT/n015-2018-08-02-17-16-37+0800__CAM_FRONT__1533201733012460.jpg", "samples/CAM_FRONT_RIGHT/n015-2018-08-02-17-16-37+0800__CAM_FRONT_RIGHT__1533201733020339.jpg", "samples/CAM_BACK_LEFT/n015-2018-08-02-17-16-37+0800__CAM_BACK_LEFT__1533201733047423.jpg", "samples/CAM_BACK/n015-2018-08-02-17-16-37+0800__CAM_BACK__1533201733037525.jpg", "samples/CAM_BACK_RIGHT/n015-2018-08-02-17-16-37+0800__CAM_BACK_RIGHT__1533201733027893.jpg"], "intrinsics": [[[1272.5979470598488, 0.0, 826.6154927353808], [0.0, 1272.5979470598488, 479.75165386361925], [0.0, 0.0, 1.0]], [[1266.417203046554, 0.0, 816.2670197447984], [0.0, 1266.417203046554, 491.50706579294757], [0.0, 0.0, 1.0]], [[1260.8474446004698, 0.0, 807.968244525554], [0.0, 1260.8474446004698, 495.3344268742088], [0.0, 0.0, 1.0]], [[1256.7414812095406, 0.0, 792.1125740759628], [0.0, 1256.7414812095406, 492.7757465151356], [0.0, 0.0, 1.0]], [[809.2209905677063, 0.0, 829.2196003259838], [0.0, 809.2209905677063, 481.77842384512485], [0.0, 0.0, 1.0]], [[1259.5137405846733, 0.0, 807.2529053838625], [0.0, 1259.5137405846733, 501.19579884916527], [0.0, 0.0, 1.0]]], "extrinsics": [[[0.8206210732460022, -0.5712792277336121, 0.01487007550895214, -0.96502685546875], [-0.003856051480397582, -0.03155535086989403, -0.9994945526123047, 1.5082473754882812], [0.5714596509933472, 0.8201489448547363, -0.028097866103053093, -1.2803955078125], [0.0, 0.0, 0.0, 1.0]], [[0.00547372829169035, -0.9993524551391602, 0.035561453551054, 0.0050048828125], [-0.00915590487420559, -0.03561058267951012, -0.999323844909668, 1.5205307006835938], [0.9999430775642395, 0.0051443553529679775, -0.009344899095594883, -1.6923675537109375], [0.0, 0.0, 0.0, 1.0]], [[-0.8330720067024231, -0.5530088543891907, 0.013121125288307667, 1.03228759765625], [-0.0035291416570544243, -0.018406197428703308, -0.9998243451118469, 1.5036430358886719], [0.5531532168388367, -0.83297199010849, 0.01338204275816679, -1.2486572265625], [0.0, 0.0, 0.0, 1.0]], [[0.9478323459625244, 0.3185904622077942, -0.010676844976842403, -1.14215087890625], [0.005129734054207802, -0.04873386770486832, -0.9987986087799072, 1.5885543823242188], [-0.3187279999256134, 0.946638822555542, -0.04782582074403763, -0.103759765625], [0.0, 0.0, 0.0, 1.0]], [[0.002611991250887513, 0.9992442727088928, -0.038780730217695236, 0.0028076171875], [-0.020287029445171356, -0.03871992975473404, -0.9990441203117371, 1.5793609619140625], [-0.9997906684875488, 0.0033962633460760117, 0.020170563831925392, 0.001922607421875], [0.0, 0.0, 0.0, 1.0]], [[-0.9347346425056458, 0.35479098558425903, -0.019861536100506783, 1.136260986328125], [0.01235324889421463, -0.023415379226207733, -0.9996495246887207, 1.5514488220214844], [-0.3551316559314728, -0.9346524477005005, 0.017504343762993813, -0.063720703125], [0.0, 0.0, 0.0, 1.0]]], "view": [[0.0, -2.0, 100.0], [-2.0, 0.0, 100.0], [0.0, 0.0, 1.0]], "bev": "bev_86b84392b77545d98db8135f590fd829.png", "aux": "aux_86b84392b77545d98db8135f590fd829.npz", "visibility": "visibility_86b84392b77545d98db8135f590fd829.png", "pose": [[0.9121650457382202, 0.4098230004310608, 0.0, 787.7337646484375], [-0.4098230004310608, 0.9121650457382202, 0.0, 1291.322021484375], [0.0, 0.0, 1.0, 0.0], [0.0, 0.0, 0.0, 1.0]], "pose_inverse": [[0.9121650457382202, -0.4098230004310608, 0.0, -189.32972717285156], [0.4098230004310608, 0.9121650457382202, 0.0, -1500.730224609375], [0.0, 0.0, 1.0, 0.0], [0.0, 0.0, 0.0, 1.0]], "cam_ids": [0, 1, 2, 3, 4, 5], "cam_channels": ["CAM_FRONT_LEFT", "CAM_FRONT", "CAM_FRONT_RIGHT", "CAM_BACK_LEFT", "CAM_BACK", "CAM_BACK_RIGHT"], "token": "86b84392b77545d98db8135f590fd829", "scene": "scene-0346"}, {"images": ["samples/CAM_FRONT_LEFT/n015-2018-08-02-17-16-37+0800__CAM_FRONT_LEFT__1533201733505223.jpg", "samples/CAM_FRONT/n015-2018-08-02-17-16-37+0800__CAM_FRONT__1533201733512460.jpg", "samples/CAM_FRONT_RIGHT/n015-2018-08-02-17-16-37+0800__CAM_FRONT_RIGHT__1533201733520940.jpg", "samples/CAM_BACK_LEFT/n015-2018-08-02-17-16-37+0800__CAM_BACK_LEFT__1533201733547423.jpg", "samples/CAM_BACK/n015-2018-08-02-17-16-37+0800__CAM_BACK__1533201733537525.jpg", "samples/CAM_BACK_RIGHT/n015-2018-08-02-17-16-37+0800__CAM_BACK_RIGHT__1533201733527893.jpg"], "intrinsics": [[[1272.5979470598488, 0.0, 826.6154927353808], [0.0, 1272.5979470598488, 479.75165386361925], [0.0, 0.0, 1.0]], [[1266.417203046554, 0.0, 816.2670197447984], [0.0, 1266.417203046554, 491.50706579294757], [0.0, 0.0, 1.0]], [[1260.8474446004698, 0.0, 807.968244525554], [0.0, 1260.8474446004698, 495.3344268742088], [0.0, 0.0, 1.0]], [[1256.7414812095406, 0.0, 792.1125740759628], [0.0, 1256.7414812095406, 492.7757465151356], [0.0, 0.0, 1.0]], [[809.2209905677063, 0.0, 829.2196003259838], [0.0, 809.2209905677063, 481.77842384512485], [0.0, 0.0, 1.0]], [[1259.5137405846733, 0.0, 807.2529053838625], [0.0, 1259.5137405846733, 501.19579884916527], [0.0, 0.0, 1.0]]], "extrinsics": [[[0.8206257224082947, -0.5712730884552002, 0.014846058562397957, -0.96502685546875], [-0.003899749368429184, -0.03157644718885422, -0.9994937181472778, 1.5082473754882812], [0.5714526772499084, 0.8201524019241333, -0.028140267357230186, -1.2801513671875], [0.0, 0.0, 0.0, 1.0]], [[0.005475952289998531, -0.999351978302002, 0.03557495400309563, 0.0050048828125], [-0.00920393317937851, -0.03562435507774353, -0.9993228912353516, 1.5205307006835938], [0.9999425411224365, 0.00514479074627161, -0.009393044747412205, -1.692352294921875], [0.0, 0.0, 0.0, 1.0]], [[-0.8330749273300171, -0.553003191947937, 0.013168794102966785, 1.0323486328125], [-0.0035827220417559147, -0.018411826342344284, -0.999824047088623, 1.5036430358886719], [0.5531483292579651, -0.8329756259918213, 0.013357178308069706, -1.2486572265625], [0.0, 0.0, 0.0, 1.0]], [[0.9478328227996826, 0.3185875117778778, -0.010725309140980244, -1.1422119140625], [0.005083741620182991, -0.0487494170665741, -0.9987980723381042, 1.58856201171875], [-0.31872743368148804, 0.9466390013694763, -0.04782591387629509, -0.103759765625], [0.0, 0.0, 0.0, 1.0]], [[0.0026164045557379723, 0.9992440342903137, -0.03878767415881157, 0.0028076171875], [-0.02033