[{"images": ["samples/CAM_FRONT_LEFT/n008-2018-09-18-12-07-26-0400__CAM_FRONT_LEFT__1537287064504799.jpg", "samples/CAM_FRONT/n008-2018-09-18-12-07-26-0400__CAM_FRONT__1537287064512404.jpg", "samples/CAM_FRONT_RIGHT/n008-2018-09-18-12-07-26-0400__CAM_FRONT_RIGHT__1537287064520482.jpg", "samples/CAM_BACK_LEFT/n008-2018-09-18-12-07-26-0400__CAM_BACK_LEFT__1537287064547405.jpg", "samples/CAM_BACK/n008-2018-09-18-12-07-26-0400__CAM_BACK__1537287064537558.jpg", "samples/CAM_BACK_RIGHT/n008-2018-09-18-12-07-26-0400__CAM_BACK_RIGHT__1537287064528113.jpg"], "intrinsics": [[[1257.8625342125129, 0.0, 827.2410631095686], [0.0, 1257.8625342125129, 450.915498205774], [0.0, 0.0, 1.0]], [[1252.8131021185304, 0.0, 826.588114781398], [0.0, 1252.8131021185304, 469.9846626224581], [0.0, 0.0, 1.0]], [[1256.7485116440405, 0.0, 817.7887570959712], [0.0, 1256.7485116440403, 451.9541780095127], [0.0, 0.0, 1.0]], [[1254.9860565800168, 0.0, 829.5769333630991], [0.0, 1254.9860565800168, 467.1680561863987], [0.0, 0.0, 1.0]], [[796.8910634503094, 0.0, 857.7774326863696], [0.0, 796.8910634503094, 476.8848988407415], [0.0, 0.0, 1.0]], [[1249.9629280788233, 0.0, 825.3768045375984], [0.0, 1249.9629280788233, 462.54816385708756], [0.0, 0.0, 1.0]]], "extrinsics": [[[0.8217236399650574, -0.5697505474090576, 0.01243740227073431, -0.6878662109375], [0.0013129109283909202, -0.019931655377149582, -0.999800443649292, 1.4888076782226562], [0.5698847770690918, 0.821575939655304, -0.01563028059899807, -1.1138916015625], [0.0, 0.0, 0.0, 1.0]], [[0.008724052459001541, -0.9996711015701294, 0.024114852771162987, 0.0079345703125], [0.0032471087761223316, -0.024087322875857353, -0.9997045993804932, 1.4811983108520508], [0.9999566078186035, 0.008799780160188675, 0.003035902511328459, -1.413330078125], [0.0, 0.0, 0.0, 1.0]], [[-0.8447213768959045, -0.5351455807685852, 0.00806757528334856, 0.876220703125], [0.011249920353293419, -0.03282427042722702, -0.9993978142738342, 1.495915412902832], [0.5350881218910217, -0.8441219329833984, 0.03374771028757095, -1.14202880859375], [0.0, 0.0, 0.0, 1.0]], [[0.9478668570518494, 0.3180912137031555, -0.019138997420668602, -1.116943359375], [-0.014306963421404362, -0.01752014458179474, -0.999744176864624, 1.5616378784179688], [-0.31834518909454346, 0.9478982090950012, -0.012055844999849796, -0.16522216796875], [0.0, 0.0, 0.0, 1.0]], [[0.009795159101486206, 0.9996335506439209, -0.02523411251604557, -0.027587890625], [-0.012130804359912872, -0.025114672258496284, -0.999610960483551, 1.5667152404785156], [-0.9998784065246582, 0.010097457095980644, 0.011880358681082726, -0.06640625], [0.0, 0.0, 0.0, 1.0]], [[-0.9233759641647339, 0.38373661041259766, -0.011091981083154678, 0.9852294921875], [-0.007887259125709534, -0.047850102186203, -0.9988234043121338, 1.5462989807128906], [-0.38381579518318176, -0.9222019910812378, 0.047210268676280975, -0.1168212890625], [0.0, 0.0, 0.0, 1.0]]], "view": [[0.0, -2.0, 100.0], [-2.0, 0.0, 100.0], [0.0, 0.0, 1.0]], "bev": "bev_2861208a57144d49b0c5052e361217dc.png", "aux": "aux_2861208a57144d49b0c5052e361217dc.npz", "visibility": "visibility_2861208a57144d49b0c5052e361217dc.png", "pose": [[0.9997584819793701, -0.021975932642817497, 0.0, 2078.08251953125], [0.021975932642817497, 0.9997584819793701, 0.0, 873.3682861328125], [0.0, 0.0, 1.0, 0.0], [0.0, 0.0, 0.0, 1.0]], "pose_inverse": [[0.9997584819793701, 0.021975932642817497, 0.0, -2096.773681640625], [-0.021975932642817497, 0.9997584819793701, 0.0, -827.4895629882812], [0.0, 0.0, 1.0, 0.0], [0.0, 0.0, 0.0, 1.0]], "cam_ids": [0, 1, 2, 3, 4, 5], "cam_channels": ["CAM_FRONT_LEFT", "CAM_FRONT", "CAM_FRONT_RIGHT", "CAM_BACK_LEFT", "CAM_BACK", "CAM_BACK_RIGHT"], "token": "2861208a57144d49b0c5052e361217dc", "scene": "scene-0446"}, {"images": ["samples/CAM_FRONT_LEFT/n008-2018-09-18-12-07-26-0400__CAM_FRONT_LEFT__1537287065004799.jpg", "samples/CAM_FRONT/n008-2018-09-18-12-07-26-0400__CAM_FRONT__1537287065012404.jpg", "samples/CAM_FRONT_RIGHT/n008-2018-09-18-12-07-26-0400__CAM_FRONT_RIGHT__1537287065020482.jpg", "samples/CAM_BACK_LEFT/n008-2018-09-18-12-07-26-0400__CAM_BACK_LEFT__1537287065047405.jpg", "samples/CAM_BACK/n008-2018-09-18-12-07-26-0400__CAM_BACK__1537287065037558.jpg", "samples/CAM_BACK_RIGHT/n008-2018-09-18-12-07-26-0400__CAM_BACK_RIGHT__1537287065028113.jpg"], "intrinsics": [[[1257.8625342125129, 0.0, 827.2410631095686], [0.0, 1257.8625342125129, 450.915498205774], [0.0, 0.0, 1.0]], [[1252.8131021185304, 0.0, 826.588114781398], [0.0, 1252.8131021185304, 469.9846626224581], [0.0, 0.0, 1.0]], [[1256.7485116440405, 0.0, 817.7887570959712], [0.0, 1256.7485116440403, 451.9541780095127], [0.0, 0.0, 1.0]], [[1254.9860565800168, 0.0, 829.5769333630991], [0.0, 1254.9860565800168, 467.1680561863987], [0.0, 0.0, 1.0]], [[796.8910634503094, 0.0, 857.7774326863696], [0.0, 796.8910634503094, 476.8848988407415], [0.0, 0.0, 1.0]], [[1249.9629280788233, 0.0, 825.3768045375984], [0.0, 1249.9629280788233, 462.54816385708756], [0.0, 0.0, 1.0]]], "extrinsics": [[[0.8228720426559448, -0.5680128335952759, 0.015591932460665703, -0.69921875], [0.001860828255303204, -0.0247457567602396, -0.9996920228004456, 1.4890289306640625], [0.5682237148284912, 0.8226476311683655, -0.019305618479847908, -1.1243896484375], [0.0, 0.0, 0.0, 1.0]], [[0.01082585472613573, -0.9995229840278625, 0.028923340141773224, 0.0098876953125], [0.003958192188292742, -0.028881972655653954, -0.9995750188827515, 1.481424331665039], [0.9999334812164307, 0.01093573309481144, 0.00364363263361156, -1.42578125], [0.0, 0.0, 0.0, 1.0]], [[-0.8437543511390686, -0.5366373658180237, 0.009943372569978237, 0.885498046875], [0.012131055817008018, -0.0375882126390934, -0.9992197155952454, 1.4960684776306152], [0.536592423915863, -0.8429753184318542, 0.0382252000272274, -1.14599609375], [0.0, 0.0, 0.0, 1.0]], [[0.9478355050086975, 0.31816935539245605, -0.019390499219298363, -1.11865234375], [-0.012941316701471806, -0.022371046245098114, -0.9996659755706787, 1.5616989135742188], [-0.3184969425201416, 0.947769820690155, -0.017086539417505264, -0.164764404296875], [0.0, 0.0, 0.0, 1.0]], [[0.009005190804600716, 0.9995088577270508, -0.030015094205737114, -0.0283203125], [-0.010922802612185478, -0.029916198924183846, -0.9994927048683167, 1.5669136047363281], [-0.9998998045921326, 0.009328472428023815, 0.010648036375641823, -0.061767578125], [0.0, 0.0, 0.0, 1.0]], [[-0.9238934516906738, 0.38239848613739014, -0.013865160755813122, 0.99169921875], [-0.006805344019085169, -0.052649322897195816, -0.9985898733139038, 1.5466041564941406], [-0.382589191198349, -0.9224963188171387, 0.051244720816612244, -0.1129150390625], [0.0, 0.0, 0.0, 1.0]]], "view": [[0.0, -2.0, 100.0], [-2.0, 0.0, 100.0], [0.0, 0.0, 1.0]], "bev": "bev_14029c01e3944bce97dffb7669ddaf6c.png", "aux": "aux_14029c01e3944bce97dffb7669ddaf6c.npz", "visibility": "visibility_14029c01e3944bce97dffb7669ddaf6c.png", "pose": [[0.9996889233589172, -0.024940526112914085, 0.0, 2082.135009765625], [0.024940526112914085, 0.9996889233589172, 0.0, 873.4476318359375], [0.0, 0.0, 1.0, 0.0], [0.0, 0.0, 0.0, 1.0]], "pose_inverse": [[0.9996889233589172, 0.024940526112914085, 0.0, -2103.271484375], [-0.024940526112914085, 0.9996889233589172, 0.0, -821.2463989257812], [0.0, 0.0, 1.0, 0.0], [0.0, 0.0, 0.0, 1.0]], "cam_ids": [0, 1, 2, 3, 4, 5], "cam_channels": ["CAM_FRONT_LEFT", "CAM_FRONT", "CAM_FRONT_RIGHT", "CAM_BACK_LEFT", "CAM_BACK", "CAM_BACK_RIGHT"], "token": "14029c01e3944bce97dffb7669ddaf6c", "scene": "scene-0446"}, {"images": ["samples/CAM_FRONT_LEFT/n008-2018-09-18-12-07-26-0400__CAM_FRONT_LEFT__1537287065504799.jpg", "samples/CAM_FRONT/n008-2018-09-18-12-07-26-0400__CAM_FRONT__1537287065512404.jpg", "samples/CAM_FRONT_RIGHT/n008-2018-09-18-12-07-26-0400__CAM_FRONT_RIGHT__1537287065520482.jpg", "samples/CAM_BACK_LEFT/n008-2018-09-18-12-07-26-0400__CAM_BACK_LEFT__1537287065547405.jpg", "samples/CAM_BACK/n008-2018-09-18-12-07-26-0400__CAM_BACK__1537287065537558.jpg", "samples/CAM_BACK_RIGHT/n008-2018-09-18-12-07-26-0400__CAM_BACK_RIGHT__1537287065528113.jpg"], "intrinsics": [[[1257.8625342125129, 0.0, 827.2410631095686], [0.0, 1257.8625342125129, 450.915498205774], [0.0, 0.0, 1.0]], [[1252.8131021185304, 0.0, 826.588114781398], [0.0, 1252.8131021185304, 469.9846626224581], [0.0, 0.0, 1.0]], [[1256.7485116440405, 0.0, 817.7887570959712], [0.0, 1256.7485116440403, 451.9541780095127], [0.0, 0.0, 1.0]], [[1254.9860565800168, 0.0, 829.5769333630991], [0.0, 1254.9860565800168, 467.1680561863987], [0.0, 0.0, 1.0]], [[796.8910634503094, 0.0, 857.7774326863696], [0.0, 796.8910634503094, 476.8848988407415], [0.0, 0.0, 1.0]], [[1249.9629280788233, 0.0, 825.3768045375984], [0.0, 1249.9629280788233, 462.54816385708756], [0.0, 0.0, 1.0]]], "extrinsics": [[[0.8225060701370239, -0.568470299243927, 0.018040722236037254, -0.7099609375], [0.004463033750653267, -0.02526765502989292, -0.9996708035469055, 1.4899263381958008], [0.5687389373779297, 0.8223157525062561, -0.018245693296194077, -1.131103515625], [0.0, 0.0, 0.0, 1.0]], [[0.010011660866439342, -0.9995179772377014, 0.029387641698122025, 0.00927734375], [0.006551805883646011, -0.029322916641831398, -0.9995485544204712, 1.4821500778198242], [0.9999284744262695, 0.010199679993093014, 0.006255076266825199, -1.43603515625], [0.0, 0.0, 0.0, 1.0]], [[-0.8441404700279236, -0.5360636115074158, 0.007923418655991554, 0.891845703125], [0.014718658290803432, -0.03794600069522858, -0.9991713762283325, 1.4965578317642212], [0.5359200835227966, -0.8433243632316589, 0.03992188721895218, -1.150848388671875], [0.0, 0.0, 0.0, 1.0]], [[0.9478698968887329, 0.31820622086524963, -0.016953375190496445, -1.120849609375], [-0.010303571820259094, -0.022569360211491585, -0.9996921420097351, 1.5617866516113281], [-0.3184909522533417, 0.9477527737617493, -0.018114157021045685, -0.16412353515625], [0.0, 0.0, 0.0, 1.0]], [[0.009326132014393806, 0.9994993805885315, -0.030235780403017998, -0.02813720703125], [-0.00828564167022705, -0.030158821493387222, -0.9995107650756836, 1.5672264099121094], [-0.9999222755432129, 0.009572092443704605, 0.008000228554010391, -0.0576171875], [0.0, 0.0, 0.0, 1.0]], [[-0.9236679673194885, 0.3828432261943817, -0.016388848423957825, 0.9981689453125], [-0.004219697322696447, -0.05292852967977524, -0.9985893964767456, 1.547088623046875], [-0.38317063450813293, -0.922295868396759, 0.050503864884376526, -0.11083984375], [0.0, 0.0, 0.0, 1.0]]], "view": [[0.0, -2.0, 100.0], [-2.0, 0.0, 100.0], [0.0, 0.0, 1.0]], "bev": "bev_c5800dd038334d4b9adb4d636a5f2893.png", "aux": "aux_c5800dd038334d4b9adb4d636a5f2893.npz", "visibility": "visibility_c5800dd038334d4b9adb4d636a5f2893.png", "pose": [[0.999718427658081, -0.023730134591460228, 0.0, 2086.069580078125], [0.023730134591460228, 0.999718427658081, 0.0, 873.5197143554688], [0.0, 0.0, 1.0, 0.0], [0.0, 0.0, 0.0, 1.0]], "pose_inverse": [[0.999718427658081, 0.023730134591460228, 0.0, -2106.2109375], [-0.023730134591460228, 0.999718427658081, 0.0, -823.77099609375], [0.0, 0.0, 1.0, 0.0], [0.0, 0.0, 0.0, 1.0]], "cam_ids": [0, 1, 2, 3, 4, 5], "cam_channels": ["CAM_FRONT_LEFT", "CAM_FRONT", "CAM_FRONT_RIGHT", "CAM_BACK_LEFT", "CAM_BACK", "CAM_BACK_RIGHT"], "token": "c5800dd038334d4b9adb4d636a5f2893", "scene": "scene-0446"}, {"images": ["samples/CAM_FRONT_LEFT/n008-2018-09-18-12-07-26-0400__CAM_FRONT_LEFT__1537287066004799.jpg", "samples/CAM_FRONT/n008-2018-09-18-12-07-26-0400__CAM_FRONT__1537287066012404.jpg", "samples/CAM_FRONT_RIGHT/n008-2018-09-18-12-07-26-0400__CAM_FRONT_RIGHT__1537287066020482.jpg", "samples/CAM_BACK_LEFT/n008-2018-09-18-12-07-26-0400__CAM_BACK_LEFT__1537287066047405.jpg", "samples/CAM_BACK/n008-2018-09-18-12-07-26-0400__CAM_BACK__1537287066037558.jpg", "samples/CAM_BACK_RIGHT/n008-2018-09-18-12-07-26-0400__CAM_BACK_RIGHT__1537287066028113.jpg"], "intrinsics": [[[1257.8625342125129, 0.0, 827.2410631095686], [0.0, 1257.8625342125129, 450.915498205774], [0.0, 0.0, 1.0]], [[1252.8131021185304, 0.0, 826.588114781398], [0.0, 1252.8131021185304, 469.9846626224581], [0.0, 0.0, 1.0]], [[1256.7485116440405, 0.0, 817.7887570959712], [0.0, 1256.7485116440403, 451.9541780095127], [0.0, 0.0, 1.0]], [[1254.9860565800168, 0.0, 829.5769333630991], [0.0, 1254.9860565800168, 467.1680561863987], [0.0, 0.0, 1.0]], [[796.8910634503094, 0.0, 857.7774326863696], [0.0, 796.8910634503094, 476.8848988407415], [0.0, 0.0, 1.0]], [[1249.9629280788233, 0.0, 825.3768045375984], [0.0, 1249.9629280788233, 462.54816385708756], [0.0, 0.0, 1.0]]], "extrinsics": [[[0.8227739930152893, -0.5679954290390015, 0.020598873496055603, -0.7122802734375], [0.00810270756483078, -0.024516580626368523, -0.9996665716171265, 1.4912283420562744], [0.5683110356330872, 0.8226665258407593, -0.01556930411607027, -1.134765625], [0.0, 0.0, 0.0, 1.0]], [[0.010640086606144905, -0.9995315670967102, 0.02869662269949913, 0.0108642578125], [0.010043247602880001, -0.02858998067677021, -0.9995408058166504, 1.483208417892456], [0.9998929500579834, 0.01092340424656868, 0.00973434280604124, -1.438232421875], [0.0, 0.0, 0.0, 1.0]], [[-0.8437923789024353, -0.5366487503051758, 0.0047529335133731365, 0.893798828125], [0.0180498119443655, -0.037229493260383606, -0.9991437196731567, 1.497370719909668], [0.5363661646842957, -0.842984139919281, 0.04110037162899971, -1.1502685546875], [0.0, 0.0, 0.0, 1.0]], [[0.9478686451911926, 0.318355530500412, -0.013955277390778065, -1.1181640625], [-0.00729462830349803, -0.022104676812887192, -0.9997290968894958, 1.5618476867675781], [-0.31857776641845703, 0.9477136731147766, -0.018630044534802437, -0.1649169921875], [0.0, 0.0, 0.0, 1.0]], [[0.009058799594640732, 0.9995201826095581, -0.029618624597787857, -0.02880859375], [-0.005145681090652943, -0.029572850093245506, -0.9995493292808533, 1.5675582885742188], [-0.9999457001686096, 0.009207125753164291, 0.004875317681580782, -0.058837890625], [0.0, 0.0, 0.0, 1.0]], [[-0.9238194227218628, 0.38235190510749817, -0.01909649930894375, 0.9976806640625], [-0.0009875489631667733, -0.05226261541247368, -0.9986329078674316, 1.5477104187011719], [-0.38282716274261475, -0.922537624835968, 0.048658810555934906, -0.1097412109375], [0.0, 0.0, 0.0, 1.0]]], "view": [[0.0, -2.0, 100.0], [-2.0, 0.0, 100.0], [0.0, 0.0, 1.0]], "bev": "bev_3e86bbe6371347759e2381922f6b9da6.png", "aux": "aux_3e86bbe6371347759e2381922f6b9da6.npz", "visibility": "visibility_3e86bbe6371347759e2381922f6b9da6.png", "pose": [[0.9997800588607788, -0.020972799509763718, 0.0, 2089.935791015625], [0.020972799509763718, 0.9997800588607788, 0.0, 873.5880737304688], [0.0, 0.0, 1.0, 0.0], [0.0, 0.0, 0.0, 1.0]], "pose_inverse": [[0.9997800588607788, 0.020972799509763718, 0.0, -2107.797607421875], [-0.020972799509763718, 0.9997800588607788, 0.0, -829.5641479492188], [0.0, 0.0, 1.0, 0.0], [0.0, 0.0, 0.0, 1.0]], "cam_ids": [0, 1, 2, 3, 4, 5], "cam_channels": ["CAM_FRONT_LEFT", "CAM_FRONT", "CAM_FRONT_RIGHT", "CAM_BACK_LEFT", "CAM_BACK", "CAM_BACK_RIGHT"], "token": "3e86bbe6371347759e2381922f6b9da6", "scene": "scene-0446"}, {"images": ["samples/CAM_FRONT_LEFT/n008-2018-09-18-12-07-26-0400__CAM_FRONT_LEFT__1537287066504799.jpg", "samples/CAM_FRONT/n008-2018-09-18-12-07-26-0400__CAM_FRONT__1537287066512404.jpg", "samples/CAM_FRONT_RIGHT/n008-2018-09-18-12-07-26-0400__CAM_FRONT_RIGHT__1537287066520482.jpg", "samples/CAM_BACK_LEFT/n008-2018-09-18-12-07-26-0400__CAM_BACK_LEFT__1537287066547405.jpg", "samples/CAM_BACK/n008-2018-09-18-12-07-26-0400__CAM_BACK__1537287066537558.jpg", "samples/CAM_BACK_RIGHT/n008-2018-09-18-12-07-26-0400__CAM_BACK_RIGHT__1537287066528113.jpg"], "intrinsics": [[[1257.8625342125129, 0.0, 827.2410631095686], [0.0, 1257.8625342125129, 450.915498205774], [0.0, 0.0, 1.0]], [[1252.8131021185304, 0.0, 826.588114781398], [0.0, 1252.8131021185304, 469.9846626224581], [0.0, 0.0, 1.0]], [[1256.7485116440405, 0.0, 817.7887570959712], [0.0, 1256.7485116440403, 451.9541780095127], [0.0, 0.0, 1.0]], [[1254.9860565800168, 0.0, 829.5769333630991], [0.0, 1254.9860565800168, 467.1680561863987], [0.0, 0.0, 1.0]], [[796.8910634503094, 0.0, 857.7774326863696], [0.0, 796.8910634503094, 476.8848988407415], [0.0, 0.0, 1.0]], [[1249.9629280788233, 0.0, 825.3768045375984], [0.0, 1249.9629280788233, 462.54816385708756], [0.0, 0.0, 1.0]]], "extrinsics": [[[0.8225718140602112, -0.568313717842102, 0.01987907849252224, -0.714599609375], [0.009095653891563416, -0.021804334595799446, -0.9997208714485168, 1.491546392440796], [0.5685885548591614, 0.8225229978561401, -0.01276644691824913, -1.135986328125], [0.0, 0.0, 0.0, 1.0]], [[0.010315143503248692, -0.9996094703674316, 0.02596985548734665, 0.01055908203125], [0.01095806434750557, -0.02585667371749878, -0.999605655670166, 1.483433485031128], [0.9998867511749268, 0.010595656931400299, 0.010687069967389107, -1.441650390625], [0.0, 0.0, 0.0, 1.0]], [[-0.8439281582832336, -0.5364500880241394, 0.0025617049541324377, 0.89599609375], [0.01888156868517399, -0.034475553780794144, -0.9992271065711975, 1.497502326965332], [0.5361238121986389, -0.8432276248931885, 0.03922390937805176, -1.151885986328125], [0.0, 0.0, 0.0, 1.0]], [[0.9477342367172241, 0.3188091218471527, -0.012670235708355904, -1.121337890625], [-0.006899794563651085, -0.01922285370528698, -0.9997913837432861, 1.5618934631347656], [-0.3189861476421356, 0.9476240277290344, -0.016018439084291458, -0.1647796630859375], [0.0, 0.0, 0.0, 1.0]], [[0.009063459932804108, 0.9995995163917542, -0.026807833462953568, -0.02886962890625], [-0.004639909137040377, -0.02676660194993019, -0.9996309280395508, 1.5676193237304688], [-0.9999481439590454, 0.009184498339891434, 0.004395453259348869, -0.05615234375], [0.0, 0.0, 0.0, 1.0]], [[-0.9237372279167175, 0.3825734555721283, -0.018630115315318108, 0.9996337890625], [-0.00034937242162413895, -0.049480751156806946, -0.9987750053405762, 1.5478172302246094], [-0.3830266296863556, -0.922599196434021, 0.04584087058901787, -0.109130859375], [0.0, 0.0, 0.0, 1.0]]], "view": [[0.0, -2.0, 100.0], [-2.0, 0.0, 100.0], [0.0, 0.0, 1.0]], "bev": "bev_8befdd25c36143c79d6c43b62e2ed85a.png", "aux": "aux_8befdd25c36143c79d6c43b62e2ed85a.npz", "visibility": "visibility_8befdd25c36143c79d6c43b62e2ed85a.png", "pose": [[0.9997844696044922, -0.020761484280228615, 0.0, 2093.777099609375], [0.020761484280228615, 0.9997844696044922, 0.0, 873.6358642578125], [0.0, 0.0, 1.0, 0.0], [0.0, 0.0, 0.0, 1.0]], "pose_inverse": [[0.9997844696044922, 0.020761484280228615, 0.0, -2111.4638671875], [-0.020761484280228615, 0.9997844696044922, 0.0, -829.9776611328125], [0.0, 0.0, 1.0, 0.0], [0.0, 0.0, 0.0, 1.0]], "cam_ids": [0, 1, 2, 3, 4, 5], "cam_channels": ["CAM_FRONT_LEFT", "CAM_FRONT", "CAM_FRONT_RIGHT", "CAM_BACK_LEFT", "CAM_BACK", "CAM_BACK_RIGHT"], "token": "8befdd25c36143c79d6c43b62e2ed85a", "scene": "scene-0446"}, {"images": ["samples/CAM_FRONT_LEFT/n008-2018-09-18-12-07-26-0400__CAM_FRONT_LEFT__1537287067004799.jpg", "samples/CAM_FRONT/n008-2018-09-18-12-07-26-0400__CAM_FRONT__1537287067012404.jpg", "samples/CAM_FRONT_RIGHT/n008-2018-09-18-12-07-26-0400__CAM_FRONT_RIGHT__1537287067020482.jpg", "samples/CAM_BACK_LEFT/n008-2018-09-18-12-07-26-0400__CAM_BACK_LEFT__1537287067047405.jpg", "samples/CAM_BACK/n008-2018-09-18-12-07-26-0400__CAM_BACK__1537287067037558.jpg", "samples/CAM_BACK_RIGHT/n008-2018-09-18-12-07-26-0400__CAM_BACK_RIGHT__1537287067028113.jpg"], "intrinsics": [[[1257.8625342125129, 0.0, 827.2410631095686], [0.0, 1257.8625342125129, 450.915498205774], [0.0, 0.0, 1.0]], [[1252.8131021185304, 0.0, 826.588114781398], [0.0, 1252.8131021185304, 469.9846626224581], [0.0, 0.0, 1.0]], [[1256.7485116440405, 0.0, 817.7887570959712], [0.0, 1256.7485116440403, 451.9541780095127], [0.0, 0.0, 1.0]], [[1254.9860565800168, 0.0, 829.5769333630991], [0.0, 1254.9860565800168, 467.1680561863987], [0.0, 0.0, 1.0]], [[796.8910634503094, 0.0, 857.7774326863696], [0.0, 796.8910634503094, 476.8848988407415], [0.0, 0.0, 1.0]], [[1249.9629280788233, 0.0, 825.3768045375984], [0.0, 1249.9629280788233, 462.54816385708756], [0.0, 0.0, 1.0]]], "extrinsics": [[[0.822594165802002, -0.5683603882789612, 0.017469162121415138, -0.7127685546875], [0.00831202045083046, -0.01869955100119114, -0.999790608882904, 1.4913065433502197], [0.5685681104660034, 0.8225671648979187, -0.010657919570803642, -1.1365966796875], [0.0, 0.0, 0.0, 1.0]], [[0.010316349565982819, -0.9996848106384277, 0.02288484014570713, 0.01202392578125], [0.010032139718532562, -0.022781431674957275, -0.9996901750564575, 1.4832051992416382], [0.9998964071273804, 0.010542737320065498, 0.009793958626687527, -1.440185546875], [0.0, 0.0, 0.0, 1.0]], [[-0.8439496755599976, -0.5364190936088562, 0.0018360359827056527, 0.895263671875], [0.017804665490984917, -0.03143266215920448, -0.9993472695350647, 1.4973154067993164], [0.5361266136169434, -0.8433662056922913, 0.036078352481126785, -1.150177001953125], [0.0, 0.0, 0.0, 1.0]], [[0.9478775858879089, 0.31836315989494324, -0.013151484541594982, -1.115966796875], [-0.008380853570997715, -0.01635000854730606, -0.9998311996459961, 1.5618038177490234], [-0.31852447986602783, 0.9478277564048767, -0.012829647399485111, -0.1658172607421875], [0.0, 0.0, 0.0, 1.0]], [[0.009213312529027462, 0.9996736645698547, -0.023826587945222855, -0.029052734375], [-0.005987245123833418, -0.023772021755576134, -0.9996994733810425, 1.5674629211425781], [-0.9999396204948425, 0.009353198111057281, 0.0057662720791995525, -0.0595703125], [0.0, 0.0, 0.0, 1.0]], [[-0.9237330555915833, 0.3826840817928314, -0.016431812196969986, 0.9976806640625], [-0.001481683342717588, -0.04646841809153557, -0.9989186525344849, 1.5476493835449219], [-0.38303378224372864, -0.9227099418640137, 0.043491438031196594, -0.109130859375], [0.0, 0.0, 0.0, 1.0]]], "view": [[0.0, -2.0, 100.0], [-2.0, 0.0, 100.0], [0.0, 0.0, 1.0]], "bev": "bev_e0baca776de74f6c9c586836b6ae3f6c.png", "aux": "aux_e0baca776de74f6c9c586836b6ae3f6c.npz", "visibility": "visibility_e0baca776de74f6c9c586836b6ae3f6c.png", "pose": [[0.9997930526733398, -0.0203426294028759, 0.0, 2097.58984375], [0.0203426294028759, 0.9997930526733398, 0.0, 873.67529296875], [0.0, 0.0, 1.0, 0.0], [0.0, 0.0, 0.0, 1.0]], "pose_inverse": [[0.9997930526733398, 0.0203426294028759, 0.0, -2114.9287109375], [-0.0203426294028759, 0.9997930526733398, 0.0, -830.8240356445312], [0.0, 0.0, 1.0, 0.0], [0.0, 0.0, 0.0, 1.0]], "cam_ids": [0, 1, 2, 3, 4, 5], "cam_channels": ["CAM_FRONT_LEFT", "CAM_FRONT", "CAM_FRONT_RIGHT", "CAM_BACK_LEFT", "CAM_BACK", "CAM_BACK_RIGHT"], "token": "e0baca776de74f6c9c586836b6ae3f6c", "scene": "scene-0446"}, {"images": ["samples/CAM_FRONT_LEFT/n008-2018-09-18-12-07-26-0400__CAM_FRONT_LEFT__1537287067504799.jpg", "samples/CAM_FRONT/n008-2018-09-18-12-07-26-0400__CAM_FRONT__1537287067512404.jpg", "samples/CAM_FRONT_RIGHT/n008-2018-09-18-12-07-26-0400__CAM_FRONT_RIGHT__1537287067520482.jpg", "samples/CAM_BACK_LEFT/n008-2018-09-18-12-07-26-0400__CAM_BACK_LEFT__1537287067547405.jpg", "samples/CAM_BACK/n008-2018-09-18-12-07-26-0400__CAM_BACK__1537287067537558.jpg", "samples/CAM_BACK_RIGHT/n008-2018-09-18-12-07-26-0400__CAM_BACK_RIGHT__1537287067528113.jpg"], "intrinsics": [[[1257.8625342125129, 0.0, 827.2410631095686], [0.0, 1257.8625342125129, 450.915498205774], [0.0, 0.0, 1.0]], [[1252.8131021185304, 0.0, 826.588114781398], [0.0, 1252.8131021185304, 469.9846626224581], [0.0, 0.0, 1.0]], [[1256.7485116440405, 0.0, 817.7887570959712], [0.0, 1256.7485116440403, 451.9541780095127], [0.0, 0.0, 1.0]], [[1254.9860565800168, 0.0, 829.5769333630991], [0.0, 1254.9860565800168, 467.1680561863987], [0.0, 0.0, 1.0]], [[796.8910634503094, 0.0, 857.7774326863696], [0.0, 796.8910634503094, 476.8848988407415], [0.0, 0.0, 1.0]], [[1249.9629280788233, 0.0, 825.3768045375984], [0.0, 1249.9629280788233, 462.54816385708756], [0.0, 0.0, 1.0]]], "extrinsics": [[[0.8226976990699768, -0.5682458281517029, 0.016286039724946022, -0.72705078125], [0.0034084520302712917, -0.023717263713479042, -0.9997128844261169, 1.489485740661621], [0.5684689283370972, 0.8225169777870178, -0.017575299367308617, -1.1436767578125], [0.0, 0.0, 0.0, 1.0]], [[0.010451302863657475, -0.9995579123497009, 0.02783339098095894, 0.00994873046875], [0.005353489890694618, -0.02777858078479767, -0.999599814414978, 1.4817123413085938], [0.9999310374259949, 0.010596124455332756, 0.0050608012825250626, -1.4541015625], [0.0, 0.0, 0.0, 1.0]], [[-0.8439345359802246, -0.5363825559616089, 0.008254766464233398, 0.90478515625], [0.013365489430725574, -0.03640713915228844, -0.9992476105690002, 1.496062994003296], [0.5362796187400818, -0.8431892991065979, 0.03789426013827324, -1.158050537109375], [0.0, 0.0, 0.0, 1.0]], [[0.9478583931922913, 0.31817322969436646, -0.018173951655626297, -1.12158203125], [-0.012090849690139294, -0.021083388477563858, -0.9997045993804932, 1.5617561340332031], [-0.31846243143081665, 0.9477980732917786, -0.016137078404426575, -0.1637725830078125], [0.0, 0.0, 0.0, 1.0]], [[0.009194371290504932, 0.9995445609092712, -0.02874164655804634, -0.0283203125], [-0.009879840537905693, -0.028650648891925812, -0.9995406270027161, 1.5671310424804688], [-0.999908983707428, 0.009474112652242184, 0.009611915796995163, -0.051025390625], [0.0, 0.0, 0.0, 1.0]], [[-0.9237813949584961, 0.38264793157577515, -0.014436791650950909, 1.0081787109375], [-0.005685592070221901, -0.051404207944869995, -0.9986617565155029, 1.5469169616699219], [-0.3828779458999634, -0.922463059425354, 0.04966183751821518, -0.1060791015625], [0.0, 0.0, 0.0, 1.0]]], "view": [[0.0, -2.0, 100.0], [-2.0, 0.0, 100.0], [0.0, 0.0, 1.0]], "bev": "bev_e633e08606634f689b9a49380290bcf3.png", "aux": "aux_e633e08606634f689b9a49380290bcf3.npz", "visibility": "visibility_e633e08606634f689b9a49380290bcf3.png", "pose": [[0.9998301267623901, -0.018430722877383232, 0.0, 2101.2841796875], [0.018430722877383232, 0.9998301267623901, 0.0, 873.7155151367188], [0.0, 0.0, 1.0, 0.0], [0.0, 0.0, 0.0, 1.0]], "pose_inverse": [[0.9998301267623901, 0.018430722877383232, 0.0, -2117.030517578125], [-0.018430722877383232, 0.9998301267623901, 0.0, -834.8389282226562], [0.0, 0.0, 1.0, 0.0], [0.0, 0.0, 0.0, 1.0]], "cam_ids": [0, 1, 2, 3, 4, 5], "cam_channels": ["CAM_FRONT_LEFT", "CAM_FRONT", "CAM_FRONT_RIGHT", "CAM_BACK_LEFT", "CAM_BACK", "CAM_BACK_RIGHT"], "token": "e633e08606634f689b9a49380290bcf3", "scene": "scene-0446"}, {"images": ["samples/CAM_FRONT_LEFT/n008-2018-09-18-12-07-26-0400__CAM_FRONT_LEFT__1537287068004801.jpg", "samples/CAM_FRONT/n008-2018-09-18-12-07-26-0400__CAM_FRONT__1537287068012404.jpg", "samples/CAM_FRONT_RIGHT/n008-2018-09-18-12-07-26-0400__CAM_FRONT_RIGHT__1537287068020482.jpg", "samples/CAM_BACK_LEFT/n008-2018-09-18-12-07-26-0400__CAM_BACK_LEFT__1537287068047405.jpg", "samples/CAM_BACK/n008-2018-09-18-12-07-26-0400__CAM_BACK__1537287068037558.jpg", "samples/CAM_BACK_RIGHT/n008-2018-09-18-12-07-26-0400__CAM_BACK_RIGHT__1537287068028113.jpg"], "intrinsics": [[[1257.8625342125129, 0.0, 827.2410631095686], [0.0, 1257.8625342125129, 450.915498205774], [0.0, 0.0, 1.0]], [[1252.8131021185304, 0.0, 826.588114781398], [0.0, 1252.8131021185304, 469.9846626224581], [0.0, 0.0, 1.0]], [[1256.7485116440405, 0.0, 817.7887570959712], [0.0, 1256.7485116440403, 451.9541780095127], [0.0, 0.0, 1.0]], [[1254.9860565800168, 0.0, 829.5769333630991], [0.0, 1254.9860565800168, 467.1680561863987], [0.0, 0.0, 1.0]], [[796.8910634503094, 0.0, 857.7774326863696], [0.0, 796.8910634503094, 476.8848988407415], [0.0, 0.0, 1.0]], [[1249.9629280788233, 0.0, 825.3768045375984], [0.0, 1249.9629280788233, 462.54816385708756], [0.0, 0.0, 1.0]]], "extrinsics": [[[0.8225404620170593, -0.5685871839523315, 0.011652324348688126, -0.745361328125], [0.0009495666599832475, -0.019116034731268883, -0.9998168349266052, 1.4886674880981445], [0.5687057971954346, 0.8224008679389954, -0.01518380269408226, -1.1580810546875], [0.0, 0.0, 0.0, 1.0]], [[0.010230322368443012, -0.9996810555458069, 0.023087015375494957, 0.0113525390625], [0.0028076767921447754, -0.023059416562318802, -0.9997301697731018, 1.4809684753417969], [0.999943733215332, 0.01029238197952509, 0.002570877317339182, -1.473876953125], [0.0, 0.0, 0.0, 1.0]], [[-0.8440425992012024, -0.5362182855606079, 0.007876046933233738, 0.91943359375], [0.01072701159864664, -0.03156498819589615, -0.9994441270828247, 1.4953420162200928], [0.5361688137054443, -0.843488872051239, 0.03239421546459198, -1.165802001953125], [0.0, 0.0, 0.0, 1.0]], [[0.9478434324264526, 0.31815242767333984, -0.019280629232525826, -1.127197265625], [-0.015009526163339615, -0.0158708393573761, -0.9997613430023193, 1.5617790222167969], [-0.3183825612068176, 0.9479067325592041, -0.010267750360071659, -0.16187286376953125], [0.0, 0.0, 0.0, 1.0]], [[0.009279066696763039, 0.9996759295463562, -0.02370605245232582, -0.02911376953125], [-0.012705252505838871, -0.023587295785546303, -0.9996410012245178, 1.5669975280761719], [-0.9998762011528015, 0.009576927870512009, 0.012482267804443836, -0.041259765625], [0.0, 0.0, 0.0, 1.0]], [[-0.9237372279167175, 0.38289588689804077, -0.010012244805693626, 1.02001953125], [-0.008429818786680698, -0.046456534415483475, -0.9988847374916077, 1.5466270446777344], [-0.38293394446372986, -0.9226226210594177, 0.0461413711309433, -0.099853515625], [0.0, 0.0, 0.0, 1.0]]], "view": [[0.0, -2.0, 100.0], [-2.0, 0.0, 100.0], [0.0, 0.0, 1.0]], "bev": "bev_77d755f3d4ac45999a8b83f75a3747d7.png", "aux": "aux_77d755f3d4ac45999a8b83f75a3747d7.npz", "visibility": "visibility_77d755f3d4ac45999a8b83f75a3747d7.png", "pose": [[0.9998530745506287, -0.01713993400335312, 0.0, 2104.897705078125], [0.01713993400335312, 0.9998530745506287, 0.0, 873.7451782226562], [0.0, 0.0, 1.0, 0.0], [0.0, 0.0, 0.0, 1.0]], "pose_inverse": [[0.9998530745506287, 0.01713993400335312, 0.0, -2119.564453125], [-0.01713993400335312, 0.9998530745506287, 0.0, -837.5390014648438], [0.0, 0.0, 1.0, 0.0], [0.0, 0.0, 0.0, 1.0]], "cam_ids": [0, 1, 2, 3, 4, 5], "cam_channels": ["CAM_FRONT_LEFT", "CAM_FRONT", "CAM_FRONT_RIGHT", "CAM_BACK_LEFT", "CAM_BACK", "CAM_BACK_RIGHT"], "token": "77d755f3d4ac45999a8b83f75a3747d7", "scene": "scene-0446"}, {"images": ["samples/CAM_FRONT_LEFT/n008-2018-09-18-12-07-26-0400__CAM_FRONT_LEFT__1537287068604799.jpg", "samples/CAM_FRONT/n008-2018-09-18-12-07-26-0400__CAM_FRONT__1537287068612404.jpg", "samples/CAM_FRONT_RIGHT/n008-2018-09-18-12-07-26-0400__CAM_FRONT_RIGHT__1537287068620482.jpg", "samples/CAM_BACK_LEFT/n008-2018-09-18-12-07-26-0400__CAM_BACK_LEFT__1537287068647405.jpg", "samples/CAM_BACK/n008-2018-09-18-12-07-26-0400__CAM_BACK__1537287068637568.jpg", "samples/CAM_BACK_RIGHT/n008-2018-09-18-12-07-26-0400__CAM_BACK_RIGHT__1537287068628113.jpg"], "intrinsics": [[[1257.8625342125129, 0.0, 827.2410631095686], [0.0, 1257.8625342125129, 450.915498205774], [0.0, 0.0, 1.0]], [[1252.8131021185304, 0.0, 826.588114781398], [0.0, 1252.8131021185304, 469.9846626224581], [0.0, 0.0, 1.0]], [[1256.7485116440405, 0.0, 817.7887570959712], [0.0, 1256.7485116440403, 451.9541780095127], [0.0, 0.0, 1.0]], [[1254.9860565800168, 0.0, 829.5769333630991], [0.0, 1254.9860565800168, 467.1680561863987], [0.0, 0.0, 1.0]], [[796.8910634503094, 0.0, 857.7774326863696], [0.0, 796.8910634503094, 476.8848988407415], [0.0, 0.0, 1.0]], [[1249.9629280788233, 0.0, 825.3768045375984], [0.0, 1249.9629280788233, 462.54816385708756], [0.0, 0.0, 1.0]]], "extrinsics": [[[0.8208832144737244, -0.5710821747779846, 0.00399475172162056, -0.7755126953125], [-0.006060891784727573, -0.01570609211921692, -0.9998582601547241, 1.4866409301757812], [0.5710639953613281, 0.820742666721344, -0.016354138031601906, -1.176025390625], [0.0, 0.0, 0.0, 1.0]], [[0.007901453413069248, -0.9997873306274414, 0.019047042354941368, 0.008544921875], [-0.003265049774199724, -0.019073331728577614, -0.9998127222061157, 1.4794387817382812], [0.9999635219573975, 0.007837781682610512, -0.0034150618594139814, -1.503662109375], [0.0, 0.0, 0.0, 1.0]], [[-0.8450456857681274, -0.53460693359375, 0.009655140340328217, 0.938232421875], [0.0056448401883244514, -0.026976119726896286, -0.9996201395988464, 1.494114875793457], [0.5346643328666687, -0.8446701765060425, 0.02581382729113102, -1.180023193359375], [0.0, 0.0, 0.0, 1.0]], [[0.9478849172592163, 0.31807613372802734, -0.018490104004740715, -1.129638671875], [-0.01639038510620594, -0.00927648227661848, -0.9998226165771484, 1.5617904663085938], [-0.31819120049476624, 0.948019802570343, -0.0035796475131064653, -0.16098785400390625], [0.0, 0.0, 0.0, 1.0]], [[0.010151057504117489, 0.9997897744178772, -0.01781535893678665, -0.02838134765625], [-0.015488929115235806, -0.017656926065683365, -0.9997240900993347, 1.56689453125], [-0.9998285174369812, 0.010424197651445866, 0.015306436456739902, -0.03125], [0.0, 0.0, 0.0, 1.0]], [[-0.9231846332550049, 0.384332537651062, -0.004316146485507488, 1.0369873046875], [-0.012497489340603352, -0.04123936593532562, -0.9990711212158203, 1.5461692810058594], [-0.38415348529815674, -0.9222732782363892, 0.042874738574028015, -0.0946044921875], [0.0, 0.0, 0.0, 1.0]]], "view": [[0.0, -2.0, 100.0], [-2.0, 0.0, 100.0], [0.0, 0.0, 1.0]], "bev": "bev_686e0481c32a45868c7e8b766d142fdf.png", "aux": "aux_686e0481c32a45868c7e8b766d142fdf.npz", "visibility": "visibility_686e0481c32a45868c7e8b766d142fdf.png", "pose": [[0.9994604587554932, -0.03284517303109169, 0.0, 2108.904296875], [0.03284517303109169, 0.9994604587554932, 0.0, 873.8021240234375], [0.0, 0.0, 1.0, 0.0], [0.0, 0.0, 0.0, 1.0]], "pose_inverse": [[0.9994604587554932, 0.03284517303109169, 0.0, -2136.466552734375], [-0.03284517303109169, 0.9994604587554932, 0.0, -804.0633544921875], [0.0, 0.0, 1.0, 0.0], [0.0, 0.0, 0.0, 1.0]], "cam_ids": [0, 1, 2, 3, 4, 5], "cam_channels": ["CAM_FRONT_LEFT", "CAM_FRONT", "CAM_FRONT_RIGHT", "CAM_BACK_LEFT", "CAM_BACK", "CAM_BACK_RIGHT"], "token": "686e0481c32a45868c7e8b766d142fdf", "scene": "scene-0446"}, {"images": ["samples/CAM_FRONT_LEFT/n008-2018-09-18-12-07-26-0400__CAM_FRONT_LEFT__1537287069104799.jpg", "samples/CAM_FRONT/n008-2018-09-18-12-07-26-0400__CAM_FRONT__1537287069112404.jpg", "samples/CAM_FRONT_RIGHT/n008-2018-09-18-12-07-26-0400__CAM_FRONT_RIGHT__1537287069120482.jpg", "samples/CAM_BACK_LEFT/n008-2018-09-18-12-07-26-0400__CAM_BACK_LEFT__1537287069147405.jpg", "samples/CAM_BACK/n008-2018-09-18-12-07-26-0400__CAM_BACK__1537287069137558.jpg", "samples/CAM_BACK_RIGHT/n008-2018-09-18-12-07-26-0400__CAM_BACK_RIGHT__1537287069128113.jpg"], "intrinsics": [[[1257.8625342125129, 0.0, 827.2410631095686], [0.0, 1257.8625342125129, 450.915498205774], [0.0, 0.0, 1.0]], [[1252.8131021185304, 0.0, 826.588114781398], [0.0, 1252.8131021185304, 469.9846626224581], [0.0, 0.0, 1.0]], [[1256.7485116440405, 0.0, 817.7887570959712], [0.0, 1256.7485116440403, 451.9541780095127], [0.0, 0.0, 1.0]], [[1254.9860565800168, 0.0, 829.5769333630991], [0.0, 1254.9860565800168, 467.1680561863987], [0.0, 0.0, 1.0]], [[796.8910634503094, 0.0, 857.7774326863696], [0.0, 796.8910634503094, 476.8848988407415], [0.0, 0.0, 1.0]], [[1249.9629280788233, 0.0, 825.3768045375984], [0.0, 1249.9629280788233, 462.54816385708756], [0.0, 0.0, 1.0]]], "extrinsics": [[[0.8194000124931335, -0.5731715559959412, 0.00761836115270853, -0.784423828125], [0.004717052914202213, -0.006547705736011267, -0.9999673962593079, 1.489570140838623], [0.5732026696205139, 0.8194093108177185, -0.0026615120004862547, -1.1815185546875], [0.0, 0.0, 0.0, 1.0]], [[0.005729040130972862, -0.9999322891235352, 0.010126532055437565, 0.00830078125], [0.006544969044625759, -0.010088987648487091, -0.9999276995658875, 1.4816317558288574], [0.9999621510505676, 0.005794907920062542, 0.006486725993454456, -1.512939453125], [0.0, 0.0, 0.0, 1.0]], [[-0.8458975553512573, -0.5333395004272461, -0.0025015929713845253, 0.94482421875], [0.014423444867134094, -0.018186988309025764, -0.9997305870056152, 1.4955940246582031], [0.5331502556800842, -0.8457058072090149, 0.023076923564076424, -1.18414306640625], [0.0, 0.0, 0.0, 1.0]], [[0.947941243648529, 0.31825774908065796, -0.010931644588708878, -1.133544921875], [-0.011136172339320183, -0.0011767931282520294, -0.9999372959136963, 1.561920166015625], [-0.3182506859302521, 0.9480034112930298, 0.002428644336760044, -0.15967941284179688], [0.0, 0.0, 0.0, 1.0]], [[0.010743485763669014, 0.9998980760574341, -0.009405319578945637, -0.0284423828125], [-0.00904574990272522, -0.009308292530477047, -0.9999157190322876, 1.5674304962158203], [-0.9999013543128967, 0.010827659629285336, 0.008944823406636715, -0.02587890625], [0.0, 0.0, 0.0, 1.0]], [[-0.9227232336997986, 0.3853767514228821, -0.0081658149138093, 1.0426025390625], [-0.004783404991030693, -0.03263074904680252, -0.999455988407135, 1.5472297668457031], [-0.38543352484703064, -0.9221822023391724, 0.03195256367325783, -0.0921630859375], [0.0, 0.0, 0.0, 1.0]]], "view": [[0.0, -2.0, 100.0], [-2.0, 0.0, 100.0], [0.0, 0.0, 1.0]], "bev": "bev_0d01168cb2ae433f92cb59f1c4262a30.png", "aux": "aux_0d01168cb2ae433f92cb59f1c4262a30.npz", "visibility": "visibility_0d01168cb2ae433f92cb59f1c4262a30.png", "pose": [[0.9960418343544006, -0.08888562768697739, 0.0, 2111.977294921875], [0.08888562768697739, 0.9960418343544006, 0.0, 873.9674682617188], [0.0, 0.0, 1.0, 0.0], [0.0, 0.0, 0.0, 1.0]], "pose_inverse": [[0.9960418343544006, 0.08888562768697739, 0.0, -2181.30078125], [-0.08888562768697739, 0.9960418343544006, 0.0, -682.7837524414062], [0.0, 0.0, 1.0, 0.0], [0.0, 0.0, 0.0, 1.0]], "cam_ids": [0, 1, 2, 3, 4, 5], "cam_channels": ["CAM_FRONT_LEFT", "CAM_FRONT", "CAM_FRONT_RIGHT", "CAM_BACK_LEFT", "CAM_BACK", "CAM_BACK_RIGHT"], "token": "0d01168cb2ae433f92cb59f1c4262a30", "scene": "scene-0446"}, {"images": ["samples/CAM_FRONT_LEFT/n008-2018-09-18-12-07-26-0400__CAM_FRONT_LEFT__1537287069604799.jpg", "samples/CAM_FRONT/n008-2018-09-18-12-07-26-0400__CAM_FRONT__1537287069612404.jpg", "samples/CAM_FRONT_RIGHT/n008-2018-09-18-12-07-26-0400__CAM_FRONT_RIGHT__1537287069620482.jpg", "samples/CAM_BACK_LEFT/n008-2018-09-18-12-07-26-0400__CAM_BACK_LEFT__1537287069647405.jpg", "samples/CAM_BACK/n008-2018-09-18-12-07-26-0400__CAM_BACK__1537287069637558.jpg", "samples/CAM_BACK_RIGHT/n008-2018-09-18-12-07-26-0400__CAM_BACK_RIGHT__1537287069628113.jpg"], "intrinsics": [[[1257.8625342125129, 0.0, 827.2410631095686], [0.0, 1257.8625342125129, 450.915498205774], [0.0, 0.0, 1.0]], [[1252.8131021185304, 0.0, 826.588114781398], [0.0, 1252.8131021185304, 469.9846626224581], [0.0, 0.0, 1.0]], [[1256.7485116440405, 0.0, 817.7887570959712], [0.0, 1256.7485116440403, 451.9541780095127], [0.0, 0.0, 1.0]], [[1254.9860565800168, 0.0, 829.5769333630991], [0.0, 1254.9860565800168, 467.1680561863987], [0.0, 0.0, 1.0]], [[796.8910634503094, 0.0, 857.7774326863696], [0.0, 796.8910634503094, 476.8848988407415], [0.0, 0.0, 1.0]], [[1249.9629280788233, 0.0, 825.3768045375984], [0.0, 1249.9629280788233, 462.54816385708756], [0.0, 0.0, 1.0]]], "extrinsics": [[[0.8144021034240723, -0.5802865624427795, -0.004091800190508366, -0.7930908203125], [0.001617472735233605, 0.009321069344878197, -0.9999552369117737, 1.4886488914489746], [0.5802987217903137, 0.8143590092658997, 0.008529693819582462, -1.1903076171875], [0.0, 0.0, 0.0, 1.0]], [[-0.0012833428336307406, -0.9999844431877136, -0.005407316144555807, 0.01080322265625], [0.003394496161490679, 0.005402933340519667, -0.9999796152114868, 1.480849266052246], [0.9999933242797852, -0.001301695010624826, 0.0033875105436891317, -1.523681640625], [0.0, 0.0, 0.0, 1.0]], [[-0.8487643599510193, -0.5287127494812012, -0.007865924388170242, 0.95361328125], [0.01121209841221571, -0.0031227513682097197, -0.9999322295188904, 1.4949302673339844], [0.5286523699760437, -0.8487950563430786, 0.008578459732234478, -1.18646240234375], [0.0, 0.0, 0.0, 1.0]], [[0.9477574229240417, 0.318848580121994, -0.009563270024955273, -1.136962890625], [-0.014404603280127048, 0.012829222716391087, -0.9998139142990112, 1.5618896484375], [-0.3186665177345276, 0.9477188587188721, 0.016751877963542938, -0.16119384765625], [0.0, 0.0, 0.0, 1.0]], [[0.012608176097273827, 0.9999082088470459, 0.004967258777469397, -0.030975341796875], [-0.012159048579633236, 0.005120599642395973, -0.9999129772186