[{"images": ["samples/CAM_FRONT_LEFT/n015-2018-11-21-19-38-26+0800__CAM_FRONT_LEFT__1542800927904844.jpg", "samples/CAM_FRONT/n015-2018-11-21-19-38-26+0800__CAM_FRONT__1542800927912460.jpg", "samples/CAM_FRONT_RIGHT/n015-2018-11-21-19-38-26+0800__CAM_FRONT_RIGHT__1542800927920339.jpg", "samples/CAM_BACK_LEFT/n015-2018-11-21-19-38-26+0800__CAM_BACK_LEFT__1542800927947423.jpg", "samples/CAM_BACK/n015-2018-11-21-19-38-26+0800__CAM_BACK__1542800927937525.jpg", "samples/CAM_BACK_RIGHT/n015-2018-11-21-19-38-26+0800__CAM_BACK_RIGHT__1542800927927893.jpg"], "intrinsics": [[[1272.5979470598488, 0.0, 826.6154927353808], [0.0, 1272.5979470598488, 479.75165386361925], [0.0, 0.0, 1.0]], [[1266.417203046554, 0.0, 816.2670197447984], [0.0, 1266.417203046554, 491.50706579294757], [0.0, 0.0, 1.0]], [[1260.8474446004698, 0.0, 807.968244525554], [0.0, 1260.8474446004698, 495.3344268742088], [0.0, 0.0, 1.0]], [[1256.7414812095406, 0.0, 792.1125740759628], [0.0, 1256.7414812095406, 492.7757465151356], [0.0, 0.0, 1.0]], [[809.2209905677063, 0.0, 829.2196003259838], [0.0, 809.2209905677063, 481.77842384512485], [0.0, 0.0, 1.0]], [[1259.5137405846733, 0.0, 807.2529053838625], [0.0, 1259.5137405846733, 501.19579884916527], [0.0, 0.0, 1.0]]], "extrinsics": [[[0.8202750086784363, -0.5716419219970703, -0.019347328692674637, -0.932373046875], [-0.031780581921339035, -0.011777661740779877, -0.99942547082901, 1.5069923400878906], [0.5710855722427368, 0.820418655872345, -0.0278280321508646, -1.25750732421875], [0.0, 0.0, 0.0, 1.0]], [[0.005705936346203089, -0.9998615980148315, 0.015629766508936882, 0.0052490234375], [-0.03705739974975586, -0.015830708667635918, -0.9991877675056458, 1.519317626953125], [0.9992967844009399, 0.005122065544128418, -0.03714259713888168, -1.659423828125], [0.0, 0.0, 0.0, 1.0]], [[-0.8327922224998474, -0.5530022382736206, 0.025409206748008728, 1.0108642578125], [-0.0314139798283577, 0.0013827787479385734, -0.9995054602622986, 1.5028305053710938], [0.5526936054229736, -0.8331785798072815, -0.0185235682874918, -1.234375], [0.0, 0.0, 0.0, 1.0]], [[0.9473804831504822, 0.3186207413673401, -0.030836956575512886, -1.1414794921875], [-0.022778069600462914, -0.028988970443606377, -0.9993201494216919, 1.5885372161865234], [-0.3192981481552124, 0.9474388360977173, -0.020206021144986153, -0.10382080078125], [0.0, 0.0, 0.0, 1.0]], [[0.002229890553280711, 0.9998155236244202, -0.019077694043517113, 0.002838134765625], [-0.04815235733985901, -0.018948255106806755, -0.9986602663993835, 1.5788803100585938], [-0.9988375306129456, 0.0031455440912395716, 0.04810122400522232, -0.008056640625], [0.0, 0.0, 0.0, 1.0]], [[-0.9346678853034973, 0.3552757501602173, 0.013221876695752144, 1.118408203125], [-0.0155249098315835, -0.003632224164903164, -0.9998728632926941, 1.5511550903320312], [-0.35518261790275574, -0.9347544312477112, 0.008910548873245716, -0.0704193115234375], [0.0, 0.0, 0.0, 1.0]]], "view": [[0.0, -2.0, 100.0], [-2.0, 0.0, 100.0], [0.0, 0.0, 1.0]], "bev": "bev_15ddb219df5e44ff97b2f56dfe43f175.png", "aux": "aux_15ddb219df5e44ff97b2f56dfe43f175.npz", "visibility": "visibility_15ddb219df5e44ff97b2f56dfe43f175.png", "pose": [[-0.6363049745559692, 0.7714375853538513, 0.0, 1331.44921875], [-0.7714375853538513, -0.6363049745559692, 0.0, 915.7830200195312], [0.0, 0.0, 1.0, 0.0], [0.0, 0.0, 0.0, 1.0]], "pose_inverse": [[-0.6363049745559692, -0.7714375853538513, 0.0, 1553.67724609375], [0.7714375853538513, -0.6363049745559692, 0.0, -444.4126892089844], [0.0, 0.0, 1.0, 0.0], [0.0, 0.0, 0.0, 1.0]], "cam_ids": [0, 1, 2, 3, 4, 5], "cam_channels": ["CAM_FRONT_LEFT", "CAM_FRONT", "CAM_FRONT_RIGHT", "CAM_BACK_LEFT", "CAM_BACK", "CAM_BACK_RIGHT"], "token": "15ddb219df5e44ff97b2f56dfe43f175", "scene": "scene-1097"}, {"images": ["samples/CAM_FRONT_LEFT/n015-2018-11-21-19-38-26+0800__CAM_FRONT_LEFT__1542800928404844.jpg", "samples/CAM_FRONT/n015-2018-11-21-19-38-26+0800__CAM_FRONT__1542800928412460.jpg", "samples/CAM_FRONT_RIGHT/n015-2018-11-21-19-38-26+0800__CAM_FRONT_RIGHT__1542800928420339.jpg", "samples/CAM_BACK_LEFT/n015-2018-11-21-19-38-26+0800__CAM_BACK_LEFT__1542800928447423.jpg", "samples/CAM_BACK/n015-2018-11-21-19-38-26+0800__CAM_BACK__1542800928437525.jpg", "samples/CAM_BACK_RIGHT/n015-2018-11-21-19-38-26+0800__CAM_BACK_RIGHT__1542800928427893.jpg"], "intrinsics": [[[1272.5979470598488, 0.0, 826.6154927353808], [0.0, 1272.5979470598488, 479.75165386361925], [0.0, 0.0, 1.0]], [[1266.417203046554, 0.0, 816.2670197447984], [0.0, 1266.417203046554, 491.50706579294757], [0.0, 0.0, 1.0]], [[1260.8474446004698, 0.0, 807.968244525554], [0.0, 1260.8474446004698, 495.3344268742088], [0.0, 0.0, 1.0]], [[1256.7414812095406, 0.0, 792.1125740759628], [0.0, 1256.7414812095406, 492.7757465151356], [0.0, 0.0, 1.0]], [[809.2209905677063, 0.0, 829.2196003259838], [0.0, 809.2209905677063, 481.77842384512485], [0.0, 0.0, 1.0]], [[1259.5137405846733, 0.0, 807.2529053838625], [0.0, 1259.5137405846733, 501.19579884916527], [0.0, 0.0, 1.0]]], "extrinsics": [[[0.8201001882553101, -0.571957528591156, -0.017323873937129974, -0.909423828125], [-0.029005873948335648, -0.011315961368381977, -0.999515175819397, 1.50628662109375], [0.5714842081069946, 0.8202051520347595, -0.02587035670876503, -1.24169921875], [0.0, 0.0, 0.0, 1.0]], [[0.005342664197087288, -0.9998704791069031, 0.015178777277469635, 0.005523681640625], [-0.03426484391093254, -0.015353125520050526, -0.9992948770523071, 1.5186119079589844], [0.9993984699249268, 0.004818754270672798, -0.034342434257268906, -1.63623046875], [0.0, 0.0, 0.0, 1.0]], [[-0.8329963088035583, -0.5528087019920349, 0.022793635725975037, 0.99560546875], [-0.02859559841454029, 0.0018736303318291903, -0.9995892643928528, 1.50238037109375], [0.5525389313697815, -0.8333060145378113, -0.017368623986840248, -1.2239990234375], [0.0, 0.0, 0.0, 1.0]], [[0.9474571347236633, 0.31867143511772156, -0.027811644598841667, -1.140380859375], [-0.01977233961224556, -0.02843528799712658, -0.9994000196456909, 1.5885181427001953], [-0.3192710280418396, 0.9474385380744934, -0.020640337839722633, -0.10443115234375], [0.0, 0.0, 0.0, 1.0]], [[0.0023562442511320114, 0.9998252391815186, -0.018544089049100876, 0.0028076171875], [-0.04524638131260872, -0.018418552353978157, -0.9988060593605042, 1.5785675048828125], [-0.9989730715751648, 0.003192581469193101, 0.0451950803399086, -0.015625], [0.0, 0.0, 0.0, 1.0]], [[-0.9346396327018738, 0.35543376207351685, 0.010741525329649448, 1.1058349609375], [-0.012681476771831512, -0.0031285849399864674, -0.9999147057533264, 1.5510387420654297], [-0.35536989569664, -0.9346961975097656, 0.007431522011756897, -0.074981689453125], [0.0, 0.0, 0.0, 1.0]]], "view": [[0.0, -2.0, 100.0], [-2.0, 0.0, 100.0], [0.0, 0.0, 1.0]], "bev": "bev_f56c2cd561174a9c981cdd573f6c90bb.png", "aux": "aux_f56c2cd561174a9c981cdd573f6c90bb.npz", "visibility": "visibility_f56c2cd561174a9c981cdd573f6c90bb.png", "pose": [[-0.6329666376113892, 0.7741790413856506, 0.0, 1331.0181884765625], [-0.7741790413856506, -0.6329666376113892, 0.0, 915.2607421875], [0.0, 0.0, 1.0, 0.0], [0.0, 0.0, 0.0, 1.0]], "pose_inverse": [[-0.6329666376113892, -0.7741790413856506, 0.0, 1551.0657958984375], [0.7741790413856506, -0.6329666376113892, 0.0, -451.1168518066406], [0.0, 0.0, 1.0, 0.0], [0.0, 0.0, 0.0, 1.0]], "cam_ids": [0, 1, 2, 3, 4, 5], "cam_channels": ["CAM_FRONT_LEFT", "CAM_FRONT", "CAM_FRONT_RIGHT", "CAM_BACK_LEFT", "CAM_BACK", "CAM_BACK_RIGHT"], "token": "f56c2cd561174a9c981cdd573f6c90bb", "scene": "scene-1097"}, {"images": ["samples/CAM_FRONT_LEFT/n015-2018-11-21-19-38-26+0800__CAM_FRONT_LEFT__1542800928904844.jpg", "samples/CAM_FRONT/n015-2018-11-21-19-38-26+0800__CAM_FRONT__1542800928912460.jpg", "samples/CAM_FRONT_RIGHT/n015-2018-11-21-19-38-26+0800__CAM_FRONT_RIGHT__1542800928920343.jpg", "samples/CAM_BACK_LEFT/n015-2018-11-21-19-38-26+0800__CAM_BACK_LEFT__1542800928947423.jpg", "samples/CAM_BACK/n015-2018-11-21-19-38-26+0800__CAM_BACK__1542800928937525.jpg", "samples/CAM_BACK_RIGHT/n015-2018-11-21-19-38-26+0800__CAM_BACK_RIGHT__1542800928927893.jpg"], "intrinsics": [[[1272.5979470598488, 0.0, 826.6154927353808], [0.0, 1272.5979470598488, 479.75165386361925], [0.0, 0.0, 1.0]], [[1266.417203046554, 0.0, 816.2670197447984], [0.0, 1266.417203046554, 491.50706579294757], [0.0, 0.0, 1.0]], [[1260.8474446004698, 0.0, 807.968244525554], [0.0, 1260.8474446004698, 495.3344268742088], [0.0, 0.0, 1.0]], [[1256.7414812095406, 0.0, 792.1125740759628], [0.0, 1256.7414812095406, 492.7757465151356], [0.0, 0.0, 1.0]], [[809.2209905677063, 0.0, 829.2196003259838], [0.0, 809.2209905677063, 481.77842384512485], [0.0, 0.0, 1.0]], [[1259.5137405846733, 0.0, 807.2529053838625], [0.0, 1259.5137405846733, 501.19579884916527], [0.0, 0.0, 1.0]]], "extrinsics": [[[0.8199245929718018, -0.5722848176956177, -0.014616583473980427, -0.86279296875], [-0.026212535798549652, -0.012025129050016403, -0.9995840787887573, 1.5049819946289062], [0.5718710422515869, 0.8199667930603027, -0.02486073412001133, -1.20892333984375], [0.0, 0.0, 0.0, 1.0]], [[0.005004991311579943, -0.9998615384101868, 0.015864597633481026, 0.00567626953125], [-0.03149530664086342, -0.016014542430639267, -0.999375581741333, 1.5172615051269531], [0.9994913339614868, 0.004502241965383291, -0.031571101397275925, -1.5882568359375], [0.0, 0.0, 0.0, 1.0]], [[-0.8331682085990906, -0.5526266098022461, 0.020844293758273125, 0.9637451171875], [-0.025844203308224678, 0.0012580947950482368, -0.9996652007102966, 1.5015068054199219], [0.5524153113365173, -0.833427906036377, -0.015330398455262184, -1.2027587890625], [0.0, 0.0, 0.0, 1.0]], [[0.9475111961364746, 0.31871601939201355, -0.02534984052181244, -1.13916015625], [-0.016994191333651543, -0.028970450162887573, -0.9994357824325562, 1.5885000228881836], [-0.31927067041397095, 0.9474074244499207, -0.022033507004380226, -0.104736328125], [0.0, 0.0, 0.0, 1.0]], [[0.002434202702715993, 0.9998149275779724, -0.01908620074391365, 0.0028076171875], [-0.042499344795942307, -0.018965579569339752, -0.9989164471626282, 1.5779457092285156], [-0.9990935325622559, 0.0032426640391349792, 0.042445309460163116, -0.03125], [0.0, 0.0, 0.0, 1.0]], [[-0.9346248507499695, 0.35554566979408264, 0.007974749431014061, 1.0782470703125], [-0.009942283853888512, -0.0037070002872496843, -0.999943733215332, 1.5508337020874023], [-0.3554960787296295, -0.9346516728401184, 0.006999589968472719, -0.08559417724609375], [0.0, 0.0, 0.0, 1.0]]], "view": [[0.0, -2.0, 100.0], [-2.0, 0.0, 100.0], [0.0, 0.0, 1.0]], "bev": "bev_030f5875902845ab809c33ddc0851e4b.png", "aux": "aux_030f5875902845ab809c33ddc0851e4b.npz", "visibility": "visibility_030f5875902845ab809c33ddc0851e4b.png", "pose": [[-0.6250964403152466, 0.7805474996566772, 0.0, 1330.2996826171875], [-0.7805474996566772, -0.6250964403152466, 0.0, 914.3739624023438], [0.0, 0.0, 1.0, 0.0], [0.0, 0.0, 0.0, 1.0]], "pose_inverse": [[-0.6250964403152466, -0.7805474996566772, 0.0, 1545.2779541015625], [0.7805474996566772, -0.6250964403152466, 0.0, -466.7901916503906], [0.0, 0.0, 1.0, 0.0], [0.0, 0.0, 0.0, 1.0]], "cam_ids": [0, 1, 2, 3, 4, 5], "cam_channels": ["CAM_FRONT_LEFT", "CAM_FRONT", "CAM_FRONT_RIGHT", "CAM_BACK_LEFT", "CAM_BACK", "CAM_BACK_RIGHT"], "token": "030f5875902845ab809c33ddc0851e4b", "scene": "scene-1097"}, {"images": ["samples/CAM_FRONT_LEFT/n015-2018-11-21-19-38-26+0800__CAM_FRONT_LEFT__1542800929404844.jpg", "samples/CAM_FRONT/n015-2018-11-21-19-38-26+0800__CAM_FRONT__1542800929412460.jpg", "samples/CAM_FRONT_RIGHT/n015-2018-11-21-19-38-26+0800__CAM_FRONT_RIGHT__1542800929420339.jpg", "samples/CAM_BACK_LEFT/n015-2018-11-21-19-38-26+0800__CAM_BACK_LEFT__1542800929447423.jpg", "samples/CAM_BACK/n015-2018-11-21-19-38-26+0800__CAM_BACK__1542800929437525.jpg", "samples/CAM_BACK_RIGHT/n015-2018-11-21-19-38-26+0800__CAM_BACK_RIGHT__1542800929427893.jpg"], "intrinsics": [[[1272.5979470598488, 0.0, 826.6154927353808], [0.0, 1272.5979470598488, 479.75165386361925], [0.0, 0.0, 1.0]], [[1266.417203046554, 0.0, 816.2670197447984], [0.0, 1266.417203046554, 491.50706579294757], [0.0, 0.0, 1.0]], [[1260.8474446004698, 0.0, 807.968244525554], [0.0, 1260.8474446004698, 495.3344268742088], [0.0, 0.0, 1.0]], [[1256.7414812095406, 0.0, 792.1125740759628], [0.0, 1256.7414812095406, 492.7757465151356], [0.0, 0.0, 1.0]], [[809.2209905677063, 0.0, 829.2196003259838], [0.0, 809.2209905677063, 481.77842384512485], [0.0, 0.0, 1.0]], [[1259.5137405846733, 0.0, 807.2529053838625], [0.0, 1259.5137405846733, 501.19579884916527], [0.0, 0.0, 1.0]]], "extrinsics": [[[0.8202611804008484, -0.5718492269515991, -0.012651335448026657, -0.8466796875], [-0.02620435133576393, -0.015474250540137291, -0.9995368123054504, 1.5044975280761719], [0.5713885426521301, 0.8202127814292908, -0.027677861973643303, -1.19879150390625], [0.0, 0.0, 0.0, 1.0]], [[0.005512886680662632, -0.9998000264167786, 0.019220685586333275, 0.006378173828125], [-0.03164428472518921, -0.019385775551199913, -0.9993111491203308, 1.5168113708496094], [0.9994839429855347, 0.004900864325463772, -0.0317448265850544, -1.5743408203125], [0.0, 0.0, 0.0, 1.0]], [[-0.8329319357872009, -0.5529004335403442, 0.02292373776435852, 0.95623779296875], [-0.026165582239627838, -0.002028736053034663, -0.999655544757843, 1.501251220703125], [0.5527564883232117, -0.8332448601722717, -0.012777159921824932, -1.1976318359375], [0.0, 0.0, 0.0, 1.0]], [[0.9474627375602722, 0.3186993896961212, -0.027294812723994255, -1.1375732421875], [-0.018107015639543533, -0.03175671026110649, -0.9993315935134888, 1.5884666442871094], [-0.3193530738353729, 0.947323739528656, -0.024317609146237373, -0.10528564453125], [0.0, 0.0, 0.0, 1.0]], [[0.002222698414698243, 0.9997534155845642, -0.022097622975707054, 0.002716064453125], [-0.04326613247394562, -0.02198084071278572, -0.9988217353820801, 1.5778083801269531], [-0.999061107635498, 0.003176172962412238, 0.0432065986096859, -0.0340576171875], [0.0, 0.0, 0.0, 1.0]], [[-0.934737503528595, 0.3552636504173279, 0.007303221616894007, 1.073974609375], [-0.010432648472487926, -0.0068938652984797955, -0.9999217987060547, 1.550760269165039], [-0.35518550872802734, -0.9347407221794128, 0.010150296613574028, -0.0869293212890625], [0.0, 0.0, 0.0, 1.0]]], "view": [[0.0, -2.0, 100.0], [-2.0, 0.0, 100.0], [0.0, 0.0, 1.0]], "bev": "bev_a066eb48903241f890dd842cbb7d1620.png", "aux": "aux_a066eb48903241f890dd842cbb7d1620.npz", "visibility": "visibility_a066eb48903241f890dd842cbb7d1620.png", "pose": [[-0.6170538067817688, 0.786920964717865, 0.0, 1329.3355712890625], [-0.786920964717865, -0.6170538067817688, 0.0, 913.1636962890625], [0.0, 0.0, 1.0, 0.0], [0.0, 0.0, 0.0, 1.0]], "pose_inverse": [[-0.6170538067817688, -0.786920964717865, 0.0, 1538.8592529296875], [0.786920964717865, -0.6170538067817688, 0.0, -482.61083984375], [0.0, 0.0, 1.0, 0.0], [0.0, 0.0, 0.0, 1.0]], "cam_ids": [0, 1, 2, 3, 4, 5], "cam_channels": ["CAM_FRONT_LEFT", "CAM_FRONT", "CAM_FRONT_RIGHT", "CAM_BACK_LEFT", "CAM_BACK", "CAM_BACK_RIGHT"], "token": "a066eb48903241f890dd842cbb7d1620", "scene": "scene-1097"}, {"images": ["samples/CAM_FRONT_LEFT/n015-2018-11-21-19-38-26+0800__CAM_FRONT_LEFT__1542800929904844.jpg", "samples/CAM_FRONT/n015-2018-11-21-19-38-26+0800__CAM_FRONT__1542800929912460.jpg", "samples/CAM_FRONT_RIGHT/n015-2018-11-21-19-38-26+0800__CAM_FRONT_RIGHT__1542800929920339.jpg", "samples/CAM_BACK_LEFT/n015-2018-11-21-19-38-26+0800__CAM_BACK_LEFT__1542800929947423.jpg", "samples/CAM_BACK/n015-2018-11-21-19-38-26+0800__CAM_BACK__1542800929937525.jpg", "samples/CAM_BACK_RIGHT/n015-2018-11-21-19-38-26+0800__CAM_BACK_RIGHT__1542800929927893.jpg"], "intrinsics": [[[1272.5979470598488, 0.0, 826.6154927353808], [0.0, 1272.5979470598488, 479.75165386361925], [0.0, 0.0, 1.0]], [[1266.417203046554, 0.0, 816.2670197447984], [0.0, 1266.417203046554, 491.50706579294757], [0.0, 0.0, 1.0]], [[1260.8474446004698, 0.0, 807.968244525554], [0.0, 1260.8474446004698, 495.3344268742088], [0.0, 0.0, 1.0]], [[1256.7414812095406, 0.0, 792.1125740759628], [0.0, 1256.7414812095406, 492.7757465151356], [0.0, 0.0, 1.0]], [[809.2209905677063, 0.0, 829.2196003259838], [0.0, 809.2209905677063, 481.77842384512485], [0.0, 0.0, 1.0]], [[1259.5137405846733, 0.0, 807.2529053838625], [0.0, 1259.5137405846733, 501.19579884916527], [0.0, 0.0, 1.0]]], "extrinsics": [[[0.8199025988578796, -0.571999728679657, -0.024003542959690094, -0.844970703125], [-0.040840622037649155, -0.016617367044091225, -0.9990274906158447, 1.5022926330566406], [0.5710445046424866, 0.8200854659080505, -0.03698544576764107, -1.197357177734375], [0.0, 0.0, 0.0, 1.0]], [[0.005629396997392178, -0.9997684955596924, 0.020763806998729706, 0.0064697265625], [-0.04659692570567131, -0.0210038423538208, -0.9986929893493652, 1.5149612426757812], [0.998897910118103, 0.004654551390558481, -0.04670437425374985, -1.5726318359375], [0.0, 0.0, 0.0, 1.0]], [[-0.8325876593589783, -0.5526670813560486, 0.0368327759206295, 0.95538330078125], [-0.04145142063498497, -0.004141469951719046, -0.9991319179534912, 1.4998016357421875], [0.5523399114608765, -0.8333917260169983, -0.019460702314972878, -1.1968994140625], [0.0, 0.0, 0.0, 1.0]], [[0.9469743967056274, 0.3183206617832184, -0.04371970519423485, -1.1397705078125], [-0.034134674817323685, -0.035630062222480774, -0.9987819194793701, 1.5884628295898438], [-0.3194906413555145, 0.9473131895065308, -0.02287498489022255, -0.10455322265625], [0.0, 0.0, 0.0, 1.0]], [[0.0020834968890994787, 0.9996759295463562, -0.025369348004460335, 0.00262451171875], [-0.059144601225852966, -0.02520180121064186, -0.9979312419891357, 1.5772857666015625], [-0.9982472658157349, 0.0035796379670500755, 0.05907292664051056, -0.0333251953125], [0.0, 0.0, 0.0, 1.0]], [[-0.93443763256073, 0.35550957918167114, 0.020956970751285553, 1.0736083984375], [-0.026030991226434708, -0.00949458684772253, -0.9996160864830017, 1.5497169494628906], [-0.35517409443855286, -0.934624433517456, 0.018126366659998894, -0.0868988037109375], [0.0, 0.0, 0.0, 1.0]]], "view": [[0.0, -2.0, 100.0], [-2.0, 0.0, 100.0], [0.0, 0.0, 1.0]], "bev": "bev_8fc8248d37654d33b6b1c747847dbbba.png", "aux": "aux_8fc8248d37654d33b6b1c747847dbbba.npz", "visibility": "visibility_8fc8248d37654d33b6b1c747847dbbba.png", "pose": [[-0.6117098927497864, 0.7910821437835693, 0.0, 1328.2784423828125], [-0.7910821437835693, -0.6117098927497864, 0.0, 911.8097534179688], [0.0, 0.0, 1.0, 0.0], [0.0, 0.0, 0.0, 1.0]], "pose_inverse": [[-0.6117098927497864, -0.7910821437835693, 0.0, 1533.8375244140625], [0.7910821437835693, -0.6117098927497864, 0.0, -493.0143127441406], [0.0, 0.0, 1.0, 0.0], [0.0, 0.0, 0.0, 1.0]], "cam_ids": [0, 1, 2, 3, 4, 5], "cam_channels": ["CAM_FRONT_LEFT", "CAM_FRONT", "CAM_FRONT_RIGHT", "CAM_BACK_LEFT", "CAM_BACK", "CAM_BACK_RIGHT"], "token": "8fc8248d37654d33b6b1c747847dbbba", "scene": "scene-1097"}, {"images": ["samples/CAM_FRONT_LEFT/n015-2018-11-21-19-38-26+0800__CAM_FRONT_LEFT__1542800930404844.jpg", "samples/CAM_FRONT/n015-2018-11-21-19-38-26+0800__CAM_FRONT__1542800930412460.jpg", "samples/CAM_FRONT_RIGHT/n015-2018-11-21-19-38-26+0800__CAM_FRONT_RIGHT__1542800930420339.jpg", "samples/CAM_BACK_LEFT/n015-2018-11-21-19-38-26+0800__CAM_BACK_LEFT__1542800930447423.jpg", "samples/CAM_BACK/n015-2018-11-21-19-38-26+0800__CAM_BACK__1542800930437525.jpg", "samples/CAM_BACK_RIGHT/n015-2018-11-21-19-38-26+0800__CAM_BACK_RIGHT__1542800930427893.jpg"], "intrinsics": [[[1272.5979470598488, 0.0, 826.6154927353808], [0.0, 1272.5979470598488, 479.75165386361925], [0.0, 0.0, 1.0]], [[1266.417203046554, 0.0, 816.2670197447984], [0.0, 1266.417203046554, 491.50706579294757], [0.0, 0.0, 1.0]], [[1260.8474446004698, 0.0, 807.968244525554], [0.0, 1260.8474446004698, 495.3344268742088], [0.0, 0.0, 1.0]], [[1256.7414812095406, 0.0, 792.1125740759628], [0.0, 1256.7414812095406, 492.7757465151356], [0.0, 0.0, 1.0]], [[809.2209905677063, 0.0, 829.2196003259838], [0.0, 809.2209905677063, 481.77842384512485], [0.0, 0.0, 1.0]], [[1259.5137405846733, 0.0, 807.2529053838625], [0.0, 1259.5137405846733, 501.19579884916527], [0.0, 0.0, 1.0]]], "extrinsics": [[[0.8198832869529724, -0.5721042156219482, -0.02209349162876606, -0.846923828125], [-0.03826531767845154, -0.0162535160779953, -0.9991353750228882, 1.5027351379394531], [0.5712504386901855, 0.8200198411941528, -0.035217732191085815, -1.197998046875], [0.0, 0.0, 0.0, 1.0]], [[0.00539516843855381, -0.9997861981391907, 0.019960368052124977, 0.005523681640625], [-0.04354669898748398, -0.02017662487924099, -0.9988476634025574, 1.51544189453125], [0.9990367889404297, 0.004519748967140913, -0.04364624246954918, -1.575439453125], [0.0, 0.0, 0.0, 1.0]], [[-0.8328272700309753, -0.5525388121604919, 0.03315797075629234, 0.957763671875], [-0.03790340572595596, -0.0028360290452837944, -0.9992773532867432, 1.5002670288085938], [0.5522335767745972, -0.8334822654724121, -0.01858118176460266, -1.1995849609375], [0.0, 0.0, 0.0, 1.0]], [[0.9471819996833801, 0.3184181749820709, -0.03815822675824165, -1.138671875], [-0.02919325977563858, -0.032881271094083786, -0.9990327954292297, 1.5884456634521484], [-0.31936484575271606, 0.9473799467086792, -0.02184888906776905, -0.10498046875], [0.0, 0.0, 0.0, 1.0]], [[0.002333198906853795, 0.9997312426567078, -0.02306569553911686, 0.003326416015625], [-0.054597411304712296, -0.02290399931371212, -0.9982457160949707, 1.5775375366210938], [-0.998505711555481, 0.0035884627141058445, 0.05452929809689522, -0.031494140625], [0.0, 0.0, 0.0, 1.0]], [[-0.9344287514686584, 0.35570353269577026, 0.017826005816459656, 1.078125], [-0.022014938294887543, -0.007731830235570669, -0.9997277855873108, 1.5500755310058594], [-0.3554689586162567, -0.9345667958259583, 0.015055634081363678, -0.08624267578125], [0.0, 0.0, 0.0, 1.0]]], "view": [[0.0, -2.0, 100.0], [-2.0, 0.0, 100.0], [0.0, 0.0, 1.0]], "bev": "bev_f6e2437d2e7d4b66afc6278019250c66.png", "aux": "aux_f6e2437d2e7d4b66afc6278019250c66.npz", "visibility": "visibility_f6e2437d2e7d4b66afc6278019250c66.png", "pose": [[-0.6082670092582703, 0.7937324643135071, 0.0, 1327.211181640625], [-0.7937324643135071, -0.6082670092582703, 0.0, 910.4373779296875], [0.0, 0.0, 1.0, 0.0], [0.0, 0.0, 0.0, 1.0]], "pose_inverse": [[-0.6082670092582703, -0.7937324643135071, 0.0, 1529.9425048828125], [0.7937324643135071, -0.6082670092582703, 0.0, -499.66162109375], [0.0, 0.0, 1.0, 0.0], [0.0, 0.0, 0.0, 1.0]], "cam_ids": [0, 1, 2, 3, 4, 5], "cam_channels": ["CAM_FRONT_LEFT", "CAM_FRONT", "CAM_FRONT_RIGHT", "CAM_BACK_LEFT", "CAM_BACK", "CAM_BACK_RIGHT"], "token": "f6e2437d2e7d4b66afc6278019250c66", "scene": "scene-1097"}, {"images": ["samples/CAM_FRONT_LEFT/n015-2018-11-21-19-38-26+0800__CAM_FRONT_LEFT__1542800930904844.jpg", "samples/CAM_FRONT/n015-2018-11-21-19-38-26+0800__CAM_FRONT__1542800930912460.jpg", "samples/CAM_FRONT_RIGHT/n015-2018-11-21-19-38-26+0800__CAM_FRONT_RIGHT__1542800930920339.jpg", "samples/CAM_BACK_LEFT/n015-2018-11-21-19-38-26+0800__CAM_BACK_LEFT__1542800930947423.jpg", "samples/CAM_BACK/n015-2018-11-21-19-38-26+0800__CAM_BACK__1542800930937525.jpg", "samples/CAM_BACK_RIGHT/n015-2018-11-21-19-38-26+0800__CAM_BACK_RIGHT__1542800930927893.jpg"], "intrinsics": [[[1272.5979470598488, 0.0, 826.6154927353808], [0.0, 1272.5979470598488, 479.75165386361925], [0.0, 0.0, 1.0]], [[1266.417203046554, 0.0, 816.2670197447984], [0.0, 1266.417203046554, 491.50706579294757], [0.0, 0.0, 1.0]], [[1260.8474446004698, 0.0, 807.968244525554], [0.0, 1260.8474446004698, 495.3344268742088], [0.0, 0.0, 1.0]], [[1256.7414812095406, 0.0, 792.1125740759628], [0.0, 1256.7414812095406, 492.7757465151356], [0.0, 0.0, 1.0]], [[809.2209905677063, 0.0, 829.2196003259838], [0.0, 809.2209905677063, 481.77842384512485], [0.0, 0.0, 1.0]], [[1259.5137405846733, 0.0, 807.2529053838625], [0.0, 1259.5137405846733, 501.19579884916527], [0.0, 0.0, 1.0]]], "extrinsics": [[[0.8201887011528015, -0.571827232837677, -0.017440631985664368, -0.8515625], [-0.03654710575938225, -0.021948490291833878, -0.999090850353241, 1.5032386779785156], [0.5709245204925537, 0.8200803995132446, -0.038900528103113174, -1.202362060546875], [0.0, 0.0, 0.0, 1.0]], [[0.005847133230417967, -0.999650776386261, 0.025767654180526733, 0.0064697265625], [-0.04217766597867012, -0.02599170245230198, -0.9987720251083374, 1.5157814025878906], [0.9990929961204529, 0.004753094632178545, -0.042314913123846054, -1.5791015625], [0.0, 0.0, 0.0, 1.0]], [[-0.8325906991958618, -0.552743136882782, 0.03560252860188484, 0.9593505859375], [-0.036905091255903244, -0.0087745301425457, -0.9992802143096924, 1.5004043579101562], [0.5526577234268188, -0.8333053588867188, -0.013093444518744946, -1.1993408203125], [0.0, 0.0, 0.0, 1.0]], [[0.9471120238304138, 0.31834888458251953, -0.04040747135877609, -1.1400146484375], [-0.029524613171815872, -0.038938675075769424, -0.9988052845001221, 1.5884895324707031], [-0.3195419907569885, 0.947173535823822, -0.027480166405439377, -0.1043701171875], [0.0, 0.0, 0.0, 1.0]], [[0.001991040538996458, 0.9995734095573425, -0.029138458892703056, 0.002685546875], [-0.054429713636636734, -0.028986996039748192, -0.9980968236923218, 1.5775527954101562], [-0.9985155463218689, 0.0035731846000999212, 0.05434878170490265, -0.0316162109375], [0.0, 0.0, 0.0, 1.0]], [[-0.9346155524253845, 0.35533925890922546, 0.015088347718119621, 1.076416015625], [-0.021371016278862953, -0.013762098737061024, -0.9996768832206726, 1.5500926971435547], [-0.3550168573856354, -0.9346360564231873, 0.020456237718462944, -0.08575439453125], [0.0, 0.0, 0.0, 1.0]]], "view": [[0.0, -2.0, 100.0], [-2.0, 0.0, 100.0], [0.0, 0.0, 1.0]], "bev": "bev_8de3505db94e4a06b8dfac5fd3d69b03.png", "aux": "aux_8de3505db94e4a06b8dfac5fd3d69b03.npz", "visibility": "visibility_8de3505db94e4a06b8dfac5fd3d69b03.png", "pose": [[-0.6045610308647156, 0.7965587973594666, 0.0, 1326.2279052734375], [-0.7965587973594666, -0.6045610308647156, 0.0, 909.1583251953125], [0.0, 0.0, 1.0, 0.0], [0.0, 0.0, 0.0, 1.0]], "pose_inverse": [[-0.6045610308647156, -0.7965587973594666, 0.0, 1525.9837646484375], [0.7965587973594666, -0.6045610308647156, 0.0, -506.77685546875], [0.0, 0.0, 1.0, 0.0], [0.0, 0.0, 0.0, 1.0]], "cam_ids": [0, 1, 2, 3, 4, 5], "cam_channels": ["CAM_FRONT_LEFT", "CAM_FRONT", "CAM_FRONT_RIGHT", "CAM_BACK_LEFT", "CAM_BACK", "CAM_BACK_RIGHT"], "token": "8de3505db94e4a06b8dfac5fd3d69b03", "scene": "scene-1097"}, {"images": ["samples/CAM_FRONT_LEFT/n015-2018-11-21-19-38-26+0800__CAM_FRONT_LEFT__1542800931404844.jpg", "samples/CAM_FRONT/n015-2018-11-21-19-38-26+0800__CAM_FRONT__1542800931412460.jpg", "samples/CAM_FRONT_RIGHT/n015-2018-11-21-19-38-26+0800__CAM_FRONT_RIGHT__1542800931420339.jpg", "samples/CAM_BACK_LEFT/n015-2018-11-21-19-38-26+0800__CAM_BACK_LEFT__1542800931447423.jpg", "samples/CAM_BACK/n015-2018-11-21-19-38-26+0800__CAM_BACK__1542800931437525.jpg", "samples/CAM_BACK_RIGHT/n015-2018-11-21-19-38-26+0800__CAM_BACK_RIGHT__1542800931427893.jpg"], "intrinsics": [[[1272.5979470598488, 0.0, 826.6154927353808], [0.0, 1272.5979470598488, 479.75165386361925], [0.0, 0.0, 1.0]], [[1266.417203046554, 0.0, 816.2670197447984], [0.0, 1266.417203046554, 491.50706579294757], [0.0, 0.0, 1.0]], [[1260.8474446004698, 0.0, 807.968244525554], [0.0, 1260.8474446004698, 495.3344268742088], [0.0, 0.0, 1.0]], [[1256.7414812095406, 0.0, 792.1125740759628], [0.0, 1256.7414812095406, 492.7757465151356], [0.0, 0.0, 1.0]], [[809.2209905677063, 0.0, 829.2196003259838], [0.0, 809.2209905677063, 481.77842384512485], [0.0, 0.0, 1.0]], [[1259.5137405846733, 0.0, 807.2529053838625], [0.0, 1259.5137405846733, 501.19579884916527], [0.0, 0.0, 1.0]]], "extrinsics": [[[0.820106029510498, -0.571648120880127, -0.02538573555648327, -0.865966796875], [-0.04820339381694794, -0.024811582639813423, -0.998529314994812, 1.5024871826171875], [0.5701775550842285, 0.8201237320899963, -0.04790351167321205, -1.212615966796875], [0.0, 0.0, 0.0, 1.0]], [[0.006370667368173599, -0.9995670318603516, 0.028725264593958855, 0.00640869140625], [-0.053630530834198, -0.029026035219430923, -0.9981389045715332, 1.5152740478515625], [0.9985405206680298, 0.0048182131722569466, -0.05379222333431244, -1.5938720703125], [0.0, 0.0, 0.0, 1.0]], [[-0.8320521116256714, -0.5527234673500061, 0.046755943447351456, 0.96893310546875], [-0.04816150665283203, -0.01198689453303814, -0.998767614364624, 1.499969482421875], [0.5526027083396912, -0.833278477191925, -0.01664627343416214, -1.2060546875], [0.0, 0.0, 0.0, 1.0]], [[0.9466587901115417, 0.3181021213531494, -0.05146043375134468, -1.1409912109375], [-0.0399167463183403, -0.042706068605184555, -0.998289942741394, 1.5885009765625], [-0.319755882024765, 0.9470940828323364, -0.027730470523238182, -0.10400390625], [0.0, 0.0, 0.0, 1.0]], [[0.0016636044019833207, 0.9994615316390991, -0.032772213220596313, 0.002838134765625], [-0.06516426801681519, -0.03259425237774849, -0.9973421096801758, 1.5774993896484375], [-0.9978731274604797, 0.0037947632372379303, 0.06507494300603867, -0.02685546875], [0.0, 0.0, 0.0, 1.0]], [[-0.9344205260276794, 0.355347216129303, 0.024218320846557617, 1.0845947265625], [-0.032424524426460266, -0.017155401408672333, -0.9993269443511963, 1.5496559143066406], [-0.35469260811805725, -0.9345769882202148, 0.027552323415875435, -0.083038330078125], [0.0, 0.0, 0.0, 1.0]]], "view": [[0.0, -2.0, 100.0], [-2.0, 0.0, 100.0], [0.0, 0.0, 1.0]], "bev": "bev_68115096691c4a36ac9fa3ea44dfdd7b.png", "aux": "aux_68115096691c4a36ac9fa3ea44dfdd7b.npz", "visibility": "visibility_68115096691c4a36ac9fa3ea44dfdd7b.png", "pose": [[-0.6060802936553955, 0.7954034805297852, 0.0, 1325.3458251953125], [-0.7954034805297852, -0.6060802936553955, 0.0, 908.0181274414062], [0.0, 0.0, 1.0, 0.0], [0.0, 0.0, 0.0, 1.0]], "pose_inverse": [[-0.6060802936553955, -0.7954034805297852, 0.0, 1525.5067138671875], [0.7954034805297852, -0.6060802936553955, 0.0, -503.8528137207031], [0.0, 0.0, 1.0, 0.0], [0.0, 0.0, 0.0, 1.0]], "cam_ids": [0, 1, 2, 3, 4, 5], "cam_channels": ["CAM_FRONT_LEFT", "CAM_FRONT", "CAM_FRONT_RIGHT", "CAM_BACK_LEFT", "CAM_BACK", "CAM_BACK_RIGHT"], "token": "68115096691c4a36ac9fa3ea44dfdd7b", "scene": "scene-1097"}, {"images": ["samples/CAM_FRONT_LEFT/n015-2018-11-21-19-38-26+0800__CAM_FRONT_LEFT__1542800931904844.jpg", "samples/CAM_FRONT/n015-2018-11-21-19-38-26+0800__CAM_FRONT__1542800931912460.jpg", "samples/CAM_FRONT_RIGHT/n015-2018-11-21-19-38-26+0800__CAM_FRONT_RIGHT__1542800931920339.jpg", "samples/CAM_BACK_LEFT/n015-2018-11-21-19-38-26+0800__CAM_BACK_LEFT__1542800931947423.jpg", "samples/CAM_BACK/n015-2018-11-21-19-38-26+0800__CAM_BACK__1542800931937577.jpg", "samples/CAM_BACK_RIGHT/n015-2018-11-21-19-38-26+0800__CAM_BACK_RIGHT__1542800931927893.jpg"], "intrinsics": [[[1272.5979470598488, 0.0, 826.6154927353808], [0.0, 1272.5979470598488, 479.75165386361925], [0.0, 0.0, 1.0]], [[1266.417203046554, 0.0, 816.2670197447984], [0.0, 1266.417203046554, 491.50706579294757], [0.0, 0.0, 1.0]], [[1260.8474446004698, 0.0, 807.968244525554], [0.0, 1260.8474446004698, 495.3344268742088], [0.0, 0.0, 1.0]], [[1256.7414812095406, 0.0, 792.1125740759628], [0.0, 1256.7414812095406, 492.7757465151356], [0.0, 0.0, 1.0]], [[809.2209905677063, 0.0, 829.2196003259838], [0.0, 809.2209905677063, 481.77842384512485], [0.0, 0.0, 1.0]], [[1259.5137405846733, 0.0, 807.2529053838625], [0.0, 1259.5137405846733, 501.19579884916527], [0.0, 0.0, 1.0]]], "extrinsics": [[[0.8202522397041321, -0.5712729692459106, -0.02886935882270336, -0.882080078125], [-0.04962651804089546, -0.020793432369828224, -0.9985513687133789, 1.503265380859375], [0.5698451399803162, 0.8204966187477112, -0.045406147837638855, -1.2232666015625], [0.0, 0.0, 0.0, 1.0]], [[0.006648021750152111, -0.9996767044067383, 0.024538395926356316, 0.006103515625], [-0.05481722950935364, -0.024866366758942604, -0.9981867671012878, 1.5159454345703125], [0.9984742403030396, 0.005290836561471224, -0.0549648217856884, -1.6085205078125], [0.0, 0.0, 0.0, 1.0]], [[-0.8319193720817566, -0.5530561208724976, 0.045154571533203125, 0.977294921875], [-0.04910898581147194, -0.007673786953091621, -0.998763918876648, 1.5003890991210938], [0.552718997001648, -0.8331086039543152, -0.02077605202794075, -1.2117919921875], [0.0, 0.0, 0.0, 1.0]], [[0.946713924407959, 0.3181440234184265, -0.05016913637518883, -1.1400146484375], [-0.040125731378793716, -0.038048114627599716, -0.9984699487686157, 1.5884666442871094], [-0.31956613063812256, 0.9472785592079163, -0.023254917934536934, -0.10443115234375], [0.0, 0.0, 0.0, 1.0]], [[0.0017121948767453432, 0.9996010065078735, -0.028194330632686615, 0.002716064453125], [-0.06562699377536774, -0.02802126109600067, -0.9974507093429565, 1.5776519775390625], [-0.9978427290916443, 0.003558206604793668, 0.06555283069610596, -0.024169921875], [0.0, 0.0, 0.0, 1.0]], [[-0.934430718421936, 0.35515934228897095, 0.026477672159671783, 1.0899658203125], [-0.033147841691970825, -0.01270805299282074, -0.9993696212768555, 1.5498085021972656], [-0.3545989692211151, -0.934719443321228, 0.02364755980670452, -0.08086395263671875], [0.0, 0.0, 0.0, 1.0]]], "view": [[0.0, -2.0, 100.0], [-2.0, 0.0, 100.0], [0.0, 0.0, 1.0]], "bev": "bev_e6467af1dad8492f8e217a1052271590.png", "aux": "aux_e6467af1dad8492f8e217a1052271590.npz", "visibility": "visibility_e6467af1dad8492f8e217a1052271590.png", "pose": [[-0.612657904624939, 0.7903481721878052, 0.0, 1324.5743408203125], [-0.7903481721878052, -0.612657904624939, 0.0, 907.0311889648438], [0.0, 0.0, 1.0, 0.0], [0.0, 0.0, 0.0, 1.0]], "pose_inverse": [[-0.612657904624939, -0.7903481721878052, 0.0, 1528.3814697265625], [0.7903481721878052, -0.612657904624939, 0.0, -491.17510986328125], [0.0, 0.0, 1.0, 0.0], [0.0, 0.0, 0.0, 1.0]], "cam_ids": [0, 1, 2, 3, 4, 5], "cam_channels": ["CAM_FRONT_LEFT", "CAM_FRONT", "CAM_FRONT_RIGHT", "CAM_BACK_LEFT", "CAM_BACK", "CAM_BACK_RIGHT"], "token": "e6467af1dad8492f8e217a1052271590", "scene": "scene-1097"}, {"images": ["samples/CAM_FRONT_LEFT/n015-2018-11-21-19-38-26+0800__CAM_FRONT_LEFT__1542800932404844.jpg", "samples/CAM_FRONT/n015-2018-11-21-19-38-26+0800__CAM_FRONT__1542800932412460.jpg", "samples/CAM_FRONT_RIGHT/n015-2018-11-21-19-38-26+0800__CAM_FRONT_RIGHT__1542800932420339.jpg", "samples/CAM_BACK_LEFT/n015-2018-11-21-19-38-26+0800__CAM_BACK_LEFT__1542800932447423.jpg", "samples/CAM_BACK/n015-2018-11-21-19-38-26+0800__CAM_BACK__1542800932437525.jpg", "samples/CAM_BACK_RIGHT/n015-2018-11-21-19-38-26+0800__CAM_BACK_RIGHT__1542800932427893.jpg"], "intrinsics": [[[1272.5979470598488, 0.0, 826.6154927353808], [0.0, 1272.5979470598488, 479.75165386361925], [0.0, 0.0, 1.0]], [[1266.417203046554, 0.0, 816.2670197447984], [0.0, 1266.417203046554, 491.50706579294757], [0.0, 0.0, 1.0]], [[1260.8474446004698, 0.0, 807.968244525554], [0.0, 1260.8474446004698, 495.3344268742088], [0.0, 0.0, 1.0]], [[1256.7414812095406, 0.0, 792.1125740759628], [0.0, 1256.7414812095406, 492.7757465151356], [0.0, 0.0, 1.0]], [[809.2209905677063, 0.0, 829.2196003259838], [0.0, 809.2209905677063, 481.77842384512485], [0.0, 0.0, 1.0]], [[1259.5137405846733, 0.0, 807.2529053838625], [0.0, 1259.5137405846733, 501.19579884916527], [0.0, 0.0, 1.0]]], "extrinsics": [[[0.8203829526901245, -0.5708573460578918, -0.033069539815187454, -0.8992919921875], [-0.05194609612226486, -0.01680888794362545, -0.9985084533691406, 1.504119873046875], [0.5694500207901001, 0.8208771347999573, -0.04344354197382927, -1.235382080078125], [0.0, 0.0, 0.0, 1.0]], [[0.006934448145329952, -0.999767005443573, 0.02043590135872364, 0.00592041015625], [-0.05726761743426323, -0.020799897611141205, -0.9981421828269958, 1.5167465209960938], [0.9983347058296204, 0.005751213524490595, -0.057398512959480286, -1.6260986328125], [0.0, 0.0, 0.0, 1.0]], [[-0.8317474126815796, -0.5533266067504883, 0.04500753432512283, 0.98907470703125], [-0.05170023813843727, -0.003516042372211814, -0.9986564517021179, 1.5009384155273438], [0.5527414083480835, -0.832956850528717, -0.025682661682367325, -1.219482421875], [0.0, 0.0, 0.0, 1.0]], [[0.9466548562049866, 0.31809356808662415, -0.05158579349517822, -1.1407470703125], [-0.04306425154209137, -0.03376838192343712, -0.9985014200210571, 1.5884857177734375], [-0.31935885548591614, 0.9474577307701111, -0.018268540501594543, -0.10418701171875], [0.0, 0.0, 0.0, 1.0]], [[0.0017909918678924441, 0.9997118711471558, -0.023934517055749893, 0.002777099609375], [-0.06845074892044067, -0.023755855858325958, -0.9973716139793396, 1.5779571533203125], [-0.9976528286933899, 0.003424604656174779, 0.06838847696781158, -0.0186767578125], [0.0, 0.0, 0.0, 1.0]], [[-0.9343441128730774, 0.3550633490085602, 0.03051351197063923, 1.0999755859375], [-0.035857319831848145, -0.008478164672851562, -0.9993209838867188, 1.5500602722167969], [-0.35456356406211853, -0.9348037838935852, 0.020653143525123596, -0.07729339599609375], [0.0, 0.0, 0.0, 1.0]]], "view": [[0.0, -2.0, 100.0], [-2.0, 0.0, 100.0], [0.0, 0.0, 1.0]], "bev": "bev_42c4dd1fcf5147c5b98064455d29141e.png", "aux": "aux_42c4dd1fcf5147c5b98064455d29141e.npz", "visibility": "visibility_42c4dd1fcf5147c5b98064455d29141e.png", "pose": [[-0.622460663318634, 0.7826510667800903, 0.0, 1323.9471435546875], [-0.7826510667800903, -0.622460663318634, 0.0, 906.2431030273438], [0.0, 0.0, 1.0, 0.0], [0.0, 0.0, 0.0, 1.0]], "pose_inverse": [[-0.622460663318634, -0.7826510667800903, 0.0, 1533.377197265625], [0.7826510667800903, -0.622460663318634, 0.0, -472.0879211425781], [0.0, 0.0, 1.0, 0.0], [0.0, 0.0, 0.0, 1.0]], "cam_ids": [0, 1, 2, 3, 4, 5], "cam_channels": ["CAM_FRONT_LEFT", "CAM_FRONT", "CAM_FRONT_RIGHT", "CAM_BACK_LEFT", "CAM_BACK", "CAM_BACK_RIGHT"], "token": "42c4dd1fcf5147c5b98064455d29141e", "scene": "scene-1097"}, {"images": ["samples/CAM_FRONT_LEFT/n015-2018-11-21-19-38-26+0800__CAM_FRONT_LEFT__1542800932854844.jpg", "samples/CAM_FRONT/n015-2018-11-21-19-38-26+0800__CAM_FRONT__1542800932862460.jpg", "samples/CAM_FRONT_RIGHT/n015-2018-11-21-19-38-26+0800__CAM_FRONT_RIGHT__1542800932870339.jpg", "samples/CAM_BACK_LEFT/n015-2018-11-21-19-38-26+0800__CAM_BACK_LEFT__1542800932897423.jpg", "samples/CAM_BACK/n015-2018-11-21-19-38-26+0800__CAM_BACK__1542800932887525.jpg", "samples/CAM_BACK_RIGHT/n015-2018-11-21-19-38-26+0800__CAM_BACK_RIGHT__1542800932877893.jpg"], "intrinsics": [[[1272.5979470598488, 0.0, 826.6154927353808], [0.0, 1272.5979470598488, 479.75165386361925], [0.0, 0.0, 1.0]], [[1266.417203046554, 0.0, 816.2670197447984], [0.0, 1266.417203046554, 491.50706579294757], [0.0, 0.0, 1.0]], [[1260.8474446004698, 0.0, 807.968244525554], [0.0, 1260.8474446004698, 495.3344268742088], [0.0, 0.0, 1.0]], [[1256.7414812095406, 0.0, 792.1125740759628], [0.0, 1256.7414812095406, 492.7757465151356], [0.0, 0.0, 1.0]], [[809.2209905677063, 0.0, 829.2196003259838], [0.0, 809.2209905677063, 481.77842384512485], [0.0, 0.0, 1.0]], [[1259.5137405846733, 0.0, 807.2529053838625], [0.0, 1259.5137405846733, 501.19579884916527], [0.0, 0.0, 1.0]]], "extrinsics": [[[0.8206045627593994, -0.5703098773956299, -0.03680553659796715, -0.9078369140625], [-0.05489902198314667, -0.014560974203050137, -0.9983857274055481, 1.5044479370117188], [0.5688533186912537, 0.8213005065917969, -0.04325825721025467, -1.240936279296875], [0.0, 0.0, 0.0, 1.0]], [[0.007406038232147694, -0.9998088479042053, 0.018090156838297844, 0.005645751953125], [-0.060266170650720596, -0.01850404404103756, -0.9980108141899109, 1.5170974731445312], [0.9981547594070435, 0.0063010696321725845, -0.06039169803261757, -1.6353759765625], [0.0, 0.0, 0.0, 1.0]], [[-0.8314664959907532, -0.553648054599762, 0.046228136867284775, 0.9957275390625], [-0.05474406108260155, -0.0011576388496905565, -0.9984996914863586, 1.5012359619140625], [0.55287104845047, -0.8327499032020569, -0.02934640645980835, -1.224365234375], [0.0, 0.0, 0.0, 1.0]], [[0.9465575218200684, 0.31800925731658936, -0.053840797394514084, -1.1416015625], [-0.046351075172424316, -0.031077498570084572, -0.9984416365623474, 1.5885238647460938], [-0.3191869258880615, 0.9475781321525574, -0.014676571823656559, -0.10400390625], [0.0, 0.0, 0.0, 1.0]], [[0.001787340734153986, 0.9997696876525879, -0.021384598687291145, 0.00274658203125]