[{"images": ["samples/CAM_FRONT_LEFT/n008-2018-09-18-15-12-01-0400__CAM_FRONT_LEFT__1537297945654799.jpg", "samples/CAM_FRONT/n008-2018-09-18-15-12-01-0400__CAM_FRONT__1537297945662522.jpg", "samples/CAM_FRONT_RIGHT/n008-2018-09-18-15-12-01-0400__CAM_FRONT_RIGHT__1537297945670482.jpg", "samples/CAM_BACK_LEFT/n008-2018-09-18-15-12-01-0400__CAM_BACK_LEFT__1537297945697405.jpg", "samples/CAM_BACK/n008-2018-09-18-15-12-01-0400__CAM_BACK__1537297945687558.jpg", "samples/CAM_BACK_RIGHT/n008-2018-09-18-15-12-01-0400__CAM_BACK_RIGHT__1537297945678113.jpg"], "intrinsics": [[[1257.8625342125129, 0.0, 827.2410631095686], [0.0, 1257.8625342125129, 450.915498205774], [0.0, 0.0, 1.0]], [[1252.8131021185304, 0.0, 826.588114781398], [0.0, 1252.8131021185304, 469.9846626224581], [0.0, 0.0, 1.0]], [[1256.7485116440405, 0.0, 817.7887570959712], [0.0, 1256.7485116440403, 451.9541780095127], [0.0, 0.0, 1.0]], [[1254.9860565800168, 0.0, 829.5769333630991], [0.0, 1254.9860565800168, 467.1680561863987], [0.0, 0.0, 1.0]], [[796.8910634503094, 0.0, 857.7774326863696], [0.0, 796.8910634503094, 476.8848988407415], [0.0, 0.0, 1.0]], [[1249.9629280788233, 0.0, 825.3768045375984], [0.0, 1249.9629280788233, 462.54816385708756], [0.0, 0.0, 1.0]]], "extrinsics": [[[0.8224366903305054, -0.5687599182128906, -0.010489659383893013, -0.90673828125], [0.005090014543384314, 0.025796908885240555, -0.999654233455658, 1.4889411926269531], [0.5688338279724121, 0.822098970413208, 0.024111321195960045, -1.263916015625], [0.0, 0.0, 0.0, 1.0]], [[0.010094120167195797, -0.9997151494026184, -0.02162468247115612, 0.0054931640625], [0.007049426436424255, 0.021696390584111214, -0.9997397661209106, 1.4808845520019531], [0.9999241828918457, 0.00993903074413538, 0.007266424596309662, -1.6355438232421875], [0.0, 0.0, 0.0, 1.0]], [[-0.8440631628036499, -0.535881757736206, -0.01969754509627819, 1.02490234375], [0.015069815330207348, 0.013013622723519802, -0.9998016953468323, 1.4942474365234375], [0.5360319018363953, -0.8441927433013916, -0.002908680820837617, -1.2366943359375], [0.0, 0.0, 0.0, 1.0]], [[0.9478833079338074, 0.318616658449173, -0.0007799466256983578, -1.140869140625], [-0.010322815738618374, 0.028263531625270844, -0.9995471835136414, 1.5620040893554688], [-0.31845030188560486, 0.9474621415138245, 0.03007955476641655, -0.1572265625], [0.0, 0.0, 0.0, 1.0]], [[0.009290067479014397, 0.999744176864624, 0.02062189392745495, -0.028076171875], [-0.00820599403232336, 0.02069830894470215, -0.9997521042823792, 1.5678176879882812], [-0.9999231696128845, 0.009118531830608845, 0.00839618407189846, 0.0139007568359375], [0.0, 0.0, 0.0, 1.0]], [[-0.9237034916877747, 0.3830971419811249, 0.0029145064763724804, 1.108642578125], [-0.003999465610831976, -0.0020356285385787487, -0.999989926815033, 1.5475831031799316], [-0.38308730721473694, -0.9237058162689209, 0.0034125009551644325, -0.0657958984375], [0.0, 0.0, 0.0, 1.0]]], "view": [[0.0, -2.0, 100.0], [-2.0, 0.0, 100.0], [0.0, 0.0, 1.0]], "bev": "bev_4e04d32a9949430287c14d49851f6f55.png", "aux": "aux_4e04d32a9949430287c14d49851f6f55.npz", "visibility": "visibility_4e04d32a9949430287c14d49851f6f55.png", "pose": [[0.8689844012260437, 0.49483945965766907, 0.0, 1114.7838134765625], [-0.49483945965766907, 0.8689844012260437, 0.0, 1589.12841796875], [0.0, 0.0, 1.0, 0.0], [0.0, 0.0, 0.0, 1.0]], "pose_inverse": [[0.8689844012260437, -0.49483945965766907, 0.0, -182.3662872314453], [0.49483945965766907, 0.8689844012260437, 0.0, -1932.56689453125], [0.0, 0.0, 1.0, 0.0], [0.0, 0.0, 0.0, 1.0]], "cam_ids": [0, 1, 2, 3, 4, 5], "cam_channels": ["CAM_FRONT_LEFT", "CAM_FRONT", "CAM_FRONT_RIGHT", "CAM_BACK_LEFT", "CAM_BACK", "CAM_BACK_RIGHT"], "token": "4e04d32a9949430287c14d49851f6f55", "scene": "scene-0904"}, {"images": ["samples/CAM_FRONT_LEFT/n008-2018-09-18-15-12-01-0400__CAM_FRONT_LEFT__1537297946154799.jpg", "samples/CAM_FRONT/n008-2018-09-18-15-12-01-0400__CAM_FRONT__1537297946162404.jpg", "samples/CAM_FRONT_RIGHT/n008-2018-09-18-15-12-01-0400__CAM_FRONT_RIGHT__1537297946170482.jpg", "samples/CAM_BACK_LEFT/n008-2018-09-18-15-12-01-0400__CAM_BACK_LEFT__1537297946197405.jpg", "samples/CAM_BACK/n008-2018-09-18-15-12-01-0400__CAM_BACK__1537297946187558.jpg", "samples/CAM_BACK_RIGHT/n008-2018-09-18-15-12-01-0400__CAM_BACK_RIGHT__1537297946178113.jpg"], "intrinsics": [[[1257.8625342125129, 0.0, 827.2410631095686], [0.0, 1257.8625342125129, 450.915498205774], [0.0, 0.0, 1.0]], [[1252.8131021185304, 0.0, 826.588114781398], [0.0, 1252.8131021185304, 469.9846626224581], [0.0, 0.0, 1.0]], [[1256.7485116440405, 0.0, 817.7887570959712], [0.0, 1256.7485116440403, 451.9541780095127], [0.0, 0.0, 1.0]], [[1254.9860565800168, 0.0, 829.5769333630991], [0.0, 1254.9860565800168, 467.1680561863987], [0.0, 0.0, 1.0]], [[796.8910634503094, 0.0, 857.7774326863696], [0.0, 796.8910634503094, 476.8848988407415], [0.0, 0.0, 1.0]], [[1249.9629280788233, 0.0, 825.3768045375984], [0.0, 1249.9629280788233, 462.54816385708756], [0.0, 0.0, 1.0]]], "extrinsics": [[[0.8225206136703491, -0.5686283707618713, -0.011028940789401531, -0.89111328125], [0.005195675417780876, 0.026903951540589333, -0.999624490737915, 1.4890098571777344], [0.5687115788459778, 0.8221544623374939, 0.02508346177637577, -1.2550048828125], [0.0, 0.0, 0.0, 1.0]], [[0.010209344327449799, -0.9996904134750366, -0.022689124569296837, 0.0068359375], [0.0071398355066776276, 0.022762607783079147, -0.9997153878211975, 1.4809722900390625], [0.9999223947525024, 0.010044456459581852, 0.007370018400251865, -1.6205291748046875], [0.0, 0.0, 0.0, 1.0]], [[-0.8440179228782654, -0.5359289050102234, -0.020346414297819138, 1.015869140625], [0.015191111713647842, 0.014032631181180477, -0.9997861385345459, 1.4944171905517578], [0.5360998511314392, -0.8441464304924011, -0.003702437272295356, -1.2298583984375], [0.0, 0.0, 0.0, 1.0]], [[0.947883129119873, 0.31861796975135803, -0.0002939211262855679, -1.14056396484375], [-0.010090470314025879, 0.029096929356455803, -0.9995256662368774, 1.5620079040527344], [-0.31845831871032715, 0.947436511516571, 0.030795495957136154, -0.1572265625], [0.0, 0.0, 0.0, 1.0]], [[0.009258154779672623, 0.999725341796875, 0.021525990217924118, -0.028564453125], [-0.007991566322743893, 0.02160019800066948, -0.9997347593307495, 1.5677833557128906], [-0.9999251961708069, 0.00908367894589901, 0.008189351297914982, 0.009521484375], [0.0, 0.0, 0.0, 1.0]], [[-0.9237251877784729, 0.38304293155670166, 0.0031157603953033686, 1.10089111328125], [-0.0038161769043654203, -0.0010687148896977305, -0.9999921321868896, 1.5475671291351318], [-0.3830365538597107, -0.9237299561500549, 0.002448959043249488, -0.0684814453125], [0.0, 0.0, 0.0, 1.0]]], "view": [[0.0, -2.0, 100.0], [-2.0, 0.0, 100.0], [0.0, 0.0, 1.0]], "bev": "bev_22498bfb553f4b4d9c51272fc5ca2427.png", "aux": "aux_22498bfb553f4b4d9c51272fc5ca2427.npz", "visibility": "visibility_22498bfb553f4b4d9c51272fc5ca2427.png", "pose": [[0.8680946826934814, 0.4963986277580261, 0.0, 1116.0709228515625], [-0.4963986277580261, 0.8680946826934814, 0.0, 1588.401123046875], [0.0, 0.0, 1.0, 0.0], [0.0, 0.0, 0.0, 1.0]], "pose_inverse": [[0.8680946826934814, -0.4963986277580261, 0.0, -180.37509155273438], [0.4963986277580261, 0.8680946826934814, 0.0, -1932.898681640625], [0.0, 0.0, 1.0, 0.0], [0.0, 0.0, 0.0, 1.0]], "cam_ids": [0, 1, 2, 3, 4, 5], "cam_channels": ["CAM_FRONT_LEFT", "CAM_FRONT", "CAM_FRONT_RIGHT", "CAM_BACK_LEFT", "CAM_BACK", "CAM_BACK_RIGHT"], "token": "22498bfb553f4b4d9c51272fc5ca2427", "scene": "scene-0904"}, {"images": ["samples/CAM_FRONT_LEFT/n008-2018-09-18-15-12-01-0400__CAM_FRONT_LEFT__1537297946654799.jpg", "samples/CAM_FRONT/n008-2018-09-18-15-12-01-0400__CAM_FRONT__1537297946662404.jpg", "samples/CAM_FRONT_RIGHT/n008-2018-09-18-15-12-01-0400__CAM_FRONT_RIGHT__1537297946670482.jpg", "samples/CAM_BACK_LEFT/n008-2018-09-18-15-12-01-0400__CAM_BACK_LEFT__1537297946697405.jpg", "samples/CAM_BACK/n008-2018-09-18-15-12-01-0400__CAM_BACK__1537297946687558.jpg", "samples/CAM_BACK_RIGHT/n008-2018-09-18-15-12-01-0400__CAM_BACK_RIGHT__1537297946678113.jpg"], "intrinsics": [[[1257.8625342125129, 0.0, 827.2410631095686], [0.0, 1257.8625342125129, 450.915498205774], [0.0, 0.0, 1.0]], [[1252.8131021185304, 0.0, 826.588114781398], [0.0, 1252.8131021185304, 469.9846626224581], [0.0, 0.0, 1.0]], [[1256.7485116440405, 0.0, 817.7887570959712], [0.0, 1256.7485116440403, 451.9541780095127], [0.0, 0.0, 1.0]], [[1254.9860565800168, 0.0, 829.5769333630991], [0.0, 1254.9860565800168, 467.1680561863987], [0.0, 0.0, 1.0]], [[796.8910634503094, 0.0, 857.7774326863696], [0.0, 796.8910634503094, 476.8848988407415], [0.0, 0.0, 1.0]], [[1249.9629280788233, 0.0, 825.3768045375984], [0.0, 1249.9629280788233, 462.54816385708756], [0.0, 0.0, 1.0]]], "extrinsics": [[[0.8232437372207642, -0.5675791501998901, -0.011117623187601566, -0.85888671875], [0.005592610687017441, 0.027691761031746864, -0.999600887298584, 1.4892730712890625], [0.5676605701446533, 0.8228529691696167, 0.025971317663788795, -1.2333984375], [0.0, 0.0, 0.0, 1.0]], [[0.011291823349893093, -0.9996597766876221, -0.023511718958616257, 0.007568359375], [0.00755826523527503, 0.023597875609993935, -0.999692976474762, 1.48126220703125], [0.9999076128005981, 0.011110642924904823, 0.007822155952453613, -1.5882415771484375], [0.0, 0.0, 0.0, 1.0]], [[-0.8435428738594055, -0.5366433262825012, -0.021197693422436714, 0.9945068359375], [0.015618473291397095, 0.01494081225246191, -0.9997664093971252, 1.494852066040039], [0.5368346571922302, -0.8436768651008606, -0.004221666604280472, -1.2159423828125], [0.0, 0.0, 0.0, 1.0]], [[0.9478800296783447, 0.318627268075943, 0.00044977731886319816, -1.1400146484375], [-0.009691265411674976, 0.030241314321756363, -0.9994956254959106, 1.5620040893554688], [-0.31848013401031494, 0.9473975300788879, 0.03175303712487221, -0.1573486328125], [0.0, 0.0, 0.0, 1.0]], [[0.008915448561310768, 0.9997050762176514, 0.02258836105465889, -0.028564453125], [-0.007605678867548704, 0.0226563960313797, -0.9997143149375916, 1.567718505859375], [-0.9999313354492188, 0.008741083554923534, 0.007805428467690945, 1.52587890625e-05], [0.0, 0.0, 0.0, 1.0]], [[-0.9239691495895386, 0.3824542760848999, 0.0030978426802903414, 1.08367919921875], [-0.0033952975645661354, -0.0001028233818942681, -0.9999942183494568, 1.5475311279296875], [-0.38245177268981934, -0.9239743947982788, 0.0013935525203123689, -0.0753173828125], [0.0, 0.0, 0.0, 1.0]]], "view": [[0.0, -2.0, 100.0], [-2.0, 0.0, 100.0], [0.0, 0.0, 1.0]], "bev": "bev_25b1f618bb474872bc6cc19a527a26ed.png", "aux": "aux_25b1f618bb474872bc6cc19a527a26ed.npz", "visibility": "visibility_25b1f618bb474872bc6cc19a527a26ed.png", "pose": [[0.8672863245010376, 0.49780958890914917, 0.0, 1117.669677734375], [-0.49780958890914917, 0.8672863245010376, 0.0, 1587.483642578125], [0.0, 0.0, 1.0, 0.0], [0.0, 0.0, 0.0, 1.0]], "pose_inverse": [[0.8672863245010376, -0.49780958890914917, 0.0, -179.0750732421875], [0.49780958890914917, 0.8672863245010376, 0.0, -1933.1895751953125], [0.0, 0.0, 1.0, 0.0], [0.0, 0.0, 0.0, 1.0]], "cam_ids": [0, 1, 2, 3, 4, 5], "cam_channels": ["CAM_FRONT_LEFT", "CAM_FRONT", "CAM_FRONT_RIGHT", "CAM_BACK_LEFT", "CAM_BACK", "CAM_BACK_RIGHT"], "token": "25b1f618bb474872bc6cc19a527a26ed", "scene": "scene-0904"}, {"images": ["samples/CAM_FRONT_LEFT/n008-2018-09-18-15-12-01-0400__CAM_FRONT_LEFT__1537297947154799.jpg", "samples/CAM_FRONT/n008-2018-09-18-15-12-01-0400__CAM_FRONT__1537297947162404.jpg", "samples/CAM_FRONT_RIGHT/n008-2018-09-18-15-12-01-0400__CAM_FRONT_RIGHT__1537297947170482.jpg", "samples/CAM_BACK_LEFT/n008-2018-09-18-15-12-01-0400__CAM_BACK_LEFT__1537297947197405.jpg", "samples/CAM_BACK/n008-2018-09-18-15-12-01-0400__CAM_BACK__1537297947187558.jpg", "samples/CAM_BACK_RIGHT/n008-2018-09-18-15-12-01-0400__CAM_BACK_RIGHT__1537297947178113.jpg"], "intrinsics": [[[1257.8625342125129, 0.0, 827.2410631095686], [0.0, 1257.8625342125129, 450.915498205774], [0.0, 0.0, 1.0]], [[1252.8131021185304, 0.0, 826.588114781398], [0.0, 1252.8131021185304, 469.9846626224581], [0.0, 0.0, 1.0]], [[1256.7485116440405, 0.0, 817.7887570959712], [0.0, 1256.7485116440403, 451.9541780095127], [0.0, 0.0, 1.0]], [[1254.9860565800168, 0.0, 829.5769333630991], [0.0, 1254.9860565800168, 467.1680561863987], [0.0, 0.0, 1.0]], [[796.8910634503094, 0.0, 857.7774326863696], [0.0, 796.8910634503094, 476.8848988407415], [0.0, 0.0, 1.0]], [[1249.9629280788233, 0.0, 825.3768045375984], [0.0, 1249.9629280788233, 462.54816385708756], [0.0, 0.0, 1.0]]], "extrinsics": [[[0.8229691982269287, -0.5679759383201599, -0.011182757094502449, -0.86395263671875], [0.006135937292128801, 0.028571052476763725, -0.9995729327201843, 1.489349365234375], [0.5680528283119202, 0.8225491046905518, 0.026998160406947136, -1.2359619140625], [0.0, 0.0, 0.0, 1.0]], [[0.010805636644363403, -0.9996455907821655, -0.024328632280230522, 0.0068359375], [0.0080194603651762, 0.02441590651869774, -0.9996697306632996, 1.4812965393066406], [0.9999094605445862, 0.010607064701616764, 0.008280448615550995, -1.59332275390625], [0.0, 0.0, 0.0, 1.0]], [[-0.8438038229942322, -0.5362051129341125, -0.02189018577337265, 0.9984130859375], [0.015972884371876717, 0.01567818410694599, -0.999749481678009, 1.49481201171875], [0.5364140272140503, -0.8439421057701111, -0.004664571490138769, -1.218994140625], [0.0, 0.0, 0.0, 1.0]], [[0.947880744934082, 0.3186241388320923, 0.0008489572210237384, -1.13897705078125], [-0.00946288276463747, 0.030814358964562416, -0.9994803667068481, 1.5619888305664062], [-0.3184847831726074, 0.9473801255226135, 0.03222344443202019, -0.15771484375], [0.0, 0.0, 0.0, 1.0]], [[0.00911144632846117, 0.9996896386146545, 0.023186784237623215, -0.0283203125], [-0.007295592688024044, 0.023253586143255234, -0.9997029900550842, 1.5677413940429688], [-0.9999318718910217, 0.00893948320299387, 0.007505202200263739, 0.0010223388671875], [0.0, 0.0, 0.0, 1.0]], [[-0.9238246083259583, 0.38280346989631653, 0.0030904370360076427, 1.0869140625], [-0.003110692836344242, 0.0005660521565005183, -0.9999949932098389, 1.5475618839263916], [-0.382803350687027, -0.9238296151161194, 0.0006678512436337769, -0.0740966796875], [0.0, 0.0, 0.0, 1.0]]], "view": [[0.0, -2.0, 100.0], [-2.0, 0.0, 100.0], [0.0, 0.0, 1.0]], "bev": "bev_42752758fe0a460e8eb8ec6e16de0ba3.png", "aux": "aux_42752758fe0a460e8eb8ec6e16de0ba3.npz", "visibility": "visibility_42752758fe0a460e8eb8ec6e16de0ba3.png", "pose": [[0.8607693314552307, 0.5089952349662781, 0.0, 1119.3353271484375], [-0.5089952349662781, 0.8607693314552307, 0.0, 1586.5115966796875], [0.0, 0.0, 1.0, 0.0], [0.0, 0.0, 0.0, 1.0]], "pose_inverse": [[0.8607693314552307, -0.5089952349662781, 0.0, -155.96270751953125], [0.5089952349662781, 0.8607693314552307, 0.0, -1935.35693359375], [0.0, 0.0, 1.0, 0.0], [0.0, 0.0, 0.0, 1.0]], "cam_ids": [0, 1, 2, 3, 4, 5], "cam_channels": ["CAM_FRONT_LEFT", "CAM_FRONT", "CAM_FRONT_RIGHT", "CAM_BACK_LEFT", "CAM_BACK", "CAM_BACK_RIGHT"], "token": "42752758fe0a460e8eb8ec6e16de0ba3", "scene": "scene-0904"}, {"images": ["samples/CAM_FRONT_LEFT/n008-2018-09-18-15-12-01-0400__CAM_FRONT_LEFT__1537297947654799.jpg", "samples/CAM_FRONT/n008-2018-09-18-15-12-01-0400__CAM_FRONT__1537297947662404.jpg", "samples/CAM_FRONT_RIGHT/n008-2018-09-18-15-12-01-0400__CAM_FRONT_RIGHT__1537297947670482.jpg", "samples/CAM_BACK_LEFT/n008-2018-09-18-15-12-01-0400__CAM_BACK_LEFT__1537297947697405.jpg", "samples/CAM_BACK/n008-2018-09-18-15-12-01-0400__CAM_BACK__1537297947687558.jpg", "samples/CAM_BACK_RIGHT/n008-2018-09-18-15-12-01-0400__CAM_BACK_RIGHT__1537297947678113.jpg"], "intrinsics": [[[1257.8625342125129, 0.0, 827.2410631095686], [0.0, 1257.8625342125129, 450.915498205774], [0.0, 0.0, 1.0]], [[1252.8131021185304, 0.0, 826.588114781398], [0.0, 1252.8131021185304, 469.9846626224581], [0.0, 0.0, 1.0]], [[1256.7485116440405, 0.0, 817.7887570959712], [0.0, 1256.7485116440403, 451.9541780095127], [0.0, 0.0, 1.0]], [[1254.9860565800168, 0.0, 829.5769333630991], [0.0, 1254.9860565800168, 467.1680561863987], [0.0, 0.0, 1.0]], [[796.8910634503094, 0.0, 857.7774326863696], [0.0, 796.8910634503094, 476.8848988407415], [0.0, 0.0, 1.0]], [[1249.9629280788233, 0.0, 825.3768045375984], [0.0, 1249.9629280788233, 462.54816385708756], [0.0, 0.0, 1.0]]], "extrinsics": [[[0.82310950756073, -0.5677758455276489, -0.011015212163329124, -0.84283447265625], [0.004872481804341078, 0.026457292959094048, -0.9996380805969238, 1.4892234802246094], [0.567861795425415, 0.8227579593658447, 0.024543726816773415, -1.22265625], [0.0, 0.0, 0.0, 1.0]], [[0.010981317609548569, -0.9996936321258545, -0.02218404784798622, 0.0081787109375], [0.006858631502836943, 0.022260166704654694, -0.9997287392616272, 1.4812660217285156], [0.999916136264801, 0.010826132260262966, 0.0071009742096066475, -1.57122802734375], [0.0, 0.0, 0.0, 1.0]], [[-0.8437564373016357, -0.5363600850105286, -0.01982584036886692, 0.982421875], [0.014923417009413242, 0.013479943387210369, -0.9997977614402771, 1.4949798583984375], [0.5365188121795654, -0.8438816666603088, -0.0033694652374833822, -1.2078857421875], [0.0, 0.0, 0.0, 1.0]], [[0.9478701949119568, 0.31865590810775757, -0.0007794109988026321, -1.13623046875], [-0.010359968058764935, 0.028371823951601982, -0.9995437264442444, 1.5619544982910156], [-0.3184884190559387, 0.9474457502365112, 0.030194072052836418, -0.15869140625], [0.0, 0.0, 0.0, 1.0]], [[0.009066494181752205, 0.9997413754463196, 0.020856354385614395, -0.028564453125], [-0.008275879546999931, 0.02093151956796646, -0.9997466206550598, 1.5676231384277344], [-0.9999246597290039, 0.008891572244465351, 0.008463514037430286, -0.00792694091796875], [0.0, 0.0, 0.0, 1.0]], [[-0.9238598346710205, 0.3827179968357086, 0.003131674136966467, 1.0731201171875], [-0.004084535874426365, -0.0016772022936493158, -0.9999902844429016, 1.5474286079406738], [-0.3827090561389923, -0.9238637089729309, 0.003112726379185915, -0.079345703125], [0.0, 0.0, 0.0, 1.0]]], "view": [[0.0, -2.0, 100.0], [-2.0, 0.0, 100.0], [0.0, 0.0, 1.0]], "bev": "bev_7d54d3ab1b4a420787ab3fced377d904.png", "aux": "aux_7d54d3ab1b4a420787ab3fced377d904.npz", "visibility": "visibility_7d54d3ab1b4a420787ab3fced377d904.png", "pose": [[0.8553866147994995, 0.5179901123046875, 0.0, 1121.208740234375], [-0.5179901123046875, 0.8553866147994995, 0.0, 1585.376220703125], [0.0, 0.0, 1.0, 0.0], [0.0, 0.0, 0.0, 1.0]], "pose_inverse": [[0.8553866147994995, -0.5179901123046875, 0.0, -137.8577423095703], [0.5179901123046875, 0.8553866147994995, 0.0, -1936.8846435546875], [0.0, 0.0, 1.0, 0.0], [0.0, 0.0, 0.0, 1.0]], "cam_ids": [0, 1, 2, 3, 4, 5], "cam_channels": ["CAM_FRONT_LEFT", "CAM_FRONT", "CAM_FRONT_RIGHT", "CAM_BACK_LEFT", "CAM_BACK", "CAM_BACK_RIGHT"], "token": "7d54d3ab1b4a420787ab3fced377d904", "scene": "scene-0904"}, {"images": ["samples/CAM_FRONT_LEFT/n008-2018-09-18-15-12-01-0400__CAM_FRONT_LEFT__1537297948154799.jpg", "samples/CAM_FRONT/n008-2018-09-18-15-12-01-0400__CAM_FRONT__1537297948162404.jpg", "samples/CAM_FRONT_RIGHT/n008-2018-09-18-15-12-01-0400__CAM_FRONT_RIGHT__1537297948170482.jpg", "samples/CAM_BACK_LEFT/n008-2018-09-18-15-12-01-0400__CAM_BACK_LEFT__1537297948197405.jpg", "samples/CAM_BACK/n008-2018-09-18-15-12-01-0400__CAM_BACK__1537297948187558.jpg", "samples/CAM_BACK_RIGHT/n008-2018-09-18-15-12-01-0400__CAM_BACK_RIGHT__1537297948178113.jpg"], "intrinsics": [[[1257.8625342125129, 0.0, 827.2410631095686], [0.0, 1257.8625342125129, 450.915498205774], [0.0, 0.0, 1.0]], [[1252.8131021185304, 0.0, 826.588114781398], [0.0, 1252.8131021185304, 469.9846626224581], [0.0, 0.0, 1.0]], [[1256.7485116440405, 0.0, 817.7887570959712], [0.0, 1256.7485116440403, 451.9541780095127], [0.0, 0.0, 1.0]], [[1254.9860565800168, 0.0, 829.5769333630991], [0.0, 1254.9860565800168, 467.1680561863987], [0.0, 0.0, 1.0]], [[796.8910634503094, 0.0, 857.7774326863696], [0.0, 796.8910634503094, 476.8848988407415], [0.0, 0.0, 1.0]], [[1249.9629280788233, 0.0, 825.3768045375984], [0.0, 1249.9629280788233, 462.54816385708756], [0.0, 0.0, 1.0]]], "extrinsics": [[[0.8230555653572083, -0.5678849220275879, -0.009295111522078514, -0.83331298828125], [0.005637804977595806, 0.0245338287204504, -0.9996830821037292, 1.4894485473632812], [0.5679330229759216, 0.822742223739624, 0.023394327610731125, -1.2158203125], [0.0, 0.0, 0.0, 1.0]], [[0.010980651713907719, -0.9997337460517883, -0.020291768014431, 0.0076904296875], [0.007564426865428686, 0.020375460386276245, -0.9997638463973999, 1.4814682006835938], [0.9999110102653503, 0.01082457136362791, 0.007786148693412542, -1.561431884765625], [0.0, 0.0, 0.0, 1.0]], [[-0.843698263168335, -0.5364672541618347, -0.019390661269426346, 0.975830078125], [0.015605905093252659, 0.011594965122640133, -0.9998109936714172, 1.4951934814453125], [0.5365906953811646, -0.8438414335250854, -0.001410595141351223, -1.20458984375], [0.0, 0.0, 0.0, 1.0]], [[0.9478669166564941, 0.3186655342578888, -0.0008146399050019681, -1.13397216796875], [-0.009676271118223667, 0.026226546615362167, -0.9996091723442078, 1.5619430541992188], [-0.31851962208747864, 0.9475042819976807, 0.027942771092057228, -0.159423828125], [0.0, 0.0, 0.0, 1.0]], [[0.00900549441576004, 0.9997817873954773, 0.018847014755010605, -0.0284423828125], [-0.007529315073043108, 0.01891504041850567, -0.9997926950454712, 1.5676383972167969], [-0.9999311566352844, 0.008861761540174484, 0.007698012515902519, -0.0120697021484375], [0.0, 0.0, 0.0, 1.0]], [[-0.9238898754119873, 0.3826545178890228, 0.0017381389625370502, 1.06768798828125], [-0.003375411732122302, -0.003607408842071891, -0.999987781047821, 1.547473430633545], [-0.38264355063438416, -0.923884391784668, 0.004624465014785528, -0.082275390625], [0.0, 0.0, 0.0, 1.0]]], "view": [[0.0, -2.0, 100.0], [-2.0, 0.0, 100.0], [0.0, 0.0, 1.0]], "bev": "bev_ad17bfcf9cd24c1d87bb107b2945bd26.png", "aux": "aux_ad17bfcf9cd24c1d87bb107b2945bd26.npz", "visibility": "visibility_ad17bfcf9cd24c1d87bb107b2945bd26.png", "pose": [[0.850209653377533, 0.5264441967010498, 0.0, 1123.158203125], [-0.5264441967010498, 0.850209653377533, 0.0, 1584.1688232421875], [0.0, 0.0, 1.0, 0.0], [0.0, 0.0, 0.0, 1.0]], "pose_inverse": [[0.850209653377533, -0.5264441967010498, 0.0, -120.94343566894531], [0.5264441967010498, 0.850209653377533, 0.0, -1938.15576171875], [0.0, 0.0, 1.0, 0.0], [0.0, 0.0, 0.0, 1.0]], "cam_ids": [0, 1, 2, 3, 4, 5], "cam_channels": ["CAM_FRONT_LEFT", "CAM_FRONT", "CAM_FRONT_RIGHT", "CAM_BACK_LEFT", "CAM_BACK", "CAM_BACK_RIGHT"], "token": "ad17bfcf9cd24c1d87bb107b2945bd26", "scene": "scene-0904"}, {"images": ["samples/CAM_FRONT_LEFT/n008-2018-09-18-15-12-01-0400__CAM_FRONT_LEFT__1537297948654799.jpg", "samples/CAM_FRONT/n008-2018-09-18-15-12-01-0400__CAM_FRONT__1537297948662404.jpg", "samples/CAM_FRONT_RIGHT/n008-2018-09-18-15-12-01-0400__CAM_FRONT_RIGHT__1537297948670482.jpg", "samples/CAM_BACK_LEFT/n008-2018-09-18-15-12-01-0400__CAM_BACK_LEFT__1537297948697405.jpg", "samples/CAM_BACK/n008-2018-09-18-15-12-01-0400__CAM_BACK__1537297948687558.jpg", "samples/CAM_BACK_RIGHT/n008-2018-09-18-15-12-01-0400__CAM_BACK_RIGHT__1537297948678113.jpg"], "intrinsics": [[[1257.8625342125129, 0.0, 827.2410631095686], [0.0, 1257.8625342125129, 450.915498205774], [0.0, 0.0, 1.0]], [[1252.8131021185304, 0.0, 826.588114781398], [0.0, 1252.8131021185304, 469.9846626224581], [0.0, 0.0, 1.0]], [[1256.7485116440405, 0.0, 817.7887570959712], [0.0, 1256.7485116440403, 451.9541780095127], [0.0, 0.0, 1.0]], [[1254.9860565800168, 0.0, 829.5769333630991], [0.0, 1254.9860565800168, 467.1680561863987], [0.0, 0.0, 1.0]], [[796.8910634503094, 0.0, 857.7774326863696], [0.0, 796.8910634503094, 476.8848988407415], [0.0, 0.0, 1.0]], [[1249.9629280788233, 0.0, 825.3768045375984], [0.0, 1249.9629280788233, 462.54816385708756], [0.0, 0.0, 1.0]]], "extrinsics": [[[0.8226450085639954, -0.5684695839881897, -0.009877834469079971, -0.814453125], [0.003110485849902034, 0.02187320403754711, -0.9997559189796448, 1.4890327453613281], [0.5685468316078186, 0.822413444519043, 0.019762098789215088, -1.2008056640625], [0.0, 0.0, 0.0, 1.0]], [[0.010310926474630833, -0.9997894167900085, -0.017743494361639023, 0.0064697265625], [0.00503938365727663, 0.017796168103814125, -0.9998289942741394, 1.4811553955078125], [0.9999341368675232, 0.010219789110124111, 0.005221817176789045, -1.5410614013671875], [0.0, 0.0, 0.0, 1.0]], [[-0.8440443277359009, -0.5360382795333862, -0.015877055004239082, 0.9615478515625], [0.01302451640367508, 0.009107149206101894, -0.999873697757721, 1.495065689086914], [0.5361151695251465, -0.8441445827484131, -0.0007051984430290759, -1.1968994140625], [0.0, 0.0, 0.0, 1.0]], [[0.9478660821914673, 0.31864121556282043, -0.004207094665616751, -1.13018798828125], [-0.012562073767185211, 0.024170223623514175, -0.9996289610862732, 1.5618629455566406], [-0.318421334028244, 0.9475671648979187, 0.026912931352853775, -0.1605224609375], [0.0, 0.0, 0.0, 1.0]], [[0.009285139851272106, 0.9998189806938171, 0.016608169302344322, -0.0277099609375], [-0.01049875095486641, 0.01670544221997261, -0.9998053312301636, 1.5673885345458984], [-0.9999018311500549, 0.009109011851251125, 0.010651962831616402, -0.0204010009765625], [0.0, 0.0, 0.0, 1.0]], [[-0.9237215518951416, 0.383049875497818, 0.0033529913052916527, 1.05657958984375], [-0.006109298672527075, -0.005979436449706554, -0.9999634623527527, 1.5471162796020508], [-0.3830157518386841, -0.9237083196640015, 0.007863500155508518, -0.0877685546875], [0.0, 0.0, 0.0, 1.0]]], "view": [[0.0, -2.0, 100.0], [-2.0, 0.0, 100.0], [0.0, 0.0, 1.0]], "bev": "bev_66eab23282364da4b6c76adf676f1099.png", "aux": "aux_66eab23282364da4b6c76adf676f1099.npz", "visibility": "visibility_66eab23282364da4b6c76adf676f1099.png", "pose": [[0.8473272323608398, 0.531071126461029, 0.0, 1125.2261962890625], [-0.531071126461029, 0.8473272323608398, 0.0, 1582.8902587890625], [0.0, 0.0, 1.0, 0.0], [0.0, 0.0, 0.0, 1.0]], "pose_inverse": [[0.8473272323608398, -0.531071126461029, 0.0, -112.80752563476562], [0.531071126461029, 0.8473272323608398, 0.0, -1938.8011474609375], [0.0, 0.0, 1.0, 0.0], [0.0, 0.0, 0.0, 1.0]], "cam_ids": [0, 1, 2, 3, 4, 5], "cam_channels": ["CAM_FRONT_LEFT", "CAM_FRONT", "CAM_FRONT_RIGHT", "CAM_BACK_LEFT", "CAM_BACK", "CAM_BACK_RIGHT"], "token": "66eab23282364da4b6c76adf676f1099", "scene": "scene-0904"}, {"images": ["samples/CAM_FRONT_LEFT/n008-2018-09-18-15-12-01-0400__CAM_FRONT_LEFT__1537297949154799.jpg", "samples/CAM_FRONT/n008-2018-09-18-15-12-01-0400__CAM_FRONT__1537297949162404.jpg", "samples/CAM_FRONT_RIGHT/n008-2018-09-18-15-12-01-0400__CAM_FRONT_RIGHT__1537297949170482.jpg", "samples/CAM_BACK_LEFT/n008-2018-09-18-15-12-01-0400__CAM_BACK_LEFT__1537297949197405.jpg", "samples/CAM_BACK/n008-2018-09-18-15-12-01-0400__CAM_BACK__1537297949187558.jpg", "samples/CAM_BACK_RIGHT/n008-2018-09-18-15-12-01-0400__CAM_BACK_RIGHT__1537297949178113.jpg"], "intrinsics": [[[1257.8625342125129, 0.0, 827.2410631095686], [0.0, 1257.8625342125129, 450.915498205774], [0.0, 0.0, 1.0]], [[1252.8131021185304, 0.0, 826.588114781398], [0.0, 1252.8131021185304, 469.9846626224581], [0.0, 0.0, 1.0]], [[1256.7485116440405, 0.0, 817.7887570959712], [0.0, 1256.7485116440403, 451.9541780095127], [0.0, 0.0, 1.0]], [[1254.9860565800168, 0.0, 829.5769333630991], [0.0, 1254.9860565800168, 467.1680561863987], [0.0, 0.0, 1.0]], [[796.8910634503094, 0.0, 857.7774326863696], [0.0, 796.8910634503094, 476.8848988407415], [0.0, 0.0, 1.0]], [[1249.9629280788233, 0.0, 825.3768045375984], [0.0, 1249.9629280788233, 462.54816385708756], [0.0, 0.0, 1.0]]], "extrinsics": [[[0.8229920864105225, -0.5679325461387634, -0.011692567728459835, -0.8179931640625], [-0.0012568519450724125, 0.01876300945878029, -0.9998232126235962, 1.4880027770996094], [0.5680513978004456, 0.8228613138198853, 0.0147280003875494, -1.2049560546875], [0.0, 0.0, 0.0, 1.0]], [[0.010988433845341206, -0.9998294115066528, -0.014843301847577095, 0.008056640625], [0.00041656926623545587, 0.014848774299025536, -0.9998896718025208, 1.4802360534667969], [0.999939501285553, 0.010981108993291855, 0.0005796628538519144, -1.546234130859375], [0.0, 0.0, 0.0, 1.0]], [[-0.8436709046363831, -0.5367622375488281, -0.010278887115418911, 0.966552734375], [0.008120591752231121, 0.006385008804500103, -0.9999465942382812, 1.4942646026611328], [0.5367991924285889, -0.8437093496322632, -0.0010280207497999072, -1.197998046875], [0.0, 0.0, 0.0, 1.0]], [[0.9477882981300354, 0.31873494386672974, -0.010256960056722164, -1.13165283203125], [-0.018330860882997513, 0.022341761738061905, -0.9995822906494141, 1.5618019104003906], [-0.3183727264404297, 0.9475805163383484, 0.027017949149012566, -0.16015625], [0.0, 0.0, 0.0, 1.0]], [[0.008975584991276264, 0.9998565316200256, 0.014366235584020615, -0.0283203125], [-0.015793846920132637, 0.01450677216053009, -0.9997700452804565, 1.5670795440673828], [-0.9998350143432617, 0.008746584877371788, 0.015921788290143013, -0.017852783203125], [0.0, 0.0, 0.0, 1.0]], [[-0.9239453077316284, 0.38245752453804016, 0.007145357318222523, 1.0596923828125], [-0.011241549625992775, -0.00847657397389412, -0.9999008774757385, 1.546590805053711], [-0.3823590576648712, -0.9239341616630554, 0.012131307274103165, -0.0850830078125], [0.0, 0.0, 0.0, 1.0]]], "view": [[0.0, -2.0, 100.0], [-2.0, 0.0, 100.0], [0.0, 0.0, 1.0]], "bev": "bev_a62913cc73e94f5ca721f41fda89d3ad.png", "aux": "aux_a62913cc73e94f5ca721f41fda89d3ad.npz", "visibility": "visibility_a62913cc73e94f5ca721f41fda89d3ad.png", "pose": [[0.8455657958984375, 0.5338711738586426, 0.0, 1127.4010009765625], [-0.5338711738586426, 0.8455657958984375, 0.0, 1581.5189208984375], [0.0, 0.0, 1.0, 0.0], [0.0, 0.0, 0.0, 1.0]], "pose_inverse": [[0.8455657958984375, -0.5338711738586426, 0.0, -108.96436309814453], [0.5338711738586426, 0.8455657958984375, 0.0, -1939.165283203125], [0.0, 0.0, 1.0, 0.0], [0.0, 0.0, 0.0, 1.0]], "cam_ids": [0, 1, 2, 3, 4, 5], "cam_channels": ["CAM_FRONT_LEFT", "CAM_FRONT", "CAM_FRONT_RIGHT", "CAM_BACK_LEFT", "CAM_BACK", "CAM_BACK_RIGHT"], "token": "a62913cc73e94f5ca721f41fda89d3ad", "scene": "scene-0904"}, {"images": ["samples/CAM_FRONT_LEFT/n008-2018-09-18-15-12-01-0400__CAM_FRONT_LEFT__1537297949654799.jpg", "samples/CAM_FRONT/n008-2018-09-18-15-12-01-0400__CAM_FRONT__1537297949662404.jpg", "samples/CAM_FRONT_RIGHT/n008-2018-09-18-15-12-01-0400__CAM_FRONT_RIGHT__1537297949670482.jpg", "samples/CAM_BACK_LEFT/n008-2018-09-18-15-12-01-0400__CAM_BACK_LEFT__1537297949697405.jpg", "samples/CAM_BACK/n008-2018-09-18-15-12-01-0400__CAM_BACK__1537297949687558.jpg", "samples/CAM_BACK_RIGHT/n008-2018-09-18-15-12-01-0400__CAM_BACK_RIGHT__1537297949678113.jpg"], "intrinsics": [[[1257.8625342125129, 0.0, 827.2410631095686], [0.0, 1257.8625342125129, 450.915498205774], [0.0, 0.0, 1.0]], [[1252.8131021185304, 0.0, 826.588114781398], [0.0, 1252.8131021185304, 469.9846626224581], [0.0, 0.0, 1.0]], [[1256.7485116440405, 0.0, 817.7887570959712], [0.0, 1256.7485116440403, 451.9541780095127], [0.0, 0.0, 1.0]], [[1254.9860565800168, 0.0, 829.5769333630991], [0.0, 1254.9860565800168, 467.1680561863987], [0.0, 0.0, 1.0]], [[796.8910634503094, 0.0, 857.7774326863696], [0.0, 796.8910634503094, 476.8848988407415], [0.0, 0.0, 1.0]], [[1249.9629280788233, 0.0, 825.3768045375984], [0.0, 1249.9629280788233, 462.54816385708756], [0.0, 0.0, 1.0]]], "extrinsics": [[[0.821943461894989, -0.5692510604858398, -0.019032178446650505, -0.80596923828125], [-0.005435768514871597, 0.02557356096804142, -0.9996581673622131, 1.4869194030761719], [0.5695432424545288, 0.8217658996582031, 0.017925703898072243, -1.19873046875], [0.0, 0.0, 0.0, 1.0]], [[0.009373079054057598, -0.9997237324714661, -0.021555403247475624, 0.00927734375], [-0.003183945082128048, 0.021526401862502098, -0.9997631907463074, 1.4794769287109375], [0.9999509453773499, 0.009439543820917606, -0.0029812974389642477, -1.5336456298828125], [0.0, 0.0, 0.0, 1.0]], [[-0.8444314002990723, -0.535545289516449, -0.01126307062804699, 0.9569091796875], [0.0051312996074557304, 0.012938117608428001, -0.99990314245224, 1.4938697814941406], [0.5356391072273254, -0.8444073796272278, -0.008177310228347778, -1.191162109375], [0.0, 0.0, 0.0, 1.0]], [[0.9478355050086975, 0.3186280429363251, -0.009164011105895042, -1.1307373046875], [-0.019329778850078583, 0.02875748835504055, -0.9993995428085327, 1.561767578125], [-0.31817319989204407, 0.9474434852600098, 0.03341637924313545, -0.16064453125], [0.0, 0.0, 0.0, 1.0]], [[0.00960881169885397, 0.9997380375862122, 0.020775791257619858, -0.0286865234375], [-0.017530053853988647, 0.020941970869898796, -0.9996269941329956, 1.5668716430664062], [-0.9998002648353577, 0.009241040796041489, 0.017726687714457512, -0.0227508544921875], [0.0, 0.0, 0.0, 1.0]], [[-0.9235247373580933, 0.3833554983139038, 0.011862455867230892, 1.05096435546875], [-0.013664641417562962, -0.0019780846778303385, -0.9999046325683594, 1.5461969375610352], [-0.383295476436615, -0.9235987663269043, 0.007065224926918745, -0.088134765625], [0.0, 0.0, 0.0, 1.0]]], "view": [[0.0, -2.0, 100.0], [-2.0, 0.0, 100.0], [0.0, 0.0, 1.0]], "bev": "bev_2ece22b537074437a892586ccb82a55f.png", "aux": "aux_2ece22b537074437a892586ccb82a55f.npz", "visibility": "visibility_2ece22b537074437a892586ccb82a55f.png", "pose": [[0.8467329144477844, 0.5320181846618652, 0.0, 1129.5823974609375], [-0.5320181846618652, 0.8467329144477844, 0.0, 1580.1226806640625], [0.0, 0.0, 1.0, 0.0], [0.0, 0.0, 0.0, 1.0]], "pose_inverse": [[0.8467329144477844, -0.5320181846618652, 0.0, -115.80054473876953], [0.5320181846618652, 0.8467329144477844, 0.0, -1938.9002685546875], [0.0, 0.0, 1.0, 0.0], [0.0, 0.0, 0.0, 1.0]], "cam_ids": [0, 1, 2, 3, 4, 5], "cam_channels": ["CAM_FRONT_LEFT", "CAM_FRONT", "CAM_FRONT_RIGHT", "CAM_BACK_LEFT", "CAM_BACK", "CAM_BACK_RIGHT"], "token": "2ece22b537074437a892586ccb82a55f", "scene": "scene-0904"}, {"images": ["samples/CAM_FRONT_LEFT/n008-2018-09-18-15-12-01-0400__CAM_FRONT_LEFT__1537297950154799.jpg", "samples/CAM_FRONT/n008-2018-09-18-15-12-01-0400__CAM_FRONT__1537297950162404.jpg", "samples/CAM_FRONT_RIGHT/n008-2018-09-18-15-12-01-0400__CAM_FRONT_RIGHT__1537297950170575.jpg", "samples/CAM_BACK_LEFT/n008-2018-09-18-15-12-01-0400__CAM_BACK_LEFT__1537297950197405.jpg", "samples/CAM_BACK/n008-2018-09-18-15-12-01-0400__CAM_BACK__1537297950187573.jpg", "samples/CAM_BACK_RIGHT/n008-2018-09-18-15-12-01-0400__CAM_BACK_RIGHT__1537297950178113.jpg"], "intrinsics": [[[1257.8625342125129, 0.0, 827.2410631095686], [0.0, 1257.8625342125129, 450.915498205774], [0.0, 0.0, 1.0]], [[1252.8131021185304, 0.0, 826.588114781398], [0.0, 1252.8131021185304, 469.9846626224581], [0.0, 0.0, 1.0]], [[1256.7485116440405, 0.0, 817.7887570959712], [0.0, 1256.7485116440403, 451.9541780095127], [0.0, 0.0, 1.0]], [[1254.9860565800168, 0.0, 829.5769333630991], [0.0, 1254.9860565800168, 467.1680561863987], [0.0, 0.0, 1.0]], [[796.8910634503094, 0.0, 857.7774326863696], [0.0, 796.8910634503094, 476.8848988407415], [0.0, 0.0, 1.0]], [[1249.9629280788233, 0.0, 825.3768045375984], [0.0, 1249.9629280788233, 462.54816385708756], [0.0, 0.0, 1.0]]], "extrinsics": [[[0.8226425647735596, -0.5683833360671997, -0.014128320850431919, -0.80279541015625], [0.004237335175275803, 0.030977727845311165, -0.9995110630989075, 1.4892692565917969], [0.5685430765151978, 0.822180449962616, 0.02789202891290188, -1.1959228515625], [0.0, 0.0, 0.0, 1.0]], [[0.010399231687188148, -0.9995856285095215, -0.02684035338461399, 0.009033203125], [0.00618725037202239, 0.026905614882707596, -0.9996188282966614, 1.4813804626464844], [0.9999268054962158, 0.010229243896901608, 0.006464484613388777, -1.5308074951171875], [0.0, 0.0, 0.0, 1.0]], [[-0.8439374566078186, -0.5360010266304016, -0.021737387403845787, 0.9561767578125], [0.014181273989379406, 0.018215421587228775, -0.9997335076332092, 1.4953155517578125], [0.5362541675567627, -0.8440207839012146, -0.007771498057991266, -1.1904296875], [0.0, 0.0, 0.0, 1.0]], [[0.9478817582130432, 0.3186221718788147, -0.0002631331735756248, -1.12921142578125], [-0.011378935538232327, 0.03302630037069321, -0.9993897080421448, 1.561859130859375], [-0.31841906905174255, 0.9473062753677368, 0.03493060916662216, -0.1611328125], [0.0, 0.0, 0.0, 1.0]], [[0.009209869429469109, 0.9996294379234314, 0.02561667002737522, -0.02880859375], [-0.009164135903120041, 0.02570105716586113, -0.9996276497840881, 1.5674171447753906], [-0.9999156594276428, 0.008971662260591984, 0.009397442452609539, -0.0242462158203125], [0.0, 0.0, 0.0, 1.0]], [[-0.923774778842926, 0.38289326429367065, 0.005730376113206148, 1.04986572265625], [-0.004917147569358349, 0.0031025398056954145, -0.9999830722808838, 1.5472197532653809], [-0.382904589176178, -0.9237872958183289, -0.0009833056246861815, -0.08837890625], [0.0, 0.0, 0.0, 1.0]]], "view": [[0.0, -2.0, 100.0], [-2.0, 0.0, 100.0], [0.0, 0.0, 1.0]], "bev": "bev_3d83906b6b874b58a26223d23dad4d86.png", "aux": "aux_3d83906b6b874b58a26223d23dad4d86.npz", "visibility": "visibility_3d83906b6b874b58a26223d23dad4d86.png", "pose": [[0.846714198589325, 0.5320479869842529, 0.0, 1131.866455078125], [-0.5320479869842529, 0.846714198589325, 0.0, 1578.660400390625], [0.0, 0.0, 1.0, 0.0], [0.0, 0.0, 0.0, 1.0]], "pose_inverse": [[0.846714198589325, -0.5320479869842529, 0.0, -118.44435119628906], [0.5320479869842529, 0.846714198589325, 0.0, -1938.8814697265625], [0.0, 0.0, 1.0, 0.0], [0.0, 0.0, 0.0, 1.0]], "cam_ids": [0, 1, 2, 3, 4, 5], "cam_channels": ["CAM_FRONT_LEFT", "CAM_FRONT", "CAM_FRONT_RIGHT", "CAM_BACK_LEFT", "CAM_BACK", "CAM_BACK_RIGHT"], "token": "3d83906b6b874b58a26223d23dad4d86", "scene": "scene-0904"}, {"images": ["samples/CAM_FRONT_LEFT/n008-2018-09-18-15-12-01-0400__CAM_FRONT_LEFT__1537297950654799.jpg", "samples/CAM_FRONT/n008-2018-09-18-15-12-01-0400__CAM_FRONT__1537297950662404.jpg", "samples/CAM_FRONT_RIGHT/n008-2018-09-18-15-12-01-0400__CAM_FRONT_RIGHT__1537297950670482.jpg", "samples/CAM_BACK_LEFT/n008-2018-09-18-15-12-01-0400__CAM_BACK_LEFT__1537297950697405.jpg", "samples/CAM_BACK/n008-2018-09-18-15-12-01-0400__CAM_BACK__1537297950687558.jpg", "samples/CAM_BACK_RIGHT/n008-2018-09-18-15-12-01-0400__CAM_BACK_RIGHT__1537297950678113.jpg"], "intrinsics": [[[1257.8625342125129, 0.0, 827.2410631095686], [0.0, 1257.8625342125129, 450.915498205774], [0.0, 0.0, 1.0]], [[1252.8131021185304, 0.0, 826.588114781398], [0.0, 1252.8131021185304, 469.9846626224581], [0.0, 0.0, 1.0]], [[1256.7485116440405, 0.0, 817.7887570959712], [0.0, 1256.7485116440403, 451.9541780095127], [0.0, 0.0, 1.0]], [[1254.9860565800168, 0.0, 829.5769333630991], [0.0, 1254.9860565800168, 467.1680561863987], [0.0, 0.0, 1.0]], [[796.8910634503094, 0.0, 857.7774326863696], [0.0, 796.8910634503094, 476.8848988407415], [0.0, 0.0, 1.0]], [[1249.9629280788233, 0.0, 825.3768045375984], [0.0, 1249.9629280788233, 462.54816385708756], [0.0, 0.0, 1.0]]], "extrinsics": [[[0.8230121731758118, -0.5677536129951477, -0.017520301043987274, -0.79986572265625], [0.0038451584987342358, 0.03641221299767494, -0.9993294477462769, 1.4891204833984375], [0.5680109262466431, 0.8223928809165955, 0.03215079382061958, -1.196044921875], [0.0, 0.0, 0.0, 1.0]], [[0.010948000475764275, -0.9994223713874817, -0.032173313200473785, 0.01025390625], [0.006070864852517843, 0.032241083681583405, -0.9994617104530334, 1.4813385009765625], [0.9999216794967651, 0.01074680034071207, 0.006420334335416555, -1.5277481079101562], [0.0, 0.0, 0.0, 1.0]], [[-0.8436991572380066, -0.5362476706504822, -0.024701159447431564, 0.952880859375], [0.014356493949890137, 0.02345791645348072, -0.9996216893196106, 1.4953880310058594], [0.5366243124008179, -0.8437346816062927, -0.012092787772417068, -1.1878662109375], [0.0, 0.0, 0.0, 1.0]], [[0.9478769302368164, 0.3186260461807251, 0.00263501750305295, -1.12701416015625], [-0.010061501525342464, 0.03819532319903374, -0.9992195963859558, 1.5618515014648438], [-0.3184781074523926, 0.947110652923584, 0.039410315454006195, -0.162109375], [0.0, 0.0, 0.0, 1.0]], [[0.009028283879160881, 0.9994862675666809, 0.030753755941987038, -0.0289306640625], [-0.008299357257783413, 0.030828848481178284, -0.9994901418685913, 1.