[{"images": ["samples/CAM_FRONT_LEFT/n008-2018-09-18-12-53-31-0400__CAM_FRONT_LEFT__1537289961504799.jpg", "samples/CAM_FRONT/n008-2018-09-18-12-53-31-0400__CAM_FRONT__1537289961512404.jpg", "samples/CAM_FRONT_RIGHT/n008-2018-09-18-12-53-31-0400__CAM_FRONT_RIGHT__1537289961520482.jpg", "samples/CAM_BACK_LEFT/n008-2018-09-18-12-53-31-0400__CAM_BACK_LEFT__1537289961547405.jpg", "samples/CAM_BACK/n008-2018-09-18-12-53-31-0400__CAM_BACK__1537289961537558.jpg", "samples/CAM_BACK_RIGHT/n008-2018-09-18-12-53-31-0400__CAM_BACK_RIGHT__1537289961528113.jpg"], "intrinsics": [[[1257.8625342125129, 0.0, 827.2410631095686], [0.0, 1257.8625342125129, 450.915498205774], [0.0, 0.0, 1.0]], [[1252.8131021185304, 0.0, 826.588114781398], [0.0, 1252.8131021185304, 469.9846626224581], [0.0, 0.0, 1.0]], [[1256.7485116440405, 0.0, 817.7887570959712], [0.0, 1256.7485116440403, 451.9541780095127], [0.0, 0.0, 1.0]], [[1254.9860565800168, 0.0, 829.5769333630991], [0.0, 1254.9860565800168, 467.1680561863987], [0.0, 0.0, 1.0]], [[796.8910634503094, 0.0, 857.7774326863696], [0.0, 796.8910634503094, 476.8848988407415], [0.0, 0.0, 1.0]], [[1249.9629280788233, 0.0, 825.3768045375984], [0.0, 1249.9629280788233, 462.54816385708756], [0.0, 0.0, 1.0]]], "extrinsics": [[[0.822535514831543, -0.5687137246131897, 0.0002607700298540294, -1.00531005859375], [0.02885059267282486, 0.041268907487392426, -0.9987314343452454, 1.48828125], [0.5679816007614136, 0.8214995861053467, 0.05035287141799927, -1.3336181640625], [0.0, 0.0, 0.0, 1.0]], [[0.010711471550166607, -0.999264121055603, -0.03683015704154968, 0.0054931640625], [0.0308236051350832, 0.037144728004932404, -0.9988344311714172, 1.4801483154296875], [0.9994674324989319, 0.009563797153532505, 0.03119879588484764, -1.735076904296875], [0.0, 0.0, 0.0, 1.0]], [[-0.8433189392089844, -0.5352609157562256, -0.04805167019367218, 1.0908203125], [0.03886209428310394, 0.028439916670322418, -0.9988397359848022, 1.4930610656738281], [0.5360064506530762, -0.8442078828811646, -0.0031825611367821693, -1.2777099609375], [0.0, 0.0, 0.0, 1.0]], [[0.9476428627967834, 0.31821030378341675, 0.02674221061170101, -1.14385986328125], [0.013546474277973175, 0.04360981285572052, -0.9989567995071411, 1.562042236328125], [-0.31904464960098267, 0.9470164775848389, 0.037015900015830994, -0.1561279296875], [0.0, 0.0, 0.0, 1.0]], [[0.008793964982032776, 0.9993045330047607, 0.03623656556010246, -0.0289306640625], [0.015643879771232605, 0.03609604388475418, -0.9992258548736572, 1.5680580139160156], [-0.9998389482498169, 0.00935408752411604, -0.01531557459384203, 0.04437255859375], [0.0, 0.0, 0.0, 1.0]], [[-0.9235251545906067, 0.3833112418651581, -0.013180466368794441, 1.16094970703125], [0.019826514646410942, 0.013392752967774868, -0.9997137188911438, 1.5478057861328125], [-0.3830249607563019, -0.9235221147537231, -0.019968273118138313, -0.0435791015625], [0.0, 0.0, 0.0, 1.0]]], "view": [[0.0, -2.0, 100.0], [-2.0, 0.0, 100.0], [0.0, 0.0, 1.0]], "bev": "bev_2d87657fc1bb4c89973142bfecd55848.png", "aux": "aux_2d87657fc1bb4c89973142bfecd55848.npz", "visibility": "visibility_2d87657fc1bb4c89973142bfecd55848.png", "pose": [[-0.8129953742027283, -0.5822701454162598, 0.0, 1185.1258544921875], [0.5822701454162598, -0.8129953742027283, 0.0, 1134.889892578125], [0.0, 0.0, 1.0, 0.0], [0.0, 0.0, 0.0, 1.0]], "pose_inverse": [[-0.8129953742027283, 0.5822701454162598, 0.0, 302.68939208984375], [-0.5822701454162598, -0.8129953742027283, 0.0, 1612.7236328125], [0.0, 0.0, 1.0, 0.0], [0.0, 0.0, 0.0, 1.0]], "cam_ids": [0, 1, 2, 3, 4, 5], "cam_channels": ["CAM_FRONT_LEFT", "CAM_FRONT", "CAM_FRONT_RIGHT", "CAM_BACK_LEFT", "CAM_BACK", "CAM_BACK_RIGHT"], "token": "2d87657fc1bb4c89973142bfecd55848", "scene": "scene-0467"}, {"images": ["samples/CAM_FRONT_LEFT/n008-2018-09-18-12-53-31-0400__CAM_FRONT_LEFT__1537289962004799.jpg", "samples/CAM_FRONT/n008-2018-09-18-12-53-31-0400__CAM_FRONT__1537289962012404.jpg", "samples/CAM_FRONT_RIGHT/n008-2018-09-18-12-53-31-0400__CAM_FRONT_RIGHT__1537289962020482.jpg", "samples/CAM_BACK_LEFT/n008-2018-09-18-12-53-31-0400__CAM_BACK_LEFT__1537289962047405.jpg", "samples/CAM_BACK/n008-2018-09-18-12-53-31-0400__CAM_BACK__1537289962037558.jpg", "samples/CAM_BACK_RIGHT/n008-2018-09-18-12-53-31-0400__CAM_BACK_RIGHT__1537289962028113.jpg"], "intrinsics": [[[1257.8625342125129, 0.0, 827.2410631095686], [0.0, 1257.8625342125129, 450.915498205774], [0.0, 0.0, 1.0]], [[1252.8131021185304, 0.0, 826.588114781398], [0.0, 1252.8131021185304, 469.9846626224581], [0.0, 0.0, 1.0]], [[1256.7485116440405, 0.0, 817.7887570959712], [0.0, 1256.7485116440403, 451.9541780095127], [0.0, 0.0, 1.0]], [[1254.9860565800168, 0.0, 829.5769333630991], [0.0, 1254.9860565800168, 467.1680561863987], [0.0, 0.0, 1.0]], [[796.8910634503094, 0.0, 857.7774326863696], [0.0, 796.8910634503094, 476.8848988407415], [0.0, 0.0, 1.0]], [[1249.9629280788233, 0.0, 825.3768045375984], [0.0, 1249.9629280788233, 462.54816385708756], [0.0, 0.0, 1.0]]], "extrinsics": [[[0.8225122690200806, -0.5687472820281982, 0.0004071866860613227, -1.00494384765625], [0.029061665758490562, 0.041313450783491135, -0.9987235069274902, 1.4882965087890625], [0.5680044293403625, 0.8214741945266724, 0.050509560853242874, -1.3333740234375], [0.0, 0.0, 0.0, 1.0]], [[0.01068820059299469, -0.9992627501487732, -0.03687475621700287, 0.0052490234375], [0.031042903661727905, 0.03719067573547363, -0.9988259077072144, 1.48016357421875], [0.9994608759880066, 0.009530958719551563, 0.031417518854141235, -1.734619140625], [0.0, 0.0, 0.0, 1.0]], [[-0.8433203101158142, -0.5352391600608826, -0.048269014805555344, 1.0904541015625], [0.039089497178792953, 0.02848736196756363, -0.9988295435905457, 1.4930686950683594], [0.5359877347946167, -0.8442200422286987, -0.0031017428264021873, -1.277587890625], [0.0, 0.0, 0.0, 1.0]], [[0.9476379156112671, 0.31820860505104065, 0.026941271498799324, -1.1439208984375], [0.013738294132053852, 0.043663520365953445, -0.9989518523216248, 1.562042236328125], [-0.31905144453048706, 0.9470146894454956, 0.03700555860996246, -0.1561279296875], [0.0, 0.0, 0.0, 1.0]], [[0.00879613496363163, 0.9993031024932861, 0.036277804523706436, -0.0289306640625], [0.015862450003623962, 0.03613520413637161, -0.9992209672927856, 1.5680580139160156], [-0.9998355507850647, 0.009364663623273373, -0.015533545054495335, 0.04443359375], [0.0, 0.0, 0.0, 1.0]], [[-0.9235154390335083, 0.383327841758728, -0.013374102301895618, 1.16070556640625], [0.02005136013031006, 0.01342853531241417, -0.9997087717056274, 1.5478076934814453], [-0.38303667306900024, -0.923514723777771, -0.020087704062461853, -0.0435791015625], [0.0, 0.0, 0.0, 1.0]]], "view": [[0.0, -2.0, 100.0], [-2.0, 0.0, 100.0], [0.0, 0.0, 1.0]], "bev": "bev_1db92766baeb42749829c0731f5f8e55.png", "aux": "aux_1db92766baeb42749829c0731f5f8e55.npz", "visibility": "visibility_1db92766baeb42749829c0731f5f8e55.png", "pose": [[-0.8129808306694031, -0.5822904706001282, 0.0, 1185.1279296875], [0.5822904706001282, -0.8129808306694031, 0.0, 1134.890380859375], [0.0, 0.0, 1.0, 0.0], [0.0, 0.0, 0.0, 1.0]], "pose_inverse": [[-0.8129808306694031, 0.5822904706001282, 0.0, 302.650390625], [-0.5822904706001282, -0.8129808306694031, 0.0, 1612.7327880859375], [0.0, 0.0, 1.0, 0.0], [0.0, 0.0, 0.0, 1.0]], "cam_ids": [0, 1, 2, 3, 4, 5], "cam_channels": ["CAM_FRONT_LEFT", "CAM_FRONT", "CAM_FRONT_RIGHT", "CAM_BACK_LEFT", "CAM_BACK", "CAM_BACK_RIGHT"], "token": "1db92766baeb42749829c0731f5f8e55", "scene": "scene-0467"}, {"images": ["samples/CAM_FRONT_LEFT/n008-2018-09-18-12-53-31-0400__CAM_FRONT_LEFT__1537289962504799.jpg", "samples/CAM_FRONT/n008-2018-09-18-12-53-31-0400__CAM_FRONT__1537289962512404.jpg", "samples/CAM_FRONT_RIGHT/n008-2018-09-18-12-53-31-0400__CAM_FRONT_RIGHT__1537289962520482.jpg", "samples/CAM_BACK_LEFT/n008-2018-09-18-12-53-31-0400__CAM_BACK_LEFT__1537289962547405.jpg", "samples/CAM_BACK/n008-2018-09-18-12-53-31-0400__CAM_BACK__1537289962537562.jpg", "samples/CAM_BACK_RIGHT/n008-2018-09-18-12-53-31-0400__CAM_BACK_RIGHT__1537289962528113.jpg"], "intrinsics": [[[1257.8625342125129, 0.0, 827.2410631095686], [0.0, 1257.8625342125129, 450.915498205774], [0.0, 0.0, 1.0]], [[1252.8131021185304, 0.0, 826.588114781398], [0.0, 1252.8131021185304, 469.9846626224581], [0.0, 0.0, 1.0]], [[1256.7485116440405, 0.0, 817.7887570959712], [0.0, 1256.7485116440403, 451.9541780095127], [0.0, 0.0, 1.0]], [[1254.9860565800168, 0.0, 829.5769333630991], [0.0, 1254.9860565800168, 467.1680561863987], [0.0, 0.0, 1.0]], [[796.8910634503094, 0.0, 857.7774326863696], [0.0, 796.8910634503094, 476.8848988407415], [0.0, 0.0, 1.0]], [[1249.9629280788233, 0.0, 825.3768045375984], [0.0, 1249.9629280788233, 462.54816385708756], [0.0, 0.0, 1.0]]], "extrinsics": [[[0.8225116729736328, -0.5687482357025146, 0.0004324443289078772, -1.0048828125], [0.029071567580103874, 0.04128331318497658, -0.9987244606018066, 1.4882888793945312], [0.5680049061775208, 0.821475088596344, 0.05049040913581848, -1.3336181640625], [0.0, 0.0, 0.0, 1.0]], [[0.010685556568205357, -0.9992631673812866, -0.03686283156275749, 0.005615234375], [0.031027473509311676, 0.03717852756381035, -0.9988268613815308, 1.4801559448242188], [0.9994614720344543, 0.009529267437756062, 0.03140188753604889, -1.7347412109375], [0.0, 0.0, 0.0, 1.0]], [[-0.8433235287666321, -0.5352370738983154, -0.0482366718351841, 1.0906982421875], [0.0390472412109375, 0.028493598103523254, -0.998831033706665, 1.493072509765625], [0.5359858274459839, -0.8442212343215942, -0.003129796124994755, -1.277587890625], [0.0, 0.0, 0.0, 1.0]], [[0.9476402401924133, 0.31820833683013916, 0.026860158890485764, -1.143798828125], [0.013654803857207298, 0.04365755245089531, -0.9989532232284546, 1.562042236328125], [-0.3190479278564453, 0.9470149874687195, 0.037026580423116684, -0.156005859375], [0.0, 0.0, 0.0, 1.0]], [[0.008798892609775066, 0.9993026256561279, 0.0362902469933033, -0.0289306640625], [0.01579335518181324, 0.036148250102996826, -0.9992216229438782, 1.5680580139160156], [-0.9998365044593811, 0.009365243837237358, -0.015464277006685734, 0.044219970703125], [0.0, 0.0, 0.0, 1.0]], [[-0.9235158562660217, 0.38332921266555786, -0.013311434537172318, 1.1605224609375], [0.01998940110206604, 0.013442639261484146, -0.9997098445892334, 1.547811508178711], [-0.3830389678478241, -0.9235140085220337, -0.020077010616660118, -0.0435791015625], [0.0, 0.0, 0.0, 1.0]]], "view": [[0.0, -2.0, 100.0], [-2.0, 0.0, 100.0], [0.0, 0.0, 1.0]], "bev": "bev_2f0b864454be4438a99d56b259632dd2.png", "aux": "aux_2f0b864454be4438a99d56b259632dd2.npz", "visibility": "visibility_2f0b864454be4438a99d56b259632dd2.png", "pose": [[-0.8129898905754089, -0.5822778344154358, 0.0, 1185.1287841796875], [0.5822778344154358, -0.8129898905754089, 0.0, 1134.8916015625], [0.0, 0.0, 1.0, 0.0], [0.0, 0.0, 0.0, 1.0]], "pose_inverse": [[-0.8129898905754089, 0.5822778344154358, 0.0, 302.67547607421875], [-0.5822778344154358, -0.8129898905754089, 0.0, 1612.7296142578125], [0.0, 0.0, 1.0, 0.0], [0.0, 0.0, 0.0, 1.0]], "cam_ids": [0, 1, 2, 3, 4, 5], "cam_channels": ["CAM_FRONT_LEFT", "CAM_FRONT", "CAM_FRONT_RIGHT", "CAM_BACK_LEFT", "CAM_BACK", "CAM_BACK_RIGHT"], "token": "2f0b864454be4438a99d56b259632dd2", "scene": "scene-0467"}, {"images": ["samples/CAM_FRONT_LEFT/n008-2018-09-18-12-53-31-0400__CAM_FRONT_LEFT__1537289963004799.jpg", "samples/CAM_FRONT/n008-2018-09-18-12-53-31-0400__CAM_FRONT__1537289963012404.jpg", "samples/CAM_FRONT_RIGHT/n008-2018-09-18-12-53-31-0400__CAM_FRONT_RIGHT__1537289963020482.jpg", "samples/CAM_BACK_LEFT/n008-2018-09-18-12-53-31-0400__CAM_BACK_LEFT__1537289963047405.jpg", "samples/CAM_BACK/n008-2018-09-18-12-53-31-0400__CAM_BACK__1537289963037558.jpg", "samples/CAM_BACK_RIGHT/n008-2018-09-18-12-53-31-0400__CAM_BACK_RIGHT__1537289963028113.jpg"], "intrinsics": [[[1257.8625342125129, 0.0, 827.2410631095686], [0.0, 1257.8625342125129, 450.915498205774], [0.0, 0.0, 1.0]], [[1252.8131021185304, 0.0, 826.588114781398], [0.0, 1252.8131021185304, 469.9846626224581], [0.0, 0.0, 1.0]], [[1256.7485116440405, 0.0, 817.7887570959712], [0.0, 1256.7485116440403, 451.9541780095127], [0.0, 0.0, 1.0]], [[1254.9860565800168, 0.0, 829.5769333630991], [0.0, 1254.9860565800168, 467.1680561863987], [0.0, 0.0, 1.0]], [[796.8910634503094, 0.0, 857.7774326863696], [0.0, 796.8910634503094, 476.8848988407415], [0.0, 0.0, 1.0]], [[1249.9629280788233, 0.0, 825.3768045375984], [0.0, 1249.9629280788233, 462.54816385708756], [0.0, 0.0, 1.0]]], "extrinsics": [[[0.8225398063659668, -0.5687074065208435, 0.0004466106474865228, -1.005126953125], [0.029145190492272377, 0.041369322687387466, -0.9987187385559082, 1.4883041381835938], [0.5679602026939392, 0.8214989304542542, 0.050602998584508896, -1.333251953125], [0.0, 0.0, 0.0, 1.0]], [[0.010730449110269547, -0.9992594718933105, -0.036949969828128815, 0.00537109375], [0.031096966937184334, 0.03726770356297493, -0.9988213777542114, 1.4801559448242188], [0.9994587898254395, 0.009568743407726288, 0.031473834067583084, -1.734619140625], [0.0, 0.0, 0.0, 1.0]], [[-0.8433024287223816, -0.5352606773376465, -0.04834223911166191, 1.0906982421875], [0.03911297023296356, 0.02858683466911316, -0.9988257884979248, 1.493072509765625], [0.536014199256897, -0.844202995300293, -0.003171709831804037, -1.277587890625], [0.0, 0.0, 0.0, 1.0]], [[0.9476355910301208, 0.31821200251579285, 0.026979081332683563, -1.14385986328125], [0.013734228909015656, 0.0437934584915638, -0.9989461898803711, 1.562042236328125], [-0.31905820965766907, 0.9470075368881226, 0.03712984547019005, -0.1561279296875], [0.0, 0.0, 0.0, 1.0]], [[0.008782921358942986, 0.9992981553077698, 0.03641531988978386, -0.02880859375], [0.015865609049797058, 0.03627288341522217, -0.9992159008979797, 1.5680618286132812], [-0.9998355507850647, 0.009353854693472385, -0.015535891987383366, 0.044219970703125], [0.0, 0.0, 0.0, 1.0]], [[-0.9235241413116455, 0.3833082616329193, -0.013337384909391403, 1.16070556640625], [0.020062236115336418, 0.013551708310842514, -0.9997069239616394, 1.547811508178711], [-0.38301512598991394, -0.9235209822654724, -0.02020535245537758, -0.0438232421875], [0.0, 0.0, 0.0, 1.0]]], "view": [[0.0, -2.0, 100.0], [-2.0, 0.0, 100.0], [0.0, 0.0, 1.0]], "bev": "bev_9f3138c4d6374e32a8241b583c1a13a5.png", "aux": "aux_9f3138c4d6374e32a8241b583c1a13a5.npz", "visibility": "visibility_9f3138c4d6374e32a8241b583c1a13a5.png", "pose": [[-0.8129332065582275, -0.5823569297790527, 0.0, 1185.12939453125], [0.5823569297790527, -0.8129332065582275, 0.0, 1134.8924560546875], [0.0, 0.0, 1.0, 0.0], [0.0, 0.0, 0.0, 1.0]], "pose_inverse": [[-0.8129332065582275, 0.5823569297790527, 0.0, 302.5185241699219], [-0.5823569297790527, -0.8129332065582275, 0.0, 1612.7601318359375], [0.0, 0.0, 1.0, 0.0], [0.0, 0.0, 0.0, 1.0]], "cam_ids": [0, 1, 2, 3, 4, 5], "cam_channels": ["CAM_FRONT_LEFT", "CAM_FRONT", "CAM_FRONT_RIGHT", "CAM_BACK_LEFT", "CAM_BACK", "CAM_BACK_RIGHT"], "token": "9f3138c4d6374e32a8241b583c1a13a5", "scene": "scene-0467"}, {"images": ["samples/CAM_FRONT_LEFT/n008-2018-09-18-12-53-31-0400__CAM_FRONT_LEFT__1537289963654799.jpg", "samples/CAM_FRONT/n008-2018-09-18-12-53-31-0400__CAM_FRONT__1537289963662404.jpg", "samples/CAM_FRONT_RIGHT/n008-2018-09-18-12-53-31-0400__CAM_FRONT_RIGHT__1537289963670764.jpg", "samples/CAM_BACK_LEFT/n008-2018-09-18-12-53-31-0400__CAM_BACK_LEFT__1537289963697405.jpg", "samples/CAM_BACK/n008-2018-09-18-12-53-31-0400__CAM_BACK__1537289963687558.jpg", "samples/CAM_BACK_RIGHT/n008-2018-09-18-12-53-31-0400__CAM_BACK_RIGHT__1537289963678113.jpg"], "intrinsics": [[[1257.8625342125129, 0.0, 827.2410631095686], [0.0, 1257.8625342125129, 450.915498205774], [0.0, 0.0, 1.0]], [[1252.8131021185304, 0.0, 826.588114781398], [0.0, 1252.8131021185304, 469.9846626224581], [0.0, 0.0, 1.0]], [[1256.7485116440405, 0.0, 817.7887570959712], [0.0, 1256.7485116440403, 451.9541780095127], [0.0, 0.0, 1.0]], [[1254.9860565800168, 0.0, 829.5769333630991], [0.0, 1254.9860565800168, 467.1680561863987], [0.0, 0.0, 1.0]], [[796.8910634503094, 0.0, 857.7774326863696], [0.0, 796.8910634503094, 476.8848988407415], [0.0, 0.0, 1.0]], [[1249.9629280788233, 0.0, 825.3768045375984], [0.0, 1249.9629280788233, 462.54816385708756], [0.0, 0.0, 1.0]]], "extrinsics": [[[0.8225209712982178, -0.5687346458435059, 0.00044889849959872663, -1.00494384765625], [0.0290848258882761, 0.04127505421638489, -0.9987244009971619, 1.4882965087890625], [0.5679906606674194, 0.8214848041534424, 0.05049114674329758, -1.3333740234375], [0.0, 0.0, 0.0, 1.0]], [[0.010697126388549805, -0.9992644786834717, -0.036825090646743774, 0.0054931640625], [0.031039400026202202, 0.03714127466082573, -0.9988278746604919, 1.48016357421875], [0.9994609355926514, 0.009541605599224567, 0.03141387552022934, -1.7347412109375], [0.0, 0.0, 0.0, 1.0]], [[-0.8433205485343933, -0.5352438688278198, -0.0482129342854023, 1.090576171875], [0.039058275520801544, 0.028431884944438934, -0.9988323450088501, 1.4930763244628906], [0.5359897017478943, -0.8442189693450928, -0.003071489045396447, -1.2774658203125], [0.0, 0.0, 0.0, 1.0]], [[0.9476394057273865, 0.31820833683013916, 0.026890361681580544, -1.14385986328125], [0.013704243116080761, 0.043605316430330276, -0.9989548325538635, 1.5620498657226562], [-0.31904828548431396, 0.9470174312591553, 0.03696130961179733, -0.1561279296875], [0.0, 0.0, 0.0, 1.0]], [[0.008798233233392239, 0.9993046522140503, 0.03623417764902115, -0.0289306640625], [0.015816858038306236, 0.03609197214245796, -0.9992232918739319, 1.5680618286132812], [-0.9998362064361572, 0.0093644168227911, -0.015488318167626858, 0.044281005859375], [0.0, 0.0, 0.0, 1.0]], [[-0.9235154986381531, 0.3833283483982086, -0.013354814611375332, 1.16064453125], [0.02000954933464527, 0.013378052040934563, -0.9997102618217468, 1.5478153228759766], [-0.38303864002227783, -0.923515260219574, -0.020025067031383514, -0.0435791015625], [0.0, 0.0, 0.0, 1.0]]], "view": [[0.0, -2.0, 100.0], [-2.0, 0.0, 100.0], [0.0, 0.0, 1.0]], "bev": "bev_ba17f563dafb4395b5ffba6445cb6917.png", "aux": "aux_ba17f563dafb4395b5ffba6445cb6917.npz", "visibility": "visibility_ba17f563dafb4395b5ffba6445cb6917.png", "pose": [[-0.8129103183746338, -0.5823888778686523, 0.0, 1185.130126953125], [0.5823888778686523, -0.8129103183746338, 0.0, 1134.8935546875], [0.0, 0.0, 1.0, 0.0], [0.0, 0.0, 0.0, 1.0]], "pose_inverse": [[-0.8129103183746338, 0.5823888778686523, 0.0, 302.4551086425781], [-0.5823888778686523, -0.8129103183746338, 0.0, 1612.7733154296875], [0.0, 0.0, 1.0, 0.0], [0.0, 0.0, 0.0, 1.0]], "cam_ids": [0, 1, 2, 3, 4, 5], "cam_channels": ["CAM_FRONT_LEFT", "CAM_FRONT", "CAM_FRONT_RIGHT", "CAM_BACK_LEFT", "CAM_BACK", "CAM_BACK_RIGHT"], "token": "ba17f563dafb4395b5ffba6445cb6917", "scene": "scene-0467"}, {"images": ["samples/CAM_FRONT_LEFT/n008-2018-09-18-12-53-31-0400__CAM_FRONT_LEFT__1537289964154799.jpg", "samples/CAM_FRONT/n008-2018-09-18-12-53-31-0400__CAM_FRONT__1537289964162404.jpg", "samples/CAM_FRONT_RIGHT/n008-2018-09-18-12-53-31-0400__CAM_FRONT_RIGHT__1537289964170482.jpg", "samples/CAM_BACK_LEFT/n008-2018-09-18-12-53-31-0400__CAM_BACK_LEFT__1537289964197405.jpg", "samples/CAM_BACK/n008-2018-09-18-12-53-31-0400__CAM_BACK__1537289964187558.jpg", "samples/CAM_BACK_RIGHT/n008-2018-09-18-12-53-31-0400__CAM_BACK_RIGHT__1537289964178113.jpg"], "intrinsics": [[[1257.8625342125129, 0.0, 827.2410631095686], [0.0, 1257.8625342125129, 450.915498205774], [0.0, 0.0, 1.0]], [[1252.8131021185304, 0.0, 826.588114781398], [0.0, 1252.8131021185304, 469.9846626224581], [0.0, 0.0, 1.0]], [[1256.7485116440405, 0.0, 817.7887570959712], [0.0, 1256.7485116440403, 451.9541780095127], [0.0, 0.0, 1.0]], [[1254.9860565800168, 0.0, 829.5769333630991], [0.0, 1254.9860565800168, 467.1680561863987], [0.0, 0.0, 1.0]], [[796.8910634503094, 0.0, 857.7774326863696], [0.0, 796.8910634503094, 476.8848988407415], [0.0, 0.0, 1.0]], [[1249.9629280788233, 0.0, 825.3768045375984], [0.0, 1249.9629280788233, 462.54816385708756], [0.0, 0.0, 1.0]]], "extrinsics": [[[0.8225182890892029, -0.5687385201454163, 0.0004845440271310508, -1.00506591796875], [0.02909279055893421, 0.04122355952858925, -0.9987263083457947, 1.4882965087890625], [0.5679941773414612, 0.8214847445487976, 0.05045332387089729, -1.3333740234375], [0.0, 0.0, 0.0, 1.0]], [[0.01069878414273262, -0.9992656111717224, -0.03679333254694939, 0.00537109375], [0.031048690900206566, 0.03710967302322388, -0.9988287687301636, 1.48016357421875], [0.9994605779647827, 0.00954381562769413, 0.03142291679978371, -1.734649658203125], [0.0, 0.0, 0.0, 1.0]], [[-0.8433161377906799, -0.535251259803772, -0.04820850118994713, 1.0906982421875], [0.03906389698386192, 0.028414711356163025, -0.9988325834274292, 1.4930763244628906], [0.5359962582588196, -0.8442148566246033, -0.0030535853002220392, -1.2777099609375], [0.0, 0.0, 0.0, 1.0]], [[0.947639524936676, 0.31821003556251526, 0.026866760104894638, -1.1439208984375], [0.013683343306183815, 0.04359329491853714, -0.9989556670188904, 1.562042236328125], [-0.31904903054237366, 0.9470174312591553, 0.0369565449655056, -0.1561279296875], [0.0, 0.0, 0.0, 1.0]], [[0.008792214095592499, 0.999305248260498, 0.03621913492679596, -0.02880859375], [0.015807978808879852, 0.0360771082341671, -0.9992239475250244, 1.5680618286132812], [-0.9998363852500916, 0.009357905946671963, -0.015479798428714275, 0.044342041015625], [0.0, 0.0, 0.0, 1.0]], [[-0.9235199093818665, 0.3833177089691162, -0.013359351083636284, 1.16070556640625], [0.020008087158203125, 0.013363277539610863, -0.9997105002403259, 1.5478134155273438], [-0.38302820920944214, -0.9235197901725769, -0.020010704174637794, -0.043701171875], [0.0, 0.0, 0.0, 1.0]]], "view": [[0.0, -2.0, 100.0], [-2.0, 0.0, 100.0], [0.0, 0.0, 1.0]], "bev": "bev_bde18a9105294920ad8862ee9138688e.png", "aux": "aux_bde18a9105294920ad8862ee9138688e.npz", "visibility": "visibility_bde18a9105294920ad8862ee9138688e.png", "pose": [[-0.8129492402076721, -0.582334578037262, 0.0, 1185.130615234375], [0.582334578037262, -0.8129492402076721, 0.0, 1134.8941650390625], [0.0, 0.0, 1.0, 0.0], [0.0, 0.0, 0.0, 1.0]], "pose_inverse": [[-0.8129492402076721, 0.582334578037262, 0.0, 302.56292724609375], [-0.582334578037262, -0.8129492402076721, 0.0, 1612.75390625], [0.0, 0.0, 1.0, 0.0], [0.0, 0.0, 0.0, 1.0]], "cam_ids": [0, 1, 2, 3, 4, 5], "cam_channels": ["CAM_FRONT_LEFT", "CAM_FRONT", "CAM_FRONT_RIGHT", "CAM_BACK_LEFT", "CAM_BACK", "CAM_BACK_RIGHT"], "token": "bde18a9105294920ad8862ee9138688e", "scene": "scene-0467"}, {"images": ["samples/CAM_FRONT_LEFT/n008-2018-09-18-12-53-31-0400__CAM_FRONT_LEFT__1537289964654810.jpg", "samples/CAM_FRONT/n008-2018-09-18-12-53-31-0400__CAM_FRONT__1537289964662404.jpg", "samples/CAM_FRONT_RIGHT/n008-2018-09-18-12-53-31-0400__CAM_FRONT_RIGHT__1537289964670482.jpg", "samples/CAM_BACK_LEFT/n008-2018-09-18-12-53-31-0400__CAM_BACK_LEFT__1537289964697405.jpg", "samples/CAM_BACK/n008-2018-09-18-12-53-31-0400__CAM_BACK__1537289964687558.jpg", "samples/CAM_BACK_RIGHT/n008-2018-09-18-12-53-31-0400__CAM_BACK_RIGHT__1537289964678113.jpg"], "intrinsics": [[[1257.8625342125129, 0.0, 827.2410631095686], [0.0, 1257.8625342125129, 450.915498205774], [0.0, 0.0, 1.0]], [[1252.8131021185304, 0.0, 826.588114781398], [0.0, 1252.8131021185304, 469.9846626224581], [0.0, 0.0, 1.0]], [[1256.7485116440405, 0.0, 817.7887570959712], [0.0, 1256.7485116440403, 451.9541780095127], [0.0, 0.0, 1.0]], [[1254.9860565800168, 0.0, 829.5769333630991], [0.0, 1254.9860565800168, 467.1680561863987], [0.0, 0.0, 1.0]], [[796.8910634503094, 0.0, 857.7774326863696], [0.0, 796.8910634503094, 476.8848988407415], [0.0, 0.0, 1.0]], [[1249.9629280788233, 0.0, 825.3768045375984], [0.0, 1249.9629280788233, 462.54816385708756], [0.0, 0.0, 1.0]]], "extrinsics": [[[0.8225100040435791, -0.5687506198883057, 0.0004081435326952487, -1.00494384765625], [0.029012084007263184, 0.041239697486162186, -0.9987279176712036, 1.4882888793945312], [0.5680103302001953, 0.8214755654335022, 0.05042070150375366, -1.33349609375], [0.0, 0.0, 0.0, 1.0]], [[0.010682117193937302, -0.9992654323577881, -0.03680415824055672, 0.0054931640625], [0.030971920117735863, 0.03711923956871033, -0.9988307952880859, 1.4801559448242188], [0.9994631409645081, 0.009529675357043743, 0.031345680356025696, -1.734710693359375], [0.0, 0.0, 0.0, 1.0]], [[-0.843325674533844, -0.535240888595581, -0.04815613478422165, 1.0906982421875], [0.038997843861579895, 0.028421126306056976, -0.998835027217865, 1.4930648803710938], [0.5359859466552734, -0.8442211747169495, -0.003095025895163417, -1.277587890625], [0.0, 0.0, 0.0, 1.0]], [[0.947641134262085, 0.3182104825973511, 0.02680356428027153, -1.14385986328125], [0.013625326566398144, 0.0435677245259285, -0.9989575743675232, 1.5620346069335938], [-0.3190465271472931, 0.9470185041427612, 0.036950841546058655, -0.15625], [0.0, 0.0, 0.0, 1.0]], [[0.008799182251095772, 0.9993056058883667, 0.03620649501681328, -0.02880859375], [0.01575862057507038, 0.03606482595205307, -0.9992251396179199, 1.56805419921875], [-0.9998371005058289, 0.009362918324768543, -0.015430336818099022, 0.044342041015625], [0.0, 0.0, 0.0, 1.0]], [[-0.9235169291496277, 0.38332676887512207, -0.01330727618187666, 1.16064453125], [0.019953809678554535, 0.013367816805839539, -0.9997115731239319, 1.5478096008300781], [-0.383038192987442, -0.9235160946846008, -0.019994232803583145, -0.0438232421875], [0.0, 0.0, 0.0, 1.0]]], "view": [[0.0, -2.0, 100.0], [-2.0, 0.0, 100.0], [0.0, 0.0, 1.0]], "bev": "bev_b88cdddd2161447ab1ab56f0f1c190b8.png", "aux": "aux_b88cdddd2161447ab1ab56f0f1c190b8.npz", "visibility": "visibility_b88cdddd2161447ab1ab56f0f1c190b8.png", "pose": [[-0.8129816055297852, -0.5822893977165222, 0.0, 1185.131103515625], [0.5822893977165222, -0.8129816055297852, 0.0, 1134.894775390625], [0.0, 0.0, 1.0, 0.0], [0.0, 0.0, 0.0, 1.0]], "pose_inverse": [[-0.8129816055297852, 0.5822893977165222, 0.0, 302.6525573730469], [-0.5822893977165222, -0.8129816055297852, 0.0, 1612.73779296875], [0.0, 0.0, 1.0, 0.0], [0.0, 0.0, 0.0, 1.0]], "cam_ids": [0, 1, 2, 3, 4, 5], "cam_channels": ["CAM_FRONT_LEFT", "CAM_FRONT", "CAM_FRONT_RIGHT", "CAM_BACK_LEFT", "CAM_BACK", "CAM_BACK_RIGHT"], "token": "b88cdddd2161447ab1ab56f0f1c190b8", "scene": "scene-0467"}, {"images": ["samples/CAM_FRONT_LEFT/n008-2018-09-18-12-53-31-0400__CAM_FRONT_LEFT__1537289965154799.jpg", "samples/CAM_FRONT/n008-2018-09-18-12-53-31-0400__CAM_FRONT__1537289965162404.jpg", "samples/CAM_FRONT_RIGHT/n008-2018-09-18-12-53-31-0400__CAM_FRONT_RIGHT__1537289965170482.jpg", "samples/CAM_BACK_LEFT/n008-2018-09-18-12-53-31-0400__CAM_BACK_LEFT__1537289965197405.jpg", "samples/CAM_BACK/n008-2018-09-18-12-53-31-0400__CAM_BACK__1537289965187558.jpg", "samples/CAM_BACK_RIGHT/n008-2018-09-18-12-53-31-0400__CAM_BACK_RIGHT__1537289965178113.jpg"], "intrinsics": [[[1257.8625342125129, 0.0, 827.2410631095686], [0.0, 1257.8625342125129, 450.915498205774], [0.0, 0.0, 1.0]], [[1252.8131021185304, 0.0, 826.588114781398], [0.0, 1252.8131021185304, 469.9846626224581], [0.0, 0.0, 1.0]], [[1256.7485116440405, 0.0, 817.7887570959712], [0.0, 1256.7485116440403, 451.9541780095127], [0.0, 0.0, 1.0]], [[1254.9860565800168, 0.0, 829.5769333630991], [0.0, 1254.9860565800168, 467.1680561863987], [0.0, 0.0, 1.0]], [[796.8910634503094, 0.0, 857.7774326863696], [0.0, 796.8910634503094, 476.8848988407415], [0.0, 0.0, 1.0]], [[1249.9629280788233, 0.0, 825.3768045375984], [0.0, 1249.9629280788233, 462.54816385708756], [0.0, 0.0, 1.0]]], "extrinsics": [[[0.822527289390564, -0.5687257051467896, 0.0003600460186135024, -1.00494384765625], [0.028968485072255135, 0.041263800114393234, -0.9987282752990723, 1.4882965087890625], [0.5679875612258911, 0.8214915990829468, 0.05041572079062462, -1.33349609375], [0.0, 0.0, 0.0, 1.0]], [[0.010704973712563515, -0.9992642998695374, -0.03682772070169449, 0.0054931640625], [0.03092920407652855, 0.037143100053071976, -0.9988312125205994, 1.48016357421875], [0.999464213848114, 0.009553330019116402, 0.03130406513810158, -1.734649658203125], [0.0, 0.0, 0.0, 1.0]], [[-0.8433182835578918, -0.535254716873169, -0.04813087359070778, 1.0904541015625], [0.03895789012312889, 0.02843683958053589, -0.998836100101471, 1.4930763244628906], [0.5360004901885986, -0.8442118763923645, -0.003128916025161743, -1.277587890625], [0.0, 0.0, 0.0, 1.0]], [[0.9476414918899536, 0.3182113468647003, 0.02678065001964569, -1.14385986328125], [0.01359940879046917, 0.043572843074798584, -0.998957633972168, 1.5620346069335938], [-0.31904664635658264, 0.9470178484916687, 0.03696393966674805, -0.1561279296875], [0.0, 0.0, 0.0, 1.0]], [[0.008795027621090412, 0.999305784702301, 0.03620292618870735, -0.02880859375], [0.015709444880485535, 0.03606178238987923, -0.9992260336875916, 1.5680580139160156], [-0.9998379349708557, 0.00935695692896843, -0.01538137812167406, 0.044281005859375], [0.0, 0.0, 0.0, 1.0]], [[-0.9235216975212097, 0.38331663608551025, -0.013270423747599125, 1.16058349609375], [0.01991523616015911, 0.013371574692428112, -0.9997122883796692, 1.5478134155273438], [-0.3830287456512451, -0.9235202670097351, -0.019982777535915375, -0.043701171875], [0.0, 0.0, 0.0, 1.0]]], "view": [[0.0, -2.0, 100.0], [-2.0, 0.0, 100.0], [0.0, 0.0, 1.0]], "bev": "bev_4fc38f45fb6744be814508116b602d5e.png", "aux": "aux_4fc38f45fb6744be814508116b602d5e.npz", "visibility": "visibility_4fc38f45fb6744be814508116b602d5e.png", "pose": [[-0.8129478693008423, -0.5823364853858948, 0.0, 1185.13134765625], [0.5823364853858948, -0.8129478693008423, 0.0, 1134.895263671875], [0.0, 0.0, 1.0, 0.0], [0.0, 0.0, 0.0, 1.0]], "pose_inverse": [[-0.8129478693008423, 0.5823364853858948, 0.0, 302.55902099609375], [-0.5823364853858948, -0.8129478693008423, 0.0, 1612.755859375], [0.0, 0.0, 1.0, 0.0], [0.0, 0.0, 0.0, 1.0]], "cam_ids": [0, 1, 2, 3, 4, 5], "cam_channels": ["CAM_FRONT_LEFT", "CAM_FRONT", "CAM_FRONT_RIGHT", "CAM_BACK_LEFT", "CAM_BACK", "CAM_BACK_RIGHT"], "token": "4fc38f45fb6744be814508116b602d5e", "scene": "scene-0467"}, {"images": ["samples/CAM_FRONT_LEFT/n008-2018-09-18-12-53-31-0400__CAM_FRONT_LEFT__1537289965654799.jpg", "samples/CAM_FRONT/n008-2018-09-18-12-53-31-0400__CAM_FRONT__1537289965662458.jpg", "samples/CAM_FRONT_RIGHT/n008-2018-09-18-12-53-31-0400__CAM_FRONT_RIGHT__1537289965670482.jpg", "samples/CAM_BACK_LEFT/n008-2018-09-18-12-53-31-0400__CAM_BACK_LEFT__1537289965697405.jpg", "samples/CAM_BACK/n008-2018-09-18-12-53-31-0400__CAM_BACK__1537289965687558.jpg", "samples/CAM_BACK_RIGHT/n008-2018-09-18-12-53-31-0400__CAM_BACK_RIGHT__1537289965678113.jpg"], "intrinsics": [[[1257.8625342125129, 0.0, 827.2410631095686], [0.0, 1257.8625342125129, 450.915498205774], [0.0, 0.0, 1.0]], [[1252.8131021185304, 0.0, 826.588114781398], [0.0, 1252.8131021185304, 469.9846626224581], [0.0, 0.0, 1.0]], [[1256.7485116440405, 0.0, 817.7887570959712], [0.0, 1256.7485116440403, 451.9541780095127], [0.0, 0.0, 1.0]], [[1254.9860565800168, 0.0, 829.5769333630991], [0.0, 1254.9860565800168, 467.1680561863987], [0.0, 0.0, 1.0]], [[796.8910634503094, 0.0, 857.7774326863696], [0.0, 796.8910634503094, 476.8848988407415], [0.0, 0.0, 1.0]], [[1249.9629280788233, 0.0, 825.3768045375984], [0.0, 1249.9629280788233, 462.54816385708756], [0.0, 0.0, 1.0]]], "extrinsics": [[[0.8225189447402954, -0.5687375068664551, 0.0004770967934746295, -1.0050048828125], [0.029065491631627083, 0.041197262704372406, -0.9987281560897827, 1.4882965087890625], [0.5679945945739746, 0.82148677110672, 0.050416167825460434, -1.3336181640625], [0.0, 0.0, 0.0, 1.0]], [[0.010699717327952385, -0.999266505241394, -0.036769915372133255, 0.00537109375], [0.031022541224956512, 0.03708604350686073, -0.9988304972648621, 1.48016357421875], [0.9994614124298096, 0.009546400047838688, 0.031396590173244476, -1.734649658203125], [0.0, 0.0, 0.0, 1.0]], [[-0.8433159589767456, -0.5352542996406555, -0.04817727953195572, 1.090576171875], [0.039042044430971146, 0.028390860185027122, -0.9988341331481934, 1.4930763244628906], [0.5359981060028076, -0.8442137241363525, -0.0030450408812612295, -1.2774658203125], [0.0, 0.0, 0.0, 1.0]], [[0.9476397037506104, 0.318212628364563, 0.026830198243260384, -1.14398193359375], [0.013658517971634865, 0.04355227202177048, -0.9989578127861023, 1.5620498657226562], [-0.3190493881702423, 0.9470184445381165, 0.0369255505502224, -0.156005859375], [0.0, 0.0, 0.0, 1.0]], [[0.008791306987404823, 0.9993067979812622, 0.0361764132976532, -0.0286865234375], [0.015797538682818413, 0.03603450208902359, -0.9992256760597229, 1.5680618286132812], [-0.9998365640640259, 0.009355989284813404, -0.015469799749553204, 0.04425048828125], [0.0, 0.0, 0.0, 1.0]], [[-0.9235209822654724, 0.38331520557403564, -0.013355601578950882, 1.16070556640625], [0.01999233290553093, 0.013335221447050571, -0.9997112154960632, 1.547811508178711], [-0.3830263316631317, -0.9235212802886963, -0.0199787188321352, -0.0438232421875], [0.0, 0.0, 0.0, 1.0]]], "view": [[0.0, -2.0, 100.0], [-2.0, 0.0, 100.0], [0.0, 0.0, 1.0]], "bev": "bev_f0c6d028bdda4c4392290351dda83492.png", "aux": "aux_f0c6d028bdda4c4392290351dda83492.npz", "visibility": "visibility_f0c6d028bdda4c4392290351dda83492.png", "pose": [[-0.8129404187202454, -0.5823469161987305, 0.0, 1185.1317138671875], [0.5823469161987305, -0.8129404187202454, 0.0, 1134.8956298828125], [0.0, 0.0, 1.0, 0.0], [0.0, 0.0, 0.0, 1.0]], "pose_inverse": [[-0.8129404187202454, 0.5823469161987305, 0.0, 302.5384826660156], [-0.5823469161987305, -0.8129404187202454, 0.0, 1612.76025390625], [0.0, 0.0, 1.0, 0.0], [0.0, 0.0, 0.0, 1.0]], "cam_ids": [0, 1, 2, 3, 4, 5], "cam_channels": ["CAM_FRONT_LEFT", "CAM_FRONT", "CAM_FRONT_RIGHT", "CAM_BACK_LEFT", "CAM_BACK", "CAM_BACK_RIGHT"], "token": "f0c6d028bdda4c4392290351dda83492", "scene": "scene-0467"}, {"images": ["samples/CAM_FRONT_LEFT/n008-2018-09-18-12-53-31-0400__CAM_FRONT_LEFT__1537289966154799.jpg", "samples/CAM_FRONT/n008-2018-09-18-12-53-31-0400__CAM_FRONT__1537289966162404.jpg", "samples/CAM_FRONT_RIGHT/n008-2018-09-18-12-53-31-0400__CAM_FRONT_RIGHT__1537289966170482.jpg", "samples/CAM_BACK_LEFT/n008-2018-09-18-12-53-31-0400__CAM_BACK_LEFT__1537289966197405.jpg", "samples/CAM_BACK/n008-2018-09-18-12-53-31-0400__CAM_BACK__1537289966187558.jpg", "samples/CAM_BACK_RIGHT/n008-2018-09-18-12-53-31-0400__CAM_BACK_RIGHT__1537289966178113.jpg"], "intrinsics": [[[1257.8625342125129, 0.0, 827.2410631095686], [0.0, 1257.8625342125129, 450.915498205774], [0.0, 0.0, 1.0]], [[1252.8131021185304, 0.0, 826.588114781398], [0.0, 1252.8131021185304, 469.9846626224581], [0.0, 0.0, 1.0]], [[1256.7485116440405, 0.0, 817.7887570959712], [0.0, 1256.7485116440403, 451.9541780095127], [0.0, 0.0, 1.0]], [[1254.9860565800168, 0.0, 829.5769333630991], [0.0, 1254.9860565800168, 467.1680561863987], [0.0, 0.0, 1.0]], [[796.8910634503094, 0.0, 857.7774326863696], [0.0, 796.8910634503094, 476.8848988407415], [0.0, 0.0, 1.0]], [[1249.9629280788233, 0.0, 825.3768045375984], [0.0, 1249.9629280788233, 462.54816385708756], [0.0, 0.0, 1.0]]], "extrinsics": [[[0.8225314021110535, -0.5687195658683777, 0.00042709571425803006, -1.0050048828125], [0.029025821015238762, 0.04122963547706604, -0.9987279772758484, 1.4882888793945312], [0.56797856092453, 0.8214976191520691, 0.05042021721601486, -1.3333740234375], [0.0, 0.0, 0.0, 1.0]], [[0.010711072944104671, -0.9992654919624329, -0.036791980266571045, 0.00537109375], [0.030984003096818924, 0.03710808604955673, -0.9988307952880859, 1.4801712036132812], [0.9994624853134155, 0.009558528661727905, 0.031358715146780014, -1.734619140625], [0.0, 0.0, 0.0, 1.0]], [[-0.8433151841163635, -0.5352575182914734, -0.04815477132797241, 1.090576171875], [0.03900746628642082, 0.028403304517269135, -0.9988350868225098, 1.493072509765625], [0.5360018014907837, -0.8442112803459167, -0.00307389791123569, -1.277587890625], [0.0, 0.0, 0.0, 1.0]], [[0.947640597820282, 0.3182111382484436, 0.02681245654821396, -1.1439208984375], [0.013634229078888893, 0.04356904327869415, -0.9989573955535889, 1.562042236328125], [-0.31904757022857666, 0.9470181465148926, 0.03694923222064972, -0.15625], [0.0, 0.0, 0.0, 1.0]], [[0.008793685585260391, 0.9993062615394592, 0.036189042031764984, -0.0289306640625], [0.015760228037834167, 0.03604744002223015, -0.9992257952690125, 1.5680618286132812], [-0.9998370409011841, 0.009357214905321598, -0.015432306565344334, 0.0443115234375], [0.0, 0.0, 0.0, 1.0]], [[-0.9235207438468933, 0.3833170235157013, -0.013322961516678333, 1.160614013671875], [0.019959930330514908, 0.013342184945940971, -0.9997117519378662, 1.5478076934814453], [-0.38302868604660034, -0.9235203862190247, -0.01997276209294796, -0.043701171875], [0.0, 0.0, 0.0, 1.0]]], "view": [[0.0, -2.0, 100.0], [-2.0, 0.0, 100.0], [0.0, 0.0, 1.0]], "bev": "bev_007c1fc5918c43a0a4148b81462dfb4e.png", "aux": "aux_007c1fc5918c43a0a4148b81462dfb4e.npz", "visibility": "visibility_007c1fc5918c43a0a4148b81462dfb4e.png", "pose": [[-0.812945544719696, -0.5823397040367126, 0.0, 1185.1319580078125], [0.5823397040367126, -0.812945544719696, 0.0, 1134.89599609375], [0.0, 0.0, 1.0, 0.0], [0.0, 0.0, 0.0, 1.0]], "pose_inverse": [[-0.812945544719696, 0.5823397040367126, 0.0, 302.55279541015625], [-0.5823397040367126, -0.812945544719696, 0.0, 1612.758056640625], [0.0, 0.0, 1.0, 0.0], [0.0, 0.0, 0.0, 1.0]], "cam_ids": [0, 1, 2, 3, 4, 5], "cam_channels": ["CAM_FRONT_LEFT", "CAM_FRONT", "CAM_FRONT_RIGHT", "CAM_BACK_LEFT", "CAM_BACK", "CAM_BACK_RIGHT"], "token": "007c1fc5918c43a0a4148b81462dfb4e", "scene": "scene-0467"}, {"images": ["samples/CAM_FRONT_LEFT/n008-2018-09-18-12-53-31-0400__CAM_FRONT_LEFT__1537289966654799.jpg", "samples/CAM_FRONT/n008-2018-09-18-12-53-31-0400__CAM_FRONT__1537289966662404.jpg", "samples/CAM_FRONT_RIGHT/n008-2018-09-18-12-53-31-0400__CAM_FRONT_RIGHT__1537289966670482.jpg", "samples/CAM_BACK_LEFT/n008-2018-09-18-12-53-31-0400__CAM_BACK_LEFT__1537289966697405.jpg", "samples/CAM_BACK/n008-2018-09-18-12-53-31-0400__CAM_BACK__1537289966687558.jpg", "samples/CAM_BACK_RIGHT/n008-2018-09-18-12-53-31-0400__CAM_BACK_RIGHT__1537289966678113.jpg"], "intrinsics": [[[1257.8625342125129, 0.0, 827.2410631095686], [0.0, 1257.8625342125129, 450.915498205774], [0.0, 0.0, 1.0]], [[1252.8131021185304, 0.0, 826.588114781398], [0.0, 1252.8131021185304, 469.9846626224581], [0.0, 0.0, 1.0]], [[1256.7485116440405, 0.0, 817.7887570959712], [0.0, 1256.7485116440403, 451.9541780095127], [0.0, 0.0, 1.0]], [[1254.9860565800168, 0.0, 829.5769333630991], [0.0, 1254.9860565800168, 467.1680561863987], [0.0, 0.0, 1.0]], [[796.8910634503094, 0.0, 857.7774326863696], [0.0, 796.8910634503094, 476.8848988407415], [0.0, 0.0, 1.0]], [[1249.9629280788233, 0.0, 825.3768045375984], [0.0, 1249.9629280788233, 462.54816385708756], [0.0, 0.0, 1.0]]], "extrinsics": [[[0.8225237131118774, -0.5687305927276611, 0.00045918580144643784, -1.00494384765625], [0.02908174693584442, 0.041252974420785904, -0.9987253546714783, 1.4882965087890625], [0.5679867267608643, 0.8214887380599976, 0.050471231341362, -1.33349609375], [0.0, 0.0, 0.0, 1.0]], [[0.010705213062465191, -0.9992644786834717, -0.03682281821966171, 0.0054931640625], [0.0310459416359663, 0.037139322608709335, -0.9988276958465576, 1.48016357421875], [0.9994605183601379, 0.009549475274980068, 0.031420689076185226, -1.73480224609375], [0.0, 0.0, 0.0, 1.0]], [[-0.8433144092559814, -0.5352518558502197, -0.048230525106191635, 1.0904541015625], [0.039074551314115524, 0.028439011424779892, -0.9988315105438232, 1.493072509765625], [0.5359981060028076, -0.8442136645317078, -0.0030683032236993313, -1.2777099609375], [0.0, 0.0, 0.0, 1.0]], [[0.9476394057273865, 0.3182096481323242, 0.02687147445976734, -1.14385986328125], [0.013682534918189049, 0.043610505759716034, -0.9989548921585083, 1.5620346069335938], [-0.31904903054237366, 0.9470167756080627, 0.03697311878204346, -0.1561279296875], [0.0, 0.0, 0.0, 1.0]], [[0.008792518638074398, 0.9993045926094055, 0.03623586148023605, -0.0289306640625], [0.015815580263733864, 0.036093756556510925, -0.9992232322692871, 1.5680618286132812], [-0.9998362064361572, 0.009358689188957214, -0.015487230382859707, 0.04437255859375], [0.0, 0.0, 0.0, 1.0]], [[-0.9