[{"images": ["samples/CAM_FRONT_LEFT/n008-2018-07-27-12-07-38-0400__CAM_FRONT_LEFT__1532708429004799.jpg", "samples/CAM_FRONT/n008-2018-07-27-12-07-38-0400__CAM_FRONT__1532708429012404.jpg", "samples/CAM_FRONT_RIGHT/n008-2018-07-27-12-07-38-0400__CAM_FRONT_RIGHT__1532708429020482.jpg", "samples/CAM_BACK_LEFT/n008-2018-07-27-12-07-38-0400__CAM_BACK_LEFT__1532708429047405.jpg", "samples/CAM_BACK/n008-2018-07-27-12-07-38-0400__CAM_BACK__1532708429037558.jpg", "samples/CAM_BACK_RIGHT/n008-2018-07-27-12-07-38-0400__CAM_BACK_RIGHT__1532708429028113.jpg"], "intrinsics": [[[1257.8625342125129, 0.0, 827.2410631095686], [0.0, 1257.8625342125129, 450.915498205774], [0.0, 0.0, 1.0]], [[1252.8131021185304, 0.0, 826.588114781398], [0.0, 1252.8131021185304, 469.9846626224581], [0.0, 0.0, 1.0]], [[1256.7485116440405, 0.0, 817.7887570959712], [0.0, 1256.7485116440403, 451.9541780095127], [0.0, 0.0, 1.0]], [[1254.9860565800168, 0.0, 829.5769333630991], [0.0, 1254.9860565800168, 467.1680561863987], [0.0, 0.0, 1.0]], [[796.8910634503094, 0.0, 857.7774326863696], [0.0, 796.8910634503094, 476.8848988407415], [0.0, 0.0, 1.0]], [[1249.9629280788233, 0.0, 825.3768045375984], [0.0, 1249.9629280788233, 462.54816385708756], [0.0, 0.0, 1.0]]], "extrinsics": [[[0.8224831819534302, -0.5685997009277344, -0.014696807600557804, -1.0050048828125], [-0.0012657764600589871, 0.024008948355913162, -0.9997109174728394, 1.4883003234863281], [0.5687881708145142, 0.8222639560699463, 0.019027233123779297, -1.33349609375], [0.0, 0.0, 0.0, 1.0]], [[0.010152125731110573, -0.9997507929801941, -0.019880222156643867, 0.0052490234375], [0.0006861689034849405, 0.01988820545375347, -0.9998019933700562, 1.4801654815673828], [0.999948263168335, 0.0101364366710186, 0.0008879051893018186, -1.734619140625], [0.0, 0.0, 0.0, 1.0]], [[-0.8440837860107422, -0.5360450148582458, -0.013347459957003593, 1.090545654296875], [0.008705208078026772, 0.0111897187307477, -0.9998994469642639, 1.493072509765625], [0.5361405611038208, -0.8441151976585388, -0.004778678063303232, -1.2777099609375], [0.0, 0.0, 0.0, 1.0]], [[0.9478361010551453, 0.3186720311641693, -0.007412048522382975, -1.1439743041992188], [-0.01667867787182331, 0.026360051706433296, -0.9995133876800537, 1.5620460510253906], [-0.3183215260505676, 0.9474984407424927, 0.03030003421008587, -0.156005859375], [0.0, 0.0, 0.0, 1.0]], [[0.009316066280007362, 0.9997817277908325, 0.0186979528516531, -0.0286865234375], [-0.014556332491338253, 0.0188323725014925, -0.9997166991233826, 1.5680618286132812], [-0.9998506307601929, 0.009041291661560535, 0.014728600159287453, 0.0443115234375], [0.0, 0.0, 0.0, 1.0]], [[-0.9237189292907715, 0.3829857409000397, 0.008080067113041878, 1.160400390625], [-0.010356331244111061, -0.003882041433826089, -0.9999388456344604, 1.54781174659729], [-0.38293081521987915, -0.9237461090087891, 0.007552242372184992, -0.043701171875], [0.0, 0.0, 0.0, 1.0]]], "view": [[0.0, -2.0, 100.0], [-2.0, 0.0, 100.0], [0.0, 0.0, 1.0]], "bev": "bev_3481dbfd65864925b4a4b2d6b7256d44.png", "aux": "aux_3481dbfd65864925b4a4b2d6b7256d44.npz", "visibility": "visibility_3481dbfd65864925b4a4b2d6b7256d44.png", "pose": [[-0.8468804359436035, -0.5317833423614502, 0.0, 427.9685974121094], [0.5317833423614502, -0.8468804359436035, 0.0, 1622.1558837890625], [0.0, 0.0, 1.0, 0.0], [0.0, 0.0, 0.0, 1.0]], "pose_inverse": [[-0.8468804359436035, 0.5317833423614502, 0.0, -500.1972961425781], [-0.5317833423614502, -0.8468804359436035, 0.0, 1601.358642578125], [0.0, 0.0, 1.0, 0.0], [0.0, 0.0, 0.0, 1.0]], "cam_ids": [0, 1, 2, 3, 4, 5], "cam_channels": ["CAM_FRONT_LEFT", "CAM_FRONT", "CAM_FRONT_RIGHT", "CAM_BACK_LEFT", "CAM_BACK", "CAM_BACK_RIGHT"], "token": "3481dbfd65864925b4a4b2d6b7256d44", "scene": "scene-0234"}, {"images": ["samples/CAM_FRONT_LEFT/n008-2018-07-27-12-07-38-0400__CAM_FRONT_LEFT__1532708429504799.jpg", "samples/CAM_FRONT/n008-2018-07-27-12-07-38-0400__CAM_FRONT__1532708429512404.jpg", "samples/CAM_FRONT_RIGHT/n008-2018-07-27-12-07-38-0400__CAM_FRONT_RIGHT__1532708429520482.jpg", "samples/CAM_BACK_LEFT/n008-2018-07-27-12-07-38-0400__CAM_BACK_LEFT__1532708429547405.jpg", "samples/CAM_BACK/n008-2018-07-27-12-07-38-0400__CAM_BACK__1532708429537558.jpg", "samples/CAM_BACK_RIGHT/n008-2018-07-27-12-07-38-0400__CAM_BACK_RIGHT__1532708429528113.jpg"], "intrinsics": [[[1257.8625342125129, 0.0, 827.2410631095686], [0.0, 1257.8625342125129, 450.915498205774], [0.0, 0.0, 1.0]], [[1252.8131021185304, 0.0, 826.588114781398], [0.0, 1252.8131021185304, 469.9846626224581], [0.0, 0.0, 1.0]], [[1256.7485116440405, 0.0, 817.7887570959712], [0.0, 1256.7485116440403, 451.9541780095127], [0.0, 0.0, 1.0]], [[1254.9860565800168, 0.0, 829.5769333630991], [0.0, 1254.9860565800168, 467.1680561863987], [0.0, 0.0, 1.0]], [[796.8910634503094, 0.0, 857.7774326863696], [0.0, 796.8910634503094, 476.8848988407415], [0.0, 0.0, 1.0]], [[1249.9629280788233, 0.0, 825.3768045375984], [0.0, 1249.9629280788233, 462.54816385708756], [0.0, 0.0, 1.0]]], "extrinsics": [[[0.8224833011627197, -0.5685999989509583, -0.014675518497824669, -1.0050048828125], [-0.0013300614664331079, 0.023878594860434532, -0.9997139573097229, 1.4882926940917969], [0.5687878727912903, 0.8222675323486328, 0.018883470445871353, -1.3333740234375], [0.0, 0.0, 0.0, 1.0]], [[0.010151772759854794, -0.9997533559799194, -0.01975511945784092, 0.00537109375], [0.0006218979833647609, 0.019762447103857994, -0.9998045563697815, 1.48016357421875], [0.9999483227729797, 0.010137529112398624, 0.0008223679033108056, -1.734710693359375], [0.0, 0.0, 0.0, 1.0]], [[-0.8440854549407959, -0.536045491695404, -0.01322840340435505, 1.09063720703125], [0.008640957996249199, 0.011068825609982014, -0.9999013543128967, 1.4930715560913086], [0.5361390709877014, -0.8441166281700134, -0.004711088724434376, -1.277587890625], [0.0, 0.0, 0.0, 1.0]], [[0.9478352665901184, 0.3186720907688141, -0.007514194585382938, -1.1438941955566406], [-0.016744356602430344, 0.02623491734266281, -0.9995155334472656, 1.5620460510253906], [-0.318320631980896, 0.9475018978118896, 0.030202338472008705, -0.1561279296875], [0.0, 0.0, 0.0, 1.0]], [[0.009318393655121326, 0.9997840523719788, 0.018575109541416168, -0.02880859375], [-0.014618552289903164, 0.01871013455092907, -0.9997180700302124, 1.5680580139160156], [-0.999849796295166, 0.009044195525348186, 0.014789743348956108, 0.04437255859375], [0.0, 0.0, 0.0, 1.0]], [[-0.923717200756073, 0.38298967480659485, 0.008095746859908104, 1.1605224609375], [-0.01042218692600727, -0.0039998795837163925, -0.9999377131462097, 1.5478121042251587], [-0.3829333186149597, -0.9237439632415771, 0.007686346769332886, -0.0438232421875], [0.0, 0.0, 0.0, 1.0]]], "view": [[0.0, -2.0, 100.0], [-2.0, 0.0, 100.0], [0.0, 0.0, 1.0]], "bev": "bev_394d87634b6c46049c2f06e84026096a.png", "aux": "aux_394d87634b6c46049c2f06e84026096a.npz", "visibility": "visibility_394d87634b6c46049c2f06e84026096a.png", "pose": [[-0.846889078617096, -0.5317696332931519, 0.0, 427.96856689453125], [0.5317696332931519, -0.846889078617096, 0.0, 1622.1558837890625], [0.0, 0.0, 1.0, 0.0], [0.0, 0.0, 0.0, 1.0]], "pose_inverse": [[-0.846889078617096, 0.5317696332931519, 0.0, -500.1712951660156], [-0.5317696332931519, -0.846889078617096, 0.0, 1601.36669921875], [0.0, 0.0, 1.0, 0.0], [0.0, 0.0, 0.0, 1.0]], "cam_ids": [0, 1, 2, 3, 4, 5], "cam_channels": ["CAM_FRONT_LEFT", "CAM_FRONT", "CAM_FRONT_RIGHT", "CAM_BACK_LEFT", "CAM_BACK", "CAM_BACK_RIGHT"], "token": "394d87634b6c46049c2f06e84026096a", "scene": "scene-0234"}, {"images": ["samples/CAM_FRONT_LEFT/n008-2018-07-27-12-07-38-0400__CAM_FRONT_LEFT__1532708430004799.jpg", "samples/CAM_FRONT/n008-2018-07-27-12-07-38-0400__CAM_FRONT__1532708430012404.jpg", "samples/CAM_FRONT_RIGHT/n008-2018-07-27-12-07-38-0400__CAM_FRONT_RIGHT__1532708430020482.jpg", "samples/CAM_BACK_LEFT/n008-2018-07-27-12-07-38-0400__CAM_BACK_LEFT__1532708430047405.jpg", "samples/CAM_BACK/n008-2018-07-27-12-07-38-0400__CAM_BACK__1532708430037558.jpg", "samples/CAM_BACK_RIGHT/n008-2018-07-27-12-07-38-0400__CAM_BACK_RIGHT__1532708430028113.jpg"], "intrinsics": [[[1257.8625342125129, 0.0, 827.2410631095686], [0.0, 1257.8625342125129, 450.915498205774], [0.0, 0.0, 1.0]], [[1252.8131021185304, 0.0, 826.588114781398], [0.0, 1252.8131021185304, 469.9846626224581], [0.0, 0.0, 1.0]], [[1256.7485116440405, 0.0, 817.7887570959712], [0.0, 1256.7485116440403, 451.9541780095127], [0.0, 0.0, 1.0]], [[1254.9860565800168, 0.0, 829.5769333630991], [0.0, 1254.9860565800168, 467.1680561863987], [0.0, 0.0, 1.0]], [[796.8910634503094, 0.0, 857.7774326863696], [0.0, 796.8910634503094, 476.8848988407415], [0.0, 0.0, 1.0]], [[1249.9629280788233, 0.0, 825.3768045375984], [0.0, 1249.9629280788233, 462.54816385708756], [0.0, 0.0, 1.0]]], "extrinsics": [[[0.8224807381629944, -0.5686036944389343, -0.014671358279883862, -1.0048828125], [-0.001380824251100421, 0.02379775047302246, -0.9997158646583557, 1.4882926940917969], [0.5687913298606873, 0.8222673535346985, 0.0187880489975214, -1.33349609375], [0.0, 0.0, 0.0, 1.0]], [[0.010151136666536331, -0.9997546672821045, -0.01968405209481716, 0.00537109375], [0.0005860251258127391, 0.01969101093709469, -0.9998059272766113, 1.48016357421875], [0.9999483227729797, 0.010137553326785564, 0.0007857666350901127, -1.734710693359375], [0.0, 0.0, 0.0, 1.0]], [[-0.8440843820571899, -0.536048412322998, -0.013178606517612934, 1.090576171875], [0.008620955981314182, 0.011007411405444145, -0.9999021887779236, 1.493072509765625], [0.536141037940979, -0.8441155552864075, -0.004669936373829842, -1.277587890625], [0.0, 0.0, 0.0, 1.0]], [[0.9478350877761841, 0.31867220997810364, -0.007532791700214148, -1.1439208984375], [-0.016746196895837784, 0.026182014495134354, -0.9995169639587402, 1.5620460510253906], [-0.3183210492134094, 0.9475033283233643, 0.030152779072523117, -0.1561279296875], [0.0, 0.0, 0.0, 1.0]], [[0.009316003881394863, 0.9997851848602295, 0.018516840413212776, -0.02880859375], [-0.014625799842178822, 0.018651900812983513, -0.9997190237045288, 1.5680618286132812], [-0.9998496770858765, 0.009042518213391304, 0.014796418137848377, 0.04443359375], [0.0, 0.0, 0.0, 1.0]], [[-0.9237188100814819, 0.38298600912094116, 0.008085391484200954, 1.16064453125], [-0.010434111580252647, -0.004055763129144907, -0.9999372959136963, 1.547811508178711], [-0.3829291760921478, -0.9237452745437622, 0.007742502726614475, -0.043701171875], [0.0, 0.0, 0.0, 1.0]]], "view": [[0.0, -2.0, 100.0], [-2.0, 0.0, 100.0], [0.0, 0.0, 1.0]], "bev": "bev_656b4207ba9542b2a9bb7c03aa61b325.png", "aux": "aux_656b4207ba9542b2a9bb7c03aa61b325.npz", "visibility": "visibility_656b4207ba9542b2a9bb7c03aa61b325.png", "pose": [[-0.846945583820343, -0.531679630279541, 0.0, 427.9685974121094], [0.531679630279541, -0.846945583820343, 0.0, 1622.1558837890625], [0.0, 0.0, 1.0, 0.0], [0.0, 0.0, 0.0, 1.0]], "pose_inverse": [[-0.846945583820343, 0.531679630279541, 0.0, -500.0010986328125], [-0.531679630279541, -0.846945583820343, 0.0, 1601.419921875], [0.0, 0.0, 1.0, 0.0], [0.0, 0.0, 0.0, 1.0]], "cam_ids": [0, 1, 2, 3, 4, 5], "cam_channels": ["CAM_FRONT_LEFT", "CAM_FRONT", "CAM_FRONT_RIGHT", "CAM_BACK_LEFT", "CAM_BACK", "CAM_BACK_RIGHT"], "token": "656b4207ba9542b2a9bb7c03aa61b325", "scene": "scene-0234"}, {"images": ["samples/CAM_FRONT_LEFT/n008-2018-07-27-12-07-38-0400__CAM_FRONT_LEFT__1532708430504799.jpg", "samples/CAM_FRONT/n008-2018-07-27-12-07-38-0400__CAM_FRONT__1532708430512404.jpg", "samples/CAM_FRONT_RIGHT/n008-2018-07-27-12-07-38-0400__CAM_FRONT_RIGHT__1532708430520482.jpg", "samples/CAM_BACK_LEFT/n008-2018-07-27-12-07-38-0400__CAM_BACK_LEFT__1532708430547405.jpg", "samples/CAM_BACK/n008-2018-07-27-12-07-38-0400__CAM_BACK__1532708430537558.jpg", "samples/CAM_BACK_RIGHT/n008-2018-07-27-12-07-38-0400__CAM_BACK_RIGHT__1532708430528113.jpg"], "intrinsics": [[[1257.8625342125129, 0.0, 827.2410631095686], [0.0, 1257.8625342125129, 450.915498205774], [0.0, 0.0, 1.0]], [[1252.8131021185304, 0.0, 826.588114781398], [0.0, 1252.8131021185304, 469.9846626224581], [0.0, 0.0, 1.0]], [[1256.7485116440405, 0.0, 817.7887570959712], [0.0, 1256.7485116440403, 451.9541780095127], [0.0, 0.0, 1.0]], [[1254.9860565800168, 0.0, 829.5769333630991], [0.0, 1254.9860565800168, 467.1680561863987], [0.0, 0.0, 1.0]], [[796.8910634503094, 0.0, 857.7774326863696], [0.0, 796.8910634503094, 476.8848988407415], [0.0, 0.0, 1.0]], [[1249.9629280788233, 0.0, 825.3768045375984], [0.0, 1249.9629280788233, 462.54816385708756], [0.0, 0.0, 1.0]]], "extrinsics": [[[0.822484016418457, -0.5685993432998657, -0.014659153297543526, -1.005126953125], [-0.0013473236467689276, 0.02382490783929825, -0.999715268611908, 1.4882926940917969], [0.5687867403030396, 0.8222695589065552, 0.01882951520383358, -1.333251953125], [0.0, 0.0, 0.0, 1.0]], [[0.010153308510780334, -0.9997543096542358, -0.01970553584396839, 0.00537109375], [0.000605831271968782, 0.019712699577212334, -0.9998055100440979, 1.48016357421875], [0.999948263168335, 0.010139383375644684, 0.0008058305829763412, -1.73468017578125], [0.0, 0.0, 0.0, 1.0]], [[-0.8440848588943481, -0.5360473990440369, -0.013191509991884232, 1.09063720703125], [0.008626175113022327, 0.011023269966244698, -0.9999020099639893, 1.493072509765625], [0.5361402630805969, -0.8441159725189209, -0.004680537153035402, -1.277587890625], [0.0, 0.0, 0.0, 1.0]], [[0.9478350877761841, 0.3186720013618469, -0.0075335027649998665, -1.1440086364746094], [-0.0167445857077837, 0.02617500349879265, -0.9995171427726746, 1.5620384216308594], [-0.31832095980644226, 0.9475035667419434, 0.030145619064569473, -0.1561279296875], [0.0, 0.0, 0.0, 1.0]], [[0.009317329153418541, 0.9997851848602295, 0.018511377274990082, -0.0289306640625], [-0.014614656567573547, 0.018646355718374252, -0.9997192621231079, 1.5680618286132812], [-0.9998498558998108, 0.009044242091476917, 0.014785253442823887, 0.0443115234375], [0.0, 0.0, 0.0, 1.0]], [[-0.9237176775932312, 0.38298875093460083, 0.00808386504650116, 1.1607666015625], [-0.010430271737277508, -0.0040504224598407745, -0.9999374151229858, 1.5478099584579468], [-0.38293200731277466, -0.9237441420555115, 0.0077361236326396465, -0.0438232421875], [0.0, 0.0, 0.0, 1.0]]], "view": [[0.0, -2.0, 100.0], [-2.0, 0.0, 100.0], [0.0, 0.0, 1.0]], "bev": "bev_2f789ae558a84df9b8daee0674a7985f.png", "aux": "aux_2f789ae558a84df9b8daee0674a7985f.npz", "visibility": "visibility_2f789ae558a84df9b8daee0674a7985f.png", "pose": [[-0.8469374179840088, -0.531692624092102, 0.0, 427.9685974121094], [0.531692624092102, -0.8469374179840088, 0.0, 1622.15576171875], [0.0, 0.0, 1.0, 0.0], [0.0, 0.0, 0.0, 1.0]], "pose_inverse": [[-0.8469374179840088, 0.531692624092102, 0.0, -500.0256652832031], [-0.531692624092102, -0.8469374179840088, 0.0, 1601.412109375], [0.0, 0.0, 1.0, 0.0], [0.0, 0.0, 0.0, 1.0]], "cam_ids": [0, 1, 2, 3, 4, 5], "cam_channels": ["CAM_FRONT_LEFT", "CAM_FRONT", "CAM_FRONT_RIGHT", "CAM_BACK_LEFT", "CAM_BACK", "CAM_BACK_RIGHT"], "token": "2f789ae558a84df9b8daee0674a7985f", "scene": "scene-0234"}, {"images": ["samples/CAM_FRONT_LEFT/n008-2018-07-27-12-07-38-0400__CAM_FRONT_LEFT__1532708431004799.jpg", "samples/CAM_FRONT/n008-2018-07-27-12-07-38-0400__CAM_FRONT__1532708431012673.jpg", "samples/CAM_FRONT_RIGHT/n008-2018-07-27-12-07-38-0400__CAM_FRONT_RIGHT__1532708431020482.jpg", "samples/CAM_BACK_LEFT/n008-2018-07-27-12-07-38-0400__CAM_BACK_LEFT__1532708431047405.jpg", "samples/CAM_BACK/n008-2018-07-27-12-07-38-0400__CAM_BACK__1532708431037558.jpg", "samples/CAM_BACK_RIGHT/n008-2018-07-27-12-07-38-0400__CAM_BACK_RIGHT__1532708431028113.jpg"], "intrinsics": [[[1257.8625342125129, 0.0, 827.2410631095686], [0.0, 1257.8625342125129, 450.915498205774], [0.0, 0.0, 1.0]], [[1252.8131021185304, 0.0, 826.588114781398], [0.0, 1252.8131021185304, 469.9846626224581], [0.0, 0.0, 1.0]], [[1256.7485116440405, 0.0, 817.7887570959712], [0.0, 1256.7485116440403, 451.9541780095127], [0.0, 0.0, 1.0]], [[1254.9860565800168, 0.0, 829.5769333630991], [0.0, 1254.9860565800168, 467.1680561863987], [0.0, 0.0, 1.0]], [[796.8910634503094, 0.0, 857.7774326863696], [0.0, 796.8910634503094, 476.8848988407415], [0.0, 0.0, 1.0]], [[1249.9629280788233, 0.0, 825.3768045375984], [0.0, 1249.9629280788233, 462.54816385708756], [0.0, 0.0, 1.0]]], "extrinsics": [[[0.8224757313728333, -0.5686134099960327, -0.014576083049178123, -1.0050048828125], [-0.0013155917404219508, 0.02372424677014351, -0.999717652797699, 1.4882965087890625], [0.5687987208366394, 0.822262704372406, 0.018764553591609, -1.3333740234375], [0.0, 0.0, 0.0, 1.0]], [[0.010141550563275814, -0.9997562766075134, -0.019607435911893845, 0.00537109375], [0.0006417783442884684, 0.019614947959780693, -0.9998074173927307, 1.4801654815673828], [0.9999483823776245, 0.010127081535756588, 0.0008405482512898743, -1.734771728515625], [0.0, 0.0, 0.0, 1.0]], [[-0.8440889716148376, -0.5360413193702698, -0.01317434199154377, 1.090606689453125], [0.008666381239891052, 0.01092800684273243, -0.9999027252197266, 1.493072509765625], [0.5361330509185791, -0.844120979309082, -0.004578672349452972, -1.2777099609375], [0.0, 0.0, 0.0, 1.0]], [[0.9478354454040527, 0.31867125630378723, -0.007521217688918114, -1.1438827514648438], [-0.016711272299289703, 0.026114482432603836, -0.9995192885398865, 1.5620460510253906], [-0.31832170486450195, 0.9475054144859314, 0.030077636241912842, -0.156005859375], [0.0, 0.0, 0.0, 1.0]], [[0.009319780394434929, 0.9997864961624146, 0.018438920378684998, -0.0286865234375], [-0.014587566256523132, 0.018573693931102753, -0.9997210502624512, 1.5680618286132812], [-0.9998501539230347, 0.009048204869031906, 0.014757556840777397, 0.04425048828125], [0.0, 0.0, 0.0, 1.0]], [[-0.9237158894538879, 0.3829944133758545, 0.008011452853679657, 1.16064453125], [-0.010388361290097237, -0.00413829181343317, -0.9999374151229858, 1.5478123426437378], [-0.38293734192848206, -0.923741340637207, 0.0078012896701693535, -0.0435791015625], [0.0, 0.0, 0.0, 1.0]]], "view": [[0.0, -2.0, 100.0], [-2.0, 0.0, 100.0], [0.0, 0.0, 1.0]], "bev": "bev_623e58c15be546b39a36796a5b03d18f.png", "aux": "aux_623e58c15be546b39a36796a5b03d18f.npz", "visibility": "visibility_623e58c15be546b39a36796a5b03d18f.png", "pose": [[-0.8469453454017639, -0.5316799283027649, 0.0, 427.9685974121094], [0.5316799283027649, -0.8469453454017639, 0.0, 1622.1558837890625], [0.0, 0.0, 1.0, 0.0], [0.0, 0.0, 0.0, 1.0]], "pose_inverse": [[-0.8469453454017639, 0.5316799283027649, 0.0, -500.001708984375], [-0.5316799283027649, -0.8469453454017639, 0.0, 1601.419677734375], [0.0, 0.0, 1.0, 0.0], [0.0, 0.0, 0.0, 1.0]], "cam_ids": [0, 1, 2, 3, 4, 5], "cam_channels": ["CAM_FRONT_LEFT", "CAM_FRONT", "CAM_FRONT_RIGHT", "CAM_BACK_LEFT", "CAM_BACK", "CAM_BACK_RIGHT"], "token": "623e58c15be546b39a36796a5b03d18f", "scene": "scene-0234"}, {"images": ["samples/CAM_FRONT_LEFT/n008-2018-07-27-12-07-38-0400__CAM_FRONT_LEFT__1532708431404799.jpg", "samples/CAM_FRONT/n008-2018-07-27-12-07-38-0400__CAM_FRONT__1532708431412404.jpg", "samples/CAM_FRONT_RIGHT/n008-2018-07-27-12-07-38-0400__CAM_FRONT_RIGHT__1532708431420482.jpg", "samples/CAM_BACK_LEFT/n008-2018-07-27-12-07-38-0400__CAM_BACK_LEFT__1532708431447405.jpg", "samples/CAM_BACK/n008-2018-07-27-12-07-38-0400__CAM_BACK__1532708431437558.jpg", "samples/CAM_BACK_RIGHT/n008-2018-07-27-12-07-38-0400__CAM_BACK_RIGHT__1532708431428142.jpg"], "intrinsics": [[[1257.8625342125129, 0.0, 827.2410631095686], [0.0, 1257.8625342125129, 450.915498205774], [0.0, 0.0, 1.0]], [[1252.8131021185304, 0.0, 826.588114781398], [0.0, 1252.8131021185304, 469.9846626224581], [0.0, 0.0, 1.0]], [[1256.7485116440405, 0.0, 817.7887570959712], [0.0, 1256.7485116440403, 451.9541780095127], [0.0, 0.0, 1.0]], [[1254.9860565800168, 0.0, 829.5769333630991], [0.0, 1254.9860565800168, 467.1680561863987], [0.0, 0.0, 1.0]], [[796.8910634503094, 0.0, 857.7774326863696], [0.0, 796.8910634503094, 476.8848988407415], [0.0, 0.0, 1.0]], [[1249.9629280788233, 0.0, 825.3768045375984], [0.0, 1249.9629280788233, 462.54816385708756], [0.0, 0.0, 1.0]]], "extrinsics": [[[0.8224933743476868, -0.5685877799987793, -0.014582454226911068, -1.005126953125], [-0.00132381496950984, 0.02372458204627037, -0.999717652797699, 1.4882926940917969], [0.5687732696533203, 0.8222804665565491, 0.018760602921247482, -1.333251953125], [0.0, 0.0, 0.0, 1.0]], [[0.010167219676077366, -0.9997562170028687, -0.019600924104452133, 0.00537109375], [0.0006294181803241372, 0.019608333706855774, -0.9998075366020203, 1.4801654815673828], [0.9999481439590454, 0.010152897797524929, 0.0008286268566735089, -1.73468017578125], [0.0, 0.0, 0.0, 1.0]], [[-0.8440789580345154, -0.5360576510429382, -0.01315334253013134, 1.0906982421875], [0.008649877272546291, 0.010914662852883339, -0.9999030232429504, 1.493072509765625], [0.5361492037773132, -0.8441108465194702, -0.004576004110276699, -1.2777099609375], [0.0, 0.0, 0.0, 1.0]], [[0.9478349089622498, 0.3186720609664917, -0.007552001159638166, -1.1439704895019531], [-0.01673094369471073, 0.02607632800936699, -0.999519944190979, 1.562042236328125], [-0.31832215189933777, 0.9475062489509583, 0.030047738924622536, -0.1561279296875], [0.0, 0.0, 0.0, 1.0]], [[0.00931281317025423, 0.9997870922088623, 0.018413309007883072, -0.0289306640625], [-0.014599766582250595, 0.018548093736171722, -0.9997212886810303, 1.5680580139160156], [-0.9998500943183899, 0.009041356854140759, 0.01476939395070076, 0.04437255859375], [0.0, 0.0, 0.0, 1.0]], [[-0.9237207770347595, 0.38298261165618896, 0.008018882013857365, 1.16064453125], [-0.010403069667518139, -0.004154633264988661, -0.9999372959136963, 1.547810435295105], [-0.38292521238327026, -0.9237461686134338, 0.007821916602551937, -0.0438232421875], [0.0, 0.0, 0.0, 1.0]]], "view": [[0.0, -2.0, 100.0], [-2.0, 0.0, 100.0], [0.0, 0.0, 1.0]], "bev": "bev_43c8e708f0734128be1b7a5d56958f6c.png", "aux": "aux_43c8e708f0734128be1b7a5d56958f6c.npz", "visibility": "visibility_43c8e708f0734128be1b7a5d56958f6c.png", "pose": [[-0.8468742966651917, -0.5317931175231934, 0.0, 427.9685974121094], [0.5317931175231934, -0.8468742966651917, 0.0, 1622.1558837890625], [0.0, 0.0, 1.0, 0.0], [0.0, 0.0, 0.0, 1.0]], "pose_inverse": [[-0.8468742966651917, 0.5317931175231934, 0.0, -500.2157287597656], [-0.5317931175231934, -0.8468742966651917, 0.0, 1601.3529052734375], [0.0, 0.0, 1.0, 0.0], [0.0, 0.0, 0.0, 1.0]], "cam_ids": [0, 1, 2, 3, 4, 5], "cam_channels": ["CAM_FRONT_LEFT", "CAM_FRONT", "CAM_FRONT_RIGHT", "CAM_BACK_LEFT", "CAM_BACK", "CAM_BACK_RIGHT"], "token": "43c8e708f0734128be1b7a5d56958f6c", "scene": "scene-0234"}, {"images": ["samples/CAM_FRONT_LEFT/n008-2018-07-27-12-07-38-0400__CAM_FRONT_LEFT__1532708431904799.jpg", "samples/CAM_FRONT/n008-2018-07-27-12-07-38-0400__CAM_FRONT__1532708431912404.jpg", "samples/CAM_FRONT_RIGHT/n008-2018-07-27-12-07-38-0400__CAM_FRONT_RIGHT__1532708431920482.jpg", "samples/CAM_BACK_LEFT/n008-2018-07-27-12-07-38-0400__CAM_BACK_LEFT__1532708431947405.jpg", "samples/CAM_BACK/n008-2018-07-27-12-07-38-0400__CAM_BACK__1532708431937558.jpg", "samples/CAM_BACK_RIGHT/n008-2018-07-27-12-07-38-0400__CAM_BACK_RIGHT__1532708431928113.jpg"], "intrinsics": [[[1257.8625342125129, 0.0, 827.2410631095686], [0.0, 1257.8625342125129, 450.915498205774], [0.0, 0.0, 1.0]], [[1252.8131021185304, 0.0, 826.588114781398], [0.0, 1252.8131021185304, 469.9846626224581], [0.0, 0.0, 1.0]], [[1256.7485116440405, 0.0, 817.7887570959712], [0.0, 1256.7485116440403, 451.9541780095127], [0.0, 0.0, 1.0]], [[1254.9860565800168, 0.0, 829.5769333630991], [0.0, 1254.9860565800168, 467.1680561863987], [0.0, 0.0, 1.0]], [[796.8910634503094, 0.0, 857.7774326863696], [0.0, 796.8910634503094, 476.8848988407415], [0.0, 0.0, 1.0]], [[1249.9629280788233, 0.0, 825.3768045375984], [0.0, 1249.9629280788233, 462.54816385708756], [0.0, 0.0, 1.0]]], "extrinsics": [[[0.8224809765815735, -0.5686008334159851, -0.014772070571780205, -1.0050048828125], [-0.0015729902079328895, 0.023697029799222946, -0.9997178912162781, 1.4882926940917969], [0.5687904953956604, 0.8222722411155701, 0.018595950677990913, -1.33349609375], [0.0, 0.0, 0.0, 1.0]], [[0.010151038877665997, -0.999756932258606, -0.019570017233490944, 0.00537109375], [0.0003914742264896631, 0.019574997946619987, -0.9998083114624023, 1.48016357421875], [0.9999484419822693, 0.010141432285308838, 0.000590085459407419, -1.73468017578125], [0.0, 0.0, 0.0, 1.0]], [[-0.844085156917572, -0.536052942276001, -0.012941337190568447, 1.090606689453125], [0.008423851802945137, 0.010875165462493896, -0.9999053478240967, 1.493072509765625], [0.5361430048942566, -0.844114363193512, -0.004663937725126743, -1.277587890625], [0.0, 0.0, 0.0, 1.0]], [[0.9478326439857483, 0.31867361068725586, -0.007770664058625698, -1.143890380859375], [-0.01694878749549389, 0.026038244366645813, -0.9995172619819641, 1.5620460510253906], [-0.3183174729347229, 0.947506844997406, 0.03008102811872959, -0.156005859375], [0.0, 0.0, 0.0, 1.0]], [[0.00931716151535511, 0.9997875690460205, 0.018384432420134544, -0.0286865234375], [-0.014832422137260437, 0.01852138713002205, -0.999718427658081, 1.5680618286132812], [-0.9998465776443481, 0.009041860699653625, 0.01500183716416359, 0.0443115234375], [0.0, 0.0, 0.0, 1.0]], [[-0.923718273639679, 0.38298436999320984, 0.008218536153435707, 1.1607666015625], [-0.010634256526827812, -0.004190921317785978, -0.9999346733093262, 1.547810673713684], [-0.382924884557724, -0.9237452745437622, 0.007943985052406788, -0.043701171875], [0.0, 0.0, 0.0, 1.0]]], "view": [[0.0, -2.0, 100.0], [-2.0, 0.0, 100.0], [0.0, 0.0, 1.0]], "bev": "bev_30c8ce886a3b479ab5e6f9c82f0f403d.png", "aux": "aux_30c8ce886a3b479ab5e6f9c82f0f403d.npz", "visibility": "visibility_30c8ce886a3b479ab5e6f9c82f0f403d.png", "pose": [[-0.8468719124794006, -0.531796932220459, 0.0, 427.96856689453125], [0.531796932220459, -0.8468719124794006, 0.0, 1622.1558837890625], [0.0, 0.0, 1.0, 0.0], [0.0, 0.0, 0.0, 1.0]], "pose_inverse": [[-0.8468719124794006, 0.531796932220459, 0.0, -500.2229919433594], [-0.531796932220459, -0.8468719124794006, 0.0, 1601.3505859375], [0.0, 0.0, 1.0, 0.0], [0.0, 0.0, 0.0, 1.0]], "cam_ids": [0, 1, 2, 3, 4, 5], "cam_channels": ["CAM_FRONT_LEFT", "CAM_FRONT", "CAM_FRONT_RIGHT", "CAM_BACK_LEFT", "CAM_BACK", "CAM_BACK_RIGHT"], "token": "30c8ce886a3b479ab5e6f9c82f0f403d", "scene": "scene-0234"}, {"images": ["samples/CAM_FRONT_LEFT/n008-2018-07-27-12-07-38-0400__CAM_FRONT_LEFT__1532708432405029.jpg", "samples/CAM_FRONT/n008-2018-07-27-12-07-38-0400__CAM_FRONT__1532708432412630.jpg", "samples/CAM_FRONT_RIGHT/n008-2018-07-27-12-07-38-0400__CAM_FRONT_RIGHT__1532708432420482.jpg", "samples/CAM_BACK_LEFT/n008-2018-07-27-12-07-38-0400__CAM_BACK_LEFT__1532708432447405.jpg", "samples/CAM_BACK/n008-2018-07-27-12-07-38-0400__CAM_BACK__1532708432437558.jpg", "samples/CAM_BACK_RIGHT/n008-2018-07-27-12-07-38-0400__CAM_BACK_RIGHT__1532708432429326.jpg"], "intrinsics": [[[1257.8625342125129, 0.0, 827.2410631095686], [0.0, 1257.8625342125129, 450.915498205774], [0.0, 0.0, 1.0]], [[1252.8131021185304, 0.0, 826.588114781398], [0.0, 1252.8131021185304, 469.9846626224581], [0.0, 0.0, 1.0]], [[1256.7485116440405, 0.0, 817.7887570959712], [0.0, 1256.7485116440403, 451.9541780095127], [0.0, 0.0, 1.0]], [[1254.9860565800168, 0.0, 829.5769333630991], [0.0, 1254.9860565800168, 467.1680561863987], [0.0, 0.0, 1.0]], [[796.8910634503094, 0.0, 857.7774326863696], [0.0, 796.8910634503094, 476.8848988407415], [0.0, 0.0, 1.0]], [[1249.9629280788233, 0.0, 825.3768045375984], [0.0, 1249.9629280788233, 462.54816385708756], [0.0, 0.0, 1.0]]], "extrinsics": [[[0.8224865198135376, -0.5685969591140747, -0.0146098081022501, -1.005126953125], [-0.0014747742097824812, 0.023554041981697083, -0.9997214674949646, 1.4883003234863281], [0.5687827467918396, 0.8222789764404297, 0.018534328788518906, -1.3333740234375], [0.0, 0.0, 0.0, 1.0]], [[0.010156412608921528, -0.9997597336769104, -0.01942264288663864, 0.0052490234375], [0.0005070620100013912, 0.019428793340921402, -0.9998111128807068, 1.4801654815673828], [0.9999483227729797, 0.010144606232643127, 0.0007042666547931731, -1.734649658203125], [0.0, 0.0, 0.0, 1.0]], [[-0.8440840840339661, -0.5360538363456726, -0.012973682023584843, 1.09063720703125], [0.008557065390050411, 0.010725748725235462, -0.9999058246612549, 1.493072509765625], [0.5361425280570984, -0.844115674495697, -0.0044663879089057446, -1.277587890625], [0.0, 0.0, 0.0, 1.0]], [[0.9478334784507751, 0.31867218017578125, -0.007731694262474775, -1.14398193359375], [-0.01685778610408306, 0.025889839977025986, -0.9995226263999939, 1.5620384216308594], [-0.31831982731819153, 0.9475113153457642, 0.029911361634731293, -0.1561279296875], [0.0, 0.0, 0.0, 1.0]], [[0.009317684918642044, 0.9997904300689697, 0.01822655089199543, -0.02880859375], [-0.014732559211552143, 0.01836262084543705, -0.9997227787971497, 1.5680618286132812], [-0.9998480677604675, 0.009046589024364948, 0.01490057073533535, 0.0443115234375], [0.0, 0.0, 0.0, 1.0]], [[-0.9237174987792969, 0.3829898536205292, 0.00804535299539566, 1.16064453125], [-0.010508767329156399, -0.004340320359915495, -0.9999353289604187, 1.547811508178711], [-0.3829301595687866, -0.9237423539161682, 0.008033981546759605, -0.043701171875], [0.0, 0.0, 0.0, 1.0]]], "view": [[0.0, -2.0, 100.0], [-2.0, 0.0, 100.0], [0.0, 0.0, 1.0]], "bev": "bev_f77bd854fba9428fa1a19e3a8e1b9d4d.png", "aux": "aux_f77bd854fba9428fa1a19e3a8e1b9d4d.npz", "visibility": "visibility_f77bd854fba9428fa1a19e3a8e1b9d4d.png", "pose": [[-0.8468810319900513, -0.5317823886871338, 0.0, 427.96856689453125], [0.5317823886871338, -0.8468810319900513, 0.0, 1622.1558837890625], [0.0, 0.0, 1.0, 0.0], [0.0, 0.0, 0.0, 1.0]], "pose_inverse": [[-0.8468810319900513, 0.5317823886871338, 0.0, -500.1954345703125], [-0.5317823886871338, -0.8468810319900513, 0.0, 1601.3592529296875], [0.0, 0.0, 1.0, 0.0], [0.0, 0.0, 0.0, 1.0]], "cam_ids": [0, 1, 2, 3, 4, 5], "cam_channels": ["CAM_FRONT_LEFT", "CAM_FRONT", "CAM_FRONT_RIGHT", "CAM_BACK_LEFT", "CAM_BACK", "CAM_BACK_RIGHT"], "token": "f77bd854fba9428fa1a19e3a8e1b9d4d", "scene": "scene-0234"}, {"images": ["samples/CAM_FRONT_LEFT/n008-2018-07-27-12-07-38-0400__CAM_FRONT_LEFT__1532708432904799.jpg", "samples/CAM_FRONT/n008-2018-07-27-12-07-38-0400__CAM_FRONT__1532708432912404.jpg", "samples/CAM_FRONT_RIGHT/n008-2018-07-27-12-07-38-0400__CAM_FRONT_RIGHT__1532708432920482.jpg", "samples/CAM_BACK_LEFT/n008-2018-07-27-12-07-38-0400__CAM_BACK_LEFT__1532708432947405.jpg", "samples/CAM_BACK/n008-2018-07-27-12-07-38-0400__CAM_BACK__1532708432937558.jpg", "samples/CAM_BACK_RIGHT/n008-2018-07-27-12-07-38-0400__CAM_BACK_RIGHT__1532708432928130.jpg"], "intrinsics": [[[1257.8625342125129, 0.0, 827.2410631095686], [0.0, 1257.8625342125129, 450.915498205774], [0.0, 0.0, 1.0]], [[1252.8131021185304, 0.0, 826.588114781398], [0.0, 1252.8131021185304, 469.9846626224581], [0.0, 0.0, 1.0]], [[1256.7485116440405, 0.0, 817.7887570959712], [0.0, 1256.7485116440403, 451.9541780095127], [0.0, 0.0, 1.0]], [[1254.9860565800168, 0.0, 829.5769333630991], [0.0, 1254.9860565800168, 467.1680561863987], [0.0, 0.0, 1.0]], [[796.8910634503094, 0.0, 857.7774326863696], [0.0, 796.8910634503094, 476.8848988407415], [0.0, 0.0, 1.0]], [[1249.9629280788233, 0.0, 825.3768045375984], [0.0, 1249.9629280788233, 462.54816385708756], [0.0, 0.0, 1.0]]], "extrinsics": [[[0.8224959969520569, -0.5686653852462769, -0.010958794504404068, -1.0008544921875], [0.0028685349971055984, 0.023414654657244682, -0.9997217655181885, 1.4883155822753906], [0.5687637329101562, 0.8222357034683228, 0.02088969573378563, -1.330322265625], [0.0, 0.0, 0.0, 1.0]], [[0.010163113474845886, -0.9997627139091492, -0.01926608383655548, 0.00537109375], [0.00472800200805068, 0.019314907491207123, -0.99980229139328, 1.4801883697509766], [0.9999371767044067, 0.010070055723190308, 0.004923179745674133, -1.73016357421875], [0.0, 0.0, 0.0, 1.0]], [[-0.8440600037574768, -0.5359985828399658, -0.016380460932850838, 1.087432861328125], [0.012648480013012886, 0.010638362728059292, -0.9998633861541748, 1.4931201934814453], [0.5360996127128601, -0.8441519141197205, -0.0021998505108058453, -1.275634765625], [0.0, 0.0, 0.0, 1.0]], [[0.94786536693573, 0.3186437487602234, -0.004170286003500223, -1.1438522338867188], [-0.013103513047099113, 0.025896748527884483, -0.9995787143707275, 1.5620384216308594], [-0.3184015154838562, 0.9475207328796387, 0.02872198447585106, -0.1561279296875], [0.0, 0.0, 0.0, 1.0]], [[0.00929165817797184, 0.9997905492782593, 0.018235042691230774, -0.02880859375], [-0.010840892791748047, 0.018335474655032158, -0.9997731447219849, 1.5680465698242188], [-0.9998980760574341, 0.009091861546039581, 0.011008989997208118, 0.042724609375], [0.0, 0.0, 0.0, 1.0]], [[-0.9237197041511536, 0.38304468989372253, 0.004328083246946335, 1.15771484375], [-0.0065148742869496346, -0.0044119334779679775, -0.9999690651893616, 1.5477900505065918], [-0.38301366567611694, -0.9237192273139954, 0.006570879369974136, -0.044921875], [0.0, 0.0, 0.0, 1.0]]], "view": [[0.0, -2.0, 100.0], [-2.0, 0.0, 100.0], [0.0, 0.0, 1.0]], "bev": "bev_2bf2b5ed46c049dda7eb228b05808bde.png", "aux": "aux_2bf2b5ed46c049dda7eb228b05808bde.npz", "visibility": "visibility_2bf2b5ed46c049dda7eb228b05808bde.png", "pose": [[-0.8471018671989441, -0.5314305424690247, 0.0, 427.96337890625], [0.5314305424690247, -0.8471018671989441, 0.0, 1622.1590576171875], [0.0, 0.0, 1.0, 0.0], [0.0, 0.0, 0.0, 1.0]], "pose_inverse": [[-0.8471018671989441, 0.5314305424690247, 0.0, -499.5362548828125], [-0.5314305424690247, -0.8471018671989441, 0.0, 1601.5667724609375], [0.0, 0.0, 1.0, 0.0], [0.0, 0.0, 0.0, 1.0]], "cam_ids": [0, 1, 2, 3, 4, 5], "cam_channels": ["CAM_FRONT_LEFT", "CAM_FRONT", "CAM_FRONT_RIGHT", "CAM_BACK_LEFT", "CAM_BACK", "CAM_BACK_RIGHT"], "token": "2bf2b5ed46c049dda7eb228b05808bde", "scene": "scene-0234"}, {"images": ["samples/CAM_FRONT_LEFT/n008-2018-07-27-12-07-38-0400__CAM_FRONT_LEFT__1532708433354799.jpg", "samples/CAM_FRONT/n008-2018-07-27-12-07-38-0400__CAM_FRONT__1532708433362404.jpg", "samples/CAM_FRONT_RIGHT/n008-2018-07-27-12-07-38-0400__CAM_FRONT_RIGHT__1532708433370482.jpg", "samples/CAM_BACK_LEFT/n008-2018-07-27-12-07-38-0400__CAM_BACK_LEFT__1532708433397405.jpg", "samples/CAM_BACK/n008-2018-07-27-12-07-38-0400__CAM_BACK__1532708433387558.jpg", "samples/CAM_BACK_RIGHT/n008-2018-07-27-12-07-38-0400__CAM_BACK_RIGHT__1532708433378113.jpg"], "intrinsics": [[[1257.8625342125129, 0.0, 827.2410631095686], [0.0, 1257.8625342125129, 450.915498205774], [0.0, 0.0, 1.0]], [[1252.8131021185304, 0.0, 826.588114781398], [0.0, 1252.8131021185304, 469.9846626224581], [0.0, 0.0, 1.0]], [[1256.7485116440405, 0.0, 817.7887570959712], [0.0, 1256.7485116440403, 451.9541780095127], [0.0, 0.0, 1.0]], [[1254.9860565800168, 0.0, 829.5769333630991], [0.0, 1254.9860565800168, 467.1680561863987], [0.0, 0.0, 1.0]], [[796.8910634503094, 0.0, 857.7774326863696], [0.0, 796.8910634503094, 476.8848988407415], [0.0, 0.0, 1.0]], [[1249.9629280788233, 0.0, 825.3768045375984], [0.0, 1249.9629280788233, 462.54816385708756], [0.0, 0.0, 1.0]]], "extrinsics": [[[0.8223877549171448, -0.5688213109970093, -0.010981454513967037, -0.98583984375], [0.0034519596956670284, 0.024290576577186584, -0.9996989965438843, 1.4883766174316406], [0.5689167976379395, 0.8221023678779602, 0.021939821541309357, -1.320068359375], [0.0, 0.0, 0.0, 1.0]], [[0.010009883902966976, -0.9997475147247314, -0.020114555954933167, 0.00537109375], [0.005454009398818016, 0.020169850438833237, -0.9997817277908325, 1.4802722930908203], [0.99993497133255, 0.009897957555949688, 0.005654529668390751, -1.71527099609375], [0.0, 0.0, 0.0, 1.0]], [[-0.8441148400306702, -0.5358748435974121, -0.017558876425027847, 1.077789306640625], [0.013526496477425098, 0.011454540304839611, -0.9998428821563721, 1.4932794570922852], [0.5359917879104614, -0.8442197442054749, -0.002420439152047038, -1.26953125], [0.0, 0.0, 0.0, 1.0]], [[0.9478737711906433, 0.3186359405517578, -0.002544310875236988, -1.1441192626953125], [-0.011623656377196312, 0.026596248149871826, -0.9995786547660828, 1.5620460510253906], [-0.3184340000152588, 0.947503924369812, 0.028913600370287895, -0.1558837890625], [0.0, 0.0, 0.0, 1.0]], [[0.009322217665612698, 0.9997758865356445, 0.019005591049790382, -0.0286865234375], [-0.009594841860234737, 0.01909497380256653, -0.9997715950012207, 1.5680084228515625], [-0.9999104738235474, 0.009137721732258797, 0.00977069977670908, 0.038726806640625], [0.0, 0.0, 0.0, 1.0]], [[-0.923688530921936, 0.38312646746635437, 0.0036753963213413954, 1.1507568359375], [-0.005476807709783316, -0.0036112021189182997, -0.9999784827232361, 1.5477511882781982], [-0.38310495018959045, -0.9236887693405151, 0.005433938000351191, -0.0478515625], [0.0, 0.0, 0.0, 1.0]]], "view": [[0.0, -2.0, 100.0], [-2.0, 0.0, 100.0], [0.0, 0.0, 1.0]], "bev": "bev_eee8b9bc29dd44de968b38791c7e501a.png", "aux": "aux_eee8b9bc29dd44de968b38791c7e501a.npz", "visibility": "visibility_eee8b9bc29dd44de968b38791c7e501a.png", "pose": [[-0.847966730594635, -0.5300494432449341, 0.0, 427.8216552734375], [0.5300494432449341, -0.847966730594635, 0.0, 1622.247802734375], [0.0, 0.0, 1.0, 0.0], [0.0, 0.0, 0.0, 1.0]], "pose_inverse": [[-0.847966730594635, 0.5300494432449341, 0.0, -497.09295654296875], [-0.5300494432449341, -0.847966730594635, 0.0, 1602.3787841796875], [0.0, 0.0, 1.0, 0.0], [0.0, 0.0, 0.0, 1.0]], "cam_ids": [0, 1, 2, 3, 4, 5], "cam_channels": ["CAM_FRONT_LEFT", "CAM_FRONT", "CAM_FRONT_RIGHT", "CAM_BACK_LEFT", "CAM_BACK", "CAM_BACK_RIGHT"], "token": "eee8b9bc29dd44de968b38791c7e501a", "scene": "scene-0234"}, {"images": ["samples/CAM_FRONT_LEFT/n008-2018-07-27-12-07-38-0400__CAM_FRONT_LEFT__1532708433854799.jpg", "samples/CAM_FRONT/n008-2018-07-27-12-07-38-0400__CAM_FRONT__1532708433862404.jpg", "samples/CAM_FRONT_RIGHT/n008-2018-07-27-12-07-38-0400__CAM_FRONT_RIGHT__1532708433870482.jpg", "samples/CAM_BACK_LEFT/n008-2018-07-27-12-07-38-0400__CAM_BACK_LEFT__1532708433897405.jpg", "samples/CAM_BACK/n008-2018-07-27-12-07-38-0400__CAM_BACK__1532708433887558.jpg", "samples/CAM_BACK_RIGHT/n008-2018-07-27-12-07-38-0400__CAM_BACK_RIGHT__1532708433878113.jpg"], "intrinsics": [[[1257.8625342125129, 0.0, 827.2410631095686], [0.0, 1257.8625342125129, 450.915498205774], [0.0, 0.0, 1.0]], [[1252.8131021185304, 0.0, 826.588114781398], [0.0, 1252.8131021185304, 469.9846626224581], [0.0, 0.0, 1.0]], [[1256.7485116440405, 0.0, 817.7887570959712], [0.0, 1256.7485116440403, 451.9541780095127], [0.0, 0.0, 1.0]], [[1254.9860565800168, 0.0, 829.5769333630991], [0.0, 1254.9860565800168, 467.1680561863987], [0.0, 0.0, 1.0]], [[796.8910634503094, 0.0, 857.7774326863696], [0.0, 796.8910634503094, 476.8848988407415], [0.0, 0.0, 1.0]], [[1249.9629280788233, 0.0, 825.3768045375984], [0.0, 1249.9629280788233, 462.54816385708756], [0.0, 0.0, 1.0]]], "extrinsics": [[[0.822384774684906, -0.5688751339912415, -0.008028249256312847, -0.96337890625], [0.007183636073023081, 0.024492807686328888, -0.9996742010116577, 1.4886627197265625], [0.5688864588737488, 0.822059154510498, 0.024229101836681366, -1.30419921875], [0.0, 0.0, 0.0, 1.0]], [[0.010038903914391994, -0.9997435808181763, -0.02029995247721672, 0.0057373046875], [0.0091421352699399, 0.02039189264178276, -0.9997502565383911, 1.4805526733398438], [0.9999077320098877, 0.009850769303739071, 0.009344502352178097, -1.69287109375], [0.0, 0.0, 0.0, 1.0]], [[-0.8440614938735962, -0.5358442664146423, -0.02076568268239498, 1.06353759765625], [0.017160454764962196, 0.011713704094290733, -0.9997841119766235, 1.4936246871948242], [0.5359718203544617, -0.8442355990409851, -0.0006917551509104669, -1.260498046875], [0.0, 0.0, 0.0, 1.0]], [[0.9478926658630371, 0.3185889422893524, 0.0007805380155332386, -1.1447677612304688], [-0.008234771899878979, 0.026949800550937653, -0.9996028542518616, 1.5620460510253906], [-0.31848347187042236, 0.947509765625, 0.028169024735689163, -0.1558837890625], [0.0, 0.0, 0.0, 1.0]], [[0.009278683923184872, 0.9997696876525879, 0.019353028386831284, -0.0286865234375], [-0.006090374197810888, 0.01941000483930111, -0.9997929930686951, 1.567993164