[{"images": ["samples/CAM_FRONT_LEFT/n008-2018-08-31-11-56-46-0400__CAM_FRONT_LEFT__1535731298604799.jpg", "samples/CAM_FRONT/n008-2018-08-31-11-56-46-0400__CAM_FRONT__1535731298612404.jpg", "samples/CAM_FRONT_RIGHT/n008-2018-08-31-11-56-46-0400__CAM_FRONT_RIGHT__1535731298620482.jpg", "samples/CAM_BACK_LEFT/n008-2018-08-31-11-56-46-0400__CAM_BACK_LEFT__1535731298647405.jpg", "samples/CAM_BACK/n008-2018-08-31-11-56-46-0400__CAM_BACK__1535731298637558.jpg", "samples/CAM_BACK_RIGHT/n008-2018-08-31-11-56-46-0400__CAM_BACK_RIGHT__1535731298628113.jpg"], "intrinsics": [[[1257.8625342125129, 0.0, 827.2410631095686], [0.0, 1257.8625342125129, 450.915498205774], [0.0, 0.0, 1.0]], [[1252.8131021185304, 0.0, 826.588114781398], [0.0, 1252.8131021185304, 469.9846626224581], [0.0, 0.0, 1.0]], [[1256.7485116440405, 0.0, 817.7887570959712], [0.0, 1256.7485116440403, 451.9541780095127], [0.0, 0.0, 1.0]], [[1254.9860565800168, 0.0, 829.5769333630991], [0.0, 1254.9860565800168, 467.1680561863987], [0.0, 0.0, 1.0]], [[796.8910634503094, 0.0, 857.7774326863696], [0.0, 796.8910634503094, 476.8848988407415], [0.0, 0.0, 1.0]], [[1249.9629280788233, 0.0, 825.3768045375984], [0.0, 1249.9629280788233, 462.54816385708756], [0.0, 0.0, 1.0]]], "extrinsics": [[[0.8223500847816467, -0.5687561631202698, -0.016025668010115623, -0.7928466796875], [-0.0003133990103378892, 0.027712736278772354, -0.9996159076690674, 1.4881465435028076], [0.5689818263053894, 0.8220392465591431, 0.02261132188141346, -1.18951416015625], [0.0, 0.0, 0.0, 1.0]], [[0.009960019029676914, -0.9996657371520996, -0.023857036605477333, 0.00948333740234375], [0.0015583612257614732, 0.0238737091422081, -0.9997137784957886, 1.4804444313049316], [0.9999490976333618, 0.009919893927872181, 0.0017956220544874668, -1.5252685546875], [0.0, 0.0, 0.0, 1.0]], [[-0.8441636562347412, -0.5358374714851379, -0.016306962817907333, 0.95654296875], [0.009492099285125732, 0.015473704785108566, -0.999835193157196, 1.494563102722168], [0.5360015630722046, -0.8441793322563171, -0.007976117543876171, -1.1904296875], [0.0, 0.0, 0.0, 1.0]], [[0.9478825330734253, 0.31858181953430176, -0.004932108800858259, -1.1502685546875], [-0.0157469529658556, 0.0313803069293499, -0.9993834495544434, 1.5621566772460938], [-0.31823062896728516, 0.9473757743835449, 0.034761540591716766, -0.153717041015625], [0.0, 0.0, 0.0, 1.0]], [[0.009422162547707558, 0.999680757522583, 0.02344643883407116, -0.02884674072265625], [-0.013857793062925339, 0.023575767874717712, -0.9996259808540344, 1.5672931671142578], [-0.999859631061554, 0.009093750268220901, 0.0140755046159029, -0.01025390625], [0.0, 0.0, 0.0, 1.0]], [[-0.9236747622489929, 0.38306865096092224, 0.009124577976763248, 1.0556640625], [-0.009627098217606544, 0.0006052322569303215, -0.9999534487724304, 1.546722412109375], [-0.38305628299713135, -0.9237196445465088, 0.003128801006823778, -0.0859375], [0.0, 0.0, 0.0, 1.0]]], "view": [[0.0, -2.0, 100.0], [-2.0, 0.0, 100.0], [0.0, 0.0, 1.0]], "bev": "bev_8bd2edc1abef4c0aa97ae09832c97222.png", "aux": "aux_8bd2edc1abef4c0aa97ae09832c97222.npz", "visibility": "visibility_8bd2edc1abef4c0aa97ae09832c97222.png", "pose": [[0.5067629218101501, -0.8620854616165161, 0.0, 526.2362670898438], [0.8620854616165161, 0.5067629218101501, 0.0, 1082.64794921875], [0.0, 0.0, 1.0, 0.0], [0.0, 0.0, 0.0, 1.0]], "pose_inverse": [[0.5067629218101501, 0.8620854616165161, 0.0, -1200.0120849609375], [-0.8620854616165161, 0.5067629218101501, 0.0, -94.98519134521484], [0.0, 0.0, 1.0, 0.0], [0.0, 0.0, 0.0, 1.0]], "cam_ids": [0, 1, 2, 3, 4, 5], "cam_channels": ["CAM_FRONT_LEFT", "CAM_FRONT", "CAM_FRONT_RIGHT", "CAM_BACK_LEFT", "CAM_BACK", "CAM_BACK_RIGHT"], "token": "8bd2edc1abef4c0aa97ae09832c97222", "scene": "scene-0395"}, {"images": ["samples/CAM_FRONT_LEFT/n008-2018-08-31-11-56-46-0400__CAM_FRONT_LEFT__1535731299104799.jpg", "samples/CAM_FRONT/n008-2018-08-31-11-56-46-0400__CAM_FRONT__1535731299112404.jpg", "samples/CAM_FRONT_RIGHT/n008-2018-08-31-11-56-46-0400__CAM_FRONT_RIGHT__1535731299120482.jpg", "samples/CAM_BACK_LEFT/n008-2018-08-31-11-56-46-0400__CAM_BACK_LEFT__1535731299147405.jpg", "samples/CAM_BACK/n008-2018-08-31-11-56-46-0400__CAM_BACK__1535731299137558.jpg", "samples/CAM_BACK_RIGHT/n008-2018-08-31-11-56-46-0400__CAM_BACK_RIGHT__1535731299128113.jpg"], "intrinsics": [[[1257.8625342125129, 0.0, 827.2410631095686], [0.0, 1257.8625342125129, 450.915498205774], [0.0, 0.0, 1.0]], [[1252.8131021185304, 0.0, 826.588114781398], [0.0, 1252.8131021185304, 469.9846626224581], [0.0, 0.0, 1.0]], [[1256.7485116440405, 0.0, 817.7887570959712], [0.0, 1256.7485116440403, 451.9541780095127], [0.0, 0.0, 1.0]], [[1254.9860565800168, 0.0, 829.5769333630991], [0.0, 1254.9860565800168, 467.1680561863987], [0.0, 0.0, 1.0]], [[796.8910634503094, 0.0, 857.7774326863696], [0.0, 796.8910634503094, 476.8848988407415], [0.0, 0.0, 1.0]], [[1249.9629280788233, 0.0, 825.3768045375984], [0.0, 1249.9629280788233, 462.54816385708756], [0.0, 0.0, 1.0]]], "extrinsics": [[[0.8220269680023193, -0.5691019892692566, -0.01986590400338173, -0.7913818359375], [-5.957374378340319e-05, 0.03480026125907898, -0.9993942975997925, 1.48820161819458], [0.569448709487915, 0.8215302228927612, 0.028572848066687584, -1.18804931640625], [0.0, 0.0, 0.0, 1.0]], [[0.009481839835643768, -0.9994856119155884, -0.030636601150035858, 0.0091400146484375], [0.0018561679171398282, 0.0306555163115263, -0.9995282888412476, 1.4805049896240234], [0.9999533891677856, 0.009420514106750488, 0.002145883860066533, -1.5228271484375], [0.0, 0.0, 0.0, 1.0]], [[-0.8443565964698792, -0.535406231880188, -0.020051397383213043, 0.9542236328125], [0.009835431352257729, 0.02192913182079792, -0.9997111558914185, 1.4946374893188477], [0.5356913208961487, -0.8443099856376648, -0.013250056654214859, -1.18951416015625], [0.0, 0.0, 0.0, 1.0]], [[0.9478362202644348, 0.31874364614486694, -0.0030118171125650406, -1.1466064453125], [-0.015529494732618332, 0.03673797473311424, -0.9992042779922485, 1.5620851516723633], [-0.31837934255599976, 0.9471287131309509, 0.03977150842547417, -0.155242919921875], [0.0, 0.0, 0.0, 1.0]], [[0.009486105293035507, 0.9995266795158386, 0.029265020042657852, -0.02878570556640625], [-0.01345483772456646, 0.029391271993517876, -0.9994773864746094, 1.5672693252563477], [-0.9998645186424255, 0.00908729713410139, 0.013727276585996151, -0.01318359375], [0.0, 0.0, 0.0, 1.0]], [[-0.9235774278640747, 0.3832491636276245, 0.011167475953698158, 1.053466796875], [-0.009262795560061932, 0.006814958993345499, -0.9999338388442993, 1.5467348098754883], [-0.38329991698265076, -0.9236198663711548, -0.002744183409959078, -0.08709716796875], [0.0, 0.0, 0.0, 1.0]]], "view": [[0.0, -2.0, 100.0], [-2.0, 0.0, 100.0], [0.0, 0.0, 1.0]], "bev": "bev_8533366dd0a147318186c3295846004f.png", "aux": "aux_8533366dd0a147318186c3295846004f.npz", "visibility": "visibility_8533366dd0a147318186c3295846004f.png", "pose": [[0.5010107755661011, -0.8654410243034363, 0.0, 527.793701171875], [0.8654410243034363, 0.5010107755661011, 0.0, 1085.2796630859375], [0.0, 0.0, 1.0, 0.0], [0.0, 0.0, 0.0, 1.0]], "pose_inverse": [[0.5010107755661011, 0.8654410243034363, 0.0, -1203.6759033203125], [-0.8654410243034363, 0.5010107755661011, 0.0, -86.96251678466797], [0.0, 0.0, 1.0, 0.0], [0.0, 0.0, 0.0, 1.0]], "cam_ids": [0, 1, 2, 3, 4, 5], "cam_channels": ["CAM_FRONT_LEFT", "CAM_FRONT", "CAM_FRONT_RIGHT", "CAM_BACK_LEFT", "CAM_BACK", "CAM_BACK_RIGHT"], "token": "8533366dd0a147318186c3295846004f", "scene": "scene-0395"}, {"images": ["samples/CAM_FRONT_LEFT/n008-2018-08-31-11-56-46-0400__CAM_FRONT_LEFT__1535731299604799.jpg", "samples/CAM_FRONT/n008-2018-08-31-11-56-46-0400__CAM_FRONT__1535731299612404.jpg", "samples/CAM_FRONT_RIGHT/n008-2018-08-31-11-56-46-0400__CAM_FRONT_RIGHT__1535731299620482.jpg", "samples/CAM_BACK_LEFT/n008-2018-08-31-11-56-46-0400__CAM_BACK_LEFT__1535731299647405.jpg", "samples/CAM_BACK/n008-2018-08-31-11-56-46-0400__CAM_BACK__1535731299637558.jpg", "samples/CAM_BACK_RIGHT/n008-2018-08-31-11-56-46-0400__CAM_BACK_RIGHT__1535731299628113.jpg"], "intrinsics": [[[1257.8625342125129, 0.0, 827.2410631095686], [0.0, 1257.8625342125129, 450.915498205774], [0.0, 0.0, 1.0]], [[1252.8131021185304, 0.0, 826.588114781398], [0.0, 1252.8131021185304, 469.9846626224581], [0.0, 0.0, 1.0]], [[1256.7485116440405, 0.0, 817.7887570959712], [0.0, 1256.7485116440403, 451.9541780095127], [0.0, 0.0, 1.0]], [[1254.9860565800168, 0.0, 829.5769333630991], [0.0, 1254.9860565800168, 467.1680561863987], [0.0, 0.0, 1.0]], [[796.8910634503094, 0.0, 857.7774326863696], [0.0, 796.8910634503094, 476.8848988407415], [0.0, 0.0, 1.0]], [[1249.9629280788233, 0.0, 825.3768045375984], [0.0, 1249.9629280788233, 462.54816385708756], [0.0, 0.0, 1.0]]], "extrinsics": [[[0.8223711252212524, -0.5686448216438293, -0.01867767423391342, -0.78314208984375], [-0.0014176607364788651, 0.030780130997300148, -0.9995251893997192, 1.4878313541412354], [0.5689496994018555, 0.8220070600509644, 0.024506544694304466, -1.18316650390625], [0.0, 0.0, 0.0, 1.0]], [[0.009958160109817982, -0.9995970726013184, -0.026583265513181686, 0.00995635986328125], [0.0004896092577837408, 0.02658945508301258, -0.9996463060379028, 1.4802106618881226], [0.9999502897262573, 0.009941618889570236, 0.0007541929371654987, -1.5140380859375], [0.0, 0.0, 0.0, 1.0]], [[-0.8441754579544067, -0.5358070731163025, -0.01669083908200264, 0.9473876953125], [0.008459999226033688, 0.017815865576267242, -0.9998054504394531, 1.4944820404052734], [0.5360002517700195, -0.8441524505615234, -0.010506789200007915, -1.18438720703125], [0.0, 0.0, 0.0, 1.0]], [[0.9478474855422974, 0.3186754584312439, -0.005581647157669067, -1.1407470703125], [-0.016917720437049866, 0.03281576186418533, -0.9993182420730591, 1.5619850158691406], [-0.3182750642299652, 0.9472956657409668, 0.03649560362100601, -0.1572265625], [0.0, 0.0, 0.0, 1.0]], [[0.009415888227522373, 0.9996384978294373, 0.02518467605113983, -0.0289154052734375], [-0.014820250682532787, 0.025322534143924713, -0.9995694756507874, 1.5670843124389648], [-0.9998459219932556, 0.009038493037223816, 0.01505332626402378, -0.0203857421875], [0.0, 0.0, 0.0, 1.0]], [[-0.9236636757850647, 0.3830527067184448, 0.010772462002933025, 1.0460205078125], [-0.010552633553743362, 0.002675194526091218, -0.9999407529830933, 1.5465059280395508], [-0.3830588757991791, -0.923722505569458, 0.0015712359454482794, -0.08984375], [0.0, 0.0, 0.0, 1.0]]], "view": [[0.0, -2.0, 100.0], [-2.0, 0.0, 100.0], [0.0, 0.0, 1.0]], "bev": "bev_8e1e097b3d3b4873ab19a90aec0cb5fd.png", "aux": "aux_8e1e097b3d3b4873ab19a90aec0cb5fd.npz", "visibility": "visibility_8e1e097b3d3b4873ab19a90aec0cb5fd.png", "pose": [[0.4944450557231903, -0.8692088723182678, 0.0, 529.3514404296875], [0.8692088723182678, 0.4944450557231903, 0.0, 1087.9569091796875], [0.0, 0.0, 1.0, 0.0], [0.0, 0.0, 0.0, 1.0]], "pose_inverse": [[0.4944450557231903, 0.8692088723182678, 0.0, -1207.39697265625], [-0.8692088723182678, 0.4944450557231903, 0.0, -77.81795501708984], [0.0, 0.0, 1.0, 0.0], [0.0, 0.0, 0.0, 1.0]], "cam_ids": [0, 1, 2, 3, 4, 5], "cam_channels": ["CAM_FRONT_LEFT", "CAM_FRONT", "CAM_FRONT_RIGHT", "CAM_BACK_LEFT", "CAM_BACK", "CAM_BACK_RIGHT"], "token": "8e1e097b3d3b4873ab19a90aec0cb5fd", "scene": "scene-0395"}, {"images": ["samples/CAM_FRONT_LEFT/n008-2018-08-31-11-56-46-0400__CAM_FRONT_LEFT__1535731300104799.jpg", "samples/CAM_FRONT/n008-2018-08-31-11-56-46-0400__CAM_FRONT__1535731300112404.jpg", "samples/CAM_FRONT_RIGHT/n008-2018-08-31-11-56-46-0400__CAM_FRONT_RIGHT__1535731300120482.jpg", "samples/CAM_BACK_LEFT/n008-2018-08-31-11-56-46-0400__CAM_BACK_LEFT__1535731300147405.jpg", "samples/CAM_BACK/n008-2018-08-31-11-56-46-0400__CAM_BACK__1535731300137558.jpg", "samples/CAM_BACK_RIGHT/n008-2018-08-31-11-56-46-0400__CAM_BACK_RIGHT__1535731300128113.jpg"], "intrinsics": [[[1257.8625342125129, 0.0, 827.2410631095686], [0.0, 1257.8625342125129, 450.915498205774], [0.0, 0.0, 1.0]], [[1252.8131021185304, 0.0, 826.588114781398], [0.0, 1252.8131021185304, 469.9846626224581], [0.0, 0.0, 1.0]], [[1256.7485116440405, 0.0, 817.7887570959712], [0.0, 1256.7485116440403, 451.9541780095127], [0.0, 0.0, 1.0]], [[1254.9860565800168, 0.0, 829.5769333630991], [0.0, 1254.9860565800168, 467.1680561863987], [0.0, 0.0, 1.0]], [[796.8910634503094, 0.0, 857.7774326863696], [0.0, 796.8910634503094, 476.8848988407415], [0.0, 0.0, 1.0]], [[1249.9629280788233, 0.0, 825.3768045375984], [0.0, 1249.9629280788233, 462.54816385708756], [0.0, 0.0, 1.0]]], "extrinsics": [[[0.8226077556610107, -0.5684413909912109, -0.013817612081766129, -0.78106689453125], [0.0006944519118405879, 0.025305066257715225, -0.9996795058250427, 1.488391637802124], [0.568608820438385, 0.8223345279693604, 0.021210895851254463, -1.1829833984375], [0.0, 0.0, 0.0, 1.0]], [[0.010420291684567928, -0.9997214674949646, -0.021174870431423187, 0.010936737060546875], [0.0027263485826551914, 0.021204344928264618, -0.9997714161872864, 1.4807038307189941], [0.9999420046806335, 0.0103601710870862, 0.0029465442057698965, -1.51220703125], [0.0, 0.0, 0.0, 1.0]], [[-0.8439629077911377, -0.5361669659614563, -0.015862278640270233, 0.9462890625], [0.010833547450602055, 0.012527796439826488, -0.9998628497123718, 1.4949092864990234], [0.5362921357154846, -0.8440190553665161, -0.004764406010508537, -1.18267822265625], [0.0, 0.0, 0.0, 1.0]], [[0.9478667378425598, 0.31863147020339966, -0.004757751245051622, -1.1380615234375], [-0.014271525666117668, 0.0275303665548563, -0.9995191097259521, 1.5619497299194336], [-0.3183472454547882, 0.9474787712097168, 0.030642475932836533, -0.158172607421875], [0.0, 0.0, 0.0, 1.0]], [[0.009237089194357395, 0.9997571110725403, 0.02001057006418705, -0.0294036865234375], [-0.012259208597242832, 0.020123140886425972, -0.9997223019599915, 1.5672187805175781], [-0.999882161617279, 0.00898925494402647, 0.012442111037671566, -0.0225830078125], [0.0, 0.0, 0.0, 1.0]], [[-0.9237784743309021, 0.3828720450401306, 0.006502069067209959, 1.044189453125], [-0.00809180922806263, -0.0025418514851480722, -0.9999640583992004, 1.5468034744262695], [-0.38284170627593994, -0.9237978458404541, 0.005446235183626413, -0.08990478515625], [0.0, 0.0, 0.0, 1.0]]], "view": [[0.0, -2.0, 100.0], [-2.0, 0.0, 100.0], [0.0, 0.0, 1.0]], "bev": "bev_0a525214205b442cbd3c7918c987e53d.png", "aux": "aux_0a525214205b442cbd3c7918c987e53d.npz", "visibility": "visibility_0a525214205b442cbd3c7918c987e53d.png", "pose": [[0.49220073223114014, -0.8704817295074463, 0.0, 530.9310913085938], [0.8704817295074463, 0.49220073223114014, 0.0, 1090.680419921875], [0.0, 0.0, 1.0, 0.0], [0.0, 0.0, 0.0, 1.0]], "pose_inverse": [[0.49220073223114014, 0.8704817295074463, 0.0, -1210.7420654296875], [-0.8704817295074463, 0.49220073223114014, 0.0, -74.66789245605469], [0.0, 0.0, 1.0, 0.0], [0.0, 0.0, 0.0, 1.0]], "cam_ids": [0, 1, 2, 3, 4, 5], "cam_channels": ["CAM_FRONT_LEFT", "CAM_FRONT", "CAM_FRONT_RIGHT", "CAM_BACK_LEFT", "CAM_BACK", "CAM_BACK_RIGHT"], "token": "0a525214205b442cbd3c7918c987e53d", "scene": "scene-0395"}, {"images": ["samples/CAM_FRONT_LEFT/n008-2018-08-31-11-56-46-0400__CAM_FRONT_LEFT__1535731300604799.jpg", "samples/CAM_FRONT/n008-2018-08-31-11-56-46-0400__CAM_FRONT__1535731300612443.jpg", "samples/CAM_FRONT_RIGHT/n008-2018-08-31-11-56-46-0400__CAM_FRONT_RIGHT__1535731300620482.jpg", "samples/CAM_BACK_LEFT/n008-2018-08-31-11-56-46-0400__CAM_BACK_LEFT__1535731300647405.jpg", "samples/CAM_BACK/n008-2018-08-31-11-56-46-0400__CAM_BACK__1535731300637558.jpg", "samples/CAM_BACK_RIGHT/n008-2018-08-31-11-56-46-0400__CAM_BACK_RIGHT__1535731300628113.jpg"], "intrinsics": [[[1257.8625342125129, 0.0, 827.2410631095686], [0.0, 1257.8625342125129, 450.915498205774], [0.0, 0.0, 1.0]], [[1252.8131021185304, 0.0, 826.588114781398], [0.0, 1252.8131021185304, 469.9846626224581], [0.0, 0.0, 1.0]], [[1256.7485116440405, 0.0, 817.7887570959712], [0.0, 1256.7485116440403, 451.9541780095127], [0.0, 0.0, 1.0]], [[1254.9860565800168, 0.0, 829.5769333630991], [0.0, 1254.9860565800168, 467.1680561863987], [0.0, 0.0, 1.0]], [[796.8910634503094, 0.0, 857.7774326863696], [0.0, 796.8910634503094, 476.8848988407415], [0.0, 0.0, 1.0]], [[1249.9629280788233, 0.0, 825.3768045375984], [0.0, 1249.9629280788233, 462.54816385708756], [0.0, 0.0, 1.0]]], "extrinsics": [[[0.8217471837997437, -0.5697981119155884, -0.007856671698391438, -0.78778076171875], [0.0002319649647688493, 0.014121678657829762, -0.9999002814292908, 1.4883562326431274], [0.5698521137237549, 0.8216634392738342, 0.011736623011529446, -1.1826171875], [0.0, 0.0, 0.0, 1.0]], [[0.009100034832954407, -0.9999089241027832, -0.009964421391487122, 0.00728607177734375], [0.002085308777168393, 0.00998378824442625, -0.9999479651451111, 1.4806197881698608], [0.9999563097953796, 0.009078810922801495, 0.0021759718656539917, -1.516845703125], [0.0, 0.0, 0.0, 1.0]], [[-0.8445135951042175, -0.5354564785957336, -0.0091216079890728, 0.9478759765625], [0.00999935157597065, 0.0012635138118639588, -0.9999492168426514, 1.4947614669799805], [0.5354407429695129, -0.8445618748664856, 0.004287162330001593, -1.18707275390625], [0.0, 0.0, 0.0, 1.0]], [[0.9480066895484924, 0.31811171770095825, -0.00938400998711586, -1.137939453125], [-0.015469097532331944, 0.01660805009305477, -0.9997423887252808, 1.5619678497314453], [-0.3178739547729492, 0.9479077458381653, 0.020665446296334267, -0.156951904296875], [0.0, 0.0, 0.0, 1.0]], [[0.009822365827858448, 0.9999125599861145, 0.00886206328868866, -0.0277862548828125], [-0.013317896984517574, 0.008992521092295647, -0.9998708367347717, 1.5671930313110352], [-0.9998630881309509, 0.009703085757791996, 0.013405060395598412, -0.021240234375], [0.0, 0.0, 0.0, 1.0]], [[-0.9234967827796936, 0.3835935592651367, 0.003097387496381998, 1.0472412109375], [-0.00907340832054615, -0.013770559802651405, -0.9998639822006226, 1.5467004776000977], [-0.3834987282752991, -0.9233992695808411, 0.01619756780564785, -0.09075927734375], [0.0, 0.0, 0.0, 1.0]]], "view": [[0.0, -2.0, 100.0], [-2.0, 0.0, 100.0], [0.0, 0.0, 1.0]], "bev": "bev_e034b5c2f2d4420ea365ad9f91d2a203.png", "aux": "aux_e034b5c2f2d4420ea365ad9f91d2a203.npz", "visibility": "visibility_e034b5c2f2d4420ea365ad9f91d2a203.png", "pose": [[0.48946288228034973, -0.8720241189002991, 0.0, 532.4891967773438], [0.8720241189002991, 0.48946288228034973, 0.0, 1093.3624267578125], [0.0, 0.0, 1.0, 0.0], [0.0, 0.0, 0.0, 1.0]], "pose_inverse": [[0.48946288228034973, 0.8720241189002991, 0.0, -1214.0721435546875], [-0.8720241189002991, 0.48946288228034973, 0.0, -70.81689453125], [0.0, 0.0, 1.0, 0.0], [0.0, 0.0, 0.0, 1.0]], "cam_ids": [0, 1, 2, 3, 4, 5], "cam_channels": ["CAM_FRONT_LEFT", "CAM_FRONT", "CAM_FRONT_RIGHT", "CAM_BACK_LEFT", "CAM_BACK", "CAM_BACK_RIGHT"], "token": "e034b5c2f2d4420ea365ad9f91d2a203", "scene": "scene-0395"}, {"images": ["samples/CAM_FRONT_LEFT/n008-2018-08-31-11-56-46-0400__CAM_FRONT_LEFT__1535731301154799.jpg", "samples/CAM_FRONT/n008-2018-08-31-11-56-46-0400__CAM_FRONT__1535731301162404.jpg", "samples/CAM_FRONT_RIGHT/n008-2018-08-31-11-56-46-0400__CAM_FRONT_RIGHT__1535731301170482.jpg", "samples/CAM_BACK_LEFT/n008-2018-08-31-11-56-46-0400__CAM_BACK_LEFT__1535731301197405.jpg", "samples/CAM_BACK/n008-2018-08-31-11-56-46-0400__CAM_BACK__1535731301187558.jpg", "samples/CAM_BACK_RIGHT/n008-2018-08-31-11-56-46-0400__CAM_BACK_RIGHT__1535731301178113.jpg"], "intrinsics": [[[1257.8625342125129, 0.0, 827.2410631095686], [0.0, 1257.8625342125129, 450.915498205774], [0.0, 0.0, 1.0]], [[1252.8131021185304, 0.0, 826.588114781398], [0.0, 1252.8131021185304, 469.9846626224581], [0.0, 0.0, 1.0]], [[1256.7485116440405, 0.0, 817.7887570959712], [0.0, 1256.7485116440403, 451.9541780095127], [0.0, 0.0, 1.0]], [[1254.9860565800168, 0.0, 829.5769333630991], [0.0, 1254.9860565800168, 467.1680561863987], [0.0, 0.0, 1.0]], [[796.8910634503094, 0.0, 857.7774326863696], [0.0, 796.8910634503094, 476.8848988407415], [0.0, 0.0, 1.0]], [[1249.9629280788233, 0.0, 825.3768045375984], [0.0, 1249.9629280788233, 462.54816385708756], [0.0, 0.0, 1.0]]], "extrinsics": [[[0.8225082755088806, -0.5687163472175598, -0.006471398752182722, -0.7958984375], [-0.0014992563519626856, 0.009210155345499516, -0.9999564290046692, 1.4879045486450195], [0.5687511563301086, 0.822482168674469, 0.006722776219248772, -1.1903076171875], [0.0, 0.0, 0.0, 1.0]], [[0.010250380262732506, -0.9999343752861023, -0.005122179631143808, 0.008594512939453125], [0.000453039858257398, 0.005127092357724905, -0.9999867677688599, 1.4802547693252563], [0.9999473094940186, 0.010247860103845596, 0.0005055645015090704, -1.5255126953125], [0.0, 0.0, 0.0, 1.0]], [[-0.8440038561820984, -0.5363113880157471, -0.005247483029961586, 0.9542236328125], [0.008472333662211895, -0.003549096407368779, -0.999957799911499, 1.4944515228271484], [0.5362701416015625, -0.8440127372741699, 0.007539259735494852, -1.1898193359375], [0.0, 0.0, 0.0, 1.0]], [[0.9478158950805664, 0.3185878098011017, -0.012119751423597336, -1.137939453125], [-0.01669420301914215, 0.011631921865046024, -0.9997929334640503, 1.5619373321533203], [-0.31838086247444153, 0.9478219747543335, 0.016343489289283752, -0.15814208984375], [0.0, 0.0, 0.0, 1.0]], [[0.009223544970154762, 0.9999496936798096, 0.003939835354685783, -0.0286865234375], [-0.014680870808660984, 0.00407499261200428, -0.9998838901519775, 1.5671310424804688], [-0.9998497366905212, 0.009164617396891117, 0.01471771951764822, -0.0189208984375], [0.0, 0.0, 0.0, 1.0]], [[-0.9237662553787231, 0.3829481303691864, 0.0025688260793685913, 1.0513916015625], [-0.010504594072699547, -0.01863320730626583, -0.999771237373352, 1.546584129333496], [-0.38281261920928955, -0.9235818386077881, 0.02123544178903103, -0.08819580078125], [0.0, 0.0, 0.0, 1.0]]], "view": [[0.0, -2.0, 100.0], [-2.0, 0.0, 100.0], [0.0, 0.0, 1.0]], "bev": "bev_09c044e68f2045b7a8b7af206374c3bd.png", "aux": "aux_09c044e68f2045b7a8b7af206374c3bd.npz", "visibility": "visibility_09c044e68f2045b7a8b7af206374c3bd.png", "pose": [[0.48900896310806274, -0.8722787499427795, 0.0, 534.1146240234375], [0.8722787499427795, 0.48900896310806274, 0.0, 1096.222412109375], [0.0, 0.0, 1.0, 0.0], [0.0, 0.0, 0.0, 1.0]], "pose_inverse": [[0.48900896310806274, 0.8722787499427795, 0.0, -1217.3983154296875], [-0.8722787499427795, 0.48900896310806274, 0.0, -70.16572570800781], [0.0, 0.0, 1.0, 0.0], [0.0, 0.0, 0.0, 1.0]], "cam_ids": [0, 1, 2, 3, 4, 5], "cam_channels": ["CAM_FRONT_LEFT", "CAM_FRONT", "CAM_FRONT_RIGHT", "CAM_BACK_LEFT", "CAM_BACK", "CAM_BACK_RIGHT"], "token": "09c044e68f2045b7a8b7af206374c3bd", "scene": "scene-0395"}, {"images": ["samples/CAM_FRONT_LEFT/n008-2018-08-31-11-56-46-0400__CAM_FRONT_LEFT__1535731301654799.jpg", "samples/CAM_FRONT/n008-2018-08-31-11-56-46-0400__CAM_FRONT__1535731301662404.jpg", "samples/CAM_FRONT_RIGHT/n008-2018-08-31-11-56-46-0400__CAM_FRONT_RIGHT__1535731301670482.jpg", "samples/CAM_BACK_LEFT/n008-2018-08-31-11-56-46-0400__CAM_BACK_LEFT__1535731301697405.jpg", "samples/CAM_BACK/n008-2018-08-31-11-56-46-0400__CAM_BACK__1535731301687558.jpg", "samples/CAM_BACK_RIGHT/n008-2018-08-31-11-56-46-0400__CAM_BACK_RIGHT__1535731301678113.jpg"], "intrinsics": [[[1257.8625342125129, 0.0, 827.2410631095686], [0.0, 1257.8625342125129, 450.915498205774], [0.0, 0.0, 1.0]], [[1252.8131021185304, 0.0, 826.588114781398], [0.0, 1252.8131021185304, 469.9846626224581], [0.0, 0.0, 1.0]], [[1256.7485116440405, 0.0, 817.7887570959712], [0.0, 1256.7485116440403, 451.9541780095127], [0.0, 0.0, 1.0]], [[1254.9860565800168, 0.0, 829.5769333630991], [0.0, 1254.9860565800168, 467.1680561863987], [0.0, 0.0, 1.0]], [[796.8910634503094, 0.0, 857.7774326863696], [0.0, 796.8910634503094, 476.8848988407415], [0.0, 0.0, 1.0]], [[1249.9629280788233, 0.0, 825.3768045375984], [0.0, 1249.9629280788233, 462.54816385708756], [0.0, 0.0, 1.0]]], "extrinsics": [[[0.8222396969795227, -0.5690973997116089, -0.0070653329603374004, -0.795654296875], [0.0008258544839918613, 0.013607033528387547, -0.9999070763587952, 1.4884984493255615], [0.5691407322883606, 0.8221575021743774, 0.01165823359042406, -1.18878173828125], [0.0, 0.0, 0.0, 1.0]], [[0.009855277836322784, -0.9999063611030579, -0.009484302252531052, 0.00795745849609375], [0.0028708577156066895, 0.009513016790151596, -0.999950647354126, 1.480764389038086], [0.9999472498893738, 0.009827549569308758, 0.0029643429443240166, -1.5242919921875], [0.0, 0.0, 0.0, 1.0]], [[-0.8441553711891174, -0.5360106229782104, -0.009712214581668377, 0.952392578125], [0.010974911972880363, 0.0008341163047589362, -0.9999393820762634, 1.4948720932006836], [0.5359862446784973, -0.8442108035087585, 0.005178545601665974, -1.18902587890625], [0.0, 0.0, 0.0, 1.0]], [[0.9478560090065002, 0.3185879588127136, -0.008404609747231007, -1.1356201171875], [-0.014219921082258224, 0.015932006761431694, -0.9997719526290894, 1.561920166015625], [-0.3183814287185669, 0.9477593302726746, 0.01963154785335064, -0.158843994140625], [0.0, 0.0, 0.0, 1.0]], [[0.00934563297778368, 0.9999216794967651, 0.008330893702805042, -0.02843475341796875], [-0.01217537373304367, 0.008444427512586117, -0.9998902082443237, 1.5672616958618164], [-0.9998822212219238, 0.009243150241672993, 0.012253337539732456, -0.0211181640625], [0.0, 0.0, 0.0, 1.0]], [[-0.923681914806366, 0.3831554353237152, 0.0018953405087813735, 1.0496826171875], [-0.007964556105434895, -0.014254341833293438, -0.9998666644096375, 1.5468635559082031], [-0.3830772936344147, -0.923573911190033, 0.016218142583966255, -0.08917236328125], [0.0, 0.0, 0.0, 1.0]]], "view": [[0.0, -2.0, 100.0], [-2.0, 0.0, 100.0], [0.0, 0.0, 1.0]], "bev": "bev_76c2d1f11dd241b8b7a451ccc4dcd6d3.png", "aux": "aux_76c2d1f11dd241b8b7a451ccc4dcd6d3.npz", "visibility": "visibility_76c2d1f11dd241b8b7a451ccc4dcd6d3.png", "pose": [[0.489011287689209, -0.8722774386405945, 0.0, 535.5338134765625], [0.8722774386405945, 0.489011287689209, 0.0, 1098.739990234375], [0.0, 0.0, 1.0, 0.0], [0.0, 0.0, 0.0, 1.0]], "pose_inverse": [[0.489011287689209, 0.8722774386405945, 0.0, -1220.2882080078125], [-0.8722774386405945, 0.489011287689209, 0.0, -70.16216278076172], [0.0, 0.0, 1.0, 0.0], [0.0, 0.0, 0.0, 1.0]], "cam_ids": [0, 1, 2, 3, 4, 5], "cam_channels": ["CAM_FRONT_LEFT", "CAM_FRONT", "CAM_FRONT_RIGHT", "CAM_BACK_LEFT", "CAM_BACK", "CAM_BACK_RIGHT"], "token": "76c2d1f11dd241b8b7a451ccc4dcd6d3", "scene": "scene-0395"}, {"images": ["samples/CAM_FRONT_LEFT/n008-2018-08-31-11-56-46-0400__CAM_FRONT_LEFT__1535731302154799.jpg", "samples/CAM_FRONT/n008-2018-08-31-11-56-46-0400__CAM_FRONT__1535731302162404.jpg", "samples/CAM_FRONT_RIGHT/n008-2018-08-31-11-56-46-0400__CAM_FRONT_RIGHT__1535731302170482.jpg", "samples/CAM_BACK_LEFT/n008-2018-08-31-11-56-46-0400__CAM_BACK_LEFT__1535731302197416.jpg", "samples/CAM_BACK/n008-2018-08-31-11-56-46-0400__CAM_BACK__1535731302187558.jpg", "samples/CAM_BACK_RIGHT/n008-2018-08-31-11-56-46-0400__CAM_BACK_RIGHT__1535731302178113.jpg"], "intrinsics": [[[1257.8625342125129, 0.0, 827.2410631095686], [0.0, 1257.8625342125129, 450.915498205774], [0.0, 0.0, 1.0]], [[1252.8131021185304, 0.0, 826.588114781398], [0.0, 1252.8131021185304, 469.9846626224581], [0.0, 0.0, 1.0]], [[1256.7485116440405, 0.0, 817.7887570959712], [0.0, 1256.7485116440403, 451.9541780095127], [0.0, 0.0, 1.0]], [[1254.9860565800168, 0.0, 829.5769333630991], [0.0, 1254.9860565800168, 467.1680561863987], [0.0, 0.0, 1.0]], [[796.8910634503094, 0.0, 857.7774326863696], [0.0, 796.8910634503094, 476.8848988407415], [0.0, 0.0, 1.0]], [[1249.9629280788233, 0.0, 825.3768045375984], [0.0, 1249.9629280788233, 462.54816385708756], [0.0, 0.0, 1.0]]], "extrinsics": [[[0.8232436180114746, -0.5676341652870178, -0.007842178456485271, -0.8115234375], [0.00018028261547442526, 0.014075648970901966, -0.9999008774757385, 1.4883060455322266], [0.5676882863044739, 0.8231605887413025, 0.011690019629895687, -1.2025146484375], [0.0, 0.0, 0.0, 1.0]], [[0.011335738934576511, -0.9998867511749268, -0.009904550388455391, 0.00942230224609375], [0.0020548433531075716, 0.00992845930159092, -0.9999486207962036, 1.4805432558059692], [0.999933660030365, 0.011314780451357365, 0.0021671573631465435, -1.5419921875], [0.0, 0.0, 0.0, 1.0]], [[-0.8435295820236206, -0.537005603313446, -0.009100008755922318, 0.9652099609375], [0.010016623884439468, 0.0012108358787372708, -0.9999490976333618, 1.4945659637451172], [0.5369893312454224, -0.8435778617858887, 0.004357606638222933, -1.1959228515625], [0.0, 0.0, 0.0, 1.0]], [[0.9478214383125305, 0.31866148114204407, -0.009456531144678593, -1.13720703125], [-0.015436137095093727, 0.01624465174973011, -0.9997488856315613, 1.561929702758789], [-0.3184278607368469, 0.9477293491363525, 0.020315932109951973, -0.158538818359375], [0.0, 0.0, 0.0, 1.0]], [[0.008890125900506973, 0.9999232888221741, 0.008632889948785305, -0.029052734375], [-0.013286342844367027, 0.008750587701797485, -0.9998734593391418, 1.5672674179077148], [-0.9998722672462463, 0.0087742879986763, 0.013363117352128029, -0.014892578125], [0.0, 0.0, 0.0, 1.0]], [[-0.9240084290504456, 0.38235974311828613, 0.0030632514972239733, 1.0594482421875], [-0.009071284905076027, -0.013911285437643528, -0.9998620748519897, 1.546839714050293], [-0.3822643756866455, -0.9239088296890259, 0.01632263883948326, -0.08428955078125], [0.0, 0.0, 0.0, 1.0]]], "view": [[0.0, -2.0, 100.0], [-2.0, 0.0, 100.0], [0.0, 0.0, 1.0]], "bev": "bev_e7caf338fdb243f582308c59efea7fb4.png", "aux": "aux_e7caf338fdb243f582308c59efea7fb4.npz", "visibility": "visibility_e7caf338fdb243f582308c59efea7fb4.png", "pose": [[0.4950619041919708, -0.868857741355896, 0.0, 536.912841796875], [0.868857741355896, 0.4950619041919708, 0.0, 1101.1422119140625], [0.0, 0.0, 1.0, 0.0], [0.0, 0.0, 0.0, 1.0]], "pose_inverse": [[0.4950619041919708, 0.868857741355896, 0.0, -1222.541015625], [-0.868857741355896, 0.4950619041919708, 0.0, -78.63268280029297], [0.0, 0.0, 1.0, 0.0], [0.0, 0.0, 0.0, 1.0]], "cam_ids": [0, 1, 2, 3, 4, 5], "cam_channels": ["CAM_FRONT_LEFT", "CAM_FRONT", "CAM_FRONT_RIGHT", "CAM_BACK_LEFT", "CAM_BACK", "CAM_BACK_RIGHT"], "token": "e7caf338fdb243f582308c59efea7fb4", "scene": "scene-0395"}, {"images": ["samples/CAM_FRONT_LEFT/n008-2018-08-31-11-56-46-0400__CAM_FRONT_LEFT__1535731302654799.jpg", "samples/CAM_FRONT/n008-2018-08-31-11-56-46-0400__CAM_FRONT__1535731302662404.jpg", "samples/CAM_FRONT_RIGHT/n008-2018-08-31-11-56-46-0400__CAM_FRONT_RIGHT__1535731302670482.jpg", "samples/CAM_BACK_LEFT/n008-2018-08-31-11-56-46-0400__CAM_BACK_LEFT__1535731302697405.jpg", "samples/CAM_BACK/n008-2018-08-31-11-56-46-0400__CAM_BACK__1535731302687558.jpg", "samples/CAM_BACK_RIGHT/n008-2018-08-31-11-56-46-0400__CAM_BACK_RIGHT__1535731302678113.jpg"], "intrinsics": [[[1257.8625342125129, 0.0, 827.2410631095686], [0.0, 1257.8625342125129, 450.915498205774], [0.0, 0.0, 1.0]], [[1252.8131021185304, 0.0, 826.588114781398], [0.0, 1252.8131021185304, 469.9846626224581], [0.0, 0.0, 1.0]], [[1256.7485116440405, 0.0, 817.7887570959712], [0.0, 1256.7485116440403, 451.9541780095127], [0.0, 0.0, 1.0]], [[1254.9860565800168, 0.0, 829.5769333630991], [0.0, 1254.9860565800168, 467.1680561863987], [0.0, 0.0, 1.0]], [[796.8910634503094, 0.0, 857.7774326863696], [0.0, 796.8910634503094, 476.8848988407415], [0.0, 0.0, 1.0]], [[1249.9629280788233, 0.0, 825.3768045375984], [0.0, 1249.9629280788233, 462.54816385708756], [0.0, 0.0, 1.0]]], "extrinsics": [[[0.8225389122962952, -0.5687021613121033, -0.0027840640395879745, -0.82305908203125], [0.004633634351193905, 0.011596916243433952, -0.999921977519989, 1.4892950057983398], [0.5686901211738586, 0.8224617838859558, 0.012174069881439209, -1.2095947265625], [0.0, 0.0, 0.0, 1.0]], [[0.010160732083022594, -0.9999213218688965, -0.007360329385846853, 0.00852203369140625], [0.006689572706818581, 0.0074285175651311874, -0.9999500513076782, 1.481369972229004], [0.999925971031189, 0.010110972449183464, 0.006764526013284922, -1.552978515625], [0.0, 0.0, 0.0, 1.0]], [[-0.8440868854522705, -0.5360764861106873, -0.011801979504525661, 0.971923828125], [0.014827027916908264, -0.0013330726651474833, -0.9998891353607178, 1.4951667785644531], [0.5360013246536255, -0.8441684246063232, 0.009073649533092976, -1.20098876953125], [0.0, 0.0, 0.0, 1.0]], [[0.9478737711906433, 0.318600594997406, -0.005388359073549509, -1.13818359375], [-0.010205022059381008, 0.01345094759017229, -0.9998574256896973, 1.5619773864746094], [-0.31848275661468506, 0.9477936625480652, 0.016001125797629356, -0.158233642578125], [0.0, 0.0, 0.0, 1.0]], [[0.009285363368690014, 0.9999388456344604, 0.006016159895807505, -0.02873992919921875], [-0.008211473934352398, 0.0060924650169909, -0.999947726726532, 1.567601203918457], [-0.9999231696128845, 0.009235438890755177, 0.008267542347311974, -0.011474609375], [0.0, 0.0, 0.0, 1.0]], [[-0.9236960411071777, 0.3831177353858948, -0.002547165844589472, 1.0653076171875], [-0.00408258056268096, -0.01649065874516964, -0.9998556971549988, 1.5474023818969727], [-0.3831043541431427, -0.9235523343086243, 0.01679646410048008, -0.08251953125], [0.0, 0.0, 0.0, 1.0]]], "view": [[0.0, -2.0, 100.0], [-2.0, 0.0, 100.0], [0.0, 0.0, 1.0]], "bev": "bev_438abe26d0044fa6a1f3010ff7d0f501.png", "aux": "aux_438abe26d0044fa6a1f3010ff7d0f501.npz", "visibility": "visibility_438abe26d0044fa6a1f3010ff7d0f501.png", "pose": [[0.5017123818397522, -0.8650345206260681, 0.0, 538.2230224609375], [0.8650345206260681, 0.5017123818397522, 0.0, 1103.374267578125], [0.0, 0.0, 1.0, 0.0], [0.0, 0.0, 0.0, 1.0]], "pose_inverse": [[0.5017123818397522, 0.8650345206260681, 0.0, -1224.489990234375], [-0.8650345206260681, 0.5017123818397522, 0.0, -87.9950180053711], [0.0, 0.0, 1.0, 0.0], [0.0, 0.0, 0.0, 1.0]], "cam_ids": [0, 1, 2, 3, 4, 5], "cam_channels": ["CAM_FRONT_LEFT", "CAM_FRONT", "CAM_FRONT_RIGHT", "CAM_BACK_LEFT", "CAM_BACK", "CAM_BACK_RIGHT"], "token": "438abe26d0044fa6a1f3010ff7d0f501", "scene": "scene-0395"}, {"images": ["samples/CAM_FRONT_LEFT/n008-2018-08-31-11-56-46-0400__CAM_FRONT_LEFT__1535731303154799.jpg", "samples/CAM_FRONT/n008-2018-08-31-11-56-46-0400__CAM_FRONT__1535731303162404.jpg", "samples/CAM_FRONT_RIGHT/n008-2018-08-31-11-56-46-0400__CAM_FRONT_RIGHT__1535731303170482.jpg", "samples/CAM_BACK_LEFT/n008-2018-08-31-11-56-46-0400__CAM_BACK_LEFT__1535731303197405.jpg", "samples/CAM_BACK/n008-2018-08-31-11-56-46-0400__CAM_BACK__1535731303187558.jpg", "samples/CAM_BACK_RIGHT/n008-2018-08-31-11-56-46-0400__CAM_BACK_RIGHT__1535731303178113.jpg"], "intrinsics": [[[1257.8625342125129, 0.0, 827.2410631095686], [0.0, 1257.8625342125129, 450.915498205774], [0.0, 0.0, 1.0]], [[1252.8131021185304, 0.0, 826.588114781398], [0.0, 1252.8131021185304, 469.9846626224581], [0.0, 0.0, 1.0]], [[1256.7485116440405, 0.0, 817.7887570959712], [0.0, 1256.7485116440403, 451.9541780095127], [0.0, 0.0, 1.0]], [[1254.9860565800168, 0.0, 829.5769333630991], [0.0, 1254.9860565800168, 467.1680561863987], [0.0, 0.0, 1.0]], [[796.8910634503094, 0.0, 857.7774326863696], [0.0, 796.8910634503094, 476.8848988407415], [0.0, 0.0, 1.0]], [[1249.9629280788233, 0.0, 825.3768045375984], [0.0, 1249.9629280788233, 462.54816385708756], [0.0, 0.0, 1.0]]], "extrinsics": [[[0.8227371573448181, -0.568418025970459, -0.0021408777683973312, -0.83587646484375], [0.005772863049060106, 0.012121772393584251, -0.9999098777770996, 1.4894533157348633], [0.568392813205719, 0.8226506114006042, 0.013254431076347828, -1.218505859375], [0.0, 0.0, 0.0, 1.0]], [[0.010605319403111935, -0.999911904335022, -0.007977165281772614, 0.00872039794921875], [0.007729623466730118, 0.008059353567659855, -0.9999376535415649, 1.4814481735229492], [0.9999138712882996, 0.010543012991547585, 0.00781441479921341, -1.5672607421875], [0.0, 0.0, 0.0, 1.0]], [[-0.8437972068786621, -0.5365056395530701, -0.012965687550604343, 0.982666015625], [0.01575252041220665, -0.0006110942340455949, -0.9998757243156433, 1.4951000213623047], [0.5364310145378113, -0.8438965082168579, 0.008966954424977303, -1.20733642578125], [0.0, 0.0, 0.0, 1.0]], [[0.9478727579116821, 0.31861457228660583, -0.004699554294347763, -1.1412353515625], [-0.00978214479982853, 0.014353965409100056, -0.9998491406440735, 1.5620145797729492], [-0.31849899888038635, 0.9477757215499878, 0.01672246679663658, -0.156982421875], [0.0, 0.0, 0.0, 1.0]], [[0.009083795361220837, 0.9999352097511292, 0.006865442264825106, -0.028961181640625], [-0.007672615349292755, 0.00693522160872817, -0.9999464750289917, 1.5676841735839844], [-0.9999293684959412, 0.009030614048242569, 0.0077351164072752, -0.00439453125], [0.0, 0.0, 0.0, 1.0]], [[-0.923838198184967, 0.382772833108902, -0.0028140342328697443, 1.0745849609375], [-0.0034639996010810137, -0.015711268410086632, -0.9998705387115479, 1.5475068092346191], [-0.3827674686908722, -0.9237089157104492, 0.015840593725442886, -0.0782470703125], [0.0, 0.0, 0.0, 1.0]]], "view": [[0.0, -2.0, 100.0], [-2.0, 0.0, 100.0], [0.0, 0.0, 1.0]], "bev": "bev_a7ceef240d734637b14266e28ced0d08.png", "aux": "aux_a7ceef240d734637b14266e28ced0d08.npz", "visibility": "visibility_a7ceef240d734637b14266e28ced0d08.png", "pose": [[0.5055160522460938, -0.8628172278404236, 0.0, 539.4922485351562], [0.8628172278404236, 0.5055160522460938, 0.0, 1105.50244140625], [0.0, 0.0, 1.0, 0.0], [0.0, 0.0, 0.0, 1.0]], "pose_inverse": [[0.5055160522460938, 0.8628172278404236, 0.0, -1226.5684814453125], [-0.8628172278404236, 0.5055160522460938, 0.0, -93.36604309082031], [0.0, 0.0, 1.0, 0.0], [0.0, 0.0, 0.0, 1.0]], "cam_ids": [0, 1, 2, 3, 4, 5], "cam_channels": ["CAM_FRONT_LEFT", "CAM_FRONT", "CAM_FRONT_RIGHT", "CAM_BACK_LEFT", "CAM_BACK", "CAM_BACK_RIGHT"], "token": "a7ceef240d734637b14266e28ced0d08", "scene": "scene-0395"}, {"images": ["samples/CAM_FRONT_LEFT/n008-2018-08-31-11-56-46-0400__CAM_FRONT_LEFT__1535731303654799.jpg", "samples/CAM_FRONT/n008-2018-08-31-11-56-46-0400__CAM_FRONT__1535731303662404.jpg", "samples/CAM_FRONT_RIGHT/n008-2018-08-31-11-56-46-0400__CAM_FRONT_RIGHT__1535731303670482.jpg", "samples/CAM_BACK_LEFT/n008-2018-08-31-11-56-46-0400__CAM_BACK_LEFT__1535731303697405.jpg", "samples/CAM_BACK/n008-2018-08-31-11-56-46-0400__CAM_BACK__1535731303687558.jpg", "samples/CAM_BACK_RIGHT/n008-2018-08-31-11-56-46-0400__CAM_BACK_RIGHT__1535731303678113.jpg"], "intrinsics": [[[1257.8625342125129, 0.0, 827.2410631095686], [0.0, 1257.8625342125129, 450.915498205774], [0.0, 0.0, 1.0]], [[1252.8131021185304, 0.0, 826.588114781398], [0.0, 1252.8131021185304, 469.9846626224581], [0.0, 0.0, 1.0]], [[1256.7485116440405, 0.0, 817.7887570959712], [0.0, 1256.7485116440403, 451.9541780095127], [0.0, 0.0, 1.0]], [[1254.9860565800168, 0.0, 829.5769333630991], [0.0, 1254.9860565800168, 467.1680561863987], [0.0, 0.0, 1.0]], [[796.8910634503094, 0.0, 857.7774326863696], [0.0, 796.8910634503094, 476.8848988407415], [0.0, 0.0, 1.0]], [[1249.9629280788233, 0.0, 825.3768045375984], [0.0, 1249.9629280788233, 462.54816385708756], [0.0, 0.0, 1.0]]], "extrinsics": [[[0.8226463794708252, -0.5685415863990784, -0.003643892239779234, -0.84375], [0.005668665282428265, 0.01461063139140606, -0.9998772144317627, 1.4893817901611328], [0.5685250759124756, 0.8225247859954834, 0.015242255292832851, -1.22344970703125], [0.0, 0.0, 0.0, 1.0]], [[0.010321391746401787, -0.9998920559883118, -0.010453702881932259, 0.00797271728515625], [0.007586675230413675, 0.010532264597713947, -0.9999157190322876, 1.481368064880371], [0.9999179840087891, 0.010241243988275528, 0.007694563362747431, -1.5750732421875], [0.0, 0.0, 0.0, 1.0]], [[-0.8440125584602356, -0.5361365079879761, -0.014158721081912518, 0.9879150390625], [0.015567757189273834, 0.0018980223685503006, -0.9998769760131836, 1.4949703216552734], [0.5360974669456482, -0.8441292643547058, 0.006744487676769495, -1.21173095703125], [0.0, 0.0, 0.0, 1.0]], [[0.9478711485862732, 0.3186298608779907, -0.003912363201379776, -1.1441650390625], [-0.009975533001124859, 0.017399322241544724, -0.9997988343238831, 1.562047004699707], [-0.31849774718284607, 0.9477195143699646, 0.019670818001031876, -0.155914306640625], [0.0, 0.0, 0.0, 1.0]], [[0.009238836355507374, 0.9999104738235474, 0.009684894233942032, -0.028656