[{"images": ["samples/CAM_FRONT_LEFT/n008-2018-08-27-11-48-51-0400__CAM_FRONT_LEFT__1535385092104799.jpg", "samples/CAM_FRONT/n008-2018-08-27-11-48-51-0400__CAM_FRONT__1535385092112404.jpg", "samples/CAM_FRONT_RIGHT/n008-2018-08-27-11-48-51-0400__CAM_FRONT_RIGHT__1535385092120482.jpg", "samples/CAM_BACK_LEFT/n008-2018-08-27-11-48-51-0400__CAM_BACK_LEFT__1535385092147405.jpg", "samples/CAM_BACK/n008-2018-08-27-11-48-51-0400__CAM_BACK__1535385092137558.jpg", "samples/CAM_BACK_RIGHT/n008-2018-08-27-11-48-51-0400__CAM_BACK_RIGHT__1535385092128113.jpg"], "intrinsics": [[[1257.8625342125129, 0.0, 827.2410631095686], [0.0, 1257.8625342125129, 450.915498205774], [0.0, 0.0, 1.0]], [[1252.8131021185304, 0.0, 826.588114781398], [0.0, 1252.8131021185304, 469.9846626224581], [0.0, 0.0, 1.0]], [[1256.7485116440405, 0.0, 817.7887570959712], [0.0, 1256.7485116440403, 451.9541780095127], [0.0, 0.0, 1.0]], [[1254.9860565800168, 0.0, 829.5769333630991], [0.0, 1254.9860565800168, 467.1680561863987], [0.0, 0.0, 1.0]], [[796.8910634503094, 0.0, 857.7774326863696], [0.0, 796.8910634503094, 476.8848988407415], [0.0, 0.0, 1.0]], [[1249.9629280788233, 0.0, 825.3768045375984], [0.0, 1249.9629280788233, 462.54816385708756], [0.0, 0.0, 1.0]]], "extrinsics": [[[0.8223792910575867, -0.5688351988792419, 0.010900471359491348, -0.72662353515625], [0.004541655071079731, -0.01259508728981018, -0.9999103546142578, 1.4898433685302734], [0.5689215660095215, 0.8223550319671631, -0.007774487603455782, -1.1424560546875], [0.0, 0.0, 0.0, 1.0]], [[0.009977021254599094, -0.9998100996017456, 0.01673930324614048, 0.0091552734375], [0.0063957045786082745, -0.01667599193751812, -0.999840497970581, 1.48197340965271], [0.9999297857284546, 0.01008248794823885, 0.006228114478290081, -1.454345703125], [0.0, 0.0, 0.0, 1.0]], [[-0.8441396355628967, -0.5361213088035583, 0.0014940840192139149, 0.9053955078125], [0.014316681772470474, -0.02532772161066532, -0.9995766282081604, 1.4962282180786133], [0.5359321236610413, -0.8437609076499939, 0.029055612161755562, -1.159423828125], [0.0, 0.0, 0.0, 1.0]], [[0.9478752613067627, 0.3183375298976898, -0.013920014724135399, -1.124755859375], [-0.011337559670209885, -0.009963752701878548, -0.9998860955238342, 1.5618152618408203], [-0.3184399902820587, 0.9479250907897949, -0.0058352211490273476, -0.162567138671875], [0.0, 0.0, 0.0, 1.0]], [[0.009338135831058025, 0.9998008608818054, -0.017636237666010857, -0.02813720703125], [-0.009138797409832478, -0.017550939694046974, -0.9998041987419128, 1.5672111511230469], [-0.9999146461486816, 0.009497479535639286, 0.00897308625280857, -0.0487060546875], [0.0, 0.0, 0.0, 1.0]], [[-0.9236704111099243, 0.3830302953720093, -0.010988243855535984, 1.010009765625], [-0.00484220776706934, -0.04034086689352989, -0.9991742372512817, 1.5470390319824219], [-0.38315728306770325, -0.922854483127594, 0.039116375148296356, -0.1058349609375], [0.0, 0.0, 0.0, 1.0]]], "view": [[0.0, -2.0, 100.0], [-2.0, 0.0, 100.0], [0.0, 0.0, 1.0]], "bev": "bev_5991fad3280c4f84b331536c32001a04.png", "aux": "aux_5991fad3280c4f84b331536c32001a04.npz", "visibility": "visibility_5991fad3280c4f84b331536c32001a04.png", "pose": [[0.9997313022613525, -0.0231797955930233, 0.0, 1772.424072265625], [0.0231797955930233, 0.9997313022613525, 0.0, 866.3084106445312], [0.0, 0.0, 1.0, 0.0], [0.0, 0.0, 0.0, 1.0]], "pose_inverse": [[0.9997313022613525, 0.0231797955930233, 0.0, -1792.0286865234375], [-0.0231797955930233, 0.9997313022613525, 0.0, -824.9912109375], [0.0, 0.0, 1.0, 0.0], [0.0, 0.0, 0.0, 1.0]], "cam_ids": [0, 1, 2, 3, 4, 5], "cam_channels": ["CAM_FRONT_LEFT", "CAM_FRONT", "CAM_FRONT_RIGHT", "CAM_BACK_LEFT", "CAM_BACK", "CAM_BACK_RIGHT"], "token": "5991fad3280c4f84b331536c32001a04", "scene": "scene-0655"}, {"images": ["samples/CAM_FRONT_LEFT/n008-2018-08-27-11-48-51-0400__CAM_FRONT_LEFT__1535385092654799.jpg", "samples/CAM_FRONT/n008-2018-08-27-11-48-51-0400__CAM_FRONT__1535385092662404.jpg", "samples/CAM_FRONT_RIGHT/n008-2018-08-27-11-48-51-0400__CAM_FRONT_RIGHT__1535385092672949.jpg", "samples/CAM_BACK_LEFT/n008-2018-08-27-11-48-51-0400__CAM_BACK_LEFT__1535385092697405.jpg", "samples/CAM_BACK/n008-2018-08-27-11-48-51-0400__CAM_BACK__1535385092687558.jpg", "samples/CAM_BACK_RIGHT/n008-2018-08-27-11-48-51-0400__CAM_BACK_RIGHT__1535385092678113.jpg"], "intrinsics": [[[1257.8625342125129, 0.0, 827.2410631095686], [0.0, 1257.8625342125129, 450.915498205774], [0.0, 0.0, 1.0]], [[1252.8131021185304, 0.0, 826.588114781398], [0.0, 1252.8131021185304, 469.9846626224581], [0.0, 0.0, 1.0]], [[1256.7485116440405, 0.0, 817.7887570959712], [0.0, 1256.7485116440403, 451.9541780095127], [0.0, 0.0, 1.0]], [[1254.9860565800168, 0.0, 829.5769333630991], [0.0, 1254.9860565800168, 467.1680561863987], [0.0, 0.0, 1.0]], [[796.8910634503094, 0.0, 857.7774326863696], [0.0, 796.8910634503094, 476.8848988407415], [0.0, 0.0, 1.0]], [[1249.9629280788233, 0.0, 825.3768045375984], [0.0, 1249.9629280788233, 462.54816385708756], [0.0, 0.0, 1.0]]], "extrinsics": [[[0.822746753692627, -0.5682079195976257, 0.015088229440152645, -0.70281982421875], [0.010242816060781479, -0.011719582602381706, -0.9998788237571716, 1.4920663833618164], [0.5683159232139587, 0.8228016495704651, -0.0038222011644393206, -1.1273193359375], [0.0, 0.0, 0.0, 1.0]], [[0.010551885701715946, -0.9998198747634888, 0.01577625423669815, 0.01031494140625], [0.012238147668540478, -0.01564682275056839, -0.9998027086257935, 1.4839229583740234], [0.9998694062232971, 0.01074287761002779, 0.012070838361978531, -1.4300537109375], [0.0, 0.0, 0.0, 1.0]], [[-0.8438160419464111, -0.5366156101226807, -0.004252525977790356, 0.90576171875], [0.02033822052180767, -0.02406061626970768, -0.9995036125183105, 1.4975776672363281], [0.5362470149993896, -0.8434836864471436, 0.031216541305184364, -1.15850830078125], [0.0, 0.0, 0.0, 1.0]], [[0.9478729963302612, 0.31856516003608704, -0.007288636174052954, -1.1219482421875], [-0.0049231890588998795, -0.008229851722717285, -0.9999539852142334, 1.5619277954101562], [-0.3186105191707611, 0.9478652477264404, -0.006232497747987509, -0.1635894775390625], [0.0, 0.0, 0.0, 1.0]], [[0.009084015153348446, 0.9998296499252319, -0.016069335862994194, -0.02850341796875], [-0.002840066095814109, -0.01604413613677025, -0.9998672008514404, 1.567779541015625], [-0.9999548196792603, 0.009128447622060776, 0.0026938365772366524, -0.0582275390625], [0.0, 0.0, 0.0, 1.0]], [[-0.9237772226333618, 0.3825896680355072, -0.016151579096913338, 0.9952392578125], [0.0013206511503085494, -0.038995545357465744, -0.9992384910583496, 1.548086166381836], [-0.38292813301086426, -0.9230951070785522, 0.03551792353391647, -0.1112060546875], [0.0, 0.0, 0.0, 1.0]]], "view": [[0.0, -2.0, 100.0], [-2.0, 0.0, 100.0], [0.0, 0.0, 1.0]], "bev": "bev_2578329fc3ae484bb23ef766808f4be5.png", "aux": "aux_2578329fc3ae484bb23ef766808f4be5.npz", "visibility": "visibility_2578329fc3ae484bb23ef766808f4be5.png", "pose": [[0.9997063279151917, -0.024234576150774956, 0.0, 1776.65576171875], [0.024234576150774956, 0.9997063279151917, 0.0, 866.39111328125], [0.0, 0.0, 1.0, 0.0], [0.0, 0.0, 0.0, 1.0]], "pose_inverse": [[0.9997063279151917, 0.024234576150774956, 0.0, -1797.130615234375], [-0.024234576150774956, 0.9997063279151917, 0.0, -823.0801391601562], [0.0, 0.0, 1.0, 0.0], [0.0, 0.0, 0.0, 1.0]], "cam_ids": [0, 1, 2, 3, 4, 5], "cam_channels": ["CAM_FRONT_LEFT", "CAM_FRONT", "CAM_FRONT_RIGHT", "CAM_BACK_LEFT", "CAM_BACK", "CAM_BACK_RIGHT"], "token": "2578329fc3ae484bb23ef766808f4be5", "scene": "scene-0655"}, {"images": ["samples/CAM_FRONT_LEFT/n008-2018-08-27-11-48-51-0400__CAM_FRONT_LEFT__1535385093155327.jpg", "samples/CAM_FRONT/n008-2018-08-27-11-48-51-0400__CAM_FRONT__1535385093162404.jpg", "samples/CAM_FRONT_RIGHT/n008-2018-08-27-11-48-51-0400__CAM_FRONT_RIGHT__1535385093170482.jpg", "samples/CAM_BACK_LEFT/n008-2018-08-27-11-48-51-0400__CAM_BACK_LEFT__1535385093197405.jpg", "samples/CAM_BACK/n008-2018-08-27-11-48-51-0400__CAM_BACK__1535385093187558.jpg", "samples/CAM_BACK_RIGHT/n008-2018-08-27-11-48-51-0400__CAM_BACK_RIGHT__1535385093178113.jpg"], "intrinsics": [[[1257.8625342125129, 0.0, 827.2410631095686], [0.0, 1257.8625342125129, 450.915498205774], [0.0, 0.0, 1.0]], [[1252.8131021185304, 0.0, 826.588114781398], [0.0, 1252.8131021185304, 469.9846626224581], [0.0, 0.0, 1.0]], [[1256.7485116440405, 0.0, 817.7887570959712], [0.0, 1256.7485116440403, 451.9541780095127], [0.0, 0.0, 1.0]], [[1254.9860565800168, 0.0, 829.5769333630991], [0.0, 1254.9860565800168, 467.1680561863987], [0.0, 0.0, 1.0]], [[796.8910634503094, 0.0, 857.7774326863696], [0.0, 796.8910634503094, 476.8848988407415], [0.0, 0.0, 1.0]], [[1249.9629280788233, 0.0, 825.3768045375984], [0.0, 1249.9629280788233, 462.54816385708756], [0.0, 0.0, 1.0]]], "extrinsics": [[[0.8226044774055481, -0.5683445930480957, 0.01750490814447403, -0.69171142578125], [0.010226739570498466, -0.01599239930510521, -0.9998197555541992, 1.49222993850708], [0.568522036075592, 0.822635293006897, -0.007343107834458351, -1.1220703125], [0.0, 0.0, 0.0, 1.0]], [[0.010418808087706566, -0.9997416138648987, 0.02020096592605114, 0.0123291015625], [0.011988693848252296, -0.0200757198035717, -0.9997265934944153, 1.4840474128723145], [0.9998738169670105, 0.0106581449508667, 0.011776430532336235, -1.4169921875], [0.0, 0.0, 0.0, 1.0]], [[-0.8438390493392944, -0.5365941524505615, -0.0015784953720867634, 0.8818359375], [0.020120061933994293, -0.028700590133666992, -0.9993855357170105, 1.498164176940918], [0.5362191200256348, -0.8433522582054138, 0.035014986991882324, -1.141632080078125], [0.0, 0.0, 0.0, 1.0]], [[0.9478456377983093, 0.3186064064502716, -0.008860593661665916, -1.12255859375], [-0.004801017697900534, -0.013524705544114113, -0.9998970031738281, 1.5619373321533203], [-0.31869345903396606, 0.9477906227111816, -0.01128969807177782, -0.1635589599609375], [0.0, 0.0, 0.0, 1.0]], [[0.009015779942274094, 0.999739408493042, -0.020973235368728638, -0.029052734375], [-0.00297095556743443, -0.02094721607863903, -0.9997761249542236, 1.5677719116210938], [-0.9999549984931946, 0.009076072834432125, 0.0027813254855573177, -0.0606689453125], [0.0, 0.0, 0.0, 1.0]], [[-0.9237847328186035, 0.3824911415576935, -0.017953187227249146, 0.9898681640625], [0.0013159633381292224, -0.043714333325624466, -0.9990431666374207, 1.5481452941894531], [-0.3829099237918854, -0.9229244589805603, 0.03987928479909897, -0.1123046875], [0.0, 0.0, 0.0, 1.0]]], "view": [[0.0, -2.0, 100.0], [-2.0, 0.0, 100.0], [0.0, 0.0, 1.0]], "bev": "bev_8057958576034e51bac9bdc5740128d5.png", "aux": "aux_8057958576034e51bac9bdc5740128d5.npz", "visibility": "visibility_8057958576034e51bac9bdc5740128d5.png", "pose": [[0.9997064471244812, -0.024228567257523537, 0.0, 1780.7471923828125], [0.024228567257523537, 0.9997064471244812, 0.0, 866.4572143554688], [0.0, 0.0, 1.0, 0.0], [0.0, 0.0, 0.0, 1.0]], "pose_inverse": [[0.9997064471244812, 0.024228567257523537, 0.0, -1801.2174072265625], [-0.024228567257523537, 0.9997064471244812, 0.0, -823.0579223632812], [0.0, 0.0, 1.0, 0.0], [0.0, 0.0, 0.0, 1.0]], "cam_ids": [0, 1, 2, 3, 4, 5], "cam_channels": ["CAM_FRONT_LEFT", "CAM_FRONT", "CAM_FRONT_RIGHT", "CAM_BACK_LEFT", "CAM_BACK", "CAM_BACK_RIGHT"], "token": "8057958576034e51bac9bdc5740128d5", "scene": "scene-0655"}, {"images": ["samples/CAM_FRONT_LEFT/n008-2018-08-27-11-48-51-0400__CAM_FRONT_LEFT__1535385093604799.jpg", "samples/CAM_FRONT/n008-2018-08-27-11-48-51-0400__CAM_FRONT__1535385093612404.jpg", "samples/CAM_FRONT_RIGHT/n008-2018-08-27-11-48-51-0400__CAM_FRONT_RIGHT__1535385093620482.jpg", "samples/CAM_BACK_LEFT/n008-2018-08-27-11-48-51-0400__CAM_BACK_LEFT__1535385093647405.jpg", "samples/CAM_BACK/n008-2018-08-27-11-48-51-0400__CAM_BACK__1535385093637558.jpg", "samples/CAM_BACK_RIGHT/n008-2018-08-27-11-48-51-0400__CAM_BACK_RIGHT__1535385093628113.jpg"], "intrinsics": [[[1257.8625342125129, 0.0, 827.2410631095686], [0.0, 1257.8625342125129, 450.915498205774], [0.0, 0.0, 1.0]], [[1252.8131021185304, 0.0, 826.588114781398], [0.0, 1252.8131021185304, 469.9846626224581], [0.0, 0.0, 1.0]], [[1256.7485116440405, 0.0, 817.7887570959712], [0.0, 1256.7485116440403, 451.9541780095127], [0.0, 0.0, 1.0]], [[1254.9860565800168, 0.0, 829.5769333630991], [0.0, 1254.9860565800168, 467.1680561863987], [0.0, 0.0, 1.0]], [[796.8910634503094, 0.0, 857.7774326863696], [0.0, 796.8910634503094, 476.8848988407415], [0.0, 0.0, 1.0]], [[1249.9629280788233, 0.0, 825.3768045375984], [0.0, 1249.9629280788233, 462.54816385708756], [0.0, 0.0, 1.0]]], "extrinsics": [[[0.8223957419395447, -0.5687457323074341, 0.013912968337535858, -0.68817138671875], [0.007087470963597298, -0.014211107976734638, -0.9998738765716553, 1.4910567998886108], [0.5688716769218445, 0.8223906755447388, -0.007656189147382975, -1.1181640625], [0.0, 0.0, 0.0, 1.0]], [[0.010077985934913158, -0.9997802972793579, 0.018376469612121582, 0.011474609375], [0.009002335369586945, -0.018285945057868958, -0.9997923374176025, 1.4830904006958008], [0.9999086260795593, 0.010241322219371796, 0.008816072717308998, -1.4156494140625], [0.0, 0.0, 0.0, 1.0]], [[-0.8440276384353638, -0.5362995862960815, 0.00010831161489477381, 0.87939453125], [0.016986846923828125, -0.026935739442706108, -0.9994928240776062, 1.4974074363708496], [0.5360304713249207, -0.8435978293418884, 0.031844548881053925, -1.140838623046875], [0.0, 0.0, 0.0, 1.0]], [[0.9478795528411865, 0.31840935349464417, -0.011827340349555016, -1.1207275390625], [-0.00860693771392107, -0.011519062332808971, -0.9998966455459595, 1.561838150024414], [-0.3185126483440399, 0.9478833675384521, -0.008178151212632656, -0.1641693115234375], [0.0, 0.0, 0.0, 1.0]], [[0.009249461814761162, 0.9997720718383789, -0.019242936745285988, -0.02880859375], [-0.006329386029392481, -0.019184837117791176, -0.9997959136962891, 1.5674018859863281], [-0.9999371767044067, 0.009369369596242905, 0.006150493863970041, -0.063232421875], [0.0, 0.0, 0.0, 1.0]], [[-0.9237069487571716, 0.3828389048576355, -0.014132439158856869, 0.987060546875], [-0.002101124497130513, -0.041951823979616165, -0.9991174340248108, 1.5474929809570312], [-0.38309386372566223, -0.9228621125221252, 0.03955558314919472, -0.114013671875], [0.0, 0.0, 0.0, 1.0]]], "view": [[0.0, -2.0, 100.0], [-2.0, 0.0, 100.0], [0.0, 0.0, 1.0]], "bev": "bev_23799328f65843fc9e0c71f2bfbe90ef.png", "aux": "aux_23799328f65843fc9e0c71f2bfbe90ef.npz", "visibility": "visibility_23799328f65843fc9e0c71f2bfbe90ef.png", "pose": [[0.9996672868728638, -0.02579408697783947, 0.0, 1784.5635986328125], [0.02579408697783947, 0.9996672868728638, 0.0, 866.52978515625], [0.0, 0.0, 1.0, 0.0], [0.0, 0.0, 0.0, 1.0]], "pose_inverse": [[0.9996672868728638, 0.02579408697783947, 0.0, -1806.3211669921875], [-0.02579408697783947, 0.9996672868728638, 0.0, -820.2102661132812], [0.0, 0.0, 1.0, 0.0], [0.0, 0.0, 0.0, 1.0]], "cam_ids": [0, 1, 2, 3, 4, 5], "cam_channels": ["CAM_FRONT_LEFT", "CAM_FRONT", "CAM_FRONT_RIGHT", "CAM_BACK_LEFT", "CAM_BACK", "CAM_BACK_RIGHT"], "token": "23799328f65843fc9e0c71f2bfbe90ef", "scene": "scene-0655"}, {"images": ["samples/CAM_FRONT_LEFT/n008-2018-08-27-11-48-51-0400__CAM_FRONT_LEFT__1535385094104799.jpg", "samples/CAM_FRONT/n008-2018-08-27-11-48-51-0400__CAM_FRONT__1535385094112404.jpg", "samples/CAM_FRONT_RIGHT/n008-2018-08-27-11-48-51-0400__CAM_FRONT_RIGHT__1535385094120482.jpg", "samples/CAM_BACK_LEFT/n008-2018-08-27-11-48-51-0400__CAM_BACK_LEFT__1535385094147405.jpg", "samples/CAM_BACK/n008-2018-08-27-11-48-51-0400__CAM_BACK__1535385094137558.jpg", "samples/CAM_BACK_RIGHT/n008-2018-08-27-11-48-51-0400__CAM_BACK_RIGHT__1535385094128113.jpg"], "intrinsics": [[[1257.8625342125129, 0.0, 827.2410631095686], [0.0, 1257.8625342125129, 450.915498205774], [0.0, 0.0, 1.0]], [[1252.8131021185304, 0.0, 826.588114781398], [0.0, 1252.8131021185304, 469.9846626224581], [0.0, 0.0, 1.0]], [[1256.7485116440405, 0.0, 817.7887570959712], [0.0, 1256.7485116440403, 451.9541780095127], [0.0, 0.0, 1.0]], [[1254.9860565800168, 0.0, 829.5769333630991], [0.0, 1254.9860565800168, 467.1680561863987], [0.0, 0.0, 1.0]], [[796.8910634503094, 0.0, 857.7774326863696], [0.0, 796.8910634503094, 476.8848988407415], [0.0, 0.0, 1.0]], [[1249.9629280788233, 0.0, 825.3768045375984], [0.0, 1249.9629280788233, 462.54816385708756], [0.0, 0.0, 1.0]]], "extrinsics": [[[0.8222668170928955, -0.568997323513031, 0.0109234768897295, -0.682861328125], [0.003650924889370799, -0.013919767923653126, -0.9998964071273804, 1.4897518157958984], [0.5690904855728149, 0.822221577167511, -0.009368397295475006, -1.11328125], [0.0, 0.0, 0.0, 1.0]], [[0.009711426682770252, -0.9997895956039429, 0.018068062141537666, 0.01019287109375], [0.005558475386351347, -0.018014663830399513, -0.9998222589492798, 1.4820013046264648], [0.9999374747276306, 0.00981013011187315, 0.005382357630878687, -1.4097900390625], [0.0, 0.0, 0.0, 1.0]], [[-0.8443253636360168, -0.5358231663703918, 0.0028784023597836494, 0.875244140625], [0.013527327217161655, -0.026685256510972977, -0.9995523691177368, 1.4965568780899048], [0.5356601476669312, -0.8439084887504578, 0.02977929264307022, -1.13983154296875], [0.0, 0.0, 0.0, 1.0]], [[0.9478830695152283, 0.3182767927646637, -0.014747969806194305, -1.121337890625], [-0.01177387498319149, -0.011266154237091541, -0.9998672604560852, 1.5617599487304688], [-0.3184007406234741, 0.9479308724403381, -0.006931642070412636, -0.163909912109375], [0.0, 0.0, 0.0, 1.0]], [[0.009496010839939117, 0.9997751712799072, -0.01896117441356182, -0.0281982421875], [-0.009658477269113064, -0.018869439139962196, -0.9997752904891968, 1.5670166015625], [-0.9999083280563354, 0.00967701431363821, 0.009477119892835617, -0.064453125], [0.0, 0.0, 0.0, 1.0]], [[-0.9235686659812927, 0.3832792043685913, -0.010863430798053741, 0.98486328125], [-0.005549537017941475, -0.041690751910209656, -0.9991151690483093, 1.5467872619628906], [-0.38339290022850037, -0.9226911067962646, 0.04063129425048828, -0.1158447265625], [0.0, 0.0, 0.0, 1.0]]], "view": [[0.0, -2.0, 100.0], [-2.0, 0.0, 100.0], [0.0, 0.0, 1.0]], "bev": "bev_6af01b48aec7475eac1f8e9add0276ff.png", "aux": "aux_6af01b48aec7475eac1f8e9add0276ff.npz", "visibility": "visibility_6af01b48aec7475eac1f8e9add0276ff.png", "pose": [[0.9995937943458557, -0.028500622138381004, 0.0, 1788.868896484375], [0.028500622138381004, 0.9995937943458557, 0.0, 866.606689453125], [0.0, 0.0, 1.0, 0.0], [0.0, 0.0, 0.0, 1.0]], "pose_inverse": [[0.9995937943458557, 0.028500622138381004, 0.0, -1812.841064453125], [-0.028500622138381004, 0.9995937943458557, 0.0, -815.270751953125], [0.0, 0.0, 1.0, 0.0], [0.0, 0.0, 0.0, 1.0]], "cam_ids": [0, 1, 2, 3, 4, 5], "cam_channels": ["CAM_FRONT_LEFT", "CAM_FRONT", "CAM_FRONT_RIGHT", "CAM_BACK_LEFT", "CAM_BACK", "CAM_BACK_RIGHT"], "token": "6af01b48aec7475eac1f8e9add0276ff", "scene": "scene-0655"}, {"images": ["samples/CAM_FRONT_LEFT/n008-2018-08-27-11-48-51-0400__CAM_FRONT_LEFT__1535385094504799.jpg", "samples/CAM_FRONT/n008-2018-08-27-11-48-51-0400__CAM_FRONT__1535385094512404.jpg", "samples/CAM_FRONT_RIGHT/n008-2018-08-27-11-48-51-0400__CAM_FRONT_RIGHT__1535385094520482.jpg", "samples/CAM_BACK_LEFT/n008-2018-08-27-11-48-51-0400__CAM_BACK_LEFT__1535385094547405.jpg", "samples/CAM_BACK/n008-2018-08-27-11-48-51-0400__CAM_BACK__1535385094537558.jpg", "samples/CAM_BACK_RIGHT/n008-2018-08-27-11-48-51-0400__CAM_BACK_RIGHT__1535385094528113.jpg"], "intrinsics": [[[1257.8625342125129, 0.0, 827.2410631095686], [0.0, 1257.8625342125129, 450.915498205774], [0.0, 0.0, 1.0]], [[1252.8131021185304, 0.0, 826.588114781398], [0.0, 1252.8131021185304, 469.9846626224581], [0.0, 0.0, 1.0]], [[1256.7485116440405, 0.0, 817.7887570959712], [0.0, 1256.7485116440403, 451.9541780095127], [0.0, 0.0, 1.0]], [[1254.9860565800168, 0.0, 829.5769333630991], [0.0, 1254.9860565800168, 467.1680561863987], [0.0, 0.0, 1.0]], [[796.8910634503094, 0.0, 857.7774326863696], [0.0, 796.8910634503094, 476.8848988407415], [0.0, 0.0, 1.0]], [[1249.9629280788233, 0.0, 825.3768045375984], [0.0, 1249.9629280788233, 462.54816385708756], [0.0, 0.0, 1.0]]], "extrinsics": [[[0.8224900364875793, -0.5686526894569397, 0.012011220678687096, -0.677978515625], [0.004144366830587387, -0.015125300735235214, -0.9998769760131836, 1.4899954795837402], [0.5687643885612488, 0.8224387168884277, -0.010083706118166447, -1.112060546875], [0.0, 0.0, 0.0, 1.0]], [[0.01023571752011776, -0.9997634887695312, 0.019190620630979538, 0.012451171875], [0.006154044531285763, -0.01912827603518963, -0.9997981190681458, 1.482252597808838], [0.9999287128448486, 0.010351748205721378, 0.005956797394901514, -1.4073486328125], [0.0, 0.0, 0.0, 1.0]], [[-0.8439644575119019, -0.5363913774490356, 0.002843411173671484, 0.8768310546875], [0.014235321432352066, -0.027696451172232628, -0.9995149970054626, 1.496799111366272], [0.5362100005149841, -0.8435148000717163, 0.03101053088903427, -1.137847900390625], [0.0, 0.0, 0.0, 1.0]], [[0.9478638172149658, 0.3183656930923462, -0.014048462733626366, -1.12255859375], [-0.01066665444523096, -0.012363306246697903, -0.9998666644096375, 1.561807632446289], [-0.318496972322464, 0.9478873610496521, -0.008322837762534618, -0.1634979248046875], [0.0, 0.0, 0.0, 1.0]], [[0.00918351486325264, 0.9997580051422119, -0.019990261644124985, -0.029296875], [-0.008708381094038486, -0.019910383969545364, -0.9997637867927551, 1.5671520233154297], [-0.9999198913574219, 0.009355430491268635, 0.008523426949977875, -0.0631103515625], [0.0, 0.0, 0.0, 1.0]], [[-0.9237699508666992, 0.38276004791259766, -0.011982799507677555, 0.985107421875], [-0.0047125620767474174, -0.0426509715616703, -0.9990788698196411, 1.547027587890625], [-0.3829185366630554, -0.9228627681732178, 0.04120347276329994, -0.1138916015625], [0.0, 0.0, 0.0, 1.0]]], "view": [[0.0, -2.0, 100.0], [-2.0, 0.0, 100.0], [0.0, 0.0, 1.0]], "bev": "bev_df7066fa5f0d4b708982747cc3feed14.png", "aux": "aux_df7066fa5f0d4b708982747cc3feed14.npz", "visibility": "visibility_df7066fa5f0d4b708982747cc3feed14.png", "pose": [[0.9994994401931763, -0.031636450439691544, 0.0, 1792.2955322265625], [0.031636450439691544, 0.9994994401931763, 0.0, 866.6791381835938], [0.0, 0.0, 1.0, 0.0], [0.0, 0.0, 0.0, 1.0]], "pose_inverse": [[0.9994994401931763, 0.031636450439691544, 0.0, -1818.8170166015625], [-0.031636450439691544, 0.9994994401931763, 0.0, -809.54345703125], [0.0, 0.0, 1.0, 0.0], [0.0, 0.0, 0.0, 1.0]], "cam_ids": [0, 1, 2, 3, 4, 5], "cam_channels": ["CAM_FRONT_LEFT", "CAM_FRONT", "CAM_FRONT_RIGHT", "CAM_BACK_LEFT", "CAM_BACK", "CAM_BACK_RIGHT"], "token": "df7066fa5f0d4b708982747cc3feed14", "scene": "scene-0655"}, {"images": ["samples/CAM_FRONT_LEFT/n008-2018-08-27-11-48-51-0400__CAM_FRONT_LEFT__1535385094904799.jpg", "samples/CAM_FRONT/n008-2018-08-27-11-48-51-0400__CAM_FRONT__1535385094912404.jpg", "samples/CAM_FRONT_RIGHT/n008-2018-08-27-11-48-51-0400__CAM_FRONT_RIGHT__1535385094920482.jpg", "samples/CAM_BACK_LEFT/n008-2018-08-27-11-48-51-0400__CAM_BACK_LEFT__1535385094947405.jpg", "samples/CAM_BACK/n008-2018-08-27-11-48-51-0400__CAM_BACK__1535385094937558.jpg", "samples/CAM_BACK_RIGHT/n008-2018-08-27-11-48-51-0400__CAM_BACK_RIGHT__1535385094928113.jpg"], "intrinsics": [[[1257.8625342125129, 0.0, 827.2410631095686], [0.0, 1257.8625342125129, 450.915498205774], [0.0, 0.0, 1.0]], [[1252.8131021185304, 0.0, 826.588114781398], [0.0, 1252.8131021185304, 469.9846626224581], [0.0, 0.0, 1.0]], [[1256.7485116440405, 0.0, 817.7887570959712], [0.0, 1256.7485116440403, 451.9541780095127], [0.0, 0.0, 1.0]], [[1254.9860565800168, 0.0, 829.5769333630991], [0.0, 1254.9860565800168, 467.1680561863987], [0.0, 0.0, 1.0]], [[796.8910634503094, 0.0, 857.7774326863696], [0.0, 796.8910634503094, 476.8848988407415], [0.0, 0.0, 1.0]], [[1249.9629280788233, 0.0, 825.3768045375984], [0.0, 1249.9629280788233, 462.54816385708756], [0.0, 0.0, 1.0]]], "extrinsics": [[[0.8225945830345154, -0.568464457988739, 0.013650953769683838, -0.6806640625], [0.007519046310335398, -0.01313057355582714, -0.9998854994773865, 1.4912898540496826], [0.5685786604881287, 0.8226031064987183, -0.006526828743517399, -1.1138916015625], [0.0, 0.0, 0.0, 1.0]], [[0.010412026196718216, -0.999798059463501, 0.017190149053931236, 0.01226806640625], [0.009514660574495792, -0.01709124632179737, -0.999808669090271, 1.4833312034606934], [0.9999005198478699, 0.010573589242994785, 0.009334784001111984, -1.4083251953125], [0.0, 0.0, 0.0, 1.0]], [[-0.8438529372215271, -0.5365734100341797, -0.0010738745331764221, 0.874755859375], [0.017555925995111465, -0.02560928650200367, -0.9995178580284119, 1.4976673126220703], [0.5362871885299683, -0.8434650301933289, 0.03103051520884037, -1.136962890625], [0.0, 0.0, 0.0, 1.0]], [[0.9478695392608643, 0.31848886609077454, -0.010402604937553406, -1.124267578125], [-0.007746003568172455, -0.00960665475577116, -0.9999238848686218, 1.5618858337402344], [-0.3185645639896393, 0.9478779435157776, -0.006638840306550264, -0.1629180908203125], [0.0, 0.0, 0.0, 1.0]], [[0.009106134995818138, 0.9998043775558472, -0.017557315528392792, -0.02923583984375], [-0.005602073855698109, -0.017506763339042664, -0.9998310208320618, 1.5674819946289062], [-0.9999428987503052, 0.009202953428030014, 0.005441559012979269, -0.063232421875], [0.0, 0.0, 0.0, 1.0]], [[-0.9237953424453735, 0.38262513279914856, -0.014151262119412422, 0.9833984375], [-0.0014675258425995708, -0.040497422218322754, -0.9991785883903503, 1.5476226806640625], [-0.3828839063644409, -0.9230157136917114, 0.037972837686538696, -0.1146240234375], [0.0, 0.0, 0.0, 1.0]]], "view": [[0.0, -2.0, 100.0], [-2.0, 0.0, 100.0], [0.0, 0.0, 1.0]], "bev": "bev_5f6cc6483988439a824cec99e28bb5b9.png", "aux": "aux_5f6cc6483988439a824cec99e28bb5b9.npz", "visibility": "visibility_5f6cc6483988439a824cec99e28bb5b9.png", "pose": [[0.9994323253631592, -0.03369049355387688, 0.0, 1795.704833984375], [0.03369049355387688, 0.9994323253631592, 0.0, 866.7648315429688], [0.0, 0.0, 1.0, 0.0], [0.0, 0.0, 0.0, 1.0]], "pose_inverse": [[0.9994323253631592, 0.03369049355387688, 0.0, -1823.88720703125], [-0.03369049355387688, 0.9994323253631592, 0.0, -805.7745971679688], [0.0, 0.0, 1.0, 0.0], [0.0, 0.0, 0.0, 1.0]], "cam_ids": [0, 1, 2, 3, 4, 5], "cam_channels": ["CAM_FRONT_LEFT", "CAM_FRONT", "CAM_FRONT_RIGHT", "CAM_BACK_LEFT", "CAM_BACK", "CAM_BACK_RIGHT"], "token": "5f6cc6483988439a824cec99e28bb5b9", "scene": "scene-0655"}, {"images": ["samples/CAM_FRONT_LEFT/n008-2018-08-27-11-48-51-0400__CAM_FRONT_LEFT__1535385095404799.jpg", "samples/CAM_FRONT/n008-2018-08-27-11-48-51-0400__CAM_FRONT__1535385095412404.jpg", "samples/CAM_FRONT_RIGHT/n008-2018-08-27-11-48-51-0400__CAM_FRONT_RIGHT__1535385095420482.jpg", "samples/CAM_BACK_LEFT/n008-2018-08-27-11-48-51-0400__CAM_BACK_LEFT__1535385095447405.jpg", "samples/CAM_BACK/n008-2018-08-27-11-48-51-0400__CAM_BACK__1535385095437558.jpg", "samples/CAM_BACK_RIGHT/n008-2018-08-27-11-48-51-0400__CAM_BACK_RIGHT__1535385095428113.jpg"], "intrinsics": [[[1257.8625342125129, 0.0, 827.2410631095686], [0.0, 1257.8625342125129, 450.915498205774], [0.0, 0.0, 1.0]], [[1252.8131021185304, 0.0, 826.588114781398], [0.0, 1252.8131021185304, 469.9846626224581], [0.0, 0.0, 1.0]], [[1256.7485116440405, 0.0, 817.7887570959712], [0.0, 1256.7485116440403, 451.9541780095127], [0.0, 0.0, 1.0]], [[1254.9860565800168, 0.0, 829.5769333630991], [0.0, 1254.9860565800168, 467.1680561863987], [0.0, 0.0, 1.0]], [[796.8910634503094, 0.0, 857.7774326863696], [0.0, 796.8910634503094, 476.8848988407415], [0.0, 0.0, 1.0]], [[1249.9629280788233, 0.0, 825.3768045375984], [0.0, 1249.9629280788233, 462.54816385708756], [0.0, 0.0, 1.0]]], "extrinsics": [[[0.822313666343689, -0.5689222812652588, 0.011297185905277729, -0.6898193359375], [0.00978782307356596, -0.005708686541765928, -0.9999358057975769, 1.4920387268066406], [0.568950355052948, 0.8223714828491211, 0.0008741801138967276, -1.1231689453125], [0.0, 0.0, 0.0, 1.0]], [[0.00997459888458252, -0.9999019503593445, 0.00983454193919897, 0.013916015625], [0.011819934472441673, -0.00971644651144743, -0.9998829364776611, 1.4839372634887695], [0.9998804330825806, 0.010089666582643986, 0.011721856892108917, -1.4200439453125], [0.0, 0.0, 0.0, 1.0]], [[-0.8440396189689636, -0.5362347364425659, -0.007023668382316828, 0.8848876953125], [0.01994180679321289, -0.018295306712388992, -0.9996336698532104, 1.498067855834961], [0.5359098315238953, -0.8438705801963806, 0.026135453954339027, -1.141937255859375], [0.0, 0.0, 0.0, 1.0]], [[0.947883129119873, 0.3185636103153229, -0.005910686682909727, -1.121826171875], [-0.005304745398461819, -0.0027696280740201473, -0.9999821186065674, 1.5619220733642578], [-0.31857427954673767, 0.9478974938392639, -0.0009353842469863594, -0.1650848388671875], [0.0, 0.0, 0.0, 1.0]], [[0.009257936850190163, 0.9999027848243713, -0.010428051464259624, -0.03045654296875], [-0.003229206195101142, -0.01039854809641838, -0.9999406933784485, 1.5677471160888672], [-0.999951958656311, 0.009291061200201511, 0.0031326229218393564, -0.0609130859375], [0.0, 0.0, 0.0, 1.0]], [[-0.9236623048782349, 0.38296616077423096, -0.01359210442751646, 0.9901123046875], [0.0009270724258385599, -0.033236064016819, -0.9994470477104187, 1.548095703125], [-0.38320615887641907, -0.9231643080711365, 0.030343862250447273, -0.11083984375], [0.0, 0.0, 0.0, 1.0]]], "view": [[0.0, -2.0, 100.0], [-2.0, 0.0, 100.0], [0.0, 0.0, 1.0]], "bev": "bev_c9304cf98aad4ff0bb5b0cff0aab65d2.png", "aux": "aux_c9304cf98aad4ff0bb5b0cff0aab65d2.npz", "visibility": "visibility_c9304cf98aad4ff0bb5b0cff0aab65d2.png", "pose": [[0.9993312358856201, -0.036566659808158875, 0.0, 1800.040771484375], [0.036566659808158875, 0.9993312358856201, 0.0, 866.8646240234375], [0.0, 0.0, 1.0, 0.0], [0.0, 0.0, 0.0, 1.0]], "pose_inverse": [[0.9993312358856201, 0.036566659808158875, 0.0, -1830.5352783203125], [-0.036566659808158875, 0.9993312358856201, 0.0, -800.46337890625], [0.0, 0.0, 1.0, 0.0], [0.0, 0.0, 0.0, 1.0]], "cam_ids": [0, 1, 2, 3, 4, 5], "cam_channels": ["CAM_FRONT_LEFT", "CAM_FRONT", "CAM_FRONT_RIGHT", "CAM_BACK_LEFT", "CAM_BACK", "CAM_BACK_RIGHT"], "token": "c9304cf98aad4ff0bb5b0cff0aab65d2", "scene": "scene-0655"}, {"images": ["samples/CAM_FRONT_LEFT/n008-2018-08-27-11-48-51-0400__CAM_FRONT_LEFT__1535385095904799.jpg", "samples/CAM_FRONT/n008-2018-08-27-11-48-51-0400__CAM_FRONT__1535385095912404.jpg", "samples/CAM_FRONT_RIGHT/n008-2018-08-27-11-48-51-0400__CAM_FRONT_RIGHT__1535385095920482.jpg", "samples/CAM_BACK_LEFT/n008-2018-08-27-11-48-51-0400__CAM_BACK_LEFT__1535385095947405.jpg", "samples/CAM_BACK/n008-2018-08-27-11-48-51-0400__CAM_BACK__1535385095937563.jpg", "samples/CAM_BACK_RIGHT/n008-2018-08-27-11-48-51-0400__CAM_BACK_RIGHT__1535385095928113.jpg"], "intrinsics": [[[1257.8625342125129, 0.0, 827.2410631095686], [0.0, 1257.8625342125129, 450.915498205774], [0.0, 0.0, 1.0]], [[1252.8131021185304, 0.0, 826.588114781398], [0.0, 1252.8131021185304, 469.9846626224581], [0.0, 0.0, 1.0]], [[1256.7485116440405, 0.0, 817.7887570959712], [0.0, 1256.7485116440403, 451.9541780095127], [0.0, 0.0, 1.0]], [[1254.9860565800168, 0.0, 829.5769333630991], [0.0, 1254.9860565800168, 467.1680561863987], [0.0, 0.0, 1.0]], [[796.8910634503094, 0.0, 857.7774326863696], [0.0, 796.8910634503094, 476.8848988407415], [0.0, 0.0, 1.0]], [[1249.9629280788233, 0.0, 825.3768045375984], [0.0, 1249.9629280788233, 462.54816385708756], [0.0, 0.0, 1.0]]], "extrinsics": [[[0.8222295641899109, -0.5690574049949646, 0.01059750560671091, -0.6937255859375], [0.008197619579732418, -0.006777137517929077, -0.9999434351921082, 1.4914026260375977], [0.5690969824790955, 0.8222699165344238, -0.0009074504487216473, -1.1239013671875], [0.0, 0.0, 0.0, 1.0]], [[0.009739840403199196, -0.999893069267273, 0.010907287709414959, 0.01251220703125], [0.010089541785418987, -0.010808981023728848, -0.9998906850814819, 1.483351707458496], [0.9999015927314758, 0.009848830290138721, 0.0099831847473979, -1.4234619140625], [0.0, 0.0, 0.0, 1.0]], [[-0.8442286849021912, -0.5359614491462708, -0.00482912827283144, 0.8863525390625], [0.018042344599962234, -0.019412649795413017, -0.9996487498283386, 1.497528076171875], [0.5356794595718384, -0.8440192341804504, 0.02605871669948101, -1.144500732421875], [0.0, 0.0, 0.0, 1.0]], [[0.9478916525840759, 0.3184843957424164, -0.008310789242386818, -1.1268310546875], [-0.007440788671374321, -0.00394817627966404, -0.9999645352363586, 1.561910629272461], [-0.3185059726238251, 0.9479199051856995, -0.001372668775729835, -0.1620635986328125], [0.0, 0.0, 0.0, 1.0]], [[0.009407785721123219, 0.9998879432678223, -0.011646210215985775, -0.0291748046875], [-0.005326240789145231, -0.011596453376114368, -0.999918520450592, 1.5675411224365234], [-0.9999415874481201, 0.00946904718875885, 0.005216546822339296, -0.0562744140625], [0.0, 0.0, 0.0, 1.0]], [[-0.9235848188400269, 0.38319945335388184, -0.012218999676406384, 0.99365234375], [-0.0010441611520946026, -0.03438454866409302, -0.9994081258773804, 1.5477008819580078], [-0.3833927810192108, -0.923025369644165, 0.03215716406702995, -0.1103515625], [0.0, 0.0, 0.0, 1.0]]], "view": [[0.0, -2.0, 100.0], [-2.0, 0.0, 100.0], [0.0, 0.0, 1.0]], "bev": "bev_79937d5eae1d450499677a0dcffa210c.png", "aux": "aux_79937d5eae1d450499677a0dcffa210c.npz", "visibility": "visibility_79937d5eae1d450499677a0dcffa210c.png", "pose": [[0.9991738200187683, -0.04064124450087547, 0.0, 1804.2498779296875], [0.04064124450087547, 0.9991738200187683, 0.0, 866.978759765625], [0.0, 0.0, 1.0, 0.0], [0.0, 0.0, 0.0, 1.0]], "pose_inverse": [[0.9991738200187683, 0.04064124450087547, 0.0, -1837.9942626953125], [-0.04064124450087547, 0.9991738200187683, 0.0, -792.9354858398438], [0.0, 0.0, 1.0, 0.0], [0.0, 0.0, 0.0, 1.0]], "cam_ids": [0, 1, 2, 3, 4, 5], "cam_channels": ["CAM_FRONT_LEFT", "CAM_FRONT", "CAM_FRONT_RIGHT", "CAM_BACK_LEFT", "CAM_BACK", "CAM_BACK_RIGHT"], "token": "79937d5eae1d450499677a0dcffa210c", "scene": "scene-0655"}, {"images": ["samples/CAM_FRONT_LEFT/n008-2018-08-27-11-48-51-0400__CAM_FRONT_LEFT__1535385096354799.jpg", "samples/CAM_FRONT/n008-2018-08-27-11-48-51-0400__CAM_FRONT__1535385096362404.jpg", "samples/CAM_FRONT_RIGHT/n008-2018-08-27-11-48-51-0400__CAM_FRONT_RIGHT__1535385096370482.jpg", "samples/CAM_BACK_LEFT/n008-2018-08-27-11-48-51-0400__CAM_BACK_LEFT__1535385096397405.jpg", "samples/CAM_BACK/n008-2018-08-27-11-48-51-0400__CAM_BACK__1535385096387558.jpg", "samples/CAM_BACK_RIGHT/n008-2018-08-27-11-48-51-0400__CAM_BACK_RIGHT__1535385096378113.jpg"], "intrinsics": [[[1257.8625342125129, 0.0, 827.2410631095686], [0.0, 1257.8625342125129, 450.915498205774], [0.0, 0.0, 1.0]], [[1252.8131021185304, 0.0, 826.588114781398], [0.0, 1252.8131021185304, 469.9846626224581], [0.0, 0.0, 1.0]], [[1256.7485116440405, 0.0, 817.7887570959712], [0.0, 1256.7485116440403, 451.9541780095127], [0.0, 0.0, 1.0]], [[1254.9860565800168, 0.0, 829.5769333630991], [0.0, 1254.9860565800168, 467.1680561863987], [0.0, 0.0, 1.0]], [[796.8910634503094, 0.0, 857.7774326863696], [0.0, 796.8910634503094, 476.8848988407415], [0.0, 0.0, 1.0]], [[1249.9629280788233, 0.0, 825.3768045375984], [0.0, 1249.9629280788233, 462.54816385708756], [0.0, 0.0, 1.0]]], "extrinsics": [[[0.8225200772285461, -0.5686600208282471, 0.009299023076891899, -0.6817626953125], [0.00717052211984992, -0.005980230867862701, -0.9999563694000244, 1.4911203384399414], [0.5686907768249512, 0.822550892829895, -0.0008412718889303505, -1.115966796875], [0.0, 0.0, 0.0, 1.0]], [[0.010214303620159626, -0.9998958110809326, 0.01019804086536169, 0.01275634765625], [0.009109804406762123, -0.010105098597705364, -0.9999074339866638, 1.4831552505493164], [0.9999062418937683, 0.010306263342499733, 0.009005638770759106, -1.4112548828125], [0.0, 0.0, 0.0, 1.0]], [[-0.8439918160438538, -0.5363386869430542, -0.004308847710490227, 0.8782958984375], [0.017053896561264992, -0.01880507357418537, -0.9996777176856995, 1.4974594116210938], [0.5360848307609558, -0.8437933325767517, 0.02501799166202545, -1.13897705078125], [0.0, 0.0, 0.0, 1.0]], [[0.9477933049201965, 0.31874752044677734, -0.0093720443546772, -1.12158203125], [-0.008680293336510658, -0.003590639680624008, -0.9999558925628662, 1.5618400573730469], [-0.31876713037490845, 0.9478328227996826, -0.0006363618304021657, -0.164581298828125], [0.0, 0.0, 0.0, 1.0]], [[0.00912479218095541, 0.9998953938484192, -0.011221042834222317, -0.02947998046875], [-0.006453408394008875, -0.011162393726408482, -0.9999168515205383, 1.5673885345458984], [-0.9999375343322754, 0.009196442551910877, 0.006350879091769457, -0.0623779296875], [0.0, 0.0, 0.0, 1.0]], [[-0.923724889755249, 0.3828981816768646, -0.011012567207217216, 0.98681640625], [-0.0021283698733896017, -0.033879105001688004, -0.999423623085022, 1.547494888305664], [-0.3830506205558777, -0.9231690168380737, 0.03210992366075516, -0.1131591796875], [0.0, 0.0, 0.0, 1.0]]], "view": [[0.0, -2.0, 100.0], [-2.0, 0.0, 100.0], [0.0, 0.0, 1.0]], "bev": "bev_5c85640c10d9485c86bf6eb44778c002.png", "aux": "aux_5c85640c10d9485c86bf6eb44778c002.npz", "visibility": "visibility_5c85640c10d9485c86bf6eb44778c002.png", "pose": [[0.9990800619125366, -0.042883723974227905, 0.0, 1807.9908447265625], [0.042883723974227905, 0.9990800619125366, 0.0, 867.097900390625], [0.0, 0.0, 1.0, 0.0], [0.0, 0.0, 0.0, 1.0]], "pose_inverse": [[0.9990800619125366, 0.042883723974227905, 0.0, -1843.511962890625], [-0.042883723974227905, 0.9990800619125366, 0.0, -788.766845703125], [0.0, 0.0, 1.0, 0.0], [0.0, 0.0, 0.0, 1.0]], "cam_ids": [0, 1, 2, 3, 4, 5], "cam_channels": ["CAM_FRONT_LEFT", "CAM_FRONT", "CAM_FRONT_RIGHT", "CAM_BACK_LEFT", "CAM_BACK", "CAM_BACK_RIGHT"], "token": "5c85640c10d9485c86bf6eb44778c002", "scene": "scene-0655"}, {"images": ["samples/CAM_FRONT_LEFT/n008-2018-08-27-11-48-51-0400__CAM_FRONT_LEFT__1535385096854799.jpg", "samples/CAM_FRONT/n008-2018-08-27-11-48-51-0400__CAM_FRONT__1535385096862404.jpg", "samples/CAM_FRONT_RIGHT/n008-2018-08-27-11-48-51-0400__CAM_FRONT_RIGHT__1535385096870482.jpg", "samples/CAM_BACK_LEFT/n008-2018-08-27-11-48-51-0400__CAM_BACK_LEFT__1535385096897405.jpg", "samples/CAM_BACK/n008-2018-08-27-11-48-51-0400__CAM_BACK__1535385096887558.jpg", "samples/CAM_BACK_RIGHT/n008-2018-08-27-11-48-51-0400__CAM_BACK_RIGHT__1535385096878113.jpg"], "intrinsics": [[[1257.8625342125129, 0.0, 827.2410631095686], [0.0, 1257.8625342125129, 450.915498205774], [0.0, 0.0, 1.0]], [[1252.8131021185304, 0.0, 826.588114781398], [0.0, 1252.8131021185304, 469.9846626224581], [0.0, 0.0, 1.0]], [[1256.7485116440405, 0.0, 817.7887570959712], [0.0, 1256.7485116440403, 451.9541780095127], [0.0, 0.0, 1.0]], [[1254.9860565800168, 0.0, 829.5769333630991], [0.0, 1254.9860565800168, 467.1680561863987], [0.0, 0.0, 1.0]], [[796.8910634503094, 0.0, 857.7774326863696], [0.0, 796.8910634503094, 476.8848988407415], [0.0, 0.0, 1.0]], [[1249.9629280788233, 0.0, 825.3768045375984], [0.0, 1249.9629280788233, 462.54816385708756], [0.0, 0.0, 1.0]]], "extrinsics": [[[0.8223108649253845, -0.5689195990562439, 0.011630985885858536, -0.6866455078125], [0.0058009992353618145, -0.01205744780600071, -0.9999104142189026, 1.4905608892440796], [0.5690089464187622, 0.8223046660423279, -0.006614668760448694, -1.1165771484375], [0.0, 0.0, 0.0, 1.0]], [[0.00991969183087349, -0.9998155832290649, 0.01643809862434864, 0.0108642578125], [0.007802991662174463, -0.016361011192202568, -0.999835729598999, 1.4827009439468384], [0.9999203085899353, 0.010046320967376232, 0.00763925863429904, -1.414306640625], [0.0, 0.0, 0.0, 1.0]], [[-0.8441268801689148, -0.5361434817314148, 0.00013095285976305604, 0.879150390625], [0.015881719067692757, -0.02524898201227188, -0.9995549917221069, 1.4971189498901367], [0.5359081625938416, -0.8437491655349731, 0.029828224331140518, -1.141204833984375], [0.0, 0.0, 0.0, 1.0]], [[0.9478734731674194, 0.31840771436691284, -0.012349962256848812, -1.1231689453125], [-0.009445694275200367, -0.010663650929927826, -0.9998985528945923, 1.5618362426757812], [-0.3185071349143982, 0.9478938579559326, -0.007100208662450314, -0.1631927490234375], [0.0, 0.0, 0.0, 1.0]], [[0.009311565198004246, 0.9997936487197876, -0.01805338263511657