[{"images": ["samples/CAM_FRONT_LEFT/n015-2018-07-27-11-36-48+0800__CAM_FRONT_LEFT__1532663010904844.jpg", "samples/CAM_FRONT/n015-2018-07-27-11-36-48+0800__CAM_FRONT__1532663010912460.jpg", "samples/CAM_FRONT_RIGHT/n015-2018-07-27-11-36-48+0800__CAM_FRONT_RIGHT__1532663010920339.jpg", "samples/CAM_BACK_LEFT/n015-2018-07-27-11-36-48+0800__CAM_BACK_LEFT__1532663010947423.jpg", "samples/CAM_BACK/n015-2018-07-27-11-36-48+0800__CAM_BACK__1532663010937525.jpg", "samples/CAM_BACK_RIGHT/n015-2018-07-27-11-36-48+0800__CAM_BACK_RIGHT__1532663010927893.jpg"], "intrinsics": [[[1272.5979470598488, 0.0, 826.6154927353808], [0.0, 1272.5979470598488, 479.75165386361925], [0.0, 0.0, 1.0]], [[1266.417203046554, 0.0, 816.2670197447984], [0.0, 1266.417203046554, 491.50706579294757], [0.0, 0.0, 1.0]], [[1260.8474446004698, 0.0, 807.968244525554], [0.0, 1260.8474446004698, 495.3344268742088], [0.0, 0.0, 1.0]], [[1256.7414812095406, 0.0, 792.1125740759628], [0.0, 1256.7414812095406, 492.7757465151356], [0.0, 0.0, 1.0]], [[809.2209905677063, 0.0, 829.2196003259838], [0.0, 809.2209905677063, 481.77842384512485], [0.0, 0.0, 1.0]], [[1259.5137405846733, 0.0, 807.2529053838625], [0.0, 1259.5137405846733, 501.19579884916527], [0.0, 0.0, 1.0]]], "extrinsics": [[[0.8280595541000366, -0.5606371164321899, 0.0018594862194731832, -0.85205078125], [-0.00961201824247837, -0.017513003200292587, -0.999800443649292, 1.506917953491211], [0.5605577826499939, 0.8278763890266418, -0.019890662282705307, -1.202850341796875], [0.0, 0.0, 0.0, 1.0]], [[0.016646001487970352, -0.9996283054351807, 0.021588139235973358, 0.00640869140625], [-0.014816309325397015, -0.021835369989275932, -0.9996517896652222, 1.5188331604003906], [0.999751627445221, 0.01632031425833702, -0.01517427433282137, -1.5782470703125], [0.0, 0.0, 0.0, 1.0]], [[-0.8280531764030457, -0.5605534911155701, 0.010383307933807373, 0.9576416015625], [-0.009303362108767033, -0.004779312293976545, -0.9999452233314514, 1.5028009414672852], [0.5605723857879639, -0.8281044960021973, -0.0012575063155964017, -1.1981201171875], [0.0, 0.0, 0.0, 1.0]], [[0.9474391341209412, 0.3197222650051117, -0.011692896485328674, -1.1358642578125], [-7.087593985488638e-05, -0.03633785620331764, -0.9993395209312439, 1.588552474975586], [-0.31993600726127625, 0.946814239025116, -0.03440524637699127, -0.10595703125], [0.0, 0.0, 0.0, 1.0]], [[-0.001461203210055828, 0.9996656775474548, -0.025816956534981728, 0.0029296875], [-0.02567540481686592, -0.025845978409051895, -0.9993361234664917, 1.5784053802490234], [-0.9996693134307861, -0.0007973421597853303, 0.025704585015773773, -0.03515625], [0.0, 0.0, 0.0, 1.0]], [[-0.937180757522583, 0.34870636463165283, -0.009798159822821617, 1.073486328125], [0.0067572928965091705, -0.009935718029737473, -0.999927818775177, 1.551900863647461], [-0.34877854585647583, -0.9371793866157532, 0.006955252960324287, -0.087188720703125], [0.0, 0.0, 0.0, 1.0]]], "view": [[0.0, -2.0, 100.0], [-2.0, 0.0, 100.0], [0.0, 0.0, 1.0]], "bev": "bev_99e9b02aaa724e798fd8d5dd826da23d.png", "aux": "aux_99e9b02aaa724e798fd8d5dd826da23d.npz", "visibility": "visibility_99e9b02aaa724e798fd8d5dd826da23d.png", "pose": [[-0.47169792652130127, 0.8817602396011353, 0.0, 1282.3828125], [-0.8817602396011353, -0.47169792652130127, 0.0, 1249.8050537109375], [0.0, 0.0, 1.0, 0.0], [0.0, 0.0, 0.0, 1.0]], "pose_inverse": [[-0.47169792652130127, -0.8817602396011353, 0.0, 1706.9256591796875], [0.8817602396011353, -0.47169792652130127, 0.0, -541.2236938476562], [0.0, 0.0, 1.0, 0.0], [0.0, 0.0, 0.0, 1.0]], "cam_ids": [0, 1, 2, 3, 4, 5], "cam_channels": ["CAM_FRONT_LEFT", "CAM_FRONT", "CAM_FRONT_RIGHT", "CAM_BACK_LEFT", "CAM_BACK", "CAM_BACK_RIGHT"], "token": "99e9b02aaa724e798fd8d5dd826da23d", "scene": "scene-0185"}, {"images": ["samples/CAM_FRONT_LEFT/n015-2018-07-27-11-36-48+0800__CAM_FRONT_LEFT__1532663011404844.jpg", "samples/CAM_FRONT/n015-2018-07-27-11-36-48+0800__CAM_FRONT__1532663011412460.jpg", "samples/CAM_FRONT_RIGHT/n015-2018-07-27-11-36-48+0800__CAM_FRONT_RIGHT__1532663011420339.jpg", "samples/CAM_BACK_LEFT/n015-2018-07-27-11-36-48+0800__CAM_BACK_LEFT__1532663011447423.jpg", "samples/CAM_BACK/n015-2018-07-27-11-36-48+0800__CAM_BACK__1532663011437562.jpg", "samples/CAM_BACK_RIGHT/n015-2018-07-27-11-36-48+0800__CAM_BACK_RIGHT__1532663011427893.jpg"], "intrinsics": [[[1272.5979470598488, 0.0, 826.6154927353808], [0.0, 1272.5979470598488, 479.75165386361925], [0.0, 0.0, 1.0]], [[1266.417203046554, 0.0, 816.2670197447984], [0.0, 1266.417203046554, 491.50706579294757], [0.0, 0.0, 1.0]], [[1260.8474446004698, 0.0, 807.968244525554], [0.0, 1260.8474446004698, 495.3344268742088], [0.0, 0.0, 1.0]], [[1256.7414812095406, 0.0, 792.1125740759628], [0.0, 1256.7414812095406, 492.7757465151356], [0.0, 0.0, 1.0]], [[809.2209905677063, 0.0, 829.2196003259838], [0.0, 809.2209905677063, 481.77842384512485], [0.0, 0.0, 1.0]], [[1259.5137405846733, 0.0, 807.2529053838625], [0.0, 1259.5137405846733, 501.19579884916527], [0.0, 0.0, 1.0]]], "extrinsics": [[[0.8306933045387268, -0.5566648244857788, 0.008530273102223873, -0.8551025390625], [-0.003839586628600955, -0.02105007879436016, -0.9997710585594177, 1.507744312286377], [0.5567169785499573, 0.8304704427719116, -0.019623523578047752, -1.20684814453125], [0.0, 0.0, 0.0, 1.0]], [[0.020481791347265244, -0.999476969242096, 0.025023622438311577, 0.00762939453125], [-0.009196365252137184, -0.025216154754161835, -0.9996397495269775, 1.519536018371582], [0.9997478723526001, 0.020244285464286804, -0.009708027355372906, -1.58251953125], [0.0, 0.0, 0.0, 1.0]], [[-0.8263388872146606, -0.5631203055381775, 0.007712891325354576, 0.9610595703125], [-0.0039115664549171925, -0.007956217974424362, -0.9999606609344482, 1.503309965133667], [0.5631595849990845, -0.8263365030288696, 0.004371849820017815, -1.199462890625], [0.0, 0.0, 0.0, 1.0]], [[0.9473226070404053, 0.32018402218818665, -0.007874439470469952, -1.1353759765625], [0.004776251967996359, -0.03870617225766182, -0.9992392063140869, 1.5885963439941406], [-0.32024529576301575, 0.946564257144928, -0.03819651156663895, -0.10614013671875], [0.0, 0.0, 0.0, 1.0]], [[-0.002757277339696884, 0.9995888471603394, -0.028541553765535355, 0.0022125244140625], [-0.02054661326110363, -0.028592268005013466, -0.9993799924850464, 1.5786304473876953], [-0.9997850656509399, -0.002169232349842787, 0.020617004483938217, -0.033935546875], [0.0, 0.0, 0.0, 1.0]], [[-0.9379454851150513, 0.3464219570159912, -0.0158105306327343, 1.0758056640625], [0.012095680460333824, -0.012883054092526436, -0.9998438954353333, 1.5522327423095703], [-0.34657156467437744, -0.9379903674125671, 0.007893393747508526, -0.085479736328125], [0.0, 0.0, 0.0, 1.0]]], "view": [[0.0, -2.0, 100.0], [-2.0, 0.0, 100.0], [0.0, 0.0, 1.0]], "bev": "bev_c4343719fca2460d92090418b8812703.png", "aux": "aux_c4343719fca2460d92090418b8812703.npz", "visibility": "visibility_c4343719fca2460d92090418b8812703.png", "pose": [[-0.614938497543335, 0.7885750532150269, 0.0, 1281.56005859375], [-0.7885750532150269, -0.614938497543335, 0.0, 1248.5460205078125], [0.0, 0.0, 1.0, 0.0], [0.0, 0.0, 0.0, 1.0]], "pose_inverse": [[-0.614938497543335, -0.7885750532150269, 0.0, 1772.65283203125], [0.7885750532150269, -0.614938497543335, 0.0, -242.82728576660156], [0.0, 0.0, 1.0, 0.0], [0.0, 0.0, 0.0, 1.0]], "cam_ids": [0, 1, 2, 3, 4, 5], "cam_channels": ["CAM_FRONT_LEFT", "CAM_FRONT", "CAM_FRONT_RIGHT", "CAM_BACK_LEFT", "CAM_BACK", "CAM_BACK_RIGHT"], "token": "c4343719fca2460d92090418b8812703", "scene": "scene-0185"}, {"images": ["samples/CAM_FRONT_LEFT/n015-2018-07-27-11-36-48+0800__CAM_FRONT_LEFT__1532663011904844.jpg", "samples/CAM_FRONT/n015-2018-07-27-11-36-48+0800__CAM_FRONT__1532663011912460.jpg", "samples/CAM_FRONT_RIGHT/n015-2018-07-27-11-36-48+0800__CAM_FRONT_RIGHT__1532663011920339.jpg", "samples/CAM_BACK_LEFT/n015-2018-07-27-11-36-48+0800__CAM_BACK_LEFT__1532663011947423.jpg", "samples/CAM_BACK/n015-2018-07-27-11-36-48+0800__CAM_BACK__1532663011937525.jpg", "samples/CAM_BACK_RIGHT/n015-2018-07-27-11-36-48+0800__CAM_BACK_RIGHT__1532663011927893.jpg"], "intrinsics": [[[1272.5979470598488, 0.0, 826.6154927353808], [0.0, 1272.5979470598488, 479.75165386361925], [0.0, 0.0, 1.0]], [[1266.417203046554, 0.0, 816.2670197447984], [0.0, 1266.417203046554, 491.50706579294757], [0.0, 0.0, 1.0]], [[1260.8474446004698, 0.0, 807.968244525554], [0.0, 1260.8474446004698, 495.3344268742088], [0.0, 0.0, 1.0]], [[1256.7414812095406, 0.0, 792.1125740759628], [0.0, 1256.7414812095406, 492.7757465151356], [0.0, 0.0, 1.0]], [[809.2209905677063, 0.0, 829.2196003259838], [0.0, 809.2209905677063, 481.77842384512485], [0.0, 0.0, 1.0]], [[1259.5137405846733, 0.0, 807.2529053838625], [0.0, 1259.5137405846733, 501.19579884916527], [0.0, 0.0, 1.0]]], "extrinsics": [[[0.8323084712028503, -0.5542263984680176, 0.009783425368368626, -0.8565673828125], [-0.0016571000451222062, -0.020137345418334007, -0.9997958540916443, 1.5080199241638184], [0.5543102025985718, 0.8321223855018616, -0.017678890377283096, -1.20751953125], [0.0, 0.0, 0.0, 1.0]], [[0.022795947268605232, -0.9994487166404724, 0.024136992171406746, 0.00749969482421875], [-0.006964085157960653, -0.024301428347826004, -0.9996804594993591, 1.5197782516479492], [0.9997158050537109, 0.02262057363986969, -0.007514221128076315, -1.5845947265625], [0.0, 0.0, 0.0, 1.0]], [[-0.8253524899482727, -0.5645926594734192, 0.005339195020496845, 0.962646484375], [-0.0016710400814190507, -0.007013657130300999, -0.9999740123748779, 1.5035059452056885], [0.5646154284477234, -0.8253398537635803, 0.004845283925533295, -1.20050048828125], [0.0, 0.0, 0.0, 1.0]], [[0.947365939617157, 0.32010939717292786, -0.005260150879621506, -1.13818359375], [0.007158514577895403, -0.03760598227381706, -0.9992669820785522, 1.588606357574463], [-0.32007256150245667, 0.9466339349746704, -0.03791813552379608, -0.10565185546875], [0.0, 0.0, 0.0, 1.0]], [[-0.003277922049164772, 0.9996174573898315, -0.027465922757983208, 0.001983642578125], [-0.018184639513492584, -0.02752111107110977, -0.9994558095932007, 1.5787773132324219], [-0.9998292922973633, -0.002776678651571274, 0.01826789416372776, -0.0311279296875], [0.0, 0.0, 0.0, 1.0]], [[-0.9383363127708435, 0.3452760577201843, -0.017584653571248055, 1.078125], [0.014362859539687634, -0.01188731286674738, -0.999826192855835, 1.5523452758789062], [-0.34542518854141235, -0.9384258985519409, 0.00619514612480998, -0.08416748046875], [0.0, 0.0, 0.0, 1.0]]], "view": [[0.0, -2.0, 100.0], [-2.0, 0.0, 100.0], [0.0, 0.0, 1.0]], "bev": "bev_164e524f52dd444d9ad0ac42d4d21025.png", "aux": "aux_164e524f52dd444d9ad0ac42d4d21025.npz", "visibility": "visibility_164e524f52dd444d9ad0ac42d4d21025.png", "pose": [[-0.7657088041305542, 0.643187403678894, 0.0, 1280.57177734375], [-0.643187403678894, -0.7657088041305542, 0.0, 1247.5250244140625], [0.0, 0.0, 1.0, 0.0], [0.0, 0.0, 0.0, 1.0]], "pose_inverse": [[-0.7657088041305542, -0.643187403678894, 0.0, 1782.9375], [0.643187403678894, -0.7657088041305542, 0.0, 131.59329223632812], [0.0, 0.0, 1.0, 0.0], [0.0, 0.0, 0.0, 1.0]], "cam_ids": [0, 1, 2, 3, 4, 5], "cam_channels": ["CAM_FRONT_LEFT", "CAM_FRONT", "CAM_FRONT_RIGHT", "CAM_BACK_LEFT", "CAM_BACK", "CAM_BACK_RIGHT"], "token": "164e524f52dd444d9ad0ac42d4d21025", "scene": "scene-0185"}, {"images": ["samples/CAM_FRONT_LEFT/n015-2018-07-27-11-36-48+0800__CAM_FRONT_LEFT__1532663012354844.jpg", "samples/CAM_FRONT/n015-2018-07-27-11-36-48+0800__CAM_FRONT__1532663012362460.jpg", "samples/CAM_FRONT_RIGHT/n015-2018-07-27-11-36-48+0800__CAM_FRONT_RIGHT__1532663012370339.jpg", "samples/CAM_BACK_LEFT/n015-2018-07-27-11-36-48+0800__CAM_BACK_LEFT__1532663012397423.jpg", "samples/CAM_BACK/n015-2018-07-27-11-36-48+0800__CAM_BACK__1532663012387525.jpg", "samples/CAM_BACK_RIGHT/n015-2018-07-27-11-36-48+0800__CAM_BACK_RIGHT__1532663012377893.jpg"], "intrinsics": [[[1272.5979470598488, 0.0, 826.6154927353808], [0.0, 1272.5979470598488, 479.75165386361925], [0.0, 0.0, 1.0]], [[1266.417203046554, 0.0, 816.2670197447984], [0.0, 1266.417203046554, 491.50706579294757], [0.0, 0.0, 1.0]], [[1260.8474446004698, 0.0, 807.968244525554], [0.0, 1260.8474446004698, 495.3344268742088], [0.0, 0.0, 1.0]], [[1256.7414812095406, 0.0, 792.1125740759628], [0.0, 1256.7414812095406, 492.7757465151356], [0.0, 0.0, 1.0]], [[809.2209905677063, 0.0, 829.2196003259838], [0.0, 809.2209905677063, 481.77842384512485], [0.0, 0.0, 1.0]], [[1259.5137405846733, 0.0, 807.2529053838625], [0.0, 1259.5137405846733, 501.19579884916527], [0.0, 0.0, 1.0]]], "extrinsics": [[[0.8327918648719788, -0.5535012483596802, 0.00969631876796484, -0.8604736328125], [-0.0013603012776002288, -0.01956147514283657, -0.9998077154159546, 1.5080432891845703], [0.5535844564437866, 0.8326185345649719, -0.017043566331267357, -1.208740234375], [0.0, 0.0, 0.0, 1.0]], [[0.02318095974624157, -0.999451220035553, 0.02365972101688385, 0.005859375], [-0.0068065933883190155, -0.023823313415050507, -0.9996930360794067, 1.5197887420654297], [0.9997081160545349, 0.023012787103652954, -0.007355105597525835, -1.588134765625], [0.0, 0.0, 0.0, 1.0]], [[-0.8252463936805725, -0.564749538898468, 0.005123858340084553, 0.9639892578125], [-0.0016515194438397884, -0.006659283302724361, -0.999976396560669, 1.503502368927002], [0.5647703409194946, -0.8252354264259338, 0.004562856163829565, -1.20343017578125], [0.0, 0.0, 0.0, 1.0]], [[0.9475027322769165, 0.3196922838687897, -0.005940314382314682, -1.13720703125], [0.0064270165748894215, -0.03761618584394455, -0.9992715716362, 1.5885562896728516], [-0.31968286633491516, 0.946774423122406, -0.03769610822200775, -0.1045074462890625], [0.0, 0.0, 0.0, 1.0]], [[-0.003173807868734002, 0.9996184706687927, -0.027439016848802567, 0.003509521484375], [-0.01868033967912197, -0.027493631467223167, -0.9994474053382874, 1.5787162780761719], [-0.9998204708099365, -0.0026594747323542833, 0.018760472536087036, -0.0311279296875], [0.0, 0.0, 0.0, 1.0]], [[-0.9383607506752014, 0.34522494673728943, -0.01728544384241104, 1.0799560546875], [0.014118106104433537, -0.011687064543366432, -0.999832034111023, 1.5522899627685547], [-0.3453689515590668, -0.9384471774101257, 0.006092761177569628, -0.0853271484375], [0.0, 0.0, 0.0, 1.0]]], "view": [[0.0, -2.0, 100.0], [-2.0, 0.0, 100.0], [0.0, 0.0, 1.0]], "bev": "bev_34b59a03a0994c5fadc18490519e0362.png", "aux": "aux_34b59a03a0994c5fadc18490519e0362.npz", "visibility": "visibility_34b59a03a0994c5fadc18490519e0362.png", "pose": [[-0.8800559639930725, 0.474869966506958, 0.0, 1279.52392578125], [-0.474869966506958, -0.8800559639930725, 0.0, 1246.8172607421875], [0.0, 0.0, 1.0, 0.0], [0.0, 0.0, 0.0, 1.0]], "pose_inverse": [[-0.8800559639930725, -0.474869966506958, 0.0, 1718.1287841796875], [0.474869966506958, -0.8800559639930725, 0.0, 489.6614685058594], [0.0, 0.0, 1.0, 0.0], [0.0, 0.0, 0.0, 1.0]], "cam_ids": [0, 1, 2, 3, 4, 5], "cam_channels": ["CAM_FRONT_LEFT", "CAM_FRONT", "CAM_FRONT_RIGHT", "CAM_BACK_LEFT", "CAM_BACK", "CAM_BACK_RIGHT"], "token": "34b59a03a0994c5fadc18490519e0362", "scene": "scene-0185"}, {"images": ["samples/CAM_FRONT_LEFT/n015-2018-07-27-11-36-48+0800__CAM_FRONT_LEFT__1532663012904849.jpg", "samples/CAM_FRONT/n015-2018-07-27-11-36-48+0800__CAM_FRONT__1532663012912460.jpg", "samples/CAM_FRONT_RIGHT/n015-2018-07-27-11-36-48+0800__CAM_FRONT_RIGHT__1532663012920339.jpg", "samples/CAM_BACK_LEFT/n015-2018-07-27-11-36-48+0800__CAM_BACK_LEFT__1532663012947423.jpg", "samples/CAM_BACK/n015-2018-07-27-11-36-48+0800__CAM_BACK__1532663012937525.jpg", "samples/CAM_BACK_RIGHT/n015-2018-07-27-11-36-48+0800__CAM_BACK_RIGHT__1532663012927893.jpg"], "intrinsics": [[[1272.5979470598488, 0.0, 826.6154927353808], [0.0, 1272.5979470598488, 479.75165386361925], [0.0, 0.0, 1.0]], [[1266.417203046554, 0.0, 816.2670197447984], [0.0, 1266.417203046554, 491.50706579294757], [0.0, 0.0, 1.0]], [[1260.8474446004698, 0.0, 807.968244525554], [0.0, 1260.8474446004698, 495.3344268742088], [0.0, 0.0, 1.0]], [[1256.7414812095406, 0.0, 792.1125740759628], [0.0, 1256.7414812095406, 492.7757465151356], [0.0, 0.0, 1.0]], [[809.2209905677063, 0.0, 829.2196003259838], [0.0, 809.2209905677063, 481.77842384512485], [0.0, 0.0, 1.0]], [[1259.5137405846733, 0.0, 807.2529053838625], [0.0, 1259.5137405846733, 501.19579884916527], [0.0, 0.0, 1.0]]], "extrinsics": [[[0.8330453634262085, -0.5531237125396729, 0.009465038776397705, -0.85888671875], [-0.0009730960591696203, -0.018574567511677742, -0.9998270273208618, 1.5080947875976562], [0.5532037615776062, 0.8328920602798462, -0.01601170189678669, -1.2081298828125], [0.0, 0.0, 0.0, 1.0]], [[0.023829428479075432, -0.999461829662323, 0.022541604936122894, 0.00640869140625], [-0.0062071336433291435, -0.022695492953062057, -0.9997231960296631, 1.5198478698730469], [0.9996967315673828, 0.023682929575443268, -0.006744613405317068, -1.5860595703125], [0.0, 0.0, 0.0, 1.0]], [[-0.8249339461326599, -0.5652168393135071, 0.003719760337844491, 0.9622802734375], [-0.0008409717120230198, -0.005353627726435661, -0.9999853372573853, 1.5035710334777832], [0.5652284026145935, -0.8249250054359436, 0.003941059578210115, -1.201904296875], [0.0, 0.0, 0.0, 1.0]], [[0.9474955797195435, 0.3197481036186218, -0.003656442044302821, -1.139404296875], [0.008185273967683315, -0.035682786256074905, -0.9993296265602112, 1.5886154174804688], [-0.3196641504764557, 0.9468304514884949, -0.03642650693655014, -0.1055908203125], [0.0, 0.0, 0.0, 1.0]], [[-0.0032722053583711386, 0.999663770198822, -0.025723900645971298, 0.00225830078125], [-0.017154861241579056, -0.025776369497179985, -0.9995205402374268, 1.5788078308105469], [-0.9998474717140198, -0.002829337725415826, 0.017233436927199364, -0.0308837890625], [0.0, 0.0, 0.0, 1.0]], [[-0.9384670257568359, 0.34490418434143066, -0.017907297238707542, 1.0787353515625], [0.015334805473685265, -0.01018559280782938, -0.9998305439949036, 1.5523910522460938], [-0.3450281620025635, -0.9385825991630554, 0.004269804339855909, -0.0850830078125], [0.0, 0.0, 0.0, 1.0]]], "view": [[0.0, -2.0, 100.0], [-2.0, 0.0, 100.0], [0.0, 0.0, 1.0]], "bev": "bev_bd8be82fbae147e7a1b124708c641c2d.png", "aux": "aux_bd8be82fbae147e7a1b124708c641c2d.npz", "visibility": "visibility_bd8be82fbae147e7a1b124708c641c2d.png", "pose": [[-0.9728735089302063, 0.2313377410173416, 0.0, 1278.0816650390625], [-0.2313377410173416, -0.9728735089302063, 0.0, 1246.275634765625], [0.0, 0.0, 1.0, 0.0], [0.0, 0.0, 0.0, 1.0]], "pose_inverse": [[-0.9728735089302063, -0.2313377410173416, 0.0, 1531.722412109375], [0.2313377410173416, -0.9728735089302063, 0.0, 916.800048828125], [0.0, 0.0, 1.0, 0.0], [0.0, 0.0, 0.0, 1.0]], "cam_ids": [0, 1, 2, 3, 4, 5], "cam_channels": ["CAM_FRONT_LEFT", "CAM_FRONT", "CAM_FRONT_RIGHT", "CAM_BACK_LEFT", "CAM_BACK", "CAM_BACK_RIGHT"], "token": "bd8be82fbae147e7a1b124708c641c2d", "scene": "scene-0185"}, {"images": ["samples/CAM_FRONT_LEFT/n015-2018-07-27-11-36-48+0800__CAM_FRONT_LEFT__1532663013404844.jpg", "samples/CAM_FRONT/n015-2018-07-27-11-36-48+0800__CAM_FRONT__1532663013412460.jpg", "samples/CAM_FRONT_RIGHT/n015-2018-07-27-11-36-48+0800__CAM_FRONT_RIGHT__1532663013420339.jpg", "samples/CAM_BACK_LEFT/n015-2018-07-27-11-36-48+0800__CAM_BACK_LEFT__1532663013448447.jpg", "samples/CAM_BACK/n015-2018-07-27-11-36-48+0800__CAM_BACK__1532663013437525.jpg", "samples/CAM_BACK_RIGHT/n015-2018-07-27-11-36-48+0800__CAM_BACK_RIGHT__1532663013427893.jpg"], "intrinsics": [[[1272.5979470598488, 0.0, 826.6154927353808], [0.0, 1272.5979470598488, 479.75165386361925], [0.0, 0.0, 1.0]], [[1266.417203046554, 0.0, 816.2670197447984], [0.0, 1266.417203046554, 491.50706579294757], [0.0, 0.0, 1.0]], [[1260.8474446004698, 0.0, 807.968244525554], [0.0, 1260.8474446004698, 495.3344268742088], [0.0, 0.0, 1.0]], [[1256.7414812095406, 0.0, 792.1125740759628], [0.0, 1256.7414812095406, 492.7757465151356], [0.0, 0.0, 1.0]], [[809.2209905677063, 0.0, 829.2196003259838], [0.0, 809.2209905677063, 481.77842384512485], [0.0, 0.0, 1.0]], [[1259.5137405846733, 0.0, 807.2529053838625], [0.0, 1259.5137405846733, 501.19579884916527], [0.0, 0.0, 1.0]]], "extrinsics": [[[0.8344057202339172, -0.5510131120681763, 0.012315057218074799, -0.861175537109375], [2.388376378803514e-05, -0.022308116778731346, -0.999751091003418, 1.508230209350586], [0.5511507391929626, 0.8341984152793884, -0.018600858747959137, -1.2105712890625], [0.0, 0.0, 0.0, 1.0]], [[0.025877276435494423, -0.999316394329071, 0.026401380077004433, 0.00732421875], [-0.005362418945878744, -0.026548609137535095, -0.9996331930160522, 1.5199699401855469], [0.9996507167816162, 0.025726208463311195, -0.006045759189873934, -1.588623046875], [0.0, 0.0, 0.0, 1.0]], [[-0.8240073323249817, -0.5665529370307922, 0.005445290822535753, 0.9647216796875], [-0.0002091810165438801, -0.009306610561907291, -0.9999566674232483, 1.5036230087280273], [0.5665790438652039, -0.823972761631012, 0.0075502051040530205, -1.2025146484375], [0.0, 0.0, 0.0, 1.0]], [[0.9477218389511108, 0.319065660238266, -0.004532004706561565, -1.1402587890625], [0.008634055033326149, -0.03983794525265694, -0.999168872833252, 1.58856201171875], [-0.3189810514450073, 0.9468949437141418, -0.04051011800765991, -0.1041259765625], [0.0, 0.0, 0.0, 1.0]], [[-0.0037402790039777756, 0.9995460510253906, -0.029894325882196426, 0.0025634765625], [-0.016693780198693275, -0.02995278127491474, -0.999411940574646, 1.5788192749023438], [-0.9998536109924316, -0.0032390295527875423, 0.0167982317507267, -0.03076171875], [0.0, 0.0, 0.0, 1.0]], [[-0.9388465881347656, 0.343755304813385, -0.019985998049378395, 1.08001708984375], [0.01607855223119259, -0.014213904738426208, -0.9997696876525879, 1.5524182319641113], [-0.3439601957798004, -0.9389517903327942, 0.00781758688390255, -0.083740234375], [0.0, 0.0, 0.0, 1.0]]], "view": [[0.0, -2.0, 100.0], [-2.0, 0.0, 100.0], [0.0, 0.0, 1.0]], "bev": "bev_07a6c3d775eb417a87fb02a994468e5d.png", "aux": "aux_07a6c3d775eb417a87fb02a994468e5d.npz", "visibility": "visibility_07a6c3d775eb417a87fb02a994468e5d.png", "pose": [[-0.9997857809066772, -0.020698916167020798, 0.0, 1276.6732177734375], [0.020698916167020798, -0.9997857809066772, 0.0, 1246.1207275390625], [0.0, 0.0, 1.0, 0.0], [0.0, 0.0, 0.0, 1.0]], "pose_inverse": [[-0.9997857809066772, 0.020698916167020798, 0.0, 1250.6063232421875], [-0.020698916167020798, -0.9997857809066772, 0.0, 1272.279541015625], [0.0, 0.0, 1.0, 0.0], [0.0, 0.0, 0.0, 1.0]], "cam_ids": [0, 1, 2, 3, 4, 5], "cam_channels": ["CAM_FRONT_LEFT", "CAM_FRONT", "CAM_FRONT_RIGHT", "CAM_BACK_LEFT", "CAM_BACK", "CAM_BACK_RIGHT"], "token": "07a6c3d775eb417a87fb02a994468e5d", "scene": "scene-0185"}, {"images": ["samples/CAM_FRONT_LEFT/n015-2018-07-27-11-36-48+0800__CAM_FRONT_LEFT__1532663013904844.jpg", "samples/CAM_FRONT/n015-2018-07-27-11-36-48+0800__CAM_FRONT__1532663013912460.jpg", "samples/CAM_FRONT_RIGHT/n015-2018-07-27-11-36-48+0800__CAM_FRONT_RIGHT__1532663013920339.jpg", "samples/CAM_BACK_LEFT/n015-2018-07-27-11-36-48+0800__CAM_BACK_LEFT__1532663013947423.jpg", "samples/CAM_BACK/n015-2018-07-27-11-36-48+0800__CAM_BACK__1532663013937525.jpg", "samples/CAM_BACK_RIGHT/n015-2018-07-27-11-36-48+0800__CAM_BACK_RIGHT__1532663013927893.jpg"], "intrinsics": [[[1272.5979470598488, 0.0, 826.6154927353808], [0.0, 1272.5979470598488, 479.75165386361925], [0.0, 0.0, 1.0]], [[1266.417203046554, 0.0, 816.2670197447984], [0.0, 1266.417203046554, 491.50706579294757], [0.0, 0.0, 1.0]], [[1260.8474446004698, 0.0, 807.968244525554], [0.0, 1260.8474446004698, 495.3344268742088], [0.0, 0.0, 1.0]], [[1256.7414812095406, 0.0, 792.1125740759628], [0.0, 1256.7414812095406, 492.7757465151356], [0.0, 0.0, 1.0]], [[809.2209905677063, 0.0, 829.2196003259838], [0.0, 809.2209905677063, 481.77842384512485], [0.0, 0.0, 1.0]], [[1259.5137405846733, 0.0, 807.2529053838625], [0.0, 1259.5137405846733, 501.19579884916527], [0.0, 0.0, 1.0]]], "extrinsics": [[[0.8338279724121094, -0.5519369840621948, 0.009819046594202518, -0.86248779296875], [3.865906546707265e-05, -0.017728960141539574, -0.9998428225517273, 1.5082588195800781], [0.5520243644714355, 0.8336973786354065, -0.014761565253138542, -1.2127685546875], [0.0, 0.0, 0.0, 1.0]], [[0.024983622133731842, -0.9994510412216187, 0.021761439740657806, 0.0086669921875], [-0.005280336365103722, -0.021899864077568054, -0.9997462630271912, 1.5200233459472656], [0.9996739625930786, 0.024862367659807205, -0.005824574735015631, -1.59063720703125], [0.0, 0.0, 0.0, 1.0]], [[-0.8244221806526184, -0.5659692883491516, 0.0026328698731958866, 0.9666748046875], [-3.9671067497693e-05, -0.004594129044562578, -0.99998939037323, 1.5036473274230957], [0.5659754276275635, -0.824413537979126, 0.0037650493904948235, -1.2022705078125], [0.0, 0.0, 0.0, 1.0]], [[0.9474388360977173, 0.3199239671230316, -0.002901817439123988, -1.1387939453125], [0.008704832755029202, -0.034843407571315765, -0.9993548393249512, 1.5886497497558594], [-0.3198187053203583, 0.9468022584915161, -0.0357968807220459, -0.1065673828125], [0.0, 0.0, 0.0, 1.0]], [[-0.0036508587654680014, 0.9996820688247681, -0.02495143562555313, 0.0006103515625], [-0.01654413342475891, -0.02500857040286064, -0.9995503425598145, 1.5788803100585938], [-0.9998564720153809, -0.0032364577054977417, 0.016630176454782486, -0.02984619140625], [0.0, 0.0, 0.0, 1.0]], [[-0.9386879801750183, 0.34428003430366516, -0.018334699794650078, 1.080230712890625], [0.01606990210711956, -0.009430965408682823, -0.9998263716697693, 1.5524156093597412], [-0.34439322352409363, -0.9388197064399719, 0.0033201868645846844, -0.08203125], [0.0, 0.0, 0.0, 1.0]]], "view": [[0.0, -2.0, 100.0], [-2.0, 0.0, 100.0], [0.0, 0.0, 1.0]], "bev": "bev_045df5f0a23c41828939cbeab5769a01.png", "aux": "aux_045df5f0a23c41828939cbeab5769a01.npz", "visibility": "visibility_045df5f0a23c41828939cbeab5769a01.png", "pose": [[-0.9558866620063782, -0.2937358319759369, 0.0, 1275.2860107421875], [0.2937358319759369, -0.9558866620063782, 0.0, 1246.3533935546875], [0.0, 0.0, 1.0, 0.0], [0.0, 0.0, 0.0, 1.0]], "pose_inverse": [[-0.9558866620063782, 0.2937358319759369, 0.0, 852.9302368164062], [-0.2937358319759369, -0.9558866620063782, 0.0, 1565.9697265625], [0.0, 0.0, 1.0, 0.0], [0.0, 0.0, 0.0, 1.0]], "cam_ids": [0, 1, 2, 3, 4, 5], "cam_channels": ["CAM_FRONT_LEFT", "CAM_FRONT", "CAM_FRONT_RIGHT", "CAM_BACK_LEFT", "CAM_BACK", "CAM_BACK_RIGHT"], "token": "045df5f0a23c41828939cbeab5769a01", "scene": "scene-0185"}, {"images": ["samples/CAM_FRONT_LEFT/n015-2018-07-27-11-36-48+0800__CAM_FRONT_LEFT__1532663014404844.jpg", "samples/CAM_FRONT/n015-2018-07-27-11-36-48+0800__CAM_FRONT__1532663014412460.jpg", "samples/CAM_FRONT_RIGHT/n015-2018-07-27-11-36-48+0800__CAM_FRONT_RIGHT__1532663014420339.jpg", "samples/CAM_BACK_LEFT/n015-2018-07-27-11-36-48+0800__CAM_BACK_LEFT__1532663014447423.jpg", "samples/CAM_BACK/n015-2018-07-27-11-36-48+0800__CAM_BACK__1532663014437525.jpg", "samples/CAM_BACK_RIGHT/n015-2018-07-27-11-36-48+0800__CAM_BACK_RIGHT__1532663014427893.jpg"], "intrinsics": [[[1272.5979470598488, 0.0, 826.6154927353808], [0.0, 1272.5979470598488, 479.75165386361925], [0.0, 0.0, 1.0]], [[1266.417203046554, 0.0, 816.2670197447984], [0.0, 1266.417203046554, 491.50706579294757], [0.0, 0.0, 1.0]], [[1260.8474446004698, 0.0, 807.968244525554], [0.0, 1260.8474446004698, 495.3344268742088], [0.0, 0.0, 1.0]], [[1256.7414812095406, 0.0, 792.1125740759628], [0.0, 1256.7414812095406, 492.7757465151356], [0.0, 0.0, 1.0]], [[809.2209905677063, 0.0, 829.2196003259838], [0.0, 809.2209905677063, 481.77842384512485], [0.0, 0.0, 1.0]], [[1259.5137405846733, 0.0, 807.2529053838625], [0.0, 1259.5137405846733, 501.19579884916527], [0.0, 0.0, 1.0]]], "extrinsics": [[[0.8322063088417053, -0.5543773770332336, 0.009920989163219929, -0.850341796875], [-0.0006339809624478221, -0.018844254314899445, -0.999822199344635, 1.5091590881347656], [0.5544657707214355, 0.8320521116256714, -0.016033772379159927, -1.2659912109375], [0.0, 0.0, 0.0, 1.0]], [[0.022035732865333557, -0.9995015859603882, 0.02260461635887623, 0.06689453125], [-0.0060726916417479515, -0.022743504494428635, -0.999722957611084, 1.5214004516601562], [0.9997388124465942, 0.021892422810196877, -0.0065708342008292675, -1.61077880859375], [0.0, 0.0, 0.0, 1.0]], [[-0.8261074423789978, -0.563500702381134, 0.003658468136563897, 1.0068359375], [-0.0008896326180547476, -0.005188077222555876, -0.9999861121177673, 1.503835678100586], [0.563511848449707, -0.8260992765426636, 0.00378460343927145, -1.1737060546875], [0.0, 0.0, 0.0, 1.0]], [[0.9479348659515381, 0.31844547390937805, -0.0034942287020385265, -1.1590576171875], [0.007899346761405468, -0.03448033332824707, -0.9993741512298584, 1.5900382995605469], [-0.318366676568985, 0.9473139047622681, -0.03520061448216438, -0.144287109375], [0.0, 0.0, 0.0, 1.0]], [[-0.00221434747800231, 0.9996871948242188, -0.024912361055612564, -0.0576171875], [-0.017441172152757645, -0.02494724467396736, -0.9995366334915161, 1.5804939270019531], [-0.9998455047607422, -0.0017787932883948088, 0.01749095693230629, -0.0194091796875], [0.0, 0.0, 0.0, 1.0]], [[-0.9378777146339417, 0.3465211093425751, -0.01756478101015091, 1.072540283203125], [0.01510957907885313, -0.00978583749383688, -0.9998379349708557, 1.5527458190917969], [-0.34663674235343933, -0.937991201877594, 0.003942131530493498, -0.01806640625], [0.0, 0.0, 0.0, 1.0]]], "view": [[0.0, -2.0, 100.0], [-2.0, 0.0, 100.0], [0.0, 0.0, 1.0]], "bev": "bev_d87d7642231342578772ed2c7bf4b779.png", "aux": "aux_d87d7642231342578772ed2c7bf4b779.npz", "visibility": "visibility_d87d7642231342578772ed2c7bf4b779.png", "pose": [[-0.852274477481842, -0.523094892501831, 0.0, 1274.1278076171875], [0.523094892501831, -0.852274477481842, 0.0, 1246.9365234375], [0.0, 0.0, 1.0, 0.0], [0.0, 0.0, 0.0, 1.0]], "pose_inverse": [[-0.852274477481842, 0.523094892501831, 0.0, 433.6405029296875], [-0.523094892501831, -0.852274477481842, 0.0, 1729.221923828125], [0.0, 0.0, 1.0, 0.0], [0.0, 0.0, 0.0, 1.0]], "cam_ids": [0, 1, 2, 3, 4, 5], "cam_channels": ["CAM_FRONT_LEFT", "CAM_FRONT", "CAM_FRONT_RIGHT", "CAM_BACK_LEFT", "CAM_BACK", "CAM_BACK_RIGHT"], "token": "d87d7642231342578772ed2c7bf4b779", "scene": "scene-0185"}, {"images": ["samples/CAM_FRONT_LEFT/n015-2018-07-27-11-36-48+0800__CAM_FRONT_LEFT__1532663014904844.jpg", "samples/CAM_FRONT/n015-2018-07-27-11-36-48+0800__CAM_FRONT__1532663014912460.jpg", "samples/CAM_FRONT_RIGHT/n015-2018-07-27-11-36-48+0800__CAM_FRONT_RIGHT__1532663014920339.jpg", "samples/CAM_BACK_LEFT/n015-2018-07-27-11-36-48+0800__CAM_BACK_LEFT__1532663014947423.jpg", "samples/CAM_BACK/n015-2018-07-27-11-36-48+0800__CAM_BACK__1532663014937525.jpg", "samples/CAM_BACK_RIGHT/n015-2018-07-27-11-36-48+0800__CAM_BACK_RIGHT__1532663014927893.jpg"], "intrinsics": [[[1272.5979470598488, 0.0, 826.6154927353808], [0.0, 1272.5979470598488, 479.75165386361925], [0.0, 0.0, 1.0]], [[1266.417203046554, 0.0, 816.2670197447984], [0.0, 1266.417203046554, 491.50706579294757], [0.0, 0.0, 1.0]], [[1260.8474446004698, 0.0, 807.968244525554], [0.0, 1260.8474446004698, 495.3344268742088], [0.0, 0.0, 1.0]], [[1256.7414812095406, 0.0, 792.1125740759628], [0.0, 1256.7414812095406, 492.7757465151356], [0.0, 0.0, 1.0]], [[809.2209905677063, 0.0, 829.2196003259838], [0.0, 809.2209905677063, 481.77842384512485], [0.0, 0.0, 1.0]], [[1259.5137405846733, 0.0, 807.2529053838625], [0.0, 1259.5137405846733, 501.19579884916527], [0.0, 0.0, 1.0]]], "extrinsics": [[[0.8369661569595337, -0.5472080111503601, 0.007147313095629215, -0.87628173828125], [-0.0014613652601838112, -0.015295065939426422, -0.9998819231987, 1.5081291198730469], [0.5472526550292969, 0.8368569612503052, -0.013601123355329037, -1.22509765625], [0.0, 0.0, 0.0, 1.0]], [[0.03080485761165619, -0.9993382096290588, 0.019345564767718315, 0.0108642578125], [-0.006844513583928347, -0.01956520415842533, -0.9997851848602295, 1.5200042724609375], [0.9995020031929016, 0.030665790662169456, -0.0074426862411201, -1.605994701385498], [0.0, 0.0, 0.0, 1.0]], [[-0.8210647106170654, -0.5708282589912415, 0.002788605634123087, 0.97821044921875], [-0.0017981462879106402, -0.0022987625561654568, -0.9999957084655762, 1.5035278797149658], [0.5708321928977966, -0.8210663199424744, 0.0008610017830505967, -1.2080078125], [0.0, 0.0, 0.0, 1.0]], [[0.9456662535667419, 0.32511401176452637, -0.004007596988230944, -1.14080810546875], [0.006983762141317129, -0.0326337032020092, -0.9994429349899292, 1.5886192321777344], [-0.32506370544433594, 0.9451116323471069, -0.03313111141324043, -0.10595703125], [0.0, 0.0, 0.0, 1.0]], [[-0.009345164522528648, 0.999699592590332, -0.02265782840549946, 0.0001220703125], [-0.01826539635658264, -0.02282569371163845, -0.9995725750923157, 1.5789451599121094], [-0.9997894167900085, -0.008927305229008198, 0.018473217263817787, -0.02381134033203125], [0.0, 0.0, 0.0, 1.0]], [[-0.9407103657722473, 0.33884307742118835, -0.015795843675732613, 1.0887451171875], [0.014257049188017845, -0.007030089385807514, -0.9998736381530762, 1.5521745681762695], [-0.3389112949371338, -0.9408166408538818, 0.001782375038601458, -0.0775146484375], [0.0, 0.0, 0.0, 1.0]]], "view": [[0.0, -2.0, 100.0], [-2.0, 0.0, 100.0], [0.0, 0.0, 1.0]], "bev": "bev_1dcc22071703458eb9bb3b6ea6b06293.png", "aux": "aux_1dcc22071703458eb9bb3b6ea6b06293.npz", "visibility": "visibility_1dcc22071703458eb9bb3b6ea6b06293.png", "pose": [[-0.6794629096984863, -0.7337098717689514, 0.0, 1273.1363525390625], [0.7337098717689514, -0.6794629096984863, 0.0, 1247.711181640625], [0.0, 0.0, 1.0, 0.0], [0.0, 0.0, 0.0, 1.0]], "pose_inverse": [[-0.6794629096984863, 0.7337098717689514, 0.0, -50.4090690612793], [-0.7337098717689514, -0.6794629096984863, 0.0, 1781.8861083984375], [0.0, 0.0, 1.0, 0.0], [0.0, 0.0, 0.0, 1.0]], "cam_ids": [0, 1, 2, 3, 4, 5], "cam_channels": ["CAM_FRONT_LEFT", "CAM_FRONT", "CAM_FRONT_RIGHT", "CAM_BACK_LEFT", "CAM_BACK", "CAM_BACK_RIGHT"], "token": "1dcc22071703458eb9bb3b6ea6b06293", "scene": "scene-0185"}, {"images": ["samples/CAM_FRONT_LEFT/n015-2018-07-27-11-36-48+0800__CAM_FRONT_LEFT__1532663015404844.jpg", "samples/CAM_FRONT/n015-2018-07-27-11-36-48+0800__CAM_FRONT__1532663015412460.jpg", "samples/CAM_FRONT_RIGHT/n015-2018-07-27-11-36-48+0800__CAM_FRONT_RIGHT__1532663015420339.jpg", "samples/CAM_BACK_LEFT/n015-2018-07-27-11-36-48+0800__CAM_BACK_LEFT__1532663015447423.jpg", "samples/CAM_BACK/n015-2018-07-27-11-36-48+0800__CAM_BACK__1532663015437525.jpg", "samples/CAM_BACK_RIGHT/n015-2018-07-27-11-36-48+0800__CAM_BACK_RIGHT__1532663015427893.jpg"], "intrinsics": [[[1272.5979470598488, 0.0, 826.6154927353808], [0.0, 1272.5979470598488, 479.75165386361925], [0.0, 0.0, 1.0]], [[1266.417203046554, 0.0, 816.2670197447984], [0.0, 1266.417203046554, 491.50706579294757], [0.0, 0.0, 1.0]], [[1260.8474446004698, 0.0, 807.968244525554], [0.0, 1260.8474446004698, 495.3344268742088], [0.0, 0.0, 1.0]], [[1256.7414812095406, 0.0, 792.1125740759628], [0.0, 1256.7414812095406, 492.7757465151356], [0.0, 0.0, 1.0]], [[809.2209905677063, 0.0, 829.2196003259838], [0.0, 809.2209905677063, 481.77842384512485], [0.0, 0.0, 1.0]], [[1259.5137405846733, 0.0, 807.2529053838625], [0.0, 1259.5137405846733, 501.19579884916527], [0.0, 0.0, 1.0]]], "extrinsics": [[[0.8320735692977905, -0.554664671421051, -0.0008788935956545174, -0.89306640625], [-0.003108261153101921, -0.003078286536037922, -0.9999904632568359, 1.5079982280731201], [0.5546565651893616, 0.8320683240890503, -0.004285403061658144, -1.23681640625], [0.0, 0.0, 0.0, 1.0]], [[0.022251958027482033, -0.999728262424469, 0.006937928963452578, 0.0103759765625], [-0.00828562118113041, -0.007123822346329689, -0.9999403357505798, 1.5199875831604004], [0.9997180104255676, 0.02219313010573387, -0.008441888727247715, -1.623321533203125], [0.0, 0.0, 0.0, 1.0]], [[-0.8257454037666321, -0.5640324354171753, -0.003452165285125375, 0.99017333984375], [-0.0028439706657081842, 0.01028374396264553, -0.9999430775642395, 1.5034618377685547], [0.5640357732772827, -0.8256885409355164, -0.010095844976603985, -1.216064453125], [0.0, 0.0, 0.0, 1.0]], [[0.947761595249176, 0.318979412317276, -0.0002815996704157442, -1.1422958374023438], [0.006353179458528757, -0.019759394228458405, -0.999784529209137, 1.5885734558105469], [-0.3189162611961365, 0.947555661201477, -0.020753728225827217, -0.104736328125], [0.0, 0.0, 0.0, 1.0]], [[-0.0022064438089728355, 0.9999486207962036, -0.009893205948174, 0.00048828125], [-0.019156238064169884, -0.009933680295944214, -0.9997671842575073, 1.5790047645568848], [-0.9998140931129456, -0.0020164446905255318, 0.01917717047035694, -0.017669677734375], [0.0, 0.0, 0.0, 1.0]], [[-0.9380509257316589, 0.34633710980415344, -0.010536205023527145, 1.0989990234375], [0.013265172950923443, 0.005509919952601194, -0.9998968839645386, 1.5519437789916992], [-0.346243292093277, -0.9380939602851868, -0.009762808680534363, -0.073974609375], [0.0, 0.0, 0.0, 1.0]]], "view": [[0.0, -2.0, 100.0], [-2.0, 0.0, 100.0], [0.0, 0.0, 1.0]], "bev": "bev_52fcce8d2d2f4c2c814d5d01941a639c.png", "aux": "aux_52fcce8d2d2f4c2c814d5d01941a639c.npz", "visibility": "visibility_52fcce8d2d2f4c2c814d5d01941a639c.png", "pose": [[-0.48603737354278564, -0.8739380240440369, 0.0, 1272.51708984375], [0.8739380240440369, -0.48603737354278564, 0.0, 1248.599853515625], [0.0, 0.0, 1.0, 0.0], [0.0, 0.0, 0.0, 1.0]], "pose_inverse": [[-0.48603737354278564, 0.8739380240440369, 0.0, -472.7080383300781], [-0.8739380240440369, -0.48603737354278564, 0.0, 1718.96728515625], [0.0, 0.0, 1.0, 0.0], [0.0, 0.0, 0.0, 1.0]], "cam_ids": [0, 1, 2, 3, 4, 5], "cam_channels": ["CAM_FRONT_LEFT", "CAM_FRONT", "CAM_FRONT_RIGHT", "CAM_BACK_LEFT", "CAM_BACK", "CAM_BACK_RIGHT"], "token": "52fcce8d2d2f4c2c814d5d01941a639c", "scene": "scene-0185"}, {"images": ["samples/CAM_FRONT_LEFT/n015-2018-07-27-11-36-48+0800__CAM_FRONT_LEFT__1532663015904844.jpg", "samples/CAM_FRONT/n015-2018-07-27-11-36-48+0800__CAM_FRONT__1532663015912460.jpg", "samples/CAM_FRONT_RIGHT/n015-2018-07-27-11-36-48+0800__CAM_FRONT_RIGHT__1532663015920339.jpg", "samples/CAM_BACK_LEFT/n015-2018-07-27-11-36-48+0800__CAM_BACK_LEFT__1532663015947423.jpg", "samples/CAM_BACK/n015-2018-07-27-11-36-48+0800__CAM_BACK__1532663015937525.jpg", "samples/CAM_BACK_RIGHT/n015-2018-07-27-11-36-48+0800__CAM_BACK_RIGHT__1532663015927893.jpg"], "intrinsics": [[[1272.5979470598488, 0.0, 826.6154927353808], [0.0, 1272.5979470598488, 479.75165386361925], [0.0, 0.0, 1.0]], [[1266.417203046554, 0.0, 816.2670197447984], [0.0, 1266.417203046554, 491.50706579294757], [0.0, 0.0, 1.0]], [[1260.8474446004698, 0.0, 807.968244525554], [0.0, 1260.8474446004698, 495.3344268742088], [0.0, 0.0, 1.0]], [[1256.7414812095406, 0.0, 792.1125740759628], [0.0, 1256.7414812095406, 492.7757465151356], [0.0, 0.0, 1.0]], [[809.2209905677063, 0.0, 829.2196003259838], [0.0, 809.2209905677063, 481.77842384512485], [0.0, 0.0, 1.0]], [[1259.5137405846733, 0.0, 807.2529053838625], [0.0, 1259.5137405846733, 501.19579884916527], [0.0, 0.0, 1.0]]], "extrinsics": [[[0.8296438455581665, -0.5582782626152039, -0.004054216668009758, -0.9002685546875], [-0.0027651689015328884, 0.0031526857055723667, -0.999991238117218, 1.5080294609069824], [0.5582860708236694, 0.8296477794647217, 0.0010718726553022861, -1.23956298828125], [0.0, 0.0, 0.0, 1.0]], [[0.018638772889971733, -0.9998260736465454, 0.0007432106067426503, 0.008544921875], [-0.008034543134272099, -0.0008930956828407943, -0.9999673366546631, 1.520029067993164], [0.9997940063476562, 0.018632197752594948, -0.008049791678786278, -1.6292724609375], [0.0, 0.0, 0.0, 1.0]], [[-0.8273385167121887, -0.5616589784622192, -0.00708646047860384, 0.9930572509765625], [-0.002620662096887827, 0.01647556573152542, -0.9998608231544495, 1.5034866333007812], [0.5616976022720337, -0.8272048234939575, -0.015102787874639034, -1.219482421875], [0.0, 0.0, 0.0, 1.0]], [[0.947788417339325, 0.31889641284942627, 0.0015097418799996376, -1.142669677734375], [0.006233500316739082, -0.013792788609862328, -0.9998854398727417, 1.58856201171875], [-0.3188389539718628, 0.9476892948150635, -0.015060484409332275, -0.1041259765625], [0.0, 0.0, 0.0, 1.0]], [[-0.001150350784882903, 0.99