[{"images": ["samples/CAM_FRONT_LEFT/n015-2018-11-14-19-09-14+0800__CAM_FRONT_LEFT__1542194140255012.jpg", "samples/CAM_FRONT/n015-2018-11-14-19-09-14+0800__CAM_FRONT__1542194140262460.jpg", "samples/CAM_FRONT_RIGHT/n015-2018-11-14-19-09-14+0800__CAM_FRONT_RIGHT__1542194140270339.jpg", "samples/CAM_BACK_LEFT/n015-2018-11-14-19-09-14+0800__CAM_BACK_LEFT__1542194140297423.jpg", "samples/CAM_BACK/n015-2018-11-14-19-09-14+0800__CAM_BACK__1542194140287525.jpg", "samples/CAM_BACK_RIGHT/n015-2018-11-14-19-09-14+0800__CAM_BACK_RIGHT__1542194140277893.jpg"], "intrinsics": [[[1272.5979470598488, 0.0, 826.6154927353808], [0.0, 1272.5979470598488, 479.75165386361925], [0.0, 0.0, 1.0]], [[1266.417203046554, 0.0, 816.2670197447984], [0.0, 1266.417203046554, 491.50706579294757], [0.0, 0.0, 1.0]], [[1260.8474446004698, 0.0, 807.968244525554], [0.0, 1260.8474446004698, 495.3344268742088], [0.0, 0.0, 1.0]], [[1256.7414812095406, 0.0, 792.1125740759628], [0.0, 1256.7414812095406, 492.7757465151356], [0.0, 0.0, 1.0]], [[809.2209905677063, 0.0, 829.2196003259838], [0.0, 809.2209905677063, 481.77842384512485], [0.0, 0.0, 1.0]], [[1259.5137405846733, 0.0, 807.2529053838625], [0.0, 1259.5137405846733, 501.19579884916527], [0.0, 0.0, 1.0]]], "extrinsics": [[[0.8219904899597168, -0.5693610906600952, -0.012633878737688065, -0.68756103515625], [-0.019772011786699295, -0.006360208615660667, -0.9997842311859131, 1.5016212463378906], [0.5691578388214111, 0.8220629096031189, -0.016485445201396942, -1.091064453125], [0.0, 0.0, 0.0, 1.0]], [[0.0077552180737257, -0.9999170303344727, 0.01028210949152708, 0.0089111328125], [-0.02509443275630474, -0.010473789647221565, -0.9996302127838135, 1.5136070251464844], [0.9996549487113953, 0.007494352292269468, -0.025173580273985863, -1.41552734375], [0.0, 0.0, 0.0, 1.0]], [[-0.8320692777633667, -0.5545293092727661, 0.01256099808961153, 0.85498046875], [-0.019549841061234474, 0.0066876718774437904, -0.9997864365577698, 1.4994468688964844], [0.5543269515037537, -0.8321372270584106, -0.016405567526817322, -1.128509521484375], [0.0, 0.0, 0.0, 1.0]], [[0.9476287364959717, 0.31885871291160583, -0.01813514158129692, -1.141357421875], [-0.011118611320853233, -0.023811686784029007, -0.9996546506881714, 1.5885543823242188], [-0.3191803991794586, 0.9475030899047852, -0.01901937462389469, -0.1041259765625], [0.0, 0.0, 0.0, 1.0]], [[0.001766849891282618, 0.9999024868011475, -0.013850538991391659, 0.0023193359375], [-0.03644255921244621, -0.01377697754651308, -0.9992408156394958, 1.5764999389648438], [-0.9993342161178589, 0.002270252676680684, 0.03641466423869133, -0.0767822265625], [0.0, 0.0, 0.0, 1.0]], [[-0.9352126121520996, 0.3540632724761963, 0.004068346228450537, 0.9910888671875], [-0.0037339909467846155, 0.0016274971421808004, -0.9999917149543762, 1.5508689880371094], [-0.35406696796417236, -0.9352200627326965, -0.00019998666539322585, -0.117431640625], [0.0, 0.0, 0.0, 1.0]]], "view": [[0.0, -2.0, 100.0], [-2.0, 0.0, 100.0], [0.0, 0.0, 1.0]], "bev": "bev_fced538159ce49079708b395a673ed6e.png", "aux": "aux_fced538159ce49079708b395a673ed6e.npz", "visibility": "visibility_fced538159ce49079708b395a673ed6e.png", "pose": [[0.8420029878616333, -0.5394728183746338, 0.0, 658.0465698242188], [0.5394728183746338, 0.8420029878616333, 0.0, 2201.227294921875], [0.0, 0.0, 1.0, 0.0], [0.0, 0.0, 0.0, 1.0]], "pose_inverse": [[0.8420029878616333, 0.5394728183746338, 0.0, -1741.57958984375], [-0.5394728183746338, 0.8420029878616333, 0.0, -1498.4417724609375], [0.0, 0.0, 1.0, 0.0], [0.0, 0.0, 0.0, 1.0]], "cam_ids": [0, 1, 2, 3, 4, 5], "cam_channels": ["CAM_FRONT_LEFT", "CAM_FRONT", "CAM_FRONT_RIGHT", "CAM_BACK_LEFT", "CAM_BACK", "CAM_BACK_RIGHT"], "token": "fced538159ce49079708b395a673ed6e", "scene": "scene-1021"}, {"images": ["samples/CAM_FRONT_LEFT/n015-2018-11-14-19-09-14+0800__CAM_FRONT_LEFT__1542194140754844.jpg", "samples/CAM_FRONT/n015-2018-11-14-19-09-14+0800__CAM_FRONT__1542194140762460.jpg", "samples/CAM_FRONT_RIGHT/n015-2018-11-14-19-09-14+0800__CAM_FRONT_RIGHT__1542194140770339.jpg", "samples/CAM_BACK_LEFT/n015-2018-11-14-19-09-14+0800__CAM_BACK_LEFT__1542194140797423.jpg", "samples/CAM_BACK/n015-2018-11-14-19-09-14+0800__CAM_BACK__1542194140787525.jpg", "samples/CAM_BACK_RIGHT/n015-2018-11-14-19-09-14+0800__CAM_BACK_RIGHT__1542194140777893.jpg"], "intrinsics": [[[1272.5979470598488, 0.0, 826.6154927353808], [0.0, 1272.5979470598488, 479.75165386361925], [0.0, 0.0, 1.0]], [[1266.417203046554, 0.0, 816.2670197447984], [0.0, 1266.417203046554, 491.50706579294757], [0.0, 0.0, 1.0]], [[1260.8474446004698, 0.0, 807.968244525554], [0.0, 1260.8474446004698, 495.3344268742088], [0.0, 0.0, 1.0]], [[1256.7414812095406, 0.0, 792.1125740759628], [0.0, 1256.7414812095406, 492.7757465151356], [0.0, 0.0, 1.0]], [[809.2209905677063, 0.0, 829.2196003259838], [0.0, 809.2209905677063, 481.77842384512485], [0.0, 0.0, 1.0]], [[1259.5137405846733, 0.0, 807.2529053838625], [0.0, 1259.5137405846733, 501.19579884916527], [0.0, 0.0, 1.0]]], "extrinsics": [[[0.8211897015571594, -0.5702553391456604, -0.02136101946234703, -0.68701171875], [-0.03167315199971199, -0.008171916007995605, -0.9994648694992065, 1.4975738525390625], [0.5697756409645081, 0.8214268684387207, -0.02477247454226017, -1.08935546875], [0.0, 0.0, 0.0, 1.0]], [[0.006966523826122284, -0.9999048709869385, 0.01190539076924324, 0.0084228515625], [-0.037290059030056, -0.012157167308032513, -0.9992305636405945, 1.5102310180664062], [0.9992801547050476, 0.006517171394079924, -0.0373711995780468, -1.4156494140625], [0.0, 0.0, 0.0, 1.0]], [[-0.8322755098342896, -0.5538513660430908, 0.02379370480775833, 0.8544921875], [-0.03198809176683426, 0.0051307776011526585, -0.9994750618934631, 1.4967842102050781], [0.5534385442733765, -0.8325997591018677, -0.021986866369843483, -1.12933349609375], [0.0, 0.0, 0.0, 1.0]], [[0.9473621845245361, 0.3186679482460022, -0.03091503493487835, -1.142333984375], [-0.02418588660657406, -0.02505270019173622, -0.9993935227394104, 1.5885543823242188], [-0.3192492127418518, 0.9475352764129639, -0.016026711091399193, -0.10345458984375], [0.0, 0.0, 0.0, 1.0]], [[0.0020217099227011204, 0.9998822212219238, -0.015222025103867054, 0.0028076171875], [-0.049304284155368805, -0.01510387659072876, -0.9986695647239685, 1.5755233764648438], [-0.9987817406654358, 0.002769505837932229, 0.049267929047346115, -0.0760498046875], [0.0, 0.0, 0.0, 1.0]], [[-0.9348660111427307, 0.35466840863227844, 0.015357286669313908, 0.9918212890625], [-0.016358543187379837, 0.00017533398931846023, -0.9998661875724792, 1.5489273071289062], [-0.3546236753463745, -0.9349921345710754, 0.005637944210320711, -0.1175537109375], [0.0, 0.0, 0.0, 1.0]]], "view": [[0.0, -2.0, 100.0], [-2.0, 0.0, 100.0], [0.0, 0.0, 1.0]], "bev": "bev_1ad8703dcaa2485fa3fd1eadf450192c.png", "aux": "aux_1ad8703dcaa2485fa3fd1eadf450192c.npz", "visibility": "visibility_1ad8703dcaa2485fa3fd1eadf450192c.png", "pose": [[0.8539881110191345, -0.5202925801277161, 0.0, 661.3489990234375], [0.5202925801277161, 0.8539881110191345, 0.0, 2203.263427734375], [0.0, 0.0, 1.0, 0.0], [0.0, 0.0, 0.0, 1.0]], "pose_inverse": [[0.8539881110191345, 0.5202925801277161, 0.0, -1711.125732421875], [-0.5202925801277161, 0.8539881110191345, 0.0, -1537.4656982421875], [0.0, 0.0, 1.0, 0.0], [0.0, 0.0, 0.0, 1.0]], "cam_ids": [0, 1, 2, 3, 4, 5], "cam_channels": ["CAM_FRONT_LEFT", "CAM_FRONT", "CAM_FRONT_RIGHT", "CAM_BACK_LEFT", "CAM_BACK", "CAM_BACK_RIGHT"], "token": "1ad8703dcaa2485fa3fd1eadf450192c", "scene": "scene-1021"}, {"images": ["samples/CAM_FRONT_LEFT/n015-2018-11-14-19-09-14+0800__CAM_FRONT_LEFT__1542194141254844.jpg", "samples/CAM_FRONT/n015-2018-11-14-19-09-14+0800__CAM_FRONT__1542194141262460.jpg", "samples/CAM_FRONT_RIGHT/n015-2018-11-14-19-09-14+0800__CAM_FRONT_RIGHT__1542194141270339.jpg", "samples/CAM_BACK_LEFT/n015-2018-11-14-19-09-14+0800__CAM_BACK_LEFT__1542194141297433.jpg", "samples/CAM_BACK/n015-2018-11-14-19-09-14+0800__CAM_BACK__1542194141287525.jpg", "samples/CAM_BACK_RIGHT/n015-2018-11-14-19-09-14+0800__CAM_BACK_RIGHT__1542194141277893.jpg"], "intrinsics": [[[1272.5979470598488, 0.0, 826.6154927353808], [0.0, 1272.5979470598488, 479.75165386361925], [0.0, 0.0, 1.0]], [[1266.417203046554, 0.0, 816.2670197447984], [0.0, 1266.417203046554, 491.50706579294757], [0.0, 0.0, 1.0]], [[1260.8474446004698, 0.0, 807.968244525554], [0.0, 1260.8474446004698, 495.3344268742088], [0.0, 0.0, 1.0]], [[1256.7414812095406, 0.0, 792.1125740759628], [0.0, 1256.7414812095406, 492.7757465151356], [0.0, 0.0, 1.0]], [[809.2209905677063, 0.0, 829.2196003259838], [0.0, 809.2209905677063, 481.77842384512485], [0.0, 0.0, 1.0]], [[1259.5137405846733, 0.0, 807.2529053838625], [0.0, 1259.5137405846733, 501.19579884916527], [0.0, 0.0, 1.0]]], "extrinsics": [[[0.8204336762428284, -0.5712780356407166, -0.023022625595331192, -0.687652587890625], [-0.03440733626484871, -0.009138992987573147, -0.9993661046028137, 1.4966659545898438], [0.5707054734230042, 0.8207057118415833, -0.027154091745615005, -1.089599609375], [0.0, 0.0, 0.0, 1.0]], [[0.006014705635607243, -0.9998979568481445, 0.012956996448338032, 0.008056640625], [-0.03967206925153732, -0.01318562962114811, -0.9991257786750793, 1.5095596313476562], [0.9991946220397949, 0.005495395977050066, -0.03974733129143715, -1.415283203125], [0.0, 0.0, 0.0, 1.0]], [[-0.8326361775398254, -0.5532042980194092, 0.02611282467842102, 0.853515625], [-0.03403080254793167, 0.00404514791443944, -0.9994125962257385, 1.4963111877441406], [0.5527737140655518, -0.8330357074737549, -0.02219412662088871, -1.128875732421875], [0.0, 0.0, 0.0, 1.0]], [[0.9473463296890259, 0.3185759484767914, -0.032315339893102646, -1.140625], [-0.025262726470828056, -0.026245970278978348, -0.9993362426757812, 1.5885162353515625], [-0.3192126452922821, 0.947533905506134, -0.016815926879644394, -0.10418701171875], [0.0, 0.0, 0.0, 1.0]], [[0.0022730391938239336, 0.99986332654953, -0.01637384667992592, 0.0025634765625], [-0.05072243511676788, -0.0162375308573246, -0.998580813407898, 1.575286865234375], [-0.9987101554870605, 0.0031003563199192286, 0.05067859962582588, -0.0782470703125], [0.0, 0.0, 0.0, 1.0]], [[-0.9346468448638916, 0.3551885783672333, 0.016619576141238213, 0.989990234375], [-0.01813756674528122, -0.0009442577720619738, -0.9998350143432617, 1.5486183166503906], [-0.35511431097984314, -0.9347941875457764, 0.007324804086238146, -0.118408203125], [0.0, 0.0, 0.0, 1.0]]], "view": [[0.0, -2.0, 100.0], [-2.0, 0.0, 100.0], [0.0, 0.0, 1.0]], "bev": "bev_ee4fa446ec60449a8d7c912ac2574668.png", "aux": "aux_ee4fa446ec60449a8d7c912ac2574668.npz", "visibility": "visibility_ee4fa446ec60449a8d7c912ac2574668.png", "pose": [[0.8596243858337402, -0.5109264850616455, 0.0, 664.8096923828125], [0.5109264850616455, 0.8596243858337402, 0.0, 2205.31494140625], [0.0, 0.0, 1.0, 0.0], [0.0, 0.0, 0.0, 1.0]], "pose_inverse": [[0.8596243858337402, 0.5109264850616455, 0.0, -1698.240478515625], [-0.5109264850616455, 0.8596243858337402, 0.0, -1556.0736083984375], [0.0, 0.0, 1.0, 0.0], [0.0, 0.0, 0.0, 1.0]], "cam_ids": [0, 1, 2, 3, 4, 5], "cam_channels": ["CAM_FRONT_LEFT", "CAM_FRONT", "CAM_FRONT_RIGHT", "CAM_BACK_LEFT", "CAM_BACK", "CAM_BACK_RIGHT"], "token": "ee4fa446ec60449a8d7c912ac2574668", "scene": "scene-1021"}, {"images": ["samples/CAM_FRONT_LEFT/n015-2018-11-14-19-09-14+0800__CAM_FRONT_LEFT__1542194141754844.jpg", "samples/CAM_FRONT/n015-2018-11-14-19-09-14+0800__CAM_FRONT__1542194141762460.jpg", "samples/CAM_FRONT_RIGHT/n015-2018-11-14-19-09-14+0800__CAM_FRONT_RIGHT__1542194141770339.jpg", "samples/CAM_BACK_LEFT/n015-2018-11-14-19-09-14+0800__CAM_BACK_LEFT__1542194141797423.jpg", "samples/CAM_BACK/n015-2018-11-14-19-09-14+0800__CAM_BACK__1542194141787525.jpg", "samples/CAM_BACK_RIGHT/n015-2018-11-14-19-09-14+0800__CAM_BACK_RIGHT__1542194141777893.jpg"], "intrinsics": [[[1272.5979470598488, 0.0, 826.6154927353808], [0.0, 1272.5979470598488, 479.75165386361925], [0.0, 0.0, 1.0]], [[1266.417203046554, 0.0, 816.2670197447984], [0.0, 1266.417203046554, 491.50706579294757], [0.0, 0.0, 1.0]], [[1260.8474446004698, 0.0, 807.968244525554], [0.0, 1260.8474446004698, 495.3344268742088], [0.0, 0.0, 1.0]], [[1256.7414812095406, 0.0, 792.1125740759628], [0.0, 1256.7414812095406, 492.7757465151356], [0.0, 0.0, 1.0]], [[809.2209905677063, 0.0, 829.2196003259838], [0.0, 809.2209905677063, 481.77842384512485], [0.0, 0.0, 1.0]], [[1259.5137405846733, 0.0, 807.2529053838625], [0.0, 1259.5137405846733, 501.19579884916527], [0.0, 0.0, 1.0]]], "extrinsics": [[[0.8204349875450134, -0.5713516473770142, -0.021063538268208504, -0.67877197265625], [-0.034751228988170624, -0.01306044589728117, -0.9993106722831726, 1.4962615966796875], [0.5706827044487, 0.8206014037132263, -0.030570419505238533, -1.085205078125], [0.0, 0.0, 0.0, 1.0]], [[0.006036529783159494, -0.9998389482498169, 0.016897615045309067, 0.009521484375], [-0.04032520204782486, -0.01712757535278797, -0.9990398287773132, 1.5090713500976562], [0.9991682767868042, 0.005349355284124613, -0.040422096848487854, -1.4071044921875], [0.0, 0.0, 0.0, 1.0]], [[-0.8326045870780945, -0.5531033277511597, 0.029090287163853645, 0.847900390625], [-0.03498556837439537, 0.00010245801968267187, -0.999387800693512, 1.4958648681640625], [0.5527617335319519, -0.8331125974655151, -0.01943594217300415, -1.123992919921875], [0.0, 0.0, 0.0, 1.0]], [[0.9472807049751282, 0.31844618916511536, -0.035371385514736176, -1.13720703125], [-0.027201015502214432, -0.030068792402744293, -0.9991776347160339, 1.5884246826171875], [-0.3192480206489563, 0.947463870048523, -0.01982152834534645, -0.10589599609375], [0.0, 0.0, 0.0, 1.0]], [[0.002233278239145875, 0.9997923374176025, -0.020254677161574364, 0.0023193359375], [-0.0523013100028038, -0.020110227167606354, -0.9984288811683655, 1.5749130249023438], [-0.9986287951469421, 0.0032890939619392157, 0.05224553868174553, -0.083251953125], [0.0, 0.0, 0.0, 1.0]], [[-0.9346301555633545, 0.3552437424659729, 0.01637563295662403, 0.9842529296875], [-0.01936565525829792, -0.004862464964389801, -0.9998006820678711, 1.5483169555664062], [-0.3550933003425598, -0.9347610473632812, 0.011424136348068714, -0.119873046875], [0.0, 0.0, 0.0, 1.0]]], "view": [[0.0, -2.0, 100.0], [-2.0, 0.0, 100.0], [0.0, 0.0, 1.0]], "bev": "bev_36b853916aa04e7093932df9d044126b.png", "aux": "aux_36b853916aa04e7093932df9d044126b.npz", "visibility": "visibility_36b853916aa04e7093932df9d044126b.png", "pose": [[0.862832248210907, -0.5054903030395508, 0.0, 668.23193359375], [0.5054903030395508, 0.862832248210907, 0.0, 2207.304931640625], [0.0, 0.0, 1.0, 0.0], [0.0, 0.0, 0.0, 1.0]], "pose_inverse": [[0.862832248210907, 0.5054903030395508, 0.0, -1692.3433837890625], [-0.5054903030395508, 0.862832248210907, 0.0, -1566.7491455078125], [0.0, 0.0, 1.0, 0.0], [0.0, 0.0, 0.0, 1.0]], "cam_ids": [0, 1, 2, 3, 4, 5], "cam_channels": ["CAM_FRONT_LEFT", "CAM_FRONT", "CAM_FRONT_RIGHT", "CAM_BACK_LEFT", "CAM_BACK", "CAM_BACK_RIGHT"], "token": "36b853916aa04e7093932df9d044126b", "scene": "scene-1021"}, {"images": ["samples/CAM_FRONT_LEFT/n015-2018-11-14-19-09-14+0800__CAM_FRONT_LEFT__1542194142254844.jpg", "samples/CAM_FRONT/n015-2018-11-14-19-09-14+0800__CAM_FRONT__1542194142262460.jpg", "samples/CAM_FRONT_RIGHT/n015-2018-11-14-19-09-14+0800__CAM_FRONT_RIGHT__1542194142270339.jpg", "samples/CAM_BACK_LEFT/n015-2018-11-14-19-09-14+0800__CAM_BACK_LEFT__1542194142297456.jpg", "samples/CAM_BACK/n015-2018-11-14-19-09-14+0800__CAM_BACK__1542194142287525.jpg", "samples/CAM_BACK_RIGHT/n015-2018-11-14-19-09-14+0800__CAM_BACK_RIGHT__1542194142277902.jpg"], "intrinsics": [[[1272.5979470598488, 0.0, 826.6154927353808], [0.0, 1272.5979470598488, 479.75165386361925], [0.0, 0.0, 1.0]], [[1266.417203046554, 0.0, 816.2670197447984], [0.0, 1266.417203046554, 491.50706579294757], [0.0, 0.0, 1.0]], [[1260.8474446004698, 0.0, 807.968244525554], [0.0, 1260.8474446004698, 495.3344268742088], [0.0, 0.0, 1.0]], [[1256.7414812095406, 0.0, 792.1125740759628], [0.0, 1256.7414812095406, 492.7757465151356], [0.0, 0.0, 1.0]], [[809.2209905677063, 0.0, 829.2196003259838], [0.0, 809.2209905677063, 481.77842384512485], [0.0, 0.0, 1.0]], [[1259.5137405846733, 0.0, 807.2529053838625], [0.0, 1259.5137405846733, 501.19579884916527], [0.0, 0.0, 1.0]]], "extrinsics": [[[0.8194707036018372, -0.572441041469574, -0.02791169472038746, -0.681671142578125], [-0.043108731508255005, -0.013002132996916771, -0.998985767364502, 1.4933547973632812], [0.5714975595474243, 0.8198427557945251, -0.035332076251506805, -1.0830078125], [0.0, 0.0, 0.0, 1.0]], [[0.0050455303862690926, -0.9998444318771362, 0.01689961552619934, 0.006591796875], [-0.04840387403964996, -0.01712421141564846, -0.9986810088157654, 1.5067214965820312], [0.9988150596618652, 0.004220860078930855, -0.048482745885849, -1.4071044921875], [0.0, 0.0, 0.0, 1.0]], [[-0.8328610062599182, -0.5523325204849243, 0.03565423563122749, 0.84619140625], [-0.04277653992176056, 9.628005500417203e-06, -0.9990846514701843, 1.4940872192382812], [0.5518265962600708, -0.8336237668991089, -0.02363489381968975, -1.125274658203125], [0.0, 0.0, 0.0, 1.0]], [[0.9471533894538879, 0.3179902732372284, -0.04222091659903526, -1.135498046875], [-0.03426763787865639, -0.030565934255719185, -0.9989451766014099, 1.58831787109375], [-0.31894540786743164, 0.9476011395454407, -0.018053852021694183, -0.105712890625], [0.0, 0.0, 0.0, 1.0]], [[0.0025654661003500223, 0.9997836947441101, -0.02064080350100994, 0.003173828125], [-0.0595734678208828, -0.020451411604881287, -0.9980144500732422, 1.5741424560546875], [-0.9982206225395203, 0.003789979498833418, 0.05950811877846718, -0.085693359375], [0.0, 0.0, 0.0, 1.0]], [[-0.9342218637466431, 0.35592710971832275, 0.023352820426225662, 0.9832763671875], [-0.026922307908535004, -0.005077888257801533, -0.9996246099472046, 1.5470428466796875], [-0.35567498207092285, -0.934499979019165, 0.014326254837214947, -0.121826171875], [0.0, 0.0, 0.0, 1.0]]], "view": [[0.0, -2.0, 100.0], [-2.0, 0.0, 100.0], [0.0, 0.0, 1.0]], "bev": "bev_1b57820c95d2427aa231bb3c2ab4ec38.png", "aux": "aux_1b57820c95d2427aa231bb3c2ab4ec38.npz", "visibility": "visibility_1b57820c95d2427aa231bb3c2ab4ec38.png", "pose": [[0.8624522089958191, -0.5061385035514832, 0.0, 671.678466796875], [0.5061385035514832, 0.8624522089958191, 0.0, 2209.30322265625], [0.0, 0.0, 1.0, 0.0], [0.0, 0.0, 0.0, 1.0]], "pose_inverse": [[0.8624522089958191, 0.5061385035514832, 0.0, -1697.5040283203125], [-0.5061385035514832, 0.8624522089958191, 0.0, -1565.4560546875], [0.0, 0.0, 1.0, 0.0], [0.0, 0.0, 0.0, 1.0]], "cam_ids": [0, 1, 2, 3, 4, 5], "cam_channels": ["CAM_FRONT_LEFT", "CAM_FRONT", "CAM_FRONT_RIGHT", "CAM_BACK_LEFT", "CAM_BACK", "CAM_BACK_RIGHT"], "token": "1b57820c95d2427aa231bb3c2ab4ec38", "scene": "scene-1021"}, {"images": ["samples/CAM_FRONT_LEFT/n015-2018-11-14-19-09-14+0800__CAM_FRONT_LEFT__1542194142754844.jpg", "samples/CAM_FRONT/n015-2018-11-14-19-09-14+0800__CAM_FRONT__1542194142762460.jpg", "samples/CAM_FRONT_RIGHT/n015-2018-11-14-19-09-14+0800__CAM_FRONT_RIGHT__1542194142770339.jpg", "samples/CAM_BACK_LEFT/n015-2018-11-14-19-09-14+0800__CAM_BACK_LEFT__1542194142797423.jpg", "samples/CAM_BACK/n015-2018-11-14-19-09-14+0800__CAM_BACK__1542194142787525.jpg", "samples/CAM_BACK_RIGHT/n015-2018-11-14-19-09-14+0800__CAM_BACK_RIGHT__1542194142777893.jpg"], "intrinsics": [[[1272.5979470598488, 0.0, 826.6154927353808], [0.0, 1272.5979470598488, 479.75165386361925], [0.0, 0.0, 1.0]], [[1266.417203046554, 0.0, 816.2670197447984], [0.0, 1266.417203046554, 491.50706579294757], [0.0, 0.0, 1.0]], [[1260.8474446004698, 0.0, 807.968244525554], [0.0, 1260.8474446004698, 495.3344268742088], [0.0, 0.0, 1.0]], [[1256.7414812095406, 0.0, 792.1125740759628], [0.0, 1256.7414812095406, 492.7757465151356], [0.0, 0.0, 1.0]], [[809.2209905677063, 0.0, 829.2196003259838], [0.0, 809.2209905677063, 481.77842384512485], [0.0, 0.0, 1.0]], [[1259.5137405846733, 0.0, 807.2529053838625], [0.0, 1259.5137405846733, 501.19579884916527], [0.0, 0.0, 1.0]]], "extrinsics": [[[0.819051206111908, -0.5729820132255554, -0.02909848466515541, -0.670257568359375], [-0.047780826687812805, -0.017582053318619728, -0.9987030625343323, 1.4910812377929688], [0.5717272162437439, 0.8193792700767517, -0.04177815467119217, -1.0751953125], [0.0, 0.0, 0.0, 1.0]], [[0.004729777108877897, -0.9997584819793701, 0.02146151475608349, 0.0067138671875], [-0.05298236757516861, -0.02168215438723564, -0.9983600378036499, 1.5048675537109375], [0.9985842108726501, 0.0035849343985319138, -0.05307212099432945, -1.3968505859375], [0.0, 0.0, 0.0, 1.0]], [[-0.8328598141670227, -0.5518953204154968, 0.04190513864159584, 0.840576171875], [-0.047266922891139984, -0.004513821564614773, -0.9988721013069153, 1.492767333984375], [0.5514619946479797, -0.8339011669158936, -0.022327017039060593, -1.121673583984375], [0.0, 0.0, 0.0, 1.0]], [[0.9470407962799072, 0.3175719976425171, -0.04755787178874016, -1.137451171875], [-0.03847683593630791, -0.03480997309088707, -0.998652994632721, 1.5883407592773438], [-0.3187997341156006, 0.947594940662384, -0.02074730396270752, -0.1044921875], [0.0, 0.0, 0.0, 1.0]], [[0.002613619901239872, 0.9996830224990845, -0.025041447952389717, 0.0029296875], [-0.06389603763818741, -0.024823419749736786, -0.9976478219032288, 1.5738067626953125], [-0.9979530572891235, 0.00420747185125947, 0.06381089985370636, -0.0848388671875], [0.0, 0.0, 0.0, 1.0]], [[-0.9340274930000305, 0.35626113414764404, 0.02589689940214157, 0.97998046875], [-0.03135323151946068, -0.009548602625727654, -0.9994627237319946, 1.5462112426757812], [-0.35582244396209717, -0.9343376755714417, 0.020088594406843185, -0.122802734375], [0.0, 0.0, 0.0, 1.0]]], "view": [[0.0, -2.0, 100.0], [-2.0, 0.0, 100.0], [0.0, 0.0, 1.0]], "bev": "bev_9d29b60cf3444362b019a090e7fc6e79.png", "aux": "aux_9d29b60cf3444362b019a090e7fc6e79.npz", "visibility": "visibility_9d29b60cf3444362b019a090e7fc6e79.png", "pose": [[0.8592873811721802, -0.5114930868148804, 0.0, 675.1991577148438], [0.5114930868148804, 0.8592873811721802, 0.0, 2211.370849609375], [0.0, 0.0, 1.0, 0.0], [0.0, 0.0, 0.0, 1.0]], "pose_inverse": [[0.8592873811721802, 0.5114930868148804, 0.0, -1711.291015625], [-0.5114930868148804, 0.8592873811721802, 0.0, -1554.8433837890625], [0.0, 0.0, 1.0, 0.0], [0.0, 0.0, 0.0, 1.0]], "cam_ids": [0, 1, 2, 3, 4, 5], "cam_channels": ["CAM_FRONT_LEFT", "CAM_FRONT", "CAM_FRONT_RIGHT", "CAM_BACK_LEFT", "CAM_BACK", "CAM_BACK_RIGHT"], "token": "9d29b60cf3444362b019a090e7fc6e79", "scene": "scene-1021"}, {"images": ["samples/CAM_FRONT_LEFT/n015-2018-11-14-19-09-14+0800__CAM_FRONT_LEFT__1542194143254844.jpg", "samples/CAM_FRONT/n015-2018-11-14-19-09-14+0800__CAM_FRONT__1542194143262460.jpg", "samples/CAM_FRONT_RIGHT/n015-2018-11-14-19-09-14+0800__CAM_FRONT_RIGHT__1542194143270339.jpg", "samples/CAM_BACK_LEFT/n015-2018-11-14-19-09-14+0800__CAM_BACK_LEFT__1542194143297423.jpg", "samples/CAM_BACK/n015-2018-11-14-19-09-14+0800__CAM_BACK__1542194143287525.jpg", "samples/CAM_BACK_RIGHT/n015-2018-11-14-19-09-14+0800__CAM_BACK_RIGHT__1542194143277893.jpg"], "intrinsics": [[[1272.5979470598488, 0.0, 826.6154927353808], [0.0, 1272.5979470598488, 479.75165386361925], [0.0, 0.0, 1.0]], [[1266.417203046554, 0.0, 816.2670197447984], [0.0, 1266.417203046554, 491.50706579294757], [0.0, 0.0, 1.0]], [[1260.8474446004698, 0.0, 807.968244525554], [0.0, 1260.8474446004698, 495.3344268742088], [0.0, 0.0, 1.0]], [[1256.7414812095406, 0.0, 792.1125740759628], [0.0, 1256.7414812095406, 492.7757465151356], [0.0, 0.0, 1.0]], [[809.2209905677063, 0.0, 829.2196003259838], [0.0, 809.2209905677063, 481.77842384512485], [0.0, 0.0, 1.0]], [[1259.5137405846733, 0.0, 807.2529053838625], [0.0, 1259.5137405846733, 501.19579884916527], [0.0, 0.0, 1.0]]], "extrinsics": [[[0.8193551898002625, -0.5724197030067444, -0.031510721892118454, -0.679931640625], [-0.050173476338386536, -0.01684662513434887, -0.9985983967781067, 1.4909133911132812], [0.5710865259170532, 0.8197877407073975, -0.04252365604043007, -1.084228515625], [0.0, 0.0, 0.0, 1.0]], [[0.005287193227559328, -0.9997739195823669, 0.020594453439116478, 0.00830078125], [-0.055541764944791794, -0.020856549963355064, -0.9982385039329529, 1.5047531127929688], [0.9984424114227295, 0.004133996553719044, -0.05563948303461075, -1.40771484375], [0.0, 0.0, 0.0, 1.0]], [[-0.832548975944519, -0.5522280335426331, 0.043663181364536285, 0.848388671875], [-0.04999436438083649, -0.0035955137573182583, -0.9987429976463318, 1.4925765991210938], [0.551690936088562, -0.8336853981018066, -0.02461484633386135, -1.12548828125], [0.0, 0.0, 0.0, 1.0]], [[0.9468697905540466, 0.31767234206199646, -0.05021768435835838, -1.139892578125], [-0.04166179150342941, -0.033673956990242004, -0.9985641241073608, 1.5884628295898438], [-0.3189072906970978, 0.9476024508476257, -0.018650056794285774, -0.1044921875], [0.0, 0.0, 0.0, 1.0]], [[0.0024907896295189857, 0.999709963798523, -0.023955270648002625, 0.00244140625], [-0.06691323220729828, -0.023735037073493004, -0.9974764585494995, 1.573822021484375], [-0.9977557063102722, 0.004087546374648809, 0.0668346956372261, -0.0806884765625], [0.0, 0.0, 0.0, 1.0]], [[-0.9340260028839111, 0.35603126883506775, 0.0289357528090477, 0.98583984375], [-0.03422138839960098, -0.008555198088288307, -0.9993776679039001, 1.54595947265625], [-0.35556215047836304, -0.9344349503517151, 0.02017465978860855, -0.119873046875], [0.0, 0.0, 0.0, 1.0]]], "view": [[0.0, -2.0, 100.0], [-2.0, 0.0, 100.0], [0.0, 0.0, 1.0]], "bev": "bev_8dd1e4dac6b349b3a86ca5a771985526.png", "aux": "aux_8dd1e4dac6b349b3a86ca5a771985526.npz", "visibility": "visibility_8dd1e4dac6b349b3a86ca5a771985526.png", "pose": [[0.8576910495758057, -0.514165461063385, 0.0, 678.7893676757812], [0.514165461063385, 0.8576910495758057, 0.0, 2213.48974609375], [0.0, 0.0, 1.0, 0.0], [0.0, 0.0, 0.0, 1.0]], "pose_inverse": [[0.8576910495758057, 0.514165461063385, 0.0, -1720.29150390625], [-0.514165461063385, 0.8576910495758057, 0.0, -1549.480224609375], [0.0, 0.0, 1.0, 0.0], [0.0, 0.0, 0.0, 1.0]], "cam_ids": [0, 1, 2, 3, 4, 5], "cam_channels": ["CAM_FRONT_LEFT", "CAM_FRONT", "CAM_FRONT_RIGHT", "CAM_BACK_LEFT", "CAM_BACK", "CAM_BACK_RIGHT"], "token": "8dd1e4dac6b349b3a86ca5a771985526", "scene": "scene-1021"}, {"images": ["samples/CAM_FRONT_LEFT/n015-2018-11-14-19-09-14+0800__CAM_FRONT_LEFT__1542194143754844.jpg", "samples/CAM_FRONT/n015-2018-11-14-19-09-14+0800__CAM_FRONT__1542194143762460.jpg", "samples/CAM_FRONT_RIGHT/n015-2018-11-14-19-09-14+0800__CAM_FRONT_RIGHT__1542194143770339.jpg", "samples/CAM_BACK_LEFT/n015-2018-11-14-19-09-14+0800__CAM_BACK_LEFT__1542194143797423.jpg", "samples/CAM_BACK/n015-2018-11-14-19-09-14+0800__CAM_BACK__1542194143787529.jpg", "samples/CAM_BACK_RIGHT/n015-2018-11-14-19-09-14+0800__CAM_BACK_RIGHT__1542194143777893.jpg"], "intrinsics": [[[1272.5979470598488, 0.0, 826.6154927353808], [0.0, 1272.5979470598488, 479.75165386361925], [0.0, 0.0, 1.0]], [[1266.417203046554, 0.0, 816.2670197447984], [0.0, 1266.417203046554, 491.50706579294757], [0.0, 0.0, 1.0]], [[1260.8474446004698, 0.0, 807.968244525554], [0.0, 1260.8474446004698, 495.3344268742088], [0.0, 0.0, 1.0]], [[1256.7414812095406, 0.0, 792.1125740759628], [0.0, 1256.7414812095406, 492.7757465151356], [0.0, 0.0, 1.0]], [[809.2209905677063, 0.0, 829.2196003259838], [0.0, 809.2209905677063, 481.77842384512485], [0.0, 0.0, 1.0]], [[1259.5137405846733, 0.0, 807.2529053838625], [0.0, 1259.5137405846733, 501.19579884916527], [0.0, 0.0, 1.0]]], "extrinsics": [[[0.8195725083351135, -0.5722809433937073, -0.02820185013115406, -0.676513671875], [-0.04823713377118111, -0.019868532195687294, -0.9986382722854614, 1.4913787841796875], [0.5709413886070251, 0.8198168277740479, -0.04388890042901039, -1.08154296875], [0.0, 0.0, 0.0, 1.0]], [[0.005550112575292587, -0.99970543384552, 0.023626254871487617, 0.0081787109375], [-0.053388457745313644, -0.02388915605843067, -0.9982880353927612, 1.5052337646484375], [0.9985583424568176, 0.004279349930584431, -0.05350532382726669, -1.4051513671875], [0.0, 0.0, 0.0, 1.0]], [[-0.832477331161499, -0.5523583292961121, 0.04337768256664276, 0.84765625], [-0.04763256758451462, -0.006652293261140585, -0.998842716217041, 1.4930419921875], [0.5520076751708984, -0.8335801959037781, -0.020772363990545273, -1.12451171875], [0.0, 0.0, 0.0, 1.0]], [[0.9469027519226074, 0.31784993410110474, -0.04843999817967415, -1.1396484375], [-0.03868880122900009, -0.03692351654171944, -0.9985688924789429, 1.58843994140625], [-0.3191836476325989, 0.9474217891693115, -0.022665750235319138, -0.1044921875], [0.0, 0.0, 0.0, 1.0]], [[0.002328280359506607, 0.9996299147605896, -0.027105582877993584, 0.00244140625], [-0.0641636848449707, -0.02690046839416027, -0.9975767731666565, 1.5740509033203125], [-0.9979365468025208, 0.004061765968799591, 0.06407731026411057, -0.0810546875], [0.0, 0.0, 0.0, 1.0]], [[-0.9341946840286255, 0.35585466027259827, 0.025449786335229874, 0.985107421875], [-0.031663693487644196, -0.011647336184978485, -0.9994307160377502, 1.5463485717773438], [-0.3553556799888611, -0.9344687461853027, 0.022148553282022476, -0.120361328125], [0.0, 0.0, 0.0, 1.0]]], "view": [[0.0, -2.0, 100.0], [-2.0, 0.0, 100.0], [0.0, 0.0, 1.0]], "bev": "bev_685937766dd947fb9fa6f04abb5f6e64.png", "aux": "aux_685937766dd947fb9fa6f04abb5f6e64.npz", "visibility": "visibility_685937766dd947fb9fa6f04abb5f6e64.png", "pose": [[0.857053279876709, -0.515227735042572, 0.0, 682.26318359375], [0.515227735042572, 0.857053279876709, 0.0, 2215.5517578125], [0.0, 0.0, 1.0, 0.0], [0.0, 0.0, 0.0, 1.0]], "pose_inverse": [[0.857053279876709, 0.515227735042572, 0.0, -1726.2496337890625], [-0.515227735042572, 0.857053279876709, 0.0, -1547.3250732421875], [0.0, 0.0, 1.0, 0.0], [0.0, 0.0, 0.0, 1.0]], "cam_ids": [0, 1, 2, 3, 4, 5], "cam_channels": ["CAM_FRONT_LEFT", "CAM_FRONT", "CAM_FRONT_RIGHT", "CAM_BACK_LEFT", "CAM_BACK", "CAM_BACK_RIGHT"], "token": "685937766dd947fb9fa6f04abb5f6e64", "scene": "scene-1021"}, {"images": ["samples/CAM_FRONT_LEFT/n015-2018-11-14-19-09-14+0800__CAM_FRONT_LEFT__1542194144254844.jpg", "samples/CAM_FRONT/n015-2018-11-14-19-09-14+0800__CAM_FRONT__1542194144262460.jpg", "samples/CAM_FRONT_RIGHT/n015-2018-11-14-19-09-14+0800__CAM_FRONT_RIGHT__1542194144270339.jpg", "samples/CAM_BACK_LEFT/n015-2018-11-14-19-09-14+0800__CAM_BACK_LEFT__1542194144297423.jpg", "samples/CAM_BACK/n015-2018-11-14-19-09-14+0800__CAM_BACK__1542194144287525.jpg", "samples/CAM_BACK_RIGHT/n015-2018-11-14-19-09-14+0800__CAM_BACK_RIGHT__1542194144277893.jpg"], "intrinsics": [[[1272.5979470598488, 0.0, 826.6154927353808], [0.0, 1272.5979470598488, 479.75165386361925], [0.0, 0.0, 1.0]], [[1266.417203046554, 0.0, 816.2670197447984], [0.0, 1266.417203046554, 491.50706579294757], [0.0, 0.0, 1.0]], [[1260.8474446004698, 0.0, 807.968244525554], [0.0, 1260.8474446004698, 495.3344268742088], [0.0, 0.0, 1.0]], [[1256.7414812095406, 0.0, 792.1125740759628], [0.0, 1256.7414812095406, 492.7757465151356], [0.0, 0.0, 1.0]], [[809.2209905677063, 0.0, 829.2196003259838], [0.0, 809.2209905677063, 481.77842384512485], [0.0, 0.0, 1.0]], [[1259.5137405846733, 0.0, 807.2529053838625], [0.0, 1259.5137405846733, 501.19579884916527], [0.0, 0.0, 1.0]]], "extrinsics": [[[0.8195529580116272, -0.5722905397415161, -0.02857426181435585, -0.6768798828125], [-0.05253173038363457, -0.02538386546075344, -0.9982965588569641, 1.4899749755859375], [0.5705903768539429, 0.8196579813957214, -0.050866831094026566, -1.083251953125], [0.0, 0.0, 0.0, 1.0]], [[0.005776661913841963, -0.9995561838150024, 0.029223250225186348, 0.009033203125], [-0.05791255086660385, -0.02950909547507763, -0.9978854656219482, 1.5039520263671875], [0.9983048439025879, 0.004072064068168402, -0.05805731564760208, -1.4049072265625], [0.0, 0.0, 0.0, 1.0]], [[-0.8322272896766663, -0.5521289706230164, 0.050509341061115265, 0.846923828125], [-0.052388496696949005, -0.01238290499895811, -0.9985499978065491, 1.4919281005859375], [0.551953911781311, -0.8336667418479919, -0.01861981675028801, -1.12322998046875], [0.0, 0.0, 0.0, 1.0]], [[0.9466455578804016, 0.3174786865711212, -0.055401626974344254, -1.136474609375], [-0.04395746812224388, -0.043103333562612534, -0.9981030821800232, 1.58831787109375], [-0.3192644715309143, 0.9472852349281311, -0.026848023757338524, -0.10589599609375], [0.0, 0.0, 0.0, 1.0]], [[0.002195302862673998, 0.9994485378265381, -0.03313424810767174, 0.002197265625], [-0.06926338374614716, -0.032902784645557404, -0.9970556497573853, 1.573455810546875], [-0.9975959062576294, 0.004483840893954039, 0.06915295869112015, -0.08349609375], [0.0, 0.0, 0.0, 1.0]], [[-0.9340691566467285, 0.35599496960639954, 0.02797120064496994, 0.983154296875], [-0.036589931696653366, -0.01749841310083866, -0.9991771578788757, 1.5454940795898438], [-0.355212539434433, -0.9343240261077881, 0.029370557516813278, -0.120361328125], [0.0, 0.0, 0.0, 1.0]]], "view": [[0.0, -2.0, 100.0], [-2.0, 0.0, 100.0], [0.0, 0.0, 1.0]], "bev": "bev_adac3ba725784a75b83fc55bccc2ca53.png", "aux": "aux_adac3ba725784a75b83fc55bccc2ca53.npz", "visibility": "visibility_adac3ba725784a75b83fc55bccc2ca53.png", "pose": [[0.8563557267189026, -0.5163863301277161, 0.0, 685.7854614257812], [0.5163863301277161, 0.8563557267189026, 0.0, 2217.640625], [0.0, 0.0, 1.0, 0.0], [0.0, 0.0, 0.0, 1.0]], "pose_inverse": [[0.8563557267189026, 0.5163863301277161, 0.0, -1732.4356689453125], [-0.5163863301277161, 0.8563557267189026, 0.0, -1544.958984375], [0.0, 0.0, 1.0, 0.0], [0.0, 0.0, 0.0, 1.0]], "cam_ids": [0, 1, 2, 3, 4, 5], "cam_channels": ["CAM_FRONT_LEFT", "CAM_FRONT", "CAM_FRONT_RIGHT", "CAM_BACK_LEFT", "CAM_BACK", "CAM_BACK_RIGHT"], "token": "adac3ba725784a75b83fc55bccc2ca53", "scene": "scene-1021"}, {"images": ["samples/CAM_FRONT_LEFT/n015-2018-11-14-19-09-14+0800__CAM_FRONT_LEFT__1542194144754844.jpg", "samples/CAM_FRONT/n015-2018-11-14-19-09-14+0800__CAM_FRONT__1542194144762460.jpg", "samples/CAM_FRONT_RIGHT/n015-2018-11-14-19-09-14+0800__CAM_FRONT_RIGHT__1542194144770339.jpg", "samples/CAM_BACK_LEFT/n015-2018-11-14-19-09-14+0800__CAM_BACK_LEFT__1542194144797423.jpg", "samples/CAM_BACK/n015-2018-11-14-19-09-14+0800__CAM_BACK__1542194144787560.jpg", "samples/CAM_BACK_RIGHT/n015-2018-11-14-19-09-14+0800__CAM_BACK_RIGHT__1542194144777893.jpg"], "intrinsics": [[[1272.5979470598488, 0.0, 826.6154927353808], [0.0, 1272.5979470598488, 479.75165386361925], [0.0, 0.0, 1.0]], [[1266.417203046554, 0.0, 816.2670197447984], [0.0, 1266.417203046554, 491.50706579294757], [0.0, 0.0, 1.0]], [[1260.8474446004698, 0.0, 807.968244525554], [0.0, 1260.8474446004698, 495.3344268742088], [0.0, 0.0, 1.0]], [[1256.7414812095406, 0.0, 792.1125740759628], [0.0, 1256.7414812095406, 492.7757465151356], [0.0, 0.0, 1.0]], [[809.2209905677063, 0.0, 829.2196003259838], [0.0, 809.2209905677063, 481.77842384512485], [0.0, 0.0, 1.0]], [[1259.5137405846733, 0.0, 807.2529053838625], [0.0, 1259.5137405846733, 501.19579884916527], [0.0, 0.0, 1.0]]], "extrinsics": [[[0.8191583752632141, -0.5730205774307251, -0.025037532672286034, -0.67498779296875], [-0.05408954992890358, -0.03371831029653549, -0.9979666471481323, 1.4893341064453125], [0.5710111856460571, 0.8188470005989075, -0.0586150586605072, -1.082275390625], [0.0, 0.0, 0.0, 1.0]], [[0.0054186671040952206, -0.9992864727973938, 0.037379201501607895, 0.0091552734375], [-0.05941099673509598, -0.0376354344189167, -0.9975239038467407, 1.5034332275390625], [0.9982188940048218, 0.003184557892382145, -0.05957253277301788, -1.4033203125], [0.0, 0.0, 0.0, 1.0]], [[-0.8322494029998779, -0.5515578389167786, 0.056078922003507614, 0.84619140625], [-0.05380725488066673, -0.02031525783240795, -0.9983446598052979, 1.4916000366210938], [0.5517840385437012, -0.8338891863822937, -0.012770450673997402, -1.122802734375], [0.0, 0.0, 0.0, 1.0]], [[0.946518063545227, 0.31724444031715393, -0.05881673842668533, -1.141357421875], [-0.04510606825351715, -0.05039756000041962, -0.9977101683616638, 1.588531494140625], [-0.3194822072982788, 0.9470037221908569, -0.03339255973696709, -0.1041259765625], [0.0, 0.0, 0.0, 1.0]], [[0.0021075464319437742, 0.9991713166236877, -0.040648240596055984, 0.0020751953125], [-0.07057260721921921, -0.04039836302399635, -0.9966883063316345, 1.5735931396484375], [-0.9975044131278992, 0.004969305824488401, 0.07042897492647171, -0.0802001953125], [0.0, 0.0, 0.0, 1.0]], [[-0.934003472328186, 0.3562805652618408, 0.026491891592741013, 0.9840087890625], [-0.03796453773975372, -0.025246016681194305, -0.9989600777626038, 1.5453262329101562], [-0.35524123907089233, -0.934037983417511, 0.03710588812828064, -0.1201171875], [0.0, 0.0, 0.0, 1.0]]], "view": [[0.0, -2.0, 100.0], [-2.0, 0.0, 100.0], [0.0, 0.0, 1.0]], "bev": "bev_cdb0ccfc1f8f4e8d9be4c7ab6da618e8.png", "aux": "aux_cdb0ccfc1f8f4e8d9be4c7ab6da618e8.npz", "visibility": "visibility_cdb0ccfc1f8f4e8d9be4c7ab6da618e8.png", "pose": [[0.8528352975845337, -0.5221800208091736, 0.0, 689.1917114257812], [0.5221800208091736, 0.8528352975845337, 0.0, 2219.677001953125], [0.0, 0.0, 1.0, 0.0], [0.0, 0.0, 0.0, 1.0]], "pose_inverse": [[0.8528352975845337, 0.5221800208091736, 0.0, -1746.8380126953125], [-0.5221800208091736, 0.8528352975845337, 0.0, -1533.13671875], [0.0, 0.0, 1.0, 0.0], [0.0, 0.0, 0.0, 1.0]], "cam_ids": [0, 1, 2, 3, 4, 5], "cam_channels": ["CAM_FRONT_LEFT", "CAM_FRONT", "CAM_FRONT_RIGHT", "CAM_BACK_LEFT", "CAM_BACK", "CAM_BACK_RIGHT"], "token": "cdb0ccfc1f8f4e8d9be4c7ab6da618e8", "scene": "scene-1021"}, {"images": ["samples/CAM_FRONT_LEFT/n015-2018-11-14-19-09-14+0800__CAM_FRONT_LEFT__1542194145354844.jpg", "samples/CAM_FRONT/n015-2018-11-14-19-09-14+0800__CAM_FRONT__1542194145362460.jpg", "samples/CAM_FRONT_RIGHT/n015-2018-11-14-19-09-14+0800__CAM_FRONT_RIGHT__1542194145370339.jpg", "samples/CAM_BACK_LEFT/n015-2018-11-14-19-09-14+0800__CAM_BACK_LEFT__1542194145397423.jpg", "samples/CAM_BACK/n015-2018-11-14-19-09-14+0800__CAM_BACK__1542194145387525.jpg", "samples/CAM_BACK_RIGHT/n015-2018-11-14-19-09-14+0800__CAM_BACK_RIGHT__1542194145377893.jpg"], "intrinsics": [[[1272.5979470598488, 0.0, 826.6154927353808], [0.0, 1272.5979470598488, 479.75165386361925], [0.0, 0.0, 1.0]], [[1266.417203046554, 0.0, 816.2670197447984], [0.0, 1266.417203046554, 491.50706579294757], [0.0, 0.0, 1.0]], [[1260.8474446004698, 0.0, 807.968244525554], [0.0, 1260.8474446004698, 495.3344268742088], [0.0, 0.0, 1.0]], [[1256.7414812095406, 0.0, 792.1125740759628], [0.0, 1256.7414812095406, 492.7757465151356], [0.0, 0.0, 1.0]], [[809.2209905677063, 0.0, 829.2196003259838], [0.0, 809.2209905677063, 481.77842384512485], [0.0, 0.0, 1.0]], [[1259.5137405846733, 0.0, 807.2529053838625], [0.0, 1259.5137405846733, 501.19579884916527], [0.0, 0.0, 1.0]]], "extrinsics": [[[0.8183292746543884, -0.5742846131324768, -0.023117098957300186, -0.66363525390625], [-0.05911410227417946, -0.04409075900912285, -0.9972770810127258, 1.4867095947265625], [0.5717016458511353, 0.8174675107002258, -0.07002908736467361, -1.07275390625], [0.0, 0.0, 0.0, 1.0]], [[0.004627114161849022, -0.9988389015197754, 0.047951146960258484, 0.00830078125], [-0.0644068792462349, -0.04814977943897247, -0.9967614412307739, 1.501251220703125], [0.9979129433631897, 0.0015237054321914911, -0.06455489248037338, -1.3922119140625], [0.0, 0.0, 0.0, 1.0]], [[-0.8323942422866821, -0.5502304434776306, 0.06607764959335327, 0.839111328125], [-0.05874716490507126, -0.03095250017940998, -0.9977928996086121, 1.4900054931640625], [0.5510613322257996, -0.8344389796257019, -0.0065597896464169025, -1.119171142578125], [0.0, 0.0, 0.0, 1.0]], [[0.9461847543716431, 0.31667354702949524, -0.06672526150941849, -1.142333984375], [-0.049865540117025375, -0.0610584020614624, -0.9968878030776978, 1.58856201171875], [-0.31976205110549927, 0.9465673565864563, -0.04198143631219864, -0.103759765625], [0.0, 0.0, 0.0, 1.0]], [[0.0020883800461888313, 0.9986757040023804, -0.051404453814029694, 0.0025634765625], [-0.075337715446949, -0.05110134929418564, -0.9958478212356567, 1.5729827880859375], [-0.9971558451652527, 0.005952395033091307, 0.07513123005628586, -0.082885742