[{"images": ["samples/CAM_FRONT_LEFT/n015-2018-11-14-19-09-14+0800__CAM_FRONT_LEFT__1542193852104844.jpg", "samples/CAM_FRONT/n015-2018-11-14-19-09-14+0800__CAM_FRONT__1542193852112460.jpg", "samples/CAM_FRONT_RIGHT/n015-2018-11-14-19-09-14+0800__CAM_FRONT_RIGHT__1542193852120339.jpg", "samples/CAM_BACK_LEFT/n015-2018-11-14-19-09-14+0800__CAM_BACK_LEFT__1542193852147423.jpg", "samples/CAM_BACK/n015-2018-11-14-19-09-14+0800__CAM_BACK__1542193852137525.jpg", "samples/CAM_BACK_RIGHT/n015-2018-11-14-19-09-14+0800__CAM_BACK_RIGHT__1542193852127893.jpg"], "intrinsics": [[[1272.5979470598488, 0.0, 826.6154927353808], [0.0, 1272.5979470598488, 479.75165386361925], [0.0, 0.0, 1.0]], [[1266.417203046554, 0.0, 816.2670197447984], [0.0, 1266.417203046554, 491.50706579294757], [0.0, 0.0, 1.0]], [[1260.8474446004698, 0.0, 807.968244525554], [0.0, 1260.8474446004698, 495.3344268742088], [0.0, 0.0, 1.0]], [[1256.7414812095406, 0.0, 792.1125740759628], [0.0, 1256.7414812095406, 492.7757465151356], [0.0, 0.0, 1.0]], [[809.2209905677063, 0.0, 829.2196003259838], [0.0, 809.2209905677063, 481.77842384512485], [0.0, 0.0, 1.0]], [[1259.5137405846733, 0.0, 807.2529053838625], [0.0, 1259.5137405846733, 501.19579884916527], [0.0, 0.0, 1.0]]], "extrinsics": [[[0.8205369710922241, -0.5714083909988403, -0.014546812511980534, -0.7315673828125], [0.0041626025922596455, 0.031422488391399384, -0.9994975328445435, 1.5094032287597656], [0.571578323841095, 0.820064127445221, 0.02816185913980007, -1.1187744140625], [0.0, 0.0, 0.0, 1.0]], [[0.0053252908401191235, -0.9996097087860107, -0.027421586215496063, 0.007080078125], [-0.0010151828173547983, 0.02741655707359314, -0.9996235966682434, 1.5202827453613281], [0.9999852776527405, 0.005351105704903603, -0.0008687865338288248, -1.4598159790039062], [0.0, 0.0, 0.0, 1.0]], [[-0.8330540657043457, -0.5524489879608154, -0.02865396812558174, 0.88330078125], [0.004739521071314812, 0.04466796666383743, -0.9989906549453735, 1.5044631958007812], [0.5531712174415588, -0.8323490619659424, -0.03459249064326286, -1.1488037109375], [0.0, 0.0, 0.0, 1.0]], [[0.9477686882019043, 0.3184666931629181, 0.017706602811813354, -1.14044189453125], [0.013843143358826637, 0.014390753582119942, -0.9998006224632263, 1.5885810852050781], [-0.3186580240726471, 0.9478247761726379, 0.009230527095496655, -0.1043701171875], [0.0, 0.0, 0.0, 1.0]], [[0.0026444047689437866, 0.9996995329856873, 0.024371901527047157, 0.0025634765625], [-0.011724581941962242, 0.024401307106018066, -0.9996334910392761, 1.5785675048828125], [-0.9999277591705322, 0.0023576326202601194, 0.011785587295889854, -0.06478309631347656], [0.0, 0.0, 0.0, 1.0]], [[-0.9346166253089905, 0.3556177318096161, -0.005279486533254385, 1.0146484375], [0.020746732130646706, 0.039694443345069885, -0.9989964365959167, 1.55413818359375], [-0.3550512492656708, -0.9337882995605469, -0.04447699338197708, -0.1092529296875], [0.0, 0.0, 0.0, 1.0]]], "view": [[0.0, -2.0, 100.0], [-2.0, 0.0, 100.0], [0.0, 0.0, 1.0]], "bev": "bev_16ee046b02414d2a853f6b1f83ae81cc.png", "aux": "aux_16ee046b02414d2a853f6b1f83ae81cc.npz", "visibility": "visibility_16ee046b02414d2a853f6b1f83ae81cc.png", "pose": [[-0.8438381552696228, -0.5365977883338928, 0.0, 1103.53857421875], [0.5365977883338928, -0.8438381552696228, 0.0, 1692.7994384765625], [0.0, 0.0, 1.0, 0.0], [0.0, 0.0, 0.0, 1.0]], "pose_inverse": [[-0.8438381552696228, 0.5365977883338928, 0.0, 22.85548973083496], [-0.5365977883338928, -0.8438381552696228, 0.0, 2020.6051025390625], [0.0, 0.0, 1.0, 0.0], [0.0, 0.0, 0.0, 1.0]], "cam_ids": [0, 1, 2, 3, 4, 5], "cam_channels": ["CAM_FRONT_LEFT", "CAM_FRONT", "CAM_FRONT_RIGHT", "CAM_BACK_LEFT", "CAM_BACK", "CAM_BACK_RIGHT"], "token": "16ee046b02414d2a853f6b1f83ae81cc", "scene": "scene-1014"}, {"images": ["samples/CAM_FRONT_LEFT/n015-2018-11-14-19-09-14+0800__CAM_FRONT_LEFT__1542193852604844.jpg", "samples/CAM_FRONT/n015-2018-11-14-19-09-14+0800__CAM_FRONT__1542193852612460.jpg", "samples/CAM_FRONT_RIGHT/n015-2018-11-14-19-09-14+0800__CAM_FRONT_RIGHT__1542193852620339.jpg", "samples/CAM_BACK_LEFT/n015-2018-11-14-19-09-14+0800__CAM_BACK_LEFT__1542193852647423.jpg", "samples/CAM_BACK/n015-2018-11-14-19-09-14+0800__CAM_BACK__1542193852637525.jpg", "samples/CAM_BACK_RIGHT/n015-2018-11-14-19-09-14+0800__CAM_BACK_RIGHT__1542193852627893.jpg"], "intrinsics": [[[1272.5979470598488, 0.0, 826.6154927353808], [0.0, 1272.5979470598488, 479.75165386361925], [0.0, 0.0, 1.0]], [[1266.417203046554, 0.0, 816.2670197447984], [0.0, 1266.417203046554, 491.50706579294757], [0.0, 0.0, 1.0]], [[1260.8474446004698, 0.0, 807.968244525554], [0.0, 1260.8474446004698, 495.3344268742088], [0.0, 0.0, 1.0]], [[1256.7414812095406, 0.0, 792.1125740759628], [0.0, 1256.7414812095406, 492.7757465151356], [0.0, 0.0, 1.0]], [[809.2209905677063, 0.0, 829.2196003259838], [0.0, 809.2209905677063, 481.77842384512485], [0.0, 0.0, 1.0]], [[1259.5137405846733, 0.0, 807.2529053838625], [0.0, 1259.5137405846733, 501.19579884916527], [0.0, 0.0, 1.0]]], "extrinsics": [[[0.8204452395439148, -0.571515679359436, -0.01547533180564642, -0.72265625], [0.0017831787699833512, 0.02962563745677471, -0.9995594620704651, 1.5086708068847656], [0.5717224478721619, 0.820056140422821, 0.02532532624900341, -1.1156005859375], [0.0, 0.0, 0.0, 1.0]], [[0.005190475378185511, -0.999661386013031, -0.025495635345578194, 0.009033203125], [-0.003709344891831279, 0.02547655813395977, -0.9996685981750488, 1.5195693969726562], [0.9999796152114868, 0.005283235106617212, -0.0035758542362600565, -1.45159912109375], [0.0, 0.0, 0.0, 1.0]], [[-0.8331510424613953, -0.5524808764457703, -0.02498304843902588, 0.8780517578125], [0.0017228192882612348, 0.04258062317967415, -0.9990915060043335, 1.5038833618164062], [0.5530428290367126, -0.8324372172355652, -0.03452426567673683, -1.143798828125], [0.0, 0.0, 0.0, 1.0]], [[0.9477927684783936, 0.31862062215805054, 0.01303148828446865, -1.14117431640625], [0.009749671444296837, 0.011892762035131454, -0.9998816847801208, 1.5885677337646484], [-0.3187379837036133, 0.9478077292442322, 0.008165428414940834, -0.104248046875], [0.0, 0.0, 0.0, 1.0]], [[0.002676749136298895, 0.9997543692588806, 0.02200433798134327, 0.0023193359375], [-0.015454638749361038, 0.022043146193027496, -0.9996375441551208, 1.5782814025878906], [-0.9998769760131836, 0.00233573280274868, 0.015509845688939095, -0.06696701049804688], [0.0, 0.0, 0.0, 1.0]], [[-0.9346329569816589, 0.35560163855552673, -0.002952136564999819, 1.00982666015625], [0.017413141205906868, 0.03747248649597168, -0.9991459250450134, 1.553741455078125], [-0.3551872670650482, -0.9338861703872681, -0.04121515899896622, -0.1102294921875], [0.0, 0.0, 0.0, 1.0]]], "view": [[0.0, -2.0, 100.0], [-2.0, 0.0, 100.0], [0.0, 0.0, 1.0]], "bev": "bev_80166b3a626d45738317cac7165693c2.png", "aux": "aux_80166b3a626d45738317cac7165693c2.npz", "visibility": "visibility_80166b3a626d45738317cac7165693c2.png", "pose": [[-0.8443965911865234, -0.5357186198234558, 0.0, 1100.7073974609375], [0.5357186198234558, -0.8443965911865234, 0.0, 1694.6348876953125], [0.0, 0.0, 1.0, 0.0], [0.0, 0.0, 0.0, 1.0]], "pose_inverse": [[-0.8443965911865234, 0.5357186198234558, 0.0, 21.586076736450195], [-0.5357186198234558, -0.8443965911865234, 0.0, 2020.61328125], [0.0, 0.0, 1.0, 0.0], [0.0, 0.0, 0.0, 1.0]], "cam_ids": [0, 1, 2, 3, 4, 5], "cam_channels": ["CAM_FRONT_LEFT", "CAM_FRONT", "CAM_FRONT_RIGHT", "CAM_BACK_LEFT", "CAM_BACK", "CAM_BACK_RIGHT"], "token": "80166b3a626d45738317cac7165693c2", "scene": "scene-1014"}, {"images": ["samples/CAM_FRONT_LEFT/n015-2018-11-14-19-09-14+0800__CAM_FRONT_LEFT__1542193853104844.jpg", "samples/CAM_FRONT/n015-2018-11-14-19-09-14+0800__CAM_FRONT__1542193853112460.jpg", "samples/CAM_FRONT_RIGHT/n015-2018-11-14-19-09-14+0800__CAM_FRONT_RIGHT__1542193853120339.jpg", "samples/CAM_BACK_LEFT/n015-2018-11-14-19-09-14+0800__CAM_BACK_LEFT__1542193853147423.jpg", "samples/CAM_BACK/n015-2018-11-14-19-09-14+0800__CAM_BACK__1542193853137525.jpg", "samples/CAM_BACK_RIGHT/n015-2018-11-14-19-09-14+0800__CAM_BACK_RIGHT__1542193853127893.jpg"], "intrinsics": [[[1272.5979470598488, 0.0, 826.6154927353808], [0.0, 1272.5979470598488, 479.75165386361925], [0.0, 0.0, 1.0]], [[1266.417203046554, 0.0, 816.2670197447984], [0.0, 1266.417203046554, 491.50706579294757], [0.0, 0.0, 1.0]], [[1260.8474446004698, 0.0, 807.968244525554], [0.0, 1260.8474446004698, 495.3344268742088], [0.0, 0.0, 1.0]], [[1256.7414812095406, 0.0, 792.1125740759628], [0.0, 1256.7414812095406, 492.7757465151356], [0.0, 0.0, 1.0]], [[809.2209905677063, 0.0, 829.2196003259838], [0.0, 809.2209905677063, 481.77842384512485], [0.0, 0.0, 1.0]], [[1259.5137405846733, 0.0, 807.2529053838625], [0.0, 1259.5137405846733, 501.19579884916527], [0.0, 0.0, 1.0]]], "extrinsics": [[[0.8209383487701416, -0.5709748864173889, -0.006919108796864748, -0.709228515625], [0.007205503527075052, 0.022474637255072594, -0.9997214078903198, 1.5103302001953125], [0.5709713101387024, 0.8206597566604614, 0.02256445400416851, -1.109619140625], [0.0, 0.0, 0.0, 1.0]], [[0.005902649834752083, -0.9998129606246948, -0.01841253601014614, 0.0111083984375], [0.0019594288896769285, 0.01842438615858555, -0.9998283386230469, 1.5209426879882812], [0.999980628490448, 0.005865670274943113, 0.002067816210910678, -1.4387321472167969], [0.0, 0.0, 0.0, 1.0]], [[-0.8327679634094238, -0.5530072450637817, -0.026083381846547127, 0.8690185546875], [0.007632268127053976, 0.035641737282276154, -0.9993354678153992, 1.505035400390625], [0.5535694360733032, -0.8324136734008789, -0.025460602715611458, -1.135986328125], [0.0, 0.0, 0.0, 1.0]], [[0.9477059841156006, 0.31867411732673645, 0.01732771471142769, -1.13861083984375], [0.01647883839905262, 0.005359767936170101, -0.9998498558998108, 1.5886220932006836], [-0.31871914863586426, 0.9478491544723511, -0.00017189518257509917, -0.105224609375], [0.0, 0.0, 0.0, 1.0]], [[0.0024233805015683174, 0.9998795986175537, 0.0153263621032238, 0.0015869140625], [-0.009001065976917744, 0.015347597189247608, -0.9998416900634766, 1.5786590576171875], [-0.9999566078186035, 0.0022850644309073687, 0.00903717428445816, -0.07312774658203125], [0.0, 0.0, 0.0, 1.0]], [[-0.9346936941146851, 0.35527920722961426, -0.011144411750137806, 1.000732421875], [0.023563791066408157, 0.030648693442344666, -0.999252438545227, 1.5547676086425781], [-0.35467207431793213, -0.9342575669288635, -0.03701886534690857, -0.1124267578125], [0.0, 0.0, 0.0, 1.0]]], "view": [[0.0, -2.0, 100.0], [-2.0, 0.0, 100.0], [0.0, 0.0, 1.0]], "bev": "bev_1947d2b235ec4c0a89ac5fc14adb06dd.png", "aux": "aux_1947d2b235ec4c0a89ac5fc14adb06dd.npz", "visibility": "visibility_1947d2b235ec4c0a89ac5fc14adb06dd.png", "pose": [[-0.8458505272865295, -0.5334199666976929, 0.0, 1097.78857421875], [0.5334199666976929, -0.8458505272865295, 0.0, 1696.5347900390625], [0.0, 0.0, 1.0, 0.0], [0.0, 0.0, 0.0, 1.0]], "pose_inverse": [[-0.8458505272865295, 0.5334199666976929, 0.0, 23.599510192871094], [-0.5334199666976929, -0.8458505272865295, 0.0, 2020.59716796875], [0.0, 0.0, 1.0, 0.0], [0.0, 0.0, 0.0, 1.0]], "cam_ids": [0, 1, 2, 3, 4, 5], "cam_channels": ["CAM_FRONT_LEFT", "CAM_FRONT", "CAM_FRONT_RIGHT", "CAM_BACK_LEFT", "CAM_BACK", "CAM_BACK_RIGHT"], "token": "1947d2b235ec4c0a89ac5fc14adb06dd", "scene": "scene-1014"}, {"images": ["samples/CAM_FRONT_LEFT/n015-2018-11-14-19-09-14+0800__CAM_FRONT_LEFT__1542193853654844.jpg", "samples/CAM_FRONT/n015-2018-11-14-19-09-14+0800__CAM_FRONT__1542193853662460.jpg", "samples/CAM_FRONT_RIGHT/n015-2018-11-14-19-09-14+0800__CAM_FRONT_RIGHT__1542193853670339.jpg", "samples/CAM_BACK_LEFT/n015-2018-11-14-19-09-14+0800__CAM_BACK_LEFT__1542193853697423.jpg", "samples/CAM_BACK/n015-2018-11-14-19-09-14+0800__CAM_BACK__1542193853687525.jpg", "samples/CAM_BACK_RIGHT/n015-2018-11-14-19-09-14+0800__CAM_BACK_RIGHT__1542193853677893.jpg"], "intrinsics": [[[1272.5979470598488, 0.0, 826.6154927353808], [0.0, 1272.5979470598488, 479.75165386361925], [0.0, 0.0, 1.0]], [[1266.417203046554, 0.0, 816.2670197447984], [0.0, 1266.417203046554, 491.50706579294757], [0.0, 0.0, 1.0]], [[1260.8474446004698, 0.0, 807.968244525554], [0.0, 1260.8474446004698, 495.3344268742088], [0.0, 0.0, 1.0]], [[1256.7414812095406, 0.0, 792.1125740759628], [0.0, 1256.7414812095406, 492.7757465151356], [0.0, 0.0, 1.0]], [[809.2209905677063, 0.0, 829.2196003259838], [0.0, 809.2209905677063, 481.77842384512485], [0.0, 0.0, 1.0]], [[1259.5137405846733, 0.0, 807.2529053838625], [0.0, 1259.5137405846733, 501.19579884916527], [0.0, 0.0, 1.0]]], "extrinsics": [[[0.8207228779792786, -0.5712716579437256, -0.007911317050457, -0.7015380859375], [0.008375897072255611, 0.025876794010400772, -0.9996300339698792, 1.51080322265625], [0.5712650418281555, 0.820353090763092, 0.026022590696811676, -1.10205078125], [0.0, 0.0, 0.0, 1.0]], [[0.005650708451867104, -0.9997477531433105, -0.021739009767770767, 0.0101318359375], [0.003090198151767254, 0.021756714209914207, -0.9997585415840149, 1.5212631225585938], [0.9999793171882629, 0.005582250189036131, 0.0032123595010489225, -1.4308662414550781], [0.0, 0.0, 0.0, 1.0]], [[-0.8328348994255066, -0.5527716875076294, -0.0288001149892807, 0.8648681640625], [0.008730561472475529, 0.038905926048755646, -0.9992047548294067, 1.5053176879882812], [0.5534526109695435, -0.832423985004425, -0.027576206251978874, -1.1341552734375], [0.0, 0.0, 0.0, 1.0]], [[0.9476792216300964, 0.31864801049232483, 0.01917203702032566, -1.13946533203125], [0.01743049919605255, 0.008316202089190483, -0.9998134970664978, 1.5886077880859375], [-0.31874802708625793, 0.9478366374969482, 0.0023268971126526594, -0.1046142578125], [0.0, 0.0, 0.0, 1.0]], [[0.002458954229950905, 0.9998275637626648, 0.018410734832286835, 0.001953125], [-0.007986798882484436, 0.018429838120937347, -0.9997982978820801, 1.5787315368652344], [-0.9999650716781616, 0.0023113873321563005, 0.008030739612877369, -0.0739288330078125], [0.0, 0.0, 0.0, 1.0]], [[-0.9346337914466858, 0.3554416000843048, -0.011001087725162506, 0.9984130859375], [0.02462865598499775, 0.033837687224149704, -0.9991238713264465, 1.5550003051757812], [-0.35475796461105347, -0.9340858459472656, -0.04037989303469658, -0.1138916015625], [0.0, 0.0, 0.0, 1.0]]], "view": [[0.0, -2.0, 100.0], [-2.0, 0.0, 100.0], [0.0, 0.0, 1.0]], "bev": "bev_bf5bd83cd12d4b0e9ad90127b3daa5af.png", "aux": "aux_bf5bd83cd12d4b0e9ad90127b3daa5af.npz", "visibility": "visibility_bf5bd83cd12d4b0e9ad90127b3daa5af.png", "pose": [[-0.8484364151954651, -0.5292973518371582, 0.0, 1094.399658203125], [0.5292973518371582, -0.8484364151954651, 0.0, 1698.71533203125], [0.0, 0.0, 1.0, 0.0], [0.0, 0.0, 0.0, 1.0]], "pose_inverse": [[-0.8484364151954651, 0.5292973518371582, 0.0, 29.403024673461914], [-0.5292973518371582, -0.8484364151954651, 0.0, 2020.5147705078125], [0.0, 0.0, 1.0, 0.0], [0.0, 0.0, 0.0, 1.0]], "cam_ids": [0, 1, 2, 3, 4, 5], "cam_channels": ["CAM_FRONT_LEFT", "CAM_FRONT", "CAM_FRONT_RIGHT", "CAM_BACK_LEFT", "CAM_BACK", "CAM_BACK_RIGHT"], "token": "bf5bd83cd12d4b0e9ad90127b3daa5af", "scene": "scene-1014"}, {"images": ["samples/CAM_FRONT_LEFT/n015-2018-11-14-19-09-14+0800__CAM_FRONT_LEFT__1542193854154844.jpg", "samples/CAM_FRONT/n015-2018-11-14-19-09-14+0800__CAM_FRONT__1542193854162460.jpg", "samples/CAM_FRONT_RIGHT/n015-2018-11-14-19-09-14+0800__CAM_FRONT_RIGHT__1542193854170339.jpg", "samples/CAM_BACK_LEFT/n015-2018-11-14-19-09-14+0800__CAM_BACK_LEFT__1542193854197423.jpg", "samples/CAM_BACK/n015-2018-11-14-19-09-14+0800__CAM_BACK__1542193854187525.jpg", "samples/CAM_BACK_RIGHT/n015-2018-11-14-19-09-14+0800__CAM_BACK_RIGHT__1542193854177893.jpg"], "intrinsics": [[[1272.5979470598488, 0.0, 826.6154927353808], [0.0, 1272.5979470598488, 479.75165386361925], [0.0, 0.0, 1.0]], [[1266.417203046554, 0.0, 816.2670197447984], [0.0, 1266.417203046554, 491.50706579294757], [0.0, 0.0, 1.0]], [[1260.8474446004698, 0.0, 807.968244525554], [0.0, 1260.8474446004698, 495.3344268742088], [0.0, 0.0, 1.0]], [[1256.7414812095406, 0.0, 792.1125740759628], [0.0, 1256.7414812095406, 492.7757465151356], [0.0, 0.0, 1.0]], [[809.2209905677063, 0.0, 829.2196003259838], [0.0, 809.2209905677063, 481.77842384512485], [0.0, 0.0, 1.0]], [[1259.5137405846733, 0.0, 807.2529053838625], [0.0, 1259.5137405846733, 501.19579884916527], [0.0, 0.0, 1.0]]], "extrinsics": [[[0.820553183555603, -0.571540892124176, -0.005781174171715975, -0.697998046875], [0.0103237833827734, 0.024933094158768654, -0.9996358156204224, 1.5115623474121094], [0.571476936340332, 0.8201947212219238, 0.026359396055340767, -1.095947265625], [0.0, 0.0, 0.0, 1.0]], [[0.00541719188913703, -0.9997683167457581, -0.020830292254686356, 0.007568359375], [0.005178054329007864, 0.020858364179730415, -0.9997690916061401, 1.5218963623046875], [0.999971866607666, 0.005307984072715044, 0.005289847496896982, -1.4248580932617188], [0.0, 0.0, 0.0, 1.0]], [[-0.8328921794891357, -0.5526114702224731, -0.0301835834980011, 0.859375], [0.010968825779855251, 0.038044922053813934, -0.9992157816886902, 1.5058975219726562], [0.5533265471458435, -0.8325701355934143, -0.025625821202993393, -1.1328125], [0.0, 0.0, 0.0, 1.0]], [[0.9477227926254272, 0.31835976243019104, 0.021643610671162605, -1.136474609375], [0.02023741602897644, 0.0077241891995072365, -0.9997653365135193, 1.5886802673339844], [-0.31845226883888245, 0.9479385018348694, 0.0008776115137152374, -0.1051025390625], [0.0, 0.0, 0.0, 1.0]], [[0.002639568643644452, 0.9998400807380676, 0.017689574509859085, 0.0029296875], [-0.005383817013353109, 0.0177035890519619, -0.9998288154602051, 1.5789260864257812], [-0.9999819993972778, 0.0025439788587391376, 0.005429684650152922, -0.07775497436523438], [0.0, 0.0, 0.0, 1.0]], [[-0.9345442056655884, 0.355590283870697, -0.01351647824048996, 0.99462890625], [0.027011025696992874, 0.03301220014691353, -0.9990898966789246, 1.5555191040039062], [-0.35482051968574524, -0.9340587258338928, -0.040456220507621765, -0.1168212890625], [0.0, 0.0, 0.0, 1.0]]], "view": [[0.0, -2.0, 100.0], [-2.0, 0.0, 100.0], [0.0, 0.0, 1.0]], "bev": "bev_c6a8eb8aae4141cb98801bea4d2b7e83.png", "aux": "aux_c6a8eb8aae4141cb98801bea4d2b7e83.npz", "visibility": "visibility_c6a8eb8aae4141cb98801bea4d2b7e83.png", "pose": [[-0.8490408062934875, -0.5283272862434387, 0.0, 1091.25634765625], [0.5283272862434387, -0.8490408062934875, 0.0, 1700.7159423828125], [0.0, 0.0, 1.0, 0.0], [0.0, 0.0, 0.0, 1.0]], "pose_inverse": [[-0.8490408062934875, 0.5283272862434387, 0.0, 27.98645782470703], [-0.5283272862434387, -0.8490408062934875, 0.0, 2020.5177001953125], [0.0, 0.0, 1.0, 0.0], [0.0, 0.0, 0.0, 1.0]], "cam_ids": [0, 1, 2, 3, 4, 5], "cam_channels": ["CAM_FRONT_LEFT", "CAM_FRONT", "CAM_FRONT_RIGHT", "CAM_BACK_LEFT", "CAM_BACK", "CAM_BACK_RIGHT"], "token": "c6a8eb8aae4141cb98801bea4d2b7e83", "scene": "scene-1014"}, {"images": ["samples/CAM_FRONT_LEFT/n015-2018-11-14-19-09-14+0800__CAM_FRONT_LEFT__1542193854654844.jpg", "samples/CAM_FRONT/n015-2018-11-14-19-09-14+0800__CAM_FRONT__1542193854662460.jpg", "samples/CAM_FRONT_RIGHT/n015-2018-11-14-19-09-14+0800__CAM_FRONT_RIGHT__1542193854670339.jpg", "samples/CAM_BACK_LEFT/n015-2018-11-14-19-09-14+0800__CAM_BACK_LEFT__1542193854697423.jpg", "samples/CAM_BACK/n015-2018-11-14-19-09-14+0800__CAM_BACK__1542193854687525.jpg", "samples/CAM_BACK_RIGHT/n015-2018-11-14-19-09-14+0800__CAM_BACK_RIGHT__1542193854677893.jpg"], "intrinsics": [[[1272.5979470598488, 0.0, 826.6154927353808], [0.0, 1272.5979470598488, 479.75165386361925], [0.0, 0.0, 1.0]], [[1266.417203046554, 0.0, 816.2670197447984], [0.0, 1266.417203046554, 491.50706579294757], [0.0, 0.0, 1.0]], [[1260.8474446004698, 0.0, 807.968244525554], [0.0, 1260.8474446004698, 495.3344268742088], [0.0, 0.0, 1.0]], [[1256.7414812095406, 0.0, 792.1125740759628], [0.0, 1256.7414812095406, 492.7757465151356], [0.0, 0.0, 1.0]], [[809.2209905677063, 0.0, 829.2196003259838], [0.0, 809.2209905677063, 481.77842384512485], [0.0, 0.0, 1.0]], [[1259.5137405846733, 0.0, 807.2529053838625], [0.0, 1259.5137405846733, 501.19579884916527], [0.0, 0.0, 1.0]]], "extrinsics": [[[0.8207417130470276, -0.5711747407913208, -0.011936874128878117, -0.6939697265625], [0.0061198133043944836, 0.02968299575150013, -0.9995406270027161, 1.510223388671875], [0.5712665915489197, 0.8202916383743286, 0.027857551351189613, -1.0931396484375], [0.0, 0.0, 0.0, 1.0]], [[0.005636869929730892, -0.9996575117111206, -0.025557080283761024, 0.007568359375], [0.0007056068279780447, 0.025561457499861717, -0.9996730089187622, 1.5206985473632812], [0.9999839067459106, 0.005617010872811079, 0.0008494525100104511, -1.42205810546875], [0.0, 0.0, 0.0, 1.0]], [[-0.8328882455825806, -0.5526919364929199, -0.028790144249796867, 0.8585205078125], [0.006204940844327211, 0.042691633105278015, -0.9990690350532532, 1.5049057006835938], [0.5534064173698425, -0.8322914838790894, -0.03212793543934822, -1.1322021484375], [0.0, 0.0, 0.0, 1.0]], [[0.947722315788269, 0.3186156749725342, 0.017509758472442627, -1.14117431640625], [0.014420994557440281, 0.012050782330334187, -0.9998233318328857, 1.5885734558105469], [-0.3187703788280487, 0.9478074312210083, 0.006826040334999561, -0.103759765625], [0.0, 0.0, 0.0, 1.0]], [[0.0024857406970113516, 0.9997516870498657, 0.02214602194726467, 0.0028076171875], [-0.010829907841980457, 0.022171707823872566, -0.9996955394744873, 1.578521728515625], [-0.9999382495880127, 0.0022451605182141066, 0.010882330127060413, -0.07511138916015625], [0.0, 0.0, 0.0, 1.0]], [[-0.9346678853034973, 0.35544976592063904, -0.007166140712797642, 0.99481201171875], [0.021961115300655365, 0.037605904042720795, -0.9990513324737549, 1.55474853515625], [-0.35484305024147034, -0.9339386224746704, -0.042955104261636734, -0.11669921875], [0.0, 0.0, 0.0, 1.0]]], "view": [[0.0, -2.0, 100.0], [-2.0, 0.0, 100.0], [0.0, 0.0, 1.0]], "bev": "bev_837280af674449b090a531ac4fa40894.png", "aux": "aux_837280af674449b090a531ac4fa40894.npz", "visibility": "visibility_837280af674449b090a531ac4fa40894.png", "pose": [[-0.8481124043464661, -0.5298163890838623, 0.0, 1088.06005859375], [0.5298163890838623, -0.8481124043464661, 0.0, 1702.7406005859375], [0.0, 0.0, 1.0, 0.0], [0.0, 0.0, 0.0, 1.0]], "pose_inverse": [[-0.8481124043464661, 0.5298163890838623, 0.0, 20.65736961364746], [-0.5298163890838623, -0.8481124043464661, 0.0, 2020.58740234375], [0.0, 0.0, 1.0, 0.0], [0.0, 0.0, 0.0, 1.0]], "cam_ids": [0, 1, 2, 3, 4, 5], "cam_channels": ["CAM_FRONT_LEFT", "CAM_FRONT", "CAM_FRONT_RIGHT", "CAM_BACK_LEFT", "CAM_BACK", "CAM_BACK_RIGHT"], "token": "837280af674449b090a531ac4fa40894", "scene": "scene-1014"}, {"images": ["samples/CAM_FRONT_LEFT/n015-2018-11-14-19-09-14+0800__CAM_FRONT_LEFT__1542193855154844.jpg", "samples/CAM_FRONT/n015-2018-11-14-19-09-14+0800__CAM_FRONT__1542193855162460.jpg", "samples/CAM_FRONT_RIGHT/n015-2018-11-14-19-09-14+0800__CAM_FRONT_RIGHT__1542193855170339.jpg", "samples/CAM_BACK_LEFT/n015-2018-11-14-19-09-14+0800__CAM_BACK_LEFT__1542193855197423.jpg", "samples/CAM_BACK/n015-2018-11-14-19-09-14+0800__CAM_BACK__1542193855187525.jpg", "samples/CAM_BACK_RIGHT/n015-2018-11-14-19-09-14+0800__CAM_BACK_RIGHT__1542193855177893.jpg"], "intrinsics": [[[1272.5979470598488, 0.0, 826.6154927353808], [0.0, 1272.5979470598488, 479.75165386361925], [0.0, 0.0, 1.0]], [[1266.417203046554, 0.0, 816.2670197447984], [0.0, 1266.417203046554, 491.50706579294757], [0.0, 0.0, 1.0]], [[1260.8474446004698, 0.0, 807.968244525554], [0.0, 1260.8474446004698, 495.3344268742088], [0.0, 0.0, 1.0]], [[1256.7414812095406, 0.0, 792.1125740759628], [0.0, 1256.7414812095406, 492.7757465151356], [0.0, 0.0, 1.0]], [[809.2209905677063, 0.0, 829.2196003259838], [0.0, 809.2209905677063, 481.77842384512485], [0.0, 0.0, 1.0]], [[1259.5137405846733, 0.0, 807.2529053838625], [0.0, 1259.5137405846733, 501.19579884916527], [0.0, 0.0, 1.0]]], "extrinsics": [[[0.8210324645042419, -0.5706791877746582, -0.015200246125459671, -0.6904296875], [0.0008190975640900433, 0.027803489938378334, -0.9996131062507629, 1.5084190368652344], [0.5708808898925781, 0.8207023739814758, 0.023295007646083832, -1.093994140625], [0.0, 0.0, 0.0, 1.0]], [[0.006046720314770937, -0.9997008442878723, -0.023697659373283386, 0.0096435546875], [-0.0043946909718215466, 0.02367129921913147, -0.999710202217102, 1.5192642211914062], [0.9999720454216003, 0.0061490763910114765, -0.004250242840498686, -1.4194364547729492], [0.0, 0.0, 0.0, 1.0]], [[-0.8327752351760864, -0.5531048774719238, -0.023669952526688576, 0.8570556640625], [0.0013159364461898804, 0.04077773541212082, -0.9991673231124878, 1.5038299560546875], [0.5536096096038818, -0.8321129679679871, -0.03323083370923996, -1.12939453125], [0.0, 0.0, 0.0, 1.0]], [[0.9478666186332703, 0.31840354204177856, 0.012964393943548203, -1.13970947265625], [0.010329571552574635, 0.00996220763772726, -0.9998970031738281, 1.5885887145996094], [-0.3184998631477356, 0.9479029774665833, 0.0061538731679320335, -0.1036376953125], [0.0, 0.0, 0.0, 1.0]], [[0.0025141953956335783, 0.9997943043708801, 0.020125556737184525, 0.0025634765625], [-0.015207833610475063, 0.020161520689725876, -0.9996811151504517, 1.5781478881835938], [-0.9998810887336731, 0.002207355108112097, 0.015255395323038101, -0.07712343335151672], [0.0, 0.0, 0.0, 1.0]], [[-0.9348134994506836, 0.3551214933395386, -0.0035027344711124897, 0.9920654296875], [0.01728801056742668, 0.03565281629562378, -0.9992147088050842, 1.554046630859375], [-0.35471776127815247, -0.9341400265693665, -0.039468079805374146, -0.1165771484375], [0.0, 0.0, 0.0, 1.0]]], "view": [[0.0, -2.0, 100.0], [-2.0, 0.0, 100.0], [0.0, 0.0, 1.0]], "bev": "bev_3beacb8d668645149114401c2f6d7afa.png", "aux": "aux_3beacb8d668645149114401c2f6d7afa.npz", "visibility": "visibility_3beacb8d668645149114401c2f6d7afa.png", "pose": [[-0.8447558879852295, -0.5351518392562866, 0.0, 1084.845947265625], [0.5351518392562866, -0.8447558879852295, 0.0, 1704.808349609375], [0.0, 0.0, 1.0, 0.0], [0.0, 0.0, 0.0, 1.0]], "pose_inverse": [[-0.8447558879852295, 0.5351518392562866, 0.0, 4.098653793334961], [-0.5351518392562866, -0.8447558879852295, 0.0, 2020.7042236328125], [0.0, 0.0, 1.0, 0.0], [0.0, 0.0, 0.0, 1.0]], "cam_ids": [0, 1, 2, 3, 4, 5], "cam_channels": ["CAM_FRONT_LEFT", "CAM_FRONT", "CAM_FRONT_RIGHT", "CAM_BACK_LEFT", "CAM_BACK", "CAM_BACK_RIGHT"], "token": "3beacb8d668645149114401c2f6d7afa", "scene": "scene-1014"}, {"images": ["samples/CAM_FRONT_LEFT/n015-2018-11-14-19-09-14+0800__CAM_FRONT_LEFT__1542193855654844.jpg", "samples/CAM_FRONT/n015-2018-11-14-19-09-14+0800__CAM_FRONT__1542193855662460.jpg", "samples/CAM_FRONT_RIGHT/n015-2018-11-14-19-09-14+0800__CAM_FRONT_RIGHT__1542193855670343.jpg", "samples/CAM_BACK_LEFT/n015-2018-11-14-19-09-14+0800__CAM_BACK_LEFT__1542193855697423.jpg", "samples/CAM_BACK/n015-2018-11-14-19-09-14+0800__CAM_BACK__1542193855687525.jpg", "samples/CAM_BACK_RIGHT/n015-2018-11-14-19-09-14+0800__CAM_BACK_RIGHT__1542193855677893.jpg"], "intrinsics": [[[1272.5979470598488, 0.0, 826.6154927353808], [0.0, 1272.5979470598488, 479.75165386361925], [0.0, 0.0, 1.0]], [[1266.417203046554, 0.0, 816.2670197447984], [0.0, 1266.417203046554, 491.50706579294757], [0.0, 0.0, 1.0]], [[1260.8474446004698, 0.0, 807.968244525554], [0.0, 1260.8474446004698, 495.3344268742088], [0.0, 0.0, 1.0]], [[1256.7414812095406, 0.0, 792.1125740759628], [0.0, 1256.7414812095406, 492.7757465151356], [0.0, 0.0, 1.0]], [[809.2209905677063, 0.0, 829.2196003259838], [0.0, 809.2209905677063, 481.77842384512485], [0.0, 0.0, 1.0]], [[1259.5137405846733, 0.0, 807.2529053838625], [0.0, 1259.5137405846733, 501.19579884916527], [0.0, 0.0, 1.0]]], "extrinsics": [[[0.8209205865859985, -0.5709329843521118, -0.011176216416060925, -0.682861328125], [0.005470036994665861, 0.02743283472955227, -0.9996086359024048, 1.509979248046875], [0.5710161328315735, 0.8205382823944092, 0.025643203407526016, -1.090087890625], [0.0, 0.0, 0.0, 1.0]], [[0.005708065815269947, -0.9997122287750244, -0.023295553401112556, 0.0103759765625], [0.00017236995336133987, 0.023296916857361794, -0.9997285604476929, 1.5204887390136719], [0.9999836683273315, 0.005702444817870855, 0.00030530159710906446, -1.4108200073242188], [0.0, 0.0, 0.0, 1.0]], [[-0.8329854011535645, -0.5526273846626282, -0.02717147395014763, 0.8505859375], [0.005793724674731493, 0.040393855422735214, -0.9991670250892639, 1.5047988891601562], [0.5532646179199219, -0.8324489593505859, -0.03044571913778782, -1.1239013671875], [0.0, 0.0, 0.0, 1.0]], [[0.9477545022964478, 0.3185633420944214, 0.01669911853969097, -1.13616943359375], [0.014389298856258392, 0.009602791629731655, -0.999850332736969, 1.5886459350585938], [-0.3186759948730469, 0.9478529691696167, 0.004517188295722008, -0.10595703125], [0.0, 0.0, 0.0, 1.0]], [[0.0027713722083717585, 0.9998011589050293, 0.019749222323298454, 0.001708984375], [-0.010986948385834694, 0.019778547808527946, -0.9997439980506897, 1.5783920288085938], [-0.9999358057975769, 0.0025536941830068827, 0.011039573699235916, -0.08366584777832031], [0.0, 0.0, 0.0, 1.0]], [[-0.934533953666687, 0.3557906448841095, -0.007708302233368158, 0.9837646484375], [0.021662717685103416, 0.03525343909859657, -0.9991436004638672, 1.5548782348632812], [-0.35521426796913147, -0.9339005351066589, -0.04065293073654175, -0.118896484375], [0.0, 0.0, 0.0, 1.0]]], "view": [[0.0, -2.0, 100.0], [-2.0, 0.0, 100.0], [0.0, 0.0, 1.0]], "bev": "bev_788a0c1ae8704292a6d3467100956031.png", "aux": "aux_788a0c1ae8704292a6d3467100956031.npz", "visibility": "visibility_788a0c1ae8704292a6d3467100956031.png", "pose": [[-0.839681088924408, -0.5430797934532166, 0.0, 1081.5694580078125], [0.5430797934532166, -0.839681088924408, 0.0, 1706.968994140625], [0.0, 0.0, 1.0, 0.0], [0.0, 0.0, 0.0, 1.0]], "pose_inverse": [[-0.839681088924408, 0.5430797934532166, 0.0, -18.84688377380371], [-0.5430797934532166, -0.839681088924408, 0.0, 2020.6881103515625], [0.0, 0.0, 1.0, 0.0], [0.0, 0.0, 0.0, 1.0]], "cam_ids": [0, 1, 2, 3, 4, 5], "cam_channels": ["CAM_FRONT_LEFT", "CAM_FRONT", "CAM_FRONT_RIGHT", "CAM_BACK_LEFT", "CAM_BACK", "CAM_BACK_RIGHT"], "token": "788a0c1ae8704292a6d3467100956031", "scene": "scene-1014"}, {"images": ["samples/CAM_FRONT_LEFT/n015-2018-11-14-19-09-14+0800__CAM_FRONT_LEFT__1542193856154844.jpg", "samples/CAM_FRONT/n015-2018-11-14-19-09-14+0800__CAM_FRONT__1542193856162460.jpg", "samples/CAM_FRONT_RIGHT/n015-2018-11-14-19-09-14+0800__CAM_FRONT_RIGHT__1542193856170339.jpg", "samples/CAM_BACK_LEFT/n015-2018-11-14-19-09-14+0800__CAM_BACK_LEFT__1542193856197423.jpg", "samples/CAM_BACK/n015-2018-11-14-19-09-14+0800__CAM_BACK__1542193856187525.jpg", "samples/CAM_BACK_RIGHT/n015-2018-11-14-19-09-14+0800__CAM_BACK_RIGHT__1542193856177903.jpg"], "intrinsics": [[[1272.5979470598488, 0.0, 826.6154927353808], [0.0, 1272.5979470598488, 479.75165386361925], [0.0, 0.0, 1.0]], [[1266.417203046554, 0.0, 816.2670197447984], [0.0, 1266.417203046554, 491.50706579294757], [0.0, 0.0, 1.0]], [[1260.8474446004698, 0.0, 807.968244525554], [0.0, 1260.8474446004698, 495.3344268742088], [0.0, 0.0, 1.0]], [[1256.7414812095406, 0.0, 792.1125740759628], [0.0, 1256.7414812095406, 492.7757465151356], [0.0, 0.0, 1.0]], [[809.2209905677063, 0.0, 829.2196003259838], [0.0, 809.2209905677063, 481.77842384512485], [0.0, 0.0, 1.0]], [[1259.5137405846733, 0.0, 807.2529053838625], [0.0, 1259.5137405846733, 501.19579884916527], [0.0, 0.0, 1.0]]], "extrinsics": [[[0.821128785610199, -0.5706431865692139, -0.010665927082300186, -0.6832275390625], [0.0036619731690734625, 0.023954980075359344, -0.9997063279151917, 1.5093917846679688], [0.5707311630249023, 0.8208485841751099, 0.02175980620086193, -1.089599609375], [0.0, 0.0, 0.0, 1.0]], [[0.00618722615763545, -0.9997825622558594, -0.01990928314626217, 0.0103759765625], [-0.0016170000890269876, 0.019899636507034302, -0.9998006820678711, 1.5200119018554688], [0.9999794960021973, 0.006218147464096546, -0.001493524992838502, -1.4112319946289062], [0.0, 0.0, 0.0, 1.0]], [[-0.8326753377914429, -0.5532459020614624, -0.023889394477009773, 0.8507080078125], [0.004024149850010872, 0.037093713879585266, -0.9993036985397339, 1.5044326782226562], [0.5537468194961548, -0.8321915864944458, -0.02866067923605442, -1.124755859375], [0.0, 0.0, 0.0, 1.0]], [[0.9476457834243774, 0.3190041184425354, 0.014271657913923264, -1.129638671875], [0.012847896665334702, 0.006567046511918306, -0.9998959302902222, 1.5887231826782227], [-0.3190646767616272, 0.947730541229248, 0.0021247032564133406, -0.10791015625], [0.0, 0.0, 0.0, 1.0]], [[0.0021777977235615253, 0.9998593926429749, 0.01662646047770977, 0.0018310546875], [-0.012609168887138367, 0.016652634367346764, -0.9997818470001221, 1.5782279968261719], [-0.9999181628227234, 0.001967711839824915, 0.012643660418689251, -0.0862884521484375], [0.0, 0.0, 0.0, 1.0]], [[-0.9348164796829224, 0.3550565540790558, -0.007277514319866896, 0.98480224609375], [0.01995045877993107, 0.03204471990466118, -0.9992873072624207, 1.5546035766601562], [-0.3545703589916229, -0.9342954158782959, -0.03703947365283966, -0.118896484375], [0.0, 0.0, 0.0, 1.0]]], "view": [[0.0, -2.0, 100.0], [-2.0, 0.0, 100.0], [0.0, 0.0, 1.0]], "bev": "bev_99101df965dc45169ae3f0d8c9185990.png", "aux": "aux_99101df965dc45169ae3f0d8c9185990.npz", "visibility": "visibility_99101df965dc45169ae3f0d8c9185990.png", "pose": [[-0.8363831639289856, -0.5481451749801636, 0.0, 1078.3248291015625], [0.5481451749801636, -0.8363831639289856, 0.0, 1709.130859375], [0.0, 0.0, 1.0, 0.0], [0.0, 0.0, 0.0, 1.0]], "pose_inverse": [[-0.8363831639289856, 0.5481451749801636, 0.0, -34.959102630615234], [-0.5481451749801636, -0.8363831639289856, 0.0, 2020.56689453125], [0.0, 0.0, 1.0, 0.0], [0.0, 0.0, 0.0, 1.0]], "cam_ids": [0, 1, 2, 3, 4, 5], "cam_channels": ["CAM_FRONT_LEFT", "CAM_FRONT", "CAM_FRONT_RIGHT", "CAM_BACK_LEFT", "CAM_BACK", "CAM_BACK_RIGHT"], "token": "99101df965dc45169ae3f0d8c9185990", "scene": "scene-1014"}, {"images": ["samples/CAM_FRONT_LEFT/n015-2018-11-14-19-09-14+0800__CAM_FRONT_LEFT__1542193856654844.jpg", "samples/CAM_FRONT/n015-2018-11-14-19-09-14+0800__CAM_FRONT__1542193856662460.jpg", "samples/CAM_FRONT_RIGHT/n015-2018-11-14-19-09-14+0800__CAM_FRONT_RIGHT__1542193856670339.jpg", "samples/CAM_BACK_LEFT/n015-2018-11-14-19-09-14+0800__CAM_BACK_LEFT__1542193856697423.jpg", "samples/CAM_BACK/n015-2018-11-14-19-09-14+0800__CAM_BACK__1542193856687525.jpg", "samples/CAM_BACK_RIGHT/n015-2018-11-14-19-09-14+0800__CAM_BACK_RIGHT__1542193856677893.jpg"], "intrinsics": [[[1272.5979470598488, 0.0, 826.6154927353808], [0.0, 1272.5979470598488, 479.75165386361925], [0.0, 0.0, 1.0]], [[1266.417203046554, 0.0, 816.2670197447984], [0.0, 1266.417203046554, 491.50706579294757], [0.0, 0.0, 1.0]], [[1260.8474446004698, 0.0, 807.968244525554], [0.0, 1260.8474446004698, 495.3344268742088], [0.0, 0.0, 1.0]], [[1256.7414812095406, 0.0, 792.1125740759628], [0.0, 1256.7414812095406, 492.7757465151356], [0.0, 0.0, 1.0]], [[809.2209905677063, 0.0, 829.2196003259838], [0.0, 809.2209905677063, 481.77842384512485], [0.0, 0.0, 1.0]], [[1259.5137405846733, 0.0, 807.2529053838625], [0.0, 1259.5137405846733, 501.19579884916527], [0.0, 0.0, 1.0]]], "extrinsics": [[[0.8212001323699951, -0.5705086588859558, -0.012251538224518299, -0.680908203125], [0.0018782933475449681, 0.02417209930717945, -0.9997060298919678, 1.5088119506835938], [0.570637047290802, 0.820935845375061, 0.02092171646654606, -1.0870361328125], [0.0, 0.0, 0.0, 1.0]], [[0.006299016065895557, -0.999777615070343, -0.02012520097196102, 0.009521484375], [-0.0034413510002195835, 0.020103810355067253, -0.9997919797897339, 1.519500732421875], [0.9999741911888123, 0.006366979330778122, -0.0033139504957944155, -1.4084281921386719], [0.0, 0.0, 0.0, 1.0]], [[-0.8326517939567566, -0.5533416867256165, -0.022447284311056137, 0.848876953125], [0.0021565433125942945, 0.03729335218667984, -0.9993019700050354, 1.5040435791015625], [0.5537925958633423, -0.8321190476417542, -0.029859071597456932, -1.1239013671875], [0.0, 0.0, 0.0, 1.0]], [[0.9476611614227295, 0.31903666257858276, 0.012406985275447369, -1.12860107421875], [0.010780703276395798, 0.006862906739115715, -0.9999183416366577, 1.5887088775634766], [-0.3190956711769104, 0.9477174878120422, 0.0030642698984593153, -0.1077880859375], [0.0, 0.0, 0.0, 1.0]], [[0.002155065070837736, 0.9998553991317749, 0.0168698038905859, 0.0023193359375], [-0.014619449153542519, 0.01689954102039337, -0.9997503757476807, 1.5780448913574219], [-0.9998907446861267, 0.0019079112680628896, 0.01465375442057848, -0.08710098266601562], [0.0, 0.0, 0.0, 1.0]], [[-0.9348620772361755, 0.35496991872787476, -0.005406450014561415, 0.983642578125], [0.018030241131782532, 0.03226479887962341, -0.9993167519569397, 1.5543365478515625], [-0.35455283522605896, -0.934320867061615, -0.03656333312392235, -0.11962890625], [0.0, 0.0, 0.0, 1.0]]], "view": [[0.0, -2.0, 100.0], [-2.0, 0.0, 100.0], [0.0, 0.0, 1.0]], "bev": "bev_a7b3b293e5364e15a6fa86e72a2fc99a.png", "aux": "aux_a7b3b293e5364e15a6fa86e72a2fc99a.npz", "visibility": "visibility_a7b3b293e5364e15a6fa86e72a2fc99a.png", "pose": [[-0.8334547877311707, -0.552587628364563, 0.0, 1075.17919921875], [0.552587628364563, -0.8334547877311707, 0.0, 1711.2698974609375], [0.0, 0.0, 1.0, 0.0], [0.0, 0.0, 0.0, 1.0]], "pose_inverse": [[-0.8334547877311707, 0.552587628364563, 0.0, -49.51327896118164], [-0.552587628364563, -0.8334547877311707, 0.0, 2020.3968505859375], [0.0, 0.0, 1.0, 0.0], [0.0, 0.0, 0.0, 1.0]], "cam_ids": [0, 1, 2, 3, 4, 5], "cam_channels": ["CAM_FRONT_LEFT", "CAM_FRONT", "CAM_FRONT_RIGHT", "CAM_BACK_LEFT", "CAM_BACK", "CAM_BACK_RIGHT"], "token": "a7b3b293e5364e15a6fa86e72a2fc99a", "scene": "scene-1014"}, {"images": ["samples/CAM_FRONT_LEFT/n015-2018-11-14-19-09-14+0800__CAM_FRONT_LEFT__1542193857154844.jpg", "samples/CAM_FRONT/n015-2018-11-14-19-09-14+0800__CAM_FRONT__1542193857162460.jpg", "samples/CAM_FRONT_RIGHT/n015-2018-11-14-19-09-14+0800__CAM_FRONT_RIGHT__1542193857170339.jpg", "samples/CAM_BACK_LEFT/n015-2018-11-14-19-09-14+0800__CAM_BACK_LEFT__1542193857197423.jpg", "samples/CAM_BACK/n015-2018-11-14-19-09-14+0800__CAM_BACK__1542193857187525.jpg", "samples/CAM_BACK_RIGHT/n015-2018-11-14-19-09-14+0800__CAM_BACK_RIGHT__1542193857177893.jpg"], "intrinsics": [[[1272.5979470598488, 0.0, 826.6154927353808], [0.0, 1272.5979470598488, 479.75165386361925], [0.0, 0.0, 1.0]], [[1266.417203046554, 0.0, 816.2670197447984], [0.0, 1266.417203046554, 491.50706579294757], [0.0, 0.0, 1.0]], [[1260.8474446004698, 0.0, 807.968244525554], [0.0, 1260.8474446004698, 495.3344268742088], [0.0, 0.0, 1.0]], [[1256.7414812095406, 0.0, 792.1125740759628], [0.0, 1256.7414812095406, 492.7757465151356], [0.0, 0.0, 1.0]], [[809.2209905677063, 0.0, 829.2196003259838], [0.0, 809.2209905677063, 481.77842384512485], [0.0, 0.0, 1.0]], [[1259.5137405846733, 0.0, 807.2529053838625], [0.0, 1259.5137405846733, 501.19579884916527], [0.0, 0.0, 1.0]]], "extrinsics": [[[0.8208967447280884, -0.5709019303321838, -0.01412466261535883, -0.6806640625], [-0.00023550547484774143, 0.024394966661930084, -0.9997023940086365, 1.5080833435058594], [0.5710765719413757, 0.8206557631492615, 0.019891297444701195, -1.086669921875], [0.0, 0.0, 0.0, 1.0]], [[0.005793706048280001, -0.9997753500938416, -0.020390599966049194, 0.0096435546875], [-0.005486996844410896, 0.020358849316835403, -0.9997776746749878, 1.5189132690429688], [0.9999682307243347, 0.0059043713845312595, -0.005367810372263193, -1.4073448181152344], [0.0, 0.0, 0.0, 1.0]], [[-0.8328961730003357, -0.5530321002006531, -0.020962050184607506, 0.8472900390625], [0.00018610853294376284, 0.037596769630908966, -0.9992929100990295, 1.5036087036132812], [0.5534291863441467, -0.8323112726211548, -0.031211281195282936, -1.122802734375], [0.0, 0.0, 0.0, 1.0]], [[0.947792112827301, 0.31870049238204956, 0.010959059931337833, -1.13067626953125], [0.009099040180444717, 0.007324472069740295, -0.9999317526817322, 1.588663101196289], [-0.318759024143219, 0.9478272199630737, 0.004042208194732666, -0.1077880859375], [0.0, 0.0, 0.0, 1.0]], [[0.00247203535400331, 0.9998475313186646, 0.017287712544202805, 0.0020751953125], [-0.0164143