[{"images": ["samples/CAM_FRONT_LEFT/n015-2018-11-21-19-11-29+0800__CAM_FRONT_LEFT__1542798711604844.jpg", "samples/CAM_FRONT/n015-2018-11-21-19-11-29+0800__CAM_FRONT__1542798711612460.jpg", "samples/CAM_FRONT_RIGHT/n015-2018-11-21-19-11-29+0800__CAM_FRONT_RIGHT__1542798711620339.jpg", "samples/CAM_BACK_LEFT/n015-2018-11-21-19-11-29+0800__CAM_BACK_LEFT__1542798711647423.jpg", "samples/CAM_BACK/n015-2018-11-21-19-11-29+0800__CAM_BACK__1542798711637525.jpg", "samples/CAM_BACK_RIGHT/n015-2018-11-21-19-11-29+0800__CAM_BACK_RIGHT__1542798711627893.jpg"], "intrinsics": [[[1272.5979470598488, 0.0, 826.6154927353808], [0.0, 1272.5979470598488, 479.75165386361925], [0.0, 0.0, 1.0]], [[1266.417203046554, 0.0, 816.2670197447984], [0.0, 1266.417203046554, 491.50706579294757], [0.0, 0.0, 1.0]], [[1260.8474446004698, 0.0, 807.968244525554], [0.0, 1260.8474446004698, 495.3344268742088], [0.0, 0.0, 1.0]], [[1256.7414812095406, 0.0, 792.1125740759628], [0.0, 1256.7414812095406, 492.7757465151356], [0.0, 0.0, 1.0]], [[809.2209905677063, 0.0, 829.2196003259838], [0.0, 809.2209905677063, 481.77842384512485], [0.0, 0.0, 1.0]], [[1259.5137405846733, 0.0, 807.2529053838625], [0.0, 1259.5137405846733, 501.19579884916527], [0.0, 0.0, 1.0]]], "extrinsics": [[[0.8207067251205444, -0.5713104009628296, 0.00669401278719306, -0.95556640625], [0.0017894243355840445, -0.009145867079496384, -0.9999565482139587, 1.5082721710205078], [0.5713468790054321, 0.8206831216812134, -0.006483758334070444, -1.2744140625], [0.0, 0.0, 0.0, 1.0]], [[0.005593946203589439, -0.9998971223831177, 0.013204766437411308, 0.005615234375], [-0.0034774476662278175, -0.013224344700574875, -0.9999065399169922, 1.5205078125], [0.999978244304657, 0.005547543987631798, -0.0035510677844285965, -1.6832275390625], [0.0, 0.0, 0.0, 1.0]], [[-0.8329529166221619, -0.5533292293548584, -0.004011610988527536, 1.026641845703125], [0.0021801732946187258, 0.003967959433794022, -0.9999897480010986, 1.5036592483520508], [0.5533394813537598, -0.832953155040741, -0.0020987684838473797, -1.24462890625], [0.0, 0.0, 0.0, 1.0]], [[0.9477656483650208, 0.3189619183540344, 0.0018679220229387283, -1.142242431640625], [0.01086418516933918, -0.02642804943025112, -0.9995916485786438, 1.5885581970214844], [-0.31878232955932617, 0.9473989605903625, -0.0285128615796566, -0.103759765625], [0.0, 0.0, 0.0, 1.0]], [[0.0024924741592258215, 0.9998618364334106, -0.016433700919151306, 0.0028076171875], [-0.014542222954332829, -0.016395771875977516, -0.9997598528862, 1.5793209075927734], [-0.9998911619186401, 0.0027308918070048094, 0.014499345794320107, -0.0006103515625], [0.0, 0.0, 0.0, 1.0]], [[-0.9347234964370728, 0.3549555838108063, -0.01727578602731228, 1.1314697265625], [0.01807851903140545, -0.0010551668237894773, -0.9998360276222229, 1.5515422821044922], [-0.35491570830345154, -0.9348825812339783, -0.00543078500777483, -0.0653076171875], [0.0, 0.0, 0.0, 1.0]]], "view": [[0.0, -2.0, 100.0], [-2.0, 0.0, 100.0], [0.0, 0.0, 1.0]], "bev": "bev_868df7e780084ba8b680462296b3c0e2.png", "aux": "aux_868df7e780084ba8b680462296b3c0e2.npz", "visibility": "visibility_868df7e780084ba8b680462296b3c0e2.png", "pose": [[-0.7368337512016296, -0.6760739684104919, 0.0, 625.9338989257812], [0.6760739684104919, -0.7368337512016296, 0.0, 1972.0885009765625], [0.0, 0.0, 1.0, 0.0], [0.0, 0.0, 0.0, 1.0]], "pose_inverse": [[-0.7368337512016296, 0.6760739684104919, 0.0, -872.0684204101562], [-0.6760739684104919, -0.7368337512016296, 0.0, 1876.279052734375], [0.0, 0.0, 1.0, 0.0], [0.0, 0.0, 0.0, 1.0]], "cam_ids": [0, 1, 2, 3, 4, 5], "cam_channels": ["CAM_FRONT_LEFT", "CAM_FRONT", "CAM_FRONT_RIGHT", "CAM_BACK_LEFT", "CAM_BACK", "CAM_BACK_RIGHT"], "token": "868df7e780084ba8b680462296b3c0e2", "scene": "scene-1045"}, {"images": ["samples/CAM_FRONT_LEFT/n015-2018-11-21-19-11-29+0800__CAM_FRONT_LEFT__1542798712104844.jpg", "samples/CAM_FRONT/n015-2018-11-21-19-11-29+0800__CAM_FRONT__1542798712112460.jpg", "samples/CAM_FRONT_RIGHT/n015-2018-11-21-19-11-29+0800__CAM_FRONT_RIGHT__1542798712120339.jpg", "samples/CAM_BACK_LEFT/n015-2018-11-21-19-11-29+0800__CAM_BACK_LEFT__1542798712147423.jpg", "samples/CAM_BACK/n015-2018-11-21-19-11-29+0800__CAM_BACK__1542798712137525.jpg", "samples/CAM_BACK_RIGHT/n015-2018-11-21-19-11-29+0800__CAM_BACK_RIGHT__1542798712127893.jpg"], "intrinsics": [[[1272.5979470598488, 0.0, 826.6154927353808], [0.0, 1272.5979470598488, 479.75165386361925], [0.0, 0.0, 1.0]], [[1266.417203046554, 0.0, 816.2670197447984], [0.0, 1266.417203046554, 491.50706579294757], [0.0, 0.0, 1.0]], [[1260.8474446004698, 0.0, 807.968244525554], [0.0, 1260.8474446004698, 495.3344268742088], [0.0, 0.0, 1.0]], [[1256.7414812095406, 0.0, 792.1125740759628], [0.0, 1256.7414812095406, 492.7757465151356], [0.0, 0.0, 1.0]], [[809.2209905677063, 0.0, 829.2196003259838], [0.0, 809.2209905677063, 481.77842384512485], [0.0, 0.0, 1.0]], [[1259.5137405846733, 0.0, 807.2529053838625], [0.0, 1259.5137405846733, 501.19579884916527], [0.0, 0.0, 1.0]]], "extrinsics": [[[0.8206879496574402, -0.5713086128234863, 0.008820828050374985, -0.96240234375], [0.004105615429580212, -0.009541118517518044, -0.9999460577964783, 1.5082626342773438], [0.5713618993759155, 0.8206799030303955, -0.005484707187861204, -1.27880859375], [0.0, 0.0, 0.0, 1.0]], [[0.0055745914578437805, -0.9998918175697327, 0.013611934147775173, 0.00537109375], [-0.001030528568662703, -0.013617883436381817, -0.9999067783355713, 1.5205326080322266], [0.9999839067459106, 0.005560034420341253, -0.001106330775655806, -1.69000244140625], [0.0, 0.0, 0.0, 1.0]], [[-0.8329282999038696, -0.5533488392829895, -0.0059455931186676025, 1.030731201171875], [0.004762187134474516, 0.0035762737970799208, -0.9999822378158569, 1.5036540031433105], [0.5533604025840759, -0.8329418897628784, -0.00034362837322987616, -1.247314453125], [0.0, 0.0, 0.0, 1.0]], [[0.9477555155754089, 0.31896305084228516, 0.004689157009124756, -1.14227294921875], [0.013983591459691525, -0.026855841279029846, -0.9995414614677429, 1.5885543823242188], [-0.31869080662727356, 0.9473865628242493, -0.02991301938891411, -0.103759765625], [0.0, 0.0, 0.0, 1.0]], [[0.0025211365427821875, 0.9998552203178406, -0.016829838976264, 0.0029296875], [-0.011632183566689491, -0.016799433156847954, -0.9997912049293518, 1.5793514251708984], [-0.9999291896820068, 0.0027163412887603045, 0.01158814411610365, 0.001220703125], [0.0, 0.0, 0.0, 1.0]], [[-0.934680700302124, 0.3549278974533081, -0.019956858828663826, 1.1346435546875], [0.020797790959477425, -0.0014460081001743674, -0.9997826814651489, 1.5514774322509766], [-0.35487958788871765, -0.9348926544189453, -0.006030160002410412, -0.0638427734375], [0.0, 0.0, 0.0, 1.0]]], "view": [[0.0, -2.0, 100.0], [-2.0, 0.0, 100.0], [0.0, 0.0, 1.0]], "bev": "bev_c9f743c74b864ee2b019cfb6424de376.png", "aux": "aux_c9f743c74b864ee2b019cfb6424de376.npz", "visibility": "visibility_c9f743c74b864ee2b019cfb6424de376.png", "pose": [[-0.7373486161231995, -0.675512433052063, 0.0, 625.8910522460938], [0.675512433052063, -0.7373486161231995, 0.0, 1972.1339111328125], [0.0, 0.0, 1.0, 0.0], [0.0, 0.0, 0.0, 1.0]], "pose_inverse": [[-0.7373486161231995, 0.675512433052063, 0.0, -870.7010498046875], [-0.675512433052063, -0.7373486161231995, 0.0, 1876.9473876953125], [0.0, 0.0, 1.0, 0.0], [0.0, 0.0, 0.0, 1.0]], "cam_ids": [0, 1, 2, 3, 4, 5], "cam_channels": ["CAM_FRONT_LEFT", "CAM_FRONT", "CAM_FRONT_RIGHT", "CAM_BACK_LEFT", "CAM_BACK", "CAM_BACK_RIGHT"], "token": "c9f743c74b864ee2b019cfb6424de376", "scene": "scene-1045"}, {"images": ["samples/CAM_FRONT_LEFT/n015-2018-11-21-19-11-29+0800__CAM_FRONT_LEFT__1542798712604844.jpg", "samples/CAM_FRONT/n015-2018-11-21-19-11-29+0800__CAM_FRONT__1542798712612460.jpg", "samples/CAM_FRONT_RIGHT/n015-2018-11-21-19-11-29+0800__CAM_FRONT_RIGHT__1542798712620339.jpg", "samples/CAM_BACK_LEFT/n015-2018-11-21-19-11-29+0800__CAM_BACK_LEFT__1542798712647423.jpg", "samples/CAM_BACK/n015-2018-11-21-19-11-29+0800__CAM_BACK__1542798712637525.jpg", "samples/CAM_BACK_RIGHT/n015-2018-11-21-19-11-29+0800__CAM_BACK_RIGHT__1542798712627893.jpg"], "intrinsics": [[[1272.5979470598488, 0.0, 826.6154927353808], [0.0, 1272.5979470598488, 479.75165386361925], [0.0, 0.0, 1.0]], [[1266.417203046554, 0.0, 816.2670197447984], [0.0, 1266.417203046554, 491.50706579294757], [0.0, 0.0, 1.0]], [[1260.8474446004698, 0.0, 807.968244525554], [0.0, 1260.8474446004698, 495.3344268742088], [0.0, 0.0, 1.0]], [[1256.7414812095406, 0.0, 792.1125740759628], [0.0, 1256.7414812095406, 492.7757465151356], [0.0, 0.0, 1.0]], [[809.2209905677063, 0.0, 829.2196003259838], [0.0, 809.2209905677063, 481.77842384512485], [0.0, 0.0, 1.0]], [[1259.5137405846733, 0.0, 807.2529053838625], [0.0, 1259.5137405846733, 501.19579884916527], [0.0, 0.0, 1.0]]], "extrinsics": [[[0.8207058310508728, -0.571260929107666, 0.01014212891459465, -0.965576171875], [0.005615273956209421, -0.00968560017645359, -0.9999372959136963, 1.5082454681396484], [0.5713233351707458, 0.8207113146781921, -0.0047412412241101265, -1.281005859375], [0.0, 0.0, 0.0, 1.0]], [[0.005592818837612867, -0.9998900294303894, 0.013732502236962318, 0.005126953125], [0.00031540170311927795, -0.013730953447520733, -0.9999057054519653, 1.5205364227294922], [0.9999843239784241, 0.005596617702394724, 0.00023857121414039284, -1.69305419921875], [0.0, 0.0, 0.0, 1.0]], [[-0.8329073190689087, -0.5533697009086609, -0.006880889181047678, 1.03289794921875], [0.005938328802585602, 0.003496123244985938, -0.9999762177467346, 1.5036426782608032], [0.5533806085586548, -0.8329284191131592, 0.00037414420512504876, -1.248779296875], [0.0, 0.0, 0.0, 1.0]], [[0.9477416276931763, 0.3189961910247803, 0.005221002269536257, -1.1423187255859375], [0.014541754499077797, -0.026844395324587822, -0.9995338320732117, 1.5885543823242188], [-0.31870725750923157, 0.9473757147789001, -0.030080314725637436, -0.103759765625], [0.0, 0.0, 0.0, 1.0]], [[0.002518296940252185, 0.9998547434806824, -0.016858341172337532, 0.002685546875], [-0.010841150768101215, -0.01683010719716549, -0.9997995495796204, 1.5793609619140625], [-0.9999381303787231, 0.00270054186694324, 0.01079719141125679, 0.00213623046875], [0.0, 0.0, 0.0, 1.0]], [[-0.9346668720245361, 0.3549087643623352, -0.020921427756547928, 1.1365966796875], [0.021807586774230003, -0.001503492472693324, -0.9997610449790955, 1.5514411926269531], [-0.35485535860061646, -0.9348998069763184, -0.006334438920021057, -0.063232421875], [0.0, 0.0, 0.0, 1.0]]], "view": [[0.0, -2.0, 100.0], [-2.0, 0.0, 100.0], [0.0, 0.0, 1.0]], "bev": "bev_7b019b2f9e7b4b64803509cfb9cdc3ca.png", "aux": "aux_7b019b2f9e7b4b64803509cfb9cdc3ca.npz", "visibility": "visibility_7b019b2f9e7b4b64803509cfb9cdc3ca.png", "pose": [[-0.7372905015945435, -0.675575852394104, 0.0, 625.897705078125], [0.675575852394104, -0.7372905015945435, 0.0, 1972.13232421875], [0.0, 0.0, 1.0, 0.0], [0.0, 0.0, 0.0, 1.0]], "pose_inverse": [[-0.7372905015945435, 0.675575852394104, 0.0, -870.8565063476562], [-0.675575852394104, -0.7372905015945435, 0.0, 1876.8758544921875], [0.0, 0.0, 1.0, 0.0], [0.0, 0.0, 0.0, 1.0]], "cam_ids": [0, 1, 2, 3, 4, 5], "cam_channels": ["CAM_FRONT_LEFT", "CAM_FRONT", "CAM_FRONT_RIGHT", "CAM_BACK_LEFT", "CAM_BACK", "CAM_BACK_RIGHT"], "token": "7b019b2f9e7b4b64803509cfb9cdc3ca", "scene": "scene-1045"}, {"images": ["samples/CAM_FRONT_LEFT/n015-2018-11-21-19-11-29+0800__CAM_FRONT_LEFT__1542798713104844.jpg", "samples/CAM_FRONT/n015-2018-11-21-19-11-29+0800__CAM_FRONT__1542798713112460.jpg", "samples/CAM_FRONT_RIGHT/n015-2018-11-21-19-11-29+0800__CAM_FRONT_RIGHT__1542798713120339.jpg", "samples/CAM_BACK_LEFT/n015-2018-11-21-19-11-29+0800__CAM_BACK_LEFT__1542798713147423.jpg", "samples/CAM_BACK/n015-2018-11-21-19-11-29+0800__CAM_BACK__1542798713137525.jpg", "samples/CAM_BACK_RIGHT/n015-2018-11-21-19-11-29+0800__CAM_BACK_RIGHT__1542798713127893.jpg"], "intrinsics": [[[1272.5979470598488, 0.0, 826.6154927353808], [0.0, 1272.5979470598488, 479.75165386361925], [0.0, 0.0, 1.0]], [[1266.417203046554, 0.0, 816.2670197447984], [0.0, 1266.417203046554, 491.50706579294757], [0.0, 0.0, 1.0]], [[1260.8474446004698, 0.0, 807.968244525554], [0.0, 1260.8474446004698, 495.3344268742088], [0.0, 0.0, 1.0]], [[1256.7414812095406, 0.0, 792.1125740759628], [0.0, 1256.7414812095406, 492.7757465151356], [0.0, 0.0, 1.0]], [[809.2209905677063, 0.0, 829.2196003259838], [0.0, 809.2209905677063, 481.77842384512485], [0.0, 0.0, 1.0]], [[1259.5137405846733, 0.0, 807.2529053838625], [0.0, 1259.5137405846733, 501.19579884916527], [0.0, 0.0, 1.0]]], "extrinsics": [[[0.8207189440727234, -0.5712462663650513, 0.009900126606225967, -0.9649658203125], [0.005240277387201786, -0.009800884872674942, -0.9999382495880127, 1.5082511901855469], [0.5713079571723938, 0.8207201361656189, -0.00505028385668993, -1.280517578125], [0.0, 0.0, 0.0, 1.0]], [[0.005609690677374601, -0.999888002872467, 0.013865918852388859, 0.0050048828125], [-3.432666926528327e-05, -0.013866329565644264, -0.9999039173126221, 1.5205364227294922], [0.9999842047691345, 0.005608692299574614, -0.00011211020319024101, -1.69244384765625], [0.0, 0.0, 0.0, 1.0]], [[-0.8329050540924072, -0.5533774495124817, -0.006524813361465931, 1.032440185546875], [0.005614504683762789, 0.0033400808461010456, -0.9999786019325256, 1.503644347190857], [0.5533873438835144, -0.8329238295555115, 0.0003249709552619606, -1.24853515625], [0.0, 0.0, 0.0, 1.0]], [[0.9477453827857971, 0.3189886808395386, 0.004992911126464605, -1.14208984375], [0.014370781369507313, -0.02705197036266327, -0.9995307326316833, 1.5885505676269531], [-0.31870391964912415, 0.947372317314148, -0.030222497880458832, -0.103759765625], [0.0, 0.0, 0.0, 1.0]], [[0.0025140922516584396, 0.9998515248298645, -0.017047522589564323, 0.002685546875], [-0.011076240800321102, -0.01701868698000908, -0.9997938275337219, 1.5793609619140625], [-0.9999353885650635, 0.002702397760003805, 0.011031809262931347, 0.001953125], [0.0, 0.0, 0.0, 1.0]], [[-0.9346745610237122, 0.3549005389213562, -0.02071215957403183, 1.1363525390625], [0.021519089117646217, -0.0016736809629946947, -0.9997670650482178, 1.5514545440673828], [-0.3548526167869568, -0.9349024891853333, -0.006072790827602148, -0.063720703125], [0.0, 0.0, 0.0, 1.0]]], "view": [[0.0, -2.0, 100.0], [-2.0, 0.0, 100.0], [0.0, 0.0, 1.0]], "bev": "bev_f460f4d7e7ce4ecbafefe868505ce0f1.png", "aux": "aux_f460f4d7e7ce4ecbafefe868505ce0f1.npz", "visibility": "visibility_f460f4d7e7ce4ecbafefe868505ce0f1.png", "pose": [[-0.7373480796813965, -0.675512969493866, 0.0, 625.9022827148438], [0.675512969493866, -0.7373480796813965, 0.0, 1972.1317138671875], [0.0, 0.0, 1.0, 0.0], [0.0, 0.0, 0.0, 1.0]], "pose_inverse": [[-0.7373480796813965, 0.675512969493866, 0.0, -870.6927490234375], [-0.675512969493866, -0.7373480796813965, 0.0, 1876.95263671875], [0.0, 0.0, 1.0, 0.0], [0.0, 0.0, 0.0, 1.0]], "cam_ids": [0, 1, 2, 3, 4, 5], "cam_channels": ["CAM_FRONT_LEFT", "CAM_FRONT", "CAM_FRONT_RIGHT", "CAM_BACK_LEFT", "CAM_BACK", "CAM_BACK_RIGHT"], "token": "f460f4d7e7ce4ecbafefe868505ce0f1", "scene": "scene-1045"}, {"images": ["samples/CAM_FRONT_LEFT/n015-2018-11-21-19-11-29+0800__CAM_FRONT_LEFT__1542798713604844.jpg", "samples/CAM_FRONT/n015-2018-11-21-19-11-29+0800__CAM_FRONT__1542798713612460.jpg", "samples/CAM_FRONT_RIGHT/n015-2018-11-21-19-11-29+0800__CAM_FRONT_RIGHT__1542798713620339.jpg", "samples/CAM_BACK_LEFT/n015-2018-11-21-19-11-29+0800__CAM_BACK_LEFT__1542798713647423.jpg", "samples/CAM_BACK/n015-2018-11-21-19-11-29+0800__CAM_BACK__1542798713637525.jpg", "samples/CAM_BACK_RIGHT/n015-2018-11-21-19-11-29+0800__CAM_BACK_RIGHT__1542798713627898.jpg"], "intrinsics": [[[1272.5979470598488, 0.0, 826.6154927353808], [0.0, 1272.5979470598488, 479.75165386361925], [0.0, 0.0, 1.0]], [[1266.417203046554, 0.0, 816.2670197447984], [0.0, 1266.417203046554, 491.50706579294757], [0.0, 0.0, 1.0]], [[1260.8474446004698, 0.0, 807.968244525554], [0.0, 1260.8474446004698, 495.3344268742088], [0.0, 0.0, 1.0]], [[1256.7414812095406, 0.0, 792.1125740759628], [0.0, 1256.7414812095406, 492.7757465151356], [0.0, 0.0, 1.0]], [[809.2209905677063, 0.0, 829.2196003259838], [0.0, 809.2209905677063, 481.77842384512485], [0.0, 0.0, 1.0]], [[1259.5137405846733, 0.0, 807.2529053838625], [0.0, 1259.5137405846733, 501.19579884916527], [0.0, 0.0, 1.0]]], "extrinsics": [[[0.8207169771194458, -0.571246862411499, 0.01003481075167656, -0.9649658203125], [0.0053826989606022835, -0.009832018055021763, -0.9999371767044067, 1.508249282836914], [0.5713096261024475, 0.8207194209098816, -0.004994453862309456, -1.2803955078125], [0.0, 0.0, 0.0, 1.0]], [[0.0056111677549779415, -0.9998876452445984, 0.013900245539844036, 0.005126953125], [7.849151006666943e-05, -0.013900023885071278, -0.9999033808708191, 1.5205326080322266], [0.9999842047691345, 0.005611641798168421, 4.874946171185002e-07, -1.6923828125], [0.0, 0.0, 0.0, 1.0]], [[-0.832902193069458, -0.553381085395813, -0.006573086138814688, 1.032257080078125], [0.005696601700037718, 0.00330374832265079, -0.9999783039093018, 1.50364351272583], [0.5533908009529114, -0.83292156457901, 0.0004006931558251381, -1.2486572265625], [0.0, 0.0, 0.0, 1.0]], [[0.9477460384368896, 0.3189872205257416, 0.004956483840942383, -1.1421661376953125], [0.014341895468533039, -0.02708044834434986, -0.9995303153991699, 1.5885543823242188], [-0.3187032639980316, 0.9473720788955688, -0.030240267515182495, -0.10400390625], [0.0, 0.0, 0.0, 1.0]], [[0.0025131837464869022, 0.9998509287834167, -0.01708570122718811, 0.0028076171875], [-0.011069714091718197, -0.017056891694664955, -0.9997932314872742, 1.579355239868164], [-0.9999355673789978, 0.002701764926314354, 0.011025195010006428, 0.001953125], [0.0, 0.0, 0.0, 1.0]], [[-0.9346744418144226, 0.35489708185195923, -0.02077515982091427, 1.1363525390625], [0.021572139114141464, -0.0017113919602707028, -0.9997658729553223, 1.5514507293701172], [-0.35484960675239563, -0.9349038600921631, -0.006056297570466995, -0.0635986328125], [0.0, 0.0, 0.0, 1.0]]], "view": [[0.0, -2.0, 100.0], [-2.0, 0.0, 100.0], [0.0, 0.0, 1.0]], "bev": "bev_3cdcdebc32dc4df687a8e2ceec088dec.png", "aux": "aux_3cdcdebc32dc4df687a8e2ceec088dec.npz", "visibility": "visibility_3cdcdebc32dc4df687a8e2ceec088dec.png", "pose": [[-0.7374202013015747, -0.6754342913627625, 0.0, 625.9037475585938], [0.6754342913627625, -0.7374202013015747, 0.0, 1972.1331787109375], [0.0, 0.0, 1.0, 0.0], [0.0, 0.0, 0.0, 1.0]], "pose_inverse": [[-0.7374202013015747, 0.6754342913627625, 0.0, -870.4922485351562], [-0.6754342913627625, -0.7374202013015747, 0.0, 1877.0477294921875], [0.0, 0.0, 1.0, 0.0], [0.0, 0.0, 0.0, 1.0]], "cam_ids": [0, 1, 2, 3, 4, 5], "cam_channels": ["CAM_FRONT_LEFT", "CAM_FRONT", "CAM_FRONT_RIGHT", "CAM_BACK_LEFT", "CAM_BACK", "CAM_BACK_RIGHT"], "token": "3cdcdebc32dc4df687a8e2ceec088dec", "scene": "scene-1045"}, {"images": ["samples/CAM_FRONT_LEFT/n015-2018-11-21-19-11-29+0800__CAM_FRONT_LEFT__1542798714104844.jpg", "samples/CAM_FRONT/n015-2018-11-21-19-11-29+0800__CAM_FRONT__1542798714112460.jpg", "samples/CAM_FRONT_RIGHT/n015-2018-11-21-19-11-29+0800__CAM_FRONT_RIGHT__1542798714120339.jpg", "samples/CAM_BACK_LEFT/n015-2018-11-21-19-11-29+0800__CAM_BACK_LEFT__1542798714147423.jpg", "samples/CAM_BACK/n015-2018-11-21-19-11-29+0800__CAM_BACK__1542798714137525.jpg", "samples/CAM_BACK_RIGHT/n015-2018-11-21-19-11-29+0800__CAM_BACK_RIGHT__1542798714127893.jpg"], "intrinsics": [[[1272.5979470598488, 0.0, 826.6154927353808], [0.0, 1272.5979470598488, 479.75165386361925], [0.0, 0.0, 1.0]], [[1266.417203046554, 0.0, 816.2670197447984], [0.0, 1266.417203046554, 491.50706579294757], [0.0, 0.0, 1.0]], [[1260.8474446004698, 0.0, 807.968244525554], [0.0, 1260.8474446004698, 495.3344268742088], [0.0, 0.0, 1.0]], [[1256.7414812095406, 0.0, 792.1125740759628], [0.0, 1256.7414812095406, 492.7757465151356], [0.0, 0.0, 1.0]], [[809.2209905677063, 0.0, 829.2196003259838], [0.0, 809.2209905677063, 481.77842384512485], [0.0, 0.0, 1.0]], [[1259.5137405846733, 0.0, 807.2529053838625], [0.0, 1259.5137405846733, 501.19579884916527], [0.0, 0.0, 1.0]]], "extrinsics": [[[0.820709228515625, -0.5712580680847168, 0.010026142001152039, -0.96484375], [0.005332955624908209, -0.009888182394206524, -0.9999368786811829, 1.5082473754882812], [0.5713211297988892, 0.8207109570503235, -0.005068829283118248, -1.2803955078125], [0.0, 0.0, 0.0, 1.0]], [[0.005598881747573614, -0.9998870491981506, 0.013942709192633629, 0.0050048828125], [4.5225620851852e-05, -0.013942673802375793, -0.9999027848243713, 1.5205326080322266], [0.9999843239784241, 0.005598954390734434, -3.284298873040825e-05, -1.6923828125], [0.0, 0.0, 0.0, 1.0]], [[-0.832908034324646, -0.5533727407455444, -0.006543842144310474, 1.032196044921875], [0.005680625326931477, 0.0032749406527727842, -0.9999784827232361, 1.5036423206329346], [0.5533823370933533, -0.8329272866249084, 0.0004157799994572997, -1.2486572265625], [0.0, 0.0, 0.0, 1.0]], [[0.9477462768554688, 0.3189859986305237, 0.0049985116347670555, -1.1422271728515625], [0.014385809190571308, -0.027079351246356964, -0.9995297193527222, 1.58856201171875], [-0.3187006711959839, 0.947372555732727, -0.030253224074840546, -0.10400390625], [0.0, 0.0, 0.0, 1.0]], [[0.002517275046557188, 0.9998508095741272, -0.0170906949788332, 0.0028076171875], [-0.011044235900044441, -0.017061909660696983, -0.9997934699058533, 1.5793571472167969], [-0.9999358057975769, 0.002705454360693693, 0.01099963765591383, 0.0020751953125], [0.0, 0.0, 0.0, 1.0]], [[-0.9346718788146973, 0.35490357875823975, -0.02078324556350708, 1.13623046875], [0.021572966128587723, -0.0017321190098300576, -0.9997657537460327, 1.5514507293701172], [-0.3548564314842224, -0.9349013566970825, -0.006037360522896051, -0.0635986328125], [0.0, 0.0, 0.0, 1.0]]], "view": [[0.0, -2.0, 100.0], [-2.0, 0.0, 100.0], [0.0, 0.0, 1.0]], "bev": "bev_9ea3a89a1bf748f6b60f9a0a8c240dbe.png", "aux": "aux_9ea3a89a1bf748f6b60f9a0a8c240dbe.npz", "visibility": "visibility_9ea3a89a1bf748f6b60f9a0a8c240dbe.png", "pose": [[-0.7374914288520813, -0.6753565073013306, 0.0, 625.9049072265625], [0.6753565073013306, -0.7374914288520813, 0.0, 1972.134521484375], [0.0, 0.0, 1.0, 0.0], [0.0, 0.0, 0.0, 1.0]], "pose_inverse": [[-0.7374914288520813, 0.6753565073013306, 0.0, -870.2943725585938], [-0.6753565073013306, -0.7374914288520813, 0.0, 1877.1412353515625], [0.0, 0.0, 1.0, 0.0], [0.0, 0.0, 0.0, 1.0]], "cam_ids": [0, 1, 2, 3, 4, 5], "cam_channels": ["CAM_FRONT_LEFT", "CAM_FRONT", "CAM_FRONT_RIGHT", "CAM_BACK_LEFT", "CAM_BACK", "CAM_BACK_RIGHT"], "token": "9ea3a89a1bf748f6b60f9a0a8c240dbe", "scene": "scene-1045"}, {"images": ["samples/CAM_FRONT_LEFT/n015-2018-11-21-19-11-29+0800__CAM_FRONT_LEFT__1542798714604844.jpg", "samples/CAM_FRONT/n015-2018-11-21-19-11-29+0800__CAM_FRONT__1542798714612460.jpg", "samples/CAM_FRONT_RIGHT/n015-2018-11-21-19-11-29+0800__CAM_FRONT_RIGHT__1542798714620339.jpg", "samples/CAM_BACK_LEFT/n015-2018-11-21-19-11-29+0800__CAM_BACK_LEFT__1542798714647423.jpg", "samples/CAM_BACK/n015-2018-11-21-19-11-29+0800__CAM_BACK__1542798714637525.jpg", "samples/CAM_BACK_RIGHT/n015-2018-11-21-19-11-29+0800__CAM_BACK_RIGHT__1542798714627893.jpg"], "intrinsics": [[[1272.5979470598488, 0.0, 826.6154927353808], [0.0, 1272.5979470598488, 479.75165386361925], [0.0, 0.0, 1.0]], [[1266.417203046554, 0.0, 816.2670197447984], [0.0, 1266.417203046554, 491.50706579294757], [0.0, 0.0, 1.0]], [[1260.8474446004698, 0.0, 807.968244525554], [0.0, 1260.8474446004698, 495.3344268742088], [0.0, 0.0, 1.0]], [[1256.7414812095406, 0.0, 792.1125740759628], [0.0, 1256.7414812095406, 492.7757465151356], [0.0, 0.0, 1.0]], [[809.2209905677063, 0.0, 829.2196003259838], [0.0, 809.2209905677063, 481.77842384512485], [0.0, 0.0, 1.0]], [[1259.5137405846733, 0.0, 807.2529053838625], [0.0, 1259.5137405846733, 501.19579884916527], [0.0, 0.0, 1.0]]], "extrinsics": [[[0.8207310438156128, -0.5712273120880127, 0.009991183876991272, -0.96484375], [0.005289021413773298, -0.009890440851449966, -0.9999370574951172, 1.5082511901855469], [0.571290135383606, 0.8207322955131531, -0.0050961594097316265, -1.2803955078125], [0.0, 0.0, 0.0, 1.0]], [[0.005631761625409126, -0.9998868107795715, 0.013950237073004246, 0.005126953125], [-1.0760109034890775e-05, -0.01395051833242178, -0.9999027252197266, 1.5205345153808594], [0.9999841451644897, 0.0056309946812689304, -8.932439232012257e-05, -1.6922607421875], [0.0, 0.0, 0.0, 1.0]], [[-0.8328943252563477, -0.553394079208374, -0.0064789545722305775, 1.032440185546875], [0.005611556116491556, 0.003261663019657135, -0.9999788999557495, 1.5036442279815674], [0.5534034371376038, -0.8329131007194519, 0.0003887822385877371, -1.248779296875], [0.0, 0.0, 0.0, 1.0]], [[0.9477455019950867, 0.31898972392082214, 0.004903293680399656, -1.1422271728515625], [0.01428748108446598, -0.027085205540060997, -0.9995309710502625, 1.5885543823242188], [-0.31870731711387634, 0.9473710656166077, -0.03022744134068489, -0.103759765625], [0.0, 0.0, 0.0, 1.0]], [[0.0025063403882086277, 0.9998506307601929, -0.017102807760238647, 0.002685546875], [-0.011138011701405048, -0.017073888331651688, -0.999792218208313, 1.5793609619140625], [-0.9999348521232605, 0.00269634579308331, 0.01109355315566063, 0.001953125], [0.0, 0.0, 0.0, 1.0]], [[-0.9346800446510315, 0.35488638281822205, -0.0207082349807024, 1.13623046875], [0.021488677710294724, -0.001742485910654068, -0.9997676014900208, 1.5514488220214844], [-0.3548400104045868, -0.934907853603363, -0.005997372791171074, -0.0633544921875], [0.0, 0.0, 0.0, 1.0]]], "view": [[0.0, -2.0, 100.0], [-2.0, 0.0, 100.0], [0.0, 0.0, 1.0]], "bev": "bev_57c605c71df94bf9b039814abf98b910.png", "aux": "aux_57c605c71df94bf9b039814abf98b910.npz", "visibility": "visibility_57c605c71df94bf9b039814abf98b910.png", "pose": [[-0.7374359965324402, -0.6754170060157776, 0.0, 625.9059448242188], [0.6754170060157776, -0.7374359965324402, 0.0, 1972.1356201171875], [0.0, 0.0, 1.0, 0.0], [0.0, 0.0, 0.0, 1.0]], "pose_inverse": [[-0.7374359965324402, 0.6754170060157776, 0.0, -870.4483642578125], [-0.6754170060157776, -0.7374359965324402, 0.0, 1877.0712890625], [0.0, 0.0, 1.0, 0.0], [0.0, 0.0, 0.0, 1.0]], "cam_ids": [0, 1, 2, 3, 4, 5], "cam_channels": ["CAM_FRONT_LEFT", "CAM_FRONT", "CAM_FRONT_RIGHT", "CAM_BACK_LEFT", "CAM_BACK", "CAM_BACK_RIGHT"], "token": "57c605c71df94bf9b039814abf98b910", "scene": "scene-1045"}, {"images": ["samples/CAM_FRONT_LEFT/n015-2018-11-21-19-11-29+0800__CAM_FRONT_LEFT__1542798715104844.jpg", "samples/CAM_FRONT/n015-2018-11-21-19-11-29+0800__CAM_FRONT__1542798715112460.jpg", "samples/CAM_FRONT_RIGHT/n015-2018-11-21-19-11-29+0800__CAM_FRONT_RIGHT__1542798715120339.jpg", "samples/CAM_BACK_LEFT/n015-2018-11-21-19-11-29+0800__CAM_BACK_LEFT__1542798715147423.jpg", "samples/CAM_BACK/n015-2018-11-21-19-11-29+0800__CAM_BACK__1542798715137525.jpg", "samples/CAM_BACK_RIGHT/n015-2018-11-21-19-11-29+0800__CAM_BACK_RIGHT__1542798715127893.jpg"], "intrinsics": [[[1272.5979470598488, 0.0, 826.6154927353808], [0.0, 1272.5979470598488, 479.75165386361925], [0.0, 0.0, 1.0]], [[1266.417203046554, 0.0, 816.2670197447984], [0.0, 1266.417203046554, 491.50706579294757], [0.0, 0.0, 1.0]], [[1260.8474446004698, 0.0, 807.968244525554], [0.0, 1260.8474446004698, 495.3344268742088], [0.0, 0.0, 1.0]], [[1256.7414812095406, 0.0, 792.1125740759628], [0.0, 1256.7414812095406, 492.7757465151356], [0.0, 0.0, 1.0]], [[809.2209905677063, 0.0, 829.2196003259838], [0.0, 809.2209905677063, 481.77842384512485], [0.0, 0.0, 1.0]], [[1259.5137405846733, 0.0, 807.2529053838625], [0.0, 1259.5137405846733, 501.19579884916527], [0.0, 0.0, 1.0]]], "extrinsics": [[[0.8207074403762817, -0.5712630748748779, 0.009891243651509285, -0.96484375], [0.005265934392809868, -0.009748303331434727, -0.9999386668205261, 1.5082511901855469], [0.5713244080543518, 0.8207091093063354, -0.0049922713078558445, -1.2802734375], [0.0, 0.0, 0.0, 1.0]], [[0.005593579262495041, -0.9998891949653625, 0.013795704580843449, 0.0052490234375], [-3.673403989523649e-05, -0.013796125538647175, -0.9999048709869385, 1.5205345153808594], [0.9999843835830688, 0.005592473782598972, -0.00011390013241907582, -1.692138671875], [0.0, 0.0, 0.0, 1.0]], [[-0.8329121470451355, -0.5533663630485535, -0.006547719705849886, 1.0321044921875], [0.005583361256867647, 0.00342834391631186, -0.9999785423278809, 1.5036457777023315], [0.5533769726753235, -0.832930862903595, 0.00023413525195792317, -1.24853515625], [0.0, 0.0, 0.0, 1.0]], [[0.9477471709251404, 0.3189842700958252, 0.004931628704071045, -1.1421661376953125], [0.014265168458223343, -0.026930589228868484, -0.9995355010032654, 1.5885543823242188], [-0.3187032639980316, 0.9473773241043091, -0.030073754489421844, -0.103759765625], [0.0, 0.0, 0.0, 1.0]], [[0.002517719753086567, 0.9998534321784973, -0.016937030479311943, 0.0028076171875], [-0.011164967902004719, -0.01690792106091976, -0.9997947216033936, 1.5793590545654297], [-0.9999344348907471, 0.0027062627486884594, 0.01112076174467802, 0.001953125], [0.0, 0.0, 0.0, 1.0]], [[-0.9346723556518555, 0.35491105914115906, -0.02063075453042984, 1.13623046875], [0.021468672901391983, -0.0015772961778566241, -0.9997683167457581, 1.5514507293701172], [-0.35486140847206116, -0.9348987340927124, -0.006145215127617121, -0.0635986328125], [0.0, 0.0, 0.0, 1.0]]], "view": [[0.0, -2.0, 100.0], [-2.0, 0.0, 100.0], [0.0, 0.0, 1.0]], "bev": "bev_bedcc60b080c4be3811cfdb996347b6d.png", "aux": "aux_bedcc60b080c4be3811cfdb996347b6d.npz", "visibility": "visibility_bedcc60b080c4be3811cfdb996347b6d.png", "pose": [[-0.7374666929244995, -0.6753835082054138, 0.0, 625.90673828125], [0.6753835082054138, -0.7374666929244995, 0.0, 1972.1365966796875], [0.0, 0.0, 1.0, 0.0], [0.0, 0.0, 0.0, 1.0]], "pose_inverse": [[-0.7374666929244995, 0.6753835082054138, 0.0, -870.3631591796875], [-0.6753835082054138, -0.7374666929244995, 0.0, 1877.1121826171875], [0.0, 0.0, 1.0, 0.0], [0.0, 0.0, 0.0, 1.0]], "cam_ids": [0, 1, 2, 3, 4, 5], "cam_channels": ["CAM_FRONT_LEFT", "CAM_FRONT", "CAM_FRONT_RIGHT", "CAM_BACK_LEFT", "CAM_BACK", "CAM_BACK_RIGHT"], "token": "bedcc60b080c4be3811cfdb996347b6d", "scene": "scene-1045"}, {"images": ["samples/CAM_FRONT_LEFT/n015-2018-11-21-19-11-29+0800__CAM_FRONT_LEFT__1542798715604844.jpg", "samples/CAM_FRONT/n015-2018-11-21-19-11-29+0800__CAM_FRONT__1542798715612460.jpg", "samples/CAM_FRONT_RIGHT/n015-2018-11-21-19-11-29+0800__CAM_FRONT_RIGHT__1542798715620339.jpg", "samples/CAM_BACK_LEFT/n015-2018-11-21-19-11-29+0800__CAM_BACK_LEFT__1542798715647434.jpg", "samples/CAM_BACK/n015-2018-11-21-19-11-29+0800__CAM_BACK__1542798715637525.jpg", "samples/CAM_BACK_RIGHT/n015-2018-11-21-19-11-29+0800__CAM_BACK_RIGHT__1542798715627893.jpg"], "intrinsics": [[[1272.5979470598488, 0.0, 826.6154927353808], [0.0, 1272.5979470598488, 479.75165386361925], [0.0, 0.0, 1.0]], [[1266.417203046554, 0.0, 816.2670197447984], [0.0, 1266.417203046554, 491.50706579294757], [0.0, 0.0, 1.0]], [[1260.8474446004698, 0.0, 807.968244525554], [0.0, 1260.8474446004698, 495.3344268742088], [0.0, 0.0, 1.0]], [[1256.7414812095406, 0.0, 792.1125740759628], [0.0, 1256.7414812095406, 492.7757465151356], [0.0, 0.0, 1.0]], [[809.2209905677063, 0.0, 829.2196003259838], [0.0, 809.2209905677063, 481.77842384512485], [0.0, 0.0, 1.0]], [[1259.5137405846733, 0.0, 807.2529053838625], [0.0, 1259.5137405846733, 501.19579884916527], [0.0, 0.0, 1.0]]], "extrinsics": [[[0.8207276463508606, -0.5712336897850037, 0.009907875210046768, -0.96484375], [0.005247905850410461, -0.009803623892366886, -0.9999381303787231, 1.5082473754882812], [0.5712955594062805, 0.8207288980484009, -0.005048324819654226, -1.2802734375], [0.0, 0.0, 0.0, 1.0]], [[0.005624441895633936, -0.9998880624771118, 0.013864844106137753, 0.005126953125], [-4.4616514060180634e-05, -0.013865315355360508, -0.9999039173126221, 1.5205326080322266], [0.9999841451644897, 0.005623273551464081, -0.00012259584036655724, -1.6922607421875], [0.0, 0.0, 0.0, 1.0]], [[-0.8328984975814819, -0.5533875226974487, -0.0065033468417823315, 1.03228759765625], [0.005585380829870701, 0.003345130942761898, -0.99997878074646, 1.503646969795227], [0.5533975958824158, -0.8329171538352966, 0.00030472539947368205, -1.24853515625], [0.0, 0.0, 0.0, 1.0]], [[0.9477466940879822, 0.31898635625839233, 0.00488594314083457, -1.1422271728515625], [0.014245463535189629, -0.02701503597199917, -0.9995335340499878, 1.5885505676269531], [-0.31870555877685547, 0.9473742246627808, -0.030147520825266838, -0.103759765625], [0.0, 0.0, 0.0, 1.0]], [[0.002508680336177349, 0.9998519420623779, -0.017025941982865334, 0.002685546875], [-0.011164053343236446, -0.01699693128466606, -0.9997932314872742, 1.5793571472167969], [-0.9999344944953918, 0.002698217285797, 0.011119760572910309, 0.0018310546875], [0.0, 0.0, 0.0, 1.0]], [[-0.9346787333488464, 0.3548927307128906, -0.020657751709222794, 1.13623046875], [0.021464228630065918, -0.0016647400334477425, -0.9997682571411133, 1.5514450073242188], [-0.3548448979854584, -0.9349055886268616, -0.0060615018010139465, -0.0635986328125], [0.0, 0.0, 0.0, 1.0]]], "view": [[0.0, -2.0, 100.0], [-2.0, 0.0, 100.0], [0.0, 0.0, 1.0]], "bev": "bev_f5f2c621f7154f1ebf8c642ed32cd82c.png", "aux": "aux_f5f2c621f7154f1ebf8c642ed32cd82c.npz", "visibility": "visibility_f5f2c621f7154f1ebf8c642ed32cd82c.png", "pose": [[-0.737509548664093, -0.6753367185592651, 0.0, 625.907470703125], [0.6753367185592651, -0.737509548664093, 0.0, 1972.1373291015625], [0.0, 0.0, 1.0, 0.0], [0.0, 0.0, 0.0, 1.0]], "pose_inverse": [[-0.737509548664093, 0.6753367185592651, 0.0, -870.2439575195312], [-0.6753367185592651, -0.737509548664093, 0.0, 1877.16845703125], [0.0, 0.0, 1.0, 0.0], [0.0, 0.0, 0.0, 1.0]], "cam_ids": [0, 1, 2, 3, 4, 5], "cam_channels": ["CAM_FRONT_LEFT", "CAM_FRONT", "CAM_FRONT_RIGHT", "CAM_BACK_LEFT", "CAM_BACK", "CAM_BACK_RIGHT"], "token": "f5f2c621f7154f1ebf8c642ed32cd82c", "scene": "scene-1045"}, {"images": ["samples/CAM_FRONT_LEFT/n015-2018-11-21-19-11-29+0800__CAM_FRONT_LEFT__1542798716104844.jpg", "samples/CAM_FRONT/n015-2018-11-21-19-11-29+0800__CAM_FRONT__1542798716112460.jpg", "samples/CAM_FRONT_RIGHT/n015-2018-11-21-19-11-29+0800__CAM_FRONT_RIGHT__1542798716120339.jpg", "samples/CAM_BACK_LEFT/n015-2018-11-21-19-11-29+0800__CAM_BACK_LEFT__1542798716147423.jpg", "samples/CAM_BACK/n015-2018-11-21-19-11-29+0800__CAM_BACK__1542798716137525.jpg", "samples/CAM_BACK_RIGHT/n015-2018-11-21-19-11-29+0800__CAM_BACK_RIGHT__1542798716127893.jpg"], "intrinsics": [[[1272.5979470598488, 0.0, 826.6154927353808], [0.0, 1272.5979470598488, 479.75165386361925], [0.0, 0.0, 1.0]], [[1266.417203046554, 0.0, 816.2670197447984], [0.0, 1266.417203046554, 491.50706579294757], [0.0, 0.0, 1.0]], [[1260.8474446004698, 0.0, 807.968244525554], [0.0, 1260.8474446004698, 495.3344268742088], [0.0, 0.0, 1.0]], [[1256.7414812095406, 0.0, 792.1125740759628], [0.0, 1256.7414812095406, 492.7757465151356], [0.0, 0.0, 1.0]], [[809.2209905677063, 0.0, 829.2196003259838], [0.0, 809.2209905677063, 481.77842384512485], [0.0, 0.0, 1.0]], [[1259.5137405846733, 0.0, 807.2529053838625], [0.0, 1259.5137405846733, 501.19579884916527], [0.0, 0.0, 1.0]]], "extrinsics": [[[0.820713222026825, -0.5712568759918213, 0.00976425502449274, -0.9649658203125], [0.005125811789184809, -0.009727397933602333, -0.9999395608901978, 1.5082473754882812], [0.5713172554969788, 0.8207136392593384, -0.00505524966865778, -1.2802734375], [0.0, 0.0, 0.0, 1.0]], [[0.00560473557561636, -0.9998894333839417, 0.013771845027804375, 0.0050048828125], [-0.00016857931041158736, -0.013773007318377495, -0.9999051690101624, 1.5205345153808594], [0.9999842643737793, 0.005601874087005854, -0.0002457550435792655, -1.69232177734375], [0.0, 0.0, 0.0, 1.0]], [[-0.8329082131385803, -0.5533734560012817, -0.006458955816924572, 1.03228759765625], [0.005459851585328579, 0.0034538463223725557, -0.9999791383743286, 1.50364351272583], [0.5533841252326965, -0.8329260945320129, 0.00014459990779869258, -1.248779296875], [0.0, 0.0, 0.0, 1.0]], [[0.9477471709251404, 0.31898632645606995, 0.004801642149686813, -1.1422882080078125], [0.014117673970758915, -0.026899466291069984, -0.9995384216308594, 1.5885543823242188], [-0.3187098801136017, 0.9473775029182434, -0.029997238889336586, -0.103515625], [0.0, 0.0, 0.0, 1.0]], [[0.0025125015527009964, 0.9998539090156555, -0.016906047239899635, 0.0030517578125], [-0.0113022830337286, -0.016876626759767532, -0.9997937083244324, 1.5793571472167969], [-0.9999330639839172, 0.0027030850760638714, 0.011258227750658989, 0.00177001953125], [0.0, 0.0, 0.0, 1.0]], [[-0.9346771836280823, 0.3549061715602875, -0.020498627796769142, 1.1363525390625], [0.021339358761906624, -0.0015455520479008555, -0.9997711181640625, 1.5514507293701172], [-0.35485661029815674, -0.9349006414413452, -0.00612888066098094, -0.063720703125], [0.0, 0.0, 0.0, 1.0]]], "view": [[0.0, -2.0, 100.0], [-2.0, 0.0, 100.0], [0.0, 0.0, 1.0]], "bev": "bev_8bc75c4d3dff42bbb958a93c5274c732.png", "aux": "aux_8bc75c4d3dff42bbb958a93c5274c732.npz", "visibility": "visibility_8bc75c4d3dff42bbb958a93c5274c732.png", "pose": [[-0.7375231981277466, -0.6753218173980713, 0.0, 625.9080200195312], [0.6753218173980713, -0.7375231981277466, 0.0, 1972.137939453125], [0.0, 0.0, 1.0, 0.0], [0.0, 0.0, 0.0, 1.0]], "pose_inverse": [[-0.7375231981277466, 0.6753218173980713, 0.0, -870.2060546875], [-0.6753218173980713, -0.7375231981277466, 0.0, 1877.186767578125], [0.0, 0.0, 1.0, 0.0], [0.0, 0.0, 0.0, 1.0]], "cam_ids": [0, 1, 2, 3, 4, 5], "cam_channels": ["CAM_FRONT_LEFT", "CAM_FRONT", "CAM_FRONT_RIGHT", "CAM_BACK_LEFT", "CAM_BACK", "CAM_BACK_RIGHT"], "token": "8bc75c4d3dff42bbb958a93c5274c732", "scene": "scene-1045"}, {"images": ["samples/CAM_FRONT_LEFT/n015-2018-11-21-19-11-29+0800__CAM_FRONT_LEFT__1542798716604844.jpg", "samples/CAM_FRONT/n015-2018-11-21-19-11-29+0800__CAM_FRONT__1542798716612460.jpg", "samples/CAM_FRONT_RIGHT/n015-2018-11-21-19-11-29+0800__CAM_FRONT_RIGHT__1542798716620339.jpg", "samples/CAM_BACK_LEFT/n015-2018-11-21-19-11-29+0800__CAM_BACK_LEFT__1542798716647423.jpg", "samples/CAM_BACK/n015-2018-11-21-19-11-29+0800__CAM_BACK__1542798716637525.jpg", "samples/CAM_BACK_RIGHT/n015-2018-11-21-19-11-29+0800__CAM_BACK_RIGHT__1542798716627893.jpg"], "intrinsics": [[[1272.5979470598488, 0.0, 826.6154927353808], [0.0, 1272.5979470598488, 479.75165386361925], [0.0, 0.0, 1.0]], [[1266.417203046554, 0.0, 816.2670197447984], [0.0, 1266.417203046554, 491.50706579294757], [0.0, 0.0, 1.0]], [[1260.8474446004698, 0.0, 807.968244525554], [0.0, 1260.8474446004698, 495.3344268742088], [0.0, 0.0, 1.0]], [[1256.7414812095406, 0.0, 792.1125740759628], [0.0, 1256.7414812095406, 492.7757465151356], [0.0, 0.0, 1.0]], [[809.2209905677063, 0.0, 829.2196003259838], [0.0, 809.2209905677063, 481.77842384512485], [0.0, 0.0, 1.0]], [[1259.5137405846733, 0.0, 807.2529053838625], [0.0, 1259.5137405846733, 501.19579884916527], [0.0, 0.0, 1.0]]], "extrinsics": [[[0.8207211494445801, -0.5712467432022095, 0.009686179459095001, -0.9649658203125], [0.0049762362614274025, -0.009805727750062943, -0.9999395608901978, 1.5082473754882812], [0.5713071823120117, 0.8207197189331055, -0.005205110646784306, -1.2802734375], [0.0, 0.0, 0.0, 1.0]], [[0.005615070927888155, -0.9998878836631775, 0.013882863335311413, 0.0052490234375], [-0.00033335722400806844, -0.01388495322316885, -0.9999035596847534, 1.5205326080322266], [0.9999841451644897, 0.005609884392470121, -0.0004112848255317658, -1.69219970703125], [0.0, 0.0, 0.0, 1.0]], [[-0.8329065442085266, -0.553378701210022, -0.006227333564311266, 1.03240966796875], [0.005279197823256254, 0.00330720073543489, -0.9999805688858032, 1.5036430358886719], [0.5533884763717651, -0.8329232335090637, 0.0001668072654865682, -1.24853515625], [0.0, 0.0, 0.0, 1.0]], [[0.9477493166923523, 0.3189832866191864, 0.004572274163365364, -1.1422576904296875], [0.013937643729150295, -0.02708367444574833, -0.9995359778404236, 1.5885505676269531], [-0.31871145963668823, 0.9473732709884644, -0.030114412307739258, -0.103759765625], [0.0, 0.0, 0.0, 1.0]], [[0.0025099641643464565, 0.9998509883880615, -0.017081819474697113, 0.00