[{"images": ["samples/CAM_FRONT_LEFT/n008-2018-08-06-15-06-32-0400__CAM_FRONT_LEFT__1533582454154799.jpg", "samples/CAM_FRONT/n008-2018-08-06-15-06-32-0400__CAM_FRONT__1533582454162404.jpg", "samples/CAM_FRONT_RIGHT/n008-2018-08-06-15-06-32-0400__CAM_FRONT_RIGHT__1533582454170482.jpg", "samples/CAM_BACK_LEFT/n008-2018-08-06-15-06-32-0400__CAM_BACK_LEFT__1533582454197405.jpg", "samples/CAM_BACK/n008-2018-08-06-15-06-32-0400__CAM_BACK__1533582454188897.jpg", "samples/CAM_BACK_RIGHT/n008-2018-08-06-15-06-32-0400__CAM_BACK_RIGHT__1533582454178113.jpg"], "intrinsics": [[[1257.8625342125129, 0.0, 827.2410631095686], [0.0, 1257.8625342125129, 450.915498205774], [0.0, 0.0, 1.0]], [[1252.8131021185304, 0.0, 826.588114781398], [0.0, 1252.8131021185304, 469.9846626224581], [0.0, 0.0, 1.0]], [[1256.7485116440405, 0.0, 817.7887570959712], [0.0, 1256.7485116440403, 451.9541780095127], [0.0, 0.0, 1.0]], [[1254.9860565800168, 0.0, 829.5769333630991], [0.0, 1254.9860565800168, 467.1680561863987], [0.0, 0.0, 1.0]], [[796.8910634503094, 0.0, 857.7774326863696], [0.0, 796.8910634503094, 476.8848988407415], [0.0, 0.0, 1.0]], [[1249.9629280788233, 0.0, 825.3768045375984], [0.0, 1249.9629280788233, 462.54816385708756], [0.0, 0.0, 1.0]]], "extrinsics": [[[0.8226554989814758, -0.5684974193572998, 0.006980688311159611, -0.7230224609375], [0.005278416443616152, -0.0046406518667936325, -0.999975323677063, 1.490107536315918], [0.5685157179832458, 0.8226720094680786, -0.0008168921340256929, -1.1417236328125], [0.0, 0.0, 0.0, 1.0]], [[0.010406034998595715, -0.9999063611030579, 0.00888418685644865, 0.0103759765625], [0.007138715125620365, -0.008810156024992466, -0.9999356865882874, 1.4821949005126953], [0.9999204277992249, 0.010468785651028156, 0.007046367973089218, -1.453125], [0.0, 0.0, 0.0, 1.0]], [[-0.8439372181892395, -0.5364316701889038, -0.0033278511837124825, 0.9072265625], [0.015083616599440575, -0.017528165131807327, -0.9997325539588928, 1.4963951110839844], [0.5362298488616943, -0.8437617421150208, 0.022884000092744827, -1.159149169921875], [0.0, 0.0, 0.0, 1.0]], [[0.9478635191917419, 0.31850382685661316, -0.010499183088541031, -1.135986328125], [-0.010284681804478168, -0.002355154138058424, -0.9999443292617798, 1.5619564056396484], [-0.31851086020469666, 0.9479185938835144, 0.0010433444986119866, -0.1588592529296875], [0.0, 0.0, 0.0, 1.0]], [[0.009189406409859657, 0.9999079704284668, -0.00998099148273468, -0.02874755859375], [-0.008128025569021702, -0.009906393475830555, -0.9999178647994995, 1.5674591064453125], [-0.9999247193336487, 0.00926977675408125, 0.008036243729293346, -0.0302734375], [0.0, 0.0, 0.0, 1.0]], [[-0.9237692356109619, 0.38284775614738464, -0.008831276558339596, 1.013671875], [-0.0039654690772295, -0.032623108476400375, -0.9994598627090454, 1.547220230102539], [-0.3829290568828583, -0.9232352375984192, 0.031654395163059235, -0.103515625], [0.0, 0.0, 0.0, 1.0]]], "view": [[0.0, -2.0, 100.0], [-2.0, 0.0, 100.0], [0.0, 0.0, 1.0]], "bev": "bev_650513a5c5884b6881190c42cbf33c5c.png", "aux": "aux_650513a5c5884b6881190c42cbf33c5c.npz", "visibility": "visibility_650513a5c5884b6881190c42cbf33c5c.png", "pose": [[-0.9997864365577698, 0.020667104050517082, 0.0, 2093.39404296875], [-0.020667104050517082, -0.9997864365577698, 0.0, 790.3917846679688], [0.0, 0.0, 1.0, 0.0], [0.0, 0.0, 0.0, 1.0]], "pose_inverse": [[-0.9997864365577698, -0.020667104050517082, 0.0, 2109.281982421875], [0.020667104050517082, -0.9997864365577698, 0.0, 746.9585571289062], [0.0, 0.0, 1.0, 0.0], [0.0, 0.0, 0.0, 1.0]], "cam_ids": [0, 1, 2, 3, 4, 5], "cam_channels": ["CAM_FRONT_LEFT", "CAM_FRONT", "CAM_FRONT_RIGHT", "CAM_BACK_LEFT", "CAM_BACK", "CAM_BACK_RIGHT"], "token": "650513a5c5884b6881190c42cbf33c5c", "scene": "scene-0254"}, {"images": ["samples/CAM_FRONT_LEFT/n008-2018-08-06-15-06-32-0400__CAM_FRONT_LEFT__1533582454654799.jpg", "samples/CAM_FRONT/n008-2018-08-06-15-06-32-0400__CAM_FRONT__1533582454662404.jpg", "samples/CAM_FRONT_RIGHT/n008-2018-08-06-15-06-32-0400__CAM_FRONT_RIGHT__1533582454670548.jpg", "samples/CAM_BACK_LEFT/n008-2018-08-06-15-06-32-0400__CAM_BACK_LEFT__1533582454697405.jpg", "samples/CAM_BACK/n008-2018-08-06-15-06-32-0400__CAM_BACK__1533582454687558.jpg", "samples/CAM_BACK_RIGHT/n008-2018-08-06-15-06-32-0400__CAM_BACK_RIGHT__1533582454678113.jpg"], "intrinsics": [[[1257.8625342125129, 0.0, 827.2410631095686], [0.0, 1257.8625342125129, 450.915498205774], [0.0, 0.0, 1.0]], [[1252.8131021185304, 0.0, 826.588114781398], [0.0, 1252.8131021185304, 469.9846626224581], [0.0, 0.0, 1.0]], [[1256.7485116440405, 0.0, 817.7887570959712], [0.0, 1256.7485116440403, 451.9541780095127], [0.0, 0.0, 1.0]], [[1254.9860565800168, 0.0, 829.5769333630991], [0.0, 1254.9860565800168, 467.1680561863987], [0.0, 0.0, 1.0]], [[796.8910634503094, 0.0, 857.7774326863696], [0.0, 796.8910634503094, 476.8848988407415], [0.0, 0.0, 1.0]], [[1249.9629280788233, 0.0, 825.3768045375984], [0.0, 1249.9629280788233, 462.54816385708756], [0.0, 0.0, 1.0]]], "extrinsics": [[[0.8224611282348633, -0.5688212513923645, -0.0004551680467557162, -0.7171630859375], [0.0009415195090696216, 0.002161541488021612, -0.9999971985816956, 1.4886107444763184], [0.5688206553459167, 0.8224583864212036, 0.0023133386857807636, -1.1395263671875], [0.0, 0.0, 0.0, 1.0]], [[0.010115380398929119, -0.9999465346336365, 0.002171160886064172, 0.01177978515625], [0.0034679423552006483, -0.002136178547516465, -0.9999917149543762, 1.4811701774597168], [0.9999428391456604, 0.01012282632291317, 0.0034461496397852898, -1.447509765625], [0.0, 0.0, 0.0, 1.0]], [[-0.8440829515457153, -0.5361950993537903, -0.004341562744230032, 0.90380859375], [0.012030371464788914, -0.010842392221093178, -0.9998688101768494, 1.4957828521728516], [0.5360777378082275, -0.8440244197845459, 0.015602503903210163, -1.15582275390625], [0.0, 0.0, 0.0, 1.0]], [[0.9478654861450195, 0.31851130723953247, -0.01007856335490942, -1.133056640625], [-0.01203362736850977, 0.004171009641140699, -0.9999189376831055, 1.5619068145751953], [-0.3184434473514557, 0.947909951210022, 0.0077864034101367, -0.15990447998046875], [0.0, 0.0, 0.0, 1.0]], [[0.009288807399570942, 0.9999512434005737, -0.0033623836934566498, -0.02911376953125], [-0.010375221259891987, -0.0032659696880728006, -0.999940812587738, 1.567138671875], [-0.9999030232429504, 0.00932314433157444, 0.010344378650188446, -0.044677734375], [0.0, 0.0, 0.0, 1.0]], [[-0.923712432384491, 0.38306790590286255, -0.003792304778471589, 1.00927734375], [-0.006642742548137903, -0.025914287194609642, -0.9996420741081238, 1.5467777252197266], [-0.3830290138721466, -0.9233566522598267, 0.02648196928203106, -0.1044921875], [0.0, 0.0, 0.0, 1.0]]], "view": [[0.0, -2.0, 100.0], [-2.0, 0.0, 100.0], [0.0, 0.0, 1.0]], "bev": "bev_7ffc1763c91942ba97f5ca6f7fde3d37.png", "aux": "aux_7ffc1763c91942ba97f5ca6f7fde3d37.npz", "visibility": "visibility_7ffc1763c91942ba97f5ca6f7fde3d37.png", "pose": [[-0.9997979998588562, 0.020099759101867676, 0.0, 2089.501953125], [-0.020099759101867676, -0.9997979998588562, 0.0, 790.3469848632812], [0.0, 0.0, 1.0, 0.0], [0.0, 0.0, 0.0, 1.0]], "pose_inverse": [[-0.9997979998588562, -0.020099759101867676, 0.0, 2104.965576171875], [0.020099759101867676, -0.9997979998588562, 0.0, 748.1888427734375], [0.0, 0.0, 1.0, 0.0], [0.0, 0.0, 0.0, 1.0]], "cam_ids": [0, 1, 2, 3, 4, 5], "cam_channels": ["CAM_FRONT_LEFT", "CAM_FRONT", "CAM_FRONT_RIGHT", "CAM_BACK_LEFT", "CAM_BACK", "CAM_BACK_RIGHT"], "token": "7ffc1763c91942ba97f5ca6f7fde3d37", "scene": "scene-0254"}, {"images": ["samples/CAM_FRONT_LEFT/n008-2018-08-06-15-06-32-0400__CAM_FRONT_LEFT__1533582455154799.jpg", "samples/CAM_FRONT/n008-2018-08-06-15-06-32-0400__CAM_FRONT__1533582455162404.jpg", "samples/CAM_FRONT_RIGHT/n008-2018-08-06-15-06-32-0400__CAM_FRONT_RIGHT__1533582455170482.jpg", "samples/CAM_BACK_LEFT/n008-2018-08-06-15-06-32-0400__CAM_BACK_LEFT__1533582455197405.jpg", "samples/CAM_BACK/n008-2018-08-06-15-06-32-0400__CAM_BACK__1533582455187558.jpg", "samples/CAM_BACK_RIGHT/n008-2018-08-06-15-06-32-0400__CAM_BACK_RIGHT__1533582455178113.jpg"], "intrinsics": [[[1257.8625342125129, 0.0, 827.2410631095686], [0.0, 1257.8625342125129, 450.915498205774], [0.0, 0.0, 1.0]], [[1252.8131021185304, 0.0, 826.588114781398], [0.0, 1252.8131021185304, 469.9846626224581], [0.0, 0.0, 1.0]], [[1256.7485116440405, 0.0, 817.7887570959712], [0.0, 1256.7485116440403, 451.9541780095127], [0.0, 0.0, 1.0]], [[1254.9860565800168, 0.0, 829.5769333630991], [0.0, 1254.9860565800168, 467.1680561863987], [0.0, 0.0, 1.0]], [[796.8910634503094, 0.0, 857.7774326863696], [0.0, 796.8910634503094, 476.8848988407415], [0.0, 0.0, 1.0]], [[1249.9629280788233, 0.0, 825.3768045375984], [0.0, 1249.9629280788233, 462.54816385708756], [0.0, 0.0, 1.0]]], "extrinsics": [[[0.822694718837738, -0.5684564709663391, 0.005531929433345795, -0.7181396484375], [0.00448260921984911, -0.0032439150381833315, -0.9999846816062927, 1.4898581504821777], [0.5684658288955688, 0.822706937789917, -0.00012058506399625912, -1.138671875], [0.0, 0.0, 0.0, 1.0]], [[0.01052373182028532, -0.9999203681945801, 0.006957101635634899, 0.0107421875], [0.007009686902165413, -0.006883546710014343, -0.9999517798423767, 1.4821968078613281], [0.9999199509620667, 0.010571992956101894, 0.0069366879761219025, -1.447021484375], [0.0, 0.0, 0.0, 1.0]], [[-0.8438388705253601, -0.5365714430809021, -0.0051974146626889706, 0.90234375], [0.01582186296582222, -0.015198234468698502, -0.9997592568397522, 1.4966506958007812], [0.5363633036613464, -0.8437179923057556, 0.02131442166864872, -1.155487060546875], [0.0, 0.0, 0.0, 1.0]], [[0.9478785991668701, 0.318574458360672, -0.006035522557795048, -1.134033203125], [-0.006313093937933445, -0.0001612045307410881, -0.999980092048645, 1.561976432800293], [-0.3185690939426422, 0.9478977918624878, 0.0018583890050649643, -0.15964698791503906], [0.0, 0.0, 0.0, 1.0]], [[0.009061653167009354, 0.9999317526817322, -0.007373724598437548, -0.02886962890625], [-0.005374484695494175, -0.007325215730816126, -0.9999586939811707, 1.5675859451293945], [-0.9999445080757141, 0.009100908413529396, 0.00530773913487792, -0.044921875], [0.0, 0.0, 0.0, 1.0]], [[-0.9238311052322388, 0.38268646597862244, -0.009330051019787788, 1.0084228515625], [-0.002347509143874049, -0.030036384239792824, -0.9995460510253906, 1.5474720001220703], [-0.3827929198741913, -0.9233897924423218, 0.028646906837821007, -0.105224609375], [0.0, 0.0, 0.0, 1.0]]], "view": [[0.0, -2.0, 100.0], [-2.0, 0.0, 100.0], [0.0, 0.0, 1.0]], "bev": "bev_43ccc926abe04a6c82c900332f4db9ae.png", "aux": "aux_43ccc926abe04a6c82c900332f4db9ae.npz", "visibility": "visibility_43ccc926abe04a6c82c900332f4db9ae.png", "pose": [[-0.9996916651725769, 0.024830227717757225, 0.0, 2085.54833984375], [-0.024830227717757225, -0.9996916651725769, 0.0, 790.2920532226562], [0.0, 0.0, 1.0, 0.0], [0.0, 0.0, 0.0, 1.0]], "pose_inverse": [[-0.9996916651725769, -0.024830227717757225, 0.0, 2104.528564453125], [0.024830227717757225, -0.9996916651725769, 0.0, 738.2637329101562], [0.0, 0.0, 1.0, 0.0], [0.0, 0.0, 0.0, 1.0]], "cam_ids": [0, 1, 2, 3, 4, 5], "cam_channels": ["CAM_FRONT_LEFT", "CAM_FRONT", "CAM_FRONT_RIGHT", "CAM_BACK_LEFT", "CAM_BACK", "CAM_BACK_RIGHT"], "token": "43ccc926abe04a6c82c900332f4db9ae", "scene": "scene-0254"}, {"images": ["samples/CAM_FRONT_LEFT/n008-2018-08-06-15-06-32-0400__CAM_FRONT_LEFT__1533582455654799.jpg", "samples/CAM_FRONT/n008-2018-08-06-15-06-32-0400__CAM_FRONT__1533582455662404.jpg", "samples/CAM_FRONT_RIGHT/n008-2018-08-06-15-06-32-0400__CAM_FRONT_RIGHT__1533582455670482.jpg", "samples/CAM_BACK_LEFT/n008-2018-08-06-15-06-32-0400__CAM_BACK_LEFT__1533582455697405.jpg", "samples/CAM_BACK/n008-2018-08-06-15-06-32-0400__CAM_BACK__1533582455687558.jpg", "samples/CAM_BACK_RIGHT/n008-2018-08-06-15-06-32-0400__CAM_BACK_RIGHT__1533582455678113.jpg"], "intrinsics": [[[1257.8625342125129, 0.0, 827.2410631095686], [0.0, 1257.8625342125129, 450.915498205774], [0.0, 0.0, 1.0]], [[1252.8131021185304, 0.0, 826.588114781398], [0.0, 1252.8131021185304, 469.9846626224581], [0.0, 0.0, 1.0]], [[1256.7485116440405, 0.0, 817.7887570959712], [0.0, 1256.7485116440403, 451.9541780095127], [0.0, 0.0, 1.0]], [[1254.9860565800168, 0.0, 829.5769333630991], [0.0, 1254.9860565800168, 467.1680561863987], [0.0, 0.0, 1.0]], [[796.8910634503094, 0.0, 857.7774326863696], [0.0, 796.8910634503094, 476.8848988407415], [0.0, 0.0, 1.0]], [[1249.9629280788233, 0.0, 825.3768045375984], [0.0, 1249.9629280788233, 462.54816385708756], [0.0, 0.0, 1.0]]], "extrinsics": [[[0.8226425051689148, -0.5685321688652039, 0.005521974992007017, -0.71630859375], [0.0020239485893398523, -0.006783873308449984, -0.9999749064445496, 1.489022970199585], [0.5685552954673767, 0.8226330280303955, -0.004430023953318596, -1.1375732421875], [0.0, 0.0, 0.0, 1.0]], [[0.010320545174181461, -0.9998844265937805, 0.011161765083670616, 0.0108642578125], [0.003578192088752985, -0.011125359684228897, -0.9999316930770874, 1.4812312126159668], [0.9999402165412903, 0.010359781794250011, 0.0034629583824425936, -1.444091796875], [0.0, 0.0, 0.0, 1.0]], [[-0.8440415859222412, -0.5362764596939087, 0.0011829221621155739, 0.89892578125], [0.011317533440887928, -0.020017802715301514, -0.9997355341911316, 1.4956912994384766], [0.5361583232879639, -0.8438049554824829, 0.02296518161892891, -1.1536865234375], [0.0, 0.0, 0.0, 1.0]], [[0.947843074798584, 0.31834256649017334, -0.015855759382247925, -1.130126953125], [-0.014744115993380547, -0.0059013450518250465, -0.9998738765716553, 1.56182861328125], [-0.3183960020542145, 0.9479573369026184, -0.0008998679695650935, -0.16080474853515625], [0.0, 0.0, 0.0, 1.0]], [[0.009296474047005177, 0.9998718500137329, -0.013033943250775337, -0.028564453125], [-0.012391017749905586, -0.012918316759169102, -0.999839723110199, 1.5669174194335938], [-0.9998799562454224, 0.00945648830384016, 0.012269334867596626, -0.048828125], [0.0, 0.0, 0.0, 1.0]], [[-0.923717737197876, 0.38302454352378845, -0.006141184829175472, 1.0047607421875], [-0.007991439662873745, -0.035295382142066956, -0.9993449449539185, 1.5465049743652344], [-0.38299036026000977, -0.9230636358261108, 0.03566388785839081, -0.1070556640625], [0.0, 0.0, 0.0, 1.0]]], "view": [[0.0, -2.0, 100.0], [-2.0, 0.0, 100.0], [0.0, 0.0, 1.0]], "bev": "bev_a5318e491a8b4234980144197f6790d9.png", "aux": "aux_a5318e491a8b4234980144197f6790d9.npz", "visibility": "visibility_a5318e491a8b4234980144197f6790d9.png", "pose": [[-0.9996820092201233, 0.025215687230229378, 0.0, 2081.63037109375], [-0.025215687230229378, -0.9996820092201233, 0.0, 790.221923828125], [0.0, 0.0, 1.0, 0.0], [0.0, 0.0, 0.0, 1.0]], "pose_inverse": [[-0.9996820092201233, -0.025215687230229378, 0.0, 2100.89453125], [0.025215687230229378, -0.9996820092201233, 0.0, 737.4808959960938], [0.0, 0.0, 1.0, 0.0], [0.0, 0.0, 0.0, 1.0]], "cam_ids": [0, 1, 2, 3, 4, 5], "cam_channels": ["CAM_FRONT_LEFT", "CAM_FRONT", "CAM_FRONT_RIGHT", "CAM_BACK_LEFT", "CAM_BACK", "CAM_BACK_RIGHT"], "token": "a5318e491a8b4234980144197f6790d9", "scene": "scene-0254"}, {"images": ["samples/CAM_FRONT_LEFT/n008-2018-08-06-15-06-32-0400__CAM_FRONT_LEFT__1533582456154799.jpg", "samples/CAM_FRONT/n008-2018-08-06-15-06-32-0400__CAM_FRONT__1533582456162404.jpg", "samples/CAM_FRONT_RIGHT/n008-2018-08-06-15-06-32-0400__CAM_FRONT_RIGHT__1533582456170482.jpg", "samples/CAM_BACK_LEFT/n008-2018-08-06-15-06-32-0400__CAM_BACK_LEFT__1533582456197405.jpg", "samples/CAM_BACK/n008-2018-08-06-15-06-32-0400__CAM_BACK__1533582456187558.jpg", "samples/CAM_BACK_RIGHT/n008-2018-08-06-15-06-32-0400__CAM_BACK_RIGHT__1533582456178116.jpg"], "intrinsics": [[[1257.8625342125129, 0.0, 827.2410631095686], [0.0, 1257.8625342125129, 450.915498205774], [0.0, 0.0, 1.0]], [[1252.8131021185304, 0.0, 826.588114781398], [0.0, 1252.8131021185304, 469.9846626224581], [0.0, 0.0, 1.0]], [[1256.7485116440405, 0.0, 817.7887570959712], [0.0, 1256.7485116440403, 451.9541780095127], [0.0, 0.0, 1.0]], [[1254.9860565800168, 0.0, 829.5769333630991], [0.0, 1254.9860565800168, 467.1680561863987], [0.0, 0.0, 1.0]], [[796.8910634503094, 0.0, 857.7774326863696], [0.0, 796.8910634503094, 476.8848988407415], [0.0, 0.0, 1.0]], [[1249.9629280788233, 0.0, 825.3768045375984], [0.0, 1249.9629280788233, 462.54816385708756], [0.0, 0.0, 1.0]]], "extrinsics": [[[0.8221754431724548, -0.5692281723022461, 0.0026208816561847925, -0.7169189453125], [-0.006723300088196993, -0.01431462075561285, -0.9998749494552612, 1.4859428405761719], [0.5691944360733032, 0.8220550417900085, -0.015596221201121807, -1.1337890625], [0.0, 0.0, 0.0, 1.0]], [[0.009758207947015762, -0.9997978210449219, 0.017580321058630943, 0.008056640625], [-0.004020214080810547, -0.01762024313211441, -0.9998366832733154, 1.4790000915527344], [0.9999443292617798, 0.0096859410405159, -0.004191342741250992, -1.44580078125], [0.0, 0.0, 0.0, 1.0]], [[-0.8442432284355164, -0.5358731150627136, 0.009668882936239243, 0.901611328125], [0.004647057969123125, -0.02535846084356308, -0.9996676445007324, 1.494107723236084], [0.5359401106834412, -0.8439176678657532, 0.023898940533399582, -1.157470703125], [0.0, 0.0, 0.0, 1.0]], [[0.9478102922439575, 0.3181954622268677, -0.02018224075436592, -1.135498046875], [-0.018751926720142365, -0.0075577558018267155, -0.9997956156730652, 1.5618705749511719], [-0.31828299164772034, 0.9479950666427612, -0.0011965405428782105, -0.15886688232421875], [0.0, 0.0, 0.0, 1.0]], [[0.009427029639482498, 0.9998253583908081, -0.01613827608525753, -0.028076171875], [-0.017072470858693123, -0.0159757137298584, -0.9997265934944153, 1.5665664672851562], [-0.9998099207878113, 0.009699974209070206, 0.016918884590268135, -0.043212890625], [0.0, 0.0, 0.0, 1.0]], [[-0.9236335158348083, 0.38326767086982727, -0.00265492289327085, 1.01025390625], [-0.01354682631790638, -0.03956739231944084, -0.999125063419342, 1.5456047058105469], [-0.38303738832473755, -0.9227893948554993, 0.04173782840371132, -0.106201171875], [0.0, 0.0, 0.0, 1.0]]], "view": [[0.0, -2.0, 100.0], [-2.0, 0.0, 100.0], [0.0, 0.0, 1.0]], "bev": "bev_83ce88229c144ab0b55be945885e7256.png", "aux": "aux_83ce88229c144ab0b55be945885e7256.npz", "visibility": "visibility_83ce88229c144ab0b55be945885e7256.png", "pose": [[-0.999575674533844, 0.029129289090633392, 0.0, 2077.73583984375], [-0.029129289090633392, -0.999575674533844, 0.0, 790.1350708007812], [0.0, 0.0, 1.0, 0.0], [0.0, 0.0, 0.0, 1.0]], "pose_inverse": [[-0.999575674533844, -0.029129289090633392, 0.0, 2099.8701171875], [0.029129289090633392, -0.999575674533844, 0.0, 729.2767944335938], [0.0, 0.0, 1.0, 0.0], [0.0, 0.0, 0.0, 1.0]], "cam_ids": [0, 1, 2, 3, 4, 5], "cam_channels": ["CAM_FRONT_LEFT", "CAM_FRONT", "CAM_FRONT_RIGHT", "CAM_BACK_LEFT", "CAM_BACK", "CAM_BACK_RIGHT"], "token": "83ce88229c144ab0b55be945885e7256", "scene": "scene-0254"}, {"images": ["samples/CAM_FRONT_LEFT/n008-2018-08-06-15-06-32-0400__CAM_FRONT_LEFT__1533582456654799.jpg", "samples/CAM_FRONT/n008-2018-08-06-15-06-32-0400__CAM_FRONT__1533582456662404.jpg", "samples/CAM_FRONT_RIGHT/n008-2018-08-06-15-06-32-0400__CAM_FRONT_RIGHT__1533582456670482.jpg", "samples/CAM_BACK_LEFT/n008-2018-08-06-15-06-32-0400__CAM_BACK_LEFT__1533582456697405.jpg", "samples/CAM_BACK/n008-2018-08-06-15-06-32-0400__CAM_BACK__1533582456687558.jpg", "samples/CAM_BACK_RIGHT/n008-2018-08-06-15-06-32-0400__CAM_BACK_RIGHT__1533582456678113.jpg"], "intrinsics": [[[1257.8625342125129, 0.0, 827.2410631095686], [0.0, 1257.8625342125129, 450.915498205774], [0.0, 0.0, 1.0]], [[1252.8131021185304, 0.0, 826.588114781398], [0.0, 1252.8131021185304, 469.9846626224581], [0.0, 0.0, 1.0]], [[1256.7485116440405, 0.0, 817.7887570959712], [0.0, 1256.7485116440403, 451.9541780095127], [0.0, 0.0, 1.0]], [[1254.9860565800168, 0.0, 829.5769333630991], [0.0, 1254.9860565800168, 467.1680561863987], [0.0, 0.0, 1.0]], [[796.8910634503094, 0.0, 857.7774326863696], [0.0, 796.8910634503094, 476.8848988407415], [0.0, 0.0, 1.0]], [[1249.9629280788233, 0.0, 825.3768045375984], [0.0, 1249.9629280788233, 462.54816385708756], [0.0, 0.0, 1.0]]], "extrinsics": [[[0.8227675557136536, -0.5679399967193604, 0.022306455299258232, -0.7392578125], [0.01861327700316906, -0.012301472947001457, -0.999751091003418, 1.4943046569824219], [0.5680730938911438, 0.8229780197143555, 0.00044996922952122986, -1.1527099609375], [0.0, 0.0, 0.0, 1.0]], [[0.010795271955430508, -0.9998026490211487, 0.016673211008310318, 0.01019287109375], [0.019599582999944687, -0.01645941659808159, -0.9996724128723145, 1.485391616821289], [0.9997495412826538, 0.011118520051240921, 0.019418029114603996, -1.469482421875], [0.0, 0.0, 0.0, 1.0]], [[-0.8435704112052917, -0.5369468927383423, -0.008780314587056637, 0.918212890625], [0.026395604014396667, -0.02512737177312374, -0.9993357062339783, 1.4985275268554688], [0.5363696813583374, -0.8432417511940002, 0.035369742661714554, -1.166015625], [0.0, 0.0, 0.0, 1.0]], [[0.947866678237915, 0.3186149299144745, -0.005781096871942282, -1.13720703125], [-0.0027162025216966867, -0.01006288267672062, -0.9999456405639648, 1.5620231628417969], [-0.3186558485031128, 0.947830855846405, -0.008672849275171757, -0.15857505798339844], [0.0, 0.0, 0.0, 1.0]], [[0.008943302556872368, 0.9998061656951904, -0.017537731677293777, -0.02886962890625], [0.0005878747906535864, -0.01754368655383587, -0.9998459219932556, 1.5681180953979492], [-0.9999598860740662, 0.008931619115173817, -0.0007446593954227865, -0.03515625], [0.0, 0.0, 0.0, 1.0]], [[-0.9238137602806091, 0.38226038217544556, -0.02110031247138977, 1.0225830078125], [0.006183035206049681, -0.040210478007793427, -0.9991720914840698, 1.5487899780273438], [-0.38279232382774353, -0.9231793880462646, 0.034783460199832916, -0.0994873046875], [0.0, 0.0, 0.0, 1.0]]], "view": [[0.0, -2.0, 100.0], [-2.0, 0.0, 100.0], [0.0, 0.0, 1.0]], "bev": "bev_d0121e09fc4848deaf000b8a1860fcf6.png", "aux": "aux_d0121e09fc4848deaf000b8a1860fcf6.npz", "visibility": "visibility_d0121e09fc4848deaf000b8a1860fcf6.png", "pose": [[-0.9994322061538696, 0.03369442746043205, 0.0, 2073.833251953125], [-0.03369442746043205, -0.9994322061538696, 0.0, 790.0324096679688], [0.0, 0.0, 1.0, 0.0], [0.0, 0.0, 0.0, 1.0]], "pose_inverse": [[-0.9994322061538696, -0.03369442746043205, 0.0, 2099.275390625], [0.03369442746043205, -0.9994322061538696, 0.0, 719.7072143554688], [0.0, 0.0, 1.0, 0.0], [0.0, 0.0, 0.0, 1.0]], "cam_ids": [0, 1, 2, 3, 4, 5], "cam_channels": ["CAM_FRONT_LEFT", "CAM_FRONT", "CAM_FRONT_RIGHT", "CAM_BACK_LEFT", "CAM_BACK", "CAM_BACK_RIGHT"], "token": "d0121e09fc4848deaf000b8a1860fcf6", "scene": "scene-0254"}, {"images": ["samples/CAM_FRONT_LEFT/n008-2018-08-06-15-06-32-0400__CAM_FRONT_LEFT__1533582457154799.jpg", "samples/CAM_FRONT/n008-2018-08-06-15-06-32-0400__CAM_FRONT__1533582457162404.jpg", "samples/CAM_FRONT_RIGHT/n008-2018-08-06-15-06-32-0400__CAM_FRONT_RIGHT__1533582457170482.jpg", "samples/CAM_BACK_LEFT/n008-2018-08-06-15-06-32-0400__CAM_BACK_LEFT__1533582457197411.jpg", "samples/CAM_BACK/n008-2018-08-06-15-06-32-0400__CAM_BACK__1533582457187558.jpg", "samples/CAM_BACK_RIGHT/n008-2018-08-06-15-06-32-0400__CAM_BACK_RIGHT__1533582457178113.jpg"], "intrinsics": [[[1257.8625342125129, 0.0, 827.2410631095686], [0.0, 1257.8625342125129, 450.915498205774], [0.0, 0.0, 1.0]], [[1252.8131021185304, 0.0, 826.588114781398], [0.0, 1252.8131021185304, 469.9846626224581], [0.0, 0.0, 1.0]], [[1256.7485116440405, 0.0, 817.7887570959712], [0.0, 1256.7485116440403, 451.9541780095127], [0.0, 0.0, 1.0]], [[1254.9860565800168, 0.0, 829.5769333630991], [0.0, 1254.9860565800168, 467.1680561863987], [0.0, 0.0, 1.0]], [[796.8910634503094, 0.0, 857.7774326863696], [0.0, 796.8910634503094, 476.8848988407415], [0.0, 0.0, 1.0]], [[1249.9629280788233, 0.0, 825.3768045375984], [0.0, 1249.9629280788233, 462.54816385708756], [0.0, 0.0, 1.0]]], "extrinsics": [[[0.8226765394210815, -0.5683009028434753, 0.015410462394356728, -0.713623046875], [0.008864146657288074, -0.014281095936894417, -0.9998587369918823, 1.4914445877075195], [0.5684406757354736, 0.8226969242095947, -0.00671122083440423, -1.1336669921875], [0.0, 0.0, 0.0, 1.0]], [[0.010468064807355404, -0.9997730851173401, 0.018553294241428375, 0.00958251953125], [0.011002006940543652, -0.018438031896948814, -0.9997695088386536, 1.4833927154541016], [0.9998847842216492, 0.010669778101146221, 0.010806499049067497, -1.443603515625], [0.0, 0.0, 0.0, 1.0]], [[-0.8438612818717957, -0.5365593433380127, -0.0015024987515062094, 0.900634765625], [0.019070720300078392, -0.02719433233141899, -0.9994482398033142, 1.4974021911621094], [0.5362224578857422, -0.8434244394302368, 0.03318081796169281, -1.1558837890625], [0.0, 0.0, 0.0, 1.0]], [[0.9478908777236938, 0.31843894720077515, -0.009978892281651497, -1.135009765625], [-0.006400587968528271, -0.012281403876841068, -0.9999040961265564, 1.5619869232177734], [-0.31853100657463074, 0.9478638768196106, -0.009603232145309448, -0.15907669067382812], [0.0, 0.0, 0.0, 1.0]], [[0.009149162098765373, 0.9997628927230835, -0.019760221242904663, -0.0284423828125], [-0.004291059449315071, -0.019721612334251404, -0.9997962713241577, 1.5676898956298828], [-0.999949038028717, 0.00923208799213171, 0.004109606146812439, -0.0439453125], [0.0, 0.0, 0.0, 1.0]], [[-0.9237662553787231, 0.3826153576374054, -0.016169847920536995, 1.009033203125], [-4.5969049097038805e-05, -0.04233446717262268, -0.9991034865379333, 1.5478324890136719], [-0.3829568326473236, -0.9229373335838318, 0.039124734699726105, -0.10595703125], [0.0, 0.0, 0.0, 1.0]]], "view": [[0.0, -2.0, 100.0], [-2.0, 0.0, 100.0], [0.0, 0.0, 1.0]], "bev": "bev_19dea1243d3147e3971c9821e41419ef.png", "aux": "aux_19dea1243d3147e3971c9821e41419ef.npz", "visibility": "visibility_19dea1243d3147e3971c9821e41419ef.png", "pose": [[-0.9995097517967224, 0.031309980899095535, 0.0, 2070.031005859375], [-0.031309980899095535, -0.9995097517967224, 0.0, 789.9290771484375], [0.0, 0.0, 1.0, 0.0], [0.0, 0.0, 0.0, 1.0]], "pose_inverse": [[-0.9995097517967224, -0.031309980899095535, 0.0, 2093.748779296875], [0.031309980899095535, -0.9995097517967224, 0.0, 724.7291870117188], [0.0, 0.0, 1.0, 0.0], [0.0, 0.0, 0.0, 1.0]], "cam_ids": [0, 1, 2, 3, 4, 5], "cam_channels": ["CAM_FRONT_LEFT", "CAM_FRONT", "CAM_FRONT_RIGHT", "CAM_BACK_LEFT", "CAM_BACK", "CAM_BACK_RIGHT"], "token": "19dea1243d3147e3971c9821e41419ef", "scene": "scene-0254"}, {"images": ["samples/CAM_FRONT_LEFT/n008-2018-08-06-15-06-32-0400__CAM_FRONT_LEFT__1533582457604799.jpg", "samples/CAM_FRONT/n008-2018-08-06-15-06-32-0400__CAM_FRONT__1533582457612404.jpg", "samples/CAM_FRONT_RIGHT/n008-2018-08-06-15-06-32-0400__CAM_FRONT_RIGHT__1533582457620482.jpg", "samples/CAM_BACK_LEFT/n008-2018-08-06-15-06-32-0400__CAM_BACK_LEFT__1533582457647405.jpg", "samples/CAM_BACK/n008-2018-08-06-15-06-32-0400__CAM_BACK__1533582457637558.jpg", "samples/CAM_BACK_RIGHT/n008-2018-08-06-15-06-32-0400__CAM_BACK_RIGHT__1533582457628113.jpg"], "intrinsics": [[[1257.8625342125129, 0.0, 827.2410631095686], [0.0, 1257.8625342125129, 450.915498205774], [0.0, 0.0, 1.0]], [[1252.8131021185304, 0.0, 826.588114781398], [0.0, 1252.8131021185304, 469.9846626224581], [0.0, 0.0, 1.0]], [[1256.7485116440405, 0.0, 817.7887570959712], [0.0, 1256.7485116440403, 451.9541780095127], [0.0, 0.0, 1.0]], [[1254.9860565800168, 0.0, 829.5769333630991], [0.0, 1254.9860565800168, 467.1680561863987], [0.0, 0.0, 1.0]], [[796.8910634503094, 0.0, 857.7774326863696], [0.0, 796.8910634503094, 476.8848988407415], [0.0, 0.0, 1.0]], [[1249.9629280788233, 0.0, 825.3768045375984], [0.0, 1249.9629280788233, 462.54816385708756], [0.0, 0.0, 1.0]]], "extrinsics": [[[0.8228110671043396, -0.5681094527244568, 0.015282009728252888, -0.7265625], [0.0067297001369297504, -0.017148353159427643, -0.9998303055763245, 1.490559458732605], [0.5682751536369324, 0.822774350643158, -0.01028665341436863, -1.1397705078125], [0.0, 0.0, 0.0, 1.0]], [[0.010634446516633034, -0.9997140765190125, 0.021414412185549736, 0.00750732421875], [0.008912655524909496, -0.021320007741451263, -0.9997329711914062, 1.4826271533966064], [0.999903678894043, 0.01082246657460928, 0.008683379739522934, -1.456298828125], [0.0, 0.0, 0.0, 1.0]], [[-0.8438193202018738, -0.5366248488426208, 0.0016405089991167188, 0.90966796875], [0.017177285626530647, -0.030065791681408882, -0.99940025806427, 1.496725082397461], [0.5363524556159973, -0.843285083770752, 0.03458785265684128, -1.1634521484375], [0.0, 0.0, 0.0, 1.0]], [[0.9478537440299988, 0.3184709846973419, -0.012228749692440033, -1.146240234375], [-0.007925516925752163, -0.014804474078118801, -0.9998589754104614, 1.5620555877685547], [-0.3186071217060089, 0.9478169679641724, -0.011508427560329437, -0.15467071533203125], [0.0, 0.0, 0.0, 1.0]], [[0.009078197181224823, 0.9997059106826782, -0.02248477004468441, -0.0277099609375], [-0.005933702457696199, -0.022431444376707077, -0.9997307658195496, 1.5675907135009766], [-0.9999411702156067, 0.009209170937538147, 0.005728320684283972, -0.032958984375], [0.0, 0.0, 0.0, 1.0]], [[-0.9238122701644897, 0.38252782821655273, -0.0155996298417449, 1.019287109375], [-0.0018336722860112786, -0.045167043805122375, -0.998977780342102, 1.5475082397460938], [-0.3828413486480713, -0.922839343547821, 0.04242730513215065, -0.1026611328125], [0.0, 0.0, 0.0, 1.0]]], "view": [[0.0, -2.0, 100.0], [-2.0, 0.0, 100.0], [0.0, 0.0, 1.0]], "bev": "bev_e816e63d035b43fc9305f065ce068b40.png", "aux": "aux_e816e63d035b43fc9305f065ce068b40.npz", "visibility": "visibility_e816e63d035b43fc9305f065ce068b40.png", "pose": [[-0.9996992349624634, 0.024524424225091934, 0.0, 2066.535888671875], [-0.024524424225091934, -0.9996992349624634, 0.0, 789.8427734375], [0.0, 0.0, 1.0, 0.0], [0.0, 0.0, 0.0, 1.0]], "pose_inverse": [[-0.9996992349624634, -0.024524424225091934, 0.0, 2085.28466796875], [0.024524424225091934, -0.9996992349624634, 0.0, 738.9246215820312], [0.0, 0.0, 1.0, 0.0], [0.0, 0.0, 0.0, 1.0]], "cam_ids": [0, 1, 2, 3, 4, 5], "cam_channels": ["CAM_FRONT_LEFT", "CAM_FRONT", "CAM_FRONT_RIGHT", "CAM_BACK_LEFT", "CAM_BACK", "CAM_BACK_RIGHT"], "token": "e816e63d035b43fc9305f065ce068b40", "scene": "scene-0254"}, {"images": ["samples/CAM_FRONT_LEFT/n008-2018-08-06-15-06-32-0400__CAM_FRONT_LEFT__1533582458104799.jpg", "samples/CAM_FRONT/n008-2018-08-06-15-06-32-0400__CAM_FRONT__1533582458112404.jpg", "samples/CAM_FRONT_RIGHT/n008-2018-08-06-15-06-32-0400__CAM_FRONT_RIGHT__1533582458120482.jpg", "samples/CAM_BACK_LEFT/n008-2018-08-06-15-06-32-0400__CAM_BACK_LEFT__1533582458147405.jpg", "samples/CAM_BACK/n008-2018-08-06-15-06-32-0400__CAM_BACK__1533582458137558.jpg", "samples/CAM_BACK_RIGHT/n008-2018-08-06-15-06-32-0400__CAM_BACK_RIGHT__1533582458128113.jpg"], "intrinsics": [[[1257.8625342125129, 0.0, 827.2410631095686], [0.0, 1257.8625342125129, 450.915498205774], [0.0, 0.0, 1.0]], [[1252.8131021185304, 0.0, 826.588114781398], [0.0, 1252.8131021185304, 469.9846626224581], [0.0, 0.0, 1.0]], [[1256.7485116440405, 0.0, 817.7887570959712], [0.0, 1256.7485116440403, 451.9541780095127], [0.0, 0.0, 1.0]], [[1254.9860565800168, 0.0, 829.5769333630991], [0.0, 1254.9860565800168, 467.1680561863987], [0.0, 0.0, 1.0]], [[796.8910634503094, 0.0, 857.7774326863696], [0.0, 796.8910634503094, 476.8848988407415], [0.0, 0.0, 1.0]], [[1249.9629280788233, 0.0, 825.3768045375984], [0.0, 1249.9629280788233, 462.54816385708756], [0.0, 0.0, 1.0]]], "extrinsics": [[[0.822547972202301, -0.5683393478393555, 0.020130930468440056, -0.72412109375], [0.01600847952067852, -0.01224462129175663, -0.9997968673706055, 1.4937629699707031], [0.5684704184532166, 0.8227031230926514, -0.0009735397761687636, -1.1422119140625], [0.0, 0.0, 0.0, 1.0]], [[0.010377560742199421, -0.9998096823692322, 0.016521604731678963, 0.01025390625], [0.017710600048303604, -0.016336126253008842, -0.9997096657752991, 1.4851188659667969], [0.9997892379760742, 0.010667157359421253, 0.01753770187497139, -1.456787109375], [0.0, 0.0, 0.0, 1.0]], [[-0.8437991738319397, -0.5365982055664062, -0.008077028207480907, 0.912353515625], [0.025463011115789413, -0.024997815489768982, -0.999363124370575, 1.4985160827636719], [0.5360546708106995, -0.8434675335884094, 0.03475654497742653, -1.162506103515625], [0.0, 0.0, 0.0, 1.0]], [[0.9478980898857117, 0.31855273246765137, -0.0036541512235999107, -1.144775390625], [-0.0006106566288508475, -0.00965347420424223, -0.9999532699584961, 1.5620441436767578], [-0.31857314705848694, 0.9478559494018555, -0.008955982513725758, -0.155609130859375], [0.0, 0.0, 0.0, 1.0]], [[0.009137021377682686, 0.9998093843460083, -0.017256174236536026, -0.02874755859375], [0.001895667752251029, -0.01727418042719364, -0.9998489618301392, 1.5682120323181152], [-0.9999564290046692, 0.009102928452193737, -0.002053141361102462, -0.0302734375], [0.0, 0.0, 0.0, 1.0]], [[-0.9236828684806824, 0.3825714588165283, -0.021190321072936058, 1.0216064453125], [0.006338376086205244, -0.040040235966444016, -0.9991779327392578, 1.548807144165039], [-0.38310539722442627, -0.9230578541755676, 0.03455960005521774, -0.100341796875], [0.0, 0.0, 0.0, 1.0]]], "view": [[0.0, -2.0, 100.0], [-2.0, 0.0, 100.0], [0.0, 0.0, 1.0]], "bev": "bev_7a7417a0b43c466f882413bbd6454ac9.png", "aux": "aux_7a7417a0b43c466f882413bbd6454ac9.npz", "visibility": "visibility_7a7417a0b43c466f882413bbd6454ac9.png", "pose": [[-0.9998186230659485, 0.019045786932110786, 0.0, 2062.520263671875], [-0.019045786932110786, -0.9998186230659485, 0.0, 789.7730102539062], [0.0, 0.0, 1.0, 0.0], [0.0, 0.0, 0.0, 1.0]], "pose_inverse": [[-0.9998186230659485, -0.019045786932110786, 0.0, 2077.18798828125], [0.019045786932110786, -0.9998186230659485, 0.0, 750.347412109375], [0.0, 0.0, 1.0, 0.0], [0.0, 0.0, 0.0, 1.0]], "cam_ids": [0, 1, 2, 3, 4, 5], "cam_channels": ["CAM_FRONT_LEFT", "CAM_FRONT", "CAM_FRONT_RIGHT", "CAM_BACK_LEFT", "CAM_BACK", "CAM_BACK_RIGHT"], "token": "7a7417a0b43c466f882413bbd6454ac9", "scene": "scene-0254"}, {"images": ["samples/CAM_FRONT_LEFT/n008-2018-08-06-15-06-32-0400__CAM_FRONT_LEFT__1533582458604799.jpg", "samples/CAM_FRONT/n008-2018-08-06-15-06-32-0400__CAM_FRONT__1533582458612404.jpg", "samples/CAM_FRONT_RIGHT/n008-2018-08-06-15-06-32-0400__CAM_FRONT_RIGHT__1533582458620482.jpg", "samples/CAM_BACK_LEFT/n008-2018-08-06-15-06-32-0400__CAM_BACK_LEFT__1533582458647405.jpg", "samples/CAM_BACK/n008-2018-08-06-15-06-32-0400__CAM_BACK__1533582458637558.jpg", "samples/CAM_BACK_RIGHT/n008-2018-08-06-15-06-32-0400__CAM_BACK_RIGHT__1533582458628113.jpg"], "intrinsics": [[[1257.8625342125129, 0.0, 827.2410631095686], [0.0, 1257.8625342125129, 450.915498205774], [0.0, 0.0, 1.0]], [[1252.8131021185304, 0.0, 826.588114781398], [0.0, 1252.8131021185304, 469.9846626224581], [0.0, 0.0, 1.0]], [[1256.7485116440405, 0.0, 817.7887570959712], [0.0, 1256.7485116440403, 451.9541780095127], [0.0, 0.0, 1.0]], [[1254.9860565800168, 0.0, 829.5769333630991], [0.0, 1254.9860565800168, 467.1680561863987], [0.0, 0.0, 1.0]], [[796.8910634503094, 0.0, 857.7774326863696], [0.0, 796.8910634503094, 476.8848988407415], [0.0, 0.0, 1.0]], [[1249.9629280788233, 0.0, 825.3768045375984], [0.0, 1249.9629280788233, 462.54816385708756], [0.0, 0.0, 1.0]]], "extrinsics": [[[0.8224399089813232, -0.5688090324401855, 0.007001339457929134, -0.722900390625], [0.00408552959561348, -0.006401155609637499, -0.9999711513519287, 1.4896998405456543], [0.5688374042510986, 0.8224447965621948, -0.0029406810645014048, -1.140869140625], [0.0, 0.0, 0.0, 1.0]], [[0.010000664740800858, -0.9998937249183655, 0.010607185773551464, 0.00958251953125], [0.006067367736250162, -0.010546845383942127, -0.9999260306358337, 1.4818806648254395], [0.9999315142631531, 0.010064284317195415, 0.005961248185485601, -1.45458984375], [0.0, 0.0, 0.0, 1.0]], [[-0.8441278338432312, -0.536139726638794, -0.001586339669302106, 0.910400390625], [0.014117792248725891, -0.019269853830337524, -0.9997146129608154, 1.4961061477661133], [0.535956084728241, -0.8439093828201294, 0.023835325613617897, -1.1619873046875], [0.0, 0.0, 0.0, 1.0]], [[0.9478691816329956, 0.3184455931186676, -0.011680176481604576, -1.151123046875], [-0.011039010249078274, -0.0038180542178452015, -0.9999317526817322, 1.562124252319336], [-0.31846848130226135, 0.9479334950447083, -0.0001036899266182445, -0.15383148193359375], [0.0, 0.0, 0.0, 1.0]], [[0.009310800582170486, 0.9998895525932312, -0.0115831783041358, -0.02838134765625], [-0.008975044824182987, -0.011499650776386261, -0.9998936057090759, 1.5674095153808594], [-0.9999163746833801, 0.009413769468665123, 0.008866983465850353, -0.02880859375], [0.0, 0.0, 0.0, 1.0]], [[-0.923681378364563, 0.3830633759498596, -0.00866542849689722, 1.0203857421875], [-0.004860619083046913, -0.034328214824199677, -0.9993988275527954, 1.5471000671386719], [-0.3831304907798767, -0.923084020614624, 0.03357025980949402, -0.1011962890625], [0.0, 0.0, 0.0, 1.0]]], "view": [[0.0, -2.0, 100.0], [-2.0, 0.0, 100.0], [0.0, 0.0, 1.0]], "bev": "bev_651c172b106c468faf4bf13a9665eb00.png", "aux": "aux_651c172b106c468faf4bf13a9665eb00.npz", "visibility": "visibility_651c172b106c468faf4bf13a9665eb00.png", "pose": [[-0.9998345971107483, 0.018188178539276123, 0.0, 2058.524658203125], [-0.018188178539276123, -0.9998345971107483, 0.0, 789.727783203125], [0.0, 0.0, 1.0, 0.0], [0.0, 0.0, 0.0, 1.0]], "pose_inverse": [[-0.9998345971107483, -0.018188178539276123, 0.0, 2072.5478515625], [0.018188178539276123, -0.9998345971107483, 0.0, 752.1563110351562], [0.0, 0.0, 1.0, 0.0], [0.0, 0.0, 0.0, 1.0]], "cam_ids": [0, 1, 2, 3, 4, 5], "cam_channels": ["CAM_FRONT_LEFT", "CAM_FRONT", "CAM_FRONT_RIGHT", "CAM_BACK_LEFT", "CAM_BACK", "CAM_BACK_RIGHT"], "token": "651c172b106c468faf4bf13a9665eb00", "scene": "scene-0254"}, {"images": ["samples/CAM_FRONT_LEFT/n008-2018-08-06-15-06-32-0400__CAM_FRONT_LEFT__1533582459154799.jpg", "samples/CAM_FRONT/n008-2018-08-06-15-06-32-0400__CAM_FRONT__1533582459162404.jpg", "samples/CAM_FRONT_RIGHT/n008-2018-08-06-15-06-32-0400__CAM_FRONT_RIGHT__1533582459170482.jpg", "samples/CAM_BACK_LEFT/n008-2018-08-06-15-06-32-0400__CAM_BACK_LEFT__1533582459197405.jpg", "samples/CAM_BACK/n008-2018-08-06-15-06-32-0400__CAM_BACK__1533582459187558.jpg", "samples/CAM_BACK_RIGHT/n008-2018-08-06-15-06-32-0400__CAM_BACK_RIGHT__1533582459178113.jpg"], "intrinsics": [[[1257.8625342125129, 0.0, 827.2410631095686], [0.0, 1257.8625342125129, 450.915498205774], [0.0, 0.0, 1.0]], [[1252.8131021185304, 0.0, 826.588114781398], [0.0, 1252.8131021185304, 469.9846626224581], [0.0, 0.0, 1.0]], [[1256.7485116440405, 0.0, 817.7887570959712], [0.0, 1256.7485116440403, 451.9541780095127], [0.0, 0.0, 1.0]], [[1254.9860565800168, 0.0, 829.5769333630991], [0.0, 1254.9860565800168, 467.1680561863987], [0.0, 0.0, 1.0]], [[796.8910634503094, 0.0, 857.7774326863696], [0.0, 796.8910634503094, 476.8848988407415], [0.0, 0.0, 1.0]], [[1249.9629280788233, 0.0, 825.3768045375984], [0.0, 1249.9629280788233, 462.54816385708756], [0.0, 0.0, 1.0]]], "extrinsics": [[[0.8224539756774902, -0.5687171816825867, 0.011410925537347794, -0.7208251953125], [0.004723749123513699, -0.013231059536337852, -0.999901294708252, 1.4899500608444214], [0.5688120722770691, 0.8224266767501831, -0.008195461705327034, -1.1397705078125], [0.0, 0.0, 0.0, 1.0]], [[0.010112880729138851, -0.9997976422309875, 0.01739177480340004, 0.01025390625], [0.006739364936947823, -0.01732412353157997, -0.9998272061347961, 1.4820940494537354], [0.9999261498451233, 0.010228343307971954, 0.006562803406268358, -1.453369140625], [0.0, 0.0, 0.0, 1.0]], [[-0.8440607786178589, -0.5362455248832703, 0.0014636596897616982, 0.91015625], [0.014779780060052872, -0.02599189803004265, -0.9995529055595398, 1.4962873458862305], [0.5360438227653503, -0.8436617851257324, 0.02986433357000351, -1.16119384765625], [0.0, 0.0, 0.0, 1.0]], [[0.94786536693573, 0.3183510899543762, -0.01428264006972313, -1.149658203125], [-0.011523879133164883, -0.010547517798841, -0.9998779296875, 1.562112808227539], [-0.31846290826797485, 0.947914183139801, -0.006328985095024109, -0.15410614013671875], [0.0, 0.0, 0.0, 1.0]], [[0.009273659437894821, 0.9997896552085876, -0.018294362351298332, -0.02862548828125],