[{"images": ["samples/CAM_FRONT_LEFT/n015-2018-10-08-16-03-24+0800__CAM_FRONT_LEFT__1538985869754844.jpg", "samples/CAM_FRONT/n015-2018-10-08-16-03-24+0800__CAM_FRONT__1538985869762460.jpg", "samples/CAM_FRONT_RIGHT/n015-2018-10-08-16-03-24+0800__CAM_FRONT_RIGHT__1538985869770339.jpg", "samples/CAM_BACK_LEFT/n015-2018-10-08-16-03-24+0800__CAM_BACK_LEFT__1538985869797423.jpg", "samples/CAM_BACK/n015-2018-10-08-16-03-24+0800__CAM_BACK__1538985869787525.jpg", "samples/CAM_BACK_RIGHT/n015-2018-10-08-16-03-24+0800__CAM_BACK_RIGHT__1538985869777893.jpg"], "intrinsics": [[[1272.5979470598488, 0.0, 826.6154927353808], [0.0, 1272.5979470598488, 479.75165386361925], [0.0, 0.0, 1.0]], [[1266.417203046554, 0.0, 816.2670197447984], [0.0, 1266.417203046554, 491.50706579294757], [0.0, 0.0, 1.0]], [[1260.8474446004698, 0.0, 807.968244525554], [0.0, 1260.8474446004698, 495.3344268742088], [0.0, 0.0, 1.0]], [[1256.7414812095406, 0.0, 792.1125740759628], [0.0, 1256.7414812095406, 492.7757465151356], [0.0, 0.0, 1.0]], [[809.2209905677063, 0.0, 829.2196003259838], [0.0, 809.2209905677063, 481.77842384512485], [0.0, 0.0, 1.0]], [[1259.5137405846733, 0.0, 807.2529053838625], [0.0, 1259.5137405846733, 501.19579884916527], [0.0, 0.0, 1.0]]], "extrinsics": [[[0.8205710649490356, -0.5713598728179932, 0.014526286162436008, -0.602935791015625], [-0.005028114188462496, -0.03263142704963684, -0.9994547963142395, 1.5061264038085938], [0.5715223550796509, 0.8200506567955017, -0.029649268835783005, -1.031494140625], [0.0, 0.0, 0.0, 1.0]], [[0.005318439099937677, -0.9993235468864441, 0.0363888144493103, 0.009521484375], [-0.010129693895578384, -0.03644130378961563, -0.9992845058441162, 1.5169754028320312], [0.9999345541000366, 0.0049460893496870995, -0.010316655039787292, -1.3323974609375], [0.0, 0.0, 0.0, 1.0]], [[-0.8332077264785767, -0.552779495716095, 0.014126207679510117, 0.8017578125], [-0.004326193127781153, -0.019029101356863976, -0.9998095631599426, 1.5024795532226562], [0.5529431104660034, -0.8331102132797241, 0.013463764451444149, -1.0931396484375], [0.0, 0.0, 0.0, 1.0]], [[0.9478410482406616, 0.31854915618896484, -0.0111256567761302, -1.138916015625], [0.004705376457422972, -0.04888470843434334, -0.9987933039665222, 1.5885696411132812], [-0.318708598613739, 0.9466449618339539, -0.04783382639288902, -0.104736328125], [0.0, 0.0, 0.0, 1.0]], [[0.002724715741351247, 0.9992335438728333, -0.03905067965388298, 0.002197265625], [-0.020801082253456116, -0.03898574039340019, -0.9990232586860657, 1.577239990234375], [-0.9997799396514893, 0.003534343559294939, 0.020678916946053505, -0.1015625], [0.0, 0.0, 0.0, 1.0]], [[-0.9346689581871033, 0.3549883961677551, -0.019417626783251762, 0.94757080078125], [0.011704673990607262, -0.023862116038799286, -0.999646782875061, 1.5538368225097656], [-0.3553263247013092, -0.9345661997795105, 0.018148154020309448, -0.1337890625], [0.0, 0.0, 0.0, 1.0]]], "view": [[0.0, -2.0, 100.0], [-2.0, 0.0, 100.0], [0.0, 0.0, 1.0]], "bev": "bev_2369be8f05c44b45a3a4e6936eadffe8.png", "aux": "aux_2369be8f05c44b45a3a4e6936eadffe8.npz", "visibility": "visibility_2369be8f05c44b45a3a4e6936eadffe8.png", "pose": [[-0.8623313903808594, -0.5063443183898926, 0.0, 2343.55615234375], [0.5063443183898926, -0.8623313903808594, 0.0, 1367.6248779296875], [0.0, 0.0, 1.0, 0.0], [0.0, 0.0, 0.0, 1.0]], "pose_inverse": [[-0.8623313903808594, 0.5063443183898926, 0.0, 1328.4329833984375], [-0.5063443183898926, -0.8623313903808594, 0.0, 2365.9921875], [0.0, 0.0, 1.0, 0.0], [0.0, 0.0, 0.0, 1.0]], "cam_ids": [0, 1, 2, 3, 4, 5], "cam_channels": ["CAM_FRONT_LEFT", "CAM_FRONT", "CAM_FRONT_RIGHT", "CAM_BACK_LEFT", "CAM_BACK", "CAM_BACK_RIGHT"], "token": "2369be8f05c44b45a3a4e6936eadffe8", "scene": "scene-0850"}, {"images": ["samples/CAM_FRONT_LEFT/n015-2018-10-08-16-03-24+0800__CAM_FRONT_LEFT__1538985870254844.jpg", "samples/CAM_FRONT/n015-2018-10-08-16-03-24+0800__CAM_FRONT__1538985870262460.jpg", "samples/CAM_FRONT_RIGHT/n015-2018-10-08-16-03-24+0800__CAM_FRONT_RIGHT__1538985870270339.jpg", "samples/CAM_BACK_LEFT/n015-2018-10-08-16-03-24+0800__CAM_BACK_LEFT__1538985870297423.jpg", "samples/CAM_BACK/n015-2018-10-08-16-03-24+0800__CAM_BACK__1538985870287525.jpg", "samples/CAM_BACK_RIGHT/n015-2018-10-08-16-03-24+0800__CAM_BACK_RIGHT__1538985870277893.jpg"], "intrinsics": [[[1272.5979470598488, 0.0, 826.6154927353808], [0.0, 1272.5979470598488, 479.75165386361925], [0.0, 0.0, 1.0]], [[1266.417203046554, 0.0, 816.2670197447984], [0.0, 1266.417203046554, 491.50706579294757], [0.0, 0.0, 1.0]], [[1260.8474446004698, 0.0, 807.968244525554], [0.0, 1260.8474446004698, 495.3344268742088], [0.0, 0.0, 1.0]], [[1256.7414812095406, 0.0, 792.1125740759628], [0.0, 1256.7414812095406, 492.7757465151356], [0.0, 0.0, 1.0]], [[809.2209905677063, 0.0, 829.2196003259838], [0.0, 809.2209905677063, 481.77842384512485], [0.0, 0.0, 1.0]], [[1259.5137405846733, 0.0, 807.2529053838625], [0.0, 1259.5137405846733, 501.19579884916527], [0.0, 0.0, 1.0]]], "extrinsics": [[[0.8209550976753235, -0.5709363222122192, 0.008026724681258202, -0.618682861328125], [-0.012262241914868355, -0.031682759523391724, -0.9994227886199951, 1.50323486328125], [0.5708611607551575, 0.8203827142715454, -0.03301107883453369, -1.044189453125], [0.0, 0.0, 0.0, 1.0]], [[0.006083292420953512, -0.9993469715118408, 0.03561653941869736, 0.0107421875], [-0.017498737201094627, -0.03571813181042671, -0.9992087483406067, 1.5146560668945312], [0.9998283386230469, 0.00545516237616539, -0.017704593017697334, -1.3482666015625], [0.0, 0.0, 0.0, 1.0]], [[-0.8328213691711426, -0.5531784892082214, 0.020050672814249992, 0.8125], [-0.011813526973128319, -0.018452094867825508, -0.9997599124908447, 1.5005683898925781], [0.5534157752990723, -0.8328582644462585, 0.008832309395074844, -1.098876953125], [0.0, 0.0, 0.0, 1.0]], [[0.9477767944335938, 0.3184104859828949, -0.018275022506713867, -1.14013671875], [-0.0028458319138735533, -0.048854898661375046, -0.9988018274307251, 1.5885467529296875], [-0.3189217448234558, 0.9466931819915771, -0.04539739713072777, -0.1046142578125], [0.0, 0.0, 0.0, 1.0]], [[0.0023541052360087633, 0.9992427825927734, -0.03883853554725647, 0.00146484375], [-0.02837398648262024, -0.03875625878572464, -0.9988457560539246, 1.5766143798828125], [-0.9995945692062378, 0.0034533075522631407, 0.02826126292347908, -0.096435546875], [0.0, 0.0, 0.0, 1.0]], [[-0.9348978996276855, 0.35470715165138245, -0.012191618792712688, 0.9554443359375], [0.0041472893208265305, -0.023430244997143745, -0.9997168779373169, 1.5522994995117188], [-0.35489243268966675, -0.9346838593482971, 0.020433815196156502, -0.1298828125], [0.0, 0.0, 0.0, 1.0]]], "view": [[0.0, -2.0, 100.0], [-2.0, 0.0, 100.0], [0.0, 0.0, 1.0]], "bev": "bev_20741a121ebe46a88400f2aee4bcc212.png", "aux": "aux_20741a121ebe46a88400f2aee4bcc212.npz", "visibility": "visibility_20741a121ebe46a88400f2aee4bcc212.png", "pose": [[-0.8621947765350342, -0.5065768957138062, 0.0, 2339.259033203125], [0.5065768957138062, -0.8621947765350342, 0.0, 1370.18701171875], [0.0, 0.0, 1.0, 0.0], [0.0, 0.0, 0.0, 1.0]], "pose_inverse": [[-0.8621947765350342, 0.5065768957138062, 0.0, 1322.791748046875], [-0.5065768957138062, -0.8621947765350342, 0.0, 2366.3828125], [0.0, 0.0, 1.0, 0.0], [0.0, 0.0, 0.0, 1.0]], "cam_ids": [0, 1, 2, 3, 4, 5], "cam_channels": ["CAM_FRONT_LEFT", "CAM_FRONT", "CAM_FRONT_RIGHT", "CAM_BACK_LEFT", "CAM_BACK", "CAM_BACK_RIGHT"], "token": "20741a121ebe46a88400f2aee4bcc212", "scene": "scene-0850"}, {"images": ["samples/CAM_FRONT_LEFT/n015-2018-10-08-16-03-24+0800__CAM_FRONT_LEFT__1538985870754844.jpg", "samples/CAM_FRONT/n015-2018-10-08-16-03-24+0800__CAM_FRONT__1538985870762460.jpg", "samples/CAM_FRONT_RIGHT/n015-2018-10-08-16-03-24+0800__CAM_FRONT_RIGHT__1538985870770339.jpg", "samples/CAM_BACK_LEFT/n015-2018-10-08-16-03-24+0800__CAM_BACK_LEFT__1538985870797423.jpg", "samples/CAM_BACK/n015-2018-10-08-16-03-24+0800__CAM_BACK__1538985870787525.jpg", "samples/CAM_BACK_RIGHT/n015-2018-10-08-16-03-24+0800__CAM_BACK_RIGHT__1538985870777893.jpg"], "intrinsics": [[[1272.5979470598488, 0.0, 826.6154927353808], [0.0, 1272.5979470598488, 479.75165386361925], [0.0, 0.0, 1.0]], [[1266.417203046554, 0.0, 816.2670197447984], [0.0, 1266.417203046554, 491.50706579294757], [0.0, 0.0, 1.0]], [[1260.8474446004698, 0.0, 807.968244525554], [0.0, 1260.8474446004698, 495.3344268742088], [0.0, 0.0, 1.0]], [[1256.7414812095406, 0.0, 792.1125740759628], [0.0, 1256.7414812095406, 492.7757465151356], [0.0, 0.0, 1.0]], [[809.2209905677063, 0.0, 829.2196003259838], [0.0, 809.2209905677063, 481.77842384512485], [0.0, 0.0, 1.0]], [[1259.5137405846733, 0.0, 807.2529053838625], [0.0, 1259.5137405846733, 501.19579884916527], [0.0, 0.0, 1.0]]], "extrinsics": [[[0.8209261894226074, -0.5709559917449951, 0.00945497490465641, -0.6253662109375], [-0.009568762965500355, -0.03030959703028202, -0.999494731426239, 1.50433349609375], [0.5709540843963623, 0.820421040058136, -0.030345287173986435, -1.045654296875], [0.0, 0.0, 0.0, 1.0]], [[0.006043515633791685, -0.9993979930877686, 0.03416159749031067, 0.008056640625], [-0.014997344464063644, -0.0342489592730999, -0.9993008375167847, 1.515472412109375], [0.9998692274093628, 0.005526972934603691, -0.015195300802588463, -1.35302734375], [0.0, 0.0, 0.0, 1.0]], [[-0.8328051567077637, -0.5532961487770081, 0.017288070172071457, 0.8134765625], [-0.009516601450741291, -0.01691560260951519, -0.999811589717865, 1.5011482238769531], [0.5534842610359192, -0.8328128457069397, 0.00882190652191639, -1.1024169921875], [0.0, 0.0, 0.0, 1.0]], [[0.9477880001068115, 0.3184930682182312, -0.01612182706594467, -1.140869140625], [-0.0012692107120528817, -0.04678662121295929, -0.9989040493965149, 1.5885543823242188], [-0.3188982605934143, 0.9467698335647583, -0.04393957182765007, -0.1043701171875], [0.0, 0.0, 0.0, 1.0]], [[0.0023472809698432684, 0.9993123412132263, -0.03700592368841171, 0.002685546875], [-0.0265254694968462, -0.03693078085780144, -0.9989657402038574, 1.5767974853515625], [-0.9996452927589417, 0.0033264663070440292, 0.02642054110765457, -0.0950927734375], [0.0, 0.0, 0.0, 1.0]], [[-0.9349052906036377, 0.3546375632286072, -0.013573388569056988, 0.958251953125], [0.006251013837754726, -0.021785052493214607, -0.9997431635856628, 1.5526466369628906], [-0.3548421561717987, -0.9347500205039978, 0.018150117248296738, -0.130615234375], [0.0, 0.0, 0.0, 1.0]]], "view": [[0.0, -2.0, 100.0], [-2.0, 0.0, 100.0], [0.0, 0.0, 1.0]], "bev": "bev_f151e50e0f244ecabe0c51d3f702ee7d.png", "aux": "aux_f151e50e0f244ecabe0c51d3f702ee7d.npz", "visibility": "visibility_f151e50e0f244ecabe0c51d3f702ee7d.png", "pose": [[-0.8618906736373901, -0.5070940852165222, 0.0, 2335.068603515625], [0.5070940852165222, -0.8618906736373901, 0.0, 1372.6806640625], [0.0, 0.0, 1.0, 0.0], [0.0, 0.0, 0.0, 1.0]], "pose_inverse": [[-0.8618906736373901, 0.5070940852165222, 0.0, 1316.49560546875], [-0.5070940852165222, -0.8618906736373901, 0.0, 2367.2001953125], [0.0, 0.0, 1.0, 0.0], [0.0, 0.0, 0.0, 1.0]], "cam_ids": [0, 1, 2, 3, 4, 5], "cam_channels": ["CAM_FRONT_LEFT", "CAM_FRONT", "CAM_FRONT_RIGHT", "CAM_BACK_LEFT", "CAM_BACK", "CAM_BACK_RIGHT"], "token": "f151e50e0f244ecabe0c51d3f702ee7d", "scene": "scene-0850"}, {"images": ["samples/CAM_FRONT_LEFT/n015-2018-10-08-16-03-24+0800__CAM_FRONT_LEFT__1538985871254844.jpg", "samples/CAM_FRONT/n015-2018-10-08-16-03-24+0800__CAM_FRONT__1538985871262460.jpg", "samples/CAM_FRONT_RIGHT/n015-2018-10-08-16-03-24+0800__CAM_FRONT_RIGHT__1538985871270339.jpg", "samples/CAM_BACK_LEFT/n015-2018-10-08-16-03-24+0800__CAM_BACK_LEFT__1538985871297423.jpg", "samples/CAM_BACK/n015-2018-10-08-16-03-24+0800__CAM_BACK__1538985871287525.jpg", "samples/CAM_BACK_RIGHT/n015-2018-10-08-16-03-24+0800__CAM_BACK_RIGHT__1538985871277893.jpg"], "intrinsics": [[[1272.5979470598488, 0.0, 826.6154927353808], [0.0, 1272.5979470598488, 479.75165386361925], [0.0, 0.0, 1.0]], [[1266.417203046554, 0.0, 816.2670197447984], [0.0, 1266.417203046554, 491.50706579294757], [0.0, 0.0, 1.0]], [[1260.8474446004698, 0.0, 807.968244525554], [0.0, 1260.8474446004698, 495.3344268742088], [0.0, 0.0, 1.0]], [[1256.7414812095406, 0.0, 792.1125740759628], [0.0, 1256.7414812095406, 492.7757465151356], [0.0, 0.0, 1.0]], [[809.2209905677063, 0.0, 829.2196003259838], [0.0, 809.2209905677063, 481.77842384512485], [0.0, 0.0, 1.0]], [[1259.5137405846733, 0.0, 807.2529053838625], [0.0, 1259.5137405846733, 501.19579884916527], [0.0, 0.0, 1.0]]], "extrinsics": [[[0.8206080198287964, -0.5714439749717712, 0.007357077207416296, -0.637359619140625], [-0.009966058656573296, -0.02718065306544304, -0.9995808601379395, 1.50433349609375], [0.5714044570922852, 0.8201907873153687, -0.02799970842897892, -1.053955078125], [0.0, 0.0, 0.0, 1.0]], [[0.005541747435927391, -0.9994975924491882, 0.031205518171191216, 0.0087890625], [-0.015307805500924587, -0.03128713369369507, -0.9993932247161865, 1.515594482421875], [0.9998673796653748, 0.005060659255832434, -0.015473500825464725, -1.3662109375], [0.0, 0.0, 0.0, 1.0]], [[-0.833055317401886, -0.5529598593711853, 0.015941070392727852, 0.82373046875], [-0.00973143894225359, -0.014163569547235966, -0.9998522996902466, 1.5012092590332031], [0.5531039237976074, -0.8330874443054199, 0.0064179436303675175, -1.1087646484375], [0.0, 0.0, 0.0, 1.0]], [[0.9477850794792175, 0.31854045391082764, -0.015340256504714489, -1.1424560546875], [-0.0011677941074594855, -0.04463525861501694, -0.9990026354789734, 1.5885543823242188], [-0.3189075291156769, 0.946857750415802, -0.04193264618515968, -0.103759765625], [0.0, 0.0, 0.0, 1.0]], [[0.0025001056492328644, 0.999394953250885, -0.0346904993057251, 0.002685546875], [-0.026562443003058434, -0.03461199626326561, -0.9990478157997131, 1.576934814453125], [-0.9996439814567566, 0.0034192840103060007, 0.026459839195013046, -0.090087890625], [0.0, 0.0, 0.0, 1.0]], [[-0.9347903728485107, 0.3549778461456299, -0.012555866502225399, 0.966522216796875], [0.006117937620729208, -0.019252795726060867, -0.9997959136962891, 1.5525703430175781], [-0.355147123336792, -0.934676468372345, 0.015825597569346428, -0.12744140625], [0.0, 0.0, 0.0, 1.0]]], "view": [[0.0, -2.0, 100.0], [-2.0, 0.0, 100.0], [0.0, 0.0, 1.0]], "bev": "bev_25cc5261eda8428a90a76d819bd53dfa.png", "aux": "aux_25cc5261eda8428a90a76d819bd53dfa.npz", "visibility": "visibility_25cc5261eda8428a90a76d819bd53dfa.png", "pose": [[-0.8620150685310364, -0.5068826079368591, 0.0, 2331.009521484375], [0.5068826079368591, -0.8620150685310364, 0.0, 1375.09814453125], [0.0, 0.0, 1.0, 0.0], [0.0, 0.0, 0.0, 1.0]], "pose_inverse": [[-0.8620150685310364, 0.5068826079368591, 0.0, 1312.35205078125], [-0.5068826079368591, -0.8620150685310364, 0.0, 2366.903564453125], [0.0, 0.0, 1.0, 0.0], [0.0, 0.0, 0.0, 1.0]], "cam_ids": [0, 1, 2, 3, 4, 5], "cam_channels": ["CAM_FRONT_LEFT", "CAM_FRONT", "CAM_FRONT_RIGHT", "CAM_BACK_LEFT", "CAM_BACK", "CAM_BACK_RIGHT"], "token": "25cc5261eda8428a90a76d819bd53dfa", "scene": "scene-0850"}, {"images": ["samples/CAM_FRONT_LEFT/n015-2018-10-08-16-03-24+0800__CAM_FRONT_LEFT__1538985871754844.jpg", "samples/CAM_FRONT/n015-2018-10-08-16-03-24+0800__CAM_FRONT__1538985871762460.jpg", "samples/CAM_FRONT_RIGHT/n015-2018-10-08-16-03-24+0800__CAM_FRONT_RIGHT__1538985871770339.jpg", "samples/CAM_BACK_LEFT/n015-2018-10-08-16-03-24+0800__CAM_BACK_LEFT__1538985871797423.jpg", "samples/CAM_BACK/n015-2018-10-08-16-03-24+0800__CAM_BACK__1538985871787525.jpg", "samples/CAM_BACK_RIGHT/n015-2018-10-08-16-03-24+0800__CAM_BACK_RIGHT__1538985871777893.jpg"], "intrinsics": [[[1272.5979470598488, 0.0, 826.6154927353808], [0.0, 1272.5979470598488, 479.75165386361925], [0.0, 0.0, 1.0]], [[1266.417203046554, 0.0, 816.2670197447984], [0.0, 1266.417203046554, 491.50706579294757], [0.0, 0.0, 1.0]], [[1260.8474446004698, 0.0, 807.968244525554], [0.0, 1260.8474446004698, 495.3344268742088], [0.0, 0.0, 1.0]], [[1256.7414812095406, 0.0, 792.1125740759628], [0.0, 1256.7414812095406, 492.7757465151356], [0.0, 0.0, 1.0]], [[809.2209905677063, 0.0, 829.2196003259838], [0.0, 809.2209905677063, 481.77842384512485], [0.0, 0.0, 1.0]], [[1259.5137405846733, 0.0, 807.2529053838625], [0.0, 1259.5137405846733, 501.19579884916527], [0.0, 0.0, 1.0]]], "extrinsics": [[[0.8202212452888489, -0.572026252746582, 0.004797817673534155, -0.648406982421875], [-0.006653440184891224, -0.017926158383488655, -0.9998171329498291, 1.5056648254394531], [0.5720077157020569, 0.8200393915176392, -0.018509358167648315, -1.058837890625], [0.0, 0.0, 0.0, 1.0]], [[0.004953831899911165, -0.9997498393058777, 0.021809596568346024, 0.006103515625], [-0.011974374763667583, -0.021867606788873672, -0.9996892213821411, 1.5167160034179688], [0.9999160170555115, 0.004691193345934153, -0.012079709209501743, -1.3746337890625], [0.0, 0.0, 0.0, 1.0]], [[-0.8332903981208801, -0.5527800917625427, 0.007826653309166431, 0.82666015625], [-0.006371273659169674, -0.004553879611194134, -0.9999693632125854, 1.5020732879638672], [0.5527988076210022, -0.8333147168159485, 0.0002727907558437437, -1.112548828125], [0.0, 0.0, 0.0, 1.0]], [[0.9477983713150024, 0.31874778866767883, -0.008842559531331062, -1.138671875], [0.0023427431005984545, -0.034690942615270615, -0.9993953108787537, 1.5885467529296875], [-0.31886181235313416, 0.9472045302391052, -0.03362676128745079, -0.1044921875], [0.0, 0.0, 0.0, 1.0]], [[0.002645011292770505, 0.999688982963562, -0.024797942489385605, 0.00341796875], [-0.023108139634132385, -0.02473030611872673, -0.999427080154419, 1.5772247314453125], [-0.9997294545173645, 0.003216553945094347, 0.02303553745150566, -0.0906982421875], [0.0, 0.0, 0.0, 1.0]], [[-0.9346715211868286, 0.3553009331226349, -0.012262610718607903, 0.9688720703125], [0.009509625844657421, -0.009493720717728138, -0.9999097585678101, 1.553152084350586], [-0.3553852438926697, -0.9347037672996521, 0.005494731944054365, -0.1279296875], [0.0, 0.0, 0.0, 1.0]]], "view": [[0.0, -2.0, 100.0], [-2.0, 0.0, 100.0], [0.0, 0.0, 1.0]], "bev": "bev_c3de1e8e7c1f432d9c7029a37d432835.png", "aux": "aux_c3de1e8e7c1f432d9c7029a37d432835.npz", "visibility": "visibility_c3de1e8e7c1f432d9c7029a37d432835.png", "pose": [[-0.862825334072113, -0.5055021643638611, 0.0, 2327.06005859375], [0.5055021643638611, -0.862825334072113, 0.0, 1377.444091796875], [0.0, 0.0, 1.0, 0.0], [0.0, 0.0, 0.0, 1.0]], "pose_inverse": [[-0.862825334072113, 0.5055021643638611, 0.0, 1311.5452880859375], [-0.5055021643638611, -0.862825334072113, 0.0, 2364.82763671875], [0.0, 0.0, 1.0, 0.0], [0.0, 0.0, 0.0, 1.0]], "cam_ids": [0, 1, 2, 3, 4, 5], "cam_channels": ["CAM_FRONT_LEFT", "CAM_FRONT", "CAM_FRONT_RIGHT", "CAM_BACK_LEFT", "CAM_BACK", "CAM_BACK_RIGHT"], "token": "c3de1e8e7c1f432d9c7029a37d432835", "scene": "scene-0850"}, {"images": ["samples/CAM_FRONT_LEFT/n015-2018-10-08-16-03-24+0800__CAM_FRONT_LEFT__1538985872254844.jpg", "samples/CAM_FRONT/n015-2018-10-08-16-03-24+0800__CAM_FRONT__1538985872262460.jpg", "samples/CAM_FRONT_RIGHT/n015-2018-10-08-16-03-24+0800__CAM_FRONT_RIGHT__1538985872270339.jpg", "samples/CAM_BACK_LEFT/n015-2018-10-08-16-03-24+0800__CAM_BACK_LEFT__1538985872297423.jpg", "samples/CAM_BACK/n015-2018-10-08-16-03-24+0800__CAM_BACK__1538985872287525.jpg", "samples/CAM_BACK_RIGHT/n015-2018-10-08-16-03-24+0800__CAM_BACK_RIGHT__1538985872277893.jpg"], "intrinsics": [[[1272.5979470598488, 0.0, 826.6154927353808], [0.0, 1272.5979470598488, 479.75165386361925], [0.0, 0.0, 1.0]], [[1266.417203046554, 0.0, 816.2670197447984], [0.0, 1266.417203046554, 491.50706579294757], [0.0, 0.0, 1.0]], [[1260.8474446004698, 0.0, 807.968244525554], [0.0, 1260.8474446004698, 495.3344268742088], [0.0, 0.0, 1.0]], [[1256.7414812095406, 0.0, 792.1125740759628], [0.0, 1256.7414812095406, 492.7757465151356], [0.0, 0.0, 1.0]], [[809.2209905677063, 0.0, 829.2196003259838], [0.0, 809.2209905677063, 481.77842384512485], [0.0, 0.0, 1.0]], [[1259.5137405846733, 0.0, 807.2529053838625], [0.0, 1259.5137405846733, 501.19579884916527], [0.0, 0.0, 1.0]]], "extrinsics": [[[0.8204551339149475, -0.5716896057128906, -0.004934620577841997, -0.66619873046875], [-0.012300297617912292, -0.009022021666169167, -0.9998836517333984, 1.5038375854492188], [0.5715785622596741, 0.8204203844070435, -0.014434115029871464, -1.07666015625], [0.0, 0.0, 0.0, 1.0]], [[0.005487530957907438, -0.9999020099639893, 0.012880516238510609, 0.009765625], [-0.01779281347990036, -0.012976303696632385, -0.9997575283050537, 1.5152664184570312], [0.9998266696929932, 0.005256969481706619, -0.01786227710545063, -1.394287109375], [0.0, 0.0, 0.0, 1.0]], [[-0.8329908847808838, -0.5532302856445312, 0.007907934486865997, 0.84033203125], [-0.01234531868249178, 0.004295282065868378, -0.9999145269393921, 1.500760555267334], [0.5531489849090576, -0.8330172896385193, -0.010407731868326664, -1.1181640625], [0.0, 0.0, 0.0, 1.0]], [[0.9477152228355408, 0.3188820779323578, -0.01224826741963625, -1.1353759765625], [-0.004223166033625603, -0.02584562823176384, -0.9996570348739624, 1.588531494140625], [-0.31908929347991943, 0.9474419355392456, -0.02314760349690914, -0.106201171875], [0.0, 0.0, 0.0, 1.0]], [[0.0023469498846679926, 0.9998695254325867, -0.01598409004509449, 0.001708984375], [-0.029468348249793053, -0.01590803638100624, -0.9994391202926636, 1.5767364501953125], [-0.9995629787445068, 0.0028167094569653273, 0.029427165165543556, -0.08740234375], [0.0, 0.0, 0.0, 1.0]], [[-0.9348391890525818, 0.3550552427768707, -0.003377877874299884, 0.976959228515625], [0.0033629070967435837, -0.0006592833669856191, -0.9999940991401672, 1.5520198345184326], [-0.35505539178848267, -0.9348450899124146, -0.0005776940961368382, -0.12255859375], [0.0, 0.0, 0.0, 1.0]]], "view": [[0.0, -2.0, 100.0], [-2.0, 0.0, 100.0], [0.0, 0.0, 1.0]], "bev": "bev_fc17d6e7e951417daf4fb7339a8c8e0a.png", "aux": "aux_fc17d6e7e951417daf4fb7339a8c8e0a.npz", "visibility": "visibility_fc17d6e7e951417daf4fb7339a8c8e0a.png", "pose": [[-0.8649253249168396, -0.5019006133079529, 0.0, 2323.296875], [0.5019006133079529, -0.8649253249168396, 0.0, 1379.672607421875], [0.0, 0.0, 1.0, 0.0], [0.0, 0.0, 0.0, 1.0]], "pose_inverse": [[-0.8649253249168396, 0.5019006133079529, 0.0, 1317.019775390625], [-0.5019006133079529, -0.8649253249168396, 0.0, 2359.3779296875], [0.0, 0.0, 1.0, 0.0], [0.0, 0.0, 0.0, 1.0]], "cam_ids": [0, 1, 2, 3, 4, 5], "cam_channels": ["CAM_FRONT_LEFT", "CAM_FRONT", "CAM_FRONT_RIGHT", "CAM_BACK_LEFT", "CAM_BACK", "CAM_BACK_RIGHT"], "token": "fc17d6e7e951417daf4fb7339a8c8e0a", "scene": "scene-0850"}, {"images": ["samples/CAM_FRONT_LEFT/n015-2018-10-08-16-03-24+0800__CAM_FRONT_LEFT__1538985872654844.jpg", "samples/CAM_FRONT/n015-2018-10-08-16-03-24+0800__CAM_FRONT__1538985872662460.jpg", "samples/CAM_FRONT_RIGHT/n015-2018-10-08-16-03-24+0800__CAM_FRONT_RIGHT__1538985872670339.jpg", "samples/CAM_BACK_LEFT/n015-2018-10-08-16-03-24+0800__CAM_BACK_LEFT__1538985872697423.jpg", "samples/CAM_BACK/n015-2018-10-08-16-03-24+0800__CAM_BACK__1538985872687525.jpg", "samples/CAM_BACK_RIGHT/n015-2018-10-08-16-03-24+0800__CAM_BACK_RIGHT__1538985872677893.jpg"], "intrinsics": [[[1272.5979470598488, 0.0, 826.6154927353808], [0.0, 1272.5979470598488, 479.75165386361925], [0.0, 0.0, 1.0]], [[1266.417203046554, 0.0, 816.2670197447984], [0.0, 1266.417203046554, 491.50706579294757], [0.0, 0.0, 1.0]], [[1260.8474446004698, 0.0, 807.968244525554], [0.0, 1260.8474446004698, 495.3344268742088], [0.0, 0.0, 1.0]], [[1256.7414812095406, 0.0, 792.1125740759628], [0.0, 1256.7414812095406, 492.7757465151356], [0.0, 0.0, 1.0]], [[809.2209905677063, 0.0, 829.2196003259838], [0.0, 809.2209905677063, 481.77842384512485], [0.0, 0.0, 1.0]], [[1259.5137405846733, 0.0, 807.2529053838625], [0.0, 1259.5137405846733, 501.19579884916527], [0.0, 0.0, 1.0]]], "extrinsics": [[[0.8203100562095642, -0.5719010829925537, -0.0045319655910134315, -0.6825103759765625], [-0.011089194566011429, -0.007982210256159306, -0.9999066591262817, 1.50445556640625], [0.5718114972114563, 0.8202837109565735, -0.012889808975160122, -1.085693359375], [0.0, 0.0, 0.0, 1.0]], [[0.0051435925997793674, -0.9999154210090637, 0.011940829455852509, 0.0078125], [-0.01630055159330368, -0.012023241259157658, -0.9997949004173279, 1.5159225463867188], [0.999853789806366, 0.004947924055159092, -0.016361014917492867, -1.4080810546875], [0.0, 0.0, 0.0, 1.0]], [[-0.8332183957099915, -0.5529119968414307, 0.005951775703579187, 0.846923828125], [-0.010595493949949741, 0.005203358829021454, -0.9999303221702576, 1.501277208328247], [0.5528424978256226, -0.8332234025001526, -0.010193909518420696, -1.12451171875], [0.0, 0.0, 0.0, 1.0]], [[0.9477425813674927, 0.318887323141098, -0.009741177782416344, -1.1376953125], [-0.0017847695853561163, -0.025233235210180283, -0.9996799826622009, 1.5885505676269531], [-0.3190310299396515, 0.9474566578865051, -0.023345472291111946, -0.10546875], [0.0, 0.0, 0.0, 1.0]], [[0.0025293068028986454, 0.9998806715011597, -0.015239386819303036, 0.00244140625], [-0.027237026020884514, -0.01516489963978529, -0.9995139837265015, 1.5770645141601562], [-0.9996257424354553, 0.002943138126283884, 0.027195418253540993, -0.0828857421875], [0.0, 0.0, 0.0, 1.0]], [[-0.9347274899482727, 0.35533109307289124, -0.004926342982798815, 0.98406982421875], [0.005341341253370047, 0.0001869371481006965, -0.9999857544898987, 1.5523133277893066], [-0.35532519221305847, -0.9347404837608337, -0.00207267957739532, -0.12060546875], [0.0, 0.0, 0.0, 1.0]]], "view": [[0.0, -2.0, 100.0], [-2.0, 0.0, 100.0], [0.0, 0.0, 1.0]], "bev": "bev_112421cb1d814150a1eb5281e15e0212.png", "aux": "aux_112421cb1d814150a1eb5281e15e0212.npz", "visibility": "visibility_112421cb1d814150a1eb5281e15e0212.png", "pose": [[-0.8681631088256836, -0.49627894163131714, 0.0, 2320.494873046875], [0.49627894163131714, -0.8681631088256836, 0.0, 1381.3111572265625], [0.0, 0.0, 1.0, 0.0], [0.0, 0.0, 0.0, 1.0]], "pose_inverse": [[-0.8681631088256836, 0.49627894163131714, 0.0, 1329.052490234375], [-0.49627894163131714, -0.8681631088256836, 0.0, 2350.816162109375], [0.0, 0.0, 1.0, 0.0], [0.0, 0.0, 0.0, 1.0]], "cam_ids": [0, 1, 2, 3, 4, 5], "cam_channels": ["CAM_FRONT_LEFT", "CAM_FRONT", "CAM_FRONT_RIGHT", "CAM_BACK_LEFT", "CAM_BACK", "CAM_BACK_RIGHT"], "token": "112421cb1d814150a1eb5281e15e0212", "scene": "scene-0850"}, {"images": ["samples/CAM_FRONT_LEFT/n015-2018-10-08-16-03-24+0800__CAM_FRONT_LEFT__1538985873154844.jpg", "samples/CAM_FRONT/n015-2018-10-08-16-03-24+0800__CAM_FRONT__1538985873162460.jpg", "samples/CAM_FRONT_RIGHT/n015-2018-10-08-16-03-24+0800__CAM_FRONT_RIGHT__1538985873170339.jpg", "samples/CAM_BACK_LEFT/n015-2018-10-08-16-03-24+0800__CAM_BACK_LEFT__1538985873197423.jpg", "samples/CAM_BACK/n015-2018-10-08-16-03-24+0800__CAM_BACK__1538985873187525.jpg", "samples/CAM_BACK_RIGHT/n015-2018-10-08-16-03-24+0800__CAM_BACK_RIGHT__1538985873177897.jpg"], "intrinsics": [[[1272.5979470598488, 0.0, 826.6154927353808], [0.0, 1272.5979470598488, 479.75165386361925], [0.0, 0.0, 1.0]], [[1266.417203046554, 0.0, 816.2670197447984], [0.0, 1266.417203046554, 491.50706579294757], [0.0, 0.0, 1.0]], [[1260.8474446004698, 0.0, 807.968244525554], [0.0, 1260.8474446004698, 495.3344268742088], [0.0, 0.0, 1.0]], [[1256.7414812095406, 0.0, 792.1125740759628], [0.0, 1256.7414812095406, 492.7757465151356], [0.0, 0.0, 1.0]], [[809.2209905677063, 0.0, 829.2196003259838], [0.0, 809.2209905677063, 481.77842384512485], [0.0, 0.0, 1.0]], [[1259.5137405846733, 0.0, 807.2529053838625], [0.0, 1259.5137405846733, 501.19579884916527], [0.0, 0.0, 1.0]]], "extrinsics": [[[0.8198015093803406, -0.5725839734077454, -0.008547830395400524, -0.708740234375], [-0.024379530921578407, -0.01998448371887207, -0.9995030164718628, 1.50067138671875], [0.5721285343170166, 0.8196024894714355, -0.030342640355229378, -1.10302734375], [0.0, 0.0, 0.0, 1.0]], [[0.004763350356370211, -0.9996973872184753, 0.02413199283182621, 0.007568359375], [-0.029782086610794067, -0.02426338754594326, -0.9992619156837463, 1.5129470825195312], [0.9995450973510742, 0.004041195381432772, -0.02988864853978157, -1.4368896484375], [0.0, 0.0, 0.0, 1.0]], [[-0.8332921266555786, -0.5523014664649963, 0.024237902835011482, 0.8681640625], [-0.024231819435954094, -0.007311143912374973, -0.9996795654296875, 1.4988632202148438], [0.5523017048835754, -0.8336124420166016, -0.007290950044989586, -1.1387939453125], [0.0, 0.0, 0.0, 1.0]], [[0.9475319385528564, 0.31849685311317444, -0.027256561443209648, -1.1424560546875], [-0.015793073922395706, -0.0385199673473835, -0.9991329908370972, 1.58856201171875], [-0.31927070021629333, 0.9471409916877747, -0.03146885707974434, -0.10400390625], [0.0, 0.0, 0.0, 1.0]], [[0.0024882268626242876, 0.999595582485199, -0.028331272304058075, 0.002197265625], [-0.04114973545074463, -0.028205014765262604, -0.9987548589706421, 1.5764083862304688], [-0.9991499185562134, 0.003650940489023924, 0.041062913835048676, -0.070068359375], [0.0, 0.0, 0.0, 1.0]], [[-0.9345964789390564, 0.355693519115448, 0.0034054797142744064, 1.00323486328125], [-0.008435630239546299, -0.012591804377734661, -0.9998851418495178, 1.5502548217773438], [-0.35560983419418335, -0.9345178604125977, 0.014768754132091999, -0.11376953125], [0.0, 0.0, 0.0, 1.0]]], "view": [[0.0, -2.0, 100.0], [-2.0, 0.0, 100.0], [0.0, 0.0, 1.0]], "bev": "bev_ff814a2ad8fa4fc59649608cc1dcaa52.png", "aux": "aux_ff814a2ad8fa4fc59649608cc1dcaa52.npz", "visibility": "visibility_ff814a2ad8fa4fc59649608cc1dcaa52.png", "pose": [[-0.873318076133728, -0.4871504604816437, 0.0, 2317.20849609375], [0.4871504604816437, -0.873318076133728, 0.0, 1383.1917724609375], [0.0, 0.0, 1.0, 0.0], [0.0, 0.0, 0.0, 1.0]], "pose_inverse": [[-0.873318076133728, 0.4871504604816437, 0.0, 1349.8375244140625], [-0.4871504604816437, -0.873318076133728, 0.0, 2336.79541015625], [0.0, 0.0, 1.0, 0.0], [0.0, 0.0, 0.0, 1.0]], "cam_ids": [0, 1, 2, 3, 4, 5], "cam_channels": ["CAM_FRONT_LEFT", "CAM_FRONT", "CAM_FRONT_RIGHT", "CAM_BACK_LEFT", "CAM_BACK", "CAM_BACK_RIGHT"], "token": "ff814a2ad8fa4fc59649608cc1dcaa52", "scene": "scene-0850"}, {"images": ["samples/CAM_FRONT_LEFT/n015-2018-10-08-16-03-24+0800__CAM_FRONT_LEFT__1538985873654844.jpg", "samples/CAM_FRONT/n015-2018-10-08-16-03-24+0800__CAM_FRONT__1538985873662460.jpg", "samples/CAM_FRONT_RIGHT/n015-2018-10-08-16-03-24+0800__CAM_FRONT_RIGHT__1538985873670339.jpg", "samples/CAM_BACK_LEFT/n015-2018-10-08-16-03-24+0800__CAM_BACK_LEFT__1538985873697423.jpg", "samples/CAM_BACK/n015-2018-10-08-16-03-24+0800__CAM_BACK__1538985873687525.jpg", "samples/CAM_BACK_RIGHT/n015-2018-10-08-16-03-24+0800__CAM_BACK_RIGHT__1538985873677893.jpg"], "intrinsics": [[[1272.5979470598488, 0.0, 826.6154927353808], [0.0, 1272.5979470598488, 479.75165386361925], [0.0, 0.0, 1.0]], [[1266.417203046554, 0.0, 816.2670197447984], [0.0, 1266.417203046554, 491.50706579294757], [0.0, 0.0, 1.0]], [[1260.8474446004698, 0.0, 807.968244525554], [0.0, 1260.8474446004698, 495.3344268742088], [0.0, 0.0, 1.0]], [[1256.7414812095406, 0.0, 792.1125740759628], [0.0, 1256.7414812095406, 492.7757465151356], [0.0, 0.0, 1.0]], [[809.2209905677063, 0.0, 829.2196003259838], [0.0, 809.2209905677063, 481.77842384512485], [0.0, 0.0, 1.0]], [[1259.5137405846733, 0.0, 807.2529053838625], [0.0, 1259.5137405846733, 501.19579884916527], [0.0, 0.0, 1.0]]], "extrinsics": [[[0.8199437260627747, -0.5724362730979919, 0.0030019269324839115, -0.7384185791015625], [-0.01639680378139019, -0.028727632015943527, -0.9994527697563171, 1.503753662109375], [0.5722092986106873, 0.8194458484649658, -0.032941170036792755, -1.123291015625], [0.0, 0.0, 0.0, 1.0]], [[0.004795765038579702, -0.9994550347328186, 0.03265935927629471, 0.0068359375], [-0.021685760468244553, -0.03275600075721741, -0.9992281198501587, 1.5156784057617188], [0.9997532963752747, 0.004083813633769751, -0.021831031888723373, -1.4664306640625], [0.0, 0.0, 0.0, 1.0]], [[-0.8333064317703247, -0.5523753762245178, 0.021954594179987907, 0.88818359375], [-0.016041060909628868, -0.015536539256572723, -0.9997506141662598, 1.5008697509765625], [0.5525786876678467, -0.8334507346153259, 0.004086012486368418, -1.15185546875], [0.0, 0.0, 0.0, 1.0]], [[0.9477211833000183, 0.3183734118938446, -0.02151484228670597, -1.1397705078125], [-0.0072923158295452595, -0.045797206461429596, -0.9989241361618042, 1.588531494140625], [-0.3190161883831024, 0.9468585252761841, -0.04108130559325218, -0.1046142578125], [0.0, 0.0, 0.0, 1.0]], [[0.0026067676953971386, 0.9993525147438049, -0.03588701784610748, 0.002685546875], [-0.03275508061051369, -0.035782549530267715, -0.9988226890563965, 1.577239990234375], [-0.999459981918335, 0.0037791926879435778, 0.032640594989061356, -0.0631103515625], [0.0, 0.0, 0.0, 1.0]], [[-0.9346712827682495, 0.3554410934448242, -0.007156100589782, 1.018585205078125], [-0.00014890645979903638, -0.020520346239209175, -0.9997894167900085, 1.5514411926269531], [-0.3555130958557129, -0.93447345495224, 0.01923270896077156, -0.107666015625], [0.0, 0.0, 0.0, 1.0]]], "view": [[0.0, -2.0, 100.0], [-2.0, 0.0, 100.0], [0.0, 0.0, 1.0]], "bev": "bev_1b86b8ed523d409998377dd8972fded8.png", "aux": "aux_1b86b8ed523d409998377dd8972fded8.npz", "visibility": "visibility_1b86b8ed523d409998377dd8972fded8.png", "pose": [[-0.8792203068733215, -0.4764154255390167, 0.0, 2314.174072265625], [0.4764154255390167, -0.8792203068733215, 0.0, 1384.8736572265625], [0.0, 0.0, 1.0, 0.0], [0.0, 0.0, 0.0, 1.0]], "pose_inverse": [[-0.8792203068733215, 0.4764154255390167, 0.0, 1374.8936767578125], [-0.4764154255390167, -0.8792203068733215, 0.0, 2320.1171875], [0.0, 0.0, 1.0, 0.0], [0.0, 0.0, 0.0, 1.0]], "cam_ids": [0, 1, 2, 3, 4, 5], "cam_channels": ["CAM_FRONT_LEFT", "CAM_FRONT", "CAM_FRONT_RIGHT", "CAM_BACK_LEFT", "CAM_BACK", "CAM_BACK_RIGHT"], "token": "1b86b8ed523d409998377dd8972fded8", "scene": "scene-0850"}, {"images": ["samples/CAM_FRONT_LEFT/n015-2018-10-08-16-03-24+0800__CAM_FRONT_LEFT__1538985874154844.jpg", "samples/CAM_FRONT/n015-2018-10-08-16-03-24+0800__CAM_FRONT__1538985874162460.jpg", "samples/CAM_FRONT_RIGHT/n015-2018-10-08-16-03-24+0800__CAM_FRONT_RIGHT__1538985874170339.jpg", "samples/CAM_BACK_LEFT/n015-2018-10-08-16-03-24+0800__CAM_BACK_LEFT__1538985874197423.jpg", "samples/CAM_BACK/n015-2018-10-08-16-03-24+0800__CAM_BACK__1538985874187525.jpg", "samples/CAM_BACK_RIGHT/n015-2018-10-08-16-03-24+0800__CAM_BACK_RIGHT__1538985874177893.jpg"], "intrinsics": [[[1272.5979470598488, 0.0, 826.6154927353808], [0.0, 1272.5979470598488, 479.75165386361925], [0.0, 0.0, 1.0]], [[1266.417203046554, 0.0, 816.2670197447984], [0.0, 1266.417203046554, 491.50706579294757], [0.0, 0.0, 1.0]], [[1260.8474446004698, 0.0, 807.968244525554], [0.0, 1260.8474446004698, 495.3344268742088], [0.0, 0.0, 1.0]], [[1256.7414812095406, 0.0, 792.1125740759628], [0.0, 1256.7414812095406, 492.7757465151356], [0.0, 0.0, 1.0]], [[809.2209905677063, 0.0, 829.2196003259838], [0.0, 809.2209905677063, 481.77842384512485], [0.0, 0.0, 1.0]], [[1259.5137405846733, 0.0, 807.2529053838625], [0.0, 1259.5137405846733, 501.19579884916527], [0.0, 0.0, 1.0]]], "extrinsics": [[[0.8199373483657837, -0.5724073052406311, 0.007254121825098991, -0.7486114501953125], [-0.011547419242560863, -0.029207700863480568, -0.9995066523551941, 1.5052337646484375], [0.572336733341217, 0.8194490671157837, -0.030558310449123383, -1.13037109375], [0.0, 0.0, 0.0, 1.0]], [[0.004607511684298515, -0.9994344711303711, 0.03331007435917854, 0.0068359375], [-0.016646651551127434, -0.03338247165083885, -0.9993039965629578, 1.5169601440429688], [0.9998508095741272, 0.004049819428473711, -0.016791045665740967, -1.4761962890625], [0.0, 0.0, 0.0, 1.0]], [[-0.8334539532661438, -0.5522945523262024, 0.018033204600214958, 0.892822265625], [-0.010809815488755703, -0.01633233204483986, -0.999808132648468, 1.5018386840820312], [0.552483081817627, -0.8334890604019165, 0.007642045617103577, -1.1556396484375], [0.0, 0.0, 0.0, 1.0]], [[0.9478181600570679, 0.31838077306747437, -0.01656835526227951, -1.140380859375], [-0.0016055649612098932, -0.04720161110162735, -0.9988840818405151, 1.58856201171875], [-0.3188075125217438, 0.9467870593070984, -0.04422736167907715, -0.1044921875], [0.0, 0.0, 0.0, 1.0]], [[0.0027817199006676674, 0.9993088841438293, -0.03706902265548706, 0.002685546875], [-0.027193794026970863, -0.03697986155748367, -0.998945951461792, 1.5776748657226562], [-0.9996262788772583, 0.0037868362851440907, 0.027072131633758545, -0.0604248046875], [0.0, 0.0, 0.0, 1.0]], [[-0.9346040487289429, 0.3554685711860657, -0.012547963298857212, 1.022857666015625], [0.005247605498880148, -0.021494049578905106, -0.9997552037239075, 1.552093505859375], [-0.355651319026947, -0.934441089630127, 0.01822306588292122, -0.1064453125], [0.0, 0.0, 0.0, 1.0]]], "view": [[0.0, -2.0, 100.0], [-2.0, 0.0, 100.0], [0.0, 0.0, 1.0]], "bev": "bev_a2cda11228004e59be8eaa41b335ed32.png", "aux": "aux_a2cda11228004e59be8eaa41b335ed32.npz", "visibility": "visibility_a2cda11228004e59be8eaa41b335ed32.png", "pose": [[-0.8840276598930359, -0.4674346148967743, 0.0, 2311.464111328125], [0.4674346148967743, -0.8840276598930359, 0.0, 1386.337890625], [0.0, 0.0, 1.0, 0.0], [0.0, 0.0, 0.0, 1.0]], "pose_inverse": [[-0.8840276598930359, 0.4674346148967743, 0.0, 1395.3758544921875], [-0.4674346148967743, -0.8840276598930359, 0.0, 2306.019287109375], [0.0, 0.0, 1.0, 0.0], [0.0, 0.0, 0.0, 1.0]], "cam_ids": [0, 1, 2, 3, 4, 5], "cam_channels": ["CAM_FRONT_LEFT", "CAM_FRONT", "CAM_FRONT_RIGHT", "CAM_BACK_LEFT", "CAM_BACK", "CAM_BACK_RIGHT"], "token": "a2cda11228004e59be8eaa41b335ed32", "scene": "scene-0850"}, {"images": ["samples/CAM_FRONT_LEFT/n015-2018-10-08-16-03-24+0800__CAM_FRONT_LEFT__1538985874654844.jpg", "samples/CAM_FRONT/n015-2018-10-08-16-03-24+0800__CAM_FRONT__1538985874662460.jpg", "samples/CAM_FRONT_RIGHT/n015-2018-10-08-16-03-24+0800__CAM_FRONT_RIGHT__1538985874670339.jpg", "samples/CAM_BACK_LEFT/n015-2018-10-08-16-03-24+0800__CAM_BACK_LEFT__1538985874697423.jpg", "samples/CAM_BACK/n015-2018-10-08-16-03-24+0800__CAM_BACK__1538985874687525.jpg", "samples/CAM_BACK_RIGHT/n015-2018-10-08-16-03-24+0800__CAM_BACK_RIGHT__1538985874677893.jpg"], "intrinsics": [[[1272.5979470598488, 0.0, 826.6154927353808], [0.0, 1272.5979470598488, 479.75165386361925], [0.0, 0.0, 1.0]], [[1266.417203046554, 0.0, 816.2670197447984], [0.0, 1266.417203046554, 491.50706579294757], [0.0, 0.0, 1.0]], [[1260.8474446004698, 0.0, 807.968244525554], [0.0, 1260.8474446004698, 495.3344268742088], [0.0, 0.0, 1.0]], [[1256.7414812095406, 0.0, 792.1125740759628], [0.0, 1256.7414812095406, 492.7757465151356], [0.0, 0.0, 1.0]], [[809.2209905677063, 0.0, 829.2196003259838], [0.0, 809.2209905677063, 481.77842384512485], [0.0, 0.0, 1.0]], [[1259.5137405846733, 0.0, 807.2529053838625], [0.0, 1259.5137405846733, 501.19579884916527], [0.0, 0.0, 1.0]]], "extrinsics": [[[0.8198642730712891, -0.5725070238113403, 0.007631754036992788, -0.762603759765625], [-0.009374313056468964, -0.026749631389975548, -0.9995982050895691, 1.5059356689453125], [0.572481095790863, 0.819463312625885, -0.02729792520403862, -1.13916015625], [0.0, 0.0, 0.0, 1.0]], [[0.004449634812772274, -0.9995235204696655, 0.03054087422788143, 0.006103515625], [-0.014596080407500267, -0.030602844431996346, -0.9994250535964966, 1.5175628662109375], [0.9998835325241089, 0.00400130869820714, -0.014725299552083015, -1.4891357421875], [0.0, 0.0, 0.0, 1.0]], [[-0.8335331082344055, -0.5522744655609131, 0.014674964360892773, 0.89990234375], [-0.008837716653943062, -0.013229972682893276, -0.9998733997344971, 1.5022430419921875], [0.5523987412452698, -0.8335573077201843, 0.006146775092929602, -1.1610107421875], [0.0, 0.0, 0.0, 1.0]], [[0.947795033454895, 0.3185911178588867, -0.013572963885962963, -1.13916015625], [0.00021965961786918342, -0.043216753751039505, -0.999065637588501, 1.5885467529296875], [-0.3188800513744354, 0.9469065070152283, -0.041030608117580414, -0.1046142578125], [0.0, 0.0, 0.0, 1.0]], [[0.0028372802771627903, 0.999439001083374, -0.033371683210134506, 0.0029296875], [-0.025355715304613113, -0.03328918665647507, -0.9991240501403809, 1.57781982421875], [-0.9996744990348816, 0.003680947469547