[{"images": ["samples/CAM_FRONT_LEFT/n015-2018-08-02-17-28-51+0800__CAM_FRONT_LEFT__1533202398004844.jpg", "samples/CAM_FRONT/n015-2018-08-02-17-28-51+0800__CAM_FRONT__1533202398012460.jpg", "samples/CAM_FRONT_RIGHT/n015-2018-08-02-17-28-51+0800__CAM_FRONT_RIGHT__1533202398020339.jpg", "samples/CAM_BACK_LEFT/n015-2018-08-02-17-28-51+0800__CAM_BACK_LEFT__1533202398047423.jpg", "samples/CAM_BACK/n015-2018-08-02-17-28-51+0800__CAM_BACK__1533202398037525.jpg", "samples/CAM_BACK_RIGHT/n015-2018-08-02-17-28-51+0800__CAM_BACK_RIGHT__1533202398027893.jpg"], "intrinsics": [[[1272.5979470598488, 0.0, 826.6154927353808], [0.0, 1272.5979470598488, 479.75165386361925], [0.0, 0.0, 1.0]], [[1266.417203046554, 0.0, 816.2670197447984], [0.0, 1266.417203046554, 491.50706579294757], [0.0, 0.0, 1.0]], [[1260.8474446004698, 0.0, 807.968244525554], [0.0, 1260.8474446004698, 495.3344268742088], [0.0, 0.0, 1.0]], [[1256.7414812095406, 0.0, 792.1125740759628], [0.0, 1256.7414812095406, 492.7757465151356], [0.0, 0.0, 1.0]], [[809.2209905677063, 0.0, 829.2196003259838], [0.0, 809.2209905677063, 481.77842384512485], [0.0, 0.0, 1.0]], [[1259.5137405846733, 0.0, 807.2529053838625], [0.0, 1259.5137405846733, 501.19579884916527], [0.0, 0.0, 1.0]]], "extrinsics": [[[0.8084722757339478, -0.588384747505188, -0.013265182264149189, -0.75677490234375], [-0.024518415331840515, -0.01115272007882595, -0.9996371865272522, 1.5020732879638672], [0.58802330493927, 0.8085041642189026, -0.02344292774796486, -1.1348876953125], [0.0, 0.0, 0.0, 1.0]], [[-0.01139151956886053, -0.9998138546943665, 0.015569716691970825, 0.0064697265625], [-0.029739266261458397, -0.015225083567202091, -0.9994418025016785, 1.5143394470214844], [0.9994928240776062, -0.011848191730678082, -0.02956029400229454, -1.4820556640625], [0.0, 0.0, 0.0, 1.0]], [[-0.8402464985847473, -0.5418724417686462, 0.01897151954472065, 0.89501953125], [-0.023720242083072662, 0.0017803158843889832, -0.9997169971466064, 1.4997196197509766], [0.5416853427886963, -0.840458869934082, -0.014349248260259628, -1.1568603515625], [0.0, 0.0, 0.0, 1.0]], [[0.9478271007537842, 0.31795358657836914, -0.023006344214081764, -1.13128662109375], [-0.014642888680100441, -0.028669245541095734, -0.9994816780090332, 1.5883865356445312], [-0.31844836473464966, 0.9476726651191711, -0.022517729550600052, -0.1072998046875], [0.0, 0.0, 0.0, 1.0]], [[0.007691910490393639, 0.9997942447662354, -0.01876918040215969, 0.0025634765625], [-0.0403180867433548, -0.018444394692778587, -0.9990167021751404, 1.5766792297363281], [-0.9991572499275208, 0.008441079407930374, 0.0401679165661335, -0.06494140625], [0.0, 0.0, 0.0, 1.0]], [[-0.9312189817428589, 0.36441031098365784, 0.006038361694663763, 1.022247314453125], [-0.007785778492689133, -0.0033262516371905804, -0.9999641180038452, 1.5505075454711914], [-0.3643772006034851, -0.9312325716018677, 0.005934685934334993, -0.106201171875], [0.0, 0.0, 0.0, 1.0]]], "view": [[0.0, -2.0, 100.0], [-2.0, 0.0, 100.0], [0.0, 0.0, 1.0]], "bev": "bev_75d796a2130f4fa08df91523f741a728.png", "aux": "aux_75d796a2130f4fa08df91523f741a728.npz", "visibility": "visibility_75d796a2130f4fa08df91523f741a728.png", "pose": [[-0.9998114109039307, -0.01941930316388607, 0.0, 504.0094909667969], [0.01941930316388607, -0.9998114109039307, 0.0, 1730.8140869140625], [0.0, 0.0, 1.0, 0.0], [0.0, 0.0, 0.0, 1.0]], "pose_inverse": [[-0.9998114109039307, 0.01941930316388607, 0.0, 470.3032531738281], [-0.01941930316388607, -0.9998114109039307, 0.0, 1740.2752685546875], [0.0, 0.0, 1.0, 0.0], [0.0, 0.0, 0.0, 1.0]], "cam_ids": [0, 1, 2, 3, 4, 5], "cam_channels": ["CAM_FRONT_LEFT", "CAM_FRONT", "CAM_FRONT_RIGHT", "CAM_BACK_LEFT", "CAM_BACK", "CAM_BACK_RIGHT"], "token": "75d796a2130f4fa08df91523f741a728", "scene": "scene-0351"}, {"images": ["samples/CAM_FRONT_LEFT/n015-2018-08-02-17-28-51+0800__CAM_FRONT_LEFT__1533202398404844.jpg", "samples/CAM_FRONT/n015-2018-08-02-17-28-51+0800__CAM_FRONT__1533202398412460.jpg", "samples/CAM_FRONT_RIGHT/n015-2018-08-02-17-28-51+0800__CAM_FRONT_RIGHT__1533202398420339.jpg", "samples/CAM_BACK_LEFT/n015-2018-08-02-17-28-51+0800__CAM_BACK_LEFT__1533202398447423.jpg", "samples/CAM_BACK/n015-2018-08-02-17-28-51+0800__CAM_BACK__1533202398437525.jpg", "samples/CAM_BACK_RIGHT/n015-2018-08-02-17-28-51+0800__CAM_BACK_RIGHT__1533202398427893.jpg"], "intrinsics": [[[1272.5979470598488, 0.0, 826.6154927353808], [0.0, 1272.5979470598488, 479.75165386361925], [0.0, 0.0, 1.0]], [[1266.417203046554, 0.0, 816.2670197447984], [0.0, 1266.417203046554, 491.50706579294757], [0.0, 0.0, 1.0]], [[1260.8474446004698, 0.0, 807.968244525554], [0.0, 1260.8474446004698, 495.3344268742088], [0.0, 0.0, 1.0]], [[1256.7414812095406, 0.0, 792.1125740759628], [0.0, 1256.7414812095406, 492.7757465151356], [0.0, 0.0, 1.0]], [[809.2209905677063, 0.0, 829.2196003259838], [0.0, 809.2209905677063, 481.77842384512485], [0.0, 0.0, 1.0]], [[1259.5137405846733, 0.0, 807.2529053838625], [0.0, 1259.5137405846733, 501.19579884916527], [0.0, 0.0, 1.0]]], "extrinsics": [[[0.8097275495529175, -0.5868047475814819, -0.0011640647426247597, -0.74969482421875], [-0.013494236394762993, -0.016637319698929787, -0.9997705221176147, 1.5047683715820312], [0.5866507291793823, 0.8095575571060181, -0.02139017917215824, -1.12939453125], [0.0, 0.0, 0.0, 1.0]], [[-0.009977754205465317, -0.9997268319129944, 0.021133610978722572, 0.0057373046875], [-0.018575867637991905, -0.020945703610777855, -0.999608039855957, 1.5165481567382812], [0.999777615070343, -0.010366409085690975, -0.018361801281571388, -1.47430419921875], [0.0, 0.0, 0.0, 1.0]], [[-0.8397321105003357, -0.5428521633148193, 0.012706303969025612, 0.889404296875], [-0.012434909120202065, -0.004169122315943241, -0.9999139308929443, 1.5015172958374023], [0.5428585410118103, -0.8398179411888123, -0.003249370027333498, -1.1536865234375], [0.0, 0.0, 0.0, 1.0]], [[0.9479238986968994, 0.3181884288787842, -0.014014523476362228, -1.1307373046875], [-0.002948949346318841, -0.03523189574480057, -0.9993747472763062, 1.5885086059570312], [-0.31848326325416565, 0.947372555732727, -0.0324588380753994, -0.1072998046875], [0.0, 0.0, 0.0, 1.0]], [[0.007324459031224251, 0.9996587634086609, -0.025073418393731117, 0.0030517578125], [-0.028757369145751, -0.024853147566318512, -0.9992774128913879, 1.5773391723632812], [-0.9995594620704651, 0.008040221408009529, 0.02856552228331566, -0.06854248046875], [0.0, 0.0, 0.0, 1.0]], [[-0.9315653443336487, 0.36350929737091064, -0.006843298673629761, 1.0172500610351562], [0.0036423474084585905, -0.00949043594300747, -0.9999483227729797, 1.5519237518310547], [-0.3635554611682892, -0.9315422177314758, 0.007516934536397457, -0.1083984375], [0.0, 0.0, 0.0, 1.0]]], "view": [[0.0, -2.0, 100.0], [-2.0, 0.0, 100.0], [0.0, 0.0, 1.0]], "bev": "bev_0874400bbf8f4bf5bcec69ad5b15ac72.png", "aux": "aux_0874400bbf8f4bf5bcec69ad5b15ac72.npz", "visibility": "visibility_0874400bbf8f4bf5bcec69ad5b15ac72.png", "pose": [[-0.988365650177002, 0.15209633111953735, 0.0, 501.7312316894531], [-0.15209633111953735, -0.988365650177002, 0.0, 1730.6796875], [0.0, 0.0, 1.0, 0.0], [0.0, 0.0, 0.0, 1.0]], "pose_inverse": [[-0.988365650177002, -0.15209633111953735, 0.0, 759.1239624023438], [0.15209633111953735, -0.988365650177002, 0.0, 1634.23291015625], [0.0, 0.0, 1.0, 0.0], [0.0, 0.0, 0.0, 1.0]], "cam_ids": [0, 1, 2, 3, 4, 5], "cam_channels": ["CAM_FRONT_LEFT", "CAM_FRONT", "CAM_FRONT_RIGHT", "CAM_BACK_LEFT", "CAM_BACK", "CAM_BACK_RIGHT"], "token": "0874400bbf8f4bf5bcec69ad5b15ac72", "scene": "scene-0351"}, {"images": ["samples/CAM_FRONT_LEFT/n015-2018-08-02-17-28-51+0800__CAM_FRONT_LEFT__1533202398904844.jpg", "samples/CAM_FRONT/n015-2018-08-02-17-28-51+0800__CAM_FRONT__1533202398912460.jpg", "samples/CAM_FRONT_RIGHT/n015-2018-08-02-17-28-51+0800__CAM_FRONT_RIGHT__1533202398920339.jpg", "samples/CAM_BACK_LEFT/n015-2018-08-02-17-28-51+0800__CAM_BACK_LEFT__1533202398947423.jpg", "samples/CAM_BACK/n015-2018-08-02-17-28-51+0800__CAM_BACK__1533202398937525.jpg", "samples/CAM_BACK_RIGHT/n015-2018-08-02-17-28-51+0800__CAM_BACK_RIGHT__1533202398928114.jpg"], "intrinsics": [[[1272.5979470598488, 0.0, 826.6154927353808], [0.0, 1272.5979470598488, 479.75165386361925], [0.0, 0.0, 1.0]], [[1266.417203046554, 0.0, 816.2670197447984], [0.0, 1266.417203046554, 491.50706579294757], [0.0, 0.0, 1.0]], [[1260.8474446004698, 0.0, 807.968244525554], [0.0, 1260.8474446004698, 495.3344268742088], [0.0, 0.0, 1.0]], [[1256.7414812095406, 0.0, 792.1125740759628], [0.0, 1256.7414812095406, 492.7757465151356], [0.0, 0.0, 1.0]], [[809.2209905677063, 0.0, 829.2196003259838], [0.0, 809.2209905677063, 481.77842384512485], [0.0, 0.0, 1.0]], [[1259.5137405846733, 0.0, 807.2529053838625], [0.0, 1259.5137405846733, 501.19579884916527], [0.0, 0.0, 1.0]]], "extrinsics": [[[0.8094987869262695, -0.5869522094726562, 0.014098488725721836, -0.736083984375], [-0.0009051524684764445, -0.025260498747229576, -0.9996805191040039, 1.508087158203125], [0.587120771408081, 0.8092274069786072, -0.0209796242415905, -1.11865234375], [0.0, 0.0, 0.0, 1.0]], [[-0.010547020472586155, -0.9995111227035522, 0.02943340316414833, 0.0050048828125], [-0.005890339147299528, -0.029372431337833405, -0.9995511770248413, 1.5192375183105469], [0.9999271035194397, -0.010715639218688011, -0.00557766854763031, -1.45947265625], [0.0, 0.0, 0.0, 1.0]], [[-0.8399443626403809, -0.5426344871520996, 0.006424333900213242, 0.8787841796875], [0.000361953949322924, -0.012398509308695793, -0.9999229907989502, 1.503727912902832], [0.5426723957061768, -0.8398774266242981, 0.010610468685626984, -1.14739990234375], [0.0, 0.0, 0.0, 1.0]], [[0.9480466842651367, 0.3180750012397766, -0.005981030873954296, -1.1300048828125], [0.00826446432620287, -0.04341832920908928, -0.9990227818489075, 1.58868408203125], [-0.3180238604545593, 0.947070837020874, -0.04379132390022278, -0.10833740234375], [0.0, 0.0, 0.0, 1.0]], [[0.007661134470254183, 0.9994235634803772, -0.03307335078716278, 0.0029296875], [-0.01701376773416996, -0.032939255237579346, -0.9993125200271606, 1.57806396484375], [-0.9998259544372559, 0.008218606933951378, 0.0167516078799963, -0.074951171875], [0.0, 0.0, 0.0, 1.0]], [[-0.9314110279083252, 0.36336708068847656, -0.020921943709254265, 1.00946044921875], [0.015586772002279758, -0.017608830705285072, -0.999723494052887, 1.553579330444336], [-0.3636350631713867, -0.9314796328544617, 0.010737339965999126, -0.11181640625], [0.0, 0.0, 0.0, 1.0]]], "view": [[0.0, -2.0, 100.0], [-2.0, 0.0, 100.0], [0.0, 0.0, 1.0]], "bev": "bev_945e2a438220434db002d344eb14ce67.png", "aux": "aux_945e2a438220434db002d344eb14ce67.npz", "visibility": "visibility_945e2a438220434db002d344eb14ce67.png", "pose": [[-0.9317582249641418, 0.36307936906814575, 0.0, 498.7702941894531], [-0.36307936906814575, -0.9317582249641418, 0.0, 1729.9031982421875], [0.0, 0.0, 1.0, 0.0], [0.0, 0.0, 0.0, 1.0]], "pose_inverse": [[-0.9317582249641418, -0.36307936906814575, 0.0, 1092.825439453125], [0.36307936906814575, -0.9317582249641418, 0.0, 1430.75830078125], [0.0, 0.0, 1.0, 0.0], [0.0, 0.0, 0.0, 1.0]], "cam_ids": [0, 1, 2, 3, 4, 5], "cam_channels": ["CAM_FRONT_LEFT", "CAM_FRONT", "CAM_FRONT_RIGHT", "CAM_BACK_LEFT", "CAM_BACK", "CAM_BACK_RIGHT"], "token": "945e2a438220434db002d344eb14ce67", "scene": "scene-0351"}, {"images": ["samples/CAM_FRONT_LEFT/n015-2018-08-02-17-28-51+0800__CAM_FRONT_LEFT__1533202399404844.jpg", "samples/CAM_FRONT/n015-2018-08-02-17-28-51+0800__CAM_FRONT__1533202399412460.jpg", "samples/CAM_FRONT_RIGHT/n015-2018-08-02-17-28-51+0800__CAM_FRONT_RIGHT__1533202399420355.jpg", "samples/CAM_BACK_LEFT/n015-2018-08-02-17-28-51+0800__CAM_BACK_LEFT__1533202399447456.jpg", "samples/CAM_BACK/n015-2018-08-02-17-28-51+0800__CAM_BACK__1533202399437525.jpg", "samples/CAM_BACK_RIGHT/n015-2018-08-02-17-28-51+0800__CAM_BACK_RIGHT__1533202399427893.jpg"], "intrinsics": [[[1272.5979470598488, 0.0, 826.6154927353808], [0.0, 1272.5979470598488, 479.75165386361925], [0.0, 0.0, 1.0]], [[1266.417203046554, 0.0, 816.2670197447984], [0.0, 1266.417203046554, 491.50706579294757], [0.0, 0.0, 1.0]], [[1260.8474446004698, 0.0, 807.968244525554], [0.0, 1260.8474446004698, 495.3344268742088], [0.0, 0.0, 1.0]], [[1256.7414812095406, 0.0, 792.1125740759628], [0.0, 1256.7414812095406, 492.7757465151356], [0.0, 0.0, 1.0]], [[809.2209905677063, 0.0, 829.2196003259838], [0.0, 809.2209905677063, 481.77842384512485], [0.0, 0.0, 1.0]], [[1259.5137405846733, 0.0, 807.2529053838625], [0.0, 1259.5137405846733, 501.19579884916527], [0.0, 0.0, 1.0]]], "extrinsics": [[[0.8162617683410645, -0.5773680806159973, 0.019046539440751076, -0.69873046875], [-0.0021196098532527685, -0.035963766276836395, -0.9993508458137512, 1.5073204040527344], [0.5776782631874084, 0.8156914710998535, -0.030579641461372375, -1.083984375], [0.0, 0.0, 0.0, 1.0]], [[-0.0005223677726462483, -0.9991962313652039, 0.04008202999830246, -0.0015869140625], [-0.007380163762718439, -0.040077093988657, -0.9991693496704102, 1.5182304382324219], [0.9999726414680481, -0.0008178229909390211, -0.0073532965034246445, -1.4144287109375], [0.0, 0.0, 0.0, 1.0]], [[-0.8355969190597534, -0.5491650700569153, 0.013980668038129807, 0.8385009765625], [-0.0016122272936627269, -0.02299814112484455, -0.9997341632843018, 1.5030784606933594], [0.5493407249450684, -0.8353973627090454, 0.018331797793507576, -1.13177490234375], [0.0, 0.0, 0.0, 1.0]], [[0.9475934505462646, 0.3193158507347107, -0.010198849253356457, -1.1004638671875], [0.007198364939540625, -0.053255219012498856, -0.9985549449920654, 1.5883598327636719], [-0.31939753890037537, 0.9461507201194763, -0.05276285111904144, -0.10809326171875], [0.0, 0.0, 0.0, 1.0]], [[0.004130083601921797, 0.9990520477294922, -0.04333558678627014, 0.0120849609375], [-0.018317528069019318, -0.0432531014084816, -0.9988962411880493, 1.5770187377929688], [-0.9998236894607544, 0.004919298924505711, 0.01812152750790119, -0.1053466796875], [0.0, 0.0, 0.0, 1.0]], [[-0.9335319995880127, 0.35773053765296936, -0.023386305198073387, 0.97613525390625], [0.01429167203605175, -0.028046203777194023, -0.9995044469833374, 1.5536870956420898], [-0.35820913314819336, -0.9334036111831665, 0.02106945775449276, -0.13525390625], [0.0, 0.0, 0.0, 1.0]]], "view": [[0.0, -2.0, 100.0], [-2.0, 0.0, 100.0], [0.0, 0.0, 1.0]], "bev": "bev_83f0b5489866460a903caf7ff8e33188.png", "aux": "aux_83f0b5489866460a903caf7ff8e33188.npz", "visibility": "visibility_83f0b5489866460a903caf7ff8e33188.png", "pose": [[-0.8620026707649231, 0.5069037079811096, 0.0, 495.7976379394531], [-0.5069037079811096, -0.8620026707649231, 0.0, 1728.4193115234375], [0.0, 0.0, 1.0, 0.0], [0.0, 0.0, 0.0, 1.0]], "pose_inverse": [[-0.8620026707649231, -0.5069037079811096, 0.0, 1303.52099609375], [0.5069037079811096, -0.8620026707649231, 0.0, 1238.5804443359375], [0.0, 0.0, 1.0, 0.0], [0.0, 0.0, 0.0, 1.0]], "cam_ids": [0, 1, 2, 3, 4, 5], "cam_channels": ["CAM_FRONT_LEFT", "CAM_FRONT", "CAM_FRONT_RIGHT", "CAM_BACK_LEFT", "CAM_BACK", "CAM_BACK_RIGHT"], "token": "83f0b5489866460a903caf7ff8e33188", "scene": "scene-0351"}, {"images": ["samples/CAM_FRONT_LEFT/n015-2018-08-02-17-28-51+0800__CAM_FRONT_LEFT__1533202399904844.jpg", "samples/CAM_FRONT/n015-2018-08-02-17-28-51+0800__CAM_FRONT__1533202399912461.jpg", "samples/CAM_FRONT_RIGHT/n015-2018-08-02-17-28-51+0800__CAM_FRONT_RIGHT__1533202399920339.jpg", "samples/CAM_BACK_LEFT/n015-2018-08-02-17-28-51+0800__CAM_BACK_LEFT__1533202399947423.jpg", "samples/CAM_BACK/n015-2018-08-02-17-28-51+0800__CAM_BACK__1533202399937525.jpg", "samples/CAM_BACK_RIGHT/n015-2018-08-02-17-28-51+0800__CAM_BACK_RIGHT__1533202399927893.jpg"], "intrinsics": [[[1272.5979470598488, 0.0, 826.6154927353808], [0.0, 1272.5979470598488, 479.75165386361925], [0.0, 0.0, 1.0]], [[1266.417203046554, 0.0, 816.2670197447984], [0.0, 1266.417203046554, 491.50706579294757], [0.0, 0.0, 1.0]], [[1260.8474446004698, 0.0, 807.968244525554], [0.0, 1260.8474446004698, 495.3344268742088], [0.0, 0.0, 1.0]], [[1256.7414812095406, 0.0, 792.1125740759628], [0.0, 1256.7414812095406, 492.7757465151356], [0.0, 0.0, 1.0]], [[809.2209905677063, 0.0, 829.2196003259838], [0.0, 809.2209905677063, 481.77842384512485], [0.0, 0.0, 1.0]], [[1259.5137405846733, 0.0, 807.2529053838625], [0.0, 1259.5137405846733, 501.19579884916527], [0.0, 0.0, 1.0]]], "extrinsics": [[[0.8200304508209229, -0.5718843340873718, 0.022326096892356873, -0.680419921875], [-0.0003128855023533106, -0.0394577831029892, -0.9992212057113647, 1.50823974609375], [0.5723198056221008, 0.819384753704071, -0.03253551572561264, -1.084716796875], [0.0, 0.0, 0.0, 1.0]], [[0.004727159161120653, -0.9990395307540894, 0.043563298881053925, 0.008544921875], [-0.005443336442112923, -0.043588850647211075, -0.9990347623825073, 1.5190582275390625], [0.9999740719795227, 0.004485508892685175, -0.005644160322844982, -1.4031982421875], [0.0, 0.0, 0.0, 1.0]], [[-0.8333016037940979, -0.5526310205459595, 0.014403221197426319, 0.84033203125], [0.00027705487445928156, -0.026471629738807678, -0.9996494650840759, 1.5037479400634766], [0.5528184771537781, -0.8330056071281433, 0.022211959585547447, -1.1193084716796875], [0.0, 0.0, 0.0, 1.0]], [[0.9476311206817627, 0.3192079961299896, -0.010075917467474937, -1.1138916015625], [0.00855907890945673, -0.056922320276498795, -0.9983419179916382, 1.5887832641601562], [-0.31925228238105774, 0.9459736347198486, -0.05667348578572273, -0.11273193359375], [0.0, 0.0, 0.0, 1.0]], [[0.002446532715111971, 0.9988966584205627, -0.046898651868104935, 0.0025634765625], [-0.016871491447091103, -0.046850886195898056, -0.9987594485282898, 1.5776214599609375], [-0.9998547434806824, 0.0032347976230084896, 0.016738252714276314, -0.102783203125], [0.0, 0.0, 0.0, 1.0]], [[-0.934641420841217, 0.35465970635414124, -0.025727376341819763, 0.97119140625], [0.015558509156107903, -0.0314946174621582, -0.9993828535079956, 1.5542259216308594], [-0.35525116324424744, -0.9344648718833923, 0.023918194696307182, -0.125244140625], [0.0, 0.0, 0.0, 1.0]]], "view": [[0.0, -2.0, 100.0], [-2.0, 0.0, 100.0], [0.0, 0.0, 1.0]], "bev": "bev_95644b97d1ed439a983b48c9a8941521.png", "aux": "aux_95644b97d1ed439a983b48c9a8941521.npz", "visibility": "visibility_95644b97d1ed439a983b48c9a8941521.png", "pose": [[-0.8308724164962769, 0.5564630031585693, 0.0, 492.8163757324219], [-0.5564630031585693, -0.8308724164962769, 0.0, 1726.5567626953125], [0.0, 0.0, 1.0, 0.0], [0.0, 0.0, 0.0, 1.0]], "pose_inverse": [[-0.8308724164962769, -0.5564630031585693, 0.0, 1370.232421875], [0.5564630031585693, -0.8308724164962769, 0.0, 1160.3143310546875], [0.0, 0.0, 1.0, 0.0], [0.0, 0.0, 0.0, 1.0]], "cam_ids": [0, 1, 2, 3, 4, 5], "cam_channels": ["CAM_FRONT_LEFT", "CAM_FRONT", "CAM_FRONT_RIGHT", "CAM_BACK_LEFT", "CAM_BACK", "CAM_BACK_RIGHT"], "token": "95644b97d1ed439a983b48c9a8941521", "scene": "scene-0351"}, {"images": ["samples/CAM_FRONT_LEFT/n015-2018-08-02-17-28-51+0800__CAM_FRONT_LEFT__1533202400404844.jpg", "samples/CAM_FRONT/n015-2018-08-02-17-28-51+0800__CAM_FRONT__1533202400412460.jpg", "samples/CAM_FRONT_RIGHT/n015-2018-08-02-17-28-51+0800__CAM_FRONT_RIGHT__1533202400420339.jpg", "samples/CAM_BACK_LEFT/n015-2018-08-02-17-28-51+0800__CAM_BACK_LEFT__1533202400447423.jpg", "samples/CAM_BACK/n015-2018-08-02-17-28-51+0800__CAM_BACK__1533202400437525.jpg", "samples/CAM_BACK_RIGHT/n015-2018-08-02-17-28-51+0800__CAM_BACK_RIGHT__1533202400427893.jpg"], "intrinsics": [[[1272.5979470598488, 0.0, 826.6154927353808], [0.0, 1272.5979470598488, 479.75165386361925], [0.0, 0.0, 1.0]], [[1266.417203046554, 0.0, 816.2670197447984], [0.0, 1266.417203046554, 491.50706579294757], [0.0, 0.0, 1.0]], [[1260.8474446004698, 0.0, 807.968244525554], [0.0, 1260.8474446004698, 495.3344268742088], [0.0, 0.0, 1.0]], [[1256.7414812095406, 0.0, 792.1125740759628], [0.0, 1256.7414812095406, 492.7757465151356], [0.0, 0.0, 1.0]], [[809.2209905677063, 0.0, 829.2196003259838], [0.0, 809.2209905677063, 481.77842384512485], [0.0, 0.0, 1.0]], [[1259.5137405846733, 0.0, 807.2529053838625], [0.0, 1259.5137405846733, 501.19579884916527], [0.0, 0.0, 1.0]]], "extrinsics": [[[0.8214015960693359, -0.569845974445343, 0.023979857563972473, -0.67059326171875], [-0.0004992674803361297, -0.04276246950030327, -0.9990851283073425, 1.508056640625], [0.5703500509262085, 0.820638120174408, -0.03540966287255287, -1.0755615234375], [0.0, 0.0, 0.0, 1.0]], [[0.006716588977724314, -0.9988827109336853, 0.04677785933017731, 0.0068359375], [-0.005851455498486757, -0.04681737348437309, -0.9988863468170166, 1.518768310546875], [0.9999603033065796, 0.00643535191193223, -0.006159372162073851, -1.39208984375], [0.0, 0.0, 0.0, 1.0]], [[-0.8324191570281982, -0.5538959503173828, 0.01665956899523735, 0.83251953125], [-0.00030460720881819725, -0.029606113210320473, -0.9995615482330322, 1.503570556640625], [0.5541462898254395, -0.8320593237876892, 0.024475976824760437, -1.115936279296875], [0.0, 0.0, 0.0, 1.0]], [[0.9475875496864319, 0.3192933201789856, -0.011378781870007515, -1.1119384765625], [0.008232207037508488, -0.06000324338674545, -0.9981642365455627, 1.5888175964355469], [-0.31938984990119934, 0.9457544088363647, -0.05948682129383087, -0.1138916015625], [0.0, 0.0, 0.0, 1.0]], [[0.0017310912953689694, 0.9987462759017944, -0.05003012344241142, 0.0029296875], [-0.017143884673714638, -0.049993205815553665, -0.9986024498939514, 1.5775146484375], [-0.9998515248298645, 0.0025863628834486008, 0.017035845667123795, -0.10595703125], [0.0, 0.0, 0.0, 1.0]], [[-0.9350709319114685, 0.35344722867012024, -0.026784975081682205, 0.9661865234375], [0.01554113905876875, -0.034612298011779785, -0.9992799758911133, 1.5542716979980469], [-0.3541198670864105, -0.9348139762878418, 0.026871981099247932, -0.1280517578125], [0.0, 0.0, 0.0, 1.0]]], "view": [[0.0, -2.0, 100.0], [-2.0, 0.0, 100.0], [0.0, 0.0, 1.0]], "bev": "bev_4755f4bb51784375b9b714851b9023bb.png", "aux": "aux_4755f4bb51784375b9b714851b9023bb.npz", "visibility": "visibility_4755f4bb51784375b9b714851b9023bb.png", "pose": [[-0.8294373750686646, 0.5585997104644775, 0.0, 489.6509094238281], [-0.5585997104644775, -0.8294373750686646, 0.0, 1724.4395751953125], [0.0, 0.0, 1.0, 0.0], [0.0, 0.0, 0.0, 1.0]], "pose_inverse": [[-0.8294373750686646, -0.5585997104644775, 0.0, 1369.40625], [0.5585997104644775, -0.8294373750686646, 0.0, 1156.7957763671875], [0.0, 0.0, 1.0, 0.0], [0.0, 0.0, 0.0, 1.0]], "cam_ids": [0, 1, 2, 3, 4, 5], "cam_channels": ["CAM_FRONT_LEFT", "CAM_FRONT", "CAM_FRONT_RIGHT", "CAM_BACK_LEFT", "CAM_BACK", "CAM_BACK_RIGHT"], "token": "4755f4bb51784375b9b714851b9023bb", "scene": "scene-0351"}, {"images": ["samples/CAM_FRONT_LEFT/n015-2018-08-02-17-28-51+0800__CAM_FRONT_LEFT__1533202400904844.jpg", "samples/CAM_FRONT/n015-2018-08-02-17-28-51+0800__CAM_FRONT__1533202400912460.jpg", "samples/CAM_FRONT_RIGHT/n015-2018-08-02-17-28-51+0800__CAM_FRONT_RIGHT__1533202400920339.jpg", "samples/CAM_BACK_LEFT/n015-2018-08-02-17-28-51+0800__CAM_BACK_LEFT__1533202400947423.jpg", "samples/CAM_BACK/n015-2018-08-02-17-28-51+0800__CAM_BACK__1533202400937525.jpg", "samples/CAM_BACK_RIGHT/n015-2018-08-02-17-28-51+0800__CAM_BACK_RIGHT__1533202400927893.jpg"], "intrinsics": [[[1272.5979470598488, 0.0, 826.6154927353808], [0.0, 1272.5979470598488, 479.75165386361925], [0.0, 0.0, 1.0]], [[1266.417203046554, 0.0, 816.2670197447984], [0.0, 1266.417203046554, 491.50706579294757], [0.0, 0.0, 1.0]], [[1260.8474446004698, 0.0, 807.968244525554], [0.0, 1260.8474446004698, 495.3344268742088], [0.0, 0.0, 1.0]], [[1256.7414812095406, 0.0, 792.1125740759628], [0.0, 1256.7414812095406, 492.7757465151356], [0.0, 0.0, 1.0]], [[809.2209905677063, 0.0, 829.2196003259838], [0.0, 809.2209905677063, 481.77842384512485], [0.0, 0.0, 1.0]], [[1259.5137405846733, 0.0, 807.2529053838625], [0.0, 1259.5137405846733, 501.19579884916527], [0.0, 0.0, 1.0]]], "extrinsics": [[[0.820819079875946, -0.5708234906196594, 0.0204069335013628, -0.662506103515625], [-0.0032671047374606133, -0.040418531745672226, -0.9991774559020996, 1.5069732666015625], [0.5711789131164551, 0.8200773000717163, -0.035041242837905884, -1.06787109375], [0.0, 0.0, 0.0, 1.0]], [[0.005879112984985113, -0.9989972114562988, 0.0443827323615551, 0.0054931640625], [-0.008601821959018707, -0.044432383030653, -0.998975396156311, 1.5178184509277344], [0.9999457001686096, 0.005491295363754034, -0.008854418992996216, -1.383544921875], [0.0, 0.0, 0.0, 1.0]], [[-0.832813560962677, -0.5532747507095337, 0.017564496025443077, 0.8272705078125], [-0.0030210288241505623, -0.027187159284949303, -0.9996257424354553, 1.5028762817382812], [0.5535452365875244, -0.8325549364089966, 0.020970376208424568, -1.1137237548828125], [0.0, 0.0, 0.0, 1.0]], [[0.9476381540298462, 0.3190822899341583, -0.012975357472896576, -1.115234375], [0.00560784712433815, -0.0572519451379776, -0.9983440041542053, 1.5886993408203125], [-0.31929683685302734, 0.9459961652755737, -0.05604349076747894, -0.1123046875], [0.0, 0.0, 0.0, 1.0]], [[0.002045239321887493, 0.9988736510276794, -0.04740579426288605, 0.0035400390625], [-0.019798794761300087, -0.04735615476965904, -0.9986818432807922, 1.5772018432617188], [-0.9998018741607666, 0.0029810776468366385, 0.019679639488458633, -0.1058349609375], [0.0, 0.0, 0.0, 1.0]], [[-0.9349127411842346, 0.3541054427623749, -0.023397134616971016, 0.96356201171875], [0.012839054688811302, -0.03213655203580856, -0.9994009733200073, 1.553792953491211], [-0.3546452522277832, -0.9346531629562378, 0.025498494505882263, -0.130126953125], [0.0, 0.0, 0.0, 1.0]]], "view": [[0.0, -2.0, 100.0], [-2.0, 0.0, 100.0], [0.0, 0.0, 1.0]], "bev": "bev_fab4928de5a34ce1b79d6f9c1f75cae3.png", "aux": "aux_fab4928de5a34ce1b79d6f9c1f75cae3.npz", "visibility": "visibility_fab4928de5a34ce1b79d6f9c1f75cae3.png", "pose": [[-0.8328697681427002, 0.5534690022468567, 0.0, 486.3614807128906], [-0.5534690022468567, -0.8328697681427002, 0.0, 1722.25537109375], [0.0, 0.0, 1.0, 0.0], [0.0, 0.0, 0.0, 1.0]], "pose_inverse": [[-0.8328697681427002, -0.5534690022468567, 0.0, 1358.290771484375], [0.5534690022468567, -0.8328697681427002, 0.0, 1165.2283935546875], [0.0, 0.0, 1.0, 0.0], [0.0, 0.0, 0.0, 1.0]], "cam_ids": [0, 1, 2, 3, 4, 5], "cam_channels": ["CAM_FRONT_LEFT", "CAM_FRONT", "CAM_FRONT_RIGHT", "CAM_BACK_LEFT", "CAM_BACK", "CAM_BACK_RIGHT"], "token": "fab4928de5a34ce1b79d6f9c1f75cae3", "scene": "scene-0351"}, {"images": ["samples/CAM_FRONT_LEFT/n015-2018-08-02-17-28-51+0800__CAM_FRONT_LEFT__1533202401404844.jpg", "samples/CAM_FRONT/n015-2018-08-02-17-28-51+0800__CAM_FRONT__1533202401412460.jpg", "samples/CAM_FRONT_RIGHT/n015-2018-08-02-17-28-51+0800__CAM_FRONT_RIGHT__1533202401420339.jpg", "samples/CAM_BACK_LEFT/n015-2018-08-02-17-28-51+0800__CAM_BACK_LEFT__1533202401447423.jpg", "samples/CAM_BACK/n015-2018-08-02-17-28-51+0800__CAM_BACK__1533202401437525.jpg", "samples/CAM_BACK_RIGHT/n015-2018-08-02-17-28-51+0800__CAM_BACK_RIGHT__1533202401427893.jpg"], "intrinsics": [[[1272.5979470598488, 0.0, 826.6154927353808], [0.0, 1272.5979470598488, 479.75165386361925], [0.0, 0.0, 1.0]], [[1266.417203046554, 0.0, 816.2670197447984], [0.0, 1266.417203046554, 491.50706579294757], [0.0, 0.0, 1.0]], [[1260.8474446004698, 0.0, 807.968244525554], [0.0, 1260.8474446004698, 495.3344268742088], [0.0, 0.0, 1.0]], [[1256.7414812095406, 0.0, 792.1125740759628], [0.0, 1256.7414812095406, 492.7757465151356], [0.0, 0.0, 1.0]], [[809.2209905677063, 0.0, 829.2196003259838], [0.0, 809.2209905677063, 481.77842384512485], [0.0, 0.0, 1.0]], [[1259.5137405846733, 0.0, 807.2529053838625], [0.0, 1259.5137405846733, 501.19579884916527], [0.0, 0.0, 1.0]]], "extrinsics": [[[0.8209189176559448, -0.5707926154136658, 0.016962019726634026, -0.63873291015625], [-0.004125959239900112, -0.03563147410750389, -0.9993565082550049, 1.5067100524902344], [0.5710297226905823, 0.8203207850456238, -0.03160561993718147, -1.056640625], [0.0, 0.0, 0.0, 1.0]], [[0.00602232851088047, -0.9991956949234009, 0.03964338079094887, 0.009033203125], [-0.009405539371073246, -0.039698950946331024, -0.9991674423217773, 1.5175361633300781], [0.9999375939369202, 0.005644416436553001, -0.009637054987251759, -1.3641357421875], [0.0, 0.0, 0.0, 1.0]], [[-0.8327652215957642, -0.5534064173698425, 0.01559771690517664, 0.8177490234375], [-0.003770240815356374, -0.022504128515720367, -0.9997396469116211, 1.502706527709961], [0.5536134243011475, -0.8326072096824646, 0.016654184088110924, -1.104156494140625], [0.0, 0.0, 0.0, 1.0]], [[0.9477934241294861, 0.3186491131782532, -0.012264526449143887, -1.1214599609375], [0.004855581093579531, -0.05287731811404228, -0.9985892176628113, 1.5886154174804688], [-0.31884801387786865, 0.9463966488838196, -0.05166400223970413, -0.10980224609375], [0.0, 0.0, 0.0, 1.0]], [[0.0021644113585352898, 0.9990765452384949, -0.04291197657585144, 0.00244140625], [-0.0205138698220253, -0.042858682572841644, -0.9988704919815063, 1.577178955078125], [-0.9997872114181519, 0.0030422110576182604, 0.02040216140449047, -0.1055908203125], [0.0, 0.0, 0.0, 1.0]], [[-0.9349362850189209, 0.3541882634162903, -0.02109193429350853, 0.95611572265625], [0.012125946581363678, -0.027514787390828133, -0.9995478391647339, 1.5538110733032227], [-0.3546084761619568, -0.934769332408905, 0.02142970636487007, -0.1304931640625], [0.0, 0.0, 0.0, 1.0]]], "view": [[0.0, -2.0, 100.0], [-2.0, 0.0, 100.0], [0.0, 0.0, 1.0]], "bev": "bev_c3f73ba0f9744c37bafd670ef1e7ac25.png", "aux": "aux_c3f73ba0f9744c37bafd670ef1e7ac25.npz", "visibility": "visibility_c3f73ba0f9744c37bafd670ef1e7ac25.png", "pose": [[-0.8365511894226074, 0.5478887557983398, 0.0, 482.8343200683594], [-0.5478887557983398, -0.8365511894226074, 0.0, 1719.964111328125], [0.0, 0.0, 1.0, 0.0], [0.0, 0.0, 0.0, 1.0]], "pose_inverse": [[-0.8365511894226074, -0.5478887557983398, 0.0, 1346.2646484375], [0.5478887557983398, -0.8365511894226074, 0.0, 1174.2984619140625], [0.0, 0.0, 1.0, 0.0], [0.0, 0.0, 0.0, 1.0]], "cam_ids": [0, 1, 2, 3, 4, 5], "cam_channels": ["CAM_FRONT_LEFT", "CAM_FRONT", "CAM_FRONT_RIGHT", "CAM_BACK_LEFT", "CAM_BACK", "CAM_BACK_RIGHT"], "token": "c3f73ba0f9744c37bafd670ef1e7ac25", "scene": "scene-0351"}, {"images": ["samples/CAM_FRONT_LEFT/n015-2018-08-02-17-28-51+0800__CAM_FRONT_LEFT__1533202401904844.jpg", "samples/CAM_FRONT/n015-2018-08-02-17-28-51+0800__CAM_FRONT__1533202401912460.jpg", "samples/CAM_FRONT_RIGHT/n015-2018-08-02-17-28-51+0800__CAM_FRONT_RIGHT__1533202401920339.jpg", "samples/CAM_BACK_LEFT/n015-2018-08-02-17-28-51+0800__CAM_BACK_LEFT__1533202401947423.jpg", "samples/CAM_BACK/n015-2018-08-02-17-28-51+0800__CAM_BACK__1533202401937525.jpg", "samples/CAM_BACK_RIGHT/n015-2018-08-02-17-28-51+0800__CAM_BACK_RIGHT__1533202401927893.jpg"], "intrinsics": [[[1272.5979470598488, 0.0, 826.6154927353808], [0.0, 1272.5979470598488, 479.75165386361925], [0.0, 0.0, 1.0]], [[1266.417203046554, 0.0, 816.2670197447984], [0.0, 1266.417203046554, 491.50706579294757], [0.0, 0.0, 1.0]], [[1260.8474446004698, 0.0, 807.968244525554], [0.0, 1260.8474446004698, 495.3344268742088], [0.0, 0.0, 1.0]], [[1256.7414812095406, 0.0, 792.1125740759628], [0.0, 1256.7414812095406, 492.7757465151356], [0.0, 0.0, 1.0]], [[809.2209905677063, 0.0, 829.2196003259838], [0.0, 809.2209905677063, 481.77842384512485], [0.0, 0.0, 1.0]], [[1259.5137405846733, 0.0, 807.2529053838625], [0.0, 1259.5137405846733, 501.19579884916527], [0.0, 0.0, 1.0]]], "extrinsics": [[[0.8208634853363037, -0.5709002017974854, 0.016001200303435326, -0.64990234375], [-0.004858721047639847, -0.03499658778309822, -0.999375581741333, 1.5064964294433594], [0.5711036920547485, 0.820273220539093, -0.03150126338005066, -1.0643310546875], [0.0, 0.0, 0.0, 1.0]], [[0.005938429851084948, -0.9992198348045349, 0.03904322534799576, 0.009033203125], [-0.01020294800400734, -0.03910243511199951, -0.9991831183433533, 1.5174102783203125], [0.9999303221702576, 0.005535224452614784, -0.010427193716168404, -1.3770751953125], [0.0, 0.0, 0.0, 1.0]], [[-0.8328070044517517, -0.5533319711685181, 0.01600620150566101, 0.8282470703125], [-0.004631674848496914, -0.021948637440800667, -0.9997483491897583, 1.502542495727539], [0.5535440444946289, -0.832671582698822, 0.015716126188635826, -1.110931396484375], [0.0, 0.0, 0.0, 1.0]], [[0.9476537704467773, 0.31903189420700073, -0.013077056966722012, -1.1356201171875], [0.003893162589520216, -0.0524972602725029, -0.9986134767532349, 1.5885658264160156], [-0.31927597522735596, 0.9462889432907104, -0.05099126696586609, -0.10552978515625], [0.0, 0.0, 0.0, 1.0]], [[0.0020635523833334446, 0.9990957975387573, -0.04246808961033821, 0.00244140625], [-0.021463679149746895, -0.042414143681526184, -0.9988695383071899, 1.57733154296875], [-0.9997674822807312, 0.0029727304354310036, 0.021356744691729546, -0.0933837890625], [0.0, 0.0, 0.0, 1.0]], [[-0.9349254965782166, 0.3542760908603668, -0.020067093893885612, 0.96728515625], [0.011219683103263378, -0.02700984850525856, -0.999572217464447, 1.553502082824707], [-0.3546665608882904, -0.9347507953643799, 0.021277330815792084, -0.1260986328125], [0.0, 0.0, 0.0, 1.0]]], "view": [[0.0, -2.0, 100.0], [-2.0, 0.0, 100.0], [0.0, 0.0, 1.0]], "bev": "bev_96439dfe62154c2085f63850d8983218.png", "aux": "aux_96439dfe62154c2085f63850d8983218.npz", "visibility": "visibility_96439dfe62154c2085f63850d8983218.png", "pose": [[-0.8392204642295837, 0.5437913537025452, 0.0, 479.11993408203125], [-0.5437913537025452, -0.8392204642295837, 0.0, 1717.614990234375], [0.0, 0.0, 1.0, 0.0], [0.0, 0.0, 0.0, 1.0]], "pose_inverse": [[-0.8392204642295837, -0.5437913537025452, 0.0, 1336.1114501953125], [0.5437913537025452, -0.8392204642295837, 0.0, 1180.9163818359375], [0.0, 0.0, 1.0, 0.0], [0.0, 0.0, 0.0, 1.0]], "cam_ids": [0, 1, 2, 3, 4, 5], "cam_channels": ["CAM_FRONT_LEFT", "CAM_FRONT", "CAM_FRONT_RIGHT", "CAM_BACK_LEFT", "CAM_BACK", "CAM_BACK_RIGHT"], "token": "96439dfe62154c2085f63850d8983218", "scene": "scene-0351"}, {"images": ["samples/CAM_FRONT_LEFT/n015-2018-08-02-17-28-51+0800__CAM_FRONT_LEFT__1533202402404844.jpg", "samples/CAM_FRONT/n015-2018-08-02-17-28-51+0800__CAM_FRONT__1533202402412460.jpg", "samples/CAM_FRONT_RIGHT/n015-2018-08-02-17-28-51+0800__CAM_FRONT_RIGHT__1533202402420339.jpg", "samples/CAM_BACK_LEFT/n015-2018-08-02-17-28-51+0800__CAM_BACK_LEFT__1533202402447423.jpg", "samples/CAM_BACK/n015-2018-08-02-17-28-51+0800__CAM_BACK__1533202402437525.jpg", "samples/CAM_BACK_RIGHT/n015-2018-08-02-17-28-51+0800__CAM_BACK_RIGHT__1533202402427893.jpg"], "intrinsics": [[[1272.5979470598488, 0.0, 826.6154927353808], [0.0, 1272.5979470598488, 479.75165386361925], [0.0, 0.0, 1.0]], [[1266.417203046554, 0.0, 816.2670197447984], [0.0, 1266.417203046554, 491.50706579294757], [0.0, 0.0, 1.0]], [[1260.8474446004698, 0.0, 807.968244525554], [0.0, 1260.8474446004698, 495.3344268742088], [0.0, 0.0, 1.0]], [[1256.7414812095406, 0.0, 792.1125740759628], [0.0, 1256.7414812095406, 492.7757465151356], [0.0, 0.0, 1.0]], [[809.2209905677063, 0.0, 829.2196003259838], [0.0, 809.2209905677063, 481.77842384512485], [0.0, 0.0, 1.0]], [[1259.5137405846733, 0.0, 807.2529053838625], [0.0, 1259.5137405846733, 501.19579884916527], [0.0, 0.0, 1.0]]], "extrinsics": [[[0.8208540081977844, -0.5709363222122192, 0.015179954469203949, -0.639434814453125], [-0.005657095927745104, -0.0347047783434391, -0.9993816018104553, 1.5060691833496094], [0.5711100697517395, 0.8202605247497559, -0.03171740099787712, -1.0560302734375], [0.0, 0.0, 0.0, 1.0]], [[0.0058549088425934315, -0.9992348551750183, 0.0386701375246048, 0.008544921875], [-0.010913915932178497, -0.03873235359787941, -0.999190092086792, 1.5170516967773438], [0.9999232888221741, 0.005428154021501541, -0.011132338084280491, -1.3675537109375], [0.0, 0.0, 0.0, 1.0]], [[-0.8328898549079895, -0.5531995892524719, 0.016269220039248466, 0.823486328125], [-0.005249738693237305, -0.0214981772005558, -0.9997550845146179, 1.5023517608642578], [0.5534138083457947, -0.832771360874176, 0.01500146184116602, -1.1082763671875], [0.0, 0.0, 0.0, 1.0]], [[0.9476487636566162, 0.3190431594848633, -0.013160722330212593, -1.138916015625], [0.0035619493573904037, -0.0517750158905983, -0.9986523985862732, 1.5885658264160156], [-0.3192945122718811, 0.9463249444961548, -0.050200946629047394, -0.1048583984375], [0.0, 0.0, 0.0, 1.0]], [[0.0022320887073874474, 0.9991213083267212, -0.04185182973742485, 0.0025634765625], [-0.02189711667597294, -0.041793063282966614, -0.9988862872123718, 1.57733154296875], [-0.9997577667236328, 0.0031460137106478214, 0.021784592419862747, -0.09130859375], [0.0, 0.0, 0.0, 1.0]], [[-0.9348585605621338, 0.3544910252094269, -0.019383380189538002, 0.96600341796875], [0.0106830894947052, -0.026483893394470215, -0.999592125415802, 1.5534162521362305], [-0.35485970973968506, -0.9346842765808105, 0.02097163535654545, -0.1273193359375], [0.0, 0.0, 0.0, 1.0]]], "view": [[0.0, -2.0, 100.0], [-2.0, 0.0, 100.0], [0.0, 0.0, 1.0]], "bev": "bev_e321e96dbbf741f897072e3ce9a2634d.png", "aux": "aux_e321e96dbbf741f897072e3ce9a2634d.npz", "visibility": "visibility_e321e96dbbf741f897072e3ce9a2634d.png", "pose": [[-0.8382026553153992, 0.5453588962554932, 0.0, 475.33502197265625], [-0.5453588962554932, -0.8382026553153992, 0.0, 1715.1885986328125], [0.0, 0.0, 1.0, 0.0], [0.0, 0.0, 0.0, 1.0]], "pose_inverse": [[-0.8382026553153992, -0.5453588962554932, 0.0, 1333.8204345703125], [0.5453588962554932, -0.8382026553153992, 0.0, 1178.447509765625], [0.0, 0.0, 1.0, 0.0], [0.0, 0.0, 0.0, 1.0]], "cam_ids": [0, 1, 2, 3, 4, 5], "cam_channels": ["CAM_FRONT_LEFT", "CAM_FRONT", "CAM_FRONT_RIGHT", "CAM_BACK_LEFT", "CAM_BACK", "CAM_BACK_RIGHT"], "token": "e321e96dbbf741f897072e3ce9a2634d", "scene": "scene-0351"}, {"images": ["samples/CAM_FRONT_LEFT/n015-2018-08-02-17-28-51+0800__CAM_FRONT_LEFT__1533202402904844.jpg", "samples/CAM_FRONT/n015-2018-08-02-17-28-51+0800__CAM_FRONT__1533202402912460.jpg", "samples/CAM_FRONT_RIGHT/n015-2018-08-02-17-28-51+0800__CAM_FRONT_RIGHT__1533202402920339.jpg", "samples/CAM_BACK_LEFT/n015-2018-08-02-17-28-51+0800__CAM_BACK_LEFT__1533202402947423.jpg", "samples/CAM_BACK/n015-2018-08-02-17-28-51+0800__CAM_BACK__1533202402937525.jpg", "samples/CAM_BACK_RIGHT/n015-2018-08-02-17-28-51+0800__CAM_BACK_RIGHT__1533202402927893.jpg"], "intrinsics": [[[1272.5979470598488, 0.0, 826.6154927353808], [0.0, 1272.5979470598488, 479.75165386361925], [0.0, 0.0, 1.0]], [[1266.417203046554, 0.0, 816.2670197447984], [0.0, 1266.417203046554, 491.50706579294757], [0.0, 0.0, 1.0]], [[1260.8474446004698, 0.0, 807.968244525554], [0.0, 1260.8474446004698, 495.3344268742088], [0.0, 0.0, 1.0]], [[1256.7414812095406, 0.0, 792.1125740759628], [0.0, 1256.7414812095406, 492.7757465151356], [0.0, 0.0, 1.0]], [[809.2209905677063, 0.0, 829.2196003259838], [0.0, 809.2209905677063, 481.77842384512485], [0.0, 0.0, 1.0]], [[1259.5137405846733, 0.0, 807.2529053838625], [0.0, 1259.5137405846733, 501.19579884916527], [0.0, 0.0, 1.0]]], "extrinsics": [[[0.820850133895874, -0.5709491968154907, 0.01489993091672659, -0.6400146484375], [-0.005025743041187525, -0.03330744057893753, -0.9994325041770935, 1.5062789916992188], [0.5711215138435364, 0.8203094005584717, -0.03020986169576645, -1.054931640625], [0.0, 0.0, 0.0, 1.0]], [[0.0059091257862746716, -0.9992867708206177, 0.037295885384082794, 0.007568359375], [-0.010390430688858032, -0.037355877459049225, -0.9992480278015137, 1.5171852111816406], [0.9999284744262695, 0.0055172499269247055, -0.010603763163089752, -1.3680419921875], [0.0, 0.0, 0.0, 1.0]], [[-0.8328248262405396, -0.5533285140991211, 0.015179101377725601, 0.8240966796875], [-0.004840212874114513, -0.020141365006566048, -0.9997853636741638, 1.5024375915527344], [0.5535155534744263, -0.8327195048332214, 0.014096003025770187, -1.109649658203125], [0.0, 0.0, 0.0, 1.0]], [[0.9476579427719116, 0.3190346956253052, -0.012699089013040066, -1.1429443359375], [0.003597372444346547, -0.05043940618634224, -0.998720645904541, 1.5885467529296875], [-0.3192670941352844, 0.9463998675346375, -0.04894699528813362, -0.10333251953125], [0.0, 0.0, 0.0, 1.0]], [[0.002088502049446106, 0.9991769790649414, -0.040510062128305435, 0.0029296875], [-0.021724827587604523