[{"images": ["samples/CAM_FRONT_LEFT/n015-2018-07-18-11-50-34+0800__CAM_FRONT_LEFT__1531886069504844.jpg", "samples/CAM_FRONT/n015-2018-07-18-11-50-34+0800__CAM_FRONT__1531886069512463.jpg", "samples/CAM_FRONT_RIGHT/n015-2018-07-18-11-50-34+0800__CAM_FRONT_RIGHT__1531886069520339.jpg", "samples/CAM_BACK_LEFT/n015-2018-07-18-11-50-34+0800__CAM_BACK_LEFT__1531886069547423.jpg", "samples/CAM_BACK/n015-2018-07-18-11-50-34+0800__CAM_BACK__1531886069537525.jpg", "samples/CAM_BACK_RIGHT/n015-2018-07-18-11-50-34+0800__CAM_BACK_RIGHT__1531886069527893.jpg"], "intrinsics": [[[1272.5979470598488, 0.0, 826.6154927353808], [0.0, 1272.5979470598488, 479.75165386361925], [0.0, 0.0, 1.0]], [[1266.417203046554, 0.0, 816.2670197447984], [0.0, 1266.417203046554, 491.50706579294757], [0.0, 0.0, 1.0]], [[1260.8474446004698, 0.0, 807.968244525554], [0.0, 1260.8474446004698, 495.3344268742088], [0.0, 0.0, 1.0]], [[1256.7414812095406, 0.0, 792.1125740759628], [0.0, 1256.7414812095406, 492.7757465151356], [0.0, 0.0, 1.0]], [[809.2209905677063, 0.0, 829.2196003259838], [0.0, 809.2209905677063, 481.77842384512485], [0.0, 0.0, 1.0]], [[1259.5137405846733, 0.0, 807.2529053838625], [0.0, 1259.5137405846733, 501.19579884916527], [0.0, 0.0, 1.0]]], "extrinsics": [[[0.8208236694335938, -0.5709486603736877, 0.016311276704072952, -0.96484375], [-0.005543311592191458, -0.03651856631040573, -0.9993176460266113, 1.508260726928711], [0.5711547136306763, 0.8201730847358704, -0.03314024955034256, -1.280517578125], [0.0, 0.0, 0.0, 1.0]], [[0.005845536477863789, -0.9991622567176819, 0.04050232097506523, 0.00537109375], [-0.010818665847182274, -0.04056383669376373, -0.9991183876991272, 1.5205440521240234], [0.9999242424964905, 0.00540220458060503, -0.011046720668673515, -1.6923828125], [0.0, 0.0, 0.0, 1.0]], [[-0.832876443862915, -0.5531906485557556, 0.017231114208698273, 1.0323486328125], [-0.00517425499856472, -0.023349396884441376, -0.9997139573097229, 1.503647804260254], [0.5534346103668213, -0.8327273726463318, 0.016584819182753563, -1.2484130859375], [0.0, 0.0, 0.0, 1.0]], [[0.9477124810218811, 0.3188295364379883, -0.01373572088778019, -1.1422119140625], [0.003572979709133506, -0.05363999679684639, -0.9985539317131042, 1.5885543823242188], [-0.31910526752471924, 0.9462931156158447, -0.051974471658468246, -0.103759765625], [0.0, 0.0, 0.0, 1.0]], [[0.0022327566985040903, 0.999042272567749, -0.04369791969656944, 0.00274658203125], [-0.021872246637940407, -0.04363878443837166, -0.998807966709137, 1.5793659687042236], [-0.9997583031654358, 0.003185864770784974, 0.021753866225481033, 0.001708984375], [0.0, 0.0, 0.0, 1.0]], [[-0.9348768591880798, 0.3544032573699951, -0.02008550800383091, 1.13623046875], [0.01073050033301115, -0.02834225259721279, -0.9995406866073608, 1.5514564514160156], [-0.3548097312450409, -0.9346630573272705, 0.02269359491765499, -0.063446044921875], [0.0, 0.0, 0.0, 1.0]]], "view": [[0.0, -2.0, 100.0], [-2.0, 0.0, 100.0], [0.0, 0.0, 1.0]], "bev": "bev_3e755d84f9634ee780b76847cd0f917b.png", "aux": "aux_3e755d84f9634ee780b76847cd0f917b.npz", "visibility": "visibility_3e755d84f9634ee780b76847cd0f917b.png", "pose": [[-0.03579714894294739, -0.9993590712547302, 0.0, 767.0104370117188], [0.9993590712547302, -0.03579714894294739, 0.0, 1767.2105712890625], [0.0, 0.0, 1.0, 0.0], [0.0, 0.0, 0.0, 1.0]], "pose_inverse": [[-0.03579714894294739, 0.9993590712547302, 0.0, -1738.62109375], [-0.9993590712547302, -0.03579714894294739, 0.0, 829.7799682617188], [0.0, 0.0, 1.0, 0.0], [0.0, 0.0, 0.0, 1.0]], "cam_ids": [0, 1, 2, 3, 4, 5], "cam_channels": ["CAM_FRONT_LEFT", "CAM_FRONT", "CAM_FRONT_RIGHT", "CAM_BACK_LEFT", "CAM_BACK", "CAM_BACK_RIGHT"], "token": "3e755d84f9634ee780b76847cd0f917b", "scene": "scene-0025"}, {"images": ["samples/CAM_FRONT_LEFT/n015-2018-07-18-11-50-34+0800__CAM_FRONT_LEFT__1531886070004844.jpg", "samples/CAM_FRONT/n015-2018-07-18-11-50-34+0800__CAM_FRONT__1531886070012464.jpg", "samples/CAM_FRONT_RIGHT/n015-2018-07-18-11-50-34+0800__CAM_FRONT_RIGHT__1531886070020339.jpg", "samples/CAM_BACK_LEFT/n015-2018-07-18-11-50-34+0800__CAM_BACK_LEFT__1531886070047423.jpg", "samples/CAM_BACK/n015-2018-07-18-11-50-34+0800__CAM_BACK__1531886070037525.jpg", "samples/CAM_BACK_RIGHT/n015-2018-07-18-11-50-34+0800__CAM_BACK_RIGHT__1531886070027893.jpg"], "intrinsics": [[[1272.5979470598488, 0.0, 826.6154927353808], [0.0, 1272.5979470598488, 479.75165386361925], [0.0, 0.0, 1.0]], [[1266.417203046554, 0.0, 816.2670197447984], [0.0, 1266.417203046554, 491.50706579294757], [0.0, 0.0, 1.0]], [[1260.8474446004698, 0.0, 807.968244525554], [0.0, 1260.8474446004698, 495.3344268742088], [0.0, 0.0, 1.0]], [[1256.7414812095406, 0.0, 792.1125740759628], [0.0, 1256.7414812095406, 492.7757465151356], [0.0, 0.0, 1.0]], [[809.2209905677063, 0.0, 829.2196003259838], [0.0, 809.2209905677063, 481.77842384512485], [0.0, 0.0, 1.0]], [[1259.5137405846733, 0.0, 807.2529053838625], [0.0, 1259.5137405846733, 501.19579884916527], [0.0, 0.0, 1.0]]], "extrinsics": [[[0.8208448886871338, -0.5709113478660583, 0.016550391912460327, -0.9647216796875], [-0.005300150718539953, -0.03659005090594292, -0.9993163347244263, 1.5082550048828125], [0.5711265802383423, 0.8201960325241089, -0.033060673624277115, -1.280303955078125], [0.0, 0.0, 0.0, 1.0]], [[0.005872474052011967, -0.999159038066864, 0.04057904705405235, 0.00531005859375], [-0.010602247901260853, -0.04063967987895012, -0.9991176128387451, 1.5205411911010742], [0.9999265074729919, 0.0054370635189116, -0.010831986553966999, -1.692138671875], [0.0, 0.0, 0.0, 1.0]], [[-0.8328648209571838, -0.5532116889953613, 0.017119083553552628, 1.0322265625], [-0.004986109212040901, -0.023429399356245995, -0.9997130632400513, 1.5036487579345703], [0.5534540414810181, -0.8327111601829529, 0.01675514690577984, -1.2484130859375], [0.0, 0.0, 0.0, 1.0]], [[0.9477128982543945, 0.3188311457633972, -0.013675287365913391, -1.1422119140625], [0.00367960287258029, -0.05376708135008812, -0.9985467195510864, 1.5885581970214844], [-0.31910306215286255, 0.9462853074073792, -0.052128929644823074, -0.103759765625], [0.0, 0.0, 0.0, 1.0]], [[0.002227637218311429, 0.9990374445915222, -0.04381048306822777, 0.002685546875], [-0.021731093525886536, -0.043751880526542664, -0.9988060593605042, 1.5793569087982178], [-0.9997614622116089, 0.0031770234927535057, 0.021612711250782013, 0.0015869140625], [0.0, 0.0, 0.0, 1.0]], [[-0.9348804354667664, 0.35438281297683716, -0.020280426368117332, 1.13623046875], [0.010905679315328598, -0.02843117155134678, -0.9995362758636475, 1.5514564514160156], [-0.35479509830474854, -0.9346681833267212, 0.02271496132016182, -0.063568115234375], [0.0, 0.0, 0.0, 1.0]]], "view": [[0.0, -2.0, 100.0], [-2.0, 0.0, 100.0], [0.0, 0.0, 1.0]], "bev": "bev_1f8ffa340b7a425fb3574477a849c3d9.png", "aux": "aux_1f8ffa340b7a425fb3574477a849c3d9.npz", "visibility": "visibility_1f8ffa340b7a425fb3574477a849c3d9.png", "pose": [[-0.035753075033426285, -0.9993606805801392, 0.0, 767.013671875], [0.9993606805801392, -0.035753075033426285, 0.0, 1767.210693359375], [0.0, 0.0, 1.0, 0.0], [0.0, 0.0, 0.0, 1.0]], "pose_inverse": [[-0.035753075033426285, 0.9993606805801392, 0.0, -1738.65771484375], [-0.9993606805801392, -0.035753075033426285, 0.0, 829.7064819335938], [0.0, 0.0, 1.0, 0.0], [0.0, 0.0, 0.0, 1.0]], "cam_ids": [0, 1, 2, 3, 4, 5], "cam_channels": ["CAM_FRONT_LEFT", "CAM_FRONT", "CAM_FRONT_RIGHT", "CAM_BACK_LEFT", "CAM_BACK", "CAM_BACK_RIGHT"], "token": "1f8ffa340b7a425fb3574477a849c3d9", "scene": "scene-0025"}, {"images": ["samples/CAM_FRONT_LEFT/n015-2018-07-18-11-50-34+0800__CAM_FRONT_LEFT__1531886070504844.jpg", "samples/CAM_FRONT/n015-2018-07-18-11-50-34+0800__CAM_FRONT__1531886070512463.jpg", "samples/CAM_FRONT_RIGHT/n015-2018-07-18-11-50-34+0800__CAM_FRONT_RIGHT__1531886070520339.jpg", "samples/CAM_BACK_LEFT/n015-2018-07-18-11-50-34+0800__CAM_BACK_LEFT__1531886070547423.jpg", "samples/CAM_BACK/n015-2018-07-18-11-50-34+0800__CAM_BACK__1531886070537525.jpg", "samples/CAM_BACK_RIGHT/n015-2018-07-18-11-50-34+0800__CAM_BACK_RIGHT__1531886070527893.jpg"], "intrinsics": [[[1272.5979470598488, 0.0, 826.6154927353808], [0.0, 1272.5979470598488, 479.75165386361925], [0.0, 0.0, 1.0]], [[1266.417203046554, 0.0, 816.2670197447984], [0.0, 1266.417203046554, 491.50706579294757], [0.0, 0.0, 1.0]], [[1260.8474446004698, 0.0, 807.968244525554], [0.0, 1260.8474446004698, 495.3344268742088], [0.0, 0.0, 1.0]], [[1256.7414812095406, 0.0, 792.1125740759628], [0.0, 1256.7414812095406, 492.7757465151356], [0.0, 0.0, 1.0]], [[809.2209905677063, 0.0, 829.2196003259838], [0.0, 809.2209905677063, 481.77842384512485], [0.0, 0.0, 1.0]], [[1259.5137405846733, 0.0, 807.2529053838625], [0.0, 1259.5137405846733, 501.19579884916527], [0.0, 0.0, 1.0]]], "extrinsics": [[[0.8208314180374146, -0.570931613445282, 0.016514208167791367, -0.96484375], [-0.005390011705458164, -0.03665440157055855, -0.999313473701477, 1.5082530975341797], [0.5711450576782227, 0.8201788663864136, -0.03316441550850868, -1.28033447265625], [0.0, 0.0, 0.0, 1.0]], [[0.005855655297636986, -0.9991568922996521, 0.04063332453370094, 0.005126953125], [-0.01068729255348444, -0.040694233030080795, -0.9991145133972168, 1.5205402374267578], [0.9999256730079651, 0.0054162126034498215, -0.01091657392680645, -1.6922607421875], [0.0, 0.0, 0.0, 1.0]], [[-0.8328712582588196, -0.553199052810669, 0.01721007190644741, 1.0322265625], [-0.005065965000540018, -0.02347402833402157, -0.9997115731239319, 1.5036487579345703], [0.5534434914588928, -0.8327182531356812, 0.01674835756421089, -1.2486572265625], [0.0, 0.0, 0.0, 1.0]], [[0.947712779045105, 0.318828821182251, -0.01373902428895235, -1.14208984375], [0.003619319060817361, -0.05378785729408264, -0.99854576587677, 1.5885543823242188], [-0.3191041648387909, 0.9462848901748657, -0.05212938040494919, -0.103759765625], [0.0, 0.0, 0.0, 1.0]], [[0.002230175072327256, 0.9990360140800476, -0.043841246515512466, 0.00286865234375], [-0.021802371367812157, -0.04378236085176468, -0.9988031983375549, 1.579364538192749], [-0.9997597932815552, 0.0031833495013415813, 0.021683715283870697, 0.0018310546875], [0.0, 0.0, 0.0, 1.0]], [[-0.9348784685134888, 0.3543916344642639, -0.020216727629303932, 1.1363525390625], [0.010822991840541363, -0.02846897765994072, -0.9995360374450684, 1.55145263671875], [-0.35480281710624695, -0.9346635937690735, 0.02277945540845394, -0.0635528564453125], [0.0, 0.0, 0.0, 1.0]]], "view": [[0.0, -2.0, 100.0], [-2.0, 0.0, 100.0], [0.0, 0.0, 1.0]], "bev": "bev_a71c3dc9f5a84b72ab144c192d2cb51a.png", "aux": "aux_a71c3dc9f5a84b72ab144c192d2cb51a.npz", "visibility": "visibility_a71c3dc9f5a84b72ab144c192d2cb51a.png", "pose": [[-0.0357251912355423, -0.9993616342544556, 0.0, 767.0162963867188], [0.9993616342544556, -0.0357251912355423, 0.0, 1767.2108154296875], [0.0, 0.0, 1.0, 0.0], [0.0, 0.0, 0.0, 1.0]], "pose_inverse": [[-0.0357251912355423, 0.9993616342544556, 0.0, -1738.680908203125], [-0.9993616342544556, -0.0357251912355423, 0.0, 829.66064453125], [0.0, 0.0, 1.0, 0.0], [0.0, 0.0, 0.0, 1.0]], "cam_ids": [0, 1, 2, 3, 4, 5], "cam_channels": ["CAM_FRONT_LEFT", "CAM_FRONT", "CAM_FRONT_RIGHT", "CAM_BACK_LEFT", "CAM_BACK", "CAM_BACK_RIGHT"], "token": "a71c3dc9f5a84b72ab144c192d2cb51a", "scene": "scene-0025"}, {"images": ["samples/CAM_FRONT_LEFT/n015-2018-07-18-11-50-34+0800__CAM_FRONT_LEFT__1531886071004844.jpg", "samples/CAM_FRONT/n015-2018-07-18-11-50-34+0800__CAM_FRONT__1531886071012466.jpg", "samples/CAM_FRONT_RIGHT/n015-2018-07-18-11-50-34+0800__CAM_FRONT_RIGHT__1531886071020339.jpg", "samples/CAM_BACK_LEFT/n015-2018-07-18-11-50-34+0800__CAM_BACK_LEFT__1531886071047423.jpg", "samples/CAM_BACK/n015-2018-07-18-11-50-34+0800__CAM_BACK__1531886071037525.jpg", "samples/CAM_BACK_RIGHT/n015-2018-07-18-11-50-34+0800__CAM_BACK_RIGHT__1531886071027893.jpg"], "intrinsics": [[[1272.5979470598488, 0.0, 826.6154927353808], [0.0, 1272.5979470598488, 479.75165386361925], [0.0, 0.0, 1.0]], [[1266.417203046554, 0.0, 816.2670197447984], [0.0, 1266.417203046554, 491.50706579294757], [0.0, 0.0, 1.0]], [[1260.8474446004698, 0.0, 807.968244525554], [0.0, 1260.8474446004698, 495.3344268742088], [0.0, 0.0, 1.0]], [[1256.7414812095406, 0.0, 792.1125740759628], [0.0, 1256.7414812095406, 492.7757465151356], [0.0, 0.0, 1.0]], [[809.2209905677063, 0.0, 829.2196003259838], [0.0, 809.2209905677063, 481.77842384512485], [0.0, 0.0, 1.0]], [[1259.5137405846733, 0.0, 807.2529053838625], [0.0, 1259.5137405846733, 501.19579884916527], [0.0, 0.0, 1.0]]], "extrinsics": [[[0.8208489418029785, -0.5709071755409241, 0.0164941493421793, -0.9647216796875], [-0.0054045990109443665, -0.03664201870560646, -0.9993138313293457, 1.5082511901855469], [0.5711197853088379, 0.8201965689659119, -0.03316308930516243, -1.28033447265625], [0.0, 0.0, 0.0, 1.0]], [[0.005880845710635185, -0.9991565346717834, 0.04063756763935089, 0.00506591796875], [-0.010686206631362438, -0.04069874435663223, -0.9991143345832825, 1.520538330078125], [0.9999255537986755, 0.00544138066470623, -0.010916536673903465, -1.6922607421875], [0.0, 0.0, 0.0, 1.0]], [[-0.8328604102134705, -0.553215503692627, 0.017208963632583618, 1.0322265625], [-0.005049851257354021, -0.02349567599594593, -0.9997111558914185, 1.5036430358886719], [0.5534600615501404, -0.8327067494392395, 0.016774963587522507, -1.2486572265625], [0.0, 0.0, 0.0, 1.0]], [[0.9477124810218811, 0.3188295364379883, -0.013738659210503101, -1.1422119140625], [0.003634578548371792, -0.05383184924721718, -0.998543381690979, 1.5885543823242188], [-0.3191046416759491, 0.946282148361206, -0.05217592790722847, -0.1036376953125], [0.0, 0.0, 0.0, 1.0]], [[0.002222559880465269, 0.9990342855453491, -0.043881356716156006, 0.0028076171875], [-0.021790897473692894, -0.04382266104221344, -0.9988016486167908, 1.579359531402588], [-0.999760091304779, 0.0031761082354933023, 0.021672457456588745, 0.0018310546875], [0.0, 0.0, 0.0, 1.0]], [[-0.9348836541175842, 0.3543771505355835, -0.020232705399394035, 1.13623046875], [0.010828470811247826, -0.028500545769929886, -0.9995351433753967, 1.55145263671875], [-0.35478904843330383, -0.9346681833267212, 0.022807328030467033, -0.063568115234375], [0.0, 0.0, 0.0, 1.0]]], "view": [[0.0, -2.0, 100.0], [-2.0, 0.0, 100.0], [0.0, 0.0, 1.0]], "bev": "bev_5a1f37aea5be4500a3f36e3764f273ad.png", "aux": "aux_5a1f37aea5be4500a3f36e3764f273ad.npz", "visibility": "visibility_5a1f37aea5be4500a3f36e3764f273ad.png", "pose": [[-0.03570213168859482, -0.9993624687194824, 0.0, 767.0184936523438], [0.9993624687194824, -0.03570213168859482, 0.0, 1767.2108154296875], [0.0, 0.0, 1.0, 0.0], [0.0, 0.0, 0.0, 1.0]], "pose_inverse": [[-0.03570213168859482, 0.9993624687194824, 0.0, -1738.699951171875], [-0.9993624687194824, -0.03570213168859482, 0.0, 829.6226806640625], [0.0, 0.0, 1.0, 0.0], [0.0, 0.0, 0.0, 1.0]], "cam_ids": [0, 1, 2, 3, 4, 5], "cam_channels": ["CAM_FRONT_LEFT", "CAM_FRONT", "CAM_FRONT_RIGHT", "CAM_BACK_LEFT", "CAM_BACK", "CAM_BACK_RIGHT"], "token": "5a1f37aea5be4500a3f36e3764f273ad", "scene": "scene-0025"}, {"images": ["samples/CAM_FRONT_LEFT/n015-2018-07-18-11-50-34+0800__CAM_FRONT_LEFT__1531886071504844.jpg", "samples/CAM_FRONT/n015-2018-07-18-11-50-34+0800__CAM_FRONT__1531886071512467.jpg", "samples/CAM_FRONT_RIGHT/n015-2018-07-18-11-50-34+0800__CAM_FRONT_RIGHT__1531886071520339.jpg", "samples/CAM_BACK_LEFT/n015-2018-07-18-11-50-34+0800__CAM_BACK_LEFT__1531886071547423.jpg", "samples/CAM_BACK/n015-2018-07-18-11-50-34+0800__CAM_BACK__1531886071537525.jpg", "samples/CAM_BACK_RIGHT/n015-2018-07-18-11-50-34+0800__CAM_BACK_RIGHT__1531886071527893.jpg"], "intrinsics": [[[1272.5979470598488, 0.0, 826.6154927353808], [0.0, 1272.5979470598488, 479.75165386361925], [0.0, 0.0, 1.0]], [[1266.417203046554, 0.0, 816.2670197447984], [0.0, 1266.417203046554, 491.50706579294757], [0.0, 0.0, 1.0]], [[1260.8474446004698, 0.0, 807.968244525554], [0.0, 1260.8474446004698, 495.3344268742088], [0.0, 0.0, 1.0]], [[1256.7414812095406, 0.0, 792.1125740759628], [0.0, 1256.7414812095406, 492.7757465151356], [0.0, 0.0, 1.0]], [[809.2209905677063, 0.0, 829.2196003259838], [0.0, 809.2209905677063, 481.77842384512485], [0.0, 0.0, 1.0]], [[1259.5137405846733, 0.0, 807.2529053838625], [0.0, 1259.5137405846733, 501.19579884916527], [0.0, 0.0, 1.0]]], "extrinsics": [[[0.8208436369895935, -0.5709155201911926, 0.016468282788991928, -0.96484375], [-0.0054096379317343235, -0.03660343214869499, -0.9993152022361755, 1.5082530975341797], [0.5711274147033691, 0.8201923966407776, -0.03313414379954338, -1.2802734375], [0.0, 0.0, 0.0, 1.0]], [[0.005874169059097767, -0.9991585612297058, 0.04059003293514252, 0.005126953125], [-0.010709951631724834, -0.040651265531778336, -0.9991160035133362, 1.5205373764038086], [0.9999253153800964, 0.005434262100607157, -0.010939732193946838, -1.6923828125], [0.0, 0.0, 0.0, 1.0]], [[-0.832862913608551, -0.5532116889953613, 0.017212746664881706, 1.03240966796875], [-0.005092032719403505, -0.023439178243279457, -0.9997122287750244, 1.5036487579345703], [0.5534559488296509, -0.832710862159729, 0.016704650595784187, -1.24853515625], [0.0, 0.0, 0.0, 1.0]], [[0.9477102756500244, 0.3188346028327942, -0.013772173784673214, -1.142333984375], [0.0035804000217467546, -0.053775034844875336, -0.9985466003417969, 1.5885581970214844], [-0.3191118538379669, 0.9462836980819702, -0.052104707807302475, -0.1038818359375], [0.0, 0.0, 0.0, 1.0]], [[0.0022230155300348997, 0.9990370273590088, -0.043820369988679886, 0.00262451171875], [-0.0218310859054327, -0.04376154765486717, -0.998803436756134, 1.5793614387512207], [-0.9997592568397522, 0.003177003236487508, 0.021712779998779297, 0.001708984375], [0.0, 0.0, 0.0, 1.0]], [[-0.9348827600479126, 0.35438233613967896, -0.02018326334655285, 1.13623046875], [0.010799654759466648, -0.028436847031116486, -0.9995372891426086, 1.55145263671875], [-0.3547922670841217, -0.9346680641174316, 0.022757908329367638, -0.0635223388671875], [0.0, 0.0, 0.0, 1.0]]], "view": [[0.0, -2.0, 100.0], [-2.0, 0.0, 100.0], [0.0, 0.0, 1.0]], "bev": "bev_39c87a6a8a3f457c9f9d148d241cfc8d.png", "aux": "aux_39c87a6a8a3f457c9f9d148d241cfc8d.npz", "visibility": "visibility_39c87a6a8a3f457c9f9d148d241cfc8d.png", "pose": [[-0.03562537580728531, -0.9993652105331421, 0.0, 767.0203857421875], [0.9993652105331421, -0.03562537580728531, 0.0, 1767.2109375], [0.0, 0.0, 1.0, 0.0], [0.0, 0.0, 0.0, 1.0]], "pose_inverse": [[-0.03562537580728531, 0.9993652105331421, 0.0, -1738.7637939453125], [-0.9993652105331421, -0.03562537580728531, 0.0, 829.4910278320312], [0.0, 0.0, 1.0, 0.0], [0.0, 0.0, 0.0, 1.0]], "cam_ids": [0, 1, 2, 3, 4, 5], "cam_channels": ["CAM_FRONT_LEFT", "CAM_FRONT", "CAM_FRONT_RIGHT", "CAM_BACK_LEFT", "CAM_BACK", "CAM_BACK_RIGHT"], "token": "39c87a6a8a3f457c9f9d148d241cfc8d", "scene": "scene-0025"}, {"images": ["samples/CAM_FRONT_LEFT/n015-2018-07-18-11-50-34+0800__CAM_FRONT_LEFT__1531886072004844.jpg", "samples/CAM_FRONT/n015-2018-07-18-11-50-34+0800__CAM_FRONT__1531886072013186.jpg", "samples/CAM_FRONT_RIGHT/n015-2018-07-18-11-50-34+0800__CAM_FRONT_RIGHT__1531886072020339.jpg", "samples/CAM_BACK_LEFT/n015-2018-07-18-11-50-34+0800__CAM_BACK_LEFT__1531886072047886.jpg", "samples/CAM_BACK/n015-2018-07-18-11-50-34+0800__CAM_BACK__1531886072037525.jpg", "samples/CAM_BACK_RIGHT/n015-2018-07-18-11-50-34+0800__CAM_BACK_RIGHT__1531886072027893.jpg"], "intrinsics": [[[1272.5979470598488, 0.0, 826.6154927353808], [0.0, 1272.5979470598488, 479.75165386361925], [0.0, 0.0, 1.0]], [[1266.417203046554, 0.0, 816.2670197447984], [0.0, 1266.417203046554, 491.50706579294757], [0.0, 0.0, 1.0]], [[1260.8474446004698, 0.0, 807.968244525554], [0.0, 1260.8474446004698, 495.3344268742088], [0.0, 0.0, 1.0]], [[1256.7414812095406, 0.0, 792.1125740759628], [0.0, 1256.7414812095406, 492.7757465151356], [0.0, 0.0, 1.0]], [[809.2209905677063, 0.0, 829.2196003259838], [0.0, 809.2209905677063, 481.77842384512485], [0.0, 0.0, 1.0]], [[1259.5137405846733, 0.0, 807.2529053838625], [0.0, 1259.5137405846733, 501.19579884916527], [0.0, 0.0, 1.0]]], "extrinsics": [[[0.8208349347114563, -0.5709289312362671, 0.01643870398402214, -0.96484375], [-0.005425647366791964, -0.03657377138733864, -0.9993162155151367, 1.508249282836914], [0.5711396932601929, 0.8201844096183777, -0.03311868757009506, -1.280364990234375], [0.0, 0.0, 0.0, 1.0]], [[0.005860042292624712, -0.9991594552993774, 0.04056943207979202, 0.005126953125], [-0.010714943520724773, -0.04063054546713829, -0.999116837978363, 1.5205411911010742], [0.9999253749847412, 0.005420171655714512, -0.010944033972918987, -1.6922607421875], [0.0, 0.0, 0.0, 1.0]], [[-0.8328701257705688, -0.5532010793685913, 0.01720079965889454, 1.0323486328125], [-0.005085844546556473, -0.023427298292517662, -0.9997125864028931, 1.503645896911621], [0.553445041179657, -0.8327181935310364, 0.016698401421308517, -1.248779296875], [0.0, 0.0, 0.0, 1.0]], [[0.9477120637893677, 0.3188309669494629, -0.013732139952480793, -1.142333984375], [0.003615254070609808, -0.05375392362475395, -0.9985476732254028, 1.5885543823242188], [-0.3191060721874237, 0.9462860226631165, -0.05209590122103691, -0.103759765625], [0.0, 0.0, 0.0, 1.0]], [[0.0022292451467365026, 0.9990376830101013, -0.04380377382040024, 0.00274658203125], [-0.021810593083500862, -0.04374489188194275, -0.9988046288490295, 1.5793644189834595], [-0.9997596740722656, 0.0031819697469472885, 0.02169208601117134, 0.0018310546875], [0.0, 0.0, 0.0, 1.0]], [[-0.9348791837692261, 0.3543914556503296, -0.020189421251416206, 1.1361083984375], [0.010808597318828106, -0.02843000367283821, -0.9995373487472534, 1.5514488220214844], [-0.3548015356063843, -0.9346649050712585, 0.02274814248085022, -0.06353759765625], [0.0, 0.0, 0.0, 1.0]]], "view": [[0.0, -2.0, 100.0], [-2.0, 0.0, 100.0], [0.0, 0.0, 1.0]], "bev": "bev_2776d0d502e94091a3b5cfe7b42bb48d.png", "aux": "aux_2776d0d502e94091a3b5cfe7b42bb48d.npz", "visibility": "visibility_2776d0d502e94091a3b5cfe7b42bb48d.png", "pose": [[-0.03570547327399254, -0.9993623495101929, 0.0, 767.0219116210938], [0.9993623495101929, -0.03570547327399254, 0.0, 1767.2109375], [0.0, 0.0, 1.0, 0.0], [0.0, 0.0, 0.0, 1.0]], "pose_inverse": [[-0.03570547327399254, 0.9993623495101929, 0.0, -1738.697265625], [-0.9993623495101929, -0.03570547327399254, 0.0, 829.6318969726562], [0.0, 0.0, 1.0, 0.0], [0.0, 0.0, 0.0, 1.0]], "cam_ids": [0, 1, 2, 3, 4, 5], "cam_channels": ["CAM_FRONT_LEFT", "CAM_FRONT", "CAM_FRONT_RIGHT", "CAM_BACK_LEFT", "CAM_BACK", "CAM_BACK_RIGHT"], "token": "2776d0d502e94091a3b5cfe7b42bb48d", "scene": "scene-0025"}, {"images": ["samples/CAM_FRONT_LEFT/n015-2018-07-18-11-50-34+0800__CAM_FRONT_LEFT__1531886072504844.jpg", "samples/CAM_FRONT/n015-2018-07-18-11-50-34+0800__CAM_FRONT__1531886072512465.jpg", "samples/CAM_FRONT_RIGHT/n015-2018-07-18-11-50-34+0800__CAM_FRONT_RIGHT__1531886072520339.jpg", "samples/CAM_BACK_LEFT/n015-2018-07-18-11-50-34+0800__CAM_BACK_LEFT__1531886072547423.jpg", "samples/CAM_BACK/n015-2018-07-18-11-50-34+0800__CAM_BACK__1531886072537525.jpg", "samples/CAM_BACK_RIGHT/n015-2018-07-18-11-50-34+0800__CAM_BACK_RIGHT__1531886072527893.jpg"], "intrinsics": [[[1272.5979470598488, 0.0, 826.6154927353808], [0.0, 1272.5979470598488, 479.75165386361925], [0.0, 0.0, 1.0]], [[1266.417203046554, 0.0, 816.2670197447984], [0.0, 1266.417203046554, 491.50706579294757], [0.0, 0.0, 1.0]], [[1260.8474446004698, 0.0, 807.968244525554], [0.0, 1260.8474446004698, 495.3344268742088], [0.0, 0.0, 1.0]], [[1256.7414812095406, 0.0, 792.1125740759628], [0.0, 1256.7414812095406, 492.7757465151356], [0.0, 0.0, 1.0]], [[809.2209905677063, 0.0, 829.2196003259838], [0.0, 809.2209905677063, 481.77842384512485], [0.0, 0.0, 1.0]], [[1259.5137405846733, 0.0, 807.2529053838625], [0.0, 1259.5137405846733, 501.19579884916527], [0.0, 0.0, 1.0]]], "extrinsics": [[[0.8208286166191101, -0.5709354877471924, 0.016519153490662575, -0.9649658203125], [-0.005303835961967707, -0.03653902933001518, -0.9993181228637695, 1.508249282836914], [0.5711498260498047, 0.8201813101768494, -0.03302043303847313, -1.2802734375], [0.0, 0.0, 0.0, 1.0]], [[0.005851000547409058, -0.9991610050201416, 0.04053546488285065, 0.0052490234375], [-0.010588757693767548, -0.04059578850865364, -0.9991195797920227, 1.5205354690551758], [0.999926745891571, 0.005416631232947111, -0.010817400179803371, -1.6923828125], [0.0, 0.0, 0.0, 1.0]], [[-0.8328725099563599, -0.55320143699646, 0.017072344198822975, 1.0323486328125], [-0.004954606760293245, -0.023392753675580025, -0.9997140765190125, 1.5036449432373047], [0.5534425973892212, -0.8327190279960632, 0.016742290928959846, -1.24853515625], [0.0, 0.0, 0.0, 1.0]], [[0.9477137923240662, 0.31883078813552856, -0.013616315089166164, -1.142333984375], [0.0037295115180313587, -0.053730882704257965, -0.9985485076904297, 1.5885543823242188], [-0.31909963488578796, 0.9462874531745911, -0.05211058259010315, -0.103759765625], [0.0, 0.0, 0.0, 1.0]], [[0.00223450711928308, 0.9990389347076416, -0.04377542808651924, 0.00274658203125], [-0.021692760288715363, -0.04371681064367294, -0.9988084435462952, 1.5793546438217163], [-0.999762237071991, 0.0031814631074666977, 0.021574225276708603, 0.001708984375], [0.0, 0.0, 0.0, 1.0]], [[-0.9348765015602112, 0.35439223051071167, -0.020295483991503716, 1.1363525390625], [0.010935830883681774, -0.028393495827913284, -0.9995369911193848, 1.5514450073242188], [-0.3548044264316559, -0.9346657395362854, 0.02266884222626686, -0.06365966796875], [0.0, 0.0, 0.0, 1.0]]], "view": [[0.0, -2.0, 100.0], [-2.0, 0.0, 100.0], [0.0, 0.0, 1.0]], "bev": "bev_8a2f1d422b5344bf856ac21c65f2d562.png", "aux": "aux_8a2f1d422b5344bf856ac21c65f2d562.npz", "visibility": "visibility_8a2f1d422b5344bf856ac21c65f2d562.png", "pose": [[-0.035785529762506485, -0.9993594884872437, 0.0, 767.023193359375], [0.9993594884872437, -0.035785529762506485, 0.0, 1767.2110595703125], [0.0, 0.0, 1.0, 0.0], [0.0, 0.0, 0.0, 1.0]], "pose_inverse": [[-0.035785529762506485, 0.9993594884872437, 0.0, -1738.630859375], [-0.9993594884872437, -0.035785529762506485, 0.0, 829.7725219726562], [0.0, 0.0, 1.0, 0.0], [0.0, 0.0, 0.0, 1.0]], "cam_ids": [0, 1, 2, 3, 4, 5], "cam_channels": ["CAM_FRONT_LEFT", "CAM_FRONT", "CAM_FRONT_RIGHT", "CAM_BACK_LEFT", "CAM_BACK", "CAM_BACK_RIGHT"], "token": "8a2f1d422b5344bf856ac21c65f2d562", "scene": "scene-0025"}, {"images": ["samples/CAM_FRONT_LEFT/n015-2018-07-18-11-50-34+0800__CAM_FRONT_LEFT__1531886073004844.jpg", "samples/CAM_FRONT/n015-2018-07-18-11-50-34+0800__CAM_FRONT__1531886073012468.jpg", "samples/CAM_FRONT_RIGHT/n015-2018-07-18-11-50-34+0800__CAM_FRONT_RIGHT__1531886073020339.jpg", "samples/CAM_BACK_LEFT/n015-2018-07-18-11-50-34+0800__CAM_BACK_LEFT__1531886073047423.jpg", "samples/CAM_BACK/n015-2018-07-18-11-50-34+0800__CAM_BACK__1531886073037525.jpg", "samples/CAM_BACK_RIGHT/n015-2018-07-18-11-50-34+0800__CAM_BACK_RIGHT__1531886073027893.jpg"], "intrinsics": [[[1272.5979470598488, 0.0, 826.6154927353808], [0.0, 1272.5979470598488, 479.75165386361925], [0.0, 0.0, 1.0]], [[1266.417203046554, 0.0, 816.2670197447984], [0.0, 1266.417203046554, 491.50706579294757], [0.0, 0.0, 1.0]], [[1260.8474446004698, 0.0, 807.968244525554], [0.0, 1260.8474446004698, 495.3344268742088], [0.0, 0.0, 1.0]], [[1256.7414812095406, 0.0, 792.1125740759628], [0.0, 1256.7414812095406, 492.7757465151356], [0.0, 0.0, 1.0]], [[809.2209905677063, 0.0, 829.2196003259838], [0.0, 809.2209905677063, 481.77842384512485], [0.0, 0.0, 1.0]], [[1259.5137405846733, 0.0, 807.2529053838625], [0.0, 1259.5137405846733, 501.19579884916527], [0.0, 0.0, 1.0]]], "extrinsics": [[[0.820837676525116, -0.5709205269813538, 0.01659255661070347, -0.96484375], [-0.005236501805484295, -0.036571722477674484, -0.9993172883987427, 1.5082530975341797], [0.5711374878883362, 0.8201904296875, -0.03300907835364342, -1.280426025390625], [0.0, 0.0, 0.0, 1.0]], [[0.00585924880579114, -0.999159574508667, 0.0405685231089592, 0.00518798828125], [-0.010517357848584652, -0.04062855243682861, -0.999118983745575, 1.5205373764038086], [0.9999274611473083, 0.005427413620054722, -0.010746571235358715, -1.6922607421875], [0.0, 0.0, 0.0, 1.0]], [[-0.8328714966773987, -0.5532045364379883, 0.017027730122208595, 1.03228759765625], [-0.004879010375589132, -0.023425811901688576, -0.999713659286499, 1.5036449432373047], [0.553445041179657, -0.8327159881591797, 0.01681159995496273, -1.24853515625], [0.0, 0.0, 0.0, 1.0]], [[0.9477145671844482, 0.318830668926239, -0.013559632003307343, -1.1424560546875], [0.00379401003010571, -0.05374506488442421, -0.9985474348068237, 1.5885543823242188], [-0.31909632682800293, 0.946286678314209, -0.05214463546872139, -0.1038818359375], [0.0, 0.0, 0.0, 1.0]], [[0.002236094791442156, 0.9990376234054565, -0.04380299896001816, 0.0028076171875], [-0.021619213744997978, -0.04374457523226738, -0.9988088011741638, 1.5793617963790894], [-0.9997637867927551, 0.0031804186291992664, 0.021500591188669205, 0.001708984375], [0.0, 0.0, 0.0, 1.0]], [[-0.9348761439323425, 0.3543888032436371, -0.020376015454530716, 1.1361083984375], [0.011008070781826973, -0.02843024767935276, -0.9995352029800415, 1.55145263671875], [-0.3548033535480499, -0.9346659779548645, 0.022677624598145485, -0.0635833740234375], [0.0, 0.0, 0.0, 1.0]]], "view": [[0.0, -2.0, 100.0], [-2.0, 0.0, 100.0], [0.0, 0.0, 1.0]], "bev": "bev_b2ec36b4311440c69a959a0e3c992177.png", "aux": "aux_b2ec36b4311440c69a959a0e3c992177.npz", "visibility": "visibility_b2ec36b4311440c69a959a0e3c992177.png", "pose": [[-0.03573339432477951, -0.9993613362312317, 0.0, 767.0243530273438], [0.9993613362312317, -0.03573339432477951, 0.0, 1767.2110595703125], [0.0, 0.0, 1.0, 0.0], [0.0, 0.0, 0.0, 1.0]], "pose_inverse": [[-0.03573339432477951, 0.9993613362312317, 0.0, -1738.674072265625], [-0.9993613362312317, -0.03573339432477951, 0.0, 829.6829223632812], [0.0, 0.0, 1.0, 0.0], [0.0, 0.0, 0.0, 1.0]], "cam_ids": [0, 1, 2, 3, 4, 5], "cam_channels": ["CAM_FRONT_LEFT", "CAM_FRONT", "CAM_FRONT_RIGHT", "CAM_BACK_LEFT", "CAM_BACK", "CAM_BACK_RIGHT"], "token": "b2ec36b4311440c69a959a0e3c992177", "scene": "scene-0025"}, {"images": ["samples/CAM_FRONT_LEFT/n015-2018-07-18-11-50-34+0800__CAM_FRONT_LEFT__1531886073504844.jpg", "samples/CAM_FRONT/n015-2018-07-18-11-50-34+0800__CAM_FRONT__1531886073512464.jpg", "samples/CAM_FRONT_RIGHT/n015-2018-07-18-11-50-34+0800__CAM_FRONT_RIGHT__1531886073520339.jpg", "samples/CAM_BACK_LEFT/n015-2018-07-18-11-50-34+0800__CAM_BACK_LEFT__1531886073547423.jpg", "samples/CAM_BACK/n015-2018-07-18-11-50-34+0800__CAM_BACK__1531886073537525.jpg", "samples/CAM_BACK_RIGHT/n015-2018-07-18-11-50-34+0800__CAM_BACK_RIGHT__1531886073527893.jpg"], "intrinsics": [[[1272.5979470598488, 0.0, 826.6154927353808], [0.0, 1272.5979470598488, 479.75165386361925], [0.0, 0.0, 1.0]], [[1266.417203046554, 0.0, 816.2670197447984], [0.0, 1266.417203046554, 491.50706579294757], [0.0, 0.0, 1.0]], [[1260.8474446004698, 0.0, 807.968244525554], [0.0, 1260.8474446004698, 495.3344268742088], [0.0, 0.0, 1.0]], [[1256.7414812095406, 0.0, 792.1125740759628], [0.0, 1256.7414812095406, 492.7757465151356], [0.0, 0.0, 1.0]], [[809.2209905677063, 0.0, 829.2196003259838], [0.0, 809.2209905677063, 481.77842384512485], [0.0, 0.0, 1.0]], [[1259.5137405846733, 0.0, 807.2529053838625], [0.0, 1259.5137405846733, 501.19579884916527], [0.0, 0.0, 1.0]]], "extrinsics": [[[0.8208544254302979, -0.5708951950073242, 0.016632741317152977, -0.9649658203125], [-0.005225325468927622, -0.03662770986557007, -0.9993153214454651, 1.508249282836914], [0.5711135268211365, 0.8202054500579834, -0.03304912894964218, -1.28033447265625], [0.0, 0.0, 0.0, 1.0]], [[0.005886769853532314, -0.9991574287414551, 0.040615759789943695, 0.005126953125], [-0.010516619309782982, -0.04067607596516609, -0.9991170763969421, 1.5205364227294922], [0.9999273419380188, 0.005454432684928179, -0.010747210122644901, -1.6922607421875], [0.0, 0.0, 0.0, 1.0]], [[-0.8328572511672974, -0.5532249808311462, 0.01705813966691494, 1.0321044921875], [-0.004889689385890961, -0.023463917896151543, -0.9997127056121826, 1.5036449432373047], [0.553466260433197, -0.8327013254165649, 0.016836995258927345, -1.2486572265625], [0.0, 0.0, 0.0, 1.0]], [[0.9477120637893677, 0.3188375234603882, -0.013578093610703945, -1.1422119140625], [0.003793774638324976, -0.05380087345838547, -0.998544454574585, 1.5885543823242188], [-0.3191039562225342, 0.9462812542915344, -0.05219733715057373, -0.103759765625], [0.0, 0.0, 0.0, 1.0]], [[0.002225231844931841, 0.9990357160568237, -0.04384833201766014, 0.00286865234375], [-0.02162044309079647, -0.043790124356746674, -0.9988067746162415, 1.5793582201004028], [-0.9997638463973999, 0.0031706001609563828, 0.02150215022265911, 0.0015869140625], [0.0, 0.0, 0.0, 1.0]], [[-0.9348830580711365, 0.3543700873851776, -0.020383791998028755, 1.1363525390625], [0.011002866551280022, -0.028467146679759026, -0.9995341300964355, 1.5514488220214844], [-0.35478532314300537, -0.9346718788146973, 0.022714363411068916, -0.063690185546875], [0.0, 0.0, 0.0, 1.0]]], "view": [[0.0, -2.0, 100.0], [-2.0, 0.0, 100.0], [0.0, 0.0, 1.0]], "bev": "bev_15ab3872150347678f4efca8c640ce75.png", "aux": "aux_15ab3872150347678f4efca8c640ce75.npz", "visibility": "visibility_15ab3872150347678f4efca8c640ce75.png", "pose": [[-0.035676904022693634, -0.999363362789154, 0.0, 767.0252685546875], [0.999363362789154, -0.035676904022693634, 0.0, 1767.2110595703125], [0.0, 0.0, 1.0, 0.0], [0.0, 0.0, 0.0, 1.0]], "pose_inverse": [[-0.035676904022693634, 0.999363362789154, 0.0, -1738.720947265625], [-0.999363362789154, -0.035676904022693634, 0.0, 829.5855712890625], [0.0, 0.0, 1.0, 0.0], [0.0, 0.0, 0.0, 1.0]], "cam_ids": [0, 1, 2, 3, 4, 5], "cam_channels": ["CAM_FRONT_LEFT", "CAM_FRONT", "CAM_FRONT_RIGHT", "CAM_BACK_LEFT", "CAM_BACK", "CAM_BACK_RIGHT"], "token": "15ab3872150347678f4efca8c640ce75", "scene": "scene-0025"}, {"images": ["samples/CAM_FRONT_LEFT/n015-2018-07-18-11-50-34+0800__CAM_FRONT_LEFT__1531886073904844.jpg", "samples/CAM_FRONT/n015-2018-07-18-11-50-34+0800__CAM_FRONT__1531886073912465.jpg", "samples/CAM_FRONT_RIGHT/n015-2018-07-18-11-50-34+0800__CAM_FRONT_RIGHT__1531886073920346.jpg", "samples/CAM_BACK_LEFT/n015-2018-07-18-11-50-34+0800__CAM_BACK_LEFT__1531886073947423.jpg", "samples/CAM_BACK/n015-2018-07-18-11-50-34+0800__CAM_BACK__1531886073937525.jpg", "samples/CAM_BACK_RIGHT/n015-2018-07-18-11-50-34+0800__CAM_BACK_RIGHT__1531886073927893.jpg"], "intrinsics": [[[1272.5979470598488, 0.0, 826.6154927353808], [0.0, 1272.5979470598488, 479.75165386361925], [0.0, 0.0, 1.0]], [[1266.417203046554, 0.0, 816.2670197447984], [0.0, 1266.417203046554, 491.50706579294757], [0.0, 0.0, 1.0]], [[1260.8474446004698, 0.0, 807.968244525554], [0.0, 1260.8474446004698, 495.3344268742088], [0.0, 0.0, 1.0]], [[1256.7414812095406, 0.0, 792.1125740759628], [0.0, 1256.7414812095406, 492.7757465151356], [0.0, 0.0, 1.0]], [[809.2209905677063, 0.0, 829.2196003259838], [0.0, 809.2209905677063, 481.77842384512485], [0.0, 0.0, 1.0]], [[1259.5137405846733, 0.0, 807.2529053838625], [0.0, 1259.5137405846733, 501.19579884916527], [0.0, 0.0, 1.0]]], "extrinsics": [[[0.8208352327346802, -0.5709208250045776, 0.016704745590686798, -0.9647216796875], [-0.005184699781239033, -0.036693450063467026, -0.9993131160736084, 1.5082473754882812], [0.5711416006088257, 0.8201847076416016, -0.03307932987809181, -1.280242919921875], [0.0, 0.0, 0.0, 1.0]], [[0.005853570532053709, -0.999154806137085, 0.0406857505440712, 0.005126953125], [-0.010473132133483887, -0.04074547439813614, -0.9991146922111511, 1.520538330078125], [0.9999279975891113, 0.005422287154942751, -0.010702786967158318, -1.6922607421875], [0.0, 0.0, 0.0, 1.0]], [[-0.8328748345375061, -0.5531984567642212, 0.017058799043297768, 1.03216552734375], [-0.004842046648263931, -0.023537760600447655, -0.9997112154960632, 1.5036439895629883], [0.5534402132034302, -0.8327168822288513, 0.016925396397709846, -1.2486572265625], [0.0, 0.0, 0.0, 1.0]], [[0.9477155804634094, 0.31882888078689575, -0.013539031147956848, -1.1422119140625], [0.0038563492707908154, -0.05386587232351303, -0.9985407590866089, 1.5885543823242188], [-0.31909289956092834, 0.9462804198265076, -0.052279047667980194, -0.103759765625], [0.0, 0.0, 0.0, 1.0]], [[0.002239927416667342, 0.999032735824585, -0.043917588889598846, 0.0028076171875], [-0.02157198265194893, -0.04385920614004135, -0.9988048076629639, 1.5793547630310059], [-0.9997648000717163, 0.0031846354249864817, 0.021452870219945908, 0.0018310546875], [0.0, 0.0, 0.0, 1.0]], [[-0.9348739385604858, 0.3543897867202759, -0.020455678924918175, 1.13623046875], [0.011050930246710777, -0.028541652485728264, -0.9995315670967102, 1.5514450073242188], [-0.35480761528015137, -0.9346621632575989, 0.022766511887311935, -0.0636749267578125], [0.0, 0.0, 0.0, 1.0]]], "view": [[0.0, -2.0, 100.0], [-2.0, 0.0, 100.0], [0.0, 0.0, 1.0]], "bev": "bev_2a2d180d999843f6b2b9756b60624576.png", "aux": "aux_2a2d180d999843f6b2b9756b60624576.npz", "visibility": "visibility_2a2d180d999843f6b2b9756b60624576.png", "pose": [[-0.035730764269828796, -0.9993614554405212, 0.0, 767.0259399414062], [0.9993614554405212, -0.035730764269828796, 0.0, 1767.2110595703125], [0.0, 0.0, 1.0, 0.0], [0.0, 0.0, 0.0, 1.0]], "pose_inverse": [[-0.035730764269828796, 0.9993614554405212, 0.0, -1738.6761474609375], [-0.9993614554405212, -0.035730764269828796, 0.0, 829.679931640625], [0.0, 0.0, 1.0, 0.0], [0.0, 0.0, 0.0, 1.0]], "cam_ids": [0, 1, 2, 3, 4, 5], "cam_channels": ["CAM_FRONT_LEFT", "CAM_FRONT", "CAM_FRONT_RIGHT", "CAM_BACK_LEFT", "CAM_BACK", "CAM_BACK_RIGHT"], "token": "2a2d180d999843f6b2b9756b60624576", "scene": "scene-0025"}, {"images": ["samples/CAM_FRONT_LEFT/n015-2018-07-18-11-50-34+0800__CAM_FRONT_LEFT__1531886074404844.jpg", "samples/CAM_FRONT/n015-2018-07-18-11-50-34+0800__CAM_FRONT__1531886074412463.jpg", "samples/CAM_FRONT_RIGHT/n015-2018-07-18-11-50-34+0800__CAM_FRONT_RIGHT__1531886074420339.jpg", "samples/CAM_BACK_LEFT/n015-2018-07-18-11-50-34+0800__CAM_BACK_LEFT__1531886074447423.jpg", "samples/CAM_BACK/n015-2018-07-18-11-50-34+0800__CAM_BACK__1531886074437525.jpg", "samples/CAM_BACK_RIGHT/n015-2018-07-18-11-50-34+0800__CAM_BACK_RIGHT__1531886074427893.jpg"], "intrinsics": [[[1272.5979470598488, 0.0, 826.6154927353808], [0.0, 1272.5979470598488, 479.75165386361925], [0.0, 0.0, 1.0]], [[1266.417203046554, 0.0, 816.2670197447984], [0.0, 1266.417203046554, 491.50706579294757], [0.0, 0.0, 1.0]], [[1260.8474446004698, 0.0, 807.968244525554], [0.0, 1260.8474446004698, 495.3344268742088], [0.0, 0.0, 1.0]], [[1256.7414812095406, 0.0, 792.1125740759628], [0.0, 1256.7414812095406, 492.7757465151356], [0.0, 0.0, 1.0]], [[809.2209905677063, 0.0, 829.2196003259838], [0.0, 809.2209905677063, 481.77842384512485], [0.0, 0.0, 1.0]], [[1259.5137405846733, 0.0, 807.2529053838625], [0.0, 1259.5137405846733, 501.19579884916527], [0.0, 0.0, 1.0]]], "extrinsics": [[[0.820827066898346, -0.5709343552589417, 0.016641288995742798, -0.96484375], [-0.005207874812185764, -0.036614835262298584, -0.9993159174919128, 1.508249282836914], [0.5711531043052673, 0.8201788067817688, -0.03302780166268349, -1.28021240234375], [0.0, 0.0, 0.0, 1.0]], [[0.005844736006110907, -0.9991583228111267, 0.04060116410255432, 0.005126953125], [-0.01050830539315939, -0.04066098481416702, -0.9991177916526794, 1.5205354690551758], [0.9999276399612427, 0.00541293527930975, -0.01073711458593607, -1.6922607421875], [0.0, 0.0, 0.0, 1.0]], [[-0.8328769207000732, -0.5531954765319824, 0.017048589885234833, 1.0323486328125], [-0.004889924544841051, -0.023447396233677864, -0.999713122844696, 1.5036468505859375], [0.5534365177154541, -0.8327214121818542, 0.01682371087372303, -1.2486572265625], [0.0, 0.0, 0.0, 1.0]], [[0.9477150440216064, 0.3188296854496002, -0.01355750858783722, -1.14208984375], [0.003808279288932681, -0.05378091335296631, -0.9985455274581909, 1.5885505676269531], [-0.31909504532814026, 0.9462849497795105, -0.05218317732214928, -0.1036376953125], [0.0, 0.0, 0.0, 1.0]], [[0.002240552566945553, 0.9990367293357849, -0.043825410306453705, 0.0028076171875], [-0.02161211334168911, -0.04376690462231636,