[{"images": ["samples/CAM_FRONT_LEFT/n015-2018-07-18-11-50-34+0800__CAM_FRONT_LEFT__1531886222504844.jpg", "samples/CAM_FRONT/n015-2018-07-18-11-50-34+0800__CAM_FRONT__1531886222512465.jpg", "samples/CAM_FRONT_RIGHT/n015-2018-07-18-11-50-34+0800__CAM_FRONT_RIGHT__1531886222520339.jpg", "samples/CAM_BACK_LEFT/n015-2018-07-18-11-50-34+0800__CAM_BACK_LEFT__1531886222547423.jpg", "samples/CAM_BACK/n015-2018-07-18-11-50-34+0800__CAM_BACK__1531886222537525.jpg", "samples/CAM_BACK_RIGHT/n015-2018-07-18-11-50-34+0800__CAM_BACK_RIGHT__1531886222527893.jpg"], "intrinsics": [[[1272.5979470598488, 0.0, 826.6154927353808], [0.0, 1272.5979470598488, 479.75165386361925], [0.0, 0.0, 1.0]], [[1266.417203046554, 0.0, 816.2670197447984], [0.0, 1266.417203046554, 491.50706579294757], [0.0, 0.0, 1.0]], [[1260.8474446004698, 0.0, 807.968244525554], [0.0, 1260.8474446004698, 495.3344268742088], [0.0, 0.0, 1.0]], [[1256.7414812095406, 0.0, 792.1125740759628], [0.0, 1256.7414812095406, 492.7757465151356], [0.0, 0.0, 1.0]], [[809.2209905677063, 0.0, 829.2196003259838], [0.0, 809.2209905677063, 481.77842384512485], [0.0, 0.0, 1.0]], [[1259.5137405846733, 0.0, 807.2529053838625], [0.0, 1259.5137405846733, 501.19579884916527], [0.0, 0.0, 1.0]]], "extrinsics": [[[0.8214702010154724, -0.5697878003120422, 0.022986674681305885, -0.693603515625], [0.007561266887933016, -0.02942272275686264, -0.9995384812355042, 1.51080322265625], [0.5702012181282043, 0.8212648630142212, -0.019861575216054916, -1.0948486328125], [0.0, 0.0, 0.0, 1.0]], [[0.006688468158245087, -0.999417245388031, 0.03347061201930046, 0.0089111328125], [0.0022987062111496925, -0.03345590457320213, -0.9994375705718994, 1.5212249755859375], [0.9999749660491943, 0.006761658936738968, 0.00207359716296196, -1.420257568359375], [0.0, 0.0, 0.0, 1.0]], [[-0.8324211835861206, -0.5541383028030396, 0.0023733661510050297, 0.855224609375], [0.007940146140754223, -0.016209900379180908, -0.9998370409011841, 1.5053672790527344], [0.5540865063667297, -0.8322668075561523, 0.01789340190589428, -1.12890625], [0.0, 0.0, 0.0, 1.0]], [[0.9478099346160889, 0.31883445382118225, 0.0009394335211254656, -1.12786865234375], [0.01663590781390667, -0.04651125520467758, -0.9987792372703552, 1.58880615234375], [-0.3184015452861786, 0.9466685652732849, -0.04938793182373047, -0.1085205078125], [0.0, 0.0, 0.0, 1.0]], [[0.0023385994136333466, 0.9993298649787903, -0.0365288220345974, 0.00244140625], [-0.008774738758802414, -0.036507006734609604, -0.9992948770523071, 1.5786209106445312], [-0.9999588131904602, 0.0026574728544801474, 0.008683482185006142, -0.0850372314453125], [0.0, 0.0, 0.0, 1.0]], [[-0.9348292350769043, 0.3538445830345154, -0.0298036877065897, 0.98822021484375], [0.023849360644817352, -0.021177224814891815, -0.9994912147521973, 1.55523681640625], [-0.3542957007884979, -0.935064435005188, 0.01135812234133482, -0.1182861328125], [0.0, 0.0, 0.0, 1.0]]], "view": [[0.0, -2.0, 100.0], [-2.0, 0.0, 100.0], [0.0, 0.0, 1.0]], "bev": "bev_64dd47bcaabc44279c9be12aab064752.png", "aux": "aux_64dd47bcaabc44279c9be12aab064752.npz", "visibility": "visibility_64dd47bcaabc44279c9be12aab064752.png", "pose": [[0.8869252800941467, 0.4619128704071045, 0.0, 880.2705688476562], [-0.4619128704071045, 0.8869252800941467, 0.0, 1415.2926025390625], [0.0, 0.0, 1.0, 0.0], [0.0, 0.0, 0.0, 1.0]], "pose_inverse": [[0.8869252800941467, -0.4619128704071045, 0.0, -126.99237823486328], [0.4619128704071045, 0.8869252800941467, 0.0, -1661.8671875], [0.0, 0.0, 1.0, 0.0], [0.0, 0.0, 0.0, 1.0]], "cam_ids": [0, 1, 2, 3, 4, 5], "cam_channels": ["CAM_FRONT_LEFT", "CAM_FRONT", "CAM_FRONT_RIGHT", "CAM_BACK_LEFT", "CAM_BACK", "CAM_BACK_RIGHT"], "token": "64dd47bcaabc44279c9be12aab064752", "scene": "scene-0031"}, {"images": ["samples/CAM_FRONT_LEFT/n015-2018-07-18-11-50-34+0800__CAM_FRONT_LEFT__1531886222904844.jpg", "samples/CAM_FRONT/n015-2018-07-18-11-50-34+0800__CAM_FRONT__1531886222912465.jpg", "samples/CAM_FRONT_RIGHT/n015-2018-07-18-11-50-34+0800__CAM_FRONT_RIGHT__1531886222920339.jpg", "samples/CAM_BACK_LEFT/n015-2018-07-18-11-50-34+0800__CAM_BACK_LEFT__1531886222947423.jpg", "samples/CAM_BACK/n015-2018-07-18-11-50-34+0800__CAM_BACK__1531886222937525.jpg", "samples/CAM_BACK_RIGHT/n015-2018-07-18-11-50-34+0800__CAM_BACK_RIGHT__1531886222927901.jpg"], "intrinsics": [[[1272.5979470598488, 0.0, 826.6154927353808], [0.0, 1272.5979470598488, 479.75165386361925], [0.0, 0.0, 1.0]], [[1266.417203046554, 0.0, 816.2670197447984], [0.0, 1266.417203046554, 491.50706579294757], [0.0, 0.0, 1.0]], [[1260.8474446004698, 0.0, 807.968244525554], [0.0, 1260.8474446004698, 495.3344268742088], [0.0, 0.0, 1.0]], [[1256.7414812095406, 0.0, 792.1125740759628], [0.0, 1256.7414812095406, 492.7757465151356], [0.0, 0.0, 1.0]], [[809.2209905677063, 0.0, 829.2196003259838], [0.0, 809.2209905677063, 481.77842384512485], [0.0, 0.0, 1.0]], [[1259.5137405846733, 0.0, 807.2529053838625], [0.0, 1259.5137405846733, 501.19579884916527], [0.0, 0.0, 1.0]]], "extrinsics": [[[0.8216273784637451, -0.5694287419319153, 0.026062851771712303, -0.68316650390625], [0.009749576449394226, -0.031677380204200745, -0.9994505643844604, 1.5116157531738281], [0.5699414610862732, 0.8214301466941833, -0.020475314930081367, -1.0858154296875], [0.0, 0.0, 0.0, 1.0]], [[0.006876481231302023, -0.9993308782577515, 0.03592229634523392, 0.0076904296875], [0.0045494274236261845, -0.03589151054620743, -0.9993453621864319, 1.5218467712402344], [0.999966025352478, 0.007035435643047094, 0.004299574997276068, -1.4089431762695312], [0.0, 0.0, 0.0, 1.0]], [[-0.8323158621788025, -0.5542983412742615, 0.0019058117177337408, 0.84759521484375], [0.01025165431201458, -0.01883099228143692, -0.9997701048851013, 1.5059337615966797], [0.5542067885398865, -0.8321049809455872, 0.02135580964386463, -1.125], [0.0, 0.0, 0.0, 1.0]], [[0.9476825594902039, 0.3192048668861389, 0.002445102436468005, -1.1353759765625], [0.019287943840026855, -0.04961457848548889, -0.9985821843147278, 1.58868408203125], [-0.3186309337615967, 0.9463860392570496, -0.053175680339336395, -0.10595703125], [0.0, 0.0, 0.0, 1.0]], [[0.0022667020093649626, 0.9992172718048096, -0.03949451819062233, 0.0029296875], [-0.006275111809372902, -0.03947962448000908, -0.999200701713562, 1.5788192749023438], [-0.9999777674674988, 0.002512748818844557, 0.006180710159242153, -0.0859222412109375], [0.0, 0.0, 0.0, 1.0]], [[-0.934807538986206, 0.35361674427986145, -0.033014994114637375, 0.983154296875], [0.026225781068205833, -0.02397536300122738, -0.9993684887886047, 1.5557479858398438], [-0.35418495535850525, -0.9350831508636475, 0.013138474896550179, -0.1212158203125], [0.0, 0.0, 0.0, 1.0]]], "view": [[0.0, -2.0, 100.0], [-2.0, 0.0, 100.0], [0.0, 0.0, 1.0]], "bev": "bev_00e3ea12ab3c40ca85b5d19afe3df599.png", "aux": "aux_00e3ea12ab3c40ca85b5d19afe3df599.npz", "visibility": "visibility_00e3ea12ab3c40ca85b5d19afe3df599.png", "pose": [[0.8794164061546326, 0.4760533273220062, 0.0, 882.9511108398438], [-0.4760533273220062, 0.8794164061546326, 0.0, 1413.8509521484375], [0.0, 0.0, 1.0, 0.0], [0.0, 0.0, 0.0, 1.0]], "pose_inverse": [[0.8794164061546326, -0.4760533273220062, 0.0, -103.41325378417969], [0.4760533273220062, 0.8794164061546326, 0.0, -1663.695556640625], [0.0, 0.0, 1.0, 0.0], [0.0, 0.0, 0.0, 1.0]], "cam_ids": [0, 1, 2, 3, 4, 5], "cam_channels": ["CAM_FRONT_LEFT", "CAM_FRONT", "CAM_FRONT_RIGHT", "CAM_BACK_LEFT", "CAM_BACK", "CAM_BACK_RIGHT"], "token": "00e3ea12ab3c40ca85b5d19afe3df599", "scene": "scene-0031"}, {"images": ["samples/CAM_FRONT_LEFT/n015-2018-07-18-11-50-34+0800__CAM_FRONT_LEFT__1531886223354844.jpg", "samples/CAM_FRONT/n015-2018-07-18-11-50-34+0800__CAM_FRONT__1531886223362460.jpg", "samples/CAM_FRONT_RIGHT/n015-2018-07-18-11-50-34+0800__CAM_FRONT_RIGHT__1531886223370339.jpg", "samples/CAM_BACK_LEFT/n015-2018-07-18-11-50-34+0800__CAM_BACK_LEFT__1531886223397423.jpg", "samples/CAM_BACK/n015-2018-07-18-11-50-34+0800__CAM_BACK__1531886223387525.jpg", "samples/CAM_BACK_RIGHT/n015-2018-07-18-11-50-34+0800__CAM_BACK_RIGHT__1531886223377893.jpg"], "intrinsics": [[[1272.5979470598488, 0.0, 826.6154927353808], [0.0, 1272.5979470598488, 479.75165386361925], [0.0, 0.0, 1.0]], [[1266.417203046554, 0.0, 816.2670197447984], [0.0, 1266.417203046554, 491.50706579294757], [0.0, 0.0, 1.0]], [[1260.8474446004698, 0.0, 807.968244525554], [0.0, 1260.8474446004698, 495.3344268742088], [0.0, 0.0, 1.0]], [[1256.7414812095406, 0.0, 792.1125740759628], [0.0, 1256.7414812095406, 492.7757465151356], [0.0, 0.0, 1.0]], [[809.2209905677063, 0.0, 829.2196003259838], [0.0, 809.2209905677063, 481.77842384512485], [0.0, 0.0, 1.0]], [[1259.5137405846733, 0.0, 807.2529053838625], [0.0, 1259.5137405846733, 501.19579884916527], [0.0, 0.0, 1.0]]], "extrinsics": [[[0.8215282559394836, -0.569233238697052, 0.032632164657115936, -0.66253662109375], [0.015499620698392391, -0.03491532802581787, -0.9992700815200806, 1.5139427185058594], [0.5699570178985596, 0.8214343786239624, -0.01986103132367134, -1.0699462890625], [0.0, 0.0, 0.0, 1.0]], [[0.006836154032498598, -0.9992145299911499, 0.03903239220380783, 0.007080078125], [0.010326532647013664, -0.03896068409085274, -0.9991874098777771, 1.5236740112304688], [0.9999232292175293, 0.007233659271150827, 0.01005207747220993, -1.3870849609375], [0.0, 0.0, 0.0, 1.0]], [[-0.8322063088417053, -0.55446457862854, -0.0013342214515432715, 0.8326416015625], [0.016073111444711685, -0.021718986332416534, -0.999634861946106, 1.5074996948242188], [0.5542330741882324, -0.8319238424301147, 0.02698664739727974, -1.11572265625], [0.0, 0.0, 0.0, 1.0]], [[0.9476742148399353, 0.3191564381122589, 0.007256939075887203, -1.12896728515625], [0.02517399750649929, -0.05204955115914345, -0.9983271360397339, 1.5889129638671875], [-0.3182448148727417, 0.9462716579437256, -0.057360466569662094, -0.1083984375], [0.0, 0.0, 0.0, 1.0]], [[0.002381702186539769, 0.9991137981414795, -0.042024288326501846, 0.0030517578125], [-0.00036024453584104776, -0.04202355071902275, -0.9991165995597839, 1.5793228149414062], [-0.9999970197677612, 0.002394774230197072, 0.00025983716477639973, -0.09471893310546875], [0.0, 0.0, 0.0, 1.0]], [[-0.9346649646759033, 0.3533325791358948, -0.039464689791202545, 0.97076416015625], [0.03210020437836647, -0.026681270450353622, -0.9991284608840942, 1.55712890625], [-0.35407754778862, -0.9351171851158142, 0.013596001081168652, -0.1260986328125], [0.0, 0.0, 0.0, 1.0]]], "view": [[0.0, -2.0, 100.0], [-2.0, 0.0, 100.0], [0.0, 0.0, 1.0]], "bev": "bev_a99d085974cb44b78145e3a10ce2b510.png", "aux": "aux_a99d085974cb44b78145e3a10ce2b510.npz", "visibility": "visibility_a99d085974cb44b78145e3a10ce2b510.png", "pose": [[0.8708474636077881, 0.49155333638191223, 0.0, 886.16455078125], [-0.49155333638191223, 0.8708474636077881, 0.0, 1412.063232421875], [0.0, 0.0, 1.0, 0.0], [0.0, 0.0, 0.0, 1.0]], "pose_inverse": [[0.8708474636077881, -0.49155333638191223, 0.0, -77.60977172851562], [0.49155333638191223, 0.8708474636077881, 0.0, -1665.288818359375], [0.0, 0.0, 1.0, 0.0], [0.0, 0.0, 0.0, 1.0]], "cam_ids": [0, 1, 2, 3, 4, 5], "cam_channels": ["CAM_FRONT_LEFT", "CAM_FRONT", "CAM_FRONT_RIGHT", "CAM_BACK_LEFT", "CAM_BACK", "CAM_BACK_RIGHT"], "token": "a99d085974cb44b78145e3a10ce2b510", "scene": "scene-0031"}, {"images": ["samples/CAM_FRONT_LEFT/n015-2018-07-18-11-50-34+0800__CAM_FRONT_LEFT__1531886223854844.jpg", "samples/CAM_FRONT/n015-2018-07-18-11-50-34+0800__CAM_FRONT__1531886223862460.jpg", "samples/CAM_FRONT_RIGHT/n015-2018-07-18-11-50-34+0800__CAM_FRONT_RIGHT__1531886223870339.jpg", "samples/CAM_BACK_LEFT/n015-2018-07-18-11-50-34+0800__CAM_BACK_LEFT__1531886223897423.jpg", "samples/CAM_BACK/n015-2018-07-18-11-50-34+0800__CAM_BACK__1531886223887544.jpg", "samples/CAM_BACK_RIGHT/n015-2018-07-18-11-50-34+0800__CAM_BACK_RIGHT__1531886223877893.jpg"], "intrinsics": [[[1272.5979470598488, 0.0, 826.6154927353808], [0.0, 1272.5979470598488, 479.75165386361925], [0.0, 0.0, 1.0]], [[1266.417203046554, 0.0, 816.2670197447984], [0.0, 1266.417203046554, 491.50706579294757], [0.0, 0.0, 1.0]], [[1260.8474446004698, 0.0, 807.968244525554], [0.0, 1260.8474446004698, 495.3344268742088], [0.0, 0.0, 1.0]], [[1256.7414812095406, 0.0, 792.1125740759628], [0.0, 1256.7414812095406, 492.7757465151356], [0.0, 0.0, 1.0]], [[809.2209905677063, 0.0, 829.2196003259838], [0.0, 809.2209905677063, 481.77842384512485], [0.0, 0.0, 1.0]], [[1259.5137405846733, 0.0, 807.2529053838625], [0.0, 1259.5137405846733, 501.19579884916527], [0.0, 0.0, 1.0]]], "extrinsics": [[[0.8212737441062927, -0.5694384574890137, 0.03534504771232605, -0.65545654296875], [0.019630957394838333, -0.03370997682213783, -0.9992387890815735, 1.5156517028808594], [0.5701965689659119, 0.8213425278663635, -0.016506491228938103, -1.06591796875], [0.0, 0.0, 0.0, 1.0]], [[0.006436303723603487, -0.9992610216140747, 0.037892330437898636, 0.00732421875], [0.014316881075501442, -0.037797145545482635, -0.9991828799247742, 1.5250091552734375], [0.9998767375946045, 0.006973581854254007, 0.014063024893403053, -1.3808135986328125], [0.0, 0.0, 0.0, 1.0]], [[-0.8323564529418945, -0.5542165040969849, -0.005171444732695818, 0.82916259765625], [0.01991022750735283, -0.020575135946273804, -0.9995899796485901, 1.5085105895996094], [0.5538829565048218, -0.8321181535720825, 0.028160424903035164, -1.113037109375], [0.0, 0.0, 0.0, 1.0]], [[0.9476140737533569, 0.3192347288131714, 0.010797103866934776, -1.12957763671875], [0.028507186099886894, -0.050856225192546844, -0.9982990026473999, 1.5889358520507812], [-0.3181426525115967, 0.9463101029396057, -0.05729256197810173, -0.10791015625], [0.0, 0.0, 0.0, 1.0]], [[0.0026113558560609818, 0.9991614818572998, -0.040858302265405655, 0.0029296875], [0.003131397534161806, -0.040866415947675705, -0.9991596937179565, 1.5796737670898438], [-0.9999915957450867, 0.002481310861185193, -0.003235488198697567, -0.095611572265625], [0.0, 0.0, 0.0, 1.0]], [[-0.9344220161437988, 0.3536222279071808, -0.042505815625190735, 0.9681396484375], [0.035778529942035675, -0.025542739778757095, -0.9990333318710327, 1.557891845703125], [-0.3543660640716553, -0.9350395202636719, 0.011215616017580032, -0.127197265625], [0.0, 0.0, 0.0, 1.0]]], "view": [[0.0, -2.0, 100.0], [-2.0, 0.0, 100.0], [0.0, 0.0, 1.0]], "bev": "bev_273ee10b061744d8a23f353cc0dd1973.png", "aux": "aux_273ee10b061744d8a23f353cc0dd1973.npz", "visibility": "visibility_273ee10b061744d8a23f353cc0dd1973.png", "pose": [[0.8625775575637817, 0.5059248208999634, 0.0, 889.8158569335938], [-0.5059248208999634, 0.8625775575637817, 0.0, 1409.9464111328125], [0.0, 0.0, 1.0, 0.0], [0.0, 0.0, 0.0, 1.0]], "pose_inverse": [[0.8625775575637817, -0.5059248208999634, 0.0, -54.20827865600586], [0.5059248208999634, 0.8625775575637817, 0.0, -1666.3680419921875], [0.0, 0.0, 1.0, 0.0], [0.0, 0.0, 0.0, 1.0]], "cam_ids": [0, 1, 2, 3, 4, 5], "cam_channels": ["CAM_FRONT_LEFT", "CAM_FRONT", "CAM_FRONT_RIGHT", "CAM_BACK_LEFT", "CAM_BACK", "CAM_BACK_RIGHT"], "token": "273ee10b061744d8a23f353cc0dd1973", "scene": "scene-0031"}, {"images": ["samples/CAM_FRONT_LEFT/n015-2018-07-18-11-50-34+0800__CAM_FRONT_LEFT__1531886224404844.jpg", "samples/CAM_FRONT/n015-2018-07-18-11-50-34+0800__CAM_FRONT__1531886224412464.jpg", "samples/CAM_FRONT_RIGHT/n015-2018-07-18-11-50-34+0800__CAM_FRONT_RIGHT__1531886224420350.jpg", "samples/CAM_BACK_LEFT/n015-2018-07-18-11-50-34+0800__CAM_BACK_LEFT__1531886224447423.jpg", "samples/CAM_BACK/n015-2018-07-18-11-50-34+0800__CAM_BACK__1531886224437525.jpg", "samples/CAM_BACK_RIGHT/n015-2018-07-18-11-50-34+0800__CAM_BACK_RIGHT__1531886224427893.jpg"], "intrinsics": [[[1272.5979470598488, 0.0, 826.6154927353808], [0.0, 1272.5979470598488, 479.75165386361925], [0.0, 0.0, 1.0]], [[1266.417203046554, 0.0, 816.2670197447984], [0.0, 1266.417203046554, 491.50706579294757], [0.0, 0.0, 1.0]], [[1260.8474446004698, 0.0, 807.968244525554], [0.0, 1260.8474446004698, 495.3344268742088], [0.0, 0.0, 1.0]], [[1256.7414812095406, 0.0, 792.1125740759628], [0.0, 1256.7414812095406, 492.7757465151356], [0.0, 0.0, 1.0]], [[809.2209905677063, 0.0, 829.2196003259838], [0.0, 809.2209905677063, 481.77842384512485], [0.0, 0.0, 1.0]], [[1259.5137405846733, 0.0, 807.2529053838625], [0.0, 1259.5137405846733, 501.19579884916527], [0.0, 0.0, 1.0]]], "extrinsics": [[[0.8214588761329651, -0.569471001625061, 0.030132537707686424, -0.66204833984375], [0.014847669750452042, -0.031463488936424255, -0.9993945956230164, 1.5137557983398438], [0.5700743198394775, 0.8214089870452881, -0.017390644177794456, -1.0721435546875], [0.0, 0.0, 0.0, 1.0]], [[0.006706643849611282, -0.9993463158607483, 0.035522978752851486, 0.008544921875], [0.00948137417435646, -0.035458631813526154, -0.9993261694908142, 1.5234756469726562], [0.9999325275421143, 0.0070389327593147755, 0.00923736672848463, -1.3879737854003906], [0.0, 0.0, 0.0, 1.0]], [[-0.832284688949585, -0.5543432831764221, -0.0024225772358477116, 0.83380126953125], [0.015012850053608418, -0.0181711595505476, -0.9997221231460571, 1.5072593688964844], [0.5541452169418335, -0.8320897221565247, 0.023445848375558853, -1.115234375], [0.0, 0.0, 0.0, 1.0]], [[0.9476097226142883, 0.31935977935791016, 0.006715335417538881, -1.12823486328125], [0.023366808891296387, -0.048337217420339584, -0.9985576868057251, 1.5889053344726562], [-0.31857460737228394, 0.946399986743927, -0.05326724052429199, -0.1085205078125], [0.0, 0.0, 0.0, 1.0]], [[0.002288586925715208, 0.9992605447769165, -0.03838126361370087, 0.0025634765625], [-0.0019223658600822091, -0.03837689757347107, -0.9992614984512329, 1.579193115234375], [-0.9999955296516418, 0.0023606137838214636, 0.001833117799833417, -0.095123291015625], [0.0, 0.0, 0.0, 1.0]], [[-0.9346827268600464, 0.35355323553085327, -0.03698916733264923, 0.9708251953125], [0.03080570511519909, -0.02310308814048767, -0.9992583394050598, 1.556915283203125], [-0.3541455566883087, -0.9351290464401245, 0.010702603496611118, -0.1253662109375], [0.0, 0.0, 0.0, 1.0]]], "view": [[0.0, -2.0, 100.0], [-2.0, 0.0, 100.0], [0.0, 0.0, 1.0]], "bev": "bev_c22473b6b93c4dda86c14887f2f8a2a1.png", "aux": "aux_c22473b6b93c4dda86c14887f2f8a2a1.npz", "visibility": "visibility_c22473b6b93c4dda86c14887f2f8a2a1.png", "pose": [[0.8544397950172424, 0.5195503830909729, 0.0, 893.8509521484375], [-0.5195503830909729, 0.8544397950172424, 0.0, 1407.5205078125], [0.0, 0.0, 1.0, 0.0], [0.0, 0.0, 0.0, 1.0]], "pose_inverse": [[0.8544397950172424, -0.5195503830909729, 0.0, -32.463985443115234], [0.5195503830909729, 0.8544397950172424, 0.0, -1667.0421142578125], [0.0, 0.0, 1.0, 0.0], [0.0, 0.0, 0.0, 1.0]], "cam_ids": [0, 1, 2, 3, 4, 5], "cam_channels": ["CAM_FRONT_LEFT", "CAM_FRONT", "CAM_FRONT_RIGHT", "CAM_BACK_LEFT", "CAM_BACK", "CAM_BACK_RIGHT"], "token": "c22473b6b93c4dda86c14887f2f8a2a1", "scene": "scene-0031"}, {"images": ["samples/CAM_FRONT_LEFT/n015-2018-07-18-11-50-34+0800__CAM_FRONT_LEFT__1531886224904844.jpg", "samples/CAM_FRONT/n015-2018-07-18-11-50-34+0800__CAM_FRONT__1531886224912464.jpg", "samples/CAM_FRONT_RIGHT/n015-2018-07-18-11-50-34+0800__CAM_FRONT_RIGHT__1531886224920339.jpg", "samples/CAM_BACK_LEFT/n015-2018-07-18-11-50-34+0800__CAM_BACK_LEFT__1531886224947423.jpg", "samples/CAM_BACK/n015-2018-07-18-11-50-34+0800__CAM_BACK__1531886224937525.jpg", "samples/CAM_BACK_RIGHT/n015-2018-07-18-11-50-34+0800__CAM_BACK_RIGHT__1531886224927893.jpg"], "intrinsics": [[[1272.5979470598488, 0.0, 826.6154927353808], [0.0, 1272.5979470598488, 479.75165386361925], [0.0, 0.0, 1.0]], [[1266.417203046554, 0.0, 816.2670197447984], [0.0, 1266.417203046554, 491.50706579294757], [0.0, 0.0, 1.0]], [[1260.8474446004698, 0.0, 807.968244525554], [0.0, 1260.8474446004698, 495.3344268742088], [0.0, 0.0, 1.0]], [[1256.7414812095406, 0.0, 792.1125740759628], [0.0, 1256.7414812095406, 492.7757465151356], [0.0, 0.0, 1.0]], [[809.2209905677063, 0.0, 829.2196003259838], [0.0, 809.2209905677063, 481.77842384512485], [0.0, 0.0, 1.0]], [[1259.5137405846733, 0.0, 807.2529053838625], [0.0, 1259.5137405846733, 501.19579884916527], [0.0, 0.0, 1.0]]], "extrinsics": [[[0.8208722472190857, -0.5703979730606079, 0.028546389192342758, -0.65863037109375], [0.014643256552517414, -0.028946667909622192, -0.9994736909866333, 1.5137863159179688], [0.5709240436553955, 0.8208582401275635, -0.015409034676849842, -1.0718994140625], [0.0, 0.0, 0.0, 1.0]], [[0.005857306066900492, -0.9994337558746338, 0.033131495118141174, 0.0101318359375], [0.009310126304626465, -0.033076126128435135, -0.9994094967842102, 1.5235061645507812], [0.999939501285553, 0.006162300705909729, 0.009111117571592331, -1.3846168518066406], [0.0, 0.0, 0.0, 1.0]], [[-0.8326604962348938, -0.5537722706794739, -0.0035767368972301483, 0.831787109375], [0.014892724342644215, -0.015935609117150307, -0.9997621178627014, 1.5072994232177734], [0.5535835027694702, -0.8325156569480896, 0.02151612937450409, -1.112060546875], [0.0, 0.0, 0.0, 1.0]], [[0.947694718837738, 0.31909310817718506, 0.007357994094491005, -1.125], [0.023415667936205864, -0.046515874564647675, -0.9986430406570435, 1.5889892578125], [-0.31831786036491394, 0.9465811848640442, -0.05155463516712189, -0.109619140625], [0.0, 0.0, 0.0, 1.0]], [[0.002638365374878049, 0.9993327856063843, -0.036428891122341156, 0.001953125], [-0.0019446335500106215, -0.03642382472753525, -0.9993345737457275, 1.5792045593261719], [-0.9999946355819702, 0.002707480685785413, 0.0018472363008186221, -0.09826087951660156], [0.0, 0.0, 0.0, 1.0]], [[-0.9345016479492188, 0.3541140556335449, -0.03619169816374779, 0.96746826171875], [0.030743984505534172, -0.020999740809202194, -0.9993066787719727, 1.5570182800292969], [-0.3546285331249237, -0.9349664449691772, 0.008737418800592422, -0.12548828125], [0.0, 0.0, 0.0, 1.0]]], "view": [[0.0, -2.0, 100.0], [-2.0, 0.0, 100.0], [0.0, 0.0, 1.0]], "bev": "bev_ae73ef54e4eb4c2ca04c2b56ed903dfe.png", "aux": "aux_ae73ef54e4eb4c2ca04c2b56ed903dfe.npz", "visibility": "visibility_ae73ef54e4eb4c2ca04c2b56ed903dfe.png", "pose": [[0.8507202863693237, 0.5256186723709106, 0.0, 897.3861083984375], [-0.5256186723709106, 0.8507202863693237, 0.0, 1405.32373046875], [0.0, 0.0, 1.0, 0.0], [0.0, 0.0, 0.0, 1.0]], "pose_inverse": [[0.8507202863693237, -0.5256186723709106, 0.0, -24.760160446166992], [0.5256186723709106, 0.8507202863693237, 0.0, -1667.2203369140625], [0.0, 0.0, 1.0, 0.0], [0.0, 0.0, 0.0, 1.0]], "cam_ids": [0, 1, 2, 3, 4, 5], "cam_channels": ["CAM_FRONT_LEFT", "CAM_FRONT", "CAM_FRONT_RIGHT", "CAM_BACK_LEFT", "CAM_BACK", "CAM_BACK_RIGHT"], "token": "ae73ef54e4eb4c2ca04c2b56ed903dfe", "scene": "scene-0031"}, {"images": ["samples/CAM_FRONT_LEFT/n015-2018-07-18-11-50-34+0800__CAM_FRONT_LEFT__1531886225354844.jpg", "samples/CAM_FRONT/n015-2018-07-18-11-50-34+0800__CAM_FRONT__1531886225362460.jpg", "samples/CAM_FRONT_RIGHT/n015-2018-07-18-11-50-34+0800__CAM_FRONT_RIGHT__1531886225370339.jpg", "samples/CAM_BACK_LEFT/n015-2018-07-18-11-50-34+0800__CAM_BACK_LEFT__1531886225397423.jpg", "samples/CAM_BACK/n015-2018-07-18-11-50-34+0800__CAM_BACK__1531886225387525.jpg", "samples/CAM_BACK_RIGHT/n015-2018-07-18-11-50-34+0800__CAM_BACK_RIGHT__1531886225377893.jpg"], "intrinsics": [[[1272.5979470598488, 0.0, 826.6154927353808], [0.0, 1272.5979470598488, 479.75165386361925], [0.0, 0.0, 1.0]], [[1266.417203046554, 0.0, 816.2670197447984], [0.0, 1266.417203046554, 491.50706579294757], [0.0, 0.0, 1.0]], [[1260.8474446004698, 0.0, 807.968244525554], [0.0, 1260.8474446004698, 495.3344268742088], [0.0, 0.0, 1.0]], [[1256.7414812095406, 0.0, 792.1125740759628], [0.0, 1256.7414812095406, 492.7757465151356], [0.0, 0.0, 1.0]], [[809.2209905677063, 0.0, 829.2196003259838], [0.0, 809.2209905677063, 481.77842384512485], [0.0, 0.0, 1.0]], [[1259.5137405846733, 0.0, 807.2529053838625], [0.0, 1259.5137405846733, 501.19579884916527], [0.0, 0.0, 1.0]]], "extrinsics": [[[0.820629894733429, -0.570690929889679, 0.029639888554811478, -0.67474365234375], [0.014219683595001698, -0.031458571553230286, -0.9994039535522461, 1.5133094787597656], [0.5712831020355225, 0.8205622434616089, -0.0177008006721735, -1.07958984375], [0.0, 0.0, 0.0, 1.0]], [[0.005347465164959431, -0.9993517398834229, 0.03560260310769081, 0.0074462890625], [0.008933477103710175, -0.0355539508163929, -0.9993278980255127, 1.5231819152832031], [0.9999457597732544, 0.005662003066390753, 0.008737560361623764, -1.3996238708496094], [0.0, 0.0, 0.0, 1.0]], [[-0.8330024480819702, -0.5532659888267517, -0.0019636733923107386, 0.84051513671875], [0.014586197212338448, -0.01841285638511181, -0.9997240304946899, 1.5070171356201172], [0.5530770421028137, -0.8328011631965637, 0.02340799756348133, -1.120849609375], [0.0, 0.0, 0.0, 1.0]], [[0.9477293491363525, 0.31900888681411743, 0.0065180230885744095, -1.125], [0.023374268785119057, -0.04903963953256607, -0.9985232949256897, 1.5889739990234375], [-0.3182181417942047, 0.9464821219444275, -0.053932905197143555, -0.1094970703125], [0.0, 0.0, 0.0, 1.0]], [[0.0029832387808710337, 0.999237596988678, -0.038927529007196426, 0.0029296875], [-0.0020808742847293615, -0.03892141208052635, -0.9992401599884033, 1.57916259765625], [-0.9999934434890747, 0.003061979776248336, 0.0019631737377494574, -0.09386062622070312], [0.0, 0.0, 0.0, 1.0]], [[-0.9343018531799316, 0.3545726239681244, -0.036854762583971024, 0.9764404296875], [0.030499594286084175, -0.02349761128425598, -0.9992585778236389, 1.5566673278808594], [-0.3551757335662842, -0.9347332119941711, 0.011139539070427418, -0.124267578125], [0.0, 0.0, 0.0, 1.0]]], "view": [[0.0, -2.0, 100.0], [-2.0, 0.0, 100.0], [0.0, 0.0, 1.0]], "bev": "bev_f0ef9aebf32f4ffc973bbab492c2c333.png", "aux": "aux_f0ef9aebf32f4ffc973bbab492c2c333.npz", "visibility": "visibility_f0ef9aebf32f4ffc973bbab492c2c333.png", "pose": [[0.8503178358078003, 0.5262694954872131, 0.0, 900.4293212890625], [-0.5262694954872131, 0.8503178358078003, 0.0, 1403.4195556640625], [0.0, 0.0, 1.0, 0.0], [0.0, 0.0, 0.0, 1.0]], "pose_inverse": [[0.8503178358078003, -0.5262694954872131, 0.0, -27.074174880981445], [0.5262694954872131, 0.8503178358078003, 0.0, -1667.22119140625], [0.0, 0.0, 1.0, 0.0], [0.0, 0.0, 0.0, 1.0]], "cam_ids": [0, 1, 2, 3, 4, 5], "cam_channels": ["CAM_FRONT_LEFT", "CAM_FRONT", "CAM_FRONT_RIGHT", "CAM_BACK_LEFT", "CAM_BACK", "CAM_BACK_RIGHT"], "token": "f0ef9aebf32f4ffc973bbab492c2c333", "scene": "scene-0031"}, {"images": ["samples/CAM_FRONT_LEFT/n015-2018-07-18-11-50-34+0800__CAM_FRONT_LEFT__1531886225904844.jpg", "samples/CAM_FRONT/n015-2018-07-18-11-50-34+0800__CAM_FRONT__1531886225912464.jpg", "samples/CAM_FRONT_RIGHT/n015-2018-07-18-11-50-34+0800__CAM_FRONT_RIGHT__1531886225920339.jpg", "samples/CAM_BACK_LEFT/n015-2018-07-18-11-50-34+0800__CAM_BACK_LEFT__1531886225947423.jpg", "samples/CAM_BACK/n015-2018-07-18-11-50-34+0800__CAM_BACK__1531886225937525.jpg", "samples/CAM_BACK_RIGHT/n015-2018-07-18-11-50-34+0800__CAM_BACK_RIGHT__1531886225927893.jpg"], "intrinsics": [[[1272.5979470598488, 0.0, 826.6154927353808], [0.0, 1272.5979470598488, 479.75165386361925], [0.0, 0.0, 1.0]], [[1266.417203046554, 0.0, 816.2670197447984], [0.0, 1266.417203046554, 491.50706579294757], [0.0, 0.0, 1.0]], [[1260.8474446004698, 0.0, 807.968244525554], [0.0, 1260.8474446004698, 495.3344268742088], [0.0, 0.0, 1.0]], [[1256.7414812095406, 0.0, 792.1125740759628], [0.0, 1256.7414812095406, 492.7757465151356], [0.0, 0.0, 1.0]], [[809.2209905677063, 0.0, 829.2196003259838], [0.0, 809.2209905677063, 481.77842384512485], [0.0, 0.0, 1.0]], [[1259.5137405846733, 0.0, 807.2529053838625], [0.0, 1259.5137405846733, 501.19579884916527], [0.0, 0.0, 1.0]]], "extrinsics": [[[0.8209530115127563, -0.5699659585952759, 0.03427727892994881, -0.68927001953125], [0.017246223986148834, -0.035252153873443604, -0.9992296099662781, 1.5140495300292969], [0.5707352757453918, 0.8209116458892822, -0.019110599532723427, -1.0894775390625], [0.0, 0.0, 0.0, 1.0]], [[0.005906115286052227, -0.9992067217826843, 0.03938235342502594, 0.0069580078125], [0.012048695236444473, -0.039309076964855194, -0.9991544485092163, 1.523895263671875], [0.9999099373817444, 0.0063756476156413555, 0.011806974187493324, -1.4148941040039062], [0.0, 0.0, 0.0, 1.0]], [[-0.8325984477996826, -0.5538710951805115, -0.0025631836615502834, 0.85101318359375], [0.017774704843759537, -0.02209366112947464, -0.9995978474617004, 1.5075225830078125], [0.5535917282104492, -0.8323091864585876, 0.028240041807293892, -1.1275634765625], [0.0, 0.0, 0.0, 1.0]], [[0.947708010673523, 0.31901994347572327, 0.008705436252057552, -1.12835693359375], [0.026808667927980423, -0.05239938199520111, -0.9982662796974182, 1.5889663696289062], [-0.31801068782806396, 0.9462984204292297, -0.05821181461215019, -0.1085205078125], [0.0, 0.0, 0.0, 1.0]], [[0.0027676585596054792, 0.9990971684455872, -0.04239378869533539, 0.0028076171875], [0.0012848726473748684, -0.04239746928215027, -0.9991000294685364, 1.5794906616210938], [-0.9999953508377075, 0.0027107023634016514, -0.0014010551385581493, -0.08704376220703125], [0.0, 0.0, 0.0, 1.0]], [[-0.934407651424408, 0.3538169860839844, -0.04118228331208229, 0.9854736328125], [0.03377806395292282, -0.027079524472355843, -0.9990624785423279, 1.5569038391113281], [-0.3546003997325897, -0.9349226951599121, 0.013352058827877045, -0.1204833984375], [0.0, 0.0, 0.0, 1.0]]], "view": [[0.0, -2.0, 100.0], [-2.0, 0.0, 100.0], [0.0, 0.0, 1.0]], "bev": "bev_4770d6bde82346f5bc0549ac737fad0a.png", "aux": "aux_4770d6bde82346f5bc0549ac737fad0a.npz", "visibility": "visibility_4770d6bde82346f5bc0549ac737fad0a.png", "pose": [[0.8445407152175903, 0.5354913473129272, 0.0, 904.0044555664062], [-0.5354913473129272, 0.8445407152175903, 0.0, 1401.1658935546875], [0.0, 0.0, 1.0, 0.0], [0.0, 0.0, 0.0, 1.0]], "pose_inverse": [[0.8445407152175903, -0.5354913473129272, 0.0, -13.156329154968262], [0.5354913473129272, 0.8445407152175903, 0.0, -1667.42822265625], [0.0, 0.0, 1.0, 0.0], [0.0, 0.0, 0.0, 1.0]], "cam_ids": [0, 1, 2, 3, 4, 5], "cam_channels": ["CAM_FRONT_LEFT", "CAM_FRONT", "CAM_FRONT_RIGHT", "CAM_BACK_LEFT", "CAM_BACK", "CAM_BACK_RIGHT"], "token": "4770d6bde82346f5bc0549ac737fad0a", "scene": "scene-0031"}, {"images": ["samples/CAM_FRONT_LEFT/n015-2018-07-18-11-50-34+0800__CAM_FRONT_LEFT__1531886226404844.jpg", "samples/CAM_FRONT/n015-2018-07-18-11-50-34+0800__CAM_FRONT__1531886226412464.jpg", "samples/CAM_FRONT_RIGHT/n015-2018-07-18-11-50-34+0800__CAM_FRONT_RIGHT__1531886226420339.jpg", "samples/CAM_BACK_LEFT/n015-2018-07-18-11-50-34+0800__CAM_BACK_LEFT__1531886226447423.jpg", "samples/CAM_BACK/n015-2018-07-18-11-50-34+0800__CAM_BACK__1531886226437525.jpg", "samples/CAM_BACK_RIGHT/n015-2018-07-18-11-50-34+0800__CAM_BACK_RIGHT__1531886226427893.jpg"], "intrinsics": [[[1272.5979470598488, 0.0, 826.6154927353808], [0.0, 1272.5979470598488, 479.75165386361925], [0.0, 0.0, 1.0]], [[1266.417203046554, 0.0, 816.2670197447984], [0.0, 1266.417203046554, 491.50706579294757], [0.0, 0.0, 1.0]], [[1260.8474446004698, 0.0, 807.968244525554], [0.0, 1260.8474446004698, 495.3344268742088], [0.0, 0.0, 1.0]], [[1256.7414812095406, 0.0, 792.1125740759628], [0.0, 1256.7414812095406, 492.7757465151356], [0.0, 0.0, 1.0]], [[809.2209905677063, 0.0, 829.2196003259838], [0.0, 809.2209905677063, 481.77842384512485], [0.0, 0.0, 1.0]], [[1259.5137405846733, 0.0, 807.2529053838625], [0.0, 1259.5137405846733, 501.19579884916527], [0.0, 0.0, 1.0]]], "extrinsics": [[[0.8216419219970703, -0.569232165813446, 0.029651746153831482, -0.7078857421875], [0.013199889101088047, -0.03300485387444496, -0.9993680119514465, 1.5124473571777344], [0.5698509812355042, 0.8215141296386719, -0.019604375585913658, -1.1051025390625], [0.0, 0.0, 0.0, 1.0]], [[0.006826728582382202, -0.999287486076355, 0.03711918741464615, 0.0086669921875], [0.00777649087831378, -0.03706587851047516, -0.9992825984954834, 1.5226097106933594], [0.9999463558197021, 0.007110558915883303, 0.007517910562455654, -1.4343290328979492], [0.0, 0.0, 0.0, 1.0]], [[-0.8323665261268616, -0.554225504398346, -2.9677717975573614e-05, 0.86407470703125], [0.013250280171632767, -0.019846469163894653, -0.9997152090072632, 1.5063552856445312], [0.554067075252533, -0.8321298360824585, 0.023863183334469795, -1.13525390625], [0.0, 0.0, 0.0, 1.0]], [[0.9478256106376648, 0.3187594711780548, 0.004339044447988272, -1.129852294921875], [0.021424148231744766, -0.0501122809946537, -0.9985137581825256, 1.5888290405273438], [-0.318068265914917, 0.9465100169181824, -0.0543268620967865, -0.107666015625], [0.0, 0.0, 0.0, 1.0]], [[0.0027679733466356993, 0.9991893768310547, -0.0401599183678627, 0.00341796875], [-0.003804656444117427, -0.0401492565870285, -0.9991864562034607, 1.5790252685546875], [-0.9999889135360718, 0.0029186031315475702, 0.0036904383450746536, -0.08070945739746094], [0.0, 0.0, 0.0, 1.0]], [[-0.9346253871917725, 0.35381487011909485, -0.0359218493103981, 0.99591064453125], [0.029002439230680466, -0.02484132908284664, -0.9992706179618835, 1.5558090209960938], [-0.35444915294647217, -0.9349855780601501, 0.012955843470990658, -0.11669921875], [0.0, 0.0, 0.0, 1.0]]], "view": [[0.0, -2.0, 100.0], [-2.0, 0.0, 100.0], [0.0, 0.0, 1.0]], "bev": "bev_f50583c5c89240ea98ae6f977afa2260.png", "aux": "aux_f50583c5c89240ea98ae6f977afa2260.npz", "visibility": "visibility_f50583c5c89240ea98ae6f977afa2260.png", "pose": [[0.831998348236084, 0.5547780394554138, 0.0, 907.05078125], [-0.5547780394554138, 0.831998348236084, 0.0, 1399.1461181640625], [0.0, 0.0, 1.0, 0.0], [0.0, 0.0, 0.0, 1.0]], "pose_inverse": [[0.831998348236084, -0.5547780394554138, 0.0, 21.550798416137695], [0.5547780394554138, 0.831998348236084, 0.0, -1667.2991943359375], [0.0, 0.0, 1.0, 0.0], [0.0, 0.0, 0.0, 1.0]], "cam_ids": [0, 1, 2, 3, 4, 5], "cam_channels": ["CAM_FRONT_LEFT", "CAM_FRONT", "CAM_FRONT_RIGHT", "CAM_BACK_LEFT", "CAM_BACK", "CAM_BACK_RIGHT"], "token": "f50583c5c89240ea98ae6f977afa2260", "scene": "scene-0031"}, {"images": ["samples/CAM_FRONT_LEFT/n015-2018-07-18-11-50-34+0800__CAM_FRONT_LEFT__1531886226904844.jpg", "samples/CAM_FRONT/n015-2018-07-18-11-50-34+0800__CAM_FRONT__1531886226912466.jpg", "samples/CAM_FRONT_RIGHT/n015-2018-07-18-11-50-34+0800__CAM_FRONT_RIGHT__1531886226920339.jpg", "samples/CAM_BACK_LEFT/n015-2018-07-18-11-50-34+0800__CAM_BACK_LEFT__1531886226947423.jpg", "samples/CAM_BACK/n015-2018-07-18-11-50-34+0800__CAM_BACK__1531886226937525.jpg", "samples/CAM_BACK_RIGHT/n015-2018-07-18-11-50-34+0800__CAM_BACK_RIGHT__1531886226927893.jpg"], "intrinsics": [[[1272.5979470598488, 0.0, 826.6154927353808], [0.0, 1272.5979470598488, 479.75165386361925], [0.0, 0.0, 1.0]], [[1266.417203046554, 0.0, 816.2670197447984], [0.0, 1266.417203046554, 491.50706579294757], [0.0, 0.0, 1.0]], [[1260.8474446004698, 0.0, 807.968244525554], [0.0, 1260.8474446004698, 495.3344268742088], [0.0, 0.0, 1.0]], [[1256.7414812095406, 0.0, 792.1125740759628], [0.0, 1256.7414812095406, 492.7757465151356], [0.0, 0.0, 1.0]], [[809.2209905677063, 0.0, 829.2196003259838], [0.0, 809.2209905677063, 481.77842384512485], [0.0, 0.0, 1.0]], [[1259.5137405846733, 0.0, 807.2529053838625], [0.0, 1259.5137405846733, 501.19579884916527], [0.0, 0.0, 1.0]]], "extrinsics": [[[0.822138249874115, -0.5689008831977844, 0.020987268537282944, -0.71783447265625], [0.006486418657004833, -0.027502430602908134, -0.9996007084846497, 1.5102119445800781], [0.5692508816719055, 0.8219460844993591, -0.018920671194791794, -1.109619140625], [0.0, 0.0, 0.0, 1.0]], [[0.007677996065467596, -0.9994739890098572, 0.031508009880781174, 0.00732421875], [0.0010348494397476315, -0.031500980257987976, -0.9995031952857971, 1.5208053588867188], [0.9999699592590332, 0.0077067711390554905, 0.0007924401434138417, -1.443939208984375], [0.0, 0.0, 0.0, 1.0]], [[-0.8320097327232361, -0.5547553300857544, 0.0025058253668248653, 0.870361328125], [0.00646177027374506, -0.014207661151885986, -0.9998781681060791, 1.5049114227294922], [0.5547233819961548, -0.8318922519683838, 0.015405615791678429, -1.1400146484375], [0.0, 0.0, 0.0, 1.0]], [[0.9478055238723755, 0.318849116563797, -0.0002985792816616595, -1.1324462890625], [0.014631049707531929, -0.04442742466926575, -0.9989054799079895, 1.5887069702148438], [-0.31851333379745483, 0.9467637538909912, -0.046773649752140045, -0.1070556640625], [0.0, 0.0, 0.0, 1.0]], [[0.0020190333016216755, 0.9994040131568909, -0.03446066379547119, 0.002685546875], [-0.01060547586530447, -0.034437395632267, -0.9993506073951721, 1.5785369873046875], [-0.9999417066574097, 0.0023831985890865326, 0.010529623366892338, -0.0762481689453125], [0.0, 0.0, 0.0, 1.0]], [[-0.9350616335868835, 0.3534146845340729, -0.027526482939720154, 1.001708984375], [0.022193673998117447, -0.019133925437927246, -0.9995706081390381, 1.5546493530273438], [-0.3537895679473877, -0.935271143913269, 0.010047828778624535, -0.1141357421875], [0.0, 0.0, 0.0, 1.0]]], "view": [[0.0, -2.0, 100.0], [-2.0, 0.0, 100.0], [0.0, 0.0, 1.0]], "bev": "bev_505b846ded6c4469b2c48a6f99c1c7b1.png", "aux": "aux_505b846ded6c4469b2c48a6f99c1c7b1.npz", "visibility": "visibility_505b846ded6c4469b2c48a6f99c1c7b1.png", "pose": [[0.8169205188751221, 0.5767502784729004, 0.0, 909.8820190429688], [-0.5767502784729004, 0.8169205188751221, 0.0, 1397.183349609375], [0.0, 0.0, 1.0, 0.0], [0.0, 0.0, 0.0, 1.0]], "pose_inverse": [[0.8169205188751221, -0.5767502784729004, 0.0, 62.52456283569336], [0.5767502784729004, 0.8169205188751221, 0.0, -1666.1624755859375], [0.0, 0.0, 1.0, 0.0], [0.0, 0.0, 0.0, 1.0]], "cam_ids": [0, 1, 2, 3, 4, 5], "cam_channels": ["CAM_FRONT_LEFT", "CAM_FRONT", "CAM_FRONT_RIGHT", "CAM_BACK_LEFT", "CAM_BACK", "CAM_BACK_RIGHT"], "token": "505b846ded6c4469b2c48a6f99c1c7b1", "scene": "scene-0031"}, {"images": ["samples/CAM_FRONT_LEFT/n015-2018-07-18-11-50-34+0800__CAM_FRONT_LEFT__1531886227404844.jpg", "samples/CAM_FRONT/n015-2018-07-18-11-50-34+0800__CAM_FRONT__1531886227412462.jpg", "samples/CAM_FRONT_RIGHT/n015-2018-07-18-11-50-34+0800__CAM_FRONT_RIGHT__1531886227420339.jpg", "samples/CAM_BACK_LEFT/n015-2018-07-18-11-50-34+0800__CAM_BACK_LEFT__1531886227447423.jpg", "samples/CAM_BACK/n015-2018-07-18-11-50-34+0800__CAM_BACK__1531886227437525.jpg", "samples/CAM_BACK_RIGHT/n015-2018-07-18-11-50-34+0800__CAM_BACK_RIGHT__1531886227427896.jpg"], "intrinsics": [[[1272.5979470598488, 0.0, 826.6154927353808], [0.0, 1272.5979470598488, 479.75165386361925], [0.0, 0.0, 1.0]], [[1266.417203046554, 0.0, 816.2670197447984], [0.0, 1266.417203046554, 491.50706579294757], [0.0, 0.0, 1.0]], [[1260.8474446004698, 0.0, 807.968244525554], [0.0, 1260.8474446004698, 495.3344268742088], [0.0, 0.0, 1.0]], [[1256.7414812095406, 0.0, 792.1125740759628], [0.0, 1256.7414812095406, 492.7757465151356], [0.0, 0.0, 1.0]], [[809.2209905677063, 0.0, 829.2196003259838], [0.0, 809.2209905677063, 481.77842384512485], [0.0, 0.0, 1.0]], [[1259.5137405846733, 0.0, 807.2529053838625], [0.0, 1259.5137405846733, 501.19579884916527], [0.0, 0.0, 1.0]]], "extrinsics": [[[0.82331383228302, -0.567223846912384, 0.0202815979719162, -0.73828125], [0.005069797392934561, -0.028382323682308197, -0.9995842576026917, 1.5096626281738281], [0.5675636529922485, 0.8230743408203125, -0.02049184963107109, -1.1248779296875], [0.0, 0.0, 0.0, 1.0]], [[0.009345905855298042, -0.9994220733642578, 0.0326814241707325, 0.0076904296875], [-0.0003707185387611389, -0.03268631175160408, -0.9994655847549438, 1.5204696655273438], [0.9999562501907349, 0.009328763000667095, -0.0006759865209460258, -1.4655075073242188], [0.0, 0.0, 0.0, 1.0]], [[-0.8313212394714355, -0.5557736158370972, 0.0045348661951720715, 0.88531494140625], [0.00503637595102191, -0.015691814944148064, -0.9998641610145569, 1.5045452117919922], [0.5557693243026733, -0.831185519695282, 0.01584402471780777, -1.1497802734375], [0.0, 0.0, 0.0, 1.0]], [[0.9478257298469543, 0.3187786638736725, -0.0025573959574103355, -1.1365966796875], [0.012935264967381954, -0.046473611146211624, -0.9988357424736023, 1.5886154174804688], [-0.31852641701698303, 0.9466891884803772, -0.048172373324632645, -0.105224609375], [0.0, 0.0, 0.0, 1.0]], [[0.0015626804670318961, 0.999335765838623, -0.03640788793563843, 0.002685546875], [-0.012137806043028831, -0.036386292427778244, 