[{"images": ["samples/CAM_FRONT_LEFT/n008-2018-09-18-14-54-39-0400__CAM_FRONT_LEFT__1537297023854799.jpg", "samples/CAM_FRONT/n008-2018-09-18-14-54-39-0400__CAM_FRONT__1537297023862404.jpg", "samples/CAM_FRONT_RIGHT/n008-2018-09-18-14-54-39-0400__CAM_FRONT_RIGHT__1537297023870482.jpg", "samples/CAM_BACK_LEFT/n008-2018-09-18-14-54-39-0400__CAM_BACK_LEFT__1537297023897405.jpg", "samples/CAM_BACK/n008-2018-09-18-14-54-39-0400__CAM_BACK__1537297023887558.jpg", "samples/CAM_BACK_RIGHT/n008-2018-09-18-14-54-39-0400__CAM_BACK_RIGHT__1537297023878113.jpg"], "intrinsics": [[[1257.8625342125129, 0.0, 827.2410631095686], [0.0, 1257.8625342125129, 450.915498205774], [0.0, 0.0, 1.0]], [[1252.8131021185304, 0.0, 826.588114781398], [0.0, 1252.8131021185304, 469.9846626224581], [0.0, 0.0, 1.0]], [[1256.7485116440405, 0.0, 817.7887570959712], [0.0, 1256.7485116440403, 451.9541780095127], [0.0, 0.0, 1.0]], [[1254.9860565800168, 0.0, 829.5769333630991], [0.0, 1254.9860565800168, 467.1680561863987], [0.0, 0.0, 1.0]], [[796.8910634503094, 0.0, 857.7774326863696], [0.0, 796.8910634503094, 476.8848988407415], [0.0, 0.0, 1.0]], [[1249.9629280788233, 0.0, 825.3768045375984], [0.0, 1249.9629280788233, 462.54816385708756], [0.0, 0.0, 1.0]]], "extrinsics": [[[0.8225631713867188, -0.5686392188072205, -0.006277686450630426, -1.0050048828125], [0.010802424512803555, 0.02666148729622364, -0.9995861053466797, 1.4882965087890625], [0.568571150302887, 0.8221549391746521, 0.028073439374566078, -1.3333740234375], [0.0, 0.0, 0.0, 1.0]], [[0.010321520268917084, -0.9996955394744873, -0.022411054000258446, 0.0052490234375], [0.012758573517203331, 0.022542085498571396, -0.9996644854545593, 1.4801673889160156], [0.9998653531074524, 0.01003207452595234, 0.012987357564270496, -1.734710693359375], [0.0, 0.0, 0.0, 1.0]], [[-0.8438999056816101, -0.5359192490577698, -0.0249708890914917, 1.0906982421875], [0.020786767825484276, 0.01384750660508871, -0.9996880292892456, 1.493072509765625], [0.5360978841781616, -0.8441556692123413, -0.0005458793020807207, -1.2774658203125], [0.0, 0.0, 0.0, 1.0]], [[0.947882354259491, 0.3185825049877167, 0.004918163176625967, -1.1438827514648438], [-0.004567519761621952, 0.029020778834819794, -0.9995683431625366, 1.5620460510253906], [-0.3185877501964569, 0.9474507570266724, 0.028963414952158928, -0.1561279296875], [0.0, 0.0, 0.0, 1.0]], [[0.009166638366878033, 0.9997272491455078, 0.021478667855262756, -0.02880859375], [-0.0024506114423274994, 0.021501965820789337, -0.9997657537460327, 1.5680618286132812], [-0.9999549984931946, 0.009111933410167694, 0.002647044602781534, 0.044403076171875], [0.0, 0.0, 0.0, 1.0]], [[-0.9237204194068909, 0.3830617666244507, -0.002073241164907813, 1.16064453125], [0.001740243285894394, -0.0012158291647210717, -0.9999977350234985, 1.5478119850158691], [-0.3830634355545044, -0.9237219095230103, 0.00045646619400940835, -0.0438232421875], [0.0, 0.0, 0.0, 1.0]]], "view": [[0.0, -2.0, 100.0], [-2.0, 0.0, 100.0], [0.0, 0.0, 1.0]], "bev": "bev_46a3c82f2b41415a83ad1129298d179d.png", "aux": "aux_46a3c82f2b41415a83ad1129298d179d.npz", "visibility": "visibility_46a3c82f2b41415a83ad1129298d179d.png", "pose": [[0.7556665539741516, 0.6549565196037292, 0.0, 759.5642700195312], [-0.6549565196037292, 0.7556665539741516, 0.0, 1515.3946533203125], [0.0, 0.0, 1.0, 0.0], [0.0, 0.0, 0.0, 1.0]], "pose_inverse": [[0.7556665539741516, -0.6549565196037292, 0.0, 418.5402526855469], [0.6549565196037292, 0.7556665539741516, 0.0, -1642.6146240234375], [0.0, 0.0, 1.0, 0.0], [0.0, 0.0, 0.0, 1.0]], "cam_ids": [0, 1, 2, 3, 4, 5], "cam_channels": ["CAM_FRONT_LEFT", "CAM_FRONT", "CAM_FRONT_RIGHT", "CAM_BACK_LEFT", "CAM_BACK", "CAM_BACK_RIGHT"], "token": "46a3c82f2b41415a83ad1129298d179d", "scene": "scene-0872"}, {"images": ["samples/CAM_FRONT_LEFT/n008-2018-09-18-14-54-39-0400__CAM_FRONT_LEFT__1537297024254799.jpg", "samples/CAM_FRONT/n008-2018-09-18-14-54-39-0400__CAM_FRONT__1537297024262404.jpg", "samples/CAM_FRONT_RIGHT/n008-2018-09-18-14-54-39-0400__CAM_FRONT_RIGHT__1537297024270482.jpg", "samples/CAM_BACK_LEFT/n008-2018-09-18-14-54-39-0400__CAM_BACK_LEFT__1537297024297405.jpg", "samples/CAM_BACK/n008-2018-09-18-14-54-39-0400__CAM_BACK__1537297024287558.jpg", "samples/CAM_BACK_RIGHT/n008-2018-09-18-14-54-39-0400__CAM_BACK_RIGHT__1537297024278113.jpg"], "intrinsics": [[[1257.8625342125129, 0.0, 827.2410631095686], [0.0, 1257.8625342125129, 450.915498205774], [0.0, 0.0, 1.0]], [[1252.8131021185304, 0.0, 826.588114781398], [0.0, 1252.8131021185304, 469.9846626224581], [0.0, 0.0, 1.0]], [[1256.7485116440405, 0.0, 817.7887570959712], [0.0, 1256.7485116440403, 451.9541780095127], [0.0, 0.0, 1.0]], [[1254.9860565800168, 0.0, 829.5769333630991], [0.0, 1254.9860565800168, 467.1680561863987], [0.0, 0.0, 1.0]], [[796.8910634503094, 0.0, 857.7774326863696], [0.0, 796.8910634503094, 476.8848988407415], [0.0, 0.0, 1.0]], [[1249.9629280788233, 0.0, 825.3768045375984], [0.0, 1249.9629280788233, 462.54816385708756], [0.0, 0.0, 1.0]]], "extrinsics": [[[0.822533369064331, -0.5686827301979065, -0.006238210946321487, -1.005126953125], [0.010853339917957783, 0.026663126423954964, -0.9995855093002319, 1.4882965087890625], [0.5686133503913879, 0.822124719619751, 0.02810341864824295, -1.333251953125], [0.0, 0.0, 0.0, 1.0]], [[0.010279840789735317, -0.9996958374977112, -0.022415779531002045, 0.00537109375], [0.012810049578547478, 0.022546784952282906, -0.9996637105941772, 1.4801654815673828], [0.9998651742935181, 0.009989247657358646, 0.01303793117403984, -1.73480224609375], [0.0, 0.0, 0.0, 1.0]], [[-0.843916654586792, -0.5358906388282776, -0.02501678094267845, 1.090576171875], [0.02083720453083515, 0.013853726908564568, -0.9996868968009949, 1.493072509765625], [0.5360694527626038, -0.8441737294197083, -0.0005249276873655617, -1.277587890625], [0.0, 0.0, 0.0, 1.0]], [[0.9478839635848999, 0.31857752799987793, 0.00494013587012887, -1.1439285278320312], [-0.004548988770693541, 0.0290350541472435, -0.999567985534668, 1.562042236328125], [-0.31858333945274353, 0.9474520087242126, 0.02897106669843197, -0.15625], [0.0, 0.0, 0.0, 1.0]], [[0.00918116420507431, 0.9997268915176392, 0.021491969004273415, -0.0286865234375], [-0.002422324614599347, 0.021515045315027237, -0.9997655749320984, 1.5680618286132812], [-0.9999549388885498, 0.00912699569016695, 0.0026191971264779568, 0.04437255859375], [0.0, 0.0, 0.0, 1.0]], [[-0.9237106442451477, 0.3830850124359131, -0.0021108053624629974, 1.16064453125], [0.001784964231774211, -0.0012060251319780946, -0.9999976754188538, 1.5478110313415527], [-0.3830866515636444, -0.9237123131752014, 0.0004302255401853472, -0.0438232421875], [0.0, 0.0, 0.0, 1.0]]], "view": [[0.0, -2.0, 100.0], [-2.0, 0.0, 100.0], [0.0, 0.0, 1.0]], "bev": "bev_7b971641d1c34822a6cc1339d12b4e82.png", "aux": "aux_7b971641d1c34822a6cc1339d12b4e82.npz", "visibility": "visibility_7b971641d1c34822a6cc1339d12b4e82.png", "pose": [[0.7557029724121094, 0.6549144983291626, 0.0, 759.5642700195312], [-0.6549144983291626, 0.7557029724121094, 0.0, 1515.3946533203125], [0.0, 0.0, 1.0, 0.0], [0.0, 0.0, 0.0, 1.0]], "pose_inverse": [[0.7557029724121094, -0.6549144983291626, 0.0, 418.4489440917969], [0.6549144983291626, 0.7557029724121094, 0.0, -1642.637939453125], [0.0, 0.0, 1.0, 0.0], [0.0, 0.0, 0.0, 1.0]], "cam_ids": [0, 1, 2, 3, 4, 5], "cam_channels": ["CAM_FRONT_LEFT", "CAM_FRONT", "CAM_FRONT_RIGHT", "CAM_BACK_LEFT", "CAM_BACK", "CAM_BACK_RIGHT"], "token": "7b971641d1c34822a6cc1339d12b4e82", "scene": "scene-0872"}, {"images": ["samples/CAM_FRONT_LEFT/n008-2018-09-18-14-54-39-0400__CAM_FRONT_LEFT__1537297024754799.jpg", "samples/CAM_FRONT/n008-2018-09-18-14-54-39-0400__CAM_FRONT__1537297024762404.jpg", "samples/CAM_FRONT_RIGHT/n008-2018-09-18-14-54-39-0400__CAM_FRONT_RIGHT__1537297024770482.jpg", "samples/CAM_BACK_LEFT/n008-2018-09-18-14-54-39-0400__CAM_BACK_LEFT__1537297024797405.jpg", "samples/CAM_BACK/n008-2018-09-18-14-54-39-0400__CAM_BACK__1537297024787558.jpg", "samples/CAM_BACK_RIGHT/n008-2018-09-18-14-54-39-0400__CAM_BACK_RIGHT__1537297024778113.jpg"], "intrinsics": [[[1257.8625342125129, 0.0, 827.2410631095686], [0.0, 1257.8625342125129, 450.915498205774], [0.0, 0.0, 1.0]], [[1252.8131021185304, 0.0, 826.588114781398], [0.0, 1252.8131021185304, 469.9846626224581], [0.0, 0.0, 1.0]], [[1256.7485116440405, 0.0, 817.7887570959712], [0.0, 1256.7485116440403, 451.9541780095127], [0.0, 0.0, 1.0]], [[1254.9860565800168, 0.0, 829.5769333630991], [0.0, 1254.9860565800168, 467.1680561863987], [0.0, 0.0, 1.0]], [[796.8910634503094, 0.0, 857.7774326863696], [0.0, 796.8910634503094, 476.8848988407415], [0.0, 0.0, 1.0]], [[1249.9629280788233, 0.0, 825.3768045375984], [0.0, 1249.9629280788233, 462.54816385708756], [0.0, 0.0, 1.0]]], "extrinsics": [[[0.8225435614585876, -0.5686669945716858, -0.006334069650620222, -1.005126953125], [0.010797630064189434, 0.026751955971121788, -0.9995837807655334, 1.4882965087890625], [0.5685997605323792, 0.8221327662467957, 0.028144901618361473, -1.33349609375], [0.0, 0.0, 0.0, 1.0]], [[0.01029161736369133, -0.9996935725212097, -0.02251221239566803, 0.0054931640625], [0.012760071083903313, 0.022642865777015686, -0.9996622204780579, 1.4801654815673828], [0.9998655915260315, 0.01000091340392828, 0.012989193201065063, -1.73468017578125], [0.0, 0.0, 0.0, 1.0]], [[-0.8439125418663025, -0.5358967781066895, -0.025025157257914543, 1.09075927734375], [0.0207864698022604, 0.013949239626526833, -0.999686598777771, 1.4930715560913086], [0.5360779762268066, -0.8441683053970337, -0.0006325381109490991, -1.277587890625], [0.0, 0.0, 0.0, 1.0]], [[0.9478820562362671, 0.3185831904411316, 0.004932967480272055, -1.1438980102539062], [-0.004583961330354214, 0.029116040095686913, -0.9995655417442322, 1.562042236328125], [-0.31858837604522705, 0.9474475979804993, 0.029058946296572685, -0.15625], [0.0, 0.0, 0.0, 1.0]], [[0.009176116436719894, 0.9997254014015198, 0.0215635783970356, -0.0286865234375], [-0.0024658481124788523, 0.02158704586327076, -0.9997639060020447, 1.5680618286132812], [-0.999954879283905, 0.009120709262788296, 0.002663254039362073, 0.044281005859375], [0.0, 0.0, 0.0, 1.0]], [[-0.9237135648727417, 0.38307833671569824, -0.0020273460540920496, 1.16058349609375], [0.001730269519612193, -0.0011200556764379144, -0.9999978542327881, 1.5478122234344482], [-0.3830797076225281, -0.9237151741981506, 0.0003717821091413498, -0.043701171875], [0.0, 0.0, 0.0, 1.0]]], "view": [[0.0, -2.0, 100.0], [-2.0, 0.0, 100.0], [0.0, 0.0, 1.0]], "bev": "bev_078d6d78d6e54137b1df3fd4e264e09f.png", "aux": "aux_078d6d78d6e54137b1df3fd4e264e09f.npz", "visibility": "visibility_078d6d78d6e54137b1df3fd4e264e09f.png", "pose": [[0.7557147741317749, 0.6549009084701538, 0.0, 759.5642700195312], [-0.6549009084701538, 0.7557147741317749, 0.0, 1515.3946533203125], [0.0, 0.0, 1.0, 0.0], [0.0, 0.0, 0.0, 1.0]], "pose_inverse": [[0.7557147741317749, -0.6549009084701538, 0.0, 418.41937255859375], [0.6549009084701538, 0.7557147741317749, 0.0, -1642.6453857421875], [0.0, 0.0, 1.0, 0.0], [0.0, 0.0, 0.0, 1.0]], "cam_ids": [0, 1, 2, 3, 4, 5], "cam_channels": ["CAM_FRONT_LEFT", "CAM_FRONT", "CAM_FRONT_RIGHT", "CAM_BACK_LEFT", "CAM_BACK", "CAM_BACK_RIGHT"], "token": "078d6d78d6e54137b1df3fd4e264e09f", "scene": "scene-0872"}, {"images": ["samples/CAM_FRONT_LEFT/n008-2018-09-18-14-54-39-0400__CAM_FRONT_LEFT__1537297025254799.jpg", "samples/CAM_FRONT/n008-2018-09-18-14-54-39-0400__CAM_FRONT__1537297025262404.jpg", "samples/CAM_FRONT_RIGHT/n008-2018-09-18-14-54-39-0400__CAM_FRONT_RIGHT__1537297025270482.jpg", "samples/CAM_BACK_LEFT/n008-2018-09-18-14-54-39-0400__CAM_BACK_LEFT__1537297025297405.jpg", "samples/CAM_BACK/n008-2018-09-18-14-54-39-0400__CAM_BACK__1537297025287558.jpg", "samples/CAM_BACK_RIGHT/n008-2018-09-18-14-54-39-0400__CAM_BACK_RIGHT__1537297025278113.jpg"], "intrinsics": [[[1257.8625342125129, 0.0, 827.2410631095686], [0.0, 1257.8625342125129, 450.915498205774], [0.0, 0.0, 1.0]], [[1252.8131021185304, 0.0, 826.588114781398], [0.0, 1252.8131021185304, 469.9846626224581], [0.0, 0.0, 1.0]], [[1256.7485116440405, 0.0, 817.7887570959712], [0.0, 1256.7485116440403, 451.9541780095127], [0.0, 0.0, 1.0]], [[1254.9860565800168, 0.0, 829.5769333630991], [0.0, 1254.9860565800168, 467.1680561863987], [0.0, 0.0, 1.0]], [[796.8910634503094, 0.0, 857.7774326863696], [0.0, 796.8910634503094, 476.8848988407415], [0.0, 0.0, 1.0]], [[1249.9629280788233, 0.0, 825.3768045375984], [0.0, 1249.9629280788233, 462.54816385708756], [0.0, 0.0, 1.0]]], "extrinsics": [[[0.8225447535514832, -0.5686663389205933, -0.006229010876268148, -1.0050048828125], [0.010957867838442326, 0.02679908461868763, -0.9995808005332947, 1.4883003234863281], [0.5685948133468628, 0.8221316337585449, 0.028274815529584885, -1.333251953125], [0.0, 0.0, 0.0, 1.0]], [[0.010297667235136032, -0.9996926188468933, -0.022556059062480927, 0.00537109375], [0.012925209477543831, 0.022688444703817368, -0.9996590614318848, 1.4801673889160156], [0.9998634457588196, 0.010002645663917065, 0.013154874555766582, -1.734649658203125], [0.0, 0.0, 0.0, 1.0]], [[-0.8439074754714966, -0.5358970165252686, -0.02519155666232109, 1.090576171875], [0.020952479913830757, 0.013998216949403286, -0.9996824264526367, 1.4930696487426758], [0.536079466342926, -0.8441673517227173, -0.0005848308792337775, -1.277587890625], [0.0, 0.0, 0.0, 1.0]], [[0.947882354259491, 0.31857940554618835, 0.005120272748172283, -1.1439666748046875], [-0.004401753190904856, 0.02916192263364792, -0.9995650053024292, 1.562042236328125], [-0.3185901939868927, 0.9474474787712097, 0.02904437854886055, -0.1561279296875], [0.0, 0.0, 0.0, 1.0]], [[0.009172916412353516, 0.9997243285179138, 0.021611571311950684, -0.0289306640625], [-0.002283012494444847, 0.021633362397551537, -0.9997633695602417, 1.5680618286132812], [-0.999955415725708, 0.00912138819694519, 0.0024808235466480255, 0.0443115234375], [0.0, 0.0, 0.0, 1.0]], [[-0.9237136840820312, 0.3830774426460266, -0.0021612222772091627, 1.16064453125], [0.00189717928878963, -0.0010670616757124662, -0.999997615814209, 1.5478100776672363], [-0.38307881355285645, -0.9237156510353088, 0.00025889251264743507, -0.043701171875], [0.0, 0.0, 0.0, 1.0]]], "view": [[0.0, -2.0, 100.0], [-2.0, 0.0, 100.0], [0.0, 0.0, 1.0]], "bev": "bev_31f8c050291f4a6a9d42a8b1a6c86be9.png", "aux": "aux_31f8c050291f4a6a9d42a8b1a6c86be9.npz", "visibility": "visibility_31f8c050291f4a6a9d42a8b1a6c86be9.png", "pose": [[0.7557774186134338, 0.6548286080360413, 0.0, 759.5642700195312], [-0.6548286080360413, 0.7557774186134338, 0.0, 1515.3946533203125], [0.0, 0.0, 1.0, 0.0], [0.0, 0.0, 0.0, 1.0]], "pose_inverse": [[0.7557774186134338, -0.6548286080360413, 0.0, 418.2622375488281], [0.6548286080360413, 0.7557774186134338, 0.0, -1642.6854248046875], [0.0, 0.0, 1.0, 0.0], [0.0, 0.0, 0.0, 1.0]], "cam_ids": [0, 1, 2, 3, 4, 5], "cam_channels": ["CAM_FRONT_LEFT", "CAM_FRONT", "CAM_FRONT_RIGHT", "CAM_BACK_LEFT", "CAM_BACK", "CAM_BACK_RIGHT"], "token": "31f8c050291f4a6a9d42a8b1a6c86be9", "scene": "scene-0872"}, {"images": ["samples/CAM_FRONT_LEFT/n008-2018-09-18-14-54-39-0400__CAM_FRONT_LEFT__1537297025754799.jpg", "samples/CAM_FRONT/n008-2018-09-18-14-54-39-0400__CAM_FRONT__1537297025762404.jpg", "samples/CAM_FRONT_RIGHT/n008-2018-09-18-14-54-39-0400__CAM_FRONT_RIGHT__1537297025770482.jpg", "samples/CAM_BACK_LEFT/n008-2018-09-18-14-54-39-0400__CAM_BACK_LEFT__1537297025797405.jpg", "samples/CAM_BACK/n008-2018-09-18-14-54-39-0400__CAM_BACK__1537297025787558.jpg", "samples/CAM_BACK_RIGHT/n008-2018-09-18-14-54-39-0400__CAM_BACK_RIGHT__1537297025778113.jpg"], "intrinsics": [[[1257.8625342125129, 0.0, 827.2410631095686], [0.0, 1257.8625342125129, 450.915498205774], [0.0, 0.0, 1.0]], [[1252.8131021185304, 0.0, 826.588114781398], [0.0, 1252.8131021185304, 469.9846626224581], [0.0, 0.0, 1.0]], [[1256.7485116440405, 0.0, 817.7887570959712], [0.0, 1256.7485116440403, 451.9541780095127], [0.0, 0.0, 1.0]], [[1254.9860565800168, 0.0, 829.5769333630991], [0.0, 1254.9860565800168, 467.1680561863987], [0.0, 0.0, 1.0]], [[796.8910634503094, 0.0, 857.7774326863696], [0.0, 796.8910634503094, 476.8848988407415], [0.0, 0.0, 1.0]], [[1249.9629280788233, 0.0, 825.3768045375984], [0.0, 1249.9629280788233, 462.54816385708756], [0.0, 0.0, 1.0]]], "extrinsics": [[[0.8225648999214172, -0.5686367750167847, -0.0062588793225586414, -1.0050048828125], [0.010990560986101627, 0.026900630444288254, -0.9995777010917664, 1.4882926940917969], [0.5685649514198303, 0.8221487998962402, 0.02837715484201908, -1.3333740234375], [0.0, 0.0, 0.0, 1.0]], [[0.010329274460673332, -0.9996898770332336, -0.022655727341771126, 0.0054931640625], [0.012951001524925232, 0.02278878539800644, -0.9996563792228699, 1.4801692962646484], [0.999862790107727, 0.01003227662295103, 0.013182377442717552, -1.7347412109375], [0.0, 0.0, 0.0, 1.0]], [[-0.8438937664031982, -0.5359150171279907, -0.02526276744902134, 1.09063720703125], [0.020973488688468933, 0.014097947627305984, -0.9996805787086487, 1.4930734634399414], [0.5361000299453735, -0.8441541790962219, -0.0006571648409590125, -1.2774658203125], [0.0, 0.0, 0.0, 1.0]], [[0.9478768706321716, 0.31859520077705383, 0.005156343337148428, -1.1438446044921875], [-0.004394542425870895, 0.029252085834741592, -0.9995623826980591, 1.5620460510253906], [-0.3186066150665283, 0.947439432144165, 0.02912745624780655, -0.156005859375], [0.0, 0.0, 0.0, 1.0]], [[0.009157119318842888, 0.9997220635414124, 0.021723423153162003, -0.02880859375], [-0.0022694210056215525, 0.02174505591392517, -0.9997609257698059, 1.5680656433105469], [-0.9999554753303528, 0.009105702862143517, 0.002467913320288062, 0.044403076171875], [0.0, 0.0, 0.0, 1.0]], [[-0.9237205982208252, 0.38306093215942383, -0.002137228846549988, 1.16064453125], [0.001913691172376275, -0.0009646207327023149, -0.9999976754188538, 1.5478122234344482], [-0.38306206464767456, -0.9237225651741028, 0.00015798084496054798, -0.043701171875], [0.0, 0.0, 0.0, 1.0]]], "view": [[0.0, -2.0, 100.0], [-2.0, 0.0, 100.0], [0.0, 0.0, 1.0]], "bev": "bev_2cea349704874f39a4b7f5df31810a5a.png", "aux": "aux_2cea349704874f39a4b7f5df31810a5a.npz", "visibility": "visibility_2cea349704874f39a4b7f5df31810a5a.png", "pose": [[0.7557474374771118, 0.654863178730011, 0.0, 759.5642700195312], [-0.654863178730011, 0.7557474374771118, 0.0, 1515.3946533203125], [0.0, 0.0, 1.0, 0.0], [0.0, 0.0, 0.0, 1.0]], "pose_inverse": [[0.7557474374771118, -0.654863178730011, 0.0, 418.3373718261719], [0.654863178730011, 0.7557474374771118, 0.0, -1642.6663818359375], [0.0, 0.0, 1.0, 0.0], [0.0, 0.0, 0.0, 1.0]], "cam_ids": [0, 1, 2, 3, 4, 5], "cam_channels": ["CAM_FRONT_LEFT", "CAM_FRONT", "CAM_FRONT_RIGHT", "CAM_BACK_LEFT", "CAM_BACK", "CAM_BACK_RIGHT"], "token": "2cea349704874f39a4b7f5df31810a5a", "scene": "scene-0872"}, {"images": ["samples/CAM_FRONT_LEFT/n008-2018-09-18-14-54-39-0400__CAM_FRONT_LEFT__1537297026254799.jpg", "samples/CAM_FRONT/n008-2018-09-18-14-54-39-0400__CAM_FRONT__1537297026262404.jpg", "samples/CAM_FRONT_RIGHT/n008-2018-09-18-14-54-39-0400__CAM_FRONT_RIGHT__1537297026270482.jpg", "samples/CAM_BACK_LEFT/n008-2018-09-18-14-54-39-0400__CAM_BACK_LEFT__1537297026297405.jpg", "samples/CAM_BACK/n008-2018-09-18-14-54-39-0400__CAM_BACK__1537297026287558.jpg", "samples/CAM_BACK_RIGHT/n008-2018-09-18-14-54-39-0400__CAM_BACK_RIGHT__1537297026278113.jpg"], "intrinsics": [[[1257.8625342125129, 0.0, 827.2410631095686], [0.0, 1257.8625342125129, 450.915498205774], [0.0, 0.0, 1.0]], [[1252.8131021185304, 0.0, 826.588114781398], [0.0, 1252.8131021185304, 469.9846626224581], [0.0, 0.0, 1.0]], [[1256.7485116440405, 0.0, 817.7887570959712], [0.0, 1256.7485116440403, 451.9541780095127], [0.0, 0.0, 1.0]], [[1254.9860565800168, 0.0, 829.5769333630991], [0.0, 1254.9860565800168, 467.1680561863987], [0.0, 0.0, 1.0]], [[796.8910634503094, 0.0, 857.7774326863696], [0.0, 796.8910634503094, 476.8848988407415], [0.0, 0.0, 1.0]], [[1249.9629280788233, 0.0, 825.3768045375984], [0.0, 1249.9629280788233, 462.54816385708756], [0.0, 0.0, 1.0]]], "extrinsics": [[[0.8225566744804382, -0.5686489343643188, -0.0062432424165308475, -1.0050048828125], [0.011041413061320782, 0.026945943012833595, -0.9995759129524231, 1.4882926940917969], [0.5685759782791138, 0.8221388459205627, 0.02844325266778469, -1.3333740234375], [0.0, 0.0, 0.0, 1.0]], [[0.010320375673472881, -0.999688982963562, -0.022703979164361954, 0.00537109375], [0.012982732616364956, 0.022837234660983086, -0.9996548891067505, 1.4801654815673828], [0.9998624324798584, 0.01002201996743679, 0.013214384205639362, -1.7347412109375], [0.0, 0.0, 0.0, 1.0]], [[-0.8438976407051086, -0.5359074473381042, -0.02529992163181305, 1.090576171875], [0.02098655328154564, 0.014146685600280762, -0.9996796250343323, 1.4930734634399414], [0.5360936522483826, -0.8441582918167114, -0.0006915053236298263, -1.27783203125], [0.0, 0.0, 0.0, 1.0]], [[0.9478806257247925, 0.3185841739177704, 0.005142330192029476, -1.1438827514648438], [-0.00442713126540184, 0.029306117445230484, -0.9995606541633606, 1.5620384216308594], [-0.31859487295150757, 0.9474413990974426, 0.02918911725282669, -0.15625], [0.0, 0.0, 0.0, 1.0]], [[0.009164155460894108, 0.9997211694717407, 0.021758809685707092, -0.029052734375], [-0.0022721572313457727, 0.021780485287308693, -0.9997601509094238, 1.5680618286132812], [-0.999955415725708, 0.009112557396292686, 0.0024711238220334053, 0.044281005859375], [0.0, 0.0, 0.0, 1.0]], [[-0.9237183332443237, 0.383066326379776, -0.002121389377862215, 1.16070556640625], [0.0019141086377203465, -0.00092226272681728, -0.9999977350234985, 1.5478119850158691], [-0.3830673396587372, -0.9237203001976013, 0.0001186807276098989, -0.043701171875], [0.0, 0.0, 0.0, 1.0]]], "view": [[0.0, -2.0, 100.0], [-2.0, 0.0, 100.0], [0.0, 0.0, 1.0]], "bev": "bev_d446868b7b8c4ae58f1820f9b3eda040.png", "aux": "aux_d446868b7b8c4ae58f1820f9b3eda040.npz", "visibility": "visibility_d446868b7b8c4ae58f1820f9b3eda040.png", "pose": [[0.7557439804077148, 0.6548671722412109, 0.0, 759.5642700195312], [-0.6548671722412109, 0.7557439804077148, 0.0, 1515.3946533203125], [0.0, 0.0, 1.0, 0.0], [0.0, 0.0, 0.0, 1.0]], "pose_inverse": [[0.7557439804077148, -0.6548671722412109, 0.0, 418.34613037109375], [0.6548671722412109, 0.7557439804077148, 0.0, -1642.6640625], [0.0, 0.0, 1.0, 0.0], [0.0, 0.0, 0.0, 1.0]], "cam_ids": [0, 1, 2, 3, 4, 5], "cam_channels": ["CAM_FRONT_LEFT", "CAM_FRONT", "CAM_FRONT_RIGHT", "CAM_BACK_LEFT", "CAM_BACK", "CAM_BACK_RIGHT"], "token": "d446868b7b8c4ae58f1820f9b3eda040", "scene": "scene-0872"}, {"images": ["samples/CAM_FRONT_LEFT/n008-2018-09-18-14-54-39-0400__CAM_FRONT_LEFT__1537297026754799.jpg", "samples/CAM_FRONT/n008-2018-09-18-14-54-39-0400__CAM_FRONT__1537297026762404.jpg", "samples/CAM_FRONT_RIGHT/n008-2018-09-18-14-54-39-0400__CAM_FRONT_RIGHT__1537297026770482.jpg", "samples/CAM_BACK_LEFT/n008-2018-09-18-14-54-39-0400__CAM_BACK_LEFT__1537297026797405.jpg", "samples/CAM_BACK/n008-2018-09-18-14-54-39-0400__CAM_BACK__1537297026787558.jpg", "samples/CAM_BACK_RIGHT/n008-2018-09-18-14-54-39-0400__CAM_BACK_RIGHT__1537297026778113.jpg"], "intrinsics": [[[1257.8625342125129, 0.0, 827.2410631095686], [0.0, 1257.8625342125129, 450.915498205774], [0.0, 0.0, 1.0]], [[1252.8131021185304, 0.0, 826.588114781398], [0.0, 1252.8131021185304, 469.9846626224581], [0.0, 0.0, 1.0]], [[1256.7485116440405, 0.0, 817.7887570959712], [0.0, 1256.7485116440403, 451.9541780095127], [0.0, 0.0, 1.0]], [[1254.9860565800168, 0.0, 829.5769333630991], [0.0, 1254.9860565800168, 467.1680561863987], [0.0, 0.0, 1.0]], [[796.8910634503094, 0.0, 857.7774326863696], [0.0, 796.8910634503094, 476.8848988407415], [0.0, 0.0, 1.0]], [[1249.9629280788233, 0.0, 825.3768045375984], [0.0, 1249.9629280788233, 462.54816385708756], [0.0, 0.0, 1.0]]], "extrinsics": [[[0.8225666284561157, -0.5686342716217041, -0.006270270794630051, -1.005126953125], [0.011036706157028675, 0.026987526565790176, -0.9995748400688171, 1.4882965087890625], [0.5685616731643677, 0.8221476674079895, 0.02847488597035408, -1.333251953125], [0.0, 0.0, 0.0, 1.0]], [[0.010333094745874405, -0.9996880888938904, -0.022736478596925735, 0.00537109375], [0.012996303848922253, 0.02287003956735134, -0.9996539950370789, 1.4801692962646484], [0.9998621344566345, 0.010034092701971531, 0.01322856917977333, -1.734710693359375], [0.0, 0.0, 0.0, 1.0]], [[-0.8438919186592102, -0.5359143614768982, -0.025342684239149094, 1.0908203125], [0.021019406616687775, 0.01417471095919609, -0.9996785521507263, 1.4930715560913086], [0.5361014008522034, -0.8441533446311951, -0.000697322771884501, -1.277587890625], [0.0, 0.0, 0.0, 1.0]], [[0.9478803873062134, 0.31858378648757935, 0.005220689810812473, -1.1438827514648438], [-0.004355137702077627, 0.02933778613805771, -0.9995600581169128, 1.5620384216308594], [-0.31859681010246277, 0.9474405646324158, 0.02919618971645832, -0.15625], [0.0, 0.0, 0.0, 1.0]], [[0.009160354733467102, 0.9997206330299377, 0.02179107628762722, -0.02880859375], [-0.002224802039563656, 0.02181231416761875, -0.9997596144676208, 1.5680618286132812], [-0.9999555945396423, 0.009109689854085445, 0.0024239891208708286, 0.044342041015625], [0.0, 0.0, 0.0, 1.0]], [[-0.9237205386161804, 0.3830608129501343, -0.0021535831037908792, 1.16070556640625], [0.0019621485844254494, -0.0008904622518457472, -0.999997615814209, 1.5478105545043945], [-0.38306179642677307, -0.9237228035926819, 7.091560837579891e-05, -0.0438232421875], [0.0, 0.0, 0.0, 1.0]]], "view": [[0.0, -2.0, 100.0], [-2.0, 0.0, 100.0], [0.0, 0.0, 1.0]], "bev": "bev_1882b69286ec4417a189395ae58110ea.png", "aux": "aux_1882b69286ec4417a189395ae58110ea.npz", "visibility": "visibility_1882b69286ec4417a189395ae58110ea.png", "pose": [[0.7557093501091003, 0.6549071669578552, 0.0, 759.5642700195312], [-0.6549071669578552, 0.7557093501091003, 0.0, 1515.3946533203125], [0.0, 0.0, 1.0, 0.0], [0.0, 0.0, 0.0, 1.0]], "pose_inverse": [[0.7557093501091003, -0.6549071669578552, 0.0, 418.4329528808594], [0.6549071669578552, 0.7557093501091003, 0.0, -1642.6419677734375], [0.0, 0.0, 1.0, 0.0], [0.0, 0.0, 0.0, 1.0]], "cam_ids": [0, 1, 2, 3, 4, 5], "cam_channels": ["CAM_FRONT_LEFT", "CAM_FRONT", "CAM_FRONT_RIGHT", "CAM_BACK_LEFT", "CAM_BACK", "CAM_BACK_RIGHT"], "token": "1882b69286ec4417a189395ae58110ea", "scene": "scene-0872"}, {"images": ["samples/CAM_FRONT_LEFT/n008-2018-09-18-14-54-39-0400__CAM_FRONT_LEFT__1537297027255104.jpg", "samples/CAM_FRONT/n008-2018-09-18-14-54-39-0400__CAM_FRONT__1537297027262404.jpg", "samples/CAM_FRONT_RIGHT/n008-2018-09-18-14-54-39-0400__CAM_FRONT_RIGHT__1537297027270482.jpg", "samples/CAM_BACK_LEFT/n008-2018-09-18-14-54-39-0400__CAM_BACK_LEFT__1537297027297405.jpg", "samples/CAM_BACK/n008-2018-09-18-14-54-39-0400__CAM_BACK__1537297027287558.jpg", "samples/CAM_BACK_RIGHT/n008-2018-09-18-14-54-39-0400__CAM_BACK_RIGHT__1537297027278113.jpg"], "intrinsics": [[[1257.8625342125129, 0.0, 827.2410631095686], [0.0, 1257.8625342125129, 450.915498205774], [0.0, 0.0, 1.0]], [[1252.8131021185304, 0.0, 826.588114781398], [0.0, 1252.8131021185304, 469.9846626224581], [0.0, 0.0, 1.0]], [[1256.7485116440405, 0.0, 817.7887570959712], [0.0, 1256.7485116440403, 451.9541780095127], [0.0, 0.0, 1.0]], [[1254.9860565800168, 0.0, 829.5769333630991], [0.0, 1254.9860565800168, 467.1680561863987], [0.0, 0.0, 1.0]], [[796.8910634503094, 0.0, 857.7774326863696], [0.0, 796.8910634503094, 476.8848988407415], [0.0, 0.0, 1.0]], [[1249.9629280788233, 0.0, 825.3768045375984], [0.0, 1249.9629280788233, 462.54816385708756], [0.0, 0.0, 1.0]]], "extrinsics": [[[0.8225709199905396, -0.5686311721801758, -0.005984222516417503, -1.0048828125], [0.01130762230604887, 0.026876822113990784, -0.9995747804641724, 1.4883003234863281], [0.568550169467926, 0.8221534490585327, 0.02853795327246189, -1.3333740234375], [0.0, 0.0, 0.0, 1.0]], [[0.010343440808355808, -0.9996905326843262, -0.022624380886554718, 0.0052490234375], [0.013263546861708164, 0.02276076190173626, -0.9996529817581177, 1.4801673889160156], [0.9998584985733032, 0.010039730928838253, 0.013494865968823433, -1.734710693359375], [0.0, 0.0, 0.0, 1.0]], [[-0.843883216381073, -0.535920262336731, -0.025504818186163902, 1.0906982421875], [0.021283190697431564, 0.014061776921153069, -0.9996746182441711, 1.4930734634399414], [0.5361045002937317, -0.8441514372825623, -0.00046040411689318717, -1.2774658203125], [0.0, 0.0, 0.0, 1.0]], [[0.9478790760040283, 0.31858307123184204, 0.005473706871271133, -1.1439895629882812], [-0.004053068812936544, 0.02923300489783287, -0.9995644092559814, 1.5620384216308594], [-0.31860437989234924, 0.9474440217018127, 0.029000595211982727, -0.15625], [0.0, 0.0, 0.0, 1.0]], [[0.009152949787676334, 0.9997227787971497, 0.02169223502278328, -0.0289306640625], [-0.0019432189874351025, 0.02171088568866253, -0.9997623562812805, 1.5680580139160156], [-0.9999561905860901, 0.009108543395996094, 0.0021413981448858976, 0.044158935546875], [0.0, 0.0, 0.0, 1.0]], [[-0.9237211346626282, 0.38305774331092834, -0.0024463413283228874, 1.16058349609375], [0.002230913145467639, -0.0010066182585433125, -0.9999970197677612, 1.5478127002716064], [-0.383059024810791, -0.9237238168716431, 7.526581612182781e-05, -0.04345703125], [0.0, 0.0, 0.0, 1.0]]], "view": [[0.0, -2.0, 100.0], [-2.0, 0.0, 100.0], [0.0, 0.0, 1.0]], "bev": "bev_76de96f7c7a8430188ae9c4f880e8251.png", "aux": "aux_76de96f7c7a8430188ae9c4f880e8251.npz", "visibility": "visibility_76de96f7c7a8430188ae9c4f880e8251.png", "pose": [[0.7556443214416504, 0.6549822092056274, 0.0, 759.5642700195312], [-0.6549822092056274, 0.7556443214416504, 0.0, 1515.3946533203125], [0.0, 0.0, 1.0, 0.0], [0.0, 0.0, 0.0, 1.0]], "pose_inverse": [[0.7556443214416504, -0.6549822092056274, 0.0, 418.59613037109375], [0.6549822092056274, 0.7556443214416504, 0.0, -1642.6004638671875], [0.0, 0.0, 1.0, 0.0], [0.0, 0.0, 0.0, 1.0]], "cam_ids": [0, 1, 2, 3, 4, 5], "cam_channels": ["CAM_FRONT_LEFT", "CAM_FRONT", "CAM_FRONT_RIGHT", "CAM_BACK_LEFT", "CAM_BACK", "CAM_BACK_RIGHT"], "token": "76de96f7c7a8430188ae9c4f880e8251", "scene": "scene-0872"}, {"images": ["samples/CAM_FRONT_LEFT/n008-2018-09-18-14-54-39-0400__CAM_FRONT_LEFT__1537297027754799.jpg", "samples/CAM_FRONT/n008-2018-09-18-14-54-39-0400__CAM_FRONT__1537297027762404.jpg", "samples/CAM_FRONT_RIGHT/n008-2018-09-18-14-54-39-0400__CAM_FRONT_RIGHT__1537297027770482.jpg", "samples/CAM_BACK_LEFT/n008-2018-09-18-14-54-39-0400__CAM_BACK_LEFT__1537297027797405.jpg", "samples/CAM_BACK/n008-2018-09-18-14-54-39-0400__CAM_BACK__1537297027787558.jpg", "samples/CAM_BACK_RIGHT/n008-2018-09-18-14-54-39-0400__CAM_BACK_RIGHT__1537297027778113.jpg"], "intrinsics": [[[1257.8625342125129, 0.0, 827.2410631095686], [0.0, 1257.8625342125129, 450.915498205774], [0.0, 0.0, 1.0]], [[1252.8131021185304, 0.0, 826.588114781398], [0.0, 1252.8131021185304, 469.9846626224581], [0.0, 0.0, 1.0]], [[1256.7485116440405, 0.0, 817.7887570959712], [0.0, 1256.7485116440403, 451.9541780095127], [0.0, 0.0, 1.0]], [[1254.9860565800168, 0.0, 829.5769333630991], [0.0, 1254.9860565800168, 467.1680561863987], [0.0, 0.0, 1.0]], [[796.8910634503094, 0.0, 857.7774326863696], [0.0, 796.8910634503094, 476.8848988407415], [0.0, 0.0, 1.0]], [[1249.9629280788233, 0.0, 825.3768045375984], [0.0, 1249.9629280788233, 462.54816385708756], [0.0, 0.0, 1.0]]], "extrinsics": [[[0.8225401043891907, -0.5686829686164856, -0.0052456334233284, -1.0048828125], [0.012233663350343704, 0.026914851740002632, -0.9995628595352173, 1.4882965087890625], [0.5685756206512451, 0.8221163153648376, 0.029095619916915894, -1.33349609375], [0.0, 0.0, 0.0, 1.0]], [[0.010310172103345394, -0.9996902346611023, -0.022654496133327484, 0.00537109375], [0.01429535448551178, 0.022800741717219353, -0.9996378421783447, 1.4801654815673828], [0.9998446702957153, 0.009982693009078503, 0.014526006765663624, -1.734619140625], [0.0, 0.0, 0.0, 1.0]], [[-0.8438774347305298, -0.5358807444572449, -0.026506612077355385, 1.09063720703125], [0.0224397424608469, 0.014109303243458271, -0.9996486306190491, 1.4930734634399414], [0.536066472530365, -0.8441758751869202, 0.00011850315058836713, -1.277587890625], [0.0, 0.0, 0.0, 1.0]], [[0.9478719234466553, 0.31857576966285706, 0.006960654631257057, -1.1439056396484375], [-0.0025060612242668867, 0.029296234250068665, -0.9995676279067993, 1.562042236328125], [-0.31864193081855774, 0.9474445581436157, 0.028567446395754814, -0.1561279296875], [0.0, 0.0, 0.0, 1.0]], [[0.009144016541540623, 0.9997214674949646, 0.021758483722805977, -0.0289306640625], [-0.0005447164294309914, 0.021764369681477547, -0.9997629523277283, 1.5680618286132812], [-0.9999580979347229, 0.00912993773818016, 0.0007435776060447097, 0.04425048828125], [0.0, 0.0, 0.0, 1.0]], [[-0.9237039089202881, 0.3830900192260742, -0.003601820906624198, 1.16064453125], [0.003504524938762188, -0.0009518738370388746, -0.9999933838844299, 1.547811508178711], [-0.38309088349342346, -0.9237105250358582, -0.0004632994532585144, -0.0438232421875], [0.0, 0.0, 0.0, 1.0]]], "view": [[0.0, -2.0, 100.0], [-2.0, 0.0, 100.0], [0.0, 0.0, 1.0]], "bev": "bev_eaa283b61ca344d6b3824ec774a90a13.png", "aux": "aux_eaa283b61ca344d6b3824ec774a90a13.npz", "visibility": "visibility_eaa283b61ca344d6b3824ec774a90a13.png", "pose": [[0.7555793523788452, 0.6550571322441101, 0.0, 759.5642700195312], [-0.6550571322441101, 0.7555793523788452, 0.0, 1515.3946533203125], [0.0, 0.0, 1.0, 0.0], [0.0, 0.0, 0.0, 1.0]], "pose_inverse": [[0.7555793523788452, -0.6550571322441101, 0.0, 418.75897216796875], [0.6550571322441101, 0.7555793523788452, 0.0, -1642.5589599609375], [0.0, 0.0, 1.0, 0.0], [0.0, 0.0, 0.0, 1.0]], "cam_ids": [0, 1, 2, 3, 4, 5], "cam_channels": ["CAM_FRONT_LEFT", "CAM_FRONT", "CAM_FRONT_RIGHT", "CAM_BACK_LEFT", "CAM_BACK", "CAM_BACK_RIGHT"], "token": "eaa283b61ca344d6b3824ec774a90a13", "scene": "scene-0872"}, {"images": ["samples/CAM_FRONT_LEFT/n008-2018-09-18-14-54-39-0400__CAM_FRONT_LEFT__1537297028254799.jpg", "samples/CAM_FRONT/n008-2018-09-18-14-54-39-0400__CAM_FRONT__1537297028262404.jpg", "samples/CAM_FRONT_RIGHT/n008-2018-09-18-14-54-39-0400__CAM_FRONT_RIGHT__1537297028270482.jpg", "samples/CAM_BACK_LEFT/n008-2018-09-18-14-54-39-0400__CAM_BACK_LEFT__1537297028297405.jpg", "samples/CAM_BACK/n008-2018-09-18-14-54-39-0400__CAM_BACK__1537297028287558.jpg", "samples/CAM_BACK_RIGHT/n008-2018-09-18-14-54-39-0400__CAM_BACK_RIGHT__1537297028278113.jpg"], "intrinsics": [[[1257.8625342125129, 0.0, 827.2410631095686], [0.0, 1257.8625342125129, 450.915498205774], [0.0, 0.0, 1.0]], [[1252.8131021185304, 0.0, 826.588114781398], [0.0, 1252.8131021185304, 469.9846626224581], [0.0, 0.0, 1.0]], [[1256.7485116440405, 0.0, 817.7887570959712], [0.0, 1256.7485116440403, 451.9541780095127], [0.0, 0.0, 1.0]], [[1254.9860565800168, 0.0, 829.5769333630991], [0.0, 1254.9860565800168, 467.1680561863987], [0.0, 0.0, 1.0]], [[796.8910634503094, 0.0, 857.7774326863696], [0.0, 796.8910634503094, 476.8848988407415], [0.0, 0.0, 1.0]], [[1249.9629280788233, 0.0, 825.3768045375984], [0.0, 1249.9629280788233, 462.54816385708756], [0.0, 0.0, 1.0]]], "extrinsics": [[[0.8224930167198181, -0.5687718987464905, -0.001929657650180161, -0.9967041015625], [0.016377020627260208, 0.027073558419942856, -0.9994993209838867, 1.4884567260742188], [0.5685393810272217, 0.822049617767334, 0.03158260136842728, -1.32763671875], [0.0, 0.0, 0.0, 1.0]], [[0.010314310900866985, -0.9996873736381531, -0.022774605080485344, 0.005615234375], [0.018374694511294365, 0.022961454465985298, -0.9995675086975098, 1.4803237915039062], [0.9997779130935669, 0.009891360998153687, 0.018605783581733704, -1.72601318359375], [0.0, 0.0, 0.0, 1.0]], [[-0.8438026905059814, -0.5358162522315979, -0.029967857524752617, 1.0849609375], [0.026433182880282402, 0.014277174137532711, -0.999548614025116, 1.4932518005371094], [0.5360022187232971, -0.8442139029502869, 0.0021162107586860657, -1.27392578125], [0.0, 0.0, 0.0, 1.0]], [[0.9478446245193481, 0.31856027245521545, 0.0104814562946558, -1.1442489624023438], [0.0011375831672921777, 0.029503466561436653, -0.9995640516281128, 1.5620460510253906], [-0.3187306821346283, 0.9474433064460754, 0.027602313086390495, -0.1561279296875], [0.0, 0.0, 0.0, 1.0]], [[0.009095897898077965, 0.9997168183326721, 0.021989570930600166, -0.0289306640625], [0.003220977494493127, 0.021961074322462082, -0.9997535943984985, 1.5680656433105469], [-0.99995356798172, 0.009164354763925076, -0.0030203107744455338, 0.04168701171875], [0.0, 0.0, 0.0, 1.0]], [[-0.9236624240875244, 0.38314089179039, -0.0071270703338086605, 1.1561279296875], [0.007397545035928488, -0.0007674442022107542, -0.9999723434448242, 1.547849178314209], [-0.38313570618629456, -0.9236895442008972, -0.0021254420280456543, -0.0455322265625], [0.0, 0.0, 0.0, 1.0]]], "view": [[0.0, -2.0, 100.0], [-2.0, 0.0, 100.0], [0.0, 0.0, 1.0]], "bev": "bev_f286c300520341c59c38383026d6cc50.png", "aux": "aux_f286c300520341c59c38383026d6cc50.npz", "visibility": "visibility_f286c300520341c59c38383026d6cc50.png", "pose": [[0.7559394240379333, 0.6546415686607361, 0.0, 759.6216430664062], [-0.6546415686607361, 0.7559394240379333, 0.0, 1515.344970703125], [0.0, 0.0, 1.0, 0.0], [0.0, 0.0, 0.0, 1.0]], "pose_inverse": [[0.7559394240379333, -0.6546415686607361, 0.0, 417.77984619140625], [0.6546415686607361, 0.7559394240379333, 0.0, -1642.7889404296875], [0.0, 0.0, 1.0, 0.0], [0.0, 0.0, 0.0, 1.0]], "cam_ids": [0, 1, 2, 3, 4, 5], "cam_channels": ["CAM_FRONT_LEFT", "CAM_FRONT", "CAM_FRONT_RIGHT", "CAM_BACK_LEFT", "CAM_BACK", "CAM_BACK_RIGHT"], "token": "f286c300520341c59c38383026d6cc50", "scene": "scene-0872"}, {"images": ["samples/CAM_FRONT_LEFT/n008-2018-09-18-14-54-39-0400__CAM_FRONT_LEFT__1537297028654799.jpg", "samples/CAM_FRONT/n008-2018-09-18-14-54-39-0400__CAM_FRONT__1537297028662404.jpg", "samples/CAM_FRONT_RIGHT/n008-2018-09-18-14-54-39-0400__CAM_FRONT_RIGHT__1537297028670482.jpg", "samples/CAM_BACK_LEFT/n008-2018-09-18-14-54-39-0400__CAM_BACK_LEFT__1537297028697411.jpg", "samples/CAM_BACK/n008-2018-09-18-14-54-39-0400__CAM_BACK__1537297028687558.jpg", "samples/CAM_BACK_RIGHT/n008-2018-09-18-14-54-39-0400__CAM_BACK_RIGHT__1537297028678113.jpg"], "intrinsics": [[[1257.8625342125129, 0.0, 827.2410631095686], [0.0, 1257.8625342125129, 450.915498205774], [0.0, 0.0, 1.0]], [[1252.8131021185304, 0.0, 826.588114781398], [0.0, 1252.8131021185304, 469.9846626224581], [0.0, 0.0, 1.0]], [[1256.7485116440405, 0.0, 817.7887570959712], [0.0, 1256.7485116440403, 451.9541780095127], [0.0, 0.0, 1.0]], [[1254.9860565800168, 0.0, 829.5769333630991], [0.0, 1254.9860565800168, 467.1680561863987], [0.0, 0.0, 1.0]], [[796.8910634503094, 0.0, 857.7774326863696], [0.0, 796.8910634503094, 476.8848988407415], [0.0, 0.0, 1.0]], [[1249.9629280788233, 0.0, 825.3768045375984], [0.0, 1249.9629280788233, 462.54816385708756], [0.0, 0.0, 1.0]]], "extrinsics": [[[0.8225007653236389, -0.5687629580497742, -0.0011557438410818577, -0.9661865234375], [0.017625238746404648, 0.027519196271896362, -0.9994658827781677, 1.4891204833984375], [0.5684909224510193, 0.8220410346984863, 0.0326591432094574, -1.306640625], [0.0, 0.0, 0.0, 1.0]], [[0.010351319797337055, -0.9996772408485413, -0.023198392242193222, 0.005859375], [0.019574079662561417, 0.023397764191031456, -0.9995346069335938, 1.4809341430664062], [0.999754786491394, 0.009892451576888561, 0.019809961318969727, -1.6951904296875], [0.0, 0.0, 0.0, 1.0]], [[-0.8437642455101013, -0.5358087420463562, -0.0311580803245306, 1.06439208984375], [0.02757488191127777, 0.01469957921653986, -0.9995116591453552, 1.493931770324707], [0.5360051393508911, -0.8442114591598511, 0.002371883951127529, -1.260986328125], [0.0, 0.0, 0.0, 1.0]], [[0.9478389620780945, 0.3185400068759918, 0.011556146666407585, -1.140899658203125], [0.002163924742490053, 0.029823333024978638, -0.999552845954895, 1.5620498657226562], [-0.31874221563339233, 0.9474401473999023, 0.02757842093706131, -0.1571044921875], [0.0, 0.0, 0.0, 1.0]], [[0.009076951071619987, 0.9997089505195618, 0.02235305868089199, -0.0286865234375], [0.004305253736674786, 0.022314701229333878, -0.9997417330741882, 1.568115234375], [-0.99