[{"images": ["samples/CAM_FRONT_LEFT/n008-2018-08-30-15-52-26-0400__CAM_FRONT_LEFT__1535659307004799.jpg", "samples/CAM_FRONT/n008-2018-08-30-15-52-26-0400__CAM_FRONT__1535659307012404.jpg", "samples/CAM_FRONT_RIGHT/n008-2018-08-30-15-52-26-0400__CAM_FRONT_RIGHT__1535659307020482.jpg", "samples/CAM_BACK_LEFT/n008-2018-08-30-15-52-26-0400__CAM_BACK_LEFT__1535659307047405.jpg", "samples/CAM_BACK/n008-2018-08-30-15-52-26-0400__CAM_BACK__1535659307037882.jpg", "samples/CAM_BACK_RIGHT/n008-2018-08-30-15-52-26-0400__CAM_BACK_RIGHT__1535659307028113.jpg"], "intrinsics": [[[1257.8625342125129, 0.0, 827.2410631095686], [0.0, 1257.8625342125129, 450.915498205774], [0.0, 0.0, 1.0]], [[1252.8131021185304, 0.0, 826.588114781398], [0.0, 1252.8131021185304, 469.9846626224581], [0.0, 0.0, 1.0]], [[1256.7485116440405, 0.0, 817.7887570959712], [0.0, 1256.7485116440403, 451.9541780095127], [0.0, 0.0, 1.0]], [[1254.9860565800168, 0.0, 829.5769333630991], [0.0, 1254.9860565800168, 467.1680561863987], [0.0, 0.0, 1.0]], [[796.8910634503094, 0.0, 857.7774326863696], [0.0, 796.8910634503094, 476.8848988407415], [0.0, 0.0, 1.0]], [[1249.9629280788233, 0.0, 825.3768045375984], [0.0, 1249.9629280788233, 462.54816385708756], [0.0, 0.0, 1.0]]], "extrinsics": [[[0.8227554559707642, -0.5683942437171936, -0.0011834566248580813, -0.80694580078125], [0.007340643089264631, 0.012707521207630634, -0.9998922944068909, 1.4900884628295898], [0.5683481693267822, 0.822658121585846, 0.014627561904489994, -1.1947021484375], [0.0, 0.0, 0.0, 1.0]], [[0.010571220889687538, -0.9999057650566101, -0.008753850124776363, 0.00603485107421875], [0.00907515175640583, 0.00884991604834795, -0.9999197125434875, 1.4819931983947754], [0.9999029636383057, 0.01049093808978796, 0.009167851880192757, -1.53472900390625], [0.0, 0.0, 0.0, 1.0]], [[-0.8438445925712585, -0.5363927483558655, -0.014464162290096283, 0.9586181640625], [0.01686335727572441, 0.00043261342216283083, -0.9998576641082764, 1.4956941604614258], [0.5363226532936096, -0.843968391418457, 0.008680323138833046, -1.19537353515625], [0.0, 0.0, 0.0, 1.0]], [[0.9478767514228821, 0.31861746311187744, -0.0035577858798205853, -1.137451171875], [-0.00928945280611515, 0.01647149585187435, -0.9998211860656738, 1.5619792938232422], [-0.31850188970565796, 0.9477402567863464, 0.01857272908091545, -0.15826416015625], [0.0, 0.0, 0.0, 1.0]], [[0.00912268552929163, 0.9999213814735413, 0.008602109737694263, -0.027713775634765625], [-0.006838188041001558, 0.008664650842547417, -0.9999390244483948, 1.567659854888916], [-0.9999350309371948, 0.009063228033483028, 0.006916694343090057, -0.01507568359375], [0.0, 0.0, 0.0, 1.0]], [[-0.9238032698631287, 0.38285353779792786, -0.0032770358957350254, 1.05633544921875], [-0.0024129359517246485, -0.014380869455635548, -0.9998936653137207, 1.5475229024887085], [-0.3828599154949188, -0.9236971735954285, 0.014208894222974777, -0.088134765625], [0.0, 0.0, 0.0, 1.0]]], "view": [[0.0, -2.0, 100.0], [-2.0, 0.0, 100.0], [0.0, 0.0, 1.0]], "bev": "bev_bd3d9b10242d42108adc092e8fbf674f.png", "aux": "aux_bd3d9b10242d42108adc092e8fbf674f.npz", "visibility": "visibility_bd3d9b10242d42108adc092e8fbf674f.png", "pose": [[0.36549654603004456, -0.9308127164840698, 0.0, 363.8812255859375], [0.9308127164840698, 0.36549654603004456, 0.0, 785.5814819335938], [0.0, 0.0, 1.0, 0.0], [0.0, 0.0, 0.0, 1.0]], "pose_inverse": [[0.36549654603004456, 0.9308127164840698, 0.0, -864.2265625], [-0.9308127164840698, 0.36549654603004456, 0.0, 51.57794952392578], [0.0, 0.0, 1.0, 0.0], [0.0, 0.0, 0.0, 1.0]], "cam_ids": [0, 1, 2, 3, 4, 5], "cam_channels": ["CAM_FRONT_LEFT", "CAM_FRONT", "CAM_FRONT_RIGHT", "CAM_BACK_LEFT", "CAM_BACK", "CAM_BACK_RIGHT"], "token": "bd3d9b10242d42108adc092e8fbf674f", "scene": "scene-0538"}, {"images": ["samples/CAM_FRONT_LEFT/n008-2018-08-30-15-52-26-0400__CAM_FRONT_LEFT__1535659307504799.jpg", "samples/CAM_FRONT/n008-2018-08-30-15-52-26-0400__CAM_FRONT__1535659307512404.jpg", "samples/CAM_FRONT_RIGHT/n008-2018-08-30-15-52-26-0400__CAM_FRONT_RIGHT__1535659307520482.jpg", "samples/CAM_BACK_LEFT/n008-2018-08-30-15-52-26-0400__CAM_BACK_LEFT__1535659307547405.jpg", "samples/CAM_BACK/n008-2018-08-30-15-52-26-0400__CAM_BACK__1535659307537558.jpg", "samples/CAM_BACK_RIGHT/n008-2018-08-30-15-52-26-0400__CAM_BACK_RIGHT__1535659307528113.jpg"], "intrinsics": [[[1257.8625342125129, 0.0, 827.2410631095686], [0.0, 1257.8625342125129, 450.915498205774], [0.0, 0.0, 1.0]], [[1252.8131021185304, 0.0, 826.588114781398], [0.0, 1252.8131021185304, 469.9846626224581], [0.0, 0.0, 1.0]], [[1256.7485116440405, 0.0, 817.7887570959712], [0.0, 1256.7485116440403, 451.9541780095127], [0.0, 0.0, 1.0]], [[1254.9860565800168, 0.0, 829.5769333630991], [0.0, 1254.9860565800168, 467.1680561863987], [0.0, 0.0, 1.0]], [[796.8910634503094, 0.0, 857.7774326863696], [0.0, 796.8910634503094, 476.8848988407415], [0.0, 0.0, 1.0]], [[1249.9629280788233, 0.0, 825.3768045375984], [0.0, 1249.9629280788233, 462.54816385708756], [0.0, 0.0, 1.0]]], "extrinsics": [[[0.8230274319648743, -0.5679818391799927, -0.004748138599097729, -0.79022216796875], [0.003182583022862673, 0.012970606796443462, -0.999910831451416, 1.4891374111175537], [0.5679927468299866, 0.822938859462738, 0.012482812628149986, -1.184173583984375], [0.0, 0.0, 0.0, 1.0]], [[0.011011485010385513, -0.999898374080658, -0.009059458039700985, 0.007236480712890625], [0.0051951659843325615, 0.009117092937231064, -0.9999449253082275, 1.4812922477722168], [0.9999258518218994, 0.010963798500597477, 0.005295030772686005, -1.51873779296875], [0.0, 0.0, 0.0, 1.0]], [[-0.8436511158943176, -0.5367669463157654, -0.01158465351909399, 0.94891357421875], [0.013280769810080528, 0.0007066300604492426, -0.9999115467071533, 1.4953012466430664], [0.5367276668548584, -0.8437303304672241, 0.006532527972012758, -1.187835693359375], [0.0, 0.0, 0.0, 1.0]], [[0.9478535056114197, 0.31864917278289795, -0.006042439956218004, -1.13739013671875], [-0.012255649082362652, 0.017497293651103973, -0.999771773815155, 1.5619583129882812], [-0.3184707462787628, 0.947711169719696, 0.020490122959017754, -0.15826416015625], [0.0, 0.0, 0.0, 1.0]], [[0.008964435197412968, 0.9999184608459473, 0.00908973254263401, -0.028186798095703125], [-0.009946982376277447, 0.00917881727218628, -0.9999083876609802, 1.5674076080322266], [-0.9999104142189026, 0.008873199112713337, 0.010028454475104809, -0.0213623046875], [0.0, 0.0, 0.0, 1.0]], [[-0.9239407181739807, 0.3825357258319855, -4.844485010835342e-05, 1.04791259765625], [-0.005767472088336945, -0.014056836254894733, -0.9998846054077148, 1.5471062660217285], [-0.38249221444129944, -0.9238337874412537, 0.015193947590887547, -0.09051513671875], [0.0, 0.0, 0.0, 1.0]]], "view": [[0.0, -2.0, 100.0], [-2.0, 0.0, 100.0], [0.0, 0.0, 1.0]], "bev": "bev_099cd045137f4c7583a05dc5905466d6.png", "aux": "aux_099cd045137f4c7583a05dc5905466d6.npz", "visibility": "visibility_099cd045137f4c7583a05dc5905466d6.png", "pose": [[0.3724837601184845, -0.9280387163162231, 0.0, 364.94140625], [0.9280387163162231, 0.3724837601184845, 0.0, 788.2686767578125], [0.0, 0.0, 1.0, 0.0], [0.0, 0.0, 0.0, 1.0]], "pose_inverse": [[0.3724837601184845, 0.9280387163162231, 0.0, -867.4785766601562], [-0.9280387163162231, 0.3724837601184845, 0.0, 45.062477111816406], [0.0, 0.0, 1.0, 0.0], [0.0, 0.0, 0.0, 1.0]], "cam_ids": [0, 1, 2, 3, 4, 5], "cam_channels": ["CAM_FRONT_LEFT", "CAM_FRONT", "CAM_FRONT_RIGHT", "CAM_BACK_LEFT", "CAM_BACK", "CAM_BACK_RIGHT"], "token": "099cd045137f4c7583a05dc5905466d6", "scene": "scene-0538"}, {"images": ["samples/CAM_FRONT_LEFT/n008-2018-08-30-15-52-26-0400__CAM_FRONT_LEFT__1535659308004799.jpg", "samples/CAM_FRONT/n008-2018-08-30-15-52-26-0400__CAM_FRONT__1535659308012404.jpg", "samples/CAM_FRONT_RIGHT/n008-2018-08-30-15-52-26-0400__CAM_FRONT_RIGHT__1535659308020482.jpg", "samples/CAM_BACK_LEFT/n008-2018-08-30-15-52-26-0400__CAM_BACK_LEFT__1535659308047405.jpg", "samples/CAM_BACK/n008-2018-08-30-15-52-26-0400__CAM_BACK__1535659308037558.jpg", "samples/CAM_BACK_RIGHT/n008-2018-08-30-15-52-26-0400__CAM_BACK_RIGHT__1535659308028113.jpg"], "intrinsics": [[[1257.8625342125129, 0.0, 827.2410631095686], [0.0, 1257.8625342125129, 450.915498205774], [0.0, 0.0, 1.0]], [[1252.8131021185304, 0.0, 826.588114781398], [0.0, 1252.8131021185304, 469.9846626224581], [0.0, 0.0, 1.0]], [[1256.7485116440405, 0.0, 817.7887570959712], [0.0, 1256.7485116440403, 451.9541780095127], [0.0, 0.0, 1.0]], [[1254.9860565800168, 0.0, 829.5769333630991], [0.0, 1254.9860565800168, 467.1680561863987], [0.0, 0.0, 1.0]], [[796.8910634503094, 0.0, 857.7774326863696], [0.0, 796.8910634503094, 476.8848988407415], [0.0, 0.0, 1.0]], [[1249.9629280788233, 0.0, 825.3768045375984], [0.0, 1249.9629280788233, 462.54816385708756], [0.0, 0.0, 1.0]]], "extrinsics": [[[0.8236917853355408, -0.5670368671417236, -0.0010620685061439872, -0.79840087890625], [0.009564469568431377, 0.015766285359859467, -0.9998299479484558, 1.4906859397888184], [0.5669570565223694, 0.8235415816307068, 0.018409963697195053, -1.191619873046875], [0.0, 0.0, 0.0, 1.0]], [[0.011950797401368618, -0.9998658299446106, -0.011202984489500523, 0.008148193359375], [0.012061470188200474, 0.01134711503982544, -0.9998628497123718, 1.4826650619506836], [0.9998558163642883, 0.011814052239060402, 0.012195458635687828, -1.52728271484375], [0.0, 0.0, 0.0, 1.0]], [[-0.8432253003120422, -0.5372355580329895, -0.018681557849049568, 0.95452880859375], [0.020660797134041786, 0.0023375453893095255, -0.9997838139533997, 1.496408462524414], [0.5371630787849426, -0.8434289693832397, 0.009128637611865997, -1.19061279296875], [0.0, 0.0, 0.0, 1.0]], [[0.9478664398193359, 0.31865453720092773, 0.0029056784696877003, -1.1383056640625], [-0.0026671953964978456, 0.017051035538315773, -0.9998510479927063, 1.562027931213379], [-0.31865668296813965, 0.947717547416687, 0.017012018710374832, -0.157928466796875], [0.0, 0.0, 0.0, 1.0]], [[0.008670838549733162, 0.999915599822998, 0.009675949811935425, -0.02846527099609375], [-0.0012725694105029106, 0.009687339887022972, -0.9999521970748901, 1.5679802894592285], [-0.9999615550041199, 0.00865812785923481, 0.0013564593391492963, -0.0185546875], [0.0, 0.0, 0.0, 1.0]], [[-0.9240654110908508, 0.382168710231781, -0.007080545648932457, 1.05194091796875], [0.0023141526617109776, -0.012930170632898808, -0.99991375207901, 1.5480868816375732], [-0.38222724199295044, -0.9240021109580994, 0.011063928715884686, -0.08843994140625], [0.0, 0.0, 0.0, 1.0]]], "view": [[0.0, -2.0, 100.0], [-2.0, 0.0, 100.0], [0.0, 0.0, 1.0]], "bev": "bev_fa15baf6b81d42ddba1659787b6a1d9f.png", "aux": "aux_fa15baf6b81d42ddba1659787b6a1d9f.npz", "visibility": "visibility_fa15baf6b81d42ddba1659787b6a1d9f.png", "pose": [[0.39321479201316833, -0.9194466471672058, 0.0, 366.0477294921875], [0.9194466471672058, 0.39321479201316833, 0.0, 790.9557495117188], [0.0, 0.0, 1.0, 0.0], [0.0, 0.0, 0.0, 1.0]], "pose_inverse": [[0.39321479201316833, 0.9194466471672058, 0.0, -871.177001953125], [-0.9194466471672058, 0.39321479201316833, 0.0, 25.545856475830078], [0.0, 0.0, 1.0, 0.0], [0.0, 0.0, 0.0, 1.0]], "cam_ids": [0, 1, 2, 3, 4, 5], "cam_channels": ["CAM_FRONT_LEFT", "CAM_FRONT", "CAM_FRONT_RIGHT", "CAM_BACK_LEFT", "CAM_BACK", "CAM_BACK_RIGHT"], "token": "fa15baf6b81d42ddba1659787b6a1d9f", "scene": "scene-0538"}, {"images": ["samples/CAM_FRONT_LEFT/n008-2018-08-30-15-52-26-0400__CAM_FRONT_LEFT__1535659308504799.jpg", "samples/CAM_FRONT/n008-2018-08-30-15-52-26-0400__CAM_FRONT__1535659308512404.jpg", "samples/CAM_FRONT_RIGHT/n008-2018-08-30-15-52-26-0400__CAM_FRONT_RIGHT__1535659308520482.jpg", "samples/CAM_BACK_LEFT/n008-2018-08-30-15-52-26-0400__CAM_BACK_LEFT__1535659308547405.jpg", "samples/CAM_BACK/n008-2018-08-30-15-52-26-0400__CAM_BACK__1535659308537558.jpg", "samples/CAM_BACK_RIGHT/n008-2018-08-30-15-52-26-0400__CAM_BACK_RIGHT__1535659308528113.jpg"], "intrinsics": [[[1257.8625342125129, 0.0, 827.2410631095686], [0.0, 1257.8625342125129, 450.915498205774], [0.0, 0.0, 1.0]], [[1252.8131021185304, 0.0, 826.588114781398], [0.0, 1252.8131021185304, 469.9846626224581], [0.0, 0.0, 1.0]], [[1256.7485116440405, 0.0, 817.7887570959712], [0.0, 1256.7485116440403, 451.9541780095127], [0.0, 0.0, 1.0]], [[1254.9860565800168, 0.0, 829.5769333630991], [0.0, 1254.9860565800168, 467.1680561863987], [0.0, 0.0, 1.0]], [[796.8910634503094, 0.0, 857.7774326863696], [0.0, 796.8910634503094, 476.8848988407415], [0.0, 0.0, 1.0]], [[1249.9629280788233, 0.0, 825.3768045375984], [0.0, 1249.9629280788233, 462.54816385708756], [0.0, 0.0, 1.0]]], "extrinsics": [[[0.8239061236381531, -0.5667125582695007, -0.003953350707888603, -0.80096435546875], [0.007775316946208477, 0.018278583884239197, -0.9998027086257935, 1.4902167320251465], [0.5666729211807251, 0.8237127661705017, 0.019466204568743706, -1.1932373046875], [0.0, 0.0, 0.0, 1.0]], [[0.012253209948539734, -0.9998287558555603, -0.013866842724382877, 0.008032798767089844], [0.009707891382277012, 0.013986179605126381, -0.999855101108551, 1.4821500778198242], [0.9998777508735657, 0.012116795405745506, 0.009877605363726616, -1.530029296875], [0.0, 0.0, 0.0, 1.0]], [[-0.8431315422058105, -0.5374165773391724, -0.01768149435520172, 0.95660400390625], [0.01770869642496109, 0.005112846381962299, -0.9998301267623901, 1.4958887100219727], [0.5374156832695007, -0.8433014154434204, 0.0052061439491808414, -1.191925048828125], [0.0, 0.0, 0.0, 1.0]], [[0.9478633403778076, 0.3186752498149872, -0.0010684584267437458, -1.1387939453125], [-0.007797816302627325, 0.019841667264699936, -0.9997727274894714, 1.562002182006836], [-0.31858164072036743, 0.9476562142372131, 0.02129215933382511, -0.15777587890625], [0.0, 0.0, 0.0, 1.0]], [[0.00860515981912613, 0.999885618686676, 0.012437298893928528, -0.02839183807373047], [-0.005760591477155685, 0.012487121857702732, -0.9999054074287415, 1.567704677581787], [-0.9999464154243469, 0.00853270385414362, 0.005867385771125555, -0.01739501953125], [0.0, 0.0, 0.0, 1.0]], [[-0.9241625070571899, 0.3819913864135742, -0.0025041536428034306, 1.0535888671875], [-0.0014689624076709151, -0.010109086520969868, -0.9999477863311768, 1.547644019126892], [-0.3819967210292816, -0.9241105914115906, 0.009903568774461746, -0.0877685546875], [0.0, 0.0, 0.0, 1.0]]], "view": [[0.0, -2.0, 100.0], [-2.0, 0.0, 100.0], [0.0, 0.0, 1.0]], "bev": "bev_0b77e644b0624d429ad21699dadc0b52.png", "aux": "aux_0b77e644b0624d429ad21699dadc0b52.npz", "visibility": "visibility_0b77e644b0624d429ad21699dadc0b52.png", "pose": [[0.41919612884521484, -0.9078956842422485, 0.0, 367.2137451171875], [0.9078956842422485, 0.41919612884521484, 0.0, 793.5729370117188], [0.0, 0.0, 1.0, 0.0], [0.0, 0.0, 0.0, 1.0]], "pose_inverse": [[0.41919612884521484, 0.9078956842422485, 0.0, -874.416015625], [-0.9078956842422485, 0.41919612884521484, 0.0, 0.729087233543396], [0.0, 0.0, 1.0, 0.0], [0.0, 0.0, 0.0, 1.0]], "cam_ids": [0, 1, 2, 3, 4, 5], "cam_channels": ["CAM_FRONT_LEFT", "CAM_FRONT", "CAM_FRONT_RIGHT", "CAM_BACK_LEFT", "CAM_BACK", "CAM_BACK_RIGHT"], "token": "0b77e644b0624d429ad21699dadc0b52", "scene": "scene-0538"}, {"images": ["samples/CAM_FRONT_LEFT/n008-2018-08-30-15-52-26-0400__CAM_FRONT_LEFT__1535659309004799.jpg", "samples/CAM_FRONT/n008-2018-08-30-15-52-26-0400__CAM_FRONT__1535659309012404.jpg", "samples/CAM_FRONT_RIGHT/n008-2018-08-30-15-52-26-0400__CAM_FRONT_RIGHT__1535659309020482.jpg", "samples/CAM_BACK_LEFT/n008-2018-08-30-15-52-26-0400__CAM_BACK_LEFT__1535659309047405.jpg", "samples/CAM_BACK/n008-2018-08-30-15-52-26-0400__CAM_BACK__1535659309037558.jpg", "samples/CAM_BACK_RIGHT/n008-2018-08-30-15-52-26-0400__CAM_BACK_RIGHT__1535659309028113.jpg"], "intrinsics": [[[1257.8625342125129, 0.0, 827.2410631095686], [0.0, 1257.8625342125129, 450.915498205774], [0.0, 0.0, 1.0]], [[1252.8131021185304, 0.0, 826.588114781398], [0.0, 1252.8131021185304, 469.9846626224581], [0.0, 0.0, 1.0]], [[1256.7485116440405, 0.0, 817.7887570959712], [0.0, 1256.7485116440403, 451.9541780095127], [0.0, 0.0, 1.0]], [[1254.9860565800168, 0.0, 829.5769333630991], [0.0, 1254.9860565800168, 467.1680561863987], [0.0, 0.0, 1.0]], [[796.8910634503094, 0.0, 857.7774326863696], [0.0, 796.8910634503094, 476.8848988407415], [0.0, 0.0, 1.0]], [[1249.9629280788233, 0.0, 825.3768045375984], [0.0, 1249.9629280788233, 462.54816385708756], [0.0, 0.0, 1.0]]], "extrinsics": [[[0.8232852816581726, -0.5675680637359619, -0.008236655965447426, -0.81610107421875], [0.006678965874016285, 0.02419578656554222, -0.9996849298477173, 1.4898204803466797], [0.5675885677337646, 0.8229709267616272, 0.02371080219745636, -1.203338623046875], [0.0, 0.0, 0.0, 1.0]], [[0.011352990753948689, -0.9997376203536987, -0.019891412928700447, 0.007831335067749023], [0.008641289547085762, 0.019990043714642525, -0.9997628927230835, 1.4817862510681152], [0.9998982548713684, 0.011178438551723957, 0.008865971118211746, -1.54632568359375], [0.0, 0.0, 0.0, 1.0]], [[-0.843510627746582, -0.5367369651794434, -0.020082002505660057, 0.96856689453125], [0.016672803089022636, 0.01120523177087307, -0.9997981786727905, 1.4954843521118164], [0.5368536710739136, -0.8436751961708069, -0.0005028233863413334, -1.19940185546875], [0.0, 0.0, 0.0, 1.0]], [[0.9478642344474792, 0.3186745345592499, -3.406088217161596e-05, -1.14013671875], [-0.00885138288140297, 0.026220673695206642, -0.9996169805526733, 1.5620079040527344], [-0.31855159997940063, 0.9475014209747314, 0.027674349024891853, -0.1573486328125], [0.0, 0.0, 0.0, 1.0]], [[0.008871347643435001, 0.9997867345809937, 0.018649833276867867, -0.028570175170898438], [-0.006687316577881575, 0.018709467723965645, -0.9998025894165039, 1.56768798828125], [-0.9999383091926575, 0.008744899183511734, 0.006851868703961372, -0.01104736328125], [0.0, 0.0, 0.0, 1.0]], [[-0.9239799976348877, 0.3824400305747986, 0.0007441976922564209, 1.063720703125], [-0.0024370395112782717, -0.003942020703107119, -0.9999892711639404, 1.547558069229126], [-0.3824329674243927, -0.923971951007843, 0.004574369173496962, -0.083465576171875], [0.0, 0.0, 0.0, 1.0]]], "view": [[0.0, -2.0, 100.0], [-2.0, 0.0, 100.0], [0.0, 0.0, 1.0]], "bev": "bev_939c493bb0784f37b9ddb8feea431a0d.png", "aux": "aux_939c493bb0784f37b9ddb8feea431a0d.npz", "visibility": "visibility_939c493bb0784f37b9ddb8feea431a0d.png", "pose": [[0.43319469690322876, -0.9013003706932068, 0.0, 368.4021301269531], [0.9013003706932068, 0.43319469690322876, 0.0, 796.08642578125], [0.0, 0.0, 1.0, 0.0], [0.0, 0.0, 0.0, 1.0]], "pose_inverse": [[0.43319469690322876, 0.9013003706932068, 0.0, -877.1028442382812], [-0.9013003706932068, 0.43319469690322876, 0.0, -12.819442749023438], [0.0, 0.0, 1.0, 0.0], [0.0, 0.0, 0.0, 1.0]], "cam_ids": [0, 1, 2, 3, 4, 5], "cam_channels": ["CAM_FRONT_LEFT", "CAM_FRONT", "CAM_FRONT_RIGHT", "CAM_BACK_LEFT", "CAM_BACK", "CAM_BACK_RIGHT"], "token": "939c493bb0784f37b9ddb8feea431a0d", "scene": "scene-0538"}, {"images": ["samples/CAM_FRONT_LEFT/n008-2018-08-30-15-52-26-0400__CAM_FRONT_LEFT__1535659309504799.jpg", "samples/CAM_FRONT/n008-2018-08-30-15-52-26-0400__CAM_FRONT__1535659309512404.jpg", "samples/CAM_FRONT_RIGHT/n008-2018-08-30-15-52-26-0400__CAM_FRONT_RIGHT__1535659309520482.jpg", "samples/CAM_BACK_LEFT/n008-2018-08-30-15-52-26-0400__CAM_BACK_LEFT__1535659309547405.jpg", "samples/CAM_BACK/n008-2018-08-30-15-52-26-0400__CAM_BACK__1535659309537558.jpg", "samples/CAM_BACK_RIGHT/n008-2018-08-30-15-52-26-0400__CAM_BACK_RIGHT__1535659309528113.jpg"], "intrinsics": [[[1257.8625342125129, 0.0, 827.2410631095686], [0.0, 1257.8625342125129, 450.915498205774], [0.0, 0.0, 1.0]], [[1252.8131021185304, 0.0, 826.588114781398], [0.0, 1252.8131021185304, 469.9846626224581], [0.0, 0.0, 1.0]], [[1256.7485116440405, 0.0, 817.7887570959712], [0.0, 1256.7485116440403, 451.9541780095127], [0.0, 0.0, 1.0]], [[1254.9860565800168, 0.0, 829.5769333630991], [0.0, 1254.9860565800168, 467.1680561863987], [0.0, 0.0, 1.0]], [[796.8910634503094, 0.0, 857.7774326863696], [0.0, 796.8910634503094, 476.8848988407415], [0.0, 0.0, 1.0]], [[1249.9629280788233, 0.0, 825.3768045375984], [0.0, 1249.9629280788233, 462.54816385708756], [0.0, 0.0, 1.0]]], "extrinsics": [[[0.8230714797973633, -0.56790691614151, -0.005930409301072359, -0.8104248046875], [0.007820582948625088, 0.021774204447865486, -0.9997323155403137, 1.4901366233825684], [0.5678840279579163, 0.8228047490119934, 0.0223630890250206, -1.19940185546875], [0.0, 0.0, 0.0, 1.0]], [[0.011020245961844921, -0.9997870326042175, -0.01744239777326584, 0.007701873779296875], [0.009847751818597317, 0.017551124095916748, -0.999797523021698, 1.4820747375488281], [0.9998907446861267, 0.010846251621842384, 0.010039073415100574, -1.54046630859375], [0.0, 0.0, 0.0, 1.0]], [[-0.8436555862426758, -0.5365180969238281, -0.019837599247694016, 0.9644775390625], [0.017947029322385788, 0.008746271952986717, -0.9998006820678711, 1.4957561492919922], [0.5365846753120422, -0.8438434600830078, 0.0022500648628920317, -1.197235107421875], [0.0, 0.0, 0.0, 1.0]], [[0.9478705525398254, 0.31865495443344116, 0.0006162365316413343, -1.1380615234375], [-0.0073057436384260654, 0.0236649326980114, -0.9996932744979858, 1.5619969367980957], [-0.3185718059539795, 0.9475753307342529, 0.024759305641055107, -0.158050537109375], [0.0, 0.0, 0.0, 1.0]], [[0.008975946344435215, 0.9998294115066528, 0.016144027933478355, -0.02835845947265625], [-0.005231563933193684, 0.01619141176342964, -0.9998552203178406, 1.5677552223205566], [-0.9999460577964783, 0.008890189230442047, 0.005376005079597235, -0.01422119140625], [0.0, 0.0, 0.0, 1.0]], [[-0.9238861799240112, 0.38266444206237793, -0.0014849569415673614, 1.06036376953125], [-0.001054199761711061, -0.00642570061609149, -0.99997878074646, 1.547697901725769], [-0.382665753364563, -0.9238650798797607, 0.006340020801872015, -0.08526611328125], [0.0, 0.0, 0.0, 1.0]]], "view": [[0.0, -2.0, 100.0], [-2.0, 0.0, 100.0], [0.0, 0.0, 1.0]], "bev": "bev_99e717ab10844af687aa106ffb3e88b8.png", "aux": "aux_99e717ab10844af687aa106ffb3e88b8.npz", "visibility": "visibility_99e717ab10844af687aa106ffb3e88b8.png", "pose": [[0.4411582946777344, -0.8974292874336243, 0.0, 369.612548828125], [0.8974292874336243, 0.4411582946777344, 0.0, 798.5796508789062], [0.0, 0.0, 1.0, 0.0], [0.0, 0.0, 0.0, 1.0]], "pose_inverse": [[0.4411582946777344, 0.8974292874336243, 0.0, -879.7264404296875], [-0.8974292874336243, 0.4411582946777344, 0.0, -20.598901748657227], [0.0, 0.0, 1.0, 0.0], [0.0, 0.0, 0.0, 1.0]], "cam_ids": [0, 1, 2, 3, 4, 5], "cam_channels": ["CAM_FRONT_LEFT", "CAM_FRONT", "CAM_FRONT_RIGHT", "CAM_BACK_LEFT", "CAM_BACK", "CAM_BACK_RIGHT"], "token": "99e717ab10844af687aa106ffb3e88b8", "scene": "scene-0538"}, {"images": ["samples/CAM_FRONT_LEFT/n008-2018-08-30-15-52-26-0400__CAM_FRONT_LEFT__1535659310004799.jpg", "samples/CAM_FRONT/n008-2018-08-30-15-52-26-0400__CAM_FRONT__1535659310012404.jpg", "samples/CAM_FRONT_RIGHT/n008-2018-08-30-15-52-26-0400__CAM_FRONT_RIGHT__1535659310020482.jpg", "samples/CAM_BACK_LEFT/n008-2018-08-30-15-52-26-0400__CAM_BACK_LEFT__1535659310047405.jpg", "samples/CAM_BACK/n008-2018-08-30-15-52-26-0400__CAM_BACK__1535659310037558.jpg", "samples/CAM_BACK_RIGHT/n008-2018-08-30-15-52-26-0400__CAM_BACK_RIGHT__1535659310028113.jpg"], "intrinsics": [[[1257.8625342125129, 0.0, 827.2410631095686], [0.0, 1257.8625342125129, 450.915498205774], [0.0, 0.0, 1.0]], [[1252.8131021185304, 0.0, 826.588114781398], [0.0, 1252.8131021185304, 469.9846626224581], [0.0, 0.0, 1.0]], [[1256.7485116440405, 0.0, 817.7887570959712], [0.0, 1256.7485116440403, 451.9541780095127], [0.0, 0.0, 1.0]], [[1254.9860565800168, 0.0, 829.5769333630991], [0.0, 1254.9860565800168, 467.1680561863987], [0.0, 0.0, 1.0]], [[796.8910634503094, 0.0, 857.7774326863696], [0.0, 796.8910634503094, 476.8848988407415], [0.0, 0.0, 1.0]], [[1249.9629280788233, 0.0, 825.3768045375984], [0.0, 1249.9629280788233, 462.54816385708756], [0.0, 0.0, 1.0]]], "extrinsics": [[[0.8222326040267944, -0.5690900087356567, -0.008373681455850601, -0.80450439453125], [0.005717194173485041, 0.022970354184508324, -0.9997197985649109, 1.4896559715270996], [0.5691229104995728, 0.8219544291496277, 0.02214057184755802, -1.196044921875], [0.0, 0.0, 0.0, 1.0]], [[0.009815738536417484, -0.9997755289077759, -0.01877644471824169, 0.008315086364746094], [0.00766671122983098, 0.01885204203426838, -0.9997928738594055, 1.481691837310791], [0.9999224543571472, 0.009669733233749866, 0.007850036956369877, -1.53326416015625], [0.0, 0.0, 0.0, 1.0]], [[-0.8441623449325562, -0.5357620716094971, -0.018682235851883888, 0.9581298828125], [0.015682494267821312, 0.010154517367482185, -0.9998254179954529, 1.4955329895019531], [0.5358582735061646, -0.8443080186843872, -0.0001699769200058654, -1.192626953125], [0.0, 0.0, 0.0, 1.0]], [[0.9478786587715149, 0.3186291456222534, -0.001241313642822206, -1.13525390625], [-0.009938507340848446, 0.025671400129795074, -0.9996210336685181, 1.5619516372680664], [-0.3184765577316284, 0.9475317597389221, 0.02750007063150406, -0.1590576171875], [0.0, 0.0, 0.0, 1.0]], [[0.009348420426249504, 0.9997966885566711, 0.01786724105477333, -0.028533935546875], [-0.0077090514823794365, 0.017939548939466476, -0.9998093247413635, 1.5675673484802246], [-0.9999266266822815, 0.009208866395056248, 0.007875190116465092, -0.0191650390625], [0.0, 0.0, 0.0, 1.0]], [[-0.9236505627632141, 0.3832334876060486, 0.0013109821593388915, 1.0538330078125], [-0.003443224588409066, -0.004877908620983362, -0.9999821782112122, 1.5474176406860352], [-0.38322022557258606, -0.923638641834259, 0.005825042258948088, -0.087432861328125], [0.0, 0.0, 0.0, 1.0]]], "view": [[0.0, -2.0, 100.0], [-2.0, 0.0, 100.0], [0.0, 0.0, 1.0]], "bev": "bev_e5b1c8737dc94d7a979b22bcf9466b23.png", "aux": "aux_e5b1c8737dc94d7a979b22bcf9466b23.npz", "visibility": "visibility_e5b1c8737dc94d7a979b22bcf9466b23.png", "pose": [[0.44057905673980713, -0.897713840007782, 0.0, 370.8471984863281], [0.897713840007782, 0.44057905673980713, 0.0, 801.0577392578125], [0.0, 0.0, 1.0, 0.0], [0.0, 0.0, 0.0, 1.0]], "pose_inverse": [[0.44057905673980713, 0.897713840007782, 0.0, -882.5081176757812], [-0.897713840007782, 0.44057905673980713, 0.0, -20.014616012573242], [0.0, 0.0, 1.0, 0.0], [0.0, 0.0, 0.0, 1.0]], "cam_ids": [0, 1, 2, 3, 4, 5], "cam_channels": ["CAM_FRONT_LEFT", "CAM_FRONT", "CAM_FRONT_RIGHT", "CAM_BACK_LEFT", "CAM_BACK", "CAM_BACK_RIGHT"], "token": "e5b1c8737dc94d7a979b22bcf9466b23", "scene": "scene-0538"}, {"images": ["samples/CAM_FRONT_LEFT/n008-2018-08-30-15-52-26-0400__CAM_FRONT_LEFT__1535659310504799.jpg", "samples/CAM_FRONT/n008-2018-08-30-15-52-26-0400__CAM_FRONT__1535659310512404.jpg", "samples/CAM_FRONT_RIGHT/n008-2018-08-30-15-52-26-0400__CAM_FRONT_RIGHT__1535659310520482.jpg", "samples/CAM_BACK_LEFT/n008-2018-08-30-15-52-26-0400__CAM_BACK_LEFT__1535659310547405.jpg", "samples/CAM_BACK/n008-2018-08-30-15-52-26-0400__CAM_BACK__1535659310537558.jpg", "samples/CAM_BACK_RIGHT/n008-2018-08-30-15-52-26-0400__CAM_BACK_RIGHT__1535659310528113.jpg"], "intrinsics": [[[1257.8625342125129, 0.0, 827.2410631095686], [0.0, 1257.8625342125129, 450.915498205774], [0.0, 0.0, 1.0]], [[1252.8131021185304, 0.0, 826.588114781398], [0.0, 1252.8131021185304, 469.9846626224581], [0.0, 0.0, 1.0]], [[1256.7485116440405, 0.0, 817.7887570959712], [0.0, 1256.7485116440403, 451.9541780095127], [0.0, 0.0, 1.0]], [[1254.9860565800168, 0.0, 829.5769333630991], [0.0, 1254.9860565800168, 467.1680561863987], [0.0, 0.0, 1.0]], [[796.8910634503094, 0.0, 857.7774326863696], [0.0, 796.8910634503094, 476.8848988407415], [0.0, 0.0, 1.0]], [[1249.9629280788233, 0.0, 825.3768045375984], [0.0, 1249.9629280788233, 462.54816385708756], [0.0, 0.0, 1.0]]], "extrinsics": [[[0.8216726183891296, -0.5697532296180725, -0.015340926125645638, -0.801513671875], [0.0019132607849314809, 0.02967287227511406, -0.9995577931404114, 1.48874032497406], [0.5699565410614014, 0.8212800025939941, 0.02547147311270237, -1.193267822265625], [0.0, 0.0, 0.0, 1.0]], [[0.008995299227535725, -0.9996300935745239, -0.025668246671557426, 0.007990270853042603], [0.003818881930783391, 0.025703439489006996, -0.9996623396873474, 1.4809350967407227], [0.9999523162841797, 0.008894240483641624, 0.00404867809265852, -1.52801513671875], [0.0, 0.0, 0.0, 1.0]], [[-0.8445334434509277, -0.535160481929779, -0.01914285682141781, 0.95269775390625], [0.011787129566073418, 0.017161361873149872, -0.9997832179069519, 1.4949913024902344], [0.5353730916976929, -0.8445760607719421, -0.008185338228940964, -1.189300537109375], [0.0, 0.0, 0.0, 1.0]], [[0.9478873610496521, 0.31859657168388367, -0.0024218978360295296, -1.1287841796875], [-0.013605068437755108, 0.03288079425692558, -0.9993666410446167, 1.5618219375610352], [-0.31831517815589905, 0.9473198652267456, 0.035501815378665924, -0.161285400390625], [0.0, 0.0, 0.0, 1.0]], [[0.009659099392592907, 0.999640166759491, 0.02502649463713169, -0.028474807739257812], [-0.011433198116719723, 0.02513642981648445, -0.9996185898780823, 1.5672521591186523], [-0.9998880624771118, 0.00936927180737257, 0.011671878397464752, -0.02587890625], [0.0, 0.0, 0.0, 1.0]], [[-0.923478364944458, 0.38357484340667725, 0.007614027708768845, 1.04754638671875], [-0.0073084039613604546, 0.0022541924845427275, -0.9999707937240601, 1.54691743850708], [-0.3835807740688324, -0.923507034778595, 0.0007216217927634716, -0.09014892578125], [0.0, 0.0, 0.0, 1.0]]], "view": [[0.0, -2.0, 100.0], [-2.0, 0.0, 100.0], [0.0, 0.0, 1.0]], "bev": "bev_bd7ab191aa4346ddbc2b16608389d33f.png", "aux": "aux_bd7ab191aa4346ddbc2b16608389d33f.npz", "visibility": "visibility_bd7ab191aa4346ddbc2b16608389d33f.png", "pose": [[0.42874711751937866, -0.9034245610237122, 0.0, 372.01220703125], [0.9034245610237122, 0.42874711751937866, 0.0, 803.4561767578125], [0.0, 0.0, 1.0, 0.0], [0.0, 0.0, 0.0, 1.0]], "pose_inverse": [[0.42874711751937866, 0.9034245610237122, 0.0, -885.3612060546875], [-0.9034245610237122, 0.42874711751937866, 0.0, -8.394567489624023], [0.0, 0.0, 1.0, 0.0], [0.0, 0.0, 0.0, 1.0]], "cam_ids": [0, 1, 2, 3, 4, 5], "cam_channels": ["CAM_FRONT_LEFT", "CAM_FRONT", "CAM_FRONT_RIGHT", "CAM_BACK_LEFT", "CAM_BACK", "CAM_BACK_RIGHT"], "token": "bd7ab191aa4346ddbc2b16608389d33f", "scene": "scene-0538"}, {"images": ["samples/CAM_FRONT_LEFT/n008-2018-08-30-15-52-26-0400__CAM_FRONT_LEFT__1535659311005291.jpg", "samples/CAM_FRONT/n008-2018-08-30-15-52-26-0400__CAM_FRONT__1535659311012404.jpg", "samples/CAM_FRONT_RIGHT/n008-2018-08-30-15-52-26-0400__CAM_FRONT_RIGHT__1535659311020482.jpg", "samples/CAM_BACK_LEFT/n008-2018-08-30-15-52-26-0400__CAM_BACK_LEFT__1535659311047405.jpg", "samples/CAM_BACK/n008-2018-08-30-15-52-26-0400__CAM_BACK__1535659311037558.jpg", "samples/CAM_BACK_RIGHT/n008-2018-08-30-15-52-26-0400__CAM_BACK_RIGHT__1535659311028113.jpg"], "intrinsics": [[[1257.8625342125129, 0.0, 827.2410631095686], [0.0, 1257.8625342125129, 450.915498205774], [0.0, 0.0, 1.0]], [[1252.8131021185304, 0.0, 826.588114781398], [0.0, 1252.8131021185304, 469.9846626224581], [0.0, 0.0, 1.0]], [[1256.7485116440405, 0.0, 817.7887570959712], [0.0, 1256.7485116440403, 451.9541780095127], [0.0, 0.0, 1.0]], [[1254.9860565800168, 0.0, 829.5769333630991], [0.0, 1254.9860565800168, 467.1680561863987], [0.0, 0.0, 1.0]], [[796.8910634503094, 0.0, 857.7774326863696], [0.0, 796.8910634503094, 476.8848988407415], [0.0, 0.0, 1.0]], [[1249.9629280788233, 0.0, 825.3768045375984], [0.0, 1249.9629280788233, 462.54816385708756], [0.0, 0.0, 1.0]]], "extrinsics": [[[0.8217551112174988, -0.5694312453269958, -0.021601594984531403, -0.83660888671875], [-0.0005818549543619156, 0.03706962242722511, -0.9993125200271606, 1.488139271736145], [0.5698405504226685, 0.8212027549743652, 0.030130824074149132, -1.2177734375], [0.0, 0.0, 0.0, 1.0]], [[0.009028146043419838, -0.9994150400161743, -0.032985735684633255, 0.007694244384765625], [0.0014249043306335807, 0.032999906688928604, -0.9994543194770813, 1.4803870916366577], [0.9999581575393677, 0.008976155892014503, 0.0017219983274117112, -1.56158447265625], [0.0, 0.0, 0.0, 1.0]], [[-0.8445878028869629, -0.5350027084350586, -0.021063650026917458, 0.97430419921875], [0.009503702633082867, 0.02435452863574028, -0.9996582269668579, 1.4943718910217285], [0.5353328585624695, -0.8444992303848267, -0.01548503153026104, -1.203277587890625], [0.0, 0.0, 0.0, 1.0]], [[0.9478722810745239, 0.3186403810977936, -0.002534508937969804, -1.1351318359375], [-0.01600952073931694, 0.03967731446027756, -0.9990842938423157, 1.561894416809082], [-0.31824809312820435, 0.9470449090003967, 0.0427103117108345, -0.15911865234375], [0.0, 0.0, 0.0, 1.0]], [[0.009730255231261253, 0.9994410276412964, 0.031983569264411926, -0.028459787368774414], [-0.013901041820645332, 0.03211718797683716, -0.9993874430656433, 1.5672664642333984], [-0.9998560547828674, 0.009279639460146427, 0.014205780811607838, -0.012451171875], [0.0, 0.0, 0.0, 1.0]], [[-0.923442542552948, 0.383533775806427, 0.012468399479985237, 1.06622314453125], [-0.00961183849722147, 0.009363695979118347, -0.9999099969863892, 1.5468273162841797], [-0.38361600041389465, -0.9234793782234192, -0.0049603721126914024, -0.0826416015625], [0.0, 0.0, 0.0, 1.0]]], "view": [[0.0, -2.0, 100.0], [-2.0, 0.0, 100.0], [0.0, 0.0, 1.0]], "bev": "bev_f1cdfbbc60fb4b33b963a6e9c27d13c9.png", "aux": "aux_f1cdfbbc60fb4b33b963a6e9c27d13c9.npz", "visibility": "visibility_f1cdfbbc60fb4b33b963a6e9c27d13c9.png", "pose": [[0.41407227516174316, -0.9102439880371094, 0.0, 373.0697937011719], [0.9102439880371094, 0.41407227516174316, 0.0, 805.71142578125], [0.0, 0.0, 1.0, 0.0], [0.0, 0.0, 0.0, 1.0]], "pose_inverse": [[0.41407227516174316, 0.9102439880371094, 0.0, -887.871826171875], [-0.9102439880371094, 0.41407227516174316, 0.0, 5.961785316467285], [0.0, 0.0, 1.0, 0.0], [0.0, 0.0, 0.0, 1.0]], "cam_ids": [0, 1, 2, 3, 4, 5], "cam_channels": ["CAM_FRONT_LEFT", "CAM_FRONT", "CAM_FRONT_RIGHT", "CAM_BACK_LEFT", "CAM_BACK", "CAM_BACK_RIGHT"], "token": "f1cdfbbc60fb4b33b963a6e9c27d13c9", "scene": "scene-0538"}, {"images": ["samples/CAM_FRONT_LEFT/n008-2018-08-30-15-52-26-0400__CAM_FRONT_LEFT__1535659311404799.jpg", "samples/CAM_FRONT/n008-2018-08-30-15-52-26-0400__CAM_FRONT__1535659311412404.jpg", "samples/CAM_FRONT_RIGHT/n008-2018-08-30-15-52-26-0400__CAM_FRONT_RIGHT__1535659311420482.jpg", "samples/CAM_BACK_LEFT/n008-2018-08-30-15-52-26-0400__CAM_BACK_LEFT__1535659311447405.jpg", "samples/CAM_BACK/n008-2018-08-30-15-52-26-0400__CAM_BACK__1535659311437558.jpg", "samples/CAM_BACK_RIGHT/n008-2018-08-30-15-52-26-0400__CAM_BACK_RIGHT__1535659311428113.jpg"], "intrinsics": [[[1257.8625342125129, 0.0, 827.2410631095686], [0.0, 1257.8625342125129, 450.915498205774], [0.0, 0.0, 1.0]], [[1252.8131021185304, 0.0, 826.588114781398], [0.0, 1252.8131021185304, 469.9846626224581], [0.0, 0.0, 1.0]], [[1256.7485116440405, 0.0, 817.7887570959712], [0.0, 1256.7485116440403, 451.9541780095127], [0.0, 0.0, 1.0]], [[1254.9860565800168, 0.0, 829.5769333630991], [0.0, 1254.9860565800168, 467.1680561863987], [0.0, 0.0, 1.0]], [[796.8910634503094, 0.0, 857.7774326863696], [0.0, 796.8910634503094, 476.8848988407415], [0.0, 0.0, 1.0]], [[1249.9629280788233, 0.0, 825.3768045375984], [0.0, 1249.9629280788233, 462.54816385708756], [0.0, 0.0, 1.0]]], "extrinsics": [[[0.8215845823287964, -0.5696384310722351, -0.022602057084441185, -0.839111328125], [0.0007200189284048975, 0.04068351909518242, -0.999171793460846, 1.4884343147277832], [0.5700861811637878, 0.8208878636360168, 0.03383510187268257, -1.218414306640625], [0.0, 0.0, 0.0, 1.0]], [[0.008748689666390419, -0.9992924928665161, -0.036577560007572174, 0.0067958831787109375], [0.0026521477848291397, 0.03660202398896217, -0.9993264079093933, 1.4806113243103027], [0.9999582171440125, 0.008645757101476192, 0.002970490837469697, -1.56671142578125], [0.0, 0.0, 0.0, 1.0]], [[-0.8447248339653015, -0.5346649289131165, -0.02394198253750801, 0.97918701171875], [0.010646384209394455, 0.027939021587371826, -0.9995529055595398, 1.4944825172424316], [0.5350947976112366, -0.8446022272109985, -0.01790854148566723, -1.20709228515625], [0.0, 0.0, 0.0, 1.0]], [[0.9478785991668701, 0.31863167881965637, -0.00015223924128804356, -1.1363525390625], [-0.014659013599157333, 0.04313094913959503, -0.998961865901947, 1.5619258880615234], [-0.31829431653022766, 0.9468967914581299, 0.04555372893810272, -0.158660888671875], [0.0, 0.0, 0.0, 1.0]], [[0.00980736967176199, 0.9993219375610352, 0.03548797592520714, -0.02825164794921875], [-0.012555171735584736, 0.03560994192957878, -0.9992868900299072, 1.5673942565917969], [-0.9998730421066284, 0.009354834444820881, 0.012895900756120682, -0.0091552734375], [0.0, 0.0, 0.0, 1.0]], [[-0.9233691096305847, 0.38370224833488464, 0.012725054286420345, 1.0711669921875], [-0.00841547455638647, 0.012908323667943478, -0.9998812675476074, 1.5469975471496582], [-0.3838210701942444, -0.9233665466308594, -0.008690111339092255, -0.081207275390625], [0.0, 0.0, 0.0, 1.0]]], "view": [[0.0, -2.0, 100.0], [-2.0, 0.0, 100.0], [0.0, 0.0, 1.0]], "bev": "bev_152d674ce2c942dea25c829402a816b7.png", "aux": "aux_152d674ce2c942dea25c829402a816b7.npz", "visibility": "visibility_152d674ce2c942dea25c829402a816b7.png", "pose": [[0.4002635180950165, -0.9164000749588013, 0.0, 373.8356018066406], [0.9164000749588013, 0.4002635180950165, 0.0, 807.4180297851562], [0.0, 0.0, 1.0, 0.0], [0.0, 0.0, 0.0, 1.0]], "pose_inverse": [[0.4002635180950165, 0.9164000749588013, 0.0, -889.5507202148438], [-0.9164000749588013, 0.4002635180950165, 0.0, 19.40298843383789], [0.0, 0.0, 1.0, 0.0], [0.0, 0.0, 0.0, 1.0]], "cam_ids": [0, 1, 2, 3, 4, 5], "cam_channels": ["CAM_FRONT_LEFT", "CAM_FRONT", "CAM_FRONT_RIGHT", "CAM_BACK_LEFT", "CAM_BACK", "CAM_BACK_RIGHT"], "token": "152d674ce2c942dea25c829402a816b7", "scene": "scene-0538"}, {"images": ["samples/CAM_FRONT_LEFT/n008-2018-08-30-15-52-26-0400__CAM_FRONT_LEFT__1535659311904799.jpg", "samples/CAM_FRONT/n008-2018-08-30-15-52-26-0400__CAM_FRONT__1535659311912404.jpg", "samples/CAM_FRONT_RIGHT/n008-2018-08-30-15-52-26-0400__CAM_FRONT_RIGHT__1535659311920482.jpg", "samples/CAM_BACK_LEFT/n008-2018-08-30-15-52-26-0400__CAM_BACK_LEFT__1535659311947405.jpg", "samples/CAM_BACK/n008-2018-08-30-15-52-26-0400__CAM_BACK__1535659311937558.jpg", "samples/CAM_BACK_RIGHT/n008-2018-08-30-15-52-26-0400__CAM_BACK_RIGHT__1535659311928113.jpg"], "intrinsics": [[[1257.8625342125129, 0.0, 827.2410631095686], [0.0, 1257.8625342125129, 450.915498205774], [0.0, 0.0, 1.0]], [[1252.8131021185304, 0.0, 826.588114781398], [0.0, 1252.8131021185304, 469.9846626224581], [0.0, 0.0, 1.0]], [[1256.7485116440405, 0.0, 817.7887570959712], [0.0, 1256.7485116440403, 451.9541780095127], [0.0, 0.0, 1.0]], [[1254.9860565800168, 0.0, 829.5769333630991], [0.0, 1254.9860565800168, 467.1680561863987], [0.0, 0.0, 1.0]], [[796.8910634503094, 0.0, 857.7774326863696], [0.0, 796.8910634503094, 476.8848988407415], [0.0, 0.0, 1.0]], [[1249.9629280788233, 0.0, 825.3768045375984], [0.0, 1249.9629280788233, 462.54816385708756], [0.0, 0.0, 1.0]]], "extrinsics": [[[0.8214460015296936, -0.5698166489601135, -0.02314138039946556, -0.8291015625], [0.0024867767933756113, 0.04415716975927353, -0.9990214705467224, 1.488753080368042], [0.570280909538269, 0.8205847144126892, 0.03768973797559738, -1.213104248046875], [0.0, 0.0, 0.0, 1.0]], [[0.008625115267932415, -0.9991614818572998, -0.04002341628074646, 0.00830841064453125], [0.004357941448688507, 0.040062084794044495, -0.999187707901001, 1.4808763265609741], [0.9999532699584961, 0.008443687111139297, 0.004699830897152424, -1.5577392578125], [0.0, 0.0, 0.0, 1.0]], [[-0.8447129726409912, -0.5345293879508972, -0.027171825990080833, 0.9742431640625], [0.01228839810937643, 0.03138502687215805, -0.9994317889213562, 1.494736671447754], [0.5350785255432129, -0.8445670008659363, -0.01994282938539982, -1.202301025390625], [0.0, 0.0, 0.0, 1.0]], [[0.9478886723518372, 0.3185923099517822, 0.002452078042551875, -1.1319580078125], [-0.013087686151266098, 0.046626582741737366, -0.9988266229629517, 1.5618715286254883], [-0.31833285093307495, 0.9467443823814392, 0.048366446048021317, -0.1602783203