[{"images": ["samples/CAM_FRONT_LEFT/n008-2018-07-27-12-07-38-0400__CAM_FRONT_LEFT__1532708317004799.jpg", "samples/CAM_FRONT/n008-2018-07-27-12-07-38-0400__CAM_FRONT__1532708317012404.jpg", "samples/CAM_FRONT_RIGHT/n008-2018-07-27-12-07-38-0400__CAM_FRONT_RIGHT__1532708317020482.jpg", "samples/CAM_BACK_LEFT/n008-2018-07-27-12-07-38-0400__CAM_BACK_LEFT__1532708317047405.jpg", "samples/CAM_BACK/n008-2018-07-27-12-07-38-0400__CAM_BACK__1532708317037558.jpg", "samples/CAM_BACK_RIGHT/n008-2018-07-27-12-07-38-0400__CAM_BACK_RIGHT__1532708317028113.jpg"], "intrinsics": [[[1257.8625342125129, 0.0, 827.2410631095686], [0.0, 1257.8625342125129, 450.915498205774], [0.0, 0.0, 1.0]], [[1252.8131021185304, 0.0, 826.588114781398], [0.0, 1252.8131021185304, 469.9846626224581], [0.0, 0.0, 1.0]], [[1256.7485116440405, 0.0, 817.7887570959712], [0.0, 1256.7485116440403, 451.9541780095127], [0.0, 0.0, 1.0]], [[1254.9860565800168, 0.0, 829.5769333630991], [0.0, 1254.9860565800168, 467.1680561863987], [0.0, 0.0, 1.0]], [[796.8910634503094, 0.0, 857.7774326863696], [0.0, 796.8910634503094, 476.8848988407415], [0.0, 0.0, 1.0]], [[1249.9629280788233, 0.0, 825.3768045375984], [0.0, 1249.9629280788233, 462.54816385708756], [0.0, 0.0, 1.0]]], "extrinsics": [[[0.8225114941596985, -0.5686101317405701, -0.0125418184325099, -1.005126953125], [0.0008714737487025559, 0.023311585187911987, -0.9997278451919556, 1.4882926940917969], [0.5687477588653564, 0.822276771068573, 0.01966957561671734, -1.3333740234375], [0.0, 0.0, 0.0, 1.0]], [[0.010190550237894058, -0.9997642040252686, -0.019177045673131943, 0.0054931640625], [0.0028253577183932066, 0.019206754863262177, -0.999811589717865, 1.4801654815673828], [0.9999439716339111, 0.010134539566934109, 0.0030204192735254765, -1.73486328125], [0.0, 0.0, 0.0, 1.0]], [[-0.8440573811531067, -0.5360485911369324, -0.014798659831285477, 1.0906982421875], [0.010846410878002644, 0.010525119490921497, -0.9998857378959656, 1.4930706024169922], [0.5361431241035461, -0.8441214561462402, -0.003069601021707058, -1.277587890625], [0.0, 0.0, 0.0, 1.0]], [[0.9478545188903809, 0.31865400075912476, -0.005595684517174959, -1.1439361572265625], [-0.014538743533194065, 0.025693602859973907, -0.9995641112327576, 1.562042236328125], [-0.31837135553359985, 0.9475226998329163, 0.028986630961298943, -0.1561279296875], [0.0, 0.0, 0.0, 1.0]], [[0.009288858622312546, 0.9997938871383667, 0.018053404986858368, -0.02880859375], [-0.012414536438882351, 0.018168093636631966, -0.9997578859329224, 1.5680618286132812], [-0.9998798370361328, 0.009062536060810089, 0.01258073840290308, 0.04425048828125], [0.0, 0.0, 0.0, 1.0]], [[-0.9237300753593445, 0.3829994201660156, 0.005852092523127794, 1.16064453125], [-0.008217042312026024, -0.004539156798273325, -0.9999558925628662, 1.5478105545043945], [-0.38295602798461914, -0.9237374067306519, 0.007340078242123127, -0.0438232421875], [0.0, 0.0, 0.0, 1.0]]], "view": [[0.0, -2.0, 100.0], [-2.0, 0.0, 100.0], [0.0, 0.0, 1.0]], "bev": "bev_e9c660194abe40daa1056758d3beab37.png", "aux": "aux_e9c660194abe40daa1056758d3beab37.npz", "visibility": "visibility_e9c660194abe40daa1056758d3beab37.png", "pose": [[-0.8466260433197021, -0.5321882367134094, 0.0, 581.8970336914062], [0.5321882367134094, -0.8466260433197021, 0.0, 1519.9927978515625], [0.0, 0.0, 1.0, 0.0], [0.0, 0.0, 0.0, 1.0]], "pose_inverse": [[-0.8466260433197021, 0.5321882367134094, 0.0, -316.27313232421875], [-0.5321882367134094, -0.8466260433197021, 0.0, 1596.5443115234375], [0.0, 0.0, 1.0, 0.0], [0.0, 0.0, 0.0, 1.0]], "cam_ids": [0, 1, 2, 3, 4, 5], "cam_channels": ["CAM_FRONT_LEFT", "CAM_FRONT", "CAM_FRONT_RIGHT", "CAM_BACK_LEFT", "CAM_BACK", "CAM_BACK_RIGHT"], "token": "e9c660194abe40daa1056758d3beab37", "scene": "scene-0232"}, {"images": ["samples/CAM_FRONT_LEFT/n008-2018-07-27-12-07-38-0400__CAM_FRONT_LEFT__1532708317504799.jpg", "samples/CAM_FRONT/n008-2018-07-27-12-07-38-0400__CAM_FRONT__1532708317512404.jpg", "samples/CAM_FRONT_RIGHT/n008-2018-07-27-12-07-38-0400__CAM_FRONT_RIGHT__1532708317520482.jpg", "samples/CAM_BACK_LEFT/n008-2018-07-27-12-07-38-0400__CAM_BACK_LEFT__1532708317547405.jpg", "samples/CAM_BACK/n008-2018-07-27-12-07-38-0400__CAM_BACK__1532708317537558.jpg", "samples/CAM_BACK_RIGHT/n008-2018-07-27-12-07-38-0400__CAM_BACK_RIGHT__1532708317528113.jpg"], "intrinsics": [[[1257.8625342125129, 0.0, 827.2410631095686], [0.0, 1257.8625342125129, 450.915498205774], [0.0, 0.0, 1.0]], [[1252.8131021185304, 0.0, 826.588114781398], [0.0, 1252.8131021185304, 469.9846626224581], [0.0, 0.0, 1.0]], [[1256.7485116440405, 0.0, 817.7887570959712], [0.0, 1256.7485116440403, 451.9541780095127], [0.0, 0.0, 1.0]], [[1254.9860565800168, 0.0, 829.5769333630991], [0.0, 1254.9860565800168, 467.1680561863987], [0.0, 0.0, 1.0]], [[796.8910634503094, 0.0, 857.7774326863696], [0.0, 796.8910634503094, 476.8848988407415], [0.0, 0.0, 1.0]], [[1249.9629280788233, 0.0, 825.3768045375984], [0.0, 1249.9629280788233, 462.54816385708756], [0.0, 0.0, 1.0]]], "extrinsics": [[[0.8225078582763672, -0.5686116218566895, -0.012715760618448257, -1.0050048828125], [0.0006516444846056402, 0.023299362510442734, -0.9997283220291138, 1.4882965087890625], [0.5687534213066101, 0.8222760558128357, 0.019534440711140633, -1.3333740234375], [0.0, 0.0, 0.0, 1.0]], [[0.010182933881878853, -0.999764621257782, -0.019155608490109444, 0.0052490234375], [0.0026042896788567305, 0.019183052703738213, -0.9998126029968262, 1.4801673889160156], [0.9999447464942932, 0.0101312892511487, 0.002799017820507288, -1.734832763671875], [0.0, 0.0, 0.0, 1.0]], [[-0.8440609574317932, -0.5360485315322876, -0.014591626822948456, 1.09063720703125], [0.010623947717249393, 0.010489234700798988, -0.99988853931427, 1.493072509765625], [0.5361418724060059, -0.844122052192688, -0.00315860309638083, -1.2774658203125], [0.0, 0.0, 0.0, 1.0]], [[0.947852373123169, 0.31865623593330383, -0.005830760113894939, -1.1439208984375], [-0.014772632159292698, 0.025651685893535614, -0.9995617866516113, 1.562042236328125], [-0.3183670938014984, 0.9475231170654297, 0.029021404683589935, -0.156005859375], [0.0, 0.0, 0.0, 1.0]], [[0.009290646761655807, 0.9997946619987488, 0.01800890453159809, -0.02880859375], [-0.012646720744669437, 0.01812572218477726, -0.9997556805610657, 1.5680656433105469], [-0.9998769760131836, 0.009060651063919067, 0.012812524102628231, 0.044219970703125], [0.0, 0.0, 0.0, 1.0]], [[-0.9237293004989624, 0.38299813866615295, 0.006041561719030142, 1.16070556640625], [-0.008438250981271267, -0.004578030668199062, -0.9999539256095886, 1.5478129386901855], [-0.3829527795314789, -0.9237378239631653, 0.0074606952257454395, -0.0435791015625], [0.0, 0.0, 0.0, 1.0]]], "view": [[0.0, -2.0, 100.0], [-2.0, 0.0, 100.0], [0.0, 0.0, 1.0]], "bev": "bev_978c3654ef014916bd77c73b1b796060.png", "aux": "aux_978c3654ef014916bd77c73b1b796060.npz", "visibility": "visibility_978c3654ef014916bd77c73b1b796060.png", "pose": [[-0.8465883135795593, -0.5322482585906982, 0.0, 581.8970336914062], [0.5322482585906982, -0.8465883135795593, 0.0, 1519.9927978515625], [0.0, 0.0, 1.0, 0.0], [0.0, 0.0, 0.0, 1.0]], "pose_inverse": [[-0.8465883135795593, 0.5322482585906982, 0.0, -316.3862609863281], [-0.5322482585906982, -0.8465883135795593, 0.0, 1596.5218505859375], [0.0, 0.0, 1.0, 0.0], [0.0, 0.0, 0.0, 1.0]], "cam_ids": [0, 1, 2, 3, 4, 5], "cam_channels": ["CAM_FRONT_LEFT", "CAM_FRONT", "CAM_FRONT_RIGHT", "CAM_BACK_LEFT", "CAM_BACK", "CAM_BACK_RIGHT"], "token": "978c3654ef014916bd77c73b1b796060", "scene": "scene-0232"}, {"images": ["samples/CAM_FRONT_LEFT/n008-2018-07-27-12-07-38-0400__CAM_FRONT_LEFT__1532708318004799.jpg", "samples/CAM_FRONT/n008-2018-07-27-12-07-38-0400__CAM_FRONT__1532708318012404.jpg", "samples/CAM_FRONT_RIGHT/n008-2018-07-27-12-07-38-0400__CAM_FRONT_RIGHT__1532708318020482.jpg", "samples/CAM_BACK_LEFT/n008-2018-07-27-12-07-38-0400__CAM_BACK_LEFT__1532708318047405.jpg", "samples/CAM_BACK/n008-2018-07-27-12-07-38-0400__CAM_BACK__1532708318037558.jpg", "samples/CAM_BACK_RIGHT/n008-2018-07-27-12-07-38-0400__CAM_BACK_RIGHT__1532708318028113.jpg"], "intrinsics": [[[1257.8625342125129, 0.0, 827.2410631095686], [0.0, 1257.8625342125129, 450.915498205774], [0.0, 0.0, 1.0]], [[1252.8131021185304, 0.0, 826.588114781398], [0.0, 1252.8131021185304, 469.9846626224581], [0.0, 0.0, 1.0]], [[1256.7485116440405, 0.0, 817.7887570959712], [0.0, 1256.7485116440403, 451.9541780095127], [0.0, 0.0, 1.0]], [[1254.9860565800168, 0.0, 829.5769333630991], [0.0, 1254.9860565800168, 467.1680561863987], [0.0, 0.0, 1.0]], [[796.8910634503094, 0.0, 857.7774326863696], [0.0, 796.8910634503094, 476.8848988407415], [0.0, 0.0, 1.0]], [[1249.9629280788233, 0.0, 825.3768045375984], [0.0, 1249.9629280788233, 462.54816385708756], [0.0, 0.0, 1.0]]], "extrinsics": [[[0.8225073218345642, -0.5686095952987671, -0.012834024615585804, -1.0050048828125], [0.00047715636901557446, 0.0232549998909235, -0.9997293949127197, 1.4882965087890625], [0.568754255771637, 0.8222787380218506, 0.019398724660277367, -1.3333740234375], [0.0, 0.0, 0.0, 1.0]], [[0.01018604077398777, -0.9997656345367432, -0.01910550333559513, 0.00537109375], [0.0024412379134446383, 0.01913130097091198, -0.9998140335083008, 1.4801654815673828], [0.9999451041221619, 0.01013755053281784, 0.00263553811237216, -1.7347412109375], [0.0, 0.0, 0.0, 1.0]], [[-0.8440617322921753, -0.536051869392395, -0.01443241536617279, 1.09063720703125], [0.010473184287548065, 0.010429633781313896, -0.9998907446861267, 1.4930734634399414], [0.5361438393592834, -0.8441206216812134, -0.0031890852842479944, -1.2774658203125], [0.0, 0.0, 0.0, 1.0]], [[0.947851300239563, 0.31865713000297546, -0.005967292003333569, -1.14398193359375], [-0.01490219496190548, 0.025608694180846214, -0.9995610117912292, 1.562042236328125], [-0.31836438179016113, 0.9475240111351013, 0.02902192622423172, -0.15625], [0.0, 0.0, 0.0, 1.0]], [[0.009293167851865292, 0.9997954964637756, 0.01796078495681286, -0.0286865234375], [-0.012782945297658443, 0.018078872933983803, -0.999754786491394, 1.5680618286132812], [-0.9998751282691956, 0.009061337448656559, 0.01294834166765213, 0.044219970703125], [0.0, 0.0, 0.0, 1.0]], [[-0.923728346824646, 0.3829987645149231, 0.006152783054858446, 1.16058349609375], [-0.008582992479205132, -0.004636733327060938, -0.9999524354934692, 1.547811508178711], [-0.3829519748687744, -0.9237372279167175, 0.007570357993245125, -0.043701171875], [0.0, 0.0, 0.0, 1.0]]], "view": [[0.0, -2.0, 100.0], [-2.0, 0.0, 100.0], [0.0, 0.0, 1.0]], "bev": "bev_a59d9658cb2c4849ad291503e74e95c0.png", "aux": "aux_a59d9658cb2c4849ad291503e74e95c0.npz", "visibility": "visibility_a59d9658cb2c4849ad291503e74e95c0.png", "pose": [[-0.8465738892555237, -0.5322712063789368, 0.0, 581.8970336914062], [0.5322712063789368, -0.8465738892555237, 0.0, 1519.9927978515625], [0.0, 0.0, 1.0, 0.0], [0.0, 0.0, 0.0, 1.0]], "pose_inverse": [[-0.8465738892555237, 0.5322712063789368, 0.0, -316.4295349121094], [-0.5322712063789368, -0.8465738892555237, 0.0, 1596.5133056640625], [0.0, 0.0, 1.0, 0.0], [0.0, 0.0, 0.0, 1.0]], "cam_ids": [0, 1, 2, 3, 4, 5], "cam_channels": ["CAM_FRONT_LEFT", "CAM_FRONT", "CAM_FRONT_RIGHT", "CAM_BACK_LEFT", "CAM_BACK", "CAM_BACK_RIGHT"], "token": "a59d9658cb2c4849ad291503e74e95c0", "scene": "scene-0232"}, {"images": ["samples/CAM_FRONT_LEFT/n008-2018-07-27-12-07-38-0400__CAM_FRONT_LEFT__1532708318504799.jpg", "samples/CAM_FRONT/n008-2018-07-27-12-07-38-0400__CAM_FRONT__1532708318512404.jpg", "samples/CAM_FRONT_RIGHT/n008-2018-07-27-12-07-38-0400__CAM_FRONT_RIGHT__1532708318520482.jpg", "samples/CAM_BACK_LEFT/n008-2018-07-27-12-07-38-0400__CAM_BACK_LEFT__1532708318547405.jpg", "samples/CAM_BACK/n008-2018-07-27-12-07-38-0400__CAM_BACK__1532708318537558.jpg", "samples/CAM_BACK_RIGHT/n008-2018-07-27-12-07-38-0400__CAM_BACK_RIGHT__1532708318528113.jpg"], "intrinsics": [[[1257.8625342125129, 0.0, 827.2410631095686], [0.0, 1257.8625342125129, 450.915498205774], [0.0, 0.0, 1.0]], [[1252.8131021185304, 0.0, 826.588114781398], [0.0, 1252.8131021185304, 469.9846626224581], [0.0, 0.0, 1.0]], [[1256.7485116440405, 0.0, 817.7887570959712], [0.0, 1256.7485116440403, 451.9541780095127], [0.0, 0.0, 1.0]], [[1254.9860565800168, 0.0, 829.5769333630991], [0.0, 1254.9860565800168, 467.1680561863987], [0.0, 0.0, 1.0]], [[796.8910634503094, 0.0, 857.7774326863696], [0.0, 796.8910634503094, 476.8848988407415], [0.0, 0.0, 1.0]], [[1249.9629280788233, 0.0, 825.3768045375984], [0.0, 1249.9629280788233, 462.54816385708756], [0.0, 0.0, 1.0]]], "extrinsics": [[[0.822498619556427, -0.5686206817626953, -0.012907220982015133, -1.0050048828125], [0.00037220469675958157, 0.02323143556714058, -0.9997299909591675, 1.4882926940917969], [0.5687671303749084, 0.8222718238830566, 0.01931946538388729, -1.33349609375], [0.0, 0.0, 0.0, 1.0]], [[0.01017279177904129, -0.9997660517692566, -0.019086508080363274, 0.0052490234375], [0.0023220530711114407, 0.019111065194010735, -0.9998146891593933, 1.48016357421875], [0.9999455809593201, 0.010126609355211258, 0.0025159232318401337, -1.7347412109375], [0.0, 0.0, 0.0, 1.0]], [[-0.8440677523612976, -0.5360457301139832, -0.01431002002209425, 1.09063720703125], [0.010338850319385529, 0.01041290070861578, -0.9998922944068909, 1.4930734634399414], [0.5361369848251343, -0.8441247940063477, -0.00324709783308208, -1.277587890625], [0.0, 0.0, 0.0, 1.0]], [[0.9478501677513123, 0.3186577558517456, -0.00611897325143218, -1.1439056396484375], [-0.015053171664476395, 0.02558191306889057, -0.9995593428611755, 1.562042236328125], [-0.31836074590682983, 0.9475246071815491, 0.029044626280665398, -0.1561279296875], [0.0, 0.0, 0.0, 1.0]], [[0.009297562763094902, 0.9997958540916443, 0.017939694225788116, -0.0286865234375], [-0.012933439575135708, 0.018059203401207924, -0.9997532367706299, 1.5680618286132812], [-0.9998732805252075, 0.00906323455274105, 0.013098705559968948, 0.044281005859375], [0.0, 0.0, 0.0, 1.0]], [[-0.9237258434295654, 0.3830028772354126, 0.006272964179515839, 1.16064453125], [-0.008723300881683826, -0.004661274142563343, -0.9999511241912842, 1.547811508178711], [-0.38295483589172363, -0.9237354397773743, 0.007646787911653519, -0.043701171875], [0.0, 0.0, 0.0, 1.0]]], "view": [[0.0, -2.0, 100.0], [-2.0, 0.0, 100.0], [0.0, 0.0, 1.0]], "bev": "bev_dcf58be08fde42f49698193c148f50f4.png", "aux": "aux_dcf58be08fde42f49698193c148f50f4.npz", "visibility": "visibility_dcf58be08fde42f49698193c148f50f4.png", "pose": [[-0.8465415835380554, -0.5323226451873779, 0.0, 581.8970336914062], [0.5323226451873779, -0.8465415835380554, 0.0, 1519.9927978515625], [0.0, 0.0, 1.0, 0.0], [0.0, 0.0, 0.0, 1.0]], "pose_inverse": [[-0.8465415835380554, 0.5323226451873779, 0.0, -316.52655029296875], [-0.5323226451873779, -0.8465415835380554, 0.0, 1596.4940185546875], [0.0, 0.0, 1.0, 0.0], [0.0, 0.0, 0.0, 1.0]], "cam_ids": [0, 1, 2, 3, 4, 5], "cam_channels": ["CAM_FRONT_LEFT", "CAM_FRONT", "CAM_FRONT_RIGHT", "CAM_BACK_LEFT", "CAM_BACK", "CAM_BACK_RIGHT"], "token": "dcf58be08fde42f49698193c148f50f4", "scene": "scene-0232"}, {"images": ["samples/CAM_FRONT_LEFT/n008-2018-07-27-12-07-38-0400__CAM_FRONT_LEFT__1532708319004799.jpg", "samples/CAM_FRONT/n008-2018-07-27-12-07-38-0400__CAM_FRONT__1532708319012404.jpg", "samples/CAM_FRONT_RIGHT/n008-2018-07-27-12-07-38-0400__CAM_FRONT_RIGHT__1532708319020482.jpg", "samples/CAM_BACK_LEFT/n008-2018-07-27-12-07-38-0400__CAM_BACK_LEFT__1532708319047405.jpg", "samples/CAM_BACK/n008-2018-07-27-12-07-38-0400__CAM_BACK__1532708319037558.jpg", "samples/CAM_BACK_RIGHT/n008-2018-07-27-12-07-38-0400__CAM_BACK_RIGHT__1532708319028113.jpg"], "intrinsics": [[[1257.8625342125129, 0.0, 827.2410631095686], [0.0, 1257.8625342125129, 450.915498205774], [0.0, 0.0, 1.0]], [[1252.8131021185304, 0.0, 826.588114781398], [0.0, 1252.8131021185304, 469.9846626224581], [0.0, 0.0, 1.0]], [[1256.7485116440405, 0.0, 817.7887570959712], [0.0, 1256.7485116440403, 451.9541780095127], [0.0, 0.0, 1.0]], [[1254.9860565800168, 0.0, 829.5769333630991], [0.0, 1254.9860565800168, 467.1680561863987], [0.0, 0.0, 1.0]], [[796.8910634503094, 0.0, 857.7774326863696], [0.0, 796.8910634503094, 476.8848988407415], [0.0, 0.0, 1.0]], [[1249.9629280788233, 0.0, 825.3768045375984], [0.0, 1249.9629280788233, 462.54816385708756], [0.0, 0.0, 1.0]]], "extrinsics": [[[0.8224974870681763, -0.5686200261116028, -0.013007253408432007, -1.0050048828125], [0.00023226784833241254, 0.02320493571460247, -0.9997307062149048, 1.4882965087890625], [0.5687687397003174, 0.8222729563713074, 0.019218072295188904, -1.3333740234375], [0.0, 0.0, 0.0, 1.0]], [[0.010170414112508297, -0.9997665286064148, -0.019065028056502342, 0.0052490234375], [0.0021894255187362432, 0.01908823475241661, -0.9998154044151306, 1.4801654815673828], [0.999945878982544, 0.010126808658242226, 0.0023830486461520195, -1.734771728515625], [0.0, 0.0, 0.0, 1.0]], [[-0.844069242477417, -0.5360462665557861, -0.014194445684552193, 1.09051513671875], [0.010213959030807018, 0.01039397157728672, -0.9998937845230103, 1.4930744171142578], [0.5361369252204895, -0.8441245555877686, -0.003298079362139106, -1.2777099609375], [0.0, 0.0, 0.0, 1.0]], [[0.9478498697280884, 0.31865641474723816, -0.0062232855707407, -1.1439666748046875], [-0.01515467930585146, 0.02555675432085991, -0.9995585083961487, 1.562042236328125], [-0.3183566927909851, 0.947525680065155, 0.029053103178739548, -0.1561279296875], [0.0, 0.0, 0.0, 1.0]], [[0.009299705736339092, 0.9997961521148682, 0.01792055554687977, -0.02880859375], [-0.013048730790615082, 0.018041139468550682, -0.9997520446777344, 1.5680656433105469], [-0.9998716115951538, 0.009063579142093658, 0.013213849626481533, 0.044281005859375], [0.0, 0.0, 0.0, 1.0]], [[-0.9237253069877625, 0.38300228118896484, 0.006388209294527769, 1.16070556640625], [-0.008852673694491386, -0.0046724239364266396, -0.9999498724937439, 1.5478124618530273], [-0.3829532861709595, -0.9237356185913086, 0.007706630043685436, -0.0435791015625], [0.0, 0.0, 0.0, 1.0]]], "view": [[0.0, -2.0, 100.0], [-2.0, 0.0, 100.0], [0.0, 0.0, 1.0]], "bev": "bev_ca7fd07153af447eb499cf9f08f117c7.png", "aux": "aux_ca7fd07153af447eb499cf9f08f117c7.npz", "visibility": "visibility_ca7fd07153af447eb499cf9f08f117c7.png", "pose": [[-0.8465805649757385, -0.5322605967521667, 0.0, 581.8970336914062], [0.5322605967521667, -0.8465805649757385, 0.0, 1519.9927978515625], [0.0, 0.0, 1.0, 0.0], [0.0, 0.0, 0.0, 1.0]], "pose_inverse": [[-0.8465805649757385, 0.5322605967521667, 0.0, -316.4095458984375], [-0.5322605967521667, -0.8465805649757385, 0.0, 1596.5172119140625], [0.0, 0.0, 1.0, 0.0], [0.0, 0.0, 0.0, 1.0]], "cam_ids": [0, 1, 2, 3, 4, 5], "cam_channels": ["CAM_FRONT_LEFT", "CAM_FRONT", "CAM_FRONT_RIGHT", "CAM_BACK_LEFT", "CAM_BACK", "CAM_BACK_RIGHT"], "token": "ca7fd07153af447eb499cf9f08f117c7", "scene": "scene-0232"}, {"images": ["samples/CAM_FRONT_LEFT/n008-2018-07-27-12-07-38-0400__CAM_FRONT_LEFT__1532708319504799.jpg", "samples/CAM_FRONT/n008-2018-07-27-12-07-38-0400__CAM_FRONT__1532708319512404.jpg", "samples/CAM_FRONT_RIGHT/n008-2018-07-27-12-07-38-0400__CAM_FRONT_RIGHT__1532708319520482.jpg", "samples/CAM_BACK_LEFT/n008-2018-07-27-12-07-38-0400__CAM_BACK_LEFT__1532708319547405.jpg", "samples/CAM_BACK/n008-2018-07-27-12-07-38-0400__CAM_BACK__1532708319537558.jpg", "samples/CAM_BACK_RIGHT/n008-2018-07-27-12-07-38-0400__CAM_BACK_RIGHT__1532708319528113.jpg"], "intrinsics": [[[1257.8625342125129, 0.0, 827.2410631095686], [0.0, 1257.8625342125129, 450.915498205774], [0.0, 0.0, 1.0]], [[1252.8131021185304, 0.0, 826.588114781398], [0.0, 1252.8131021185304, 469.9846626224581], [0.0, 0.0, 1.0]], [[1256.7485116440405, 0.0, 817.7887570959712], [0.0, 1256.7485116440403, 451.9541780095127], [0.0, 0.0, 1.0]], [[1254.9860565800168, 0.0, 829.5769333630991], [0.0, 1254.9860565800168, 467.1680561863987], [0.0, 0.0, 1.0]], [[796.8910634503094, 0.0, 857.7774326863696], [0.0, 796.8910634503094, 476.8848988407415], [0.0, 0.0, 1.0]], [[1249.9629280788233, 0.0, 825.3768045375984], [0.0, 1249.9629280788233, 462.54816385708756], [0.0, 0.0, 1.0]]], "extrinsics": [[[0.8224881291389465, -0.5686323046684265, -0.01306205615401268, -1.005126953125], [0.00015765364514663815, 0.023192863911390305, -0.9997309446334839, 1.4882965087890625], [0.5687823295593262, 0.8222647905349731, 0.01916550099849701, -1.3333740234375], [0.0, 0.0, 0.0, 1.0]], [[0.010156825184822083, -0.9997668266296387, -0.019055644050240517, 0.00537109375], [0.0020965242292732, 0.019077878445386887, -0.9998157620429993, 1.48016357421875], [0.9999462366104126, 0.010115050710737705, 0.0022898069582879543, -1.734771728515625], [0.0, 0.0, 0.0, 1.0]], [[-0.844075620174408, -0.5360389351844788, -0.01409499067813158, 1.0906982421875], [0.010101623833179474, 0.010385396890342236, -0.9998949766159058, 1.4930734634399414], [0.5361290574073792, -0.8441294431686401, -0.0033511982765048742, -1.2774658203125], [0.0, 0.0, 0.0, 1.0]], [[0.9478462934494019, 0.3186646103858948, -0.006351072806864977, -1.1439666748046875], [-0.015290128998458385, 0.025558019056916237, -0.9995563626289368, 1.5620460510253906], [-0.3183608949184418, 0.9475229382514954, 0.02909749560058117, -0.15625], [0.0, 0.0, 0.0, 1.0]], [[0.009300964884459972, 0.9997963905334473, 0.017908239737153053, -0.02880859375], [-0.01316202525049448, 0.018029868602752686, -0.9997507333755493, 1.5680618286132812], [-0.9998701810836792, 0.009062869474291801, 0.013327040709555149, 0.044342041015625], [0.0, 0.0, 0.0, 1.0]], [[-0.9237222075462341, 0.38300812244415283, 0.0064905183389782906, 1.16058349609375], [-0.00896880216896534, -0.004685267806053162, -0.9999487996101379, 1.5478110313415527], [-0.3829580545425415, -0.923733115196228, 0.007763010449707508, -0.0438232421875], [0.0, 0.0, 0.0, 1.0]]], "view": [[0.0, -2.0, 100.0], [-2.0, 0.0, 100.0], [0.0, 0.0, 1.0]], "bev": "bev_777141217e6a4cb4989075cd62babc32.png", "aux": "aux_777141217e6a4cb4989075cd62babc32.npz", "visibility": "visibility_777141217e6a4cb4989075cd62babc32.png", "pose": [[-0.8466313481330872, -0.5321798324584961, 0.0, 581.8970336914062], [0.5321798324584961, -0.8466313481330872, 0.0, 1519.9927978515625], [0.0, 0.0, 1.0, 0.0], [0.0, 0.0, 0.0, 1.0]], "pose_inverse": [[-0.8466313481330872, 0.5321798324584961, 0.0, -316.2572326660156], [-0.5321798324584961, -0.8466313481330872, 0.0, 1596.54736328125], [0.0, 0.0, 1.0, 0.0], [0.0, 0.0, 0.0, 1.0]], "cam_ids": [0, 1, 2, 3, 4, 5], "cam_channels": ["CAM_FRONT_LEFT", "CAM_FRONT", "CAM_FRONT_RIGHT", "CAM_BACK_LEFT", "CAM_BACK", "CAM_BACK_RIGHT"], "token": "777141217e6a4cb4989075cd62babc32", "scene": "scene-0232"}, {"images": ["samples/CAM_FRONT_LEFT/n008-2018-07-27-12-07-38-0400__CAM_FRONT_LEFT__1532708320004799.jpg", "samples/CAM_FRONT/n008-2018-07-27-12-07-38-0400__CAM_FRONT__1532708320012404.jpg", "samples/CAM_FRONT_RIGHT/n008-2018-07-27-12-07-38-0400__CAM_FRONT_RIGHT__1532708320020482.jpg", "samples/CAM_BACK_LEFT/n008-2018-07-27-12-07-38-0400__CAM_BACK_LEFT__1532708320047405.jpg", "samples/CAM_BACK/n008-2018-07-27-12-07-38-0400__CAM_BACK__1532708320037558.jpg", "samples/CAM_BACK_RIGHT/n008-2018-07-27-12-07-38-0400__CAM_BACK_RIGHT__1532708320028113.jpg"], "intrinsics": [[[1257.8625342125129, 0.0, 827.2410631095686], [0.0, 1257.8625342125129, 450.915498205774], [0.0, 0.0, 1.0]], [[1252.8131021185304, 0.0, 826.588114781398], [0.0, 1252.8131021185304, 469.9846626224581], [0.0, 0.0, 1.0]], [[1256.7485116440405, 0.0, 817.7887570959712], [0.0, 1256.7485116440403, 451.9541780095127], [0.0, 0.0, 1.0]], [[1254.9860565800168, 0.0, 829.5769333630991], [0.0, 1254.9860565800168, 467.1680561863987], [0.0, 0.0, 1.0]], [[796.8910634503094, 0.0, 857.7774326863696], [0.0, 796.8910634503094, 476.8848988407415], [0.0, 0.0, 1.0]], [[1249.9629280788233, 0.0, 825.3768045375984], [0.0, 1249.9629280788233, 462.54816385708756], [0.0, 0.0, 1.0]]], "extrinsics": [[[0.8224890232086182, -0.5686277747154236, -0.01320555992424488, -1.0050048828125], [-2.968028093164321e-05, 0.02317439392209053, -0.9997314214706421, 1.4882926940917969], [0.5687810778617859, 0.8222684860229492, 0.019043805077672005, -1.3333740234375], [0.0, 0.0, 0.0, 1.0]], [[0.010157107375562191, -0.9997674226760864, -0.01902620866894722, 0.00537109375], [0.0019286145688965917, 0.019046742469072342, -0.9998167753219604, 1.4801673889160156], [0.999946653842926, 0.010118575766682625, 0.0021216250024735928, -1.7347412109375], [0.0, 0.0, 0.0, 1.0]], [[-0.8440756797790527, -0.5360425710678101, -0.013946748338639736, 1.09063720703125], [0.009954304434359074, 0.010340828448534012, -0.9998970031738281, 1.4930715560913086], [0.5361316204071045, -0.8441275954246521, -0.003392511513084173, -1.2777099609375], [0.0, 0.0, 0.0, 1.0]], [[0.9478468298912048, 0.3186599910259247, -0.006501244846731424, -1.1438446044921875], [-0.015435011126101017, 0.025518331676721573, -0.9995551705360413, 1.5620384216308594], [-0.3183523714542389, 0.9475255012512207, 0.029105989262461662, -0.15625], [0.0, 0.0, 0.0, 1.0]], [[0.009303630329668522, 0.9997971057891846, 0.01786639168858528, -0.02880859375], [-0.013310683891177177, 0.01798940636217594, -0.9997495412826538, 1.5680580139160156], [-0.9998681545257568, 0.009063541889190674, 0.013475350104272366, 0.0443115234375], [0.0, 0.0, 0.0, 1.0]], [[-0.9237226843833923, 0.3830049932003021, 0.006599243730306625, 1.16058349609375], [-0.009104128926992416, -0.0047278618440032005, -0.9999473690986633, 1.5478110313415527], [-0.3829535245895386, -0.923734188079834, 0.0078541599214077, -0.043701171875], [0.0, 0.0, 0.0, 1.0]]], "view": [[0.0, -2.0, 100.0], [-2.0, 0.0, 100.0], [0.0, 0.0, 1.0]], "bev": "bev_39353264cf234052a9243b82b7807674.png", "aux": "aux_39353264cf234052a9243b82b7807674.npz", "visibility": "visibility_39353264cf234052a9243b82b7807674.png", "pose": [[-0.8466751575469971, -0.5321101546287537, 0.0, 581.8970336914062], [0.5321101546287537, -0.8466751575469971, 0.0, 1519.992919921875], [0.0, 0.0, 1.0, 0.0], [0.0, 0.0, 0.0, 1.0]], "pose_inverse": [[-0.8466751575469971, 0.5321101546287537, 0.0, -316.12591552734375], [-0.5321101546287537, -0.8466751575469971, 0.0, 1596.573486328125], [0.0, 0.0, 1.0, 0.0], [0.0, 0.0, 0.0, 1.0]], "cam_ids": [0, 1, 2, 3, 4, 5], "cam_channels": ["CAM_FRONT_LEFT", "CAM_FRONT", "CAM_FRONT_RIGHT", "CAM_BACK_LEFT", "CAM_BACK", "CAM_BACK_RIGHT"], "token": "39353264cf234052a9243b82b7807674", "scene": "scene-0232"}, {"images": ["samples/CAM_FRONT_LEFT/n008-2018-07-27-12-07-38-0400__CAM_FRONT_LEFT__1532708320504799.jpg", "samples/CAM_FRONT/n008-2018-07-27-12-07-38-0400__CAM_FRONT__1532708320512404.jpg", "samples/CAM_FRONT_RIGHT/n008-2018-07-27-12-07-38-0400__CAM_FRONT_RIGHT__1532708320520482.jpg", "samples/CAM_BACK_LEFT/n008-2018-07-27-12-07-38-0400__CAM_BACK_LEFT__1532708320547405.jpg", "samples/CAM_BACK/n008-2018-07-27-12-07-38-0400__CAM_BACK__1532708320537558.jpg", "samples/CAM_BACK_RIGHT/n008-2018-07-27-12-07-38-0400__CAM_BACK_RIGHT__1532708320528113.jpg"], "intrinsics": [[[1257.8625342125129, 0.0, 827.2410631095686], [0.0, 1257.8625342125129, 450.915498205774], [0.0, 0.0, 1.0]], [[1252.8131021185304, 0.0, 826.588114781398], [0.0, 1252.8131021185304, 469.9846626224581], [0.0, 0.0, 1.0]], [[1256.7485116440405, 0.0, 817.7887570959712], [0.0, 1256.7485116440403, 451.9541780095127], [0.0, 0.0, 1.0]], [[1254.9860565800168, 0.0, 829.5769333630991], [0.0, 1254.9860565800168, 467.1680561863987], [0.0, 0.0, 1.0]], [[796.8910634503094, 0.0, 857.7774326863696], [0.0, 796.8910634503094, 476.8848988407415], [0.0, 0.0, 1.0]], [[1249.9629280788233, 0.0, 825.3768045375984], [0.0, 1249.9629280788233, 462.54816385708756], [0.0, 0.0, 1.0]]], "extrinsics": [[[0.8224902153015137, -0.5686264634132385, -0.013186919502913952, -1.0050048828125], [-2.0791399947484024e-05, 0.02315453812479973, -0.9997318983078003, 1.4882926940917969], [0.5687792897224426, 0.8222699761390686, 0.019032558426260948, -1.33349609375], [0.0, 0.0, 0.0, 1.0]], [[0.010157151147723198, -0.9997676014900208, -0.019016927108168602, 0.00537109375], [0.0019264750881120563, 0.019037440419197083, -0.9998169541358948, 1.4801616668701172], [0.999946653842926, 0.010118801146745682, 0.002119394950568676, -1.734832763671875], [0.0, 0.0, 0.0, 1.0]], [[-0.8440775871276855, -0.5360399484634399, -0.013936039991676807, 1.090576171875], [0.009940441697835922, 0.010342704132199287, -0.9998971223831177, 1.4930734634399414], [0.5361289381980896, -0.8441293239593506, -0.0034015721175819635, -1.2774658203125], [0.0, 0.0, 0.0, 1.0]], [[0.9478473663330078, 0.3186585307121277, -0.0064881653524935246, -1.1438751220703125], [-0.015423943288624287, 0.025526586920022964, -0.9995551109313965, 1.562042236328125], [-0.31835123896598816, 0.9475258588790894, 0.02911028079688549, -0.15625], [0.0, 0.0, 0.0, 1.0]], [[0.009307640604674816, 0.9997970461845398, 0.017869330942630768, -0.02880859375], [-0.013295257464051247, 0.017992256209254265, -0.9997496604919434, 1.5680656433105469], [-0.9998683929443359, 0.009067736566066742, 0.013460024259984493, 0.0443115234375], [0.0, 0.0, 0.0, 1.0]], [[-0.9237202405929565, 0.383010596036911, 0.0066137672401964664, 1.16064453125], [-0.009120508097112179, -0.004729318432509899, -0.999947190284729, 1.5478129386901855], [-0.3829590380191803, -0.9237318634986877, 0.007861817255616188, -0.043701171875], [0.0, 0.0, 0.0, 1.0]]], "view": [[0.0, -2.0, 100.0], [-2.0, 0.0, 100.0], [0.0, 0.0, 1.0]], "bev": "bev_15ff6a20ca6c4aac9fdfb841389bdc01.png", "aux": "aux_15ff6a20ca6c4aac9fdfb841389bdc01.npz", "visibility": "visibility_15ff6a20ca6c4aac9fdfb841389bdc01.png", "pose": [[-0.8466641306877136, -0.5321276783943176, 0.0, 581.8970336914062], [0.5321276783943176, -0.8466641306877136, 0.0, 1519.992919921875], [0.0, 0.0, 1.0, 0.0], [0.0, 0.0, 0.0, 1.0]], "pose_inverse": [[-0.8466641306877136, 0.5321276783943176, 0.0, -316.1589050292969], [-0.5321276783943176, -0.8466641306877136, 0.0, 1596.5670166015625], [0.0, 0.0, 1.0, 0.0], [0.0, 0.0, 0.0, 1.0]], "cam_ids": [0, 1, 2, 3, 4, 5], "cam_channels": ["CAM_FRONT_LEFT", "CAM_FRONT", "CAM_FRONT_RIGHT", "CAM_BACK_LEFT", "CAM_BACK", "CAM_BACK_RIGHT"], "token": "15ff6a20ca6c4aac9fdfb841389bdc01", "scene": "scene-0232"}, {"images": ["samples/CAM_FRONT_LEFT/n008-2018-07-27-12-07-38-0400__CAM_FRONT_LEFT__1532708321004799.jpg", "samples/CAM_FRONT/n008-2018-07-27-12-07-38-0400__CAM_FRONT__1532708321012404.jpg", "samples/CAM_FRONT_RIGHT/n008-2018-07-27-12-07-38-0400__CAM_FRONT_RIGHT__1532708321020482.jpg", "samples/CAM_BACK_LEFT/n008-2018-07-27-12-07-38-0400__CAM_BACK_LEFT__1532708321047405.jpg", "samples/CAM_BACK/n008-2018-07-27-12-07-38-0400__CAM_BACK__1532708321037558.jpg", "samples/CAM_BACK_RIGHT/n008-2018-07-27-12-07-38-0400__CAM_BACK_RIGHT__1532708321028113.jpg"], "intrinsics": [[[1257.8625342125129, 0.0, 827.2410631095686], [0.0, 1257.8625342125129, 450.915498205774], [0.0, 0.0, 1.0]], [[1252.8131021185304, 0.0, 826.588114781398], [0.0, 1252.8131021185304, 469.9846626224581], [0.0, 0.0, 1.0]], [[1256.7485116440405, 0.0, 817.7887570959712], [0.0, 1256.7485116440403, 451.9541780095127], [0.0, 0.0, 1.0]], [[1254.9860565800168, 0.0, 829.5769333630991], [0.0, 1254.9860565800168, 467.1680561863987], [0.0, 0.0, 1.0]], [[796.8910634503094, 0.0, 857.7774326863696], [0.0, 796.8910634503094, 476.8848988407415], [0.0, 0.0, 1.0]], [[1249.9629280788233, 0.0, 825.3768045375984], [0.0, 1249.9629280788233, 462.54816385708756], [0.0, 0.0, 1.0]]], "extrinsics": [[[0.8224906921386719, -0.5686244964599609, -0.013237560167908669, -1.0050048828125], [-0.00010139535879716277, 0.023127079010009766, -0.9997325539588928, 1.4882965087890625], [0.5687785148620605, 0.822272002696991, 0.01896415278315544, -1.333251953125], [0.0, 0.0, 0.0, 1.0]], [[0.010158317163586617, -0.999768078327179, -0.01899193413555622, 0.00537109375], [0.0018572189146652818, 0.019011743366718292, -0.9998175501823425, 1.4801654815673828], [0.999946653842926, 0.010121160186827183, 0.002049915259703994, -1.734649658203125], [0.0, 0.0, 0.0, 1.0]], [[-0.8440759778022766, -0.5360441207885742, -0.013875000178813934, 1.09063720703125], [0.009883217513561249, 0.010318921878933907, -0.9998978972434998, 1.4930734634399414], [0.5361325740814209, -0.8441268801689148, -0.003412113292142749, -1.277587890625], [0.0, 0.0, 0.0, 1.0]], [[0.9478491544723511, 0.3186514973640442, -0.006573521066457033, -1.1439056396484375], [-0.01549675315618515, 0.025476062670350075, -0.9995552897453308, 1.5620384216308594], [-0.3183423578739166, 0.9475294947624207, 0.02908552624285221, -0.1561279296875], [0.0, 0.0, 0.0, 1.0]], [[0.009308542124927044, 0.9997975826263428, 0.017833596095442772, -0.02880859375], [-0.013380765914916992, 0.017957311123609543, -0.9997491836547852, 1.5680580139160156], [-0.9998671412467957, 0.009067578241229057, 0.01354521419852972, 0.044281005859375], [0.0, 0.0, 0.0, 1.0]], [[-0.9237223863601685, 0.3830045461654663, 0.0066574448719620705, 1.16070556640625], [-0.00917728804051876, -0.004752365872263908, -0.9999465942382812, 1.5478119850158691], [-0.3829524517059326, -0.923734188079834, 0.007904810830950737, -0.0438232421875], [0.0, 0.0, 0.0, 1.0]]], "view": [[0.0, -2.0, 100.0], [-2.0, 0.0, 100.0], [0.0, 0.0, 1.0]], "bev": "bev_01da712b41114cea989c94d5b2b4dd13.png", "aux": "aux_01da712b41114cea989c94d5b2b4dd13.npz", "visibility": "visibility_01da712b41114cea989c94d5b2b4dd13.png", "pose": [[-0.8466978669166565, -0.5320739150047302, 0.0, 581.8970336914062], [0.5320739150047302, -0.8466978669166565, 0.0, 1519.992919921875], [0.0, 0.0, 1.0, 0.0], [0.0, 0.0, 0.0, 1.0]], "pose_inverse": [[-0.8466978669166565, 0.5320739150047302, 0.0, -316.0576477050781], [-0.5320739150047302, -0.8466978669166565, 0.0, 1596.5870361328125], [0.0, 0.0, 1.0, 0.0], [0.0, 0.0, 0.0, 1.0]], "cam_ids": [0, 1, 2, 3, 4, 5], "cam_channels": ["CAM_FRONT_LEFT", "CAM_FRONT", "CAM_FRONT_RIGHT", "CAM_BACK_LEFT", "CAM_BACK", "CAM_BACK_RIGHT"], "token": "01da712b41114cea989c94d5b2b4dd13", "scene": "scene-0232"}, {"images": ["samples/CAM_FRONT_LEFT/n008-2018-07-27-12-07-38-0400__CAM_FRONT_LEFT__1532708321504799.jpg", "samples/CAM_FRONT/n008-2018-07-27-12-07-38-0400__CAM_FRONT__1532708321512404.jpg", "samples/CAM_FRONT_RIGHT/n008-2018-07-27-12-07-38-0400__CAM_FRONT_RIGHT__1532708321520482.jpg", "samples/CAM_BACK_LEFT/n008-2018-07-27-12-07-38-0400__CAM_BACK_LEFT__1532708321547405.jpg", "samples/CAM_BACK/n008-2018-07-27-12-07-38-0400__CAM_BACK__1532708321537558.jpg", "samples/CAM_BACK_RIGHT/n008-2018-07-27-12-07-38-0400__CAM_BACK_RIGHT__1532708321528113.jpg"], "intrinsics": [[[1257.8625342125129, 0.0, 827.2410631095686], [0.0, 1257.8625342125129, 450.915498205774], [0.0, 0.0, 1.0]], [[1252.8131021185304, 0.0, 826.588114781398], [0.0, 1252.8131021185304, 469.9846626224581], [0.0, 0.0, 1.0]], [[1256.7485116440405, 0.0, 817.7887570959712], [0.0, 1256.7485116440403, 451.9541780095127], [0.0, 0.0, 1.0]], [[1254.9860565800168, 0.0, 829.5769333630991], [0.0, 1254.9860565800168, 467.1680561863987], [0.0, 0.0, 1.0]], [[796.8910634503094, 0.0, 857.7774326863696], [0.0, 796.8910634503094, 476.8848988407415], [0.0, 0.0, 1.0]], [[1249.9629280788233, 0.0, 825.3768045375984], [0.0, 1249.9629280788233, 462.54816385708756], [0.0, 0.0, 1.0]]], "extrinsics": [[[0.822498083114624, -0.5686103701591492, -0.013383465819060802, -1.0050048828125], [-0.00029363142675720155, 0.023106124252080917, -0.9997329711914062, 1.4882965087890625], [0.5687677264213562, 0.8222824335098267, 0.018837781623005867, -1.3333740234375], [0.0, 0.0, 0.0, 1.0]], [[0.01017437968403101, -0.9997685551643372, -0.018955131992697716, 0.0052490234375], [0.0016556675545871258, 0.018972929567098618, -0.9998186230659485, 1.4801654815673828], [0.9999468922615051, 0.010141159407794476, 0.0018483212916180491, -1.7347412109375], [0.0, 0.0, 0.0, 1.0]], [[-0.8440698385238647, -0.5360592007637024, -0.013665778562426567, 1.090576171875], [0.009671946056187153, 0.01026122272014618, -0.9999005794525146, 1.493072509765625], [0.5361461639404297, -0.8441179990768433, -0.0034764520823955536, -1.2774658203125], [0.0, 0.0, 0.0, 1.0]], [[0.9478438496589661, 0.3186625838279724, -0.006796336267143488, -1.1439666748046875], [-0.015715517103672028, 0.02542675845324993, -0.9995531439781189, 1.5620384216308594], [-0.31834742426872253, 0.9475271105766296, 0.029108544811606407, -0.15625], [0.0, 0.0, 0.0, 1.0]], [[0.009299385361373425, 0.9997987747192383, 0.01777547597885132, -0.0286865234375], [-0.013586205430328846, 0.01790093258023262, -0.9997473955154419, 1.5680618286132812], [-0.9998645186424255, 0.009055541828274727, 0.013749937526881695, 0.044281005859375], [0.0, 0.0, 0.0, 1.0]], [[-0.9237263798713684, 0.3829919993877411, 0.006831977516412735, 1.16064453125], [-0.009391147643327713, -0.004812775179743767, -0.999944269657135, 1.5478124618530273], [-0.38293778896331787, -0.9237390756607056, 0.008042421191930771, -0.043701171875], [0.0, 0.0, 0.0, 1.0]]], "view": [[0.0, -2.0, 100.0], [-2.0, 0.0, 100.0], [0.0, 0.0, 1.0]], "bev": "bev_cb4176b5ddce422f854c0e55130b76b7.png", "aux": "aux_cb4176b5ddce422f854c0e55130b76b7.npz", "visibility": "visibility_cb4176b5ddce422f854c0e55130b76b7.png", "pose": [[-0.846709132194519, -0.5320560932159424, 0.0, 581.8970336914062], [0.5320560932159424, -0.846709132194519, 0.0, 1519.992919921875], [0.0, 0.0, 1.0, 0.0], [0.0, 0.0, 0.0, 1.0]], "pose_inverse": [[-0.846709132194519, 0.5320560932159424, 0.0, -316.02392578125], [-0.5320560932159424, -0.846709132194519, 0.0, 1596.59375], [0.0, 0.0, 1.0, 0.0], [0.0, 0.0, 0.0, 1.0]], "cam_ids": [0, 1, 2, 3, 4, 5], "cam_channels": ["CAM_FRONT_LEFT", "CAM_FRONT", "CAM_FRONT_RIGHT", "CAM_BACK_LEFT", "CAM_BACK", "CAM_BACK_RIGHT"], "token": "cb4176b5ddce422f854c0e55130b76b7", "scene": "scene-0232"}, {"images": ["samples/CAM_FRONT_LEFT/n008-2018-07-27-12-07-38-0400__CAM_FRONT_LEFT__1532708322004799.jpg", "samples/CAM_FRONT/n008-2018-07-27-12-07-38-0400__CAM_FRONT__1532708322012404.jpg", "samples/CAM_FRONT_RIGHT/n008-2018-07-27-12-07-38-0400__CAM_FRONT_RIGHT__1532708322020482.jpg", "samples/CAM_BACK_LEFT/n008-2018-07-27-12-07-38-0400__CAM_BACK_LEFT__1532708322047405.jpg", "samples/CAM_BACK/n008-2018-07-27-12-07-38-0400__CAM_BACK__1532708322037558.jpg", "samples/CAM_BACK_RIGHT/n008-2018-07-27-12-07-38-0400__CAM_BACK_RIGHT__1532708322028113.jpg"], "intrinsics": [[[1257.8625342125129, 0.0, 827.2410631095686], [0.0, 1257.8625342125129, 450.915498205774], [0.0, 0.0, 1.0]], [[1252.8131021185304, 0.0, 826.588114781398], [0.0, 1252.8131021185304, 469.9846626224581], [0.0, 0.0, 1.0]], [[1256.7485116440405, 0.0, 817.7887570959712], [0.0, 1256.7485116440403, 451.9541780095127], [0.0, 0.0, 1.0]], [[1254.9860565800168, 0.0, 829.5769333630991], [0.0, 1254.9860565800168, 467.1680561863987], [0.0, 0.0, 1.0]], [[796.8910634503094, 0.0, 857.7774326863696], [0.0, 796.8910634503094, 476.8848988407415], [0.0, 0.0, 1.0]], [[1249.9629280788233, 0.0, 825.3768045375984], [0.0, 1249.9629280788233, 462.54816385708756], [0.0, 0.0, 1.0]]], "extrinsics": [[[0.8224937319755554, -0.5686144232749939, -0.013484512455761433, -1.0048828125], [-0.00046005670446902514, 0.023042920976877213, -0.9997344017028809, 1.4882965087890625], [0.5687741041183472, 0.8222814202308655, 0.018691061064600945, -1.3333740234375], [0.0, 0.0, 0.0, 1.0]], [[0.010165506042540073, -0.9997695088386536, -0.018908629193902016, 0.0052490234375], [0.001494556199759245, 0.0189247764647007, -0.999819815158844, 1.4801673889160156], [0.9999472498893738, 0.010135420598089695, 0.001686591887846589, -1.73468017578125], [0.0, 0.0, 0.0, 1.0]], [[-0.8440734148025513, -0.5360572338104248, -0.013517201878130436, 1.0906982421875], [0.009516381658613682, 0.010229052975773811, -0.9999024271965027, 1.493072509765625], [0.5361431241035461, -0.844119668006897, -0.0035327470395714045, -1.277587890625], [0.0, 0.0, 0.0, 1.0]], [[0.9478422999382019, 0.31866368651390076, -0.006960984785109758, -1.1438446044921875], [-0.015876661986112595, 0.025389477610588074, -0.9995515942573547, 1.562042236328125], [-0.3183441460132599, 0.9475277066230774, 0.029124537482857704, -0.1561279296875], [0.0, 0.0, 0.0, 1.0]], [[0.00930116418749094, 0.9997993111610413, 0.01773848384618759, -0.0286865234375], [-0.013741744682192802, 0.0178653746843