[{"images": ["samples/CAM_FRONT_LEFT/n015-2018-08-01-16-32-59+0800__CAM_FRONT_LEFT__1533112616154844.jpg", "samples/CAM_FRONT/n015-2018-08-01-16-32-59+0800__CAM_FRONT__1533112616162460.jpg", "samples/CAM_FRONT_RIGHT/n015-2018-08-01-16-32-59+0800__CAM_FRONT_RIGHT__1533112616170574.jpg", "samples/CAM_BACK_LEFT/n015-2018-08-01-16-32-59+0800__CAM_BACK_LEFT__1533112616197423.jpg", "samples/CAM_BACK/n015-2018-08-01-16-32-59+0800__CAM_BACK__1533112616187525.jpg", "samples/CAM_BACK_RIGHT/n015-2018-08-01-16-32-59+0800__CAM_BACK_RIGHT__1533112616178201.jpg"], "intrinsics": [[[1272.5979470598488, 0.0, 826.6154927353808], [0.0, 1272.5979470598488, 479.75165386361925], [0.0, 0.0, 1.0]], [[1266.417203046554, 0.0, 816.2670197447984], [0.0, 1266.417203046554, 491.50706579294757], [0.0, 0.0, 1.0]], [[1260.8474446004698, 0.0, 807.968244525554], [0.0, 1260.8474446004698, 495.3344268742088], [0.0, 0.0, 1.0]], [[1256.7414812095406, 0.0, 792.1125740759628], [0.0, 1256.7414812095406, 492.7757465151356], [0.0, 0.0, 1.0]], [[809.2209905677063, 0.0, 829.2196003259838], [0.0, 809.2209905677063, 481.77842384512485], [0.0, 0.0, 1.0]], [[1259.5137405846733, 0.0, 807.2529053838625], [0.0, 1259.5137405846733, 501.19579884916527], [0.0, 0.0, 1.0]]], "extrinsics": [[[0.8212484121322632, -0.5704021453857422, -0.01386700477451086, -0.6846923828125], [0.003227123524993658, 0.028946928679943085, -0.9995757341384888, 1.509322166442871], [0.5705615282058716, 0.8208552598953247, 0.02561338059604168, -1.08648681640625], [0.0, 0.0, 0.0, 1.0]], [[0.006428779102861881, -0.9996631741523743, -0.02514062635600567, 0.00762939453125], [-0.002144650323316455, 0.025127306580543518, -0.9996820092201233, 1.5199165344238281], [0.9999769926071167, 0.006480648647993803, -0.001982390647754073, -1.4134521484375], [0.0, 0.0, 0.0, 1.0]], [[-0.8325446248054504, -0.5533295273780823, -0.026381105184555054, 0.855072021484375], [0.003360583446919918, 0.04257715865969658, -0.9990874528884888, 1.5043354034423828], [0.5539478063583374, -0.8318734765052795, -0.033587872982025146, -1.1298828125], [0.0, 0.0, 0.0, 1.0]], [[0.9476850032806396, 0.318856418132782, 0.014955946244299412, -1.14642333984375], [0.011434968560934067, 0.012911686673760414, -0.9998512268066406, 1.5885019302368164], [-0.31900209188461304, 0.9477150440216064, 0.008590100333094597, -0.10223388671875], [0.0, 0.0, 0.0, 1.0]], [[0.0020796959288418293, 0.9997411370277405, 0.022657044231891632, 0.0028076171875], [-0.013718429021537304, 0.022683482617139816, -0.9996485710144043, 1.5783119201660156], [-0.999903678894043, 0.001768150250427425, 0.013762052170932293, -0.073974609375], [0.0, 0.0, 0.0, 1.0]], [[-0.9349159002304077, 0.3548412621021271, -0.004458310082554817, 0.994384765625], [0.01910300925374031, 0.03777856007218361, -0.9991035461425781, 1.5543265342712402], [-0.35435473918914795, -0.9341629147529602, -0.04209831729531288, -0.116851806640625], [0.0, 0.0, 0.0, 1.0]]], "view": [[0.0, -2.0, 100.0], [-2.0, 0.0, 100.0], [0.0, 0.0, 1.0]], "bev": "bev_36226a7d173a4992bb4e0be0779daad7.png", "aux": "aux_36226a7d173a4992bb4e0be0779daad7.npz", "visibility": "visibility_36226a7d173a4992bb4e0be0779daad7.png", "pose": [[-0.46854814887046814, 0.8834379315376282, 0.0, 1132.309814453125], [-0.8834379315376282, -0.46854814887046814, 0.0, 622.2479858398438], [0.0, 0.0, 1.0, 0.0], [0.0, 0.0, 0.0, 1.0]], "pose_inverse": [[-0.46854814887046814, -0.8834379315376282, 0.0, 1080.2591552734375], [0.8834379315376282, -0.46854814887046814, 0.0, -708.7723388671875], [0.0, 0.0, 1.0, 0.0], [0.0, 0.0, 0.0, 1.0]], "cam_ids": [0, 1, 2, 3, 4, 5], "cam_channels": ["CAM_FRONT_LEFT", "CAM_FRONT", "CAM_FRONT_RIGHT", "CAM_BACK_LEFT", "CAM_BACK", "CAM_BACK_RIGHT"], "token": "36226a7d173a4992bb4e0be0779daad7", "scene": "scene-0122"}, {"images": ["samples/CAM_FRONT_LEFT/n015-2018-08-01-16-32-59+0800__CAM_FRONT_LEFT__1533112616654844.jpg", "samples/CAM_FRONT/n015-2018-08-01-16-32-59+0800__CAM_FRONT__1533112616662460.jpg", "samples/CAM_FRONT_RIGHT/n015-2018-08-01-16-32-59+0800__CAM_FRONT_RIGHT__1533112616670339.jpg", "samples/CAM_BACK_LEFT/n015-2018-08-01-16-32-59+0800__CAM_BACK_LEFT__1533112616697423.jpg", "samples/CAM_BACK/n015-2018-08-01-16-32-59+0800__CAM_BACK__1533112616687525.jpg", "samples/CAM_BACK_RIGHT/n015-2018-08-01-16-32-59+0800__CAM_BACK_RIGHT__1533112616677893.jpg"], "intrinsics": [[[1272.5979470598488, 0.0, 826.6154927353808], [0.0, 1272.5979470598488, 479.75165386361925], [0.0, 0.0, 1.0]], [[1266.417203046554, 0.0, 816.2670197447984], [0.0, 1266.417203046554, 491.50706579294757], [0.0, 0.0, 1.0]], [[1260.8474446004698, 0.0, 807.968244525554], [0.0, 1260.8474446004698, 495.3344268742088], [0.0, 0.0, 1.0]], [[1256.7414812095406, 0.0, 792.1125740759628], [0.0, 1256.7414812095406, 492.7757465151356], [0.0, 0.0, 1.0]], [[809.2209905677063, 0.0, 829.2196003259838], [0.0, 809.2209905677063, 481.77842384512485], [0.0, 0.0, 1.0]], [[1259.5137405846733, 0.0, 807.2529053838625], [0.0, 1259.5137405846733, 501.19579884916527], [0.0, 0.0, 1.0]]], "extrinsics": [[[0.8213254809379578, -0.5701373219490051, -0.019177956506609917, -0.6708984375], [0.0010443823412060738, 0.03512117266654968, -0.999382495880127, 1.5085830688476562], [0.5704589486122131, 0.8207982778549194, 0.02944135293364525, -1.077402114868164], [0.0, 0.0, 0.0, 1.0]], [[0.006545400246977806, -0.9994941353797913, -0.03112158738076687, 0.00787353515625], [-0.004364015068858862, 0.031093411147594452, -0.999506950378418, 1.5192279815673828], [0.9999690055847168, 0.006678006146103144, -0.004158289171755314, -1.3997802734375], [0.0, 0.0, 0.0, 1.0]], [[-0.8325155973434448, -0.5533092021942139, -0.027690786868333817, 0.84503173828125], [0.0011054174974560738, 0.04832405224442482, -0.9988310933113098, 1.5038585662841797], [0.5540004968643188, -0.8315730094909668, -0.03961889073252678, -1.1231689453125], [0.0, 0.0, 0.0, 1.0]], [[0.9476857781410217, 0.31887680292129517, 0.014468524605035782, -1.14715576171875], [0.009174142964184284, 0.018098965287208557, -0.9997941255569458, 1.5885075330734253], [-0.319072961807251, 0.9476233124732971, 0.014226711355149746, -0.10198974609375], [0.0, 0.0, 0.0, 1.0]], [[0.0020215921103954315, 0.9996061325073242, 0.027989951893687248, 0.00262451171875], [-0.015993015840649605, 0.02801874652504921, -0.9994794726371765, 1.5780830383300781], [-0.9998700022697449, 0.0015728812431916595, 0.01604335755109787, -0.077392578125], [0.0, 0.0, 0.0, 1.0]], [[-0.9349728226661682, 0.3547190725803375, -0.0003758740203920752, 0.9852294921875], [0.016842937096953392, 0.04333630949258804, -0.9989185929298401, 1.55413818359375], [-0.3543192744255066, -0.9339680075645447, -0.046492788940668106, -0.12017822265625], [0.0, 0.0, 0.0, 1.0]]], "view": [[0.0, -2.0, 100.0], [-2.0, 0.0, 100.0], [0.0, 0.0, 1.0]], "bev": "bev_dd2c298e174c41efa59d3c5501ad9038.png", "aux": "aux_dd2c298e174c41efa59d3c5501ad9038.npz", "visibility": "visibility_dd2c298e174c41efa59d3c5501ad9038.png", "pose": [[-0.4687417447566986, 0.8833352327346802, 0.0, 1130.359130859375], [-0.8833352327346802, -0.4687417447566986, 0.0, 618.5780029296875], [0.0, 0.0, 1.0, 0.0], [0.0, 0.0, 0.0, 1.0]], "pose_inverse": [[-0.4687417447566986, -0.8833352327346802, 0.0, 1076.25830078125], [0.8833352327346802, -0.4687417447566986, 0.0, -708.53271484375], [0.0, 0.0, 1.0, 0.0], [0.0, 0.0, 0.0, 1.0]], "cam_ids": [0, 1, 2, 3, 4, 5], "cam_channels": ["CAM_FRONT_LEFT", "CAM_FRONT", "CAM_FRONT_RIGHT", "CAM_BACK_LEFT", "CAM_BACK", "CAM_BACK_RIGHT"], "token": "dd2c298e174c41efa59d3c5501ad9038", "scene": "scene-0122"}, {"images": ["samples/CAM_FRONT_LEFT/n015-2018-08-01-16-32-59+0800__CAM_FRONT_LEFT__1533112617154844.jpg", "samples/CAM_FRONT/n015-2018-08-01-16-32-59+0800__CAM_FRONT__1533112617162460.jpg", "samples/CAM_FRONT_RIGHT/n015-2018-08-01-16-32-59+0800__CAM_FRONT_RIGHT__1533112617170339.jpg", "samples/CAM_BACK_LEFT/n015-2018-08-01-16-32-59+0800__CAM_BACK_LEFT__1533112617197423.jpg", "samples/CAM_BACK/n015-2018-08-01-16-32-59+0800__CAM_BACK__1533112617187525.jpg", "samples/CAM_BACK_RIGHT/n015-2018-08-01-16-32-59+0800__CAM_BACK_RIGHT__1533112617177893.jpg"], "intrinsics": [[[1272.5979470598488, 0.0, 826.6154927353808], [0.0, 1272.5979470598488, 479.75165386361925], [0.0, 0.0, 1.0]], [[1266.417203046554, 0.0, 816.2670197447984], [0.0, 1266.417203046554, 491.50706579294757], [0.0, 0.0, 1.0]], [[1260.8474446004698, 0.0, 807.968244525554], [0.0, 1260.8474446004698, 495.3344268742088], [0.0, 0.0, 1.0]], [[1256.7414812095406, 0.0, 792.1125740759628], [0.0, 1256.7414812095406, 492.7757465151356], [0.0, 0.0, 1.0]], [[809.2209905677063, 0.0, 829.2196003259838], [0.0, 809.2209905677063, 481.77842384512485], [0.0, 0.0, 1.0]], [[1259.5137405846733, 0.0, 807.2529053838625], [0.0, 1259.5137405846733, 501.19579884916527], [0.0, 0.0, 1.0]]], "extrinsics": [[[0.8209027051925659, -0.5705991983413696, -0.023138275370001793, -0.6695556640625], [-0.0035000441130250692, 0.03548963740468025, -0.999363899230957, 1.5069561004638672], [0.5710573792457581, 0.8204614520072937, 0.027136415243148804, -1.0759048461914062], [0.0, 0.0, 0.0, 1.0]], [[0.0059986235573887825, -0.9994906783103943, -0.03133950009942055, 0.0076904296875], [-0.00874114315956831, 0.03128645569086075, -0.9994722604751587, 1.5179290771484375], [0.9999437928199768, 0.006269446574151516, -0.008549016900360584, -1.397705078125], [0.0, 0.0, 0.0, 1.0]], [[-0.8327579498291016, -0.5531079173088074, -0.024200046434998512, 0.843048095703125], [-0.0030638696625828743, 0.048314500600099564, -0.9988274574279785, 1.5029144287109375], [0.5536286234855652, -0.8317074179649353, -0.041928935796022415, -1.1219482421875], [0.0, 0.0, 0.0, 1.0]], [[0.947728157043457, 0.3188873827457428, 0.011052175424993038, -1.1480712890625], [0.00583623768761754, 0.017307568341493607, -0.9998331665992737, 1.5885200500488281], [-0.319025456905365, 0.9476345777511597, 0.014541766606271267, -0.10150146484375], [0.0, 0.0, 0.0, 1.0]], [[0.002191924024373293, 0.9996182322502136, 0.027542797848582268, 0.0028076171875], [-0.019676124677062035, 0.02758064493536949, -0.9994258880615234, 1.5777931213378906], [-0.9998039603233337, 0.001648798817768693, 0.019729068502783775, -0.077392578125], [0.0, 0.0, 0.0, 1.0]], [[-0.9349126219749451, 0.35486268997192383, 0.003270717104896903, 0.9840087890625], [0.012880956754088402, 0.04314335808157921, -0.9989858269691467, 1.5535211563110352], [-0.35464397072792053, -0.9339224696159363, -0.04490624740719795, -0.12078857421875], [0.0, 0.0, 0.0, 1.0]]], "view": [[0.0, -2.0, 100.0], [-2.0, 0.0, 100.0], [0.0, 0.0, 1.0]], "bev": "bev_6513854391254376883be44baec5c68f.png", "aux": "aux_6513854391254376883be44baec5c68f.npz", "visibility": "visibility_6513854391254376883be44baec5c68f.png", "pose": [[-0.47260811924934387, 0.8812726736068726, 0.0, 1128.33984375], [-0.8812726736068726, -0.47260811924934387, 0.0, 614.814697265625], [0.0, 0.0, 1.0, 0.0], [0.0, 0.0, 0.0, 1.0]], "pose_inverse": [[-0.47260811924934387, -0.8812726736068726, 0.0, 1075.08203125], [0.8812726736068726, -0.47260811924934387, 0.0, -703.8086547851562], [0.0, 0.0, 1.0, 0.0], [0.0, 0.0, 0.0, 1.0]], "cam_ids": [0, 1, 2, 3, 4, 5], "cam_channels": ["CAM_FRONT_LEFT", "CAM_FRONT", "CAM_FRONT_RIGHT", "CAM_BACK_LEFT", "CAM_BACK", "CAM_BACK_RIGHT"], "token": "6513854391254376883be44baec5c68f", "scene": "scene-0122"}, {"images": ["samples/CAM_FRONT_LEFT/n015-2018-08-01-16-32-59+0800__CAM_FRONT_LEFT__1533112617654844.jpg", "samples/CAM_FRONT/n015-2018-08-01-16-32-59+0800__CAM_FRONT__1533112617662460.jpg", "samples/CAM_FRONT_RIGHT/n015-2018-08-01-16-32-59+0800__CAM_FRONT_RIGHT__1533112617670339.jpg", "samples/CAM_BACK_LEFT/n015-2018-08-01-16-32-59+0800__CAM_BACK_LEFT__1533112617697423.jpg", "samples/CAM_BACK/n015-2018-08-01-16-32-59+0800__CAM_BACK__1533112617687525.jpg", "samples/CAM_BACK_RIGHT/n015-2018-08-01-16-32-59+0800__CAM_BACK_RIGHT__1533112617678088.jpg"], "intrinsics": [[[1272.5979470598488, 0.0, 826.6154927353808], [0.0, 1272.5979470598488, 479.75165386361925], [0.0, 0.0, 1.0]], [[1266.417203046554, 0.0, 816.2670197447984], [0.0, 1266.417203046554, 491.50706579294757], [0.0, 0.0, 1.0]], [[1260.8474446004698, 0.0, 807.968244525554], [0.0, 1260.8474446004698, 495.3344268742088], [0.0, 0.0, 1.0]], [[1256.7414812095406, 0.0, 792.1125740759628], [0.0, 1256.7414812095406, 492.7757465151356], [0.0, 0.0, 1.0]], [[809.2209905677063, 0.0, 829.2196003259838], [0.0, 809.2209905677063, 481.77842384512485], [0.0, 0.0, 1.0]], [[1259.5137405846733, 0.0, 807.2529053838625], [0.0, 1259.5137405846733, 501.19579884916527], [0.0, 0.0, 1.0]]], "extrinsics": [[[0.821399986743927, -0.5695797801017761, -0.029678205028176308, -0.6683349609375], [-0.013140351511538029, 0.03312243893742561, -0.9993649125099182, 1.5034332275390625], [0.5702011585235596, 0.8212683200836182, 0.019722292199730873, -1.0782089233398438], [0.0, 0.0, 0.0, 1.0]], [[0.006749510765075684, -0.9995499849319458, -0.029227357357740402, 0.00982666015625], [-0.018399542197585106, 0.029098939150571823, -0.999407172203064, 1.5150642395019531], [0.9998079538345337, 0.0072832899168133736, -0.018194857984781265, -1.39892578125], [0.0, 0.0, 0.0, 1.0]], [[-0.8325273394584656, -0.5537785887718201, -0.015084100887179375, 0.8460693359375], [-0.012735085561871529, 0.046352412551641464, -0.9988439679145813, 1.5006637573242188], [0.5538375377655029, -0.8313727378845215, -0.04564207047224045, -1.121826171875], [0.0, 0.0, 0.0, 1.0]], [[0.9477820992469788, 0.31891435384750366, 0.0016345789190381765, -1.1490478515625], [-0.0036597172729671, 0.016001077368855476, -0.9998652338981628, 1.588587760925293], [-0.3188975155353546, 0.9476484656333923, 0.01633267104625702, -0.101318359375], [0.0, 0.0, 0.0, 1.0]], [[0.0021745131816715, 0.999660313129425, 0.025974418967962265, 0.00213623046875], [-0.029246550053358078, 0.02602694369852543, -0.9992333650588989, 1.5770606994628906], [-0.999569833278656, 0.0014131574425846338, 0.029293209314346313, -0.0758056640625], [0.0, 0.0, 0.0, 1.0]], [[-0.9350285530090332, 0.3543815314769745, 0.011636238545179367, 0.9871826171875], [0.003245490835979581, 0.0413702167570591, -0.9991386532783508, 1.5518970489501953], [-0.35455772280693054, -0.9341853857040405, -0.039832472801208496, -0.1182861328125], [0.0, 0.0, 0.0, 1.0]]], "view": [[0.0, -2.0, 100.0], [-2.0, 0.0, 100.0], [0.0, 0.0, 1.0]], "bev": "bev_e2106f9cba0443edb00d41e142385362.png", "aux": "aux_e2106f9cba0443edb00d41e142385362.npz", "visibility": "visibility_e2106f9cba0443edb00d41e142385362.png", "pose": [[-0.47718068957328796, 0.8788052201271057, 0.0, 1126.2801513671875], [-0.8788052201271057, -0.47718068957328796, 0.0, 611.020751953125], [0.0, 0.0, 1.0, 0.0], [0.0, 0.0, 0.0, 1.0]], "pose_inverse": [[-0.47718068957328796, -0.8788052201271057, 0.0, 1074.4073486328125], [0.8788052201271057, -0.47718068957328796, 0.0, -698.2135620117188], [0.0, 0.0, 1.0, 0.0], [0.0, 0.0, 0.0, 1.0]], "cam_ids": [0, 1, 2, 3, 4, 5], "cam_channels": ["CAM_FRONT_LEFT", "CAM_FRONT", "CAM_FRONT_RIGHT", "CAM_BACK_LEFT", "CAM_BACK", "CAM_BACK_RIGHT"], "token": "e2106f9cba0443edb00d41e142385362", "scene": "scene-0122"}, {"images": ["samples/CAM_FRONT_LEFT/n015-2018-08-01-16-32-59+0800__CAM_FRONT_LEFT__1533112618154844.jpg", "samples/CAM_FRONT/n015-2018-08-01-16-32-59+0800__CAM_FRONT__1533112618162460.jpg", "samples/CAM_FRONT_RIGHT/n015-2018-08-01-16-32-59+0800__CAM_FRONT_RIGHT__1533112618170339.jpg", "samples/CAM_BACK_LEFT/n015-2018-08-01-16-32-59+0800__CAM_BACK_LEFT__1533112618197423.jpg", "samples/CAM_BACK/n015-2018-08-01-16-32-59+0800__CAM_BACK__1533112618187548.jpg", "samples/CAM_BACK_RIGHT/n015-2018-08-01-16-32-59+0800__CAM_BACK_RIGHT__1533112618177893.jpg"], "intrinsics": [[[1272.5979470598488, 0.0, 826.6154927353808], [0.0, 1272.5979470598488, 479.75165386361925], [0.0, 0.0, 1.0]], [[1266.417203046554, 0.0, 816.2670197447984], [0.0, 1266.417203046554, 491.50706579294757], [0.0, 0.0, 1.0]], [[1260.8474446004698, 0.0, 807.968244525554], [0.0, 1260.8474446004698, 495.3344268742088], [0.0, 0.0, 1.0]], [[1256.7414812095406, 0.0, 792.1125740759628], [0.0, 1256.7414812095406, 492.7757465151356], [0.0, 0.0, 1.0]], [[809.2209905677063, 0.0, 829.2196003259838], [0.0, 809.2209905677063, 481.77842384512485], [0.0, 0.0, 1.0]], [[1259.5137405846733, 0.0, 807.2529053838625], [0.0, 1259.5137405846733, 501.19579884916527], [0.0, 0.0, 1.0]]], "extrinsics": [[[0.8206403851509094, -0.5706048607826233, -0.030973199754953384, -0.6734619140625], [-0.013599996455013752, 0.03468422219157219, -0.999305784702301, 1.5034103393554688], [0.5712830424308777, 0.8204919099807739, 0.02070304937660694, -1.07757568359375], [0.0, 0.0, 0.0, 1.0]], [[0.005638380069285631, -0.9995085597038269, -0.03083289973437786, 0.0068359375], [-0.018991544842720032, 0.030720794573426247, -0.9993475675582886, 1.5150070190429688], [0.9998037219047546, 0.006220259238034487, -0.0188089981675148, -1.4014892578125], [0.0, 0.0, 0.0, 1.0]], [[-0.8330214619636536, -0.5530259013175964, -0.015408373437821865, 0.845458984375], [-0.01342005841434002, 0.048041850328445435, -0.9987550973892212, 1.5006256103515625], [0.553077757358551, -0.8317777514457703, -0.04744153842329979, -1.1243896484375], [0.0, 0.0, 0.0, 1.0]], [[0.9477777481079102, 0.3189278841018677, 0.0015205810777842999, -1.1456298828125], [-0.004534631501883268, 0.018242793157696724, -0.999823272228241, 1.5885705947875977], [-0.3188992440700531, 0.9476034045219421, 0.01873633824288845, -0.1025390625], [0.0, 0.0, 0.0, 1.0]], [[0.002491215243935585, 0.9996042251586914, 0.02801954373717308, 0.0029296875], [-0.03009071946144104, 0.028081873431801796, -0.999152660369873, 1.5769615173339844], [-0.999544084072113, 0.0016459267353639007, 0.030148768797516823, -0.07763671875], [0.0, 0.0, 0.0, 1.0]], [[-0.9348002076148987, 0.35493436455726624, 0.013036485761404037, 0.98583984375], [0.002471848390996456, 0.043205052614212036, -0.9990631341934204, 1.5518436431884766], [-0.3551650643348694, -0.9338924288749695, -0.041265442967414856, -0.12066650390625], [0.0, 0.0, 0.0, 1.0]]], "view": [[0.0, -2.0, 100.0], [-2.0, 0.0, 100.0], [0.0, 0.0, 1.0]], "bev": "bev_05d348c052b24ffcbdb904c5438f6e12.png", "aux": "aux_05d348c052b24ffcbdb904c5438f6e12.npz", "visibility": "visibility_05d348c052b24ffcbdb904c5438f6e12.png", "pose": [[-0.4853024482727051, 0.8743463158607483, 0.0, 1124.2108154296875], [-0.8743463158607483, -0.4853024482727051, 0.0, 607.30078125], [0.0, 0.0, 1.0, 0.0], [0.0, 0.0, 0.0, 1.0]], "pose_inverse": [[-0.4853024482727051, -0.8743463158607483, 0.0, 1076.573486328125], [0.8743463158607483, -0.4853024482727051, 0.0, -688.2250366210938], [0.0, 0.0, 1.0, 0.0], [0.0, 0.0, 0.0, 1.0]], "cam_ids": [0, 1, 2, 3, 4, 5], "cam_channels": ["CAM_FRONT_LEFT", "CAM_FRONT", "CAM_FRONT_RIGHT", "CAM_BACK_LEFT", "CAM_BACK", "CAM_BACK_RIGHT"], "token": "05d348c052b24ffcbdb904c5438f6e12", "scene": "scene-0122"}, {"images": ["samples/CAM_FRONT_LEFT/n015-2018-08-01-16-32-59+0800__CAM_FRONT_LEFT__1533112618654844.jpg", "samples/CAM_FRONT/n015-2018-08-01-16-32-59+0800__CAM_FRONT__1533112618662460.jpg", "samples/CAM_FRONT_RIGHT/n015-2018-08-01-16-32-59+0800__CAM_FRONT_RIGHT__1533112618670342.jpg", "samples/CAM_BACK_LEFT/n015-2018-08-01-16-32-59+0800__CAM_BACK_LEFT__1533112618697423.jpg", "samples/CAM_BACK/n015-2018-08-01-16-32-59+0800__CAM_BACK__1533112618687525.jpg", "samples/CAM_BACK_RIGHT/n015-2018-08-01-16-32-59+0800__CAM_BACK_RIGHT__1533112618677893.jpg"], "intrinsics": [[[1272.5979470598488, 0.0, 826.6154927353808], [0.0, 1272.5979470598488, 479.75165386361925], [0.0, 0.0, 1.0]], [[1266.417203046554, 0.0, 816.2670197447984], [0.0, 1266.417203046554, 491.50706579294757], [0.0, 0.0, 1.0]], [[1260.8474446004698, 0.0, 807.968244525554], [0.0, 1260.8474446004698, 495.3344268742088], [0.0, 0.0, 1.0]], [[1256.7414812095406, 0.0, 792.1125740759628], [0.0, 1256.7414812095406, 492.7757465151356], [0.0, 0.0, 1.0]], [[809.2209905677063, 0.0, 829.2196003259838], [0.0, 809.2209905677063, 481.77842384512485], [0.0, 0.0, 1.0]], [[1259.5137405846733, 0.0, 807.2529053838625], [0.0, 1259.5137405846733, 501.19579884916527], [0.0, 0.0, 1.0]]], "extrinsics": [[[0.8214772343635559, -0.5694853663444519, -0.029352018609642982, -0.6827392578125], [-0.009452278725802898, 0.03786721080541611, -0.9992380738258362, 1.5049400329589844], [0.5701629519462585, 0.821128785610199, 0.02572411671280861, -1.0867462158203125], [0.0, 0.0, 0.0, 1.0]], [[0.006804485805332661, -0.9994006752967834, -0.03394040837883949, 0.008544921875], [-0.014849578030407429, 0.03383646160364151, -0.9993170499801636, 1.5163154602050781], [0.9998665452003479, 0.00730385584756732, -0.014610436744987965, -1.41162109375], [0.0, 0.0, 0.0, 1.0]], [[-0.8324995636940002, -0.5536450743675232, -0.02053411863744259, 0.85223388671875], [-0.00934256985783577, 0.05108704790472984, -0.9986504912376404, 1.5015449523925781], [0.5539469718933105, -0.8311842083930969, -0.04770241305232048, -1.127197265625], [0.0, 0.0, 0.0, 1.0]], [[0.9477531313896179, 0.318950891494751, 0.005849355831742287, -1.14215087890625], [-0.0008829259313642979, 0.02095891162753105, -0.9997799396514893, 1.588552474975586], [-0.31900325417518616, 0.9475394487380981, 0.020145487040281296, -0.1038818359375], [0.0, 0.0, 0.0, 1.0]], [[0.0020747026428580284, 0.9995214939117432, 0.030864322558045387, 0.00244140625], [-0.0262314323335886, 0.030908169224858284, -0.9991779327392578, 1.5772590637207031], [-0.9996537566184998, 0.0012633836595341563, 0.026283003389835358, -0.0775146484375], [0.0, 0.0, 0.0, 1.0]], [[-0.9350559115409851, 0.3543499708175659, 0.010321613401174545, 0.989501953125], [0.006473144516348839, 0.04617790877819061, -0.9989122152328491, 1.5524234771728516], [-0.35444119572639465, -0.9339720606803894, -0.04547268524765968, -0.1182708740234375], [0.0, 0.0, 0.0, 1.0]]], "view": [[0.0, -2.0, 100.0], [-2.0, 0.0, 100.0], [0.0, 0.0, 1.0]], "bev": "bev_5736d4114a2d44d5b95e91c6d60b23fe.png", "aux": "aux_5736d4114a2d44d5b95e91c6d60b23fe.npz", "visibility": "visibility_5736d4114a2d44d5b95e91c6d60b23fe.png", "pose": [[-0.4922410845756531, 0.8704589009284973, 0.0, 1122.204833984375], [-0.8704589009284973, -0.4922410845756531, 0.0, 603.7374877929688], [0.0, 0.0, 1.0, 0.0], [0.0, 0.0, 0.0, 1.0]], "pose_inverse": [[-0.4922410845756531, -0.8704589009284973, 0.0, 1077.9239501953125], [0.8704589009284973, -0.4922410845756531, 0.0, -679.6488037109375], [0.0, 0.0, 1.0, 0.0], [0.0, 0.0, 0.0, 1.0]], "cam_ids": [0, 1, 2, 3, 4, 5], "cam_channels": ["CAM_FRONT_LEFT", "CAM_FRONT", "CAM_FRONT_RIGHT", "CAM_BACK_LEFT", "CAM_BACK", "CAM_BACK_RIGHT"], "token": "5736d4114a2d44d5b95e91c6d60b23fe", "scene": "scene-0122"}, {"images": ["samples/CAM_FRONT_LEFT/n015-2018-08-01-16-32-59+0800__CAM_FRONT_LEFT__1533112619154844.jpg", "samples/CAM_FRONT/n015-2018-08-01-16-32-59+0800__CAM_FRONT__1533112619162464.jpg", "samples/CAM_FRONT_RIGHT/n015-2018-08-01-16-32-59+0800__CAM_FRONT_RIGHT__1533112619170339.jpg", "samples/CAM_BACK_LEFT/n015-2018-08-01-16-32-59+0800__CAM_BACK_LEFT__1533112619197423.jpg", "samples/CAM_BACK/n015-2018-08-01-16-32-59+0800__CAM_BACK__1533112619187655.jpg", "samples/CAM_BACK_RIGHT/n015-2018-08-01-16-32-59+0800__CAM_BACK_RIGHT__1533112619177893.jpg"], "intrinsics": [[[1272.5979470598488, 0.0, 826.6154927353808], [0.0, 1272.5979470598488, 479.75165386361925], [0.0, 0.0, 1.0]], [[1266.417203046554, 0.0, 816.2670197447984], [0.0, 1266.417203046554, 491.50706579294757], [0.0, 0.0, 1.0]], [[1260.8474446004698, 0.0, 807.968244525554], [0.0, 1260.8474446004698, 495.3344268742088], [0.0, 0.0, 1.0]], [[1256.7414812095406, 0.0, 792.1125740759628], [0.0, 1256.7414812095406, 492.7757465151356], [0.0, 0.0, 1.0]], [[809.2209905677063, 0.0, 829.2196003259838], [0.0, 809.2209905677063, 481.77842384512485], [0.0, 0.0, 1.0]], [[1259.5137405846733, 0.0, 807.2529053838625], [0.0, 1259.5137405846733, 501.19579884916527], [0.0, 0.0, 1.0]]], "extrinsics": [[[0.8211886286735535, -0.5696613788604736, -0.03369102627038956, -0.6888427734375], [-0.011443547904491425, 0.04258835315704346, -0.9990271329879761, 1.50439453125], [0.5705419778823853, 0.8207753300666809, 0.028454124927520752, -1.0884895324707031], [0.0, 0.0, 0.0, 1.0]], [[0.0064219096675515175, -0.999230146408081, -0.038702018558979034, 0.00701904296875], [-0.016698015853762627, 0.038590263575315475, -0.9991156458854675, 1.5159378051757812], [0.9998399019241333, 0.007062436547130346, -0.016437336802482605, -1.417236328125], [0.0, 0.0, 0.0, 1.0]], [[-0.8326640129089355, -0.5533512234687805, -0.02174881100654602, 0.8560791015625], [-0.01103947963565588, 0.05585189163684845, -0.9983780384063721, 1.5012969970703125], [0.5536683797836304, -0.8310733437538147, -0.05261457711458206, -1.13134765625], [0.0, 0.0, 0.0, 1.0]], [[0.9477489590644836, 0.3189579248428345, 0.0061486889608204365, -1.14306640625], [-0.002119587967172265, 0.025569211691617966, -0.9996708035469055, 1.5885639190673828], [-0.31901007890701294, 0.9474238753318787, 0.02490925043821335, -0.10345458984375], [0.0, 0.0, 0.0, 1.0]], [[0.002181092044338584, 0.9993671178817749, 0.035505324602127075, 0.00286865234375], [-0.027665145695209503, 0.035552121698856354, -0.9989848136901855, 1.5772590637207031], [-0.9996148943901062, 0.0011965710436925292, 0.027725176885724068, -0.07373046875], [0.0, 0.0, 0.0, 1.0]], [[-0.9349822402000427, 0.354438453912735, 0.013472945429384708, 0.993896484375], [0.004896002355962992, 0.05087767913937569, -0.9986928701400757, 1.55218505859375], [-0.3546607196331024, -0.9336941838264465, -0.049305062741041183, -0.117462158203125], [0.0, 0.0, 0.0, 1.0]]], "view": [[0.0, -2.0, 100.0], [-2.0, 0.0, 100.0], [0.0, 0.0, 1.0]], "bev": "bev_401c0280f858413ea0d09ea505611252.png", "aux": "aux_401c0280f858413ea0d09ea505611252.npz", "visibility": "visibility_401c0280f858413ea0d09ea505611252.png", "pose": [[-0.49787795543670654, 0.8672471046447754, 0.0, 1120.2208251953125], [-0.8672471046447754, -0.49787795543670654, 0.0, 600.2646484375], [0.0, 0.0, 1.0, 0.0], [0.0, 0.0, 0.0, 1.0]], "pose_inverse": [[-0.49787795543670654, -0.8672471046447754, 0.0, 1078.31103515625], [0.8672471046447754, -0.49787795543670654, 0.0, -672.6497192382812], [0.0, 0.0, 1.0, 0.0], [0.0, 0.0, 0.0, 1.0]], "cam_ids": [0, 1, 2, 3, 4, 5], "cam_channels": ["CAM_FRONT_LEFT", "CAM_FRONT", "CAM_FRONT_RIGHT", "CAM_BACK_LEFT", "CAM_BACK", "CAM_BACK_RIGHT"], "token": "401c0280f858413ea0d09ea505611252", "scene": "scene-0122"}, {"images": ["samples/CAM_FRONT_LEFT/n015-2018-08-01-16-32-59+0800__CAM_FRONT_LEFT__1533112619604844.jpg", "samples/CAM_FRONT/n015-2018-08-01-16-32-59+0800__CAM_FRONT__1533112619612460.jpg", "samples/CAM_FRONT_RIGHT/n015-2018-08-01-16-32-59+0800__CAM_FRONT_RIGHT__1533112619620339.jpg", "samples/CAM_BACK_LEFT/n015-2018-08-01-16-32-59+0800__CAM_BACK_LEFT__1533112619647423.jpg", "samples/CAM_BACK/n015-2018-08-01-16-32-59+0800__CAM_BACK__1533112619637525.jpg", "samples/CAM_BACK_RIGHT/n015-2018-08-01-16-32-59+0800__CAM_BACK_RIGHT__1533112619627893.jpg"], "intrinsics": [[[1272.5979470598488, 0.0, 826.6154927353808], [0.0, 1272.5979470598488, 479.75165386361925], [0.0, 0.0, 1.0]], [[1266.417203046554, 0.0, 816.2670197447984], [0.0, 1266.417203046554, 491.50706579294757], [0.0, 0.0, 1.0]], [[1260.8474446004698, 0.0, 807.968244525554], [0.0, 1260.8474446004698, 495.3344268742088], [0.0, 0.0, 1.0]], [[1256.7414812095406, 0.0, 792.1125740759628], [0.0, 1256.7414812095406, 492.7757465151356], [0.0, 0.0, 1.0]], [[809.2209905677063, 0.0, 829.2196003259838], [0.0, 809.2209905677063, 481.77842384512485], [0.0, 0.0, 1.0]], [[1259.5137405846733, 0.0, 807.2529053838625], [0.0, 1259.5137405846733, 501.19579884916527], [0.0, 0.0, 1.0]]], "extrinsics": [[[0.8207246661186218, -0.5703845620155334, -0.032748185098171234, -0.6973876953125], [-0.009543110616505146, 0.04362538829445839, -0.9990023970603943, 1.5051498413085938], [0.5712441802024841, 0.8202183842658997, 0.030361192300915718, -1.0934982299804688], [0.0, 0.0, 0.0, 1.0]], [[0.005714382044970989, -0.9991968274116516, -0.03965948149561882, 0.00634765625], [-0.014892978593707085, 0.03957069292664528, -0.9991058111190796, 1.5165443420410156], [0.9998727440834045, 0.006299913395196199, -0.014654896222054958, -1.4234619140625], [0.0, 0.0, 0.0, 1.0]], [[-0.8329624533653259, -0.5528236031532288, -0.023657288402318954, 0.85791015625], [-0.009323659352958202, 0.05677102506160736, -0.9983436465263367, 1.5017013549804688], [0.5532510280609131, -0.831362247467041, -0.05244247242808342, -1.133056640625], [0.0, 0.0, 0.0, 1.0]], [[0.9477450847625732, 0.3189360797405243, 0.007681071758270264, -1.1380615234375], [-0.0007780335145071149, 0.02638702094554901, -0.9996514916419983, 1.588552474975586], [-0.3190276026725769, 0.9474087953567505, 0.025256313383579254, -0.10504150390625], [0.0, 0.0, 0.0, 1.0]], [[0.002351880306378007, 0.9993362426757812, 0.03635326772928238, 0.00311279296875], [-0.026172306388616562, 0.03640242666006088, -0.9989944100379944, 1.5772857666015625], [-0.9996546506881714, 0.0013981343945488334, 0.026240549981594086, -0.0772705078125], [0.0, 0.0, 0.0, 1.0]], [[-0.9348474740982056, 0.35483649373054504, 0.012295250780880451, 0.994384765625], [0.006512339226901531, 0.05176059529185295, -0.9986382722854614, 1.5524425506591797], [-0.3549896776676178, -0.933494508266449, -0.050699081271886826, -0.11767578125], [0.0, 0.0, 0.0, 1.0]]], "view": [[0.0, -2.0, 100.0], [-2.0, 0.0, 100.0], [0.0, 0.0, 1.0]], "bev": "bev_0a04e4b7a2374bcb8a14645e5030745c.png", "aux": "aux_0a04e4b7a2374bcb8a14645e5030745c.npz", "visibility": "visibility_0a04e4b7a2374bcb8a14645e5030745c.png", "pose": [[-0.5029990077018738, 0.8642869591712952, 0.0, 1118.45458984375], [-0.8642869591712952, -0.5029990077018738, 0.0, 597.235107421875], [0.0, 0.0, 1.0, 0.0], [0.0, 0.0, 0.0, 1.0]], "pose_inverse": [[-0.5029990077018738, -0.8642869591712952, 0.0, 1078.7640380859375], [0.8642869591712952, -0.5029990077018738, 0.0, -666.257080078125], [0.0, 0.0, 1.0, 0.0], [0.0, 0.0, 0.0, 1.0]], "cam_ids": [0, 1, 2, 3, 4, 5], "cam_channels": ["CAM_FRONT_LEFT", "CAM_FRONT", "CAM_FRONT_RIGHT", "CAM_BACK_LEFT", "CAM_BACK", "CAM_BACK_RIGHT"], "token": "0a04e4b7a2374bcb8a14645e5030745c", "scene": "scene-0122"}, {"images": ["samples/CAM_FRONT_LEFT/n015-2018-08-01-16-32-59+0800__CAM_FRONT_LEFT__1533112620104844.jpg", "samples/CAM_FRONT/n015-2018-08-01-16-32-59+0800__CAM_FRONT__1533112620112460.jpg", "samples/CAM_FRONT_RIGHT/n015-2018-08-01-16-32-59+0800__CAM_FRONT_RIGHT__1533112620120339.jpg", "samples/CAM_BACK_LEFT/n015-2018-08-01-16-32-59+0800__CAM_BACK_LEFT__1533112620147423.jpg", "samples/CAM_BACK/n015-2018-08-01-16-32-59+0800__CAM_BACK__1533112620137525.jpg", "samples/CAM_BACK_RIGHT/n015-2018-08-01-16-32-59+0800__CAM_BACK_RIGHT__1533112620127893.jpg"], "intrinsics": [[[1272.5979470598488, 0.0, 826.6154927353808], [0.0, 1272.5979470598488, 479.75165386361925], [0.0, 0.0, 1.0]], [[1266.417203046554, 0.0, 816.2670197447984], [0.0, 1266.417203046554, 491.50706579294757], [0.0, 0.0, 1.0]], [[1260.8474446004698, 0.0, 807.968244525554], [0.0, 1260.8474446004698, 495.3344268742088], [0.0, 0.0, 1.0]], [[1256.7414812095406, 0.0, 792.1125740759628], [0.0, 1256.7414812095406, 492.7757465151356], [0.0, 0.0, 1.0]], [[809.2209905677063, 0.0, 829.2196003259838], [0.0, 809.2209905677063, 481.77842384512485], [0.0, 0.0, 1.0]], [[1259.5137405846733, 0.0, 807.2529053838625], [0.0, 1259.5137405846733, 501.19579884916527], [0.0, 0.0, 1.0]]], "extrinsics": [[[0.8209207653999329, -0.5701611042022705, -0.03170901909470558, -0.7032470703125], [-0.008851846680045128, 0.042816031724214554, -0.9990437626838684, 1.505401611328125], [0.5709735155105591, 0.8204163908958435, 0.0301015917211771, -1.0989532470703125], [0.0, 0.0, 0.0, 1.0]], [[0.005857411306351423, -0.9992326498031616, -0.03872634097933769, 0.0069580078125], [-0.01425223145633936, 0.038639653474092484, -0.9991515874862671, 1.5167884826660156], [0.9998813271522522, 0.006404366344213486, -0.014014966785907745, -1.4302978515625], [0.0, 0.0, 0.0, 1.0]], [[-0.8328990340232849, -0.5529232025146484, -0.0235599372535944, 0.8629150390625], [-0.008744873106479645, 0.05571485310792923, -0.9984083771705627, 1.5018424987792969], [0.5533558130264282, -0.8313674330711365, -0.051240090280771255, -1.1357421875], [0.0, 0.0, 0.0, 1.0]], [[0.9477432370185852, 0.3189420700073242, 0.007665235083550215, -1.1390380859375], [-0.0003719904343597591, 0.02513110265135765, -0.9996840357780457, 1.5885534286499023], [-0.3190339207649231, 0.947441041469574, 0.023936474695801735, -0.10479736328125], [0.0, 0.0, 0.0, 1.0]], [[0.0023064524866640568, 0.9993791580200195, 0.035156529396772385, 0.0028076171875], [-0.02569703944027424, 0.03520425036549568, -0.999049723148346, 1.577392578125], [-0.9996671080589294, 0.0014008315047249198, 0.025762278586626053, -0.0745849609375], [0.0, 0.0, 0.0, 1.0]], [[-0.9348759651184082, 0.3547917306423187, 0.011387999169528484, 0.9981689453125], [0.007038576994091272, 0.05060242488980293, -0.9986940622329712, 1.552480697631836], [-0.3549047112464905, -0.9335749745368958, -0.04980422556400299, -0.1158294677734375], [0.0, 0.0, 0.0, 1.0]]], "view": [[0.0, -2.0, 100.0], [-2.0, 0.0, 100.0], [0.0, 0.0, 1.0]], "bev": "bev_42b2e2e359c14d769327e3e865389026.png", "aux": "aux_42b2e2e359c14d769327e3e865389026.npz", "visibility": "visibility_42b2e2e359c14d769327e3e865389026.png", "pose": [[-0.5083826184272766, 0.8611313104629517, 0.0, 1116.54345703125], [-0.8611313104629517, -0.5083826184272766, 0.0, 593.9962158203125], [0.0, 0.0, 1.0, 0.0], [0.0, 0.0, 0.0, 1.0]], "pose_inverse": [[-0.5083826184272766, -0.8611313104629517, 0.0, 1079.1400146484375], [0.8611313104629517, -0.5083826184272766, 0.0, -659.51318359375], [0.0, 0.0, 1.0, 0.0], [0.0, 0.0, 0.0, 1.0]], "cam_ids": [0, 1, 2, 3, 4, 5], "cam_channels": ["CAM_FRONT_LEFT", "CAM_FRONT", "CAM_FRONT_RIGHT", "CAM_BACK_LEFT", "CAM_BACK", "CAM_BACK_RIGHT"], "token": "42b2e2e359c14d769327e3e865389026", "scene": "scene-0122"}, {"images": ["samples/CAM_FRONT_LEFT/n015-2018-08-01-16-32-59+0800__CAM_FRONT_LEFT__1533112620604844.jpg", "samples/CAM_FRONT/n015-2018-08-01-16-32-59+0800__CAM_FRONT__1533112620612460.jpg", "samples/CAM_FRONT_RIGHT/n015-2018-08-01-16-32-59+0800__CAM_FRONT_RIGHT__1533112620620339.jpg", "samples/CAM_BACK_LEFT/n015-2018-08-01-16-32-59+0800__CAM_BACK_LEFT__1533112620647423.jpg", "samples/CAM_BACK/n015-2018-08-01-16-32-59+0800__CAM_BACK__1533112620637525.jpg", "samples/CAM_BACK_RIGHT/n015-2018-08-01-16-32-59+0800__CAM_BACK_RIGHT__1533112620627893.jpg"], "intrinsics": [[[1272.5979470598488, 0.0, 826.6154927353808], [0.0, 1272.5979470598488, 479.75165386361925], [0.0, 0.0, 1.0]], [[1266.417203046554, 0.0, 816.2670197447984], [0.0, 1266.417203046554, 491.50706579294757], [0.0, 0.0, 1.0]], [[1260.8474446004698, 0.0, 807.968244525554], [0.0, 1260.8474446004698, 495.3344268742088], [0.0, 0.0, 1.0]], [[1256.7414812095406, 0.0, 792.1125740759628], [0.0, 1256.7414812095406, 492.7757465151356], [0.0, 0.0, 1.0]], [[809.2209905677063, 0.0, 829.2196003259838], [0.0, 809.2209905677063, 481.77842384512485], [0.0, 0.0, 1.0]], [[1259.5137405846733, 0.0, 807.2529053838625], [0.0, 1259.5137405846733, 501.19579884916527], [0.0, 0.0, 1.0]]], "extrinsics": [[[0.8211734890937805, -0.5699539184570312, -0.02874847501516342, -0.703369140625], [-0.007410414516925812, 0.03972208499908447, -0.9991832971572876, 1.505859375], [0.5706303715705872, 0.8207159042358398, 0.02839512936770916, -1.0992813110351562], [0.0, 0.0, 0.0, 1.0]], [[0.006442763842642307, -0.9993423223495483, -0.03568291664123535, 0.00738525390625], [-0.012818833813071251, 0.03559819236397743, -0.999284029006958, 1.5171623229980469], [0.9998970627784729, 0.006895603612065315, -0.012581050395965576, -1.4305419921875], [0.0, 0.0, 0.0, 1.0]], [[-0.8326402902603149, -0.5533312559127808, -0.023121073842048645, 0.862548828125], [-0.007318397052586079, 0.05273851379752159, -0.9985814690589905, 1.5021209716796875], [0.5537657737731934, -0.8312899470329285, -0.04796171188354492, -1.1351318359375], [0.0, 0.0, 0.0, 1.0]], [[0.9477449059486389, 0.31892502307891846, 0.00814467016607523, -1.13580322265625], [0.0011251649120822549, 0.022187944501638412, -0.9997531771659851, 1.5885639190673828], [-0.31902700662612915, 0.9475202560424805, 0.020669668912887573, -0.10589599609375], [0.0, 0.0, 0.0, 1.0]], [[0.0021308448631316423, 0.9994788765907288, 0.03221328929066658, 0.0029296875], [-0.024233730509877205, 0.03225551173090935, -0.9991858601570129, 1.5774459838867188], [-0.9997040629386902, 0.001348473597317934, 0.024289829656481743, -0.076904296875], [0.0, 0.0, 0.0, 1.0]], [[-0.9349925518035889, 0.3545536696910858, 0.008980767801404, 0.996826171875], [0.008484689518809319, 0.04767502099275589, -0.9988268613815308, 1.552694320678711], [-0.35456582903862, -0.933819591999054, -0.04758406803011894, -0.11614990234375], [0.0, 0.0, 0.0, 1.0]]], "view": [[0.0, -2.0, 100.0], [-2.0, 0.0, 100.0], [0.0, 0.0, 1.0]], "bev": "bev_73f737aced4141fe95d298a9da04228b.png", "aux": "aux_73f737aced4141fe95d298a9da04228b.npz", "visibility": "visibility_73f737aced4141fe95d298a9da04228b.png", "pose": [[-0.5129884481430054, 0.858395516872406, 0.0, 1114.667724609375], [-0.858395516872406, -0.5129884481430054, 0.0, 590.8506469726562], [0.0, 0.0, 1.0, 0.0], [0.0, 0.0, 0.0, 1.0]], "pose_inverse": [[-0.5129884481430054, -0.858395516872406, 0.0, 1078.9952392578125], [0.858395516872406, -0.5129884481430054, 0.0, -653.7262573242188], [0.0, 0.0, 1.0, 0.0], [0.0, 0.0, 0.0, 1.0]], "cam_ids": [0, 1, 2, 3, 4, 5], "cam_channels": ["CAM_FRONT_LEFT", "CAM_FRONT", "CAM_FRONT_RIGHT", "CAM_BACK_LEFT", "CAM_BACK", "CAM_BACK_RIGHT"], "token": "73f737aced4141fe95d298a9da04228b", "scene": "scene-0122"}, {"images": ["samples/CAM_FRONT_LEFT/n015-2018-08-01-16-32-59+0800__CAM_FRONT_LEFT__1533112621104844.jpg", "samples/CAM_FRONT/n015-2018-08-01-16-32-59+0800__CAM_FRONT__1533112621112460.jpg", "samples/CAM_FRONT_RIGHT/n015-2018-08-01-16-32-59+0800__CAM_FRONT_RIGHT__1533112621120339.jpg", "samples/CAM_BACK_LEFT/n015-2018-08-01-16-32-59+0800__CAM_BACK_LEFT__1533112621147423.jpg", "samples/CAM_BACK/n015-2018-08-01-16-32-59+0800__CAM_BACK__1533112621137525.jpg", "samples/CAM_BACK_RIGHT/n015-2018-08-01-16-32-59+0800__CAM_BACK_RIGHT__1533112621127893.jpg"], "intrinsics": [[[1272.5979470598488, 0.0, 826.6154927353808], [0.0, 1272.5979470598488, 479.75165386361925], [0.0, 0.0, 1.0]], [[1266.417203046554, 0.0, 816.2670197447984], [0.0, 1266.417203046554, 491.50706579294757], [0.0, 0.0, 1.0]], [[1260.8474446004698, 0.0, 807.968244525554], [0.0, 1260.8474446004698, 495.3344268742088], [0.0, 0.0, 1.0]], [[1256.7414812095406, 0.0, 792.1125740759628], [0.0, 1256.7414812095406, 492.7757465151356], [0.0, 0.0, 1.0]], [[809.2209905677063, 0.0, 829.2196003259838], [0.0, 809.2209905677063, 481.77842384512485], [0.0, 0.0, 1.0]], [[1259.5137405846733, 0.0, 807.2529053838625], [0.0, 1259.5137405846733, 501.19579884916527], [0.0, 0.0, 1.0]]], "extrinsics": [[[0.8213707208633423, -0.5697780847549438, -0.026515193283557892, -0.7235107421875], [-0.005805540829896927, 0.03813232108950615, -0.9992558360099792, 1.5064697265625], [0.5703651309013367, 0.8209134936332703, 0.028012903407216072, -1.1152877807617188], [0.0, 0.0, 0.0, 1.0]], [[0.006618828047066927, -0.9993975758552551, -0.03406652808189392, 0.00860595703125], [-0.011109516955912113, 0.03399168327450752, -0.9993603825569153, 1.5177955627441406], [0.9999163746833801, 0.006993040442466736, -0.010877839289605618, -1.45166015625], [0.0, 0.0, 0.0, 1.0]], [[-0.8325510621070862, -0.5534395575523376, -0.02373426966369152, 0.876953125], [-0.005509472917765379, 0.05111632123589516, -0.9986774921417236, 1.502532958984375], [0.5539208650588989, -0.8313192129135132, -0.04560611769556999, -1.1436767578125], [0.0, 0.0, 0.0, 1.0]], [[0.947746217250824, 0.31888407468795776, 0.009483317844569683, -1.137451171875], [0.0030978205613791943, 0.020525721833109856, -0.9997844696044922, 1.588578224182129], [-0.3190099895000458, 0.9475713968276978, 0.018465328961610794, -0.10504150390625], [0.0, 0.0, 0.0, 1.0]], [[0.0020676846615970135, 0.9995301961898804, 0.030581554397940636, 0.0025634765625], [-0.022294746711850166, 0.030620096251368523, -0.9992824