[{"images": ["samples/CAM_FRONT_LEFT/n008-2018-09-18-15-26-58-0400__CAM_FRONT_LEFT__1537299140354799.jpg", "samples/CAM_FRONT/n008-2018-09-18-15-26-58-0400__CAM_FRONT__1537299140362404.jpg", "samples/CAM_FRONT_RIGHT/n008-2018-09-18-15-26-58-0400__CAM_FRONT_RIGHT__1537299140370482.jpg", "samples/CAM_BACK_LEFT/n008-2018-09-18-15-26-58-0400__CAM_BACK_LEFT__1537299140397405.jpg", "samples/CAM_BACK/n008-2018-09-18-15-26-58-0400__CAM_BACK__1537299140387558.jpg", "samples/CAM_BACK_RIGHT/n008-2018-09-18-15-26-58-0400__CAM_BACK_RIGHT__1537299140378113.jpg"], "intrinsics": [[[1257.8625342125129, 0.0, 827.2410631095686], [0.0, 1257.8625342125129, 450.915498205774], [0.0, 0.0, 1.0]], [[1252.8131021185304, 0.0, 826.588114781398], [0.0, 1252.8131021185304, 469.9846626224581], [0.0, 0.0, 1.0]], [[1256.7485116440405, 0.0, 817.7887570959712], [0.0, 1256.7485116440403, 451.9541780095127], [0.0, 0.0, 1.0]], [[1254.9860565800168, 0.0, 829.5769333630991], [0.0, 1254.9860565800168, 467.1680561863987], [0.0, 0.0, 1.0]], [[796.8910634503094, 0.0, 857.7774326863696], [0.0, 796.8910634503094, 476.8848988407415], [0.0, 0.0, 1.0]], [[1249.9629280788233, 0.0, 825.3768045375984], [0.0, 1249.9629280788233, 462.54816385708756], [0.0, 0.0, 1.0]]], "extrinsics": [[[0.8224217891693115, -0.568548858165741, -0.019351782277226448, -1.0048828125], [-0.004231119062751532, 0.027903160080313683, -0.9996016621589661, 1.4882946014404297], [0.5688623189926147, 0.8221762180328369, 0.02054256945848465, -1.333251953125], [0.0, 0.0, 0.0, 1.0]], [[0.010065611451864243, -0.9996653199195862, -0.023829976096749306, 0.00531005859375], [-0.00228858576156199, 0.023808090016245842, -0.9997139573097229, 1.480168342590332], [0.999946653842926, 0.010117263533174992, -0.0020481771789491177, -1.73486328125], [0.0, 0.0, 0.0, 1.0]], [[-0.8441365361213684, -0.5359719395637512, -0.012943694368004799, 1.090576171875], [0.005721209105104208, 0.01513608917593956, -0.9998690485954285, 1.493077278137207], [0.5360977053642273, -0.8441001176834106, -0.009710518643260002, -1.277587890625], [0.0, 0.0, 0.0, 1.0]], [[0.9478196501731873, 0.31868094205856323, -0.008968524634838104, -1.143798828125], [-0.019666656851768494, 0.030368274077773094, -0.9993452429771423, 1.562042236328125], [-0.31819993257522583, 0.9473754167556763, 0.03505103290081024, -0.15606689453125], [0.0, 0.0, 0.0, 1.0]], [[0.009403144009411335, 0.9996992945671082, 0.022650232538580894, -0.0289306640625], [-0.01753995567560196, 0.022812645882368088, -0.9995858669281006, 1.5680618286132812], [-0.9998018741607666, 0.009002011269330978, 0.01774919219315052, 0.04443359375], [0.0, 0.0, 0.0, 1.0]], [[-0.9236782789230347, 0.3829694986343384, 0.012360279448330402, 1.1605224609375], [-0.013344088569283485, 8.756195893511176e-05, -0.9999109506607056, 1.5478134155273438], [-0.3829364776611328, -0.9237609505653381, 0.005029499530792236, -0.04364013671875], [0.0, 0.0, 0.0, 1.0]]], "view": [[0.0, -2.0, 100.0], [-2.0, 0.0, 100.0], [0.0, 0.0, 1.0]], "bev": "bev_b71971df5f15494cae5c6548dd51ce2a.png", "aux": "aux_b71971df5f15494cae5c6548dd51ce2a.npz", "visibility": "visibility_b71971df5f15494cae5c6548dd51ce2a.png", "pose": [[0.6396469473838806, -0.7686688303947449, 0.0, 1539.3831787109375], [0.7686688303947449, 0.6396469473838806, 0.0, 1318.5726318359375], [0.0, 0.0, 1.0, 0.0], [0.0, 0.0, 0.0, 1.0]], "pose_inverse": [[0.6396469473838806, 0.7686688303947449, 0.0, -1998.2073974609375], [-0.7686688303947449, 0.6396469473838806, 0.0, 339.85491943359375], [0.0, 0.0, 1.0, 0.0], [0.0, 0.0, 0.0, 1.0]], "cam_ids": [0, 1, 2, 3, 4, 5], "cam_channels": ["CAM_FRONT_LEFT", "CAM_FRONT", "CAM_FRONT_RIGHT", "CAM_BACK_LEFT", "CAM_BACK", "CAM_BACK_RIGHT"], "token": "b71971df5f15494cae5c6548dd51ce2a", "scene": "scene-0813"}, {"images": ["samples/CAM_FRONT_LEFT/n008-2018-09-18-15-26-58-0400__CAM_FRONT_LEFT__1537299140854804.jpg", "samples/CAM_FRONT/n008-2018-09-18-15-26-58-0400__CAM_FRONT__1537299140862404.jpg", "samples/CAM_FRONT_RIGHT/n008-2018-09-18-15-26-58-0400__CAM_FRONT_RIGHT__1537299140870482.jpg", "samples/CAM_BACK_LEFT/n008-2018-09-18-15-26-58-0400__CAM_BACK_LEFT__1537299140897405.jpg", "samples/CAM_BACK/n008-2018-09-18-15-26-58-0400__CAM_BACK__1537299140887558.jpg", "samples/CAM_BACK_RIGHT/n008-2018-09-18-15-26-58-0400__CAM_BACK_RIGHT__1537299140878113.jpg"], "intrinsics": [[[1257.8625342125129, 0.0, 827.2410631095686], [0.0, 1257.8625342125129, 450.915498205774], [0.0, 0.0, 1.0]], [[1252.8131021185304, 0.0, 826.588114781398], [0.0, 1252.8131021185304, 469.9846626224581], [0.0, 0.0, 1.0]], [[1256.7485116440405, 0.0, 817.7887570959712], [0.0, 1256.7485116440403, 451.9541780095127], [0.0, 0.0, 1.0]], [[1254.9860565800168, 0.0, 829.5769333630991], [0.0, 1254.9860565800168, 467.1680561863987], [0.0, 0.0, 1.0]], [[796.8910634503094, 0.0, 857.7774326863696], [0.0, 796.8910634503094, 476.8848988407415], [0.0, 0.0, 1.0]], [[1249.9629280788233, 0.0, 825.3768045375984], [0.0, 1249.9629280788233, 462.54816385708756], [0.0, 0.0, 1.0]]], "extrinsics": [[[0.8224232196807861, -0.5685494542121887, -0.019275767728686333, -1.0048828125], [-0.004114820156246424, 0.027937686070799828, -0.9996011853218079, 1.4882946014404297], [0.5688612461090088, 0.8221746683120728, 0.02063712477684021, -1.33331298828125], [0.0, 0.0, 0.0, 1.0]], [[0.01006843987852335, -0.9996646642684937, -0.02385958470404148, 0.005340576171875], [-0.0021717532072216272, 0.02383887581527233, -0.9997134804725647, 1.4801645278930664], [0.9999469518661499, 0.01011737436056137, -0.0019310025963932276, -1.73486328125], [0.0, 0.0, 0.0, 1.0]], [[-0.8441340327262878, -0.535973072052002, -0.013060951605439186, 1.0906982421875], [0.005841825623065233, 0.015164833515882492, -0.9998679161071777, 1.4930710792541504], [0.5361003279685974, -0.8440988659858704, -0.009670092724263668, -1.2777099609375], [0.0, 0.0, 0.0, 1.0]], [[0.9478213787078857, 0.3186796307563782, -0.008833472616970539, -1.1439208984375], [-0.01952667534351349, 0.030375611037015915, -0.9993478059768677, 1.5620384216308594], [-0.31820347905158997, 0.9473756551742554, 0.03501340374350548, -0.15606689453125], [0.0, 0.0, 0.0, 1.0]], [[0.009399072267115116, 0.9996986985206604, 0.022674739360809326, -0.0289306640625], [-0.017399918287992477, 0.02283581718802452, -0.9995877742767334, 1.5680618286132812], [-0.9998044371604919, 0.009000759571790695, 0.017609313130378723, 0.0443115234375], [0.0, 0.0, 0.0, 1.0]], [[-0.9236804246902466, 0.3829677402973175, 0.012253373861312866, 1.1607666015625], [-0.013217207975685596, 0.00011443975381553173, -0.999912679195404, 1.5478096008300781], [-0.3829355537891388, -0.9237616658210754, 0.004956058692187071, -0.0435791015625], [0.0, 0.0, 0.0, 1.0]]], "view": [[0.0, -2.0, 100.0], [-2.0, 0.0, 100.0], [0.0, 0.0, 1.0]], "bev": "bev_c4ec90b3c9184b3280c5ef8c180661d6.png", "aux": "aux_c4ec90b3c9184b3280c5ef8c180661d6.npz", "visibility": "visibility_c4ec90b3c9184b3280c5ef8c180661d6.png", "pose": [[0.6395936608314514, -0.7687131762504578, 0.0, 1539.3831787109375], [0.7687131762504578, 0.6395936608314514, 0.0, 1318.5726318359375], [0.0, 0.0, 1.0, 0.0], [0.0, 0.0, 0.0, 1.0]], "pose_inverse": [[0.6395936608314514, 0.7687131762504578, 0.0, -1998.183837890625], [-0.7687131762504578, 0.6395936608314514, 0.0, 339.9934997558594], [0.0, 0.0, 1.0, 0.0], [0.0, 0.0, 0.0, 1.0]], "cam_ids": [0, 1, 2, 3, 4, 5], "cam_channels": ["CAM_FRONT_LEFT", "CAM_FRONT", "CAM_FRONT_RIGHT", "CAM_BACK_LEFT", "CAM_BACK", "CAM_BACK_RIGHT"], "token": "c4ec90b3c9184b3280c5ef8c180661d6", "scene": "scene-0813"}, {"images": ["samples/CAM_FRONT_LEFT/n008-2018-09-18-15-26-58-0400__CAM_FRONT_LEFT__1537299141354799.jpg", "samples/CAM_FRONT/n008-2018-09-18-15-26-58-0400__CAM_FRONT__1537299141362410.jpg", "samples/CAM_FRONT_RIGHT/n008-2018-09-18-15-26-58-0400__CAM_FRONT_RIGHT__1537299141370482.jpg", "samples/CAM_BACK_LEFT/n008-2018-09-18-15-26-58-0400__CAM_BACK_LEFT__1537299141397405.jpg", "samples/CAM_BACK/n008-2018-09-18-15-26-58-0400__CAM_BACK__1537299141387558.jpg", "samples/CAM_BACK_RIGHT/n008-2018-09-18-15-26-58-0400__CAM_BACK_RIGHT__1537299141378113.jpg"], "intrinsics": [[[1257.8625342125129, 0.0, 827.2410631095686], [0.0, 1257.8625342125129, 450.915498205774], [0.0, 0.0, 1.0]], [[1252.8131021185304, 0.0, 826.588114781398], [0.0, 1252.8131021185304, 469.9846626224581], [0.0, 0.0, 1.0]], [[1256.7485116440405, 0.0, 817.7887570959712], [0.0, 1256.7485116440403, 451.9541780095127], [0.0, 0.0, 1.0]], [[1254.9860565800168, 0.0, 829.5769333630991], [0.0, 1254.9860565800168, 467.1680561863987], [0.0, 0.0, 1.0]], [[796.8910634503094, 0.0, 857.7774326863696], [0.0, 796.8910634503094, 476.8848988407415], [0.0, 0.0, 1.0]], [[1249.9629280788233, 0.0, 825.3768045375984], [0.0, 1249.9629280788233, 462.54816385708756], [0.0, 0.0, 1.0]]], "extrinsics": [[[0.822418212890625, -0.568557858467102, -0.019244154915213585, -1.0050048828125], [-0.004071451257914305, 0.027944467961788177, -0.9996011853218079, 1.488290786743164], [0.5688688158988953, 0.8221685886383057, 0.02066718228161335, -1.33331298828125], [0.0, 0.0, 0.0, 1.0]], [[0.010059716179966927, -0.9996649026870728, -0.023851200938224792, 0.00537109375], [-0.0021194475702941418, 0.023831039667129517, -0.9997137784957886, 1.48016357421875], [0.9999471306800842, 0.010107369162142277, -0.0018790022004395723, -1.7347412109375], [0.0, 0.0, 0.0, 1.0]], [[-0.8441383838653564, -0.5359652638435364, -0.013096594251692295, 1.0906982421875], [0.00589824328199029, 0.01514264103025198, -0.9998679161071777, 1.4930710792541504], [0.5360928177833557, -0.8441042304039001, -0.009621232748031616, -1.2777099609375], [0.0, 0.0, 0.0, 1.0]], [[0.9478214979171753, 0.3186805844306946, -0.008780742064118385, -1.1439208984375], [-0.019453970715403557, 0.03032456710934639, -0.9993507862091064, 1.5620384216308594], [-0.3182075023651123, 0.9473769664764404, 0.03494188189506531, -0.1561279296875], [0.0, 0.0, 0.0, 1.0]], [[0.009402120485901833, 0.999699592590332, 0.022634632885456085, -0.02874755859375], [-0.01734263449907303, 0.02279525063931942, -0.999589741230011, 1.5680656433105469], [-0.9998054504394531, 0.009005612693727016, 0.01755174808204174, 0.0443115234375], [0.0, 0.0, 0.0, 1.0]], [[-0.9236781597137451, 0.3829750418663025, 0.012192456051707268, 1.16064453125], [-0.013163276948034763, 8.556118700653315e-05, -0.9999133348464966, 1.5478134155273438], [-0.3829428255558014, -0.9237586855888367, 0.004962176084518433, -0.04364013671875], [0.0, 0.0, 0.0, 1.0]]], "view": [[0.0, -2.0, 100.0], [-2.0, 0.0, 100.0], [0.0, 0.0, 1.0]], "bev": "bev_df90ded0f0e7403eb93c3ef2d8d30184.png", "aux": "aux_df90ded0f0e7403eb93c3ef2d8d30184.npz", "visibility": "visibility_df90ded0f0e7403eb93c3ef2d8d30184.png", "pose": [[0.6397218704223633, -0.7686064839363098, 0.0, 1539.38330078125], [0.7686064839363098, 0.6397218704223633, 0.0, 1318.5726318359375], [0.0, 0.0, 1.0, 0.0], [0.0, 0.0, 0.0, 1.0]], "pose_inverse": [[0.6397218704223633, 0.7686064839363098, 0.0, -1998.2406005859375], [-0.7686064839363098, 0.6397218704223633, 0.0, 339.66015625], [0.0, 0.0, 1.0, 0.0], [0.0, 0.0, 0.0, 1.0]], "cam_ids": [0, 1, 2, 3, 4, 5], "cam_channels": ["CAM_FRONT_LEFT", "CAM_FRONT", "CAM_FRONT_RIGHT", "CAM_BACK_LEFT", "CAM_BACK", "CAM_BACK_RIGHT"], "token": "df90ded0f0e7403eb93c3ef2d8d30184", "scene": "scene-0813"}, {"images": ["samples/CAM_FRONT_LEFT/n008-2018-09-18-15-26-58-0400__CAM_FRONT_LEFT__1537299141854799.jpg", "samples/CAM_FRONT/n008-2018-09-18-15-26-58-0400__CAM_FRONT__1537299141862404.jpg", "samples/CAM_FRONT_RIGHT/n008-2018-09-18-15-26-58-0400__CAM_FRONT_RIGHT__1537299141870482.jpg", "samples/CAM_BACK_LEFT/n008-2018-09-18-15-26-58-0400__CAM_BACK_LEFT__1537299141897405.jpg", "samples/CAM_BACK/n008-2018-09-18-15-26-58-0400__CAM_BACK__1537299141887558.jpg", "samples/CAM_BACK_RIGHT/n008-2018-09-18-15-26-58-0400__CAM_BACK_RIGHT__1537299141878120.jpg"], "intrinsics": [[[1257.8625342125129, 0.0, 827.2410631095686], [0.0, 1257.8625342125129, 450.915498205774], [0.0, 0.0, 1.0]], [[1252.8131021185304, 0.0, 826.588114781398], [0.0, 1252.8131021185304, 469.9846626224581], [0.0, 0.0, 1.0]], [[1256.7485116440405, 0.0, 817.7887570959712], [0.0, 1256.7485116440403, 451.9541780095127], [0.0, 0.0, 1.0]], [[1254.9860565800168, 0.0, 829.5769333630991], [0.0, 1254.9860565800168, 467.1680561863987], [0.0, 0.0, 1.0]], [[796.8910634503094, 0.0, 857.7774326863696], [0.0, 796.8910634503094, 476.8848988407415], [0.0, 0.0, 1.0]], [[1249.9629280788233, 0.0, 825.3768045375984], [0.0, 1249.9629280788233, 462.54816385708756], [0.0, 0.0, 1.0]]], "extrinsics": [[[0.8224263191223145, -0.5685446858406067, -0.019283898174762726, -1.0050048828125], [-0.004043975379317999, 0.02805456891655922, -0.9995982050895691, 1.4882965087890625], [0.5688573718070984, 0.8221738934516907, 0.0207736324518919, -1.33331298828125], [0.0, 0.0, 0.0, 1.0]], [[0.010075823403894901, -0.9996625781059265, -0.023942731320858, 0.005462646484375], [-0.0020817341282963753, 0.02392292581498623, -0.9997116923332214, 1.4801654815673828], [0.9999471306800842, 0.01012276578694582, -0.00183998909778893, -1.734619140625], [0.0, 0.0, 0.0, 1.0]], [[-0.8441287279129028, -0.5359787344932556, -0.013172958046197891, 1.090576171875], [0.005943628028035164, 0.0152133172377944, -0.9998665452003479, 1.4930739402770996], [0.5361077189445496, -0.8440943956375122, -0.009656339883804321, -1.27734375], [0.0, 0.0, 0.0, 1.0]], [[0.947820246219635, 0.3186850845813751, -0.008747760206460953, -1.14404296875], [-0.019419332966208458, 0.030324451625347137, -0.999351441860199, 1.5620384216308594], [-0.3182131350040436, 0.947375476360321, 0.03493078052997589, -0.15594482421875], [0.0, 0.0, 0.0, 1.0]], [[0.009392923675477505, 0.9996989965438843, 0.022664060816168785, -0.02880859375], [-0.01729234680533409, 0.022824062034487724, -0.9995899200439453, 1.5680580139160156], [-0.9998063445091248, 0.00899715069681406, 0.017501525580883026, 0.0443115234375], [0.0, 0.0, 0.0, 1.0]], [[-0.9236842393875122, 0.38296133279800415, 0.012163124978542328, 1.1605224609375], [-0.013111449778079987, 0.00013380184827838093, -0.9999140501022339, 1.5478134155273438], [-0.38293004035949707, -0.9237643480300903, 0.004897588863968849, -0.043670654296875], [0.0, 0.0, 0.0, 1.0]]], "view": [[0.0, -2.0, 100.0], [-2.0, 0.0, 100.0], [0.0, 0.0, 1.0]], "bev": "bev_e8f6ce766dcb494c9cb142e7d9007370.png", "aux": "aux_e8f6ce766dcb494c9cb142e7d9007370.npz", "visibility": "visibility_e8f6ce766dcb494c9cb142e7d9007370.png", "pose": [[0.6396371722221375, -0.7686769962310791, 0.0, 1539.38330078125], [0.7686769962310791, 0.6396371722221375, 0.0, 1318.572509765625], [0.0, 0.0, 1.0, 0.0], [0.0, 0.0, 0.0, 1.0]], "pose_inverse": [[0.6396371722221375, 0.7686769962310791, 0.0, -1998.203125], [-0.7686769962310791, 0.6396371722221375, 0.0, 339.8805236816406], [0.0, 0.0, 1.0, 0.0], [0.0, 0.0, 0.0, 1.0]], "cam_ids": [0, 1, 2, 3, 4, 5], "cam_channels": ["CAM_FRONT_LEFT", "CAM_FRONT", "CAM_FRONT_RIGHT", "CAM_BACK_LEFT", "CAM_BACK", "CAM_BACK_RIGHT"], "token": "e8f6ce766dcb494c9cb142e7d9007370", "scene": "scene-0813"}, {"images": ["samples/CAM_FRONT_LEFT/n008-2018-09-18-15-26-58-0400__CAM_FRONT_LEFT__1537299142354799.jpg", "samples/CAM_FRONT/n008-2018-09-18-15-26-58-0400__CAM_FRONT__1537299142362404.jpg", "samples/CAM_FRONT_RIGHT/n008-2018-09-18-15-26-58-0400__CAM_FRONT_RIGHT__1537299142370482.jpg", "samples/CAM_BACK_LEFT/n008-2018-09-18-15-26-58-0400__CAM_BACK_LEFT__1537299142397405.jpg", "samples/CAM_BACK/n008-2018-09-18-15-26-58-0400__CAM_BACK__1537299142387558.jpg", "samples/CAM_BACK_RIGHT/n008-2018-09-18-15-26-58-0400__CAM_BACK_RIGHT__1537299142378113.jpg"], "intrinsics": [[[1257.8625342125129, 0.0, 827.2410631095686], [0.0, 1257.8625342125129, 450.915498205774], [0.0, 0.0, 1.0]], [[1252.8131021185304, 0.0, 826.588114781398], [0.0, 1252.8131021185304, 469.9846626224581], [0.0, 0.0, 1.0]], [[1256.7485116440405, 0.0, 817.7887570959712], [0.0, 1256.7485116440403, 451.9541780095127], [0.0, 0.0, 1.0]], [[1254.9860565800168, 0.0, 829.5769333630991], [0.0, 1254.9860565800168, 467.1680561863987], [0.0, 0.0, 1.0]], [[796.8910634503094, 0.0, 857.7774326863696], [0.0, 796.8910634503094, 476.8848988407415], [0.0, 0.0, 1.0]], [[1249.9629280788233, 0.0, 825.3768045375984], [0.0, 1249.9629280788233, 462.54816385708756], [0.0, 0.0, 1.0]]], "extrinsics": [[[0.8224274516105652, -0.5685480833053589, -0.019139109179377556, -1.0048828125], [-0.003976838197559118, 0.02789711393415928, -0.9996029138565063, 1.4882946014404297], [0.5688562393188477, 0.822176992893219, 0.020682325586676598, -1.33319091796875], [0.0, 0.0, 0.0, 1.0]], [[0.010072763077914715, -0.9996663928031921, -0.023785825818777084, 0.00537109375], [-0.002021037507802248, 0.02376663312315941, -0.9997155070304871, 1.4801645278930664], [0.999947190284729, 0.010117935948073864, -0.0017809671116992831, -1.7347412109375], [0.0, 0.0, 0.0, 1.0]], [[-0.8441327214241028, -0.5359732508659363, -0.013137353584170341, 1.090576171875], [0.005998256616294384, 0.01506101805716753, -0.9998685121536255, 1.4930734634399414], [0.5361007452011108, -0.8441006541252136, -0.0094985943287611, -1.2774658203125], [0.0, 0.0, 0.0, 1.0]], [[0.9478216171264648, 0.31868118047714233, -0.008744865655899048, -1.1439208984375], [-0.01937304064631462, 0.030196167528629303, -0.999356210231781, 1.5620460510253906], [-0.31821197271347046, 0.9473809003829956, 0.0347944051027298, -0.1558837890625], [0.0, 0.0, 0.0, 1.0]], [[0.009396471083164215, 0.9997020363807678, 0.02252803184092045, -0.02886962890625], [-0.017252400517463684, 0.022687751799821854, -0.9995936751365662, 1.5680618286132812], [-0.9998071193695068, 0.009003988467156887, 0.017460444942116737, 0.044189453125], [0.0, 0.0, 0.0, 1.0]], [[-0.9236817955970764, 0.3829704225063324, 0.012062165886163712, 1.1607666015625], [-0.013062664307653904, -1.2035903637297451e-05, -0.9999146461486816, 1.5478134155273438], [-0.3829376697540283, -0.9237605333328247, 0.005013732239603996, -0.043792724609375], [0.0, 0.0, 0.0, 1.0]]], "view": [[0.0, -2.0, 100.0], [-2.0, 0.0, 100.0], [0.0, 0.0, 1.0]], "bev": "bev_6e69941479d745569d9feb56cffce407.png", "aux": "aux_6e69941479d745569d9feb56cffce407.npz", "visibility": "visibility_6e69941479d745569d9feb56cffce407.png", "pose": [[0.6395626664161682, -0.7687389850616455, 0.0, 1539.38330078125], [0.7687389850616455, 0.6395626664161682, 0.0, 1318.572509765625], [0.0, 0.0, 1.0, 0.0], [0.0, 0.0, 0.0, 1.0]], "pose_inverse": [[0.6395626664161682, 0.7687389850616455, 0.0, -1998.170166015625], [-0.7687389850616455, 0.6395626664161682, 0.0, 340.0741882324219], [0.0, 0.0, 1.0, 0.0], [0.0, 0.0, 0.0, 1.0]], "cam_ids": [0, 1, 2, 3, 4, 5], "cam_channels": ["CAM_FRONT_LEFT", "CAM_FRONT", "CAM_FRONT_RIGHT", "CAM_BACK_LEFT", "CAM_BACK", "CAM_BACK_RIGHT"], "token": "6e69941479d745569d9feb56cffce407", "scene": "scene-0813"}, {"images": ["samples/CAM_FRONT_LEFT/n008-2018-09-18-15-26-58-0400__CAM_FRONT_LEFT__1537299142854799.jpg", "samples/CAM_FRONT/n008-2018-09-18-15-26-58-0400__CAM_FRONT__1537299142862404.jpg", "samples/CAM_FRONT_RIGHT/n008-2018-09-18-15-26-58-0400__CAM_FRONT_RIGHT__1537299142870482.jpg", "samples/CAM_BACK_LEFT/n008-2018-09-18-15-26-58-0400__CAM_BACK_LEFT__1537299142897405.jpg", "samples/CAM_BACK/n008-2018-09-18-15-26-58-0400__CAM_BACK__1537299142887558.jpg", "samples/CAM_BACK_RIGHT/n008-2018-09-18-15-26-58-0400__CAM_BACK_RIGHT__1537299142878113.jpg"], "intrinsics": [[[1257.8625342125129, 0.0, 827.2410631095686], [0.0, 1257.8625342125129, 450.915498205774], [0.0, 0.0, 1.0]], [[1252.8131021185304, 0.0, 826.588114781398], [0.0, 1252.8131021185304, 469.9846626224581], [0.0, 0.0, 1.0]], [[1256.7485116440405, 0.0, 817.7887570959712], [0.0, 1256.7485116440403, 451.9541780095127], [0.0, 0.0, 1.0]], [[1254.9860565800168, 0.0, 829.5769333630991], [0.0, 1254.9860565800168, 467.1680561863987], [0.0, 0.0, 1.0]], [[796.8910634503094, 0.0, 857.7774326863696], [0.0, 796.8910634503094, 476.8848988407415], [0.0, 0.0, 1.0]], [[1249.9629280788233, 0.0, 825.3768045375984], [0.0, 1249.9629280788233, 462.54816385708756], [0.0, 0.0, 1.0]]], "extrinsics": [[[0.8224242329597473, -0.5685576796531677, -0.01899207942187786, -1.0052490234375], [-0.003820075187832117, 0.0278649739921093, -0.9996044039726257, 1.4882946014404297], [0.5688619613647461, 0.8221714496612549, 0.020744895562529564, -1.3333740234375], [0.0, 0.0, 0.0, 1.0]], [[0.01006831880658865, -0.9996671676635742, -0.023753389716148376, 0.0054931640625], [-0.001866311184130609, 0.02373576909303665, -0.9997165203094482, 1.48016357421875], [0.9999476075172424, 0.01010975893586874, -0.0016267115715891123, -1.734619140625], [0.0, 0.0, 0.0, 1.0]], [[-0.8441334962844849, -0.5359693169593811, -0.01325223594903946, 1.0906982421875], [0.006155031733214855, 0.015028511174023151, -0.9998680949211121, 1.4930706024169922], [0.5360977649688721, -0.8441037535667419, -0.009387160651385784, -1.277587890625], [0.0, 0.0, 0.0, 1.0]], [[0.9478230476379395, 0.31868118047714233, -0.008598965592682362, -1.1439208984375], [-0.01921059936285019, 0.030170539394021034, -0.9993601441383362, 1.5620384216308594], [-0.3182178735733032, 0.9473817348480225, 0.03471837937831879, -0.1561279296875], [0.0, 0.0, 0.0, 1.0]], [[0.009394807741045952, 0.9997029304504395, 0.02249160408973694, -0.0289306640625], [-0.017091551795601845, 0.022649848833680153, -0.9995973110198975, 1.5680618286132812], [-0.9998099207878113, 0.009006691165268421, 0.017299264669418335, 0.0443115234375], [0.0, 0.0, 0.0, 1.0]], [[-0.9236823320388794, 0.3829743266105652, 0.011903008446097374, 1.16064453125], [-0.012903489172458649, -4.362575418781489e-05, -0.9999167323112488, 1.5478134155273438], [-0.3829418420791626, -0.9237591028213501, 0.004982000682502985, -0.043731689453125], [0.0, 0.0, 0.0, 1.0]]], "view": [[0.0, -2.0, 100.0], [-2.0, 0.0, 100.0], [0.0, 0.0, 1.0]], "bev": "bev_e1e763243913499cb87f5028c66f260c.png", "aux": "aux_e1e763243913499cb87f5028c66f260c.npz", "visibility": "visibility_e1e763243913499cb87f5028c66f260c.png", "pose": [[0.6395813822746277, -0.7687234282493591, 0.0, 1539.38330078125], [0.7687234282493591, 0.6395813822746277, 0.0, 1318.572509765625], [0.0, 0.0, 1.0, 0.0], [0.0, 0.0, 0.0, 1.0]], "pose_inverse": [[0.6395813822746277, 0.7687234282493591, 0.0, -1998.178466796875], [-0.7687234282493591, 0.6395813822746277, 0.0, 340.02557373046875], [0.0, 0.0, 1.0, 0.0], [0.0, 0.0, 0.0, 1.0]], "cam_ids": [0, 1, 2, 3, 4, 5], "cam_channels": ["CAM_FRONT_LEFT", "CAM_FRONT", "CAM_FRONT_RIGHT", "CAM_BACK_LEFT", "CAM_BACK", "CAM_BACK_RIGHT"], "token": "e1e763243913499cb87f5028c66f260c", "scene": "scene-0813"}, {"images": ["samples/CAM_FRONT_LEFT/n008-2018-09-18-15-26-58-0400__CAM_FRONT_LEFT__1537299143354799.jpg", "samples/CAM_FRONT/n008-2018-09-18-15-26-58-0400__CAM_FRONT__1537299143362404.jpg", "samples/CAM_FRONT_RIGHT/n008-2018-09-18-15-26-58-0400__CAM_FRONT_RIGHT__1537299143370482.jpg", "samples/CAM_BACK_LEFT/n008-2018-09-18-15-26-58-0400__CAM_BACK_LEFT__1537299143397405.jpg", "samples/CAM_BACK/n008-2018-09-18-15-26-58-0400__CAM_BACK__1537299143387558.jpg", "samples/CAM_BACK_RIGHT/n008-2018-09-18-15-26-58-0400__CAM_BACK_RIGHT__1537299143378113.jpg"], "intrinsics": [[[1257.8625342125129, 0.0, 827.2410631095686], [0.0, 1257.8625342125129, 450.915498205774], [0.0, 0.0, 1.0]], [[1252.8131021185304, 0.0, 826.588114781398], [0.0, 1252.8131021185304, 469.9846626224581], [0.0, 0.0, 1.0]], [[1256.7485116440405, 0.0, 817.7887570959712], [0.0, 1256.7485116440403, 451.9541780095127], [0.0, 0.0, 1.0]], [[1254.9860565800168, 0.0, 829.5769333630991], [0.0, 1254.9860565800168, 467.1680561863987], [0.0, 0.0, 1.0]], [[796.8910634503094, 0.0, 857.7774326863696], [0.0, 796.8910634503094, 476.8848988407415], [0.0, 0.0, 1.0]], [[1249.9629280788233, 0.0, 825.3768045375984], [0.0, 1249.9629280788233, 462.54816385708756], [0.0, 0.0, 1.0]]], "extrinsics": [[[0.8224211931228638, -0.5685610175132751, -0.019017547369003296, -1.0050048828125], [-0.0037976843304932117, 0.02794191986322403, -0.9996023178100586, 1.4882965087890625], [0.5688663721084595, 0.822166383266449, 0.02082081139087677, -1.333251953125], [0.0, 0.0, 0.0, 1.0]], [[0.01006419025361538, -0.9996650815010071, -0.023841150104999542, 0.00537109375], [-0.0018432585056871176, 0.023823771625757217, -0.9997144937515259, 1.4801654815673828], [0.9999476075172424, 0.010105299763381481, -0.001602873089723289, -1.734619140625], [0.0, 0.0, 0.0, 1.0]], [[-0.8441348075866699, -0.5359651446342468, -0.013326757587492466, 1.0908203125], [0.006179153919219971, 0.015129595063626766, -0.9998664259910583, 1.4930686950683594], [0.5360952615737915, -0.8441044688224792, -0.009459607303142548, -1.2777099609375], [0.0, 0.0, 0.0, 1.0]], [[0.9478235244750977, 0.31868138909339905, -0.008525200188159943, -1.14404296875], [-0.019169386476278305, 0.0302793700248003, -0.9993576407432556, 1.562042236328125], [-0.3182186186313629, 0.9473780989646912, 0.03480842709541321, -0.1561279296875], [0.0, 0.0, 0.0, 1.0]], [[0.009395272471010685, 0.9997000694274902, 0.022617407143115997, -0.0289306640625], [-0.017047379165887833, 0.022775249555706978, -0.9995952248573303, 1.5680580139160156], [-0.9998105764389038, 0.009005983360111713, 0.017256245017051697, 0.044189453125], [0.0, 0.0, 0.0, 1.0]], [[-0.9236817955970764, 0.38297510147094727, 0.011916512623429298, 1.16064453125], [-0.012873437255620956, 6.414287781808525e-05, -0.9999171495437622, 1.5478096008300781], [-0.38294413685798645, -0.9237586855888367, 0.004870958626270294, -0.043792724609375], [0.0, 0.0, 0.0, 1.0]]], "view": [[0.0, -2.0, 100.0], [-2.0, 0.0, 100.0], [0.0, 0.0, 1.0]], "bev": "bev_1ad00957bed44c8e84f83596cd4a406b.png", "aux": "aux_1ad00957bed44c8e84f83596cd4a406b.npz", "visibility": "visibility_1ad00957bed44c8e84f83596cd4a406b.png", "pose": [[0.639596164226532, -0.7687110900878906, 0.0, 1539.38330078125], [0.7687110900878906, 0.639596164226532, 0.0, 1318.572509765625], [0.0, 0.0, 1.0, 0.0], [0.0, 0.0, 0.0, 1.0]], "pose_inverse": [[0.639596164226532, 0.7687110900878906, 0.0, -1998.1849365234375], [-0.7687110900878906, 0.639596164226532, 0.0, 339.9871826171875], [0.0, 0.0, 1.0, 0.0], [0.0, 0.0, 0.0, 1.0]], "cam_ids": [0, 1, 2, 3, 4, 5], "cam_channels": ["CAM_FRONT_LEFT", "CAM_FRONT", "CAM_FRONT_RIGHT", "CAM_BACK_LEFT", "CAM_BACK", "CAM_BACK_RIGHT"], "token": "1ad00957bed44c8e84f83596cd4a406b", "scene": "scene-0813"}, {"images": ["samples/CAM_FRONT_LEFT/n008-2018-09-18-15-26-58-0400__CAM_FRONT_LEFT__1537299143854799.jpg", "samples/CAM_FRONT/n008-2018-09-18-15-26-58-0400__CAM_FRONT__1537299143862404.jpg", "samples/CAM_FRONT_RIGHT/n008-2018-09-18-15-26-58-0400__CAM_FRONT_RIGHT__1537299143870482.jpg", "samples/CAM_BACK_LEFT/n008-2018-09-18-15-26-58-0400__CAM_BACK_LEFT__1537299143897405.jpg", "samples/CAM_BACK/n008-2018-09-18-15-26-58-0400__CAM_BACK__1537299143887558.jpg", "samples/CAM_BACK_RIGHT/n008-2018-09-18-15-26-58-0400__CAM_BACK_RIGHT__1537299143878113.jpg"], "intrinsics": [[[1257.8625342125129, 0.0, 827.2410631095686], [0.0, 1257.8625342125129, 450.915498205774], [0.0, 0.0, 1.0]], [[1252.8131021185304, 0.0, 826.588114781398], [0.0, 1252.8131021185304, 469.9846626224581], [0.0, 0.0, 1.0]], [[1256.7485116440405, 0.0, 817.7887570959712], [0.0, 1256.7485116440403, 451.9541780095127], [0.0, 0.0, 1.0]], [[1254.9860565800168, 0.0, 829.5769333630991], [0.0, 1254.9860565800168, 467.1680561863987], [0.0, 0.0, 1.0]], [[796.8910634503094, 0.0, 857.7774326863696], [0.0, 796.8910634503094, 476.8848988407415], [0.0, 0.0, 1.0]], [[1249.9629280788233, 0.0, 825.3768045375984], [0.0, 1249.9629280788233, 462.54816385708756], [0.0, 0.0, 1.0]]], "extrinsics": [[[0.8224294185638428, -0.5685534477233887, -0.018890710547566414, -1.0050048828125], [-0.0037759835831820965, 0.027750810608267784, -0.9996077418327332, 1.4882965087890625], [0.5688546895980835, 0.8221781253814697, 0.020676234737038612, -1.333251953125], [0.0, 0.0, 0.0, 1.0]], [[0.010079369880259037, -0.9996699094772339, -0.02363087795674801, 0.00518798828125], [-0.00182756083086133, 0.023613624274730682, -0.999719500541687, 1.4801654815673828], [0.9999474287033081, 0.010119780898094177, -0.0015889460919424891, -1.73486328125], [0.0, 0.0, 0.0, 1.0]], [[-0.8441261053085327, -0.5359817147254944, -0.013215635903179646, 1.090576171875], [0.006189361214637756, 0.014905939809978008, -0.999869704246521, 1.4930686950683594], [0.5361089110374451, -0.8440979719161987, -0.009265109896659851, -1.277587890625], [0.0, 0.0, 0.0, 1.0]], [[0.947823166847229, 0.31868094205856323, -0.008589442819356918, -1.1439208984375], [-0.019167790189385414, 0.030073009431362152, -0.999363899230957, 1.562042236328125], [-0.31821995973587036, 0.9473848342895508, 0.03461230546236038, -0.15606689453125], [0.0, 0.0, 0.0, 1.0]], [[0.009387732483446598, 0.9997054934501648, 0.022381801158189774, -0.0289306640625], [-0.017042012885212898, 0.022539488971233368, -0.9996006488800049, 1.5680580139160156], [-0.9998106360435486, 0.009002570062875748, 0.017248589545488358, 0.04443359375], [0.0, 0.0, 0.0, 1.0]], [[-0.9236868023872375, 0.382966011762619, 0.01182202436029911, 1.16064453125], [-0.0128664905205369, -0.00016597355715930462, -0.999917209148407, 1.5478134155273438], [-0.38293227553367615, -0.9237623810768127, 0.005080736242234707, -0.043609619140625], [0.0, 0.0, 0.0, 1.0]]], "view": [[0.0, -2.0, 100.0], [-2.0, 0.0, 100.0], [0.0, 0.0, 1.0]], "bev": "bev_ea115cc038c24725bd9eb65eb57ca26e.png", "aux": "aux_ea115cc038c24725bd9eb65eb57ca26e.npz", "visibility": "visibility_ea115cc038c24725bd9eb65eb57ca26e.png", "pose": [[0.6396523118019104, -0.7686643600463867, 0.0, 1539.38330078125], [0.7686643600463867, 0.6396523118019104, 0.0, 1318.572509765625], [0.0, 0.0, 1.0, 0.0], [0.0, 0.0, 0.0, 1.0]], "pose_inverse": [[0.6396523118019104, 0.7686643600463867, 0.0, -1998.2098388671875], [-0.7686643600463867, 0.6396523118019104, 0.0, 339.84112548828125], [0.0, 0.0, 1.0, 0.0], [0.0, 0.0, 0.0, 1.0]], "cam_ids": [0, 1, 2, 3, 4, 5], "cam_channels": ["CAM_FRONT_LEFT", "CAM_FRONT", "CAM_FRONT_RIGHT", "CAM_BACK_LEFT", "CAM_BACK", "CAM_BACK_RIGHT"], "token": "ea115cc038c24725bd9eb65eb57ca26e", "scene": "scene-0813"}, {"images": ["samples/CAM_FRONT_LEFT/n008-2018-09-18-15-26-58-0400__CAM_FRONT_LEFT__1537299144354799.jpg", "samples/CAM_FRONT/n008-2018-09-18-15-26-58-0400__CAM_FRONT__1537299144362404.jpg", "samples/CAM_FRONT_RIGHT/n008-2018-09-18-15-26-58-0400__CAM_FRONT_RIGHT__1537299144370482.jpg", "samples/CAM_BACK_LEFT/n008-2018-09-18-15-26-58-0400__CAM_BACK_LEFT__1537299144397405.jpg", "samples/CAM_BACK/n008-2018-09-18-15-26-58-0400__CAM_BACK__1537299144387558.jpg", "samples/CAM_BACK_RIGHT/n008-2018-09-18-15-26-58-0400__CAM_BACK_RIGHT__1537299144378113.jpg"], "intrinsics": [[[1257.8625342125129, 0.0, 827.2410631095686], [0.0, 1257.8625342125129, 450.915498205774], [0.0, 0.0, 1.0]], [[1252.8131021185304, 0.0, 826.588114781398], [0.0, 1252.8131021185304, 469.9846626224581], [0.0, 0.0, 1.0]], [[1256.7485116440405, 0.0, 817.7887570959712], [0.0, 1256.7485116440403, 451.9541780095127], [0.0, 0.0, 1.0]], [[1254.9860565800168, 0.0, 829.5769333630991], [0.0, 1254.9860565800168, 467.1680561863987], [0.0, 0.0, 1.0]], [[796.8910634503094, 0.0, 857.7774326863696], [0.0, 796.8910634503094, 476.8848988407415], [0.0, 0.0, 1.0]], [[1249.9629280788233, 0.0, 825.3768045375984], [0.0, 1249.9629280788233, 462.54816385708756], [0.0, 0.0, 1.0]]], "extrinsics": [[[0.8224202394485474, -0.5685707330703735, -0.018771015107631683, -1.0050048828125], [-0.0036401750985533, 0.02773606777191162, -0.9996086955070496, 1.4882965087890625], [0.56886887550354, 0.8221667408943176, 0.02074100449681282, -1.333251953125], [0.0, 0.0, 0.0, 1.0]], [[0.01006121002137661, -0.9996703863143921, -0.023622281849384308, 0.005279541015625], [-0.0016963641392067075, 0.023606382310390472, -0.9997199177742004, 1.4801654815673828], [0.9999479651451111, 0.010098517872393131, -0.0014582944568246603, -1.7347412109375], [0.0, 0.0, 0.0, 1.0]], [[-0.8441361784934998, -0.5359634757041931, -0.013318715617060661, 1.090576171875], [0.006316900718957186, 0.01489774789661169, -0.9998690485954285, 1.4930715560913086], [0.5360917448997498, -0.8441097736358643, -0.00919010117650032, -1.2777099609375], [0.0, 0.0, 0.0, 1.0]], [[0.9478251338005066, 0.3186773955821991, -0.008504560217261314, -1.1439208984375], [-0.01906944252550602, 0.030047066509723663, -0.9993665814399719, 1.5620460510253906], [-0.3182200789451599, 0.9473869204521179, 0.03455636277794838, -0.1561279296875], [0.0, 0.0, 0.0, 1.0]], [[0.00939507782459259, 0.9997056722640991, 0.022369418293237686, -0.028839111328125], [-0.01694217137992382, 0.0225263349711895, -0.9996026754379272, 1.5680580139160156], [-0.9998123049736023, 0.009012417867779732, 0.01714882254600525, 0.04443359375], [0.0, 0.0, 0.0, 1.0]], [[-0.9236817359924316, 0.3829818367958069, 0.011704533360898495, 1.1607666015625], [-0.012744775973260403, -0.0001789507077774033, -0.9999187588691711, 1.5478134155273438], [-0.3829486668109894, -0.9237558841705322, 0.00504631083458662, -0.04376220703125], [0.0, 0.0, 0.0, 1.0]]], "view": [[0.0, -2.0, 100.0], [-2.0, 0.0, 100.0], [0.0, 0.0, 1.0]], "bev": "bev_0c15d8037903490a8b73c41dad92e016.png", "aux": "aux_0c15d8037903490a8b73c41dad92e016.npz", "visibility": "visibility_0c15d8037903490a8b73c41dad92e016.png", "pose": [[0.639674723148346, -0.7686457633972168, 0.0, 1539.38330078125], [0.7686457633972168, 0.639674723148346, 0.0, 1318.572509765625], [0.0, 0.0, 1.0, 0.0], [0.0, 0.0, 0.0, 1.0]], "pose_inverse": [[0.639674723148346, 0.7686457633972168, 0.0, -1998.2197265625], [-0.7686457633972168, 0.639674723148346, 0.0, 339.782958984375], [0.0, 0.0, 1.0, 0.0], [0.0, 0.0, 0.0, 1.0]], "cam_ids": [0, 1, 2, 3, 4, 5], "cam_channels": ["CAM_FRONT_LEFT", "CAM_FRONT", "CAM_FRONT_RIGHT", "CAM_BACK_LEFT", "CAM_BACK", "CAM_BACK_RIGHT"], "token": "0c15d8037903490a8b73c41dad92e016", "scene": "scene-0813"}, {"images": ["samples/CAM_FRONT_LEFT/n008-2018-09-18-15-26-58-0400__CAM_FRONT_LEFT__1537299144854799.jpg", "samples/CAM_FRONT/n008-2018-09-18-15-26-58-0400__CAM_FRONT__1537299144862404.jpg", "samples/CAM_FRONT_RIGHT/n008-2018-09-18-15-26-58-0400__CAM_FRONT_RIGHT__1537299144870482.jpg", "samples/CAM_BACK_LEFT/n008-2018-09-18-15-26-58-0400__CAM_BACK_LEFT__1537299144897405.jpg", "samples/CAM_BACK/n008-2018-09-18-15-26-58-0400__CAM_BACK__1537299144887558.jpg", "samples/CAM_BACK_RIGHT/n008-2018-09-18-15-26-58-0400__CAM_BACK_RIGHT__1537299144878113.jpg"], "intrinsics": [[[1257.8625342125129, 0.0, 827.2410631095686], [0.0, 1257.8625342125129, 450.915498205774], [0.0, 0.0, 1.0]], [[1252.8131021185304, 0.0, 826.588114781398], [0.0, 1252.8131021185304, 469.9846626224581], [0.0, 0.0, 1.0]], [[1256.7485116440405, 0.0, 817.7887570959712], [0.0, 1256.7485116440403, 451.9541780095127], [0.0, 0.0, 1.0]], [[1254.9860565800168, 0.0, 829.5769333630991], [0.0, 1254.9860565800168, 467.1680561863987], [0.0, 0.0, 1.0]], [[796.8910634503094, 0.0, 857.7774326863696], [0.0, 796.8910634503094, 476.8848988407415], [0.0, 0.0, 1.0]], [[1249.9629280788233, 0.0, 825.3768045375984], [0.0, 1249.9629280788233, 462.54816385708756], [0.0, 0.0, 1.0]]], "extrinsics": [[[0.8224190473556519, -0.5685733556747437, -0.018741045147180557, -1.0048828125], [-0.003661530092358589, 0.02765243873000145, -0.9996109008789062, 1.4882965087890625], [0.5688704252243042, 0.8221677541732788, 0.020660042762756348, -1.333251953125], [0.0, 0.0, 0.0, 1.0]], [[0.010060213506221771, -0.9996717572212219, -0.02356046438217163, 0.00531005859375], [-0.0017023057444021106, 0.02354450151324272, -0.999721348285675, 1.4801645278930664], [0.9999479651451111, 0.010097510181367397, -0.0014648844953626394, -1.7347412109375], [0.0, 0.0, 0.0, 1.0]], [[-0.8441363573074341, -0.5359635353088379, -0.013303305953741074, 1.090576171875], [0.0063230437226593494, 0.014859331771731377, -0.9998695850372314, 1.4930706024169922], [0.5360913872718811, -0.8441104292869568, -0.009154380299150944, -1.277587890625], [0.0, 0.0, 0.0, 1.0]], [[0.947825014591217, 0.31867852807044983, -0.008484113961458206, -1.143798828125], [-0.019043684005737305, 0.030034448951482773, -0.9993674755096436, 1.5620460510253906], [-0.3182220757007599, 0.9473869800567627, 0.0345362089574337, -0.15618896484375], [0.0, 0.0, 0.0, 1.0]], [[0.009394918568432331, 0.9997059106826782, 0.02235850691795349, -0.02886962890625], [-0.016919413581490517, 0.02251521684229374, -0.999603271484375, 1.5680618286132812], [-0.9998127222061157, 0.009012932889163494, 0.017125966027379036, 0.04443359375], [0.0, 0.0, 0.0, 1.0]], [[-0.9236816763877869, 0.382982462644577, 0.011684194207191467, 1.16064453125], [-0.012731492519378662, -0.00020000914810225368, -0.9999188780784607, 1.547811508178711], [-0.3829491138458252, -0.9237555861473083, 0.005060683935880661, -0.043792724609375], [0.0, 0.0, 0.0, 1.0]]], "view": [[0.0, -2.0, 100.0], [-2.0, 0.0, 100.0], [0.0, 0.0, 1.0]], "bev": "bev_609414d6931e4ef68d796b4bfc53ecdb.png", "aux": "aux_609414d6931e4ef68d796b4bfc53ecdb.npz", "visibility": "visibility_609414d6931e4ef68d796b4bfc53ecdb.png", "pose": [[0.6396215558052063, -0.7686899900436401, 0.0, 1539.38330078125], [0.7686899900436401, 0.6396215558052063, 0.0, 1318.572509765625], [0.0, 0.0, 1.0, 0.0], [0.0, 0.0, 0.0, 1.0]], "pose_inverse": [[0.6396215558052063, 0.7686899900436401, 0.0, -1998.1961669921875], [-0.7686899900436401, 0.6396215558052063, 0.0, 339.9211120605469], [0.0, 0.0, 1.0, 0.0], [0.0, 0.0, 0.0, 1.0]], "cam_ids": [0, 1, 2, 3, 4, 5], "cam_channels": ["CAM_FRONT_LEFT", "CAM_FRONT", "CAM_FRONT_RIGHT", "CAM_BACK_LEFT", "CAM_BACK", "CAM_BACK_RIGHT"], "token": "609414d6931e4ef68d796b4bfc53ecdb", "scene": "scene-0813"}, {"images": ["samples/CAM_FRONT_LEFT/n008-2018-09-18-15-26-58-0400__CAM_FRONT_LEFT__1537299145354799.jpg", "samples/CAM_FRONT/n008-2018-09-18-15-26-58-0400__CAM_FRONT__1537299145362404.jpg", "samples/CAM_FRONT_RIGHT/n008-2018-09-18-15-26-58-0400__CAM_FRONT_RIGHT__1537299145370482.jpg", "samples/CAM_BACK_LEFT/n008-2018-09-18-15-26-58-0400__CAM_BACK_LEFT__1537299145397405.jpg", "samples/CAM_BACK/n008-2018-09-18-15-26-58-0400__CAM_BACK__1537299145387558.jpg", "samples/CAM_BACK_RIGHT/n008-2018-09-18-15-26-58-0400__CAM_BACK_RIGHT__1537299145378113.jpg"], "intrinsics": [[[1257.8625342125129, 0.0, 827.2410631095686], [0.0, 1257.8625342125129, 450.915498205774], [0.0, 0.0, 1.0]], [[1252.8131021185304, 0.0, 826.588114781398], [0.0, 1252.8131021185304, 469.9846626224581], [0.0, 0.0, 1.0]], [[1256.7485116440405, 0.0, 817.7887570959712], [0.0, 1256.7485116440403, 451.9541780095127], [0.0, 0.0, 1.0]], [[1254.9860565800168, 0.0, 829.5769333630991], [0.0, 1254.9860565800168, 467.1680561863987], [0.0, 0.0, 1.0]], [[796.8910634503094, 0.0, 857.7774326863696], [0.0, 796.8910634503094, 476.8848988407415], [0.0, 0.0, 1.0]], [[1249.9629280788233, 0.0, 825.3768045375984], [0.0, 1249.9629280788233, 462.54816385708756], [0.0, 0.0, 1.0]]], "extrinsics": [[[0.8224362730979919, -0.5685486793518066, -0.018733873963356018, -1.0050048828125], [-0.003615755820646882, 0.027707090601325035, -0.9996095299720764, 1.4882965087890625], [0.568845808506012, 0.8221828937530518, 0.02073158137500286, -1.333251953125], [0.0, 0.0, 0.0, 1.0]], [[0.01008808333426714, -0.9996703863143921, -0.02360543981194496, 0.00543212890625], [-0.0016657933592796326, 0.023589808493852615, -0.9997203946113586, 1.4801664352416992], [0.9999476671218872, 0.010124542750418186, -0.0014272683765739202, -1.7347412109375], [0.0, 0.0, 0.0, 1.0]], [[-0.8441224694252014, -0.5359842777252197, -0.01334400475025177, 1.090576171875], [0.006349130067974329, 0.014893741346895695, -0.9998689293861389, 1.4930686950683594], [0.5361127257347107, -0.8440966010093689, -0.009169108234345913, -1.2777099609375], [0.0, 0.0, 0.0, 1.0]], [[0.9478236436843872, 0.31868302822113037, -0.008452294394373894, -1.1439208984375], [-0.019018568098545074, 0.030059034004807472, -0.9993671774864197, 1.5620384216308594], [-0.3182273209095001, 0.9473845958709717, 0.034551557153463364, -0.15625], [0.0, 0.0, 0.0, 1.0]], [[0.0093834875151515, 0.9997054934501648, 0.022380851209163666, -0.028900146484375], [-0.01690203882753849, 0.02253720723092556, -0.9996030926704407, 1.5680580139160156], [-0.9998131394386292, 0.00900152232