[{"images": ["samples/CAM_FRONT_LEFT/n008-2018-07-27-12-07-38-0400__CAM_FRONT_LEFT__1532707856004799.jpg", "samples/CAM_FRONT/n008-2018-07-27-12-07-38-0400__CAM_FRONT__1532707856012404.jpg", "samples/CAM_FRONT_RIGHT/n008-2018-07-27-12-07-38-0400__CAM_FRONT_RIGHT__1532707856020482.jpg", "samples/CAM_BACK_LEFT/n008-2018-07-27-12-07-38-0400__CAM_BACK_LEFT__1532707856047405.jpg", "samples/CAM_BACK/n008-2018-07-27-12-07-38-0400__CAM_BACK__1532707856037558.jpg", "samples/CAM_BACK_RIGHT/n008-2018-07-27-12-07-38-0400__CAM_BACK_RIGHT__1532707856028113.jpg"], "intrinsics": [[[1257.8625342125129, 0.0, 827.2410631095686], [0.0, 1257.8625342125129, 450.915498205774], [0.0, 0.0, 1.0]], [[1252.8131021185304, 0.0, 826.588114781398], [0.0, 1252.8131021185304, 469.9846626224581], [0.0, 0.0, 1.0]], [[1256.7485116440405, 0.0, 817.7887570959712], [0.0, 1256.7485116440403, 451.9541780095127], [0.0, 0.0, 1.0]], [[1254.9860565800168, 0.0, 829.5769333630991], [0.0, 1254.9860565800168, 467.1680561863987], [0.0, 0.0, 1.0]], [[796.8910634503094, 0.0, 857.7774326863696], [0.0, 796.8910634503094, 476.8848988407415], [0.0, 0.0, 1.0]], [[1249.9629280788233, 0.0, 825.3768045375984], [0.0, 1249.9629280788233, 462.54816385708756], [0.0, 0.0, 1.0]]], "extrinsics": [[[0.8224014043807983, -0.5689073801040649, -0.0005404805415309966, -0.897705078125], [0.018483994528651237, 0.02766961231827736, -0.9994462132453918, 1.4906501770019531], [0.5686072707176208, 0.8219360113143921, 0.03327121213078499, -1.26123046875], [0.0, 0.0, 0.0, 1.0]], [[0.010216151364147663, -0.9996781349182129, -0.023221278563141823, 0.0078125], [0.020554136484861374, 0.02342752180993557, -0.9995142221450806, 1.4823379516601562], [0.9997366070747375, 0.00973389483988285, 0.020786860957741737, -1.6275634765625], [0.0, 0.0, 0.0, 1.0]], [[-0.8438007235527039, -0.5356987714767456, -0.0320512093603611, 1.020751953125], [0.02869674749672413, 0.014598242938518524, -0.9994814991950989, 1.495452880859375], [0.5358889102935791, -0.8442829847335815, 0.003054805099964142, -1.231658935546875], [0.0, 0.0, 0.0, 1.0]], [[0.9478484988212585, 0.3184618353843689, 0.012855326756834984, -1.138427734375], [0.0037054342683404684, 0.029320694506168365, -0.9995631575584412, 1.562063217163086], [-0.3186996579170227, 0.9474820494651794, 0.026611536741256714, -0.15792083740234375], [0.0, 0.0, 0.0, 1.0]], [[0.009133100509643555, 0.9997159838676453, 0.022014420479536057, -0.02899169921875], [0.005702450405806303, 0.021962909027934074, -0.9997424483299255, 1.5682430267333984], [-0.9999421238899231, 0.009256280958652496, -0.005500242579728365, 0.0107421875], [0.0, 0.0, 0.0, 1.0]], [[-0.923600435256958, 0.38324543833732605, -0.00922468863427639, 1.103759765625], [0.009745419025421143, -0.0005828544963151217, -0.9999523162841797, 1.548410415649414], [-0.3832325041294098, -0.9236463904380798, -0.0031965626403689384, -0.06640625], [0.0, 0.0, 0.0, 1.0]]], "view": [[0.0, -2.0, 100.0], [-2.0, 0.0, 100.0], [0.0, 0.0, 1.0]], "bev": "bev_250aacb7cdb0450cbcb08795d4455041.png", "aux": "aux_250aacb7cdb0450cbcb08795d4455041.npz", "visibility": "visibility_250aacb7cdb0450cbcb08795d4455041.png", "pose": [[-0.9993203282356262, 0.036863408982753754, 0.0, 1991.3851318359375], [-0.036863408982753754, -0.9993203282356262, 0.0, 875.190673828125], [0.0, 0.0, 1.0, 0.0], [0.0, 0.0, 0.0, 1.0]], "pose_inverse": [[-0.9993203282356262, -0.036863408982753754, 0.0, 2022.2940673828125], [0.036863408982753754, -0.9993203282356262, 0.0, 801.1865844726562], [0.0, 0.0, 1.0, 0.0], [0.0, 0.0, 0.0, 1.0]], "cam_ids": [0, 1, 2, 3, 4, 5], "cam_channels": ["CAM_FRONT_LEFT", "CAM_FRONT", "CAM_FRONT_RIGHT", "CAM_BACK_LEFT", "CAM_BACK", "CAM_BACK_RIGHT"], "token": "250aacb7cdb0450cbcb08795d4455041", "scene": "scene-0222"}, {"images": ["samples/CAM_FRONT_LEFT/n008-2018-07-27-12-07-38-0400__CAM_FRONT_LEFT__1532707856504799.jpg", "samples/CAM_FRONT/n008-2018-07-27-12-07-38-0400__CAM_FRONT__1532707856512404.jpg", "samples/CAM_FRONT_RIGHT/n008-2018-07-27-12-07-38-0400__CAM_FRONT_RIGHT__1532707856520482.jpg", "samples/CAM_BACK_LEFT/n008-2018-07-27-12-07-38-0400__CAM_BACK_LEFT__1532707856547405.jpg", "samples/CAM_BACK/n008-2018-07-27-12-07-38-0400__CAM_BACK__1532707856537558.jpg", "samples/CAM_BACK_RIGHT/n008-2018-07-27-12-07-38-0400__CAM_BACK_RIGHT__1532707856528113.jpg"], "intrinsics": [[[1257.8625342125129, 0.0, 827.2410631095686], [0.0, 1257.8625342125129, 450.915498205774], [0.0, 0.0, 1.0]], [[1252.8131021185304, 0.0, 826.588114781398], [0.0, 1252.8131021185304, 469.9846626224581], [0.0, 0.0, 1.0]], [[1256.7485116440405, 0.0, 817.7887570959712], [0.0, 1256.7485116440403, 451.9541780095127], [0.0, 0.0, 1.0]], [[1254.9860565800168, 0.0, 829.5769333630991], [0.0, 1254.9860565800168, 467.1680561863987], [0.0, 0.0, 1.0]], [[796.8910634503094, 0.0, 857.7774326863696], [0.0, 796.8910634503094, 476.8848988407415], [0.0, 0.0, 1.0]], [[1249.9629280788233, 0.0, 825.3768045375984], [0.0, 1249.9629280788233, 462.54816385708756], [0.0, 0.0, 1.0]]], "extrinsics": [[[0.8226139545440674, -0.5685930848121643, 0.002873595105484128, -0.878173828125], [0.020366886630654335, 0.02441454492509365, -0.9994944334030151, 1.4913787841796875], [0.568235456943512, 0.8222565650939941, 0.03166421130299568, -1.2474365234375], [0.0, 0.0, 0.0, 1.0]], [[0.010558509267866611, -0.9997423887252808, -0.020090142264962196, 0.0078125], [0.022371040657162666, 0.020322401076555252, -0.9995431900024414, 1.4829864501953125], [0.9996939301490784, 0.01010425016283989, 0.022579850628972054, -1.607421875], [0.0, 0.0, 0.0, 1.0]], [[-0.8436247706413269, -0.535982072353363, -0.03194618225097656, 1.00732421875], [0.03044363483786583, 0.01165375579148531, -0.9994685053825378, 1.49609375], [0.5360695719718933, -0.8441489934921265, 0.006485843099653721, -1.223602294921875], [0.0, 0.0, 0.0, 1.0]], [[0.9478219747543335, 0.31851711869239807, 0.013437598012387753, -1.137451171875], [0.005130808334797621, 0.02690424583852291, -0.9996248483657837, 1.56207275390625], [-0.3187592029571533, 0.9475352168083191, 0.023866182193160057, -0.15839385986328125], [0.0, 0.0, 0.0, 1.0]], [[0.009020032361149788, 0.9997708797454834, 0.01941080205142498, -0.02880859375], [0.007230748422443867, 0.019345872104167938, -0.9997866749763489, 1.5683517456054688], [-0.9999331831932068, 0.009158467873930931, -0.00705459201708436, 0.00341796875], [0.0, 0.0, 0.0, 1.0]], [[-0.9236438870429993, 0.383068710565567, -0.011847901158034801, 1.092529296875], [0.011414999142289162, -0.003403222654014826, -0.9999290704727173, 1.5486526489257812], [-0.3830817937850952, -0.9237135648727417, -0.0012293619802221656, -0.0711669921875], [0.0, 0.0, 0.0, 1.0]]], "view": [[0.0, -2.0, 100.0], [-2.0, 0.0, 100.0], [0.0, 0.0, 1.0]], "bev": "bev_5b02220f89fa4e90964aeda87685c928.png", "aux": "aux_5b02220f89fa4e90964aeda87685c928.npz", "visibility": "visibility_5b02220f89fa4e90964aeda87685c928.png", "pose": [[-0.999377965927124, 0.03526626154780388, 0.0, 1989.8204345703125], [-0.03526626154780388, -0.999377965927124, 0.0, 875.150634765625], [0.0, 0.0, 1.0, 0.0], [0.0, 0.0, 0.0, 1.0]], "pose_inverse": [[-0.999377965927124, -0.03526626154780388, 0.0, 2019.4459228515625], [0.03526626154780388, -0.999377965927124, 0.0, 804.4327392578125], [0.0, 0.0, 1.0, 0.0], [0.0, 0.0, 0.0, 1.0]], "cam_ids": [0, 1, 2, 3, 4, 5], "cam_channels": ["CAM_FRONT_LEFT", "CAM_FRONT", "CAM_FRONT_RIGHT", "CAM_BACK_LEFT", "CAM_BACK", "CAM_BACK_RIGHT"], "token": "5b02220f89fa4e90964aeda87685c928", "scene": "scene-0222"}, {"images": ["samples/CAM_FRONT_LEFT/n008-2018-07-27-12-07-38-0400__CAM_FRONT_LEFT__1532707857004799.jpg", "samples/CAM_FRONT/n008-2018-07-27-12-07-38-0400__CAM_FRONT__1532707857012404.jpg", "samples/CAM_FRONT_RIGHT/n008-2018-07-27-12-07-38-0400__CAM_FRONT_RIGHT__1532707857020482.jpg", "samples/CAM_BACK_LEFT/n008-2018-07-27-12-07-38-0400__CAM_BACK_LEFT__1532707857047405.jpg", "samples/CAM_BACK/n008-2018-07-27-12-07-38-0400__CAM_BACK__1532707857037558.jpg", "samples/CAM_BACK_RIGHT/n008-2018-07-27-12-07-38-0400__CAM_BACK_RIGHT__1532707857028113.jpg"], "intrinsics": [[[1257.8625342125129, 0.0, 827.2410631095686], [0.0, 1257.8625342125129, 450.915498205774], [0.0, 0.0, 1.0]], [[1252.8131021185304, 0.0, 826.588114781398], [0.0, 1252.8131021185304, 469.9846626224581], [0.0, 0.0, 1.0]], [[1256.7485116440405, 0.0, 817.7887570959712], [0.0, 1256.7485116440403, 451.9541780095127], [0.0, 0.0, 1.0]], [[1254.9860565800168, 0.0, 829.5769333630991], [0.0, 1254.9860565800168, 467.1680561863987], [0.0, 0.0, 1.0]], [[796.8910634503094, 0.0, 857.7774326863696], [0.0, 796.8910634503094, 476.8848988407415], [0.0, 0.0, 1.0]], [[1249.9629280788233, 0.0, 825.3768045375984], [0.0, 1249.9629280788233, 462.54816385708756], [0.0, 0.0, 1.0]]], "extrinsics": [[[0.8228974938392639, -0.5681456923484802, 0.007079666014760733, -0.8533935546875], [0.022600699216127396, 0.020279405638575554, -0.9995388984680176, 1.492401123046875], [0.5677402019500732, 0.8226780891418457, 0.029528362676501274, -1.23046875], [0.0, 0.0, 0.0, 1.0]], [[0.011031966656446457, -0.9998125433921814, -0.015913719311356544, 0.00836181640625], [0.024590397253632545, 0.016181137412786484, -0.9995666146278381, 1.4839057922363281], [0.9996367692947388, 0.0106358602643013, 0.024764295667409897, -1.58203125], [0.0, 0.0, 0.0, 1.0]], [[-0.8433706760406494, -0.5364034175872803, -0.03157956898212433, 0.9892578125], [0.03264803811907768, 0.007508242502808571, -0.9994386434555054, 1.49700927734375], [0.5363394021987915, -0.843928337097168, 0.011180288158357143, -1.211761474609375], [0.0, 0.0, 0.0, 1.0]], [[0.9477850794792175, 0.3186008036136627, 0.014036702923476696, -1.13232421875], [0.007180134300142527, 0.022685153409838676, -0.9997168779373169, 1.5621299743652344], [-0.3188290596008301, 0.9476174712181091, 0.019213052466511726, -0.1602020263671875], [0.0, 0.0, 0.0, 1.0]], [[0.00883763562887907, 0.999844491481781, 0.01526378933340311, -0.02880859375], [0.009315654635429382, 0.015181400813162327, -0.9998413324356079, 1.5685443878173828], [-0.9999176263809204, 0.008978425525128841, -0.009180039167404175, -0.0087890625], [0.0, 0.0, 0.0, 1.0]], [[-0.9237118363380432, 0.38277602195739746, -0.015458619222044945, 1.0767822265625], [0.013607275672256947, -0.007543699815869331, -0.999879002571106, 1.5490493774414062], [-0.38284629583358765, -0.9238103628158569, 0.0017596668330952525, -0.07763671875], [0.0, 0.0, 0.0, 1.0]]], "view": [[0.0, -2.0, 100.0], [-2.0, 0.0, 100.0], [0.0, 0.0, 1.0]], "bev": "bev_3e0b7d91e0d54eb69e8388a57dd1ae95.png", "aux": "aux_3e0b7d91e0d54eb69e8388a57dd1ae95.npz", "visibility": "visibility_3e0b7d91e0d54eb69e8388a57dd1ae95.png", "pose": [[-0.9995769262313843, 0.029086224734783173, 0.0, 1987.9307861328125], [-0.029086224734783173, -0.9995769262313843, 0.0, 875.1009521484375], [0.0, 0.0, 1.0, 0.0], [0.0, 0.0, 0.0, 1.0]], "pose_inverse": [[-0.9995769262313843, -0.029086224734783173, 0.0, 2012.5430908203125], [0.029086224734783173, -0.9995769262313843, 0.0, 816.9093017578125], [0.0, 0.0, 1.0, 0.0], [0.0, 0.0, 0.0, 1.0]], "cam_ids": [0, 1, 2, 3, 4, 5], "cam_channels": ["CAM_FRONT_LEFT", "CAM_FRONT", "CAM_FRONT_RIGHT", "CAM_BACK_LEFT", "CAM_BACK", "CAM_BACK_RIGHT"], "token": "3e0b7d91e0d54eb69e8388a57dd1ae95", "scene": "scene-0222"}, {"images": ["samples/CAM_FRONT_LEFT/n008-2018-07-27-12-07-38-0400__CAM_FRONT_LEFT__1532707857504799.jpg", "samples/CAM_FRONT/n008-2018-07-27-12-07-38-0400__CAM_FRONT__1532707857512404.jpg", "samples/CAM_FRONT_RIGHT/n008-2018-07-27-12-07-38-0400__CAM_FRONT_RIGHT__1532707857520482.jpg", "samples/CAM_BACK_LEFT/n008-2018-07-27-12-07-38-0400__CAM_BACK_LEFT__1532707857547405.jpg", "samples/CAM_BACK/n008-2018-07-27-12-07-38-0400__CAM_BACK__1532707857537558.jpg", "samples/CAM_BACK_RIGHT/n008-2018-07-27-12-07-38-0400__CAM_BACK_RIGHT__1532707857528113.jpg"], "intrinsics": [[[1257.8625342125129, 0.0, 827.2410631095686], [0.0, 1257.8625342125129, 450.915498205774], [0.0, 0.0, 1.0]], [[1252.8131021185304, 0.0, 826.588114781398], [0.0, 1252.8131021185304, 469.9846626224581], [0.0, 0.0, 1.0]], [[1256.7485116440405, 0.0, 817.7887570959712], [0.0, 1256.7485116440403, 451.9541780095127], [0.0, 0.0, 1.0]], [[1254.9860565800168, 0.0, 829.5769333630991], [0.0, 1254.9860565800168, 467.1680561863987], [0.0, 0.0, 1.0]], [[796.8910634503094, 0.0, 857.7774326863696], [0.0, 796.8910634503094, 476.8848988407415], [0.0, 0.0, 1.0]], [[1249.9629280788233, 0.0, 825.3768045375984], [0.0, 1249.9629280788233, 462.54816385708756], [0.0, 0.0, 1.0]]], "extrinsics": [[[0.8228122591972351, -0.5682341456413269, 0.009488812647759914, -0.842529296875], [0.02302493527531624, 0.01664845272898674, -0.9995962381362915, 1.4927520751953125], [0.5678466558456421, 0.8226985335350037, 0.02678210288286209, -1.224609375], [0.0, 0.0, 0.0, 1.0]], [[0.010802820324897766, -0.9998674392700195, -0.012171774171292782, 0.00927734375], [0.024875381961464882, 0.012437437660992146, -0.9996132254600525, 1.4841537475585938], [0.9996321797370911, 0.010495861060917377, 0.02500644512474537, -1.573486328125], [0.0, 0.0, 0.0, 1.0]], [[-0.8435424566268921, -0.5362448692321777, -0.029623432084918022, 0.986328125], [0.03278281167149544, 0.0036431453190743923, -0.9994558095932007, 1.4971694946289062], [0.5360609889030457, -0.844054639339447, 0.014506466686725616, -1.20904541015625], [0.0, 0.0, 0.0, 1.0]], [[0.9478197693824768, 0.31855395436286926, 0.012695010751485825, -1.134765625], [0.0071548274718225, 0.018555762246251106, -0.9998022317886353, 1.5621147155761719], [-0.3187265396118164, 0.9477230310440063, 0.0153083186596632, -0.1594085693359375], [0.0, 0.0, 0.0, 1.0]], [[0.008985515683889389, 0.9998968243598938, 0.011206300929188728, -0.0291748046875], [0.009432323276996613, 0.011121501214802265, -0.9998936653137207, 1.5685462951660156], [-0.9999151229858398, 0.009090261533856392, -0.009331420995295048, -0.0079345703125], [0.0, 0.0, 0.0, 1.0]], [[-0.9236142039299011, 0.382944792509079, -0.017027925699949265, 1.07470703125], [0.013666161336004734, -0.01149760466068983, -0.9998405575752258, 1.5490913391113281], [-0.383079469203949, -0.9236996173858643, 0.005385966505855322, -0.0780029296875], [0.0, 0.0, 0.0, 1.0]]], "view": [[0.0, -2.0, 100.0], [-2.0, 0.0, 100.0], [0.0, 0.0, 1.0]], "bev": "bev_c8d04816a75f447cb8105b5011ea9b90.png", "aux": "aux_c8d04816a75f447cb8105b5011ea9b90.npz", "visibility": "visibility_c8d04816a75f447cb8105b5011ea9b90.png", "pose": [[-0.9997828602790833, 0.02083705924451351, 0.0, 1985.7642822265625], [-0.02083705924451351, -0.9997828602790833, 0.0, 875.0704345703125], [0.0, 0.0, 1.0, 0.0], [0.0, 0.0, 0.0, 1.0]], "pose_inverse": [[-0.9997828602790833, -0.02083705924451351, 0.0, 2003.5670166015625], [0.02083705924451351, -0.9997828602790833, 0.0, 833.5029296875], [0.0, 0.0, 1.0, 0.0], [0.0, 0.0, 0.0, 1.0]], "cam_ids": [0, 1, 2, 3, 4, 5], "cam_channels": ["CAM_FRONT_LEFT", "CAM_FRONT", "CAM_FRONT_RIGHT", "CAM_BACK_LEFT", "CAM_BACK", "CAM_BACK_RIGHT"], "token": "c8d04816a75f447cb8105b5011ea9b90", "scene": "scene-0222"}, {"images": ["samples/CAM_FRONT_LEFT/n008-2018-07-27-12-07-38-0400__CAM_FRONT_LEFT__1532707858004799.jpg", "samples/CAM_FRONT/n008-2018-07-27-12-07-38-0400__CAM_FRONT__1532707858012404.jpg", "samples/CAM_FRONT_RIGHT/n008-2018-07-27-12-07-38-0400__CAM_FRONT_RIGHT__1532707858020482.jpg", "samples/CAM_BACK_LEFT/n008-2018-07-27-12-07-38-0400__CAM_BACK_LEFT__1532707858047405.jpg", "samples/CAM_BACK/n008-2018-07-27-12-07-38-0400__CAM_BACK__1532707858037586.jpg", "samples/CAM_BACK_RIGHT/n008-2018-07-27-12-07-38-0400__CAM_BACK_RIGHT__1532707858028113.jpg"], "intrinsics": [[[1257.8625342125129, 0.0, 827.2410631095686], [0.0, 1257.8625342125129, 450.915498205774], [0.0, 0.0, 1.0]], [[1252.8131021185304, 0.0, 826.588114781398], [0.0, 1252.8131021185304, 469.9846626224581], [0.0, 0.0, 1.0]], [[1256.7485116440405, 0.0, 817.7887570959712], [0.0, 1256.7485116440403, 451.9541780095127], [0.0, 0.0, 1.0]], [[1254.9860565800168, 0.0, 829.5769333630991], [0.0, 1254.9860565800168, 467.1680561863987], [0.0, 0.0, 1.0]], [[796.8910634503094, 0.0, 857.7774326863696], [0.0, 796.8910634503094, 476.8848988407415], [0.0, 0.0, 1.0]], [[1249.9629280788233, 0.0, 825.3768045375984], [0.0, 1249.9629280788233, 462.54816385708756], [0.0, 0.0, 1.0]]], "extrinsics": [[[0.8228596448898315, -0.568189263343811, 0.007938469760119915, -0.81494140625], [0.021164190024137497, 0.016683828085660934, -0.9996367692947388, 1.4931068420410156], [0.5678504109382629, 0.8227287530899048, 0.02575371414422989, -1.205078125], [0.0, 0.0, 0.0, 1.0]], [[0.010972338728606701, -0.9998607635498047, -0.012574872933328152, 0.009521484375], [0.023174772039055824, 0.012826528400182724, -0.999649167060852, 1.4845619201660156], [0.9996711611747742, 0.010677069425582886, 0.0233122818171978, -1.543701171875], [0.0, 0.0, 0.0, 1.0]], [[-0.8434075117111206, -0.5365050435066223, -0.028741462156176567, 0.964599609375], [0.03125531226396561, 0.004410347435623407, -0.9995017051696777, 1.497772216796875], [0.5363644361495972, -0.843885600566864, 0.013048911467194557, -1.195556640625], [0.0, 0.0, 0.0, 1.0]], [[0.9477989673614502, 0.31863003969192505, 0.012334376573562622, -1.130859375], [0.00612429017201066, 0.020484451204538345, -0.9997714161872864, 1.5621261596679688], [-0.3188098967075348, 0.9476578235626221, 0.01746375858783722, -0.160675048828125], [0.0, 0.0, 0.0, 1.0]], [[0.008851291611790657, 0.9998804926872253, 0.012678168714046478, -0.02899169921875], [0.008124896325170994, 0.012606334872543812, -0.9998874664306641, 1.5685691833496094], [-0.999927818775177, 0.008953303098678589, -0.008012342266738415, -0.01953125], [0.0, 0.0, 0.0, 1.0]], [[-0.9237366318702698, 0.38272207975387573, -0.015312107279896736, 1.0567626953125], [0.012250225059688091, -0.010436143726110458, -0.9998704791069031, 1.5491962432861328], [-0.38283228874206543, -0.9238045811653137, 0.004951816983520985, -0.08544921875], [0.0, 0.0, 0.0, 1.0]]], "view": [[0.0, -2.0, 100.0], [-2.0, 0.0, 100.0], [0.0, 0.0, 1.0]], "bev": "bev_e70f7bdf368b4619adf2d8ffb87a95d5.png", "aux": "aux_e70f7bdf368b4619adf2d8ffb87a95d5.npz", "visibility": "visibility_e70f7bdf368b4619adf2d8ffb87a95d5.png", "pose": [[-0.9999029636383057, 0.013931246474385262, 0.0, 1983.402099609375], [-0.013931246474385262, -0.9999029636383057, 0.0, 875.0501098632812], [0.0, 0.0, 1.0, 0.0], [0.0, 0.0, 0.0, 1.0]], "pose_inverse": [[-0.9999029636383057, -0.013931246474385262, 0.0, 1995.400146484375], [0.013931246474385262, -0.9999029636383057, 0.0, 847.3339233398438], [0.0, 0.0, 1.0, 0.0], [0.0, 0.0, 0.0, 1.0]], "cam_ids": [0, 1, 2, 3, 4, 5], "cam_channels": ["CAM_FRONT_LEFT", "CAM_FRONT", "CAM_FRONT_RIGHT", "CAM_BACK_LEFT", "CAM_BACK", "CAM_BACK_RIGHT"], "token": "e70f7bdf368b4619adf2d8ffb87a95d5", "scene": "scene-0222"}, {"images": ["samples/CAM_FRONT_LEFT/n008-2018-07-27-12-07-38-0400__CAM_FRONT_LEFT__1532707858504799.jpg", "samples/CAM_FRONT/n008-2018-07-27-12-07-38-0400__CAM_FRONT__1532707858512404.jpg", "samples/CAM_FRONT_RIGHT/n008-2018-07-27-12-07-38-0400__CAM_FRONT_RIGHT__1532707858520482.jpg", "samples/CAM_BACK_LEFT/n008-2018-07-27-12-07-38-0400__CAM_BACK_LEFT__1532707858547405.jpg", "samples/CAM_BACK/n008-2018-07-27-12-07-38-0400__CAM_BACK__1532707858537558.jpg", "samples/CAM_BACK_RIGHT/n008-2018-07-27-12-07-38-0400__CAM_BACK_RIGHT__1532707858528113.jpg"], "intrinsics": [[[1257.8625342125129, 0.0, 827.2410631095686], [0.0, 1257.8625342125129, 450.915498205774], [0.0, 0.0, 1.0]], [[1252.8131021185304, 0.0, 826.588114781398], [0.0, 1252.8131021185304, 469.9846626224581], [0.0, 0.0, 1.0]], [[1256.7485116440405, 0.0, 817.7887570959712], [0.0, 1256.7485116440403, 451.9541780095127], [0.0, 0.0, 1.0]], [[1254.9860565800168, 0.0, 829.5769333630991], [0.0, 1254.9860565800168, 467.1680561863987], [0.0, 0.0, 1.0]], [[796.8910634503094, 0.0, 857.7774326863696], [0.0, 796.8910634503094, 476.8848988407415], [0.0, 0.0, 1.0]], [[1249.9629280788233, 0.0, 825.3768045375984], [0.0, 1249.9629280788233, 462.54816385708756], [0.0, 0.0, 1.0]]], "extrinsics": [[[0.8227273225784302, -0.5684241056442261, 0.0037196283228695393, -0.8092041015625], [0.016563167795538902, 0.017431383952498436, -0.9997108578681946, 1.4922065734863281], [0.5681949853897095, 0.8225509524345398, 0.023756178095936775, -1.19970703125], [0.0, 0.0, 0.0, 1.0]], [[0.010646835900843143, -0.9998548030853271, -0.013300154358148575, 0.00830078125], [0.018452033400535583, 0.013495092280209064, -0.9997386932373047, 1.4837760925292969], [0.9997730255126953, 0.010398639366030693, 0.018593037500977516, -1.5384521484375], [0.0, 0.0, 0.0, 1.0]], [[-0.843670666217804, -0.5362802743911743, -0.024962419643998146, 0.961669921875], [0.026403041556477547, 0.0049935332499444485, -0.9996389150619507, 1.4971046447753906], [0.5362113118171692, -0.8440251350402832, 0.009946533478796482, -1.19512939453125], [0.0, 0.0, 0.0, 1.0]], [[0.9478544592857361, 0.31862398982048035, 0.007112269289791584, -1.13330078125], [0.0005846192361786962, 0.020577948540449142, -0.9997881054878235, 1.5620498657226562], [-0.3187028467655182, 0.9476577639579773, 0.019318627193570137, -0.1596832275390625], [0.0, 0.0, 0.0, 1.0]], [[0.00902184471487999, 0.9998749494552612, 0.012985560111701488, -0.02850341796875], [0.0028770186472684145, 0.012960080057382584, -0.9999118447303772, 1.5682373046875], [-0.9999551773071289, 0.009058408439159393, -0.0027597355656325817, -0.0186767578125], [0.0, 0.0, 0.0, 1.0]], [[-0.9237298369407654, 0.3829014003276825, -0.0104698296636343, 1.0562744140625], [0.007220103871077299, -0.009923221543431282, -0.9999246597290039, 1.5486278533935547], [-0.3829764723777771, -0.9237359166145325, 0.00640178844332695, -0.08642578125], [0.0, 0.0, 0.0, 1.0]]], "view": [[0.0, -2.0, 100.0], [-2.0, 0.0, 100.0], [0.0, 0.0, 1.0]], "bev": "bev_6af5e5ab29f54423b93c46de651af2d1.png", "aux": "aux_6af5e5ab29f54423b93c46de651af2d1.npz", "visibility": "visibility_6af5e5ab29f54423b93c46de651af2d1.png", "pose": [[-0.9999440312385559, 0.010577578097581863, 0.0, 1980.8106689453125], [-0.010577578097581863, -0.9999440312385559, 0.0, 875.0372314453125], [0.0, 0.0, 1.0, 0.0], [0.0, 0.0, 0.0, 1.0]], "pose_inverse": [[-0.9999440312385559, -0.010577578097581863, 0.0, 1989.9556884765625], [0.010577578097581863, -0.9999440312385559, 0.0, 854.0360717773438], [0.0, 0.0, 1.0, 0.0], [0.0, 0.0, 0.0, 1.0]], "cam_ids": [0, 1, 2, 3, 4, 5], "cam_channels": ["CAM_FRONT_LEFT", "CAM_FRONT", "CAM_FRONT_RIGHT", "CAM_BACK_LEFT", "CAM_BACK", "CAM_BACK_RIGHT"], "token": "6af5e5ab29f54423b93c46de651af2d1", "scene": "scene-0222"}, {"images": ["samples/CAM_FRONT_LEFT/n008-2018-07-27-12-07-38-0400__CAM_FRONT_LEFT__1532707859004799.jpg", "samples/CAM_FRONT/n008-2018-07-27-12-07-38-0400__CAM_FRONT__1532707859012404.jpg", "samples/CAM_FRONT_RIGHT/n008-2018-07-27-12-07-38-0400__CAM_FRONT_RIGHT__1532707859020482.jpg", "samples/CAM_BACK_LEFT/n008-2018-07-27-12-07-38-0400__CAM_BACK_LEFT__1532707859047405.jpg", "samples/CAM_BACK/n008-2018-07-27-12-07-38-0400__CAM_BACK__1532707859037558.jpg", "samples/CAM_BACK_RIGHT/n008-2018-07-27-12-07-38-0400__CAM_BACK_RIGHT__1532707859028113.jpg"], "intrinsics": [[[1257.8625342125129, 0.0, 827.2410631095686], [0.0, 1257.8625342125129, 450.915498205774], [0.0, 0.0, 1.0]], [[1252.8131021185304, 0.0, 826.588114781398], [0.0, 1252.8131021185304, 469.9846626224581], [0.0, 0.0, 1.0]], [[1256.7485116440405, 0.0, 817.7887570959712], [0.0, 1256.7485116440403, 451.9541780095127], [0.0, 0.0, 1.0]], [[1254.9860565800168, 0.0, 829.5769333630991], [0.0, 1254.9860565800168, 467.1680561863987], [0.0, 0.0, 1.0]], [[796.8910634503094, 0.0, 857.7774326863696], [0.0, 796.8910634503094, 476.8848988407415], [0.0, 0.0, 1.0]], [[1249.9629280788233, 0.0, 825.3768045375984], [0.0, 1249.9629280788233, 462.54816385708756], [0.0, 0.0, 1.0]]], "extrinsics": [[[0.822841465473175, -0.5682182312011719, 0.00775312352925539, -0.7894287109375], [0.017387468367815018, 0.0115372808650136, -0.9997822642326355, 1.492767333984375], [0.5680050849914551, 0.8227970600128174, 0.019373228773474693, -1.18896484375], [0.0, 0.0, 0.0, 1.0]], [[0.010823520831763744, -0.9999158382415771, -0.007147966884076595, 0.0106201171875], [0.019307812675833702, 0.007356037385761738, -0.9997865557670593, 1.4843025207519531], [0.9997549653053284, 0.010683197528123856, 0.01938580721616745, -1.51953125], [0.0, 0.0, 0.0, 1.0]], [[-0.8435831069946289, -0.5365363955497742, -0.02227819338440895, 0.94970703125], [0.02729225344955921, -0.0014042166294530034, -0.9996265172958374, 1.4976730346679688], [0.5363046526908875, -0.8438760638237, 0.015827860683202744, -1.1851806640625], [0.0, 0.0, 0.0, 1.0]], [[0.9478513598442078, 0.3186569809913635, 0.005955170374363661, -1.133056640625], [0.0017225956544280052, 0.013562701642513275, -0.9999065399169922, 1.562063217163086], [-0.31870797276496887, 0.9477730393409729, 0.012306508608162403, -0.1599273681640625], [0.0, 0.0, 0.0, 1.0]], [[0.008961157873272896, 0.9999408721923828, 0.0061575728468596935, -0.02911376953125], [0.0039050248451530933, 0.006122780032455921, -0.9999735951423645, 1.5683221817016602], [-0.9999521970748901, 0.008984966203570366, -0.003849926171824336, -0.0247802734375], [0.0, 0.0, 0.0, 1.0]], [[-0.923753023147583, 0.3827366530895233, -0.013894060626626015, 1.04541015625], [0.008187472820281982, -0.016534853726625443, -0.9998297095298767, 1.5488512516021729], [-0.38290122151374817, -0.923709511756897, 0.01214047521352768, -0.0894775390625], [0.0, 0.0, 0.0, 1.0]]], "view": [[0.0, -2.0, 100.0], [-2.0, 0.0, 100.0], [0.0, 0.0, 1.0]], "bev": "bev_bb70d36900964018874d5e2229cc38b3.png", "aux": "aux_bb70d36900964018874d5e2229cc38b3.npz", "visibility": "visibility_bb70d36900964018874d5e2229cc38b3.png", "pose": [[-0.9999693632125854, 0.007826592773199081, 0.0, 1977.9251708984375], [-0.007826592773199081, -0.9999693632125854, 0.0, 875.03759765625], [0.0, 0.0, 1.0, 0.0], [0.0, 0.0, 0.0, 1.0]], "pose_inverse": [[-0.9999693632125854, -0.007826592773199081, 0.0, 1984.713134765625], [0.007826592773199081, -0.9999693632125854, 0.0, 859.5303955078125], [0.0, 0.0, 1.0, 0.0], [0.0, 0.0, 0.0, 1.0]], "cam_ids": [0, 1, 2, 3, 4, 5], "cam_channels": ["CAM_FRONT_LEFT", "CAM_FRONT", "CAM_FRONT_RIGHT", "CAM_BACK_LEFT", "CAM_BACK", "CAM_BACK_RIGHT"], "token": "bb70d36900964018874d5e2229cc38b3", "scene": "scene-0222"}, {"images": ["samples/CAM_FRONT_LEFT/n008-2018-07-27-12-07-38-0400__CAM_FRONT_LEFT__1532707859504799.jpg", "samples/CAM_FRONT/n008-2018-07-27-12-07-38-0400__CAM_FRONT__1532707859512404.jpg", "samples/CAM_FRONT_RIGHT/n008-2018-07-27-12-07-38-0400__CAM_FRONT_RIGHT__1532707859520482.jpg", "samples/CAM_BACK_LEFT/n008-2018-07-27-12-07-38-0400__CAM_BACK_LEFT__1532707859547405.jpg", "samples/CAM_BACK/n008-2018-07-27-12-07-38-0400__CAM_BACK__1532707859537558.jpg", "samples/CAM_BACK_RIGHT/n008-2018-07-27-12-07-38-0400__CAM_BACK_RIGHT__1532707859528113.jpg"], "intrinsics": [[[1257.8625342125129, 0.0, 827.2410631095686], [0.0, 1257.8625342125129, 450.915498205774], [0.0, 0.0, 1.0]], [[1252.8131021185304, 0.0, 826.588114781398], [0.0, 1252.8131021185304, 469.9846626224581], [0.0, 0.0, 1.0]], [[1256.7485116440405, 0.0, 817.7887570959712], [0.0, 1256.7485116440403, 451.9541780095127], [0.0, 0.0, 1.0]], [[1254.9860565800168, 0.0, 829.5769333630991], [0.0, 1254.9860565800168, 467.1680561863987], [0.0, 0.0, 1.0]], [[796.8910634503094, 0.0, 857.7774326863696], [0.0, 796.8910634503094, 476.8848988407415], [0.0, 0.0, 1.0]], [[1249.9629280788233, 0.0, 825.3768045375984], [0.0, 1249.9629280788233, 462.54816385708756], [0.0, 0.0, 1.0]]], "extrinsics": [[[0.8225390911102295, -0.5686362385749817, 0.009074662812054157, -0.7767333984375], [0.01785866543650627, 0.009877449832856655, -0.99979168176651, 1.4931907653808594], [0.5684282183647156, 0.8225297331809998, 0.018279671669006348, -1.1790771484375], [0.0, 0.0, 0.0, 1.0]], [[0.010485104285180569, -0.999929666519165, -0.005546017549932003, 0.01031494140625], [0.019823428243398666, 0.005753091536462307, -0.9997869729995728, 1.4846649169921875], [0.9997485280036926, 0.010372928343713284, 0.019882354885339737, -1.507080078125], [0.0, 0.0, 0.0, 1.0]], [[-0.8436494469642639, -0.5364463329315186, -0.021928615868091583, 0.9423828125], [0.02785598859190941, -0.002946576103568077, -0.9996076226234436, 1.4980087280273438], [0.5361712574958801, -0.8439292907714844, 0.01742912083864212, -1.180938720703125], [0.0, 0.0, 0.0, 1.0]], [[0.9478344917297363, 0.31870001554489136, 0.006322253029793501, -1.135986328125], [0.002622826024889946, 0.012035667896270752, -0.9999241232872009, 1.5620613098144531], [-0.3187519311904907, 0.9477791786193848, 0.010571926832199097, -0.158966064453125], [0.0, 0.0, 0.0, 1.0]], [[0.009012790396809578, 0.9999486804008484, 0.004626961890608072, -0.029052734375], [0.004685558844357729, 0.004584868438541889, -0.9999784827232361, 1.5683832168579102], [-0.9999483823776245, 0.009034276008605957, -0.004643995314836502, -0.025634765625], [0.0, 0.0, 0.0, 1.0]], [[-0.9237051010131836, 0.38280799984931946, -0.015064965933561325, 1.040771484375], [0.008828871883451939, -0.018042081966996193, -0.9997982382774353, 1.5489835739135742], [-0.38300254940986633, -0.9236516952514648, 0.013285798951983452, -0.0919189453125], [0.0, 0.0, 0.0, 1.0]]], "view": [[0.0, -2.0, 100.0], [-2.0, 0.0, 100.0], [0.0, 0.0, 1.0]], "bev": "bev_b0f4863874c84ab696396f9c231b2c20.png", "aux": "aux_b0f4863874c84ab696396f9c231b2c20.npz", "visibility": "visibility_b0f4863874c84ab696396f9c231b2c20.png", "pose": [[-0.9999767541885376, 0.006816447246819735, 0.0, 1974.88134765625], [-0.006816447246819735, -0.9999767541885376, 0.0, 875.044677734375], [0.0, 0.0, 1.0, 0.0], [0.0, 0.0, 0.0, 1.0]], "pose_inverse": [[-0.9999767541885376, -0.006816447246819735, 0.0, 1980.8001708984375], [0.006816447246819735, -0.9999767541885376, 0.0, 861.5626831054688], [0.0, 0.0, 1.0, 0.0], [0.0, 0.0, 0.0, 1.0]], "cam_ids": [0, 1, 2, 3, 4, 5], "cam_channels": ["CAM_FRONT_LEFT", "CAM_FRONT", "CAM_FRONT_RIGHT", "CAM_BACK_LEFT", "CAM_BACK", "CAM_BACK_RIGHT"], "token": "b0f4863874c84ab696396f9c231b2c20", "scene": "scene-0222"}, {"images": ["samples/CAM_FRONT_LEFT/n008-2018-07-27-12-07-38-0400__CAM_FRONT_LEFT__1532707860004799.jpg", "samples/CAM_FRONT/n008-2018-07-27-12-07-38-0400__CAM_FRONT__1532707860012404.jpg", "samples/CAM_FRONT_RIGHT/n008-2018-07-27-12-07-38-0400__CAM_FRONT_RIGHT__1532707860020482.jpg", "samples/CAM_BACK_LEFT/n008-2018-07-27-12-07-38-0400__CAM_BACK_LEFT__1532707860047405.jpg", "samples/CAM_BACK/n008-2018-07-27-12-07-38-0400__CAM_BACK__1532707860037558.jpg", "samples/CAM_BACK_RIGHT/n008-2018-07-27-12-07-38-0400__CAM_BACK_RIGHT__1532707860028113.jpg"], "intrinsics": [[[1257.8625342125129, 0.0, 827.2410631095686], [0.0, 1257.8625342125129, 450.915498205774], [0.0, 0.0, 1.0]], [[1252.8131021185304, 0.0, 826.588114781398], [0.0, 1252.8131021185304, 469.9846626224581], [0.0, 0.0, 1.0]], [[1256.7485116440405, 0.0, 817.7887570959712], [0.0, 1256.7485116440403, 451.9541780095127], [0.0, 0.0, 1.0]], [[1254.9860565800168, 0.0, 829.5769333630991], [0.0, 1254.9860565800168, 467.1680561863987], [0.0, 0.0, 1.0]], [[796.8910634503094, 0.0, 857.7774326863696], [0.0, 796.8910634503094, 476.8848988407415], [0.0, 0.0, 1.0]], [[1249.9629280788233, 0.0, 825.3768045375984], [0.0, 1249.9629280788233, 462.54816385708756], [0.0, 0.0, 1.0]]], "extrinsics": [[[0.8220680952072144, -0.5693068504333496, 0.009691283106803894, -0.77587890625], [0.0194249227643013, 0.011030513793230057, -0.9997504949569702, 1.4936904907226562], [0.5690578818321228, 0.8220511674880981, 0.020126575604081154, -1.17578125], [0.0, 0.0, 0.0, 1.0]], [[0.009757873602211475, -0.9999287724494934, -0.006875866092741489, 0.0084228515625], [0.02126988023519516, 0.007082190830260515, -0.999748706817627, 1.48504638671875], [0.9997261762619019, 0.009609172120690346, 0.021337473765015602, -1.5048828125], [0.0, 0.0, 0.0, 1.0]], [[-0.8439764976501465, -0.5358490943908691, -0.02386252023279667, 0.93994140625], [0.029172616079449654, -0.0014344733208417892, -0.9995733499526978, 1.4982833862304688], [0.5355862379074097, -0.8443126082420349, 0.016842780634760857, -1.181396484375], [0.0, 0.0, 0.0, 1.0]], [[0.947838544845581, 0.3186556100845337, 0.007792094722390175, -1.13671875], [0.003403313225135207, 0.014327247627079487, -0.9998915791511536, 1.5620708465576172], [-0.31873270869255066, 0.9477622509002686, 0.012495433911681175, -0.158538818359375], [0.0, 0.0, 0.0, 1.0]], [[0.009269568137824535, 0.999934732913971, 0.006678212434053421, -0.02850341796875], [0.005689764395356178, 0.006625648587942123, -0.9999618530273438, 1.568460464477539], [-0.9999408721923828, 0.009307213127613068, -0.005627978127449751, -0.02587890625], [0.0, 0.0, 0.0, 1.0]], [[-0.9234994649887085, 0.3832871913909912, -0.015482988208532333, 1.04052734375], [0.009997316636145115, -0.016300158575177193, -0.9998171329498291, 1.5491199493408203], [-0.38346946239471436, -0.9234853386878967, 0.011221343651413918, -0.0931396484375], [0.0, 0.0, 0.0, 1.0]]], "view": [[0.0, -2.0, 100.0], [-2.0, 0.0, 100.0], [0.0, 0.0, 1.0]], "bev": "bev_ef2c3b2cd88b4fce888dbb5a79f15e73.png", "aux": "aux_ef2c3b2cd88b4fce888dbb5a79f15e73.npz", "visibility": "visibility_ef2c3b2cd88b4fce888dbb5a79f15e73.png", "pose": [[-0.9999417662620544, 0.010790796019136906, 0.0, 1971.6888427734375], [-0.010790796019136906, -0.9999417662620544, 0.0, 875.0399780273438], [0.0, 0.0, 1.0, 0.0], [0.0, 0.0, 0.0, 1.0]], "pose_inverse": [[-0.9999417662620544, -0.010790796019136906, 0.0, 1981.0164794921875], [0.010790796019136906, -0.9999417662620544, 0.0, 853.7129516601562], [0.0, 0.0, 1.0, 0.0], [0.0, 0.0, 0.0, 1.0]], "cam_ids": [0, 1, 2, 3, 4, 5], "cam_channels": ["CAM_FRONT_LEFT", "CAM_FRONT", "CAM_FRONT_RIGHT", "CAM_BACK_LEFT", "CAM_BACK", "CAM_BACK_RIGHT"], "token": "ef2c3b2cd88b4fce888dbb5a79f15e73", "scene": "scene-0222"}, {"images": ["samples/CAM_FRONT_LEFT/n008-2018-07-27-12-07-38-0400__CAM_FRONT_LEFT__1532707860504799.jpg", "samples/CAM_FRONT/n008-2018-07-27-12-07-38-0400__CAM_FRONT__1532707860512404.jpg", "samples/CAM_FRONT_RIGHT/n008-2018-07-27-12-07-38-0400__CAM_FRONT_RIGHT__1532707860520482.jpg", "samples/CAM_BACK_LEFT/n008-2018-07-27-12-07-38-0400__CAM_BACK_LEFT__1532707860547405.jpg", "samples/CAM_BACK/n008-2018-07-27-12-07-38-0400__CAM_BACK__1532707860537558.jpg", "samples/CAM_BACK_RIGHT/n008-2018-07-27-12-07-38-0400__CAM_BACK_RIGHT__1532707860528113.jpg"], "intrinsics": [[[1257.8625342125129, 0.0, 827.2410631095686], [0.0, 1257.8625342125129, 450.915498205774], [0.0, 0.0, 1.0]], [[1252.8131021185304, 0.0, 826.588114781398], [0.0, 1252.8131021185304, 469.9846626224581], [0.0, 0.0, 1.0]], [[1256.7485116440405, 0.0, 817.7887570959712], [0.0, 1256.7485116440403, 451.9541780095127], [0.0, 0.0, 1.0]], [[1254.9860565800168, 0.0, 829.5769333630991], [0.0, 1254.9860565800168, 467.1680561863987], [0.0, 0.0, 1.0]], [[796.8910634503094, 0.0, 857.7774326863696], [0.0, 796.8910634503094, 476.8848988407415], [0.0, 0.0, 1.0]], [[1249.9629280788233, 0.0, 825.3768045375984], [0.0, 1249.9629280788233, 462.54816385708756], [0.0, 0.0, 1.0]]], "extrinsics": [[[0.8225993514060974, -0.5685474276542664, 0.009174560196697712, -0.7652587890625], [0.020285699516534805, 0.01321813091635704, -0.9997068643569946, 1.4940872192382812], [0.5682594180107117, 0.8225443959236145, 0.022406606003642082, -1.1729736328125], [0.0, 0.0, 0.0, 1.0]], [[0.010537619702517986, -0.9999052286148071, -0.008853746578097343, 0.01141357421875], [0.022322310134768486, 0.00908726081252098, -0.9997095465660095, 1.485443115234375], [0.9996953010559082, 0.01033692341297865, 0.022415950894355774, -1.496826171875], [0.0, 0.0, 0.0, 1.0]], [[-0.8436323404312134, -0.5362968444824219, -0.025886518880724907, 0.93603515625], [0.030429376289248466, 0.0003791222698055208, -0.9995368719100952, 1.4986953735351562], [0.536058247089386, -0.844029426574707, 0.015999337658286095, -1.17608642578125], [0.0, 0.0, 0.0, 1.0]], [[0.9478445053100586, 0.3185810148715973, 0.009844658896327019, -1.1376953125], [0.005193723831325769, 0.01544508058577776, -0.9998672008514404, 1.56207275390625], [-0.31869077682495117, 0.947769820690155, 0.012984911911189556, -0.1584320068359375], [0.0, 0.0, 0.0, 1.0]], [[0.009026065468788147, 0.9999272227287292, 0.00800569448620081, -0.029296875], [0.007277807220816612, 0.007940119132399559, -0.9999419450759888, 1.5685787200927734], [-0.9999328255653381, 0.009083806537091732, -0.007205609697848558, -0.0279541015625], [0.0, 0.0, 0.0, 1.0]], [[-0.9236399531364441, 0.3829191029071808, -0.016195232048630714, 1.03564453125], [0.011430414393544197, -0.014715462923049927, -0.9998263716697693, 1.5493803024291992], [-0.38309091329574585, -0.9236646294593811, 0.009214864112436771, -0.093505859375], [0.0, 0.0, 0.0, 1.0]]], "view": [[0.0, -2.0, 100.0], [-2.0, 0.0, 100.0], [0.0, 0.0, 1.0]], "bev": "bev_ace97ec1e44f4d81ab19fcda0474d197.png", "aux": "aux_ace97ec1e44f4d81ab19fcda0474d197.npz", "visibility": "visibility_ace97ec1e44f4d81ab19fcda0474d197.png", "pose": [[-0.9999161958694458, 0.012946970760822296, 0.0, 1968.3876953125], [-0.012946970760822296, -0.9999161958694458, 0.0, 875.0192260742188], [0.0, 0.0, 1.0, 0.0], [0.0, 0.0, 0.0, 1.0]], "pose_inverse": [[-0.9999161958694458, -0.012946970760822296, 0.0, 1979.551513671875], [0.012946970760822296, -0.9999161958694458, 0.0, 849.4612426757812], [0.0, 0.0, 1.0, 0.0], [0.0, 0.0, 0.0, 1.0]], "cam_ids": [0, 1, 2, 3, 4, 5], "cam_channels": ["CAM_FRONT_LEFT", "CAM_FRONT", "CAM_FRONT_RIGHT", "CAM_BACK_LEFT", "CAM_BACK", "CAM_BACK_RIGHT"], "token": "ace97ec1e44f4d81ab19fcda0474d197", "scene": "scene-0222"}, {"images": ["samples/CAM_FRONT_LEFT/n008-2018-07-27-12-07-38-0400__CAM_FRONT_LEFT__1532707861004799.jpg", "samples/CAM_FRONT/n008-2018-07-27-12-07-38-0400__CAM_FRONT__1532707861012404.jpg", "samples/CAM_FRONT_RIGHT/n008-2018-07-27-12-07-38-0400__CAM_FRONT_RIGHT__1532707861020482.jpg", "samples/CAM_BACK_LEFT/n008-2018-07-27-12-07-38-0400__CAM_BACK_LEFT__1532707861047405.jpg", "samples/CAM_BACK/n008-2018-07-27-12-07-38-0400__CAM_BACK__1532707861037558.jpg", "samples/CAM_BACK_RIGHT/n008-2018-07-27-12-07-38-0400__CAM_BACK_RIGHT__1532707861028113.jpg"], "intrinsics": [[[1257.8625342125129, 0.0, 827.2410631095686], [0.0, 1257.8625342125129, 450.915498205774], [0.0, 0.0, 1.0]], [[1252.8131021185304, 0.0, 826.588114781398], [0.0, 1252.8131021185304, 469.9846626224581], [0.0, 0.0, 1.0]], [[1256.7485116440405, 0.0, 817.7887570959712], [0.0, 1256.7485116440403, 451.9541780095127], [0.0, 0.0, 1.0]], [[1254.9860565800168, 0.0, 829.5769333630991], [0.0, 1254.9860565800168, 467.1680561863987], [0.0, 0.0, 1.0]], [[796.8910634503094, 0.0, 857.7774326863696], [0.0, 796.8910634503094, 476.8848988407415], [0.0, 0.0, 1.0]], [[1249.9629280788233, 0.0, 825.3768045375984], [0.0, 1249.9629280788233, 462.54816385708756], [0.0, 0.0, 1.0]]], "extrinsics": [[[0.8223075866699219, -0.569020688533783, 0.0050773597322404385, -0.756591796875], [0.017854684963822365, 0.01688201352953911, -0.9996980428695679, 1.4936065673828125], [0.5687631964683533, 0.8221498727798462, 0.02404188923537731, -1.1650390625], [0.0, 0.0, 0.0, 1.0]], [[0.010075310245156288, -0.9998696446418762, -0.012620347552001476, 0.01025390625], [0.01989338919520378, 0.012818917632102966, -0.9997199773788452, 1.48504638671875], [0.9997513294219971, 0.009821425192058086, 0.020019948482513428, -1.4879150390625], [0.0, 0.0, 0.0, 1.0]], [[-0.8438679575920105, -0.5359264016151428, -0.025881465524435043, 0.9306640625], [0.02800263836979866, 0.004180725663900375, -0.999599039554596, 1.4984016418457031], [0.5358197689056396, -0.8442543745040894, 0.011479371227324009, -1.17388916015625], [0.0, 0.0, 0.0, 1.0]], [[0.9478669166564941, 0.3185393810272217, 0.008997530676424503, -1.140625], [0.002911902731284499, 0.019575830549001694, -0.9998041391372681, 1.5620498657226562], [-0.3186531066894531, 0.94770747423172, 0.01762772724032402, -0.157501220703125], [0.0, 0.0, 0.0, 1.0]], [[0.009172793477773666, 0.999886155128479, 0.011981602758169174, -0.02880859375], [0.004976317752152681, 0.011936313472688198, -0.9999163746833801, 1.568410873413086], [-0.9999455213546753, 0.009231649339199066, -0.004866261966526508, -0.