[{"images": ["samples/CAM_FRONT_LEFT/n015-2018-11-21-19-38-26+0800__CAM_FRONT_LEFT__1542801247904844.jpg", "samples/CAM_FRONT/n015-2018-11-21-19-38-26+0800__CAM_FRONT__1542801247912460.jpg", "samples/CAM_FRONT_RIGHT/n015-2018-11-21-19-38-26+0800__CAM_FRONT_RIGHT__1542801247920339.jpg", "samples/CAM_BACK_LEFT/n015-2018-11-21-19-38-26+0800__CAM_BACK_LEFT__1542801247947423.jpg", "samples/CAM_BACK/n015-2018-11-21-19-38-26+0800__CAM_BACK__1542801247937525.jpg", "samples/CAM_BACK_RIGHT/n015-2018-11-21-19-38-26+0800__CAM_BACK_RIGHT__1542801247927893.jpg"], "intrinsics": [[[1272.5979470598488, 0.0, 826.6154927353808], [0.0, 1272.5979470598488, 479.75165386361925], [0.0, 0.0, 1.0]], [[1266.417203046554, 0.0, 816.2670197447984], [0.0, 1266.417203046554, 491.50706579294757], [0.0, 0.0, 1.0]], [[1260.8474446004698, 0.0, 807.968244525554], [0.0, 1260.8474446004698, 495.3344268742088], [0.0, 0.0, 1.0]], [[1256.7414812095406, 0.0, 792.1125740759628], [0.0, 1256.7414812095406, 492.7757465151356], [0.0, 0.0, 1.0]], [[809.2209905677063, 0.0, 829.2196003259838], [0.0, 809.2209905677063, 481.77842384512485], [0.0, 0.0, 1.0]], [[1259.5137405846733, 0.0, 807.2529053838625], [0.0, 1259.5137405846733, 501.19579884916527], [0.0, 0.0, 1.0]]], "extrinsics": [[[0.8213632106781006, -0.5701606869697571, -0.016710031777620316, -0.4102783203125], [-0.012894637882709503, 0.01072767749428749, -0.9998593330383301, 1.499532699584961], [0.5702597498893738, 0.8214631676673889, 0.0014593035448342562, -0.89990234375], [0.0, 0.0, 0.0, 1.0]], [[0.006647891364991665, -0.9999557137489319, -0.00666846102103591, 0.011962890625], [-0.017950760200619698, 0.0065482002682983875, -0.999817430973053, 1.5105667114257812], [0.9998166561126709, 0.006766390986740589, -0.01790643110871315, -1.13861083984375], [0.0, 0.0, 0.0, 1.0]], [[-0.8325760960578918, -0.5539023876190186, -0.0030295373871922493, 0.67486572265625], [-0.012094232253730297, 0.02364647388458252, -0.9996472001075745, 1.4983711242675781], [0.5537785887718201, -0.8322457075119019, -0.026386510580778122, -1.0079345703125], [0.0, 0.0, 0.0, 1.0]], [[0.9476520419120789, 0.31927070021629333, -0.0046859667636454105, -1.134796142578125], [-0.0024285586550831795, -0.0074682473205029964, -0.9999691247940063, 1.588541030883789], [-0.31929588317871094, 0.9476341605186462, -0.006301931105554104, -0.1068115234375], [0.0, 0.0, 0.0, 1.0]], [[0.002012294717133045, 0.9999940991401672, 0.0027918259147554636, 0.001953125], [-0.028218647465109825, 0.0028475041035562754, -0.9995977282524109, 1.5747575759887695], [-0.9995996952056885, 0.0019326756009832025, 0.028224211186170578, -0.160888671875], [0.0, 0.0, 0.0, 1.0]], [[-0.9350244998931885, 0.3545721769332886, 0.0027822223491966724, 0.84246826171875], [0.004041595850139856, 0.018503189086914062, -0.9998206496238708, 1.5526771545410156], [-0.3545600473880768, -0.9348456263542175, -0.018733972683548927, -0.1728515625], [0.0, 0.0, 0.0, 1.0]]], "view": [[0.0, -2.0, 100.0], [-2.0, 0.0, 100.0], [0.0, 0.0, 1.0]], "bev": "bev_3b12e85035b54df1a00a596e48efb661.png", "aux": "aux_3b12e85035b54df1a00a596e48efb661.npz", "visibility": "visibility_3b12e85035b54df1a00a596e48efb661.png", "pose": [[-0.8192379474639893, -0.5734537839889526, 0.0, 927.5968627929688], [0.5734537839889526, -0.8192379474639893, 0.0, 1681.1754150390625], [0.0, 0.0, 1.0, 0.0], [0.0, 0.0, 0.0, 1.0]], "pose_inverse": [[-0.8192379474639893, 0.5734537839889526, 0.0, -204.15386962890625], [-0.5734537839889526, -0.8192379474639893, 0.0, 1909.216552734375], [0.0, 0.0, 1.0, 0.0], [0.0, 0.0, 0.0, 1.0]], "cam_ids": [0, 1, 2, 3, 4, 5], "cam_channels": ["CAM_FRONT_LEFT", "CAM_FRONT", "CAM_FRONT_RIGHT", "CAM_BACK_LEFT", "CAM_BACK", "CAM_BACK_RIGHT"], "token": "3b12e85035b54df1a00a596e48efb661", "scene": "scene-1102"}, {"images": ["samples/CAM_FRONT_LEFT/n015-2018-11-21-19-38-26+0800__CAM_FRONT_LEFT__1542801248404844.jpg", "samples/CAM_FRONT/n015-2018-11-21-19-38-26+0800__CAM_FRONT__1542801248412460.jpg", "samples/CAM_FRONT_RIGHT/n015-2018-11-21-19-38-26+0800__CAM_FRONT_RIGHT__1542801248420339.jpg", "samples/CAM_BACK_LEFT/n015-2018-11-21-19-38-26+0800__CAM_BACK_LEFT__1542801248447423.jpg", "samples/CAM_BACK/n015-2018-11-21-19-38-26+0800__CAM_BACK__1542801248437525.jpg", "samples/CAM_BACK_RIGHT/n015-2018-11-21-19-38-26+0800__CAM_BACK_RIGHT__1542801248427893.jpg"], "intrinsics": [[[1272.5979470598488, 0.0, 826.6154927353808], [0.0, 1272.5979470598488, 479.75165386361925], [0.0, 0.0, 1.0]], [[1266.417203046554, 0.0, 816.2670197447984], [0.0, 1266.417203046554, 491.50706579294757], [0.0, 0.0, 1.0]], [[1260.8474446004698, 0.0, 807.968244525554], [0.0, 1260.8474446004698, 495.3344268742088], [0.0, 0.0, 1.0]], [[1256.7414812095406, 0.0, 792.1125740759628], [0.0, 1256.7414812095406, 492.7757465151356], [0.0, 0.0, 1.0]], [[809.2209905677063, 0.0, 829.2196003259838], [0.0, 809.2209905677063, 481.77842384512485], [0.0, 0.0, 1.0]], [[1259.5137405846733, 0.0, 807.2529053838625], [0.0, 1259.5137405846733, 501.19579884916527], [0.0, 0.0, 1.0]]], "extrinsics": [[[0.8215813636779785, -0.5700321197509766, -0.008209177292883396, -0.400146484375], [-0.010559655725955963, -0.0008190759108401835, -0.9999439120292664, 1.5010100603103638], [0.5699933767318726, 0.8216219544410706, -0.006692280527204275, -0.8916015625], [0.0, 0.0, 0.0, 1.0]], [[0.00693846121430397, -0.9999647736549377, 0.0047183651477098465, 0.0113525390625], [-0.015702340751886368, -0.004826848395168781, -0.9998651146888733, 1.511671543121338], [0.9998525977134705, 0.006863340735435486, -0.01573527790606022, -1.127227783203125], [0.0, 0.0, 0.0, 1.0]], [[-0.8324283361434937, -0.5541309118270874, 0.0013747623888775706, 0.66680908203125], [-0.00994059443473816, 0.012452371418476105, -0.9998730421066284, 1.4992389678955078], [0.5540434122085571, -0.8323363065719604, -0.015874097123742104, -1.0029296875], [0.0, 0.0, 0.0, 1.0]], [[0.947730302810669, 0.3190031945705414, -0.006652351468801498, -1.12750244140625], [-0.0010540877701714635, -0.017718667164444923, -0.9998424649238586, 1.588541030883789], [-0.3190707564353943, 0.9475879669189453, -0.016456259414553642, -0.1087646484375], [0.0, 0.0, 0.0, 1.0]], [[0.001956464722752571, 0.9999675154685974, -0.007816622033715248, 0.001953125], [-0.02642999403178692, -0.007762197870761156, -0.9996205568313599, 1.5748839378356934], [-0.9996487498283386, 0.002162341494113207, 0.026413949206471443, -0.1677093505859375], [0.0, 0.0, 0.0, 1.0]], [[-0.9351038932800293, 0.3543606400489807, -0.0030304822139441967, 0.83544921875], [0.006083447486162186, 0.007501719519495964, -0.9999533295631409, 1.5533876419067383], [-0.35432136058807373, -0.9350787997245789, -0.009170622564852238, -0.175537109375], [0.0, 0.0, 0.0, 1.0]]], "view": [[0.0, -2.0, 100.0], [-2.0, 0.0, 100.0], [0.0, 0.0, 1.0]], "bev": "bev_e5754b34b2064f6db39f5d5314f4dac5.png", "aux": "aux_e5754b34b2064f6db39f5d5314f4dac5.npz", "visibility": "visibility_e5754b34b2064f6db39f5d5314f4dac5.png", "pose": [[-0.8073078989982605, -0.5901304483413696, 0.0, 921.2164306640625], [0.5901304483413696, -0.8073078989982605, 0.0, 1685.78369140625], [0.0, 0.0, 1.0, 0.0], [0.0, 0.0, 0.0, 1.0]], "pose_inverse": [[-0.8073078989982605, 0.5901304483413696, 0.0, -251.1269073486328], [-0.5901304483413696, -0.8073078989982605, 0.0, 1904.5843505859375], [0.0, 0.0, 1.0, 0.0], [0.0, 0.0, 0.0, 1.0]], "cam_ids": [0, 1, 2, 3, 4, 5], "cam_channels": ["CAM_FRONT_LEFT", "CAM_FRONT", "CAM_FRONT_RIGHT", "CAM_BACK_LEFT", "CAM_BACK", "CAM_BACK_RIGHT"], "token": "e5754b34b2064f6db39f5d5314f4dac5", "scene": "scene-1102"}, {"images": ["samples/CAM_FRONT_LEFT/n015-2018-11-21-19-38-26+0800__CAM_FRONT_LEFT__1542801248904844.jpg", "samples/CAM_FRONT/n015-2018-11-21-19-38-26+0800__CAM_FRONT__1542801248912469.jpg", "samples/CAM_FRONT_RIGHT/n015-2018-11-21-19-38-26+0800__CAM_FRONT_RIGHT__1542801248920339.jpg", "samples/CAM_BACK_LEFT/n015-2018-11-21-19-38-26+0800__CAM_BACK_LEFT__1542801248947423.jpg", "samples/CAM_BACK/n015-2018-11-21-19-38-26+0800__CAM_BACK__1542801248937525.jpg", "samples/CAM_BACK_RIGHT/n015-2018-11-21-19-38-26+0800__CAM_BACK_RIGHT__1542801248927893.jpg"], "intrinsics": [[[1272.5979470598488, 0.0, 826.6154927353808], [0.0, 1272.5979470598488, 479.75165386361925], [0.0, 0.0, 1.0]], [[1266.417203046554, 0.0, 816.2670197447984], [0.0, 1266.417203046554, 491.50706579294757], [0.0, 0.0, 1.0]], [[1260.8474446004698, 0.0, 807.968244525554], [0.0, 1260.8474446004698, 495.3344268742088], [0.0, 0.0, 1.0]], [[1256.7414812095406, 0.0, 792.1125740759628], [0.0, 1256.7414812095406, 492.7757465151356], [0.0, 0.0, 1.0]], [[809.2209905677063, 0.0, 829.2196003259838], [0.0, 809.2209905677063, 481.77842384512485], [0.0, 0.0, 1.0]], [[1259.5137405846733, 0.0, 807.2529053838625], [0.0, 1259.5137405846733, 501.19579884916527], [0.0, 0.0, 1.0]]], "extrinsics": [[[0.8219641447067261, -0.5693120360374451, -0.016078591346740723, -0.38720703125], [-0.01775234565138817, 0.0026070252060890198, -0.9998390078544617, 1.4957895278930664], [0.5692623257637024, 0.8221173286437988, -0.007963743060827255, -0.8826904296875], [0.0, 0.0, 0.0, 1.0]], [[0.0075579192489385605, -0.9999707341194153, 0.0011638946598395705, 0.0111083984375], [-0.022799674421548843, -0.0013359481235966086, -0.9997391700744629, 1.5072803497314453], [0.9997113943099976, 0.007529366761445999, -0.0228091012686491, -1.111083984375], [0.0, 0.0, 0.0, 1.0]], [[-0.8321712017059326, -0.5544940233230591, 0.0052274479530751705, 0.65234375], [-0.016951316967606544, 0.016015270724892616, -0.9997280240058899, 1.4958686828613281], [0.5542595386505127, -0.8320334553718567, -0.02272685244679451, -0.9940185546875], [0.0, 0.0, 0.0, 1.0]], [[0.9476574063301086, 0.3190794289112091, -0.011562549509108067, -1.119903564453125], [-0.0074791074730455875, -0.014019891619682312, -0.9998737573623657, 1.5883846282958984], [-0.31920117139816284, 0.9476243257522583, -0.010899625718593597, -0.111572265625], [0.0, 0.0, 0.0, 1.0]], [[0.001806441112421453, 0.9999897480010986, -0.004153213929384947, 0.0023193359375], [-0.03312778100371361, -0.004091098438948393, -0.9994427561759949, 1.5732557773590088], [-0.9994494915008545, 0.0019429964013397694, 0.0331200510263443, -0.18243408203125], [0.0, 0.0, 0.0, 1.0]], [[-0.9351867437362671, 0.3541237711906433, 0.004706860985606909, 0.81927490234375], [-0.0008159946301020682, 0.011135823093354702, -0.9999376535415649, 1.5511627197265625], [-0.354154109954834, -0.9351322650909424, -0.01012511271983385, -0.1824951171875], [0.0, 0.0, 0.0, 1.0]]], "view": [[0.0, -2.0, 100.0], [-2.0, 0.0, 100.0], [0.0, 0.0, 1.0]], "bev": "bev_b728e1ed7f8649e7b39f840bc3a1031b.png", "aux": "aux_b728e1ed7f8649e7b39f840bc3a1031b.npz", "visibility": "visibility_b728e1ed7f8649e7b39f840bc3a1031b.png", "pose": [[-0.7919461727142334, -0.6105908751487732, 0.0, 914.8810424804688], [0.6105908751487732, -0.7919461727142334, 0.0, 1690.56298828125], [0.0, 0.0, 1.0, 0.0], [0.0, 0.0, 0.0, 1.0]], "pose_inverse": [[-0.7919461727142334, 0.6105908751487732, 0.0, -307.705810546875], [-0.6105908751487732, -0.7919461727142334, 0.0, 1897.4530029296875], [0.0, 0.0, 1.0, 0.0], [0.0, 0.0, 0.0, 1.0]], "cam_ids": [0, 1, 2, 3, 4, 5], "cam_channels": ["CAM_FRONT_LEFT", "CAM_FRONT", "CAM_FRONT_RIGHT", "CAM_BACK_LEFT", "CAM_BACK", "CAM_BACK_RIGHT"], "token": "b728e1ed7f8649e7b39f840bc3a1031b", "scene": "scene-1102"}, {"images": ["samples/CAM_FRONT_LEFT/n015-2018-11-21-19-38-26+0800__CAM_FRONT_LEFT__1542801249354844.jpg", "samples/CAM_FRONT/n015-2018-11-21-19-38-26+0800__CAM_FRONT__1542801249362460.jpg", "samples/CAM_FRONT_RIGHT/n015-2018-11-21-19-38-26+0800__CAM_FRONT_RIGHT__1542801249370339.jpg", "samples/CAM_BACK_LEFT/n015-2018-11-21-19-38-26+0800__CAM_BACK_LEFT__1542801249397423.jpg", "samples/CAM_BACK/n015-2018-11-21-19-38-26+0800__CAM_BACK__1542801249387525.jpg", "samples/CAM_BACK_RIGHT/n015-2018-11-21-19-38-26+0800__CAM_BACK_RIGHT__1542801249377903.jpg"], "intrinsics": [[[1272.5979470598488, 0.0, 826.6154927353808], [0.0, 1272.5979470598488, 479.75165386361925], [0.0, 0.0, 1.0]], [[1266.417203046554, 0.0, 816.2670197447984], [0.0, 1266.417203046554, 491.50706579294757], [0.0, 0.0, 1.0]], [[1260.8474446004698, 0.0, 807.968244525554], [0.0, 1260.8474446004698, 495.3344268742088], [0.0, 0.0, 1.0]], [[1256.7414812095406, 0.0, 792.1125740759628], [0.0, 1256.7414812095406, 492.7757465151356], [0.0, 0.0, 1.0]], [[809.2209905677063, 0.0, 829.2196003259838], [0.0, 809.2209905677063, 481.77842384512485], [0.0, 0.0, 1.0]], [[1259.5137405846733, 0.0, 807.2529053838625], [0.0, 1259.5137405846733, 501.19579884916527], [0.0, 0.0, 1.0]]], "extrinsics": [[[0.8226006031036377, -0.5684437155723572, -0.014140747487545013, -0.384033203125], [-0.015585572458803654, 0.0023191217333078384, -0.9998758435249329, 1.4972553253173828], [0.5684059858322144, 0.8227188587188721, -0.006951810326427221, -0.881103515625], [0.0, 0.0, 0.0, 1.0]], [[0.008540238253772259, -0.999961793422699, 0.0018492677481845021, 0.01171875], [-0.02082601748406887, -0.002026798902079463, -0.99978107213974, 1.5083892345428467], [0.9997466206550598, 0.00849985983222723, -0.020842531695961952, -1.109283447265625], [0.0, 0.0, 0.0, 1.0]], [[-0.831746518611908, -0.5551385879516602, 0.004333406686782837, 0.652587890625], [-0.015188288874924183, 0.014951912686228752, -0.999772846698761, 1.4966773986816406], [0.5549477338790894, -0.8316234350204468, -0.020867805927991867, -0.99365234375], [0.0, 0.0, 0.0, 1.0]], [[0.9476236701011658, 0.31919869780540466, -0.011022127233445644, -1.11846923828125], [-0.006258578505367041, -0.015945345163345337, -0.999853253364563, 1.5884037017822266], [-0.3193275034427643, 0.9475536346435547, -0.01311245746910572, -0.1119384765625], [0.0, 0.0, 0.0, 1.0]], [[0.0014437128556892276, 0.9999818801879883, -0.005851974245160818, 0.0023193359375], [-0.0317256823182106, -0.005803234409540892, -0.9994797706604004, 1.5735596418380737], [-0.9994955658912659, 0.0016285657184198499, 0.0317167304456234, -0.180908203125], [0.0, 0.0, 0.0, 1.0]], [[-0.9354107975959778, 0.3535521626472473, 0.0027228204999119043, 0.82110595703125], [0.0007861778140068054, 0.00978098250925541, -0.9999518394470215, 1.5517024993896484], [-0.3535618782043457, -0.9353637099266052, -0.00942719355225563, -0.181640625], [0.0, 0.0, 0.0, 1.0]]], "view": [[0.0, -2.0, 100.0], [-2.0, 0.0, 100.0], [0.0, 0.0, 1.0]], "bev": "bev_a028144375904de79f21f2bd9d10ecf7.png", "aux": "aux_a028144375904de79f21f2bd9d10ecf7.npz", "visibility": "visibility_a028144375904de79f21f2bd9d10ecf7.png", "pose": [[-0.7779866456985474, -0.6282808184623718, 0.0, 909.2691040039062], [0.6282808184623718, -0.7779866456985474, 0.0, 1695.0272216796875], [0.0, 0.0, 1.0, 0.0], [0.0, 0.0, 0.0, 1.0]], "pose_inverse": [[-0.7779866456985474, 0.6282808184623718, 0.0, -357.5538635253906], [-0.6282808184623718, -0.7779866456985474, 0.0, 1889.98486328125], [0.0, 0.0, 1.0, 0.0], [0.0, 0.0, 0.0, 1.0]], "cam_ids": [0, 1, 2, 3, 4, 5], "cam_channels": ["CAM_FRONT_LEFT", "CAM_FRONT", "CAM_FRONT_RIGHT", "CAM_BACK_LEFT", "CAM_BACK", "CAM_BACK_RIGHT"], "token": "a028144375904de79f21f2bd9d10ecf7", "scene": "scene-1102"}, {"images": ["samples/CAM_FRONT_LEFT/n015-2018-11-21-19-38-26+0800__CAM_FRONT_LEFT__1542801249854844.jpg", "samples/CAM_FRONT/n015-2018-11-21-19-38-26+0800__CAM_FRONT__1542801249862460.jpg", "samples/CAM_FRONT_RIGHT/n015-2018-11-21-19-38-26+0800__CAM_FRONT_RIGHT__1542801249870339.jpg", "samples/CAM_BACK_LEFT/n015-2018-11-21-19-38-26+0800__CAM_BACK_LEFT__1542801249897423.jpg", "samples/CAM_BACK/n015-2018-11-21-19-38-26+0800__CAM_BACK__1542801249887525.jpg", "samples/CAM_BACK_RIGHT/n015-2018-11-21-19-38-26+0800__CAM_BACK_RIGHT__1542801249877893.jpg"], "intrinsics": [[[1272.5979470598488, 0.0, 826.6154927353808], [0.0, 1272.5979470598488, 479.75165386361925], [0.0, 0.0, 1.0]], [[1266.417203046554, 0.0, 816.2670197447984], [0.0, 1266.417203046554, 491.50706579294757], [0.0, 0.0, 1.0]], [[1260.8474446004698, 0.0, 807.968244525554], [0.0, 1260.8474446004698, 495.3344268742088], [0.0, 0.0, 1.0]], [[1256.7414812095406, 0.0, 792.1125740759628], [0.0, 1256.7414812095406, 492.7757465151356], [0.0, 0.0, 1.0]], [[809.2209905677063, 0.0, 829.2196003259838], [0.0, 809.2209905677063, 481.77842384512485], [0.0, 0.0, 1.0]], [[1259.5137405846733, 0.0, 807.2529053838625], [0.0, 1259.5137405846733, 501.19579884916527], [0.0, 0.0, 1.0]]], "extrinsics": [[[0.8215311765670776, -0.5700696110725403, -0.010351361706852913, -0.3779296875], [-0.017490187659859657, -0.007050389889627695, -0.999822199344635, 1.4957714080810547], [0.5698952674865723, 0.821566104888916, -0.01576273888349533, -0.8743896484375], [0.0, 0.0, 0.0, 1.0]], [[0.00702904025092721, -0.999914288520813, 0.011044451035559177, 0.01025390625], [-0.022750312462449074, -0.011201770976185799, -0.9996784329414368, 1.5071048736572266], [0.9997163414955139, 0.006775383837521076, -0.02282710000872612, -1.1014404296875], [0.0, 0.0, 0.0, 1.0]], [[-0.832396388053894, -0.5540724396705627, 0.010952415876090527, 0.64703369140625], [-0.017082903534173965, 0.005900166928768158, -0.9998366236686707, 1.4957141876220703], [0.5539173483848572, -0.8324474692344666, -0.014376441948115826, -0.9906005859375], [0.0, 0.0, 0.0, 1.0]], [[0.9476452469825745, 0.3189459443092346, -0.015551934018731117, -1.120147705078125], [-0.008028138428926468, -0.024890698492527008, -0.999657928943634, 1.5883712768554688], [-0.31922394037246704, 0.9474460482597351, -0.021027011796832085, -0.111328125], [0.0, 0.0, 0.0, 1.0]], [[0.0018857961986213923, 0.9998884201049805, -0.014821741729974747, 0.002685546875], [-0.033594731241464615, -0.01475005503743887, -0.9993267059326172, 1.5731754302978516], [-0.9994337558746338, 0.0023825052194297314, 0.03356316313147545, -0.18243408203125], [0.0, 0.0, 0.0, 1.0]], [[-0.9350964426994324, 0.35439079999923706, 0.0013000514591112733, 0.8170166015625], [-0.0011034689377993345, 0.0007567928405478597, -0.9999991655349731, 1.5510714054107666], [-0.3543914556503296, -0.9350970983505249, -0.0003166171081829816, -0.1834716796875], [0.0, 0.0, 0.0, 1.0]]], "view": [[0.0, -2.0, 100.0], [-2.0, 0.0, 100.0], [0.0, 0.0, 1.0]], "bev": "bev_f300318644c742fca114ca69bd1f4200.png", "aux": "aux_f300318644c742fca114ca69bd1f4200.npz", "visibility": "visibility_f300318644c742fca114ca69bd1f4200.png", "pose": [[-0.7627653479576111, -0.6466753482818604, 0.0, 903.0534057617188], [0.6466753482818604, -0.7627653479576111, 0.0, 1700.1778564453125], [0.0, 0.0, 1.0, 0.0], [0.0, 0.0, 0.0, 1.0]], "pose_inverse": [[-0.7627653479576111, 0.6466753482818604, 0.0, -410.64520263671875], [-0.6466753482818604, -0.7627653479576111, 0.0, 1880.8192138671875], [0.0, 0.0, 1.0, 0.0], [0.0, 0.0, 0.0, 1.0]], "cam_ids": [0, 1, 2, 3, 4, 5], "cam_channels": ["CAM_FRONT_LEFT", "CAM_FRONT", "CAM_FRONT_RIGHT", "CAM_BACK_LEFT", "CAM_BACK", "CAM_BACK_RIGHT"], "token": "f300318644c742fca114ca69bd1f4200", "scene": "scene-1102"}, {"images": ["samples/CAM_FRONT_LEFT/n015-2018-11-21-19-38-26+0800__CAM_FRONT_LEFT__1542801250354844.jpg", "samples/CAM_FRONT/n015-2018-11-21-19-38-26+0800__CAM_FRONT__1542801250362460.jpg", "samples/CAM_FRONT_RIGHT/n015-2018-11-21-19-38-26+0800__CAM_FRONT_RIGHT__1542801250370339.jpg", "samples/CAM_BACK_LEFT/n015-2018-11-21-19-38-26+0800__CAM_BACK_LEFT__1542801250397423.jpg", "samples/CAM_BACK/n015-2018-11-21-19-38-26+0800__CAM_BACK__1542801250387525.jpg", "samples/CAM_BACK_RIGHT/n015-2018-11-21-19-38-26+0800__CAM_BACK_RIGHT__1542801250377893.jpg"], "intrinsics": [[[1272.5979470598488, 0.0, 826.6154927353808], [0.0, 1272.5979470598488, 479.75165386361925], [0.0, 0.0, 1.0]], [[1266.417203046554, 0.0, 816.2670197447984], [0.0, 1266.417203046554, 491.50706579294757], [0.0, 0.0, 1.0]], [[1260.8474446004698, 0.0, 807.968244525554], [0.0, 1260.8474446004698, 495.3344268742088], [0.0, 0.0, 1.0]], [[1256.7414812095406, 0.0, 792.1125740759628], [0.0, 1256.7414812095406, 492.7757465151356], [0.0, 0.0, 1.0]], [[809.2209905677063, 0.0, 829.2196003259838], [0.0, 809.2209905677063, 481.77842384512485], [0.0, 0.0, 1.0]], [[1259.5137405846733, 0.0, 807.2529053838625], [0.0, 1259.5137405846733, 501.19579884916527], [0.0, 0.0, 1.0]]], "extrinsics": [[[0.8215148448944092, -0.5701248049736023, -0.008426735177636147, -0.3792724609375], [-0.012446901760995388, -0.003155928337946534, -0.9999175667762756, 1.4993906021118164], [0.5700511336326599, 0.8215519785881042, -0.00968892965465784, -0.8756103515625], [0.0, 0.0, 0.0, 1.0]], [[0.006769153755158186, -0.9999514222145081, 0.007161363959312439, 0.0106201171875], [-0.017774248495697975, -0.0072807134129107, -0.9998155236244202, 1.5100722312927246], [0.9998190402984619, 0.006640622392296791, -0.017822671681642532, -1.103271484375], [0.0, 0.0, 0.0, 1.0]], [[-0.8326125144958496, -0.5538361668586731, 0.004674032796174288, 0.6484375], [-0.012169457972049713, 0.009856675751507282, -0.9998773336410522, 1.4980049133300781], [0.5537221431732178, -0.8325672745704651, -0.014946677722036839, -0.9915771484375], [0.0, 0.0, 0.0, 1.0]], [[0.9477177262306213, 0.3189552128314972, -0.009934508241713047, -1.1137542724609375], [-0.0034768180921673775, -0.020809367299079895, -0.9997773766517639, 1.5884513854980469], [-0.31909093260765076, 0.947541356086731, -0.018612459301948547, -0.113525390625], [0.0, 0.0, 0.0, 1.0]], [[0.0021028383634984493, 0.9999397993087769, -0.010765712708234787, 0.00244140625], [-0.028910523280501366, -0.010700446553528309, -0.999524712562561, 1.5739364624023438], [-0.9995797276496887, 0.0024130328092724085, 0.028886282816529274, -0.185821533203125], [0.0, 0.0, 0.0, 1.0]], [[-0.9349938631057739, 0.3546593189239502, -0.0017798524349927902, 0.816650390625], [0.00371030205860734, 0.004763129632920027, -0.9999817609786987, 1.5527100563049316], [-0.35464441776275635, -0.9349834322929382, -0.0057693906128406525, -0.183349609375], [0.0, 0.0, 0.0, 1.0]]], "view": [[0.0, -2.0, 100.0], [-2.0, 0.0, 100.0], [0.0, 0.0, 1.0]], "bev": "bev_11c3568bc3314bb4a52a8c2a5f301667.png", "aux": "aux_11c3568bc3314bb4a52a8c2a5f301667.npz", "visibility": "visibility_11c3568bc3314bb4a52a8c2a5f301667.png", "pose": [[-0.7458630800247192, -0.6660992503166199, 0.0, 896.9669189453125], [0.6660992503166199, -0.7458630800247192, 0.0, 1705.5103759765625], [0.0, 0.0, 1.0, 0.0], [0.0, 0.0, 0.0, 1.0]], "pose_inverse": [[-0.7458630800247192, 0.6660992503166199, 0.0, -467.024658203125], [-0.6660992503166199, -0.7458630800247192, 0.0, 1869.5462646484375], [0.0, 0.0, 1.0, 0.0], [0.0, 0.0, 0.0, 1.0]], "cam_ids": [0, 1, 2, 3, 4, 5], "cam_channels": ["CAM_FRONT_LEFT", "CAM_FRONT", "CAM_FRONT_RIGHT", "CAM_BACK_LEFT", "CAM_BACK", "CAM_BACK_RIGHT"], "token": "11c3568bc3314bb4a52a8c2a5f301667", "scene": "scene-1102"}, {"images": ["samples/CAM_FRONT_LEFT/n015-2018-11-21-19-38-26+0800__CAM_FRONT_LEFT__1542801250854844.jpg", "samples/CAM_FRONT/n015-2018-11-21-19-38-26+0800__CAM_FRONT__1542801250862460.jpg", "samples/CAM_FRONT_RIGHT/n015-2018-11-21-19-38-26+0800__CAM_FRONT_RIGHT__1542801250870339.jpg", "samples/CAM_BACK_LEFT/n015-2018-11-21-19-38-26+0800__CAM_BACK_LEFT__1542801250897423.jpg", "samples/CAM_BACK/n015-2018-11-21-19-38-26+0800__CAM_BACK__1542801250887525.jpg", "samples/CAM_BACK_RIGHT/n015-2018-11-21-19-38-26+0800__CAM_BACK_RIGHT__1542801250877893.jpg"], "intrinsics": [[[1272.5979470598488, 0.0, 826.6154927353808], [0.0, 1272.5979470598488, 479.75165386361925], [0.0, 0.0, 1.0]], [[1266.417203046554, 0.0, 816.2670197447984], [0.0, 1266.417203046554, 491.50706579294757], [0.0, 0.0, 1.0]], [[1260.8474446004698, 0.0, 807.968244525554], [0.0, 1260.8474446004698, 495.3344268742088], [0.0, 0.0, 1.0]], [[1256.7414812095406, 0.0, 792.1125740759628], [0.0, 1256.7414812095406, 492.7757465151356], [0.0, 0.0, 1.0]], [[809.2209905677063, 0.0, 829.2196003259838], [0.0, 809.2209905677063, 481.77842384512485], [0.0, 0.0, 1.0]], [[1259.5137405846733, 0.0, 807.2529053838625], [0.0, 1259.5137405846733, 501.19579884916527], [0.0, 0.0, 1.0]]], "extrinsics": [[[0.8215882778167725, -0.5700742602348328, -0.0028324092272669077, -0.373291015625], [-0.004128783475607634, -0.0009819351835176349, -0.9999909996986389, 1.505274772644043], [0.5700663328170776, 0.8215925097465515, -0.0031604592222720385, -0.8695068359375], [0.0, 0.0, 0.0, 1.0]], [[0.006694293115288019, -0.9999663829803467, 0.0047337645664811134, 0.009033203125], [-0.009373503737151623, -0.0047964113764464855, -0.9999446272850037, 1.5149455070495605], [0.999933660030365, 0.006649476010352373, -0.00940529815852642, -1.096221923828125], [0.0, 0.0, 0.0, 1.0]], [[-0.8326704502105713, -0.5537548661231995, -0.003922951407730579, 0.64306640625], [-0.0037115917075425386, 0.012664705514907837, -0.9999129176139832, 1.501913070678711], [0.5537563562393188, -0.8325833678245544, -0.012600838206708431, -0.98974609375], [0.0, 0.0, 0.0, 1.0]], [[0.947763979434967, 0.3189716339111328, -0.0006804305012337863, -1.1151962280273438], [0.004986145533621311, -0.01694825291633606, -0.9998438954353333, 1.5886917114257812], [-0.3189333975315094, 0.9476126432418823, -0.017653383314609528, -0.11279296875], [0.0, 0.0, 0.0, 1.0]], [[0.002224863739684224, 0.9999710917472839, -0.007278556004166603, 0.0032958984375], [-0.020373458042740822, -0.007231735158711672, -0.9997662901878357, 1.5755120515823364], [-0.9997899532318115, 0.0023726471699774265, 0.02035677619278431, -0.186767578125], [0.0, 0.0, 0.0, 1.0]], [[-0.9349251985549927, 0.3547396659851074, -0.008637121878564358, 0.81396484375], [0.012219024822115898, 0.007858332246541977, -0.9998944401741028, 1.5556640625], [-0.35463446378707886, -0.9349321722984314, -0.011681526899337769, -0.1859130859375], [0.0, 0.0, 0.0, 1.0]]], "view": [[0.0, -2.0, 100.0], [-2.0, 0.0, 100.0], [0.0, 0.0, 1.0]], "bev": "bev_bdbcf562968544a49f88e477614a7f93.png", "aux": "aux_bdbcf562968544a49f88e477614a7f93.npz", "visibility": "visibility_bdbcf562968544a49f88e477614a7f93.png", "pose": [[-0.7291229963302612, -0.6843826770782471, 0.0, 891.082275390625], [0.6843826770782471, -0.7291229963302612, 0.0, 1710.94580078125], [0.0, 0.0, 1.0, 0.0], [0.0, 0.0, 0.0, 1.0]], "pose_inverse": [[-0.7291229963302612, 0.6843826770782471, 0.0, -521.2330322265625], [-0.6843826770782471, -0.7291229963302612, 0.0, 1857.3311767578125], [0.0, 0.0, 1.0, 0.0], [0.0, 0.0, 0.0, 1.0]], "cam_ids": [0, 1, 2, 3, 4, 5], "cam_channels": ["CAM_FRONT_LEFT", "CAM_FRONT", "CAM_FRONT_RIGHT", "CAM_BACK_LEFT", "CAM_BACK", "CAM_BACK_RIGHT"], "token": "bdbcf562968544a49f88e477614a7f93", "scene": "scene-1102"}, {"images": ["samples/CAM_FRONT_LEFT/n015-2018-11-21-19-38-26+0800__CAM_FRONT_LEFT__1542801251354844.jpg", "samples/CAM_FRONT/n015-2018-11-21-19-38-26+0800__CAM_FRONT__1542801251364244.jpg", "samples/CAM_FRONT_RIGHT/n015-2018-11-21-19-38-26+0800__CAM_FRONT_RIGHT__1542801251370339.jpg", "samples/CAM_BACK_LEFT/n015-2018-11-21-19-38-26+0800__CAM_BACK_LEFT__1542801251397423.jpg", "samples/CAM_BACK/n015-2018-11-21-19-38-26+0800__CAM_BACK__1542801251387525.jpg", "samples/CAM_BACK_RIGHT/n015-2018-11-21-19-38-26+0800__CAM_BACK_RIGHT__1542801251377893.jpg"], "intrinsics": [[[1272.5979470598488, 0.0, 826.6154927353808], [0.0, 1272.5979470598488, 479.75165386361925], [0.0, 0.0, 1.0]], [[1266.417203046554, 0.0, 816.2670197447984], [0.0, 1266.417203046554, 491.50706579294757], [0.0, 0.0, 1.0]], [[1260.8474446004698, 0.0, 807.968244525554], [0.0, 1260.8474446004698, 495.3344268742088], [0.0, 0.0, 1.0]], [[1256.7414812095406, 0.0, 792.1125740759628], [0.0, 1256.7414812095406, 492.7757465151356], [0.0, 0.0, 1.0]], [[809.2209905677063, 0.0, 829.2196003259838], [0.0, 809.2209905677063, 481.77842384512485], [0.0, 0.0, 1.0]], [[1259.5137405846733, 0.0, 807.2529053838625], [0.0, 1259.5137405846733, 501.19579884916527], [0.0, 0.0, 1.0]]], "extrinsics": [[[0.8218520879745483, -0.5696730017662048, 0.005639561917632818, -0.37744140625], [0.003528790781274438, -0.0048085786402225494, -0.9999821782112122, 1.5107736587524414], [0.5696899890899658, 0.8218573927879333, -0.0019416839350014925, -0.8741455078125], [0.0, 0.0, 0.0, 1.0]], [[0.0067998431622982025, -0.9999335408210754, 0.009314640425145626, 0.0096435546875], [-0.0020977396052330732, -0.009329099208116531, -0.9999542832374573, 1.519364356994629], [0.9999746680259705, 0.006779940333217382, -0.0021610362455248833, -1.13116455078125], [0.0, 0.0, 0.0, 1.0]], [[-0.8325614929199219, -0.5538889765739441, -0.00695799570530653, 0.6480712890625], [0.003322891192510724, 0.007566945627331734, -0.9999658465385437, 1.5051765441894531], [0.5539226531982422, -0.8325561881065369, -0.004459434654563665, -0.992431640625], [0.0, 0.0, 0.0, 1.0]], [[0.9477561712265015, 0.3189820945262909, 0.00294864852912724, -1.1168251037597656], [0.011322734877467155, -0.02440139837563038, -0.9996381402015686, 1.5888557434082031], [-0.31879472732543945, 0.9474465250968933, -0.026738326996564865, -0.1121826171875], [0.0, 0.0, 0.0, 1.0]], [[0.0022666328586637974, 0.9999020099639893, -0.013816279359161854, 0.003173828125], [-0.013851646333932877, -0.013783595524728298, -0.9998090863227844, 1.5767908096313477], [-0.999901533126831, 0.0024575835559517145, 0.013819044455885887, -0.1834716796875], [0.0, 0.0, 0.0, 1.0]], [[-0.934857189655304, 0.3546154499053955, -0.01702157035470009, 0.818359375], [0.019014054909348488, 0.00213462277315557, -0.99981689453125, 1.5579171180725098], [-0.35451430082321167, -0.9350098967552185, -0.008738245815038681, -0.1839599609375], [0.0, 0.0, 0.0, 1.0]]], "view": [[0.0, -2.0, 100.0], [-2.0, 0.0, 100.0], [0.0, 0.0, 1.0]], "bev": "bev_b9254548087a4ba482bf4645a7dffa3d.png", "aux": "aux_b9254548087a4ba482bf4645a7dffa3d.npz", "visibility": "visibility_b9254548087a4ba482bf4645a7dffa3d.png", "pose": [[-0.7125098705291748, -0.7016621232032776, 0.0, 885.2213745117188], [0.7016621232032776, -0.7125098705291748, 0.0, 1716.6109619140625], [0.0, 0.0, 1.0, 0.0], [0.0, 0.0, 0.0, 1.0]], "pose_inverse": [[-0.7125098705291748, 0.7016621232032776, 0.0, -573.751953125], [-0.7016621232032776, -0.7125098705291748, 0.0, 1844.228515625], [0.0, 0.0, 1.0, 0.0], [0.0, 0.0, 0.0, 1.0]], "cam_ids": [0, 1, 2, 3, 4, 5], "cam_channels": ["CAM_FRONT_LEFT", "CAM_FRONT", "CAM_FRONT_RIGHT", "CAM_BACK_LEFT", "CAM_BACK", "CAM_BACK_RIGHT"], "token": "b9254548087a4ba482bf4645a7dffa3d", "scene": "scene-1102"}, {"images": ["samples/CAM_FRONT_LEFT/n015-2018-11-21-19-38-26+0800__CAM_FRONT_LEFT__1542801251854844.jpg", "samples/CAM_FRONT/n015-2018-11-21-19-38-26+0800__CAM_FRONT__1542801251862460.jpg", "samples/CAM_FRONT_RIGHT/n015-2018-11-21-19-38-26+0800__CAM_FRONT_RIGHT__1542801251870349.jpg", "samples/CAM_BACK_LEFT/n015-2018-11-21-19-38-26+0800__CAM_BACK_LEFT__1542801251897423.jpg", "samples/CAM_BACK/n015-2018-11-21-19-38-26+0800__CAM_BACK__1542801251887525.jpg", "samples/CAM_BACK_RIGHT/n015-2018-11-21-19-38-26+0800__CAM_BACK_RIGHT__1542801251877893.jpg"], "intrinsics": [[[1272.5979470598488, 0.0, 826.6154927353808], [0.0, 1272.5979470598488, 479.75165386361925], [0.0, 0.0, 1.0]], [[1266.417203046554, 0.0, 816.2670197447984], [0.0, 1266.417203046554, 491.50706579294757], [0.0, 0.0, 1.0]], [[1260.8474446004698, 0.0, 807.968244525554], [0.0, 1260.8474446004698, 495.3344268742088], [0.0, 0.0, 1.0]], [[1256.7414812095406, 0.0, 792.1125740759628], [0.0, 1256.7414812095406, 492.7757465151356], [0.0, 0.0, 1.0]], [[809.2209905677063, 0.0, 829.2196003259838], [0.0, 809.2209905677063, 481.77842384512485], [0.0, 0.0, 1.0]], [[1259.5137405846733, 0.0, 807.2529053838625], [0.0, 1259.5137405846733, 501.19579884916527], [0.0, 0.0, 1.0]]], "extrinsics": [[[0.8216689825057983, -0.5698986053466797, 0.00869409367442131, -0.38818359375], [0.010324068367481232, -0.000369650952052325, -0.999946653842926, 1.5155091285705566], [0.5698714256286621, 0.8217148780822754, 0.005579940974712372, -0.8779296875], [0.0, 0.0, 0.0, 1.0]], [[0.006958044599741697, -0.9999654293060303, 0.004535055253654718, 0.0081787109375], [0.00484895333647728, -0.0045013721100986, -0.9999781847000122, 1.5233440399169922], [0.9999639987945557, 0.006979811005294323, 0.004817464854568243, -1.11175537109375], [0.0, 0.0, 0.0, 1.0]], [[-0.8322864770889282, -0.5541268587112427, -0.015573197044432163, 0.65533447265625], [0.010263989679515362, 0.012683995999395847, -0.9998668432235718, 1.5082950592041016], [0.5542506575584412, -0.8323355317115784, -0.004869165830314159, -0.99755859375], [0.0, 0.0, 0.0, 1.0]], [[0.9476765394210815, 0.31901466846466064, 0.011776146478950977, -1.1279125213623047], [0.018456503748893738, -0.01792566291987896, -0.9996689558029175, 1.5888328552246094], [-0.3186979293823242, 0.9475802183151245, -0.022875627502799034, -0.1085205078125], [0.0, 0.0, 0.0, 1.0]], [[0.002120613120496273, 0.999967634677887, -0.007764195557683706, 0.0030517578125], [-0.006761359516531229, -0.0077496981248259544, -0.9999471306800842, 1.5781745910644531], [-0.9999748468399048, 0.002172959502786398, 0.006744705606251955, -0.1732177734375], [0.0, 0.0, 0.0, 1.0]], [[-0.9348458051681519, 0.3543950915336609, -0.021616823971271515, 0.8265380859375], [0.02602275088429451, 0.007670513354241848, -0.999631941318512, 1.560060739517212], [-0.3540987968444824, -0.9350643157958984, -0.016393084079027176, -0.1805419921875], [0.0, 0.0, 0.0, 1.0]]], "view": [[0.0, -2.0, 100.0], [-2.0, 0.0, 100.0], [0.0, 0.0, 1.0]], "bev": "bev_b2e653258e49404bbdf201aa821326fd.png", "aux": "aux_b2e653258e49404bbdf201aa821326fd.npz", "visibility": "visibility_b2e653258e49404bbdf201aa821326fd.png", "pose": [[-0.6954491138458252, -0.7185752987861633, 0.0, 879.5658569335938], [0.7185752987861633, -0.6954491138458252, 0.0, 1722.3779296875], [0.0, 0.0, 1.0, 0.0], [0.0, 0.0, 0.0, 1.0]], "pose_inverse": [[-0.6954491138458252, 0.7185752987861633, 0.0, -625.9649658203125], [-0.7185752987861633, -0.6954491138458252, 0.0, 1829.860595703125], [0.0, 0.0, 1.0, 0.0], [0.0, 0.0, 0.0, 1.0]], "cam_ids": [0, 1, 2, 3, 4, 5], "cam_channels": ["CAM_FRONT_LEFT", "CAM_FRONT", "CAM_FRONT_RIGHT", "CAM_BACK_LEFT", "CAM_BACK", "CAM_BACK_RIGHT"], "token": "b2e653258e49404bbdf201aa821326fd", "scene": "scene-1102"}, {"images": ["samples/CAM_FRONT_LEFT/n015-2018-11-21-19-38-26+0800__CAM_FRONT_LEFT__1542801252354844.jpg", "samples/CAM_FRONT/n015-2018-11-21-19-38-26+0800__CAM_FRONT__1542801252362460.jpg", "samples/CAM_FRONT_RIGHT/n015-2018-11-21-19-38-26+0800__CAM_FRONT_RIGHT__1542801252370339.jpg", "samples/CAM_BACK_LEFT/n015-2018-11-21-19-38-26+0800__CAM_BACK_LEFT__1542801252397423.jpg", "samples/CAM_BACK/n015-2018-11-21-19-38-26+0800__CAM_BACK__1542801252387525.jpg", "samples/CAM_BACK_RIGHT/n015-2018-11-21-19-38-26+0800__CAM_BACK_RIGHT__1542801252377893.jpg"], "intrinsics": [[[1272.5979470598488, 0.0, 826.6154927353808], [0.0, 1272.5979470598488, 479.75165386361925], [0.0, 0.0, 1.0]], [[1266.417203046554, 0.0, 816.2670197447984], [0.0, 1266.417203046554, 491.50706579294757], [0.0, 0.0, 1.0]], [[1260.8474446004698, 0.0, 807.968244525554], [0.0, 1260.8474446004698, 495.3344268742088], [0.0, 0.0, 1.0]], [[1256.7414812095406, 0.0, 792.1125740759628], [0.0, 1256.7414812095406, 492.7757465151356], [0.0, 0.0, 1.0]], [[809.2209905677063, 0.0, 829.2196003259838], [0.0, 809.2209905677063, 481.77842384512485], [0.0, 0.0, 1.0]], [[1259.5137405846733, 0.0, 807.2529053838625], [0.0, 1259.5137405846733, 501.19579884916527], [0.0, 0.0, 1.0]]], "extrinsics": [[[0.8211225867271423, -0.5705947875976562, 0.013386632315814495, -0.3905029296875], [0.013137463480234146, -0.004552915692329407, -0.9999033808708191, 1.5174226760864258], [0.5706005692481995, 0.8212190866470337, 0.0037576656322926283, -0.8848876953125], [0.0, 0.0, 0.0, 1.0]], [[0.006280293222516775, -0.9999419450759888, 0.008749006316065788, 0.011474609375], [0.007801913656294346, -0.008699915371835232, -0.9999317526817322, 1.5250320434570312], [0.9999498724937439, 0.00634813541546464, 0.007746821269392967, -1.1187744140625], [0.0, 0.0, 0.0, 1.0]], [[-0.8324615955352783, -0.5538572669029236, -0.015805648639798164, 0.662841796875], [0.013379378244280815, 0.008424288593232632, -0.9998749494552612, 1.5095853805541992], [0.553921103477478, -0.8325689435005188, 0.0003973694983869791, -1.0001220703125], [0.0, 0.0, 0.0, 1.0]], [[0.9476276636123657, 0.31907919049263, 0.013794430531561375, -1.1379127502441406], [0.022069020196795464, -0.022331716492772102, -0.999506950378418, 1.5886573791503906], [-0.31861376762390137, 0.9474648833274841, -0.028203917667269707, -0.1053466796875], [0.0, 0.0, 0.0, 1.0]], [[0.0023099547252058983, 0.9999229311943054, -0.012195267714560032, 0.0020751953125], [-0.003366835182532668, -0.012187453918159008, -0.9999200701713562, 1.5788097381591797], [-0.9999916553497314, 0.0023508912418037653, 0.003338422393426299, -0.16387939453125], [0.0, 0.0, 0.0, 1.0]], [[-0.9346723556518555, 0.35454562306404114, -0.02617093175649643, 0.833984375], [0.029244016855955124, 0.003311221022158861, -0.9995668530464172, 1.5608806610107422], [-0.3543054163455963, -0.9350329041481018, -0.013463246636092663, -0.1763916015625], [0.0, 0.0, 0.0, 1.0]]], "view": [[0.0, -2.0, 100.0], [-2.0, 0.0, 100.0], [0.0, 0.0, 1.0]], "bev": "bev_1ab39fe9bbe14ff198626e388270fd1e.png", "aux": "aux_1ab39fe9bbe14ff198626e388270fd1e.npz", "visibility": "visibility_1ab39fe9bbe14ff198626e388270fd1e.png", "pose": [[-0.6835777759552002, -0.7298776507377625, 0.0, 874.0693359375], [0.7298776507377625, -0.6835777759552002, 0.0, 1728.203125], [0.0, 0.0, 1.0, 0.0], [0.0, 0.0, 0.0, 1.0]], "pose_inverse": [[-0.6835777759552002, 0.7298776507377625, 0.0, -663.8825073242188], [-0.7298776507377625, -0.6835777759552002, 0.0, 1819.324951171875], [0.0, 0.0, 1.0, 0.0], [0.0, 0.0, 0.0, 1.0]], "cam_ids": [0, 1, 2, 3, 4, 5], "cam_channels": ["CAM_FRONT_LEFT", "CAM_FRONT", "CAM_FRONT_RIGHT", "CAM_BACK_LEFT", "CAM_BACK", "CAM_BACK_RIGHT"], "token": "1ab39fe9bbe14ff198626e388270fd1e", "scene": "scene-1102"}, {"images": ["samples/CAM_FRONT_LEFT/n015-2018-11-21-19-38-26+0800__CAM_FRONT_LEFT__1542801252854844.jpg", "samples/CAM_FRONT/n015-2018-11-21-19-38-26+0800__CAM_FRONT__1542801252862460.jpg", "samples/CAM_FRONT_RIGHT/n015-2018-11-21-19-38-26+0800__CAM_FRONT_RIGHT__1542801252870339.jpg", "samples/CAM_BACK_LEFT/n015-2018-11-21-19-38-26+0800__CAM_BACK_LEFT__1542801252897423.jpg", "samples/CAM_BACK/n015-2018-11-21-19-38-26+0800__CAM_BACK__1542801252887525.jpg", "samples/CAM_BACK_RIGHT/n015-2018-11-21-19-38-26+0800__CAM_BACK_RIGHT__1542801252877893.jpg"], "intrinsics": [[[1272.5979470598488, 0.0, 826.6154927353808], [0.0, 1272.5979470598488, 479.75165386361925], [0.0, 0.0, 1.0]], [[1266.417203046554, 0.0, 816.2670197447984], [0.0, 1266.417203046554, 491.50706579294757], [0.0, 0.0, 1.0]], [[1260.8474446004698, 0.0, 807.968244525554], [0.0, 1260.8474446004698, 495.3344268742088], [0.0, 0.0, 1.0]], [[1256.7414812095406, 0.0, 792.1125740759628], [0.0, 1256.7414812095406, 492.7757465151356], [0.0, 0.0, 1.0]], [[809.2209905677063, 0.0, 829.2196003259838], [0.0, 809.2209905677063, 481.77842384512485], [0.0, 0.0, 1.0]], [[1259.5137405846733, 0.0, 807.2529053838625], [0.0, 1259.5137405846733, 501.19579884916527], [0.0, 0.0, 1.0]]], "extrinsics": [[[0.8208432793617249, -0.5708378553390503, 0.01898360624909401, -0.40283203125], [0.015145359560847282, -0.01147123146802187, -0.9998195171356201, 1.5186271667480469], [0.5709525942802429, 0.8209826350212097, -0.0007705381722189486, -0.8958740234375], [0.0, 0.0, 0.0, 1.0]], [[0.005859806668013334, -0.9998646378517151, 0.015368334017693996, 0.0126953125], [0.009820010513067245, -0.015310319140553474, -0.9998345971107483, 1.5260963439941406], [0.9999346733093262, 0.006009737960994244, 0.00972896721214056, -1.1328125], [0.0, 0.0, 0.0, 1.0]], [[-0.8326300382614136, -0.5536525249481201, -0.014010080136358738, 0.673004150390625], [0.015427028760313988, 0.002101275837048888, -0.9998787641525269, 1.5103297233581543], [0.5536147356033325, -0.8327451348304749, 0.006791625637561083, -1.0057373046875], [0.0, 0.0, 0.0, 1.0]], [[0.9476158618927002, 0.3191026747226715, 0.014056759886443615, -1.1408958435058594], [0.024218210950493813, -0.027898218482732773, -0.9993173480033875, 1.588592529296875], [-0.31849268078804016, 0.9473094344139099, -0.03416489064693451, -0.104248046875], [0.0, 0.0, 0.0, 1.0]], [[0.0025093720760196447, 0.9998353719711304, -0.017969913