[{"images": ["samples/CAM_FRONT_LEFT/n008-2018-09-18-14-54-39-0400__CAM_FRONT_LEFT__1537296983854799.jpg", "samples/CAM_FRONT/n008-2018-09-18-14-54-39-0400__CAM_FRONT__1537296983862404.jpg", "samples/CAM_FRONT_RIGHT/n008-2018-09-18-14-54-39-0400__CAM_FRONT_RIGHT__1537296983870482.jpg", "samples/CAM_BACK_LEFT/n008-2018-09-18-14-54-39-0400__CAM_BACK_LEFT__1537296983897405.jpg", "samples/CAM_BACK/n008-2018-09-18-14-54-39-0400__CAM_BACK__1537296983887558.jpg", "samples/CAM_BACK_RIGHT/n008-2018-09-18-14-54-39-0400__CAM_BACK_RIGHT__1537296983878113.jpg"], "intrinsics": [[[1257.8625342125129, 0.0, 827.2410631095686], [0.0, 1257.8625342125129, 450.915498205774], [0.0, 0.0, 1.0]], [[1252.8131021185304, 0.0, 826.588114781398], [0.0, 1252.8131021185304, 469.9846626224581], [0.0, 0.0, 1.0]], [[1256.7485116440405, 0.0, 817.7887570959712], [0.0, 1256.7485116440403, 451.9541780095127], [0.0, 0.0, 1.0]], [[1254.9860565800168, 0.0, 829.5769333630991], [0.0, 1254.9860565800168, 467.1680561863987], [0.0, 0.0, 1.0]], [[796.8910634503094, 0.0, 857.7774326863696], [0.0, 796.8910634503094, 476.8848988407415], [0.0, 0.0, 1.0]], [[1249.9629280788233, 0.0, 825.3768045375984], [0.0, 1249.9629280788233, 462.54816385708756], [0.0, 0.0, 1.0]]], "extrinsics": [[[0.8225430250167847, -0.568656861782074, -0.007237948942929506, -1.005859375], [0.009095542132854462, 0.0258797537535429, -0.999623715877533, 1.4882698059082031], [0.5686301589012146, 0.8221676349639893, 0.026459455490112305, -1.3345947265625], [0.0, 0.0, 0.0, 1.0]], [[0.01027410663664341, -0.9997129440307617, -0.021642982959747314, 0.0057373046875], [0.011042173951864243, 0.021756233647465706, -0.9997023344039917, 1.480142593383789], [0.9998862147331238, 0.010032080113887787, 0.011262531392276287, -1.735748291015625], [0.0, 0.0, 0.0, 1.0]], [[-0.8439443707466125, -0.5359336733818054, -0.023085515946149826, 1.091552734375], [0.019057737663388252, 0.01305326260626316, -0.9997332096099854, 1.4930524826049805], [0.5360920429229736, -0.8441591262817383, -0.000802544760517776, -1.2777099609375], [0.0, 0.0, 0.0, 1.0]], [[0.9478836059570312, 0.3186025619506836, 0.0030068038031458855, -1.1439132690429688], [-0.00630730576813221, 0.02819858118891716, -0.9995824694633484, 1.5620384216308594], [-0.3185542821884155, 0.9474688172340393, 0.02873849868774414, -0.15625], [0.0, 0.0, 0.0, 1.0]], [[0.009197423234581947, 0.9997448325157166, 0.02063147723674774, -0.0289306640625], [-0.004197732079774141, 0.02067076973617077, -0.9997774958610535, 1.5680618286132812], [-0.9999488592147827, 0.00910879485309124, 0.004386777523905039, 0.04473876953125], [0.0, 0.0, 0.0, 1.0]], [[-0.9237222075462341, 0.38306209444999695, -0.0007687902543693781, 1.1611328125], [-6.393889634637162e-06, -0.0020223744213581085, -0.9999979138374329, 1.5478129386901855], [-0.38306286931037903, -0.9237203598022461, 0.0018705615075305104, -0.0433349609375], [0.0, 0.0, 0.0, 1.0]]], "view": [[0.0, -2.0, 100.0], [-2.0, 0.0, 100.0], [0.0, 0.0, 1.0]], "bev": "bev_97b8ce9f776c45418fb4e5eff59f859b.png", "aux": "aux_97b8ce9f776c45418fb4e5eff59f859b.npz", "visibility": "visibility_97b8ce9f776c45418fb4e5eff59f859b.png", "pose": [[0.7556527256965637, 0.6549724340438843, 0.0, 759.5935668945312], [-0.6549724340438843, 0.7556527256965637, 0.0, 1515.4156494140625], [0.0, 0.0, 1.0, 0.0], [0.0, 0.0, 0.0, 1.0]], "pose_inverse": [[0.7556527256965637, -0.6549724340438843, 0.0, 418.5665588378906], [0.6549724340438843, 0.7556527256965637, 0.0, -1642.640869140625], [0.0, 0.0, 1.0, 0.0], [0.0, 0.0, 0.0, 1.0]], "cam_ids": [0, 1, 2, 3, 4, 5], "cam_channels": ["CAM_FRONT_LEFT", "CAM_FRONT", "CAM_FRONT_RIGHT", "CAM_BACK_LEFT", "CAM_BACK", "CAM_BACK_RIGHT"], "token": "97b8ce9f776c45418fb4e5eff59f859b", "scene": "scene-0870"}, {"images": ["samples/CAM_FRONT_LEFT/n008-2018-09-18-14-54-39-0400__CAM_FRONT_LEFT__1537296984354799.jpg", "samples/CAM_FRONT/n008-2018-09-18-14-54-39-0400__CAM_FRONT__1537296984362404.jpg", "samples/CAM_FRONT_RIGHT/n008-2018-09-18-14-54-39-0400__CAM_FRONT_RIGHT__1537296984370482.jpg", "samples/CAM_BACK_LEFT/n008-2018-09-18-14-54-39-0400__CAM_BACK_LEFT__1537296984397405.jpg", "samples/CAM_BACK/n008-2018-09-18-14-54-39-0400__CAM_BACK__1537296984387558.jpg", "samples/CAM_BACK_RIGHT/n008-2018-09-18-14-54-39-0400__CAM_BACK_RIGHT__1537296984378113.jpg"], "intrinsics": [[[1257.8625342125129, 0.0, 827.2410631095686], [0.0, 1257.8625342125129, 450.915498205774], [0.0, 0.0, 1.0]], [[1252.8131021185304, 0.0, 826.588114781398], [0.0, 1252.8131021185304, 469.9846626224581], [0.0, 0.0, 1.0]], [[1256.7485116440405, 0.0, 817.7887570959712], [0.0, 1256.7485116440403, 451.9541780095127], [0.0, 0.0, 1.0]], [[1254.9860565800168, 0.0, 829.5769333630991], [0.0, 1254.9860565800168, 467.1680561863987], [0.0, 0.0, 1.0]], [[796.8910634503094, 0.0, 857.7774326863696], [0.0, 796.8910634503094, 476.8848988407415], [0.0, 0.0, 1.0]], [[1249.9629280788233, 0.0, 825.3768045375984], [0.0, 1249.9629280788233, 462.54816385708756], [0.0, 0.0, 1.0]]], "extrinsics": [[[0.8225254416465759, -0.5686878561973572, -0.006797931622713804, -1.0050048828125], [0.009467541240155697, 0.02564268745481968, -0.9996263384819031, 1.4882850646972656], [0.5686497092247009, 0.8221536874771118, 0.026475833728909492, -1.3338623046875], [0.0, 0.0, 0.0, 1.0]], [[0.010254152119159698, -0.9997180104255676, -0.021417072042822838, 0.005859375], [0.01140968780964613, 0.021533779799938202, -0.999703049659729, 1.4801559448242188], [0.9998824000358582, 0.01000681146979332, 0.01162728387862444, -1.734954833984375], [0.0, 0.0, 0.0, 1.0]], [[-0.8439475297927856, -0.535920262336731, -0.023280465975403786, 1.09100341796875], [0.019421450793743134, 0.012844198383390903, -0.9997288584709167, 1.4930648803710938], [0.5360740423202515, -0.8441709280014038, -0.0004314797115512192, -1.2774658203125], [0.0, 0.0, 0.0, 1.0]], [[0.9478883743286133, 0.31858590245246887, 0.0032508480362594128, -1.1438980102539062], [-0.005980668589472771, 0.027994094416499138, -0.9995901584625244, 1.5620384216308594], [-0.318546324968338, 0.9474805593490601, 0.028440633788704872, -0.15625], [0.0, 0.0, 0.0, 1.0]], [[0.009203728288412094, 0.9997485280036926, 0.020449673756957054, -0.02880859375], [-0.003839774988591671, 0.02048572339117527, -0.9997827410697937, 1.5680618286132812], [-0.9999502897262573, 0.009123234078288078, 0.004027356393635273, 0.0443115234375], [0.0, 0.0, 0.0, 1.0]], [[-0.9237158298492432, 0.38307663798332214, -0.0011827351991087198, 1.16064453125], [0.00036031173658557236, -0.002218635054305196, -0.9999974370002747, 1.5478127002716064], [-0.3830782473087311, -0.9237138628959656, 0.0019113612361252308, -0.04345703125], [0.0, 0.0, 0.0, 1.0]]], "view": [[0.0, -2.0, 100.0], [-2.0, 0.0, 100.0], [0.0, 0.0, 1.0]], "bev": "bev_15072988ed5d4c32b92f4c246689ef69.png", "aux": "aux_15072988ed5d4c32b92f4c246689ef69.npz", "visibility": "visibility_15072988ed5d4c32b92f4c246689ef69.png", "pose": [[0.7556853890419006, 0.654934823513031, 0.0, 759.5838012695312], [-0.654934823513031, 0.7556853890419006, 0.0, 1515.41650390625], [0.0, 0.0, 1.0, 0.0], [0.0, 0.0, 0.0, 1.0]], "pose_inverse": [[0.7556853890419006, -0.654934823513031, 0.0, 418.49261474609375], [0.654934823513031, 0.7556853890419006, 0.0, -1642.656005859375], [0.0, 0.0, 1.0, 0.0], [0.0, 0.0, 0.0, 1.0]], "cam_ids": [0, 1, 2, 3, 4, 5], "cam_channels": ["CAM_FRONT_LEFT", "CAM_FRONT", "CAM_FRONT_RIGHT", "CAM_BACK_LEFT", "CAM_BACK", "CAM_BACK_RIGHT"], "token": "15072988ed5d4c32b92f4c246689ef69", "scene": "scene-0870"}, {"images": ["samples/CAM_FRONT_LEFT/n008-2018-09-18-14-54-39-0400__CAM_FRONT_LEFT__1537296984854799.jpg", "samples/CAM_FRONT/n008-2018-09-18-14-54-39-0400__CAM_FRONT__1537296984862404.jpg", "samples/CAM_FRONT_RIGHT/n008-2018-09-18-14-54-39-0400__CAM_FRONT_RIGHT__1537296984870482.jpg", "samples/CAM_BACK_LEFT/n008-2018-09-18-14-54-39-0400__CAM_BACK_LEFT__1537296984897405.jpg", "samples/CAM_BACK/n008-2018-09-18-14-54-39-0400__CAM_BACK__1537296984887558.jpg", "samples/CAM_BACK_RIGHT/n008-2018-09-18-14-54-39-0400__CAM_BACK_RIGHT__1537296984878113.jpg"], "intrinsics": [[[1257.8625342125129, 0.0, 827.2410631095686], [0.0, 1257.8625342125129, 450.915498205774], [0.0, 0.0, 1.0]], [[1252.8131021185304, 0.0, 826.588114781398], [0.0, 1252.8131021185304, 469.9846626224581], [0.0, 0.0, 1.0]], [[1256.7485116440405, 0.0, 817.7887570959712], [0.0, 1256.7485116440403, 451.9541780095127], [0.0, 0.0, 1.0]], [[1254.9860565800168, 0.0, 829.5769333630991], [0.0, 1254.9860565800168, 467.1680561863987], [0.0, 0.0, 1.0]], [[796.8910634503094, 0.0, 857.7774326863696], [0.0, 796.8910634503094, 476.8848988407415], [0.0, 0.0, 1.0]], [[1249.9629280788233, 0.0, 825.3768045375984], [0.0, 1249.9629280788233, 462.54816385708756], [0.0, 0.0, 1.0]]], "extrinsics": [[[0.822547197341919, -0.5686571002006531, -0.006727190688252449, -1.0048828125], [0.009428420104086399, 0.02546355314552784, -0.9996312856674194, 1.4882888793945312], [0.5686187148094177, 0.822180449962616, 0.0263065118342638, -1.3336181640625], [0.0, 0.0, 0.0, 1.0]], [[0.010284769348800182, -0.9997215867042542, -0.021234283223748207, 0.005615234375], [0.011387473903596401, 0.021351126953959465, -0.9997072219848633, 1.4801578521728516], [0.9998823404312134, 0.010039946995675564, 0.01160389557480812, -1.7347412109375], [0.0, 0.0, 0.0, 1.0]], [[-0.8439348936080933, -0.535944938659668, -0.023173963651061058, 1.09088134765625], [0.01941036246716976, 0.012662977911531925, -0.9997314214706421, 1.4930686950683594], [0.5360944271087646, -0.8441579341888428, -0.0002838434593286365, -1.2774658203125], [0.0, 0.0, 0.0, 1.0]], [[0.9478856921195984, 0.31859442591667175, 0.0031941344495862722, -1.1439208984375], [-0.005988419055938721, 0.02783845365047455, -0.9995944499969482, 1.562042236328125], [-0.318554162979126, 0.9474822282791138, 0.028295550495386124, -0.156005859375], [0.0, 0.0, 0.0, 1.0]], [[0.009192143566906452, 0.9997519254684448, 0.02028735913336277, -0.029052734375], [-0.0038534915074706078, 0.020323481410741806, -0.9997860193252563, 1.5680580139160156], [-0.9999502897262573, 0.009111998602747917, 0.004039352294057608, 0.044281005859375], [0.0, 0.0, 0.0, 1.0]], [[-0.9237226247787476, 0.38305994868278503, -0.0012404632288962603, 1.16058349609375], [0.0003503114858176559, -0.002393540693446994, -0.9999970197677612, 1.5478105545043945], [-0.3830617368221283, -0.9237203001976013, 0.0020767771638929844, -0.043701171875], [0.0, 0.0, 0.0, 1.0]]], "view": [[0.0, -2.0, 100.0], [-2.0, 0.0, 100.0], [0.0, 0.0, 1.0]], "bev": "bev_39449c9231c34f3eacd5dd0c7af072c9.png", "aux": "aux_39449c9231c34f3eacd5dd0c7af072c9.npz", "visibility": "visibility_39449c9231c34f3eacd5dd0c7af072c9.png", "pose": [[0.7556001543998718, 0.6550331115722656, 0.0, 759.5803833007812], [-0.6550331115722656, 0.7556001543998718, 0.0, 1515.413330078125], [0.0, 0.0, 1.0, 0.0], [0.0, 0.0, 0.0, 1.0]], "pose_inverse": [[0.7556001543998718, -0.6550331115722656, 0.0, 418.7068786621094], [0.6550331115722656, 0.7556001543998718, 0.0, -1642.596923828125], [0.0, 0.0, 1.0, 0.0], [0.0, 0.0, 0.0, 1.0]], "cam_ids": [0, 1, 2, 3, 4, 5], "cam_channels": ["CAM_FRONT_LEFT", "CAM_FRONT", "CAM_FRONT_RIGHT", "CAM_BACK_LEFT", "CAM_BACK", "CAM_BACK_RIGHT"], "token": "39449c9231c34f3eacd5dd0c7af072c9", "scene": "scene-0870"}, {"images": ["samples/CAM_FRONT_LEFT/n008-2018-09-18-14-54-39-0400__CAM_FRONT_LEFT__1537296985354799.jpg", "samples/CAM_FRONT/n008-2018-09-18-14-54-39-0400__CAM_FRONT__1537296985362404.jpg", "samples/CAM_FRONT_RIGHT/n008-2018-09-18-14-54-39-0400__CAM_FRONT_RIGHT__1537296985370482.jpg", "samples/CAM_BACK_LEFT/n008-2018-09-18-14-54-39-0400__CAM_BACK_LEFT__1537296985397405.jpg", "samples/CAM_BACK/n008-2018-09-18-14-54-39-0400__CAM_BACK__1537296985387558.jpg", "samples/CAM_BACK_RIGHT/n008-2018-09-18-14-54-39-0400__CAM_BACK_RIGHT__1537296985378113.jpg"], "intrinsics": [[[1257.8625342125129, 0.0, 827.2410631095686], [0.0, 1257.8625342125129, 450.915498205774], [0.0, 0.0, 1.0]], [[1252.8131021185304, 0.0, 826.588114781398], [0.0, 1252.8131021185304, 469.9846626224581], [0.0, 0.0, 1.0]], [[1256.7485116440405, 0.0, 817.7887570959712], [0.0, 1256.7485116440403, 451.9541780095127], [0.0, 0.0, 1.0]], [[1254.9860565800168, 0.0, 829.5769333630991], [0.0, 1254.9860565800168, 467.1680561863987], [0.0, 0.0, 1.0]], [[796.8910634503094, 0.0, 857.7774326863696], [0.0, 796.8910634503094, 476.8848988407415], [0.0, 0.0, 1.0]], [[1249.9629280788233, 0.0, 825.3768045375984], [0.0, 1249.9629280788233, 462.54816385708756], [0.0, 0.0, 1.0]]], "extrinsics": [[[0.8225457072257996, -0.568659782409668, -0.006670023780316114, -1.0047607421875], [0.009494507685303688, 0.025458503514528275, -0.9996307492256165, 1.4882850646972656], [0.5686196684837341, 0.8221787810325623, 0.026339927688241005, -1.3336181640625], [0.0, 0.0, 0.0, 1.0]], [[0.010286797769367695, -0.999721884727478, -0.021220790222287178, 0.005615234375], [0.011453468352556229, 0.021338321268558502, -0.9997066855430603, 1.4801616668701172], [0.9998815059661865, 0.010040787979960442, 0.011669786646962166, -1.73455810546875], [0.0, 0.0, 0.0, 1.0]], [[-0.8439326286315918, -0.5359461903572083, -0.023221950978040695, 1.0908203125], [0.01948193833231926, 0.012639780528843403, -0.9997302889823914, 1.4930686950683594], [0.5360952019691467, -0.8441575765609741, -0.00022585374244954437, -1.2774658203125], [0.0, 0.0, 0.0, 1.0]], [[0.947883665561676, 0.31860002875328064, 0.0032755720894783735, -1.1439056396484375], [-0.005884863436222076, 0.02778536081314087, -0.9995965957641602, 1.562042236328125], [-0.3185625672340393, 0.9474819302558899, 0.028212206438183784, -0.1558837890625], [0.0, 0.0, 0.0, 1.0]], [[0.009188279509544373, 0.999752938747406, 0.02024240605533123, -0.0289306640625], [-0.003764590946957469, 0.020277701318264008, -0.9997872710227966, 1.5680618286132812], [-0.9999507069587708, 0.009110091254115105, 0.003949978854507208, 0.044219970703125], [0.0, 0.0, 0.0, 1.0]], [[-0.9237226843833923, 0.3830593526363373, -0.0013279570266604424, 1.1605224609375], [0.00043054294656030834, -0.0024284760002046824, -0.9999969601631165, 1.5478124618530273], [-0.38306140899658203, -0.9237205386161804, 0.002078315243124962, -0.0435791015625], [0.0, 0.0, 0.0, 1.0]]], "view": [[0.0, -2.0, 100.0], [-2.0, 0.0, 100.0], [0.0, 0.0, 1.0]], "bev": "bev_d1cf01c3642f4e4bb2643a47010477d4.png", "aux": "aux_d1cf01c3642f4e4bb2643a47010477d4.npz", "visibility": "visibility_d1cf01c3642f4e4bb2643a47010477d4.png", "pose": [[0.7556454539299011, 0.6549808382987976, 0.0, 759.5780029296875], [-0.6549808382987976, 0.7556454539299011, 0.0, 1515.410400390625], [0.0, 0.0, 1.0, 0.0], [0.0, 0.0, 0.0, 1.0]], "pose_inverse": [[0.7556454539299011, -0.6549808382987976, 0.0, 418.5931091308594], [0.6549808382987976, 0.7556454539299011, 0.0, -1642.6220703125], [0.0, 0.0, 1.0, 0.0], [0.0, 0.0, 0.0, 1.0]], "cam_ids": [0, 1, 2, 3, 4, 5], "cam_channels": ["CAM_FRONT_LEFT", "CAM_FRONT", "CAM_FRONT_RIGHT", "CAM_BACK_LEFT", "CAM_BACK", "CAM_BACK_RIGHT"], "token": "d1cf01c3642f4e4bb2643a47010477d4", "scene": "scene-0870"}, {"images": ["samples/CAM_FRONT_LEFT/n008-2018-09-18-14-54-39-0400__CAM_FRONT_LEFT__1537296985854799.jpg", "samples/CAM_FRONT/n008-2018-09-18-14-54-39-0400__CAM_FRONT__1537296985862404.jpg", "samples/CAM_FRONT_RIGHT/n008-2018-09-18-14-54-39-0400__CAM_FRONT_RIGHT__1537296985870482.jpg", "samples/CAM_BACK_LEFT/n008-2018-09-18-14-54-39-0400__CAM_BACK_LEFT__1537296985897405.jpg", "samples/CAM_BACK/n008-2018-09-18-14-54-39-0400__CAM_BACK__1537296985887558.jpg", "samples/CAM_BACK_RIGHT/n008-2018-09-18-14-54-39-0400__CAM_BACK_RIGHT__1537296985878113.jpg"], "intrinsics": [[[1257.8625342125129, 0.0, 827.2410631095686], [0.0, 1257.8625342125129, 450.915498205774], [0.0, 0.0, 1.0]], [[1252.8131021185304, 0.0, 826.588114781398], [0.0, 1252.8131021185304, 469.9846626224581], [0.0, 0.0, 1.0]], [[1256.7485116440405, 0.0, 817.7887570959712], [0.0, 1256.7485116440403, 451.9541780095127], [0.0, 0.0, 1.0]], [[1254.9860565800168, 0.0, 829.5769333630991], [0.0, 1254.9860565800168, 467.1680561863987], [0.0, 0.0, 1.0]], [[796.8910634503094, 0.0, 857.7774326863696], [0.0, 796.8910634503094, 476.8848988407415], [0.0, 0.0, 1.0]], [[1249.9629280788233, 0.0, 825.3768045375984], [0.0, 1249.9629280788233, 462.54816385708756], [0.0, 0.0, 1.0]]], "extrinsics": [[[0.8225547075271606, -0.5686465501785278, -0.0066974270157516, -1.0047607421875], [0.00946245901286602, 0.025461062788963318, -0.9996309876441956, 1.4882888793945312], [0.5686073303222656, 0.8221878409385681, 0.026323910802602768, -1.3336181640625], [0.0, 0.0, 0.0, 1.0]], [[0.010298741050064564, -0.9997218251228333, -0.02121611312031746, 0.005615234375], [0.01141719426959753, 0.021333418786525726, -0.9997072219848633, 1.4801597595214844], [0.9998818039894104, 0.010053396224975586, 0.011633723974227905, -1.734832763671875], [0.0, 0.0, 0.0, 1.0]], [[-0.8439283967018127, -0.5359547734260559, -0.023180751129984856, 1.0906982421875], [0.019437555223703384, 0.012632814235985279, -0.9997312426567078, 1.4930706024169922], [0.5361035466194153, -0.8441522717475891, -0.00024354178458452225, -1.2774658203125], [0.0, 0.0, 0.0, 1.0]], [[0.9478815793991089, 0.3186066746711731, 0.0032115939538925886, -1.1438980102539062], [-0.005955053027719259, 0.027792830020189285, -0.9995959997177124, 1.5620460510253906], [-0.3185672461986542, 0.9474794268608093, 0.028241630643606186, -0.1561279296875], [0.0, 0.0, 0.0, 1.0]], [[0.00918335746973753, 0.9997530579566956, 0.0202396921813488, -0.0286865234375], [-0.003821577411144972, 0.02027548849582672, -0.9997870922088623, 1.5680656433105469], [-0.9999505281448364, 0.009103992953896523, 0.0040068295784294605, 0.0443115234375], [0.0, 0.0, 0.0, 1.0]], [[-0.9237256050109863, 0.3830525279045105, -0.0012788468739017844, 1.16046142578125], [0.00037617713678628206, -0.0024314112961292267, -0.9999969601631165, 1.547813892364502], [-0.3830544948577881, -0.9237232804298401, 0.0021018621046096087, -0.04345703125], [0.0, 0.0, 0.0, 1.0]]], "view": [[0.0, -2.0, 100.0], [-2.0, 0.0, 100.0], [0.0, 0.0, 1.0]], "bev": "bev_9a4d1ccda14b44949b394ad309812402.png", "aux": "aux_9a4d1ccda14b44949b394ad309812402.npz", "visibility": "visibility_9a4d1ccda14b44949b394ad309812402.png", "pose": [[0.7556496262550354, 0.6549760699272156, 0.0, 759.575927734375], [-0.6549760699272156, 0.7556496262550354, 0.0, 1515.4080810546875], [0.0, 0.0, 1.0, 0.0], [0.0, 0.0, 0.0, 1.0]], "pose_inverse": [[0.7556496262550354, -0.6549760699272156, 0.0, 418.582763671875], [0.6549760699272156, 0.7556496262550354, 0.0, -1642.62158203125], [0.0, 0.0, 1.0, 0.0], [0.0, 0.0, 0.0, 1.0]], "cam_ids": [0, 1, 2, 3, 4, 5], "cam_channels": ["CAM_FRONT_LEFT", "CAM_FRONT", "CAM_FRONT_RIGHT", "CAM_BACK_LEFT", "CAM_BACK", "CAM_BACK_RIGHT"], "token": "9a4d1ccda14b44949b394ad309812402", "scene": "scene-0870"}, {"images": ["samples/CAM_FRONT_LEFT/n008-2018-09-18-14-54-39-0400__CAM_FRONT_LEFT__1537296986354799.jpg", "samples/CAM_FRONT/n008-2018-09-18-14-54-39-0400__CAM_FRONT__1537296986362404.jpg", "samples/CAM_FRONT_RIGHT/n008-2018-09-18-14-54-39-0400__CAM_FRONT_RIGHT__1537296986370482.jpg", "samples/CAM_BACK_LEFT/n008-2018-09-18-14-54-39-0400__CAM_BACK_LEFT__1537296986397405.jpg", "samples/CAM_BACK/n008-2018-09-18-14-54-39-0400__CAM_BACK__1537296986387558.jpg", "samples/CAM_BACK_RIGHT/n008-2018-09-18-14-54-39-0400__CAM_BACK_RIGHT__1537296986378113.jpg"], "intrinsics": [[[1257.8625342125129, 0.0, 827.2410631095686], [0.0, 1257.8625342125129, 450.915498205774], [0.0, 0.0, 1.0]], [[1252.8131021185304, 0.0, 826.588114781398], [0.0, 1252.8131021185304, 469.9846626224581], [0.0, 0.0, 1.0]], [[1256.7485116440405, 0.0, 817.7887570959712], [0.0, 1256.7485116440403, 451.9541780095127], [0.0, 0.0, 1.0]], [[1254.9860565800168, 0.0, 829.5769333630991], [0.0, 1254.9860565800168, 467.1680561863987], [0.0, 0.0, 1.0]], [[796.8910634503094, 0.0, 857.7774326863696], [0.0, 796.8910634503094, 476.8848988407415], [0.0, 0.0, 1.0]], [[1249.9629280788233, 0.0, 825.3768045375984], [0.0, 1249.9629280788233, 462.54816385708756], [0.0, 0.0, 1.0]]], "extrinsics": [[[0.8225553035736084, -0.568644642829895, -0.0067892735823988914, -1.0048828125], [0.009441735222935677, 0.025592604652047157, -0.9996278285980225, 1.4882888793945312], [0.5686067938804626, 0.8221850991249084, 0.02642032504081726, -1.33349609375], [0.0, 0.0, 0.0, 1.0]], [[0.010298722423613071, -0.9997187256813049, -0.021359702572226524, 0.0054931640625], [0.01139688678085804, 0.021476801484823227, -0.9997044205665588, 1.4801597595214844], [0.9998819828033447, 0.010052284225821495, 0.011614866554737091, -1.73468017578125], [0.0, 0.0, 0.0, 1.0]], [[-0.8439287543296814, -0.5359511971473694, -0.023249583318829536, 1.09075927734375], [0.019421907141804695, 0.012785849161446095, -0.999729573726654, 1.4930706024169922], [0.5361034870147705, -0.8441521525382996, -0.00038115307688713074, -1.27734375], [0.0, 0.0, 0.0, 1.0]], [[0.9478834867477417, 0.31860026717185974, 0.0032627067994326353, -1.1439437866210938], [-0.005955331493169069, 0.027954570949077606, -0.9995914697647095, 1.5620384216308594], [-0.318561315536499, 0.9474768042564392, 0.028395049273967743, -0.1561279296875], [0.0, 0.0, 0.0, 1.0]], [[0.009185638278722763, 0.9997496604919434, 0.020400699228048325, -0.02880859375], [-0.0038278454449027777, 0.020436564460396767, -0.9997838139533997, 1.5680580139160156], [-0.9999504685401917, 0.009105537086725235, 0.004014609381556511, 0.04443359375], [0.0, 0.0, 0.0, 1.0]], [[-0.9237255454063416, 0.3830529749393463, -0.001211117603816092, 1.16058349609375], [0.00036735099274665117, -0.002275882288813591, -0.9999973773956299, 1.5478124618530273], [-0.3830546736717224, -0.9237235188484192, 0.0019615760538727045, -0.0435791015625], [0.0, 0.0, 0.0, 1.0]]], "view": [[0.0, -2.0, 100.0], [-2.0, 0.0, 100.0], [0.0, 0.0, 1.0]], "bev": "bev_f6ecdd0fd41245459f20b43cf2a4923d.png", "aux": "aux_f6ecdd0fd41245459f20b43cf2a4923d.npz", "visibility": "visibility_f6ecdd0fd41245459f20b43cf2a4923d.png", "pose": [[0.7556821703910828, 0.6549384593963623, 0.0, 759.57421875], [-0.6549384593963623, 0.7556821703910828, 0.0, 1515.4061279296875], [0.0, 0.0, 1.0, 0.0], [0.0, 0.0, 0.0, 1.0]], "pose_inverse": [[0.7556821703910828, -0.6549384593963623, 0.0, 418.5010681152344], [0.6549384593963623, 0.7556821703910828, 0.0, -1642.6397705078125], [0.0, 0.0, 1.0, 0.0], [0.0, 0.0, 0.0, 1.0]], "cam_ids": [0, 1, 2, 3, 4, 5], "cam_channels": ["CAM_FRONT_LEFT", "CAM_FRONT", "CAM_FRONT_RIGHT", "CAM_BACK_LEFT", "CAM_BACK", "CAM_BACK_RIGHT"], "token": "f6ecdd0fd41245459f20b43cf2a4923d", "scene": "scene-0870"}, {"images": ["samples/CAM_FRONT_LEFT/n008-2018-09-18-14-54-39-0400__CAM_FRONT_LEFT__1537296986854799.jpg", "samples/CAM_FRONT/n008-2018-09-18-14-54-39-0400__CAM_FRONT__1537296986862404.jpg", "samples/CAM_FRONT_RIGHT/n008-2018-09-18-14-54-39-0400__CAM_FRONT_RIGHT__1537296986870618.jpg", "samples/CAM_BACK_LEFT/n008-2018-09-18-14-54-39-0400__CAM_BACK_LEFT__1537296986897405.jpg", "samples/CAM_BACK/n008-2018-09-18-14-54-39-0400__CAM_BACK__1537296986887558.jpg", "samples/CAM_BACK_RIGHT/n008-2018-09-18-14-54-39-0400__CAM_BACK_RIGHT__1537296986878113.jpg"], "intrinsics": [[[1257.8625342125129, 0.0, 827.2410631095686], [0.0, 1257.8625342125129, 450.915498205774], [0.0, 0.0, 1.0]], [[1252.8131021185304, 0.0, 826.588114781398], [0.0, 1252.8131021185304, 469.9846626224581], [0.0, 0.0, 1.0]], [[1256.7485116440405, 0.0, 817.7887570959712], [0.0, 1256.7485116440403, 451.9541780095127], [0.0, 0.0, 1.0]], [[1254.9860565800168, 0.0, 829.5769333630991], [0.0, 1254.9860565800168, 467.1680561863987], [0.0, 0.0, 1.0]], [[796.8910634503094, 0.0, 857.7774326863696], [0.0, 796.8910634503094, 476.8848988407415], [0.0, 0.0, 1.0]], [[1249.9629280788233, 0.0, 825.3768045375984], [0.0, 1249.9629280788233, 462.54816385708756], [0.0, 0.0, 1.0]]], "extrinsics": [[[0.8225558400154114, -0.5686432123184204, -0.006848989520221949, -1.0050048828125], [0.009408957324922085, 0.025650225579738617, -0.9996266961097717, 1.4882926940917969], [0.5686065554618835, 0.8221843242645264, 0.02644907869398594, -1.3333740234375], [0.0, 0.0, 0.0, 1.0]], [[0.0102968355640769, -0.9997174739837646, -0.021419847384095192, 0.005615234375], [0.01135786809027195, 0.021536530926823616, -0.999703586101532, 1.48016357421875], [0.9998824596405029, 0.010050510987639427, 0.011576417833566666, -1.734710693359375], [0.0, 0.0, 0.0, 1.0]], [[-0.8439303636550903, -0.5359489917755127, -0.02324066311120987, 1.0906982421875], [0.019374476745724678, 0.012843895703554153, -0.9997298121452332, 1.4930734634399414], [0.5361026525497437, -0.8441526293754578, -0.00045562180457636714, -1.27734375], [0.0, 0.0, 0.0, 1.0]], [[0.9478845000267029, 0.3185977339744568, 0.0032357138115912676, -1.143951416015625], [-0.005997694097459316, 0.027996139600872993, -0.9995900392532349, 1.562042236328125], [-0.3185577690601349, 0.9474764466285706, 0.028447961434721947, -0.1561279296875], [0.0, 0.0, 0.0, 1.0]], [[0.009187825955450535, 0.9997485876083374, 0.02045147679746151, -0.029052734375], [-0.00388249009847641, 0.020487850531935692, -0.9997825622558594, 1.5680618286132812], [-0.9999502897262573, 0.009106406010687351, 0.004069752991199493, 0.044189453125], [0.0, 0.0, 0.0, 1.0]], [[-0.9237253069877625, 0.38305363059043884, -0.001140953740105033, 1.1605224609375], [0.00031406470225192606, -0.0022212069015949965, -0.9999974966049194, 1.5478122234344482], [-0.3830552399158478, -0.9237233400344849, 0.0019314817618578672, -0.043701171875], [0.0, 0.0, 0.0, 1.0]]], "view": [[0.0, -2.0, 100.0], [-2.0, 0.0, 100.0], [0.0, 0.0, 1.0]], "bev": "bev_7c5a7d98dd18416b9767bc010087f88f.png", "aux": "aux_7c5a7d98dd18416b9767bc010087f88f.npz", "visibility": "visibility_7c5a7d98dd18416b9767bc010087f88f.png", "pose": [[0.7556350827217102, 0.6549928188323975, 0.0, 759.5728149414062], [-0.6549928188323975, 0.7556350827217102, 0.0, 1515.4044189453125], [0.0, 0.0, 1.0, 0.0], [0.0, 0.0, 0.0, 1.0]], "pose_inverse": [[0.7556350827217102, -0.6549928188323975, 0.0, 418.6191711425781], [0.6549928188323975, 0.7556350827217102, 0.0, -1642.6075439453125], [0.0, 0.0, 1.0, 0.0], [0.0, 0.0, 0.0, 1.0]], "cam_ids": [0, 1, 2, 3, 4, 5], "cam_channels": ["CAM_FRONT_LEFT", "CAM_FRONT", "CAM_FRONT_RIGHT", "CAM_BACK_LEFT", "CAM_BACK", "CAM_BACK_RIGHT"], "token": "7c5a7d98dd18416b9767bc010087f88f", "scene": "scene-0870"}, {"images": ["samples/CAM_FRONT_LEFT/n008-2018-09-18-14-54-39-0400__CAM_FRONT_LEFT__1537296987354799.jpg", "samples/CAM_FRONT/n008-2018-09-18-14-54-39-0400__CAM_FRONT__1537296987362404.jpg", "samples/CAM_FRONT_RIGHT/n008-2018-09-18-14-54-39-0400__CAM_FRONT_RIGHT__1537296987370482.jpg", "samples/CAM_BACK_LEFT/n008-2018-09-18-14-54-39-0400__CAM_BACK_LEFT__1537296987397405.jpg", "samples/CAM_BACK/n008-2018-09-18-14-54-39-0400__CAM_BACK__1537296987387558.jpg", "samples/CAM_BACK_RIGHT/n008-2018-09-18-14-54-39-0400__CAM_BACK_RIGHT__1537296987378113.jpg"], "intrinsics": [[[1257.8625342125129, 0.0, 827.2410631095686], [0.0, 1257.8625342125129, 450.915498205774], [0.0, 0.0, 1.0]], [[1252.8131021185304, 0.0, 826.588114781398], [0.0, 1252.8131021185304, 469.9846626224581], [0.0, 0.0, 1.0]], [[1256.7485116440405, 0.0, 817.7887570959712], [0.0, 1256.7485116440403, 451.9541780095127], [0.0, 0.0, 1.0]], [[1254.9860565800168, 0.0, 829.5769333630991], [0.0, 1254.9860565800168, 467.1680561863987], [0.0, 0.0, 1.0]], [[796.8910634503094, 0.0, 857.7774326863696], [0.0, 796.8910634503094, 476.8848988407415], [0.0, 0.0, 1.0]], [[1249.9629280788233, 0.0, 825.3768045375984], [0.0, 1249.9629280788233, 462.54816385708756], [0.0, 0.0, 1.0]]], "extrinsics": [[[0.8225553631782532, -0.5686450600624084, -0.00674459058791399, -1.0050048828125], [0.00940451119095087, 0.02546023763716221, -0.9996315836906433, 1.4882888793945312], [0.5686072707176208, 0.8221889138221741, 0.0262902844697237, -1.3336181640625], [0.0, 0.0, 0.0, 1.0]], [[0.0102982297539711, -0.9997217059135437, -0.021222051233053207, 0.005615234375], [0.011362557299435139, 0.021338799968361855, -0.9997077584266663, 1.4801616668701172], [0.9998824000358582, 0.010054070502519608, 0.011579148471355438, -1.734771728515625], [0.0, 0.0, 0.0, 1.0]], [[-0.8439293503761292, -0.5359547734260559, -0.023144446313381195, 1.0906982421875], [0.019387604668736458, 0.012643746100366116, -0.9997320771217346, 1.4930734634399414], [0.5361038446426392, -0.84415203332901, -0.00027955102268606424, -1.277587890625], [0.0, 0.0, 0.0, 1.0]], [[0.9478842616081238, 0.31859904527664185, 0.0031851171515882015, -1.1438674926757812], [-0.006003122311085463, 0.0278534647077322, -0.99959397315979, 1.562042236328125], [-0.3185584545135498, 0.9474802613258362, 0.02831444889307022, -0.156005859375], [0.0, 0.0, 0.0, 1.0]], [[0.009186724200844765, 0.9997521638870239, 0.020281925797462463, -0.02880859375], [-0.0038715957198292017, 0.02031818963587284, -0.9997860193252563, 1.5680618286132812], [-0.9999503493309021, 0.009106285870075226, 0.004057294223457575, 0.044342041015625], [0.0, 0.0, 0.0, 1.0]], [[-0.9237257838249207, 0.3830524682998657, -0.0012293042382225394, 1.16064453125], [0.0003298876399639994, -0.0024137040600180626, -0.9999970197677612, 1.5478134155273438], [-0.38305428624153137, -0.9237233996391296, 0.0021032369695603848, -0.0435791015625], [0.0, 0.0, 0.0, 1.0]]], "view": [[0.0, -2.0, 100.0], [-2.0, 0.0, 100.0], [0.0, 0.0, 1.0]], "bev": "bev_11c71bd53afa444ebcce84ee0e02d12d.png", "aux": "aux_11c71bd53afa444ebcce84ee0e02d12d.npz", "visibility": "visibility_11c71bd53afa444ebcce84ee0e02d12d.png", "pose": [[0.7556755542755127, 0.6549461483955383, 0.0, 759.5715942382812], [-0.6549461483955383, 0.7556755542755127, 0.0, 1515.403076171875], [0.0, 0.0, 1.0, 0.0], [0.0, 0.0, 0.0, 1.0]], "pose_inverse": [[0.7556755542755127, -0.6549461483955383, 0.0, 418.51776123046875], [0.6549461483955383, 0.7556755542755127, 0.0, -1642.631591796875], [0.0, 0.0, 1.0, 0.0], [0.0, 0.0, 0.0, 1.0]], "cam_ids": [0, 1, 2, 3, 4, 5], "cam_channels": ["CAM_FRONT_LEFT", "CAM_FRONT", "CAM_FRONT_RIGHT", "CAM_BACK_LEFT", "CAM_BACK", "CAM_BACK_RIGHT"], "token": "11c71bd53afa444ebcce84ee0e02d12d", "scene": "scene-0870"}, {"images": ["samples/CAM_FRONT_LEFT/n008-2018-09-18-14-54-39-0400__CAM_FRONT_LEFT__1537296987854799.jpg", "samples/CAM_FRONT/n008-2018-09-18-14-54-39-0400__CAM_FRONT__1537296987862404.jpg", "samples/CAM_FRONT_RIGHT/n008-2018-09-18-14-54-39-0400__CAM_FRONT_RIGHT__1537296987870482.jpg", "samples/CAM_BACK_LEFT/n008-2018-09-18-14-54-39-0400__CAM_BACK_LEFT__1537296987897405.jpg", "samples/CAM_BACK/n008-2018-09-18-14-54-39-0400__CAM_BACK__1537296987887558.jpg", "samples/CAM_BACK_RIGHT/n008-2018-09-18-14-54-39-0400__CAM_BACK_RIGHT__1537296987878113.jpg"], "intrinsics": [[[1257.8625342125129, 0.0, 827.2410631095686], [0.0, 1257.8625342125129, 450.915498205774], [0.0, 0.0, 1.0]], [[1252.8131021185304, 0.0, 826.588114781398], [0.0, 1252.8131021185304, 469.9846626224581], [0.0, 0.0, 1.0]], [[1256.7485116440405, 0.0, 817.7887570959712], [0.0, 1256.7485116440403, 451.9541780095127], [0.0, 0.0, 1.0]], [[1254.9860565800168, 0.0, 829.5769333630991], [0.0, 1254.9860565800168, 467.1680561863987], [0.0, 0.0, 1.0]], [[796.8910634503094, 0.0, 857.7774326863696], [0.0, 796.8910634503094, 476.8848988407415], [0.0, 0.0, 1.0]], [[1249.9629280788233, 0.0, 825.3768045375984], [0.0, 1249.9629280788233, 462.54816385708756], [0.0, 0.0, 1.0]]], "extrinsics": [[[0.8225439190864563, -0.5686607360839844, -0.006814071908593178, -1.0048828125], [0.009368645958602428, 0.025529591366648674, -0.9996302127838135, 1.4882926940917969], [0.5686244368553162, 0.822175920009613, 0.02632679045200348, -1.3333740234375], [0.0, 0.0, 0.0, 1.0]], [[0.010278544388711452, -0.9997202754020691, -0.021299656480550766, 0.0054931640625], [0.011326339095830917, 0.021415814757347107, -0.999706506729126, 1.48016357421875], [0.9998829960823059, 0.010034343227744102, 0.011543294414877892, -1.734588623046875], [0.0, 0.0, 0.0, 1.0]], [[-0.8439383506774902, -0.5359401106834412, -0.023154566064476967, 1.0906982421875], [0.019346898421645164, 0.012726725079119205, -0.9997317790985107, 1.4930734634399414], [0.5360910892486572, -0.8441600203514099, -0.000371792062651366, -1.27734375], [0.0, 0.0, 0.0, 1.0]], [[0.9478845000267029, 0.31859835982322693, 0.003162284381687641, -1.14398193359375], [-0.006040958222001791, 0.027894455939531326, -0.999592661857605, 1.5620384216308594], [-0.3185568153858185, 0.947479248046875, 0.0283653661608696, -0.1561279296875], [0.0, 0.0, 0.0, 1.0]], [[0.00919338222593069, 0.9997509717941284, 0.020334940403699875, -0.0286865234375], [-0.003910117782652378, 0.020371586084365845, -0.9997848272323608, 1.5680618286132812], [-0.999950110912323, 0.009111805818974972, 0.00409642793238163, 0.044189453125], [0.0, 0.0, 0.0, 1.0]], [[-0.9237215518951416, 0.3830627202987671, -0.0011586485197767615, 1.16070556640625], [0.00028651850880123675, -0.0023337749298661947, -0.9999971985816956, 1.5478127002716064], [-0.3830643892288208, -0.9237194061279297, 0.0020460039377212524, -0.043701171875], [0.0, 0.0, 0.0, 1.0]]], "view": [[0.0, -2.0, 100.0], [-2.0, 0.0, 100.0], [0.0, 0.0, 1.0]], "bev": "bev_79561150ba3c4be3883372f05986b9b1.png", "aux": "aux_79561150ba3c4be3883372f05986b9b1.npz", "visibility": "visibility_79561150ba3c4be3883372f05986b9b1.png", "pose": [[0.7555816769599915, 0.6550544500350952, 0.0, 759.570556640625], [-0.6550544500350952, 0.7555816769599915, 0.0, 1515.40185546875], [0.0, 0.0, 1.0, 0.0], [0.0, 0.0, 0.0, 1.0]], "pose_inverse": [[0.7555816769599915, -0.6550544500350952, 0.0, 418.7530822753906], [0.6550544500350952, 0.7555816769599915, 0.0, -1642.5699462890625], [0.0, 0.0, 1.0, 0.0], [0.0, 0.0, 0.0, 1.0]], "cam_ids": [0, 1, 2, 3, 4, 5], "cam_channels": ["CAM_FRONT_LEFT", "CAM_FRONT", "CAM_FRONT_RIGHT", "CAM_BACK_LEFT", "CAM_BACK", "CAM_BACK_RIGHT"], "token": "79561150ba3c4be3883372f05986b9b1", "scene": "scene-0870"}, {"images": ["samples/CAM_FRONT_LEFT/n008-2018-09-18-14-54-39-0400__CAM_FRONT_LEFT__1537296988354799.jpg", "samples/CAM_FRONT/n008-2018-09-18-14-54-39-0400__CAM_FRONT__1537296988362404.jpg", "samples/CAM_FRONT_RIGHT/n008-2018-09-18-14-54-39-0400__CAM_FRONT_RIGHT__1537296988370482.jpg", "samples/CAM_BACK_LEFT/n008-2018-09-18-14-54-39-0400__CAM_BACK_LEFT__1537296988397405.jpg", "samples/CAM_BACK/n008-2018-09-18-14-54-39-0400__CAM_BACK__1537296988387558.jpg", "samples/CAM_BACK_RIGHT/n008-2018-09-18-14-54-39-0400__CAM_BACK_RIGHT__1537296988378113.jpg"], "intrinsics": [[[1257.8625342125129, 0.0, 827.2410631095686], [0.0, 1257.8625342125129, 450.915498205774], [0.0, 0.0, 1.0]], [[1252.8131021185304, 0.0, 826.588114781398], [0.0, 1252.8131021185304, 469.9846626224581], [0.0, 0.0, 1.0]], [[1256.7485116440405, 0.0, 817.7887570959712], [0.0, 1256.7485116440403, 451.9541780095127], [0.0, 0.0, 1.0]], [[1254.9860565800168, 0.0, 829.5769333630991], [0.0, 1254.9860565800168, 467.1680561863987], [0.0, 0.0, 1.0]], [[796.8910634503094, 0.0, 857.7774326863696], [0.0, 796.8910634503094, 476.8848988407415], [0.0, 0.0, 1.0]], [[1249.9629280788233, 0.0, 825.3768045375984], [0.0, 1249.9629280788233, 462.54816385708756], [0.0, 0.0, 1.0]]], "extrinsics": [[[0.8225392699241638, -0.5686679482460022, -0.0067686354741454124, -1.0050048828125], [0.009366216138005257, 0.025445830076932907, -0.9996322989463806, 1.4882965087890625], [0.5686311721801758, 0.822173535823822, 0.026256460696458817, -1.33349609375], [0.0, 0.0, 0.0, 1.0]], [[0.010271305218338966, -0.9997221827507019, -0.021211905404925346, 0.00537109375], [0.011316254734992981, 0.021327879279851913, -0.9997085332870483, 1.4801616668701172], [0.9998831748962402, 0.010028284043073654, 0.011532178148627281, -1.734771728515625], [0.0, 0.0, 0.0, 1.0]], [[-0.8439415097236633, -0.5359376668930054, -0.023099316284060478, 1.09063720703125], [0.01934215798974037, 0.012631136924028397, -0.9997331500053406, 1.4930715560913086], [0.53608638048172, -0.8441631197929382, -0.000293749530101195, -1.277587890625], [0.0, 0.0, 0.0, 1.0]], [[0.9478855729103088, 0.31859540939331055, 0.0031477645970880985, -1.1438980102539062], [-0.006025194656103849, 0.027802307158708572, -0.9995952844619751, 1.562042236328125], [-0.3185538947582245, 0.9474830031394958, 0.02827300690114498, -0.15625], [0.0, 0.0, 0.0, 1.0]], [[0.009196518920361996, 0.9997529983520508, 0.0202325452119112, -0.0289306640625], [-0.003908928949385881, 0.020269189029932022, -0.999786913394928, 1.5680580139160156], [-0.9999500513076782, 0.009115421213209629, 0.004094369243830442, 0.044281005859375], [0.0, 0.0, 0.0, 1.0]], [[-0.9237200617790222, 0.383066326379776, -0.0012050318764522672, 1.16058349609375], [0.00029455151525326073, -0.0024354674387723207, -0.9999969601631165, 1.5478129386901855], [-0.38306814432144165, -0.9237176179885864, 0.0021368584129959345, -0.0435791015625], [0.0, 0.0, 0.0, 1.0]]], "view": [[0.0, -2.0, 100.0], [-2.0, 0.0, 100.0], [0.0, 0.0, 1.0]], "bev": "bev_4655f48cae8e4a1fa4486d10181df6e1.png", "aux": "aux_4655f48cae8e4a1fa4486d10181df6e1.npz", "visibility": "visibility_4655f48cae8e4a1fa4486d10181df6e1.png", "pose": [[0.7556313872337341, 0.6549971103668213, 0.0, 759.5696411132812], [-0.6549971103668213, 0.7556313872337341, 0.0, 1515.40087890625], [0.0, 0.0, 1.0, 0.0], [0.0, 0.0, 0.0, 1.0]], "pose_inverse": [[0.7556313872337341, -0.6549971103668213, 0.0, 418.62847900390625], [0.6549971103668213, 0.7556313872337341, 0.0, -1642.600341796875], [0.0, 0.0, 1.0, 0.0], [0.0, 0.0, 0.0, 1.0]], "cam_ids": [0, 1, 2, 3, 4, 5], "cam_channels": ["CAM_FRONT_LEFT", "CAM_FRONT", "CAM_FRONT_RIGHT", "CAM_BACK_LEFT", "CAM_BACK", "CAM_BACK_RIGHT"], "token": "4655f48cae8e4a1fa4486d10181df6e1", "scene": "scene-0870"}, {"images": ["samples/CAM_FRONT_LEFT/n008-2018-09-18-14-54-39-0400__CAM_FRONT_LEFT__1537296988854799.jpg", "samples/CAM_FRONT/n008-2018-09-18-14-54-39-0400__CAM_FRONT__1537296988862404.jpg", "samples/CAM_FRONT_RIGHT/n008-2018-09-18-14-54-39-0400__CAM_FRONT_RIGHT__1537296988870482.jpg", "samples/CAM_BACK_LEFT/n008-2018-09-18-14-54-39-0400__CAM_BACK_LEFT__1537296988897405.jpg", "samples/CAM_BACK/n008-2018-09-18-14-54-39-0400__CAM_BACK__1537296988887558.jpg", "samples/CAM_BACK_RIGHT/n008-2018-09-18-14-54-39-0400__CAM_BACK_RIGHT__1537296988878113.jpg"], "intrinsics": [[[1257.8625342125129, 0.0, 827.2410631095686], [0.0, 1257.8625342125129, 450.915498205774], [0.0, 0.0, 1.0]], [[1252.8131021185304, 0.0, 826.588114781398], [0.0, 1252.8131021185304, 469.9846626224581], [0.0, 0.0, 1.0]], [[1256.7485116440405, 0.0, 817.7887570959712], [0.0, 1256.7485116440403, 451.9541780095127], [0.0, 0.0, 1.0]], [[1254.9860565800168, 0.0, 829.5769333630991], [0.0, 1254.9860565800168, 467.1680561863987], [0.0, 0.0, 1.0]], [[796.8910634503094, 0.0, 857.7774326863696], [0.0, 796.8910634503094, 476.8848988407415], [0.0, 0.0, 1.0]], [[1249.9629280788233, 0.0, 825.3768045375984], [0.0, 1249.9629280788233, 462.54816385708756], [0.0, 0.0, 1.0]]], "extrinsics": [[[0.8225325345993042, -0.5686776638031006, -0.006782636046409607, -1.0050048828125], [0.009377389214932919, 0.025486042723059654, -0.9996312260627747, 1.4882965087890625], [0.5686408281326294, 0.8221656084060669, 0.02629580721259117, -1.3333740234375], [0.0, 0.0, 0.0, 1.0]], [[0.010260967537760735, -0.9997212290763855, -0.021263735368847847, 0.005615234375], [0.011337450705468655, 0.021379800513386726, -0.9997071623802185, 1.4801616668701172], [0.9998831152915955, 0.01001676358282566, 0.01155366562306881, -1.73480224609375], [0.0, 0.0, 0.0, 1.0]], [[-0.8439453840255737, -0.5359290242195129, -0.02315470762550831, 1.090576171875], [0.019367646425962448, 0.01269433181732893, -0.9997318387031555, 1.4930734634399414], [0.5360792279243469, -0.8441675901412964, -0.00033363953116349876, -1.2774658203125], [0.0, 0.0, 0.0, 1.0]], [[0.9478862881660461, 0.31859290599823, 0.0031923914793878794, -1.1438217163085938], [-0.006001318339258432, 0.027871496975421906, -0.9995934963226318, 1.5620384216308594], [-0.3185524046421051, 0.9474818110466003, 0.028330987319350243, -0.1561279296875], [0.0, 0.0, 0.0, 1.0]], [[0.009199407882988453, 0.9997513294219971, 0.020312774926424026, -0.0289306640625], [-0.003875056281685829, 0.02034912258386612, -0.9997854232788086, 1.5680618286132812],