[{"images": ["samples/CAM_FRONT_LEFT/n008-2018-08-27-11-48-51-0400__CAM_FRONT_LEFT__1535385032104799.jpg", "samples/CAM_FRONT/n008-2018-08-27-11-48-51-0400__CAM_FRONT__1535385032112404.jpg", "samples/CAM_FRONT_RIGHT/n008-2018-08-27-11-48-51-0400__CAM_FRONT_RIGHT__1535385032120482.jpg", "samples/CAM_BACK_LEFT/n008-2018-08-27-11-48-51-0400__CAM_BACK_LEFT__1535385032147405.jpg", "samples/CAM_BACK/n008-2018-08-27-11-48-51-0400__CAM_BACK__1535385032137558.jpg", "samples/CAM_BACK_RIGHT/n008-2018-08-27-11-48-51-0400__CAM_BACK_RIGHT__1535385032128113.jpg"], "intrinsics": [[[1257.8625342125129, 0.0, 827.2410631095686], [0.0, 1257.8625342125129, 450.915498205774], [0.0, 0.0, 1.0]], [[1252.8131021185304, 0.0, 826.588114781398], [0.0, 1252.8131021185304, 469.9846626224581], [0.0, 0.0, 1.0]], [[1256.7485116440405, 0.0, 817.7887570959712], [0.0, 1256.7485116440403, 451.9541780095127], [0.0, 0.0, 1.0]], [[1254.9860565800168, 0.0, 829.5769333630991], [0.0, 1254.9860565800168, 467.1680561863987], [0.0, 0.0, 1.0]], [[796.8910634503094, 0.0, 857.7774326863696], [0.0, 796.8910634503094, 476.8848988407415], [0.0, 0.0, 1.0]], [[1249.9629280788233, 0.0, 825.3768045375984], [0.0, 1249.9629280788233, 462.54816385708756], [0.0, 0.0, 1.0]]], "extrinsics": [[[0.8230451345443726, -0.567413330078125, -0.02527870610356331, -0.6318359375], [0.0026689583901315928, 0.04836985468864441, -0.9988259077072144, 1.4888877868652344], [0.5679697394371033, 0.8220113515853882, 0.041324976831674576, -1.0908203125], [0.0, 0.0, 0.0, 1.0]], [[0.010989130474627018, -0.9989632964134216, -0.04417599365115166, 0.019775390625], [0.004667036700993776, 0.0442294217646122, -0.9990105032920837, 1.4814186096191406], [0.9999286532402039, 0.010772086679935455, 0.005148241762071848, -1.3668212890625], [0.0, 0.0, 0.0, 1.0]], [[-0.8436968922615051, -0.535991907119751, -0.029801949858665466, 0.8536376953125], [0.012736408971250057, 0.03551371023058891, -0.999288022518158, 1.4964256286621094], [0.5366687178611755, -0.8434758186340332, -0.023136194795370102, -1.1170654296875], [0.0, 0.0, 0.0, 1.0]], [[0.9478421211242676, 0.3187202513217926, 0.0035664676688611507, -1.128173828125], [-0.01323192659765482, 0.05052511394023895, -0.9986351132392883, 1.5617971420288086], [-0.3184654414653778, 0.9465011954307556, 0.05210711807012558, -0.1619110107421875], [0.0, 0.0, 0.0, 1.0]], [[0.00899958610534668, 0.99903804063797, 0.04291875660419464, -0.03118896484375], [-0.010762878693640232, 0.04301478713750839, -0.9990164041519165, 1.5666723251342773], [-0.9999015927314758, 0.00852880533784628, 0.01113964058458805, -0.0709228515625], [0.0, 0.0, 0.0, 1.0]], [[-0.9239170551300049, 0.38234975934028625, 0.013636263087391853, 0.9644775390625], [-0.006313320714980364, 0.020400607958436012, -0.9997719526290894, 1.5463638305664062], [-0.3825407326221466, -0.9237924814224243, -0.016434572637081146, -0.1181640625], [0.0, 0.0, 0.0, 1.0]]], "view": [[0.0, -2.0, 100.0], [-2.0, 0.0, 100.0], [0.0, 0.0, 1.0]], "bev": "bev_703426546bd74b7a8d7064fdeeded4ec.png", "aux": "aux_703426546bd74b7a8d7064fdeeded4ec.npz", "visibility": "visibility_703426546bd74b7a8d7064fdeeded4ec.png", "pose": [[-0.9999999403953552, -0.00030696726753376424, 0.0, 1805.083984375], [0.00030696726753376424, -0.9999999403953552, 0.0, 784.6331787109375], [0.0, 0.0, 1.0, 0.0], [0.0, 0.0, 0.0, 1.0]], "pose_inverse": [[-0.9999999403953552, 0.00030696726753376424, 0.0, 1804.843017578125], [-0.00030696726753376424, -0.9999999403953552, 0.0, 785.187255859375], [0.0, 0.0, 1.0, 0.0], [0.0, 0.0, 0.0, 1.0]], "cam_ids": [0, 1, 2, 3, 4, 5], "cam_channels": ["CAM_FRONT_LEFT", "CAM_FRONT", "CAM_FRONT_RIGHT", "CAM_BACK_LEFT", "CAM_BACK", "CAM_BACK_RIGHT"], "token": "703426546bd74b7a8d7064fdeeded4ec", "scene": "scene-0653"}, {"images": ["samples/CAM_FRONT_LEFT/n008-2018-08-27-11-48-51-0400__CAM_FRONT_LEFT__1535385032604799.jpg", "samples/CAM_FRONT/n008-2018-08-27-11-48-51-0400__CAM_FRONT__1535385032613205.jpg", "samples/CAM_FRONT_RIGHT/n008-2018-08-27-11-48-51-0400__CAM_FRONT_RIGHT__1535385032620482.jpg", "samples/CAM_BACK_LEFT/n008-2018-08-27-11-48-51-0400__CAM_BACK_LEFT__1535385032647405.jpg", "samples/CAM_BACK/n008-2018-08-27-11-48-51-0400__CAM_BACK__1535385032637558.jpg", "samples/CAM_BACK_RIGHT/n008-2018-08-27-11-48-51-0400__CAM_BACK_RIGHT__1535385032628113.jpg"], "intrinsics": [[[1257.8625342125129, 0.0, 827.2410631095686], [0.0, 1257.8625342125129, 450.915498205774], [0.0, 0.0, 1.0]], [[1252.8131021185304, 0.0, 826.588114781398], [0.0, 1252.8131021185304, 469.9846626224581], [0.0, 0.0, 1.0]], [[1256.7485116440405, 0.0, 817.7887570959712], [0.0, 1256.7485116440403, 451.9541780095127], [0.0, 0.0, 1.0]], [[1254.9860565800168, 0.0, 829.5769333630991], [0.0, 1254.9860565800168, 467.1680561863987], [0.0, 0.0, 1.0]], [[796.8910634503094, 0.0, 857.7774326863696], [0.0, 796.8910634503094, 476.8848988407415], [0.0, 0.0, 1.0]], [[1249.9629280788233, 0.0, 825.3768045375984], [0.0, 1249.9629280788233, 462.54816385708756], [0.0, 0.0, 1.0]]], "extrinsics": [[[0.821738600730896, -0.5691593289375305, -0.02834281139075756, -0.6302490234375], [0.0032726097851991653, 0.054448455572128296, -0.9985111951828003, 1.4892387390136719], [0.5698552131652832, 0.8204224705696106, 0.04660503566265106, -1.085205078125], [0.0, 0.0, 0.0, 1.0]], [[0.008891772478818893, -0.9987030625343323, -0.05013129115104675, 0.01611328125], [0.005730238743126392, 0.05018334090709686, -0.998723566532135, 1.4818763732910156], [0.9999440908432007, 0.008593159727752209, 0.006169025786221027, -1.370849609375], [0.0, 0.0, 0.0, 1.0]], [[-0.8447043895721436, -0.5341457724571228, -0.03410070762038231, 0.848388671875], [0.014181239530444145, 0.041354160755872726, -0.999043881893158, 1.4969520568847656], [0.535045325756073, -0.8443803787231445, -0.02735719084739685, -1.11761474609375], [0.0, 0.0, 0.0, 1.0]], [[0.9478957653045654, 0.318489134311676, 0.007638655602931976, -1.1290283203125], [-0.01062973216176033, 0.05558209493756294, -0.9983975291252136, 1.5618610382080078], [-0.31840333342552185, 0.9462955594062805, 0.056071482598781586, -0.16131591796875], [0.0, 0.0, 0.0, 1.0]], [[0.009778905659914017, 0.9987876415252686, 0.048245251178741455, -0.02984619140625], [-0.008471782319247723, 0.04832857847213745, -0.9987955093383789, 1.5669727325439453], [-0.9999163150787354, 0.009358403272926807, 0.008934112265706062, -0.0718994140625], [0.0, 0.0, 0.0, 1.0]], [[-0.9233522415161133, 0.3836934268474579, 0.014138397760689259, 0.9630126953125], [-0.004500734154134989, 0.026004381477832794, -0.9996517300605774, 1.5467538833618164], [-0.3839274048805237, -0.9230943322181702, -0.02228430286049843, -0.1217041015625], [0.0, 0.0, 0.0, 1.0]]], "view": [[0.0, -2.0, 100.0], [-2.0, 0.0, 100.0], [0.0, 0.0, 1.0]], "bev": "bev_80106a3ca16e497891d39a17183ac0f3.png", "aux": "aux_80106a3ca16e497891d39a17183ac0f3.npz", "visibility": "visibility_80106a3ca16e497891d39a17183ac0f3.png", "pose": [[-0.9999996423721313, 0.000861029839143157, 0.0, 1800.1243896484375], [-0.000861029839143157, -0.9999996423721313, 0.0, 784.7662963867188], [0.0, 0.0, 1.0, 0.0], [0.0, 0.0, 0.0, 1.0]], "pose_inverse": [[-0.9999996423721313, -0.000861029839143157, 0.0, 1800.7994384765625], [0.000861029839143157, -0.9999996423721313, 0.0, 783.216064453125], [0.0, 0.0, 1.0, 0.0], [0.0, 0.0, 0.0, 1.0]], "cam_ids": [0, 1, 2, 3, 4, 5], "cam_channels": ["CAM_FRONT_LEFT", "CAM_FRONT", "CAM_FRONT_RIGHT", "CAM_BACK_LEFT", "CAM_BACK", "CAM_BACK_RIGHT"], "token": "80106a3ca16e497891d39a17183ac0f3", "scene": "scene-0653"}, {"images": ["samples/CAM_FRONT_LEFT/n008-2018-08-27-11-48-51-0400__CAM_FRONT_LEFT__1535385033104799.jpg", "samples/CAM_FRONT/n008-2018-08-27-11-48-51-0400__CAM_FRONT__1535385033112404.jpg", "samples/CAM_FRONT_RIGHT/n008-2018-08-27-11-48-51-0400__CAM_FRONT_RIGHT__1535385033120482.jpg", "samples/CAM_BACK_LEFT/n008-2018-08-27-11-48-51-0400__CAM_BACK_LEFT__1535385033147405.jpg", "samples/CAM_BACK/n008-2018-08-27-11-48-51-0400__CAM_BACK__1535385033137558.jpg", "samples/CAM_BACK_RIGHT/n008-2018-08-27-11-48-51-0400__CAM_BACK_RIGHT__1535385033128113.jpg"], "intrinsics": [[[1257.8625342125129, 0.0, 827.2410631095686], [0.0, 1257.8625342125129, 450.915498205774], [0.0, 0.0, 1.0]], [[1252.8131021185304, 0.0, 826.588114781398], [0.0, 1252.8131021185304, 469.9846626224581], [0.0, 0.0, 1.0]], [[1256.7485116440405, 0.0, 817.7887570959712], [0.0, 1256.7485116440403, 451.9541780095127], [0.0, 0.0, 1.0]], [[1254.9860565800168, 0.0, 829.5769333630991], [0.0, 1254.9860565800168, 467.1680561863987], [0.0, 0.0, 1.0]], [[796.8910634503094, 0.0, 857.7774326863696], [0.0, 796.8910634503094, 476.8848988407415], [0.0, 0.0, 1.0]], [[1249.9629280788233, 0.0, 825.3768045375984], [0.0, 1249.9629280788233, 462.54816385708756], [0.0, 0.0, 1.0]]], "extrinsics": [[[0.8216404914855957, -0.5694202184677124, -0.025841087102890015, -0.6290283203125], [-0.0005792088923044503, 0.04450066760182381, -0.9990091919898987, 1.4875984191894531], [0.5700060129165649, 0.8208412528038025, 0.03623373433947563, -1.0843505859375], [0.0, 0.0, 0.0, 1.0]], [[0.008946246467530727, -0.9991458058357239, -0.0403422936797142, 0.01666259765625], [0.001472675008699298, 0.04035702720284462, -0.999184250831604, 1.4803886413574219], [0.999958872795105, 0.008879538625478745, 0.0018324624979868531, -1.3623046875], [0.0, 0.0, 0.0, 1.0]], [[-0.8445717096328735, -0.5348600745201111, -0.024962859228253365, 0.8494873046875], [0.009507060050964355, 0.0316341407597065, -0.9994542598724365, 1.4956245422363281], [0.5353578925132751, -0.8443482518196106, -0.0216323584318161, -1.117340087890625], [0.0, 0.0, 0.0, 1.0]], [[0.9478495121002197, 0.3187171518802643, -0.0008139896090142429, -1.130126953125], [-0.016836857423186302, 0.04752128943800926, -0.9987282752990723, 1.561781406402588], [-0.3182731866836548, 0.9466578364372253, 0.0504092313349247, -0.161102294921875], [0.0, 0.0, 0.0, 1.0]], [[0.009655551053583622, 0.9991779923439026, 0.03937086462974548, -0.03021240234375], [-0.014096926897764206, 0.039504796266555786, -0.9991199374198914, 1.5663447380065918], [-0.9998539686203003, 0.009092045947909355, 0.014466780237853527, -0.070556640625], [0.0, 0.0, 0.0, 1.0]], [[-0.9234671592712402, 0.38336923718452454, 0.015371110290288925, 0.9637451171875], [-0.009754277765750885, 0.016591068357229233, -0.9998147487640381, 1.545675277709961], [-0.38355326652526855, -0.9234460592269897, -0.011581816710531712, -0.1204833984375], [0.0, 0.0, 0.0, 1.0]]], "view": [[0.0, -2.0, 100.0], [-2.0, 0.0, 100.0], [0.0, 0.0, 1.0]], "bev": "bev_acdd91cec6124034a699c0877f305b49.png", "aux": "aux_acdd91cec6124034a699c0877f305b49.npz", "visibility": "visibility_acdd91cec6124034a699c0877f305b49.png", "pose": [[-0.9998911619186401, 0.01475162897258997, 0.0, 1794.9832763671875], [-0.01475162897258997, -0.9998911619186401, 0.0, 784.8467407226562], [0.0, 0.0, 1.0, 0.0], [0.0, 0.0, 0.0, 1.0]], "pose_inverse": [[-0.9998911619186401, -0.01475162897258997, 0.0, 1806.36572265625], [0.01475162897258997, -0.9998911619186401, 0.0, 758.2824096679688], [0.0, 0.0, 1.0, 0.0], [0.0, 0.0, 0.0, 1.0]], "cam_ids": [0, 1, 2, 3, 4, 5], "cam_channels": ["CAM_FRONT_LEFT", "CAM_FRONT", "CAM_FRONT_RIGHT", "CAM_BACK_LEFT", "CAM_BACK", "CAM_BACK_RIGHT"], "token": "acdd91cec6124034a699c0877f305b49", "scene": "scene-0653"}, {"images": ["samples/CAM_FRONT_LEFT/n008-2018-08-27-11-48-51-0400__CAM_FRONT_LEFT__1535385033604799.jpg", "samples/CAM_FRONT/n008-2018-08-27-11-48-51-0400__CAM_FRONT__1535385033612404.jpg", "samples/CAM_FRONT_RIGHT/n008-2018-08-27-11-48-51-0400__CAM_FRONT_RIGHT__1535385033620482.jpg", "samples/CAM_BACK_LEFT/n008-2018-08-27-11-48-51-0400__CAM_BACK_LEFT__1535385033647405.jpg", "samples/CAM_BACK/n008-2018-08-27-11-48-51-0400__CAM_BACK__1535385033637558.jpg", "samples/CAM_BACK_RIGHT/n008-2018-08-27-11-48-51-0400__CAM_BACK_RIGHT__1535385033628121.jpg"], "intrinsics": [[[1257.8625342125129, 0.0, 827.2410631095686], [0.0, 1257.8625342125129, 450.915498205774], [0.0, 0.0, 1.0]], [[1252.8131021185304, 0.0, 826.588114781398], [0.0, 1252.8131021185304, 469.9846626224581], [0.0, 0.0, 1.0]], [[1256.7485116440405, 0.0, 817.7887570959712], [0.0, 1256.7485116440403, 451.9541780095127], [0.0, 0.0, 1.0]], [[1254.9860565800168, 0.0, 829.5769333630991], [0.0, 1254.9860565800168, 467.1680561863987], [0.0, 0.0, 1.0]], [[796.8910634503094, 0.0, 857.7774326863696], [0.0, 796.8910634503094, 476.8848988407415], [0.0, 0.0, 1.0]], [[1249.9629280788233, 0.0, 825.3768045375984], [0.0, 1249.9629280788233, 462.54816385708756], [0.0, 0.0, 1.0]]], "extrinsics": [[[0.8216075897216797, -0.5697070956230164, -0.019871925935149193, -0.6163330078125], [0.015499860048294067, 0.05717294290661812, -0.9982439875602722, 1.4952926635742188], [0.5698428750038147, 0.8198567628860474, 0.05580409988760948, -1.06982421875], [0.0, 0.0, 0.0, 1.0]], [[0.009043102152645588, -0.998560905456543, -0.052862320095300674, 0.01287841796875], [0.017742406576871872, 0.05301639065146446, -0.9984359741210938, 1.4868698120117188], [0.9998016357421875, 0.008091057650744915, 0.018196305260062218, -1.3453369140625], [0.0, 0.0, 0.0, 1.0]], [[-0.844317615032196, -0.5338901281356812, -0.045706894248723984, 0.8350830078125], [0.02606743387877941, 0.04427378252148628, -0.9986792802810669, 1.5008773803710938], [0.5352086424827576, -0.8443939685821533, -0.023463990539312363, -1.112091064453125], [0.0, 0.0, 0.0, 1.0]], [[0.9478824734687805, 0.31805843114852905, 0.018913187086582184, -1.12548828125], [0.00038277264684438705, 0.05822288617491722, -0.9983035326004028, 1.5620384216308594], [-0.3186200261116028, 0.9462816715240479, 0.055066708475351334, -0.16254425048828125], [0.0, 0.0, 0.0, 1.0]], [[0.0094991410151124, 0.9986431002616882, 0.05120311304926872, -0.02880859375], [0.002462885109707713, 0.05118190124630928, -0.9986863136291504, 1.5683097839355469], [-0.9999518394470215, 0.009612767025828362, -0.001973359379917383, -0.0794677734375], [0.0, 0.0, 0.0, 1.0]], [[-0.923403799533844, 0.38380083441734314, 0.004722156561911106, 0.9532470703125], [0.006933628581464291, 0.028980132192373276, -0.9995559453964233, 1.5493011474609375], [-0.3837672472000122, -0.9229609966278076, -0.029421493411064148, -0.1275634765625], [0.0, 0.0, 0.0, 1.0]]], "view": [[0.0, -2.0, 100.0], [-2.0, 0.0, 100.0], [0.0, 0.0, 1.0]], "bev": "bev_fe759980a7b54baca09f152412f3af5e.png", "aux": "aux_fe759980a7b54baca09f152412f3af5e.npz", "visibility": "visibility_fe759980a7b54baca09f152412f3af5e.png", "pose": [[-0.999387800693512, 0.03498626500368118, 0.0, 1789.8409423828125], [-0.03498626500368118, -0.999387800693512, 0.0, 784.801513671875], [0.0, 0.0, 1.0, 0.0], [0.0, 0.0, 0.0, 1.0]], "pose_inverse": [[-0.999387800693512, -0.03498626500368118, 0.0, 1816.2025146484375], [0.03498626500368118, -0.999387800693512, 0.0, 721.7012329101562], [0.0, 0.0, 1.0, 0.0], [0.0, 0.0, 0.0, 1.0]], "cam_ids": [0, 1, 2, 3, 4, 5], "cam_channels": ["CAM_FRONT_LEFT", "CAM_FRONT", "CAM_FRONT_RIGHT", "CAM_BACK_LEFT", "CAM_BACK", "CAM_BACK_RIGHT"], "token": "fe759980a7b54baca09f152412f3af5e", "scene": "scene-0653"}, {"images": ["samples/CAM_FRONT_LEFT/n008-2018-08-27-11-48-51-0400__CAM_FRONT_LEFT__1535385034104799.jpg", "samples/CAM_FRONT/n008-2018-08-27-11-48-51-0400__CAM_FRONT__1535385034112404.jpg", "samples/CAM_FRONT_RIGHT/n008-2018-08-27-11-48-51-0400__CAM_FRONT_RIGHT__1535385034120482.jpg", "samples/CAM_BACK_LEFT/n008-2018-08-27-11-48-51-0400__CAM_BACK_LEFT__1535385034147405.jpg", "samples/CAM_BACK/n008-2018-08-27-11-48-51-0400__CAM_BACK__1535385034137558.jpg", "samples/CAM_BACK_RIGHT/n008-2018-08-27-11-48-51-0400__CAM_BACK_RIGHT__1535385034128113.jpg"], "intrinsics": [[[1257.8625342125129, 0.0, 827.2410631095686], [0.0, 1257.8625342125129, 450.915498205774], [0.0, 0.0, 1.0]], [[1252.8131021185304, 0.0, 826.588114781398], [0.0, 1252.8131021185304, 469.9846626224581], [0.0, 0.0, 1.0]], [[1256.7485116440405, 0.0, 817.7887570959712], [0.0, 1256.7485116440403, 451.9541780095127], [0.0, 0.0, 1.0]], [[1254.9860565800168, 0.0, 829.5769333630991], [0.0, 1254.9860565800168, 467.1680561863987], [0.0, 0.0, 1.0]], [[796.8910634503094, 0.0, 857.7774326863696], [0.0, 796.8910634503094, 476.8848988407415], [0.0, 0.0, 1.0]], [[1249.9629280788233, 0.0, 825.3768045375984], [0.0, 1249.9629280788233, 462.54816385708756], [0.0, 0.0, 1.0]]], "extrinsics": [[[0.8223745822906494, -0.5683127641677856, -0.026843499392271042, -0.6209716796875], [0.002247494412586093, 0.050425685942173004, -0.9987252354621887, 1.4890251159667969], [0.5689419507980347, 0.8212659358978271, 0.04274608939886093, -1.0750732421875], [0.0, 0.0, 0.0, 1.0]], [[0.010039856657385826, -0.998878538608551, -0.046269990503787994, 0.01434326171875], [0.00425913417711854, 0.04631461575627327, -0.998917818069458, 1.4815559387207031], [0.9999405145645142, 0.009831922128796577, 0.004719350021332502, -1.3519287109375], [0.0, 0.0, 0.0, 1.0]], [[-0.8440775275230408, -0.5353480577468872, -0.030585244297981262, 0.841064453125], [0.012341988272964954, 0.037627216428518295, -0.9992156028747559, 1.4965934753417969], [0.5360790491104126, -0.8437929749488831, -0.025153031572699547, -1.114410400390625], [0.0, 0.0, 0.0, 1.0]], [[0.9478570222854614, 0.3186552822589874, 0.005093337036669254, -1.1270751953125], [-0.012621860951185226, 0.05350407212972641, -0.9984878301620483, 1.5618038177490234], [-0.31844595074653625, 0.946359395980835, 0.05473623052239418, -0.16196441650390625], [0.0, 0.0, 0.0, 1.0]], [[0.009257521480321884, 0.9989259243011475, 0.04540182650089264, -0.0294189453125], [-0.010500595904886723, 0.045498378574848175, -0.9989091753959656, 1.566725730895996], [-0.9999020099639893, 0.008770671673119068, 0.010910519398748875, -0.075927734375], [0.0, 0.0, 0.0, 1.0]], [[-0.9237222075462341, 0.38277485966682434, 0.014848434366285801, 0.9576416015625], [-0.006686383858323097, 0.02264498546719551, -0.9997211694717407, 1.5462839603424072], [-0.38300439715385437, -0.923564076423645, -0.018358299508690834, -0.12451171875], [0.0, 0.0, 0.0, 1.0]]], "view": [[0.0, -2.0, 100.0], [-2.0, 0.0, 100.0], [0.0, 0.0, 1.0]], "bev": "bev_44ecd8434e684fa28ad3bb7a1d084a4d.png", "aux": "aux_44ecd8434e684fa28ad3bb7a1d084a4d.npz", "visibility": "visibility_44ecd8434e684fa28ad3bb7a1d084a4d.png", "pose": [[-0.9989927411079407, 0.04487176239490509, 0.0, 1784.5341796875], [-0.04487176239490509, -0.9989927411079407, 0.0, 784.6650390625], [0.0, 0.0, 1.0, 0.0], [0.0, 0.0, 0.0, 1.0]], "pose_inverse": [[-0.9989927411079407, -0.04487176239490509, 0.0, 1817.946044921875], [0.04487176239490509, -0.9989927411079407, 0.0, 703.7994995117188], [0.0, 0.0, 1.0, 0.0], [0.0, 0.0, 0.0, 1.0]], "cam_ids": [0, 1, 2, 3, 4, 5], "cam_channels": ["CAM_FRONT_LEFT", "CAM_FRONT", "CAM_FRONT_RIGHT", "CAM_BACK_LEFT", "CAM_BACK", "CAM_BACK_RIGHT"], "token": "44ecd8434e684fa28ad3bb7a1d084a4d", "scene": "scene-0653"}, {"images": ["samples/CAM_FRONT_LEFT/n008-2018-08-27-11-48-51-0400__CAM_FRONT_LEFT__1535385034604799.jpg", "samples/CAM_FRONT/n008-2018-08-27-11-48-51-0400__CAM_FRONT__1535385034612404.jpg", "samples/CAM_FRONT_RIGHT/n008-2018-08-27-11-48-51-0400__CAM_FRONT_RIGHT__1535385034620482.jpg", "samples/CAM_BACK_LEFT/n008-2018-08-27-11-48-51-0400__CAM_BACK_LEFT__1535385034647405.jpg", "samples/CAM_BACK/n008-2018-08-27-11-48-51-0400__CAM_BACK__1535385034637558.jpg", "samples/CAM_BACK_RIGHT/n008-2018-08-27-11-48-51-0400__CAM_BACK_RIGHT__1535385034628113.jpg"], "intrinsics": [[[1257.8625342125129, 0.0, 827.2410631095686], [0.0, 1257.8625342125129, 450.915498205774], [0.0, 0.0, 1.0]], [[1252.8131021185304, 0.0, 826.588114781398], [0.0, 1252.8131021185304, 469.9846626224581], [0.0, 0.0, 1.0]], [[1256.7485116440405, 0.0, 817.7887570959712], [0.0, 1256.7485116440403, 451.9541780095127], [0.0, 0.0, 1.0]], [[1254.9860565800168, 0.0, 829.5769333630991], [0.0, 1254.9860565800168, 467.1680561863987], [0.0, 0.0, 1.0]], [[796.8910634503094, 0.0, 857.7774326863696], [0.0, 796.8910634503094, 476.8848988407415], [0.0, 0.0, 1.0]], [[1249.9629280788233, 0.0, 825.3768045375984], [0.0, 1249.9629280788233, 462.54816385708756], [0.0, 0.0, 1.0]]], "extrinsics": [[[0.822715699672699, -0.5683401226997375, -0.011331956833600998, -0.6219482421875], [0.02015555277466774, 0.049087297171354294, -0.9985910654067993, 1.4973220825195312], [0.5680956244468689, 0.8213281631469727, 0.051840100437402725, -1.075927734375], [0.0, 0.0, 0.0, 1.0]], [[0.010683692060410976, -0.9989297986030579, -0.04500098526477814, 0.0140380859375], [0.02237766608595848, 0.045231129974126816, -0.9987258911132812, 1.4885101318359375], [0.999692440032959, 0.009663062170147896, 0.0228369552642107, -1.3526611328125], [0.0, 0.0, 0.0, 1.0]], [[-0.8435804843902588, -0.5350611209869385, -0.04562310129404068, 0.8406982421875], [0.030673518776893616, 0.036809101700782776, -0.9988514184951782, 1.5020828247070312], [0.5361258387565613, -0.844011127948761, -0.014639238826930523, -1.11480712890625], [0.0, 0.0, 0.0, 1.0]], [[0.9477994441986084, 0.31809234619140625, 0.022214364260435104, -1.12841796875], [0.005759659223258495, 0.05257676914334297, -0.9986003041267395, 1.5621223449707031], [-0.31881505250930786, 0.9466006755828857, 0.04800012707710266, -0.16158294677734375], [0.0, 0.0, 0.0, 1.0]], [[0.008966594003140926, 0.998958170413971, 0.04474594071507454, -0.02911376953125], [0.008035833947360516, 0.044674307107925415, -0.9989692568778992, 1.5689582824707031], [-0.9999275207519531, 0.009316917508840561, -0.007626886013895273, -0.074951171875], [0.0, 0.0, 0.0, 1.0]], [[-0.9236553907394409, 0.38321566581726074, -0.0025260644033551216, 0.9580078125], [0.01181704830378294, 0.021892627701163292, -0.9996904730796814, 1.5503387451171875], [-0.38304173946380615, -0.9233993887901306, -0.024749722331762314, -0.1251220703125], [0.0, 0.0, 0.0, 1.0]]], "view": [[0.0, -2.0, 100.0], [-2.0, 0.0, 100.0], [0.0, 0.0, 1.0]], "bev": "bev_3aed9b036bf94cc5933446d7b2507353.png", "aux": "aux_3aed9b036bf94cc5933446d7b2507353.npz", "visibility": "visibility_3aed9b036bf94cc5933446d7b2507353.png", "pose": [[-0.9987449645996094, 0.05008431524038315, 0.0, 1779.2886962890625], [-0.05008431524038315, -0.9987449645996094, 0.0, 784.4669799804688], [0.0, 0.0, 1.0, 0.0], [0.0, 0.0, 0.0, 1.0]], "pose_inverse": [[-0.9987449645996094, -0.05008431524038315, 0.0, 1816.34521484375], [0.05008431524038315, -0.9987449645996094, 0.0, 694.3680419921875], [0.0, 0.0, 1.0, 0.0], [0.0, 0.0, 0.0, 1.0]], "cam_ids": [0, 1, 2, 3, 4, 5], "cam_channels": ["CAM_FRONT_LEFT", "CAM_FRONT", "CAM_FRONT_RIGHT", "CAM_BACK_LEFT", "CAM_BACK", "CAM_BACK_RIGHT"], "token": "3aed9b036bf94cc5933446d7b2507353", "scene": "scene-0653"}, {"images": ["samples/CAM_FRONT_LEFT/n008-2018-08-27-11-48-51-0400__CAM_FRONT_LEFT__1535385035104799.jpg", "samples/CAM_FRONT/n008-2018-08-27-11-48-51-0400__CAM_FRONT__1535385035112404.jpg", "samples/CAM_FRONT_RIGHT/n008-2018-08-27-11-48-51-0400__CAM_FRONT_RIGHT__1535385035120482.jpg", "samples/CAM_BACK_LEFT/n008-2018-08-27-11-48-51-0400__CAM_BACK_LEFT__1535385035147405.jpg", "samples/CAM_BACK/n008-2018-08-27-11-48-51-0400__CAM_BACK__1535385035137558.jpg", "samples/CAM_BACK_RIGHT/n008-2018-08-27-11-48-51-0400__CAM_BACK_RIGHT__1535385035128113.jpg"], "intrinsics": [[[1257.8625342125129, 0.0, 827.2410631095686], [0.0, 1257.8625342125129, 450.915498205774], [0.0, 0.0, 1.0]], [[1252.8131021185304, 0.0, 826.588114781398], [0.0, 1252.8131021185304, 469.9846626224581], [0.0, 0.0, 1.0]], [[1256.7485116440405, 0.0, 817.7887570959712], [0.0, 1256.7485116440403, 451.9541780095127], [0.0, 0.0, 1.0]], [[1254.9860565800168, 0.0, 829.5769333630991], [0.0, 1254.9860565800168, 467.1680561863987], [0.0, 0.0, 1.0]], [[796.8910634503094, 0.0, 857.7774326863696], [0.0, 796.8910634503094, 476.8848988407415], [0.0, 0.0, 1.0]], [[1249.9629280788233, 0.0, 825.3768045375984], [0.0, 1249.9629280788233, 462.54816385708756], [0.0, 0.0, 1.0]]], "extrinsics": [[[0.8232309818267822, -0.5675475001335144, -0.013445488177239895, -0.626708984375], [0.013217106461524963, 0.04283817857503891, -0.9989945888519287, 1.4944038391113281], [0.5675528645515442, 0.8222255110740662, 0.04276705160737038, -1.0716552734375], [0.0, 0.0, 0.0, 1.0]], [[0.011334555223584175, -0.9992006421089172, -0.038333140313625336, 0.00897216796875], [0.01532935444265604, 0.03850473091006279, -0.9991408586502075, 1.4860420227050781], [0.9998182058334351, 0.010737190023064613, 0.01575353555381298, -1.3529052734375], [0.0, 0.0, 0.0, 1.0]], [[-0.8434306979179382, -0.5360506176948547, -0.03569932281970978, 0.83837890625], [0.023491311818361282, 0.029587769880890846, -0.9992860555648804, 1.5001068115234375], [0.5367242097854614, -0.8436671495437622, -0.012362700887024403, -1.1177978515625], [0.0, 0.0, 0.0, 1.0]], [[0.9478524327278137, 0.31849274039268494, 0.011755730025470257, -1.1240234375], [-0.002424214966595173, 0.04408910870552063, -0.9990246891975403, 1.5619983673095703], [-0.3187004327774048, 0.9468994140625, 0.04256206378340721, -0.16275787353515625], [0.0, 0.0, 0.0, 1.0]], [[0.008801358751952648, 0.999282956123352, 0.036824893206357956, -0.02752685546875], [0.000169737046235241, 0.036824822425842285, -0.999321699142456, 1.568094253540039], [-0.999961256980896, 0.008801640011370182, 0.0001544931292301044, -0.078125], [0.0, 0.0, 0.0, 1.0]], [[-0.9239209294319153, 0.3825807571411133, 0.001444914028979838, 0.95751953125], [0.004380160942673683, 0.014354284852743149, -0.9998873472213745, 1.5487842559814453], [-0.38255834579467773, -0.9238105416297913, -0.014937990345060825, -0.1282958984375], [0.0, 0.0, 0.0, 1.0]]], "view": [[0.0, -2.0, 100.0], [-2.0, 0.0, 100.0], [0.0, 0.0, 1.0]], "bev": "bev_e3ed242bb8054013bae2b6819d989348.png", "aux": "aux_e3ed242bb8054013bae2b6819d989348.npz", "visibility": "visibility_e3ed242bb8054013bae2b6819d989348.png", "pose": [[-0.998648464679718, 0.05197297781705856, 0.0, 1774.1444091796875], [-0.05197297781705856, -0.998648464679718, 0.0, 784.2208251953125], [0.0, 0.0, 1.0, 0.0], [0.0, 0.0, 0.0, 1.0]], "pose_inverse": [[-0.998648464679718, -0.05197297781705856, 0.0, 1812.5048828125], [0.05197297781705856, -0.998648464679718, 0.0, 690.953369140625], [0.0, 0.0, 1.0, 0.0], [0.0, 0.0, 0.0, 1.0]], "cam_ids": [0, 1, 2, 3, 4, 5], "cam_channels": ["CAM_FRONT_LEFT", "CAM_FRONT", "CAM_FRONT_RIGHT", "CAM_BACK_LEFT", "CAM_BACK", "CAM_BACK_RIGHT"], "token": "e3ed242bb8054013bae2b6819d989348", "scene": "scene-0653"}, {"images": ["samples/CAM_FRONT_LEFT/n008-2018-08-27-11-48-51-0400__CAM_FRONT_LEFT__1535385035604799.jpg", "samples/CAM_FRONT/n008-2018-08-27-11-48-51-0400__CAM_FRONT__1535385035612404.jpg", "samples/CAM_FRONT_RIGHT/n008-2018-08-27-11-48-51-0400__CAM_FRONT_RIGHT__1535385035620482.jpg", "samples/CAM_BACK_LEFT/n008-2018-08-27-11-48-51-0400__CAM_BACK_LEFT__1535385035647405.jpg", "samples/CAM_BACK/n008-2018-08-27-11-48-51-0400__CAM_BACK__1535385035637558.jpg", "samples/CAM_BACK_RIGHT/n008-2018-08-27-11-48-51-0400__CAM_BACK_RIGHT__1535385035628113.jpg"], "intrinsics": [[[1257.8625342125129, 0.0, 827.2410631095686], [0.0, 1257.8625342125129, 450.915498205774], [0.0, 0.0, 1.0]], [[1252.8131021185304, 0.0, 826.588114781398], [0.0, 1252.8131021185304, 469.9846626224581], [0.0, 0.0, 1.0]], [[1256.7485116440405, 0.0, 817.7887570959712], [0.0, 1256.7485116440403, 451.9541780095127], [0.0, 0.0, 1.0]], [[1254.9860565800168, 0.0, 829.5769333630991], [0.0, 1254.9860565800168, 467.1680561863987], [0.0, 0.0, 1.0]], [[796.8910634503094, 0.0, 857.7774326863696], [0.0, 796.8910634503094, 476.8848988407415], [0.0, 0.0, 1.0]], [[1249.9629280788233, 0.0, 825.3768045375984], [0.0, 1249.9629280788233, 462.54816385708756], [0.0, 0.0, 1.0]]], "extrinsics": [[[0.8226393461227417, -0.5683379173278809, -0.016019869595766068, -0.6287841796875], [0.008351881988346577, 0.04025230556726456, -0.9991546273231506, 1.4920539855957031], [0.5685023665428162, 0.8218100666999817, 0.03785982355475426, -1.074951171875], [0.0, 0.0, 0.0, 1.0]], [[0.010439325124025345, -0.9992967247962952, -0.036014799028635025, 0.01043701171875], [0.010446044616401196, 0.03612378239631653, -0.99929279088974, 1.4840888977050781], [0.9998910427093506, 0.010055727325379848, 0.010815806686878204, -1.3555908203125], [0.0, 0.0, 0.0, 1.0]], [[-0.8438599109649658, -0.5357008576393127, -0.030413677915930748, 0.84033203125], [0.018616309389472008, 0.027417192235589027, -0.99945068359375, 1.4985809326171875], [0.5362405180931091, -0.8439626693725586, -0.013163498602807522, -1.117462158203125], [0.0, 0.0, 0.0, 1.0]], [[0.9478586316108704, 0.3186171352863312, 0.00687277689576149, -1.1201171875], [-0.006907134782522917, 0.04209914430975914, -0.9990895390510559, 1.5618724822998047], [-0.31861642003059387, 0.9469481706619263, 0.04210476577281952, -0.1639862060546875], [0.0, 0.0, 0.0, 1.0]], [[0.009109992533922195, 0.9993597269058228, 0.03460071235895157, -0.02813720703125], [-0.004589882213622332, 0.03464357554912567, -0.999389111995697, 1.5674762725830078], [-0.9999479651451111, 0.008945613168179989, 0.00490254582837224, -0.0799560546875], [0.0, 0.0, 0.0, 1.0]], [[-0.9237781167030334, 0.382892370223999, 0.005232627969235182, 0.957275390625], [-0.0005690192920155823, 0.012292185798287392, -0.9999242424964905, 1.5476770401000977], [-0.38292768597602844, -0.9237111806869507, -0.01113737840205431, -0.1273193359375], [0.0, 0.0, 0.0, 1.0]]], "view": [[0.0, -2.0, 100.0], [-2.0, 0.0, 100.0], [0.0, 0.0, 1.0]], "bev": "bev_c500488e93194591aeb1c6336c200560.png", "aux": "aux_c500488e93194591aeb1c6336c200560.npz", "visibility": "visibility_c500488e93194591aeb1c6336c200560.png", "pose": [[-0.9989503622055054, 0.045806191861629486, 0.0, 1769.0731201171875], [-0.045806191861629486, -0.9989503622055054, 0.0, 784.0065307617188], [0.0, 0.0, 1.0, 0.0], [0.0, 0.0, 0.0, 1.0]], "pose_inverse": [[-0.9989503622055054, -0.045806191861629486, 0.0, 1803.1285400390625], [0.045806191861629486, -0.9989503622055054, 0.0, 702.1491088867188], [0.0, 0.0, 1.0, 0.0], [0.0, 0.0, 0.0, 1.0]], "cam_ids": [0, 1, 2, 3, 4, 5], "cam_channels": ["CAM_FRONT_LEFT", "CAM_FRONT", "CAM_FRONT_RIGHT", "CAM_BACK_LEFT", "CAM_BACK", "CAM_BACK_RIGHT"], "token": "c500488e93194591aeb1c6336c200560", "scene": "scene-0653"}, {"images": ["samples/CAM_FRONT_LEFT/n008-2018-08-27-11-48-51-0400__CAM_FRONT_LEFT__1535385036104799.jpg", "samples/CAM_FRONT/n008-2018-08-27-11-48-51-0400__CAM_FRONT__1535385036112404.jpg", "samples/CAM_FRONT_RIGHT/n008-2018-08-27-11-48-51-0400__CAM_FRONT_RIGHT__1535385036120482.jpg", "samples/CAM_BACK_LEFT/n008-2018-08-27-11-48-51-0400__CAM_BACK_LEFT__1535385036147405.jpg", "samples/CAM_BACK/n008-2018-08-27-11-48-51-0400__CAM_BACK__1535385036137558.jpg", "samples/CAM_BACK_RIGHT/n008-2018-08-27-11-48-51-0400__CAM_BACK_RIGHT__1535385036128113.jpg"], "intrinsics": [[[1257.8625342125129, 0.0, 827.2410631095686], [0.0, 1257.8625342125129, 450.915498205774], [0.0, 0.0, 1.0]], [[1252.8131021185304, 0.0, 826.588114781398], [0.0, 1252.8131021185304, 469.9846626224581], [0.0, 0.0, 1.0]], [[1256.7485116440405, 0.0, 817.7887570959712], [0.0, 1256.7485116440403, 451.9541780095127], [0.0, 0.0, 1.0]], [[1254.9860565800168, 0.0, 829.5769333630991], [0.0, 1254.9860565800168, 467.1680561863987], [0.0, 0.0, 1.0]], [[796.8910634503094, 0.0, 857.7774326863696], [0.0, 796.8910634503094, 476.8848988407415], [0.0, 0.0, 1.0]], [[1249.9629280788233, 0.0, 825.3768045375984], [0.0, 1249.9629280788233, 462.54816385708756], [0.0, 0.0, 1.0]]], "extrinsics": [[[0.8235570788383484, -0.5669651627540588, -0.017442842945456505, -0.645751953125], [0.004193344619125128, 0.036835260689258575, -0.9993125200271606, 1.489959716796875], [0.567218005657196, 0.8229177594184875, 0.03271342068910599, -1.091064453125], [0.0, 0.0, 0.0, 1.0]], [[0.011623046360909939, -0.9994034767150879, -0.03252127394080162, 0.01324462890625], [0.005820255260914564, 0.032590534538030624, -0.9994518756866455, 1.4821395874023438], [0.9999155402183533, 0.011427386663854122, 0.006195584312081337, -1.374755859375], [0.0, 0.0, 0.0, 1.0]], [[-0.843504786491394, -0.5365781188011169, -0.02415800280869007, 0.8538818359375], [0.013512798584997654, 0.023763293400406837, -0.9996262192726135, 1.4968147277832031], [0.5369516611099243, -0.8435159921646118, -0.012793781235814095, -1.123260498046875], [0.0, 0.0, 0.0, 1.0]], [[0.9478393197059631, 0.31874626874923706, 0.0011838487116619945, -1.1229248046875], [-0.011708488687872887, 0.038527991622686386, -0.9991888999938965, 1.5617756843566895], [-0.31853339076042175, 0.9470567107200623, 0.04025038331747055, -0.163299560546875], [0.0, 0.0, 0.0, 1.0]], [[0.008868931792676449, 0.9994797110557556, 0.03101125918328762, -0.0291748046875], [-0.009889471344649792, 0.031098632141947746, -0.9994673728942871, 1.5668573379516602], [-0.9999118447303772, 0.008557523600757122, 0.010160138830542564, -0.0731201171875], [0.0, 0.0, 0.0, 1.0]], [[-0.923998236656189, 0.3823041617870331, 0.008409447968006134, 0.9666748046875], [-0.00556977791711688, 0.008533903397619724, -0.9999480247497559, 1.5466289520263672], [-0.38235604763031006, -0.9239971041679382, -0.005755963269621134, -0.1214599609375], [0.0, 0.0, 0.0, 1.0]]], "view": [[0.0, -2.0, 100.0], [-2.0, 0.0, 100.0], [0.0, 0.0, 1.0]], "bev": "bev_e0602257a78242928fbd9e61edc2db8b.png", "aux": "aux_e0602257a78242928fbd9e61edc2db8b.npz", "visibility": "visibility_e0602257a78242928fbd9e61edc2db8b.png", "pose": [[-0.9993895292282104, 0.034937240183353424, 0.0, 1764.159912109375], [-0.034937240183353424, -0.9993895292282104, 0.0, 783.830810546875], [0.0, 0.0, 1.0, 0.0], [0.0, 0.0, 0.0, 1.0]], "pose_inverse": [[-0.9993895292282104, -0.034937240183353424, 0.0, 1790.4677734375], [0.034937240183353424, -0.9993895292282104, 0.0, 721.7174072265625], [0.0, 0.0, 1.0, 0.0], [0.0, 0.0, 0.0, 1.0]], "cam_ids": [0, 1, 2, 3, 4, 5], "cam_channels": ["CAM_FRONT_LEFT", "CAM_FRONT", "CAM_FRONT_RIGHT", "CAM_BACK_LEFT", "CAM_BACK", "CAM_BACK_RIGHT"], "token": "e0602257a78242928fbd9e61edc2db8b", "scene": "scene-0653"}, {"images": ["samples/CAM_FRONT_LEFT/n008-2018-08-27-11-48-51-0400__CAM_FRONT_LEFT__1535385036604799.jpg", "samples/CAM_FRONT/n008-2018-08-27-11-48-51-0400__CAM_FRONT__1535385036612404.jpg", "samples/CAM_FRONT_RIGHT/n008-2018-08-27-11-48-51-0400__CAM_FRONT_RIGHT__1535385036620482.jpg", "samples/CAM_BACK_LEFT/n008-2018-08-27-11-48-51-0400__CAM_BACK_LEFT__1535385036647405.jpg", "samples/CAM_BACK/n008-2018-08-27-11-48-51-0400__CAM_BACK__1535385036637558.jpg", "samples/CAM_BACK_RIGHT/n008-2018-08-27-11-48-51-0400__CAM_BACK_RIGHT__1535385036628113.jpg"], "intrinsics": [[[1257.8625342125129, 0.0, 827.2410631095686], [0.0, 1257.8625342125129, 450.915498205774], [0.0, 0.0, 1.0]], [[1252.8131021185304, 0.0, 826.588114781398], [0.0, 1252.8131021185304, 469.9846626224581], [0.0, 0.0, 1.0]], [[1256.7485116440405, 0.0, 817.7887570959712], [0.0, 1256.7485116440403, 451.9541780095127], [0.0, 0.0, 1.0]], [[1254.9860565800168, 0.0, 829.5769333630991], [0.0, 1254.9860565800168, 467.1680561863987], [0.0, 0.0, 1.0]], [[796.8910634503094, 0.0, 857.7774326863696], [0.0, 796.8910634503094, 476.8848988407415], [0.0, 0.0, 1.0]], [[1249.9629280788233, 0.0, 825.3768045375984], [0.0, 1249.9629280788233, 462.54816385708756], [0.0, 0.0, 1.0]]], "extrinsics": [[[0.8233326077461243, -0.567334771156311, -0.01596650667488575, -0.6485595703125], [-0.00012353950296528637, 0.027952736243605614, -0.9996092319488525, 1.4881153106689453], [0.5675594210624695, 0.8230127692222595, 0.022944306954741478, -1.0931396484375], [0.0, 0.0, 0.0, 1.0]], [[0.01139859203249216, -0.9996590614318848, -0.02349051833152771, 0.01318359375], [0.0013724444434046745, 0.02350766211748123, -0.9997227191925049, 1.4805717468261719], [0.9999341368675232, 0.011363193392753601, 0.0016399319283664227, -1.37646484375], [0.0, 0.0, 0.0, 1.0]], [[-0.8435526490211487, -0.536828339099884, -0.015303485095500946, 0.8536376953125], [0.008930622600018978, 0.014469841495156288, -0.9998553991317749, 1.4955577850341797], [0.5369721055030823, -0.843567430973053, -0.0074118622578680515, -1.123260498046875], [0.0, 0.0, 0.0, 1.0]], [[0.9477707743644714, 0.3188656270503998, -0.007431323640048504, -1.11474609375], [-0.0173969529569149, 0.02841675467789173, -0.9994447231292725, 1.561488151550293], [-0.3184773921966553, 0.9473738670349121, 0.03247985988855362, -0.1665496826171875], [0.0, 0.0, 0.0, 1.0]], [[0.00888684019446373, 0.9997332096099854, 0.021320249885320663, -0.029052734375], [-0.01503358967602253, 0.02145225740969181, -0.9996567964553833, 1.5661869049072266], [-0.9998475313186646, 0.008563271723687649, 0.015220222994685173, -0.0784912109375], [0.0, 0.0, 0.0, 1.0]], [[-0.9240022301673889, 0.38227519392967224, 0.009254343807697296, 0.9647216796875], [-0.010396305471658707, -0.0009217700571753085, -0.9999455213546753, 1.5456180572509766], [-0.382245808839798, -0.9240480065345764, 0.00482596829533577, -0.122314453125], [0.0, 0.0, 0.0, 1.0]]], "view": [[0.0, -2.0, 100.0], [-2.0, 0.0, 100.0], [0.0, 0.0, 1.0]], "bev": "bev_63f94441e3464d97bb492d8b6abe563b.png", "aux": "aux_63f94441e3464d97bb492d8b6abe563b.npz", "visibility": "visibility_63f94441e3464d97bb492d8b6abe563b.png", "pose": [[-0.9998570680618286, 0.016907837241888046, 0.0, 1759.337646484375], [-0.016907837241888046, -0.9998570680618286, 0.0, 783.7501220703125], [0.0, 0.0, 1.0, 0.0], [0.0, 0.0, 0.0, 1.0]], "pose_inverse": [[-0.9998570680618286, -0.016907837241888046, 0.0, 1772.337646484375], [0.016907837241888046, -0.9998570680618286, 0.0, 753.8914794921875], [0.0, 0.0, 1.0, 0.0], [0.0, 0.0, 0.0, 1.0]], "cam_ids": [0, 1, 2, 3, 4, 5], "cam_channels": ["CAM_FRONT_LEFT", "CAM_FRONT", "CAM_FRONT_RIGHT", "CAM_BACK_LEFT", "CAM_BACK", "CAM_BACK_RIGHT"], "token": "63f94441e3464d97bb492d8b6abe563b", "scene": "scene-0653"}, {"images": ["samples/CAM_FRONT_LEFT/n008-2018-08-27-11-48-51-0400__CAM_FRONT_LEFT__1535385037104799.jpg", "samples/CAM_FRONT/n008-2018-08-27-11-48-51-0400__CAM_FRONT__1535385037112404.jpg", "samples/CAM_FRONT_RIGHT/n008-2018-08-27-11-48-51-0400__CAM_FRONT_RIGHT__1535385037120482.jpg", "samples/CAM_BACK_LEFT/n008-2018-08-27-11-48-51-0400__CAM_BACK_LEFT__1535385037147405.jpg", "samples/CAM_BACK/n008-2018-08-27-11-48-51-0400__CAM_BACK__1535385037137558.jpg", "samples/CAM_BACK_RIGHT/n008-2018-08-27-11-48-51-0400__CAM_BACK_RIGHT__1535385037128113.jpg"], "intrinsics": [[[1257.8625342125129, 0.0, 827.2410631095686], [0.0, 1257.8625342125129, 450.915498205774], [0.0, 0.0, 1.0]], [[1252.8131021185304, 0.0, 826.588114781398], [0.0, 1252.8131021185304, 469.9846626224581], [0.0, 0.0, 1.0]], [[1256.7485116440405, 0.0, 817.7887570959712], [0.0, 1256.7485116440403, 451.9541780095127], [0.0, 0.0, 1.0]], [[1254.9860565800168, 0.0, 829.5769333630991], [0.0, 1254.9860565800168, 467.1680561863987], [0.0, 0.0, 1.0]], [[796.8910634503094, 0.0, 857.7774326863696], [0.0, 796.8910634503094, 476.8848988407415], [0.0, 0.0, 1.0]], [[1249.9629280788233, 0.0, 825.3768045375984], [0.0, 1249.9629280788233, 462.54816385708756], [0.0, 0.0, 1.0]]], "extrinsics": [[[0.8239923119544983, -0.566557765007019, -0.006997094955295324, -0.6781005859375], [0.008360771462321281, 0.024505814537405968, -0.9996647238731384, 1.4914283752441406], [0.5665392875671387, 0.8236575722694397, 0.024929463863372803, -1.1162109375], [0.0, 0.0, 0.0, 1.0]], [[0.012433483265340328, -0.9997105002403259, -0.0205997247248888, 0.0147705078125], [0.00998908281326294, 0.020724473521113396, -0.9997352957725525, 1.4833221435546875], [0.9998727440834045, 0.012224419973790646, 0.010243868455290794, -1.4072265625], [0.0, 0.0, 0.0, 1.0]], [[-0.8430216312408447, -0.5374475121498108, -0.021561508998274803, 0.874755859375], [0.01766824722290039, 0.012395207770168781, -0.9997670650482178, 1.4975929260253906], [0.5375896692276001, -0.8432061076164246, -0.0009536704747006297, -1.134613037109375], [0.0, 0.0, 0.0, 1.0]], [[0.94780033826828, 0.31886428594589233, 0.00044463432277552783, -1.1143798828125], [-0.00901288166642189, 0.028183942660689354, -0.99956214427948, 1.561741828918457], [-0.3187372386455536, 0.947381317615509, 0.029586635529994965, -0.166595458984375], [0.0, 0.0, 0.0, 1.0]], [[0.008433699607849121, 0.9997602105140686, 0.020213155075907707, -0.02996826171875], [-0.006595586892217398, 0.02026905119419098, -0.999772787