[{"images": ["samples/CAM_FRONT_LEFT/n008-2018-08-29-16-04-13-0400__CAM_FRONT_LEFT__1535573610004799.jpg", "samples/CAM_FRONT/n008-2018-08-29-16-04-13-0400__CAM_FRONT__1535573610012404.jpg", "samples/CAM_FRONT_RIGHT/n008-2018-08-29-16-04-13-0400__CAM_FRONT_RIGHT__1535573610020482.jpg", "samples/CAM_BACK_LEFT/n008-2018-08-29-16-04-13-0400__CAM_BACK_LEFT__1535573610047405.jpg", "samples/CAM_BACK/n008-2018-08-29-16-04-13-0400__CAM_BACK__1535573610037558.jpg", "samples/CAM_BACK_RIGHT/n008-2018-08-29-16-04-13-0400__CAM_BACK_RIGHT__1535573610028113.jpg"], "intrinsics": [[[1257.8625342125129, 0.0, 827.2410631095686], [0.0, 1257.8625342125129, 450.915498205774], [0.0, 0.0, 1.0]], [[1252.8131021185304, 0.0, 826.588114781398], [0.0, 1252.8131021185304, 469.9846626224581], [0.0, 0.0, 1.0]], [[1256.7485116440405, 0.0, 817.7887570959712], [0.0, 1256.7485116440403, 451.9541780095127], [0.0, 0.0, 1.0]], [[1254.9860565800168, 0.0, 829.5769333630991], [0.0, 1254.9860565800168, 467.1680561863987], [0.0, 0.0, 1.0]], [[796.8910634503094, 0.0, 857.7774326863696], [0.0, 796.8910634503094, 476.8848988407415], [0.0, 0.0, 1.0]], [[1249.9629280788233, 0.0, 825.3768045375984], [0.0, 1249.9629280788233, 462.54816385708756], [0.0, 0.0, 1.0]]], "extrinsics": [[[0.8222439289093018, -0.5688814520835876, -0.016997218132019043, -0.9952392578125], [-0.01850966177880764, 0.003119746455922723, -0.999823808670044, 1.4880790710449219], [0.5688342452049255, 0.8224136233329773, -0.007964611984789371, -1.3267822265625], [0.0, 0.0, 0.0, 1.0]], [[0.010065076872706413, -0.9999489784240723, 0.0008577661938033998, 0.005615234375], [-0.016564445570111275, -0.0010244238656014204, -0.9998623132705688, 1.4800052642822266], [0.9998121857643127, 0.010049480944871902, -0.016573911532759666, -1.7249755859375], [0.0, 0.0, 0.0, 1.0]], [[-0.8440444469451904, -0.5361288785934448, 0.012443633750081062, 1.084228515625], [-0.008549951016902924, -0.009747743606567383, -0.9999158978462219, 1.4930076599121094], [0.5362051129341125, -0.844079852104187, 0.0036436524242162704, -1.2733154296875], [0.0, 0.0, 0.0, 1.0]], [[0.9474719762802124, 0.3183882534503937, -0.030428409576416016, -1.1431884765625], [-0.033888861536979675, 0.005333882290869951, -0.9994113445281982, 1.5620193481445312], [-0.3180385231971741, 0.9479454159736633, 0.01584351807832718, -0.1562957763671875], [0.0, 0.0, 0.0, 1.0]], [[0.009345876052975655, 0.9999533295631409, -0.0024636010639369488, -0.028900146484375], [-0.031769298017024994, -0.002165540587157011, -0.9994928240776062, 1.5679588317871094], [-0.9994515180587769, 0.009419465437531471, 0.03174757584929466, 0.041259765625], [0.0, 0.0, 0.0, 1.0]], [[-0.923549473285675, 0.38314685225486755, 0.015964260324835777, 1.1553955078125], [-0.027581103146076202, -0.024844929575920105, -0.9993107914924622, 1.5476570129394531], [-0.3824860453605652, -0.9233533143997192, 0.033513132482767105, -0.045654296875], [0.0, 0.0, 0.0, 1.0]]], "view": [[0.0, -2.0, 100.0], [-2.0, 0.0, 100.0], [0.0, 0.0, 1.0]], "bev": "bev_4ba71997d1f64163a062028b69ea35fd.png", "aux": "aux_4ba71997d1f64163a062028b69ea35fd.npz", "visibility": "visibility_4ba71997d1f64163a062028b69ea35fd.png", "pose": [[0.4767170548439026, -0.8790568113327026, 0.0, 446.4717102050781], [0.8790568113327026, 0.4767170548439026, 0.0, 1703.3841552734375], [0.0, 0.0, 1.0, 0.0], [0.0, 0.0, 0.0, 1.0]], "pose_inverse": [[0.4767170548439026, 0.8790568113327026, 0.0, -1710.2120361328125], [-0.8790568113327026, 0.4767170548439026, 0.0, -419.5583190917969], [0.0, 0.0, 1.0, 0.0], [0.0, 0.0, 0.0, 1.0]], "cam_ids": [0, 1, 2, 3, 4, 5], "cam_channels": ["CAM_FRONT_LEFT", "CAM_FRONT", "CAM_FRONT_RIGHT", "CAM_BACK_LEFT", "CAM_BACK", "CAM_BACK_RIGHT"], "token": "4ba71997d1f64163a062028b69ea35fd", "scene": "scene-0718"}, {"images": ["samples/CAM_FRONT_LEFT/n008-2018-08-29-16-04-13-0400__CAM_FRONT_LEFT__1535573610504799.jpg", "samples/CAM_FRONT/n008-2018-08-29-16-04-13-0400__CAM_FRONT__1535573610512404.jpg", "samples/CAM_FRONT_RIGHT/n008-2018-08-29-16-04-13-0400__CAM_FRONT_RIGHT__1535573610520482.jpg", "samples/CAM_BACK_LEFT/n008-2018-08-29-16-04-13-0400__CAM_BACK_LEFT__1535573610547405.jpg", "samples/CAM_BACK/n008-2018-08-29-16-04-13-0400__CAM_BACK__1535573610537558.jpg", "samples/CAM_BACK_RIGHT/n008-2018-08-29-16-04-13-0400__CAM_BACK_RIGHT__1535573610528113.jpg"], "intrinsics": [[[1257.8625342125129, 0.0, 827.2410631095686], [0.0, 1257.8625342125129, 450.915498205774], [0.0, 0.0, 1.0]], [[1252.8131021185304, 0.0, 826.588114781398], [0.0, 1252.8131021185304, 469.9846626224581], [0.0, 0.0, 1.0]], [[1256.7485116440405, 0.0, 817.7887570959712], [0.0, 1256.7485116440403, 451.9541780095127], [0.0, 0.0, 1.0]], [[1254.9860565800168, 0.0, 829.5769333630991], [0.0, 1254.9860565800168, 467.1680561863987], [0.0, 0.0, 1.0]], [[796.8910634503094, 0.0, 857.7774326863696], [0.0, 796.8910634503094, 476.8848988407415], [0.0, 0.0, 1.0]], [[1249.9629280788233, 0.0, 825.3768045375984], [0.0, 1249.9629280788233, 462.54816385708756], [0.0, 0.0, 1.0]]], "extrinsics": [[[0.8222771883010864, -0.5688456892967224, -0.016579847782850266, -1.0018310546875], [-0.018339939415454865, 0.002630748553201556, -0.9998283386230469, 1.48822021484375], [0.5687916874885559, 0.8224400281906128, -0.008269389159977436, -1.3311767578125], [0.0, 0.0, 0.0, 1.0]], [[0.01010145340114832, -0.9999481439590454, 0.0013244495494291186, 0.005279541015625], [-0.01641509123146534, -0.0014901625690981746, -0.9998641610145569, 1.480112075805664], [0.9998142719268799, 0.010078337043523788, -0.016429293900728226, -1.7314453125], [0.0, 0.0, 0.0, 1.0]], [[-0.844030499458313, -0.5361478328704834, 0.01257401518523693, 1.0882568359375], [-0.008424409665167332, -0.010188345797359943, -0.9999126195907593, 1.493051528930664], [0.5362290740013123, -0.8440626859664917, 0.004082544706761837, -1.27618408203125], [0.0, 0.0, 0.0, 1.0]], [[0.9474657773971558, 0.31839466094970703, -0.0305524542927742, -1.143798828125], [-0.03391295671463013, 0.005015375092625618, -0.9994122385978699, 1.5620307922363281], [-0.31805431842803955, 0.9479449987411499, 0.01554960198700428, -0.156158447265625], [0.0, 0.0, 0.0, 1.0]], [[0.009328066371381283, 0.9999525547027588, -0.0028203357942402363, -0.028778076171875], [-0.03175181895494461, -0.0025228396989405155, -0.9994925856590271, 1.568023681640625], [-0.9994522929191589, 0.009412919171154499, 0.03172678127884865, 0.0433349609375], [0.0, 0.0, 0.0, 1.0]], [[-0.9235588312149048, 0.3831333518028259, 0.015748633071780205, 1.1588134765625], [-0.027514208108186722, -0.02524797059595585, -0.9993025064468384, 1.547760009765625], [-0.3824685513973236, -0.9233478903770447, 0.03385959565639496, -0.044677734375], [0.0, 0.0, 0.0, 1.0]]], "view": [[0.0, -2.0, 100.0], [-2.0, 0.0, 100.0], [0.0, 0.0, 1.0]], "bev": "bev_29aff046bc6544b591da9061ec923b2b.png", "aux": "aux_29aff046bc6544b591da9061ec923b2b.npz", "visibility": "visibility_29aff046bc6544b591da9061ec923b2b.png", "pose": [[0.4759768545627594, -0.8794578313827515, 0.0, 446.5242004394531], [0.8794578313827515, 0.4759768545627594, 0.0, 1703.4794921875], [0.0, 0.0, 1.0, 0.0], [0.0, 0.0, 0.0, 1.0]], "pose_inverse": [[0.4759768545627594, 0.8794578313827515, 0.0, -1710.6734619140625], [-0.8794578313827515, 0.4759768545627594, 0.0, -418.11761474609375], [0.0, 0.0, 1.0, 0.0], [0.0, 0.0, 0.0, 1.0]], "cam_ids": [0, 1, 2, 3, 4, 5], "cam_channels": ["CAM_FRONT_LEFT", "CAM_FRONT", "CAM_FRONT_RIGHT", "CAM_BACK_LEFT", "CAM_BACK", "CAM_BACK_RIGHT"], "token": "29aff046bc6544b591da9061ec923b2b", "scene": "scene-0718"}, {"images": ["samples/CAM_FRONT_LEFT/n008-2018-08-29-16-04-13-0400__CAM_FRONT_LEFT__1535573611004799.jpg", "samples/CAM_FRONT/n008-2018-08-29-16-04-13-0400__CAM_FRONT__1535573611012404.jpg", "samples/CAM_FRONT_RIGHT/n008-2018-08-29-16-04-13-0400__CAM_FRONT_RIGHT__1535573611020482.jpg", "samples/CAM_BACK_LEFT/n008-2018-08-29-16-04-13-0400__CAM_BACK_LEFT__1535573611047405.jpg", "samples/CAM_BACK/n008-2018-08-29-16-04-13-0400__CAM_BACK__1535573611037566.jpg", "samples/CAM_BACK_RIGHT/n008-2018-08-29-16-04-13-0400__CAM_BACK_RIGHT__1535573611028137.jpg"], "intrinsics": [[[1257.8625342125129, 0.0, 827.2410631095686], [0.0, 1257.8625342125129, 450.915498205774], [0.0, 0.0, 1.0]], [[1252.8131021185304, 0.0, 826.588114781398], [0.0, 1252.8131021185304, 469.9846626224581], [0.0, 0.0, 1.0]], [[1256.7485116440405, 0.0, 817.7887570959712], [0.0, 1256.7485116440403, 451.9541780095127], [0.0, 0.0, 1.0]], [[1254.9860565800168, 0.0, 829.5769333630991], [0.0, 1254.9860565800168, 467.1680561863987], [0.0, 0.0, 1.0]], [[796.8910634503094, 0.0, 857.7774326863696], [0.0, 796.8910634503094, 476.8848988407415], [0.0, 0.0, 1.0]], [[1249.9629280788233, 0.0, 825.3768045375984], [0.0, 1249.9629280788233, 462.54816385708756], [0.0, 0.0, 1.0]]], "extrinsics": [[[0.8223729729652405, -0.5687682628631592, -0.014335348270833492, -1.005859375], [-0.015689821913838387, 0.002515354659408331, -0.9998737573623657, 1.4883098602294922], [0.5687324404716492, 0.8224939703941345, -0.00685531459748745, -1.333984375], [0.0, 0.0, 0.0, 1.0]], [[0.010190003551542759, -0.9999469518661499, 0.001465019304305315, 0.005218505859375], [-0.01370173878967762, -0.0016045867232605815, -0.9999048709869385, 1.4801807403564453], [0.9998541474342346, 0.010168957524001598, -0.013717364519834518, -1.73583984375], [0.0, 0.0, 0.0, 1.0]], [[-0.8440179228782654, -0.5362163782119751, 0.010287663899362087, 1.0911865234375], [-0.005643587093800306, -0.010301186703145504, -0.9999309778213501, 1.493077278137207], [0.5362853407859802, -0.8440176844596863, 0.005668201483786106, -1.27801513671875], [0.0, 0.0, 0.0, 1.0]], [[0.9475388526916504, 0.3184349834918976, -0.027737604454159737, -1.1439208984375], [-0.03088744357228279, 0.004845599643886089, -0.9995111227035522, 1.5620460510253906], [-0.31814491748809814, 0.9479323625564575, 0.014427035115659237, -0.1560821533203125], [0.0, 0.0, 0.0, 1.0]], [[0.00927495863288641, 0.9999526739120483, -0.0029448452405631542, -0.02880859375], [-0.02881082147359848, -0.002676519099622965, -0.9995812773704529, 1.5680694580078125], [-0.9995418787002563, 0.009355884976685047, 0.028784632682800293, 0.0445556640625], [0.0, 0.0, 0.0, 1.0]], [[-0.9236283302307129, 0.38306689262390137, 0.013056207448244095, 1.1610107421875], [-0.02465152181684971, -0.02537628263235092, -0.9993739724159241, 1.5478324890136719], [-0.3824957013130188, -0.9233720302581787, 0.03288143500685692, -0.04345703125], [0.0, 0.0, 0.0, 1.0]]], "view": [[0.0, -2.0, 100.0], [-2.0, 0.0, 100.0], [0.0, 0.0, 1.0]], "bev": "bev_3815e9df207540189f7428026a16e232.png", "aux": "aux_3815e9df207540189f7428026a16e232.npz", "visibility": "visibility_3815e9df207540189f7428026a16e232.png", "pose": [[0.47612282633781433, -0.8793787956237793, 0.0, 446.5309143066406], [0.8793787956237793, 0.47612282633781433, 0.0, 1703.49462890625], [0.0, 0.0, 1.0, 0.0], [0.0, 0.0, 0.0, 1.0]], "pose_inverse": [[0.47612282633781433, 0.8793787956237793, 0.0, -1710.62060546875], [-0.8793787956237793, 0.47612282633781433, 0.0, -418.40283203125], [0.0, 0.0, 1.0, 0.0], [0.0, 0.0, 0.0, 1.0]], "cam_ids": [0, 1, 2, 3, 4, 5], "cam_channels": ["CAM_FRONT_LEFT", "CAM_FRONT", "CAM_FRONT_RIGHT", "CAM_BACK_LEFT", "CAM_BACK", "CAM_BACK_RIGHT"], "token": "3815e9df207540189f7428026a16e232", "scene": "scene-0718"}, {"images": ["samples/CAM_FRONT_LEFT/n008-2018-08-29-16-04-13-0400__CAM_FRONT_LEFT__1535573611404799.jpg", "samples/CAM_FRONT/n008-2018-08-29-16-04-13-0400__CAM_FRONT__1535573611412404.jpg", "samples/CAM_FRONT_RIGHT/n008-2018-08-29-16-04-13-0400__CAM_FRONT_RIGHT__1535573611420482.jpg", "samples/CAM_BACK_LEFT/n008-2018-08-29-16-04-13-0400__CAM_BACK_LEFT__1535573611447405.jpg", "samples/CAM_BACK/n008-2018-08-29-16-04-13-0400__CAM_BACK__1535573611437558.jpg", "samples/CAM_BACK_RIGHT/n008-2018-08-29-16-04-13-0400__CAM_BACK_RIGHT__1535573611428113.jpg"], "intrinsics": [[[1257.8625342125129, 0.0, 827.2410631095686], [0.0, 1257.8625342125129, 450.915498205774], [0.0, 0.0, 1.0]], [[1252.8131021185304, 0.0, 826.588114781398], [0.0, 1252.8131021185304, 469.9846626224581], [0.0, 0.0, 1.0]], [[1256.7485116440405, 0.0, 817.7887570959712], [0.0, 1256.7485116440403, 451.9541780095127], [0.0, 0.0, 1.0]], [[1254.9860565800168, 0.0, 829.5769333630991], [0.0, 1254.9860565800168, 467.1680561863987], [0.0, 0.0, 1.0]], [[796.8910634503094, 0.0, 857.7774326863696], [0.0, 796.8910634503094, 476.8848988407415], [0.0, 0.0, 1.0]], [[1249.9629280788233, 0.0, 825.3768045375984], [0.0, 1249.9629280788233, 462.54816385708756], [0.0, 0.0, 1.0]]], "extrinsics": [[[0.822363555431366, -0.5687812566757202, -0.014353789389133453, -1.00537109375], [-0.01564859040081501, 0.0026075979694724083, -0.9998741745948792, 1.4883003234863281], [0.5687471032142639, 0.8224847912788391, -0.006756232585757971, -1.3336181640625], [0.0, 0.0, 0.0, 1.0]], [[0.010173801332712173, -0.9999473094940186, 0.0013809676747769117, 0.005218505859375], [-0.013691119849681854, -0.0015202079666778445, -0.9999051690101624, 1.4801712036132812], [0.999854564666748, 0.010153924115002155, -0.013705863617360592, -1.73486328125], [0.0, 0.0, 0.0, 1.0]], [[-0.8440260887145996, -0.5362039804458618, 0.010265386663377285, 1.0906982421875], [-0.005665548145771027, -0.010225243866443634, -0.9999316930770874, 1.493072509765625], [0.5362722873687744, -0.8440265655517578, 0.005592483561486006, -1.27764892578125], [0.0, 0.0, 0.0, 1.0]], [[0.9475354552268982, 0.31843170523643494, -0.027888303622603416, -1.14404296875], [-0.031072795391082764, 0.004924369975924492, -0.9995049834251404, 1.5620384216308594], [-0.3181367814540863, 0.94793301820755, 0.0145605793222785, -0.1560516357421875], [0.0, 0.0, 0.0, 1.0]], [[0.009286019019782543, 0.9999528527259827, -0.002864931244403124, -0.028839111328125], [-0.02894936315715313, -0.0025950176641345024, -0.999577522277832, 1.5680656433105469], [-0.9995377659797668, 0.009365012869238853, 0.028923897072672844, 0.0443115234375], [0.0, 0.0, 0.0, 1.0]], [[-0.923621416091919, 0.38308006525039673, 0.013156606815755367, 1.1607666015625], [-0.02472754195332527, -0.025296323001384735, -0.9993741512298584, 1.547821044921875], [-0.38250741362571716, -0.9233687520027161, 0.032836854457855225, -0.0435791015625], [0.0, 0.0, 0.0, 1.0]]], "view": [[0.0, -2.0, 100.0], [-2.0, 0.0, 100.0], [0.0, 0.0, 1.0]], "bev": "bev_00aa6b05c5f94da5b5a09b8b9964b5ed.png", "aux": "aux_00aa6b05c5f94da5b5a09b8b9964b5ed.npz", "visibility": "visibility_00aa6b05c5f94da5b5a09b8b9964b5ed.png", "pose": [[0.4761383831501007, -0.879370391368866, 0.0, 446.5269470214844], [0.879370391368866, 0.4761383831501007, 0.0, 1703.4892578125], [0.0, 0.0, 1.0, 0.0], [0.0, 0.0, 0.0, 1.0]], "pose_inverse": [[0.4761383831501007, 0.879370391368866, 0.0, -1710.6065673828125], [-0.879370391368866, 0.4761383831501007, 0.0, -418.43408203125], [0.0, 0.0, 1.0, 0.0], [0.0, 0.0, 0.0, 1.0]], "cam_ids": [0, 1, 2, 3, 4, 5], "cam_channels": ["CAM_FRONT_LEFT", "CAM_FRONT", "CAM_FRONT_RIGHT", "CAM_BACK_LEFT", "CAM_BACK", "CAM_BACK_RIGHT"], "token": "00aa6b05c5f94da5b5a09b8b9964b5ed", "scene": "scene-0718"}, {"images": ["samples/CAM_FRONT_LEFT/n008-2018-08-29-16-04-13-0400__CAM_FRONT_LEFT__1535573611904799.jpg", "samples/CAM_FRONT/n008-2018-08-29-16-04-13-0400__CAM_FRONT__1535573611912404.jpg", "samples/CAM_FRONT_RIGHT/n008-2018-08-29-16-04-13-0400__CAM_FRONT_RIGHT__1535573611920482.jpg", "samples/CAM_BACK_LEFT/n008-2018-08-29-16-04-13-0400__CAM_BACK_LEFT__1535573611947405.jpg", "samples/CAM_BACK/n008-2018-08-29-16-04-13-0400__CAM_BACK__1535573611937558.jpg", "samples/CAM_BACK_RIGHT/n008-2018-08-29-16-04-13-0400__CAM_BACK_RIGHT__1535573611928113.jpg"], "intrinsics": [[[1257.8625342125129, 0.0, 827.2410631095686], [0.0, 1257.8625342125129, 450.915498205774], [0.0, 0.0, 1.0]], [[1252.8131021185304, 0.0, 826.588114781398], [0.0, 1252.8131021185304, 469.9846626224581], [0.0, 0.0, 1.0]], [[1256.7485116440405, 0.0, 817.7887570959712], [0.0, 1256.7485116440403, 451.9541780095127], [0.0, 0.0, 1.0]], [[1254.9860565800168, 0.0, 829.5769333630991], [0.0, 1254.9860565800168, 467.1680561863987], [0.0, 0.0, 1.0]], [[796.8910634503094, 0.0, 857.7774326863696], [0.0, 796.8910634503094, 476.8848988407415], [0.0, 0.0, 1.0]], [[1249.9629280788233, 0.0, 825.3768045375984], [0.0, 1249.9629280788233, 462.54816385708756], [0.0, 0.0, 1.0]]], "extrinsics": [[[0.8223381638526917, -0.5688143968582153, -0.014496049843728542, -1.005126953125], [-0.015872471034526825, 0.0025344619061797857, -0.999870777130127, 1.4882946014404297], [0.5687776207923889, 0.8224620819091797, -0.006944306660443544, -1.333251953125], [0.0, 0.0, 0.0, 1.0]], [[0.010138855315744877, -0.9999475479125977, 0.0014426130801439285, 0.005340576171875], [-0.013895385898649693, -0.001583439065143466, -0.9999022483825684, 1.4801692962646484], [0.9998520612716675, 0.010117794387042522, -0.013910711742937565, -1.7347412109375], [0.0, 0.0, 0.0, 1.0]], [[-0.8440378308296204, -0.5361818671226501, 0.010448484681546688, 1.090576171875], [-0.005849017295986414, -0.010278156027197838, -0.9999300837516785, 1.493072509765625], [0.5362518429756165, -0.8440399765968323, 0.00553901307284832, -1.277587890625], [0.0, 0.0, 0.0, 1.0]], [[0.9475327134132385, 0.3184259235858917, -0.02804967388510704, -1.143798828125], [-0.031226322054862976, 0.004874908830970526, -0.9995004534721375, 1.5620384216308594], [-0.31813013553619385, 0.947935163974762, 0.01456240564584732, -0.1561737060546875], [0.0, 0.0, 0.0, 1.0]], [[0.009294971823692322, 0.9999525547027588, -0.0029133509378880262, -0.028778076171875], [-0.02910710498690605, -0.0026416832115501165, -0.9995728135108948, 1.5680580139160156], [-0.9995331764221191, 0.009375796653330326, 0.02908116951584816, 0.0443115234375], [0.0, 0.0, 0.0, 1.0]], [[-0.9236130118370056, 0.38309556245803833, 0.01329850498586893, 1.16064453125], [-0.024900542572140694, -0.02534187212586403, -0.9993686676025391, 1.5478172302246094], [-0.38251662254333496, -0.9233611226081848, 0.03294537216424942, -0.043701171875], [0.0, 0.0, 0.0, 1.0]]], "view": [[0.0, -2.0, 100.0], [-2.0, 0.0, 100.0], [0.0, 0.0, 1.0]], "bev": "bev_c70dc31eb18740ac8a59f50e0f842701.png", "aux": "aux_c70dc31eb18740ac8a59f50e0f842701.npz", "visibility": "visibility_c70dc31eb18740ac8a59f50e0f842701.png", "pose": [[0.47610369324684143, -0.8793891668319702, 0.0, 446.5256042480469], [0.8793891668319702, 0.47610369324684143, 0.0, 1703.48876953125], [0.0, 0.0, 1.0, 0.0], [0.0, 0.0, 0.0, 1.0]], "pose_inverse": [[0.47610369324684143, 0.8793891668319702, 0.0, -1710.6220703125], [-0.8793891668319702, 0.47610369324684143, 0.0, -418.3675231933594], [0.0, 0.0, 1.0, 0.0], [0.0, 0.0, 0.0, 1.0]], "cam_ids": [0, 1, 2, 3, 4, 5], "cam_channels": ["CAM_FRONT_LEFT", "CAM_FRONT", "CAM_FRONT_RIGHT", "CAM_BACK_LEFT", "CAM_BACK", "CAM_BACK_RIGHT"], "token": "c70dc31eb18740ac8a59f50e0f842701", "scene": "scene-0718"}, {"images": ["samples/CAM_FRONT_LEFT/n008-2018-08-29-16-04-13-0400__CAM_FRONT_LEFT__1535573612404799.jpg", "samples/CAM_FRONT/n008-2018-08-29-16-04-13-0400__CAM_FRONT__1535573612412404.jpg", "samples/CAM_FRONT_RIGHT/n008-2018-08-29-16-04-13-0400__CAM_FRONT_RIGHT__1535573612420482.jpg", "samples/CAM_BACK_LEFT/n008-2018-08-29-16-04-13-0400__CAM_BACK_LEFT__1535573612447405.jpg", "samples/CAM_BACK/n008-2018-08-29-16-04-13-0400__CAM_BACK__1535573612437558.jpg", "samples/CAM_BACK_RIGHT/n008-2018-08-29-16-04-13-0400__CAM_BACK_RIGHT__1535573612428113.jpg"], "intrinsics": [[[1257.8625342125129, 0.0, 827.2410631095686], [0.0, 1257.8625342125129, 450.915498205774], [0.0, 0.0, 1.0]], [[1252.8131021185304, 0.0, 826.588114781398], [0.0, 1252.8131021185304, 469.9846626224581], [0.0, 0.0, 1.0]], [[1256.7485116440405, 0.0, 817.7887570959712], [0.0, 1256.7485116440403, 451.9541780095127], [0.0, 0.0, 1.0]], [[1254.9860565800168, 0.0, 829.5769333630991], [0.0, 1254.9860565800168, 467.1680561863987], [0.0, 0.0, 1.0]], [[796.8910634503094, 0.0, 857.7774326863696], [0.0, 796.8910634503094, 476.8848988407415], [0.0, 0.0, 1.0]], [[1249.9629280788233, 0.0, 825.3768045375984], [0.0, 1249.9629280788233, 462.54816385708756], [0.0, 0.0, 1.0]]], "extrinsics": [[[0.8223685622215271, -0.5687735676765442, -0.014375226572155952, -1.0048828125], [-0.01578586921095848, 0.0024466500617563725, -0.9998723864555359, 1.4882946014404297], [0.5687361359596252, 0.8224905133247375, -0.0069665382616221905, -1.333251953125], [0.0, 0.0, 0.0, 1.0]], [[0.010187093168497086, -0.9999469518661499, 0.0015361143741756678, 0.005218505859375], [-0.013843705877661705, -0.0016770809888839722, -0.9999027848243713, 1.4801654815673828], [0.9998522400856018, 0.010164879262447357, -0.013860054314136505, -1.7347412109375], [0.0, 0.0, 0.0, 1.0]], [[-0.8440176844596863, -0.5362128615379333, 0.010488864965736866, 1.0904541015625], [-0.0058331857435405254, -0.010377984493970871, -0.9999290704727173, 1.4930734634399414], [0.5362836718559265, -0.8440189957618713, 0.005631373729556799, -1.27752685546875], [0.0, 0.0, 0.0, 1.0]], [[0.94753098487854, 0.3184303343296051, -0.028059884905815125, -1.1436767578125], [-0.031202558428049088, 0.004771804437041283, -0.9995017051696777, 1.562042236328125], [-0.3181377649307251, 0.9479343295097351, 0.014457274228334427, -0.1560516357421875], [0.0, 0.0, 0.0, 1.0]], [[0.00927743874490261, 0.9999524354934692, -0.0030191466212272644, -0.028778076171875], [-0.029086275026202202, -0.0027481417637318373, -0.9995731115341187, 1.5680656433105469], [-0.9995338916778564, 0.009361263364553452, 0.0290593970566988, 0.044189453125], [0.0, 0.0, 0.0, 1.0]], [[-0.9236239790916443, 0.3830711245536804, 0.013240518048405647, 1.16064453125], [-0.024881908670067787, -0.025450628250837326, -0.9993664026260376, 1.5478096008300781], [-0.3824913501739502, -0.9233681559562683, 0.03303834795951843, -0.043701171875], [0.0, 0.0, 0.0, 1.0]]], "view": [[0.0, -2.0, 100.0], [-2.0, 0.0, 100.0], [0.0, 0.0, 1.0]], "bev": "bev_16c8422914ab49b38f0f3dc9b3d59e94.png", "aux": "aux_16c8422914ab49b38f0f3dc9b3d59e94.npz", "visibility": "visibility_16c8422914ab49b38f0f3dc9b3d59e94.png", "pose": [[0.4760456383228302, -0.8794205784797668, 0.0, 446.52490234375], [0.8794205784797668, 0.4760456383228302, 0.0, 1703.4892578125], [0.0, 0.0, 1.0, 0.0], [0.0, 0.0, 0.0, 1.0]], "pose_inverse": [[0.4760456383228302, 0.8794205784797668, 0.0, -1710.6497802734375], [-0.8794205784797668, 0.4760456383228302, 0.0, -418.2554626464844], [0.0, 0.0, 1.0, 0.0], [0.0, 0.0, 0.0, 1.0]], "cam_ids": [0, 1, 2, 3, 4, 5], "cam_channels": ["CAM_FRONT_LEFT", "CAM_FRONT", "CAM_FRONT_RIGHT", "CAM_BACK_LEFT", "CAM_BACK", "CAM_BACK_RIGHT"], "token": "16c8422914ab49b38f0f3dc9b3d59e94", "scene": "scene-0718"}, {"images": ["samples/CAM_FRONT_LEFT/n008-2018-08-29-16-04-13-0400__CAM_FRONT_LEFT__1535573612904799.jpg", "samples/CAM_FRONT/n008-2018-08-29-16-04-13-0400__CAM_FRONT__1535573612912404.jpg", "samples/CAM_FRONT_RIGHT/n008-2018-08-29-16-04-13-0400__CAM_FRONT_RIGHT__1535573612920482.jpg", "samples/CAM_BACK_LEFT/n008-2018-08-29-16-04-13-0400__CAM_BACK_LEFT__1535573612947405.jpg", "samples/CAM_BACK/n008-2018-08-29-16-04-13-0400__CAM_BACK__1535573612937558.jpg", "samples/CAM_BACK_RIGHT/n008-2018-08-29-16-04-13-0400__CAM_BACK_RIGHT__1535573612928113.jpg"], "intrinsics": [[[1257.8625342125129, 0.0, 827.2410631095686], [0.0, 1257.8625342125129, 450.915498205774], [0.0, 0.0, 1.0]], [[1252.8131021185304, 0.0, 826.588114781398], [0.0, 1252.8131021185304, 469.9846626224581], [0.0, 0.0, 1.0]], [[1256.7485116440405, 0.0, 817.7887570959712], [0.0, 1256.7485116440403, 451.9541780095127], [0.0, 0.0, 1.0]], [[1254.9860565800168, 0.0, 829.5769333630991], [0.0, 1254.9860565800168, 467.1680561863987], [0.0, 0.0, 1.0]], [[796.8910634503094, 0.0, 857.7774326863696], [0.0, 796.8910634503094, 476.8848988407415], [0.0, 0.0, 1.0]], [[1249.9629280788233, 0.0, 825.3768045375984], [0.0, 1249.9629280788233, 462.54816385708756], [0.0, 0.0, 1.0]]], "extrinsics": [[[0.8223558664321899, -0.568791925907135, -0.014372697100043297, -1.0050048828125], [-0.01586005464196205, 0.0023351924028247595, -0.9998714923858643, 1.4882946014404297], [0.5687524080276489, 0.8224781155586243, -0.007100713439285755, -1.3333740234375], [0.0, 0.0, 0.0, 1.0]], [[0.010169419459998608, -0.9999468922615051, 0.0016403025947511196, 0.00537109375], [-0.013898118399083614, -0.001781571307219565, -0.9999018311500549, 1.4801654815673828], [0.999851644039154, 0.0101455794647336, -0.013915498740971088, -1.73486328125], [0.0, 0.0, 0.0, 1.0]], [[-0.8440242409706116, -0.536200761795044, 0.010569935664534569, 1.090576171875], [-0.005867770407348871, -0.010474869050085545, -0.9999279379844666, 1.4930715560913086], [0.5362728834152222, -0.8440254926681519, 0.0056947399862110615, -1.27752685546875], [0.0, 0.0, 0.0, 1.0]], [[0.9475288987159729, 0.3184289336204529, -0.028144964948296547, -1.143798828125], [-0.03126043081283569, 0.0046768877655267715, -0.9995003342628479, 1.562042236328125], [-0.3181381821632385, 0.947935163974762, 0.014385711401700974, -0.1561279296875], [0.0, 0.0, 0.0, 1.0]], [[0.009280848316848278, 0.9999521374702454, -0.0031075780279934406, -0.028900146484375], [-0.02912762016057968, -0.002836052095517516, -0.9995716214179993, 1.5680656433105469], [-0.9995325803756714, 0.009367451071739197, 0.029099905863404274, 0.044189453125], [0.0, 0.0, 0.0, 1.0]], [[-0.9236201047897339, 0.3830800950527191, 0.013245141133666039, 1.1607666015625], [-0.02492397464811802, -0.025539254769682884, -0.9993630647659302, 1.5478172302246094], [-0.3824978172779083, -0.9233619570732117, 0.03313644975423813, -0.043701171875], [0.0, 0.0, 0.0, 1.0]]], "view": [[0.0, -2.0, 100.0], [-2.0, 0.0, 100.0], [0.0, 0.0, 1.0]], "bev": "bev_0c22be6e6d61449aaf40c06b87451062.png", "aux": "aux_0c22be6e6d61449aaf40c06b87451062.npz", "visibility": "visibility_0c22be6e6d61449aaf40c06b87451062.png", "pose": [[0.4761127531528473, -0.8793842196464539, 0.0, 446.5243225097656], [0.8793842196464539, 0.4761127531528473, 0.0, 1703.489501953125], [0.0, 0.0, 1.0, 0.0], [0.0, 0.0, 0.0, 1.0]], "pose_inverse": [[0.4761127531528473, 0.8793842196464539, 0.0, -1710.6177978515625], [-0.8793842196464539, 0.4761127531528473, 0.0, -418.38665771484375], [0.0, 0.0, 1.0, 0.0], [0.0, 0.0, 0.0, 1.0]], "cam_ids": [0, 1, 2, 3, 4, 5], "cam_channels": ["CAM_FRONT_LEFT", "CAM_FRONT", "CAM_FRONT_RIGHT", "CAM_BACK_LEFT", "CAM_BACK", "CAM_BACK_RIGHT"], "token": "0c22be6e6d61449aaf40c06b87451062", "scene": "scene-0718"}, {"images": ["samples/CAM_FRONT_LEFT/n008-2018-08-29-16-04-13-0400__CAM_FRONT_LEFT__1535573613404799.jpg", "samples/CAM_FRONT/n008-2018-08-29-16-04-13-0400__CAM_FRONT__1535573613412404.jpg", "samples/CAM_FRONT_RIGHT/n008-2018-08-29-16-04-13-0400__CAM_FRONT_RIGHT__1535573613420482.jpg", "samples/CAM_BACK_LEFT/n008-2018-08-29-16-04-13-0400__CAM_BACK_LEFT__1535573613447405.jpg", "samples/CAM_BACK/n008-2018-08-29-16-04-13-0400__CAM_BACK__1535573613437558.jpg", "samples/CAM_BACK_RIGHT/n008-2018-08-29-16-04-13-0400__CAM_BACK_RIGHT__1535573613428113.jpg"], "intrinsics": [[[1257.8625342125129, 0.0, 827.2410631095686], [0.0, 1257.8625342125129, 450.915498205774], [0.0, 0.0, 1.0]], [[1252.8131021185304, 0.0, 826.588114781398], [0.0, 1252.8131021185304, 469.9846626224581], [0.0, 0.0, 1.0]], [[1256.7485116440405, 0.0, 817.7887570959712], [0.0, 1256.7485116440403, 451.9541780095127], [0.0, 0.0, 1.0]], [[1254.9860565800168, 0.0, 829.5769333630991], [0.0, 1254.9860565800168, 467.1680561863987], [0.0, 0.0, 1.0]], [[796.8910634503094, 0.0, 857.7774326863696], [0.0, 796.8910634503094, 476.8848988407415], [0.0, 0.0, 1.0]], [[1249.9629280788233, 0.0, 825.3768045375984], [0.0, 1249.9629280788233, 462.54816385708756], [0.0, 0.0, 1.0]]], "extrinsics": [[[0.8223470449447632, -0.5688045620918274, -0.014378895051777363, -1.0048828125], [-0.0158782247453928, 0.0023200090508908033, -0.9998712539672852, 1.4882926940917969], [0.5687646865844727, 0.8224694132804871, -0.007123755291104317, -1.3333740234375], [0.0, 0.0, 0.0, 1.0]], [[0.010156827978789806, -0.9999469518661499, 0.0016607771394774318, 0.005340576171875], [-0.013917559757828712, -0.0018020691350102425, -0.999901533126831, 1.48016357421875], [0.9998515248298645, 0.010132730938494205, -0.01393512636423111, -1.7347412109375], [0.0, 0.0, 0.0, 1.0]], [[-0.8440291881561279, -0.5361923575401306, 0.010601487942039967, 1.0906982421875], [-0.00588857801631093, -0.010501058772206306, -0.9999275207519531, 1.4930715560913086], [0.5362648367881775, -0.8440305590629578, 0.0057057891972362995, -1.27752685546875], [0.0, 0.0, 0.0, 1.0]], [[0.9475321173667908, 0.3184181749820709, -0.028155434876680374, -1.1439208984375], [-0.03126998990774155, 0.004672986455261707, -0.999500036239624, 1.5620460510253906], [-0.31812745332717896, 0.947938859462738, 0.014384739100933075, -0.1561126708984375], [0.0, 0.0, 0.0, 1.0]], [[0.009288779459893703, 0.999951958656311, -0.0031291779596358538, -0.02886962890625], [-0.029136870056390762, -0.0028573274612426758, -0.9995713233947754, 1.5680618286132812], [-0.9995322823524475, 0.009376028552651405, 0.029108930379152298, 0.0443115234375], [0.0, 0.0, 0.0, 1.0]], [[-0.9236172437667847, 0.3830869197845459, 0.013249608688056469, 1.16064453125], [-0.024942316114902496, -0.025571227073669434, -0.9993618130683899, 1.5478134155273438], [-0.38250356912612915, -0.9233583211898804, 0.033173102885484695, -0.043701171875], [0.0, 0.0, 0.0, 1.0]]], "view": [[0.0, -2.0, 100.0], [-2.0, 0.0, 100.0], [0.0, 0.0, 1.0]], "bev": "bev_a7ca9e4bfbc540ff96e41ede19121f3e.png", "aux": "aux_a7ca9e4bfbc540ff96e41ede19121f3e.npz", "visibility": "visibility_a7ca9e4bfbc540ff96e41ede19121f3e.png", "pose": [[0.47605445981025696, -0.8794158101081848, 0.0, 446.5238037109375], [0.8794158101081848, 0.47605445981025696, 0.0, 1703.4898681640625], [0.0, 0.0, 1.0, 0.0], [0.0, 0.0, 0.0, 1.0]], "pose_inverse": [[0.47605445981025696, 0.8794158101081848, 0.0, -1710.6455078125], [-0.8794158101081848, 0.47605445981025696, 0.0, -418.27386474609375], [0.0, 0.0, 1.0, 0.0], [0.0, 0.0, 0.0, 1.0]], "cam_ids": [0, 1, 2, 3, 4, 5], "cam_channels": ["CAM_FRONT_LEFT", "CAM_FRONT", "CAM_FRONT_RIGHT", "CAM_BACK_LEFT", "CAM_BACK", "CAM_BACK_RIGHT"], "token": "a7ca9e4bfbc540ff96e41ede19121f3e", "scene": "scene-0718"}, {"images": ["samples/CAM_FRONT_LEFT/n008-2018-08-29-16-04-13-0400__CAM_FRONT_LEFT__1535573613904799.jpg", "samples/CAM_FRONT/n008-2018-08-29-16-04-13-0400__CAM_FRONT__1535573613912404.jpg", "samples/CAM_FRONT_RIGHT/n008-2018-08-29-16-04-13-0400__CAM_FRONT_RIGHT__1535573613920482.jpg", "samples/CAM_BACK_LEFT/n008-2018-08-29-16-04-13-0400__CAM_BACK_LEFT__1535573613947405.jpg", "samples/CAM_BACK/n008-2018-08-29-16-04-13-0400__CAM_BACK__1535573613937558.jpg", "samples/CAM_BACK_RIGHT/n008-2018-08-29-16-04-13-0400__CAM_BACK_RIGHT__1535573613928113.jpg"], "intrinsics": [[[1257.8625342125129, 0.0, 827.2410631095686], [0.0, 1257.8625342125129, 450.915498205774], [0.0, 0.0, 1.0]], [[1252.8131021185304, 0.0, 826.588114781398], [0.0, 1252.8131021185304, 469.9846626224581], [0.0, 0.0, 1.0]], [[1256.7485116440405, 0.0, 817.7887570959712], [0.0, 1256.7485116440403, 451.9541780095127], [0.0, 0.0, 1.0]], [[1254.9860565800168, 0.0, 829.5769333630991], [0.0, 1254.9860565800168, 467.1680561863987], [0.0, 0.0, 1.0]], [[796.8910634503094, 0.0, 857.7774326863696], [0.0, 796.8910634503094, 476.8848988407415], [0.0, 0.0, 1.0]], [[1249.9629280788233, 0.0, 825.3768045375984], [0.0, 1249.9629280788233, 462.54816385708756], [0.0, 0.0, 1.0]]], "extrinsics": [[[0.8223572969436646, -0.5687909722328186, -0.014326438307762146, -1.005126953125], [-0.015893399715423584, 0.002205624245107174, -0.9998712539672852, 1.4882946014404297], [0.5687493681907654, 0.8224791288375854, -0.007226211950182915, -1.3333740234375], [0.0, 0.0, 0.0, 1.0]], [[0.010170445777475834, -0.9999467730522156, 0.0017603596206754446, 0.00537109375], [-0.01394170243293047, -0.0019020790932700038, -0.9999009966850281, 1.4801673889160156], [0.9998511075973511, 0.01014484092593193, -0.013960303738713264, -1.7347412109375], [0.0, 0.0, 0.0, 1.0]], [[-0.8440231084823608, -0.5362005233764648, 0.01067538745701313, 1.090576171875], [-0.005922231823205948, -0.010585786774754524, -0.9999264478683472, 1.4930715560913086], [0.5362740755081177, -0.8440243005752563, 0.005759145133197308, -1.27752685546875], [0.0, 0.0, 0.0, 1.0]], [[0.9475259780883789, 0.31843337416648865, -0.02819201722741127, -1.143798828125], [-0.031288567930459976, 0.0046126339584589005, -0.9994997382164001, 1.562042236328125], [-0.3181440234184265, 0.947934091091156, 0.014333914965391159, -0.1560821533203125], [0.0, 0.0, 0.0, 1.0]], [[0.0092772850766778, 0.9999518990516663, -0.003195128170773387, -0.028900146484375], [-0.029176196083426476, -0.002923219231888652, -0.9995700120925903, 1.5680656433105469], [-0.9995312094688416, 0.009366537444293499, 0.029147673398256302, 0.0443115234375], [0.0, 0.0, 0.0, 1.0]], [[-0.9236198663711548, 0.383080393075943, 0.013255803845822811, 1.16064453125], [-0.024978913366794586, -0.02564399503171444, -0.9993590116500854, 1.5478134155273438], [-0.3824949264526367, -0.9233589172363281, 0.0332542359828949, -0.043701171875], [0.0, 0.0, 0.0, 1.0]]], "view": [[0.0, -2.0, 100.0], [-2.0, 0.0, 100.0], [0.0, 0.0, 1.0]], "bev": "bev_be9e950e599a477dbe5bf13d5c950fec.png", "aux": "aux_be9e950e599a477dbe5bf13d5c950fec.npz", "visibility": "visibility_be9e950e599a477dbe5bf13d5c950fec.png", "pose": [[0.4761177897453308, -0.879381537437439, 0.0, 446.5233459472656], [0.879381537437439, 0.4761177897453308, 0.0, 1703.4901123046875], [0.0, 0.0, 1.0, 0.0], [0.0, 0.0, 0.0, 1.0]], "pose_inverse": [[0.4761177897453308, 0.879381537437439, 0.0, -1710.615478515625], [-0.879381537437439, 0.4761177897453308, 0.0, -418.3975830078125], [0.0, 0.0, 1.0, 0.0], [0.0, 0.0, 0.0, 1.0]], "cam_ids": [0, 1, 2, 3, 4, 5], "cam_channels": ["CAM_FRONT_LEFT", "CAM_FRONT", "CAM_FRONT_RIGHT", "CAM_BACK_LEFT", "CAM_BACK", "CAM_BACK_RIGHT"], "token": "be9e950e599a477dbe5bf13d5c950fec", "scene": "scene-0718"}, {"images": ["samples/CAM_FRONT_LEFT/n008-2018-08-29-16-04-13-0400__CAM_FRONT_LEFT__1535573614354799.jpg", "samples/CAM_FRONT/n008-2018-08-29-16-04-13-0400__CAM_FRONT__1535573614362404.jpg", "samples/CAM_FRONT_RIGHT/n008-2018-08-29-16-04-13-0400__CAM_FRONT_RIGHT__1535573614370482.jpg", "samples/CAM_BACK_LEFT/n008-2018-08-29-16-04-13-0400__CAM_BACK_LEFT__1535573614401230.jpg", "samples/CAM_BACK/n008-2018-08-29-16-04-13-0400__CAM_BACK__1535573614387558.jpg", "samples/CAM_BACK_RIGHT/n008-2018-08-29-16-04-13-0400__CAM_BACK_RIGHT__1535573614378113.jpg"], "intrinsics": [[[1257.8625342125129, 0.0, 827.2410631095686], [0.0, 1257.8625342125129, 450.915498205774], [0.0, 0.0, 1.0]], [[1252.8131021185304, 0.0, 826.588114781398], [0.0, 1252.8131021185304, 469.9846626224581], [0.0, 0.0, 1.0]], [[1256.7485116440405, 0.0, 817.7887570959712], [0.0, 1256.7485116440403, 451.9541780095127], [0.0, 0.0, 1.0]], [[1254.9860565800168, 0.0, 829.5769333630991], [0.0, 1254.9860565800168, 467.1680561863987], [0.0, 0.0, 1.0]], [[796.8910634503094, 0.0, 857.7774326863696], [0.0, 796.8910634503094, 476.8848988407415], [0.0, 0.0, 1.0]], [[1249.9629280788233, 0.0, 825.3768045375984], [0.0, 1249.9629280788233, 462.54816385708756], [0.0, 0.0, 1.0]]], "extrinsics": [[[0.8223427534103394, -0.568814218044281, -0.014237203635275364, -1.005126953125], [-0.015777839347720146, 0.002216195920482278, -0.9998730421066284, 1.4882946014404297], [0.568773627281189, 0.8224630355834961, -0.007152189034968615, -1.333251953125], [0.0, 0.0, 0.0, 1.0]], [[0.010145744308829308, -0.9999470114707947, 0.0017673990223556757, 0.00531005859375], [-0.01382001768797636, -0.0019075428135693073, -0.9999026656150818, 1.48016357421875], [0.9998529553413391, 0.010120324790477753, -0.013838636688888073, -1.7347412109375], [0.0, 0.0, 0.0, 1.0]], [[-0.8440359234809875, -0.5361823439598083, 0.010579925961792469, 1.090576171875], [-0.005795972887426615, -0.010606731288135052, -0.9999269247055054, 1.4930734634399414], [0.536255419254303, -0.8440355658531189, 0.005844763480126858, -1.27752685546875], [0.0, 0.0, 0.0, 1.0]], [[0.9475321769714355, 0.3184257745742798, -0.02806795947253704, -1.1439208984375], [-0.03113170526921749, 0.004535524174571037, -0.9995049834251404, 1.5620460510253906], [-0.3181408941745758, 0.94793701171875, 0.01421069260686636, -0.1561737060546875], [0.0, 0.0, 0.0, 1.0]], [[0.009286927990615368, 0.9999516010284424, -0.0032486552372574806, -0.028839111328125], [-0.029032111167907715, -0.0029777968302369118, -0.9995740056037903, 1.5680580139160156], [-0.999535322189331, 0.009377281181514263, 0.029003050178289413, 0.0443115234375], [0.0, 0.0, 0.0, 1.0]], [[-0.9236158728599548, 0.38309457898139954, 0.013118759728968143, 1.1607666015625], [-0.024844681844115257, -0.025676583871245384, -0.999361515045166, 1.5478172302246094], [-0.382513165473938, -0.9233521223068237, 0.0332331657409668, -0.043701171875], [0.0, 0.0, 0.0, 1.0]]], "view": [[0.0, -2.0, 100.0], [-2.0, 0.0, 100.0], [0.0, 0.0, 1.0]], "bev": "bev_b6320bce329545a19b53b39e5b0448d0.png", "aux": "aux_b6320bce329545a19b53b39e5b0448d0.npz", "visibility": "visibility_b6320bce329545a19b53b39e5b0448d0.png", "pose": [[0.4761211574077606, -0.8793796896934509, 0.0, 446.52301025390625], [0.8793796896934509, 0.4761211574077606, 0.0, 1703.490234375], [0.0, 0.0, 1.0, 0.0], [0.0, 0.0, 0.0, 1.0]], "pose_inverse": [[0.4761211574077606, 0.8793796896934509, 0.0, -1710.61376953125], [-0.8793796896934509, 0.4761211574077606, 0.0, -418.40447998046875], [0.0, 0.0, 1.0, 0.0], [0.0, 0.0, 0.0, 1.0]], "cam_ids": [0, 1, 2, 3, 4, 5], "cam_channels": ["CAM_FRONT_LEFT", "CAM_FRONT", "CAM_FRONT_RIGHT", "CAM_BACK_LEFT", "CAM_BACK", "CAM_BACK_RIGHT"], "token": "b6320bce329545a19b53b39e5b0448d0", "scene": "scene-0718"}, {"images": ["samples/CAM_FRONT_LEFT/n008-2018-08-29-16-04-13-0400__CAM_FRONT_LEFT__1535573614854799.jpg", "samples/CAM_FRONT/n008-2018-08-29-16-04-13-0400__CAM_FRONT__1535573614862404.jpg", "samples/CAM_FRONT_RIGHT/n008-2018-08-29-16-04-13-0400__CAM_FRONT_RIGHT__1535573614870482.jpg", "samples/CAM_BACK_LEFT/n008-2018-08-29-16-04-13-0400__CAM_BACK_LEFT__1535573614897405.jpg", "samples/CAM_BACK/n008-2018-08-29-16-04-13-0400__CAM_BACK__1535573614887558.jpg", "samples/CAM_BACK_RIGHT/n008-2018-08-29-16-04-13-0400__CAM_BACK_RIGHT__1535573614878113.jpg"], "intrinsics": [[[1257.8625342125129, 0.0, 827.2410631095686], [0.0, 1257.8625342125129, 450.915498205774], [0.0, 0.0, 1.0]], [[1252.8131021185304, 0.0, 826.588114781398], [0.0, 1252.8131021185304, 469.9846626224581], [0.0, 0.0, 1.0]], [[1256.7485116440405, 0.0, 817.7887570959712], [0.0, 1256.7485116440403, 451.9541780095127], [0.0, 0.0, 1.0]], [[1254.9860565800168, 0.0, 829.5769333630991], [0.0, 1254.9860565800168, 467.1680561863987], [0.0, 0.0, 1.0]], [[796.8910634503094, 0.0, 857.7774326863696], [0.0, 796.8910634503094, 476.8848988407415], [0.0, 0.0, 1.0]], [[1249.9629280788233, 0.0, 825.3768045375984], [0.0, 1249.9629280788233, 462.54816385708756], [0.0, 0.0, 1.0]]], "extrinsics": [[[0.8223742842674255, -0.5687736868858337, -0.01403981912881136, -1.005126953125], [-0.015627631917595863, 0.002085738582536578, -0.9998756647109985, 1.4882965087890625], [0.5687322020530701, 0.822491466999054, -0.007173330523073673, -1.3333740234375], [0.0, 0.0, 0.0, 1.0]], [[0.010192887857556343, -0.9999462366104126, 0.0019035309087485075, 0.00537109375], [-0.013665957376360893, -0.0020427543204277754, -0.9999045133590698, 1.4801654815673828], [0.9998546838760376, 0.010165820829570293, -0.01368604227900505, -1.73486328125], [0.0, 0.0, 0.0, 1.0]], [[-0.8440144658088684, -0.5362170338630676, 0.010529766790568829, 1.0906982421875], [-0.005651252809911966, -0.010740526020526886, -0.9999263286590576, 1.4930744171142578], [0.5362906455993652, -0.8440117835998535, 0.006034861318767071, -1.27752685546875], [0.0, 0.0, 0.0, 1.0]], [[0.9475324749946594, 0.3184310495853424, -0.027997581288218498, -1.1439208984375], [-0.031025195494294167, 0.004439123440533876, -0.9995087385177612, 1.562042236328125], [-0.3181503713130951, 0.9479355812072754, 0.014085600152611732, -0.1561431884765625], [0.0, 0.0, 0.0, 1.0]], [[0.009267400950193405, 0.9999514222145081, -0.003359962487593293, -0.028839111328125]