[{"images": ["samples/CAM_FRONT_LEFT/n008-2018-08-28-16-57-39-0400__CAM_FRONT_LEFT__1535489971854799.jpg", "samples/CAM_FRONT/n008-2018-08-28-16-57-39-0400__CAM_FRONT__1535489971862404.jpg", "samples/CAM_FRONT_RIGHT/n008-2018-08-28-16-57-39-0400__CAM_FRONT_RIGHT__1535489971870482.jpg", "samples/CAM_BACK_LEFT/n008-2018-08-28-16-57-39-0400__CAM_BACK_LEFT__1535489971897405.jpg", "samples/CAM_BACK/n008-2018-08-28-16-57-39-0400__CAM_BACK__1535489971887558.jpg", "samples/CAM_BACK_RIGHT/n008-2018-08-28-16-57-39-0400__CAM_BACK_RIGHT__1535489971878113.jpg"], "intrinsics": [[[1257.8625342125129, 0.0, 827.2410631095686], [0.0, 1257.8625342125129, 450.915498205774], [0.0, 0.0, 1.0]], [[1252.8131021185304, 0.0, 826.588114781398], [0.0, 1252.8131021185304, 469.9846626224581], [0.0, 0.0, 1.0]], [[1256.7485116440405, 0.0, 817.7887570959712], [0.0, 1256.7485116440403, 451.9541780095127], [0.0, 0.0, 1.0]], [[1254.9860565800168, 0.0, 829.5769333630991], [0.0, 1254.9860565800168, 467.1680561863987], [0.0, 0.0, 1.0]], [[796.8910634503094, 0.0, 857.7774326863696], [0.0, 796.8910634503094, 476.8848988407415], [0.0, 0.0, 1.0]], [[1249.9629280788233, 0.0, 825.3768045375984], [0.0, 1249.9629280788233, 462.54816385708756], [0.0, 0.0, 1.0]]], "extrinsics": [[[0.8226285576820374, -0.5685787796974182, -0.0007102287490852177, -1.0050048828125], [-0.005553147289901972, -0.006785295903682709, -0.9999615550041199, 1.488297462463379], [0.5685520172119141, 0.8226009011268616, -0.008739182725548744, -1.3333740234375], [0.0, 0.0, 0.0, 1.0]], [[0.01043925154954195, -0.9998862743377686, 0.010883930139243603, 0.00531005859375], [-0.003571127075701952, -0.010921734385192394, -0.9999340176582336, 1.4801664352416992], [0.9999392032623291, 0.010399668477475643, -0.0036847363226115704, -1.734619140625], [0.0, 0.0, 0.0, 1.0]], [[-0.8439378142356873, -0.5363985896110535, 0.00674787349998951, 1.090576171875], [0.004484165925532579, -0.019632531329989433, -0.9997972249984741, 1.4930696487426758], [0.5364223122596741, -0.8437364101409912, 0.018973935395479202, -1.277587890625], [0.0, 0.0, 0.0, 1.0]], [[0.9476891756057739, 0.31849536299705505, -0.021116837859153748, -1.14404296875], [-0.020752139389514923, -0.004538503009825945, -0.9997743368148804, 1.5620460510253906], [-0.31851932406425476, 0.9479134678840637, 0.0023083724081516266, -0.156005859375], [0.0, 0.0, 0.0, 1.0]], [[0.009044794365763664, 0.999884843826294, -0.012192066758871078, -0.028778076171875], [-0.01869526505470276, -0.012021346017718315, -0.999752938747406, 1.5680618286132812], [-0.9997843503952026, 0.00927054975181818, 0.01858438178896904, 0.0443115234375], [0.0, 0.0, 0.0, 1.0]], [[-0.9238132834434509, 0.38284316658973694, 0.00013474936713464558, 1.1607666015625], [-0.01453235000371933, -0.034715328365564346, -0.9992915391921997, 1.547811508178711], [-0.38256722688674927, -0.9231609106063843, 0.03763408958911896, -0.043701171875], [0.0, 0.0, 0.0, 1.0]]], "view": [[0.0, -2.0, 100.0], [-2.0, 0.0, 100.0], [0.0, 0.0, 1.0]], "bev": "bev_4777f381d14a40b79e014b5038712d58.png", "aux": "aux_4777f381d14a40b79e014b5038712d58.npz", "visibility": "visibility_4777f381d14a40b79e014b5038712d58.png", "pose": [[0.5085121393203735, -0.8610548377037048, 0.0, 1100.7396240234375], [0.8610548377037048, 0.5085121393203735, 0.0, 1508.92041015625], [0.0, 0.0, 1.0, 0.0], [0.0, 0.0, 0.0, 1.0]], "pose_inverse": [[0.5085121393203735, 0.8610548377037048, 0.0, -1859.002685546875], [-0.8610548377037048, 0.5085121393203735, 0.0, 180.49285888671875], [0.0, 0.0, 1.0, 0.0], [0.0, 0.0, 0.0, 1.0]], "cam_ids": [0, 1, 2, 3, 4, 5], "cam_channels": ["CAM_FRONT_LEFT", "CAM_FRONT", "CAM_FRONT_RIGHT", "CAM_BACK_LEFT", "CAM_BACK", "CAM_BACK_RIGHT"], "token": "4777f381d14a40b79e014b5038712d58", "scene": "scene-0517"}, {"images": ["samples/CAM_FRONT_LEFT/n008-2018-08-28-16-57-39-0400__CAM_FRONT_LEFT__1535489972404799.jpg", "samples/CAM_FRONT/n008-2018-08-28-16-57-39-0400__CAM_FRONT__1535489972412404.jpg", "samples/CAM_FRONT_RIGHT/n008-2018-08-28-16-57-39-0400__CAM_FRONT_RIGHT__1535489972420529.jpg", "samples/CAM_BACK_LEFT/n008-2018-08-28-16-57-39-0400__CAM_BACK_LEFT__1535489972447405.jpg", "samples/CAM_BACK/n008-2018-08-28-16-57-39-0400__CAM_BACK__1535489972437558.jpg", "samples/CAM_BACK_RIGHT/n008-2018-08-28-16-57-39-0400__CAM_BACK_RIGHT__1535489972428113.jpg"], "intrinsics": [[[1257.8625342125129, 0.0, 827.2410631095686], [0.0, 1257.8625342125129, 450.915498205774], [0.0, 0.0, 1.0]], [[1252.8131021185304, 0.0, 826.588114781398], [0.0, 1252.8131021185304, 469.9846626224581], [0.0, 0.0, 1.0]], [[1256.7485116440405, 0.0, 817.7887570959712], [0.0, 1256.7485116440403, 451.9541780095127], [0.0, 0.0, 1.0]], [[1254.9860565800168, 0.0, 829.5769333630991], [0.0, 1254.9860565800168, 467.1680561863987], [0.0, 0.0, 1.0]], [[796.8910634503094, 0.0, 857.7774326863696], [0.0, 796.8910634503094, 476.8848988407415], [0.0, 0.0, 1.0]], [[1249.9629280788233, 0.0, 825.3768045375984], [0.0, 1249.9629280788233, 462.54816385708756], [0.0, 0.0, 1.0]]], "extrinsics": [[[0.8226396441459656, -0.568556547164917, 0.002714084926992655, -0.990234375], [-0.002647830406203866, -0.008604569360613823, -0.9999594688415527, 1.4882476329803467], [0.5685568451881409, 0.8225991129875183, -0.00858390238136053, -1.3233642578125], [0.0, 0.0, 0.0, 1.0]], [[0.010439532808959484, -0.9998644590377808, 0.012722779996693134, 0.0056915283203125], [-0.0007275650859810412, -0.012731065042316914, -0.9999186992645264, 1.4801545143127441], [0.9999451637268066, 0.01042945310473442, -0.0008603711612522602, -1.7200927734375], [0.0, 0.0, 0.0, 1.0]], [[-0.8439318537712097, -0.5364235043525696, 0.005371809005737305, 1.0809326171875], [0.0072590019553899765, -0.021431829780340195, -0.9997439384460449, 1.493154525756836], [0.5364012122154236, -0.8436768054962158, 0.021980905905365944, -1.2713623046875], [0.0, 0.0, 0.0, 1.0]], [[0.9477232098579407, 0.3185167610645294, -0.019177095964550972, -1.1436767578125], [-0.018115270882844925, -0.006295762024819851, -0.9998160600662231, 1.5620384216308594], [-0.31857895851135254, 0.9478962421417236, -0.00019661996338982135, -0.15618896484375], [0.0, 0.0, 0.0, 1.0]], [[0.009025203995406628, 0.9998617172241211, -0.013966817408800125, -0.028778076171875], [-0.01600910909473896, -0.013821117579936981, -0.999776303768158, 1.5679912567138672], [-0.9998311400413513, 0.009246766567230225, 0.015882158651947975, 0.0396728515625], [0.0, 0.0, 0.0, 1.0]], [[-0.9238280653953552, 0.3827950656414032, -0.0030650258995592594, 1.1529541015625], [-0.011812945827841759, -0.03651013225317001, -0.9992634654045105, 1.547713279724121], [-0.38262510299682617, -0.9231114387512207, 0.03825102746486664, -0.04705810546875], [0.0, 0.0, 0.0, 1.0]]], "view": [[0.0, -2.0, 100.0], [-2.0, 0.0, 100.0], [0.0, 0.0, 1.0]], "bev": "bev_70b0427b85e64155bc3e7ab25337667a.png", "aux": "aux_70b0427b85e64155bc3e7ab25337667a.npz", "visibility": "visibility_70b0427b85e64155bc3e7ab25337667a.png", "pose": [[0.5087109208106995, -0.8609373569488525, 0.0, 1100.7874755859375], [0.8609373569488525, 0.5087109208106995, 0.0, 1509.0003662109375], [0.0, 0.0, 1.0, 0.0], [0.0, 0.0, 0.0, 1.0]], "pose_inverse": [[0.5087109208106995, 0.8609373569488525, 0.0, -1859.137451171875], [-0.8609373569488525, 0.5087109208106995, 0.0, 180.0640869140625], [0.0, 0.0, 1.0, 0.0], [0.0, 0.0, 0.0, 1.0]], "cam_ids": [0, 1, 2, 3, 4, 5], "cam_channels": ["CAM_FRONT_LEFT", "CAM_FRONT", "CAM_FRONT_RIGHT", "CAM_BACK_LEFT", "CAM_BACK", "CAM_BACK_RIGHT"], "token": "70b0427b85e64155bc3e7ab25337667a", "scene": "scene-0517"}, {"images": ["samples/CAM_FRONT_LEFT/n008-2018-08-28-16-57-39-0400__CAM_FRONT_LEFT__1535489972904799.jpg", "samples/CAM_FRONT/n008-2018-08-28-16-57-39-0400__CAM_FRONT__1535489972912404.jpg", "samples/CAM_FRONT_RIGHT/n008-2018-08-28-16-57-39-0400__CAM_FRONT_RIGHT__1535489972920482.jpg", "samples/CAM_BACK_LEFT/n008-2018-08-28-16-57-39-0400__CAM_BACK_LEFT__1535489972947405.jpg", "samples/CAM_BACK/n008-2018-08-28-16-57-39-0400__CAM_BACK__1535489972937558.jpg", "samples/CAM_BACK_RIGHT/n008-2018-08-28-16-57-39-0400__CAM_BACK_RIGHT__1535489972928113.jpg"], "intrinsics": [[[1257.8625342125129, 0.0, 827.2410631095686], [0.0, 1257.8625342125129, 450.915498205774], [0.0, 0.0, 1.0]], [[1252.8131021185304, 0.0, 826.588114781398], [0.0, 1252.8131021185304, 469.9846626224581], [0.0, 0.0, 1.0]], [[1256.7485116440405, 0.0, 817.7887570959712], [0.0, 1256.7485116440403, 451.9541780095127], [0.0, 0.0, 1.0]], [[1254.9860565800168, 0.0, 829.5769333630991], [0.0, 1254.9860565800168, 467.1680561863987], [0.0, 0.0, 1.0]], [[796.8910634503094, 0.0, 857.7774326863696], [0.0, 796.8910634503094, 476.8848988407415], [0.0, 0.0, 1.0]], [[1249.9629280788233, 0.0, 825.3768045375984], [0.0, 1249.9629280788233, 462.54816385708756], [0.0, 0.0, 1.0]]], "extrinsics": [[[0.8213101029396057, -0.5704813003540039, 0.00089695630595088, -0.9625244140625], [-0.0024431326892226934, -0.005089582875370979, -0.999984085559845, 1.488171100616455], [0.570476770401001, 0.8212948441505432, -0.005573888774961233, -1.3040771484375], [0.0, 0.0, 0.0, 1.0]], [[0.008476510643959045, -0.999922513961792, 0.0091127073392272, 0.0057525634765625], [-0.0005133193335495889, -0.009117384441196918, -0.999958336353302, 1.4801443815231323], [0.9999639987945557, 0.008471502922475338, -0.0005905642174184322, -1.69189453125], [0.0, 0.0, 0.0, 1.0]], [[-0.844769299030304, -0.5351213216781616, 0.003164685796946287, 1.0626220703125], [0.007480166852474213, -0.017721427604556084, -0.9998149871826172, 1.493326187133789], [0.5350784659385681, -0.844589352607727, 0.01897331327199936, -1.259765625], [0.0, 0.0, 0.0, 1.0]], [[0.9477539658546448, 0.3185098171234131, -0.017722077667713165, -1.1434326171875], [-0.017947519198060036, -0.0022270893678069115, -0.9998364448547363, 1.5620307922363281], [-0.3184971809387207, 0.9479169249534607, 0.0036057275719940662, -0.15618896484375], [0.0, 0.0, 0.0, 1.0]], [[0.009668037295341492, 0.99990314245224, -0.010007262229919434, -0.0288238525390625], [-0.015792155638337135, -0.009853804484009743, -0.9998267292976379, 1.5678653717041016], [-0.9998286366462708, 0.009824410080909729, 0.0156953614205122, 0.03173828125], [0.0, 0.0, 0.0, 1.0]], [[-0.9233788847923279, 0.3838852643966675, -0.0018399907276034355, 1.138671875], [-0.011592451483011246, -0.032674118876457214, -0.9993988275527954, 1.5475406646728516], [-0.3837145268917084, -0.9228025078773499, 0.03462076559662819, -0.052734375], [0.0, 0.0, 0.0, 1.0]]], "view": [[0.0, -2.0, 100.0], [-2.0, 0.0, 100.0], [0.0, 0.0, 1.0]], "bev": "bev_7c9366f401034af19d6eb342ea023685.png", "aux": "aux_7c9366f401034af19d6eb342ea023685.npz", "visibility": "visibility_7c9366f401034af19d6eb342ea023685.png", "pose": [[0.5020120143890381, -0.8648606538772583, 0.0, 1100.98876953125], [0.8648606538772583, 0.5020120143890381, 0.0, 1509.341796875], [0.0, 0.0, 1.0, 0.0], [0.0, 0.0, 0.0, 1.0]], "pose_inverse": [[0.5020120143890381, 0.8648606538772583, 0.0, -1858.0799560546875], [-0.8648606538772583, 0.5020120143890381, 0.0, 194.4941864013672], [0.0, 0.0, 1.0, 0.0], [0.0, 0.0, 0.0, 1.0]], "cam_ids": [0, 1, 2, 3, 4, 5], "cam_channels": ["CAM_FRONT_LEFT", "CAM_FRONT", "CAM_FRONT_RIGHT", "CAM_BACK_LEFT", "CAM_BACK", "CAM_BACK_RIGHT"], "token": "7c9366f401034af19d6eb342ea023685", "scene": "scene-0517"}, {"images": ["samples/CAM_FRONT_LEFT/n008-2018-08-28-16-57-39-0400__CAM_FRONT_LEFT__1535489973404799.jpg", "samples/CAM_FRONT/n008-2018-08-28-16-57-39-0400__CAM_FRONT__1535489973412404.jpg", "samples/CAM_FRONT_RIGHT/n008-2018-08-28-16-57-39-0400__CAM_FRONT_RIGHT__1535489973420482.jpg", "samples/CAM_BACK_LEFT/n008-2018-08-28-16-57-39-0400__CAM_BACK_LEFT__1535489973447405.jpg", "samples/CAM_BACK/n008-2018-08-28-16-57-39-0400__CAM_BACK__1535489973437558.jpg", "samples/CAM_BACK_RIGHT/n008-2018-08-28-16-57-39-0400__CAM_BACK_RIGHT__1535489973428113.jpg"], "intrinsics": [[[1257.8625342125129, 0.0, 827.2410631095686], [0.0, 1257.8625342125129, 450.915498205774], [0.0, 0.0, 1.0]], [[1252.8131021185304, 0.0, 826.588114781398], [0.0, 1252.8131021185304, 469.9846626224581], [0.0, 0.0, 1.0]], [[1256.7485116440405, 0.0, 817.7887570959712], [0.0, 1256.7485116440403, 451.9541780095127], [0.0, 0.0, 1.0]], [[1254.9860565800168, 0.0, 829.5769333630991], [0.0, 1254.9860565800168, 467.1680561863987], [0.0, 0.0, 1.0]], [[796.8910634503094, 0.0, 857.7774326863696], [0.0, 796.8910634503094, 476.8848988407415], [0.0, 0.0, 1.0]], [[1249.9629280788233, 0.0, 825.3768045375984], [0.0, 1249.9629280788233, 462.54816385708756], [0.0, 0.0, 1.0]]], "extrinsics": [[[0.8197579383850098, -0.5727071166038513, -0.0018678782507777214, -0.939453125], [-0.0035503115504980087, -0.001820356585085392, -0.9999920129776001, 1.4880118370056152], [0.5726991891860962, 0.8197580575942993, -0.0035255427937954664, -1.28753662109375], [0.0, 0.0, 0.0, 1.0]], [[0.006256479304283857, -0.9999616742134094, 0.00612040888518095, 0.006011962890625], [-0.0015292068710550666, -0.0061300890520215034, -0.9999800324440002, 1.4800679683685303], [0.9999791979789734, 0.006246989127248526, -0.0015675011090934277, -1.6689453125], [0.0, 0.0, 0.0, 1.0]], [[-0.8456830382347107, -0.533679723739624, 0.002481286646798253, 1.047607421875], [0.006558682769536972, -0.015041829086840153, -0.9998653531074524, 1.4934101104736328], [0.5336452126502991, -0.845552921295166, 0.016220856457948685, -1.2501220703125], [0.0, 0.0, 0.0, 1.0]], [[0.9477552771568298, 0.3184978663921356, -0.017862169072031975, -1.1435546875], [-0.018689529970288277, -0.00045823000255040824, -0.9998251795768738, 1.5620346069335938], [-0.3184504210948944, 0.9479234218597412, 0.005518284626305103, -0.1563720703125], [0.0, 0.0, 0.0, 1.0]], [[0.010305024683475494, 0.9999153017997742, -0.007943559437990189, -0.029052734375], [-0.016630670055747032, -0.0077714985236525536, -0.99983149766922, 1.5677528381347656], [-0.9998086094856262, 0.010435421019792557, 0.01654917746782303, 0.025390625], [0.0, 0.0, 0.0, 1.0]], [[-0.9229070544242859, 0.38502293825149536, -0.00010985664994223043, 1.1265869140625], [-0.012494578026235104, -0.03023490495979786, -0.9994646906852722, 1.5473575592041016], [-0.3848201036453247, -0.9224116206169128, 0.03271470218896866, -0.0576171875], [0.0, 0.0, 0.0, 1.0]]], "view": [[0.0, -2.0, 100.0], [-2.0, 0.0, 100.0], [0.0, 0.0, 1.0]], "bev": "bev_24cad9fbe53940a2991fe3f8f060f6c2.png", "aux": "aux_24cad9fbe53940a2991fe3f8f060f6c2.npz", "visibility": "visibility_24cad9fbe53940a2991fe3f8f060f6c2.png", "pose": [[0.459386944770813, -0.8882362246513367, 0.0, 1101.349365234375], [0.8882362246513367, 0.459386944770813, 0.0, 1510.001953125], [0.0, 0.0, 1.0, 0.0], [0.0, 0.0, 0.0, 1.0]], "pose_inverse": [[0.459386944770813, 0.8882362246513367, 0.0, -1847.1839599609375], [-0.8882362246513367, 0.459386944770813, 0.0, 284.5832214355469], [0.0, 0.0, 1.0, 0.0], [0.0, 0.0, 0.0, 1.0]], "cam_ids": [0, 1, 2, 3, 4, 5], "cam_channels": ["CAM_FRONT_LEFT", "CAM_FRONT", "CAM_FRONT_RIGHT", "CAM_BACK_LEFT", "CAM_BACK", "CAM_BACK_RIGHT"], "token": "24cad9fbe53940a2991fe3f8f060f6c2", "scene": "scene-0517"}, {"images": ["samples/CAM_FRONT_LEFT/n008-2018-08-28-16-57-39-0400__CAM_FRONT_LEFT__1535489973904799.jpg", "samples/CAM_FRONT/n008-2018-08-28-16-57-39-0400__CAM_FRONT__1535489973912404.jpg", "samples/CAM_FRONT_RIGHT/n008-2018-08-28-16-57-39-0400__CAM_FRONT_RIGHT__1535489973920483.jpg", "samples/CAM_BACK_LEFT/n008-2018-08-28-16-57-39-0400__CAM_BACK_LEFT__1535489973947405.jpg", "samples/CAM_BACK/n008-2018-08-28-16-57-39-0400__CAM_BACK__1535489973937558.jpg", "samples/CAM_BACK_RIGHT/n008-2018-08-28-16-57-39-0400__CAM_BACK_RIGHT__1535489973928113.jpg"], "intrinsics": [[[1257.8625342125129, 0.0, 827.2410631095686], [0.0, 1257.8625342125129, 450.915498205774], [0.0, 0.0, 1.0]], [[1252.8131021185304, 0.0, 826.588114781398], [0.0, 1252.8131021185304, 469.9846626224581], [0.0, 0.0, 1.0]], [[1256.7485116440405, 0.0, 817.7887570959712], [0.0, 1256.7485116440403, 451.9541780095127], [0.0, 0.0, 1.0]], [[1254.9860565800168, 0.0, 829.5769333630991], [0.0, 1254.9860565800168, 467.1680561863987], [0.0, 0.0, 1.0]], [[796.8910634503094, 0.0, 857.7774326863696], [0.0, 796.8910634503094, 476.8848988407415], [0.0, 0.0, 1.0]], [[1249.9629280788233, 0.0, 825.3768045375984], [0.0, 1249.9629280788233, 462.54816385708756], [0.0, 0.0, 1.0]]], "extrinsics": [[[0.8197941780090332, -0.5726571679115295, 0.0011677289148792624, -0.916259765625], [-0.0032355363946408033, -0.006670955568552017, -0.9999724626541138, 1.4879491329193115], [0.5726491808891296, 0.8197678923606873, -0.007321665994822979, -1.27191162109375], [0.0, 0.0, 0.0, 1.0]], [[0.006309334188699722, -0.9999211430549622, 0.010862165130674839, 0.006561279296875], [-0.001271996065042913, -0.010870397090911865, -0.9999400973320007, 1.4800537824630737], [0.9999793171882629, 0.006295145954936743, -0.001340479007922113, -1.644287109375], [0.0, 0.0, 0.0, 1.0]], [[-0.8456639647483826, -0.5336942672729492, 0.0047838143073022366, 1.0302734375], [0.0067544663324952126, -0.019664419814944267, -0.9997838139533997, 1.4935626983642578], [0.5336729288101196, -0.8454488515853882, 0.02023431472480297, -1.2392578125], [0.0, 0.0, 0.0, 1.0]], [[0.947733461856842, 0.31849339604377747, -0.0190611332654953, -1.1435546875], [-0.01856735162436962, -0.004586424678564072, -0.9998170733451843, 1.5620346069335938], [-0.318522572517395, 0.9479139447212219, 0.0015668704872950912, -0.15606689453125], [0.0, 0.0, 0.0, 1.0]], [[0.010252587497234344, 0.9998723268508911, -0.012258775532245636, -0.029052734375], [-0.016433661803603172, -0.012089278548955917, -0.9997918605804443, 1.5676212310791016], [-0.9998123645782471, 0.01045195385813713, 0.016307616606354713, 0.0172119140625], [0.0, 0.0, 0.0, 1.0]], [[-0.9229173064231873, 0.3849928081035614, -0.0020289490930736065, 1.1114501953125], [-0.012295622378587723, -0.03474198281764984, -0.9993206858634949, 1.5471696853637695], [-0.3848016858100891, -0.9222654104232788, 0.03679770603775978, -0.06378173828125], [0.0, 0.0, 0.0, 1.0]]], "view": [[0.0, -2.0, 100.0], [-2.0, 0.0, 100.0], [0.0, 0.0, 1.0]], "bev": "bev_5551c9f0cbc3463e837b6240630d5b7c.png", "aux": "aux_5551c9f0cbc3463e837b6240630d5b7c.npz", "visibility": "visibility_5551c9f0cbc3463e837b6240630d5b7c.png", "pose": [[0.40424996614456177, -0.9146485328674316, 0.0, 1101.804443359375], [0.9146485328674316, 0.40424996614456177, 0.0, 1510.96240234375], [0.0, 0.0, 1.0, 0.0], [0.0, 0.0, 0.0, 1.0]], "pose_inverse": [[0.40424996614456177, 0.9146485328674316, 0.0, -1827.4039306640625], [-0.9146485328674316, 0.40424996614456177, 0.0, 396.9573669433594], [0.0, 0.0, 1.0, 0.0], [0.0, 0.0, 0.0, 1.0]], "cam_ids": [0, 1, 2, 3, 4, 5], "cam_channels": ["CAM_FRONT_LEFT", "CAM_FRONT", "CAM_FRONT_RIGHT", "CAM_BACK_LEFT", "CAM_BACK", "CAM_BACK_RIGHT"], "token": "5551c9f0cbc3463e837b6240630d5b7c", "scene": "scene-0517"}, {"images": ["samples/CAM_FRONT_LEFT/n008-2018-08-28-16-57-39-0400__CAM_FRONT_LEFT__1535489974354799.jpg", "samples/CAM_FRONT/n008-2018-08-28-16-57-39-0400__CAM_FRONT__1535489974362404.jpg", "samples/CAM_FRONT_RIGHT/n008-2018-08-28-16-57-39-0400__CAM_FRONT_RIGHT__1535489974370482.jpg", "samples/CAM_BACK_LEFT/n008-2018-08-28-16-57-39-0400__CAM_BACK_LEFT__1535489974397405.jpg", "samples/CAM_BACK/n008-2018-08-28-16-57-39-0400__CAM_BACK__1535489974387558.jpg", "samples/CAM_BACK_RIGHT/n008-2018-08-28-16-57-39-0400__CAM_BACK_RIGHT__1535489974378113.jpg"], "intrinsics": [[[1257.8625342125129, 0.0, 827.2410631095686], [0.0, 1257.8625342125129, 450.915498205774], [0.0, 0.0, 1.0]], [[1252.8131021185304, 0.0, 826.588114781398], [0.0, 1252.8131021185304, 469.9846626224581], [0.0, 0.0, 1.0]], [[1256.7485116440405, 0.0, 817.7887570959712], [0.0, 1256.7485116440403, 451.9541780095127], [0.0, 0.0, 1.0]], [[1254.9860565800168, 0.0, 829.5769333630991], [0.0, 1254.9860565800168, 467.1680561863987], [0.0, 0.0, 1.0]], [[796.8910634503094, 0.0, 857.7774326863696], [0.0, 796.8910634503094, 476.8848988407415], [0.0, 0.0, 1.0]], [[1249.9629280788233, 0.0, 825.3768045375984], [0.0, 1249.9629280788233, 462.54816385708756], [0.0, 0.0, 1.0]]], "extrinsics": [[[0.8226192593574524, -0.568545937538147, 0.007288774475455284, -0.888916015625], [0.00227515771985054, -0.009527526795864105, -0.999951958656311, 1.4886188507080078], [0.5685880184173584, 0.8225964307785034, -0.0065439981408417225, -1.25360107421875], [0.0, 0.0, 0.0, 1.0]], [[0.010389912873506546, -0.999850332736969, 0.013828661292791367, 0.0068359375], [0.0045234281569719315, -0.01378227211534977, -0.9998947978019714, 1.4806928634643555], [0.9999357461929321, 0.010451375506818295, 0.0043795546516776085, -1.619140625], [0.0, 0.0, 0.0, 1.0]], [[-0.8439340591430664, -0.5364450216293335, 0.0014147470938041806, 1.015380859375], [0.012714364565908909, -0.022638581693172455, -0.9996628165245056, 1.4942092895507812], [0.5362961292266846, -0.8436315655708313, 0.025926029309630394, -1.229736328125], [0.0, 0.0, 0.0, 1.0]], [[0.9478173851966858, 0.31848517060279846, -0.01447034440934658, -1.1417236328125], [-0.012507470324635506, -0.008207377046346664, -0.9998881220817566, 1.56201171875], [-0.3185683488845825, 0.9478923082351685, -0.0037956503219902515, -0.15692138671875], [0.0, 0.0, 0.0, 1.0]], [[0.009064548648893833, 0.9998381733894348, -0.015533315017819405, -0.028594970703125], [-0.010438627563416958, -0.015438491478562355, -0.9998262524604797, 1.5677070617675781], [-0.999904453754425, 0.009225099347531796, 0.010296998545527458, 0.01025390625], [0.0, 0.0, 0.0, 1.0]], [[-0.9238107204437256, 0.3827517032623291, -0.008647079579532146, 1.100830078125], [-0.00634045572951436, -0.037878554314374924, -0.9992622137069702, 1.5474090576171875], [-0.38279688358306885, -0.9230744242668152, 0.03741943836212158, -0.068389892578125], [0.0, 0.0, 0.0, 1.0]]], "view": [[0.0, -2.0, 100.0], [-2.0, 0.0, 100.0], [0.0, 0.0, 1.0]], "bev": "bev_139e0a6fd6814c9898687e43f01cfbf0.png", "aux": "aux_139e0a6fd6814c9898687e43f01cfbf0.npz", "visibility": "visibility_139e0a6fd6814c9898687e43f01cfbf0.png", "pose": [[0.3834759294986725, -0.9235508441925049, 0.0, 1102.329833984375], [0.9235508441925049, 0.3834759294986725, 0.0, 1512.2041015625], [0.0, 0.0, 1.0, 0.0], [0.0, 0.0, 0.0, 1.0]], "pose_inverse": [[0.3834759294986725, 0.9235508441925049, 0.0, -1819.3143310546875], [-0.9235508441925049, 0.3834759294986725, 0.0, 438.163818359375], [0.0, 0.0, 1.0, 0.0], [0.0, 0.0, 0.0, 1.0]], "cam_ids": [0, 1, 2, 3, 4, 5], "cam_channels": ["CAM_FRONT_LEFT", "CAM_FRONT", "CAM_FRONT_RIGHT", "CAM_BACK_LEFT", "CAM_BACK", "CAM_BACK_RIGHT"], "token": "139e0a6fd6814c9898687e43f01cfbf0", "scene": "scene-0517"}, {"images": ["samples/CAM_FRONT_LEFT/n008-2018-08-28-16-57-39-0400__CAM_FRONT_LEFT__1535489974854799.jpg", "samples/CAM_FRONT/n008-2018-08-28-16-57-39-0400__CAM_FRONT__1535489974862404.jpg", "samples/CAM_FRONT_RIGHT/n008-2018-08-28-16-57-39-0400__CAM_FRONT_RIGHT__1535489974870482.jpg", "samples/CAM_BACK_LEFT/n008-2018-08-28-16-57-39-0400__CAM_BACK_LEFT__1535489974897405.jpg", "samples/CAM_BACK/n008-2018-08-28-16-57-39-0400__CAM_BACK__1535489974887558.jpg", "samples/CAM_BACK_RIGHT/n008-2018-08-28-16-57-39-0400__CAM_BACK_RIGHT__1535489974878113.jpg"], "intrinsics": [[[1257.8625342125129, 0.0, 827.2410631095686], [0.0, 1257.8625342125129, 450.915498205774], [0.0, 0.0, 1.0]], [[1252.8131021185304, 0.0, 826.588114781398], [0.0, 1252.8131021185304, 469.9846626224581], [0.0, 0.0, 1.0]], [[1256.7485116440405, 0.0, 817.7887570959712], [0.0, 1256.7485116440403, 451.9541780095127], [0.0, 0.0, 1.0]], [[1254.9860565800168, 0.0, 829.5769333630991], [0.0, 1254.9860565800168, 467.1680561863987], [0.0, 0.0, 1.0]], [[796.8910634503094, 0.0, 857.7774326863696], [0.0, 796.8910634503094, 476.8848988407415], [0.0, 0.0, 1.0]], [[1249.9629280788233, 0.0, 825.3768045375984], [0.0, 1249.9629280788233, 462.54816385708756], [0.0, 0.0, 1.0]]], "extrinsics": [[[0.8238496780395508, -0.5666996836662292, 0.011103066615760326, -0.86669921875], [0.0034790909849107265, -0.014532527886331081, -0.9998883008956909, 1.488886833190918], [0.5667977333068848, 0.823796272277832, -0.010001018643379211, -1.2391357421875], [0.0, 0.0, 0.0, 1.0]], [[0.012129546143114567, -0.9997501969337463, 0.018773114308714867, 0.0076904296875], [0.005358227528631687, -0.01870923861861229, -0.9998106360435486, 1.4809188842773438], [0.9999120235443115, 0.01222781278192997, 0.005129955243319273, -1.59619140625], [0.0, 0.0, 0.0, 1.0]], [[-0.8432243466377258, -0.5375502705574036, 0.003532047150656581, 1.0003662109375], [0.013340181671082973, -0.02749355137348175, -0.99953293800354, 1.4945259094238281], [0.5373963117599487, -0.8427834510803223, 0.030354246497154236, -1.21923828125], [0.0, 0.0, 0.0, 1.0]], [[0.9477545619010925, 0.3186196982860565, -0.015579641796648502, -1.1416015625], [-0.01210847869515419, -0.012872222810983658, -0.9998438358306885, 1.5620136260986328], [-0.31877052783966064, 0.9477952718734741, -0.008341709151864052, -0.15692138671875], [0.0, 0.0, 0.0, 1.0]], [[0.008509046398103237, 0.9997579455375671, -0.020289137959480286, -0.02874755859375], [-0.010033498518168926, -0.020203491672873497, -0.9997455477714539, 1.5676555633544922], [-0.9999135136604309, 0.00871044211089611, 0.009859156794846058, 0.0032958984375], [0.0, 0.0, 0.0, 1.0]], [[-0.9241779446601868, 0.3818010687828064, -0.011090761981904507, 1.0887451171875], [-0.005664600525051355, -0.04273311048746109, -0.9990704655647278, 1.5473923683166504], [-0.38192012906074524, -0.9232560396194458, 0.041655752807855606, -0.072845458984375], [0.0, 0.0, 0.0, 1.0]]], "view": [[0.0, -2.0, 100.0], [-2.0, 0.0, 100.0], [0.0, 0.0, 1.0]], "bev": "bev_6f25342299ae43aca9b35be3bfe7f4b6.png", "aux": "aux_6f25342299ae43aca9b35be3bfe7f4b6.npz", "visibility": "visibility_6f25342299ae43aca9b35be3bfe7f4b6.png", "pose": [[0.40210458636283875, -0.9155937433242798, 0.0, 1103.0263671875], [0.9155937433242798, 0.40210458636283875, 0.0, 1513.815673828125], [0.0, 0.0, 1.0, 0.0], [0.0, 0.0, 0.0, 1.0]], "pose_inverse": [[0.40210458636283875, 0.9155937433242798, 0.0, -1829.5721435546875], [-0.9155937433242798, 0.40210458636283875, 0.0, 401.2117919921875], [0.0, 0.0, 1.0, 0.0], [0.0, 0.0, 0.0, 1.0]], "cam_ids": [0, 1, 2, 3, 4, 5], "cam_channels": ["CAM_FRONT_LEFT", "CAM_FRONT", "CAM_FRONT_RIGHT", "CAM_BACK_LEFT", "CAM_BACK", "CAM_BACK_RIGHT"], "token": "6f25342299ae43aca9b35be3bfe7f4b6", "scene": "scene-0517"}, {"images": ["samples/CAM_FRONT_LEFT/n008-2018-08-28-16-57-39-0400__CAM_FRONT_LEFT__1535489975354799.jpg", "samples/CAM_FRONT/n008-2018-08-28-16-57-39-0400__CAM_FRONT__1535489975362404.jpg", "samples/CAM_FRONT_RIGHT/n008-2018-08-28-16-57-39-0400__CAM_FRONT_RIGHT__1535489975370482.jpg", "samples/CAM_BACK_LEFT/n008-2018-08-28-16-57-39-0400__CAM_BACK_LEFT__1535489975397405.jpg", "samples/CAM_BACK/n008-2018-08-28-16-57-39-0400__CAM_BACK__1535489975387558.jpg", "samples/CAM_BACK_RIGHT/n008-2018-08-28-16-57-39-0400__CAM_BACK_RIGHT__1535489975378113.jpg"], "intrinsics": [[[1257.8625342125129, 0.0, 827.2410631095686], [0.0, 1257.8625342125129, 450.915498205774], [0.0, 0.0, 1.0]], [[1252.8131021185304, 0.0, 826.588114781398], [0.0, 1252.8131021185304, 469.9846626224581], [0.0, 0.0, 1.0]], [[1256.7485116440405, 0.0, 817.7887570959712], [0.0, 1256.7485116440403, 451.9541780095127], [0.0, 0.0, 1.0]], [[1254.9860565800168, 0.0, 829.5769333630991], [0.0, 1254.9860565800168, 467.1680561863987], [0.0, 0.0, 1.0]], [[796.8910634503094, 0.0, 857.7774326863696], [0.0, 796.8910634503094, 476.8848988407415], [0.0, 0.0, 1.0]], [[1249.9629280788233, 0.0, 825.3768045375984], [0.0, 1249.9629280788233, 462.54816385708756], [0.0, 0.0, 1.0]]], "extrinsics": [[[0.8238034248352051, -0.5667827129364014, 0.010262426920235157, -0.848876953125], [0.0007103370735421777, -0.017071356996893883, -0.9998540282249451, 1.4884443283081055], [0.5668751001358032, 0.8236904144287109, -0.013660838827490807, -1.226806640625], [0.0, 0.0, 0.0, 1.0]], [[0.012226459570229053, -0.9996944069862366, 0.021484499797225, 0.0081787109375], [0.0024542356841266155, -0.0214560404419899, -0.9997667670249939, 1.4805707931518555], [0.9999222159385681, 0.012276402674615383, 0.0021911528892815113, -1.5777587890625], [0.0, 0.0, 0.0, 1.0]], [[-0.8431438207626343, -0.5376324653625488, 0.007743175141513348, 0.9884033203125], [0.010204014368355274, -0.030397426337003708, -0.9994857907295227, 1.4943389892578125], [0.5375913977622986, -0.8426311612129211, 0.03111540898680687, -1.2115478515625], [0.0, 0.0, 0.0, 1.0]], [[0.9477033615112305, 0.3184797465801239, -0.020715704187750816, -1.1444091796875], [-0.01661374792456627, -0.015591016039252281, -0.9997404217720032, 1.562051773071289], [-0.3187200427055359, 0.9478013515472412, -0.009484514594078064, -0.15582275390625], [0.0, 0.0, 0.0, 1.0]], [[0.008400673046708107, 0.9996955394744873, -0.023199349641799927, -0.028900146484375], [-0.013961913995444775, -0.023080643266439438, -0.9996360540390015, 1.5674514770507812], [-0.9998672008514404, 0.008721518330276012, 0.013763770461082458, 0.0001220703125], [0.0, 0.0, 0.0, 1.0]], [[-0.9242439270019531, 0.3816978633403778, -0.008934763260185719, 1.080078125], [-0.009202584624290466, -0.0456656776368618, -0.998914361000061, 1.5470349788665771], [-0.3816915452480316, -0.9231582880020142, 0.04571883752942085, -0.07635498046875], [0.0, 0.0, 0.0, 1.0]]], "view": [[0.0, -2.0, 100.0], [-2.0, 0.0, 100.0], [0.0, 0.0, 1.0]], "bev": "bev_eb8238a9a14a42838bbc3861c080f2c3.png", "aux": "aux_eb8238a9a14a42838bbc3861c080f2c3.npz", "visibility": "visibility_eb8238a9a14a42838bbc3861c080f2c3.png", "pose": [[0.42099177837371826, -0.9070644378662109, 0.0, 1103.8697509765625], [0.9070644378662109, 0.42099177837371826, 0.0, 1515.66552734375], [0.0, 0.0, 1.0, 0.0], [0.0, 0.0, 0.0, 1.0]], "pose_inverse": [[0.42099177837371826, 0.9070644378662109, 0.0, -1839.5263671875], [-0.9070644378662109, 0.42099177837371826, 0.0, 363.1982727050781], [0.0, 0.0, 1.0, 0.0], [0.0, 0.0, 0.0, 1.0]], "cam_ids": [0, 1, 2, 3, 4, 5], "cam_channels": ["CAM_FRONT_LEFT", "CAM_FRONT", "CAM_FRONT_RIGHT", "CAM_BACK_LEFT", "CAM_BACK", "CAM_BACK_RIGHT"], "token": "eb8238a9a14a42838bbc3861c080f2c3", "scene": "scene-0517"}, {"images": ["samples/CAM_FRONT_LEFT/n008-2018-08-28-16-57-39-0400__CAM_FRONT_LEFT__1535489975854799.jpg", "samples/CAM_FRONT/n008-2018-08-28-16-57-39-0400__CAM_FRONT__1535489975862404.jpg", "samples/CAM_FRONT_RIGHT/n008-2018-08-28-16-57-39-0400__CAM_FRONT_RIGHT__1535489975870482.jpg", "samples/CAM_BACK_LEFT/n008-2018-08-28-16-57-39-0400__CAM_BACK_LEFT__1535489975897405.jpg", "samples/CAM_BACK/n008-2018-08-28-16-57-39-0400__CAM_BACK__1535489975887558.jpg", "samples/CAM_BACK_RIGHT/n008-2018-08-28-16-57-39-0400__CAM_BACK_RIGHT__1535489975878113.jpg"], "intrinsics": [[[1257.8625342125129, 0.0, 827.2410631095686], [0.0, 1257.8625342125129, 450.915498205774], [0.0, 0.0, 1.0]], [[1252.8131021185304, 0.0, 826.588114781398], [0.0, 1252.8131021185304, 469.9846626224581], [0.0, 0.0, 1.0]], [[1256.7485116440405, 0.0, 817.7887570959712], [0.0, 1256.7485116440403, 451.9541780095127], [0.0, 0.0, 1.0]], [[1254.9860565800168, 0.0, 829.5769333630991], [0.0, 1254.9860565800168, 467.1680561863987], [0.0, 0.0, 1.0]], [[796.8910634503094, 0.0, 857.7774326863696], [0.0, 796.8910634503094, 476.8848988407415], [0.0, 0.0, 1.0]], [[1249.9629280788233, 0.0, 825.3768045375984], [0.0, 1249.9629280788233, 462.54816385708756], [0.0, 0.0, 1.0]]], "extrinsics": [[[0.8237936496734619, -0.5668012499809265, 0.010025751776993275, -0.8253173828125], [-0.0045553590171039104, -0.02430369332432747, -0.9996942281723022, 1.4873275756835938], [0.5668715834617615, 0.8234961032867432, -0.02260321006178856, -1.21075439453125], [0.0, 0.0, 0.0, 1.0]], [[0.01220798958092928, -0.9995220899581909, 0.028396379202604294, 0.008331298828125], [-0.002659748075529933, -0.02843085676431656, -0.9995921850204468, 1.4797134399414062], [0.9999219179153442, 0.012127500958740711, -0.0030055621173232794, -1.5557861328125], [0.0, 0.0, 0.0, 1.0]], [[-0.8431525230407715, -0.5374525189399719, 0.015450352802872658, 0.97412109375], [0.005340294912457466, -0.037105001509189606, -0.9992970824241638, 1.49383544921875], [0.53764808177948, -0.8424773216247559, 0.03415532782673836, -1.2025146484375], [0.0, 0.0, 0.0, 1.0]], [[0.9475771188735962, 0.31847330927848816, -0.02593073435127735, -1.14208984375], [-0.02002524398267269, -0.021803731098771095, -0.9995616674423218, 1.5620059967041016], [-0.31889915466308594, 0.9476810097694397, -0.01428320910781622, -0.1566162109375], [0.0, 0.0, 0.0, 1.0]], [[0.008260549046099186, 0.9995285868644714, -0.029569406062364578, -0.028656005859375], [-0.017898183315992355, -0.02941788360476494, -0.9994068741798401, 1.567138671875], [-0.9998056888580322, 0.008784863166511059, 0.01764673925936222, -0.0076904296875], [0.0, 0.0, 0.0, 1.0]], [[-0.9242602586746216, 0.3816937804222107, -0.007268909830600023, 1.068359375], [-0.013689170591533184, -0.05216402933001518, -0.9985446929931641, 1.5464668273925781], [-0.3815174102783203, -0.9228156805038452, 0.0534382164478302, -0.081268310546875], [0.0, 0.0, 0.0, 1.0]]], "view": [[0.0, -2.0, 100.0], [-2.0, 0.0, 100.0], [0.0, 0.0, 1.0]], "bev": "bev_e2a1a396275d4b759037ef5699a3dbe6.png", "aux": "aux_e2a1a396275d4b759037ef5699a3dbe6.npz", "visibility": "visibility_e2a1a396275d4b759037ef5699a3dbe6.png", "pose": [[0.4386616349220276, -0.8986523151397705, 0.0, 1104.8558349609375], [0.8986523151397705, 0.4386616349220276, 0.0, 1517.704833984375], [0.0, 0.0, 1.0, 0.0], [0.0, 0.0, 0.0, 1.0]], "pose_inverse": [[0.4386616349220276, 0.8986523151397705, 0.0, -1848.5467529296875], [-0.8986523151397705, 0.4386616349220276, 0.0, 327.12237548828125], [0.0, 0.0, 1.0, 0.0], [0.0, 0.0, 0.0, 1.0]], "cam_ids": [0, 1, 2, 3, 4, 5], "cam_channels": ["CAM_FRONT_LEFT", "CAM_FRONT", "CAM_FRONT_RIGHT", "CAM_BACK_LEFT", "CAM_BACK", "CAM_BACK_RIGHT"], "token": "e2a1a396275d4b759037ef5699a3dbe6", "scene": "scene-0517"}, {"images": ["samples/CAM_FRONT_LEFT/n008-2018-08-28-16-57-39-0400__CAM_FRONT_LEFT__1535489976354799.jpg", "samples/CAM_FRONT/n008-2018-08-28-16-57-39-0400__CAM_FRONT__1535489976362404.jpg", "samples/CAM_FRONT_RIGHT/n008-2018-08-28-16-57-39-0400__CAM_FRONT_RIGHT__1535489976370482.jpg", "samples/CAM_BACK_LEFT/n008-2018-08-28-16-57-39-0400__CAM_BACK_LEFT__1535489976397405.jpg", "samples/CAM_BACK/n008-2018-08-28-16-57-39-0400__CAM_BACK__1535489976387607.jpg", "samples/CAM_BACK_RIGHT/n008-2018-08-28-16-57-39-0400__CAM_BACK_RIGHT__1535489976378113.jpg"], "intrinsics": [[[1257.8625342125129, 0.0, 827.2410631095686], [0.0, 1257.8625342125129, 450.915498205774], [0.0, 0.0, 1.0]], [[1252.8131021185304, 0.0, 826.588114781398], [0.0, 1252.8131021185304, 469.9846626224581], [0.0, 0.0, 1.0]], [[1256.7485116440405, 0.0, 817.7887570959712], [0.0, 1256.7485116440403, 451.9541780095127], [0.0, 0.0, 1.0]], [[1254.9860565800168, 0.0, 829.5769333630991], [0.0, 1254.9860565800168, 467.1680561863987], [0.0, 0.0, 1.0]], [[796.8910634503094, 0.0, 857.7774326863696], [0.0, 796.8910634503094, 476.8848988407415], [0.0, 0.0, 1.0]], [[1249.9629280788233, 0.0, 825.3768045375984], [0.0, 1249.9629280788233, 462.54816385708756], [0.0, 0.0, 1.0]]], "extrinsics": [[[0.8237996101379395, -0.5667935013771057, 0.009965215809643269, -0.8426513671875], [0.0005442825495265424, -0.016788175329566002, -0.9998589158058167, 1.4884023666381836], [0.5668808221817017, 0.8236888647079468, -0.013521597720682621, -1.2218017578125], [0.0, 0.0, 0.0, 1.0]], [[0.012137067504227161, -0.9997074604034424, 0.02092090994119644, 0.007232666015625], [0.002610831055790186, -0.020890697836875916, -0.9997783899307251, 1.4805850982666016], [0.9999229311943054, 0.012188986875116825, 0.002356515498831868, -1.5731201171875], [0.0, 0.0, 0.0, 1.0]], [[-0.8432051539421082, -0.5375485420227051, 0.006824929267168045, 0.98583984375], [0.010753165930509567, -0.02955765835940838, -0.9995052218437195, 1.494405746459961], [0.537484347820282, -0.8427146077156067, 0.03070352040231228, -1.2109375], [0.0, 0.0, 0.0, 1.0]], [[0.9477382302284241, 0.3185032606124878, -0.01865016482770443, -1.1453857421875], [-0.014859959483146667, -0.014325877651572227, -0.999786913394928, 1.5620670318603516], [-0.3187026083469391, 0.9478134512901306, -0.008844236843287945, -0.155517578125], [0.0, 0.0, 0.0, 1.0]], [[0.008478930220007896, 0.9997217059135437, -0.022015197202563286, -0.02850341796875], [-0.012661523185670376, -0.021906889975070953, -0.9996798038482666, 1.5674991607666016], [-0.9998839497566223, 0.008754948154091835, 0.012472251430153847, -0.0001220703125], [0.0, 0.0, 0.0, 1.0]], [[-0.9242041707038879, 0.3817814588546753, -0.009462790563702583, 1.078857421875], [-0.008212429471313953, -0.044640716165304184, -0.998969316482544, 1.5470848083496094], [-0.38181039690971375, -0.9231739044189453, 0.04439248889684677, -0.077484130859375], [0.0, 0.0, 0.0, 1.0]]], "view": [[0.0, -2.0, 100.0], [-2.0, 0.0, 100.0], [0.0, 0.0, 1.0]], "bev": "bev_0030235bd9fb48e792934744fa9f2eff.png", "aux": "aux_0030235bd9fb48e792934744fa9f2eff.npz", "visibility": "visibility_0030235bd9fb48e792934744fa9f2eff.png", "pose": [[0.45737239718437195, -0.8892752528190613, 0.0, 1105.9010009765625], [0.8892752528190613, 0.45737239718437195, 0.0, 1519.764404296875], [0.0, 0.0, 1.0, 0.0], [0.0, 0.0, 0.0, 1.0]], "pose_inverse": [[0.45737239718437195, 0.8892752528190613, 0.0, -1857.2974853515625], [-0.8892752528190613, 0.45737239718437195, 0.0, 288.3520812988281], [0.0, 0.0, 1.0, 0.0], [0.0, 0.0, 0.0, 1.0]], "cam_ids": [0, 1, 2, 3, 4, 5], "cam_channels": ["CAM_FRONT_LEFT", "CAM_FRONT", "CAM_FRONT_RIGHT", "CAM_BACK_LEFT", "CAM_BACK", "CAM_BACK_RIGHT"], "token": "0030235bd9fb48e792934744fa9f2eff", "scene": "scene-0517"}, {"images": ["samples/CAM_FRONT_LEFT/n008-2018-08-28-16-57-39-0400__CAM_FRONT_LEFT__1535489976904799.jpg", "samples/CAM_FRONT/n008-2018-08-28-16-57-39-0400__CAM_FRONT__1535489976912404.jpg", "samples/CAM_FRONT_RIGHT/n008-2018-08-28-16-57-39-0400__CAM_FRONT_RIGHT__1535489976920482.jpg", "samples/CAM_BACK_LEFT/n008-2018-08-28-16-57-39-0400__CAM_BACK_LEFT__1535489976947405.jpg", "samples/CAM_BACK/n008-2018-08-28-16-57-39-0400__CAM_BACK__1535489976937558.jpg", "samples/CAM_BACK_RIGHT/n008-2018-08-28-16-57-39-0400__CAM_BACK_RIGHT__1535489976928113.jpg"], "intrinsics": [[[1257.8625342125129, 0.0, 827.2410631095686], [0.0, 1257.8625342125129, 450.915498205774], [0.0, 0.0, 1.0]], [[1252.8131021185304, 0.0, 826.588114781398], [0.0, 1252.8131021185304, 469.9846626224581], [0.0, 0.0, 1.0]], [[1256.7485116440405, 0.0, 817.7887570959712], [0.0, 1256.7485116440403, 451.9541780095127], [0.0, 0.0, 1.0]], [[1254.9860565800168, 0.0, 829.5769333630991], [0.0, 1254.9860565800168, 467.1680561863987], [0.0, 0.0, 1.0]], [[796.8910634503094, 0.0, 857.7774326863696], [0.0, 796.8910634503094, 476.8848988407415], [0.0, 0.0, 1.0]], [[1249.9629280788233, 0.0, 825.3768045375984], [0.0, 1249.9629280788233, 462.54816385708756], [0.0, 0.0, 1.0]]], "extrinsics": [[[0.8231973648071289, -0.5676098465919495, -0.012857765890657902, -0.8319091796875], [-0.01499286200851202, 0.000905962660908699, -0.9998871684074402, 1.4851512908935547], [0.5675574541091919, 0.8232972621917725, -0.007764311507344246, -1.21533203125], [0.0, 0.0, 0.0, 1.0]], [[0.01136683113873005, -0.9999312162399292, 0.0028850564267486334, 0.0084228515625], [-0.013013896532356739, -0.0030329348519444466, -0.9999107718467712, 1.4779376983642578], [0.9998506903648376, 0.011328302323818207, -0.013047474436461926, -1.563232421875], [0.0, 0.0, 0.0, 1.0]], [[-0.8435383439064026, -0.5369687080383301, 0.010380735620856285, 0.9805908203125], [-0.004963730927556753, -0.011532922275364399, -0.9999211430549622, 1.4924345016479492], [0.5370460748672485, -0.8435234427452087, 0.007063094060868025, -1.20654296875], [0.0, 0.0, 0.0, 1.0]], [[0.9476253390312195, 0.31820330023765564, -0.027440205216407776, -1.148193359375], [-0.030199594795703888, 0.003741007996723056, -0.9995368719100952, 1.5621795654296875], [-0.31795328855514526, 0.9480151534080505, 0.013154683634638786, -0.154541015625], [0.0, 0.0, 0.0, 1.0]], [[0.00906077865511179, 0.9999510645866394, -0.003974647726863623, -0.0286712646484375], [-0.028148183599114418, -0.0037181