[{"images": ["samples/CAM_FRONT_LEFT/n008-2018-07-27-12-07-38-0400__CAM_FRONT_LEFT__1532708166004799.jpg", "samples/CAM_FRONT/n008-2018-07-27-12-07-38-0400__CAM_FRONT__1532708166012404.jpg", "samples/CAM_FRONT_RIGHT/n008-2018-07-27-12-07-38-0400__CAM_FRONT_RIGHT__1532708166020482.jpg", "samples/CAM_BACK_LEFT/n008-2018-07-27-12-07-38-0400__CAM_BACK_LEFT__1532708166047405.jpg", "samples/CAM_BACK/n008-2018-07-27-12-07-38-0400__CAM_BACK__1532708166037558.jpg", "samples/CAM_BACK_RIGHT/n008-2018-07-27-12-07-38-0400__CAM_BACK_RIGHT__1532708166028113.jpg"], "intrinsics": [[[1257.8625342125129, 0.0, 827.2410631095686], [0.0, 1257.8625342125129, 450.915498205774], [0.0, 0.0, 1.0]], [[1252.8131021185304, 0.0, 826.588114781398], [0.0, 1252.8131021185304, 469.9846626224581], [0.0, 0.0, 1.0]], [[1256.7485116440405, 0.0, 817.7887570959712], [0.0, 1256.7485116440403, 451.9541780095127], [0.0, 0.0, 1.0]], [[1254.9860565800168, 0.0, 829.5769333630991], [0.0, 1254.9860565800168, 467.1680561863987], [0.0, 0.0, 1.0]], [[796.8910634503094, 0.0, 857.7774326863696], [0.0, 796.8910634503094, 476.8848988407415], [0.0, 0.0, 1.0]], [[1249.9629280788233, 0.0, 825.3768045375984], [0.0, 1249.9629280788233, 462.54816385708756], [0.0, 0.0, 1.0]]], "extrinsics": [[[0.8222433924674988, -0.5690954327583313, -0.006809405982494354, -0.68707275390625], [0.019870057702064514, 0.04066182300448418, -0.998975396156311, 1.495758056640625], [0.5687891244888306, 0.8212655782699585, 0.04474186897277832, -1.1182861328125], [0.0, 0.0, 0.0, 1.0]], [[0.010013311170041561, -0.999282956123352, -0.036516010761260986, 0.01171875], [0.02159241959452629, 0.03672540560364723, -0.9990921020507812, 1.486907958984375], [0.9997166991233826, 0.00921575166285038, 0.021944677457213402, -1.4170989990234375], [0.0, 0.0, 0.0, 1.0]], [[-0.8438761830329895, -0.5350514650344849, -0.03991233557462692, 0.8829345703125], [0.02936539053916931, 0.028218721970915794, -0.9991703629493713, 1.5002784729003906], [0.5357338190078735, -0.8443480730056763, -0.008101112209260464, -1.1427001953125], [0.0, 0.0, 0.0, 1.0]], [[0.9479024410247803, 0.31809332966804504, 0.017255375161767006, -1.1300048828125], [0.0034664105623960495, 0.043863989412784576, -0.9990315437316895, 1.5621185302734375], [-0.3185421824455261, 0.9470440745353699, 0.04047613590955734, -0.16015625], [0.0, 0.0, 0.0, 1.0]], [[0.00926373153924942, 0.9993007779121399, 0.036223914474248886, -0.028564453125], [0.005675068125128746, 0.036172349005937576, -0.9993293881416321, 1.568603515625], [-0.9999409914016724, 0.009463047608733177, -0.005336008500307798, -0.055419921875], [0.0, 0.0, 0.0, 1.0]], [[-0.9235450625419617, 0.38346612453460693, -0.004300612024962902, 0.99224853515625], [0.010180891491472721, 0.013306264765560627, -0.999859631061554, 1.5496349334716797], [-0.3833549916744232, -0.9234591126441956, -0.016192959621548653, -0.1116943359375], [0.0, 0.0, 0.0, 1.0]]], "view": [[0.0, -2.0, 100.0], [-2.0, 0.0, 100.0], [0.0, 0.0, 1.0]], "bev": "bev_c9abd14cc93a42798adc0396c8dd2d2b.png", "aux": "aux_c9abd14cc93a42798adc0396c8dd2d2b.npz", "visibility": "visibility_c9abd14cc93a42798adc0396c8dd2d2b.png", "pose": [[-0.813703179359436, -0.5812806487083435, 0.0, 1132.366943359375], [0.5812806487083435, -0.813703179359436, 0.0, 1173.1143798828125], [0.0, 0.0, 1.0, 0.0], [0.0, 0.0, 0.0, 1.0]], "pose_inverse": [[-0.813703179359436, 0.5812806487083435, 0.0, 239.5019073486328], [-0.5812806487083435, -0.813703179359436, 0.0, 1612.789794921875], [0.0, 0.0, 1.0, 0.0], [0.0, 0.0, 0.0, 1.0]], "cam_ids": [0, 1, 2, 3, 4, 5], "cam_channels": ["CAM_FRONT_LEFT", "CAM_FRONT", "CAM_FRONT_RIGHT", "CAM_BACK_LEFT", "CAM_BACK", "CAM_BACK_RIGHT"], "token": "c9abd14cc93a42798adc0396c8dd2d2b", "scene": "scene-0228"}, {"images": ["samples/CAM_FRONT_LEFT/n008-2018-07-27-12-07-38-0400__CAM_FRONT_LEFT__1532708166504799.jpg", "samples/CAM_FRONT/n008-2018-07-27-12-07-38-0400__CAM_FRONT__1532708166512404.jpg", "samples/CAM_FRONT_RIGHT/n008-2018-07-27-12-07-38-0400__CAM_FRONT_RIGHT__1532708166520482.jpg", "samples/CAM_BACK_LEFT/n008-2018-07-27-12-07-38-0400__CAM_BACK_LEFT__1532708166547405.jpg", "samples/CAM_BACK/n008-2018-07-27-12-07-38-0400__CAM_BACK__1532708166537558.jpg", "samples/CAM_BACK_RIGHT/n008-2018-07-27-12-07-38-0400__CAM_BACK_RIGHT__1532708166528113.jpg"], "intrinsics": [[[1257.8625342125129, 0.0, 827.2410631095686], [0.0, 1257.8625342125129, 450.915498205774], [0.0, 0.0, 1.0]], [[1252.8131021185304, 0.0, 826.588114781398], [0.0, 1252.8131021185304, 469.9846626224581], [0.0, 0.0, 1.0]], [[1256.7485116440405, 0.0, 817.7887570959712], [0.0, 1256.7485116440403, 451.9541780095127], [0.0, 0.0, 1.0]], [[1254.9860565800168, 0.0, 829.5769333630991], [0.0, 1254.9860565800168, 467.1680561863987], [0.0, 0.0, 1.0]], [[796.8910634503094, 0.0, 857.7774326863696], [0.0, 796.8910634503094, 476.8848988407415], [0.0, 0.0, 1.0]], [[1249.9629280788233, 0.0, 825.3768045375984], [0.0, 1249.9629280788233, 462.54816385708756], [0.0, 0.0, 1.0]]], "extrinsics": [[[0.8226590752601624, -0.5685129761695862, -0.005011097528040409, -0.6986083984375], [0.02400876395404339, 0.04354504868388176, -0.9987629055976868, 1.4970245361328125], [0.5680278539657593, 0.8215210437774658, 0.04947202280163765, -1.1260986328125], [0.0, 0.0, 0.0, 1.0]], [[0.010873301886022091, -0.9991714954376221, -0.03921821340918541, 0.0118408203125], [0.025745395570993423, 0.03948727250099182, -0.998888373374939, 1.4878921508789062], [0.9996093511581421, 0.009851458482444286, 0.026153424754738808, -1.4297027587890625], [0.0, 0.0, 0.0, 1.0]], [[-0.8434060215950012, -0.5354013442993164, -0.044853176921606064, 0.8917236328125], [0.03354187682271004, 0.030850045382976532, -0.9989610314369202, 1.5009574890136719], [0.5362288355827332, -0.8440341353416443, -0.008060745894908905, -1.148193359375], [0.0, 0.0, 0.0, 1.0]], [[0.947773277759552, 0.31817832589149475, 0.02210063487291336, -1.13409423828125], [0.007772087585180998, 0.0462324433028698, -0.9989004731178284, 1.5621185302734375], [-0.31885024905204773, 0.946902871131897, 0.04134496673941612, -0.1595458984375], [0.0, 0.0, 0.0, 1.0]], [[0.00886434968560934, 0.9992117881774902, 0.03869195654988289, -0.0289306640625], [0.010183765552937984, 0.038601260632276535, -0.9992027878761292, 1.5689849853515625], [-0.9999088048934937, 0.009251359850168228, -0.009833564050495625, -0.0501251220703125], [0.0, 0.0, 0.0, 1.0]], [[-0.9236670136451721, 0.38312673568725586, -0.007292402442544699, 0.99945068359375], [0.014460545964539051, 0.01583288609981537, -0.9997701048851013, 1.55029296875], [-0.3829231560230255, -0.9235600233078003, -0.020164532586932182, -0.1085205078125], [0.0, 0.0, 0.0, 1.0]]], "view": [[0.0, -2.0, 100.0], [-2.0, 0.0, 100.0], [0.0, 0.0, 1.0]], "bev": "bev_81155d959e3e403b80cab8b223c0fed8.png", "aux": "aux_81155d959e3e403b80cab8b223c0fed8.npz", "visibility": "visibility_81155d959e3e403b80cab8b223c0fed8.png", "pose": [[-0.813369870185852, -0.5817468762397766, 0.0, 1128.9107666015625], [0.5817468762397766, -0.813369870185852, 0.0, 1175.6441650390625], [0.0, 0.0, 1.0, 0.0], [0.0, 0.0, 0.0, 1.0]], "pose_inverse": [[-0.813369870185852, 0.5817468762397766, 0.0, 234.29470825195312], [-0.5817468762397766, -0.813369870185852, 0.0, 1612.973876953125], [0.0, 0.0, 1.0, 0.0], [0.0, 0.0, 0.0, 1.0]], "cam_ids": [0, 1, 2, 3, 4, 5], "cam_channels": ["CAM_FRONT_LEFT", "CAM_FRONT", "CAM_FRONT_RIGHT", "CAM_BACK_LEFT", "CAM_BACK", "CAM_BACK_RIGHT"], "token": "81155d959e3e403b80cab8b223c0fed8", "scene": "scene-0228"}, {"images": ["samples/CAM_FRONT_LEFT/n008-2018-07-27-12-07-38-0400__CAM_FRONT_LEFT__1532708167004799.jpg", "samples/CAM_FRONT/n008-2018-07-27-12-07-38-0400__CAM_FRONT__1532708167012404.jpg", "samples/CAM_FRONT_RIGHT/n008-2018-07-27-12-07-38-0400__CAM_FRONT_RIGHT__1532708167020482.jpg", "samples/CAM_BACK_LEFT/n008-2018-07-27-12-07-38-0400__CAM_BACK_LEFT__1532708167047405.jpg", "samples/CAM_BACK/n008-2018-07-27-12-07-38-0400__CAM_BACK__1532708167037567.jpg", "samples/CAM_BACK_RIGHT/n008-2018-07-27-12-07-38-0400__CAM_BACK_RIGHT__1532708167028113.jpg"], "intrinsics": [[[1257.8625342125129, 0.0, 827.2410631095686], [0.0, 1257.8625342125129, 450.915498205774], [0.0, 0.0, 1.0]], [[1252.8131021185304, 0.0, 826.588114781398], [0.0, 1252.8131021185304, 469.9846626224581], [0.0, 0.0, 1.0]], [[1256.7485116440405, 0.0, 817.7887570959712], [0.0, 1256.7485116440403, 451.9541780095127], [0.0, 0.0, 1.0]], [[1254.9860565800168, 0.0, 829.5769333630991], [0.0, 1254.9860565800168, 467.1680561863987], [0.0, 0.0, 1.0]], [[796.8910634503094, 0.0, 857.7774326863696], [0.0, 796.8910634503094, 476.8848988407415], [0.0, 0.0, 1.0]], [[1249.9629280788233, 0.0, 825.3768045375984], [0.0, 1249.9629280788233, 462.54816385708756], [0.0, 0.0, 1.0]]], "extrinsics": [[[0.8225687742233276, -0.5685529112815857, -0.01132324617356062, -0.70391845703125], [0.018793540075421333, 0.04708034172654152, -0.9987143278121948, 1.4949188232421875], [0.5683550238609314, 0.821298360824585, 0.049411941319704056, -1.13037109375], [0.0, 0.0, 0.0, 1.0]], [[0.010434560477733612, -0.9990318417549133, -0.04273794963955879, 0.0120849609375], [0.020549410954117775, 0.0429454930126667, -0.998866081237793, 1.4861984252929688], [0.9997344017028809, 0.009544510394334793, 0.02097763493657112, -1.43359375], [0.0, 0.0, 0.0, 1.0]], [[-0.8437309265136719, -0.535098135471344, -0.04228437691926956, 0.8931884765625], [0.028357695788145065, 0.0342298299074173, -0.9990115761756897, 1.4996566772460938], [0.5360167026519775, -0.8440962433815002, -0.01370661798864603, -1.14892578125], [0.0, 0.0, 0.0, 1.0]], [[0.9477978348731995, 0.31835004687309265, 0.01823774166405201, -1.13238525390625], [0.002629630034789443, 0.04938923195004463, -0.9987761378288269, 1.5620269775390625], [-0.31886112689971924, 0.946685791015625, 0.04597385972738266, -0.1612548828125], [0.0, 0.0, 0.0, 1.0]], [[0.009063060395419598, 0.9990803003311157, 0.041909344494342804, -0.0291748046875], [0.004972637165337801, 0.0418655164539814, -0.9991108775138855, 1.5684814453125], [-0.9999465942382812, 0.009263421408832073, -0.00458863191306591, -0.051116943359375], [0.0, 0.0, 0.0, 1.0]], [[-0.9236412644386292, 0.3832561671733856, -0.0012269385624676943, 0.9996337890625], [0.009277017787098885, 0.019156837835907936, -0.9997734427452087, 1.5493812561035156], [-0.3831457197666168, -0.9234434366226196, -0.021249519661068916, -0.1082763671875], [0.0, 0.0, 0.0, 1.0]]], "view": [[0.0, -2.0, 100.0], [-2.0, 0.0, 100.0], [0.0, 0.0, 1.0]], "bev": "bev_2a1da290ccad4a1789380a20faf6f38f.png", "aux": "aux_2a1da290ccad4a1789380a20faf6f38f.npz", "visibility": "visibility_2a1da290ccad4a1789380a20faf6f38f.png", "pose": [[-0.8125008940696716, -0.5829599499702454, 0.0, 1125.5440673828125], [0.5829599499702454, -0.8125008940696716, 0.0, 1178.1005859375], [0.0, 0.0, 1.0, 0.0], [0.0, 0.0, 0.0, 1.0]], "pose_inverse": [[-0.8125008940696716, 0.5829599499702454, 0.0, 227.72007751464844], [-0.5829599499702454, -0.8125008940696716, 0.0, 1613.3548583984375], [0.0, 0.0, 1.0, 0.0], [0.0, 0.0, 0.0, 1.0]], "cam_ids": [0, 1, 2, 3, 4, 5], "cam_channels": ["CAM_FRONT_LEFT", "CAM_FRONT", "CAM_FRONT_RIGHT", "CAM_BACK_LEFT", "CAM_BACK", "CAM_BACK_RIGHT"], "token": "2a1da290ccad4a1789380a20faf6f38f", "scene": "scene-0228"}, {"images": ["samples/CAM_FRONT_LEFT/n008-2018-07-27-12-07-38-0400__CAM_FRONT_LEFT__1532708167504799.jpg", "samples/CAM_FRONT/n008-2018-07-27-12-07-38-0400__CAM_FRONT__1532708167512404.jpg", "samples/CAM_FRONT_RIGHT/n008-2018-07-27-12-07-38-0400__CAM_FRONT_RIGHT__1532708167520482.jpg", "samples/CAM_BACK_LEFT/n008-2018-07-27-12-07-38-0400__CAM_BACK_LEFT__1532708167547405.jpg", "samples/CAM_BACK/n008-2018-07-27-12-07-38-0400__CAM_BACK__1532708167537558.jpg", "samples/CAM_BACK_RIGHT/n008-2018-07-27-12-07-38-0400__CAM_BACK_RIGHT__1532708167528126.jpg"], "intrinsics": [[[1257.8625342125129, 0.0, 827.2410631095686], [0.0, 1257.8625342125129, 450.915498205774], [0.0, 0.0, 1.0]], [[1252.8131021185304, 0.0, 826.588114781398], [0.0, 1252.8131021185304, 469.9846626224581], [0.0, 0.0, 1.0]], [[1256.7485116440405, 0.0, 817.7887570959712], [0.0, 1256.7485116440403, 451.9541780095127], [0.0, 0.0, 1.0]], [[1254.9860565800168, 0.0, 829.5769333630991], [0.0, 1254.9860565800168, 467.1680561863987], [0.0, 0.0, 1.0]], [[796.8910634503094, 0.0, 857.7774326863696], [0.0, 796.8910634503094, 476.8848988407415], [0.0, 0.0, 1.0]], [[1249.9629280788233, 0.0, 825.3768045375984], [0.0, 1249.9629280788233, 462.54816385708756], [0.0, 0.0, 1.0]]], "extrinsics": [[[0.8227412700653076, -0.5683237314224243, -0.010253539308905602, -0.69561767578125], [0.02016325481235981, 0.0472075417637825, -0.9986816048622131, 1.4953994750976562], [0.5680583715438843, 0.8214498162269592, 0.05029884725809097, -1.1292724609375], [0.0, 0.0, 0.0, 1.0]], [[0.010731201618909836, -0.999019980430603, -0.04294082522392273, 0.01513671875], [0.02226935885846615, 0.04317142069339752, -0.9988194704055786, 1.4867095947265625], [0.9996943473815918, 0.009762276895344257, 0.02271081507205963, -1.4286651611328125], [0.0, 0.0, 0.0, 1.0]], [[-0.8435530066490173, -0.5352212190628052, -0.044231116771698, 0.892578125], [0.03045002929866314, 0.034561317414045334, -0.9989385604858398, 1.5001335144042969], [0.5361818075180054, -0.8440046310424805, -0.012856805697083473, -1.145751953125], [0.0, 0.0, 0.0, 1.0]], [[0.9476122260093689, 0.3187296688556671, 0.02103663794696331, -1.13336181640625], [0.005299984011799097, 0.05016016215085983, -0.9987271428108215, 1.5620193481445312], [-0.31937918066978455, 0.9465175271034241, 0.04584311693906784, -0.1614990234375], [0.0, 0.0, 0.0, 1.0]], [[0.008780637755990028, 0.9990575313568115, 0.042508456856012344, -0.030517578125], [0.007299511693418026, 0.042444922029972076, -0.9990720748901367, 1.5686416625976562], [-0.9999348521232605, 0.009082820266485214, -0.006919935345649719, -0.0496368408203125], [0.0, 0.0, 0.0, 1.0]], [[-0.923676609992981, 0.38316044211387634, -0.0030967239290475845, 0.9990234375], [0.011480978690087795, 0.019596977159380913, -0.9997420310974121, 1.5497322082519531], [-0.38300082087516785, -0.9234738945960999, -0.02250032313168049, -0.1065673828125], [0.0, 0.0, 0.0, 1.0]]], "view": [[0.0, -2.0, 100.0], [-2.0, 0.0, 100.0], [0.0, 0.0, 1.0]], "bev": "bev_11b961e4fab84b23a924fbac72ba8e4c.png", "aux": "aux_11b961e4fab84b23a924fbac72ba8e4c.npz", "visibility": "visibility_11b961e4fab84b23a924fbac72ba8e4c.png", "pose": [[-0.8155476450920105, -0.5786899328231812, 0.0, 1122.25048828125], [0.5786899328231812, -0.8155476450920105, 0.0, 1180.49755859375], [0.0, 0.0, 1.0, 0.0], [0.0, 0.0, 0.0, 1.0]], "pose_inverse": [[-0.8155476450920105, 0.5786899328231812, 0.0, 232.106689453125], [-0.5786899328231812, -0.8155476450920105, 0.0, 1612.18701171875], [0.0, 0.0, 1.0, 0.0], [0.0, 0.0, 0.0, 1.0]], "cam_ids": [0, 1, 2, 3, 4, 5], "cam_channels": ["CAM_FRONT_LEFT", "CAM_FRONT", "CAM_FRONT_RIGHT", "CAM_BACK_LEFT", "CAM_BACK", "CAM_BACK_RIGHT"], "token": "11b961e4fab84b23a924fbac72ba8e4c", "scene": "scene-0228"}, {"images": ["samples/CAM_FRONT_LEFT/n008-2018-07-27-12-07-38-0400__CAM_FRONT_LEFT__1532708168004799.jpg", "samples/CAM_FRONT/n008-2018-07-27-12-07-38-0400__CAM_FRONT__1532708168012404.jpg", "samples/CAM_FRONT_RIGHT/n008-2018-07-27-12-07-38-0400__CAM_FRONT_RIGHT__1532708168020482.jpg", "samples/CAM_BACK_LEFT/n008-2018-07-27-12-07-38-0400__CAM_BACK_LEFT__1532708168047405.jpg", "samples/CAM_BACK/n008-2018-07-27-12-07-38-0400__CAM_BACK__1532708168037558.jpg", "samples/CAM_BACK_RIGHT/n008-2018-07-27-12-07-38-0400__CAM_BACK_RIGHT__1532708168028113.jpg"], "intrinsics": [[[1257.8625342125129, 0.0, 827.2410631095686], [0.0, 1257.8625342125129, 450.915498205774], [0.0, 0.0, 1.0]], [[1252.8131021185304, 0.0, 826.588114781398], [0.0, 1252.8131021185304, 469.9846626224581], [0.0, 0.0, 1.0]], [[1256.7485116440405, 0.0, 817.7887570959712], [0.0, 1256.7485116440403, 451.9541780095127], [0.0, 0.0, 1.0]], [[1254.9860565800168, 0.0, 829.5769333630991], [0.0, 1254.9860565800168, 467.1680561863987], [0.0, 0.0, 1.0]], [[796.8910634503094, 0.0, 857.7774326863696], [0.0, 796.8910634503094, 476.8848988407415], [0.0, 0.0, 1.0]], [[1249.9629280788233, 0.0, 825.3768045375984], [0.0, 1249.9629280788233, 462.54816385708756], [0.0, 0.0, 1.0]]], "extrinsics": [[[0.8222770094871521, -0.5689188838005066, -0.013850643299520016, -0.7021484375], [0.017658209428191185, 0.04983348771929741, -0.9986014366149902, 1.4944992065429688], [0.5688134431838989, 0.8208824396133423, 0.05102302134037018, -1.129638671875], [0.0, 0.0, 0.0, 1.0]], [[0.010004766285419464, -0.9989134669303894, -0.045516446232795715, 0.0123291015625], [0.019599268212914467, 0.045705873519182205, -0.9987626671791077, 1.4858932495117188], [0.9997578263282776, 0.009100314229726791, 0.02003525197505951, -1.433197021484375], [0.0, 0.0, 0.0, 1.0]], [[-0.8439252972602844, -0.5347245931625366, -0.043125007301568985, 0.894775390625], [0.02760474756360054, 0.036996036767959595, -0.9989340901374817, 1.4994277954101562], [0.5357500314712524, -0.8442161679267883, -0.016460953280329704, -1.1494140625], [0.0, 0.0, 0.0, 1.0]], [[0.9478526711463928, 0.31818994879722595, 0.018177378922700882, -1.1319580078125], [0.0016586424317210913, 0.05210883915424347, -0.9986400008201599, 1.5620574951171875], [-0.3187045156955719, 0.9465938210487366, 0.048863738775253296, -0.1602783203125], [0.0, 0.0, 0.0, 1.0]], [[0.009260915219783783, 0.9989609718322754, 0.044622331857681274, -0.0291748046875], [0.003880520351231098, 0.044588007032871246, -0.9989978671073914, 1.5683670043945312], [-0.9999496340751648, 0.009424768388271332, -0.003463564207777381, -0.0484619140625], [0.0, 0.0, 0.0, 1.0]], [[-0.9235551357269287, 0.38346508145332336, 0.0006190091953612864, 1.00225830078125], [0.0084366574883461, 0.021933037787675858, -0.9997238516807556, 1.5492019653320312], [-0.3833727538585663, -0.9232949018478394, -0.02349153719842434, -0.1070556640625], [0.0, 0.0, 0.0, 1.0]]], "view": [[0.0, -2.0, 100.0], [-2.0, 0.0, 100.0], [0.0, 0.0, 1.0]], "bev": "bev_7a32a1463a4b4bb7b84135f3c9ab0c90.png", "aux": "aux_7a32a1463a4b4bb7b84135f3c9ab0c90.npz", "visibility": "visibility_7a32a1463a4b4bb7b84135f3c9ab0c90.png", "pose": [[-0.821133017539978, -0.5707368850708008, 0.0, 1118.904296875], [0.5707368850708008, -0.821133017539978, 0.0, 1182.8997802734375], [0.0, 0.0, 1.0, 0.0], [0.0, 0.0, 0.0, 1.0]], "pose_inverse": [[-0.821133017539978, 0.5707368850708008, 0.0, 243.6447296142578], [-0.5707368850708008, -0.821133017539978, 0.0, 1609.91796875], [0.0, 0.0, 1.0, 0.0], [0.0, 0.0, 0.0, 1.0]], "cam_ids": [0, 1, 2, 3, 4, 5], "cam_channels": ["CAM_FRONT_LEFT", "CAM_FRONT", "CAM_FRONT_RIGHT", "CAM_BACK_LEFT", "CAM_BACK", "CAM_BACK_RIGHT"], "token": "7a32a1463a4b4bb7b84135f3c9ab0c90", "scene": "scene-0228"}, {"images": ["samples/CAM_FRONT_LEFT/n008-2018-07-27-12-07-38-0400__CAM_FRONT_LEFT__1532708168504799.jpg", "samples/CAM_FRONT/n008-2018-07-27-12-07-38-0400__CAM_FRONT__1532708168512404.jpg", "samples/CAM_FRONT_RIGHT/n008-2018-07-27-12-07-38-0400__CAM_FRONT_RIGHT__1532708168520482.jpg", "samples/CAM_BACK_LEFT/n008-2018-07-27-12-07-38-0400__CAM_BACK_LEFT__1532708168547405.jpg", "samples/CAM_BACK/n008-2018-07-27-12-07-38-0400__CAM_BACK__1532708168537558.jpg", "samples/CAM_BACK_RIGHT/n008-2018-07-27-12-07-38-0400__CAM_BACK_RIGHT__1532708168528113.jpg"], "intrinsics": [[[1257.8625342125129, 0.0, 827.2410631095686], [0.0, 1257.8625342125129, 450.915498205774], [0.0, 0.0, 1.0]], [[1252.8131021185304, 0.0, 826.588114781398], [0.0, 1252.8131021185304, 469.9846626224581], [0.0, 0.0, 1.0]], [[1256.7485116440405, 0.0, 817.7887570959712], [0.0, 1256.7485116440403, 451.9541780095127], [0.0, 0.0, 1.0]], [[1254.9860565800168, 0.0, 829.5769333630991], [0.0, 1254.9860565800168, 467.1680561863987], [0.0, 0.0, 1.0]], [[796.8910634503094, 0.0, 857.7774326863696], [0.0, 796.8910634503094, 476.8848988407415], [0.0, 0.0, 1.0]], [[1249.9629280788233, 0.0, 825.3768045375984], [0.0, 1249.9629280788233, 462.54816385708756], [0.0, 0.0, 1.0]]], "extrinsics": [[[0.8223288059234619, -0.5689670443534851, -0.007197583094239235, -0.71209716796875], [0.023200325667858124, 0.04616483300924301, -0.998664379119873, 1.4963836669921875], [0.5685393810272217, 0.8210635781288147, 0.05116289481520653, -1.1343994140625], [0.0, 0.0, 0.0, 1.0]], [[0.01022364106029272, -0.9990758895874023, -0.04174802824854851, 0.010986328125], [0.02522633597254753, 0.0419946163892746, -0.9987993240356445, 1.487457275390625], [0.9996294379234314, 0.00915823969990015, 0.025632360950112343, -1.441680908203125], [0.0, 0.0, 0.0, 1.0]], [[-0.8436887860298157, -0.5348630547523499, -0.04594230651855469, 0.898681640625], [0.03332127630710602, 0.033239543437957764, -0.9988917708396912, 1.5006256103515625], [0.5357974171638489, -0.84428471326828, -0.010221512988209724, -1.1534423828125], [0.0, 0.0, 0.0, 1.0]], [[0.9477896690368652, 0.31809139251708984, 0.022639252245426178, -1.131591796875], [0.007680125068873167, 0.048203520476818085, -0.9988080263137817, 1.5621414184570312], [-0.31880345940589905, 0.9468337893486023, 0.04324381798505783, -0.1602783203125], [0.0, 0.0, 0.0, 1.0]], [[0.009085512720048428, 0.9991226196289062, 0.04088351130485535, -0.0286865234375], [0.01001635193824768, 0.04079221189022064, -0.999117374420166, 1.5689468383789062], [-0.9999085068702698, 0.009486986324191093, -0.009636946022510529, -0.0475616455078125], [0.0, 0.0, 0.0, 1.0]], [[-0.9235236644744873, 0.3834910988807678, -0.00620689382776618, 1.00531005859375], [0.014250428415834904, 0.018136970698833466, -0.9997339844703674, 1.5501747131347656], [-0.38327640295028687, -0.9233664870262146, -0.02221483364701271, -0.106689453125], [0.0, 0.0, 0.0, 1.0]]], "view": [[0.0, -2.0, 100.0], [-2.0, 0.0, 100.0], [0.0, 0.0, 1.0]], "bev": "bev_502f42bcd6584c62acfcd6b1303b3deb.png", "aux": "aux_502f42bcd6584c62acfcd6b1303b3deb.npz", "visibility": "visibility_502f42bcd6584c62acfcd6b1303b3deb.png", "pose": [[-0.8243098258972168, -0.5661389231681824, 0.0, 1115.599365234375], [0.5661389231681824, -0.8243098258972168, 0.0, 1185.2421875], [0.0, 0.0, 1.0, 0.0], [0.0, 0.0, 0.0, 1.0]], "pose_inverse": [[-0.8243098258972168, 0.5661389231681824, 0.0, 248.58779907226562], [-0.5661389231681824, -0.8243098258972168, 0.0, 1608.591064453125], [0.0, 0.0, 1.0, 0.0], [0.0, 0.0, 0.0, 1.0]], "cam_ids": [0, 1, 2, 3, 4, 5], "cam_channels": ["CAM_FRONT_LEFT", "CAM_FRONT", "CAM_FRONT_RIGHT", "CAM_BACK_LEFT", "CAM_BACK", "CAM_BACK_RIGHT"], "token": "502f42bcd6584c62acfcd6b1303b3deb", "scene": "scene-0228"}, {"images": ["samples/CAM_FRONT_LEFT/n008-2018-07-27-12-07-38-0400__CAM_FRONT_LEFT__1532708169004799.jpg", "samples/CAM_FRONT/n008-2018-07-27-12-07-38-0400__CAM_FRONT__1532708169012404.jpg", "samples/CAM_FRONT_RIGHT/n008-2018-07-27-12-07-38-0400__CAM_FRONT_RIGHT__1532708169020482.jpg", "samples/CAM_BACK_LEFT/n008-2018-07-27-12-07-38-0400__CAM_BACK_LEFT__1532708169047405.jpg", "samples/CAM_BACK/n008-2018-07-27-12-07-38-0400__CAM_BACK__1532708169037558.jpg", "samples/CAM_BACK_RIGHT/n008-2018-07-27-12-07-38-0400__CAM_BACK_RIGHT__1532708169028113.jpg"], "intrinsics": [[[1257.8625342125129, 0.0, 827.2410631095686], [0.0, 1257.8625342125129, 450.915498205774], [0.0, 0.0, 1.0]], [[1252.8131021185304, 0.0, 826.588114781398], [0.0, 1252.8131021185304, 469.9846626224581], [0.0, 0.0, 1.0]], [[1256.7485116440405, 0.0, 817.7887570959712], [0.0, 1256.7485116440403, 451.9541780095127], [0.0, 0.0, 1.0]], [[1254.9860565800168, 0.0, 829.5769333630991], [0.0, 1254.9860565800168, 467.1680561863987], [0.0, 0.0, 1.0]], [[796.8910634503094, 0.0, 857.7774326863696], [0.0, 796.8910634503094, 476.8848988407415], [0.0, 0.0, 1.0]], [[1249.9629280788233, 0.0, 825.3768045375984], [0.0, 1249.9629280788233, 462.54816385708756], [0.0, 0.0, 1.0]]], "extrinsics": [[[0.8226706981658936, -0.5684654116630554, -0.007749552838504314, -0.71575927734375], [0.019451787695288658, 0.04176813364028931, -0.9989379644393921, 1.49493408203125], [0.5681853294372559, 0.8216462731361389, 0.04541908577084541, -1.1380615234375], [0.0, 0.0, 0.0, 1.0]], [[0.010617678984999657, -0.999252200126648, -0.037178363651037216, 0.011474609375], [0.021368522197008133, 0.03739871084690094, -0.9990718960762024, 1.4862213134765625], [0.9997152090072632, 0.009813396260142326, 0.021749630570411682, -1.44598388671875], [0.0, 0.0, 0.0, 1.0]], [[-0.8436223864555359, -0.5354435443878174, -0.040017396211624146, 0.9019775390625], [0.029348278418183327, 0.02843456156551838, -0.9991647601127625, 1.4996070861816406], [0.5361341834068298, -0.8440922498703003, -0.008273689076304436, -1.1549072265625], [0.0, 0.0, 0.0, 1.0]], [[0.9477624893188477, 0.31849461793899536, 0.017531542107462883, -1.13458251953125], [0.004125416744500399, 0.042718060314655304, -0.999078631401062, 1.5620651245117188], [-0.3189500868320465, 0.9469616413116455, 0.03917265683412552, -0.1597900390625], [0.0, 0.0, 0.0, 1.0]], [[0.008949227631092072, 0.9993283152580261, 0.03553561493754387, -0.0289306640625], [0.006131012458354235, 0.0354815311729908, -0.999351441860199, 1.568572998046875], [-0.9999411702156067, 0.00916127860546112, -0.0058093625120818615, -0.044952392578125], [0.0, 0.0, 0.0, 1.0]], [[-0.923677384853363, 0.3831453323364258, -0.004428401123732328, 1.00799560546875], [0.010227896273136139, 0.013100739568471909, -0.9998618364334106, 1.549468994140625], [-0.38303443789482117, -0.923595130443573, -0.016019627451896667, -0.105224609375], [0.0, 0.0, 0.0, 1.0]]], "view": [[0.0, -2.0, 100.0], [-2.0, 0.0, 100.0], [0.0, 0.0, 1.0]], "bev": "bev_0050651149b54bdcb3ed7c1b9727c1c2.png", "aux": "aux_0050651149b54bdcb3ed7c1b9727c1c2.npz", "visibility": "visibility_0050651149b54bdcb3ed7c1b9727c1c2.png", "pose": [[-0.825391411781311, -0.5645608901977539, 0.0, 1112.3292236328125], [0.5645608901977539, -0.825391411781311, 0.0, 1187.52880859375], [0.0, 0.0, 1.0, 0.0], [0.0, 0.0, 0.0, 1.0]], "pose_inverse": [[-0.825391411781311, 0.5645608901977539, 0.0, 247.67471313476562], [-0.5645608901977539, -0.825391411781311, 0.0, 1608.1536865234375], [0.0, 0.0, 1.0, 0.0], [0.0, 0.0, 0.0, 1.0]], "cam_ids": [0, 1, 2, 3, 4, 5], "cam_channels": ["CAM_FRONT_LEFT", "CAM_FRONT", "CAM_FRONT_RIGHT", "CAM_BACK_LEFT", "CAM_BACK", "CAM_BACK_RIGHT"], "token": "0050651149b54bdcb3ed7c1b9727c1c2", "scene": "scene-0228"}, {"images": ["samples/CAM_FRONT_LEFT/n008-2018-07-27-12-07-38-0400__CAM_FRONT_LEFT__1532708169504799.jpg", "samples/CAM_FRONT/n008-2018-07-27-12-07-38-0400__CAM_FRONT__1532708169512404.jpg", "samples/CAM_FRONT_RIGHT/n008-2018-07-27-12-07-38-0400__CAM_FRONT_RIGHT__1532708169520482.jpg", "samples/CAM_BACK_LEFT/n008-2018-07-27-12-07-38-0400__CAM_BACK_LEFT__1532708169547405.jpg", "samples/CAM_BACK/n008-2018-07-27-12-07-38-0400__CAM_BACK__1532708169537558.jpg", "samples/CAM_BACK_RIGHT/n008-2018-07-27-12-07-38-0400__CAM_BACK_RIGHT__1532708169528113.jpg"], "intrinsics": [[[1257.8625342125129, 0.0, 827.2410631095686], [0.0, 1257.8625342125129, 450.915498205774], [0.0, 0.0, 1.0]], [[1252.8131021185304, 0.0, 826.588114781398], [0.0, 1252.8131021185304, 469.9846626224581], [0.0, 0.0, 1.0]], [[1256.7485116440405, 0.0, 817.7887570959712], [0.0, 1256.7485116440403, 451.9541780095127], [0.0, 0.0, 1.0]], [[1254.9860565800168, 0.0, 829.5769333630991], [0.0, 1254.9860565800168, 467.1680561863987], [0.0, 0.0, 1.0]], [[796.8910634503094, 0.0, 857.7774326863696], [0.0, 796.8910634503094, 476.8848988407415], [0.0, 0.0, 1.0]], [[1249.9629280788233, 0.0, 825.3768045375984], [0.0, 1249.9629280788233, 462.54816385708756], [0.0, 0.0, 1.0]]], "extrinsics": [[[0.8227220177650452, -0.568424642086029, -0.004685206804424524, -0.72161865234375], [0.019529737532138824, 0.0365021787583828, -0.9991427063941956, 1.4951133728027344], [0.5681083798408508, 0.8219252824783325, 0.041132327169179916, -1.1353759765625], [0.0, 0.0, 0.0, 1.0]], [[0.01071073953062296, -0.9994256496429443, -0.03215257450938225, 0.0069580078125], [0.02156670391559601, 0.032377827912569046, -0.9992430210113525, 1.4863700866699219], [0.9997100830078125, 0.010009306482970715, 0.02190110832452774, -1.4495391845703125], [0.0, 0.0, 0.0, 1.0]], [[-0.8435710072517395, -0.5356897711753845, -0.03774220868945122, 0.9034423828125], [0.029674822464585304, 0.02367449924349785, -0.9992792010307312, 1.499664306640625], [0.5361971259117126, -0.8440830707550049, -0.004074625670909882, -1.159912109375], [0.0, 0.0, 0.0, 1.0]], [[0.947872519493103, 0.3182133138179779, 0.01667364314198494, -1.13934326171875], [0.004580496344715357, 0.038713790476322174, -0.9992398023605347, 1.5621337890625], [-0.3186168670654297, 0.9472283720970154, 0.03523816540837288, -0.156005859375], [0.0, 0.0, 0.0, 1.0]], [[0.009011604823172092, 0.9994686841964722, 0.03132394328713417, -0.027099609375], [0.00651007704436779, 0.03126591071486473, -0.9994898438453674, 1.5686416625976562], [-0.9999381899833679, 0.009210946038365364, -0.006224862765520811, -0.0401153564453125], [0.0, 0.0, 0.0, 1.0]], [[-0.9236968755722046, 0.3830670416355133, -0.006613607052713633, 1.01287841796875], [0.01072770357131958, 0.008604666218161583, -0.9999054670333862, 1.5495414733886719], [-0.38297387957572937, -0.9236804842948914, -0.012057533487677574, -0.1058349609375], [0.0, 0.0, 0.0, 1.0]]], "view": [[0.0, -2.0, 100.0], [-2.0, 0.0, 100.0], [0.0, 0.0, 1.0]], "bev": "bev_d953becdd0aa4f2b8172147f9d8a65c4.png", "aux": "aux_d953becdd0aa4f2b8172147f9d8a65c4.npz", "visibility": "visibility_d953becdd0aa4f2b8172147f9d8a65c4.png", "pose": [[-0.823920726776123, -0.5667051076889038, 0.0, 1108.9930419921875], [0.5667051076889038, -0.823920726776123, 0.0, 1189.8302001953125], [0.0, 0.0, 1.0, 0.0], [0.0, 0.0, 0.0, 1.0]], "pose_inverse": [[-0.823920726776123, 0.5667051076889038, 0.0, 239.4395294189453], [-0.5667051076889038, -0.823920726776123, 0.0, 1608.7977294921875], [0.0, 0.0, 1.0, 0.0], [0.0, 0.0, 0.0, 1.0]], "cam_ids": [0, 1, 2, 3, 4, 5], "cam_channels": ["CAM_FRONT_LEFT", "CAM_FRONT", "CAM_FRONT_RIGHT", "CAM_BACK_LEFT", "CAM_BACK", "CAM_BACK_RIGHT"], "token": "d953becdd0aa4f2b8172147f9d8a65c4", "scene": "scene-0228"}, {"images": ["samples/CAM_FRONT_LEFT/n008-2018-07-27-12-07-38-0400__CAM_FRONT_LEFT__1532708169904799.jpg", "samples/CAM_FRONT/n008-2018-07-27-12-07-38-0400__CAM_FRONT__1532708169912404.jpg", "samples/CAM_FRONT_RIGHT/n008-2018-07-27-12-07-38-0400__CAM_FRONT_RIGHT__1532708169920482.jpg", "samples/CAM_BACK_LEFT/n008-2018-07-27-12-07-38-0400__CAM_BACK_LEFT__1532708169947405.jpg", "samples/CAM_BACK/n008-2018-07-27-12-07-38-0400__CAM_BACK__1532708169937558.jpg", "samples/CAM_BACK_RIGHT/n008-2018-07-27-12-07-38-0400__CAM_BACK_RIGHT__1532708169928113.jpg"], "intrinsics": [[[1257.8625342125129, 0.0, 827.2410631095686], [0.0, 1257.8625342125129, 450.915498205774], [0.0, 0.0, 1.0]], [[1252.8131021185304, 0.0, 826.588114781398], [0.0, 1252.8131021185304, 469.9846626224581], [0.0, 0.0, 1.0]], [[1256.7485116440405, 0.0, 817.7887570959712], [0.0, 1256.7485116440403, 451.9541780095127], [0.0, 0.0, 1.0]], [[1254.9860565800168, 0.0, 829.5769333630991], [0.0, 1254.9860565800168, 467.1680561863987], [0.0, 0.0, 1.0]], [[796.8910634503094, 0.0, 857.7774326863696], [0.0, 796.8910634503094, 476.8848988407415], [0.0, 0.0, 1.0]], [[1249.9629280788233, 0.0, 825.3768045375984], [0.0, 1249.9629280788233, 462.54816385708756], [0.0, 0.0, 1.0]]], "extrinsics": [[[0.8229759931564331, -0.5680655837059021, -0.0034483233466744423, -0.71795654296875], [0.019650952890515327, 0.034534502774477005, -0.9992102980613708, 1.4950675964355469], [0.5677361488342285, 0.8222584128379822, 0.03958410024642944, -1.1375732421875], [0.0, 0.0, 0.0, 1.0]], [[0.011069049127399921, -0.9994810819625854, -0.030247963964939117, 0.0101318359375], [0.02164478600025177, 0.03048221953213215, -0.9993009567260742, 1.4863090515136719], [0.9997044801712036, 0.01040652859956026, 0.0219709649682045, -1.4484405517578125], [0.0, 0.0, 0.0, 1.0]], [[-0.8434258699417114, -0.5359839797019958, -0.03679586201906204, 0.904541015625], [0.029707204550504684, 0.02185700088739395, -0.9993196129798889, 1.4996223449707031], [0.5364235639572144, -0.8439451456069946, -0.002512174192816019, -1.1578369140625], [0.0, 0.0, 0.0, 1.0]], [[0.9478404521942139, 0.31834182143211365, 0.0160297229886055, -1.1451416015625], [0.004455869551748037, 0.037051692605018616, -0.9993034601211548, 1.5620384216308594], [-0.3187139630317688, 0.9472516179084778, 0.0337006039917469, -0.155517578125], [0.0, 0.0, 0.0, 1.0]], [[0.00887429341673851, 0.9995226263999939, 0.02959330379962921, -0.028564453125], [0.006623352877795696, 0.02953506074845791, -0.9995417594909668, 1.5685920715332031], [-0.9999386668205261, 0.009066253900527954, -0.006358088459819555, -0.03790283203125], [0.0, 0.0, 0.0, 1.0]], [[-0.9237721562385559, 0.3828735947608948, -0.007259242236614227, 1.01239013671875], [0.010686570778489113, 0.006825482007116079, -0.999919593334198, 1.5495176315307617], [-0.38279324769973755, -0.9237754940986633, -0.010396797209978104, -0.1041259765625], [0.0, 0.0, 0.0, 1.0]]], "view": [[0.0, -2.0, 100.0], [-2.0, 0.0, 100.0], [0.0, 0.0, 1.0]], "bev": "bev_6c05323888c24e678ef3512fc6416abc.png", "aux": "aux_6c05323888c24e678ef3512fc6416abc.npz", "visibility": "visibility_6c05323888c24e678ef3512fc6416abc.png", "pose": [[-0.8196568489074707, -0.57285475730896, 0.0, 1106.33642578125], [0.57285475730896, -0.8196568489074707, 0.0, 1191.6947021484375], [0.0, 0.0, 1.0, 0.0], [0.0, 0.0, 0.0, 1.0]], "pose_inverse": [[-0.8196568489074707, 0.57285475730896, 0.0, 224.1482391357422], [-0.57285475730896, -0.8196568489074707, 0.0, 1610.5509033203125], [0.0, 0.0, 1.0, 0.0], [0.0, 0.0, 0.0, 1.0]], "cam_ids": [0, 1, 2, 3, 4, 5], "cam_channels": ["CAM_FRONT_LEFT", "CAM_FRONT", "CAM_FRONT_RIGHT", "CAM_BACK_LEFT", "CAM_BACK", "CAM_BACK_RIGHT"], "token": "6c05323888c24e678ef3512fc6416abc", "scene": "scene-0228"}, {"images": ["samples/CAM_FRONT_LEFT/n008-2018-07-27-12-07-38-0400__CAM_FRONT_LEFT__1532708170404799.jpg", "samples/CAM_FRONT/n008-2018-07-27-12-07-38-0400__CAM_FRONT__1532708170412420.jpg", "samples/CAM_FRONT_RIGHT/n008-2018-07-27-12-07-38-0400__CAM_FRONT_RIGHT__1532708170420482.jpg", "samples/CAM_BACK_LEFT/n008-2018-07-27-12-07-38-0400__CAM_BACK_LEFT__1532708170447405.jpg", "samples/CAM_BACK/n008-2018-07-27-12-07-38-0400__CAM_BACK__1532708170437558.jpg", "samples/CAM_BACK_RIGHT/n008-2018-07-27-12-07-38-0400__CAM_BACK_RIGHT__1532708170428113.jpg"], "intrinsics": [[[1257.8625342125129, 0.0, 827.2410631095686], [0.0, 1257.8625342125129, 450.915498205774], [0.0, 0.0, 1.0]], [[1252.8131021185304, 0.0, 826.588114781398], [0.0, 1252.8131021185304, 469.9846626224581], [0.0, 0.0, 1.0]], [[1256.7485116440405, 0.0, 817.7887570959712], [0.0, 1256.7485116440403, 451.9541780095127], [0.0, 0.0, 1.0]], [[1254.9860565800168, 0.0, 829.5769333630991], [0.0, 1254.9860565800168, 467.1680561863987], [0.0, 0.0, 1.0]], [[796.8910634503094, 0.0, 857.7774326863696], [0.0, 796.8910634503094, 476.8848988407415], [0.0, 0.0, 1.0]], [[1249.9629280788233, 0.0, 825.3768045375984], [0.0, 1249.9629280788233, 462.54816385708756], [0.0, 0.0, 1.0]]], "extrinsics": [[[0.822975754737854, -0.5680520534515381, -0.005275618750602007, -0.71160888671875], [0.015939081087708473, 0.03237319737672806, -0.9993487000465393, 1.4938316345214844], [0.5678529143333435, 0.8223556876182556, 0.03569658100605011, -1.135009765625], [0.0, 0.0, 0.0, 1.0]], [[0.0109782163053751, -0.9995458722114563, -0.028060387820005417, 0.0111083984375], [0.01778443716466427, 0.028252817690372467, -0.9994426369667053, 1.4852561950683594], [0.9997815489768982, 0.010472996160387993, 0.018086526542901993, -1.444122314453125], [0.0, 0.0, 0.0, 1.0]], [[-0.8435490727424622, -0.5360876321792603, -0.03217090293765068, 0.903076171875], [0.02568964473903179, 0.01955586113035679, -0.9994786977767944, 1.4987754821777344], [0.5364372730255127, -0.8439357876777649, -0.0027244286611676216, -1.156005859375], [0.0, 0.0, 0.0, 1.0]], [[0.9479550123214722, 0.31822144985198975, 0.010787713341414928, -1.143310546875], [-0.00027903111185878515, 0.03471079096198082, -0.9993973970413208, 1.5620613098144531], [-0.3184041976928711, 0.947380781173706, 0.03299305960536003, -0.15576171875], [0.0, 0.0, 0.0, 1.0]], [[0.00894407369196415, 0.9995896220207214, 0.027213819324970245, -0.02880859375], [0.0020541977137327194, 0.027196481823921204, -0.9996280074119568, 1.5682106018066406], [-0.9999579787254333, 0.008996743708848953, -0.001810105866752565, -0.037200927734375], [0.0, 0.0, 0.0, 1.0]], [[-0.9238076210021973, 0.382833331823349, -0.004265443421900272, 1.01220703125], [0.006476315204054117, 0.004486436024308205, -0.999968945980072, 1.5488414764404297], [-0.382802277803421, -0.9238066077232361, -0.006623953580856323, -0.1036376953125], [0.0, 0.0, 0.0, 1.0]]], "view": [[0.0, -2.0, 100.0], [-2.0, 0.0, 100.0], [0.0, 0.0, 1.0]], "bev": "bev_24b48fb576814213ba44e0176c510f20.png", "aux": "aux_24b48fb576814213ba44e0176c510f20.npz", "visibility": "visibility_24b48fb576814213ba44e0176c510f20.png", "pose": [[-0.8139157891273499, -0.5809829235076904, 0.0, 1102.934326171875], [0.5809829235076904, -0.8139157891273499, 0.0, 1194.13671875], [0.0, 0.0, 1.0, 0.0], [0.0, 0.0, 0.0, 1.0]], "pose_inverse": [[-0.8139157891273499, 0.5809829235076904, 0.0, 203.92262268066406], [-0.5809829235076904, -0.8139157891273499, 0.0, 1612.712646484375], [0.0, 0.0, 1.0, 0.0], [0.0, 0.0, 0.0, 1.0]], "cam_ids": [0, 1, 2, 3, 4, 5], "cam_channels": ["CAM_FRONT_LEFT", "CAM_FRONT", "CAM_FRONT_RIGHT", "CAM_BACK_LEFT", "CAM_BACK", "CAM_BACK_RIGHT"], "token": "24b48fb576814213ba44e0176c510f20", "scene": "scene-0228"}, {"images": ["samples/CAM_FRONT_LEFT/n008-2018-07-27-12-07-38-0400__CAM_FRONT_LEFT__1532708170904799.jpg", "samples/CAM_FRONT/n008-2018-07-27-12-07-38-0400__CAM_FRONT__1532708170912404.jpg", "samples/CAM_FRONT_RIGHT/n008-2018-07-27-12-07-38-0400__CAM_FRONT_RIGHT__1532708170920482.jpg", "samples/CAM_BACK_LEFT/n008-2018-07-27-12-07-38-0400__CAM_BACK_LEFT__1532708170947405.jpg", "samples/CAM_BACK/n008-2018-07-27-12-07-38-0400__CAM_BACK__1532708170937558.jpg", "samples/CAM_BACK_RIGHT/n008-2018-07-27-12-07-38-0400__CAM_BACK_RIGHT__1532708170928113.jpg"], "intrinsics": [[[1257.8625342125129, 0.0, 827.2410631095686], [0.0, 1257.8625342125129, 450.915498205774], [0.0, 0.0, 1.0]], [[1252.8131021185304, 0.0, 826.588114781398], [0.0, 1252.8131021185304, 469.9846626224581], [0.0, 0.0, 1.0]], [[1256.7485116440405, 0.0, 817.7887570959712], [0.0, 1256.7485116440403, 451.9541780095127], [0.0, 0.0, 1.0]], [[1254.9860565800168, 0.0, 829.5769333630991], [0.0, 1254.9860565800168, 467.1680561863987], [0.0, 0.0, 1.0]], [[796.8910634503094, 0.0, 857.7774326863696], [0.0, 796.8910634503094, 476.8848988407415], [0.0, 0.0, 1.0]], [[1249.9629280788233, 0.0, 825.3768045375984], [0.0, 1249.9629280788233, 462.54816385708756], [0.0, 0.0, 1.0]]], "extrinsics": [[[0.822647213935852, -0.5685450434684753, -0.0028697059024125338, -0.71099853515625], [0.018481435254216194, 0.03178546205163002, -0.999323844909668, 1.4948081970214844], [0.5682517886161804, 0.8220378756523132, 0.03665575012564659, -1.1326904296875], [0.0, 0.0, 0.0, 1.0]], [[0.010573025792837143, -0.9995656609535217, -0.027508242055773735, 0.01025390625], [0.020319946110248566, 0.02771887555718422, -0.9994092583656311, 1.4860649108886719], [0.9997376203536987, 0.010007841512560844, 0.020604189485311508, -1.4418182373046875], [0.0, 0.0, 0.0, 1.0]], [[-0.8436614274978638, -0.5357949733734131, -0.034046851098537445, 0.90057373046875], [0.0282171368598938, 0.01907704770565033, -0.9994197487831116, 1.4994277954101562], [0.5361335873603821, -0.8441326022148132, -0.0009759709937497973, -1.155517578125], [0.0, 0.0, 0.0, 1.0]], [[0.9478558301925659, 0.3184258043766022, 0.01320382859557867, -1.14056396484375], [0.0023255927953869104, 0.03451855108141899, -0.9994013905525208, 1.5620498657226562], [-0.3186910152435303, 0.9473190903663635, 0.03197808191180229, -0.1571044921875], [0.0, 0.0, 0.0, 1.0]], [[0.009033681824803352, 0.9995967745780945, 0.026920048519968987, -0.028564453125], [0.00467509962618351, 0.026878634467720985, -0.9996277093887329, 1.5684471130371094], [-0.999948263168335, 0.009156129322946072, -0.004430402535945177, -0.0405731201171875]