[{"images": ["samples/CAM_FRONT_LEFT/n008-2018-05-21-11-06-59-0400__CAM_FRONT_LEFT__1526915637004917.jpg", "samples/CAM_FRONT/n008-2018-05-21-11-06-59-0400__CAM_FRONT__1526915637012465.jpg", "samples/CAM_FRONT_RIGHT/n008-2018-05-21-11-06-59-0400__CAM_FRONT_RIGHT__1526915637019956.jpg", "samples/CAM_BACK_LEFT/n008-2018-05-21-11-06-59-0400__CAM_BACK_LEFT__1526915637047295.jpg", "samples/CAM_BACK/n008-2018-05-21-11-06-59-0400__CAM_BACK__1526915637037570.jpg", "samples/CAM_BACK_RIGHT/n008-2018-05-21-11-06-59-0400__CAM_BACK_RIGHT__1526915637027813.jpg"], "intrinsics": [[[1256.4720761102153, 0.0, 759.9201772536986], [0.0, 1256.472076110215, 418.2347543062189], [0.0, 0.0, 1.0]], [[1262.8093578767177, 0.0, 786.6784634591471], [0.0, 1262.8093578767177, 437.9890946201144], [0.0, 0.0, 1.0]], [[1264.1253743585607, 0.0, 761.8659236816043], [0.0, 1264.125374358561, 415.0768894058469], [0.0, 0.0, 1.0]], [[1258.2338510172276, 0.0, 742.9036438917772], [0.0, 1258.2338510172278, 422.93240569290015], [0.0, 0.0, 1.0]], [[798.1242652672415, 0.0, 679.0081140747895], [0.0, 798.1242652672414, 419.2474525237902], [0.0, 0.0, 1.0]], [[1259.4297629105833, 0.0, 752.9541347831612], [0.0, 1259.4297629105833, 429.46398926977497], [0.0, 0.0, 1.0]]], "extrinsics": [[[0.8093472719192505, -0.5870715975761414, 0.01743336394429207, -1.0155029296875], [0.021370597183704376, -0.0002267991949338466, -0.9997715950012207, 1.4984283447265625], [0.5869413614273071, 0.809535026550293, 0.012362511828541756, -1.31805419921875], [0.0, 0.0, 0.0, 1.0]], [[-0.005101981107145548, -0.9999731183052063, 0.005274138879030943, -0.026611328125], [0.011729061603546143, -0.005333687178790569, -0.9999169707298279, 1.5130195617675781], [0.9999182224273682, -0.005039712879806757, 0.011755957268178463, -1.6888427734375], [0.0, 0.0, 0.0, 1.0]], [[-0.8110691905021667, -0.5847665667533875, -0.014655552804470062, 1.005615234375], [0.017255956307053566, 0.0011245294008404016, -0.9998504519462585, 1.4959144592285156], [0.58469557762146, -0.8112008571624756, 0.00917863380163908, -1.37353515625], [0.0, 0.0, 0.0, 1.0]], [[0.9457107782363892, 0.3249443471431732, 0.006502425763756037, -1.1539306640625], [0.004757170099765062, 0.0061651235446333885, -0.9999696612358093, 1.595919132232666], [-0.32497456669807434, 0.9457131028175354, 0.00428460817784071, -0.0797119140625], [0.0, 0.0, 0.0, 1.0]], [[0.017895324155688286, 0.9998398423194885, 0.0001456624740967527, 0.005615234375], [0.013313769362866879, -9.26193970371969e-05, -0.9999114274978638, 1.5395622253417969], [-0.9997512102127075, 0.017895683646202087, -0.0133132953196764, 0.1083984375], [0.0, 0.0, 0.0, 1.0]], [[-0.9349030256271362, 0.3548106253147125, -0.008114319294691086, 1.149658203125], [0.008234851993620396, -0.001170348608866334, -0.9999653697013855, 1.5839519500732422], [-0.3548077940940857, -0.9349374771118164, -0.0018276498885825276, -0.054107666015625], [0.0, 0.0, 0.0, 1.0]]], "view": [[0.0, -2.0, 100.0], [-2.0, 0.0, 100.0], [0.0, 0.0, 1.0]], "bev": "bev_917aab7e32f94412b9dca17a5607db12.png", "aux": "aux_917aab7e32f94412b9dca17a5607db12.npz", "visibility": "visibility_917aab7e32f94412b9dca17a5607db12.png", "pose": [[-0.6541612148284912, 0.7563551664352417, 0.0, 1784.6163330078125], [-0.7563551664352417, -0.6541612148284912, 0.0, 1129.6796875], [0.0, 0.0, 1.0, 0.0], [0.0, 0.0, 0.0, 1.0]], "pose_inverse": [[-0.6541612148284912, -0.7563551664352417, 0.0, 2021.8658447265625], [0.7563551664352417, -0.6541612148284912, 0.0, -610.8110961914062], [0.0, 0.0, 1.0, 0.0], [0.0, 0.0, 0.0, 1.0]], "cam_ids": [0, 1, 2, 3, 4, 5], "cam_channels": ["CAM_FRONT_LEFT", "CAM_FRONT", "CAM_FRONT_RIGHT", "CAM_BACK_LEFT", "CAM_BACK", "CAM_BACK_RIGHT"], "token": "917aab7e32f94412b9dca17a5607db12", "scene": "scene-0171"}, {"images": ["samples/CAM_FRONT_LEFT/n008-2018-05-21-11-06-59-0400__CAM_FRONT_LEFT__1526915637504917.jpg", "samples/CAM_FRONT/n008-2018-05-21-11-06-59-0400__CAM_FRONT__1526915637512465.jpg", "samples/CAM_FRONT_RIGHT/n008-2018-05-21-11-06-59-0400__CAM_FRONT_RIGHT__1526915637519956.jpg", "samples/CAM_BACK_LEFT/n008-2018-05-21-11-06-59-0400__CAM_BACK_LEFT__1526915637547295.jpg", "samples/CAM_BACK/n008-2018-05-21-11-06-59-0400__CAM_BACK__1526915637537570.jpg", "samples/CAM_BACK_RIGHT/n008-2018-05-21-11-06-59-0400__CAM_BACK_RIGHT__1526915637527813.jpg"], "intrinsics": [[[1256.4720761102153, 0.0, 759.9201772536986], [0.0, 1256.472076110215, 418.2347543062189], [0.0, 0.0, 1.0]], [[1262.8093578767177, 0.0, 786.6784634591471], [0.0, 1262.8093578767177, 437.9890946201144], [0.0, 0.0, 1.0]], [[1264.1253743585607, 0.0, 761.8659236816043], [0.0, 1264.125374358561, 415.0768894058469], [0.0, 0.0, 1.0]], [[1258.2338510172276, 0.0, 742.9036438917772], [0.0, 1258.2338510172278, 422.93240569290015], [0.0, 0.0, 1.0]], [[798.1242652672415, 0.0, 679.0081140747895], [0.0, 798.1242652672414, 419.2474525237902], [0.0, 0.0, 1.0]], [[1259.4297629105833, 0.0, 752.9541347831612], [0.0, 1259.4297629105833, 429.46398926977497], [0.0, 0.0, 1.0]]], "extrinsics": [[[0.8086419701576233, -0.5880040526390076, 0.018693072721362114, -0.9853515625], [0.023055287078022957, -7.590620953124017e-05, -0.9997342228889465, 1.4992866516113281], [0.5878491997718811, 0.8088579177856445, 0.01349522266536951, -1.2962646484375], [0.0, 0.0, 0.0, 1.0]], [[-0.006040798034518957, -0.9999687671661377, 0.005091717466711998, -0.02642822265625], [0.013353129848837852, -0.005172019824385643, -0.9998975396156311, 1.5134391784667969], [0.9998926520347595, -0.005972201935946941, 0.01338395569473505, -1.6580810546875], [0.0, 0.0, 0.0, 1.0]], [[-0.8114700317382812, -0.5841741561889648, -0.016032150015234947, 0.9862060546875], [0.01883036457002163, 0.0012821831041947007, -0.9998219013214111, 1.496368408203125], [0.5840905904769897, -0.8116272687911987, 0.009959759190678596, -1.3592529296875], [0.0, 0.0, 0.0, 1.0]], [[0.9457072615623474, 0.32492560148239136, 0.007819686084985733, -1.1546630859375], [0.0060746194794774055, 0.00638475501909852, -0.9999611377716064, 1.5959148406982422], [-0.32496294379234314, 0.9457180500030518, 0.004064309876412153, -0.0792236328125], [0.0, 0.0, 0.0, 1.0]], [[0.018153201788663864, 0.9998351335525513, 0.00037918880116194487, 0.005859375], [0.014724384993314743, 0.00011187126074219123, -0.9998915791511536, 1.5396842956542969], [-0.9997267723083496, 0.018156835809350014, -0.014719925820827484, 0.1002197265625], [0.0, 0.0, 0.0, 1.0]], [[-0.9347074627876282, 0.3552919924259186, -0.009455842897295952, 1.134033203125], [0.009738723747432232, -0.0009922303725033998, -0.9999521374702454, 1.5841178894042969], [-0.35528430342674255, -0.9347548484802246, -0.002532645594328642, -0.060028076171875], [0.0, 0.0, 0.0, 1.0]]], "view": [[0.0, -2.0, 100.0], [-2.0, 0.0, 100.0], [0.0, 0.0, 1.0]], "bev": "bev_8c7a790c72324ef8a40cda60556e31a5.png", "aux": "aux_8c7a790c72324ef8a40cda60556e31a5.npz", "visibility": "visibility_8c7a790c72324ef8a40cda60556e31a5.png", "pose": [[-0.6441421508789062, 0.7649058103561401, 0.0, 1784.4404296875], [-0.7649058103561401, -0.6441421508789062, 0.0, 1129.4779052734375], [0.0, 0.0, 1.0, 0.0], [0.0, 0.0, 0.0, 1.0]], "pose_inverse": [[-0.6441421508789062, -0.7649058103561401, 0.0, 2013.3775634765625], [0.7649058103561401, -0.6441421508789062, 0.0, -637.3844604492188], [0.0, 0.0, 1.0, 0.0], [0.0, 0.0, 0.0, 1.0]], "cam_ids": [0, 1, 2, 3, 4, 5], "cam_channels": ["CAM_FRONT_LEFT", "CAM_FRONT", "CAM_FRONT_RIGHT", "CAM_BACK_LEFT", "CAM_BACK", "CAM_BACK_RIGHT"], "token": "8c7a790c72324ef8a40cda60556e31a5", "scene": "scene-0171"}, {"images": ["samples/CAM_FRONT_LEFT/n008-2018-05-21-11-06-59-0400__CAM_FRONT_LEFT__1526915638004917.jpg", "samples/CAM_FRONT/n008-2018-05-21-11-06-59-0400__CAM_FRONT__1526915638012465.jpg", "samples/CAM_FRONT_RIGHT/n008-2018-05-21-11-06-59-0400__CAM_FRONT_RIGHT__1526915638019956.jpg", "samples/CAM_BACK_LEFT/n008-2018-05-21-11-06-59-0400__CAM_BACK_LEFT__1526915638047295.jpg", "samples/CAM_BACK/n008-2018-05-21-11-06-59-0400__CAM_BACK__1526915638037570.jpg", "samples/CAM_BACK_RIGHT/n008-2018-05-21-11-06-59-0400__CAM_BACK_RIGHT__1526915638027813.jpg"], "intrinsics": [[[1256.4720761102153, 0.0, 759.9201772536986], [0.0, 1256.472076110215, 418.2347543062189], [0.0, 0.0, 1.0]], [[1262.8093578767177, 0.0, 786.6784634591471], [0.0, 1262.8093578767177, 437.9890946201144], [0.0, 0.0, 1.0]], [[1264.1253743585607, 0.0, 761.8659236816043], [0.0, 1264.125374358561, 415.0768894058469], [0.0, 0.0, 1.0]], [[1258.2338510172276, 0.0, 742.9036438917772], [0.0, 1258.2338510172278, 422.93240569290015], [0.0, 0.0, 1.0]], [[798.1242652672415, 0.0, 679.0081140747895], [0.0, 798.1242652672414, 419.2474525237902], [0.0, 0.0, 1.0]], [[1259.4297629105833, 0.0, 752.9541347831612], [0.0, 1259.4297629105833, 429.46398926977497], [0.0, 0.0, 1.0]]], "extrinsics": [[[0.8088904619216919, -0.5876740217208862, 0.018316637724637985, -0.948974609375], [0.023200003430247307, 0.0007734876708127558, -0.9997305870056152, 1.500335693359375], [0.5875015258789062, 0.8090974688529968, 0.014259705320000648, -1.26995849609375], [0.0, 0.0, 0.0, 1.0]], [[-0.0056592971086502075, -0.9999746680259705, 0.00431936327368021, -0.02667236328125], [0.013486133888363838, -0.004395361989736557, -0.9998993873596191, 1.5139274597167969], [0.9998930096626282, -0.005600403994321823, 0.013510665856301785, -1.62158203125], [0.0, 0.0, 0.0, 1.0]], [[-0.8112909197807312, -0.5844087600708008, -0.016537223011255264, 0.96337890625], [0.018946107476949692, 0.001990760676562786, -0.9998185038566589, 1.4968986511230469], [0.5843356251716614, -0.8114569783210754, 0.009457184933125973, -1.343017578125], [0.0, 0.0, 0.0, 1.0]], [[0.9457109570503235, 0.3249107301235199, 0.007988117635250092, -1.1551513671875], [0.00612190505489707, 0.006765652913600206, -0.999958336353302, 1.5959067344665527], [-0.32495132088661194, 0.9457204937934875, 0.004409279208630323, -0.0791015625], [0.0, 0.0, 0.0, 1.0]], [[0.018049772828817368, 0.9998366832733154, 0.0008879369706846774, 0.0059814453125], [0.014804172329604626, 0.0006207291735336185, -0.9998902678489685, 1.5398235321044922], [-0.9997274875640869, 0.01806088536977768, -0.0147905508056283, 0.0906982421875], [0.0, 0.0, 0.0, 1.0]], [[-0.9347831606864929, 0.3550961911678314, -0.009333806112408638, 1.11572265625], [0.009843620471656322, -0.00037089313264004886, -0.9999514818191528, 1.5843143463134766], [-0.3550824820995331, -0.9348297715187073, -0.0031487278174608946, -0.067108154296875], [0.0, 0.0, 0.0, 1.0]]], "view": [[0.0, -2.0, 100.0], [-2.0, 0.0, 100.0], [0.0, 0.0, 1.0]], "bev": "bev_35edfab4ae2d411fa354988b0e86d23c.png", "aux": "aux_35edfab4ae2d411fa354988b0e86d23c.npz", "visibility": "visibility_35edfab4ae2d411fa354988b0e86d23c.png", "pose": [[-0.6296162605285645, 0.7769063115119934, 0.0, 1783.9283447265625], [-0.7769063115119934, -0.6296162605285645, 0.0, 1128.8663330078125], [0.0, 0.0, 1.0, 0.0], [0.0, 0.0, 0.0, 1.0]], "pose_inverse": [[-0.6296162605285645, -0.7769063115119934, 0.0, 2000.213623046875], [0.7769063115119934, -0.6296162605285645, 0.0, -675.1925659179688], [0.0, 0.0, 1.0, 0.0], [0.0, 0.0, 0.0, 1.0]], "cam_ids": [0, 1, 2, 3, 4, 5], "cam_channels": ["CAM_FRONT_LEFT", "CAM_FRONT", "CAM_FRONT_RIGHT", "CAM_BACK_LEFT", "CAM_BACK", "CAM_BACK_RIGHT"], "token": "35edfab4ae2d411fa354988b0e86d23c", "scene": "scene-0171"}, {"images": ["samples/CAM_FRONT_LEFT/n008-2018-05-21-11-06-59-0400__CAM_FRONT_LEFT__1526915638504917.jpg", "samples/CAM_FRONT/n008-2018-05-21-11-06-59-0400__CAM_FRONT__1526915638512465.jpg", "samples/CAM_FRONT_RIGHT/n008-2018-05-21-11-06-59-0400__CAM_FRONT_RIGHT__1526915638519956.jpg", "samples/CAM_BACK_LEFT/n008-2018-05-21-11-06-59-0400__CAM_BACK_LEFT__1526915638547295.jpg", "samples/CAM_BACK/n008-2018-05-21-11-06-59-0400__CAM_BACK__1526915638537570.jpg", "samples/CAM_BACK_RIGHT/n008-2018-05-21-11-06-59-0400__CAM_BACK_RIGHT__1526915638527813.jpg"], "intrinsics": [[[1256.4720761102153, 0.0, 759.9201772536986], [0.0, 1256.472076110215, 418.2347543062189], [0.0, 0.0, 1.0]], [[1262.8093578767177, 0.0, 786.6784634591471], [0.0, 1262.8093578767177, 437.9890946201144], [0.0, 0.0, 1.0]], [[1264.1253743585607, 0.0, 761.8659236816043], [0.0, 1264.125374358561, 415.0768894058469], [0.0, 0.0, 1.0]], [[1258.2338510172276, 0.0, 742.9036438917772], [0.0, 1258.2338510172278, 422.93240569290015], [0.0, 0.0, 1.0]], [[798.1242652672415, 0.0, 679.0081140747895], [0.0, 798.1242652672414, 419.2474525237902], [0.0, 0.0, 1.0]], [[1259.4297629105833, 0.0, 752.9541347831612], [0.0, 1259.4297629105833, 429.46398926977497], [0.0, 0.0, 1.0]]], "extrinsics": [[[0.8096292614936829, -0.5866187214851379, 0.019462844356894493, -0.9105224609375], [0.02349940501153469, -0.00073584308847785, -0.9997236132621765, 1.5014686584472656], [0.5864710211753845, 0.8098629117012024, 0.013189433142542839, -1.24267578125], [0.0, 0.0, 0.0, 1.0]], [[-0.004630948416888714, -0.9999725222587585, 0.005789080634713173, -0.0267333984375], [0.013710820116102695, -0.005852092523127794, -0.9998888969421387, 1.5144691467285156], [0.9998953342437744, -0.004551122896373272, 0.013737543486058712, -1.5836181640625], [0.0, 0.0, 0.0, 1.0]], [[-0.8108192086219788, -0.5850825905799866, -0.0158377718180418, 0.9388427734375], [0.01910293474793434, 0.000591119984164834, -0.9998173713684082, 1.49749755859375], [0.584985077381134, -0.810973584651947, 0.010697501711547375, -1.324951171875], [0.0, 0.0, 0.0, 1.0]], [[0.9457217454910278, 0.3248865306377411, 0.0076873512007296085, -1.1529541015625], [0.00619185296818614, 0.005636774003505707, -0.9999649524688721, 1.5959243774414062], [-0.3249185383319855, 0.945736289024353, 0.0033191703259944916, -0.079833984375], [0.0, 0.0, 0.0, 1.0]], [[0.017781909555196762, 0.9998418688774109, -0.00034782744478434324, 0.006103515625], [0.014896881766617298, -0.0006127795786596835, -0.9998888969421387, 1.5400123596191406], [-0.9997309446334839, 0.017774751409888268, -0.014905421994626522, 0.078369140625], [0.0, 0.0, 0.0, 1.0]], [[-0.9349828362464905, 0.3545542061328888, -0.009918777272105217, 1.094482421875], [0.00995890237390995, -0.0017116370145231485, -0.9999489784240723, 1.5845451354980469], [-0.3545530438423157, -0.935033917427063, -0.0019306187750771642, -0.07482147216796875], [0.0, 0.0, 0.0, 1.0]]], "view": [[0.0, -2.0, 100.0], [-2.0, 0.0, 100.0], [0.0, 0.0, 1.0]], "bev": "bev_ff411336b45d4350abf69363cdb778a2.png", "aux": "aux_ff411336b45d4350abf69363cdb778a2.npz", "visibility": "visibility_ff411336b45d4350abf69363cdb778a2.png", "pose": [[-0.6232851147651672, 0.7819947004318237, 0.0, 1783.054443359375], [-0.7819947004318237, -0.6232851147651672, 0.0, 1127.777099609375], [0.0, 0.0, 1.0, 0.0], [0.0, 0.0, 0.0, 1.0]], "pose_inverse": [[-0.6232851147651672, -0.7819947004318237, 0.0, 1993.2669677734375], [0.7819947004318237, -0.6232851147651672, 0.0, -691.4124755859375], [0.0, 0.0, 1.0, 0.0], [0.0, 0.0, 0.0, 1.0]], "cam_ids": [0, 1, 2, 3, 4, 5], "cam_channels": ["CAM_FRONT_LEFT", "CAM_FRONT", "CAM_FRONT_RIGHT", "CAM_BACK_LEFT", "CAM_BACK", "CAM_BACK_RIGHT"], "token": "ff411336b45d4350abf69363cdb778a2", "scene": "scene-0171"}, {"images": ["samples/CAM_FRONT_LEFT/n008-2018-05-21-11-06-59-0400__CAM_FRONT_LEFT__1526915639004917.jpg", "samples/CAM_FRONT/n008-2018-05-21-11-06-59-0400__CAM_FRONT__1526915639012465.jpg", "samples/CAM_FRONT_RIGHT/n008-2018-05-21-11-06-59-0400__CAM_FRONT_RIGHT__1526915639019956.jpg", "samples/CAM_BACK_LEFT/n008-2018-05-21-11-06-59-0400__CAM_BACK_LEFT__1526915639047295.jpg", "samples/CAM_BACK/n008-2018-05-21-11-06-59-0400__CAM_BACK__1526915639037570.jpg", "samples/CAM_BACK_RIGHT/n008-2018-05-21-11-06-59-0400__CAM_BACK_RIGHT__1526915639027813.jpg"], "intrinsics": [[[1256.4720761102153, 0.0, 759.9201772536986], [0.0, 1256.472076110215, 418.2347543062189], [0.0, 0.0, 1.0]], [[1262.8093578767177, 0.0, 786.6784634591471], [0.0, 1262.8093578767177, 437.9890946201144], [0.0, 0.0, 1.0]], [[1264.1253743585607, 0.0, 761.8659236816043], [0.0, 1264.125374358561, 415.0768894058469], [0.0, 0.0, 1.0]], [[1258.2338510172276, 0.0, 742.9036438917772], [0.0, 1258.2338510172278, 422.93240569290015], [0.0, 0.0, 1.0]], [[798.1242652672415, 0.0, 679.0081140747895], [0.0, 798.1242652672414, 419.2474525237902], [0.0, 0.0, 1.0]], [[1259.4297629105833, 0.0, 752.9541347831612], [0.0, 1259.4297629105833, 429.46398926977497], [0.0, 0.0, 1.0]]], "extrinsics": [[[0.809305727481842, -0.5870975852012634, 0.018454356119036674, -0.87451171875], [0.023927723988890648, 0.0015598690370097756, -0.9997124671936035, 1.5025978088378906], [0.5869000554084778, 0.8095146417617798, 0.015310320071876049, -1.21575927734375], [0.0, 0.0, 0.0, 1.0]], [[-0.0051239351741969585, -0.9999812245368958, 0.0033672251738607883, -0.0272216796875], [0.0141474399715662, -0.003439423395320773, -0.9998940229415894, 1.5150527954101562], [0.9998867511749268, -0.005075725726783276, 0.014164797961711884, -1.545654296875], [0.0, 0.0, 0.0, 1.0]], [[-0.8110405802726746, -0.5847230553627014, -0.017665443941950798, 0.91455078125], [0.019525917246937752, 0.0031222959514707327, -0.9998044371604919, 1.4981040954589844], [0.5846639275550842, -0.8112269043922424, 0.008884944953024387, -1.3079833984375], [0.0, 0.0, 0.0, 1.0]], [[0.9456998705863953, 0.3249199390411377, 0.008874364197254181, -1.1534423828125], [0.006486048456281424, 0.008432867005467415, -0.9999434351921082, 1.5959205627441406], [-0.3249764144420624, 0.94570392370224, 0.005867515690624714, -0.079833984375], [0.0, 0.0, 0.0, 1.0]], [[0.01790204830467701, 0.9998369812965393, 0.0023639684077352285, 0.00653076171875], [0.015248204581439495, 0.0020910543389618397, -0.9998815655708313, 1.5401782989501953], [-0.9997234344482422, 0.01793600805103779, -0.015208284370601177, 0.0679931640625], [0.0, 0.0, 0.0, 1.0]], [[-0.934880256652832, 0.3548397123813629, -0.009358885698020458, 1.0751953125], [0.010357024148106575, 0.0009136450826190412, -0.9999459385871887, 1.5847835540771484], [-0.35481199622154236, -0.9349267482757568, -0.004529232159256935, -0.08250045776367188], [0.0, 0.0, 0.0, 1.0]]], "view": [[0.0, -2.0, 100.0], [-2.0, 0.0, 100.0], [0.0, 0.0, 1.0]], "bev": "bev_d6ce7bb2eb784100b26f6df124340fe1.png", "aux": "aux_d6ce7bb2eb784100b26f6df124340fe1.npz", "visibility": "visibility_d6ce7bb2eb784100b26f6df124340fe1.png", "pose": [[-0.6230227947235107, 0.7822036743164062, 0.0, 1781.899658203125], [-0.7822036743164062, -0.6230227947235107, 0.0, 1126.340576171875], [0.0, 0.0, 1.0, 0.0], [0.0, 0.0, 0.0, 1.0]], "pose_inverse": [[-0.6230227947235107, -0.7822036743164062, 0.0, 1991.19189453125], [0.7822036743164062, -0.6230227947235107, 0.0, -692.0726318359375], [0.0, 0.0, 1.0, 0.0], [0.0, 0.0, 0.0, 1.0]], "cam_ids": [0, 1, 2, 3, 4, 5], "cam_channels": ["CAM_FRONT_LEFT", "CAM_FRONT", "CAM_FRONT_RIGHT", "CAM_BACK_LEFT", "CAM_BACK", "CAM_BACK_RIGHT"], "token": "d6ce7bb2eb784100b26f6df124340fe1", "scene": "scene-0171"}, {"images": ["samples/CAM_FRONT_LEFT/n008-2018-05-21-11-06-59-0400__CAM_FRONT_LEFT__1526915639504917.jpg", "samples/CAM_FRONT/n008-2018-05-21-11-06-59-0400__CAM_FRONT__1526915639512465.jpg", "samples/CAM_FRONT_RIGHT/n008-2018-05-21-11-06-59-0400__CAM_FRONT_RIGHT__1526915639519956.jpg", "samples/CAM_BACK_LEFT/n008-2018-05-21-11-06-59-0400__CAM_BACK_LEFT__1526915639547295.jpg", "samples/CAM_BACK/n008-2018-05-21-11-06-59-0400__CAM_BACK__1526915639537570.jpg", "samples/CAM_BACK_RIGHT/n008-2018-05-21-11-06-59-0400__CAM_BACK_RIGHT__1526915639527813.jpg"], "intrinsics": [[[1256.4720761102153, 0.0, 759.9201772536986], [0.0, 1256.472076110215, 418.2347543062189], [0.0, 0.0, 1.0]], [[1262.8093578767177, 0.0, 786.6784634591471], [0.0, 1262.8093578767177, 437.9890946201144], [0.0, 0.0, 1.0]], [[1264.1253743585607, 0.0, 761.8659236816043], [0.0, 1264.125374358561, 415.0768894058469], [0.0, 0.0, 1.0]], [[1258.2338510172276, 0.0, 742.9036438917772], [0.0, 1258.2338510172278, 422.93240569290015], [0.0, 0.0, 1.0]], [[798.1242652672415, 0.0, 679.0081140747895], [0.0, 798.1242652672414, 419.2474525237902], [0.0, 0.0, 1.0]], [[1259.4297629105833, 0.0, 752.9541347831612], [0.0, 1259.4297629105833, 429.46398926977497], [0.0, 0.0, 1.0]]], "extrinsics": [[[0.807863712310791, -0.5890728235244751, 0.01868971809744835, -0.8402099609375], [0.024260904639959335, 0.001553817535750568, -0.9997044801712036, 1.5036582946777344], [0.5888697504997253, 0.808078408241272, 0.015546712093055248, -1.19287109375], [0.0, 0.0, 0.0, 1.0]], [[-0.006979793310165405, -0.999969482421875, 0.0034910349640995264, -0.026123046875], [0.014454018324613571, -0.0035916422493755817, -0.999889075756073, 1.5156364440917969], [0.9998711943626404, -0.006928499322384596, 0.014478646218776703, -1.5087890625], [0.0, 0.0, 0.0, 1.0]], [[-0.8118795156478882, -0.583554744720459, -0.017764577642083168, 0.89111328125], [0.01985989697277546, 0.0028054947033524513, -0.9997988343238831, 1.4987373352050781], [0.5834871530532837, -0.8120689392089844, 0.009311611764132977, -1.2894287109375], [0.0, 0.0, 0.0, 1.0]], [[0.9457225799560547, 0.3248506188392639, 0.008991856127977371, -1.1513671875], [0.006894397549331188, 0.007607174105942249, -0.9999473094940186, 1.5959343910217285], [-0.3249019384384155, 0.9457347393035889, 0.004954627249389887, -0.0806884765625], [0.0, 0.0, 0.0, 1.0]], [[0.01845201477408409, 0.9998282194137573, 0.001722665154375136, 0.0059814453125], [0.015604875050485134, 0.0014347588876262307, -0.9998772144317627, 1.5403785705566406], [-0.9997079372406006, 0.018476616591215134, -0.015575719997286797, 0.055908203125], [0.0, 0.0, 0.0, 1.0]], [[-0.9345074892044067, 0.35580775141716003, -0.009830944240093231, 1.05419921875], [0.010691730305552483, 0.0004528290592133999, -0.9999427795410156, 1.5850467681884766], [-0.3557828366756439, -0.9345591068267822, -0.0042273723520338535, -0.08958721160888672], [0.0, 0.0, 0.0, 1.0]]], "view": [[0.0, -2.0, 100.0], [-2.0, 0.0, 100.0], [0.0, 0.0, 1.0]], "bev": "bev_2704f1f555a24ca18324a052c8c3b5a4.png", "aux": "aux_2704f1f555a24ca18324a052c8c3b5a4.npz", "visibility": "visibility_2704f1f555a24ca18324a052c8c3b5a4.png", "pose": [[-0.6045490503311157, 0.7965679168701172, 0.0, 1780.48291015625], [-0.7965679168701172, -0.6045490503311157, 0.0, 1124.5518798828125], [0.0, 0.0, 1.0, 0.0], [0.0, 0.0, 0.0, 1.0]], "pose_inverse": [[-0.6045490503311157, -0.7965679168701172, 0.0, 1972.171142578125], [0.7965679168701172, -0.6045490503311157, 0.0, -738.4288330078125], [0.0, 0.0, 1.0, 0.0], [0.0, 0.0, 0.0, 1.0]], "cam_ids": [0, 1, 2, 3, 4, 5], "cam_channels": ["CAM_FRONT_LEFT", "CAM_FRONT", "CAM_FRONT_RIGHT", "CAM_BACK_LEFT", "CAM_BACK", "CAM_BACK_RIGHT"], "token": "2704f1f555a24ca18324a052c8c3b5a4", "scene": "scene-0171"}, {"images": ["samples/CAM_FRONT_LEFT/n008-2018-05-21-11-06-59-0400__CAM_FRONT_LEFT__1526915640004917.jpg", "samples/CAM_FRONT/n008-2018-05-21-11-06-59-0400__CAM_FRONT__1526915640012465.jpg", "samples/CAM_FRONT_RIGHT/n008-2018-05-21-11-06-59-0400__CAM_FRONT_RIGHT__1526915640019956.jpg", "samples/CAM_BACK_LEFT/n008-2018-05-21-11-06-59-0400__CAM_BACK_LEFT__1526915640047295.jpg", "samples/CAM_BACK/n008-2018-05-21-11-06-59-0400__CAM_BACK__1526915640037570.jpg", "samples/CAM_BACK_RIGHT/n008-2018-05-21-11-06-59-0400__CAM_BACK_RIGHT__1526915640027813.jpg"], "intrinsics": [[[1256.4720761102153, 0.0, 759.9201772536986], [0.0, 1256.472076110215, 418.2347543062189], [0.0, 0.0, 1.0]], [[1262.8093578767177, 0.0, 786.6784634591471], [0.0, 1262.8093578767177, 437.9890946201144], [0.0, 0.0, 1.0]], [[1264.1253743585607, 0.0, 761.8659236816043], [0.0, 1264.125374358561, 415.0768894058469], [0.0, 0.0, 1.0]], [[1258.2338510172276, 0.0, 742.9036438917772], [0.0, 1258.2338510172278, 422.93240569290015], [0.0, 0.0, 1.0]], [[798.1242652672415, 0.0, 679.0081140747895], [0.0, 798.1242652672414, 419.2474525237902], [0.0, 0.0, 1.0]], [[1259.4297629105833, 0.0, 752.9541347831612], [0.0, 1259.4297629105833, 429.46398926977497], [0.0, 0.0, 1.0]]], "extrinsics": [[[0.8086771965026855, -0.5879320502281189, 0.019417520612478256, -0.818115234375], [0.02403019554913044, 3.530878893798217e-05, -0.999711275100708, 1.5042877197265625], [0.5877615809440613, 0.8089103698730469, 0.014156674034893513, -1.175567626953125], [0.0, 0.0, 0.0, 1.0]], [[-0.005998268257826567, -0.9999697804450989, 0.00493520637974143, -0.02703857421875], [0.014211428351700306, -0.0050200424157083035, -0.9998863935470581, 1.5158863067626953], [0.9998809695243835, -0.005927487276494503, 0.014241110533475876, -1.4881591796875], [0.0, 0.0, 0.0, 1.0]], [[-0.811442494392395, -0.5841924548149109, -0.01674201712012291, 0.8778076171875], [0.01956627331674099, 0.0014753543073311448, -0.9998074173927307, 1.4990081787109375], [0.5841047167778015, -0.8116137385368347, 0.010233304463326931, -1.2806396484375], [0.0, 0.0, 0.0, 1.0]], [[0.9456266760826111, 0.3251491189002991, 0.008268223144114017, -1.151123046875], [0.006456691771745682, 0.0066500199027359486, -0.9999570250511169, 1.5959367752075195], [-0.3251902163028717, 0.9456393718719482, 0.004189047962427139, -0.080810546875], [0.0, 0.0, 0.0, 1.0]], [[0.018082138150930405, 0.9998363256454468, 0.0006153000285848975, 0.00640869140625], [0.015212234109640121, 0.0003402146103326231, -0.999884307384491, 1.540445327758789], [-0.9997207522392273, 0.01808943971991539, -0.015203592367470264, 0.05029296875], [0.0, 0.0, 0.0, 1.0]], [[-0.9347044229507446, 0.35528653860092163, -0.009958580136299133, 1.043701171875], [0.010359102860093117, -0.0007749928045086563, -0.9999459981918335, 1.5851268768310547], [-0.35527503490448, -0.9347570538520813, -0.00295605999417603, -0.09384918212890625], [0.0, 0.0, 0.0, 1.0]]], "view": [[0.0, -2.0, 100.0], [-2.0, 0.0, 100.0], [0.0, 0.0, 1.0]], "bev": "bev_3b1c81f279bf4202b46adb12057fa222.png", "aux": "aux_3b1c81f279bf4202b46adb12057fa222.npz", "visibility": "visibility_3b1c81f279bf4202b46adb12057fa222.png", "pose": [[-0.5825859308242798, 0.8127691149711609, 0.0, 1778.9044189453125], [-0.8127691149711609, -0.5825859308242798, 0.0, 1122.4339599609375], [0.0, 0.0, 1.0, 0.0], [0.0, 0.0, 0.0, 1.0]], "pose_inverse": [[-0.5825859308242798, -0.8127691149711609, 0.0, 1948.644287109375], [0.8127691149711609, -0.5825859308242798, 0.0, -791.92431640625], [0.0, 0.0, 1.0, 0.0], [0.0, 0.0, 0.0, 1.0]], "cam_ids": [0, 1, 2, 3, 4, 5], "cam_channels": ["CAM_FRONT_LEFT", "CAM_FRONT", "CAM_FRONT_RIGHT", "CAM_BACK_LEFT", "CAM_BACK", "CAM_BACK_RIGHT"], "token": "3b1c81f279bf4202b46adb12057fa222", "scene": "scene-0171"}, {"images": ["samples/CAM_FRONT_LEFT/n008-2018-05-21-11-06-59-0400__CAM_FRONT_LEFT__1526915640504917.jpg", "samples/CAM_FRONT/n008-2018-05-21-11-06-59-0400__CAM_FRONT__1526915640512465.jpg", "samples/CAM_FRONT_RIGHT/n008-2018-05-21-11-06-59-0400__CAM_FRONT_RIGHT__1526915640519956.jpg", "samples/CAM_BACK_LEFT/n008-2018-05-21-11-06-59-0400__CAM_BACK_LEFT__1526915640547295.jpg", "samples/CAM_BACK/n008-2018-05-21-11-06-59-0400__CAM_BACK__1526915640537570.jpg", "samples/CAM_BACK_RIGHT/n008-2018-05-21-11-06-59-0400__CAM_BACK_RIGHT__1526915640527813.jpg"], "intrinsics": [[[1256.4720761102153, 0.0, 759.9201772536986], [0.0, 1256.472076110215, 418.2347543062189], [0.0, 0.0, 1.0]], [[1262.8093578767177, 0.0, 786.6784634591471], [0.0, 1262.8093578767177, 437.9890946201144], [0.0, 0.0, 1.0]], [[1264.1253743585607, 0.0, 761.8659236816043], [0.0, 1264.125374358561, 415.0768894058469], [0.0, 0.0, 1.0]], [[1258.2338510172276, 0.0, 742.9036438917772], [0.0, 1258.2338510172278, 422.93240569290015], [0.0, 0.0, 1.0]], [[798.1242652672415, 0.0, 679.0081140747895], [0.0, 798.1242652672414, 419.2474525237902], [0.0, 0.0, 1.0]], [[1259.4297629105833, 0.0, 752.9541347831612], [0.0, 1259.4297629105833, 429.46398926977497], [0.0, 0.0, 1.0]]], "extrinsics": [[[0.8094403743743896, -0.5869099497795105, 0.01851649582386017, -0.7918701171875], [0.02355516329407692, 0.0009458877029828727, -0.9997221231460571, 1.50494384765625], [0.5867294073104858, 0.8096516132354736, 0.014590400271117687, -1.155792236328125], [0.0, 0.0, 0.0, 1.0]], [[-0.004891997668892145, -0.9999799132347107, 0.004032667260617018, -0.02764892578125], [0.013713470660150051, -0.004099423065781593, -0.9998975992202759, 1.5161361694335938], [0.9998939633369446, -0.004836210981011391, 0.013733250088989735, -1.462158203125], [0.0, 0.0, 0.0, 1.0]], [[-0.8109402656555176, -0.5848858952522278, -0.016867339611053467, 0.861328125], [0.019049255177378654, 0.0024217083118855953, -0.9998155832290649, 1.4993095397949219], [0.5848188996315002, -0.8111119270324707, 0.009177777916193008, -1.2691650390625], [0.0, 0.0, 0.0, 1.0]], [[0.945711612701416, 0.3248694837093353, 0.009454624727368355, -1.15185546875], [0.007356695365160704, 0.007685479242354631, -0.9999433755874634, 1.595933437347412], [-0.3249237835407257, 0.9457276463508606, 0.004878281150013208, -0.08056640625], [0.0, 0.0, 0.0, 1.0]], [[0.017855621874332428, 0.9998392462730408, 0.0016239969991147518, 0.0067138671875], [0.015250733122229576, 0.001351713202893734, -0.9998828172683716, 1.5405502319335938], [-0.9997242093086243, 0.017878243699669838, -0.015224146656692028, 0.0435791015625], [0.0, 0.0, 0.0, 1.0]], [[-0.9349318742752075, 0.35471004247665405, -0.009121919050812721, 1.03076171875], [0.009828862734138966, 0.00019125193648505956, -0.9999517202377319, 1.5852069854736328], [-0.35469114780426025, -0.9349762797355652, -0.0036652046255767345, -0.09931182861328125], [0.0, 0.0, 0.0, 1.0]]], "view": [[0.0, -2.0, 100.0], [-2.0, 0.0, 100.0], [0.0, 0.0, 1.0]], "bev": "bev_6167ea2d40eb44299567f1fbdd439208.png", "aux": "aux_6167ea2d40eb44299567f1fbdd439208.npz", "visibility": "visibility_6167ea2d40eb44299567f1fbdd439208.png", "pose": [[-0.5711945295333862, 0.8208147287368774, 0.0, 1777.0960693359375], [-0.8208147287368774, -0.5711945295333862, 0.0, 1119.8651123046875], [0.0, 0.0, 1.0, 0.0], [0.0, 0.0, 0.0, 1.0]], "pose_inverse": [[-0.5711945295333862, -0.8208147287368774, 0.0, 1934.269287109375], [0.8208147287368774, -0.5711945295333862, 0.0, -819.0057373046875], [0.0, 0.0, 1.0, 0.0], [0.0, 0.0, 0.0, 1.0]], "cam_ids": [0, 1, 2, 3, 4, 5], "cam_channels": ["CAM_FRONT_LEFT", "CAM_FRONT", "CAM_FRONT_RIGHT", "CAM_BACK_LEFT", "CAM_BACK", "CAM_BACK_RIGHT"], "token": "6167ea2d40eb44299567f1fbdd439208", "scene": "scene-0171"}, {"images": ["samples/CAM_FRONT_LEFT/n008-2018-05-21-11-06-59-0400__CAM_FRONT_LEFT__1526915641004917.jpg", "samples/CAM_FRONT/n008-2018-05-21-11-06-59-0400__CAM_FRONT__1526915641012465.jpg", "samples/CAM_FRONT_RIGHT/n008-2018-05-21-11-06-59-0400__CAM_FRONT_RIGHT__1526915641019956.jpg", "samples/CAM_BACK_LEFT/n008-2018-05-21-11-06-59-0400__CAM_BACK_LEFT__1526915641047295.jpg", "samples/CAM_BACK/n008-2018-05-21-11-06-59-0400__CAM_BACK__1526915641037570.jpg", "samples/CAM_BACK_RIGHT/n008-2018-05-21-11-06-59-0400__CAM_BACK_RIGHT__1526915641027813.jpg"], "intrinsics": [[[1256.4720761102153, 0.0, 759.9201772536986], [0.0, 1256.472076110215, 418.2347543062189], [0.0, 0.0, 1.0]], [[1262.8093578767177, 0.0, 786.6784634591471], [0.0, 1262.8093578767177, 437.9890946201144], [0.0, 0.0, 1.0]], [[1264.1253743585607, 0.0, 761.8659236816043], [0.0, 1264.125374358561, 415.0768894058469], [0.0, 0.0, 1.0]], [[1258.2338510172276, 0.0, 742.9036438917772], [0.0, 1258.2338510172278, 422.93240569290015], [0.0, 0.0, 1.0]], [[798.1242652672415, 0.0, 679.0081140747895], [0.0, 798.1242652672414, 419.2474525237902], [0.0, 0.0, 1.0]], [[1259.4297629105833, 0.0, 752.9541347831612], [0.0, 1259.4297629105833, 429.46398926977497], [0.0, 0.0, 1.0]]], "extrinsics": [[[0.8101935982704163, -0.585894763469696, 0.017709219828248024, -0.7615966796875], [0.023838672786951065, 0.0027476272080093622, -0.9997120499610901, 1.5058822631835938], [0.585677444934845, 0.8103824853897095, 0.01619306392967701, -1.135467529296875], [0.0, 0.0, 0.0, 1.0]], [[-0.003840564750134945, -0.9999902248382568, 0.0022158711217343807, -0.027099609375], [0.01399112306535244, -0.0022694047074764967, -0.9998995661735535, 1.5166435241699219], [0.9998946785926819, -0.003809169866144657, 0.013999701477587223, -1.4302978515625], [0.0, 0.0, 0.0, 1.0]], [[-0.8104457855224609, -0.5855326056480408, -0.01814284361898899, 0.838623046875], [0.019302766770124435, 0.0042618513107299805, -0.9998045563697815, 1.4999008178710938], [0.5854954719543457, -0.8106376528739929, 0.007848398759961128, -1.2523193359375], [0.0, 0.0, 0.0, 1.0]], [[0.9456800222396851, 0.32497718930244446, 0.008904889225959778, -1.1365966796875], [0.006173145957291126, 0.009436056949198246, -0.9999364018440247, 1.5960307121276855], [-0.3250405490398407, 0.9456747174263, 0.006917358376085758, -0.0858154296875], [0.0, 0.0, 0.0, 1.0]], [[0.017496293410658836, 0.9998409748077393, 0.003425805363804102, 0.0067138671875], [0.014949440956115723, 0.0031643491238355637, -0.999883234500885, 1.5408306121826172], [-0.9997351765632629, 0.017545459792017937, -0.014891699887812138, 0.0235595703125], [0.0, 0.0, 0.0, 1.0]], [[-0.9351472854614258, 0.3541518449783325, -0.008720191195607185, 1.007568359375], [0.010090756230056286, 0.002023463137447834, -0.9999470114707947, 1.5854873657226562], [-0.35411539673805237, -0.9351857304573059, -0.005465896334499121, -0.10752105712890625], [0.0, 0.0, 0.0, 1.0]]], "view": [[0.0, -2.0, 100.0], [-2.0, 0.0, 100.0], [0.0, 0.0, 1.0]], "bev": "bev_7e1d33736acc4c599083bf226e917eff.png", "aux": "aux_7e1d33736acc4c599083bf226e917eff.npz", "visibility": "visibility_7e1d33736acc4c599083bf226e917eff.png", "pose": [[-0.5730453729629517, 0.8195236325263977, 0.0, 1775.0357666015625], [-0.8195236325263977, -0.5730453729629517, 0.0, 1116.9053955078125], [0.0, 0.0, 1.0, 0.0], [0.0, 0.0, 0.0, 1.0]], "pose_inverse": [[-0.5730453729629517, -0.8195236325263977, 0.0, 1932.5064697265625], [0.8195236325263977, -0.5730453729629517, 0.0, -814.6463012695312], [0.0, 0.0, 1.0, 0.0], [0.0, 0.0, 0.0, 1.0]], "cam_ids": [0, 1, 2, 3, 4, 5], "cam_channels": ["CAM_FRONT_LEFT", "CAM_FRONT", "CAM_FRONT_RIGHT", "CAM_BACK_LEFT", "CAM_BACK", "CAM_BACK_RIGHT"], "token": "7e1d33736acc4c599083bf226e917eff", "scene": "scene-0171"}, {"images": ["samples/CAM_FRONT_LEFT/n008-2018-05-21-11-06-59-0400__CAM_FRONT_LEFT__1526915641504917.jpg", "samples/CAM_FRONT/n008-2018-05-21-11-06-59-0400__CAM_FRONT__1526915641512465.jpg", "samples/CAM_FRONT_RIGHT/n008-2018-05-21-11-06-59-0400__CAM_FRONT_RIGHT__1526915641519956.jpg", "samples/CAM_BACK_LEFT/n008-2018-05-21-11-06-59-0400__CAM_BACK_LEFT__1526915641547295.jpg", "samples/CAM_BACK/n008-2018-05-21-11-06-59-0400__CAM_BACK__1526915641537570.jpg", "samples/CAM_BACK_RIGHT/n008-2018-05-21-11-06-59-0400__CAM_BACK_RIGHT__1526915641527813.jpg"], "intrinsics": [[[1256.4720761102153, 0.0, 759.9201772536986], [0.0, 1256.472076110215, 418.2347543062189], [0.0, 0.0, 1.0]], [[1262.8093578767177, 0.0, 786.6784634591471], [0.0, 1262.8093578767177, 437.9890946201144], [0.0, 0.0, 1.0]], [[1264.1253743585607, 0.0, 761.8659236816043], [0.0, 1264.125374358561, 415.0768894058469], [0.0, 0.0, 1.0]], [[1258.2338510172276, 0.0, 742.9036438917772], [0.0, 1258.2338510172278, 422.93240569290015], [0.0, 0.0, 1.0]], [[798.1242652672415, 0.0, 679.0081140747895], [0.0, 798.1242652672414, 419.2474525237902], [0.0, 0.0, 1.0]], [[1259.4297629105833, 0.0, 752.9541347831612], [0.0, 1259.4297629105833, 429.46398926977497], [0.0, 0.0, 1.0]]], "extrinsics": [[[0.810641348361969, -0.5852848887443542, 0.017386741936206818, -0.763671875], [0.024468541145324707, 0.004192535765469074, -0.9996918439865112, 1.5060844421386719], [0.5850315093994141, 0.8108168840408325, 0.017719706520438194, -1.133697509765625], [0.0, 0.0, 0.0, 1.0]], [[-0.0031720504630357027, -0.9999945759773254, 0.0009048526990227401, -0.02911376953125], [0.014703377149999142, -0.0009514005505479872, -0.999891459941864, 1.516824722290039], [0.9998868703842163, -0.0031583739910274744, 0.014706313610076904, -1.4305419921875], [0.0, 0.0, 0.0, 1.0]], [[-0.8101226687431335, -0.5859360098838806, -0.019504299387335777, 0.8392333984375], [0.020089371129870415, 0.0055043818429112434, -0.9997830390930176, 1.5000343322753906], [0.5859162211418152, -0.8103386759757996, 0.007311860099434853, -1.2547607421875], [0.0, 0.0, 0.0, 1.0]], [[0.9456928372383118, 0.3249061107635498, 0.010051562450826168, -1.1456298828125], [0.007089856546372175, 0.010298209264874458, -0.9999217987060547, 1.5959782600402832], [-0.32498425245285034, 0.9456902146339417, 0.0074354056268930435, -0.0823974609375], [0.0, 0.0, 0.0, 1.0]], [[0.01732986606657505, 0.9998399615287781, 0.004456029739230871, 0.0074462890625], [0.015837600454688072, 0.004181637894362211, -0.9998658895492554, 1.540802001953125], [-0.9997243285179138, 0.017398174852132797, -0.01576259732246399, 0.0301513671875], [0.0, 0.0, 0.0, 1.0]], [[-0.935271680355072, 0.3538134694099426, -0.009103260934352875, 1.011474609375], [0.010931416414678097, 0.003168824128806591, -0.9999352097511292, 1.5855770111083984], [-0.3537617027759552, -0.9353106021881104, -0.006831393577158451, -0.1073455810546875], [0.0, 0.0, 0.0, 1.0]]], "view": [[0.0, -2.0, 100.0], [-2.0, 0.0, 100.0], [0.0, 0.0, 1.0]], "bev": "bev_22515ad364da473fa94d67ba4be64f7d.png", "aux": "aux_22515ad364da473fa94d67ba4be64f7d.npz", "visibility": "visibility_22515ad364da473fa94d67ba4be64f7d.png", "pose": [[-0.5887070894241333, 0.8083464503288269, 0.0, 1772.9466552734375], [-0.8083464503288269, -0.5887070894241333, 0.0, 1113.9742431640625], [0.0, 0.0, 1.0, 0.0], [0.0, 0.0, 0.0, 1.0]], "pose_inverse": [[-0.5887070894241333, -0.8083464503288269, 0.0, 1944.223388671875], [0.8083464503288269, -0.5887070894241333, 0.0, -777.3505249023438], [0.0, 0.0, 1.0, 0.0], [0.0, 0.0, 0.0, 1.0]], "cam_ids": [0, 1, 2, 3, 4, 5], "cam_channels": ["CAM_FRONT_LEFT", "CAM_FRONT", "CAM_FRONT_RIGHT", "CAM_BACK_LEFT", "CAM_BACK", "CAM_BACK_RIGHT"], "token": "22515ad364da473fa94d67ba4be64f7d", "scene": "scene-0171"}, {"images": ["samples/CAM_FRONT_LEFT/n008-2018-05-21-11-06-59-0400__CAM_FRONT_LEFT__1526915642004917.jpg", "samples/CAM_FRONT/n008-2018-05-21-11-06-59-0400__CAM_FRONT__1526915642012465.jpg", "samples/CAM_FRONT_RIGHT/n008-2018-05-21-11-06-59-0400__CAM_FRONT_RIGHT__1526915642019956.jpg", "samples/CAM_BACK_LEFT/n008-2018-05-21-11-06-59-0400__CAM_BACK_LEFT__1526915642047295.jpg", "samples/CAM_BACK/n008-2018-05-21-11-06-59-0400__CAM_BACK__1526915642037570.jpg", "samples/CAM_BACK_RIGHT/n008-2018-05-21-11-06-59-0400__CAM_BACK_RIGHT__1526915642027813.jpg"], "intrinsics": [[[1256.4720761102153, 0.0, 759.9201772536986], [0.0, 1256.472076110215, 418.2347543062189], [0.0, 0.0, 1.0]], [[1262.8093578767177, 0.0, 786.6784634591471], [0.0, 1262.8093578767177, 437.9890946201144], [0.0, 0.0, 1.0]], [[1264.1253743585607, 0.0, 761.8659236816043], [0.0, 1264.125374358561, 415.0768894058469], [0.0, 0.0, 1.0]], [[1258.2338510172276, 0.0, 742.9036438917772], [0.0, 1258.2338510172278, 422.93240569290015], [0.0, 0.0, 1.0]], [[798.1242652672415, 0.0, 679.0081140747895], [0.0, 798.1242652672414, 419.2474525237902], [0.0, 0.0, 1.0]], [[1259.4297629105833, 0.0, 752.9541347831612], [0.0, 1259.4297629105833, 429.46398926977497], [0.0, 0.0, 1.0]]], "extrinsics": [[[0.8097712993621826, -0.5864972472190857, 0.01707354560494423, -0.753173828125], [0.024130929261446, 0.004215042106807232, -0.9996999502182007, 1.5062751770019531], [0.5862492918968201, 0.8099402189254761, 0.01756594516336918, -1.1268310546875], [0.0, 0.0, 0.0, 1.0]], [[-0.004455974791198969, -0.9999896883964539, 0.0008509759791195393, -0.02825927734375], [0.014360368251800537, -0.0009148860117420554, -0.9998964667320251, 1.5168952941894531], [0.9998868703842163, -0.004443248733878136, 0.01436429750174284, -1.4193115234375], [0.0, 0.0, 0.0, 1.0]], [[-0.8107273578643799, -0.5851077437400818, -0.019239146262407303, 0.83251953125], [0.019749334082007408, 0.005509715527296066, -0.9997897744178772, 1.5001258850097656], [0.5850907564163208, -0.8109368681907654, 0.00708861043676734, -1.2493896484375], [0.0, 0.0, 0.0, 1.0]], [[0.9456960558891296, 0.3249049782752991, 0.009789093397557735, -1.1461181640625], [0.006854621693491936, 0.010175187140703201, -0.9999247193336487, 1.5959739685058594], [-0.3249801695346832, 0.9456919431686401, 0.007395533379167318, -0.082275390625], [0.0, 0.0, 0.0, 1.0]], [[0.017708176746964455, 0.9998337626457214, 0.004333919379860163, 0.0072021484375], [0