[{"images": ["samples/CAM_FRONT_LEFT/n015-2018-11-21-19-58-31+0800__CAM_FRONT_LEFT__1542801713904844.jpg", "samples/CAM_FRONT/n015-2018-11-21-19-58-31+0800__CAM_FRONT__1542801713912460.jpg", "samples/CAM_FRONT_RIGHT/n015-2018-11-21-19-58-31+0800__CAM_FRONT_RIGHT__1542801713920348.jpg", "samples/CAM_BACK_LEFT/n015-2018-11-21-19-58-31+0800__CAM_BACK_LEFT__1542801713947423.jpg", "samples/CAM_BACK/n015-2018-11-21-19-58-31+0800__CAM_BACK__1542801713937532.jpg", "samples/CAM_BACK_RIGHT/n015-2018-11-21-19-58-31+0800__CAM_BACK_RIGHT__1542801713927893.jpg"], "intrinsics": [[[1272.5979470598488, 0.0, 826.6154927353808], [0.0, 1272.5979470598488, 479.75165386361925], [0.0, 0.0, 1.0]], [[1266.417203046554, 0.0, 816.2670197447984], [0.0, 1266.417203046554, 491.50706579294757], [0.0, 0.0, 1.0]], [[1260.8474446004698, 0.0, 807.968244525554], [0.0, 1260.8474446004698, 495.3344268742088], [0.0, 0.0, 1.0]], [[1256.7414812095406, 0.0, 792.1125740759628], [0.0, 1256.7414812095406, 492.7757465151356], [0.0, 0.0, 1.0]], [[809.2209905677063, 0.0, 829.2196003259838], [0.0, 809.2209905677063, 481.77842384512485], [0.0, 0.0, 1.0]], [[1259.5137405846733, 0.0, 807.2529053838625], [0.0, 1259.5137405846733, 501.19579884916527], [0.0, 0.0, 1.0]]], "extrinsics": [[[0.8207763433456421, -0.5711402297019958, 0.011182396672666073, -0.96490478515625], [-0.013074371963739395, -0.038351964205503464, -0.9991787672042847, 1.5082550048828125], [0.5710999965667725, 0.8199560642242432, -0.03894568607211113, -1.2802734375], [0.0, 0.0, 0.0, 1.0]], [[0.0058925398625433445, -0.9990877509117126, 0.04229400306940079, 0.005126953125], [-0.018377717584371567, -0.04239579290151596, -0.998931884765625, 1.5205307006835938], [0.9998137354850769, 0.005108978133648634, -0.018610769882798195, -1.6923828125], [0.0, 0.0, 0.0, 1.0]], [[-0.8328678011894226, -0.5529266595840454, 0.024565016850829124, 1.0322265625], [-0.012763289734721184, -0.02518433891236782, -0.9996013045310974, 1.5036506652832031], [0.553324818611145, -0.8328492641448975, 0.01391806360334158, -1.2485885620117188], [0.0, 0.0, 0.0, 1.0]], [[0.9476688504219055, 0.31852442026138306, -0.02158428356051445, -1.142333984375], [-0.00408461457118392, -0.05550584942102432, -0.998449981212616, 1.5885543823242188], [-0.31922873854637146, 0.9462881088256836, -0.051300112158060074, -0.10369873046875], [0.0, 0.0, 0.0, 1.0]], [[0.0021735935006290674, 0.9989584684371948, -0.045577891170978546, 0.0029296875], [-0.029510723426938057, -0.045494064688682556, -0.9985285997390747, 1.5793609619140625], [-0.9995620846748352, 0.0035154155921190977, 0.029381098225712776, 0.001953125], [0.0, 0.0, 0.0, 1.0]], [[-0.9349074959754944, 0.3546297252178192, -0.0136248879134655, 1.1363525390625], [0.003116742242127657, -0.030185701325535774, -0.9995394945144653, 1.5514469146728516], [-0.35487768054008484, -0.9345194101333618, 0.02711554802954197, -0.0633544921875], [0.0, 0.0, 0.0, 1.0]]], "view": [[0.0, -2.0, 100.0], [-2.0, 0.0, 100.0], [0.0, 0.0, 1.0]], "bev": "bev_be75cf94ec3841cca384e1c9a2499a00.png", "aux": "aux_be75cf94ec3841cca384e1c9a2499a00.npz", "visibility": "visibility_be75cf94ec3841cca384e1c9a2499a00.png", "pose": [[0.9751272797584534, -0.22164565324783325, 0.0, 1518.6494140625], [0.22164565324783325, 0.9751272797584534, 0.0, 1412.045166015625], [0.0, 0.0, 1.0, 0.0], [0.0, 0.0, 0.0, 1.0]], "pose_inverse": [[0.9751272797584534, 0.22164565324783325, 0.0, -1793.85009765625], [-0.22164565324783325, 0.9751272797584534, 0.0, -1040.32177734375], [0.0, 0.0, 1.0, 0.0], [0.0, 0.0, 0.0, 1.0]], "cam_ids": [0, 1, 2, 3, 4, 5], "cam_channels": ["CAM_FRONT_LEFT", "CAM_FRONT", "CAM_FRONT_RIGHT", "CAM_BACK_LEFT", "CAM_BACK", "CAM_BACK_RIGHT"], "token": "be75cf94ec3841cca384e1c9a2499a00", "scene": "scene-1110"}, {"images": ["samples/CAM_FRONT_LEFT/n015-2018-11-21-19-58-31+0800__CAM_FRONT_LEFT__1542801714404844.jpg", "samples/CAM_FRONT/n015-2018-11-21-19-58-31+0800__CAM_FRONT__1542801714412460.jpg", "samples/CAM_FRONT_RIGHT/n015-2018-11-21-19-58-31+0800__CAM_FRONT_RIGHT__1542801714420339.jpg", "samples/CAM_BACK_LEFT/n015-2018-11-21-19-58-31+0800__CAM_BACK_LEFT__1542801714447423.jpg", "samples/CAM_BACK/n015-2018-11-21-19-58-31+0800__CAM_BACK__1542801714437525.jpg", "samples/CAM_BACK_RIGHT/n015-2018-11-21-19-58-31+0800__CAM_BACK_RIGHT__1542801714427893.jpg"], "intrinsics": [[[1272.5979470598488, 0.0, 826.6154927353808], [0.0, 1272.5979470598488, 479.75165386361925], [0.0, 0.0, 1.0]], [[1266.417203046554, 0.0, 816.2670197447984], [0.0, 1266.417203046554, 491.50706579294757], [0.0, 0.0, 1.0]], [[1260.8474446004698, 0.0, 807.968244525554], [0.0, 1260.8474446004698, 495.3344268742088], [0.0, 0.0, 1.0]], [[1256.7414812095406, 0.0, 792.1125740759628], [0.0, 1256.7414812095406, 492.7757465151356], [0.0, 0.0, 1.0]], [[809.2209905677063, 0.0, 829.2196003259838], [0.0, 809.2209905677063, 481.77842384512485], [0.0, 0.0, 1.0]], [[1259.5137405846733, 0.0, 807.2529053838625], [0.0, 1259.5137405846733, 501.19579884916527], [0.0, 0.0, 1.0]]], "extrinsics": [[[0.8207657337188721, -0.571157693862915, 0.011068922467529774, -0.96502685546875], [-0.01312809158116579, -0.038229309022426605, -0.9991827607154846, 1.5082435607910156], [0.5711140036582947, 0.8199496269226074, -0.0388755165040493, -1.2802734375], [0.0, 0.0, 0.0, 1.0]], [[0.005874289199709892, -0.9990927577018738, 0.04217953234910965, 0.0050048828125], [-0.018414853140711784, -0.04228118807077408, -0.9989360570907593, 1.5205307006835938], [0.9998130798339844, 0.005091319791972637, -0.018646517768502235, -1.6922607421875], [0.0, 0.0, 0.0, 1.0]], [[-0.8328766822814941, -0.5529149174690247, 0.024522332474589348, 1.0322265625], [-0.012782786972820759, -0.02507822774350643, -0.9996037483215332, 1.5036468505859375], [0.553310751914978, -0.8328601717948914, 0.013819280080497265, -1.2488250732421875], [0.0, 0.0, 0.0, 1.0]], [[0.9476689100265503, 0.31852346658706665, -0.02159237489104271, -1.142333984375], [-0.004124809987843037, -0.05541210249066353, -0.9984550476074219, 1.58856201171875], [-0.3192279040813446, 0.9462938904762268, -0.05119848623871803, -0.103790283203125], [0.0, 0.0, 0.0, 1.0]], [[0.002181907882913947, 0.9989632964134216, -0.04547040909528732, 0.002685546875], [-0.029532229527831078, -0.045386314392089844, -0.9985329508781433, 1.5793609619140625], [-0.9995614290237427, 0.003521544858813286, 0.029402587562799454, 0.001953125], [0.0, 0.0, 0.0, 1.0]], [[-0.934902548789978, 0.3546448051929474, -0.013574870303273201, 1.13623046875], [0.003102176357060671, -0.030082011595368385, -0.9995426535606384, 1.5514469146728516], [-0.35489100217819214, -0.9345170855522156, 0.027023574337363243, -0.0635986328125], [0.0, 0.0, 0.0, 1.0]]], "view": [[0.0, -2.0, 100.0], [-2.0, 0.0, 100.0], [0.0, 0.0, 1.0]], "bev": "bev_74f37d96acd54917992d76cafc3e9944.png", "aux": "aux_74f37d96acd54917992d76cafc3e9944.npz", "visibility": "visibility_74f37d96acd54917992d76cafc3e9944.png", "pose": [[0.975130021572113, -0.22163346409797668, 0.0, 1518.649658203125], [0.22163346409797668, 0.975130021572113, 0.0, 1412.04443359375], [0.0, 0.0, 1.0, 0.0], [0.0, 0.0, 0.0, 1.0]], "pose_inverse": [[0.975130021572113, 0.22163346409797668, 0.0, -1793.837158203125], [-0.22163346409797668, 0.975130021572113, 0.0, -1040.3433837890625], [0.0, 0.0, 1.0, 0.0], [0.0, 0.0, 0.0, 1.0]], "cam_ids": [0, 1, 2, 3, 4, 5], "cam_channels": ["CAM_FRONT_LEFT", "CAM_FRONT", "CAM_FRONT_RIGHT", "CAM_BACK_LEFT", "CAM_BACK", "CAM_BACK_RIGHT"], "token": "74f37d96acd54917992d76cafc3e9944", "scene": "scene-1110"}, {"images": ["samples/CAM_FRONT_LEFT/n015-2018-11-21-19-58-31+0800__CAM_FRONT_LEFT__1542801714904844.jpg", "samples/CAM_FRONT/n015-2018-11-21-19-58-31+0800__CAM_FRONT__1542801714912460.jpg", "samples/CAM_FRONT_RIGHT/n015-2018-11-21-19-58-31+0800__CAM_FRONT_RIGHT__1542801714920339.jpg", "samples/CAM_BACK_LEFT/n015-2018-11-21-19-58-31+0800__CAM_BACK_LEFT__1542801714947423.jpg", "samples/CAM_BACK/n015-2018-11-21-19-58-31+0800__CAM_BACK__1542801714937525.jpg", "samples/CAM_BACK_RIGHT/n015-2018-11-21-19-58-31+0800__CAM_BACK_RIGHT__1542801714927893.jpg"], "intrinsics": [[[1272.5979470598488, 0.0, 826.6154927353808], [0.0, 1272.5979470598488, 479.75165386361925], [0.0, 0.0, 1.0]], [[1266.417203046554, 0.0, 816.2670197447984], [0.0, 1266.417203046554, 491.50706579294757], [0.0, 0.0, 1.0]], [[1260.8474446004698, 0.0, 807.968244525554], [0.0, 1260.8474446004698, 495.3344268742088], [0.0, 0.0, 1.0]], [[1256.7414812095406, 0.0, 792.1125740759628], [0.0, 1256.7414812095406, 492.7757465151356], [0.0, 0.0, 1.0]], [[809.2209905677063, 0.0, 829.2196003259838], [0.0, 809.2209905677063, 481.77842384512485], [0.0, 0.0, 1.0]], [[1259.5137405846733, 0.0, 807.2529053838625], [0.0, 1259.5137405846733, 501.19579884916527], [0.0, 0.0, 1.0]]], "extrinsics": [[[0.8207725286483765, -0.571151077747345, 0.010909327305853367, -0.96484375], [-0.013258213177323341, -0.038137730211019516, -0.9991845488548279, 1.5082511901855469], [0.5711014270782471, 0.819958508014679, -0.03887484222650528, -1.2802734375], [0.0, 0.0, 0.0, 1.0]], [[0.005888291168957949, -0.9990967512130737, 0.04208264499902725, 0.0048828125], [-0.01855451986193657, -0.04218529537320137, -0.9989375472068787, 1.5205307006835938], [0.9998104572296143, 0.005101239774376154, -0.01878616027534008, -1.6922607421875], [0.0, 0.0, 0.0, 1.0]], [[-0.8328694105148315, -0.5529229640960693, 0.024591654539108276, 1.0322265625], [-0.012932629324495792, -0.024977684020996094, -0.9996042847633362, 1.5036430358886719], [0.5533183217048645, -0.8328580260276794, 0.013652403838932514, -1.2488250732421875], [0.0, 0.0, 0.0, 1.0]], [[0.9476681351661682, 0.3185194134712219, -0.021694088354706764, -1.1422119140625], [-0.004278681706637144, -0.055274344980716705, -0.9984620213508606, 1.58856201171875], [-0.3192286789417267, 0.9463033676147461, -0.051018886268138885, -0.103790283203125], [0.0, 0.0, 0.0, 1.0]], [[0.002175611676648259, 0.9989683628082275, -0.04536069184541702, 0.0028076171875], [-0.029683982953429222, -0.045276299118995667, -0.9985333681106567, 1.5793609619140625], [-0.9995569586753845, 0.0035189143382012844, 0.029554851353168488, 0.0018310546875], [0.0, 0.0, 0.0, 1.0]], [[-0.9349064230918884, 0.3546413481235504, -0.013402584008872509, 1.1361083984375], [0.002955510513857007, -0.029983466491103172, -0.9995460510253906, 1.5514564514160156], [-0.35488227009773254, -0.9345215559005737, 0.026983588933944702, -0.0635986328125], [0.0, 0.0, 0.0, 1.0]]], "view": [[0.0, -2.0, 100.0], [-2.0, 0.0, 100.0], [0.0, 0.0, 1.0]], "bev": "bev_140489163db54cd6ba017c6affa8dc1f.png", "aux": "aux_140489163db54cd6ba017c6affa8dc1f.npz", "visibility": "visibility_140489163db54cd6ba017c6affa8dc1f.png", "pose": [[0.9751295447349548, -0.22163578867912292, 0.0, 1518.6497802734375], [0.22163578867912292, 0.9751295447349548, 0.0, 1412.0438232421875], [0.0, 0.0, 1.0, 0.0], [0.0, 0.0, 0.0, 1.0]], "pose_inverse": [[0.9751295447349548, 0.22163578867912292, 0.0, -1793.8397216796875], [-0.22163578867912292, 0.9751295447349548, 0.0, -1040.3385009765625], [0.0, 0.0, 1.0, 0.0], [0.0, 0.0, 0.0, 1.0]], "cam_ids": [0, 1, 2, 3, 4, 5], "cam_channels": ["CAM_FRONT_LEFT", "CAM_FRONT", "CAM_FRONT_RIGHT", "CAM_BACK_LEFT", "CAM_BACK", "CAM_BACK_RIGHT"], "token": "140489163db54cd6ba017c6affa8dc1f", "scene": "scene-1110"}, {"images": ["samples/CAM_FRONT_LEFT/n015-2018-11-21-19-58-31+0800__CAM_FRONT_LEFT__1542801715404844.jpg", "samples/CAM_FRONT/n015-2018-11-21-19-58-31+0800__CAM_FRONT__1542801715412460.jpg", "samples/CAM_FRONT_RIGHT/n015-2018-11-21-19-58-31+0800__CAM_FRONT_RIGHT__1542801715420339.jpg", "samples/CAM_BACK_LEFT/n015-2018-11-21-19-58-31+0800__CAM_BACK_LEFT__1542801715447525.jpg", "samples/CAM_BACK/n015-2018-11-21-19-58-31+0800__CAM_BACK__1542801715437525.jpg", "samples/CAM_BACK_RIGHT/n015-2018-11-21-19-58-31+0800__CAM_BACK_RIGHT__1542801715427893.jpg"], "intrinsics": [[[1272.5979470598488, 0.0, 826.6154927353808], [0.0, 1272.5979470598488, 479.75165386361925], [0.0, 0.0, 1.0]], [[1266.417203046554, 0.0, 816.2670197447984], [0.0, 1266.417203046554, 491.50706579294757], [0.0, 0.0, 1.0]], [[1260.8474446004698, 0.0, 807.968244525554], [0.0, 1260.8474446004698, 495.3344268742088], [0.0, 0.0, 1.0]], [[1256.7414812095406, 0.0, 792.1125740759628], [0.0, 1256.7414812095406, 492.7757465151356], [0.0, 0.0, 1.0]], [[809.2209905677063, 0.0, 829.2196003259838], [0.0, 809.2209905677063, 481.77842384512485], [0.0, 0.0, 1.0]], [[1259.5137405846733, 0.0, 807.2529053838625], [0.0, 1259.5137405846733, 501.19579884916527], [0.0, 0.0, 1.0]]], "extrinsics": [[[0.8208757042884827, -0.5709945559501648, 0.011328368447721004, -0.96490478515625], [-0.012664289213716984, -0.03803026303648949, -0.9991962909698486, 1.5082473754882812], [0.5709664225578308, 0.820072591304779, -0.03844935819506645, -1.2801513671875], [0.0, 0.0, 0.0, 1.0]], [[0.006025653798133135, -0.9991003274917603, 0.041978318244218826, 0.0050048828125], [-0.017887286841869354, -0.04208005219697952, -0.9989541172981262, 1.5205307006835938], [0.9998219013214111, 0.005268456414341927, -0.01812475360929966, -1.6922607421875], [0.0, 0.0, 0.0, 1.0]], [[-0.8328110575675964, -0.5530402064323425, 0.023918548598885536, 1.032470703125], [-0.012192074209451675, -0.024872828274965286, -0.999616265296936, 1.5036468505859375], [0.5534229278564453, -0.8327832221984863, 0.013971664011478424, -1.2487640380859375], [0.0, 0.0, 0.0, 1.0]], [[0.9476732015609741, 0.31857743859291077, -0.02059353142976761, -1.1422119140625], [-0.003141668625175953, -0.05519775673747063, -0.9984704852104187, 1.5885658264160156], [-0.31922680139541626, 0.9462884068489075, -0.05130856856703758, -0.10369873046875], [0.0, 0.0, 0.0, 1.0]], [[0.0021338181104511023, 0.9989727735519409, -0.045265261083841324, 0.0028076171875], [-0.02873036451637745, -0.04518543556332588, -0.9985654354095459, 1.5793609619140625], [-0.999584972858429, 0.003431247314438224, 0.028604432940483093, 0.0018310546875], [0.0, 0.0, 0.0, 1.0]], [[-0.9349347352981567, 0.35453858971595764, -0.014121625572443008, 1.13623046875], [0.003766624489799142, -0.02988017164170742, -0.9995464086532593, 1.5514469146728516], [-0.3547997772693634, -0.9345638751983643, 0.026600593701004982, -0.063720703125], [0.0, 0.0, 0.0, 1.0]]], "view": [[0.0, -2.0, 100.0], [-2.0, 0.0, 100.0], [0.0, 0.0, 1.0]], "bev": "bev_239c9c2687264bc1b64a154322838f70.png", "aux": "aux_239c9c2687264bc1b64a154322838f70.npz", "visibility": "visibility_239c9c2687264bc1b64a154322838f70.png", "pose": [[0.9751238226890564, -0.22166089713573456, 0.0, 1518.64990234375], [0.22166089713573456, 0.9751238226890564, 0.0, 1412.043212890625], [0.0, 0.0, 1.0, 0.0], [0.0, 0.0, 0.0, 1.0]], "pose_inverse": [[0.9751238226890564, 0.22166089713573456, 0.0, -1793.866455078125], [-0.22166089713573456, 0.9751238226890564, 0.0, -1040.2916259765625], [0.0, 0.0, 1.0, 0.0], [0.0, 0.0, 0.0, 1.0]], "cam_ids": [0, 1, 2, 3, 4, 5], "cam_channels": ["CAM_FRONT_LEFT", "CAM_FRONT", "CAM_FRONT_RIGHT", "CAM_BACK_LEFT", "CAM_BACK", "CAM_BACK_RIGHT"], "token": "239c9c2687264bc1b64a154322838f70", "scene": "scene-1110"}, {"images": ["samples/CAM_FRONT_LEFT/n015-2018-11-21-19-58-31+0800__CAM_FRONT_LEFT__1542801715904844.jpg", "samples/CAM_FRONT/n015-2018-11-21-19-58-31+0800__CAM_FRONT__1542801715912460.jpg", "samples/CAM_FRONT_RIGHT/n015-2018-11-21-19-58-31+0800__CAM_FRONT_RIGHT__1542801715920339.jpg", "samples/CAM_BACK_LEFT/n015-2018-11-21-19-58-31+0800__CAM_BACK_LEFT__1542801715947423.jpg", "samples/CAM_BACK/n015-2018-11-21-19-58-31+0800__CAM_BACK__1542801715937525.jpg", "samples/CAM_BACK_RIGHT/n015-2018-11-21-19-58-31+0800__CAM_BACK_RIGHT__1542801715927893.jpg"], "intrinsics": [[[1272.5979470598488, 0.0, 826.6154927353808], [0.0, 1272.5979470598488, 479.75165386361925], [0.0, 0.0, 1.0]], [[1266.417203046554, 0.0, 816.2670197447984], [0.0, 1266.417203046554, 491.50706579294757], [0.0, 0.0, 1.0]], [[1260.8474446004698, 0.0, 807.968244525554], [0.0, 1260.8474446004698, 495.3344268742088], [0.0, 0.0, 1.0]], [[1256.7414812095406, 0.0, 792.1125740759628], [0.0, 1256.7414812095406, 492.7757465151356], [0.0, 0.0, 1.0]], [[809.2209905677063, 0.0, 829.2196003259838], [0.0, 809.2209905677063, 481.77842384512485], [0.0, 0.0, 1.0]], [[1259.5137405846733, 0.0, 807.2529053838625], [0.0, 1259.5137405846733, 501.19579884916527], [0.0, 0.0, 1.0]]], "extrinsics": [[[0.8205913305282593, -0.5712529420852661, 0.01731645129621029, -0.95037841796875], [-0.005171734839677811, -0.0377202033996582, -0.9992749691009521, 1.508148193359375], [0.5714918971061707, 0.8199068307876587, -0.033907242119312286, -1.2698974609375], [0.0, 0.0, 0.0, 1.0]], [[0.0054841716773808, -0.999115526676178, 0.041689228266477585, 0.0050048828125], [-0.010422762483358383, -0.04174470528960228, -0.9990739822387695, 1.5203742980957031], [0.9999305605888367, 0.005044583696871996, -0.010642480105161667, -1.677490234375], [0.0, 0.0, 0.0, 1.0]], [[-0.8330445885658264, -0.5529285073280334, 0.017513515427708626, 1.0224609375], [-0.0047462331131100655, -0.02451353333890438, -0.9996882081031799, 1.5035858154296875], [0.5531854033470154, -0.8328679800033569, 0.01779654063284397, -1.24249267578125], [0.0, 0.0, 0.0, 1.0]], [[0.9477508068084717, 0.3187216520309448, -0.013594899326562881, -1.1427001953125], [0.004084838554263115, -0.05473683029413223, -0.998492419719696, 1.5885543823242188], [-0.3189852833747864, 0.9462665319442749, -0.053178805857896805, -0.103607177734375], [0.0, 0.0, 0.0, 1.0]], [[0.0024243148509413004, 0.9989919066429138, -0.04482429847121239, 0.0028076171875], [-0.02139052376151085, -0.04476236552000046, -0.99876868724823, 1.5792694091796875], [-0.9997681975364685, 0.0033801570534706116, 0.021260442212224007, -0.002197265625], [0.0, 0.0, 0.0, 1.0]], [[-0.9347831010818481, 0.35460224747657776, -0.02092328481376171, 1.128662109375], [0.011183350346982479, -0.029494639486074448, -0.999502420425415, 1.5515356063842773], [-0.355042964220047, -0.9345518946647644, 0.02360544726252556, -0.0665283203125], [0.0, 0.0, 0.0, 1.0]]], "view": [[0.0, -2.0, 100.0], [-2.0, 0.0, 100.0], [0.0, 0.0, 1.0]], "bev": "bev_eaca7c91decb4f3d8c87a7010af3beaa.png", "aux": "aux_eaca7c91decb4f3d8c87a7010af3beaa.npz", "visibility": "visibility_eaca7c91decb4f3d8c87a7010af3beaa.png", "pose": [[0.9749506711959839, -0.2224210798740387, 0.0, 1518.7220458984375], [0.2224210798740387, 0.9749506711959839, 0.0, 1412.0594482421875], [0.0, 0.0, 1.0, 0.0], [0.0, 0.0, 0.0, 1.0]], "pose_inverse": [[0.9749506711959839, 0.2224210798740387, 0.0, -1794.7508544921875], [-0.2224210798740387, 0.9749506711959839, 0.0, -1038.892578125], [0.0, 0.0, 1.0, 0.0], [0.0, 0.0, 0.0, 1.0]], "cam_ids": [0, 1, 2, 3, 4, 5], "cam_channels": ["CAM_FRONT_LEFT", "CAM_FRONT", "CAM_FRONT_RIGHT", "CAM_BACK_LEFT", "CAM_BACK", "CAM_BACK_RIGHT"], "token": "eaca7c91decb4f3d8c87a7010af3beaa", "scene": "scene-1110"}, {"images": ["samples/CAM_FRONT_LEFT/n015-2018-11-21-19-58-31+0800__CAM_FRONT_LEFT__1542801716404844.jpg", "samples/CAM_FRONT/n015-2018-11-21-19-58-31+0800__CAM_FRONT__1542801716412460.jpg", "samples/CAM_FRONT_RIGHT/n015-2018-11-21-19-58-31+0800__CAM_FRONT_RIGHT__1542801716420339.jpg", "samples/CAM_BACK_LEFT/n015-2018-11-21-19-58-31+0800__CAM_BACK_LEFT__1542801716447423.jpg", "samples/CAM_BACK/n015-2018-11-21-19-58-31+0800__CAM_BACK__1542801716437525.jpg", "samples/CAM_BACK_RIGHT/n015-2018-11-21-19-58-31+0800__CAM_BACK_RIGHT__1542801716427893.jpg"], "intrinsics": [[[1272.5979470598488, 0.0, 826.6154927353808], [0.0, 1272.5979470598488, 479.75165386361925], [0.0, 0.0, 1.0]], [[1266.417203046554, 0.0, 816.2670197447984], [0.0, 1266.417203046554, 491.50706579294757], [0.0, 0.0, 1.0]], [[1260.8474446004698, 0.0, 807.968244525554], [0.0, 1260.8474446004698, 495.3344268742088], [0.0, 0.0, 1.0]], [[1256.7414812095406, 0.0, 792.1125740759628], [0.0, 1256.7414812095406, 492.7757465151356], [0.0, 0.0, 1.0]], [[809.2209905677063, 0.0, 829.2196003259838], [0.0, 809.2209905677063, 481.77842384512485], [0.0, 0.0, 1.0]], [[1259.5137405846733, 0.0, 807.2529053838625], [0.0, 1259.5137405846733, 501.19579884916527], [0.0, 0.0, 1.0]]], "extrinsics": [[[0.8207381367683411, -0.5709969401359558, 0.01874511130154133, -0.91448974609375], [-0.002591184340417385, -0.0365312322974205, -0.999329149723053, 1.5080833435058594], [0.5712986588478088, 0.8201389908790588, -0.03146212920546532, -1.244873046875], [0.0, 0.0, 0.0, 1.0]], [[0.005690373480319977, -0.999161422252655, 0.04054572433233261, 0.00518798828125], [-0.007890221662819386, -0.04058998450636864, -0.9991447329521179, 1.5201225280761719], [0.9999526739120483, 0.005365566350519657, -0.00811457633972168, -1.64111328125], [0.0, 0.0, 0.0, 1.0]], [[-0.8329331874847412, -0.5531747341156006, 0.01483171433210373, 0.99853515625], [-0.0022677972447127104, -0.02338988333940506, -0.9997237920761108, 1.5035514831542969], [0.553368866443634, -0.8327367901802063, 0.018227724358439445, -1.2266387939453125], [0.0, 0.0, 0.0, 1.0]], [[0.9477112889289856, 0.31893497705459595, -0.011130370199680328, -1.1412353515625], [0.006350713782012463, -0.053718529641628265, -0.9985359311103821, 1.58856201171875], [-0.3190658986568451, 0.9462530612945557, -0.05293511971831322, -0.10406494140625], [0.0, 0.0, 0.0, 1.0]], [[0.0023056145291775465, 0.9990392327308655, -0.0437639057636261, 0.0029296875], [-0.01904892735183239, -0.043712206184864044, -0.9988625645637512, 1.5790557861328125], [-0.9998159408569336, 0.0031366650946438313, 0.01892983913421631, -0.0137939453125], [0.0, 0.0, 0.0, 1.0]], [[-0.9348149299621582, 0.354403018951416, -0.022790860384702682, 1.1085205078125], [0.013603707775473595, -0.028393138200044632, -0.9995042681694031, 1.5518503189086914], [-0.3548744320869446, -0.9346616864204407, 0.021721135824918747, -0.0743408203125], [0.0, 0.0, 0.0, 1.0]]], "view": [[0.0, -2.0, 100.0], [-2.0, 0.0, 100.0], [0.0, 0.0, 1.0]], "bev": "bev_c4203acc7a704f61a0a77235c48bb05b.png", "aux": "aux_c4203acc7a704f61a0a77235c48bb05b.npz", "visibility": "visibility_c4203acc7a704f61a0a77235c48bb05b.png", "pose": [[0.974283754825592, -0.22532469034194946, 0.0, 1519.1954345703125], [0.22532469034194946, 0.974283754825592, 0.0, 1412.1697998046875], [0.0, 0.0, 1.0, 0.0], [0.0, 0.0, 0.0, 1.0]], "pose_inverse": [[0.974283754825592, 0.22532469034194946, 0.0, -1798.3240966796875], [-0.22532469034194946, 0.974283754825592, 0.0, -1033.541748046875], [0.0, 0.0, 1.0, 0.0], [0.0, 0.0, 0.0, 1.0]], "cam_ids": [0, 1, 2, 3, 4, 5], "cam_channels": ["CAM_FRONT_LEFT", "CAM_FRONT", "CAM_FRONT_RIGHT", "CAM_BACK_LEFT", "CAM_BACK", "CAM_BACK_RIGHT"], "token": "c4203acc7a704f61a0a77235c48bb05b", "scene": "scene-1110"}, {"images": ["samples/CAM_FRONT_LEFT/n015-2018-11-21-19-58-31+0800__CAM_FRONT_LEFT__1542801716904844.jpg", "samples/CAM_FRONT/n015-2018-11-21-19-58-31+0800__CAM_FRONT__1542801716912460.jpg", "samples/CAM_FRONT_RIGHT/n015-2018-11-21-19-58-31+0800__CAM_FRONT_RIGHT__1542801716920339.jpg", "samples/CAM_BACK_LEFT/n015-2018-11-21-19-58-31+0800__CAM_BACK_LEFT__1542801716947423.jpg", "samples/CAM_BACK/n015-2018-11-21-19-58-31+0800__CAM_BACK__1542801716937525.jpg", "samples/CAM_BACK_RIGHT/n015-2018-11-21-19-58-31+0800__CAM_BACK_RIGHT__1542801716927893.jpg"], "intrinsics": [[[1272.5979470598488, 0.0, 826.6154927353808], [0.0, 1272.5979470598488, 479.75165386361925], [0.0, 0.0, 1.0]], [[1266.417203046554, 0.0, 816.2670197447984], [0.0, 1266.417203046554, 491.50706579294757], [0.0, 0.0, 1.0]], [[1260.8474446004698, 0.0, 807.968244525554], [0.0, 1260.8474446004698, 495.3344268742088], [0.0, 0.0, 1.0]], [[1256.7414812095406, 0.0, 792.1125740759628], [0.0, 1256.7414812095406, 492.7757465151356], [0.0, 0.0, 1.0]], [[809.2209905677063, 0.0, 829.2196003259838], [0.0, 809.2209905677063, 481.77842384512485], [0.0, 0.0, 1.0]], [[1259.5137405846733, 0.0, 807.2529053838625], [0.0, 1259.5137405846733, 501.19579884916527], [0.0, 0.0, 1.0]]], "extrinsics": [[[0.8202037215232849, -0.5719645023345947, 0.011061770841479301, -0.8809814453125], [-0.010320319794118404, -0.0341271236538887, -0.9993641972541809, 1.5071868896484375], [0.5719783902168274, 0.8195681571960449, -0.033894047141075134, -1.221435546875], [0.0, 0.0, 0.0, 1.0]], [[0.005006421823054552, -0.9992629885673523, 0.03805756941437721, 0.00531005859375], [-0.015751931816339493, -0.038132134824991226, -0.9991486072540283, 1.519195556640625], [0.9998633861541748, 0.004402675665915012, -0.015931228175759315, -1.6077880859375], [0.0, 0.0, 0.0, 1.0]], [[-0.8332535624504089, -0.5525259375572205, 0.02008889801800251, 0.9775390625], [-0.010253328830003738, -0.02088560350239277, -0.9997292757034302, 1.5029716491699219], [0.552795946598053, -0.8332340121269226, 0.01173777412623167, -1.2125244140625], [0.0, 0.0, 0.0, 1.0]], [[0.9476909041404724, 0.3186708986759186, -0.01818469911813736, -1.1417236328125], [-0.001988234231248498, -0.051076821982860565, -0.9986926913261414, 1.5885543823242188], [-0.3191831409931183, 0.9464883208274841, -0.047771453857421875, -0.103973388671875], [0.0, 0.0, 0.0, 1.0]], [[0.0024546158965677023, 0.9991481900215149, -0.04119401052594185, 0.0029296875], [-0.02727397158741951, -0.04111192002892494, -0.998782217502594, 1.5786895751953125], [-0.999625027179718, 0.003575174603611231, 0.027149824425578117, -0.0225830078125], [0.0, 0.0, 0.0, 1.0]], [[-0.9347251057624817, 0.35508278012275696, -0.014325769618153572, 1.0916748046875], [0.005499728489667177, -0.025853212922811508, -0.9996506571769714, 1.5517101287841797], [-0.35532909631729126, -0.9344773292541504, 0.022212788462638855, -0.0806884765625], [0.0, 0.0, 0.0, 1.0]]], "view": [[0.0, -2.0, 100.0], [-2.0, 0.0, 100.0], [0.0, 0.0, 1.0]], "bev": "bev_7196e0f5dda2478bbe1ad06eb0e348a4.png", "aux": "aux_7196e0f5dda2478bbe1ad06eb0e348a4.npz", "visibility": "visibility_7196e0f5dda2478bbe1ad06eb0e348a4.png", "pose": [[0.9729828834533691, -0.23087729513645172, 0.0, 1520.1668701171875], [0.23087729513645172, 0.9729828834533691, 0.0, 1412.3985595703125], [0.0, 0.0, 1.0, 0.0], [0.0, 0.0, 0.0, 1.0]], "pose_inverse": [[0.9729828834533691, 0.23087729513645172, 0.0, -1805.1871337890625], [-0.23087729513645172, 0.9729828834533691, 0.0, -1023.267578125], [0.0, 0.0, 1.0, 0.0], [0.0, 0.0, 0.0, 1.0]], "cam_ids": [0, 1, 2, 3, 4, 5], "cam_channels": ["CAM_FRONT_LEFT", "CAM_FRONT", "CAM_FRONT_RIGHT", "CAM_BACK_LEFT", "CAM_BACK", "CAM_BACK_RIGHT"], "token": "7196e0f5dda2478bbe1ad06eb0e348a4", "scene": "scene-1110"}, {"images": ["samples/CAM_FRONT_LEFT/n015-2018-11-21-19-58-31+0800__CAM_FRONT_LEFT__1542801717404844.jpg", "samples/CAM_FRONT/n015-2018-11-21-19-58-31+0800__CAM_FRONT__1542801717412460.jpg", "samples/CAM_FRONT_RIGHT/n015-2018-11-21-19-58-31+0800__CAM_FRONT_RIGHT__1542801717420339.jpg", "samples/CAM_BACK_LEFT/n015-2018-11-21-19-58-31+0800__CAM_BACK_LEFT__1542801717447423.jpg", "samples/CAM_BACK/n015-2018-11-21-19-58-31+0800__CAM_BACK__1542801717437549.jpg", "samples/CAM_BACK_RIGHT/n015-2018-11-21-19-58-31+0800__CAM_BACK_RIGHT__1542801717427893.jpg"], "intrinsics": [[[1272.5979470598488, 0.0, 826.6154927353808], [0.0, 1272.5979470598488, 479.75165386361925], [0.0, 0.0, 1.0]], [[1266.417203046554, 0.0, 816.2670197447984], [0.0, 1266.417203046554, 491.50706579294757], [0.0, 0.0, 1.0]], [[1260.8474446004698, 0.0, 807.968244525554], [0.0, 1260.8474446004698, 495.3344268742088], [0.0, 0.0, 1.0]], [[1256.7414812095406, 0.0, 792.1125740759628], [0.0, 1256.7414812095406, 492.7757465151356], [0.0, 0.0, 1.0]], [[809.2209905677063, 0.0, 829.2196003259838], [0.0, 809.2209905677063, 481.77842384512485], [0.0, 0.0, 1.0]], [[1259.5137405846733, 0.0, 807.2529053838625], [0.0, 1259.5137405846733, 501.19579884916527], [0.0, 0.0, 1.0]]], "extrinsics": [[[0.8200068473815918, -0.5722928643226624, 0.008354438468813896, -0.88531494140625], [-0.012775381095707417, -0.03289423882961273, -0.9993771910667419, 1.5070114135742188], [0.5722112059593201, 0.8193893432617188, -0.03428475558757782, -1.2249755859375], [0.0, 0.0, 0.0, 1.0]], [[0.004778250586241484, -0.9993127584457397, 0.03675812855362892, 0.00567626953125], [-0.018067490309476852, -0.036838825792074203, -0.9991579055786133, 1.5190963745117188], [0.9998252987861633, 0.00411013001576066, -0.018231095746159554, -1.612548828125], [0.0, 0.0, 0.0, 1.0]], [[-0.8333501815795898, -0.5523407459259033, 0.021144960075616837, 0.98095703125], [-0.012420929968357086, -0.019531983882188797, -0.9997320175170898, 1.5028800964355469], [0.5526057481765747, -0.8333895802497864, 0.009416400454938412, -1.214569091796875], [0.0, 0.0, 0.0, 1.0]], [[0.9477091431617737, 0.3185513913631439, -0.019298814237117767, -1.1424560546875], [-0.0037825549952685833, -0.04925575479865074, -0.9987790584564209, 1.5885429382324219], [-0.31911298632621765, 0.9466250538825989, -0.04547518864274025, -0.10333251953125], [0.0, 0.0, 0.0, 1.0]], [[0.002551950979977846, 0.9992128610610962, -0.03958744555711746, 0.00286865234375], [-0.029170701280236244, -0.039496343582868576, -0.9987938404083252, 1.5787124633789062], [-0.9995712041854858, 0.003703663358464837, 0.02904694341123104, -0.0203857421875], [0.0, 0.0, 0.0, 1.0]], [[-0.9346809387207031, 0.3552878797054291, -0.011921213008463383, 1.0946044921875], [0.003465810790657997, -0.02442571334540844, -0.9996956586837769, 1.551614761352539], [-0.3554709553718567, -0.9344378113746643, 0.02159888856112957, -0.079345703125], [0.0, 0.0, 0.0, 1.0]]], "view": [[0.0, -2.0, 100.0], [-2.0, 0.0, 100.0], [0.0, 0.0, 1.0]], "bev": "bev_ce60a5da05064f9e97325c16c51e9f06.png", "aux": "aux_ce60a5da05064f9e97325c16c51e9f06.npz", "visibility": "visibility_ce60a5da05064f9e97325c16c51e9f06.png", "pose": [[0.9695580005645752, -0.24486187100410461, 0.0, 1521.36181640625], [0.24486187100410461, 0.9695580005645752, 0.0, 1412.689697265625], [0.0, 0.0, 1.0, 0.0], [0.0, 0.0, 0.0, 1.0]], "pose_inverse": [[0.9695580005645752, 0.24486187100410461, 0.0, -1820.9622802734375], [-0.24486187100410461, 0.9695580005645752, 0.0, -997.1610717773438], [0.0, 0.0, 1.0, 0.0], [0.0, 0.0, 0.0, 1.0]], "cam_ids": [0, 1, 2, 3, 4, 5], "cam_channels": ["CAM_FRONT_LEFT", "CAM_FRONT", "CAM_FRONT_RIGHT", "CAM_BACK_LEFT", "CAM_BACK", "CAM_BACK_RIGHT"], "token": "ce60a5da05064f9e97325c16c51e9f06", "scene": "scene-1110"}, {"images": ["samples/CAM_FRONT_LEFT/n015-2018-11-21-19-58-31+0800__CAM_FRONT_LEFT__1542801717904844.jpg", "samples/CAM_FRONT/n015-2018-11-21-19-58-31+0800__CAM_FRONT__1542801717912460.jpg", "samples/CAM_FRONT_RIGHT/n015-2018-11-21-19-58-31+0800__CAM_FRONT_RIGHT__1542801717920339.jpg", "samples/CAM_BACK_LEFT/n015-2018-11-21-19-58-31+0800__CAM_BACK_LEFT__1542801717947423.jpg", "samples/CAM_BACK/n015-2018-11-21-19-58-31+0800__CAM_BACK__1542801717937525.jpg", "samples/CAM_BACK_RIGHT/n015-2018-11-21-19-58-31+0800__CAM_BACK_RIGHT__1542801717927893.jpg"], "intrinsics": [[[1272.5979470598488, 0.0, 826.6154927353808], [0.0, 1272.5979470598488, 479.75165386361925], [0.0, 0.0, 1.0]], [[1266.417203046554, 0.0, 816.2670197447984], [0.0, 1266.417203046554, 491.50706579294757], [0.0, 0.0, 1.0]], [[1260.8474446004698, 0.0, 807.968244525554], [0.0, 1260.8474446004698, 495.3344268742088], [0.0, 0.0, 1.0]], [[1256.7414812095406, 0.0, 792.1125740759628], [0.0, 1256.7414812095406, 492.7757465151356], [0.0, 0.0, 1.0]], [[809.2209905677063, 0.0, 829.2196003259838], [0.0, 809.2209905677063, 481.77842384512485], [0.0, 0.0, 1.0]], [[1259.5137405846733, 0.0, 807.2529053838625], [0.0, 1259.5137405846733, 501.19579884916527], [0.0, 0.0, 1.0]]], "extrinsics": [[[0.8204023241996765, -0.5717636942863464, 0.005122987553477287, -0.864501953125], [-0.0162437092512846, -0.03226161748170853, -0.999347448348999, 1.5062637329101562], [0.5715558528900146, 0.8197837471961975, -0.03575506806373596, -1.2105712890625], [0.0, 0.0, 0.0, 1.0]], [[0.005429025273770094, -0.999324381351471, 0.03635023161768913, 0.00579833984375], [-0.021532569080591202, -0.03645916283130646, -0.9991031289100647, 1.5183639526367188], [0.9997534155845642, 0.004641445819288492, -0.021715959534049034, -1.5914306640625], [0.0, 0.0, 0.0, 1.0]], [[-0.8330613374710083, -0.5526609420776367, 0.02397509105503559, 0.96728515625], [-0.015895120799541473, -0.019407805055379868, -0.9996852278709412, 1.5024032592773438], [0.552952229976654, -0.8331801891326904, 0.007383282762020826, -1.2054443359375], [0.0, 0.0, 0.0, 1.0]], [[0.9476699829101562, 0.31845027208328247, -0.022607162594795227, -1.148681640625], [-0.007030891254544258, -0.0499776266515255, -0.9987255930900574, 1.5885810852050781], [-0.31917423009872437, 0.9466212391853333, -0.045123305171728134, -0.100860595703125], [0.0, 0.0, 0.0, 1.0]], [[0.0023408259730786085, 0.9991964101791382, -0.04001278802752495, 0.0029296875], [-0.03256769850850105, -0.03991549462080002, -0.9986721873283386, 1.5785293579101562], [-0.9994667768478394, 0.0036408291198313236, 0.032448090612888336, -0.023681640625], [0.0, 0.0, 0.0, 1.0]], [[-0.9348031282424927, 0.3550591766834259, -0.008715320378541946, 1.0833740234375], [3.474271807135665e-06, -0.024529574438929558, -0.9996991157531738, 1.5514545440673828], [-0.35516616702079773, -0.9345219731330872, 0.02292909473180771, -0.0836181640625], [0.0, 0.0, 0.0, 1.0]]], "view": [[0.0, -2.0, 100.0], [-2.0, 0.0, 100.0], [0.0, 0.0, 1.0]], "bev": "bev_83c9b9c6781a4808a88c971fcfefc46b.png", "aux": "aux_83c9b9c6781a4808a88c971fcfefc46b.npz", "visibility": "visibility_83c9b9c6781a4808a88c971fcfefc46b.png", "pose": [[0.9666112065315247, -0.25624749064445496, 0.0, 1522.6566162109375], [0.25624749064445496, 0.9666112065315247, 0.0, 1413.0205078125], [0.0, 0.0, 1.0, 0.0], [0.0, 0.0, 0.0, 1.0]], "pose_inverse": [[0.9666112065315247, 0.25624749064445496, 0.0, -1833.89990234375], [-0.25624749064445496, 0.9666112065315247, 0.0, -975.6644897460938], [0.0, 0.0, 1.0, 0.0], [0.0, 0.0, 0.0, 1.0]], "cam_ids": [0, 1, 2, 3, 4, 5], "cam_channels": ["CAM_FRONT_LEFT", "CAM_FRONT", "CAM_FRONT_RIGHT", "CAM_BACK_LEFT", "CAM_BACK", "CAM_BACK_RIGHT"], "token": "83c9b9c6781a4808a88c971fcfefc46b", "scene": "scene-1110"}, {"images": ["samples/CAM_FRONT_LEFT/n015-2018-11-21-19-58-31+0800__CAM_FRONT_LEFT__1542801718404844.jpg", "samples/CAM_FRONT/n015-2018-11-21-19-58-31+0800__CAM_FRONT__1542801718412460.jpg", "samples/CAM_FRONT_RIGHT/n015-2018-11-21-19-58-31+0800__CAM_FRONT_RIGHT__1542801718420339.jpg", "samples/CAM_BACK_LEFT/n015-2018-11-21-19-58-31+0800__CAM_BACK_LEFT__1542801718447423.jpg", "samples/CAM_BACK/n015-2018-11-21-19-58-31+0800__CAM_BACK__1542801718437525.jpg", "samples/CAM_BACK_RIGHT/n015-2018-11-21-19-58-31+0800__CAM_BACK_RIGHT__1542801718427893.jpg"], "intrinsics": [[[1272.5979470598488, 0.0, 826.6154927353808], [0.0, 1272.5979470598488, 479.75165386361925], [0.0, 0.0, 1.0]], [[1266.417203046554, 0.0, 816.2670197447984], [0.0, 1266.417203046554, 491.50706579294757], [0.0, 0.0, 1.0]], [[1260.8474446004698, 0.0, 807.968244525554], [0.0, 1260.8474446004698, 495.3344268742088], [0.0, 0.0, 1.0]], [[1256.7414812095406, 0.0, 792.1125740759628], [0.0, 1256.7414812095406, 492.7757465151356], [0.0, 0.0, 1.0]], [[809.2209905677063, 0.0, 829.2196003259838], [0.0, 809.2209905677063, 481.77842384512485], [0.0, 0.0, 1.0]], [[1259.5137405846733, 0.0, 807.2529053838625], [0.0, 1259.5137405846733, 501.19579884916527], [0.0, 0.0, 1.0]]], "extrinsics": [[[0.8218061327934265, -0.5696156620979309, 0.01313411071896553, -0.8380126953125], [-0.0036148116923868656, -0.02826371230185032, -0.99959397315979, 1.5076828002929688], [0.5697555541992188, 0.8214250802993774, -0.025286348536610603, -1.1920166015625], [0.0, 0.0, 0.0, 1.0]], [[0.0072557684034109116, -0.9994539022445679, 0.03223776817321777, 0.00567626953125], [-0.008697731420397758, -0.03230047971010208, -0.9994403719902039, 1.5194168090820312], [0.9999358057975769, 0.006971382070332766, -0.008927347138524055, -1.5650634765625], [0.0, 0.0, 0.0, 1.0]], [[-0.8322622776031494, -0.5542778968811035, 0.010743842460215092, 0.949951171875], [-0.002881168620660901, -0.015055067837238312, -0.9998824596405029, 1.5033588409423828], [0.5543744564056396, -0.832195520401001, 0.0109327994287014, -1.1944732666015625], [0.0, 0.0, 0.0, 1.0]], [[0.9478196501731873, 0.3186988830566406, -0.008300192654132843, -1.14453125], [0.006526497658342123, -0.04542654752731323, -0.9989463090896606, 1.5885200500488281], [-0.3187400698661804, 0.9467668533325195, -0.045136164873838425, -0.102325439453125], [0.0, 0.0, 0.0, 1.0]], [[0.0020022434182465076, 0.999369204044342, -0.03545694798231125, 0.0032958984375], [-0.019156398251652718, -0.035412177443504333, -0.9991891980171204, 1.57867431640625], [-0.9998144507408142, 0.0026798516046255827, 0.01907340995967388, -0.0333251953125], [0.0, 0.0, 0.0, 1.0]], [[-0.9351325631141663, 0.3537634313106537, -0.01945427618920803, 1.0694580078125], [0.013216815888881683, -0.02003936655819416, -0.9997118711471558, 1.5523858070373535], [-0.3540513217449188, -0.9351203441619873, 0.014063837006688118, -0.0892333984375], [0.0, 0.0, 0.0, 1.0]]], "view": [[0.0, -2.0, 100.0], [-2.0, 0.0, 100.0], [0.0, 0.0, 1.0]], "bev": "bev_bba3a54fbc8144c1b0ef934d0a2d5854.png", "aux": "aux_bba3a54fbc8144c1b0ef934d0a2d5854.npz", "visibility": "visibility_bba3a54fbc8144c1b0ef934d0a2d5854.png", "pose": [[0.966659426689148, -0.2560654878616333, 0.0, 1524.283203125], [0.2560654878616333, 0.966659426689148, 0.0, 1413.45361328125], [0.0, 0.0, 1.0, 0.0], [0.0, 0.0, 0.0, 1.0]], "pose_inverse": [[0.966659426689148, 0.2560654878616333, 0.0, -1835.3994140625], [-0.2560654878616333, 0.966659426689148, 0.0, -976.011962890625], [0.0, 0.0, 1.0, 0.0], [0.0, 0.0, 0.0, 1.0]], "cam_ids": [0, 1, 2, 3, 4, 5], "cam_channels": ["CAM_FRONT_LEFT", "CAM_FRONT", "CAM_FRONT_RIGHT", "CAM_BACK_LEFT", "CAM_BACK", "CAM_BACK_RIGHT"], "token": "bba3a54fbc8144c1b0ef934d0a2d5854", "scene": "scene-1110"}, {"images": ["samples/CAM_FRONT_LEFT/n015-2018-11-21-19-58-31+0800__CAM_FRONT_LEFT__1542801718904844.jpg", "samples/CAM_FRONT/n015-2018-11-21-19-58-31+0800__CAM_FRONT__1542801718912465.jpg", "samples/CAM_FRONT_RIGHT/n015-2018-11-21-19-58-31+0800__CAM_FRONT_RIGHT__1542801718920339.jpg", "samples/CAM_BACK_LEFT/n015-2018-11-21-19-58-31+0800__CAM_BACK_LEFT__1542801718947423.jpg", "samples/CAM_BACK/n015-2018-11-21-19-58-31+0800__CAM_BACK__1542801718937525.jpg", "samples/CAM_BACK_RIGHT/n015-2018-11-21-19-58-31+0800__CAM_BACK_RIGHT__1542801718927893.jpg"], "intrinsics": [[[1272.5979470598488, 0.0, 826.6154927353808], [0.0, 1272.5979470598488, 479.75165386361925], [0.0, 0.0, 1.0]], [[1266.417203046554, 0.0, 816.2670197447984], [0.0, 1266.417203046554, 491.50706579294757], [0.0, 0.0, 1.0]], [[1260.8474446004698, 0.0, 807.968244525554], [0.0, 1260.8474446004698, 495.3344268742088], [0.0, 0.0, 1.0]], [[1256.7414812095406, 0.0, 792.1125740759628], [0.0, 1256.7414812095406, 492.7757465151356], [0.0, 0.0, 1.0]], [[809.2209905677063, 0.0, 829.2196003259838], [0.0, 809.2209905677063, 481.77842384512485], [0.0, 0.0, 1.0]], [[1259.5137405846733, 0.0, 807.2529053838625], [0.0, 1259.5137405846733, 501.19579884916527], [0.0, 0.0, 1.0]]], "extrinsics": [[[0.8267138004302979, -0.562545120716095, 0.009336080402135849, -0.81317138671875], [-0.00807416532188654, -0.028454644605517387, -0.9995624423027039, 1.5064544677734375], [0.5625645518302917, 0.8262768387794495, -0.028065931051969528, -1.1658935546875], [0.0, 0.0, 0.0, 1.0]], [[0.014394635334610939, -0.9993813037872314, 0.03208865970373154, -0.0009765625], [-0.013694355264306068, -0.03228601813316345, -0.999384880065918, 1.5181198120117188], [0.9998026490211487, 0.013946330174803734, -0.014150629751384258, -1.53515625], [0.0, 0.0, 0.0, 1.0]], [[-0.8291803598403931, -0.5587705373764038, 0.015344386920332909, 0.92529296875], [-0.008562251925468445, -0.014751140959560871, -0.9998545050621033, 1.5024662017822266], [0.5589155554771423, -0.8291911482810974, 0.007447023410350084, -1.1870040893554688], [0.0, 0.0, 0.0, 1.0]], [[0.9477904438972473, 0.31854647397994995, -0.014875708147883415, -1.1343994140625], [-0.0008252669358626008, -0.04419759288430214, -0.9990224242210388, 1.58819580078125], [-0.31889253854751587, 0.9468762874603271, -0.041627172380685806, -0.09814453125], [0.0, 0.0, 0.0, 1.0]], [[-0.00012500844604801387, 0.9994037747383118, -0.034528475254774094, 0.010498046875], [-0.02591300569474697, -0.03452011570334