[{"images": ["samples/CAM_FRONT_LEFT/n008-2018-08-01-15-16-36-0400__CAM_FRONT_LEFT__1533151730504799.jpg", "samples/CAM_FRONT/n008-2018-08-01-15-16-36-0400__CAM_FRONT__1533151730512404.jpg", "samples/CAM_FRONT_RIGHT/n008-2018-08-01-15-16-36-0400__CAM_FRONT_RIGHT__1533151730520492.jpg", "samples/CAM_BACK_LEFT/n008-2018-08-01-15-16-36-0400__CAM_BACK_LEFT__1533151730548587.jpg", "samples/CAM_BACK/n008-2018-08-01-15-16-36-0400__CAM_BACK__1533151730537558.jpg", "samples/CAM_BACK_RIGHT/n008-2018-08-01-15-16-36-0400__CAM_BACK_RIGHT__1533151730528113.jpg"], "intrinsics": [[[1257.8625342125129, 0.0, 827.2410631095686], [0.0, 1257.8625342125129, 450.915498205774], [0.0, 0.0, 1.0]], [[1252.8131021185304, 0.0, 826.588114781398], [0.0, 1252.8131021185304, 469.9846626224581], [0.0, 0.0, 1.0]], [[1256.7485116440405, 0.0, 817.7887570959712], [0.0, 1256.7485116440403, 451.9541780095127], [0.0, 0.0, 1.0]], [[1254.9860565800168, 0.0, 829.5769333630991], [0.0, 1254.9860565800168, 467.1680561863987], [0.0, 0.0, 1.0]], [[796.8910634503094, 0.0, 857.7774326863696], [0.0, 796.8910634503094, 476.8848988407415], [0.0, 0.0, 1.0]], [[1249.9629280788233, 0.0, 825.3768045375984], [0.0, 1249.9629280788233, 462.54816385708756], [0.0, 0.0, 1.0]]], "extrinsics": [[[0.8229134678840637, -0.5680598020553589, 0.011022506281733513, -0.831634521484375], [0.004576451610773802, -0.012772365473210812, -0.9999079704284668, 1.4892816543579102], [0.5681482553482056, 0.8228881359100342, -0.007910854183137417, -1.2169189453125], [0.0, 0.0, 0.0, 1.0]], [[0.010788338258862495, -0.9997963905334473, 0.017050063237547874, 0.0093994140625], [0.006694577168673277, -0.01697845570743084, -0.9998334646224976, 1.481358528137207], [0.9999194145202637, 0.010900686495006084, 0.006510044448077679, -1.5621337890625], [0.0, 0.0, 0.0, 1.0]], [[-0.8437696695327759, -0.536703884601593, 0.001262187259271741, 0.97802734375], [0.014891101978719234, -0.025761481374502182, -0.9995571374893188, 1.4951152801513672], [0.5364987850189209, -0.8433772921562195, 0.02972887083888054, -1.204193115234375], [0.0, 0.0, 0.0, 1.0]], [[0.9478992819786072, 0.3183070719242096, -0.012947706505656242, -1.1441650390625], [-0.00995679758489132, -0.011021550744771957, -0.9998896718025208, 1.5620479583740234], [-0.3184146285057068, 0.9479236006736755, -0.007278000470250845, -0.15594482421875], [0.0, 0.0, 0.0, 1.0]], [[0.009050922468304634, 0.9997890591621399, -0.01843811571598053, -0.0289306640625], [-0.008045394904911518, -0.018365461379289627, -0.9997989535331726, 1.5676536560058594], [-0.9999266266822815, 0.00919742975383997, 0.007877474650740623, -0.008544921875], [0.0, 0.0, 0.0, 1.0]], [[-0.9238647818565369, 0.3825322389602661, -0.011946434155106544, 1.06964111328125], [-0.00402458431199193, -0.0409233532845974, -0.9991541504859924, 1.5474624633789062], [-0.38269755244255066, -0.9230353236198425, 0.03934718295931816, -0.0802001953125], [0.0, 0.0, 0.0, 1.0]]], "view": [[0.0, -2.0, 100.0], [-2.0, 0.0, 100.0], [0.0, 0.0, 1.0]], "bev": "bev_ad8905836f364a87a7233eb0aef915ea.png", "aux": "aux_ad8905836f364a87a7233eb0aef915ea.npz", "visibility": "visibility_ad8905836f364a87a7233eb0aef915ea.png", "pose": [[0.9941698908805847, -0.10782478004693985, 0.0, 1127.103759765625], [0.10782478004693985, 0.9941698908805847, 0.0, 1390.678466796875], [0.0, 0.0, 1.0, 0.0], [0.0, 0.0, 0.0, 1.0]], "pose_inverse": [[0.9941698908805847, 0.10782478004693985, 0.0, -1270.4822998046875], [-0.10782478004693985, 0.9941698908805847, 0.0, -1261.041015625], [0.0, 0.0, 1.0, 0.0], [0.0, 0.0, 0.0, 1.0]], "cam_ids": [0, 1, 2, 3, 4, 5], "cam_channels": ["CAM_FRONT_LEFT", "CAM_FRONT", "CAM_FRONT_RIGHT", "CAM_BACK_LEFT", "CAM_BACK", "CAM_BACK_RIGHT"], "token": "ad8905836f364a87a7233eb0aef915ea", "scene": "scene-0107"}, {"images": ["samples/CAM_FRONT_LEFT/n008-2018-08-01-15-16-36-0400__CAM_FRONT_LEFT__1533151731004799.jpg", "samples/CAM_FRONT/n008-2018-08-01-15-16-36-0400__CAM_FRONT__1533151731012404.jpg", "samples/CAM_FRONT_RIGHT/n008-2018-08-01-15-16-36-0400__CAM_FRONT_RIGHT__1533151731020482.jpg", "samples/CAM_BACK_LEFT/n008-2018-08-01-15-16-36-0400__CAM_BACK_LEFT__1533151731047405.jpg", "samples/CAM_BACK/n008-2018-08-01-15-16-36-0400__CAM_BACK__1533151731037558.jpg", "samples/CAM_BACK_RIGHT/n008-2018-08-01-15-16-36-0400__CAM_BACK_RIGHT__1533151731028113.jpg"], "intrinsics": [[[1257.8625342125129, 0.0, 827.2410631095686], [0.0, 1257.8625342125129, 450.915498205774], [0.0, 0.0, 1.0]], [[1252.8131021185304, 0.0, 826.588114781398], [0.0, 1252.8131021185304, 469.9846626224581], [0.0, 0.0, 1.0]], [[1256.7485116440405, 0.0, 817.7887570959712], [0.0, 1256.7485116440403, 451.9541780095127], [0.0, 0.0, 1.0]], [[1254.9860565800168, 0.0, 829.5769333630991], [0.0, 1254.9860565800168, 467.1680561863987], [0.0, 0.0, 1.0]], [[796.8910634503094, 0.0, 857.7774326863696], [0.0, 796.8910634503094, 476.8848988407415], [0.0, 0.0, 1.0]], [[1249.9629280788233, 0.0, 825.3768045375984], [0.0, 1249.9629280788233, 462.54816385708756], [0.0, 0.0, 1.0]]], "extrinsics": [[[0.8234649300575256, -0.5672853589057922, 0.009636061266064644, -0.835113525390625], [0.003617637325078249, -0.011733666062355042, -0.9999246001243591, 1.489060401916504], [0.5673556327819824, 0.8234376907348633, -0.00761003140360117, -1.2186279296875], [0.0, 0.0, 0.0, 1.0]], [[0.011585034430027008, -0.9998083710670471, 0.015778042376041412, 0.009033203125], [0.00563794607296586, -0.015713538974523544, -0.9998606443405151, 1.4811506271362305], [0.9999169111251831, 0.01167237851768732, 0.00545482337474823, -1.5648193359375], [0.0, 0.0, 0.0, 1.0]], [[-0.8434480428695679, -0.5372087955474854, 0.0014478464145213366, 0.9794921875], [0.013731732964515686, -0.02425367198884487, -0.999611496925354, 1.4949254989624023], [0.5370352268218994, -0.8431005477905273, 0.027833519503474236, -1.205291748046875], [0.0, 0.0, 0.0, 1.0]], [[0.9479058384895325, 0.31826120615005493, -0.01357732992619276, -1.137939453125], [-0.011431979015469551, -0.008607710711658001, -0.9998975992202759, 1.561971664428711], [-0.3183455169200897, 0.9479639530181885, -0.004520944319665432, -0.15802001953125], [0.0, 0.0, 0.0, 1.0]], [[0.008837546221911907, 0.9998264312744141, -0.01639997400343418, -0.0289306640625], [-0.00934247113764286, -0.01631734147667885, -0.9998232126235962, 1.5675697326660156], [-0.9999172687530518, 0.008989200927317142, 0.009196645580232143, -0.0089111328125], [0.0, 0.0, 0.0, 1.0]], [[-0.9240404367446899, 0.38215887546539307, -0.010184346698224545, 1.0704345703125], [-0.005199645645916462, -0.03920114040374756, -0.9992178082466125, 1.5473480224609375], [-0.38225916028022766, -0.923264741897583, 0.03821053355932236, -0.080078125], [0.0, 0.0, 0.0, 1.0]]], "view": [[0.0, -2.0, 100.0], [-2.0, 0.0, 100.0], [0.0, 0.0, 1.0]], "bev": "bev_7981b28d102547d09ceb7469faeda088.png", "aux": "aux_7981b28d102547d09ceb7469faeda088.npz", "visibility": "visibility_7981b28d102547d09ceb7469faeda088.png", "pose": [[0.9954236745834351, -0.09555969387292862, 0.0, 1129.4752197265625], [0.09555969387292862, 0.9954236745834351, 0.0, 1390.9056396484375], [0.0, 0.0, 1.0, 0.0], [0.0, 0.0, 0.0, 1.0]], "pose_inverse": [[0.9954236745834351, 0.09555969387292862, 0.0, -1257.220947265625], [-0.09555969387292862, 0.9954236745834351, 0.0, -1276.608154296875], [0.0, 0.0, 1.0, 0.0], [0.0, 0.0, 0.0, 1.0]], "cam_ids": [0, 1, 2, 3, 4, 5], "cam_channels": ["CAM_FRONT_LEFT", "CAM_FRONT", "CAM_FRONT_RIGHT", "CAM_BACK_LEFT", "CAM_BACK", "CAM_BACK_RIGHT"], "token": "7981b28d102547d09ceb7469faeda088", "scene": "scene-0107"}, {"images": ["samples/CAM_FRONT_LEFT/n008-2018-08-01-15-16-36-0400__CAM_FRONT_LEFT__1533151731404799.jpg", "samples/CAM_FRONT/n008-2018-08-01-15-16-36-0400__CAM_FRONT__1533151731412404.jpg", "samples/CAM_FRONT_RIGHT/n008-2018-08-01-15-16-36-0400__CAM_FRONT_RIGHT__1533151731420482.jpg", "samples/CAM_BACK_LEFT/n008-2018-08-01-15-16-36-0400__CAM_BACK_LEFT__1533151731447405.jpg", "samples/CAM_BACK/n008-2018-08-01-15-16-36-0400__CAM_BACK__1533151731437558.jpg", "samples/CAM_BACK_RIGHT/n008-2018-08-01-15-16-36-0400__CAM_BACK_RIGHT__1533151731428113.jpg"], "intrinsics": [[[1257.8625342125129, 0.0, 827.2410631095686], [0.0, 1257.8625342125129, 450.915498205774], [0.0, 0.0, 1.0]], [[1252.8131021185304, 0.0, 826.588114781398], [0.0, 1252.8131021185304, 469.9846626224581], [0.0, 0.0, 1.0]], [[1256.7485116440405, 0.0, 817.7887570959712], [0.0, 1256.7485116440403, 451.9541780095127], [0.0, 0.0, 1.0]], [[1254.9860565800168, 0.0, 829.5769333630991], [0.0, 1254.9860565800168, 467.1680561863987], [0.0, 0.0, 1.0]], [[796.8910634503094, 0.0, 857.7774326863696], [0.0, 796.8910634503094, 476.8848988407415], [0.0, 0.0, 1.0]], [[1249.9629280788233, 0.0, 825.3768045375984], [0.0, 1249.9629280788233, 462.54816385708756], [0.0, 0.0, 1.0]]], "extrinsics": [[[0.8235517144203186, -0.5672239065170288, 0.004431894980370998, -0.8199462890625], [0.0021018346305936575, -0.004761547315865755, -0.999986469745636, 1.488764762878418], [0.5672373175621033, 0.8235498666763306, -0.0027291716542094946, -1.2039794921875], [0.0, 0.0, 0.0, 1.0]], [[0.011682132259011269, -0.999894380569458, 0.008643628098070621, 0.00634765625], [0.004031426273286343, -0.008597049862146378, -0.999954879283905, 1.480905532836914], [0.999923586845398, 0.011716445907950401, 0.003930568695068359, -1.5482177734375], [0.0, 0.0, 0.0, 1.0]], [[-0.8434295058250427, -0.5372389554977417, -0.0010209201136603951, 0.9678955078125], [0.012029043398797512, -0.016984902322292328, -0.9997833967208862, 1.4947967529296875], [0.5371052026748657, -0.8432590365409851, 0.02078803814947605, -1.200653076171875], [0.0, 0.0, 0.0, 1.0]], [[0.9478774666786194, 0.3183765411376953, -0.012836052104830742, -1.1385498046875], [-0.013357141986489296, -0.0005464323330670595, -0.9999106526374817, 1.561971664428711], [-0.31835514307022095, 0.9479641318321228, 0.0037346493918448687, -0.157470703125], [0.0, 0.0, 0.0, 1.0]], [[0.00884065218269825, 0.9999232292175293, -0.008688819594681263, -0.0277099609375], [-0.011213256977498531, -0.008589481003582478, -0.999900221824646, 1.567422866821289], [-0.9998980164527893, 0.008937200531363487, 0.01113645825535059, -0.011962890625], [0.0, 0.0, 0.0, 1.0]], [[-0.9240545630455017, 0.3822183907032013, -0.005666454788297415, 1.0635986328125], [-0.007013243623077869, -0.03177260980010033, -0.9994704723358154, 1.5470542907714844], [-0.3821960389614105, -0.9235256314277649, 0.03204021602869034, -0.0845947265625], [0.0, 0.0, 0.0, 1.0]]], "view": [[0.0, -2.0, 100.0], [-2.0, 0.0, 100.0], [0.0, 0.0, 1.0]], "bev": "bev_5ab01f7610a24878894087740852f716.png", "aux": "aux_5ab01f7610a24878894087740852f716.npz", "visibility": "visibility_5ab01f7610a24878894087740852f716.png", "pose": [[0.9969773292541504, -0.07769303768873215, 0.0, 1131.452392578125], [0.07769303768873215, 0.9969773292541504, 0.0, 1391.070556640625], [0.0, 0.0, 1.0, 0.0], [0.0, 0.0, 0.0, 1.0]], "pose_inverse": [[0.9969773292541504, 0.07769303768873215, 0.0, -1236.10888671875], [-0.07769303768873215, 0.9969773292541504, 0.0, -1298.9598388671875], [0.0, 0.0, 1.0, 0.0], [0.0, 0.0, 0.0, 1.0]], "cam_ids": [0, 1, 2, 3, 4, 5], "cam_channels": ["CAM_FRONT_LEFT", "CAM_FRONT", "CAM_FRONT_RIGHT", "CAM_BACK_LEFT", "CAM_BACK", "CAM_BACK_RIGHT"], "token": "5ab01f7610a24878894087740852f716", "scene": "scene-0107"}, {"images": ["samples/CAM_FRONT_LEFT/n008-2018-08-01-15-16-36-0400__CAM_FRONT_LEFT__1533151732004799.jpg", "samples/CAM_FRONT/n008-2018-08-01-15-16-36-0400__CAM_FRONT__1533151732012404.jpg", "samples/CAM_FRONT_RIGHT/n008-2018-08-01-15-16-36-0400__CAM_FRONT_RIGHT__1533151732020482.jpg", "samples/CAM_BACK_LEFT/n008-2018-08-01-15-16-36-0400__CAM_BACK_LEFT__1533151732047405.jpg", "samples/CAM_BACK/n008-2018-08-01-15-16-36-0400__CAM_BACK__1533151732037558.jpg", "samples/CAM_BACK_RIGHT/n008-2018-08-01-15-16-36-0400__CAM_BACK_RIGHT__1533151732028113.jpg"], "intrinsics": [[[1257.8625342125129, 0.0, 827.2410631095686], [0.0, 1257.8625342125129, 450.915498205774], [0.0, 0.0, 1.0]], [[1252.8131021185304, 0.0, 826.588114781398], [0.0, 1252.8131021185304, 469.9846626224581], [0.0, 0.0, 1.0]], [[1256.7485116440405, 0.0, 817.7887570959712], [0.0, 1256.7485116440403, 451.9541780095127], [0.0, 0.0, 1.0]], [[1254.9860565800168, 0.0, 829.5769333630991], [0.0, 1254.9860565800168, 467.1680561863987], [0.0, 0.0, 1.0]], [[796.8910634503094, 0.0, 857.7774326863696], [0.0, 796.8910634503094, 476.8848988407415], [0.0, 0.0, 1.0]], [[1249.9629280788233, 0.0, 825.3768045375984], [0.0, 1249.9629280788233, 462.54816385708756], [0.0, 0.0, 1.0]]], "extrinsics": [[[0.824266254901886, -0.5662006735801697, 0.0013995218323543668, -0.8179473876953125], [0.009006529115140438, 0.010640034452080727, -0.9999028444290161, 1.4903526306152344], [0.5661307573318481, 0.824198842048645, 0.013869722373783588, -1.2039794921875], [0.0, 0.0, 0.0, 1.0]], [[0.012693872675299644, -0.9998980760574341, -0.006543734110891819, 0.0072021484375], [0.010730836540460587, 0.006680108606815338, -0.999920129776001, 1.4821643829345703], [0.9998618364334106, 0.012622641399502754, 0.010814538225531578, -1.5487060546875], [0.0, 0.0, 0.0, 1.0]], [[-0.8429576754570007, -0.5377812385559082, -0.014617671258747578, 0.969482421875], [0.01850994862616062, -0.0018371084006503224, -0.999826967716217, 1.4957218170166016], [0.5376613736152649, -0.8430824279785156, 0.011502908542752266, -1.20074462890625], [0.0, 0.0, 0.0, 1.0]], [[0.9479101896286011, 0.31852564215660095, -0.002789326012134552, -1.14111328125], [-0.007478857412934303, 0.013500611297786236, -0.9998809099197388, 1.5620241165161133], [-0.31845009326934814, 0.9478181600570679, 0.015179574489593506, -0.15679931640625], [0.0, 0.0, 0.0, 1.0]], [[0.008531050756573677, 0.9999461770057678, 0.005907178390771151, -0.0283203125], [-0.005153210833668709, 0.005951277911663055, -0.9999690055847168, 1.5677826404571533], [-0.9999503493309021, 0.008500343188643456, 0.005203704349696636, -0.009765625], [0.0, 0.0, 0.0, 1.0]], [[-0.9242383241653442, 0.3817729949951172, -0.00573614751920104, 1.0650634765625], [-0.0007359687006101012, -0.016804611310362816, -0.999858558177948, 1.5477313995361328], [-0.3818153440952301, -0.924103319644928, 0.01581243798136711, -0.083251953125], [0.0, 0.0, 0.0, 1.0]]], "view": [[0.0, -2.0, 100.0], [-2.0, 0.0, 100.0], [0.0, 0.0, 1.0]], "bev": "bev_82605117b0e642168d96e48f5d5e3147.png", "aux": "aux_82605117b0e642168d96e48f5d5e3147.npz", "visibility": "visibility_82605117b0e642168d96e48f5d5e3147.png", "pose": [[0.9992035031318665, -0.039904769510030746, 0.0, 1134.583251953125], [0.039904769510030746, 0.9992035031318665, 0.0, 1391.2593994140625], [0.0, 0.0, 1.0, 0.0], [0.0, 0.0, 0.0, 1.0]], "pose_inverse": [[0.9992035031318665, 0.039904769510030746, 0.0, -1189.1973876953125], [-0.039904769510030746, 0.9992035031318665, 0.0, -1344.8759765625], [0.0, 0.0, 1.0, 0.0], [0.0, 0.0, 0.0, 1.0]], "cam_ids": [0, 1, 2, 3, 4, 5], "cam_channels": ["CAM_FRONT_LEFT", "CAM_FRONT", "CAM_FRONT_RIGHT", "CAM_BACK_LEFT", "CAM_BACK", "CAM_BACK_RIGHT"], "token": "82605117b0e642168d96e48f5d5e3147", "scene": "scene-0107"}, {"images": ["samples/CAM_FRONT_LEFT/n008-2018-08-01-15-16-36-0400__CAM_FRONT_LEFT__1533151732504799.jpg", "samples/CAM_FRONT/n008-2018-08-01-15-16-36-0400__CAM_FRONT__1533151732512404.jpg", "samples/CAM_FRONT_RIGHT/n008-2018-08-01-15-16-36-0400__CAM_FRONT_RIGHT__1533151732520482.jpg", "samples/CAM_BACK_LEFT/n008-2018-08-01-15-16-36-0400__CAM_BACK_LEFT__1533151732547405.jpg", "samples/CAM_BACK/n008-2018-08-01-15-16-36-0400__CAM_BACK__1533151732537558.jpg", "samples/CAM_BACK_RIGHT/n008-2018-08-01-15-16-36-0400__CAM_BACK_RIGHT__1533151732528113.jpg"], "intrinsics": [[[1257.8625342125129, 0.0, 827.2410631095686], [0.0, 1257.8625342125129, 450.915498205774], [0.0, 0.0, 1.0]], [[1252.8131021185304, 0.0, 826.588114781398], [0.0, 1252.8131021185304, 469.9846626224581], [0.0, 0.0, 1.0]], [[1256.7485116440405, 0.0, 817.7887570959712], [0.0, 1256.7485116440403, 451.9541780095127], [0.0, 0.0, 1.0]], [[1254.9860565800168, 0.0, 829.5769333630991], [0.0, 1254.9860565800168, 467.1680561863987], [0.0, 0.0, 1.0]], [[796.8910634503094, 0.0, 857.7774326863696], [0.0, 796.8910634503094, 476.8848988407415], [0.0, 0.0, 1.0]], [[1249.9629280788233, 0.0, 825.3768045375984], [0.0, 1249.9629280788233, 462.54816385708756], [0.0, 0.0, 1.0]]], "extrinsics": [[[0.8237735629081726, -0.5669159889221191, -0.0018735956400632858, -0.7973175048828125], [0.00789846945554018, 0.014781523495912552, -0.9998595714569092, 1.4903087615966797], [0.5668641328811646, 0.8236429691314697, 0.016654396429657936, -1.18896484375], [0.0, 0.0, 0.0, 1.0]], [[0.012007889337837696, -0.9998729228973389, -0.010489841923117638, 0.0068359375], [0.009855073876678944, 0.010608429089188576, -0.9998952150344849, 1.4822273254394531], [0.9998793005943298, 0.011903252452611923, 0.009981205686926842, -1.526611328125], [0.0, 0.0, 0.0, 1.0]], [[-0.84324711561203, -0.5372855067253113, -0.016080014407634735, 0.954833984375], [0.017880184575915337, 0.0018612090498209, -0.9998383522033691, 1.4959430694580078], [0.5372285842895508, -0.8433983325958252, 0.008037305437028408, -1.19189453125], [0.0, 0.0, 0.0, 1.0]], [[0.9478777647018433, 0.31863051652908325, -0.0015602913917973638, -1.1395263671875], [-0.007320300210267305, 0.01688074879348278, -0.9998307228088379, 1.562016487121582], [-0.3185502290725708, 0.94772869348526, 0.018333356827497482, -0.15716552734375], [0.0, 0.0, 0.0, 1.0]], [[0.00870579481124878, 0.9999183416366577, 0.009353607892990112, -0.02783203125], [-0.005240884609520435, 0.009399461559951305, -0.9999420642852783, 1.5677480697631836], [-0.9999483823776245, 0.008656269870698452, 0.005322286393493414, -0.016357421875], [0.0, 0.0, 0.0, 1.0]], [[-0.9240959882736206, 0.38213881850242615, -0.004067491739988327, 1.05389404296875], [-0.0010932551231235266, -0.013286801986396313, -0.9999111294746399, 1.5476799011230469], [-0.3821588456630707, -0.9240094423294067, 0.012696055695414543, -0.08837890625], [0.0, 0.0, 0.0, 1.0]]], "view": [[0.0, -2.0, 100.0], [-2.0, 0.0, 100.0], [0.0, 0.0, 1.0]], "bev": "bev_4d4ba963c97e44678faa54ba4895a066.png", "aux": "aux_4d4ba963c97e44678faa54ba4895a066.npz", "visibility": "visibility_4d4ba963c97e44678faa54ba4895a066.png", "pose": [[0.9999811053276062, -0.006150237284600735, 0.0, 1137.29345703125], [0.006150237284600735, 0.9999811053276062, 0.0, 1391.3070068359375], [0.0, 0.0, 1.0, 0.0], [0.0, 0.0, 0.0, 1.0]], "pose_inverse": [[0.9999811053276062, 0.006150237284600735, 0.0, -1145.828857421875], [-0.006150237284600735, 0.9999811053276062, 0.0, -1384.2860107421875], [0.0, 0.0, 1.0, 0.0], [0.0, 0.0, 0.0, 1.0]], "cam_ids": [0, 1, 2, 3, 4, 5], "cam_channels": ["CAM_FRONT_LEFT", "CAM_FRONT", "CAM_FRONT_RIGHT", "CAM_BACK_LEFT", "CAM_BACK", "CAM_BACK_RIGHT"], "token": "4d4ba963c97e44678faa54ba4895a066", "scene": "scene-0107"}, {"images": ["samples/CAM_FRONT_LEFT/n008-2018-08-01-15-16-36-0400__CAM_FRONT_LEFT__1533151733004799.jpg", "samples/CAM_FRONT/n008-2018-08-01-15-16-36-0400__CAM_FRONT__1533151733012404.jpg", "samples/CAM_FRONT_RIGHT/n008-2018-08-01-15-16-36-0400__CAM_FRONT_RIGHT__1533151733020482.jpg", "samples/CAM_BACK_LEFT/n008-2018-08-01-15-16-36-0400__CAM_BACK_LEFT__1533151733047405.jpg", "samples/CAM_BACK/n008-2018-08-01-15-16-36-0400__CAM_BACK__1533151733037558.jpg", "samples/CAM_BACK_RIGHT/n008-2018-08-01-15-16-36-0400__CAM_BACK_RIGHT__1533151733028113.jpg"], "intrinsics": [[[1257.8625342125129, 0.0, 827.2410631095686], [0.0, 1257.8625342125129, 450.915498205774], [0.0, 0.0, 1.0]], [[1252.8131021185304, 0.0, 826.588114781398], [0.0, 1252.8131021185304, 469.9846626224581], [0.0, 0.0, 1.0]], [[1256.7485116440405, 0.0, 817.7887570959712], [0.0, 1256.7485116440403, 451.9541780095127], [0.0, 0.0, 1.0]], [[1254.9860565800168, 0.0, 829.5769333630991], [0.0, 1254.9860565800168, 467.1680561863987], [0.0, 0.0, 1.0]], [[796.8910634503094, 0.0, 857.7774326863696], [0.0, 796.8910634503094, 476.8848988407415], [0.0, 0.0, 1.0]], [[1249.9629280788233, 0.0, 825.3768045375984], [0.0, 1249.9629280788233, 462.54816385708756], [0.0, 0.0, 1.0]]], "extrinsics": [[[0.8238881230354309, -0.5667102336883545, -0.00693539809435606, -0.7967987060546875], [0.0028454745188355446, 0.016373084858059883, -0.9998618960380554, 1.4890022277832031], [0.5667454600334167, 0.8237544894218445, 0.015102147124707699, -1.1912841796875], [0.0, 0.0, 0.0, 1.0]], [[0.012158547528088093, -0.9998508095741272, -0.012271594256162643, 0.008544921875], [0.004643874242901802, 0.012328831478953362, -0.999913215637207, 1.4811210632324219], [0.9999153017997742, 0.012100505642592907, 0.004793081432580948, -1.5274658203125], [0.0, 0.0, 0.0, 1.0]], [[-0.8432365655899048, -0.5373964309692383, -0.012541720643639565, 0.9560546875], [0.012501901015639305, 0.0037190313450992107, -0.9999148845672607, 1.4950675964355469], [0.5373973250389099, -0.8433216214179993, 0.0035824524238705635, -1.19122314453125], [0.0, 0.0, 0.0, 1.0]], [[0.9479226469993591, 0.31843507289886475, -0.006456749979406595, -1.1446533203125], [-0.01322131510823965, 0.019086388871073723, -0.9997304081916809, 1.5620594024658203], [-0.31822600960731506, 0.9477525353431702, 0.022302553057670593, -0.15545654296875], [0.0, 0.0, 0.0, 1.0]], [[0.008760514669120312, 0.9998963475227356, 0.011424750089645386, -0.0284423828125], [-0.010951345786452293, 0.011520440690219402, -0.9998736381530762, 1.5674166679382324], [-0.9999015927314758, 0.008634288795292377, 0.011051136068999767, -0.0142822265625], [0.0, 0.0, 0.0, 1.0]], [[-0.9241458773612976, 0.3820355236530304, 0.0017904990818351507, 1.054412841796875], [-0.006619935389608145, -0.011327327229082584, -0.9999139308929443, 1.5470542907714844], [-0.38198232650756836, -0.9240782856941223, 0.012997153215110302, -0.087158203125], [0.0, 0.0, 0.0, 1.0]]], "view": [[0.0, -2.0, 100.0], [-2.0, 0.0, 100.0], [0.0, 0.0, 1.0]], "bev": "bev_9a8659f4a28e4afe943fc93b2148437d.png", "aux": "aux_9a8659f4a28e4afe943fc93b2148437d.npz", "visibility": "visibility_9a8659f4a28e4afe943fc93b2148437d.png", "pose": [[0.9998366236686707, 0.01807611621916294, 0.0, 1140.185546875], [-0.01807611621916294, 0.9998366236686707, 0.0, 1391.283203125], [0.0, 0.0, 1.0, 0.0], [0.0, 0.0, 0.0, 1.0]], "pose_inverse": [[0.9998366236686707, -0.01807611621916294, 0.0, -1114.8502197265625], [0.01807611621916294, 0.9998366236686707, 0.0, -1411.666015625], [0.0, 0.0, 1.0, 0.0], [0.0, 0.0, 0.0, 1.0]], "cam_ids": [0, 1, 2, 3, 4, 5], "cam_channels": ["CAM_FRONT_LEFT", "CAM_FRONT", "CAM_FRONT_RIGHT", "CAM_BACK_LEFT", "CAM_BACK", "CAM_BACK_RIGHT"], "token": "9a8659f4a28e4afe943fc93b2148437d", "scene": "scene-0107"}, {"images": ["samples/CAM_FRONT_LEFT/n008-2018-08-01-15-16-36-0400__CAM_FRONT_LEFT__1533151733504799.jpg", "samples/CAM_FRONT/n008-2018-08-01-15-16-36-0400__CAM_FRONT__1533151733512404.jpg", "samples/CAM_FRONT_RIGHT/n008-2018-08-01-15-16-36-0400__CAM_FRONT_RIGHT__1533151733520482.jpg", "samples/CAM_BACK_LEFT/n008-2018-08-01-15-16-36-0400__CAM_BACK_LEFT__1533151733547405.jpg", "samples/CAM_BACK/n008-2018-08-01-15-16-36-0400__CAM_BACK__1533151733537558.jpg", "samples/CAM_BACK_RIGHT/n008-2018-08-01-15-16-36-0400__CAM_BACK_RIGHT__1533151733528113.jpg"], "intrinsics": [[[1257.8625342125129, 0.0, 827.2410631095686], [0.0, 1257.8625342125129, 450.915498205774], [0.0, 0.0, 1.0]], [[1252.8131021185304, 0.0, 826.588114781398], [0.0, 1252.8131021185304, 469.9846626224581], [0.0, 0.0, 1.0]], [[1256.7485116440405, 0.0, 817.7887570959712], [0.0, 1256.7485116440403, 451.9541780095127], [0.0, 0.0, 1.0]], [[1254.9860565800168, 0.0, 829.5769333630991], [0.0, 1254.9860565800168, 467.1680561863987], [0.0, 0.0, 1.0]], [[796.8910634503094, 0.0, 857.7774326863696], [0.0, 796.8910634503094, 476.8848988407415], [0.0, 0.0, 1.0]], [[1249.9629280788233, 0.0, 825.3768045375984], [0.0, 1249.9629280788233, 462.54816385708756], [0.0, 0.0, 1.0]]], "extrinsics": [[[0.8235500454902649, -0.5672134160995483, -0.005854802206158638, -0.8004379272460938], [-0.00037724614958278835, 0.009773818776011467, -0.9999521970748901, 1.4881916046142578], [0.5672435164451599, 0.823512852191925, 0.007835249416530132, -1.193359375], [0.0, 0.0, 0.0, 1.0]], [[0.011662752367556095, -0.9999160766601562, -0.005630042869597673, 0.0084228515625], [0.0015479399589821696, 0.005648473277688026, -0.9999828338623047, 1.4804763793945312], [0.999930739402771, 0.011653834953904152, 0.0016136870253831148, -1.531494140625], [0.0, 0.0, 0.0, 1.0]], [[-0.8434609770774841, -0.5371521711349487, -0.006409278605133295, 0.9593505859375], [0.009540166705846786, -0.003049046965315938, -0.9999498128890991, 1.4945602416992188], [0.5371056795120239, -0.8434798121452332, 0.007696273270994425, -1.19329833984375], [0.0, 0.0, 0.0, 1.0]], [[0.9479534029960632, 0.3182048201560974, -0.011401033960282803, -1.1524658203125], [-0.01621016301214695, 0.012469425797462463, -0.9997908473014832, 1.5621991157531738], [-0.3179960548877716, 0.947939932346344, 0.016978587955236435, -0.1527099609375], [0.0, 0.0, 0.0, 1.0]], [[0.008973940275609493, 0.9999484419822693, 0.004752329085022211, -0.0284423828125], [-0.01393443439155817, 0.004877110477536917, -0.9998909831047058, 1.5673103332519531], [-0.9998626112937927, 0.008906744420528412, 0.01397748477756977, -0.0093994140625], [0.0, 0.0, 0.0, 1.0]], [[-0.9240360260009766, 0.38230007886886597, 0.00197291630320251, 1.057830810546875], [-0.009620352648198605, -0.018093248829245567, -0.9997900128364563, 1.5467529296875], [-0.38218408823013306, -0.923861026763916, 0.020396677777171135, -0.0859375], [0.0, 0.0, 0.0, 1.0]]], "view": [[0.0, -2.0, 100.0], [-2.0, 0.0, 100.0], [0.0, 0.0, 1.0]], "bev": "bev_ca7db2bbb0c0413e80a942a0e3ff3773.png", "aux": "aux_ca7db2bbb0c0413e80a942a0e3ff3773.npz", "visibility": "visibility_ca7db2bbb0c0413e80a942a0e3ff3773.png", "pose": [[0.9989586472511292, 0.04562414065003395, 0.0, 1143.187744140625], [-0.04562414065003395, 0.9989586472511292, 0.0, 1391.1759033203125], [0.0, 0.0, 1.0, 0.0], [0.0, 0.0, 0.0, 1.0]], "pose_inverse": [[0.9989586472511292, -0.04562414065003395, 0.0, -1078.526123046875], [0.04562414065003395, 0.9989586472511292, 0.0, -1441.8841552734375], [0.0, 0.0, 1.0, 0.0], [0.0, 0.0, 0.0, 1.0]], "cam_ids": [0, 1, 2, 3, 4, 5], "cam_channels": ["CAM_FRONT_LEFT", "CAM_FRONT", "CAM_FRONT_RIGHT", "CAM_BACK_LEFT", "CAM_BACK", "CAM_BACK_RIGHT"], "token": "ca7db2bbb0c0413e80a942a0e3ff3773", "scene": "scene-0107"}, {"images": ["samples/CAM_FRONT_LEFT/n008-2018-08-01-15-16-36-0400__CAM_FRONT_LEFT__1533151734004816.jpg", "samples/CAM_FRONT/n008-2018-08-01-15-16-36-0400__CAM_FRONT__1533151734012404.jpg", "samples/CAM_FRONT_RIGHT/n008-2018-08-01-15-16-36-0400__CAM_FRONT_RIGHT__1533151734020482.jpg", "samples/CAM_BACK_LEFT/n008-2018-08-01-15-16-36-0400__CAM_BACK_LEFT__1533151734047405.jpg", "samples/CAM_BACK/n008-2018-08-01-15-16-36-0400__CAM_BACK__1533151734037558.jpg", "samples/CAM_BACK_RIGHT/n008-2018-08-01-15-16-36-0400__CAM_BACK_RIGHT__1533151734028113.jpg"], "intrinsics": [[[1257.8625342125129, 0.0, 827.2410631095686], [0.0, 1257.8625342125129, 450.915498205774], [0.0, 0.0, 1.0]], [[1252.8131021185304, 0.0, 826.588114781398], [0.0, 1252.8131021185304, 469.9846626224581], [0.0, 0.0, 1.0]], [[1256.7485116440405, 0.0, 817.7887570959712], [0.0, 1256.7485116440403, 451.9541780095127], [0.0, 0.0, 1.0]], [[1254.9860565800168, 0.0, 829.5769333630991], [0.0, 1254.9860565800168, 467.1680561863987], [0.0, 0.0, 1.0]], [[796.8910634503094, 0.0, 857.7774326863696], [0.0, 796.8910634503094, 476.8848988407415], [0.0, 0.0, 1.0]], [[1249.9629280788233, 0.0, 825.3768045375984], [0.0, 1249.9629280788233, 462.54816385708756], [0.0, 0.0, 1.0]]], "extrinsics": [[[0.8238638043403625, -0.56678706407547, -0.0008754219743423164, -0.7826728820800781], [0.0022939161863178015, 0.004878878127783537, -0.9999854564666748, 1.4889106750488281], [0.5667831301689148, 0.8238499164581299, 0.0053196921944618225, -1.181396484375], [0.0, 0.0, 0.0, 1.0]], [[0.01216899137943983, -0.9999259114265442, -0.0003252147580496967, 0.009033203125], [0.004402248654514551, 0.00037880969466641545, -0.9999902844429016, 1.4811367988586426], [0.9999162554740906, 0.012167437002062798, 0.00440653320401907, -1.5140380859375], [0.0, 0.0, 0.0, 1.0]], [[-0.8432275056838989, -0.5375241041183472, -0.005932241212576628, 0.94873046875], [0.012590053491294384, -0.008715393021702766, -0.9998827576637268, 1.4952054023742676], [0.5374094247817993, -0.8432033061981201, 0.014116517268121243, -1.18609619140625], [0.0, 0.0, 0.0, 1.0]], [[0.9479120969772339, 0.31837910413742065, -0.009872316382825375, -1.1473388671875], [-0.012240517884492874, 0.005438494961708784, -0.9999102354049683, 1.562088966369629], [-0.3182968497276306, 0.9479479193687439, 0.009052339941263199, -0.15478515625], [0.0, 0.0, 0.0, 1.0]], [[0.008756200782954693, 0.9999600648880005, -0.001763861975632608, -0.0286865234375], [-0.010320215485990047, -0.0016734662931412458, -0.999945342540741, 1.567448616027832], [-0.9999085068702698, 0.008773921057581902, 0.010305151343345642, -0.01513671875], [0.0, 0.0, 0.0, 1.0]], [[-0.9241450428962708, 0.38202688097953796, -0.00337928906083107, 1.049468994140625], [-0.006308455020189285, -0.024103453382849693, -0.999689519405365, 1.5470733642578125], [-0.3819897174835205, -0.9238368272781372, 0.02468508668243885, -0.0889892578125], [0.0, 0.0, 0.0, 1.0]]], "view": [[0.0, -2.0, 100.0], [-2.0, 0.0, 100.0], [0.0, 0.0, 1.0]], "bev": "bev_49f1b7a6ca754bcba3cebd40105d804d.png", "aux": "aux_49f1b7a6ca754bcba3cebd40105d804d.npz", "visibility": "visibility_49f1b7a6ca754bcba3cebd40105d804d.png", "pose": [[0.9973365664482117, 0.07293680310249329, 0.0, 1146.3531494140625], [-0.07293680310249329, 0.9973365664482117, 0.0, 1390.9718017578125], [0.0, 0.0, 1.0, 0.0], [0.0, 0.0, 0.0, 1.0]], "pose_inverse": [[0.9973365664482117, -0.07293680310249329, 0.0, -1041.846923828125], [0.07293680310249329, 0.9973365664482117, 0.0, -1470.87841796875], [0.0, 0.0, 1.0, 0.0], [0.0, 0.0, 0.0, 1.0]], "cam_ids": [0, 1, 2, 3, 4, 5], "cam_channels": ["CAM_FRONT_LEFT", "CAM_FRONT", "CAM_FRONT_RIGHT", "CAM_BACK_LEFT", "CAM_BACK", "CAM_BACK_RIGHT"], "token": "49f1b7a6ca754bcba3cebd40105d804d", "scene": "scene-0107"}, {"images": ["samples/CAM_FRONT_LEFT/n008-2018-08-01-15-16-36-0400__CAM_FRONT_LEFT__1533151734404799.jpg", "samples/CAM_FRONT/n008-2018-08-01-15-16-36-0400__CAM_FRONT__1533151734412404.jpg", "samples/CAM_FRONT_RIGHT/n008-2018-08-01-15-16-36-0400__CAM_FRONT_RIGHT__1533151734420482.jpg", "samples/CAM_BACK_LEFT/n008-2018-08-01-15-16-36-0400__CAM_BACK_LEFT__1533151734447405.jpg", "samples/CAM_BACK/n008-2018-08-01-15-16-36-0400__CAM_BACK__1533151734437558.jpg", "samples/CAM_BACK_RIGHT/n008-2018-08-01-15-16-36-0400__CAM_BACK_RIGHT__1533151734428113.jpg"], "intrinsics": [[[1257.8625342125129, 0.0, 827.2410631095686], [0.0, 1257.8625342125129, 450.915498205774], [0.0, 0.0, 1.0]], [[1252.8131021185304, 0.0, 826.588114781398], [0.0, 1252.8131021185304, 469.9846626224581], [0.0, 0.0, 1.0]], [[1256.7485116440405, 0.0, 817.7887570959712], [0.0, 1256.7485116440403, 451.9541780095127], [0.0, 0.0, 1.0]], [[1254.9860565800168, 0.0, 829.5769333630991], [0.0, 1254.9860565800168, 467.1680561863987], [0.0, 0.0, 1.0]], [[796.8910634503094, 0.0, 857.7774326863696], [0.0, 796.8910634503094, 476.8848988407415], [0.0, 0.0, 1.0]], [[1249.9629280788233, 0.0, 825.3768045375984], [0.0, 1249.9629280788233, 462.54816385708756], [0.0, 0.0, 1.0]]], "extrinsics": [[[0.8240330815315247, -0.5665016174316406, 0.006736481562256813, -0.7772941589355469], [0.014088266529142857, 0.008603038266301155, -0.9998637437820435, 1.4921913146972656], [0.5663664937019348, 0.8240156769752502, 0.015070214867591858, -1.1766357421875], [0.0, 0.0, 0.0, 1.0]], [[0.012455812655389309, -0.9999130368232727, -0.0043374295346438885, 0.0078125], [0.01647011749446392, 0.004542340058833361, -0.9998540282249451, 1.4839038848876953], [0.9997868537902832, 0.012382562272250652, 0.016525262966752052, -1.5079345703125], [0.0, 0.0, 0.0, 1.0]], [[-0.8429581522941589, -0.5376491546630859, -0.018839778378605843, 0.943359375], [0.02494692988693714, -0.004083443898707628, -0.9996803998947144, 1.4974250793457031], [0.5374004244804382, -0.8431588411331177, 0.016854869201779366, -1.18402099609375], [0.0, 0.0, 0.0, 1.0]], [[0.9479573369026184, 0.3183678686618805, 0.004330694209784269, -1.1466064453125], [0.0007196204969659448, 0.011459192261099815, -0.9999340772628784, 1.5620460510253906], [-0.31839650869369507, 0.9478979706764221, 0.010633721947669983, -0.1546630859375], [0.0, 0.0, 0.0, 1.0]], [[0.008605295792222023, 0.999955952167511, 0.003737281309440732, -0.0281982421875], [0.0025155143812298775, 0.0037157617043703794, -0.9999898672103882, 1.5682215690612793], [-0.9999598264694214, 0.00861460529267788, -0.002483429154381156, -0.01837158203125], [0.0, 0.0, 0.0, 1.0]], [[-0.9241174459457397, 0.3818826377391815, -0.013140740804374218, 1.045379638671875], [0.006316870916634798, -0.01911725290119648, -0.9997972846031189, 1.5485992431640625], [-0.38205641508102417, -0.924013078212738, 0.015254284255206585, -0.0914306640625], [0.0, 0.0, 0.0, 1.0]]], "view": [[0.0, -2.0, 100.0], [-2.0, 0.0, 100.0], [0.0, 0.0, 1.0]], "bev": "bev_6a1602032a0449e9a15300faafe36c47.png", "aux": "aux_6a1602032a0449e9a15300faafe36c47.npz", "visibility": "visibility_6a1602032a0449e9a15300faafe36c47.png", "pose": [[0.9951708316802979, 0.09815799444913864, 0.0, 1148.9495849609375], [-0.09815799444913864, 0.9951708316802979, 0.0, 1390.740478515625], [0.0, 0.0, 1.0, 0.0], [0.0, 0.0, 0.0, 1.0]], "pose_inverse": [[0.9951708316802979, -0.09815799444913864, 0.0, -1006.8888549804688], [0.09815799444913864, 0.9951708316802979, 0.0, -1496.802978515625], [0.0, 0.0, 1.0, 0.0], [0.0, 0.0, 0.0, 1.0]], "cam_ids": [0, 1, 2, 3, 4, 5], "cam_channels": ["CAM_FRONT_LEFT", "CAM_FRONT", "CAM_FRONT_RIGHT", "CAM_BACK_LEFT", "CAM_BACK", "CAM_BACK_RIGHT"], "token": "6a1602032a0449e9a15300faafe36c47", "scene": "scene-0107"}, {"images": ["samples/CAM_FRONT_LEFT/n008-2018-08-01-15-16-36-0400__CAM_FRONT_LEFT__1533151734904799.jpg", "samples/CAM_FRONT/n008-2018-08-01-15-16-36-0400__CAM_FRONT__1533151734912404.jpg", "samples/CAM_FRONT_RIGHT/n008-2018-08-01-15-16-36-0400__CAM_FRONT_RIGHT__1533151734920482.jpg", "samples/CAM_BACK_LEFT/n008-2018-08-01-15-16-36-0400__CAM_BACK_LEFT__1533151734947504.jpg", "samples/CAM_BACK/n008-2018-08-01-15-16-36-0400__CAM_BACK__1533151734937558.jpg", "samples/CAM_BACK_RIGHT/n008-2018-08-01-15-16-36-0400__CAM_BACK_RIGHT__1533151734928113.jpg"], "intrinsics": [[[1257.8625342125129, 0.0, 827.2410631095686], [0.0, 1257.8625342125129, 450.915498205774], [0.0, 0.0, 1.0]], [[1252.8131021185304, 0.0, 826.588114781398], [0.0, 1252.8131021185304, 469.9846626224581], [0.0, 0.0, 1.0]], [[1256.7485116440405, 0.0, 817.7887570959712], [0.0, 1256.7485116440403, 451.9541780095127], [0.0, 0.0, 1.0]], [[1254.9860565800168, 0.0, 829.5769333630991], [0.0, 1254.9860565800168, 467.1680561863987], [0.0, 0.0, 1.0]], [[796.8910634503094, 0.0, 857.7774326863696], [0.0, 796.8910634503094, 476.8848988407415], [0.0, 0.0, 1.0]], [[1249.9629280788233, 0.0, 825.3768045375984], [0.0, 1249.9629280788233, 462.54816385708756], [0.0, 0.0, 1.0]]], "extrinsics": [[[0.8237059712409973, -0.5669586062431335, -0.008159564808011055, -0.7629852294921875], [0.006382415071129799, 0.023660190403461456, -0.9996996521949768, 1.4902076721191406], [0.5669814348220825, 0.823406457901001, 0.023107601329684258, -1.1651611328125], [0.0, 0.0, 0.0, 1.0]], [[0.01187309343367815, -0.9997345209121704, -0.019745182245969772, 0.007080078125], [0.008463173173367977, 0.019846338778734207, -0.9997672438621521, 1.48223876953125], [0.9998936653137207, 0.011703229509294033, 0.008696564473211765, -1.49200439453125], [0.0, 0.0, 0.0, 1.0]], [[-0.8433226346969604, -0.537028431892395, -0.020184433087706566, 0.9327392578125], [0.01661933772265911, 0.01147956121712923, -0.9997959733009338, 1.4961814880371094], [0.5371506810188293, -0.8434860706329346, -0.0007559162913821638, -1.1781005859375], [0.0, 0.0, 0.0, 1.0]], [[0.9479244351387024, 0.3184950649738312, 0.0005717221065424383, -1.147216796875], [-0.008604743517935276, 0.027404293417930603, -0.99958735704422, 1.5620765686035156], [-0.31837934255599976, 0.9475283026695251, 0.02871776558458805, -0.15478515625], [0.0, 0.0, 0.0, 1.0]], [[0.008806690573692322, 0.9997708201408386, 0.01951509900391102, -0.0277099609375], [-0.006581541150808334, 0.019573386758565903, -0.9997867345809937, 1.5676307678222656], [-0.9999395608901978, 0.008676373399794102, 0.006752409506589174, -0.022216796875], [0.0, 0.0, 0.0, 1.0]], [[-0.924067497253418, 0.38222813606262207, 0.0009729572921060026, 1.0379638671875], [-0.002445660997182131, -0.003367117140442133, -0.9999913573265076, 1.5474863052368164], [-0.3822214901447296, -0.9240618348121643, 0.004046244081109762, -0.0950927734375], [0.0, 0.0, 0.0, 1.0]]], "view": [[0.0, -2.0, 100.0], [-2.0, 0.0, 100.0], [0.0, 0.0, 1.0]], "bev": "bev_9c9f22a58fdc45f2b8a119cda3554f1f.png", "aux": "aux_9c9f22a58fdc45f2b8a119cda3554f1f.npz", "visibility": "visibility_9c9f22a58fdc45f2b8a119cda3554f1f.png", "pose": [[0.9914829730987549, 0.13023656606674194, 0.0, 1152.2247314453125], [-0.13023656606674194, 0.9914829730987549, 0.0, 1390.3533935546875], [0.0, 0.0, 1.0, 0.0], [0.0, 0.0, 0.0, 1.0]], "pose_inverse": [[0.9914829730987549, -0.13023656606674194, 0.0, -961.3363037109375], [0.13023656606674194, 0.9914829730987549, 0.0, -1528.573486328125], [0.0, 0.0, 1.0, 0.0], [0.0, 0.0, 0.0, 1.0]], "cam_ids": [0, 1, 2, 3, 4, 5], "cam_channels": ["CAM_FRONT_LEFT", "CAM_FRONT", "CAM_FRONT_RIGHT", "CAM_BACK_LEFT", "CAM_BACK", "CAM_BACK_RIGHT"], "token": "9c9f22a58fdc45f2b8a119cda3554f1f", "scene": "scene-0107"}, {"images": ["samples/CAM_FRONT_LEFT/n008-2018-08-01-15-16-36-0400__CAM_FRONT_LEFT__1533151735504799.jpg", "samples/CAM_FRONT/n008-2018-08-01-15-16-36-0400__CAM_FRONT__1533151735512404.jpg", "samples/CAM_FRONT_RIGHT/n008-2018-08-01-15-16-36-0400__CAM_FRONT_RIGHT__1533151735520482.jpg", "samples/CAM_BACK_LEFT/n008-2018-08-01-15-16-36-0400__CAM_BACK_LEFT__1533151735547405.jpg", "samples/CAM_BACK/n008-2018-08-01-15-16-36-0400__CAM_BACK__1533151735537558.jpg", "samples/CAM_BACK_RIGHT/n008-2018-08-01-15-16-36-0400__CAM_BACK_RIGHT__1533151735528113.jpg"], "intrinsics": [[[1257.8625342125129, 0.0, 827.2410631095686], [0.0, 1257.8625342125129, 450.915498205774], [0.0, 0.0, 1.0]], [[1252.8131021185304, 0.0, 826.588114781398], [0.0, 1252.8131021185304, 469.9846626224581], [0.0, 0.0, 1.0]], [[1256.7485116440405, 0.0, 817.7887570959712], [0.0, 1256.7485116440403, 451.9541780095127], [0.0, 0.0, 1.0]], [[1254.9860565800168, 0.0, 829.5769333630991], [0.0, 1254.9860565800168, 467.1680561863987], [0.0, 0.0, 1.0]], [[796.8910634503094, 0.0, 857.7774326863696], [0.0, 796.8910634503094, 476.8848988407415], [0.0, 0.0, 1.0]], [[1249.9629280788233, 0.0, 825.3768045375984], [0.0, 1249.9629280788233, 462.54816385708756], [0.0, 0.0, 1.0]]], "extrinsics": [[[0.8239080309867859, -0.5666708946228027, -0.00773482583463192, -0.759918212890625], [0.00575514929369092, 0.022013725712895393, -0.9997410774230957, 1.4899673461914062], [0.566694438457489, 0.8236501216888428, 0.021398557350039482, -1.166748046875], [0.0, 0.0, 0.0, 1.0]], [[0.012186708860099316, -0.9997695684432983, -0.017668383195996284, 0.0096435546875], [0.0077204215340316296, 0.017763245850801468, -0.9998124241828918, 1.4820137023925781], [0.9998958706855774, 0.012048011645674706, 0.007935118861496449, -1.49261474609375], [0.0, 0.0, 0.0, 1.0]], [[-0.8432036638259888, -0.5372898578643799, -0.018087586387991905, 0.935302734375], [0.01575489714741707, 0.008933786302804947, -0.9998359084129333, 1.4959735870361328], [0.5373632907867432, -0.843350350856781, 0.0009319435921497643, -1.177490234375], [0.0, 0.0, 0.0, 1.0]], [[0.9478661417961121, 0.3186640441417694, -0.0017316082958132029, -1.1507568359375], [-0.00946158729493618, 0.022711168974637985, -0.9996972680091858, 1.562112808227539], [-0.31852829456329346, 0.9475955963134766, 0.02454221621155739, -0.1536865234375], [0.0, 0.0, 0.0, 1.0]], [[0.008699335157871246, 0.9998395442962646, 0.015657121315598488, -0.0286865234375]