[{"images": ["samples/CAM_FRONT_LEFT/n008-2018-09-18-14-54-39-0400__CAM_FRONT_LEFT__1537297777854799.jpg", "samples/CAM_FRONT/n008-2018-09-18-14-54-39-0400__CAM_FRONT__1537297777862404.jpg", "samples/CAM_FRONT_RIGHT/n008-2018-09-18-14-54-39-0400__CAM_FRONT_RIGHT__1537297777870482.jpg", "samples/CAM_BACK_LEFT/n008-2018-09-18-14-54-39-0400__CAM_BACK_LEFT__1537297777897405.jpg", "samples/CAM_BACK/n008-2018-09-18-14-54-39-0400__CAM_BACK__1537297777887558.jpg", "samples/CAM_BACK_RIGHT/n008-2018-09-18-14-54-39-0400__CAM_BACK_RIGHT__1537297777878113.jpg"], "intrinsics": [[[1257.8625342125129, 0.0, 827.2410631095686], [0.0, 1257.8625342125129, 450.915498205774], [0.0, 0.0, 1.0]], [[1252.8131021185304, 0.0, 826.588114781398], [0.0, 1252.8131021185304, 469.9846626224581], [0.0, 0.0, 1.0]], [[1256.7485116440405, 0.0, 817.7887570959712], [0.0, 1256.7485116440403, 451.9541780095127], [0.0, 0.0, 1.0]], [[1254.9860565800168, 0.0, 829.5769333630991], [0.0, 1254.9860565800168, 467.1680561863987], [0.0, 0.0, 1.0]], [[796.8910634503094, 0.0, 857.7774326863696], [0.0, 796.8910634503094, 476.8848988407415], [0.0, 0.0, 1.0]], [[1249.9629280788233, 0.0, 825.3768045375984], [0.0, 1249.9629280788233, 462.54816385708756], [0.0, 0.0, 1.0]]], "extrinsics": [[[0.8225480318069458, -0.5686596035957336, -0.006412335205823183, -1.0050048828125], [0.011298993602395058, 0.02761484496295452, -0.9995548129081726, 1.4882926940917969], [0.5685834288597107, 0.8221093416213989, 0.029139816761016846, -1.33349609375], [0.0, 0.0, 0.0, 1.0]], [[0.010307040065526962, -0.9996738433837891, -0.023364290595054626, 0.0054931640625], [0.013249332085251808, 0.02350001223385334, -0.9996360540390015, 1.4801654815673828], [0.999859094619751, 0.009993684478104115, 0.013487227261066437, -1.734771728515625], [0.0, 0.0, 0.0, 1.0]], [[-0.8438993692398071, -0.5358762741088867, -0.02589412033557892, 1.090576171875], [0.021273087710142136, 0.014803933911025524, -0.9996640682220459, 1.493072509765625], [0.5360796451568604, -0.8441667556762695, -0.001093288534320891, -1.2774658203125], [0.0, 0.0, 0.0, 1.0]], [[0.9478805661201477, 0.3185754120349884, 0.005667367950081825, -1.1439971923828125], [-0.00409781513735652, 0.029974104836583138, -0.9995422959327698, 1.5620384216308594], [-0.3185994625091553, 0.9474233984947205, 0.0297173373401165, -0.15625], [0.0, 0.0, 0.0, 1.0]], [[0.009167490527033806, 0.999706506729126, 0.022427206858992577, -0.0286865234375], [-0.001972997561097145, 0.02244619093835354, -0.9997460246086121, 1.5680618286132812], [-0.9999561309814453, 0.009120883420109749, 0.002178193535655737, 0.0443115234375], [0.0, 0.0, 0.0, 1.0]], [[-0.9237122535705566, 0.38308098912239075, -0.0021540930029004812, 1.16064453125], [0.0022225230932235718, -0.00026395474560558796, -0.9999974966049194, 1.547812819480896], [-0.3830805718898773, -0.9237146377563477, -0.000607587571721524, -0.0435791015625], [0.0, 0.0, 0.0, 1.0]]], "view": [[0.0, -2.0, 100.0], [-2.0, 0.0, 100.0], [0.0, 0.0, 1.0]], "bev": "bev_8eabc1bd2e46447f846144bd195d1e36.png", "aux": "aux_8eabc1bd2e46447f846144bd195d1e36.npz", "visibility": "visibility_8eabc1bd2e46447f846144bd195d1e36.png", "pose": [[0.7622033953666687, 0.6473376154899597, 0.0, 759.4454956054688], [-0.6473376154899597, 0.7622033953666687, 0.0, 1515.460205078125], [0.0, 0.0, 1.0, 0.0], [0.0, 0.0, 0.0, 1.0]], "pose_inverse": [[0.7622033953666687, -0.6473376154899597, 0.0, 402.1625061035156], [0.6473376154899597, 0.7622033953666687, 0.0, -1646.70654296875], [0.0, 0.0, 1.0, 0.0], [0.0, 0.0, 0.0, 1.0]], "cam_ids": [0, 1, 2, 3, 4, 5], "cam_channels": ["CAM_FRONT_LEFT", "CAM_FRONT", "CAM_FRONT_RIGHT", "CAM_BACK_LEFT", "CAM_BACK", "CAM_BACK_RIGHT"], "token": "8eabc1bd2e46447f846144bd195d1e36", "scene": "scene-0899"}, {"images": ["samples/CAM_FRONT_LEFT/n008-2018-09-18-14-54-39-0400__CAM_FRONT_LEFT__1537297778404799.jpg", "samples/CAM_FRONT/n008-2018-09-18-14-54-39-0400__CAM_FRONT__1537297778412404.jpg", "samples/CAM_FRONT_RIGHT/n008-2018-09-18-14-54-39-0400__CAM_FRONT_RIGHT__1537297778420482.jpg", "samples/CAM_BACK_LEFT/n008-2018-09-18-14-54-39-0400__CAM_BACK_LEFT__1537297778447405.jpg", "samples/CAM_BACK/n008-2018-09-18-14-54-39-0400__CAM_BACK__1537297778437558.jpg", "samples/CAM_BACK_RIGHT/n008-2018-09-18-14-54-39-0400__CAM_BACK_RIGHT__1537297778428113.jpg"], "intrinsics": [[[1257.8625342125129, 0.0, 827.2410631095686], [0.0, 1257.8625342125129, 450.915498205774], [0.0, 0.0, 1.0]], [[1252.8131021185304, 0.0, 826.588114781398], [0.0, 1252.8131021185304, 469.9846626224581], [0.0, 0.0, 1.0]], [[1256.7485116440405, 0.0, 817.7887570959712], [0.0, 1256.7485116440403, 451.9541780095127], [0.0, 0.0, 1.0]], [[1254.9860565800168, 0.0, 829.5769333630991], [0.0, 1254.9860565800168, 467.1680561863987], [0.0, 0.0, 1.0]], [[796.8910634503094, 0.0, 857.7774326863696], [0.0, 796.8910634503094, 476.8848988407415], [0.0, 0.0, 1.0]], [[1249.9629280788233, 0.0, 825.3768045375984], [0.0, 1249.9629280788233, 462.54816385708756], [0.0, 0.0, 1.0]]], "extrinsics": [[[0.8225588202476501, -0.5686450600624084, -0.006318098399788141, -1.0050048828125], [0.011359713971614838, 0.027537964284420013, -0.9995561838150024, 1.4882965087890625], [0.5685666799545288, 0.8221219182014465, 0.029111238196492195, -1.3333740234375], [0.0, 0.0, 0.0, 1.0]], [[0.01032315194606781, -0.9996755719184875, -0.02328471653163433, 0.0054931640625], [0.01331077516078949, 0.02342127449810505, -0.9996370673179626, 1.4801616668701172], [0.9998580813407898, 0.010009550489485264, 0.013548237271606922, -1.734649658203125], [0.0, 0.0, 0.0, 1.0]], [[-0.8438915610313416, -0.5358884334564209, -0.025898806750774384, 1.09051513671875], [0.021327873691916466, 0.014726373367011547, -0.9996640682220459, 1.493072509765625], [0.5360897779464722, -0.8441604375839233, -0.0009981029434129596, -1.277587890625], [0.0, 0.0, 0.0, 1.0]], [[0.9478799700737, 0.31857678294181824, 0.005691845435649157, -1.1439666748046875], [-0.0040481844916939735, 0.029903138056397438, -0.999544620513916, 1.5620460510253906], [-0.31860193610191345, 0.9474253058433533, 0.02963424287736416, -0.1561279296875], [0.0, 0.0, 0.0, 1.0]], [[0.009160896763205528, 0.9997082948684692, 0.022351277992129326, -0.0286865234375], [-0.0019198661902919412, 0.022369761019945145, -0.9997478723526001, 1.5680656433105469], [-0.9999561905860901, 0.009115676395595074, 0.0021242324728518724, 0.044219970703125], [0.0, 0.0, 0.0, 1.0]], [[-0.9237158894538879, 0.3830719590187073, -0.002224323572590947, 1.1607666015625], [0.00226810434833169, -0.00033736141631379724, -0.9999973773956299, 1.547812581062317], [-0.3830716609954834, -0.9237185120582581, -0.0005572212394326925, -0.043701171875], [0.0, 0.0, 0.0, 1.0]]], "view": [[0.0, -2.0, 100.0], [-2.0, 0.0, 100.0], [0.0, 0.0, 1.0]], "bev": "bev_5ee421c456954ed08a7eb432394b9af3.png", "aux": "aux_5ee421c456954ed08a7eb432394b9af3.npz", "visibility": "visibility_5ee421c456954ed08a7eb432394b9af3.png", "pose": [[0.7622655630111694, 0.6472644209861755, 0.0, 759.4454956054688], [-0.6472644209861755, 0.7622655630111694, 0.0, 1515.460205078125], [0.0, 0.0, 1.0, 0.0], [0.0, 0.0, 0.0, 1.0]], "pose_inverse": [[0.7622655630111694, -0.6472644209861755, 0.0, 402.0043029785156], [0.6472644209861755, 0.7622655630111694, 0.0, -1646.7451171875], [0.0, 0.0, 1.0, 0.0], [0.0, 0.0, 0.0, 1.0]], "cam_ids": [0, 1, 2, 3, 4, 5], "cam_channels": ["CAM_FRONT_LEFT", "CAM_FRONT", "CAM_FRONT_RIGHT", "CAM_BACK_LEFT", "CAM_BACK", "CAM_BACK_RIGHT"], "token": "5ee421c456954ed08a7eb432394b9af3", "scene": "scene-0899"}, {"images": ["samples/CAM_FRONT_LEFT/n008-2018-09-18-14-54-39-0400__CAM_FRONT_LEFT__1537297778904799.jpg", "samples/CAM_FRONT/n008-2018-09-18-14-54-39-0400__CAM_FRONT__1537297778912404.jpg", "samples/CAM_FRONT_RIGHT/n008-2018-09-18-14-54-39-0400__CAM_FRONT_RIGHT__1537297778920482.jpg", "samples/CAM_BACK_LEFT/n008-2018-09-18-14-54-39-0400__CAM_BACK_LEFT__1537297778947405.jpg", "samples/CAM_BACK/n008-2018-09-18-14-54-39-0400__CAM_BACK__1537297778937563.jpg", "samples/CAM_BACK_RIGHT/n008-2018-09-18-14-54-39-0400__CAM_BACK_RIGHT__1537297778928113.jpg"], "intrinsics": [[[1257.8625342125129, 0.0, 827.2410631095686], [0.0, 1257.8625342125129, 450.915498205774], [0.0, 0.0, 1.0]], [[1252.8131021185304, 0.0, 826.588114781398], [0.0, 1252.8131021185304, 469.9846626224581], [0.0, 0.0, 1.0]], [[1256.7485116440405, 0.0, 817.7887570959712], [0.0, 1256.7485116440403, 451.9541780095127], [0.0, 0.0, 1.0]], [[1254.9860565800168, 0.0, 829.5769333630991], [0.0, 1254.9860565800168, 467.1680561863987], [0.0, 0.0, 1.0]], [[796.8910634503094, 0.0, 857.7774326863696], [0.0, 796.8910634503094, 476.8848988407415], [0.0, 0.0, 1.0]], [[1249.9629280788233, 0.0, 825.3768045375984], [0.0, 1249.9629280788233, 462.54816385708756], [0.0, 0.0, 1.0]]], "extrinsics": [[[0.8225532174110413, -0.5686517953872681, -0.006434725597500801, -1.005126953125], [0.01123899593949318, 0.027567919343709946, -0.9995567202568054, 1.4882888793945312], [0.5685771107673645, 0.8221162557601929, 0.029067154973745346, -1.3333740234375], [0.0, 0.0, 0.0, 1.0]], [[0.010313230566680431, -0.9996749758720398, -0.023312438279390335, 0.0054931640625], [0.01319687906652689, 0.02344772219657898, -0.9996379613876343, 1.4801654815673828], [0.9998597502708435, 0.010001853108406067, 0.013434411957859993, -1.734771728515625], [0.0, 0.0, 0.0, 1.0]], [[-0.8438973426818848, -0.535882830619812, -0.02582106553018093, 1.09063720703125], [0.021221041679382324, 0.014749598689377308, -0.9996659755706787, 1.4930734634399414], [0.536084771156311, -0.8441635370254517, -0.0010751559166237712, -1.277587890625], [0.0, 0.0, 0.0, 1.0]], [[0.9478801488876343, 0.31857824325561523, 0.005577128380537033, -1.1439056396484375], [-0.0041681379079818726, 0.029899973422288895, -0.9995442032814026, 1.5620460510253906], [-0.3185998201370239, 0.9474248886108398, 0.029669467359781265, -0.156005859375], [0.0, 0.0, 0.0, 1.0]], [[0.009165535680949688, 0.9997079968452454, 0.022358043119311333, -0.02880859375], [-0.0020406353287398815, 0.022377634420990944, -0.9997475147247314, 1.5680618286132812], [-0.999955952167511, 0.009117613546550274, 0.0022451437544077635, 0.044281005859375], [0.0, 0.0, 0.0, 1.0]], [[-0.9237144589424133, 0.38307568430900574, -0.002116899937391281, 1.16058349609375], [0.0021621352061629295, -0.00031247068545781076, -0.999997615814209, 1.5478099584579468], [-0.38307544589042664, -0.9237168431282043, -0.0005396276828832924, -0.043701171875], [0.0, 0.0, 0.0, 1.0]]], "view": [[0.0, -2.0, 100.0], [-2.0, 0.0, 100.0], [0.0, 0.0, 1.0]], "bev": "bev_424fc112332e40b7b3f9cc666636b39e.png", "aux": "aux_424fc112332e40b7b3f9cc666636b39e.npz", "visibility": "visibility_424fc112332e40b7b3f9cc666636b39e.png", "pose": [[0.7622184753417969, 0.6473198533058167, 0.0, 759.4454956054688], [-0.6473198533058167, 0.7622184753417969, 0.0, 1515.460205078125], [0.0, 0.0, 1.0, 0.0], [0.0, 0.0, 0.0, 1.0]], "pose_inverse": [[0.7622184753417969, -0.6473198533058167, 0.0, 402.1240234375], [0.6473198533058167, 0.7622184753417969, 0.0, -1646.7159423828125], [0.0, 0.0, 1.0, 0.0], [0.0, 0.0, 0.0, 1.0]], "cam_ids": [0, 1, 2, 3, 4, 5], "cam_channels": ["CAM_FRONT_LEFT", "CAM_FRONT", "CAM_FRONT_RIGHT", "CAM_BACK_LEFT", "CAM_BACK", "CAM_BACK_RIGHT"], "token": "424fc112332e40b7b3f9cc666636b39e", "scene": "scene-0899"}, {"images": ["samples/CAM_FRONT_LEFT/n008-2018-09-18-14-54-39-0400__CAM_FRONT_LEFT__1537297779504799.jpg", "samples/CAM_FRONT/n008-2018-09-18-14-54-39-0400__CAM_FRONT__1537297779512404.jpg", "samples/CAM_FRONT_RIGHT/n008-2018-09-18-14-54-39-0400__CAM_FRONT_RIGHT__1537297779520482.jpg", "samples/CAM_BACK_LEFT/n008-2018-09-18-14-54-39-0400__CAM_BACK_LEFT__1537297779547405.jpg", "samples/CAM_BACK/n008-2018-09-18-14-54-39-0400__CAM_BACK__1537297779537558.jpg", "samples/CAM_BACK_RIGHT/n008-2018-09-18-14-54-39-0400__CAM_BACK_RIGHT__1537297779528113.jpg"], "intrinsics": [[[1257.8625342125129, 0.0, 827.2410631095686], [0.0, 1257.8625342125129, 450.915498205774], [0.0, 0.0, 1.0]], [[1252.8131021185304, 0.0, 826.588114781398], [0.0, 1252.8131021185304, 469.9846626224581], [0.0, 0.0, 1.0]], [[1256.7485116440405, 0.0, 817.7887570959712], [0.0, 1256.7485116440403, 451.9541780095127], [0.0, 0.0, 1.0]], [[1254.9860565800168, 0.0, 829.5769333630991], [0.0, 1254.9860565800168, 467.1680561863987], [0.0, 0.0, 1.0]], [[796.8910634503094, 0.0, 857.7774326863696], [0.0, 796.8910634503094, 476.8848988407415], [0.0, 0.0, 1.0]], [[1249.9629280788233, 0.0, 825.3768045375984], [0.0, 1249.9629280788233, 462.54816385708756], [0.0, 0.0, 1.0]]], "extrinsics": [[[0.8225904703140259, -0.5686213970184326, -0.0038463438395410776, -1.005126953125], [0.014123708009719849, 0.02719307877123356, -0.9995304346084595, 1.4882926940917969], [0.5684589147567749, 0.8221498727798462, 0.030399808660149574, -1.3333740234375], [0.0, 0.0, 0.0, 1.0]], [[0.010415199212729931, -0.9996830224990845, -0.022918498143553734, 0.00537109375], [0.016243260353803635, 0.023085860535502434, -0.9996015429496765, 1.48016357421875], [0.9998138546943665, 0.010038763284683228, 0.016478555276989937, -1.734771728515625], [0.0, 0.0, 0.0, 1.0]], [[-0.843798041343689, -0.5359114408493042, -0.02835099771618843, 1.0906982421875], [0.02443934604525566, 0.014401099644601345, -0.9995975494384766, 1.4930696487426758], [0.5361040234565735, -0.8441514372825623, 0.0009457024279981852, -1.277587890625], [0.0, 0.0, 0.0, 1.0]], [[0.9478546977043152, 0.3185705542564392, 0.009181460365653038, -1.1439971923828125], [-0.00026396370958536863, 0.029593558982014656, -0.9995619654655457, 1.562042236328125], [-0.318702757358551, 0.947437047958374, 0.028134483844041824, -0.1561279296875], [0.0, 0.0, 0.0, 1.0]], [[0.009083040058612823, 0.9997148513793945, 0.022083114832639694, -0.02880859375], [0.001592991640791297, 0.022069528698921204, -0.9997551441192627, 1.5680618286132812], [-0.9999575018882751, 0.009115953929722309, -0.0013920791679993272, 0.044281005859375], [0.0, 0.0, 0.0, 1.0]], [[-0.9237068891525269, 0.3830622136592865, -0.0053856633603572845, 1.16070556640625], [0.005558379925787449, -0.000655940268188715, -0.9999843835830688, 1.5478107929229736], [-0.3830597400665283, -0.9237223267555237, -0.0015233081066980958, -0.043701171875], [0.0, 0.0, 0.0, 1.0]]], "view": [[0.0, -2.0, 100.0], [-2.0, 0.0, 100.0], [0.0, 0.0, 1.0]], "bev": "bev_90a446c325db44aab444020e390c6b80.png", "aux": "aux_90a446c325db44aab444020e390c6b80.npz", "visibility": "visibility_90a446c325db44aab444020e390c6b80.png", "pose": [[0.7621960043907166, 0.6473463177680969, 0.0, 759.4454956054688], [-0.6473463177680969, 0.7621960043907166, 0.0, 1515.460205078125], [0.0, 0.0, 1.0, 0.0], [0.0, 0.0, 0.0, 1.0]], "pose_inverse": [[0.7621960043907166, -0.6473463177680969, 0.0, 402.1813049316406], [0.6473463177680969, 0.7621960043907166, 0.0, -1646.701904296875], [0.0, 0.0, 1.0, 0.0], [0.0, 0.0, 0.0, 1.0]], "cam_ids": [0, 1, 2, 3, 4, 5], "cam_channels": ["CAM_FRONT_LEFT", "CAM_FRONT", "CAM_FRONT_RIGHT", "CAM_BACK_LEFT", "CAM_BACK", "CAM_BACK_RIGHT"], "token": "90a446c325db44aab444020e390c6b80", "scene": "scene-0899"}, {"images": ["samples/CAM_FRONT_LEFT/n008-2018-09-18-14-54-39-0400__CAM_FRONT_LEFT__1537297780004799.jpg", "samples/CAM_FRONT/n008-2018-09-18-14-54-39-0400__CAM_FRONT__1537297780012404.jpg", "samples/CAM_FRONT_RIGHT/n008-2018-09-18-14-54-39-0400__CAM_FRONT_RIGHT__1537297780020482.jpg", "samples/CAM_BACK_LEFT/n008-2018-09-18-14-54-39-0400__CAM_BACK_LEFT__1537297780047405.jpg", "samples/CAM_BACK/n008-2018-09-18-14-54-39-0400__CAM_BACK__1537297780037558.jpg", "samples/CAM_BACK_RIGHT/n008-2018-09-18-14-54-39-0400__CAM_BACK_RIGHT__1537297780028113.jpg"], "intrinsics": [[[1257.8625342125129, 0.0, 827.2410631095686], [0.0, 1257.8625342125129, 450.915498205774], [0.0, 0.0, 1.0]], [[1252.8131021185304, 0.0, 826.588114781398], [0.0, 1252.8131021185304, 469.9846626224581], [0.0, 0.0, 1.0]], [[1256.7485116440405, 0.0, 817.7887570959712], [0.0, 1256.7485116440403, 451.9541780095127], [0.0, 0.0, 1.0]], [[1254.9860565800168, 0.0, 829.5769333630991], [0.0, 1254.9860565800168, 467.1680561863987], [0.0, 0.0, 1.0]], [[796.8910634503094, 0.0, 857.7774326863696], [0.0, 796.8910634503094, 476.8848988407415], [0.0, 0.0, 1.0]], [[1249.9629280788233, 0.0, 825.3768045375984], [0.0, 1249.9629280788233, 462.54816385708756], [0.0, 0.0, 1.0]]], "extrinsics": [[[0.8225822448730469, -0.5686460137367249, 0.0002025204012170434, -0.9827880859375], [0.019187843427062035, 0.027400482445955276, -0.9994403719902039, 1.4888153076171875], [0.5683222413063049, 0.8221259117126465, 0.03345023840665817, -1.31787109375], [0.0, 0.0, 0.0, 1.0]], [[0.010503352619707584, -0.9996784329414368, -0.023078834637999535, 0.0057373046875], [0.021186670288443565, 0.02329741045832634, -0.9995040893554688, 1.4806442260742188], [0.9997203350067139, 0.010009167715907097, 0.021424559876322746, -1.71209716796875], [0.0, 0.0, 0.0, 1.0]], [[-0.843662440776825, -0.5358874201774597, -0.032530948519706726, 1.0755615234375], [0.029254011809825897, 0.014616946689784527, -0.9994651079177856, 1.4935998916625977], [0.5360763072967529, -0.8441629409790039, 0.0033450876362621784, -1.2679443359375], [0.0, 0.0, 0.0, 1.0]], [[0.9478117227554321, 0.31855204701423645, 0.013323621824383736, -1.1431732177734375], [0.004007014445960522, 0.029884183779358864, -0.9995453357696533, 1.5620498657226562], [-0.31880539655685425, 0.9474342465400696, 0.027048135176301003, -0.15625], [0.0, 0.0, 0.0, 1.0]], [[0.008994241245090961, 0.9997093677520752, 0.022367866709828377, -0.0286865234375], [0.006091108545660973, 0.02231358364224434, -0.9997324347496033, 1.5681076049804688], [-0.9999410510063171, 0.009128041565418243, -0.005888646002858877, 0.03692626953125], [0.0, 0.0, 0.0, 1.0]], [[-0.9236655831336975, 0.38307878375053406, -0.009619222022593021, 1.1484375], [0.01023807842284441, -0.0004232989449519664, -0.9999474883079529, 1.5479474067687988], [-0.3830627202987671, -0.9237155318260193, -0.0035310029052197933, -0.048828125], [0.0, 0.0, 0.0, 1.0]]], "view": [[0.0, -2.0, 100.0], [-2.0, 0.0, 100.0], [0.0, 0.0, 1.0]], "bev": "bev_311d25e82f7b484a87f91b4043ed63f3.png", "aux": "aux_311d25e82f7b484a87f91b4043ed63f3.npz", "visibility": "visibility_311d25e82f7b484a87f91b4043ed63f3.png", "pose": [[0.7621204257011414, 0.6474353075027466, 0.0, 759.5427856445312], [-0.6474353075027466, 0.7621204257011414, 0.0, 1515.3775634765625], [0.0, 0.0, 1.0, 0.0], [0.0, 0.0, 0.0, 1.0]], "pose_inverse": [[0.7621204257011414, -0.6474353075027466, 0.0, 402.245849609375], [0.6474353075027466, 0.7621204257011414, 0.0, -1646.655029296875], [0.0, 0.0, 1.0, 0.0], [0.0, 0.0, 0.0, 1.0]], "cam_ids": [0, 1, 2, 3, 4, 5], "cam_channels": ["CAM_FRONT_LEFT", "CAM_FRONT", "CAM_FRONT_RIGHT", "CAM_BACK_LEFT", "CAM_BACK", "CAM_BACK_RIGHT"], "token": "311d25e82f7b484a87f91b4043ed63f3", "scene": "scene-0899"}, {"images": ["samples/CAM_FRONT_LEFT/n008-2018-09-18-14-54-39-0400__CAM_FRONT_LEFT__1537297780504814.jpg", "samples/CAM_FRONT/n008-2018-09-18-14-54-39-0400__CAM_FRONT__1537297780512404.jpg", "samples/CAM_FRONT_RIGHT/n008-2018-09-18-14-54-39-0400__CAM_FRONT_RIGHT__1537297780520482.jpg", "samples/CAM_BACK_LEFT/n008-2018-09-18-14-54-39-0400__CAM_BACK_LEFT__1537297780547405.jpg", "samples/CAM_BACK/n008-2018-09-18-14-54-39-0400__CAM_BACK__1537297780537558.jpg", "samples/CAM_BACK_RIGHT/n008-2018-09-18-14-54-39-0400__CAM_BACK_RIGHT__1537297780528113.jpg"], "intrinsics": [[[1257.8625342125129, 0.0, 827.2410631095686], [0.0, 1257.8625342125129, 450.915498205774], [0.0, 0.0, 1.0]], [[1252.8131021185304, 0.0, 826.588114781398], [0.0, 1252.8131021185304, 469.9846626224581], [0.0, 0.0, 1.0]], [[1256.7485116440405, 0.0, 817.7887570959712], [0.0, 1256.7485116440403, 451.9541780095127], [0.0, 0.0, 1.0]], [[1254.9860565800168, 0.0, 829.5769333630991], [0.0, 1254.9860565800168, 467.1680561863987], [0.0, 0.0, 1.0]], [[796.8910634503094, 0.0, 857.7774326863696], [0.0, 796.8910634503094, 476.8848988407415], [0.0, 0.0, 1.0]], [[1249.9629280788233, 0.0, 825.3768045375984], [0.0, 1249.9629280788233, 462.54816385708756], [0.0, 0.0, 1.0]]], "extrinsics": [[[0.8225727677345276, -0.5686597228050232, 0.00039011568878777325, -0.9403076171875], [0.019578123465180397, 0.02763434872031212, -0.9994263648986816, 1.4898338317871094], [0.5683227181434631, 0.8221086263656616, 0.03386455029249191, -1.2886962890625], [0.0, 0.0, 0.0, 1.0]], [[0.010495949536561966, -0.9996728301048279, -0.02332443930208683, 0.0059814453125], [0.02157510258257389, 0.023546695709228516, -0.9994899034500122, 1.4815788269042969], [0.9997121095657349, 0.00998731330037117, 0.021815186366438866, -1.66937255859375], [0.0, 0.0, 0.0, 1.0]], [[-0.8436578512191772, -0.5358661413192749, -0.032998718321323395, 1.04742431640625], [0.029639393091201782, 0.014882554300129414, -0.9994498491287231, 1.4945898056030273], [0.536062479019165, -0.8441718220710754, 0.003326962934806943, -1.25], [0.0, 0.0, 0.0, 1.0]], [[0.9478005170822144, 0.3185684382915497, 0.013725785538554192, -1.1408843994140625], [0.004336141515523195, 0.030164988711476326, -0.9995355010032654, 1.5620536804199219], [-0.318834513425827, 0.9474198222160339, 0.02720903418958187, -0.1571044921875], [0.0, 0.0, 0.0, 1.0]], [[0.008990918286144733, 0.9997028708457947, 0.022655963897705078, -0.0286865234375], [0.0064451731741428375, 0.022598473355174065, -0.9997237920761108, 1.5681953430175781], [-0.9999388456344604, 0.009134495630860329, -0.006240076385438442, 0.023345947265625], [0.0, 0.0, 0.0, 1.0]], [[-0.9236577153205872, 0.38309159874916077, -0.00985711719840765, 1.12591552734375], [0.010609237477183342, -0.0001494615717092529, -0.9999436736106873, 1.5482120513916016], [-0.3830714821815491, -0.9237104058265686, -0.003926257602870464, -0.0579833984375], [0.0, 0.0, 0.0, 1.0]]], "view": [[0.0, -2.0, 100.0], [-2.0, 0.0, 100.0], [0.0, 0.0, 1.0]], "bev": "bev_dc85bfd50f69475c842dccc0ef2ecc17.png", "aux": "aux_dc85bfd50f69475c842dccc0ef2ecc17.npz", "visibility": "visibility_dc85bfd50f69475c842dccc0ef2ecc17.png", "pose": [[0.7622349262237549, 0.6473004817962646, 0.0, 760.0106811523438], [-0.6473004817962646, 0.7622349262237549, 0.0, 1514.9815673828125], [0.0, 0.0, 1.0, 0.0], [0.0, 0.0, 0.0, 1.0]], "pose_inverse": [[0.7622349262237549, -0.6473004817962646, 0.0, 401.3416748046875], [0.6473004817962646, 0.7622349262237549, 0.0, -1646.7271728515625], [0.0, 0.0, 1.0, 0.0], [0.0, 0.0, 0.0, 1.0]], "cam_ids": [0, 1, 2, 3, 4, 5], "cam_channels": ["CAM_FRONT_LEFT", "CAM_FRONT", "CAM_FRONT_RIGHT", "CAM_BACK_LEFT", "CAM_BACK", "CAM_BACK_RIGHT"], "token": "dc85bfd50f69475c842dccc0ef2ecc17", "scene": "scene-0899"}, {"images": ["samples/CAM_FRONT_LEFT/n008-2018-09-18-14-54-39-0400__CAM_FRONT_LEFT__1537297781004799.jpg", "samples/CAM_FRONT/n008-2018-09-18-14-54-39-0400__CAM_FRONT__1537297781012404.jpg", "samples/CAM_FRONT_RIGHT/n008-2018-09-18-14-54-39-0400__CAM_FRONT_RIGHT__1537297781020482.jpg", "samples/CAM_BACK_LEFT/n008-2018-09-18-14-54-39-0400__CAM_BACK_LEFT__1537297781047405.jpg", "samples/CAM_BACK/n008-2018-09-18-14-54-39-0400__CAM_BACK__1537297781037558.jpg", "samples/CAM_BACK_RIGHT/n008-2018-09-18-14-54-39-0400__CAM_BACK_RIGHT__1537297781028113.jpg"], "intrinsics": [[[1257.8625342125129, 0.0, 827.2410631095686], [0.0, 1257.8625342125129, 450.915498205774], [0.0, 0.0, 1.0]], [[1252.8131021185304, 0.0, 826.588114781398], [0.0, 1252.8131021185304, 469.9846626224581], [0.0, 0.0, 1.0]], [[1256.7485116440405, 0.0, 817.7887570959712], [0.0, 1256.7485116440403, 451.9541780095127], [0.0, 0.0, 1.0]], [[1254.9860565800168, 0.0, 829.5769333630991], [0.0, 1254.9860565800168, 467.1680561863987], [0.0, 0.0, 1.0]], [[796.8910634503094, 0.0, 857.7774326863696], [0.0, 796.8910634503094, 476.8848988407415], [0.0, 0.0, 1.0]], [[1249.9629280788233, 0.0, 825.3768045375984], [0.0, 1249.9629280788233, 462.54816385708756], [0.0, 0.0, 1.0]]], "extrinsics": [[[0.8225361704826355, -0.568711519241333, -0.0012532045366242528, -0.8919677734375], [0.018582504242658615, 0.02907842956483364, -0.9994043707847595, 1.4908676147460938], [0.5684092044830322, 0.8220229148864746, 0.03448614478111267, -1.254638671875], [0.0, 0.0, 0.0, 1.0]], [[0.010349155403673649, -0.9996458888053894, -0.024516446515917778, 0.0059814453125], [0.020624598488211632, 0.024725940078496933, -0.9994814991950989, 1.4825763702392578], [0.9997336864471436, 0.009838184341788292, 0.020873187109827995, -1.6185302734375], [0.0, 0.0, 0.0, 1.0]], [[-0.8437647819519043, -0.5357151627540588, -0.032715797424316406, 1.01275634765625], [0.028733991086483, 0.015779810026288033, -0.9994624853134155, 1.495722770690918], [0.5359435081481934, -0.8442513346672058, 0.0020787857938557863, -1.228759765625], [0.0, 0.0, 0.0, 1.0]], [[0.9478127956390381, 0.3185652494430542, 0.012929948046803474, -1.1388092041015625], [0.003515724092721939, 0.030109239742159843, -0.9995404481887817, 1.5620613098144531], [-0.3188081979751587, 0.9474225640296936, 0.02741793356835842, -0.1578369140625], [0.0, 0.0, 0.0, 1.0]], [[0.009067315608263016, 0.9996955394744873, 0.022948233410716057, -0.0281982421875], [0.005626369267702103, 0.022897807881236076, -0.9997219443321228, 1.5682754516601562], [-0.9999430775642395, 0.009193974547088146, -0.00541703449562192, 0.007232666015625], [0.0, 0.0, 0.0, 1.0]], [[-0.9236254096031189, 0.3831948935985565, -0.008819934912025928, 1.09844970703125], [0.009749106131494045, 0.00048280201735906303, -0.9999523758888245, 1.548468828201294], [-0.38317230343818665, -0.9236673712730408, -0.004181734286248684, -0.0699462890625], [0.0, 0.0, 0.0, 1.0]]], "view": [[0.0, -2.0, 100.0], [-2.0, 0.0, 100.0], [0.0, 0.0, 1.0]], "bev": "bev_09657aeb347a48d0957f7cd1a7fa2f8f.png", "aux": "aux_09657aeb347a48d0957f7cd1a7fa2f8f.npz", "visibility": "visibility_09657aeb347a48d0957f7cd1a7fa2f8f.png", "pose": [[0.7624552845954895, 0.6470409035682678, 0.0, 761.001220703125], [-0.6470409035682678, 0.7624552845954895, 0.0, 1514.1463623046875], [0.0, 0.0, 1.0, 0.0], [0.0, 0.0, 0.0, 1.0]], "pose_inverse": [[0.7624552845954895, -0.6470409035682678, 0.0, 399.48529052734375], [0.6470409035682678, 0.7624552845954895, 0.0, -1646.8677978515625], [0.0, 0.0, 1.0, 0.0], [0.0, 0.0, 0.0, 1.0]], "cam_ids": [0, 1, 2, 3, 4, 5], "cam_channels": ["CAM_FRONT_LEFT", "CAM_FRONT", "CAM_FRONT_RIGHT", "CAM_BACK_LEFT", "CAM_BACK", "CAM_BACK_RIGHT"], "token": "09657aeb347a48d0957f7cd1a7fa2f8f", "scene": "scene-0899"}, {"images": ["samples/CAM_FRONT_LEFT/n008-2018-09-18-14-54-39-0400__CAM_FRONT_LEFT__1537297781504799.jpg", "samples/CAM_FRONT/n008-2018-09-18-14-54-39-0400__CAM_FRONT__1537297781512404.jpg", "samples/CAM_FRONT_RIGHT/n008-2018-09-18-14-54-39-0400__CAM_FRONT_RIGHT__1537297781520482.jpg", "samples/CAM_BACK_LEFT/n008-2018-09-18-14-54-39-0400__CAM_BACK_LEFT__1537297781547405.jpg", "samples/CAM_BACK/n008-2018-09-18-14-54-39-0400__CAM_BACK__1537297781537558.jpg", "samples/CAM_BACK_RIGHT/n008-2018-09-18-14-54-39-0400__CAM_BACK_RIGHT__1537297781528113.jpg"], "intrinsics": [[[1257.8625342125129, 0.0, 827.2410631095686], [0.0, 1257.8625342125129, 450.915498205774], [0.0, 0.0, 1.0]], [[1252.8131021185304, 0.0, 826.588114781398], [0.0, 1252.8131021185304, 469.9846626224581], [0.0, 0.0, 1.0]], [[1256.7485116440405, 0.0, 817.7887570959712], [0.0, 1256.7485116440403, 451.9541780095127], [0.0, 0.0, 1.0]], [[1254.9860565800168, 0.0, 829.5769333630991], [0.0, 1254.9860565800168, 467.1680561863987], [0.0, 0.0, 1.0]], [[796.8910634503094, 0.0, 857.7774326863696], [0.0, 796.8910634503094, 476.8848988407415], [0.0, 0.0, 1.0]], [[1249.9629280788233, 0.0, 825.3768045375984], [0.0, 1249.9629280788233, 462.54816385708756], [0.0, 0.0, 1.0]]], "extrinsics": [[[0.8224517107009888, -0.5688339471817017, -0.0011322612408548594, -0.8641357421875], [0.01845179870724678, 0.028667978942394257, -0.9994186758995056, 1.4914321899414062], [0.5685356855392456, 0.8219527006149292, 0.03407403454184532, -1.2366943359375], [0.0, 0.0, 0.0, 1.0]], [[0.010258866474032402, -0.9996477961540222, -0.024474138393998146, 0.00732421875], [0.020469650626182556, 0.0246802419424057, -0.9994857907295227, 1.4830608367919922], [0.9997378587722778, 0.00975257158279419, 0.020715631544589996, -1.59283447265625], [0.0, 0.0, 0.0, 1.0]], [[-0.8437942862510681, -0.5356669425964355, -0.032745420932769775, 0.99700927734375], [0.028554722666740417, 0.016117289662361145, -0.9994622468948364, 1.496236801147461], [0.5359067320823669, -0.8442755341529846, 0.001696143881417811, -1.2177734375], [0.0, 0.0, 0.0, 1.0]], [[0.9478118419647217, 0.318558007478714, 0.013175004161894321, -1.1361236572265625], [0.0032625531312078238, 0.03163021057844162, -0.9994943141937256, 1.5620651245117188], [-0.31881359219551086, 0.947375476360321, 0.028940172865986824, -0.1588134765625], [0.0, 0.0, 0.0, 1.0]], [[0.00909340474754572, 0.9996698498725891, 0.02403215505182743, -0.028564453125], [0.005360901355743408, 0.023984065279364586, -0.9996979236602783, 1.5683021545410156], [-0.9999443292617798, 0.00921947043389082, -0.005141035187989473, -0.001556396484375], [0.0, 0.0, 0.0, 1.0]], [[-0.9236144423484802, 0.3832314908504486, -0.00836894940584898, 1.0849609375], [0.009534833021461964, 0.0011427713325247169, -0.9999538660049438, 1.5485917329788208], [-0.3832041919231415, -0.9236515760421753, -0.00470952782779932, -0.0748291015625], [0.0, 0.0, 0.0, 1.0]]], "view": [[0.0, -2.0, 100.0], [-2.0, 0.0, 100.0], [0.0, 0.0, 1.0]], "bev": "bev_c7dd0931015d48deb0146e0bc9a11805.png", "aux": "aux_c7dd0931015d48deb0146e0bc9a11805.npz", "visibility": "visibility_c7dd0931015d48deb0146e0bc9a11805.png", "pose": [[0.7632195949554443, 0.6461392045021057, 0.0, 762.3198852539062], [-0.6461392045021057, 0.7632195949554443, 0.0, 1513.031494140625], [0.0, 0.0, 1.0, 0.0], [0.0, 0.0, 0.0, 1.0]], "pose_inverse": [[0.7632195949554443, -0.6461392045021057, 0.0, 395.81146240234375], [0.6461392045021057, 0.7632195949554443, 0.0, -1647.340087890625], [0.0, 0.0, 1.0, 0.0], [0.0, 0.0, 0.0, 1.0]], "cam_ids": [0, 1, 2, 3, 4, 5], "cam_channels": ["CAM_FRONT_LEFT", "CAM_FRONT", "CAM_FRONT_RIGHT", "CAM_BACK_LEFT", "CAM_BACK", "CAM_BACK_RIGHT"], "token": "c7dd0931015d48deb0146e0bc9a11805", "scene": "scene-0899"}, {"images": ["samples/CAM_FRONT_LEFT/n008-2018-09-18-14-54-39-0400__CAM_FRONT_LEFT__1537297782004799.jpg", "samples/CAM_FRONT/n008-2018-09-18-14-54-39-0400__CAM_FRONT__1537297782012404.jpg", "samples/CAM_FRONT_RIGHT/n008-2018-09-18-14-54-39-0400__CAM_FRONT_RIGHT__1537297782020482.jpg", "samples/CAM_BACK_LEFT/n008-2018-09-18-14-54-39-0400__CAM_BACK_LEFT__1537297782047405.jpg", "samples/CAM_BACK/n008-2018-09-18-14-54-39-0400__CAM_BACK__1537297782037558.jpg", "samples/CAM_BACK_RIGHT/n008-2018-09-18-14-54-39-0400__CAM_BACK_RIGHT__1537297782028113.jpg"], "intrinsics": [[[1257.8625342125129, 0.0, 827.2410631095686], [0.0, 1257.8625342125129, 450.915498205774], [0.0, 0.0, 1.0]], [[1252.8131021185304, 0.0, 826.588114781398], [0.0, 1252.8131021185304, 469.9846626224581], [0.0, 0.0, 1.0]], [[1256.7485116440405, 0.0, 817.7887570959712], [0.0, 1256.7485116440403, 451.9541780095127], [0.0, 0.0, 1.0]], [[1254.9860565800168, 0.0, 829.5769333630991], [0.0, 1254.9860565800168, 467.1680561863987], [0.0, 0.0, 1.0]], [[796.8910634503094, 0.0, 857.7774326863696], [0.0, 796.8910634503094, 476.8848988407415], [0.0, 0.0, 1.0]], [[1249.9629280788233, 0.0, 825.3768045375984], [0.0, 1249.9629280788233, 462.54816385708756], [0.0, 0.0, 1.0]]], "extrinsics": [[[0.8226326107978821, -0.5685571432113647, 0.004293369594961405, -0.8388671875], [0.01488244254142046, 0.013983304612338543, -0.9997915029525757, 1.4913291931152344], [0.5683786273002625, 0.822524905204773, 0.019964640960097313, -1.217041015625], [0.0, 0.0, 0.0, 1.0]], [[0.010448765940964222, -0.9999021291732788, -0.009308683685958385, 0.006103515625], [0.01653248630464077, 0.009480664506554604, -0.9998183846473694, 1.4829816818237305], [0.9998087286949158, 0.010292993858456612, 0.016629928722977638, -1.56494140625], [0.0, 0.0, 0.0, 1.0]], [[-0.843805193901062, -0.5362521409988403, -0.020653782412409782, 0.9771728515625], [0.024229569360613823, 0.0003779649268835783, -0.9997063279151917, 1.4963197708129883], [0.5361024141311646, -0.8440577983856201, 0.012674229219555855, -1.2064208984375], [0.0, 0.0, 0.0, 1.0]], [[0.9478849768638611, 0.31859979033470154, 0.002859351923689246, -1.1326904296875], [-0.002088595414534211, 0.015187589451670647, -0.9998824596405029, 1.5620231628417969], [-0.31860584020614624, 0.9477676749229431, 0.0150615144520998, -0.1595458984375], [0.0, 0.0, 0.0, 1.0]], [[0.00911912601441145, 0.9999299049377441, 0.007555529475212097, -0.0277099609375], [0.00035590416518971324, 0.007552598137408495, -0.9999713897705078, 1.5680856704711914], [-0.999958336353302, 0.00912158191204071, -0.0002870059688575566, -0.012237548828125], [0.0, 0.0, 0.0, 1.0]], [[-0.9237083196640015, 0.3829592168331146, -0.010248781181871891, 1.06890869140625], [0.004888844210654497, -0.014966721646487713, -0.9998760223388672, 1.548288345336914], [-0.3830651640892029, -0.923643946647644, 0.011952657252550125, -0.0823974609375], [0.0, 0.0, 0.0, 1.0]]], "view": [[0.0, -2.0, 100.0], [-2.0, 0.0, 100.0], [0.0, 0.0, 1.0]], "bev": "bev_0e784c258b1c498888294aa0a5634097.png", "aux": "aux_0e784c258b1c498888294aa0a5634097.npz", "visibility": "visibility_0e784c258b1c498888294aa0a5634097.png", "pose": [[0.7627545595169067, 0.6466881036758423, 0.0, 763.9010620117188], [-0.6466881036758423, 0.7627545595169067, 0.0, 1511.6968994140625], [0.0, 0.0, 1.0, 0.0], [0.0, 0.0, 0.0, 1.0]], "pose_inverse": [[0.7627545595169067, -0.6466881036758423, 0.0, 394.92742919921875], [0.6466881036758423, 0.7627545595169067, 0.0, -1647.0594482421875], [0.0, 0.0, 1.0, 0.0], [0.0, 0.0, 0.0, 1.0]], "cam_ids": [0, 1, 2, 3, 4, 5], "cam_channels": ["CAM_FRONT_LEFT", "CAM_FRONT", "CAM_FRONT_RIGHT", "CAM_BACK_LEFT", "CAM_BACK", "CAM_BACK_RIGHT"], "token": "0e784c258b1c498888294aa0a5634097", "scene": "scene-0899"}, {"images": ["samples/CAM_FRONT_LEFT/n008-2018-09-18-14-54-39-0400__CAM_FRONT_LEFT__1537297782504799.jpg", "samples/CAM_FRONT/n008-2018-09-18-14-54-39-0400__CAM_FRONT__1537297782512404.jpg", "samples/CAM_FRONT_RIGHT/n008-2018-09-18-14-54-39-0400__CAM_FRONT_RIGHT__1537297782520482.jpg", "samples/CAM_BACK_LEFT/n008-2018-09-18-14-54-39-0400__CAM_BACK_LEFT__1537297782547405.jpg", "samples/CAM_BACK/n008-2018-09-18-14-54-39-0400__CAM_BACK__1537297782537558.jpg", "samples/CAM_BACK_RIGHT/n008-2018-09-18-14-54-39-0400__CAM_BACK_RIGHT__1537297782528113.jpg"], "intrinsics": [[[1257.8625342125129, 0.0, 827.2410631095686], [0.0, 1257.8625342125129, 450.915498205774], [0.0, 0.0, 1.0]], [[1252.8131021185304, 0.0, 826.588114781398], [0.0, 1252.8131021185304, 469.9846626224581], [0.0, 0.0, 1.0]], [[1256.7485116440405, 0.0, 817.7887570959712], [0.0, 1256.7485116440403, 451.9541780095127], [0.0, 0.0, 1.0]], [[1254.9860565800168, 0.0, 829.5769333630991], [0.0, 1254.9860565800168, 467.1680561863987], [0.0, 0.0, 1.0]], [[796.8910634503094, 0.0, 857.7774326863696], [0.0, 796.8910634503094, 476.8848988407415], [0.0, 0.0, 1.0]], [[1249.9629280788233, 0.0, 825.3768045375984], [0.0, 1249.9629280788233, 462.54816385708756], [0.0, 0.0, 1.0]]], "extrinsics": [[[0.8224109411239624, -0.5688812136650085, 0.0037860481534153223, -0.8212890625], [0.019181491807103157, 0.021077439188957214, -0.9995937943458557, 1.4925765991210938], [0.5685703754425049, 0.8221496343612671, 0.028246305882930756, -1.2064208984375], [0.0, 0.0, 0.0, 1.0]], [[0.010258679278194904, -0.9998188614845276, -0.016033824533224106, 0.00732421875], [0.021483521908521652, 0.016251344233751297, -0.9996371269226074, 1.4841423034667969], [0.999716579914093, 0.009910554625093937, 0.021646348759531975, -1.5494384765625], [0.0, 0.0, 0.0, 1.0]], [[-0.8437501788139343, -0.5359594821929932, -0.02886168472468853, 0.96826171875], [0.029869822785258293, 0.00680176168680191, -0.9995306730270386, 1.4974061250686646], [0.5359042882919312, -0.8442164063453674, 0.010270028375089169, -1.1998291015625], [0.0, 0.0, 0.0, 1.0]], [[0.9478079080581665, 0.3186422288417816, 0.011287778615951538, -1.1324005126953125], [0.005312733817845583, 0.019614465534687042, -0.9997934699058533, 1.5621089935302734], [-0.31879785656929016, 0.9476720690727234, 0.016897881403565407, -0.1600341796875], [0.0, 0.0, 0.0, 1.0]], [[0.009074077010154724, 0.9998756647109985, 0.012898922897875309, -0.0283203125], [0.007177180610597134, 0.012833998538553715, -0.9998918175697327, 1.5684967041015625], [-0.9999330639839172, 0.009165719151496887, -0.007059832103550434, -0.01641845703125], [0.0, 0.0, 0.0, 1.0]], [[-0.9235964417457581, 0.3831216096878052, -0.0136922188103199, 1.06146240234375], [0.011090525425970554, -0.008998848497867584, -0.9998979568481445, 1.549001693725586], [-0.38320574164390564, -0.9236541390419006, 0.004062284249812365, -0.0849609375], [0.0, 0.0, 0.0, 1.0]]], "view": [[0.0, -2.0, 100.0], [-2.0, 0.0, 100.0], [0.0, 0.0, 1.0]], "bev": "bev_97f47c62c179426680555b04ebdd0b68.png", "aux": "aux_97f47c62c179426680555b04ebdd0b68.npz", "visibility": "visibility_97f47c62c179426680555b04ebdd0b68.png", "pose": [[0.7612013816833496, 0.6485155820846558, 0.0, 765.7074584960938], [-0.6485155820846558, 0.7612013816833496, 0.0, 1510.1556396484375], [0.0, 0.0, 1.0, 0.0], [0.0, 0.0, 0.0, 1.0]], "pose_inverse": [[0.7612013816833496, -0.6485155820846558, 0.0, 396.50189208984375], [0.6485155820846558, 0.7612013816833496, 0.0, -1646.1058349609375], [0.0, 0.0, 1.0, 0.0], [0.0, 0.0, 0.0, 1.0]], "cam_ids": [0, 1, 2, 3, 4, 5], "cam_channels": ["CAM_FRONT_LEFT", "CAM_FRONT", "CAM_FRONT_RIGHT", "CAM_BACK_LEFT", "CAM_BACK", "CAM_BACK_RIGHT"], "token": "97f47c62c179426680555b04ebdd0b68", "scene": "scene-0899"}, {"images": ["samples/CAM_FRONT_LEFT/n008-2018-09-18-14-54-39-0400__CAM_FRONT_LEFT__1537297783004799.jpg", "samples/CAM_FRONT/n008-2018-09-18-14-54-39-0400__CAM_FRONT__1537297783012404.jpg", "samples/CAM_FRONT_RIGHT/n008-2018-09-18-14-54-39-0400__CAM_FRONT_RIGHT__1537297783020482.jpg", "samples/CAM_BACK_LEFT/n008-2018-09-18-14-54-39-0400__CAM_BACK_LEFT__1537297783047405.jpg", "samples/CAM_BACK/n008-2018-09-18-14-54-39-0400__CAM_BACK__1537297783037558.jpg", "samples/CAM_BACK_RIGHT/n008-2018-09-18-14-54-39-0400__CAM_BACK_RIGHT__1537297783028113.jpg"], "intrinsics": [[[1257.8625342125129, 0.0, 827.2410631095686], [0.0, 1257.8625342125129, 450.915498205774], [0.0, 0.0, 1.0]], [[1252.8131021185304, 0.0, 826.588114781398], [0.0, 1252.8131021185304, 469.9846626224581], [0.0, 0.0, 1.0]], [[1256.7485116440405, 0.0, 817.7887570959712], [0.0, 1256.7485116440403, 451.9541780095127], [0.0, 0.0, 1.0]], [[1254.9860565800168, 0.0, 829.5769333630991], [0.0, 1254.9860565800168, 467.1680561863987], [0.0, 0.0, 1.0]], [[796.8910634503094, 0.0, 857.7774326863696], [0.0, 796.8910634503094, 476.8848988407415], [0.0, 0.0, 1.0]], [[1249.9629280788233, 0.0, 825.3768045375984], [0.0, 1249.9629280788233, 462.54816385708756], [0.0, 0.0, 1.0]]], "extrinsics": [[[0.8223272562026978, -0.5689985156059265, 0.004320607054978609, -0.79248046875], [0.02043771557509899, 0.02194702997803688, -0.9995502233505249, 1.493520736694336], [0.5686477422714233, 0.8220456838607788, 0.02967667020857334, -1.1883544921875], [0.0, 0.0, 0.0, 1.0]], [[0.01015299092978239, -0.9997990131378174, -0.01729024201631546, 0.009033203125], [0.02248993143439293, 0.01751507632434368, -0.9995936751365662, 1.4849567413330078], [0.9996954798698425, 0.009759929962456226, 0.022663239389657974, -1.52056884765625], [0.0, 0.0, 0.0, 1.0]], [[-0.8437817692756653, -0.5358249545097351, -0.030396265909075737, 0.9493408203125], [0.03061574511229992, 0.008487682789564133, -0.9994951486587524, 1.4982103109359741], [0.5358124375343323, -0.8442865014076233, 0.009242926724255085, -1.1866455078125], [0.0, 0.0, 0.0, 1.0]], [[0.9477889537811279, 0.31864646077156067, 0.012674075551331043, -1.1310577392578125], [0.00568430544808507, 0.022856174036860466, -0.9997225999832153, 1.5621185302734375], [-0.31884774565696716, 0.9475980997085571, 0.01985154300928116, -0.160400390625], [0.0, 0.0, 0.0, 1.0]], [[0.009095455519855022, 0.9998360872268677, 0.01565486751496792, -0.0286865234375], [0.007650662679225206, 0.015585477463901043, -0.9998492002487183, 1.568593978881836]