[{"images": ["samples/CAM_FRONT_LEFT/n015-2018-09-26-11-17-24+0800__CAM_FRONT_LEFT__1537932279354844.jpg", "samples/CAM_FRONT/n015-2018-09-26-11-17-24+0800__CAM_FRONT__1537932279362460.jpg", "samples/CAM_FRONT_RIGHT/n015-2018-09-26-11-17-24+0800__CAM_FRONT_RIGHT__1537932279370348.jpg", "samples/CAM_BACK_LEFT/n015-2018-09-26-11-17-24+0800__CAM_BACK_LEFT__1537932279397423.jpg", "samples/CAM_BACK/n015-2018-09-26-11-17-24+0800__CAM_BACK__1537932279387525.jpg", "samples/CAM_BACK_RIGHT/n015-2018-09-26-11-17-24+0800__CAM_BACK_RIGHT__1537932279377893.jpg"], "intrinsics": [[[1272.5979470598488, 0.0, 826.6154927353808], [0.0, 1272.5979470598488, 479.75165386361925], [0.0, 0.0, 1.0]], [[1266.417203046554, 0.0, 816.2670197447984], [0.0, 1266.417203046554, 491.50706579294757], [0.0, 0.0, 1.0]], [[1260.8474446004698, 0.0, 807.968244525554], [0.0, 1260.8474446004698, 495.3344268742088], [0.0, 0.0, 1.0]], [[1256.7414812095406, 0.0, 792.1125740759628], [0.0, 1256.7414812095406, 492.7757465151356], [0.0, 0.0, 1.0]], [[809.2209905677063, 0.0, 829.2196003259838], [0.0, 809.2209905677063, 481.77842384512485], [0.0, 0.0, 1.0]], [[1259.5137405846733, 0.0, 807.2529053838625], [0.0, 1259.5137405846733, 501.19579884916527], [0.0, 0.0, 1.0]]], "extrinsics": [[[0.8204312324523926, -0.5713772177696228, -0.020512554794549942, -0.9649658203125], [-0.02885991893708706, -0.005554793868213892, -0.9995680451393127, 1.5082511901855469], [0.5710164308547974, 0.8206688165664673, -0.02104722522199154, -1.28033447265625], [0.0, 0.0, 0.0, 1.0]], [[0.005821122322231531, -0.9999386668205261, 0.009417794644832611, 0.005218505859375], [-0.034159429371356964, -0.009611298330128193, -0.9993701577186584, 1.520538330078125], [0.9993994235992432, 0.005495743360370398, -0.03421328216791153, -1.692138671875], [0.0, 0.0, 0.0, 1.0]], [[-0.8327858448028564, -0.5532492399215698, 0.01956534944474697, 1.0323486328125], [-0.028535187244415283, 0.0076039619743824005, -0.9995638728141785, 1.5036430358886719], [0.5528591871261597, -0.8329810500144958, -0.022119542583823204, -1.2484130859375], [0.0, 0.0, 0.0, 1.0]], [[0.9474474191665649, 0.3188495337963104, -0.026047581806778908, -1.142333984375], [-0.019828591495752335, -0.022735418751835823, -0.9995448589324951, 1.5885543823242188], [-0.31929656863212585, 0.947532594203949, -0.015218276530504227, -0.10369873046875], [0.0, 0.0, 0.0, 1.0]], [[0.0021944609470665455, 0.9999151825904846, -0.01283801905810833, 0.002716064453125], [-0.04525014013051987, -0.012725608423352242, -0.9988946914672852, 1.5793609619140625], [-0.9989733099937439, 0.002772948471829295, 0.04521837458014488, 0.0020751953125], [0.0, 0.0, 0.0, 1.0]], [[-0.9347435832023621, 0.35509443283081055, 0.012745107524096966, 1.13623046875], [-0.012648089788854122, 0.00259458739310503, -0.9999166131019592, 1.5514469146728516], [-0.3550979197025299, -0.9348268508911133, 0.002065992448478937, -0.0634765625], [0.0, 0.0, 0.0, 1.0]]], "view": [[0.0, -2.0, 100.0], [-2.0, 0.0, 100.0], [0.0, 0.0, 1.0]], "bev": "bev_f26fd879e4b64cccbc7c04ef05af6abb.png", "aux": "aux_f26fd879e4b64cccbc7c04ef05af6abb.npz", "visibility": "visibility_f26fd879e4b64cccbc7c04ef05af6abb.png", "pose": [[-0.32288503646850586, 0.946438193321228, 0.0, 903.2515869140625], [-0.946438193321228, -0.32288503646850586, 0.0, 1514.0731201171875], [0.0, 0.0, 1.0, 0.0], [0.0, 0.0, 0.0, 1.0]], "pose_inverse": [[-0.32288503646850586, -0.946438193321228, 0.0, 1724.623046875], [0.946438193321228, -0.32288503646850586, 0.0, -366.0002746582031], [0.0, 0.0, 1.0, 0.0], [0.0, 0.0, 0.0, 1.0]], "cam_ids": [0, 1, 2, 3, 4, 5], "cam_channels": ["CAM_FRONT_LEFT", "CAM_FRONT", "CAM_FRONT_RIGHT", "CAM_BACK_LEFT", "CAM_BACK", "CAM_BACK_RIGHT"], "token": "f26fd879e4b64cccbc7c04ef05af6abb", "scene": "scene-0959"}, {"images": ["samples/CAM_FRONT_LEFT/n015-2018-09-26-11-17-24+0800__CAM_FRONT_LEFT__1537932279854844.jpg", "samples/CAM_FRONT/n015-2018-09-26-11-17-24+0800__CAM_FRONT__1537932279862460.jpg", "samples/CAM_FRONT_RIGHT/n015-2018-09-26-11-17-24+0800__CAM_FRONT_RIGHT__1537932279870339.jpg", "samples/CAM_BACK_LEFT/n015-2018-09-26-11-17-24+0800__CAM_BACK_LEFT__1537932279897423.jpg", "samples/CAM_BACK/n015-2018-09-26-11-17-24+0800__CAM_BACK__1537932279887525.jpg", "samples/CAM_BACK_RIGHT/n015-2018-09-26-11-17-24+0800__CAM_BACK_RIGHT__1537932279877893.jpg"], "intrinsics": [[[1272.5979470598488, 0.0, 826.6154927353808], [0.0, 1272.5979470598488, 479.75165386361925], [0.0, 0.0, 1.0]], [[1266.417203046554, 0.0, 816.2670197447984], [0.0, 1266.417203046554, 491.50706579294757], [0.0, 0.0, 1.0]], [[1260.8474446004698, 0.0, 807.968244525554], [0.0, 1260.8474446004698, 495.3344268742088], [0.0, 0.0, 1.0]], [[1256.7414812095406, 0.0, 792.1125740759628], [0.0, 1256.7414812095406, 492.7757465151356], [0.0, 0.0, 1.0]], [[809.2209905677063, 0.0, 829.2196003259838], [0.0, 809.2209905677063, 481.77842384512485], [0.0, 0.0, 1.0]], [[1259.5137405846733, 0.0, 807.2529053838625], [0.0, 1259.5137405846733, 501.19579884916527], [0.0, 0.0, 1.0]]], "extrinsics": [[[0.8204374313354492, -0.5713650584220886, -0.020601561293005943, -0.9649658203125], [-0.028925221413373947, -0.0054933419451117516, -0.9995664954185486, 1.5082435607910156], [0.5710040926933289, 0.8206777572631836, -0.02103380486369133, -1.28021240234375], [0.0, 0.0, 0.0, 1.0]], [[0.005831647664308548, -0.9999392628669739, 0.009347774088382721, 0.005157470703125], [-0.034218039363622665, -0.009542000479996204, -0.9993689060211182, 1.5205307006835938], [0.999397337436676, 0.005508118309080601, -0.03427160903811455, -1.692138671875], [0.0, 0.0, 0.0, 1.0]], [[-0.8327811360359192, -0.5532563328742981, 0.019571641460061073, 1.032470703125], [-0.02858731336891651, 0.007670784369111061, -0.9995618462562561, 1.5036430358886719], [0.5528638362884521, -0.8329758048057556, -0.022204196080565453, -1.24853515625], [0.0, 0.0, 0.0, 1.0]], [[0.9474450349807739, 0.31885164976119995, -0.026106132194399834, -1.142333984375], [-0.019910886883735657, -0.02267441153526306, -0.9995445609092712, 1.588552474975586], [-0.3192983567714691, 0.947533369064331, -0.015134138986468315, -0.10369873046875], [0.0, 0.0, 0.0, 1.0]], [[0.00219274265691638, 0.9999160766601562, -0.012769635766744614, 0.0028076171875], [-0.0453154630959034, -0.01265718974173069, -0.9988925457000732, 1.5793609619140625], [-0.9989703297615051, 0.002769012236967683, 0.045283906161785126, 0.0018310546875], [0.0, 0.0, 0.0, 1.0]], [[-0.9347444176673889, 0.35508960485458374, 0.012818005867302418, 1.1363525390625], [-0.0127005185931921, 0.002661832608282566, -0.9999157786369324, 1.5514507293701172], [-0.3550938367843628, -0.9348285794258118, 0.002021687338128686, -0.06353759765625], [0.0, 0.0, 0.0, 1.0]]], "view": [[0.0, -2.0, 100.0], [-2.0, 0.0, 100.0], [0.0, 0.0, 1.0]], "bev": "bev_a35683439fe94e248b93ef28eb3d8488.png", "aux": "aux_a35683439fe94e248b93ef28eb3d8488.npz", "visibility": "visibility_a35683439fe94e248b93ef28eb3d8488.png", "pose": [[-0.32296210527420044, 0.9464119076728821, 0.0, 903.2493896484375], [-0.9464119076728821, -0.32296210527420044, 0.0, 1514.0738525390625], [0.0, 0.0, 1.0, 0.0], [0.0, 0.0, 0.0, 1.0]], "pose_inverse": [[-0.32296210527420044, -0.9464119076728821, 0.0, 1724.65283203125], [0.9464119076728821, -0.32296210527420044, 0.0, -365.8575134277344], [0.0, 0.0, 1.0, 0.0], [0.0, 0.0, 0.0, 1.0]], "cam_ids": [0, 1, 2, 3, 4, 5], "cam_channels": ["CAM_FRONT_LEFT", "CAM_FRONT", "CAM_FRONT_RIGHT", "CAM_BACK_LEFT", "CAM_BACK", "CAM_BACK_RIGHT"], "token": "a35683439fe94e248b93ef28eb3d8488", "scene": "scene-0959"}, {"images": ["samples/CAM_FRONT_LEFT/n015-2018-09-26-11-17-24+0800__CAM_FRONT_LEFT__1537932280354844.jpg", "samples/CAM_FRONT/n015-2018-09-26-11-17-24+0800__CAM_FRONT__1537932280362460.jpg", "samples/CAM_FRONT_RIGHT/n015-2018-09-26-11-17-24+0800__CAM_FRONT_RIGHT__1537932280370339.jpg", "samples/CAM_BACK_LEFT/n015-2018-09-26-11-17-24+0800__CAM_BACK_LEFT__1537932280397423.jpg", "samples/CAM_BACK/n015-2018-09-26-11-17-24+0800__CAM_BACK__1537932280387525.jpg", "samples/CAM_BACK_RIGHT/n015-2018-09-26-11-17-24+0800__CAM_BACK_RIGHT__1537932280377893.jpg"], "intrinsics": [[[1272.5979470598488, 0.0, 826.6154927353808], [0.0, 1272.5979470598488, 479.75165386361925], [0.0, 0.0, 1.0]], [[1266.417203046554, 0.0, 816.2670197447984], [0.0, 1266.417203046554, 491.50706579294757], [0.0, 0.0, 1.0]], [[1260.8474446004698, 0.0, 807.968244525554], [0.0, 1260.8474446004698, 495.3344268742088], [0.0, 0.0, 1.0]], [[1256.7414812095406, 0.0, 792.1125740759628], [0.0, 1256.7414812095406, 492.7757465151356], [0.0, 0.0, 1.0]], [[809.2209905677063, 0.0, 829.2196003259838], [0.0, 809.2209905677063, 481.77842384512485], [0.0, 0.0, 1.0]], [[1259.5137405846733, 0.0, 807.2529053838625], [0.0, 1259.5137405846733, 501.19579884916527], [0.0, 0.0, 1.0]]], "extrinsics": [[[0.8204368948936462, -0.5713643431663513, -0.020645322278141975, -0.9649658203125], [-0.028928890824317932, -0.005422023590654135, -0.9995667338371277, 1.5082435607910156], [0.5710048079490662, 0.8206785917282104, -0.020977364853024483, -1.2802734375], [0.0, 0.0, 0.0, 1.0]], [[0.005832810420542955, -0.9999398589134216, 0.00927770882844925, 0.0052490234375], [-0.03421741724014282, -0.009472013451159, -0.9993695616722107, 1.5205345153808594], [0.999397337436676, 0.005511711351573467, -0.03427061066031456, -1.6922607421875], [0.0, 0.0, 0.0, 1.0]], [[-0.8327794075012207, -0.5532604455947876, 0.019526220858097076, 1.032470703125], [-0.028577256947755814, 0.007737570442259312, -0.999561607837677, 1.5036430358886719], [0.5528668165206909, -0.8329722881317139, -0.022254355251789093, -1.24853515625], [0.0, 0.0, 0.0, 1.0]], [[0.9474460482597351, 0.3188507854938507, -0.02608095481991768, -1.1422119140625], [-0.019905375316739082, -0.022611983120441437, -0.9995461106300354, 1.5885543823242188], [-0.3192957937717438, 0.9475351572036743, -0.015076788142323494, -0.1036376953125], [0.0, 0.0, 0.0, 1.0]], [[0.002192332176491618, 0.9999168515205383, -0.012707485817372799, 0.002716064453125], [-0.04531286656856537, -0.012595129199326038, -0.9988934993743896, 1.5793533325195312], [-0.9989704489707947, 0.002765703946352005, 0.045281488448381424, 0.001953125], [0.0, 0.0, 0.0, 1.0]], [[-0.9347453117370605, 0.35508638620376587, 0.012834040448069572, 1.1361083984375], [-0.012692793272435665, 0.00272729923017323, -0.9999157190322876, 1.5514488220214844], [-0.35509154200553894, -0.9348295331001282, 0.0019577094353735447, -0.0635986328125], [0.0, 0.0, 0.0, 1.0]]], "view": [[0.0, -2.0, 100.0], [-2.0, 0.0, 100.0], [0.0, 0.0, 1.0]], "bev": "bev_3befd7cf0ae04c4d8b3e41132691c3cf.png", "aux": "aux_3befd7cf0ae04c4d8b3e41132691c3cf.npz", "visibility": "visibility_3befd7cf0ae04c4d8b3e41132691c3cf.png", "pose": [[-0.3229178190231323, 0.9464269876480103, 0.0, 903.24755859375], [-0.9464269876480103, -0.3229178190231323, 0.0, 1514.074462890625], [0.0, 0.0, 1.0, 0.0], [0.0, 0.0, 0.0, 1.0]], "pose_inverse": [[-0.3229178190231323, -0.9464269876480103, 0.0, 1724.6357421875], [0.9464269876480103, -0.3229178190231323, 0.0, -365.9362487792969], [0.0, 0.0, 1.0, 0.0], [0.0, 0.0, 0.0, 1.0]], "cam_ids": [0, 1, 2, 3, 4, 5], "cam_channels": ["CAM_FRONT_LEFT", "CAM_FRONT", "CAM_FRONT_RIGHT", "CAM_BACK_LEFT", "CAM_BACK", "CAM_BACK_RIGHT"], "token": "3befd7cf0ae04c4d8b3e41132691c3cf", "scene": "scene-0959"}, {"images": ["samples/CAM_FRONT_LEFT/n015-2018-09-26-11-17-24+0800__CAM_FRONT_LEFT__1537932280854844.jpg", "samples/CAM_FRONT/n015-2018-09-26-11-17-24+0800__CAM_FRONT__1537932280862460.jpg", "samples/CAM_FRONT_RIGHT/n015-2018-09-26-11-17-24+0800__CAM_FRONT_RIGHT__1537932280870339.jpg", "samples/CAM_BACK_LEFT/n015-2018-09-26-11-17-24+0800__CAM_BACK_LEFT__1537932280897423.jpg", "samples/CAM_BACK/n015-2018-09-26-11-17-24+0800__CAM_BACK__1537932280887525.jpg", "samples/CAM_BACK_RIGHT/n015-2018-09-26-11-17-24+0800__CAM_BACK_RIGHT__1537932280877893.jpg"], "intrinsics": [[[1272.5979470598488, 0.0, 826.6154927353808], [0.0, 1272.5979470598488, 479.75165386361925], [0.0, 0.0, 1.0]], [[1266.417203046554, 0.0, 816.2670197447984], [0.0, 1266.417203046554, 491.50706579294757], [0.0, 0.0, 1.0]], [[1260.8474446004698, 0.0, 807.968244525554], [0.0, 1260.8474446004698, 495.3344268742088], [0.0, 0.0, 1.0]], [[1256.7414812095406, 0.0, 792.1125740759628], [0.0, 1256.7414812095406, 492.7757465151356], [0.0, 0.0, 1.0]], [[809.2209905677063, 0.0, 829.2196003259838], [0.0, 809.2209905677063, 481.77842384512485], [0.0, 0.0, 1.0]], [[1259.5137405846733, 0.0, 807.2529053838625], [0.0, 1259.5137405846733, 501.19579884916527], [0.0, 0.0, 1.0]]], "extrinsics": [[[0.8204174041748047, -0.5713933110237122, -0.020613381639122963, -0.9649658203125], [-0.028820544481277466, -0.005320937838405371, -0.9995704293251038, 1.5082473754882812], [0.5710381865501404, 0.8206590414047241, -0.020833255723118782, -1.28033447265625], [0.0, 0.0, 0.0, 1.0]], [[0.005797884427011013, -0.9999409914016724, 0.009176049381494522, 0.005279541015625], [-0.03411245718598366, -0.009368638508021832, -0.9993740916252136, 1.5205345153808594], [0.9994010925292969, 0.005481243599206209, -0.03416476771235466, -1.692138671875], [0.0, 0.0, 0.0, 1.0]], [[-0.8327978253364563, -0.5532376170158386, 0.01938793808221817, 1.0323486328125], [-0.028480514883995056, 0.007842984981834888, -0.9995635151863098, 1.5036392211914062], [0.5528440475463867, -0.8329865336418152, -0.022288113832473755, -1.24853515625], [0.0, 0.0, 0.0, 1.0]], [[0.9474496841430664, 0.31885042786598206, -0.025951335206627846, -1.14208984375], [-0.01980665698647499, -0.022499140352010727, -0.9995506405830383, 1.5885543823242188], [-0.31929096579551697, 0.9475380182266235, -0.015001443214714527, -0.10369873046875], [0.0, 0.0, 0.0, 1.0]], [[0.00220599677413702, 0.9999182224273682, -0.012598422355949879, 0.002716064453125], [-0.04521941393613815, -0.01248581986874342, -0.9988990426063538, 1.5793609619140625], [-0.998974621295929, 0.002773255342617631, 0.04518817365169525, 0.0018310546875], [0.0, 0.0, 0.0, 1.0]], [[-0.9347384572029114, 0.3551061749458313, 0.012786664068698883, 1.13623046875], [-0.012602085247635841, 0.002832799218595028, -0.9999166131019592, 1.5514545440673828], [-0.35511279106140137, -0.9348216652870178, 0.0018271497683599591, -0.063568115234375], [0.0, 0.0, 0.0, 1.0]]], "view": [[0.0, -2.0, 100.0], [-2.0, 0.0, 100.0], [0.0, 0.0, 1.0]], "bev": "bev_b43f04286304464c9908a566e475c350.png", "aux": "aux_b43f04286304464c9908a566e475c350.npz", "visibility": "visibility_b43f04286304464c9908a566e475c350.png", "pose": [[-0.32291102409362793, 0.9464293122291565, 0.0, 903.2460327148438], [-0.9464293122291565, -0.32291102409362793, 0.0, 1514.074951171875], [0.0, 0.0, 1.0, 0.0], [0.0, 0.0, 0.0, 1.0]], "pose_inverse": [[-0.32291102409362793, -0.9464293122291565, 0.0, 1724.633056640625], [0.9464293122291565, -0.32291102409362793, 0.0, -365.94708251953125], [0.0, 0.0, 1.0, 0.0], [0.0, 0.0, 0.0, 1.0]], "cam_ids": [0, 1, 2, 3, 4, 5], "cam_channels": ["CAM_FRONT_LEFT", "CAM_FRONT", "CAM_FRONT_RIGHT", "CAM_BACK_LEFT", "CAM_BACK", "CAM_BACK_RIGHT"], "token": "b43f04286304464c9908a566e475c350", "scene": "scene-0959"}, {"images": ["samples/CAM_FRONT_LEFT/n015-2018-09-26-11-17-24+0800__CAM_FRONT_LEFT__1537932281254844.jpg", "samples/CAM_FRONT/n015-2018-09-26-11-17-24+0800__CAM_FRONT__1537932281262460.jpg", "samples/CAM_FRONT_RIGHT/n015-2018-09-26-11-17-24+0800__CAM_FRONT_RIGHT__1537932281270339.jpg", "samples/CAM_BACK_LEFT/n015-2018-09-26-11-17-24+0800__CAM_BACK_LEFT__1537932281297423.jpg", "samples/CAM_BACK/n015-2018-09-26-11-17-24+0800__CAM_BACK__1537932281287525.jpg", "samples/CAM_BACK_RIGHT/n015-2018-09-26-11-17-24+0800__CAM_BACK_RIGHT__1537932281277893.jpg"], "intrinsics": [[[1272.5979470598488, 0.0, 826.6154927353808], [0.0, 1272.5979470598488, 479.75165386361925], [0.0, 0.0, 1.0]], [[1266.417203046554, 0.0, 816.2670197447984], [0.0, 1266.417203046554, 491.50706579294757], [0.0, 0.0, 1.0]], [[1260.8474446004698, 0.0, 807.968244525554], [0.0, 1260.8474446004698, 495.3344268742088], [0.0, 0.0, 1.0]], [[1256.7414812095406, 0.0, 792.1125740759628], [0.0, 1256.7414812095406, 492.7757465151356], [0.0, 0.0, 1.0]], [[809.2209905677063, 0.0, 829.2196003259838], [0.0, 809.2209905677063, 481.77842384512485], [0.0, 0.0, 1.0]], [[1259.5137405846733, 0.0, 807.2529053838625], [0.0, 1259.5137405846733, 501.19579884916527], [0.0, 0.0, 1.0]]], "extrinsics": [[[0.8204160332679749, -0.5713964104652405, -0.020581141114234924, -0.96484375], [-0.028839534148573875, -0.005404540803283453, -0.9995694756507874, 1.5082511901855469], [0.5710391402244568, 0.8206563591957092, -0.02091277949512005, -1.2802734375], [0.0, 0.0, 0.0, 1.0]], [[0.005798484198749065, -0.9999401569366455, 0.009263020008802414, 0.005126953125], [-0.03413282707333565, -0.00945569109171629, -0.9993726015090942, 1.5205345153808594], [0.9994004368782043, 0.005478639155626297, -0.03418561443686485, -1.6923828125], [0.0, 0.0, 0.0, 1.0]], [[-0.8327958583831787, -0.5532379150390625, 0.01945989578962326, 1.0323486328125], [-0.028508778661489487, 0.007755424827337265, -0.9995633959770203, 1.5036392211914062], [0.5528455376625061, -0.8329871892929077, -0.02223082259297371, -1.2486572265625], [0.0, 0.0, 0.0, 1.0]], [[0.9474480748176575, 0.31885048747062683, -0.026007721200585365, -1.14208984375], [-0.019835926592350006, -0.022588811814785004, -0.9995480179786682, 1.5885543823242188], [-0.3192938268184662, 0.9475357532501221, -0.015077034011483192, -0.10369873046875], [0.0, 0.0, 0.0, 1.0]], [[0.0022034402936697006, 0.999917209148407, -0.01268067117780447, 0.00286865234375], [-0.04524749144911766, -0.012568021193146706, -0.9988967776298523, 1.5793609619140625], [-0.9989733695983887, 0.002774763386696577, 0.04521604999899864, 0.0018310546875], [0.0, 0.0, 0.0, 1.0]], [[-0.9347389936447144, 0.3551049530506134, 0.012783232145011425, 1.13623046875], [-0.012630017474293709, 0.002749593462795019, -0.9999164938926697, 1.5514469146728516], [-0.3551104664802551, -0.9348223805427551, 0.0019148301798850298, -0.06365966796875], [0.0, 0.0, 0.0, 1.0]]], "view": [[0.0, -2.0, 100.0], [-2.0, 0.0, 100.0], [0.0, 0.0, 1.0]], "bev": "bev_1ae9d8e114634b889a008a3e977d3821.png", "aux": "aux_1ae9d8e114634b889a008a3e977d3821.npz", "visibility": "visibility_1ae9d8e114634b889a008a3e977d3821.png", "pose": [[-0.32286399602890015, 0.9464453458786011, 0.0, 903.2449951171875], [-0.9464453458786011, -0.32286399602890015, 0.0, 1514.0753173828125], [0.0, 0.0, 1.0, 0.0], [0.0, 0.0, 0.0, 1.0]], "pose_inverse": [[-0.32286399602890015, -0.9464453458786011, 0.0, 1724.6148681640625], [0.9464453458786011, -0.32286399602890015, 0.0, -366.0316162109375], [0.0, 0.0, 1.0, 0.0], [0.0, 0.0, 0.0, 1.0]], "cam_ids": [0, 1, 2, 3, 4, 5], "cam_channels": ["CAM_FRONT_LEFT", "CAM_FRONT", "CAM_FRONT_RIGHT", "CAM_BACK_LEFT", "CAM_BACK", "CAM_BACK_RIGHT"], "token": "1ae9d8e114634b889a008a3e977d3821", "scene": "scene-0959"}, {"images": ["samples/CAM_FRONT_LEFT/n015-2018-09-26-11-17-24+0800__CAM_FRONT_LEFT__1537932281754844.jpg", "samples/CAM_FRONT/n015-2018-09-26-11-17-24+0800__CAM_FRONT__1537932281762460.jpg", "samples/CAM_FRONT_RIGHT/n015-2018-09-26-11-17-24+0800__CAM_FRONT_RIGHT__1537932281770339.jpg", "samples/CAM_BACK_LEFT/n015-2018-09-26-11-17-24+0800__CAM_BACK_LEFT__1537932281797423.jpg", "samples/CAM_BACK/n015-2018-09-26-11-17-24+0800__CAM_BACK__1537932281787525.jpg", "samples/CAM_BACK_RIGHT/n015-2018-09-26-11-17-24+0800__CAM_BACK_RIGHT__1537932281777893.jpg"], "intrinsics": [[[1272.5979470598488, 0.0, 826.6154927353808], [0.0, 1272.5979470598488, 479.75165386361925], [0.0, 0.0, 1.0]], [[1266.417203046554, 0.0, 816.2670197447984], [0.0, 1266.417203046554, 491.50706579294757], [0.0, 0.0, 1.0]], [[1260.8474446004698, 0.0, 807.968244525554], [0.0, 1260.8474446004698, 495.3344268742088], [0.0, 0.0, 1.0]], [[1256.7414812095406, 0.0, 792.1125740759628], [0.0, 1256.7414812095406, 492.7757465151356], [0.0, 0.0, 1.0]], [[809.2209905677063, 0.0, 829.2196003259838], [0.0, 809.2209905677063, 481.77842384512485], [0.0, 0.0, 1.0]], [[1259.5137405846733, 0.0, 807.2529053838625], [0.0, 1259.5137405846733, 501.19579884916527], [0.0, 0.0, 1.0]]], "extrinsics": [[[0.8204280138015747, -0.5713735818862915, -0.02074204757809639, -0.965087890625], [-0.028951404616236687, -0.0052845967002213, -0.9995668530464172, 1.5082473754882812], [0.5710164308547974, 0.8206731677055359, -0.020877694711089134, -1.28021240234375], [0.0, 0.0, 0.0, 1.0]], [[0.005819585639983416, -0.9999411106109619, 0.009160399436950684, 0.005096435546875], [-0.03424921631813049, -0.009354492649435997, -0.9993695616722107, 1.5205307006835938], [0.9993963837623596, 0.0055021666921675205, -0.03430163487792015, -1.6922607421875], [0.0, 0.0, 0.0, 1.0]], [[-0.8327857255935669, -0.5532519221305847, 0.019497256726026535, 1.0323486328125], [-0.028622258454561234, 0.007858163677155972, -0.9995594024658203, 1.5036392211914062], [0.5528549551963806, -0.8329769372940063, -0.02237948775291443, -1.2486572265625], [0.0, 0.0, 0.0, 1.0]], [[0.9474468231201172, 0.31884920597076416, -0.026070546358823776, -1.1422119140625], [-0.019931230694055557, -0.02250273898243904, -0.9995480179786682, 1.5885543823242188], [-0.31929174065589905, 0.9475383162498474, -0.014965091831982136, -0.10369873046875], [0.0, 0.0, 0.0, 1.0]], [[0.0021991406101733446, 0.9999183416366577, -0.012592063285410404, 0.002777099609375], [-0.04534730315208435, -0.012479420751333237, -0.9988933801651001, 1.5793533325195312], [-0.9989688992500305, 0.0027677349280565977, 0.04531615227460861, 0.001953125], [0.0, 0.0, 0.0, 1.0]], [[-0.9347409605979919, 0.3550949692726135, 0.012918352149426937, 1.13623046875], [-0.012737336568534374, 0.0028475262224674225, -0.999914824962616, 1.5514545440673828], [-0.3551015853881836, -0.9348258972167969, 0.0018612637650221586, -0.063568115234375], [0.0, 0.0, 0.0, 1.0]]], "view": [[0.0, -2.0, 100.0], [-2.0, 0.0, 100.0], [0.0, 0.0, 1.0]], "bev": "bev_9233c54954b344e09798aa231edd65d3.png", "aux": "aux_9233c54954b344e09798aa231edd65d3.npz", "visibility": "visibility_9233c54954b344e09798aa231edd65d3.png", "pose": [[-0.32287004590034485, 0.9464433193206787, 0.0, 903.243896484375], [-0.9464433193206787, -0.32287004590034485, 0.0, 1514.07568359375], [0.0, 0.0, 1.0, 0.0], [0.0, 0.0, 0.0, 1.0]], "pose_inverse": [[-0.32287004590034485, -0.9464433193206787, 0.0, 1724.6171875], [0.9464433193206787, -0.32287004590034485, 0.0, -366.01947021484375], [0.0, 0.0, 1.0, 0.0], [0.0, 0.0, 0.0, 1.0]], "cam_ids": [0, 1, 2, 3, 4, 5], "cam_channels": ["CAM_FRONT_LEFT", "CAM_FRONT", "CAM_FRONT_RIGHT", "CAM_BACK_LEFT", "CAM_BACK", "CAM_BACK_RIGHT"], "token": "9233c54954b344e09798aa231edd65d3", "scene": "scene-0959"}, {"images": ["samples/CAM_FRONT_LEFT/n015-2018-09-26-11-17-24+0800__CAM_FRONT_LEFT__1537932282254844.jpg", "samples/CAM_FRONT/n015-2018-09-26-11-17-24+0800__CAM_FRONT__1537932282262460.jpg", "samples/CAM_FRONT_RIGHT/n015-2018-09-26-11-17-24+0800__CAM_FRONT_RIGHT__1537932282270339.jpg", "samples/CAM_BACK_LEFT/n015-2018-09-26-11-17-24+0800__CAM_BACK_LEFT__1537932282297423.jpg", "samples/CAM_BACK/n015-2018-09-26-11-17-24+0800__CAM_BACK__1537932282287525.jpg", "samples/CAM_BACK_RIGHT/n015-2018-09-26-11-17-24+0800__CAM_BACK_RIGHT__1537932282277893.jpg"], "intrinsics": [[[1272.5979470598488, 0.0, 826.6154927353808], [0.0, 1272.5979470598488, 479.75165386361925], [0.0, 0.0, 1.0]], [[1266.417203046554, 0.0, 816.2670197447984], [0.0, 1266.417203046554, 491.50706579294757], [0.0, 0.0, 1.0]], [[1260.8474446004698, 0.0, 807.968244525554], [0.0, 1260.8474446004698, 495.3344268742088], [0.0, 0.0, 1.0]], [[1256.7414812095406, 0.0, 792.1125740759628], [0.0, 1256.7414812095406, 492.7757465151356], [0.0, 0.0, 1.0]], [[809.2209905677063, 0.0, 829.2196003259838], [0.0, 809.2209905677063, 481.77842384512485], [0.0, 0.0, 1.0]], [[1259.5137405846733, 0.0, 807.2529053838625], [0.0, 1259.5137405846733, 501.19579884916527], [0.0, 0.0, 1.0]]], "extrinsics": [[[0.8207360506057739, -0.5710866451263428, -0.01589096523821354, -0.9649658203125], [-0.02312334068119526, -0.00541367381811142, -0.9997179508209229, 1.5082473754882812], [0.5708394646644592, 0.8208719491958618, -0.01764862611889839, -1.2802734375], [0.0, 0.0, 0.0, 1.0]], [[0.006066403351724148, -0.9999386072158813, 0.009272655472159386, 0.00506591796875], [-0.027996275573968887, -0.009439023211598396, -0.999563455581665, 1.5205345153808594], [0.9995895624160767, 0.005804114509373903, -0.028051815927028656, -1.692138671875], [0.0, 0.0, 0.0, 1.0]], [[-0.8327562808990479, -0.5534638166427612, 0.013960625045001507, 1.0323486328125], [-0.02194984257221222, 0.007809056900441647, -0.9997285604476929, 1.5036392211914062], [0.5532045364379883, -0.8328366279602051, -0.018651481717824936, -1.24853515625], [0.0, 0.0, 0.0, 1.0]], [[0.9476041793823242, 0.3189137876033783, -0.018445303663611412, -1.1422119140625], [-0.011906785890460014, -0.022440021857619286, -0.9996772408485413, 1.588557243347168], [-0.3192247748374939, 0.9475180506706238, -0.017467020079493523, -0.103759765625], [0.0, 0.0, 0.0, 1.0]], [[0.0021576264407485723, 0.9999189376831055, -0.01255284994840622, 0.002838134765625], [-0.037804845720529556, -0.012462342157959938, -0.9992074370384216, 1.5793571472167969], [-0.9992828369140625, 0.002630477072671056, 0.037774886935949326, 0.0018310546875], [0.0, 0.0, 0.0, 1.0]], [[-0.9348811507225037, 0.35490483045578003, 0.006306646391749382, 1.1361083984375], [-0.005670871119946241, 0.002831539139151573, -0.9999799132347107, 1.551447868347168], [-0.354915589094162, -0.9348981976509094, -0.0006345334695652127, -0.063720703125], [0.0, 0.0, 0.0, 1.0]]], "view": [[0.0, -2.0, 100.0], [-2.0, 0.0, 100.0], [0.0, 0.0, 1.0]], "bev": "bev_a45bf95e20914aeb9ce7bc7b15aebb76.png", "aux": "aux_a45bf95e20914aeb9ce7bc7b15aebb76.npz", "visibility": "visibility_a45bf95e20914aeb9ce7bc7b15aebb76.png", "pose": [[-0.32389524579048157, 0.946092963218689, 0.0, 903.2429809570312], [-0.946092963218689, -0.32389524579048157, 0.0, 1514.076171875], [0.0, 0.0, 1.0, 0.0], [0.0, 0.0, 0.0, 1.0]], "pose_inverse": [[-0.32389524579048157, -0.946092963218689, 0.0, 1725.012939453125], [0.946092963218689, -0.32389524579048157, 0.0, -364.1497497558594], [0.0, 0.0, 1.0, 0.0], [0.0, 0.0, 0.0, 1.0]], "cam_ids": [0, 1, 2, 3, 4, 5], "cam_channels": ["CAM_FRONT_LEFT", "CAM_FRONT", "CAM_FRONT_RIGHT", "CAM_BACK_LEFT", "CAM_BACK", "CAM_BACK_RIGHT"], "token": "a45bf95e20914aeb9ce7bc7b15aebb76", "scene": "scene-0959"}, {"images": ["samples/CAM_FRONT_LEFT/n015-2018-09-26-11-17-24+0800__CAM_FRONT_LEFT__1537932282654844.jpg", "samples/CAM_FRONT/n015-2018-09-26-11-17-24+0800__CAM_FRONT__1537932282662460.jpg", "samples/CAM_FRONT_RIGHT/n015-2018-09-26-11-17-24+0800__CAM_FRONT_RIGHT__1537932282670339.jpg", "samples/CAM_BACK_LEFT/n015-2018-09-26-11-17-24+0800__CAM_BACK_LEFT__1537932282697423.jpg", "samples/CAM_BACK/n015-2018-09-26-11-17-24+0800__CAM_BACK__1537932282687525.jpg", "samples/CAM_BACK_RIGHT/n015-2018-09-26-11-17-24+0800__CAM_BACK_RIGHT__1537932282677893.jpg"], "intrinsics": [[[1272.5979470598488, 0.0, 826.6154927353808], [0.0, 1272.5979470598488, 479.75165386361925], [0.0, 0.0, 1.0]], [[1266.417203046554, 0.0, 816.2670197447984], [0.0, 1266.417203046554, 491.50706579294757], [0.0, 0.0, 1.0]], [[1260.8474446004698, 0.0, 807.968244525554], [0.0, 1260.8474446004698, 495.3344268742088], [0.0, 0.0, 1.0]], [[1256.7414812095406, 0.0, 792.1125740759628], [0.0, 1256.7414812095406, 492.7757465151356], [0.0, 0.0, 1.0]], [[809.2209905677063, 0.0, 829.2196003259838], [0.0, 809.2209905677063, 481.77842384512485], [0.0, 0.0, 1.0]], [[1259.5137405846733, 0.0, 807.2529053838625], [0.0, 1259.5137405846733, 501.19579884916527], [0.0, 0.0, 1.0]]], "extrinsics": [[[0.8212866187095642, -0.5703915357589722, -0.011906999163329601, -0.9381103515625], [-0.019217519089579582, -0.0067998310551047325, -0.999792218208313, 1.5076141357421875], [0.5701919794082642, 0.821344792842865, -0.01654612086713314, -1.261474609375], [0.0, 0.0, 0.0, 1.0]], [[0.00675721000880003, -0.9999194741249084, 0.010741961188614368, 0.00531005859375], [-0.024486754089593887, -0.010904443450272083, -0.999640703201294, 1.519866943359375], [0.9996772408485413, 0.00649173092097044, -0.02455846406519413, -1.6649169921875], [0.0, 0.0, 0.0, 1.0]], [[-0.8324774503707886, -0.5539243221282959, 0.012209270149469376, 1.0145263671875], [-0.018840832635760307, 0.006278305314481258, -0.9998027682304382, 1.5032386779785156], [0.5537384748458862, -0.8325432538986206, -0.015662942081689835, -1.2366943359375], [0.0, 0.0, 0.0, 1.0]], [[0.9476279020309448, 0.3189130425453186, -0.017199518159031868, -1.1424560546875], [-0.009992154315114021, -0.024222174659371376, -0.9996566772460938, 1.5885567665100098], [-0.3192201554775238, 0.9474744200706482, -0.01976698264479637, -0.1036376953125], [0.0, 0.0, 0.0, 1.0]], [[0.0019472677959129214, 0.9998965859413147, -0.014244703575968742, 0.002716064453125], [-0.035472407937049866, -0.014166699722409248, -0.9992702603340149, 1.5790824890136719], [-0.9993687868118286, 0.0024511106312274933, 0.03544114902615547, -0.0059814453125], [0.0, 0.0, 0.0, 1.0]], [[-0.9350469708442688, 0.3545098602771759, 0.003160021035000682, 1.121826171875], [-0.0029127169400453568, 0.001231213565915823, -0.9999950528144836, 1.5514049530029297], [-0.35451194643974304, -0.9350515007972717, -0.00011865624401252717, -0.06915283203125], [0.0, 0.0, 0.0, 1.0]]], "view": [[0.0, -2.0, 100.0], [-2.0, 0.0, 100.0], [0.0, 0.0, 1.0]], "bev": "bev_6124e1d2584a4a2da1da169021e6e6a9.png", "aux": "aux_6124e1d2584a4a2da1da169021e6e6a9.npz", "visibility": "visibility_6124e1d2584a4a2da1da169021e6e6a9.png", "pose": [[-0.33015722036361694, 0.9439259767532349, 0.0, 903.19482421875], [-0.9439259767532349, -0.33015722036361694, 0.0, 1513.9390869140625], [0.0, 0.0, 1.0, 0.0], [0.0, 0.0, 0.0, 1.0]], "pose_inverse": [[-0.33015722036361694, -0.9439259767532349, 0.0, 1727.24267578125], [0.9439259767532349, -0.33015722036361694, 0.0, -352.7111511230469], [0.0, 0.0, 1.0, 0.0], [0.0, 0.0, 0.0, 1.0]], "cam_ids": [0, 1, 2, 3, 4, 5], "cam_channels": ["CAM_FRONT_LEFT", "CAM_FRONT", "CAM_FRONT_RIGHT", "CAM_BACK_LEFT", "CAM_BACK", "CAM_BACK_RIGHT"], "token": "6124e1d2584a4a2da1da169021e6e6a9", "scene": "scene-0959"}, {"images": ["samples/CAM_FRONT_LEFT/n015-2018-09-26-11-17-24+0800__CAM_FRONT_LEFT__1537932283154844.jpg", "samples/CAM_FRONT/n015-2018-09-26-11-17-24+0800__CAM_FRONT__1537932283162460.jpg", "samples/CAM_FRONT_RIGHT/n015-2018-09-26-11-17-24+0800__CAM_FRONT_RIGHT__1537932283170339.jpg", "samples/CAM_BACK_LEFT/n015-2018-09-26-11-17-24+0800__CAM_BACK_LEFT__1537932283197423.jpg", "samples/CAM_BACK/n015-2018-09-26-11-17-24+0800__CAM_BACK__1537932283187530.jpg", "samples/CAM_BACK_RIGHT/n015-2018-09-26-11-17-24+0800__CAM_BACK_RIGHT__1537932283177893.jpg"], "intrinsics": [[[1272.5979470598488, 0.0, 826.6154927353808], [0.0, 1272.5979470598488, 479.75165386361925], [0.0, 0.0, 1.0]], [[1266.417203046554, 0.0, 816.2670197447984], [0.0, 1266.417203046554, 491.50706579294757], [0.0, 0.0, 1.0]], [[1260.8474446004698, 0.0, 807.968244525554], [0.0, 1260.8474446004698, 495.3344268742088], [0.0, 0.0, 1.0]], [[1256.7414812095406, 0.0, 792.1125740759628], [0.0, 1256.7414812095406, 492.7757465151356], [0.0, 0.0, 1.0]], [[809.2209905677063, 0.0, 829.2196003259838], [0.0, 809.2209905677063, 481.77842384512485], [0.0, 0.0, 1.0]], [[1259.5137405846733, 0.0, 807.2529053838625], [0.0, 1259.5137405846733, 501.19579884916527], [0.0, 0.0, 1.0]]], "extrinsics": [[[0.8228246569633484, -0.568196177482605, -0.01062039751559496, -0.8944091796875], [-0.019713683053851128, -0.009861181490123272, -0.9997569918632507, 1.5065593719482422], [0.5679532885551453, 0.8228340744972229, -0.019315261393785477, -1.2314453125], [0.0, 0.0, 0.0, 1.0]], [[0.009012357331812382, -0.999864399433136, 0.013781155459582806, 0.005706787109375], [-0.025033367797732353, -0.014002994634211063, -0.9995886087417603, 1.518768310546875], [0.9996459484100342, 0.008663643151521683, -0.02515617199242115, -1.6217041015625], [0.0, 0.0, 0.0, 1.0]], [[-0.8314878344535828, -0.55535489320755, 0.014458628371357918, 0.9866943359375], [-0.019498346373438835, 0.0031634378246963024, -0.9998049139976501, 1.5025672912597656], [0.5552006959915161, -0.831607460975647, -0.013458861038088799, -1.2178955078125], [0.0, 0.0, 0.0, 1.0]], [[0.9475781321525574, 0.31895458698272705, -0.019066231325268745, -1.1412353515625], [-0.010898805223405361, -0.02737218141555786, -0.9995658993721008, 1.5885400772094727], [-0.31933802366256714, 0.9473746418952942, -0.0224610585719347, -0.10394287109375], [0.0, 0.0, 0.0, 1.0]], [[0.0012277220375835896, 0.9998485445976257, -0.017363928258419037, 0.002838134765625], [-0.03627379983663559, -0.017307985574007034, -0.9991919994354248, 1.5786056518554688], [-0.9993410706520081, 0.0018565987702459097, 0.03624705597758293, -0.01904296875], [0.0, 0.0, 0.0, 1.0]], [[-0.9355058073997498, 0.3533008098602295, 0.0027370324824005365, 1.098876953125], [-0.0036333927419036627, -0.001873896922916174, -0.9999916553497314, 1.5513057708740234], [-0.35329267382621765, -0.9355079531669617, 0.0030367218423634768, -0.077789306640625], [0.0, 0.0, 0.0, 1.0]]], "view": [[0.0, -2.0, 100.0], [-2.0, 0.0, 100.0], [0.0, 0.0, 1.0]], "bev": "bev_c01efdb55774457a9e2a6e1c6a140b97.png", "aux": "aux_c01efdb55774457a9e2a6e1c6a140b97.npz", "visibility": "visibility_c01efdb55774457a9e2a6e1c6a140b97.png", "pose": [[-0.35465604066848755, 0.9349968433380127, 0.0, 902.9576416015625], [-0.9349968433380127, -0.35465604066848755, 0.0, 1513.2861328125], [0.0, 0.0, 1.0, 0.0], [0.0, 0.0, 0.0, 1.0]], "pose_inverse": [[-0.35465604066848755, -0.9349968433380127, 0.0, 1735.1571044921875], [0.9349968433380127, -0.35465604066848755, 0.0, -307.56646728515625], [0.0, 0.0, 1.0, 0.0], [0.0, 0.0, 0.0, 1.0]], "cam_ids": [0, 1, 2, 3, 4, 5], "cam_channels": ["CAM_FRONT_LEFT", "CAM_FRONT", "CAM_FRONT_RIGHT", "CAM_BACK_LEFT", "CAM_BACK", "CAM_BACK_RIGHT"], "token": "c01efdb55774457a9e2a6e1c6a140b97", "scene": "scene-0959"}, {"images": ["samples/CAM_FRONT_LEFT/n015-2018-09-26-11-17-24+0800__CAM_FRONT_LEFT__1537932283604844.jpg", "samples/CAM_FRONT/n015-2018-09-26-11-17-24+0800__CAM_FRONT__1537932283612460.jpg", "samples/CAM_FRONT_RIGHT/n015-2018-09-26-11-17-24+0800__CAM_FRONT_RIGHT__1537932283620339.jpg", "samples/CAM_BACK_LEFT/n015-2018-09-26-11-17-24+0800__CAM_BACK_LEFT__1537932283647423.jpg", "samples/CAM_BACK/n015-2018-09-26-11-17-24+0800__CAM_BACK__1537932283637525.jpg", "samples/CAM_BACK_RIGHT/n015-2018-09-26-11-17-24+0800__CAM_BACK_RIGHT__1537932283627893.jpg"], "intrinsics": [[[1272.5979470598488, 0.0, 826.6154927353808], [0.0, 1272.5979470598488, 479.75165386361925], [0.0, 0.0, 1.0]], [[1266.417203046554, 0.0, 816.2670197447984], [0.0, 1266.417203046554, 491.50706579294757], [0.0, 0.0, 1.0]], [[1260.8474446004698, 0.0, 807.968244525554], [0.0, 1260.8474446004698, 495.3344268742088], [0.0, 0.0, 1.0]], [[1256.7414812095406, 0.0, 792.1125740759628], [0.0, 1256.7414812095406, 492.7757465151356], [0.0, 0.0, 1.0]], [[809.2209905677063, 0.0, 829.2196003259838], [0.0, 809.2209905677063, 481.77842384512485], [0.0, 0.0, 1.0]], [[1259.5137405846733, 0.0, 807.2529053838625], [0.0, 1259.5137405846733, 501.19579884916527], [0.0, 0.0, 1.0]]], "extrinsics": [[[0.8234749436378479, -0.567218005657196, -0.012358317151665688, -0.868408203125], [-0.023072505369782448, -0.01171586848795414, -0.9996651411056519, 1.5055274963378906], [0.5668832659721375, 0.8234843015670776, -0.022734863683581352, -1.2132568359375], [0.0, 0.0, 0.0, 1.0]], [[0.010050743818283081, -0.9998286962509155, 0.015537407249212265, 0.0057830810546875], [-0.028482923284173012, -0.015818141400814056, -0.9994691014289856, 1.5177688598632812], [0.9995437264442444, 0.009602903388440609, -0.028637031093239784, -1.5955810546875], [0.0, 0.0, 0.0, 1.0]], [[-0.8310108184814453, -0.5559520721435547, 0.018390577286481857, 0.969482421875], [-0.0230571199208498, 0.0013940870994701982, -0.9997331500053406, 1.5019073486328125], [0.5557781457901001, -0.831213116645813, -0.013977154158055782, -1.2069091796875], [0.0, 0.0, 0.0, 1.0]], [[0.9474804401397705, 0.31896641850471497, -0.023263001814484596, -1.1387939453125], [-0.014721867628395557, -0.02916264347732067, -0.9994662404060364, 1.5885009765625], [-0.31947457790374756, 0.9473171830177307, -0.022935254499316216, -0.1048583984375], [0.0, 0.0, 0.0, 1.0]], [[0.0008653122349642217, 0.99981689453125, -0.019113902002573013, 0.002838134765625], [-0.04000256583094597, -0.019064001739025116, -0.9990177154541016, 1.57818603515625], [-0.9991992115974426, 0.0016290521016344428, 0.0399787463247776, -0.0274658203125], [0.0, 0.0, 0.0, 1.0]], [[-0.9356822967529297, 0.3527999818325043, 0.005534902215003967, 1.0848388671875], [-0.007277651224285364, -0.003613522741943598, -0.9999669790267944, 1.5510549545288086], [-0.35276830196380615, -0.9356918334960938, 0.005948664154857397, -0.0831298828125], [0.0, 0.0, 0.0, 1.0]]], "view": [[0.0, -2.0, 100.0], [-2.0, 0.0, 100.0], [0.0, 0.0, 1.0]], "bev": "bev_9c95771a7c124d398ed2191fb73ad74a.png", "aux": "aux_9c95771a7c124d398ed2191fb73ad74a.npz", "visibility": "visibility_9c95771a7c124d398ed2191fb73ad74a.png", "pose": [[-0.3990526497364044, 0.9169279932975769, 0.0, 902.5402221679688], [-0.9169279932975769, -0.3990526497364044, 0.0, 1512.2587890625], [0.0, 0.0, 1.0, 0.0], [0.0, 0.0, 0.0, 1.0]], "pose_inverse": [[-0.3990526497364044, -0.9169279932975769, 0.0, 1746.79345703125], [0.9169279932975769, -0.3990526497364044, 0.0, -224.0935516357422], [0.0, 0.0, 1.0, 0.0], [0.0, 0.0, 0.0, 1.0]], "cam_ids": [0, 1, 2, 3, 4, 5], "cam_channels": ["CAM_FRONT_LEFT", "CAM_FRONT", "CAM_FRONT_RIGHT", "CAM_BACK_LEFT", "CAM_BACK", "CAM_BACK_RIGHT"], "token": "9c95771a7c124d398ed2191fb73ad74a", "scene": "scene-0959"}, {"images": ["samples/CAM_FRONT_LEFT/n015-2018-09-26-11-17-24+0800__CAM_FRONT_LEFT__1537932284154844.jpg", "samples/CAM_FRONT/n015-2018-09-26-11-17-24+0800__CAM_FRONT__1537932284162460.jpg", "samples/CAM_FRONT_RIGHT/n015-2018-09-26-11-17-24+0800__CAM_FRONT_RIGHT__1537932284170339.jpg", "samples/CAM_BACK_LEFT/n015-2018-09-26-11-17-24+0800__CAM_BACK_LEFT__1537932284197423.jpg", "samples/CAM_BACK/n015-2018-09-26-11-17-24+0800__CAM_BACK__1537932284187525.jpg", "samples/CAM_BACK_RIGHT/n015-2018-09-26-11-17-24+0800__CAM_BACK_RIGHT__1537932284177893.jpg"], "intrinsics": [[[1272.5979470598488, 0.0, 826.6154927353808], [0.0, 1272.5979470598488, 479.75165386361925], [0.0, 0.0, 1.0]], [[1266.417203046554, 0.0, 816.2670197447984], [0.0, 1266.417203046554, 491.50706579294757], [0.0, 0.0, 1.0]], [[1260.8474446004698, 0.0, 807.968244525554], [0.0, 1260.8474446004698, 495.3344268742088], [0.0, 0.0, 1.0]], [[1256.7414812095406, 0.0, 792.1125740759628], [0.0, 1256.7414812095406, 492.7757465151356], [0.0, 0.0, 1.0]], [[809.2209905677063, 0.0, 829.2196003259838], [0.0, 809.2209905677063, 481.77842384512485], [0.0, 0.0, 1.0]], [[1259.5137405846733, 0.0, 807.2529053838625], [0.0, 1259.5137405846733, 501.19579884916527], [0.0, 0.0, 1.0]]], "extrinsics": [[[0.8244005441665649, -0.5659242272377014, -0.009672184474766254, -0.8551025390625], [-0.021124551072716713, -0.013687292113900185, -0.999683141708374, 1.5053901672363281], [0.5656124949455261, 0.8243436813354492, -0.023238705471158028, -1.20306396484375], [0.0, 0.0, 0.0, 1.0]], [[0.011338291689753532, -0.9997829794883728, 0.0174762811511755, 0.005218505859375], [-0.02632758766412735, -0.017769830301404, -0.9994954466819763, 1.5176048278808594], [0.9995889663696289, 0.010872432962059975, -0.026523353531956673, -1.581787109375], [0.0, 0.0, 0.0, 1.0]], [[-0.8304732441902161, -0.556783139705658, 0.01751388981938362, 0.9609375], [-0.02072259597480297, -0.000539818312972784, -0.9997850656509399, 1.5018692016601562], [0.5566728711128235, -0.8306576609611511, -0.011089686304330826, -1.2015380859375], [0.0, 0.0, 0.0, 1.0]], [[0.9475510120391846, 0.31890586018562317, -0.021126659587025642, -1.141845703125], [-0.011843068525195122, -0.031021999195218086, -0.9994485378265381, 1.5885467529296875], [-0.3193853497505188, 0.9472785592079163, -0.02561810240149498, -0.1038818359375], [0.0, 0.0, 0.0, 1.0]], [[0.0005393363535404205, 0.99