[{"images": ["samples/CAM_FRONT_LEFT/n015-2018-11-21-19-38-26+0800__CAM_FRONT_LEFT__1542800987904844.jpg", "samples/CAM_FRONT/n015-2018-11-21-19-38-26+0800__CAM_FRONT__1542800987912460.jpg", "samples/CAM_FRONT_RIGHT/n015-2018-11-21-19-38-26+0800__CAM_FRONT_RIGHT__1542800987920339.jpg", "samples/CAM_BACK_LEFT/n015-2018-11-21-19-38-26+0800__CAM_BACK_LEFT__1542800987947423.jpg", "samples/CAM_BACK/n015-2018-11-21-19-38-26+0800__CAM_BACK__1542800987937525.jpg", "samples/CAM_BACK_RIGHT/n015-2018-11-21-19-38-26+0800__CAM_BACK_RIGHT__1542800987927893.jpg"], "intrinsics": [[[1272.5979470598488, 0.0, 826.6154927353808], [0.0, 1272.5979470598488, 479.75165386361925], [0.0, 0.0, 1.0]], [[1266.417203046554, 0.0, 816.2670197447984], [0.0, 1266.417203046554, 491.50706579294757], [0.0, 0.0, 1.0]], [[1260.8474446004698, 0.0, 807.968244525554], [0.0, 1260.8474446004698, 495.3344268742088], [0.0, 0.0, 1.0]], [[1256.7414812095406, 0.0, 792.1125740759628], [0.0, 1256.7414812095406, 492.7757465151356], [0.0, 0.0, 1.0]], [[809.2209905677063, 0.0, 829.2196003259838], [0.0, 809.2209905677063, 481.77842384512485], [0.0, 0.0, 1.0]], [[1259.5137405846733, 0.0, 807.2529053838625], [0.0, 1259.5137405846733, 501.19579884916527], [0.0, 0.0, 1.0]]], "extrinsics": [[[0.8194167017936707, -0.5720191597938538, -0.03674669936299324, -0.9649658203125], [-0.049845851957798004, -0.007245334796607494, -0.9987306594848633, 1.5082473754882812], [0.5710268020629883, 0.8202081918716431, -0.034449733793735504, -1.2802734375], [0.0, 0.0, 0.0, 1.0]], [[0.005318670999258757, -0.9999251365661621, 0.011013819836080074, 0.0050601959228515625], [-0.05513899773359299, -0.011290472000837326, -0.9984148740768433, 1.5205307006835938], [0.9984644651412964, 0.004702962003648281, -0.0551949217915535, -1.6920166015625], [0.0, 0.0, 0.0, 1.0]], [[-0.8325743675231934, -0.5526087284088135, 0.037992656230926514, 1.0322265625], [-0.04950997605919838, 0.005927052348852158, -0.9987560510635376, 1.5036544799804688], [0.5516961216926575, -0.833419680595398, -0.03229435533285141, -1.24884033203125], [0.0, 0.0, 0.0, 1.0]], [[0.9469053745269775, 0.3181299865245819, -0.0465150848031044, -1.1422119140625], [-0.040856651961803436, -0.024439550936222076, -0.998866081237793, 1.5885543823242188], [-0.3189060091972351, 0.9477320313453674, -0.010144216008484364, -0.103729248046875], [0.0, 0.0, 0.0, 1.0]], [[0.0026064275298267603, 0.9998900294303894, -0.014598866924643517, 0.00266265869140625], [-0.06625134497880936, -0.01439418364316225, -0.9976992011070251, 1.5793609619140625], [-0.9977995753288269, 0.0035675829276442528, 0.06620653718709946, 0.001708984375], [0.0, 0.0, 0.0, 1.0]], [[-0.9340251684188843, 0.3557914197444916, 0.03177088499069214, 1.13623046875], [-0.03365078568458557, 0.0009055607370100915, -0.9994332194328308, 1.5514450073242188], [-0.35561859607696533, -0.9345649480819702, 0.011126847937703133, -0.0635986328125], [0.0, 0.0, 0.0, 1.0]]], "view": [[0.0, -2.0, 100.0], [-2.0, 0.0, 100.0], [0.0, 0.0, 1.0]], "bev": "bev_a480496a5988410fbe3d8ed6c84da996.png", "aux": "aux_a480496a5988410fbe3d8ed6c84da996.npz", "visibility": "visibility_a480496a5988410fbe3d8ed6c84da996.png", "pose": [[-0.8379987478256226, 0.5456721186637878, 0.0, 1321.3907470703125], [-0.5456721186637878, -0.8379987478256226, 0.0, 903.7547607421875], [0.0, 0.0, 1.0, 0.0], [0.0, 0.0, 0.0, 1.0]], "pose_inverse": [[-0.8379987478256226, -0.5456721186637878, 0.0, 1600.4775390625], [0.5456721186637878, -0.8379987478256226, 0.0, 36.29926681518555], [0.0, 0.0, 1.0, 0.0], [0.0, 0.0, 0.0, 1.0]], "cam_ids": [0, 1, 2, 3, 4, 5], "cam_channels": ["CAM_FRONT_LEFT", "CAM_FRONT", "CAM_FRONT_RIGHT", "CAM_BACK_LEFT", "CAM_BACK", "CAM_BACK_RIGHT"], "token": "a480496a5988410fbe3d8ed6c84da996", "scene": "scene-1100"}, {"images": ["samples/CAM_FRONT_LEFT/n015-2018-11-21-19-38-26+0800__CAM_FRONT_LEFT__1542800988404844.jpg", "samples/CAM_FRONT/n015-2018-11-21-19-38-26+0800__CAM_FRONT__1542800988412460.jpg", "samples/CAM_FRONT_RIGHT/n015-2018-11-21-19-38-26+0800__CAM_FRONT_RIGHT__1542800988420339.jpg", "samples/CAM_BACK_LEFT/n015-2018-11-21-19-38-26+0800__CAM_BACK_LEFT__1542800988447423.jpg", "samples/CAM_BACK/n015-2018-11-21-19-38-26+0800__CAM_BACK__1542800988437525.jpg", "samples/CAM_BACK_RIGHT/n015-2018-11-21-19-38-26+0800__CAM_BACK_RIGHT__1542800988427893.jpg"], "intrinsics": [[[1272.5979470598488, 0.0, 826.6154927353808], [0.0, 1272.5979470598488, 479.75165386361925], [0.0, 0.0, 1.0]], [[1266.417203046554, 0.0, 816.2670197447984], [0.0, 1266.417203046554, 491.50706579294757], [0.0, 0.0, 1.0]], [[1260.8474446004698, 0.0, 807.968244525554], [0.0, 1260.8474446004698, 495.3344268742088], [0.0, 0.0, 1.0]], [[1256.7414812095406, 0.0, 792.1125740759628], [0.0, 1256.7414812095406, 492.7757465151356], [0.0, 0.0, 1.0]], [[809.2209905677063, 0.0, 829.2196003259838], [0.0, 809.2209905677063, 481.77842384512485], [0.0, 0.0, 1.0]], [[1259.5137405846733, 0.0, 807.2529053838625], [0.0, 1259.5137405846733, 501.19579884916527], [0.0, 0.0, 1.0]]], "extrinsics": [[[0.8194277286529541, -0.5719997882843018, -0.03679993748664856, -0.9647216796875], [-0.04991636797785759, -0.007254841271787882, -0.9987270832061768, 1.5082473754882812], [0.5710046887397766, 0.8202216625213623, -0.03449697047472, -1.2801513671875], [0.0, 0.0, 0.0, 1.0]], [[0.0053384494967758656, -0.9999248385429382, 0.01103209424763918, 0.00505828857421875], [-0.05521093308925629, -0.011310150846838951, -0.998410701751709, 1.5205230712890625], [0.9984604120254517, 0.004720907658338547, -0.05526715889573097, -1.692138671875], [0.0, 0.0, 0.0, 1.0]], [[-0.8325641751289368, -0.552618682384491, 0.038070324808359146, 1.0322265625], [-0.049583759158849716, 0.005897072143852711, -0.9987525343894958, 1.5036468505859375], [0.5517048239707947, -0.833413302898407, -0.0323106050491333, -1.2486572265625], [0.0, 0.0, 0.0, 1.0]], [[0.946902871131897, 0.31812798976898193, -0.04657755047082901, -1.1422119140625], [-0.04091484472155571, -0.024462508037686348, -0.9988631010055542, 1.5885467529296875], [-0.31890568137168884, 0.9477320909500122, -0.010147461667656898, -0.103668212890625], [0.0, 0.0, 0.0, 1.0]], [[0.002601659158244729, 0.9998896718025208, -0.014628968201577663, 0.002834320068359375], [-0.06631235033273697, -0.014424310065805912, -0.9976946115493774, 1.5793609619140625], [-0.9977954626083374, 0.003565828548744321, 0.06626749783754349, 0.001708984375], [0.0, 0.0, 0.0, 1.0]], [[-0.9340258240699768, 0.35578468441963196, 0.031826943159103394, 1.1361083984375], [-0.03372209146618843, 0.0008755953749641776, -0.9994308948516846, 1.5514450073242188], [-0.35561010241508484, -0.9345675706863403, 0.011179977096617222, -0.0635986328125], [0.0, 0.0, 0.0, 1.0]]], "view": [[0.0, -2.0, 100.0], [-2.0, 0.0, 100.0], [0.0, 0.0, 1.0]], "bev": "bev_b993550e60054741983f8052ba97b0b0.png", "aux": "aux_b993550e60054741983f8052ba97b0b0.npz", "visibility": "visibility_b993550e60054741983f8052ba97b0b0.png", "pose": [[-0.8379358053207397, 0.5457687973976135, 0.0, 1321.3902587890625], [-0.5457687973976135, -0.8379358053207397, 0.0, 903.7549438476562], [0.0, 0.0, 1.0, 0.0], [0.0, 0.0, 0.0, 1.0]], "pose_inverse": [[-0.8379358053207397, -0.5457687973976135, 0.0, 1600.4814453125], [0.5457687973976135, -0.8379358053207397, 0.0, 36.11503219604492], [0.0, 0.0, 1.0, 0.0], [0.0, 0.0, 0.0, 1.0]], "cam_ids": [0, 1, 2, 3, 4, 5], "cam_channels": ["CAM_FRONT_LEFT", "CAM_FRONT", "CAM_FRONT_RIGHT", "CAM_BACK_LEFT", "CAM_BACK", "CAM_BACK_RIGHT"], "token": "b993550e60054741983f8052ba97b0b0", "scene": "scene-1100"}, {"images": ["samples/CAM_FRONT_LEFT/n015-2018-11-21-19-38-26+0800__CAM_FRONT_LEFT__1542800988904844.jpg", "samples/CAM_FRONT/n015-2018-11-21-19-38-26+0800__CAM_FRONT__1542800988912460.jpg", "samples/CAM_FRONT_RIGHT/n015-2018-11-21-19-38-26+0800__CAM_FRONT_RIGHT__1542800988920339.jpg", "samples/CAM_BACK_LEFT/n015-2018-11-21-19-38-26+0800__CAM_BACK_LEFT__1542800988947423.jpg", "samples/CAM_BACK/n015-2018-11-21-19-38-26+0800__CAM_BACK__1542800988937525.jpg", "samples/CAM_BACK_RIGHT/n015-2018-11-21-19-38-26+0800__CAM_BACK_RIGHT__1542800988927893.jpg"], "intrinsics": [[[1272.5979470598488, 0.0, 826.6154927353808], [0.0, 1272.5979470598488, 479.75165386361925], [0.0, 0.0, 1.0]], [[1266.417203046554, 0.0, 816.2670197447984], [0.0, 1266.417203046554, 491.50706579294757], [0.0, 0.0, 1.0]], [[1260.8474446004698, 0.0, 807.968244525554], [0.0, 1260.8474446004698, 495.3344268742088], [0.0, 0.0, 1.0]], [[1256.7414812095406, 0.0, 792.1125740759628], [0.0, 1256.7414812095406, 492.7757465151356], [0.0, 0.0, 1.0]], [[809.2209905677063, 0.0, 829.2196003259838], [0.0, 809.2209905677063, 481.77842384512485], [0.0, 0.0, 1.0]], [[1259.5137405846733, 0.0, 807.2529053838625], [0.0, 1259.5137405846733, 501.19579884916527], [0.0, 0.0, 1.0]]], "extrinsics": [[[0.8194327354431152, -0.5719937086105347, -0.03678800165653229, -0.9649658203125], [-0.049917176365852356, -0.007277355529367924, -0.9987268447875977, 1.5082473754882812], [0.5709976553916931, 0.8202257752418518, -0.034515608102083206, -1.2802734375], [0.0, 0.0, 0.0, 1.0]], [[0.0053450968116521835, -0.9999246597290039, 0.01105029322206974, 0.0050449371337890625], [-0.05521944910287857, -0.011328731663525105, -0.9984099864959717, 1.5205230712890625], [0.9984599351882935, 0.00472642807289958, -0.05527583882212639, -1.692138671875], [0.0, 0.0, 0.0, 1.0]], [[-0.8325613737106323, -0.5526216626167297, 0.03809202462434769, 1.0323486328125], [-0.04960037022829056, 0.005882635246962309, -0.9987518191337585, 1.5036468505859375], [0.5517077445983887, -0.8334115147590637, -0.03230789303779602, -1.2486572265625], [0.0, 0.0, 0.0, 1.0]], [[0.9469022154808044, 0.3181265890598297, -0.04660212621092796, -1.142333984375], [-0.04093725606799126, -0.02447301149368286, -0.9988619685173035, 1.5885543823242188], [-0.3189050257205963, 0.9477323889732361, -0.01015031710267067, -0.103729248046875], [0.0, 0.0, 0.0, 1.0]], [[0.00260089966468513, 0.9998895525932312, -0.014635784551501274, 0.002811431884765625], [-0.06632100045681, -0.014431137591600418, -0.9976939558982849, 1.5793533325195312], [-0.9977949261665344, 0.0035655004903674126, 0.06627614051103592, 0.0015869140625], [0.0, 0.0, 0.0, 1.0]], [[-0.9340263605117798, 0.35578298568725586, 0.03183063864707947, 1.1361083984375], [-0.03373056277632713, 0.00086366874165833, -0.9994305968284607, 1.5514488220214844], [-0.3556079864501953, -0.9345682263374329, 0.011194072663784027, -0.0635986328125], [0.0, 0.0, 0.0, 1.0]]], "view": [[0.0, -2.0, 100.0], [-2.0, 0.0, 100.0], [0.0, 0.0, 1.0]], "bev": "bev_61cfc5554a724824b0d34bddc147d890.png", "aux": "aux_61cfc5554a724824b0d34bddc147d890.npz", "visibility": "visibility_61cfc5554a724824b0d34bddc147d890.png", "pose": [[-0.8379461765289307, 0.5457529425621033, 0.0, 1321.3900146484375], [-0.5457529425621033, -0.8379461765289307, 0.0, 903.7552490234375], [0.0, 0.0, 1.0, 0.0], [0.0, 0.0, 0.0, 1.0]], "pose_inverse": [[-0.8379461765289307, -0.5457529425621033, 0.0, 1600.480712890625], [0.5457529425621033, -0.8379461765289307, 0.0, 36.145782470703125], [0.0, 0.0, 1.0, 0.0], [0.0, 0.0, 0.0, 1.0]], "cam_ids": [0, 1, 2, 3, 4, 5], "cam_channels": ["CAM_FRONT_LEFT", "CAM_FRONT", "CAM_FRONT_RIGHT", "CAM_BACK_LEFT", "CAM_BACK", "CAM_BACK_RIGHT"], "token": "61cfc5554a724824b0d34bddc147d890", "scene": "scene-1100"}, {"images": ["samples/CAM_FRONT_LEFT/n015-2018-11-21-19-38-26+0800__CAM_FRONT_LEFT__1542800989404844.jpg", "samples/CAM_FRONT/n015-2018-11-21-19-38-26+0800__CAM_FRONT__1542800989412460.jpg", "samples/CAM_FRONT_RIGHT/n015-2018-11-21-19-38-26+0800__CAM_FRONT_RIGHT__1542800989420339.jpg", "samples/CAM_BACK_LEFT/n015-2018-11-21-19-38-26+0800__CAM_BACK_LEFT__1542800989447423.jpg", "samples/CAM_BACK/n015-2018-11-21-19-38-26+0800__CAM_BACK__1542800989437525.jpg", "samples/CAM_BACK_RIGHT/n015-2018-11-21-19-38-26+0800__CAM_BACK_RIGHT__1542800989427893.jpg"], "intrinsics": [[[1272.5979470598488, 0.0, 826.6154927353808], [0.0, 1272.5979470598488, 479.75165386361925], [0.0, 0.0, 1.0]], [[1266.417203046554, 0.0, 816.2670197447984], [0.0, 1266.417203046554, 491.50706579294757], [0.0, 0.0, 1.0]], [[1260.8474446004698, 0.0, 807.968244525554], [0.0, 1260.8474446004698, 495.3344268742088], [0.0, 0.0, 1.0]], [[1256.7414812095406, 0.0, 792.1125740759628], [0.0, 1256.7414812095406, 492.7757465151356], [0.0, 0.0, 1.0]], [[809.2209905677063, 0.0, 829.2196003259838], [0.0, 809.2209905677063, 481.77842384512485], [0.0, 0.0, 1.0]], [[1259.5137405846733, 0.0, 807.2529053838625], [0.0, 1259.5137405846733, 501.19579884916527], [0.0, 0.0, 1.0]]], "extrinsics": [[[0.819429337978363, -0.5719984769821167, -0.03678841516375542, -0.96484375], [-0.04987292364239693, -0.007212695199996233, -0.9987295269966125, 1.5082550048828125], [0.5710063576698303, 0.8202229738235474, -0.03443752974271774, -1.28021240234375], [0.0, 0.0, 0.0, 1.0]], [[0.005336375907063484, -0.9999253749847412, 0.010986650362610817, 0.0050678253173828125], [-0.05515923351049423, -0.011264420114457607, -0.9984140396118164, 1.520538330078125], [0.9984633326530457, 0.004721914418041706, -0.05521522834897041, -1.6922607421875], [0.0, 0.0, 0.0, 1.0]], [[-0.8325681686401367, -0.5526180863380432, 0.03799276426434517, 1.0323486328125], [-0.04952343925833702, 0.00594654306769371, -0.9987552165985107, 1.5036544799804688], [0.5517041683197021, -0.8334134221076965, -0.03231844678521156, -1.24859619140625], [0.0, 0.0, 0.0, 1.0]], [[0.946905791759491, 0.3181300461292267, -0.04650389030575752, -1.1419677734375], [-0.04085404425859451, -0.024412212893366814, -0.998866856098175, 1.58856201171875], [-0.3189048171043396, 0.9477328658103943, -0.010119165293872356, -0.1036376953125], [0.0, 0.0, 0.0, 1.0]], [[0.002604073379188776, 0.9998903870582581, -0.01457910519093275, 0.00281524658203125], [-0.06624628603458405, -0.014374635182321072, -0.9976997375488281, 1.5793685913085938], [-0.9977999329566956, 0.003563855541869998, 0.0662015825510025, 0.001708984375], [0.0, 0.0, 0.0, 1.0]], [[-0.9340267181396484, 0.35578641295433044, 0.03178175911307335, 1.135986328125], [-0.03365549072623253, 0.000923628977034241, -0.9994330406188965, 1.5514488220214844], [-0.35561403632164, -0.9345669150352478, 0.011111470870673656, -0.06365966796875], [0.0, 0.0, 0.0, 1.0]]], "view": [[0.0, -2.0, 100.0], [-2.0, 0.0, 100.0], [0.0, 0.0, 1.0]], "bev": "bev_dc4c80e8a1534ff8a3eb80307341161c.png", "aux": "aux_dc4c80e8a1534ff8a3eb80307341161c.npz", "visibility": "visibility_dc4c80e8a1534ff8a3eb80307341161c.png", "pose": [[-0.8379486799240112, 0.5457490682601929, 0.0, 1321.389892578125], [-0.5457490682601929, -0.8379486799240112, 0.0, 903.755615234375], [0.0, 0.0, 1.0, 0.0], [0.0, 0.0, 0.0, 1.0]], "pose_inverse": [[-0.8379486799240112, -0.5457490682601929, 0.0, 1600.480712890625], [0.5457490682601929, -0.8379486799240112, 0.0, 36.153526306152344], [0.0, 0.0, 1.0, 0.0], [0.0, 0.0, 0.0, 1.0]], "cam_ids": [0, 1, 2, 3, 4, 5], "cam_channels": ["CAM_FRONT_LEFT", "CAM_FRONT", "CAM_FRONT_RIGHT", "CAM_BACK_LEFT", "CAM_BACK", "CAM_BACK_RIGHT"], "token": "dc4c80e8a1534ff8a3eb80307341161c", "scene": "scene-1100"}, {"images": ["samples/CAM_FRONT_LEFT/n015-2018-11-21-19-38-26+0800__CAM_FRONT_LEFT__1542800989904844.jpg", "samples/CAM_FRONT/n015-2018-11-21-19-38-26+0800__CAM_FRONT__1542800989912460.jpg", "samples/CAM_FRONT_RIGHT/n015-2018-11-21-19-38-26+0800__CAM_FRONT_RIGHT__1542800989920339.jpg", "samples/CAM_BACK_LEFT/n015-2018-11-21-19-38-26+0800__CAM_BACK_LEFT__1542800989947423.jpg", "samples/CAM_BACK/n015-2018-11-21-19-38-26+0800__CAM_BACK__1542800989937525.jpg", "samples/CAM_BACK_RIGHT/n015-2018-11-21-19-38-26+0800__CAM_BACK_RIGHT__1542800989927893.jpg"], "intrinsics": [[[1272.5979470598488, 0.0, 826.6154927353808], [0.0, 1272.5979470598488, 479.75165386361925], [0.0, 0.0, 1.0]], [[1266.417203046554, 0.0, 816.2670197447984], [0.0, 1266.417203046554, 491.50706579294757], [0.0, 0.0, 1.0]], [[1260.8474446004698, 0.0, 807.968244525554], [0.0, 1260.8474446004698, 495.3344268742088], [0.0, 0.0, 1.0]], [[1256.7414812095406, 0.0, 792.1125740759628], [0.0, 1256.7414812095406, 492.7757465151356], [0.0, 0.0, 1.0]], [[809.2209905677063, 0.0, 829.2196003259838], [0.0, 809.2209905677063, 481.77842384512485], [0.0, 0.0, 1.0]], [[1259.5137405846733, 0.0, 807.2529053838625], [0.0, 1259.5137405846733, 501.19579884916527], [0.0, 0.0, 1.0]]], "extrinsics": [[[0.8194301128387451, -0.5719999670982361, -0.036746323108673096, -0.9649658203125], [-0.04982758313417435, -0.0072211637161672115, -0.9987317323684692, 1.5082626342773438], [0.5710091590881348, 0.8202217817306519, -0.03441861271858215, -1.28021240234375], [0.0, 0.0, 0.0, 1.0]], [[0.0053361644968390465, -0.9999252557754517, 0.010992198251187801, 0.0051555633544921875], [-0.05511358752846718, -0.011269730515778065, -0.9984164834022522, 1.5205307006835938], [0.9984657168388367, 0.004721950273960829, -0.05516960844397545, -1.6922607421875], [0.0, 0.0, 0.0, 1.0]], [[-0.8325678706169128, -0.552621066570282, 0.03795551881194115, 1.032470703125], [-0.049477484077215195, 0.005944416858255863, -0.998757541179657, 1.5036544799804688], [0.5517088770866394, -0.833411455154419, -0.03229143097996712, -1.2489013671875], [0.0, 0.0, 0.0, 1.0]], [[0.946907103061676, 0.3181317150592804, -0.04646601155400276, -1.142333984375], [-0.04081515222787857, -0.024408988654613495, -0.9988685250282288, 1.5885543823242188], [-0.31890591979026794, 0.9477322101593018, -0.010128453373908997, -0.10369873046875], [0.0, 0.0, 0.0, 1.0]], [[0.0026014053728431463, 0.9998903870582581, -0.014573204331099987, 0.002849578857421875], [-0.06620785593986511, -0.01436905562877655, -0.9977023601531982, 1.5793609619140625], [-0.9978024959564209, 0.0035603337455540895, 0.06616321951150894, 0.001953125], [0.0, 0.0, 0.0, 1.0]], [[-0.9340302348136902, 0.3557812571525574, 0.03173735365271568, 1.13623046875], [-0.033607080578804016, 0.0009257963392883539, -0.9994347095489502, 1.5514450073242188], [-0.35560956597328186, -0.9345688223838806, 0.01109204813838005, -0.06353759765625], [0.0, 0.0, 0.0, 1.0]]], "view": [[0.0, -2.0, 100.0], [-2.0, 0.0, 100.0], [0.0, 0.0, 1.0]], "bev": "bev_c36e8482feb041de9f081e76396cf4fe.png", "aux": "aux_c36e8482feb041de9f081e76396cf4fe.npz", "visibility": "visibility_c36e8482feb041de9f081e76396cf4fe.png", "pose": [[-0.837971031665802, 0.5457146763801575, 0.0, 1321.3897705078125], [-0.5457146763801575, -0.837971031665802, 0.0, 903.755859375], [0.0, 0.0, 1.0, 0.0], [0.0, 0.0, 0.0, 1.0]], "pose_inverse": [[-0.837971031665802, -0.5457146763801575, 0.0, 1600.479248046875], [0.5457146763801575, -0.837971031665802, 0.0, 36.21940612792969], [0.0, 0.0, 1.0, 0.0], [0.0, 0.0, 0.0, 1.0]], "cam_ids": [0, 1, 2, 3, 4, 5], "cam_channels": ["CAM_FRONT_LEFT", "CAM_FRONT", "CAM_FRONT_RIGHT", "CAM_BACK_LEFT", "CAM_BACK", "CAM_BACK_RIGHT"], "token": "c36e8482feb041de9f081e76396cf4fe", "scene": "scene-1100"}, {"images": ["samples/CAM_FRONT_LEFT/n015-2018-11-21-19-38-26+0800__CAM_FRONT_LEFT__1542800990404844.jpg", "samples/CAM_FRONT/n015-2018-11-21-19-38-26+0800__CAM_FRONT__1542800990412460.jpg", "samples/CAM_FRONT_RIGHT/n015-2018-11-21-19-38-26+0800__CAM_FRONT_RIGHT__1542800990420339.jpg", "samples/CAM_BACK_LEFT/n015-2018-11-21-19-38-26+0800__CAM_BACK_LEFT__1542800990447423.jpg", "samples/CAM_BACK/n015-2018-11-21-19-38-26+0800__CAM_BACK__1542800990437525.jpg", "samples/CAM_BACK_RIGHT/n015-2018-11-21-19-38-26+0800__CAM_BACK_RIGHT__1542800990427893.jpg"], "intrinsics": [[[1272.5979470598488, 0.0, 826.6154927353808], [0.0, 1272.5979470598488, 479.75165386361925], [0.0, 0.0, 1.0]], [[1266.417203046554, 0.0, 816.2670197447984], [0.0, 1266.417203046554, 491.50706579294757], [0.0, 0.0, 1.0]], [[1260.8474446004698, 0.0, 807.968244525554], [0.0, 1260.8474446004698, 495.3344268742088], [0.0, 0.0, 1.0]], [[1256.7414812095406, 0.0, 792.1125740759628], [0.0, 1256.7414812095406, 492.7757465151356], [0.0, 0.0, 1.0]], [[809.2209905677063, 0.0, 829.2196003259838], [0.0, 809.2209905677063, 481.77842384512485], [0.0, 0.0, 1.0]], [[1259.5137405846733, 0.0, 807.2529053838625], [0.0, 1259.5137405846733, 501.19579884916527], [0.0, 0.0, 1.0]]], "extrinsics": [[[0.8194349408149719, -0.5719940066337585, -0.03673270344734192, -0.9647216796875], [-0.04980414733290672, -0.007211774121969938, -0.9987329840660095, 1.5082473754882812], [0.571004331111908, 0.8202260732650757, -0.034397248178720474, -1.28009033203125], [0.0, 0.0, 0.0, 1.0]], [[0.005342843942344189, -0.9999253153800964, 0.010984577238559723, 0.005115509033203125], [-0.05508711189031601, -0.011262361891567707, -0.9984180331230164, 1.5205307006835938], [0.998467206954956, 0.004729257430881262, -0.055143170058727264, -1.692138671875], [0.0, 0.0, 0.0, 1.0]], [[-0.83256596326828, -0.5526259541511536, 0.037927739322185516, 1.0323486328125], [-0.04944799095392227, 0.005949841812252998, -0.9987589120864868, 1.5036468505859375], [0.5517144799232483, -0.8334081172943115, -0.03227987512946129, -1.2486572265625], [0.0, 0.0, 0.0, 1.0]], [[0.9469082951545715, 0.31813353300094604, -0.046430815011262894, -1.142333984375], [-0.04078421741724014, -0.024390529841184616, -0.9988702535629272, 1.5885467529296875], [-0.3189065754413605, 0.9477320909500122, -0.010120769962668419, -0.103759765625], [0.0, 0.0, 0.0, 1.0]], [[0.0025996780022978783, 0.9998907446861267, -0.014554660767316818, 0.002685546875], [-0.06617139279842377, -0.01435080450028181, -0.9977051019668579, 1.5793609619140625], [-0.9978049397468567, 0.003556745359674096, 0.06612684577703476, 0.0018310546875], [0.0, 0.0, 0.0, 1.0]], [[-0.934032678604126, 0.3557767868041992, 0.03171566128730774, 1.13623046875], [-0.03357980400323868, 0.0009363375138491392, -0.9994356036186218, 1.5514488220214844], [-0.35560572147369385, -0.9345704317092896, 0.011072346940636635, -0.063720703125], [0.0, 0.0, 0.0, 1.0]]], "view": [[0.0, -2.0, 100.0], [-2.0, 0.0, 100.0], [0.0, 0.0, 1.0]], "bev": "bev_c9e812f2705b4b198f4675dfaa33812d.png", "aux": "aux_c9e812f2705b4b198f4675dfaa33812d.npz", "visibility": "visibility_c9e812f2705b4b198f4675dfaa33812d.png", "pose": [[-0.8379765748977661, 0.5457062125205994, 0.0, 1321.3896484375], [-0.5457062125205994, -0.8379765748977661, 0.0, 903.756103515625], [0.0, 0.0, 1.0, 0.0], [0.0, 0.0, 0.0, 1.0]], "pose_inverse": [[-0.8379765748977661, -0.5457062125205994, 0.0, 1600.4788818359375], [0.5457062125205994, -0.8379765748977661, 0.0, 36.235843658447266], [0.0, 0.0, 1.0, 0.0], [0.0, 0.0, 0.0, 1.0]], "cam_ids": [0, 1, 2, 3, 4, 5], "cam_channels": ["CAM_FRONT_LEFT", "CAM_FRONT", "CAM_FRONT_RIGHT", "CAM_BACK_LEFT", "CAM_BACK", "CAM_BACK_RIGHT"], "token": "c9e812f2705b4b198f4675dfaa33812d", "scene": "scene-1100"}, {"images": ["samples/CAM_FRONT_LEFT/n015-2018-11-21-19-38-26+0800__CAM_FRONT_LEFT__1542800990904844.jpg", "samples/CAM_FRONT/n015-2018-11-21-19-38-26+0800__CAM_FRONT__1542800990912460.jpg", "samples/CAM_FRONT_RIGHT/n015-2018-11-21-19-38-26+0800__CAM_FRONT_RIGHT__1542800990920339.jpg", "samples/CAM_BACK_LEFT/n015-2018-11-21-19-38-26+0800__CAM_BACK_LEFT__1542800990947423.jpg", "samples/CAM_BACK/n015-2018-11-21-19-38-26+0800__CAM_BACK__1542800990937525.jpg", "samples/CAM_BACK_RIGHT/n015-2018-11-21-19-38-26+0800__CAM_BACK_RIGHT__1542800990927893.jpg"], "intrinsics": [[[1272.5979470598488, 0.0, 826.6154927353808], [0.0, 1272.5979470598488, 479.75165386361925], [0.0, 0.0, 1.0]], [[1266.417203046554, 0.0, 816.2670197447984], [0.0, 1266.417203046554, 491.50706579294757], [0.0, 0.0, 1.0]], [[1260.8474446004698, 0.0, 807.968244525554], [0.0, 1260.8474446004698, 495.3344268742088], [0.0, 0.0, 1.0]], [[1256.7414812095406, 0.0, 792.1125740759628], [0.0, 1256.7414812095406, 492.7757465151356], [0.0, 0.0, 1.0]], [[809.2209905677063, 0.0, 829.2196003259838], [0.0, 809.2209905677063, 481.77842384512485], [0.0, 0.0, 1.0]], [[1259.5137405846733, 0.0, 807.2529053838625], [0.0, 1259.5137405846733, 501.19579884916527], [0.0, 0.0, 1.0]]], "extrinsics": [[[0.8194336295127869, -0.5719964504241943, -0.03672284632921219, -0.9649658203125], [-0.049791473895311356, -0.007210655137896538, -0.9987335801124573, 1.5082473754882812], [0.5710073113441467, 0.820224404335022, -0.0343891978263855, -1.2802734375], [0.0, 0.0, 0.0, 1.0]], [[0.005337963346391916, -0.9999254941940308, 0.010977400466799736, 0.00507354736328125], [-0.05508885160088539, -0.011254938319325447, -0.9984180331230164, 1.5205307006835938], [0.998467206954956, 0.004724806174635887, -0.055144816637039185, -1.6923828125], [0.0, 0.0, 0.0, 1.0]], [[-0.8325690031051636, -0.5526209473609924, 0.037934038788080215, 1.0323486328125], [-0.04946450516581535, 0.005963738542050123, -0.9987580180168152, 1.5036468505859375], [0.5517084002494812, -0.8334113359451294, -0.03230034187436104, -1.248779296875], [0.0, 0.0, 0.0, 1.0]], [[0.9469078779220581, 0.3181319832801819, -0.04645010083913803, -1.1422119140625], [-0.04080919548869133, -0.02437681518495083, -0.9988695383071899, 1.5885467529296875], [-0.3189045488834381, 0.9477329850196838, -0.01009988971054554, -0.103729248046875], [0.0, 0.0, 0.0, 1.0]], [[0.0026027392596006393, 0.9998907446861267, -0.014554770663380623, 0.002864837646484375], [-0.06619918346405029, -0.014350608922541142, -0.9977032542228699, 1.5793685913085938], [-0.9978030920028687, 0.0035602303687483072, 0.0661545842885971, 0.0018310546875], [0.0, 0.0, 0.0, 1.0]], [[-0.9340295791625977, 0.3557831048965454, 0.0317375510931015, 1.1363525390625], [-0.03360001742839813, 0.0009449890349060297, -0.9994348883628845, 1.5514564514160156], [-0.35561203956604004, -0.9345680475234985, 0.011071666143834591, -0.0635986328125], [0.0, 0.0, 0.0, 1.0]]], "view": [[0.0, -2.0, 100.0], [-2.0, 0.0, 100.0], [0.0, 0.0, 1.0]], "bev": "bev_eff61ec3657c4d1c9327e3fe6ca639d3.png", "aux": "aux_eff61ec3657c4d1c9327e3fe6ca639d3.npz", "visibility": "visibility_eff61ec3657c4d1c9327e3fe6ca639d3.png", "pose": [[-0.8379693627357483, 0.5457172989845276, 0.0, 1321.3895263671875], [-0.5457172989845276, -0.8379693627357483, 0.0, 903.7562866210938], [0.0, 0.0, 1.0, 0.0], [0.0, 0.0, 0.0, 1.0]], "pose_inverse": [[-0.8379693627357483, -0.5457172989845276, 0.0, 1600.4793701171875], [0.5457172989845276, -0.8379693627357483, 0.0, 36.2149658203125], [0.0, 0.0, 1.0, 0.0], [0.0, 0.0, 0.0, 1.0]], "cam_ids": [0, 1, 2, 3, 4, 5], "cam_channels": ["CAM_FRONT_LEFT", "CAM_FRONT", "CAM_FRONT_RIGHT", "CAM_BACK_LEFT", "CAM_BACK", "CAM_BACK_RIGHT"], "token": "eff61ec3657c4d1c9327e3fe6ca639d3", "scene": "scene-1100"}, {"images": ["samples/CAM_FRONT_LEFT/n015-2018-11-21-19-38-26+0800__CAM_FRONT_LEFT__1542800991404844.jpg", "samples/CAM_FRONT/n015-2018-11-21-19-38-26+0800__CAM_FRONT__1542800991412460.jpg", "samples/CAM_FRONT_RIGHT/n015-2018-11-21-19-38-26+0800__CAM_FRONT_RIGHT__1542800991420339.jpg", "samples/CAM_BACK_LEFT/n015-2018-11-21-19-38-26+0800__CAM_BACK_LEFT__1542800991447435.jpg", "samples/CAM_BACK/n015-2018-11-21-19-38-26+0800__CAM_BACK__1542800991437525.jpg", "samples/CAM_BACK_RIGHT/n015-2018-11-21-19-38-26+0800__CAM_BACK_RIGHT__1542800991428246.jpg"], "intrinsics": [[[1272.5979470598488, 0.0, 826.6154927353808], [0.0, 1272.5979470598488, 479.75165386361925], [0.0, 0.0, 1.0]], [[1266.417203046554, 0.0, 816.2670197447984], [0.0, 1266.417203046554, 491.50706579294757], [0.0, 0.0, 1.0]], [[1260.8474446004698, 0.0, 807.968244525554], [0.0, 1260.8474446004698, 495.3344268742088], [0.0, 0.0, 1.0]], [[1256.7414812095406, 0.0, 792.1125740759628], [0.0, 1256.7414812095406, 492.7757465151356], [0.0, 0.0, 1.0]], [[809.2209905677063, 0.0, 829.2196003259838], [0.0, 809.2209905677063, 481.77842384512485], [0.0, 0.0, 1.0]], [[1259.5137405846733, 0.0, 807.2529053838625], [0.0, 1259.5137405846733, 501.19579884916527], [0.0, 0.0, 1.0]]], "extrinsics": [[[0.8194406628608704, -0.5719847083091736, -0.03675011172890663, -0.9647216796875], [-0.04974751174449921, -0.007100622169673443, -0.998736560344696, 1.5082550048828125], [0.5710010528564453, 0.8202336430549622, -0.03427335247397423, -1.28021240234375], [0.0, 0.0, 0.0, 1.0]], [[0.005345664918422699, -0.9999266266822815, 0.01086746621876955, 0.00519561767578125], [-0.0550384558737278, -0.01114535704255104, -0.9984220266342163, 1.5205307006835938], [0.9984699487686157, 0.0047391485422849655, -0.055093999952077866, -1.6922607421875], [0.0, 0.0, 0.0, 1.0]], [[-0.8325671553611755, -0.5526310801506042, 0.037825897336006165, 1.0323486328125], [-0.04940759763121605, 0.006073011551052332, -0.9987601637840271, 1.5036544799804688], [0.5517162680625916, -0.8334038853645325, -0.03236035630106926, -1.2489013671875], [0.0, 0.0, 0.0, 1.0]], [[0.9469105005264282, 0.318137526512146, -0.046358622610569, -1.1422119140625], [-0.04074721410870552, -0.024274064227938652, -0.9988746047019958, 1.5885543823242188], [-0.3189047873020172, 0.9477338790893555, -0.010022149421274662, -0.10369873046875], [0.0, 0.0, 0.0, 1.0]], [[0.0026007930282503366, 0.9998922944068909, -0.014448056928813457, 0.002872467041015625], [-0.0661332830786705, -0.014244487509131432, -0.9977091550827026, 1.5793609619140625], [-0.9978074431419373, 0.0035504058469086885, 0.06608910858631134, 0.001708984375], [0.0, 0.0, 0.0, 1.0]], [[-0.9340333938598633, 0.3557743430137634, 0.031720779836177826, 1.1361083984375], [-0.03353948891162872, 0.0010566060664132237, -0.9994368553161621, 1.5514488220214844], [-0.3556075096130371, -0.9345713257789612, 0.010945582762360573, -0.06365966796875], [0.0, 0.0, 0.0, 1.0]]], "view": [[0.0, -2.0, 100.0], [-2.0, 0.0, 100.0], [0.0, 0.0, 1.0]], "bev": "bev_0a3abc33048d46f9bd78151d1df4b004.png", "aux": "aux_0a3abc33048d46f9bd78151d1df4b004.npz", "visibility": "visibility_0a3abc33048d46f9bd78151d1df4b004.png", "pose": [[-0.837999701499939, 0.545670747756958, 0.0, 1321.3895263671875], [-0.545670747756958, -0.837999701499939, 0.0, 903.7564697265625], [0.0, 0.0, 1.0, 0.0], [0.0, 0.0, 0.0, 1.0]], "pose_inverse": [[-0.837999701499939, -0.545670747756958, 0.0, 1600.4774169921875], [0.545670747756958, -0.837999701499939, 0.0, 36.30404281616211], [0.0, 0.0, 1.0, 0.0], [0.0, 0.0, 0.0, 1.0]], "cam_ids": [0, 1, 2, 3, 4, 5], "cam_channels": ["CAM_FRONT_LEFT", "CAM_FRONT", "CAM_FRONT_RIGHT", "CAM_BACK_LEFT", "CAM_BACK", "CAM_BACK_RIGHT"], "token": "0a3abc33048d46f9bd78151d1df4b004", "scene": "scene-1100"}, {"images": ["samples/CAM_FRONT_LEFT/n015-2018-11-21-19-38-26+0800__CAM_FRONT_LEFT__1542800991904844.jpg", "samples/CAM_FRONT/n015-2018-11-21-19-38-26+0800__CAM_FRONT__1542800991912460.jpg", "samples/CAM_FRONT_RIGHT/n015-2018-11-21-19-38-26+0800__CAM_FRONT_RIGHT__1542800991920344.jpg", "samples/CAM_BACK_LEFT/n015-2018-11-21-19-38-26+0800__CAM_BACK_LEFT__1542800991947423.jpg", "samples/CAM_BACK/n015-2018-11-21-19-38-26+0800__CAM_BACK__1542800991937525.jpg", "samples/CAM_BACK_RIGHT/n015-2018-11-21-19-38-26+0800__CAM_BACK_RIGHT__1542800991927893.jpg"], "intrinsics": [[[1272.5979470598488, 0.0, 826.6154927353808], [0.0, 1272.5979470598488, 479.75165386361925], [0.0, 0.0, 1.0]], [[1266.417203046554, 0.0, 816.2670197447984], [0.0, 1266.417203046554, 491.50706579294757], [0.0, 0.0, 1.0]], [[1260.8474446004698, 0.0, 807.968244525554], [0.0, 1260.8474446004698, 495.3344268742088], [0.0, 0.0, 1.0]], [[1256.7414812095406, 0.0, 792.1125740759628], [0.0, 1256.7414812095406, 492.7757465151356], [0.0, 0.0, 1.0]], [[809.2209905677063, 0.0, 829.2196003259838], [0.0, 809.2209905677063, 481.77842384512485], [0.0, 0.0, 1.0]], [[1259.5137405846733, 0.0, 807.2529053838625], [0.0, 1259.5137405846733, 501.19579884916527], [0.0, 0.0, 1.0]]], "extrinsics": [[[0.819428026676178, -0.57200026512146, -0.036787670105695724, -0.9649658203125], [-0.04974936693906784, -0.0070363981649279594, -0.9987369775772095, 1.5082473754882812], [0.5710189938545227, 0.8202232122421265, -0.034222472459077835, -1.28021240234375], [0.0, 0.0, 0.0, 1.0]], [[0.0053286487236619, -0.9999273419380188, 0.010808770544826984, 0.005023956298828125], [-0.055047765374183655, -0.011085850186645985, -0.9984222054481506, 1.5205307006835938], [0.9984694719314575, 0.004725291859358549, -0.05510283634066582, -1.6922607421875], [0.0, 0.0, 0.0, 1.0]], [[-0.832573652267456, -0.552622377872467, 0.03781009837985039, 1.032470703125], [-0.04942430928349495, 0.006127513479441404, -0.9987590312957764, 1.5036468505859375], [0.551705002784729, -0.8334092497825623, -0.03241458535194397, -1.248779296875], [0.0, 0.0, 0.0, 1.0]], [[0.9469105005264282, 0.3181387484073639, -0.04634895175695419, -1.142333984375], [-0.04075184091925621, -0.024229951202869415, -0.9988754391670227, 1.5885467529296875], [-0.31890398263931274, 0.947734534740448, -0.009978855960071087, -0.10382080078125], [0.0, 0.0, 0.0, 1.0]], [[0.002605918562039733, 0.9998929500579834, -0.014395497739315033, 0.002819061279296875], [-0.06615770608186722, -0.014191622845828533, -0.997708261013031, 1.5793533325195312], [-0.9978057742118835, 0.0035523490514606237, 0.06611365079879761, 0.0018310546875], [0.0, 0.0, 0.0, 1.0]], [[-0.9340294599533081, 0.3557811379432678, 0.031761534512043, 1.1363525390625], [-0.0335657000541687, 0.0011025405256077647, -0.9994359016418457, 1.5514488220214844], [-0.35561537742614746, -0.9345687031745911, 0.010912234894931316, -0.06365966796875], [0.0, 0.0, 0.0, 1.0]]], "view": [[0.0, -2.0, 100.0], [-2.0, 0.0, 100.0], [0.0, 0.0, 1.0]], "bev": "bev_2c77ee386aa0444aaf27140fe6cc8364.png", "aux": "aux_2c77ee386aa0444aaf27140fe6cc8364.npz", "visibility": "visibility_2c77ee386aa0444aaf27140fe6cc8364.png", "pose": [[-0.8380079865455627, 0.5456579327583313, 0.0, 1321.3895263671875], [-0.5456579327583313, -0.8380079865455627, 0.0, 903.7566528320312], [0.0, 0.0, 1.0, 0.0], [0.0, 0.0, 0.0, 1.0]], "pose_inverse": [[-0.8380079865455627, -0.5456579327583313, 0.0, 1600.47705078125], [0.5456579327583313, -0.8380079865455627, 0.0, 36.32859802246094], [0.0, 0.0, 1.0, 0.0], [0.0, 0.0, 0.0, 1.0]], "cam_ids": [0, 1, 2, 3, 4, 5], "cam_channels": ["CAM_FRONT_LEFT", "CAM_FRONT", "CAM_FRONT_RIGHT", "CAM_BACK_LEFT", "CAM_BACK", "CAM_BACK_RIGHT"], "token": "2c77ee386aa0444aaf27140fe6cc8364", "scene": "scene-1100"}, {"images": ["samples/CAM_FRONT_LEFT/n015-2018-11-21-19-38-26+0800__CAM_FRONT_LEFT__1542800992404844.jpg", "samples/CAM_FRONT/n015-2018-11-21-19-38-26+0800__CAM_FRONT__1542800992412460.jpg", "samples/CAM_FRONT_RIGHT/n015-2018-11-21-19-38-26+0800__CAM_FRONT_RIGHT__1542800992420339.jpg", "samples/CAM_BACK_LEFT/n015-2018-11-21-19-38-26+0800__CAM_BACK_LEFT__1542800992447423.jpg", "samples/CAM_BACK/n015-2018-11-21-19-38-26+0800__CAM_BACK__1542800992437525.jpg", "samples/CAM_BACK_RIGHT/n015-2018-11-21-19-38-26+0800__CAM_BACK_RIGHT__1542800992427893.jpg"], "intrinsics": [[[1272.5979470598488, 0.0, 826.6154927353808], [0.0, 1272.5979470598488, 479.75165386361925], [0.0, 0.0, 1.0]], [[1266.417203046554, 0.0, 816.2670197447984], [0.0, 1266.417203046554, 491.50706579294757], [0.0, 0.0, 1.0]], [[1260.8474446004698, 0.0, 807.968244525554], [0.0, 1260.8474446004698, 495.3344268742088], [0.0, 0.0, 1.0]], [[1256.7414812095406, 0.0, 792.1125740759628], [0.0, 1256.7414812095406, 492.7757465151356], [0.0, 0.0, 1.0]], [[809.2209905677063, 0.0, 829.2196003259838], [0.0, 809.2209905677063, 481.77842384512485], [0.0, 0.0, 1.0]], [[1259.5137405846733, 0.0, 807.2529053838625], [0.0, 1259.5137405846733, 501.19579884916527], [0.0, 0.0, 1.0]]], "extrinsics": [[[0.819568395614624, -0.5718376636505127, -0.036184631288051605, -0.965087890625], [-0.04922426491975784, -0.007349759340286255, -0.9987607002258301, 1.5082626342773438], [0.5708630084991455, 0.8203338384628296, -0.03417192026972771, -1.2803955078125], [0.0, 0.0, 0.0, 1.0]], [[0.00550169637426734, -0.9999229311943054, 0.01112652849406004, 0.005062103271484375], [-0.05451161414384842, -0.011410044506192207, -0.9984479546546936, 1.5205612182617188], [0.9984979033470154, 0.00488661415874958, -0.054570186883211136, -1.6925048828125], [0.0, 0.0, 0.0, 1.0]], [[-0.8325140476226807, -0.5527307391166687, 0.0375361293554306, 1.032470703125], [-0.048879750072956085, 0.00579387042671442, -0.9987878203392029, 1.503662109375], [0.5518432855606079, -0.8333397507667542, -0.031840816140174866, -1.24908447265625], [0.0, 0.0, 0.0, 1.0]], [[0.946929395198822, 0.3181471824645996, -0.04590326175093651, -1.1422119140625], [-0.04016302898526192, -0.024582302197813988, -0.9988906979560852, 1.5885543823242188], [-0.3189225494861603, 0.9477225542068481, -0.010499954223632812, -0.10369873046875], [0.0, 0.0, 0.0, 1.0]], [[0.0025448063388466835, 0.9998881220817566, -0.014742542058229446, 0.002902984619140625], [-0.06556390970945358, -0.014544038102030754, -0.9977424144744873, 1.579376220703125], [-0.9978451132774353, 0.003505655797198415, 0.0655195564031601, 0.0018310546875], [0.0, 0.0, 0.0, 1.0]], [[-0.9340870380401611, 0.35568705201148987, 0.031111735850572586, 1.13623046875], [-0.032995641231536865, 0.0007702929433435202, -0.9994552135467529, 1.5514488220214844], [-0.35551732778549194, -0.9346047639846802, 0.011016606353223324, -0.0635986328125], [0.0, 0.0, 0.0, 1.0]]], "view": [[0.0, -2.0, 100.0], [-2.0, 0.0, 100.0], [0.0, 0.0, 1.0]], "bev": "bev_4e169e93acb346d59de1af7f2b4882e1.png", "aux": "aux_4e169e93acb346d59de1af7f2b4882e1.npz", "visibility": "visibility_4e169e93acb346d59de1af7f2b4882e1.png", "pose": [[-0.8383939266204834, 0.5450647473335266, 0.0, 1321.39013671875], [-0.5450647473335266, -0.8383939266204834, 0.0, 903.7572021484375], [0.0, 0.0, 1.0, 0.0], [0.0, 0.0, 0.0, 1.0]], "pose_inverse": [[-0.8383939266204834, -0.5450647473335266, 0.0, 1600.45166015625], [0.5450647473335266, -0.8383939266204834, 0.0, 37.46135711669922], [0.0, 0.0, 1.0, 0.0], [0.0, 0.0, 0.0, 1.0]], "cam_ids": [0, 1, 2, 3, 4, 5], "cam_channels": ["CAM_FRONT_LEFT", "CAM_FRONT", "CAM_FRONT_RIGHT", "CAM_BACK_LEFT", "CAM_BACK", "CAM_BACK_RIGHT"], "token": "4e169e93acb346d59de1af7f2b4882e1", "scene": "scene-1100"}, {"images": ["samples/CAM_FRONT_LEFT/n015-2018-11-21-19-38-26+0800__CAM_FRONT_LEFT__1542800992854844.jpg", "samples/CAM_FRONT/n015-2018-11-21-19-38-26+0800__CAM_FRONT__1542800992862460.jpg", "samples/CAM_FRONT_RIGHT/n015-2018-11-21-19-38-26+0800__CAM_FRONT_RIGHT__1542800992870339.jpg", "samples/CAM_BACK_LEFT/n015-2018-11-21-19-38-26+0800__CAM_BACK_LEFT__1542800992897423.jpg", "samples/CAM_BACK/n015-2018-11-21-19-38-26+0800__CAM_BACK__1542800992887525.jpg", "samples/CAM_BACK_RIGHT/n015-2018-11-21-19-38-26+0800__CAM_BACK_RIGHT__1542800992877893.jpg"], "intrinsics": [[[1272.5979470598488, 0.0, 826.6154927353808], [0.0, 1272.5979470598488, 479.75165386361925], [0.0, 0.0, 1.0]], [[1266.417203046554, 0.0, 816.2670197447984], [0.0, 1266.417203046554, 491.50706579294757], [0.0, 0.0, 1.0]], [[1260.8474446004698, 0.0, 807.968244525554], [0.0, 1260.8474446004698, 495.3344268742088], [0.0, 0.0, 1.0]], [[1256.7414812095406, 0.0, 792.1125740759628], [0.0, 1256.7414812095406, 492.7757465151356], [0.0, 0.0, 1.0]], [[809.2209905677063, 0.0, 829.2196003259838], [0.0, 809.2209905677063, 481.77842384512485], [0.0, 0.0, 1.0]], [[1259.5137405846733, 0.0, 807.2529053838625], [0.0, 1259.5137405846733, 501.19579884916527], [0.0, 0.0, 1.0]]], "extrinsics": [[[0.8197275400161743, -0.5716320276260376, -0.03582599014043808, -0.9658203125], [-0.04858164116740227, -0.00706908805295825, -0.9987941980361938, 1.5083084106445312], [0.5706894993782043, 0.8204795718193054, -0.03356555104255676, -1.28094482421875], [0.0, 0.0, 0.0, 1.0]], [[0.005689528770744801, -0.9999253153800964, 0.010814288631081581, 0.005031585693359375], [-0.053890928626060486, -0.01110534742474556, -0.9984850883483887, 1.5205764770507812], [0.9985305666923523, 0.0050980751402676105, -0.05395008996129036, -1.6932373046875], [0.0, 0.0, 0.0, 1.0]], [[-0.8324524164199829, -0.5528694987297058, 0.03685436770319939, 1.032958984375], [-0.048287976533174515, 0.006125784479081631, -0.9988146424293518, 1.5036849975585938], [0.5519883036613464, -0.8332452774047852, -0.031796373426914215, -1.2490234375], [0.0, 0.0, 0.0, 1.0]], [[0.9469489455223083, 0.31816521286964417, -0.04537268728017807, -1.142333984375], [-0.03973793983459473, -0.02418169006705284, -0.9989174604415894, 1.58856201171875], [-0.31891798973083496, 0.9477267265319824, -0.010255596600472927, -0.103729248046875], [0.0, 0.0, 0.0, 1.0]], [[0.0024937656708061695, 0.9998939037322998, -0.014354253187775612, 0.002