[{"images": ["samples/CAM_FRONT_LEFT/n008-2018-08-21-11-53-44-0400__CAM_FRONT_LEFT__1534867333904799.jpg", "samples/CAM_FRONT/n008-2018-08-21-11-53-44-0400__CAM_FRONT__1534867333912404.jpg", "samples/CAM_FRONT_RIGHT/n008-2018-08-21-11-53-44-0400__CAM_FRONT_RIGHT__1534867333920482.jpg", "samples/CAM_BACK_LEFT/n008-2018-08-21-11-53-44-0400__CAM_BACK_LEFT__1534867333947405.jpg", "samples/CAM_BACK/n008-2018-08-21-11-53-44-0400__CAM_BACK__1534867333937558.jpg", "samples/CAM_BACK_RIGHT/n008-2018-08-21-11-53-44-0400__CAM_BACK_RIGHT__1534867333928113.jpg"], "intrinsics": [[[1257.8625342125129, 0.0, 827.2410631095686], [0.0, 1257.8625342125129, 450.915498205774], [0.0, 0.0, 1.0]], [[1252.8131021185304, 0.0, 826.588114781398], [0.0, 1252.8131021185304, 469.9846626224581], [0.0, 0.0, 1.0]], [[1256.7485116440405, 0.0, 817.7887570959712], [0.0, 1256.7485116440403, 451.9541780095127], [0.0, 0.0, 1.0]], [[1254.9860565800168, 0.0, 829.5769333630991], [0.0, 1254.9860565800168, 467.1680561863987], [0.0, 0.0, 1.0]], [[796.8910634503094, 0.0, 857.7774326863696], [0.0, 796.8910634503094, 476.8848988407415], [0.0, 0.0, 1.0]], [[1249.9629280788233, 0.0, 825.3768045375984], [0.0, 1249.9629280788233, 462.54816385708756], [0.0, 0.0, 1.0]]], "extrinsics": [[[0.8261416554450989, -0.5623975992202759, -0.03462702035903931, -0.90087890625], [-0.039078351110219955, 0.004118132404983044, -0.9992276430130005, 1.4834403991699219], [0.5621058344841003, 0.8268567323684692, -0.018575411289930344, -1.2662506103515625], [0.0, 0.0, 0.0, 1.0]], [[0.01662401854991913, -0.9998616576194763, -0.0005872508627362549, 0.010009765625], [-0.03725311532616615, -3.2455918699270114e-05, -0.9993058443069458, 1.4763908386230469], [0.9991675615310669, 0.016634367406368256, -0.03724849969148636, -1.6339111328125], [0.0, 0.0, 0.0, 1.0]], [[-0.8407729864120483, -0.5405877828598022, 0.02942122146487236, 1.02618408203125], [-0.02935859188437462, -0.008737719617784023, -0.9995307326316833, 1.4908027648925781], [0.5405912399291992, -0.8412423133850098, -0.008524460718035698, -1.2330322265625], [0.0, 0.0, 0.0, 1.0]], [[0.9464589357376099, 0.31890395283699036, -0.05015600100159645, -1.1429443359375], [-0.055063262581825256, 0.006385115906596184, -0.9984624981880188, 1.5619888305664062], [-0.3180933892726898, 0.9477654695510864, 0.02360314503312111, -0.1563720703125], [0.0, 0.0, 0.0, 1.0]], [[0.007001774851232767, 0.9999741911888123, -0.0015698675997555256, -0.0294189453125], [-0.052823618054389954, -0.0011978450929746032, -0.998603105545044, 1.566497802734375], [-0.9985793232917786, 0.0070749432779848576, 0.05281387269496918, 0.0147705078125], [0.0, 0.0, 0.0, 1.0]], [[-0.9245449304580688, 0.3793935179710388, 0.03573938459157944, 1.10693359375], [-0.048414889723062515, -0.02391844615340233, -0.9985408782958984, 1.5450782775878906], [-0.3779850900173187, -0.9249261021614075, 0.040481969714164734, -0.06402587890625], [0.0, 0.0, 0.0, 1.0]]], "view": [[0.0, -2.0, 100.0], [-2.0, 0.0, 100.0], [0.0, 0.0, 1.0]], "bev": "bev_ba94e5c417cd421d931181508665bbf5.png", "aux": "aux_ba94e5c417cd421d931181508665bbf5.npz", "visibility": "visibility_ba94e5c417cd421d931181508665bbf5.png", "pose": [[-0.46942463517189026, -0.8829725384712219, 0.0, 417.4713134765625], [0.8829725384712219, -0.46942463517189026, 0.0, 1631.368408203125], [0.0, 0.0, 1.0, 0.0], [0.0, 0.0, 0.0, 1.0]], "pose_inverse": [[-0.46942463517189026, 0.8829725384712219, 0.0, -1244.482177734375], [-0.8829725384712219, -0.46942463517189026, 0.0, 1134.4202880859375], [0.0, 0.0, 1.0, 0.0], [0.0, 0.0, 0.0, 1.0]], "cam_ids": [0, 1, 2, 3, 4, 5], "cam_channels": ["CAM_FRONT_LEFT", "CAM_FRONT", "CAM_FRONT_RIGHT", "CAM_BACK_LEFT", "CAM_BACK", "CAM_BACK_RIGHT"], "token": "ba94e5c417cd421d931181508665bbf5", "scene": "scene-0249"}, {"images": ["samples/CAM_FRONT_LEFT/n008-2018-08-21-11-53-44-0400__CAM_FRONT_LEFT__1534867334404799.jpg", "samples/CAM_FRONT/n008-2018-08-21-11-53-44-0400__CAM_FRONT__1534867334412404.jpg", "samples/CAM_FRONT_RIGHT/n008-2018-08-21-11-53-44-0400__CAM_FRONT_RIGHT__1534867334420482.jpg", "samples/CAM_BACK_LEFT/n008-2018-08-21-11-53-44-0400__CAM_BACK_LEFT__1534867334447405.jpg", "samples/CAM_BACK/n008-2018-08-21-11-53-44-0400__CAM_BACK__1534867334437558.jpg", "samples/CAM_BACK_RIGHT/n008-2018-08-21-11-53-44-0400__CAM_BACK_RIGHT__1534867334428113.jpg"], "intrinsics": [[[1257.8625342125129, 0.0, 827.2410631095686], [0.0, 1257.8625342125129, 450.915498205774], [0.0, 0.0, 1.0]], [[1252.8131021185304, 0.0, 826.588114781398], [0.0, 1252.8131021185304, 469.9846626224581], [0.0, 0.0, 1.0]], [[1256.7485116440405, 0.0, 817.7887570959712], [0.0, 1256.7485116440403, 451.9541780095127], [0.0, 0.0, 1.0]], [[1254.9860565800168, 0.0, 829.5769333630991], [0.0, 1254.9860565800168, 467.1680561863987], [0.0, 0.0, 1.0]], [[796.8910634503094, 0.0, 857.7774326863696], [0.0, 796.8910634503094, 476.8848988407415], [0.0, 0.0, 1.0]], [[1249.9629280788233, 0.0, 825.3768045375984], [0.0, 1249.9629280788233, 462.54816385708756], [0.0, 0.0, 1.0]]], "extrinsics": [[[0.8270249962806702, -0.561453104019165, -0.028285734355449677, -0.9373779296875], [-0.02677633799612522, 0.01091668102890253, -0.9995818138122559, 1.4861335754394531], [0.5615271329879761, 0.827436625957489, -0.006005292292684317, -1.291961669921875], [0.0, 0.0, 0.0, 1.0]], [[0.017336221411824226, -0.9998226761817932, -0.007354181259870529, 0.010498046875], [-0.024614838883280754, 0.006926277652382851, -0.9996730089187622, 1.4785728454589844], [0.9995466470718384, 0.01751159504055977, -0.024490395560860634, -1.67138671875], [0.0, 0.0, 0.0, 1.0]], [[-0.8408888578414917, -0.5410099625587463, 0.01462861243635416, 1.0533447265625], [-0.016361748799681664, -0.001604813733138144, -0.9998648166656494, 1.4923114776611328], [0.5409603714942932, -0.8410146236419678, -0.007502399850636721, -1.2491455078125], [0.0, 0.0, 0.0, 1.0]], [[0.9472278952598572, 0.3186919093132019, -0.03456462174654007, -1.1444091796875], [-0.04112919047474861, 0.01389017142355442, -0.9990572929382324, 1.5620574951171875], [-0.3179113566875458, 0.9477565884590149, 0.026264699175953865, -0.156005859375], [0.0, 0.0, 0.0, 1.0]], [[0.007245225366204977, 0.9999563097953796, 0.005911825690418482, -0.02984619140625], [-0.0391627661883831, 0.006191191263496876, -0.9992136359214783, 1.567413330078125], [-0.9992066621780396, 0.007008006796240807, 0.03920591622591019, 0.0279541015625], [0.0, 0.0, 0.0, 1.0]], [[-0.9249561429023743, 0.37916725873947144, 0.02623545378446579, 1.1297607421875], [-0.035170719027519226, -0.01665700227022171, -0.9992424845695496, 1.5466938018798828], [-0.3784429728984833, -0.9251782894134521, 0.028742579743266106, -0.054168701171875], [0.0, 0.0, 0.0, 1.0]]], "view": [[0.0, -2.0, 100.0], [-2.0, 0.0, 100.0], [0.0, 0.0, 1.0]], "bev": "bev_80dd7764550746faac5b5a23de0a3485.png", "aux": "aux_80dd7764550746faac5b5a23de0a3485.npz", "visibility": "visibility_80dd7764550746faac5b5a23de0a3485.png", "pose": [[-0.38153865933418274, -0.9243528842926025, 0.0, 417.0196533203125], [0.9243528842926025, -0.38153865933418274, 0.0, 1632.43701171875], [0.0, 0.0, 1.0, 0.0], [0.0, 0.0, 0.0, 1.0]], "pose_inverse": [[-0.38153865933418274, 0.9243528842926025, 0.0, -1349.8387451171875], [-0.9243528842926025, -0.38153865933418274, 0.0, 1008.3111572265625], [0.0, 0.0, 1.0, 0.0], [0.0, 0.0, 0.0, 1.0]], "cam_ids": [0, 1, 2, 3, 4, 5], "cam_channels": ["CAM_FRONT_LEFT", "CAM_FRONT", "CAM_FRONT_RIGHT", "CAM_BACK_LEFT", "CAM_BACK", "CAM_BACK_RIGHT"], "token": "80dd7764550746faac5b5a23de0a3485", "scene": "scene-0249"}, {"images": ["samples/CAM_FRONT_LEFT/n008-2018-08-21-11-53-44-0400__CAM_FRONT_LEFT__1534867334904799.jpg", "samples/CAM_FRONT/n008-2018-08-21-11-53-44-0400__CAM_FRONT__1534867334912404.jpg", "samples/CAM_FRONT_RIGHT/n008-2018-08-21-11-53-44-0400__CAM_FRONT_RIGHT__1534867334920482.jpg", "samples/CAM_BACK_LEFT/n008-2018-08-21-11-53-44-0400__CAM_BACK_LEFT__1534867334947405.jpg", "samples/CAM_BACK/n008-2018-08-21-11-53-44-0400__CAM_BACK__1534867334937558.jpg", "samples/CAM_BACK_RIGHT/n008-2018-08-21-11-53-44-0400__CAM_BACK_RIGHT__1534867334928113.jpg"], "intrinsics": [[[1257.8625342125129, 0.0, 827.2410631095686], [0.0, 1257.8625342125129, 450.915498205774], [0.0, 0.0, 1.0]], [[1252.8131021185304, 0.0, 826.588114781398], [0.0, 1252.8131021185304, 469.9846626224581], [0.0, 0.0, 1.0]], [[1256.7485116440405, 0.0, 817.7887570959712], [0.0, 1256.7485116440403, 451.9541780095127], [0.0, 0.0, 1.0]], [[1254.9860565800168, 0.0, 829.5769333630991], [0.0, 1254.9860565800168, 467.1680561863987], [0.0, 0.0, 1.0]], [[796.8910634503094, 0.0, 857.7774326863696], [0.0, 796.8910634503094, 476.8848988407415], [0.0, 0.0, 1.0]], [[1249.9629280788233, 0.0, 825.3768045375984], [0.0, 1249.9629280788233, 462.54816385708756], [0.0, 0.0, 1.0]]], "extrinsics": [[[0.8259947896003723, -0.5629825592041016, -0.027987563982605934, -0.9451904296875], [-0.029759841039776802, 0.006027165334671736, -0.9995388984680176, 1.4862289428710938], [0.5628916025161743, 0.8264467716217041, -0.011775865219533443, -1.3008499145507812], [0.0, 0.0, 0.0, 1.0]], [[0.01585123874247074, -0.9998710751533508, -0.002578905550763011, 0.01263427734375], [-0.027732685208320618, 0.002138584852218628, -0.9996131062507629, 1.4786300659179688], [0.9994896650314331, 0.01591668650507927, -0.02769521065056324, -1.68017578125], [0.0, 0.0, 0.0, 1.0]], [[-0.8414515852928162, -0.5399654507637024, 0.01991589367389679, 1.05908203125], [-0.019625473767518997, -0.006292581092566252, -0.9997875690460205, 1.4923019409179688], [0.5399760603904724, -0.8416637778282166, -0.005302176345139742, -1.250244140625], [0.0, 0.0, 0.0, 1.0]], [[0.9471321702003479, 0.3184225559234619, -0.03934198245406151, -1.149658203125], [-0.04477700591087341, 0.009764055721461773, -0.9989492893218994, 1.562225341796875], [-0.31770387291908264, 0.9478986859321594, 0.023505860939621925, -0.158203125], [0.0, 0.0, 0.0, 1.0]], [[0.007751045282930136, 0.9999688863754272, 0.0014858143404126167, -0.033203125], [-0.0427425280213356, 0.0018158102175220847, -0.9990844130516052, 1.5675315856933594], [-0.9990561008453369, 0.007680491544306278, 0.04275527223944664, 0.0321044921875], [0.0, 0.0, 0.0, 1.0]], [[-0.924542248249054, 0.3800758123397827, 0.02764269895851612, 1.1322021484375], [-0.03858630359172821, -0.021203074604272842, -0.9990302920341492, 1.5468177795410156], [-0.3791211247444153, -0.9247123599052429, 0.034268852323293686, -0.049835205078125], [0.0, 0.0, 0.0, 1.0]]], "view": [[0.0, -2.0, 100.0], [-2.0, 0.0, 100.0], [0.0, 0.0, 1.0]], "bev": "bev_192de1b53f93482ba134efa222e8d59d.png", "aux": "aux_192de1b53f93482ba134efa222e8d59d.npz", "visibility": "visibility_192de1b53f93482ba134efa222e8d59d.png", "pose": [[-0.2921668589115143, -0.9563673734664917, 0.0, 416.7652587890625], [0.9563673734664917, -0.2921668589115143, 0.0, 1633.2955322265625], [0.0, 0.0, 1.0, 0.0], [0.0, 0.0, 0.0, 1.0]], "pose_inverse": [[-0.2921668589115143, 0.9563673734664917, 0.0, -1440.2655029296875], [-0.9563673734664917, -0.2921668589115143, 0.0, 875.7755126953125], [0.0, 0.0, 1.0, 0.0], [0.0, 0.0, 0.0, 1.0]], "cam_ids": [0, 1, 2, 3, 4, 5], "cam_channels": ["CAM_FRONT_LEFT", "CAM_FRONT", "CAM_FRONT_RIGHT", "CAM_BACK_LEFT", "CAM_BACK", "CAM_BACK_RIGHT"], "token": "192de1b53f93482ba134efa222e8d59d", "scene": "scene-0249"}, {"images": ["samples/CAM_FRONT_LEFT/n008-2018-08-21-11-53-44-0400__CAM_FRONT_LEFT__1534867335404799.jpg", "samples/CAM_FRONT/n008-2018-08-21-11-53-44-0400__CAM_FRONT__1534867335412404.jpg", "samples/CAM_FRONT_RIGHT/n008-2018-08-21-11-53-44-0400__CAM_FRONT_RIGHT__1534867335420482.jpg", "samples/CAM_BACK_LEFT/n008-2018-08-21-11-53-44-0400__CAM_BACK_LEFT__1534867335447405.jpg", "samples/CAM_BACK/n008-2018-08-21-11-53-44-0400__CAM_BACK__1534867335437558.jpg", "samples/CAM_BACK_RIGHT/n008-2018-08-21-11-53-44-0400__CAM_BACK_RIGHT__1534867335428113.jpg"], "intrinsics": [[[1257.8625342125129, 0.0, 827.2410631095686], [0.0, 1257.8625342125129, 450.915498205774], [0.0, 0.0, 1.0]], [[1252.8131021185304, 0.0, 826.588114781398], [0.0, 1252.8131021185304, 469.9846626224581], [0.0, 0.0, 1.0]], [[1256.7485116440405, 0.0, 817.7887570959712], [0.0, 1256.7485116440403, 451.9541780095127], [0.0, 0.0, 1.0]], [[1254.9860565800168, 0.0, 829.5769333630991], [0.0, 1254.9860565800168, 467.1680561863987], [0.0, 0.0, 1.0]], [[796.8910634503094, 0.0, 857.7774326863696], [0.0, 796.8910634503094, 476.8848988407415], [0.0, 0.0, 1.0]], [[1249.9629280788233, 0.0, 825.3768045375984], [0.0, 1249.9629280788233, 462.54816385708756], [0.0, 0.0, 1.0]]], "extrinsics": [[[0.8253172039985657, -0.5641336441040039, -0.024592915549874306, -0.9583740234375], [-0.02308577112853527, 0.009806361049413681, -0.9996854066848755, 1.4870033264160156], [0.5641973614692688, 0.8256252408027649, -0.00493010226637125, -1.304229736328125], [0.0, 0.0, 0.0, 1.0]], [[0.01466601062566042, -0.9998742938041687, -0.006018810905516148, 0.00830078125], [-0.02120261639356613, 0.005707118660211563, -0.9997588992118835, 1.4792060852050781], [0.9996675848960876, 0.014790110290050507, -0.02111625298857689, -1.690185546875], [0.0, 0.0, 0.0, 1.0]], [[-0.8420498967170715, -0.5392488837242126, 0.01274931151419878, 1.063232421875], [-0.01324975024908781, -0.0029507458675652742, -0.9999078512191772, 1.4926280975341797], [0.5392367839813232, -0.8421412706375122, -0.004660237114876509, -1.2574462890625], [0.0, 0.0, 0.0, 1.0]], [[0.947333574295044, 0.31852957606315613, -0.0331350676715374, -1.1453857421875], [-0.03907322883605957, 0.012269246391952038, -0.9991610646247864, 1.562103271484375], [-0.3178557753562927, 0.9478335380554199, 0.024069050326943398, -0.15576171875], [0.0, 0.0, 0.0, 1.0]], [[0.008046361617743969, 0.9999580383300781, 0.004370974842458963, -0.02923583984375], [-0.03675919771194458, 0.004663946572691202, -0.999313235282898, 1.5676231384277344], [-0.9992917776107788, 0.007880154997110367, 0.03679518774151802, 0.0325927734375], [0.0, 0.0, 0.0, 1.0]], [[-0.9244617819786072, 0.38057735562324524, 0.023048697039484978, 1.137451171875], [-0.03235377371311188, -0.018069814890623093, -0.9993131160736084, 1.5470352172851562], [-0.37989941239356995, -0.9245725870132446, 0.029017968103289604, -0.0520172119140625], [0.0, 0.0, 0.0, 1.0]]], "view": [[0.0, -2.0, 100.0], [-2.0, 0.0, 100.0], [0.0, 0.0, 1.0]], "bev": "bev_c60dd7ca019c408eaf73b85aa02962b8.png", "aux": "aux_c60dd7ca019c408eaf73b85aa02962b8.npz", "visibility": "visibility_c60dd7ca019c408eaf73b85aa02962b8.png", "pose": [[-0.2153204381465912, -0.9765434265136719, 0.0, 416.59381103515625], [0.9765434265136719, -0.2153204381465912, 0.0, 1634.0731201171875], [0.0, 0.0, 1.0, 0.0], [0.0, 0.0, 0.0, 1.0]], "pose_inverse": [[-0.2153204381465912, 0.9765434265136719, 0.0, -1506.042236328125], [-0.9765434265136719, -0.2153204381465912, 0.0, 758.6712646484375], [0.0, 0.0, 1.0, 0.0], [0.0, 0.0, 0.0, 1.0]], "cam_ids": [0, 1, 2, 3, 4, 5], "cam_channels": ["CAM_FRONT_LEFT", "CAM_FRONT", "CAM_FRONT_RIGHT", "CAM_BACK_LEFT", "CAM_BACK", "CAM_BACK_RIGHT"], "token": "c60dd7ca019c408eaf73b85aa02962b8", "scene": "scene-0249"}, {"images": ["samples/CAM_FRONT_LEFT/n008-2018-08-21-11-53-44-0400__CAM_FRONT_LEFT__1534867335904799.jpg", "samples/CAM_FRONT/n008-2018-08-21-11-53-44-0400__CAM_FRONT__1534867335912404.jpg", "samples/CAM_FRONT_RIGHT/n008-2018-08-21-11-53-44-0400__CAM_FRONT_RIGHT__1534867335920482.jpg", "samples/CAM_BACK_LEFT/n008-2018-08-21-11-53-44-0400__CAM_BACK_LEFT__1534867335947405.jpg", "samples/CAM_BACK/n008-2018-08-21-11-53-44-0400__CAM_BACK__1534867335937558.jpg", "samples/CAM_BACK_RIGHT/n008-2018-08-21-11-53-44-0400__CAM_BACK_RIGHT__1534867335928113.jpg"], "intrinsics": [[[1257.8625342125129, 0.0, 827.2410631095686], [0.0, 1257.8625342125129, 450.915498205774], [0.0, 0.0, 1.0]], [[1252.8131021185304, 0.0, 826.588114781398], [0.0, 1252.8131021185304, 469.9846626224581], [0.0, 0.0, 1.0]], [[1256.7485116440405, 0.0, 817.7887570959712], [0.0, 1256.7485116440403, 451.9541780095127], [0.0, 0.0, 1.0]], [[1254.9860565800168, 0.0, 829.5769333630991], [0.0, 1254.9860565800168, 467.1680561863987], [0.0, 0.0, 1.0]], [[796.8910634503094, 0.0, 857.7774326863696], [0.0, 796.8910634503094, 476.8848988407415], [0.0, 0.0, 1.0]], [[1249.9629280788233, 0.0, 825.3768045375984], [0.0, 1249.9629280788233, 462.54816385708756], [0.0, 0.0, 1.0]]], "extrinsics": [[[0.8250088691711426, -0.5645205974578857, -0.026019804179668427, -0.9656982421875], [-0.02411808632314205, 0.010828795842826366, -0.9996504783630371, 1.4871597290039062], [0.5646050572395325, 0.8253480195999146, -0.004681305028498173, -1.308837890625], [0.0, 0.0, 0.0, 1.0]], [[0.01419433020055294, -0.9998757839202881, -0.006852634251117706, 0.0074462890625], [-0.022101694718003273, 0.00653790682554245, -0.9997344017028809, 1.4793205261230469], [0.9996549487113953, 0.014342018403112888, -0.022006146609783173, -1.697265625], [0.0, 0.0, 0.0, 1.0]], [[-0.8422605395317078, -0.5389125347137451, 0.013054524548351765, 1.06719970703125], [-0.014009230770170689, -0.0023265117779374123, -0.9998990893363953, 1.4926719665527344], [0.5388885736465454, -0.8423585295677185, -0.00559022044762969, -1.2611083984375], [0.0, 0.0, 0.0, 1.0]], [[0.947357714176178, 0.31844213604927063, -0.03328733891248703, -1.1456298828125], [-0.039215464144945145, 0.012221445329487324, -0.9991559982299805, 1.5621185302734375], [-0.31776657700538635, 0.9478635191917419, 0.024065935984253883, -0.1552734375], [0.0, 0.0, 0.0, 1.0]], [[0.008274839259684086, 0.9999552965164185, 0.004576872102916241, -0.029296875], [-0.03714454919099808, 0.004881242755800486, -0.9992979168891907, 1.567718505859375], [-0.9992757439613342, 0.008099009282886982, 0.037183281034231186, 0.0350341796875], [0.0, 0.0, 0.0, 1.0]], [[-0.9243120551109314, 0.38089704513549805, 0.023762961849570274, 1.1417236328125], [-0.032951220870018005, -0.01761852391064167, -0.9993016719818115, 1.5471611022949219], [-0.38021230697631836, -0.9244495630264282, 0.02883603610098362, -0.050601959228515625], [0.0, 0.0, 0.0, 1.0]]], "view": [[0.0, -2.0, 100.0], [-2.0, 0.0, 100.0], [0.0, 0.0, 1.0]], "bev": "bev_57629339b4884837828ceeb523383870.png", "aux": "aux_57629339b4884837828ceeb523383870.npz", "visibility": "visibility_57629339b4884837828ceeb523383870.png", "pose": [[-0.1529107689857483, -0.9882400035858154, 0.0, 416.5053405761719], [0.9882400035858154, -0.1529107689857483, 0.0, 1634.692626953125], [0.0, 0.0, 1.0, 0.0], [0.0, 0.0, 0.0, 1.0]], "pose_inverse": [[-0.1529107689857483, 0.9882400035858154, 0.0, -1551.780517578125], [-0.9882400035858154, -0.1529107689857483, 0.0, 661.5693359375], [0.0, 0.0, 1.0, 0.0], [0.0, 0.0, 0.0, 1.0]], "cam_ids": [0, 1, 2, 3, 4, 5], "cam_channels": ["CAM_FRONT_LEFT", "CAM_FRONT", "CAM_FRONT_RIGHT", "CAM_BACK_LEFT", "CAM_BACK", "CAM_BACK_RIGHT"], "token": "57629339b4884837828ceeb523383870", "scene": "scene-0249"}, {"images": ["samples/CAM_FRONT_LEFT/n008-2018-08-21-11-53-44-0400__CAM_FRONT_LEFT__1534867336404799.jpg", "samples/CAM_FRONT/n008-2018-08-21-11-53-44-0400__CAM_FRONT__1534867336412404.jpg", "samples/CAM_FRONT_RIGHT/n008-2018-08-21-11-53-44-0400__CAM_FRONT_RIGHT__1534867336420482.jpg", "samples/CAM_BACK_LEFT/n008-2018-08-21-11-53-44-0400__CAM_BACK_LEFT__1534867336447405.jpg", "samples/CAM_BACK/n008-2018-08-21-11-53-44-0400__CAM_BACK__1534867336437558.jpg", "samples/CAM_BACK_RIGHT/n008-2018-08-21-11-53-44-0400__CAM_BACK_RIGHT__1534867336428115.jpg"], "intrinsics": [[[1257.8625342125129, 0.0, 827.2410631095686], [0.0, 1257.8625342125129, 450.915498205774], [0.0, 0.0, 1.0]], [[1252.8131021185304, 0.0, 826.588114781398], [0.0, 1252.8131021185304, 469.9846626224581], [0.0, 0.0, 1.0]], [[1256.7485116440405, 0.0, 817.7887570959712], [0.0, 1256.7485116440403, 451.9541780095127], [0.0, 0.0, 1.0]], [[1254.9860565800168, 0.0, 829.5769333630991], [0.0, 1254.9860565800168, 467.1680561863987], [0.0, 0.0, 1.0]], [[796.8910634503094, 0.0, 857.7774326863696], [0.0, 796.8910634503094, 476.8848988407415], [0.0, 0.0, 1.0]], [[1249.9629280788233, 0.0, 825.3768045375984], [0.0, 1249.9629280788233, 462.54816385708756], [0.0, 0.0, 1.0]]], "extrinsics": [[[0.8264090418815613, -0.5627116560935974, -0.020096847787499428, -0.9554443359375], [-0.01764867454767227, 0.009787841700017452, -0.9997963309288025, 1.4872474670410156], [0.5627937912940979, 0.8265953660011292, -0.0018423543078824878, -1.3046875], [0.0, 0.0, 0.0, 1.0]], [[0.016006719321012497, -0.999854326248169, -0.005925786681473255, 0.00982666015625], [-0.015562700107693672, 0.005676692817360163, -0.999862790107727, 1.4794254302978516], [0.9997508525848389, 0.016096729785203934, -0.015469565987586975, -1.6885986328125], [0.0, 0.0, 0.0, 1.0]], [[-0.8416360020637512, -0.5399883389472961, 0.007838435471057892, 1.0634765625], [-0.007394070271402597, -0.002990937326103449, -0.9999681711196899, 1.4928264617919922], [0.5399945974349976, -0.8416672348976135, -0.001475430908612907, -1.2562255859375], [0.0, 0.0, 0.0, 1.0]], [[0.9476813077926636, 0.3180917799472809, -0.026792950928211212, -1.1494140625], [-0.0323047935962677, 0.012064546346664429, -0.9994052052497864, 1.5621757507324219], [-0.31757932901382446, 0.9479832053184509, 0.02170923352241516, -0.15667724609375], [0.0, 0.0, 0.0, 1.0]], [[0.008001690730452538, 0.9999586939811707, 0.004315216094255447, -0.03143310546875], [-0.030305271968245506, 0.004555870778858662, -0.9995302557945251, 1.5677642822265625], [-0.999508798122406, 0.007867168635129929, 0.03034047596156597, 0.034423828125], [0.0, 0.0, 0.0, 1.0]], [[-0.9247641563415527, 0.38014376163482666, 0.01737779751420021, 1.1378173828125], [-0.026238616555929184, -0.018139390274882317, -0.9994910955429077, 1.5472412109375], [-0.37963512539863586, -0.924749493598938, 0.026749106124043465, -0.050018310546875], [0.0, 0.0, 0.0, 1.0]]], "view": [[0.0, -2.0, 100.0], [-2.0, 0.0, 100.0], [0.0, 0.0, 1.0]], "bev": "bev_0fb5cb79f68e4bd78871f5d3e826f76c.png", "aux": "aux_0fb5cb79f68e4bd78871f5d3e826f76c.npz", "visibility": "visibility_0fb5cb79f68e4bd78871f5d3e826f76c.png", "pose": [[-0.07766660302877426, -0.9969794154167175, 0.0, 416.4598083496094], [0.9969794154167175, -0.07766660302877426, 0.0, 1635.2998046875], [0.0, 0.0, 1.0, 0.0], [0.0, 0.0, 0.0, 1.0]], "pose_inverse": [[-0.07766660302877426, 0.9969794154167175, 0.0, -1598.01513671875], [-0.9969794154167175, -0.07766660302877426, 0.0, 542.2100219726562], [0.0, 0.0, 1.0, 0.0], [0.0, 0.0, 0.0, 1.0]], "cam_ids": [0, 1, 2, 3, 4, 5], "cam_channels": ["CAM_FRONT_LEFT", "CAM_FRONT", "CAM_FRONT_RIGHT", "CAM_BACK_LEFT", "CAM_BACK", "CAM_BACK_RIGHT"], "token": "0fb5cb79f68e4bd78871f5d3e826f76c", "scene": "scene-0249"}, {"images": ["samples/CAM_FRONT_LEFT/n008-2018-08-21-11-53-44-0400__CAM_FRONT_LEFT__1534867336904799.jpg", "samples/CAM_FRONT/n008-2018-08-21-11-53-44-0400__CAM_FRONT__1534867336912404.jpg", "samples/CAM_FRONT_RIGHT/n008-2018-08-21-11-53-44-0400__CAM_FRONT_RIGHT__1534867336920482.jpg", "samples/CAM_BACK_LEFT/n008-2018-08-21-11-53-44-0400__CAM_BACK_LEFT__1534867336947405.jpg", "samples/CAM_BACK/n008-2018-08-21-11-53-44-0400__CAM_BACK__1534867336937558.jpg", "samples/CAM_BACK_RIGHT/n008-2018-08-21-11-53-44-0400__CAM_BACK_RIGHT__1534867336928113.jpg"], "intrinsics": [[[1257.8625342125129, 0.0, 827.2410631095686], [0.0, 1257.8625342125129, 450.915498205774], [0.0, 0.0, 1.0]], [[1252.8131021185304, 0.0, 826.588114781398], [0.0, 1252.8131021185304, 469.9846626224581], [0.0, 0.0, 1.0]], [[1256.7485116440405, 0.0, 817.7887570959712], [0.0, 1256.7485116440403, 451.9541780095127], [0.0, 0.0, 1.0]], [[1254.9860565800168, 0.0, 829.5769333630991], [0.0, 1254.9860565800168, 467.1680561863987], [0.0, 0.0, 1.0]], [[796.8910634503094, 0.0, 857.7774326863696], [0.0, 796.8910634503094, 476.8848988407415], [0.0, 0.0, 1.0]], [[1249.9629280788233, 0.0, 825.3768045375984], [0.0, 1249.9629280788233, 462.54816385708756], [0.0, 0.0, 1.0]]], "extrinsics": [[[0.8267166018486023, -0.5623317360877991, -0.017966115847229958, -0.9490966796875], [-0.015032550320029259, 0.009843938052654266, -0.9998385310173035, 1.487274169921875], [0.5624178647994995, 0.8268530964851379, -0.0003151357814203948, -1.2965087890625], [0.0, 0.0, 0.0, 1.0]], [[0.016435090452432632, -0.9998465776443481, -0.006056135520339012, 0.00738525390625], [-0.01303915772587061, 0.005842112936079502, -0.9998979568481445, 1.4794483184814453], [0.9997799396514893, 0.01651238091289997, -0.012941141612827778, -1.68017578125], [0.0, 0.0, 0.0, 1.0]], [[-0.8414524793624878, -0.5403016209602356, 0.005642456468194723, 1.056396484375], [-0.004967295564711094, -0.002707049949094653, -0.9999839663505554, 1.4928689002990723], [0.5403083562850952, -0.8414671421051025, -0.00040598498890176415, -1.254150390625], [0.0, 0.0, 0.0, 1.0]], [[0.9476973414421082, 0.3182208836078644, -0.024599511176347733, -1.147216796875], [-0.03024832345545292, 0.012821367010474205, -0.9994601607322693, 1.5621452331542969], [-0.3177337050437927, 0.9479299187660217, 0.02177642472088337, -0.15496826171875], [0.0, 0.0, 0.0, 1.0]], [[0.0077696871012449265, 0.999957799911499, 0.004905306734144688, -0.0289306640625], [-0.028150497004389763, 0.00512223644182086, -0.9995905756950378, 1.5676841735839844], [-0.9995735883712769, 0.00762841897085309, 0.028189105913043022, 0.0308837890625], [0.0, 0.0, 0.0, 1.0]], [[-0.9249255061149597, 0.37983670830726624, 0.015389681793749332, 1.1334228515625], [-0.02391764335334301, -0.01774231344461441, -0.9995564222335815, 1.547119140625], [-0.37939518690109253, -0.9248833656311035, 0.025495117530226707, -0.054534912109375], [0.0, 0.0, 0.0, 1.0]]], "view": [[0.0, -2.0, 100.0], [-2.0, 0.0, 100.0], [0.0, 0.0, 1.0]], "bev": "bev_3c6343cf38584a7f8495db9a29b5e13d.png", "aux": "aux_3c6343cf38584a7f8495db9a29b5e13d.npz", "visibility": "visibility_3c6343cf38584a7f8495db9a29b5e13d.png", "pose": [[0.01631573587656021, -0.9998669028282166, 0.0, 416.4483337402344], [0.9998669028282166, 0.01631573587656021, 0.0, 1636.0714111328125], [0.0, 0.0, 1.0, 0.0], [0.0, 0.0, 0.0, 1.0]], "pose_inverse": [[0.01631573587656021, 0.9998669028282166, 0.0, -1642.6483154296875], [-0.9998669028282166, 0.01631573587656021, 0.0, 389.6991882324219], [0.0, 0.0, 1.0, 0.0], [0.0, 0.0, 0.0, 1.0]], "cam_ids": [0, 1, 2, 3, 4, 5], "cam_channels": ["CAM_FRONT_LEFT", "CAM_FRONT", "CAM_FRONT_RIGHT", "CAM_BACK_LEFT", "CAM_BACK", "CAM_BACK_RIGHT"], "token": "3c6343cf38584a7f8495db9a29b5e13d", "scene": "scene-0249"}, {"images": ["samples/CAM_FRONT_LEFT/n008-2018-08-21-11-53-44-0400__CAM_FRONT_LEFT__1534867337404799.jpg", "samples/CAM_FRONT/n008-2018-08-21-11-53-44-0400__CAM_FRONT__1534867337412404.jpg", "samples/CAM_FRONT_RIGHT/n008-2018-08-21-11-53-44-0400__CAM_FRONT_RIGHT__1534867337420482.jpg", "samples/CAM_BACK_LEFT/n008-2018-08-21-11-53-44-0400__CAM_BACK_LEFT__1534867337447405.jpg", "samples/CAM_BACK/n008-2018-08-21-11-53-44-0400__CAM_BACK__1534867337437558.jpg", "samples/CAM_BACK_RIGHT/n008-2018-08-21-11-53-44-0400__CAM_BACK_RIGHT__1534867337428113.jpg"], "intrinsics": [[[1257.8625342125129, 0.0, 827.2410631095686], [0.0, 1257.8625342125129, 450.915498205774], [0.0, 0.0, 1.0]], [[1252.8131021185304, 0.0, 826.588114781398], [0.0, 1252.8131021185304, 469.9846626224581], [0.0, 0.0, 1.0]], [[1256.7485116440405, 0.0, 817.7887570959712], [0.0, 1256.7485116440403, 451.9541780095127], [0.0, 0.0, 1.0]], [[1254.9860565800168, 0.0, 829.5769333630991], [0.0, 1254.9860565800168, 467.1680561863987], [0.0, 0.0, 1.0]], [[796.8910634503094, 0.0, 857.7774326863696], [0.0, 796.8910634503094, 476.8848988407415], [0.0, 0.0, 1.0]], [[1249.9629280788233, 0.0, 825.3768045375984], [0.0, 1249.9629280788233, 462.54816385708756], [0.0, 0.0, 1.0]]], "extrinsics": [[[0.8272679448127747, -0.5615580677986145, -0.016743510961532593, -0.9205322265625], [-0.013019753620028496, 0.010631708428263664, -0.9998586773872375, 1.4869632720947266], [0.5616567134857178, 0.8273690938949585, 0.0014839216601103544, -1.27728271484375], [0.0, 0.0, 0.0, 1.0]], [[0.017169509083032608, -0.9998303055763245, -0.0066721779294312, 0.0077667236328125], [-0.011018287390470505, 0.006483553908765316, -0.9999182820320129, 1.4792461395263672], [0.9997918605804443, 0.017241626977920532, -0.010905097238719463, -1.6519775390625], [0.0, 0.0, 0.0, 1.0]], [[-0.8411809206008911, -0.5407411456108093, 0.003671112935990095, 1.0386962890625], [-0.002937867073342204, -0.0022188236471265554, -0.9999932050704956, 1.4928898811340332], [0.5407456159591675, -0.8411861658096313, 0.0002778065390884876, -1.242919921875], [0.0, 0.0, 0.0, 1.0]], [[0.9476946592330933, 0.3183762729167938, -0.022614121437072754, -1.14599609375], [-0.02815011888742447, 0.012797458097338676, -0.9995217323303223, 1.5621070861816406], [-0.31793466210365295, 0.9478779435157776, 0.021090414375066757, -0.1552734375], [0.0, 0.0, 0.0, 1.0]], [[0.007504262030124664, 0.9999589323997498, 0.005081115756183863, -0.0289764404296875], [-0.02606002241373062, 0.005275098141282797, -0.9996464252471924, 1.5675086975097656], [-0.9996321797370911, 0.00736921327188611, 0.02609853819012642, 0.0230712890625], [0.0, 0.0, 0.0, 1.0]], [[-0.9250855445861816, 0.3795163333415985, 0.013567727990448475, 1.1197509765625], [-0.021805057302117348, -0.017414528876543045, -0.9996105432510376, 1.5468635559082031], [-0.3791322112083435, -0.9250211119651794, 0.024385303258895874, -0.05987548828125], [0.0, 0.0, 0.0, 1.0]]], "view": [[0.0, -2.0, 100.0], [-2.0, 0.0, 100.0], [0.0, 0.0, 1.0]], "bev": "bev_bf3d1ea3fb0349aeb2afad1c216c6f7d.png", "aux": "aux_bf3d1ea3fb0349aeb2afad1c216c6f7d.npz", "visibility": "visibility_bf3d1ea3fb0349aeb2afad1c216c6f7d.png", "pose": [[0.12160993367433548, -0.9925779700279236, 0.0, 416.5321350097656], [0.9925779700279236, 0.12160993367433548, 0.0, 1637.13525390625], [0.0, 0.0, 1.0, 0.0], [0.0, 0.0, 0.0, 1.0]], "pose_inverse": [[0.12160993367433548, 0.9925779700279236, 0.0, -1675.6387939453125], [-0.9925779700279236, 0.12160993367433548, 0.0, 214.3487091064453], [0.0, 0.0, 1.0, 0.0], [0.0, 0.0, 0.0, 1.0]], "cam_ids": [0, 1, 2, 3, 4, 5], "cam_channels": ["CAM_FRONT_LEFT", "CAM_FRONT", "CAM_FRONT_RIGHT", "CAM_BACK_LEFT", "CAM_BACK", "CAM_BACK_RIGHT"], "token": "bf3d1ea3fb0349aeb2afad1c216c6f7d", "scene": "scene-0249"}, {"images": ["samples/CAM_FRONT_LEFT/n008-2018-08-21-11-53-44-0400__CAM_FRONT_LEFT__1534867338004799.jpg", "samples/CAM_FRONT/n008-2018-08-21-11-53-44-0400__CAM_FRONT__1534867338012404.jpg", "samples/CAM_FRONT_RIGHT/n008-2018-08-21-11-53-44-0400__CAM_FRONT_RIGHT__1534867338020482.jpg", "samples/CAM_BACK_LEFT/n008-2018-08-21-11-53-44-0400__CAM_BACK_LEFT__1534867338047405.jpg", "samples/CAM_BACK/n008-2018-08-21-11-53-44-0400__CAM_BACK__1534867338037558.jpg", "samples/CAM_BACK_RIGHT/n008-2018-08-21-11-53-44-0400__CAM_BACK_RIGHT__1534867338028113.jpg"], "intrinsics": [[[1257.8625342125129, 0.0, 827.2410631095686], [0.0, 1257.8625342125129, 450.915498205774], [0.0, 0.0, 1.0]], [[1252.8131021185304, 0.0, 826.588114781398], [0.0, 1252.8131021185304, 469.9846626224581], [0.0, 0.0, 1.0]], [[1256.7485116440405, 0.0, 817.7887570959712], [0.0, 1256.7485116440403, 451.9541780095127], [0.0, 0.0, 1.0]], [[1254.9860565800168, 0.0, 829.5769333630991], [0.0, 1254.9860565800168, 467.1680561863987], [0.0, 0.0, 1.0]], [[796.8910634503094, 0.0, 857.7774326863696], [0.0, 796.8910634503094, 476.8848988407415], [0.0, 0.0, 1.0]], [[1249.9629280788233, 0.0, 825.3768045375984], [0.0, 1249.9629280788233, 462.54816385708756], [0.0, 0.0, 1.0]]], "extrinsics": [[[0.8253389000892639, -0.5645133256912231, -0.01185522973537445, -0.89599609375], [-0.00611239904537797, 0.012062329798936844, -0.9999085664749146, 1.4874935150146484], [0.5646046996116638, 0.8253358602523804, 0.0065049780532717705, -1.25775146484375], [0.0, 0.0, 0.0, 1.0]], [[0.014321546070277691, -0.9998649954795837, -0.008065805770456791, 0.00653076171875], [-0.004188220947980881, 0.00800657644867897, -0.9999591708183289, 1.4797134399414062], [0.9998886585235596, 0.01435474120080471, -0.004072989337146282, -1.6263427734375], [0.0, 0.0, 0.0, 1.0]], [[-0.8423493504524231, -0.5389242172241211, -0.002879997016862035, 1.0206298828125], [0.0038073461037129164, -0.0006070258095860481, -0.9999925494194031, 1.4933876991271973], [0.5389184355735779, -0.8423540592193604, 0.002563198795542121, -1.23291015625], [0.0, 0.0, 0.0, 1.0]], [[0.9477403163909912, 0.3186570405960083, -0.015686096623539925, -1.142333984375], [-0.021502625197172165, 0.014743560925126076, -0.999660074710846, 1.5620079040527344], [-0.3183174431324005, 0.9477553963661194, 0.020825030282139778, -0.15655517578125], [0.0, 0.0, 0.0, 1.0]], [[0.008084787987172604, 0.9999430775642395, 0.006963120307773352, -0.0287017822265625], [-0.01938336342573166, 0.007118750363588333, -0.9997867345809937, 1.5674629211425781], [-0.9997795224189758, 0.007948044687509537, 0.019439812749624252, 0.013427734375], [0.0, 0.0, 0.0, 1.0]], [[-0.9246019721031189, 0.38085034489631653, 0.008017387241125107, 1.106201171875], [-0.01512700691819191, -0.015678010880947113, -0.9997626543045044, 1.5469188690185547], [-0.3806341886520386, -0.9245038032531738, 0.020257044583559036, -0.06622314453125], [0.0, 0.0, 0.0, 1.0]]], "view": [[0.0, -2.0, 100.0], [-2.0, 0.0, 100.0], [0.0, 0.0, 1.0]], "bev": "bev_c181283b8dae4fabaa3e50c0fc7ecdc5.png", "aux": "aux_c181283b8dae4fabaa3e50c0fc7ecdc5.npz", "visibility": "visibility_c181283b8dae4fabaa3e50c0fc7ecdc5.png", "pose": [[0.22314010560512543, -0.9747864007949829, 0.0, 416.833740234375], [0.9747864007949829, 0.22314010560512543, 0.0, 1638.8074951171875], [0.0, 0.0, 1.0, 0.0], [0.0, 0.0, 0.0, 1.0]], "pose_inverse": [[0.22314010560512543, 0.9747864007949829, 0.0, -1690.49951171875], [-0.9747864007949829, 0.22314010560512543, 0.0, 40.640174865722656], [0.0, 0.0, 1.0, 0.0], [0.0, 0.0, 0.0, 1.0]], "cam_ids": [0, 1, 2, 3, 4, 5], "cam_channels": ["CAM_FRONT_LEFT", "CAM_FRONT", "CAM_FRONT_RIGHT", "CAM_BACK_LEFT", "CAM_BACK", "CAM_BACK_RIGHT"], "token": "c181283b8dae4fabaa3e50c0fc7ecdc5", "scene": "scene-0249"}, {"images": ["samples/CAM_FRONT_LEFT/n008-2018-08-21-11-53-44-0400__CAM_FRONT_LEFT__1534867338504799.jpg", "samples/CAM_FRONT/n008-2018-08-21-11-53-44-0400__CAM_FRONT__1534867338512404.jpg", "samples/CAM_FRONT_RIGHT/n008-2018-08-21-11-53-44-0400__CAM_FRONT_RIGHT__1534867338520487.jpg", "samples/CAM_BACK_LEFT/n008-2018-08-21-11-53-44-0400__CAM_BACK_LEFT__1534867338547405.jpg", "samples/CAM_BACK/n008-2018-08-21-11-53-44-0400__CAM_BACK__1534867338537558.jpg", "samples/CAM_BACK_RIGHT/n008-2018-08-21-11-53-44-0400__CAM_BACK_RIGHT__1534867338528113.jpg"], "intrinsics": [[[1257.8625342125129, 0.0, 827.2410631095686], [0.0, 1257.8625342125129, 450.915498205774], [0.0, 0.0, 1.0]], [[1252.8131021185304, 0.0, 826.588114781398], [0.0, 1252.8131021185304, 469.9846626224581], [0.0, 0.0, 1.0]], [[1256.7485116440405, 0.0, 817.7887570959712], [0.0, 1256.7485116440403, 451.9541780095127], [0.0, 0.0, 1.0]], [[1254.9860565800168, 0.0, 829.5769333630991], [0.0, 1254.9860565800168, 467.1680561863987], [0.0, 0.0, 1.0]], [[796.8910634503094, 0.0, 857.7774326863696], [0.0, 796.8910634503094, 476.8848988407415], [0.0, 0.0, 1.0]], [[1249.9629280788233, 0.0, 825.3768045375984], [0.0, 1249.9629280788233, 462.54816385708756], [0.0, 0.0, 1.0]]], "extrinsics": [[[0.8243694305419922, -0.5659794807434082, -0.009065737947821617, -0.8758544921875], [-0.003129450138658285, 0.011458496563136578, -0.9999294281005859, 1.4878120422363281], [0.5660434365272522, 0.8243396878242493, 0.007674830500036478, -1.2435302734375], [0.0, 0.0, 0.0, 1.0]], [[0.012964933179318905, -0.9998891353607178, -0.007322255987673998, 0.0065460205078125], [-0.0011919814860448241, 0.007307410705834627, -0.9999726414680481, 1.480014681816101], [0.9999151825904846, 0.012973267585039139, -0.001097109168767929, -1.6051025390625], [0.0, 0.0, 0.0, 1.0]], [[-0.8428688049316406, -0.5380959510803223, -0.00498618558049202, 1.0059814453125], [0.00681679043918848, -0.001411636359989643, -0.9999757409095764, 1.4937572479248047], [0.538075864315033, -0.8428823947906494, 0.004857911728322506, -1.223876953125], [0.0, 0.0, 0.0, 1.0]], [[0.947774350643158, 0.31867384910583496, -0.013067985884845257, -1.140625], [-0.01837732456624508, 0.013659725897014141, -0.9997377991676331, 1.5619773864746094], [-0.31841179728507996, 0.9477659463882446, 0.018802713602781296, -0.1572265625], [0.0, 0.0, 0.0, 1.0]], [[0.008368119597434998, 0.9999470114707947, 0.005997253116220236, -0.028575897216796875], [-0.01625141315162182, 0.006132667884230614, -0.9998491406440735, 1.5674324035644531], [-0.9998329281806946, 0.008269408717751503, 0.016301870346069336, 0.005859375], [0.0, 0.0, 0.0, 1.0]], [[-0.9243820905685425, 0.3814364969730377, 0.004883966874331236, 1.09375], [-0.012115429155528545, -0.01655936986207962, -0.9997894763946533, 1.5469322204589844], [-0.3812752664089203, -0.9242466688156128, 0.019928453490138054, -0.0714111328125], [0.0, 0.0, 0.0, 1.0]]], "view": [[0.0, -2.0, 100.0], [-2.0, 0.0, 100.0], [0.0, 0.0, 1.0]], "bev": "bev_a593a62aa9b54234ae666f3006b4d9f5.png", "aux": "aux_a593a62aa9b54234ae666f3006b4d9f5.npz", "visibility": "visibility_a593a62aa9b54234ae666f3006b4d9f5.png", "pose": [[0.26387909054756165, -0.9645557403564453, 0.0, 417.2308654785156], [0.9645557403564453, 0.26387909054756165, 0.0, 1640.4102783203125], [0.0, 0.0, 1.0, 0.0], [0.0, 0.0, 0.0, 1.0]], "pose_inverse": [[0.26387909054756165, 0.9645557403564453, 0.0, -1692.36572265625], [-0.9645557403564453, 0.26387909054756165, 0.0, -30.427515029907227], [0.0, 0.0, 1.0, 0.0], [0.0, 0.0, 0.0, 1.0]], "cam_ids": [0, 1, 2, 3, 4, 5], "cam_channels": ["CAM_FRONT_LEFT", "CAM_FRONT", "CAM_FRONT_RIGHT", "CAM_BACK_LEFT", "CAM_BACK", "CAM_BACK_RIGHT"], "token": "a593a62aa9b54234ae666f3006b4d9f5", "scene": "scene-0249"}, {"images": ["samples/CAM_FRONT_LEFT/n008-2018-08-21-11-53-44-0400__CAM_FRONT_LEFT__1534867339004799.jpg", "samples/CAM_FRONT/n008-2018-08-21-11-53-44-0400__CAM_FRONT__1534867339012404.jpg", "samples/CAM_FRONT_RIGHT/n008-2018-08-21-11-53-44-0400__CAM_FRONT_RIGHT__1534867339020489.jpg", "samples/CAM_BACK_LEFT/n008-2018-08-21-11-53-44-0400__CAM_BACK_LEFT__1534867339047405.jpg", "samples/CAM_BACK/n008-2018-08-21-11-53-44-0400__CAM_BACK__1534867339037561.jpg", "samples/CAM_BACK_RIGHT/n008-2018-08-21-11-53-44-0400__CAM_BACK_RIGHT__1534867339028113.jpg"], "intrinsics": [[[1257.8625342125129, 0.0, 827.2410631095686], [0.0, 1257.8625342125129, 450.915498205774], [0.0, 0.0, 1.0]], [[1252.8131021185304, 0.0, 826.588114781398], [0.0, 1252.8131021185304, 469.9846626224581], [0.0, 0.0, 1.0]], [[1256.7485116440405, 0.0, 817.7887570959712], [0.0, 1256.7485116440403, 451.9541780095127], [0.0, 0.0, 1.0]], [[1254.9860565800168, 0.0, 829.5769333630991], [0.0, 1254.9860565800168, 467.1680561863987], [0.0, 0.0, 1.0]], [[796.8910634503094, 0.0, 857.7774326863696], [0.0, 796.8910634503094, 476.8848988407415], [0.0, 0.0, 1.0]], [[1249.9629280788233, 0.0, 825.3768045375984], [0.0, 1249.9629280788233, 462.54816385708756], [0.0, 0.0, 1.0]]], "extrinsics": [[[0.824688196182251, -0.5655430555343628, -0.007104840595275164, -0.8519287109375], [-0.00012242361844982952, 0.012383379973471165, -0.9999232888221741, 1.4882781505584717], [0.5655876994132996, 0.8246258497238159, 0.010143189691007137, -1.2279052734375], [0.0, 0.0, 0.0, 1.0]], [[0.013353414833545685, -0.9998766779899597, -0.008260367438197136, 0.0072174072265625], [0.001962941838428378, 0.008287301287055016, -0.9999637603759766, 1.4804706573486328], [0.9999088644981384, 0.013336743228137493, 0.0020733627025038004, -1.5809326171875], [0.0, 0.0, 0.0, 1.0]], [[-0.8427390456199646, -0.5382577776908875, -0.008335179649293423, 0.9893798828125], [0.010128278285264969, -0.00037295243237167597, -0.9999486207962036, 1.4942893981933594], [0.5382270216941833, -0.8427801728248596, 0.00576592655852437, -1.212890625], [0.0, 0.0, 0.0, 1.0]], [[0.9478141665458679, 0.3186773955821991, -0.009648652747273445, -1.1402587890625], [-0.015127832069993019, 0.014722946099936962, -0.9997771382331848, 1.5619850158691406], [-0.31846433877944946, 0.9477488994598389, 0.018775513395667076, -0.1573486328125], [0.0, 0.0, 0.0, 1.0]], [[0.008321141824126244, 0.9999398589134216, 0.007146045099943876, -0.0285186767578125], [