[{"images": ["samples/CAM_FRONT_LEFT/n015-2018-08-01-17-04-15+0800__CAM_FRONT_LEFT__1533114266654844.jpg", "samples/CAM_FRONT/n015-2018-08-01-17-04-15+0800__CAM_FRONT__1533114266662460.jpg", "samples/CAM_FRONT_RIGHT/n015-2018-08-01-17-04-15+0800__CAM_FRONT_RIGHT__1533114266670339.jpg", "samples/CAM_BACK_LEFT/n015-2018-08-01-17-04-15+0800__CAM_BACK_LEFT__1533114266697423.jpg", "samples/CAM_BACK/n015-2018-08-01-17-04-15+0800__CAM_BACK__1533114266687525.jpg", "samples/CAM_BACK_RIGHT/n015-2018-08-01-17-04-15+0800__CAM_BACK_RIGHT__1533114266677893.jpg"], "intrinsics": [[[1272.5979470598488, 0.0, 826.6154927353808], [0.0, 1272.5979470598488, 479.75165386361925], [0.0, 0.0, 1.0]], [[1266.417203046554, 0.0, 816.2670197447984], [0.0, 1266.417203046554, 491.50706579294757], [0.0, 0.0, 1.0]], [[1260.8474446004698, 0.0, 807.968244525554], [0.0, 1260.8474446004698, 495.3344268742088], [0.0, 0.0, 1.0]], [[1256.7414812095406, 0.0, 792.1125740759628], [0.0, 1256.7414812095406, 492.7757465151356], [0.0, 0.0, 1.0]], [[809.2209905677063, 0.0, 829.2196003259838], [0.0, 809.2209905677063, 481.77842384512485], [0.0, 0.0, 1.0]], [[1259.5137405846733, 0.0, 807.2529053838625], [0.0, 1259.5137405846733, 501.19579884916527], [0.0, 0.0, 1.0]]], "extrinsics": [[[0.8203211426734924, -0.5716434717178345, 0.017227623611688614, -0.95758056640625], [0.016929058358073235, -0.0058385939337313175, -0.9998396635055542, 1.5084009170532227], [0.571652352809906, 0.8204813599586487, 0.004887862130999565, -1.275360107421875], [0.0, 0.0, 0.0, 1.0]], [[0.005138706881552935, -0.9999372363090515, 0.009955222718417645, 0.00539398193359375], [0.011648861691355705, -0.009894821792840958, -0.999883234500885, 1.5206222534179688], [0.9999188780784607, 0.005254039540886879, 0.01159728318452835, -1.68505859375], [0.0, 0.0, 0.0, 1.0]], [[-0.8328956961631775, -0.553122341632843, -0.018451359122991562, 1.02752685546875], [0.017292628064751625, 0.0073133050464093685, -0.9998236894607544, 1.5037422180175781], [0.5531597137451172, -0.8330678343772888, 0.0034737205132842064, -1.245361328125], [0.0, 0.0, 0.0, 1.0]], [[0.9476001262664795, 0.31898942589759827, 0.017312204465270042, -1.14227294921875], [0.026014426723122597, -0.023040030151605606, -0.999396026134491, 1.5885543823242188], [-0.3183978796005249, 0.947478175163269, -0.030131062492728233, -0.10369873046875], [0.0, 0.0, 0.0, 1.0]], [[0.002750328741967678, 0.9999114871025085, -0.013022801838815212, 0.0027313232421875], [0.000574388715904206, -0.013024428859353065, -0.9999150633811951, 1.5793591737747192], [-0.9999960064888, 0.0027426183223724365, -0.0006101604667492211, -0.00018310546875], [0.0, 0.0, 0.0, 1.0]], [[-0.9343181252479553, 0.3551579713821411, -0.030205994844436646, 1.1322021484375], [0.03318748250603676, 0.0023042981047183275, -0.9994465112686157, 1.5515899658203125], [-0.3548918068408966, -0.9348034858703613, -0.013939746655523777, -0.0650177001953125], [0.0, 0.0, 0.0, 1.0]]], "view": [[0.0, -2.0, 100.0], [-2.0, 0.0, 100.0], [0.0, 0.0, 1.0]], "bev": "bev_7be8cbf65cfb4d4ea76d67b320e74662.png", "aux": "aux_7be8cbf65cfb4d4ea76d67b320e74662.npz", "visibility": "visibility_7be8cbf65cfb4d4ea76d67b320e74662.png", "pose": [[0.34642332792282104, -0.9380782842636108, 0.0, 335.72235107421875], [0.9380782842636108, 0.34642332792282104, 0.0, 683.7489624023438], [0.0, 0.0, 1.0, 0.0], [0.0, 0.0, 0.0, 1.0]], "pose_inverse": [[0.34642332792282104, 0.9380782842636108, 0.0, -757.7120971679688], [-0.9380782842636108, 0.34642332792282104, 0.0, 78.06726837158203], [0.0, 0.0, 1.0, 0.0], [0.0, 0.0, 0.0, 1.0]], "cam_ids": [0, 1, 2, 3, 4, 5], "cam_channels": ["CAM_FRONT_LEFT", "CAM_FRONT", "CAM_FRONT_RIGHT", "CAM_BACK_LEFT", "CAM_BACK", "CAM_BACK_RIGHT"], "token": "7be8cbf65cfb4d4ea76d67b320e74662", "scene": "scene-0149"}, {"images": ["samples/CAM_FRONT_LEFT/n015-2018-08-01-17-04-15+0800__CAM_FRONT_LEFT__1533114267154844.jpg", "samples/CAM_FRONT/n015-2018-08-01-17-04-15+0800__CAM_FRONT__1533114267162460.jpg", "samples/CAM_FRONT_RIGHT/n015-2018-08-01-17-04-15+0800__CAM_FRONT_RIGHT__1533114267170339.jpg", "samples/CAM_BACK_LEFT/n015-2018-08-01-17-04-15+0800__CAM_BACK_LEFT__1533114267197423.jpg", "samples/CAM_BACK/n015-2018-08-01-17-04-15+0800__CAM_BACK__1533114267187525.jpg", "samples/CAM_BACK_RIGHT/n015-2018-08-01-17-04-15+0800__CAM_BACK_RIGHT__1533114267177893.jpg"], "intrinsics": [[[1272.5979470598488, 0.0, 826.6154927353808], [0.0, 1272.5979470598488, 479.75165386361925], [0.0, 0.0, 1.0]], [[1266.417203046554, 0.0, 816.2670197447984], [0.0, 1266.417203046554, 491.50706579294757], [0.0, 0.0, 1.0]], [[1260.8474446004698, 0.0, 807.968244525554], [0.0, 1260.8474446004698, 495.3344268742088], [0.0, 0.0, 1.0]], [[1256.7414812095406, 0.0, 792.1125740759628], [0.0, 1256.7414812095406, 492.7757465151356], [0.0, 0.0, 1.0]], [[809.2209905677063, 0.0, 829.2196003259838], [0.0, 809.2209905677063, 481.77842384512485], [0.0, 0.0, 1.0]], [[1259.5137405846733, 0.0, 807.2529053838625], [0.0, 1259.5137405846733, 501.19579884916527], [0.0, 0.0, 1.0]]], "extrinsics": [[[0.819575309753418, -0.5726957321166992, 0.017774038016796112, -0.93927001953125], [0.016954462975263596, -0.006767322774976492, -0.999833345413208, 1.5087757110595703], [0.5727205872535706, 0.8197401165962219, 0.004163418430835009, -1.263031005859375], [0.0, 0.0, 0.0, 1.0]], [[0.004055816680192947, -0.9999326467514038, 0.010875537060201168, 0.00572967529296875], [0.011622684076428413, -0.010827756486833096, -0.9998738765716553, 1.5208349227905273], [0.9999241828918457, 0.004181648138910532, 0.011577987112104893, -1.66693115234375], [0.0, 0.0, 0.0, 1.0]], [[-0.8333670496940613, -0.5524303913116455, -0.017886687070131302, 1.01593017578125], [0.017242372035980225, 0.006361778359860182, -0.9998310804367065, 1.5039825439453125], [0.5524508953094482, -0.8335346579551697, 0.004223515745252371, -1.2374267578125], [0.0, 0.0, 0.0, 1.0]], [[0.947614848613739, 0.31897661089897156, 0.016734855249524117, -1.1422119140625], [0.025756126269698143, -0.02408464066684246, -0.9993780255317688, 1.5885562896728516], [-0.3183751404285431, 0.9474565386772156, -0.0310385599732399, -0.10369873046875], [0.0, 0.0, 0.0, 1.0]], [[0.00308213010430336, 0.9998968839645386, -0.014024456962943077, 0.002655029296875], [0.0003893882385455072, -0.014025721698999405, -0.999901533126831, 1.579363465309143], [-0.9999951720237732, 0.0030763607937842607, -0.00043257660581730306, -0.00537109375], [0.0, 0.0, 0.0, 1.0]], [[-0.9340980052947998, 0.35571572184562683, -0.030451251193881035, 1.12261962890625], [0.03308265656232834, 0.001315324567258358, -0.999451756477356, 1.5519256591796875], [-0.35548073053359985, -0.9345933794975281, -0.012996663339436054, -0.0685272216796875], [0.0, 0.0, 0.0, 1.0]]], "view": [[0.0, -2.0, 100.0], [-2.0, 0.0, 100.0], [0.0, 0.0, 1.0]], "bev": "bev_d38760610f144311820dffbe70ecb396.png", "aux": "aux_d38760610f144311820dffbe70ecb396.npz", "visibility": "visibility_d38760610f144311820dffbe70ecb396.png", "pose": [[0.3344239592552185, -0.9424227476119995, 0.0, 335.8096008300781], [0.9424227476119995, 0.3344239592552185, 0.0, 683.9740600585938], [0.0, 0.0, 1.0, 0.0], [0.0, 0.0, 0.0, 1.0]], "pose_inverse": [[0.3344239592552185, 0.9424227476119995, 0.0, -756.8955078125], [-0.9424227476119995, 0.3344239592552185, 0.0, 87.73729705810547], [0.0, 0.0, 1.0, 0.0], [0.0, 0.0, 0.0, 1.0]], "cam_ids": [0, 1, 2, 3, 4, 5], "cam_channels": ["CAM_FRONT_LEFT", "CAM_FRONT", "CAM_FRONT_RIGHT", "CAM_BACK_LEFT", "CAM_BACK", "CAM_BACK_RIGHT"], "token": "d38760610f144311820dffbe70ecb396", "scene": "scene-0149"}, {"images": ["samples/CAM_FRONT_LEFT/n015-2018-08-01-17-04-15+0800__CAM_FRONT_LEFT__1533114267654844.jpg", "samples/CAM_FRONT/n015-2018-08-01-17-04-15+0800__CAM_FRONT__1533114267662460.jpg", "samples/CAM_FRONT_RIGHT/n015-2018-08-01-17-04-15+0800__CAM_FRONT_RIGHT__1533114267670339.jpg", "samples/CAM_BACK_LEFT/n015-2018-08-01-17-04-15+0800__CAM_BACK_LEFT__1533114267697423.jpg", "samples/CAM_BACK/n015-2018-08-01-17-04-15+0800__CAM_BACK__1533114267687525.jpg", "samples/CAM_BACK_RIGHT/n015-2018-08-01-17-04-15+0800__CAM_BACK_RIGHT__1533114267677893.jpg"], "intrinsics": [[[1272.5979470598488, 0.0, 826.6154927353808], [0.0, 1272.5979470598488, 479.75165386361925], [0.0, 0.0, 1.0]], [[1266.417203046554, 0.0, 816.2670197447984], [0.0, 1266.417203046554, 491.50706579294757], [0.0, 0.0, 1.0]], [[1260.8474446004698, 0.0, 807.968244525554], [0.0, 1260.8474446004698, 495.3344268742088], [0.0, 0.0, 1.0]], [[1256.7414812095406, 0.0, 792.1125740759628], [0.0, 1256.7414812095406, 492.7757465151356], [0.0, 0.0, 1.0]], [[809.2209905677063, 0.0, 829.2196003259838], [0.0, 809.2209905677063, 481.77842384512485], [0.0, 0.0, 1.0]], [[1259.5137405846733, 0.0, 807.2529053838625], [0.0, 1259.5137405846733, 501.19579884916527], [0.0, 0.0, 1.0]]], "extrinsics": [[[0.8185499906539917, -0.5742460489273071, 0.014744422398507595, -0.9119873046875], [0.012596124783158302, -0.007718393579125404, -0.999890923500061, 1.5090627670288086], [0.5742971301078796, 0.8186464309692383, 0.0009153843275271356, -1.24359130859375], [0.0, 0.0, 0.0, 1.0]], [[0.0025486552622169256, -0.9999273419380188, 0.01178571954369545, 0.00551605224609375], [0.0071749999187886715, -0.011767170391976833, -0.9999050498008728, 1.52091646194458], [0.9999710321426392, 0.0026329567190259695, 0.007144487928599119, -1.63934326171875], [0.0, 0.0, 0.0, 1.0]], [[-0.8340997099876404, -0.5514455437660217, -0.013620358891785145, 0.99822998046875], [0.012739158235490322, 0.00542814377695322, -0.9999040961265564, 1.504164695739746], [0.5514665842056274, -0.834193229675293, 0.002497337991371751, -1.225860595703125], [0.0, 0.0, 0.0, 1.0]], [[0.9476718306541443, 0.3190234303474426, 0.011921503581106663, -1.14251708984375], [0.0210061464458704, -0.02505083568394184, -0.9994654059410095, 1.588552474975586], [-0.31855425238609314, 0.9474157094955444, -0.030441422015428543, -0.1036376953125], [0.0, 0.0, 0.0, 1.0]], [[0.003430719720199704, 0.9998820424079895, -0.014974209479987621, 0.002777099609375], [-0.0042883725836873055, -0.01495944894850254, -0.9998789429664612, 1.5792958736419678], [-0.9999849796295166, 0.003494447097182274, 0.004236544948071241, -0.012939453125], [0.0, 0.0, 0.0, 1.0]], [[-0.9339242577552795, 0.3564879596233368, -0.026493752375245094, 1.10858154296875], [0.0284965131431818, 0.0003663244715426117, -0.9995938539505005, 1.5522918701171875], [-0.35633349418640137, -0.9342998266220093, -0.010500784032046795, -0.0739898681640625], [0.0, 0.0, 0.0, 1.0]]], "view": [[0.0, -2.0, 100.0], [-2.0, 0.0, 100.0], [0.0, 0.0, 1.0]], "bev": "bev_9a851ada7d2c408eb7c0a2b1951ea039.png", "aux": "aux_9a851ada7d2c408eb7c0a2b1951ea039.npz", "visibility": "visibility_9a851ada7d2c408eb7c0a2b1951ea039.png", "pose": [[0.30271804332733154, -0.9530801773071289, 0.0, 336.0010986328125], [0.9530801773071289, 0.30271804332733154, 0.0, 684.5303955078125], [0.0, 0.0, 1.0, 0.0], [0.0, 0.0, 0.0, 1.0]], "pose_inverse": [[0.30271804332733154, 0.9530801773071289, 0.0, -754.1259155273438], [-0.9530801773071289, 0.30271804332733154, 0.0, 113.01628112792969], [0.0, 0.0, 1.0, 0.0], [0.0, 0.0, 0.0, 1.0]], "cam_ids": [0, 1, 2, 3, 4, 5], "cam_channels": ["CAM_FRONT_LEFT", "CAM_FRONT", "CAM_FRONT_RIGHT", "CAM_BACK_LEFT", "CAM_BACK", "CAM_BACK_RIGHT"], "token": "9a851ada7d2c408eb7c0a2b1951ea039", "scene": "scene-0149"}, {"images": ["samples/CAM_FRONT_LEFT/n015-2018-08-01-17-04-15+0800__CAM_FRONT_LEFT__1533114268104844.jpg", "samples/CAM_FRONT/n015-2018-08-01-17-04-15+0800__CAM_FRONT__1533114268112460.jpg", "samples/CAM_FRONT_RIGHT/n015-2018-08-01-17-04-15+0800__CAM_FRONT_RIGHT__1533114268120339.jpg", "samples/CAM_BACK_LEFT/n015-2018-08-01-17-04-15+0800__CAM_BACK_LEFT__1533114268147423.jpg", "samples/CAM_BACK/n015-2018-08-01-17-04-15+0800__CAM_BACK__1533114268137525.jpg", "samples/CAM_BACK_RIGHT/n015-2018-08-01-17-04-15+0800__CAM_BACK_RIGHT__1533114268127893.jpg"], "intrinsics": [[[1272.5979470598488, 0.0, 826.6154927353808], [0.0, 1272.5979470598488, 479.75165386361925], [0.0, 0.0, 1.0]], [[1266.417203046554, 0.0, 816.2670197447984], [0.0, 1266.417203046554, 491.50706579294757], [0.0, 0.0, 1.0]], [[1260.8474446004698, 0.0, 807.968244525554], [0.0, 1260.8474446004698, 495.3344268742088], [0.0, 0.0, 1.0]], [[1256.7414812095406, 0.0, 792.1125740759628], [0.0, 1256.7414812095406, 492.7757465151356], [0.0, 0.0, 1.0]], [[809.2209905677063, 0.0, 829.2196003259838], [0.0, 809.2209905677063, 481.77842384512485], [0.0, 0.0, 1.0]], [[1259.5137405846733, 0.0, 807.2529053838625], [0.0, 1259.5137405846733, 501.19579884916527], [0.0, 0.0, 1.0]]], "extrinsics": [[[0.817602276802063, -0.5757017731666565, 0.009694078005850315, -0.890380859375], [0.007218535058200359, -0.006586266215890646, -0.9999522566795349, 1.5089073181152344], [0.5757381319999695, 0.8176332116127014, -0.001229222514666617, -1.228759765625], [0.0, 0.0, 0.0, 1.0]], [[0.001197600387968123, -0.9999439120292664, 0.010518147610127926, 0.0057830810546875], [0.0018510536756366491, -0.01051592081785202, -0.9999430179595947, 1.5206772089004517], [0.9999975562095642, 0.0012170617701485753, 0.001838355092331767, -1.61834716796875], [0.0, 0.0, 0.0, 1.0]], [[-0.8347429633140564, -0.550549328327179, -0.009981691837310791, 0.98504638671875], [0.007483902387320995, 0.0067824069410562515, -0.9999489784240723, 1.5040667057037354], [0.5505889654159546, -0.8347751498222351, -0.0015413076616823673, -1.21697998046875], [0.0, 0.0, 0.0, 1.0]], [[0.9476819038391113, 0.3191261291503906, 0.007581385783851147, -1.14337158203125], [0.01584484614431858, -0.023305831477046013, -0.9996027946472168, 1.588536262512207], [-0.3188226819038391, 0.9474256634712219, -0.027143020182847977, -0.10333251953125], [0.0, 0.0, 0.0, 1.0]], [[0.0037085372023284435, 0.999903678894043, -0.013378129340708256, 0.002716064453125], [-0.009468399919569492, -0.013342511840164661, -0.9998661875724792, 1.5791678428649902], [-0.9999483227729797, 0.003834699746221304, 0.009418003261089325, -0.018310546875], [0.0, 0.0, 0.0, 1.0]], [[-0.9337847232818604, 0.35721343755722046, -0.0210866816341877, 1.0980224609375], [0.023279860615730286, 0.0018404810689389706, -0.9997272491455078, 1.5524015426635742], [-0.3570772409439087, -0.9340210556983948, -0.010034492239356041, -0.0779571533203125], [0.0, 0.0, 0.0, 1.0]]], "view": [[0.0, -2.0, 100.0], [-2.0, 0.0, 100.0], [0.0, 0.0, 1.0]], "bev": "bev_0ba1e7a677004a62b2104ccf8faf441f.png", "aux": "aux_0ba1e7a677004a62b2104ccf8faf441f.npz", "visibility": "visibility_0ba1e7a677004a62b2104ccf8faf441f.png", "pose": [[0.25471237301826477, -0.967016875743866, 0.0, 336.2362976074219], [0.967016875743866, 0.25471237301826477, 0.0, 685.3292846679688], [0.0, 0.0, 1.0, 0.0], [0.0, 0.0, 0.0, 1.0]], "pose_inverse": [[0.25471237301826477, 0.967016875743866, 0.0, -748.3685302734375], [-0.967016875743866, 0.25471237301826477, 0.0, 150.58432006835938], [0.0, 0.0, 1.0, 0.0], [0.0, 0.0, 0.0, 1.0]], "cam_ids": [0, 1, 2, 3, 4, 5], "cam_channels": ["CAM_FRONT_LEFT", "CAM_FRONT", "CAM_FRONT_RIGHT", "CAM_BACK_LEFT", "CAM_BACK", "CAM_BACK_RIGHT"], "token": "0ba1e7a677004a62b2104ccf8faf441f", "scene": "scene-0149"}, {"images": ["samples/CAM_FRONT_LEFT/n015-2018-08-01-17-04-15+0800__CAM_FRONT_LEFT__1533114268604844.jpg", "samples/CAM_FRONT/n015-2018-08-01-17-04-15+0800__CAM_FRONT__1533114268612460.jpg", "samples/CAM_FRONT_RIGHT/n015-2018-08-01-17-04-15+0800__CAM_FRONT_RIGHT__1533114268620339.jpg", "samples/CAM_BACK_LEFT/n015-2018-08-01-17-04-15+0800__CAM_BACK_LEFT__1533114268647423.jpg", "samples/CAM_BACK/n015-2018-08-01-17-04-15+0800__CAM_BACK__1533114268637525.jpg", "samples/CAM_BACK_RIGHT/n015-2018-08-01-17-04-15+0800__CAM_BACK_RIGHT__1533114268627893.jpg"], "intrinsics": [[[1272.5979470598488, 0.0, 826.6154927353808], [0.0, 1272.5979470598488, 479.75165386361925], [0.0, 0.0, 1.0]], [[1266.417203046554, 0.0, 816.2670197447984], [0.0, 1266.417203046554, 491.50706579294757], [0.0, 0.0, 1.0]], [[1260.8474446004698, 0.0, 807.968244525554], [0.0, 1260.8474446004698, 495.3344268742088], [0.0, 0.0, 1.0]], [[1256.7414812095406, 0.0, 792.1125740759628], [0.0, 1256.7414812095406, 492.7757465151356], [0.0, 0.0, 1.0]], [[809.2209905677063, 0.0, 829.2196003259838], [0.0, 809.2209905677063, 481.77842384512485], [0.0, 0.0, 1.0]], [[1259.5137405846733, 0.0, 807.2529053838625], [0.0, 1259.5137405846733, 501.19579884916527], [0.0, 0.0, 1.0]]], "extrinsics": [[[0.8160396814346313, -0.5779921412467957, 0.0020853036548942327, -0.87451171875], [-4.389086097944528e-05, -0.003669784404337406, -0.9999932646751404, 1.508249044418335], [0.5779958963394165, 0.8160341382026672, -0.0030200581531971693, -1.2180938720703125], [0.0, 0.0, 0.0, 1.0]], [[-0.0009999664034694433, -0.9999704360961914, 0.007634460460394621, 0.0062103271484375], [-0.00545941386371851, -0.007628891617059708, -0.9999560117721558, 1.520052433013916], [0.999984622001648, -0.0010416237637400627, -0.0054516238160431385, -1.6026611328125], [0.0, 0.0, 0.0, 1.0]], [[-0.8357510566711426, -0.5490817427635193, -0.005416822154074907, 0.975006103515625], [0.00016490468988195062, 0.009613784030079842, -0.9999537467956543, 1.5036468505859375], [0.5491084456443787, -0.8357133865356445, -0.007944183424115181, -1.21002197265625], [0.0, 0.0, 0.0, 1.0]], [[0.9476699233055115, 0.3192477822303772, 0.0015802918933331966, -1.1436767578125], [0.008602938614785671, -0.020588550716638565, -0.9997510313987732, 1.588541030883789], [-0.31913575530052185, 0.9474475979804993, -0.022257618606090546, -0.103179931640625], [0.0, 0.0, 0.0, 1.0]], [[0.0042134784162044525, 0.9999344348907471, -0.01065715029835701, 0.0026702880859375], [-0.016814852133393288, -0.010584891773760319, -0.9998025894165039, 1.578948974609375], [-0.9998497366905212, 0.004391847178339958, 0.016769148409366608, -0.02252197265625], [0.0, 0.0, 0.0, 1.0]], [[-0.933470606803894, 0.35841047763824463, -0.013211274519562721, 1.0897216796875], [0.01591786928474903, 0.004601988475769758, -0.9998627305030823, 1.5522375106811523], [-0.3583003580570221, -0.9335528016090393, -0.010000951588153839, -0.08087158203125], [0.0, 0.0, 0.0, 1.0]]], "view": [[0.0, -2.0, 100.0], [-2.0, 0.0, 100.0], [0.0, 0.0, 1.0]], "bev": "bev_7a8972531e074cc5b6908e984439eaf4.png", "aux": "aux_7a8972531e074cc5b6908e984439eaf4.npz", "visibility": "visibility_7a8972531e074cc5b6908e984439eaf4.png", "pose": [[0.17276783287525177, -0.9849625825881958, 0.0, 336.50958251953125], [0.9849625825881958, 0.17276783287525177, 0.0, 686.5118408203125], [0.0, 0.0, 1.0, 0.0], [0.0, 0.0, 0.0, 1.0]], "pose_inverse": [[0.17276783287525177, 0.9849625825881958, 0.0, -734.3264770507812], [-0.9849625825881958, 0.17276783287525177, 0.0, 212.84219360351562], [0.0, 0.0, 1.0, 0.0], [0.0, 0.0, 0.0, 1.0]], "cam_ids": [0, 1, 2, 3, 4, 5], "cam_channels": ["CAM_FRONT_LEFT", "CAM_FRONT", "CAM_FRONT_RIGHT", "CAM_BACK_LEFT", "CAM_BACK", "CAM_BACK_RIGHT"], "token": "7a8972531e074cc5b6908e984439eaf4", "scene": "scene-0149"}, {"images": ["samples/CAM_FRONT_LEFT/n015-2018-08-01-17-04-15+0800__CAM_FRONT_LEFT__1533114269104844.jpg", "samples/CAM_FRONT/n015-2018-08-01-17-04-15+0800__CAM_FRONT__1533114269112460.jpg", "samples/CAM_FRONT_RIGHT/n015-2018-08-01-17-04-15+0800__CAM_FRONT_RIGHT__1533114269120339.jpg", "samples/CAM_BACK_LEFT/n015-2018-08-01-17-04-15+0800__CAM_BACK_LEFT__1533114269147423.jpg", "samples/CAM_BACK/n015-2018-08-01-17-04-15+0800__CAM_BACK__1533114269137525.jpg", "samples/CAM_BACK_RIGHT/n015-2018-08-01-17-04-15+0800__CAM_BACK_RIGHT__1533114269127893.jpg"], "intrinsics": [[[1272.5979470598488, 0.0, 826.6154927353808], [0.0, 1272.5979470598488, 479.75165386361925], [0.0, 0.0, 1.0]], [[1266.417203046554, 0.0, 816.2670197447984], [0.0, 1266.417203046554, 491.50706579294757], [0.0, 0.0, 1.0]], [[1260.8474446004698, 0.0, 807.968244525554], [0.0, 1260.8474446004698, 495.3344268742088], [0.0, 0.0, 1.0]], [[1256.7414812095406, 0.0, 792.1125740759628], [0.0, 1256.7414812095406, 492.7757465151356], [0.0, 0.0, 1.0]], [[809.2209905677063, 0.0, 829.2196003259838], [0.0, 809.2209905677063, 481.77842384512485], [0.0, 0.0, 1.0]], [[1259.5137405846733, 0.0, 807.2529053838625], [0.0, 1259.5137405846733, 501.19579884916527], [0.0, 0.0, 1.0]]], "extrinsics": [[[0.8135891556739807, -0.5814244747161865, -0.0042784735560417175, -0.8507080078125], [-0.0029702624306082726, 0.003202238818630576, -0.9999904632568359, 1.507829189300537], [0.581432580947876, 0.8135941624641418, 0.0008783235680311918, -1.200775146484375], [0.0, 0.0, 0.0, 1.0]], [[-0.004421493969857693, -0.9999901056289673, 0.0004872144781984389, 0.005889892578125], [-0.008280827663838863, -0.0004505885299295187, -0.9999656677246094, 1.5195894241333008], [0.9999558925628662, -0.004425377584993839, -0.008278753608465195, -1.57830810546875], [0.0, 0.0, 0.0, 1.0]], [[-0.8372157216072083, -0.5468246340751648, -0.007254266180098057, 0.95916748046875], [-0.002486386802047491, 0.01707097329199314, -0.9998511672019958, 1.5034074783325195], [0.5468670725822449, -0.8370731472969055, -0.015651704743504524, -1.19970703125], [0.0, 0.0, 0.0, 1.0]], [[0.9476816654205322, 0.31921136379241943, 0.0019161534728482366, -1.1424560546875], [0.006233676802366972, -0.012504488229751587, -0.9999023675918579, 1.5885567665100098], [-0.3191562592983246, 0.9476010799407959, -0.01384013332426548, -0.10369873046875], [0.0, 0.0, 0.0, 1.0]], [[0.005215744022279978, 0.9999821186065674, -0.0029471612069755793, 0.00274658203125], [-0.01927097886800766, -0.002846140181645751, -0.9998102784156799, 1.5787372589111328], [-0.9998006820678711, 0.005271549336612225, 0.01925578899681568, -0.0302734375], [0.0, 0.0, 0.0, 1.0]], [[-0.9328048825263977, 0.3602902591228485, -0.008122903294861317, 1.07666015625], [0.013377000577747822, 0.01209176890552044, -0.9998373985290527, 1.5522947311401367], [-0.36013346910476685, -0.9327619671821594, -0.016098864376544952, -0.08599090576171875], [0.0, 0.0, 0.0, 1.0]]], "view": [[0.0, -2.0, 100.0], [-2.0, 0.0, 100.0], [0.0, 0.0, 1.0]], "bev": "bev_1d1fa7d1181e48e48bc3e9fdc6bc03e3.png", "aux": "aux_1d1fa7d1181e48e48bc3e9fdc6bc03e3.npz", "visibility": "visibility_1d1fa7d1181e48e48bc3e9fdc6bc03e3.png", "pose": [[0.04846767336130142, -0.9988247752189636, 0.0, 336.6876220703125], [0.9988247752189636, 0.04846767336130142, 0.0, 687.9678955078125], [0.0, 0.0, 1.0, 0.0], [0.0, 0.0, 0.0, 1.0]], "pose_inverse": [[0.04846767336130142, 0.9988247752189636, 0.0, -703.4778442382812], [-0.9988247752189636, 0.04846767336130142, 0.0, 302.9477233886719], [0.0, 0.0, 1.0, 0.0], [0.0, 0.0, 0.0, 1.0]], "cam_ids": [0, 1, 2, 3, 4, 5], "cam_channels": ["CAM_FRONT_LEFT", "CAM_FRONT", "CAM_FRONT_RIGHT", "CAM_BACK_LEFT", "CAM_BACK", "CAM_BACK_RIGHT"], "token": "1d1fa7d1181e48e48bc3e9fdc6bc03e3", "scene": "scene-0149"}, {"images": ["samples/CAM_FRONT_LEFT/n015-2018-08-01-17-04-15+0800__CAM_FRONT_LEFT__1533114269604844.jpg", "samples/CAM_FRONT/n015-2018-08-01-17-04-15+0800__CAM_FRONT__1533114269612460.jpg", "samples/CAM_FRONT_RIGHT/n015-2018-08-01-17-04-15+0800__CAM_FRONT_RIGHT__1533114269620339.jpg", "samples/CAM_BACK_LEFT/n015-2018-08-01-17-04-15+0800__CAM_BACK_LEFT__1533114269647423.jpg", "samples/CAM_BACK/n015-2018-08-01-17-04-15+0800__CAM_BACK__1533114269637525.jpg", "samples/CAM_BACK_RIGHT/n015-2018-08-01-17-04-15+0800__CAM_BACK_RIGHT__1533114269627893.jpg"], "intrinsics": [[[1272.5979470598488, 0.0, 826.6154927353808], [0.0, 1272.5979470598488, 479.75165386361925], [0.0, 0.0, 1.0]], [[1266.417203046554, 0.0, 816.2670197447984], [0.0, 1266.417203046554, 491.50706579294757], [0.0, 0.0, 1.0]], [[1260.8474446004698, 0.0, 807.968244525554], [0.0, 1260.8474446004698, 495.3344268742088], [0.0, 0.0, 1.0]], [[1256.7414812095406, 0.0, 792.1125740759628], [0.0, 1256.7414812095406, 492.7757465151356], [0.0, 0.0, 1.0]], [[809.2209905677063, 0.0, 829.2196003259838], [0.0, 809.2209905677063, 481.77842384512485], [0.0, 0.0, 1.0]], [[1259.5137405846733, 0.0, 807.2529053838625], [0.0, 1259.5137405846733, 501.19579884916527], [0.0, 0.0, 1.0]]], "extrinsics": [[[0.8127292990684509, -0.5825253129005432, -0.01163048017770052, -0.84564208984375], [-0.005488368216902018, 0.012306532822549343, -0.9999092221260071, 1.507420539855957], [0.5826155543327332, 0.8127193450927734, 0.006804767530411482, -1.1977157592773438], [0.0, 0.0, 0.0, 1.0]], [[-0.005601812154054642, -0.9999510645866394, -0.00815491657704115, 0.006378173828125], [-0.011003999039530754, 0.0082161920145154, -0.9999057054519653, 1.5192060470581055], [0.9999237656593323, -0.005511555355042219, -0.011049485765397549, -1.5731201171875], [0.0, 0.0, 0.0, 1.0]], [[-0.83772212266922, -0.5460178256034851, -0.009279157035052776, 0.955810546875], [-0.00539762107655406, 0.025269802659749985, -0.9996660947799683, 1.503108024597168], [0.5460700392723083, -0.837392270565033, -0.02411627024412155, -1.197021484375], [0.0, 0.0, 0.0, 1.0]], [[0.9476428627967834, 0.31933093070983887, 0.0009117964073084295, -1.142364501953125], [0.002790661994367838, -0.005426257383078337, -0.9999813437461853, 1.5885553359985352], [-0.31932002305984497, 0.9476276636123657, -0.006033297162503004, -0.10369873046875], [0.0, 0.0, 0.0, 1.0]], [[0.005529932212084532, 0.9999738931655884, 0.004636314697563648, 0.002655029296875], [-0.022528212517499924, 0.004759789444506168, -0.9997348785400391, 1.5785865783691406], [-0.9997309446334839, 0.005424025934189558, 0.0225539468228817, -0.03216552734375], [0.0, 0.0, 0.0, 1.0]], [[-0.9325932860374451, 0.36092132329940796, -0.0023717028088867664, 1.07330322265625], [0.010308915749192238, 0.02006787806749344, -0.9997454881668091, 1.5521228313446045], [-0.3607819080352783, -0.9323803782463074, -0.022435875609517097, -0.0869903564453125], [0.0, 0.0, 0.0, 1.0]]], "view": [[0.0, -2.0, 100.0], [-2.0, 0.0, 100.0], [0.0, 0.0, 1.0]], "bev": "bev_26524a98c3754cf68fc0f8b7f2ce0cec.png", "aux": "aux_26524a98c3754cf68fc0f8b7f2ce0cec.npz", "visibility": "visibility_26524a98c3754cf68fc0f8b7f2ce0cec.png", "pose": [[-0.1083698719739914, -0.994110643863678, 0.0, 336.6583557128906], [0.994110643863678, -0.1083698719739914, 0.0, 689.62451171875], [0.0, 0.0, 1.0, 0.0], [0.0, 0.0, 0.0, 1.0]], "pose_inverse": [[-0.1083698719739914, 0.994110643863678, 0.0, -649.0794677734375], [-0.994110643863678, -0.1083698719739914, 0.0, 409.4101867675781], [0.0, 0.0, 1.0, 0.0], [0.0, 0.0, 0.0, 1.0]], "cam_ids": [0, 1, 2, 3, 4, 5], "cam_channels": ["CAM_FRONT_LEFT", "CAM_FRONT", "CAM_FRONT_RIGHT", "CAM_BACK_LEFT", "CAM_BACK", "CAM_BACK_RIGHT"], "token": "26524a98c3754cf68fc0f8b7f2ce0cec", "scene": "scene-0149"}, {"images": ["samples/CAM_FRONT_LEFT/n015-2018-08-01-17-04-15+0800__CAM_FRONT_LEFT__1533114270154844.jpg", "samples/CAM_FRONT/n015-2018-08-01-17-04-15+0800__CAM_FRONT__1533114270162460.jpg", "samples/CAM_FRONT_RIGHT/n015-2018-08-01-17-04-15+0800__CAM_FRONT_RIGHT__1533114270170339.jpg", "samples/CAM_BACK_LEFT/n015-2018-08-01-17-04-15+0800__CAM_BACK_LEFT__1533114270197423.jpg", "samples/CAM_BACK/n015-2018-08-01-17-04-15+0800__CAM_BACK__1533114270187525.jpg", "samples/CAM_BACK_RIGHT/n015-2018-08-01-17-04-15+0800__CAM_BACK_RIGHT__1533114270177893.jpg"], "intrinsics": [[[1272.5979470598488, 0.0, 826.6154927353808], [0.0, 1272.5979470598488, 479.75165386361925], [0.0, 0.0, 1.0]], [[1266.417203046554, 0.0, 816.2670197447984], [0.0, 1266.417203046554, 491.50706579294757], [0.0, 0.0, 1.0]], [[1260.8474446004698, 0.0, 807.968244525554], [0.0, 1260.8474446004698, 495.3344268742088], [0.0, 0.0, 1.0]], [[1256.7414812095406, 0.0, 792.1125740759628], [0.0, 1256.7414812095406, 492.7757465151356], [0.0, 0.0, 1.0]], [[809.2209905677063, 0.0, 829.2196003259838], [0.0, 809.2209905677063, 481.77842384512485], [0.0, 0.0, 1.0]], [[1259.5137405846733, 0.0, 807.2529053838625], [0.0, 1259.5137405846733, 501.19579884916527], [0.0, 0.0, 1.0]]], "extrinsics": [[[0.8120035529136658, -0.5831078290939331, -0.02521032840013504, -0.83026123046875], [-0.013865659013390541, 0.02390935830771923, -0.9996179342269897, 1.505889892578125], [0.5834878087043762, 0.8120428919792175, 0.011329309083521366, -1.1885299682617188], [0.0, 0.0, 0.0, 1.0]], [[-0.006554299499839544, -0.999779224395752, -0.019967475906014442, 0.00775146484375], [-0.019389968365430832, 0.020091217011213303, -0.9996101260185242, 1.5178852081298828], [0.9997904896736145, -0.006164571736007929, -0.01951736770570278, -1.55938720703125], [0.0, 0.0, 0.0, 1.0]], [[-0.8382654190063477, -0.545190155506134, -0.008871062658727169, 0.9474334716796875], [-0.01377982646226883, 0.037445925176143646, -0.999203622341156, 1.502126693725586], [0.5450881719589233, -0.8374756574630737, -0.038902249187231064, -1.19036865234375], [0.0, 0.0, 0.0, 1.0]], [[0.9478413462638855, 0.31872695684432983, -0.0031440898310393095, -1.143096923828125], [-0.006035983562469482, 0.008085998706519604, -0.9999490976333618, 1.588554859161377], [-0.3186853229999542, 0.9478120803833008, 0.009588074870407581, -0.1038818359375], [0.0, 0.0, 0.0, 1.0]], [[0.006174125708639622, 0.9998258352279663, 0.017611723393201828, 0.0018310546875], [-0.031174693256616592, 0.017795948311686516, -0.9993555545806885, 1.5781745910644531], [-0.9994948506355286, 0.005621091928333044, 0.03127913549542427, -0.035400390625], [0.0, 0.0, 0.0, 1.0]], [[-0.9322817921638489, 0.3615918457508087, 0.010093243792653084, 1.06634521484375], [0.0018228745320811868, 0.0325983390212059, -0.9994668960571289, 1.5515270233154297], [-0.36172810196876526, -0.9317664504051208, -0.031049979850649834, -0.088775634765625], [0.0, 0.0, 0.0, 1.0]]], "view": [[0.0, -2.0, 100.0], [-2.0, 0.0, 100.0], [0.0, 0.0, 1.0]], "bev": "bev_03d203bc6766450dbd430d425c9b3447.png", "aux": "aux_03d203bc6766450dbd430d425c9b3447.npz", "visibility": "visibility_03d203bc6766450dbd430d425c9b3447.png", "pose": [[-0.2972174286842346, -0.954809844493866, 0.0, 336.2725524902344], [0.954809844493866, -0.2972174286842346, 0.0, 691.5791625976562], [0.0, 0.0, 1.0, 0.0], [0.0, 0.0, 0.0, 1.0]], "pose_inverse": [[-0.2972174286842346, 0.954809844493866, 0.0, -560.3804931640625], [-0.954809844493866, -0.2972174286842346, 0.0, 526.625732421875], [0.0, 0.0, 1.0, 0.0], [0.0, 0.0, 0.0, 1.0]], "cam_ids": [0, 1, 2, 3, 4, 5], "cam_channels": ["CAM_FRONT_LEFT", "CAM_FRONT", "CAM_FRONT_RIGHT", "CAM_BACK_LEFT", "CAM_BACK", "CAM_BACK_RIGHT"], "token": "03d203bc6766450dbd430d425c9b3447", "scene": "scene-0149"}, {"images": ["samples/CAM_FRONT_LEFT/n015-2018-08-01-17-04-15+0800__CAM_FRONT_LEFT__1533114270654844.jpg", "samples/CAM_FRONT/n015-2018-08-01-17-04-15+0800__CAM_FRONT__1533114270662460.jpg", "samples/CAM_FRONT_RIGHT/n015-2018-08-01-17-04-15+0800__CAM_FRONT_RIGHT__1533114270670460.jpg", "samples/CAM_BACK_LEFT/n015-2018-08-01-17-04-15+0800__CAM_BACK_LEFT__1533114270697423.jpg", "samples/CAM_BACK/n015-2018-08-01-17-04-15+0800__CAM_BACK__1533114270687525.jpg", "samples/CAM_BACK_RIGHT/n015-2018-08-01-17-04-15+0800__CAM_BACK_RIGHT__1533114270677893.jpg"], "intrinsics": [[[1272.5979470598488, 0.0, 826.6154927353808], [0.0, 1272.5979470598488, 479.75165386361925], [0.0, 0.0, 1.0]], [[1266.417203046554, 0.0, 816.2670197447984], [0.0, 1266.417203046554, 491.50706579294757], [0.0, 0.0, 1.0]], [[1260.8474446004698, 0.0, 807.968244525554], [0.0, 1260.8474446004698, 495.3344268742088], [0.0, 0.0, 1.0]], [[1256.7414812095406, 0.0, 792.1125740759628], [0.0, 1256.7414812095406, 492.7757465151356], [0.0, 0.0, 1.0]], [[809.2209905677063, 0.0, 829.2196003259838], [0.0, 809.2209905677063, 481.77842384512485], [0.0, 0.0, 1.0]], [[1259.5137405846733, 0.0, 807.2529053838625], [0.0, 1259.5137405846733, 501.19579884916527], [0.0, 0.0, 1.0]]], "extrinsics": [[[0.8134081363677979, -0.5813190937042236, -0.020863180980086327, -0.80792236328125], [-0.006420490797609091, 0.02689182013273239, -0.9996176958084106, 1.5068531036376953], [0.581657886505127, 0.8132312297821045, 0.018141672015190125, -1.1764373779296875], [0.0, 0.0, 0.0, 1.0]], [[-0.004724094178527594, -0.9997296333312988, -0.02276354469358921, 0.010009765625], [-0.01167518924921751, 0.02281738817691803, -0.999671459197998, 1.5185985565185547], [0.999920666217804, -0.004456828813999891, -0.011779825203120708, -1.53778076171875], [0.0, 0.0, 0.0, 1.0]], [[-0.8374365568161011, -0.5462721586227417, -0.016927042976021767, 0.9347190856933594], [-0.005826065316796303, 0.03989264369010925, -0.9991869330406189, 1.5027713775634766], [0.5465033650398254, -0.8366571664810181, -0.036590177565813065, -1.1796875], [0.0, 0.0, 0.0, 1.0]], [[0.9478951692581177, 0.3185294270515442, 0.005801729392260313, -1.141387939453125], [0.002944610081613064, 0.009450504556298256, -0.9999510049819946, 1.5885534286499023], [-0.318568617105484, 0.9478658437728882, 0.008020143024623394, -0.1046142578125], [0.0, 0.0, 0.0, 1.0]], [[0.005637769587337971, 0.9997960925102234, 0.019391672685742378, 0.0010986328125], [-0.022570643573999405, 0.019514266401529312, -0.9995548129081726, 1.5783138275146484], [-0.999729335308075, 0.005197578109800816, 0.02267605811357498, -0.04266357421875], [0.0, 0.0, 0.0, 1.0]], [[-0.9326762557029724, 0.360700786113739, 0.0031555963214486837, 1.05413818359375], [0.010056405328214169, 0.034745972603559494, -0.999345600605011, 1.5522117614746094], [-0.3605743944644928, -0.9320341944694519, -0.036034099757671356, -0.091888427734375], [0.0, 0.0, 0.0, 1.0]]], "view": [[0.0, -2.0, 100.0], [-2.0, 0.0, 100.0], [0.0, 0.0, 1.0]], "bev": "bev_04ca040f6a154e8497afea38d03b30a0.png", "aux": "aux_04ca040f6a154e8497afea38d03b30a0.npz", "visibility": "visibility_04ca040f6a154e8497afea38d03b30a0.png", "pose": [[-0.4502408504486084, -0.8929071426391602, 0.0, 335.5016174316406], [0.8929071426391602, -0.4502408504486084, 0.0, 693.5562744140625], [0.0, 0.0, 1.0, 0.0], [0.0, 0.0, 0.0, 1.0]], "pose_inverse": [[-0.4502408504486084, 0.8929071426391602, 0.0, -468.2248229980469], [-0.8929071426391602, -0.4502408504486084, 0.0, 611.8391723632812], [0.0, 0.0, 1.0, 0.0], [0.0, 0.0, 0.0, 1.0]], "cam_ids": [0, 1, 2, 3, 4, 5], "cam_channels": ["CAM_FRONT_LEFT", "CAM_FRONT", "CAM_FRONT_RIGHT", "CAM_BACK_LEFT", "CAM_BACK", "CAM_BACK_RIGHT"], "token": "04ca040f6a154e8497afea38d03b30a0", "scene": "scene-0149"}, {"images": ["samples/CAM_FRONT_LEFT/n015-2018-08-01-17-04-15+0800__CAM_FRONT_LEFT__1533114271154844.jpg", "samples/CAM_FRONT/n015-2018-08-01-17-04-15+0800__CAM_FRONT__1533114271162460.jpg", "samples/CAM_FRONT_RIGHT/n015-2018-08-01-17-04-15+0800__CAM_FRONT_RIGHT__1533114271170339.jpg", "samples/CAM_BACK_LEFT/n015-2018-08-01-17-04-15+0800__CAM_BACK_LEFT__1533114271197423.jpg", "samples/CAM_BACK/n015-2018-08-01-17-04-15+0800__CAM_BACK__1533114271187525.jpg", "samples/CAM_BACK_RIGHT/n015-2018-08-01-17-04-15+0800__CAM_BACK_RIGHT__1533114271177893.jpg"], "intrinsics": [[[1272.5979470598488, 0.0, 826.6154927353808], [0.0, 1272.5979470598488, 479.75165386361925], [0.0, 0.0, 1.0]], [[1266.417203046554, 0.0, 816.2670197447984], [0.0, 1266.417203046554, 491.50706579294757], [0.0, 0.0, 1.0]], [[1260.8474446004698, 0.0, 807.968244525554], [0.0, 1260.8474446004698, 495.3344268742088], [0.0, 0.0, 1.0]], [[1256.7414812095406, 0.0, 792.1125740759628], [0.0, 1256.7414812095406, 492.7757465151356], [0.0, 0.0, 1.0]], [[809.2209905677063, 0.0, 829.2196003259838], [0.0, 809.2209905677063, 481.77842384512485], [0.0, 0.0, 1.0]], [[1259.5137405846733, 0.0, 807.2529053838625], [0.0, 1259.5137405846733, 501.19579884916527], [0.0, 0.0, 1.0]]], "extrinsics": [[[0.8149142265319824, -0.5792272090911865, -0.020266013219952583, -0.79290771484375], [-0.0076009249314665794, 0.02428295649588108, -0.9996762275695801, 1.5065879821777344], [0.579531729221344, 0.8148043751716614, 0.015385865233838558, -1.16162109375], [0.0, 0.0, 0.0, 1.0]], [[-0.0025462100747972727, -0.9997916221618652, -0.020252930000424385, 0.007080078125], [-0.013072612695395947, 0.020284544676542282, -0.9997087717056274, 1.518239974975586], [0.9999113082885742, -0.002280641347169876, -0.013121535070240498, -1.52093505859375], [0.0, 0.0, 0.0, 1.0]], [[-0.8365238904953003, -0.5477443933486938, -0.014278802089393139, 0.9221725463867188], [-0.007474830374121666, 0.037465017288923264, -0.9992699027061462, 1.5025806427001953], [0.5478793978691101, -0.8358064889907837, -0.03543468192219734, -1.17431640625], [0.0, 0.0, 0.0, 1.0]], [[0.9478856921195984, 0.3185979425907135, 0.002865095157176256, -1.1415863037109375], [0.0006134125869721174, 0.00716758007183671, -0.9999740719795227, 1.5885519981384277], [-0.31861022114753723, 0.9478628635406494, 0.006598613224923611, -0.10430908203125], [0.0, 0.0, 0.0, 1.0]], [[0.004982220008969307, 0.9998414516448975, 0.017092842608690262, 0.002197265625], [-0.02462887391448021, 0.01721056178212166, -0.9995485544204712, 1.578134536743164], [-0.9996842741966248, 0.0045590088702738285, 0.024710718542337418, -0.047119140625], [0.0, 0.0, 0.0, 1.0]], [[-0.9331406950950623, 0.3594895005226135, 0.003975807689130306, 1.04608154296875], [0.008227682672441006, 0.03241031616926193, -0.9994407892227173, 1.5521965026855469], [-0.3594173192977905, -0.9325861930847168, -0.033201150596141815, -0.096893310546875], [0.0, 0.0, 0.0, 1.0]]], "view": [[0.0, -2.0, 100.0], [-2.0, 0.0, 100.0], [0.0, 0.0, 1.0]], "bev": "bev_7f22a02acebb46278d6d8ac4322dc2c8.png", "aux": "aux_7f22a02acebb46278d6d8ac4322dc2c8.npz", "visibility": "visibility_7f22a02acebb46278d6d8ac4322dc2c8.png", "pose": [[-0.5686999559402466, -0.822545051574707, 0.0, 334.32720947265625], [0.822545051574707, -0.5686999559402466, 0.0, 695.5697021484375], [0.0, 0.0, 1.0, 0.0], [0.0, 0.0, 0.0, 1.0]], "pose_inverse": [[-0.5686999559402466, 0.822545051574707, 0.0, -382.0055236816406], [-0.822545051574707, -0.5686999559402466, 0.0, 670.5696411132812], [0.0, 0.0, 1.0, 0.0], [0.0, 0.0, 0.0, 1.0]], "cam_ids": [0, 1, 2, 3, 4, 5], "cam_channels": ["CAM_FRONT_LEFT", "CAM_FRONT", "CAM_FRONT_RIGHT", "CAM_BACK_LEFT", "CAM_BACK", "CAM_BACK_RIGHT"], "token": "7f22a02acebb46278d6d8ac4322dc2c8", "scene": "scene-0149"}, {"images": ["samples/CAM_FRONT_LEFT/n015-2018-08-01-17-04-15+0800__CAM_FRONT_LEFT__1533114271654844.jpg", "samples/CAM_FRONT/n015-2018-08-01-17-04-15+0800__CAM_FRONT__1533114271662460.jpg", "samples/CAM_FRONT_RIGHT/n015-2018-08-01-17-04-15+0800__CAM_FRONT_RIGHT__1533114271670351.jpg", "samples/CAM_BACK_LEFT/n015-2018-08-01-17-04-15+0800__CAM_BACK_LEFT__1533114271697423.jpg", "samples/CAM_BACK/n015-2018-08-01-17-04-15+0800__CAM_BACK__1533114271687525.jpg", "samples/CAM_BACK_RIGHT/n015-2018-08-01-17-04-15+0800__CAM_BACK_RIGHT__1533114271677893.jpg"], "intrinsics": [[[1272.5979470598488, 0.0, 826.6154927353808], [0.0, 1272.5979470598488, 479.75165386361925], [0.0, 0.0, 1.0]], [[1266.417203046554, 0.0, 816.2670197447984], [0.0, 1266.417203046554, 491.50706579294757], [0.0, 0.0, 1.0]], [[1260.8474446004698, 0.0, 807.968244525554], [0.0, 1260.8474446004698, 495.3344268742088], [0.0, 0.0, 1.0]], [[1256.7414812095406, 0.0, 792.1125740759628], [0.0, 1256.7414812095406, 492.7757465151356], [0.0, 0.0, 1.0]], [[809.2209905677063, 0.0, 829.2196003259838], [0.0, 809.2209905677063, 481.77842384512485], [0.0, 0.0, 1.0]], [[1259.5137405846733, 0.0, 807.2529053838625], [0.0, 1259.5137405846733, 501.19579884916527], [0.0, 0.0, 1.0]]], "extrinsics": [[[0.8177391290664673, -0.5754071474075317, -0.014461576007306576, -0.781982421875], [-0.008876748383045197, 0.012514631263911724, -0.9998822808265686, 1.5062427520751953], [0.5755204558372498, 0.817771315574646, 0.00512596033513546, -1.15521240234375], [0.0, 0.0, 0.0, 1.0]], [[0.0017318414757028222, -0.9999628067016602, -0.008443840779364109, 0.0079345703125], [-0.014282873831689358, 0.008418258279561996, -0.999862551689148, 1.5179119110107422], [0.9998964667320251, 0.0018521716119721532, -0.014267763122916222, -1.510223388671875], [0.0, 0.0, 0.0, 1.0]], [[-0.8344656825065613, -0.5510176420211792, -0.006820355542004108, 0.9157028198242188], [-0.008698660880327225, 0.025546563789248466, -0.9996357560157776, 1.5023670196533203], [0.5509911179542542, -0.8341025114059448, -0.026110846549272537, -1.1693115234375], [0.0, 0.0, 0.0, 1.0]], [[0.9473380446434021, 0.3202287554740906, -0.002019396983087063, -1.1422271728515625], [-0.0004192096530459821, -0.005065870005637407, -0.9999870657920837, 1.5885573625564575], [-0.32023486495018005, 0.9473