[{"images": ["samples/CAM_FRONT_LEFT/n008-2018-08-22-15-53-49-0400__CAM_FRONT_LEFT__1534968030354799.jpg", "samples/CAM_FRONT/n008-2018-08-22-15-53-49-0400__CAM_FRONT__1534968030362404.jpg", "samples/CAM_FRONT_RIGHT/n008-2018-08-22-15-53-49-0400__CAM_FRONT_RIGHT__1534968030370482.jpg", "samples/CAM_BACK_LEFT/n008-2018-08-22-15-53-49-0400__CAM_BACK_LEFT__1534968030397405.jpg", "samples/CAM_BACK/n008-2018-08-22-15-53-49-0400__CAM_BACK__1534968030387558.jpg", "samples/CAM_BACK_RIGHT/n008-2018-08-22-15-53-49-0400__CAM_BACK_RIGHT__1534968030378113.jpg"], "intrinsics": [[[1257.8625342125129, 0.0, 827.2410631095686], [0.0, 1257.8625342125129, 450.915498205774], [0.0, 0.0, 1.0]], [[1252.8131021185304, 0.0, 826.588114781398], [0.0, 1252.8131021185304, 469.9846626224581], [0.0, 0.0, 1.0]], [[1256.7485116440405, 0.0, 817.7887570959712], [0.0, 1256.7485116440403, 451.9541780095127], [0.0, 0.0, 1.0]], [[1254.9860565800168, 0.0, 829.5769333630991], [0.0, 1254.9860565800168, 467.1680561863987], [0.0, 0.0, 1.0]], [[796.8910634503094, 0.0, 857.7774326863696], [0.0, 796.8910634503094, 476.8848988407415], [0.0, 0.0, 1.0]], [[1249.9629280788233, 0.0, 825.3768045375984], [0.0, 1249.9629280788233, 462.54816385708756], [0.0, 0.0, 1.0]]], "extrinsics": [[[0.8225545883178711, -0.5686759352684021, -0.0034210693556815386, -1.0050263404846191], [0.012183467857539654, 0.023636355996131897, -0.9996463656425476, 1.4882926940917969], [0.5685556530952454, 0.8222220540046692, 0.026370635256171227, -1.3330078125], [0.0, 0.0, 0.0, 1.0]], [[0.010328728705644608, -0.9997587203979492, -0.019385967403650284, 0.00537109375], [0.014136604964733124, 0.01953106001019478, -0.9997093081474304, 1.48016357421875], [0.9998467564582825, 0.010051685385406017, 0.014334923587739468, -1.73486328125], [0.0, 0.0, 0.0, 1.0]], [[-0.8438758254051208, -0.5359781384468079, -0.024515466764569283, 1.0906982421875], [0.022154761478304863, 0.01084398478269577, -0.9996957182884216, 1.493072509765625], [0.5360808372497559, -0.8441622257232666, 0.00272349058650434, -1.27752685546875], [0.0, 0.0, 0.0, 1.0]], [[0.9478746056556702, 0.31860077381134033, 0.00523832393810153, -1.1439208984375], [-0.0032238983549177647, 0.02602747455239296, -0.9996560215950012, 1.5620498657226562], [-0.3186275064945221, 0.9475315809249878, 0.025697918608784676, -0.156005859375], [0.0, 0.0, 0.0, 1.0]], [[0.009148010984063148, 0.9997869729995728, 0.018500717356801033, -0.02880859375], [-0.001097891479730606, 0.018511522561311722, -0.999828040599823, 1.5680618286132812], [-0.9999576210975647, 0.009126121178269386, 0.0012670005671679974, 0.0443115234375], [0.0, 0.0, 0.0, 1.0]], [[-0.9237100481987, 0.3830660879611969, -0.004473873879760504, 1.160675048828125], [0.0030965073965489864, -0.004212167114019394, -0.9999862909317017, 1.5478124618530273], [-0.3830796778202057, -0.923711359500885, 0.0027046536561101675, -0.043701171875], [0.0, 0.0, 0.0, 1.0]]], "view": [[0.0, -2.0, 100.0], [-2.0, 0.0, 100.0], [0.0, 0.0, 1.0]], "bev": "bev_09361337f2bf4e819aac2a310481e62f.png", "aux": "aux_09361337f2bf4e819aac2a310481e62f.npz", "visibility": "visibility_09361337f2bf4e819aac2a310481e62f.png", "pose": [[-0.919182300567627, -0.39383235573768616, 0.0, 1831.2332763671875], [0.39383235573768616, -0.919182300567627, 0.0, 1153.4954833984375], [0.0, 0.0, 1.0, 0.0], [0.0, 0.0, 0.0, 1.0]], "pose_inverse": [[-0.919182300567627, 0.39383235573768616, 0.0, 1228.953369140625], [-0.39383235573768616, -0.919182300567627, 0.0, 1781.4715576171875], [0.0, 0.0, 1.0, 0.0], [0.0, 0.0, 0.0, 1.0]], "cam_ids": [0, 1, 2, 3, 4, 5], "cam_channels": ["CAM_FRONT_LEFT", "CAM_FRONT", "CAM_FRONT_RIGHT", "CAM_BACK_LEFT", "CAM_BACK", "CAM_BACK_RIGHT"], "token": "09361337f2bf4e819aac2a310481e62f", "scene": "scene-0331"}, {"images": ["samples/CAM_FRONT_LEFT/n008-2018-08-22-15-53-49-0400__CAM_FRONT_LEFT__1534968030854799.jpg", "samples/CAM_FRONT/n008-2018-08-22-15-53-49-0400__CAM_FRONT__1534968030862404.jpg", "samples/CAM_FRONT_RIGHT/n008-2018-08-22-15-53-49-0400__CAM_FRONT_RIGHT__1534968030870482.jpg", "samples/CAM_BACK_LEFT/n008-2018-08-22-15-53-49-0400__CAM_BACK_LEFT__1534968030897405.jpg", "samples/CAM_BACK/n008-2018-08-22-15-53-49-0400__CAM_BACK__1534968030887558.jpg", "samples/CAM_BACK_RIGHT/n008-2018-08-22-15-53-49-0400__CAM_BACK_RIGHT__1534968030878113.jpg"], "intrinsics": [[[1257.8625342125129, 0.0, 827.2410631095686], [0.0, 1257.8625342125129, 450.915498205774], [0.0, 0.0, 1.0]], [[1252.8131021185304, 0.0, 826.588114781398], [0.0, 1252.8131021185304, 469.9846626224581], [0.0, 0.0, 1.0]], [[1256.7485116440405, 0.0, 817.7887570959712], [0.0, 1256.7485116440403, 451.9541780095127], [0.0, 0.0, 1.0]], [[1254.9860565800168, 0.0, 829.5769333630991], [0.0, 1254.9860565800168, 467.1680561863987], [0.0, 0.0, 1.0]], [[796.8910634503094, 0.0, 857.7774326863696], [0.0, 796.8910634503094, 476.8848988407415], [0.0, 0.0, 1.0]], [[1249.9629280788233, 0.0, 825.3768045375984], [0.0, 1249.9629280788233, 462.54816385708756], [0.0, 0.0, 1.0]]], "extrinsics": [[[0.8225674629211426, -0.5686563849449158, -0.0035591658670455217, -1.004817247390747], [0.012075223959982395, 0.023723626509308815, -0.9996455907821655, 1.4882926940917969], [0.5685392022132874, 0.8222330212593079, 0.026380937546491623, -1.333251953125], [0.0, 0.0, 0.0, 1.0]], [[0.010348119772970676, -0.9997568130493164, -0.01947077363729477, 0.0054931640625], [0.014028312638401985, 0.019615046679973602, -0.9997091889381409, 1.48016357421875], [0.9998480677604675, 0.010072045959532261, 0.014227881096303463, -1.73486328125], [0.0, 0.0, 0.0, 1.0]], [[-0.8438692688941956, -0.5359904766082764, -0.02446897327899933, 1.090576171875], [0.02204805798828602, 0.010925350710749626, -0.999697208404541, 1.493072509765625], [0.5360955595970154, -0.8441533446311951, 0.002597980434074998, -1.27734375], [0.0, 0.0, 0.0, 1.0]], [[0.9478769898414612, 0.31859445571899414, 0.00517254276201129, -1.1439208984375], [-0.003319183364510536, 0.026105061173439026, -0.999653697013855, 1.5620460510253906], [-0.3186191916465759, 0.947531521320343, 0.02580186165869236, -0.1561279296875], [0.0, 0.0, 0.0, 1.0]], [[0.009145299904048443, 0.9997856616973877, 0.018569283187389374, -0.02880859375], [-0.0012042036978527904, 0.018581058830022812, -0.9998266100883484, 1.5680599212646484], [-0.9999575018882751, 0.009121374227106571, 0.001373874838463962, 0.04443359375], [0.0, 0.0, 0.0, 1.0]], [[-0.9237151741981506, 0.38305509090423584, -0.00434668967500329, 1.160491943359375], [0.002990107052028179, -0.004136808216571808, -0.9999869465827942, 1.5478110313415527], [-0.3830680847167969, -0.9237161874771118, 0.002675857860594988, -0.04345703125], [0.0, 0.0, 0.0, 1.0]]], "view": [[0.0, -2.0, 100.0], [-2.0, 0.0, 100.0], [0.0, 0.0, 1.0]], "bev": "bev_05c9723974374ae8bb8dea4fdf4dac5f.png", "aux": "aux_05c9723974374ae8bb8dea4fdf4dac5f.npz", "visibility": "visibility_05c9723974374ae8bb8dea4fdf4dac5f.png", "pose": [[-0.9191864728927612, -0.3938225507736206, 0.0, 1831.2340087890625], [0.3938225507736206, -0.9191864728927612, 0.0, 1153.49658203125], [0.0, 0.0, 1.0, 0.0], [0.0, 0.0, 0.0, 1.0]], "pose_inverse": [[-0.9191864728927612, 0.3938225507736206, 0.0, 1228.9725341796875], [-0.3938225507736206, -0.9191864728927612, 0.0, 1781.459716796875], [0.0, 0.0, 1.0, 0.0], [0.0, 0.0, 0.0, 1.0]], "cam_ids": [0, 1, 2, 3, 4, 5], "cam_channels": ["CAM_FRONT_LEFT", "CAM_FRONT", "CAM_FRONT_RIGHT", "CAM_BACK_LEFT", "CAM_BACK", "CAM_BACK_RIGHT"], "token": "05c9723974374ae8bb8dea4fdf4dac5f", "scene": "scene-0331"}, {"images": ["samples/CAM_FRONT_LEFT/n008-2018-08-22-15-53-49-0400__CAM_FRONT_LEFT__1534968031354799.jpg", "samples/CAM_FRONT/n008-2018-08-22-15-53-49-0400__CAM_FRONT__1534968031362404.jpg", "samples/CAM_FRONT_RIGHT/n008-2018-08-22-15-53-49-0400__CAM_FRONT_RIGHT__1534968031370482.jpg", "samples/CAM_BACK_LEFT/n008-2018-08-22-15-53-49-0400__CAM_BACK_LEFT__1534968031397405.jpg", "samples/CAM_BACK/n008-2018-08-22-15-53-49-0400__CAM_BACK__1534968031387558.jpg", "samples/CAM_BACK_RIGHT/n008-2018-08-22-15-53-49-0400__CAM_BACK_RIGHT__1534968031378113.jpg"], "intrinsics": [[[1257.8625342125129, 0.0, 827.2410631095686], [0.0, 1257.8625342125129, 450.915498205774], [0.0, 0.0, 1.0]], [[1252.8131021185304, 0.0, 826.588114781398], [0.0, 1252.8131021185304, 469.9846626224581], [0.0, 0.0, 1.0]], [[1256.7485116440405, 0.0, 817.7887570959712], [0.0, 1256.7485116440403, 451.9541780095127], [0.0, 0.0, 1.0]], [[1254.9860565800168, 0.0, 829.5769333630991], [0.0, 1254.9860565800168, 467.1680561863987], [0.0, 0.0, 1.0]], [[796.8910634503094, 0.0, 857.7774326863696], [0.0, 796.8910634503094, 476.8848988407415], [0.0, 0.0, 1.0]], [[1249.9629280788233, 0.0, 825.3768045375984], [0.0, 1249.9629280788233, 462.54816385708756], [0.0, 0.0, 1.0]]], "extrinsics": [[[0.8225480318069458, -0.5686846375465393, -0.0035648983903229237, -1.005021572113037], [0.012068337760865688, 0.023722153156995773, -0.9996457099914551, 1.4882926940917969], [0.56856769323349, 0.8222135305404663, 0.02637568488717079, -1.333251953125], [0.0, 0.0, 0.0, 1.0]], [[0.010314207524061203, -0.9997573494911194, -0.019465051591396332, 0.0054931640625], [0.014016935601830482, 0.01960873045027256, -0.9997094869613647, 1.4801597595214844], [0.9998485445976257, 0.010038387961685658, 0.014215783216059208, -1.7347412109375], [0.0, 0.0, 0.0, 1.0]], [[-0.8438842296600342, -0.5359680652618408, -0.02444700337946415, 1.0906982421875], [0.022033024579286575, 0.010907914489507675, -0.9996976852416992, 1.493072509765625], [0.5360727906227112, -0.8441678285598755, 0.0026039788499474525, -1.2774658203125], [0.0, 0.0, 0.0, 1.0]], [[0.9478781819343567, 0.3185921311378479, 0.005115339998155832, -1.14404296875], [-0.0033745949622243643, 0.026090648025274277, -0.9996538758277893, 1.562042236328125], [-0.3186153471469879, 0.9475327730178833, 0.025805870071053505, -0.1561279296875], [0.0, 0.0, 0.0, 1.0]], [[0.009156649932265282, 0.9997860193252563, 0.01855192705988884, -0.02880859375], [-0.0012455768883228302, 0.018564093858003616, -0.9998268485069275, 1.5680599212646484], [-0.9999573230743408, 0.009131984785199165, 0.0014152951771393418, 0.044189453125], [0.0, 0.0, 0.0, 1.0]], [[-0.923707902431488, 0.38307303190231323, -0.004335245117545128, 1.16070556640625], [0.0029674707911908627, -0.004161379765719175, -0.9999868869781494, 1.5478134155273438], [-0.38308608531951904, -0.9237087368965149, 0.002707140753045678, -0.04345703125], [0.0, 0.0, 0.0, 1.0]]], "view": [[0.0, -2.0, 100.0], [-2.0, 0.0, 100.0], [0.0, 0.0, 1.0]], "bev": "bev_4e87276d0d1347a48550a74799631d6a.png", "aux": "aux_4e87276d0d1347a48550a74799631d6a.npz", "visibility": "visibility_4e87276d0d1347a48550a74799631d6a.png", "pose": [[-0.9191614985466003, -0.3938809335231781, 0.0, 1831.234130859375], [0.3938809335231781, -0.9191614985466003, 0.0, 1153.49755859375], [0.0, 0.0, 1.0, 0.0], [0.0, 0.0, 0.0, 1.0]], "pose_inverse": [[-0.9191614985466003, 0.3938809335231781, 0.0, 1228.859130859375], [-0.3938809335231781, -0.9191614985466003, 0.0, 1781.5386962890625], [0.0, 0.0, 1.0, 0.0], [0.0, 0.0, 0.0, 1.0]], "cam_ids": [0, 1, 2, 3, 4, 5], "cam_channels": ["CAM_FRONT_LEFT", "CAM_FRONT", "CAM_FRONT_RIGHT", "CAM_BACK_LEFT", "CAM_BACK", "CAM_BACK_RIGHT"], "token": "4e87276d0d1347a48550a74799631d6a", "scene": "scene-0331"}, {"images": ["samples/CAM_FRONT_LEFT/n008-2018-08-22-15-53-49-0400__CAM_FRONT_LEFT__1534968031904799.jpg", "samples/CAM_FRONT/n008-2018-08-22-15-53-49-0400__CAM_FRONT__1534968031912404.jpg", "samples/CAM_FRONT_RIGHT/n008-2018-08-22-15-53-49-0400__CAM_FRONT_RIGHT__1534968031920482.jpg", "samples/CAM_BACK_LEFT/n008-2018-08-22-15-53-49-0400__CAM_BACK_LEFT__1534968031947405.jpg", "samples/CAM_BACK/n008-2018-08-22-15-53-49-0400__CAM_BACK__1534968031937558.jpg", "samples/CAM_BACK_RIGHT/n008-2018-08-22-15-53-49-0400__CAM_BACK_RIGHT__1534968031928113.jpg"], "intrinsics": [[[1257.8625342125129, 0.0, 827.2410631095686], [0.0, 1257.8625342125129, 450.915498205774], [0.0, 0.0, 1.0]], [[1252.8131021185304, 0.0, 826.588114781398], [0.0, 1252.8131021185304, 469.9846626224581], [0.0, 0.0, 1.0]], [[1256.7485116440405, 0.0, 817.7887570959712], [0.0, 1256.7485116440403, 451.9541780095127], [0.0, 0.0, 1.0]], [[1254.9860565800168, 0.0, 829.5769333630991], [0.0, 1254.9860565800168, 467.1680561863987], [0.0, 0.0, 1.0]], [[796.8910634503094, 0.0, 857.7774326863696], [0.0, 796.8910634503094, 476.8848988407415], [0.0, 0.0, 1.0]], [[1249.9629280788233, 0.0, 825.3768045375984], [0.0, 1249.9629280788233, 462.54816385708756], [0.0, 0.0, 1.0]]], "extrinsics": [[[0.8225616812705994, -0.56866455078125, -0.0035879360511898994, -1.005070447921753], [0.012082881294190884, 0.023784803226590157, -0.9996441006660461, 1.4882926940917969], [0.5685474872589111, 0.8222256302833557, 0.026435572654008865, -1.333251953125], [0.0, 0.0, 0.0, 1.0]], [[0.010339966975152493, -0.9997559785842896, -0.019522134214639664, 0.00537109375], [0.0140531612560153, 0.019666539505124092, -0.9997078776359558, 1.4801673889160156], [0.9998477101325989, 0.010062557645142078, 0.014253084547817707, -1.7347412109375], [0.0, 0.0, 0.0, 1.0]], [[-0.8438706994056702, -0.5359854102134705, -0.02453204058110714, 1.0904541015625], [0.022093549370765686, 0.01097133569419384, -0.9996957182884216, 1.4930686950683594], [0.5360915660858154, -0.8441559672355652, 0.0025834315456449986, -1.27752685546875], [0.0, 0.0, 0.0, 1.0]], [[0.9478761553764343, 0.31859636306762695, 0.005214671138674021, -1.14404296875], [-0.0032839495688676834, 0.026132255792617798, -0.9996531009674072, 1.5620384216308594], [-0.31862208247184753, 0.947530210018158, 0.02581639774143696, -0.15625], [0.0, 0.0, 0.0, 1.0]], [[0.009145462885499, 0.9997851252555847, 0.018597852438688278, -0.028564453125], [-0.001164196408353746, 0.018609263002872467, -0.9998261332511902, 1.5680656433105469], [-0.9999575614929199, 0.009122131392359734, 0.0013341353042051196, 0.0443115234375], [0.0, 0.0, 0.0, 1.0]], [[-0.9237142205238342, 0.3830571174621582, -0.004377821460366249, 1.160736083984375], [0.003038831055164337, -0.00410057045519352, -0.9999869465827942, 1.5478112697601318], [-0.38307008147239685, -0.9237154722213745, 0.0026237096171826124, -0.0439453125], [0.0, 0.0, 0.0, 1.0]]], "view": [[0.0, -2.0, 100.0], [-2.0, 0.0, 100.0], [0.0, 0.0, 1.0]], "bev": "bev_cf936389418543b79f3e178e33d2934b.png", "aux": "aux_cf936389418543b79f3e178e33d2934b.npz", "visibility": "visibility_cf936389418543b79f3e178e33d2934b.png", "pose": [[-0.9191508889198303, -0.3939056098461151, 0.0, 1831.2344970703125], [0.3939056098461151, -0.9191508889198303, 0.0, 1153.4984130859375], [0.0, 0.0, 1.0, 0.0], [0.0, 0.0, 0.0, 1.0]], "pose_inverse": [[-0.9191508889198303, 0.3939056098461151, 0.0, 1228.811279296875], [-0.3939056098461151, -0.9191508889198303, 0.0, 1781.5726318359375], [0.0, 0.0, 1.0, 0.0], [0.0, 0.0, 0.0, 1.0]], "cam_ids": [0, 1, 2, 3, 4, 5], "cam_channels": ["CAM_FRONT_LEFT", "CAM_FRONT", "CAM_FRONT_RIGHT", "CAM_BACK_LEFT", "CAM_BACK", "CAM_BACK_RIGHT"], "token": "cf936389418543b79f3e178e33d2934b", "scene": "scene-0331"}, {"images": ["samples/CAM_FRONT_LEFT/n008-2018-08-22-15-53-49-0400__CAM_FRONT_LEFT__1534968032404799.jpg", "samples/CAM_FRONT/n008-2018-08-22-15-53-49-0400__CAM_FRONT__1534968032412404.jpg", "samples/CAM_FRONT_RIGHT/n008-2018-08-22-15-53-49-0400__CAM_FRONT_RIGHT__1534968032420482.jpg", "samples/CAM_BACK_LEFT/n008-2018-08-22-15-53-49-0400__CAM_BACK_LEFT__1534968032447405.jpg", "samples/CAM_BACK/n008-2018-08-22-15-53-49-0400__CAM_BACK__1534968032437558.jpg", "samples/CAM_BACK_RIGHT/n008-2018-08-22-15-53-49-0400__CAM_BACK_RIGHT__1534968032428113.jpg"], "intrinsics": [[[1257.8625342125129, 0.0, 827.2410631095686], [0.0, 1257.8625342125129, 450.915498205774], [0.0, 0.0, 1.0]], [[1252.8131021185304, 0.0, 826.588114781398], [0.0, 1252.8131021185304, 469.9846626224581], [0.0, 0.0, 1.0]], [[1256.7485116440405, 0.0, 817.7887570959712], [0.0, 1256.7485116440403, 451.9541780095127], [0.0, 0.0, 1.0]], [[1254.9860565800168, 0.0, 829.5769333630991], [0.0, 1254.9860565800168, 467.1680561863987], [0.0, 0.0, 1.0]], [[796.8910634503094, 0.0, 857.7774326863696], [0.0, 796.8910634503094, 476.8848988407415], [0.0, 0.0, 1.0]], [[1249.9629280788233, 0.0, 825.3768045375984], [0.0, 1249.9629280788233, 462.54816385708756], [0.0, 0.0, 1.0]]], "extrinsics": [[[0.8225594758987427, -0.5686683058738708, -0.0035133445635437965, -1.0047237873077393], [0.012217028066515923, 0.02384750172495842, -0.999640941619873, 1.4882926940917969], [0.5685478448867798, 0.8222212195396423, 0.02656342275440693, -1.333251953125], [0.0, 0.0, 0.0, 1.0]], [[0.01033694390207529, -0.9997547268867493, -0.019585756585001945, 0.005615234375], [0.014188027940690517, 0.019731473177671432, -0.9997046589851379, 1.4801559448242188], [0.9998459219932556, 0.010056025348603725, 0.014388510957360268, -1.734619140625], [0.0, 0.0, 0.0, 1.0]], [[-0.8438709378242493, -0.5359782576560974, -0.02468130737543106, 1.090576171875], [0.022228145971894264, 0.01103779673576355, -0.9996919631958008, 1.493072509765625], [0.5360856056213379, -0.8441596627235413, 0.00259932572953403, -1.27752685546875], [0.0, 0.0, 0.0, 1.0]], [[0.9478764533996582, 0.3185928165912628, 0.005363866686820984, -1.1439208984375], [-0.0031503657810389996, 0.026203211396932602, -0.9996516704559326, 1.5620460510253906], [-0.3186224400997162, 0.9475293755531311, 0.025841092690825462, -0.1561279296875], [0.0, 0.0, 0.0, 1.0]], [[0.009146416559815407, 0.9997838139533997, 0.0186730045825243, -0.02880859375], [-0.0010233898647129536, 0.018683133646845818, -0.9998248815536499, 1.5680618286132812], [-0.9999577403068542, 0.009125635959208012, 0.0011940511176362634, 0.0445556640625], [0.0, 0.0, 0.0, 1.0]], [[-0.9237112998962402, 0.38306310772895813, -0.004472898319363594, 1.160675048828125], [0.0031727065797895193, -0.004025903530418873, -0.9999868273735046, 1.5478112697601318], [-0.383076012134552, -0.9237133860588074, 0.002503426279872656, -0.043701171875], [0.0, 0.0, 0.0, 1.0]]], "view": [[0.0, -2.0, 100.0], [-2.0, 0.0, 100.0], [0.0, 0.0, 1.0]], "bev": "bev_72505908976e4fbe8addb92ed4dcd250.png", "aux": "aux_72505908976e4fbe8addb92ed4dcd250.npz", "visibility": "visibility_72505908976e4fbe8addb92ed4dcd250.png", "pose": [[-0.919160008430481, -0.3938843607902527, 0.0, 1831.2347412109375], [0.3938843607902527, -0.919160008430481, 0.0, 1153.4991455078125], [0.0, 0.0, 1.0, 0.0], [0.0, 0.0, 0.0, 1.0]], "pose_inverse": [[-0.919160008430481, 0.3938843607902527, 0.0, 1228.8524169921875], [-0.3938843607902527, -0.919160008430481, 0.0, 1781.5450439453125], [0.0, 0.0, 1.0, 0.0], [0.0, 0.0, 0.0, 1.0]], "cam_ids": [0, 1, 2, 3, 4, 5], "cam_channels": ["CAM_FRONT_LEFT", "CAM_FRONT", "CAM_FRONT_RIGHT", "CAM_BACK_LEFT", "CAM_BACK", "CAM_BACK_RIGHT"], "token": "72505908976e4fbe8addb92ed4dcd250", "scene": "scene-0331"}, {"images": ["samples/CAM_FRONT_LEFT/n008-2018-08-22-15-53-49-0400__CAM_FRONT_LEFT__1534968032904799.jpg", "samples/CAM_FRONT/n008-2018-08-22-15-53-49-0400__CAM_FRONT__1534968032912404.jpg", "samples/CAM_FRONT_RIGHT/n008-2018-08-22-15-53-49-0400__CAM_FRONT_RIGHT__1534968032920482.jpg", "samples/CAM_BACK_LEFT/n008-2018-08-22-15-53-49-0400__CAM_BACK_LEFT__1534968032947405.jpg", "samples/CAM_BACK/n008-2018-08-22-15-53-49-0400__CAM_BACK__1534968032937558.jpg", "samples/CAM_BACK_RIGHT/n008-2018-08-22-15-53-49-0400__CAM_BACK_RIGHT__1534968032928113.jpg"], "intrinsics": [[[1257.8625342125129, 0.0, 827.2410631095686], [0.0, 1257.8625342125129, 450.915498205774], [0.0, 0.0, 1.0]], [[1252.8131021185304, 0.0, 826.588114781398], [0.0, 1252.8131021185304, 469.9846626224581], [0.0, 0.0, 1.0]], [[1256.7485116440405, 0.0, 817.7887570959712], [0.0, 1256.7485116440403, 451.9541780095127], [0.0, 0.0, 1.0]], [[1254.9860565800168, 0.0, 829.5769333630991], [0.0, 1254.9860565800168, 467.1680561863987], [0.0, 0.0, 1.0]], [[796.8910634503094, 0.0, 857.7774326863696], [0.0, 796.8910634503094, 476.8848988407415], [0.0, 0.0, 1.0]], [[1249.9629280788233, 0.0, 825.3768045375984], [0.0, 1249.9629280788233, 462.54816385708756], [0.0, 0.0, 1.0]]], "extrinsics": [[[0.8225518465042114, -0.568679928779602, -0.0034132373984903097, -1.0048894882202148], [0.012314834631979465, 0.023812342435121536, -0.9996405839920044, 1.4882965087890625], [0.5685567259788513, 0.8222141861915588, 0.02659008465707302, -1.333251953125], [0.0, 0.0, 0.0, 1.0]], [[0.010326103307306767, -0.9997555017471313, -0.01955336704850197, 0.00537109375], [0.014265308156609535, 0.0196997057646513, -0.9997041821479797, 1.48016357421875], [0.9998449087142944, 0.01004412304610014, 0.014465240761637688, -1.7347412109375], [0.0, 0.0, 0.0, 1.0]], [[-0.8438752293586731, -0.5359700322151184, -0.02471134439110756, 1.0904541015625], [0.02228192239999771, 0.0110090970993042, -0.9996910691261292, 1.493072509765625], [0.536076545715332, -0.8441652655601501, 0.002652137540280819, -1.2774658203125], [0.0, 0.0, 0.0, 1.0]], [[0.9478763341903687, 0.3185923993587494, 0.005419244524091482, -1.143798828125], [-0.0030826637521386147, 0.026175590232014656, -0.999652624130249, 1.5620460510253906], [-0.3186236321926117, 0.9475302696228027, 0.02579333819448948, -0.156005859375], [0.0, 0.0, 0.0, 1.0]], [[0.009149523451924324, 0.9997844696044922, 0.018638961017131805, -0.02880859375], [-0.0009573372080922127, 0.01864849030971527, -0.9998255968093872, 1.5680618286132812], [-0.9999576807022095, 0.009130115620791912, 0.0011277550365775824, 0.0443115234375], [0.0, 0.0, 0.0, 1.0]], [[-0.923707902431488, 0.3830704689025879, -0.004535150248557329, 1.160614013671875], [0.003226166358217597, -0.004059445112943649, -0.9999865293502808, 1.54781174659729], [-0.383083701133728, -0.9237101078033447, 0.0025138927157968283, -0.043701171875], [0.0, 0.0, 0.0, 1.0]]], "view": [[0.0, -2.0, 100.0], [-2.0, 0.0, 100.0], [0.0, 0.0, 1.0]], "bev": "bev_6c9ad4d2b6084ccea4a7aff96cb9eef0.png", "aux": "aux_6c9ad4d2b6084ccea4a7aff96cb9eef0.npz", "visibility": "visibility_6c9ad4d2b6084ccea4a7aff96cb9eef0.png", "pose": [[-0.9191849231719971, -0.3938261568546295, 0.0, 1831.235107421875], [0.3938261568546295, -0.9191849231719971, 0.0, 1153.4996337890625], [0.0, 0.0, 1.0, 0.0], [0.0, 0.0, 0.0, 1.0]], "pose_inverse": [[-0.9191849231719971, 0.3938261568546295, 0.0, 1228.9654541015625], [-0.3938261568546295, -0.9191849231719971, 0.0, 1781.4677734375], [0.0, 0.0, 1.0, 0.0], [0.0, 0.0, 0.0, 1.0]], "cam_ids": [0, 1, 2, 3, 4, 5], "cam_channels": ["CAM_FRONT_LEFT", "CAM_FRONT", "CAM_FRONT_RIGHT", "CAM_BACK_LEFT", "CAM_BACK", "CAM_BACK_RIGHT"], "token": "6c9ad4d2b6084ccea4a7aff96cb9eef0", "scene": "scene-0331"}, {"images": ["samples/CAM_FRONT_LEFT/n008-2018-08-22-15-53-49-0400__CAM_FRONT_LEFT__1534968033404799.jpg", "samples/CAM_FRONT/n008-2018-08-22-15-53-49-0400__CAM_FRONT__1534968033412404.jpg", "samples/CAM_FRONT_RIGHT/n008-2018-08-22-15-53-49-0400__CAM_FRONT_RIGHT__1534968033420482.jpg", "samples/CAM_BACK_LEFT/n008-2018-08-22-15-53-49-0400__CAM_BACK_LEFT__1534968033447405.jpg", "samples/CAM_BACK/n008-2018-08-22-15-53-49-0400__CAM_BACK__1534968033437558.jpg", "samples/CAM_BACK_RIGHT/n008-2018-08-22-15-53-49-0400__CAM_BACK_RIGHT__1534968033428113.jpg"], "intrinsics": [[[1257.8625342125129, 0.0, 827.2410631095686], [0.0, 1257.8625342125129, 450.915498205774], [0.0, 0.0, 1.0]], [[1252.8131021185304, 0.0, 826.588114781398], [0.0, 1252.8131021185304, 469.9846626224581], [0.0, 0.0, 1.0]], [[1256.7485116440405, 0.0, 817.7887570959712], [0.0, 1256.7485116440403, 451.9541780095127], [0.0, 0.0, 1.0]], [[1254.9860565800168, 0.0, 829.5769333630991], [0.0, 1254.9860565800168, 467.1680561863987], [0.0, 0.0, 1.0]], [[796.8910634503094, 0.0, 857.7774326863696], [0.0, 796.8910634503094, 476.8848988407415], [0.0, 0.0, 1.0]], [[1249.9629280788233, 0.0, 825.3768045375984], [0.0, 1249.9629280788233, 462.54816385708756], [0.0, 0.0, 1.0]]], "extrinsics": [[[0.8225501179695129, -0.5686823725700378, -0.0034279644023627043, -1.0048613548278809], [0.012298723682761192, 0.023814788088202477, -0.9996407628059387, 1.4882888793945312], [0.5685597062110901, 0.8222123980522156, 0.026582924649119377, -1.33349609375], [0.0, 0.0, 0.0, 1.0]], [[0.010326655581593513, -0.9997552037239075, -0.019565336406230927, 0.0054931640625], [0.014248723164200783, 0.019711516797542572, -0.9997041821479797, 1.4801597595214844], [0.9998451471328735, 0.010044866241514683, 0.01444878987967968, -1.734619140625], [0.0, 0.0, 0.0, 1.0]], [[-0.8438729643821716, -0.5359736680984497, -0.024707559496164322, 1.0904541015625], [0.022264432162046432, 0.01102959830313921, -0.9996912479400635, 1.493072509765625], [0.5360807776451111, -0.84416264295578, 0.002625568537041545, -1.2774658203125], [0.0, 0.0, 0.0, 1.0]], [[0.9478759765625, 0.3185940682888031, 0.005385808181017637, -1.1439208984375], [-0.0031235022470355034, 0.026192033663392067, -0.9996520280838013, 1.562042236328125], [-0.3186242878437042, 0.9475292563438416, 0.025821929797530174, -0.1561279296875], [0.0, 0.0, 0.0, 1.0]], [[0.009147070348262787, 0.9997839331626892, 0.01866902783513069, -0.029052734375], [-0.0009957749862223864, 0.018678905442357063, -0.9998250007629395, 1.5680580139160156], [-0.9999576807022095, 0.009126907214522362, 0.0011664170306175947, 0.0440673828125], [0.0, 0.0, 0.0, 1.0]], [[-0.923710286617279, 0.38306522369384766, -0.004502622876316309, 1.160675048828125], [0.003199502592906356, -0.004038868937641382, -0.9999867081642151, 1.5478112697601318], [-0.38307830691337585, -0.9237124919891357, 0.0025051271077245474, -0.04345703125], [0.0, 0.0, 0.0, 1.0]]], "view": [[0.0, -2.0, 100.0], [-2.0, 0.0, 100.0], [0.0, 0.0, 1.0]], "bev": "bev_5c7c23122dd94c70b8ab5528f27ba117.png", "aux": "aux_5c7c23122dd94c70b8ab5528f27ba117.npz", "visibility": "visibility_5c7c23122dd94c70b8ab5528f27ba117.png", "pose": [[-0.9191976189613342, -0.39379653334617615, 0.0, 1831.2354736328125], [0.39379653334617615, -0.9191976189613342, 0.0, 1153.5001220703125], [0.0, 0.0, 1.0, 0.0], [0.0, 0.0, 0.0, 1.0]], "pose_inverse": [[-0.9191976189613342, 0.39379653334617615, 0.0, 1229.02294921875], [-0.39379653334617615, -0.9191976189613342, 0.0, 1781.4287109375], [0.0, 0.0, 1.0, 0.0], [0.0, 0.0, 0.0, 1.0]], "cam_ids": [0, 1, 2, 3, 4, 5], "cam_channels": ["CAM_FRONT_LEFT", "CAM_FRONT", "CAM_FRONT_RIGHT", "CAM_BACK_LEFT", "CAM_BACK", "CAM_BACK_RIGHT"], "token": "5c7c23122dd94c70b8ab5528f27ba117", "scene": "scene-0331"}, {"images": ["samples/CAM_FRONT_LEFT/n008-2018-08-22-15-53-49-0400__CAM_FRONT_LEFT__1534968033904799.jpg", "samples/CAM_FRONT/n008-2018-08-22-15-53-49-0400__CAM_FRONT__1534968033912404.jpg", "samples/CAM_FRONT_RIGHT/n008-2018-08-22-15-53-49-0400__CAM_FRONT_RIGHT__1534968033920482.jpg", "samples/CAM_BACK_LEFT/n008-2018-08-22-15-53-49-0400__CAM_BACK_LEFT__1534968033947405.jpg", "samples/CAM_BACK/n008-2018-08-22-15-53-49-0400__CAM_BACK__1534968033937558.jpg", "samples/CAM_BACK_RIGHT/n008-2018-08-22-15-53-49-0400__CAM_BACK_RIGHT__1534968033928113.jpg"], "intrinsics": [[[1257.8625342125129, 0.0, 827.2410631095686], [0.0, 1257.8625342125129, 450.915498205774], [0.0, 0.0, 1.0]], [[1252.8131021185304, 0.0, 826.588114781398], [0.0, 1252.8131021185304, 469.9846626224581], [0.0, 0.0, 1.0]], [[1256.7485116440405, 0.0, 817.7887570959712], [0.0, 1256.7485116440403, 451.9541780095127], [0.0, 0.0, 1.0]], [[1254.9860565800168, 0.0, 829.5769333630991], [0.0, 1254.9860565800168, 467.1680561863987], [0.0, 0.0, 1.0]], [[796.8910634503094, 0.0, 857.7774326863696], [0.0, 796.8910634503094, 476.8848988407415], [0.0, 0.0, 1.0]], [[1249.9629280788233, 0.0, 825.3768045375984], [0.0, 1249.9629280788233, 462.54816385708756], [0.0, 0.0, 1.0]]], "extrinsics": [[[0.8225522637367249, -0.5686795711517334, -0.003371241269633174, -1.0050203800201416], [0.012376222759485245, 0.023827333003282547, -0.9996394515037537, 1.4882888793945312], [0.5685548782348633, 0.8222140669822693, 0.026637330651283264, -1.33349609375], [0.0, 0.0, 0.0, 1.0]], [[0.010327881202101707, -0.9997553825378418, -0.01955575682222843, 0.00537109375], [0.014333757571876049, 0.019702808931469917, -0.9997031688690186, 1.4801597595214844], [0.9998438358306885, 0.010044483467936516, 0.01453374046832323, -1.7347412109375], [0.0, 0.0, 0.0, 1.0]], [[-0.8438730835914612, -0.5359706878662109, -0.024770909920334816, 1.090576171875], [0.02235843427479267, 0.010999733582139015, -0.999689519405365, 1.493072509765625], [0.5360767245292664, -0.8441649079322815, 0.0027010852936655283, -1.27764892578125], [0.0, 0.0, 0.0, 1.0]], [[0.9478765726089478, 0.31859031319618225, 0.005489915609359741, -1.14404296875], [-0.003011510241776705, 0.026185818016529083, -0.9996525645256042, 1.562042236328125], [-0.3186233639717102, 0.9475306272506714, 0.025780364871025085, -0.156005859375], [0.0, 0.0, 0.0, 1.0]], [[0.00914828386157751, 0.9997842311859131, 0.018648160621523857, -0.0289306640625], [-0.0008888563606888056, 0.018657062202692032, -0.9998254776000977, 1.5680618286132812], [-0.999957799911499, 0.009130097925662994, 0.0010593433398753405, 0.0443115234375], [0.0, 0.0, 0.0, 1.0]], [[-0.9237077236175537, 0.38307008147239685, -0.004607025533914566, 1.160614013671875], [0.0033027254976332188, -0.004062467720359564, -0.9999862909317017, 1.5478110313415527], [-0.3830835223197937, -0.923710286617279, 0.002487357473000884, -0.043701171875], [0.0, 0.0, 0.0, 1.0]]], "view": [[0.0, -2.0, 100.0], [-2.0, 0.0, 100.0], [0.0, 0.0, 1.0]], "bev": "bev_f17eff26a49243a182f6843ff4f2d68d.png", "aux": "aux_f17eff26a49243a182f6843ff4f2d68d.npz", "visibility": "visibility_f17eff26a49243a182f6843ff4f2d68d.png", "pose": [[-0.9192118644714355, -0.3937632441520691, 0.0, 1831.23583984375], [0.3937632441520691, -0.9192118644714355, 0.0, 1153.50048828125], [0.0, 0.0, 1.0, 0.0], [0.0, 0.0, 0.0, 1.0]], "pose_inverse": [[-0.9192118644714355, 0.3937632441520691, 0.0, 1229.087646484375], [-0.3937632441520691, -0.9192118644714355, 0.0, 1781.384765625], [0.0, 0.0, 1.0, 0.0], [0.0, 0.0, 0.0, 1.0]], "cam_ids": [0, 1, 2, 3, 4, 5], "cam_channels": ["CAM_FRONT_LEFT", "CAM_FRONT", "CAM_FRONT_RIGHT", "CAM_BACK_LEFT", "CAM_BACK", "CAM_BACK_RIGHT"], "token": "f17eff26a49243a182f6843ff4f2d68d", "scene": "scene-0331"}, {"images": ["samples/CAM_FRONT_LEFT/n008-2018-08-22-15-53-49-0400__CAM_FRONT_LEFT__1534968034404799.jpg", "samples/CAM_FRONT/n008-2018-08-22-15-53-49-0400__CAM_FRONT__1534968034412404.jpg", "samples/CAM_FRONT_RIGHT/n008-2018-08-22-15-53-49-0400__CAM_FRONT_RIGHT__1534968034420482.jpg", "samples/CAM_BACK_LEFT/n008-2018-08-22-15-53-49-0400__CAM_BACK_LEFT__1534968034447405.jpg", "samples/CAM_BACK/n008-2018-08-22-15-53-49-0400__CAM_BACK__1534968034437558.jpg", "samples/CAM_BACK_RIGHT/n008-2018-08-22-15-53-49-0400__CAM_BACK_RIGHT__1534968034428113.jpg"], "intrinsics": [[[1257.8625342125129, 0.0, 827.2410631095686], [0.0, 1257.8625342125129, 450.915498205774], [0.0, 0.0, 1.0]], [[1252.8131021185304, 0.0, 826.588114781398], [0.0, 1252.8131021185304, 469.9846626224581], [0.0, 0.0, 1.0]], [[1256.7485116440405, 0.0, 817.7887570959712], [0.0, 1256.7485116440403, 451.9541780095127], [0.0, 0.0, 1.0]], [[1254.9860565800168, 0.0, 829.5769333630991], [0.0, 1254.9860565800168, 467.1680561863987], [0.0, 0.0, 1.0]], [[796.8910634503094, 0.0, 857.7774326863696], [0.0, 796.8910634503094, 476.8848988407415], [0.0, 0.0, 1.0]], [[1249.9629280788233, 0.0, 825.3768045375984], [0.0, 1249.9629280788233, 462.54816385708756], [0.0, 0.0, 1.0]]], "extrinsics": [[[0.8225595355033875, -0.5686688423156738, -0.003418148960918188, -1.0048632621765137], [0.012313113547861576, 0.023819120600819588, -0.9996404647827148, 1.4882850646972656], [0.5685456991195679, 0.8222217559814453, 0.026594726368784904, -1.333251953125], [0.0, 0.0, 0.0, 1.0]], [[0.010337377898395061, -0.999755322933197, -0.01955554075539112, 0.0054931640625], [0.014271982945501804, 0.019702108576893806, -0.9997040033340454, 1.48016357421875], [0.9998447895050049, 0.010055272839963436, 0.014472159557044506, -1.73486328125], [0.0, 0.0, 0.0, 1.0]], [[-0.8438702821731567, -0.5359774827957153, -0.02472379431128502, 1.090576171875], [0.022298119962215424, 0.011006860993802547, -0.9996907711029053, 1.493072509765625], [0.5360838174819946, -0.8441606163978577, 0.0026629266794770956, -1.27740478515625], [0.0, 0.0, 0.0, 1.0]], [[0.9478759765625, 0.31859344244003296, 0.005425768904387951, -1.14404296875], [-0.0030798933003097773, 0.026187734678387642, -0.9996522665023804, 1.5620384216308594], [-0.3186247646808624, 0.947529673576355, 0.025803955271840096, -0.1561279296875], [0.0, 0.0, 0.0, 1.0]], [[0.00914636068046093, 0.9997843503952026, 0.01864522509276867, -0.02880859375], [-0.0009598634787835181, 0.018654774874448776, -0.9998255372047424, 1.5680656433105469], [-0.9999577403068542, 0.009126872755587101, 0.001130279852077365, 0.0443115234375], [0.0, 0.0, 0.0, 1.0]], [[-0.923710286617279, 0.3830646872520447, -0.004551105201244354, 1.160736083984375], [0.00324380025267601, -0.004058615770190954, -0.999986469745636, 1.5478124618530273], [-0.3830779790878296, -0.9237126111984253, 0.0025063997600227594, -0.043701171875], [0.0, 0.0, 0.0, 1.0]]], "view": [[0.0, -2.0, 100.0], [-2.0, 0.0, 100.0], [0.0, 0.0, 1.0]], "bev": "bev_f666b893286a4511afd9c799841d427b.png", "aux": "aux_f666b893286a4511afd9c799841d427b.npz", "visibility": "visibility_f666b893286a4511afd9c799841d427b.png", "pose": [[-0.9191910028457642, -0.39381206035614014, 0.0, 1831.2359619140625], [0.39381206035614014, -0.9191910028457642, 0.0, 1153.5008544921875], [0.0, 0.0, 1.0, 0.0], [0.0, 0.0, 0.0, 1.0]], "pose_inverse": [[-0.9191910028457642, 0.39381206035614014, 0.0, 1228.9930419921875], [-0.39381206035614014, -0.9191910028457642, 0.0, 1781.4503173828125], [0.0, 0.0, 1.0, 0.0], [0.0, 0.0, 0.0, 1.0]], "cam_ids": [0, 1, 2, 3, 4, 5], "cam_channels": ["CAM_FRONT_LEFT", "CAM_FRONT", "CAM_FRONT_RIGHT", "CAM_BACK_LEFT", "CAM_BACK", "CAM_BACK_RIGHT"], "token": "f666b893286a4511afd9c799841d427b", "scene": "scene-0331"}, {"images": ["samples/CAM_FRONT_LEFT/n008-2018-08-22-15-53-49-0400__CAM_FRONT_LEFT__1534968034904799.jpg", "samples/CAM_FRONT/n008-2018-08-22-15-53-49-0400__CAM_FRONT__1534968034912404.jpg", "samples/CAM_FRONT_RIGHT/n008-2018-08-22-15-53-49-0400__CAM_FRONT_RIGHT__1534968034920511.jpg", "samples/CAM_BACK_LEFT/n008-2018-08-22-15-53-49-0400__CAM_BACK_LEFT__1534968034947405.jpg", "samples/CAM_BACK/n008-2018-08-22-15-53-49-0400__CAM_BACK__1534968034937558.jpg", "samples/CAM_BACK_RIGHT/n008-2018-08-22-15-53-49-0400__CAM_BACK_RIGHT__1534968034928113.jpg"], "intrinsics": [[[1257.8625342125129, 0.0, 827.2410631095686], [0.0, 1257.8625342125129, 450.915498205774], [0.0, 0.0, 1.0]], [[1252.8131021185304, 0.0, 826.588114781398], [0.0, 1252.8131021185304, 469.9846626224581], [0.0, 0.0, 1.0]], [[1256.7485116440405, 0.0, 817.7887570959712], [0.0, 1256.7485116440403, 451.9541780095127], [0.0, 0.0, 1.0]], [[1254.9860565800168, 0.0, 829.5769333630991], [0.0, 1254.9860565800168, 467.1680561863987], [0.0, 0.0, 1.0]], [[796.8910634503094, 0.0, 857.7774326863696], [0.0, 796.8910634503094, 476.8848988407415], [0.0, 0.0, 1.0]], [[1249.9629280788233, 0.0, 825.3768045375984], [0.0, 1249.9629280788233, 462.54816385708756], [0.0, 0.0, 1.0]]], "extrinsics": [[[0.8225646615028381, -0.5686609148979187, -0.003485288005322218, -1.0051093101501465], [0.012273745611310005, 0.023880627006292343, -0.9996394515037537, 1.4882965087890625], [0.5685392022132874, 0.8222253322601318, 0.026622960343956947, -1.333251953125], [0.0, 0.0, 0.0, 1.0]], [[0.010344203561544418, -0.9997540712356567, -0.019615348428487778, 0.00537109375], [0.01423533447086811, 0.019761644303798676, -0.9997033476829529, 1.48016357421875], [0.9998451471328735, 0.010061959736049175, 0.014436251483857632, -1.7347412109375], [0.0, 0.0, 0.0, 1.0]], [[-0.8438679575920105, -0.5359808802604675, -0.024725617840886116, 1.0904541015625], [0.022263741120696068, 0.011064417660236359, -0.9996908903121948, 1.493072509765625], [0.5360888242721558, -0.8441576957702637, 0.0025960307102650404, -1.277587890625], [0.0, 0.0, 0.0, 1.0]], [[0.9478757381439209, 0.3185942769050598, 0.005412832833826542, -1.143798828125], [-0.0031033228151500225, 0.026216762140393257, -0.9996514916419983, 1.562042236328125], [-0.3186250925064087, 0.9475285410881042, 0.025838933885097504, -0.1561279296875], [0.0, 0.0, 0.0, 1.0]], [[0.009144368581473827, 0.9997835159301758, 0.01869169995188713, -0.02880859375], [-0.0009784348076209426, 0.01870141737163067, -0.9998246431350708, 1.5680618286132812], [-0.999957799911499, 0.009124473668634892, 0.0011492357589304447, 0.04443359375], [0.0, 0.0, 0.0, 1.0]], [[-0.9237120151519775, 0.38306108117103577, -0.004501275718212128, 1.160614013671875], [0.003212211187928915, -0.00400473503395915, -0.9999868273735046, 1.5478110313415527], [-0.3830740749835968, -0.9237143397331238, 0.002468748949468136, -0.043701171875], [0.0, 0.0, 0.0, 1.0]]], "view": [[0.0, -2.0, 100.0], [-2.0, 0.0, 100.0], [0.0, 0.0, 1.0]], "bev": "bev_5280125457214cad869cd0aaa4aba5f8.png", "aux": "aux_5280125457214cad869cd0aaa4aba5f8.npz", "visibility": "visibility_5280125457214cad869cd0aaa4aba5f8.png", "pose": [[-0.9191782474517822, -0.39384180307388306, 0.0, 1831.2359619140625], [0.39384180307388306, -0.9191782474517822, 0.0, 1153.5010986328125], [0.0, 0.0, 1.0, 0.0], [0.0, 0.0, 0.0, 1.0]], "pose_inverse": [[-0.9191782474517822, 0.39384180307388306, 0.0, 1228.935302734375], [-0.39384180307388306, -0.9191782474517822, 0.0, 1781.4903564453125], [0.0, 0.0, 1.0, 0.0], [0.0, 0.0, 0.0, 1.0]], "cam_ids": [0, 1, 2, 3, 4, 5], "cam_channels": ["CAM_FRONT_LEFT", "CAM_FRONT", "CAM_FRONT_RIGHT", "CAM_BACK_LEFT", "CAM_BACK", "CAM_BACK_RIGHT"], "token": "5280125457214cad869cd0aaa4aba5f8", "scene": "scene-0331"}, {"images": ["samples/CAM_FRONT_LEFT/n008-2018-08-22-15-53-49-0400__CAM_FRONT_LEFT__1534968035404799.jpg", "samples/CAM_FRONT/n008-2018-08-22-15-53-49-0400__CAM_FRONT__1534968035412404.jpg", "samples/CAM_FRONT_RIGHT/n008-2018-08-22-15-53-49-0400__CAM_FRONT_RIGHT__1534968035420482.jpg", "samples/CAM_BACK_LEFT/n008-2018-08-22-15-53-49-0400__CAM_BACK_LEFT__1534968035447405.jpg", "samples/CAM_BACK/n008-2018-08-22-15-53-49-0400__CAM_BACK__1534968035437558.jpg", "samples/CAM_BACK_RIGHT/n008-2018-08-22-15-53-49-0400__CAM_BACK_RIGHT__1534968035428113.jpg"], "intrinsics": [[[1257.8625342125129, 0.0, 827.2410631095686], [0.0, 1257.8625342125129, 450.915498205774], [0.0, 0.0, 1.0]], [[1252.8131021185304, 0.0, 826.588114781398], [0.0, 1252.8131021185304, 469.9846626224581], [0.0, 0.0, 1.0]], [[1256.7485116440405, 0.0, 817.7887570959712], [0.0, 1256.7485116440403, 451.9541780095127], [0.0, 0.0, 1.0]], [[1254.9860565800168, 0.0, 829.5769333630991], [0.0, 1254.9860565800168, 467.1680561863987], [0.0, 0.0, 1.0]], [[796.8910634503094, 0.0, 857.7774326863696], [0.0, 796.8910634503094, 476.8848988407415], [0.0, 0.0, 1.0]], [[1249.9629280788233, 0.0, 825.3768045375984], [0.0, 1249.9629280788233, 462.54816385708756], [0.0, 0.0, 1.0]]], "extrinsics": [[[0.8225643634796143, -0.5686612725257874, -0.0035166991874575615, -1.0049686431884766], [0.01228988729417324, 0.02395915985107422, -0.9996373653411865, 1.4882965087890625], [0.5685394406318665, 0.822222888469696, 0.02669673040509224, -1.333251953125], [0.0, 0.0, 0.0, 1.0]], [[0.01034205500036478, -0.9997525215148926, -0.019695177674293518, 0.00537109375], [0.014243736863136292, 0.019841523841023445, -0.9997016787528992, 1.4801673889160156], [0.9998450875282288, 0.010058488696813583, 0.014445415697991848, -1.7347412109375], [0.0, 0.0, 0.0, 1.0]], [[-0.843870222568512, -0.535975456237793, -0.024769125506281853, 1.0906982421875], [0.022263752296566963, 0.011145533062517643, -0.9996899962425232, 1.493072509765625], [0.5360853672027588, -0.8441600203514099, 0.0025274399667978287, -1.27752685546875], [0.0, 0.0, 0.0, 1.0]], [[0.9478764533996582, 0.31859204173088074, 0.0054405452683568, -1.14404296875], [-0.0031114225275814533, 0.026327956467866898, -0.9996485114097595, 1.562042236328125], [-0.31862330436706543, 0.9475262761116028, 0.02594692073762417, -0.156005859375], [0.0, 0.0, 0.0, 1.0]], [[0.00914689525961876, 0.9997817277908325, 0.0187878105789423, -0.0289306640625], [-0.000990251894108951, 0.01879764348268509, -0.9998227953910828, 1.5680618286132812], [-0.99995