[{"images": ["samples/CAM_FRONT_LEFT/n008-2018-08-29-16-04-13-0400__CAM_FRONT_LEFT__1535573360854799.jpg", "samples/CAM_FRONT/n008-2018-08-29-16-04-13-0400__CAM_FRONT__1535573360862404.jpg", "samples/CAM_FRONT_RIGHT/n008-2018-08-29-16-04-13-0400__CAM_FRONT_RIGHT__1535573360870482.jpg", "samples/CAM_BACK_LEFT/n008-2018-08-29-16-04-13-0400__CAM_BACK_LEFT__1535573360897405.jpg", "samples/CAM_BACK/n008-2018-08-29-16-04-13-0400__CAM_BACK__1535573360887558.jpg", "samples/CAM_BACK_RIGHT/n008-2018-08-29-16-04-13-0400__CAM_BACK_RIGHT__1535573360878113.jpg"], "intrinsics": [[[1257.8625342125129, 0.0, 827.2410631095686], [0.0, 1257.8625342125129, 450.915498205774], [0.0, 0.0, 1.0]], [[1252.8131021185304, 0.0, 826.588114781398], [0.0, 1252.8131021185304, 469.9846626224581], [0.0, 0.0, 1.0]], [[1256.7485116440405, 0.0, 817.7887570959712], [0.0, 1256.7485116440403, 451.9541780095127], [0.0, 0.0, 1.0]], [[1254.9860565800168, 0.0, 829.5769333630991], [0.0, 1254.9860565800168, 467.1680561863987], [0.0, 0.0, 1.0]], [[796.8910634503094, 0.0, 857.7774326863696], [0.0, 796.8910634503094, 476.8848988407415], [0.0, 0.0, 1.0]], [[1249.9629280788233, 0.0, 825.3768045375984], [0.0, 1249.9629280788233, 462.54816385708756], [0.0, 0.0, 1.0]]], "extrinsics": [[[0.8223778605461121, -0.5688968300819397, -0.007154496386647224, -0.71405029296875], [0.017069881781935692, 0.03724116459488869, -0.9991605281829834, 1.494232177734375], [0.56868577003479, 0.8215653300285339, 0.04033730551600456, -1.134765625], [0.0, 0.0, 0.0, 1.0]], [[0.010206809267401695, -0.9994071125984192, -0.03288206085562706, 0.0101318359375], [0.018698489293456078, 0.033068783581256866, -0.99927818775177, 1.4855804443359375], [0.9997730851173401, 0.009584521874785423, 0.019024929031729698, -1.44189453125], [0.0, 0.0, 0.0, 1.0]], [[-0.8437983393669128, -0.535471498966217, -0.035702675580978394, 0.8978271484375], [0.026854384690523148, 0.024314189329743385, -0.9993435740470886, 1.4992027282714844], [0.5359880924224854, -0.8442032337188721, -0.006136516109108925, -1.1531982421875], [0.0, 0.0, 0.0, 1.0]], [[0.9478569626808167, 0.3184029757976532, 0.013662566430866718, -1.1231689453125], [0.0012189254630357027, 0.039247941225767136, -0.9992287755012512, 1.5620689392089844], [-0.31869369745254517, 0.9471426606178284, 0.03681332617998123, -0.1632080078125], [0.0, 0.0, 0.0, 1.0]], [[0.009088818915188313, 0.9994497299194336, 0.03190087527036667, -0.028564453125], [0.0034200474619865417, 0.03187093883752823, -0.9994860887527466, 1.5683746337890625], [-0.9999529719352722, 0.009193183854222298, -0.003128499025478959, -0.053131103515625], [0.0, 0.0, 0.0, 1.0]], [[-0.9236763119697571, 0.383156418800354, -0.0036621850449591875, 1.002960205078125], [0.007792206481099129, 0.009227450005710125, -0.9999270439147949, 1.5491256713867188], [-0.3830946087837219, -0.9236374497413635, -0.011508808471262455, -0.107666015625], [0.0, 0.0, 0.0, 1.0]]], "view": [[0.0, -2.0, 100.0], [-2.0, 0.0, 100.0], [0.0, 0.0, 1.0]], "bev": "bev_ce2bf6b41f68457aa475f60b96758fbb.png", "aux": "aux_ce2bf6b41f68457aa475f60b96758fbb.npz", "visibility": "visibility_ce2bf6b41f68457aa475f60b96758fbb.png", "pose": [[-0.8312240839004517, -0.5559375882148743, 0.0, 1108.5477294921875], [0.5559375882148743, -0.8312240839004517, 0.0, 1190.20654296875], [0.0, 0.0, 1.0, 0.0], [0.0, 0.0, 0.0, 1.0]], "pose_inverse": [[-0.8312240839004517, 0.5559375882148743, 0.0, 259.7710266113281], [-0.5559375882148743, -0.8312240839004517, 0.0, 1605.611572265625], [0.0, 0.0, 1.0, 0.0], [0.0, 0.0, 0.0, 1.0]], "cam_ids": [0, 1, 2, 3, 4, 5], "cam_channels": ["CAM_FRONT_LEFT", "CAM_FRONT", "CAM_FRONT_RIGHT", "CAM_BACK_LEFT", "CAM_BACK", "CAM_BACK_RIGHT"], "token": "ce2bf6b41f68457aa475f60b96758fbb", "scene": "scene-0708"}, {"images": ["samples/CAM_FRONT_LEFT/n008-2018-08-29-16-04-13-0400__CAM_FRONT_LEFT__1535573361354799.jpg", "samples/CAM_FRONT/n008-2018-08-29-16-04-13-0400__CAM_FRONT__1535573361362404.jpg", "samples/CAM_FRONT_RIGHT/n008-2018-08-29-16-04-13-0400__CAM_FRONT_RIGHT__1535573361370482.jpg", "samples/CAM_BACK_LEFT/n008-2018-08-29-16-04-13-0400__CAM_BACK_LEFT__1535573361397405.jpg", "samples/CAM_BACK/n008-2018-08-29-16-04-13-0400__CAM_BACK__1535573361387558.jpg", "samples/CAM_BACK_RIGHT/n008-2018-08-29-16-04-13-0400__CAM_BACK_RIGHT__1535573361378113.jpg"], "intrinsics": [[[1257.8625342125129, 0.0, 827.2410631095686], [0.0, 1257.8625342125129, 450.915498205774], [0.0, 0.0, 1.0]], [[1252.8131021185304, 0.0, 826.588114781398], [0.0, 1252.8131021185304, 469.9846626224581], [0.0, 0.0, 1.0]], [[1256.7485116440405, 0.0, 817.7887570959712], [0.0, 1256.7485116440403, 451.9541780095127], [0.0, 0.0, 1.0]], [[1254.9860565800168, 0.0, 829.5769333630991], [0.0, 1254.9860565800168, 467.1680561863987], [0.0, 0.0, 1.0]], [[796.8910634503094, 0.0, 857.7774326863696], [0.0, 796.8910634503094, 476.8848988407415], [0.0, 0.0, 1.0]], [[1249.9629280788233, 0.0, 825.3768045375984], [0.0, 1249.9629280788233, 462.54816385708756], [0.0, 0.0, 1.0]]], "extrinsics": [[[0.8231001496315002, -0.567848265171051, -0.007383810356259346, -0.701416015625], [0.014584442600607872, 0.03413443639874458, -0.9993108510971069, 1.493560791015625], [0.5677090287208557, 0.8224252462387085, 0.036377809941768646, -1.1270751953125], [0.0, 0.0, 0.0, 1.0]], [[0.011209926567971706, -0.9994930624961853, -0.029798094183206558, 0.0111083984375], [0.016584523022174835, 0.0299817081540823, -0.9994128942489624, 1.4851608276367188], [0.9997996687889099, 0.010709096677601337, 0.016912207007408142, -1.42926025390625], [0.0, 0.0, 0.0, 1.0]], [[-0.8434271216392517, -0.5362741947174072, -0.03225991502404213, 0.88916015625], [0.024736307561397552, 0.021219564601778984, -0.9994687438011169, 1.4989738464355469], [0.5366739630699158, -0.843777060508728, -0.004631710704416037, -1.147216796875], [0.0, 0.0, 0.0, 1.0]], [[0.9478440880775452, 0.31853997707366943, 0.011131846345961094, -1.12298583984375], [-0.0004411658155731857, 0.0362362302839756, -0.9993431568145752, 1.5620231628417969], [-0.3187342584133148, 0.9472165107727051, 0.03448682278394699, -0.163330078125], [0.0, 0.0, 0.0, 1.0]], [[0.008784762583673, 0.9995478391647339, 0.028757134452462196, -0.02880859375], [0.0016645550495013595, 0.02874358743429184, -0.9995853900909424, 1.568206787109375], [-0.9999601244926453, 0.008829004131257534, -0.001411296776495874, -0.057373046875], [0.0, 0.0, 0.0, 1.0]], [[-0.9239137172698975, 0.3825890123844147, -0.0030183251947164536, 0.99542236328125], [0.005788551177829504, 0.006089834030717611, -0.999964714050293, 1.5488348007202148], [-0.38255709409713745, -0.9238985776901245, -0.007841115817427635, -0.110595703125], [0.0, 0.0, 0.0, 1.0]]], "view": [[0.0, -2.0, 100.0], [-2.0, 0.0, 100.0], [0.0, 0.0, 1.0]], "bev": "bev_e9e63350a13041a9b474dbc3cb02518f.png", "aux": "aux_e9e63350a13041a9b474dbc3cb02518f.npz", "visibility": "visibility_e9e63350a13041a9b474dbc3cb02518f.png", "pose": [[-0.8279232978820801, -0.5608413815498352, 0.0, 1105.2769775390625], [0.5608413815498352, -0.8279232978820801, 0.0, 1192.439697265625], [0.0, 0.0, 1.0, 0.0], [0.0, 0.0, 0.0, 1.0]], "pose_inverse": [[-0.8279232978820801, 0.5608413815498352, 0.0, 246.31500244140625], [-0.5608413815498352, -0.8279232978820801, 0.0, 1607.1336669921875], [0.0, 0.0, 1.0, 0.0], [0.0, 0.0, 0.0, 1.0]], "cam_ids": [0, 1, 2, 3, 4, 5], "cam_channels": ["CAM_FRONT_LEFT", "CAM_FRONT", "CAM_FRONT_RIGHT", "CAM_BACK_LEFT", "CAM_BACK", "CAM_BACK_RIGHT"], "token": "e9e63350a13041a9b474dbc3cb02518f", "scene": "scene-0708"}, {"images": ["samples/CAM_FRONT_LEFT/n008-2018-08-29-16-04-13-0400__CAM_FRONT_LEFT__1535573361904799.jpg", "samples/CAM_FRONT/n008-2018-08-29-16-04-13-0400__CAM_FRONT__1535573361912404.jpg", "samples/CAM_FRONT_RIGHT/n008-2018-08-29-16-04-13-0400__CAM_FRONT_RIGHT__1535573361920482.jpg", "samples/CAM_BACK_LEFT/n008-2018-08-29-16-04-13-0400__CAM_BACK_LEFT__1535573361947405.jpg", "samples/CAM_BACK/n008-2018-08-29-16-04-13-0400__CAM_BACK__1535573361937558.jpg", "samples/CAM_BACK_RIGHT/n008-2018-08-29-16-04-13-0400__CAM_BACK_RIGHT__1535573361928113.jpg"], "intrinsics": [[[1257.8625342125129, 0.0, 827.2410631095686], [0.0, 1257.8625342125129, 450.915498205774], [0.0, 0.0, 1.0]], [[1252.8131021185304, 0.0, 826.588114781398], [0.0, 1252.8131021185304, 469.9846626224581], [0.0, 0.0, 1.0]], [[1256.7485116440405, 0.0, 817.7887570959712], [0.0, 1256.7485116440403, 451.9541780095127], [0.0, 0.0, 1.0]], [[1254.9860565800168, 0.0, 829.5769333630991], [0.0, 1254.9860565800168, 467.1680561863987], [0.0, 0.0, 1.0]], [[796.8910634503094, 0.0, 857.7774326863696], [0.0, 796.8910634503094, 476.8848988407415], [0.0, 0.0, 1.0]], [[1249.9629280788233, 0.0, 825.3768045375984], [0.0, 1249.9629280788233, 462.54816385708756], [0.0, 0.0, 1.0]]], "extrinsics": [[[0.8229427337646484, -0.5680553913116455, -0.008858094923198223, -0.7041015625], [0.010489306412637234, 0.030781345441937447, -0.9994710683822632, 1.4921226501464844], [0.568027675151825, 0.8224145174026489, 0.03128978610038757, -1.1258544921875], [0.0, 0.0, 0.0, 1.0]], [[0.01090589165687561, -0.9995874166488647, -0.02657143957912922, 0.0091552734375], [0.012720426544547081, 0.026709556579589844, -0.9995623230934143, 1.4840240478515625], [0.999859631061554, 0.010563110932707787, 0.013006470166146755, -1.4304656982421875], [0.0, 0.0, 0.0, 1.0]], [[-0.8436408638954163, -0.536206066608429, -0.02744441106915474, 0.888916015625], [0.021036997437477112, 0.018064303323626518, -0.999615490436554, 1.4981002807617188], [0.5364956259727478, -0.843893826007843, -0.003959619905799627, -1.148681640625], [0.0, 0.0, 0.0, 1.0]], [[0.9478911757469177, 0.3185235261917114, 0.006719388533383608, -1.12164306640625], [-0.004194115288555622, 0.033564578741788864, -0.9994277358055115, 1.5619468688964844], [-0.31856679916381836, 0.9473205208778381, 0.03315148875117302, -0.1634521484375], [0.0, 0.0, 0.0, 1.0]], [[0.008976053446531296, 0.9996247887611389, 0.025885242968797684, -0.0281982421875], [-0.0020772649440914392, 0.02590487152338028, -0.9996622204780579, 1.567840576171875], [-0.9999576210975647, 0.008919243700802326, 0.002309008501470089, -0.0580291748046875], [0.0, 0.0, 0.0, 1.0]], [[-0.9238514304161072, 0.3827505111694336, -0.0007220748229883611, 0.996002197265625], [0.0020513352937996387, 0.0030648144893348217, -0.9999932050704956, 1.5481772422790527], [-0.3827456533908844, -0.9238467216491699, -0.0036165830679237843, -0.111572265625], [0.0, 0.0, 0.0, 1.0]]], "view": [[0.0, -2.0, 100.0], [-2.0, 0.0, 100.0], [0.0, 0.0, 1.0]], "bev": "bev_47089b1ccf0e42ac882539abe8778eb9.png", "aux": "aux_47089b1ccf0e42ac882539abe8778eb9.npz", "visibility": "visibility_47089b1ccf0e42ac882539abe8778eb9.png", "pose": [[-0.823246419429779, -0.5676842331886292, 0.0, 1101.6246337890625], [0.5676842331886292, -0.823246419429779, 0.0, 1194.960693359375], [0.0, 0.0, 1.0, 0.0], [0.0, 0.0, 0.0, 1.0]], "pose_inverse": [[-0.823246419429779, 0.5676842331886292, 0.0, 228.54818725585938], [-0.5676842331886292, -0.823246419429779, 0.0, 1609.1219482421875], [0.0, 0.0, 1.0, 0.0], [0.0, 0.0, 0.0, 1.0]], "cam_ids": [0, 1, 2, 3, 4, 5], "cam_channels": ["CAM_FRONT_LEFT", "CAM_FRONT", "CAM_FRONT_RIGHT", "CAM_BACK_LEFT", "CAM_BACK", "CAM_BACK_RIGHT"], "token": "47089b1ccf0e42ac882539abe8778eb9", "scene": "scene-0708"}, {"images": ["samples/CAM_FRONT_LEFT/n008-2018-08-29-16-04-13-0400__CAM_FRONT_LEFT__1535573362404799.jpg", "samples/CAM_FRONT/n008-2018-08-29-16-04-13-0400__CAM_FRONT__1535573362412404.jpg", "samples/CAM_FRONT_RIGHT/n008-2018-08-29-16-04-13-0400__CAM_FRONT_RIGHT__1535573362420482.jpg", "samples/CAM_BACK_LEFT/n008-2018-08-29-16-04-13-0400__CAM_BACK_LEFT__1535573362447405.jpg", "samples/CAM_BACK/n008-2018-08-29-16-04-13-0400__CAM_BACK__1535573362437558.jpg", "samples/CAM_BACK_RIGHT/n008-2018-08-29-16-04-13-0400__CAM_BACK_RIGHT__1535573362428113.jpg"], "intrinsics": [[[1257.8625342125129, 0.0, 827.2410631095686], [0.0, 1257.8625342125129, 450.915498205774], [0.0, 0.0, 1.0]], [[1252.8131021185304, 0.0, 826.588114781398], [0.0, 1252.8131021185304, 469.9846626224581], [0.0, 0.0, 1.0]], [[1256.7485116440405, 0.0, 817.7887570959712], [0.0, 1256.7485116440403, 451.9541780095127], [0.0, 0.0, 1.0]], [[1254.9860565800168, 0.0, 829.5769333630991], [0.0, 1254.9860565800168, 467.1680561863987], [0.0, 0.0, 1.0]], [[796.8910634503094, 0.0, 857.7774326863696], [0.0, 796.8910634503094, 476.8848988407415], [0.0, 0.0, 1.0]], [[1249.9629280788233, 0.0, 825.3768045375984], [0.0, 1249.9629280788233, 462.54816385708756], [0.0, 0.0, 1.0]]], "extrinsics": [[[0.8229736685752869, -0.5680646896362305, -0.004116570111364126, -0.70050048828125], [0.015606813132762909, 0.029852639883756638, -0.9994324445724487, 1.4940528869628906], [0.5678651332855225, 0.822442352771759, 0.033433616161346436, -1.1236572265625], [0.0, 0.0, 0.0, 1.0]], [[0.010917977429926395, -0.9996126890182495, -0.0255992840975523, 0.0093994140625], [0.01758546009659767, 0.025788798928260803, -0.999512791633606, 1.4855728149414062], [0.9997857809066772, 0.010462451726198196, 0.017860207706689835, -1.426300048828125], [0.0, 0.0, 0.0, 1.0]], [[-0.84359210729599, -0.5360978245735168, -0.030844131484627724, 0.885986328125], [0.025645794346928596, 0.017151448875665665, -0.999523937702179, 1.4992866516113281], [0.5363717079162598, -0.8439815640449524, -0.0007201723055914044, -1.1468505859375], [0.0, 0.0, 0.0, 1.0]], [[0.9478769302368164, 0.318439245223999, 0.011221373453736305, -1.12237548828125], [0.0009497766732238233, 0.03239302709698677, -0.9994747638702393, 1.5620651245117188], [-0.3186354637145996, 0.9473896026611328, 0.030402153730392456, -0.163330078125], [0.0, 0.0, 0.0, 1.0]], [[0.008948021568357944, 0.9996500611305237, 0.02489527128636837, -0.0281982421875], [0.0028522536158561707, 0.024870650842785835, -0.9996865391731262, 1.5683517456054688], [-0.999955952167511, 0.009016236290335655, -0.002628710586577654, -0.0587310791015625], [0.0, 0.0, 0.0, 1.0]], [[-0.923788845539093, 0.3828634023666382, -0.005463171284645796, 0.993743896484375], [0.006796307861804962, 0.002129532629624009, -0.9999746084213257, 1.549036979675293], [-0.3828420341014862, -0.9238025546073914, -0.004569294396787882, -0.1121826171875], [0.0, 0.0, 0.0, 1.0]]], "view": [[0.0, -2.0, 100.0], [-2.0, 0.0, 100.0], [0.0, 0.0, 1.0]], "bev": "bev_a9a870b58cad49ecb101e8bf825c64f2.png", "aux": "aux_a9a870b58cad49ecb101e8bf825c64f2.npz", "visibility": "visibility_a9a870b58cad49ecb101e8bf825c64f2.png", "pose": [[-0.8167991638183594, -0.5769221186637878, 0.0, 1098.385498046875], [0.5769221186637878, -0.8167991638183594, 0.0, 1197.2469482421875], [0.0, 0.0, 1.0, 0.0], [0.0, 0.0, 0.0, 1.0]], "pose_inverse": [[-0.8167991638183594, 0.5769221186637878, 0.0, 206.44215393066406], [-0.5769221186637878, -0.8167991638183594, 0.0, 1611.5931396484375], [0.0, 0.0, 1.0, 0.0], [0.0, 0.0, 0.0, 1.0]], "cam_ids": [0, 1, 2, 3, 4, 5], "cam_channels": ["CAM_FRONT_LEFT", "CAM_FRONT", "CAM_FRONT_RIGHT", "CAM_BACK_LEFT", "CAM_BACK", "CAM_BACK_RIGHT"], "token": "a9a870b58cad49ecb101e8bf825c64f2", "scene": "scene-0708"}, {"images": ["samples/CAM_FRONT_LEFT/n008-2018-08-29-16-04-13-0400__CAM_FRONT_LEFT__1535573362904811.jpg", "samples/CAM_FRONT/n008-2018-08-29-16-04-13-0400__CAM_FRONT__1535573362912404.jpg", "samples/CAM_FRONT_RIGHT/n008-2018-08-29-16-04-13-0400__CAM_FRONT_RIGHT__1535573362920482.jpg", "samples/CAM_BACK_LEFT/n008-2018-08-29-16-04-13-0400__CAM_BACK_LEFT__1535573362947405.jpg", "samples/CAM_BACK/n008-2018-08-29-16-04-13-0400__CAM_BACK__1535573362937569.jpg", "samples/CAM_BACK_RIGHT/n008-2018-08-29-16-04-13-0400__CAM_BACK_RIGHT__1535573362929263.jpg"], "intrinsics": [[[1257.8625342125129, 0.0, 827.2410631095686], [0.0, 1257.8625342125129, 450.915498205774], [0.0, 0.0, 1.0]], [[1252.8131021185304, 0.0, 826.588114781398], [0.0, 1252.8131021185304, 469.9846626224581], [0.0, 0.0, 1.0]], [[1256.7485116440405, 0.0, 817.7887570959712], [0.0, 1256.7485116440403, 451.9541780095127], [0.0, 0.0, 1.0]], [[1254.9860565800168, 0.0, 829.5769333630991], [0.0, 1254.9860565800168, 467.1680561863987], [0.0, 0.0, 1.0]], [[796.8910634503094, 0.0, 857.7774326863696], [0.0, 796.8910634503094, 476.8848988407415], [0.0, 0.0, 1.0]], [[1249.9629280788233, 0.0, 825.3768045375984], [0.0, 1249.9629280788233, 462.54816385708756], [0.0, 0.0, 1.0]]], "extrinsics": [[[0.8230346441268921, -0.5679901838302612, -0.0011050333268940449, -0.713623046875], [0.0156275425106287, 0.02458946593105793, -0.9995754957199097, 1.4938468933105469], [0.5677762031555176, 0.8226679563522339, 0.029114272445440292, -1.131591796875], [0.0, 0.0, 0.0, 1.0]], [[0.01104915514588356, -0.9997326135635376, -0.020312117412686348, 0.008056640625], [0.01738429069519043, 0.02050234004855156, -0.9996386766433716, 1.4852638244628906], [0.9997878074645996, 0.010692059062421322, 0.017606176435947418, -1.4419708251953125], [0.0, 0.0, 0.0, 1.0]], [[-0.8435314893722534, -0.536369264125824, -0.027614735066890717, 0.89794921875], [0.025194639340043068, 0.011841765604913235, -0.9996124505996704, 1.4988288879394531], [0.53648841381073, -0.8439003825187683, 0.003524728352203965, -1.1553955078125], [0.0, 0.0, 0.0, 1.0]], [[0.947853147983551, 0.3185923397541046, 0.008557925000786781, -1.1278076171875], [-9.005584433907643e-05, 0.027119727805256844, -0.9996321797370911, 1.562042236328125], [-0.31870731711387634, 0.9475038051605225, 0.02573421224951744, -0.1614990234375], [0.0, 0.0, 0.0, 1.0]], [[0.00889233686029911, 0.9997693300247192, 0.01954948715865612, -0.0277099609375], [0.0018206941895186901, 0.0195340383797884, -0.9998074769973755, 1.5682334899902344], [-0.9999588131904602, 0.008926326408982277, -0.0016465696971863508, -0.0495758056640625], [0.0, 0.0, 0.0, 1.0]], [[-0.9238253831863403, 0.38275355100631714, -0.006802303716540337, 1.013671875], [0.006031579338014126, -0.003213606309145689, -0.999976634979248, 1.5487723350524902], [-0.38276639580726624, -0.9238449335098267, 0.0006602032808586955, -0.104736328125], [0.0, 0.0, 0.0, 1.0]]], "view": [[0.0, -2.0, 100.0], [-2.0, 0.0, 100.0], [0.0, 0.0, 1.0]], "bev": "bev_3196d007a75d4566a08ea80c583e3067.png", "aux": "aux_3196d007a75d4566a08ea80c583e3067.npz", "visibility": "visibility_3196d007a75d4566a08ea80c583e3067.png", "pose": [[-0.810449481010437, -0.585808515548706, 0.0, 1095.1671142578125], [0.585808515548706, -0.810449481010437, 0.0, 1199.5791015625], [0.0, 0.0, 1.0, 0.0], [0.0, 0.0, 0.0, 1.0]], "pose_inverse": [[-0.810449481010437, 0.585808515548706, 0.0, 184.85398864746094], [-0.585808515548706, -0.810449481010437, 0.0, 1613.7564697265625], [0.0, 0.0, 1.0, 0.0], [0.0, 0.0, 0.0, 1.0]], "cam_ids": [0, 1, 2, 3, 4, 5], "cam_channels": ["CAM_FRONT_LEFT", "CAM_FRONT", "CAM_FRONT_RIGHT", "CAM_BACK_LEFT", "CAM_BACK", "CAM_BACK_RIGHT"], "token": "3196d007a75d4566a08ea80c583e3067", "scene": "scene-0708"}, {"images": ["samples/CAM_FRONT_LEFT/n008-2018-08-29-16-04-13-0400__CAM_FRONT_LEFT__1535573363404799.jpg", "samples/CAM_FRONT/n008-2018-08-29-16-04-13-0400__CAM_FRONT__1535573363412404.jpg", "samples/CAM_FRONT_RIGHT/n008-2018-08-29-16-04-13-0400__CAM_FRONT_RIGHT__1535573363420482.jpg", "samples/CAM_BACK_LEFT/n008-2018-08-29-16-04-13-0400__CAM_BACK_LEFT__1535573363447405.jpg", "samples/CAM_BACK/n008-2018-08-29-16-04-13-0400__CAM_BACK__1535573363437558.jpg", "samples/CAM_BACK_RIGHT/n008-2018-08-29-16-04-13-0400__CAM_BACK_RIGHT__1535573363428113.jpg"], "intrinsics": [[[1257.8625342125129, 0.0, 827.2410631095686], [0.0, 1257.8625342125129, 450.915498205774], [0.0, 0.0, 1.0]], [[1252.8131021185304, 0.0, 826.588114781398], [0.0, 1252.8131021185304, 469.9846626224581], [0.0, 0.0, 1.0]], [[1256.7485116440405, 0.0, 817.7887570959712], [0.0, 1256.7485116440403, 451.9541780095127], [0.0, 0.0, 1.0]], [[1254.9860565800168, 0.0, 829.5769333630991], [0.0, 1254.9860565800168, 467.1680561863987], [0.0, 0.0, 1.0]], [[796.8910634503094, 0.0, 857.7774326863696], [0.0, 796.8910634503094, 476.8848988407415], [0.0, 0.0, 1.0]], [[1249.9629280788233, 0.0, 825.3768045375984], [0.0, 1249.9629280788233, 462.54816385708756], [0.0, 0.0, 1.0]]], "extrinsics": [[[0.8228408694267273, -0.5682664513587952, -0.0024799408856779337, -0.72320556640625], [0.014362850226461887, 0.025159399956464767, -0.9995802640914917, 1.4931297302246094], [0.5680902600288391, 0.822459876537323, 0.02886410802602768, -1.141845703125], [0.0, 0.0, 0.0, 1.0]], [[0.01073420699685812, -0.999726414680481, -0.020778272300958633, 0.01025390625], [0.016164643689990044, 0.02095024101436138, -0.9996498823165894, 1.4846763610839844], [0.9998116493225098, 0.010394553653895855, 0.01638510636985302, -1.4527587890625], [0.0, 0.0, 0.0, 1.0]], [[-0.8436880111694336, -0.5361645221710205, -0.026796391233801842, 0.90625], [0.024022549390792847, 0.012158837169408798, -0.9996374249458313, 1.4983253479003906], [0.536296010017395, -0.8440259099006653, 0.0026217736303806305, -1.15869140625], [0.0, 0.0, 0.0, 1.0]], [[0.947882890701294, 0.3185538351535797, 0.00644342228770256, -1.13336181640625], [-0.0023386727552860975, 0.02717849239706993, -0.9996278882026672, 1.56201171875], [-0.31861037015914917, 0.947515070438385, 0.026507021859288216, -0.1597900390625], [0.0, 0.0, 0.0, 1.0]], [[0.00902694370597601, 0.9997649788856506, 0.01970943622291088, -0.028564453125], [0.0001616193912923336, 0.019708780571818352, -0.999805748462677, 1.568063735961914], [-0.9999592900276184, 0.009028400294482708, 1.632930798223242e-05, -0.0429534912109375], [0.0, 0.0, 0.0, 1.0]], [[-0.9237753748893738, 0.3828953802585602, -0.005492048803716898, 1.01214599609375], [0.004717412870377302, -0.002961993683129549, -0.9999845027923584, 1.5485715866088867], [-0.3829057216644287, -0.9237869381904602, 0.0009299416560679674, -0.1041259765625], [0.0, 0.0, 0.0, 1.0]]], "view": [[0.0, -2.0, 100.0], [-2.0, 0.0, 100.0], [0.0, 0.0, 1.0]], "bev": "bev_9999f77ef6b34c0d96c00861f21f42a2.png", "aux": "aux_9999f77ef6b34c0d96c00861f21f42a2.npz", "visibility": "visibility_9999f77ef6b34c0d96c00861f21f42a2.png", "pose": [[-0.8031523823738098, -0.5957736372947693, 0.0, 1092.0487060546875], [0.5957736372947693, -0.8031523823738098, 0.0, 1201.9056396484375], [0.0, 0.0, 1.0, 0.0], [0.0, 0.0, 0.0, 1.0]], "pose_inverse": [[-0.8031523823738098, 0.5957736372947693, 0.0, 161.017822265625], [-0.5957736372947693, -0.8031523823738098, 0.0, 1615.92724609375], [0.0, 0.0, 1.0, 0.0], [0.0, 0.0, 0.0, 1.0]], "cam_ids": [0, 1, 2, 3, 4, 5], "cam_channels": ["CAM_FRONT_LEFT", "CAM_FRONT", "CAM_FRONT_RIGHT", "CAM_BACK_LEFT", "CAM_BACK", "CAM_BACK_RIGHT"], "token": "9999f77ef6b34c0d96c00861f21f42a2", "scene": "scene-0708"}, {"images": ["samples/CAM_FRONT_LEFT/n008-2018-08-29-16-04-13-0400__CAM_FRONT_LEFT__1535573363904799.jpg", "samples/CAM_FRONT/n008-2018-08-29-16-04-13-0400__CAM_FRONT__1535573363912404.jpg", "samples/CAM_FRONT_RIGHT/n008-2018-08-29-16-04-13-0400__CAM_FRONT_RIGHT__1535573363920482.jpg", "samples/CAM_BACK_LEFT/n008-2018-08-29-16-04-13-0400__CAM_BACK_LEFT__1535573363947405.jpg", "samples/CAM_BACK/n008-2018-08-29-16-04-13-0400__CAM_BACK__1535573363937558.jpg", "samples/CAM_BACK_RIGHT/n008-2018-08-29-16-04-13-0400__CAM_BACK_RIGHT__1535573363928113.jpg"], "intrinsics": [[[1257.8625342125129, 0.0, 827.2410631095686], [0.0, 1257.8625342125129, 450.915498205774], [0.0, 0.0, 1.0]], [[1252.8131021185304, 0.0, 826.588114781398], [0.0, 1252.8131021185304, 469.9846626224581], [0.0, 0.0, 1.0]], [[1256.7485116440405, 0.0, 817.7887570959712], [0.0, 1256.7485116440403, 451.9541780095127], [0.0, 0.0, 1.0]], [[1254.9860565800168, 0.0, 829.5769333630991], [0.0, 1254.9860565800168, 467.1680561863987], [0.0, 0.0, 1.0]], [[796.8910634503094, 0.0, 857.7774326863696], [0.0, 796.8910634503094, 476.8848988407415], [0.0, 0.0, 1.0]], [[1249.9629280788233, 0.0, 825.3768045375984], [0.0, 1249.9629280788233, 462.54816385708756], [0.0, 0.0, 1.0]]], "extrinsics": [[[0.8229171633720398, -0.5681118965148926, -0.007500513456761837, -0.713623046875], [0.014362124726176262, 0.033997245132923126, -0.9993187189102173, 1.4932441711425781], [0.5679798722267151, 0.8222486972808838, 0.0361362099647522, -1.1358642578125], [0.0, 0.0, 0.0, 1.0]], [[0.011037622578442097, -0.9994984865188599, -0.029680773615837097, 0.01123046875], [0.016228020191192627, 0.029857724905014038, -0.9994224309921265, 1.4848136901855469], [0.9998074173927307, 0.010549639351665974, 0.01654944010078907, -1.443359375], [0.0, 0.0, 0.0, 1.0]], [[-0.8435093760490417, -0.536176323890686, -0.03173055499792099, 0.9005126953125], [0.024160610511898994, 0.021139489486813545, -0.9994845390319824, 1.4985084533691406], [0.5365707874298096, -0.8438411951065063, -0.004877012688666582, -1.154296875], [0.0, 0.0, 0.0, 1.0]], [[0.9478822946548462, 0.3184853494167328, 0.009279973804950714, -1.134033203125], [-0.0023406243417412043, 0.03608499467372894, -0.9993459582328796, 1.5620155334472656], [-0.31861191987991333, 0.9472407102584839, 0.034949783235788345, -0.159423828125], [0.0, 0.0, 0.0, 1.0]], [[0.008912862278521061, 0.9995499849319458, 0.02864297851920128, -0.02880859375], [0.0002651727118063718, 0.028641752898693085, -0.9995896220207214, 1.5680656433105469], [-0.9999602437019348, 0.00891671422868967, -9.773918463906739e-06, -0.04509735107421875], [0.0, 0.0, 0.0, 1.0]], [[-0.9238622188568115, 0.38271862268447876, -0.002252354519441724, 1.0072021484375], [0.004933222662657499, 0.006023567169904709, -0.9999697208404541, 1.5486164093017578], [-0.38269343972206116, -0.9238452911376953, -0.0074529824778437614, -0.105712890625], [0.0, 0.0, 0.0, 1.0]]], "view": [[0.0, -2.0, 100.0], [-2.0, 0.0, 100.0], [0.0, 0.0, 1.0]], "bev": "bev_e5abe4f8e91a4e72a551e65217a6cf26.png", "aux": "aux_e5abe4f8e91a4e72a551e65217a6cf26.npz", "visibility": "visibility_e5abe4f8e91a4e72a551e65217a6cf26.png", "pose": [[-0.7966339588165283, -0.6044620275497437, 0.0, 1088.931884765625], [0.6044620275497437, -0.7966339588165283, 0.0, 1204.2769775390625], [0.0, 0.0, 1.0, 0.0], [0.0, 0.0, 0.0, 1.0]], "pose_inverse": [[-0.7966339588165283, 0.6044620275497437, 0.0, 139.5404052734375], [-0.6044620275497437, -0.7966339588165283, 0.0, 1617.5859375], [0.0, 0.0, 1.0, 0.0], [0.0, 0.0, 0.0, 1.0]], "cam_ids": [0, 1, 2, 3, 4, 5], "cam_channels": ["CAM_FRONT_LEFT", "CAM_FRONT", "CAM_FRONT_RIGHT", "CAM_BACK_LEFT", "CAM_BACK", "CAM_BACK_RIGHT"], "token": "e5abe4f8e91a4e72a551e65217a6cf26", "scene": "scene-0708"}, {"images": ["samples/CAM_FRONT_LEFT/n008-2018-08-29-16-04-13-0400__CAM_FRONT_LEFT__1535573364404799.jpg", "samples/CAM_FRONT/n008-2018-08-29-16-04-13-0400__CAM_FRONT__1535573364412404.jpg", "samples/CAM_FRONT_RIGHT/n008-2018-08-29-16-04-13-0400__CAM_FRONT_RIGHT__1535573364420482.jpg", "samples/CAM_BACK_LEFT/n008-2018-08-29-16-04-13-0400__CAM_BACK_LEFT__1535573364447405.jpg", "samples/CAM_BACK/n008-2018-08-29-16-04-13-0400__CAM_BACK__1535573364437558.jpg", "samples/CAM_BACK_RIGHT/n008-2018-08-29-16-04-13-0400__CAM_BACK_RIGHT__1535573364428113.jpg"], "intrinsics": [[[1257.8625342125129, 0.0, 827.2410631095686], [0.0, 1257.8625342125129, 450.915498205774], [0.0, 0.0, 1.0]], [[1252.8131021185304, 0.0, 826.588114781398], [0.0, 1252.8131021185304, 469.9846626224581], [0.0, 0.0, 1.0]], [[1256.7485116440405, 0.0, 817.7887570959712], [0.0, 1256.7485116440403, 451.9541780095127], [0.0, 0.0, 1.0]], [[1254.9860565800168, 0.0, 829.5769333630991], [0.0, 1254.9860565800168, 467.1680561863987], [0.0, 0.0, 1.0]], [[796.8910634503094, 0.0, 857.7774326863696], [0.0, 796.8910634503094, 476.8848988407415], [0.0, 0.0, 1.0]], [[1249.9629280788233, 0.0, 825.3768045375984], [0.0, 1249.9629280788233, 462.54816385708756], [0.0, 0.0, 1.0]]], "extrinsics": [[[0.8227022290229797, -0.5684351921081543, -0.006523462478071451, -0.72479248046875], [0.01631447672843933, 0.035079699009656906, -0.9992513656616211, 1.4936676025390625], [0.5682384371757507, 0.821979820728302, 0.03813386708498001, -1.1444091796875], [0.0, 0.0, 0.0, 1.0]], [[0.01061111968010664, -0.9994703531265259, -0.030762361362576485, 0.01171875], [0.018838154152035713, 0.030958443880081177, -0.9993431568145752, 1.4852981567382812], [0.9997661709785461, 0.010024684481322765, 0.0191566813737154, -1.45672607421875], [0.0, 0.0, 0.0, 1.0]], [[-0.8436572551727295, -0.5357325673103333, -0.03511596471071243, 0.9102783203125], [0.027462970465421677, 0.02225865237414837, -0.9993749856948853, 1.4989280700683594], [0.5361793637275696, -0.8440943360328674, -0.004065867513418198, -1.1597900390625], [0.0, 0.0, 0.0, 1.0]], [[0.9478195309638977, 0.3184928297996521, 0.014158031903207302, -1.13470458984375], [0.0025264399591833353, 0.036904226988554, -0.999315619468689, 1.5620613098144531], [-0.31879743933677673, 0.9472066164016724, 0.03417389094829559, -0.159423828125], [0.0, 0.0, 0.0, 1.0]], [[0.00899110920727253, 0.9995186924934387, 0.02968890592455864, -0.029052734375], [0.004578691441565752, 0.029648642987012863, -0.9995498657226562, 1.5684165954589844], [-0.9999491572380066, 0.009123001247644424, -0.004309915006160736, -0.040374755859375], [0.0, 0.0, 0.0, 1.0]], [[-0.9237099289894104, 0.38305598497390747, -0.005285073071718216, 1.0150146484375], [0.008685131557285786, 0.007147264201194048, -0.9999367594718933, 1.5491600036621094], [-0.3829939663410187, -0.9236974716186523, -0.009928889572620392, -0.1019287109375], [0.0, 0.0, 0.0, 1.0]]], "view": [[0.0, -2.0, 100.0], [-2.0, 0.0, 100.0], [0.0, 0.0, 1.0]], "bev": "bev_3791196eaefb48bfb24c3a16b5ba8001.png", "aux": "aux_3791196eaefb48bfb24c3a16b5ba8001.npz", "visibility": "visibility_3791196eaefb48bfb24c3a16b5ba8001.png", "pose": [[-0.7970814108848572, -0.6038718819618225, 0.0, 1085.800048828125], [0.6038718819618225, -0.7970814108848572, 0.0, 1206.7010498046875], [0.0, 0.0, 1.0, 0.0], [0.0, 0.0, 0.0, 1.0]], "pose_inverse": [[-0.7970814108848572, 0.6038718819618225, 0.0, 136.77821350097656], [-0.6038718819618225, -0.7970814108848572, 0.0, 1617.5230712890625], [0.0, 0.0, 1.0, 0.0], [0.0, 0.0, 0.0, 1.0]], "cam_ids": [0, 1, 2, 3, 4, 5], "cam_channels": ["CAM_FRONT_LEFT", "CAM_FRONT", "CAM_FRONT_RIGHT", "CAM_BACK_LEFT", "CAM_BACK", "CAM_BACK_RIGHT"], "token": "3791196eaefb48bfb24c3a16b5ba8001", "scene": "scene-0708"}, {"images": ["samples/CAM_FRONT_LEFT/n008-2018-08-29-16-04-13-0400__CAM_FRONT_LEFT__1535573364904806.jpg", "samples/CAM_FRONT/n008-2018-08-29-16-04-13-0400__CAM_FRONT__1535573364912404.jpg", "samples/CAM_FRONT_RIGHT/n008-2018-08-29-16-04-13-0400__CAM_FRONT_RIGHT__1535573364920482.jpg", "samples/CAM_BACK_LEFT/n008-2018-08-29-16-04-13-0400__CAM_BACK_LEFT__1535573364947405.jpg", "samples/CAM_BACK/n008-2018-08-29-16-04-13-0400__CAM_BACK__1535573364937558.jpg", "samples/CAM_BACK_RIGHT/n008-2018-08-29-16-04-13-0400__CAM_BACK_RIGHT__1535573364928156.jpg"], "intrinsics": [[[1257.8625342125129, 0.0, 827.2410631095686], [0.0, 1257.8625342125129, 450.915498205774], [0.0, 0.0, 1.0]], [[1252.8131021185304, 0.0, 826.588114781398], [0.0, 1252.8131021185304, 469.9846626224581], [0.0, 0.0, 1.0]], [[1256.7485116440405, 0.0, 817.7887570959712], [0.0, 1256.7485116440403, 451.9541780095127], [0.0, 0.0, 1.0]], [[1254.9860565800168, 0.0, 829.5769333630991], [0.0, 1254.9860565800168, 467.1680561863987], [0.0, 0.0, 1.0]], [[796.8910634503094, 0.0, 857.7774326863696], [0.0, 796.8910634503094, 476.8848988407415], [0.0, 0.0, 1.0]], [[1249.9629280788233, 0.0, 825.3768045375984], [0.0, 1249.9629280788233, 462.54816385708756], [0.0, 0.0, 1.0]]], "extrinsics": [[[0.821784496307373, -0.5697910189628601, -0.0029110549949109554, -0.736572265625], [0.01862477697432041, 0.03196718916296959, -0.9993153214454651, 1.4942855834960938], [0.5694940090179443, 0.8211677670478821, 0.036882370710372925, -1.1497802734375], [0.0, 0.0, 0.0, 1.0]], [[0.009288817644119263, -0.9995789527893066, -0.027490179985761642, 0.00927734375], [0.020805347710847855, 0.027678607031702995, -0.9994003772735596, 1.4856986999511719], [0.9997403621673584, 0.008711273781955242, 0.02105369046330452, -1.4670257568359375], [0.0, 0.0, 0.0, 1.0]], [[-0.8441822528839111, -0.5349377989768982, -0.0346100740134716, 0.91668701171875], [0.029062816873192787, 0.018796613439917564, -0.999400794506073, 1.4990615844726562], [0.5352678298950195, -0.8446823358535767, -0.00032096929498948157, -1.1661376953125], [0.0, 0.0, 0.0, 1.0]], [[0.9477999210357666, 0.3185538351535797, 0.014096789062023163, -1.14019775390625], [0.0036187348887324333, 0.033460479229688644, -0.9994335174560547, 1.5620498657226562], [-0.31884515285491943, 0.9473139643669128, 0.03056108020246029, -0.157470703125], [0.0, 0.0, 0.0, 1.0]], [[0.009362660348415375, 0.999613344669342, 0.026180459186434746, -0.0284423828125], [0.005836153868585825, 0.02612653560936451, -0.9996415972709656, 1.5685043334960938], [-0.9999391436576843, 0.009512103162705898, -0.005589284934103489, -0.03375244140625], [0.0, 0.0, 0.0, 1.0]], [[-0.9234011173248291, 0.3837552070617676, -0.007894128561019897, 1.02276611328125], [0.010046923533082008, 0.0036055862437933683, -0.9999430179595947, 1.5493073463439941], [-0.3837047815322876, -0.9234278202056885, -0.007184962742030621, -0.10009765625], [0.0, 0.0, 0.0, 1.0]]], "view": [[0.0, -2.0, 100.0], [-2.0, 0.0, 100.0], [0.0, 0.0, 1.0]], "bev": "bev_6b519c7c01744ef0b834bf433bf2f725.png", "aux": "aux_6b519c7c01744ef0b834bf433bf2f725.npz", "visibility": "visibility_6b519c7c01744ef0b834bf433bf2f725.png", "pose": [[-0.8048230409622192, -0.5935148596763611, 0.0, 1082.73486328125], [0.5935148596763611, -0.8048230409622192, 0.0, 1209.021728515625], [0.0, 0.0, 1.0, 0.0], [0.0, 0.0, 0.0, 1.0]], "pose_inverse": [[-0.8048230409622192, 0.5935148596763611, 0.0, 153.83763122558594], [-0.5935148596763611, -0.8048230409622192, 0.0, 1615.667724609375], [0.0, 0.0, 1.0, 0.0], [0.0, 0.0, 0.0, 1.0]], "cam_ids": [0, 1, 2, 3, 4, 5], "cam_channels": ["CAM_FRONT_LEFT", "CAM_FRONT", "CAM_FRONT_RIGHT", "CAM_BACK_LEFT", "CAM_BACK", "CAM_BACK_RIGHT"], "token": "6b519c7c01744ef0b834bf433bf2f725", "scene": "scene-0708"}, {"images": ["samples/CAM_FRONT_LEFT/n008-2018-08-29-16-04-13-0400__CAM_FRONT_LEFT__1535573365354799.jpg", "samples/CAM_FRONT/n008-2018-08-29-16-04-13-0400__CAM_FRONT__1535573365362404.jpg", "samples/CAM_FRONT_RIGHT/n008-2018-08-29-16-04-13-0400__CAM_FRONT_RIGHT__1535573365370482.jpg", "samples/CAM_BACK_LEFT/n008-2018-08-29-16-04-13-0400__CAM_BACK_LEFT__1535573365397405.jpg", "samples/CAM_BACK/n008-2018-08-29-16-04-13-0400__CAM_BACK__1535573365387558.jpg", "samples/CAM_BACK_RIGHT/n008-2018-08-29-16-04-13-0400__CAM_BACK_RIGHT__1535573365378113.jpg"], "intrinsics": [[[1257.8625342125129, 0.0, 827.2410631095686], [0.0, 1257.8625342125129, 450.915498205774], [0.0, 0.0, 1.0]], [[1252.8131021185304, 0.0, 826.588114781398], [0.0, 1252.8131021185304, 469.9846626224581], [0.0, 0.0, 1.0]], [[1256.7485116440405, 0.0, 817.7887570959712], [0.0, 1256.7485116440403, 451.9541780095127], [0.0, 0.0, 1.0]], [[1254.9860565800168, 0.0, 829.5769333630991], [0.0, 1254.9860565800168, 467.1680561863987], [0.0, 0.0, 1.0]], [[796.8910634503094, 0.0, 857.7774326863696], [0.0, 796.8910634503094, 476.8848988407415], [0.0, 0.0, 1.0]], [[1249.9629280788233, 0.0, 825.3768045375984], [0.0, 1249.9629280788233, 462.54816385708756], [0.0, 0.0, 1.0]]], "extrinsics": [[[0.8219282031059265, -0.5695845484733582, -0.0027530977968126535, -0.74237060546875], [0.018400797620415688, 0.031383246183395386, -0.9993380308151245, 1.4940757751464844], [0.5692938566207886, 0.8213334679603577, 0.03627558797597885, -1.1544189453125], [0.0, 0.0, 0.0, 1.0]], [[0.009520775638520718, -0.9995859861373901, -0.027151597663760185, 0.009765625], [0.02040364220738411, 0.027341369539499283, -0.9994179010391235, 1.4854393005371094], [0.9997465014457703, 0.00896117277443409, 0.020655501633882523, -1.473663330078125], [0.0, 0.0, 0.0, 1.0]], [[-0.84409499168396, -0.5351147055625916, -0.03399812430143356, 0.92181396484375], [0.02839871123433113, 0.018701132386922836, -0.9994217157363892, 1.4987525939941406], [0.5354411005973816, -0.8445724248886108, -0.0005889645544812083, -1.1688232421875], [0.0, 0.0, 0.0, 1.0]], [[0.9478222727775574, 0.3184870481491089, 0.014103038236498833, -1.14324951171875], [0.0034803799353539944, 0.033897969871759415, -0.9994192719459534, 1.5620460510253906], [-0.31878021359443665, 0.9473208785057068, 0.031020795926451683, -0.15625], [0.0, 0.0, 0.0, 1.0]], [[0.009306206367909908, 0.9996060132980347, 0.026479726657271385, -0.028564453125], [0.005259678233414888, 0.026431573554873466, -0.999636709690094, 1.5684356689453125], [-0.9999428987503052, 0.009442106820642948, -0.005011631641536951, -0.0294647216796875], [0.0, 0.0, 0.0, 1.0]], [[-0.9234615564346313, 0.38362419605255127, -0.007158190011978149, 1.0272216796875], [0.009290629997849464, 0.0037059872411191463, -0.9999499320983887, 1.5491466522216797], [-0.38357841968536377, -0.9234818816184998, -0.006986445747315884, -0.09814453125], [0.0, 0.0, 0.0, 1.0]]], "view": [[0.0, -2.0, 100.0], [-2.0, 0.0, 100.0], [0.0, 0.0, 1.0]], "bev": "bev_753870f3220a4e52adacfa7bfebce69a.png", "aux": "aux_753870f3220a4e52adacfa7bfebce69a.npz", "visibility": "visibility_753870f3220a4e52adacfa7bfebce69a.png", "pose": [[-0.8132965564727783, -0.5818493962287903, 0.0, 1080.0379638671875], [0.5818493962287903, -0.8132965564727783, 0.0, 1211.003173828125], [0.0, 0.0, 1.0, 0.0], [0.0, 0.0, 0.0, 1.0]], "pose_inverse": [[-0.8132965564727783, 0.5818493962287903, 0.0, 173.76963806152344], [-0.5818493962287903, -0.8132965564727783, 0.0, 1613.3240966796875], [0.0, 0.0, 1.0, 0.0], [0.0, 0.0, 0.0, 1.0]], "cam_ids": [0, 1, 2, 3, 4, 5], "cam_channels": ["CAM_FRONT_LEFT", "CAM_FRONT", "CAM_FRONT_RIGHT", "CAM_BACK_LEFT", "CAM_BACK", "CAM_BACK_RIGHT"], "token": "753870f3220a4e52adacfa7bfebce69a", "scene": "scene-0708"}, {"images": ["samples/CAM_FRONT_LEFT/n008-2018-08-29-16-04-13-0400__CAM_FRONT_LEFT__1535573365854799.jpg", "samples/CAM_FRONT/n008-2018-08-29-16-04-13-0400__CAM_FRONT__1535573365862404.jpg", "samples/CAM_FRONT_RIGHT/n008-2018-08-29-16-04-13-0400__CAM_FRONT_RIGHT__1535573365870482.jpg", "samples/CAM_BACK_LEFT/n008-2018-08-29-16-04-13-0400__CAM_BACK_LEFT__1535573365897405.jpg", "samples/CAM_BACK/n008-2018-08-29-16-04-13-0400__CAM_BACK__1535573365887558.jpg", "samples/CAM_BACK_RIGHT/n008-2018-08-29-16-04-13-0400__CAM_BACK_RIGHT__1535573365878113.jpg"], "intrinsics": [[[1257.8625342125129, 0.0, 827.2410631095686], [0.0, 1257.8625342125129, 450.915498205774], [0.0, 0.0, 1.0]], [[1252.8131021185304, 0.0, 826.588114781398], [0.0, 1252.8131021185304, 469.9846626224581], [0.0, 0.0, 1.0]], [[1256.7485116440405, 0.0, 817.7887570959712], [0.0, 1256.7485116440403, 451.9541780095127], [0.0, 0.0, 1.0]], [[1254.9860565800168, 0.0, 829.5769333630991], [0.0, 1254.9860565800168, 467.1680561863987], [0.0, 0.0, 1.0]], [[796.8910634503094, 0.0, 857.7774326863696], [0.0, 796.8910634503094, 476.8848988407415], [0.0, 0.0, 1.0]], [[1249.9629280788233, 0.0, 825.3768045375984], [0.0, 1249.9629280788233, 462.54816385708756], [0.0, 0.0, 1.0]]], "extrinsics": [[[0.8221836686134338, -0.5692221522331238, -0.00035237526753917336, -0.759033203125], [0.019128775224089622, 0.028248261660337448, -0.9994179010391235, 1.4938697814941406], [0.5689008235931396, 0.8216983675956726, 0.03411377966403961, -1.1676025390625], [0.0, 0.0, 0.0, 1.0]], [[0.009989832527935505, -0.9996616244316101, -0.024014396592974663, 0.0107421875], [0.020485537126660347, 0.024215152487158775, -0.9994968771934509, 1.4850654602050781], [0.9997402429580688, 0.009492850862443447, 0.020720509812235832, -1.4918060302734375], [0.0, 0.0, 0.0, 1.0]], [[-0.8438647985458374, -0.5356162190437317, -0.03174220770597458, 0.93487548828125], [0.027687635272741318, 0.015611082315444946, -0.999494731426239, 1.4981842041015625], [0.5358411073684692, -0.8443172574043274, 0.0016563015524297953, -1.1759033203125], [0.0, 0.0, 0.0, 1.0]], [[0.9478570818901062, 0.3185514211654663, 0.009590914472937584, -1.14801025390625], [-0.00023448978026863188, 0.030791345983743668, -0.999525785446167, 1.5620460510253906], [-0.31869569420814514, 0.9474053382873535, 0.029260490089654922, -0.1546630859375], [0.0, 0.0, 0.0, 1.0]], [[0.009128836914896965, 0.9996863603591919, 0.02332041971385479, -0.0289306640625], [0.002766045043244958, 0.02329605631530285, -0.9997247457504272, 1.5682220458984375], [