[{"images": ["samples/CAM_FRONT_LEFT/n008-2018-08-31-11-37-23-0400__CAM_FRONT_LEFT__1535730634904799.jpg", "samples/CAM_FRONT/n008-2018-08-31-11-37-23-0400__CAM_FRONT__1535730634912404.jpg", "samples/CAM_FRONT_RIGHT/n008-2018-08-31-11-37-23-0400__CAM_FRONT_RIGHT__1535730634920482.jpg", "samples/CAM_BACK_LEFT/n008-2018-08-31-11-37-23-0400__CAM_BACK_LEFT__1535730634947405.jpg", "samples/CAM_BACK/n008-2018-08-31-11-37-23-0400__CAM_BACK__1535730634937558.jpg", "samples/CAM_BACK_RIGHT/n008-2018-08-31-11-37-23-0400__CAM_BACK_RIGHT__1535730634928113.jpg"], "intrinsics": [[[1257.8625342125129, 0.0, 827.2410631095686], [0.0, 1257.8625342125129, 450.915498205774], [0.0, 0.0, 1.0]], [[1252.8131021185304, 0.0, 826.588114781398], [0.0, 1252.8131021185304, 469.9846626224581], [0.0, 0.0, 1.0]], [[1256.7485116440405, 0.0, 817.7887570959712], [0.0, 1256.7485116440403, 451.9541780095127], [0.0, 0.0, 1.0]], [[1254.9860565800168, 0.0, 829.5769333630991], [0.0, 1254.9860565800168, 467.1680561863987], [0.0, 0.0, 1.0]], [[796.8910634503094, 0.0, 857.7774326863696], [0.0, 796.8910634503094, 476.8848988407415], [0.0, 0.0, 1.0]], [[1249.9629280788233, 0.0, 825.3768045375984], [0.0, 1249.9629280788233, 462.54816385708756], [0.0, 0.0, 1.0]]], "extrinsics": [[[0.8224777579307556, -0.5685653686523438, -0.016240186989307404, -1.0050048828125], [0.01177884079515934, 0.04557087644934654, -0.9988916516304016, 1.4882888793945312], [0.5686752796173096, 0.8213748931884766, 0.0441780760884285, -1.33349609375], [0.0, 0.0, 0.0, 1.0]], [[0.01018752995878458, -0.9990935921669006, -0.041329752653837204, 0.00537109375], [0.013743738643825054, 0.04146789759397507, -0.9990453124046326, 1.48016357421875], [0.9998536109924316, 0.009609892033040524, 0.014153738506138325, -1.73480224609375], [0.0, 0.0, 0.0, 1.0]], [[-0.8439576625823975, -0.5352033972740173, -0.03595246002078056, 1.090576171875], [0.021775105968117714, 0.032786279916763306, -0.9992250800132751, 1.493072509765625], [0.5359675288200378, -0.8440866470336914, -0.016016121953725815, -1.277587890625], [0.0, 0.0, 0.0, 1.0]], [[0.9479239583015442, 0.3182750940322876, 0.011879720725119114, -1.14398193359375], [-0.003587994258850813, 0.0479682981967926, -0.9988424181938171, 1.562042236328125], [-0.31847652792930603, 0.9467840194702148, 0.046612270176410675, -0.15625], [0.0, 0.0, 0.0, 1.0]], [[0.009296433068811893, 0.9991395473480225, 0.04041914641857147, -0.0286865234375], [-0.0014631719095632434, 0.04043443873524666, -0.9991810917854309, 1.5680618286132812], [-0.9999556541442871, 0.00922967679798603, 0.0018378066597506404, 0.0442962646484375], [0.0, 0.0, 0.0, 1.0]], [[-0.9236590266227722, 0.3831912875175476, 0.0042844368144869804, 1.16070556640625], [0.002720062155276537, 0.0177356768399477, -0.9998390078544617, 1.5478134155273438], [-0.3832055330276489, -0.9234986305236816, -0.017424020916223526, -0.0438232421875], [0.0, 0.0, 0.0, 1.0]]], "view": [[0.0, -2.0, 100.0], [-2.0, 0.0, 100.0], [0.0, 0.0, 1.0]], "bev": "bev_3b86f8218554493f928b39824655872a.png", "aux": "aux_3b86f8218554493f928b39824655872a.npz", "visibility": "visibility_3b86f8218554493f928b39824655872a.png", "pose": [[-0.8235409259796143, -0.5672568082809448, 0.0, 1217.8868408203125], [0.5672568082809448, -0.8235409259796143, 0.0, 1378.6224365234375], [0.0, 0.0, 1.0, 0.0], [0.0, 0.0, 0.0, 1.0]], "pose_inverse": [[-0.8235409259796143, 0.5672568082809448, 0.0, 220.94671630859375], [-0.5672568082809448, -0.8235409259796143, 0.0, 1826.2066650390625], [0.0, 0.0, 1.0, 0.0], [0.0, 0.0, 0.0, 1.0]], "cam_ids": [0, 1, 2, 3, 4, 5], "cam_channels": ["CAM_FRONT_LEFT", "CAM_FRONT", "CAM_FRONT_RIGHT", "CAM_BACK_LEFT", "CAM_BACK", "CAM_BACK_RIGHT"], "token": "3b86f8218554493f928b39824655872a", "scene": "scene-0564"}, {"images": ["samples/CAM_FRONT_LEFT/n008-2018-08-31-11-37-23-0400__CAM_FRONT_LEFT__1535730635504799.jpg", "samples/CAM_FRONT/n008-2018-08-31-11-37-23-0400__CAM_FRONT__1535730635512404.jpg", "samples/CAM_FRONT_RIGHT/n008-2018-08-31-11-37-23-0400__CAM_FRONT_RIGHT__1535730635520482.jpg", "samples/CAM_BACK_LEFT/n008-2018-08-31-11-37-23-0400__CAM_BACK_LEFT__1535730635547405.jpg", "samples/CAM_BACK/n008-2018-08-31-11-37-23-0400__CAM_BACK__1535730635537558.jpg", "samples/CAM_BACK_RIGHT/n008-2018-08-31-11-37-23-0400__CAM_BACK_RIGHT__1535730635528113.jpg"], "intrinsics": [[[1257.8625342125129, 0.0, 827.2410631095686], [0.0, 1257.8625342125129, 450.915498205774], [0.0, 0.0, 1.0]], [[1252.8131021185304, 0.0, 826.588114781398], [0.0, 1252.8131021185304, 469.9846626224581], [0.0, 0.0, 1.0]], [[1256.7485116440405, 0.0, 817.7887570959712], [0.0, 1256.7485116440403, 451.9541780095127], [0.0, 0.0, 1.0]], [[1254.9860565800168, 0.0, 829.5769333630991], [0.0, 1254.9860565800168, 467.1680561863987], [0.0, 0.0, 1.0]], [[796.8910634503094, 0.0, 857.7774326863696], [0.0, 796.8910634503094, 476.8848988407415], [0.0, 0.0, 1.0]], [[1249.9629280788233, 0.0, 825.3768045375984], [0.0, 1249.9629280788233, 462.54816385708756], [0.0, 0.0, 1.0]]], "extrinsics": [[[0.8224817514419556, -0.5685575604438782, -0.016315974295139313, -1.0050048828125], [0.011693665757775307, 0.04558153823018074, -0.9988921880722046, 1.4882965087890625], [0.5686713457107544, 0.8213796615600586, 0.044138502329587936, -1.3333740234375], [0.0, 0.0, 0.0, 1.0]], [[0.010192560032010078, -0.9990929365158081, -0.04134446009993553, 0.00537109375], [0.013657829724252224, 0.04148184880614281, -0.9990459680557251, 1.4801712036132812], [0.9998546838760376, 0.00961817055940628, 0.014068249613046646, -1.7346343994140625], [0.0, 0.0, 0.0, 1.0]], [[-0.8439570069313049, -0.5352087616920471, -0.035888757556676865, 1.0904541015625], [0.021688468754291534, 0.03280375897884369, -0.999226450920105, 1.493072509765625], [0.5359721183776855, -0.8440827131271362, -0.016077104955911636, -1.2774658203125], [0.0, 0.0, 0.0, 1.0]], [[0.9479241967201233, 0.318278044462204, 0.011777371168136597, -1.143798828125], [-0.0037047809455543756, 0.04799440875649452, -0.9988407492637634, 1.5620498657226562], [-0.31847435235977173, 0.9467816948890686, 0.0466742143034935, -0.1561279296875], [0.0, 0.0, 0.0, 1.0]], [[0.00929644238203764, 0.9991384148597717, 0.04044756665825844, -0.0286865234375], [-0.001572226989082992, 0.04046386480331421, -0.9991797804832458, 1.5680618286132812], [-0.9999555349349976, 0.009225255809724331, 0.0019470435800030828, 0.0442962646484375], [0.0, 0.0, 0.0, 1.0]], [[-0.9236607551574707, 0.38318607211112976, 0.004374852403998375, 1.16064453125], [0.0026308156084269285, 0.017756721004843712, -0.9998388290405273, 1.5478134155273438], [-0.3832020163536072, -0.9235004186630249, -0.017409276217222214, -0.0438232421875], [0.0, 0.0, 0.0, 1.0]]], "view": [[0.0, -2.0, 100.0], [-2.0, 0.0, 100.0], [0.0, 0.0, 1.0]], "bev": "bev_0f858d033faf4aa487501a8e570eb951.png", "aux": "aux_0f858d033faf4aa487501a8e570eb951.npz", "visibility": "visibility_0f858d033faf4aa487501a8e570eb951.png", "pose": [[-0.8235530257225037, -0.5672392845153809, 0.0, 1217.8868408203125], [0.5672392845153809, -0.8235530257225037, 0.0, 1378.6224365234375], [0.0, 0.0, 1.0, 0.0], [0.0, 0.0, 0.0, 1.0]], "pose_inverse": [[-0.8235530257225037, 0.5672392845153809, 0.0, 220.98553466796875], [-0.5672392845153809, -0.8235530257225037, 0.0, 1826.201904296875], [0.0, 0.0, 1.0, 0.0], [0.0, 0.0, 0.0, 1.0]], "cam_ids": [0, 1, 2, 3, 4, 5], "cam_channels": ["CAM_FRONT_LEFT", "CAM_FRONT", "CAM_FRONT_RIGHT", "CAM_BACK_LEFT", "CAM_BACK", "CAM_BACK_RIGHT"], "token": "0f858d033faf4aa487501a8e570eb951", "scene": "scene-0564"}, {"images": ["samples/CAM_FRONT_LEFT/n008-2018-08-31-11-37-23-0400__CAM_FRONT_LEFT__1535730636004799.jpg", "samples/CAM_FRONT/n008-2018-08-31-11-37-23-0400__CAM_FRONT__1535730636012404.jpg", "samples/CAM_FRONT_RIGHT/n008-2018-08-31-11-37-23-0400__CAM_FRONT_RIGHT__1535730636020482.jpg", "samples/CAM_BACK_LEFT/n008-2018-08-31-11-37-23-0400__CAM_BACK_LEFT__1535730636047405.jpg", "samples/CAM_BACK/n008-2018-08-31-11-37-23-0400__CAM_BACK__1535730636037558.jpg", "samples/CAM_BACK_RIGHT/n008-2018-08-31-11-37-23-0400__CAM_BACK_RIGHT__1535730636028114.jpg"], "intrinsics": [[[1257.8625342125129, 0.0, 827.2410631095686], [0.0, 1257.8625342125129, 450.915498205774], [0.0, 0.0, 1.0]], [[1252.8131021185304, 0.0, 826.588114781398], [0.0, 1252.8131021185304, 469.9846626224581], [0.0, 0.0, 1.0]], [[1256.7485116440405, 0.0, 817.7887570959712], [0.0, 1256.7485116440403, 451.9541780095127], [0.0, 0.0, 1.0]], [[1254.9860565800168, 0.0, 829.5769333630991], [0.0, 1254.9860565800168, 467.1680561863987], [0.0, 0.0, 1.0]], [[796.8910634503094, 0.0, 857.7774326863696], [0.0, 796.8910634503094, 476.8848988407415], [0.0, 0.0, 1.0]], [[1249.9629280788233, 0.0, 825.3768045375984], [0.0, 1249.9629280788233, 462.54816385708756], [0.0, 0.0, 1.0]]], "extrinsics": [[[0.8224640488624573, -0.5685827136039734, -0.01632983423769474, -1.0050048828125], [0.011698794551193714, 0.045610882341861725, -0.99889075756073, 1.4883041381835938], [0.5686967968940735, 0.8213607668876648, 0.04416504502296448, -1.3336181640625], [0.0, 0.0, 0.0, 1.0]], [[0.010163036175072193, -0.999092698097229, -0.04135677218437195, 0.00537109375], [0.013646136969327927, 0.04149363189935684, -0.9990456104278564, 1.48016357421875], [0.9998551607131958, 0.009588963352143764, 0.014055456034839153, -1.7346954345703125], [0.0, 0.0, 0.0, 1.0]], [[-0.8439701795578003, -0.5351899862289429, -0.03585950285196304, 1.090576171875], [0.021658658981323242, 0.032796818763017654, -0.9992272853851318, 1.493072509765625], [0.5359525680541992, -0.8440947532653809, -0.01608804054558277, -1.277587890625], [0.0, 0.0, 0.0, 1.0]], [[0.9479240775108337, 0.31827929615974426, 0.011756953783333302, -1.1439208984375], [-0.003716512117534876, 0.047965146601200104, -0.9988421201705933, 1.5620346069335938], [-0.3184746503829956, 0.9467828273773193, 0.04665020853281021, -0.15625], [0.0, 0.0, 0.0, 1.0]], [[0.00930483266711235, 0.9991390705108643, 0.04042907431721687, -0.02880859375], [-0.0015811061020940542, 0.040445476770401, -0.9991804361343384, 1.5680618286132812], [-0.9999554753303528, 0.009233313612639904, 0.001956081949174404, 0.0442657470703125], [0.0, 0.0, 0.0, 1.0]], [[-0.9236543774604797, 0.38320115208625793, 0.004400596488267183, 1.160736083984375], [0.0025978258345276117, 0.017743634060025215, -0.999839186668396, 1.5478134155273438], [-0.38321757316589355, -0.9234944581985474, -0.017384476959705353, -0.043701171875], [0.0, 0.0, 0.0, 1.0]]], "view": [[0.0, -2.0, 100.0], [-2.0, 0.0, 100.0], [0.0, 0.0, 1.0]], "bev": "bev_458b0a25e52c42d7b581259bb164d952.png", "aux": "aux_458b0a25e52c42d7b581259bb164d952.npz", "visibility": "visibility_458b0a25e52c42d7b581259bb164d952.png", "pose": [[-0.8235585689544678, -0.5672312378883362, 0.0, 1217.8868408203125], [0.5672312378883362, -0.8235585689544678, 0.0, 1378.6224365234375], [0.0, 0.0, 1.0, 0.0], [0.0, 0.0, 0.0, 1.0]], "pose_inverse": [[-0.8235585689544678, 0.5672312378883362, 0.0, 221.00344848632812], [-0.5672312378883362, -0.8235585689544678, 0.0, 1826.1998291015625], [0.0, 0.0, 1.0, 0.0], [0.0, 0.0, 0.0, 1.0]], "cam_ids": [0, 1, 2, 3, 4, 5], "cam_channels": ["CAM_FRONT_LEFT", "CAM_FRONT", "CAM_FRONT_RIGHT", "CAM_BACK_LEFT", "CAM_BACK", "CAM_BACK_RIGHT"], "token": "458b0a25e52c42d7b581259bb164d952", "scene": "scene-0564"}, {"images": ["samples/CAM_FRONT_LEFT/n008-2018-08-31-11-37-23-0400__CAM_FRONT_LEFT__1535730636504799.jpg", "samples/CAM_FRONT/n008-2018-08-31-11-37-23-0400__CAM_FRONT__1535730636512404.jpg", "samples/CAM_FRONT_RIGHT/n008-2018-08-31-11-37-23-0400__CAM_FRONT_RIGHT__1535730636520482.jpg", "samples/CAM_BACK_LEFT/n008-2018-08-31-11-37-23-0400__CAM_BACK_LEFT__1535730636547405.jpg", "samples/CAM_BACK/n008-2018-08-31-11-37-23-0400__CAM_BACK__1535730636537558.jpg", "samples/CAM_BACK_RIGHT/n008-2018-08-31-11-37-23-0400__CAM_BACK_RIGHT__1535730636528113.jpg"], "intrinsics": [[[1257.8625342125129, 0.0, 827.2410631095686], [0.0, 1257.8625342125129, 450.915498205774], [0.0, 0.0, 1.0]], [[1252.8131021185304, 0.0, 826.588114781398], [0.0, 1252.8131021185304, 469.9846626224581], [0.0, 0.0, 1.0]], [[1256.7485116440405, 0.0, 817.7887570959712], [0.0, 1256.7485116440403, 451.9541780095127], [0.0, 0.0, 1.0]], [[1254.9860565800168, 0.0, 829.5769333630991], [0.0, 1254.9860565800168, 467.1680561863987], [0.0, 0.0, 1.0]], [[796.8910634503094, 0.0, 857.7774326863696], [0.0, 796.8910634503094, 476.8848988407415], [0.0, 0.0, 1.0]], [[1249.9629280788233, 0.0, 825.3768045375984], [0.0, 1249.9629280788233, 462.54816385708756], [0.0, 0.0, 1.0]]], "extrinsics": [[[0.8224831223487854, -0.5685566067695618, -0.016278108581900597, -1.00506591796875], [0.011841622181236744, 0.0457289032638073, -0.9988837242126465, 1.4883041381835938], [0.5686664581298828, 0.8213721513748169, 0.04434388130903244, -1.333251953125], [0.0, 0.0, 0.0, 1.0]], [[0.010195370763540268, -0.999087393283844, -0.04147766903042793, 0.00537109375], [0.01380624808371067, 0.041616518050432205, -0.9990382790565491, 1.48016357421875], [0.99985271692276, 0.009612937457859516, 0.01421794481575489, -1.7346343994140625], [0.0, 0.0, 0.0, 1.0]], [[-0.8439538478851318, -0.5352010726928711, -0.03607930615544319, 1.0904541015625], [0.02183731272816658, 0.032924920320510864, -0.9992192387580872, 1.493072509765625], [0.5359711647033691, -0.8440828323364258, -0.016099760308861732, -1.277587890625], [0.0, 0.0, 0.0, 1.0]], [[0.9479227662086487, 0.31827130913734436, 0.012068500742316246, -1.14385986328125], [-0.003436059458181262, 0.048108551651239395, -0.9988361597061157, 1.562042236328125], [-0.31848159432411194, 0.9467782378196716, 0.04669679328799248, -0.15625], [0.0, 0.0, 0.0, 1.0]], [[0.009292748756706715, 0.9991333484649658, 0.04057331010699272, -0.02880859375], [-0.001355630811303854, 0.04058761149644852, -0.9991750121116638, 1.5680618286132812], [-0.9999558925628662, 0.009230093099176884, 0.001731625059619546, 0.04425048828125], [0.0, 0.0, 0.0, 1.0]], [[-0.9236598014831543, 0.3831896483898163, 0.00426865741610527, 1.160736083984375], [0.0027979156002402306, 0.0178822111338377, -0.9998362064361572, 1.5478134155273438], [-0.38320326805114746, -0.9234964847564697, -0.017589213326573372, -0.0438232421875], [0.0, 0.0, 0.0, 1.0]]], "view": [[0.0, -2.0, 100.0], [-2.0, 0.0, 100.0], [0.0, 0.0, 1.0]], "bev": "bev_007c057cac8b490fa8b67e72e630b18a.png", "aux": "aux_007c057cac8b490fa8b67e72e630b18a.npz", "visibility": "visibility_007c057cac8b490fa8b67e72e630b18a.png", "pose": [[-0.8235673308372498, -0.567218542098999, 0.0, 1217.8868408203125], [0.567218542098999, -0.8235673308372498, 0.0, 1378.6224365234375], [0.0, 0.0, 1.0, 0.0], [0.0, 0.0, 0.0, 1.0]], "pose_inverse": [[-0.8235673308372498, 0.567218542098999, 0.0, 221.03158569335938], [-0.567218542098999, -0.8235673308372498, 0.0, 1826.1964111328125], [0.0, 0.0, 1.0, 0.0], [0.0, 0.0, 0.0, 1.0]], "cam_ids": [0, 1, 2, 3, 4, 5], "cam_channels": ["CAM_FRONT_LEFT", "CAM_FRONT", "CAM_FRONT_RIGHT", "CAM_BACK_LEFT", "CAM_BACK", "CAM_BACK_RIGHT"], "token": "007c057cac8b490fa8b67e72e630b18a", "scene": "scene-0564"}, {"images": ["samples/CAM_FRONT_LEFT/n008-2018-08-31-11-37-23-0400__CAM_FRONT_LEFT__1535730637004799.jpg", "samples/CAM_FRONT/n008-2018-08-31-11-37-23-0400__CAM_FRONT__1535730637012404.jpg", "samples/CAM_FRONT_RIGHT/n008-2018-08-31-11-37-23-0400__CAM_FRONT_RIGHT__1535730637020482.jpg", "samples/CAM_BACK_LEFT/n008-2018-08-31-11-37-23-0400__CAM_BACK_LEFT__1535730637047405.jpg", "samples/CAM_BACK/n008-2018-08-31-11-37-23-0400__CAM_BACK__1535730637037558.jpg", "samples/CAM_BACK_RIGHT/n008-2018-08-31-11-37-23-0400__CAM_BACK_RIGHT__1535730637028113.jpg"], "intrinsics": [[[1257.8625342125129, 0.0, 827.2410631095686], [0.0, 1257.8625342125129, 450.915498205774], [0.0, 0.0, 1.0]], [[1252.8131021185304, 0.0, 826.588114781398], [0.0, 1252.8131021185304, 469.9846626224581], [0.0, 0.0, 1.0]], [[1256.7485116440405, 0.0, 817.7887570959712], [0.0, 1256.7485116440403, 451.9541780095127], [0.0, 0.0, 1.0]], [[1254.9860565800168, 0.0, 829.5769333630991], [0.0, 1254.9860565800168, 467.1680561863987], [0.0, 0.0, 1.0]], [[796.8910634503094, 0.0, 857.7774326863696], [0.0, 796.8910634503094, 476.8848988407415], [0.0, 0.0, 1.0]], [[1249.9629280788233, 0.0, 825.3768045375984], [0.0, 1249.9629280788233, 462.54816385708756], [0.0, 0.0, 1.0]]], "extrinsics": [[[0.8224112391471863, -0.5686934590339661, -0.01508889626711607, -1.00238037109375], [0.01326566468924284, 0.04568655416369438, -0.9988677501678467, 1.4883346557617188], [0.5687388777732849, 0.8212798833847046, 0.04511722922325134, -1.331787109375], [0.0, 0.0, 0.0, 1.0]], [[0.010112497955560684, -0.9990901947021484, -0.04143014922738075, 0.0052490234375], [0.015234304592013359, 0.04158138856291771, -0.9990189671516418, 1.4802093505859375], [0.9998327493667603, 0.009471438825130463, 0.01564093679189682, -1.73199462890625], [0.0, 0.0, 0.0, 1.0]], [[-0.8439628481864929, -0.5351052284240723, -0.037271998822689056, 1.0889892578125], [0.023269282653927803, 0.03289692476391792, -0.9991878271102905, 1.4931106567382812], [0.5358967781066895, -0.8441447019577026, -0.015312270261347294, -1.2764892578125], [0.0, 0.0, 0.0, 1.0]], [[0.9479110240936279, 0.3182554244995117, 0.013345730490982533, -1.14422607421875], [-0.0020720434840768576, 0.04805697873234749, -0.9988424777984619, 1.5620346069335938], [-0.318528413772583, 0.946786105632782, 0.04621317982673645, -0.156005859375], [0.0, 0.0, 0.0, 1.0]], [[0.009291070513427258, 0.9991344213485718, 0.04054925590753555, -0.029052734375], [2.9315166102605872e-05, 0.040550731122493744, -0.9991774559020996, 1.56805419921875], [-0.9999568462371826, 0.009284662082791328, 0.00034747086465358734, 0.0436859130859375], [0.0, 0.0, 0.0, 1.0]], [[-0.9236307740211487, 0.3832719624042511, 0.0029464582912623882, 1.159332275390625], [0.004217284265905619, 0.017849400639533997, -0.9998317360877991, 1.5478172302246094], [-0.3832601010799408, -0.9234630465507507, -0.018102623522281647, -0.0440673828125], [0.0, 0.0, 0.0, 1.0]]], "view": [[0.0, -2.0, 100.0], [-2.0, 0.0, 100.0], [0.0, 0.0, 1.0]], "bev": "bev_1706522f269443fabab6ce98daf09d81.png", "aux": "aux_1706522f269443fabab6ce98daf09d81.npz", "visibility": "visibility_1706522f269443fabab6ce98daf09d81.png", "pose": [[-0.8239187002182007, -0.5667080283164978, 0.0, 1217.8834228515625], [0.5667080283164978, -0.8239187002182007, 0.0, 1378.6248779296875], [0.0, 0.0, 1.0, 0.0], [0.0, 0.0, 0.0, 1.0]], "pose_inverse": [[-0.8239187002182007, 0.5667080283164978, 0.0, 222.15907287597656], [-0.5667080283164978, -0.8239187002182007, 0.0, 1826.05908203125], [0.0, 0.0, 1.0, 0.0], [0.0, 0.0, 0.0, 1.0]], "cam_ids": [0, 1, 2, 3, 4, 5], "cam_channels": ["CAM_FRONT_LEFT", "CAM_FRONT", "CAM_FRONT_RIGHT", "CAM_BACK_LEFT", "CAM_BACK", "CAM_BACK_RIGHT"], "token": "1706522f269443fabab6ce98daf09d81", "scene": "scene-0564"}, {"images": ["samples/CAM_FRONT_LEFT/n008-2018-08-31-11-37-23-0400__CAM_FRONT_LEFT__1535730637504799.jpg", "samples/CAM_FRONT/n008-2018-08-31-11-37-23-0400__CAM_FRONT__1535730637512404.jpg", "samples/CAM_FRONT_RIGHT/n008-2018-08-31-11-37-23-0400__CAM_FRONT_RIGHT__1535730637520482.jpg", "samples/CAM_BACK_LEFT/n008-2018-08-31-11-37-23-0400__CAM_BACK_LEFT__1535730637547405.jpg", "samples/CAM_BACK/n008-2018-08-31-11-37-23-0400__CAM_BACK__1535730637537558.jpg", "samples/CAM_BACK_RIGHT/n008-2018-08-31-11-37-23-0400__CAM_BACK_RIGHT__1535730637528113.jpg"], "intrinsics": [[[1257.8625342125129, 0.0, 827.2410631095686], [0.0, 1257.8625342125129, 450.915498205774], [0.0, 0.0, 1.0]], [[1252.8131021185304, 0.0, 826.588114781398], [0.0, 1252.8131021185304, 469.9846626224581], [0.0, 0.0, 1.0]], [[1256.7485116440405, 0.0, 817.7887570959712], [0.0, 1256.7485116440403, 451.9541780095127], [0.0, 0.0, 1.0]], [[1254.9860565800168, 0.0, 829.5769333630991], [0.0, 1254.9860565800168, 467.1680561863987], [0.0, 0.0, 1.0]], [[796.8910634503094, 0.0, 857.7774326863696], [0.0, 796.8910634503094, 476.8848988407415], [0.0, 0.0, 1.0]], [[1249.9629280788233, 0.0, 825.3768045375984], [0.0, 1249.9629280788233, 462.54816385708756], [0.0, 0.0, 1.0]]], "extrinsics": [[[0.822331428527832, -0.5688357949256897, -0.014031564816832542, -0.99462890625], [0.014162055216729641, 0.04511280357837677, -0.9988815188407898, 1.48846435546875], [0.568832516670227, 0.8212129473686218, 0.04515355825424194, -1.3265380859375], [0.0, 0.0, 0.0, 1.0]], [[0.010009423829615116, -0.9991161823272705, -0.04082295671105385, 0.0057373046875], [0.016129573807120323, 0.04098100960254669, -0.9990297555923462, 1.4803085327148438], [0.9998197555541992, 0.009341204538941383, 0.016525516286492348, -1.7248687744140625], [0.0, 0.0, 0.0, 1.0]], [[-0.843988299369812, -0.5350357890129089, -0.037688277661800385, 1.084228515625], [0.024162910878658295, 0.032267794013023376, -0.9991871118545532, 1.493255615234375], [0.53581702709198, -0.8442128896713257, -0.014305622316896915, -1.2735595703125], [0.0, 0.0, 0.0, 1.0]], [[0.9479034543037415, 0.3182496726512909, 0.014001799747347832, -1.14398193359375], [-0.001158526400104165, 0.04739744961261749, -0.9988754391670227, 1.562042236328125], [-0.31855541467666626, 0.9468212723731995, 0.045296911150217056, -0.15625], [0.0, 0.0, 0.0, 1.0]], [[0.009303534403443336, 0.9991604089736938, 0.03989974781870842, -0.0289306640625], [0.0009398640249855816, 0.03989271819591522, -0.9992035031318665, 1.5680618286132812], [-0.9999562501907349, 0.009333587251603603, -0.0005679322639480233, 0.0414886474609375], [0.0, 0.0, 0.0, 1.0]], [[-0.923601508140564, 0.3833491802215576, 0.001875573885627091, 1.15545654296875], [0.00511137442663312, 0.017206620424985886, -0.9998388886451721, 1.5478363037109375], [-0.3833196759223938, -0.9234431385993958, -0.01785150356590748, -0.045654296875], [0.0, 0.0, 0.0, 1.0]]], "view": [[0.0, -2.0, 100.0], [-2.0, 0.0, 100.0], [0.0, 0.0, 1.0]], "bev": "bev_6bfa08277a1e4ec4b85872ee56f288e5.png", "aux": "aux_6bfa08277a1e4ec4b85872ee56f288e5.npz", "visibility": "visibility_6bfa08277a1e4ec4b85872ee56f288e5.png", "pose": [[-0.8250912427902222, -0.5649994611740112, 0.0, 1217.7877197265625], [0.5649994611740112, -0.8250912427902222, 0.0, 1378.6923828125], [0.0, 0.0, 1.0, 0.0], [0.0, 0.0, 0.0, 1.0]], "pose_inverse": [[-0.8250912427902222, 0.5649994611740112, 0.0, 225.8255157470703], [-0.5649994611740112, -0.8250912427902222, 0.0, 1825.596435546875], [0.0, 0.0, 1.0, 0.0], [0.0, 0.0, 0.0, 1.0]], "cam_ids": [0, 1, 2, 3, 4, 5], "cam_channels": ["CAM_FRONT_LEFT", "CAM_FRONT", "CAM_FRONT_RIGHT", "CAM_BACK_LEFT", "CAM_BACK", "CAM_BACK_RIGHT"], "token": "6bfa08277a1e4ec4b85872ee56f288e5", "scene": "scene-0564"}, {"images": ["samples/CAM_FRONT_LEFT/n008-2018-08-31-11-37-23-0400__CAM_FRONT_LEFT__1535730638004799.jpg", "samples/CAM_FRONT/n008-2018-08-31-11-37-23-0400__CAM_FRONT__1535730638012404.jpg", "samples/CAM_FRONT_RIGHT/n008-2018-08-31-11-37-23-0400__CAM_FRONT_RIGHT__1535730638020482.jpg", "samples/CAM_BACK_LEFT/n008-2018-08-31-11-37-23-0400__CAM_BACK_LEFT__1535730638047405.jpg", "samples/CAM_BACK/n008-2018-08-31-11-37-23-0400__CAM_BACK__1535730638037558.jpg", "samples/CAM_BACK_RIGHT/n008-2018-08-31-11-37-23-0400__CAM_BACK_RIGHT__1535730638028113.jpg"], "intrinsics": [[[1257.8625342125129, 0.0, 827.2410631095686], [0.0, 1257.8625342125129, 450.915498205774], [0.0, 0.0, 1.0]], [[1252.8131021185304, 0.0, 826.588114781398], [0.0, 1252.8131021185304, 469.9846626224581], [0.0, 0.0, 1.0]], [[1256.7485116440405, 0.0, 817.7887570959712], [0.0, 1256.7485116440403, 451.9541780095127], [0.0, 0.0, 1.0]], [[1254.9860565800168, 0.0, 829.5769333630991], [0.0, 1254.9860565800168, 467.1680561863987], [0.0, 0.0, 1.0]], [[796.8910634503094, 0.0, 857.7774326863696], [0.0, 796.8910634503094, 476.8848988407415], [0.0, 0.0, 1.0]], [[1249.9629280788233, 0.0, 825.3768045375984], [0.0, 1249.9629280788233, 462.54816385708756], [0.0, 0.0, 1.0]]], "extrinsics": [[[0.8223092555999756, -0.5688943862915039, -0.012919203378260136, -0.9825439453125], [0.015237006358802319, 0.04470832273364067, -0.998883843421936, 1.4887008666992188], [0.5688369870185852, 0.8211945295333862, 0.04543231055140495, -1.3179931640625], [0.0, 0.0, 0.0, 1.0]], [[0.010006818920373917, -0.9991322755813599, -0.04042830690741539, 0.005615234375], [0.01719123311340809, 0.04059625789523125, -0.9990277290344238, 1.48052978515625], [0.9998021125793457, 0.009302042424678802, 0.01758255623281002, -1.7123260498046875], [0.0, 0.0, 0.0, 1.0]], [[-0.8439679145812988, -0.5350191593170166, -0.038377948105335236, 1.076416015625], [0.025210842490196228, 0.03190366551280022, -0.9991729259490967, 1.493499755859375], [0.5358009934425354, -0.8442374467849731, -0.013437388464808464, -1.268310546875], [0.0, 0.0, 0.0, 1.0]], [[0.94789057970047, 0.318251371383667, 0.014820901677012444, -1.144287109375], [-0.0001888988772407174, 0.047080785036087036, -0.9988910555839539, 1.562042236328125], [-0.318596214056015, 0.9468365907669067, 0.04468754678964615, -0.1561279296875], [0.0, 0.0, 0.0, 1.0]], [[0.009279279038310051, 0.9991734027862549, 0.03957753628492355, -0.0289306640625], [0.0019442143384367228, 0.039561133831739426, -0.9992152452468872, 1.5680770874023438], [-0.9999550580978394, 0.009348887950181961, -0.0015755107160657644, 0.038360595703125], [0.0, 0.0, 0.0, 1.0]], [[-0.9235924482345581, 0.38337475061416626, 0.0007869675173424184, 1.149444580078125], [0.0061459727585315704, 0.01685873419046402, -0.9998390078544617, 1.5478858947753906], [-0.38332635164260864, -0.9234390258789062, -0.017926814034581184, -0.048095703125], [0.0, 0.0, 0.0, 1.0]]], "view": [[0.0, -2.0, 100.0], [-2.0, 0.0, 100.0], [0.0, 0.0, 1.0]], "bev": "bev_fc65df7ebef547eca13d3f0481212ed8.png", "aux": "aux_fc65df7ebef547eca13d3f0481212ed8.npz", "visibility": "visibility_fc65df7ebef547eca13d3f0481212ed8.png", "pose": [[-0.8273176550865173, -0.5617343783378601, 0.0, 1217.5831298828125], [0.5617343783378601, -0.8273176550865173, 0.0, 1378.8348388671875], [0.0, 0.0, 1.0, 0.0], [0.0, 0.0, 0.0, 1.0]], "pose_inverse": [[-0.8273176550865173, 0.5617343783378601, 0.0, 232.78903198242188], [-0.5617343783378601, -0.8273176550865173, 0.0, 1824.6927490234375], [0.0, 0.0, 1.0, 0.0], [0.0, 0.0, 0.0, 1.0]], "cam_ids": [0, 1, 2, 3, 4, 5], "cam_channels": ["CAM_FRONT_LEFT", "CAM_FRONT", "CAM_FRONT_RIGHT", "CAM_BACK_LEFT", "CAM_BACK", "CAM_BACK_RIGHT"], "token": "fc65df7ebef547eca13d3f0481212ed8", "scene": "scene-0564"}, {"images": ["samples/CAM_FRONT_LEFT/n008-2018-08-31-11-37-23-0400__CAM_FRONT_LEFT__1535730638504799.jpg", "samples/CAM_FRONT/n008-2018-08-31-11-37-23-0400__CAM_FRONT__1535730638512404.jpg", "samples/CAM_FRONT_RIGHT/n008-2018-08-31-11-37-23-0400__CAM_FRONT_RIGHT__1535730638520482.jpg", "samples/CAM_BACK_LEFT/n008-2018-08-31-11-37-23-0400__CAM_BACK_LEFT__1535730638548094.jpg", "samples/CAM_BACK/n008-2018-08-31-11-37-23-0400__CAM_BACK__1535730638537558.jpg", "samples/CAM_BACK_RIGHT/n008-2018-08-31-11-37-23-0400__CAM_BACK_RIGHT__1535730638528113.jpg"], "intrinsics": [[[1257.8625342125129, 0.0, 827.2410631095686], [0.0, 1257.8625342125129, 450.915498205774], [0.0, 0.0, 1.0]], [[1252.8131021185304, 0.0, 826.588114781398], [0.0, 1252.8131021185304, 469.9846626224581], [0.0, 0.0, 1.0]], [[1256.7485116440405, 0.0, 817.7887570959712], [0.0, 1256.7485116440403, 451.9541780095127], [0.0, 0.0, 1.0]], [[1254.9860565800168, 0.0, 829.5769333630991], [0.0, 1254.9860565800168, 467.1680561863987], [0.0, 0.0, 1.0]], [[796.8910634503094, 0.0, 857.7774326863696], [0.0, 796.8910634503094, 476.8848988407415], [0.0, 0.0, 1.0]], [[1249.9629280788233, 0.0, 825.3768045375984], [0.0, 1249.9629280788233, 462.54816385708756], [0.0, 0.0, 1.0]]], "extrinsics": [[[0.8222135305404663, -0.5690386295318604, -0.012650832533836365, -0.9776611328125], [0.015169423073530197, 0.04412628337740898, -0.9989107847213745, 1.4887847900390625], [0.5689770579338074, 0.8211260437965393, 0.04491320997476578, -1.3145751953125], [0.0, 0.0, 0.0, 1.0]], [[0.009869780391454697, -0.9991572499275208, -0.039841361343860626, 0.0059814453125], [0.01709834299981594, 0.040006112307310104, -0.9990531206130981, 1.4806060791015625], [0.9998050332069397, 0.009179196320474148, 0.017478786408901215, -1.707733154296875], [0.0, 0.0, 0.0, 1.0]], [[-0.8440251350402832, -0.5349587798118591, -0.03795455023646355, 1.0732421875], [0.025090953335165977, 0.031304456293582916, -0.9991949200630188, 1.4935836791992188], [0.5357162356376648, -0.8442979454994202, -0.012999124825000763, -1.266357421875], [0.0, 0.0, 0.0, 1.0]], [[0.9478835463523865, 0.31828567385673523, 0.014526554383337498, -1.14544677734375], [-0.0002825716801453382, 0.04643228277564049, -0.9989213943481445, 1.562042236328125], [-0.3186168372631073, 0.9468570947647095, 0.04410233721137047, -0.1556396484375], [0.0, 0.0, 0.0, 1.0]], [[0.009307724423706532, 0.9991974234580994, 0.038960497826337814, -0.0289306640625], [0.0018480299040675163, 0.03894492983818054, -0.9992396235466003, 1.5680770874023438], [-0.9999549388885498, 0.009372659027576447, -0.0014840586809441447, 0.0373992919921875], [0.0, 0.0, 0.0, 1.0]], [[-0.9235672950744629, 0.38343578577041626, 0.0006668462883681059, 1.14715576171875], [0.006025159265846014, 0.016251448541879654, -0.999849796295166, 1.5478973388671875], [-0.3833889663219452, -0.923424482345581, -0.017319567501544952, -0.0491943359375], [0.0, 0.0, 0.0, 1.0]]], "view": [[0.0, -2.0, 100.0], [-2.0, 0.0, 100.0], [0.0, 0.0, 1.0]], "bev": "bev_3595d60fe23744e09831de917caf287a.png", "aux": "aux_3595d60fe23744e09831de917caf287a.npz", "visibility": "visibility_3595d60fe23744e09831de917caf287a.png", "pose": [[-0.8300513625144958, -0.5576869249343872, 0.0, 1217.278564453125], [0.5576869249343872, -0.8300513625144958, 0.0, 1379.044189453125], [0.0, 0.0, 1.0, 0.0], [0.0, 0.0, 0.0, 1.0]], "pose_inverse": [[-0.8300513625144958, 0.5576869249343872, 0.0, 241.32887268066406], [-0.5576869249343872, -0.8300513625144958, 0.0, 1823.537841796875], [0.0, 0.0, 1.0, 0.0], [0.0, 0.0, 0.0, 1.0]], "cam_ids": [0, 1, 2, 3, 4, 5], "cam_channels": ["CAM_FRONT_LEFT", "CAM_FRONT", "CAM_FRONT_RIGHT", "CAM_BACK_LEFT", "CAM_BACK", "CAM_BACK_RIGHT"], "token": "3595d60fe23744e09831de917caf287a", "scene": "scene-0564"}, {"images": ["samples/CAM_FRONT_LEFT/n008-2018-08-31-11-37-23-0400__CAM_FRONT_LEFT__1535730639004799.jpg", "samples/CAM_FRONT/n008-2018-08-31-11-37-23-0400__CAM_FRONT__1535730639012404.jpg", "samples/CAM_FRONT_RIGHT/n008-2018-08-31-11-37-23-0400__CAM_FRONT_RIGHT__1535730639020482.jpg", "samples/CAM_BACK_LEFT/n008-2018-08-31-11-37-23-0400__CAM_BACK_LEFT__1535730639047405.jpg", "samples/CAM_BACK/n008-2018-08-31-11-37-23-0400__CAM_BACK__1535730639037558.jpg", "samples/CAM_BACK_RIGHT/n008-2018-08-31-11-37-23-0400__CAM_BACK_RIGHT__1535730639028113.jpg"], "intrinsics": [[[1257.8625342125129, 0.0, 827.2410631095686], [0.0, 1257.8625342125129, 450.915498205774], [0.0, 0.0, 1.0]], [[1252.8131021185304, 0.0, 826.588114781398], [0.0, 1252.8131021185304, 469.9846626224581], [0.0, 0.0, 1.0]], [[1256.7485116440405, 0.0, 817.7887570959712], [0.0, 1256.7485116440403, 451.9541780095127], [0.0, 0.0, 1.0]], [[1254.9860565800168, 0.0, 829.5769333630991], [0.0, 1254.9860565800168, 467.1680561863987], [0.0, 0.0, 1.0]], [[796.8910634503094, 0.0, 857.7774326863696], [0.0, 796.8910634503094, 476.8848988407415], [0.0, 0.0, 1.0]], [[1249.9629280788233, 0.0, 825.3768045375984], [0.0, 1249.9629280788233, 462.54816385708756], [0.0, 0.0, 1.0]]], "extrinsics": [[[0.8222312331199646, -0.5690096616744995, -0.012798565439879894, -0.97613525390625], [0.014531220309436321, 0.043467000126838684, -0.9989491701126099, 1.4887771606445312], [0.5689681172370911, 0.8211812973022461, 0.04400832951068878, -1.31396484375], [0.0, 0.0, 0.0, 1.0]], [[0.009879914112389088, -0.999182939529419, -0.03919008746743202, 0.0062255859375], [0.016407817602157593, 0.03934871405363083, -0.999090850353241, 1.4806137084960938], [0.9998165965080261, 0.009227902628481388, 0.016783172264695168, -1.70635986328125], [0.0, 0.0, 0.0, 1.0]], [[-0.8440350890159607, -0.535011887550354, -0.036973897367715836, 1.0726318359375], [0.024344736710190773, 0.030649323016405106, -0.9992336630821228, 1.49359130859375], [0.5357351303100586, -0.8442884683609009, -0.012844381853938103, -1.2657470703125], [0.0, 0.0, 0.0, 1.0]], [[0.9478931427001953, 0.31830647587776184, 0.013403959572315216, -1.1448974609375], [-0.0012653856538236141, 0.04583417624235153, -0.9989482760429382, 1.562042236328125], [-0.3185860514640808, 0.9468792080879211, 0.043848682194948196, -0.1558837890625], [0.0, 0.0, 0.0, 1.0]], [[0.009316453710198402, 0.9992220997810364, 0.038318611681461334, -0.0289306640625], [0.0009497045539319515, 0.038311414420604706, -0.9992653727531433, 1.5680618286132812], [-0.9999561905860901, 0.00934603437781334, -0.0005920380936004221, 0.0369873046875], [0.0, 0.0, 0.0, 1.0]], [[-0.9235782027244568, 0.38340845704078674, 0.00116636510938406, 1.1466064453125], [0.005215045064687729, 0.015604007057845592, -0.9998646378517151, 1.5478878021240234], [-0.38337472081184387, -0.9234470725059509, -0.016411012038588524, -0.04931640625], [0.0, 0.0, 0.0, 1.0]]], "view": [[0.0, -2.0, 100.0], [-2.0, 0.0, 100.0], [0.0, 0.0, 1.0]], "bev": "bev_afd9d700ec144dc3b646bec39362c710.png", "aux": "aux_afd9d700ec144dc3b646bec39362c710.npz", "visibility": "visibility_afd9d700ec144dc3b646bec39362c710.png", "pose": [[-0.8329517245292664, -0.5533456802368164, 0.0, 1216.9381103515625], [0.5533456802368164, -0.8329517245292664, 0.0, 1379.27685546875], [0.0, 0.0, 1.0, 0.0], [0.0, 0.0, 0.0, 1.0]], "pose_inverse": [[-0.8329517245292664, 0.5533456802368164, 0.0, 250.433837890625], [-0.5533456802368164, -0.8329517245292664, 0.0, 1822.2584228515625], [0.0, 0.0, 1.0, 0.0], [0.0, 0.0, 0.0, 1.0]], "cam_ids": [0, 1, 2, 3, 4, 5], "cam_channels": ["CAM_FRONT_LEFT", "CAM_FRONT", "CAM_FRONT_RIGHT", "CAM_BACK_LEFT", "CAM_BACK", "CAM_BACK_RIGHT"], "token": "afd9d700ec144dc3b646bec39362c710", "scene": "scene-0564"}, {"images": ["samples/CAM_FRONT_LEFT/n008-2018-08-31-11-37-23-0400__CAM_FRONT_LEFT__1535730639504799.jpg", "samples/CAM_FRONT/n008-2018-08-31-11-37-23-0400__CAM_FRONT__1535730639512404.jpg", "samples/CAM_FRONT_RIGHT/n008-2018-08-31-11-37-23-0400__CAM_FRONT_RIGHT__1535730639520482.jpg", "samples/CAM_BACK_LEFT/n008-2018-08-31-11-37-23-0400__CAM_BACK_LEFT__1535730639547405.jpg", "samples/CAM_BACK/n008-2018-08-31-11-37-23-0400__CAM_BACK__1535730639537558.jpg", "samples/CAM_BACK_RIGHT/n008-2018-08-31-11-37-23-0400__CAM_BACK_RIGHT__1535730639528113.jpg"], "intrinsics": [[[1257.8625342125129, 0.0, 827.2410631095686], [0.0, 1257.8625342125129, 450.915498205774], [0.0, 0.0, 1.0]], [[1252.8131021185304, 0.0, 826.588114781398], [0.0, 1252.8131021185304, 469.9846626224581], [0.0, 0.0, 1.0]], [[1256.7485116440405, 0.0, 817.7887570959712], [0.0, 1256.7485116440403, 451.9541780095127], [0.0, 0.0, 1.0]], [[1254.9860565800168, 0.0, 829.5769333630991], [0.0, 1254.9860565800168, 467.1680561863987], [0.0, 0.0, 1.0]], [[796.8910634503094, 0.0, 857.7774326863696], [0.0, 796.8910634503094, 476.8848988407415], [0.0, 0.0, 1.0]], [[1249.9629280788233, 0.0, 825.3768045375984], [0.0, 1249.9629280788233, 462.54816385708756], [0.0, 0.0, 1.0]]], "extrinsics": [[[0.822323203086853, -0.5688208341598511, -0.015082776546478271, -0.9801025390625], [0.011459115892648697, 0.043055545538663864, -0.9990069270133972, 1.4886245727539062], [0.5689054131507874, 0.8213337063789368, 0.04192375764250755, -1.3165283203125], [0.0, 0.0, 0.0, 1.0]], [[0.009965111501514912, -0.9991969466209412, -0.038810133934020996, 0.006103515625], [0.013388445600867271, 0.03894190862774849, -0.9991517663002014, 1.4804840087890625], [0.9998607039451599, 0.00943703018128872, 0.013765756972134113, -1.709503173828125], [0.0, 0.0, 0.0, 1.0]], [[-0.844051718711853, -0.535166323184967, -0.03425876796245575, 1.0745849609375], [0.021381862461566925, 0.030248280614614487, -0.9993136525154114, 1.4934654235839844], [0.5358353853225708, -0.8442050218582153, -0.014088261872529984, -1.2672119140625], [0.0, 0.0, 0.0, 1.0]], [[0.9479150176048279, 0.3183446228504181, 0.010665384121239185, -1.14483642578125], [-0.004010719712823629, 0.045410286635160446, -0.9989603757858276, 1.5620498657226562], [-0.31849801540374756, 0.9468868374824524, 0.04432188719511032, -0.1558837890625], [0.0, 0.0, 0.0, 1.0]], [[0.009339076466858387, 0.9992386698722839, 0.03788045421242714, -0.0289306640625], [-0.001865203259512782, 0.0378994457423687, -0.999279797077179, 1.5680465698242188], [-0.9999547004699707, 0.009261688217520714, 0.002217730274423957, 0.0380401611328125], [0.0, 0.0, 0.0, 1.0]], [[-0.9236212372779846, 0.38328850269317627, 0.0036827579606324434, 1.14825439453125], [0.0023176425602287054, 0.015192072838544846, -0.9998818635940552, 1.5478382110595703], [-0.38329920172691345, -0.9235036969184875, -0.014920047484338284, -0.0487060546875], [0.0, 0.0, 0.0, 1.0]]], "view": [[0.0, -2.0, 100.0], [-2.0, 0.0, 100.0], [0.0, 0.0, 1.0]], "bev": "bev_215d8576b8d54ab08623ae6257359e71.png", "aux": "aux_215d8576b8d54ab08623ae6257359e71.npz", "visibility": "visibility_215d8576b8d54ab08623ae6257359e71.png", "pose": [[-0.8354576230049133, -0.5495548844337463, 0.0, 1216.6092529296875], [0.5495548844337463, -0.8354576230049133, 0.0, 1379.49853515625], [0.0, 0.0, 1.0, 0.0], [0.0, 0.0, 0.0, 1.0]], "pose_inverse": [[-0.8354576230049133, 0.5495548844337463, 0.0, 258.3152770996094], [-0.5495548844337463, -0.8354576230049133, 0.0, 1821.1060791015625], [0.0, 0.0, 1.0, 0.0], [0.0, 0.0, 0.0, 1.0]], "cam_ids": [0, 1, 2, 3, 4, 5], "cam_channels": ["CAM_FRONT_LEFT", "CAM_FRONT", "CAM_FRONT_RIGHT", "CAM_BACK_LEFT", "CAM_BACK", "CAM_BACK_RIGHT"], "token": "215d8576b8d54ab08623ae6257359e71", "scene": "scene-0564"}, {"images": ["samples/CAM_FRONT_LEFT/n008-2018-08-31-11-37-23-0400__CAM_FRONT_LEFT__1535730640004799.jpg", "samples/CAM_FRONT/n008-2018-08-31-11-37-23-0400__CAM_FRONT__1535730640012404.jpg", "samples/CAM_FRONT_RIGHT/n008-2018-08-31-11-37-23-0400__CAM_FRONT_RIGHT__1535730640020482.jpg", "samples/CAM_BACK_LEFT/n008-2018-08-31-11-37-23-0400__CAM_BACK_LEFT__1535730640047405.jpg", "samples/CAM_BACK/n008-2018-08-31-11-37-23-0400__CAM_BACK__1535730640037558.jpg", "samples/CAM_BACK_RIGHT/n008-2018-08-31-11-37-23-0400__CAM_BACK_RIGHT__1535730640028113.jpg"], "intrinsics": [[[1257.8625342125129, 0.0, 827.2410631095686], [0.0, 1257.8625342125129, 450.915498205774], [0.0, 0.0, 1.0]], [[1252.8131021185304, 0.0, 826.588114781398], [0.0, 1252.8131021185304, 469.9846626224581], [0.0, 0.0, 1.0]], [[1256.7485116440405, 0.0, 817.7887570959712], [0.0, 1256.7485116440403, 451.9541780095127], [0.0, 0.0, 1.0]], [[1254.9860565800168, 0.0, 829.5769333630991], [0.0, 1254.9860565800168, 467.1680561863987], [0.0, 0.0, 1.0]], [[796.8910634503094, 0.0, 857.7774326863696], [0.0, 796.8910634503094, 476.8848988407415], [0.0, 0.0, 1.0]], [[1249.9629280788233, 0.0, 825.3768045375984], [0.0, 1249.9629280788233, 462.54816385708756], [0.0, 0.0, 1.0]]], "extrinsics": [[[0.8224743604660034, -0.5686120986938477, -0.01470902469009161, -0.99420166015625], [0.011777342297136784, 0.042878158390522, -0.9990108609199524, 1.4884185791015625], [0.5686803460121155, 0.821487545967102, 0.04196292161941528, -1.3265380859375], [0.0, 0.0, 0.0, 1.0]], [[0.01018557045608759, -0.9992021322250366, -0.038617346435785294, 0.0059814453125], [0.013736595399677753, 0.038755521178245544, -0.9991543292999268, 1.4803009033203125], [0.999853789806366, 0.0096465228125453, 0.014120382256805897, -1.72442626953125], [0.0, 0.0, 0.0, 1.0]], [[-0.8439549207687378, -0.5353050231933594, -0.034477394074201584, 1.0841064453125], [0.021761920303106308, 0.03005310148000717, -0.9993113875389099, 1.4932289123535156], [0.535972535610199, -0.8441240787506104, -0.01371420081704855, -1.2730712890625], [0.0, 0.0, 0.0, 1.0]], [[0.9479092955589294, 0.31835034489631653, 0.011001811362802982, -1.14447021484375], [-0.003590372856706381, 0.04521382227540016, -0.9989709258079529, 1.5620498657226562], [-0.318520188331604, 0.9468943476676941, 0.04400159791111946, -0.156005859375], [0.0, 0.0, 0.0, 1.0]], [[0.009268729016184807, 0.9992473125457764, 0.03766920790076256, -0.02880859375], [-0.0014772744616493583, 0.03768446668982506, -0.9992885589599609, 1.5680618286132812], [-0.9999560117721558,