[{"images": ["samples/CAM_FRONT_LEFT/n008-2018-08-21-11-53-44-0400__CAM_FRONT_LEFT__1534867367904799.jpg", "samples/CAM_FRONT/n008-2018-08-21-11-53-44-0400__CAM_FRONT__1534867367912404.jpg", "samples/CAM_FRONT_RIGHT/n008-2018-08-21-11-53-44-0400__CAM_FRONT_RIGHT__1534867367920482.jpg", "samples/CAM_BACK_LEFT/n008-2018-08-21-11-53-44-0400__CAM_BACK_LEFT__1534867367947405.jpg", "samples/CAM_BACK/n008-2018-08-21-11-53-44-0400__CAM_BACK__1534867367937558.jpg", "samples/CAM_BACK_RIGHT/n008-2018-08-21-11-53-44-0400__CAM_BACK_RIGHT__1534867367928113.jpg"], "intrinsics": [[[1257.8625342125129, 0.0, 827.2410631095686], [0.0, 1257.8625342125129, 450.915498205774], [0.0, 0.0, 1.0]], [[1252.8131021185304, 0.0, 826.588114781398], [0.0, 1252.8131021185304, 469.9846626224581], [0.0, 0.0, 1.0]], [[1256.7485116440405, 0.0, 817.7887570959712], [0.0, 1256.7485116440403, 451.9541780095127], [0.0, 0.0, 1.0]], [[1254.9860565800168, 0.0, 829.5769333630991], [0.0, 1254.9860565800168, 467.1680561863987], [0.0, 0.0, 1.0]], [[796.8910634503094, 0.0, 857.7774326863696], [0.0, 796.8910634503094, 476.8848988407415], [0.0, 0.0, 1.0]], [[1249.9629280788233, 0.0, 825.3768045375984], [0.0, 1249.9629280788233, 462.54816385708756], [0.0, 0.0, 1.0]]], "extrinsics": [[[0.8255494832992554, -0.5641019344329834, 0.01603429950773716, -0.95391845703125], [0.02944193035364151, 0.014678466133773327, -0.9994587302207947, 1.49005126953125], [0.5635612607002258, 0.8255746960639954, 0.02872605249285698, -1.3006591796875], [0.0, 0.0, 0.0, 1.0]], [[0.01510956697165966, -0.9998332858085632, -0.010242111049592495, 0.0079345703125], [0.03149349242448807, 0.01071408111602068, -0.9994465112686157, 1.4817276000976562], [0.9993897676467896, 0.014778628014028072, 0.031650129705667496, -1.6844482421875], [0.0, 0.0, 0.0, 1.0]], [[-0.841480016708374, -0.5391823053359985, -0.03455353155732155, 1.05859375], [0.03962166979908943, 0.0021986584179103374, -0.9992123246192932, 1.4946098327636719], [0.5388336181640625, -0.8421862125396729, 0.019513176754117012, -1.25531005859375], [0.0, 0.0, 0.0, 1.0]], [[0.9476746916770935, 0.31864476203918457, 0.019445300102233887, -1.1434326171875], [0.014503593556582928, 0.017874009907245636, -0.9997349977493286, 1.5620498657226562], [-0.31890785694122314, 0.9477056264877319, 0.012317252345383167, -0.15625], [0.0, 0.0, 0.0, 1.0]], [[0.007640807889401913, 0.9999182820320129, 0.010246699675917625, -0.029296875], [0.016553068533539772, 0.010119118727743626, -0.9998117685317993, 1.5682964324951172], [-0.9998338222503662, 0.007808964233845472, -0.016474399715662003, 0.02972412109375], [0.0, 0.0, 0.0, 1.0]], [[-0.9244208335876465, 0.3806180953979492, -0.023999499157071114, 1.1345233917236328], [0.02068992890417576, -0.012784986756742, -0.9997041821479797, 1.5483994483947754], [-0.38081231713294983, -0.9246439337730408, 0.003943746443837881, -0.0533447265625], [0.0, 0.0, 0.0, 1.0]]], "view": [[0.0, -2.0, 100.0], [-2.0, 0.0, 100.0], [0.0, 0.0, 1.0]], "bev": "bev_6ddd88ba5dc247b8aa85eb00bbebe1a8.png", "aux": "aux_6ddd88ba5dc247b8aa85eb00bbebe1a8.npz", "visibility": "visibility_6ddd88ba5dc247b8aa85eb00bbebe1a8.png", "pose": [[0.9895808696746826, -0.14397799968719482, 0.0, 461.19232177734375], [0.14397799968719482, 0.9895808696746826, 0.0, 1719.6361083984375], [0.0, 0.0, 1.0, 0.0], [0.0, 0.0, 0.0, 1.0]], "pose_inverse": [[0.9895808696746826, 0.14397799968719482, 0.0, -703.9768676757812], [-0.14397799968719482, 0.9895808696746826, 0.0, -1635.3175048828125], [0.0, 0.0, 1.0, 0.0], [0.0, 0.0, 0.0, 1.0]], "cam_ids": [0, 1, 2, 3, 4, 5], "cam_channels": ["CAM_FRONT_LEFT", "CAM_FRONT", "CAM_FRONT_RIGHT", "CAM_BACK_LEFT", "CAM_BACK", "CAM_BACK_RIGHT"], "token": "6ddd88ba5dc247b8aa85eb00bbebe1a8", "scene": "scene-0250"}, {"images": ["samples/CAM_FRONT_LEFT/n008-2018-08-21-11-53-44-0400__CAM_FRONT_LEFT__1534867368404799.jpg", "samples/CAM_FRONT/n008-2018-08-21-11-53-44-0400__CAM_FRONT__1534867368412404.jpg", "samples/CAM_FRONT_RIGHT/n008-2018-08-21-11-53-44-0400__CAM_FRONT_RIGHT__1534867368420482.jpg", "samples/CAM_BACK_LEFT/n008-2018-08-21-11-53-44-0400__CAM_BACK_LEFT__1534867368447405.jpg", "samples/CAM_BACK/n008-2018-08-21-11-53-44-0400__CAM_BACK__1534867368437558.jpg", "samples/CAM_BACK_RIGHT/n008-2018-08-21-11-53-44-0400__CAM_BACK_RIGHT__1534867368428113.jpg"], "intrinsics": [[[1257.8625342125129, 0.0, 827.2410631095686], [0.0, 1257.8625342125129, 450.915498205774], [0.0, 0.0, 1.0]], [[1252.8131021185304, 0.0, 826.588114781398], [0.0, 1252.8131021185304, 469.9846626224581], [0.0, 0.0, 1.0]], [[1256.7485116440405, 0.0, 817.7887570959712], [0.0, 1256.7485116440403, 451.9541780095127], [0.0, 0.0, 1.0]], [[1254.9860565800168, 0.0, 829.5769333630991], [0.0, 1254.9860565800168, 467.1680561863987], [0.0, 0.0, 1.0]], [[796.8910634503094, 0.0, 857.7774326863696], [0.0, 796.8910634503094, 476.8848988407415], [0.0, 0.0, 1.0]], [[1249.9629280788233, 0.0, 825.3768045375984], [0.0, 1249.9629280788233, 462.54816385708756], [0.0, 0.0, 1.0]]], "extrinsics": [[[0.8245855569839478, -0.5653159618377686, 0.02182915061712265, -0.961212158203125], [0.037400685250759125, 0.015971552580595016, -0.9991726875305176, 1.4902305603027344], [0.5644996166229248, 0.8247198462486267, 0.03431311622262001, -1.3046875], [0.0, 0.0, 0.0, 1.0]], [[0.013964221812784672, -0.9998389482498169, -0.011268368922173977, 0.0072021484375], [0.0394815132021904, 0.011812027543783188, -0.9991505146026611, 1.4818496704101562], [0.9991227388381958, 0.013507453724741936, 0.03964010253548622, -1.69171142578125], [0.0, 0.0, 0.0, 1.0]], [[-0.8417093753814697, -0.5383101105690002, -0.041803739964962006, 1.063232421875], [0.04763593152165413, 0.0030846132431179285, -0.9988599419593811, 1.4946479797363281], [0.5378254652023315, -0.8427411317825317, 0.02304655686020851, -1.2589111328125], [0.0, 0.0, 0.0, 1.0]], [[0.9474903345108032, 0.31862151622772217, 0.02724689617753029, -1.1436767578125], [0.022639308124780655, 0.018156010657548904, -0.9995788335800171, 1.5620498657226562], [-0.3189820349216461, 0.9477080702781677, 0.00998927466571331, -0.15625], [0.0, 0.0, 0.0, 1.0]], [[0.007951782085001469, 0.9999096393585205, 0.010844435542821884, -0.029052734375], [0.024604646489024162, 0.0106458505615592, -0.9996405243873596, 1.568359375], [-0.9996656775474548, 0.008215739391744137, -0.02451777085661888, 0.03204345703125], [0.0, 0.0, 0.0, 1.0]], [[-0.9239095449447632, 0.38134077191352844, -0.03115031123161316, 1.1385269165039062], [0.028727548196911812, -0.012045754119753838, -0.9995146989822388, 1.548499584197998], [-0.38153088092803955, -0.9243561029434204, 0.00017420155927538872, -0.0521240234375], [0.0, 0.0, 0.0, 1.0]]], "view": [[0.0, -2.0, 100.0], [-2.0, 0.0, 100.0], [0.0, 0.0, 1.0]], "bev": "bev_845be02d19b944ef976f213c4cc48903.png", "aux": "aux_845be02d19b944ef976f213c4cc48903.npz", "visibility": "visibility_845be02d19b944ef976f213c4cc48903.png", "pose": [[0.9962322115898132, -0.0867258831858635, 0.0, 461.8767395019531], [0.0867258831858635, 0.9962322115898132, 0.0, 1719.6993408203125], [0.0, 0.0, 1.0, 0.0], [0.0, 0.0, 0.0, 1.0]], "pose_inverse": [[0.9962322115898132, 0.0867258831858635, 0.0, -609.2789306640625], [-0.0867258831858635, 0.9962322115898132, 0.0, -1673.1632080078125], [0.0, 0.0, 1.0, 0.0], [0.0, 0.0, 0.0, 1.0]], "cam_ids": [0, 1, 2, 3, 4, 5], "cam_channels": ["CAM_FRONT_LEFT", "CAM_FRONT", "CAM_FRONT_RIGHT", "CAM_BACK_LEFT", "CAM_BACK", "CAM_BACK_RIGHT"], "token": "845be02d19b944ef976f213c4cc48903", "scene": "scene-0250"}, {"images": ["samples/CAM_FRONT_LEFT/n008-2018-08-21-11-53-44-0400__CAM_FRONT_LEFT__1534867368904799.jpg", "samples/CAM_FRONT/n008-2018-08-21-11-53-44-0400__CAM_FRONT__1534867368912404.jpg", "samples/CAM_FRONT_RIGHT/n008-2018-08-21-11-53-44-0400__CAM_FRONT_RIGHT__1534867368920482.jpg", "samples/CAM_BACK_LEFT/n008-2018-08-21-11-53-44-0400__CAM_BACK_LEFT__1534867368947405.jpg", "samples/CAM_BACK/n008-2018-08-21-11-53-44-0400__CAM_BACK__1534867368937713.jpg", "samples/CAM_BACK_RIGHT/n008-2018-08-21-11-53-44-0400__CAM_BACK_RIGHT__1534867368928113.jpg"], "intrinsics": [[[1257.8625342125129, 0.0, 827.2410631095686], [0.0, 1257.8625342125129, 450.915498205774], [0.0, 0.0, 1.0]], [[1252.8131021185304, 0.0, 826.588114781398], [0.0, 1252.8131021185304, 469.9846626224581], [0.0, 0.0, 1.0]], [[1256.7485116440405, 0.0, 817.7887570959712], [0.0, 1256.7485116440403, 451.9541780095127], [0.0, 0.0, 1.0]], [[1254.9860565800168, 0.0, 829.5769333630991], [0.0, 1254.9860565800168, 467.1680561863987], [0.0, 0.0, 1.0]], [[796.8910634503094, 0.0, 857.7774326863696], [0.0, 796.8910634503094, 476.8848988407415], [0.0, 0.0, 1.0]], [[1249.9629280788233, 0.0, 825.3768045375984], [0.0, 1249.9629280788233, 462.54816385708756], [0.0, 0.0, 1.0]]], "extrinsics": [[[0.8237655758857727, -0.5662041306495667, 0.028691427782177925, -0.97698974609375], [0.04447083920240402, 0.014082116074860096, -0.9989113807678223, 1.4897422790527344], [0.5651838183403015, 0.824144721031189, 0.036779940128326416, -1.3157958984375], [0.0, 0.0, 0.0, 1.0]], [[0.01313035748898983, -0.9998705983161926, -0.00929282046854496, 0.0068359375], [0.04653271287679672, 0.009894570335745811, -0.9988677501678467, 1.4814224243164062], [0.9988304376602173, 0.01268307026475668, 0.04665660858154297, -1.70745849609375], [0.0, 0.0, 0.0, 1.0]], [[-0.8417524695396423, -0.5378406047821045, -0.04669416695833206, 1.0732421875], [0.054664112627506256, 0.001135404221713543, -0.998504102230072, 1.4942245483398438], [0.5370891094207764, -0.8430457711219788, 0.02844485267996788, -1.2655029296875], [0.0, 0.0, 0.0, 1.0]], [[0.9472798109054565, 0.31868433952331543, 0.03318518400192261, -1.143798828125], [0.0295778326690197, 0.016153443604707718, -0.9994319677352905, 1.562042236328125], [-0.31903937458992004, 0.9477232098579407, 0.005875838920474052, -0.1561279296875], [0.0, 0.0, 0.0, 1.0]], [[0.008112273178994656, 0.9999272227287292, 0.008933515287935734, -0.0289306640625], [0.03160640597343445, 0.008672947064042091, -0.9994627833366394, 1.5683040618896484], [-0.9994674324989319, 0.008390268310904503, -0.03153374418616295, 0.03662109375], [0.0, 0.0, 0.0, 1.0]], [[-0.9235001802444458, 0.381674200296402, -0.03836923465132713, 1.1464691162109375], [0.03574087843298912, -0.013975953683257103, -0.999263346195221, 1.5483622550964355], [-0.38192927837371826, -0.9241912364959717, -0.0007345739286392927, -0.0489501953125], [0.0, 0.0, 0.0, 1.0]]], "view": [[0.0, -2.0, 100.0], [-2.0, 0.0, 100.0], [0.0, 0.0, 1.0]], "bev": "bev_91797dcd54284851a887929d0d43409f.png", "aux": "aux_91797dcd54284851a887929d0d43409f.npz", "visibility": "visibility_91797dcd54284851a887929d0d43409f.png", "pose": [[0.9988980889320374, -0.046931613236665726, 0.0, 462.34832763671875], [0.046931613236665726, 0.9988980889320374, 0.0, 1719.716064453125], [0.0, 0.0, 1.0, 0.0], [0.0, 0.0, 0.0, 1.0]], "pose_inverse": [[0.9988980889320374, 0.046931613236665726, 0.0, -542.5479125976562], [-0.046931613236665726, 0.9988980889320374, 0.0, -1696.122314453125], [0.0, 0.0, 1.0, 0.0], [0.0, 0.0, 0.0, 1.0]], "cam_ids": [0, 1, 2, 3, 4, 5], "cam_channels": ["CAM_FRONT_LEFT", "CAM_FRONT", "CAM_FRONT_RIGHT", "CAM_BACK_LEFT", "CAM_BACK", "CAM_BACK_RIGHT"], "token": "91797dcd54284851a887929d0d43409f", "scene": "scene-0250"}, {"images": ["samples/CAM_FRONT_LEFT/n008-2018-08-21-11-53-44-0400__CAM_FRONT_LEFT__1534867369354799.jpg", "samples/CAM_FRONT/n008-2018-08-21-11-53-44-0400__CAM_FRONT__1534867369362404.jpg", "samples/CAM_FRONT_RIGHT/n008-2018-08-21-11-53-44-0400__CAM_FRONT_RIGHT__1534867369370482.jpg", "samples/CAM_BACK_LEFT/n008-2018-08-21-11-53-44-0400__CAM_BACK_LEFT__1534867369397405.jpg", "samples/CAM_BACK/n008-2018-08-21-11-53-44-0400__CAM_BACK__1534867369387558.jpg", "samples/CAM_BACK_RIGHT/n008-2018-08-21-11-53-44-0400__CAM_BACK_RIGHT__1534867369378113.jpg"], "intrinsics": [[[1257.8625342125129, 0.0, 827.2410631095686], [0.0, 1257.8625342125129, 450.915498205774], [0.0, 0.0, 1.0]], [[1252.8131021185304, 0.0, 826.588114781398], [0.0, 1252.8131021185304, 469.9846626224581], [0.0, 0.0, 1.0]], [[1256.7485116440405, 0.0, 817.7887570959712], [0.0, 1256.7485116440403, 451.9541780095127], [0.0, 0.0, 1.0]], [[1254.9860565800168, 0.0, 829.5769333630991], [0.0, 1254.9860565800168, 467.1680561863987], [0.0, 0.0, 1.0]], [[796.8910634503094, 0.0, 857.7774326863696], [0.0, 796.8910634503094, 476.8848988407415], [0.0, 0.0, 1.0]], [[1249.9629280788233, 0.0, 825.3768045375984], [0.0, 1249.9629280788233, 462.54816385708756], [0.0, 0.0, 1.0]]], "extrinsics": [[[0.8233123421669006, -0.5665909647941589, 0.033634334802627563, -0.98687744140625], [0.048283517360687256, 0.010870813392102718, -0.9987744688987732, 1.4893074035644531], [0.5655309557914734, 0.8239274621009827, 0.03630708158016205, -1.3223876953125], [0.0, 0.0, 0.0, 1.0]], [[0.012690482661128044, -0.9999011754989624, -0.006045185960829258, 0.0067138671875], [0.05032001808285713, 0.006676637101918459, -0.9987108707427979, 1.4810371398925781], [0.9986525177955627, 0.012369928881525993, 0.0503997728228569, -1.71722412109375], [0.0, 0.0, 0.0, 1.0]], [[-0.8417693972587585, -0.5376865863800049, -0.04813910275697708, 1.0794677734375], [0.05842306837439537, -0.002086679683998227, -0.9982897043228149, 1.4938640594482422], [0.5366665124893188, -0.8431421518325806, 0.03316980600357056, -1.26953125], [0.0, 0.0, 0.0, 1.0]], [[0.9471476078033447, 0.3188132345676422, 0.03562996909022331, -1.14404296875], [0.03329944610595703, 0.012759220786392689, -0.9993639588356018, 1.5620384216308594], [-0.3190650939941406, 0.947731614112854, 0.001468559494242072, -0.15625], [0.0, 0.0, 0.0, 1.0]], [[0.008197106420993805, 0.9999505281448364, 0.005629745777696371, -0.029052734375], [0.03532715514302254, 0.005336835514754057, -0.999361515045166, 1.5682392120361328], [-0.9993422627449036, 0.008390755392611027, -0.03528166189789772, 0.039337158203125], [0.0, 0.0, 0.0, 1.0]], [[-0.9232442378997803, 0.38179317116737366, -0.043057288974523544, 1.1515045166015625], [0.03945409506559372, -0.017264770343899727, -0.9990721940994263, 1.548201560974121], [-0.3821823000907898, -0.9240865111351013, 0.0008762961369939148, -0.0469970703125], [0.0, 0.0, 0.0, 1.0]]], "view": [[0.0, -2.0, 100.0], [-2.0, 0.0, 100.0], [0.0, 0.0, 1.0]], "bev": "bev_1e16aa8e6c9f4d65bdd4cb36b8504328.png", "aux": "aux_1e16aa8e6c9f4d65bdd4cb36b8504328.npz", "visibility": "visibility_1e16aa8e6c9f4d65bdd4cb36b8504328.png", "pose": [[0.9998508095741272, -0.01727236434817314, 0.0, 462.65301513671875], [0.01727236434817314, 0.9998508095741272, 0.0, 1719.7117919921875], [0.0, 0.0, 1.0, 0.0], [0.0, 0.0, 0.0, 1.0]], "pose_inverse": [[0.9998508095741272, 0.01727236434817314, 0.0, -492.2874755859375], [-0.01727236434817314, 0.9998508095741272, 0.0, -1711.464111328125], [0.0, 0.0, 1.0, 0.0], [0.0, 0.0, 0.0, 1.0]], "cam_ids": [0, 1, 2, 3, 4, 5], "cam_channels": ["CAM_FRONT_LEFT", "CAM_FRONT", "CAM_FRONT_RIGHT", "CAM_BACK_LEFT", "CAM_BACK", "CAM_BACK_RIGHT"], "token": "1e16aa8e6c9f4d65bdd4cb36b8504328", "scene": "scene-0250"}, {"images": ["samples/CAM_FRONT_LEFT/n008-2018-08-21-11-53-44-0400__CAM_FRONT_LEFT__1534867369854799.jpg", "samples/CAM_FRONT/n008-2018-08-21-11-53-44-0400__CAM_FRONT__1534867369862404.jpg", "samples/CAM_FRONT_RIGHT/n008-2018-08-21-11-53-44-0400__CAM_FRONT_RIGHT__1534867369870482.jpg", "samples/CAM_BACK_LEFT/n008-2018-08-21-11-53-44-0400__CAM_BACK_LEFT__1534867369897405.jpg", "samples/CAM_BACK/n008-2018-08-21-11-53-44-0400__CAM_BACK__1534867369887558.jpg", "samples/CAM_BACK_RIGHT/n008-2018-08-21-11-53-44-0400__CAM_BACK_RIGHT__1534867369878113.jpg"], "intrinsics": [[[1257.8625342125129, 0.0, 827.2410631095686], [0.0, 1257.8625342125129, 450.915498205774], [0.0, 0.0, 1.0]], [[1252.8131021185304, 0.0, 826.588114781398], [0.0, 1252.8131021185304, 469.9846626224581], [0.0, 0.0, 1.0]], [[1256.7485116440405, 0.0, 817.7887570959712], [0.0, 1256.7485116440403, 451.9541780095127], [0.0, 0.0, 1.0]], [[1254.9860565800168, 0.0, 829.5769333630991], [0.0, 1254.9860565800168, 467.1680561863987], [0.0, 0.0, 1.0]], [[796.8910634503094, 0.0, 857.7774326863696], [0.0, 796.8910634503094, 476.8848988407415], [0.0, 0.0, 1.0]], [[1249.9629280788233, 0.0, 825.3768045375984], [0.0, 1249.9629280788233, 462.54816385708756], [0.0, 0.0, 1.0]]], "extrinsics": [[[0.823768138885498, -0.5656775832176208, 0.03761782497167587, -0.97930908203125], [0.05210348218679428, 0.009468546137213707, -0.9985968470573425, 1.4898872375488281], [0.5645276308059692, 0.8245721459388733, 0.03727365657687187, -1.3167724609375], [0.0, 0.0, 0.0, 1.0]], [[0.013577718287706375, -0.9998968243598938, -0.0046689012087881565, 0.0064697265625], [0.05402655899524689, 0.005396128166466951, -0.9985249042510986, 1.4815311431884766], [0.998447060585022, 0.013305447064340115, 0.054094258695840836, -1.709442138671875], [0.0, 0.0, 0.0, 1.0]], [[-0.8412243127822876, -0.538320004940033, -0.05052802339196205, 1.07421875], [0.06201685220003128, -0.003231524722650647, -0.9980698227882385, 1.494293212890625], [0.5371177196502686, -0.8427343368530273, 0.03610335290431976, -1.2666015625], [0.0, 0.0, 0.0, 1.0]], [[0.9469972848892212, 0.3189414143562317, 0.03837199509143829, -1.14361572265625], [0.03641717880964279, 0.012092388235032558, -0.9992634654045105, 1.5620613098144531], [-0.3191705346107483, 0.9476972222328186, -0.0001634884683880955, -0.15625], [0.0, 0.0, 0.0, 1.0]], [[0.007869246415793896, 0.9999575018882751, 0.004799932241439819, -0.0289306640625], [0.03864691033959389, 0.004492366220802069, -0.9992428421974182, 1.5683479309082031], [-0.999221920967102, 0.008048792369663715, -0.03860992193222046, 0.036865234375], [0.0, 0.0, 0.0, 1.0]], [[-0.923284113407135, 0.3812705874443054, -0.04668189585208893, 1.14739990234375], [0.04295576363801956, -0.01828261837363243, -0.9989096522331238, 1.5484247207641602], [-0.3817082941532135, -0.9242826104164124, 0.0005022808909416199, -0.0487060546875], [0.0, 0.0, 0.0, 1.0]]], "view": [[0.0, -2.0, 100.0], [-2.0, 0.0, 100.0], [0.0, 0.0, 1.0]], "bev": "bev_9c3d2c4850b048ea8b47722b57635df9.png", "aux": "aux_9c3d2c4850b048ea8b47722b57635df9.npz", "visibility": "visibility_9c3d2c4850b048ea8b47722b57635df9.png", "pose": [[0.9998225569725037, 0.018836084753274918, 0.0, 462.9614562988281], [-0.018836084753274918, 0.9998225569725037, 0.0, 1719.698974609375], [0.0, 0.0, 1.0, 0.0], [0.0, 0.0, 0.0, 1.0]], "pose_inverse": [[0.9998225569725037, -0.018836084753274918, 0.0, -430.4869384765625], [0.018836084753274918, 0.9998225569725037, 0.0, -1728.1142578125], [0.0, 0.0, 1.0, 0.0], [0.0, 0.0, 0.0, 1.0]], "cam_ids": [0, 1, 2, 3, 4, 5], "cam_channels": ["CAM_FRONT_LEFT", "CAM_FRONT", "CAM_FRONT_RIGHT", "CAM_BACK_LEFT", "CAM_BACK", "CAM_BACK_RIGHT"], "token": "9c3d2c4850b048ea8b47722b57635df9", "scene": "scene-0250"}, {"images": ["samples/CAM_FRONT_LEFT/n008-2018-08-21-11-53-44-0400__CAM_FRONT_LEFT__1534867370354799.jpg", "samples/CAM_FRONT/n008-2018-08-21-11-53-44-0400__CAM_FRONT__1534867370362404.jpg", "samples/CAM_FRONT_RIGHT/n008-2018-08-21-11-53-44-0400__CAM_FRONT_RIGHT__1534867370370482.jpg", "samples/CAM_BACK_LEFT/n008-2018-08-21-11-53-44-0400__CAM_BACK_LEFT__1534867370397405.jpg", "samples/CAM_BACK/n008-2018-08-21-11-53-44-0400__CAM_BACK__1534867370387558.jpg", "samples/CAM_BACK_RIGHT/n008-2018-08-21-11-53-44-0400__CAM_BACK_RIGHT__1534867370378113.jpg"], "intrinsics": [[[1257.8625342125129, 0.0, 827.2410631095686], [0.0, 1257.8625342125129, 450.915498205774], [0.0, 0.0, 1.0]], [[1252.8131021185304, 0.0, 826.588114781398], [0.0, 1252.8131021185304, 469.9846626224581], [0.0, 0.0, 1.0]], [[1256.7485116440405, 0.0, 817.7887570959712], [0.0, 1256.7485116440403, 451.9541780095127], [0.0, 0.0, 1.0]], [[1254.9860565800168, 0.0, 829.5769333630991], [0.0, 1254.9860565800168, 467.1680561863987], [0.0, 0.0, 1.0]], [[796.8910634503094, 0.0, 857.7774326863696], [0.0, 796.8910634503094, 476.8848988407415], [0.0, 0.0, 1.0]], [[1249.9629280788233, 0.0, 825.3768045375984], [0.0, 1249.9629280788233, 462.54816385708756], [0.0, 0.0, 1.0]]], "extrinsics": [[[0.8239185810089111, -0.5655949115753174, 0.035506200045347214, -0.974853515625], [0.05164849013090134, 0.012549861334264278, -0.9985864758491516, 1.4901542663574219], [0.5643498301506042, 0.8245877623558044, 0.03955218568444252, -1.313232421875], [0.0, 0.0, 0.0, 1.0]], [[0.01377782691270113, -0.999875009059906, -0.0077539775520563126, 0.006103515625], [0.053700122982263565, 0.008483441546559334, -0.998521089553833, 1.4817657470703125], [0.9984620213508606, 0.013341061770915985, 0.05381029471755028, -1.70489501953125], [0.0, 0.0, 0.0, 1.0]], [[-0.8411460518836975, -0.5382997989654541, -0.0520268976688385, 1.0712890625], [0.06182417273521423, -0.00014078128151595592, -0.9980870485305786, 1.4945049285888672], [0.5372627377510071, -0.8427534699440002, 0.033398356288671494, -1.2650146484375], [0.0, 0.0, 0.0, 1.0]], [[0.9469745755195618, 0.31885531544685364, 0.03962836042046547, -1.14373779296875], [0.0366985909640789, 0.015193281695246696, -0.9992108941078186, 1.5620536804199219], [-0.3192058205604553, 0.9476815462112427, 0.0026861110236495733, -0.15625], [0.0, 0.0, 0.0, 1.0]], [[0.007788053713738918, 0.9999385476112366, 0.007889225147664547, -0.0289306640625], [0.03874016925692558, 0.0075818314217031, -0.9992204904556274, 1.5683975219726562], [-0.9992189407348633, 0.00808761827647686, -0.038678739219903946, 0.035614013671875], [0.0, 0.0, 0.0, 1.0]], [[-0.9233353137969971, 0.38129568099975586, -0.04544645547866821, 1.145172119140625], [0.04289393872022629, -0.015195263549685478, -0.9989640116691589, 1.548532485961914], [-0.381591260433197, -0.9243282079696655, -0.002324946690350771, -0.0498046875], [0.0, 0.0, 0.0, 1.0]]], "view": [[0.0, -2.0, 100.0], [-2.0, 0.0, 100.0], [0.0, 0.0, 1.0]], "bev": "bev_d90d68321d2943778bcdab50a3bb738b.png", "aux": "aux_d90d68321d2943778bcdab50a3bb738b.npz", "visibility": "visibility_d90d68321d2943778bcdab50a3bb738b.png", "pose": [[0.9983549118041992, 0.05733637884259224, 0.0, 463.33929443359375], [-0.05733637884259224, 0.9983549118041992, 0.0, 1719.6781005859375], [0.0, 0.0, 1.0, 0.0], [0.0, 0.0, 0.0, 1.0]], "pose_inverse": [[0.9983549118041992, -0.05733637884259224, 0.0, -363.9769592285156], [0.05733637884259224, 0.9983549118041992, 0.0, -1743.415283203125], [0.0, 0.0, 1.0, 0.0], [0.0, 0.0, 0.0, 1.0]], "cam_ids": [0, 1, 2, 3, 4, 5], "cam_channels": ["CAM_FRONT_LEFT", "CAM_FRONT", "CAM_FRONT_RIGHT", "CAM_BACK_LEFT", "CAM_BACK", "CAM_BACK_RIGHT"], "token": "d90d68321d2943778bcdab50a3bb738b", "scene": "scene-0250"}, {"images": ["samples/CAM_FRONT_LEFT/n008-2018-08-21-11-53-44-0400__CAM_FRONT_LEFT__1534867370854799.jpg", "samples/CAM_FRONT/n008-2018-08-21-11-53-44-0400__CAM_FRONT__1534867370862404.jpg", "samples/CAM_FRONT_RIGHT/n008-2018-08-21-11-53-44-0400__CAM_FRONT_RIGHT__1534867370870482.jpg", "samples/CAM_BACK_LEFT/n008-2018-08-21-11-53-44-0400__CAM_BACK_LEFT__1534867370897405.jpg", "samples/CAM_BACK/n008-2018-08-21-11-53-44-0400__CAM_BACK__1534867370887558.jpg", "samples/CAM_BACK_RIGHT/n008-2018-08-21-11-53-44-0400__CAM_BACK_RIGHT__1534867370878113.jpg"], "intrinsics": [[[1257.8625342125129, 0.0, 827.2410631095686], [0.0, 1257.8625342125129, 450.915498205774], [0.0, 0.0, 1.0]], [[1252.8131021185304, 0.0, 826.588114781398], [0.0, 1252.8131021185304, 469.9846626224581], [0.0, 0.0, 1.0]], [[1256.7485116440405, 0.0, 817.7887570959712], [0.0, 1256.7485116440403, 451.9541780095127], [0.0, 0.0, 1.0]], [[1254.9860565800168, 0.0, 829.5769333630991], [0.0, 1254.9860565800168, 467.1680561863987], [0.0, 0.0, 1.0]], [[796.8910634503094, 0.0, 857.7774326863696], [0.0, 796.8910634503094, 476.8848988407415], [0.0, 0.0, 1.0]], [[1249.9629280788233, 0.0, 825.3768045375984], [0.0, 1249.9629280788233, 462.54816385708756], [0.0, 0.0, 1.0]]], "extrinsics": [[[0.8250889778137207, -0.5637486577033997, 0.03762540593743324, -0.95806884765625], [0.056228119879961014, 0.015666453167796135, -0.9982950091362, 1.491485595703125], [0.5621980428695679, 0.8257977366447449, 0.044624749571084976, -1.3013916015625], [0.0, 0.0, 0.0, 1.0]], [[0.015880037099123, -0.9998186826705933, -0.01050390675663948, 0.0059814453125], [0.05831427499651909, 0.011413448490202427, -0.9982330203056335, 1.4829521179199219], [0.9981719255447388, 0.015239452011883259, 0.05848495289683342, -1.68701171875], [0.0, 0.0, 0.0, 1.0]], [[-0.8399841785430908, -0.5395709276199341, -0.057356469333171844, 1.0589599609375], [0.06645788252353668, 0.0026055900380015373, -0.9977858066558838, 1.495574951171875], [0.5385256409645081, -0.8419361114501953, 0.0336700901389122, -1.25732421875], [0.0, 0.0, 0.0, 1.0]], [[0.9467050433158875, 0.3189827501773834, 0.04471700266003609, -1.142333984375], [0.04134611785411835, 0.017334677278995514, -0.9989944696426392, 1.5621109008789062], [-0.319437175989151, 0.9476019740104675, 0.003222125116735697, -0.15673828125], [0.0, 0.0, 0.0, 1.0]], [[0.006975323893129826, 0.9999234080314636, 0.010221798904240131, -0.0286865234375], [0.043382495641708374, 0.009909826330840588, -0.999009370803833, 1.5687122344970703], [-0.9990341663360596, 0.007411853410303593, -0.043310049921274185, 0.029327392578125], [0.0, 0.0, 0.0, 1.0]], [[-0.9236035943031311, 0.3802340030670166, -0.04877014085650444, 1.135162353515625], [0.047530703246593475, -0.012654267251491547, -0.9987896084785461, 1.5491266250610352], [-0.38039088249206543, -0.9248037338256836, -0.006385258864611387, -0.05419921875], [0.0, 0.0, 0.0, 1.0]]], "view": [[0.0, -2.0, 100.0], [-2.0, 0.0, 100.0], [0.0, 0.0, 1.0]], "bev": "bev_346e0614a75840d485ee08ff0db4a925.png", "aux": "aux_346e0614a75840d485ee08ff0db4a925.npz", "visibility": "visibility_346e0614a75840d485ee08ff0db4a925.png", "pose": [[0.994016706943512, 0.10922792553901672, 0.0, 463.8467102050781], [-0.10922792553901672, 0.994016706943512, 0.0, 1719.6317138671875], [0.0, 0.0, 1.0, 0.0], [0.0, 0.0, 0.0, 1.0]], "pose_inverse": [[0.994016706943512, -0.10922792553901672, 0.0, -273.2395935058594], [0.10922792553901672, 0.994016706943512, 0.0, -1760.0076904296875], [0.0, 0.0, 1.0, 0.0], [0.0, 0.0, 0.0, 1.0]], "cam_ids": [0, 1, 2, 3, 4, 5], "cam_channels": ["CAM_FRONT_LEFT", "CAM_FRONT", "CAM_FRONT_RIGHT", "CAM_BACK_LEFT", "CAM_BACK", "CAM_BACK_RIGHT"], "token": "346e0614a75840d485ee08ff0db4a925", "scene": "scene-0250"}, {"images": ["samples/CAM_FRONT_LEFT/n008-2018-08-21-11-53-44-0400__CAM_FRONT_LEFT__1534867371354799.jpg", "samples/CAM_FRONT/n008-2018-08-21-11-53-44-0400__CAM_FRONT__1534867371362404.jpg", "samples/CAM_FRONT_RIGHT/n008-2018-08-21-11-53-44-0400__CAM_FRONT_RIGHT__1534867371370482.jpg", "samples/CAM_BACK_LEFT/n008-2018-08-21-11-53-44-0400__CAM_BACK_LEFT__1534867371397405.jpg", "samples/CAM_BACK/n008-2018-08-21-11-53-44-0400__CAM_BACK__1534867371387558.jpg", "samples/CAM_BACK_RIGHT/n008-2018-08-21-11-53-44-0400__CAM_BACK_RIGHT__1534867371378113.jpg"], "intrinsics": [[[1257.8625342125129, 0.0, 827.2410631095686], [0.0, 1257.8625342125129, 450.915498205774], [0.0, 0.0, 1.0]], [[1252.8131021185304, 0.0, 826.588114781398], [0.0, 1252.8131021185304, 469.9846626224581], [0.0, 0.0, 1.0]], [[1256.7485116440405, 0.0, 817.7887570959712], [0.0, 1256.7485116440403, 451.9541780095127], [0.0, 0.0, 1.0]], [[1254.9860565800168, 0.0, 829.5769333630991], [0.0, 1254.9860565800168, 467.1680561863987], [0.0, 0.0, 1.0]], [[796.8910634503094, 0.0, 857.7774326863696], [0.0, 796.8910634503094, 476.8848988407415], [0.0, 0.0, 1.0]], [[1249.9629280788233, 0.0, 825.3768045375984], [0.0, 1249.9629280788233, 462.54816385708756], [0.0, 0.0, 1.0]]], "extrinsics": [[[0.825153112411499, -0.5637440085411072, 0.036265600472688675, -0.9410400390625], [0.05521639063954353, 0.01659742370247841, -0.9983364343643188, 1.4925994873046875], [0.5622042417526245, 0.825782835483551, 0.04482331871986389, -1.2891845703125], [0.0, 0.0, 0.0, 1.0]], [[0.01582675240933895, -0.9998070001602173, -0.011635111644864082, 0.006103515625], [0.057210683822631836, 0.012523018755018711, -0.9982835650444031, 1.4838428497314453], [0.9982366561889648, 0.015133950859308243, 0.05739784240722656, -1.670623779296875], [0.0, 0.0, 0.0, 1.0]], [[-0.8400929570198059, -0.5394341349601746, -0.05704978108406067, 1.048583984375], [0.06525546312332153, 0.003906122874468565, -0.9978609085083008, 1.4963245391845703], [0.5385030508041382, -0.8420188426971436, 0.031919512897729874, -1.2508544921875], [0.0, 0.0, 0.0, 1.0]], [[0.9467613697052002, 0.3189403712749481, 0.04381744563579559, -1.1419677734375], [0.03979531303048134, 0.019119735807180405, -0.9990249276161194, 1.5621261596679688], [-0.3194671869277954, 0.947581946849823, 0.0054094973020255566, -0.15673828125], [0.0, 0.0, 0.0, 1.0]], [[0.006986505817621946, 0.999904990196228, 0.01188626978546381, -0.028564453125], [0.04195563122630119, 0.011582983657717705, -0.9990522861480713, 1.568887710571289], [-0.99909508228302, 0.007478588726371527, -0.04187072068452835, 0.024658203125], [0.0, 0.0, 0.0, 1.0]], [[-0.923651933670044, 0.3803400695323944, -0.04699473828077316, 1.12701416015625], [0.04623048007488251, -0.011149746365845203, -0.9988685846328735, 1.5494956970214844], [-0.38043367862701416, -0.9247795343399048, -0.007284815888851881, -0.0577392578125], [0.0, 0.0, 0.0, 1.0]]], "view": [[0.0, -2.0, 100.0], [-2.0, 0.0, 100.0], [0.0, 0.0, 1.0]], "bev": "bev_393838af38a642fb89832c2b45ab8c40.png", "aux": "aux_393838af38a642fb89832c2b45ab8c40.npz", "visibility": "visibility_393838af38a642fb89832c2b45ab8c40.png", "pose": [[0.9841472506523132, 0.17735332250595093, 0.0, 464.6442565917969], [-0.17735332250595093, 0.9841472506523132, 0.0, 1719.5137939453125], [0.0, 0.0, 1.0, 0.0], [0.0, 0.0, 0.0, 1.0]], "pose_inverse": [[0.9841472506523132, -0.17735332250595093, 0.0, -152.31689453125], [0.17735332250595093, 0.9841472506523132, 0.0, -1774.6610107421875], [0.0, 0.0, 1.0, 0.0], [0.0, 0.0, 0.0, 1.0]], "cam_ids": [0, 1, 2, 3, 4, 5], "cam_channels": ["CAM_FRONT_LEFT", "CAM_FRONT", "CAM_FRONT_RIGHT", "CAM_BACK_LEFT", "CAM_BACK", "CAM_BACK_RIGHT"], "token": "393838af38a642fb89832c2b45ab8c40", "scene": "scene-0250"}, {"images": ["samples/CAM_FRONT_LEFT/n008-2018-08-21-11-53-44-0400__CAM_FRONT_LEFT__1534867371904799.jpg", "samples/CAM_FRONT/n008-2018-08-21-11-53-44-0400__CAM_FRONT__1534867371912404.jpg", "samples/CAM_FRONT_RIGHT/n008-2018-08-21-11-53-44-0400__CAM_FRONT_RIGHT__1534867371920482.jpg", "samples/CAM_BACK_LEFT/n008-2018-08-21-11-53-44-0400__CAM_BACK_LEFT__1534867371947405.jpg", "samples/CAM_BACK/n008-2018-08-21-11-53-44-0400__CAM_BACK__1534867371937558.jpg", "samples/CAM_BACK_RIGHT/n008-2018-08-21-11-53-44-0400__CAM_BACK_RIGHT__1534867371928113.jpg"], "intrinsics": [[[1257.8625342125129, 0.0, 827.2410631095686], [0.0, 1257.8625342125129, 450.915498205774], [0.0, 0.0, 1.0]], [[1252.8131021185304, 0.0, 826.588114781398], [0.0, 1252.8131021185304, 469.9846626224581], [0.0, 0.0, 1.0]], [[1256.7485116440405, 0.0, 817.7887570959712], [0.0, 1256.7485116440403, 451.9541780095127], [0.0, 0.0, 1.0]], [[1254.9860565800168, 0.0, 829.5769333630991], [0.0, 1254.9860565800168, 467.1680561863987], [0.0, 0.0, 1.0]], [[796.8910634503094, 0.0, 857.7774326863696], [0.0, 796.8910634503094, 476.8848988407415], [0.0, 0.0, 1.0]], [[1249.9629280788233, 0.0, 825.3768045375984], [0.0, 1249.9629280788233, 462.54816385708756], [0.0, 0.0, 1.0]]], "extrinsics": [[[0.8262842893600464, -0.5623154044151306, 0.03249407932162285, -0.91693115234375], [0.05409080907702446, 0.021794894710183144, -0.9982981085777283, 1.494140625], [0.560650110244751, 0.8266357183456421, 0.04842487350106239, -1.2718505859375], [0.0, 0.0, 0.0, 1.0]], [[0.017453067004680634, -0.9997121095657349, -0.016463829204440117, 0.005859375], [0.05602302774786949, 0.017418259754776955, -0.9982775449752808, 1.4851932525634766], [0.998276948928833, 0.016500646248459816, 0.056310903280973434, -1.6454086303710938], [0.0, 0.0, 0.0, 1.0]], [[-0.8394529223442078, -0.540280818939209, -0.05844142660498619, 1.0316162109375], [0.06402038782835007, 0.008472141809761524, -0.997912585735321, 1.4975509643554688], [0.5396481156349182, -0.8414421677589417, 0.027477022260427475, -1.240478515625], [0.0, 0.0, 0.0, 1.0]], [[0.9467539191246033, 0.31899064779281616, 0.04361240193247795, -1.14019775390625], [0.0384029857814312, 0.022605372592806816, -0.9990066289901733, 1.5621910095214844], [-0.31965965032577515, 0.9474882483482361, 0.00915153231471777, -0.1573486328125], [0.0, 0.0, 0.0, 1.0]], [[0.00640613678842783, 0.9998566508293152, 0.01567257009446621, -0.028564453125], [0.040573470294475555, 0.015400092117488384, -0.9990578293800354, 1.5692195892333984], [-0.9991560578346252, 0.007035998627543449, -0.040469005703926086, 0.01583576202392578], [0.0, 0.0, 0.0, 1.0]], [[-0.9240893721580505, 0.37960579991340637, -0.044252410531044006, 1.11358642578125], [0.044978998601436615, -0.00695967860519886, -0.9989637136459351, 1.5501060485839844], [-0.37952032685279846, -0.925122082233429, -0.010642923414707184, -0.0634765625], [0.0, 0.0, 0.0, 1.0]]], "view": [[0.0, -2.0, 100.0], [-2.0, 0.0, 100.0], [0.0, 0.0, 1.0]], "bev": "bev_36b6aa58462449b1b9285954cede8f22.png", "aux": "aux_36b6aa58462449b1b9285954cede8f22.npz", "visibility": "visibility_36b6aa58462449b1b9285954cede8f22.png", "pose": [[0.9649116396903992, 0.26257479190826416, 0.0, 465.76275634765625], [-0.26257479190826416, 0.9649116396903992, 0.0, 1719.2655029296875], [0.0, 0.0, 1.0, 0.0], [0.0, 0.0, 0.0, 1.0]], "pose_inverse": [[0.9649116396903992, -0.26257479190826416, 0.0, 2.0158603191375732], [0.26257479190826416, 0.9649116396903992, 0.0, -1781.23681640625], [0.0, 0.0, 1.0, 0.0], [0.0, 0.0, 0.0, 1.0]], "cam_ids": [0, 1, 2, 3, 4, 5], "cam_channels": ["CAM_FRONT_LEFT", "CAM_FRONT", "CAM_FRONT_RIGHT", "CAM_BACK_LEFT", "CAM_BACK", "CAM_BACK_RIGHT"], "token": "36b6aa58462449b1b9285954cede8f22", "scene": "scene-0250"}, {"images": ["samples/CAM_FRONT_LEFT/n008-2018-08-21-11-53-44-0400__CAM_FRONT_LEFT__1534867372404799.jpg", "samples/CAM_FRONT/n008-2018-08-21-11-53-44-0400__CAM_FRONT__1534867372412404.jpg", "samples/CAM_FRONT_RIGHT/n008-2018-08-21-11-53-44-0400__CAM_FRONT_RIGHT__1534867372420482.jpg", "samples/CAM_BACK_LEFT/n008-2018-08-21-11-53-44-0400__CAM_BACK_LEFT__1534867372447405.jpg", "samples/CAM_BACK/n008-2018-08-21-11-53-44-0400__CAM_BACK__1534867372437558.jpg", "samples/CAM_BACK_RIGHT/n008-2018-08-21-11-53-44-0400__CAM_BACK_RIGHT__1534867372428113.jpg"], "intrinsics": [[[1257.8625342125129, 0.0, 827.2410631095686], [0.0, 1257.8625342125129, 450.915498205774], [0.0, 0.0, 1.0]], [[1252.8131021185304, 0.0, 826.588114781398], [0.0, 1252.8131021185304, 469.9846626224581], [0.0, 0.0, 1.0]], [[1256.7485116440405, 0.0, 817.7887570959712], [0.0, 1256.7485116440403, 451.9541780095127], [0.0, 0.0, 1.0]], [[1254.9860565800168, 0.0, 829.5769333630991], [0.0, 1254.9860565800168, 467.1680561863987], [0.0, 0.0, 1.0]], [[796.8910634503094, 0.0, 857.7774326863696], [0.0, 796.8910634503094, 476.8848988407415], [0.0, 0.0, 1.0]], [[1249.9629280788233, 0.0, 825.3768045375984], [0.0, 1249.9629280788233, 462.54816385708756], [0.0, 0.0, 1.0]]], "extrinsics": [[[0.8265160918235779, -0.5622637867927551, 0.027027877047657967, -0.89404296875], [0.044734738767147064, 0.017745094373822212, -0.9988412857055664, 1.4943809509277344], [0.5611326694488525, 0.8267675638198853, 0.039819326251745224, -1.256103515625], [0.0, 0.0, 0.0, 1.0]], [[0.017238067463040352, -0.9997717142105103, -0.012626630254089832, 0.005859375], [0.04649319499731064, 0.013416354544460773, -0.9988285303115845, 1.485403060913086], [0.9987698197364807, 0.016630804166197777, 0.046713847666978836, -1.6225509643554688], [0.0, 0.0, 0.0, 1.0]], [[-0.840007483959198, -0.5404353141784668, -0.048135679215192795, 1.0164794921875], [0.054309017956256866, 0.004522587638348341, -0.9985138773918152, 1.4978339672088623], [0.5398498773574829, -0.8413735032081604, 0.02555149793624878, -1.231201171875], [0.0, 0.0, 0.0, 1.0]], [[0.9472076892852783, 0.3189769685268402, 0.03242333605885506, -1.141265869140625], [0.027882520109415054, 0.01879277639091015, -0.9994345307350159, 1.5621204376220703], [-0.3194059431552887, 0.9475761651992798, 0.008906782604753971, -0.1568603515625], [0.0, 0.0, 0.0, 1.0]], [[0.006662528496235609, 0.9999086856842041, 0.011761869303882122, -0.0283203125], [0.030399683862924576, 0.011554163880646229, -0.9994710087776184, 1.5691070556640625], [-0.9995155930519104, 0.0070165847428143024, -0.030319930985569954, 0.01007080078125], [0.0, 0.0, 0.0, 1.0]], [[-0.9244638085365295, 0.37951335310935974, -0.03655438497662544, 1.10174560546875], [0.03505554422736168, -0.010861747898161411, -0.9993263483047485, 1.5500450134277344], [-0.3796546757221222, -0.9251224994659424, -0.0032627545297145844, -0.068603515625], [0.0, 0.0, 0.0, 1.0]]], "view": [[0.0, -2.0, 100.0], [-2.0, 0.0, 100.0], [0.0, 0.0, 1.0]], "bev": "bev_69607df9625648c0ab5b2586c5ceca8b.png", "aux": "aux_69607df9625648c0ab5b2586c5ceca8b.npz", "visibility": "visibility_69607df9625648c0ab5b2586c5ceca8b.png", "pose": [[0.9390029311180115, 0.3439091742038727, 0.0, 467.0985412597656], [-0.3439091742038727, 0.9390029311180115, 0.0, 1718.8482666015625], [0.0, 0.0, 1.0, 0.0], [0.0, 0.0, 0.0, 1.0]], "pose_inverse": [[0.9390029311180115, -0.3439091742038727, 0.0, 152.52078247070312], [0.3439091742038727, 0.9390029311180115, 0.0, -1774.64306640625], [0.0, 0.0, 1.0, 0.0], [0.0, 0.0, 0.0, 1.0]], "cam_ids": [0, 1, 2, 3, 4, 5], "cam_channels": ["CAM_FRONT_LEFT", "CAM_FRONT", "CAM_FRONT_RIGHT", "CAM_BACK_LEFT", "CAM_BACK", "CAM_BACK_RIGHT"], "token": "69607df9625648c0ab5b2586c5ceca8b", "scene": "scene-0250"}, {"images": ["samples/CAM_FRONT_LEFT/n008-2018-08-21-11-53-44-0400__CAM_FRONT_LEFT__1534867372904799.jpg", "samples/CAM_FRONT/n008-2018-08-21-11-53-44-0400__CAM_FRONT__1534867372912404.jpg", "samples/CAM_FRONT_RIGHT/n008-2018-08-21-11-53-44-0400__CAM_FRONT_RIGHT__1534867372920482.jpg", "samples/CAM_BACK_LEFT/n008-2018-08-21-11-53-44-0400__CAM_BACK_LEFT__1534867372947405.jpg", "samples/CAM_BACK/n008-2018-08-21-11-53-44-0400__CAM_BACK__1534867372937558.jpg", "samples/CAM_BACK_RIGHT/n008-2018-08-21-11-53-44-0400__CAM_BACK_RIGHT__1534867372928113.jpg"], "intrinsics": [[[1257.8625342125129, 0.0, 827.2410631095686], [0.0, 1257.8625342125129, 450.915498205774], [0.0, 0.0, 1.0]], [[1252.8131021185304, 0.0, 826.588114781398], [0.0, 1252.8131021185304, 469.9846626224581], [0.0, 0.0, 1.0]], [[1256.7485116440405, 0.0, 817.7887570959712], [0.0, 1256.7485116440403, 451.9541780095127], [0.0, 0.0, 1.0]], [[1254.9860565800168, 0.0, 829.5769333630991], [0.0, 1254.9860565800168, 467.1680561863987], [0.0, 0.0, 1.0]], [[796.8910634503094, 0.0, 857.7774326863696], [0.0, 796.8910634503094, 476.8848988407415], [0.0, 0.0, 1.0]], [[1249.9629280788233, 0.0, 825.3768045375984], [0.0, 1249.9629280788233, 462.54816385708756], [0.0, 0.0, 1.0]]], "extrinsics": [[[0.8260905146598816, -0.5632907748222351, 0.016673622652888298, -0.8795166015625], [0.03391474485397339, 0.020160118117928505, -0.9992213845252991, 1.493478775024414], [0.5625160336494446, 0.8260127305984497, 0.03575794771313667, -1.2470703125], [0.0, 0.0, 0.0, 1.0]], [[0.01610604114830494, -0.9997518658638, -0.015384208410978317, 0.0068359375], [0.03579585626721382, 0.015952877700328827, -0.9992318153381348, 1.484670639038086], [0.9992293119430542, 0.015543010085821152, 0.0360439196228981, -1.60919189453125], [0.0, 0.0, 0.0, 1.0]], [[-0.8408939242362976, -0.5396673083305359, -0.04070032387971878, 1.0091552734375], [0.04374350979924202, 0.007183422800153494, -0.9990169405937195, 1.497301459312439], [0.5394291877746582, -0.8418477177619934, 0.017566446214914322, -1.225830078125], [0.0, 0.0, 0.0, 1.0]], [[0.9475152492523193, 0.3187979757785797, 0.024137791246175766, -1.1416015625], [0.018087172880768776, 0.021926630288362503, -0.9995959401130676, 1.562093734741211], [-0.31919845938682556, 0.9475690126419067, 0.015009662136435509, -0.1568603515625], [0.0, 0.0, 0.0, 1.0]], [[0.007134893909096718, 0.9998672008514404, 0.014652016572654247, -0.0284423828125], [0.020256442949175835, 0.014504867605865002, -0.9996895790100098, 1.5688114166259766], [-0.9997693300247192, 0.007429460063576698, -0.020150264725089073, 0.007415771484375], [0.0, 0.0, 0.0, 1.0]], [[-0.9245703220367432