[{"images": ["samples/CAM_FRONT_LEFT/n015-2018-11-21-19-11-29+0800__CAM_FRONT_LEFT__1542798931604844.jpg", "samples/CAM_FRONT/n015-2018-11-21-19-11-29+0800__CAM_FRONT__1542798931612460.jpg", "samples/CAM_FRONT_RIGHT/n015-2018-11-21-19-11-29+0800__CAM_FRONT_RIGHT__1542798931620339.jpg", "samples/CAM_BACK_LEFT/n015-2018-11-21-19-11-29+0800__CAM_BACK_LEFT__1542798931647423.jpg", "samples/CAM_BACK/n015-2018-11-21-19-11-29+0800__CAM_BACK__1542798931637525.jpg", "samples/CAM_BACK_RIGHT/n015-2018-11-21-19-11-29+0800__CAM_BACK_RIGHT__1542798931627893.jpg"], "intrinsics": [[[1272.5979470598488, 0.0, 826.6154927353808], [0.0, 1272.5979470598488, 479.75165386361925], [0.0, 0.0, 1.0]], [[1266.417203046554, 0.0, 816.2670197447984], [0.0, 1266.417203046554, 491.50706579294757], [0.0, 0.0, 1.0]], [[1260.8474446004698, 0.0, 807.968244525554], [0.0, 1260.8474446004698, 495.3344268742088], [0.0, 0.0, 1.0]], [[1256.7414812095406, 0.0, 792.1125740759628], [0.0, 1256.7414812095406, 492.7757465151356], [0.0, 0.0, 1.0]], [[809.2209905677063, 0.0, 829.2196003259838], [0.0, 809.2209905677063, 481.77842384512485], [0.0, 0.0, 1.0]], [[1259.5137405846733, 0.0, 807.2529053838625], [0.0, 1259.5137405846733, 501.19579884916527], [0.0, 0.0, 1.0]]], "extrinsics": [[[0.820927083492279, -0.5707046985626221, -0.019358757883310318, -0.624755859375], [-0.01766708493232727, 0.008501149713993073, -0.9998077750205994, 1.500946044921875], [0.5707595944404602, 0.8211113214492798, -0.0031038636807352304, -1.048583984375], [0.0, 0.0, 0.0, 1.0]], [[0.006151233799755573, -0.9999731779098511, -0.003961991984397173, 0.0107421875], [-0.023054014891386032, 0.0038192018400877714, -0.9997269511222839, 1.5127372741699219], [0.999715268611908, 0.006240929011255503, -0.023029906675219536, -1.354736328125], [0.0, 0.0, 0.0, 1.0]], [[-0.8327791690826416, -0.5535953044891357, 0.0033102338202297688, 0.81597900390625], [-0.01753019541501999, 0.020393501967191696, -0.9996382594108582, 1.4990158081054688], [0.5533275604248047, -0.8325360417366028, -0.026687918230891228, -1.102294921875], [0.0, 0.0, 0.0, 1.0]], [[0.9476357102394104, 0.31911203265190125, -0.012409435585141182, -1.141937255859375], [-0.009064442478120327, -0.011965226382017136, -0.9998872876167297, 1.5885505676269531], [-0.3192245364189148, 0.9476413726806641, -0.008446103893220425, -0.10400390625], [0.0, 0.0, 0.0, 1.0]], [[0.002171573229134083, 0.9999966621398926, -0.0014096646336838603, 0.002197265625], [-0.03442917391657829, -0.0013340674340724945, -0.9994062781333923, 1.5760650634765625], [-0.9994047284126282, 0.0022187759168446064, 0.03442616015672684, -0.09375], [0.0, 0.0, 0.0, 1.0]], [[-0.9349000453948975, 0.35484448075294495, 0.006862381007522345, 0.95947265625], [-0.0017350314883515239, 0.014765731059014797, -0.9998894929885864, 1.5510978698730469], [-0.35490667819976807, -0.934808611869812, -0.013188818469643593, -0.12890625], [0.0, 0.0, 0.0, 1.0]]], "view": [[0.0, -2.0, 100.0], [-2.0, 0.0, 100.0], [0.0, 0.0, 1.0]], "bev": "bev_507802a82db34871ab040432b856797e.png", "aux": "aux_507802a82db34871ab040432b856797e.npz", "visibility": "visibility_507802a82db34871ab040432b856797e.png", "pose": [[0.7773357629776001, 0.629085898399353, 0.0, 1220.7923583984375], [-0.629085898399353, 0.7773357629776001, 0.0, 2793.41748046875], [0.0, 0.0, 1.0, 0.0], [0.0, 0.0, 0.0, 1.0]], "pose_inverse": [[0.7773357629776001, -0.629085898399353, 0.0, 808.333984375], [0.629085898399353, 0.7773357629776001, 0.0, -2939.40673828125], [0.0, 0.0, 1.0, 0.0], [0.0, 0.0, 0.0, 1.0]], "cam_ids": [0, 1, 2, 3, 4, 5], "cam_channels": ["CAM_FRONT_LEFT", "CAM_FRONT", "CAM_FRONT_RIGHT", "CAM_BACK_LEFT", "CAM_BACK", "CAM_BACK_RIGHT"], "token": "507802a82db34871ab040432b856797e", "scene": "scene-1052"}, {"images": ["samples/CAM_FRONT_LEFT/n015-2018-11-21-19-11-29+0800__CAM_FRONT_LEFT__1542798932154844.jpg", "samples/CAM_FRONT/n015-2018-11-21-19-11-29+0800__CAM_FRONT__1542798932162460.jpg", "samples/CAM_FRONT_RIGHT/n015-2018-11-21-19-11-29+0800__CAM_FRONT_RIGHT__1542798932170339.jpg", "samples/CAM_BACK_LEFT/n015-2018-11-21-19-11-29+0800__CAM_BACK_LEFT__1542798932197423.jpg", "samples/CAM_BACK/n015-2018-11-21-19-11-29+0800__CAM_BACK__1542798932187525.jpg", "samples/CAM_BACK_RIGHT/n015-2018-11-21-19-11-29+0800__CAM_BACK_RIGHT__1542798932177893.jpg"], "intrinsics": [[[1272.5979470598488, 0.0, 826.6154927353808], [0.0, 1272.5979470598488, 479.75165386361925], [0.0, 0.0, 1.0]], [[1266.417203046554, 0.0, 816.2670197447984], [0.0, 1266.417203046554, 491.50706579294757], [0.0, 0.0, 1.0]], [[1260.8474446004698, 0.0, 807.968244525554], [0.0, 1260.8474446004698, 495.3344268742088], [0.0, 0.0, 1.0]], [[1256.7414812095406, 0.0, 792.1125740759628], [0.0, 1256.7414812095406, 492.7757465151356], [0.0, 0.0, 1.0]], [[809.2209905677063, 0.0, 829.2196003259838], [0.0, 809.2209905677063, 481.77842384512485], [0.0, 0.0, 1.0]], [[1259.5137405846733, 0.0, 807.2529053838625], [0.0, 1259.5137405846733, 501.19579884916527], [0.0, 0.0, 1.0]]], "extrinsics": [[[0.8206603527069092, -0.5714157819747925, 0.0007372555555775762, -0.629150390625], [-0.004082881845533848, -0.00715396786108613, -0.9999660849571228, 1.5066184997558594], [0.5714017152786255, 0.8206295371055603, -0.008204001002013683, -1.0516357421875], [0.0, 0.0, 0.0, 1.0]], [[0.005557308439165354, -0.9999228715896606, 0.011110165156424046, 0.010498046875], [-0.00927042867988348, -0.011161375790834427, -0.9998947978019714, 1.5174846649169922], [0.9999415278434753, 0.005453705787658691, -0.009331740438938141, -1.35931396484375], [0.0, 0.0, 0.0, 1.0]], [[-0.8330156207084656, -0.5532492399215698, -0.0004375869466457516, 0.81951904296875], [-0.003538240445777774, 0.00611837487667799, -0.9999749660491943, 1.502716064453125], [0.553238034248352, -0.8329933285713196, -0.007054230663925409, -1.10400390625], [0.0, 0.0, 0.0, 1.0]], [[0.9477793574333191, 0.31891682744026184, -0.00246889004483819, -1.14556884765625], [0.005417219828814268, -0.02383844554424286, -0.9997010827064514, 1.588531494140625], [-0.3188803791999817, 0.9474828839302063, -0.024321231991052628, -0.1025390625], [0.0, 0.0, 0.0, 1.0]], [[0.002455559093505144, 0.9998981952667236, -0.014056642539799213, 0.001953125], [-0.020095886662602425, -0.01400450337678194, -0.9996999502182007, 1.5775260925292969], [-0.9997950196266174, 0.002737273694947362, 0.02005944959819317, -0.0899658203125], [0.0, 0.0, 0.0, 1.0]], [[-0.9347789287567139, 0.3550533056259155, -0.011205604299902916, 0.963134765625], [0.012440023943781853, 0.0011940228287130594, -0.9999219179153442, 1.5537433624267578], [-0.3550121784210205, -0.9348453283309937, -0.005533019546419382, -0.127197265625], [0.0, 0.0, 0.0, 1.0]]], "view": [[0.0, -2.0, 100.0], [-2.0, 0.0, 100.0], [0.0, 0.0, 1.0]], "bev": "bev_39f46d22dbfa4008b5dfa19a1d939658.png", "aux": "aux_39f46d22dbfa4008b5dfa19a1d939658.npz", "visibility": "visibility_39f46d22dbfa4008b5dfa19a1d939658.png", "pose": [[0.7767167091369629, 0.6298500895500183, 0.0, 1224.8765869140625], [-0.6298500895500183, 0.7767167091369629, 0.0, 2790.053466796875], [0.0, 0.0, 1.0, 0.0], [0.0, 0.0, 0.0, 1.0]], "pose_inverse": [[0.7767167091369629, -0.6298500895500183, 0.0, 805.933349609375], [0.6298500895500183, 0.7767167091369629, 0.0, -2938.56982421875], [0.0, 0.0, 1.0, 0.0], [0.0, 0.0, 0.0, 1.0]], "cam_ids": [0, 1, 2, 3, 4, 5], "cam_channels": ["CAM_FRONT_LEFT", "CAM_FRONT", "CAM_FRONT_RIGHT", "CAM_BACK_LEFT", "CAM_BACK", "CAM_BACK_RIGHT"], "token": "39f46d22dbfa4008b5dfa19a1d939658", "scene": "scene-1052"}, {"images": ["samples/CAM_FRONT_LEFT/n015-2018-11-21-19-11-29+0800__CAM_FRONT_LEFT__1542798932654844.jpg", "samples/CAM_FRONT/n015-2018-11-21-19-11-29+0800__CAM_FRONT__1542798932662460.jpg", "samples/CAM_FRONT_RIGHT/n015-2018-11-21-19-11-29+0800__CAM_FRONT_RIGHT__1542798932670339.jpg", "samples/CAM_BACK_LEFT/n015-2018-11-21-19-11-29+0800__CAM_BACK_LEFT__1542798932697423.jpg", "samples/CAM_BACK/n015-2018-11-21-19-11-29+0800__CAM_BACK__1542798932687525.jpg", "samples/CAM_BACK_RIGHT/n015-2018-11-21-19-11-29+0800__CAM_BACK_RIGHT__1542798932677893.jpg"], "intrinsics": [[[1272.5979470598488, 0.0, 826.6154927353808], [0.0, 1272.5979470598488, 479.75165386361925], [0.0, 0.0, 1.0]], [[1266.417203046554, 0.0, 816.2670197447984], [0.0, 1266.417203046554, 491.50706579294757], [0.0, 0.0, 1.0]], [[1260.8474446004698, 0.0, 807.968244525554], [0.0, 1260.8474446004698, 495.3344268742088], [0.0, 0.0, 1.0]], [[1256.7414812095406, 0.0, 792.1125740759628], [0.0, 1256.7414812095406, 492.7757465151356], [0.0, 0.0, 1.0]], [[809.2209905677063, 0.0, 829.2196003259838], [0.0, 809.2209905677063, 481.77842384512485], [0.0, 0.0, 1.0]], [[1259.5137405846733, 0.0, 807.2529053838625], [0.0, 1259.5137405846733, 501.19579884916527], [0.0, 0.0, 1.0]]], "extrinsics": [[[0.8208953738212585, -0.5710785388946533, 0.0003825820458587259, -0.63330078125], [-0.004922016989439726, -0.007745042443275452, -0.9999579191207886, 1.5062885284423828], [0.5710574388504028, 0.820858895778656, -0.009168727323412895, -1.0528564453125], [0.0, 0.0, 0.0, 1.0]], [[0.005906220991164446, -0.9999150633811951, 0.011618239805102348, 0.009521484375], [-0.010402691550552845, -0.011679252609610558, -0.9998776912689209, 1.5171127319335938], [0.9999284148216248, 0.005784633103758097, -0.01047078799456358, -1.36126708984375], [0.0, 0.0, 0.0, 1.0]], [[-0.8328719735145569, -0.5534647703170776, 0.0009979087626561522, 0.8184814453125], [-0.004936151206493378, 0.005625111050903797, -0.9999719262123108, 1.5023632049560547], [0.5534436702728271, -0.8328535556793213, -0.0074169812723994255, -1.1044921875], [0.0, 0.0, 0.0, 1.0]], [[0.9477368593215942, 0.3190193474292755, -0.004629741422832012, -1.1376800537109375], [0.0034063321072608232, -0.02462739683687687, -0.9996908903121948, 1.5885696411132812], [-0.31903478503227234, 0.9474281668663025, -0.024426978081464767, -0.10546875], [0.0, 0.0, 0.0, 1.0]], [[0.0023281003814190626, 0.9998892545700073, -0.014697439968585968, 0.002197265625], [-0.021899232640862465, -0.014642978087067604, -0.9996529817581177, 1.5772209167480469], [-0.9997574687004089, 0.002649120520800352, 0.021862715482711792, -0.0960693359375], [0.0, 0.0, 0.0, 1.0]], [[-0.9348611831665039, 0.3548751175403595, -0.009908349253237247, 0.96044921875], [0.010844983160495758, 0.0006503353361040354, -0.9999409914016724, 1.5534844398498535], [-0.3548476994037628, -0.9349135756492615, -0.004456587601453066, -0.129150390625], [0.0, 0.0, 0.0, 1.0]]], "view": [[0.0, -2.0, 100.0], [-2.0, 0.0, 100.0], [0.0, 0.0, 1.0]], "bev": "bev_76756e097b784bdc83d453d956b360fe.png", "aux": "aux_76756e097b784bdc83d453d956b360fe.npz", "visibility": "visibility_76756e097b784bdc83d453d956b360fe.png", "pose": [[0.7768725752830505, 0.6296578645706177, 0.0, 1228.509521484375], [-0.6296578645706177, 0.7768725752830505, 0.0, 2787.070556640625], [0.0, 0.0, 1.0, 0.0], [0.0, 0.0, 0.0, 1.0]], "pose_inverse": [[0.7768725752830505, -0.6296578645706177, 0.0, 800.5054931640625], [0.6296578645706177, 0.7768725752830505, 0.0, -2938.7392578125], [0.0, 0.0, 1.0, 0.0], [0.0, 0.0, 0.0, 1.0]], "cam_ids": [0, 1, 2, 3, 4, 5], "cam_channels": ["CAM_FRONT_LEFT", "CAM_FRONT", "CAM_FRONT_RIGHT", "CAM_BACK_LEFT", "CAM_BACK", "CAM_BACK_RIGHT"], "token": "76756e097b784bdc83d453d956b360fe", "scene": "scene-1052"}, {"images": ["samples/CAM_FRONT_LEFT/n015-2018-11-21-19-11-29+0800__CAM_FRONT_LEFT__1542798933154844.jpg", "samples/CAM_FRONT/n015-2018-11-21-19-11-29+0800__CAM_FRONT__1542798933162460.jpg", "samples/CAM_FRONT_RIGHT/n015-2018-11-21-19-11-29+0800__CAM_FRONT_RIGHT__1542798933170339.jpg", "samples/CAM_BACK_LEFT/n015-2018-11-21-19-11-29+0800__CAM_BACK_LEFT__1542798933197423.jpg", "samples/CAM_BACK/n015-2018-11-21-19-11-29+0800__CAM_BACK__1542798933187525.jpg", "samples/CAM_BACK_RIGHT/n015-2018-11-21-19-11-29+0800__CAM_BACK_RIGHT__1542798933177893.jpg"], "intrinsics": [[[1272.5979470598488, 0.0, 826.6154927353808], [0.0, 1272.5979470598488, 479.75165386361925], [0.0, 0.0, 1.0]], [[1266.417203046554, 0.0, 816.2670197447984], [0.0, 1266.417203046554, 491.50706579294757], [0.0, 0.0, 1.0]], [[1260.8474446004698, 0.0, 807.968244525554], [0.0, 1260.8474446004698, 495.3344268742088], [0.0, 0.0, 1.0]], [[1256.7414812095406, 0.0, 792.1125740759628], [0.0, 1256.7414812095406, 492.7757465151356], [0.0, 0.0, 1.0]], [[809.2209905677063, 0.0, 829.2196003259838], [0.0, 809.2209905677063, 481.77842384512485], [0.0, 0.0, 1.0]], [[1259.5137405846733, 0.0, 807.2529053838625], [0.0, 1259.5137405846733, 501.19579884916527], [0.0, 0.0, 1.0]]], "extrinsics": [[[0.8210168480873108, -0.5708925127983093, 0.0036234885919839144, -0.64013671875], [-0.0008395262411795557, -0.007554221898317337, -0.9999710917472839, 1.507944107055664], [0.5709033012390137, 0.8209900856018066, -0.006681422237306833, -1.0584716796875], [0.0, 0.0, 0.0, 1.0]], [[0.006066908594220877, -0.9999146461486816, 0.011563167907297611, 0.010009765625], [-0.006098295096307993, -0.011600160971283913, -0.9999141693115234, 1.5185813903808594], [0.9999629855155945, 0.005995886866003275, -0.006168152671307325, -1.36676025390625], [0.0, 0.0, 0.0, 1.0]], [[-0.8327677845954895, -0.5536156892776489, -0.0027287860866636038, 0.8206787109375], [-0.0004647614841815084, 0.0056280577555298805, -0.9999840259552002, 1.5035123825073242], [0.5536222457885742, -0.8327532410621643, -0.004944164305925369, -1.10546875], [0.0, 0.0, 0.0, 1.0]], [[0.9477024674415588, 0.3191550672054291, -0.00019775032706093043, -1.1281585693359375], [0.008082577027380466, -0.024619881063699722, -0.9996641874313354, 1.5886917114257812], [-0.3190527856349945, 0.9473826289176941, -0.02591191790997982, -0.109375], [0.0, 0.0, 0.0, 1.0]], [[0.002283751731738448, 0.9998894929885864, -0.014689061790704727, 0.001953125], [-0.017247065901756287, -0.014647532254457474, -0.9997439980506897, 1.5776004791259766], [-0.9998486042022705, 0.0025364840403199196, 0.017211709171533585, -0.1007080078125], [0.0, 0.0, 0.0, 1.0]], [[-0.9348564743995667, 0.35474297404289246, -0.014169841073453426, 0.95947265625], [0.015403623692691326, 0.0006540490430779755, -0.9998811483383179, 1.5543508529663086], [-0.3546915352344513, -0.9349636435508728, -0.006075770128518343, -0.129150390625], [0.0, 0.0, 0.0, 1.0]]], "view": [[0.0, -2.0, 100.0], [-2.0, 0.0, 100.0], [0.0, 0.0, 1.0]], "bev": "bev_df5a37d6952649a1b4dcc51a401cb3ac.png", "aux": "aux_df5a37d6952649a1b4dcc51a401cb3ac.npz", "visibility": "visibility_df5a37d6952649a1b4dcc51a401cb3ac.png", "pose": [[0.7751057744026184, 0.6318314671516418, 0.0, 1232.0418701171875], [-0.6318314671516418, 0.7751057744026184, 0.0, 2784.153076171875], [0.0, 0.0, 1.0, 0.0], [0.0, 0.0, 0.0, 1.0]], "pose_inverse": [[0.7751057744026184, -0.6318314671516418, 0.0, 804.1527099609375], [0.6318314671516418, 0.7751057744026184, 0.0, -2936.4560546875], [0.0, 0.0, 1.0, 0.0], [0.0, 0.0, 0.0, 1.0]], "cam_ids": [0, 1, 2, 3, 4, 5], "cam_channels": ["CAM_FRONT_LEFT", "CAM_FRONT", "CAM_FRONT_RIGHT", "CAM_BACK_LEFT", "CAM_BACK", "CAM_BACK_RIGHT"], "token": "df5a37d6952649a1b4dcc51a401cb3ac", "scene": "scene-1052"}, {"images": ["samples/CAM_FRONT_LEFT/n015-2018-11-21-19-11-29+0800__CAM_FRONT_LEFT__1542798933654844.jpg", "samples/CAM_FRONT/n015-2018-11-21-19-11-29+0800__CAM_FRONT__1542798933662460.jpg", "samples/CAM_FRONT_RIGHT/n015-2018-11-21-19-11-29+0800__CAM_FRONT_RIGHT__1542798933670339.jpg", "samples/CAM_BACK_LEFT/n015-2018-11-21-19-11-29+0800__CAM_BACK_LEFT__1542798933697423.jpg", "samples/CAM_BACK/n015-2018-11-21-19-11-29+0800__CAM_BACK__1542798933687525.jpg", "samples/CAM_BACK_RIGHT/n015-2018-11-21-19-11-29+0800__CAM_BACK_RIGHT__1542798933677893.jpg"], "intrinsics": [[[1272.5979470598488, 0.0, 826.6154927353808], [0.0, 1272.5979470598488, 479.75165386361925], [0.0, 0.0, 1.0]], [[1266.417203046554, 0.0, 816.2670197447984], [0.0, 1266.417203046554, 491.50706579294757], [0.0, 0.0, 1.0]], [[1260.8474446004698, 0.0, 807.968244525554], [0.0, 1260.8474446004698, 495.3344268742088], [0.0, 0.0, 1.0]], [[1256.7414812095406, 0.0, 792.1125740759628], [0.0, 1256.7414812095406, 492.7757465151356], [0.0, 0.0, 1.0]], [[809.2209905677063, 0.0, 829.2196003259838], [0.0, 809.2209905677063, 481.77842384512485], [0.0, 0.0, 1.0]], [[1259.5137405846733, 0.0, 807.2529053838625], [0.0, 1259.5137405846733, 501.19579884916527], [0.0, 0.0, 1.0]]], "extrinsics": [[[0.820722758769989, -0.5713262557983398, 0.0006923479959368706, -0.652587890625], [-0.00452007120475173, -0.007704958785325289, -0.9999600648880005, 1.5065364837646484], [0.5713087320327759, 0.820686936378479, -0.00890607014298439, -1.0638427734375], [0.0, 0.0, 0.0, 1.0]], [[0.0056643360294401646, -0.9999188780784607, 0.01140664704144001, 0.007568359375], [-0.00984372477978468, -0.011462034657597542, -0.9998858571052551, 1.5174427032470703], [0.999935507774353, 0.005551403854042292, -0.009907850995659828, -1.3780517578125], [0.0, 0.0, 0.0, 1.0]], [[-0.8329696655273438, -0.5533185601234436, 0.00019295586389489472, 0.8272705078125], [-0.00424316106364131, 0.006038971245288849, -0.9999727606773376, 1.5025959014892578], [0.5533022880554199, -0.832947850227356, -0.007378099486231804, -1.111572265625], [0.0, 0.0, 0.0, 1.0]], [[0.9478117823600769, 0.3188138008117676, -0.0032665631733834743, -1.1302642822265625], [0.004453910049051046, -0.0234842412173748, -0.9997142553329468, 1.5886077880859375], [-0.31879934668540955, 0.9475263357162476, -0.023678608238697052, -0.107666015625], [0.0, 0.0, 0.0, 1.0]], [[0.002426545135676861, 0.999902069568634, -0.013789675198495388, 0.002685546875], [-0.020988892763853073, -0.013735752552747726, -0.9996853470802307, 1.5772933959960938], [-0.9997767806053162, 0.002715200884267688, 0.020953504368662834, -0.0966796875], [0.0, 0.0, 0.0, 1.0]], [[-0.9348084330558777, 0.3549994230270386, -0.010422470048069954, 0.96630859375], [0.011636783368885517, 0.001285650534555316, -0.9999314546585083, 1.553560733795166], [-0.3549617528915405, -0.9348656535148621, -0.005332889035344124, -0.127685546875], [0.0, 0.0, 0.0, 1.0]]], "view": [[0.0, -2.0, 100.0], [-2.0, 0.0, 100.0], [0.0, 0.0, 1.0]], "bev": "bev_35b37460ae7b47c3b86e0d6758070a87.png", "aux": "aux_35b37460ae7b47c3b86e0d6758070a87.npz", "visibility": "visibility_35b37460ae7b47c3b86e0d6758070a87.png", "pose": [[0.7743644714355469, 0.6327398419380188, 0.0, 1235.427978515625], [-0.6327398419380188, 0.7743644714355469, 0.0, 2781.360595703125], [0.0, 0.0, 1.0, 0.0], [0.0, 0.0, 0.0, 1.0]], "pose_inverse": [[0.7743644714355469, -0.6327398419380188, 0.0, 803.2061157226562], [0.6327398419380188, 0.7743644714355469, 0.0, -2935.4912109375], [0.0, 0.0, 1.0, 0.0], [0.0, 0.0, 0.0, 1.0]], "cam_ids": [0, 1, 2, 3, 4, 5], "cam_channels": ["CAM_FRONT_LEFT", "CAM_FRONT", "CAM_FRONT_RIGHT", "CAM_BACK_LEFT", "CAM_BACK", "CAM_BACK_RIGHT"], "token": "35b37460ae7b47c3b86e0d6758070a87", "scene": "scene-1052"}, {"images": ["samples/CAM_FRONT_LEFT/n015-2018-11-21-19-11-29+0800__CAM_FRONT_LEFT__1542798934154844.jpg", "samples/CAM_FRONT/n015-2018-11-21-19-11-29+0800__CAM_FRONT__1542798934162469.jpg", "samples/CAM_FRONT_RIGHT/n015-2018-11-21-19-11-29+0800__CAM_FRONT_RIGHT__1542798934170339.jpg", "samples/CAM_BACK_LEFT/n015-2018-11-21-19-11-29+0800__CAM_BACK_LEFT__1542798934197423.jpg", "samples/CAM_BACK/n015-2018-11-21-19-11-29+0800__CAM_BACK__1542798934187525.jpg", "samples/CAM_BACK_RIGHT/n015-2018-11-21-19-11-29+0800__CAM_BACK_RIGHT__1542798934177893.jpg"], "intrinsics": [[[1272.5979470598488, 0.0, 826.6154927353808], [0.0, 1272.5979470598488, 479.75165386361925], [0.0, 0.0, 1.0]], [[1266.417203046554, 0.0, 816.2670197447984], [0.0, 1266.417203046554, 491.50706579294757], [0.0, 0.0, 1.0]], [[1260.8474446004698, 0.0, 807.968244525554], [0.0, 1260.8474446004698, 495.3344268742088], [0.0, 0.0, 1.0]], [[1256.7414812095406, 0.0, 792.1125740759628], [0.0, 1256.7414812095406, 492.7757465151356], [0.0, 0.0, 1.0]], [[809.2209905677063, 0.0, 829.2196003259838], [0.0, 809.2209905677063, 481.77842384512485], [0.0, 0.0, 1.0]], [[1259.5137405846733, 0.0, 807.2529053838625], [0.0, 1259.5137405846733, 501.19579884916527], [0.0, 0.0, 1.0]]], "extrinsics": [[[0.8210258483886719, -0.5708876252174377, -0.001981577603146434, -0.656982421875], [0.0009329248568974435, 0.004812697414308786, -0.9999879598617554, 1.508589744567871], [0.5708903074264526, 0.8210141062736511, 0.004483944270759821, -1.0679931640625], [0.0, 0.0, 0.0, 1.0]], [[0.006076049990952015, -0.9999810457229614, -0.0009307001018896699, 0.00830078125], [-0.004261719062924385, 0.0009048141655512154, -0.9999905824661255, 1.519214153289795], [0.9999723434448242, 0.0060799457132816315, -0.0042561418376863, -1.38311767578125], [0.0, 0.0, 0.0, 1.0]], [[-0.8327425122261047, -0.5535444021224976, -0.01134088821709156, 0.83135986328125], [0.001498273923061788, 0.018230363726615906, -0.9998326897621155, 1.5039863586425781], [0.5536585450172424, -0.8326200842857361, -0.014351836405694485, -1.113525390625], [0.0, 0.0, 0.0, 1.0]], [[0.9477488398551941, 0.3189520239830017, 0.006461007986217737, -1.1307373046875], [0.010779534466564655, -0.011776399798691273, -0.9998725652694702, 1.5886878967285156], [-0.3188353478908539, 0.9476976990699768, -0.014599224552512169, -0.10791015625], [0.0, 0.0, 0.0, 1.0]], [[0.0023061728570610285, 0.9999955892562866, -0.0019109725253656507, 0.00244140625], [-0.014851906336843967, -0.0018765145214274526, -0.9998879432678223, 1.5779309272766113], [-0.9998870491981506, 0.002334332326427102, 0.014847511425614357, -0.09429931640625], [0.0, 0.0, 0.0, 1.0]], [[-0.9348375201225281, 0.35488349199295044, -0.0116813275963068, 0.9693603515625], [0.01754927635192871, 0.013320506550371647, -0.9997572898864746, 1.5545654296875], [-0.35464179515838623, -0.9348156452178955, -0.018680458888411522, -0.126220703125], [0.0, 0.0, 0.0, 1.0]]], "view": [[0.0, -2.0, 100.0], [-2.0, 0.0, 100.0], [0.0, 0.0, 1.0]], "bev": "bev_d7619f4f14374fe6b62673a068593c68.png", "aux": "aux_d7619f4f14374fe6b62673a068593c68.npz", "visibility": "visibility_d7619f4f14374fe6b62673a068593c68.png", "pose": [[0.7722523808479309, 0.6353158950805664, 0.0, 1238.692138671875], [-0.6353158950805664, 0.7722523808479309, 0.0, 2778.643310546875], [0.0, 0.0, 1.0, 0.0], [0.0, 0.0, 0.0, 1.0]], "pose_inverse": [[0.7722523808479309, -0.6353158950805664, 0.0, 808.7333374023438], [0.6353158950805664, 0.7722523808479309, 0.0, -2932.774658203125], [0.0, 0.0, 1.0, 0.0], [0.0, 0.0, 0.0, 1.0]], "cam_ids": [0, 1, 2, 3, 4, 5], "cam_channels": ["CAM_FRONT_LEFT", "CAM_FRONT", "CAM_FRONT_RIGHT", "CAM_BACK_LEFT", "CAM_BACK", "CAM_BACK_RIGHT"], "token": "d7619f4f14374fe6b62673a068593c68", "scene": "scene-1052"}, {"images": ["samples/CAM_FRONT_LEFT/n015-2018-11-21-19-11-29+0800__CAM_FRONT_LEFT__1542798934654844.jpg", "samples/CAM_FRONT/n015-2018-11-21-19-11-29+0800__CAM_FRONT__1542798934662460.jpg", "samples/CAM_FRONT_RIGHT/n015-2018-11-21-19-11-29+0800__CAM_FRONT_RIGHT__1542798934670339.jpg", "samples/CAM_BACK_LEFT/n015-2018-11-21-19-11-29+0800__CAM_BACK_LEFT__1542798934697423.jpg", "samples/CAM_BACK/n015-2018-11-21-19-11-29+0800__CAM_BACK__1542798934687525.jpg", "samples/CAM_BACK_RIGHT/n015-2018-11-21-19-11-29+0800__CAM_BACK_RIGHT__1542798934677893.jpg"], "intrinsics": [[[1272.5979470598488, 0.0, 826.6154927353808], [0.0, 1272.5979470598488, 479.75165386361925], [0.0, 0.0, 1.0]], [[1266.417203046554, 0.0, 816.2670197447984], [0.0, 1266.417203046554, 491.50706579294757], [0.0, 0.0, 1.0]], [[1260.8474446004698, 0.0, 807.968244525554], [0.0, 1260.8474446004698, 495.3344268742088], [0.0, 0.0, 1.0]], [[1256.7414812095406, 0.0, 792.1125740759628], [0.0, 1256.7414812095406, 492.7757465151356], [0.0, 0.0, 1.0]], [[809.2209905677063, 0.0, 829.2196003259838], [0.0, 809.2209905677063, 481.77842384512485], [0.0, 0.0, 1.0]], [[1259.5137405846733, 0.0, 807.2529053838625], [0.0, 1259.5137405846733, 501.19579884916527], [0.0, 0.0, 1.0]]], "extrinsics": [[[0.8210356831550598, -0.570875346660614, -0.00128797662910074, -0.67431640625], [-0.012256884016096592, -0.0153722008690238, -0.9998067617416382, 1.5040130615234375], [0.5707452893257141, 0.8208927512168884, -0.019618278369307518, -1.0838623046875], [0.0, 0.0, 0.0, 1.0]], [[0.006217353045940399, -0.9997859001159668, 0.019733218476176262, 0.010986328125], [-0.01793411560356617, -0.019841909408569336, -0.9996422529220581, 1.5153961181640625], [0.999819815158844, 0.005861226003617048, -0.018053637817502022, -1.40191650390625], [0.0, 0.0, 0.0, 1.0]], [[-0.832746148109436, -0.5535208582878113, 0.012186558917164803, 0.84381103515625], [-0.012665036134421825, -0.0029606253374367952, -0.9999154210090637, 1.5007636547088623], [0.5535100102424622, -0.8328300714492798, -0.004544910974800587, -1.119873046875], [0.0, 0.0, 0.0, 1.0]], [[0.9477075934410095, 0.31875020265579224, -0.015765782445669174, -1.127899169921875], [-0.005053373984992504, -0.0344066396355629, -0.9993950724601746, 1.5884857177734375], [-0.3190998136997223, 0.9472140669822693, -0.030996674671769142, -0.109130859375], [0.0, 0.0, 0.0, 1.0]], [[0.0021676712203770876, 0.9997082948684692, -0.02405364066362381, 0.00146484375], [-0.030098257586359978, -0.023977575823664665, -0.9992592930793762, 1.5765953063964844], [-0.9995445609092712, 0.0028899696189910173, 0.03003750368952751, -0.09100341796875], [0.0, 0.0, 0.0, 1.0]], [[-0.9349519610404968, 0.3547292947769165, -0.005641001742333174, 0.9776611328125], [0.0029045240953564644, -0.008246276527643204, -0.999961793422699, 1.5519599914550781], [-0.3547622561454773, -0.9349326491355896, 0.006679552141577005, -0.12158203125], [0.0, 0.0, 0.0, 1.0]]], "view": [[0.0, -2.0, 100.0], [-2.0, 0.0, 100.0], [0.0, 0.0, 1.0]], "bev": "bev_1f9b09df64a04b75a3b93b5a630b633c.png", "aux": "aux_1f9b09df64a04b75a3b93b5a630b633c.npz", "visibility": "visibility_1f9b09df64a04b75a3b93b5a630b633c.png", "pose": [[0.7697930335998535, 0.6382935643196106, 0.0, 1241.78857421875], [-0.6382935643196106, 0.7697930335998535, 0.0, 2776.0458984375], [0.0, 0.0, 1.0, 0.0], [0.0, 0.0, 0.0, 1.0]], "pose_inverse": [[0.7697930335998535, -0.6382935643196106, 0.0, 816.0120849609375], [0.6382935643196106, 0.7697930335998535, 0.0, -2929.6064453125], [0.0, 0.0, 1.0, 0.0], [0.0, 0.0, 0.0, 1.0]], "cam_ids": [0, 1, 2, 3, 4, 5], "cam_channels": ["CAM_FRONT_LEFT", "CAM_FRONT", "CAM_FRONT_RIGHT", "CAM_BACK_LEFT", "CAM_BACK", "CAM_BACK_RIGHT"], "token": "1f9b09df64a04b75a3b93b5a630b633c", "scene": "scene-1052"}, {"images": ["samples/CAM_FRONT_LEFT/n015-2018-11-21-19-11-29+0800__CAM_FRONT_LEFT__1542798935154844.jpg", "samples/CAM_FRONT/n015-2018-11-21-19-11-29+0800__CAM_FRONT__1542798935162460.jpg", "samples/CAM_FRONT_RIGHT/n015-2018-11-21-19-11-29+0800__CAM_FRONT_RIGHT__1542798935170339.jpg", "samples/CAM_BACK_LEFT/n015-2018-11-21-19-11-29+0800__CAM_BACK_LEFT__1542798935197423.jpg", "samples/CAM_BACK/n015-2018-11-21-19-11-29+0800__CAM_BACK__1542798935187525.jpg", "samples/CAM_BACK_RIGHT/n015-2018-11-21-19-11-29+0800__CAM_BACK_RIGHT__1542798935177893.jpg"], "intrinsics": [[[1272.5979470598488, 0.0, 826.6154927353808], [0.0, 1272.5979470598488, 479.75165386361925], [0.0, 0.0, 1.0]], [[1266.417203046554, 0.0, 816.2670197447984], [0.0, 1266.417203046554, 491.50706579294757], [0.0, 0.0, 1.0]], [[1260.8474446004698, 0.0, 807.968244525554], [0.0, 1260.8474446004698, 495.3344268742088], [0.0, 0.0, 1.0]], [[1256.7414812095406, 0.0, 792.1125740759628], [0.0, 1256.7414812095406, 492.7757465151356], [0.0, 0.0, 1.0]], [[809.2209905677063, 0.0, 829.2196003259838], [0.0, 809.2209905677063, 481.77842384512485], [0.0, 0.0, 1.0]], [[1259.5137405846733, 0.0, 807.2529053838625], [0.0, 1259.5137405846733, 501.19579884916527], [0.0, 0.0, 1.0]]], "extrinsics": [[[0.8205605149269104, -0.5715596675872803, -2.2782227460993454e-05, -0.681396484375], [-0.017552834004163742, -0.025159908458590508, -0.9995293617248535, 1.5022163391113281], [0.571290135383606, 0.8201746344566345, -0.03067771904170513, -1.0841064453125], [0.0, 0.0, 0.0, 1.0]], [[0.005628133658319712, -0.9995750188827515, 0.028602322563529015, 0.00732421875], [-0.021929781883955002, -0.02871927246451378, -0.999346911907196, 1.5142822265625], [0.999743640422821, 0.0049971891567111015, -0.022082097828388214, -1.40673828125], [0.0, 0.0, 0.0, 1.0]], [[-0.8330049514770508, -0.5529460310935974, 0.018799539655447006, 0.845947265625], [-0.015287088230252266, -0.010963080450892448, -0.9998229742050171, 1.5002250671386719], [0.5530542731285095, -0.8331449031829834, 0.0006793667562305927, -1.1240234375], [0.0, 0.0, 0.0, 1.0]], [[0.9477224946022034, 0.31872403621673584, -0.015398133546113968, -1.12939453125], [-0.003051815554499626, -0.039199911057949066, -0.9992266893386841, 1.588531494140625], [-0.3190811574459076, 0.947036623954773, -0.03617795184254646, -0.108642578125], [0.0, 0.0, 0.0, 1.0]], [[0.0023987803142517805, 0.9995445609092712, -0.03008304163813591, 0.00244140625], [-0.02975696697831154, -0.029998455196619034, -0.9991069436073303, 1.5766792297363281], [-0.9995542764663696, 0.0032918446231633425, 0.029671452939510345, -0.088623046875], [0.0, 0.0, 0.0, 1.0]], [[-0.9348172545433044, 0.3550603985786438, -0.006985823158174753, 0.9814453125], [0.0016167733119800687, -0.015415959060192108, -0.9998798966407776, 1.5517234802246094], [-0.35512545704841614, -0.9347162842750549, 0.013837051577866077, -0.122314453125], [0.0, 0.0, 0.0, 1.0]]], "view": [[0.0, -2.0, 100.0], [-2.0, 0.0, 100.0], [0.0, 0.0, 1.0]], "bev": "bev_8ef781396a05473d9be2cbd88319bf6e.png", "aux": "aux_8ef781396a05473d9be2cbd88319bf6e.npz", "visibility": "visibility_8ef781396a05473d9be2cbd88319bf6e.png", "pose": [[0.7691888809204102, 0.6390215158462524, 0.0, 1244.78955078125], [-0.6390215158462524, 0.7691888809204102, 0.0, 2773.537109375], [0.0, 0.0, 1.0, 0.0], [0.0, 0.0, 0.0, 1.0]], "pose_inverse": [[0.7691888809204102, -0.6390215158462524, 0.0, 814.8716430664062], [0.6390215158462524, 0.7691888809204102, 0.0, -2928.821044921875], [0.0, 0.0, 1.0, 0.0], [0.0, 0.0, 0.0, 1.0]], "cam_ids": [0, 1, 2, 3, 4, 5], "cam_channels": ["CAM_FRONT_LEFT", "CAM_FRONT", "CAM_FRONT_RIGHT", "CAM_BACK_LEFT", "CAM_BACK", "CAM_BACK_RIGHT"], "token": "8ef781396a05473d9be2cbd88319bf6e", "scene": "scene-1052"}, {"images": ["samples/CAM_FRONT_LEFT/n015-2018-11-21-19-11-29+0800__CAM_FRONT_LEFT__1542798935654844.jpg", "samples/CAM_FRONT/n015-2018-11-21-19-11-29+0800__CAM_FRONT__1542798935662460.jpg", "samples/CAM_FRONT_RIGHT/n015-2018-11-21-19-11-29+0800__CAM_FRONT_RIGHT__1542798935670339.jpg", "samples/CAM_BACK_LEFT/n015-2018-11-21-19-11-29+0800__CAM_BACK_LEFT__1542798935697423.jpg", "samples/CAM_BACK/n015-2018-11-21-19-11-29+0800__CAM_BACK__1542798935687525.jpg", "samples/CAM_BACK_RIGHT/n015-2018-11-21-19-11-29+0800__CAM_BACK_RIGHT__1542798935677893.jpg"], "intrinsics": [[[1272.5979470598488, 0.0, 826.6154927353808], [0.0, 1272.5979470598488, 479.75165386361925], [0.0, 0.0, 1.0]], [[1266.417203046554, 0.0, 816.2670197447984], [0.0, 1266.417203046554, 491.50706579294757], [0.0, 0.0, 1.0]], [[1260.8474446004698, 0.0, 807.968244525554], [0.0, 1260.8474446004698, 495.3344268742088], [0.0, 0.0, 1.0]], [[1256.7414812095406, 0.0, 792.1125740759628], [0.0, 1256.7414812095406, 492.7757465151356], [0.0, 0.0, 1.0]], [[809.2209905677063, 0.0, 829.2196003259838], [0.0, 809.2209905677063, 481.77842384512485], [0.0, 0.0, 1.0]], [[1259.5137405846733, 0.0, 807.2529053838625], [0.0, 1259.5137405846733, 501.19579884916527], [0.0, 0.0, 1.0]]], "extrinsics": [[[0.8205306529998779, -0.5715423226356506, -0.008305051364004612, -0.714111328125], [-0.011347565799951553, -0.0017610625363886356, -0.9999340772628784, 1.5048158168792725], [0.5714899301528931, 0.820570707321167, -0.007930618710815907, -1.1107177734375], [0.0, 0.0, 0.0, 1.0]], [[0.005484852008521557, -0.9999686479568481, 0.005697696935385466, 0.01025390625], [-0.01725260727107525, -0.005791562609374523, -0.999834418296814, 1.516235113143921], [0.9998360872268677, 0.005385583266615868, -0.017283834517002106, -1.44232177734375], [0.0, 0.0, 0.0, 1.0]], [[-0.833058774471283, -0.5531706809997559, 0.003908890765160322, 0.8709716796875], [-0.012273760512471199, 0.011418577283620834, -0.9998594522476196, 1.5012092590332031], [0.5530482530593872, -0.8329896330833435, -0.016301829367876053, -1.138427734375], [0.0, 0.0, 0.0, 1.0]], [[0.9477270841598511, 0.3188692331314087, -0.01164732500910759, -1.13433837890625], [-0.005866463296115398, -0.019083676859736443, -0.9998006224632263, 1.5885162353515625], [-0.3190279006958008, 0.9476065635681152, -0.016215484589338303, -0.10693359375], [0.0, 0.0, 0.0, 1.0]], [[0.002392846392467618, 0.9999557733535767, -0.009093345142900944, 0.00146484375], [-0.03044586256146431, -0.009016305208206177, -0.999495804309845, 1.5770487785339355], [-0.9995335340499878, 0.0026684754993766546, 0.030422940850257874, -0.07415771484375], [0.0, 0.0, 0.0, 1.0]], [[-0.9348064064979553, 0.35515719652175903, -0.0005210685776546597, 1.001953125], [0.0029791202396154404, 0.00637420080602169, -0.9999752640724182, 1.551863670349121], [-0.355145126581192, -0.9347848296165466, -0.007016701623797417, -0.112548828125], [0.0, 0.0, 0.0, 1.0]]], "view": [[0.0, -2.0, 100.0], [-2.0, 0.0, 100.0], [0.0, 0.0, 1.0]], "bev": "bev_7b5e338f40ff4d1fac2b19da9162dcdb.png", "aux": "aux_7b5e338f40ff4d1fac2b19da9162dcdb.npz", "visibility": "visibility_7b5e338f40ff4d1fac2b19da9162dcdb.png", "pose": [[0.7713559865951538, 0.6364039182662964, 0.0, 1247.6273193359375], [-0.6364039182662964, 0.7713559865951538, 0.0, 2771.16455078125], [0.0, 0.0, 1.0, 0.0], [0.0, 0.0, 0.0, 1.0]], "pose_inverse": [[0.7713559865951538, -0.6364039182662964, 0.0, 801.2152709960938], [0.6364039182662964, 0.7713559865951538, 0.0, -2931.54931640625], [0.0, 0.0, 1.0, 0.0], [0.0, 0.0, 0.0, 1.0]], "cam_ids": [0, 1, 2, 3, 4, 5], "cam_channels": ["CAM_FRONT_LEFT", "CAM_FRONT", "CAM_FRONT_RIGHT", "CAM_BACK_LEFT", "CAM_BACK", "CAM_BACK_RIGHT"], "token": "7b5e338f40ff4d1fac2b19da9162dcdb", "scene": "scene-1052"}, {"images": ["samples/CAM_FRONT_LEFT/n015-2018-11-21-19-11-29+0800__CAM_FRONT_LEFT__1542798936154844.jpg", "samples/CAM_FRONT/n015-2018-11-21-19-11-29+0800__CAM_FRONT__1542798936162460.jpg", "samples/CAM_FRONT_RIGHT/n015-2018-11-21-19-11-29+0800__CAM_FRONT_RIGHT__1542798936170339.jpg", "samples/CAM_BACK_LEFT/n015-2018-11-21-19-11-29+0800__CAM_BACK_LEFT__1542798936197423.jpg", "samples/CAM_BACK/n015-2018-11-21-19-11-29+0800__CAM_BACK__1542798936187525.jpg", "samples/CAM_BACK_RIGHT/n015-2018-11-21-19-11-29+0800__CAM_BACK_RIGHT__1542798936177988.jpg"], "intrinsics": [[[1272.5979470598488, 0.0, 826.6154927353808], [0.0, 1272.5979470598488, 479.75165386361925], [0.0, 0.0, 1.0]], [[1266.417203046554, 0.0, 816.2670197447984], [0.0, 1266.417203046554, 491.50706579294757], [0.0, 0.0, 1.0]], [[1260.8474446004698, 0.0, 807.968244525554], [0.0, 1260.8474446004698, 495.3344268742088], [0.0, 0.0, 1.0]], [[1256.7414812095406, 0.0, 792.1125740759628], [0.0, 1256.7414812095406, 492.7757465151356], [0.0, 0.0, 1.0]], [[809.2209905677063, 0.0, 829.2196003259838], [0.0, 809.2209905677063, 481.77842384512485], [0.0, 0.0, 1.0]], [[1259.5137405846733, 0.0, 807.2529053838625], [0.0, 1259.5137405846733, 501.19579884916527], [0.0, 0.0, 1.0]]], "extrinsics": [[[0.8205410242080688, -0.5714095830917358, -0.014263622462749481, -0.740234375], [-0.02456183172762394, -0.010317353531718254, -0.9996451139450073, 1.5015602111816406], [0.5710595846176147, 0.820600152015686, -0.02250068075954914, -1.1258544921875], [0.0, 0.0, 0.0, 1.0]], [[0.00589407654479146, -0.999879002571106, 0.014396023005247116, 0.007568359375], [-0.029829280450940132, -0.014565668068826199, -0.9994488954544067, 1.513845443725586], [0.9995375871658325, 0.005461447406560183, -0.029911523684859276, -1.46746826171875], [0.0, 0.0, 0.0, 1.0]], [[-0.8327817320823669, -0.5532808303833008, 0.01883555017411709, 0.88671875], [-0.024240542203187943, 0.002452871296554804, -0.9997031092643738, 1.4993877410888672], [0.5530704259872437, -0.8329911828041077, -0.01545453630387783, -1.151123046875], [0.0, 0.0, 0.0, 1.0]], [[0.9474906921386719, 0.31886568665504456, -0.024206608533859253, -1.136993408203125], [-0.01584843546152115, -0.02878105826675892, -0.9994601011276245, 1.588470458984375], [-0.3193901479244232, 0.9473628401756287, -0.02221626602113247, -0.10546875], [0.0, 0.0, 0.0, 1.0]], [[0.0020926466677337885, 0.9998275637626648, -0.018454091623425484, 0.00244140625], [-0.0411541685461998, -0.018352391198277473, -0.9989842176437378, 1.5765800476074219], [-0.9991506338119507, 0.0028499863110482693, 0.041108667850494385, -0.06573486328125], [0.0, 0.0, 0.0, 1.0]], [[-0.934842050075531, 0.3549968898296356, 0.006899912841618061, 1.016845703125], [-0.008428326807916164, -0.0027592163532972336, -0.9999606609344482, 1.5503793954849243], [-0.35496386885643005, -0.9348634481430054, 0.0055714622139930725, -0.1083984375], [0.0, 0.0, 0.0, 1.0]]], "view": [[0.0, -2.0, 100.0], [-2.0, 0.0, 100.0], [0.0, 0.0, 1.0]], "bev": "bev_b6b8fcd9e6714d41b13b967d880bb8cf.png", "aux": "aux_b6b8fcd9e6714d41b13b967d880bb8cf.npz", "visibility": "visibility_b6b8fcd9e6714d41b13b967d880bb8cf.png", "pose": [[0.773254930973053, 0.6340952515602112, 0.0, 1250.1427001953125], [-0.6340952515602112, 0.773254930973053, 0.0, 2769.052490234375], [0.0, 0.0, 1.0, 0.0], [0.0, 0.0, 0.0, 1.0]], "pose_inverse": [[0.773254930973053, -0.6340952515602112, 0.0, 789.1640014648438], [0.6340952515602112, 0.773254930973053, 0.0, -2933.89306640625], [0.0, 0.0, 1.0, 0.0], [0.0, 0.0, 0.0, 1.0]], "cam_ids": [0, 1, 2, 3, 4, 5], "cam_channels": ["CAM_FRONT_LEFT", "CAM_FRONT", "CAM_FRONT_RIGHT", "CAM_BACK_LEFT", "CAM_BACK", "CAM_BACK_RIGHT"], "token": "b6b8fcd9e6714d41b13b967d880bb8cf", "scene": "scene-1052"}, {"images": ["samples/CAM_FRONT_LEFT/n015-2018-11-21-19-11-29+0800__CAM_FRONT_LEFT__1542798936654844.jpg", "samples/CAM_FRONT/n015-2018-11-21-19-11-29+0800__CAM_FRONT__1542798936662460.jpg", "samples/CAM_FRONT_RIGHT/n015-2018-11-21-19-11-29+0800__CAM_FRONT_RIGHT__1542798936670339.jpg", "samples/CAM_BACK_LEFT/n015-2018-11-21-19-11-29+0800__CAM_BACK_LEFT__1542798936697423.jpg", "samples/CAM_BACK/n015-2018-11-21-19-11-29+0800__CAM_BACK__1542798936687525.jpg", "samples/CAM_BACK_RIGHT/n015-2018-11-21-19-11-29+0800__CAM_BACK_RIGHT__1542798936677893.jpg"], "intrinsics": [[[1272.5979470598488, 0.0, 826.6154927353808], [0.0, 1272.5979470598488, 479.75165386361925], [0.0, 0.0, 1.0]], [[1266.417203046554, 0.0, 816.2670197447984], [0.0, 1266.417203046554, 491.50706579294757], [0.0, 0.0, 1.0]], [[1260.8474446004698, 0.0, 807.968244525554], [0.0, 1260.8474446004698, 495.3344268742088], [0.0, 0.0, 1.0]], [[1256.7414812095406, 0.0, 792.1125740759628], [0.0, 1256.7414812095406, 492.7757465151356], [0.0, 0.0, 1.0]], [[809.2209905677063, 0.0, 829.2196003259838], [0.0, 809.2209905677063, 481.77842384512485], [0.0, 0.0, 1.0]], [[1259.5137405846733, 0.0, 807.2529053838625], [0.0, 1259.5137405846733, 501.19579884916527], [0.0, 0.0, 1.0]]], "extrinsics": [[[0.8208590745925903, -0.571125864982605, -0.002349130343645811, -0.78662109375], [-0.021982552483677864, -0.027484141290187836, -0.9993804693222046, 1.5035438537597656], [0.5707074403762817, 0.8204022645950317, -0.03511541336774826, -1.158203125], [0.0, 0.0, 0.0, 1.0]], [[0.006190551910549402, -0.9994903206825256, 0.03131818398833275, 0.007568359375], [-0.02677346207201481, -0.031473223119974136, -0.9991459250450134, 1.5158004760742188], [0.9996222853660583, 0.005346706602722406, -0.0269546490162611, -1.51416015625], [0.0, 0.0, 0.0, 1.0]], [[-0.8327213525772095, -0.5531266331672668, 0.025023112073540688, 0.9171142578125], [-0.020589858293533325, -0.014227594248950481, -0.9996867179870605, 1.500802993774414], [0.5533093810081482, -0.8329757452011108, 0.0004588235169649124, -1.171142578125], [0.0, 0.0, 0.0, 1.0]], [[0.9476252794265747, 0.3185313642024994, -0.02332472614943981, -1.139007568359375], [-0.0095592699944973, -0.04471059888601303, -0.9989542365074158, 1.5885391235351562], [-0.3192410469055176, 0.9468573331832886, -0.039323970675468445, -0.10498046875], [0.0, 0.0, 0.0, 1.0]], [[0.00213932734914124, 0.9993956685066223, -0.03469398617744446, 0.00244140625], [-0.035912539809942245, -0.03459490090608597, -0.998755931854248, 1.5774688720703125], [-0.99935257