[{"images": ["samples/CAM_FRONT_LEFT/n008-2018-09-18-14-43-59-0400__CAM_FRONT_LEFT__1537296504254799.jpg", "samples/CAM_FRONT/n008-2018-09-18-14-43-59-0400__CAM_FRONT__1537296504262404.jpg", "samples/CAM_FRONT_RIGHT/n008-2018-09-18-14-43-59-0400__CAM_FRONT_RIGHT__1537296504270482.jpg", "samples/CAM_BACK_LEFT/n008-2018-09-18-14-43-59-0400__CAM_BACK_LEFT__1537296504297405.jpg", "samples/CAM_BACK/n008-2018-09-18-14-43-59-0400__CAM_BACK__1537296504287558.jpg", "samples/CAM_BACK_RIGHT/n008-2018-09-18-14-43-59-0400__CAM_BACK_RIGHT__1537296504278113.jpg"], "intrinsics": [[[1257.8625342125129, 0.0, 827.2410631095686], [0.0, 1257.8625342125129, 450.915498205774], [0.0, 0.0, 1.0]], [[1252.8131021185304, 0.0, 826.588114781398], [0.0, 1252.8131021185304, 469.9846626224581], [0.0, 0.0, 1.0]], [[1256.7485116440405, 0.0, 817.7887570959712], [0.0, 1256.7485116440403, 451.9541780095127], [0.0, 0.0, 1.0]], [[1254.9860565800168, 0.0, 829.5769333630991], [0.0, 1254.9860565800168, 467.1680561863987], [0.0, 0.0, 1.0]], [[796.8910634503094, 0.0, 857.7774326863696], [0.0, 796.8910634503094, 476.8848988407415], [0.0, 0.0, 1.0]], [[1249.9629280788233, 0.0, 825.3768045375984], [0.0, 1249.9629280788233, 462.54816385708756], [0.0, 0.0, 1.0]]], "extrinsics": [[[0.8215363621711731, -0.5700817704200745, -0.00921937357634306, -0.77813720703125], [-0.005596076138317585, 0.008106816560029984, -0.9999514818191528, 1.4867372512817383], [0.5701287984848022, 0.8215480446815491, 0.003469823393970728, -1.17919921875], [0.0, 0.0, 0.0, 1.0]], [[0.00878692977130413, -0.9999532103538513, -0.00404148967936635, 0.009521484375], [-0.003556305542588234, 0.004010370001196861, -0.9999856352806091, 1.4793486595153809], [0.9999551177024841, 0.008801177144050598, -0.0035209001507610083, -1.5071640014648438], [0.0, 0.0, 0.0, 1.0]], [[-0.8446568846702576, -0.5353062152862549, -0.0013773327227681875, 0.941619873046875], [0.004579695872962475, -0.004653352312743664, -0.9999786615371704, 1.4938926696777344], [0.5352884531021118, -0.8446452617645264, 0.00638202577829361, -1.18109130859375], [0.0, 0.0, 0.0, 1.0]], [[0.9477869272232056, 0.3184976577758789, -0.01609751023352146, -1.134246826171875], [-0.02059265971183777, 0.010751375928521156, -0.9997301697731018, 1.5618314743041992], [-0.3182387053966522, 0.9478626251220703, 0.016748730093240738, -0.159423828125], [0.0, 0.0, 0.0, 1.0]], [[0.009726048447191715, 0.9999483823776245, 0.0029491910245269537, -0.0289306640625], [-0.018485866487026215, 0.0031286294106394053, -0.9998242259025574, 1.5667381286621094], [-0.9997817873954773, 0.009669779799878597, 0.018515340983867645, -0.027099609375], [0.0, 0.0, 0.0, 1.0]], [[-0.9234120845794678, 0.383767306804657, 0.005725783295929432, 1.04010009765625], [-0.014367753639817238, -0.019655846059322357, -0.999703586101532, 1.5459671020507812], [-0.3835409879684448, -0.9232206344604492, 0.0236643198877573, -0.09246826171875], [0.0, 0.0, 0.0, 1.0]]], "view": [[0.0, -2.0, 100.0], [-2.0, 0.0, 100.0], [0.0, 0.0, 1.0]], "bev": "bev_d1dde6274f424e09b54d09ee4c594c0b.png", "aux": "aux_d1dde6274f424e09b54d09ee4c594c0b.npz", "visibility": "visibility_d1dde6274f424e09b54d09ee4c594c0b.png", "pose": [[-0.7564244270324707, -0.6540811061859131, 0.0, 544.9720458984375], [0.6540811061859131, -0.7564244270324707, 0.0, 756.0247802734375], [0.0, 0.0, 1.0, 0.0], [0.0, 0.0, 0.0, 1.0]], "pose_inverse": [[-0.7564244270324707, 0.6540811061859131, 0.0, -82.2713623046875], [-0.6540811061859131, -0.7564244270324707, 0.0, 928.33154296875], [0.0, 0.0, 1.0, 0.0], [0.0, 0.0, 0.0, 1.0]], "cam_ids": [0, 1, 2, 3, 4, 5], "cam_channels": ["CAM_FRONT_LEFT", "CAM_FRONT", "CAM_FRONT_RIGHT", "CAM_BACK_LEFT", "CAM_BACK", "CAM_BACK_RIGHT"], "token": "d1dde6274f424e09b54d09ee4c594c0b", "scene": "scene-0648"}, {"images": ["samples/CAM_FRONT_LEFT/n008-2018-09-18-14-43-59-0400__CAM_FRONT_LEFT__1537296504754807.jpg", "samples/CAM_FRONT/n008-2018-09-18-14-43-59-0400__CAM_FRONT__1537296504762404.jpg", "samples/CAM_FRONT_RIGHT/n008-2018-09-18-14-43-59-0400__CAM_FRONT_RIGHT__1537296504770482.jpg", "samples/CAM_BACK_LEFT/n008-2018-09-18-14-43-59-0400__CAM_BACK_LEFT__1537296504797419.jpg", "samples/CAM_BACK/n008-2018-09-18-14-43-59-0400__CAM_BACK__1537296504787558.jpg", "samples/CAM_BACK_RIGHT/n008-2018-09-18-14-43-59-0400__CAM_BACK_RIGHT__1537296504778113.jpg"], "intrinsics": [[[1257.8625342125129, 0.0, 827.2410631095686], [0.0, 1257.8625342125129, 450.915498205774], [0.0, 0.0, 1.0]], [[1252.8131021185304, 0.0, 826.588114781398], [0.0, 1252.8131021185304, 469.9846626224581], [0.0, 0.0, 1.0]], [[1256.7485116440405, 0.0, 817.7887570959712], [0.0, 1256.7485116440403, 451.9541780095127], [0.0, 0.0, 1.0]], [[1254.9860565800168, 0.0, 829.5769333630991], [0.0, 1254.9860565800168, 467.1680561863987], [0.0, 0.0, 1.0]], [[796.8910634503094, 0.0, 857.7774326863696], [0.0, 796.8910634503094, 476.8848988407415], [0.0, 0.0, 1.0]], [[1249.9629280788233, 0.0, 825.3768045375984], [0.0, 1249.9629280788233, 462.54816385708756], [0.0, 0.0, 1.0]]], "extrinsics": [[[0.8219481706619263, -0.5695425868034363, -0.004747145809233189, -0.772216796875], [-0.0012906949268653989, 0.006472137290984392, -0.999978244304657, 1.4879059791564941], [0.5695609450340271, 0.821936309337616, 0.004584655165672302, -1.177001953125], [0.0, 0.0, 0.0, 1.0]], [[0.009396214969456196, -0.9999531507492065, -0.002328685484826565, 0.01104736328125], [0.0007197119412012398, 0.0023355495650321245, -0.9999970197677612, 1.4803245067596436], [0.9999555945396423, 0.009394504129886627, 0.0007416240405291319, -1.5036468505859375], [0.0, 0.0, 0.0, 1.0]], [[-0.8443939089775085, -0.5357080101966858, -0.003980407956987619, 0.94073486328125], [0.008780776523053646, -0.006410697009414434, -0.9999408721923828, 1.4946627616882324], [0.5356508493423462, -0.8443790674209595, 0.010117086581885815, -1.17919921875], [0.0, 0.0, 0.0, 1.0]], [[0.9478331804275513, 0.3184995651245117, -0.0130500178784132, -1.1376953125], [-0.01660989783704281, 0.008463624864816666, -0.999826192855835, 1.5619335174560547], [-0.31833380460739136, 0.9478852152824402, 0.013312350027263165, -0.15814208984375], [0.0, 0.0, 0.0, 1.0]], [[0.009520374238491058, 0.9999542236328125, 0.0009326323634013534, -0.02923583984375], [-0.014459692873060703, 0.0010702450526878238, -0.9998948574066162, 1.5670526027679443], [-0.9998500943183899, 0.009505837224423885, 0.014469221234321594, -0.025421142578125], [0.0, 0.0, 0.0, 1.0]], [[-0.9235613346099854, 0.3834488093852997, 0.0012143469648435712, 1.03973388671875], [-0.01025607530027628, -0.021536413580179214, -0.9997154474258423, 1.5465202331542969], [-0.38331350684165955, -0.9233109354972839, 0.023822879418730736, -0.09185791015625], [0.0, 0.0, 0.0, 1.0]]], "view": [[0.0, -2.0, 100.0], [-2.0, 0.0, 100.0], [0.0, 0.0, 1.0]], "bev": "bev_116bc64ad4f84b9da02c2997d71d869e.png", "aux": "aux_116bc64ad4f84b9da02c2997d71d869e.npz", "visibility": "visibility_116bc64ad4f84b9da02c2997d71d869e.png", "pose": [[-0.7649503946304321, -0.6440892219543457, 0.0, 542.5887451171875], [0.6440892219543457, -0.7649503946304321, 0.0, 758.1114501953125], [0.0, 0.0, 1.0, 0.0], [0.0, 0.0, 0.0, 1.0]], "pose_inverse": [[-0.7649503946304321, 0.6440892219543457, 0.0, -73.23796081542969], [-0.6440892219543457, -0.7649503946304321, 0.0, 929.3931884765625], [0.0, 0.0, 1.0, 0.0], [0.0, 0.0, 0.0, 1.0]], "cam_ids": [0, 1, 2, 3, 4, 5], "cam_channels": ["CAM_FRONT_LEFT", "CAM_FRONT", "CAM_FRONT_RIGHT", "CAM_BACK_LEFT", "CAM_BACK", "CAM_BACK_RIGHT"], "token": "116bc64ad4f84b9da02c2997d71d869e", "scene": "scene-0648"}, {"images": ["samples/CAM_FRONT_LEFT/n008-2018-09-18-14-43-59-0400__CAM_FRONT_LEFT__1537296505254799.jpg", "samples/CAM_FRONT/n008-2018-09-18-14-43-59-0400__CAM_FRONT__1537296505262404.jpg", "samples/CAM_FRONT_RIGHT/n008-2018-09-18-14-43-59-0400__CAM_FRONT_RIGHT__1537296505270482.jpg", "samples/CAM_BACK_LEFT/n008-2018-09-18-14-43-59-0400__CAM_BACK_LEFT__1537296505297405.jpg", "samples/CAM_BACK/n008-2018-09-18-14-43-59-0400__CAM_BACK__1537296505287558.jpg", "samples/CAM_BACK_RIGHT/n008-2018-09-18-14-43-59-0400__CAM_BACK_RIGHT__1537296505278113.jpg"], "intrinsics": [[[1257.8625342125129, 0.0, 827.2410631095686], [0.0, 1257.8625342125129, 450.915498205774], [0.0, 0.0, 1.0]], [[1252.8131021185304, 0.0, 826.588114781398], [0.0, 1252.8131021185304, 469.9846626224581], [0.0, 0.0, 1.0]], [[1256.7485116440405, 0.0, 817.7887570959712], [0.0, 1256.7485116440403, 451.9541780095127], [0.0, 0.0, 1.0]], [[1254.9860565800168, 0.0, 829.5769333630991], [0.0, 1254.9860565800168, 467.1680561863987], [0.0, 0.0, 1.0]], [[796.8910634503094, 0.0, 857.7774326863696], [0.0, 796.8910634503094, 476.8848988407415], [0.0, 0.0, 1.0]], [[1249.9629280788233, 0.0, 825.3768045375984], [0.0, 1249.9629280788233, 462.54816385708756], [0.0, 0.0, 1.0]]], "extrinsics": [[[0.82203608751297, -0.5692195892333984, -0.01567573845386505, -0.79278564453125], [-0.01445082388818264, 0.006666415836662054, -0.9998733401298523, 1.48457670211792], [0.5692518949508667, 0.8221585154533386, -0.0027456581592559814, -1.19097900390625], [0.0, 0.0, 0.0, 1.0]], [[0.009667826816439629, -0.999949038028717, -0.0029099325183779, 0.010498046875], [-0.0130376685410738, 0.0027837702073156834, -0.9999111294746399, 1.4774103164672852], [0.9998683333396912, 0.009704961441457272, -0.01301009301096201, -1.5241050720214844], [0.0, 0.0, 0.0, 1.0]], [[-0.8442357778549194, -0.5359169244766235, 0.007682221941649914, 0.954193115234375], [-0.0055495453998446465, -0.005592017434537411, -0.999968945980072, 1.492180347442627], [0.5359432697296143, -0.8442522287368774, 0.0017468855949118733, -1.18798828125], [0.0, 0.0, 0.0, 1.0]], [[0.9475017189979553, 0.31857049465179443, -0.02744581550359726, -1.1387176513671875], [-0.032459139823913574, 0.010437990538775921, -0.9994185566902161, 1.5618600845336914], [-0.318098783493042, 0.9478417038917542, 0.02023053541779518, -0.1580810546875], [0.0, 0.0, 0.0, 1.0]], [[0.009434343315660954, 0.9999526143074036, 0.002381980186328292, -0.0291748046875], [-0.029765034094452858, 0.0026618565898388624, -0.9995533227920532, 1.5661797523498535], [-0.9995123744010925, 0.009359282441437244, 0.02978873811662197, -0.01879119873046875], [0.0, 0.0, 0.0, 1.0]], [[-0.9235097169876099, 0.383266806602478, 0.015368984080851078, 1.050750732421875], [-0.02507237158715725, -0.020334679633378983, -0.999478816986084, 1.5448799133300781], [-0.38275447487831116, -0.9234137535095215, 0.02838868647813797, -0.08734130859375], [0.0, 0.0, 0.0, 1.0]]], "view": [[0.0, -2.0, 100.0], [-2.0, 0.0, 100.0], [0.0, 0.0, 1.0]], "bev": "bev_e1e6e5fc14b642a08948aafd95cf604f.png", "aux": "aux_e1e6e5fc14b642a08948aafd95cf604f.npz", "visibility": "visibility_e1e6e5fc14b642a08948aafd95cf604f.png", "pose": [[-0.7716700434684753, -0.6360230445861816, 0.0, 540.2722778320312], [0.6360230445861816, -0.7716700434684753, 0.0, 760.1024169921875], [0.0, 0.0, 1.0, 0.0], [0.0, 0.0, 0.0, 1.0]], "pose_inverse": [[-0.7716700434684753, 0.6360230445861816, 0.0, -66.53070068359375], [-0.6360230445861816, -0.7716700434684753, 0.0, 930.1738891601562], [0.0, 0.0, 1.0, 0.0], [0.0, 0.0, 0.0, 1.0]], "cam_ids": [0, 1, 2, 3, 4, 5], "cam_channels": ["CAM_FRONT_LEFT", "CAM_FRONT", "CAM_FRONT_RIGHT", "CAM_BACK_LEFT", "CAM_BACK", "CAM_BACK_RIGHT"], "token": "e1e6e5fc14b642a08948aafd95cf604f", "scene": "scene-0648"}, {"images": ["samples/CAM_FRONT_LEFT/n008-2018-09-18-14-43-59-0400__CAM_FRONT_LEFT__1537296505754799.jpg", "samples/CAM_FRONT/n008-2018-09-18-14-43-59-0400__CAM_FRONT__1537296505762404.jpg", "samples/CAM_FRONT_RIGHT/n008-2018-09-18-14-43-59-0400__CAM_FRONT_RIGHT__1537296505770482.jpg", "samples/CAM_BACK_LEFT/n008-2018-09-18-14-43-59-0400__CAM_BACK_LEFT__1537296505797405.jpg", "samples/CAM_BACK/n008-2018-09-18-14-43-59-0400__CAM_BACK__1537296505787558.jpg", "samples/CAM_BACK_RIGHT/n008-2018-09-18-14-43-59-0400__CAM_BACK_RIGHT__1537296505778113.jpg"], "intrinsics": [[[1257.8625342125129, 0.0, 827.2410631095686], [0.0, 1257.8625342125129, 450.915498205774], [0.0, 0.0, 1.0]], [[1252.8131021185304, 0.0, 826.588114781398], [0.0, 1252.8131021185304, 469.9846626224581], [0.0, 0.0, 1.0]], [[1256.7485116440405, 0.0, 817.7887570959712], [0.0, 1256.7485116440403, 451.9541780095127], [0.0, 0.0, 1.0]], [[1254.9860565800168, 0.0, 829.5769333630991], [0.0, 1254.9860565800168, 467.1680561863987], [0.0, 0.0, 1.0]], [[796.8910634503094, 0.0, 857.7774326863696], [0.0, 796.8910634503094, 476.8848988407415], [0.0, 0.0, 1.0]], [[1249.9629280788233, 0.0, 825.3768045375984], [0.0, 1249.9629280788233, 462.54816385708756], [0.0, 0.0, 1.0]]], "extrinsics": [[[0.8207413554191589, -0.5689138770103455, -0.052160028368234634, -0.803466796875], [-0.05619518831372261, 0.010463845916092396, -0.9983649849891663, 1.474557876586914], [0.5685294270515442, 0.8223305344581604, -0.023382114246487617, -1.19635009765625], [0.0, 0.0, 0.0, 1.0]], [[0.009766211733222008, -0.9999278783798218, -0.006979986093938351, 0.0091552734375], [-0.05430303141474724, 0.006439668592065573, -0.9985037446022034, 1.4691944122314453], [0.9984767436981201, 0.010130642913281918, -0.05423622578382492, -1.5331535339355469], [0.0, 0.0, 0.0, 1.0]], [[-0.8430542349815369, -0.5363215804100037, 0.04023163765668869, 0.9591064453125], [-0.046316005289554596, -0.0021283188834786415, -0.9989245533943176, 1.4858081340789795], [0.535830557346344, -0.8440110087394714, -0.023045990616083145, -1.19219970703125], [0.0, 0.0, 0.0, 1.0]], [[0.94553142786026, 0.3192855715751648, -0.06345869600772858, -1.1370391845703125], [-0.07145646959543228, 0.01338475476950407, -0.9973539113998413, 1.5615196228027344], [-0.3175913691520691, 0.9475639462471008, 0.03547072783112526, -0.158447265625], [0.0, 0.0, 0.0, 1.0]], [[0.009050647728145123, 0.9999458193778992, 0.005139471031725407, -0.0289306640625], [-0.06952334195375443, 0.00575648806989193, -0.9975637197494507, 1.5637493133544922], [-0.997539222240448, 0.008671223185956478, 0.06957168132066727, -0.01747894287109375], [0.0, 0.0, 0.0, 1.0]], [[-0.9222889542579651, 0.3827325999736786, 0.05384025722742081, 1.05474853515625], [-0.0653311088681221, -0.017079269513487816, -0.9977174401283264, 1.5403556823730469], [-0.38093942403793335, -0.923701286315918, 0.04075636714696884, -0.08624267578125], [0.0, 0.0, 0.0, 1.0]]], "view": [[0.0, -2.0, 100.0], [-2.0, 0.0, 100.0], [0.0, 0.0, 1.0]], "bev": "bev_2b5f23de8b4a4860861f7573a8e7cd59.png", "aux": "aux_2b5f23de8b4a4860861f7573a8e7cd59.npz", "visibility": "visibility_2b5f23de8b4a4860861f7573a8e7cd59.png", "pose": [[-0.7762330770492554, -0.6304460167884827, 0.0, 538.0795288085938], [0.6304460167884827, -0.7762330770492554, 0.0, 761.9351196289062], [0.0, 0.0, 1.0, 0.0], [0.0, 0.0, 0.0, 1.0]], "pose_inverse": [[-0.7762330770492554, 0.6304460167884827, 0.0, -62.6838264465332], [-0.6304460167884827, -0.7762330770492554, 0.0, 930.6693725585938], [0.0, 0.0, 1.0, 0.0], [0.0, 0.0, 0.0, 1.0]], "cam_ids": [0, 1, 2, 3, 4, 5], "cam_channels": ["CAM_FRONT_LEFT", "CAM_FRONT", "CAM_FRONT_RIGHT", "CAM_BACK_LEFT", "CAM_BACK", "CAM_BACK_RIGHT"], "token": "2b5f23de8b4a4860861f7573a8e7cd59", "scene": "scene-0648"}, {"images": ["samples/CAM_FRONT_LEFT/n008-2018-09-18-14-43-59-0400__CAM_FRONT_LEFT__1537296506254799.jpg", "samples/CAM_FRONT/n008-2018-09-18-14-43-59-0400__CAM_FRONT__1537296506262407.jpg", "samples/CAM_FRONT_RIGHT/n008-2018-09-18-14-43-59-0400__CAM_FRONT_RIGHT__1537296506270482.jpg", "samples/CAM_BACK_LEFT/n008-2018-09-18-14-43-59-0400__CAM_BACK_LEFT__1537296506297405.jpg", "samples/CAM_BACK/n008-2018-09-18-14-43-59-0400__CAM_BACK__1537296506287558.jpg", "samples/CAM_BACK_RIGHT/n008-2018-09-18-14-43-59-0400__CAM_BACK_RIGHT__1537296506278113.jpg"], "intrinsics": [[[1257.8625342125129, 0.0, 827.2410631095686], [0.0, 1257.8625342125129, 450.915498205774], [0.0, 0.0, 1.0]], [[1252.8131021185304, 0.0, 826.588114781398], [0.0, 1252.8131021185304, 469.9846626224581], [0.0, 0.0, 1.0]], [[1256.7485116440405, 0.0, 817.7887570959712], [0.0, 1256.7485116440403, 451.9541780095127], [0.0, 0.0, 1.0]], [[1254.9860565800168, 0.0, 829.5769333630991], [0.0, 1254.9860565800168, 467.1680561863987], [0.0, 0.0, 1.0]], [[796.8910634503094, 0.0, 857.7774326863696], [0.0, 796.8910634503094, 476.8848988407415], [0.0, 0.0, 1.0]], [[1249.9629280788233, 0.0, 825.3768045375984], [0.0, 1249.9629280788233, 462.54816385708756], [0.0, 0.0, 1.0]]], "extrinsics": [[[0.8214730024337769, -0.5688176155090332, -0.04035743698477745, -0.80804443359375], [-0.04364979267120361, 0.007841885089874268, -0.9990161061286926, 1.477889060974121], [0.5685744285583496, 0.8224263787269592, -0.018386878073215485, -1.2003173828125], [0.0, 0.0, 0.0, 1.0]], [[0.010043040849268436, -0.9999418258666992, -0.0039438907988369465, 0.00970458984375], [-0.041499748826026917, 0.0035238913260400295, -0.9991322755813599, 1.4720039367675781], [0.9990880489349365, 0.010198000818490982, -0.04146194085478783, -1.5384864807128906], [0.0, 0.0, 0.0, 1.0]], [[-0.8434607982635498, -0.5362945795059204, 0.031016338616609573, 0.962921142578125], [-0.03330092132091522, -0.005427342373877764, -0.9994305968284607, 1.4880038499832153], [0.536157488822937, -0.8440134525299072, -0.013281353749334812, -1.1942138671875], [0.0, 0.0, 0.0, 1.0]], [[0.9463712573051453, 0.31882157921791077, -0.05228951945900917, -1.1380157470703125], [-0.05810856074094772, 0.008760756812989712, -0.9982718229293823, 1.5616769790649414], [-0.3178125023841858, 0.9477742910385132, 0.026817189529538155, -0.15814208984375], [0.0, 0.0, 0.0, 1.0]], [[0.009102088399231434, 0.9999579191207886, 0.0010882780188694596, -0.02899169921875], [-0.05613207444548607, 0.0015975437127053738, -0.9984220266342163, 1.5647063255310059], [-0.9983818531036377, 0.009026597253978252, 0.05614425987005234, -0.0153350830078125], [0.0, 0.0, 0.0, 1.0]], [[-0.9229154586791992, 0.38289281725883484, 0.04025189206004143, 1.057647705078125], [-0.05216143652796745, -0.02076871134340763, -0.9984226822853088, 1.5420455932617188], [-0.38145288825035095, -0.9235592484474182, 0.0391400009393692, -0.08477783203125], [0.0, 0.0, 0.0, 1.0]]], "view": [[0.0, -2.0, 100.0], [-2.0, 0.0, 100.0], [0.0, 0.0, 1.0]], "bev": "bev_53c68e2feb3c4184970ac9a218b966f9.png", "aux": "aux_53c68e2feb3c4184970ac9a218b966f9.npz", "visibility": "visibility_53c68e2feb3c4184970ac9a218b966f9.png", "pose": [[-0.7817491888999939, -0.6235929727554321, 0.0, 535.9485473632812], [0.6235929727554321, -0.7817491888999939, 0.0, 763.67626953125], [0.0, 0.0, 1.0, 0.0], [0.0, 0.0, 0.0, 1.0]], "pose_inverse": [[-0.7817491888999939, 0.6235929727554321, 0.0, -57.245819091796875], [-0.6235929727554321, -0.7817491888999939, 0.0, 931.217041015625], [0.0, 0.0, 1.0, 0.0], [0.0, 0.0, 0.0, 1.0]], "cam_ids": [0, 1, 2, 3, 4, 5], "cam_channels": ["CAM_FRONT_LEFT", "CAM_FRONT", "CAM_FRONT_RIGHT", "CAM_BACK_LEFT", "CAM_BACK", "CAM_BACK_RIGHT"], "token": "53c68e2feb3c4184970ac9a218b966f9", "scene": "scene-0648"}, {"images": ["samples/CAM_FRONT_LEFT/n008-2018-09-18-14-43-59-0400__CAM_FRONT_LEFT__1537296506754799.jpg", "samples/CAM_FRONT/n008-2018-09-18-14-43-59-0400__CAM_FRONT__1537296506762404.jpg", "samples/CAM_FRONT_RIGHT/n008-2018-09-18-14-43-59-0400__CAM_FRONT_RIGHT__1537296506770490.jpg", "samples/CAM_BACK_LEFT/n008-2018-09-18-14-43-59-0400__CAM_BACK_LEFT__1537296506797405.jpg", "samples/CAM_BACK/n008-2018-09-18-14-43-59-0400__CAM_BACK__1537296506787558.jpg", "samples/CAM_BACK_RIGHT/n008-2018-09-18-14-43-59-0400__CAM_BACK_RIGHT__1537296506778113.jpg"], "intrinsics": [[[1257.8625342125129, 0.0, 827.2410631095686], [0.0, 1257.8625342125129, 450.915498205774], [0.0, 0.0, 1.0]], [[1252.8131021185304, 0.0, 826.588114781398], [0.0, 1252.8131021185304, 469.9846626224581], [0.0, 0.0, 1.0]], [[1256.7485116440405, 0.0, 817.7887570959712], [0.0, 1256.7485116440403, 451.9541780095127], [0.0, 0.0, 1.0]], [[1254.9860565800168, 0.0, 829.5769333630991], [0.0, 1254.9860565800168, 467.1680561863987], [0.0, 0.0, 1.0]], [[796.8910634503094, 0.0, 857.7774326863696], [0.0, 796.8910634503094, 476.8848988407415], [0.0, 0.0, 1.0]], [[1249.9629280788233, 0.0, 825.3768045375984], [0.0, 1249.9629280788233, 462.54816385708756], [0.0, 0.0, 1.0]]], "extrinsics": [[[0.8220573663711548, -0.5690495371818542, 0.020109079778194427, -0.80401611328125], [0.0240060742944479, -0.0006482898024842143, -0.9997116327285767, 1.494128704071045], [0.5688983798027039, 0.8223029971122742, 0.013127714395523071, -1.197021484375], [0.0, 0.0, 0.0, 1.0]], [[0.009852821938693523, -0.9999397993087769, 0.004822627175599337, 0.00927734375], [0.0282494705170393, -0.004542590584605932, -0.9995905756950378, 1.4858427047729492], [0.999552309513092, 0.009985014796257019, 0.02820301428437233, -1.5341758728027344], [0.0, 0.0, 0.0, 1.0]], [[-0.843694806098938, -0.5362104177474976, -0.02563946507871151, 0.960174560546875], [0.03863748535513878, -0.013017470948398113, -0.9991684556007385, 1.4991064071655273], [0.5354307889938354, -0.8439839482307434, 0.03170059621334076, -1.19293212890625], [0.0, 0.0, 0.0, 1.0]], [[0.9475539326667786, 0.3189394176006317, 0.020474687218666077, -1.138275146484375], [0.02068258821964264, 0.0027351919561624527, -0.9997823238372803, 1.5621652603149414], [-0.3189260959625244, 0.9477710723876953, -0.004004751332104206, -0.1580810546875], [0.0, 0.0, 0.0, 1.0]], [[0.009131389670073986, 0.9999469518661499, -0.004762232303619385, -0.02886962890625], [0.020184161141514778, -0.004945775959640741, -0.9997840523719788, 1.5692906379699707], [-0.9997545480728149, 0.009033401496708393, -0.020228253677487373, -0.01645660400390625], [0.0, 0.0, 0.0, 1.0]], [[-0.9232672452926636, 0.3829224407672882, -0.030788028612732887, 1.0556640625], [0.021760882809758186, -0.027884630486369133, -0.9993742108345032, 1.5503044128417969], [-0.3835412263870239, -0.9233594536781311, 0.01741223968565464, -0.086181640625], [0.0, 0.0, 0.0, 1.0]]], "view": [[0.0, -2.0, 100.0], [-2.0, 0.0, 100.0], [0.0, 0.0, 1.0]], "bev": "bev_c66b87b0d86c4da292036593019bf52d.png", "aux": "aux_c66b87b0d86c4da292036593019bf52d.npz", "visibility": "visibility_c66b87b0d86c4da292036593019bf52d.png", "pose": [[-0.7855814695358276, -0.6187582015991211, 0.0, 533.8206176757812], [0.6187582015991211, -0.7855814695358276, 0.0, 765.3887939453125], [0.0, 0.0, 1.0, 0.0], [0.0, 0.0, 0.0, 1.0]], "pose_inverse": [[-0.7855814695358276, 0.6187582015991211, 0.0, -54.23101806640625], [-0.6187582015991211, -0.7855814695358276, 0.0, 931.5811767578125], [0.0, 0.0, 1.0, 0.0], [0.0, 0.0, 0.0, 1.0]], "cam_ids": [0, 1, 2, 3, 4, 5], "cam_channels": ["CAM_FRONT_LEFT", "CAM_FRONT", "CAM_FRONT_RIGHT", "CAM_BACK_LEFT", "CAM_BACK", "CAM_BACK_RIGHT"], "token": "c66b87b0d86c4da292036593019bf52d", "scene": "scene-0648"}, {"images": ["samples/CAM_FRONT_LEFT/n008-2018-09-18-14-43-59-0400__CAM_FRONT_LEFT__1537296507254799.jpg", "samples/CAM_FRONT/n008-2018-09-18-14-43-59-0400__CAM_FRONT__1537296507262404.jpg", "samples/CAM_FRONT_RIGHT/n008-2018-09-18-14-43-59-0400__CAM_FRONT_RIGHT__1537296507270482.jpg", "samples/CAM_BACK_LEFT/n008-2018-09-18-14-43-59-0400__CAM_BACK_LEFT__1537296507297405.jpg", "samples/CAM_BACK/n008-2018-09-18-14-43-59-0400__CAM_BACK__1537296507287562.jpg", "samples/CAM_BACK_RIGHT/n008-2018-09-18-14-43-59-0400__CAM_BACK_RIGHT__1537296507278113.jpg"], "intrinsics": [[[1257.8625342125129, 0.0, 827.2410631095686], [0.0, 1257.8625342125129, 450.915498205774], [0.0, 0.0, 1.0]], [[1252.8131021185304, 0.0, 826.588114781398], [0.0, 1252.8131021185304, 469.9846626224581], [0.0, 0.0, 1.0]], [[1256.7485116440405, 0.0, 817.7887570959712], [0.0, 1256.7485116440403, 451.9541780095127], [0.0, 0.0, 1.0]], [[1254.9860565800168, 0.0, 829.5769333630991], [0.0, 1254.9860565800168, 467.1680561863987], [0.0, 0.0, 1.0]], [[796.8910634503094, 0.0, 857.7774326863696], [0.0, 796.8910634503094, 476.8848988407415], [0.0, 0.0, 1.0]], [[1249.9629280788233, 0.0, 825.3768045375984], [0.0, 1249.9629280788233, 462.54816385708756], [0.0, 0.0, 1.0]]], "extrinsics": [[[0.8217426538467407, -0.5687026381492615, 0.03628161922097206, -0.82501220703125], [0.04179878160357475, -0.0033442259300500154, -0.9991204738616943, 1.4974145889282227], [0.5683237910270691, 0.8225364089012146, 0.02102298103272915, -1.21063232421875], [0.0, 0.0, 0.0, 1.0]], [[0.010111120529472828, -0.9999202489852905, 0.007570217363536358, 0.00860595703125], [0.04360056668519974, -0.0071225459687411785, -0.9990236759185791, 1.4880647659301758], [0.9989979267120361, 0.010431259870529175, 0.04352507367730141, -1.55389404296875], [0.0, 0.0, 0.0, 1.0]], [[-0.8431257605552673, -0.5365619659423828, -0.035217538475990295, 0.97235107421875], [0.05154867097735405, -0.015460478141903877, -0.9985507726669312, 1.5003547668457031], [0.5352399349212646, -0.8437192440032959, 0.04069418087601662, -1.2012939453125], [0.0, 0.0, 0.0, 1.0]], [[0.9473848342895508, 0.3190990090370178, 0.025256358087062836, -1.137054443359375], [0.026383597403764725, 0.0007901571225374937, -0.9996516108512878, 1.5622384548187256], [-0.3190077841281891, 0.9477210640907288, -0.00767039367929101, -0.15838623046875], [0.0, 0.0, 0.0, 1.0]], [[0.008961448445916176, 0.9999361634254456, -0.006882134359329939, -0.02874755859375], [0.02834979258477688, -0.00713370693847537, -0.9995726346969604, 1.569657802581787], [-0.9995579719543457, 0.008762612007558346, -0.02841190993785858, -0.011905670166015625], [0.0, 0.0, 0.0, 1.0]], [[-0.92299485206604, 0.38255658745765686, -0.041605859994888306, 1.065155029296875], [0.03251033276319504, -0.03021252527832985, -0.999014675617218, 1.5511856079101562], [-0.3834366202354431, -0.9234379529953003, 0.015448964200913906, -0.08258056640625], [0.0, 0.0, 0.0, 1.0]]], "view": [[0.0, -2.0, 100.0], [-2.0, 0.0, 100.0], [0.0, 0.0, 1.0]], "bev": "bev_78bdd7d3978f4328af6124419ea1e989.png", "aux": "aux_78bdd7d3978f4328af6124419ea1e989.npz", "visibility": "visibility_78bdd7d3978f4328af6124419ea1e989.png", "pose": [[-0.7902485132217407, -0.6127865314483643, 0.0, 531.7632446289062], [0.6127865314483643, -0.7902485132217407, 0.0, 767.0374145507812], [0.0, 0.0, 1.0, 0.0], [0.0, 0.0, 0.0, 1.0]], "pose_inverse": [[-0.7902485132217407, 0.6127865314483643, 0.0, -49.805084228515625], [-0.6127865314483643, -0.7902485132217407, 0.0, 932.0075073242188], [0.0, 0.0, 1.0, 0.0], [0.0, 0.0, 0.0, 1.0]], "cam_ids": [0, 1, 2, 3, 4, 5], "cam_channels": ["CAM_FRONT_LEFT", "CAM_FRONT", "CAM_FRONT_RIGHT", "CAM_BACK_LEFT", "CAM_BACK", "CAM_BACK_RIGHT"], "token": "78bdd7d3978f4328af6124419ea1e989", "scene": "scene-0648"}, {"images": ["samples/CAM_FRONT_LEFT/n008-2018-09-18-14-43-59-0400__CAM_FRONT_LEFT__1537296507754799.jpg", "samples/CAM_FRONT/n008-2018-09-18-14-43-59-0400__CAM_FRONT__1537296507762404.jpg", "samples/CAM_FRONT_RIGHT/n008-2018-09-18-14-43-59-0400__CAM_FRONT_RIGHT__1537296507770482.jpg", "samples/CAM_BACK_LEFT/n008-2018-09-18-14-43-59-0400__CAM_BACK_LEFT__1537296507797405.jpg", "samples/CAM_BACK/n008-2018-09-18-14-43-59-0400__CAM_BACK__1537296507787558.jpg", "samples/CAM_BACK_RIGHT/n008-2018-09-18-14-43-59-0400__CAM_BACK_RIGHT__1537296507778113.jpg"], "intrinsics": [[[1257.8625342125129, 0.0, 827.2410631095686], [0.0, 1257.8625342125129, 450.915498205774], [0.0, 0.0, 1.0]], [[1252.8131021185304, 0.0, 826.588114781398], [0.0, 1252.8131021185304, 469.9846626224581], [0.0, 0.0, 1.0]], [[1256.7485116440405, 0.0, 817.7887570959712], [0.0, 1256.7485116440403, 451.9541780095127], [0.0, 0.0, 1.0]], [[1254.9860565800168, 0.0, 829.5769333630991], [0.0, 1254.9860565800168, 467.1680561863987], [0.0, 0.0, 1.0]], [[796.8910634503094, 0.0, 857.7774326863696], [0.0, 796.8910634503094, 476.8848988407415], [0.0, 0.0, 1.0]], [[1249.9629280788233, 0.0, 825.3768045375984], [0.0, 1249.9629280788233, 462.54816385708756], [0.0, 0.0, 1.0]]], "extrinsics": [[[0.8222401142120361, -0.5689437389373779, 0.014977268874645233, -0.81927490234375], [0.017211392521858215, -0.0014467803994193673, -0.9998508095741272, 1.492145299911499], [0.5688806176185608, 0.8223752379417419, 0.008602713234722614, -1.2091064453125], [0.0, 0.0, 0.0, 1.0]], [[0.009927407838404179, -0.9999343752861023, 0.005713407415896654, 0.01007080078125], [0.018920712172985077, -0.005524827633053064, -0.9998056888580322, 1.4836783409118652], [0.9997716546058655, 0.01003354974091053, 0.018864624202251434, -1.5499992370605469], [0.0, 0.0, 0.0, 1.0]], [[-0.8439770340919495, -0.5361696481704712, -0.014995590783655643, 0.97064208984375], [0.026743751019239426, -0.014141765423119068, -0.999542236328125, 1.4969491958618164], [0.5357121825218201, -0.843991756439209, 0.026274511590600014, -1.1986083984375], [0.0, 0.0, 0.0, 1.0]], [[0.9479560852050781, 0.3183978199958801, 0.0014483147533610463, -1.14031982421875], [0.001060571987181902, 0.0013911428395658731, -0.9999984502792358, 1.5620461702346802], [-0.3183993399143219, 0.9479562044143677, 0.0009810603223741055, -0.1580810546875], [0.0, 0.0, 0.0, 1.0]], [[0.00940924696624279, 0.9999361038208008, -0.0062683564610779285, -0.029541015625], [0.0032121504191309214, -0.0062988270074129105, -0.9999749660491943, 1.5682487487792969], [-0.9999505877494812, 0.009388887323439121, -0.003271212335675955, -0.011260986328125], [0.0, 0.0, 0.0, 1.0]], [[-0.923550009727478, 0.38304921984672546, -0.018129868432879448, 1.0631103515625], [0.007546145468950272, -0.02911486104130745, -0.9995476007461548, 1.5486488342285156], [-0.3834037184715271, -0.9232689738273621, 0.023998485878109932, -0.0823974609375], [0.0, 0.0, 0.0, 1.0]]], "view": [[0.0, -2.0, 100.0], [-2.0, 0.0, 100.0], [0.0, 0.0, 1.0]], "bev": "bev_f72b4bf38fdd48b8b60d840251cf2afd.png", "aux": "aux_f72b4bf38fdd48b8b60d840251cf2afd.npz", "visibility": "visibility_f72b4bf38fdd48b8b60d840251cf2afd.png", "pose": [[-0.7917702794075012, -0.6108189821243286, 0.0, 529.7908325195312], [0.6108189821243286, -0.7917702794075012, 0.0, 768.6065673828125], [0.0, 0.0, 1.0, 0.0], [0.0, 0.0, 0.0, 1.0]], "pose_inverse": [[-0.7917702794075012, 0.6108189821243286, 0.0, -50.00686264038086], [-0.6108189821243286, -0.7917702794075012, 0.0, 932.1661376953125], [0.0, 0.0, 1.0, 0.0], [0.0, 0.0, 0.0, 1.0]], "cam_ids": [0, 1, 2, 3, 4, 5], "cam_channels": ["CAM_FRONT_LEFT", "CAM_FRONT", "CAM_FRONT_RIGHT", "CAM_BACK_LEFT", "CAM_BACK", "CAM_BACK_RIGHT"], "token": "f72b4bf38fdd48b8b60d840251cf2afd", "scene": "scene-0648"}, {"images": ["samples/CAM_FRONT_LEFT/n008-2018-09-18-14-43-59-0400__CAM_FRONT_LEFT__1537296508254799.jpg", "samples/CAM_FRONT/n008-2018-09-18-14-43-59-0400__CAM_FRONT__1537296508262404.jpg", "samples/CAM_FRONT_RIGHT/n008-2018-09-18-14-43-59-0400__CAM_FRONT_RIGHT__1537296508270482.jpg", "samples/CAM_BACK_LEFT/n008-2018-09-18-14-43-59-0400__CAM_BACK_LEFT__1537296508297405.jpg", "samples/CAM_BACK/n008-2018-09-18-14-43-59-0400__CAM_BACK__1537296508287558.jpg", "samples/CAM_BACK_RIGHT/n008-2018-09-18-14-43-59-0400__CAM_BACK_RIGHT__1537296508278113.jpg"], "intrinsics": [[[1257.8625342125129, 0.0, 827.2410631095686], [0.0, 1257.8625342125129, 450.915498205774], [0.0, 0.0, 1.0]], [[1252.8131021185304, 0.0, 826.588114781398], [0.0, 1252.8131021185304, 469.9846626224581], [0.0, 0.0, 1.0]], [[1256.7485116440405, 0.0, 817.7887570959712], [0.0, 1256.7485116440403, 451.9541780095127], [0.0, 0.0, 1.0]], [[1254.9860565800168, 0.0, 829.5769333630991], [0.0, 1254.9860565800168, 467.1680561863987], [0.0, 0.0, 1.0]], [[796.8910634503094, 0.0, 857.7774326863696], [0.0, 796.8910634503094, 476.8848988407415], [0.0, 0.0, 1.0]], [[1249.9629280788233, 0.0, 825.3768045375984], [0.0, 1249.9629280788233, 462.54816385708756], [0.0, 0.0, 1.0]]], "extrinsics": [[[0.8220908641815186, -0.5691577196121216, -0.01503324881196022, -0.8026123046875], [-0.016496825963258743, 0.002581467619165778, -0.9998605847358704, 1.484248399734497], [0.5691172480583191, 0.8222243189811707, -0.007267096545547247, -1.1954345703125], [0.0, 0.0, 0.0, 1.0]], [[0.009768226183950901, -0.9999513030052185, 0.0014056024374440312, 0.00885009765625], [-0.015744652599096298, -0.0015592984855175018, -0.9998748302459717, 1.4769692420959473], [0.9998283982276917, 0.009744828566908836, -0.015759117901325226, -1.5316390991210938], [0.0, 0.0, 0.0, 1.0]], [[-0.8441553115844727, -0.53593909740448, 0.013077938929200172, 0.957550048828125], [-0.008962252177298069, -0.01028323546051979, -0.9999069571495056, 1.4916634559631348], [0.536023736000061, -0.8441939949989319, 0.003877427661791444, -1.191650390625], [0.0, 0.0, 0.0, 1.0]], [[0.9473020434379578, 0.3184435963630676, -0.034822870045900345, -1.1345977783203125], [-0.03834332525730133, 0.004791581071913242, -0.9992530941963196, 1.5616650581359863], [-0.3180389106273651, 0.9479297399520874, 0.01674925908446312, -0.1593017578125], [0.0, 0.0, 0.0, 1.0]], [[0.009373421780765057, 0.9999514818191528, -0.0030278570484369993, -0.02874755859375], [-0.03478056564927101, -0.002700131619349122, -0.9993913173675537, 1.5658316612243652], [-0.9993510842323303, 0.009473027661442757, 0.03475356847047806, -0.019794464111328125], [0.0, 0.0, 0.0, 1.0]], [[-0.923468828201294, 0.3832867443561554, 0.017222324386239052, 1.052978515625], [-0.029166126623749733, -0.025371484458446503, -0.9992525577545166, 1.5444412231445312], [-0.38256320357322693, -0.9232808351516724, 0.034608762711286545, -0.08734130859375], [0.0, 0.0, 0.0, 1.0]]], "view": [[0.0, -2.0, 100.0], [-2.0, 0.0, 100.0], [0.0, 0.0, 1.0]], "bev": "bev_f96c1339c6ee4aecbd6cd9e29cbe7a76.png", "aux": "aux_f96c1339c6ee4aecbd6cd9e29cbe7a76.npz", "visibility": "visibility_f96c1339c6ee4aecbd6cd9e29cbe7a76.png", "pose": [[-0.7939527630805969, -0.6079794764518738, 0.0, 527.63818359375], [0.6079794764518738, -0.7939527630805969, 0.0, 770.2774047851562], [0.0, 0.0, 1.0, 0.0], [0.0, 0.0, 0.0, 1.0]], "pose_inverse": [[-0.7939527630805969, 0.6079794764518738, 0.0, -49.393070220947266], [-0.6079794764518738, -0.7939527630805969, 0.0, 932.3570556640625], [0.0, 0.0, 1.0, 0.0], [0.0, 0.0, 0.0, 1.0]], "cam_ids": [0, 1, 2, 3, 4, 5], "cam_channels": ["CAM_FRONT_LEFT", "CAM_FRONT", "CAM_FRONT_RIGHT", "CAM_BACK_LEFT", "CAM_BACK", "CAM_BACK_RIGHT"], "token": "f96c1339c6ee4aecbd6cd9e29cbe7a76", "scene": "scene-0648"}, {"images": ["samples/CAM_FRONT_LEFT/n008-2018-09-18-14-43-59-0400__CAM_FRONT_LEFT__1537296508754799.jpg", "samples/CAM_FRONT/n008-2018-09-18-14-43-59-0400__CAM_FRONT__1537296508762404.jpg", "samples/CAM_FRONT_RIGHT/n008-2018-09-18-14-43-59-0400__CAM_FRONT_RIGHT__1537296508770482.jpg", "samples/CAM_BACK_LEFT/n008-2018-09-18-14-43-59-0400__CAM_BACK_LEFT__1537296508797405.jpg", "samples/CAM_BACK/n008-2018-09-18-14-43-59-0400__CAM_BACK__1537296508787558.jpg", "samples/CAM_BACK_RIGHT/n008-2018-09-18-14-43-59-0400__CAM_BACK_RIGHT__1537296508778113.jpg"], "intrinsics": [[[1257.8625342125129, 0.0, 827.2410631095686], [0.0, 1257.8625342125129, 450.915498205774], [0.0, 0.0, 1.0]], [[1252.8131021185304, 0.0, 826.588114781398], [0.0, 1252.8131021185304, 469.9846626224581], [0.0, 0.0, 1.0]], [[1256.7485116440405, 0.0, 817.7887570959712], [0.0, 1256.7485116440403, 451.9541780095127], [0.0, 0.0, 1.0]], [[1254.9860565800168, 0.0, 829.5769333630991], [0.0, 1254.9860565800168, 467.1680561863987], [0.0, 0.0, 1.0]], [[796.8910634503094, 0.0, 857.7774326863696], [0.0, 796.8910634503094, 476.8848988407415], [0.0, 0.0, 1.0]], [[1249.9629280788233, 0.0, 825.3768045375984], [0.0, 1249.9629280788233, 462.54816385708756], [0.0, 0.0, 1.0]]], "extrinsics": [[[0.8218584060668945, -0.5689060688018799, -0.029913702979683876, -0.78753662109375], [-0.03628489747643471, 0.00012824370060116053, -0.9993414878845215, 1.4787012338638306], [0.5685352087020874, 0.8224025964736938, -0.020537300035357475, -1.18341064453125], [0.0, 0.0, 0.0, 1.0]], [[0.010241296142339706, -0.9999402165412903, 0.0038148798048496246, 0.00799560546875], [-0.03439934924244881, -0.004165132064372301, -0.9993994832038879, 1.4726394414901733], [0.9993557333946228, 0.010103858076035976, -0.034439947456121445, -1.5159568786621094], [0.0, 0.0, 0.0, 1.0]], [[-0.8435796499252319, -0.5362021923065186, 0.029334235936403275, 0.94683837890625], [-0.026504525914788246, -0.012985346838831902, -0.9995643496513367, 1.4885530471801758], [0.5363495349884033, -0.8439897298812866, -0.003257609438151121, -1.1856689453125], [0.0, 0.0, 0.0, 1.0]], [[0.9466648101806641, 0.3184693157672882, -0.049019403755664825, -1.134368896484375], [-0.052439622581005096, 0.002169462852180004, -0.9986217617988586, 1.5615158081054688], [-0.3179241120815277, 0.947930634021759, 0.01875416934490204, -0.1591796875], [0.0, 0.0, 0.0, 1.0]], [[0.009059928357601166, 0.9999416470527649, -0.005896364338696003, -0.0284423828125], [-0.05009552463889122, -0.005435330327600241, -0.9987295866012573, 1.564613699913025], [-0.9987034201622009, 0.009343757294118404, 0.05004335194826126, -0.02442169189453125], [0.0, 0.0, 0.0, 1.0]], [[-0.9231938719749451, 0.38304364681243896, 0.03147292509675026, 1.04498291015625], [-0.045706406235694885, -0.028112439438700676, -0.9985592365264893, 1.5420970916748047], [-0.38160696625709534, -0.9233023524284363, 0.043460775166749954, -0.0911865234375], [0.0, 0.0, 0.0, 1.0]]], "view": [[0.0, -2.0, 100.0], [-2.0, 0.0, 100.0], [0.0, 0.0, 1.0]], "bev": "bev_df1fc7bf51014ab19af4ae81f1df37a0.png", "aux": "aux_df1fc7bf51014ab19af4ae81f1df37a0.npz", "visibility": "visibility_df1fc7bf51014ab19af4ae81f1df37a0.png", "pose": [[-0.7958748936653137, -0.6054611206054688, 0.0, 525.3456420898438], [0.6054611206054688, -0.7958748936653137, 0.0, 772.0406494140625], [0.0, 0.0, 1.0, 0.0], [0.0, 0.0, 0.0, 1.0]], "pose_inverse": [[-0.7958748936653137, 0.6054611206054688, 0.0, -49.33116912841797], [-0.6054611206054688, -0.7958748936653137, 0.0, 932.5241088867188], [0.0, 0.0, 1.0, 0.0], [0.0, 0.0, 0.0, 1.0]], "cam_ids": [0, 1, 2, 3, 4, 5], "cam_channels": ["CAM_FRONT_LEFT", "CAM_FRONT", "CAM_FRONT_RIGHT", "CAM_BACK_LEFT", "CAM_BACK", "CAM_BACK_RIGHT"], "token": "df1fc7bf51014ab19af4ae81f1df37a0", "scene": "scene-0648"}, {"images": ["samples/CAM_FRONT_LEFT/n008-2018-09-18-14-43-59-0400__CAM_FRONT_LEFT__1537296509254799.jpg", "samples/CAM_FRONT/n008-2018-09-18-14-43-59-0400__CAM_FRONT__1537296509262404.jpg", "samples/CAM_FRONT_RIGHT/n008-2018-09-18-14-43-59-0400__CAM_FRONT_RIGHT__1537296509270482.jpg", "samples/CAM_BACK_LEFT/n008-2018-09-18-14-43-59-0400__CAM_BACK_LEFT__1537296509297405.jpg", "samples/CAM_BACK/n008-2018-09-18-14-43-59-0400__CAM_BACK__1537296509287558.jpg", "samples/CAM_BACK_RIGHT/n008-2018-09-18-14-43-59-0400__CAM_BACK_RIGHT__1537296509278113.jpg"], "intrinsics": [[[1257.8625342125129, 0.0, 827.2410631095686], [0.0, 1257.8625342125129, 450.915498205774], [0.0, 0.0, 1.0]], [[1252.8131021185304, 0.0, 826.588114781398], [0.0, 1252.8131021185304, 469.9846626224581], [0.0, 0.0, 1.0]], [[1256.7485116440405, 0.0, 817.7887570959712], [0.0, 1256.7485116440403, 451.9541780095127], [0.0, 0.0, 1.0]], [[1254.9860565800168, 0.0, 829.5769333630991], [0.0, 1254.9860565800168, 467.1680561863987], [0.0, 0.0, 1.0]], [[796.8910634503094, 0.0, 857.7774326863696], [0.0, 796.8910634503094, 476.8848988407415], [0.0, 0.0, 1.0]], [[1249.9629280788233, 0.0, 825.3768045375984], [0.0, 1249.9629280788233, 462.54816385708756], [0.0, 0.0, 1.0]]], "extrinsics": [[[0.8219664692878723, -0.5688100457191467, 0.028742970898747444, -0.7698974609375], [0.035632118582725525, 0.0009910278022289276, -0.9993644952774048, 1.4985365867614746], [0.5684201121330261, 0.8224683403968811, 0.021082501858472824, -1.16839599609375], [0.0, 0.0, 0.0, 1.0]], [[0.010093450546264648, -0.9999433159828186, 0.0033817514777183533, 0.006103515625], [0.039865411818027496, -0.002976838033646345, -0.9992006421089172, 1.4896612167358398], [0.9991540908813477, 0.010220116004347801, 0.03983310982584953, -1.4964828491210938], [0.0, 0.0, 0.0, 1.0]], [[-0.8431936502456665, -0.5363892316818237, -0.03620758652687073, 0.932647705078125], [0.05020507052540779, -0.011508566327393055, -0.998672604560852, 1.5024185180664062], [0.5352605581283569, -0.8438922166824341, 0.036633413285017014, -1.17877197265625], [0.0, 0.0, 0.0, 1.0]], [[0.9471592307090759, 0.3192088305950165, 0.03154420852661133, -1.13116455078125], [0.03189695253968239, 0.004123930353671312, -0.9994826912879944, 1.5624732971191406], [-0.3191737234592438, 0.9476754069328308, -0.006275770720094442, -0.16021728515625]