[{"images": ["samples/CAM_FRONT_LEFT/n008-2018-08-31-11-37-23-0400__CAM_FRONT_LEFT__1535730318854799.jpg", "samples/CAM_FRONT/n008-2018-08-31-11-37-23-0400__CAM_FRONT__1535730318862404.jpg", "samples/CAM_FRONT_RIGHT/n008-2018-08-31-11-37-23-0400__CAM_FRONT_RIGHT__1535730318870482.jpg", "samples/CAM_BACK_LEFT/n008-2018-08-31-11-37-23-0400__CAM_BACK_LEFT__1535730318897405.jpg", "samples/CAM_BACK/n008-2018-08-31-11-37-23-0400__CAM_BACK__1535730318887558.jpg", "samples/CAM_BACK_RIGHT/n008-2018-08-31-11-37-23-0400__CAM_BACK_RIGHT__1535730318878113.jpg"], "intrinsics": [[[1257.8625342125129, 0.0, 827.2410631095686], [0.0, 1257.8625342125129, 450.915498205774], [0.0, 0.0, 1.0]], [[1252.8131021185304, 0.0, 826.588114781398], [0.0, 1252.8131021185304, 469.9846626224581], [0.0, 0.0, 1.0]], [[1256.7485116440405, 0.0, 817.7887570959712], [0.0, 1256.7485116440403, 451.9541780095127], [0.0, 0.0, 1.0]], [[1254.9860565800168, 0.0, 829.5769333630991], [0.0, 1254.9860565800168, 467.1680561863987], [0.0, 0.0, 1.0]], [[796.8910634503094, 0.0, 857.7774326863696], [0.0, 796.8910634503094, 476.8848988407415], [0.0, 0.0, 1.0]], [[1249.9629280788233, 0.0, 825.3768045375984], [0.0, 1249.9629280788233, 462.54816385708756], [0.0, 0.0, 1.0]]], "extrinsics": [[[0.8224332332611084, -0.5685737133026123, -0.018095901235938072, -0.99468994140625], [0.002721377881243825, 0.03574281185865402, -0.999357283115387, 1.488311767578125], [0.5688551664352417, 0.8218554258346558, 0.030943382531404495, -1.326904296875], [0.0, 0.0, 0.0, 1.0]], [[0.010069096460938454, -0.9994515776634216, -0.031544279307127, 0.006103515625], [0.004690200090408325, 0.03159273415803909, -0.9994897842407227, 1.480194091796875], [0.9999382495880127, 0.009915945120155811, 0.005005736835300922, -1.72491455078125], [0.0, 0.0, 0.0, 1.0]], [[-0.8441072106361389, -0.5356807708740234, -0.023003658279776573, 1.0845947265625], [0.01273936964571476, 0.022853894159197807, -0.9996576309204102, 1.4931564331054688], [0.5360230803489685, -0.8441112637519836, -0.012466901913285255, -1.2733154296875], [0.0, 0.0, 0.0, 1.0]], [[0.9479058980941772, 0.3185504674911499, 0.0001790304231690243, -1.1439208984375], [-0.012536518275737762, 0.037866298109292984, -0.999204158782959, 1.5620498657226562], [-0.3183037042617798, 0.9471492171287537, 0.0398871973156929, -0.1558837890625], [0.0, 0.0, 0.0, 1.0]], [[0.009387639351189137, 0.9994969964027405, 0.03029288910329342, -0.02880859375], [-0.010454768314957619, 0.030390672385692596, -0.9994834065437317, 1.5680351257324219], [-0.999901294708252, 0.009066100232303143, 0.010734803974628448, 0.041595458984375], [0.0, 0.0, 0.0, 1.0]], [[-0.9236863851547241, 0.3830491006374359, 0.008772057481110096, 1.155731201171875], [-0.0062857735902071, 0.007741927169263363, -0.9999502897262573, 1.547774314880371], [-0.38309797644615173, -0.9236955046653748, -0.0047433506697416306, -0.045654296875], [0.0, 0.0, 0.0, 1.0]]], "view": [[0.0, -2.0, 100.0], [-2.0, 0.0, 100.0], [0.0, 0.0, 1.0]], "bev": "bev_b4b5e858cd9d4cf9bdb01098ea7d3c45.png", "aux": "aux_b4b5e858cd9d4cf9bdb01098ea7d3c45.npz", "visibility": "visibility_b4b5e858cd9d4cf9bdb01098ea7d3c45.png", "pose": [[-0.7416138648986816, -0.6708270311355591, 0.0, 1238.3187255859375], [0.6708270311355591, -0.7416138648986816, 0.0, 961.8389892578125], [0.0, 0.0, 1.0, 0.0], [0.0, 0.0, 0.0, 1.0]], "pose_inverse": [[-0.7416138648986816, 0.6708270311355591, 0.0, 273.126708984375], [-0.6708270311355591, -0.7416138648986816, 0.0, 1544.0107421875], [0.0, 0.0, 1.0, 0.0], [0.0, 0.0, 0.0, 1.0]], "cam_ids": [0, 1, 2, 3, 4, 5], "cam_channels": ["CAM_FRONT_LEFT", "CAM_FRONT", "CAM_FRONT_RIGHT", "CAM_BACK_LEFT", "CAM_BACK", "CAM_BACK_RIGHT"], "token": "b4b5e858cd9d4cf9bdb01098ea7d3c45", "scene": "scene-0558"}, {"images": ["samples/CAM_FRONT_LEFT/n008-2018-08-31-11-37-23-0400__CAM_FRONT_LEFT__1535730319354799.jpg", "samples/CAM_FRONT/n008-2018-08-31-11-37-23-0400__CAM_FRONT__1535730319362404.jpg", "samples/CAM_FRONT_RIGHT/n008-2018-08-31-11-37-23-0400__CAM_FRONT_RIGHT__1535730319370482.jpg", "samples/CAM_BACK_LEFT/n008-2018-08-31-11-37-23-0400__CAM_BACK_LEFT__1535730319397405.jpg", "samples/CAM_BACK/n008-2018-08-31-11-37-23-0400__CAM_BACK__1535730319387558.jpg", "samples/CAM_BACK_RIGHT/n008-2018-08-31-11-37-23-0400__CAM_BACK_RIGHT__1535730319378113.jpg"], "intrinsics": [[[1257.8625342125129, 0.0, 827.2410631095686], [0.0, 1257.8625342125129, 450.915498205774], [0.0, 0.0, 1.0]], [[1252.8131021185304, 0.0, 826.588114781398], [0.0, 1252.8131021185304, 469.9846626224581], [0.0, 0.0, 1.0]], [[1256.7485116440405, 0.0, 817.7887570959712], [0.0, 1256.7485116440403, 451.9541780095127], [0.0, 0.0, 1.0]], [[1254.9860565800168, 0.0, 829.5769333630991], [0.0, 1254.9860565800168, 467.1680561863987], [0.0, 0.0, 1.0]], [[796.8910634503094, 0.0, 857.7774326863696], [0.0, 796.8910634503094, 476.8848988407415], [0.0, 0.0, 1.0]], [[1249.9629280788233, 0.0, 825.3768045375984], [0.0, 1249.9629280788233, 462.54816385708756], [0.0, 0.0, 1.0]]], "extrinsics": [[[0.8224795460700989, -0.5685707330703735, -0.01596062071621418, -1.0003662109375], [0.004652294330298901, 0.03478407487273216, -0.9993839859962463, 1.4883003234863281], [0.5687756538391113, 0.8218986988067627, 0.031254347413778305, -1.3306884765625], [0.0, 0.0, 0.0, 1.0]], [[0.010134712792932987, -0.9994810223579407, -0.03057730756700039, 0.0057373046875], [0.006661083083599806, 0.03064568154513836, -0.9995081424713135, 1.4801750183105469], [0.9999263882637024, 0.009926036931574345, 0.006968211382627487, -1.730377197265625], [0.0, 0.0, 0.0, 1.0]], [[-0.8440598249435425, -0.5357023477554321, -0.02420312911272049, 1.087890625], [0.014746815897524357, 0.021929113194346428, -0.9996507167816162, 1.4931144714355469], [0.536046028137207, -0.8441219925880432, -0.010609583929181099, -1.275634765625], [0.0, 0.0, 0.0, 1.0]], [[0.947897732257843, 0.3185693323612213, 0.0018669198034331203, -1.14385986328125], [-0.010475841350853443, 0.037026673555374146, -0.9992594122886658, 1.562042236328125], [-0.3184025287628174, 0.9471760988235474, 0.03843478485941887, -0.1561279296875], [0.0, 0.0, 0.0, 1.0]], [[0.00932327937334776, 0.9995230436325073, 0.02944175712764263, -0.0289306640625], [-0.008421995677053928, 0.029520481824874878, -0.9995286464691162, 1.5680465698242188], [-0.9999210834503174, 0.009070917032659054, 0.008693207055330276, 0.0430908203125], [0.0, 0.0, 0.0, 1.0]], [[-0.9236998558044434, 0.3830602467060089, 0.006580027751624584, 1.158416748046875], [-0.004284269642084837, 0.006846008822321892, -0.9999673962593079, 1.5478010177612305], [-0.3830927312374115, -0.9236979484558105, -0.004682524595409632, -0.04443359375], [0.0, 0.0, 0.0, 1.0]]], "view": [[0.0, -2.0, 100.0], [-2.0, 0.0, 100.0], [0.0, 0.0, 1.0]], "bev": "bev_28cce0b8fdb7437db096beb047179453.png", "aux": "aux_28cce0b8fdb7437db096beb047179453.npz", "visibility": "visibility_28cce0b8fdb7437db096beb047179453.png", "pose": [[-0.7417227029800415, -0.6707066297531128, 0.0, 1238.257080078125], [0.6707066297531128, -0.7417227029800415, 0.0, 961.9041748046875], [0.0, 0.0, 1.0, 0.0], [0.0, 0.0, 0.0, 1.0]], "pose_inverse": [[-0.7417227029800415, 0.6707066297531128, 0.0, 273.28790283203125], [-0.6707066297531128, -0.7417227029800415, 0.0, 1543.973388671875], [0.0, 0.0, 1.0, 0.0], [0.0, 0.0, 0.0, 1.0]], "cam_ids": [0, 1, 2, 3, 4, 5], "cam_channels": ["CAM_FRONT_LEFT", "CAM_FRONT", "CAM_FRONT_RIGHT", "CAM_BACK_LEFT", "CAM_BACK", "CAM_BACK_RIGHT"], "token": "28cce0b8fdb7437db096beb047179453", "scene": "scene-0558"}, {"images": ["samples/CAM_FRONT_LEFT/n008-2018-08-31-11-37-23-0400__CAM_FRONT_LEFT__1535730319754799.jpg", "samples/CAM_FRONT/n008-2018-08-31-11-37-23-0400__CAM_FRONT__1535730319762404.jpg", "samples/CAM_FRONT_RIGHT/n008-2018-08-31-11-37-23-0400__CAM_FRONT_RIGHT__1535730319770482.jpg", "samples/CAM_BACK_LEFT/n008-2018-08-31-11-37-23-0400__CAM_BACK_LEFT__1535730319797405.jpg", "samples/CAM_BACK/n008-2018-08-31-11-37-23-0400__CAM_BACK__1535730319787558.jpg", "samples/CAM_BACK_RIGHT/n008-2018-08-31-11-37-23-0400__CAM_BACK_RIGHT__1535730319778113.jpg"], "intrinsics": [[[1257.8625342125129, 0.0, 827.2410631095686], [0.0, 1257.8625342125129, 450.915498205774], [0.0, 0.0, 1.0]], [[1252.8131021185304, 0.0, 826.588114781398], [0.0, 1252.8131021185304, 469.9846626224581], [0.0, 0.0, 1.0]], [[1256.7485116440405, 0.0, 817.7887570959712], [0.0, 1256.7485116440403, 451.9541780095127], [0.0, 0.0, 1.0]], [[1254.9860565800168, 0.0, 829.5769333630991], [0.0, 1254.9860565800168, 467.1680561863987], [0.0, 0.0, 1.0]], [[796.8910634503094, 0.0, 857.7774326863696], [0.0, 796.8910634503094, 476.8848988407415], [0.0, 0.0, 1.0]], [[1249.9629280788233, 0.0, 825.3768045375984], [0.0, 1249.9629280788233, 462.54816385708756], [0.0, 0.0, 1.0]]], "extrinsics": [[[0.8224870562553406, -0.568590521812439, -0.014832532033324242, -0.9993896484375], [0.0059094615280628204, 0.03461865335702896, -0.9993830919265747, 1.4883155822753906], [0.568753182888031, 0.8218919634819031, 0.0318334586918354, -1.3299560546875], [0.0, 0.0, 0.0, 1.0]], [[0.010153488256037235, -0.999485433101654, -0.030425814911723137, 0.0057373046875], [0.007880626246333122, 0.030506419017910957, -0.999503493309021, 1.4801979064941406], [0.9999173879623413, 0.00990863423794508, 0.008186318911612034, -1.72930908203125], [0.0, 0.0, 0.0, 1.0]], [[-0.8440399169921875, -0.5356908440589905, -0.025137217715382576, 1.087158203125], [0.015921736136078835, 0.021821286529302597, -0.9996350407600403, 1.493133544921875], [0.5360439419746399, -0.8441321849822998, -0.009888911619782448, -1.275390625], [0.0, 0.0, 0.0, 1.0]], [[0.9479113221168518, 0.31852099299430847, 0.0029079050291329622, -1.14373779296875], [-0.00937726628035307, 0.03702926263213158, -0.9992701411247253, 1.5620460510253906], [-0.3183962404727936, 0.9471922516822815, 0.03808731585741043, -0.156005859375], [0.0, 0.0, 0.0, 1.0]], [[0.009319005534052849, 0.9995237588882446, 0.029417354613542557, -0.02880859375], [-0.007282419595867395, 0.029485689476132393, -0.9995386600494385, 1.5680465698242188], [-0.9999300837516785, 0.009100460447371006, 0.007553729694336653, 0.042877197265625], [0.0, 0.0, 0.0, 1.0]], [[-0.9237011075019836, 0.3830748200416565, 0.005470158997923136, 1.157867431640625], [-0.0031149424612522125, 0.006768212653696537, -0.9999722242355347, 1.5478010177612305], [-0.3831011950969696, -0.923692524433136, -0.005058548878878355, -0.044677734375], [0.0, 0.0, 0.0, 1.0]]], "view": [[0.0, -2.0, 100.0], [-2.0, 0.0, 100.0], [0.0, 0.0, 1.0]], "bev": "bev_401f75dc5d1541ad8e7ebd4cc6f50e94.png", "aux": "aux_401f75dc5d1541ad8e7ebd4cc6f50e94.npz", "visibility": "visibility_401f75dc5d1541ad8e7ebd4cc6f50e94.png", "pose": [[-0.7419004440307617, -0.6705100536346436, 0.0, 1238.22216796875], [0.6705100536346436, -0.7419004440307617, 0.0, 961.9417724609375], [0.0, 0.0, 1.0, 0.0], [0.0, 0.0, 0.0, 1.0]], "pose_inverse": [[-0.7419004440307617, 0.6705100536346436, 0.0, 273.6459655761719], [-0.6705100536346436, -0.7419004440307617, 0.0, 1543.9053955078125], [0.0, 0.0, 1.0, 0.0], [0.0, 0.0, 0.0, 1.0]], "cam_ids": [0, 1, 2, 3, 4, 5], "cam_channels": ["CAM_FRONT_LEFT", "CAM_FRONT", "CAM_FRONT_RIGHT", "CAM_BACK_LEFT", "CAM_BACK", "CAM_BACK_RIGHT"], "token": "401f75dc5d1541ad8e7ebd4cc6f50e94", "scene": "scene-0558"}, {"images": ["samples/CAM_FRONT_LEFT/n008-2018-08-31-11-37-23-0400__CAM_FRONT_LEFT__1535730320254799.jpg", "samples/CAM_FRONT/n008-2018-08-31-11-37-23-0400__CAM_FRONT__1535730320262440.jpg", "samples/CAM_FRONT_RIGHT/n008-2018-08-31-11-37-23-0400__CAM_FRONT_RIGHT__1535730320270482.jpg", "samples/CAM_BACK_LEFT/n008-2018-08-31-11-37-23-0400__CAM_BACK_LEFT__1535730320297405.jpg", "samples/CAM_BACK/n008-2018-08-31-11-37-23-0400__CAM_BACK__1535730320287558.jpg", "samples/CAM_BACK_RIGHT/n008-2018-08-31-11-37-23-0400__CAM_BACK_RIGHT__1535730320278132.jpg"], "intrinsics": [[[1257.8625342125129, 0.0, 827.2410631095686], [0.0, 1257.8625342125129, 450.915498205774], [0.0, 0.0, 1.0]], [[1252.8131021185304, 0.0, 826.588114781398], [0.0, 1252.8131021185304, 469.9846626224581], [0.0, 0.0, 1.0]], [[1256.7485116440405, 0.0, 817.7887570959712], [0.0, 1256.7485116440403, 451.9541780095127], [0.0, 0.0, 1.0]], [[1254.9860565800168, 0.0, 829.5769333630991], [0.0, 1254.9860565800168, 467.1680561863987], [0.0, 0.0, 1.0]], [[796.8910634503094, 0.0, 857.7774326863696], [0.0, 796.8910634503094, 476.8848988407415], [0.0, 0.0, 1.0]], [[1249.9629280788233, 0.0, 825.3768045375984], [0.0, 1249.9629280788233, 462.54816385708756], [0.0, 0.0, 1.0]]], "extrinsics": [[[0.822470486164093, -0.5686421394348145, -0.013729330152273178, -0.99176025390625], [0.007083328906446695, 0.03437435254454613, -0.9993839263916016, 1.4883880615234375], [0.5687637329101562, 0.8218665719032288, 0.032299768179655075, -1.324951171875], [0.0, 0.0, 0.0, 1.0]], [[0.010140291415154934, -0.9994933009147644, -0.030171094462275505, 0.0057373046875], [0.00907217338681221, 0.03026336245238781, -0.9995008111000061, 1.4802665710449219], [0.999907374382019, 0.00986141711473465, 0.009374454617500305, -1.7215576171875], [0.0, 0.0, 0.0, 1.0]], [[-0.8440313935279846, -0.5356619954109192, -0.02602209337055683, 1.0821533203125], [0.0171261727809906, 0.021575523540377617, -0.9996204972267151, 1.4932365417480469], [0.5360202193260193, -0.8441568613052368, -0.009036579169332981, -1.2718505859375], [0.0, 0.0, 0.0, 1.0]], [[0.9479033946990967, 0.3185325562953949, 0.00402652844786644, -1.14410400390625], [-0.008116381242871284, 0.03678498789668083, -0.9992902278900146, 1.562042236328125], [-0.31845465302467346, 0.9471979141235352, 0.03745394945144653, -0.1561279296875], [0.0, 0.0, 0.0, 1.0]], [[0.009295129217207432, 0.999530553817749, 0.029194749891757965, -0.0289306640625], [-0.006048133596777916, 0.029251674190163612, -0.9995537400245667, 1.5680351257324219], [-0.9999385476112366, 0.009114406071603298, 0.006317191291600466, 0.04083251953125], [0.0, 0.0, 0.0, 1.0]], [[-0.9236947894096375, 0.3831055462360382, 0.004247995559126139, 1.1539306640625], [-0.0018906687619164586, 0.006529523991048336, -0.9999768733978271, 1.5477981567382812], [-0.38312429189682007, -0.9236815571784973, -0.005306962411850691, -0.0460205078125], [0.0, 0.0, 0.0, 1.0]]], "view": [[0.0, -2.0, 100.0], [-2.0, 0.0, 100.0], [0.0, 0.0, 1.0]], "bev": "bev_9988e9a9c21b43a38f059d62e19128d8.png", "aux": "aux_9988e9a9c21b43a38f059d62e19128d8.npz", "visibility": "visibility_9988e9a9c21b43a38f059d62e19128d8.png", "pose": [[-0.7417011260986328, -0.6707305312156677, 0.0, 1238.1380615234375], [0.6707305312156677, -0.7417011260986328, 0.0, 962.0263671875], [0.0, 0.0, 1.0, 0.0], [0.0, 0.0, 0.0, 1.0]], "pose_inverse": [[-0.7417011260986328, 0.6707305312156677, 0.0, 273.06787109375], [-0.6707305312156677, -0.7417011260986328, 0.0, 1543.9930419921875], [0.0, 0.0, 1.0, 0.0], [0.0, 0.0, 0.0, 1.0]], "cam_ids": [0, 1, 2, 3, 4, 5], "cam_channels": ["CAM_FRONT_LEFT", "CAM_FRONT", "CAM_FRONT_RIGHT", "CAM_BACK_LEFT", "CAM_BACK", "CAM_BACK_RIGHT"], "token": "9988e9a9c21b43a38f059d62e19128d8", "scene": "scene-0558"}, {"images": ["samples/CAM_FRONT_LEFT/n008-2018-08-31-11-37-23-0400__CAM_FRONT_LEFT__1535730320754799.jpg", "samples/CAM_FRONT/n008-2018-08-31-11-37-23-0400__CAM_FRONT__1535730320762404.jpg", "samples/CAM_FRONT_RIGHT/n008-2018-08-31-11-37-23-0400__CAM_FRONT_RIGHT__1535730320770482.jpg", "samples/CAM_BACK_LEFT/n008-2018-08-31-11-37-23-0400__CAM_BACK_LEFT__1535730320797405.jpg", "samples/CAM_BACK/n008-2018-08-31-11-37-23-0400__CAM_BACK__1535730320787558.jpg", "samples/CAM_BACK_RIGHT/n008-2018-08-31-11-37-23-0400__CAM_BACK_RIGHT__1535730320778113.jpg"], "intrinsics": [[[1257.8625342125129, 0.0, 827.2410631095686], [0.0, 1257.8625342125129, 450.915498205774], [0.0, 0.0, 1.0]], [[1252.8131021185304, 0.0, 826.588114781398], [0.0, 1252.8131021185304, 469.9846626224581], [0.0, 0.0, 1.0]], [[1256.7485116440405, 0.0, 817.7887570959712], [0.0, 1256.7485116440403, 451.9541780095127], [0.0, 0.0, 1.0]], [[1254.9860565800168, 0.0, 829.5769333630991], [0.0, 1254.9860565800168, 467.1680561863987], [0.0, 0.0, 1.0]], [[796.8910634503094, 0.0, 857.7774326863696], [0.0, 796.8910634503094, 476.8848988407415], [0.0, 0.0, 1.0]], [[1249.9629280788233, 0.0, 825.3768045375984], [0.0, 1249.9629280788233, 462.54816385708756], [0.0, 0.0, 1.0]]], "extrinsics": [[[0.8224921226501465, -0.5686406493186951, -0.012429335154592991, -0.9886474609375], [0.00793526228517294, 0.033322855830192566, -0.9994131326675415, 1.4884300231933594], [0.5687211751937866, 0.8219107985496521, 0.03192009776830673, -1.32275390625], [0.0, 0.0, 0.0, 1.0]], [[0.010185961611568928, -0.9995253086090088, -0.02907676249742508, 0.0059814453125], [0.00986100547015667, 0.029177265241742134, -0.9995256662368774, 1.4803009033203125], [0.9998995065689087, 0.00989434402436018, 0.010153522714972496, -1.718963623046875], [0.0, 0.0, 0.0, 1.0]], [[-0.8440017104148865, -0.5357078313827515, -0.02604045905172825, 1.0809326171875], [0.017854811623692513, 0.02046145685017109, -0.9996311664581299, 1.4932746887207031], [0.5360430479049683, -0.844155490398407, -0.0077045452781021595, -1.27099609375], [0.0, 0.0, 0.0, 1.0]], [[0.9478999376296997, 0.318541020154953, 0.00415761349722743, -1.14447021484375], [-0.007602449972182512, 0.035666387528181076, -0.9993348121643066, 1.5620498657226562], [-0.3184775114059448, 0.9472378492355347, 0.03622986003756523, -0.1558837890625], [0.0, 0.0, 0.0, 1.0]], [[0.009268339723348618, 0.9995629787445068, 0.028071124106645584, -0.0289306640625], [-0.005454089026898146, 0.028122443705797195, -0.9995895624160767, 1.5680427551269531], [-0.9999421834945679, 0.009111426770687103, 0.005712355487048626, 0.04083251953125], [0.0, 0.0, 0.0, 1.0]], [[-0.9237030744552612, 0.38309571146965027, 0.003195961471647024, 1.153350830078125], [-0.0012178645702078938, 0.005405873991549015, -0.9999846816062927, 1.5478038787841797], [-0.3831070065498352, -0.9236927628517151, -0.004526863340288401, -0.0465087890625], [0.0, 0.0, 0.0, 1.0]]], "view": [[0.0, -2.0, 100.0], [-2.0, 0.0, 100.0], [0.0, 0.0, 1.0]], "bev": "bev_1bcca0cab22d4993a7416f1e60caed87.png", "aux": "aux_1bcca0cab22d4993a7416f1e60caed87.npz", "visibility": "visibility_1bcca0cab22d4993a7416f1e60caed87.png", "pose": [[-0.7415992021560669, -0.6708431839942932, 0.0, 1237.9771728515625], [0.6708431839942932, -0.7415992021560669, 0.0, 962.1795654296875], [0.0, 0.0, 1.0, 0.0], [0.0, 0.0, 0.0, 1.0]], "pose_inverse": [[-0.7415992021560669, 0.6708431839942932, 0.0, 272.61126708984375], [-0.6708431839942932, -0.7415992021560669, 0.0, 1544.0401611328125], [0.0, 0.0, 1.0, 0.0], [0.0, 0.0, 0.0, 1.0]], "cam_ids": [0, 1, 2, 3, 4, 5], "cam_channels": ["CAM_FRONT_LEFT", "CAM_FRONT", "CAM_FRONT_RIGHT", "CAM_BACK_LEFT", "CAM_BACK", "CAM_BACK_RIGHT"], "token": "1bcca0cab22d4993a7416f1e60caed87", "scene": "scene-0558"}, {"images": ["samples/CAM_FRONT_LEFT/n008-2018-08-31-11-37-23-0400__CAM_FRONT_LEFT__1535730321254799.jpg", "samples/CAM_FRONT/n008-2018-08-31-11-37-23-0400__CAM_FRONT__1535730321262404.jpg", "samples/CAM_FRONT_RIGHT/n008-2018-08-31-11-37-23-0400__CAM_FRONT_RIGHT__1535730321270489.jpg", "samples/CAM_BACK_LEFT/n008-2018-08-31-11-37-23-0400__CAM_BACK_LEFT__1535730321297405.jpg", "samples/CAM_BACK/n008-2018-08-31-11-37-23-0400__CAM_BACK__1535730321287558.jpg", "samples/CAM_BACK_RIGHT/n008-2018-08-31-11-37-23-0400__CAM_BACK_RIGHT__1535730321278113.jpg"], "intrinsics": [[[1257.8625342125129, 0.0, 827.2410631095686], [0.0, 1257.8625342125129, 450.915498205774], [0.0, 0.0, 1.0]], [[1252.8131021185304, 0.0, 826.588114781398], [0.0, 1252.8131021185304, 469.9846626224581], [0.0, 0.0, 1.0]], [[1256.7485116440405, 0.0, 817.7887570959712], [0.0, 1256.7485116440403, 451.9541780095127], [0.0, 0.0, 1.0]], [[1254.9860565800168, 0.0, 829.5769333630991], [0.0, 1254.9860565800168, 467.1680561863987], [0.0, 0.0, 1.0]], [[796.8910634503094, 0.0, 857.7774326863696], [0.0, 796.8910634503094, 476.8848988407415], [0.0, 0.0, 1.0]], [[1249.9629280788233, 0.0, 825.3768045375984], [0.0, 1249.9629280788233, 462.54816385708756], [0.0, 0.0, 1.0]]], "extrinsics": [[[0.8225372433662415, -0.5685720443725586, -0.012582613155245781, -0.9886474609375], [0.008133189752697945, 0.03388281539082527, -0.9993926882743835, 1.4884376525878906], [0.5686531066894531, 0.8219354748725891, 0.03249417990446091, -1.3223876953125], [0.0, 0.0, 0.0, 1.0]], [[0.010250053368508816, -0.9995093941688538, -0.029595067724585533, 0.005859375], [0.010117530822753906, 0.029698770493268967, -0.9995076656341553, 1.4803199768066406], [0.9998962879180908, 0.009945550002157688, 0.01041698083281517, -1.718597412109375], [0.0, 0.0, 0.0, 1.0]], [[-0.8439691066741943, -0.5357333421707153, -0.02656867355108261, 1.080322265625], [0.018174631521105766, 0.020942561328411102, -0.9996154308319092, 1.4932899475097656], [0.5360836982727051, -0.8441274762153625, -0.007938121445477009, -1.27099609375], [0.0, 0.0, 0.0, 1.0]], [[0.947900652885437, 0.3185294568538666, 0.004826837684959173, -1.1444091796875], [-0.007005147635936737, 0.03598968684673309, -0.9993276000022888, 1.5620498657226562], [-0.31848904490470886, 0.9472294449806213, 0.03634599596261978, -0.15576171875], [0.0, 0.0, 0.0, 1.0]], [[0.00924063939601183, 0.999552309513092, 0.02845790609717369, -0.02880859375], [-0.004960979335010052, 0.028504595160484314, -0.9995813369750977, 1.5680427551269531], [-0.9999450445175171, 0.009095612913370132, 0.005222158040851355, 0.040069580078125], [0.0, 0.0, 0.0, 1.0]], [[-0.9237174987792969, 0.38306254148483276, 0.0030104455072432756, 1.152679443359375], [-0.0008364073582924902, 0.005841837264597416, -0.9999825954437256, 1.5478038787841797], [-0.3830733895301819, -0.9237039089202881, -0.005075810942798853, -0.046875], [0.0, 0.0, 0.0, 1.0]]], "view": [[0.0, -2.0, 100.0], [-2.0, 0.0, 100.0], [0.0, 0.0, 1.0]], "bev": "bev_5471bd1126d54accbd0dc01fbcf8768d.png", "aux": "aux_5471bd1126d54accbd0dc01fbcf8768d.npz", "visibility": "visibility_5471bd1126d54accbd0dc01fbcf8768d.png", "pose": [[-0.7412413954734802, -0.6712385416030884, 0.0, 1237.8072509765625], [0.6712385416030884, -0.7412413954734802, 0.0, 962.3421630859375], [0.0, 0.0, 1.0, 0.0], [0.0, 0.0, 0.0, 1.0]], "pose_inverse": [[-0.7412413954734802, 0.6712385416030884, 0.0, 271.55279541015625], [-0.6712385416030884, -0.7412413954734802, 0.0, 1544.1917724609375], [0.0, 0.0, 1.0, 0.0], [0.0, 0.0, 0.0, 1.0]], "cam_ids": [0, 1, 2, 3, 4, 5], "cam_channels": ["CAM_FRONT_LEFT", "CAM_FRONT", "CAM_FRONT_RIGHT", "CAM_BACK_LEFT", "CAM_BACK", "CAM_BACK_RIGHT"], "token": "5471bd1126d54accbd0dc01fbcf8768d", "scene": "scene-0558"}, {"images": ["samples/CAM_FRONT_LEFT/n008-2018-08-31-11-37-23-0400__CAM_FRONT_LEFT__1535730321754799.jpg", "samples/CAM_FRONT/n008-2018-08-31-11-37-23-0400__CAM_FRONT__1535730321762404.jpg", "samples/CAM_FRONT_RIGHT/n008-2018-08-31-11-37-23-0400__CAM_FRONT_RIGHT__1535730321770482.jpg", "samples/CAM_BACK_LEFT/n008-2018-08-31-11-37-23-0400__CAM_BACK_LEFT__1535730321797405.jpg", "samples/CAM_BACK/n008-2018-08-31-11-37-23-0400__CAM_BACK__1535730321787558.jpg", "samples/CAM_BACK_RIGHT/n008-2018-08-31-11-37-23-0400__CAM_BACK_RIGHT__1535730321778113.jpg"], "intrinsics": [[[1257.8625342125129, 0.0, 827.2410631095686], [0.0, 1257.8625342125129, 450.915498205774], [0.0, 0.0, 1.0]], [[1252.8131021185304, 0.0, 826.588114781398], [0.0, 1252.8131021185304, 469.9846626224581], [0.0, 0.0, 1.0]], [[1256.7485116440405, 0.0, 817.7887570959712], [0.0, 1256.7485116440403, 451.9541780095127], [0.0, 0.0, 1.0]], [[1254.9860565800168, 0.0, 829.5769333630991], [0.0, 1254.9860565800168, 467.1680561863987], [0.0, 0.0, 1.0]], [[796.8910634503094, 0.0, 857.7774326863696], [0.0, 796.8910634503094, 476.8848988407415], [0.0, 0.0, 1.0]], [[1249.9629280788233, 0.0, 825.3768045375984], [0.0, 1249.9629280788233, 462.54816385708756], [0.0, 0.0, 1.0]]], "extrinsics": [[[0.8229817152023315, -0.5680373311042786, -0.005884972866624594, -0.9779052734375], [0.014132619835436344, 0.03082979843020439, -0.9994246959686279, 1.4887542724609375], [0.5678920149803162, 0.8224251866340637, 0.033400218933820724, -1.3148193359375], [0.0, 0.0, 0.0, 1.0]], [[0.011018329299986362, -0.9995853900909424, -0.026602180674672127, 0.005859375], [0.01625298336148262, 0.026779308915138245, -0.9995092153549194, 1.4805984497070312], [0.9998071789741516, 0.010580599308013916, 0.016541307792067528, -1.707733154296875], [0.0, 0.0, 0.0, 1.0]], [[-0.8435420393943787, -0.5362035036087036, -0.030375337228178978, 1.0731201171875], [0.02445109374821186, 0.018156766891479492, -0.9995360970497131, 1.4935836791992188], [0.5365063548088074, -0.8438934683799744, -0.002205234719440341, -1.26611328125], [0.0, 0.0, 0.0, 1.0]], [[0.9478548169136047, 0.3185316026210785, 0.010441324673593044, -1.1436767578125], [-0.0002799449721351266, 0.03359408676624298, -0.9994354844093323, 1.562042236328125], [-0.3187025785446167, 0.9473168253898621, 0.03193148598074913, -0.15625], [0.0, 0.0, 0.0, 1.0]], [[0.008895461447536945, 0.99962317943573, 0.0259688850492239, -0.02880859375], [0.001597894006408751, 0.025955667719244957, -0.9996618032455444, 1.5680694580078125], [-0.9999591708183289, 0.008934061974287033, -0.001366402255371213, 0.036407470703125], [0.0, 0.0, 0.0, 1.0]], [[-0.9238437414169312, 0.3827494978904724, -0.003944289870560169, 1.146636962890625], [0.005575172603130341, 0.003151877550408244, -0.9999794960021973, 1.5478935241699219], [-0.382729172706604, -0.9238467812538147, -0.005045733880251646, -0.0494384765625], [0.0, 0.0, 0.0, 1.0]]], "view": [[0.0, -2.0, 100.0], [-2.0, 0.0, 100.0], [0.0, 0.0, 1.0]], "bev": "bev_13a335871a10407a8b44f52cdce5a15b.png", "aux": "aux_13a335871a10407a8b44f52cdce5a15b.npz", "visibility": "visibility_13a335871a10407a8b44f52cdce5a15b.png", "pose": [[-0.7395297288894653, -0.6731238961219788, 0.0, 1237.59765625], [0.6731238961219788, -0.7395297288894653, 0.0, 962.5355834960938], [0.0, 0.0, 1.0, 0.0], [0.0, 0.0, 0.0, 1.0]], "pose_inverse": [[-0.7395297288894653, 0.6731238961219788, 0.0, 267.3345947265625], [-0.6731238961219788, -0.7395297288894653, 0.0, 1544.8802490234375], [0.0, 0.0, 1.0, 0.0], [0.0, 0.0, 0.0, 1.0]], "cam_ids": [0, 1, 2, 3, 4, 5], "cam_channels": ["CAM_FRONT_LEFT", "CAM_FRONT", "CAM_FRONT_RIGHT", "CAM_BACK_LEFT", "CAM_BACK", "CAM_BACK_RIGHT"], "token": "13a335871a10407a8b44f52cdce5a15b", "scene": "scene-0558"}, {"images": ["samples/CAM_FRONT_LEFT/n008-2018-08-31-11-37-23-0400__CAM_FRONT_LEFT__1535730322154799.jpg", "samples/CAM_FRONT/n008-2018-08-31-11-37-23-0400__CAM_FRONT__1535730322162404.jpg", "samples/CAM_FRONT_RIGHT/n008-2018-08-31-11-37-23-0400__CAM_FRONT_RIGHT__1535730322170482.jpg", "samples/CAM_BACK_LEFT/n008-2018-08-31-11-37-23-0400__CAM_BACK_LEFT__1535730322197405.jpg", "samples/CAM_BACK/n008-2018-08-31-11-37-23-0400__CAM_BACK__1535730322187558.jpg", "samples/CAM_BACK_RIGHT/n008-2018-08-31-11-37-23-0400__CAM_BACK_RIGHT__1535730322178113.jpg"], "intrinsics": [[[1257.8625342125129, 0.0, 827.2410631095686], [0.0, 1257.8625342125129, 450.915498205774], [0.0, 0.0, 1.0]], [[1252.8131021185304, 0.0, 826.588114781398], [0.0, 1252.8131021185304, 469.9846626224581], [0.0, 0.0, 1.0]], [[1256.7485116440405, 0.0, 817.7887570959712], [0.0, 1256.7485116440403, 451.9541780095127], [0.0, 0.0, 1.0]], [[1254.9860565800168, 0.0, 829.5769333630991], [0.0, 1254.9860565800168, 467.1680561863987], [0.0, 0.0, 1.0]], [[796.8910634503094, 0.0, 857.7774326863696], [0.0, 796.8910634503094, 476.8848988407415], [0.0, 0.0, 1.0]], [[1249.9629280788233, 0.0, 825.3768045375984], [0.0, 1249.9629280788233, 462.54816385708756], [0.0, 0.0, 1.0]]], "extrinsics": [[[0.823858380317688, -0.5667928457260132, -0.0018177932361140847, -0.97039794921875], [0.02222050540149212, 0.035502828657627106, -0.9991225004196167, 1.4892196655273438], [0.5663599967956543, 0.8230950832366943, 0.041843727231025696, -1.3095703125], [0.0, 0.0, 0.0, 1.0]], [[0.012452899478375912, -0.9994415640830994, -0.031007030978798866, 0.0057373046875], [0.024276817217469215, 0.03130248934030533, -0.9992151260375977, 1.4809989929199219], [0.9996277093887329, 0.011690281331539154, 0.02465306781232357, -1.700225830078125], [0.0, 0.0, 0.0, 1.0]], [[-0.8427692651748657, -0.536828875541687, -0.03942754864692688, 1.0682373046875], [0.03239860385656357, 0.022525405511260033, -0.99922114610672, 1.4939346313476562], [0.5372989177703857, -0.8433904051780701, -0.001591215841472149, -1.2633056640625], [0.0, 0.0, 0.0, 1.0]], [[0.9477336406707764, 0.3185064494609833, 0.01883462443947792, -1.14300537109375], [0.007269234396517277, 0.03746112436056137, -0.9992716312408447, 1.5620498657226562], [-0.318979948759079, 0.9471802115440369, 0.0331878699362278, -0.1566162109375], [0.0, 0.0, 0.0, 1.0]], [[0.008331937715411186, 0.999512791633606, 0.030080026015639305, -0.02880859375], [0.009290475398302078, 0.030002396553754807, -0.9995066523551941, 1.5681533813476562], [-0.9999221563339233, 0.008607272990047932, -0.009035971015691757, 0.034088134765625], [0.0, 0.0, 0.0, 1.0]], [[-0.9240415096282959, 0.3821718692779541, -0.009593170136213303, 1.14306640625], [0.013427700847387314, 0.00736765144392848, -0.999882698059082, 1.548069953918457], [-0.382056325674057, -0.9240618944168091, -0.011939705349504948, -0.0509033203125], [0.0, 0.0, 0.0, 1.0]]], "view": [[0.0, -2.0, 100.0], [-2.0, 0.0, 100.0], [0.0, 0.0, 1.0]], "bev": "bev_f697b219e40544059d8ed14c3b74abae.png", "aux": "aux_f697b219e40544059d8ed14c3b74abae.npz", "visibility": "visibility_f697b219e40544059d8ed14c3b74abae.png", "pose": [[-0.7300450801849365, -0.683398962020874, 0.0, 1237.3349609375], [0.683398962020874, -0.7300450801849365, 0.0, 962.7770385742188], [0.0, 0.0, 1.0, 0.0], [0.0, 0.0, 0.0, 1.0]], "pose_inverse": [[-0.7300450801849365, 0.683398962020874, 0.0, 245.3494873046875], [-0.683398962020874, -0.7300450801849365, 0.0, 1548.464111328125], [0.0, 0.0, 1.0, 0.0], [0.0, 0.0, 0.0, 1.0]], "cam_ids": [0, 1, 2, 3, 4, 5], "cam_channels": ["CAM_FRONT_LEFT", "CAM_FRONT", "CAM_FRONT_RIGHT", "CAM_BACK_LEFT", "CAM_BACK", "CAM_BACK_RIGHT"], "token": "f697b219e40544059d8ed14c3b74abae", "scene": "scene-0558"}, {"images": ["samples/CAM_FRONT_LEFT/n008-2018-08-31-11-37-23-0400__CAM_FRONT_LEFT__1535730322654799.jpg", "samples/CAM_FRONT/n008-2018-08-31-11-37-23-0400__CAM_FRONT__1535730322662404.jpg", "samples/CAM_FRONT_RIGHT/n008-2018-08-31-11-37-23-0400__CAM_FRONT_RIGHT__1535730322670482.jpg", "samples/CAM_BACK_LEFT/n008-2018-08-31-11-37-23-0400__CAM_BACK_LEFT__1535730322697405.jpg", "samples/CAM_BACK/n008-2018-08-31-11-37-23-0400__CAM_BACK__1535730322687558.jpg", "samples/CAM_BACK_RIGHT/n008-2018-08-31-11-37-23-0400__CAM_BACK_RIGHT__1535730322678113.jpg"], "intrinsics": [[[1257.8625342125129, 0.0, 827.2410631095686], [0.0, 1257.8625342125129, 450.915498205774], [0.0, 0.0, 1.0]], [[1252.8131021185304, 0.0, 826.588114781398], [0.0, 1252.8131021185304, 469.9846626224581], [0.0, 0.0, 1.0]], [[1256.7485116440405, 0.0, 817.7887570959712], [0.0, 1256.7485116440403, 451.9541780095127], [0.0, 0.0, 1.0]], [[1254.9860565800168, 0.0, 829.5769333630991], [0.0, 1254.9860565800168, 467.1680561863987], [0.0, 0.0, 1.0]], [[796.8910634503094, 0.0, 857.7774326863696], [0.0, 796.8910634503094, 476.8848988407415], [0.0, 0.0, 1.0]], [[1249.9629280788233, 0.0, 825.3768045375984], [0.0, 1249.9629280788233, 462.54816385708756], [0.0, 0.0, 1.0]]], "extrinsics": [[[0.8244657516479492, -0.5659094452857971, -0.0016695690574124455, -0.96563720703125], [0.028121959418058395, 0.0439167246222496, -0.9986392855644226, 1.4895858764648438], [0.5652127265930176, 0.8232969641685486, 0.052122317254543304, -1.3074951171875], [0.0, 0.0, 0.0, 1.0]], [[0.013485231436789036, -0.9991294741630554, -0.03947754576802254, 0.006591796875], [0.03011646680533886, 0.039869070053100586, -0.9987509250640869, 1.4813156127929688], [0.9994555115699768, 0.012279470451176167, 0.030627889558672905, -1.6957244873046875], [0.0, 0.0, 0.0, 1.0]], [[-0.842167854309082, -0.5369844436645508, -0.049000415951013565, 1.065185546875], [0.03818942606449127, 0.031246379017829895, -0.9987818598747253, 1.4942245483398438], [0.5378614664077759, -0.843013346195221, -0.005807568319141865, -1.2606201171875], [0.0, 0.0, 0.0, 1.0]], [[0.9475909471511841, 0.3183402121067047, 0.02703634835779667, -1.14227294921875], [0.01289148349314928, 0.046456772834062576, -0.9988371133804321, 1.5620498657226562], [-0.3192259669303894, 0.9468374848365784, 0.03991813585162163, -0.156982421875], [0.0, 0.0, 0.0, 1.0]], [[0.007877863943576813, 0.9992058277130127, 0.03905850648880005, -0.029052734375], [0.014966980554163456, 0.0389375202357769, -0.9991295337677002, 1.5682296752929688], [-0.9998570084571838, 0.008455717004835606, -0.014648348093032837, 0.0318450927734375], [0.0, 0.0, 0.0, 1.0]], [[-0.9241589903831482, 0.3818337619304657, -0.011540142819285393, 1.139678955078125], [0.019174842163920403, 0.01619577966630459, -0.9996849894523621, 1.5482330322265625], [-0.3815264105796814, -0.9240890741348267, -0.022289074957370758, -0.052001953125], [0.0, 0.0, 0.0, 1.0]]], "view": [[0.0, -2.0, 100.0], [-2.0, 0.0, 100.0], [0.0, 0.0, 1.0]], "bev": "bev_56e74d1ca70841fd84feba969f7955ce.png", "aux": "aux_56e74d1ca70841fd84feba969f7955ce.npz", "visibility": "visibility_56e74d1ca70841fd84feba969f7955ce.png", "pose": [[-0.704840898513794, -0.7093654274940491, 0.0, 1236.972412109375], [0.7093654274940491, -0.704840898513794, 0.0, 963.1328125], [0.0, 0.0, 1.0, 0.0], [0.0, 0.0, 0.0, 1.0]], "pose_inverse": [[-0.704840898513794, 0.7093654274940491, 0.0, 188.6555938720703], [-0.7093654274940491, -0.704840898513794, 0.0, 1556.3209228515625], [0.0, 0.0, 1.0, 0.0], [0.0, 0.0, 0.0, 1.0]], "cam_ids": [0, 1, 2, 3, 4, 5], "cam_channels": ["CAM_FRONT_LEFT", "CAM_FRONT", "CAM_FRONT_RIGHT", "CAM_BACK_LEFT", "CAM_BACK", "CAM_BACK_RIGHT"], "token": "56e74d1ca70841fd84feba969f7955ce", "scene": "scene-0558"}, {"images": ["samples/CAM_FRONT_LEFT/n008-2018-08-31-11-37-23-0400__CAM_FRONT_LEFT__1535730323254799.jpg", "samples/CAM_FRONT/n008-2018-08-31-11-37-23-0400__CAM_FRONT__1535730323262469.jpg", "samples/CAM_FRONT_RIGHT/n008-2018-08-31-11-37-23-0400__CAM_FRONT_RIGHT__1535730323270482.jpg", "samples/CAM_BACK_LEFT/n008-2018-08-31-11-37-23-0400__CAM_BACK_LEFT__1535730323297405.jpg", "samples/CAM_BACK/n008-2018-08-31-11-37-23-0400__CAM_BACK__1535730323287558.jpg", "samples/CAM_BACK_RIGHT/n008-2018-08-31-11-37-23-0400__CAM_BACK_RIGHT__1535730323278113.jpg"], "intrinsics": [[[1257.8625342125129, 0.0, 827.2410631095686], [0.0, 1257.8625342125129, 450.915498205774], [0.0, 0.0, 1.0]], [[1252.8131021185304, 0.0, 826.588114781398], [0.0, 1252.8131021185304, 469.9846626224581], [0.0, 0.0, 1.0]], [[1256.7485116440405, 0.0, 817.7887570959712], [0.0, 1256.7485116440403, 451.9541780095127], [0.0, 0.0, 1.0]], [[1254.9860565800168, 0.0, 829.5769333630991], [0.0, 1254.9860565800168, 467.1680561863987], [0.0, 0.0, 1.0]], [[796.8910634503094, 0.0, 857.7774326863696], [0.0, 796.8910634503094, 476.8848988407415], [0.0, 0.0, 1.0]], [[1249.9629280788233, 0.0, 825.3768045375984], [0.0, 1249.9629280788233, 462.54816385708756], [0.0, 0.0, 1.0]]], "extrinsics": [[[0.8259693384170532, -0.5636680126190186, 0.007292652036994696, -0.9554443359375], [0.036010172218084335, 0.03984822705388069, -0.9985566735267639, 1.4904327392578125], [0.5625638365745544, 0.8250396847724915, 0.05321119725704193, -1.3001708984375], [0.0, 0.0, 0.0, 1.0]], [[0.016047468408942223, -0.9992539286613464, -0.03513102978467941, 0.006591796875], [0.03811526671051979, 0.035721372812986374, -0.9986346364021301, 1.4820404052734375], [0.9991445541381836, 0.014686518348753452, 0.038660064339637756, -1.6852874755859375], [0.0, 0.0, 0.0, 1.0]], [[-0.8407840132713318, -0.5387123823165894, -0.05358341708779335, 1.05810546875], [0.046306170523166656, 0.027051208540797234, -0.998560905456543, 1.4948577880859375], [0.5393867492675781, -0.8420553803443909, 0.002201486611738801, -1.2564697265625], [0.0, 0.0, 0.0, 1.0]], [[0.9472805857658386, 0.31861552596092224, 0.03381853923201561, -1.14166259765625], [0.021450119093060493, 0.04224926978349686, -0.9988768100738525, 1.5620956420898438], [-0.31968653202056885, 0.9469419717788696, 0.03318757191300392, -0.1568603515625], [0.0, 0.0, 0.0, 1.0]], [[0.006802014075219631, 0.9993694424629211, 0.034848909825086594, -0.02880859375], [0.02335168421268463, 0.034681469202041626, -0.9991255402565002, 1.5684280395507812], [-0.9997043013572693, 0.007609792053699493, -0.02310105599462986, 0.02857208251953125], [0.0, 0.0, 0.0, 1.0]], [[-0.9245362877845764, 0.3805236220359802, -0.02084304392337799, 1.13409423828125], [0.027450980618596077, 0.011945977807044983, -0.9995517730712891, 1.5485916137695312], [-0.38010403513908386, -0.9246940612792969, -0.02149023488163948, -0.0543212890625], [0.0, 0.0, 0.0, 1.0]]], "view": [[0.0, -2.0, 100.0], [-2.0, 0.0, 100.0], [0.0, 0.0, 1.0]], "bev": "bev_354d984830374fdcb1d1791073e19476.png", "aux": "aux_354d984830374fdcb1d1791073e19476.npz", "visibility": "visibility_354d984830374fdcb1d1791073e19476.png", "pose": [[-0.6564534306526184, -0.7543665766716003, 0.0, 1236.4671630859375], [0.7543665766716003, -0.6564534306526184, 0.0, 963.685546875], [0.0, 0.0, 1.0, 0.0], [0.0, 0.0, 0.0, 1.0]], "pose_inverse": [[-0.6564534306526184, 0.7543665766716003, 0.0, 84.71092987060547], [-0.7543665766716003, -0.6564534306526184, 0.0, 1565.3641357421875], [0.0, 0.0, 1.0, 0.0], [0.0, 0.0, 0.0, 1.0]], "cam_ids": [0, 1, 2, 3, 4, 5], "cam_channels": ["CAM_FRONT_LEFT", "CAM_FRONT", "CAM_FRONT_RIGHT", "CAM_BACK_LEFT", "CAM_BACK", "CAM_BACK_RIGHT"], "token": "354d984830374fdcb1d1791073e19476", "scene": "scene-0558"}, {"images": ["samples/CAM_FRONT_LEFT/n008-2018-08-31-11-37-23-0400__CAM_FRONT_LEFT__1535730323754799.jpg", "samples/CAM_FRONT/n008-2018-08-31-11-37-23-0400__CAM_FRONT__1535730323762404.jpg", "samples/CAM_FRONT_RIGHT/n008-2018-08-31-11-37-23-0400__CAM_FRONT_RIGHT__1535730323770482.jpg", "samples/CAM_BACK_LEFT/n008-2018-08-31-11-37-23-0400__CAM_BACK_LEFT__1535730323797405.jpg", "samples/CAM_BACK/n008-2018-08-31-11-37-23-0400__CAM_BACK__1535730323787558.jpg", "samples/CAM_BACK_RIGHT/n008-2018-08-31-11-37-23-0400__CAM_BACK_RIGHT__1535730323778113.jpg"], "intrinsics": [[[1257.8625342125129, 0.0, 827.2410631095686], [0.0, 1257.8625342125129, 450.915498205774], [0.0, 0.0, 1.0]], [[1252.8131021185304, 0.0, 826.588114781398], [0.0, 1252.8131021185304, 469.9846626224581], [0.0, 0.0, 1.0]], [[1256.7485116440405, 0.0, 817.7887570959712], [0.0, 1256.7485116440403, 451.9541780095127], [0.0, 0.0, 1.0]], [[1254.9860565800168, 0.0, 829.5769333630991], [0.0, 1254.9860565800168, 467.1680561863987], [0.0, 0.0, 1.0]], [[796.8910634503094, 0.0, 857.7774326863696], [0.0, 796.8910634503094, 476.8848988407415], [0.0, 0.0, 1.0]], [[1249.9629280788233, 0.0, 825.3768045375984], [0.0, 1249.9629280788233, 462.54816385708756], [0.0, 0.0, 1.0]]], "extrinsics": [[[0.8274467587471008, -0.5613753795623779, 0.013777541927993298, -0.93853759765625], [0.041108064353466034, 0.03608604893088341, -0.9985028505325317, 1.4915695190429688], [0.5600376725196838, 0.8267742991447449, 0.05293633043766022, -1.2889404296875], [0.0, 0.0, 0.0, 1.0]], [[0.018463781103491783, -0.9993414878845215, -0.031236356124281883, 0.0069580078125], [0.043147001415491104, 0.03200898692011833, -0.9985558390617371, 1.4830055236816406], [0.9988980889320374, 0.017089318484067917, 0.043709591031074524, -1.6686058044433594], [0.0, 0.0, 0.0, 1.0]], [[-0.8395698070526123, -0.5403798818588257, -0.055786289274692535, 1.0477294921875], [0.0512738972902298, 0.023408690467476845, -0.9984102249145508, 1.4957008361816406], [0.540826678276062, -0.841095507144928, 0.008054152131080627, -1.2493896484375], [0.0, 0.0, 0.0, 1.0]], [[0.9471045732498169, 0.3187693953514099, 0.03713427856564522, -1.14190673828125], [0.026101810857653618, 0.03881330043077469, -0.9989054799079895, 1.5620956420898438], [-0.31986191868782043, 0.9470372796058655, 0.02843979373574257, -0.1568603515625], [0.0, 0.0, 0.0, 1.0]], [[0.005971733946353197, 0.9994913339614868, 0.03132668510079384, -0.02880859375], [0.02817622572183609, 0.03114662691950798, -0.9991175532341003, 1.5686225891113281], [-0.9995852112770081, 0.006849151104688644, -0.027975