[{"images": ["samples/CAM_FRONT_LEFT/n015-2018-10-02-10-50-40+0800__CAM_FRONT_LEFT__1538448724104844.jpg", "samples/CAM_FRONT/n015-2018-10-02-10-50-40+0800__CAM_FRONT__1538448724112460.jpg", "samples/CAM_FRONT_RIGHT/n015-2018-10-02-10-50-40+0800__CAM_FRONT_RIGHT__1538448724120339.jpg", "samples/CAM_BACK_LEFT/n015-2018-10-02-10-50-40+0800__CAM_BACK_LEFT__1538448724147423.jpg", "samples/CAM_BACK/n015-2018-10-02-10-50-40+0800__CAM_BACK__1538448724137554.jpg", "samples/CAM_BACK_RIGHT/n015-2018-10-02-10-50-40+0800__CAM_BACK_RIGHT__1538448724127893.jpg"], "intrinsics": [[[1272.5979470598488, 0.0, 826.6154927353808], [0.0, 1272.5979470598488, 479.75165386361925], [0.0, 0.0, 1.0]], [[1266.417203046554, 0.0, 816.2670197447984], [0.0, 1266.417203046554, 491.50706579294757], [0.0, 0.0, 1.0]], [[1260.8474446004698, 0.0, 807.968244525554], [0.0, 1260.8474446004698, 495.3344268742088], [0.0, 0.0, 1.0]], [[1256.7414812095406, 0.0, 792.1125740759628], [0.0, 1256.7414812095406, 492.7757465151356], [0.0, 0.0, 1.0]], [[809.2209905677063, 0.0, 829.2196003259838], [0.0, 809.2209905677063, 481.77842384512485], [0.0, 0.0, 1.0]], [[1259.5137405846733, 0.0, 807.2529053838625], [0.0, 1259.5137405846733, 501.19579884916527], [0.0, 0.0, 1.0]]], "extrinsics": [[[0.8210609555244446, -0.5708215832710266, -0.004647000692784786, -0.7679443359375], [0.012977859005331993, 0.02680443972349167, -0.9995564818382263, 1.5113372802734375], [0.5706929564476013, 0.8206364512443542, 0.029416119679808617, -1.14404296875], [0.0, 0.0, 0.0, 1.0]], [[0.006170653272420168, -0.9997248649597168, -0.022625571116805077, 0.006591796875], [0.0074865254573524, 0.02267155610024929, -0.9997149705886841, 1.5219879150390625], [0.9999529123306274, 0.005999487359076738, 0.007624365389347076, -1.4954833984375], [0.0, 0.0, 0.0, 1.0]], [[-0.8325272798538208, -0.5530135035514832, -0.03277838975191116, 0.90576171875], [0.012898581102490425, 0.03980239853262901, -0.99912428855896, 1.5055999755859375], [0.5538339018821716, -0.8322209715843201, -0.02600349299609661, -1.1640625], [0.0, 0.0, 0.0, 1.0]], [[0.9476436972618103, 0.3185140788555145, 0.0228057149797678, -1.1396484375], [0.02096468396484852, 0.009207392111420631, -0.9997377991676331, 1.5886116027832031], [-0.31864050030708313, 0.9478734135627747, 0.002047781366854906, -0.1044921875], [0.0, 0.0, 0.0, 1.0]], [[0.0023260251618921757, 0.9998104572296143, 0.019329218193888664, 0.002685546875], [-0.004239194560796022, 0.019338954240083694, -0.9998040199279785, 1.5791206359863281], [-0.999988317489624, 0.002243675524368882, 0.0042833732441067696, -0.05511474609375], [0.0, 0.0, 0.0, 1.0]], [[-0.9346646070480347, 0.35523906350135803, -0.01439504325389862, 1.03314208984375], [0.028587816283106804, 0.03473590314388275, -0.9989875555038452, 1.5545730590820312], [-0.3543793261051178, -0.9341299533843994, -0.042621929198503494, -0.102294921875], [0.0, 0.0, 0.0, 1.0]]], "view": [[0.0, -2.0, 100.0], [-2.0, 0.0, 100.0], [0.0, 0.0, 1.0]], "bev": "bev_f8e8dd98088d458abb0a664330403168.png", "aux": "aux_f8e8dd98088d458abb0a664330403168.npz", "visibility": "visibility_f8e8dd98088d458abb0a664330403168.png", "pose": [[-0.8628708124160767, -0.5054244995117188, 0.0, 2033.7650146484375], [0.5054244995117188, -0.8628708124160767, 0.0, 2330.623779296875], [0.0, 0.0, 1.0, 0.0], [0.0, 0.0, 0.0, 1.0]], "pose_inverse": [[-0.8628708124160767, 0.5054244995117188, 0.0, 576.9221801757812], [-0.5054244995117188, -0.8628708124160767, 0.0, 3038.94189453125], [0.0, 0.0, 1.0, 0.0], [0.0, 0.0, 0.0, 1.0]], "cam_ids": [0, 1, 2, 3, 4, 5], "cam_channels": ["CAM_FRONT_LEFT", "CAM_FRONT", "CAM_FRONT_RIGHT", "CAM_BACK_LEFT", "CAM_BACK", "CAM_BACK_RIGHT"], "token": "f8e8dd98088d458abb0a664330403168", "scene": "scene-0795"}, {"images": ["samples/CAM_FRONT_LEFT/n015-2018-10-02-10-50-40+0800__CAM_FRONT_LEFT__1538448724604844.jpg", "samples/CAM_FRONT/n015-2018-10-02-10-50-40+0800__CAM_FRONT__1538448724612460.jpg", "samples/CAM_FRONT_RIGHT/n015-2018-10-02-10-50-40+0800__CAM_FRONT_RIGHT__1538448724620339.jpg", "samples/CAM_BACK_LEFT/n015-2018-10-02-10-50-40+0800__CAM_BACK_LEFT__1538448724647423.jpg", "samples/CAM_BACK/n015-2018-10-02-10-50-40+0800__CAM_BACK__1538448724637525.jpg", "samples/CAM_BACK_RIGHT/n015-2018-10-02-10-50-40+0800__CAM_BACK_RIGHT__1538448724627893.jpg"], "intrinsics": [[[1272.5979470598488, 0.0, 826.6154927353808], [0.0, 1272.5979470598488, 479.75165386361925], [0.0, 0.0, 1.0]], [[1266.417203046554, 0.0, 816.2670197447984], [0.0, 1266.417203046554, 491.50706579294757], [0.0, 0.0, 1.0]], [[1260.8474446004698, 0.0, 807.968244525554], [0.0, 1260.8474446004698, 495.3344268742088], [0.0, 0.0, 1.0]], [[1256.7414812095406, 0.0, 792.1125740759628], [0.0, 1256.7414812095406, 492.7757465151356], [0.0, 0.0, 1.0]], [[809.2209905677063, 0.0, 829.2196003259838], [0.0, 809.2209905677063, 481.77842384512485], [0.0, 0.0, 1.0]], [[1259.5137405846733, 0.0, 807.2529053838625], [0.0, 1259.5137405846733, 501.19579884916527], [0.0, 0.0, 1.0]]], "extrinsics": [[[0.8216552138328552, -0.5699644684791565, -0.004802983719855547, -0.753662109375], [0.013326072134077549, 0.027633583173155785, -0.9995293021202087, 1.5116195678710938], [0.5698289275169373, 0.8212044835090637, 0.030300669372081757, -1.135498046875], [0.0, 0.0, 0.0, 1.0]], [[0.006982959806919098, -0.9996965527534485, -0.023620730265975, 0.0078125], [0.007988950237631798, 0.023676324635744095, -0.9996877908706665, 1.522186279296875], [0.999943733215332, 0.006792035419493914, 0.008151855319738388, -1.48138427734375], [0.0, 0.0, 0.0, 1.0]], [[-0.8321906924247742, -0.5534465312957764, -0.033993933349847794, 0.896240234375], [0.013545685447752476, 0.040996987372636795, -0.9990674257278442, 1.5058441162109375], [0.5543240308761597, -0.8318750858306885, -0.026620499789714813, -1.156982421875], [0.0, 0.0, 0.0, 1.0]], [[0.9476251006126404, 0.31845515966415405, 0.02434943988919258, -1.1402587890625], [0.022017590701580048, 0.010920415632426739, -0.9996979236602783, 1.5886001586914062], [-0.31862491369247437, 0.9478749632835388, 0.003336844267323613, -0.104248046875], [0.0, 0.0, 0.0, 1.0]], [[0.0021557840518653393, 0.9997801780700684, 0.020857324823737144, 0.00244140625], [-0.0033059599809348583, 0.02086438424885273, -0.9997768998146057, 1.5791473388671875], [-0.9999922513961792, 0.002086366293951869, 0.003350212238729, -0.05963134765625], [0.0, 0.0, 0.0, 1.0]], [[-0.9347752332687378, 0.3549366295337677, -0.014673363417387009, 1.0244140625], [0.02938365750014782, 0.03608997166156769, -0.9989164471626282, 1.554931640625], [-0.35402244329452515, -0.9341935515403748, -0.04416535049676895, -0.105224609375], [0.0, 0.0, 0.0, 1.0]]], "view": [[0.0, -2.0, 100.0], [-2.0, 0.0, 100.0], [0.0, 0.0, 1.0]], "bev": "bev_87f534b317ce4fde9bb338b6a5304e3e.png", "aux": "aux_87f534b317ce4fde9bb338b6a5304e3e.npz", "visibility": "visibility_87f534b317ce4fde9bb338b6a5304e3e.png", "pose": [[-0.856779158115387, -0.5156834721565247, 0.0, 2031.24560546875], [0.5156834721565247, -0.856779158115387, 0.0, 2332.12841796875], [0.0, 0.0, 1.0, 0.0], [0.0, 0.0, 0.0, 1.0]], "pose_inverse": [[-0.856779158115387, 0.5156834721565247, 0.0, 537.6887817382812], [-0.5156834721565247, -0.856779158115387, 0.0, 3045.598876953125], [0.0, 0.0, 1.0, 0.0], [0.0, 0.0, 0.0, 1.0]], "cam_ids": [0, 1, 2, 3, 4, 5], "cam_channels": ["CAM_FRONT_LEFT", "CAM_FRONT", "CAM_FRONT_RIGHT", "CAM_BACK_LEFT", "CAM_BACK", "CAM_BACK_RIGHT"], "token": "87f534b317ce4fde9bb338b6a5304e3e", "scene": "scene-0795"}, {"images": ["samples/CAM_FRONT_LEFT/n015-2018-10-02-10-50-40+0800__CAM_FRONT_LEFT__1538448725104844.jpg", "samples/CAM_FRONT/n015-2018-10-02-10-50-40+0800__CAM_FRONT__1538448725112460.jpg", "samples/CAM_FRONT_RIGHT/n015-2018-10-02-10-50-40+0800__CAM_FRONT_RIGHT__1538448725120339.jpg", "samples/CAM_BACK_LEFT/n015-2018-10-02-10-50-40+0800__CAM_BACK_LEFT__1538448725147423.jpg", "samples/CAM_BACK/n015-2018-10-02-10-50-40+0800__CAM_BACK__1538448725137525.jpg", "samples/CAM_BACK_RIGHT/n015-2018-10-02-10-50-40+0800__CAM_BACK_RIGHT__1538448725127893.jpg"], "intrinsics": [[[1272.5979470598488, 0.0, 826.6154927353808], [0.0, 1272.5979470598488, 479.75165386361925], [0.0, 0.0, 1.0]], [[1266.417203046554, 0.0, 816.2670197447984], [0.0, 1266.417203046554, 491.50706579294757], [0.0, 0.0, 1.0]], [[1260.8474446004698, 0.0, 807.968244525554], [0.0, 1260.8474446004698, 495.3344268742088], [0.0, 0.0, 1.0]], [[1256.7414812095406, 0.0, 792.1125740759628], [0.0, 1256.7414812095406, 492.7757465151356], [0.0, 0.0, 1.0]], [[809.2209905677063, 0.0, 829.2196003259838], [0.0, 809.2209905677063, 481.77842384512485], [0.0, 0.0, 1.0]], [[1259.5137405846733, 0.0, 807.2529053838625], [0.0, 1259.5137405846733, 501.19579884916527], [0.0, 0.0, 1.0]]], "extrinsics": [[[0.8209112882614136, -0.571023166179657, -0.006095333490520716, -0.733642578125], [0.01340176910161972, 0.029935240745544434, -0.9994620084762573, 1.5120010375976562], [0.5708984136581421, 0.8203879594802856, 0.03222689777612686, -1.1201171875], [0.0, 0.0, 0.0, 1.0]], [[0.005955366417765617, -0.999652624130249, -0.025672124698758125, 0.007080078125], [0.008409575559198856, 0.02572173997759819, -0.9996337890625, 1.5224533081054688], [0.9999468326568604, 0.005737366154789925, 0.008559837006032467, -1.46185302734375], [0.0, 0.0, 0.0, 1.0]], [[-0.8325910568237305, -0.5527419447898865, -0.03561443090438843, 0.88427734375], [0.014341547153890133, 0.042764145880937576, -0.9989822506904602, 1.5061798095703125], [0.5537024736404419, -0.8322545289993286, -0.02767787128686905, -1.149658203125], [0.0, 0.0, 0.0, 1.0]], [[0.9477842450141907, 0.31780850887298584, 0.026512296870350838, -1.1417236328125], [0.023970941081643105, 0.01190502755343914, -0.9996417760848999, 1.5885734558105469], [-0.31801024079322815, 0.9480801820755005, 0.003665228607133031, -0.102783203125], [0.0, 0.0, 0.0, 1.0]], [[0.002653365023434162, 0.9997538924217224, 0.02202383428812027, 0.003173828125], [-0.0017271519172936678, 0.02202846109867096, -0.999755859375, 1.579254150390625], [-0.9999949932098389, 0.0026147058233618736, 0.0017851784359663725, -0.062957763671875], [0.0, 0.0, 0.0, 1.0]], [[-0.9345744252204895, 0.3554428517818451, -0.01519678719341755, 1.0166015625], [0.030529458075761795, 0.03756744787096977, -0.9988276362419128, 1.55535888671875], [-0.35445529222488403, -0.9339427947998047, -0.045961059629917145, -0.108642578125], [0.0, 0.0, 0.0, 1.0]]], "view": [[0.0, -2.0, 100.0], [-2.0, 0.0, 100.0], [0.0, 0.0, 1.0]], "bev": "bev_02e76c32670c42bb9787e74d3b35ceb1.png", "aux": "aux_02e76c32670c42bb9787e74d3b35ceb1.npz", "visibility": "visibility_02e76c32670c42bb9787e74d3b35ceb1.png", "pose": [[-0.8507816195487976, -0.5255193710327148, 0.0, 2028.51416015625], [0.5255193710327148, -0.8507816195487976, 0.0, 2333.812255859375], [0.0, 0.0, 1.0, 0.0], [0.0, 0.0, 0.0, 1.0]], "pose_inverse": [[-0.8507816195487976, 0.5255193710327148, 0.0, 499.3590087890625], [-0.5255193710327148, -0.8507816195487976, 0.0, 3051.588134765625], [0.0, 0.0, 1.0, 0.0], [0.0, 0.0, 0.0, 1.0]], "cam_ids": [0, 1, 2, 3, 4, 5], "cam_channels": ["CAM_FRONT_LEFT", "CAM_FRONT", "CAM_FRONT_RIGHT", "CAM_BACK_LEFT", "CAM_BACK", "CAM_BACK_RIGHT"], "token": "02e76c32670c42bb9787e74d3b35ceb1", "scene": "scene-0795"}, {"images": ["samples/CAM_FRONT_LEFT/n015-2018-10-02-10-50-40+0800__CAM_FRONT_LEFT__1538448725654844.jpg", "samples/CAM_FRONT/n015-2018-10-02-10-50-40+0800__CAM_FRONT__1538448725662460.jpg", "samples/CAM_FRONT_RIGHT/n015-2018-10-02-10-50-40+0800__CAM_FRONT_RIGHT__1538448725670339.jpg", "samples/CAM_BACK_LEFT/n015-2018-10-02-10-50-40+0800__CAM_BACK_LEFT__1538448725697423.jpg", "samples/CAM_BACK/n015-2018-10-02-10-50-40+0800__CAM_BACK__1538448725687525.jpg", "samples/CAM_BACK_RIGHT/n015-2018-10-02-10-50-40+0800__CAM_BACK_RIGHT__1538448725677893.jpg"], "intrinsics": [[[1272.5979470598488, 0.0, 826.6154927353808], [0.0, 1272.5979470598488, 479.75165386361925], [0.0, 0.0, 1.0]], [[1266.417203046554, 0.0, 816.2670197447984], [0.0, 1266.417203046554, 491.50706579294757], [0.0, 0.0, 1.0]], [[1260.8474446004698, 0.0, 807.968244525554], [0.0, 1260.8474446004698, 495.3344268742088], [0.0, 0.0, 1.0]], [[1256.7414812095406, 0.0, 792.1125740759628], [0.0, 1256.7414812095406, 492.7757465151356], [0.0, 0.0, 1.0]], [[809.2209905677063, 0.0, 829.2196003259838], [0.0, 809.2209905677063, 481.77842384512485], [0.0, 0.0, 1.0]], [[1259.5137405846733, 0.0, 807.2529053838625], [0.0, 1259.5137405846733, 501.19579884916527], [0.0, 0.0, 1.0]]], "extrinsics": [[[0.8215082287788391, -0.5701894164085388, -0.0028736735694110394, -0.7197265625], [0.014726575464010239, 0.026255087926983833, -0.9995467662811279, 1.5125732421875], [0.5700064301490784, 0.8210935592651367, 0.029965709894895554, -1.11279296875], [0.0, 0.0, 0.0, 1.0]], [[0.006929702125489712, -0.999733030796051, -0.022041110321879387, 0.008544921875], [0.009582996368408203, 0.022107021883130074, -0.9997097253799438, 1.5228271484375], [0.9999300241470337, 0.006716451607644558, 0.00973363034427166, -1.4476318359375], [0.0, 0.0, 0.0, 1.0]], [[-0.8320944905281067, -0.5535587072372437, -0.03451741486787796, 0.87451171875], [0.015345140360295773, 0.03923370689153671, -0.9991121888160706, 1.5065155029296875], [0.5544215440750122, -0.8318854570388794, -0.024151716381311417, -1.14208984375], [0.0, 0.0, 0.0, 1.0]], [[0.9475564360618591, 0.3185247480869293, 0.026049550622701645, -1.139404296875], [0.024591784924268723, 0.008597774431109428, -0.9996606111526489, 1.588623046875], [-0.3186405897140503, 0.9478754997253418, 0.0003137839084956795, -0.1044921875], [0.0, 0.0, 0.0, 1.0]], [[0.002049937378615141, 0.999822735786438, 0.018716370686888695, 0.002685546875], [-0.0010181186953559518, 0.018718484789133072, -0.9998242855072021, 1.5792770385742188], [-0.9999974370002747, 0.0020305044017732143, 0.0010563090909272432, -0.06951904296875], [0.0, 0.0, 0.0, 1.0]], [[-0.934777021408081, 0.3548157811164856, -0.017253030091524124, 1.00665283203125], [0.0313987173140049, 0.03414827212691307, -0.9989234209060669, 1.555755615234375], [-0.35384464263916016, -0.9343124032020569, -0.04306178167462349, -0.111572265625], [0.0, 0.0, 0.0, 1.0]]], "view": [[0.0, -2.0, 100.0], [-2.0, 0.0, 100.0], [0.0, 0.0, 1.0]], "bev": "bev_891c9abec36b4750b8023fe34f483943.png", "aux": "aux_891c9abec36b4750b8023fe34f483943.npz", "visibility": "visibility_891c9abec36b4750b8023fe34f483943.png", "pose": [[-0.8418703675270081, -0.539679765701294, 0.0, 2025.332275390625], [0.539679765701294, -0.8418703675270081, 0.0, 2335.843994140625], [0.0, 0.0, 1.0, 0.0], [0.0, 0.0, 0.0, 1.0]], "pose_inverse": [[-0.8418703675270081, 0.539679765701294, 0.0, 444.4594421386719], [-0.539679765701294, -0.8418703675270081, 0.0, 3059.5087890625], [0.0, 0.0, 1.0, 0.0], [0.0, 0.0, 0.0, 1.0]], "cam_ids": [0, 1, 2, 3, 4, 5], "cam_channels": ["CAM_FRONT_LEFT", "CAM_FRONT", "CAM_FRONT_RIGHT", "CAM_BACK_LEFT", "CAM_BACK", "CAM_BACK_RIGHT"], "token": "891c9abec36b4750b8023fe34f483943", "scene": "scene-0795"}, {"images": ["samples/CAM_FRONT_LEFT/n015-2018-10-02-10-50-40+0800__CAM_FRONT_LEFT__1538448726104844.jpg", "samples/CAM_FRONT/n015-2018-10-02-10-50-40+0800__CAM_FRONT__1538448726112460.jpg", "samples/CAM_FRONT_RIGHT/n015-2018-10-02-10-50-40+0800__CAM_FRONT_RIGHT__1538448726120339.jpg", "samples/CAM_BACK_LEFT/n015-2018-10-02-10-50-40+0800__CAM_BACK_LEFT__1538448726147423.jpg", "samples/CAM_BACK/n015-2018-10-02-10-50-40+0800__CAM_BACK__1538448726137525.jpg", "samples/CAM_BACK_RIGHT/n015-2018-10-02-10-50-40+0800__CAM_BACK_RIGHT__1538448726127893.jpg"], "intrinsics": [[[1272.5979470598488, 0.0, 826.6154927353808], [0.0, 1272.5979470598488, 479.75165386361925], [0.0, 0.0, 1.0]], [[1266.417203046554, 0.0, 816.2670197447984], [0.0, 1266.417203046554, 491.50706579294757], [0.0, 0.0, 1.0]], [[1260.8474446004698, 0.0, 807.968244525554], [0.0, 1260.8474446004698, 495.3344268742088], [0.0, 0.0, 1.0]], [[1256.7414812095406, 0.0, 792.1125740759628], [0.0, 1256.7414812095406, 492.7757465151356], [0.0, 0.0, 1.0]], [[809.2209905677063, 0.0, 829.2196003259838], [0.0, 809.2209905677063, 481.77842384512485], [0.0, 0.0, 1.0]], [[1259.5137405846733, 0.0, 807.2529053838625], [0.0, 1259.5137405846733, 501.19579884916527], [0.0, 0.0, 1.0]]], "extrinsics": [[[0.8208181858062744, -0.5711862444877625, -0.0019134848844259977, -0.6986083984375], [0.014212656766176224, 0.023772910237312317, -0.9996163249015808, 1.5128097534179688], [0.5710126161575317, 0.8204761743545532, 0.027631310746073723, -1.096435546875], [0.0, 0.0, 0.0, 1.0]], [[0.005843140184879303, -0.9997910857200623, -0.019584430381655693, 0.008056640625], [0.008827488869428635, 0.019635574892163277, -0.9997682571411133, 1.5228652954101562], [0.9999439716339111, 0.005668928846716881, 0.008940380066633224, -1.425811767578125], [0.0, 0.0, 0.0, 1.0]], [[-0.8326359987258911, -0.5528777241706848, -0.03230157494544983, 0.860107421875], [0.014355159364640713, 0.036760009825229645, -0.9992209672927856, 1.5065994262695312], [0.5536344647407532, -0.8324511051177979, -0.022671058773994446, -1.13330078125], [0.0, 0.0, 0.0, 1.0]], [[0.9477093815803528, 0.3182523548603058, 0.023712405934929848, -1.13916015625], [0.022896066308021545, 0.006306002382189035, -0.9997179508209229, 1.588632583618164], [-0.3183121383190155, 0.9479851126670837, -0.001310468534938991, -0.1044921875], [0.0, 0.0, 0.0, 1.0]], [[0.002562231384217739, 0.9998638033866882, 0.01630336418747902, 0.0029296875], [-0.0025740580167621374, 0.016309957951307297, -0.9998636841773987, 1.5791587829589844], [-0.9999934434890747, 0.0025198915973305702, 0.0026154969818890095, -0.075958251953125], [0.0, 0.0, 0.0, 1.0]], [[-0.9345653653144836, 0.3553885817527771, -0.016926400363445282, 0.99554443359375], [0.03013671562075615, 0.03166818618774414, -0.9990440011024475, 1.5559616088867188], [-0.35451287031173706, -0.9341820478439331, -0.04030623659491539, -0.11669921875], [0.0, 0.0, 0.0, 1.0]]], "view": [[0.0, -2.0, 100.0], [-2.0, 0.0, 100.0], [0.0, 0.0, 1.0]], "bev": "bev_056dd22ae8474ef3b9991f6c56993eb1.png", "aux": "aux_056dd22ae8474ef3b9991f6c56993eb1.npz", "visibility": "visibility_056dd22ae8474ef3b9991f6c56993eb1.png", "pose": [[-0.8365740776062012, -0.5478538274765015, 0.0, 2022.598876953125], [0.5478538274765015, -0.8365740776062012, 0.0, 2337.64453125], [0.0, 0.0, 1.0, 0.0], [0.0, 0.0, 0.0, 1.0]], "pose_inverse": [[-0.8365740776062012, 0.5478538274765015, 0.0, 411.3663330078125], [-0.5478538274765015, -0.8365740776062012, 0.0, 3063.701416015625], [0.0, 0.0, 1.0, 0.0], [0.0, 0.0, 0.0, 1.0]], "cam_ids": [0, 1, 2, 3, 4, 5], "cam_channels": ["CAM_FRONT_LEFT", "CAM_FRONT", "CAM_FRONT_RIGHT", "CAM_BACK_LEFT", "CAM_BACK", "CAM_BACK_RIGHT"], "token": "056dd22ae8474ef3b9991f6c56993eb1", "scene": "scene-0795"}, {"images": ["samples/CAM_FRONT_LEFT/n015-2018-10-02-10-50-40+0800__CAM_FRONT_LEFT__1538448726604844.jpg", "samples/CAM_FRONT/n015-2018-10-02-10-50-40+0800__CAM_FRONT__1538448726612460.jpg", "samples/CAM_FRONT_RIGHT/n015-2018-10-02-10-50-40+0800__CAM_FRONT_RIGHT__1538448726620339.jpg", "samples/CAM_BACK_LEFT/n015-2018-10-02-10-50-40+0800__CAM_BACK_LEFT__1538448726647423.jpg", "samples/CAM_BACK/n015-2018-10-02-10-50-40+0800__CAM_BACK__1538448726637525.jpg", "samples/CAM_BACK_RIGHT/n015-2018-10-02-10-50-40+0800__CAM_BACK_RIGHT__1538448726627893.jpg"], "intrinsics": [[[1272.5979470598488, 0.0, 826.6154927353808], [0.0, 1272.5979470598488, 479.75165386361925], [0.0, 0.0, 1.0]], [[1266.417203046554, 0.0, 816.2670197447984], [0.0, 1266.417203046554, 491.50706579294757], [0.0, 0.0, 1.0]], [[1260.8474446004698, 0.0, 807.968244525554], [0.0, 1260.8474446004698, 495.3344268742088], [0.0, 0.0, 1.0]], [[1256.7414812095406, 0.0, 792.1125740759628], [0.0, 1256.7414812095406, 492.7757465151356], [0.0, 0.0, 1.0]], [[809.2209905677063, 0.0, 829.2196003259838], [0.0, 809.2209905677063, 481.77842384512485], [0.0, 0.0, 1.0]], [[1259.5137405846733, 0.0, 807.2529053838625], [0.0, 1259.5137405846733, 501.19579884916527], [0.0, 0.0, 1.0]]], "extrinsics": [[[0.8213710188865662, -0.5703853964805603, 0.003188688773661852, -0.6768798828125], [0.020959366112947464, 0.024594586342573166, -0.999477744102478, 1.5155792236328125], [0.5700091123580933, 0.8210089802742004, 0.03215619549155235, -1.08154296875], [0.0, 0.0, 0.0, 1.0]], [[0.006755628623068333, -0.9997659921646118, -0.02055002935230732, 0.00732421875], [0.01531037874519825, 0.020651504397392273, -0.9996694922447205, 1.5249099731445312], [0.9998599290847778, 0.006438734475523233, 0.015446307137608528, -1.405120849609375], [0.0, 0.0, 0.0, 1.0]], [[-0.8320872783660889, -0.5533311367034912, -0.03814993053674698, 0.84765625], [0.020545857027173042, 0.03798520192503929, -0.9990670084953308, 1.5082015991210938], [0.5542639493942261, -0.8320949077606201, -0.020238345488905907, -1.12548828125], [0.0, 0.0, 0.0, 1.0]], [[0.9474334716796875, 0.3186032474040985, 0.029355095699429512, -1.1400146484375], [0.02825089357793331, 0.0080870995298028, -0.9995681047439575, 1.5886192321777344], [-0.3187030553817749, 0.947853684425354, -0.001338835689239204, -0.10400390625], [0.0, 0.0, 0.0, 1.0]], [[0.0020673873368650675, 0.9998366832733154, 0.01796126551926136, 0.0029296875], [0.0031076851300895214, 0.017954790964722633, -0.9998340010643005, 1.579620361328125], [-0.999993085861206, 0.0021228273399174213, -0.0030700587667524815, -0.080078125], [0.0, 0.0, 0.0, 1.0]], [[-0.9345974922180176, 0.3550260066986084, -0.021999720484018326, 0.98687744140625], [0.03609028458595276, 0.03311467170715332, -0.998799741268158, 1.5572128295898438], [-0.3538714051246643, -0.9342697858810425, -0.043761879205703735, -0.1201171875], [0.0, 0.0, 0.0, 1.0]]], "view": [[0.0, -2.0, 100.0], [-2.0, 0.0, 100.0], [0.0, 0.0, 1.0]], "bev": "bev_9a24e4694a434e9784d0b09549bcac76.png", "aux": "aux_9a24e4694a434e9784d0b09549bcac76.npz", "visibility": "visibility_9a24e4694a434e9784d0b09549bcac76.png", "pose": [[-0.8286720514297485, -0.5597344636917114, 0.0, 2019.31005859375], [0.5597344636917114, -0.8286720514297485, 0.0, 2339.8701171875], [0.0, 0.0, 1.0, 0.0], [0.0, 0.0, 0.0, 1.0]], "pose_inverse": [[-0.8286720514297485, 0.5597344636917114, 0.0, 363.6398010253906], [-0.5597344636917114, -0.8286720514297485, 0.0, 3069.262451171875], [0.0, 0.0, 1.0, 0.0], [0.0, 0.0, 0.0, 1.0]], "cam_ids": [0, 1, 2, 3, 4, 5], "cam_channels": ["CAM_FRONT_LEFT", "CAM_FRONT", "CAM_FRONT_RIGHT", "CAM_BACK_LEFT", "CAM_BACK", "CAM_BACK_RIGHT"], "token": "9a24e4694a434e9784d0b09549bcac76", "scene": "scene-0795"}, {"images": ["samples/CAM_FRONT_LEFT/n015-2018-10-02-10-50-40+0800__CAM_FRONT_LEFT__1538448727104844.jpg", "samples/CAM_FRONT/n015-2018-10-02-10-50-40+0800__CAM_FRONT__1538448727112460.jpg", "samples/CAM_FRONT_RIGHT/n015-2018-10-02-10-50-40+0800__CAM_FRONT_RIGHT__1538448727120339.jpg", "samples/CAM_BACK_LEFT/n015-2018-10-02-10-50-40+0800__CAM_BACK_LEFT__1538448727147423.jpg", "samples/CAM_BACK/n015-2018-10-02-10-50-40+0800__CAM_BACK__1538448727137525.jpg", "samples/CAM_BACK_RIGHT/n015-2018-10-02-10-50-40+0800__CAM_BACK_RIGHT__1538448727127893.jpg"], "intrinsics": [[[1272.5979470598488, 0.0, 826.6154927353808], [0.0, 1272.5979470598488, 479.75165386361925], [0.0, 0.0, 1.0]], [[1266.417203046554, 0.0, 816.2670197447984], [0.0, 1266.417203046554, 491.50706579294757], [0.0, 0.0, 1.0]], [[1260.8474446004698, 0.0, 807.968244525554], [0.0, 1260.8474446004698, 495.3344268742088], [0.0, 0.0, 1.0]], [[1256.7414812095406, 0.0, 792.1125740759628], [0.0, 1256.7414812095406, 492.7757465151356], [0.0, 0.0, 1.0]], [[809.2209905677063, 0.0, 829.2196003259838], [0.0, 809.2209905677063, 481.77842384512485], [0.0, 0.0, 1.0]], [[1259.5137405846733, 0.0, 807.2529053838625], [0.0, 1259.5137405846733, 501.19579884916527], [0.0, 0.0, 1.0]]], "extrinsics": [[[0.8212665319442749, -0.5705265998840332, 0.004551399033516645, -0.6629638671875], [0.01935737021267414, 0.01989024691283703, -0.9996147155761719, 1.5153274536132812], [0.5702162384986877, 0.8210382461547852, 0.02737908624112606, -1.07177734375], [0.0, 0.0, 0.0, 1.0]], [[0.006575687788426876, -0.999854564666748, -0.015732310712337494, 0.007568359375], [0.014153681695461273, 0.01582413725554943, -0.9997745752334595, 1.5247764587402344], [0.9998782277107239, 0.006351465359330177, 0.014255678281188011, -1.39141845703125], [0.0, 0.0, 0.0, 1.0]], [[-0.832179605960846, -0.5534113049507141, -0.03482777625322342, 0.8392333984375], [0.019853297621011734, 0.03303220123052597, -0.9992570877075195, 1.50823974609375], [0.5541506409645081, -0.8322528004646301, -0.01650168001651764, -1.11962890625], [0.0, 0.0, 0.0, 1.0]], [[0.947525143623352, 0.31844091415405273, 0.028134075924754143, -1.1468505859375], [0.028688563033938408, 0.002949488814920187, -0.9995840787887573, 1.5884113311767578], [-0.3183914124965668, 0.9479381442070007, -0.006340897176414728, -0.10107421875], [0.0, 0.0, 0.0, 1.0]], [[0.002252373145893216, 0.9999152421951294, 0.012831924483180046, 0.0029296875], [0.0032416246831417084, 0.0128245884552598, -0.9999125599861145, 1.5796241760253906], [-0.9999922513961792, 0.0022937925532460213, -0.0032124652061611414, -0.080535888671875], [0.0, 0.0, 0.0, 1.0]], [[-0.934574544429779, 0.35498911142349243, -0.023522913455963135, 0.97991943359375], [0.03579363599419594, 0.028038132935762405, -0.9989657998085022, 1.5574264526367188], [-0.35396242141723633, -0.9344499111175537, -0.038910072296857834, -0.122802734375], [0.0, 0.0, 0.0, 1.0]]], "view": [[0.0, -2.0, 100.0], [-2.0, 0.0, 100.0], [0.0, 0.0, 1.0]], "bev": "bev_2cdfb72242d1424c9d3bf8bcf8530cd3.png", "aux": "aux_2cdfb72242d1424c9d3bf8bcf8530cd3.npz", "visibility": "visibility_2cdfb72242d1424c9d3bf8bcf8530cd3.png", "pose": [[-0.8207029104232788, -0.5713552236557007, 0.0, 2015.844970703125], [0.5713552236557007, -0.8207029104232788, 0.0, 2342.27783203125], [0.0, 0.0, 1.0, 0.0], [0.0, 0.0, 0.0, 1.0]], "pose_inverse": [[-0.8207029104232788, 0.5713552236557007, 0.0, 316.1371765136719], [-0.5713552236557007, -0.8207029104232788, 0.0, 3074.07763671875], [0.0, 0.0, 1.0, 0.0], [0.0, 0.0, 0.0, 1.0]], "cam_ids": [0, 1, 2, 3, 4, 5], "cam_channels": ["CAM_FRONT_LEFT", "CAM_FRONT", "CAM_FRONT_RIGHT", "CAM_BACK_LEFT", "CAM_BACK", "CAM_BACK_RIGHT"], "token": "2cdfb72242d1424c9d3bf8bcf8530cd3", "scene": "scene-0795"}, {"images": ["samples/CAM_FRONT_LEFT/n015-2018-10-02-10-50-40+0800__CAM_FRONT_LEFT__1538448727604844.jpg", "samples/CAM_FRONT/n015-2018-10-02-10-50-40+0800__CAM_FRONT__1538448727612460.jpg", "samples/CAM_FRONT_RIGHT/n015-2018-10-02-10-50-40+0800__CAM_FRONT_RIGHT__1538448727620339.jpg", "samples/CAM_BACK_LEFT/n015-2018-10-02-10-50-40+0800__CAM_BACK_LEFT__1538448727647423.jpg", "samples/CAM_BACK/n015-2018-10-02-10-50-40+0800__CAM_BACK__1538448727637525.jpg", "samples/CAM_BACK_RIGHT/n015-2018-10-02-10-50-40+0800__CAM_BACK_RIGHT__1538448727627893.jpg"], "intrinsics": [[[1272.5979470598488, 0.0, 826.6154927353808], [0.0, 1272.5979470598488, 479.75165386361925], [0.0, 0.0, 1.0]], [[1266.417203046554, 0.0, 816.2670197447984], [0.0, 1266.417203046554, 491.50706579294757], [0.0, 0.0, 1.0]], [[1260.8474446004698, 0.0, 807.968244525554], [0.0, 1260.8474446004698, 495.3344268742088], [0.0, 0.0, 1.0]], [[1256.7414812095406, 0.0, 792.1125740759628], [0.0, 1256.7414812095406, 492.7757465151356], [0.0, 0.0, 1.0]], [[809.2209905677063, 0.0, 829.2196003259838], [0.0, 809.2209905677063, 481.77842384512485], [0.0, 0.0, 1.0]], [[1259.5137405846733, 0.0, 807.2529053838625], [0.0, 1259.5137405846733, 501.19579884916527], [0.0, 0.0, 1.0]]], "extrinsics": [[[0.821673572063446, -0.5699276328086853, 0.005924103315919638, -0.6529541015625], [0.019604679197072983, 0.017873544245958328, -0.9996480345726013, 1.5156593322753906], [0.569621205329895, 0.8215004801750183, 0.025859465822577477, -1.065185546875], [0.0, 0.0, 0.0, 1.0]], [[0.007166478782892227, -0.9998796582221985, -0.013754148967564106, 0.008056640625], [0.0142442025244236, 0.013855180703103542, -0.9998025894165039, 1.52496337890625], [0.9998728632926941, 0.006969117559492588, 0.014341779984533787, -1.380950927734375], [0.0, 0.0, 0.0, 1.0]], [[-0.8319260478019714, -0.5538619160652161, -0.0337071418762207, 0.8319091796875], [0.019770655781030655, 0.031120579689741135, -0.9993200898170471, 1.5083999633789062], [0.5545342564582825, -0.8320267796516418, -0.014939805492758751, -1.114501953125], [0.0, 0.0, 0.0, 1.0]], [[0.9474748373031616, 0.318711519241333, 0.02673027478158474, -1.142333984375], [0.027882711961865425, 0.0009466420742683113, -0.9996107220649719, 1.588547706604004], [-0.3186126947402954, 0.9478513598442078, -0.007989621721208096, -0.103515625], [0.0, 0.0, 0.0, 1.0]], [[0.0019827925134450197, 0.9999389052391052, 0.010877661406993866, 0.002685546875], [0.002735266461968422, 0.010872219689190388, -0.9999371767044067, 1.5795936584472656], [-0.9999943375587463, 0.002012452809140086, -0.002713543828576803, -0.086578369140625], [0.0, 0.0, 0.0, 1.0]], [[-0.9347012639045715, 0.354626327753067, -0.023953046649694443, 0.97296142578125], [0.03552774339914322, 0.02616303786635399, -0.9990261793136597, 1.5576324462890625], [-0.3536543548107147, -0.93464195728302, -0.03705369681119919, -0.125], [0.0, 0.0, 0.0, 1.0]]], "view": [[0.0, -2.0, 100.0], [-2.0, 0.0, 100.0], [0.0, 0.0, 1.0]], "bev": "bev_25b60e463a9a4e42a6c82163a414ab71.png", "aux": "aux_25b60e463a9a4e42a6c82163a414ab71.npz", "visibility": "visibility_25b60e463a9a4e42a6c82163a414ab71.png", "pose": [[-0.8119727969169617, -0.5836952924728394, 0.0, 2012.2750244140625], [0.5836952924728394, -0.8119727969169617, 0.0, 2344.847900390625], [0.0, 0.0, 1.0, 0.0], [0.0, 0.0, 0.0, 1.0]], "pose_inverse": [[-0.8119727969169617, 0.5836952924728394, 0.0, 265.2359619140625], [-0.5836952924728394, -0.8119727969169617, 0.0, 3078.508056640625], [0.0, 0.0, 1.0, 0.0], [0.0, 0.0, 0.0, 1.0]], "cam_ids": [0, 1, 2, 3, 4, 5], "cam_channels": ["CAM_FRONT_LEFT", "CAM_FRONT", "CAM_FRONT_RIGHT", "CAM_BACK_LEFT", "CAM_BACK", "CAM_BACK_RIGHT"], "token": "25b60e463a9a4e42a6c82163a414ab71", "scene": "scene-0795"}, {"images": ["samples/CAM_FRONT_LEFT/n015-2018-10-02-10-50-40+0800__CAM_FRONT_LEFT__1538448728104844.jpg", "samples/CAM_FRONT/n015-2018-10-02-10-50-40+0800__CAM_FRONT__1538448728112460.jpg", "samples/CAM_FRONT_RIGHT/n015-2018-10-02-10-50-40+0800__CAM_FRONT_RIGHT__1538448728120339.jpg", "samples/CAM_BACK_LEFT/n015-2018-10-02-10-50-40+0800__CAM_BACK_LEFT__1538448728147423.jpg", "samples/CAM_BACK/n015-2018-10-02-10-50-40+0800__CAM_BACK__1538448728137525.jpg", "samples/CAM_BACK_RIGHT/n015-2018-10-02-10-50-40+0800__CAM_BACK_RIGHT__1538448728127893.jpg"], "intrinsics": [[[1272.5979470598488, 0.0, 826.6154927353808], [0.0, 1272.5979470598488, 479.75165386361925], [0.0, 0.0, 1.0]], [[1266.417203046554, 0.0, 816.2670197447984], [0.0, 1266.417203046554, 491.50706579294757], [0.0, 0.0, 1.0]], [[1260.8474446004698, 0.0, 807.968244525554], [0.0, 1260.8474446004698, 495.3344268742088], [0.0, 0.0, 1.0]], [[1256.7414812095406, 0.0, 792.1125740759628], [0.0, 1256.7414812095406, 492.7757465151356], [0.0, 0.0, 1.0]], [[809.2209905677063, 0.0, 829.2196003259838], [0.0, 809.2209905677063, 481.77842384512485], [0.0, 0.0, 1.0]], [[1259.5137405846733, 0.0, 807.2529053838625], [0.0, 1259.5137405846733, 501.19579884916527], [0.0, 0.0, 1.0]]], "extrinsics": [[[0.8214493989944458, -0.5702657699584961, 0.004207700956612825, -0.638671875], [0.016914397478103638, 0.016988271847367287, -0.9997125864028931, 1.5148544311523438], [0.5700305104255676, 0.8212845325469971, 0.023600708693265915, -1.05859375], [0.0, 0.0, 0.0, 1.0]], [[0.006815395317971706, -0.9998927116394043, -0.012962001375854015, 0.010498046875], [0.011715590953826904, 0.013041254132986069, -0.999846339225769, 1.5242996215820312], [0.9999081492424011, 0.006662443280220032, 0.011803215369582176, -1.3674163818359375], [0.0, 0.0, 0.0, 1.0]], [[-0.8321243524551392, -0.5537035465240479, -0.03132911026477814, 0.8233642578125], [0.017413243651390076, 0.030377116054296494, -0.9993867874145508, 1.5079727172851562], [0.5543156862258911, -0.8321596384048462, -0.015635764226317406, -1.106689453125], [0.0, 0.0, 0.0, 1.0]], [[0.9475015997886658, 0.3187616169452667, 0.025134261697530746, -1.136962890625], [0.026394113898277283, 0.00036716420436277986, -0.9996514916419983, 1.5887036323547363], [-0.3186597526073456, 0.947834849357605, -0.008065539412200451, -0.105712890625], [0.0, 0.0, 0.0, 1.0]], [[0.0020417883060872555, 0.9999450445175171, 0.010292993858456612, 0.001953125], [0.0008480816031806171, 0.010291281156241894, -0.999946653842926, 1.5794258117675781], [-0.9999974966049194, 0.0020503343548625708, -0.0008270220714621246, -0.0938873291015625], [0.0, 0.0, 0.0, 1.0]], [[-0.9347070455551147, 0.3547278940677643, -0.02215762808918953, 0.963623046875], [0.03335805982351303, 0.02548973076045513, -0.9991183876991272, 1.5575332641601562], [-0.3538503348827362, -0.934622049331665, -0.03565846383571625, -0.126953125], [0.0, 0.0, 0.0, 1.0]]], "view": [[0.0, -2.0, 100.0], [-2.0, 0.0, 100.0], [0.0, 0.0, 1.0]], "bev": "bev_5d4439a631924d8da58e18102dabead1.png", "aux": "aux_5d4439a631924d8da58e18102dabead1.npz", "visibility": "visibility_5d4439a631924d8da58e18102dabead1.png", "pose": [[-0.8031603097915649, -0.5957629680633545, 0.0, 2008.684814453125], [0.5957629680633545, -0.8031603097915649, 0.0, 2347.50146484375], [0.0, 0.0, 1.0, 0.0], [0.0, 0.0, 0.0, 1.0]], "pose_inverse": [[-0.8031603097915649, 0.5957629680633545, 0.0, 214.74151611328125], [-0.5957629680633545, -0.8031603097915649, 0.0, 3082.1201171875], [0.0, 0.0, 1.0, 0.0], [0.0, 0.0, 0.0, 1.0]], "cam_ids": [0, 1, 2, 3, 4, 5], "cam_channels": ["CAM_FRONT_LEFT", "CAM_FRONT", "CAM_FRONT_RIGHT", "CAM_BACK_LEFT", "CAM_BACK", "CAM_BACK_RIGHT"], "token": "5d4439a631924d8da58e18102dabead1", "scene": "scene-0795"}, {"images": ["samples/CAM_FRONT_LEFT/n015-2018-10-02-10-50-40+0800__CAM_FRONT_LEFT__1538448728604844.jpg", "samples/CAM_FRONT/n015-2018-10-02-10-50-40+0800__CAM_FRONT__1538448728612460.jpg", "samples/CAM_FRONT_RIGHT/n015-2018-10-02-10-50-40+0800__CAM_FRONT_RIGHT__1538448728620353.jpg", "samples/CAM_BACK_LEFT/n015-2018-10-02-10-50-40+0800__CAM_BACK_LEFT__1538448728647423.jpg", "samples/CAM_BACK/n015-2018-10-02-10-50-40+0800__CAM_BACK__1538448728637525.jpg", "samples/CAM_BACK_RIGHT/n015-2018-10-02-10-50-40+0800__CAM_BACK_RIGHT__1538448728627893.jpg"], "intrinsics": [[[1272.5979470598488, 0.0, 826.6154927353808], [0.0, 1272.5979470598488, 479.75165386361925], [0.0, 0.0, 1.0]], [[1266.417203046554, 0.0, 816.2670197447984], [0.0, 1266.417203046554, 491.50706579294757], [0.0, 0.0, 1.0]], [[1260.8474446004698, 0.0, 807.968244525554], [0.0, 1260.8474446004698, 495.3344268742088], [0.0, 0.0, 1.0]], [[1256.7414812095406, 0.0, 792.1125740759628], [0.0, 1256.7414812095406, 492.7757465151356], [0.0, 0.0, 1.0]], [[809.2209905677063, 0.0, 829.2196003259838], [0.0, 809.2209905677063, 481.77842384512485], [0.0, 0.0, 1.0]], [[1259.5137405846733, 0.0, 807.2529053838625], [0.0, 1259.5137405846733, 501.19579884916527], [0.0, 0.0, 1.0]]], "extrinsics": [[[0.8213719129562378, -0.5703400373458862, 0.0077636390924453735, -0.6456298828125], [0.021048102527856827, 0.016704922541975975, -0.9996389150619507, 1.5163955688476562], [0.5700043439865112, 0.8212387561798096, 0.025725530460476875, -1.06005859375], [0.0, 0.0, 0.0, 1.0]], [[0.0067783077247440815, -0.9998969435691833, -0.01264908816665411, 0.008056640625], [0.01574542187154293, 0.0127545315772295, -0.9997947216033936, 1.5255584716796875], [0.9998530149459839, 0.006577708758413792, 0.015830252319574356, -1.3720703125], [0.0, 0.0, 0.0, 1.0]], [[-0.8320445418357849, -0.5536389350891113, -0.03443484008312225, 0.82470703125], [0.021338284015655518, 0.030086396262049675, -0.9993194937705994, 1.5089645385742188], [0.5542981624603271, -0.8322130441665649, -0.013219515793025494, -1.10986328125], [0.0, 0.0, 0.0, 1.0]], [[0.9474633932113647, 0.31858205795288086, 0.028611410409212112, -1.1334228515625], [0.030117206275463104, 0.00019925943342968822, -0.9995463490486145, 1.5888266563415527], [-0.318443238735199, 0.9478952884674072, -0.009406010620296001, -0.106201171875], [0.0, 0.0, 0.0, 1.0]], [[0.002140374854207039, 0.9999473690986633, 0.010038529522716999, 0.0029296875], [0.004637391772121191, 0.010028518736362457, -0.9999390244483948, 1.5798091888427734], [-0.9999868869781494, 0.0021867607720196247, -0.00461568171158433, -0.095184326171875], [0.0, 0.0, 0.0, 1.0]], [[-0.9345830082893372, 0.3548036813735962, -0.02586241066455841, 0.96527099609375], [0.037208717316389084, 0.025192376226186752, -0.9989899396896362, 1.5582427978515625], [-0.35379377007484436, -0.934601366519928, -0.03674615919589996, -0.128173828125], [0.0, 0.0, 0.0, 1.0]]], "view": [[0.0, -2.0, 100.0], [-2.0, 0.0, 100.0], [0.0, 0.0, 1.0]], "bev": "bev_98c0d0cc9433448188e863580619445d.png", "aux": "aux_98c0d0cc9433448188e863580619445d.npz", "visibility": "visibility_98c0d0cc9433448188e863580619445d.png", "pose": [[-0.7949447631835938, -0.606681764125824, 0.0, 2005.0797119140625], [0.606681764125824, -0.7949447631835938, 0.0, 2350.27294921875], [0.0, 0.0, 1.0, 0.0], [0.0, 0.0, 0.0, 1.0]], "pose_inverse": [[-0.7949447631835938, 0.606681764125824, 0.0, 168.0598602294922], [-0.606681764125824, -0.7949447631835938, 0.0, 3084.782470703125], [0.0, 0.0, 1.0, 0.0], [0.0, 0.0, 0.0, 1.0]], "cam_ids": [0, 1, 2, 3, 4, 5], "cam_channels": ["CAM_FRONT_LEFT", "CAM_FRONT", "CAM_FRONT_RIGHT", "CAM_BACK_LEFT", "CAM_BACK", "CAM_BACK_RIGHT"], "token": "98c0d0cc9433448188e863580619445d", "scene": "scene-0795"}, {"images": ["samples/CAM_FRONT_LEFT/n015-2018-10-02-10-50-40+0800__CAM_FRONT_LEFT__1538448729104844.jpg", "samples/CAM_FRONT/n015-2018-10-02-10-50-40+0800__CAM_FRONT__1538448729112460.jpg", "samples/CAM_FRONT_RIGHT/n015-2018-10-02-10-50-40+0800__CAM_FRONT_RIGHT__1538448729120339.jpg", "samples/CAM_BACK_LEFT/n015-2018-10-02-10-50-40+0800__CAM_BACK_LEFT__1538448729147423.jpg", "samples/CAM_BACK/n015-2018-10-02-10-50-40+0800__CAM_BACK__1538448729137525.jpg", "samples/CAM_BACK_RIGHT/n015-2018-10-02-10-50-40+0800__CAM_BACK_RIGHT__1538448729127893.jpg"], "intrinsics": [[[1272.5979470598488, 0.0, 826.6154927353808], [0.0, 1272.5979470598488, 479.75165386361925], [0.0, 0.0, 1.0]], [[1266.417203046554, 0.0, 816.2670197447984], [0.0, 1266.417203046554, 491.50706579294757], [0.0, 0.0, 1.0]], [[1260.8474446004698, 0.0, 807.968244525554], [0.0, 1260.8474446004698, 495.3344268742088], [0.0, 0.0, 1.0]], [[1256.7414812095406, 0.0, 792.1125740759628], [0.0, 1256.7414812095406, 492.7757465151356], [0.0, 0.0, 1.0]], [[809.2209905677063, 0.0, 829.2196003259838], [0.0, 809.2209905677063, 481.77842384512485], [0.0, 0.0, 1.0]], [[1259.5137405846733, 0.0, 807.2529053838625], [0.0, 1259.5137405846733, 501.19579884916527], [0.0, 0.0, 1.0]]], "extrinsics": [[[0.8220992088317871, -0.5693413019180298, 0.0018515783594921231, -0.6275634765625], [0.021061940118670464, 0.027162127196788788, -0.9994090795516968, 1.516815185546875], [0.5689546465873718, 0.8216524720191956, 0.03432139381766319, -1.049072265625], [0.0, 0.0, 0.0, 1.0]], [[0.007816553115844727, -0.9997043013572693, -0.02302440069615841, 0.00927734375], [0.01565508544445038, 0.02314462512731552, -0.9996095895767212, 1.5257797241210938], [0.9998469352722168, 0.007453064434230328, 0.015831364318728447, -1.35467529296875], [0.0, 0.0, 0.0, 1.0]], [[-0.8316014409065247, -0.5539311766624451, -0.039990320801734924, 0.8133544921875], [0.021120401099324226, 0.040411099791526794, -0.9989598393440247, 1.5091781616210938], [0.5549710988998413, -0.8315811157226562, -0.02190667949616909, -1.1015625], [0.0, 0.0, 0.0, 1.0]], [[0.9474154710769653, 0.31849199533462524, 0.031092163175344467, -1.1339111328125], [0.029327934607863426, 0.010334275662899017, -0.9995163679122925, 1.58880615234375], [-0.31865930557250977, 0.9478691816329956, 0.0004501395160332322, -0.106689453125], [0.0, 0.0, 0.0, 1.0]], [[0.001746313995681703, 0.9997930526733398, 0.020270870998501778, 0.002197265625], [0.004070982802659273, 0.020263629034161568, -0.9997864365577698, 1.57977294921875], [-0.9999901652336121, 0.0018284752732142806, -0.0040347520262002945, -0.10039520263671875], [0.0, 0.0, 0.0, 1.0]], [[-0.9348017573356628, 0.3544931411743164, -0.0