[{"images": ["samples/CAM_FRONT_LEFT/n008-2018-08-30-15-16-55-0400__CAM_FRONT_LEFT__1535657348254850.jpg", "samples/CAM_FRONT/n008-2018-08-30-15-16-55-0400__CAM_FRONT__1535657348262404.jpg", "samples/CAM_FRONT_RIGHT/n008-2018-08-30-15-16-55-0400__CAM_FRONT_RIGHT__1535657348270482.jpg", "samples/CAM_BACK_LEFT/n008-2018-08-30-15-16-55-0400__CAM_BACK_LEFT__1535657348297405.jpg", "samples/CAM_BACK/n008-2018-08-30-15-16-55-0400__CAM_BACK__1535657348287558.jpg", "samples/CAM_BACK_RIGHT/n008-2018-08-30-15-16-55-0400__CAM_BACK_RIGHT__1535657348278116.jpg"], "intrinsics": [[[1257.8625342125129, 0.0, 827.2410631095686], [0.0, 1257.8625342125129, 450.915498205774], [0.0, 0.0, 1.0]], [[1252.8131021185304, 0.0, 826.588114781398], [0.0, 1252.8131021185304, 469.9846626224581], [0.0, 0.0, 1.0]], [[1256.7485116440405, 0.0, 817.7887570959712], [0.0, 1256.7485116440403, 451.9541780095127], [0.0, 0.0, 1.0]], [[1254.9860565800168, 0.0, 829.5769333630991], [0.0, 1254.9860565800168, 467.1680561863987], [0.0, 0.0, 1.0]], [[796.8910634503094, 0.0, 857.7774326863696], [0.0, 796.8910634503094, 476.8848988407415], [0.0, 0.0, 1.0]], [[1249.9629280788233, 0.0, 825.3768045375984], [0.0, 1249.9629280788233, 462.54816385708756], [0.0, 0.0, 1.0]]], "extrinsics": [[[0.8225092887878418, -0.5687180161476135, -0.006189008709043264, -1.0050048828125], [0.0014702619519084692, 0.013007822446525097, -0.999914288520813, 1.4882946014404297], [0.5687497854232788, 0.8224297165870667, 0.011535217985510826, -1.3333740234375], [0.0, 0.0, 0.0, 1.0]], [[0.010190892964601517, -0.9999088644981384, -0.008856454864144325, 0.00537109375], [0.003417035797610879, 0.008891686797142029, -0.9999546408653259, 1.4801664352416992], [0.9999422430992126, 0.010160170495510101, 0.003507337300106883, -1.73468017578125], [0.0, 0.0, 0.0, 1.0]], [[-0.8440508246421814, -0.5361741781234741, -0.009768858551979065, 1.09063720703125], [0.011441433802247047, 0.0002071481430903077, -0.9999344944953918, 1.4930732250213623], [0.536141037940979, -0.8441073894500732, 0.005959757603704929, -1.27752685546875], [0.0, 0.0, 0.0, 1.0]], [[0.9478505849838257, 0.3186072111129761, -0.008293760940432549, -1.1439208984375], [-0.013918536715209484, 0.01538168266415596, -0.9997848272323608, 1.5620431900024414], [-0.3184111714363098, 0.9477620124816895, 0.019014082849025726, -0.15606689453125], [0.0, 0.0, 0.0, 1.0]], [[0.00926573108881712, 0.9999271631240845, 0.007738435175269842, -0.02886962890625], [-0.011797666549682617, 0.007847544737160206, -0.9998995661735535, 1.5680618286132812], [-0.9998875260353088, 0.009173482656478882, 0.01186951994895935, 0.04434967041015625], [0.0, 0.0, 0.0, 1.0]], [[-0.9237343668937683, 0.38303142786026, 0.0013387352228164673, 1.1606597900390625], [-0.0076103778555989265, -0.014858880080282688, -0.9998606443405151, 1.547811508178711], [-0.38295820355415344, -0.9236157536506653, 0.016640670597553253, -0.04376220703125], [0.0, 0.0, 0.0, 1.0]]], "view": [[0.0, -2.0, 100.0], [-2.0, 0.0, 100.0], [0.0, 0.0, 1.0]], "bev": "bev_94b82fc6c28747ddba2dff9f4c14d0b7.png", "aux": "aux_94b82fc6c28747ddba2dff9f4c14d0b7.npz", "visibility": "visibility_94b82fc6c28747ddba2dff9f4c14d0b7.png", "pose": [[0.6517108678817749, 0.7584674954414368, 0.0, 806.5615844726562], [-0.7584674954414368, 0.6517108678817749, 0.0, 517.0245971679688], [0.0, 0.0, 1.0, 0.0], [0.0, 0.0, 0.0, 1.0]], "pose_inverse": [[0.6517108678817749, -0.7584674954414368, 0.0, -133.49856567382812], [0.7584674954414368, 0.6517108678817749, 0.0, -948.7012939453125], [0.0, 0.0, 1.0, 0.0], [0.0, 0.0, 0.0, 1.0]], "cam_ids": [0, 1, 2, 3, 4, 5], "cam_channels": ["CAM_FRONT_LEFT", "CAM_FRONT", "CAM_FRONT_RIGHT", "CAM_BACK_LEFT", "CAM_BACK", "CAM_BACK_RIGHT"], "token": "94b82fc6c28747ddba2dff9f4c14d0b7", "scene": "scene-0765"}, {"images": ["samples/CAM_FRONT_LEFT/n008-2018-08-30-15-16-55-0400__CAM_FRONT_LEFT__1535657348754799.jpg", "samples/CAM_FRONT/n008-2018-08-30-15-16-55-0400__CAM_FRONT__1535657348762404.jpg", "samples/CAM_FRONT_RIGHT/n008-2018-08-30-15-16-55-0400__CAM_FRONT_RIGHT__1535657348770482.jpg", "samples/CAM_BACK_LEFT/n008-2018-08-30-15-16-55-0400__CAM_BACK_LEFT__1535657348797405.jpg", "samples/CAM_BACK/n008-2018-08-30-15-16-55-0400__CAM_BACK__1535657348787558.jpg", "samples/CAM_BACK_RIGHT/n008-2018-08-30-15-16-55-0400__CAM_BACK_RIGHT__1535657348778113.jpg"], "intrinsics": [[[1257.8625342125129, 0.0, 827.2410631095686], [0.0, 1257.8625342125129, 450.915498205774], [0.0, 0.0, 1.0]], [[1252.8131021185304, 0.0, 826.588114781398], [0.0, 1252.8131021185304, 469.9846626224581], [0.0, 0.0, 1.0]], [[1256.7485116440405, 0.0, 817.7887570959712], [0.0, 1256.7485116440403, 451.9541780095127], [0.0, 0.0, 1.0]], [[1254.9860565800168, 0.0, 829.5769333630991], [0.0, 1254.9860565800168, 467.1680561863987], [0.0, 0.0, 1.0]], [[796.8910634503094, 0.0, 857.7774326863696], [0.0, 796.8910634503094, 476.8848988407415], [0.0, 0.0, 1.0]], [[1249.9629280788233, 0.0, 825.3768045375984], [0.0, 1249.9629280788233, 462.54816385708756], [0.0, 0.0, 1.0]]], "extrinsics": [[[0.8225395679473877, -0.5686756372451782, -0.00605566194280982, -1.005096435546875], [0.0016684143338352442, 0.01306100469082594, -0.9999132752418518, 1.4882946014404297], [0.5687053799629211, 0.8224582076072693, 0.011691978201270103, -1.3333740234375], [0.0, 0.0, 0.0, 1.0]], [[0.010237827897071838, -0.999907910823822, -0.008909945376217365, 0.00543212890625], [0.003616555128246546, 0.008947379887104034, -0.9999534487724304, 1.4801645278930664], [0.9999410510063171, 0.010205112397670746, 0.003707824507728219, -1.7347564697265625], [0.0, 0.0, 0.0, 1.0]], [[-0.844028115272522, -0.5362063646316528, -0.009961123578250408, 1.09063720703125], [0.011632575653493404, 0.00026524756685830653, -0.9999322891235352, 1.4930723905563354], [0.5361726880073547, -0.8440868854522705, 0.0060135843232274055, -1.2774658203125], [0.0, 0.0, 0.0, 1.0]], [[0.9478504657745361, 0.31861183047294617, -0.008117686957120895, -1.143951416015625], [-0.013763973489403725, 0.015474135056138039, -0.9997855424880981, 1.5620431900024414], [-0.31841784715652466, 0.9477588534355164, 0.0190525334328413, -0.15606689453125], [0.0, 0.0, 0.0, 1.0]], [[0.009247366338968277, 0.9999266862869263, 0.007822835817933083, -0.02886962890625], [-0.011633416637778282, 0.007930221036076546, -0.9999008774757385, 1.5680623054504395], [-0.9998895525932312, 0.009155495092272758, 0.011705896817147732, 0.0443572998046875], [0.0, 0.0, 0.0, 1.0]], [[-0.9237461686134338, 0.38300323486328125, 0.0011962298303842545, 1.160675048828125], [-0.0074295541271567345, -0.014796105213463306, -0.9998629093170166, 1.5478124618530273], [-0.382933109998703, -0.9236285090446472, 0.016513390466570854, -0.043701171875], [0.0, 0.0, 0.0, 1.0]]], "view": [[0.0, -2.0, 100.0], [-2.0, 0.0, 100.0], [0.0, 0.0, 1.0]], "bev": "bev_8dcdc76c90644b13b451fa7c306aafe2.png", "aux": "aux_8dcdc76c90644b13b451fa7c306aafe2.npz", "visibility": "visibility_8dcdc76c90644b13b451fa7c306aafe2.png", "pose": [[0.651725709438324, 0.7584547400474548, 0.0, 806.5616455078125], [-0.7584547400474548, 0.651725709438324, 0.0, 517.0245971679688], [0.0, 0.0, 1.0, 0.0], [0.0, 0.0, 0.0, 1.0]], "pose_inverse": [[0.651725709438324, -0.7584547400474548, 0.0, -133.51722717285156], [0.7584547400474548, 0.651725709438324, 0.0, -948.69873046875], [0.0, 0.0, 1.0, 0.0], [0.0, 0.0, 0.0, 1.0]], "cam_ids": [0, 1, 2, 3, 4, 5], "cam_channels": ["CAM_FRONT_LEFT", "CAM_FRONT", "CAM_FRONT_RIGHT", "CAM_BACK_LEFT", "CAM_BACK", "CAM_BACK_RIGHT"], "token": "8dcdc76c90644b13b451fa7c306aafe2", "scene": "scene-0765"}, {"images": ["samples/CAM_FRONT_LEFT/n008-2018-08-30-15-16-55-0400__CAM_FRONT_LEFT__1535657349254799.jpg", "samples/CAM_FRONT/n008-2018-08-30-15-16-55-0400__CAM_FRONT__1535657349262404.jpg", "samples/CAM_FRONT_RIGHT/n008-2018-08-30-15-16-55-0400__CAM_FRONT_RIGHT__1535657349270482.jpg", "samples/CAM_BACK_LEFT/n008-2018-08-30-15-16-55-0400__CAM_BACK_LEFT__1535657349297405.jpg", "samples/CAM_BACK/n008-2018-08-30-15-16-55-0400__CAM_BACK__1535657349287558.jpg", "samples/CAM_BACK_RIGHT/n008-2018-08-30-15-16-55-0400__CAM_BACK_RIGHT__1535657349278113.jpg"], "intrinsics": [[[1257.8625342125129, 0.0, 827.2410631095686], [0.0, 1257.8625342125129, 450.915498205774], [0.0, 0.0, 1.0]], [[1252.8131021185304, 0.0, 826.588114781398], [0.0, 1252.8131021185304, 469.9846626224581], [0.0, 0.0, 1.0]], [[1256.7485116440405, 0.0, 817.7887570959712], [0.0, 1256.7485116440403, 451.9541780095127], [0.0, 0.0, 1.0]], [[1254.9860565800168, 0.0, 829.5769333630991], [0.0, 1254.9860565800168, 467.1680561863987], [0.0, 0.0, 1.0]], [[796.8910634503094, 0.0, 857.7774326863696], [0.0, 796.8910634503094, 476.8848988407415], [0.0, 0.0, 1.0]], [[1249.9629280788233, 0.0, 825.3768045375984], [0.0, 1249.9629280788233, 462.54816385708756], [0.0, 0.0, 1.0]]], "extrinsics": [[[0.8225386738777161, -0.5686767101287842, -0.006088061258196831, -1.005035400390625], [0.001744834240525961, 0.013228454627096653, -0.9999109506607056, 1.4882936477661133], [0.5687065720558167, 0.8224548697471619, 0.011873160488903522, -1.33331298828125], [0.0, 0.0, 0.0, 1.0]], [[0.010237734764814377, -0.9999063611030579, -0.009077882394194603, 0.00543212890625], [0.003699894994497299, 0.009116174653172493, -0.9999516010284424, 1.4801654815673828], [0.999940812587738, 0.010203626938164234, 0.0037928782403469086, -1.734619140625], [0.0, 0.0, 0.0, 1.0]], [[-0.8440267443656921, -0.536205530166626, -0.010123588144779205, 1.09063720703125], [0.011725528165698051, 0.0004219154070597142, -0.9999310970306396, 1.4930723905563354], [0.5361729264259338, -0.8440873622894287, 0.0059311832301318645, -1.2774658203125], [0.0, 0.0, 0.0, 1.0]], [[0.9478511810302734, 0.3186141848564148, -0.007949139922857285, -1.143951416015625], [-0.013637743890285492, 0.015627434477210045, -0.9997848868370056, 1.562042236328125], [-0.3184214234352112, 0.9477556943893433, 0.019157661125063896, -0.15606689453125], [0.0, 0.0, 0.0, 1.0]], [[0.009245832450687885, 0.9999253749847412, 0.00798950158059597, -0.02886962890625], [-0.011522158049046993, 0.008095844648778439, -0.9999008178710938, 1.5680608749389648], [-0.9998908638954163, 0.009152774699032307, 0.011596150696277618, 0.04430389404296875], [0.0, 0.0, 0.0, 1.0]], [[-0.9237467646598816, 0.38300183415412903, 0.0011634973343461752, 1.160675048828125], [-0.00732544157654047, -0.014630506746470928, -0.9998661279678345, 1.5478105545043945], [-0.3829335868358612, -0.9236316680908203, 0.016320541501045227, -0.043701171875], [0.0, 0.0, 0.0, 1.0]]], "view": [[0.0, -2.0, 100.0], [-2.0, 0.0, 100.0], [0.0, 0.0, 1.0]], "bev": "bev_e227483257894510ae5331994c4e2609.png", "aux": "aux_e227483257894510ae5331994c4e2609.npz", "visibility": "visibility_e227483257894510ae5331994c4e2609.png", "pose": [[0.651667058467865, 0.7585051655769348, 0.0, 806.5617065429688], [-0.7585051655769348, 0.651667058467865, 0.0, 517.024658203125], [0.0, 0.0, 1.0, 0.0], [0.0, 0.0, 0.0, 1.0]], "pose_inverse": [[0.651667058467865, -0.7585051655769348, 0.0, -133.44381713867188], [0.7585051655769348, 0.651667058467865, 0.0, -948.7091674804688], [0.0, 0.0, 1.0, 0.0], [0.0, 0.0, 0.0, 1.0]], "cam_ids": [0, 1, 2, 3, 4, 5], "cam_channels": ["CAM_FRONT_LEFT", "CAM_FRONT", "CAM_FRONT_RIGHT", "CAM_BACK_LEFT", "CAM_BACK", "CAM_BACK_RIGHT"], "token": "e227483257894510ae5331994c4e2609", "scene": "scene-0765"}, {"images": ["samples/CAM_FRONT_LEFT/n008-2018-08-30-15-16-55-0400__CAM_FRONT_LEFT__1535657349654799.jpg", "samples/CAM_FRONT/n008-2018-08-30-15-16-55-0400__CAM_FRONT__1535657349662404.jpg", "samples/CAM_FRONT_RIGHT/n008-2018-08-30-15-16-55-0400__CAM_FRONT_RIGHT__1535657349670482.jpg", "samples/CAM_BACK_LEFT/n008-2018-08-30-15-16-55-0400__CAM_BACK_LEFT__1535657349697405.jpg", "samples/CAM_BACK/n008-2018-08-30-15-16-55-0400__CAM_BACK__1535657349687558.jpg", "samples/CAM_BACK_RIGHT/n008-2018-08-30-15-16-55-0400__CAM_BACK_RIGHT__1535657349678113.jpg"], "intrinsics": [[[1257.8625342125129, 0.0, 827.2410631095686], [0.0, 1257.8625342125129, 450.915498205774], [0.0, 0.0, 1.0]], [[1252.8131021185304, 0.0, 826.588114781398], [0.0, 1252.8131021185304, 469.9846626224581], [0.0, 0.0, 1.0]], [[1256.7485116440405, 0.0, 817.7887570959712], [0.0, 1256.7485116440403, 451.9541780095127], [0.0, 0.0, 1.0]], [[1254.9860565800168, 0.0, 829.5769333630991], [0.0, 1254.9860565800168, 467.1680561863987], [0.0, 0.0, 1.0]], [[796.8910634503094, 0.0, 857.7774326863696], [0.0, 796.8910634503094, 476.8848988407415], [0.0, 0.0, 1.0]], [[1249.9629280788233, 0.0, 825.3768045375984], [0.0, 1249.9629280788233, 462.54816385708756], [0.0, 0.0, 1.0]]], "extrinsics": [[[0.8225175738334656, -0.5687089562416077, -0.005920565687119961, -1.005035400390625], [0.0019293376244604588, 0.013199991546571255, -0.9999110102653503, 1.4882936477661133], [0.5687365531921387, 0.8224329948425293, 0.011954456567764282, -1.33331298828125], [0.0, 0.0, 0.0, 1.0]], [[0.010205826722085476, -0.9999070167541504, -0.00904538482427597, 0.00543212890625], [0.003884689649567008, 0.009085435420274734, -0.999951183795929, 1.4801664352416992], [0.9999403953552246, 0.01017030980437994, 0.003977052867412567, -1.7346343994140625], [0.0, 0.0, 0.0, 1.0]], [[-0.844039797782898, -0.5361822247505188, -0.010265703313052654, 1.0906982421875], [0.011905818246304989, 0.00040283138514496386, -0.9999290108680725, 1.493071436882019], [0.5361484885215759, -0.844102144241333, 0.006043681874871254, -1.277587890625], [0.0, 0.0, 0.0, 1.0]], [[0.9478544592857361, 0.31860795617103577, -0.007809379603713751, -1.1439208984375], [-0.01347501203417778, 0.015582241117954254, -0.9997878074645996, 1.5620431900024414], [-0.3184187114238739, 0.9477584958076477, 0.019062941893935204, -0.15606689453125], [0.0, 0.0, 0.0, 1.0]], [[0.009256573393940926, 0.9999254941940308, 0.007953161373734474, -0.0289306640625], [-0.011348535306751728, 0.008058040402829647, -0.9999030828475952, 1.568061351776123], [-0.9998927712440491, 0.009165388531982899, 0.011422279290854931, 0.04434967041015625], [0.0, 0.0, 0.0, 1.0]], [[-0.9237388372421265, 0.3830214738845825, 0.0009935450507327914, 1.160675048828125], [-0.007154865190386772, -0.014661879278719425, -0.9998669028282166, 1.5478134155273438], [-0.3829559087753296, -0.9236230850219727, 0.016284214332699776, -0.04376220703125], [0.0, 0.0, 0.0, 1.0]]], "view": [[0.0, -2.0, 100.0], [-2.0, 0.0, 100.0], [0.0, 0.0, 1.0]], "bev": "bev_4faa2cd310ee4274bde88c8610760981.png", "aux": "aux_4faa2cd310ee4274bde88c8610760981.npz", "visibility": "visibility_4faa2cd310ee4274bde88c8610760981.png", "pose": [[0.6516792178153992, 0.7584947347640991, 0.0, 806.5617065429688], [-0.7584947347640991, 0.6516792178153992, 0.0, 517.0247192382812], [0.0, 0.0, 1.0, 0.0], [0.0, 0.0, 0.0, 1.0]], "pose_inverse": [[0.6516792178153992, -0.7584947347640991, 0.0, -133.45896911621094], [0.7584947347640991, 0.6516792178153992, 0.0, -948.70703125], [0.0, 0.0, 1.0, 0.0], [0.0, 0.0, 0.0, 1.0]], "cam_ids": [0, 1, 2, 3, 4, 5], "cam_channels": ["CAM_FRONT_LEFT", "CAM_FRONT", "CAM_FRONT_RIGHT", "CAM_BACK_LEFT", "CAM_BACK", "CAM_BACK_RIGHT"], "token": "4faa2cd310ee4274bde88c8610760981", "scene": "scene-0765"}, {"images": ["samples/CAM_FRONT_LEFT/n008-2018-08-30-15-16-55-0400__CAM_FRONT_LEFT__1535657350154799.jpg", "samples/CAM_FRONT/n008-2018-08-30-15-16-55-0400__CAM_FRONT__1535657350162404.jpg", "samples/CAM_FRONT_RIGHT/n008-2018-08-30-15-16-55-0400__CAM_FRONT_RIGHT__1535657350170482.jpg", "samples/CAM_BACK_LEFT/n008-2018-08-30-15-16-55-0400__CAM_BACK_LEFT__1535657350197405.jpg", "samples/CAM_BACK/n008-2018-08-30-15-16-55-0400__CAM_BACK__1535657350187558.jpg", "samples/CAM_BACK_RIGHT/n008-2018-08-30-15-16-55-0400__CAM_BACK_RIGHT__1535657350178117.jpg"], "intrinsics": [[[1257.8625342125129, 0.0, 827.2410631095686], [0.0, 1257.8625342125129, 450.915498205774], [0.0, 0.0, 1.0]], [[1252.8131021185304, 0.0, 826.588114781398], [0.0, 1252.8131021185304, 469.9846626224581], [0.0, 0.0, 1.0]], [[1256.7485116440405, 0.0, 817.7887570959712], [0.0, 1256.7485116440403, 451.9541780095127], [0.0, 0.0, 1.0]], [[1254.9860565800168, 0.0, 829.5769333630991], [0.0, 1254.9860565800168, 467.1680561863987], [0.0, 0.0, 1.0]], [[796.8910634503094, 0.0, 857.7774326863696], [0.0, 796.8910634503094, 476.8848988407415], [0.0, 0.0, 1.0]], [[1249.9629280788233, 0.0, 825.3768045375984], [0.0, 1249.9629280788233, 462.54816385708756], [0.0, 0.0, 1.0]]], "extrinsics": [[[0.8225254416465759, -0.5686981678009033, -0.0058615305460989475, -1.0050048828125], [0.0020005428232252598, 0.013199455104768276, -0.9999108910560608, 1.488295555114746], [0.5687248706817627, 0.8224404454231262, 0.011994590051472187, -1.33319091796875], [0.0, 0.0, 0.0, 1.0]], [[0.010217118076980114, -0.9999068379402161, -0.009044577367603779, 0.00537109375], [0.00395594397559762, 0.009085397236049175, -0.9999508857727051, 1.4801654815673828], [0.9999399781227112, 0.010180909186601639, 0.0040484024211764336, -1.734649658203125], [0.0, 0.0, 0.0, 1.0]], [[-0.844034731388092, -0.5361893773078918, -0.010316845029592514, 1.09063720703125], [0.01197574008256197, 0.0003882284217979759, -0.9999281764030457, 1.4930721521377563], [0.5361548662185669, -0.8440976142883301, 0.006093584932386875, -1.2774658203125], [0.0, 0.0, 0.0, 1.0]], [[0.9478543996810913, 0.3186093270778656, -0.007747593801468611, -1.1439208984375], [-0.013413975946605206, 0.015594469383358955, -0.9997884035110474, 1.5620431900024414], [-0.3184211254119873, 0.9477577805519104, 0.01905510574579239, -0.15606689453125], [0.0, 0.0, 0.0, 1.0]], [[0.009252808056771755, 0.9999254941940308, 0.007955963723361492, -0.02899169921875], [-0.01127663254737854, 0.00806013960391283, -0.9999039173126221, 1.5680603981018066], [-0.9998936653137207, 0.00916218664497137, 0.011350372806191444, 0.04430389404296875], [0.0, 0.0, 0.0, 1.0]], [[-0.9237411618232727, 0.3830161392688751, 0.0009318848024122417, 1.1606903076171875], [-0.007088910788297653, -0.01466402504593134, -0.99986732006073, 1.5478096008300781], [-0.38295161724090576, -0.9236252903938293, 0.01626092940568924, -0.043701171875], [0.0, 0.0, 0.0, 1.0]]], "view": [[0.0, -2.0, 100.0], [-2.0, 0.0, 100.0], [0.0, 0.0, 1.0]], "bev": "bev_daeb8135d9fc4205924a8ffd47534be0.png", "aux": "aux_daeb8135d9fc4205924a8ffd47534be0.npz", "visibility": "visibility_daeb8135d9fc4205924a8ffd47534be0.png", "pose": [[0.6516375541687012, 0.7585304975509644, 0.0, 806.5617065429688], [-0.7585304975509644, 0.6516375541687012, 0.0, 517.0247192382812], [0.0, 0.0, 1.0, 0.0], [0.0, 0.0, 0.0, 1.0]], "pose_inverse": [[0.6516375541687012, -0.7585304975509644, 0.0, -133.40684509277344], [0.7585304975509644, 0.6516375541687012, 0.0, -948.71435546875], [0.0, 0.0, 1.0, 0.0], [0.0, 0.0, 0.0, 1.0]], "cam_ids": [0, 1, 2, 3, 4, 5], "cam_channels": ["CAM_FRONT_LEFT", "CAM_FRONT", "CAM_FRONT_RIGHT", "CAM_BACK_LEFT", "CAM_BACK", "CAM_BACK_RIGHT"], "token": "daeb8135d9fc4205924a8ffd47534be0", "scene": "scene-0765"}, {"images": ["samples/CAM_FRONT_LEFT/n008-2018-08-30-15-16-55-0400__CAM_FRONT_LEFT__1535657350654799.jpg", "samples/CAM_FRONT/n008-2018-08-30-15-16-55-0400__CAM_FRONT__1535657350662404.jpg", "samples/CAM_FRONT_RIGHT/n008-2018-08-30-15-16-55-0400__CAM_FRONT_RIGHT__1535657350670482.jpg", "samples/CAM_BACK_LEFT/n008-2018-08-30-15-16-55-0400__CAM_BACK_LEFT__1535657350697405.jpg", "samples/CAM_BACK/n008-2018-08-30-15-16-55-0400__CAM_BACK__1535657350687558.jpg", "samples/CAM_BACK_RIGHT/n008-2018-08-30-15-16-55-0400__CAM_BACK_RIGHT__1535657350678113.jpg"], "intrinsics": [[[1257.8625342125129, 0.0, 827.2410631095686], [0.0, 1257.8625342125129, 450.915498205774], [0.0, 0.0, 1.0]], [[1252.8131021185304, 0.0, 826.588114781398], [0.0, 1252.8131021185304, 469.9846626224581], [0.0, 0.0, 1.0]], [[1256.7485116440405, 0.0, 817.7887570959712], [0.0, 1256.7485116440403, 451.9541780095127], [0.0, 0.0, 1.0]], [[1254.9860565800168, 0.0, 829.5769333630991], [0.0, 1254.9860565800168, 467.1680561863987], [0.0, 0.0, 1.0]], [[796.8910634503094, 0.0, 857.7774326863696], [0.0, 796.8910634503094, 476.8848988407415], [0.0, 0.0, 1.0]], [[1249.9629280788233, 0.0, 825.3768045375984], [0.0, 1249.9629280788233, 462.54816385708756], [0.0, 0.0, 1.0]]], "extrinsics": [[[0.8225152492523193, -0.5687138438224792, -0.005774727091193199, -1.00506591796875], [0.002069302834570408, 0.013145889155566692, -0.9999114274978638, 1.4882946014404297], [0.5687393546104431, 0.8224303722381592, 0.011989534832537174, -1.33331298828125], [0.0, 0.0, 0.0, 1.0]], [[0.010199069045484066, -0.9999075531959534, -0.008980500511825085, 0.00537109375], [0.004018021281808615, 0.009021876379847527, -0.9999512434005737, 1.4801673889160156], [0.9999399185180664, 0.010162532329559326, 0.004109665285795927, -1.7346343994140625], [0.0, 0.0, 0.0, 1.0]], [[-0.8440440893173218, -0.536173939704895, -0.01034471858292818, 1.09063720703125], [0.012042706832289696, 0.00033458005054853857, -0.9999274015426636, 1.493072748184204], [0.5361385941505432, -0.8441073894500732, 0.006174585781991482, -1.27752685546875], [0.0, 0.0, 0.0, 1.0]], [[0.9478552341461182, 0.3186081647872925, -0.007702532224357128, -1.143829345703125], [-0.01334390603005886, 0.015527456067502499, -0.9997904300689697, 1.5620441436767578], [-0.31842178106307983, 0.9477593302726746, 0.018969258293509483, -0.15606689453125], [0.0, 0.0, 0.0, 1.0]], [[0.009260952472686768, 0.9999260902404785, 0.00788916740566492, -0.02874755859375], [-0.011221339926123619, 0.007992931641638279, -0.9999050498008728, 1.5680618286132812], [-0.9998941421508789, 0.009171648882329464, 0.01129453256726265, 0.044342041015625], [0.0, 0.0, 0.0, 1.0]], [[-0.9237351417541504, 0.38303083181381226, 0.0008453941554762423, 1.16064453125], [-0.007025607395917177, -0.014736460521817207, -0.9998667240142822, 1.5478105545043945], [-0.38296738266944885, -0.9236180186271667, 0.016303610056638718, -0.04388427734375], [0.0, 0.0, 0.0, 1.0]]], "view": [[0.0, -2.0, 100.0], [-2.0, 0.0, 100.0], [0.0, 0.0, 1.0]], "bev": "bev_2e04cdb0171f42d392573aaa34f37cf2.png", "aux": "aux_2e04cdb0171f42d392573aaa34f37cf2.npz", "visibility": "visibility_2e04cdb0171f42d392573aaa34f37cf2.png", "pose": [[0.6516695022583008, 0.7585030198097229, 0.0, 806.561767578125], [-0.7585030198097229, 0.6516695022583008, 0.0, 517.0247192382812], [0.0, 0.0, 1.0, 0.0], [0.0, 0.0, 0.0, 1.0]], "pose_inverse": [[0.6516695022583008, -0.7585030198097229, 0.0, -133.44691467285156], [0.7585030198097229, 0.6516695022583008, 0.0, -948.7088012695312], [0.0, 0.0, 1.0, 0.0], [0.0, 0.0, 0.0, 1.0]], "cam_ids": [0, 1, 2, 3, 4, 5], "cam_channels": ["CAM_FRONT_LEFT", "CAM_FRONT", "CAM_FRONT_RIGHT", "CAM_BACK_LEFT", "CAM_BACK", "CAM_BACK_RIGHT"], "token": "2e04cdb0171f42d392573aaa34f37cf2", "scene": "scene-0765"}, {"images": ["samples/CAM_FRONT_LEFT/n008-2018-08-30-15-16-55-0400__CAM_FRONT_LEFT__1535657351154799.jpg", "samples/CAM_FRONT/n008-2018-08-30-15-16-55-0400__CAM_FRONT__1535657351162404.jpg", "samples/CAM_FRONT_RIGHT/n008-2018-08-30-15-16-55-0400__CAM_FRONT_RIGHT__1535657351170482.jpg", "samples/CAM_BACK_LEFT/n008-2018-08-30-15-16-55-0400__CAM_BACK_LEFT__1535657351197405.jpg", "samples/CAM_BACK/n008-2018-08-30-15-16-55-0400__CAM_BACK__1535657351187558.jpg", "samples/CAM_BACK_RIGHT/n008-2018-08-30-15-16-55-0400__CAM_BACK_RIGHT__1535657351178113.jpg"], "intrinsics": [[[1257.8625342125129, 0.0, 827.2410631095686], [0.0, 1257.8625342125129, 450.915498205774], [0.0, 0.0, 1.0]], [[1252.8131021185304, 0.0, 826.588114781398], [0.0, 1252.8131021185304, 469.9846626224581], [0.0, 0.0, 1.0]], [[1256.7485116440405, 0.0, 817.7887570959712], [0.0, 1256.7485116440403, 451.9541780095127], [0.0, 0.0, 1.0]], [[1254.9860565800168, 0.0, 829.5769333630991], [0.0, 1254.9860565800168, 467.1680561863987], [0.0, 0.0, 1.0]], [[796.8910634503094, 0.0, 857.7774326863696], [0.0, 796.8910634503094, 476.8848988407415], [0.0, 0.0, 1.0]], [[1249.9629280788233, 0.0, 825.3768045375984], [0.0, 1249.9629280788233, 462.54816385708756], [0.0, 0.0, 1.0]]], "extrinsics": [[[0.8225206732749939, -0.568707287311554, -0.005640167742967606, -1.0050048828125], [0.0022020817268639803, 0.013101514428853989, -0.9999117255210876, 1.4882936477661133], [0.5687309503555298, 0.8224355578422546, 0.012028604745864868, -1.3333740234375], [0.0, 0.0, 0.0, 1.0]], [[0.010208346880972385, -0.9999078512191772, -0.008949064649641514, 0.00531005859375], [0.004160738550126553, 0.008991927839815617, -0.9999509453773499, 1.4801654815673828], [0.9999392032623291, 0.010170605964958668, 0.004252147860825062, -1.73468017578125], [0.0, 0.0, 0.0, 1.0]], [[-0.8440383076667786, -0.5361809730529785, -0.010455267503857613, 1.09063720703125], [0.012192570604383945, 0.0003049235965590924, -0.9999256134033203, 1.493072509765625], [0.5361443161964417, -0.8441030383110046, 0.006280057597905397, -1.27752685546875], [0.0, 0.0, 0.0, 1.0]], [[0.9478569626808167, 0.31860584020614624, -0.007583955302834511, -1.143798828125], [-0.013198468834161758, 0.015466990880668163, -0.999793291091919, 1.5620441436767578], [-0.3184226453304291, 0.947761058807373, 0.01886560395359993, -0.15606689453125], [0.0, 0.0, 0.0, 1.0]], [[0.009256350807845592, 0.9999264478683472, 0.007838009856641293, -0.02886962890625], [-0.011077981442213058, 0.007940406911075115, -0.9999070763587952, 1.5680618286132812], [-0.9998958110809326, 0.009168583899736404, 0.011150666512548923, 0.04428863525390625], [0.0, 0.0, 0.0, 1.0]], [[-0.9237377643585205, 0.38302478194236755, 0.0006958464509807527, 1.16070556640625], [-0.006876631639897823, -0.014767846092581749, -0.9998672604560852, 1.5478134155273438], [-0.3829635977745056, -0.9236199259757996, 0.016275538131594658, -0.043701171875], [0.0, 0.0, 0.0, 1.0]]], "view": [[0.0, -2.0, 100.0], [-2.0, 0.0, 100.0], [0.0, 0.0, 1.0]], "bev": "bev_406a635f461b4c4e83042ed35fb0d885.png", "aux": "aux_406a635f461b4c4e83042ed35fb0d885.npz", "visibility": "visibility_406a635f461b4c4e83042ed35fb0d885.png", "pose": [[0.6517487168312073, 0.7584349513053894, 0.0, 806.561767578125], [-0.7584349513053894, 0.6517487168312073, 0.0, 517.0247192382812], [0.0, 0.0, 1.0, 0.0], [0.0, 0.0, 0.0, 1.0]], "pose_inverse": [[0.6517487168312073, -0.7584349513053894, 0.0, -133.54598999023438], [0.7584349513053894, 0.6517487168312073, 0.0, -948.69482421875], [0.0, 0.0, 1.0, 0.0], [0.0, 0.0, 0.0, 1.0]], "cam_ids": [0, 1, 2, 3, 4, 5], "cam_channels": ["CAM_FRONT_LEFT", "CAM_FRONT", "CAM_FRONT_RIGHT", "CAM_BACK_LEFT", "CAM_BACK", "CAM_BACK_RIGHT"], "token": "406a635f461b4c4e83042ed35fb0d885", "scene": "scene-0765"}, {"images": ["samples/CAM_FRONT_LEFT/n008-2018-08-30-15-16-55-0400__CAM_FRONT_LEFT__1535657351654799.jpg", "samples/CAM_FRONT/n008-2018-08-30-15-16-55-0400__CAM_FRONT__1535657351662404.jpg", "samples/CAM_FRONT_RIGHT/n008-2018-08-30-15-16-55-0400__CAM_FRONT_RIGHT__1535657351670482.jpg", "samples/CAM_BACK_LEFT/n008-2018-08-30-15-16-55-0400__CAM_BACK_LEFT__1535657351697405.jpg", "samples/CAM_BACK/n008-2018-08-30-15-16-55-0400__CAM_BACK__1535657351687558.jpg", "samples/CAM_BACK_RIGHT/n008-2018-08-30-15-16-55-0400__CAM_BACK_RIGHT__1535657351678113.jpg"], "intrinsics": [[[1257.8625342125129, 0.0, 827.2410631095686], [0.0, 1257.8625342125129, 450.915498205774], [0.0, 0.0, 1.0]], [[1252.8131021185304, 0.0, 826.588114781398], [0.0, 1252.8131021185304, 469.9846626224581], [0.0, 0.0, 1.0]], [[1256.7485116440405, 0.0, 817.7887570959712], [0.0, 1256.7485116440403, 451.9541780095127], [0.0, 0.0, 1.0]], [[1254.9860565800168, 0.0, 829.5769333630991], [0.0, 1254.9860565800168, 467.1680561863987], [0.0, 0.0, 1.0]], [[796.8910634503094, 0.0, 857.7774326863696], [0.0, 796.8910634503094, 476.8848988407415], [0.0, 0.0, 1.0]], [[1249.9629280788233, 0.0, 825.3768045375984], [0.0, 1249.9629280788233, 462.54816385708756], [0.0, 0.0, 1.0]]], "extrinsics": [[[0.8225306272506714, -0.5686943531036377, -0.005492939613759518, -1.005035400390625], [0.002399019431322813, 0.013127820566296577, -0.9999109506607056, 1.4882936477661133], [0.5687158107757568, 0.8224442601203918, 0.012162342667579651, -1.3333740234375], [0.0, 0.0, 0.0, 1.0]], [[0.010222746059298515, -0.9999077320098877, -0.008952855132520199, 0.00537109375], [0.00436289282515645, 0.008997838944196701, -0.9999500513076782, 1.4801645278930664], [0.9999381899833679, 0.010183136910200119, 0.004454473033547401, -1.734771728515625], [0.0, 0.0, 0.0, 1.0]], [[-0.8440311551094055, -0.5361889004707336, -0.010628566145896912, 1.090576171875], [0.012397210113704205, 0.0003060817252844572, -0.9999231100082397, 1.4930721521377563], [0.5361508727073669, -0.8440980315208435, 0.00638890266418457, -1.27752685546875], [0.0, 0.0, 0.0, 1.0]], [[0.9478577971458435, 0.31860870122909546, -0.00735621340572834, -1.14398193359375], [-0.01295720785856247, 0.015463713556528091, -0.9997965097427368, 1.5620431900024414], [-0.31843018531799316, 0.9477601647377014, 0.018785681575536728, -0.15606689453125], [0.0, 0.0, 0.0, 1.0]], [[0.009250960312783718, 0.9999265074729919, 0.007836898788809776, -0.02880859375], [-0.010838682763278484, 0.007937042973935604, -0.9999096989631653, 1.5680608749389648], [-0.9998985528945923, 0.0091651426628232, 0.010911311022937298, 0.04428863525390625], [0.0, 0.0, 0.0, 1.0]], [[-0.9237403869628906, 0.38301876187324524, 0.0004769264778587967, 1.160675048828125], [-0.0066407169215381145, -0.014770648442208767, -0.9998688101768494, 1.5478124618530273], [-0.3829614222049713, -0.9236224889755249, 0.016187764704227448, -0.043701171875], [0.0, 0.0, 0.0, 1.0]]], "view": [[0.0, -2.0, 100.0], [-2.0, 0.0, 100.0], [0.0, 0.0, 1.0]], "bev": "bev_1be034dddd5249658624d4e700485925.png", "aux": "aux_1be034dddd5249658624d4e700485925.npz", "visibility": "visibility_1be034dddd5249658624d4e700485925.png", "pose": [[0.6517745852470398, 0.758412778377533, 0.0, 806.5618286132812], [-0.758412778377533, 0.6517745852470398, 0.0, 517.0247192382812], [0.0, 0.0, 1.0, 0.0], [0.0, 0.0, 0.0, 1.0]], "pose_inverse": [[0.6517745852470398, -0.758412778377533, 0.0, -133.57833862304688], [0.758412778377533, 0.6517745852470398, 0.0, -948.6903686523438], [0.0, 0.0, 1.0, 0.0], [0.0, 0.0, 0.0, 1.0]], "cam_ids": [0, 1, 2, 3, 4, 5], "cam_channels": ["CAM_FRONT_LEFT", "CAM_FRONT", "CAM_FRONT_RIGHT", "CAM_BACK_LEFT", "CAM_BACK", "CAM_BACK_RIGHT"], "token": "1be034dddd5249658624d4e700485925", "scene": "scene-0765"}, {"images": ["samples/CAM_FRONT_LEFT/n008-2018-08-30-15-16-55-0400__CAM_FRONT_LEFT__1535657352154799.jpg", "samples/CAM_FRONT/n008-2018-08-30-15-16-55-0400__CAM_FRONT__1535657352162404.jpg", "samples/CAM_FRONT_RIGHT/n008-2018-08-30-15-16-55-0400__CAM_FRONT_RIGHT__1535657352170482.jpg", "samples/CAM_BACK_LEFT/n008-2018-08-30-15-16-55-0400__CAM_BACK_LEFT__1535657352197405.jpg", "samples/CAM_BACK/n008-2018-08-30-15-16-55-0400__CAM_BACK__1535657352187558.jpg", "samples/CAM_BACK_RIGHT/n008-2018-08-30-15-16-55-0400__CAM_BACK_RIGHT__1535657352178113.jpg"], "intrinsics": [[[1257.8625342125129, 0.0, 827.2410631095686], [0.0, 1257.8625342125129, 450.915498205774], [0.0, 0.0, 1.0]], [[1252.8131021185304, 0.0, 826.588114781398], [0.0, 1252.8131021185304, 469.9846626224581], [0.0, 0.0, 1.0]], [[1256.7485116440405, 0.0, 817.7887570959712], [0.0, 1256.7485116440403, 451.9541780095127], [0.0, 0.0, 1.0]], [[1254.9860565800168, 0.0, 829.5769333630991], [0.0, 1254.9860565800168, 467.1680561863987], [0.0, 0.0, 1.0]], [[796.8910634503094, 0.0, 857.7774326863696], [0.0, 796.8910634503094, 476.8848988407415], [0.0, 0.0, 1.0]], [[1249.9629280788233, 0.0, 825.3768045375984], [0.0, 1249.9629280788233, 462.54816385708756], [0.0, 0.0, 1.0]]], "extrinsics": [[[0.8225319385528564, -0.5686943531036377, -0.005304147955030203, -1.0050048828125], [0.002617715625092387, 0.013112190179526806, -0.9999105930328369, 1.4882926940917969], [0.5687130093574524, 0.8224444389343262, 0.012273874133825302, -1.3333740234375], [0.0, 0.0, 0.0, 1.0]], [[0.01022645179182291, -0.9999077320098877, -0.008945413865149021, 0.00537109375], [0.004585636779665947, 0.00899268314242363, -0.999949038028717, 1.4801654815673828], [0.9999371767044067, 0.010184875689446926, 0.00467717694118619, -1.7347869873046875], [0.0, 0.0, 0.0, 1.0]], [[-0.8440268635749817, -0.5361916422843933, -0.010822262614965439, 1.0906982421875], [0.012621463276445866, 0.00031433848198503256, -0.9999203085899353, 1.4930719137191772], [0.5361523628234863, -0.8440961837768555, 0.00650221249088645, -1.27752685546875], [0.0, 0.0, 0.0, 1.0]], [[0.9478597044944763, 0.31860774755477905, -0.007150951307266951, -1.14398193359375], [-0.012743491679430008, 0.015472084283828735, -0.9997990727424622, 1.562042236328125], [-0.31843313574790955, 0.9477604031562805, 0.01872554048895836, -0.156005859375], [0.0, 0.0, 0.0, 1.0]], [[0.009247525595128536, 0.9999265074729919, 0.007844219915568829, -0.02886962890625], [-0.010637478902935982, 0.007942482829093933, -0.9999118447303772, 1.5680603981018066], [-0.9999006986618042, 0.009163261391222477, 0.010710145346820354, 0.04436492919921875], [0.0, 0.0, 0.0, 1.0]], [[-0.9237419366836548, 0.38301539421081543, 0.00029078160878270864, 1.1606903076171875], [-0.006436532828956842, -0.014764293096959591, -0.999870240688324, 1.5478124618530273], [-0.38296136260032654, -0.9236240386962891, 0.01610368676483631, -0.04376220703125], [0.0, 0.0, 0.0, 1.0]]], "view": [[0.0, -2.0, 100.0], [-2.0, 0.0, 100.0], [0.0, 0.0, 1.0]], "bev": "bev_a2c2bbd110f64b778b0a1c65169c8968.png", "aux": "aux_a2c2bbd110f64b778b0a1c65169c8968.npz", "visibility": "visibility_a2c2bbd110f64b778b0a1c65169c8968.png", "pose": [[0.6517674922943115, 0.7584188580513, 0.0, 806.5618286132812], [-0.7584188580513, 0.6517674922943115, 0.0, 517.0247192382812], [0.0, 0.0, 1.0, 0.0], [0.0, 0.0, 0.0, 1.0]], "pose_inverse": [[0.6517674922943115, -0.7584188580513, 0.0, -133.5695037841797], [0.7584188580513, 0.6517674922943115, 0.0, -948.6915893554688], [0.0, 0.0, 1.0, 0.0], [0.0, 0.0, 0.0, 1.0]], "cam_ids": [0, 1, 2, 3, 4, 5], "cam_channels": ["CAM_FRONT_LEFT", "CAM_FRONT", "CAM_FRONT_RIGHT", "CAM_BACK_LEFT", "CAM_BACK", "CAM_BACK_RIGHT"], "token": "a2c2bbd110f64b778b0a1c65169c8968", "scene": "scene-0765"}, {"images": ["samples/CAM_FRONT_LEFT/n008-2018-08-30-15-16-55-0400__CAM_FRONT_LEFT__1535657352654799.jpg", "samples/CAM_FRONT/n008-2018-08-30-15-16-55-0400__CAM_FRONT__1535657352662404.jpg", "samples/CAM_FRONT_RIGHT/n008-2018-08-30-15-16-55-0400__CAM_FRONT_RIGHT__1535657352670482.jpg", "samples/CAM_BACK_LEFT/n008-2018-08-30-15-16-55-0400__CAM_BACK_LEFT__1535657352697405.jpg", "samples/CAM_BACK/n008-2018-08-30-15-16-55-0400__CAM_BACK__1535657352687558.jpg", "samples/CAM_BACK_RIGHT/n008-2018-08-30-15-16-55-0400__CAM_BACK_RIGHT__1535657352678113.jpg"], "intrinsics": [[[1257.8625342125129, 0.0, 827.2410631095686], [0.0, 1257.8625342125129, 450.915498205774], [0.0, 0.0, 1.0]], [[1252.8131021185304, 0.0, 826.588114781398], [0.0, 1252.8131021185304, 469.9846626224581], [0.0, 0.0, 1.0]], [[1256.7485116440405, 0.0, 817.7887570959712], [0.0, 1256.7485116440403, 451.9541780095127], [0.0, 0.0, 1.0]], [[1254.9860565800168, 0.0, 829.5769333630991], [0.0, 1254.9860565800168, 467.1680561863987], [0.0, 0.0, 1.0]], [[796.8910634503094, 0.0, 857.7774326863696], [0.0, 796.8910634503094, 476.8848988407415], [0.0, 0.0, 1.0]], [[1249.9629280788233, 0.0, 825.3768045375984], [0.0, 1249.9629280788233, 462.54816385708756], [0.0, 0.0, 1.0]]], "extrinsics": [[[0.8225377202033997, -0.5686863660812378, -0.005237721372395754, -1.005035400390625], [0.0027517734561115503, 0.01318949181586504, -0.9999092221260071, 1.4882946014404297], [0.5687037706375122, 0.8224486708641052, 0.01241375133395195, -1.3333740234375], [0.0, 0.0, 0.0, 1.0]], [[0.010231366381049156, -0.9999069571495056, -0.009021026082336903, 0.00537109375], [0.004701502621173859, 0.009069502353668213, -0.9999478459358215, 1.4801654815673828], [0.999936580657959, 0.010188366286456585, 0.0047938586212694645, -1.7347869873046875], [0.0, 0.0, 0.0, 1.0]], [[-0.8440268039703369, -0.536189615726471, -0.010931230150163174, 1.09063720703125], [0.012716112658381462, 0.00036853941855952144, -0.999919056892395, 1.4930728673934937], [0.5361502766609192, -0.8440974354743958, 0.006507190875709057, -1.27752685546875], [0.0, 0.0, 0.0, 1.0]], [[0.9478603601455688, 0.3186078369617462, -0.007055254653096199, -1.14385986328125], [-0.012664015404880047, 0.015535973012447357, -0.9997991323471069, 1.5620441436767578], [-0.3184342682361603, 0.9477592706680298, 0.018760789185762405, -0.15606689453125], [0.0, 0.0, 0.0, 1.0]], [[0.00924878753721714, 0.9999259114265442, 0.0079124066978693, -0.02880859375], [-0.010535776615142822, 0.00800975039601326, -0.9999123811721802, 1.568061351776123], [-0.9999017715454102, 0.009164635092020035, 0.010609077289700508, 0.04434967041015625], [0.0, 0.0, 0.0, 1.0]], [[-0.9237404465675354, 0.3830189108848572, 0.00022699552937410772, 1.1607513427734375], [-0.0063386037945747375, -0.01469446625560522, -0.9998719096183777, 1.5478105545043945], [-0.38296645879745483, -0.9236235618591309, 0.016001679003238678, -0.043701171875], [0.0, 0.0, 0.0, 1.0]]], "view": [[0.0, -2.0, 100.0], [-2.0, 0.0, 100.0], [0.0, 0.0, 1.0]], "bev": "bev_6109118d1248462793518492451f0126.png", "aux": "aux_6109118d1248462793518492451f0126.npz", "visibility": "visibility_6109118d1248462793518492451f0126.png", "pose": [[0.6517442464828491, 0.758438766002655, 0.0, 806.5618286132812], [-0.758438766002655, 0.6517442464828491, 0.0, 517.0247802734375], [0.0, 0.0, 1.0, 0.0], [0.0, 0.0, 0.0, 1.0]], "pose_inverse": [[0.6517442464828491, -0.758438766002655, 0.0, -133.5404052734375], [0.758438766002655, 0.6517442464828491, 0.0, -948.6957397460938], [0.0, 0.0, 1.0, 0.0], [0.0, 0.0, 0.0, 1.0]], "cam_ids": [0, 1, 2, 3, 4, 5], "cam_channels": ["CAM_FRONT_LEFT", "CAM_FRONT", "CAM_FRONT_RIGHT", "CAM_BACK_LEFT", "CAM_BACK", "CAM_BACK_RIGHT"], "token": "6109118d1248462793518492451f0126", "scene": "scene-0765"}, {"images": ["samples/CAM_FRONT_LEFT/n008-2018-08-30-15-16-55-0400__CAM_FRONT_LEFT__1535657353104799.jpg", "samples/CAM_FRONT/n008-2018-08-30-15-16-55-0400__CAM_FRONT__1535657353112404.jpg", "samples/CAM_FRONT_RIGHT/n008-2018-08-30-15-16-55-0400__CAM_FRONT_RIGHT__1535657353120482.jpg", "samples/CAM_BACK_LEFT/n008-2018-08-30-15-16-55-0400__CAM_BACK_LEFT__1535657353147405.jpg", "samples/CAM_BACK/n008-2018-08-30-15-16-55-0400__CAM_BACK__1535657353137558.jpg", "samples/CAM_BACK_RIGHT/n008-2018-08-30-15-16-55-0400__CAM_BACK_RIGHT__1535657353128113.jpg"], "intrinsics": [[[1257.8625342125129, 0.0, 827.2410631095686], [0.0, 1257.8625342125129, 450.915498205774], [0.0, 0.0, 1.0]], [[1252.8131021185304, 0.0, 826.588114781398], [0.0, 1252.8131021185304, 469.9846626224581], [0.0, 0.0, 1.0]], [[1256.7485116440405, 0.0, 817.7887570959712], [0.0, 1256.7485116440403, 451.9541780095127], [0.0, 0.0, 1.0]], [[1254.9860565800168, 0.0, 829.5769333630991], [0.0, 1254.9860565800168, 467.1680561863987], [0.0, 0.0, 1.0]], [[796.8910634503094, 0.0, 857.7774326863696], [0.0, 796.8910634503094, 476.8848988407415], [0.0, 0.0, 1.0]], [[1249.9629280788233, 0.0, 825.3768045375984], [0.0, 1249.9629280788233, 462.54816385708756], [0.0, 0.0, 1.0]]], "extrinsics": [[[0.8225415349006653, -0.5686813592910767, -0.005206105764955282, -1.005035400390625], [0.0028266857843846083, 0.013242379762232304, -0.9999083280563354, 1.4882926940917969], [0.5686982274055481, 0.8224512934684753, 0.01249989029020071, -1.33331298828125], [0.0, 0.0, 0.0, 1.0]], [[0.010242277756333351, -0.9999063611030579, -0.009070970118045807, 0.00543212890625], [0.004796146415174007, 0.009120466187596321, -0.9999468922615051, 1.4801645278930664], [0.9999359846115112, 0.01019808929413557, 0.004889111965894699, -1.73480224609375], [0.0, 0.0, 0.0, 1.0]], [[-0.8440192341804504, -0.5361989140510559, -0.01105874590575695, 1.090576171875], [0.012833788990974426, 0.00042124110041186213, -0.9999175071716309, 1.4930721521377563], [0.5361593961715698, -0.8440915942192078, 0.006525927688926458, -1.277587890625], [0.0, 0.0, 0.0, 1.0]], [[0.9478605389595032, 0.31861045956611633, -0.006909214425832033, -1.143890380859375], [-0.01252877525985241, 0.015591765753924847, -0.999799907207489, 1.5620412826538086], [-0.31843897700309753, 0.9477574825286865, 0.018770620226860046, -0.1561279296875], [0.0, 0.0, 0.0, 1.0]], [[0.009241964668035