[{"images": ["samples/CAM_FRONT_LEFT/n015-2018-08-01-16-32-59+0800__CAM_FRONT_LEFT__1533112828154844.jpg", "samples/CAM_FRONT/n015-2018-08-01-16-32-59+0800__CAM_FRONT__1533112828162460.jpg", "samples/CAM_FRONT_RIGHT/n015-2018-08-01-16-32-59+0800__CAM_FRONT_RIGHT__1533112828170339.jpg", "samples/CAM_BACK_LEFT/n015-2018-08-01-16-32-59+0800__CAM_BACK_LEFT__1533112828197423.jpg", "samples/CAM_BACK/n015-2018-08-01-16-32-59+0800__CAM_BACK__1533112828187525.jpg", "samples/CAM_BACK_RIGHT/n015-2018-08-01-16-32-59+0800__CAM_BACK_RIGHT__1533112828177893.jpg"], "intrinsics": [[[1272.5979470598488, 0.0, 826.6154927353808], [0.0, 1272.5979470598488, 479.75165386361925], [0.0, 0.0, 1.0]], [[1266.417203046554, 0.0, 816.2670197447984], [0.0, 1266.417203046554, 491.50706579294757], [0.0, 0.0, 1.0]], [[1260.8474446004698, 0.0, 807.968244525554], [0.0, 1260.8474446004698, 495.3344268742088], [0.0, 0.0, 1.0]], [[1256.7414812095406, 0.0, 792.1125740759628], [0.0, 1256.7414812095406, 492.7757465151356], [0.0, 0.0, 1.0]], [[809.2209905677063, 0.0, 829.2196003259838], [0.0, 809.2209905677063, 481.77842384512485], [0.0, 0.0, 1.0]], [[1259.5137405846733, 0.0, 807.2529053838625], [0.0, 1259.5137405846733, 501.19579884916527], [0.0, 0.0, 1.0]]], "extrinsics": [[[0.8209748268127441, -0.570830762386322, -0.012351051904261112, -0.84881591796875], [0.0006845153984613717, 0.022615917026996613, -0.9997439980506897, 1.5082917213439941], [0.5709639191627502, 0.8207562565803528, 0.018957842141389847, -1.2022247314453125], [0.0, 0.0, 0.0, 1.0]], [[0.005974705331027508, -0.999809741973877, -0.018562916666269302, 0.007659912109375], [-0.004631951916962862, 0.018535379320383072, -0.9998175501823425, 1.5199613571166992], [0.999971330165863, 0.006059600505977869, -0.0045203277841210365, -1.5765380859375], [0.0, 0.0, 0.0, 1.0]], [[-0.8327984809875488, -0.5531933307647705, -0.02058315835893154, 0.95758056640625], [0.000972945534158498, 0.03571941703557968, -0.9993613362312317, 1.503678321838379], [0.5535752773284912, -0.8322867155075073, -0.029208851978182793, -1.197265625], [0.0, 0.0, 0.0, 1.0]], [[0.9477556943893433, 0.3188145160675049, 0.010791569016873837, -1.1390380859375], [0.009631440043449402, 0.005215161945670843, -0.9999399781227112, 1.5885872840881348], [-0.31885161995887756, 0.947802722454071, 0.0018720574444159865, -0.10498046875], [0.0, 0.0, 0.0, 1.0]], [[0.002348169684410095, 0.9998807311058044, 0.015259877778589725, 0.00225830078125], [-0.015789126977324486, 0.015295088291168213, -0.9997583627700806, 1.578786849975586], [-0.999872624874115, 0.0021066837944090366, 0.015823161229491234, -0.0335693359375], [0.0, 0.0, 0.0, 1.0]], [[-0.9348195195198059, 0.35508978366851807, -0.004867185838520527, 1.07373046875], [0.01685543730854988, 0.030675582587718964, -0.999387264251709, 1.5525364875793457], [-0.35472291707992554, -0.9343287348747253, -0.03466133028268814, -0.08617401123046875], [0.0, 0.0, 0.0, 1.0]]], "view": [[0.0, -2.0, 100.0], [-2.0, 0.0, 100.0], [0.0, 0.0, 1.0]], "bev": "bev_db46db0898a94f978cd567cbab5c7eb0.png", "aux": "aux_db46db0898a94f978cd567cbab5c7eb0.npz", "visibility": "visibility_db46db0898a94f978cd567cbab5c7eb0.png", "pose": [[-0.2270275056362152, -0.9738883376121521, 0.0, 144.26014709472656], [0.9738883376121521, -0.2270275056362152, 0.0, 931.0505981445312], [0.0, 0.0, 1.0, 0.0], [0.0, 0.0, 0.0, 1.0]], "pose_inverse": [[-0.2270275056362152, 0.9738883376121521, 0.0, -873.98828125], [-0.9738883376121521, -0.2270275056362152, 0.0, 351.86737060546875], [0.0, 0.0, 1.0, 0.0], [0.0, 0.0, 0.0, 1.0]], "cam_ids": [0, 1, 2, 3, 4, 5], "cam_channels": ["CAM_FRONT_LEFT", "CAM_FRONT", "CAM_FRONT_RIGHT", "CAM_BACK_LEFT", "CAM_BACK", "CAM_BACK_RIGHT"], "token": "db46db0898a94f978cd567cbab5c7eb0", "scene": "scene-0128"}, {"images": ["samples/CAM_FRONT_LEFT/n015-2018-08-01-16-32-59+0800__CAM_FRONT_LEFT__1533112828654844.jpg", "samples/CAM_FRONT/n015-2018-08-01-16-32-59+0800__CAM_FRONT__1533112828663051.jpg", "samples/CAM_FRONT_RIGHT/n015-2018-08-01-16-32-59+0800__CAM_FRONT_RIGHT__1533112828670339.jpg", "samples/CAM_BACK_LEFT/n015-2018-08-01-16-32-59+0800__CAM_BACK_LEFT__1533112828697423.jpg", "samples/CAM_BACK/n015-2018-08-01-16-32-59+0800__CAM_BACK__1533112828687525.jpg", "samples/CAM_BACK_RIGHT/n015-2018-08-01-16-32-59+0800__CAM_BACK_RIGHT__1533112828677893.jpg"], "intrinsics": [[[1272.5979470598488, 0.0, 826.6154927353808], [0.0, 1272.5979470598488, 479.75165386361925], [0.0, 0.0, 1.0]], [[1266.417203046554, 0.0, 816.2670197447984], [0.0, 1266.417203046554, 491.50706579294757], [0.0, 0.0, 1.0]], [[1260.8474446004698, 0.0, 807.968244525554], [0.0, 1260.8474446004698, 495.3344268742088], [0.0, 0.0, 1.0]], [[1256.7414812095406, 0.0, 792.1125740759628], [0.0, 1256.7414812095406, 492.7757465151356], [0.0, 0.0, 1.0]], [[809.2209905677063, 0.0, 829.2196003259838], [0.0, 809.2209905677063, 481.77842384512485], [0.0, 0.0, 1.0]], [[1259.5137405846733, 0.0, 807.2529053838625], [0.0, 1259.5137405846733, 501.19579884916527], [0.0, 0.0, 1.0]]], "extrinsics": [[[0.8207434415817261, -0.5712170004844666, -0.009556325152516365, -0.8323974609375], [0.002760786795988679, 0.02069290541112423, -0.9997820854187012, 1.508690357208252], [0.5712902545928955, 0.8205381631851196, 0.01856057532131672, -1.188140869140625], [0.0, 0.0, 0.0, 1.0]], [[0.005657777190208435, -0.9998450875282288, -0.016669929027557373, 0.0059814453125], [-0.0025238015223294497, 0.01665586419403553, -0.9998581409454346, 1.5202007293701172], [0.9999808073043823, 0.005699076224118471, -0.0024291749577969313, -1.56146240234375], [0.0, 0.0, 0.0, 1.0]], [[-0.8329055309295654, -0.5530034899711609, -0.021339403465390205, 0.9461669921875], [0.003111841855570674, 0.03387894853949547, -0.9994211196899414, 1.503962516784668], [0.553406298160553, -0.8324898481369019, -0.026497110724449158, -1.19134521484375], [0.0, 0.0, 0.0, 1.0]], [[0.9477465152740479, 0.3187885880470276, 0.012266983278095722, -1.14300537109375], [0.011786218732595444, 0.00343711138702929, -0.9999246001243591, 1.588545322418213], [-0.3188066780567169, 0.9478195905685425, -0.0004998010117560625, -0.10308837890625], [0.0, 0.0, 0.0, 1.0]], [[0.0024372844491153955, 0.9999065399169922, 0.013459913432598114, 0.00299072265625], [-0.013619494624435902, 0.013491896912455559, -0.9998162388801575, 1.5788402557373047], [-0.999904215335846, 0.002253493294119835, 0.013651103712618351, -0.03607177734375], [0.0, 0.0, 0.0, 1.0]], [[-0.934735119342804, 0.3552654981613159, -0.0075289406813681126, 1.06591796875], [0.019012808799743652, 0.028844602406024933, -0.9994030594825745, 1.5528788566589355], [-0.35483628511428833, -0.9343202710151672, -0.033716656267642975, -0.09030437469482422], [0.0, 0.0, 0.0, 1.0]]], "view": [[0.0, -2.0, 100.0], [-2.0, 0.0, 100.0], [0.0, 0.0, 1.0]], "bev": "bev_f5caecf92cb64b60bbf72eac8ef64204.png", "aux": "aux_f5caecf92cb64b60bbf72eac8ef64204.npz", "visibility": "visibility_f5caecf92cb64b60bbf72eac8ef64204.png", "pose": [[-0.22472146153450012, -0.9744230508804321, 0.0, 143.85360717773438], [0.9744230508804321, -0.22472146153450012, 0.0, 932.8310546875], [0.0, 0.0, 1.0, 0.0], [0.0, 0.0, 0.0, 1.0]], "pose_inverse": [[-0.22472146153450012, 0.9744230508804321, 0.0, -876.6450805664062], [-0.9744230508804321, -0.22472146153450012, 0.0, 349.8014221191406], [0.0, 0.0, 1.0, 0.0], [0.0, 0.0, 0.0, 1.0]], "cam_ids": [0, 1, 2, 3, 4, 5], "cam_channels": ["CAM_FRONT_LEFT", "CAM_FRONT", "CAM_FRONT_RIGHT", "CAM_BACK_LEFT", "CAM_BACK", "CAM_BACK_RIGHT"], "token": "f5caecf92cb64b60bbf72eac8ef64204", "scene": "scene-0128"}, {"images": ["samples/CAM_FRONT_LEFT/n015-2018-08-01-16-32-59+0800__CAM_FRONT_LEFT__1533112829154844.jpg", "samples/CAM_FRONT/n015-2018-08-01-16-32-59+0800__CAM_FRONT__1533112829162460.jpg", "samples/CAM_FRONT_RIGHT/n015-2018-08-01-16-32-59+0800__CAM_FRONT_RIGHT__1533112829170339.jpg", "samples/CAM_BACK_LEFT/n015-2018-08-01-16-32-59+0800__CAM_BACK_LEFT__1533112829197423.jpg", "samples/CAM_BACK/n015-2018-08-01-16-32-59+0800__CAM_BACK__1533112829187536.jpg", "samples/CAM_BACK_RIGHT/n015-2018-08-01-16-32-59+0800__CAM_BACK_RIGHT__1533112829177893.jpg"], "intrinsics": [[[1272.5979470598488, 0.0, 826.6154927353808], [0.0, 1272.5979470598488, 479.75165386361925], [0.0, 0.0, 1.0]], [[1266.417203046554, 0.0, 816.2670197447984], [0.0, 1266.417203046554, 491.50706579294757], [0.0, 0.0, 1.0]], [[1260.8474446004698, 0.0, 807.968244525554], [0.0, 1260.8474446004698, 495.3344268742088], [0.0, 0.0, 1.0]], [[1256.7414812095406, 0.0, 792.1125740759628], [0.0, 1256.7414812095406, 492.7757465151356], [0.0, 0.0, 1.0]], [[809.2209905677063, 0.0, 829.2196003259838], [0.0, 809.2209905677063, 481.77842384512485], [0.0, 0.0, 1.0]], [[1259.5137405846733, 0.0, 807.2529053838625], [0.0, 1259.5137405846733, 501.19579884916527], [0.0, 0.0, 1.0]]], "extrinsics": [[[0.8206689357757568, -0.5713844299316406, -0.004734467249363661, -0.80889892578125], [0.005112047772854567, 0.01562717743217945, -0.9998648166656494, 1.5092370510101318], [0.571381151676178, 0.8205337524414062, 0.015745682641863823, -1.170501708984375], [0.0, 0.0, 0.0, 1.0]], [[0.005564083810895681, -0.9999179244041443, -0.01153880450874567, 0.0052490234375], [-0.00016481391503475606, 0.01153806783258915, -0.9999334216117859, 1.5205144882202148], [0.9999845027923584, 0.005565597675740719, -0.00010060187196359038, -1.53515625], [0.0, 0.0, 0.0, 1.0]], [[-0.8329113125801086, -0.5530288219451904, -0.02044437639415264, 0.93023681640625], [0.0054654311388731, 0.028720777481794357, -0.9995725154876709, 1.5043277740478516], [0.5533795356750488, -0.8326669931411743, -0.020899318158626556, -1.181640625], [0.0, 0.0, 0.0, 1.0]], [[0.947810709476471, 0.31857582926750183, 0.012821382842957973, -1.14703369140625], [0.014057949185371399, -0.0015825878363102674, -0.9998998641967773, 1.5884790420532227], [-0.318523645401001, 0.9478961229324341, -0.005978516303002834, -0.101318359375], [0.0, 0.0, 0.0, 1.0]], [[0.0025501647032797337, 0.9999619722366333, 0.008348333649337292, 0.003326416015625], [-0.01131647452712059, 0.008376684039831161, -0.9999009370803833, 1.578871726989746], [-0.9999327659606934, 0.0024554457049816847, 0.011337404139339924, -0.04144287109375], [0.0, 0.0, 0.0, 1.0]], [[-0.934687077999115, 0.3552846312522888, -0.011522352695465088, 1.05364990234375], [0.021332209929823875, 0.02370620146393776, -0.9994913935661316, 1.553349494934082], [-0.3548308312892914, -0.9344576001167297, -0.02973688766360283, -0.09547615051269531], [0.0, 0.0, 0.0, 1.0]]], "view": [[0.0, -2.0, 100.0], [-2.0, 0.0, 100.0], [0.0, 0.0, 1.0]], "bev": "bev_9731a3599ec147de8e776165a641684d.png", "aux": "aux_9731a3599ec147de8e776165a641684d.npz", "visibility": "visibility_9731a3599ec147de8e776165a641684d.png", "pose": [[-0.22486929595470428, -0.9743889570236206, 0.0, 143.37789916992188], [0.9743889570236206, -0.22486929595470428, 0.0, 934.87841796875], [0.0, 0.0, 1.0, 0.0], [0.0, 0.0, 0.0, 1.0]], "pose_inverse": [[-0.22486929595470428, 0.9743889570236206, 0.0, -878.6939086914062], [-0.9743889570236206, -0.22486929595470428, 0.0, 349.9312744140625], [0.0, 0.0, 1.0, 0.0], [0.0, 0.0, 0.0, 1.0]], "cam_ids": [0, 1, 2, 3, 4, 5], "cam_channels": ["CAM_FRONT_LEFT", "CAM_FRONT", "CAM_FRONT_RIGHT", "CAM_BACK_LEFT", "CAM_BACK", "CAM_BACK_RIGHT"], "token": "9731a3599ec147de8e776165a641684d", "scene": "scene-0128"}, {"images": ["samples/CAM_FRONT_LEFT/n015-2018-08-01-16-32-59+0800__CAM_FRONT_LEFT__1533112829604844.jpg", "samples/CAM_FRONT/n015-2018-08-01-16-32-59+0800__CAM_FRONT__1533112829612460.jpg", "samples/CAM_FRONT_RIGHT/n015-2018-08-01-16-32-59+0800__CAM_FRONT_RIGHT__1533112829620339.jpg", "samples/CAM_BACK_LEFT/n015-2018-08-01-16-32-59+0800__CAM_BACK_LEFT__1533112829647423.jpg", "samples/CAM_BACK/n015-2018-08-01-16-32-59+0800__CAM_BACK__1533112829637525.jpg", "samples/CAM_BACK_RIGHT/n015-2018-08-01-16-32-59+0800__CAM_BACK_RIGHT__1533112829627893.jpg"], "intrinsics": [[[1272.5979470598488, 0.0, 826.6154927353808], [0.0, 1272.5979470598488, 479.75165386361925], [0.0, 0.0, 1.0]], [[1266.417203046554, 0.0, 816.2670197447984], [0.0, 1266.417203046554, 491.50706579294757], [0.0, 0.0, 1.0]], [[1260.8474446004698, 0.0, 807.968244525554], [0.0, 1260.8474446004698, 495.3344268742088], [0.0, 0.0, 1.0]], [[1256.7414812095406, 0.0, 792.1125740759628], [0.0, 1256.7414812095406, 492.7757465151356], [0.0, 0.0, 1.0]], [[809.2209905677063, 0.0, 829.2196003259838], [0.0, 809.2209905677063, 481.77842384512485], [0.0, 0.0, 1.0]], [[1259.5137405846733, 0.0, 807.2529053838625], [0.0, 1259.5137405846733, 501.19579884916527], [0.0, 0.0, 1.0]]], "extrinsics": [[[0.8203867673873901, -0.5717650055885315, -0.007089903578162193, -0.80181884765625], [0.004931980278342962, 0.01947409100830555, -0.9997981786727905, 1.5091884136199951], [0.5717876553535461, 0.8201862573623657, 0.018796220421791077, -1.16864013671875], [0.0, 0.0, 0.0, 1.0]], [[0.0051675159484148026, -0.9998676776885986, -0.015424841083586216, 0.007354736328125], [-0.0004409430257510394, 0.015422767959535122, -0.9998809695243835, 1.5204401016235352], [0.999986469745636, 0.005173696670681238, -0.0003611879365053028, -1.53045654296875], [0.0, 0.0, 0.0, 1.0]], [[-0.8330779075622559, -0.552705705165863, -0.0223088376224041, 0.92877197265625], [0.005113831255584955, 0.03263299912214279, -0.9994543194770813, 1.504246711730957], [0.5531320571899414, -0.8327372670173645, -0.024359386414289474, -1.17864990234375], [0.0, 0.0, 0.0, 1.0]], [[0.9476830959320068, 0.31892603635787964, 0.01352398470044136, -1.1444091796875], [0.013529850170016289, 0.0021970721427351236, -0.9999060034751892, 1.5885229110717773], [-0.3189258277416229, 0.9477769732475281, -0.002232893370091915, -0.10308837890625], [0.0, 0.0, 0.0, 1.0]], [[0.00253982818685472, 0.9999219179153442, 0.012237505055963993, 0.00250244140625], [-0.011808300390839577, 0.012266679666936398, -0.9998550415039062, 1.5788326263427734], [-0.9999270439147949, 0.0023949670139700174, 0.01183853205293417, -0.0421142578125], [0.0, 0.0, 0.0, 1.0]], [[-0.9346203804016113, 0.35551339387893677, -0.00974097941070795, 1.0523681640625], [0.02092217467725277, 0.027619659900665283, -0.9993995428085327, 1.553297996520996], [-0.3550308644771576, -0.9342630505561829, -0.033252011984586716, -0.09459304809570312], [0.0, 0.0, 0.0, 1.0]]], "view": [[0.0, -2.0, 100.0], [-2.0, 0.0, 100.0], [0.0, 0.0, 1.0]], "bev": "bev_42f8f365398b40a4bbfa7b721d865dee.png", "aux": "aux_42f8f365398b40a4bbfa7b721d865dee.npz", "visibility": "visibility_42f8f365398b40a4bbfa7b721d865dee.png", "pose": [[-0.22675856947898865, -0.973950982093811, 0.0, 142.89723205566406], [0.973950982093811, -0.22675856947898865, 0.0, 936.99560546875], [0.0, 0.0, 1.0, 0.0], [0.0, 0.0, 0.0, 1.0]], "pose_inverse": [[-0.22675856947898865, 0.973950982093811, 0.0, -880.1846313476562], [-0.973950982093811, -0.22675856947898865, 0.0, 351.6466979980469], [0.0, 0.0, 1.0, 0.0], [0.0, 0.0, 0.0, 1.0]], "cam_ids": [0, 1, 2, 3, 4, 5], "cam_channels": ["CAM_FRONT_LEFT", "CAM_FRONT", "CAM_FRONT_RIGHT", "CAM_BACK_LEFT", "CAM_BACK", "CAM_BACK_RIGHT"], "token": "42f8f365398b40a4bbfa7b721d865dee", "scene": "scene-0128"}, {"images": ["samples/CAM_FRONT_LEFT/n015-2018-08-01-16-32-59+0800__CAM_FRONT_LEFT__1533112830104844.jpg", "samples/CAM_FRONT/n015-2018-08-01-16-32-59+0800__CAM_FRONT__1533112830112460.jpg", "samples/CAM_FRONT_RIGHT/n015-2018-08-01-16-32-59+0800__CAM_FRONT_RIGHT__1533112830120339.jpg", "samples/CAM_BACK_LEFT/n015-2018-08-01-16-32-59+0800__CAM_BACK_LEFT__1533112830147423.jpg", "samples/CAM_BACK/n015-2018-08-01-16-32-59+0800__CAM_BACK__1533112830137525.jpg", "samples/CAM_BACK_RIGHT/n015-2018-08-01-16-32-59+0800__CAM_BACK_RIGHT__1533112830127893.jpg"], "intrinsics": [[[1272.5979470598488, 0.0, 826.6154927353808], [0.0, 1272.5979470598488, 479.75165386361925], [0.0, 0.0, 1.0]], [[1266.417203046554, 0.0, 816.2670197447984], [0.0, 1266.417203046554, 491.50706579294757], [0.0, 0.0, 1.0]], [[1260.8474446004698, 0.0, 807.968244525554], [0.0, 1260.8474446004698, 495.3344268742088], [0.0, 0.0, 1.0]], [[1256.7414812095406, 0.0, 792.1125740759628], [0.0, 1256.7414812095406, 492.7757465151356], [0.0, 0.0, 1.0]], [[809.2209905677063, 0.0, 829.2196003259838], [0.0, 809.2209905677063, 481.77842384512485], [0.0, 0.0, 1.0]], [[1259.5137405846733, 0.0, 807.2529053838625], [0.0, 1259.5137405846733, 501.19579884916527], [0.0, 0.0, 1.0]]], "extrinsics": [[[0.8208862543106079, -0.5710464119911194, -0.00717961136251688, -0.766357421875], [0.0051919459365308285, 0.020033519715070724, -0.999785840511322, 1.5094234943389893], [0.5710679292678833, 0.8206732273101807, 0.019410086795687675, -1.1462249755859375], [0.0, 0.0, 0.0, 1.0]], [[0.005877663381397724, -0.9998534917831421, -0.016072778031229973, 0.009002685546875], [-7.209388422779739e-05, 0.016072630882263184, -0.9998708367347717, 1.5204739570617676], [0.9999827146530151, 0.005878050811588764, 2.23866845772136e-05, -1.4964599609375], [0.0, 0.0, 0.0, 1.0]], [[-0.8327726125717163, -0.5531317591667175, -0.023127689957618713, 0.90814208984375], [0.005582287907600403, 0.03338383510708809, -0.9994269609451294, 1.5044145584106445], [0.5535869002342224, -0.8324245810508728, -0.02471340447664261, -1.16363525390625], [0.0, 0.0, 0.0, 1.0]], [[0.9477227926254272, 0.31876087188720703, 0.014590239152312279, -1.1473388671875], [0.014214256778359413, 0.0035057554487138987, -0.9998927712440491, 1.5884790420532227], [-0.31877782940864563, 0.9478287100791931, -0.0012084631016477942, -0.1019287109375], [0.0, 0.0, 0.0, 1.0]], [[0.0023452257737517357, 0.9999085664749146, 0.01331907045096159, 0.002166748046875], [-0.011157906614243984, 0.013344443403184414, -0.9998487234115601, 1.578761100769043], [-0.99993497133255, 0.0021962523460388184, 0.011188182048499584, -0.050537109375], [0.0, 0.0, 0.0, 1.0]], [[-0.9347492456436157, 0.35516810417175293, -0.00997123122215271, 1.0352783203125], [0.021484803408384323, 0.028487976640462875, -0.9993631839752197, 1.5537137985229492], [-0.3546578884124756, -0.9343682527542114, -0.03425983339548111, -0.10033035278320312], [0.0, 0.0, 0.0, 1.0]]], "view": [[0.0, -2.0, 100.0], [-2.0, 0.0, 100.0], [0.0, 0.0, 1.0]], "bev": "bev_04ca21603fe54089afdfd1ff0c7fb6a9.png", "aux": "aux_04ca21603fe54089afdfd1ff0c7fb6a9.npz", "visibility": "visibility_04ca21603fe54089afdfd1ff0c7fb6a9.png", "pose": [[-0.23265361785888672, -0.9725596308708191, 0.0, 142.32435607910156], [0.9725596308708191, -0.23265361785888672, 0.0, 939.5427856445312], [0.0, 0.0, 1.0, 0.0], [0.0, 0.0, 0.0, 1.0]], "pose_inverse": [[-0.23265361785888672, 0.9725596308708191, 0.0, -880.6491088867188], [-0.9725596308708191, -0.23265361785888672, 0.0, 357.0069580078125], [0.0, 0.0, 1.0, 0.0], [0.0, 0.0, 0.0, 1.0]], "cam_ids": [0, 1, 2, 3, 4, 5], "cam_channels": ["CAM_FRONT_LEFT", "CAM_FRONT", "CAM_FRONT_RIGHT", "CAM_BACK_LEFT", "CAM_BACK", "CAM_BACK_RIGHT"], "token": "04ca21603fe54089afdfd1ff0c7fb6a9", "scene": "scene-0128"}, {"images": ["samples/CAM_FRONT_LEFT/n015-2018-08-01-16-32-59+0800__CAM_FRONT_LEFT__1533112830604844.jpg", "samples/CAM_FRONT/n015-2018-08-01-16-32-59+0800__CAM_FRONT__1533112830612460.jpg", "samples/CAM_FRONT_RIGHT/n015-2018-08-01-16-32-59+0800__CAM_FRONT_RIGHT__1533112830620339.jpg", "samples/CAM_BACK_LEFT/n015-2018-08-01-16-32-59+0800__CAM_BACK_LEFT__1533112830647423.jpg", "samples/CAM_BACK/n015-2018-08-01-16-32-59+0800__CAM_BACK__1533112830637525.jpg", "samples/CAM_BACK_RIGHT/n015-2018-08-01-16-32-59+0800__CAM_BACK_RIGHT__1533112830627893.jpg"], "intrinsics": [[[1272.5979470598488, 0.0, 826.6154927353808], [0.0, 1272.5979470598488, 479.75165386361925], [0.0, 0.0, 1.0]], [[1266.417203046554, 0.0, 816.2670197447984], [0.0, 1266.417203046554, 491.50706579294757], [0.0, 0.0, 1.0]], [[1260.8474446004698, 0.0, 807.968244525554], [0.0, 1260.8474446004698, 495.3344268742088], [0.0, 0.0, 1.0]], [[1256.7414812095406, 0.0, 792.1125740759628], [0.0, 1256.7414812095406, 492.7757465151356], [0.0, 0.0, 1.0]], [[809.2209905677063, 0.0, 829.2196003259838], [0.0, 809.2209905677063, 481.77842384512485], [0.0, 0.0, 1.0]], [[1259.5137405846733, 0.0, 807.2529053838625], [0.0, 1259.5137405846733, 501.19579884916527], [0.0, 0.0, 1.0]]], "extrinsics": [[[0.8203514218330383, -0.5717864632606506, -0.009159489534795284, -0.75738525390625], [0.0020967114251106977, 0.019024325534701347, -0.9998168349266052, 1.508772850036621], [0.571855902671814, 0.8201819062232971, 0.016805503517389297, -1.1359405517578125], [0.0, 0.0, 0.0, 1.0]], [[0.005172911565750837, -0.9998748302459717, -0.014948607422411442, 0.006561279296875], [-0.0031661540269851685, 0.014932356774806976, -0.9998834729194641, 1.5198707580566406], [0.9999815821647644, 0.005219660699367523, -0.0030885140877217054, -1.48480224609375], [0.0, 0.0, 0.0, 1.0]], [[-0.8330678343772888, -0.5528149008750916, -0.019840629771351814, 0.898681640625], [0.0025018646847456694, 0.032101377844810486, -0.9994814395904541, 1.5040283203125], [0.5531651377677917, -0.8326855301856995, -0.025359556078910828, -1.1593017578125], [0.0, 0.0, 0.0, 1.0]], [[0.9477325677871704, 0.31886905431747437, 0.011203018017113209, -1.146484375], [0.011274656280875206, 0.0016211422625929117, -0.9999350905418396, 1.588503360748291], [-0.3188665211200714, 0.9477974772453308, -0.002058729762211442, -0.102294921875], [0.0, 0.0, 0.0, 1.0]], [[0.0025205223355442286, 0.9999291300773621, 0.01163386832922697, 0.002716064453125], [-0.014173614792525768, 0.011668458580970764, -0.9998314380645752, 1.578561782836914], [-0.9998963475227356, 0.002355187200009823, 0.014202021062374115, -0.0540771484375], [0.0, 0.0, 0.0, 1.0]], [[-0.9346760511398315, 0.3554190695285797, -0.0076132542453706264, 1.02880859375], [0.018428103998303413, 0.027052942663431168, -0.9994641542434692, 1.5535516738891602], [-0.355022668838501, -0.93431556224823, -0.031835440546274185, -0.103973388671875], [0.0, 0.0, 0.0, 1.0]]], "view": [[0.0, -2.0, 100.0], [-2.0, 0.0, 100.0], [0.0, 0.0, 1.0]], "bev": "bev_14327dde03934ca7914249c86760197a.png", "aux": "aux_14327dde03934ca7914249c86760197a.npz", "visibility": "visibility_14327dde03934ca7914249c86760197a.png", "pose": [[-0.23261955380439758, -0.9725677967071533, 0.0, 141.64816284179688], [0.9725677967071533, -0.23261955380439758, 0.0, 942.4686889648438], [0.0, 0.0, 1.0, 0.0], [0.0, 0.0, 0.0, 1.0]], "pose_inverse": [[-0.23261955380439758, 0.9725677967071533, 0.0, -883.66455078125], [-0.9725677967071533, -0.23261955380439758, 0.0, 356.99908447265625], [0.0, 0.0, 1.0, 0.0], [0.0, 0.0, 0.0, 1.0]], "cam_ids": [0, 1, 2, 3, 4, 5], "cam_channels": ["CAM_FRONT_LEFT", "CAM_FRONT", "CAM_FRONT_RIGHT", "CAM_BACK_LEFT", "CAM_BACK", "CAM_BACK_RIGHT"], "token": "14327dde03934ca7914249c86760197a", "scene": "scene-0128"}, {"images": ["samples/CAM_FRONT_LEFT/n015-2018-08-01-16-32-59+0800__CAM_FRONT_LEFT__1533112831104844.jpg", "samples/CAM_FRONT/n015-2018-08-01-16-32-59+0800__CAM_FRONT__1533112831112460.jpg", "samples/CAM_FRONT_RIGHT/n015-2018-08-01-16-32-59+0800__CAM_FRONT_RIGHT__1533112831120339.jpg", "samples/CAM_BACK_LEFT/n015-2018-08-01-16-32-59+0800__CAM_BACK_LEFT__1533112831147423.jpg", "samples/CAM_BACK/n015-2018-08-01-16-32-59+0800__CAM_BACK__1533112831137525.jpg", "samples/CAM_BACK_RIGHT/n015-2018-08-01-16-32-59+0800__CAM_BACK_RIGHT__1533112831127893.jpg"], "intrinsics": [[[1272.5979470598488, 0.0, 826.6154927353808], [0.0, 1272.5979470598488, 479.75165386361925], [0.0, 0.0, 1.0]], [[1266.417203046554, 0.0, 816.2670197447984], [0.0, 1266.417203046554, 491.50706579294757], [0.0, 0.0, 1.0]], [[1260.8474446004698, 0.0, 807.968244525554], [0.0, 1260.8474446004698, 495.3344268742088], [0.0, 0.0, 1.0]], [[1256.7414812095406, 0.0, 792.1125740759628], [0.0, 1256.7414812095406, 492.7757465151356], [0.0, 0.0, 1.0]], [[809.2209905677063, 0.0, 829.2196003259838], [0.0, 809.2209905677063, 481.77842384512485], [0.0, 0.0, 1.0]], [[1259.5137405846733, 0.0, 807.2529053838625], [0.0, 1259.5137405846733, 501.19579884916527], [0.0, 0.0, 1.0]]], "extrinsics": [[[0.8208171129226685, -0.5711194276809692, -0.009056303650140762, -0.73321533203125], [0.0036621582694351673, 0.021116750314831734, -0.9997702836990356, 1.509267807006836], [0.5711794495582581, 0.8205954432487488, 0.019424518570303917, -1.119720458984375], [0.0, 0.0, 0.0, 1.0]], [[0.00583011656999588, -0.9998366832733154, -0.01710386388003826, 0.0069580078125], [-0.0015386237064376473, 0.017095167189836502, -0.99985271692276, 1.5201678276062012], [0.9999817609786987, 0.0058555700816214085, -0.0014387061819434166, -1.46075439453125], [0.0, 0.0, 0.0, 1.0]], [[-0.8327738642692566, -0.553156316280365, -0.022492585703730583, 0.8829345703125], [0.004181408789008856, 0.03434283286333084, -0.9994013905525208, 1.5043773651123047], [0.553597629070282, -0.832369327545166, -0.026286836713552475, -1.14874267578125], [0.0, 0.0, 0.0, 1.0]], [[0.9477203488349915, 0.31880131363868713, 0.013851063326001167, -1.144775390625], [0.013155102729797363, 0.004336167126893997, -0.9999040365219116, 1.588517189025879], [-0.3188307285308838, 0.9478116631507874, -8.439036173513159e-05, -0.102783203125], [0.0, 0.0, 0.0, 1.0]], [[0.0023332685232162476, 0.9998968839645386, 0.01417448464781046, 0.002777099609375], [-0.012336954474449158, 0.01420222595334053, -0.9998230934143066, 1.5785636901855469], [-0.9999211430549622, 0.002157954964786768, 0.012368816882371902, -0.06207275390625], [0.0, 0.0, 0.0, 1.0]], [[-0.9347810745239258, 0.35512444376945496, -0.008427613414824009, 1.0155029296875], [0.02017264999449253, 0.02938336692750454, -0.9993646740913391, 1.5540399551391602], [-0.35465115308761597, -0.9343571066856384, -0.03463081642985344, -0.108978271484375], [0.0, 0.0, 0.0, 1.0]]], "view": [[0.0, -2.0, 100.0], [-2.0, 0.0, 100.0], [0.0, 0.0, 1.0]], "bev": "bev_a9db0c238b3943bea1ba2f0f79baf226.png", "aux": "aux_a9db0c238b3943bea1ba2f0f79baf226.npz", "visibility": "visibility_a9db0c238b3943bea1ba2f0f79baf226.png", "pose": [[-0.23489435017108917, -0.9720209240913391, 0.0, 140.9251251220703], [0.9720209240913391, -0.23489435017108917, 0.0, 945.5235595703125], [0.0, 0.0, 1.0, 0.0], [0.0, 0.0, 0.0, 1.0]], "pose_inverse": [[-0.23489435017108917, 0.9720209240913391, 0.0, -885.9661254882812], [-0.9720209240913391, -0.23489435017108917, 0.0, 359.080322265625], [0.0, 0.0, 1.0, 0.0], [0.0, 0.0, 0.0, 1.0]], "cam_ids": [0, 1, 2, 3, 4, 5], "cam_channels": ["CAM_FRONT_LEFT", "CAM_FRONT", "CAM_FRONT_RIGHT", "CAM_BACK_LEFT", "CAM_BACK", "CAM_BACK_RIGHT"], "token": "a9db0c238b3943bea1ba2f0f79baf226", "scene": "scene-0128"}, {"images": ["samples/CAM_FRONT_LEFT/n015-2018-08-01-16-32-59+0800__CAM_FRONT_LEFT__1533112831654844.jpg", "samples/CAM_FRONT/n015-2018-08-01-16-32-59+0800__CAM_FRONT__1533112831662460.jpg", "samples/CAM_FRONT_RIGHT/n015-2018-08-01-16-32-59+0800__CAM_FRONT_RIGHT__1533112831670339.jpg", "samples/CAM_BACK_LEFT/n015-2018-08-01-16-32-59+0800__CAM_BACK_LEFT__1533112831697423.jpg", "samples/CAM_BACK/n015-2018-08-01-16-32-59+0800__CAM_BACK__1533112831687525.jpg", "samples/CAM_BACK_RIGHT/n015-2018-08-01-16-32-59+0800__CAM_BACK_RIGHT__1533112831677893.jpg"], "intrinsics": [[[1272.5979470598488, 0.0, 826.6154927353808], [0.0, 1272.5979470598488, 479.75165386361925], [0.0, 0.0, 1.0]], [[1266.417203046554, 0.0, 816.2670197447984], [0.0, 1266.417203046554, 491.50706579294757], [0.0, 0.0, 1.0]], [[1260.8474446004698, 0.0, 807.968244525554], [0.0, 1260.8474446004698, 495.3344268742088], [0.0, 0.0, 1.0]], [[1256.7414812095406, 0.0, 792.1125740759628], [0.0, 1256.7414812095406, 492.7757465151356], [0.0, 0.0, 1.0]], [[809.2209905677063, 0.0, 829.2196003259838], [0.0, 809.2209905677063, 481.77842384512485], [0.0, 0.0, 1.0]], [[1259.5137405846733, 0.0, 807.2529053838625], [0.0, 1259.5137405846733, 501.19579884916527], [0.0, 0.0, 1.0]]], "extrinsics": [[[0.821154773235321, -0.5705557465553284, -0.013072965666651726, -0.72308349609375], [0.005416987929493189, 0.030697785317897797, -0.9995140433311462, 1.5096898078918457], [0.570679783821106, 0.8206850290298462, 0.028298327699303627, -1.1175994873046875], [0.0, 0.0, 0.0, 1.0]], [[0.006259572226554155, -0.9996236562728882, -0.02670948952436447, 0.01019287109375], [0.00014918518718332052, 0.02671094983816147, -0.9996432065963745, 1.5204715728759766], [0.9999803304672241, 0.006253379862755537, 0.0003163275250699371, -1.45404052734375], [0.0, 0.0, 0.0, 1.0]], [[-0.8326066136360168, -0.5530958771705627, -0.02917349338531494, 0.88116455078125], [0.0057994346134364605, 0.043963707983493805, -0.999016284942627, 1.5045843124389648], [0.5538343787193298, -0.8319568037986755, -0.03339683264493942, -1.144775390625], [0.0, 0.0, 0.0, 1.0]], [[0.9475848078727722, 0.31898000836372375, 0.018297789618372917, -1.14910888671875], [0.014646342024207115, 0.013842315413057804, -0.9997968673706055, 1.5884432792663574], [-0.31916841864585876, 0.9476603865623474, 0.008444877341389656, -0.1019287109375], [0.0, 0.0, 0.0, 1.0]], [[0.002101586200296879, 0.9997162818908691, 0.023727772757411003, 0.001708984375], [-0.010809588246047497, 0.023749150335788727, -0.9996594786643982, 1.5786457061767578], [-0.9999394416809082, 0.0018443907611072063, 0.010856430977582932, -0.06121826171875], [0.0, 0.0, 0.0, 1.0]], [[-0.9348206520080566, 0.355060875415802, -0.006487629842013121, 1.01318359375], [0.02175089903175831, 0.039013128727674484, -0.9990019798278809, 1.554215908050537], [-0.3544533848762512, -0.9340288043022156, -0.04419317469000816, -0.10811996459960938], [0.0, 0.0, 0.0, 1.0]]], "view": [[0.0, -2.0, 100.0], [-2.0, 0.0, 100.0], [0.0, 0.0, 1.0]], "bev": "bev_ff995fe0d2fb41dc8133a1c42ac277ea.png", "aux": "aux_ff995fe0d2fb41dc8133a1c42ac277ea.npz", "visibility": "visibility_ff995fe0d2fb41dc8133a1c42ac277ea.png", "pose": [[-0.2317841500043869, -0.9727672338485718, 0.0, 140.05853271484375], [0.9727672338485718, -0.2317841500043869, 0.0, 949.210205078125], [0.0, 0.0, 1.0, 0.0], [0.0, 0.0, 0.0, 1.0]], "pose_inverse": [[-0.2317841500043869, 0.9727672338485718, 0.0, -890.8972778320312], [-0.9727672338485718, -0.2317841500043869, 0.0, 356.2562255859375], [0.0, 0.0, 1.0, 0.0], [0.0, 0.0, 0.0, 1.0]], "cam_ids": [0, 1, 2, 3, 4, 5], "cam_channels": ["CAM_FRONT_LEFT", "CAM_FRONT", "CAM_FRONT_RIGHT", "CAM_BACK_LEFT", "CAM_BACK", "CAM_BACK_RIGHT"], "token": "ff995fe0d2fb41dc8133a1c42ac277ea", "scene": "scene-0128"}, {"images": ["samples/CAM_FRONT_LEFT/n015-2018-08-01-16-32-59+0800__CAM_FRONT_LEFT__1533112832154844.jpg", "samples/CAM_FRONT/n015-2018-08-01-16-32-59+0800__CAM_FRONT__1533112832162460.jpg", "samples/CAM_FRONT_RIGHT/n015-2018-08-01-16-32-59+0800__CAM_FRONT_RIGHT__1533112832170339.jpg", "samples/CAM_BACK_LEFT/n015-2018-08-01-16-32-59+0800__CAM_BACK_LEFT__1533112832197423.jpg", "samples/CAM_BACK/n015-2018-08-01-16-32-59+0800__CAM_BACK__1533112832187525.jpg", "samples/CAM_BACK_RIGHT/n015-2018-08-01-16-32-59+0800__CAM_BACK_RIGHT__1533112832177893.jpg"], "intrinsics": [[[1272.5979470598488, 0.0, 826.6154927353808], [0.0, 1272.5979470598488, 479.75165386361925], [0.0, 0.0, 1.0]], [[1266.417203046554, 0.0, 816.2670197447984], [0.0, 1266.417203046554, 491.50706579294757], [0.0, 0.0, 1.0]], [[1260.8474446004698, 0.0, 807.968244525554], [0.0, 1260.8474446004698, 495.3344268742088], [0.0, 0.0, 1.0]], [[1256.7414812095406, 0.0, 792.1125740759628], [0.0, 1256.7414812095406, 492.7757465151356], [0.0, 0.0, 1.0]], [[809.2209905677063, 0.0, 829.2196003259838], [0.0, 809.2209905677063, 481.77842384512485], [0.0, 0.0, 1.0]], [[1259.5137405846733, 0.0, 807.2529053838625], [0.0, 1259.5137405846733, 501.19579884916527], [0.0, 0.0, 1.0]]], "extrinsics": [[[0.820992648601532, -0.5706446766853333, -0.018319427967071533, -0.7059326171875], [-0.0005580512806773186, 0.03128444403409958, -0.9995103478431702, 1.5079727172851562], [0.5709384083747864, 0.8206009268760681, 0.02536584995687008, -1.10394287109375], [0.0, 0.0, 0.0, 1.0]], [[0.005990533158183098, -0.999614953994751, -0.02709207870066166, 0.00921630859375], [-0.005926510319113731, 0.027056599035859108, -0.9996163249015808, 1.5189447402954102], [0.9999644756317139, 0.006148787215352058, -0.005762144457548857, -1.436279296875], [0.0, 0.0, 0.0, 1.0]], [[-0.8328151106834412, -0.5530257225036621, -0.024112733080983162, 0.8695068359375], [-0.0003625173994805664, 0.04410495609045029, -0.9990267753601074, 1.5034847259521484], [0.5535510778427124, -0.8319959044456482, -0.036931756883859634, -1.1380615234375], [0.0, 0.0, 0.0, 1.0]], [[0.9476919174194336, 0.31896087527275085, 0.012001498602330685, -1.1483154296875], [0.008205756545066833, 0.01324147917330265, -0.9998786449432373, 1.5884987115859985], [-0.31908103823661804, 0.947675347328186, 0.009931528009474277, -0.10198974609375], [0.0, 0.0, 0.0, 1.0]], [[0.0022888900712132454, 0.9997237920761108, 0.023392729461193085, 0.002044677734375], [-0.01718890480697155, 0.023428665474057198, -0.9995777606964111, 1.5781688690185547], [-0.9998496174812317, 0.001885836711153388, 0.01723778247833252, -0.06597900390625], [0.0, 0.0, 0.0, 1.0]], [[-0.9348235130310059, 0.3551120460033417, -0.0006332899210974574, 1.00469970703125], [0.015474991872906685, 0.03895574063062668, -0.9991211295127869, 1.5535619258880615], [-0.35477524995803833, -0.9340116381645203, -0.041912101209163666, -0.11201000213623047], [0.0, 0.0, 0.0, 1.0]]], "view": [[0.0, -2.0, 100.0], [-2.0, 0.0, 100.0], [0.0, 0.0, 1.0]], "bev": "bev_57c9e0442de248479d02a77a1e44a992.png", "aux": "aux_57c9e0442de248479d02a77a1e44a992.npz", "visibility": "visibility_57c9e0442de248479d02a77a1e44a992.png", "pose": [[-0.23078924417495728, -0.9730037450790405, 0.0, 139.20651245117188], [0.9730037450790405, -0.23078924417495728, 0.0, 952.8739013671875], [0.0, 0.0, 1.0, 0.0], [0.0, 0.0, 0.0, 1.0]], "pose_inverse": [[-0.23078924417495728, 0.9730037450790405, 0.0, -895.0225219726562], [-0.9730037450790405, -0.23078924417495728, 0.0, 355.36151123046875], [0.0, 0.0, 1.0, 0.0], [0.0, 0.0, 0.0, 1.0]], "cam_ids": [0, 1, 2, 3, 4, 5], "cam_channels": ["CAM_FRONT_LEFT", "CAM_FRONT", "CAM_FRONT_RIGHT", "CAM_BACK_LEFT", "CAM_BACK", "CAM_BACK_RIGHT"], "token": "57c9e0442de248479d02a77a1e44a992", "scene": "scene-0128"}, {"images": ["samples/CAM_FRONT_LEFT/n015-2018-08-01-16-32-59+0800__CAM_FRONT_LEFT__1533112832654844.jpg", "samples/CAM_FRONT/n015-2018-08-01-16-32-59+0800__CAM_FRONT__1533112832662460.jpg", "samples/CAM_FRONT_RIGHT/n015-2018-08-01-16-32-59+0800__CAM_FRONT_RIGHT__1533112832670339.jpg", "samples/CAM_BACK_LEFT/n015-2018-08-01-16-32-59+0800__CAM_BACK_LEFT__1533112832697423.jpg", "samples/CAM_BACK/n015-2018-08-01-16-32-59+0800__CAM_BACK__1533112832687525.jpg", "samples/CAM_BACK_RIGHT/n015-2018-08-01-16-32-59+0800__CAM_BACK_RIGHT__1533112832677893.jpg"], "intrinsics": [[[1272.5979470598488, 0.0, 826.6154927353808], [0.0, 1272.5979470598488, 479.75165386361925], [0.0, 0.0, 1.0]], [[1266.417203046554, 0.0, 816.2670197447984], [0.0, 1266.417203046554, 491.50706579294757], [0.0, 0.0, 1.0]], [[1260.8474446004698, 0.0, 807.968244525554], [0.0, 1260.8474446004698, 495.3344268742088], [0.0, 0.0, 1.0]], [[1256.7414812095406, 0.0, 792.1125740759628], [0.0, 1256.7414812095406, 492.7757465151356], [0.0, 0.0, 1.0]], [[809.2209905677063, 0.0, 829.2196003259838], [0.0, 809.2209905677063, 481.77842384512485], [0.0, 0.0, 1.0]], [[1259.5137405846733, 0.0, 807.2529053838625], [0.0, 1259.5137405846733, 501.19579884916527], [0.0, 0.0, 1.0]]], "extrinsics": [[[0.8200280666351318, -0.5721864700317383, -0.01251258049160242, -0.68408203125], [0.0038220491260290146, 0.027337240055203438, -0.9996190071105957, 1.509427547454834], [0.5723105072975159, 0.8196676969528198, 0.024604231119155884, -1.089447021484375], [0.0, 0.0, 0.0, 1.0]], [[0.00468981359153986, -0.9997164607048035, -0.023341219872236252, 0.00982666015625], [-0.001582933240570128, 0.02333402819931507, -0.9997265338897705, 1.5200119018554688], [0.999987781047821, 0.00472545949742198, -0.0014730527764186263, -1.4144287109375], [0.0, 0.0, 0.0, 1.0]], [[-0.8332800269126892, -0.552253007888794, -0.025710418820381165, 0.85516357421875], [0.003946045413613319, 0.040562745183706284, -0.9991691708564758, 1.5043811798095703], [0.552837073802948, -0.8326891660690308, -0.03162091225385666, -1.12799072265625], [0.0, 0.0, 0.0, 1.0]], [[0.9477320313453674, 0.31872060894966125, 0.014875845052301884, -1.14581298828125], [0.012273824773728848, 0.010170849040150642, -0.9998729228973389, 1.5885114669799805], [-0.3188313841819763, 0.9477940797805786, 0.00572731951251626, -0.1024169921875], [0.0, 0.0, 0.0, 1.0]], [[0.0026165375020354986, 0.9997917413711548, 0.02024027891457081, 0.002105712890625], [-0.013036093674600124, 0.02027272805571556, -0.9997094869613647, 1.5783500671386719], [-0.9999116063117981, 0.0023519108071923256, 0.01308642141520977, -0.07391357421875], [0.0, 0.0, 0.0, 1.0]], [[-0.9345707297325134, 0.35573017597198486, -0.005786750931292772, 0.9921875], [0.01972361095249653, 0.0355638824403286, -0.9991728067398071, 1.554408073425293], [-0.3552301228046417, -0.9339117407798767, -0.04025324806571007, -0.11638641357421875], [0.0, 0.0, 0.0, 1.0]]], "view": [[0.0, -2.0, 100.0], [-2.0, 0.0, 100.0], [0.0, 0.0, 1.0]], "bev": "bev_892968b58ee74626a46d353822eed834.png", "aux": "aux_892968b58ee74626a46d353822eed834.npz", "visibility": "visibility_892968b58ee74626a46d353822eed834.png", "pose": [[-0.23455657064914703, -0.9721024632453918, 0.0, 138.33680725097656], [0.9721024632453918, -0.23455657064914703, 0.0, 956.6874389648438], [0.0, 0.0, 1.0, 0.0], [0.0, 0.0, 0.0, 1.0]], "pose_inverse": [[-0.23455657064914703, 0.9721024632453918, 0.0, -897.5504150390625], [-0.9721024632453918, -0.23455657064914703, 0.0, 358.8748779296875], [0.0, 0.0, 1.0, 0.0], [0.0, 0.0, 0.0, 1.0]], "cam_ids": [0, 1, 2, 3, 4, 5], "cam_channels": ["CAM_FRONT_LEFT", "CAM_FRONT", "CAM_FRONT_RIGHT", "CAM_BACK_LEFT", "CAM_BACK", "CAM_BACK_RIGHT"], "token": "892968b58ee74626a46d353822eed834", "scene": "scene-0128"}, {"images": ["samples/CAM_FRONT_LEFT/n015-2018-08-01-16-32-59+0800__CAM_FRONT_LEFT__1533112833154844.jpg", "samples/CAM_FRONT/n015-2018-08-01-16-32-59+0800__CAM_FRONT__1533112833162460.jpg", "samples/CAM_FRONT_RIGHT/n015-2018-08-01-16-32-59+0800__CAM_FRONT_RIGHT__1533112833170339.jpg", "samples/CAM_BACK_LEFT/n015-2018-08-01-16-32-59+0800__CAM_BACK_LEFT__1533112833197423.jpg", "samples/CAM_BACK/n015-2018-08-01-16-32-59+0800__CAM_BACK__1533112833187525.jpg", "samples/CAM_BACK_RIGHT/n015-2018-08-01-16-32-59+0800__CAM_BACK_RIGHT__1533112833177893.jpg"], "intrinsics": [[[1272.5979470598488, 0.0, 826.6154927353808], [0.0, 1272.5979470598488, 479.75165386361925], [0.0, 0.0, 1.0]], [[1266.417203046554, 0.0, 816.2670197447984], [0.0, 1266.417203046554, 491.50706579294757], [0.0, 0.0, 1.0]], [[1260.8474446004698, 0.0, 807.968244525554], [0.0, 1260.8474446004698, 495.3344268742088], [0.0, 0.0, 1.0]], [[1256.7414812095406, 0.0, 792.1125740759628], [0.0, 1256.7414812095406, 492.7757465151356], [0.0, 0.0, 1.0]], [[809.2209905677063, 0.0, 829.2196003259838], [0.0, 809.2209905677063, 481.77842384512485], [0.0, 0.0, 1.0]], [[1259.5137405846733, 0.0, 807.2529053838625], [0.0, 1259.5137405846733, 501.19579884916527], [0.0, 0.0, 1.0]]], "extrinsics": [[[0.820462703704834, -0.5715516209602356, -0.0130244679749012, -0.67242431640625], [-0.005489890929311514, 0.014904295094311237, -0.9998738169670105, 1.5062637329101562], [0.5716736912727356, 0.8204306960105896, 0.009090662002563477, -1.0792694091796875], [0.0, 0.0, 0.0, 1.0]], [[0.005272884853184223, -0.9999292492866516, -0.010665022768080235, 0.008544921875], [-0.011000849306583405, 0.010606522671878338, -0.999883234500885, 1.5173063278198242], [0.9999255537986755, 0.005389599595218897, -0.010944142937660217, -1.40087890625], [0.0, 0.0, 0.0, 1.0]], [[-0.833158016204834, -0.5529330372810364, -0.010619751177728176, 0.8448486328125], [-0.005574601236730814, 0.027598395943641663, -0.9996035099029541, 1.5023431777954102], [0.5530068874359131, -0.8327685594558716, -0.02607620507478714, -1.1224365234375], [0.0, 0.0, 0.0, 1.0]], [[0.9477879405021667, 0.31889814138412476, 0.0013827119255438447, -1.14117431640625], [0.002630919683724642, -0.0034834188409149647, -0.9999904632568359, 1.5885567665100098], [-0.3188902735710144, 0.9477826356887817, -0.0041405376978218555, -0.104064