[{"images": ["samples/CAM_FRONT_LEFT/n015-2018-11-21-19-38-26+0800__CAM_FRONT_LEFT__1542800727904844.jpg", "samples/CAM_FRONT/n015-2018-11-21-19-38-26+0800__CAM_FRONT__1542800727912460.jpg", "samples/CAM_FRONT_RIGHT/n015-2018-11-21-19-38-26+0800__CAM_FRONT_RIGHT__1542800727920339.jpg", "samples/CAM_BACK_LEFT/n015-2018-11-21-19-38-26+0800__CAM_BACK_LEFT__1542800727947423.jpg", "samples/CAM_BACK/n015-2018-11-21-19-38-26+0800__CAM_BACK__1542800727937525.jpg", "samples/CAM_BACK_RIGHT/n015-2018-11-21-19-38-26+0800__CAM_BACK_RIGHT__1542800727927893.jpg"], "intrinsics": [[[1272.5979470598488, 0.0, 826.6154927353808], [0.0, 1272.5979470598488, 479.75165386361925], [0.0, 0.0, 1.0]], [[1266.417203046554, 0.0, 816.2670197447984], [0.0, 1266.417203046554, 491.50706579294757], [0.0, 0.0, 1.0]], [[1260.8474446004698, 0.0, 807.968244525554], [0.0, 1260.8474446004698, 495.3344268742088], [0.0, 0.0, 1.0]], [[1256.7414812095406, 0.0, 792.1125740759628], [0.0, 1256.7414812095406, 492.7757465151356], [0.0, 0.0, 1.0]], [[809.2209905677063, 0.0, 829.2196003259838], [0.0, 809.2209905677063, 481.77842384512485], [0.0, 0.0, 1.0]], [[1259.5137405846733, 0.0, 807.2529053838625], [0.0, 1259.5137405846733, 501.19579884916527], [0.0, 0.0, 1.0]]], "extrinsics": [[[0.8211566209793091, -0.5706556439399719, -0.0073423488065600395, -0.73046875], [-0.006068604998290539, 0.004133623093366623, -0.9999730587005615, 1.506514549255371], [0.5706705451011658, 0.8211790323257446, -6.873153324704617e-05, -1.118194580078125], [0.0, 0.0, 0.0, 1.0]], [[0.006284995470196009, -0.9999802708625793, -0.00013608082372229546, 0.007080078125], [-0.01134869921952486, 6.47467968519777e-05, -0.9999356269836426, 1.517852783203125], [0.9999158382415771, 0.006286150775849819, -0.011348068714141846, -1.4561767578125], [0.0, 0.0, 0.0, 1.0]], [[-0.832717776298523, -0.5536767840385437, -0.004804797470569611, 0.878173828125], [-0.0057167839258909225, 0.017274467274546623, -0.999834418296814, 1.5025787353515625], [0.5536680817604065, -0.8325524926185608, -0.01755000464618206, -1.1455078125], [0.0, 0.0, 0.0, 1.0]], [[0.947720468044281, 0.3191000521183014, -0.0010999919613823295, -1.1328125], [0.0033397285733371973, -0.013365767896175385, -0.9999051094055176, 1.5885944366455078], [-0.31908440589904785, 0.9476267695426941, -0.013732719235122204, -0.107177734375], [0.0, 0.0, 0.0, 1.0]], [[0.002223407384008169, 0.999992311000824, -0.0032496226485818624, 0.0028076171875], [-0.022250384092330933, -0.0031993547454476357, -0.9997472763061523, 1.5777015686035156], [-0.9997499585151672, 0.002295137383043766, 0.022243095561861992, -0.07275390625], [0.0, 0.0, 0.0, 1.0]], [[-0.9349390268325806, 0.35476991534233093, -0.005229792557656765, 1.008544921875], [0.010219755582511425, 0.012193018570542336, -0.9998733997344971, 1.5528416633605957], [-0.3546612858772278, -0.9348740577697754, -0.015025392174720764, -0.1116943359375], [0.0, 0.0, 0.0, 1.0]]], "view": [[0.0, -2.0, 100.0], [-2.0, 0.0, 100.0], [0.0, 0.0, 1.0]], "bev": "bev_350222ca342b46c195ff574af999bd0a.png", "aux": "aux_350222ca342b46c195ff574af999bd0a.npz", "visibility": "visibility_350222ca342b46c195ff574af999bd0a.png", "pose": [[-0.48593243956565857, 0.873996376991272, 0.0, 1870.32861328125], [-0.873996376991272, -0.48593243956565857, 0.0, 1013.344970703125], [0.0, 0.0, 1.0, 0.0], [0.0, 0.0, 0.0, 1.0]], "pose_inverse": [[-0.48593243956565857, -0.873996376991272, 0.0, 1794.51318359375], [0.873996376991272, -0.48593243956565857, 0.0, -1142.2431640625], [0.0, 0.0, 1.0, 0.0], [0.0, 0.0, 0.0, 1.0]], "cam_ids": [0, 1, 2, 3, 4, 5], "cam_channels": ["CAM_FRONT_LEFT", "CAM_FRONT", "CAM_FRONT_RIGHT", "CAM_BACK_LEFT", "CAM_BACK", "CAM_BACK_RIGHT"], "token": "350222ca342b46c195ff574af999bd0a", "scene": "scene-1091"}, {"images": ["samples/CAM_FRONT_LEFT/n015-2018-11-21-19-38-26+0800__CAM_FRONT_LEFT__1542800728404844.jpg", "samples/CAM_FRONT/n015-2018-11-21-19-38-26+0800__CAM_FRONT__1542800728412473.jpg", "samples/CAM_FRONT_RIGHT/n015-2018-11-21-19-38-26+0800__CAM_FRONT_RIGHT__1542800728420339.jpg", "samples/CAM_BACK_LEFT/n015-2018-11-21-19-38-26+0800__CAM_BACK_LEFT__1542800728447423.jpg", "samples/CAM_BACK/n015-2018-11-21-19-38-26+0800__CAM_BACK__1542800728437525.jpg", "samples/CAM_BACK_RIGHT/n015-2018-11-21-19-38-26+0800__CAM_BACK_RIGHT__1542800728427893.jpg"], "intrinsics": [[[1272.5979470598488, 0.0, 826.6154927353808], [0.0, 1272.5979470598488, 479.75165386361925], [0.0, 0.0, 1.0]], [[1266.417203046554, 0.0, 816.2670197447984], [0.0, 1266.417203046554, 491.50706579294757], [0.0, 0.0, 1.0]], [[1260.8474446004698, 0.0, 807.968244525554], [0.0, 1260.8474446004698, 495.3344268742088], [0.0, 0.0, 1.0]], [[1256.7414812095406, 0.0, 792.1125740759628], [0.0, 1256.7414812095406, 492.7757465151356], [0.0, 0.0, 1.0]], [[809.2209905677063, 0.0, 829.2196003259838], [0.0, 809.2209905677063, 481.77842384512485], [0.0, 0.0, 1.0]], [[1259.5137405846733, 0.0, 807.2529053838625], [0.0, 1259.5137405846733, 501.19579884916527], [0.0, 0.0, 1.0]]], "extrinsics": [[[0.8209789395332336, -0.5708736777305603, -0.009841983206570148, -0.73828125], [-0.006767692975699902, 0.007506648078560829, -0.9999489188194275, 1.5063743591308594], [0.5709183216094971, 0.8210036158561707, 0.002299301791936159, -1.1247940063476562], [0.0, 0.0, 0.0, 1.0]], [[0.005994156002998352, -0.9999755024909973, -0.0036142354365438223, 0.0078125], [-0.012205999344587326, 0.0035408656112849712, -0.9999192357063293, 1.5177440643310547], [0.9999075531959534, 0.006037762388586998, -0.012184475548565388, -1.464111328125], [0.0, 0.0, 0.0, 1.0]], [[-0.832868754863739, -0.5534387230873108, -0.005936071276664734, 0.88336181640625], [-0.00673140911385417, 0.020853307098150253, -0.9997598528862, 1.502410888671875], [0.5534295439720154, -0.8326287269592285, -0.02109348773956299, -1.14794921875], [0.0, 0.0, 0.0, 1.0]], [[0.947773814201355, 0.3189391791820526, -0.001571394270285964, -1.1329345703125], [0.001451350748538971, -0.009239625185728073, -0.9999562501907349, 1.5885734558105469], [-0.31893977522850037, 0.9477301836013794, -0.009219969622790813, -0.10693359375], [0.0, 0.0, 0.0, 1.0]], [[0.0023387083783745766, 0.9999971389770508, 0.0006192748551256955, 0.00244140625], [-0.023796293884515762, 0.000674753449857235, -0.999716579914093, 1.5776481628417969], [-0.9997140765190125, 0.002323313383385539, 0.02379780076444149, -0.06982421875], [0.0, 0.0, 0.0, 1.0]], [[-0.9348732233047485, 0.3549708425998688, -0.002778726862743497, 1.01220703125], [0.009010488167405128, 0.015903841704130173, -0.9998329281806946, 1.5526273250579834], [-0.3548673689365387, -0.9347420930862427, -0.018066538497805595, -0.1097412109375], [0.0, 0.0, 0.0, 1.0]]], "view": [[0.0, -2.0, 100.0], [-2.0, 0.0, 100.0], [0.0, 0.0, 1.0]], "bev": "bev_4858c06688ed47bab82a71184bc0f8dd.png", "aux": "aux_4858c06688ed47bab82a71184bc0f8dd.npz", "visibility": "visibility_4858c06688ed47bab82a71184bc0f8dd.png", "pose": [[-0.4874683618545532, 0.8731406331062317, 0.0, 1868.75927734375], [-0.8731406331062317, -0.4874683618545532, 0.0, 1010.5570678710938], [0.0, 0.0, 1.0, 0.0], [0.0, 0.0, 0.0, 1.0]], "pose_inverse": [[-0.4874683618545532, -0.8731406331062317, 0.0, 1793.3194580078125], [0.8731406331062317, -0.4874683618545532, 0.0, -1139.0750732421875], [0.0, 0.0, 1.0, 0.0], [0.0, 0.0, 0.0, 1.0]], "cam_ids": [0, 1, 2, 3, 4, 5], "cam_channels": ["CAM_FRONT_LEFT", "CAM_FRONT", "CAM_FRONT_RIGHT", "CAM_BACK_LEFT", "CAM_BACK", "CAM_BACK_RIGHT"], "token": "4858c06688ed47bab82a71184bc0f8dd", "scene": "scene-1091"}, {"images": ["samples/CAM_FRONT_LEFT/n015-2018-11-21-19-38-26+0800__CAM_FRONT_LEFT__1542800728904844.jpg", "samples/CAM_FRONT/n015-2018-11-21-19-38-26+0800__CAM_FRONT__1542800728912460.jpg", "samples/CAM_FRONT_RIGHT/n015-2018-11-21-19-38-26+0800__CAM_FRONT_RIGHT__1542800728920348.jpg", "samples/CAM_BACK_LEFT/n015-2018-11-21-19-38-26+0800__CAM_BACK_LEFT__1542800728947423.jpg", "samples/CAM_BACK/n015-2018-11-21-19-38-26+0800__CAM_BACK__1542800728937525.jpg", "samples/CAM_BACK_RIGHT/n015-2018-11-21-19-38-26+0800__CAM_BACK_RIGHT__1542800728927896.jpg"], "intrinsics": [[[1272.5979470598488, 0.0, 826.6154927353808], [0.0, 1272.5979470598488, 479.75165386361925], [0.0, 0.0, 1.0]], [[1266.417203046554, 0.0, 816.2670197447984], [0.0, 1266.417203046554, 491.50706579294757], [0.0, 0.0, 1.0]], [[1260.8474446004698, 0.0, 807.968244525554], [0.0, 1260.8474446004698, 495.3344268742088], [0.0, 0.0, 1.0]], [[1256.7414812095406, 0.0, 792.1125740759628], [0.0, 1256.7414812095406, 492.7757465151356], [0.0, 0.0, 1.0]], [[809.2209905677063, 0.0, 829.2196003259838], [0.0, 809.2209905677063, 481.77842384512485], [0.0, 0.0, 1.0]], [[1259.5137405846733, 0.0, 807.2529053838625], [0.0, 1259.5137405846733, 501.19579884916527], [0.0, 0.0, 1.0]]], "extrinsics": [[[0.8207430839538574, -0.5709876418113708, -0.018810082226991653, -0.746826171875], [-0.014657474122941494, 0.011868412606418133, -0.9998221397399902, 1.5043563842773438], [0.5711093544960022, 0.8208728432655334, 0.0013716814573854208, -1.1311721801757812], [0.0, 0.0, 0.0, 1.0]], [[0.005808074492961168, -0.9999510645866394, -0.008008710108697414, 0.0079345703125], [-0.020183386281132698, 0.007889990694820881, -0.999765157699585, 1.51611328125], [0.9997794032096863, 0.005968325771391392, -0.020136572420597076, -1.473876953125], [0.0, 0.0, 0.0, 1.0]], [[-0.8329445123672485, -0.5533542037010193, -0.0016135519836097956, 0.8907470703125], [-0.014796782284975052, 0.0251877773553133, -0.9995731711387634, 1.5010757446289062], [0.5531586408615112, -0.8325650691986084, -0.029167883098125458, -1.1529541015625], [0.0, 0.0, 0.0, 1.0]], [[0.9477254748344421, 0.31898581981658936, -0.0080306027084589, -1.1346435546875], [-0.006793676409870386, -0.004990117158740759, -0.9999644756317139, 1.5885014533996582], [-0.3190145194530487, 0.9477463364601135, -0.0025621745735406876, -0.1064453125], [0.0, 0.0, 0.0, 1.0]], [[0.0024258028715848923, 0.999984860420227, 0.004931536968797445, 0.002197265625], [-0.031996604055166245, 0.005006641615182161, -0.9994754195213318, 1.577178955078125], [-0.9994850158691406, 0.002266722032800317, 0.03200826421380043, -0.066162109375], [0.0, 0.0, 0.0, 1.0]], [[-0.9348322153091431, 0.35503238439559937, 0.006380585953593254, 1.0185546875], [0.0008616990526206791, 0.020237082615494728, -0.9997948408126831, 1.5515365600585938], [-0.35508865118026733, -0.9346349835395813, -0.01922420784831047, -0.107391357421875], [0.0, 0.0, 0.0, 1.0]]], "view": [[0.0, -2.0, 100.0], [-2.0, 0.0, 100.0], [0.0, 0.0, 1.0]], "bev": "bev_e169b19a2829404aa91dcda37e657354.png", "aux": "aux_e169b19a2829404aa91dcda37e657354.npz", "visibility": "visibility_e169b19a2829404aa91dcda37e657354.png", "pose": [[-0.48879021406173706, 0.8724013566970825, 0.0, 1867.261962890625], [-0.8724013566970825, -0.48879021406173706, 0.0, 1007.9237670898438], [0.0, 0.0, 1.0, 0.0], [0.0, 0.0, 0.0, 1.0]], "pose_inverse": [[-0.48879021406173706, -0.8724013566970825, 0.0, 1792.013427734375], [0.8724013566970825, -0.48879021406173706, 0.0, -1136.338623046875], [0.0, 0.0, 1.0, 0.0], [0.0, 0.0, 0.0, 1.0]], "cam_ids": [0, 1, 2, 3, 4, 5], "cam_channels": ["CAM_FRONT_LEFT", "CAM_FRONT", "CAM_FRONT_RIGHT", "CAM_BACK_LEFT", "CAM_BACK", "CAM_BACK_RIGHT"], "token": "e169b19a2829404aa91dcda37e657354", "scene": "scene-1091"}, {"images": ["samples/CAM_FRONT_LEFT/n015-2018-11-21-19-38-26+0800__CAM_FRONT_LEFT__1542800729404844.jpg", "samples/CAM_FRONT/n015-2018-11-21-19-38-26+0800__CAM_FRONT__1542800729412460.jpg", "samples/CAM_FRONT_RIGHT/n015-2018-11-21-19-38-26+0800__CAM_FRONT_RIGHT__1542800729420339.jpg", "samples/CAM_BACK_LEFT/n015-2018-11-21-19-38-26+0800__CAM_BACK_LEFT__1542800729447423.jpg", "samples/CAM_BACK/n015-2018-11-21-19-38-26+0800__CAM_BACK__1542800729437525.jpg", "samples/CAM_BACK_RIGHT/n015-2018-11-21-19-38-26+0800__CAM_BACK_RIGHT__1542800729427893.jpg"], "intrinsics": [[[1272.5979470598488, 0.0, 826.6154927353808], [0.0, 1272.5979470598488, 479.75165386361925], [0.0, 0.0, 1.0]], [[1266.417203046554, 0.0, 816.2670197447984], [0.0, 1266.417203046554, 491.50706579294757], [0.0, 0.0, 1.0]], [[1260.8474446004698, 0.0, 807.968244525554], [0.0, 1260.8474446004698, 495.3344268742088], [0.0, 0.0, 1.0]], [[1256.7414812095406, 0.0, 792.1125740759628], [0.0, 1256.7414812095406, 492.7757465151356], [0.0, 0.0, 1.0]], [[809.2209905677063, 0.0, 829.2196003259838], [0.0, 809.2209905677063, 481.77842384512485], [0.0, 0.0, 1.0]], [[1259.5137405846733, 0.0, 807.2529053838625], [0.0, 1259.5137405846733, 501.19579884916527], [0.0, 0.0, 1.0]]], "extrinsics": [[[0.8212354183197021, -0.5705258250236511, -0.008527182042598724, -0.76708984375], [-0.001862143981270492, 0.012264592573046684, -0.999923050403595, 1.5077886581420898], [0.5705865025520325, 0.8211880922317505, 0.009009717963635921, -1.1439285278320312], [0.0, 0.0, 0.0, 1.0]], [[0.0063627478666603565, -0.9999460577964783, -0.00819940585643053, 0.0068359375], [-0.007094544358551502, 0.008154226467013359, -0.9999415874481201, 1.5191154479980469], [0.9999545812606812, 0.006420536432415247, -0.007042279001325369, -1.493408203125], [0.0, 0.0, 0.0, 1.0]], [[-0.8326565623283386, -0.5536406636238098, -0.012844123877584934, 0.903076171875], [-0.001415178645402193, 0.025320304557681084, -0.999678373336792, 1.5034103393554688], [0.5537878274917603, -0.8323706984519958, -0.02186661958694458, -1.1619873046875], [0.0, 0.0, 0.0, 1.0]], [[0.9477329254150391, 0.3190233111381531, 0.005144589114934206, -1.134521484375], [0.007275427225977182, -0.005487953778356314, -0.9999584555625916, 1.588613510131836], [-0.3189818561077118, 0.9477308988571167, -0.007522143889218569, -0.106201171875], [0.0, 0.0, 0.0, 1.0]], [[0.0022093302104622126, 0.9999862909317017, 0.004741769749671221, 0.002685546875], [-0.01807132363319397, 0.004780932795256376, -0.9998252987861633, 1.5782470703125], [-0.9998342394828796, 0.002123258076608181, 0.01808163896203041, -0.0595703125], [0.0, 0.0, 0.0, 1.0]], [[-0.9349240064620972, 0.3547905385494232, -0.0063937753438949585, 1.029541015625], [0.014522074721753597, 0.02025207318365574, -0.9996894598007202, 1.5530972480773926], [-0.35455086827278137, -0.9347264170646667, -0.024086443707346916, -0.103759765625], [0.0, 0.0, 0.0, 1.0]]], "view": [[0.0, -2.0, 100.0], [-2.0, 0.0, 100.0], [0.0, 0.0, 1.0]], "bev": "bev_f7b7254a6cf948f084581bb098099b0a.png", "aux": "aux_f7b7254a6cf948f084581bb098099b0a.npz", "visibility": "visibility_f7b7254a6cf948f084581bb098099b0a.png", "pose": [[-0.49284666776657104, 0.8701161742210388, 0.0, 1865.8372802734375], [-0.8701161742210388, -0.49284666776657104, 0.0, 1005.4249877929688], [0.0, 0.0, 1.0, 0.0], [0.0, 0.0, 0.0, 1.0]], "pose_inverse": [[-0.49284666776657104, -0.8701161742210388, 0.0, 1794.408203125], [0.8701161742210388, -0.49284666776657104, 0.0, -1127.974853515625], [0.0, 0.0, 1.0, 0.0], [0.0, 0.0, 0.0, 1.0]], "cam_ids": [0, 1, 2, 3, 4, 5], "cam_channels": ["CAM_FRONT_LEFT", "CAM_FRONT", "CAM_FRONT_RIGHT", "CAM_BACK_LEFT", "CAM_BACK", "CAM_BACK_RIGHT"], "token": "f7b7254a6cf948f084581bb098099b0a", "scene": "scene-1091"}, {"images": ["samples/CAM_FRONT_LEFT/n015-2018-11-21-19-38-26+0800__CAM_FRONT_LEFT__1542800729904844.jpg", "samples/CAM_FRONT/n015-2018-11-21-19-38-26+0800__CAM_FRONT__1542800729912460.jpg", "samples/CAM_FRONT_RIGHT/n015-2018-11-21-19-38-26+0800__CAM_FRONT_RIGHT__1542800729920339.jpg", "samples/CAM_BACK_LEFT/n015-2018-11-21-19-38-26+0800__CAM_BACK_LEFT__1542800729947423.jpg", "samples/CAM_BACK/n015-2018-11-21-19-38-26+0800__CAM_BACK__1542800729937525.jpg", "samples/CAM_BACK_RIGHT/n015-2018-11-21-19-38-26+0800__CAM_BACK_RIGHT__1542800729927893.jpg"], "intrinsics": [[[1272.5979470598488, 0.0, 826.6154927353808], [0.0, 1272.5979470598488, 479.75165386361925], [0.0, 0.0, 1.0]], [[1266.417203046554, 0.0, 816.2670197447984], [0.0, 1266.417203046554, 491.50706579294757], [0.0, 0.0, 1.0]], [[1260.8474446004698, 0.0, 807.968244525554], [0.0, 1260.8474446004698, 495.3344268742088], [0.0, 0.0, 1.0]], [[1256.7414812095406, 0.0, 792.1125740759628], [0.0, 1256.7414812095406, 492.7757465151356], [0.0, 0.0, 1.0]], [[809.2209905677063, 0.0, 829.2196003259838], [0.0, 809.2209905677063, 481.77842384512485], [0.0, 0.0, 1.0]], [[1259.5137405846733, 0.0, 807.2529053838625], [0.0, 1259.5137405846733, 501.19579884916527], [0.0, 0.0, 1.0]]], "extrinsics": [[[0.8210583925247192, -0.5706455111503601, -0.015059036202728748, -0.774169921875], [-0.011568613350391388, 0.00974125973880291, -0.999885618686676, 1.5055484771728516], [0.5707269906997681, 0.8211386203765869, 0.0013965649995952845, -1.1495285034179688], [0.0, 0.0, 0.0, 1.0]], [[0.006287194788455963, -0.9999629259109497, -0.005875089205801487, 0.0079345703125], [-0.016748785972595215, 0.005769077222794294, -0.9998430609703064, 1.5173301696777344], [0.9998399019241333, 0.006384636275470257, -0.016711894422769547, -1.50146484375], [0.0, 0.0, 0.0, 1.0]], [[-0.8326982855796814, -0.5537152290344238, -0.0036089911591261625, 0.90924072265625], [-0.011013898998498917, 0.02307876944541931, -0.9996729493141174, 1.5019760131835938], [0.5536174774169922, -0.8323861956596375, -0.02531621605157852, -1.1654052734375], [0.0, 0.0, 0.0, 1.0]], [[0.9477791786193848, 0.3189027011394501, -0.003953494131565094, -1.138916015625], [-0.0017998754046857357, -0.007047620136290789, -0.999973475933075, 1.5885505676269531], [-0.31892213225364685, 0.9477612376213074, -0.006105603184551001, -0.104736328125], [0.0, 0.0, 0.0, 1.0]], [[0.0022290837951004505, 0.9999935030937195, 0.0028530822601169348, 0.00244140625], [-0.02744154818356037, 0.002913183066993952, -0.9996191263198853, 1.5778121948242188], [-0.9996209144592285, 0.002149960258975625, 0.027447860687971115, -0.0545654296875], [0.0, 0.0, 0.0, 1.0]], [[-0.9349618554115295, 0.35474374890327454, 0.0017665161285549402, 1.03466796875], [0.004998496267944574, 0.018152838572859764, -0.999822735786438, 1.5519752502441406], [-0.35471293330192566, -0.934787392616272, -0.01874540001153946, -0.101226806640625], [0.0, 0.0, 0.0, 1.0]]], "view": [[0.0, -2.0, 100.0], [-2.0, 0.0, 100.0], [0.0, 0.0, 1.0]], "bev": "bev_0577d14282684e9ea0ddbce7c858d30e.png", "aux": "aux_0577d14282684e9ea0ddbce7c858d30e.npz", "visibility": "visibility_0577d14282684e9ea0ddbce7c858d30e.png", "pose": [[-0.49811801314353943, 0.8671092391014099, 0.0, 1864.4859619140625], [-0.8671092391014099, -0.49811801314353943, 0.0, 1003.0919799804688], [0.0, 0.0, 1.0, 0.0], [0.0, 0.0, 0.0, 1.0]], "pose_inverse": [[-0.49811801314353943, -0.8671092391014099, 0.0, 1798.5244140625], [0.8671092391014099, -0.49811801314353943, 0.0, -1117.0548095703125], [0.0, 0.0, 1.0, 0.0], [0.0, 0.0, 0.0, 1.0]], "cam_ids": [0, 1, 2, 3, 4, 5], "cam_channels": ["CAM_FRONT_LEFT", "CAM_FRONT", "CAM_FRONT_RIGHT", "CAM_BACK_LEFT", "CAM_BACK", "CAM_BACK_RIGHT"], "token": "0577d14282684e9ea0ddbce7c858d30e", "scene": "scene-1091"}, {"images": ["samples/CAM_FRONT_LEFT/n015-2018-11-21-19-38-26+0800__CAM_FRONT_LEFT__1542800730404844.jpg", "samples/CAM_FRONT/n015-2018-11-21-19-38-26+0800__CAM_FRONT__1542800730412460.jpg", "samples/CAM_FRONT_RIGHT/n015-2018-11-21-19-38-26+0800__CAM_FRONT_RIGHT__1542800730420339.jpg", "samples/CAM_BACK_LEFT/n015-2018-11-21-19-38-26+0800__CAM_BACK_LEFT__1542800730447423.jpg", "samples/CAM_BACK/n015-2018-11-21-19-38-26+0800__CAM_BACK__1542800730437525.jpg", "samples/CAM_BACK_RIGHT/n015-2018-11-21-19-38-26+0800__CAM_BACK_RIGHT__1542800730427893.jpg"], "intrinsics": [[[1272.5979470598488, 0.0, 826.6154927353808], [0.0, 1272.5979470598488, 479.75165386361925], [0.0, 0.0, 1.0]], [[1266.417203046554, 0.0, 816.2670197447984], [0.0, 1266.417203046554, 491.50706579294757], [0.0, 0.0, 1.0]], [[1260.8474446004698, 0.0, 807.968244525554], [0.0, 1260.8474446004698, 495.3344268742088], [0.0, 0.0, 1.0]], [[1256.7414812095406, 0.0, 792.1125740759628], [0.0, 1256.7414812095406, 492.7757465151356], [0.0, 0.0, 1.0]], [[809.2209905677063, 0.0, 829.2196003259838], [0.0, 809.2209905677063, 481.77842384512485], [0.0, 0.0, 1.0]], [[1259.5137405846733, 0.0, 807.2529053838625], [0.0, 1259.5137405846733, 501.19579884916527], [0.0, 0.0, 1.0]]], "extrinsics": [[[0.8211264610290527, -0.5706628561019897, -0.009763185866177082, -0.78759765625], [-0.004505814518779516, 0.010623947717249393, -0.9999334216117859, 1.5072689056396484], [0.5707285404205322, 0.8211157917976379, 0.006152303423732519, -1.1575393676757812], [0.0, 0.0, 0.0, 1.0]], [[0.006226126104593277, -0.9999576807022095, -0.00677208136767149, 0.0064697265625], [-0.009830495342612267, 0.006710680201649666, -0.9999291896820068, 1.5187835693359375], [0.9999322295188904, 0.006292255595326424, -0.009788298048079014, -1.5147705078125], [0.0, 0.0, 0.0, 1.0]], [[-0.8327369093894958, -0.5535820722579956, -0.009799187071621418, 0.9176025390625], [-0.004243652801960707, 0.02407972514629364, -0.9997009634971619, 1.5030441284179688], [0.5536525249481201, -0.8324463367462158, -0.022401288151741028, -1.171875], [0.0, 0.0, 0.0, 1.0]], [[0.947789192199707, 0.318890243768692, 0.002129004104062915, -1.1407470703125], [0.004233053885400295, -0.005905150435864925, -0.9999735951423645, 1.5885601043701172], [-0.31886929273605347, 0.947773277759552, -0.006946716923266649, -0.103759765625], [0.0, 0.0, 0.0, 1.0]], [[0.002262313151732087, 0.9999897480010986, 0.003933909814804792, 0.0029296875], [-0.02109997719526291, 0.003980778623372316, -0.9997694492340088, 1.5782623291015625], [-0.9997748136520386, 0.0021787756122648716, 0.02110876515507698, -0.050048828125], [0.0, 0.0, 0.0, 1.0]], [[-0.9349156022071838, 0.3548469543457031, -0.00404908275231719, 1.042236328125], [0.011611075140535831, 0.019183790311217308, -0.9997485876083374, 1.5526082515716553], [-0.3546800911426544, -0.9347275495529175, -0.022055381909012794, -0.0989990234375], [0.0, 0.0, 0.0, 1.0]]], "view": [[0.0, -2.0, 100.0], [-2.0, 0.0, 100.0], [0.0, 0.0, 1.0]], "bev": "bev_be30fde2e91247049ed17afd09cbf912.png", "aux": "aux_be30fde2e91247049ed17afd09cbf912.npz", "visibility": "visibility_be30fde2e91247049ed17afd09cbf912.png", "pose": [[-0.505061149597168, 0.86308354139328, 0.0, 1863.165771484375], [-0.86308354139328, -0.505061149597168, 0.0, 1000.8458251953125], [0.0, 0.0, 1.0, 0.0], [0.0, 0.0, 0.0, 1.0]], "pose_inverse": [[-0.505061149597168, -0.86308354139328, 0.0, 1804.8262939453125], [0.86308354139328, -0.505061149597168, 0.0, -1102.579345703125], [0.0, 0.0, 1.0, 0.0], [0.0, 0.0, 0.0, 1.0]], "cam_ids": [0, 1, 2, 3, 4, 5], "cam_channels": ["CAM_FRONT_LEFT", "CAM_FRONT", "CAM_FRONT_RIGHT", "CAM_BACK_LEFT", "CAM_BACK", "CAM_BACK_RIGHT"], "token": "be30fde2e91247049ed17afd09cbf912", "scene": "scene-1091"}, {"images": ["samples/CAM_FRONT_LEFT/n015-2018-11-21-19-38-26+0800__CAM_FRONT_LEFT__1542800730904844.jpg", "samples/CAM_FRONT/n015-2018-11-21-19-38-26+0800__CAM_FRONT__1542800730912460.jpg", "samples/CAM_FRONT_RIGHT/n015-2018-11-21-19-38-26+0800__CAM_FRONT_RIGHT__1542800730920339.jpg", "samples/CAM_BACK_LEFT/n015-2018-11-21-19-38-26+0800__CAM_BACK_LEFT__1542800730947423.jpg", "samples/CAM_BACK/n015-2018-11-21-19-38-26+0800__CAM_BACK__1542800730937525.jpg", "samples/CAM_BACK_RIGHT/n015-2018-11-21-19-38-26+0800__CAM_BACK_RIGHT__1542800730927893.jpg"], "intrinsics": [[[1272.5979470598488, 0.0, 826.6154927353808], [0.0, 1272.5979470598488, 479.75165386361925], [0.0, 0.0, 1.0]], [[1266.417203046554, 0.0, 816.2670197447984], [0.0, 1266.417203046554, 491.50706579294757], [0.0, 0.0, 1.0]], [[1260.8474446004698, 0.0, 807.968244525554], [0.0, 1260.8474446004698, 495.3344268742088], [0.0, 0.0, 1.0]], [[1256.7414812095406, 0.0, 792.1125740759628], [0.0, 1256.7414812095406, 492.7757465151356], [0.0, 0.0, 1.0]], [[809.2209905677063, 0.0, 829.2196003259838], [0.0, 809.2209905677063, 481.77842384512485], [0.0, 0.0, 1.0]], [[1259.5137405846733, 0.0, 807.2529053838625], [0.0, 1259.5137405846733, 501.19579884916527], [0.0, 0.0, 1.0]]], "extrinsics": [[[0.8222101926803589, -0.5691086053848267, -0.00926303118467331, -0.791259765625], [-0.006324079819023609, 0.007139037363231182, -0.9999545216560364, 1.5069084167480469], [0.5691487193107605, 0.8222313523292542, 0.0022707025054842234, -1.1618194580078125], [0.0, 0.0, 0.0, 1.0]], [[0.007854179479181767, -0.9999638199806213, -0.003251275047659874, 0.008056640625], [-0.011591476388275623, 0.0031601127702742815, -0.999927818775177, 1.5185298919677734], [0.9999020099639893, 0.007891305722296238, -0.01156623661518097, -1.52001953125], [0.0, 0.0, 0.0, 1.0]], [[-0.8320232033729553, -0.5547038912773132, -0.006389874033629894, 0.92193603515625], [-0.005975688342005014, 0.020479990169405937, -0.9997723698616028, 1.5028247833251953], [0.5547085404396057, -0.8317956924438477, -0.020354565232992172, -1.1737060546875], [0.0, 0.0, 0.0, 1.0]], [[0.94782555103302, 0.31878939270973206, -0.0003635192406363785, -1.1435546875], [0.0027997707948088646, -0.00946454145014286, -0.9999513030052185, 1.5885505676269531], [-0.31877726316452026, 0.9477783441543579, -0.009863270446658134, -0.103515625], [0.0, 0.0, 0.0, 1.0]], [[0.0017958616372197866, 0.9999983310699463, 0.000309531984385103, 0.002197265625], [-0.022633038461208344, 0.0003500983875710517, -0.9997437596321106, 1.5782737731933594], [-0.9997422099113464, 0.00178845738992095, 0.0226336270570755, -0.0460205078125], [0.0, 0.0, 0.0, 1.0]], [[-0.9352560639381409, 0.35395151376724243, -0.0037955858279019594, 1.046142578125], [0.009946605190634727, 0.015560557134449482, -0.9998294115066528, 1.5523852109909058], [-0.35383209586143494, -0.9351343512535095, -0.01807372085750103, -0.09661865234375], [0.0, 0.0, 0.0, 1.0]]], "view": [[0.0, -2.0, 100.0], [-2.0, 0.0, 100.0], [0.0, 0.0, 1.0]], "bev": "bev_4fab01b54ffb4cb292f36a9e37d6042e.png", "aux": "aux_4fab01b54ffb4cb292f36a9e37d6042e.npz", "visibility": "visibility_4fab01b54ffb4cb292f36a9e37d6042e.png", "pose": [[-0.5194127559661865, 0.8545234799385071, 0.0, 1861.887939453125], [-0.8545234799385071, -0.5194127559661865, 0.0, 998.7219848632812], [0.0, 0.0, 1.0, 0.0], [0.0, 0.0, 0.0, 1.0]], "pose_inverse": [[-0.5194127559661865, -0.8545234799385071, 0.0, 1820.519775390625], [0.8545234799385071, -0.5194127559661865, 0.0, -1072.2779541015625], [0.0, 0.0, 1.0, 0.0], [0.0, 0.0, 0.0, 1.0]], "cam_ids": [0, 1, 2, 3, 4, 5], "cam_channels": ["CAM_FRONT_LEFT", "CAM_FRONT", "CAM_FRONT_RIGHT", "CAM_BACK_LEFT", "CAM_BACK", "CAM_BACK_RIGHT"], "token": "4fab01b54ffb4cb292f36a9e37d6042e", "scene": "scene-1091"}, {"images": ["samples/CAM_FRONT_LEFT/n015-2018-11-21-19-38-26+0800__CAM_FRONT_LEFT__1542800731404844.jpg", "samples/CAM_FRONT/n015-2018-11-21-19-38-26+0800__CAM_FRONT__1542800731412460.jpg", "samples/CAM_FRONT_RIGHT/n015-2018-11-21-19-38-26+0800__CAM_FRONT_RIGHT__1542800731420339.jpg", "samples/CAM_BACK_LEFT/n015-2018-11-21-19-38-26+0800__CAM_BACK_LEFT__1542800731447423.jpg", "samples/CAM_BACK/n015-2018-11-21-19-38-26+0800__CAM_BACK__1542800731437525.jpg", "samples/CAM_BACK_RIGHT/n015-2018-11-21-19-38-26+0800__CAM_BACK_RIGHT__1542800731427893.jpg"], "intrinsics": [[[1272.5979470598488, 0.0, 826.6154927353808], [0.0, 1272.5979470598488, 479.75165386361925], [0.0, 0.0, 1.0]], [[1266.417203046554, 0.0, 816.2670197447984], [0.0, 1266.417203046554, 491.50706579294757], [0.0, 0.0, 1.0]], [[1260.8474446004698, 0.0, 807.968244525554], [0.0, 1260.8474446004698, 495.3344268742088], [0.0, 0.0, 1.0]], [[1256.7414812095406, 0.0, 792.1125740759628], [0.0, 1256.7414812095406, 492.7757465151356], [0.0, 0.0, 1.0]], [[809.2209905677063, 0.0, 829.2196003259838], [0.0, 809.2209905677063, 481.77842384512485], [0.0, 0.0, 1.0]], [[1259.5137405846733, 0.0, 807.2529053838625], [0.0, 1259.5137405846733, 501.19579884916527], [0.0, 0.0, 1.0]]], "extrinsics": [[[0.8218834400177002, -0.5695732831954956, -0.009681963361799717, -0.79736328125], [-0.006768415216356516, 0.007231096737086773, -0.9999509453773499, 1.5068645477294922], [0.5696154236793518, 0.8219086527824402, 0.0020880098454654217, -1.16607666015625], [0.0, 0.0, 0.0, 1.0]], [[0.007305599283427, -0.9999681115150452, -0.003202289342880249, 0.0078125], [-0.012079085223376751, 0.0031138937920331955, -0.9999222159385681, 1.5185184478759766], [0.9999003410339355, 0.007343789096921682, -0.012055952101945877, -1.5260009765625], [0.0, 0.0, 0.0, 1.0]], [[-0.8323017358779907, -0.5542920827865601, -0.005837185773998499, 0.92584228515625], [-0.006497283931821585, 0.020284544676542282, -0.9997730851173401, 1.5027790069580078], [0.5542847514152527, -0.8320749402046204, -0.020484255626797676, -1.1761474609375], [0.0, 0.0, 0.0, 1.0]], [[0.9479032754898071, 0.3185560405254364, -0.001187343499623239, -1.143798828125], [0.0021644916851073503, -0.010167783126235008, -0.9999459385871887, 1.58856201171875], [-0.3185509145259857, 0.9478495121002197, -0.010327587835490704, -0.10400390625], [0.0, 0.0, 0.0, 1.0]], [[0.0019625001586973667, 0.9999980330467224, -0.00018433306831866503, 0.0018310546875], [-0.023244906216859818, -0.00013866348308511078, -0.9997298121452332, 1.5782661437988281], [-0.9997278451919556, 0.0019663432613015175, 0.0232445877045393, -0.045166015625], [0.0, 0.0, 0.0, 1.0]], [[-0.9351335763931274, 0.35427922010421753, -0.003371153026819229, 1.049072265625], [0.009380156174302101, 0.015245277434587479, -0.9998397827148438, 1.5522921085357666], [-0.3541710376739502, -0.9350153803825378, -0.017579566687345505, -0.094818115234375], [0.0, 0.0, 0.0, 1.0]]], "view": [[0.0, -2.0, 100.0], [-2.0, 0.0, 100.0], [0.0, 0.0, 1.0]], "bev": "bev_27ca643c579f4c129c06afe467093ca7.png", "aux": "aux_27ca643c579f4c129c06afe467093ca7.npz", "visibility": "visibility_27ca643c579f4c129c06afe467093ca7.png", "pose": [[-0.5483695864677429, 0.8362360596656799, 0.0, 1860.5748291015625], [-0.8362360596656799, -0.5483695864677429, 0.0, 996.6765747070312], [0.0, 0.0, 1.0, 0.0], [0.0, 0.0, 0.0, 1.0]], "pose_inverse": [[-0.5483695864677429, -0.8362360596656799, 0.0, 1853.7396240234375], [0.8362360596656799, -0.5483695864677429, 0.0, -1009.3327026367188], [0.0, 0.0, 1.0, 0.0], [0.0, 0.0, 0.0, 1.0]], "cam_ids": [0, 1, 2, 3, 4, 5], "cam_channels": ["CAM_FRONT_LEFT", "CAM_FRONT", "CAM_FRONT_RIGHT", "CAM_BACK_LEFT", "CAM_BACK", "CAM_BACK_RIGHT"], "token": "27ca643c579f4c129c06afe467093ca7", "scene": "scene-1091"}, {"images": ["samples/CAM_FRONT_LEFT/n015-2018-11-21-19-38-26+0800__CAM_FRONT_LEFT__1542800731904844.jpg", "samples/CAM_FRONT/n015-2018-11-21-19-38-26+0800__CAM_FRONT__1542800731912460.jpg", "samples/CAM_FRONT_RIGHT/n015-2018-11-21-19-38-26+0800__CAM_FRONT_RIGHT__1542800731920339.jpg", "samples/CAM_BACK_LEFT/n015-2018-11-21-19-38-26+0800__CAM_BACK_LEFT__1542800731947423.jpg", "samples/CAM_BACK/n015-2018-11-21-19-38-26+0800__CAM_BACK__1542800731937525.jpg", "samples/CAM_BACK_RIGHT/n015-2018-11-21-19-38-26+0800__CAM_BACK_RIGHT__1542800731927893.jpg"], "intrinsics": [[[1272.5979470598488, 0.0, 826.6154927353808], [0.0, 1272.5979470598488, 479.75165386361925], [0.0, 0.0, 1.0]], [[1266.417203046554, 0.0, 816.2670197447984], [0.0, 1266.417203046554, 491.50706579294757], [0.0, 0.0, 1.0]], [[1260.8474446004698, 0.0, 807.968244525554], [0.0, 1260.8474446004698, 495.3344268742088], [0.0, 0.0, 1.0]], [[1256.7414812095406, 0.0, 792.1125740759628], [0.0, 1256.7414812095406, 492.7757465151356], [0.0, 0.0, 1.0]], [[809.2209905677063, 0.0, 829.2196003259838], [0.0, 809.2209905677063, 481.77842384512485], [0.0, 0.0, 1.0]], [[1259.5137405846733, 0.0, 807.2529053838625], [0.0, 1259.5137405846733, 501.19579884916527], [0.0, 0.0, 1.0]]], "extrinsics": [[[0.821743905544281, -0.5697260499000549, -0.012213729321956635, -0.79150390625], [-0.007014360278844833, 0.011318839155137539, -0.999911367893219, 1.5067520141601562], [0.5698138475418091, 0.8217566609382629, 0.00530492328107357, -1.162353515625], [0.0, 0.0, 0.0, 1.0]], [[0.007108757272362709, -0.9999475479125977, -0.007363499607890844, 0.00799560546875], [-0.012238789349794388, 0.007276133634150028, -0.9998986721038818, 1.518411636352539], [0.9998998045921326, 0.007198053412139416, -0.012186424806714058, -1.52001953125], [0.0, 0.0, 0.0, 1.0]], [[-0.8323850631713867, -0.5541381239891052, -0.008126662112772465, 0.9222412109375], [-0.00656419200822711, 0.02452092431485653, -0.9996777176856995, 1.5027275085449219], [0.5541588068008423, -0.8320634365081787, -0.024048319086432457, -1.1734619140625], [0.0, 0.0, 0.0, 1.0]], [[0.9478354454040527, 0.3187597990036011, 0.00027858055545948446, -1.143310546875], [0.0022733784280717373, -0.0058859772980213165, -0.999980092048645, 1.5885591506958008], [-0.3187517821788788, 0.9478172659873962, -0.006303600035607815, -0.10400390625], [0.0, 0.0, 0.0, 1.0]], [[0.0020245728082954884, 0.99998939037323, 0.004117163829505444, 0.0018310546875], [-0.0231713205575943, 0.00416297884657979, -0.9997228980064392, 1.5782241821289062], [-0.9997293949127197, 0.0019285599701106548, 0.02317950502038002, -0.046875], [0.0, 0.0, 0.0, 1.0]], [[-0.9350941777229309, 0.35439443588256836, -0.0018529330845922232, 1.0458984375], [0.009383885189890862, 0.01953280158340931, -0.9997652173042297, 1.552322268486023], [-0.35427501797676086, -0.9348919987678528, -0.02159060910344124, -0.096282958984375], [0.0, 0.0, 0.0, 1.0]]], "view": [[0.0, -2.0, 100.0], [-2.0, 0.0, 100.0], [0.0, 0.0, 1.0]], "bev": "bev_460528e658d549b68540b4ca9528973b.png", "aux": "aux_460528e658d549b68540b4ca9528973b.npz", "visibility": "visibility_460528e658d549b68540b4ca9528973b.png", "pose": [[-0.5748131275177002, 0.8182846903800964, 0.0, 1859.157470703125], [-0.8182846903800964, -0.5748131275177002, 0.0, 994.6212158203125], [0.0, 0.0, 1.0, 0.0], [0.0, 0.0, 0.0, 1.0]], "pose_inverse": [[-0.5748131275177002, -0.8182846903800964, 0.0, 1882.551513671875], [0.8182846903800964, -0.5748131275177002, 0.0, -949.5987548828125], [0.0, 0.0, 1.0, 0.0], [0.0, 0.0, 0.0, 1.0]], "cam_ids": [0, 1, 2, 3, 4, 5], "cam_channels": ["CAM_FRONT_LEFT", "CAM_FRONT", "CAM_FRONT_RIGHT", "CAM_BACK_LEFT", "CAM_BACK", "CAM_BACK_RIGHT"], "token": "460528e658d549b68540b4ca9528973b", "scene": "scene-1091"}, {"images": ["samples/CAM_FRONT_LEFT/n015-2018-11-21-19-38-26+0800__CAM_FRONT_LEFT__1542800732404844.jpg", "samples/CAM_FRONT/n015-2018-11-21-19-38-26+0800__CAM_FRONT__1542800732412460.jpg", "samples/CAM_FRONT_RIGHT/n015-2018-11-21-19-38-26+0800__CAM_FRONT_RIGHT__1542800732420339.jpg", "samples/CAM_BACK_LEFT/n015-2018-11-21-19-38-26+0800__CAM_BACK_LEFT__1542800732447423.jpg", "samples/CAM_BACK/n015-2018-11-21-19-38-26+0800__CAM_BACK__1542800732437525.jpg", "samples/CAM_BACK_RIGHT/n015-2018-11-21-19-38-26+0800__CAM_BACK_RIGHT__1542800732427893.jpg"], "intrinsics": [[[1272.5979470598488, 0.0, 826.6154927353808], [0.0, 1272.5979470598488, 479.75165386361925], [0.0, 0.0, 1.0]], [[1266.417203046554, 0.0, 816.2670197447984], [0.0, 1266.417203046554, 491.50706579294757], [0.0, 0.0, 1.0]], [[1260.8474446004698, 0.0, 807.968244525554], [0.0, 1260.8474446004698, 495.3344268742088], [0.0, 0.0, 1.0]], [[1256.7414812095406, 0.0, 792.1125740759628], [0.0, 1256.7414812095406, 492.7757465151356], [0.0, 0.0, 1.0]], [[809.2209905677063, 0.0, 829.2196003259838], [0.0, 809.2209905677063, 481.77842384512485], [0.0, 0.0, 1.0]], [[1259.5137405846733, 0.0, 807.2529053838625], [0.0, 1259.5137405846733, 501.19579884916527], [0.0, 0.0, 1.0]]], "extrinsics": [[[0.8217734098434448, -0.5696641802787781, -0.01308340486139059, -0.794189453125], [-0.008488671854138374, 0.010719330050051212, -0.9999064803123474, 1.5064773559570312], [0.5697512030601501, 0.8218076229095459, 0.003973168320953846, -1.164031982421875], [0.0, 0.0, 0.0, 1.0]], [[0.007167237810790539, -0.9999515414237976, -0.006739613134413958, 0.0078125], [-0.013816561549901962, 0.006640116684138775, -0.9998825192451477, 1.5181713104248047], [0.9998788237571716, 0.007259499281644821, -0.013768302276730537, -1.5220947265625], [0.0, 0.0, 0.0, 1.0]], [[-0.8323651552200317, -0.5541912317276001, -0.006351340562105179, 0.9228515625], [-0.008250066079199314, 0.02384806051850319, -0.9996815323829651, 1.5025253295898438], [0.5541661977767944, -0.8320476412773132, -0.024422407150268555, -1.1744384765625], [0.0, 0.0, 0.0, 1.0]], [[0.9477345943450928, 0.3190547525882721, -0.0017610834911465645, -1.138671875], [0.00035794454743154347, -0.006582825910300016, -0.999978244304657, 1.5885591506958008], [-0.31905943155288696, 0.9477134346961975, -0.006352974567562342, -0.1053466796875], [0.0, 0.0, 0.0, 1.0]], [[0.001998582622036338, 0.9999922513961792, 0.0034015122801065445, 0.00238037109375], [-0.025044722482562065, 0.00345050566829741, -0.9996803998947144, 1.5781059265136719], [-0.9996843338012695, 0.0019127378473058343, 0.02505142241716385, -0.0479736328125], [0.0, 0.0, 0.0, 1.0]], [[-0.9351128935813904, 0.35434961318969727, -0.0004464806115720421, 1.04638671875], [0.0076126595959067345, 0.01882973127067089, -0.9997937083244324, 1.5521669387817383], [-0.3542681038379669, -0.9349234104156494, -0.020305467769503593, -0.09674072265625], [0.0, 0.0, 0.0, 1.0]]], "view": [[0.0, -2.0, 100.0], [-2.0, 0.0, 100.0], [0.0, 0.0, 1.0]], "bev": "bev_9c0188bef4aa4f278d50491041553af3.png", "aux": "aux_9c0188bef4aa4f278d50491041553af3.npz", "visibility": "visibility_9c0188bef4aa4f278d50491041553af3.png", "pose": [[-0.5936539769172668, 0.804720401763916, 0.0, 1857.70654296875], [-0.804720401763916, -0.5936539769172668, 0.0, 992.6309814453125], [0.0, 0.0, 1.0, 0.0], [0.0, 0.0, 0.0, 1.0]], "pose_inverse": [[-0.5936539769172668, -0.804720401763916, 0.0, 1901.625244140625], [0.804720401763916, -0.5936539769172668, 0.0, -905.6550903320312], [0.0, 0.0, 1.0, 0.0], [0.0, 0.0, 0.0, 1.0]], "cam_ids": [0, 1, 2, 3, 4, 5], "cam_channels": ["CAM_FRONT_LEFT", "CAM_FRONT", "CAM_FRONT_RIGHT", "CAM_BACK_LEFT", "CAM_BACK", "CAM_BACK_RIGHT"], "token": "9c0188bef4aa4f278d50491041553af3", "scene": "scene-1091"}, {"images": ["samples/CAM_FRONT_LEFT/n015-2018-11-21-19-38-26+0800__CAM_FRONT_LEFT__1542800732904844.jpg", "samples/CAM_FRONT/n015-2018-11-21-19-38-26+0800__CAM_FRONT__1542800732912460.jpg", "samples/CAM_FRONT_RIGHT/n015-2018-11-21-19-38-26+0800__CAM_FRONT_RIGHT__1542800732920339.jpg", "samples/CAM_BACK_LEFT/n015-2018-11-21-19-38-26+0800__CAM_BACK_LEFT__1542800732947423.jpg", "samples/CAM_BACK/n015-2018-11-21-19-38-26+0800__CAM_BACK__1542800732937525.jpg", "samples/CAM_BACK_RIGHT/n015-2018-11-21-19-38-26+0800__CAM_BACK_RIGHT__1542800732927907.jpg"], "intrinsics": [[[1272.5979470598488, 0.0, 826.6154927353808], [0.0, 1272.5979470598488, 479.75165386361925], [0.0, 0.0, 1.0]], [[1266.417203046554, 0.0, 816.2670197447984], [0.0, 1266.417203046554, 491.50706579294757], [0.0, 0.0, 1.0]], [[1260.8474446004698, 0.0, 807.968244525554], [0.0, 1260.8474446004698, 495.3344268742088], [0.0, 0.0, 1.0]], [[1256.7414812095406, 0.0, 792.1125740759628], [0.0, 1256.7414812095406, 492.7757465151356], [0.0, 0.0, 1.0]], [[809.2209905677063, 0.0, 829.2196003259838], [0.0, 809.2209905677063, 481.77842384512485], [0.0, 0.0, 1.0]], [[1259.5137405846733, 0.0, 807.2529053838625], [0.0, 1259.5137405846733, 501.19579884916527], [0.0, 0.0, 1.0]]], "extrinsics": [[[0.8238990902900696, -0.5666490197181702, -0.009953184053301811, -0.800048828125], [-0.007532292511314154, 0.006612266879528761, -0.9999497532844543, 1.5067291259765625], [0.5666863322257996, 0.8239327073097229, 0.001179674407467246, -1.173858642578125], [0.0, 0.0, 0.0, 1.0]], [[0.010296572931110859, -0.9999436736106873, -0.0025603908579796553, 0.01275634765625], [-0.012845518067479134, 0.0024280438665300608, -0.9999145865440369, 1.5184478759765625], [0.9998644590377808, 0.010328623466193676, -0.01281979400664568, -1.5311279296875], [0.0, 0.0, 0.0, 1.0]], [[-0.8309792280197144, -0.556282639503479, -0.004798425827175379, 0.932373046875], [-0.007322570774704218, 0.019562508910894394, -0.9997817873954773, 1.5026073455810547], [0.5562551617622375, -0.8307628035545349, -0.020329458639025688, -1.174072265625], [0.0, 0.0, 0.0, 1.0]], [[0.9478954076766968, 0.31857237219810486, -0.0024321251548826694, -1.1451416015625], [0.0012221464421600103, -0.011270391754806042, -0.9999356865882874, 1.5886154174804688], [-0.3185793459415436, 0.9478315114974976, -0.011072495952248573, -0.1083984375], [0.0, 0.0, 0.0, 1.0]], [[0.0010109810391440988, 0.9999988079071045, -0.0011176456464454532, -0.0029296875], [-0.02411109209