[{"images": ["samples/CAM_FRONT_LEFT/n008-2018-08-31-11-56-46-0400__CAM_FRONT_LEFT__1535731122604799.jpg", "samples/CAM_FRONT/n008-2018-08-31-11-56-46-0400__CAM_FRONT__1535731122612404.jpg", "samples/CAM_FRONT_RIGHT/n008-2018-08-31-11-56-46-0400__CAM_FRONT_RIGHT__1535731122620482.jpg", "samples/CAM_BACK_LEFT/n008-2018-08-31-11-56-46-0400__CAM_BACK_LEFT__1535731122647405.jpg", "samples/CAM_BACK/n008-2018-08-31-11-56-46-0400__CAM_BACK__1535731122637558.jpg", "samples/CAM_BACK_RIGHT/n008-2018-08-31-11-56-46-0400__CAM_BACK_RIGHT__1535731122628113.jpg"], "intrinsics": [[[1257.8625342125129, 0.0, 827.2410631095686], [0.0, 1257.8625342125129, 450.915498205774], [0.0, 0.0, 1.0]], [[1252.8131021185304, 0.0, 826.588114781398], [0.0, 1252.8131021185304, 469.9846626224581], [0.0, 0.0, 1.0]], [[1256.7485116440405, 0.0, 817.7887570959712], [0.0, 1256.7485116440403, 451.9541780095127], [0.0, 0.0, 1.0]], [[1254.9860565800168, 0.0, 829.5769333630991], [0.0, 1254.9860565800168, 467.1680561863987], [0.0, 0.0, 1.0]], [[796.8910634503094, 0.0, 857.7774326863696], [0.0, 796.8910634503094, 476.8848988407415], [0.0, 0.0, 1.0]], [[1249.9629280788233, 0.0, 825.3768045375984], [0.0, 1249.9629280788233, 462.54816385708756], [0.0, 0.0, 1.0]]], "extrinsics": [[[0.8224406838417053, -0.5688005089759827, -0.007584183942526579, -0.701904296875], [0.010313187725841999, 0.028239674866199493, -0.9995479583740234, 1.4920048713684082], [0.5687575936317444, 0.8219906687736511, 0.029091598466038704, -1.12689208984375], [0.0, 0.0, 0.0, 1.0]], [[0.009970533661544323, -0.9996612668037415, -0.02404009737074375, 0.01019287109375], [0.012189876288175583, 0.024161016568541527, -0.9996337890625, 1.483804702758789], [0.9998759627342224, 0.009673797525465488, 0.012426644563674927, -1.4327392578125], [0.0, 0.0, 0.0, 1.0]], [[-0.8440945744514465, -0.535597026348114, -0.025298716500401497, 0.89459228515625], [0.020122798159718513, 0.015506071038544178, -0.9996772408485413, 1.49774169921875], [0.5358164310455322, -0.8443313241004944, -0.0023108809255063534, -1.15155029296875], [0.0, 0.0, 0.0, 1.0]], [[0.9478638768196106, 0.31864041090011597, 0.004746155347675085, -1.142822265625], [-0.00544573413208127, 0.031087100505828857, -0.9995018243789673, 1.5620393753051758], [-0.3186292052268982, 0.9473658204078674, 0.031201567500829697, -0.1563720703125], [0.0, 0.0, 0.0, 1.0]], [[0.009260531514883041, 0.9996850490570068, 0.02332589402794838, -0.028533935546875], [-0.003178234677761793, 0.023356201127171516, -0.9997221231460571, 1.5677785873413086], [-0.9999521374702454, 0.009183790534734726, 0.0033935231622308493, -0.04150390625], [0.0, 0.0, 0.0, 1.0]], [[-0.9236373901367188, 0.3832666873931885, -0.0007792733376845717, 1.005615234375], [0.0010472281137481332, 0.0004904829547740519, -0.9999993443489075, 1.547986626625061], [-0.38326606154441833, -0.9236376285552979, -0.0008543970179744065, -0.1070404052734375], [0.0, 0.0, 0.0, 1.0]]], "view": [[0.0, -2.0, 100.0], [-2.0, 0.0, 100.0], [0.0, 0.0, 1.0]], "bev": "bev_ba58709ad5ab49b0a896e2f93d5cc8e3.png", "aux": "aux_ba58709ad5ab49b0a896e2f93d5cc8e3.npz", "visibility": "visibility_ba58709ad5ab49b0a896e2f93d5cc8e3.png", "pose": [[-0.6517841219902039, 0.758404552936554, 0.0, 1063.054443359375], [-0.758404552936554, -0.6517841219902039, 0.0, 791.0574340820312], [0.0, 0.0, 1.0, 0.0], [0.0, 0.0, 0.0, 1.0]], "pose_inverse": [[-0.6517841219902039, -0.758404552936554, 0.0, 1292.8236083984375], [0.758404552936554, -0.6517841219902039, 0.0, -290.6266174316406], [0.0, 0.0, 1.0, 0.0], [0.0, 0.0, 0.0, 1.0]], "cam_ids": [0, 1, 2, 3, 4, 5], "cam_channels": ["CAM_FRONT_LEFT", "CAM_FRONT", "CAM_FRONT_RIGHT", "CAM_BACK_LEFT", "CAM_BACK", "CAM_BACK_RIGHT"], "token": "ba58709ad5ab49b0a896e2f93d5cc8e3", "scene": "scene-0390"}, {"images": ["samples/CAM_FRONT_LEFT/n008-2018-08-31-11-56-46-0400__CAM_FRONT_LEFT__1535731123104799.jpg", "samples/CAM_FRONT/n008-2018-08-31-11-56-46-0400__CAM_FRONT__1535731123112404.jpg", "samples/CAM_FRONT_RIGHT/n008-2018-08-31-11-56-46-0400__CAM_FRONT_RIGHT__1535731123120482.jpg", "samples/CAM_BACK_LEFT/n008-2018-08-31-11-56-46-0400__CAM_BACK_LEFT__1535731123147405.jpg", "samples/CAM_BACK/n008-2018-08-31-11-56-46-0400__CAM_BACK__1535731123137558.jpg", "samples/CAM_BACK_RIGHT/n008-2018-08-31-11-56-46-0400__CAM_BACK_RIGHT__1535731123128113.jpg"], "intrinsics": [[[1257.8625342125129, 0.0, 827.2410631095686], [0.0, 1257.8625342125129, 450.915498205774], [0.0, 0.0, 1.0]], [[1252.8131021185304, 0.0, 826.588114781398], [0.0, 1252.8131021185304, 469.9846626224581], [0.0, 0.0, 1.0]], [[1256.7485116440405, 0.0, 817.7887570959712], [0.0, 1256.7485116440403, 451.9541780095127], [0.0, 0.0, 1.0]], [[1254.9860565800168, 0.0, 829.5769333630991], [0.0, 1254.9860565800168, 467.1680561863987], [0.0, 0.0, 1.0]], [[796.8910634503094, 0.0, 857.7774326863696], [0.0, 796.8910634503094, 476.8848988407415], [0.0, 0.0, 1.0]], [[1249.9629280788233, 0.0, 825.3768045375984], [0.0, 1249.9629280788233, 462.54816385708756], [0.0, 0.0, 1.0]]], "extrinsics": [[[0.822746217250824, -0.5682469606399536, -0.013570653274655342, -0.7022705078125], [0.005534843076020479, 0.03188282251358032, -0.9994762539863586, 1.4901769161224365], [0.5683820247650146, 0.8222401738166809, 0.029376626014709473, -1.129364013671875], [0.0, 0.0, 0.0, 1.0]], [[0.010576044209301472, -0.9995597004890442, -0.027723493054509163, 0.012451171875], [0.007472438737750053, 0.027803273871541023, -0.9995855093002319, 1.4823143482208252], [0.999916136264801, 0.010364500805735588, 0.007763198111206293, -1.4326171875], [0.0, 0.0, 0.0, 1.0]], [[-0.84384685754776, -0.536076545715332, -0.023333122953772545, 0.89471435546875], [0.015477290377020836, 0.019149476662278175, -0.9996968507766724, 1.4966344833374023], [0.5363608598709106, -0.8439521789550781, -0.0078622130677104, -1.149169921875], [0.0, 0.0, 0.0, 1.0]], [[0.9478479623794556, 0.31871822476387024, 0.0017355290474370122, -1.13916015625], [-0.0096895107999444, 0.034257885068655014, -0.999366044998169, 1.561981201171875], [-0.3185756206512451, 0.9472302794456482, 0.03555948659777641, -0.157958984375], [0.0, 0.0, 0.0, 1.0]], [[0.009083332493901253, 0.9996017813682556, 0.02671935223042965, -0.029266357421875], [-0.007703710813075304, 0.02678961493074894, -0.9996113777160645, 1.5673446655273438], [-0.9999291300773621, 0.008874031715095043, 0.00794398132711649, -0.0445556640625], [0.0, 0.0, 0.0, 1.0]], [[-0.9238193035125732, 0.3827981948852539, 0.004832542967051268, 1.0032958984375], [-0.003530533518642187, 0.0041037206538021564, -0.9999853372573853, 1.5472040176391602], [-0.38281241059303284, -0.9238228797912598, -0.002439614152535796, -0.10626220703125], [0.0, 0.0, 0.0, 1.0]]], "view": [[0.0, -2.0, 100.0], [-2.0, 0.0, 100.0], [0.0, 0.0, 1.0]], "bev": "bev_43c6195041194d409f66f756e9673dcb.png", "aux": "aux_43c6195041194d409f66f756e9673dcb.npz", "visibility": "visibility_43c6195041194d409f66f756e9673dcb.png", "pose": [[-0.6529681086540222, 0.7573854327201843, 0.0, 1060.2789306640625], [-0.7573854327201843, -0.6529681086540222, 0.0, 787.8836669921875], [0.0, 0.0, 1.0, 0.0], [0.0, 0.0, 0.0, 1.0]], "pose_inverse": [[-0.6529681086540222, -0.7573854327201843, 0.0, 1289.0599365234375], [0.7573854327201843, -0.6529681086540222, 0.0, -288.5768737792969], [0.0, 0.0, 1.0, 0.0], [0.0, 0.0, 0.0, 1.0]], "cam_ids": [0, 1, 2, 3, 4, 5], "cam_channels": ["CAM_FRONT_LEFT", "CAM_FRONT", "CAM_FRONT_RIGHT", "CAM_BACK_LEFT", "CAM_BACK", "CAM_BACK_RIGHT"], "token": "43c6195041194d409f66f756e9673dcb", "scene": "scene-0390"}, {"images": ["samples/CAM_FRONT_LEFT/n008-2018-08-31-11-56-46-0400__CAM_FRONT_LEFT__1535731123604799.jpg", "samples/CAM_FRONT/n008-2018-08-31-11-56-46-0400__CAM_FRONT__1535731123612404.jpg", "samples/CAM_FRONT_RIGHT/n008-2018-08-31-11-56-46-0400__CAM_FRONT_RIGHT__1535731123620482.jpg", "samples/CAM_BACK_LEFT/n008-2018-08-31-11-56-46-0400__CAM_BACK_LEFT__1535731123647405.jpg", "samples/CAM_BACK/n008-2018-08-31-11-56-46-0400__CAM_BACK__1535731123637558.jpg", "samples/CAM_BACK_RIGHT/n008-2018-08-31-11-56-46-0400__CAM_BACK_RIGHT__1535731123628113.jpg"], "intrinsics": [[[1257.8625342125129, 0.0, 827.2410631095686], [0.0, 1257.8625342125129, 450.915498205774], [0.0, 0.0, 1.0]], [[1252.8131021185304, 0.0, 826.588114781398], [0.0, 1252.8131021185304, 469.9846626224581], [0.0, 0.0, 1.0]], [[1256.7485116440405, 0.0, 817.7887570959712], [0.0, 1256.7485116440403, 451.9541780095127], [0.0, 0.0, 1.0]], [[1254.9860565800168, 0.0, 829.5769333630991], [0.0, 1254.9860565800168, 467.1680561863987], [0.0, 0.0, 1.0]], [[796.8910634503094, 0.0, 857.7774326863696], [0.0, 796.8910634503094, 476.8848988407415], [0.0, 0.0, 1.0]], [[1249.9629280788233, 0.0, 825.3768045375984], [0.0, 1249.9629280788233, 462.54816385708756], [0.0, 0.0, 1.0]]], "extrinsics": [[[0.8221994042396545, -0.5691563487052917, -0.007016468793153763, -0.7069091796875], [0.01175787951797247, 0.029307043179869652, -0.9995012879371643, 1.492525577545166], [0.5690782070159912, 0.8217068910598755, 0.030788304284214973, -1.128021240234375], [0.0, 0.0, 0.0, 1.0]], [[0.009836851619184017, -0.9996392726898193, -0.024992918595671654, 0.00860595703125], [0.013587725348770618, 0.025125445798039436, -0.9995920062065125, 1.4842233657836914], [0.9998592734336853, 0.009493265300989151, 0.013829978182911873, -1.4354248046875], [0.0, 0.0, 0.0, 1.0]], [[-0.8440793752670288, -0.5355432033538818, -0.026898857206106186, 0.89471435546875], [0.021476343274116516, 0.016359679400920868, -0.9996354579925537, 1.4980583190917969], [0.5357880592346191, -0.8443493843078613, -0.0023073593620210886, -1.15313720703125], [0.0, 0.0, 0.0, 1.0]], [[0.9478616118431091, 0.3186253011226654, 0.00601930869743228, -1.1358642578125], [-0.004183957818895578, 0.03132869675755501, -0.9995003938674927, 1.5620002746582031], [-0.3186546564102173, 0.9473628997802734, 0.0310283862054348, -0.158935546875], [0.0, 0.0, 0.0, 1.0]], [[0.009255904704332352, 0.9996721148490906, 0.023873530328273773, -0.028167724609375], [-0.0019010084215551615, 0.023892100900411606, -0.9997127056121826, 1.567887783050537], [-0.999955415725708, 0.009207852184772491, 0.0021215281449258327, -0.046142578125], [0.0, 0.0, 0.0, 1.0]], [[-0.9236233830451965, 0.3832974433898926, -0.0017087396699935198, 1.004638671875], [0.0023653500247746706, 0.0012417471734806895, -0.9999964237213135, 1.5482120513916016], [-0.3832939863204956, -0.9236241579055786, -0.0020535390358418226, -0.1083984375], [0.0, 0.0, 0.0, 1.0]]], "view": [[0.0, -2.0, 100.0], [-2.0, 0.0, 100.0], [0.0, 0.0, 1.0]], "bev": "bev_cfa35d3f73cb4642812f949a52b2a180.png", "aux": "aux_cfa35d3f73cb4642812f949a52b2a180.npz", "visibility": "visibility_cfa35d3f73cb4642812f949a52b2a180.png", "pose": [[-0.6492838263511658, 0.7605462074279785, 0.0, 1057.5357666015625], [-0.7605462074279785, -0.6492838263511658, 0.0, 784.7588500976562], [0.0, 0.0, 1.0, 0.0], [0.0, 0.0, 0.0, 1.0]], "pose_inverse": [[-0.6492838263511658, -0.7605462074279785, 0.0, 1283.4862060546875], [0.7605462074279785, -0.6492838263511658, 0.0, -294.7735900878906], [0.0, 0.0, 1.0, 0.0], [0.0, 0.0, 0.0, 1.0]], "cam_ids": [0, 1, 2, 3, 4, 5], "cam_channels": ["CAM_FRONT_LEFT", "CAM_FRONT", "CAM_FRONT_RIGHT", "CAM_BACK_LEFT", "CAM_BACK", "CAM_BACK_RIGHT"], "token": "cfa35d3f73cb4642812f949a52b2a180", "scene": "scene-0390"}, {"images": ["samples/CAM_FRONT_LEFT/n008-2018-08-31-11-56-46-0400__CAM_FRONT_LEFT__1535731124104799.jpg", "samples/CAM_FRONT/n008-2018-08-31-11-56-46-0400__CAM_FRONT__1535731124112404.jpg", "samples/CAM_FRONT_RIGHT/n008-2018-08-31-11-56-46-0400__CAM_FRONT_RIGHT__1535731124120482.jpg", "samples/CAM_BACK_LEFT/n008-2018-08-31-11-56-46-0400__CAM_BACK_LEFT__1535731124147405.jpg", "samples/CAM_BACK/n008-2018-08-31-11-56-46-0400__CAM_BACK__1535731124137558.jpg", "samples/CAM_BACK_RIGHT/n008-2018-08-31-11-56-46-0400__CAM_BACK_RIGHT__1535731124128113.jpg"], "intrinsics": [[[1257.8625342125129, 0.0, 827.2410631095686], [0.0, 1257.8625342125129, 450.915498205774], [0.0, 0.0, 1.0]], [[1252.8131021185304, 0.0, 826.588114781398], [0.0, 1252.8131021185304, 469.9846626224581], [0.0, 0.0, 1.0]], [[1256.7485116440405, 0.0, 817.7887570959712], [0.0, 1256.7485116440403, 451.9541780095127], [0.0, 0.0, 1.0]], [[1254.9860565800168, 0.0, 829.5769333630991], [0.0, 1254.9860565800168, 467.1680561863987], [0.0, 0.0, 1.0]], [[796.8910634503094, 0.0, 857.7774326863696], [0.0, 796.8910634503094, 476.8848988407415], [0.0, 0.0, 1.0]], [[1249.9629280788233, 0.0, 825.3768045375984], [0.0, 1249.9629280788233, 462.54816385708756], [0.0, 0.0, 1.0]]], "extrinsics": [[[0.8227105736732483, -0.5683783292770386, -0.009664077311754227, -0.70263671875], [0.009884044528007507, 0.03130059316754341, -0.9994611740112305, 1.491790533065796], [0.568374514579773, 0.8221717476844788, 0.03136920928955078, -1.1287841796875], [0.0, 0.0, 0.0, 1.0]], [[0.010687618516385555, -0.9995781183242798, -0.02700570411980152, 0.011566162109375], [0.01175499428063631, 0.0271309744566679, -0.9995627999305725, 1.4836435317993164], [0.9998738169670105, 0.010365461930632591, 0.012040002271533012, -1.432373046875], [0.0, 0.0, 0.0, 1.0]], [[-0.843716561794281, -0.5361354351043701, -0.026479395106434822, 0.89276123046875], [0.019692793488502502, 0.018380900844931602, -0.9996370673179626, 1.4976749420166016], [0.5364275574684143, -0.8439319133758545, -0.004950266797095537, -1.14910888671875], [0.0, 0.0, 0.0, 1.0]], [[0.9478453993797302, 0.31869304180145264, 0.0048849573358893394, -1.1328125], [-0.006039531901478767, 0.03328188136219978, -0.9994277358055115, 1.5619754791259766], [-0.3186732828617096, 0.9472734928131104, 0.03347083553671837, -0.15985107421875], [0.0, 0.0, 0.0, 1.0]], [[0.008978551253676414, 0.9996270537376404, 0.0257903803139925, -0.028961181640625], [-0.0037275247741490602, 0.025824695825576782, -0.9996594786643982, 1.56768798828125], [-0.9999526739120483, 0.008879336528480053, 0.003958001732826233, -0.049560546875], [0.0, 0.0, 0.0, 1.0]], [[-0.9238411784172058, 0.3827751874923706, 0.0007028926629573107, 1.0008544921875], [0.0005778297781944275, 0.003230907954275608, -0.9999945759773254, 1.5479063987731934], [-0.38277536630630493, -0.923835813999176, -0.0032060248777270317, -0.108184814453125], [0.0, 0.0, 0.0, 1.0]]], "view": [[0.0, -2.0, 100.0], [-2.0, 0.0, 100.0], [0.0, 0.0, 1.0]], "bev": "bev_9ce1e1c6c6c340fdb13344fe617d5793.png", "aux": "aux_9ce1e1c6c6c340fdb13344fe617d5793.npz", "visibility": "visibility_9ce1e1c6c6c340fdb13344fe617d5793.png", "pose": [[-0.6451709270477295, 0.7640382647514343, 0.0, 1054.8521728515625], [-0.7640382647514343, -0.6451709270477295, 0.0, 781.6402587890625], [0.0, 0.0, 1.0, 0.0], [0.0, 0.0, 0.0, 1.0]], "pose_inverse": [[-0.6451709270477295, -0.7640382647514343, 0.0, 1277.7630615234375], [0.7640382647514343, -0.6451709270477295, 0.0, -301.6558837890625], [0.0, 0.0, 1.0, 0.0], [0.0, 0.0, 0.0, 1.0]], "cam_ids": [0, 1, 2, 3, 4, 5], "cam_channels": ["CAM_FRONT_LEFT", "CAM_FRONT", "CAM_FRONT_RIGHT", "CAM_BACK_LEFT", "CAM_BACK", "CAM_BACK_RIGHT"], "token": "9ce1e1c6c6c340fdb13344fe617d5793", "scene": "scene-0390"}, {"images": ["samples/CAM_FRONT_LEFT/n008-2018-08-31-11-56-46-0400__CAM_FRONT_LEFT__1535731124654799.jpg", "samples/CAM_FRONT/n008-2018-08-31-11-56-46-0400__CAM_FRONT__1535731124662404.jpg", "samples/CAM_FRONT_RIGHT/n008-2018-08-31-11-56-46-0400__CAM_FRONT_RIGHT__1535731124670482.jpg", "samples/CAM_BACK_LEFT/n008-2018-08-31-11-56-46-0400__CAM_BACK_LEFT__1535731124697405.jpg", "samples/CAM_BACK/n008-2018-08-31-11-56-46-0400__CAM_BACK__1535731124687558.jpg", "samples/CAM_BACK_RIGHT/n008-2018-08-31-11-56-46-0400__CAM_BACK_RIGHT__1535731124678113.jpg"], "intrinsics": [[[1257.8625342125129, 0.0, 827.2410631095686], [0.0, 1257.8625342125129, 450.915498205774], [0.0, 0.0, 1.0]], [[1252.8131021185304, 0.0, 826.588114781398], [0.0, 1252.8131021185304, 469.9846626224581], [0.0, 0.0, 1.0]], [[1256.7485116440405, 0.0, 817.7887570959712], [0.0, 1256.7485116440403, 451.9541780095127], [0.0, 0.0, 1.0]], [[1254.9860565800168, 0.0, 829.5769333630991], [0.0, 1254.9860565800168, 467.1680561863987], [0.0, 0.0, 1.0]], [[796.8910634503094, 0.0, 857.7774326863696], [0.0, 796.8910634503094, 476.8848988407415], [0.0, 0.0, 1.0]], [[1249.9629280788233, 0.0, 825.3768045375984], [0.0, 1249.9629280788233, 462.54816385708756], [0.0, 0.0, 1.0]]], "extrinsics": [[[0.8219053745269775, -0.5695000886917114, -0.011882656253874302, -0.6923828125], [0.0065381573513150215, 0.03029095008969307, -0.9995197653770447, 1.4906988143920898], [0.569586455821991, 0.8214330673217773, 0.02861977554857731, -1.11956787109375], [0.0, 0.0, 0.0, 1.0]], [[0.009308521635830402, -0.9996144771575928, -0.02615688182413578, 0.01019287109375], [0.008459673263132572, 0.026235803961753845, -0.9996200203895569, 1.482771635055542], [0.9999209046363831, 0.00908377394080162, 0.008700630627572536, -1.421142578125], [0.0, 0.0, 0.0, 1.0]], [[-0.8443911075592041, -0.5352180600166321, -0.0233530942350626, 0.8846435546875], [0.01647396758198738, 0.017629867419600487, -0.9997088313102722, 1.4970827102661133], [0.5354740023612976, -0.8445299863815308, -0.00606933981180191, -1.14532470703125], [0.0, 0.0, 0.0, 1.0]], [[0.9478784799575806, 0.3186260759830475, 0.0019706895109266043, -1.130615234375], [-0.009103119373321533, 0.033262088894844055, -0.9994052052497864, 1.5619163513183594], [-0.3185020983219147, 0.9472967386245728, 0.034428905695676804, -0.16058349609375], [0.0, 0.0, 0.0, 1.0]], [[0.009511848911643028, 0.9996285438537598, 0.025540791451931, -0.028411865234375], [-0.006872716825455427, 0.02560669742524624, -0.99964839220047, 1.5673742294311523], [-0.9999312162399292, 0.009332868270576, 0.007113730534911156, -0.053955078125], [0.0, 0.0, 0.0, 1.0]], [[-0.9235135316848755, 0.38354936242103577, 0.0035302431788295507, 0.994384765625], [-0.002690213965252042, 0.002726553240790963, -0.9999926686286926, 1.5473265647888184], [-0.38355618715286255, -0.9235163331031799, -0.0014861782547086477, -0.11175537109375], [0.0, 0.0, 0.0, 1.0]]], "view": [[0.0, -2.0, 100.0], [-2.0, 0.0, 100.0], [0.0, 0.0, 1.0]], "bev": "bev_4cfc5784f967420f8940910853f63836.png", "aux": "aux_4cfc5784f967420f8940910853f63836.npz", "visibility": "visibility_4cfc5784f967420f8940910853f63836.png", "pose": [[-0.6351752877235413, 0.7723680138587952, 0.0, 1051.8724365234375], [-0.7723680138587952, -0.6351752877235413, 0.0, 778.1329345703125], [0.0, 0.0, 1.0, 0.0], [0.0, 0.0, 0.0, 1.0]], "pose_inverse": [[-0.6351752877235413, -0.7723680138587952, 0.0, 1269.12841796875], [0.7723680138587952, -0.6351752877235413, 0.0, -318.1818542480469], [0.0, 0.0, 1.0, 0.0], [0.0, 0.0, 0.0, 1.0]], "cam_ids": [0, 1, 2, 3, 4, 5], "cam_channels": ["CAM_FRONT_LEFT", "CAM_FRONT", "CAM_FRONT_RIGHT", "CAM_BACK_LEFT", "CAM_BACK", "CAM_BACK_RIGHT"], "token": "4cfc5784f967420f8940910853f63836", "scene": "scene-0390"}, {"images": ["samples/CAM_FRONT_LEFT/n008-2018-08-31-11-56-46-0400__CAM_FRONT_LEFT__1535731125154799.jpg", "samples/CAM_FRONT/n008-2018-08-31-11-56-46-0400__CAM_FRONT__1535731125162404.jpg", "samples/CAM_FRONT_RIGHT/n008-2018-08-31-11-56-46-0400__CAM_FRONT_RIGHT__1535731125170482.jpg", "samples/CAM_BACK_LEFT/n008-2018-08-31-11-56-46-0400__CAM_BACK_LEFT__1535731125197424.jpg", "samples/CAM_BACK/n008-2018-08-31-11-56-46-0400__CAM_BACK__1535731125187558.jpg", "samples/CAM_BACK_RIGHT/n008-2018-08-31-11-56-46-0400__CAM_BACK_RIGHT__1535731125178113.jpg"], "intrinsics": [[[1257.8625342125129, 0.0, 827.2410631095686], [0.0, 1257.8625342125129, 450.915498205774], [0.0, 0.0, 1.0]], [[1252.8131021185304, 0.0, 826.588114781398], [0.0, 1252.8131021185304, 469.9846626224581], [0.0, 0.0, 1.0]], [[1256.7485116440405, 0.0, 817.7887570959712], [0.0, 1256.7485116440403, 451.9541780095127], [0.0, 0.0, 1.0]], [[1254.9860565800168, 0.0, 829.5769333630991], [0.0, 1254.9860565800168, 467.1680561863987], [0.0, 0.0, 1.0]], [[796.8910634503094, 0.0, 857.7774326863696], [0.0, 796.8910634503094, 476.8848988407415], [0.0, 0.0, 1.0]], [[1249.9629280788233, 0.0, 825.3768045375984], [0.0, 1249.9629280788233, 462.54816385708756], [0.0, 0.0, 1.0]]], "extrinsics": [[[0.8220458030700684, -0.5692397356033325, -0.014384238980710506, -0.6978759765625], [0.007010962348431349, 0.035377386957407, -0.9993494749069214, 1.4908151626586914], [0.5693781971931458, 0.8214101195335388, 0.03307275101542473, -1.12353515625], [0.0, 0.0, 0.0, 1.0]], [[0.009542517364025116, -0.9994681477546692, -0.03118165209889412, 0.0103759765625], [0.008758874610066414, 0.031265418976545334, -0.9994727373123169, 1.482801079750061], [0.9999160170555115, 0.009264333173632622, 0.009052567183971405, -1.4263916015625], [0.0, 0.0, 0.0, 1.0]], [[-0.8442752957344055, -0.535278856754303, -0.02599315717816353, 0.8880615234375], [0.016497483476996422, 0.022520236670970917, -0.9996102452278137, 1.4970111846923828], [0.5356556177139282, -0.8443751335144043, -0.010182525962591171, -1.147216796875], [0.0, 0.0, 0.0, 1.0]], [[0.9478634595870972, 0.31866782903671265, 0.002386481035500765, -1.132080078125], [-0.010021730326116085, 0.03729253634810448, -0.9992541074752808, 1.5619163513183594], [-0.31851926445961, 0.9471325278282166, 0.03854183480143547, -0.16009521484375], [0.0, 0.0, 0.0, 1.0]], [[0.009404587559401989, 0.9995104670524597, 0.02983967773616314, -0.028564453125], [-0.007484009489417076, 0.029910514131188393, -0.9995245337486267, 1.5673236846923828], [-0.9999276995658875, 0.009176842868328094, 0.007761640008538961, -0.0521240234375], [0.0, 0.0, 0.0, 1.0]], [[-0.9235867261886597, 0.3833499252796173, 0.005503850523382425, 0.9969482421875], [-0.002912222407758236, 0.007340520154684782, -0.9999688267707825, 1.5472888946533203], [-0.38337841629981995, -0.9235739707946777, -0.005663206335157156, -0.110321044921875], [0.0, 0.0, 0.0, 1.0]]], "view": [[0.0, -2.0, 100.0], [-2.0, 0.0, 100.0], [0.0, 0.0, 1.0]], "bev": "bev_159f4553d9b64c88902d53e8a6f3d512.png", "aux": "aux_159f4553d9b64c88902d53e8a6f3d512.npz", "visibility": "visibility_159f4553d9b64c88902d53e8a6f3d512.png", "pose": [[-0.6270490884780884, 0.7789797186851501, 0.0, 1049.199462890625], [-0.7789797186851501, -0.6270490884780884, 0.0, 774.897705078125], [0.0, 0.0, 1.0, 0.0], [0.0, 0.0, 0.0, 1.0]], "pose_inverse": [[-0.6270490884780884, -0.7789797186851501, 0.0, 1261.5291748046875], [0.7789797186851501, -0.6270490884780884, 0.0, -331.4062194824219], [0.0, 0.0, 1.0, 0.0], [0.0, 0.0, 0.0, 1.0]], "cam_ids": [0, 1, 2, 3, 4, 5], "cam_channels": ["CAM_FRONT_LEFT", "CAM_FRONT", "CAM_FRONT_RIGHT", "CAM_BACK_LEFT", "CAM_BACK", "CAM_BACK_RIGHT"], "token": "159f4553d9b64c88902d53e8a6f3d512", "scene": "scene-0390"}, {"images": ["samples/CAM_FRONT_LEFT/n008-2018-08-31-11-56-46-0400__CAM_FRONT_LEFT__1535731125654799.jpg", "samples/CAM_FRONT/n008-2018-08-31-11-56-46-0400__CAM_FRONT__1535731125662404.jpg", "samples/CAM_FRONT_RIGHT/n008-2018-08-31-11-56-46-0400__CAM_FRONT_RIGHT__1535731125670482.jpg", "samples/CAM_BACK_LEFT/n008-2018-08-31-11-56-46-0400__CAM_BACK_LEFT__1535731125697405.jpg", "samples/CAM_BACK/n008-2018-08-31-11-56-46-0400__CAM_BACK__1535731125687558.jpg", "samples/CAM_BACK_RIGHT/n008-2018-08-31-11-56-46-0400__CAM_BACK_RIGHT__1535731125678113.jpg"], "intrinsics": [[[1257.8625342125129, 0.0, 827.2410631095686], [0.0, 1257.8625342125129, 450.915498205774], [0.0, 0.0, 1.0]], [[1252.8131021185304, 0.0, 826.588114781398], [0.0, 1252.8131021185304, 469.9846626224581], [0.0, 0.0, 1.0]], [[1256.7485116440405, 0.0, 817.7887570959712], [0.0, 1256.7485116440403, 451.9541780095127], [0.0, 0.0, 1.0]], [[1254.9860565800168, 0.0, 829.5769333630991], [0.0, 1254.9860565800168, 467.1680561863987], [0.0, 0.0, 1.0]], [[796.8910634503094, 0.0, 857.7774326863696], [0.0, 796.8910634503094, 476.8848988407415], [0.0, 0.0, 1.0]], [[1249.9629280788233, 0.0, 825.3768045375984], [0.0, 1249.9629280788233, 462.54816385708756], [0.0, 0.0, 1.0]]], "extrinsics": [[[0.8225170969963074, -0.5685746669769287, -0.013733264058828354, -0.6927490234375], [0.003903515636920929, 0.029789883643388748, -0.9995485544204712, 1.4895672798156738], [0.5687270760536194, 0.8220921754837036, 0.026722127571702003, -1.125274658203125], [0.0, 0.0, 0.0, 1.0]], [[0.010253796353936195, -0.9996222257614136, -0.025498155504465103, 0.013824462890625], [0.005950074642896652, 0.025560038164258003, -0.999655544757843, 1.4818729162216187], [0.999929666519165, 0.010098560713231564, 0.006209914572536945, -1.4254150390625], [0.0, 0.0, 0.0, 1.0]], [[-0.843972384929657, -0.5359820127487183, -0.020834526047110558, 0.89068603515625], [0.014040812849998474, 0.016753345727920532, -0.9997610449790955, 1.4963674545288086], [0.5362029671669006, -0.8440632820129395, -0.006613738834857941, -1.14569091796875], [0.0, 0.0, 0.0, 1.0]], [[0.9478607773780823, 0.3186838626861572, -0.0008030458120629191, -1.133056640625], [-0.011468466371297836, 0.03159218281507492, -0.9994350671768188, 1.5619087219238281], [-0.31847843527793884, 0.9473344683647156, 0.03359980136156082, -0.15997314453125], [0.0, 0.0, 0.0, 1.0]], [[0.009177369065582752, 0.9996671080589294, 0.02411591447889805, -0.029541015625], [-0.009372600354254246, 0.02420186623930931, -0.9996631145477295, 1.5671405792236328], [-0.9999139904975891, 0.008948251605033875, 0.009591588750481606, -0.05029296875], [0.0, 0.0, 0.0, 1.0]], [[-0.9237793684005737, 0.38288694620132446, 0.005405329167842865, 0.998779296875], [-0.0051838066428899765, 0.0016102840891107917, -0.9999852776527405, 1.5469069480895996], [-0.38289007544517517, -0.9237937927246094, 0.0004972644383087754, -0.10748291015625], [0.0, 0.0, 0.0, 1.0]]], "view": [[0.0, -2.0, 100.0], [-2.0, 0.0, 100.0], [0.0, 0.0, 1.0]], "bev": "bev_304ee228e0ec406a933d23236f8fc5e7.png", "aux": "aux_304ee228e0ec406a933d23236f8fc5e7.npz", "visibility": "visibility_304ee228e0ec406a933d23236f8fc5e7.png", "pose": [[-0.624408483505249, 0.7810980081558228, 0.0, 1046.4952392578125], [-0.7810980081558228, -0.624408483505249, 0.0, 771.6007690429688], [0.0, 0.0, 1.0, 0.0], [0.0, 0.0, 0.0, 1.0]], "pose_inverse": [[-0.624408483505249, -0.7810980081558228, 0.0, 1256.1363525390625], [0.7810980081558228, -0.624408483505249, 0.0, -335.62127685546875], [0.0, 0.0, 1.0, 0.0], [0.0, 0.0, 0.0, 1.0]], "cam_ids": [0, 1, 2, 3, 4, 5], "cam_channels": ["CAM_FRONT_LEFT", "CAM_FRONT", "CAM_FRONT_RIGHT", "CAM_BACK_LEFT", "CAM_BACK", "CAM_BACK_RIGHT"], "token": "304ee228e0ec406a933d23236f8fc5e7", "scene": "scene-0390"}, {"images": ["samples/CAM_FRONT_LEFT/n008-2018-08-31-11-56-46-0400__CAM_FRONT_LEFT__1535731126154799.jpg", "samples/CAM_FRONT/n008-2018-08-31-11-56-46-0400__CAM_FRONT__1535731126162404.jpg", "samples/CAM_FRONT_RIGHT/n008-2018-08-31-11-56-46-0400__CAM_FRONT_RIGHT__1535731126170482.jpg", "samples/CAM_BACK_LEFT/n008-2018-08-31-11-56-46-0400__CAM_BACK_LEFT__1535731126197405.jpg", "samples/CAM_BACK/n008-2018-08-31-11-56-46-0400__CAM_BACK__1535731126187558.jpg", "samples/CAM_BACK_RIGHT/n008-2018-08-31-11-56-46-0400__CAM_BACK_RIGHT__1535731126178113.jpg"], "intrinsics": [[[1257.8625342125129, 0.0, 827.2410631095686], [0.0, 1257.8625342125129, 450.915498205774], [0.0, 0.0, 1.0]], [[1252.8131021185304, 0.0, 826.588114781398], [0.0, 1252.8131021185304, 469.9846626224581], [0.0, 0.0, 1.0]], [[1256.7485116440405, 0.0, 817.7887570959712], [0.0, 1256.7485116440403, 451.9541780095127], [0.0, 0.0, 1.0]], [[1254.9860565800168, 0.0, 829.5769333630991], [0.0, 1254.9860565800168, 467.1680561863987], [0.0, 0.0, 1.0]], [[796.8910634503094, 0.0, 857.7774326863696], [0.0, 796.8910634503094, 476.8848988407415], [0.0, 0.0, 1.0]], [[1249.9629280788233, 0.0, 825.3768045375984], [0.0, 1249.9629280788233, 462.54816385708756], [0.0, 0.0, 1.0]]], "extrinsics": [[[0.8222663998603821, -0.5688679218292236, -0.016352154314517975, -0.69873046875], [0.00020259979646652937, 0.029025817289948463, -0.9995786547660828, 1.4882783889770508], [0.5691027641296387, 0.8219166398048401, 0.023982204496860504, -1.12506103515625], [0.0, 0.0, 0.0, 1.0]], [[0.009716406464576721, -0.9996411800384521, -0.024960150942206383, 0.010833740234375], [0.0019414013950154185, 0.02498014271259308, -0.999686062335968, 1.480696678161621], [0.9999508857727051, 0.009664841927587986, 0.0021834203507751226, -1.42822265625], [0.0, 0.0, 0.0, 1.0]], [[-0.8443393707275391, -0.5355398058891296, -0.01697607710957527, 0.89019775390625], [0.009729241020977497, 0.01635400764644146, -0.9998189210891724, 1.4953646659851074], [0.5357204079627991, -0.8443517088890076, -0.008597937412559986, -1.14813232421875], [0.0, 0.0, 0.0, 1.0]], [[0.9478539228439331, 0.31866028904914856, -0.0053483848460018635, -1.1337890625], [-0.01624547503888607, 0.03154870867729187, -0.9993701577186584, 1.561868667602539], [-0.3182908594608307, 0.9473437666893005, 0.035080354660749435, -0.15960693359375], [0.0, 0.0, 0.0, 1.0]], [[0.009575322270393372, 0.9996678829193115, 0.023923376575112343, -0.02862548828125], [-0.013966672122478485, 0.02405584417283535, -0.9996130466461182, 1.566732406616211], [-0.9998566508293152, 0.00923751387745142, 0.014192376285791397, -0.0496826171875], [0.0, 0.0, 0.0, 1.0]], [[-0.9235395789146423, 0.38338980078697205, 0.009314998984336853, 0.9990234375], [-0.009534676559269428, 0.0013274106895551085, -0.9999536871910095, 1.5461502075195312], [-0.38338443636894226, -0.9235856533050537, 0.00242958078160882, -0.1092681884765625], [0.0, 0.0, 0.0, 1.0]]], "view": [[0.0, -2.0, 100.0], [-2.0, 0.0, 100.0], [0.0, 0.0, 1.0]], "bev": "bev_a19257e39a9149d0a9793bbeb7508698.png", "aux": "aux_a19257e39a9149d0a9793bbeb7508698.npz", "visibility": "visibility_a19257e39a9149d0a9793bbeb7508698.png", "pose": [[-0.621917188167572, 0.7830830216407776, 0.0, 1043.805908203125], [-0.7830830216407776, -0.621917188167572, 0.0, 768.2626342773438], [0.0, 0.0, 1.0, 0.0], [0.0, 0.0, 0.0, 1.0]], "pose_inverse": [[-0.621917188167572, -0.7830830216407776, 0.0, 1250.7742919921875], [0.7830830216407776, -0.621917188167572, 0.0, -339.5909118652344], [0.0, 0.0, 1.0, 0.0], [0.0, 0.0, 0.0, 1.0]], "cam_ids": [0, 1, 2, 3, 4, 5], "cam_channels": ["CAM_FRONT_LEFT", "CAM_FRONT", "CAM_FRONT_RIGHT", "CAM_BACK_LEFT", "CAM_BACK", "CAM_BACK_RIGHT"], "token": "a19257e39a9149d0a9793bbeb7508698", "scene": "scene-0390"}, {"images": ["samples/CAM_FRONT_LEFT/n008-2018-08-31-11-56-46-0400__CAM_FRONT_LEFT__1535731126654799.jpg", "samples/CAM_FRONT/n008-2018-08-31-11-56-46-0400__CAM_FRONT__1535731126662404.jpg", "samples/CAM_FRONT_RIGHT/n008-2018-08-31-11-56-46-0400__CAM_FRONT_RIGHT__1535731126670482.jpg", "samples/CAM_BACK_LEFT/n008-2018-08-31-11-56-46-0400__CAM_BACK_LEFT__1535731126697405.jpg", "samples/CAM_BACK/n008-2018-08-31-11-56-46-0400__CAM_BACK__1535731126687558.jpg", "samples/CAM_BACK_RIGHT/n008-2018-08-31-11-56-46-0400__CAM_BACK_RIGHT__1535731126678113.jpg"], "intrinsics": [[[1257.8625342125129, 0.0, 827.2410631095686], [0.0, 1257.8625342125129, 450.915498205774], [0.0, 0.0, 1.0]], [[1252.8131021185304, 0.0, 826.588114781398], [0.0, 1252.8131021185304, 469.9846626224581], [0.0, 0.0, 1.0]], [[1256.7485116440405, 0.0, 817.7887570959712], [0.0, 1256.7485116440403, 451.9541780095127], [0.0, 0.0, 1.0]], [[1254.9860565800168, 0.0, 829.5769333630991], [0.0, 1254.9860565800168, 467.1680561863987], [0.0, 0.0, 1.0]], [[796.8910634503094, 0.0, 857.7774326863696], [0.0, 796.8910634503094, 476.8848988407415], [0.0, 0.0, 1.0]], [[1249.9629280788233, 0.0, 825.3768045375984], [0.0, 1249.9629280788233, 462.54816385708756], [0.0, 0.0, 1.0]]], "extrinsics": [[[0.8230322599411011, -0.5677036643028259, -0.018178027123212814, -0.6900634765625], [-0.0034467761870473623, 0.027011411264538765, -0.9996291399002075, 1.4868202209472656], [0.5679841637611389, 0.8227896690368652, 0.020274514332413673, -1.12347412109375], [0.0, 0.0, 0.0, 1.0]], [[0.010967163369059563, -0.999682605266571, -0.02267926186323166, 0.013916015625], [-0.001536893891170621, 0.022663747891783714, -0.9997419714927673, 1.4795684814453125], [0.9999386668205261, 0.01099914126098156, -0.0012878492707386613, -1.4228515625], [0.0, 0.0, 0.0, 1.0]], [[-0.8437513709068298, -0.5365815162658691, -0.012806721031665802, 0.88916015625], [0.006436972878873348, 0.013742630369961262, -0.999884843826294, 1.4945685863494873], [0.536695659160614, -0.8437366485595703, -0.008141403086483479, -1.14447021484375], [0.0, 0.0, 0.0, 1.0]], [[0.9478190541267395, 0.31868070363998413, -0.009036136791110039, -1.138916015625], [-0.01903066225349903, 0.028262561187148094, -0.9994193315505981, 1.5619449615478516], [-0.31824034452438354, 0.9474406242370605, 0.032852500677108765, -0.1578369140625], [0.0, 0.0, 0.0, 1.0]], [[0.009117238223552704, 0.9997425675392151, 0.020777935162186623, -0.029541015625], [-0.01695333607494831, 0.020930351689457893, -0.9996371269226074, 1.566476821899414], [-0.9998146891593933, 0.008761605247855186, 0.017139798030257225, -0.04736328125], [0.0, 0.0, 0.0, 1.0]], [[-0.923884928226471, 0.3825083374977112, 0.011133064515888691, 0.9981689453125], [-0.012687981128692627, -0.0015426620375365019, -0.9999183416366577, 1.5455989837646484], [-0.3824598789215088, -0.9239507913589478, 0.00627850042656064, -0.107696533203125], [0.0, 0.0, 0.0, 1.0]]], "view": [[0.0, -2.0, 100.0], [-2.0, 0.0, 100.0], [0.0, 0.0, 1.0]], "bev": "bev_ae851a4ffc9042928b95a3da89f4a3cd.png", "aux": "aux_ae851a4ffc9042928b95a3da89f4a3cd.npz", "visibility": "visibility_ae851a4ffc9042928b95a3da89f4a3cd.png", "pose": [[-0.6225812435150146, 0.7825551629066467, 0.0, 1041.1051025390625], [-0.7825551629066467, -0.6225812435150146, 0.0, 764.947021484375], [0.0, 0.0, 1.0, 0.0], [0.0, 0.0, 0.0, 1.0]], "pose_inverse": [[-0.6225812435150146, -0.7825551629066467, 0.0, 1246.7857666015625], [0.7825551629066467, -0.6225812435150146, 0.0, -338.4805603027344], [0.0, 0.0, 1.0, 0.0], [0.0, 0.0, 0.0, 1.0]], "cam_ids": [0, 1, 2, 3, 4, 5], "cam_channels": ["CAM_FRONT_LEFT", "CAM_FRONT", "CAM_FRONT_RIGHT", "CAM_BACK_LEFT", "CAM_BACK", "CAM_BACK_RIGHT"], "token": "ae851a4ffc9042928b95a3da89f4a3cd", "scene": "scene-0390"}, {"images": ["samples/CAM_FRONT_LEFT/n008-2018-08-31-11-56-46-0400__CAM_FRONT_LEFT__1535731127154799.jpg", "samples/CAM_FRONT/n008-2018-08-31-11-56-46-0400__CAM_FRONT__1535731127162404.jpg", "samples/CAM_FRONT_RIGHT/n008-2018-08-31-11-56-46-0400__CAM_FRONT_RIGHT__1535731127170482.jpg", "samples/CAM_BACK_LEFT/n008-2018-08-31-11-56-46-0400__CAM_BACK_LEFT__1535731127197405.jpg", "samples/CAM_BACK/n008-2018-08-31-11-56-46-0400__CAM_BACK__1535731127187558.jpg", "samples/CAM_BACK_RIGHT/n008-2018-08-31-11-56-46-0400__CAM_BACK_RIGHT__1535731127178113.jpg"], "intrinsics": [[[1257.8625342125129, 0.0, 827.2410631095686], [0.0, 1257.8625342125129, 450.915498205774], [0.0, 0.0, 1.0]], [[1252.8131021185304, 0.0, 826.588114781398], [0.0, 1252.8131021185304, 469.9846626224581], [0.0, 0.0, 1.0]], [[1256.7485116440405, 0.0, 817.7887570959712], [0.0, 1256.7485116440403, 451.9541780095127], [0.0, 0.0, 1.0]], [[1254.9860565800168, 0.0, 829.5769333630991], [0.0, 1254.9860565800168, 467.1680561863987], [0.0, 0.0, 1.0]], [[796.8910634503094, 0.0, 857.7774326863696], [0.0, 796.8910634503094, 476.8848988407415], [0.0, 0.0, 1.0]], [[1249.9629280788233, 0.0, 825.3768045375984], [0.0, 1249.9629280788233, 462.54816385708756], [0.0, 0.0, 1.0]]], "extrinsics": [[[0.8229331374168396, -0.5680232644081116, -0.011427418328821659, -0.69921875], [0.00457539688795805, 0.026739146560430527, -0.9996320009231567, 1.4899694919586182], [0.5681197643280029, 0.8225780129432678, 0.02460346184670925, -1.12335205078125], [0.0, 0.0, 0.0, 1.0]], [[0.01078800018876791, -0.9996833801269531, -0.022733112797141075, 0.00927734375], [0.0065571921877563, 0.02280467376112938, -0.999718427658081, 1.482142686843872], [0.9999203085899353, 0.010635966435074806, 0.006801133044064045, -1.43115234375], [0.0, 0.0, 0.0, 1.0]], [[-0.8437933921813965, -0.5362961888313293, -0.019977089017629623, 0.894775390625], [0.01459736842662096, 0.014275248162448406, -0.9997915625572205, 1.4964580535888672], [0.536469578742981, -0.8439090847969055, -0.004216846544295549, -1.15264892578125], [0.0, 0.0, 0.0, 1.0]], [[0.9478669762611389, 0.3186658024787903, -0.0005401451489888132, -1.1446533203125], [-0.010660630650818348, 0.030015738680958748, -0.9994925856590271, 1.5620536804199219], [-0.31848791241645813, 0.9473917484283447, 0.031848106533288956, -0.15582275390625], [0.0, 0.0, 0.0, 1.0]], [[0.009090268053114414, 0.9997129440307617, 0.02216999977827072, -0.02801513671875], [-0.008631229400634766, 0.022248534485697746, -0.9997151494026184, 1.5673389434814453], [-0.999921441078186, 0.008896458894014359, 0.008830997161567211, -0.03955078125], [0.0, 0.0, 0.0, 1.0]], [[-0.9238411784172058, 0.38275542855262756, 0.00394915696233511, 1.0078125], [-0.004543124232441187, -0.0006479605217464268, -0.9999894499778748, 1.5470609664916992], [-0.3827488124370575, -0.9238494634628296, 0.002337518148124218, -0.10693359375], [0.0, 0.0, 0.0, 1.0]]], "view": [[0.0, -2.0, 100.0], [-2.0, 0.0, 100.0], [0.0, 0.0, 1.0]], "bev": "bev_c9c3899df13b4a13a2de10655837e678.png", "aux": "aux_c9c3899df13b4a13a2de10655837e678.npz", "visibility": "visibility_c9c3899df13b4a13a2de10655837e678.png", "pose": [[-0.6267436742782593, 0.7792254686355591, 0.0, 1038.395263671875], [-0.7792254686355591, -0.6267436742782593, 0.0, 761.5845336914062], [0.0, 0.0, 1.0, 0.0], [0.0, 0.0, 0.0, 1.0]], "pose_inverse": [[-0.6267436742782593, -0.7792254686355591, 0.0, 1244.2537841796875], [0.7792254686355591, -0.6267436742782593, 0.0, -331.8257751464844], [0.0, 0.0, 1.0, 0.0], [0.0, 0.0, 0.0, 1.0]], "cam_ids": [0, 1, 2, 3, 4, 5], "cam_channels": ["CAM_FRONT_LEFT", "CAM_FRONT", "CAM_FRONT_RIGHT", "CAM_BACK_LEFT", "CAM_BACK", "CAM_BACK_RIGHT"], "token": "c9c3899df13b4a13a2de10655837e678", "scene": "scene-0390"}, {"images": ["samples/CAM_FRONT_LEFT/n008-2018-08-31-11-56-46-0400__CAM_FRONT_LEFT__1535731127654799.jpg", "samples/CAM_FRONT/n008-2018-08-31-11-56-46-0400__CAM_FRONT__1535731127662404.jpg", "samples/CAM_FRONT_RIGHT/n008-2018-08-31-11-56-46-0400__CAM_FRONT_RIGHT__1535731127670482.jpg", "samples/CAM_BACK_LEFT/n008-2018-08-31-11-56-46-0400__CAM_BACK_LEFT__1535731127697405.jpg", "samples/CAM_BACK/n008-2018-08-31-11-56-46-0400__CAM_BACK__1535731127687558.jpg", "samples/CAM_BACK_RIGHT/n008-2018-08-31-11-56-46-0400__CAM_BACK_RIGHT__1535731127678113.jpg"], "intrinsics": [[[1257.8625342125129, 0.0, 827.2410631095686], [0.0, 1257.8625342125129, 450.915498205774], [0.0, 0.0, 1.0]], [[1252.8131021185304, 0.0, 826.588114781398], [0.0, 1252.8131021185304, 469.9846626224581], [0.0, 0.0, 1.0]], [[1256.7485116440405, 0.0, 817.7887570959712], [0.0, 1256.7485116440403, 451.9541780095127], [0.0, 0.0, 1.0]], [[1254.9860565800168, 0.0, 829.5769333630991], [0.0, 1254.9860565800168, 467.1680561863987], [0.0, 0.0, 1.0]], [[796.8910634503094, 0.0, 857.7774326863696], [0.0, 796.8910634503094, 476.8848988407415], [0.0, 0.0, 1.0]], [[1249.9629280788233, 0.0, 825.3768045375984], [0.0, 1249.9629280788233, 462.54816385708756], [0.0, 0.0, 1.0]]], "extrinsics": [[[0.8228261470794678, -0.568153977394104, -0.01257952768355608, -0.700439453125], [0.0066154589876532555, 0.03171023353934288, -0.9994751811027527, 1.4906814098358154], [0.5682547688484192, 0.8223111629486084, 0.029850609600543976, -1.125], [0.0, 0.0, 0.0, 1.0]], [[0.010667451657354832, -0.9995635151863098, -0.027551084756851196, 0.009857177734375], [0.008751743473112583, 0.027644924819469452, -0.9995794892311096, 1.4827804565429688], [0.9999047517776489, 0.010421749204397202, 0.009042823687195778, -1.431640625], [0.0, 0.0, 0.0, 1.0]], [[-0.8437995314598083, -0.5360965728759766, -0.02455167844891548, 0.89471435546875], [0.017017599195241928, 0.01899704523384571, -0.9996746778488159, 1.4970111846923828], [0.536388635635376, -0.8439429402351379, -0.006906622555106878, -1.1517333984375], [0.0, 0.0, 0.0, 1.0]], [[0.9478598237037659, 0.3186687231063843, 0.003468677867203951, -1.145751953125], [-0.007879797369241714, 0.03431610390543938, -0.9993799924850464, 1.5620594024658203], [-0.3185901939868927, 0.9472448229789734, 0.03503790125250816, -0.155517578125], [0.0, 0.0, 0.0, 1.0]], [[0.009048903360962868, 0.9996026158332825, 0.026697294786572456, -0.028594970703125], [-0.005906761158257723, 0.026751352474093437, -0.999624609947