[{"images": ["samples/CAM_FRONT_LEFT/n015-2018-07-18-11-50-34+0800__CAM_FRONT_LEFT__1531885998504844.jpg", "samples/CAM_FRONT/n015-2018-07-18-11-50-34+0800__CAM_FRONT__1531885998512467.jpg", "samples/CAM_FRONT_RIGHT/n015-2018-07-18-11-50-34+0800__CAM_FRONT_RIGHT__1531885998520339.jpg", "samples/CAM_BACK_LEFT/n015-2018-07-18-11-50-34+0800__CAM_BACK_LEFT__1531885998547423.jpg", "samples/CAM_BACK/n015-2018-07-18-11-50-34+0800__CAM_BACK__1531885998537525.jpg", "samples/CAM_BACK_RIGHT/n015-2018-07-18-11-50-34+0800__CAM_BACK_RIGHT__1531885998527893.jpg"], "intrinsics": [[[1272.5979470598488, 0.0, 826.6154927353808], [0.0, 1272.5979470598488, 479.75165386361925], [0.0, 0.0, 1.0]], [[1266.417203046554, 0.0, 816.2670197447984], [0.0, 1266.417203046554, 491.50706579294757], [0.0, 0.0, 1.0]], [[1260.8474446004698, 0.0, 807.968244525554], [0.0, 1260.8474446004698, 495.3344268742088], [0.0, 0.0, 1.0]], [[1256.7414812095406, 0.0, 792.1125740759628], [0.0, 1256.7414812095406, 492.7757465151356], [0.0, 0.0, 1.0]], [[809.2209905677063, 0.0, 829.2196003259838], [0.0, 809.2209905677063, 481.77842384512485], [0.0, 0.0, 1.0]], [[1259.5137405846733, 0.0, 807.2529053838625], [0.0, 1259.5137405846733, 501.19579884916527], [0.0, 0.0, 1.0]]], "extrinsics": [[[0.8212735652923584, -0.57049560546875, -0.006675241515040398, -0.735809326171875], [-0.009556050412356853, -0.002056472934782505, -0.9999522566795349, 1.5055770874023438], [0.5704545974731445, 0.8212981224060059, -0.007140611298382282, -1.120361328125], [0.0, 0.0, 0.0, 1.0]], [[0.006587010342627764, -0.999958872795105, 0.006221826653927565, 0.00634765625], [-0.015119166113436222, -0.006320840213447809, -0.9998657703399658, 1.5170421600341797], [0.9998639822006226, 0.006492050364613533, -0.015160182490944862, -1.46148681640625], [0.0, 0.0, 0.0, 1.0]], [[-0.8325415849685669, -0.553957998752594, 0.0022281885612756014, 0.8819580078125], [-0.009789197705686092, 0.010690266266465187, -0.999894917011261, 1.5018720626831055], [0.5538759827613831, -0.8324759006500244, -0.014322896488010883, -1.1485595703125], [0.0, 0.0, 0.0, 1.0]], [[0.9477265477180481, 0.318968802690506, -0.00856247078627348, -1.133544921875], [-0.002198496600612998, -0.020306410267949104, -0.9997913241386414, 1.5885334014892578], [-0.3190761208534241, 0.9475476145744324, -0.018543671816587448, -0.1068115234375], [0.0, 0.0, 0.0, 1.0]], [[0.0020465452689677477, 0.9999463558197021, -0.010149624198675156, 0.002685546875], [-0.027178438380360603, -0.010090276598930359, -0.9995797276496887, 1.5774040222167969], [-0.999628484249115, 0.002321528736501932, 0.02715633064508438, -0.07000732421875], [0.0, 0.0, 0.0, 1.0]], [[-0.9350548982620239, 0.35448557138442993, -0.0034956529270857573, 1.0119872093200684], [0.005818706937134266, 0.005487577058374882, -0.9999679923057556, 1.5522232055664062], [-0.3544550836086273, -0.9350453615188599, -0.00719383405521512, -0.1107177734375], [0.0, 0.0, 0.0, 1.0]]], "view": [[0.0, -2.0, 100.0], [-2.0, 0.0, 100.0], [0.0, 0.0, 1.0]], "bev": "bev_1247776e94cd4c2999df4d8cf07b43ee.png", "aux": "aux_1247776e94cd4c2999df4d8cf07b43ee.npz", "visibility": "visibility_1247776e94cd4c2999df4d8cf07b43ee.png", "pose": [[0.9988225102424622, 0.048513419926166534, 0.0, 634.0850830078125], [-0.048513419926166534, 0.9988225102424622, 0.0, 1472.103271484375], [0.0, 0.0, 1.0, 0.0], [0.0, 0.0, 0.0, 1.0]], "pose_inverse": [[0.9988225102424622, -0.048513419926166534, 0.0, -561.9216918945312], [0.048513419926166534, 0.9988225102424622, 0.0, -1501.131591796875], [0.0, 0.0, 1.0, 0.0], [0.0, 0.0, 0.0, 1.0]], "cam_ids": [0, 1, 2, 3, 4, 5], "cam_channels": ["CAM_FRONT_LEFT", "CAM_FRONT", "CAM_FRONT_RIGHT", "CAM_BACK_LEFT", "CAM_BACK", "CAM_BACK_RIGHT"], "token": "1247776e94cd4c2999df4d8cf07b43ee", "scene": "scene-0022"}, {"images": ["samples/CAM_FRONT_LEFT/n015-2018-07-18-11-50-34+0800__CAM_FRONT_LEFT__1531885999004844.jpg", "samples/CAM_FRONT/n015-2018-07-18-11-50-34+0800__CAM_FRONT__1531885999012465.jpg", "samples/CAM_FRONT_RIGHT/n015-2018-07-18-11-50-34+0800__CAM_FRONT_RIGHT__1531885999020339.jpg", "samples/CAM_BACK_LEFT/n015-2018-07-18-11-50-34+0800__CAM_BACK_LEFT__1531885999047423.jpg", "samples/CAM_BACK/n015-2018-07-18-11-50-34+0800__CAM_BACK__1531885999037525.jpg", "samples/CAM_BACK_RIGHT/n015-2018-07-18-11-50-34+0800__CAM_BACK_RIGHT__1531885999027893.jpg"], "intrinsics": [[[1272.5979470598488, 0.0, 826.6154927353808], [0.0, 1272.5979470598488, 479.75165386361925], [0.0, 0.0, 1.0]], [[1266.417203046554, 0.0, 816.2670197447984], [0.0, 1266.417203046554, 491.50706579294757], [0.0, 0.0, 1.0]], [[1260.8474446004698, 0.0, 807.968244525554], [0.0, 1260.8474446004698, 495.3344268742088], [0.0, 0.0, 1.0]], [[1256.7414812095406, 0.0, 792.1125740759628], [0.0, 1256.7414812095406, 492.7757465151356], [0.0, 0.0, 1.0]], [[809.2209905677063, 0.0, 829.2196003259838], [0.0, 809.2209905677063, 481.77842384512485], [0.0, 0.0, 1.0]], [[1259.5137405846733, 0.0, 807.2529053838625], [0.0, 1259.5137405846733, 501.19579884916527], [0.0, 0.0, 1.0]]], "extrinsics": [[[0.8202444314956665, -0.571744978427887, -0.017513347789645195, -0.71575927734375], [-0.02344939298927784, -0.00301844603382051, -0.9997204542160034, 1.5011348724365234], [0.5715323090553284, 0.820425808429718, -0.015882935374975204, -1.1072998046875], [0.0, 0.0, 0.0, 1.0]], [[0.005322442390024662, -0.9999609589576721, 0.007056972943246365, 0.0064697265625], [-0.028510432690382004, -0.007205948233604431, -0.9995675086975098, 1.51336669921875], [0.9995793104171753, 0.005118945613503456, -0.02854767069220543, -1.44091796875], [0.0, 0.0, 0.0, 1.0]], [[-0.8331019878387451, -0.5529569983482361, 0.013403494842350483, 0.8675537109375], [-0.022633984684944153, 0.00986878015100956, -0.9996950626373291, 1.4991695880889893], [0.5526560544967651, -0.8331514000892639, -0.020737318322062492, -1.13946533203125], [0.0, 0.0, 0.0, 1.0]], [[0.9476242661476135, 0.3188246488571167, -0.018949415534734726, -1.13330078125], [-0.012914045713841915, -0.02103344164788723, -0.999695360660553, 1.5884323120117188], [-0.31912606954574585, 0.9475802779197693, -0.015814485028386116, -0.10693359375], [0.0, 0.0, 0.0, 1.0]], [[0.002462481614202261, 0.9999372363090515, -0.010929766111075878, 0.0030517578125], [-0.03873215615749359, -0.010826226323843002, -0.9991909861564636, 1.5763168334960938], [-0.9992465972900391, 0.0028838186990469694, 0.0387030653655529, -0.076416015625], [0.0, 0.0, 0.0, 1.0]], [[-0.9346945881843567, 0.35536763072013855, 0.007739021442830563, 1.0003242492675781], [-0.006491643376648426, 0.004702368751168251, -0.9999678730964661, 1.550506830215454], [-0.3553926348686218, -0.9347147941589355, -0.0020883590914309025, -0.1153564453125], [0.0, 0.0, 0.0, 1.0]]], "view": [[0.0, -2.0, 100.0], [-2.0, 0.0, 100.0], [0.0, 0.0, 1.0]], "bev": "bev_0ca7e4ab1f17416b9b40a867becc746e.png", "aux": "aux_0ca7e4ab1f17416b9b40a867becc746e.npz", "visibility": "visibility_0ca7e4ab1f17416b9b40a867becc746e.png", "pose": [[0.9987186193466187, 0.05060725659132004, 0.0, 637.3859252929688], [-0.05060725659132004, 0.9987186193466187, 0.0, 1471.92919921875], [0.0, 0.0, 1.0, 0.0], [0.0, 0.0, 0.0, 1.0]], "pose_inverse": [[0.9987186193466187, -0.05060725659132004, 0.0, -562.0789184570312], [0.05060725659132004, 0.9987186193466187, 0.0, -1502.2994384765625], [0.0, 0.0, 1.0, 0.0], [0.0, 0.0, 0.0, 1.0]], "cam_ids": [0, 1, 2, 3, 4, 5], "cam_channels": ["CAM_FRONT_LEFT", "CAM_FRONT", "CAM_FRONT_RIGHT", "CAM_BACK_LEFT", "CAM_BACK", "CAM_BACK_RIGHT"], "token": "0ca7e4ab1f17416b9b40a867becc746e", "scene": "scene-0022"}, {"images": ["samples/CAM_FRONT_LEFT/n015-2018-07-18-11-50-34+0800__CAM_FRONT_LEFT__1531885999504844.jpg", "samples/CAM_FRONT/n015-2018-07-18-11-50-34+0800__CAM_FRONT__1531885999512461.jpg", "samples/CAM_FRONT_RIGHT/n015-2018-07-18-11-50-34+0800__CAM_FRONT_RIGHT__1531885999520339.jpg", "samples/CAM_BACK_LEFT/n015-2018-07-18-11-50-34+0800__CAM_BACK_LEFT__1531885999547715.jpg", "samples/CAM_BACK/n015-2018-07-18-11-50-34+0800__CAM_BACK__1531885999537525.jpg", "samples/CAM_BACK_RIGHT/n015-2018-07-18-11-50-34+0800__CAM_BACK_RIGHT__1531885999527893.jpg"], "intrinsics": [[[1272.5979470598488, 0.0, 826.6154927353808], [0.0, 1272.5979470598488, 479.75165386361925], [0.0, 0.0, 1.0]], [[1266.417203046554, 0.0, 816.2670197447984], [0.0, 1266.417203046554, 491.50706579294757], [0.0, 0.0, 1.0]], [[1260.8474446004698, 0.0, 807.968244525554], [0.0, 1260.8474446004698, 495.3344268742088], [0.0, 0.0, 1.0]], [[1256.7414812095406, 0.0, 792.1125740759628], [0.0, 1256.7414812095406, 492.7757465151356], [0.0, 0.0, 1.0]], [[809.2209905677063, 0.0, 829.2196003259838], [0.0, 809.2209905677063, 481.77842384512485], [0.0, 0.0, 1.0]], [[1259.5137405846733, 0.0, 807.2529053838625], [0.0, 1259.5137405846733, 501.19579884916527], [0.0, 0.0, 1.0]]], "extrinsics": [[[0.8200676441192627, -0.5720958709716797, -0.013975043781101704, -0.705718994140625], [-0.018963338807225227, -0.0027595774736255407, -0.999816358089447, 1.5022830963134766], [0.571952223777771, 0.8201820850372314, -0.01311188843101263, -1.1016845703125], [0.0, 0.0, 0.0, 1.0]], [[0.004958579316735268, -0.9999657869338989, 0.006616062484681606, 0.0079345703125], [-0.024512510746717453, -0.006735702510923147, -0.9996768236160278, 1.5141868591308594], [0.9996871948242188, 0.004794800654053688, -0.024545075371861458, -1.43310546875], [0.0, 0.0, 0.0, 1.0]], [[-0.8332741260528564, -0.5527673959732056, 0.01011117547750473, 0.86474609375], [-0.019133390858769417, 0.010555252432823181, -0.999761164188385, 1.4997670650482178], [0.5525286197662354, -0.8332687020301819, -0.01937173493206501, -1.13616943359375], [0.0, 0.0, 0.0, 1.0]], [[0.9476450681686401, 0.31888431310653687, -0.0167828481644392, -1.140625], [-0.011140608228743076, -0.019509490579366684, -0.999747633934021, 1.5885353088378906], [-0.3191312253475189, 0.9475928544998169, -0.014935508370399475, -0.1046142578125], [0.0, 0.0, 0.0, 1.0]], [[0.0025637911166995764, 0.9999502301216125, -0.009641246870160103, 0.0023193359375], [-0.03631807491183281, -0.009541810490190983, -0.9992947578430176, 1.5765724182128906], [-0.9993369579315186, 0.002912127412855625, 0.036291804164648056, -0.0748291015625], [0.0, 0.0, 0.0, 1.0]], [[-0.9346572756767273, 0.35551130771636963, 0.0052490453235805035, 0.998497486114502], [-0.003473787335678935, 0.005631688982248306, -0.9999781250953674, 1.5509324073791504], [-0.3555331528186798, -0.9346550107002258, -0.004028731025755405, -0.1151123046875], [0.0, 0.0, 0.0, 1.0]]], "view": [[0.0, -2.0, 100.0], [-2.0, 0.0, 100.0], [0.0, 0.0, 1.0]], "bev": "bev_bf0f869608744492b861152fe1a00da4.png", "aux": "aux_bf0f869608744492b861152fe1a00da4.npz", "visibility": "visibility_bf0f869608744492b861152fe1a00da4.png", "pose": [[0.9990773797035217, 0.0429462268948555, 0.0, 640.95654296875], [-0.0429462268948555, 0.9990773797035217, 0.0, 1471.7462158203125], [0.0, 0.0, 1.0, 0.0], [0.0, 0.0, 0.0, 1.0]], "pose_inverse": [[0.9990773797035217, -0.0429462268948555, 0.0, -577.1592407226562], [0.0429462268948555, 0.9990773797035217, 0.0, -1497.9150390625], [0.0, 0.0, 1.0, 0.0], [0.0, 0.0, 0.0, 1.0]], "cam_ids": [0, 1, 2, 3, 4, 5], "cam_channels": ["CAM_FRONT_LEFT", "CAM_FRONT", "CAM_FRONT_RIGHT", "CAM_BACK_LEFT", "CAM_BACK", "CAM_BACK_RIGHT"], "token": "bf0f869608744492b861152fe1a00da4", "scene": "scene-0022"}, {"images": ["samples/CAM_FRONT_LEFT/n015-2018-07-18-11-50-34+0800__CAM_FRONT_LEFT__1531886000004844.jpg", "samples/CAM_FRONT/n015-2018-07-18-11-50-34+0800__CAM_FRONT__1531886000012469.jpg", "samples/CAM_FRONT_RIGHT/n015-2018-07-18-11-50-34+0800__CAM_FRONT_RIGHT__1531886000020339.jpg", "samples/CAM_BACK_LEFT/n015-2018-07-18-11-50-34+0800__CAM_BACK_LEFT__1531886000047423.jpg", "samples/CAM_BACK/n015-2018-07-18-11-50-34+0800__CAM_BACK__1531886000037525.jpg", "samples/CAM_BACK_RIGHT/n015-2018-07-18-11-50-34+0800__CAM_BACK_RIGHT__1531886000027893.jpg"], "intrinsics": [[[1272.5979470598488, 0.0, 826.6154927353808], [0.0, 1272.5979470598488, 479.75165386361925], [0.0, 0.0, 1.0]], [[1266.417203046554, 0.0, 816.2670197447984], [0.0, 1266.417203046554, 491.50706579294757], [0.0, 0.0, 1.0]], [[1260.8474446004698, 0.0, 807.968244525554], [0.0, 1260.8474446004698, 495.3344268742088], [0.0, 0.0, 1.0]], [[1256.7414812095406, 0.0, 792.1125740759628], [0.0, 1256.7414812095406, 492.7757465151356], [0.0, 0.0, 1.0]], [[809.2209905677063, 0.0, 829.2196003259838], [0.0, 809.2209905677063, 481.77842384512485], [0.0, 0.0, 1.0]], [[1259.5137405846733, 0.0, 807.2529053838625], [0.0, 1259.5137405846733, 501.19579884916527], [0.0, 0.0, 1.0]]], "extrinsics": [[[0.8198149800300598, -0.5724450945854187, -0.014490742236375809, -0.687286376953125], [-0.02105293981730938, -0.0048426552675664425, -0.9997665882110596, 1.5011425018310547], [0.5722413063049316, 0.819928765296936, -0.016021734103560448, -1.088134765625], [0.0, 0.0, 0.0, 1.0]], [[0.004754026420414448, -0.9999510645866394, 0.008681263774633408, 0.007568359375], [-0.026421500369906425, -0.008803936652839184, -0.9996121525764465, 1.5131778717041016], [0.999639630317688, 0.004522813018411398, -0.02646205760538578, -1.41363525390625], [0.0, 0.0, 0.0, 1.0]], [[-0.8332787156105042, -0.5527077317237854, 0.012683992274105549, 0.8514404296875], [-0.020854774862527847, 0.008498279377818108, -0.9997463822364807, 1.4990934133529663], [0.5524597764015198, -0.8333318829536438, -0.018608029931783676, -1.12738037109375], [0.0, 0.0, 0.0, 1.0]], [[0.9476335644721985, 0.3188198208808899, -0.018565332517027855, -1.1343994140625], [-0.012372184544801712, -0.021439533680677414, -0.9996935725212097, 1.5884552001953125], [-0.3191201388835907, 0.9475728869438171, -0.0163723211735487, -0.1064453125], [0.0, 0.0, 0.0, 1.0]], [[0.0025429725646972656, 0.9999285936355591, -0.011678874492645264, 0.00244140625], [-0.03773548826575279, -0.011574639938771725, -0.9992207288742065, 1.5761642456054688], [-0.999284565448761, 0.0029816937167197466, 0.03770335763692856, -0.08294677734375], [0.0, 0.0, 0.0, 1.0]], [[-0.9346578121185303, 0.3554982841014862, 0.0059794094413518906, 0.9869174957275391], [-0.0050357189029455185, 0.0035798188764601946, -0.9999809265136719, 1.5506434440612793], [-0.35551291704177856, -0.934670090675354, -0.0015557172009721398, -0.119140625], [0.0, 0.0, 0.0, 1.0]]], "view": [[0.0, -2.0, 100.0], [-2.0, 0.0, 100.0], [0.0, 0.0, 1.0]], "bev": "bev_d7f280ad9f5648cbbee4e56dc0446c00.png", "aux": "aux_d7f280ad9f5648cbbee4e56dc0446c00.npz", "visibility": "visibility_d7f280ad9f5648cbbee4e56dc0446c00.png", "pose": [[0.9995293021202087, 0.03067948669195175, 0.0, 644.7792358398438], [-0.03067948669195175, 0.9995293021202087, 0.0, 1471.594482421875], [0.0, 0.0, 1.0, 0.0], [0.0, 0.0, 0.0, 1.0]], "pose_inverse": [[0.9995293021202087, -0.03067948669195175, 0.0, -599.3279418945312], [0.03067948669195175, 0.9995293021202087, 0.0, -1490.6832275390625], [0.0, 0.0, 1.0, 0.0], [0.0, 0.0, 0.0, 1.0]], "cam_ids": [0, 1, 2, 3, 4, 5], "cam_channels": ["CAM_FRONT_LEFT", "CAM_FRONT", "CAM_FRONT_RIGHT", "CAM_BACK_LEFT", "CAM_BACK", "CAM_BACK_RIGHT"], "token": "d7f280ad9f5648cbbee4e56dc0446c00", "scene": "scene-0022"}, {"images": ["samples/CAM_FRONT_LEFT/n015-2018-07-18-11-50-34+0800__CAM_FRONT_LEFT__1531886000504844.jpg", "samples/CAM_FRONT/n015-2018-07-18-11-50-34+0800__CAM_FRONT__1531886000512465.jpg", "samples/CAM_FRONT_RIGHT/n015-2018-07-18-11-50-34+0800__CAM_FRONT_RIGHT__1531886000520339.jpg", "samples/CAM_BACK_LEFT/n015-2018-07-18-11-50-34+0800__CAM_BACK_LEFT__1531886000547423.jpg", "samples/CAM_BACK/n015-2018-07-18-11-50-34+0800__CAM_BACK__1531886000537525.jpg", "samples/CAM_BACK_RIGHT/n015-2018-07-18-11-50-34+0800__CAM_BACK_RIGHT__1531886000527893.jpg"], "intrinsics": [[[1272.5979470598488, 0.0, 826.6154927353808], [0.0, 1272.5979470598488, 479.75165386361925], [0.0, 0.0, 1.0]], [[1266.417203046554, 0.0, 816.2670197447984], [0.0, 1266.417203046554, 491.50706579294757], [0.0, 0.0, 1.0]], [[1260.8474446004698, 0.0, 807.968244525554], [0.0, 1260.8474446004698, 495.3344268742088], [0.0, 0.0, 1.0]], [[1256.7414812095406, 0.0, 792.1125740759628], [0.0, 1256.7414812095406, 492.7757465151356], [0.0, 0.0, 1.0]], [[809.2209905677063, 0.0, 829.2196003259838], [0.0, 809.2209905677063, 481.77842384512485], [0.0, 0.0, 1.0]], [[1259.5137405846733, 0.0, 807.2529053838625], [0.0, 1259.5137405846733, 501.19579884916527], [0.0, 0.0, 1.0]]], "extrinsics": [[[0.8196761608123779, -0.5726423263549805, -0.014553612098097801, -0.65875244140625], [-0.0182490274310112, -0.0007109243888407946, -0.9998331665992737, 1.5014734268188477], [0.5725364089012146, 0.8198050260543823, -0.01103289145976305, -1.0703125], [0.0, 0.0, 0.0, 1.0]], [[0.004428602755069733, -0.9999794363975525, 0.004628919996321201, 0.0089111328125], [-0.02356920950114727, -0.004732058383524418, -0.9997110366821289, 1.5133247375488281], [0.999712347984314, 0.0043182228691875935, -0.023589681833982468, -1.3861083984375], [0.0, 0.0, 0.0, 1.0]], [[-0.8334737420082092, -0.552500307559967, 0.008050134405493736, 0.834228515625], [-0.017946526408195496, 0.012506327591836452, -0.9997606873512268, 1.4993257522583008], [0.5522674322128296, -0.8334187865257263, -0.020339157432317734, -1.11505126953125], [0.0, 0.0, 0.0, 1.0]], [[0.9476865530014038, 0.31886646151542664, -0.01463977713137865, -1.134521484375], [-0.009453895501792431, -0.01780516840517521, -0.9997968077659607, 1.5884819030761719], [-0.31906232237815857, 0.947632372379303, -0.013859190046787262, -0.1065673828125], [0.0, 0.0, 0.0, 1.0]], [[0.002692307811230421, 0.9999654293060303, -0.007874893955886364, 0.00244140625], [-0.03478290140628815, -0.007776513230055571, -0.9993646740913391, 1.5761451721191406], [-0.9993912577629089, 0.0029645096510648727, 0.03476075828075409, -0.09063720703125], [0.0, 0.0, 0.0, 1.0]], [[-0.934587836265564, 0.3557020425796509, 0.004633943550288677, 0.9724311828613281], [-0.0020980755798518658, 0.007514615543186665, -0.9999695420265198, 1.5510730743408203], [-0.355726033449173, -0.934569239616394, -0.006276778411120176, -0.1243896484375], [0.0, 0.0, 0.0, 1.0]]], "view": [[0.0, -2.0, 100.0], [-2.0, 0.0, 100.0], [0.0, 0.0, 1.0]], "bev": "bev_883f8d77dc184d8480849b7ec156d496.png", "aux": "aux_883f8d77dc184d8480849b7ec156d496.npz", "visibility": "visibility_883f8d77dc184d8480849b7ec156d496.png", "pose": [[0.9999180436134338, 0.012803485617041588, 0.0, 648.8427734375], [-0.012803485617041588, 0.9999180436134338, 0.0, 1471.483642578125], [0.0, 0.0, 1.0, 0.0], [0.0, 0.0, 0.0, 1.0]], "pose_inverse": [[0.9999180436134338, -0.012803485617041588, 0.0, -629.949462890625], [0.012803485617041588, 0.9999180436134338, 0.0, -1479.6705322265625], [0.0, 0.0, 1.0, 0.0], [0.0, 0.0, 0.0, 1.0]], "cam_ids": [0, 1, 2, 3, 4, 5], "cam_channels": ["CAM_FRONT_LEFT", "CAM_FRONT", "CAM_FRONT_RIGHT", "CAM_BACK_LEFT", "CAM_BACK", "CAM_BACK_RIGHT"], "token": "883f8d77dc184d8480849b7ec156d496", "scene": "scene-0022"}, {"images": ["samples/CAM_FRONT_LEFT/n015-2018-07-18-11-50-34+0800__CAM_FRONT_LEFT__1531886001004844.jpg", "samples/CAM_FRONT/n015-2018-07-18-11-50-34+0800__CAM_FRONT__1531886001012460.jpg", "samples/CAM_FRONT_RIGHT/n015-2018-07-18-11-50-34+0800__CAM_FRONT_RIGHT__1531886001020339.jpg", "samples/CAM_BACK_LEFT/n015-2018-07-18-11-50-34+0800__CAM_BACK_LEFT__1531886001047423.jpg", "samples/CAM_BACK/n015-2018-07-18-11-50-34+0800__CAM_BACK__1531886001037525.jpg", "samples/CAM_BACK_RIGHT/n015-2018-07-18-11-50-34+0800__CAM_BACK_RIGHT__1531886001027893.jpg"], "intrinsics": [[[1272.5979470598488, 0.0, 826.6154927353808], [0.0, 1272.5979470598488, 479.75165386361925], [0.0, 0.0, 1.0]], [[1266.417203046554, 0.0, 816.2670197447984], [0.0, 1266.417203046554, 491.50706579294757], [0.0, 0.0, 1.0]], [[1260.8474446004698, 0.0, 807.968244525554], [0.0, 1260.8474446004698, 495.3344268742088], [0.0, 0.0, 1.0]], [[1256.7414812095406, 0.0, 792.1125740759628], [0.0, 1256.7414812095406, 492.7757465151356], [0.0, 0.0, 1.0]], [[809.2209905677063, 0.0, 829.2196003259838], [0.0, 809.2209905677063, 481.77842384512485], [0.0, 0.0, 1.0]], [[1259.5137405846733, 0.0, 807.2529053838625], [0.0, 1259.5137405846733, 501.19579884916527], [0.0, 0.0, 1.0]]], "extrinsics": [[[0.8201968669891357, -0.5718615055084229, -0.01585904136300087, -0.64825439453125], [-0.023608334362506866, -0.006136380136013031, -0.9997024536132812, 1.4992656707763672], [0.5715939998626709, 0.8203272223472595, -0.0185337383300066, -1.0667724609375], [0.0, 0.0, 0.0, 1.0]], [[0.005182349588721991, -0.9999351501464844, 0.010134520009160042, 0.01171875], [-0.028918109834194183, -0.010280275717377663, -0.9995289444923401, 1.5114784240722656], [0.9995683431625366, 0.004886835813522339, -0.02896951138973236, -1.37744140625], [0.0, 0.0, 0.0, 1.0]], [[-0.8332088589668274, -0.5527371764183044, 0.015635600313544273, 0.829833984375], [-0.023295670747756958, 0.006837188731878996, -0.9997051954269409, 1.497891902923584], [0.552467405796051, -0.83332759141922, -0.01857319101691246, -1.1097412109375], [0.0, 0.0, 0.0, 1.0]], [[0.9475960731506348, 0.31873801350593567, -0.021626345813274384, -1.1351318359375], [-0.014810943976044655, -0.023790882900357246, -0.999607264995575, 1.58843994140625], [-0.3191273510456085, 0.947544276714325, -0.017823336645960808, -0.1060791015625], [0.0, 0.0, 0.0, 1.0]], [[0.0025642230175435543, 0.9999015927314758, -0.013792643323540688, 0.0015869140625], [-0.04015115275979042, -0.01367861870676279, -0.9990999698638916, 1.5755805969238281], [-0.9991903901100159, 0.0031157059129327536, 0.040112126618623734, -0.092529296875], [0.0, 0.0, 0.0, 1.0]], [[-0.9346137046813965, 0.3555838167667389, 0.007577189244329929, 0.967620849609375], [-0.007450293283909559, 0.0017262344481423497, -0.9999707341194153, 1.5501105785369873], [-0.35558652877807617, -0.9346427917480469, 0.0010358404833823442, -0.1248779296875], [0.0, 0.0, 0.0, 1.0]]], "view": [[0.0, -2.0, 100.0], [-2.0, 0.0, 100.0], [0.0, 0.0, 1.0]], "bev": "bev_bc928f34080143cb9f56b5b59fd71aed.png", "aux": "aux_bc928f34080143cb9f56b5b59fd71aed.npz", "visibility": "visibility_bc928f34080143cb9f56b5b59fd71aed.png", "pose": [[0.9999953508377075, -0.0030501708388328552, 0.0, 653.11767578125], [0.0030501708388328552, 0.9999953508377075, 0.0, 1471.4349365234375], [0.0, 0.0, 1.0, 0.0], [0.0, 0.0, 0.0, 1.0]], "pose_inverse": [[0.9999953508377075, 0.0030501708388328552, 0.0, -657.602783203125], [-0.0030501708388328552, 0.9999953508377075, 0.0, -1469.4359130859375], [0.0, 0.0, 1.0, 0.0], [0.0, 0.0, 0.0, 1.0]], "cam_ids": [0, 1, 2, 3, 4, 5], "cam_channels": ["CAM_FRONT_LEFT", "CAM_FRONT", "CAM_FRONT_RIGHT", "CAM_BACK_LEFT", "CAM_BACK", "CAM_BACK_RIGHT"], "token": "bc928f34080143cb9f56b5b59fd71aed", "scene": "scene-0022"}, {"images": ["samples/CAM_FRONT_LEFT/n015-2018-07-18-11-50-34+0800__CAM_FRONT_LEFT__1531886001504844.jpg", "samples/CAM_FRONT/n015-2018-07-18-11-50-34+0800__CAM_FRONT__1531886001512467.jpg", "samples/CAM_FRONT_RIGHT/n015-2018-07-18-11-50-34+0800__CAM_FRONT_RIGHT__1531886001520339.jpg", "samples/CAM_BACK_LEFT/n015-2018-07-18-11-50-34+0800__CAM_BACK_LEFT__1531886001547423.jpg", "samples/CAM_BACK/n015-2018-07-18-11-50-34+0800__CAM_BACK__1531886001537525.jpg", "samples/CAM_BACK_RIGHT/n015-2018-07-18-11-50-34+0800__CAM_BACK_RIGHT__1531886001527893.jpg"], "intrinsics": [[[1272.5979470598488, 0.0, 826.6154927353808], [0.0, 1272.5979470598488, 479.75165386361925], [0.0, 0.0, 1.0]], [[1266.417203046554, 0.0, 816.2670197447984], [0.0, 1266.417203046554, 491.50706579294757], [0.0, 0.0, 1.0]], [[1260.8474446004698, 0.0, 807.968244525554], [0.0, 1260.8474446004698, 495.3344268742088], [0.0, 0.0, 1.0]], [[1256.7414812095406, 0.0, 792.1125740759628], [0.0, 1256.7414812095406, 492.7757465151356], [0.0, 0.0, 1.0]], [[809.2209905677063, 0.0, 829.2196003259838], [0.0, 809.2209905677063, 481.77842384512485], [0.0, 0.0, 1.0]], [[1259.5137405846733, 0.0, 807.2529053838625], [0.0, 1259.5137405846733, 501.19579884916527], [0.0, 0.0, 1.0]]], "extrinsics": [[[0.8199242949485779, -0.5720637440681458, -0.02161645144224167, -0.64471435546875], [-0.03125540539622307, -0.007030177395790815, -0.9994866847991943, 1.4960746765136719], [0.5716181397438049, 0.8201790452003479, -0.02364429645240307, -1.0582275390625], [0.0, 0.0, 0.0, 1.0]], [[0.005018780939280987, -0.9999303221702576, 0.010684214532375336, 0.00732421875], [-0.0366189070045948, -0.010860958136618137, -0.9992703199386597, 1.5087432861328125], [0.9993165731430054, 0.0046238768845796585, -0.03667086735367775, -1.370361328125], [0.0, 0.0, 0.0, 1.0]], [[-0.8332067131996155, -0.552513837814331, 0.022247986868023872, 0.8223876953125], [-0.031049560755491257, 0.006577075459063053, -0.9994961619377136, 1.4958076477050781], [0.5520891547203064, -0.833477795124054, -0.02263537421822548, -1.1092529296875], [0.0, 0.0, 0.0, 1.0]], [[0.9474298357963562, 0.3186476528644562, -0.02898763306438923, -1.1317138671875], [-0.022724265232682228, -0.023356793448328972, -0.9994689226150513, 1.5882987976074219], [-0.3191554546356201, 0.94758540391922, -0.014887891709804535, -0.107421875], [0.0, 0.0, 0.0, 1.0]], [[0.002639602404087782, 0.9999047517776489, -0.013551180250942707, 0.0030517578125], [-0.04799555614590645, -0.013408930972218513, -0.998757541179657, 1.5745887756347656], [-0.9988440275192261, 0.0032867188565433025, 0.04795558750629425, -0.097412109375], [0.0, 0.0, 0.0, 1.0]], [[-0.9344334006309509, 0.355826735496521, 0.014880613423883915, 0.9631500244140625], [-0.015253433957695961, 0.0017579896375536919, -0.9998821020126343, 1.5486259460449219], [-0.3558109402656555, -0.9345502853393555, 0.003784854430705309, -0.12939453125], [0.0, 0.0, 0.0, 1.0]]], "view": [[0.0, -2.0, 100.0], [-2.0, 0.0, 100.0], [0.0, 0.0, 1.0]], "bev": "bev_3057b6636fb24702802896cd944f9593.png", "aux": "aux_3057b6636fb24702802896cd944f9593.npz", "visibility": "visibility_3057b6636fb24702802896cd944f9593.png", "pose": [[0.9999019503593445, -0.014001598581671715, 0.0, 657.5551147460938], [0.014001598581671715, 0.9999019503593445, 0.0, 1471.443603515625], [0.0, 0.0, 1.0, 0.0], [0.0, 0.0, 0.0, 1.0]], "pose_inverse": [[0.9999019503593445, 0.014001598581671715, 0.0, -678.0932006835938], [-0.014001598581671715, 0.9999019503593445, 0.0, -1462.092529296875], [0.0, 0.0, 1.0, 0.0], [0.0, 0.0, 0.0, 1.0]], "cam_ids": [0, 1, 2, 3, 4, 5], "cam_channels": ["CAM_FRONT_LEFT", "CAM_FRONT", "CAM_FRONT_RIGHT", "CAM_BACK_LEFT", "CAM_BACK", "CAM_BACK_RIGHT"], "token": "3057b6636fb24702802896cd944f9593", "scene": "scene-0022"}, {"images": ["samples/CAM_FRONT_LEFT/n015-2018-07-18-11-50-34+0800__CAM_FRONT_LEFT__1531886002004844.jpg", "samples/CAM_FRONT/n015-2018-07-18-11-50-34+0800__CAM_FRONT__1531886002012463.jpg", "samples/CAM_FRONT_RIGHT/n015-2018-07-18-11-50-34+0800__CAM_FRONT_RIGHT__1531886002020339.jpg", "samples/CAM_BACK_LEFT/n015-2018-07-18-11-50-34+0800__CAM_BACK_LEFT__1531886002047423.jpg", "samples/CAM_BACK/n015-2018-07-18-11-50-34+0800__CAM_BACK__1531886002037525.jpg", "samples/CAM_BACK_RIGHT/n015-2018-07-18-11-50-34+0800__CAM_BACK_RIGHT__1531886002027893.jpg"], "intrinsics": [[[1272.5979470598488, 0.0, 826.6154927353808], [0.0, 1272.5979470598488, 479.75165386361925], [0.0, 0.0, 1.0]], [[1266.417203046554, 0.0, 816.2670197447984], [0.0, 1266.417203046554, 491.50706579294757], [0.0, 0.0, 1.0]], [[1260.8474446004698, 0.0, 807.968244525554], [0.0, 1260.8474446004698, 495.3344268742088], [0.0, 0.0, 1.0]], [[1256.7414812095406, 0.0, 792.1125740759628], [0.0, 1256.7414812095406, 492.7757465151356], [0.0, 0.0, 1.0]], [[809.2209905677063, 0.0, 829.2196003259838], [0.0, 809.2209905677063, 481.77842384512485], [0.0, 0.0, 1.0]], [[1259.5137405846733, 0.0, 807.2529053838625], [0.0, 1259.5137405846733, 501.19579884916527], [0.0, 0.0, 1.0]]], "extrinsics": [[[0.8209951519966125, -0.5702078938484192, -0.028807975351810455, -0.634735107421875], [-0.041252803057432175, -0.00891963578760624, -0.9991089105606079, 1.4916534423828125], [0.569442868232727, 0.8214520215988159, -0.030845653265714645, -1.0511474609375], [0.0, 0.0, 0.0, 1.0]], [[0.007181919179856777, -0.999891996383667, 0.01282146293669939, 0.0069580078125], [-0.046592798084020615, -0.013142475858330727, -0.9988275170326233, 1.5050392150878906], [0.9988880753517151, 0.006576111540198326, -0.04668215662240982, -1.36016845703125], [0.0, 0.0, 0.0, 1.0]], [[-0.8319594264030457, -0.5539124608039856, 0.032007504254579544, 0.8154296875], [-0.04104429855942726, 0.0039120027795434, -0.9991496205329895, 1.4929618835449219], [0.5533162355422974, -0.8325656652450562, -0.025989575311541557, -1.1051025390625], [0.0, 0.0, 0.0, 1.0]], [[0.9470970630645752, 0.31853392720222473, -0.03928575664758682, -1.12744140625], [-0.032370779663324356, -0.026975441724061966, -0.9991118311882019, 1.5880470275878906], [-0.3193107843399048, 0.9475275278091431, -0.015237168408930302, -0.1085205078125], [0.0, 0.0, 0.0, 1.0]], [[0.0017895407509058714, 0.9998555779457092, -0.016903378069400787, 0.0032958984375], [-0.05779241397976875, -0.016771744936704636, -0.998187780380249, 1.5732955932617188], [-0.9983270168304443, 0.002763184951618314, 0.05775405839085579, -0.102783203125], [0.0, 0.0, 0.0, 1.0]], [[-0.9347342848777771, 0.3545951545238495, 0.023111281916499138, 0.9572677612304688], [-0.025188973173499107, -0.001243857084773481, -0.9996819496154785, 1.5466251373291016], [-0.3544536232948303, -0.9350191354751587, 0.010094564408063889, -0.132080078125], [0.0, 0.0, 0.0, 1.0]]], "view": [[0.0, -2.0, 100.0], [-2.0, 0.0, 100.0], [0.0, 0.0, 1.0]], "bev": "bev_05b837922fbd46fbab76efda7cea2373.png", "aux": "aux_05b837922fbd46fbab76efda7cea2373.npz", "visibility": "visibility_05b837922fbd46fbab76efda7cea2373.png", "pose": [[0.9999829530715942, -0.005841114092618227, 0.0, 662.0648193359375], [0.005841114092618227, 0.9999829530715942, 0.0, 1471.4842529296875], [0.0, 0.0, 1.0, 0.0], [0.0, 0.0, 0.0, 1.0]], "pose_inverse": [[0.9999829530715942, 0.005841114092618227, 0.0, -670.6486206054688], [-0.005841114092618227, 0.9999829530715942, 0.0, -1467.5919189453125], [0.0, 0.0, 1.0, 0.0], [0.0, 0.0, 0.0, 1.0]], "cam_ids": [0, 1, 2, 3, 4, 5], "cam_channels": ["CAM_FRONT_LEFT", "CAM_FRONT", "CAM_FRONT_RIGHT", "CAM_BACK_LEFT", "CAM_BACK", "CAM_BACK_RIGHT"], "token": "05b837922fbd46fbab76efda7cea2373", "scene": "scene-0022"}, {"images": ["samples/CAM_FRONT_LEFT/n015-2018-07-18-11-50-34+0800__CAM_FRONT_LEFT__1531886002504844.jpg", "samples/CAM_FRONT/n015-2018-07-18-11-50-34+0800__CAM_FRONT__1531886002512466.jpg", "samples/CAM_FRONT_RIGHT/n015-2018-07-18-11-50-34+0800__CAM_FRONT_RIGHT__1531886002520339.jpg", "samples/CAM_BACK_LEFT/n015-2018-07-18-11-50-34+0800__CAM_BACK_LEFT__1531886002547423.jpg", "samples/CAM_BACK/n015-2018-07-18-11-50-34+0800__CAM_BACK__1531886002537536.jpg", "samples/CAM_BACK_RIGHT/n015-2018-07-18-11-50-34+0800__CAM_BACK_RIGHT__1531886002527893.jpg"], "intrinsics": [[[1272.5979470598488, 0.0, 826.6154927353808], [0.0, 1272.5979470598488, 479.75165386361925], [0.0, 0.0, 1.0]], [[1266.417203046554, 0.0, 816.2670197447984], [0.0, 1266.417203046554, 491.50706579294757], [0.0, 0.0, 1.0]], [[1260.8474446004698, 0.0, 807.968244525554], [0.0, 1260.8474446004698, 495.3344268742088], [0.0, 0.0, 1.0]], [[1256.7414812095406, 0.0, 792.1125740759628], [0.0, 1256.7414812095406, 492.7757465151356], [0.0, 0.0, 1.0]], [[809.2209905677063, 0.0, 829.2196003259838], [0.0, 809.2209905677063, 481.77842384512485], [0.0, 0.0, 1.0]], [[1259.5137405846733, 0.0, 807.2529053838625], [0.0, 1259.5137405846733, 501.19579884916527], [0.0, 0.0, 1.0]]], "extrinsics": [[[0.8217134475708008, -0.5695760846138, -0.019238002598285675, -0.617034912109375], [-0.03373134508728981, -0.014910358004271984, -0.9993197321891785, 1.4939842224121094], [0.5689017176628113, 0.8218033313751221, -0.03146461024880409, -1.0400390625], [0.0, 0.0, 0.0, 1.0]], [[0.007877937518060207, -0.9997944831848145, 0.018677644431591034, 0.00830078125], [-0.03908706083893776, -0.01897183246910572, -0.9990556836128235, 1.5068321228027344], [0.9992047548294067, 0.007140442728996277, -0.03922848775982857, -1.341796875], [0.0, 0.0, 0.0, 1.0]], [[-0.8318099975585938, -0.5543074011802673, 0.02890395186841488, 0.8026123046875], [-0.03356537967920303, -0.001745603745803237, -0.9994349479675293, 1.4943695068359375], [0.5540446639060974, -0.8323101997375488, -0.01715352199971676, -1.09521484375], [0.0, 0.0, 0.0, 1.0]], [[0.9472813010215759, 0.31858623027801514, -0.0340714305639267, -1.1229248046875], [-0.02507474459707737, -0.03229925408959389, -0.9991636872291565, 1.5880508422851562], [-0.31942030787467957, 0.9473434686660767, -0.022608013823628426, -0.1104736328125], [0.0, 0.0, 0.0, 1.0]], [[0.0015703024109825492, 0.9997509121894836, -0.022262485697865486, 0.002685546875], [-0.05040135979652405, -0.022155089303851128, -0.9984832406044006, 1.573638916015625], [-0.9987277984619141, 0.0026899799704551697, 0.0503540113568306, -0.1114501953125], [0.0, 0.0, 0.0, 1.0]], [[-0.9350664615631104, 0.3541879653930664, 0.01419506873935461, 0.9444732666015625], [-0.017735078930854797, -0.006750558502972126, -0.9998199343681335, 1.5478191375732422], [-0.3540284037590027, -0.9351498484611511, 0.012593774124979973, -0.1356201171875], [0.0, 0.0, 0.0, 1.0]]], "view": [[0.0, -2.0, 100.0], [-2.0, 0.0, 100.0], [0.0, 0.0, 1.0]], "bev": "bev_9099b4918d3d462ca0fb18b41648ae1c.png", "aux": "aux_9099b4918d3d462ca0fb18b41648ae1c.npz", "visibility": "visibility_9099b4918d3d462ca0fb18b41648ae1c.png", "pose": [[0.9997525811195374, 0.022242696955800056, 0.0, 666.7691040039062], [-0.022242696955800056, 0.9997525811195374, 0.0, 1471.4456787109375], [0.0, 0.0, 1.0, 0.0], [0.0, 0.0, 0.0, 1.0]], "pose_inverse": [[0.9997525811195374, -0.022242696955800056, 0.0, -633.875244140625], [0.022242696955800056, 0.9997525811195374, 0.0, -1485.912353515625], [0.0, 0.0, 1.0, 0.0], [0.0, 0.0, 0.0, 1.0]], "cam_ids": [0, 1, 2, 3, 4, 5], "cam_channels": ["CAM_FRONT_LEFT", "CAM_FRONT", "CAM_FRONT_RIGHT", "CAM_BACK_LEFT", "CAM_BACK", "CAM_BACK_RIGHT"], "token": "9099b4918d3d462ca0fb18b41648ae1c", "scene": "scene-0022"}, {"images": ["samples/CAM_FRONT_LEFT/n015-2018-07-18-11-50-34+0800__CAM_FRONT_LEFT__1531886003004844.jpg", "samples/CAM_FRONT/n015-2018-07-18-11-50-34+0800__CAM_FRONT__1531886003012476.jpg", "samples/CAM_FRONT_RIGHT/n015-2018-07-18-11-50-34+0800__CAM_FRONT_RIGHT__1531886003020339.jpg", "samples/CAM_BACK_LEFT/n015-2018-07-18-11-50-34+0800__CAM_BACK_LEFT__1531886003047423.jpg", "samples/CAM_BACK/n015-2018-07-18-11-50-34+0800__CAM_BACK__1531886003037525.jpg", "samples/CAM_BACK_RIGHT/n015-2018-07-18-11-50-34+0800__CAM_BACK_RIGHT__1531886003027893.jpg"], "intrinsics": [[[1272.5979470598488, 0.0, 826.6154927353808], [0.0, 1272.5979470598488, 479.75165386361925], [0.0, 0.0, 1.0]], [[1266.417203046554, 0.0, 816.2670197447984], [0.0, 1266.417203046554, 491.50706579294757], [0.0, 0.0, 1.0]], [[1260.8474446004698, 0.0, 807.968244525554], [0.0, 1260.8474446004698, 495.3344268742088], [0.0, 0.0, 1.0]], [[1256.7414812095406, 0.0, 792.1125740759628], [0.0, 1256.7414812095406, 492.7757465151356], [0.0, 0.0, 1.0]], [[809.2209905677063, 0.0, 829.2196003259838], [0.0, 809.2209905677063, 481.77842384512485], [0.0, 0.0, 1.0]], [[1259.5137405846733, 0.0, 807.2529053838625], [0.0, 1259.5137405846733, 501.19579884916527], [0.0, 0.0, 1.0]]], "extrinsics": [[[0.8216049075126648, -0.5697160363197327, -0.019725684076547623, -0.605072021484375], [-0.03803292289376259, -0.020256878808140755, -0.9990711212158203, 1.4916343688964844], [0.5687872767448425, 0.8215919137001038, -0.03831111267209053, -1.0322265625], [0.0, 0.0, 0.0, 1.0]], [[0.007741444278508425, -0.9996793866157532, 0.024105459451675415, 0.008544921875], [-0.04344965144991875, -0.024419693276286125, -0.9987571835517883, 1.5048179626464844], [0.9990256428718567, 0.0066844564862549305, -0.04362475872039795, -1.3306884765625], [0.0, 0.0, 0.0, 1.0]], [[-0.8319003582000732, -0.5537772178649902, 0.0356731042265892, 0.796142578125], [-0.03798722103238106, -0.007304056081920862, -0.9992514848709106, 1.4928436279296875], [0.553623378276825, -0.8326327800750732, -0.014960215426981449, -1.09063720703125], [0.0, 0.0, 0.0, 1.0]], [[0.9471614956855774, 0.31821751594543457, -0.04028308019042015, -1.1239013671875], [-0.02971864677965641, -0.03798610717058182, -0.9988362193107605, 1.5879745483398438], [-0.31937742233276367, 0.9472564458847046, -0.02652198262512684, -0.1099853515625], [0.0, 0.0, 0.0, 1.0]], [[0.0017298707971349359, 0.9996065497398376, -0.02799774706363678, 0.0028076171875], [-0.05499517545104027, -0.02786031924188137, -0.998097836971283, 1.5729751586914062], [-0.9984851479530334, 0.003266319865360856, 0.054925333708524704, -0.114013671875], [0.0, 0.0, 0.0, 1.0]], [[-0.9348461627960205, 0.3546746075153351, 0.01638888381421566, 0.9393749237060547], [-0.02223730832338333, -0.012419534847140312, -0.9996755719184875, 1.5467758178710938], [-0.3543560206890106, -0.9349073767662048, 0.019497359171509743, -0.1376953125], [0.0, 0.0, 0.0, 1.0]]], "view": [[0.0, -2.0, 100.0], [-2.0, 0.0, 100.0], [0.0, 0.0, 1.0]], "bev": "bev_1e98565f9a204ac3bf6a7fad5b8b0530.png", "aux": "aux_1e98565f9a204ac3bf6a7fad5b8b0530.npz", "visibility": "visibility_1e98565f9a204ac3bf6a7fad5b8b0530.png", "pose": [[0.99893718957901, 0.04609236866235733, 0.0, 671.6065063476562], [-0.04609236866235733, 0.99893718957901, 0.0, 1471.2625732421875], [0.0, 0.0, 1.0, 0.0], [0.0, 0.0, 0.0, 1.0]], "pose_inverse": [[0.99893718957901, -0.04609236866235733, 0.0, -603.0787353515625], [0.04609236866235733, 0.99893718957901, 0.0, -1500.65478515625], [0.0, 0.0, 1.0, 0.0], [0.0, 0.0, 0.0, 1.0]], "cam_ids": [0, 1, 2, 3, 4, 5], "cam_channels": ["CAM_FRONT_LEFT", "CAM_FRONT", "CAM_FRONT_RIGHT", "CAM_BACK_LEFT", "CAM_BACK", "CAM_BACK_RIGHT"], "token": "1e98565f9a204ac3bf6a7fad5b8b0530", "scene": "scene-0022"}, {"images": ["samples/CAM_FRONT_LEFT/n015-2018-07-18-11-50-34+0800__CAM_FRONT_LEFT__1531886003404844.jpg", "samples/CAM_FRONT/n015-2018-07-18-11-50-34+0800__CAM_FRONT__1531886003412473.jpg", "samples/CAM_FRONT_RIGHT/n015-2018-07-18-11-50-34+0800__CAM_FRONT_RIGHT__1531886003420339.jpg", "samples/CAM_BACK_LEFT/n015-2018-07-18-11-50-34+0800__CAM_BACK_LEFT__1531886003447423.jpg", "samples/CAM_BACK/n015-2018-07-18-11-50-34+0800__CAM_BACK__1531886003437525.jpg", "samples/CAM_BACK_RIGHT/n015-2018-07-18-11-50-34+0800__CAM_BACK_RIGHT__1531886003427893.jpg"], "intrinsics": [[[1272.5979470598488, 0.0, 826.6154927353808], [0.0, 1272.5979470598488, 479.75165386361925], [0.0, 0.0, 1.0]], [[1266.417203046554, 0.0, 816.2670197447984], [0.0, 1266.417203046554, 491.50706579294757], [0.0, 0.0, 1.0]], [[1260.8474446004698, 0.0, 807.968244525554], [0.0, 1260.8474446004698, 495.3344268742088], [0.0, 0.0, 1.0]], [[1256.7414812095406, 0.0, 792.1125740759628], [0.0, 1256.7414812095406, 492.7757465151356], [0.0, 0.0, 1.0]], [[809.2209905677063, 0.0, 829.2196003259838], [0.0, 809.2209905677063, 481.77842384512485], [0.0, 0.0, 1.0]], [[1259.5137405846733, 0.0, 807.2529053838625], [0.0, 1259.5137405846733, 501.19579884916527], [0.0, 0.0, 1.0]]], "extrinsics": [[[0.8207535147666931, -0.5707868337631226, -0.023787591606378555, -0.598175048828125], [-0.0419427864253521, -0.018679814413189888, -0.9989453554153442, 1.4895515441894531], [0.5697405338287354, 0.8208857178688049, -0.039271920919418335, -1.0269775390625], [0.0, 0.0, 0.0, 1.0]], [[0.006884168833494186, -0.9997278451919556, 0.022289520129561424, 0.008544921875], [-0.047130338847637177, -0.022589659318327904, -0.9986333250999451, 1.5031242370605469], [0.9988649487495422, 0.005824242252856493, -0.047273024916648865, -1.3228759765625], [0.0, 0.0, 0.0, 1.0]], [[-0.8320676684379578, -0.5534126162528992, 0.0373866893351078, 0.79052734375], [-0.04141974076628685, -0.005222256761044264, -0.9991281628608704, 1.4915809631347656], [0.5531254410743713, -0.8328908085823059, -0.018576933071017265, -1.08673095703125], [0.0, 0.0, 0.0, 1.0]], [[0.9470875859260559, 0.3182651996612549, -0.04162124916911125, -1.125], [-0.03213593736290932, -0.03499815613031387, -0.9988705515861511, 1.5879669189453125], [-0.3193623721599579, 0.9473554491996765, -0.022918568924069405, -0.109619140625], [0.0, 0.0, 0.0, 1.0]], [[0.001844602171331644, 0.9996777176856995, -0.02531