[{"images": ["samples/CAM_FRONT_LEFT/n015-2018-07-27-11-24-31+0800__CAM_FRONT_LEFT__1532662151354844.jpg", "samples/CAM_FRONT/n015-2018-07-27-11-24-31+0800__CAM_FRONT__1532662151362460.jpg", "samples/CAM_FRONT_RIGHT/n015-2018-07-27-11-24-31+0800__CAM_FRONT_RIGHT__1532662151370339.jpg", "samples/CAM_BACK_LEFT/n015-2018-07-27-11-24-31+0800__CAM_BACK_LEFT__1532662151397423.jpg", "samples/CAM_BACK/n015-2018-07-27-11-24-31+0800__CAM_BACK__1532662151387525.jpg", "samples/CAM_BACK_RIGHT/n015-2018-07-27-11-24-31+0800__CAM_BACK_RIGHT__1532662151377893.jpg"], "intrinsics": [[[1272.5979470598488, 0.0, 826.6154927353808], [0.0, 1272.5979470598488, 479.75165386361925], [0.0, 0.0, 1.0]], [[1266.417203046554, 0.0, 816.2670197447984], [0.0, 1266.417203046554, 491.50706579294757], [0.0, 0.0, 1.0]], [[1260.8474446004698, 0.0, 807.968244525554], [0.0, 1260.8474446004698, 495.3344268742088], [0.0, 0.0, 1.0]], [[1256.7414812095406, 0.0, 792.1125740759628], [0.0, 1256.7414812095406, 492.7757465151356], [0.0, 0.0, 1.0]], [[809.2209905677063, 0.0, 829.2196003259838], [0.0, 809.2209905677063, 481.77842384512485], [0.0, 0.0, 1.0]], [[1259.5137405846733, 0.0, 807.2529053838625], [0.0, 1259.5137405846733, 501.19579884916527], [0.0, 0.0, 1.0]]], "extrinsics": [[[0.8200094103813171, -0.5722672939300537, 0.009733916260302067, -0.77001953125], [0.003161526285111904, -0.012477785348892212, -0.9999171495437622, 1.5090065002441406], [0.57234126329422, 0.8199722766876221, -0.008422664366662502, -1.1455078125], [0.0, 0.0, 0.0, 1.0]], [[0.004551063757389784, -0.9998530745506287, 0.016522156074643135, 0.006591796875], [-0.002128962893038988, -0.01653198152780533, -0.9998611211776733, 1.5201301574707031], [0.9999873638153076, 0.004515267908573151, -0.0022038898896425962, -1.4971923828125], [0.0, 0.0, 0.0, 1.0]], [[-0.8334168791770935, -0.5526350140571594, -0.0033106624614447355, 0.90625], [0.0035259563010185957, 0.0006732300971634686, -0.9999935626983643, 1.5041790008544922], [0.5526335835456848, -0.8334231376647949, 0.00138748437166214, -1.1646728515625], [0.0, 0.0, 0.0, 1.0]], [[0.9477733969688416, 0.318937748670578, 0.0021003391593694687, -1.139404296875], [0.012221192941069603, -0.029735172167420387, -0.9994831085205078, 1.5885848999023438], [-0.3187103569507599, 0.9473091959953308, -0.03208000585436821, -0.1044921875], [0.0, 0.0, 0.0, 1.0]], [[0.0028737536631524563, 0.9998014569282532, -0.019720396026968956, 0.0030517578125], [-0.013196720741689205, -0.019680842757225037, -0.9997192621231079, 1.5786056518554688], [-0.9999087452888489, 0.0031332431826740503, 0.013137542642652988, -0.054931640625], [0.0, 0.0, 0.0, 1.0]], [[-0.9344586133956909, 0.3555263876914978, -0.019701382145285606, 1.0335464477539062], [0.019424889236688614, -0.004347710870206356, -0.9998018741607666, 1.5535821914672852], [-0.3555416464805603, -0.9346561431884766, -0.0028433070983737707, -0.1025390625], [0.0, 0.0, 0.0, 1.0]]], "view": [[0.0, -2.0, 100.0], [-2.0, 0.0, 100.0], [0.0, 0.0, 1.0]], "bev": "bev_79ba7282540646939a7177c1e5d78a2e.png", "aux": "aux_79ba7282540646939a7177c1e5d78a2e.npz", "visibility": "visibility_79ba7282540646939a7177c1e5d78a2e.png", "pose": [[0.767302393913269, 0.6412854790687561, 0.0, 1777.235595703125], [-0.6412854790687561, 0.767302393913269, 0.0, 914.8184204101562], [0.0, 0.0, 1.0, 0.0], [0.0, 0.0, 0.0, 1.0]], "pose_inverse": [[0.767302393913269, -0.6412854790687561, 0.0, -777.0172729492188], [0.6412854790687561, 0.767302393913269, 0.0, -1841.65771484375], [0.0, 0.0, 1.0, 0.0], [0.0, 0.0, 0.0, 1.0]], "cam_ids": [0, 1, 2, 3, 4, 5], "cam_channels": ["CAM_FRONT_LEFT", "CAM_FRONT", "CAM_FRONT_RIGHT", "CAM_BACK_LEFT", "CAM_BACK", "CAM_BACK_RIGHT"], "token": "79ba7282540646939a7177c1e5d78a2e", "scene": "scene-0317"}, {"images": ["samples/CAM_FRONT_LEFT/n015-2018-07-27-11-24-31+0800__CAM_FRONT_LEFT__1532662151854844.jpg", "samples/CAM_FRONT/n015-2018-07-27-11-24-31+0800__CAM_FRONT__1532662151862460.jpg", "samples/CAM_FRONT_RIGHT/n015-2018-07-27-11-24-31+0800__CAM_FRONT_RIGHT__1532662151870339.jpg", "samples/CAM_BACK_LEFT/n015-2018-07-27-11-24-31+0800__CAM_BACK_LEFT__1532662151897423.jpg", "samples/CAM_BACK/n015-2018-07-27-11-24-31+0800__CAM_BACK__1532662151887525.jpg", "samples/CAM_BACK_RIGHT/n015-2018-07-27-11-24-31+0800__CAM_BACK_RIGHT__1532662151877893.jpg"], "intrinsics": [[[1272.5979470598488, 0.0, 826.6154927353808], [0.0, 1272.5979470598488, 479.75165386361925], [0.0, 0.0, 1.0]], [[1266.417203046554, 0.0, 816.2670197447984], [0.0, 1266.417203046554, 491.50706579294757], [0.0, 0.0, 1.0]], [[1260.8474446004698, 0.0, 807.968244525554], [0.0, 1260.8474446004698, 495.3344268742088], [0.0, 0.0, 1.0]], [[1256.7414812095406, 0.0, 792.1125740759628], [0.0, 1256.7414812095406, 492.7757465151356], [0.0, 0.0, 1.0]], [[809.2209905677063, 0.0, 829.2196003259838], [0.0, 809.2209905677063, 481.77842384512485], [0.0, 0.0, 1.0]], [[1259.5137405846733, 0.0, 807.2529053838625], [0.0, 1259.5137405846733, 501.19579884916527], [0.0, 0.0, 1.0]]], "extrinsics": [[[0.8203198313713074, -0.5718681216239929, 0.0064956727437675, -0.767425537109375], [-0.0012518484145402908, -0.013153420761227608, -0.999912679195404, 1.5079479217529297], [0.5719035863876343, 0.8202401399612427, -0.01150590367615223, -1.1427001953125], [0.0, 0.0, 0.0, 1.0]], [[0.005100575275719166, -0.9998387694358826, 0.01721646450459957, 0.0064697265625], [-0.0065614464692771435, -0.017249783501029015, -0.9998297095298767, 1.5192375183105469], [0.999965488910675, 0.0049866740591824055, -0.0066483719274401665, -1.49365234375], [0.0, 0.0, 0.0, 1.0]], [[-0.8331607580184937, -0.5530303120613098, 0.0008087345049716532, 0.9029541015625], [-0.0009267700370401144, -6.615293386857957e-05, -0.9999995231628418, 1.5035040378570557], [0.5530301332473755, -0.8331611752510071, -0.0004574144259095192, -1.162353515625], [0.0, 0.0, 0.0, 1.0]], [[0.9477852582931519, 0.31890052556991577, -0.0023559180554002523, -1.137451171875], [0.007758963853120804, -0.030443932861089706, -0.9995063543319702, 1.588592529296875], [-0.31881484389305115, 0.9472991228103638, -0.03132864832878113, -0.10546875], [0.0, 0.0, 0.0, 1.0]], [[0.0025771178770810366, 0.9997872114181519, -0.020470600575208664, 0.0028076171875], [-0.017670512199401855, -0.020421942695975304, -0.9996353387832642, 1.5783004760742188], [-0.9998405575752258, 0.0029378754552453756, 0.017614120617508888, -0.058349609375], [0.0, 0.0, 0.0, 1.0]], [[-0.9346972703933716, 0.3550935983657837, -0.0157978143543005, 1.0296783447265625], [0.01496569812297821, -0.005090050399303436, -0.9998750686645508, 1.5531566143035889], [-0.3551296293735504, -0.9348169565200806, -0.0005565672181546688, -0.103759765625], [0.0, 0.0, 0.0, 1.0]]], "view": [[0.0, -2.0, 100.0], [-2.0, 0.0, 100.0], [0.0, 0.0, 1.0]], "bev": "bev_ca43b17333974874b99a81fc8596a892.png", "aux": "aux_ca43b17333974874b99a81fc8596a892.npz", "visibility": "visibility_ca43b17333974874b99a81fc8596a892.png", "pose": [[0.7748576998710632, 0.6321357488632202, 0.0, 1779.338623046875], [-0.6321357488632202, 0.7748576998710632, 0.0, 913.0778198242188], [0.0, 0.0, 1.0, 0.0], [0.0, 0.0, 0.0, 1.0]], "pose_inverse": [[0.7748576998710632, -0.6321357488632202, 0.0, -801.5451049804688], [0.6321357488632202, 0.7748576998710632, 0.0, -1832.288818359375], [0.0, 0.0, 1.0, 0.0], [0.0, 0.0, 0.0, 1.0]], "cam_ids": [0, 1, 2, 3, 4, 5], "cam_channels": ["CAM_FRONT_LEFT", "CAM_FRONT", "CAM_FRONT_RIGHT", "CAM_BACK_LEFT", "CAM_BACK", "CAM_BACK_RIGHT"], "token": "ca43b17333974874b99a81fc8596a892", "scene": "scene-0317"}, {"images": ["samples/CAM_FRONT_LEFT/n015-2018-07-27-11-24-31+0800__CAM_FRONT_LEFT__1532662152354844.jpg", "samples/CAM_FRONT/n015-2018-07-27-11-24-31+0800__CAM_FRONT__1532662152362460.jpg", "samples/CAM_FRONT_RIGHT/n015-2018-07-27-11-24-31+0800__CAM_FRONT_RIGHT__1532662152370339.jpg", "samples/CAM_BACK_LEFT/n015-2018-07-27-11-24-31+0800__CAM_BACK_LEFT__1532662152397423.jpg", "samples/CAM_BACK/n015-2018-07-27-11-24-31+0800__CAM_BACK__1532662152387525.jpg", "samples/CAM_BACK_RIGHT/n015-2018-07-27-11-24-31+0800__CAM_BACK_RIGHT__1532662152377893.jpg"], "intrinsics": [[[1272.5979470598488, 0.0, 826.6154927353808], [0.0, 1272.5979470598488, 479.75165386361925], [0.0, 0.0, 1.0]], [[1266.417203046554, 0.0, 816.2670197447984], [0.0, 1266.417203046554, 491.50706579294757], [0.0, 0.0, 1.0]], [[1260.8474446004698, 0.0, 807.968244525554], [0.0, 1260.8474446004698, 495.3344268742088], [0.0, 0.0, 1.0]], [[1256.7414812095406, 0.0, 792.1125740759628], [0.0, 1256.7414812095406, 492.7757465151356], [0.0, 0.0, 1.0]], [[809.2209905677063, 0.0, 829.2196003259838], [0.0, 809.2209905677063, 481.77842384512485], [0.0, 0.0, 1.0]], [[1259.5137405846733, 0.0, 807.2529053838625], [0.0, 1259.5137405846733, 501.19579884916527], [0.0, 0.0, 1.0]]], "extrinsics": [[[0.8214309215545654, -0.5702311992645264, 0.009366950951516628, -0.76318359375], [0.0008574380190111697, -0.015189525671303272, -0.9998842477798462, 1.5084781646728516], [0.5703073740005493, 0.8213438391685486, -0.011988206766545773, -1.141845703125], [0.0, 0.0, 0.0, 1.0]], [[0.00669644121080637, -0.999794602394104, 0.01913062110543251, 0.007568359375], [-0.004370629321783781, -0.019160129129886627, -0.9998069405555725, 1.5196762084960938], [0.9999680519104004, 0.006611560937017202, -0.004498036578297615, -1.4896240234375], [0.0, 0.0, 0.0, 1.0]], [[-0.8324512243270874, -0.5540982484817505, -7.32475018594414e-05, 0.900634765625], [0.0012973747216165066, -0.0018169217510148883, -0.9999974966049194, 1.5038559436798096], [0.5540967583656311, -0.8324493169784546, 0.002231373218819499, -1.15966796875], [0.0, 0.0, 0.0, 1.0]], [[0.9477652907371521, 0.3189682066440582, -0.0005253854324109852, -1.1348876953125], [0.010097946040332317, -0.03165073320269585, -0.9994480013847351, 1.5886344909667969], [-0.31880873441696167, 0.9472367763519287, -0.0332183912396431, -0.1063232421875], [0.0, 0.0, 0.0, 1.0]], [[0.002110367873683572, 0.9997591972351074, -0.021843332797288895, 0.0025634765625], [-0.015343576669692993, -0.021808436140418053, -0.99964439868927, 1.5784034729003906], [-0.9998800754547119, 0.0024447443429380655, 0.015293858014047146, -0.061279296875], [0.0, 0.0, 0.0, 1.0]], [[-0.9349944591522217, 0.35418054461479187, -0.018477018922567368, 1.026580810546875], [0.01723257265985012, -0.006667515728622675, -0.9998292922973633, 1.5534703731536865], [-0.35424327850341797, -0.9351533055305481, 0.00013064757513348013, -0.10400390625], [0.0, 0.0, 0.0, 1.0]]], "view": [[0.0, -2.0, 100.0], [-2.0, 0.0, 100.0], [0.0, 0.0, 1.0]], "bev": "bev_af034dc2572a4760b9363daed09359e3.png", "aux": "aux_af034dc2572a4760b9363daed09359e3.npz", "visibility": "visibility_af034dc2572a4760b9363daed09359e3.png", "pose": [[0.7711676955223083, 0.6366320848464966, 0.0, 1781.4947509765625], [-0.6366320848464966, 0.7711676955223083, 0.0, 911.3020629882812], [0.0, 0.0, 1.0, 0.0], [0.0, 0.0, 0.0, 1.0]], "pose_inverse": [[0.7711676955223083, -0.6366320848464966, 0.0, -793.6670532226562], [0.6366320848464966, 0.7711676955223083, 0.0, -1836.9234619140625], [0.0, 0.0, 1.0, 0.0], [0.0, 0.0, 0.0, 1.0]], "cam_ids": [0, 1, 2, 3, 4, 5], "cam_channels": ["CAM_FRONT_LEFT", "CAM_FRONT", "CAM_FRONT_RIGHT", "CAM_BACK_LEFT", "CAM_BACK", "CAM_BACK_RIGHT"], "token": "af034dc2572a4760b9363daed09359e3", "scene": "scene-0317"}, {"images": ["samples/CAM_FRONT_LEFT/n015-2018-07-27-11-24-31+0800__CAM_FRONT_LEFT__1532662152904844.jpg", "samples/CAM_FRONT/n015-2018-07-27-11-24-31+0800__CAM_FRONT__1532662152912460.jpg", "samples/CAM_FRONT_RIGHT/n015-2018-07-27-11-24-31+0800__CAM_FRONT_RIGHT__1532662152920339.jpg", "samples/CAM_BACK_LEFT/n015-2018-07-27-11-24-31+0800__CAM_BACK_LEFT__1532662152947423.jpg", "samples/CAM_BACK/n015-2018-07-27-11-24-31+0800__CAM_BACK__1532662152937525.jpg", "samples/CAM_BACK_RIGHT/n015-2018-07-27-11-24-31+0800__CAM_BACK_RIGHT__1532662152927893.jpg"], "intrinsics": [[[1272.5979470598488, 0.0, 826.6154927353808], [0.0, 1272.5979470598488, 479.75165386361925], [0.0, 0.0, 1.0]], [[1266.417203046554, 0.0, 816.2670197447984], [0.0, 1266.417203046554, 491.50706579294757], [0.0, 0.0, 1.0]], [[1260.8474446004698, 0.0, 807.968244525554], [0.0, 1260.8474446004698, 495.3344268742088], [0.0, 0.0, 1.0]], [[1256.7414812095406, 0.0, 792.1125740759628], [0.0, 1256.7414812095406, 492.7757465151356], [0.0, 0.0, 1.0]], [[809.2209905677063, 0.0, 829.2196003259838], [0.0, 809.2209905677063, 481.77842384512485], [0.0, 0.0, 1.0]], [[1259.5137405846733, 0.0, 807.2529053838625], [0.0, 1259.5137405846733, 501.19579884916527], [0.0, 0.0, 1.0]]], "extrinsics": [[[0.8214236497879028, -0.5703146457672119, -0.0021173572167754173, -0.773040771484375], [-0.009499908424913883, -0.009970448911190033, -0.9999051690101624, 1.5060443878173828], [0.5702394247055054, 0.8213657736778259, -0.013607896864414215, -1.1484375], [0.0, 0.0, 0.0, 1.0]], [[0.006710672285407782, -0.9998820424079895, 0.01381326001137495, 0.0072021484375], [-0.014951112680137157, -0.013912352733314037, -0.9997914433479309, 1.5176658630371094], [0.999865710735321, 0.0065026795491576195, -0.015042710117995739, -1.499755859375], [0.0, 0.0, 0.0, 1.0]], [[-0.832541823387146, -0.5539296269416809, 0.006011751014739275, 0.90673828125], [-0.009503825567662716, 0.003431644756346941, -0.9999489188194275, 1.5022097826004028], [0.5538806915283203, -0.8325564861297607, -0.008121436461806297, -1.16455078125], [0.0, 0.0, 0.0, 1.0]], [[0.9477399587631226, 0.31890007853507996, -0.009578133933246136, -1.1351318359375], [-0.0012490288354456425, -0.026312485337257385, -0.9996529817581177, 1.5885391235351562], [-0.3190414607524872, 0.9474230408668518, -0.024539077654480934, -0.1058349609375], [0.0, 0.0, 0.0, 1.0]], [[0.002046890091150999, 0.9998598694801331, -0.016619538888335228, 0.0028076171875], [-0.026553163304924965, -0.01655936986207962, -0.9995102286338806, 1.5777511596679688], [-0.9996452927589417, 0.002487187273800373, 0.026515543460845947, -0.05853271484375], [0.0, 0.0, 0.0, 1.0]], [[-0.9350461959838867, 0.3544694483280182, -0.006329466123133898, 1.0319862365722656], [0.006225474178791046, -0.0014337807660922408, -0.999979555606842, 1.5521421432495117], [-0.35447126626968384, -0.9350664615631104, -0.0008660913445055485, -0.1025390625], [0.0, 0.0, 0.0, 1.0]]], "view": [[0.0, -2.0, 100.0], [-2.0, 0.0, 100.0], [0.0, 0.0, 1.0]], "bev": "bev_e475e4f134144aa1a23276fa6ab386b1.png", "aux": "aux_e475e4f134144aa1a23276fa6ab386b1.npz", "visibility": "visibility_e475e4f134144aa1a23276fa6ab386b1.png", "pose": [[0.7582220435142517, 0.6519964337348938, 0.0, 1783.773193359375], [-0.6519964337348938, 0.7582220435142517, 0.0, 909.353515625], [0.0, 0.0, 1.0, 0.0], [0.0, 0.0, 0.0, 1.0]], "pose_inverse": [[0.7582220435142517, -0.6519964337348938, 0.0, -759.6009521484375], [0.6519964337348938, 0.7582220435142517, 0.0, -1852.505615234375], [0.0, 0.0, 1.0, 0.0], [0.0, 0.0, 0.0, 1.0]], "cam_ids": [0, 1, 2, 3, 4, 5], "cam_channels": ["CAM_FRONT_LEFT", "CAM_FRONT", "CAM_FRONT_RIGHT", "CAM_BACK_LEFT", "CAM_BACK", "CAM_BACK_RIGHT"], "token": "e475e4f134144aa1a23276fa6ab386b1", "scene": "scene-0317"}, {"images": ["samples/CAM_FRONT_LEFT/n015-2018-07-27-11-24-31+0800__CAM_FRONT_LEFT__1532662153404844.jpg", "samples/CAM_FRONT/n015-2018-07-27-11-24-31+0800__CAM_FRONT__1532662153412460.jpg", "samples/CAM_FRONT_RIGHT/n015-2018-07-27-11-24-31+0800__CAM_FRONT_RIGHT__1532662153420339.jpg", "samples/CAM_BACK_LEFT/n015-2018-07-27-11-24-31+0800__CAM_BACK_LEFT__1532662153447423.jpg", "samples/CAM_BACK/n015-2018-07-27-11-24-31+0800__CAM_BACK__1532662153437525.jpg", "samples/CAM_BACK_RIGHT/n015-2018-07-27-11-24-31+0800__CAM_BACK_RIGHT__1532662153427893.jpg"], "intrinsics": [[[1272.5979470598488, 0.0, 826.6154927353808], [0.0, 1272.5979470598488, 479.75165386361925], [0.0, 0.0, 1.0]], [[1266.417203046554, 0.0, 816.2670197447984], [0.0, 1266.417203046554, 491.50706579294757], [0.0, 0.0, 1.0]], [[1260.8474446004698, 0.0, 807.968244525554], [0.0, 1260.8474446004698, 495.3344268742088], [0.0, 0.0, 1.0]], [[1256.7414812095406, 0.0, 792.1125740759628], [0.0, 1256.7414812095406, 492.7757465151356], [0.0, 0.0, 1.0]], [[809.2209905677063, 0.0, 829.2196003259838], [0.0, 809.2209905677063, 481.77842384512485], [0.0, 0.0, 1.0]], [[1259.5137405846733, 0.0, 807.2529053838625], [0.0, 1259.5137405846733, 501.19579884916527], [0.0, 0.0, 1.0]]], "extrinsics": [[[0.8203355073928833, -0.5717923045158386, -0.010161906480789185, -0.79034423828125], [-0.013132056221365929, -0.0010697367833927274, -0.999913215637207, 1.5054683685302734], [0.5717317461967468, 0.8203977942466736, -0.008386350236833096, -1.16064453125], [0.0, 0.0, 0.0, 1.0]], [[0.005327762570232153, -0.9999728798866272, 0.005080639850348234, 0.007568359375], [-0.018386267125606537, -0.005177811253815889, -0.9998175501823425, 1.5173397064208984], [0.9998167157173157, 0.005233426112681627, -0.018413355574011803, -1.5181884765625], [0.0, 0.0, 0.0, 1.0]], [[-0.8330863118171692, -0.5531288385391235, 0.003962918184697628, 0.9200439453125], [-0.012711071409285069, 0.01198112778365612, -0.9998473525047302, 1.501901626586914], [0.5529969334602356, -0.8330095410346985, -0.01701217330992222, -1.17236328125], [0.0, 0.0, 0.0, 1.0]], [[0.9476911425590515, 0.31904473900794983, -0.009591050446033478, -1.1356201171875], [-0.0038596561644226313, -0.01859162375330925, -0.9998196363449097, 1.5885238647460938], [-0.31916549801826477, 0.947557270526886, -0.016387714073061943, -0.10595703125], [0.0, 0.0, 0.0, 1.0]], [[0.0024076569825410843, 0.9999607801437378, -0.008520307950675488, 0.00244140625], [-0.029347805306315422, -0.008446008898317814, -0.9995335936546326, 1.5777740478515625], [-0.999566376209259, 0.0026564933359622955, 0.029326317831873894, -0.05206298828125], [0.0, 0.0, 0.0, 1.0]], [[-0.9347913861274719, 0.35519665479660034, -0.0005473585915751755, 1.0427360534667969], [0.0032188366167247295, 0.006930236704647541, -0.9999707937240601, 1.551762580871582], [-0.3551824986934662, -0.9347659349441528, -0.007621646858751774, -0.09814453125], [0.0, 0.0, 0.0, 1.0]]], "view": [[0.0, -2.0, 100.0], [-2.0, 0.0, 100.0], [0.0, 0.0, 1.0]], "bev": "bev_d66455960b12453c8d902fa4402bf416.png", "aux": "aux_d66455960b12453c8d902fa4402bf416.npz", "visibility": "visibility_d66455960b12453c8d902fa4402bf416.png", "pose": [[0.7595000267028809, 0.6505072712898254, 0.0, 1785.7288818359375], [-0.6505072712898254, 0.7595000267028809, 0.0, 907.652099609375], [0.0, 0.0, 1.0, 0.0], [0.0, 0.0, 0.0, 1.0]], "pose_inverse": [[0.7595000267028809, -0.6505072712898254, 0.0, -765.826904296875], [0.6505072712898254, 0.7595000267028809, 0.0, -1850.9913330078125], [0.0, 0.0, 1.0, 0.0], [0.0, 0.0, 0.0, 1.0]], "cam_ids": [0, 1, 2, 3, 4, 5], "cam_channels": ["CAM_FRONT_LEFT", "CAM_FRONT", "CAM_FRONT_RIGHT", "CAM_BACK_LEFT", "CAM_BACK", "CAM_BACK_RIGHT"], "token": "d66455960b12453c8d902fa4402bf416", "scene": "scene-0317"}, {"images": ["samples/CAM_FRONT_LEFT/n015-2018-07-27-11-24-31+0800__CAM_FRONT_LEFT__1532662153904844.jpg", "samples/CAM_FRONT/n015-2018-07-27-11-24-31+0800__CAM_FRONT__1532662153912460.jpg", "samples/CAM_FRONT_RIGHT/n015-2018-07-27-11-24-31+0800__CAM_FRONT_RIGHT__1532662153920339.jpg", "samples/CAM_BACK_LEFT/n015-2018-07-27-11-24-31+0800__CAM_BACK_LEFT__1532662153947423.jpg", "samples/CAM_BACK/n015-2018-07-27-11-24-31+0800__CAM_BACK__1532662153937525.jpg", "samples/CAM_BACK_RIGHT/n015-2018-07-27-11-24-31+0800__CAM_BACK_RIGHT__1532662153927893.jpg"], "intrinsics": [[[1272.5979470598488, 0.0, 826.6154927353808], [0.0, 1272.5979470598488, 479.75165386361925], [0.0, 0.0, 1.0]], [[1266.417203046554, 0.0, 816.2670197447984], [0.0, 1266.417203046554, 491.50706579294757], [0.0, 0.0, 1.0]], [[1260.8474446004698, 0.0, 807.968244525554], [0.0, 1260.8474446004698, 495.3344268742088], [0.0, 0.0, 1.0]], [[1256.7414812095406, 0.0, 792.1125740759628], [0.0, 1256.7414812095406, 492.7757465151356], [0.0, 0.0, 1.0]], [[809.2209905677063, 0.0, 829.2196003259838], [0.0, 809.2209905677063, 481.77842384512485], [0.0, 0.0, 1.0]], [[1259.5137405846733, 0.0, 807.2529053838625], [0.0, 1259.5137405846733, 501.19579884916527], [0.0, 0.0, 1.0]]], "extrinsics": [[[0.8194948434829712, -0.5730645656585693, -0.005032416433095932, -0.81103515625], [-0.008676443248987198, -0.0036263035144656897, -0.9999557733535767, 1.5066347122192383], [0.5730209350585938, 0.8195022344589233, -0.007943900302052498, -1.1744384765625], [0.0, 0.0, 0.0, 1.0]], [[0.004011055454611778, -0.9999627470970154, 0.0076476167887449265, 0.0069580078125], [-0.013861841522157192, -0.007702542468905449, -0.9998742938041687, 1.5184192657470703], [0.9998958110809326, 0.003904537530615926, -0.013892219401896, -1.5389404296875], [0.0, 0.0, 0.0, 1.0]], [[-0.8336747288703918, -0.5522536635398865, 0.0015119240852072835, 0.93359375], [-0.00808960571885109, 0.009474439546465874, -0.9999223351478577, 1.502664566040039], [0.5521965026855469, -0.8336222767829895, -0.012366114184260368, -1.181640625], [0.0, 0.0, 0.0, 1.0]], [[0.9477578401565552, 0.3189374506473541, -0.005827898159623146, -1.1368408203125], [0.0009370522457174957, -0.02105334959924221, -0.9997779130935669, 1.58856201171875], [-0.3189893066883087, 0.9475418925285339, -0.02025233954191208, -0.1058349609375], [0.0, 0.0, 0.0, 1.0]], [[0.0028705173172056675, 0.9999350905418396, -0.0110315578058362, 0.00244140625], [-0.024594074115157127, -0.010957673192024231, -0.9996374845504761, 1.5782012939453125], [-0.9996933341026306, 0.0031408164650201797, 0.024561021476984024, -0.04510498046875], [0.0, 0.0, 0.0, 1.0]], [[-0.9345041513442993, 0.3559046685695648, -0.005820902995765209, 1.0540771484375], [0.00791018083691597, 0.00441531790420413, -0.9999589920043945, 1.5521345138549805], [-0.35586434602737427, -0.9345118403434753, -0.006941403727978468, -0.093994140625], [0.0, 0.0, 0.0, 1.0]]], "view": [[0.0, -2.0, 100.0], [-2.0, 0.0, 100.0], [0.0, 0.0, 1.0]], "bev": "bev_5210607d92ae454b8a2342a2eec79842.png", "aux": "aux_5210607d92ae454b8a2342a2eec79842.npz", "visibility": "visibility_5210607d92ae454b8a2342a2eec79842.png", "pose": [[0.7730652093887329, 0.6343265771865845, 0.0, 1787.4407958984375], [-0.6343265771865845, 0.7730652093887329, 0.0, 906.1889038085938], [0.0, 0.0, 1.0, 0.0], [0.0, 0.0, 0.0, 1.0]], "pose_inverse": [[0.7730652093887329, -0.6343265771865845, 0.0, -806.9885864257812], [0.6343265771865845, 0.7730652093887329, 0.0, -1834.3642578125], [0.0, 0.0, 1.0, 0.0], [0.0, 0.0, 0.0, 1.0]], "cam_ids": [0, 1, 2, 3, 4, 5], "cam_channels": ["CAM_FRONT_LEFT", "CAM_FRONT", "CAM_FRONT_RIGHT", "CAM_BACK_LEFT", "CAM_BACK", "CAM_BACK_RIGHT"], "token": "5210607d92ae454b8a2342a2eec79842", "scene": "scene-0317"}, {"images": ["samples/CAM_FRONT_LEFT/n015-2018-07-27-11-24-31+0800__CAM_FRONT_LEFT__1532662154404844.jpg", "samples/CAM_FRONT/n015-2018-07-27-11-24-31+0800__CAM_FRONT__1532662154412460.jpg", "samples/CAM_FRONT_RIGHT/n015-2018-07-27-11-24-31+0800__CAM_FRONT_RIGHT__1532662154420339.jpg", "samples/CAM_BACK_LEFT/n015-2018-07-27-11-24-31+0800__CAM_BACK_LEFT__1532662154447423.jpg", "samples/CAM_BACK/n015-2018-07-27-11-24-31+0800__CAM_BACK__1532662154437525.jpg", "samples/CAM_BACK_RIGHT/n015-2018-07-27-11-24-31+0800__CAM_BACK_RIGHT__1532662154427893.jpg"], "intrinsics": [[[1272.5979470598488, 0.0, 826.6154927353808], [0.0, 1272.5979470598488, 479.75165386361925], [0.0, 0.0, 1.0]], [[1266.417203046554, 0.0, 816.2670197447984], [0.0, 1266.417203046554, 491.50706579294757], [0.0, 0.0, 1.0]], [[1260.8474446004698, 0.0, 807.968244525554], [0.0, 1260.8474446004698, 495.3344268742088], [0.0, 0.0, 1.0]], [[1256.7414812095406, 0.0, 792.1125740759628], [0.0, 1256.7414812095406, 492.7757465151356], [0.0, 0.0, 1.0]], [[809.2209905677063, 0.0, 829.2196003259838], [0.0, 809.2209905677063, 481.77842384512485], [0.0, 0.0, 1.0]], [[1259.5137405846733, 0.0, 807.2529053838625], [0.0, 1259.5137405846733, 501.19579884916527], [0.0, 0.0, 1.0]]], "extrinsics": [[[0.8199065327644348, -0.57249516248703, -0.0015448479680344462, -0.8204345703125], [-0.005053175147622824, -0.004538587760180235, -0.9999768733978271, 1.5073661804199219], [0.5724748969078064, 0.8198954463005066, -0.0066141365095973015, -1.1807861328125], [0.0, 0.0, 0.0, 1.0]], [[0.004541018977761269, -0.9999542832374573, 0.008410417474806309, 0.00634765625], [-0.010354765690863132, -0.00845707394182682, -0.9999106526374817, 1.5190315246582031], [0.999936044216156, 0.004453632980585098, -0.010392695665359497, -1.54656982421875], [0.0, 0.0, 0.0, 1.0]], [[-0.8334389328956604, -0.5526105165481567, -0.000983738573268056, 0.9373779296875], [-0.004714474081993103, 0.008890374563634396, -0.9999493360519409, 1.5031013488769531], [0.5525913238525391, -0.8333920836448669, -0.01001485250890255, -1.1849365234375], [0.0, 0.0, 0.0, 1.0]], [[0.9477524757385254, 0.3189926743507385, -0.0029670684598386288, -1.1376953125], [0.003919503651559353, -0.02094440907239914, -0.9997729063034058, 1.5885696411132812], [-0.31898239254951477, 0.947525680065155, -0.02110040932893753, -0.1051025390625], [0.0, 0.0, 0.0, 1.0]], [[0.0027323865797370672, 0.9999341368675232, -0.01114524807780981, 0.0028076171875], [-0.02149154059588909, -0.01108399499207735, -0.9997075796127319, 1.5783958435058594], [-0.9997652173042297, 0.0029711525421589613, 0.02145984210073948, -0.042724609375], [0.0, 0.0, 0.0, 1.0]], [[-0.9345925450325012, 0.3556063771247864, -0.009000059217214584, 1.057891845703125], [0.011159742251038551, 0.004022382199764252, -0.999929666519165, 1.5523805618286133], [-0.3555450737476349, -0.9346272349357605, -0.00772776547819376, -0.0931396484375], [0.0, 0.0, 0.0, 1.0]]], "view": [[0.0, -2.0, 100.0], [-2.0, 0.0, 100.0], [0.0, 0.0, 1.0]], "bev": "bev_ccfb4848cd9f48d288c08749daee909a.png", "aux": "aux_ccfb4848cd9f48d288c08749daee909a.npz", "visibility": "visibility_ccfb4848cd9f48d288c08749daee909a.png", "pose": [[0.7858734726905823, 0.6183872818946838, 0.0, 1789.0479736328125], [-0.6183872818946838, 0.7858734726905823, 0.0, 904.8847045898438], [0.0, 0.0, 1.0, 0.0], [0.0, 0.0, 0.0, 1.0]], "pose_inverse": [[0.7858734726905823, -0.6183872818946838, 0.0, -846.3961791992188], [0.6183872818946838, 0.7858734726905823, 0.0, -1817.449462890625], [0.0, 0.0, 1.0, 0.0], [0.0, 0.0, 0.0, 1.0]], "cam_ids": [0, 1, 2, 3, 4, 5], "cam_channels": ["CAM_FRONT_LEFT", "CAM_FRONT", "CAM_FRONT_RIGHT", "CAM_BACK_LEFT", "CAM_BACK", "CAM_BACK_RIGHT"], "token": "ccfb4848cd9f48d288c08749daee909a", "scene": "scene-0317"}, {"images": ["samples/CAM_FRONT_LEFT/n015-2018-07-27-11-24-31+0800__CAM_FRONT_LEFT__1532662154904844.jpg", "samples/CAM_FRONT/n015-2018-07-27-11-24-31+0800__CAM_FRONT__1532662154912460.jpg", "samples/CAM_FRONT_RIGHT/n015-2018-07-27-11-24-31+0800__CAM_FRONT_RIGHT__1532662154920339.jpg", "samples/CAM_BACK_LEFT/n015-2018-07-27-11-24-31+0800__CAM_BACK_LEFT__1532662154947423.jpg", "samples/CAM_BACK/n015-2018-07-27-11-24-31+0800__CAM_BACK__1532662154937525.jpg", "samples/CAM_BACK_RIGHT/n015-2018-07-27-11-24-31+0800__CAM_BACK_RIGHT__1532662154927893.jpg"], "intrinsics": [[[1272.5979470598488, 0.0, 826.6154927353808], [0.0, 1272.5979470598488, 479.75165386361925], [0.0, 0.0, 1.0]], [[1266.417203046554, 0.0, 816.2670197447984], [0.0, 1266.417203046554, 491.50706579294757], [0.0, 0.0, 1.0]], [[1260.8474446004698, 0.0, 807.968244525554], [0.0, 1260.8474446004698, 495.3344268742088], [0.0, 0.0, 1.0]], [[1256.7414812095406, 0.0, 792.1125740759628], [0.0, 1256.7414812095406, 492.7757465151356], [0.0, 0.0, 1.0]], [[809.2209905677063, 0.0, 829.2196003259838], [0.0, 809.2209905677063, 481.77842384512485], [0.0, 0.0, 1.0]], [[1259.5137405846733, 0.0, 807.2529053838625], [0.0, 1259.5137405846733, 501.19579884916527], [0.0, 0.0, 1.0]]], "extrinsics": [[[0.8195505142211914, -0.5730015635490417, -0.002477617235854268, -0.826080322265625], [-0.003482990898191929, -0.0006577392923645675, -0.9999937415122986, 1.507659912109375], [0.5729962587356567, 0.8195540904998779, -0.0025348099879920483, -1.1839599609375], [0.0, 0.0, 0.0, 1.0]], [[0.003975041210651398, -0.9999819397926331, 0.004501816350966692, 0.0059814453125], [-0.008806299418210983, -0.004536683205515146, -0.9999509453773499, 1.5193023681640625], [0.9999532699584961, 0.0039351945742964745, -0.008824173361063004, -1.5526123046875], [0.0, 0.0, 0.0, 1.0]], [[-0.8336880207061768, -0.5522176623344421, -0.004444683901965618, 0.9415283203125], [-0.0031768889166414738, 0.012844262644648552, -0.999912440776825, 1.5032958984375], [0.5522264242172241, -0.8336009383201599, -0.012462442740797997, -1.188232421875], [0.0, 0.0, 0.0, 1.0]], [[0.947733461856842, 0.3190626800060272, -0.0004014168807771057, -1.13818359375], [0.005313275381922722, -0.017040297389030457, -0.9998406767845154, 1.5885639190673828], [-0.319018691778183, 0.9475804567337036, -0.017844928428530693, -0.104248046875], [0.0, 0.0, 0.0, 1.0]], [[0.0029110978357493877, 0.9999697804450989, -0.007217937149107456, 0.0032958984375], [-0.020029546692967415, -0.007158211898058653, -0.9997738003730774, 1.5785083770751953], [-0.999795138835907, 0.0030550311785191298, 0.02000810205936432, -0.04046630859375], [0.0, 0.0, 0.0, 1.0]], [[-0.9344604015350342, 0.3559533357620239, -0.008995802141726017, 1.0617218017578125], [0.012664299458265305, 0.007977140136063099, -0.999888002872467, 1.5524654388427734], [-0.3558417558670044, -0.9344696998596191, -0.011962220072746277, -0.09228515625], [0.0, 0.0, 0.0, 1.0]]], "view": [[0.0, -2.0, 100.0], [-2.0, 0.0, 100.0], [0.0, 0.0, 1.0]], "bev": "bev_cec98887b514426cba7914ec43606ada.png", "aux": "aux_cec98887b514426cba7914ec43606ada.npz", "visibility": "visibility_cec98887b514426cba7914ec43606ada.png", "pose": [[0.7982081174850464, 0.6023817658424377, 0.0, 1790.58935546875], [-0.6023817658424377, 0.7982081174850464, 0.0, 903.6805419921875], [0.0, 0.0, 1.0, 0.0], [0.0, 0.0, 0.0, 1.0]], "pose_inverse": [[0.7982081174850464, -0.6023817658424377, 0.0, -884.9022216796875], [0.6023817658424377, 0.7982081174850464, 0.0, -1799.943603515625], [0.0, 0.0, 1.0, 0.0], [0.0, 0.0, 0.0, 1.0]], "cam_ids": [0, 1, 2, 3, 4, 5], "cam_channels": ["CAM_FRONT_LEFT", "CAM_FRONT", "CAM_FRONT_RIGHT", "CAM_BACK_LEFT", "CAM_BACK", "CAM_BACK_RIGHT"], "token": "cec98887b514426cba7914ec43606ada", "scene": "scene-0317"}, {"images": ["samples/CAM_FRONT_LEFT/n015-2018-07-27-11-24-31+0800__CAM_FRONT_LEFT__1532662155404844.jpg", "samples/CAM_FRONT/n015-2018-07-27-11-24-31+0800__CAM_FRONT__1532662155412460.jpg", "samples/CAM_FRONT_RIGHT/n015-2018-07-27-11-24-31+0800__CAM_FRONT_RIGHT__1532662155420339.jpg", "samples/CAM_BACK_LEFT/n015-2018-07-27-11-24-31+0800__CAM_BACK_LEFT__1532662155447423.jpg", "samples/CAM_BACK/n015-2018-07-27-11-24-31+0800__CAM_BACK__1532662155437525.jpg", "samples/CAM_BACK_RIGHT/n015-2018-07-27-11-24-31+0800__CAM_BACK_RIGHT__1532662155427893.jpg"], "intrinsics": [[[1272.5979470598488, 0.0, 826.6154927353808], [0.0, 1272.5979470598488, 479.75165386361925], [0.0, 0.0, 1.0]], [[1266.417203046554, 0.0, 816.2670197447984], [0.0, 1266.417203046554, 491.50706579294757], [0.0, 0.0, 1.0]], [[1260.8474446004698, 0.0, 807.968244525554], [0.0, 1260.8474446004698, 495.3344268742088], [0.0, 0.0, 1.0]], [[1256.7414812095406, 0.0, 792.1125740759628], [0.0, 1256.7414812095406, 492.7757465151356], [0.0, 0.0, 1.0]], [[809.2209905677063, 0.0, 829.2196003259838], [0.0, 809.2209905677063, 481.77842384512485], [0.0, 0.0, 1.0]], [[1259.5137405846733, 0.0, 807.2529053838625], [0.0, 1259.5137405846733, 501.19579884916527], [0.0, 0.0, 1.0]]], "extrinsics": [[[0.8189092874526978, -0.5739153027534485, -0.002939479425549507, -0.829833984375], [-0.002460429212078452, 0.0016110357828438282, -0.9999956488609314, 1.5078418254852295], [0.5739176273345947, 0.8189130425453186, -9.278571087634191e-05, -1.1861572265625], [0.0, 0.0, 0.0, 1.0]], [[0.002980017103254795, -0.9999926686286926, 0.0023804169613868, 0.005615234375], [-0.0077118296176195145, -0.0024033382069319487, -0.9999673962593079, 1.5194854736328125], [0.9999657869338989, 0.002961522899568081, -0.007718935608863831, -1.55645751953125], [0.0, 0.0, 0.0, 1.0]], [[-0.8341305255889893, -0.5515285134315491, -0.006518730893731117, 0.9437255859375], [-0.0019891466945409775, 0.014826450496912003, -0.9998880624771118, 1.5034332275390625], [0.5515634417533875, -0.83402419090271, -0.013464266434311867, -1.18994140625], [0.0, 0.0, 0.0, 1.0]], [[0.9477509260177612, 0.31900689005851746, 0.001657564309425652, -1.1387939453125], [0.006927338894456625, -0.015385450795292854, -0.9998576045036316, 1.5885791778564453], [-0.31893590092658997, 0.9476274847984314, -0.016791444271802902, -0.104736328125], [0.0, 0.0, 0.0, 1.0]], [[0.0032366665545850992, 0.9999797940254211, -0.005482083652168512, 0.003173828125], [-0.01860910840332508, -0.005420932080596685, -0.9998121857643127, 1.578592300415039], [-0.9998216032981873, 0.003338106442242861, 0.01859118603169918, -0.03912353515625], [0.0, 0.0, 0.0, 1.0]], [[-0.9342374205589294, 0.35652437806129456, -0.00953042320907116, 1.06378173828125], [0.013947922736406326, 0.009821584448218346, -0.9998545050621033, 1.5525341033935547], [-0.3563789129257202, -0.9342344403266907, -0.014148468151688576, -0.0914306640625], [0.0, 0.0, 0.0, 1.0]]], "view": [[0.0, -2.0, 100.0], [-2.0, 0.0, 100.0], [0.0, 0.0, 1.0]], "bev": "bev_908f3ed0ecce460e97f28af1287d05aa.png", "aux": "aux_908f3ed0ecce460e97f28af1287d05aa.npz", "visibility": "visibility_908f3ed0ecce460e97f28af1287d05aa.png", "pose": [[0.8179265260696411, 0.575322687625885, 0.0, 1792.1099853515625], [-0.575322687625885, 0.8179265260696411, 0.0, 902.5533447265625], [0.0, 0.0, 1.0, 0.0], [0.0, 0.0, 0.0, 1.0]], "pose_inverse": [[0.8179265260696411, -0.575322687625885, 0.0, -946.554931640625], [0.575322687625885, 0.8179265260696411, 0.0, -1769.2637939453125], [0.0, 0.0, 1.0, 0.0], [0.0, 0.0, 0.0, 1.0]], "cam_ids": [0, 1, 2, 3, 4, 5], "cam_channels": ["CAM_FRONT_LEFT", "CAM_FRONT", "CAM_FRONT_RIGHT", "CAM_BACK_LEFT", "CAM_BACK", "CAM_BACK_RIGHT"], "token": "908f3ed0ecce460e97f28af1287d05aa", "scene": "scene-0317"}, {"images": ["samples/CAM_FRONT_LEFT/n015-2018-07-27-11-24-31+0800__CAM_FRONT_LEFT__1532662155904844.jpg", "samples/CAM_FRONT/n015-2018-07-27-11-24-31+0800__CAM_FRONT__1532662155912460.jpg", "samples/CAM_FRONT_RIGHT/n015-2018-07-27-11-24-31+0800__CAM_FRONT_RIGHT__1532662155920339.jpg", "samples/CAM_BACK_LEFT/n015-2018-07-27-11-24-31+0800__CAM_BACK_LEFT__1532662155947423.jpg", "samples/CAM_BACK/n015-2018-07-27-11-24-31+0800__CAM_BACK__1532662155937525.jpg", "samples/CAM_BACK_RIGHT/n015-2018-07-27-11-24-31+0800__CAM_BACK_RIGHT__1532662155927893.jpg"], "intrinsics": [[[1272.5979470598488, 0.0, 826.6154927353808], [0.0, 1272.5979470598488, 479.75165386361925], [0.0, 0.0, 1.0]], [[1266.417203046554, 0.0, 816.2670197447984], [0.0, 1266.417203046554, 491.50706579294757], [0.0, 0.0, 1.0]], [[1260.8474446004698, 0.0, 807.968244525554], [0.0, 1260.8474446004698, 495.3344268742088], [0.0, 0.0, 1.0]], [[1256.7414812095406, 0.0, 792.1125740759628], [0.0, 1256.7414812095406, 492.7757465151356], [0.0, 0.0, 1.0]], [[809.2209905677063, 0.0, 829.2196003259838], [0.0, 809.2209905677063, 481.77842384512485], [0.0, 0.0, 1.0]], [[1259.5137405846733, 0.0, 807.2529053838625], [0.0, 1259.5137405846733, 501.19579884916527], [0.0, 0.0, 1.0]]], "extrinsics": [[[0.8185775279998779, -0.5743960738182068, -0.00024525687331333756, -0.8359527587890625], [0.0005716008599847555, 0.0012415758101269603, -0.9999990463256836, 1.5083402395248413], [0.5743958353996277, 0.8185766339302063, 0.0013446511002257466, -1.1884765625], [0.0, 0.0, 0.0, 1.0]], [[0.002662510145455599, -0.9999925494194031, 0.002786571392789483, 0.004638671875], [-0.0048571922816336155, -0.0027994809206575155, -0.9999843239784241, 1.5199041366577148], [0.9999846816062927, 0.0026488900184631348, -0.0048646098002791405, -1.563232421875], [0.0, 0.0, 0.0, 1.0]], [[-0.8341842889785767, -0.5514200329780579, -0.008513360284268856, 0.948974609375], [0.0006863104645162821, 0.014399128966033459, -0.9998960494995117, 1.5037212371826172], [0.5514852404594421, -0.834103524684906, -0.011633080430328846, -1.1943359375], [0.0, 0.0, 0.0, 1.0]], [[0.9477145075798035, 0.31910136342048645, 0.0034197892528027296, -1.14111328125], [0.008975215256214142, -0.01594078540802002, -0.9998326301574707, 1.5885505676269531], [-0.31899335980415344, 0.9475865960121155, -0.01797131448984146, -0.1033935546875], [0.0, 0.0, 0.0, 1.0]], [[0.003257746808230877, 0.9999768733978271, -0.005971463862806559, 0.003662109375], [-0.016330406069755554, -0.005917500238865614, -0.9998491406440735, 1.5787525177001953], [-0.9998613595962524, 0.003354724496603012, 0.01631075143814087, -0.03485107421875], [0.0, 0.0, 0.0, 1.0]], [[-0.9341812133789062, 0.35659629106521606, -0.012025635689496994, 1.06927490234375], [0.016446804627776146, 0.009368613362312317, -0.99982088804245, 1.552642822265625], [-0.35641977190971375, -0.9342116713523865, -0.014616850763559341, -0.0899658203125], [0.0, 0.0, 0.0, 1.0]]], "view": [[0.0, -2.0, 100.0], [-2.0, 0.0, 100.0], [0.0, 0.0, 1.0]], "bev": "bev_20192fc95167496c822ea235e2db995e.png", "aux": "aux_20192fc95167496c822ea235e2db995e.npz", "visibility": "visibility_20192fc95167496c822ea235e2db995e.png", "pose": [[0.8412635922431946, 0.5406252145767212, 0.0, 1793.6966552734375], [-0.5406252145767212, 0.8412635922431946, 0.0, 901.4786376953125], [0.0, 0.0, 1.0, 0.0], [0.0, 0.0, 0.0, 1.0]], "pose_inverse": [[0.8412635922431946, -0.5406252145767212, 0.0, -1021.609619140625], [0.5406252145767212, 0.8412635922431946, 0.0, -1728.0987548828125], [0.0, 0.0, 1.0, 0.0], [0.0, 0.0, 0.0, 1.0]], "cam_ids": [0, 1, 2, 3, 4, 5], "cam_channels": ["CAM_FRONT_LEFT", "CAM_FRONT", "CAM_FRONT_RIGHT", "CAM_BACK_LEFT", "CAM_BACK", "CAM_BACK_RIGHT"], "token": "20192fc95167496c822ea235e2db995e", "scene": "scene-0317"}, {"images": ["samples/CAM_FRONT_LEFT/n015-2018-07-27-11-24-31+0800__CAM_FRONT_LEFT__1532662156404844.jpg", "samples/CAM_FRONT/n015-2018-07-27-11-24-31+0800__CAM_FRONT__1532662156412460.jpg", "samples/CAM_FRONT_RIGHT/n015-2018-07-27-11-24-31+0800__CAM_FRONT_RIGHT__1532662156420339.jpg", "samples/CAM_BACK_LEFT/n015-2018-07-27-11-24-31+0800__CAM_BACK_LEFT__1532662156447423.jpg", "samples/CAM_BACK/n015-2018-07-27-11-24-31+0800__CAM_BACK__1532662156437525.jpg", "samples/CAM_BACK_RIGHT/n015-2018-07-27-11-24-31+0800__CAM_BACK_RIGHT__1532662156427893.jpg"], "intrinsics": [[[1272.5979470598488, 0.0, 826.6154927353808], [0.0, 1272.5979470598488, 479.75165386361925], [0.0, 0.0, 1.0]], [[1266.417203046554, 0.0, 816.2670197447984], [0.0, 1266.417203046554, 491.50706579294757], [0.0, 0.0, 1.0]], [[1260.8474446004698, 0.0, 807.968244525554], [0.0, 1260.8474446004698, 495.3344268742088], [0.0, 0.0, 1.0]], [[1256.7414812095406, 0.0, 792.1125740759628], [0.0, 1256.7414812095406, 492.7757465151356], [0.0, 0.0, 1.0]], [[809.2209905677063, 0.0, 829.2196003259838], [0.0, 809.2209905677063, 481.77842384512485], [0.0, 0.0, 1.0]], [[1259.5137405846733, 0.0, 807.2529053838625], [0.0, 1259.5137405846733, 501.19579884916527], [0.0, 0.0, 1.0]]], "extrinsics": [[[0.8185946941375732, -0.5743615627288818, -0.0033980216830968857, -0.8280181884765625], [-0.005250704474747181, -0.0015673554735258222, -0.9999850392341614, 1.5073614120483398], [0.5743476152420044, 0.8186002373695374, -0.004298831336200237, -1.1822509765625], [0.0, 0.0, 0.0, 1.0]], [[0.002760242437943816, -0.9999802112579346, 0.005653944332152605, 0.003662109375], [-0.010568572208285332, -0.005682821851223707, -0.9999280571937561, 1.5190620422363281], [0.9999402761459351, 0.0027002524584531784, -0.010584048926830292, -1.5540771484375], [0.0, 0.0, 0.0, 1.0]], [[-0.8341735601425171, -0.5514975190162659, -0.002213106956332922, 0.9420166015625], [-0.004911393858492374, 0.01144137792289257, -0.9999224543571472, 1.5031394958496094], [0.5514801144599915, -0.8340981006622314, -0.012252717278897762, -1.19122314453125], [0.0, 0.0, 0.0, 1.0]], [[0.9477158188819885, 0.3191058337688446, -0.002472874242812395, -1.1397705078125], [0.0038678667042404413, -0.019235113635659218, -0.9998074769973755, 1.5885086059570312], [-0.3190919756889343, 0.9475238919258118, -0.019463680684566498, -0.1016845703125], [0.0, 0.0, 0.0, 1.0]], [[0.0032166428864002228, 0.9999532103538513, -