[{"images": ["samples/CAM_FRONT_LEFT/n015-2018-07-18-11-07-57+0800__CAM_FRONT_LEFT__1531883719404844.jpg", "samples/CAM_FRONT/n015-2018-07-18-11-07-57+0800__CAM_FRONT__1531883719412465.jpg", "samples/CAM_FRONT_RIGHT/n015-2018-07-18-11-07-57+0800__CAM_FRONT_RIGHT__1531883719420339.jpg", "samples/CAM_BACK_LEFT/n015-2018-07-18-11-07-57+0800__CAM_BACK_LEFT__1531883719448129.jpg", "samples/CAM_BACK/n015-2018-07-18-11-07-57+0800__CAM_BACK__1531883719437525.jpg", "samples/CAM_BACK_RIGHT/n015-2018-07-18-11-07-57+0800__CAM_BACK_RIGHT__1531883719427893.jpg"], "intrinsics": [[[1272.5979470598488, 0.0, 826.6154927353808], [0.0, 1272.5979470598488, 479.75165386361925], [0.0, 0.0, 1.0]], [[1266.417203046554, 0.0, 816.2670197447984], [0.0, 1266.417203046554, 491.50706579294757], [0.0, 0.0, 1.0]], [[1260.8474446004698, 0.0, 807.968244525554], [0.0, 1260.8474446004698, 495.3344268742088], [0.0, 0.0, 1.0]], [[1256.7414812095406, 0.0, 792.1125740759628], [0.0, 1256.7414812095406, 492.7757465151356], [0.0, 0.0, 1.0]], [[809.2209905677063, 0.0, 829.2196003259838], [0.0, 809.2209905677063, 481.77842384512485], [0.0, 0.0, 1.0]], [[1259.5137405846733, 0.0, 807.2529053838625], [0.0, 1259.5137405846733, 501.19579884916527], [0.0, 0.0, 1.0]]], "extrinsics": [[[0.8189226388931274, -0.5738284587860107, -0.009302860125899315, -0.8660888671875], [-0.0066855293698608875, 0.006670134607702494, -0.9999553561210632, 1.5074372291564941], [0.5738649368286133, 0.8189483880996704, 0.0016259775729849935, -1.21295166015625], [0.0, 0.0, 0.0, 1.0]], [[0.0031045028008520603, -0.9999915361404419, -0.0027060832362622023, 0.0067138671875], [-0.012077939696609974, 0.002668402623385191, -0.9999235272407532, 1.5193341970443726], [0.9999222159385681, 0.003136924235150218, -0.012069553136825562, -1.5932998657226562], [0.0, 0.0, 0.0, 1.0]], [[-0.8340784311294556, -0.5516178011894226, -0.005560701247304678, 0.96807861328125], [-0.00650349585339427, 0.019912172108888626, -0.999780535697937, 1.5031166076660156], [0.5516074895858765, -0.8338593244552612, -0.02019575610756874, -1.20489501953125], [0.0, 0.0, 0.0, 1.0]], [[0.9477556943893433, 0.31899330019950867, -0.001500056590884924, -1.14068603515625], [0.0019060057820752263, -0.010365111753344536, -0.9999444484710693, 1.5885591506958008], [-0.31899115443229675, 0.9477003216743469, -0.01043159794062376, -0.1043701171875], [0.0, 0.0, 0.0, 1.0]], [[0.0031953011639416218, 0.9999948143959045, -0.00043230908340774477, 0.0025634765625], [-0.023436488583683968, -0.00035730560193769634, -0.9997252225875854, 1.5786293745040894], [-0.9997202754020691, 0.003204570384696126, 0.02343522198498249, -0.02921295166015625], [0.0, 0.0, 0.0, 1.0]], [[-0.9343016147613525, 0.35646769404411316, -0.003371641505509615, 1.08245849609375], [0.009299146011471748, 0.014916031621396542, -0.9998455047607422, 1.551971435546875], [-0.35636234283447266, -0.9341886043548584, -0.017250917851924896, -0.083251953125], [0.0, 0.0, 0.0, 1.0]]], "view": [[0.0, -2.0, 100.0], [-2.0, 0.0, 100.0], [0.0, 0.0, 1.0]], "bev": "bev_9e28820bd2ba4eb480e1b9079f17c30c.png", "aux": "aux_9e28820bd2ba4eb480e1b9079f17c30c.npz", "visibility": "visibility_9e28820bd2ba4eb480e1b9079f17c30c.png", "pose": [[-0.9704040884971619, -0.24148690700531006, 0.0, 390.5066223144531], [0.24148690700531006, -0.9704040884971619, 0.0, 1100.251708984375], [0.0, 0.0, 1.0, 0.0], [0.0, 0.0, 0.0, 1.0]], "pose_inverse": [[-0.9704040884971619, 0.24148690700531006, 0.0, 113.25283813476562], [-0.24148690700531006, -0.9704040884971619, 0.0, 1161.990966796875], [0.0, 0.0, 1.0, 0.0], [0.0, 0.0, 0.0, 1.0]], "cam_ids": [0, 1, 2, 3, 4, 5], "cam_channels": ["CAM_FRONT_LEFT", "CAM_FRONT", "CAM_FRONT_RIGHT", "CAM_BACK_LEFT", "CAM_BACK", "CAM_BACK_RIGHT"], "token": "9e28820bd2ba4eb480e1b9079f17c30c", "scene": "scene-0002"}, {"images": ["samples/CAM_FRONT_LEFT/n015-2018-07-18-11-07-57+0800__CAM_FRONT_LEFT__1531883719904844.jpg", "samples/CAM_FRONT/n015-2018-07-18-11-07-57+0800__CAM_FRONT__1531883719912464.jpg", "samples/CAM_FRONT_RIGHT/n015-2018-07-18-11-07-57+0800__CAM_FRONT_RIGHT__1531883719920339.jpg", "samples/CAM_BACK_LEFT/n015-2018-07-18-11-07-57+0800__CAM_BACK_LEFT__1531883719947423.jpg", "samples/CAM_BACK/n015-2018-07-18-11-07-57+0800__CAM_BACK__1531883719937525.jpg", "samples/CAM_BACK_RIGHT/n015-2018-07-18-11-07-57+0800__CAM_BACK_RIGHT__1531883719927893.jpg"], "intrinsics": [[[1272.5979470598488, 0.0, 826.6154927353808], [0.0, 1272.5979470598488, 479.75165386361925], [0.0, 0.0, 1.0]], [[1266.417203046554, 0.0, 816.2670197447984], [0.0, 1266.417203046554, 491.50706579294757], [0.0, 0.0, 1.0]], [[1260.8474446004698, 0.0, 807.968244525554], [0.0, 1260.8474446004698, 495.3344268742088], [0.0, 0.0, 1.0]], [[1256.7414812095406, 0.0, 792.1125740759628], [0.0, 1256.7414812095406, 492.7757465151356], [0.0, 0.0, 1.0]], [[809.2209905677063, 0.0, 829.2196003259838], [0.0, 809.2209905677063, 481.77842384512485], [0.0, 0.0, 1.0]], [[1259.5137405846733, 0.0, 807.2529053838625], [0.0, 1259.5137405846733, 501.19579884916527], [0.0, 0.0, 1.0]]], "extrinsics": [[[0.8184880614280701, -0.5744394063949585, -0.009833146817982197, -0.85797119140625], [-0.009736081585288048, 0.003244489198550582, -0.9999473690986633, 1.5069811344146729], [0.5744409561157227, 0.8185407519340515, -0.002937212586402893, -1.20703125], [0.0, 0.0, 0.0, 1.0]], [[0.002532629994675517, -0.9999963641166687, 0.0008702746126800776, 0.006591796875], [-0.015101438388228416, -0.000908424612134695, -0.999885618686676, 1.518912672996521], [0.9998827576637268, 0.002519204281270504, -0.015103684738278389, -1.584930419921875], [0.0, 0.0, 0.0, 1.0]], [[-0.8343254327774048, -0.551271378993988, -0.000999552197754383, 0.96246337890625], [-0.009488368406891823, 0.016173096373677254, -0.9998241066932678, 1.5028305053710938], [0.5511905550956726, -0.8341692686080933, -0.018724290654063225, -1.201416015625], [0.0, 0.0, 0.0, 1.0]], [[0.9477648138999939, 0.318924218416214, -0.005412232130765915, -1.13818359375], [-0.0010056606261059642, -0.01398002915084362, -0.9999017119407654, 1.5885515213012695], [-0.3189685344696045, 0.9476771354675293, -0.01292904932051897, -0.105224609375], [0.0, 0.0, 0.0, 1.0]], [[0.0033474520314484835, 0.9999862313270569, -0.004054421093314886, 0.002685546875], [-0.02637448161840439, -0.003964745905250311, -0.9996442794799805, 1.5784716606140137], [-0.9996466040611267, 0.0034531792625784874, 0.026360847055912018, -0.03167724609375], [0.0, 0.0, 0.0, 1.0]], [[-0.9341984391212463, 0.35674887895584106, -0.0018874200759455562, 1.077911376953125], [0.006327246315777302, 0.011278639547526836, -0.9999163746833801, 1.5518341064453125], [-0.356697678565979, -0.9341322779655457, -0.012793726287782192, -0.0849609375], [0.0, 0.0, 0.0, 1.0]]], "view": [[0.0, -2.0, 100.0], [-2.0, 0.0, 100.0], [0.0, 0.0, 1.0]], "bev": "bev_3a9918ace7f3435ea3fe8a024cb3f181.png", "aux": "aux_3a9918ace7f3435ea3fe8a024cb3f181.npz", "visibility": "visibility_3a9918ace7f3435ea3fe8a024cb3f181.png", "pose": [[-0.979645848274231, -0.20073381066322327, 0.0, 389.1373596191406], [0.20073381066322327, -0.979645848274231, 0.0, 1100.5787353515625], [0.0, 0.0, 1.0, 0.0], [0.0, 0.0, 0.0, 1.0]], "pose_inverse": [[-0.979645848274231, 0.20073381066322327, 0.0, 160.29342651367188], [-0.20073381066322327, -0.979645848274231, 0.0, 1156.2904052734375], [0.0, 0.0, 1.0, 0.0], [0.0, 0.0, 0.0, 1.0]], "cam_ids": [0, 1, 2, 3, 4, 5], "cam_channels": ["CAM_FRONT_LEFT", "CAM_FRONT", "CAM_FRONT_RIGHT", "CAM_BACK_LEFT", "CAM_BACK", "CAM_BACK_RIGHT"], "token": "3a9918ace7f3435ea3fe8a024cb3f181", "scene": "scene-0002"}, {"images": ["samples/CAM_FRONT_LEFT/n015-2018-07-18-11-07-57+0800__CAM_FRONT_LEFT__1531883720404844.jpg", "samples/CAM_FRONT/n015-2018-07-18-11-07-57+0800__CAM_FRONT__1531883720412469.jpg", "samples/CAM_FRONT_RIGHT/n015-2018-07-18-11-07-57+0800__CAM_FRONT_RIGHT__1531883720420339.jpg", "samples/CAM_BACK_LEFT/n015-2018-07-18-11-07-57+0800__CAM_BACK_LEFT__1531883720447423.jpg", "samples/CAM_BACK/n015-2018-07-18-11-07-57+0800__CAM_BACK__1531883720437525.jpg", "samples/CAM_BACK_RIGHT/n015-2018-07-18-11-07-57+0800__CAM_BACK_RIGHT__1531883720427893.jpg"], "intrinsics": [[[1272.5979470598488, 0.0, 826.6154927353808], [0.0, 1272.5979470598488, 479.75165386361925], [0.0, 0.0, 1.0]], [[1266.417203046554, 0.0, 816.2670197447984], [0.0, 1266.417203046554, 491.50706579294757], [0.0, 0.0, 1.0]], [[1260.8474446004698, 0.0, 807.968244525554], [0.0, 1260.8474446004698, 495.3344268742088], [0.0, 0.0, 1.0]], [[1256.7414812095406, 0.0, 792.1125740759628], [0.0, 1256.7414812095406, 492.7757465151356], [0.0, 0.0, 1.0]], [[809.2209905677063, 0.0, 829.2196003259838], [0.0, 809.2209905677063, 481.77842384512485], [0.0, 0.0, 1.0]], [[1259.5137405846733, 0.0, 807.2529053838625], [0.0, 1259.5137405846733, 501.19579884916527], [0.0, 0.0, 1.0]]], "extrinsics": [[[0.818077027797699, -0.5750293135643005, -0.009562112390995026, -0.850830078125], [-0.009009068831801414, 0.0038111847825348377, -0.9999521970748901, 1.5069949626922607], [0.5750381946563721, 0.818123996257782, -0.0020626361947506666, -1.20166015625], [0.0, 0.0, 0.0, 1.0]], [[0.002557750092819333, -0.9999967217445374, 4.6888999349903315e-06, 0.0064697265625], [-0.014312990941107273, -4.129760054638609e-05, -0.9998975992202759, 1.5188771486282349], [0.9998943209648132, 0.0025574208702892065, -0.0143130486831069, -1.57659912109375], [0.0, 0.0, 0.0, 1.0]], [[-0.8339624404907227, -0.5518160462379456, -0.0023659539874643087, 0.95635986328125], [-0.008645887486636639, 0.017353348433971405, -0.9998120069503784, 1.5028324127197266], [0.5517533421516418, -0.833785355091095, -0.01924298144876957, -1.19708251953125], [0.0, 0.0, 0.0, 1.0]], [[0.9475852251052856, 0.31947752833366394, -0.004038247279822826, -1.1383056640625], [-4.947885463479906e-05, -0.012492417357861996, -0.9999219179153442, 1.588557243347168], [-0.3195030689239502, 0.9475114941596985, -0.011821822263300419, -0.10516357421875], [0.0, 0.0, 0.0, 1.0]], [[0.0030881790444254875, 0.9999916553497314, -0.0026866437401622534, 0.002685546875], [-0.025439869612455368, -0.0026072238106280565, -0.9996729493141174, 1.5784335136413574], [-0.9996716380119324, 0.0031555176246911287, 0.025431601330637932, -0.0344696044921875], [0.0, 0.0, 0.0, 1.0]], [[-0.9343687295913696, 0.35630014538764954, -0.002294638892635703, 1.0728302001953125], [0.007223976776003838, 0.012504787184298038, -0.9998957514762878, 1.5519256591796875], [-0.35623425245285034, -0.934287965297699, -0.014257986098527908, -0.086669921875], [0.0, 0.0, 0.0, 1.0]]], "view": [[0.0, -2.0, 100.0], [-2.0, 0.0, 100.0], [0.0, 0.0, 1.0]], "bev": "bev_513cdbd6707a4bf9b7699d549ff65e6f.png", "aux": "aux_513cdbd6707a4bf9b7699d549ff65e6f.npz", "visibility": "visibility_513cdbd6707a4bf9b7699d549ff65e6f.png", "pose": [[-0.989011824131012, -0.1478365659713745, 0.0, 387.6260681152344], [0.1478365659713745, -0.989011824131012, 0.0, 1100.860595703125], [0.0, 0.0, 1.0, 0.0], [0.0, 0.0, 0.0, 1.0]], "pose_inverse": [[-0.989011824131012, 0.1478365659713745, 0.0, 220.6193084716797], [-0.1478365659713745, -0.989011824131012, 0.0, 1146.0694580078125], [0.0, 0.0, 1.0, 0.0], [0.0, 0.0, 0.0, 1.0]], "cam_ids": [0, 1, 2, 3, 4, 5], "cam_channels": ["CAM_FRONT_LEFT", "CAM_FRONT", "CAM_FRONT_RIGHT", "CAM_BACK_LEFT", "CAM_BACK", "CAM_BACK_RIGHT"], "token": "513cdbd6707a4bf9b7699d549ff65e6f", "scene": "scene-0002"}, {"images": ["samples/CAM_FRONT_LEFT/n015-2018-07-18-11-07-57+0800__CAM_FRONT_LEFT__1531883720904844.jpg", "samples/CAM_FRONT/n015-2018-07-18-11-07-57+0800__CAM_FRONT__1531883720912468.jpg", "samples/CAM_FRONT_RIGHT/n015-2018-07-18-11-07-57+0800__CAM_FRONT_RIGHT__1531883720920339.jpg", "samples/CAM_BACK_LEFT/n015-2018-07-18-11-07-57+0800__CAM_BACK_LEFT__1531883720947423.jpg", "samples/CAM_BACK/n015-2018-07-18-11-07-57+0800__CAM_BACK__1531883720937525.jpg", "samples/CAM_BACK_RIGHT/n015-2018-07-18-11-07-57+0800__CAM_BACK_RIGHT__1531883720927893.jpg"], "intrinsics": [[[1272.5979470598488, 0.0, 826.6154927353808], [0.0, 1272.5979470598488, 479.75165386361925], [0.0, 0.0, 1.0]], [[1266.417203046554, 0.0, 816.2670197447984], [0.0, 1266.417203046554, 491.50706579294757], [0.0, 0.0, 1.0]], [[1260.8474446004698, 0.0, 807.968244525554], [0.0, 1260.8474446004698, 495.3344268742088], [0.0, 0.0, 1.0]], [[1256.7414812095406, 0.0, 792.1125740759628], [0.0, 1256.7414812095406, 492.7757465151356], [0.0, 0.0, 1.0]], [[809.2209905677063, 0.0, 829.2196003259838], [0.0, 809.2209905677063, 481.77842384512485], [0.0, 0.0, 1.0]], [[1259.5137405846733, 0.0, 807.2529053838625], [0.0, 1259.5137405846733, 501.19579884916527], [0.0, 0.0, 1.0]]], "extrinsics": [[[0.8175878524780273, -0.5757986307144165, -0.0024580906610935926, -0.84600830078125], [-0.004712706431746483, -0.0024227136746048927, -0.999985933303833, 1.507563591003418], [0.5757845640182495, 0.8175879120826721, -0.004694351460784674, -1.1968994140625], [0.0, 0.0, 0.0, 1.0]], [[0.0012464048340916634, -0.9999773502349854, 0.0066043962724506855, 0.00537109375], [-0.009873471222817898, -0.006616385653614998, -0.9999293684959412, 1.519352912902832], [0.9999504089355469, 0.0011811029398813844, -0.009881493635475636, -1.5726318359375], [0.0, 0.0, 0.0, 1.0]], [[-0.8348256945610046, -0.5505092144012451, -0.0023712392430752516, 0.9547119140625], [-0.004026240669190884, 0.010412724688649178, -0.9999376535415649, 1.503265380859375], [0.5504995584487915, -0.8347641229629517, -0.010909292846918106, -1.1971435546875], [0.0, 0.0, 0.0, 1.0]], [[0.9477889537811279, 0.3188934028148651, -0.0017115091904997826, -1.13861083984375], [0.005100307986140251, -0.02052454650402069, -0.9997763633728027, 1.588571548461914], [-0.31885719299316406, 0.9475682973861694, -0.021079396829009056, -0.104736328125], [0.0, 0.0, 0.0, 1.0]], [[0.0036921396385878325, 0.9999400973320007, -0.01031095627695322, 0.0028076171875], [-0.020492184907197952, -0.010233203880488873, -0.9997376203536987, 1.5786218643188477], [-0.9997831583023071, 0.0039024732541292906, 0.02045317366719246, -0.034088134765625], [0.0, 0.0, 0.0, 1.0]], [[-0.9339343309402466, 0.3573233187198639, -0.009315787814557552, 1.0724639892578125], [0.011986306868493557, 0.005259752739220858, -0.9999143481254578, 1.5522642135620117], [-0.35724374651908875, -0.9339659810066223, -0.009195251390337944, -0.0877685546875], [0.0, 0.0, 0.0, 1.0]]], "view": [[0.0, -2.0, 100.0], [-2.0, 0.0, 100.0], [0.0, 0.0, 1.0]], "bev": "bev_828a847cc7174a7d9c8058734ca6dd6e.png", "aux": "aux_828a847cc7174a7d9c8058734ca6dd6e.npz", "visibility": "visibility_828a847cc7174a7d9c8058734ca6dd6e.png", "pose": [[-0.9965906739234924, -0.08250460028648376, 0.0, 385.9822998046875], [0.08250460028648376, -0.9965906739234924, 0.0, 1101.060546875], [0.0, 0.0, 1.0, 0.0], [0.0, 0.0, 0.0, 1.0]], "pose_inverse": [[-0.9965906739234924, 0.08250460028648376, 0.0, 293.82379150390625], [-0.08250460028648376, -0.9965906739234924, 0.0, 1129.1519775390625], [0.0, 0.0, 1.0, 0.0], [0.0, 0.0, 0.0, 1.0]], "cam_ids": [0, 1, 2, 3, 4, 5], "cam_channels": ["CAM_FRONT_LEFT", "CAM_FRONT", "CAM_FRONT_RIGHT", "CAM_BACK_LEFT", "CAM_BACK", "CAM_BACK_RIGHT"], "token": "828a847cc7174a7d9c8058734ca6dd6e", "scene": "scene-0002"}, {"images": ["samples/CAM_FRONT_LEFT/n015-2018-07-18-11-07-57+0800__CAM_FRONT_LEFT__1531883721404844.jpg", "samples/CAM_FRONT/n015-2018-07-18-11-07-57+0800__CAM_FRONT__1531883721412469.jpg", "samples/CAM_FRONT_RIGHT/n015-2018-07-18-11-07-57+0800__CAM_FRONT_RIGHT__1531883721420339.jpg", "samples/CAM_BACK_LEFT/n015-2018-07-18-11-07-57+0800__CAM_BACK_LEFT__1531883721447423.jpg", "samples/CAM_BACK/n015-2018-07-18-11-07-57+0800__CAM_BACK__1531883721437525.jpg", "samples/CAM_BACK_RIGHT/n015-2018-07-18-11-07-57+0800__CAM_BACK_RIGHT__1531883721427893.jpg"], "intrinsics": [[[1272.5979470598488, 0.0, 826.6154927353808], [0.0, 1272.5979470598488, 479.75165386361925], [0.0, 0.0, 1.0]], [[1266.417203046554, 0.0, 816.2670197447984], [0.0, 1266.417203046554, 491.50706579294757], [0.0, 0.0, 1.0]], [[1260.8474446004698, 0.0, 807.968244525554], [0.0, 1260.8474446004698, 495.3344268742088], [0.0, 0.0, 1.0]], [[1256.7414812095406, 0.0, 792.1125740759628], [0.0, 1256.7414812095406, 492.7757465151356], [0.0, 0.0, 1.0]], [[809.2209905677063, 0.0, 829.2196003259838], [0.0, 809.2209905677063, 481.77842384512485], [0.0, 0.0, 1.0]], [[1259.5137405846733, 0.0, 807.2529053838625], [0.0, 1259.5137405846733, 501.19579884916527], [0.0, 0.0, 1.0]]], "extrinsics": [[[0.8167020082473755, -0.5770590305328369, -0.0008084106957539916, -0.84576416015625], [-0.004121304024010897, -0.004431922920048237, -0.9999816417694092, 1.5076565742492676], [0.5770449638366699, 0.8166903257369995, -0.005997796542942524, -1.1976318359375], [0.0, 0.0, 0.0, 1.0]], [[-6.0963073337916285e-05, -0.9999637007713318, 0.008513118140399456, 0.005859375], [-0.009387534111738205, -0.008512170985341072, -0.9999197125434875, 1.5194177627563477], [0.9999558925628662, -0.00014087474846746773, -0.009386674501001835, -1.572479248046875], [0.0, 0.0, 0.0, 1.0]], [[-0.8354009389877319, -0.5496384501457214, -0.001707362593151629, 0.95465087890625], [-0.0036249749828130007, 0.00861583836376667, -0.9999562501907349, 1.5032978057861328], [0.5496290922164917, -0.835358202457428, -0.009190103970468044, -1.19659423828125], [0.0, 0.0, 0.0, 1.0]], [[0.9477784633636475, 0.31892240047454834, -0.0020637677516788244, -1.138427734375], [0.005251429975032806, -0.022075677290558815, -0.9997425079345703, 1.588582992553711], [-0.318885862827301, 0.9475236535072327, -0.022597653791308403, -0.10516357421875], [0.0, 0.0, 0.0, 1.0]], [[0.004135925322771072, 0.9999200105667114, -0.011950915679335594, 0.0025634765625], [-0.020297322422266006, -0.011864612810313702, -0.9997236132621765, 1.57861328125], [-0.9997854232788086, 0.004377353936433792, 0.020246628671884537, -0.03497314453125], [0.0, 0.0, 0.0, 1.0]], [[-0.9336521029472351, 0.3580354154109955, -0.01021564844995737, 1.0717926025390625], [0.012283118441700935, 0.0035006157122552395, -0.9999184608459473, 1.552292823791504], [-0.3579704463481903, -0.9337014555931091, -0.007666150573641062, -0.087646484375], [0.0, 0.0, 0.0, 1.0]]], "view": [[0.0, -2.0, 100.0], [-2.0, 0.0, 100.0], [0.0, 0.0, 1.0]], "bev": "bev_25fbd2d7377449aabfd2173c3a0a418f.png", "aux": "aux_25fbd2d7377449aabfd2173c3a0a418f.npz", "visibility": "visibility_25fbd2d7377449aabfd2173c3a0a418f.png", "pose": [[-0.9999672174453735, -0.008095011115074158, 0.0, 384.3035888671875], [0.008095011115074158, -0.9999672174453735, 0.0, 1101.1483154296875], [0.0, 0.0, 1.0, 0.0], [0.0, 0.0, 0.0, 1.0]], "pose_inverse": [[-0.9999672174453735, 0.008095011115074158, 0.0, 375.377197265625], [-0.008095011115074158, -0.9999672174453735, 0.0, 1104.22314453125], [0.0, 0.0, 1.0, 0.0], [0.0, 0.0, 0.0, 1.0]], "cam_ids": [0, 1, 2, 3, 4, 5], "cam_channels": ["CAM_FRONT_LEFT", "CAM_FRONT", "CAM_FRONT_RIGHT", "CAM_BACK_LEFT", "CAM_BACK", "CAM_BACK_RIGHT"], "token": "25fbd2d7377449aabfd2173c3a0a418f", "scene": "scene-0002"}, {"images": ["samples/CAM_FRONT_LEFT/n015-2018-07-18-11-07-57+0800__CAM_FRONT_LEFT__1531883722004844.jpg", "samples/CAM_FRONT/n015-2018-07-18-11-07-57+0800__CAM_FRONT__1531883722012464.jpg", "samples/CAM_FRONT_RIGHT/n015-2018-07-18-11-07-57+0800__CAM_FRONT_RIGHT__1531883722020339.jpg", "samples/CAM_BACK_LEFT/n015-2018-07-18-11-07-57+0800__CAM_BACK_LEFT__1531883722047423.jpg", "samples/CAM_BACK/n015-2018-07-18-11-07-57+0800__CAM_BACK__1531883722037525.jpg", "samples/CAM_BACK_RIGHT/n015-2018-07-18-11-07-57+0800__CAM_BACK_RIGHT__1531883722027893.jpg"], "intrinsics": [[[1272.5979470598488, 0.0, 826.6154927353808], [0.0, 1272.5979470598488, 479.75165386361925], [0.0, 0.0, 1.0]], [[1266.417203046554, 0.0, 816.2670197447984], [0.0, 1266.417203046554, 491.50706579294757], [0.0, 0.0, 1.0]], [[1260.8474446004698, 0.0, 807.968244525554], [0.0, 1260.8474446004698, 495.3344268742088], [0.0, 0.0, 1.0]], [[1256.7414812095406, 0.0, 792.1125740759628], [0.0, 1256.7414812095406, 492.7757465151356], [0.0, 0.0, 1.0]], [[809.2209905677063, 0.0, 829.2196003259838], [0.0, 809.2209905677063, 481.77842384512485], [0.0, 0.0, 1.0]], [[1259.5137405846733, 0.0, 807.2529053838625], [0.0, 1259.5137405846733, 501.19579884916527], [0.0, 0.0, 1.0]]], "extrinsics": [[[0.815371036529541, -0.5789349675178528, 0.0021011256612837315, -0.8416595458984375], [-0.0037790669593960047, -0.008951554074883461, -0.9999527931213379, 1.507704734802246], [0.5789264440536499, 0.8153244853019714, -0.009486670605838299, -1.1956787109375], [0.0, 0.0, 0.0, 1.0]], [[-0.0019726771861314774, -0.9999135136604309, 0.012996753677725792, 0.0067138671875], [-0.009127483703196049, -0.012978234328329563, -0.9998741745948792, 1.519430160522461], [0.9999563097953796, -0.002091067610308528, -0.00910109281539917, -1.5684814453125], [0.0, 0.0, 0.0, 1.0]], [[-0.8362258672714233, -0.5483848452568054, 0.0005611832602880895, 0.9521484375], [-0.003414058592170477, 0.004182737320661545, -0.99998539686203, 1.5033071041107178], [0.5483745336532593, -0.8362155556678772, -0.005369930528104305, -1.19427490234375], [0.0, 0.0, 0.0, 1.0]], [[0.9478432536125183, 0.31871700286865234, -0.003538788529112935, -1.13580322265625], [0.005111237987875938, -0.026299726217985153, -0.9996410012245178, 1.5886001586914062], [-0.31869566440582275, 0.9474849104881287, -0.026557058095932007, -0.106201171875], [0.0, 0.0, 0.0, 1.0]], [[0.004777704365551472, 0.9998559951782227, -0.016281716525554657, 0.0023193359375], [-0.02029789611697197, -0.016181580722332, -0.9996629953384399, 1.5785713195800781], [-0.9997825622558594, 0.005106582771986723, 0.020217662677168846, -0.037445068359375], [0.0, 0.0, 0.0, 1.0]], [[-0.9332475662231445, 0.35903629660606384, -0.011907568201422691, 1.0688247680664062], [0.012408614158630371, -0.0009089240920729935, -0.9999225735664368, 1.552342414855957], [-0.35901930928230286, -0.9333231449127197, -0.00360689265653491, -0.08837890625], [0.0, 0.0, 0.0, 1.0]]], "view": [[0.0, -2.0, 100.0], [-2.0, 0.0, 100.0], [0.0, 0.0, 1.0]], "bev": "bev_244e2876a6744249814936b24b6b03ea.png", "aux": "aux_244e2876a6744249814936b24b6b03ea.npz", "visibility": "visibility_244e2876a6744249814936b24b6b03ea.png", "pose": [[-0.9942074418067932, 0.10747802257537842, 0.0, 382.4153137207031], [-0.10747802257537842, -0.9942074418067932, 0.0, 1101.0745849609375], [0.0, 0.0, 1.0, 0.0], [0.0, 0.0, 0.0, 1.0]], "pose_inverse": [[-0.9942074418067932, -0.10747802257537842, 0.0, 498.5414733886719], [0.10747802257537842, -0.9942074418067932, 0.0, 1053.5953369140625], [0.0, 0.0, 1.0, 0.0], [0.0, 0.0, 0.0, 1.0]], "cam_ids": [0, 1, 2, 3, 4, 5], "cam_channels": ["CAM_FRONT_LEFT", "CAM_FRONT", "CAM_FRONT_RIGHT", "CAM_BACK_LEFT", "CAM_BACK", "CAM_BACK_RIGHT"], "token": "244e2876a6744249814936b24b6b03ea", "scene": "scene-0002"}, {"images": ["samples/CAM_FRONT_LEFT/n015-2018-07-18-11-07-57+0800__CAM_FRONT_LEFT__1531883722504844.jpg", "samples/CAM_FRONT/n015-2018-07-18-11-07-57+0800__CAM_FRONT__1531883722512462.jpg", "samples/CAM_FRONT_RIGHT/n015-2018-07-18-11-07-57+0800__CAM_FRONT_RIGHT__1531883722520339.jpg", "samples/CAM_BACK_LEFT/n015-2018-07-18-11-07-57+0800__CAM_BACK_LEFT__1531883722547423.jpg", "samples/CAM_BACK/n015-2018-07-18-11-07-57+0800__CAM_BACK__1531883722537525.jpg", "samples/CAM_BACK_RIGHT/n015-2018-07-18-11-07-57+0800__CAM_BACK_RIGHT__1531883722527893.jpg"], "intrinsics": [[[1272.5979470598488, 0.0, 826.6154927353808], [0.0, 1272.5979470598488, 479.75165386361925], [0.0, 0.0, 1.0]], [[1266.417203046554, 0.0, 816.2670197447984], [0.0, 1266.417203046554, 491.50706579294757], [0.0, 0.0, 1.0]], [[1260.8474446004698, 0.0, 807.968244525554], [0.0, 1260.8474446004698, 495.3344268742088], [0.0, 0.0, 1.0]], [[1256.7414812095406, 0.0, 792.1125740759628], [0.0, 1256.7414812095406, 492.7757465151356], [0.0, 0.0, 1.0]], [[809.2209905677063, 0.0, 829.2196003259838], [0.0, 809.2209905677063, 481.77842384512485], [0.0, 0.0, 1.0]], [[1259.5137405846733, 0.0, 807.2529053838625], [0.0, 1259.5137405846733, 501.19579884916527], [0.0, 0.0, 1.0]]], "extrinsics": [[[0.81425541639328, -0.5804105401039124, 0.01057847123593092, -0.859283447265625], [-0.0013372796820476651, -0.020098211243748665, -0.9997971057891846, 1.5080909729003906], [0.5805053114891052, 0.8140760064125061, -0.017141247168183327, -1.205810546875], [0.0, 0.0, 0.0, 1.0]], [[-0.0035549835301935673, -0.9997004270553589, 0.024215849116444588, 0.0054931640625], [-0.0066751702688634396, -0.02419174090027809, -0.9996850490570068, 1.5198383331298828], [0.9999713897705078, -0.0037155242171138525, -0.006587169598788023, -1.5853271484375], [0.0, 0.0, 0.0, 1.0]], [[-0.8368761539459229, -0.5473722815513611, 0.004669807385653257, 0.9625244140625], [-0.0009227814734913409, -0.0071202595718204975, -0.9999741911888123, 1.5035700798034668], [0.547391414642334, -0.8368589282035828, 0.005453672260046005, -1.2022705078125], [0.0, 0.0, 0.0, 1.0]], [[0.9477863907814026, 0.3188702166080475, -0.004756071604788303, -1.13800048828125], [0.007662456016987562, -0.037679675966501236, -0.9992604851722717, 1.5886058807373047], [-0.3188135623931885, 0.9470491409301758, -0.03815561905503273, -0.1055908203125], [0.0, 0.0, 0.0, 1.0]], [[0.005223462823778391, 0.9996040463447571, -0.027649525552988052, 0.00262451171875], [-0.0177993793040514, -0.027552584186196327, -0.9994618892669678, 1.5787582397460938], [-0.9998279213905334, 0.0057127694599330425, 0.01764841005206108, -0.03240966796875], [0.0, 0.0, 0.0, 1.0]], [[-0.9329115748405457, 0.3596394658088684, -0.018318403512239456, 1.077728271484375], [0.01490037888288498, -0.012274119071662426, -0.9998136162757874, 1.5523877143859863], [-0.35979726910591125, -0.9330106377601624, 0.006091902498155832, -0.0855712890625], [0.0, 0.0, 0.0, 1.0]]], "view": [[0.0, -2.0, 100.0], [-2.0, 0.0, 100.0], [0.0, 0.0, 1.0]], "bev": "bev_cc175ce81d9448c9b797dd81e1981460.png", "aux": "aux_cc175ce81d9448c9b797dd81e1981460.npz", "visibility": "visibility_cc175ce81d9448c9b797dd81e1981460.png", "pose": [[-0.9738451838493347, 0.2272125482559204, 0.0, 380.8958740234375], [-0.2272125482559204, -0.9738451838493347, 0.0, 1100.8218994140625], [0.0, 0.0, 1.0, 0.0], [0.0, 0.0, 0.0, 1.0]], "pose_inverse": [[-0.9738451838493347, -0.2272125482559204, 0.0, 621.05419921875], [0.2272125482559204, -0.9738451838493347, 0.0, 985.4857788085938], [0.0, 0.0, 1.0, 0.0], [0.0, 0.0, 0.0, 1.0]], "cam_ids": [0, 1, 2, 3, 4, 5], "cam_channels": ["CAM_FRONT_LEFT", "CAM_FRONT", "CAM_FRONT_RIGHT", "CAM_BACK_LEFT", "CAM_BACK", "CAM_BACK_RIGHT"], "token": "cc175ce81d9448c9b797dd81e1981460", "scene": "scene-0002"}, {"images": ["samples/CAM_FRONT_LEFT/n015-2018-07-18-11-07-57+0800__CAM_FRONT_LEFT__1531883723004844.jpg", "samples/CAM_FRONT/n015-2018-07-18-11-07-57+0800__CAM_FRONT__1531883723012477.jpg", "samples/CAM_FRONT_RIGHT/n015-2018-07-18-11-07-57+0800__CAM_FRONT_RIGHT__1531883723020339.jpg", "samples/CAM_BACK_LEFT/n015-2018-07-18-11-07-57+0800__CAM_BACK_LEFT__1531883723047423.jpg", "samples/CAM_BACK/n015-2018-07-18-11-07-57+0800__CAM_BACK__1531883723037525.jpg", "samples/CAM_BACK_RIGHT/n015-2018-07-18-11-07-57+0800__CAM_BACK_RIGHT__1531883723027893.jpg"], "intrinsics": [[[1272.5979470598488, 0.0, 826.6154927353808], [0.0, 1272.5979470598488, 479.75165386361925], [0.0, 0.0, 1.0]], [[1266.417203046554, 0.0, 816.2670197447984], [0.0, 1266.417203046554, 491.50706579294757], [0.0, 0.0, 1.0]], [[1260.8474446004698, 0.0, 807.968244525554], [0.0, 1260.8474446004698, 495.3344268742088], [0.0, 0.0, 1.0]], [[1256.7414812095406, 0.0, 792.1125740759628], [0.0, 1256.7414812095406, 492.7757465151356], [0.0, 0.0, 1.0]], [[809.2209905677063, 0.0, 829.2196003259838], [0.0, 809.2209905677063, 481.77842384512485], [0.0, 0.0, 1.0]], [[1259.5137405846733, 0.0, 807.2529053838625], [0.0, 1259.5137405846733, 501.19579884916527], [0.0, 0.0, 1.0]]], "extrinsics": [[[0.8133890628814697, -0.581656813621521, 0.008577492088079453, -0.8636703491210938], [-0.00021803972776979208, -0.01504988968372345, -0.9998867511749268, 1.5082616806030273], [0.5817200541496277, 0.8132951259613037, -0.012368240393698215, -1.211181640625], [0.0, 0.0, 0.0, 1.0]], [[-0.004751860164105892, -0.9998043775558472, 0.01920083723962307, 0.00701904296875], [-0.005501364823430777, -0.01917462795972824, -0.9998010396957397, 1.5200176239013672], [0.9999735355377197, -0.00485651008784771, -0.005409174133092165, -1.5906982421875], [0.0, 0.0, 0.0, 1.0]], [[-0.8373537659645081, -0.5466606020927429, 0.000897641759365797, 0.966796875], [0.0003290231106802821, -0.002146025188267231, -0.999997615814209, 1.5036745071411133], [0.5466612577438354, -0.8373515009880066, 0.001976847415789962, -1.20361328125], [0.0, 0.0, 0.0, 1.0]], [[0.9477821588516235, 0.31891220808029175, -0.001987314084544778, -1.13909912109375], [0.008975236676633358, -0.032901618629693985, -0.9994182586669922, 1.5886096954345703], [-0.3187920153141022, 0.9472129940986633, -0.034045878797769547, -0.10546875], [0.0, 0.0, 0.0, 1.0]], [[0.005565123166888952, 0.9997254014015198, -0.022763725370168686, 0.0018310546875], [-0.01653289422392845, -0.022668983787298203, -0.9996063113212585, 1.5788421630859375], [-0.9998478293418884, 0.0059392270632088184, 0.016402196139097214, -0.03082275390625], [0.0, 0.0, 0.0, 1.0]], [[-0.9326653480529785, 0.36030858755111694, -0.017690343782305717, 1.08001708984375], [0.016129152849316597, -0.007339440751820803, -0.9998430013656616, 1.5524206161499023], [-0.3603818416595459, -0.9328043460845947, 0.0010337710846215487, -0.08349609375], [0.0, 0.0, 0.0, 1.0]]], "view": [[0.0, -2.0, 100.0], [-2.0, 0.0, 100.0], [0.0, 0.0, 1.0]], "bev": "bev_7778e7e99779472cbb886e43dbc9a1ea.png", "aux": "aux_7778e7e99779472cbb886e43dbc9a1ea.npz", "visibility": "visibility_7778e7e99779472cbb886e43dbc9a1ea.png", "pose": [[-0.9304652810096741, 0.36638012528419495, 0.0, 379.4731750488281], [-0.36638012528419495, -0.9304652810096741, 0.0, 1100.390869140625], [0.0, 0.0, 1.0, 0.0], [0.0, 0.0, 0.0, 1.0]], "pose_inverse": [[-0.9304652810096741, -0.36638012528419495, 0.0, 756.2479248046875], [0.36638012528419495, -0.9304652810096741, 0.0, 884.8440551757812], [0.0, 0.0, 1.0, 0.0], [0.0, 0.0, 0.0, 1.0]], "cam_ids": [0, 1, 2, 3, 4, 5], "cam_channels": ["CAM_FRONT_LEFT", "CAM_FRONT", "CAM_FRONT_RIGHT", "CAM_BACK_LEFT", "CAM_BACK", "CAM_BACK_RIGHT"], "token": "7778e7e99779472cbb886e43dbc9a1ea", "scene": "scene-0002"}, {"images": ["samples/CAM_FRONT_LEFT/n015-2018-07-18-11-07-57+0800__CAM_FRONT_LEFT__1531883723504844.jpg", "samples/CAM_FRONT/n015-2018-07-18-11-07-57+0800__CAM_FRONT__1531883723512466.jpg", "samples/CAM_FRONT_RIGHT/n015-2018-07-18-11-07-57+0800__CAM_FRONT_RIGHT__1531883723520339.jpg", "samples/CAM_BACK_LEFT/n015-2018-07-18-11-07-57+0800__CAM_BACK_LEFT__1531883723547423.jpg", "samples/CAM_BACK/n015-2018-07-18-11-07-57+0800__CAM_BACK__1531883723537525.jpg", "samples/CAM_BACK_RIGHT/n015-2018-07-18-11-07-57+0800__CAM_BACK_RIGHT__1531883723527893.jpg"], "intrinsics": [[[1272.5979470598488, 0.0, 826.6154927353808], [0.0, 1272.5979470598488, 479.75165386361925], [0.0, 0.0, 1.0]], [[1266.417203046554, 0.0, 816.2670197447984], [0.0, 1266.417203046554, 491.50706579294757], [0.0, 0.0, 1.0]], [[1260.8474446004698, 0.0, 807.968244525554], [0.0, 1260.8474446004698, 495.3344268742088], [0.0, 0.0, 1.0]], [[1256.7414812095406, 0.0, 792.1125740759628], [0.0, 1256.7414812095406, 492.7757465151356], [0.0, 0.0, 1.0]], [[809.2209905677063, 0.0, 829.2196003259838], [0.0, 809.2209905677063, 481.77842384512485], [0.0, 0.0, 1.0]], [[1259.5137405846733, 0.0, 807.2529053838625], [0.0, 1259.5137405846733, 501.19579884916527], [0.0, 0.0, 1.0]]], "extrinsics": [[[0.8125037550926208, -0.5828744769096375, 0.009742851369082928, -0.846954345703125], [-0.0005985500756651163, -0.01754695735871792, -0.9998458623886108, 1.5082368850708008], [0.582955539226532, 0.8123726844787598, -0.014605849049985409, -1.20068359375], [0.0, 0.0, 0.0, 1.0]], [[-0.005982159171253443, -0.9997498393058777, 0.021551694720983505, 0.0079345703125], [-0.005859532859176397, -0.021516667678952217, -0.9997513294219971, 1.5199222564697266], [0.9999648928642273, -0.006106917280703783, -0.005729351192712784, -1.57476806640625], [0.0, 0.0, 0.0, 1.0]], [[-0.8378640413284302, -0.5458738803863525, 0.002355010714381933, 0.957275390625], [1.9265353330411017e-05, -0.004343733191490173, -0.9999905824661255, 1.5036592483520508], [0.5458790063858032, -0.837856113910675, 0.003649974474683404, -1.1961669921875], [0.0, 0.0, 0.0, 1.0]], [[0.9477206468582153, 0.3190876245498657, -0.0029520695097744465, -1.1396484375], [0.008539607748389244, -0.03460916131734848, -0.99936443567276, 1.5886287689208984], [-0.3189869523048401, 0.9470930695533752, -0.03552469611167908, -0.10595703125], [0.0, 0.0, 0.0, 1.0]], [[0.005775002762675285, 0.999679684638977, -0.024643436074256897, 0.001220703125], [-0.016898274421691895, -0.02454276755452156, -0.9995560050010681, 1.5787849426269531], [-0.999840497970581, 0.006188887637108564, 0.01675112545490265, -0.03424072265625], [0.0, 0.0, 0.0, 1.0]], [[-0.9324480295181274, 0.3608497381210327, -0.018109992146492004, 1.07208251953125], [0.01577647030353546, -0.009411664679646492, -0.9998312592506409, 1.5525450706481934], [-0.36095932126045227, -0.9325764179229736, 0.003082952694967389, -0.0855712890625], [0.0, 0.0, 0.0, 1.0]]], "view": [[0.0, -2.0, 100.0], [-2.0, 0.0, 100.0], [0.0, 0.0, 1.0]], "bev": "bev_0bcb08a96d264c8ca9f2119c6b0dbeb2.png", "aux": "aux_0bcb08a96d264c8ca9f2119c6b0dbeb2.npz", "visibility": "visibility_0bcb08a96d264c8ca9f2119c6b0dbeb2.png", "pose": [[-0.860141396522522, 0.510055661201477, 0.0, 378.1094970703125], [-0.510055661201477, -0.860141396522522, 0.0, 1099.7403564453125], [0.0, 0.0, 1.0, 0.0], [0.0, 0.0, 0.0, 1.0]], "pose_inverse": [[-0.860141396522522, -0.510055661201477, 0.0, 886.1564331054688], [0.510055661201477, -0.860141396522522, 0.0, 753.0753173828125], [0.0, 0.0, 1.0, 0.0], [0.0, 0.0, 0.0, 1.0]], "cam_ids": [0, 1, 2, 3, 4, 5], "cam_channels": ["CAM_FRONT_LEFT", "CAM_FRONT", "CAM_FRONT_RIGHT", "CAM_BACK_LEFT", "CAM_BACK", "CAM_BACK_RIGHT"], "token": "0bcb08a96d264c8ca9f2119c6b0dbeb2", "scene": "scene-0002"}, {"images": ["samples/CAM_FRONT_LEFT/n015-2018-07-18-11-07-57+0800__CAM_FRONT_LEFT__1531883723904844.jpg", "samples/CAM_FRONT/n015-2018-07-18-11-07-57+0800__CAM_FRONT__1531883723912577.jpg", "samples/CAM_FRONT_RIGHT/n015-2018-07-18-11-07-57+0800__CAM_FRONT_RIGHT__1531883723920339.jpg", "samples/CAM_BACK_LEFT/n015-2018-07-18-11-07-57+0800__CAM_BACK_LEFT__1531883723947423.jpg", "samples/CAM_BACK/n015-2018-07-18-11-07-57+0800__CAM_BACK__1531883723937525.jpg", "samples/CAM_BACK_RIGHT/n015-2018-07-18-11-07-57+0800__CAM_BACK_RIGHT__1531883723927893.jpg"], "intrinsics": [[[1272.5979470598488, 0.0, 826.6154927353808], [0.0, 1272.5979470598488, 479.75165386361925], [0.0, 0.0, 1.0]], [[1266.417203046554, 0.0, 816.2670197447984], [0.0, 1266.417203046554, 491.50706579294757], [0.0, 0.0, 1.0]], [[1260.8474446004698, 0.0, 807.968244525554], [0.0, 1260.8474446004698, 495.3344268742088], [0.0, 0.0, 1.0]], [[1256.7414812095406, 0.0, 792.1125740759628], [0.0, 1256.7414812095406, 492.7757465151356], [0.0, 0.0, 1.0]], [[809.2209905677063, 0.0, 829.2196003259838], [0.0, 809.2209905677063, 481.77842384512485], [0.0, 0.0, 1.0]], [[1259.5137405846733, 0.0, 807.2529053838625], [0.0, 1259.5137405846733, 501.19579884916527], [0.0, 0.0, 1.0]]], "extrinsics": [[[0.8118652701377869, -0.5837738513946533, 0.009098504669964314, -0.82275390625], [-0.0032577374950051308, -0.020113028585910797, -0.9997923970222473, 1.5079097747802734], [0.5838357210159302, 0.8116670846939087, -0.018230849876999855, -1.190673828125], [0.0, 0.0, 0.0, 1.0]], [[-0.006647634319961071, -0.9996874928474426, 0.024097906425595284, 0.01373291015625], [-0.008545314893126488, -0.024040771648287773, -0.9996744990348816, 1.5195732116699219], [0.999941349029541, -0.00685133645310998, -0.008382830768823624, -1.55303955078125], [0.0, 0.0, 0.0, 1.0]], [[-0.8381100296974182, -0.5454683303833008, 0.005981804337352514, 0.945068359375], [-0.002689632121473551, -0.006833458319306374, -0.9999729990959167, 1.5034046173095703], [0.5454944372177124, -0.8381035923957825, 0.004260080400854349, -1.1820926666259766], [0.0, 0.0, 0.0, 1.0]], [[0.94761723279953, 0.319353312253952, -0.005917709786444902, -1.1351318359375], [0.00619842205196619, -0.03690989315509796, -0.9992993474006653, 1.588820457458496], [-0.319348007440567, 0.9469167590141296, -0.03695593774318695, -0.1119384765625], [0.0, 0.0, 0.0, 1.0]], [[0.005959411151707172, 0.9996161460876465, -0.027056608349084854, -0.00311279296875], [-0.019401421770453453, -0.02693641372025013, -0.999448835849762, 1.5786018371582031], [-0.999794065952301, 0.006481095217168331, 0.019233448430895805, -0.045654296875], [0.0, 0.0, 0.0, 1.0]], [[-0.9323578476905823, 0.3611556887626648, -0.01659237965941429, 1.05462646484375], [0.01319552306085825, -0.011869720183312893, -0.9998425245285034, 1.552663803100586], [-0.3612957000732422, -0.9324300289154053, 0.006301186978816986, -0.08612060546875], [0.0, 0.0, 0.0, 1.0]]], "view": [[0.0, -2.0, 100.0], [-2.0, 0.0, 100.0], [0.0, 0.0, 1.0]], "bev": "bev_a71b19643dbc488e97323303442d1a21.png", "aux": "aux_a71b19643dbc488e97323303442d1a21.npz", "visibility": "visibility_a71b19643dbc488e97323303442d1a21.png", "pose": [[-0.7791299819946289, 0.6268624067306519, 0.0, 376.948486328125], [-0.6268624067306519, -0.7791299819946289, 0.0, 1098.958740234375], [0.0, 0.0, 1.0, 0.0], [0.0, 0.0, 0.0, 1.0]], "pose_inverse": [[-0.7791299819946289, -0.6268624067306519, 0.0, 982.5877685546875], [0.6268624067306519, -0.7791299819946289, 0.0, 619.9368896484375], [0.0, 0.0, 1.0, 0.0], [0.0, 0.0, 0.0, 1.0]], "cam_ids": [0, 1, 2, 3, 4, 5], "cam_channels": ["CAM_FRONT_LEFT", "CAM_FRONT", "CAM_FRONT_RIGHT", "CAM_BACK_LEFT", "CAM_BACK", "CAM_BACK_RIGHT"], "token": "a71b19643dbc488e97323303442d1a21", "scene": "scene-0002"}, {"images": ["samples/CAM_FRONT_LEFT/n015-2018-07-18-11-07-57+0800__CAM_FRONT_LEFT__1531883724404844.jpg", "samples/CAM_FRONT/n015-2018-07-18-11-07-57+0800__CAM_FRONT__1531883724412465.jpg", "samples/CAM_FRONT_RIGHT/n015-2018-07-18-11-07-57+0800__CAM_FRONT_RIGHT__1531883724420339.jpg", "samples/CAM_BACK_LEFT/n015-2018-07-18-11-07-57+0800__CAM_BACK_LEFT__1531883724447423.jpg", "samples/CAM_BACK/n015-2018-07-18-11-07-57+0800__CAM_BACK__1531883724437525.jpg", "samples/CAM_BACK_RIGHT/n015-2018-07-18-11-07-57+0800__CAM_BACK_RIGHT__1531883724427893.jpg"], "intrinsics": [[[1272.5979470598488, 0.0, 826.6154927353808], [0.0, 1272.5979470598488, 479.75165386361925], [0.0, 0.0, 1.0]], [[1266.417203046554, 0.0, 816.2670197447984], [0.0, 1266.417203046554, 491.50706579294757], [0.0, 0.0, 1.0]], [[1260.8474446004698, 0.0, 807.968244525554], [0.0, 1260.8474446004698, 495.3344268742088], [0.0, 0.0, 1.0]], [[1256.7414812095406, 0.0, 792.1125740759628], [0.0, 1256.7414812095406, 492.7757465151356], [0.0, 0.0, 1.0]], [[809.2209905677063, 0.0, 829.2196003259838], [0.0, 809.2209905677063, 481.77842384512485], [0.0, 0.0, 1.0]], [[1259.5137405846733, 0.0, 807.2529053838625], [0.0, 1259.5137405846733, 501.19579884916527], [0.0, 0.0, 1.0]]], "extrinsics": [[[0.8113213777542114, -0.5844979286193848, 0.0109473941847682, -0.81951904296875], [-0.0007621630211360753, -0.019783830270171165, -0.9998039603233337, 1.5082244873046875], [0.5845999121665955, 0.8111539483070374, -0.016496526077389717, -1.1822509765625], [0.0, 0.0, 0.0, 1.0]], [[-0.007572243921458721, -0.9996872544288635, 0.023832935839891434, 0.0086669921875], [-0.0059506576508283615, -0.023788148537278175, -0.9996993541717529, 1.5197877883911133], [0.99995356798172, -0.00771180959418416, -0.005768665112555027, -1.5478515625], [0.0, 0.0, 0.0, 1.0]], [[-0.8385009169578552, -0.5448881983757019, 0.003610637504607439, 0.9404296875], [2.7189336833544075e-05, -0.006668074056506157, -0.999977707862854, 1.5036706924438477], [0.544900119304657, -0.8384822010993958, 0.005606004968285561, -1.18487548828125], [0.0, 0.0, 0.0, 1.0]], [[0.9477606415748596, 0.31896260380744934, -0.0035461224615573883, -1.1397705078125], [0.00870179757475853, -0.03696604073047638, -0.9992786049842834, 1.5886216163635254], [-0.3188636600971222, 0.947046