[{"images": ["samples/CAM_FRONT_LEFT/n008-2018-09-18-14-43-59-0400__CAM_FRONT_LEFT__1537296601254799.jpg", "samples/CAM_FRONT/n008-2018-09-18-14-43-59-0400__CAM_FRONT__1537296601262404.jpg", "samples/CAM_FRONT_RIGHT/n008-2018-09-18-14-43-59-0400__CAM_FRONT_RIGHT__1537296601270482.jpg", "samples/CAM_BACK_LEFT/n008-2018-09-18-14-43-59-0400__CAM_BACK_LEFT__1537296601297405.jpg", "samples/CAM_BACK/n008-2018-09-18-14-43-59-0400__CAM_BACK__1537296601287558.jpg", "samples/CAM_BACK_RIGHT/n008-2018-09-18-14-43-59-0400__CAM_BACK_RIGHT__1537296601278113.jpg"], "intrinsics": [[[1257.8625342125129, 0.0, 827.2410631095686], [0.0, 1257.8625342125129, 450.915498205774], [0.0, 0.0, 1.0]], [[1252.8131021185304, 0.0, 826.588114781398], [0.0, 1252.8131021185304, 469.9846626224581], [0.0, 0.0, 1.0]], [[1256.7485116440405, 0.0, 817.7887570959712], [0.0, 1256.7485116440403, 451.9541780095127], [0.0, 0.0, 1.0]], [[1254.9860565800168, 0.0, 829.5769333630991], [0.0, 1254.9860565800168, 467.1680561863987], [0.0, 0.0, 1.0]], [[796.8910634503094, 0.0, 857.7774326863696], [0.0, 796.8910634503094, 476.8848988407415], [0.0, 0.0, 1.0]], [[1249.9629280788233, 0.0, 825.3768045375984], [0.0, 1249.9629280788233, 462.54816385708756], [0.0, 0.0, 1.0]]], "extrinsics": [[[0.8231371641159058, -0.5678387880325317, -0.002082030288875103, -0.7325439453125], [0.005024802405387163, 0.010950258001685143, -0.9999274015426636, 1.4898900985717773], [0.5678203701972961, 0.8230670094490051, 0.011866840533912182, -1.1512451171875], [0.0, 0.0, 0.0, 1.0]], [[0.011086102575063705, -0.9999153017997742, -0.006818058900535107, 0.01244354248046875], [0.006961842067539692, 0.006895494647324085, -0.9999520182609558, 1.482029914855957], [0.999914288520813, 0.011038064956665039, 0.007037697359919548, -1.462890625], [0.0, 0.0, 0.0, 1.0]], [[-0.8436665534973145, -0.5367407202720642, -0.011662301607429981, 0.912841796875], [0.014936774969100952, -0.0017525663133710623, -0.9998868703842163, 1.496255874633789], [0.5366595983505249, -0.8437453508377075, 0.009495756588876247, -1.1605224609375], [0.0, 0.0, 0.0, 1.0]], [[0.9478538036346436, 0.31865444779396057, -0.005706325639039278, -1.126708984375], [-0.010570282116532326, 0.013536916114389896, -0.9998525381088257, 1.561849594116211], [-0.31853023171424866, 0.9477742910385132, 0.01619928516447544, -0.162139892578125], [0.0, 0.0, 0.0, 1.0]], [[0.00898149237036705, 0.999942421913147, 0.005866188555955887, -0.0295562744140625], [-0.00838206522166729, 0.005941504612565041, -0.9999471306800842, 1.5673065185546875], [-0.9999246001243591, 0.008931850083172321, 0.008434945717453957, -0.0445556640625], [0.0, 0.0, 0.0, 1.0]], [[-0.923904538154602, 0.38261428475379944, -0.0025817544665187597, 1.0146484375], [-0.0041651311330497265, -0.01680426485836506, -0.9998501539230347, 1.5472006797790527], [-0.38260024785995483, -0.9237553477287292, 0.01711917482316494, -0.10137939453125], [0.0, 0.0, 0.0, 1.0]]], "view": [[0.0, -2.0, 100.0], [-2.0, 0.0, 100.0], [0.0, 0.0, 1.0]], "bev": "bev_6500650461bd44a4ba09a3669b4eac4a.png", "aux": "aux_6500650461bd44a4ba09a3669b4eac4a.npz", "visibility": "visibility_6500650461bd44a4ba09a3669b4eac4a.png", "pose": [[0.5070846080780029, -0.861896276473999, 0.0, 620.6547241210938], [0.861896276473999, 0.5070846080780029, 0.0, 1245.211669921875], [0.0, 0.0, 1.0, 0.0], [0.0, 0.0, 0.0, 1.0]], "pose_inverse": [[0.5070846080780029, 0.861896276473999, 0.0, -1387.9677734375], [-0.861896276473999, 0.5070846080780029, 0.0, -96.48765563964844], [0.0, 0.0, 1.0, 0.0], [0.0, 0.0, 0.0, 1.0]], "cam_ids": [0, 1, 2, 3, 4, 5], "cam_channels": ["CAM_FRONT_LEFT", "CAM_FRONT", "CAM_FRONT_RIGHT", "CAM_BACK_LEFT", "CAM_BACK", "CAM_BACK_RIGHT"], "token": "6500650461bd44a4ba09a3669b4eac4a", "scene": "scene-0650"}, {"images": ["samples/CAM_FRONT_LEFT/n008-2018-09-18-14-43-59-0400__CAM_FRONT_LEFT__1537296601754799.jpg", "samples/CAM_FRONT/n008-2018-09-18-14-43-59-0400__CAM_FRONT__1537296601762404.jpg", "samples/CAM_FRONT_RIGHT/n008-2018-09-18-14-43-59-0400__CAM_FRONT_RIGHT__1537296601770482.jpg", "samples/CAM_BACK_LEFT/n008-2018-09-18-14-43-59-0400__CAM_BACK_LEFT__1537296601797405.jpg", "samples/CAM_BACK/n008-2018-09-18-14-43-59-0400__CAM_BACK__1537296601787558.jpg", "samples/CAM_BACK_RIGHT/n008-2018-09-18-14-43-59-0400__CAM_BACK_RIGHT__1537296601778113.jpg"], "intrinsics": [[[1257.8625342125129, 0.0, 827.2410631095686], [0.0, 1257.8625342125129, 450.915498205774], [0.0, 0.0, 1.0]], [[1252.8131021185304, 0.0, 826.588114781398], [0.0, 1252.8131021185304, 469.9846626224581], [0.0, 0.0, 1.0]], [[1256.7485116440405, 0.0, 817.7887570959712], [0.0, 1256.7485116440403, 451.9541780095127], [0.0, 0.0, 1.0]], [[1254.9860565800168, 0.0, 829.5769333630991], [0.0, 1254.9860565800168, 467.1680561863987], [0.0, 0.0, 1.0]], [[796.8910634503094, 0.0, 857.7774326863696], [0.0, 796.8910634503094, 476.8848988407415], [0.0, 0.0, 1.0]], [[1249.9629280788233, 0.0, 825.3768045375984], [0.0, 1249.9629280788233, 462.54816385708756], [0.0, 0.0, 1.0]]], "extrinsics": [[[0.8224366307258606, -0.5688260793685913, -0.005907588172703981, -0.7340087890625], [0.0035519045777618885, 0.015519781969487667, -0.9998732209205627, 1.4894657135009766], [0.5688456892967224, 0.8223114013671875, 0.014784451574087143, -1.14581298828125], [0.0, 0.0, 0.0, 1.0]], [[0.010048449039459229, -0.9998852014541626, -0.011345607228577137, 0.0080108642578125], [0.005584018770605326, 0.011402114294469357, -0.9999194145202637, 1.4816913604736328], [0.9999338984489441, 0.009984349831938744, 0.005697951186448336, -1.4619140625], [0.0, 0.0, 0.0, 1.0]], [[-0.8441240787506104, -0.5359900593757629, -0.013015653938055038, 0.91064453125], [0.013698038645088673, 0.0027081549633294344, -0.9999024868011475, 1.4959907531738281], [0.5359730124473572, -0.844219982624054, 0.005055992864072323, -1.16351318359375], [0.0, 0.0, 0.0, 1.0]], [[0.9478750824928284, 0.31860092282295227, -0.005116610322147608, -1.1309814453125], [-0.011419976130127907, 0.01791977323591709, -0.999774158000946, 1.561884880065918], [-0.3184373676776886, 0.9477195143699646, 0.020624123513698578, -0.16058349609375], [0.0, 0.0, 0.0, 1.0]], [[0.009345448575913906, 0.9999032616615295, 0.010305682197213173, -0.0279693603515625], [-0.009385870769619942, 0.010393394157290459, -0.9999018907546997, 1.5672492980957031], [-0.9999123215675354, 0.009247805923223495, 0.009482093155384064, -0.0419921875], [0.0, 0.0, 0.0, 1.0]], [[-0.9236680269241333, 0.3831934332847595, 0.0001382372429361567, 1.016357421875], [-0.005270225927233696, -0.012342889793217182, -0.9999099373817444, 1.5469856262207031], [-0.38315725326538086, -0.9235855340957642, 0.01342025026679039, -0.103759765625], [0.0, 0.0, 0.0, 1.0]]], "view": [[0.0, -2.0, 100.0], [-2.0, 0.0, 100.0], [0.0, 0.0, 1.0]], "bev": "bev_d94b75cefc194e3496520de2f876566e.png", "aux": "aux_d94b75cefc194e3496520de2f876566e.npz", "visibility": "visibility_d94b75cefc194e3496520de2f876566e.png", "pose": [[0.5089917182922363, -0.8607714176177979, 0.0, 622.5736083984375], [0.8607714176177979, 0.5089917182922363, 0.0, 1248.4178466796875], [0.0, 0.0, 1.0, 0.0], [0.0, 0.0, 0.0, 1.0]], "pose_inverse": [[0.5089917182922363, 0.8607714176177979, 0.0, -1391.4871826171875], [-0.8607714176177979, 0.5089917182922363, 0.0, -99.54080200195312], [0.0, 0.0, 1.0, 0.0], [0.0, 0.0, 0.0, 1.0]], "cam_ids": [0, 1, 2, 3, 4, 5], "cam_channels": ["CAM_FRONT_LEFT", "CAM_FRONT", "CAM_FRONT_RIGHT", "CAM_BACK_LEFT", "CAM_BACK", "CAM_BACK_RIGHT"], "token": "d94b75cefc194e3496520de2f876566e", "scene": "scene-0650"}, {"images": ["samples/CAM_FRONT_LEFT/n008-2018-09-18-14-43-59-0400__CAM_FRONT_LEFT__1537296602254799.jpg", "samples/CAM_FRONT/n008-2018-09-18-14-43-59-0400__CAM_FRONT__1537296602262404.jpg", "samples/CAM_FRONT_RIGHT/n008-2018-09-18-14-43-59-0400__CAM_FRONT_RIGHT__1537296602270482.jpg", "samples/CAM_BACK_LEFT/n008-2018-09-18-14-43-59-0400__CAM_BACK_LEFT__1537296602297405.jpg", "samples/CAM_BACK/n008-2018-09-18-14-43-59-0400__CAM_BACK__1537296602287558.jpg", "samples/CAM_BACK_RIGHT/n008-2018-09-18-14-43-59-0400__CAM_BACK_RIGHT__1537296602278113.jpg"], "intrinsics": [[[1257.8625342125129, 0.0, 827.2410631095686], [0.0, 1257.8625342125129, 450.915498205774], [0.0, 0.0, 1.0]], [[1252.8131021185304, 0.0, 826.588114781398], [0.0, 1252.8131021185304, 469.9846626224581], [0.0, 0.0, 1.0]], [[1256.7485116440405, 0.0, 817.7887570959712], [0.0, 1256.7485116440403, 451.9541780095127], [0.0, 0.0, 1.0]], [[1254.9860565800168, 0.0, 829.5769333630991], [0.0, 1254.9860565800168, 467.1680561863987], [0.0, 0.0, 1.0]], [[796.8910634503094, 0.0, 857.7774326863696], [0.0, 796.8910634503094, 476.8848988407415], [0.0, 0.0, 1.0]], [[1249.9629280788233, 0.0, 825.3768045375984], [0.0, 1249.9629280788233, 462.54816385708756], [0.0, 0.0, 1.0]]], "extrinsics": [[[0.8226773738861084, -0.5684828758239746, -0.005402982234954834, -0.7344970703125], [0.003868205938488245, 0.015100915916264057, -0.999878466129303, 1.4895086288452148], [0.5684953331947327, 0.8225564956665039, 0.014622189104557037, -1.15045166015625], [0.0, 0.0, 0.0, 1.0]], [[0.010524151846766472, -0.9998840093612671, -0.011008718982338905, 0.01116943359375], [0.0057625602930784225, 0.011069792322814465, -0.9999220967292786, 1.481689453125], [0.9999279975891113, 0.010459897108376026, 0.005878392141312361, -1.46484375], [0.0, 0.0, 0.0, 1.0]], [[-0.8438379764556885, -0.5364428162574768, -0.012909426353871822, 0.9149169921875], [0.013737249188125134, 0.0024534875992685556, -0.9999026656150818, 1.4959468841552734], [0.5364221930503845, -0.84393310546875, 0.005298902280628681, -1.16278076171875], [0.0, 0.0, 0.0, 1.0]], [[0.9478617906570435, 0.318634957075119, -0.005463732872158289, -1.1356201171875], [-0.011737455613911152, 0.01777266524732113, -0.9997731447219849, 1.5619401931762695], [-0.31846559047698975, 0.9477108716964722, 0.02058599516749382, -0.158966064453125], [0.0, 0.0, 0.0, 1.0]], [[0.00906401313841343, 0.9999076724052429, 0.010122506879270077, -0.02927398681640625], [-0.009545495733618736, 0.010208981111645699, -0.9999023079872131, 1.5672616958618164], [-0.9999133944511414, 0.008966539055109024, 0.009637149050831795, -0.0382080078125], [0.0, 0.0, 0.0, 1.0]], [[-0.9238674640655518, 0.3827125132083893, 0.00012389104813337326, 1.018310546875], [-0.005338069051504135, -0.012562405318021774, -0.9999068379402161, 1.5470218658447266], [-0.3826752305030823, -0.9237821102142334, 0.013648943044245243, -0.100341796875], [0.0, 0.0, 0.0, 1.0]]], "view": [[0.0, -2.0, 100.0], [-2.0, 0.0, 100.0], [0.0, 0.0, 1.0]], "bev": "bev_ad94e2b263d247bf8fd48c8d6b98da7c.png", "aux": "aux_ad94e2b263d247bf8fd48c8d6b98da7c.npz", "visibility": "visibility_ad94e2b263d247bf8fd48c8d6b98da7c.png", "pose": [[0.5106045007705688, -0.8598157167434692, 0.0, 624.5078735351562], [0.8598157167434692, 0.5106045007705688, 0.0, 1251.640380859375], [0.0, 0.0, 1.0, 0.0], [0.0, 0.0, 0.0, 1.0]], "pose_inverse": [[0.5106045007705688, 0.8598157167434692, 0.0, -1395.056640625], [-0.8598157167434692, 0.5106045007705688, 0.0, -102.13153839111328], [0.0, 0.0, 1.0, 0.0], [0.0, 0.0, 0.0, 1.0]], "cam_ids": [0, 1, 2, 3, 4, 5], "cam_channels": ["CAM_FRONT_LEFT", "CAM_FRONT", "CAM_FRONT_RIGHT", "CAM_BACK_LEFT", "CAM_BACK", "CAM_BACK_RIGHT"], "token": "ad94e2b263d247bf8fd48c8d6b98da7c", "scene": "scene-0650"}, {"images": ["samples/CAM_FRONT_LEFT/n008-2018-09-18-14-43-59-0400__CAM_FRONT_LEFT__1537296602754799.jpg", "samples/CAM_FRONT/n008-2018-09-18-14-43-59-0400__CAM_FRONT__1537296602762411.jpg", "samples/CAM_FRONT_RIGHT/n008-2018-09-18-14-43-59-0400__CAM_FRONT_RIGHT__1537296602770482.jpg", "samples/CAM_BACK_LEFT/n008-2018-09-18-14-43-59-0400__CAM_BACK_LEFT__1537296602797405.jpg", "samples/CAM_BACK/n008-2018-09-18-14-43-59-0400__CAM_BACK__1537296602787558.jpg", "samples/CAM_BACK_RIGHT/n008-2018-09-18-14-43-59-0400__CAM_BACK_RIGHT__1537296602778113.jpg"], "intrinsics": [[[1257.8625342125129, 0.0, 827.2410631095686], [0.0, 1257.8625342125129, 450.915498205774], [0.0, 0.0, 1.0]], [[1252.8131021185304, 0.0, 826.588114781398], [0.0, 1252.8131021185304, 469.9846626224581], [0.0, 0.0, 1.0]], [[1256.7485116440405, 0.0, 817.7887570959712], [0.0, 1256.7485116440403, 451.9541780095127], [0.0, 0.0, 1.0]], [[1254.9860565800168, 0.0, 829.5769333630991], [0.0, 1254.9860565800168, 467.1680561863987], [0.0, 0.0, 1.0]], [[796.8910634503094, 0.0, 857.7774326863696], [0.0, 796.8910634503094, 476.8848988407415], [0.0, 0.0, 1.0]], [[1249.9629280788233, 0.0, 825.3768045375984], [0.0, 1249.9629280788233, 462.54816385708756], [0.0, 0.0, 1.0]]], "extrinsics": [[[0.8224434852600098, -0.5687136650085449, -0.012313242070376873, -0.7352294921875], [-0.0021428335458040237, 0.01854841224849224, -0.999825656414032, 1.487553358078003], [0.568842887878418, 0.8223264217376709, 0.014036360196769238, -1.14959716796875], [0.0, 0.0, 0.0, 1.0]], [[0.010034428909420967, -0.9998432397842407, -0.01458477508276701, 0.00988006591796875], [-0.00025354247190989554, 0.014582966454327106, -0.9998936057090759, 1.480072259902954], [0.99994957447052, 0.010037020780146122, -0.00010717179247876629, -1.46533203125], [0.0, 0.0, 0.0, 1.0]], [[-0.8441798686981201, -0.5359728336334229, -0.009668650105595589, 0.91455078125], [0.007632617838680744, 0.00601689238101244, -0.9999527931213379, 1.4946622848510742], [0.5360056757926941, -0.8442138433456421, -0.0009884636383503675, -1.1644287109375], [0.0, 0.0, 0.0, 1.0]], [[0.9478304982185364, 0.31860846281051636, -0.010290982201695442, -1.1363525390625], [-0.01805656962096691, 0.021429523825645447, -0.999607264995575, 1.561899185180664], [-0.31826284527778625, 0.9476441144943237, 0.02606453187763691, -0.15863037109375], [0.0, 0.0, 0.0, 1.0]], [[0.009438482113182545, 0.9998618364334106, 0.01368728093802929, -0.02841949462890625], [-0.015819160267710686, 0.013835479505360126, -0.9997791051864624, 1.5667667388916016], [-0.9998303055763245, 0.00921982154250145, 0.015947561711072922, -0.037353515625], [0.0, 0.0, 0.0, 1.0]], [[-0.9236407279968262, 0.3831905424594879, 0.007259821984916925, 1.0198974609375], [-0.01157525647431612, -0.008957256563007832, -0.9998928904533386, 1.5460586547851562], [-0.38308441638946533, -0.9236258864402771, 0.012708816677331924, -0.10125732421875], [0.0, 0.0, 0.0, 1.0]]], "view": [[0.0, -2.0, 100.0], [-2.0, 0.0, 100.0], [0.0, 0.0, 1.0]], "bev": "bev_3c058af2737a405186cf131e0747f30c.png", "aux": "aux_3c058af2737a405186cf131e0747f30c.npz", "visibility": "visibility_3c058af2737a405186cf131e0747f30c.png", "pose": [[0.5143672823905945, -0.8575699925422668, 0.0, 626.4998779296875], [0.8575699925422668, 0.5143672823905945, 0.0, 1254.8985595703125], [0.0, 0.0, 1.0, 0.0], [0.0, 0.0, 0.0, 1.0]], "pose_inverse": [[0.5143672823905945, 0.8575699925422668, 0.0, -1398.4144287109375], [-0.8575699925422668, 0.5143672823905945, 0.0, -108.21125793457031], [0.0, 0.0, 1.0, 0.0], [0.0, 0.0, 0.0, 1.0]], "cam_ids": [0, 1, 2, 3, 4, 5], "cam_channels": ["CAM_FRONT_LEFT", "CAM_FRONT", "CAM_FRONT_RIGHT", "CAM_BACK_LEFT", "CAM_BACK", "CAM_BACK_RIGHT"], "token": "3c058af2737a405186cf131e0747f30c", "scene": "scene-0650"}, {"images": ["samples/CAM_FRONT_LEFT/n008-2018-09-18-14-43-59-0400__CAM_FRONT_LEFT__1537296603254799.jpg", "samples/CAM_FRONT/n008-2018-09-18-14-43-59-0400__CAM_FRONT__1537296603262404.jpg", "samples/CAM_FRONT_RIGHT/n008-2018-09-18-14-43-59-0400__CAM_FRONT_RIGHT__1537296603270482.jpg", "samples/CAM_BACK_LEFT/n008-2018-09-18-14-43-59-0400__CAM_BACK_LEFT__1537296603297405.jpg", "samples/CAM_BACK/n008-2018-09-18-14-43-59-0400__CAM_BACK__1537296603287558.jpg", "samples/CAM_BACK_RIGHT/n008-2018-09-18-14-43-59-0400__CAM_BACK_RIGHT__1537296603278113.jpg"], "intrinsics": [[[1257.8625342125129, 0.0, 827.2410631095686], [0.0, 1257.8625342125129, 450.915498205774], [0.0, 0.0, 1.0]], [[1252.8131021185304, 0.0, 826.588114781398], [0.0, 1252.8131021185304, 469.9846626224581], [0.0, 0.0, 1.0]], [[1256.7485116440405, 0.0, 817.7887570959712], [0.0, 1256.7485116440403, 451.9541780095127], [0.0, 0.0, 1.0]], [[1254.9860565800168, 0.0, 829.5769333630991], [0.0, 1254.9860565800168, 467.1680561863987], [0.0, 0.0, 1.0]], [[796.8910634503094, 0.0, 857.7774326863696], [0.0, 796.8910634503094, 476.8848988407415], [0.0, 0.0, 1.0]], [[1249.9629280788233, 0.0, 825.3768045375984], [0.0, 1249.9629280788233, 462.54816385708756], [0.0, 0.0, 1.0]]], "extrinsics": [[[0.8224666118621826, -0.5686332583427429, -0.014317619614303112, -0.712890625], [-0.002074858406558633, 0.022171705961227417, -0.9997520446777344, 1.4875019788742065], [0.5688096880912781, 0.8222923874855042, 0.017055653035640717, -1.13446044921875], [0.0, 0.0, 0.0, 1.0]], [[0.010199262760579586, -0.9997798800468445, -0.01833549328148365, 0.01059722900390625], [-0.00011355487367836758, 0.018335288390517235, -0.9998319149017334, 1.4800901412963867], [0.9999479651451111, 0.010199627839028835, 7.347734936047345e-05, -1.443603515625], [0.0, 0.0, 0.0, 1.0]], [[-0.8440217971801758, -0.5361741781234741, -0.012022813782095909, 0.9014892578125], [0.007909191772341728, 0.009971220046281815, -0.9999189972877502, 1.4948348999023438], [0.536250650882721, -0.8440485000610352, -0.004175223410129547, -1.1551513671875], [0.0, 0.0, 0.0, 1.0]], [[0.9478334784507751, 0.3186567425727844, -0.008352753706276417, -1.1326904296875], [-0.017644718289375305, 0.0262843556702137, -0.9994987845420837, 1.5618324279785156], [-0.3182774484157562, 0.9475056529045105, 0.030535798519849777, -0.160003662109375], [0.0, 0.0, 0.0, 1.0]], [[0.009252904914319515, 0.9997914433479309, 0.018206937238574028, -0.02890777587890625], [-0.015472403727471828, 0.018348684534430504, -0.9997118711471558, 1.5666675567626953], [-0.9998375177383423, 0.008968635462224483, 0.015638956800103188, -0.044921875], [0.0, 0.0, 0.0, 1.0]], [[-0.9237777590751648, 0.38283485174179077, 0.008483586832880974, 1.0091552734375], [-0.011159833520650864, -0.004770319908857346, -0.9999263286590576, 1.5459938049316406], [-0.38276615738868713, -0.9238044619560242, 0.008679088205099106, -0.10491943359375], [0.0, 0.0, 0.0, 1.0]]], "view": [[0.0, -2.0, 100.0], [-2.0, 0.0, 100.0], [0.0, 0.0, 1.0]], "bev": "bev_42f14f2b025e4a85bf14961b526c704f.png", "aux": "aux_42f14f2b025e4a85bf14961b526c704f.npz", "visibility": "visibility_42f14f2b025e4a85bf14961b526c704f.png", "pose": [[0.5141964554786682, -0.8576724529266357, 0.0, 628.5353393554688], [0.8576724529266357, 0.5141964554786682, 0.0, 1258.2423095703125], [0.0, 0.0, 1.0, 0.0], [0.0, 0.0, 0.0, 1.0]], "pose_inverse": [[0.5141964554786682, 0.8576724529266357, 0.0, -1402.350341796875], [-0.8576724529266357, 0.5141964554786682, 0.0, -107.9062728881836], [0.0, 0.0, 1.0, 0.0], [0.0, 0.0, 0.0, 1.0]], "cam_ids": [0, 1, 2, 3, 4, 5], "cam_channels": ["CAM_FRONT_LEFT", "CAM_FRONT", "CAM_FRONT_RIGHT", "CAM_BACK_LEFT", "CAM_BACK", "CAM_BACK_RIGHT"], "token": "42f14f2b025e4a85bf14961b526c704f", "scene": "scene-0650"}, {"images": ["samples/CAM_FRONT_LEFT/n008-2018-09-18-14-43-59-0400__CAM_FRONT_LEFT__1537296603754799.jpg", "samples/CAM_FRONT/n008-2018-09-18-14-43-59-0400__CAM_FRONT__1537296603762404.jpg", "samples/CAM_FRONT_RIGHT/n008-2018-09-18-14-43-59-0400__CAM_FRONT_RIGHT__1537296603770495.jpg", "samples/CAM_BACK_LEFT/n008-2018-09-18-14-43-59-0400__CAM_BACK_LEFT__1537296603797405.jpg", "samples/CAM_BACK/n008-2018-09-18-14-43-59-0400__CAM_BACK__1537296603787558.jpg", "samples/CAM_BACK_RIGHT/n008-2018-09-18-14-43-59-0400__CAM_BACK_RIGHT__1537296603778113.jpg"], "intrinsics": [[[1257.8625342125129, 0.0, 827.2410631095686], [0.0, 1257.8625342125129, 450.915498205774], [0.0, 0.0, 1.0]], [[1252.8131021185304, 0.0, 826.588114781398], [0.0, 1252.8131021185304, 469.9846626224581], [0.0, 0.0, 1.0]], [[1256.7485116440405, 0.0, 817.7887570959712], [0.0, 1256.7485116440403, 451.9541780095127], [0.0, 0.0, 1.0]], [[1254.9860565800168, 0.0, 829.5769333630991], [0.0, 1254.9860565800168, 467.1680561863987], [0.0, 0.0, 1.0]], [[796.8910634503094, 0.0, 857.7774326863696], [0.0, 796.8910634503094, 476.8848988407415], [0.0, 0.0, 1.0]], [[1249.9629280788233, 0.0, 825.3768045375984], [0.0, 1249.9629280788233, 462.54816385708756], [0.0, 0.0, 1.0]]], "extrinsics": [[[0.8226370811462402, -0.5683852434158325, -0.014368691481649876, -0.7198486328125], [0.001169669209048152, 0.026963528245687485, -0.9996357560157776, 1.4886231422424316], [0.5685655474662781, 0.8223206400871277, 0.022846020758152008, -1.13946533203125], [0.0, 0.0, 0.0, 1.0]], [[0.010301648639142513, -0.9996881484985352, -0.022745827212929726, 0.01036834716796875], [0.003072446910664439, 0.022778572514653206, -0.9997358322143555, 1.480994701385498], [0.9999421238899231, 0.010229133069515228, 0.0033061469439417124, -1.4495849609375], [0.0, 0.0, 0.0, 1.0]], [[-0.8440713286399841, -0.5359658598899841, -0.016853686422109604, 0.904296875], [0.011054715141654015, 0.01403079740703106, -0.9998404383659363, 1.4955062866210938], [0.5361168384552002, -0.8441230058670044, -0.005918045528233051, -1.15765380859375], [0.0, 0.0, 0.0, 1.0]], [[0.947860598564148, 0.3186548352241516, -0.004404507111757994, -1.134033203125], [-0.014444111846387386, 0.02915012463927269, -0.9994706511497498, 1.5618896484375], [-0.31835782527923584, 0.947422444820404, 0.032232943922281265, -0.15948486328125], [0.0, 0.0, 0.0, 1.0]], [[0.00935193058103323, 0.9997250437736511, 0.021500399336218834, -0.028472900390625], [-0.012303783558309078, 0.02161475270986557, -0.9996906518936157, 1.5669736862182617], [-0.9998804926872253, 0.009084566496312618, 0.01250254362821579, -0.0433349609375], [0.0, 0.0, 0.0, 1.0]], [[-0.923688530921936, 0.38307997584342957, 0.007018262520432472, 1.0108642578125], [-0.008040079846978188, -0.0010663513094186783, -0.999967098236084, 1.5465116500854492], [-0.38305988907814026, -0.9237144589424133, 0.004064970649778843, -0.10491943359375], [0.0, 0.0, 0.0, 1.0]]], "view": [[0.0, -2.0, 100.0], [-2.0, 0.0, 100.0], [0.0, 0.0, 1.0]], "bev": "bev_31455933c12240659277501651959469.png", "aux": "aux_31455933c12240659277501651959469.npz", "visibility": "visibility_31455933c12240659277501651959469.png", "pose": [[0.5140115022659302, -0.8577832579612732, 0.0, 630.5957641601562], [0.8577832579612732, 0.5140115022659302, 0.0, 1261.610107421875], [0.0, 0.0, 1.0, 0.0], [0.0, 0.0, 0.0, 1.0]], "pose_inverse": [[0.5140115022659302, 0.8577832579612732, 0.0, -1406.321533203125], [-0.8577832579612732, 0.5140115022659302, 0.0, -107.56761169433594], [0.0, 0.0, 1.0, 0.0], [0.0, 0.0, 0.0, 1.0]], "cam_ids": [0, 1, 2, 3, 4, 5], "cam_channels": ["CAM_FRONT_LEFT", "CAM_FRONT", "CAM_FRONT_RIGHT", "CAM_BACK_LEFT", "CAM_BACK", "CAM_BACK_RIGHT"], "token": "31455933c12240659277501651959469", "scene": "scene-0650"}, {"images": ["samples/CAM_FRONT_LEFT/n008-2018-09-18-14-43-59-0400__CAM_FRONT_LEFT__1537296604254799.jpg", "samples/CAM_FRONT/n008-2018-09-18-14-43-59-0400__CAM_FRONT__1537296604262404.jpg", "samples/CAM_FRONT_RIGHT/n008-2018-09-18-14-43-59-0400__CAM_FRONT_RIGHT__1537296604270539.jpg", "samples/CAM_BACK_LEFT/n008-2018-09-18-14-43-59-0400__CAM_BACK_LEFT__1537296604297405.jpg", "samples/CAM_BACK/n008-2018-09-18-14-43-59-0400__CAM_BACK__1537296604287558.jpg", "samples/CAM_BACK_RIGHT/n008-2018-09-18-14-43-59-0400__CAM_BACK_RIGHT__1537296604278113.jpg"], "intrinsics": [[[1257.8625342125129, 0.0, 827.2410631095686], [0.0, 1257.8625342125129, 450.915498205774], [0.0, 0.0, 1.0]], [[1252.8131021185304, 0.0, 826.588114781398], [0.0, 1252.8131021185304, 469.9846626224581], [0.0, 0.0, 1.0]], [[1256.7485116440405, 0.0, 817.7887570959712], [0.0, 1256.7485116440403, 451.9541780095127], [0.0, 0.0, 1.0]], [[1254.9860565800168, 0.0, 829.5769333630991], [0.0, 1254.9860565800168, 467.1680561863987], [0.0, 0.0, 1.0]], [[796.8910634503094, 0.0, 857.7774326863696], [0.0, 796.8910634503094, 476.8848988407415], [0.0, 0.0, 1.0]], [[1249.9629280788233, 0.0, 825.3768045375984], [0.0, 1249.9629280788233, 462.54816385708756], [0.0, 0.0, 1.0]]], "extrinsics": [[[0.8223341703414917, -0.5688014626502991, -0.015214604325592518, -0.716064453125], [-0.0015807496383786201, 0.024455159902572632, -0.9996996521949768, 1.487669587135315], [0.5690027475357056, 0.8221112489700317, 0.0192111786454916, -1.13714599609375], [0.0, 0.0, 0.0, 1.0]], [[0.009917731396853924, -0.9997408390045166, -0.020492149516940117, 0.010467529296875], [0.00034557038452476263, 0.020496582612395287, -0.9997898936271667, 1.4802178144454956], [0.9999507665634155, 0.009908650070428848, 0.000548760814126581, -1.447021484375], [0.0, 0.0, 0.0, 1.0]], [[-0.844197154045105, -0.5358625650405884, -0.01351209543645382, 0.9039306640625], [0.008411923423409462, 0.011960770934820175, -0.999893069267273, 1.4949216842651367], [0.5359668731689453, -0.8442205190658569, -0.005589613690972328, -1.1573486328125], [0.0, 0.0, 0.0, 1.0]], [[0.9478463530540466, 0.3186466693878174, -0.007180206943303347, -1.138671875], [-0.016856659203767776, 0.027620170265436172, -0.9994763731956482, 1.5619487762451172], [-0.31828153133392334, 0.9474710822105408, 0.031550996005535126, -0.157867431640625], [0.0, 0.0, 0.0, 1.0]], [[0.009427234530448914, 0.9997599720954895, 0.019776614382863045, -0.02849578857421875], [-0.014845184981822968, 0.01991524174809456, -0.9996914267539978, 1.566793441772461], [-0.9998453855514526, 0.009130686521530151, 0.015029366128146648, -0.04052734375], [0.0, 0.0, 0.0, 1.0]], [[-0.9236510396003723, 0.38313716650009155, 0.008639035746455193, 1.01171875], [-0.010582982562482357, -0.002966217929497361, -0.9999396204948425, 1.5461101531982422], [-0.3830883204936981, -0.923686683177948, 0.006794483866542578, -0.1044921875], [0.0, 0.0, 0.0, 1.0]]], "view": [[0.0, -2.0, 100.0], [-2.0, 0.0, 100.0], [0.0, 0.0, 1.0]], "bev": "bev_92fdc1d9f02f42fb99d179c0a22cf36f.png", "aux": "aux_92fdc1d9f02f42fb99d179c0a22cf36f.npz", "visibility": "visibility_92fdc1d9f02f42fb99d179c0a22cf36f.png", "pose": [[0.5118921399116516, -0.8590497374534607, 0.0, 632.6609497070312], [0.8590497374534607, 0.5118921399116516, 0.0, 1265.004638671875], [0.0, 0.0, 1.0, 0.0], [0.0, 0.0, 0.0, 1.0]], "pose_inverse": [[0.5118921399116516, 0.8590497374534607, 0.0, -1410.5560302734375], [-0.8590497374534607, 0.5118921399116516, 0.0, -104.05867767333984], [0.0, 0.0, 1.0, 0.0], [0.0, 0.0, 0.0, 1.0]], "cam_ids": [0, 1, 2, 3, 4, 5], "cam_channels": ["CAM_FRONT_LEFT", "CAM_FRONT", "CAM_FRONT_RIGHT", "CAM_BACK_LEFT", "CAM_BACK", "CAM_BACK_RIGHT"], "token": "92fdc1d9f02f42fb99d179c0a22cf36f", "scene": "scene-0650"}, {"images": ["samples/CAM_FRONT_LEFT/n008-2018-09-18-14-43-59-0400__CAM_FRONT_LEFT__1537296604754799.jpg", "samples/CAM_FRONT/n008-2018-09-18-14-43-59-0400__CAM_FRONT__1537296604762404.jpg", "samples/CAM_FRONT_RIGHT/n008-2018-09-18-14-43-59-0400__CAM_FRONT_RIGHT__1537296604770482.jpg", "samples/CAM_BACK_LEFT/n008-2018-09-18-14-43-59-0400__CAM_BACK_LEFT__1537296604797405.jpg", "samples/CAM_BACK/n008-2018-09-18-14-43-59-0400__CAM_BACK__1537296604787558.jpg", "samples/CAM_BACK_RIGHT/n008-2018-09-18-14-43-59-0400__CAM_BACK_RIGHT__1537296604778113.jpg"], "intrinsics": [[[1257.8625342125129, 0.0, 827.2410631095686], [0.0, 1257.8625342125129, 450.915498205774], [0.0, 0.0, 1.0]], [[1252.8131021185304, 0.0, 826.588114781398], [0.0, 1252.8131021185304, 469.9846626224581], [0.0, 0.0, 1.0]], [[1256.7485116440405, 0.0, 817.7887570959712], [0.0, 1256.7485116440403, 451.9541780095127], [0.0, 0.0, 1.0]], [[1254.9860565800168, 0.0, 829.5769333630991], [0.0, 1254.9860565800168, 467.1680561863987], [0.0, 0.0, 1.0]], [[796.8910634503094, 0.0, 857.7774326863696], [0.0, 796.8910634503094, 476.8848988407415], [0.0, 0.0, 1.0]], [[1249.9629280788233, 0.0, 825.3768045375984], [0.0, 1249.9629280788233, 462.54816385708756], [0.0, 0.0, 1.0]]], "extrinsics": [[[0.822523832321167, -0.5685177445411682, -0.015564828179776669, -0.7047119140625], [-0.0014233719557523727, 0.025309797376394272, -0.9996786117553711, 1.487713098526001], [0.5687289834022522, 0.8222815990447998, 0.020008696243166924, -1.12896728515625], [0.0, 0.0, 0.0, 1.0]], [[0.010280785150825977, -0.999722957611084, -0.021176330745220184, 0.01076507568359375], [0.000781791633926332, 0.021185480058193207, -0.9997752904891968, 1.480352520942688], [0.9999467730522156, 0.01026186067610979, 0.0009993771091103554, -1.43408203125], [0.0, 0.0, 0.0, 1.0]], [[-0.8439841270446777, -0.5361753106117249, -0.014379340223968029, 0.893798828125], [0.009113391861319542, 0.012469926849007607, -0.9998806715011597, 1.495182991027832], [0.5362906455993652, -0.8440144658088684, -0.005638046655803919, -1.15008544921875], [0.0, 0.0, 0.0, 1.0]], [[0.9478489756584167, 0.31867000460624695, -0.005641866475343704, -1.131103515625], [-0.015251396223902702, 0.027668023481965065, -0.9995008111000061, 1.5618324279785156], [-0.3183548152446747, 0.9474617838859558, 0.031085269525647163, -0.16058349609375], [0.0, 0.0, 0.0, 1.0]], [[0.009209350682795048, 0.9997581839561462, 0.019968336448073387, -0.02896881103515625], [-0.013545951806008816, 0.020092081278562546, -0.9997063279151917, 1.5667648315429688], [-0.9998657703399658, 0.00893610343337059, 0.013727711513638496, -0.050048828125], [0.0, 0.0, 0.0, 1.0]], [[-0.9237942099571228, 0.38280725479125977, 0.007915190421044827, 1.00146484375], [-0.009654082357883453, -0.002621664898470044, -0.9999499320983887, 1.546158790588379], [-0.38276731967926025, -0.9238244891166687, 0.00611753249540925, -0.10784912109375], [0.0, 0.0, 0.0, 1.0]]], "view": [[0.0, -2.0, 100.0], [-2.0, 0.0, 100.0], [0.0, 0.0, 1.0]], "bev": "bev_19f69c6a06ad467989ada0bb2ecc87f3.png", "aux": "aux_19f69c6a06ad467989ada0bb2ecc87f3.npz", "visibility": "visibility_19f69c6a06ad467989ada0bb2ecc87f3.png", "pose": [[0.5071805119514465, -0.8618398308753967, 0.0, 634.7535400390625], [0.8618398308753967, 0.5071805119514465, 0.0, 1268.5050048828125], [0.0, 0.0, 1.0, 0.0], [0.0, 0.0, 0.0, 1.0]], "pose_inverse": [[0.5071805119514465, 0.8618398308753967, 0.0, -1415.1827392578125], [-0.8618398308753967, 0.5071805119514465, 0.0, -96.30511474609375], [0.0, 0.0, 1.0, 0.0], [0.0, 0.0, 0.0, 1.0]], "cam_ids": [0, 1, 2, 3, 4, 5], "cam_channels": ["CAM_FRONT_LEFT", "CAM_FRONT", "CAM_FRONT_RIGHT", "CAM_BACK_LEFT", "CAM_BACK", "CAM_BACK_RIGHT"], "token": "19f69c6a06ad467989ada0bb2ecc87f3", "scene": "scene-0650"}, {"images": ["samples/CAM_FRONT_LEFT/n008-2018-09-18-14-43-59-0400__CAM_FRONT_LEFT__1537296605254799.jpg", "samples/CAM_FRONT/n008-2018-09-18-14-43-59-0400__CAM_FRONT__1537296605262406.jpg", "samples/CAM_FRONT_RIGHT/n008-2018-09-18-14-43-59-0400__CAM_FRONT_RIGHT__1537296605270482.jpg", "samples/CAM_BACK_LEFT/n008-2018-09-18-14-43-59-0400__CAM_BACK_LEFT__1537296605297405.jpg", "samples/CAM_BACK/n008-2018-09-18-14-43-59-0400__CAM_BACK__1537296605287558.jpg", "samples/CAM_BACK_RIGHT/n008-2018-09-18-14-43-59-0400__CAM_BACK_RIGHT__1537296605278113.jpg"], "intrinsics": [[[1257.8625342125129, 0.0, 827.2410631095686], [0.0, 1257.8625342125129, 450.915498205774], [0.0, 0.0, 1.0]], [[1252.8131021185304, 0.0, 826.588114781398], [0.0, 1252.8131021185304, 469.9846626224581], [0.0, 0.0, 1.0]], [[1256.7485116440405, 0.0, 817.7887570959712], [0.0, 1256.7485116440403, 451.9541780095127], [0.0, 0.0, 1.0]], [[1254.9860565800168, 0.0, 829.5769333630991], [0.0, 1254.9860565800168, 467.1680561863987], [0.0, 0.0, 1.0]], [[796.8910634503094, 0.0, 857.7774326863696], [0.0, 796.8910634503094, 476.8848988407415], [0.0, 0.0, 1.0]], [[1249.9629280788233, 0.0, 825.3768045375984], [0.0, 1249.9629280788233, 462.54816385708756], [0.0, 0.0, 1.0]]], "extrinsics": [[[0.8223430514335632, -0.5687648057937622, -0.016081444919109344, -0.709228515625], [0.005825487896800041, 0.03667755424976349, -0.9993101358413696, 1.490340232849121], [0.5689622759819031, 0.8216820955276489, 0.033474862575531006, -1.130126953125], [0.0, 0.0, 0.0, 1.0]], [[0.009962477721273899, -0.9994086623191833, -0.03290911391377449, 0.00945281982421875], [0.007827593013644218, 0.03298768401145935, -0.9994251132011414, 1.482452392578125], [0.9999197721481323, 0.009699140675365925, 0.008151603862643242, -1.43798828125], [0.0, 0.0, 0.0, 1.0]], [[-0.8441101312637329, -0.5355037450790405, -0.026718121021986008, 0.8958740234375], [0.01590886153280735, 0.024794775992631912, -0.9995659589767456, 1.4967288970947266], [0.5359338521957397, -0.8441688418388367, -0.012410267256200314, -1.1527099609375], [0.0, 0.0, 0.0, 1.0]], [[0.9478482604026794, 0.3186893165111542, 0.004557177424430847, -1.132080078125], [-0.009303647093474865, 0.041957516223192215, -0.9990760684013367, 1.5619239807128906], [-0.3185860812664032, 0.9469301700592041, 0.04273432865738869, -0.16015625], [0.0, 0.0, 0.0, 1.0]], [[0.009256559424102306, 0.9993935823440552, 0.03356900438666344, -0.02850341796875], [-0.007252106908708811, 0.033636655658483505, -0.9994078278541565, 1.5673747062683105], [-0.9999309182167053, 0.009007580578327179, 0.007559068035334349, -0.04833984375], [0.0, 0.0, 0.0, 1.0]], [[-0.9236765503883362, 0.3831131160259247, 0.006772021763026714, 1.00390625], [-0.0030771198216825724, 0.010256422683596611, -0.9999426603317261, 1.5472822189331055], [-0.3831605613231659, -0.923644483089447, -0.008294731378555298, -0.1077880859375], [0.0, 0.0, 0.0, 1.0]]], "view": [[0.0, -2.0, 100.0], [-2.0, 0.0, 100.0], [0.0, 0.0, 1.0]], "bev": "bev_fa2b7b974d6348aeb67e2e2413e7418b.png", "aux": "aux_fa2b7b974d6348aeb67e2e2413e7418b.npz", "visibility": "visibility_fa2b7b974d6348aeb67e2e2413e7418b.png", "pose": [[0.5039726495742798, -0.863719642162323, 0.0, 636.8396606445312], [0.863719642162323, 0.5039726495742798, 0.0, 1272.0194091796875], [0.0, 0.0, 1.0, 0.0], [0.0, 0.0, 0.0, 1.0]], "pose_inverse": [[0.5039726495742798, 0.863719642162323, 0.0, -1419.617919921875], [-0.863719642162323, 0.5039726495742798, 0.0, -91.01205444335938], [0.0, 0.0, 1.0, 0.0], [0.0, 0.0, 0.0, 1.0]], "cam_ids": [0, 1, 2, 3, 4, 5], "cam_channels": ["CAM_FRONT_LEFT", "CAM_FRONT", "CAM_FRONT_RIGHT", "CAM_BACK_LEFT", "CAM_BACK", "CAM_BACK_RIGHT"], "token": "fa2b7b974d6348aeb67e2e2413e7418b", "scene": "scene-0650"}, {"images": ["samples/CAM_FRONT_LEFT/n008-2018-09-18-14-43-59-0400__CAM_FRONT_LEFT__1537296605754799.jpg", "samples/CAM_FRONT/n008-2018-09-18-14-43-59-0400__CAM_FRONT__1537296605762404.jpg", "samples/CAM_FRONT_RIGHT/n008-2018-09-18-14-43-59-0400__CAM_FRONT_RIGHT__1537296605770482.jpg", "samples/CAM_BACK_LEFT/n008-2018-09-18-14-43-59-0400__CAM_BACK_LEFT__1537296605797405.jpg", "samples/CAM_BACK/n008-2018-09-18-14-43-59-0400__CAM_BACK__1537296605787558.jpg", "samples/CAM_BACK_RIGHT/n008-2018-09-18-14-43-59-0400__CAM_BACK_RIGHT__1537296605778113.jpg"], "intrinsics": [[[1257.8625342125129, 0.0, 827.2410631095686], [0.0, 1257.8625342125129, 450.915498205774], [0.0, 0.0, 1.0]], [[1252.8131021185304, 0.0, 826.588114781398], [0.0, 1252.8131021185304, 469.9846626224581], [0.0, 0.0, 1.0]], [[1256.7485116440405, 0.0, 817.7887570959712], [0.0, 1256.7485116440403, 451.9541780095127], [0.0, 0.0, 1.0]], [[1254.9860565800168, 0.0, 829.5769333630991], [0.0, 1254.9860565800168, 467.1680561863987], [0.0, 0.0, 1.0]], [[796.8910634503094, 0.0, 857.7774326863696], [0.0, 796.8910634503094, 476.8848988407415], [0.0, 0.0, 1.0]], [[1249.9629280788233, 0.0, 825.3768045375984], [0.0, 1249.9629280788233, 462.54816385708756], [0.0, 0.0, 1.0]]], "extrinsics": [[[0.8227524161338806, -0.5670352578163147, -0.03936557099223137, -0.696533203125], [0.0005409937002696097, 0.07003798335790634, -0.9975441694259644, 1.4883756637573242], [0.5683997273445129, 0.8207105398178101, 0.057930681854486465, -1.122314453125], [0.0, 0.0, 0.0, 1.0]], [[0.010616601444780827, -0.9977967739105225, -0.06548954546451569, 0.0101776123046875], [0.002143937163054943, 0.06551580131053925, -0.9978492259979248, 1.4807243347167969], [0.9999412894248962, 0.01045337412506342, 0.002834771992638707, -1.42529296875], [0.0, 0.0, 0.0, 1.0]], [[-0.8438245058059692, -0.5352476239204407, -0.03834555670619011, 0.8875732421875], [0.009936160407960415, 0.05586090311408043, -0.9983890652656555, 1.4953899383544922], [0.5365273356437683, -0.8428462147712708, -0.041818492114543915, -1.1468505859375], [0.0, 0.0, 0.0, 1.0]], [[0.947752058506012, 0.318950891494751, 0.0060443882830441, -1.1285400390625], [-0.016118306666612625, 0.066801056265831, -0.9976361393928528, 1.5617656707763672], [-0.31860068440437317, 0.9454141855239868, 0.06845178455114365, -0.1614990234375], [0.0, 0.0, 0.0, 1.0]], [[0.008928298018872738, 0.9981305003166199, 0.0604635514318943, -0.02889251708984375], [-0.013477892614901066, 0.06058058515191078, -0.9980722665786743, 1.5666818618774414], [-0.9998694062232971, 0.008096214383840561, 0.013993579894304276, -0.0543212890625], [0.0, 0.0, 0.0, 1.0]], [[-0.9238999485969543, 0.3819034993648529, 0.023632511496543884, 0.9964599609375], [-0.009231946431100368, 0.039496008306741714, -0.999177098274231, 1.5461320877075195], [-0.3825225830078125, -0.9233578443527222, -0.03296465054154396, -0.1103515625], [0.0, 0.0, 0.0, 1.0]]], "view": [[0.0, -2.0, 100.0], [-2.0, 0.0, 100.0], [0.0, 0.0, 1.0]], "bev": "bev_ee11463bc35c421ab974fe58e0829093.png", "aux": "aux_ee11463bc35c421ab974fe58e0829093.npz", "visibility": "visibility_ee11463bc35c421ab974fe58e0829093.png", "pose": [[0.5025625228881836, -0.8645408749580383, 0.0, 638.9324951171875], [0.8645408749580383, 0.5025625228881836, 0.0, 1275.57470703125], [0.0, 0.0, 1.0, 0.0], [0.0, 0.0, 0.0, 1.0]], "pose_inverse": [[0.5025625228881836, 0.8645408749580383, 0.0, -1423.8900146484375], [-0.8645408749580383, 0.5025625228881836, 0.0, -88.6727523803711], [0.0, 0.0, 1.0, 0.0], [0.0, 0.0, 0.0, 1.0]], "cam_ids": [0, 1, 2, 3, 4, 5], "cam_channels": ["CAM_FRONT_LEFT", "CAM_FRONT", "CAM_FRONT_RIGHT", "CAM_BACK_LEFT", "CAM_BACK", "CAM_BACK_RIGHT"], "token": "ee11463bc35c421ab974fe58e0829093", "scene": "scene-0650"}, {"images": ["samples/CAM_FRONT_LEFT/n008-2018-09-18-14-43-59-0400__CAM_FRONT_LEFT__1537296606254799.jpg", "samples/CAM_FRONT/n008-2018-09-18-14-43-59-0400__CAM_FRONT__1537296606262404.jpg", "samples/CAM_FRONT_RIGHT/n008-2018-09-18-14-43-59-0400__CAM_FRONT_RIGHT__1537296606270482.jpg", "samples/CAM_BACK_LEFT/n008-2018-09-18-14-43-59-0400__CAM_BACK_LEFT__1537296606297405.jpg", "samples/CAM_BACK/n008-2018-09-18-14-43-59-0400__CAM_BACK__1537296606287558.jpg", "samples/CAM_BACK_RIGHT/n008-2018-09-18-14-43-59-0400__CAM_BACK_RIGHT__1537296606278113.jpg"], "intrinsics": [[[1257.8625342125129, 0.0, 827.2410631095686], [0.0, 1257.8625342125129, 450.915498205774], [0.0, 0.0, 1.0]], [[1252.8131021185304, 0.0, 826.588114781398], [0.0, 1252.8131021185304, 469.9846626224581], [0.0, 0.0, 1.0]], [[1256.7485116440405, 0.0, 817.7887570959712], [0.0, 1256.7485116440403, 451.9541780095127], [0.0, 0.0, 1.0]], [[1254.9860565800168, 0.0, 829.5769333630991], [0.0, 1254.9860565800168, 467.1680561863987], [0.0, 0.0, 1.0]], [[796.8910634503094, 0.0, 857.7774326863696], [0.0, 796.8910634503094, 476.8848988407415], [0.0, 0.0, 1.0]], [[1249.9629280788233, 0.0, 825.3768045375984], [0.0, 1249.9629280788233, 462.54816385708756], [0.0, 0.0, 1.0]]], "extrinsics": [[[0.822991132736206, -0.5676695704460144, -0.020902791991829872, -0.70556640625], [0.0038628303445875645, 0.04238896071910858, -0.9990936517715454, 1.4895715713500977], [0.5680410861968994, 0.8221644759178162, 0.037078551948070526, -1.13018798828125], [0.0, 0.0, 0.0, 1.0]], [[0.010938145220279694, -0.9992141723632812, -0.03809639811515808, 0.01116943359375], [0.0051958439871668816, 0.038154955953359604, -0.9992583394050598, 1.481633186340332], [0.9999266266822815, 0.010732117109000683, 0.00560910627245903, -1.4337158203125], [0.0, 0.0, 0.0, 1.0]], [[-0.8436893224716187, -0.5361758470535278, -0.02652782015502453, 0.89208984375], [0.012754392810165882, 0.029381152242422104, -0.9994869232177734, 1.4960289001464844], [0.5366801619529724, -0.8435947895050049, -0.017949966713786125, -1.1488037109375], [0.0, 0.0, 0.0, 1.0]], [[0.9478267431259155, 0.31878462433815, 0.0008981748833321035, -1.129638671875], [-0.013870712369680405, 0.04405558854341507, -0.9989327788352966, 1.5618257522583008], [-0.31848400831222534, 0.9468026757240295, 0.04617883637547493, -0.1610107421875], [0.0, 0.0, 0.0, 1.0]], [[0.008953120559453964, 0.9992861747741699, 0.036701105535030365, -0.02899932861328125], [-0.011386914178729057, 0.03680207952857