[{"images": ["samples/CAM_FRONT_LEFT/n015-2018-07-18-11-18-34+0800__CAM_FRONT_LEFT__1531884525904844.jpg", "samples/CAM_FRONT/n015-2018-07-18-11-18-34+0800__CAM_FRONT__1531884525912460.jpg", "samples/CAM_FRONT_RIGHT/n015-2018-07-18-11-18-34+0800__CAM_FRONT_RIGHT__1531884525920339.jpg", "samples/CAM_BACK_LEFT/n015-2018-07-18-11-18-34+0800__CAM_BACK_LEFT__1531884525947423.jpg", "samples/CAM_BACK/n015-2018-07-18-11-18-34+0800__CAM_BACK__1531884525937525.jpg", "samples/CAM_BACK_RIGHT/n015-2018-07-18-11-18-34+0800__CAM_BACK_RIGHT__1531884525927893.jpg"], "intrinsics": [[[1272.5979470598488, 0.0, 826.6154927353808], [0.0, 1272.5979470598488, 479.75165386361925], [0.0, 0.0, 1.0]], [[1266.417203046554, 0.0, 816.2670197447984], [0.0, 1266.417203046554, 491.50706579294757], [0.0, 0.0, 1.0]], [[1260.8474446004698, 0.0, 807.968244525554], [0.0, 1260.8474446004698, 495.3344268742088], [0.0, 0.0, 1.0]], [[1256.7414812095406, 0.0, 792.1125740759628], [0.0, 1256.7414812095406, 492.7757465151356], [0.0, 0.0, 1.0]], [[809.2209905677063, 0.0, 829.2196003259838], [0.0, 809.2209905677063, 481.77842384512485], [0.0, 0.0, 1.0]], [[1259.5137405846733, 0.0, 807.2529053838625], [0.0, 1259.5137405846733, 501.19579884916527], [0.0, 0.0, 1.0]]], "extrinsics": [[[0.8135647773742676, -0.5813133716583252, 0.013683720491826534, -0.8446044921875], [0.014684472233057022, -0.0029853354208171368, -0.9998877644538879, 1.5104074478149414], [0.5812889337539673, 0.8136743307113647, 0.006107516586780548, -1.19635009765625], [0.0, 0.0, 0.0, 1.0]], [[-0.00465180492028594, -0.9999646544456482, 0.006994370836764574, 0.0057373046875], [0.009282107464969158, -0.007037323899567127, -0.9999321699142456, 1.5216751098632812], [0.999946117401123, -0.004586583003401756, 0.009314517490565777, -1.570159912109375], [0.0, 0.0, 0.0, 1.0]], [[-0.8372121453285217, -0.5465801954269409, -0.018054895102977753, 0.951751708984375], [0.014987988397479057, 0.010069570504128933, -0.9998369216918945, 1.5050830841064453], [0.5466728806495667, -0.8373461961746216, -0.00023822752700652927, -1.195068359375], [0.0, 0.0, 0.0, 1.0]], [[0.9477912187576294, 0.31851136684417725, 0.01556347869336605, -1.1360816955566406], [0.023269452154636383, -0.02040291391313076, -0.999521017074585, 1.5887012481689453], [-0.31804123520851135, 0.9476994872093201, -0.02674928866326809, -0.10546875], [0.0, 0.0, 0.0, 1.0]], [[0.005879705306142569, 0.9999297857284546, -0.010295641608536243, 0.0028076171875], [-0.0020678380969911814, -0.010283639654517174, -0.9999449849128723, 1.579279899597168], [-0.999980628490448, 0.005900666583329439, 0.0020072299521416426, -0.03765869140625], [0.0, 0.0, 0.0, 1.0]], [[-0.9323214292526245, 0.36063089966773987, -0.026875175535678864, 1.0689697265625], [0.0307188518345356, 0.0049293371848762035, -0.9995158910751343, 1.553657054901123], [-0.36032384634017944, -0.9326956272125244, -0.015673892572522163, -0.08917236328125], [0.0, 0.0, 0.0, 1.0]]], "view": [[0.0, -2.0, 100.0], [-2.0, 0.0, 100.0], [0.0, 0.0, 1.0]], "bev": "bev_538d60ddf0014c268ee1efbec35289a1.png", "aux": "aux_538d60ddf0014c268ee1efbec35289a1.npz", "visibility": "visibility_538d60ddf0014c268ee1efbec35289a1.png", "pose": [[-0.1849116086959839, -0.982755184173584, 0.0, 1009.5400390625], [0.982755184173584, -0.1849116086959839, 0.0, 614.134521484375], [0.0, 0.0, 1.0, 0.0], [0.0, 0.0, 0.0, 1.0]], "pose_inverse": [[-0.1849116086959839, 0.982755184173584, 0.0, -416.8681945800781], [-0.982755184173584, -0.1849116086959839, 0.0, 1105.6912841796875], [0.0, 0.0, 1.0, 0.0], [0.0, 0.0, 0.0, 1.0]], "cam_ids": [0, 1, 2, 3, 4, 5], "cam_channels": ["CAM_FRONT_LEFT", "CAM_FRONT", "CAM_FRONT_RIGHT", "CAM_BACK_LEFT", "CAM_BACK", "CAM_BACK_RIGHT"], "token": "538d60ddf0014c268ee1efbec35289a1", "scene": "scene-0011"}, {"images": ["samples/CAM_FRONT_LEFT/n015-2018-07-18-11-18-34+0800__CAM_FRONT_LEFT__1531884526404844.jpg", "samples/CAM_FRONT/n015-2018-07-18-11-18-34+0800__CAM_FRONT__1531884526412470.jpg", "samples/CAM_FRONT_RIGHT/n015-2018-07-18-11-18-34+0800__CAM_FRONT_RIGHT__1531884526420339.jpg", "samples/CAM_BACK_LEFT/n015-2018-07-18-11-18-34+0800__CAM_BACK_LEFT__1531884526447423.jpg", "samples/CAM_BACK/n015-2018-07-18-11-18-34+0800__CAM_BACK__1531884526437525.jpg", "samples/CAM_BACK_RIGHT/n015-2018-07-18-11-18-34+0800__CAM_BACK_RIGHT__1531884526427893.jpg"], "intrinsics": [[[1272.5979470598488, 0.0, 826.6154927353808], [0.0, 1272.5979470598488, 479.75165386361925], [0.0, 0.0, 1.0]], [[1266.417203046554, 0.0, 816.2670197447984], [0.0, 1266.417203046554, 491.50706579294757], [0.0, 0.0, 1.0]], [[1260.8474446004698, 0.0, 807.968244525554], [0.0, 1260.8474446004698, 495.3344268742088], [0.0, 0.0, 1.0]], [[1256.7414812095406, 0.0, 792.1125740759628], [0.0, 1256.7414812095406, 492.7757465151356], [0.0, 0.0, 1.0]], [[809.2209905677063, 0.0, 829.2196003259838], [0.0, 809.2209905677063, 481.77842384512485], [0.0, 0.0, 1.0]], [[1259.5137405846733, 0.0, 807.2529053838625], [0.0, 1259.5137405846733, 501.19579884916527], [0.0, 0.0, 1.0]]], "extrinsics": [[[0.8137496709823608, -0.5810139179229736, 0.015304751694202423, -0.85540771484375], [0.010808907449245453, -0.011199647560715675, -0.9998788237571716, 1.5097103118896484], [0.5811149477958679, 0.813816487789154, -0.0028335831593722105, -1.2049560546875], [0.0, 0.0, 0.0, 1.0]], [[-0.004417134914547205, -0.999875545501709, 0.015142828226089478, 0.0062255859375], [0.005517642479389906, -0.015167116187512875, -0.9998697638511658, 1.5211677551269531], [0.9999749064445496, -0.004332994110882282, 0.005583951715379953, -1.581939697265625], [0.0, 0.0, 0.0, 1.0]], [[-0.8371780514717102, -0.5468277335166931, -0.010600813664495945, 0.96014404296875], [0.01133548840880394, 0.0020304180216044188, -0.999933660030365, 1.5046266317367554], [0.5468130111694336, -0.8372426629066467, 0.004498738795518875, -1.199951171875], [0.0, 0.0, 0.0, 1.0]], [[0.9478489756584167, 0.31855618953704834, 0.010211749002337456, -1.137237548828125], [0.02013501152396202, -0.027873393148183823, -0.9994086027145386, 1.5886611938476562], [-0.31808316707611084, 0.9474940299987793, -0.032833900302648544, -0.10546875], [0.0, 0.0, 0.0, 1.0]], [[0.00580584118142724, 0.9998196363449097, -0.01808517798781395, 0.0025634765625], [-0.005428994074463844, -0.018053699284791946, -0.9998223185539246, 1.579172134399414], [-0.999968409538269, 0.005903022829443216, 0.005323197226971388, -0.033477783203125], [0.0, 0.0, 0.0, 1.0]], [[-0.9324562549591064, 0.3603137135505676, -0.02644377574324608, 1.075927734375], [0.02718518115580082, -0.003010950516909361, -0.9996258616447449, 1.5532007217407227], [-0.360258549451828, -0.9328263998031616, -0.0069876136258244514, -0.08599853515625], [0.0, 0.0, 0.0, 1.0]]], "view": [[0.0, -2.0, 100.0], [-2.0, 0.0, 100.0], [0.0, 0.0, 1.0]], "bev": "bev_19fdea76511c4429a60153a003634ed3.png", "aux": "aux_19fdea76511c4429a60153a003634ed3.npz", "visibility": "visibility_19fdea76511c4429a60153a003634ed3.png", "pose": [[-0.3190828859806061, -0.9477267861366272, 0.0, 1009.1558227539062], [0.9477267861366272, -0.3190828859806061, 0.0, 615.6343994140625], [0.0, 0.0, 1.0, 0.0], [0.0, 0.0, 0.0, 1.0]], "pose_inverse": [[-0.3190828859806061, 0.9477267861366272, 0.0, -261.4488525390625], [-0.9477267861366272, -0.3190828859806061, 0.0, 1152.8424072265625], [0.0, 0.0, 1.0, 0.0], [0.0, 0.0, 0.0, 1.0]], "cam_ids": [0, 1, 2, 3, 4, 5], "cam_channels": ["CAM_FRONT_LEFT", "CAM_FRONT", "CAM_FRONT_RIGHT", "CAM_BACK_LEFT", "CAM_BACK", "CAM_BACK_RIGHT"], "token": "19fdea76511c4429a60153a003634ed3", "scene": "scene-0011"}, {"images": ["samples/CAM_FRONT_LEFT/n015-2018-07-18-11-18-34+0800__CAM_FRONT_LEFT__1531884526904844.jpg", "samples/CAM_FRONT/n015-2018-07-18-11-18-34+0800__CAM_FRONT__1531884526912468.jpg", "samples/CAM_FRONT_RIGHT/n015-2018-07-18-11-18-34+0800__CAM_FRONT_RIGHT__1531884526920339.jpg", "samples/CAM_BACK_LEFT/n015-2018-07-18-11-18-34+0800__CAM_BACK_LEFT__1531884526947423.jpg", "samples/CAM_BACK/n015-2018-07-18-11-18-34+0800__CAM_BACK__1531884526937525.jpg", "samples/CAM_BACK_RIGHT/n015-2018-07-18-11-18-34+0800__CAM_BACK_RIGHT__1531884526927893.jpg"], "intrinsics": [[[1272.5979470598488, 0.0, 826.6154927353808], [0.0, 1272.5979470598488, 479.75165386361925], [0.0, 0.0, 1.0]], [[1266.417203046554, 0.0, 816.2670197447984], [0.0, 1266.417203046554, 491.50706579294757], [0.0, 0.0, 1.0]], [[1260.8474446004698, 0.0, 807.968244525554], [0.0, 1260.8474446004698, 495.3344268742088], [0.0, 0.0, 1.0]], [[1256.7414812095406, 0.0, 792.1125740759628], [0.0, 1256.7414812095406, 492.7757465151356], [0.0, 0.0, 1.0]], [[809.2209905677063, 0.0, 829.2196003259838], [0.0, 809.2209905677063, 481.77842384512485], [0.0, 0.0, 1.0]], [[1259.5137405846733, 0.0, 807.2529053838625], [0.0, 1259.5137405846733, 501.19579884916527], [0.0, 0.0, 1.0]]], "extrinsics": [[[0.8147233724594116, -0.5795572400093079, 0.018417153507471085, -0.871337890625], [0.014799483120441437, -0.010967929847538471, -0.9998303055763245, 1.5099515914916992], [0.579660952091217, 0.8148576617240906, -0.0003586793318390846, -1.21478271484375], [0.0, 0.0, 0.0, 1.0]], [[-0.0029910190496593714, -0.9998801946640015, 0.015188422054052353, 0.0050048828125], [0.00938388891518116, -0.015215886756777763, -0.9998401999473572, 1.5214309692382812], [0.9999514818191528, -0.002848022850230336, 0.009428275749087334, -1.5969619750976562], [0.0, 0.0, 0.0, 1.0]], [[-0.8364938497543335, -0.5478094816207886, -0.013518661260604858, 0.96942138671875], [0.015040503814816475, 0.001708300202153623, -0.9998853802680969, 1.5047712326049805], [0.5477698445320129, -0.8366012573242188, 0.006810350809246302, -1.20751953125], [0.0, 0.0, 0.0, 1.0]], [[0.9478456974029541, 0.31847989559173584, 0.01260997261852026, -1.135772705078125], [0.02319764904677868, -0.02947341836988926, -0.9992963075637817, 1.5886802673339844], [-0.3178841471672058, 0.9474713206291199, -0.03532423824071884, -0.1051025390625], [0.0, 0.0, 0.0, 1.0]], [[0.005443467292934656, 0.9998024702072144, -0.01911461167037487, 0.0037841796875], [-0.0021234992891550064, -0.019103294238448143, -0.9998152852058411, 1.5792770385742188], [-0.9999828934669495, 0.005483048968017101, 0.0020190919749438763, -0.0297088623046875], [0.0, 0.0, 0.0, 1.0]], [[-0.9326642751693726, 0.35950130224227905, -0.029935197904706, 1.08428955078125], [0.0306913573294878, -0.0036054644733667374, -0.9995224475860596, 1.5531597137451172], [-0.3594375550746918, -0.9331375956535339, -0.007670895662158728, -0.0838623046875], [0.0, 0.0, 0.0, 1.0]]], "view": [[0.0, -2.0, 100.0], [-2.0, 0.0, 100.0], [0.0, 0.0, 1.0]], "bev": "bev_cc56c5d940c24c1e9810a49b03611ac5.png", "aux": "aux_cc56c5d940c24c1e9810a49b03611ac5.npz", "visibility": "visibility_cc56c5d940c24c1e9810a49b03611ac5.png", "pose": [[-0.4307219684123993, -0.902484655380249, 0.0, 1008.6376953125], [0.902484655380249, -0.4307219684123993, 0.0, 616.9549560546875], [0.0, 0.0, 1.0, 0.0], [0.0, 0.0, 0.0, 1.0]], "pose_inverse": [[-0.4307219684123993, 0.902484655380249, 0.0, -122.3499755859375], [-0.902484655380249, -0.4307219684123993, 0.0, 1176.01611328125], [0.0, 0.0, 1.0, 0.0], [0.0, 0.0, 0.0, 1.0]], "cam_ids": [0, 1, 2, 3, 4, 5], "cam_channels": ["CAM_FRONT_LEFT", "CAM_FRONT", "CAM_FRONT_RIGHT", "CAM_BACK_LEFT", "CAM_BACK", "CAM_BACK_RIGHT"], "token": "cc56c5d940c24c1e9810a49b03611ac5", "scene": "scene-0011"}, {"images": ["samples/CAM_FRONT_LEFT/n015-2018-07-18-11-18-34+0800__CAM_FRONT_LEFT__1531884527404844.jpg", "samples/CAM_FRONT/n015-2018-07-18-11-18-34+0800__CAM_FRONT__1531884527412467.jpg", "samples/CAM_FRONT_RIGHT/n015-2018-07-18-11-18-34+0800__CAM_FRONT_RIGHT__1531884527420339.jpg", "samples/CAM_BACK_LEFT/n015-2018-07-18-11-18-34+0800__CAM_BACK_LEFT__1531884527447423.jpg", "samples/CAM_BACK/n015-2018-07-18-11-18-34+0800__CAM_BACK__1531884527437525.jpg", "samples/CAM_BACK_RIGHT/n015-2018-07-18-11-18-34+0800__CAM_BACK_RIGHT__1531884527427893.jpg"], "intrinsics": [[[1272.5979470598488, 0.0, 826.6154927353808], [0.0, 1272.5979470598488, 479.75165386361925], [0.0, 0.0, 1.0]], [[1266.417203046554, 0.0, 816.2670197447984], [0.0, 1266.417203046554, 491.50706579294757], [0.0, 0.0, 1.0]], [[1260.8474446004698, 0.0, 807.968244525554], [0.0, 1260.8474446004698, 495.3344268742088], [0.0, 0.0, 1.0]], [[1256.7414812095406, 0.0, 792.1125740759628], [0.0, 1256.7414812095406, 492.7757465151356], [0.0, 0.0, 1.0]], [[809.2209905677063, 0.0, 829.2196003259838], [0.0, 809.2209905677063, 481.77842384512485], [0.0, 0.0, 1.0]], [[1259.5137405846733, 0.0, 807.2529053838625], [0.0, 1259.5137405846733, 501.19579884916527], [0.0, 0.0, 1.0]]], "extrinsics": [[[0.8166578412055969, -0.5767413973808289, 0.02095896564424038, -0.8760986328125], [0.014554698020219803, -0.015722723677754402, -0.99977046251297, 1.5098323822021484], [0.5769385099411011, 0.8167754411697388, -0.004445789847522974, -1.21795654296875], [0.0, 0.0, 0.0, 1.0]], [[-0.0002145807957276702, -0.9998066425323486, 0.01966204307973385, 0.0052490234375], [0.009165233001112938, -0.019663184881210327, -0.9997646808624268, 1.5213642120361328], [0.9999579787254333, -3.432086668908596e-05, 0.009167677722871304, -1.6019277572631836], [0.0, 0.0, 0.0, 1.0]], [[-0.8352959156036377, -0.549689531326294, -0.011050648055970669, 0.97265625], [0.014801833778619766, -0.0023913623299449682, -0.9998875260353088, 1.5047016143798828], [0.5496013164520264, -0.8353655934333801, 0.010133909992873669, -1.20941162109375], [0.0, 0.0, 0.0, 1.0]], [[0.9478340744972229, 0.31855618953704834, 0.011514931917190552, -1.134735107421875], [0.023022053763270378, -0.03238125517964363, -0.9992103576660156, 1.5887260437011719], [-0.31793174147605896, 0.947350800037384, -0.0380258709192276, -0.10595703125], [0.0, 0.0, 0.0, 1.0]], [[0.004629009868949652, 0.9997364282608032, -0.022487793117761612, 0.003173828125], [-0.0022565489634871483, -0.022477533668279648, -0.9997448325157166, 1.57928466796875], [-0.9999867677688599, 0.004678642377257347, 0.0021519071888178587, -0.029267311096191406], [0.0, 0.0, 0.0, 1.0]], [[-0.9332440495491028, 0.3578900098800659, -0.031148066744208336, 1.086273193359375], [0.030537808313965797, -0.007358320523053408, -0.9995065331459045, 1.5530872344970703], [-0.3579426407814026, -0.9337347149848938, -0.004062070976942778, -0.0830078125], [0.0, 0.0, 0.0, 1.0]]], "view": [[0.0, -2.0, 100.0], [-2.0, 0.0, 100.0], [0.0, 0.0, 1.0]], "bev": "bev_c50fb8dc4c044423ae0798d854102d71.png", "aux": "aux_c50fb8dc4c044423ae0798d854102d71.npz", "visibility": "visibility_c50fb8dc4c044423ae0798d854102d71.png", "pose": [[-0.5152074098587036, -0.8570655584335327, 0.0, 1008.0280151367188], [0.8570655584335327, -0.5152074098587036, 0.0, 618.0931396484375], [0.0, 0.0, 1.0, 0.0], [0.0, 0.0, 0.0, 1.0]], "pose_inverse": [[-0.5152074098587036, 0.8570655584335327, 0.0, -10.40284252166748], [-0.8570655584335327, -0.5152074098587036, 0.0, 1182.3922119140625], [0.0, 0.0, 1.0, 0.0], [0.0, 0.0, 0.0, 1.0]], "cam_ids": [0, 1, 2, 3, 4, 5], "cam_channels": ["CAM_FRONT_LEFT", "CAM_FRONT", "CAM_FRONT_RIGHT", "CAM_BACK_LEFT", "CAM_BACK", "CAM_BACK_RIGHT"], "token": "c50fb8dc4c044423ae0798d854102d71", "scene": "scene-0011"}, {"images": ["samples/CAM_FRONT_LEFT/n015-2018-07-18-11-18-34+0800__CAM_FRONT_LEFT__1531884527904844.jpg", "samples/CAM_FRONT/n015-2018-07-18-11-18-34+0800__CAM_FRONT__1531884527912469.jpg", "samples/CAM_FRONT_RIGHT/n015-2018-07-18-11-18-34+0800__CAM_FRONT_RIGHT__1531884527920339.jpg", "samples/CAM_BACK_LEFT/n015-2018-07-18-11-18-34+0800__CAM_BACK_LEFT__1531884527947423.jpg", "samples/CAM_BACK/n015-2018-07-18-11-18-34+0800__CAM_BACK__1531884527937525.jpg", "samples/CAM_BACK_RIGHT/n015-2018-07-18-11-18-34+0800__CAM_BACK_RIGHT__1531884527927893.jpg"], "intrinsics": [[[1272.5979470598488, 0.0, 826.6154927353808], [0.0, 1272.5979470598488, 479.75165386361925], [0.0, 0.0, 1.0]], [[1266.417203046554, 0.0, 816.2670197447984], [0.0, 1266.417203046554, 491.50706579294757], [0.0, 0.0, 1.0]], [[1260.8474446004698, 0.0, 807.968244525554], [0.0, 1260.8474446004698, 495.3344268742088], [0.0, 0.0, 1.0]], [[1256.7414812095406, 0.0, 792.1125740759628], [0.0, 1256.7414812095406, 492.7757465151356], [0.0, 0.0, 1.0]], [[809.2209905677063, 0.0, 829.2196003259838], [0.0, 809.2209905677063, 481.77842384512485], [0.0, 0.0, 1.0]], [[1259.5137405846733, 0.0, 807.2529053838625], [0.0, 1259.5137405846733, 501.19579884916527], [0.0, 0.0, 1.0]]], "extrinsics": [[[0.8195000290870667, -0.5728466510772705, 0.016326097771525383, -0.8819580078125], [0.008712789975106716, -0.01603090763092041, -0.9998335242271423, 1.5091285705566406], [0.5730129480361938, 0.8195057511329651, -0.008146237581968307, -1.2220458984375], [0.0, 0.0, 0.0, 1.0]], [[0.0038822784554213285, -0.9997897744178772, 0.020136507228016853, 0.00537109375], [0.003529110224917531, -0.020122835412621498, -0.9997912645339966, 1.5208282470703125], [0.9999861717224121, 0.003952488768845797, 0.0034502441994845867, -1.6078453063964844], [0.0, 0.0, 0.0, 1.0]], [[-0.8335868120193481, -0.5523545742034912, -0.0061183590441942215, 0.9765625], [0.009302806109189987, -0.0029630023054778576, -0.9999523162841797, 1.5042641162872314], [0.5523101687431335, -0.8336039781570435, 0.007608368992805481, -1.211669921875], [0.0, 0.0, 0.0, 1.0]], [[0.9477889537811279, 0.318826287984848, 0.006774114910513163, -1.134796142578125], [0.018381783738732338, -0.03341275826096535, -0.9992725253105164, 1.5886993408203125], [-0.31836795806884766, 0.9472240805625916, -0.03752884268760681, -0.1063232421875], [0.0, 0.0, 0.0, 1.0]], [[0.003162775421515107, 0.9997215867042542, -0.023381810635328293, 0.0028076171875], [-0.007210550829768181, -0.02335852012038231, -0.9997011423110962, 1.5791454315185547], [-0.9999690651893616, 0.0033304274547845125, 0.007134665735065937, -0.02740478515625], [0.0, 0.0, 0.0, 1.0]], [[-0.9342541694641113, 0.35562387108802795, -0.02646850422024727, 1.08935546875], [0.02526845969259739, -0.008019817993044853, -0.9996485114097595, 1.552720069885254], [-0.3557112216949463, -0.9345947504043579, -0.0014935215003788471, -0.08154296875], [0.0, 0.0, 0.0, 1.0]]], "view": [[0.0, -2.0, 100.0], [-2.0, 0.0, 100.0], [0.0, 0.0, 1.0]], "bev": "bev_f7203153a7654757b0ede063c628efa0.png", "aux": "aux_f7203153a7654757b0ede063c628efa0.npz", "visibility": "visibility_f7203153a7654757b0ede063c628efa0.png", "pose": [[-0.5550130605697632, -0.8318416476249695, 0.0, 1007.421142578125], [0.8318416476249695, -0.5550130605697632, 0.0, 619.0420532226562], [0.0, 0.0, 1.0, 0.0], [0.0, 0.0, 0.0, 1.0]], "pose_inverse": [[-0.5550130605697632, 0.8318416476249695, 0.0, 44.186920166015625], [-0.8318416476249695, -0.5550130605697632, 0.0, 1181.59130859375], [0.0, 0.0, 1.0, 0.0], [0.0, 0.0, 0.0, 1.0]], "cam_ids": [0, 1, 2, 3, 4, 5], "cam_channels": ["CAM_FRONT_LEFT", "CAM_FRONT", "CAM_FRONT_RIGHT", "CAM_BACK_LEFT", "CAM_BACK", "CAM_BACK_RIGHT"], "token": "f7203153a7654757b0ede063c628efa0", "scene": "scene-0011"}, {"images": ["samples/CAM_FRONT_LEFT/n015-2018-07-18-11-18-34+0800__CAM_FRONT_LEFT__1531884528354844.jpg", "samples/CAM_FRONT/n015-2018-07-18-11-18-34+0800__CAM_FRONT__1531884528362460.jpg", "samples/CAM_FRONT_RIGHT/n015-2018-07-18-11-18-34+0800__CAM_FRONT_RIGHT__1531884528370339.jpg", "samples/CAM_BACK_LEFT/n015-2018-07-18-11-18-34+0800__CAM_BACK_LEFT__1531884528397430.jpg", "samples/CAM_BACK/n015-2018-07-18-11-18-34+0800__CAM_BACK__1531884528387525.jpg", "samples/CAM_BACK_RIGHT/n015-2018-07-18-11-18-34+0800__CAM_BACK_RIGHT__1531884528377893.jpg"], "intrinsics": [[[1272.5979470598488, 0.0, 826.6154927353808], [0.0, 1272.5979470598488, 479.75165386361925], [0.0, 0.0, 1.0]], [[1266.417203046554, 0.0, 816.2670197447984], [0.0, 1266.417203046554, 491.50706579294757], [0.0, 0.0, 1.0]], [[1260.8474446004698, 0.0, 807.968244525554], [0.0, 1260.8474446004698, 495.3344268742088], [0.0, 0.0, 1.0]], [[1256.7414812095406, 0.0, 792.1125740759628], [0.0, 1256.7414812095406, 492.7757465151356], [0.0, 0.0, 1.0]], [[809.2209905677063, 0.0, 829.2196003259838], [0.0, 809.2209905677063, 481.77842384512485], [0.0, 0.0, 1.0]], [[1259.5137405846733, 0.0, 807.2529053838625], [0.0, 1259.5137405846733, 501.19579884916527], [0.0, 0.0, 1.0]]], "extrinsics": [[[0.8219210505485535, -0.5693060755729675, 0.0183391235768795, -0.8795166015625], [0.010820453055202961, -0.01658504828810692, -0.999803900718689, 1.5093803405761719], [0.569498598575592, 0.8219583034515381, -0.007471452467143536, -1.22222900390625], [0.0, 0.0, 0.0, 1.0]], [[0.00741571793332696, -0.9997594356536865, 0.020644616335630417, 0.0064697265625], [0.005581511650234461, -0.02060347981750965, -0.9997721910476685, 1.521026611328125], [0.9999569058418274, 0.007529291324317455, 0.005427378695458174, -1.6069526672363281], [0.0, 0.0, 0.0, 1.0]], [[-0.8320294618606567, -0.5546806454658508, -0.007505310233682394, 0.97637939453125], [0.011234153993427753, -0.003321463707834482, -0.9999313354492188, 1.504406452178955], [0.5546176433563232, -0.8320566415786743, 0.008994925767183304, -1.210693359375], [0.0, 0.0, 0.0, 1.0]], [[0.9476916193962097, 0.3190760016441345, 0.00842631421983242, -1.1353759765625], [0.02013407088816166, -0.03341206908226013, -0.9992388486862183, 1.5886917114257812], [-0.3185516595840454, 0.9471399188041687, -0.038088638335466385, -0.1058349609375], [0.0, 0.0, 0.0, 1.0]], [[0.00202118419110775, 0.9997211694717407, -0.02352805621922016, 0.002685546875], [-0.005358308088034391, -0.023516938090324402, -0.9997090697288513, 1.5792045593261719], [-0.999983549118042, 0.0021466456819325686, 0.005309280473738909, -0.02724456787109375], [0.0, 0.0, 0.0, 1.0]], [[-0.9349324107170105, 0.35369235277175903, -0.02834206447005272, 1.088592529296875], [0.027181454002857208, -0.008249565958976746, -0.9995964765548706, 1.5528316497802734], [-0.3537834584712982, -0.9353254437446594, -0.0019010846735909581, -0.0811767578125], [0.0, 0.0, 0.0, 1.0]]], "view": [[0.0, -2.0, 100.0], [-2.0, 0.0, 100.0], [0.0, 0.0, 1.0]], "bev": "bev_16c02b4cb158498886c33bc14e813628.png", "aux": "aux_16c02b4cb158498886c33bc14e813628.npz", "visibility": "visibility_16c02b4cb158498886c33bc14e813628.png", "pose": [[-0.5501163601875305, -0.8350880146026611, 0.0, 1006.8633422851562], [0.8350880146026611, -0.5501163601875305, 0.0, 619.881103515625], [0.0, 0.0, 1.0, 0.0], [0.0, 0.0, 0.0, 1.0]], "pose_inverse": [[-0.5501163601875305, 0.8350880146026611, 0.0, 36.236698150634766], [-0.8350880146026611, -0.5501163601875305, 0.0, 1181.8262939453125], [0.0, 0.0, 1.0, 0.0], [0.0, 0.0, 0.0, 1.0]], "cam_ids": [0, 1, 2, 3, 4, 5], "cam_channels": ["CAM_FRONT_LEFT", "CAM_FRONT", "CAM_FRONT_RIGHT", "CAM_BACK_LEFT", "CAM_BACK", "CAM_BACK_RIGHT"], "token": "16c02b4cb158498886c33bc14e813628", "scene": "scene-0011"}, {"images": ["samples/CAM_FRONT_LEFT/n015-2018-07-18-11-18-34+0800__CAM_FRONT_LEFT__1531884528904844.jpg", "samples/CAM_FRONT/n015-2018-07-18-11-18-34+0800__CAM_FRONT__1531884528912465.jpg", "samples/CAM_FRONT_RIGHT/n015-2018-07-18-11-18-34+0800__CAM_FRONT_RIGHT__1531884528920339.jpg", "samples/CAM_BACK_LEFT/n015-2018-07-18-11-18-34+0800__CAM_BACK_LEFT__1531884528947423.jpg", "samples/CAM_BACK/n015-2018-07-18-11-18-34+0800__CAM_BACK__1531884528937525.jpg", "samples/CAM_BACK_RIGHT/n015-2018-07-18-11-18-34+0800__CAM_BACK_RIGHT__1531884528927893.jpg"], "intrinsics": [[[1272.5979470598488, 0.0, 826.6154927353808], [0.0, 1272.5979470598488, 479.75165386361925], [0.0, 0.0, 1.0]], [[1266.417203046554, 0.0, 816.2670197447984], [0.0, 1266.417203046554, 491.50706579294757], [0.0, 0.0, 1.0]], [[1260.8474446004698, 0.0, 807.968244525554], [0.0, 1260.8474446004698, 495.3344268742088], [0.0, 0.0, 1.0]], [[1256.7414812095406, 0.0, 792.1125740759628], [0.0, 1256.7414812095406, 492.7757465151356], [0.0, 0.0, 1.0]], [[809.2209905677063, 0.0, 829.2196003259838], [0.0, 809.2209905677063, 481.77842384512485], [0.0, 0.0, 1.0]], [[1259.5137405846733, 0.0, 807.2529053838625], [0.0, 1259.5137405846733, 501.19579884916527], [0.0, 0.0, 1.0]]], "extrinsics": [[[0.8217372298240662, -0.5693562626838684, 0.024111445993185043, -0.88299560546875], [0.017951592803001404, -0.016426997259259224, -0.9997038841247559, 1.5100383758544922], [0.5695837736129761, 0.8219267129898071, -0.00327782379463315, -1.22369384765625], [0.0, 0.0, 0.0, 1.0]], [[0.00717932777479291, -0.999761164188385, 0.0206388458609581, 0.0057373046875], [0.012784597463905811, -0.020545924082398415, -0.9997072219848633, 1.5215988159179688], [0.99989253282547, 0.007441098801791668, 0.012634036131203175, -1.609145164489746], [0.0, 0.0, 0.0, 1.0]], [[-0.8319984674453735, -0.5546128749847412, -0.013532623648643494, 0.977294921875], [0.018512707203626633, -0.0033758983481675386, -0.9998229146003723, 1.504868745803833], [0.5544689297676086, -0.8321017026901245, 0.01307612843811512, -1.21197509765625], [0.0, 0.0, 0.0, 1.0]], [[0.9475761651992798, 0.31916192173957825, 0.0153372623026371, -1.137451171875], [0.027586843818426132, -0.0338951013982296, -0.9990445971488953, 1.5886917114257812], [-0.3183370530605316, 0.9470939040184021, -0.0409228578209877, -0.105224609375], [0.0, 0.0, 0.0, 1.0]], [[0.00220276415348053, 0.999713659286499, -0.023828187957406044, 0.0029296875], [0.0020516898948699236, -0.023832714185118675, -0.9997138381004333, 1.5794143676757812], [-0.9999954700469971, 0.0021532413084059954, -0.002103600185364485, -0.02564096450805664], [0.0, 0.0, 0.0, 1.0]], [[-0.9346773624420166, 0.35374292731285095, -0.035272132605314255, 1.0899658203125], [0.03452817723155022, -0.00841612834483385, -0.9993683099746704, 1.5531558990478516], [-0.35381630063056946, -0.9353048205375671, -0.004347735084593296, -0.0811767578125], [0.0, 0.0, 0.0, 1.0]]], "view": [[0.0, -2.0, 100.0], [-2.0, 0.0, 100.0], [0.0, 0.0, 1.0]], "bev": "bev_b01ad9a9041543058d3b52794acd0ffa.png", "aux": "aux_b01ad9a9041543058d3b52794acd0ffa.npz", "visibility": "visibility_b01ad9a9041543058d3b52794acd0ffa.png", "pose": [[-0.5290209054946899, -0.8486087918281555, 0.0, 1006.251220703125], [0.8486087918281555, -0.5290209054946899, 0.0, 620.8494262695312], [0.0, 0.0, 1.0, 0.0], [0.0, 0.0, 0.0, 1.0]], "pose_inverse": [[-0.5290209054946899, 0.8486087918281555, 0.0, 5.469673156738281], [-0.8486087918281555, -0.5290209054946899, 0.0, 1182.35595703125], [0.0, 0.0, 1.0, 0.0], [0.0, 0.0, 0.0, 1.0]], "cam_ids": [0, 1, 2, 3, 4, 5], "cam_channels": ["CAM_FRONT_LEFT", "CAM_FRONT", "CAM_FRONT_RIGHT", "CAM_BACK_LEFT", "CAM_BACK", "CAM_BACK_RIGHT"], "token": "b01ad9a9041543058d3b52794acd0ffa", "scene": "scene-0011"}, {"images": ["samples/CAM_FRONT_LEFT/n015-2018-07-18-11-18-34+0800__CAM_FRONT_LEFT__1531884529404844.jpg", "samples/CAM_FRONT/n015-2018-07-18-11-18-34+0800__CAM_FRONT__1531884529412463.jpg", "samples/CAM_FRONT_RIGHT/n015-2018-07-18-11-18-34+0800__CAM_FRONT_RIGHT__1531884529420339.jpg", "samples/CAM_BACK_LEFT/n015-2018-07-18-11-18-34+0800__CAM_BACK_LEFT__1531884529447423.jpg", "samples/CAM_BACK/n015-2018-07-18-11-18-34+0800__CAM_BACK__1531884529437525.jpg", "samples/CAM_BACK_RIGHT/n015-2018-07-18-11-18-34+0800__CAM_BACK_RIGHT__1531884529427893.jpg"], "intrinsics": [[[1272.5979470598488, 0.0, 826.6154927353808], [0.0, 1272.5979470598488, 479.75165386361925], [0.0, 0.0, 1.0]], [[1266.417203046554, 0.0, 816.2670197447984], [0.0, 1266.417203046554, 491.50706579294757], [0.0, 0.0, 1.0]], [[1260.8474446004698, 0.0, 807.968244525554], [0.0, 1260.8474446004698, 495.3344268742088], [0.0, 0.0, 1.0]], [[1256.7414812095406, 0.0, 792.1125740759628], [0.0, 1256.7414812095406, 492.7757465151356], [0.0, 0.0, 1.0]], [[809.2209905677063, 0.0, 829.2196003259838], [0.0, 809.2209905677063, 481.77842384512485], [0.0, 0.0, 1.0]], [[1259.5137405846733, 0.0, 807.2529053838625], [0.0, 1259.5137405846733, 501.19579884916527], [0.0, 0.0, 1.0]]], "extrinsics": [[[0.8212663531303406, -0.5700376033782959, 0.02405524253845215, -0.8736572265625], [0.01949932612478733, -0.014094049111008644, -0.9997105002403259, 1.5104169845581055], [0.5702115893363953, 0.8214977383613586, -0.00045962113654240966, -1.21624755859375], [0.0, 0.0, 0.0, 1.0]], [[0.006530393846333027, -0.9998134970664978, 0.018172934651374817, 0.0052490234375], [0.014225090853869915, -0.018078600987792015, -0.9997353553771973, 1.5218448638916016], [0.9998774528503418, 0.006787192076444626, 0.014104378409683704, -1.599609375], [0.0, 0.0, 0.0, 1.0]], [[-0.8322427868843079, -0.5541775822639465, -0.016096314415335655, 0.97100830078125], [0.019853772595524788, -0.0007759649306535721, -0.9998025298118591, 1.5051020383834839], [0.5540556311607361, -0.832397997379303, 0.011648308485746384, -1.2083740234375], [0.0, 0.0, 0.0, 1.0]], [[0.9475528597831726, 0.31913328170776367, 0.017247339710593224, -1.13848876953125], [0.02855333499610424, -0.030782323330640793, -0.9991181492805481, 1.5886650085449219], [-0.31832098960876465, 0.9472097158432007, -0.03828020021319389, -0.10498046875], [0.0, 0.0, 0.0, 1.0]], [[0.0023904715199023485, 0.9997788071632385, -0.020897366106510162, 0.003173828125], [0.0031366278417408466, -0.020904816687107086, -0.9997765421867371, 1.5794429779052734], [-0.9999921321868896, 0.0023243864998221397, -0.003185904584825039, -0.027631759643554688], [0.0, 0.0, 0.0, 1.0]], [[-0.9345144033432007, 0.35415592789649963, -0.035444535315036774, 1.08551025390625], [0.0357501357793808, -0.0056819305755198, -0.9993446469306946, 1.553391933441162], [-0.3541252315044403, -0.9351690411567688, -0.007351279724389315, -0.0831298828125], [0.0, 0.0, 0.0, 1.0]]], "view": [[0.0, -2.0, 100.0], [-2.0, 0.0, 100.0], [0.0, 0.0, 1.0]], "bev": "bev_a7b4a090f1824674a399e1d9033ea3ef.png", "aux": "aux_a7b4a090f1824674a399e1d9033ea3ef.npz", "visibility": "visibility_a7b4a090f1824674a399e1d9033ea3ef.png", "pose": [[-0.5101632475852966, -0.8600775599479675, 0.0, 1005.6378784179688], [0.8600775599479675, -0.5101632475852966, 0.0, 621.8592529296875], [0.0, 0.0, 1.0, 0.0], [0.0, 0.0, 0.0, 1.0]], "pose_inverse": [[-0.5101632475852966, 0.8600775599479675, 0.0, -21.807695388793945], [-0.8600775599479675, -0.5101632475852966, 0.0, 1182.1763916015625], [0.0, 0.0, 1.0, 0.0], [0.0, 0.0, 0.0, 1.0]], "cam_ids": [0, 1, 2, 3, 4, 5], "cam_channels": ["CAM_FRONT_LEFT", "CAM_FRONT", "CAM_FRONT_RIGHT", "CAM_BACK_LEFT", "CAM_BACK", "CAM_BACK_RIGHT"], "token": "a7b4a090f1824674a399e1d9033ea3ef", "scene": "scene-0011"}, {"images": ["samples/CAM_FRONT_LEFT/n015-2018-07-18-11-18-34+0800__CAM_FRONT_LEFT__1531884529904844.jpg", "samples/CAM_FRONT/n015-2018-07-18-11-18-34+0800__CAM_FRONT__1531884529912465.jpg", "samples/CAM_FRONT_RIGHT/n015-2018-07-18-11-18-34+0800__CAM_FRONT_RIGHT__1531884529920339.jpg", "samples/CAM_BACK_LEFT/n015-2018-07-18-11-18-34+0800__CAM_BACK_LEFT__1531884529947423.jpg", "samples/CAM_BACK/n015-2018-07-18-11-18-34+0800__CAM_BACK__1531884529937525.jpg", "samples/CAM_BACK_RIGHT/n015-2018-07-18-11-18-34+0800__CAM_BACK_RIGHT__1531884529927893.jpg"], "intrinsics": [[[1272.5979470598488, 0.0, 826.6154927353808], [0.0, 1272.5979470598488, 479.75165386361925], [0.0, 0.0, 1.0]], [[1266.417203046554, 0.0, 816.2670197447984], [0.0, 1266.417203046554, 491.50706579294757], [0.0, 0.0, 1.0]], [[1260.8474446004698, 0.0, 807.968244525554], [0.0, 1260.8474446004698, 495.3344268742088], [0.0, 0.0, 1.0]], [[1256.7414812095406, 0.0, 792.1125740759628], [0.0, 1256.7414812095406, 492.7757465151356], [0.0, 0.0, 1.0]], [[809.2209905677063, 0.0, 829.2196003259838], [0.0, 809.2209905677063, 481.77842384512485], [0.0, 0.0, 1.0]], [[1259.5137405846733, 0.0, 807.2529053838625], [0.0, 1259.5137405846733, 501.19579884916527], [0.0, 0.0, 1.0]]], "extrinsics": [[[0.8194538950920105, -0.5727096796035767, 0.022335313260555267, -0.86285400390625], [0.02001187391579151, -0.010355742648243904, -0.9997460842132568, 1.5107402801513672], [0.5727955102920532, 0.8196927905082703, 0.002974939765408635, -1.2088623046875], [0.0, 0.0, 0.0, 1.0]], [[0.003966066054999828, -0.9998870491981506, 0.01449520979076624, 0.005615234375], [0.014707899652421474, -0.014435429126024246, -0.9997876286506653, 1.522038459777832], [0.9998839497566223, 0.004178368486464024, 0.014648986048996449, -1.5898723602294922], [0.0, 0.0, 0.0, 1.0]], [[-0.8333092927932739, -0.5524980425834656, -0.018477659672498703, 0.96612548828125], [0.02035192772746086, 0.0027408439200371504, -0.9997890591621399, 1.5052635669708252], [0.5524321794509888, -0.833509624004364, 0.008960431441664696, -1.20477294921875], [0.0, 0.0, 0.0, 1.0]], [[0.9475498795509338, 0.31906604766845703, 0.018605545163154602, -1.13995361328125], [0.02895325981080532, -0.02771860733628273, -0.9991963505744934, 1.5886249542236328], [-0.31829386949539185, 0.9473270773887634, -0.03550276532769203, -0.104736328125], [0.0, 0.0, 0.0, 1.0]], [[0.003101988462731242, 0.9998395442962646, -0.017644573003053665, 0.0028076171875], [0.00355438026599586, -0.017655568197369576, -0.9998378753662109, 1.5794677734375], [-0.9999887943267822, 0.0030387823935598135, -0.0036085755564272404, -0.0285491943359375], [0.0, 0.0, 0.0, 1.0]], [[-0.9340085387229919, 0.35556522011756897, -0.03465981408953667, 1.082305908203125], [0.03620748221874237, -0.0023030913434922695, -0.9993416666984558, 1.5535390377044678], [-0.35541096329689026, -0.9346486330032349, -0.010723015293478966, -0.084228515625], [0.0, 0.0, 0.0, 1.0]]], "view": [[0.0, -2.0, 100.0], [-2.0, 0.0, 100.0], [0.0, 0.0, 1.0]], "bev": "bev_ee7518752037464dbfb74dd11b5b76b1.png", "aux": "aux_ee7518752037464dbfb74dd11b5b76b1.npz", "visibility": "visibility_ee7518752037464dbfb74dd11b5b76b1.png", "pose": [[-0.5129550695419312, -0.858415424823761, 0.0, 1004.947509765625], [0.858415424823761, -0.5129550695419312, 0.0, 623.026611328125], [0.0, 0.0, 1.0, 0.0], [0.0, 0.0, 0.0, 1.0]], "pose_inverse": [[-0.5129550695419312, 0.858415424823761, 0.0, -19.32272720336914], [-0.858415424823761, -0.5129550695419312, 0.0, 1182.2471923828125], [0.0, 0.0, 1.0, 0.0], [0.0, 0.0, 0.0, 1.0]], "cam_ids": [0, 1, 2, 3, 4, 5], "cam_channels": ["CAM_FRONT_LEFT", "CAM_FRONT", "CAM_FRONT_RIGHT", "CAM_BACK_LEFT", "CAM_BACK", "CAM_BACK_RIGHT"], "token": "ee7518752037464dbfb74dd11b5b76b1", "scene": "scene-0011"}, {"images": ["samples/CAM_FRONT_LEFT/n015-2018-07-18-11-18-34+0800__CAM_FRONT_LEFT__1531884530354844.jpg", "samples/CAM_FRONT/n015-2018-07-18-11-18-34+0800__CAM_FRONT__1531884530362460.jpg", "samples/CAM_FRONT_RIGHT/n015-2018-07-18-11-18-34+0800__CAM_FRONT_RIGHT__1531884530370339.jpg", "samples/CAM_BACK_LEFT/n015-2018-07-18-11-18-34+0800__CAM_BACK_LEFT__1531884530397423.jpg", "samples/CAM_BACK/n015-2018-07-18-11-18-34+0800__CAM_BACK__1531884530387525.jpg", "samples/CAM_BACK_RIGHT/n015-2018-07-18-11-18-34+0800__CAM_BACK_RIGHT__1531884530377893.jpg"], "intrinsics": [[[1272.5979470598488, 0.0, 826.6154927353808], [0.0, 1272.5979470598488, 479.75165386361925], [0.0, 0.0, 1.0]], [[1266.417203046554, 0.0, 816.2670197447984], [0.0, 1266.417203046554, 491.50706579294757], [0.0, 0.0, 1.0]], [[1260.8474446004698, 0.0, 807.968244525554], [0.0, 1260.8474446004698, 495.3344268742088], [0.0, 0.0, 1.0]], [[1256.7414812095406, 0.0, 792.1125740759628], [0.0, 1256.7414812095406, 492.7757465151356], [0.0, 0.0, 1.0]], [[809.2209905677063, 0.0, 829.2196003259838], [0.0, 809.2209905677063, 481.77842384512485], [0.0, 0.0, 1.0]], [[1259.5137405846733, 0.0, 807.2529053838625], [0.0, 1259.5137405846733, 501.19579884916527], [0.0, 0.0, 1.0]]], "extrinsics": [[[0.8179320096969604, -0.574936032295227, 0.020875195041298866, -0.85540771484375], [0.020801447331905365, -0.006706899031996727, -0.9997611045837402, 1.5110254287719727], [0.5749386548995972, 0.818170964717865, 0.0064737130887806416, -1.204833984375], [0.0, 0.0, 0.0, 1.0]], [[0.0018619323382154107, -0.9999428391456604, 0.01052909716963768, 0.0062255859375], [0.015428614802658558, -0.010499137453734875, -0.9998258948326111, 1.5222320556640625], [0.9998792409896851, 0.0020240414887666702, 0.015408182516694069, -1.5829296112060547], [0.0, 0.0, 0.0, 1.0]], [[-0.8341841101646423, -0.5510709285736084, -0.021395253017544746, 0.9619140625], [0.02103683352470398, 0.0069708009250462055, -0.9997543692588806, 1.5054283142089844], [0.5510846972465515, -0.8344292640686035, 0.005777857266366482, -1.20135498046875], [0.0, 0.0, 0.0, 1.0]], [[0.9474918842315674, 0.3191069960594177, 0.02073131501674652, -1.14105224609375], [0.029403522610664368, -0.022382589057087898, -0.9993169903755188, 1.5885944366455078], [-0.3184250593185425, 0.9474542737007141, -0.03059019148349762, -0.1041259765625], [0.0, 0.0, 0.0, 1.0]], [[0.003627514699473977, 0.9999127388000488, -0.01270582526922226, 0.0025634765625], [0.004081631079316139, -0.012720606289803982, -0.9999107718467712, 1.5794906616210938], [-0.9999850988388062, 0.003575420705601573, -0.004127419553697109, -0.029977798461914062], [0.0, 0.0, 0.0, 1.0]], [[-0.9335787892341614, 0.3567921817302704, -0.03361499309539795, 1.078460693359375], [0.036825213581323624, 0.002206128090620041, -0.999319314956665, 1.5537161827087402], [-0.3564751446247101, -0.9341812133789062, -0.015198544599115849, -0.0849609375], [0.0, 0.0, 0.0, 1.0]]], "view": [[0.0, -2.0, 100.0], [-2.0, 0.0, 100.0], [0.0, 0.0, 1.0]], "bev": "bev_fe95b22c7ed144319f43d0467a43e503.png", "aux": "aux_fe95b22c7ed144319f43d0467a43e503.npz", "visibility": "visibility_fe95b22c7ed144319f43d0467a43e503.png", "pose": [[-0.5456566214561462, -0.8380088806152344, 0.0, 1004.2499389648438], [0.8380088806152344, -0.5456566214561462, 0.0, 624.1577758789062], [0.0, 0.0, 1.0, 0.0], [0.0, 0.0, 0.0, 1.0]], "pose_inverse": [[-0.5456566214561462, 0.8380088806152344, 0.0, 24.925886154174805], [-0.8380088806152344, -0.5456566214561462, 0.0, 1182.1461181640625], [0.0, 0.0, 1.0, 0.0], [0.0, 0.0, 0.0, 1.0]], "cam_ids": [0, 1, 2, 3, 4, 5], "cam_channels": ["CAM_FRONT_LEFT", "CAM_FRONT", "CAM_FRONT_RIGHT", "CAM_BACK_LEFT", "CAM_BACK", "CAM_BACK_RIGHT"], "token": "fe95b22c7ed144319f43d0467a43e503", "scene": "scene-0011"}, {"images": ["samples/CAM_FRONT_LEFT/n015-2018-07-18-11-18-34+0800__CAM_FRONT_LEFT__1531884530904844.jpg", "samples/CAM_FRONT/n015-2018-07-18-11-18-34+0800__CAM_FRONT__1531884530912466.jpg", "samples/CAM_FRONT_RIGHT/n015-2018-07-18-11-18-34+0800__CAM_FRONT_RIGHT__1531884530920339.jpg", "samples/CAM_BACK_LEFT/n015-2018-07-18-11-18-34+0800__CAM_BACK_LEFT__1531884530947423.jpg", "samples/CAM_BACK/n015-2018-07-18-11-18-34+0800__CAM_BACK__1531884530937525.jpg", "samples/CAM_BACK_RIGHT/n015-2018-07-18-11-18-34+0800__CAM_BACK_RIGHT__1531884530927893.jpg"], "intrinsics": [[[1272.5979470598488, 0.0, 826.6154927353808], [0.0, 1272.5979470598488, 479.75165386361925], [0.0, 0.0, 1.0]], [[1266.417203046554, 0.0, 816.2670197447984], [0.0, 1266.417203046554, 491.50706579294757], [0.0, 0.0, 1.0]], [[1260.8474446004698, 0.0, 807.968244525554], [0.0, 1260.8474446004698, 495.3344268742088], [0.0, 0.0, 1.0]], [[1256.7414812095406, 0.0, 792.1125740759628], [0.0, 1256.7414812095406, 492.7757465151356], [0.0, 0.0, 1.0]], [[809.2209905677063, 0.0, 829.2196003259838], [0.0, 809.2209905677063, 481.77842384512485], [0.0, 0.0, 1.0]], [[1259.5137405846733, 0.0, 807.2529053838625], [0.0, 1259.5137405846733, 501.19579884916527], [0.0, 0.0, 1.0]]], "extrinsics": [[[0.8159450888633728, -0.577989935874939, 0.01269556488841772, -0.840087890625], [0.01664937101304531, 0.0015418678522109985, -0.9998601675033569, 1.5107901096343994], [0.5778895616531372, 0.8160424828529358, 0.01088124793022871, -1.1925048828125], [0.0, 0.0, 0.0, 1.0]], [[-0.001119903870858252, -0.9999964833259583, 0.0023542619310319424, 0.0048828125], [0.011259014718234539, -0.0023667230270802975, -0.9999338388442993, 1.5219480991363525], [0.9999359846115112, -0.001093268976546824, 0.01126162614673376, -1.5667190551757812], [0.0, 0.0, 0.0, 1.0]], [[-0.8355794548988342, -0.548915684223175, -0.02232695370912552, 0.95074462890625], [0.016907988116145134, 0.014926349744200706, -0.9997456073760986, 1.5052928924560547], [0.5491092801094055, -0.8357444405555725, -0.003191090188920498, -1.19525146484375], [0.0, 0.0, 0.0, 1.0]], [[0.9475522041320801, 0.31902244687080383, 0.01922035403549671, -1.14202880859375], [0.02529909834265709, -0.014921065419912338, -0.9995685815811157, 1.5885591506958008], [-0.3185980021953583, 0.9476296305656433, -0.022209469228982925, -0.1038818359375], [0.0, 0.0, 0.0, 1.0]], [[0.004409612