[{"images": ["samples/CAM_FRONT_LEFT/n015-2018-11-14-18-57-54+0800__CAM_FRONT_LEFT__1542193341504844.jpg", "samples/CAM_FRONT/n015-2018-11-14-18-57-54+0800__CAM_FRONT__1542193341512460.jpg", "samples/CAM_FRONT_RIGHT/n015-2018-11-14-18-57-54+0800__CAM_FRONT_RIGHT__1542193341520339.jpg", "samples/CAM_BACK_LEFT/n015-2018-11-14-18-57-54+0800__CAM_BACK_LEFT__1542193341547423.jpg", "samples/CAM_BACK/n015-2018-11-14-18-57-54+0800__CAM_BACK__1542193341537525.jpg", "samples/CAM_BACK_RIGHT/n015-2018-11-14-18-57-54+0800__CAM_BACK_RIGHT__1542193341527893.jpg"], "intrinsics": [[[1272.5979470598488, 0.0, 826.6154927353808], [0.0, 1272.5979470598488, 479.75165386361925], [0.0, 0.0, 1.0]], [[1266.417203046554, 0.0, 816.2670197447984], [0.0, 1266.417203046554, 491.50706579294757], [0.0, 0.0, 1.0]], [[1260.8474446004698, 0.0, 807.968244525554], [0.0, 1260.8474446004698, 495.3344268742088], [0.0, 0.0, 1.0]], [[1256.7414812095406, 0.0, 792.1125740759628], [0.0, 1256.7414812095406, 492.7757465151356], [0.0, 0.0, 1.0]], [[809.2209905677063, 0.0, 829.2196003259838], [0.0, 809.2209905677063, 481.77842384512485], [0.0, 0.0, 1.0]], [[1259.5137405846733, 0.0, 807.2529053838625], [0.0, 1259.5137405846733, 501.19579884916527], [0.0, 0.0, 1.0]]], "extrinsics": [[[0.8179560899734497, -0.5752784609794617, -0.0015536267310380936, -0.686279296875], [-0.0003372426435817033, 0.0022211382165551186, -0.9999974966049194, 1.5081298351287842], [0.5752804279327393, 0.8179545998573303, 0.001622785348445177, -1.086181640625], [0.0, 0.0, 0.0, 1.0]], [[0.0017801085487008095, -0.9999967813491821, 0.001761856023222208, 0.005615234375], [-0.005621565040200949, -0.0017718379385769367, -0.9999826550483704, 1.5189590454101562], [0.9999826550483704, 0.0017701595788821578, -0.005624701268970966, -1.412109375], [0.0, 0.0, 0.0, 1.0]], [[-0.8345232605934143, -0.5509055256843567, -0.008594025857746601, 0.848876953125], [8.648907532915473e-05, 0.015466935001313686, -0.9998803734779358, 1.503662109375], [0.550972580909729, -0.8344241976737976, -0.012859870679676533, -1.127716064453125], [0.0, 0.0, 0.0, 1.0]], [[0.9477059841156006, 0.3191239535808563, 0.0036248250398784876, -1.132080078125], [0.00876771379262209, -0.014680568128824234, -0.999853789806366, 1.5885910987854004], [-0.31902405619621277, 0.9475992321968079, -0.016710851341485977, -0.1035919189453125], [0.0, 0.0, 0.0, 1.0]], [[0.0035698842257261276, 0.9999821186065674, -0.004793527070432901, 0.00653076171875], [-0.016508696600794792, -0.004733970854431391, -0.9998525381088257, 1.5779304504394531], [-0.9998573064804077, 0.0036484585143625736, 0.016491500660777092, -0.083251953125], [0.0, 0.0, 0.0, 1.0]], [[-0.9340274333953857, 0.35702869296073914, -0.011097533628344536, 0.9876708984375], [0.01588362827897072, 0.010475966148078442, -0.9998189806938171, 1.55401611328125], [-0.3568477928638458, -0.9340347051620483, -0.015455753542482853, -0.123046875], [0.0, 0.0, 0.0, 1.0]]], "view": [[0.0, -2.0, 100.0], [-2.0, 0.0, 100.0], [0.0, 0.0, 1.0]], "bev": "bev_4f8343095c724300adb33c8836d8f750.png", "aux": "aux_4f8343095c724300adb33c8836d8f750.npz", "visibility": "visibility_4f8343095c724300adb33c8836d8f750.png", "pose": [[-0.6049169301986694, 0.7962885499000549, 0.0, 639.2532348632812], [-0.7962885499000549, -0.6049169301986694, 0.0, 2180.5625], [0.0, 0.0, 1.0, 0.0], [0.0, 0.0, 0.0, 1.0]], "pose_inverse": [[-0.6049169301986694, -0.7962885499000549, 0.0, 2123.052001953125], [0.7962885499000549, -0.6049169301986694, 0.0, 810.0291748046875], [0.0, 0.0, 1.0, 0.0], [0.0, 0.0, 0.0, 1.0]], "cam_ids": [0, 1, 2, 3, 4, 5], "cam_channels": ["CAM_FRONT_LEFT", "CAM_FRONT", "CAM_FRONT_RIGHT", "CAM_BACK_LEFT", "CAM_BACK", "CAM_BACK_RIGHT"], "token": "4f8343095c724300adb33c8836d8f750", "scene": "scene-1001"}, {"images": ["samples/CAM_FRONT_LEFT/n015-2018-11-14-18-57-54+0800__CAM_FRONT_LEFT__1542193342004844.jpg", "samples/CAM_FRONT/n015-2018-11-14-18-57-54+0800__CAM_FRONT__1542193342012460.jpg", "samples/CAM_FRONT_RIGHT/n015-2018-11-14-18-57-54+0800__CAM_FRONT_RIGHT__1542193342020339.jpg", "samples/CAM_BACK_LEFT/n015-2018-11-14-18-57-54+0800__CAM_BACK_LEFT__1542193342047423.jpg", "samples/CAM_BACK/n015-2018-11-14-18-57-54+0800__CAM_BACK__1542193342037525.jpg", "samples/CAM_BACK_RIGHT/n015-2018-11-14-18-57-54+0800__CAM_BACK_RIGHT__1542193342027893.jpg"], "intrinsics": [[[1272.5979470598488, 0.0, 826.6154927353808], [0.0, 1272.5979470598488, 479.75165386361925], [0.0, 0.0, 1.0]], [[1266.417203046554, 0.0, 816.2670197447984], [0.0, 1266.417203046554, 491.50706579294757], [0.0, 0.0, 1.0]], [[1260.8474446004698, 0.0, 807.968244525554], [0.0, 1260.8474446004698, 495.3344268742088], [0.0, 0.0, 1.0]], [[1256.7414812095406, 0.0, 792.1125740759628], [0.0, 1256.7414812095406, 492.7757465151356], [0.0, 0.0, 1.0]], [[809.2209905677063, 0.0, 829.2196003259838], [0.0, 809.2209905677063, 481.77842384512485], [0.0, 0.0, 1.0]], [[1259.5137405846733, 0.0, 807.2529053838625], [0.0, 1259.5137405846733, 501.19579884916527], [0.0, 0.0, 1.0]]], "extrinsics": [[[0.8174424767494202, -0.576009213924408, 0.0010913717560470104, -0.6771240234375], [0.002392066875472665, 0.0014999927952885628, -0.9999960064888, 1.5090875625610352], [0.5760052800178528, 0.8174418210983276, 0.002604010282084346, -1.0787353515625], [0.0, 0.0, 0.0, 1.0]], [[0.001057180343195796, -0.9999963045120239, 0.0025068221148103476, 0.0050048828125], [-0.002883806824684143, -0.002509861718863249, -0.9999927282333374, 1.5196948051452637], [0.9999952912330627, 0.0010499267373234034, -0.002886449918150902, -1.402587890625], [0.0, 0.0, 0.0, 1.0]], [[-0.8347914218902588, -0.5504667162895203, -0.010470574721693993, 0.84228515625], [0.002845682669430971, 0.014703609980642796, -0.9998878240585327, 1.504293441772461], [0.5505589246749878, -0.8347275853157043, -0.010707993991672993, -1.12359619140625], [0.0, 0.0, 0.0, 1.0]], [[0.9477474093437195, 0.31896692514419556, 0.0059104785323143005, -1.130615234375], [0.011530398391187191, -0.015733765438199043, -0.9998096823692322, 1.5886526107788086], [-0.3188132047653198, 0.947635293006897, -0.018589450046420097, -0.105224609375], [0.0, 0.0, 0.0, 1.0]], [[0.0037944249343127012, 0.9999767541885376, -0.005663572810590267, 0.00555419921875], [-0.013891694135963917, -0.005610355641692877, -0.9998878240585327, 1.5781021118164062], [-0.9998962879180908, 0.0038726923521608114, 0.01387008186429739, -0.087158203125], [0.0, 0.0, 0.0, 1.0]], [[-0.933850884437561, 0.35738691687583923, -0.014040669426321983, 0.9814453125], [0.01873382180929184, 0.009673119522631168, -0.9997777342796326, 1.5545768737792969], [-0.3571717441082001, -0.9339063763618469, -0.015728475525975227, -0.1243896484375], [0.0, 0.0, 0.0, 1.0]]], "view": [[0.0, -2.0, 100.0], [-2.0, 0.0, 100.0], [0.0, 0.0, 1.0]], "bev": "bev_63b7b2d0281642ad98f9e6e0367e72fa.png", "aux": "aux_63b7b2d0281642ad98f9e6e0367e72fa.npz", "visibility": "visibility_63b7b2d0281642ad98f9e6e0367e72fa.png", "pose": [[-0.5486969947814941, 0.8360213041305542, 0.0, 636.912109375], [-0.8360213041305542, -0.5486969947814941, 0.0, 2177.315673828125], [0.0, 0.0, 1.0, 0.0], [0.0, 0.0, 0.0, 1.0]], "pose_inverse": [[-0.5486969947814941, -0.8360213041305542, 0.0, 2169.75390625], [0.8360213041305542, -0.5486969947814941, 0.0, 662.2145385742188], [0.0, 0.0, 1.0, 0.0], [0.0, 0.0, 0.0, 1.0]], "cam_ids": [0, 1, 2, 3, 4, 5], "cam_channels": ["CAM_FRONT_LEFT", "CAM_FRONT", "CAM_FRONT_RIGHT", "CAM_BACK_LEFT", "CAM_BACK", "CAM_BACK_RIGHT"], "token": "63b7b2d0281642ad98f9e6e0367e72fa", "scene": "scene-1001"}, {"images": ["samples/CAM_FRONT_LEFT/n015-2018-11-14-18-57-54+0800__CAM_FRONT_LEFT__1542193342504844.jpg", "samples/CAM_FRONT/n015-2018-11-14-18-57-54+0800__CAM_FRONT__1542193342512460.jpg", "samples/CAM_FRONT_RIGHT/n015-2018-11-14-18-57-54+0800__CAM_FRONT_RIGHT__1542193342520339.jpg", "samples/CAM_BACK_LEFT/n015-2018-11-14-18-57-54+0800__CAM_BACK_LEFT__1542193342547423.jpg", "samples/CAM_BACK/n015-2018-11-14-18-57-54+0800__CAM_BACK__1542193342537525.jpg", "samples/CAM_BACK_RIGHT/n015-2018-11-14-18-57-54+0800__CAM_BACK_RIGHT__1542193342527893.jpg"], "intrinsics": [[[1272.5979470598488, 0.0, 826.6154927353808], [0.0, 1272.5979470598488, 479.75165386361925], [0.0, 0.0, 1.0]], [[1266.417203046554, 0.0, 816.2670197447984], [0.0, 1266.417203046554, 491.50706579294757], [0.0, 0.0, 1.0]], [[1260.8474446004698, 0.0, 807.968244525554], [0.0, 1260.8474446004698, 495.3344268742088], [0.0, 0.0, 1.0]], [[1256.7414812095406, 0.0, 792.1125740759628], [0.0, 1256.7414812095406, 492.7757465151356], [0.0, 0.0, 1.0]], [[809.2209905677063, 0.0, 829.2196003259838], [0.0, 809.2209905677063, 481.77842384512485], [0.0, 0.0, 1.0]], [[1259.5137405846733, 0.0, 807.2529053838625], [0.0, 1259.5137405846733, 501.19579884916527], [0.0, 0.0, 1.0]]], "extrinsics": [[[0.8178321719169617, -0.575448751449585, 0.003039419651031494, -0.6768798828125], [-0.00028537106118164957, -0.005687311757355928, -0.9999837875366211, 1.5081610679626465], [0.5754566192626953, 0.8178180456161499, -0.004815483000129461, -1.080322265625], [0.0, 0.0, 0.0, 1.0]], [[0.0014582579024136066, -0.9999508857727051, 0.009802470915019512, 0.0072021484375], [-0.005575390532612801, -0.00981045886874199, -0.9999363422393799, 1.5189208984375], [0.9999833703041077, 0.0014035586500540376, -0.005589423701167107, -1.400634765625], [0.0, 0.0, 0.0, 1.0]], [[-0.8347605466842651, -0.550597608089447, -0.004126940853893757, 0.840087890625], [0.0001353358820779249, 0.007290002424269915, -0.9999734163284302, 1.503669261932373], [0.5506130456924438, -0.8347389698028564, -0.006010890007019043, -1.12066650390625], [0.0, 0.0, 0.0, 1.0]], [[0.9478235244750977, 0.3187938630580902, 0.0009810148039832711, -1.130859375], [0.008883306756615639, -0.023335136473178864, -0.9996882081031799, 1.5886564254760742], [-0.3186715841293335, 0.947536826133728, -0.024949535727500916, -0.1072845458984375], [0.0, 0.0, 0.0, 1.0]], [[0.0037334433291107416, 0.9999046921730042, -0.013294088654220104, 0.00299072265625], [-0.016590077430009842, -0.013230416923761368, -0.9997748732566833, 1.5778312683105469], [-0.9998553395271301, 0.0039531877264380455, 0.01653910055756569, -0.090087890625], [0.0, 0.0, 0.0, 1.0]], [[-0.933906078338623, 0.35723668336868286, -0.014190491288900375, 0.9771728515625], [0.01601790450513363, 0.0021570550743490458, -0.9998694062232971, 1.5541725158691406], [-0.35715940594673157, -0.9340114593505859, -0.007736670784652233, -0.1240234375], [0.0, 0.0, 0.0, 1.0]]], "view": [[0.0, -2.0, 100.0], [-2.0, 0.0, 100.0], [0.0, 0.0, 1.0]], "bev": "bev_af20005535bd4d44bb5faf180e54365e.png", "aux": "aux_af20005535bd4d44bb5faf180e54365e.npz", "visibility": "visibility_af20005535bd4d44bb5faf180e54365e.png", "pose": [[-0.5018482804298401, 0.8649556636810303, 0.0, 634.7816162109375], [-0.8649556636810303, -0.5018482804298401, 0.0, 2173.9443359375], [0.0, 0.0, 1.0, 0.0], [0.0, 0.0, 0.0, 1.0]], "pose_inverse": [[-0.5018482804298401, -0.8649556636810303, 0.0, 2198.929443359375], [0.8649556636810303, -0.5018482804298401, 0.0, 541.9323120117188], [0.0, 0.0, 1.0, 0.0], [0.0, 0.0, 0.0, 1.0]], "cam_ids": [0, 1, 2, 3, 4, 5], "cam_channels": ["CAM_FRONT_LEFT", "CAM_FRONT", "CAM_FRONT_RIGHT", "CAM_BACK_LEFT", "CAM_BACK", "CAM_BACK_RIGHT"], "token": "af20005535bd4d44bb5faf180e54365e", "scene": "scene-1001"}, {"images": ["samples/CAM_FRONT_LEFT/n015-2018-11-14-18-57-54+0800__CAM_FRONT_LEFT__1542193343004844.jpg", "samples/CAM_FRONT/n015-2018-11-14-18-57-54+0800__CAM_FRONT__1542193343012460.jpg", "samples/CAM_FRONT_RIGHT/n015-2018-11-14-18-57-54+0800__CAM_FRONT_RIGHT__1542193343020339.jpg", "samples/CAM_BACK_LEFT/n015-2018-11-14-18-57-54+0800__CAM_BACK_LEFT__1542193343047423.jpg", "samples/CAM_BACK/n015-2018-11-14-18-57-54+0800__CAM_BACK__1542193343037525.jpg", "samples/CAM_BACK_RIGHT/n015-2018-11-14-18-57-54+0800__CAM_BACK_RIGHT__1542193343027893.jpg"], "intrinsics": [[[1272.5979470598488, 0.0, 826.6154927353808], [0.0, 1272.5979470598488, 479.75165386361925], [0.0, 0.0, 1.0]], [[1266.417203046554, 0.0, 816.2670197447984], [0.0, 1266.417203046554, 491.50706579294757], [0.0, 0.0, 1.0]], [[1260.8474446004698, 0.0, 807.968244525554], [0.0, 1260.8474446004698, 495.3344268742088], [0.0, 0.0, 1.0]], [[1256.7414812095406, 0.0, 792.1125740759628], [0.0, 1256.7414812095406, 492.7757465151356], [0.0, 0.0, 1.0]], [[809.2209905677063, 0.0, 829.2196003259838], [0.0, 809.2209905677063, 481.77842384512485], [0.0, 0.0, 1.0]], [[1259.5137405846733, 0.0, 807.2529053838625], [0.0, 1259.5137405846733, 501.19579884916527], [0.0, 0.0, 1.0]]], "extrinsics": [[[0.8186517357826233, -0.5742422342300415, 0.007433722727000713, -0.6717529296875], [0.0032932378817349672, -0.008249853737652302, -0.9999605417251587, 1.509443759918213], [0.574280858039856, 0.8186439275741577, -0.004862640518695116, -1.07763671875], [0.0, 0.0, 0.0, 1.0]], [[0.0026802653446793556, -0.9999204277992249, 0.012331029400229454, 0.007659912109375], [-0.002186145633459091, -0.012336903251707554, -0.9999215006828308, 1.519911766052246], [0.9999940395355225, 0.00265310425311327, -0.0022190373856574297, -1.397705078125], [0.0, 0.0, 0.0, 1.0]], [[-0.8341646194458008, -0.5514887571334839, -0.005411817692220211, 0.84033203125], [0.0033046866301447153, 0.004814373794943094, -0.9999829530715942, 1.5044002532958984], [0.551505446434021, -0.8341683745384216, -0.0021934809628874063, -1.12005615234375], [0.0, 0.0, 0.0, 1.0]], [[0.9477418661117554, 0.31902867555618286, 0.0024791124742478132, -1.132568359375], [0.01123537216335535, -0.025609266012907028, -0.9996088743209839, 1.5886602401733398], [-0.318840354681015, 0.9473990201950073, -0.02785537764430046, -0.1065673828125], [0.0, 0.0, 0.0, 1.0]], [[0.00333213503472507, 0.9998727440834045, -0.015605046413838863, 0.00323486328125], [-0.013915982097387314, -0.01555725745856762, -0.999782145023346, 1.5781021118164062], [-0.9998975992202759, 0.0035485888365656137, 0.013862370513379574, -0.08837890625], [0.0, 0.0, 0.0, 1.0]], [[-0.9341416358947754, 0.3564565181732178, -0.017833931371569633, 0.9776611328125], [0.018994349986314774, -0.00024491018848493695, -0.9998195767402649, 1.5546646118164062], [-0.3563966155052185, -0.9343118667602539, -0.006541879381984472, -0.1234130859375], [0.0, 0.0, 0.0, 1.0]]], "view": [[0.0, -2.0, 100.0], [-2.0, 0.0, 100.0], [0.0, 0.0, 1.0]], "bev": "bev_59fc3100c65f441ab8ca7e44f87d25bd.png", "aux": "aux_59fc3100c65f441ab8ca7e44f87d25bd.npz", "visibility": "visibility_59fc3100c65f441ab8ca7e44f87d25bd.png", "pose": [[-0.4631558954715729, 0.8862768411636353, 0.0, 632.8108520507812], [-0.8862768411636353, -0.4631558954715729, 0.0, 2170.43994140625], [0.0, 0.0, 1.0, 0.0], [0.0, 0.0, 0.0, 1.0]], "pose_inverse": [[-0.4631558954715729, -0.8862768411636353, 0.0, 2216.70068359375], [0.8862768411636353, -0.4631558954715729, 0.0, 444.40643310546875], [0.0, 0.0, 1.0, 0.0], [0.0, 0.0, 0.0, 1.0]], "cam_ids": [0, 1, 2, 3, 4, 5], "cam_channels": ["CAM_FRONT_LEFT", "CAM_FRONT", "CAM_FRONT_RIGHT", "CAM_BACK_LEFT", "CAM_BACK", "CAM_BACK_RIGHT"], "token": "59fc3100c65f441ab8ca7e44f87d25bd", "scene": "scene-1001"}, {"images": ["samples/CAM_FRONT_LEFT/n015-2018-11-14-18-57-54+0800__CAM_FRONT_LEFT__1542193343504844.jpg", "samples/CAM_FRONT/n015-2018-11-14-18-57-54+0800__CAM_FRONT__1542193343512460.jpg", "samples/CAM_FRONT_RIGHT/n015-2018-11-14-18-57-54+0800__CAM_FRONT_RIGHT__1542193343520339.jpg", "samples/CAM_BACK_LEFT/n015-2018-11-14-18-57-54+0800__CAM_BACK_LEFT__1542193343547423.jpg", "samples/CAM_BACK/n015-2018-11-14-18-57-54+0800__CAM_BACK__1542193343537525.jpg", "samples/CAM_BACK_RIGHT/n015-2018-11-14-18-57-54+0800__CAM_BACK_RIGHT__1542193343527893.jpg"], "intrinsics": [[[1272.5979470598488, 0.0, 826.6154927353808], [0.0, 1272.5979470598488, 479.75165386361925], [0.0, 0.0, 1.0]], [[1266.417203046554, 0.0, 816.2670197447984], [0.0, 1266.417203046554, 491.50706579294757], [0.0, 0.0, 1.0]], [[1260.8474446004698, 0.0, 807.968244525554], [0.0, 1260.8474446004698, 495.3344268742088], [0.0, 0.0, 1.0]], [[1256.7414812095406, 0.0, 792.1125740759628], [0.0, 1256.7414812095406, 492.7757465151356], [0.0, 0.0, 1.0]], [[809.2209905677063, 0.0, 829.2196003259838], [0.0, 809.2209905677063, 481.77842384512485], [0.0, 0.0, 1.0]], [[1259.5137405846733, 0.0, 807.2529053838625], [0.0, 1259.5137405846733, 501.19579884916527], [0.0, 0.0, 1.0]]], "extrinsics": [[[0.8194581866264343, -0.5730822682380676, 0.008055594749748707, -0.675537109375], [0.0022733795922249556, -0.01080501638352871, -0.9999390244483948, 1.5090805292129517], [0.5731344223022461, 0.8194265961647034, -0.007551426999270916, -1.082275390625], [0.0, 0.0, 0.0, 1.0]], [[0.0039258310571312904, -0.9998818635940552, 0.014860481023788452, 0.008697509765625], [-0.002917580073699355, -0.014871985651552677, -0.9998851418495178, 1.5197267532348633], [0.9999880194664001, 0.003882043529301882, -0.0029756210278719664, -1.40380859375], [0.0, 0.0, 0.0, 1.0]], [[-0.833574116230011, -0.5523954629898071, -0.003651523496955633, 0.845703125], [0.0028472079429775476, 0.002313813427463174, -0.9999932646751404, 1.5042805671691895], [0.5524001717567444, -0.833578884601593, -0.0003559501201380044, -1.12274169921875], [0.0, 0.0, 0.0, 1.0]], [[0.9477158188819885, 0.31910696625709534, 0.002318389480933547, -1.1328125], [0.011919528245925903, -0.028137963265180588, -0.9995329976081848, 1.5886478424072266], [-0.3188926875591278, 0.947300910949707, -0.03047039918601513, -0.1060791015625], [0.0, 0.0, 0.0, 1.0]], [[0.0029014803003519773, 0.9998310208320618, -0.018152637407183647, 0.00323486328125], [-0.013673927634954453, -0.018111348152160645, -0.9997425079345703, 1.578155517578125], [-0.9999023079872131, 0.0031489524990320206, 0.013619067147374153, -0.085693359375], [0.0, 0.0, 0.0, 1.0]], [[-0.9344293475151062, 0.35566413402557373, -0.01856635883450508, 0.982421875], [0.018823890015482903, -0.0027368678711354733, -0.9998190999031067, 1.5545425415039062], [-0.35565054416656494, -0.9346097707748413, -0.004137574229389429, -0.121337890625], [0.0, 0.0, 0.0, 1.0]]], "view": [[0.0, -2.0, 100.0], [-2.0, 0.0, 100.0], [0.0, 0.0, 1.0]], "bev": "bev_8da179b79b8042dd8468178ea6b0c728.png", "aux": "aux_8da179b79b8042dd8468178ea6b0c728.npz", "visibility": "visibility_8da179b79b8042dd8468178ea6b0c728.png", "pose": [[-0.4284426271915436, 0.9035689830780029, 0.0, 630.9652709960938], [-0.9035689830780029, -0.4284426271915436, 0.0, 2166.80712890625], [0.0, 0.0, 1.0, 0.0], [0.0, 0.0, 0.0, 1.0]], "pose_inverse": [[-0.4284426271915436, -0.9035689830780029, 0.0, 2228.192138671875], [0.9035689830780029, -0.4284426271915436, 0.0, 358.2319030761719], [0.0, 0.0, 1.0, 0.0], [0.0, 0.0, 0.0, 1.0]], "cam_ids": [0, 1, 2, 3, 4, 5], "cam_channels": ["CAM_FRONT_LEFT", "CAM_FRONT", "CAM_FRONT_RIGHT", "CAM_BACK_LEFT", "CAM_BACK", "CAM_BACK_RIGHT"], "token": "8da179b79b8042dd8468178ea6b0c728", "scene": "scene-1001"}, {"images": ["samples/CAM_FRONT_LEFT/n015-2018-11-14-18-57-54+0800__CAM_FRONT_LEFT__1542193344004844.jpg", "samples/CAM_FRONT/n015-2018-11-14-18-57-54+0800__CAM_FRONT__1542193344012460.jpg", "samples/CAM_FRONT_RIGHT/n015-2018-11-14-18-57-54+0800__CAM_FRONT_RIGHT__1542193344020339.jpg", "samples/CAM_BACK_LEFT/n015-2018-11-14-18-57-54+0800__CAM_BACK_LEFT__1542193344047423.jpg", "samples/CAM_BACK/n015-2018-11-14-18-57-54+0800__CAM_BACK__1542193344037525.jpg", "samples/CAM_BACK_RIGHT/n015-2018-11-14-18-57-54+0800__CAM_BACK_RIGHT__1542193344027893.jpg"], "intrinsics": [[[1272.5979470598488, 0.0, 826.6154927353808], [0.0, 1272.5979470598488, 479.75165386361925], [0.0, 0.0, 1.0]], [[1266.417203046554, 0.0, 816.2670197447984], [0.0, 1266.417203046554, 491.50706579294757], [0.0, 0.0, 1.0]], [[1260.8474446004698, 0.0, 807.968244525554], [0.0, 1260.8474446004698, 495.3344268742088], [0.0, 0.0, 1.0]], [[1256.7414812095406, 0.0, 792.1125740759628], [0.0, 1256.7414812095406, 492.7757465151356], [0.0, 0.0, 1.0]], [[809.2209905677063, 0.0, 829.2196003259838], [0.0, 809.2209905677063, 481.77842384512485], [0.0, 0.0, 1.0]], [[1259.5137405846733, 0.0, 807.2529053838625], [0.0, 1259.5137405846733, 501.19579884916527], [0.0, 0.0, 1.0]]], "extrinsics": [[[0.8195739984512329, -0.5729725956916809, 0.0009622075594961643, -0.677734375], [-0.0048331813886761665, -0.008592577651143074, -0.9999514222145081, 1.5065937042236328], [0.572952926158905, 0.8195294737815857, -0.009811533614993095, -1.08349609375], [0.0, 0.0, 0.0, 1.0]], [[0.0039448984898626804, -0.9999133348464966, 0.01255712565034628, 0.008758544921875], [-0.01022908091545105, -0.0125969173386693, -0.9998683333396912, 1.5176219940185547], [0.9999398589134216, 0.0038158860988914967, -0.010277887806296349, -1.404541015625], [0.0, 0.0, 0.0, 1.0]], [[-0.8337576389312744, -0.5521290302276611, 0.001327039091847837, 0.8453369140625], [-0.004672850016504526, 0.004652924370020628, -0.999978244304657, 1.5025806427001953], [0.5521108508110046, -0.8337456583976746, -0.006459427066147327, -1.1226806640625], [0.0, 0.0, 0.0, 1.0]], [[0.9477601051330566, 0.31895044445991516, -0.004616942722350359, -1.137939453125], [0.003743326524272561, -0.02559385821223259, -0.999665379524231, 1.588568925857544], [-0.3189619183540344, 0.9474257826805115, -0.025450773537158966, -0.105010986328125], [0.0, 0.0, 0.0, 1.0]], [[0.0029089071322232485, 0.9998724460601807, -0.01570586860179901, 0.002532958984375], [-0.021576475352048874, -0.015639521181583405, -0.9996448755264282, 1.5775222778320312], [-0.9997629523277283, 0.003246690146625042, 0.021528229117393494, -0.0830078125], [0.0, 0.0, 0.0, 1.0]], [[-0.9344473481178284, 0.3559454381465912, -0.010537422262132168, 0.982421875], [0.011142617091536522, -0.0003499941958580166, -0.999937891960144, 1.5532798767089844], [-0.3559270203113556, -0.9345066547393799, -0.0036391131579875946, -0.1209716796875], [0.0, 0.0, 0.0, 1.0]]], "view": [[0.0, -2.0, 100.0], [-2.0, 0.0, 100.0], [0.0, 0.0, 1.0]], "bev": "bev_f6ed0c578630424bb4be846dcc3951b7.png", "aux": "aux_f6ed0c578630424bb4be846dcc3951b7.npz", "visibility": "visibility_f6ed0c578630424bb4be846dcc3951b7.png", "pose": [[-0.40315866470336914, 0.915130078792572, 0.0, 629.2425537109375], [-0.915130078792572, -0.40315866470336914, 0.0, 2163.124267578125], [0.0, 0.0, 1.0, 0.0], [0.0, 0.0, 0.0, 1.0]], "pose_inverse": [[-0.40315866470336914, -0.915130078792572, 0.0, 2233.224609375], [0.915130078792572, -0.40315866470336914, 0.0, 296.24346923828125], [0.0, 0.0, 1.0, 0.0], [0.0, 0.0, 0.0, 1.0]], "cam_ids": [0, 1, 2, 3, 4, 5], "cam_channels": ["CAM_FRONT_LEFT", "CAM_FRONT", "CAM_FRONT_RIGHT", "CAM_BACK_LEFT", "CAM_BACK", "CAM_BACK_RIGHT"], "token": "f6ed0c578630424bb4be846dcc3951b7", "scene": "scene-1001"}, {"images": ["samples/CAM_FRONT_LEFT/n015-2018-11-14-18-57-54+0800__CAM_FRONT_LEFT__1542193344504844.jpg", "samples/CAM_FRONT/n015-2018-11-14-18-57-54+0800__CAM_FRONT__1542193344512460.jpg", "samples/CAM_FRONT_RIGHT/n015-2018-11-14-18-57-54+0800__CAM_FRONT_RIGHT__1542193344520339.jpg", "samples/CAM_BACK_LEFT/n015-2018-11-14-18-57-54+0800__CAM_BACK_LEFT__1542193344547423.jpg", "samples/CAM_BACK/n015-2018-11-14-18-57-54+0800__CAM_BACK__1542193344537525.jpg", "samples/CAM_BACK_RIGHT/n015-2018-11-14-18-57-54+0800__CAM_BACK_RIGHT__1542193344527893.jpg"], "intrinsics": [[[1272.5979470598488, 0.0, 826.6154927353808], [0.0, 1272.5979470598488, 479.75165386361925], [0.0, 0.0, 1.0]], [[1266.417203046554, 0.0, 816.2670197447984], [0.0, 1266.417203046554, 491.50706579294757], [0.0, 0.0, 1.0]], [[1260.8474446004698, 0.0, 807.968244525554], [0.0, 1260.8474446004698, 495.3344268742088], [0.0, 0.0, 1.0]], [[1256.7414812095406, 0.0, 792.1125740759628], [0.0, 1256.7414812095406, 492.7757465151356], [0.0, 0.0, 1.0]], [[809.2209905677063, 0.0, 829.2196003259838], [0.0, 809.2209905677063, 481.77842384512485], [0.0, 0.0, 1.0]], [[1259.5137405846733, 0.0, 807.2529053838625], [0.0, 1259.5137405846733, 501.19579884916527], [0.0, 0.0, 1.0]]], "extrinsics": [[[0.8198179602622986, -0.5725981593132019, -0.005469638854265213, -0.68115234375], [-0.011697638779878616, -0.007196689490228891, -0.9999057054519653, 1.5042572021484375], [0.5725048184394836, 0.8198045492172241, -0.012598021887242794, -1.0869140625], [0.0, 0.0, 0.0, 1.0]], [[0.0043860385194420815, -0.9999274015426636, 0.011222701519727707, 0.0095367431640625], [-0.017145071178674698, -0.011296354234218597, -0.9997892379760742, 1.5157012939453125], [0.9998433589935303, 0.004192642401903868, -0.017193373292684555, -1.40869140625], [0.0, 0.0, 0.0, 1.0]], [[-0.833585798740387, -0.5523518919944763, 0.00647556409239769, 0.848388671875], [-0.011650036089122295, 0.00585911376401782, -0.9999149441719055, 1.5010414123535156], [0.5522670149803162, -0.8335904479026794, -0.011318993754684925, -1.123779296875], [0.0, 0.0, 0.0, 1.0]], [[0.9477198719978333, 0.31890273094177246, -0.011318366043269634, -1.134765625], [-0.0036489262711256742, -0.024636652320623398, -0.9996898174285889, 1.5885324478149414], [-0.3190826177597046, 0.9474672079086304, -0.02218499407172203, -0.106353759765625], [0.0, 0.0, 0.0, 1.0]], [[0.00274109048768878, 0.9998888969421387, -0.014654046855866909, 0.0021514892578125], [-0.028818119317293167, -0.014569029211997986, -0.9994784593582153, 1.5768966674804688], [-0.9995809197425842, 0.00316202943213284, 0.02877497859299183, -0.084228515625], [0.0, 0.0, 0.0, 1.0]], [[-0.9345579743385315, 0.3557933270931244, -0.0035258070565760136, 0.9837646484375], [0.004070478491485119, 0.000782253744546324, -0.9999914169311523, 1.552107810974121], [-0.35578757524490356, -0.9345642924308777, -0.00217931205406785, -0.11962890625], [0.0, 0.0, 0.0, 1.0]]], "view": [[0.0, -2.0, 100.0], [-2.0, 0.0, 100.0], [0.0, 0.0, 1.0]], "bev": "bev_e6886d0c82274699863803570d94a4ca.png", "aux": "aux_e6886d0c82274699863803570d94a4ca.npz", "visibility": "visibility_e6886d0c82274699863803570d94a4ca.png", "pose": [[-0.3838360905647278, 0.9234012365341187, 0.0, 627.645263671875], [-0.9234012365341187, -0.3838360905647278, 0.0, 2159.466552734375], [0.0, 0.0, 1.0, 0.0], [0.0, 0.0, 0.0, 1.0]], "pose_inverse": [[-0.3838360905647278, -0.9234012365341187, 0.0, 2234.967041015625], [0.9234012365341187, -0.3838360905647278, 0.0, 249.31277465820312], [0.0, 0.0, 1.0, 0.0], [0.0, 0.0, 0.0, 1.0]], "cam_ids": [0, 1, 2, 3, 4, 5], "cam_channels": ["CAM_FRONT_LEFT", "CAM_FRONT", "CAM_FRONT_RIGHT", "CAM_BACK_LEFT", "CAM_BACK", "CAM_BACK_RIGHT"], "token": "e6886d0c82274699863803570d94a4ca", "scene": "scene-1001"}, {"images": ["samples/CAM_FRONT_LEFT/n015-2018-11-14-18-57-54+0800__CAM_FRONT_LEFT__1542193345004852.jpg", "samples/CAM_FRONT/n015-2018-11-14-18-57-54+0800__CAM_FRONT__1542193345012460.jpg", "samples/CAM_FRONT_RIGHT/n015-2018-11-14-18-57-54+0800__CAM_FRONT_RIGHT__1542193345020339.jpg", "samples/CAM_BACK_LEFT/n015-2018-11-14-18-57-54+0800__CAM_BACK_LEFT__1542193345047423.jpg", "samples/CAM_BACK/n015-2018-11-14-18-57-54+0800__CAM_BACK__1542193345037525.jpg", "samples/CAM_BACK_RIGHT/n015-2018-11-14-18-57-54+0800__CAM_BACK_RIGHT__1542193345027893.jpg"], "intrinsics": [[[1272.5979470598488, 0.0, 826.6154927353808], [0.0, 1272.5979470598488, 479.75165386361925], [0.0, 0.0, 1.0]], [[1266.417203046554, 0.0, 816.2670197447984], [0.0, 1266.417203046554, 491.50706579294757], [0.0, 0.0, 1.0]], [[1260.8474446004698, 0.0, 807.968244525554], [0.0, 1260.8474446004698, 495.3344268742088], [0.0, 0.0, 1.0]], [[1256.7414812095406, 0.0, 792.1125740759628], [0.0, 1256.7414812095406, 492.7757465151356], [0.0, 0.0, 1.0]], [[809.2209905677063, 0.0, 829.2196003259838], [0.0, 809.2209905677063, 481.77842384512485], [0.0, 0.0, 1.0]], [[1259.5137405846733, 0.0, 807.2529053838625], [0.0, 1259.5137405846733, 501.19579884916527], [0.0, 0.0, 1.0]]], "extrinsics": [[[0.8200775980949402, -0.5721591114997864, -0.010328201577067375, -0.6956787109375], [-0.019263707101345062, -0.009563639760017395, -0.9997686743736267, 1.5019760131835938], [0.5719279646873474, 0.8200869560241699, -0.018864832818508148, -1.0955810546875], [0.0, 0.0, 0.0, 1.0]], [[0.0051117874681949615, -0.9998952746391296, 0.013539192266762257, 0.0087432861328125], [-0.024453915655612946, -0.013660312630236149, -0.9996076226234436, 1.5139923095703125], [0.999687910079956, 0.004778675734996796, -0.024521181359887123, -1.423828125], [0.0, 0.0, 0.0, 1.0]], [[-0.8331197500228882, -0.5529242157936096, 0.013651963323354721, 0.859130859375], [-0.018709572032094002, 0.0035046839620918036, -0.999818742275238, 1.4997215270996094], [0.5527761578559875, -0.8332241773605347, -0.013264793902635574, -1.1312255859375], [0.0, 0.0, 0.0, 1.0]], [[0.947605550289154, 0.31894034147262573, -0.017908426001667976, -1.13232421875], [-0.009768401272594929, -0.027103504166007042, -0.9995849132537842, 1.5884571075439453], [-0.3192933201789856, 0.947387158870697, -0.02256789803504944, -0.10693359375], [0.0, 0.0, 0.0, 1.0]], [[0.0023443137761205435, 0.9998522996902466, -0.017027057707309723, 0.002166748046875], [-0.03523975983262062, -0.016933927312493324, -0.9992353916168213, 1.5764617919921875], [-0.999376118183136, 0.0029425278771668673, 0.03519485518336296, -0.080810546875], [0.0, 0.0, 0.0, 1.0]], [[-0.9347625970840454, 0.35526731610298157, 0.0020001945085823536, 0.9920654296875], [-0.0027318920474499464, -0.0015579414321109653, -0.9999950528144836, 1.5510306358337402], [-0.3552624583244324, -0.9347634315490723, 0.0024268568959087133, -0.1168212890625], [0.0, 0.0, 0.0, 1.0]]], "view": [[0.0, -2.0, 100.0], [-2.0, 0.0, 100.0], [0.0, 0.0, 1.0]], "bev": "bev_31db0bc929ae4dd895e4f8d8a4cf7c68.png", "aux": "aux_31db0bc929ae4dd895e4f8d8a4cf7c68.npz", "visibility": "visibility_31db0bc929ae4dd895e4f8d8a4cf7c68.png", "pose": [[-0.3669547736644745, 0.9302387833595276, 0.0, 626.2152099609375], [-0.9302387833595276, -0.3669547736644745, 0.0, 2156.010498046875], [0.0, 0.0, 1.0, 0.0], [0.0, 0.0, 0.0, 1.0]], "pose_inverse": [[-0.3669547736644745, -0.9302387833595276, 0.0, 2235.397216796875], [0.9302387833595276, -0.3669547736644745, 0.0, 208.628662109375], [0.0, 0.0, 1.0, 0.0], [0.0, 0.0, 0.0, 1.0]], "cam_ids": [0, 1, 2, 3, 4, 5], "cam_channels": ["CAM_FRONT_LEFT", "CAM_FRONT", "CAM_FRONT_RIGHT", "CAM_BACK_LEFT", "CAM_BACK", "CAM_BACK_RIGHT"], "token": "31db0bc929ae4dd895e4f8d8a4cf7c68", "scene": "scene-1001"}, {"images": ["samples/CAM_FRONT_LEFT/n015-2018-11-14-18-57-54+0800__CAM_FRONT_LEFT__1542193345404844.jpg", "samples/CAM_FRONT/n015-2018-11-14-18-57-54+0800__CAM_FRONT__1542193345412460.jpg", "samples/CAM_FRONT_RIGHT/n015-2018-11-14-18-57-54+0800__CAM_FRONT_RIGHT__1542193345420339.jpg", "samples/CAM_BACK_LEFT/n015-2018-11-14-18-57-54+0800__CAM_BACK_LEFT__1542193345447423.jpg", "samples/CAM_BACK/n015-2018-11-14-18-57-54+0800__CAM_BACK__1542193345437525.jpg", "samples/CAM_BACK_RIGHT/n015-2018-11-14-18-57-54+0800__CAM_BACK_RIGHT__1542193345427893.jpg"], "intrinsics": [[[1272.5979470598488, 0.0, 826.6154927353808], [0.0, 1272.5979470598488, 479.75165386361925], [0.0, 0.0, 1.0]], [[1266.417203046554, 0.0, 816.2670197447984], [0.0, 1266.417203046554, 491.50706579294757], [0.0, 0.0, 1.0]], [[1260.8474446004698, 0.0, 807.968244525554], [0.0, 1260.8474446004698, 495.3344268742088], [0.0, 0.0, 1.0]], [[1256.7414812095406, 0.0, 792.1125740759628], [0.0, 1256.7414812095406, 492.7757465151356], [0.0, 0.0, 1.0]], [[809.2209905677063, 0.0, 829.2196003259838], [0.0, 809.2209905677063, 481.77842384512485], [0.0, 0.0, 1.0]], [[1259.5137405846733, 0.0, 807.2529053838625], [0.0, 1259.5137405846733, 501.19579884916527], [0.0, 0.0, 1.0]]], "extrinsics": [[[0.8198747038841248, -0.5723719596862793, -0.013991324231028557, -0.7080078125], [-0.025807518512010574, -0.012532702647149563, -0.9995883703231812, 1.500244140625], [0.571960985660553, 0.8198983073234558, -0.02504674531519413, -1.1043701171875], [0.0, 0.0, 0.0, 1.0]], [[0.0049405405297875404, -0.9998528361320496, 0.01642453297972679, 0.0084228515625], [-0.03121037222445011, -0.016570908948779106, -0.9993755221366882, 1.5125808715820312], [0.9995006322860718, 0.004424854181706905, -0.031287647783756256, -1.4365234375], [0.0, 0.0, 0.0, 1.0]], [[-0.8331819772720337, -0.5525981187820435, 0.02104593627154827, 0.867919921875], [-0.025682585313916206, 0.0006501617026515305, -0.9996699094772339, 1.4985466003417969], [0.5524020791053772, -0.8334475159645081, -0.014733852818608284, -1.1376953125], [0.0, 0.0, 0.0, 1.0]], [[0.9474593997001648, 0.31882360577583313, -0.025925306603312492, -1.1337890625], [-0.01737339235842228, -0.029638392850756645, -0.9994096755981445, 1.5884056091308594], [-0.3194037675857544, 0.9473505020141602, -0.022542130202054977, -0.10650634765625], [0.0, 0.0, 0.0, 1.0]], [[0.0023533443454653025, 0.9998021125793457, -0.019751613959670067, 0.0024871826171875], [-0.042663633823394775, -0.019633300602436066, -0.998896598815918, 1.5760498046875], [-0.9990867376327515, 0.0031934066209942102, 0.04260898754000664, -0.075927734375], [0.0, 0.0, 0.0, 1.0]], [[-0.9346315264701843, 0.3555335998535156, 0.0077249594032764435, 1.000244140625], [-0.00991764385253191, -0.004345125053077936, -0.9999414086341858, 1.5500125885009766], [-0.3554791808128357, -0.9346534609794617, 0.007587145082652569, -0.11419677734375], [0.0, 0.0, 0.0, 1.0]]], "view": [[0.0, -2.0, 100.0], [-2.0, 0.0, 100.0], [0.0, 0.0, 1.0]], "bev": "bev_fb231b4f36cb4083a8a13a49edb60065.png", "aux": "aux_fb231b4f36cb4083a8a13a49edb60065.npz", "visibility": "visibility_fb231b4f36cb4083a8a13a49edb60065.png", "pose": [[-0.3561112880706787, 0.9344435334205627, 0.0, 625.1403198242188], [-0.9344435334205627, -0.3561112880706787, 0.0, 2153.30517578125], [0.0, 0.0, 1.0, 0.0], [0.0, 0.0, 0.0, 1.0]], "pose_inverse": [[-0.3561112880706787, -0.9344435334205627, 0.0, 2234.76171875], [0.9344435334205627, -0.3561112880706787, 0.0, 182.65797424316406], [0.0, 0.0, 1.0, 0.0], [0.0, 0.0, 0.0, 1.0]], "cam_ids": [0, 1, 2, 3, 4, 5], "cam_channels": ["CAM_FRONT_LEFT", "CAM_FRONT", "CAM_FRONT_RIGHT", "CAM_BACK_LEFT", "CAM_BACK", "CAM_BACK_RIGHT"], "token": "fb231b4f36cb4083a8a13a49edb60065", "scene": "scene-1001"}, {"images": ["samples/CAM_FRONT_LEFT/n015-2018-11-14-18-57-54+0800__CAM_FRONT_LEFT__1542193345904844.jpg", "samples/CAM_FRONT/n015-2018-11-14-18-57-54+0800__CAM_FRONT__1542193345912460.jpg", "samples/CAM_FRONT_RIGHT/n015-2018-11-14-18-57-54+0800__CAM_FRONT_RIGHT__1542193345920339.jpg", "samples/CAM_BACK_LEFT/n015-2018-11-14-18-57-54+0800__CAM_BACK_LEFT__1542193345947423.jpg", "samples/CAM_BACK/n015-2018-11-14-18-57-54+0800__CAM_BACK__1542193345937525.jpg", "samples/CAM_BACK_RIGHT/n015-2018-11-14-18-57-54+0800__CAM_BACK_RIGHT__1542193345927893.jpg"], "intrinsics": [[[1272.5979470598488, 0.0, 826.6154927353808], [0.0, 1272.5979470598488, 479.75165386361925], [0.0, 0.0, 1.0]], [[1266.417203046554, 0.0, 816.2670197447984], [0.0, 1266.417203046554, 491.50706579294757], [0.0, 0.0, 1.0]], [[1260.8474446004698, 0.0, 807.968244525554], [0.0, 1260.8474446004698, 495.3344268742088], [0.0, 0.0, 1.0]], [[1256.7414812095406, 0.0, 792.1125740759628], [0.0, 1256.7414812095406, 492.7757465151356], [0.0, 0.0, 1.0]], [[809.2209905677063, 0.0, 829.2196003259838], [0.0, 809.2209905677063, 481.77842384512485], [0.0, 0.0, 1.0]], [[1259.5137405846733, 0.0, 807.2529053838625], [0.0, 1259.5137405846733, 501.19579884916527], [0.0, 0.0, 1.0]]], "extrinsics": [[[0.820142388343811, -0.5719000101089478, -0.017231181263923645, -0.73388671875], [-0.027282606810331345, -0.009007787331938744, -0.9995871782302856, 1.5006256103515625], [0.5715086460113525, 0.8202739357948303, -0.02299058996140957, -1.1220703125], [0.0, 0.0, 0.0, 1.0]], [[0.005338784772902727, -0.9999034404754639, 0.012826897203922272, 0.0082550048828125], [-0.032601919025182724, -0.012994303368031979, -0.9993839263916016, 1.5130462646484375], [0.9994542002677917, 0.004917343147099018, -0.03266815096139908, -1.46240234375], [0.0, 0.0, 0.0, 1.0]], [[-0.8330206871032715, -0.5528756380081177, 0.02012494020164013, 0.8841552734375], [-0.026994699612259865, 0.0042861816473305225, -0.9996263980865479, 1.498809814453125], [0.5525827407836914, -0.8332527279853821, -0.018495189025998116, -1.1484375], [0.0, 0.0, 0.0, 1.0]], [[0.9474584460258484, 0.318845272064209, -0.025693699717521667, -1.13916015625], [-0.01841525360941887, -0.02582157589495182, -0.9994969367980957, 1.5884971618652344], [-0.3193483054637909, 0.9474549889564514, -0.018593255430459976, -0.10479736328125], [0.0, 0.0, 0.0, 1.0]], [[0.0023019195068627596, 0.9998688697814941, -0.016033481806516647, 0.0024566650390625], [-0.04380399361252785, -0.01591731235384941, -0.9989133477210999, 1.5764236450195312], [-0.9990374445915222, 0.0030017425306141376, 0.04376160725951195, -0.065185546875], [0.0, 0.0, 0.0, 1.0]], [[-0.9346717000007629, 0.35536661744117737, 0.010173640213906765, 1.0150146484375], [-0.011138495057821274, -0.0006692557944916189, -0.9999377131462097, 1.5500011444091797], [-0.3553376793861389, -0.9347267150878906, 0.004583783447742462, -0.1087646484375], [0.0, 0.0, 0.0, 1.0]]], "view": [[0.0, -2.0, 100.0], [-2.0, 0.0, 100.0], [0.0, 0.0, 1.0]], "bev": "bev_805847a8510447afb90a5c84a4fbe499.png", "aux": "aux_805847a8510447afb90a5c84a4fbe499.npz", "visibility": "visibility_805847a8510447afb90a5c84a4fbe499.png", "pose": [[-0.3458062708377838, 0.9383059144020081, 0.0, 623.9430541992188], [-0.9383059144020081, -0.3458062708377838, 0.0, 2150.177734375], [0.0, 0.0, 1.0, 0.0], [0.0, 0.0, 0.0, 1.0]], "pose_inverse": [[-0.3458062708377838, -0.9383059144020081, 0.0, 2233.287841796875], [0.9383059144020081, -0.3458062708377838, 0.0, 158.09548950195312], [0.0, 0.0, 1.0, 0.0], [0.0, 0.0, 0.0, 1.0]], "cam_ids": [0, 1, 2, 3, 4, 5], "cam_channels": ["CAM_FRONT_LEFT", "CAM_FRONT", "CAM_FRONT_RIGHT", "CAM_BACK_LEFT", "CAM_BACK", "CAM_BACK_RIGHT"], "token": "805847a8510447afb90a5c84a4fbe499", "scene": "scene-1001"}, {"images": ["samples/CAM_FRONT_LEFT/n015-2018-11-14-18-57-54+0800__CAM_FRONT_LEFT__1542193346404844.jpg", "samples/CAM_FRONT/n015-2018-11-14-18-57-54+0800__CAM_FRONT__1542193346412460.jpg", "samples/CAM_FRONT_RIGHT/n015-2018-11-14-18-57-54+0800__CAM_FRONT_RIGHT__1542193346420339.jpg", "samples/CAM_BACK_LEFT/n015-2018-11-14-18-57-54+0800__CAM_BACK_LEFT__1542193346447423.jpg", "samples/CAM_BACK/n015-2018-11-14-18-57-54+0800__CAM_BACK__1542193346437525.jpg", "samples/CAM_BACK_RIGHT/n015-2018-11-14-18-57-54+0800__CAM_BACK_RIGHT__1542193346427893.jpg"], "intrinsics": [[[1272.5979470598488, 0.0, 826.6154927353808], [0.0, 1272.5979470598488, 479.75165386361925], [0.0, 0.0, 1.0]], [[1266.417203046554, 0.0, 816.2670197447984], [0.0, 1266.417203046554, 491.50706579294757], [0.0, 0.0, 1.0]], [[1260.8474446004698, 0.0, 807.968244525554], [0.0, 1260.8474446004698, 495.3344268742088], [0.0, 0.0, 1.0]], [[1256.7414812095406, 0.0, 792.1125740759628], [0.0, 1256.7414812095406, 492.7757465151356], [0.0, 0.0, 1.0]], [[809.2209905677063, 0.0, 829.2196003259838], [0.0, 809.2209905677063, 481.77842384512485], [0.0, 0.0, 1.0]], [[1259.5137405846733, 0.0, 807.2529053838625], [0.0, 1259.5137405846733, 501.19579884916527], [0.0, 0.0, 1.0]]], "extrinsics": [[[0.820216715335846, -0.5716261863708496, -0.022092202678322792, -0.756591796875], [-0.026827147230505943, 0.0001402606285410002, -0.9996400475502014, 1.5014572143554688], [0.5714235901832581, 0.8205140829086304, -0.015220055356621742, -1.13720703125], [0.0, 0.0, 0.0, 1.0]], [[0.005352518521249294, -0.9999790191650391, 0.0036219328176230192, 0.0076751708984375], [-0.032145410776138306, -0.0037921732291579247, -0.9994760155677795, 1.513824462890625], [0.9994688630104065, 0.0052333069033920765, -0.0321650393307209, -1.48388671875], [0.0, 0.0, 0.0, 1.0]], [[-0.8330743908882141, -0.5529677271842957, 0.014621523208916187, 0.8974609375], [-0.026535984128713608, 0.01354765985161066, -0.9995560050010681, 1.4993095397949219], [0.5525241494178772, -0.8330925107002258, -0.02595975063741207, -1.15771484375], [0.0, 0.0, 0.0, 1.0]], [[0.9475373029708862, 0.318866491317749, -0.02229885198175907, -1.1396484375], [-0.018007535487413406, -0.016400046646595, -0.9997033476829529, 1.5885124206542969], [-0.3191376030445099, 0.9476577639579773, -0.009797656908631325, -0.10443115234375], [0.0, 0.0, 0.0, 1.0]], [[0.002493159146979451, 0.9999749660491943, -0.006629756651818752, 0.00250244140625], [-0.04333984479