[{"images": ["samples/CAM_FRONT_LEFT/n015-2018-07-18-11-41-49+0800__CAM_FRONT_LEFT__1531885340004844.jpg", "samples/CAM_FRONT/n015-2018-07-18-11-41-49+0800__CAM_FRONT__1531885340012463.jpg", "samples/CAM_FRONT_RIGHT/n015-2018-07-18-11-41-49+0800__CAM_FRONT_RIGHT__1531885340020339.jpg", "samples/CAM_BACK_LEFT/n015-2018-07-18-11-41-49+0800__CAM_BACK_LEFT__1531885340047423.jpg", "samples/CAM_BACK/n015-2018-07-18-11-41-49+0800__CAM_BACK__1531885340037525.jpg", "samples/CAM_BACK_RIGHT/n015-2018-07-18-11-41-49+0800__CAM_BACK_RIGHT__1531885340027893.jpg"], "intrinsics": [[[1272.5979470598488, 0.0, 826.6154927353808], [0.0, 1272.5979470598488, 479.75165386361925], [0.0, 0.0, 1.0]], [[1266.417203046554, 0.0, 816.2670197447984], [0.0, 1266.417203046554, 491.50706579294757], [0.0, 0.0, 1.0]], [[1260.8474446004698, 0.0, 807.968244525554], [0.0, 1260.8474446004698, 495.3344268742088], [0.0, 0.0, 1.0]], [[1256.7414812095406, 0.0, 792.1125740759628], [0.0, 1256.7414812095406, 492.7757465151356], [0.0, 0.0, 1.0]], [[809.2209905677063, 0.0, 829.2196003259838], [0.0, 809.2209905677063, 481.77842384512485], [0.0, 0.0, 1.0]], [[1259.5137405846733, 0.0, 807.2529053838625], [0.0, 1259.5137405846733, 501.19579884916527], [0.0, 0.0, 1.0]]], "extrinsics": [[[0.8196923732757568, -0.572424590587616, 0.020847992971539497, -0.7369384765625], [-0.0010157185606658459, -0.03784886375069618, -0.999282956123352, 1.5079841613769531], [0.5728031396865845, 0.8190833926200867, -0.03160584345459938, -1.12152099609375], [0.0, 0.0, 0.0, 1.0]], [[0.004181854426860809, -0.9991169571876526, 0.04180803522467613, 0.00634765625], [-0.00626720953732729, -0.04183376953005791, -0.9991049766540527, 1.5191230773925781], [0.9999715685844421, 0.0039160666055977345, -0.006436617579311132, -1.46453857421875], [0.0, 0.0, 0.0, 1.0]], [[-0.8335591554641724, -0.5522515773773193, 0.014048674143850803, 0.885432243347168], [-0.0005678335437551141, -0.02457413636147976, -0.9996978044509888, 1.5035533905029297], [0.5524299740791321, -0.8333151936531067, 0.020170409232378006, -1.151123046875], [0.0, 0.0, 0.0, 1.0]], [[0.9476869702339172, 0.31905263662338257, -0.009738693945109844, -1.143280029296875], [0.008151313289999962, -0.054689060896635056, -0.9984701871871948, 1.588531494140625], [-0.3190971314907074, 0.9461578130722046, -0.05442880839109421, -0.1031494140625], [0.0, 0.0, 0.0, 1.0]], [[0.0027010187041014433, 0.9989930987358093, -0.04478263854980469, 0.0030517578125], [-0.01727396436035633, -0.044729508459568024, -0.9988497495651245, 1.5782585144042969], [-0.9998471736907959, 0.0034715053625404835, 0.017135752364993095, -0.061767578125], [0.0, 0.0, 0.0, 1.0]], [[-0.934507429599762, 0.3550763726234436, -0.024832280352711678, 1.0177001953125], [0.015344342216849327, -0.029512353241443634, -0.9994466304779053, 1.5533981323242188], [-0.3556128144264221, -0.9343713521957397, 0.022131096571683884, -0.108642578125], [0.0, 0.0, 0.0, 1.0]]], "view": [[0.0, -2.0, 100.0], [-2.0, 0.0, 100.0], [0.0, 0.0, 1.0]], "bev": "bev_b9c60cfaf1814c8bb363037dec7abd35.png", "aux": "aux_b9c60cfaf1814c8bb363037dec7abd35.npz", "visibility": "visibility_b9c60cfaf1814c8bb363037dec7abd35.png", "pose": [[0.16122543811798096, -0.9869176149368286, 0.0, 1229.5086669921875], [0.9869176149368286, 0.16122543811798096, 0.0, 569.67431640625], [0.0, 0.0, 1.0, 0.0], [0.0, 0.0, 0.0, 1.0]], "pose_inverse": [[0.16122543811798096, 0.9869176149368286, 0.0, -760.44970703125], [-0.9869176149368286, 0.16122543811798096, 0.0, 1121.5777587890625], [0.0, 0.0, 1.0, 0.0], [0.0, 0.0, 0.0, 1.0]], "cam_ids": [0, 1, 2, 3, 4, 5], "cam_channels": ["CAM_FRONT_LEFT", "CAM_FRONT", "CAM_FRONT_RIGHT", "CAM_BACK_LEFT", "CAM_BACK", "CAM_BACK_RIGHT"], "token": "b9c60cfaf1814c8bb363037dec7abd35", "scene": "scene-0013"}, {"images": ["samples/CAM_FRONT_LEFT/n015-2018-07-18-11-41-49+0800__CAM_FRONT_LEFT__1531885340504844.jpg", "samples/CAM_FRONT/n015-2018-07-18-11-41-49+0800__CAM_FRONT__1531885340512460.jpg", "samples/CAM_FRONT_RIGHT/n015-2018-07-18-11-41-49+0800__CAM_FRONT_RIGHT__1531885340520339.jpg", "samples/CAM_BACK_LEFT/n015-2018-07-18-11-41-49+0800__CAM_BACK_LEFT__1531885340547423.jpg", "samples/CAM_BACK/n015-2018-07-18-11-41-49+0800__CAM_BACK__1531885340537525.jpg", "samples/CAM_BACK_RIGHT/n015-2018-07-18-11-41-49+0800__CAM_BACK_RIGHT__1531885340527905.jpg"], "intrinsics": [[[1272.5979470598488, 0.0, 826.6154927353808], [0.0, 1272.5979470598488, 479.75165386361925], [0.0, 0.0, 1.0]], [[1266.417203046554, 0.0, 816.2670197447984], [0.0, 1266.417203046554, 491.50706579294757], [0.0, 0.0, 1.0]], [[1260.8474446004698, 0.0, 807.968244525554], [0.0, 1260.8474446004698, 495.3344268742088], [0.0, 0.0, 1.0]], [[1256.7414812095406, 0.0, 792.1125740759628], [0.0, 1256.7414812095406, 492.7757465151356], [0.0, 0.0, 1.0]], [[809.2209905677063, 0.0, 829.2196003259838], [0.0, 809.2209905677063, 481.77842384512485], [0.0, 0.0, 1.0]], [[1259.5137405846733, 0.0, 807.2529053838625], [0.0, 1259.5137405846733, 501.19579884916527], [0.0, 0.0, 1.0]]], "extrinsics": [[[0.8193485736846924, -0.5730419754981995, 0.01705295220017433, -0.74755859375], [-0.0025947715621441603, -0.033451955765485764, -0.9994369745254517, 1.5076103210449219], [0.5732898116111755, 0.8188430070877075, -0.028895724564790726, -1.12969970703125], [0.0, 0.0, 0.0, 1.0]], [[0.003716636449098587, -0.999295711517334, 0.03733888640999794, 0.006591796875], [-0.007989402860403061, -0.037367627024650574, -0.9992697238922119, 1.5188369750976562], [0.9999611973762512, 0.003415619255974889, -0.008122659288346767, -1.47509765625], [0.0, 0.0, 0.0, 1.0]], [[-0.8337714076042175, -0.5519546270370483, 0.013087856583297253, 0.892155647277832], [-0.002428061794489622, -0.02003921940922737, -0.9997962117195129, 1.5032482147216797], [0.5521044731140137, -0.833633303642273, 0.01536795124411583, -1.1549072265625], [0.0, 0.0, 0.0, 1.0]], [[0.9479003548622131, 0.318398118019104, -0.010370160453021526, -1.14532470703125], [0.005864991806447506, -0.049989134073257446, -0.9987325072288513, 1.5885238647460938], [-0.3185129463672638, 0.9466381072998047, -0.04925211891531944, -0.1025390625], [0.0, 0.0, 0.0, 1.0]], [[0.0030885201413184404, 0.9991888403892517, -0.04015100747346878, 0.0028076171875], [-0.019427403807640076, -0.040083665400743484, -0.9990074634552002, 1.5781841278076172], [-0.9998065233230591, 0.003865475533530116, 0.019287845119833946, -0.05877685546875], [0.0, 0.0, 0.0, 1.0]], [[-0.9344359040260315, 0.35549139976501465, -0.021343398839235306, 1.0218505859375], [0.013346197083592415, -0.024933652952313423, -0.9995999932289124, 1.5530891418457031], [-0.35588136315345764, -0.9343469142913818, 0.018554437905550003, -0.10650634765625], [0.0, 0.0, 0.0, 1.0]]], "view": [[0.0, -2.0, 100.0], [-2.0, 0.0, 100.0], [0.0, 0.0, 1.0]], "bev": "bev_9aa4c454c6154c069354edd8819f767a.png", "aux": "aux_9aa4c454c6154c069354edd8819f767a.npz", "visibility": "visibility_9aa4c454c6154c069354edd8819f767a.png", "pose": [[0.13746006786823273, -0.9905073046684265, 0.0, 1229.9996337890625], [0.9905073046684265, 0.13746006786823273, 0.0, 572.786865234375], [0.0, 0.0, 1.0, 0.0], [0.0, 0.0, 0.0, 1.0]], "pose_inverse": [[0.13746006786823273, 0.9905073046684265, 0.0, -736.4254150390625], [-0.9905073046684265, 0.13746006786823273, 0.0, 1139.5882568359375], [0.0, 0.0, 1.0, 0.0], [0.0, 0.0, 0.0, 1.0]], "cam_ids": [0, 1, 2, 3, 4, 5], "cam_channels": ["CAM_FRONT_LEFT", "CAM_FRONT", "CAM_FRONT_RIGHT", "CAM_BACK_LEFT", "CAM_BACK", "CAM_BACK_RIGHT"], "token": "9aa4c454c6154c069354edd8819f767a", "scene": "scene-0013"}, {"images": ["samples/CAM_FRONT_LEFT/n015-2018-07-18-11-41-49+0800__CAM_FRONT_LEFT__1531885341004844.jpg", "samples/CAM_FRONT/n015-2018-07-18-11-41-49+0800__CAM_FRONT__1531885341012469.jpg", "samples/CAM_FRONT_RIGHT/n015-2018-07-18-11-41-49+0800__CAM_FRONT_RIGHT__1531885341020339.jpg", "samples/CAM_BACK_LEFT/n015-2018-07-18-11-41-49+0800__CAM_BACK_LEFT__1531885341047423.jpg", "samples/CAM_BACK/n015-2018-07-18-11-41-49+0800__CAM_BACK__1531885341037525.jpg", "samples/CAM_BACK_RIGHT/n015-2018-07-18-11-41-49+0800__CAM_BACK_RIGHT__1531885341027893.jpg"], "intrinsics": [[[1272.5979470598488, 0.0, 826.6154927353808], [0.0, 1272.5979470598488, 479.75165386361925], [0.0, 0.0, 1.0]], [[1266.417203046554, 0.0, 816.2670197447984], [0.0, 1266.417203046554, 491.50706579294757], [0.0, 0.0, 1.0]], [[1260.8474446004698, 0.0, 807.968244525554], [0.0, 1260.8474446004698, 495.3344268742088], [0.0, 0.0, 1.0]], [[1256.7414812095406, 0.0, 792.1125740759628], [0.0, 1256.7414812095406, 492.7757465151356], [0.0, 0.0, 1.0]], [[809.2209905677063, 0.0, 829.2196003259838], [0.0, 809.2209905677063, 481.77842384512485], [0.0, 0.0, 1.0]], [[1259.5137405846733, 0.0, 807.2529053838625], [0.0, 1259.5137405846733, 501.19579884916527], [0.0, 0.0, 1.0]]], "extrinsics": [[[0.8196671605110168, -0.5726624131202698, 0.0142595199868083, -0.7523193359375], [-0.0011412525782361627, -0.026525121182203293, -0.9996474385261536, 1.507965087890625], [0.5728388428688049, 0.8193619847297668, -0.02239532582461834, -1.1319580078125], [0.0, 0.0, 0.0, 1.0]], [[0.004132722970098257, -0.9995285868644714, 0.030420241877436638, 0.0062255859375], [-0.006355806719511747, -0.030446141958236694, -0.9995162487030029, 1.519186019897461], [0.9999712705612183, 0.003937375731766224, -0.006478636991232634, -1.478759765625], [0.0, 0.0, 0.0, 1.0]], [[-0.8335964679718018, -0.552319347858429, 0.007757964078336954, 0.8938140869140625], [-0.0006172414286993444, -0.013113362714648247, -0.99991375207901, 1.5035457611083984], [0.552373468875885, -0.8335293531417847, 0.010590340942144394, -1.156494140625], [0.0, 0.0, 0.0, 1.0]], [[0.9477675557136536, 0.3189083933830261, -0.0058336760848760605, -1.139068603515625], [0.008340618573129177, -0.04306261986494064, -0.9990375638008118, 1.5885848999023438], [-0.31885266304016113, 0.946806788444519, -0.043473247438669205, -0.1048583984375], [0.0, 0.0, 0.0, 1.0]], [[0.0028570620343089104, 0.999443769454956, -0.03322601690888405, 0.0029296875], [-0.017191261053085327, -0.03317214921116829, -0.9993017911911011, 1.5782756805419922], [-0.9998481273651123, 0.003426274284720421, 0.017086923122406006, -0.06121826171875], [0.0, 0.0, 0.0, 1.0]], [[-0.9344775080680847, 0.35541725158691406, -0.020743712782859802, 1.0230712890625], [0.015341653488576412, -0.018011154606938362, -0.9997200965881348, 1.5533103942871094], [-0.35569140315055847, -0.9345342516899109, 0.011378331109881401, -0.1065673828125], [0.0, 0.0, 0.0, 1.0]]], "view": [[0.0, -2.0, 100.0], [-2.0, 0.0, 100.0], [0.0, 0.0, 1.0]], "bev": "bev_4de7963785f34de7afb9e5aae3ce6f9f.png", "aux": "aux_4de7963785f34de7afb9e5aae3ce6f9f.npz", "visibility": "visibility_4de7963785f34de7afb9e5aae3ce6f9f.png", "pose": [[0.12093447148799896, -0.9926604628562927, 0.0, 1230.4000244140625], [0.9926604628562927, 0.12093447148799896, 0.0, 575.7796020507812], [0.0, 0.0, 1.0, 0.0], [0.0, 0.0, 0.0, 1.0]], "pose_inverse": [[0.12093447148799896, 0.9926604628562927, 0.0, -720.3514404296875], [-0.9926604628562927, 0.12093447148799896, 0.0, 1151.7379150390625], [0.0, 0.0, 1.0, 0.0], [0.0, 0.0, 0.0, 1.0]], "cam_ids": [0, 1, 2, 3, 4, 5], "cam_channels": ["CAM_FRONT_LEFT", "CAM_FRONT", "CAM_FRONT_RIGHT", "CAM_BACK_LEFT", "CAM_BACK", "CAM_BACK_RIGHT"], "token": "4de7963785f34de7afb9e5aae3ce6f9f", "scene": "scene-0013"}, {"images": ["samples/CAM_FRONT_LEFT/n015-2018-07-18-11-41-49+0800__CAM_FRONT_LEFT__1531885341504844.jpg", "samples/CAM_FRONT/n015-2018-07-18-11-41-49+0800__CAM_FRONT__1531885341512465.jpg", "samples/CAM_FRONT_RIGHT/n015-2018-07-18-11-41-49+0800__CAM_FRONT_RIGHT__1531885341520339.jpg", "samples/CAM_BACK_LEFT/n015-2018-07-18-11-41-49+0800__CAM_BACK_LEFT__1531885341547435.jpg", "samples/CAM_BACK/n015-2018-07-18-11-41-49+0800__CAM_BACK__1531885341537525.jpg", "samples/CAM_BACK_RIGHT/n015-2018-07-18-11-41-49+0800__CAM_BACK_RIGHT__1531885341527893.jpg"], "intrinsics": [[[1272.5979470598488, 0.0, 826.6154927353808], [0.0, 1272.5979470598488, 479.75165386361925], [0.0, 0.0, 1.0]], [[1266.417203046554, 0.0, 816.2670197447984], [0.0, 1266.417203046554, 491.50706579294757], [0.0, 0.0, 1.0]], [[1260.8474446004698, 0.0, 807.968244525554], [0.0, 1260.8474446004698, 495.3344268742088], [0.0, 0.0, 1.0]], [[1256.7414812095406, 0.0, 792.1125740759628], [0.0, 1256.7414812095406, 492.7757465151356], [0.0, 0.0, 1.0]], [[809.2209905677063, 0.0, 829.2196003259838], [0.0, 809.2209905677063, 481.77842384512485], [0.0, 0.0, 1.0]], [[1259.5137405846733, 0.0, 807.2529053838625], [0.0, 1259.5137405846733, 501.19579884916527], [0.0, 0.0, 1.0]]], "extrinsics": [[[0.8202368021011353, -0.5719576478004456, 0.008714389987289906, -0.7623291015625], [-0.0011719785397872329, -0.016914604231715202, -0.9998562335968018, 1.5079898834228516], [0.5720227956771851, 0.8201087713241577, -0.01454430352896452, -1.1409912109375], [0.0, 0.0, 0.0, 1.0]], [[0.004939845763146877, -0.9997724890708923, 0.020745595917105675, 0.0074462890625], [-0.006602912209928036, -0.02077801153063774, -0.9997623562812805, 1.51922607421875], [0.9999659657478333, 0.004801702219992876, -0.006704050116240978, -1.49005126953125], [0.0, 0.0, 0.0, 1.0]], [[-0.8332539796829224, -0.5528833866119385, 0.0027836437802761793, 0.9016914367675781], [-0.0011025730054825544, -0.0033730491995811462, -0.9999936819076538, 1.503474473953247], [0.5528892278671265, -0.8332517743110657, 0.0022010128013789654, -1.1607666015625], [0.0, 0.0, 0.0, 1.0]], [[0.9476969242095947, 0.31914830207824707, -0.0038497531786561012, -1.140655517578125], [0.007090974599123001, -0.03311200439929962, -0.9994264841079712, 1.5885734558105469], [-0.3190927505493164, 0.9471261501312256, -0.033643219619989395, -0.1044921875], [0.0, 0.0, 0.0, 1.0]], [[0.0025325999595224857, 0.9997238516807556, -0.023362578824162483, 0.0025634765625], [-0.01815362460911274, -0.02331284061074257, -0.9995633959770203, 1.5782966613769531], [-0.999832034111023, 0.00295559992082417, 0.018089568242430687, -0.0570068359375], [0.0, 0.0, 0.0, 1.0]], [[-0.9346457719802856, 0.35519176721572876, -0.01661541871726513, 1.029052734375], [0.014655514620244503, -0.008207850158214569, -0.9998589158058167, 1.5531330108642578], [-0.35527804493904114, -0.93475741147995, 0.0024659126065671444, -0.1036376953125], [0.0, 0.0, 0.0, 1.0]]], "view": [[0.0, -2.0, 100.0], [-2.0, 0.0, 100.0], [0.0, 0.0, 1.0]], "bev": "bev_480ea4e6cd7b4fc7b46ace2b8001fd19.png", "aux": "aux_480ea4e6cd7b4fc7b46ace2b8001fd19.npz", "visibility": "visibility_480ea4e6cd7b4fc7b46ace2b8001fd19.png", "pose": [[0.10487307608127594, -0.99448561668396, 0.0, 1230.7423095703125], [0.99448561668396, 0.10487307608127594, 0.0, 578.652099609375], [0.0, 0.0, 1.0, 0.0], [0.0, 0.0, 0.0, 1.0]], "pose_inverse": [[0.10487307608127594, 0.99448561668396, 0.0, -704.5328979492188], [-0.99448561668396, 0.10487307608127594, 0.0, 1163.2705078125], [0.0, 0.0, 1.0, 0.0], [0.0, 0.0, 0.0, 1.0]], "cam_ids": [0, 1, 2, 3, 4, 5], "cam_channels": ["CAM_FRONT_LEFT", "CAM_FRONT", "CAM_FRONT_RIGHT", "CAM_BACK_LEFT", "CAM_BACK", "CAM_BACK_RIGHT"], "token": "480ea4e6cd7b4fc7b46ace2b8001fd19", "scene": "scene-0013"}, {"images": ["samples/CAM_FRONT_LEFT/n015-2018-07-18-11-41-49+0800__CAM_FRONT_LEFT__1531885342004844.jpg", "samples/CAM_FRONT/n015-2018-07-18-11-41-49+0800__CAM_FRONT__1531885342012465.jpg", "samples/CAM_FRONT_RIGHT/n015-2018-07-18-11-41-49+0800__CAM_FRONT_RIGHT__1531885342020339.jpg", "samples/CAM_BACK_LEFT/n015-2018-07-18-11-41-49+0800__CAM_BACK_LEFT__1531885342047423.jpg", "samples/CAM_BACK/n015-2018-07-18-11-41-49+0800__CAM_BACK__1531885342037525.jpg", "samples/CAM_BACK_RIGHT/n015-2018-07-18-11-41-49+0800__CAM_BACK_RIGHT__1531885342027893.jpg"], "intrinsics": [[[1272.5979470598488, 0.0, 826.6154927353808], [0.0, 1272.5979470598488, 479.75165386361925], [0.0, 0.0, 1.0]], [[1266.417203046554, 0.0, 816.2670197447984], [0.0, 1266.417203046554, 491.50706579294757], [0.0, 0.0, 1.0]], [[1260.8474446004698, 0.0, 807.968244525554], [0.0, 1260.8474446004698, 495.3344268742088], [0.0, 0.0, 1.0]], [[1256.7414812095406, 0.0, 792.1125740759628], [0.0, 1256.7414812095406, 492.7757465151356], [0.0, 0.0, 1.0]], [[809.2209905677063, 0.0, 829.2196003259838], [0.0, 809.2209905677063, 481.77842384512485], [0.0, 0.0, 1.0]], [[1259.5137405846733, 0.0, 807.2529053838625], [0.0, 1259.5137405846733, 501.19579884916527], [0.0, 0.0, 1.0]]], "extrinsics": [[[0.8197733163833618, -0.5726874470710754, -0.000852747936733067, -0.7691650390625], [-0.005423081573098898, -0.006273891776800156, -0.9999656081199646, 1.5069646835327148], [0.572662353515625, 0.8197497129440308, -0.008248900063335896, -1.144775390625], [0.0, 0.0, 0.0, 1.0]], [[0.004313955083489418, -0.9999411702156067, 0.009940432384610176, 0.006591796875], [-0.010676804929971695, -0.00998601596802473, -0.9998931884765625, 1.5184454917907715], [0.9999337196350098, 0.004207366146147251, -0.010719257406890392, -1.49591064453125], [0.0, 0.0, 0.0, 1.0]], [[-0.8335532546043396, -0.5524389743804932, -2.9597980756079778e-05, 0.9049453735351562], [-0.004981739446520805, 0.007570326328277588, -0.999958872795105, 1.5028724670410156], [0.5524165034294128, -0.8335188627243042, -0.00906237680464983, -1.1634521484375], [0.0, 0.0, 0.0, 1.0]], [[0.9477866888046265, 0.3188880383968353, -0.003264371771365404, -1.135986328125], [0.00382474553771317, -0.021602032706141472, -0.999759316444397, 1.5885906219482422], [-0.3188817501068115, 0.947546124458313, -0.02169378660619259, -0.1063232421875], [0.0, 0.0, 0.0, 1.0]], [[0.0028144987300038338, 0.9999234676361084, -0.012048143893480301, 0.002685546875], [-0.02163689397275448, -0.011984477750957012, -0.9996941089630127, 1.5780667066574097], [-0.9997618794441223, 0.0030743286479264498, 0.02160150744020939, -0.0579833984375], [0.0, 0.0, 0.0, 1.0]], [[-0.9345443844795227, 0.35572755336761475, -0.009206189773976803, 1.0313720703125], [0.010952625423669815, 0.002895795740187168, -0.9999358057975769, 1.5526752471923828], [-0.35567811131477356, -0.9345852732658386, -0.006602400913834572, -0.10296630859375], [0.0, 0.0, 0.0, 1.0]]], "view": [[0.0, -2.0, 100.0], [-2.0, 0.0, 100.0], [0.0, 0.0, 1.0]], "bev": "bev_31815eedcec04d4892ae361262825ded.png", "aux": "aux_31815eedcec04d4892ae361262825ded.npz", "visibility": "visibility_31815eedcec04d4892ae361262825ded.png", "pose": [[0.08817246556282043, -0.9961051940917969, 0.0, 1231.0283203125], [0.9961051940917969, 0.08817246556282043, 0.0, 581.4298095703125], [0.0, 0.0, 1.0, 0.0], [0.0, 0.0, 0.0, 1.0]], "pose_inverse": [[0.08817246556282043, 0.9961051940917969, 0.0, -687.7080688476562], [-0.9961051940917969, 0.08817246556282043, 0.0, 1174.9676513671875], [0.0, 0.0, 1.0, 0.0], [0.0, 0.0, 0.0, 1.0]], "cam_ids": [0, 1, 2, 3, 4, 5], "cam_channels": ["CAM_FRONT_LEFT", "CAM_FRONT", "CAM_FRONT_RIGHT", "CAM_BACK_LEFT", "CAM_BACK", "CAM_BACK_RIGHT"], "token": "31815eedcec04d4892ae361262825ded", "scene": "scene-0013"}, {"images": ["samples/CAM_FRONT_LEFT/n015-2018-07-18-11-41-49+0800__CAM_FRONT_LEFT__1531885342504844.jpg", "samples/CAM_FRONT/n015-2018-07-18-11-41-49+0800__CAM_FRONT__1531885342512464.jpg", "samples/CAM_FRONT_RIGHT/n015-2018-07-18-11-41-49+0800__CAM_FRONT_RIGHT__1531885342520339.jpg", "samples/CAM_BACK_LEFT/n015-2018-07-18-11-41-49+0800__CAM_BACK_LEFT__1531885342547423.jpg", "samples/CAM_BACK/n015-2018-07-18-11-41-49+0800__CAM_BACK__1531885342537525.jpg", "samples/CAM_BACK_RIGHT/n015-2018-07-18-11-41-49+0800__CAM_BACK_RIGHT__1531885342527893.jpg"], "intrinsics": [[[1272.5979470598488, 0.0, 826.6154927353808], [0.0, 1272.5979470598488, 479.75165386361925], [0.0, 0.0, 1.0]], [[1266.417203046554, 0.0, 816.2670197447984], [0.0, 1266.417203046554, 491.50706579294757], [0.0, 0.0, 1.0]], [[1260.8474446004698, 0.0, 807.968244525554], [0.0, 1260.8474446004698, 495.3344268742088], [0.0, 0.0, 1.0]], [[1256.7414812095406, 0.0, 792.1125740759628], [0.0, 1256.7414812095406, 492.7757465151356], [0.0, 0.0, 1.0]], [[809.2209905677063, 0.0, 829.2196003259838], [0.0, 809.2209905677063, 481.77842384512485], [0.0, 0.0, 1.0]], [[1259.5137405846733, 0.0, 807.2529053838625], [0.0, 1259.5137405846733, 501.19579884916527], [0.0, 0.0, 1.0]]], "extrinsics": [[[0.819479763507843, -0.5730913877487183, -0.004382684826850891, -0.7760009765625], [-0.0052672806195914745, 0.0001155039353761822, -0.9999861121177673, 1.5070414543151855], [0.5730839371681213, 0.819491446018219, -0.002923979889601469, -1.15081787109375], [0.0, 0.0, 0.0, 1.0]], [[0.0038803238421678543, -0.99998539686203, 0.0037639886140823364, 0.0076904296875], [-0.010534893721342087, -0.003804687177762389, -0.9999372363090515, 1.5185489654541016], [0.9999369978904724, 0.003840429475530982, -0.010549502447247505, -1.50335693359375], [0.0, 0.0, 0.0, 1.0]], [[-0.833742618560791, -0.5521426796913147, -0.0034330172929912806, 0.9102096557617188], [-0.004844318609684706, 0.013531970791518688, -0.9998966455459595, 1.5029067993164062], [0.5521320700645447, -0.8336398005485535, -0.013956933282315731, -1.1658935546875], [0.0, 0.0, 0.0, 1.0]], [[0.9478393197059631, 0.3187450170516968, -0.0015124870697036386, -1.139862060546875], [0.003964472562074661, -0.016533439978957176, -0.9998554587364197, 1.588552474975586], [-0.3187239468097687, 0.947696328163147, -0.016934702172875404, -0.1038818359375], [0.0, 0.0, 0.0, 1.0]], [[0.0030138136353343725, 0.999973475933075, -0.006643205881118774, 0.002685546875], [-0.02151080034673214, -0.00657687010243535, -0.9997469782829285, 1.5781574249267578], [-0.999764084815979, 0.0031559430062770844, 0.02149040624499321, -0.0540771484375], [0.0, 0.0, 0.0, 1.0]], [[-0.9344519376754761, 0.3560148775577545, -0.0072752670384943485, 1.0352783203125], [0.011066928505897522, 0.008614695630967617, -0.9999016523361206, 1.55263352394104], [-0.35591718554496765, -0.9344406127929688, -0.011990010738372803, -0.10101318359375], [0.0, 0.0, 0.0, 1.0]]], "view": [[0.0, -2.0, 100.0], [-2.0, 0.0, 100.0], [0.0, 0.0, 1.0]], "bev": "bev_b2329c1fe1714b9bb2642b257d38755d.png", "aux": "aux_b2329c1fe1714b9bb2642b257d38755d.npz", "visibility": "visibility_b2329c1fe1714b9bb2642b257d38755d.png", "pose": [[0.07111455500125885, -0.9974681735038757, 0.0, 1231.26953125], [0.9974681735038757, 0.07111455500125885, 0.0, 584.0592651367188], [0.0, 0.0, 1.0, 0.0], [0.0, 0.0, 0.0, 1.0]], "pose_inverse": [[0.07111455500125885, 0.9974681735038757, 0.0, -670.1417236328125], [-0.9974681735038757, 0.07111455500125885, 0.0, 1186.6170654296875], [0.0, 0.0, 1.0, 0.0], [0.0, 0.0, 0.0, 1.0]], "cam_ids": [0, 1, 2, 3, 4, 5], "cam_channels": ["CAM_FRONT_LEFT", "CAM_FRONT", "CAM_FRONT_RIGHT", "CAM_BACK_LEFT", "CAM_BACK", "CAM_BACK_RIGHT"], "token": "b2329c1fe1714b9bb2642b257d38755d", "scene": "scene-0013"}, {"images": ["samples/CAM_FRONT_LEFT/n015-2018-07-18-11-41-49+0800__CAM_FRONT_LEFT__1531885342904844.jpg", "samples/CAM_FRONT/n015-2018-07-18-11-41-49+0800__CAM_FRONT__1531885342912465.jpg", "samples/CAM_FRONT_RIGHT/n015-2018-07-18-11-41-49+0800__CAM_FRONT_RIGHT__1531885342920339.jpg", "samples/CAM_BACK_LEFT/n015-2018-07-18-11-41-49+0800__CAM_BACK_LEFT__1531885342947423.jpg", "samples/CAM_BACK/n015-2018-07-18-11-41-49+0800__CAM_BACK__1531885342937525.jpg", "samples/CAM_BACK_RIGHT/n015-2018-07-18-11-41-49+0800__CAM_BACK_RIGHT__1531885342927893.jpg"], "intrinsics": [[[1272.5979470598488, 0.0, 826.6154927353808], [0.0, 1272.5979470598488, 479.75165386361925], [0.0, 0.0, 1.0]], [[1266.417203046554, 0.0, 816.2670197447984], [0.0, 1266.417203046554, 491.50706579294757], [0.0, 0.0, 1.0]], [[1260.8474446004698, 0.0, 807.968244525554], [0.0, 1260.8474446004698, 495.3344268742088], [0.0, 0.0, 1.0]], [[1256.7414812095406, 0.0, 792.1125740759628], [0.0, 1256.7414812095406, 492.7757465151356], [0.0, 0.0, 1.0]], [[809.2209905677063, 0.0, 829.2196003259838], [0.0, 809.2209905677063, 481.77842384512485], [0.0, 0.0, 1.0]], [[1259.5137405846733, 0.0, 807.2529053838625], [0.0, 1259.5137405846733, 501.19579884916527], [0.0, 0.0, 1.0]]], "extrinsics": [[[0.8198282122612, -0.5726094841957092, 0.0002725169179029763, -0.7689208984375], [-0.0017937144730240107, -0.003044052282348275, -0.9999937415122986, 1.507830262184143], [0.5726067423820496, 0.8198226094245911, -0.0035226973704993725, -1.1463623046875], [0.0, 0.0, 0.0, 1.0]], [[0.004367574583739042, -0.99996417760849, 0.007246087305247784, 0.008056640625], [-0.007100708782672882, -0.007276986259967089, -0.9999483227729797, 1.519155502319336], [0.9999651908874512, 0.004315894562751055, -0.00713223684579134, -1.4962158203125], [0.0, 0.0, 0.0, 1.0]], [[-0.8335108160972595, -0.5524874329566956, -0.004164712969213724, 0.9052658081054688], [-0.0014617503620684147, 0.009743020869791508, -0.9999514222145081, 1.503403663635254], [0.5525012016296387, -0.8334642052650452, -0.00892851036041975, -1.16259765625], [0.0, 0.0, 0.0, 1.0]], [[0.9478049278259277, 0.31885087490081787, -5.781662912340835e-05, -1.1364593505859375], [0.007052593398839235, -0.021145574748516083, -0.9997515082359314, 1.5886001586914062], [-0.3187728524208069, 0.9475690126419067, -0.022290606051683426, -0.105712890625], [0.0, 0.0, 0.0, 1.0]], [[0.002849506214261055, 0.9999355673789978, -0.010998153127729893, 0.0023193359375], [-0.018282802775502205, -0.010944265872240067, -0.9997729659080505, 1.5782665014266968], [-0.9998288154602051, 0.0030499394051730633, 0.018250439316034317, -0.05816650390625], [0.0, 0.0, 0.0, 1.0]], [[-0.9345236420631409, 0.3557041883468628, -0.011839077807962894, 1.0306396484375], [0.014400919899344444, 0.004555108491331339, -0.9998859167098999, 1.5530664920806885], [-0.3556097149848938, -0.9345874786376953, -0.009379325434565544, -0.10284423828125], [0.0, 0.0, 0.0, 1.0]]], "view": [[0.0, -2.0, 100.0], [-2.0, 0.0, 100.0], [0.0, 0.0, 1.0]], "bev": "bev_fdd3a6f8d68a4bf08f45881201d072ae.png", "aux": "aux_fdd3a6f8d68a4bf08f45881201d072ae.npz", "visibility": "visibility_fdd3a6f8d68a4bf08f45881201d072ae.png", "pose": [[0.0564233735203743, -0.9984069466590881, 0.0, 1231.4404296875], [0.9984069466590881, 0.0564233735203743, 0.0, 586.2395629882812], [0.0, 0.0, 1.0, 0.0], [0.0, 0.0, 0.0, 1.0]], "pose_inverse": [[0.0564233735203743, 0.9984069466590881, 0.0, -654.7876586914062], [-0.9984069466590881, 0.0564233735203743, 0.0, 1196.4010009765625], [0.0, 0.0, 1.0, 0.0], [0.0, 0.0, 0.0, 1.0]], "cam_ids": [0, 1, 2, 3, 4, 5], "cam_channels": ["CAM_FRONT_LEFT", "CAM_FRONT", "CAM_FRONT_RIGHT", "CAM_BACK_LEFT", "CAM_BACK", "CAM_BACK_RIGHT"], "token": "fdd3a6f8d68a4bf08f45881201d072ae", "scene": "scene-0013"}, {"images": ["samples/CAM_FRONT_LEFT/n015-2018-07-18-11-41-49+0800__CAM_FRONT_LEFT__1531885343404844.jpg", "samples/CAM_FRONT/n015-2018-07-18-11-41-49+0800__CAM_FRONT__1531885343412466.jpg", "samples/CAM_FRONT_RIGHT/n015-2018-07-18-11-41-49+0800__CAM_FRONT_RIGHT__1531885343420339.jpg", "samples/CAM_BACK_LEFT/n015-2018-07-18-11-41-49+0800__CAM_BACK_LEFT__1531885343447423.jpg", "samples/CAM_BACK/n015-2018-07-18-11-41-49+0800__CAM_BACK__1531885343437525.jpg", "samples/CAM_BACK_RIGHT/n015-2018-07-18-11-41-49+0800__CAM_BACK_RIGHT__1531885343427893.jpg"], "intrinsics": [[[1272.5979470598488, 0.0, 826.6154927353808], [0.0, 1272.5979470598488, 479.75165386361925], [0.0, 0.0, 1.0]], [[1266.417203046554, 0.0, 816.2670197447984], [0.0, 1266.417203046554, 491.50706579294757], [0.0, 0.0, 1.0]], [[1260.8474446004698, 0.0, 807.968244525554], [0.0, 1260.8474446004698, 495.3344268742088], [0.0, 0.0, 1.0]], [[1256.7414812095406, 0.0, 792.1125740759628], [0.0, 1256.7414812095406, 492.7757465151356], [0.0, 0.0, 1.0]], [[809.2209905677063, 0.0, 829.2196003259838], [0.0, 809.2209905677063, 481.77842384512485], [0.0, 0.0, 1.0]], [[1259.5137405846733, 0.0, 807.2529053838625], [0.0, 1259.5137405846733, 501.19579884916527], [0.0, 0.0, 1.0]]], "extrinsics": [[[0.8199423551559448, -0.5724429488182068, -0.0019178733928129077, -0.7562255859375], [-0.008312541991472244, -0.0085564274340868, -0.9999288320541382, 1.5061883926391602], [0.5723857879638672, 0.8198999762535095, -0.011774233542382717, -1.1395263671875], [0.0, 0.0, 0.0, 1.0]], [[0.004579028580337763, -0.9999088048934937, 0.01270321011543274, 0.00927734375], [-0.013544127345085144, -0.012764194048941135, -0.9998268485069275, 1.5177617073059082], [0.9998977184295654, 0.004406180698424578, -0.013601338490843773, -1.48468017578125], [0.0, 0.0, 0.0, 1.0]], [[-0.8334435224533081, -0.552588939666748, 0.004160401411354542, 0.8983917236328125], [-0.007830632850527763, 0.004281945060938597, -0.9999601244926453, 1.5023612976074219], [0.5525490641593933, -0.8334429264068604, -0.007895879447460175, -1.1568603515625], [0.0, 0.0, 0.0, 1.0]], [[0.9476376175880432, 0.31926122307777405, -0.007426869124174118, -1.13433837890625], [0.0011784628732129931, -0.02675226703286171, -0.9996413588523865, 1.5885868072509766], [-0.3193454146385193, 0.9472891092300415, -0.025727692991495132, -0.107177734375], [0.0, 0.0, 0.0, 1.0]], [[0.0025354288518428802, 0.999860405921936, -0.016519391909241676, 0.0018310546875], [-0.024398377165198326, -0.016452675685286522, -0.999566912651062, 1.5778107643127441], [-0.9996991753578186, 0.002937380922958255, 0.024353252723813057, -0.062255859375], [0.0, 0.0, 0.0, 1.0]], [[-0.9346202611923218, 0.35555922985076904, -0.007910264655947685, 1.02459716796875], [0.00812169723212719, -0.000898017839062959, -0.9999666213989258, 1.5524158477783203], [-0.355554461479187, -0.9346534013748169, -0.0020484398119151592, -0.10406494140625], [0.0, 0.0, 0.0, 1.0]]], "view": [[0.0, -2.0, 100.0], [-2.0, 0.0, 100.0], [0.0, 0.0, 1.0]], "bev": "bev_10ad8522733c4c47bcf7dc32cb38762f.png", "aux": "aux_10ad8522733c4c47bcf7dc32cb38762f.npz", "visibility": "visibility_10ad8522733c4c47bcf7dc32cb38762f.png", "pose": [[0.035221025347709656, -0.999379575252533, 0.0, 1231.58544921875], [0.999379575252533, 0.035221025347709656, 0.0, 589.0067138671875], [0.0, 0.0, 1.0, 0.0], [0.0, 0.0, 0.0, 1.0]], "pose_inverse": [[0.035221025347709656, 0.999379575252533, 0.0, -632.0189819335938], [-0.999379575252533, 0.035221025347709656, 0.0, 1210.075927734375], [0.0, 0.0, 1.0, 0.0], [0.0, 0.0, 0.0, 1.0]], "cam_ids": [0, 1, 2, 3, 4, 5], "cam_channels": ["CAM_FRONT_LEFT", "CAM_FRONT", "CAM_FRONT_RIGHT", "CAM_BACK_LEFT", "CAM_BACK", "CAM_BACK_RIGHT"], "token": "10ad8522733c4c47bcf7dc32cb38762f", "scene": "scene-0013"}, {"images": ["samples/CAM_FRONT_LEFT/n015-2018-07-18-11-41-49+0800__CAM_FRONT_LEFT__1531885343904844.jpg", "samples/CAM_FRONT/n015-2018-07-18-11-41-49+0800__CAM_FRONT__1531885343912466.jpg", "samples/CAM_FRONT_RIGHT/n015-2018-07-18-11-41-49+0800__CAM_FRONT_RIGHT__1531885343920339.jpg", "samples/CAM_BACK_LEFT/n015-2018-07-18-11-41-49+0800__CAM_BACK_LEFT__1531885343947423.jpg", "samples/CAM_BACK/n015-2018-07-18-11-41-49+0800__CAM_BACK__1531885343937525.jpg", "samples/CAM_BACK_RIGHT/n015-2018-07-18-11-41-49+0800__CAM_BACK_RIGHT__1531885343927893.jpg"], "intrinsics": [[[1272.5979470598488, 0.0, 826.6154927353808], [0.0, 1272.5979470598488, 479.75165386361925], [0.0, 0.0, 1.0]], [[1266.417203046554, 0.0, 816.2670197447984], [0.0, 1266.417203046554, 491.50706579294757], [0.0, 0.0, 1.0]], [[1260.8474446004698, 0.0, 807.968244525554], [0.0, 1260.8474446004698, 495.3344268742088], [0.0, 0.0, 1.0]], [[1256.7414812095406, 0.0, 792.1125740759628], [0.0, 1256.7414812095406, 492.7757465151356], [0.0, 0.0, 1.0]], [[809.2209905677063, 0.0, 829.2196003259838], [0.0, 809.2209905677063, 481.77842384512485], [0.0, 0.0, 1.0]], [[1259.5137405846733, 0.0, 807.2529053838625], [0.0, 1259.5137405846733, 501.19579884916527], [0.0, 0.0, 1.0]]], "extrinsics": [[[0.819661557674408, -0.572845995426178, 0.001547024818137288, -0.757568359375], [-0.007960468530654907, -0.01409054733812809, -0.9998689889907837, 1.506291389465332], [0.572792649269104, 0.819541871547699, -0.01610960252583027, -1.13885498046875], [0.0, 0.0, 0.0, 1.0]], [[0.004181948024779558, -0.999823808670044, 0.01829477772116661, 0.0081787109375], [-0.01336316205561161, -0.0183491762727499, -0.9997423887252808, 1.5178003311157227], [0.9999019503593445, 0.003936395514756441, -0.013437543995678425, -1.4847412109375], [0.0, 0.0, 0.0, 1.0]], [[-0.8336107134819031, -0.5523044466972351, 0.007270349655300379, 0.89764404296875], [-0.00781908631324768, -0.001361651229672134, -0.9999684691429138, 1.5023751258850098], [0.5522969961166382, -0.8336413502693176, -0.0031834293622523546, -1.1571044921875], [0.0, 0.0, 0.0, 1.0]], [[0.9477056860923767, 0.31899315118789673, -0.00985862035304308, -1.1373291015625], [0.0005040947580710053, -0.032386843115091324, -0.9994753003120422, 1.5885467529296875], [-0.3191450238227844, 0.9472034573554993, -0.03085399977862835, -0.1053466796875], [0.0, 0.0, 0.0, 1.0]], [[0.002723482670262456, 0.9997500777244568, -0.02218998223543167, 0.0023193359375], [-0.024812916293740273, -0.022115668281912804, -0.9994474649429321, 1.5777931213378906], [-0.9996883869171143, 0.003272576490417123, 0.0247464831918478, -0.0616455078125], [0.0, 0.0, 0.0, 1.0]], [[-0.9345453977584839, 0.3557097911834717, -0.009769500233232975, 1.02386474609375], [0.007952144369482994, -0.0065709250047802925, -0.9999467730522156, 1.552412986755371], [-0.355755090713501, -0.9345733523368835, 0.0033121698070317507, -0.10516357421875], [0.0, 0.0, 0.0, 1.0]]], "view": [[0.0, -2.0, 100.0], [-2.0, 0.0, 100.0], [0.0, 0.0, 1.0]], "bev": "bev_5dd248af969c406f9812c24fe4498974.png", "aux": "aux_5dd248af969c406f9812c24fe4498974.npz", "visibility": "visibility_5dd248af969c406f9812c24fe4498974.png", "pose": [[0.007418677676469088, -0.9999724626541138, 0.0, 1231.6676025390625], [0.9999724626541138, 0.007418677676469088, 0.0, 591.8321533203125], [0.0, 0.0, 1.0, 0.0], [0.0, 0.0, 0.0, 1.0]], "pose_inverse": [[0.007418677676469088, 0.9999724626541138, 0.0, -600.9531860351562], [-0.9999724626541138, 0.007418677676469088, 0.0, 1227.2430419921875], [0.0, 0.0, 1.0, 0.0], [0.0, 0.0, 0.0, 1.0]], "cam_ids": [0, 1, 2, 3, 4, 5], "cam_channels": ["CAM_FRONT_LEFT", "CAM_FRONT", "CAM_FRONT_RIGHT", "CAM_BACK_LEFT", "CAM_BACK", "CAM_BACK_RIGHT"], "token": "5dd248af969c406f9812c24fe4498974", "scene": "scene-0013"}, {"images": ["samples/CAM_FRONT_LEFT/n015-2018-07-18-11-41-49+0800__CAM_FRONT_LEFT__1531885344404844.jpg", "samples/CAM_FRONT/n015-2018-07-18-11-41-49+0800__CAM_FRONT__1531885344412467.jpg", "samples/CAM_FRONT_RIGHT/n015-2018-07-18-11-41-49+0800__CAM_FRONT_RIGHT__1531885344420339.jpg", "samples/CAM_BACK_LEFT/n015-2018-07-18-11-41-49+0800__CAM_BACK_LEFT__1531885344447423.jpg", "samples/CAM_BACK/n015-2018-07-18-11-41-49+0800__CAM_BACK__1531885344437525.jpg", "samples/CAM_BACK_RIGHT/n015-2018-07-18-11-41-49+0800__CAM_BACK_RIGHT__1531885344427893.jpg"], "intrinsics": [[[1272.5979470598488, 0.0, 826.6154927353808], [0.0, 1272.5979470598488, 479.75165386361925], [0.0, 0.0, 1.0]], [[1266.417203046554, 0.0, 816.2670197447984], [0.0, 1266.417203046554, 491.50706579294757], [0.0, 0.0, 1.0]], [[1260.8474446004698, 0.0, 807.968244525554], [0.0, 1260.8474446004698, 495.3344268742088], [0.0, 0.0, 1.0]], [[1256.7414812095406, 0.0, 792.1125740759628], [0.0, 1256.7414812095406, 492.7757465151356], [0.0, 0.0, 1.0]], [[809.2209905677063, 0.0, 829.2196003259838], [0.0, 809.2209905677063, 481.77842384512485], [0.0, 0.0, 1.0]], [[1259.5137405846733, 0.0, 807.2529053838625], [0.0, 1259.5137405846733, 501.19579884916527], [0.0, 0.0, 1.0]]], "extrinsics": [[[0.8198993802070618, -0.5723977088928223, 0.011219714768230915, -0.745849609375], [-0.001958078471943736, -0.02240104228258133, -0.9997471570968628, 1.5077705383300781], [0.5725042819976807, 0.8196700811386108, -0.019487399607896805, -1.12957763671875], [0.0, 0.0, 0.0, 1.0]], [[0.004451693035662174, -0.9996382594108582, 0.026522353291511536, 0.0076904296875], [-0.00715757766738534, -0.026553789153695107, -0.9996218085289001, 1.5190048217773438], [0.9999644160270691, 0.004260174464434385, -0.00727319810539484, -1.47247314453125], [0.0, 0.0, 0.0, 1.0]], [[-0.8334736824035645, -0.5525220632553101, 0.006399494130164385, 0.889373779296875], [-0.0014089453034102917, -0.009456423111259937, -0.9999542832374573, 1.5034151077270508], [0.5525573492050171, -0.8334445953369141, 0.007103207986801863, -1.15234375], [0.0, 0.0, 0.0, 1.0]], [[0.9477259516716003, 0.31903496384620667, -0.0056722527369856834, -1.13507080078125], [0.007565406616777182, -0.04023831710219383, -0.999161422252655, 1.5886421203613281], [-0.3189956545829773, 0.9468883872032166, -0.040548522025346756, -0.10693359375], [0.0, 0.0, 0.0, 1.0]], [[0.0027302028611302376, 0.9995435476303101, -0.030086921527981758, 0.0023193359375], [-0.017955897375941277, -0.030033178627490997, -0.9993876218795776, 1.578155517578125], [-0.9998350143432617, 0.0032687673810869455, 0.017865704372525215, -0.06610107421875], [0.0, 0.0, 0.0, 1.0]], [[-0.9345396161079407, 0.3553624749183655, -0.018795132637023926, 1.017578125], [0.014567791484296322, -0.014568131417036057, -0.9997877478599548, 1.553304672241211], [-0.35556089878082275, -0.9346150159835815, 0.008437647484242916, -0.107666015625], [0.0, 0.0, 0.0, 1.0]]], "view": [[0.0, -2.0, 100.0], [-2.0, 0.0, 100.0], [0.0, 0.0, 1.0]], "bev": "bev_e30a3a964a2e44f29009b76f096acdaa.png", "aux": "aux_e30a3a964a2e44f29009b76f096acdaa.npz", "visibility": "visibility_e30a3a964a2e44f29009b76f096acdaa.png", "pose": [[-0.01954849436879158, -0.9998089075088501, 0.0, 1231.6650390625], [0.9998089075088501, -0.01954849436879158, 0.0, 594.8388061523438], [0.0, 0.0, 1.0, 0.0], [0.0, 0.0, 0.0, 1.0]], "pose_inverse": [[-0.01954849436879158, 0.9998089075088501, 0.0, -570.64794921875], [-0.9998089075088501, -0.01954849436879158, 0.0, 1243.057861328125], [0.0, 0.0, 1.0, 0.0], [0.0, 0.0, 0.0, 1.0]], "cam_ids": [0, 1, 2, 3, 4, 5], "cam_channels": ["CAM_FRONT_LEFT", "CAM_FRONT", "CAM_FRONT_RIGHT", "CAM_BACK_LEFT", "CAM_BACK", "CAM_BACK_RIGHT"], "token": "e30a3a964a2e44f29009b76f096acdaa", "scene": "scene-0013"}, {"images": ["samples/CAM_FRONT_LEFT/n015-2018-07-18-11-41-49+0800__CAM_FRONT_LEFT__1531885344904844.jpg", "samples/CAM_FRONT/n015-2018-07-18-11-41-49+0800__CAM_FRONT__1531885344912464.jpg", "samples/CAM_FRONT_RIGHT/n015-2018-07-18-11-41-49+0800__CAM_FRONT_RIGHT__1531885344920339.jpg", "samples/CAM_BACK_LEFT/n015-2018-07-18-11-41-49+0800__CAM_BACK_LEFT__1531885344947423.jpg", "samples/CAM_BACK/n015-2018-07-18-11-41-49+0800__CAM_BACK__1531885344937525.jpg", "samples/CAM_BACK_RIGHT/n015-2018-07-18-11-41-49+0800__CAM_BACK_RIGHT__1531885344927893.jpg"], "intrinsics": [[[1272.5979470598488, 0.0, 826.6154927353808], [0.0, 1272.5979470598488, 479.75165386361925], [0.0, 0.0, 1.0]], [[1266.417203046554, 0.0, 816.2670197447984], [0.0, 1266.417203046554, 491.50706579294757], [0.0, 0.0, 1.0]], [[1260.8474446004698, 0.0, 807.968244525554], [0.0, 1260.8474446004698, 495.3344268742088], [0.0, 0.0, 1.0]], [[1256.7414812095406, 0.0, 792.1125740759628], [0.0, 1256.7414812095406, 492.7757465151356], [0.0, 0.0, 1.0]], [[809.2209905677063, 0.0, 829.2196003259838], [0.0, 809.2209905677063, 481.77842384512485], [0.0, 0.0, 1.0]], [[1259.5137405846733, 0.0, 807.2529053838625], [0.0, 1259.5137405846733, 501.19579884916527], [0.0, 0.0, 1.0]]], "extrinsics": [[[0.820208728313446, -0.5718308687210083, 0.016344686970114708, -0.726318359375], [-0.0014975630911067128, -0.03071759268641472, -0.9995269775390625, 1.5078392028808594], [0.5720624327659607, 0.8197962045669556, -0.026051191613078117, -1.114990234375], [0.0, 0.0, 0.0, 1.0]], [[0.004903112538158894, -0.9993811249732971, 0.03483063355088234, 0.0069580078125], [-0.006684542167931795, -0.03486303240060806, -0.9993698000907898, 1.5189476013183594], [0.9999655485153198, 0.004667204804718494, -0.006851342972368002, -1.451416015625], [0.0, 0.0, 0.0, 1.0]], [[-0.8332793712615967, -0.5527505874633789, 0.010592404752969742, 0.8740692138671875], [-0.0009302410762757063, -0.01775769516825676, -0.9998418092727661, 1.5034770965576172], [0.5528512597084045, -0.833157479763031, 0.014282931573688984, -1.14306640625], [0.0, 0.0, 0.0, 1.0]], [[0.9477059245109558, 0.3190467655658722, -0.007905851118266582, -1.1297454833984375], [0.00802414771169424, -0.048584695905447006, -0.9987868070602417, 1.5886611938476562], [-0.3190437853336334, 0.9464927315711975, -0.0486040934920311, -0.10791015625], [0.0, 0.0, 0.0, 1.0]], [