[{"images": ["samples/CAM_FRONT_LEFT/n008-2018-08-29-16-04-13-0400__CAM_FRONT_LEFT__1535573174854799.jpg", "samples/CAM_FRONT/n008-2018-08-29-16-04-13-0400__CAM_FRONT__1535573174862404.jpg", "samples/CAM_FRONT_RIGHT/n008-2018-08-29-16-04-13-0400__CAM_FRONT_RIGHT__1535573174870482.jpg", "samples/CAM_BACK_LEFT/n008-2018-08-29-16-04-13-0400__CAM_BACK_LEFT__1535573174897405.jpg", "samples/CAM_BACK/n008-2018-08-29-16-04-13-0400__CAM_BACK__1535573174887558.jpg", "samples/CAM_BACK_RIGHT/n008-2018-08-29-16-04-13-0400__CAM_BACK_RIGHT__1535573174878113.jpg"], "intrinsics": [[[1257.8625342125129, 0.0, 827.2410631095686], [0.0, 1257.8625342125129, 450.915498205774], [0.0, 0.0, 1.0]], [[1252.8131021185304, 0.0, 826.588114781398], [0.0, 1252.8131021185304, 469.9846626224581], [0.0, 0.0, 1.0]], [[1256.7485116440405, 0.0, 817.7887570959712], [0.0, 1256.7485116440403, 451.9541780095127], [0.0, 0.0, 1.0]], [[1254.9860565800168, 0.0, 829.5769333630991], [0.0, 1254.9860565800168, 467.1680561863987], [0.0, 0.0, 1.0]], [[796.8910634503094, 0.0, 857.7774326863696], [0.0, 796.8910634503094, 476.8848988407415], [0.0, 0.0, 1.0]], [[1249.9629280788233, 0.0, 825.3768045375984], [0.0, 1249.9629280788233, 462.54816385708756], [0.0, 0.0, 1.0]]], "extrinsics": [[[0.8219957947731018, -0.5690731406211853, -0.02188326045870781, -0.71429443359375], [0.009802678599953651, 0.05255866423249245, -0.9985697269439697, 1.4916305541992188], [0.5694093108177185, 0.8206055760383606, 0.04878143593668938, -1.1346435546875], [0.0, 0.0, 0.0, 1.0]], [[0.009360318072140217, -0.9987813234329224, -0.048458412289619446, 0.0098876953125], [0.011788835749030113, 0.04856739565730095, -0.9987503290176392, 1.4835128784179688], [0.999886691570282, 0.008777376264333725, 0.012229075655341148, -1.4429931640625], [0.0, 0.0, 0.0, 1.0]], [[-0.8443503379821777, -0.5344316363334656, -0.038150615990161896, 0.89892578125], [0.01977628469467163, 0.04006947949528694, -0.999001145362854, 1.497528076171875], [0.5354264974594116, -0.8442614078521729, -0.023263609036803246, -1.1544189453125], [0.0, 0.0, 0.0, 1.0]], [[0.9479495882987976, 0.31816980242729187, 0.012634290382266045, -1.1297607421875], [-0.005436762236058712, 0.05584491044282913, -0.9984246492385864, 1.5619430541992188], [-0.3183741569519043, 0.9463875889778137, 0.05466797202825546, -0.1612548828125], [0.0, 0.0, 0.0, 1.0]], [[0.009628333151340485, 0.9987958669662476, 0.04810544475913048, -0.0284423828125], [-0.003462050575762987, 0.04814068600535393, -0.998834490776062, 1.5677032470703125], [-0.9999476671218872, 0.009450551122426987, 0.00392139470204711, -0.048614501953125], [0.0, 0.0, 0.0, 1.0]], [[-0.9234700202941895, 0.3835636377334595, 0.009061021730303764, 1.005523681640625], [0.000670087116304785, 0.025229040533304214, -0.9996814727783203, 1.5479011535644531], [-0.383669912815094, -0.9231698513031006, -0.02355528250336647, -0.10693359375], [0.0, 0.0, 0.0, 1.0]]], "view": [[0.0, -2.0, 100.0], [-2.0, 0.0, 100.0], [0.0, 0.0, 1.0]], "bev": "bev_d6bff61e442244b09c0d7d8c9a6de08b.png", "aux": "aux_d6bff61e442244b09c0d7d8c9a6de08b.npz", "visibility": "visibility_d6bff61e442244b09c0d7d8c9a6de08b.png", "pose": [[-0.7242162823677063, -0.6895729303359985, 0.0, 1533.44140625], [0.6895729303359985, -0.7242162823677063, 0.0, 850.1526489257812], [0.0, 0.0, 1.0, 0.0], [0.0, 0.0, 0.0, 1.0]], "pose_inverse": [[-0.7242162823677063, 0.6895729303359985, 0.0, 524.3009643554688], [-0.6895729303359985, -0.7242162823677063, 0.0, 1673.114013671875], [0.0, 0.0, 1.0, 0.0], [0.0, 0.0, 0.0, 1.0]], "cam_ids": [0, 1, 2, 3, 4, 5], "cam_channels": ["CAM_FRONT_LEFT", "CAM_FRONT", "CAM_FRONT_RIGHT", "CAM_BACK_LEFT", "CAM_BACK", "CAM_BACK_RIGHT"], "token": "d6bff61e442244b09c0d7d8c9a6de08b", "scene": "scene-0701"}, {"images": ["samples/CAM_FRONT_LEFT/n008-2018-08-29-16-04-13-0400__CAM_FRONT_LEFT__1535573175354799.jpg", "samples/CAM_FRONT/n008-2018-08-29-16-04-13-0400__CAM_FRONT__1535573175362404.jpg", "samples/CAM_FRONT_RIGHT/n008-2018-08-29-16-04-13-0400__CAM_FRONT_RIGHT__1535573175370482.jpg", "samples/CAM_BACK_LEFT/n008-2018-08-29-16-04-13-0400__CAM_BACK_LEFT__1535573175397405.jpg", "samples/CAM_BACK/n008-2018-08-29-16-04-13-0400__CAM_BACK__1535573175387558.jpg", "samples/CAM_BACK_RIGHT/n008-2018-08-29-16-04-13-0400__CAM_BACK_RIGHT__1535573175378113.jpg"], "intrinsics": [[[1257.8625342125129, 0.0, 827.2410631095686], [0.0, 1257.8625342125129, 450.915498205774], [0.0, 0.0, 1.0]], [[1252.8131021185304, 0.0, 826.588114781398], [0.0, 1252.8131021185304, 469.9846626224581], [0.0, 0.0, 1.0]], [[1256.7485116440405, 0.0, 817.7887570959712], [0.0, 1256.7485116440403, 451.9541780095127], [0.0, 0.0, 1.0]], [[1254.9860565800168, 0.0, 829.5769333630991], [0.0, 1254.9860565800168, 467.1680561863987], [0.0, 0.0, 1.0]], [[796.8910634503094, 0.0, 857.7774326863696], [0.0, 796.8910634503094, 476.8848988407415], [0.0, 0.0, 1.0]], [[1249.9629280788233, 0.0, 825.3768045375984], [0.0, 1249.9629280788233, 462.54816385708756], [0.0, 0.0, 1.0]]], "extrinsics": [[[0.8213889002799988, -0.5700766444206238, -0.018244178965687752, -0.697509765625], [0.009721091948449612, 0.04597420617938042, -0.9988952875137329, 1.4918289184570312], [0.5702856779098511, 0.8203042149543762, 0.04330446943640709, -1.122314453125], [0.0, 0.0, 0.0, 1.0]], [[0.008589513599872589, -0.9990974068641663, -0.04160216450691223, 0.0096435546875], [0.01158059760928154, 0.041700299829244614, -0.9990630745887756, 1.4836959838867188], [0.9998961091041565, 0.008099650032818317, 0.01192832924425602, -1.42462158203125], [0.0, 0.0, 0.0, 1.0]], [[-0.8446661829948425, -0.5342099666595459, -0.03404056280851364, 0.885986328125], [0.01949423737823963, 0.03285149484872818, -0.9992700815200806, 1.497772216796875], [0.5349382758140564, -0.8447132110595703, -0.017334530130028725, -1.146484375], [0.0, 0.0, 0.0, 1.0]], [[0.9479404091835022, 0.3183032274246216, 0.009603926911950111, -1.1258544921875], [-0.00592636875808239, 0.04778660461306572, -0.9988399744033813, 1.561920166015625], [-0.31839290261268616, 0.946783721446991, 0.047185227274894714, -0.162353515625], [0.0, 0.0, 0.0, 1.0]], [[0.009822273626923561, 0.9991405010223389, 0.0402722992002964, -0.0281982421875], [-0.003805872518569231, 0.0403113029897213, -0.9991798996925354, 1.567657470703125], [-0.9999445676803589, 0.009660952724516392, 0.004198550712317228, -0.0567626953125], [0.0, 0.0, 0.0, 1.0]], [[-0.9233177900314331, 0.38398322463035583, 0.0064264144748449326, 0.9944000244140625], [0.00040279337554238737, 0.01770211197435856, -0.9998432397842407, 1.5478687286376953], [-0.3840367794036865, -0.9231703877449036, -0.016499338671565056, -0.11181640625], [0.0, 0.0, 0.0, 1.0]]], "view": [[0.0, -2.0, 100.0], [-2.0, 0.0, 100.0], [0.0, 0.0, 1.0]], "bev": "bev_134cde1062ce44a28d30d9a78c5c77fe.png", "aux": "aux_134cde1062ce44a28d30d9a78c5c77fe.npz", "visibility": "visibility_134cde1062ce44a28d30d9a78c5c77fe.png", "pose": [[-0.735234260559082, -0.6778131127357483, 0.0, 1530.509033203125], [0.6778131127357483, -0.735234260559082, 0.0, 852.9397583007812], [0.0, 0.0, 1.0, 0.0], [0.0, 0.0, 0.0, 1.0]], "pose_inverse": [[-0.735234260559082, 0.6778131127357483, 0.0, 547.14892578125], [-0.6778131127357483, -0.735234260559082, 0.0, 1664.5096435546875], [0.0, 0.0, 1.0, 0.0], [0.0, 0.0, 0.0, 1.0]], "cam_ids": [0, 1, 2, 3, 4, 5], "cam_channels": ["CAM_FRONT_LEFT", "CAM_FRONT", "CAM_FRONT_RIGHT", "CAM_BACK_LEFT", "CAM_BACK", "CAM_BACK_RIGHT"], "token": "134cde1062ce44a28d30d9a78c5c77fe", "scene": "scene-0701"}, {"images": ["samples/CAM_FRONT_LEFT/n008-2018-08-29-16-04-13-0400__CAM_FRONT_LEFT__1535573175854799.jpg", "samples/CAM_FRONT/n008-2018-08-29-16-04-13-0400__CAM_FRONT__1535573175862404.jpg", "samples/CAM_FRONT_RIGHT/n008-2018-08-29-16-04-13-0400__CAM_FRONT_RIGHT__1535573175870482.jpg", "samples/CAM_BACK_LEFT/n008-2018-08-29-16-04-13-0400__CAM_BACK_LEFT__1535573175897405.jpg", "samples/CAM_BACK/n008-2018-08-29-16-04-13-0400__CAM_BACK__1535573175887558.jpg", "samples/CAM_BACK_RIGHT/n008-2018-08-29-16-04-13-0400__CAM_BACK_RIGHT__1535573175878113.jpg"], "intrinsics": [[[1257.8625342125129, 0.0, 827.2410631095686], [0.0, 1257.8625342125129, 450.915498205774], [0.0, 0.0, 1.0]], [[1252.8131021185304, 0.0, 826.588114781398], [0.0, 1252.8131021185304, 469.9846626224581], [0.0, 0.0, 1.0]], [[1256.7485116440405, 0.0, 817.7887570959712], [0.0, 1256.7485116440403, 451.9541780095127], [0.0, 0.0, 1.0]], [[1254.9860565800168, 0.0, 829.5769333630991], [0.0, 1254.9860565800168, 467.1680561863987], [0.0, 0.0, 1.0]], [[796.8910634503094, 0.0, 857.7774326863696], [0.0, 796.8910634503094, 476.8848988407415], [0.0, 0.0, 1.0]], [[1249.9629280788233, 0.0, 825.3768045375984], [0.0, 1249.9629280788233, 462.54816385708756], [0.0, 0.0, 1.0]]], "extrinsics": [[[0.8208475112915039, -0.570885419845581, -0.017293820157647133, -0.698394775390625], [0.0110778221860528, 0.046187035739421844, -0.9988713264465332, 1.4922714233398438], [0.5710398554801941, 0.8197295069694519, 0.0442366860806942, -1.1236572265625], [0.0, 0.0, 0.0, 1.0]], [[0.00782107561826706, -0.9990863800048828, -0.04201235994696617, 0.010009765625], [0.013219266198575497, 0.042113278061151505, -0.9990254044532776, 1.4841384887695312], [0.9998820424079895, 0.007258085999637842, 0.013536558486521244, -1.42626953125], [0.0, 0.0, 0.0, 1.0]], [[-0.8449432849884033, -0.533649206161499, -0.03590724617242813, 0.8873291015625], [0.021331625059247017, 0.03345821052789688, -0.9992124438285828, 1.4981689453125], [0.5344304442405701, -0.8450438380241394, -0.01688668504357338, -1.146728515625], [0.0, 0.0, 0.0, 1.0]], [[0.9479674696922302, 0.31813785433769226, 0.012081743218004704, -1.1265869140625], [-0.0036099243443459272, 0.04868778586387634, -0.9988075494766235, 1.5619735717773438], [-0.31834664940834045, 0.9467933773994446, 0.04730289429426193, -0.162109375], [0.0, 0.0, 0.0, 1.0]], [[0.010032772086560726, 0.999101996421814, 0.04116543382406235, -0.028564453125], [-0.0016303283628076315, 0.04118379205465317, -0.9991502165794373, 1.5678634643554688], [-0.9999483227729797, 0.009957187809050083, 0.0020420546643435955, -0.055908203125], [0.0, 0.0, 0.0, 1.0]], [[-0.9231556057929993, 0.3843950629234314, 0.004914500284940004, 0.9954681396484375], [0.0023683763574808836, 0.018470652401447296, -0.9998265504837036, 1.5482120513916016], [-0.3844190835952759, -0.9229838848114014, -0.01796167902648449, -0.111083984375], [0.0, 0.0, 0.0, 1.0]]], "view": [[0.0, -2.0, 100.0], [-2.0, 0.0, 100.0], [0.0, 0.0, 1.0]], "bev": "bev_93377f3af40047458d3544ae7f234b54.png", "aux": "aux_93377f3af40047458d3544ae7f234b54.npz", "visibility": "visibility_93377f3af40047458d3544ae7f234b54.png", "pose": [[-0.7567856311798096, -0.6536630988121033, 0.0, 1527.3992919921875], [0.6536630988121033, -0.7567856311798096, 0.0, 855.7671508789062], [0.0, 0.0, 1.0, 0.0], [0.0, 0.0, 0.0, 1.0]], "pose_inverse": [[-0.7567856311798096, 0.6536630988121033, 0.0, 596.5304565429688], [-0.6536630988121033, -0.7567856311798096, 0.0, 1646.036865234375], [0.0, 0.0, 1.0, 0.0], [0.0, 0.0, 0.0, 1.0]], "cam_ids": [0, 1, 2, 3, 4, 5], "cam_channels": ["CAM_FRONT_LEFT", "CAM_FRONT", "CAM_FRONT_RIGHT", "CAM_BACK_LEFT", "CAM_BACK", "CAM_BACK_RIGHT"], "token": "93377f3af40047458d3544ae7f234b54", "scene": "scene-0701"}, {"images": ["samples/CAM_FRONT_LEFT/n008-2018-08-29-16-04-13-0400__CAM_FRONT_LEFT__1535573176354799.jpg", "samples/CAM_FRONT/n008-2018-08-29-16-04-13-0400__CAM_FRONT__1535573176362404.jpg", "samples/CAM_FRONT_RIGHT/n008-2018-08-29-16-04-13-0400__CAM_FRONT_RIGHT__1535573176370482.jpg", "samples/CAM_BACK_LEFT/n008-2018-08-29-16-04-13-0400__CAM_BACK_LEFT__1535573176397405.jpg", "samples/CAM_BACK/n008-2018-08-29-16-04-13-0400__CAM_BACK__1535573176387558.jpg", "samples/CAM_BACK_RIGHT/n008-2018-08-29-16-04-13-0400__CAM_BACK_RIGHT__1535573176378113.jpg"], "intrinsics": [[[1257.8625342125129, 0.0, 827.2410631095686], [0.0, 1257.8625342125129, 450.915498205774], [0.0, 0.0, 1.0]], [[1252.8131021185304, 0.0, 826.588114781398], [0.0, 1252.8131021185304, 469.9846626224581], [0.0, 0.0, 1.0]], [[1256.7485116440405, 0.0, 817.7887570959712], [0.0, 1256.7485116440403, 451.9541780095127], [0.0, 0.0, 1.0]], [[1254.9860565800168, 0.0, 829.5769333630991], [0.0, 1254.9860565800168, 467.1680561863987], [0.0, 0.0, 1.0]], [[796.8910634503094, 0.0, 857.7774326863696], [0.0, 796.8910634503094, 476.8848988407415], [0.0, 0.0, 1.0]], [[1249.9629280788233, 0.0, 825.3768045375984], [0.0, 1249.9629280788233, 462.54816385708756], [0.0, 0.0, 1.0]]], "extrinsics": [[[0.8217141628265381, -0.5696668028831482, -0.01629416085779667, -0.69525146484375], [0.010444296523928642, 0.043639495968818665, -0.9989927411079407, 1.4921112060546875], [0.5698041319847107, 0.8207162618637085, 0.04180896282196045, -1.1214599609375], [0.0, 0.0, 0.0, 1.0]], [[0.009119095280766487, -0.9991829991340637, -0.039371881633996964, 0.0103759765625], [0.012260256335139275, 0.03948228061199188, -0.9991450905799866, 1.4838943481445312], [0.9998831748962402, 0.008628572337329388, 0.012610279954969883, -1.4241943359375], [0.0, 0.0, 0.0, 1.0]], [[-0.844400942325592, -0.5346640348434448, -0.03348784148693085, 0.887451171875], [0.020149990916252136, 0.030767949298024178, -0.9993234276771545, 1.4978790283203125], [0.5353326797485352, -0.8445044755935669, -0.015207012183964252, -1.146484375], [0.0, 0.0, 0.0, 1.0]], [[0.9479461908340454, 0.318295955657959, 0.009254581294953823, -1.1318359375], [-0.005673571024090052, 0.045941200107336044, -0.9989280700683594, 1.5619583129882812], [-0.3183799684047699, 0.9468774795532227, 0.0453556627035141, -0.160400390625], [0.0, 0.0, 0.0, 1.0]], [[0.009590898640453815, 0.9992174506187439, 0.038372933864593506, -0.0286865234375], [-0.0033955739345401525, 0.038407016545534134, -0.999256432056427, 1.5676956176757812], [-0.999948263168335, 0.009453526698052883, 0.0037612738087773323, -0.05230712890625], [0.0, 0.0, 0.0, 1.0]], [[-0.9234777688980103, 0.3836173713207245, 0.005141335539519787, 0.9967155456542969], [0.0009604714578017592, 0.015712717548012733, -0.999876081943512, 1.5479564666748047], [-0.3836505711078644, -0.9233583807945251, -0.014878800138831139, -0.110107421875], [0.0, 0.0, 0.0, 1.0]]], "view": [[0.0, -2.0, 100.0], [-2.0, 0.0, 100.0], [0.0, 0.0, 1.0]], "bev": "bev_a9718ac2270b4ecba5e0b26937418da5.png", "aux": "aux_a9718ac2270b4ecba5e0b26937418da5.npz", "visibility": "visibility_a9718ac2270b4ecba5e0b26937418da5.png", "pose": [[-0.768273651599884, -0.6401215195655823, 0.0, 1524.21142578125], [0.6401215195655823, -0.768273651599884, 0.0, 858.5028076171875], [0.0, 0.0, 1.0, 0.0], [0.0, 0.0, 0.0, 1.0]], "pose_inverse": [[-0.768273651599884, 0.6401215195655823, 0.0, 621.4653930664062], [-0.6401215195655823, -0.768273651599884, 0.0, 1635.24560546875], [0.0, 0.0, 1.0, 0.0], [0.0, 0.0, 0.0, 1.0]], "cam_ids": [0, 1, 2, 3, 4, 5], "cam_channels": ["CAM_FRONT_LEFT", "CAM_FRONT", "CAM_FRONT_RIGHT", "CAM_BACK_LEFT", "CAM_BACK", "CAM_BACK_RIGHT"], "token": "a9718ac2270b4ecba5e0b26937418da5", "scene": "scene-0701"}, {"images": ["samples/CAM_FRONT_LEFT/n008-2018-08-29-16-04-13-0400__CAM_FRONT_LEFT__1535573176904799.jpg", "samples/CAM_FRONT/n008-2018-08-29-16-04-13-0400__CAM_FRONT__1535573176912404.jpg", "samples/CAM_FRONT_RIGHT/n008-2018-08-29-16-04-13-0400__CAM_FRONT_RIGHT__1535573176920482.jpg", "samples/CAM_BACK_LEFT/n008-2018-08-29-16-04-13-0400__CAM_BACK_LEFT__1535573176947405.jpg", "samples/CAM_BACK/n008-2018-08-29-16-04-13-0400__CAM_BACK__1535573176937558.jpg", "samples/CAM_BACK_RIGHT/n008-2018-08-29-16-04-13-0400__CAM_BACK_RIGHT__1535573176928113.jpg"], "intrinsics": [[[1257.8625342125129, 0.0, 827.2410631095686], [0.0, 1257.8625342125129, 450.915498205774], [0.0, 0.0, 1.0]], [[1252.8131021185304, 0.0, 826.588114781398], [0.0, 1252.8131021185304, 469.9846626224581], [0.0, 0.0, 1.0]], [[1256.7485116440405, 0.0, 817.7887570959712], [0.0, 1256.7485116440403, 451.9541780095127], [0.0, 0.0, 1.0]], [[1254.9860565800168, 0.0, 829.5769333630991], [0.0, 1254.9860565800168, 467.1680561863987], [0.0, 0.0, 1.0]], [[796.8910634503094, 0.0, 857.7774326863696], [0.0, 796.8910634503094, 476.8848988407415], [0.0, 0.0, 1.0]], [[1249.9629280788233, 0.0, 825.3768045375984], [0.0, 1249.9629280788233, 462.54816385708756], [0.0, 0.0, 1.0]]], "extrinsics": [[[0.82166987657547, -0.5697037577629089, -0.017213638871908188, -0.69940185546875], [0.0076315863989293575, 0.04119539633393288, -0.9991219639778137, 1.4909820556640625], [0.5699125528335571, 0.8208170533180237, 0.03819675371050835, -1.1253662109375], [0.0, 0.0, 0.0, 1.0]], [[0.008838086389005184, -0.9992783069610596, -0.03694211319088936, 0.010498046875], [0.009649655781686306, 0.037027064710855484, -0.9992676973342896, 1.4830322265625], [0.9999143481254578, 0.008475156500935555, 0.009969941340386868, -1.4281005859375], [0.0, 0.0, 0.0, 1.0]], [[-0.8446581363677979, -0.5344588756561279, -0.03010469116270542, 0.8892822265625], [0.01773332990705967, 0.028270313516259193, -0.999442994594574, 1.4972648620605469], [0.5350122451782227, -0.8447215557098389, -0.01440101582556963, -1.1480712890625], [0.0, 0.0, 0.0, 1.0]], [[0.9479320645332336, 0.31840458512306213, 0.006578222848474979, -1.13427734375], [-0.007600494660437107, 0.04326765984296799, -0.9990346431732178, 1.5619583129882812], [-0.3183818757534027, 0.9469669461250305, 0.043434835970401764, -0.159423828125], [0.0, 0.0, 0.0, 1.0]], [[0.009796883910894394, 0.9993121027946472, 0.03576613962650299, -0.0283203125], [-0.0055487374775111675, 0.03582163155078888, -0.9993427395820618, 1.5675125122070312], [-0.9999366402626038, 0.009591970592737198, 0.0058958628214895725, -0.04974365234375], [0.0, 0.0, 0.0, 1.0]], [[-0.9233536720275879, 0.3838981091976166, 0.006326144095510244, 0.9991416931152344], [-0.0013708537444472313, 0.013180073350667953, -0.9999122023582458, 1.547555923461914], [-0.38394778966903687, -0.9232813119888306, -0.011643604375422001, -0.109619140625], [0.0, 0.0, 0.0, 1.0]]], "view": [[0.0, -2.0, 100.0], [-2.0, 0.0, 100.0], [0.0, 0.0, 1.0]], "bev": "bev_6552f5d8246648a7bc4615a00adb60e3.png", "aux": "aux_6552f5d8246648a7bc4615a00adb60e3.npz", "visibility": "visibility_6552f5d8246648a7bc4615a00adb60e3.png", "pose": [[-0.774188756942749, -0.6329547762870789, 0.0, 1520.6480712890625], [0.6329547762870789, -0.774188756942749, 0.0, 861.4971923828125], [0.0, 0.0, 1.0, 0.0], [0.0, 0.0, 0.0, 1.0]], "pose_inverse": [[-0.774188756942749, 0.6329547762870789, 0.0, 631.9798583984375], [-0.6329547762870789, -0.774188756942749, 0.0, 1629.462890625], [0.0, 0.0, 1.0, 0.0], [0.0, 0.0, 0.0, 1.0]], "cam_ids": [0, 1, 2, 3, 4, 5], "cam_channels": ["CAM_FRONT_LEFT", "CAM_FRONT", "CAM_FRONT_RIGHT", "CAM_BACK_LEFT", "CAM_BACK", "CAM_BACK_RIGHT"], "token": "6552f5d8246648a7bc4615a00adb60e3", "scene": "scene-0701"}, {"images": ["samples/CAM_FRONT_LEFT/n008-2018-08-29-16-04-13-0400__CAM_FRONT_LEFT__1535573177404799.jpg", "samples/CAM_FRONT/n008-2018-08-29-16-04-13-0400__CAM_FRONT__1535573177413270.jpg", "samples/CAM_FRONT_RIGHT/n008-2018-08-29-16-04-13-0400__CAM_FRONT_RIGHT__1535573177420638.jpg", "samples/CAM_BACK_LEFT/n008-2018-08-29-16-04-13-0400__CAM_BACK_LEFT__1535573177447405.jpg", "samples/CAM_BACK/n008-2018-08-29-16-04-13-0400__CAM_BACK__1535573177437558.jpg", "samples/CAM_BACK_RIGHT/n008-2018-08-29-16-04-13-0400__CAM_BACK_RIGHT__1535573177428113.jpg"], "intrinsics": [[[1257.8625342125129, 0.0, 827.2410631095686], [0.0, 1257.8625342125129, 450.915498205774], [0.0, 0.0, 1.0]], [[1252.8131021185304, 0.0, 826.588114781398], [0.0, 1252.8131021185304, 469.9846626224581], [0.0, 0.0, 1.0]], [[1256.7485116440405, 0.0, 817.7887570959712], [0.0, 1256.7485116440403, 451.9541780095127], [0.0, 0.0, 1.0]], [[1254.9860565800168, 0.0, 829.5769333630991], [0.0, 1254.9860565800168, 467.1680561863987], [0.0, 0.0, 1.0]], [[796.8910634503094, 0.0, 857.7774326863696], [0.0, 796.8910634503094, 476.8848988407415], [0.0, 0.0, 1.0]], [[1249.9629280788233, 0.0, 825.3768045375984], [0.0, 1249.9629280788233, 462.54816385708756], [0.0, 0.0, 1.0]]], "extrinsics": [[[0.8222957849502563, -0.5687786936759949, -0.017904197797179222, -0.70501708984375], [-0.004315414000302553, 0.02522912062704563, -0.9996723532676697, 1.4866676330566406], [0.5690441131591797, 0.8221036195755005, 0.018291281536221504, -1.1285400390625], [0.0, 0.0, 0.0, 1.0]], [[0.009892784990370274, -0.9996932148933411, -0.022710127755999565, 0.0101318359375], [-0.0016537535702809691, 0.022694850340485573, -0.9997410774230957, 1.4796371459960938], [0.9999497532844543, 0.009927861392498016, -0.0014287298545241356, -1.44287109375], [0.0, 0.0, 0.0, 1.0]], [[-0.8442050218582153, -0.5358338952064514, -0.014135682955384254, 0.8973388671875], [0.0069823418743908405, 0.015376292169094086, -0.9998573660850525, 1.4946556091308594], [0.5359748601913452, -0.8441834449768066, -0.00923936814069748, -1.1531982421875], [0.0, 0.0, 0.0, 1.0]], [[0.947859525680542, 0.3186740279197693, -0.0030419626273214817, -1.135986328125], [-0.01505433488637209, 0.03523872792720795, -0.9992655515670776, 1.5619087219238281], [-0.318332701921463, 0.9472091197967529, 0.03819878771901131, -0.1591796875], [0.0, 0.0, 0.0, 1.0]], [[0.009445290081202984, 0.9996170401573181, 0.02601320669054985, -0.028564453125], [-0.014164930209517479, 0.026145508512854576, -0.9995577335357666, 1.5667724609375], [-0.9998550415039062, 0.009072606451809406, 0.014406456612050533, -0.04559326171875], [0.0, 0.0, 0.0, 1.0]], [[-0.9236474633216858, 0.3830842673778534, 0.01103426143527031, 1.0051078796386719], [-0.011234364472329617, 0.0017149107297882438, -0.9999353885650635, 1.545924186706543], [-0.3830784261226654, -0.9237117767333984, 0.0027197350282222033, -0.10693359375], [0.0, 0.0, 0.0, 1.0]]], "view": [[0.0, -2.0, 100.0], [-2.0, 0.0, 100.0], [0.0, 0.0, 1.0]], "bev": "bev_4e04567ebe6e44c6abf3f2257546bf49.png", "aux": "aux_4e04567ebe6e44c6abf3f2257546bf49.npz", "visibility": "visibility_4e04567ebe6e44c6abf3f2257546bf49.png", "pose": [[-0.7773820757865906, -0.6290287375450134, 0.0, 1517.39892578125], [0.6290287375450134, -0.7773820757865906, 0.0, 864.1891479492188], [0.0, 0.0, 1.0, 0.0], [0.0, 0.0, 0.0, 1.0]], "pose_inverse": [[-0.7773820757865906, 0.6290287375450134, 0.0, 635.9989013671875], [-0.6290287375450134, -0.7773820757865906, 0.0, 1626.2926025390625], [0.0, 0.0, 1.0, 0.0], [0.0, 0.0, 0.0, 1.0]], "cam_ids": [0, 1, 2, 3, 4, 5], "cam_channels": ["CAM_FRONT_LEFT", "CAM_FRONT", "CAM_FRONT_RIGHT", "CAM_BACK_LEFT", "CAM_BACK", "CAM_BACK_RIGHT"], "token": "4e04567ebe6e44c6abf3f2257546bf49", "scene": "scene-0701"}, {"images": ["samples/CAM_FRONT_LEFT/n008-2018-08-29-16-04-13-0400__CAM_FRONT_LEFT__1535573177904799.jpg", "samples/CAM_FRONT/n008-2018-08-29-16-04-13-0400__CAM_FRONT__1535573177912404.jpg", "samples/CAM_FRONT_RIGHT/n008-2018-08-29-16-04-13-0400__CAM_FRONT_RIGHT__1535573177920482.jpg", "samples/CAM_BACK_LEFT/n008-2018-08-29-16-04-13-0400__CAM_BACK_LEFT__1535573177947405.jpg", "samples/CAM_BACK/n008-2018-08-29-16-04-13-0400__CAM_BACK__1535573177937558.jpg", "samples/CAM_BACK_RIGHT/n008-2018-08-29-16-04-13-0400__CAM_BACK_RIGHT__1535573177928113.jpg"], "intrinsics": [[[1257.8625342125129, 0.0, 827.2410631095686], [0.0, 1257.8625342125129, 450.915498205774], [0.0, 0.0, 1.0]], [[1252.8131021185304, 0.0, 826.588114781398], [0.0, 1252.8131021185304, 469.9846626224581], [0.0, 0.0, 1.0]], [[1256.7485116440405, 0.0, 817.7887570959712], [0.0, 1256.7485116440403, 451.9541780095127], [0.0, 0.0, 1.0]], [[1254.9860565800168, 0.0, 829.5769333630991], [0.0, 1254.9860565800168, 467.1680561863987], [0.0, 0.0, 1.0]], [[796.8910634503094, 0.0, 857.7774326863696], [0.0, 796.8910634503094, 476.8848988407415], [0.0, 0.0, 1.0]], [[1249.9629280788233, 0.0, 825.3768045375984], [0.0, 1249.9629280788233, 462.54816385708756], [0.0, 0.0, 1.0]]], "extrinsics": [[[0.8219948410987854, -0.5688173770904541, -0.02777322567999363, -0.69769287109375], [-0.003485308727249503, 0.04374263435602188, -0.9990367293357849, 1.4869232177734375], [0.5694843530654907, 0.8212998509407043, 0.03397371247410774, -1.1224365234375], [0.0, 0.0, 0.0, 1.0]], [[0.009395619854331017, -0.999155580997467, -0.03999900817871094, 0.0096435546875], [-0.0016107900300994515, 0.039985597133636475, -0.9991989731788635, 1.4796142578125], [0.9999545812606812, 0.009452538564801216, -0.0012337416410446167, -1.42681884765625], [0.0, 0.0, 0.0, 1.0]], [[-0.8444452881813049, -0.5351771116256714, -0.022308262065052986, 0.8892822265625], [0.0063321455381810665, 0.03167077526450157, -0.999478280544281, 1.4945526123046875], [0.5356043577194214, -0.8441460132598877, -0.02335541695356369, -1.1488037109375], [0.0, 0.0, 0.0, 1.0]], [[0.9479076862335205, 0.31853607296943665, -0.0023886647541075945, -1.1365966796875], [-0.018573099747300148, 0.04778127372264862, -0.9986851215362549, 1.5618896484375], [-0.3180031478404999, 0.94670569896698, 0.05120844021439552, -0.15869140625], [0.0, 0.0, 0.0, 1.0]], [[0.0097566032782197, 0.9991589188575745, 0.039829056710004807, -0.0281982421875], [-0.01661566086113453, 0.03998744487762451, -0.9990620017051697, 1.5665092468261719], [-0.9998144507408142, 0.009085697121918201, 0.01699182763695717, -0.04791259765625], [0.0, 0.0, 0.0, 1.0]], [[-0.9234972596168518, 0.38317471742630005, 0.01816067099571228, 1.0001754760742188], [-0.01262434758245945, 0.01695847697556019, -0.9997764825820923, 1.5456085205078125], [-0.38339710235595703, -0.9235201478004456, -0.010823776945471764, -0.109619140625], [0.0, 0.0, 0.0, 1.0]]], "view": [[0.0, -2.0, 100.0], [-2.0, 0.0, 100.0], [0.0, 0.0, 1.0]], "bev": "bev_3fba26b915774334a2dd6460d44a2444.png", "aux": "aux_3fba26b915774334a2dd6460d44a2444.npz", "visibility": "visibility_3fba26b915774334a2dd6460d44a2444.png", "pose": [[-0.7785074710845947, -0.6276353597640991, 0.0, 1514.1123046875], [0.6276353597640991, -0.7785074710845947, 0.0, 866.8847045898438], [0.0, 0.0, 1.0, 0.0], [0.0, 0.0, 0.0, 1.0]], "pose_inverse": [[-0.7785074710845947, 0.6276353597640991, 0.0, 634.6602172851562], [-0.6276353597640991, -0.7785074710845947, 0.0, 1625.1866455078125], [0.0, 0.0, 1.0, 0.0], [0.0, 0.0, 0.0, 1.0]], "cam_ids": [0, 1, 2, 3, 4, 5], "cam_channels": ["CAM_FRONT_LEFT", "CAM_FRONT", "CAM_FRONT_RIGHT", "CAM_BACK_LEFT", "CAM_BACK", "CAM_BACK_RIGHT"], "token": "3fba26b915774334a2dd6460d44a2444", "scene": "scene-0701"}, {"images": ["samples/CAM_FRONT_LEFT/n008-2018-08-29-16-04-13-0400__CAM_FRONT_LEFT__1535573178354799.jpg", "samples/CAM_FRONT/n008-2018-08-29-16-04-13-0400__CAM_FRONT__1535573178362404.jpg", "samples/CAM_FRONT_RIGHT/n008-2018-08-29-16-04-13-0400__CAM_FRONT_RIGHT__1535573178370482.jpg", "samples/CAM_BACK_LEFT/n008-2018-08-29-16-04-13-0400__CAM_BACK_LEFT__1535573178397405.jpg", "samples/CAM_BACK/n008-2018-08-29-16-04-13-0400__CAM_BACK__1535573178387558.jpg", "samples/CAM_BACK_RIGHT/n008-2018-08-29-16-04-13-0400__CAM_BACK_RIGHT__1535573178378113.jpg"], "intrinsics": [[[1257.8625342125129, 0.0, 827.2410631095686], [0.0, 1257.8625342125129, 450.915498205774], [0.0, 0.0, 1.0]], [[1252.8131021185304, 0.0, 826.588114781398], [0.0, 1252.8131021185304, 469.9846626224581], [0.0, 0.0, 1.0]], [[1256.7485116440405, 0.0, 817.7887570959712], [0.0, 1256.7485116440403, 451.9541780095127], [0.0, 0.0, 1.0]], [[1254.9860565800168, 0.0, 829.5769333630991], [0.0, 1254.9860565800168, 467.1680561863987], [0.0, 0.0, 1.0]], [[796.8910634503094, 0.0, 857.7774326863696], [0.0, 796.8910634503094, 476.8848988407415], [0.0, 0.0, 1.0]], [[1249.9629280788233, 0.0, 825.3768045375984], [0.0, 1249.9629280788233, 462.54816385708756], [0.0, 0.0, 1.0]]], "extrinsics": [[[0.8221908211708069, -0.5688509941101074, -0.020272135734558105, -0.70294189453125], [0.004696723539382219, 0.04239298403263092, -0.9990900158882141, 1.4898757934570312], [0.5691927075386047, 0.8213473558425903, 0.03752685338258743, -1.1282958984375], [0.0, 0.0, 0.0, 1.0]], [[0.009581796824932098, -0.9992252588272095, -0.038170572370290756, 0.0107421875], [0.006822533905506134, 0.03823676332831383, -0.9992454648017883, 1.4821243286132812], [0.9999307990074158, 0.009314172901213169, 0.007183626294136047, -1.4334716796875], [0.0, 0.0, 0.0, 1.0]], [[-0.8443790078163147, -0.5349898338317871, -0.02846059389412403, 0.8941650390625], [0.015000645071268082, 0.029493607580661774, -0.9994523525238037, 1.4965248107910156], [0.5355362892150879, -0.8443435430526733, -0.016878588125109673, -1.15087890625], [0.0, 0.0, 0.0, 1.0]], [[0.9479411244392395, 0.31840792298316956, 0.004910500720143318, -1.1357421875], [-0.00977580901235342, 0.044509854167699814, -0.9989610910415649, 1.5619583129882812], [-0.3182956874370575, 0.9469082951545715, 0.045305412262678146, -0.158935546875], [0.0, 0.0, 0.0, 1.0]], [[0.009750968776643276, 0.9992682337760925, 0.03698579967021942, -0.0284423828125], [-0.007919985800981522, 0.03706357628107071, -0.9992814660072327, 1.56732177734375], [-0.9999211430549622, 0.009451032616198063, 0.008275595493614674, -0.04638671875], [0.0, 0.0, 0.0, 1.0]], [[-0.9234515428543091, 0.38360539078712463, 0.009168576449155807, 1.00347900390625], [-0.0039412397891283035, 0.014410662464797497, -0.9998884201049805, 1.5471248626708984], [-0.38369467854499817, -0.9233846664428711, -0.011795667931437492, -0.1077880859375], [0.0, 0.0, 0.0, 1.0]]], "view": [[0.0, -2.0, 100.0], [-2.0, 0.0, 100.0], [0.0, 0.0, 1.0]], "bev": "bev_0843f344dccb488a98e09499a8fd9448.png", "aux": "aux_0843f344dccb488a98e09499a8fd9448.npz", "visibility": "visibility_0843f344dccb488a98e09499a8fd9448.png", "pose": [[-0.7762340307235718, -0.6304448843002319, 0.0, 1511.1761474609375], [0.6304448843002319, -0.7762340307235718, 0.0, 869.3004150390625], [0.0, 0.0, 1.0, 0.0], [0.0, 0.0, 0.0, 1.0]], "pose_inverse": [[-0.7762340307235718, 0.6304448843002319, 0.0, 624.9803466796875], [-0.6304448843002319, -0.7762340307235718, 0.0, 1627.4937744140625], [0.0, 0.0, 1.0, 0.0], [0.0, 0.0, 0.0, 1.0]], "cam_ids": [0, 1, 2, 3, 4, 5], "cam_channels": ["CAM_FRONT_LEFT", "CAM_FRONT", "CAM_FRONT_RIGHT", "CAM_BACK_LEFT", "CAM_BACK", "CAM_BACK_RIGHT"], "token": "0843f344dccb488a98e09499a8fd9448", "scene": "scene-0701"}, {"images": ["samples/CAM_FRONT_LEFT/n008-2018-08-29-16-04-13-0400__CAM_FRONT_LEFT__1535573178854799.jpg", "samples/CAM_FRONT/n008-2018-08-29-16-04-13-0400__CAM_FRONT__1535573178862404.jpg", "samples/CAM_FRONT_RIGHT/n008-2018-08-29-16-04-13-0400__CAM_FRONT_RIGHT__1535573178870482.jpg", "samples/CAM_BACK_LEFT/n008-2018-08-29-16-04-13-0400__CAM_BACK_LEFT__1535573178897405.jpg", "samples/CAM_BACK/n008-2018-08-29-16-04-13-0400__CAM_BACK__1535573178887558.jpg", "samples/CAM_BACK_RIGHT/n008-2018-08-29-16-04-13-0400__CAM_BACK_RIGHT__1535573178878113.jpg"], "intrinsics": [[[1257.8625342125129, 0.0, 827.2410631095686], [0.0, 1257.8625342125129, 450.915498205774], [0.0, 0.0, 1.0]], [[1252.8131021185304, 0.0, 826.588114781398], [0.0, 1252.8131021185304, 469.9846626224581], [0.0, 0.0, 1.0]], [[1256.7485116440405, 0.0, 817.7887570959712], [0.0, 1256.7485116440403, 451.9541780095127], [0.0, 0.0, 1.0]], [[1254.9860565800168, 0.0, 829.5769333630991], [0.0, 1254.9860565800168, 467.1680561863987], [0.0, 0.0, 1.0]], [[796.8910634503094, 0.0, 857.7774326863696], [0.0, 796.8910634503094, 476.8848988407415], [0.0, 0.0, 1.0]], [[1249.9629280788233, 0.0, 825.3768045375984], [0.0, 1249.9629280788233, 462.54816385708756], [0.0, 0.0, 1.0]]], "extrinsics": [[[0.8224351406097412, -0.5686583518981934, -0.015101542696356773, -0.6968994140625], [0.00898695457726717, 0.03953219950199127, -0.999177873134613, 1.4915695190429688], [0.5687878727912903, 0.8216233253479004, 0.03762317821383476, -1.122802734375], [0.0, 0.0, 0.0, 1.0]], [[0.009996435604989529, -0.999324381351471, -0.03536638990044594, 0.009765625], [0.010844523087143898, 0.035474419593811035, -0.9993118047714233, 1.48345947265625], [0.9998912215232849, 0.009605967439711094, 0.01119181327521801, -1.42608642578125], [0.0, 0.0, 0.0, 1.0]], [[-0.8440806865692139, -0.5353646278381348, -0.030208002775907516, 0.8885498046875], [0.01874888874590397, 0.02683449164032936, -0.9994640350341797, 1.4975433349609375], [0.5358883142471313, -0.8441946506500244, -0.012612982653081417, -1.148193359375], [0.0, 0.0, 0.0, 1.0]], [[0.9479212164878845, 0.3184286653995514, 0.006972657982259989, -1.1322021484375], [-0.006859533488750458, 0.042296912521123886, -0.999081552028656, 1.5619583129882812], [-0.31843113899230957, 0.9470027089118958, 0.042278412729501724, -0.1600341796875], [0.0, 0.0, 0.0, 1.0]], [[0.009370408020913601, 0.9993573427200317, 0.03459674492478371, -0.028076171875], [-0.004687719978392124, 0.03464178368449211, -0.9993887543678284, 1.5676040649414062], [-0.9999451041221619, 0.009202536195516586, 0.005009316839277744, -0.05126953125], [0.0, 0.0, 0.0, 1.0]], [[-0.9236418604850769, 0.3832250237464905, 0.004918811377137899, 0.9983711242675781], [-0.00041353708365932107, 0.011837705038487911, -0.9999298453330994, 1.5477313995361328], [-0.38325634598731995, -0.9235790967941284, -0.010775323957204819, -0.1103515625], [0.0, 0.0, 0.0, 1.0]]], "view": [[0.0, -2.0, 100.0], [-2.0, 0.0, 100.0], [0.0, 0.0, 1.0]], "bev": "bev_997943c4d32a4c018dcc9fe263931d16.png", "aux": "aux_997943c4d32a4c018dcc9fe263931d16.npz", "visibility": "visibility_997943c4d32a4c018dcc9fe263931d16.png", "pose": [[-0.7751360535621643, -0.6317943334579468, 0.0, 1507.893798828125], [0.6317943334579468, -0.7751360535621643, 0.0, 871.998779296875], [0.0, 0.0, 1.0, 0.0], [0.0, 0.0, 0.0, 1.0]], "pose_inverse": [[-0.7751360535621643, 0.6317943334579468, 0.0, 617.8989868164062], [-0.6317943334579468, -0.7751360535621643, 0.0, 1628.596435546875], [0.0, 0.0, 1.0, 0.0], [0.0, 0.0, 0.0, 1.0]], "cam_ids": [0, 1, 2, 3, 4, 5], "cam_channels": ["CAM_FRONT_LEFT", "CAM_FRONT", "CAM_FRONT_RIGHT", "CAM_BACK_LEFT", "CAM_BACK", "CAM_BACK_RIGHT"], "token": "997943c4d32a4c018dcc9fe263931d16", "scene": "scene-0701"}, {"images": ["samples/CAM_FRONT_LEFT/n008-2018-08-29-16-04-13-0400__CAM_FRONT_LEFT__1535573179254799.jpg", "samples/CAM_FRONT/n008-2018-08-29-16-04-13-0400__CAM_FRONT__1535573179262404.jpg", "samples/CAM_FRONT_RIGHT/n008-2018-08-29-16-04-13-0400__CAM_FRONT_RIGHT__1535573179270482.jpg", "samples/CAM_BACK_LEFT/n008-2018-08-29-16-04-13-0400__CAM_BACK_LEFT__1535573179297405.jpg", "samples/CAM_BACK/n008-2018-08-29-16-04-13-0400__CAM_BACK__1535573179287630.jpg", "samples/CAM_BACK_RIGHT/n008-2018-08-29-16-04-13-0400__CAM_BACK_RIGHT__1535573179278113.jpg"], "intrinsics": [[[1257.8625342125129, 0.0, 827.2410631095686], [0.0, 1257.8625342125129, 450.915498205774], [0.0, 0.0, 1.0]], [[1252.8131021185304, 0.0, 826.588114781398], [0.0, 1252.8131021185304, 469.9846626224581], [0.0, 0.0, 1.0]], [[1256.7485116440405, 0.0, 817.7887570959712], [0.0, 1256.7485116440403, 451.9541780095127], [0.0, 0.0, 1.0]], [[1254.9860565800168, 0.0, 829.5769333630991], [0.0, 1254.9860565800168, 467.1680561863987], [0.0, 0.0, 1.0]], [[796.8910634503094, 0.0, 857.7774326863696], [0.0, 796.8910634503094, 476.8848988407415], [0.0, 0.0, 1.0]], [[1249.9629280788233, 0.0, 825.3768045375984], [0.0, 1249.9629280788233, 462.54816385708756], [0.0, 0.0, 1.0]]], "extrinsics": [[[0.8230643272399902, -0.5676500201225281, -0.018403906375169754, -0.69329833984375], [0.011020149104297161, 0.048359982669353485, -0.9987691640853882, 1.4922332763671875], [0.5678414106369019, 0.8218483924865723, 0.046058960258960724, -1.1234130859375], [0.0, 0.0, 0.0, 1.0]], [[0.011108036153018475, -0.9989591836929321, -0.04423899203538895, 0.0125732421875], [0.013096414506435394, 0.04438326880335808, -0.9989287257194519, 1.48406982421875], [0.9998525381088257, 0.010516720823943615, 0.01357579417526722, -1.423583984375], [0.0, 0.0, 0.0, 1.0]], [[-0.8435859680175781, -0.5357069373130798, -0.037162087857723236, 0.88818359375], [0.021268412470817566, 0.03581828251481056, -0.9991319179534912, 1.4981002807617188], [0.5365729928016663, -0.8436440229415894, -0.018822159618139267, -1.145263671875], [0.0, 0.0, 0.0, 1.0]], [[0.9479387998580933, 0.3181895315647125, 0.012942245230078697, -1.134033203125], [-0.0035875877365469933, 0.05130881443619728, -0.9986764192581177, 1.56201171875], [-0.318432480096817, 0.9466376304626465, 0.04977914318442345, -0.1593017578125], [0.0, 0.0, 0.0, 1.0]], [[0.009061112068593502, 0.9990056157112122, 0.04365525394678116, -0.029296875], [-0.0016346345655620098, 0.04367178678512573, -0.9990445375442505, 1.5678558349609375], [-0.9999576807022095, 0.00898103229701519, 0.0020287237130105495, -0.05010986328125], [0.0, 0.0, 0.0, 1.0]], [[-0.9238564968109131, 0.3826955556869507, 0.00577400391921401, 0.9968452453613281], [0.002390586771070957, 0.020855452865362167, -0.9997796416282654, 1.548187255859375], [-0.3827316164970398, -0.9236391186714172, -0.02018231526017189, -0.109130859375], [0.0, 0.0, 0.0, 1.0]]], "view": [[0.0, -2.0, 100.0], [-2.0, 0.0, 100.0], [0.0, 0.0, 1.0]], "bev": "bev_9c0b87b4d34f47a393e620588298501c.png", "aux": "aux_9c0b87b4d34f47a393e620588298501c.npz", "visibility": "visibility_9c0b87b4d34f47a393e620588298501c.png", "pose": [[-0.7739815711975098, -0.633208155632019, 0.0, 1505.2646484375], [0.633208155632019, -0.7739815711975098, 0.0, 874.154052734375], [0.0, 0.0, 1.0, 0.0], [0.0, 0.0, 0.0, 1.0]], "pose_inverse": [[-0.7739815711975098, 0.633208155632019, 0.0, 611.525634765625], [-0.633208155632019, -0.7739815711975098, 0.0, 1629.7249755859375], [0.0, 0.0, 1.0, 0.0], [0.0, 0.0, 0.0, 1.0]], "cam_ids": [0, 1, 2, 3, 4, 5], "cam_channels": ["CAM_FRONT_LEFT", "CAM_FRONT", "CAM_FRONT_RIGHT", "CAM_BACK_LEFT", "CAM_BACK", "CAM_BACK_RIGHT"], "token": "9c0b87b4d34f47a393e620588298501c", "scene": "scene-0701"}, {"images": ["samples/CAM_FRONT_LEFT/n008-2018-08-29-16-04-13-0400__CAM_FRONT_LEFT__1535573179754799.jpg", "samples/CAM_FRONT/n008-2018-08-29-16-04-13-0400__CAM_FRONT__1535573179762404.jpg", "samples/CAM_FRONT_RIGHT/n008-2018-08-29-16-04-13-0400__CAM_FRONT_RIGHT__1535573179770482.jpg", "samples/CAM_BACK_LEFT/n008-2018-08-29-16-04-13-0400__CAM_BACK_LEFT__1535573179797405.jpg", "samples/CAM_BACK/n008-2018-08-29-16-04-13-0400__CAM_BACK__1535573179787558.jpg", "samples/CAM_BACK_RIGHT/n008-2018-08-29-16-04-13-0400__CAM_BACK_RIGHT__1535573179778113.jpg"], "intrinsics": [[[1257.8625342125129, 0.0, 827.2410631095686], [0.0, 1257.8625342125129, 450.915498205774], [0.0, 0.0, 1.0]], [[1252.8131021185304, 0.0, 826.588114781398], [0.0, 1252.8131021185304, 469.9846626224581], [0.0, 0.0, 1.0]], [[1256.7485116440405, 0.0, 817.7887570959712], [0.0, 1256.7485116440403, 451.9541780095127], [0.0, 0.0, 1.0]], [[1254.9860565800168, 0.0, 829.5769333630991], [0.0, 1254.9860565800168, 467.1680561863987], [0.0, 0.0, 1.0]], [[796.8910634503094, 0.0, 857.7774326863696], [0.0, 796.8910634503094, 476.8848988407415], [0.0, 0.0, 1.0]], [[1249.9629280788233, 0.0, 825.3768045375984], [0.0, 1249.9629280788233, 462.54816385708756], [0.0, 0.0, 1.0]]], "extrinsics": [[[0.8227437734603882, -0.568061113357544, -0.019985541701316833, -0.704986572265625], [0.00855249259620905, 0.047527872025966644, -0.9988332986831665, 1.4912185668945312], [0.568348228931427, 0.8216128945350647, 0.04396159574389458, -1.130859375], [0.0, 0.0, 0.0, 1.0]], [[0.010585726238787174, -0.9990130662918091, -0.043136823922395706, 0.011474609375], [0.010398904792964458, 0.04324689507484436, -0.9990102648735046, 1.483154296875], [0.9998898506164551, 0.010126673616468906, 0.010846443474292755, -1.43505859375], [0.0, 0.0, 0.0, 1.0]], [[-0.843845009803772, -0.5355183482170105, -0.03384729102253914, 0.8956298828125], [0.018313715234398842, 0.03429902344942093, -0.9992437362670898, 1.49725341796875], [0.5362743139266968, -0.8438268303871155, -0.01913573034107685, -1.1507568359375], [0.0, 0.0, 0.0, 1.0]], [[0.9479387998580933, 0.31834253668785095, 0.008371212519705296, -1.135009765625], [-0.00745926471427083, 0.04847627505660057, -0.9987964630126953, 1.5619583129882812], [-0.31836527585983276, 0.9467355012893677, 0.04832714423537254, -0.1593017578125], [0.0, 0.0, 0.0, 1.0]], [[0.009239349514245987, 0.9991045594215393, 0.04128728061914444, -0.02880859375], [-0.0052160052582621574, 0.041336629539728165, -0.9991316199302673, 1.5675506591796875], [-0.9999436736106873, 0.00901592243462801, 0.005593258421868086, -0.04669189453125], [0.0, 0.0,