[{"images": ["samples/CAM_FRONT_LEFT/n008-2018-09-18-14-43-59-0400__CAM_FRONT_LEFT__1537296641254799.jpg", "samples/CAM_FRONT/n008-2018-09-18-14-43-59-0400__CAM_FRONT__1537296641262404.jpg", "samples/CAM_FRONT_RIGHT/n008-2018-09-18-14-43-59-0400__CAM_FRONT_RIGHT__1537296641270482.jpg", "samples/CAM_BACK_LEFT/n008-2018-09-18-14-43-59-0400__CAM_BACK_LEFT__1537296641297405.jpg", "samples/CAM_BACK/n008-2018-09-18-14-43-59-0400__CAM_BACK__1537296641287558.jpg", "samples/CAM_BACK_RIGHT/n008-2018-09-18-14-43-59-0400__CAM_BACK_RIGHT__1537296641278113.jpg"], "intrinsics": [[[1257.8625342125129, 0.0, 827.2410631095686], [0.0, 1257.8625342125129, 450.915498205774], [0.0, 0.0, 1.0]], [[1252.8131021185304, 0.0, 826.588114781398], [0.0, 1252.8131021185304, 469.9846626224581], [0.0, 0.0, 1.0]], [[1256.7485116440405, 0.0, 817.7887570959712], [0.0, 1256.7485116440403, 451.9541780095127], [0.0, 0.0, 1.0]], [[1254.9860565800168, 0.0, 829.5769333630991], [0.0, 1254.9860565800168, 467.1680561863987], [0.0, 0.0, 1.0]], [[796.8910634503094, 0.0, 857.7774326863696], [0.0, 796.8910634503094, 476.8848988407415], [0.0, 0.0, 1.0]], [[1249.9629280788233, 0.0, 825.3768045375984], [0.0, 1249.9629280788233, 462.54816385708756], [0.0, 0.0, 1.0]]], "extrinsics": [[[0.8225304484367371, -0.5686602592468262, -0.008323411457240582, -1.005126953125], [0.006742031779140234, 0.024384113028645515, -0.9996799230575562, 1.4882946014404297], [0.5686811804771423, 0.8222110867500305, 0.023890599608421326, -1.333251953125], [0.0, 0.0, 0.0, 1.0]], [[0.01024208776652813, -0.9997438788414001, -0.020181892439723015, 0.00536346435546875], [0.008683430962264538, 0.020271113142371178, -0.9997568130493164, 1.4801645278930664], [0.9999098181724548, 0.010064301081001759, 0.008888824842870235, -1.734619140625], [0.0, 0.0, 0.0, 1.0]], [[-0.8439822196960449, -0.5359863638877869, -0.020314542576670647, 1.090576171875], [0.016713544726371765, 0.011575688607990742, -0.999793291091919, 1.493072509765625], [0.5361106991767883, -0.8441473245620728, -0.0008114458178170025, -1.277587890625], [0.0, 0.0, 0.0, 1.0]], [[0.9478755593299866, 0.3186405301094055, 0.0003459439903963357, -1.14404296875], [-0.008615694008767605, 0.026714786887168884, -0.9996059536933899, 1.562042236328125], [-0.31852421164512634, 0.9474990963935852, 0.028067603707313538, -0.156036376953125], [0.0, 0.0, 0.0, 1.0]], [[0.009207947179675102, 0.9997743964195251, 0.019140515476465225, -0.0288238525390625], [-0.006507428828626871, 0.01920083351433277, -0.9997944235801697, 1.5680608749389648], [-0.9999364614486694, 0.009081446565687656, 0.006682760547846556, 0.0443115234375], [0.0, 0.0, 0.0, 1.0]], [[-0.9237337708473206, 0.3830341696739197, 0.0008011087775230408, 1.1607666015625], [-0.002317755715921521, -0.003498089499771595, -0.9999911785125732, 1.547811508178711], [-0.3830280303955078, -0.9237275719642639, 0.004119083285331726, -0.04376220703125], [0.0, 0.0, 0.0, 1.0]]], "view": [[0.0, -2.0, 100.0], [-2.0, 0.0, 100.0], [0.0, 0.0, 1.0]], "bev": "bev_9181eef7a034444ca4a8acafb4f45585.png", "aux": "aux_9181eef7a034444ca4a8acafb4f45585.npz", "visibility": "visibility_9181eef7a034444ca4a8acafb4f45585.png", "pose": [[0.48184943199157715, -0.8762540221214294, 0.0, 679.0194091796875], [0.8762540221214294, 0.48184943199157715, 0.0, 1344.243896484375], [0.0, 0.0, 1.0, 0.0], [0.0, 0.0, 0.0, 1.0]], "pose_inverse": [[0.48184943199157715, 0.8762540221214294, 0.0, -1505.084228515625], [-0.8762540221214294, 0.48184943199157715, 0.0, -52.72968292236328], [0.0, 0.0, 1.0, 0.0], [0.0, 0.0, 0.0, 1.0]], "cam_ids": [0, 1, 2, 3, 4, 5], "cam_channels": ["CAM_FRONT_LEFT", "CAM_FRONT", "CAM_FRONT_RIGHT", "CAM_BACK_LEFT", "CAM_BACK", "CAM_BACK_RIGHT"], "token": "9181eef7a034444ca4a8acafb4f45585", "scene": "scene-0651"}, {"images": ["samples/CAM_FRONT_LEFT/n008-2018-09-18-14-43-59-0400__CAM_FRONT_LEFT__1537296641754799.jpg", "samples/CAM_FRONT/n008-2018-09-18-14-43-59-0400__CAM_FRONT__1537296641762404.jpg", "samples/CAM_FRONT_RIGHT/n008-2018-09-18-14-43-59-0400__CAM_FRONT_RIGHT__1537296641770482.jpg", "samples/CAM_BACK_LEFT/n008-2018-09-18-14-43-59-0400__CAM_BACK_LEFT__1537296641797405.jpg", "samples/CAM_BACK/n008-2018-09-18-14-43-59-0400__CAM_BACK__1537296641787558.jpg", "samples/CAM_BACK_RIGHT/n008-2018-09-18-14-43-59-0400__CAM_BACK_RIGHT__1537296641778113.jpg"], "intrinsics": [[[1257.8625342125129, 0.0, 827.2410631095686], [0.0, 1257.8625342125129, 450.915498205774], [0.0, 0.0, 1.0]], [[1252.8131021185304, 0.0, 826.588114781398], [0.0, 1252.8131021185304, 469.9846626224581], [0.0, 0.0, 1.0]], [[1256.7485116440405, 0.0, 817.7887570959712], [0.0, 1256.7485116440403, 451.9541780095127], [0.0, 0.0, 1.0]], [[1254.9860565800168, 0.0, 829.5769333630991], [0.0, 1254.9860565800168, 467.1680561863987], [0.0, 0.0, 1.0]], [[796.8910634503094, 0.0, 857.7774326863696], [0.0, 796.8910634503094, 476.8848988407415], [0.0, 0.0, 1.0]], [[1249.9629280788233, 0.0, 825.3768045375984], [0.0, 1249.9629280788233, 462.54816385708756], [0.0, 0.0, 1.0]]], "extrinsics": [[[0.8225934505462646, -0.5685983300209045, -0.006001356057822704, -1.005126953125], [0.009400876238942146, 0.02415139228105545, -0.9996640682220459, 1.4882926940917969], [0.5685522556304932, 0.8222607374191284, 0.02521209791302681, -1.3333740234375], [0.0, 0.0, 0.0, 1.0]], [[0.01035891380161047, -0.999748170375824, -0.019907694309949875, 0.0052947998046875], [0.011448249220848083, 0.020026033744215965, -0.9997339248657227, 1.4801654815673828], [0.9998807907104492, 0.010128247551620007, 0.011652814224362373, -1.734619140625], [0.0, 0.0, 0.0, 1.0]], [[-0.8438974618911743, -0.5360292792320251, -0.022580275312066078, 1.0904541015625], [0.01955777406692505, 0.011323551647365093, -0.9997445344924927, 1.493072509765625], [0.5361480116844177, -0.8441235423088074, 0.0009276217897422612, -1.27752685546875], [0.0, 0.0, 0.0, 1.0]], [[0.9478713274002075, 0.31863805651664734, 0.0031444148626178503, -1.1436767578125], [-0.005576916970312595, 0.026454675942659378, -0.9996344447135925, 1.5620417594909668], [-0.3186047673225403, 0.9475072622299194, 0.026852644979953766, -0.1561279296875], [0.0, 0.0, 0.0, 1.0]], [[0.00913881417363882, 0.9997796416282654, 0.018899409100413322, -0.02886199951171875], [-0.003540890058502555, 0.018932433798909187, -0.999814510345459, 1.568061351776123], [-0.9999520182609558, 0.009070176631212234, 0.0037131295539438725, 0.044189453125], [0.0, 0.0, 0.0, 1.0]], [[-0.9237434267997742, 0.3830069303512573, -0.0019658009987324476, 1.16064453125], [0.0005718784523196518, -0.0037532434798777103, -0.9999927878379822, 1.5478119850158691], [-0.38301146030426025, -0.9237378835678101, 0.003248001215979457, -0.0438232421875], [0.0, 0.0, 0.0, 1.0]]], "view": [[0.0, -2.0, 100.0], [-2.0, 0.0, 100.0], [0.0, 0.0, 1.0]], "bev": "bev_c871691ad7d34b52b49481f9b45fd54e.png", "aux": "aux_c871691ad7d34b52b49481f9b45fd54e.npz", "visibility": "visibility_c871691ad7d34b52b49481f9b45fd54e.png", "pose": [[0.481927752494812, -0.8762109875679016, 0.0, 679.0194091796875], [0.8762109875679016, 0.481927752494812, 0.0, 1344.243896484375], [0.0, 0.0, 1.0, 0.0], [0.0, 0.0, 0.0, 1.0]], "pose_inverse": [[0.481927752494812, 0.8762109875679016, 0.0, -1505.07958984375], [-0.8762109875679016, 0.481927752494812, 0.0, -52.86418151855469], [0.0, 0.0, 1.0, 0.0], [0.0, 0.0, 0.0, 1.0]], "cam_ids": [0, 1, 2, 3, 4, 5], "cam_channels": ["CAM_FRONT_LEFT", "CAM_FRONT", "CAM_FRONT_RIGHT", "CAM_BACK_LEFT", "CAM_BACK", "CAM_BACK_RIGHT"], "token": "c871691ad7d34b52b49481f9b45fd54e", "scene": "scene-0651"}, {"images": ["samples/CAM_FRONT_LEFT/n008-2018-09-18-14-43-59-0400__CAM_FRONT_LEFT__1537296642254799.jpg", "samples/CAM_FRONT/n008-2018-09-18-14-43-59-0400__CAM_FRONT__1537296642262404.jpg", "samples/CAM_FRONT_RIGHT/n008-2018-09-18-14-43-59-0400__CAM_FRONT_RIGHT__1537296642270482.jpg", "samples/CAM_BACK_LEFT/n008-2018-09-18-14-43-59-0400__CAM_BACK_LEFT__1537296642297405.jpg", "samples/CAM_BACK/n008-2018-09-18-14-43-59-0400__CAM_BACK__1537296642287558.jpg", "samples/CAM_BACK_RIGHT/n008-2018-09-18-14-43-59-0400__CAM_BACK_RIGHT__1537296642278113.jpg"], "intrinsics": [[[1257.8625342125129, 0.0, 827.2410631095686], [0.0, 1257.8625342125129, 450.915498205774], [0.0, 0.0, 1.0]], [[1252.8131021185304, 0.0, 826.588114781398], [0.0, 1252.8131021185304, 469.9846626224581], [0.0, 0.0, 1.0]], [[1256.7485116440405, 0.0, 817.7887570959712], [0.0, 1256.7485116440403, 451.9541780095127], [0.0, 0.0, 1.0]], [[1254.9860565800168, 0.0, 829.5769333630991], [0.0, 1254.9860565800168, 467.1680561863987], [0.0, 0.0, 1.0]], [[796.8910634503094, 0.0, 857.7774326863696], [0.0, 796.8910634503094, 476.8848988407415], [0.0, 0.0, 1.0]], [[1249.9629280788233, 0.0, 825.3768045375984], [0.0, 1249.9629280788233, 462.54816385708756], [0.0, 0.0, 1.0]]], "extrinsics": [[[0.8225682377815247, -0.5686536431312561, -0.0038138513918966055, -0.9912109375], [0.012295053340494633, 0.02448931895196438, -0.9996244311332703, 1.4884986877441406], [0.5685335397720337, 0.8222123980522156, 0.027135759592056274, -1.323974609375], [0.0, 0.0, 0.0, 1.0]], [[0.010357744991779327, -0.9997416734695435, -0.020230421796441078, 0.005767822265625], [0.014258836396038532, 0.02037711627781391, -0.9996907114982605, 1.4803638458251953], [0.9998446106910706, 0.01006600446999073, 0.014466212131083012, -1.7205810546875], [0.0, 0.0, 0.0, 1.0]], [[-0.8438563346862793, -0.5359823107719421, -0.02509048394858837, 1.0810546875], [0.02229759842157364, 0.011691732332110405, -0.9996830224990845, 1.4933204650878906], [0.536105751991272, -0.8441482782363892, 0.002084974432364106, -1.2713623046875], [0.0, 0.0, 0.0, 1.0]], [[0.9478638172149658, 0.31862449645996094, 0.005715764593333006, -1.1427001953125], [-0.0030098729766905308, 0.026886260136961937, -0.9996339678764343, 1.5620388984680176], [-0.31866157054901123, 0.9474996328353882, 0.02644353173673153, -0.156524658203125], [0.0, 0.0, 0.0, 1.0]], [[0.009111287072300911, 0.9997713565826416, 0.019343135878443718, -0.02884674072265625], [-0.0009150085970759392, 0.0193522647023201, -0.9998123049736023, 1.5680546760559082], [-0.9999580383300781, 0.009091896004974842, 0.0010911223944276571, 0.03955078125], [0.0, 0.0, 0.0, 1.0]], [[-0.9237217903137207, 0.38303983211517334, -0.004300921224057674, 1.15283203125], [0.003261481411755085, -0.0033630256075412035, -0.9999889731407166, 1.547839641571045], [-0.3830501437187195, -0.9237256646156311, 0.0018572222907096148, -0.046875], [0.0, 0.0, 0.0, 1.0]]], "view": [[0.0, -2.0, 100.0], [-2.0, 0.0, 100.0], [0.0, 0.0, 1.0]], "bev": "bev_da0ecb00d0b34d13827d4c669caca76e.png", "aux": "aux_da0ecb00d0b34d13827d4c669caca76e.npz", "visibility": "visibility_da0ecb00d0b34d13827d4c669caca76e.png", "pose": [[0.4820157587528229, -0.8761625289916992, 0.0, 679.0537719726562], [0.8761625289916992, 0.4820157587528229, 0.0, 1344.3050537109375], [0.0, 0.0, 1.0, 0.0], [0.0, 0.0, 0.0, 1.0]], "pose_inverse": [[0.4820157587528229, 0.8761625289916992, 0.0, -1505.1444091796875], [-0.8761625289916992, 0.4820157587528229, 0.0, -53.01473617553711], [0.0, 0.0, 1.0, 0.0], [0.0, 0.0, 0.0, 1.0]], "cam_ids": [0, 1, 2, 3, 4, 5], "cam_channels": ["CAM_FRONT_LEFT", "CAM_FRONT", "CAM_FRONT_RIGHT", "CAM_BACK_LEFT", "CAM_BACK", "CAM_BACK_RIGHT"], "token": "da0ecb00d0b34d13827d4c669caca76e", "scene": "scene-0651"}, {"images": ["samples/CAM_FRONT_LEFT/n008-2018-09-18-14-43-59-0400__CAM_FRONT_LEFT__1537296642754801.jpg", "samples/CAM_FRONT/n008-2018-09-18-14-43-59-0400__CAM_FRONT__1537296642762404.jpg", "samples/CAM_FRONT_RIGHT/n008-2018-09-18-14-43-59-0400__CAM_FRONT_RIGHT__1537296642770482.jpg", "samples/CAM_BACK_LEFT/n008-2018-09-18-14-43-59-0400__CAM_BACK_LEFT__1537296642797405.jpg", "samples/CAM_BACK/n008-2018-09-18-14-43-59-0400__CAM_BACK__1537296642787558.jpg", "samples/CAM_BACK_RIGHT/n008-2018-09-18-14-43-59-0400__CAM_BACK_RIGHT__1537296642778113.jpg"], "intrinsics": [[[1257.8625342125129, 0.0, 827.2410631095686], [0.0, 1257.8625342125129, 450.915498205774], [0.0, 0.0, 1.0]], [[1252.8131021185304, 0.0, 826.588114781398], [0.0, 1252.8131021185304, 469.9846626224581], [0.0, 0.0, 1.0]], [[1256.7485116440405, 0.0, 817.7887570959712], [0.0, 1256.7485116440403, 451.9541780095127], [0.0, 0.0, 1.0]], [[1254.9860565800168, 0.0, 829.5769333630991], [0.0, 1254.9860565800168, 467.1680561863987], [0.0, 0.0, 1.0]], [[796.8910634503094, 0.0, 857.7774326863696], [0.0, 796.8910634503094, 476.8848988407415], [0.0, 0.0, 1.0]], [[1249.9629280788233, 0.0, 825.3768045375984], [0.0, 1249.9629280788233, 462.54816385708756], [0.0, 0.0, 1.0]]], "extrinsics": [[[0.822538435459137, -0.5687066316604614, -0.001807464868761599, -0.9674072265625], [0.014573074877262115, 0.02425442822277546, -0.9995995759963989, 1.4889659881591797], [0.5685228109359741, 0.8221827745437622, 0.028238004073500633, -1.30718994140625], [0.0, 0.0, 0.0, 1.0]], [[0.010355728678405285, -0.9997462630271912, -0.02000376768410206, 0.00574493408203125], [0.01657239720225334, 0.020173687487840652, -0.9996591210365295, 1.4808006286621094], [0.9998090267181396, 0.010020634159445763, 0.016777105629444122, -1.6964111328125], [0.0, 0.0, 0.0, 1.0]], [[-0.8438127636909485, -0.5359592437744141, -0.02697388082742691, 1.0650634765625], [0.02463727630674839, 0.01152075082063675, -0.9996300339698792, 1.4938201904296875], [0.53607177734375, -0.8441652059555054, 0.003483219537883997, -1.26129150390625], [0.0, 0.0, 0.0, 1.0]], [[0.9478521347045898, 0.3186102509498596, 0.00798436813056469, -1.141357421875], [-0.0006043329485692084, 0.026848815381526947, -0.9996393322944641, 1.5620452165603638], [-0.31870967149734497, 0.9475054144859314, 0.02564125508069992, -0.156890869140625], [0.0, 0.0, 0.0, 1.0]], [[0.009082821197807789, 0.9997732043266296, 0.01926228404045105, -0.0286865234375], [0.001475788070820272, 0.019249653443694115, -0.9998135566711426, 1.56808340549469], [-0.9999576807022095, 0.009109538048505783, -0.0013006114168092608, 0.0313720703125], [0.0, 0.0, 0.0, 1.0]], [[-0.9237005114555359, 0.3830595016479492, -0.006536462809890509, 1.139892578125], [0.005622270982712507, -0.0035060467198491096, -0.9999780654907227, 1.5479378700256348], [-0.38307395577430725, -0.9237169623374939, 0.0010848738020285964, -0.0523681640625], [0.0, 0.0, 0.0, 1.0]]], "view": [[0.0, -2.0, 100.0], [-2.0, 0.0, 100.0], [0.0, 0.0, 1.0]], "bev": "bev_7d783d728ac4471ea80161700a930389.png", "aux": "aux_7d783d728ac4471ea80161700a930389.npz", "visibility": "visibility_7d783d728ac4471ea80161700a930389.png", "pose": [[0.4815172553062439, -0.8764365911483765, 0.0, 679.2256469726562], [0.8764365911483765, 0.4815172553062439, 0.0, 1344.61767578125], [0.0, 0.0, 1.0, 0.0], [0.0, 0.0, 0.0, 1.0]], "pose_inverse": [[0.4815172553062439, 0.8764365911483765, 0.0, -1505.531005859375], [-0.8764365911483765, 0.4815172553062439, 0.0, -52.15836715698242], [0.0, 0.0, 1.0, 0.0], [0.0, 0.0, 0.0, 1.0]], "cam_ids": [0, 1, 2, 3, 4, 5], "cam_channels": ["CAM_FRONT_LEFT", "CAM_FRONT", "CAM_FRONT_RIGHT", "CAM_BACK_LEFT", "CAM_BACK", "CAM_BACK_RIGHT"], "token": "7d783d728ac4471ea80161700a930389", "scene": "scene-0651"}, {"images": ["samples/CAM_FRONT_LEFT/n008-2018-09-18-14-43-59-0400__CAM_FRONT_LEFT__1537296643254799.jpg", "samples/CAM_FRONT/n008-2018-09-18-14-43-59-0400__CAM_FRONT__1537296643262404.jpg", "samples/CAM_FRONT_RIGHT/n008-2018-09-18-14-43-59-0400__CAM_FRONT_RIGHT__1537296643270482.jpg", "samples/CAM_BACK_LEFT/n008-2018-09-18-14-43-59-0400__CAM_BACK_LEFT__1537296643297405.jpg", "samples/CAM_BACK/n008-2018-09-18-14-43-59-0400__CAM_BACK__1537296643287571.jpg", "samples/CAM_BACK_RIGHT/n008-2018-09-18-14-43-59-0400__CAM_BACK_RIGHT__1537296643278113.jpg"], "intrinsics": [[[1257.8625342125129, 0.0, 827.2410631095686], [0.0, 1257.8625342125129, 450.915498205774], [0.0, 0.0, 1.0]], [[1252.8131021185304, 0.0, 826.588114781398], [0.0, 1252.8131021185304, 469.9846626224581], [0.0, 0.0, 1.0]], [[1256.7485116440405, 0.0, 817.7887570959712], [0.0, 1256.7485116440403, 451.9541780095127], [0.0, 0.0, 1.0]], [[1254.9860565800168, 0.0, 829.5769333630991], [0.0, 1254.9860565800168, 467.1680561863987], [0.0, 0.0, 1.0]], [[796.8910634503094, 0.0, 857.7774326863696], [0.0, 796.8910634503094, 476.8848988407415], [0.0, 0.0, 1.0]], [[1249.9629280788233, 0.0, 825.3768045375984], [0.0, 1249.9629280788233, 462.54816385708756], [0.0, 0.0, 1.0]]], "extrinsics": [[[0.8227899670600891, -0.5683400630950928, 0.0025001924950629473, -0.9371337890625], [0.018905548378825188, 0.022972531616687775, -0.9995573163032532, 1.4898414611816406], [0.5680310130119324, 0.8224730491638184, 0.02964634820818901, -1.286865234375], [0.0, 0.0, 0.0, 1.0]], [[0.010809852741658688, -0.999767541885376, -0.018650926649570465, 0.006366729736328125], [0.020853769034147263, 0.018873360008001328, -0.9996044039726257, 1.4815959930419922], [0.9997240900993347, 0.010416664183139801, 0.02105294167995453, -1.6658935546875], [0.0, 0.0, 0.0, 1.0]], [[-0.8435360789299011, -0.5362434387207031, -0.029828714206814766, 1.0445556640625], [0.02886374667286873, 0.01019522175192833, -0.9995313286781311, 1.4946479797363281], [0.5362963080406189, -0.8440017700195312, 0.006877957843244076, -1.2479248046875], [0.0, 0.0, 0.0, 1.0]], [[0.9478156566619873, 0.31861037015914917, 0.011525408364832401, -1.139404296875], [0.0036128158681094646, 0.02541450783610344, -0.9996705055236816, 1.5620598793029785], [-0.3187982738018036, 0.9475449323654175, 0.022937189787626266, -0.15771484375], [0.0, 0.0, 0.0, 1.0]], [[0.008902234025299549, 0.999799907207489, 0.017908131703734398, -0.02880859375], [0.005676990374922752, 0.017858020961284637, -0.9998244047164917, 1.568192958831787], [-0.999944269657135, 0.00900233630090952, -0.005516878329217434, 0.020751953125], [0.0, 0.0, 0.0, 1.0]], [[-0.9237451553344727, 0.3828519582748413, -0.010922065936028957, 1.1224365234375], [0.009806247428059578, -0.004865952301770449, -0.999940037727356, 1.5482168197631836], [-0.38288208842277527, -0.9237968325614929, 0.0007405602373182774, -0.0592041015625], [0.0, 0.0, 0.0, 1.0]]], "view": [[0.0, -2.0, 100.0], [-2.0, 0.0, 100.0], [0.0, 0.0, 1.0]], "bev": "bev_8157174865674b16b6621e1bb234e3e7.png", "aux": "aux_8157174865674b16b6621e1bb234e3e7.npz", "visibility": "visibility_8157174865674b16b6621e1bb234e3e7.png", "pose": [[0.48285111784935, -0.875702440738678, 0.0, 679.5850830078125], [0.875702440738678, 0.48285111784935, 0.0, 1345.270263671875], [0.0, 0.0, 1.0, 0.0], [0.0, 0.0, 0.0, 1.0]], "pose_inverse": [[0.48285111784935, 0.875702440738678, 0.0, -1506.1949462890625], [-0.875702440738678, 0.48285111784935, 0.0, -54.450897216796875], [0.0, 0.0, 1.0, 0.0], [0.0, 0.0, 0.0, 1.0]], "cam_ids": [0, 1, 2, 3, 4, 5], "cam_channels": ["CAM_FRONT_LEFT", "CAM_FRONT", "CAM_FRONT_RIGHT", "CAM_BACK_LEFT", "CAM_BACK", "CAM_BACK_RIGHT"], "token": "8157174865674b16b6621e1bb234e3e7", "scene": "scene-0651"}, {"images": ["samples/CAM_FRONT_LEFT/n008-2018-09-18-14-43-59-0400__CAM_FRONT_LEFT__1537296643754799.jpg", "samples/CAM_FRONT/n008-2018-09-18-14-43-59-0400__CAM_FRONT__1537296643762404.jpg", "samples/CAM_FRONT_RIGHT/n008-2018-09-18-14-43-59-0400__CAM_FRONT_RIGHT__1537296643770482.jpg", "samples/CAM_BACK_LEFT/n008-2018-09-18-14-43-59-0400__CAM_BACK_LEFT__1537296643797405.jpg", "samples/CAM_BACK/n008-2018-09-18-14-43-59-0400__CAM_BACK__1537296643787558.jpg", "samples/CAM_BACK_RIGHT/n008-2018-09-18-14-43-59-0400__CAM_BACK_RIGHT__1537296643778113.jpg"], "intrinsics": [[[1257.8625342125129, 0.0, 827.2410631095686], [0.0, 1257.8625342125129, 450.915498205774], [0.0, 0.0, 1.0]], [[1252.8131021185304, 0.0, 826.588114781398], [0.0, 1252.8131021185304, 469.9846626224581], [0.0, 0.0, 1.0]], [[1256.7485116440405, 0.0, 817.7887570959712], [0.0, 1256.7485116440403, 451.9541780095127], [0.0, 0.0, 1.0]], [[1254.9860565800168, 0.0, 829.5769333630991], [0.0, 1254.9860565800168, 467.1680561863987], [0.0, 0.0, 1.0]], [[796.8910634503094, 0.0, 857.7774326863696], [0.0, 796.8910634503094, 476.8848988407415], [0.0, 0.0, 1.0]], [[1249.9629280788233, 0.0, 825.3768045375984], [0.0, 1249.9629280788233, 462.54816385708756], [0.0, 0.0, 1.0]]], "extrinsics": [[[0.8226946592330933, -0.5684821605682373, 0.0012484408216550946, -0.9151611328125], [0.01726866327226162, 0.022795628756284714, -0.9995909929275513, 1.4901790618896484], [0.5682212114334106, 0.8223797082901001, 0.028570769354701042, -1.2713623046875], [0.0, 0.0, 0.0, 1.0]], [[0.010610351338982582, -0.999772846698761, -0.018480809405446053, 0.0063934326171875], [0.019136633723974228, 0.018681488931179047, -0.9996423125267029, 1.4819107055664062], [0.9997605681419373, 0.01025290135294199, 0.019330505281686783, -1.6434326171875], [0.0, 0.0, 0.0, 1.0]], [[-0.8436740636825562, -0.5361135005950928, -0.028218427672982216, 1.02978515625], [0.027067841961979866, 0.010016972199082375, -0.9995834231376648, 1.4950218200683594], [0.5361728072166443, -0.8440864086151123, 0.006060376297682524, -1.2388916015625], [0.0, 0.0, 0.0, 1.0]], [[0.9478347301483154, 0.31861889362335205, 0.009557030163705349, -1.1358642578125], [0.0015444194432348013, 0.025391101837158203, -0.9996764063835144, 1.5620553493499756], [-0.31875845789909363, 0.9475427269935608, 0.02357448637485504, -0.1588134765625], [0.0, 0.0, 0.0, 1.0]], [[0.009005126543343067, 0.9998009204864502, 0.01780860312283039, -0.0286102294921875], [0.0037824721075594425, 0.017775138840079308, -0.9998348355293274, 1.5681815147399902], [-0.9999523162841797, 0.009071016684174538, -0.00362165248952806, 0.0126953125], [0.0, 0.0, 0.0, 1.0]], [[-0.9237123727798462, 0.38297465443611145, -0.009263444691896439, 1.1107177734375], [0.007954718545079231, -0.005000758916139603, -0.9999558925628662, 1.5482425689697266], [-0.3830040395259857, -0.923745334148407, 0.0015728073194622993, -0.0643310546875], [0.0, 0.0, 0.0, 1.0]]], "view": [[0.0, -2.0, 100.0], [-2.0, 0.0, 100.0], [0.0, 0.0, 1.0]], "bev": "bev_4fb62dc1081e467ea48a09cdd5161f91.png", "aux": "aux_4fb62dc1081e467ea48a09cdd5161f91.npz", "visibility": "visibility_4fb62dc1081e467ea48a09cdd5161f91.png", "pose": [[0.4854336977005005, -0.8742734789848328, 0.0, 680.0961303710938], [0.8742734789848328, 0.4854336977005005, 0.0, 1346.193603515625], [0.0, 0.0, 1.0, 0.0], [0.0, 0.0, 0.0, 1.0]], "pose_inverse": [[0.4854336977005005, 0.8742734789848328, 0.0, -1507.0830078125], [-0.8742734789848328, 0.4854336977005005, 0.0, -58.89775085449219], [0.0, 0.0, 1.0, 0.0], [0.0, 0.0, 0.0, 1.0]], "cam_ids": [0, 1, 2, 3, 4, 5], "cam_channels": ["CAM_FRONT_LEFT", "CAM_FRONT", "CAM_FRONT_RIGHT", "CAM_BACK_LEFT", "CAM_BACK", "CAM_BACK_RIGHT"], "token": "4fb62dc1081e467ea48a09cdd5161f91", "scene": "scene-0651"}, {"images": ["samples/CAM_FRONT_LEFT/n008-2018-09-18-14-43-59-0400__CAM_FRONT_LEFT__1537296644254799.jpg", "samples/CAM_FRONT/n008-2018-09-18-14-43-59-0400__CAM_FRONT__1537296644262404.jpg", "samples/CAM_FRONT_RIGHT/n008-2018-09-18-14-43-59-0400__CAM_FRONT_RIGHT__1537296644270482.jpg", "samples/CAM_BACK_LEFT/n008-2018-09-18-14-43-59-0400__CAM_BACK_LEFT__1537296644297405.jpg", "samples/CAM_BACK/n008-2018-09-18-14-43-59-0400__CAM_BACK__1537296644287558.jpg", "samples/CAM_BACK_RIGHT/n008-2018-09-18-14-43-59-0400__CAM_BACK_RIGHT__1537296644278113.jpg"], "intrinsics": [[[1257.8625342125129, 0.0, 827.2410631095686], [0.0, 1257.8625342125129, 450.915498205774], [0.0, 0.0, 1.0]], [[1252.8131021185304, 0.0, 826.588114781398], [0.0, 1252.8131021185304, 469.9846626224581], [0.0, 0.0, 1.0]], [[1256.7485116440405, 0.0, 817.7887570959712], [0.0, 1256.7485116440403, 451.9541780095127], [0.0, 0.0, 1.0]], [[1254.9860565800168, 0.0, 829.5769333630991], [0.0, 1254.9860565800168, 467.1680561863987], [0.0, 0.0, 1.0]], [[796.8910634503094, 0.0, 857.7774326863696], [0.0, 796.8910634503094, 476.8848988407415], [0.0, 0.0, 1.0]], [[1249.9629280788233, 0.0, 825.3768045375984], [0.0, 1249.9629280788233, 462.54816385708756], [0.0, 0.0, 1.0]]], "extrinsics": [[[0.8227624297142029, -0.5683832764625549, -0.0015955668641254306, -0.90673828125], [0.013903804123401642, 0.0229326244443655, -0.9996402859687805, 1.489959716796875], [0.5682154297828674, 0.8224443197250366, 0.026770789176225662, -1.2652587890625], [0.0, 0.0, 0.0, 1.0]], [[0.01067082304507494, -0.9997732639312744, -0.01843053102493286, 0.0063629150390625], [0.01574230007827282, 0.018597261980175972, -0.9997031092643738, 1.481729507446289], [0.9998190999031067, 0.010377462953329086, 0.01593717746436596, -1.6356201171875], [0.0, 0.0, 0.0, 1.0]], [[-0.8437002897262573, -0.5362294316291809, -0.02505798265337944, 1.02490234375], [0.023570284247398376, 0.009629471227526665, -0.9996758103370667, 1.4949111938476562], [0.5362969040870667, -0.8440173864364624, 0.004514691885560751, -1.23583984375], [0.0, 0.0, 0.0, 1.0]], [[0.9478619694709778, 0.3186424672603607, 0.004970585461705923, -1.13671875], [-0.002751573920249939, 0.023779859766364098, -0.9997134208679199, 1.5620238780975342], [-0.3186693489551544, 0.947576642036438, 0.023416792973876, -0.15850830078125], [0.0, 0.0, 0.0, 1.0]], [[0.009010414592921734, 0.9998211860656738, 0.016628628596663475, -0.0284271240234375], [-0.0002941139682661742, 0.016631951555609703, -0.9998615980148315, 1.568052053451538], [-0.999959409236908, 0.009004250168800354, 0.0004439206968527287, 0.0111083984375], [0.0, 0.0, 0.0, 1.0]], [[-0.9237831234931946, 0.38286715745925903, -0.006125480867922306, 1.1072998046875], [0.004258188884705305, -0.005724395625293255, -0.9999745488166809, 1.5480561256408691], [-0.382892370223999, -0.9237856864929199, 0.0036577791906893253, -0.06585693359375], [0.0, 0.0, 0.0, 1.0]]], "view": [[0.0, -2.0, 100.0], [-2.0, 0.0, 100.0], [0.0, 0.0, 1.0]], "bev": "bev_8728d2d6684847c699bde76ecea95867.png", "aux": "aux_8728d2d6684847c699bde76ecea95867.npz", "visibility": "visibility_8728d2d6684847c699bde76ecea95867.png", "pose": [[0.4885542094707489, -0.8725335597991943, 0.0, 680.7239379882812], [0.8725335597991943, 0.4885542094707489, 0.0, 1347.3126220703125], [0.0, 0.0, 1.0, 0.0], [0.0, 0.0, 0.0, 1.0]], "pose_inverse": [[0.4885542094707489, 0.8725335597991943, 0.0, -1508.14599609375], [-0.8725335597991943, 0.4885542094707489, 0.0, -64.28079986572266], [0.0, 0.0, 1.0, 0.0], [0.0, 0.0, 0.0, 1.0]], "cam_ids": [0, 1, 2, 3, 4, 5], "cam_channels": ["CAM_FRONT_LEFT", "CAM_FRONT", "CAM_FRONT_RIGHT", "CAM_BACK_LEFT", "CAM_BACK", "CAM_BACK_RIGHT"], "token": "8728d2d6684847c699bde76ecea95867", "scene": "scene-0651"}, {"images": ["samples/CAM_FRONT_LEFT/n008-2018-09-18-14-43-59-0400__CAM_FRONT_LEFT__1537296644754799.jpg", "samples/CAM_FRONT/n008-2018-09-18-14-43-59-0400__CAM_FRONT__1537296644762404.jpg", "samples/CAM_FRONT_RIGHT/n008-2018-09-18-14-43-59-0400__CAM_FRONT_RIGHT__1537296644770482.jpg", "samples/CAM_BACK_LEFT/n008-2018-09-18-14-43-59-0400__CAM_BACK_LEFT__1537296644797405.jpg", "samples/CAM_BACK/n008-2018-09-18-14-43-59-0400__CAM_BACK__1537296644787558.jpg", "samples/CAM_BACK_RIGHT/n008-2018-09-18-14-43-59-0400__CAM_BACK_RIGHT__1537296644778113.jpg"], "intrinsics": [[[1257.8625342125129, 0.0, 827.2410631095686], [0.0, 1257.8625342125129, 450.915498205774], [0.0, 0.0, 1.0]], [[1252.8131021185304, 0.0, 826.588114781398], [0.0, 1252.8131021185304, 469.9846626224581], [0.0, 0.0, 1.0]], [[1256.7485116440405, 0.0, 817.7887570959712], [0.0, 1256.7485116440403, 451.9541780095127], [0.0, 0.0, 1.0]], [[1254.9860565800168, 0.0, 829.5769333630991], [0.0, 1254.9860565800168, 467.1680561863987], [0.0, 0.0, 1.0]], [[796.8910634503094, 0.0, 857.7774326863696], [0.0, 796.8910634503094, 476.8848988407415], [0.0, 0.0, 1.0]], [[1249.9629280788233, 0.0, 825.3768045375984], [0.0, 1249.9629280788233, 462.54816385708756], [0.0, 0.0, 1.0]]], "extrinsics": [[[0.8225388526916504, -0.5686516165733337, -0.008074639365077019, -0.8970947265625], [0.007661366369575262, 0.025276631116867065, -0.9996511340141296, 1.4892845153808594], [0.5686572790145874, 0.8221901059150696, 0.025147659704089165, -1.25927734375], [0.0, 0.0, 0.0, 1.0]], [[0.010236917994916439, -0.9997240304946899, -0.021142490208148956, 0.00676727294921875], [0.009456419385969639, 0.021239440888166428, -0.9997296929359436, 1.4811830520629883], [0.9999029040336609, 0.01003431249409914, 0.00967123731970787, -1.626220703125], [0.0, 0.0, 0.0, 1.0]], [[-0.8439932465553284, -0.5359265804290771, -0.021402141079306602, 1.0194091796875], [0.017343128100037575, 0.012613173574209213, -0.9997700452804565, 1.4945316314697266], [0.5360732674598694, -0.8441703915596008, -0.0013507904950529337, -1.2320556640625], [0.0, 0.0, 0.0, 1.0]], [[0.9478738307952881, 0.3186444938182831, 0.0009285166743211448, -1.1363525390625], [-0.008409987203776836, 0.027929961681365967, -0.9995745420455933, 1.5619745254516602], [-0.31853488087654114, 0.947462797164917, 0.02915387600660324, -0.158660888671875], [0.0, 0.0, 0.0, 1.0]], [[0.009227710776031017, 0.9997508525848389, 0.020323369652032852, -0.028594970703125], [-0.006145082414150238, 0.020380547270178795, -0.999773383140564, 1.5678400993347168], [-0.9999385476112366, 0.009100673720240593, 0.006331617012619972, 0.008544921875], [0.0, 0.0, 0.0, 1.0]], [[-0.9237150549888611, 0.38307949900627136, 0.0007611266919411719, 1.103271484375], [-0.0018165643559768796, -0.002393405418843031, -0.9999954700469971, 1.547699213027954], [-0.38307592272758484, -0.9237123131752014, 0.002906712470576167, -0.0672607421875], [0.0, 0.0, 0.0, 1.0]]], "view": [[0.0, -2.0, 100.0], [-2.0, 0.0, 100.0], [0.0, 0.0, 1.0]], "bev": "bev_08182f0842e84a2e80079b75515a8a02.png", "aux": "aux_08182f0842e84a2e80079b75515a8a02.npz", "visibility": "visibility_08182f0842e84a2e80079b75515a8a02.png", "pose": [[0.491147518157959, -0.8710764050483704, 0.0, 681.4146728515625], [0.8710764050483704, 0.491147518157959, 0.0, 1348.531982421875], [0.0, 0.0, 1.0, 0.0], [0.0, 0.0, 0.0, 1.0]], "pose_inverse": [[0.491147518157959, 0.8710764050483704, 0.0, -1509.3494873046875], [-0.8710764050483704, 0.491147518157959, 0.0, -68.76387023925781], [0.0, 0.0, 1.0, 0.0], [0.0, 0.0, 0.0, 1.0]], "cam_ids": [0, 1, 2, 3, 4, 5], "cam_channels": ["CAM_FRONT_LEFT", "CAM_FRONT", "CAM_FRONT_RIGHT", "CAM_BACK_LEFT", "CAM_BACK", "CAM_BACK_RIGHT"], "token": "08182f0842e84a2e80079b75515a8a02", "scene": "scene-0651"}, {"images": ["samples/CAM_FRONT_LEFT/n008-2018-09-18-14-43-59-0400__CAM_FRONT_LEFT__1537296645254799.jpg", "samples/CAM_FRONT/n008-2018-09-18-14-43-59-0400__CAM_FRONT__1537296645262404.jpg", "samples/CAM_FRONT_RIGHT/n008-2018-09-18-14-43-59-0400__CAM_FRONT_RIGHT__1537296645270482.jpg", "samples/CAM_BACK_LEFT/n008-2018-09-18-14-43-59-0400__CAM_BACK_LEFT__1537296645297405.jpg", "samples/CAM_BACK/n008-2018-09-18-14-43-59-0400__CAM_BACK__1537296645287558.jpg", "samples/CAM_BACK_RIGHT/n008-2018-09-18-14-43-59-0400__CAM_BACK_RIGHT__1537296645278113.jpg"], "intrinsics": [[[1257.8625342125129, 0.0, 827.2410631095686], [0.0, 1257.8625342125129, 450.915498205774], [0.0, 0.0, 1.0]], [[1252.8131021185304, 0.0, 826.588114781398], [0.0, 1252.8131021185304, 469.9846626224581], [0.0, 0.0, 1.0]], [[1256.7485116440405, 0.0, 817.7887570959712], [0.0, 1256.7485116440403, 451.9541780095127], [0.0, 0.0, 1.0]], [[1254.9860565800168, 0.0, 829.5769333630991], [0.0, 1254.9860565800168, 467.1680561863987], [0.0, 0.0, 1.0]], [[796.8910634503094, 0.0, 857.7774326863696], [0.0, 796.8910634503094, 476.8848988407415], [0.0, 0.0, 1.0]], [[1249.9629280788233, 0.0, 825.3768045375984], [0.0, 1249.9629280788233, 462.54816385708756], [0.0, 0.0, 1.0]]], "extrinsics": [[[0.8227465152740479, -0.5683214068412781, -0.009952666237950325, -0.890380859375], [0.0018521762685850263, 0.020190147683024406, -0.9997944235801697, 1.4885501861572266], [0.5684054493904114, 0.8225589394569397, 0.017664005979895592, -1.2542724609375], [0.0, 0.0, 0.0, 1.0]], [[0.010546180419623852, -0.9998168349266052, -0.01597200334072113, 0.006763458251953125], [0.003914032131433487, 0.016014045104384422, -0.9998641014099121, 1.480614185333252], [0.9999367594718933, 0.010482260026037693, 0.0040822019800543785, -1.6192626953125], [0.0, 0.0, 0.0, 1.0]], [[-0.8438921570777893, -0.536328911781311, -0.014048932120203972, 1.0142822265625], [0.012041081674396992, 0.007245872635394335, -0.9999012351036072, 1.494161605834961], [0.5363777875900269, -0.8439780473709106, 0.00034324522130191326, -1.2288818359375], [0.0, 0.0, 0.0, 1.0]], [[0.9478502869606018, 0.31866973638534546, -0.005428402218967676, -1.1383056640625], [-0.013185138814151287, 0.022188939154148102, -0.9996668696403503, 1.5619659423828125], [-0.3184431791305542, 0.947606086730957, 0.025233495980501175, -0.158050537109375], [0.0, 0.0, 0.0, 1.0]], [[0.009151273407042027, 0.999851405620575, 0.014606449753046036, -0.0285491943359375], [-0.01110477838665247, 0.014707776717841625, -0.9998301267623901, 1.5676469802856445], [-0.9998964071273804, 0.008987531065940857, 0.011237723752856255, 0.0072021484375], [0.0, 0.0, 0.0, 1.0]], [[-0.9238166213035583, 0.3828204870223999, 0.003373301587998867, 1.09912109375], [-0.006929141469299793, -0.007910079322755337, -0.9999446868896484, 1.5473518371582031], [-0.38277262449264526, -0.9237889051437378, 0.009960080496966839, -0.06903076171875], [0.0, 0.0, 0.0, 1.0]]], "view": [[0.0, -2.0, 100.0], [-2.0, 0.0, 100.0], [0.0, 0.0, 1.0]], "bev": "bev_5073851cff8f4ee9851e27d98a09dfef.png", "aux": "aux_5073851cff8f4ee9851e27d98a09dfef.npz", "visibility": "visibility_5073851cff8f4ee9851e27d98a09dfef.png", "pose": [[0.4906812608242035, -0.8713391423225403, 0.0, 682.166259765625], [0.8713391423225403, 0.4906812608242035, 0.0, 1349.8602294921875], [0.0, 0.0, 1.0, 0.0], [0.0, 0.0, 0.0, 1.0]], "pose_inverse": [[0.4906812608242035, 0.8713391423225403, 0.0, -1510.9122314453125], [-0.8713391423225403, 0.4906812608242035, 0.0, -67.95293426513672], [0.0, 0.0, 1.0, 0.0], [0.0, 0.0, 0.0, 1.0]], "cam_ids": [0, 1, 2, 3, 4, 5], "cam_channels": ["CAM_FRONT_LEFT", "CAM_FRONT", "CAM_FRONT_RIGHT", "CAM_BACK_LEFT", "CAM_BACK", "CAM_BACK_RIGHT"], "token": "5073851cff8f4ee9851e27d98a09dfef", "scene": "scene-0651"}, {"images": ["samples/CAM_FRONT_LEFT/n008-2018-09-18-14-43-59-0400__CAM_FRONT_LEFT__1537296645754799.jpg", "samples/CAM_FRONT/n008-2018-09-18-14-43-59-0400__CAM_FRONT__1537296645762404.jpg", "samples/CAM_FRONT_RIGHT/n008-2018-09-18-14-43-59-0400__CAM_FRONT_RIGHT__1537296645770482.jpg", "samples/CAM_BACK_LEFT/n008-2018-09-18-14-43-59-0400__CAM_BACK_LEFT__1537296645797405.jpg", "samples/CAM_BACK/n008-2018-09-18-14-43-59-0400__CAM_BACK__1537296645787558.jpg", "samples/CAM_BACK_RIGHT/n008-2018-09-18-14-43-59-0400__CAM_BACK_RIGHT__1537296645778113.jpg"], "intrinsics": [[[1257.8625342125129, 0.0, 827.2410631095686], [0.0, 1257.8625342125129, 450.915498205774], [0.0, 0.0, 1.0]], [[1252.8131021185304, 0.0, 826.588114781398], [0.0, 1252.8131021185304, 469.9846626224581], [0.0, 0.0, 1.0]], [[1256.7485116440405, 0.0, 817.7887570959712], [0.0, 1256.7485116440403, 451.9541780095127], [0.0, 0.0, 1.0]], [[1254.9860565800168, 0.0, 829.5769333630991], [0.0, 1254.9860565800168, 467.1680561863987], [0.0, 0.0, 1.0]], [[796.8910634503094, 0.0, 857.7774326863696], [0.0, 796.8910634503094, 476.8848988407415], [0.0, 0.0, 1.0]], [[1249.9629280788233, 0.0, 825.3768045375984], [0.0, 1249.9629280788233, 462.54816385708756], [0.0, 0.0, 1.0]]], "extrinsics": [[[0.8221257925033569, -0.5691096186637878, -0.014950658194720745, -0.8922119140625], [-0.0024236945901066065, 0.022762151435017586, -0.9997379779815674, 1.4879565238952637], [0.5693007707595825, 0.8219465613365173, 0.017334003001451492, -1.25555419921875], [0.0, 0.0, 0.0, 1.0]], [[0.009633157402276993, -0.9997805953025818, -0.01860015094280243, 0.006633758544921875], [-0.0005903870915062726, 0.018595324829220772, -0.999826967716217, 1.480093002319336], [0.9999534487724304, 0.009642471559345722, -0.000411123939557001, -1.6214599609375], [0.0, 0.0, 0.0, 1.0]], [[-0.8443074822425842, -0.5357361435890198, -0.011473064310848713, 1.0164794921875], [0.0073353201150894165, 0.009853605180978775, -0.9999244809150696, 1.4937143325805664], [0.5358087420463562, -0.844327986240387, -0.0043896776624023914, -1.23016357421875], [0.0, 0.0, 0.0, 1.0]], [[0.947841465473175, 0.31860166788101196, -0.009465333074331284, -1.137939453125], [-0.018349897116422653, 0.024896249175071716, -0.9995216131210327, 1.561929702758789], [-0.31821364164352417, 0.9475617408752441, 0.029444005340337753, -0.158111572265625], [0.0, 0.0, 0.0, 1.0]], [[0.009516328573226929, 0.9998053908348083, 0.01728251948952675, -0.02863311767578125], [-0.016108961775898933, 0.017434341832995415, -0.999718189239502, 1.5674819946289062], [-0.9998250007629395, 0.009235246106982231, 0.016271736472845078, 0.0084228515625], [0.0, 0.0, 0.0, 1.0]], [[-0.9235965609550476, 0.38326287269592285, 0.008884571492671967, 1.1009521484375], [-0.011793320998549461, -0.005240372847765684, -0.9999167323112488, 1.547048568725586], [-0.3831842839717865, -0.9236245155334473, 0.009359931573271751, -0.06829833984375], [0.0, 0.0, 0.0, 1.0]]], "view": [[0.0, -2.0, 100.0], [-2.0, 0.0, 100.0], [0.0, 0.0, 1.0]], "bev": "bev_8c0014a473e24b5fbb65ea2ae9d51690.png", "aux": "aux_8c0014a473e24b5fbb65ea2ae9d51690.npz", "visibility": "visibility_8c0014a473e24b5fbb65ea2ae9d51690.png", "pose": [[0.48982933163642883, -0.8718183636665344, 0.0, 682.922119140625], [0.8718183636665344, 0.48982933163642883, 0.0, 1351.1949462890625], [0.0, 0.0, 1.0, 0.0], [0.0, 0.0, 0.0, 1.0]], "pose_inverse": [[0.48982933163642883, 0.8718183636665344, 0.0, -1512.5118408203125], [-0.8718183636665344, 0.48982933163642883, 0.0, -66.47089385986328], [0.0, 0.0, 1.0, 0.0], [0.0, 0.0, 0.0, 1.0]], "cam_ids": [0, 1, 2, 3, 4, 5], "cam_channels": ["CAM_FRONT_LEFT", "CAM_FRONT", "CAM_FRONT_RIGHT", "CAM_BACK_LEFT", "CAM_BACK", "CAM_BACK_RIGHT"], "token": "8c0014a473e24b5fbb65ea2ae9d51690", "scene": "scene-0651"}, {"images": ["samples/CAM_FRONT_LEFT/n008-2018-09-18-14-43-59-0400__CAM_FRONT_LEFT__1537296646254799.jpg", "samples/CAM_FRONT/n008-2018-09-18-14-43-59-0400__CAM_FRONT__1537296646262404.jpg", "samples/CAM_FRONT_RIGHT/n008-2018-09-18-14-43-59-0400__CAM_FRONT_RIGHT__1537296646270482.jpg", "samples/CAM_BACK_LEFT/n008-2018-09-18-14-43-59-0400__CAM_BACK_LEFT__1537296646297405.jpg", "samples/CAM_BACK/n008-2018-09-18-14-43-59-0400__CAM_BACK__1537296646287558.jpg", "samples/CAM_BACK_RIGHT/n008-2018-09-18-14-43-59-0400__CAM_BACK_RIGHT__1537296646278113.jpg"], "intrinsics": [[[1257.8625342125129, 0.0, 827.2410631095686], [0.0, 1257.8625342125129, 450.915498205774], [0.0, 0.0, 1.0]], [[1252.8131021185304, 0.0, 826.588114781398], [0.0, 1252.8131021185304, 469.9846626224581], [0.0, 0.0, 1.0]], [[1256.7485116440405, 0.0, 817.7887570959712], [0.0, 1256.7485116440403, 451.9541780095127], [0.0, 0.0, 1.0]], [[1254.9860565800168, 0.0, 829.5769333630991], [0.0, 1254.9860565800168, 467.1680561863987], [0.0, 0.0, 1.0]], [[796.8910634503094, 0.0, 857.7774326863696], [0.0, 796.8910634503094, 476.8848988407415], [0.0, 0.0, 1.0]], [[1249.9629280788233, 0.0, 825.3768045375984], [0.0, 1249.9629280788233, 462.54816385708756], [0.0, 0.0, 1.0]]], "extrinsics": [[[0.822415292263031, -0.5687047839164734, -0.014422646723687649, -0.9007568359375], [-0.0027001197449862957, 0.021449889987707138, -0.9997662901878357, 1.487945795059204], [0.5688812732696533, 0.8222619891166687, 0.01610514521598816, -1.26165771484375], [0.0, 0.0, 0.0, 1.0]], [[0.010051250457763672, -0.9997988939285278, -0.017351059243083, 0.006793975830078125], [-0.0007046169484965503, 0.017344849184155464, -0.9998493194580078, 1.480087161064148], [0.9999492168426514, 0.010061967186629772, -0.0005301377968862653, -1.6307373046875], [0.0, 0.0, 0.0, 1.0]], [[-0.8441364169120789, -0.5360183715820312, -0.01087040826678276, 1.0228271484375], [0.0073718056082725525, 0.008669285103678703, -0.9999352693557739, 1.4936637878417969], [0.5360778570175171, -0.8441618084907532, -0.0033666372764855623, -1.2342529296875], [0.0, 0.0, 0.0, 1.0]], [[0.9478340744972229, 0.31862860918045044, -0.009295773692429066, -1.1402587890625], [-0.017832109704613686, 0.023884348571300507, -0.9995557069778442, 1.5619735717773438], [-0.31826502084732056, 0.9475786685943604, 0.028320221230387688, -0.157379150390625], [0.0, 0.0, 0.0, 1.0]], [[0.00937985721975565, 0.999824583530426, 0.016209997236728668, -0.028594970703125], [-0.01578428409