[{"images": ["samples/CAM_FRONT_LEFT/n008-2018-09-18-15-26-58-0400__CAM_FRONT_LEFT__1537299001604799.jpg", "samples/CAM_FRONT/n008-2018-09-18-15-26-58-0400__CAM_FRONT__1537299001612404.jpg", "samples/CAM_FRONT_RIGHT/n008-2018-09-18-15-26-58-0400__CAM_FRONT_RIGHT__1537299001620482.jpg", "samples/CAM_BACK_LEFT/n008-2018-09-18-15-26-58-0400__CAM_BACK_LEFT__1537299001647405.jpg", "samples/CAM_BACK/n008-2018-09-18-15-26-58-0400__CAM_BACK__1537299001637558.jpg", "samples/CAM_BACK_RIGHT/n008-2018-09-18-15-26-58-0400__CAM_BACK_RIGHT__1537299001628113.jpg"], "intrinsics": [[[1257.8625342125129, 0.0, 827.2410631095686], [0.0, 1257.8625342125129, 450.915498205774], [0.0, 0.0, 1.0]], [[1252.8131021185304, 0.0, 826.588114781398], [0.0, 1252.8131021185304, 469.9846626224581], [0.0, 0.0, 1.0]], [[1256.7485116440405, 0.0, 817.7887570959712], [0.0, 1256.7485116440403, 451.9541780095127], [0.0, 0.0, 1.0]], [[1254.9860565800168, 0.0, 829.5769333630991], [0.0, 1254.9860565800168, 467.1680561863987], [0.0, 0.0, 1.0]], [[796.8910634503094, 0.0, 857.7774326863696], [0.0, 796.8910634503094, 476.8848988407415], [0.0, 0.0, 1.0]], [[1249.9629280788233, 0.0, 825.3768045375984], [0.0, 1249.9629280788233, 462.54816385708756], [0.0, 0.0, 1.0]]], "extrinsics": [[[0.8222854137420654, -0.5687801241874695, -0.018324846401810646, -0.7984619140625], [-0.005999439395964146, 0.02353491261601448, -0.9997049570083618, 1.4867382049560547], [0.5690435767173767, 0.8221527934074402, 0.015940053388476372, -1.1934814453125], [0.0, 0.0, 0.0, 1.0]], [[0.009876995347440243, -0.9997667074203491, -0.01921195350587368, 0.009368896484375], [-0.004117874428629875, 0.01917206309735775, -0.9998077154159546, 1.4792766571044922], [0.9999427795410156, 0.009954210370779037, -0.003927550744265318, -1.5284423828125], [0.0, 0.0, 0.0, 1.0]], [[-0.8442181944847107, -0.5359289646148682, -0.00870556477457285, 0.955322265625], [0.003826201194897294, 0.010215717367827892, -0.9999405145645142, 1.4936738014221191], [0.5359860062599182, -0.8442012667655945, -0.006573723163455725, -1.1895751953125], [0.0, 0.0, 0.0, 1.0]], [[0.9477836489677429, 0.31864818930625916, -0.013024254702031612, -1.130126953125], [-0.021977044641971588, 0.024516979232430458, -0.9994577765464783, 1.5617179870605469], [-0.31815609335899353, 0.9475559592247009, 0.030239734798669815, -0.16070556640625], [0.0, 0.0, 0.0, 1.0]], [[0.009486828930675983, 0.9998087882995605, 0.01710120588541031, -0.029022216796875], [-0.01973854750394821, 0.01728588156402111, -0.9996557235717773, 1.5667076110839844], [-0.9997602105140686, 0.009146043099462986, 0.019898761063814163, -0.0238037109375], [0.0, 0.0, 0.0, 1.0]], [[-0.923622727394104, 0.3831081688404083, 0.01221460197120905, 1.0498046875], [-0.015335336327552795, -0.005092706996947527, -0.9998694658279419, 1.5459861755371094], [-0.38299596309661865, -0.9236894845962524, 0.010578833520412445, -0.0885009765625], [0.0, 0.0, 0.0, 1.0]]], "view": [[0.0, -2.0, 100.0], [-2.0, 0.0, 100.0], [0.0, 0.0, 1.0]], "bev": "bev_53dce3c1eb6f42c78d9f0810dbf6466c.png", "aux": "aux_53dce3c1eb6f42c78d9f0810dbf6466c.npz", "visibility": "visibility_53dce3c1eb6f42c78d9f0810dbf6466c.png", "pose": [[0.647620439529419, -0.7619631290435791, 0.0, 1426.494140625], [0.7619631290435791, 0.647620439529419, 0.0, 1191.162109375], [0.0, 0.0, 1.0, 0.0], [0.0, 0.0, 0.0, 1.0]], "pose_inverse": [[0.647620439529419, 0.7619631290435791, 0.0, -1831.4483642578125], [-0.7619631290435791, 0.647620439529419, 0.0, 315.5149841308594], [0.0, 0.0, 1.0, 0.0], [0.0, 0.0, 0.0, 1.0]], "cam_ids": [0, 1, 2, 3, 4, 5], "cam_channels": ["CAM_FRONT_LEFT", "CAM_FRONT", "CAM_FRONT_RIGHT", "CAM_BACK_LEFT", "CAM_BACK", "CAM_BACK_RIGHT"], "token": "53dce3c1eb6f42c78d9f0810dbf6466c", "scene": "scene-0810"}, {"images": ["samples/CAM_FRONT_LEFT/n008-2018-09-18-15-26-58-0400__CAM_FRONT_LEFT__1537299002104799.jpg", "samples/CAM_FRONT/n008-2018-09-18-15-26-58-0400__CAM_FRONT__1537299002112404.jpg", "samples/CAM_FRONT_RIGHT/n008-2018-09-18-15-26-58-0400__CAM_FRONT_RIGHT__1537299002120482.jpg", "samples/CAM_BACK_LEFT/n008-2018-09-18-15-26-58-0400__CAM_BACK_LEFT__1537299002147405.jpg", "samples/CAM_BACK/n008-2018-09-18-15-26-58-0400__CAM_BACK__1537299002137558.jpg", "samples/CAM_BACK_RIGHT/n008-2018-09-18-15-26-58-0400__CAM_BACK_RIGHT__1537299002128113.jpg"], "intrinsics": [[[1257.8625342125129, 0.0, 827.2410631095686], [0.0, 1257.8625342125129, 450.915498205774], [0.0, 0.0, 1.0]], [[1252.8131021185304, 0.0, 826.588114781398], [0.0, 1252.8131021185304, 469.9846626224581], [0.0, 0.0, 1.0]], [[1256.7485116440405, 0.0, 817.7887570959712], [0.0, 1256.7485116440403, 451.9541780095127], [0.0, 0.0, 1.0]], [[1254.9860565800168, 0.0, 829.5769333630991], [0.0, 1254.9860565800168, 467.1680561863987], [0.0, 0.0, 1.0]], [[796.8910634503094, 0.0, 857.7774326863696], [0.0, 796.8910634503094, 476.8848988407415], [0.0, 0.0, 1.0]], [[1249.9629280788233, 0.0, 825.3768045375984], [0.0, 1249.9629280788233, 462.54816385708756], [0.0, 0.0, 1.0]]], "extrinsics": [[[0.8224431276321411, -0.5685204863548279, -0.01928485371172428, -0.8154296875], [-0.008757690899074078, 0.021242961287498474, -0.9997360110282898, 1.4862194061279297], [0.5687800645828247, 0.8223947882652283, 0.012492198497056961, -1.20672607421875], [0.0, 0.0, 0.0, 1.0]], [[0.010155884549021721, -0.9998022317886353, -0.01709580421447754, 0.010467529296875], [-0.006852298974990845, 0.01702670007944107, -0.9998315572738647, 1.478811264038086], [0.9999249577522278, 0.010271251201629639, -0.006678022909909487, -1.544677734375], [0.0, 0.0, 0.0, 1.0]], [[-0.84409099817276, -0.5361729860305786, -0.005365472752600908, 0.966064453125], [0.0011311563430354, 0.00822586752474308, -0.999965488910675, 1.4932177066802979], [0.536198616027832, -0.8440679907798767, -0.006336885038763285, -1.1954345703125], [0.0, 0.0, 0.0, 1.0]], [[0.9477571249008179, 0.31861412525177, -0.01553833857178688, -1.1348876953125], [-0.024174213409423828, 0.023168019950389862, -0.9994392395019531, 1.5618057250976562], [-0.3180754482746124, 0.947601318359375, 0.029659902676939964, -0.1593017578125], [0.0, 0.0, 0.0, 1.0]], [[0.00941480416804552, 0.9998359680175781, 0.015468894504010677, -0.029388427734375], [-0.022095035761594772, 0.0156738068908453, -0.9996329545974731, 1.5667076110839844], [-0.9997115731239319, 0.009069516323506832, 0.02223897911608219, -0.0166015625], [0.0, 0.0, 0.0, 1.0]], [[-0.9236669540405273, 0.38294678926467896, 0.013822716660797596, 1.0587158203125], [-0.017845921218395233, -0.0069552878849208355, -0.9998165369033813, 1.545867919921875], [-0.38278040289878845, -0.9237442016601562, 0.013258406892418861, -0.083953857421875], [0.0, 0.0, 0.0, 1.0]]], "view": [[0.0, -2.0, 100.0], [-2.0, 0.0, 100.0], [0.0, 0.0, 1.0]], "bev": "bev_291ff892eaf84f85a1fb6ec13cd18075.png", "aux": "aux_291ff892eaf84f85a1fb6ec13cd18075.npz", "visibility": "visibility_291ff892eaf84f85a1fb6ec13cd18075.png", "pose": [[0.6464037895202637, -0.7629954814910889, 0.0, 1428.198486328125], [0.7629954814910889, 0.6464037895202637, 0.0, 1193.1337890625], [0.0, 0.0, 1.0, 0.0], [0.0, 0.0, 0.0, 1.0]], "pose_inverse": [[0.6464037895202637, 0.7629954814910889, 0.0, -1833.548583984375], [-0.7629954814910889, 0.6464037895202637, 0.0, 318.4627685546875], [0.0, 0.0, 1.0, 0.0], [0.0, 0.0, 0.0, 1.0]], "cam_ids": [0, 1, 2, 3, 4, 5], "cam_channels": ["CAM_FRONT_LEFT", "CAM_FRONT", "CAM_FRONT_RIGHT", "CAM_BACK_LEFT", "CAM_BACK", "CAM_BACK_RIGHT"], "token": "291ff892eaf84f85a1fb6ec13cd18075", "scene": "scene-0810"}, {"images": ["samples/CAM_FRONT_LEFT/n008-2018-09-18-15-26-58-0400__CAM_FRONT_LEFT__1537299002604799.jpg", "samples/CAM_FRONT/n008-2018-09-18-15-26-58-0400__CAM_FRONT__1537299002612404.jpg", "samples/CAM_FRONT_RIGHT/n008-2018-09-18-15-26-58-0400__CAM_FRONT_RIGHT__1537299002620482.jpg", "samples/CAM_BACK_LEFT/n008-2018-09-18-15-26-58-0400__CAM_BACK_LEFT__1537299002647405.jpg", "samples/CAM_BACK/n008-2018-09-18-15-26-58-0400__CAM_BACK__1537299002637558.jpg", "samples/CAM_BACK_RIGHT/n008-2018-09-18-15-26-58-0400__CAM_BACK_RIGHT__1537299002628113.jpg"], "intrinsics": [[[1257.8625342125129, 0.0, 827.2410631095686], [0.0, 1257.8625342125129, 450.915498205774], [0.0, 0.0, 1.0]], [[1252.8131021185304, 0.0, 826.588114781398], [0.0, 1252.8131021185304, 469.9846626224581], [0.0, 0.0, 1.0]], [[1256.7485116440405, 0.0, 817.7887570959712], [0.0, 1256.7485116440403, 451.9541780095127], [0.0, 0.0, 1.0]], [[1254.9860565800168, 0.0, 829.5769333630991], [0.0, 1254.9860565800168, 467.1680561863987], [0.0, 0.0, 1.0]], [[796.8910634503094, 0.0, 857.7774326863696], [0.0, 796.8910634503094, 476.8848988407415], [0.0, 0.0, 1.0]], [[1249.9629280788233, 0.0, 825.3768045375984], [0.0, 1249.9629280788233, 462.54816385708756], [0.0, 0.0, 1.0]]], "extrinsics": [[[0.8221601247787476, -0.5689376592636108, -0.019047636538743973, -0.83544921875], [-0.01573844999074936, 0.010729921981692314, -0.9998185634613037, 1.4850502014160156], [0.5690387487411499, 0.8223106861114502, -0.00013248591858427972, -1.21893310546875], [0.0, 0.0, 0.0, 1.0]], [[0.009848550893366337, -0.9999291896820068, -0.006673445459455252, 0.009033203125], [-0.014131695032119751, 0.006533923093229532, -0.9998788237571716, 1.4777717590332031], [0.999851644039154, 0.009941574186086655, -0.014066344127058983, -1.56640625], [0.0, 0.0, 0.0, 1.0]], [[-0.8441783785820007, -0.5360208749771118, 0.006673532538115978, 0.9810791015625], [-0.006479667965322733, -0.0022450273390859365, -0.9999765157699585, 1.4922285079956055], [0.5360231995582581, -0.8442018032073975, -0.0015780337853357196, -1.206298828125], [0.0, 0.0, 0.0, 1.0]], [[0.9475576877593994, 0.3184347152709961, -0.027088291943073273, -1.1361083984375], [-0.03296377882361412, 0.013075935654342175, -0.9993709921836853, 1.561767578125], [-0.31788018345832825, 0.9478546380996704, 0.022887015715241432, -0.15899658203125], [0.0, 0.0, 0.0, 1.0]], [[0.00954944733530283, 0.9999414086341858, 0.005119695328176022, -0.02899169921875], [-0.030313946306705475, 0.00540706655010581, -0.9995257258415222, 1.5664558410644531], [-0.9994948506355286, 0.009389689192175865, 0.03036380186676979, -0.008544921875], [0.0, 0.0, 0.0, 1.0]], [[-0.9234981536865234, 0.3832174837589264, 0.01718873158097267, 1.07177734375], [-0.02579331211745739, -0.017326049506664276, -0.9995170831680298, 1.5453605651855469], [-0.3827345669269562, -0.9234956502914429, 0.025885023176670074, -0.07928466796875], [0.0, 0.0, 0.0, 1.0]]], "view": [[0.0, -2.0, 100.0], [-2.0, 0.0, 100.0], [0.0, 0.0, 1.0]], "bev": "bev_e0254e03553b46ddb3491ea6a52de75f.png", "aux": "aux_e0254e03553b46ddb3491ea6a52de75f.npz", "visibility": "visibility_e0254e03553b46ddb3491ea6a52de75f.png", "pose": [[0.6455265283584595, -0.7637378573417664, 0.0, 1429.798828125], [0.7637378573417664, 0.6455265283584595, 0.0, 1194.9813232421875], [0.0, 0.0, 1.0, 0.0], [0.0, 0.0, 0.0, 1.0]], "pose_inverse": [[0.6455265283584595, 0.7637378573417664, 0.0, -1835.62548828125], [-0.7637378573417664, 0.6455265283584595, 0.0, 320.5993957519531], [0.0, 0.0, 1.0, 0.0], [0.0, 0.0, 0.0, 1.0]], "cam_ids": [0, 1, 2, 3, 4, 5], "cam_channels": ["CAM_FRONT_LEFT", "CAM_FRONT", "CAM_FRONT_RIGHT", "CAM_BACK_LEFT", "CAM_BACK", "CAM_BACK_RIGHT"], "token": "e0254e03553b46ddb3491ea6a52de75f", "scene": "scene-0810"}, {"images": ["samples/CAM_FRONT_LEFT/n008-2018-09-18-15-26-58-0400__CAM_FRONT_LEFT__1537299003104799.jpg", "samples/CAM_FRONT/n008-2018-09-18-15-26-58-0400__CAM_FRONT__1537299003112404.jpg", "samples/CAM_FRONT_RIGHT/n008-2018-09-18-15-26-58-0400__CAM_FRONT_RIGHT__1537299003120482.jpg", "samples/CAM_BACK_LEFT/n008-2018-09-18-15-26-58-0400__CAM_BACK_LEFT__1537299003147405.jpg", "samples/CAM_BACK/n008-2018-09-18-15-26-58-0400__CAM_BACK__1537299003137558.jpg", "samples/CAM_BACK_RIGHT/n008-2018-09-18-15-26-58-0400__CAM_BACK_RIGHT__1537299003128113.jpg"], "intrinsics": [[[1257.8625342125129, 0.0, 827.2410631095686], [0.0, 1257.8625342125129, 450.915498205774], [0.0, 0.0, 1.0]], [[1252.8131021185304, 0.0, 826.588114781398], [0.0, 1252.8131021185304, 469.9846626224581], [0.0, 0.0, 1.0]], [[1256.7485116440405, 0.0, 817.7887570959712], [0.0, 1256.7485116440403, 451.9541780095127], [0.0, 0.0, 1.0]], [[1254.9860565800168, 0.0, 829.5769333630991], [0.0, 1254.9860565800168, 467.1680561863987], [0.0, 0.0, 1.0]], [[796.8910634503094, 0.0, 857.7774326863696], [0.0, 796.8910634503094, 476.8848988407415], [0.0, 0.0, 1.0]], [[1249.9629280788233, 0.0, 825.3768045375984], [0.0, 1249.9629280788233, 462.54816385708756], [0.0, 0.0, 1.0]]], "extrinsics": [[[0.8224522471427917, -0.5685372352600098, -0.018377039581537247, -0.85791015625], [-0.02023487724363804, 0.0030446022283285856, -0.999790608882904, 1.4846839904785156], [0.5684741139411926, 0.8226519227027893, -0.009000242687761784, -1.23321533203125], [0.0, 0.0, 0.0, 1.0]], [[0.0103512117639184, -0.9999456405639648, 0.0012190501438453794, 0.007720947265625], [-0.018061157315969467, -0.0014058836968615651, -0.9998359084129333, 1.4775123596191406], [0.9997832775115967, 0.010327603667974472, -0.018074726685881615, -1.588134765625], [0.0, 0.0, 0.0, 1.0]], [[-0.843933641910553, -0.5362679958343506, 0.013883735053241253, 0.994873046875], [-0.009806489571928978, -0.010454255156219006, -0.9998972415924072, 1.4919652938842773], [0.5363579988479614, -0.8439831137657166, 0.0035637901164591312, -1.2159423828125], [0.0, 0.0, 0.0, 1.0]], [[0.9474558234214783, 0.31833115220069885, -0.0315072126686573, -1.1375732421875], [-0.03491992875933647, 0.005018316209316254, -0.9993775486946106, 1.5618133544921875], [-0.31797489523887634, 0.9479663372039795, 0.01587073691189289, -0.1580810546875], [0.0, 0.0, 0.0, 1.0]], [[0.009313737973570824, 0.9999513626098633, -0.0032553335186094046, -0.028594970703125], [-0.032779283821582794, -0.0029484168626368046, -0.9994582533836365, 1.5665626525878906], [-0.9994192123413086, 0.009415308944880962, 0.03275023028254509, -0.001220703125], [0.0, 0.0, 0.0, 1.0]], [[-0.9235723614692688, 0.3830583095550537, 0.016742929816246033, 1.0836181640625], [-0.028774654492735863, -0.025701070204377174, -0.9992554783821106, 1.5454254150390625], [-0.3823428153991699, -0.9233665466308594, 0.034759167581796646, -0.07513427734375], [0.0, 0.0, 0.0, 1.0]]], "view": [[0.0, -2.0, 100.0], [-2.0, 0.0, 100.0], [0.0, 0.0, 1.0]], "bev": "bev_377368306614413490d95617d277e7de.png", "aux": "aux_377368306614413490d95617d277e7de.npz", "visibility": "visibility_377368306614413490d95617d277e7de.png", "pose": [[0.6469963192939758, -0.7624931335449219, 0.0, 1431.1734619140625], [0.7624931335449219, 0.6469963192939758, 0.0, 1196.57861328125], [0.0, 0.0, 1.0, 0.0], [0.0, 0.0, 0.0, 1.0]], "pose_inverse": [[0.6469963192939758, 0.7624931335449219, 0.0, -1838.346923828125], [-0.7624931335449219, 0.6469963192939758, 0.0, 317.0779113769531], [0.0, 0.0, 1.0, 0.0], [0.0, 0.0, 0.0, 1.0]], "cam_ids": [0, 1, 2, 3, 4, 5], "cam_channels": ["CAM_FRONT_LEFT", "CAM_FRONT", "CAM_FRONT_RIGHT", "CAM_BACK_LEFT", "CAM_BACK", "CAM_BACK_RIGHT"], "token": "377368306614413490d95617d277e7de", "scene": "scene-0810"}, {"images": ["samples/CAM_FRONT_LEFT/n008-2018-09-18-15-26-58-0400__CAM_FRONT_LEFT__1537299003604799.jpg", "samples/CAM_FRONT/n008-2018-09-18-15-26-58-0400__CAM_FRONT__1537299003612404.jpg", "samples/CAM_FRONT_RIGHT/n008-2018-09-18-15-26-58-0400__CAM_FRONT_RIGHT__1537299003620482.jpg", "samples/CAM_BACK_LEFT/n008-2018-09-18-15-26-58-0400__CAM_BACK_LEFT__1537299003647405.jpg", "samples/CAM_BACK/n008-2018-09-18-15-26-58-0400__CAM_BACK__1537299003637558.jpg", "samples/CAM_BACK_RIGHT/n008-2018-09-18-15-26-58-0400__CAM_BACK_RIGHT__1537299003628113.jpg"], "intrinsics": [[[1257.8625342125129, 0.0, 827.2410631095686], [0.0, 1257.8625342125129, 450.915498205774], [0.0, 0.0, 1.0]], [[1252.8131021185304, 0.0, 826.588114781398], [0.0, 1252.8131021185304, 469.9846626224581], [0.0, 0.0, 1.0]], [[1256.7485116440405, 0.0, 817.7887570959712], [0.0, 1256.7485116440403, 451.9541780095127], [0.0, 0.0, 1.0]], [[1254.9860565800168, 0.0, 829.5769333630991], [0.0, 1254.9860565800168, 467.1680561863987], [0.0, 0.0, 1.0]], [[796.8910634503094, 0.0, 857.7774326863696], [0.0, 796.8910634503094, 476.8848988407415], [0.0, 0.0, 1.0]], [[1249.9629280788233, 0.0, 825.3768045375984], [0.0, 1249.9629280788233, 462.54816385708756], [0.0, 0.0, 1.0]]], "extrinsics": [[[0.822260856628418, -0.5688379406929016, -0.01762215793132782, -0.872314453125], [-0.014255416579544544, 0.010368064045906067, -0.9998446106910706, 1.485992431640625], [0.5689322352409363, 0.8223842978477478, 0.00041623113793320954, -1.2431640625], [0.0, 0.0, 0.0, 1.0]], [[0.010007362812757492, -0.9999293684959412, -0.006411516573280096, 0.00787353515625], [-0.012123296037316322, 0.006290041375905275, -0.9999067187309265, 1.478555679321289], [0.9998764395713806, 0.010084140114486217, -0.01205949205905199, -1.6024169921875], [0.0, 0.0, 0.0, 1.0]], [[-0.8441157341003418, -0.5361416339874268, 0.004572566598653793, 1.00439453125], [-0.003917189314961433, -0.0023612380027770996, -0.9999895095825195, 1.4926700592041016], [0.536146879196167, -0.8441247940063477, -0.00010701057908590883, -1.2218017578125], [0.0, 0.0, 0.0, 1.0]], [[0.9476447701454163, 0.318439781665802, -0.02378261275589466, -1.1387939453125], [-0.02951524220407009, 0.013188621029257774, -0.9994773268699646, 1.5618820190429688], [-0.31795960664749146, 0.9478514194488525, 0.021896952763199806, -0.1578369140625], [0.0, 0.0, 0.0, 1.0]], [[0.009454174898564816, 0.9999415874481201, 0.00523907458409667, -0.02880859375], [-0.027280986309051514, 0.005495287012308836, -0.9996126294136047, 1.5669403076171875], [-0.9995830655097961, 0.009307575412094593, 0.02733134664595127, 0.00341796875], [0.0, 0.0, 0.0, 1.0]], [[-0.9235876202583313, 0.3831101357936859, 0.014574501663446426, 1.091064453125], [-0.022968024015426636, -0.01734362542629242, -0.999585747718811, 1.5461006164550781], [-0.382698655128479, -0.9235398173332214, 0.024817639961838722, -0.071868896484375], [0.0, 0.0, 0.0, 1.0]]], "view": [[0.0, -2.0, 100.0], [-2.0, 0.0, 100.0], [0.0, 0.0, 1.0]], "bev": "bev_d7400c505fbb47e29638c057780a696b.png", "aux": "aux_d7400c505fbb47e29638c057780a696b.npz", "visibility": "visibility_d7400c505fbb47e29638c057780a696b.png", "pose": [[0.6482170224189758, -0.7614556550979614, 0.0, 1432.41357421875], [0.7614556550979614, 0.6482170224189758, 0.0, 1198.0225830078125], [0.0, 0.0, 1.0, 0.0], [0.0, 0.0, 0.0, 1.0]], "pose_inverse": [[0.6482170224189758, 0.7614556550979614, 0.0, -1840.755859375], [-0.7614556550979614, 0.6482170224189758, 0.0, 314.1407470703125], [0.0, 0.0, 1.0, 0.0], [0.0, 0.0, 0.0, 1.0]], "cam_ids": [0, 1, 2, 3, 4, 5], "cam_channels": ["CAM_FRONT_LEFT", "CAM_FRONT", "CAM_FRONT_RIGHT", "CAM_BACK_LEFT", "CAM_BACK", "CAM_BACK_RIGHT"], "token": "d7400c505fbb47e29638c057780a696b", "scene": "scene-0810"}, {"images": ["samples/CAM_FRONT_LEFT/n008-2018-09-18-15-26-58-0400__CAM_FRONT_LEFT__1537299004104799.jpg", "samples/CAM_FRONT/n008-2018-09-18-15-26-58-0400__CAM_FRONT__1537299004112404.jpg", "samples/CAM_FRONT_RIGHT/n008-2018-09-18-15-26-58-0400__CAM_FRONT_RIGHT__1537299004120482.jpg", "samples/CAM_BACK_LEFT/n008-2018-09-18-15-26-58-0400__CAM_BACK_LEFT__1537299004147405.jpg", "samples/CAM_BACK/n008-2018-09-18-15-26-58-0400__CAM_BACK__1537299004137558.jpg", "samples/CAM_BACK_RIGHT/n008-2018-09-18-15-26-58-0400__CAM_BACK_RIGHT__1537299004128113.jpg"], "intrinsics": [[[1257.8625342125129, 0.0, 827.2410631095686], [0.0, 1257.8625342125129, 450.915498205774], [0.0, 0.0, 1.0]], [[1252.8131021185304, 0.0, 826.588114781398], [0.0, 1252.8131021185304, 469.9846626224581], [0.0, 0.0, 1.0]], [[1256.7485116440405, 0.0, 817.7887570959712], [0.0, 1256.7485116440403, 451.9541780095127], [0.0, 0.0, 1.0]], [[1254.9860565800168, 0.0, 829.5769333630991], [0.0, 1254.9860565800168, 467.1680561863987], [0.0, 0.0, 1.0]], [[796.8910634503094, 0.0, 857.7774326863696], [0.0, 796.8910634503094, 476.8848988407415], [0.0, 0.0, 1.0]], [[1249.9629280788233, 0.0, 825.3768045375984], [0.0, 1249.9629280788233, 462.54816385708756], [0.0, 0.0, 1.0]]], "extrinsics": [[[0.8225702047348022, -0.5684899091720581, -0.014054964296519756, -0.87841796875], [-0.004390531685203314, 0.018366092815995216, -0.999821662902832, 1.487600326538086], [0.5686466693878174, 0.8224852681159973, 0.01261142548173666, -1.24713134765625], [0.0, 0.0, 0.0, 1.0]], [[0.01028575748205185, -0.9998466968536377, -0.014164498075842857, 0.007476806640625], [-0.0022750275675207376, 0.014141811057925224, -0.9998974204063416, 1.4798669815063477], [0.9999444484710693, 0.010317010805010796, -0.0021292187739163637, -1.608642578125], [0.0, 0.0, 0.0, 1.0]], [[-0.8440402746200562, -0.536222517490387, -0.007842115126550198, 1.00830078125], [0.005902166943997145, 0.005333981476724148, -0.9999683499336243, 1.4936480522155762], [0.5362473130226135, -0.8440598845481873, -0.0013372207758948207, -1.224609375], [0.0, 0.0, 0.0, 1.0]], [[0.9478440880775452, 0.31850630044937134, -0.012055075727403164, -1.1392822265625], [-0.01932704448699951, 0.019681040197610855, -0.9996194839477539, 1.5619430541992188], [-0.3181478977203369, 0.9477163553237915, 0.024810343980789185, -0.15771484375], [0.0, 0.0, 0.0, 1.0]], [[0.009315193630754948, 0.9998781085014343, 0.012528660707175732, -0.02874755859375], [-0.017195504158735275, 0.01268752571195364, -0.9997715950012207, 1.5673904418945312], [-0.9998087882995605, 0.009097610600292683, 0.017311595380306244, 0.00537109375], [0.0, 0.0, 0.0, 1.0]], [[-0.9237328171730042, 0.3829456567764282, 0.008374662138521671, 1.094482421875], [-0.013145522214472294, -0.009843215346336365, -0.9998651742935181, 1.546875], [-0.38281163573265076, -0.9237183332443237, 0.014126522466540337, -0.070556640625], [0.0, 0.0, 0.0, 1.0]]], "view": [[0.0, -2.0, 100.0], [-2.0, 0.0, 100.0], [0.0, 0.0, 1.0]], "bev": "bev_05caf761c74748ab9e4fb8331a6705b3.png", "aux": "aux_05caf761c74748ab9e4fb8331a6705b3.npz", "visibility": "visibility_05caf761c74748ab9e4fb8331a6705b3.png", "pose": [[0.6506783366203308, -0.7593534588813782, 0.0, 1433.5982666015625], [0.7593534588813782, 0.6506783366203308, 0.0, 1199.3814697265625], [0.0, 0.0, 1.0, 0.0], [0.0, 0.0, 0.0, 1.0]], "pose_inverse": [[0.6506783366203308, 0.7593534588813782, 0.0, -1843.5657958984375], [-0.7593534588813782, 0.6506783366203308, 0.0, 308.1962585449219], [0.0, 0.0, 1.0, 0.0], [0.0, 0.0, 0.0, 1.0]], "cam_ids": [0, 1, 2, 3, 4, 5], "cam_channels": ["CAM_FRONT_LEFT", "CAM_FRONT", "CAM_FRONT_RIGHT", "CAM_BACK_LEFT", "CAM_BACK", "CAM_BACK_RIGHT"], "token": "05caf761c74748ab9e4fb8331a6705b3", "scene": "scene-0810"}, {"images": ["samples/CAM_FRONT_LEFT/n008-2018-09-18-15-26-58-0400__CAM_FRONT_LEFT__1537299004654799.jpg", "samples/CAM_FRONT/n008-2018-09-18-15-26-58-0400__CAM_FRONT__1537299004662404.jpg", "samples/CAM_FRONT_RIGHT/n008-2018-09-18-15-26-58-0400__CAM_FRONT_RIGHT__1537299004670482.jpg", "samples/CAM_BACK_LEFT/n008-2018-09-18-15-26-58-0400__CAM_BACK_LEFT__1537299004697405.jpg", "samples/CAM_BACK/n008-2018-09-18-15-26-58-0400__CAM_BACK__1537299004687558.jpg", "samples/CAM_BACK_RIGHT/n008-2018-09-18-15-26-58-0400__CAM_BACK_RIGHT__1537299004678113.jpg"], "intrinsics": [[[1257.8625342125129, 0.0, 827.2410631095686], [0.0, 1257.8625342125129, 450.915498205774], [0.0, 0.0, 1.0]], [[1252.8131021185304, 0.0, 826.588114781398], [0.0, 1252.8131021185304, 469.9846626224581], [0.0, 0.0, 1.0]], [[1256.7485116440405, 0.0, 817.7887570959712], [0.0, 1256.7485116440403, 451.9541780095127], [0.0, 0.0, 1.0]], [[1254.9860565800168, 0.0, 829.5769333630991], [0.0, 1254.9860565800168, 467.1680561863987], [0.0, 0.0, 1.0]], [[796.8910634503094, 0.0, 857.7774326863696], [0.0, 796.8910634503094, 476.8848988407415], [0.0, 0.0, 1.0]], [[1249.9629280788233, 0.0, 825.3768045375984], [0.0, 1249.9629280788233, 462.54816385708756], [0.0, 0.0, 1.0]]], "extrinsics": [[[0.8228590488433838, -0.5680403113365173, -0.015269352123141289, -0.864501953125], [-0.0030271331779658794, 0.022488752380013466, -0.9997424483299255, 1.487741470336914], [0.5682374835014343, 0.822693407535553, 0.01678553782403469, -1.23834228515625], [0.0, 0.0, 0.0, 1.0]], [[0.010720882564783096, -0.9997706413269043, -0.01853805035352707, 0.0084228515625], [-0.001153149176388979, 0.018526742234826088, -0.9998277425765991, 1.4799761772155762], [0.9999418258666992, 0.010740376077592373, -0.0009542626212351024, -1.5953369140625], [0.0, 0.0, 0.0, 1.0]], [[-0.8438429832458496, -0.5364762544631958, -0.01105591468513012, 1.0003662109375], [0.006782126147300005, 0.009939050301909447, -0.9999275803565979, 1.4937896728515625], [0.5365473031997681, -0.8438568711280823, -0.004748549312353134, -1.218994140625], [0.0, 0.0, 0.0, 1.0]], [[0.9478164911270142, 0.31866544485092163, -0.009808715432882309, -1.1402587890625], [-0.018938172608613968, 0.025563374161720276, -0.9994937777519226, 1.5619659423828125], [-0.31825336813926697, 0.9475224614143372, 0.03026433102786541, -0.1572265625], [0.0, 0.0, 0.0, 1.0]], [[0.009161531925201416, 0.9998019933700562, 0.017666401341557503, -0.028961181640625], [-0.01678359881043434, 0.017818400636315346, -0.9997003078460693, 1.5673561096191406], [-0.9998171925544739, 0.008862331509590149, 0.016943518072366714, 0.0029296875], [0.0, 0.0, 0.0, 1.0]], [[-0.9238473773002625, 0.38264328241348267, 0.00949045643210411, 1.088623046875], [-0.01236602570861578, -0.005056173074990511, -0.9999107718467712, 1.5468559265136719], [-0.38256117701530457, -0.9238823652267456, 0.009402910247445107, -0.07269287109375], [0.0, 0.0, 0.0, 1.0]]], "view": [[0.0, -2.0, 100.0], [-2.0, 0.0, 100.0], [0.0, 0.0, 1.0]], "bev": "bev_0dd5fee4c23c4f0a8f2dc43f7a4566a4.png", "aux": "aux_0dd5fee4c23c4f0a8f2dc43f7a4566a4.npz", "visibility": "visibility_0dd5fee4c23c4f0a8f2dc43f7a4566a4.png", "pose": [[0.6535723209381104, -0.756864070892334, 0.0, 1434.9637451171875], [0.756864070892334, 0.6535723209381104, 0.0, 1200.9378662109375], [0.0, 0.0, 1.0, 0.0], [0.0, 0.0, 0.0, 1.0]], "pose_inverse": [[0.6535723209381104, 0.756864070892334, 0.0, -1846.79931640625], [-0.756864070892334, 0.6535723209381104, 0.0, 301.1727600097656], [0.0, 0.0, 1.0, 0.0], [0.0, 0.0, 0.0, 1.0]], "cam_ids": [0, 1, 2, 3, 4, 5], "cam_channels": ["CAM_FRONT_LEFT", "CAM_FRONT", "CAM_FRONT_RIGHT", "CAM_BACK_LEFT", "CAM_BACK", "CAM_BACK_RIGHT"], "token": "0dd5fee4c23c4f0a8f2dc43f7a4566a4", "scene": "scene-0810"}, {"images": ["samples/CAM_FRONT_LEFT/n008-2018-09-18-15-26-58-0400__CAM_FRONT_LEFT__1537299005154799.jpg", "samples/CAM_FRONT/n008-2018-09-18-15-26-58-0400__CAM_FRONT__1537299005162404.jpg", "samples/CAM_FRONT_RIGHT/n008-2018-09-18-15-26-58-0400__CAM_FRONT_RIGHT__1537299005170482.jpg", "samples/CAM_BACK_LEFT/n008-2018-09-18-15-26-58-0400__CAM_BACK_LEFT__1537299005197405.jpg", "samples/CAM_BACK/n008-2018-09-18-15-26-58-0400__CAM_BACK__1537299005187558.jpg", "samples/CAM_BACK_RIGHT/n008-2018-09-18-15-26-58-0400__CAM_BACK_RIGHT__1537299005178113.jpg"], "intrinsics": [[[1257.8625342125129, 0.0, 827.2410631095686], [0.0, 1257.8625342125129, 450.915498205774], [0.0, 0.0, 1.0]], [[1252.8131021185304, 0.0, 826.588114781398], [0.0, 1252.8131021185304, 469.9846626224581], [0.0, 0.0, 1.0]], [[1256.7485116440405, 0.0, 817.7887570959712], [0.0, 1256.7485116440403, 451.9541780095127], [0.0, 0.0, 1.0]], [[1254.9860565800168, 0.0, 829.5769333630991], [0.0, 1254.9860565800168, 467.1680561863987], [0.0, 0.0, 1.0]], [[796.8910634503094, 0.0, 857.7774326863696], [0.0, 796.8910634503094, 476.8848988407415], [0.0, 0.0, 1.0]], [[1249.9629280788233, 0.0, 825.3768045375984], [0.0, 1249.9629280788233, 462.54816385708756], [0.0, 0.0, 1.0]]], "extrinsics": [[[0.8222616314888, -0.5691043138504028, -0.00244696531444788, -0.8626708984375], [-0.0003341851115692407, 0.003816806012764573, -0.9999926686286926, 1.488229751586914], [0.5691094994544983, 0.8222565054893494, 0.0029482264071702957, -1.23663330078125], [0.0, 0.0, 0.0, 1.0]], [[0.009820444509387016, -0.9999516606330872, 0.0001341164024779573, 0.0079345703125], [0.0016181879909709096, -0.0001182306805276312, -0.9999986886978149, 1.4803932905197144], [0.9999504089355469, 0.00982063077390194, 0.0016169495647773147, -1.593017578125], [0.0, 0.0, 0.0, 1.0]], [[-0.8442144393920898, -0.5359936952590942, -0.0035391219425946474, 0.998779296875], [0.009644214063882828, -0.008587710559368134, -0.9999166131019592, 1.4941349029541016], [0.5359185934066772, -0.8441781997680664, 0.012419108301401138, -1.21826171875], [0.0, 0.0, 0.0, 1.0]], [[0.9478217363357544, 0.31855911016464233, -0.012409350834786892, -1.1424560546875], [-0.015651607885956764, 0.00762014277279377, -0.9998484253883362, 1.5620193481445312], [-0.3184162974357605, 0.9478722810745239, 0.012208499945700169, -0.15643310546875], [0.0, 0.0, 0.0, 1.0]], [[0.009359916672110558, 0.9999560713768005, -0.0005003617261536419, -0.02874755859375], [-0.01360168494284153, -0.0003730207390617579, -0.999907374382019, 1.5675048828125], [-0.9998636245727539, 0.00936588179320097, 0.013597595505416393, 0.0035400390625], [0.0, 0.0, 0.0, 1.0]], [[-0.9236548542976379, 0.38322505354881287, -0.0002825262781698257, 1.087890625], [-0.009407549165189266, -0.0234112199395895, -0.9996816515922546, 1.5470848083496094], [-0.3831096589565277, -0.9233582019805908, 0.02522909827530384, -0.0733642578125], [0.0, 0.0, 0.0, 1.0]]], "view": [[0.0, -2.0, 100.0], [-2.0, 0.0, 100.0], [0.0, 0.0, 1.0]], "bev": "bev_9ad5915287894d7283cf7f98f467a439.png", "aux": "aux_9ad5915287894d7283cf7f98f467a439.npz", "visibility": "visibility_9ad5915287894d7283cf7f98f467a439.png", "pose": [[0.6543048620223999, -0.7562308311462402, 0.0, 1436.2838134765625], [0.7562308311462402, 0.6543048620223999, 0.0, 1202.435546875], [0.0, 0.0, 1.0, 0.0], [0.0, 0.0, 0.0, 1.0]], "pose_inverse": [[0.6543048620223999, 0.7562308311462402, 0.0, -1849.08642578125], [-0.7562308311462402, 0.6543048620223999, 0.0, 299.4026794433594], [0.0, 0.0, 1.0, 0.0], [0.0, 0.0, 0.0, 1.0]], "cam_ids": [0, 1, 2, 3, 4, 5], "cam_channels": ["CAM_FRONT_LEFT", "CAM_FRONT", "CAM_FRONT_RIGHT", "CAM_BACK_LEFT", "CAM_BACK", "CAM_BACK_RIGHT"], "token": "9ad5915287894d7283cf7f98f467a439", "scene": "scene-0810"}, {"images": ["samples/CAM_FRONT_LEFT/n008-2018-09-18-15-26-58-0400__CAM_FRONT_LEFT__1537299005654799.jpg", "samples/CAM_FRONT/n008-2018-09-18-15-26-58-0400__CAM_FRONT__1537299005662404.jpg", "samples/CAM_FRONT_RIGHT/n008-2018-09-18-15-26-58-0400__CAM_FRONT_RIGHT__1537299005670482.jpg", "samples/CAM_BACK_LEFT/n008-2018-09-18-15-26-58-0400__CAM_BACK_LEFT__1537299005697405.jpg", "samples/CAM_BACK/n008-2018-09-18-15-26-58-0400__CAM_BACK__1537299005687558.jpg", "samples/CAM_BACK_RIGHT/n008-2018-09-18-15-26-58-0400__CAM_BACK_RIGHT__1537299005678113.jpg"], "intrinsics": [[[1257.8625342125129, 0.0, 827.2410631095686], [0.0, 1257.8625342125129, 450.915498205774], [0.0, 0.0, 1.0]], [[1252.8131021185304, 0.0, 826.588114781398], [0.0, 1252.8131021185304, 469.9846626224581], [0.0, 0.0, 1.0]], [[1256.7485116440405, 0.0, 817.7887570959712], [0.0, 1256.7485116440403, 451.9541780095127], [0.0, 0.0, 1.0]], [[1254.9860565800168, 0.0, 829.5769333630991], [0.0, 1254.9860565800168, 467.1680561863987], [0.0, 0.0, 1.0]], [[796.8910634503094, 0.0, 857.7774326863696], [0.0, 796.8910634503094, 476.8848988407415], [0.0, 0.0, 1.0]], [[1249.9629280788233, 0.0, 825.3768045375984], [0.0, 1249.9629280788233, 462.54816385708756], [0.0, 0.0, 1.0]]], "extrinsics": [[[0.8221205472946167, -0.5692268013954163, -0.009931783191859722, -0.8463134765625], [-0.008068584837019444, 0.005793724674731493, -0.999950647354126, 1.4867362976074219], [0.5692562460899353, 0.8221601843833923, 0.00017028467846103013, -1.22650146484375], [0.0, 0.0, 0.0, 1.0]], [[0.009671024978160858, -0.9999522566795349, -0.0013938104966655374, 0.008941650390625], [-0.006388335023075342, 0.0013320629950612783, -0.9999787211418152, 1.4791574478149414], [0.9999328255653381, 0.009679644368588924, -0.006375147495418787, -1.577392578125], [0.0, 0.0, 0.0, 1.0]], [[-0.8442897796630859, -0.5358784794807434, 0.0029998631216585636, 0.9891357421875], [0.0013457444729283452, -0.007718111854046583, -0.9999693036079407, 1.4932465553283691], [0.5358851552009583, -0.8442597985267639, 0.007237479090690613, -1.2113037109375], [0.0, 0.0, 0.0, 1.0]], [[0.9476936459541321, 0.31844761967658997, -0.021631568670272827, -1.140625], [-0.024836527183651924, 0.006007001735270023, -0.9996734261512756, 1.5619583129882812], [-0.31821367144584656, 0.9479213953018188, 0.013601930812001228, -0.1571044921875], [0.0, 0.0, 0.0, 1.0]], [[0.009461275301873684, 0.9999546408653259, -0.001118081621825695, -0.028961181640625], [-0.022494163364171982, -0.000905014865566045, -0.999746561050415, 1.5670204162597656], [-0.9997022151947021, 0.009484007954597473, 0.022484583780169487, -0.0020751953125], [0.0, 0.0, 0.0, 1.0]], [[-0.9235738515853882, 0.3833421468734741, 0.007758583873510361, 1.079345703125], [-0.017994366586208344, -0.02312261052429676, -0.9995707273483276, 1.5462665557861328], [-0.38299813866615295, -0.9233168959617615, 0.02825343608856201, -0.07611083984375], [0.0, 0.0, 0.0, 1.0]]], "view": [[0.0, -2.0, 100.0], [-2.0, 0.0, 100.0], [0.0, 0.0, 1.0]], "bev": "bev_e3e51cd8be68448abc0e3689dddd869a.png", "aux": "aux_e3e51cd8be68448abc0e3689dddd869a.npz", "visibility": "visibility_e3e51cd8be68448abc0e3689dddd869a.png", "pose": [[0.6542726159095764, -0.7562587857246399, 0.0, 1437.693115234375], [0.7562587857246399, 0.6542726159095764, 0.0, 1204.033935546875], [0.0, 0.0, 1.0, 0.0], [0.0, 0.0, 0.0, 1.0]], "pose_inverse": [[0.6542726159095764, 0.7562587857246399, 0.0, -1851.2044677734375], [-0.7562587857246399, 0.6542726159095764, 0.0, 299.50164794921875], [0.0, 0.0, 1.0, 0.0], [0.0, 0.0, 0.0, 1.0]], "cam_ids": [0, 1, 2, 3, 4, 5], "cam_channels": ["CAM_FRONT_LEFT", "CAM_FRONT", "CAM_FRONT_RIGHT", "CAM_BACK_LEFT", "CAM_BACK", "CAM_BACK_RIGHT"], "token": "e3e51cd8be68448abc0e3689dddd869a", "scene": "scene-0810"}, {"images": ["samples/CAM_FRONT_LEFT/n008-2018-09-18-15-26-58-0400__CAM_FRONT_LEFT__1537299006154799.jpg", "samples/CAM_FRONT/n008-2018-09-18-15-26-58-0400__CAM_FRONT__1537299006162404.jpg", "samples/CAM_FRONT_RIGHT/n008-2018-09-18-15-26-58-0400__CAM_FRONT_RIGHT__1537299006170482.jpg", "samples/CAM_BACK_LEFT/n008-2018-09-18-15-26-58-0400__CAM_BACK_LEFT__1537299006197405.jpg", "samples/CAM_BACK/n008-2018-09-18-15-26-58-0400__CAM_BACK__1537299006187558.jpg", "samples/CAM_BACK_RIGHT/n008-2018-09-18-15-26-58-0400__CAM_BACK_RIGHT__1537299006178113.jpg"], "intrinsics": [[[1257.8625342125129, 0.0, 827.2410631095686], [0.0, 1257.8625342125129, 450.915498205774], [0.0, 0.0, 1.0]], [[1252.8131021185304, 0.0, 826.588114781398], [0.0, 1252.8131021185304, 469.9846626224581], [0.0, 0.0, 1.0]], [[1256.7485116440405, 0.0, 817.7887570959712], [0.0, 1256.7485116440403, 451.9541780095127], [0.0, 0.0, 1.0]], [[1254.9860565800168, 0.0, 829.5769333630991], [0.0, 1254.9860565800168, 467.1680561863987], [0.0, 0.0, 1.0]], [[796.8910634503094, 0.0, 857.7774326863696], [0.0, 796.8910634503094, 476.8848988407415], [0.0, 0.0, 1.0]], [[1249.9629280788233, 0.0, 825.3768045375984], [0.0, 1249.9629280788233, 462.54816385708756], [0.0, 0.0, 1.0]]], "extrinsics": [[[0.8228079080581665, -0.5680826306343079, -0.016412442550063133, -0.845458984375], [-0.007651110645383596, 0.01780368760228157, -0.9998122453689575, 1.4867935180664062], [0.5682681798934937, 0.8227788805961609, 0.010302550159394741, -1.22540283203125], [0.0, 0.0, 0.0, 1.0]], [[0.010654290206730366, -0.9998460412025452, -0.013944248668849468, 0.008453369140625], [-0.00553138880059123, 0.013885896652936935, -0.9998883008956909, 1.479264259338379], [0.9999279379844666, 0.01073024794459343, -0.005382591392844915, -1.5753173828125], [0.0, 0.0, 0.0, 1.0]], [[-0.8438918590545654, -0.536488950252533, -0.005118306260555983, 0.986083984375], [0.002670358633622527, 0.005339757539331913, -0.9999821782112122, 1.4933995008468628], [0.5365066528320312, -0.8438904285430908, -0.0030735600739717484, -1.2099609375], [0.0, 0.0, 0.0, 1.0]], [[0.9477807283401489, 0.31861504912376404, -0.014003277756273746, -1.13671875], [-0.02165689505636692, 0.02049161307513714, -0.9995554685592651, 1.5618743896484375], [-0.3181864619255066, 0.9476627111434937, 0.026321768760681152, -0.1585693359375], [0.0, 0.0, 0.0, 1.0]], [[0.009233064018189907, 0.9998740553855896, 0.012905094772577286, -0.028778076171875], [-0.019984738901257515, 0.013087579049170017, -0.9997146129608154, 1.5670509338378906], [-0.9997576475143433, 0.00897253304719925, 0.020103061571717262, -0.006103515625], [0.0, 0.0, 0.0, 1.0]], [[-0.9237874150276184, 0.3827400207519531, 0.011264966800808907, 1.0758056640625], [-0.016192888841032982, -0.009656221605837345, -0.9998222589492798, 1.5463409423828125], [-0.38256311416625977, -0.9238055944442749, 0.015117963775992393, -0.077911376953125], [0.0, 0.0, 0.0, 1.0]]], "view": [[0.0, -2.0, 100.0], [-2.0, 0.0, 100.0], [0.0, 0.0, 1.0]], "bev": "bev_422aa6bc1fd842969a9e463a5665e081.png", "aux": "aux_422aa6bc1fd842969a9e463a5665e081.npz", "visibility": "visibility_422aa6bc1fd842969a9e463a5665e081.png", "pose": [[0.654927134513855, -0.7556920051574707, 0.0, 1439.134033203125], [0.7556920051574707, 0.654927134513855, 0.0, 1205.6712646484375], [0.0, 0.0, 1.0, 0.0], [0.0, 0.0, 0.0, 1.0]], "pose_inverse": [[0.654927134513855, 0.7556920051574707, 0.0, -1853.64404296875], [-0.7556920051574707, 0.654927134513855, 0.0, 297.9152526855469], [0.0, 0.0, 1.0, 0.0], [0.0, 0.0, 0.0, 1.0]], "cam_ids": [0, 1, 2, 3, 4, 5], "cam_channels": ["CAM_FRONT_LEFT", "CAM_FRONT", "CAM_FRONT_RIGHT", "CAM_BACK_LEFT", "CAM_BACK", "CAM_BACK_RIGHT"], "token": "422aa6bc1fd842969a9e463a5665e081", "scene": "scene-0810"}, {"images": ["samples/CAM_FRONT_LEFT/n008-2018-09-18-15-26-58-0400__CAM_FRONT_LEFT__1537299006654799.jpg", "samples/CAM_FRONT/n008-2018-09-18-15-26-58-0400__CAM_FRONT__1537299006662404.jpg", "samples/CAM_FRONT_RIGHT/n008-2018-09-18-15-26-58-0400__CAM_FRONT_RIGHT__1537299006670482.jpg", "samples/CAM_BACK_LEFT/n008-2018-09-18-15-26-58-0400__CAM_BACK_LEFT__1537299006697405.jpg", "samples/CAM_BACK/n008-2018-09-18-15-26-58-0400__CAM_BACK__1537299006687558.jpg", "samples/CAM_BACK_RIGHT/n008-2018-09-18-15-26-58-0400__CAM_BACK_RIGHT__1537299006678113.jpg"], "intrinsics": [[[1257.8625342125129, 0.0, 827.2410631095686], [0.0, 1257.8625342125129, 450.915498205774], [0.0, 0.0, 1.0]], [[1252.8131021185304, 0.0, 826.588114781398], [0.0, 1252.8131021185304, 469.9846626224581], [0.0, 0.0, 1.0]], [[1256.7485116440405, 0.0, 817.7887570959712], [0.0, 1256.7485116440403, 451.9541780095127], [0.0, 0.0, 1.0]], [[1254.9860565800168, 0.0, 829.5769333630991], [0.0, 1254.9860565800168, 467.1680561863987], [0.0, 0.0, 1.0]], [[796.8910634503094, 0.0, 857.7774326863696], [0.0, 796.8910634503094, 476.8848988407415], [0.0, 0.0, 1.0]], [[1249.9629280788233, 0.0, 825.3768045375984], [0.0, 1249.9629280788233, 462.54816385708756], [0.0, 0.0, 1.0]]], "extrinsics": [[[0.8225885033607483, -0.5685592889785767, -0.009412847459316254, -0.8472900390625], [-0.001521209254860878, 0.014353010803461075, -0.9998958110809326, 1.487990379333496], [0.5686352252960205, 0.8225170969963074, 0.010941720567643642, -1.2254638671875], [0.0, 0.0, 0.0, 1.0]], [[0.010347303934395313, -0.9998905062675476, -0.010575524531304836, 0.00787353515625], [0.0005158082349225879, 0.01058142725378275, -0.9999439120292664, 1.480236530303955], [0.9999463558197021, 0.010341235436499119, 0.000625241722445935, -1.57666015625], [0.0, 0.0, 0.0, 1.0]], [[-0.8439761400222778, -0.5363120436668396, -0.008583310060203075, 0.9869384765625], [0.008736097253859043, 0.0022559696808457375, -0.9999592304229736, 1.4941473007202148], [0.5363095998764038, -0.8440168499946594, 0.002781288931146264, -1.210693359375], [0.0, 0.0, 0.0, 1.0]], [[0.9478357434272766, 0.31862524151802063, -0.009245400317013264, -1.1373291015625], [-0.01602320931851864, 0.018657555803656578, -0.9996975660324097, 1.5619239807128906], [-0.31835633516311646, 0.9476971626281738, 0.022789694368839264, -0.15838623046875], [0.0, 0.0, 0.0, 1.0]], [[0.009202511049807072, 0.9999019503593445, 0.010553976520895958, -0.028778076171875], [-0.014111896045506, 0.01068323478102684, -0.9998433589935303, 1.5673599243164062