[{"images": ["samples/CAM_FRONT_LEFT/n008-2018-09-18-13-41-50-0400__CAM_FRONT_LEFT__1537293196254799.jpg", "samples/CAM_FRONT/n008-2018-09-18-13-41-50-0400__CAM_FRONT__1537293196262404.jpg", "samples/CAM_FRONT_RIGHT/n008-2018-09-18-13-41-50-0400__CAM_FRONT_RIGHT__1537293196270482.jpg", "samples/CAM_BACK_LEFT/n008-2018-09-18-13-41-50-0400__CAM_BACK_LEFT__1537293196297405.jpg", "samples/CAM_BACK/n008-2018-09-18-13-41-50-0400__CAM_BACK__1537293196287558.jpg", "samples/CAM_BACK_RIGHT/n008-2018-09-18-13-41-50-0400__CAM_BACK_RIGHT__1537293196278113.jpg"], "intrinsics": [[[1257.8625342125129, 0.0, 827.2410631095686], [0.0, 1257.8625342125129, 450.915498205774], [0.0, 0.0, 1.0]], [[1252.8131021185304, 0.0, 826.588114781398], [0.0, 1252.8131021185304, 469.9846626224581], [0.0, 0.0, 1.0]], [[1256.7485116440405, 0.0, 817.7887570959712], [0.0, 1256.7485116440403, 451.9541780095127], [0.0, 0.0, 1.0]], [[1254.9860565800168, 0.0, 829.5769333630991], [0.0, 1254.9860565800168, 467.1680561863987], [0.0, 0.0, 1.0]], [[796.8910634503094, 0.0, 857.7774326863696], [0.0, 796.8910634503094, 476.8848988407415], [0.0, 0.0, 1.0]], [[1249.9629280788233, 0.0, 825.3768045375984], [0.0, 1249.9629280788233, 462.54816385708756], [0.0, 0.0, 1.0]]], "extrinsics": [[[0.8225200772285461, -0.5687060952186584, 0.005832586903125048, -1.0048828125], [0.024295857176184654, 0.02488943375647068, -0.9993948936462402, 1.4882965087890625], [0.568216860294342, 0.8221641182899475, 0.03428926318883896, -1.333251953125], [0.0, 0.0, 0.0, 1.0]], [[0.010534125380218029, -0.9997343420982361, -0.02050107717514038, 0.00537109375], [0.026247678324580193, 0.020771604031324387, -0.9994396567344666, 1.4801673889160156], [0.9995999336242676, 0.009990120306611061, 0.02645951695740223, -1.7347412109375], [0.0, 0.0, 0.0, 1.0]], [[-0.8435326814651489, -0.5359103083610535, -0.03539366275072098, 1.09033203125], [0.03426259383559227, 0.012070457451045513, -0.9993399381637573, 1.4930763244628906], [0.5359838008880615, -0.8441886305809021, 0.00817985087633133, -1.2777099609375], [0.0, 0.0, 0.0, 1.0]], [[0.9477521777153015, 0.3185490071773529, 0.017099514603614807, -1.143798828125], [0.00888742320239544, 0.02721537835896015, -0.9995900988578796, 1.5620416402816772], [-0.3188837766647339, 0.947515606880188, 0.022962354123592377, -0.15625], [0.0, 0.0, 0.0, 1.0]], [[0.00895391684025526, 0.9997637271881104, 0.019805051386356354, -0.0289306640625], [0.011007430963218212, 0.019706102088093758, -0.9997451901435852, 1.5680594444274902], [-0.9998992681503296, 0.009169621393084526, -0.010828383266925812, 0.0443115234375], [0.0, 0.0, 0.0, 1.0]], [[-0.9235768914222717, 0.38311195373535156, -0.015194470062851906, 1.16064453125], [0.015205631032586098, -0.0029993208590894938, -0.9998798966407776, 1.5478076934814453], [-0.3831113576889038, -0.9236970543861389, -0.003055353881791234, -0.04375457763671875], [0.0, 0.0, 0.0, 1.0]]], "view": [[0.0, -2.0, 100.0], [-2.0, 0.0, 100.0], [0.0, 0.0, 1.0]], "bev": "bev_16e205b0e1eb4e9a8ff8b191f5323e2d.png", "aux": "aux_16e205b0e1eb4e9a8ff8b191f5323e2d.npz", "visibility": "visibility_16e205b0e1eb4e9a8ff8b191f5323e2d.png", "pose": [[-0.4779782295227051, 0.8783716559410095, 0.0, 1458.4053955078125], [-0.8783716559410095, -0.4779782295227051, 0.0, 1282.6947021484375], [0.0, 0.0, 1.0, 0.0], [0.0, 0.0, 0.0, 1.0]], "pose_inverse": [[-0.4779782295227051, -0.8783716559410095, 0.0, 1823.7686767578125], [0.8783716559410095, -0.4779782295227051, 0.0, -667.921875], [0.0, 0.0, 1.0, 0.0], [0.0, 0.0, 0.0, 1.0]], "cam_ids": [0, 1, 2, 3, 4, 5], "cam_channels": ["CAM_FRONT_LEFT", "CAM_FRONT", "CAM_FRONT_RIGHT", "CAM_BACK_LEFT", "CAM_BACK", "CAM_BACK_RIGHT"], "token": "16e205b0e1eb4e9a8ff8b191f5323e2d", "scene": "scene-0596"}, {"images": ["samples/CAM_FRONT_LEFT/n008-2018-09-18-13-41-50-0400__CAM_FRONT_LEFT__1537293196754799.jpg", "samples/CAM_FRONT/n008-2018-09-18-13-41-50-0400__CAM_FRONT__1537293196762404.jpg", "samples/CAM_FRONT_RIGHT/n008-2018-09-18-13-41-50-0400__CAM_FRONT_RIGHT__1537293196770482.jpg", "samples/CAM_BACK_LEFT/n008-2018-09-18-13-41-50-0400__CAM_BACK_LEFT__1537293196797405.jpg", "samples/CAM_BACK/n008-2018-09-18-13-41-50-0400__CAM_BACK__1537293196787558.jpg", "samples/CAM_BACK_RIGHT/n008-2018-09-18-13-41-50-0400__CAM_BACK_RIGHT__1537293196778113.jpg"], "intrinsics": [[[1257.8625342125129, 0.0, 827.2410631095686], [0.0, 1257.8625342125129, 450.915498205774], [0.0, 0.0, 1.0]], [[1252.8131021185304, 0.0, 826.588114781398], [0.0, 1252.8131021185304, 469.9846626224581], [0.0, 0.0, 1.0]], [[1256.7485116440405, 0.0, 817.7887570959712], [0.0, 1256.7485116440403, 451.9541780095127], [0.0, 0.0, 1.0]], [[1254.9860565800168, 0.0, 829.5769333630991], [0.0, 1254.9860565800168, 467.1680561863987], [0.0, 0.0, 1.0]], [[796.8910634503094, 0.0, 857.7774326863696], [0.0, 796.8910634503094, 476.8848988407415], [0.0, 0.0, 1.0]], [[1249.9629280788233, 0.0, 825.3768045375984], [0.0, 1249.9629280788233, 462.54816385708756], [0.0, 0.0, 1.0]]], "extrinsics": [[[0.8225350975990295, -0.5686842203140259, 0.005852523725479841, -1.0047607421875], [0.024296507239341736, 0.0248569305986166, -0.9993956685066223, 1.4882946014404297], [0.568195104598999, 0.8221802711486816, 0.03426273912191391, -1.33331298828125], [0.0, 0.0, 0.0, 1.0]], [[0.010555185377597809, -0.9997347593307495, -0.0204701516777277, 0.00537109375], [0.026245934888720512, 0.020741229876875877, -0.9994403123855591, 1.48016357421875], [0.9995997548103333, 0.01001203153282404, 0.0264578964561224, -1.734619140625], [0.0, 0.0, 0.0, 1.0]], [[-0.8435238003730774, -0.5359250903129578, -0.03538436070084572, 1.090576171875], [0.0342673659324646, 0.01204585749655962, -0.9993401169776917, 1.493072509765625], [0.5359976291656494, -0.844179630279541, 0.008203772827982903, -1.2774658203125], [0.0, 0.0, 0.0, 1.0]], [[0.9477518796920776, 0.31854936480522156, 0.017106181010603905, -1.143798828125], [0.00889232475310564, 0.0272216759622097, -0.9995898604393005, 1.5620415210723877], [-0.3188844323158264, 0.9475153088569641, 0.02296675182878971, -0.156005859375], [0.0, 0.0, 0.0, 1.0]], [[0.008946090936660767, 0.9997641444206238, 0.019788498058915138, -0.02880859375], [0.011021499522030354, 0.01968950219452381, -0.9997453093528748, 1.5680594444274902], [-0.9998993277549744, 0.009161902591586113, -0.010842758230865002, 0.0443115234375], [0.0, 0.0, 0.0, 1.0]], [[-0.923581600189209, 0.38309991359710693, -0.015215830877423286, 1.1607666015625], [0.015220407396554947, -0.0030193468555808067, -0.9998795986175537, 1.547811508178711], [-0.3830997049808502, -0.9237019419670105, -0.0030423232819885015, -0.0436248779296875], [0.0, 0.0, 0.0, 1.0]]], "view": [[0.0, -2.0, 100.0], [-2.0, 0.0, 100.0], [0.0, 0.0, 1.0]], "bev": "bev_39a25b5a315e4185a37d8b61be31c369.png", "aux": "aux_39a25b5a315e4185a37d8b61be31c369.npz", "visibility": "visibility_39a25b5a315e4185a37d8b61be31c369.png", "pose": [[-0.4779539704322815, 0.8783848881721497, 0.0, 1458.4053955078125], [-0.8783848881721497, -0.4779539704322815, 0.0, 1282.6947021484375], [0.0, 0.0, 1.0, 0.0], [0.0, 0.0, 0.0, 1.0]], "pose_inverse": [[-0.4779539704322815, -0.8783848881721497, 0.0, 1823.750244140625], [0.8783848881721497, -0.4779539704322815, 0.0, -667.9722290039062], [0.0, 0.0, 1.0, 0.0], [0.0, 0.0, 0.0, 1.0]], "cam_ids": [0, 1, 2, 3, 4, 5], "cam_channels": ["CAM_FRONT_LEFT", "CAM_FRONT", "CAM_FRONT_RIGHT", "CAM_BACK_LEFT", "CAM_BACK", "CAM_BACK_RIGHT"], "token": "39a25b5a315e4185a37d8b61be31c369", "scene": "scene-0596"}, {"images": ["samples/CAM_FRONT_LEFT/n008-2018-09-18-13-41-50-0400__CAM_FRONT_LEFT__1537293197254799.jpg", "samples/CAM_FRONT/n008-2018-09-18-13-41-50-0400__CAM_FRONT__1537293197262404.jpg", "samples/CAM_FRONT_RIGHT/n008-2018-09-18-13-41-50-0400__CAM_FRONT_RIGHT__1537293197270482.jpg", "samples/CAM_BACK_LEFT/n008-2018-09-18-13-41-50-0400__CAM_BACK_LEFT__1537293197297405.jpg", "samples/CAM_BACK/n008-2018-09-18-13-41-50-0400__CAM_BACK__1537293197287564.jpg", "samples/CAM_BACK_RIGHT/n008-2018-09-18-13-41-50-0400__CAM_BACK_RIGHT__1537293197278113.jpg"], "intrinsics": [[[1257.8625342125129, 0.0, 827.2410631095686], [0.0, 1257.8625342125129, 450.915498205774], [0.0, 0.0, 1.0]], [[1252.8131021185304, 0.0, 826.588114781398], [0.0, 1252.8131021185304, 469.9846626224581], [0.0, 0.0, 1.0]], [[1256.7485116440405, 0.0, 817.7887570959712], [0.0, 1256.7485116440403, 451.9541780095127], [0.0, 0.0, 1.0]], [[1254.9860565800168, 0.0, 829.5769333630991], [0.0, 1254.9860565800168, 467.1680561863987], [0.0, 0.0, 1.0]], [[796.8910634503094, 0.0, 857.7774326863696], [0.0, 796.8910634503094, 476.8848988407415], [0.0, 0.0, 1.0]], [[1249.9629280788233, 0.0, 825.3768045375984], [0.0, 1249.9629280788233, 462.54816385708756], [0.0, 0.0, 1.0]]], "extrinsics": [[[0.8225290179252625, -0.5686920881271362, 0.005943950731307268, -1.0052490234375], [0.024328971281647682, 0.02474258467555046, -0.9993977546691895, 1.4882926940917969], [0.568202555179596, 0.8221782445907593, 0.034187186509370804, -1.33331298828125], [0.0, 0.0, 0.0, 1.0]], [[0.010549936443567276, -0.9997372031211853, -0.02035154215991497, 0.00537109375], [0.02629457227885723, 0.02062300033867359, -0.9994415044784546, 1.4801673889160156], [0.999598503112793, 0.0100088594481349, 0.026505233719944954, -1.7347412109375], [0.0, 0.0, 0.0, 1.0]], [[-0.8435242772102356, -0.5359256863594055, -0.03536120429635048, 1.090576171875], [0.03431520238518715, 0.011927319690585136, -0.9993398785591125, 1.493072509765625], [0.5359936952590942, -0.8441809415817261, 0.008329412899911404, -1.277587890625], [0.0, 0.0, 0.0, 1.0]], [[0.9477500915527344, 0.3185534179210663, 0.017134906724095345, -1.14404296875], [0.00896149780601263, 0.02710585668683052, -0.9995924234390259, 1.5620434284210205], [-0.31888797879219055, 0.9475172758102417, 0.022834861651062965, -0.15625], [0.0, 0.0, 0.0, 1.0]], [[0.00894750002771616, 0.99976646900177, 0.01966949552297592, -0.0289306640625], [0.011089560575783253, 0.019569862633943558, -0.9997469782829285, 1.5680603981018066], [-0.9998984336853027, 0.009163325652480125, -0.010911871679127216, 0.044189453125], [0.0, 0.0, 0.0, 1.0]], [[-0.9235793948173523, 0.3831017017364502, -0.015299864113330841, 1.1605224609375], [0.015262269414961338, -0.0031377768609672785, -0.9998785853385925, 1.5478134155273438], [-0.3831031322479248, -0.9237008690834045, -0.0029490140732377768, -0.043701171875], [0.0, 0.0, 0.0, 1.0]]], "view": [[0.0, -2.0, 100.0], [-2.0, 0.0, 100.0], [0.0, 0.0, 1.0]], "bev": "bev_6d54f366cf3c40d78cf8c3085d115f79.png", "aux": "aux_6d54f366cf3c40d78cf8c3085d115f79.npz", "visibility": "visibility_6d54f366cf3c40d78cf8c3085d115f79.png", "pose": [[-0.4779837429523468, 0.8783686757087708, 0.0, 1458.4053955078125], [-0.8783686757087708, -0.4779837429523468, 0.0, 1282.6947021484375], [0.0, 0.0, 1.0, 0.0], [0.0, 0.0, 0.0, 1.0]], "pose_inverse": [[-0.4779837429523468, -0.8783686757087708, 0.0, 1823.77294921875], [0.8783686757087708, -0.4779837429523468, 0.0, -667.9104614257812], [0.0, 0.0, 1.0, 0.0], [0.0, 0.0, 0.0, 1.0]], "cam_ids": [0, 1, 2, 3, 4, 5], "cam_channels": ["CAM_FRONT_LEFT", "CAM_FRONT", "CAM_FRONT_RIGHT", "CAM_BACK_LEFT", "CAM_BACK", "CAM_BACK_RIGHT"], "token": "6d54f366cf3c40d78cf8c3085d115f79", "scene": "scene-0596"}, {"images": ["samples/CAM_FRONT_LEFT/n008-2018-09-18-13-41-50-0400__CAM_FRONT_LEFT__1537293197754799.jpg", "samples/CAM_FRONT/n008-2018-09-18-13-41-50-0400__CAM_FRONT__1537293197762404.jpg", "samples/CAM_FRONT_RIGHT/n008-2018-09-18-13-41-50-0400__CAM_FRONT_RIGHT__1537293197770482.jpg", "samples/CAM_BACK_LEFT/n008-2018-09-18-13-41-50-0400__CAM_BACK_LEFT__1537293197797405.jpg", "samples/CAM_BACK/n008-2018-09-18-13-41-50-0400__CAM_BACK__1537293197787558.jpg", "samples/CAM_BACK_RIGHT/n008-2018-09-18-13-41-50-0400__CAM_BACK_RIGHT__1537293197778113.jpg"], "intrinsics": [[[1257.8625342125129, 0.0, 827.2410631095686], [0.0, 1257.8625342125129, 450.915498205774], [0.0, 0.0, 1.0]], [[1252.8131021185304, 0.0, 826.588114781398], [0.0, 1252.8131021185304, 469.9846626224581], [0.0, 0.0, 1.0]], [[1256.7485116440405, 0.0, 817.7887570959712], [0.0, 1256.7485116440403, 451.9541780095127], [0.0, 0.0, 1.0]], [[1254.9860565800168, 0.0, 829.5769333630991], [0.0, 1254.9860565800168, 467.1680561863987], [0.0, 0.0, 1.0]], [[796.8910634503094, 0.0, 857.7774326863696], [0.0, 796.8910634503094, 476.8848988407415], [0.0, 0.0, 1.0]], [[1249.9629280788233, 0.0, 825.3768045375984], [0.0, 1249.9629280788233, 462.54816385708756], [0.0, 0.0, 1.0]]], "extrinsics": [[[0.8225207328796387, -0.5687044262886047, 0.005907678976655006, -1.0048828125], [0.02429690957069397, 0.024759061634540558, -0.9993981122970581, 1.4882926940917969], [0.5682159066200256, 0.8221692442893982, 0.0341826006770134, -1.33331298828125], [0.0, 0.0, 0.0, 1.0]], [[0.010534721426665783, -0.9997369050979614, -0.02037593349814415, 0.00537109375], [0.026237713173031807, 0.020646413788199425, -0.9994425177574158, 1.4801597595214844], [0.9996001720428467, 0.009994210675358772, 0.026448315009474754, -1.7347412109375], [0.0, 0.0, 0.0, 1.0]], [[-0.8435326814651489, -0.5359150767326355, -0.03532153367996216, 1.0904541015625], [0.03425344452261925, 0.011950367130339146, -0.9993416666984558, 1.493072509765625], [0.5359843969345093, -0.8441872596740723, 0.00827641412615776, -1.277587890625], [0.0, 0.0, 0.0, 1.0]], [[0.9477534890174866, 0.3185475170612335, 0.017049062997102737, -1.1439208984375], [0.008871682919561863, 0.02710414119064808, -0.9995932579040527, 1.562045931816101], [-0.3188801109790802, 0.9475193023681641, 0.022861992940306664, -0.1561279296875], [0.0, 0.0, 0.0, 1.0]], [[0.008954162709414959, 0.9997663497924805, 0.019677650183439255, -0.0286865234375], [0.010999828577041626, 0.01957876794040203, -0.9997478127479553, 1.5680642127990723], [-0.9998993873596191, 0.009168381802737713, -0.010821946896612644, 0.0440673828125], [0.0, 0.0, 0.0, 1.0]], [[-0.9235771298408508, 0.3831094205379486, -0.015241837128996849, 1.16064453125], [0.015205112285912037, -0.003124185372143984, -0.9998794794082642, 1.5478153228759766], [-0.383110910654068, -0.9236975908279419, -0.0029397967737168074, -0.04363250732421875], [0.0, 0.0, 0.0, 1.0]]], "view": [[0.0, -2.0, 100.0], [-2.0, 0.0, 100.0], [0.0, 0.0, 1.0]], "bev": "bev_50fb2b537f1c474391f27788f8a1569f.png", "aux": "aux_50fb2b537f1c474391f27788f8a1569f.npz", "visibility": "visibility_50fb2b537f1c474391f27788f8a1569f.png", "pose": [[-0.4779844880104065, 0.8783682584762573, 0.0, 1458.4053955078125], [-0.8783682584762573, -0.4779844880104065, 0.0, 1282.6947021484375], [0.0, 0.0, 1.0, 0.0], [0.0, 0.0, 0.0, 1.0]], "pose_inverse": [[-0.4779844880104065, -0.8783682584762573, 0.0, 1823.7734375], [0.8783682584762573, -0.4779844880104065, 0.0, -667.9088745117188], [0.0, 0.0, 1.0, 0.0], [0.0, 0.0, 0.0, 1.0]], "cam_ids": [0, 1, 2, 3, 4, 5], "cam_channels": ["CAM_FRONT_LEFT", "CAM_FRONT", "CAM_FRONT_RIGHT", "CAM_BACK_LEFT", "CAM_BACK", "CAM_BACK_RIGHT"], "token": "50fb2b537f1c474391f27788f8a1569f", "scene": "scene-0596"}, {"images": ["samples/CAM_FRONT_LEFT/n008-2018-09-18-13-41-50-0400__CAM_FRONT_LEFT__1537293198154799.jpg", "samples/CAM_FRONT/n008-2018-09-18-13-41-50-0400__CAM_FRONT__1537293198162404.jpg", "samples/CAM_FRONT_RIGHT/n008-2018-09-18-13-41-50-0400__CAM_FRONT_RIGHT__1537293198171461.jpg", "samples/CAM_BACK_LEFT/n008-2018-09-18-13-41-50-0400__CAM_BACK_LEFT__1537293198197405.jpg", "samples/CAM_BACK/n008-2018-09-18-13-41-50-0400__CAM_BACK__1537293198187558.jpg", "samples/CAM_BACK_RIGHT/n008-2018-09-18-13-41-50-0400__CAM_BACK_RIGHT__1537293198178113.jpg"], "intrinsics": [[[1257.8625342125129, 0.0, 827.2410631095686], [0.0, 1257.8625342125129, 450.915498205774], [0.0, 0.0, 1.0]], [[1252.8131021185304, 0.0, 826.588114781398], [0.0, 1252.8131021185304, 469.9846626224581], [0.0, 0.0, 1.0]], [[1256.7485116440405, 0.0, 817.7887570959712], [0.0, 1256.7485116440403, 451.9541780095127], [0.0, 0.0, 1.0]], [[1254.9860565800168, 0.0, 829.5769333630991], [0.0, 1254.9860565800168, 467.1680561863987], [0.0, 0.0, 1.0]], [[796.8910634503094, 0.0, 857.7774326863696], [0.0, 796.8910634503094, 476.8848988407415], [0.0, 0.0, 1.0]], [[1249.9629280788233, 0.0, 825.3768045375984], [0.0, 1249.9629280788233, 462.54816385708756], [0.0, 0.0, 1.0]]], "extrinsics": [[[0.8225129246711731, -0.5687148571014404, 0.0059969364665448666, -1.0050048828125], [0.024304255843162537, 0.02461201511323452, -0.9994015693664551, 1.4882946014404297], [0.5682269334793091, 0.8221665024757385, 0.034065887331962585, -1.333282470703125], [0.0, 0.0, 0.0, 1.0]], [[0.010524827986955643, -0.9997401237487793, -0.02022147737443447, 0.00537109375], [0.026270253583788872, 0.020492063835263252, -0.999444842338562, 1.48016357421875], [0.9995994567871094, 0.009987772442400455, 0.026479100808501244, -1.73486328125], [0.0, 0.0, 0.0, 1.0]], [[-0.8435357213020325, -0.5359134078025818, -0.03527512773871422, 1.090576171875], [0.034298211336135864, 0.011793231591582298, -0.9993420243263245, 1.4930763244628906], [0.5359768271446228, -0.8441906571388245, 0.008432856760919094, -1.277587890625], [0.0, 0.0, 0.0, 1.0]], [[0.9477528929710388, 0.31854942440986633, 0.017053434625267982, -1.143798828125], [0.00892436970025301, 0.026961155235767365, -0.9995966553688049, 1.5620428323745728], [-0.31888076663017273, 0.947522759437561, 0.02270965836942196, -0.156005859375], [0.0, 0.0, 0.0, 1.0]], [[0.00895971804857254, 0.9997689723968506, 0.01953454688191414, -0.0289306640625], [0.011045646853744984, 0.01943518966436386, -0.9997500777244568, 1.568058967590332], [-0.9998989105224609, 0.009173237718641758, -0.010868960991501808, 0.044189453125], [0.0, 0.0, 0.0, 1.0]], [[-0.9235734939575195, 0.38311466574668884, -0.015336607582867146, 1.1605224609375], [0.015245547518134117, -0.0032741124741733074, -0.9998784065246582, 1.547811508178711], [-0.38311827182769775, -0.9236950278282166, -0.0028169099241495132, -0.04367828369140625], [0.0, 0.0, 0.0, 1.0]]], "view": [[0.0, -2.0, 100.0], [-2.0, 0.0, 100.0], [0.0, 0.0, 1.0]], "bev": "bev_63a7c060a2744db0b7be0004bea0c6eb.png", "aux": "aux_63a7c060a2744db0b7be0004bea0c6eb.npz", "visibility": "visibility_63a7c060a2744db0b7be0004bea0c6eb.png", "pose": [[-0.47791486978530884, 0.8784061670303345, 0.0, 1458.4053955078125], [-0.8784061670303345, -0.47791486978530884, 0.0, 1282.6947021484375], [0.0, 0.0, 1.0, 0.0], [0.0, 0.0, 0.0, 1.0]], "pose_inverse": [[-0.47791486978530884, -0.8784061670303345, 0.0, 1823.7205810546875], [0.8784061670303345, -0.47791486978530884, 0.0, -668.0534057617188], [0.0, 0.0, 1.0, 0.0], [0.0, 0.0, 0.0, 1.0]], "cam_ids": [0, 1, 2, 3, 4, 5], "cam_channels": ["CAM_FRONT_LEFT", "CAM_FRONT", "CAM_FRONT_RIGHT", "CAM_BACK_LEFT", "CAM_BACK", "CAM_BACK_RIGHT"], "token": "63a7c060a2744db0b7be0004bea0c6eb", "scene": "scene-0596"}, {"images": ["samples/CAM_FRONT_LEFT/n008-2018-09-18-13-41-50-0400__CAM_FRONT_LEFT__1537293198654799.jpg", "samples/CAM_FRONT/n008-2018-09-18-13-41-50-0400__CAM_FRONT__1537293198662404.jpg", "samples/CAM_FRONT_RIGHT/n008-2018-09-18-13-41-50-0400__CAM_FRONT_RIGHT__1537293198670482.jpg", "samples/CAM_BACK_LEFT/n008-2018-09-18-13-41-50-0400__CAM_BACK_LEFT__1537293198697405.jpg", "samples/CAM_BACK/n008-2018-09-18-13-41-50-0400__CAM_BACK__1537293198687558.jpg", "samples/CAM_BACK_RIGHT/n008-2018-09-18-13-41-50-0400__CAM_BACK_RIGHT__1537293198678113.jpg"], "intrinsics": [[[1257.8625342125129, 0.0, 827.2410631095686], [0.0, 1257.8625342125129, 450.915498205774], [0.0, 0.0, 1.0]], [[1252.8131021185304, 0.0, 826.588114781398], [0.0, 1252.8131021185304, 469.9846626224581], [0.0, 0.0, 1.0]], [[1256.7485116440405, 0.0, 817.7887570959712], [0.0, 1256.7485116440403, 451.9541780095127], [0.0, 0.0, 1.0]], [[1254.9860565800168, 0.0, 829.5769333630991], [0.0, 1254.9860565800168, 467.1680561863987], [0.0, 0.0, 1.0]], [[796.8910634503094, 0.0, 857.7774326863696], [0.0, 796.8910634503094, 476.8848988407415], [0.0, 0.0, 1.0]], [[1249.9629280788233, 0.0, 825.3768045375984], [0.0, 1249.9629280788233, 462.54816385708756], [0.0, 0.0, 1.0]]], "extrinsics": [[[0.8225363492965698, -0.5686817765235901, 0.0059252288192510605, -1.0050048828125], [0.024304311722517014, 0.02474057674407959, -0.999398410320282, 1.488290786743164], [0.5681931376457214, 0.8221855163574219, 0.034171439707279205, -1.333465576171875], [0.0, 0.0, 0.0, 1.0]], [[0.010561054572463036, -0.9997371435165405, -0.020349698141217232, 0.00537109375], [0.02626241371035576, 0.020621130242943764, -0.9994423985481262, 1.48016357421875], [0.999599277973175, 0.010020731016993523, 0.026473289355635643, -1.734619140625], [0.0, 0.0, 0.0, 1.0]], [[-0.8435204029083252, -0.5359340310096741, -0.03532926365733147, 1.0906982421875], [0.03427973389625549, 0.011923730373382568, -0.9993411302566528, 1.493072509765625], [0.5360021591186523, -0.8441756963729858, 0.008313764818012714, -1.277587890625], [0.0, 0.0, 0.0, 1.0]], [[0.947752058506012, 0.3185502886772156, 0.017079660668969154, -1.143798828125], [0.008903933688998222, 0.027104005217552185, -0.9995930194854736, 1.5620439052581787], [-0.3188835680484772, 0.9475184082984924, 0.022851526737213135, -0.156005859375], [0.0, 0.0, 0.0, 1.0]], [[0.00894585344940424, 0.9997665882110596, 0.01966957002878189, -0.02880859375], [0.011013560928404331, 0.01957065612077713, -0.9997477531433105, 1.5680642127990723], [-0.9998993873596191, 0.009160232730209827, -0.010835914872586727, 0.044189453125], [0.0, 0.0, 0.0, 1.0]], [[-0.9235827326774597, 0.3830951750278473, -0.015260805375874043, 1.160400390625], [0.01521849911659956, -0.003141308669000864, -0.9998792409896851, 1.5478076934814453], [-0.383096843957901, -0.9237034916877747, -0.0029288730584084988, -0.0438079833984375], [0.0, 0.0, 0.0, 1.0]]], "view": [[0.0, -2.0, 100.0], [-2.0, 0.0, 100.0], [0.0, 0.0, 1.0]], "bev": "bev_c1a0a3faed0646a3bec11924dfcba3c2.png", "aux": "aux_c1a0a3faed0646a3bec11924dfcba3c2.npz", "visibility": "visibility_c1a0a3faed0646a3bec11924dfcba3c2.png", "pose": [[-0.47796112298965454, 0.8783810138702393, 0.0, 1458.4053955078125], [-0.8783810138702393, -0.47796112298965454, 0.0, 1282.6947021484375], [0.0, 0.0, 1.0, 0.0], [0.0, 0.0, 0.0, 1.0]], "pose_inverse": [[-0.47796112298965454, -0.8783810138702393, 0.0, 1823.7557373046875], [0.8783810138702393, -0.47796112298965454, 0.0, -667.9573974609375], [0.0, 0.0, 1.0, 0.0], [0.0, 0.0, 0.0, 1.0]], "cam_ids": [0, 1, 2, 3, 4, 5], "cam_channels": ["CAM_FRONT_LEFT", "CAM_FRONT", "CAM_FRONT_RIGHT", "CAM_BACK_LEFT", "CAM_BACK", "CAM_BACK_RIGHT"], "token": "c1a0a3faed0646a3bec11924dfcba3c2", "scene": "scene-0596"}, {"images": ["samples/CAM_FRONT_LEFT/n008-2018-09-18-13-41-50-0400__CAM_FRONT_LEFT__1537293199154799.jpg", "samples/CAM_FRONT/n008-2018-09-18-13-41-50-0400__CAM_FRONT__1537293199162404.jpg", "samples/CAM_FRONT_RIGHT/n008-2018-09-18-13-41-50-0400__CAM_FRONT_RIGHT__1537293199170482.jpg", "samples/CAM_BACK_LEFT/n008-2018-09-18-13-41-50-0400__CAM_BACK_LEFT__1537293199197405.jpg", "samples/CAM_BACK/n008-2018-09-18-13-41-50-0400__CAM_BACK__1537293199187558.jpg", "samples/CAM_BACK_RIGHT/n008-2018-09-18-13-41-50-0400__CAM_BACK_RIGHT__1537293199178113.jpg"], "intrinsics": [[[1257.8625342125129, 0.0, 827.2410631095686], [0.0, 1257.8625342125129, 450.915498205774], [0.0, 0.0, 1.0]], [[1252.8131021185304, 0.0, 826.588114781398], [0.0, 1252.8131021185304, 469.9846626224581], [0.0, 0.0, 1.0]], [[1256.7485116440405, 0.0, 817.7887570959712], [0.0, 1256.7485116440403, 451.9541780095127], [0.0, 0.0, 1.0]], [[1254.9860565800168, 0.0, 829.5769333630991], [0.0, 1254.9860565800168, 467.1680561863987], [0.0, 0.0, 1.0]], [[796.8910634503094, 0.0, 857.7774326863696], [0.0, 796.8910634503094, 476.8848988407415], [0.0, 0.0, 1.0]], [[1249.9629280788233, 0.0, 825.3768045375984], [0.0, 1249.9629280788233, 462.54816385708756], [0.0, 0.0, 1.0]]], "extrinsics": [[[0.8225215077400208, -0.5687030553817749, 0.0059259566478431225, -1.0050048828125], [0.024349913001060486, 0.02480372227728367, -0.9993957281112671, 1.4882946014404297], [0.5682123899459839, 0.8221688270568848, 0.03424946963787079, -1.33331298828125], [0.0, 0.0, 0.0, 1.0]], [[0.010543265379965305, -0.9997361302375793, -0.020409351214766502, 0.00531005859375], [0.026309849694371223, 0.02068076841533184, -0.9994399547576904, 1.48016357421875], [0.9995982050895691, 0.010000428184866905, 0.026520950719714165, -1.73486328125], [0.0, 0.0, 0.0, 1.0]], [[-0.8435256481170654, -0.5359207391738892, -0.035403214395046234, 1.0904541015625], [0.03433417156338692, 0.011975741945207119, -0.9993386268615723, 1.4930686950683594], [0.5359903573989868, -0.8441833853721619, 0.008298549801111221, -1.277587890625], [0.0, 0.0, 0.0, 1.0]], [[0.9477502107620239, 0.31855276226997375, 0.017136288806796074, -1.143798828125], [0.008951758034527302, 0.027139170095324516, -0.999591588973999, 1.5620436668395996], [-0.31888771057128906, 0.9475165009498596, 0.022869547829031944, -0.15625], [0.0, 0.0, 0.0, 1.0]], [[0.008948528207838535, 0.9997654557228088, 0.0197233185172081, -0.02880859375], [0.0110779395326972, 0.019623780623078346, -0.9997460246086121, 1.5680618286132812], [-0.9998986721038818, 0.009164741262793541, -0.0108997393399477, 0.0443115234375], [0.0, 0.0, 0.0, 1.0]], [[-0.923578143119812, 0.38310477137565613, -0.015299473889172077, 1.16064453125], [0.01528000645339489, -0.003094019368290901, -0.999878466129303, 1.547811508178711], [-0.38310548663139343, -0.9236996173858643, -0.0029962752014398575, -0.0436859130859375], [0.0, 0.0, 0.0, 1.0]]], "view": [[0.0, -2.0, 100.0], [-2.0, 0.0, 100.0], [0.0, 0.0, 1.0]], "bev": "bev_491f5a4b77fc4ac4bedb03c2102523c4.png", "aux": "aux_491f5a4b77fc4ac4bedb03c2102523c4.npz", "visibility": "visibility_491f5a4b77fc4ac4bedb03c2102523c4.png", "pose": [[-0.47794079780578613, 0.8783920407295227, 0.0, 1458.4053955078125], [-0.8783920407295227, -0.47794079780578613, 0.0, 1282.6947021484375], [0.0, 0.0, 1.0, 0.0], [0.0, 0.0, 0.0, 1.0]], "pose_inverse": [[-0.47794079780578613, -0.8783920407295227, 0.0, 1823.740234375], [0.8783920407295227, -0.47794079780578613, 0.0, -667.9995727539062], [0.0, 0.0, 1.0, 0.0], [0.0, 0.0, 0.0, 1.0]], "cam_ids": [0, 1, 2, 3, 4, 5], "cam_channels": ["CAM_FRONT_LEFT", "CAM_FRONT", "CAM_FRONT_RIGHT", "CAM_BACK_LEFT", "CAM_BACK", "CAM_BACK_RIGHT"], "token": "491f5a4b77fc4ac4bedb03c2102523c4", "scene": "scene-0596"}, {"images": ["samples/CAM_FRONT_LEFT/n008-2018-09-18-13-41-50-0400__CAM_FRONT_LEFT__1537293199654799.jpg", "samples/CAM_FRONT/n008-2018-09-18-13-41-50-0400__CAM_FRONT__1537293199662404.jpg", "samples/CAM_FRONT_RIGHT/n008-2018-09-18-13-41-50-0400__CAM_FRONT_RIGHT__1537293199670482.jpg", "samples/CAM_BACK_LEFT/n008-2018-09-18-13-41-50-0400__CAM_BACK_LEFT__1537293199697405.jpg", "samples/CAM_BACK/n008-2018-09-18-13-41-50-0400__CAM_BACK__1537293199687558.jpg", "samples/CAM_BACK_RIGHT/n008-2018-09-18-13-41-50-0400__CAM_BACK_RIGHT__1537293199678113.jpg"], "intrinsics": [[[1257.8625342125129, 0.0, 827.2410631095686], [0.0, 1257.8625342125129, 450.915498205774], [0.0, 0.0, 1.0]], [[1252.8131021185304, 0.0, 826.588114781398], [0.0, 1252.8131021185304, 469.9846626224581], [0.0, 0.0, 1.0]], [[1256.7485116440405, 0.0, 817.7887570959712], [0.0, 1256.7485116440403, 451.9541780095127], [0.0, 0.0, 1.0]], [[1254.9860565800168, 0.0, 829.5769333630991], [0.0, 1254.9860565800168, 467.1680561863987], [0.0, 0.0, 1.0]], [[796.8910634503094, 0.0, 857.7774326863696], [0.0, 796.8910634503094, 476.8848988407415], [0.0, 0.0, 1.0]], [[1249.9629280788233, 0.0, 825.3768045375984], [0.0, 1249.9629280788233, 462.54816385708756], [0.0, 0.0, 1.0]]], "extrinsics": [[[0.8225208520889282, -0.5687038898468018, 0.00594752561300993, -1.005126953125], [0.02436373196542263, 0.024785734713077545, -0.9993958473205566, 1.4882965087890625], [0.5682129263877869, 0.8221688270568848, 0.03424253314733505, -1.333282470703125], [0.0, 0.0, 0.0, 1.0]], [[0.010536673478782177, -0.9997366070747375, -0.020390506833791733, 0.0052490234375], [0.026319926604628563, 0.0206618569791317, -0.9994400143623352, 1.48016357421875], [0.9995980262756348, 0.009994067251682281, 0.02653069794178009, -1.7347412109375], [0.0, 0.0, 0.0, 1.0]], [[-0.8435295820236206, -0.5359145998954773, -0.035404276102781296, 1.090576171875], [0.03434201329946518, 0.011965245008468628, -0.9993385076522827, 1.4930763244628906], [0.5359837412834167, -0.8441874384880066, 0.008311346173286438, -1.277587890625], [0.0, 0.0, 0.0, 1.0]], [[0.9477519989013672, 0.31854701042175293, 0.01714421436190605, -1.1439208984375], [0.00895530916750431, 0.027153899893164635, -0.9995911121368408, 1.5620392560958862], [-0.31888237595558167, 0.9475180506706238, 0.022882474586367607, -0.1561279296875], [0.0, 0.0, 0.0, 1.0]], [[0.008952242322266102, 0.9997655749320984, 0.01971878670156002, -0.02880859375], [0.011090029962360859, 0.01961909793317318, -0.9997460246086121, 1.5680603981018066], [-0.9998984336853027, 0.009168675169348717, -0.010911794379353523, 0.0440673828125], [0.0, 0.0, 0.0, 1.0]], [[-0.9235759377479553, 0.3831098675727844, -0.015310616232454777, 1.160888671875], [0.015291777439415455, -0.003094766288995743, -0.9998782277107239, 1.5478134155273438], [-0.38311058282852173, -0.9236975908279419, -0.003000178374350071, -0.04358673095703125], [0.0, 0.0, 0.0, 1.0]]], "view": [[0.0, -2.0, 100.0], [-2.0, 0.0, 100.0], [0.0, 0.0, 1.0]], "bev": "bev_e42b6187dccd4c7ea84a6a2f8e9dd7cc.png", "aux": "aux_e42b6187dccd4c7ea84a6a2f8e9dd7cc.npz", "visibility": "visibility_e42b6187dccd4c7ea84a6a2f8e9dd7cc.png", "pose": [[-0.47787994146347046, 0.8784251809120178, 0.0, 1458.4053955078125], [-0.8784251809120178, -0.47787994146347046, 0.0, 1282.6947021484375], [0.0, 0.0, 1.0, 0.0], [0.0, 0.0, 0.0, 1.0]], "pose_inverse": [[-0.47787994146347046, -0.8784251809120178, 0.0, 1823.6939697265625], [0.8784251809120178, -0.47787994146347046, 0.0, -668.1259765625], [0.0, 0.0, 1.0, 0.0], [0.0, 0.0, 0.0, 1.0]], "cam_ids": [0, 1, 2, 3, 4, 5], "cam_channels": ["CAM_FRONT_LEFT", "CAM_FRONT", "CAM_FRONT_RIGHT", "CAM_BACK_LEFT", "CAM_BACK", "CAM_BACK_RIGHT"], "token": "e42b6187dccd4c7ea84a6a2f8e9dd7cc", "scene": "scene-0596"}, {"images": ["samples/CAM_FRONT_LEFT/n008-2018-09-18-13-41-50-0400__CAM_FRONT_LEFT__1537293200254799.jpg", "samples/CAM_FRONT/n008-2018-09-18-13-41-50-0400__CAM_FRONT__1537293200262404.jpg", "samples/CAM_FRONT_RIGHT/n008-2018-09-18-13-41-50-0400__CAM_FRONT_RIGHT__1537293200270482.jpg", "samples/CAM_BACK_LEFT/n008-2018-09-18-13-41-50-0400__CAM_BACK_LEFT__1537293200297405.jpg", "samples/CAM_BACK/n008-2018-09-18-13-41-50-0400__CAM_BACK__1537293200287558.jpg", "samples/CAM_BACK_RIGHT/n008-2018-09-18-13-41-50-0400__CAM_BACK_RIGHT__1537293200278113.jpg"], "intrinsics": [[[1257.8625342125129, 0.0, 827.2410631095686], [0.0, 1257.8625342125129, 450.915498205774], [0.0, 0.0, 1.0]], [[1252.8131021185304, 0.0, 826.588114781398], [0.0, 1252.8131021185304, 469.9846626224581], [0.0, 0.0, 1.0]], [[1256.7485116440405, 0.0, 817.7887570959712], [0.0, 1256.7485116440403, 451.9541780095127], [0.0, 0.0, 1.0]], [[1254.9860565800168, 0.0, 829.5769333630991], [0.0, 1254.9860565800168, 467.1680561863987], [0.0, 0.0, 1.0]], [[796.8910634503094, 0.0, 857.7774326863696], [0.0, 796.8910634503094, 476.8848988407415], [0.0, 0.0, 1.0]], [[1249.9629280788233, 0.0, 825.3768045375984], [0.0, 1249.9629280788233, 462.54816385708756], [0.0, 0.0, 1.0]]], "extrinsics": [[[0.822537362575531, -0.5686818957328796, 0.005757907405495644, -1.0048828125], [0.02423827536404133, 0.024939188733696938, -0.9993950724601746, 1.4882926940917969], [0.5681942701339722, 0.82217937707901, 0.03429728373885155, -1.33331298828125], [0.0, 0.0, 0.0, 1.0]], [[0.01055984478443861, -0.9997330904006958, -0.02054480090737343, 0.00555419921875], [0.026187153533101082, 0.02081538923084736, -0.9994403123855591, 1.48016357421875], [0.9996012449264526, 0.010015943087637424, 0.026399973779916763, -1.7347412109375], [0.0, 0.0, 0.0, 1.0]], [[-0.8435227274894714, -0.5359275341033936, -0.03537045419216156, 1.0904541015625], [0.03420249745249748, 0.01212211512029171, -0.9993413686752319, 1.4930763244628906], [0.5360033512115479, -0.8441770076751709, 0.008104778826236725, -1.2777099609375], [0.0, 0.0, 0.0, 1.0]], [[0.9477511048316956, 0.31855326890945435, 0.01707550510764122, -1.143798828125], [0.008846280165016651, 0.02726205252110958, -0.9995891451835632, 1.562045931816101], [-0.31888794898986816, 0.9475128650665283, 0.02301962859928608, -0.1561279296875], [0.0, 0.0, 0.0, 1.0]], [[0.008943768218159676, 0.999763011932373, 0.019846457988023758, -0.02880859375], [0.010970870032906532, 0.01974795013666153, -0.9997447729110718, 1.568058967590332], [-0.9998998045921326, 0.00915923248976469, -0.010791648179292679, 0.044189453125], [0.0, 0.0, 0.0, 1.0]], [[-0.9235844016075134, 0.38309672474861145, -0.015122882090508938, 1.1605224609375], [0.015152419917285442, -0.0029406175017356873, -0.999880850315094, 1.547811508178711], [-0.38309550285339355, -0.9237035512924194, -0.0030889343470335007, -0.0437164306640625], [0.0, 0.0, 0.0, 1.0]]], "view": [[0.0, -2.0, 100.0], [-2.0, 0.0, 100.0], [0.0, 0.0, 1.0]], "bev": "bev_b268ef01ff654b65a1fde6d0d6d87913.png", "aux": "aux_b268ef01ff654b65a1fde6d0d6d87913.npz", "visibility": "visibility_b268ef01ff654b65a1fde6d0d6d87913.png", "pose": [[-0.47798460721969604, 0.8783681988716125, 0.0, 1458.4053955078125], [-0.8783681988716125, -0.47798460721969604, 0.0, 1282.6947021484375], [0.0, 0.0, 1.0, 0.0], [0.0, 0.0, 0.0, 1.0]], "pose_inverse": [[-0.47798460721969604, -0.8783681988716125, 0.0, 1823.7735595703125], [0.8783681988716125, -0.47798460721969604, 0.0, -667.9086303710938], [0.0, 0.0, 1.0, 0.0], [0.0, 0.0, 0.0, 1.0]], "cam_ids": [0, 1, 2, 3, 4, 5], "cam_channels": ["CAM_FRONT_LEFT", "CAM_FRONT", "CAM_FRONT_RIGHT", "CAM_BACK_LEFT", "CAM_BACK", "CAM_BACK_RIGHT"], "token": "b268ef01ff654b65a1fde6d0d6d87913", "scene": "scene-0596"}, {"images": ["samples/CAM_FRONT_LEFT/n008-2018-09-18-13-41-50-0400__CAM_FRONT_LEFT__1537293200754799.jpg", "samples/CAM_FRONT/n008-2018-09-18-13-41-50-0400__CAM_FRONT__1537293200762404.jpg", "samples/CAM_FRONT_RIGHT/n008-2018-09-18-13-41-50-0400__CAM_FRONT_RIGHT__1537293200770510.jpg", "samples/CAM_BACK_LEFT/n008-2018-09-18-13-41-50-0400__CAM_BACK_LEFT__1537293200797762.jpg", "samples/CAM_BACK/n008-2018-09-18-13-41-50-0400__CAM_BACK__1537293200787558.jpg", "samples/CAM_BACK_RIGHT/n008-2018-09-18-13-41-50-0400__CAM_BACK_RIGHT__1537293200778113.jpg"], "intrinsics": [[[1257.8625342125129, 0.0, 827.2410631095686], [0.0, 1257.8625342125129, 450.915498205774], [0.0, 0.0, 1.0]], [[1252.8131021185304, 0.0, 826.588114781398], [0.0, 1252.8131021185304, 469.9846626224581], [0.0, 0.0, 1.0]], [[1256.7485116440405, 0.0, 817.7887570959712], [0.0, 1256.7485116440403, 451.9541780095127], [0.0, 0.0, 1.0]], [[1254.9860565800168, 0.0, 829.5769333630991], [0.0, 1254.9860565800168, 467.1680561863987], [0.0, 0.0, 1.0]], [[796.8910634503094, 0.0, 857.7774326863696], [0.0, 796.8910634503094, 476.8848988407415], [0.0, 0.0, 1.0]], [[1249.9629280788233, 0.0, 825.3768045375984], [0.0, 1249.9629280788233, 462.54816385708756], [0.0, 0.0, 1.0]]], "extrinsics": [[[0.8225245475769043, -0.5686993598937988, 0.005871588364243507, -1.0048828125], [0.024308715015649796, 0.024839973077178, -0.9993958473205566, 1.4882965087890625], [0.5682098865509033, 0.8221703171730042, 0.03425583615899086, -1.33331298828125], [0.0, 0.0, 0.0, 1.0]], [[0.010544340126216412, -0.9997352957725525, -0.020448101684451103, 0.0054931640625], [0.02626388520002365, 0.020719077438116074, -0.9994403123855591, 1.48016357421875], [0.9995993971824646, 0.010001388378441334, 0.02647540159523487, -1.7347412109375], [0.0, 0.0, 0.0, 1.0]], [[-0.8435266613960266, -0.5359199643135071, -0.035390112549066544, 1.0904541015625], [0.034290414303541183, 0.012020191177725792, -0.9993396401405334, 1.493072509765625], [0.5359914898872375, -0.8441832661628723, 0.008237564004957676, -1.277587890625], [0.0, 0.0, 0.0, 1.0]], [[0.9477525353431702, 0.31854596734046936, 0.017134690657258034, -1.1439208984375], [0.008932532742619514, 0.027191802859306335, -0.9995903372764587, 1.5620430707931519], [-0.31888142228126526, 0.9475172758102417, 0.02292567864060402, -0.1561279296875], [0.0, 0.0, 0.0, 1.0]], [[0.008949476294219494, 0.9997646808624268, 0.01976041868329048, -0.02886962890625], [0.01105169765651226, 0.019661111757159233, -0.9997455477714539, 1.5680594444274902], [-0.9998989105224609, 0.009165560826659203, -0.010873142629861832, 0.0443115234375], [0.0, 0.0, 0.0, 1.0]], [[-0.9235790371894836, 0.3831045925617218, -0.015249880030751228, 1.1605224609375], [0.015245763584971428, -0.0030471256468445063, -0.9998791217803955, 1.5478134155273438], [-0.38310477137565613, -0.9237000346183777, -0.0030264619272202253, -0.0435943603515625], [0.0, 0.0, 0.0, 1.0]]], "view": [[0.0, -2.0, 100.0], [-2.0, 0.0, 100.0], [0.0, 0.0, 1.0]], "bev": "bev_8459dbc6aaef4b4a846a708b3c53cc50.png", "aux": "aux_8459dbc6aaef4b4a846a708b3c53cc50.npz", "visibility": "visibility_8459dbc6aaef4b4a846a708b3c53cc50.png", "pose": [[-0.47795823216438293, 0.8783825635910034, 0.0, 1458.4053955078125], [-0.8783825635910034, -0.47795823216438293, 0.0, 1282.6947021484375], [0.0, 0.0, 1.0, 0.0], [0.0, 0.0, 0.0, 1.0]], "pose_inverse": [[-0.47795823216438293, -0.8783825635910034, 0.0, 1823.7535400390625], [0.8783825635910034, -0.47795823216438293, 0.0, -667.96337890625], [0.0, 0.0, 1.0, 0.0], [0.0, 0.0, 0.0, 1.0]], "cam_ids": [0, 1, 2, 3, 4, 5], "cam_channels": ["CAM_FRONT_LEFT", "CAM_FRONT", "CAM_FRONT_RIGHT", "CAM_BACK_LEFT", "CAM_BACK", "CAM_BACK_RIGHT"], "token": "8459dbc6aaef4b4a846a708b3c53cc50", "scene": "scene-0596"}, {"images": ["samples/CAM_FRONT_LEFT/n008-2018-09-18-13-41-50-0400__CAM_FRONT_LEFT__1537293201254799.jpg", "samples/CAM_FRONT/n008-2018-09-18-13-41-50-0400__CAM_FRONT__1537293201262404.jpg", "samples/CAM_FRONT_RIGHT/n008-2018-09-18-13-41-50-0400__CAM_FRONT_RIGHT__1537293201270482.jpg", "samples/CAM_BACK_LEFT/n008-2018-09-18-13-41-50-0400__CAM_BACK_LEFT__1537293201297405.jpg", "samples/CAM_BACK/n008-2018-09-18-13-41-50-0400__CAM_BACK__1537293201287558.jpg", "samples/CAM_BACK_RIGHT/n008-2018-09-18-13-41-50-0400__CAM_BACK_RIGHT__1537293201278113.jpg"], "intrinsics": [[[1257.8625342125129, 0.0, 827.2410631095686], [0.0, 1257.8625342125129, 450.915498205774], [0.0, 0.0, 1.0]], [[1252.8131021185304, 0.0, 826.588114781398], [0.0, 1252.8131021185304, 469.9846626224581], [0.0, 0.0, 1.0]], [[1256.7485116440405, 0.0, 817.7887570959712], [0.0, 1256.7485116440403, 451.9541780095127], [0.0, 0.0, 1.0]], [[1254.9860565800168, 0.0, 829.5769333630991], [0.0, 1254.9860565800168, 467.1680561863987], [0.0, 0.0, 1.0]], [[796.8910634503094, 0.0, 857.7774326863696], [0.0, 796.8910634503094, 476.8848988407415], [0.0, 0.0, 1.0]], [[1249.9629280788233, 0.0, 825.3768045375984], [0.0, 1249.9629280788233, 462.54816385708756], [0.0, 0.0, 1.0]]], "extrinsics": [[[0.8225238919258118, -0.5687002539634705, 0.005887351464480162, -1.005126953125], [0.02434423379600048, 0.02486359141767025, -0.9993943572044373, 1.4882965087890625], [0.5682094097137451, 0.8221691250801086, 0.0342954657971859, -1.333282470703125], [0.0, 0.0, 0.0, 1.0]], [[0.010540539398789406, -0.9997348189353943, -0.020473985001444817, 0.0054931640625], [0.026289120316505432, 0.020745104178786278, -0.9994391202926636, 1.4801673889160156], [0.9995988011360168, 0.009996367618441582, 0.02650081366300583, -1.7347412109375], [0.0, 0.0, 0.0, 1.0]], [[-0.8435286283493042, -0.5359148979187012, -0.035422004759311676, 1.090576171875], [0.034309860318899155, 0.012048984877765179, -0.9993386268615723, 1.493072509765625], [0.5359871983528137, -0.844186007976532, 0.008223501034080982, -1.277587890625], [0.0, 0.0, 0.0, 1.0]], [[0.947752058506012, 0.31854674220085144, 0.017150292173027992, -1.143798828125], [0.008939948864281178, 0.02721860073506832, -0.9995895624160767, 1.5620434284210205], [-0.3188828229904175, 0.9475163221359253, 0.022948691621422768, -0.1561279296875], [0.0, 0.0, 0.0, 1.0]], [[0.008950330317020416, 0.9997640252113342, 0.01979239098727703, -0.02886962890625], [0.011076916940510273, 0.01969284377992153, -0.9997446537017822, 1.5680608749389648], [-0.9998986124992371, 0.009167292155325413, -0.010898045264184475, 0