[{"images": ["samples/CAM_FRONT_LEFT/n008-2018-08-21-11-53-44-0400__CAM_FRONT_LEFT__1534867399904799.jpg", "samples/CAM_FRONT/n008-2018-08-21-11-53-44-0400__CAM_FRONT__1534867399912404.jpg", "samples/CAM_FRONT_RIGHT/n008-2018-08-21-11-53-44-0400__CAM_FRONT_RIGHT__1534867399920482.jpg", "samples/CAM_BACK_LEFT/n008-2018-08-21-11-53-44-0400__CAM_BACK_LEFT__1534867399947405.jpg", "samples/CAM_BACK/n008-2018-08-21-11-53-44-0400__CAM_BACK__1534867399937558.jpg", "samples/CAM_BACK_RIGHT/n008-2018-08-21-11-53-44-0400__CAM_BACK_RIGHT__1534867399928113.jpg"], "intrinsics": [[[1257.8625342125129, 0.0, 827.2410631095686], [0.0, 1257.8625342125129, 450.915498205774], [0.0, 0.0, 1.0]], [[1252.8131021185304, 0.0, 826.588114781398], [0.0, 1252.8131021185304, 469.9846626224581], [0.0, 0.0, 1.0]], [[1256.7485116440405, 0.0, 817.7887570959712], [0.0, 1256.7485116440403, 451.9541780095127], [0.0, 0.0, 1.0]], [[1254.9860565800168, 0.0, 829.5769333630991], [0.0, 1254.9860565800168, 467.1680561863987], [0.0, 0.0, 1.0]], [[796.8910634503094, 0.0, 857.7774326863696], [0.0, 796.8910634503094, 476.8848988407415], [0.0, 0.0, 1.0]], [[1249.9629280788233, 0.0, 825.3768045375984], [0.0, 1249.9629280788233, 462.54816385708756], [0.0, 0.0, 1.0]]], "extrinsics": [[[0.822508692741394, -0.5684918165206909, -0.01721763424575329, -0.7376708984375], [-0.0028902075719088316, 0.02609444223344326, -0.9996553063392639, 1.4872932434082031], [0.5687451958656311, 0.822274923324585, 0.019819846376776695, -1.1517333984375], [0.0, 0.0, 0.0, 1.0]], [[0.010259822942316532, -0.999702513217926, -0.022125178948044777, 0.01025390625], [-0.0009083770564757288, 0.022117014974355698, -0.9997549653053284, 1.4798736572265625], [0.9999468922615051, 0.010277441702783108, -0.0006811902276240289, -1.467529296875], [0.0, 0.0, 0.0, 1.0]], [[-0.844001293182373, -0.5361759662628174, -0.013307937420904636, 0.91632080078125], [0.007143707014620304, 0.013572173193097115, -0.9998823404312134, 1.4945335388183594], [0.5362935066223145, -0.8439971208572388, -0.007624649442732334, -1.1646728515625], [0.0, 0.0, 0.0, 1.0]], [[0.9478247165679932, 0.3186945915222168, -0.007871047593653202, -1.1355085372924805], [-0.01810264214873314, 0.029155563563108444, -0.9994109869003296, 1.5618820190429688], [-0.31827738881111145, 0.94740891456604, 0.033403582870960236, -0.1590576171875], [0.0, 0.0, 0.0, 1.0]], [[0.00924895890057087, 0.9997291564941406, 0.02135654166340828, -0.02880859375], [-0.016181645914912224, 0.021504292264580727, -0.9996377825737, 1.5667266845703125], [-0.9998263120651245, 0.008900015614926815, 0.016376156359910965, -0.03729248046875], [0.0, 0.0, 0.0, 1.0]], [[-0.9237812757492065, 0.3827778100967407, 0.010450182482600212, 1.020263671875], [-0.01187834981828928, -0.001367797958664596, -0.9999285340309143, 1.5460171699523926], [-0.3827361762523651, -0.9238394498825073, 0.0058103157207369804, -0.1005859375], [0.0, 0.0, 0.0, 1.0]]], "view": [[0.0, -2.0, 100.0], [-2.0, 0.0, 100.0], [0.0, 0.0, 1.0]], "bev": "bev_d985a4297e9445aab86576b7afd52bab.png", "aux": "aux_d985a4297e9445aab86576b7afd52bab.npz", "visibility": "visibility_d985a4297e9445aab86576b7afd52bab.png", "pose": [[0.7664585709571838, 0.6422937512397766, 0.0, 643.5780029296875], [-0.6422937512397766, 0.7664585709571838, 0.0, 1614.619873046875], [0.0, 0.0, 1.0, 0.0], [0.0, 0.0, 0.0, 1.0]], "pose_inverse": [[0.7664585709571838, -0.6422937512397766, 0.0, 543.7843017578125], [0.6422937512397766, 0.7664585709571838, 0.0, -1650.9053955078125], [0.0, 0.0, 1.0, 0.0], [0.0, 0.0, 0.0, 1.0]], "cam_ids": [0, 1, 2, 3, 4, 5], "cam_channels": ["CAM_FRONT_LEFT", "CAM_FRONT", "CAM_FRONT_RIGHT", "CAM_BACK_LEFT", "CAM_BACK", "CAM_BACK_RIGHT"], "token": "d985a4297e9445aab86576b7afd52bab", "scene": "scene-0251"}, {"images": ["samples/CAM_FRONT_LEFT/n008-2018-08-21-11-53-44-0400__CAM_FRONT_LEFT__1534867400404799.jpg", "samples/CAM_FRONT/n008-2018-08-21-11-53-44-0400__CAM_FRONT__1534867400412404.jpg", "samples/CAM_FRONT_RIGHT/n008-2018-08-21-11-53-44-0400__CAM_FRONT_RIGHT__1534867400420482.jpg", "samples/CAM_BACK_LEFT/n008-2018-08-21-11-53-44-0400__CAM_BACK_LEFT__1534867400447405.jpg", "samples/CAM_BACK/n008-2018-08-21-11-53-44-0400__CAM_BACK__1534867400437558.jpg", "samples/CAM_BACK_RIGHT/n008-2018-08-21-11-53-44-0400__CAM_BACK_RIGHT__1534867400428113.jpg"], "intrinsics": [[[1257.8625342125129, 0.0, 827.2410631095686], [0.0, 1257.8625342125129, 450.915498205774], [0.0, 0.0, 1.0]], [[1252.8131021185304, 0.0, 826.588114781398], [0.0, 1252.8131021185304, 469.9846626224581], [0.0, 0.0, 1.0]], [[1256.7485116440405, 0.0, 817.7887570959712], [0.0, 1256.7485116440403, 451.9541780095127], [0.0, 0.0, 1.0]], [[1254.9860565800168, 0.0, 829.5769333630991], [0.0, 1254.9860565800168, 467.1680561863987], [0.0, 0.0, 1.0]], [[796.8910634503094, 0.0, 857.7774326863696], [0.0, 796.8910634503094, 476.8848988407415], [0.0, 0.0, 1.0]], [[1249.9629280788233, 0.0, 825.3768045375984], [0.0, 1249.9629280788233, 462.54816385708756], [0.0, 0.0, 1.0]]], "extrinsics": [[[0.8221669793128967, -0.5690453052520752, -0.015128676779568195, -0.73681640625], [0.0006191758438944817, 0.027470624074339867, -0.9996224045753479, 1.4884681701660156], [0.5692461133003235, 0.8218472003936768, 0.022937780246138573, -1.149169921875], [0.0, 0.0, 0.0, 1.0]], [[0.009761864319443703, -0.9996800422668457, -0.023333223536610603, 0.009033203125], [0.002597694518044591, 0.02335961163043976, -0.9997237920761108, 1.4808387756347656], [0.9999489188194275, 0.00969858467578888, 0.002824897412210703, -1.46527099609375], [0.0, 0.0, 0.0, 1.0]], [[-0.8441894054412842, -0.5357801914215088, -0.016849875450134277, 0.914093017578125], [0.010645519942045212, 0.01467070635408163, -0.999835729598999, 1.4952926635742188], [0.5359393358230591, -0.844230055809021, -0.006681195925921202, -1.1644287109375], [0.0, 0.0, 0.0, 1.0]], [[0.9478668570518494, 0.3186381757259369, -0.004259028937667608, -1.1361455917358398], [-0.014551944099366665, 0.02992936037480831, -0.9994460344314575, 1.561920166015625], [-0.31833416223526, 0.9474037885665894, 0.03300585597753525, -0.1588134765625], [0.0, 0.0, 0.0, 1.0]], [[0.009367724880576134, 0.9997084140777588, 0.022256312891840935, -0.0283203125], [-0.012484919279813766, 0.02237248793244362, -0.9996716976165771, 1.5670318603515625], [-0.9998781681060791, 0.009086739271879196, 0.012690856121480465, -0.03778076171875], [0.0, 0.0, 0.0, 1.0]], [[-0.9236851334571838, 0.3830779194831848, 0.00755398441106081, 1.01904296875], [-0.008336838334798813, -0.0003834534145426005, -0.9999651908874512, 1.5465381145477295], [-0.3830616772174835, -0.9237159490585327, 0.0035478500649333, -0.1015625], [0.0, 0.0, 0.0, 1.0]]], "view": [[0.0, -2.0, 100.0], [-2.0, 0.0, 100.0], [0.0, 0.0, 1.0]], "bev": "bev_7608e663de984dd0af9d9b1316496ffa.png", "aux": "aux_7608e663de984dd0af9d9b1316496ffa.npz", "visibility": "visibility_7608e663de984dd0af9d9b1316496ffa.png", "pose": [[0.7641345262527466, 0.6450569033622742, 0.0, 646.3575439453125], [-0.6450569033622742, 0.7641345262527466, 0.0, 1612.234375], [0.0, 0.0, 1.0, 0.0], [0.0, 0.0, 0.0, 1.0]], "pose_inverse": [[0.7641345262527466, -0.6450569033622742, 0.0, 546.0787963867188], [0.6450569033622742, 0.7641345262527466, 0.0, -1648.9013671875], [0.0, 0.0, 1.0, 0.0], [0.0, 0.0, 0.0, 1.0]], "cam_ids": [0, 1, 2, 3, 4, 5], "cam_channels": ["CAM_FRONT_LEFT", "CAM_FRONT", "CAM_FRONT_RIGHT", "CAM_BACK_LEFT", "CAM_BACK", "CAM_BACK_RIGHT"], "token": "7608e663de984dd0af9d9b1316496ffa", "scene": "scene-0251"}, {"images": ["samples/CAM_FRONT_LEFT/n008-2018-08-21-11-53-44-0400__CAM_FRONT_LEFT__1534867400904799.jpg", "samples/CAM_FRONT/n008-2018-08-21-11-53-44-0400__CAM_FRONT__1534867400912404.jpg", "samples/CAM_FRONT_RIGHT/n008-2018-08-21-11-53-44-0400__CAM_FRONT_RIGHT__1534867400920482.jpg", "samples/CAM_BACK_LEFT/n008-2018-08-21-11-53-44-0400__CAM_BACK_LEFT__1534867400947405.jpg", "samples/CAM_BACK/n008-2018-08-21-11-53-44-0400__CAM_BACK__1534867400937558.jpg", "samples/CAM_BACK_RIGHT/n008-2018-08-21-11-53-44-0400__CAM_BACK_RIGHT__1534867400928113.jpg"], "intrinsics": [[[1257.8625342125129, 0.0, 827.2410631095686], [0.0, 1257.8625342125129, 450.915498205774], [0.0, 0.0, 1.0]], [[1252.8131021185304, 0.0, 826.588114781398], [0.0, 1252.8131021185304, 469.9846626224581], [0.0, 0.0, 1.0]], [[1256.7485116440405, 0.0, 817.7887570959712], [0.0, 1256.7485116440403, 451.9541780095127], [0.0, 0.0, 1.0]], [[1254.9860565800168, 0.0, 829.5769333630991], [0.0, 1254.9860565800168, 467.1680561863987], [0.0, 0.0, 1.0]], [[796.8910634503094, 0.0, 857.7774326863696], [0.0, 796.8910634503094, 476.8848988407415], [0.0, 0.0, 1.0]], [[1249.9629280788233, 0.0, 825.3768045375984], [0.0, 1249.9629280788233, 462.54816385708756], [0.0, 0.0, 1.0]]], "extrinsics": [[[0.822401762008667, -0.5686272978782654, -0.017846981063485146, -0.740234375], [0.0005525410524569452, 0.03216897323727608, -0.9994823336601257, 1.4883537292480469], [0.5689070224761963, 0.8219661116600037, 0.026770010590553284, -1.1549072265625], [0.0, 0.0, 0.0, 1.0]], [[0.009905563667416573, -0.9995550513267517, -0.028135109692811966, 0.0107421875], [0.0024974909611046314, 0.02816113270819187, -0.9996002912521362, 1.480743408203125], [0.9999478459358215, 0.009831310249865055, 0.0027753303293138742, -1.469970703125], [0.0, 0.0, 0.0, 1.0]], [[-0.8442640900611877, -0.5355775952339172, -0.019361719489097595, 0.917022705078125], [0.010506592690944672, 0.01957998238503933, -0.9997530579566956, 1.4952106475830078], [0.5358244776725769, -0.8442589640617371, -0.010903580114245415, -1.1654052734375], [0.0, 0.0, 0.0, 1.0]], [[0.9478746056556702, 0.3186303675174713, -0.00289704161696136, -1.1335639953613281], [-0.014859768562018871, 0.03511988744139671, -0.9992725849151611, 1.5618743896484375], [-0.3182968497276306, 0.9472282528877258, 0.03802402317523956, -0.1597900390625], [0.0, 0.0, 0.0, 1.0]], [[0.00953275803476572, 0.999580979347229, 0.02733188308775425, -0.028564453125], [-0.01286068744957447, 0.02745342068374157, -0.9995402693748474, 1.5669822692871094], [-0.9998719096183777, 0.009176813066005707, 0.013117006979882717, -0.03851318359375], [0.0, 0.0, 0.0, 1.0]], [[-0.9235761165618896, 0.3832922875881195, 0.009703067131340504, 1.020263671875], [-0.008587194606661797, 0.004622261039912701, -0.9999524354934692, 1.5465049743652344], [-0.38331887125968933, -0.9236155152320862, -0.0009776046499609947, -0.100830078125], [0.0, 0.0, 0.0, 1.0]]], "view": [[0.0, -2.0, 100.0], [-2.0, 0.0, 100.0], [0.0, 0.0, 1.0]], "bev": "bev_d59f5d38ba2e4582a85ede3dd1faf75f.png", "aux": "aux_d59f5d38ba2e4582a85ede3dd1faf75f.npz", "visibility": "visibility_d59f5d38ba2e4582a85ede3dd1faf75f.png", "pose": [[0.763888418674469, 0.6453483700752258, 0.0, 649.125244140625], [-0.6453483700752258, 0.763888418674469, 0.0, 1609.8677978515625], [0.0, 0.0, 1.0, 0.0], [0.0, 0.0, 0.0, 1.0]], "pose_inverse": [[0.763888418674469, -0.6453483700752258, 0.0, 543.0662841796875], [0.6453483700752258, 0.763888418674469, 0.0, -1648.6712646484375], [0.0, 0.0, 1.0, 0.0], [0.0, 0.0, 0.0, 1.0]], "cam_ids": [0, 1, 2, 3, 4, 5], "cam_channels": ["CAM_FRONT_LEFT", "CAM_FRONT", "CAM_FRONT_RIGHT", "CAM_BACK_LEFT", "CAM_BACK", "CAM_BACK_RIGHT"], "token": "d59f5d38ba2e4582a85ede3dd1faf75f", "scene": "scene-0251"}, {"images": ["samples/CAM_FRONT_LEFT/n008-2018-08-21-11-53-44-0400__CAM_FRONT_LEFT__1534867401404799.jpg", "samples/CAM_FRONT/n008-2018-08-21-11-53-44-0400__CAM_FRONT__1534867401412404.jpg", "samples/CAM_FRONT_RIGHT/n008-2018-08-21-11-53-44-0400__CAM_FRONT_RIGHT__1534867401420482.jpg", "samples/CAM_BACK_LEFT/n008-2018-08-21-11-53-44-0400__CAM_BACK_LEFT__1534867401447405.jpg", "samples/CAM_BACK/n008-2018-08-21-11-53-44-0400__CAM_BACK__1534867401437558.jpg", "samples/CAM_BACK_RIGHT/n008-2018-08-21-11-53-44-0400__CAM_BACK_RIGHT__1534867401428113.jpg"], "intrinsics": [[[1257.8625342125129, 0.0, 827.2410631095686], [0.0, 1257.8625342125129, 450.915498205774], [0.0, 0.0, 1.0]], [[1252.8131021185304, 0.0, 826.588114781398], [0.0, 1252.8131021185304, 469.9846626224581], [0.0, 0.0, 1.0]], [[1256.7485116440405, 0.0, 817.7887570959712], [0.0, 1256.7485116440403, 451.9541780095127], [0.0, 0.0, 1.0]], [[1254.9860565800168, 0.0, 829.5769333630991], [0.0, 1254.9860565800168, 467.1680561863987], [0.0, 0.0, 1.0]], [[796.8910634503094, 0.0, 857.7774326863696], [0.0, 796.8910634503094, 476.8848988407415], [0.0, 0.0, 1.0]], [[1249.9629280788233, 0.0, 825.3768045375984], [0.0, 1249.9629280788233, 462.54816385708756], [0.0, 0.0, 1.0]]], "extrinsics": [[[0.8226103186607361, -0.5681441426277161, -0.02290690504014492, -0.7459716796875], [0.0014836877817288041, 0.04243069142103195, -0.9990983009338379, 1.4885940551757812], [0.5686037540435791, 0.8218345046043396, 0.03574686869978905, -1.158935546875], [0.0, 0.0, 0.0, 1.0]], [[0.010295676067471504, -0.9992119669914246, -0.038333673030138016, 0.01123046875], [0.0034745510201901197, 0.03837122395634651, -0.9992575645446777, 1.4809455871582031], [0.9999409914016724, 0.01015481073409319, 0.0038668708875775337, -1.4757080078125], [0.0, 0.0, 0.0, 1.0]], [[-0.844035804271698, -0.5356719493865967, -0.025678323581814766, 0.921142578125], [0.011534372344613075, 0.029738053679466248, -0.9994911551475525, 1.495330810546875], [0.5361629128456116, -0.8439024686813354, -0.018921341747045517, -1.1669921875], [0.0, 0.0, 0.0, 1.0]], [[0.947912871837616, 0.31852707266807556, 0.0013692480279132724, -1.1309223175048828], [-0.01372035127133131, 0.045124657452106476, -0.9988871812820435, 1.5618515014648438], [-0.31823432445526123, 0.9468391537666321, 0.04714453965425491, -0.1605224609375], [0.0, 0.0, 0.0, 1.0]], [[0.009387103840708733, 0.9992561936378479, 0.037403423339128494, -0.0289306640625], [-0.01152907032519579, 0.037510741502046585, -0.9992296695709229, 1.56707763671875], [-0.9998895525932312, 0.008948653005063534, 0.011872612871229649, -0.03826904296875], [0.0, 0.0, 0.0, 1.0]], [[-0.9237179756164551, 0.38286837935447693, 0.012525484897196293, 1.0225830078125], [-0.007452457677572966, 0.014730410650372505, -0.9998637437820435, 1.5466766357421875], [-0.3830007314682007, -0.9236854314804077, -0.010753433220088482, -0.0989990234375], [0.0, 0.0, 0.0, 1.0]]], "view": [[0.0, -2.0, 100.0], [-2.0, 0.0, 100.0], [0.0, 0.0, 1.0]], "bev": "bev_e9d38ac3a52542849947dce44fef17af.png", "aux": "aux_e9d38ac3a52542849947dce44fef17af.npz", "visibility": "visibility_e9d38ac3a52542849947dce44fef17af.png", "pose": [[0.7647563815116882, 0.6443195939064026, 0.0, 651.817138671875], [-0.6443195939064026, 0.7647563815116882, 0.0, 1607.533935546875], [0.0, 0.0, 1.0, 0.0], [0.0, 0.0, 0.0, 1.0]], "pose_inverse": [[0.7647563815116882, -0.6443195939064026, 0.0, 537.2843017578125], [0.6443195939064026, 0.7647563815116882, 0.0, -1649.350341796875], [0.0, 0.0, 1.0, 0.0], [0.0, 0.0, 0.0, 1.0]], "cam_ids": [0, 1, 2, 3, 4, 5], "cam_channels": ["CAM_FRONT_LEFT", "CAM_FRONT", "CAM_FRONT_RIGHT", "CAM_BACK_LEFT", "CAM_BACK", "CAM_BACK_RIGHT"], "token": "e9d38ac3a52542849947dce44fef17af", "scene": "scene-0251"}, {"images": ["samples/CAM_FRONT_LEFT/n008-2018-08-21-11-53-44-0400__CAM_FRONT_LEFT__1534867401904799.jpg", "samples/CAM_FRONT/n008-2018-08-21-11-53-44-0400__CAM_FRONT__1534867401912404.jpg", "samples/CAM_FRONT_RIGHT/n008-2018-08-21-11-53-44-0400__CAM_FRONT_RIGHT__1534867401920482.jpg", "samples/CAM_BACK_LEFT/n008-2018-08-21-11-53-44-0400__CAM_BACK_LEFT__1534867401947405.jpg", "samples/CAM_BACK/n008-2018-08-21-11-53-44-0400__CAM_BACK__1534867401937740.jpg", "samples/CAM_BACK_RIGHT/n008-2018-08-21-11-53-44-0400__CAM_BACK_RIGHT__1534867401928113.jpg"], "intrinsics": [[[1257.8625342125129, 0.0, 827.2410631095686], [0.0, 1257.8625342125129, 450.915498205774], [0.0, 0.0, 1.0]], [[1252.8131021185304, 0.0, 826.588114781398], [0.0, 1252.8131021185304, 469.9846626224581], [0.0, 0.0, 1.0]], [[1256.7485116440405, 0.0, 817.7887570959712], [0.0, 1256.7485116440403, 451.9541780095127], [0.0, 0.0, 1.0]], [[1254.9860565800168, 0.0, 829.5769333630991], [0.0, 1254.9860565800168, 467.1680561863987], [0.0, 0.0, 1.0]], [[796.8910634503094, 0.0, 857.7774326863696], [0.0, 796.8910634503094, 476.8848988407415], [0.0, 0.0, 1.0]], [[1249.9629280788233, 0.0, 825.3768045375984], [0.0, 1249.9629280788233, 462.54816385708756], [0.0, 0.0, 1.0]]], "extrinsics": [[[0.8224632143974304, -0.568291187286377, -0.02448188327252865, -0.7445068359375], [0.0024278564378619194, 0.04654673486948013, -0.9989131689071655, 1.4888839721679688], [0.568813145160675, 0.8215099573135376, 0.03966270387172699, -1.1578369140625], [0.0, 0.0, 0.0, 1.0]], [[0.010062631219625473, -0.9990533590316772, -0.042321544140577316, 0.0108642578125], [0.004540953319519758, 0.04236890748143196, -0.9990917444229126, 1.4812240600585938], [0.9999390244483948, 0.009861340746283531, 0.0049629975110292435, -1.473876953125], [0.0, 0.0, 0.0, 1.0]], [[-0.8441389799118042, -0.5353526473045349, -0.028756892308592796, 0.919281005859375], [0.012729833833873272, 0.0336088128387928, -0.9993539452552795, 1.4955978393554688], [0.535973310470581, -0.8439597487449646, -0.02155555970966816, -1.1663818359375], [0.0, 0.0, 0.0, 1.0]], [[0.9479466080665588, 0.31840547919273376, 0.003906327299773693, -1.1315841674804688], [-0.012139319442212582, 0.048393916338682175, -0.9987545609474182, 1.5618743896484375], [-0.318198025226593, 0.9467185735702515, 0.04974006861448288, -0.1605224609375], [0.0, 0.0, 0.0, 1.0]], [[0.009491518139839172, 0.9991162419319153, 0.04094778001308441, -0.02880859375], [-0.010125084780156612, 0.04104354977607727, -0.9991059899330139, 1.56719970703125], [-0.999903678894043, 0.00906850304454565, 0.010505703277885914, -0.03753662109375], [0.0, 0.0, 0.0, 1.0]], [[-0.9236480593681335, 0.3830272853374481, 0.012814602814614773, 1.02099609375], [-0.0062073939479887486, 0.018480975180864334, -0.9998099207878113, 1.5468521118164062], [-0.38319131731987, -0.9235520958900452, -0.014692318625748158, -0.10009765625], [0.0, 0.0, 0.0, 1.0]]], "view": [[0.0, -2.0, 100.0], [-2.0, 0.0, 100.0], [0.0, 0.0, 1.0]], "bev": "bev_b8fca237b6474571aa7bc89b8da6ee52.png", "aux": "aux_b8fca237b6474571aa7bc89b8da6ee52.npz", "visibility": "visibility_b8fca237b6474571aa7bc89b8da6ee52.png", "pose": [[0.7653665542602539, 0.6435946226119995, 0.0, 654.4658203125], [-0.6435946226119995, 0.7653665542602539, 0.0, 1605.2430419921875], [0.0, 0.0, 1.0, 0.0], [0.0, 0.0, 0.0, 1.0]], "pose_inverse": [[0.7653665542602539, -0.6435946226119995, 0.0, 532.2195434570312], [0.6435946226119995, 0.7653665542602539, 0.0, -1649.81005859375], [0.0, 0.0, 1.0, 0.0], [0.0, 0.0, 0.0, 1.0]], "cam_ids": [0, 1, 2, 3, 4, 5], "cam_channels": ["CAM_FRONT_LEFT", "CAM_FRONT", "CAM_FRONT_RIGHT", "CAM_BACK_LEFT", "CAM_BACK", "CAM_BACK_RIGHT"], "token": "b8fca237b6474571aa7bc89b8da6ee52", "scene": "scene-0251"}, {"images": ["samples/CAM_FRONT_LEFT/n008-2018-08-21-11-53-44-0400__CAM_FRONT_LEFT__1534867402404799.jpg", "samples/CAM_FRONT/n008-2018-08-21-11-53-44-0400__CAM_FRONT__1534867402412404.jpg", "samples/CAM_FRONT_RIGHT/n008-2018-08-21-11-53-44-0400__CAM_FRONT_RIGHT__1534867402420482.jpg", "samples/CAM_BACK_LEFT/n008-2018-08-21-11-53-44-0400__CAM_BACK_LEFT__1534867402447405.jpg", "samples/CAM_BACK/n008-2018-08-21-11-53-44-0400__CAM_BACK__1534867402437558.jpg", "samples/CAM_BACK_RIGHT/n008-2018-08-21-11-53-44-0400__CAM_BACK_RIGHT__1534867402428113.jpg"], "intrinsics": [[[1257.8625342125129, 0.0, 827.2410631095686], [0.0, 1257.8625342125129, 450.915498205774], [0.0, 0.0, 1.0]], [[1252.8131021185304, 0.0, 826.588114781398], [0.0, 1252.8131021185304, 469.9846626224581], [0.0, 0.0, 1.0]], [[1256.7485116440405, 0.0, 817.7887570959712], [0.0, 1256.7485116440403, 451.9541780095127], [0.0, 0.0, 1.0]], [[1254.9860565800168, 0.0, 829.5769333630991], [0.0, 1254.9860565800168, 467.1680561863987], [0.0, 0.0, 1.0]], [[796.8910634503094, 0.0, 857.7774326863696], [0.0, 796.8910634503094, 476.8848988407415], [0.0, 0.0, 1.0]], [[1249.9629280788233, 0.0, 825.3768045375984], [0.0, 1249.9629280788233, 462.54816385708756], [0.0, 0.0, 1.0]]], "extrinsics": [[[0.8225074410438538, -0.568411111831665, -0.019756551831960678, -0.751220703125], [0.0057761999778449535, 0.043082982301712036, -0.9990547895431519, 1.489898681640625], [0.5687249898910522, 0.8216159343719482, 0.038719333708286285, -1.16259765625], [0.0, 0.0, 0.0, 1.0]], [[0.010181481949985027, -0.9991909265518188, -0.03890709951519966, 0.011474609375], [0.007648824248462915, 0.03898579999804497, -0.99921053647995, 1.4819679260253906], [0.9999188780784607, 0.009875939227640629, 0.008039572276175022, -1.481781005859375], [0.0, 0.0, 0.0, 1.0]], [[-0.8440335392951965, -0.535483717918396, -0.029400987550616264, 0.926025390625], [0.015582907013595104, 0.030311673879623413, -0.9994189739227295, 1.4960556030273438], [0.5360637903213501, -0.8440014123916626, -0.017239680513739586, -1.1695556640625], [0.0, 0.0, 0.0, 1.0]], [[0.9479326009750366, 0.31843146681785583, 0.005012670066207647, -1.133066177368164], [-0.010018398985266685, 0.045548200607299805, -0.9989118576049805, 1.5619125366210938], [-0.3183133900165558, 0.9468509554862976, 0.046366799622774124, -0.1600341796875], [0.0, 0.0, 0.0, 1.0]], [[0.00936152134090662, 0.9992364645004272, 0.037932176142930984, -0.0294189453125], [-0.007776986341923475, 0.03800544515252113, -0.9992472529411316, 1.5673980712890625], [-0.999925971031189, 0.009059540927410126, 0.008126836270093918, -0.034912109375], [0.0, 0.0, 0.0, 1.0]], [[-0.9237013459205627, 0.38300350308418274, 0.009168009273707867, 1.0264892578125], [-0.003587741171941161, 0.015281525440514088, -0.9998767375946045, 1.5472564697265625], [-0.3830963373184204, -0.9236204028129578, -0.012741449289023876, -0.096923828125], [0.0, 0.0, 0.0, 1.0]]], "view": [[0.0, -2.0, 100.0], [-2.0, 0.0, 100.0], [0.0, 0.0, 1.0]], "bev": "bev_a27e17c64d3e4c3097fef8719b852504.png", "aux": "aux_a27e17c64d3e4c3097fef8719b852504.npz", "visibility": "visibility_a27e17c64d3e4c3097fef8719b852504.png", "pose": [[0.7650880217552185, 0.643925666809082, 0.0, 657.0831909179688], [-0.643925666809082, 0.7650880217552185, 0.0, 1602.984130859375], [0.0, 0.0, 1.0, 0.0], [0.0, 0.0, 0.0, 1.0]], "pose_inverse": [[0.7650880217552185, -0.643925666809082, 0.0, 529.4761352539062], [0.643925666809082, 0.7650880217552185, 0.0, -1649.5367431640625], [0.0, 0.0, 1.0, 0.0], [0.0, 0.0, 0.0, 1.0]], "cam_ids": [0, 1, 2, 3, 4, 5], "cam_channels": ["CAM_FRONT_LEFT", "CAM_FRONT", "CAM_FRONT_RIGHT", "CAM_BACK_LEFT", "CAM_BACK", "CAM_BACK_RIGHT"], "token": "a27e17c64d3e4c3097fef8719b852504", "scene": "scene-0251"}, {"images": ["samples/CAM_FRONT_LEFT/n008-2018-08-21-11-53-44-0400__CAM_FRONT_LEFT__1534867402904799.jpg", "samples/CAM_FRONT/n008-2018-08-21-11-53-44-0400__CAM_FRONT__1534867402912404.jpg", "samples/CAM_FRONT_RIGHT/n008-2018-08-21-11-53-44-0400__CAM_FRONT_RIGHT__1534867402920482.jpg", "samples/CAM_BACK_LEFT/n008-2018-08-21-11-53-44-0400__CAM_BACK_LEFT__1534867402947405.jpg", "samples/CAM_BACK/n008-2018-08-21-11-53-44-0400__CAM_BACK__1534867402937558.jpg", "samples/CAM_BACK_RIGHT/n008-2018-08-21-11-53-44-0400__CAM_BACK_RIGHT__1534867402928113.jpg"], "intrinsics": [[[1257.8625342125129, 0.0, 827.2410631095686], [0.0, 1257.8625342125129, 450.915498205774], [0.0, 0.0, 1.0]], [[1252.8131021185304, 0.0, 826.588114781398], [0.0, 1252.8131021185304, 469.9846626224581], [0.0, 0.0, 1.0]], [[1256.7485116440405, 0.0, 817.7887570959712], [0.0, 1256.7485116440403, 451.9541780095127], [0.0, 0.0, 1.0]], [[1254.9860565800168, 0.0, 829.5769333630991], [0.0, 1254.9860565800168, 467.1680561863987], [0.0, 0.0, 1.0]], [[796.8910634503094, 0.0, 857.7774326863696], [0.0, 796.8910634503094, 476.8848988407415], [0.0, 0.0, 1.0]], [[1249.9629280788233, 0.0, 825.3768045375984], [0.0, 1249.9629280788233, 462.54816385708756], [0.0, 0.0, 1.0]]], "extrinsics": [[[0.8227123022079468, -0.5682602524757385, -0.01499219425022602, -0.7498779296875], [0.01317665632814169, 0.04542990401387215, -0.9988806247711182, 1.4921646118164062], [0.5683051943778992, 0.8215938210487366, 0.044863514602184296, -1.1619873046875], [0.0, 0.0, 0.0, 1.0]], [[0.010553907603025436, -0.9990999102592468, -0.041083697229623795, 0.0113525390625], [0.015309304930269718, 0.04124261811375618, -0.9990318417549133, 1.4839324951171875], [0.9998271465301514, 0.009914706461131573, 0.01573079451918602, -1.479705810546875], [0.0, 0.0, 0.0, 1.0]], [[-0.8437724113464355, -0.5354061126708984, -0.0372607558965683, 0.923675537109375], [0.02351919189095497, 0.03247244656085968, -0.9991958737373352, 1.4976806640625], [0.5361855626106262, -0.8439702987670898, -0.014807038009166718, -1.1683349609375], [0.0, 0.0, 0.0, 1.0]], [[0.9479003548622131, 0.31826695799827576, 0.01382172480225563, -1.1305065155029297], [-0.0013849242823198438, 0.0475037544965744, -0.9988700747489929, 1.5620193481445312], [-0.3185640573501587, 0.9468101859092712, 0.04546960070729256, -0.160888671875], [0.0, 0.0, 0.0, 1.0]], [[0.009137902408838272, 0.9991559386253357, 0.04004912078380585, -0.029052734375], [0.0005050681647844613, 0.040046170353889465, -0.9991976618766785, 1.5680618286132812], [-0.9999580979347229, 0.009150773286819458, -0.00013870651309844106, -0.03790283203125], [0.0, 0.0, 0.0, 1.0]], [[-0.9237256646156311, 0.3830466866493225, 0.002455807523801923, 1.02392578125], [0.004546297248452902, 0.017373710870742798, -0.9998387098312378, 1.5484447479248047], [-0.3830276131629944, -0.9235655665397644, -0.017789985984563828, -0.0982666015625], [0.0, 0.0, 0.0, 1.0]]], "view": [[0.0, -2.0, 100.0], [-2.0, 0.0, 100.0], [0.0, 0.0, 1.0]], "bev": "bev_3d7214cc7fa04c5eb11c0c5ce0f3d728.png", "aux": "aux_3d7214cc7fa04c5eb11c0c5ce0f3d728.npz", "visibility": "visibility_3d7214cc7fa04c5eb11c0c5ce0f3d728.png", "pose": [[0.7648723721504211, 0.6441818475723267, 0.0, 659.7454223632812], [-0.6441818475723267, 0.7648723721504211, 0.0, 1600.7095947265625], [0.0, 0.0, 1.0, 0.0], [0.0, 0.0, 0.0, 1.0]], "pose_inverse": [[0.7648723721504211, -0.6441818475723267, 0.0, 526.5269775390625], [0.6441818475723267, 0.7648723721504211, 0.0, -1649.3345947265625], [0.0, 0.0, 1.0, 0.0], [0.0, 0.0, 0.0, 1.0]], "cam_ids": [0, 1, 2, 3, 4, 5], "cam_channels": ["CAM_FRONT_LEFT", "CAM_FRONT", "CAM_FRONT_RIGHT", "CAM_BACK_LEFT", "CAM_BACK", "CAM_BACK_RIGHT"], "token": "3d7214cc7fa04c5eb11c0c5ce0f3d728", "scene": "scene-0251"}, {"images": ["samples/CAM_FRONT_LEFT/n008-2018-08-21-11-53-44-0400__CAM_FRONT_LEFT__1534867403404799.jpg", "samples/CAM_FRONT/n008-2018-08-21-11-53-44-0400__CAM_FRONT__1534867403412404.jpg", "samples/CAM_FRONT_RIGHT/n008-2018-08-21-11-53-44-0400__CAM_FRONT_RIGHT__1534867403420515.jpg", "samples/CAM_BACK_LEFT/n008-2018-08-21-11-53-44-0400__CAM_BACK_LEFT__1534867403447405.jpg", "samples/CAM_BACK/n008-2018-08-21-11-53-44-0400__CAM_BACK__1534867403437558.jpg", "samples/CAM_BACK_RIGHT/n008-2018-08-21-11-53-44-0400__CAM_BACK_RIGHT__1534867403428113.jpg"], "intrinsics": [[[1257.8625342125129, 0.0, 827.2410631095686], [0.0, 1257.8625342125129, 450.915498205774], [0.0, 0.0, 1.0]], [[1252.8131021185304, 0.0, 826.588114781398], [0.0, 1252.8131021185304, 469.9846626224581], [0.0, 0.0, 1.0]], [[1256.7485116440405, 0.0, 817.7887570959712], [0.0, 1256.7485116440403, 451.9541780095127], [0.0, 0.0, 1.0]], [[1254.9860565800168, 0.0, 829.5769333630991], [0.0, 1254.9860565800168, 467.1680561863987], [0.0, 0.0, 1.0]], [[796.8910634503094, 0.0, 857.7774326863696], [0.0, 796.8910634503094, 476.8848988407415], [0.0, 0.0, 1.0]], [[1249.9629280788233, 0.0, 825.3768045375984], [0.0, 1249.9629280788233, 462.54816385708756], [0.0, 0.0, 1.0]]], "extrinsics": [[[0.8228644728660583, -0.5681564211845398, -0.009610652923583984, -0.741455078125], [0.014710871502757072, 0.038207173347473145, -0.9991615414619446, 1.492889404296875], [0.5680471658706665, 0.822033166885376, 0.03979739546775818, -1.154541015625], [0.0, 0.0, 0.0, 1.0]], [[0.010877198539674282, -0.9993681907653809, -0.033835988491773605, 0.010498046875], [0.016561945900321007, 0.034013401716947556, -0.9992841482162476, 1.4844703674316406], [0.9998036623001099, 0.010309047996997833, 0.016921451315283775, -1.47015380859375], [0.0, 0.0, 0.0, 1.0]], [[-0.8435673713684082, -0.5359338521957397, -0.034192606806755066, 0.9169921875], [0.0244740080088377, 0.02523818612098694, -0.9993818402290344, 1.4980926513671875], [0.5364654660224915, -0.84388267993927, -0.008173663169145584, -1.164794921875], [0.0, 0.0, 0.0, 1.0]], [[0.947862446308136, 0.31847265362739563, 0.011494318954646587, -1.1268157958984375], [-0.001422896864823997, 0.04029758647084236, -0.9991866946220398, 1.56201171875], [-0.31867679953575134, 0.9470751285552979, 0.03864971920847893, -0.1619873046875], [0.0, 0.0, 0.0, 1.0]], [[0.008906670846045017, 0.9994224905967712, 0.03279212489724159, -0.02880859375], [0.001000054064206779, 0.03278450667858124, -0.9994618892669678, 1.5681266784667969], [-0.9999598264694214, 0.008934687823057175, -0.0007074747118167579, -0.0428466796875], [0.0, 0.0, 0.0, 1.0]], [[-0.9238489866256714, 0.3827558159828186, -0.0010069365380331874, 1.01806640625], [0.00527924532070756, 0.010111805982887745, -0.9999349117279053, 1.5486068725585938], [-0.38272079825401306, -0.923794150352478, -0.01136244460940361, -0.1009521484375], [0.0, 0.0, 0.0, 1.0]]], "view": [[0.0, -2.0, 100.0], [-2.0, 0.0, 100.0], [0.0, 0.0, 1.0]], "bev": "bev_45160b19508641b0aaf935464ae65c92.png", "aux": "aux_45160b19508641b0aaf935464ae65c92.npz", "visibility": "visibility_45160b19508641b0aaf935464ae65c92.png", "pose": [[0.761847972869873, 0.6477558612823486, 0.0, 662.3748779296875], [-0.6477558612823486, 0.761847972869873, 0.0, 1598.439697265625], [0.0, 0.0, 1.0, 0.0], [0.0, 0.0, 0.0, 1.0]], "pose_inverse": [[0.761847972869873, -0.6477558612823486, 0.0, 530.7697143554688], [0.6477558612823486, 0.761847972869873, 0.0, -1646.8253173828125], [0.0, 0.0, 1.0, 0.0], [0.0, 0.0, 0.0, 1.0]], "cam_ids": [0, 1, 2, 3, 4, 5], "cam_channels": ["CAM_FRONT_LEFT", "CAM_FRONT", "CAM_FRONT_RIGHT", "CAM_BACK_LEFT", "CAM_BACK", "CAM_BACK_RIGHT"], "token": "45160b19508641b0aaf935464ae65c92", "scene": "scene-0251"}, {"images": ["samples/CAM_FRONT_LEFT/n008-2018-08-21-11-53-44-0400__CAM_FRONT_LEFT__1534867403904799.jpg", "samples/CAM_FRONT/n008-2018-08-21-11-53-44-0400__CAM_FRONT__1534867403912404.jpg", "samples/CAM_FRONT_RIGHT/n008-2018-08-21-11-53-44-0400__CAM_FRONT_RIGHT__1534867403920482.jpg", "samples/CAM_BACK_LEFT/n008-2018-08-21-11-53-44-0400__CAM_BACK_LEFT__1534867403947405.jpg", "samples/CAM_BACK/n008-2018-08-21-11-53-44-0400__CAM_BACK__1534867403937558.jpg", "samples/CAM_BACK_RIGHT/n008-2018-08-21-11-53-44-0400__CAM_BACK_RIGHT__1534867403928113.jpg"], "intrinsics": [[[1257.8625342125129, 0.0, 827.2410631095686], [0.0, 1257.8625342125129, 450.915498205774], [0.0, 0.0, 1.0]], [[1252.8131021185304, 0.0, 826.588114781398], [0.0, 1252.8131021185304, 469.9846626224581], [0.0, 0.0, 1.0]], [[1256.7485116440405, 0.0, 817.7887570959712], [0.0, 1256.7485116440403, 451.9541780095127], [0.0, 0.0, 1.0]], [[1254.9860565800168, 0.0, 829.5769333630991], [0.0, 1254.9860565800168, 467.1680561863987], [0.0, 0.0, 1.0]], [[796.8910634503094, 0.0, 857.7774326863696], [0.0, 796.8910634503094, 476.8848988407415], [0.0, 0.0, 1.0]], [[1249.9629280788233, 0.0, 825.3768045375984], [0.0, 1249.9629280788233, 462.54816385708756], [0.0, 0.0, 1.0]]], "extrinsics": [[[0.8227685689926147, -0.5681890845298767, -0.014598564244806767, -0.7486572265625], [0.006821849849075079, 0.035554710775613785, -0.9993444681167603, 1.4903526306152344], [0.5683355927467346, 0.8221296072006226, 0.03312939777970314, -1.158447265625], [0.0, 0.0, 0.0, 1.0]], [[0.010515917092561722, -0.999458372592926, -0.031182747334241867, 0.0093994140625], [0.008706778287887573, 0.031274810433387756, -0.9994729161262512, 1.4823722839355469], [0.9999067783355713, 0.010238857008516788, 0.009030947461724281, -1.47705078125], [0.0, 0.0, 0.0, 1.0]], [[-0.8439191579818726, -0.5358365178108215, -0.02607068605720997, 0.920654296875], [0.01665344648063183, 0.022406764328479767, -0.9996102452278137, 1.4964179992675781], [0.5362117886543274, -0.8440243601799011, -0.009985974058508873, -1.1685791015625], [0.0, 0.0, 0.0, 1.0]], [[0.9478999376296997, 0.3185487687587738, 0.003519761376082897, -1.1250343322753906], [-0.008723621256649494, 0.03700009360909462, -0.9992771744728088, 1.5618667602539062], [-0.31844884157180786, 0.9471840262413025, 0.03785128891468048, -0.16259765625], [0.0, 0.0, 0.0, 1.0]], [[0.009244078770279884, 0.9995198845863342, 0.02957349829375744, -0.0281982421875], [-0.006692763417959213, 0.029635939747095108, -0.9995383620262146, 1.567474365234375], [-0.9999349117279053, 0.009041914716362953, 0.006963507272303104, -0.0418701171875], [0.0, 0.0, 0.0, 1.0]], [[-0.9237397909164429, 0.38298889994621277, 0.004940008278936148, 1.0223388671875], [-0.0023791699204593897, 0.007159824017435312, -0.9999715685844421, 1.5474519729614258], [-0.3830132484436035, -0.9237251877784729, -0.005702618043869734, -0.100341796875], [0.0, 0.0, 0.0, 1.0]]], "view": [[0.0, -2.0, 100.0], [-2.0, 0.0, 100.0], [0.0, 0.0, 1.0]], "bev": "bev_086a3ecb24534ce089e6c74c5e19947a.png", "aux": "aux_086a3ecb24534ce089e6c74c5e19947a.npz", "visibility": "visibility_086a3ecb24534ce089e6c74c5e19947a.png", "pose": [[0.7597068548202515, 0.6502656936645508, 0.0, 664.9657592773438], [-0.6502656936645508, 0.7597068548202515, 0.0, 1596.2060546875], [0.0, 0.0, 1.0, 0.0], [0.0, 0.0, 0.0, 1.0]], "pose_inverse": [[0.7597068548202515, -0.6502656936645508, 0.0, 532.779052734375], [0.6502656936645508, 0.7597068548202515, 0.0, -1645.0531005859375], [0.0, 0.0, 1.0, 0.0], [0.0, 0.0, 0.0, 1.0]], "cam_ids": [0, 1, 2, 3, 4, 5], "cam_channels": ["CAM_FRONT_LEFT", "CAM_FRONT", "CAM_FRONT_RIGHT", "CAM_BACK_LEFT", "CAM_BACK", "CAM_BACK_RIGHT"], "token": "086a3ecb24534ce089e6c74c5e19947a", "scene": "scene-0251"}, {"images": ["samples/CAM_FRONT_LEFT/n008-2018-08-21-11-53-44-0400__CAM_FRONT_LEFT__1534867404404799.jpg", "samples/CAM_FRONT/n008-2018-08-21-11-53-44-0400__CAM_FRONT__1534867404412414.jpg", "samples/CAM_FRONT_RIGHT/n008-2018-08-21-11-53-44-0400__CAM_FRONT_RIGHT__1534867404420482.jpg", "samples/CAM_BACK_LEFT/n008-2018-08-21-11-53-44-0400__CAM_BACK_LEFT__1534867404447405.jpg", "samples/CAM_BACK/n008-2018-08-21-11-53-44-0400__CAM_BACK__1534867404437558.jpg", "samples/CAM_BACK_RIGHT/n008-2018-08-21-11-53-44-0400__CAM_BACK_RIGHT__1534867404428113.jpg"], "intrinsics": [[[1257.8625342125129, 0.0, 827.2410631095686], [0.0, 1257.8625342125129, 450.915498205774], [0.0, 0.0, 1.0]], [[1252.8131021185304, 0.0, 826.588114781398], [0.0, 1252.8131021185304, 469.9846626224581], [0.0, 0.0, 1.0]], [[1256.7485116440405, 0.0, 817.7887570959712], [0.0, 1256.7485116440403, 451.9541780095127], [0.0, 0.0, 1.0]], [[1254.9860565800168, 0.0, 829.5769333630991], [0.0, 1254.9860565800168, 467.1680561863987], [0.0, 0.0, 1.0]], [[796.8910634503094, 0.0, 857.7774326863696], [0.0, 796.8910634503094, 476.8848988407415], [0.0, 0.0, 1.0]], [[1249.9629280788233, 0.0, 825.3768045375984], [0.0, 1249.9629280788233, 462.54816385708756], [0.0, 0.0, 1.0]]], "extrinsics": [[[0.8227677345275879, -0.5681986808776855, -0.014270604588091373, -0.76171875], [0.006732001900672913, 0.03484782576560974, -0.9993699789047241, 1.4901390075683594], [0.5683379769325256, 0.8221533298492432, 0.032496776431798935, -1.169921875], [0.0, 0.0, 0.0, 1.0]], [[0.010504832491278648, -0.9994797110557556, -0.03049471229314804, 0.010986328125], [0.008797499351203442, 0.030587593093514442, -0.999493420124054, 1.4822120666503906], [0.9999061226844788, 0.010231232270598412, 0.009114239364862442, -1.4918212890625], [0.0, 0.0, 0.0, 1.0]], [[-0.8439264297485352, -0.5358308553695679, -0.025951381772756577, 0.931427001953125], [0.016935426741838455, 0.02174057625234127, -0.9996201395988464, 1.4962425231933594], [0.5361915230751038, -0.8440454602241516, -0.009272925555706024, -1.174072265625], [0.0, 0.0, 0.0, 1.0]], [[0.9479016661643982, 0.31854262948036194, 0.003620208241045475, -1.129807472229004], [-0.008410784415900707, 0.03638533502817154, -0.9993024468421936, 1.5619125366210938], [-0.3184521496295929, 0.9472100138664246, 0.03716890886425972, -0.1611328125], [0.0, 0.0, 0.0, 1.0]], [[0.00925358571112156, 0.999535858631134, 0.029026146978139877, -0.0289306640625], [-0.0063613709062337875, 0.029085645452141762, -0.9995566606521606, 1.5675392150878906], [-0.999937117099762, 0.009064849466085434, 0.00662756385281682, -0.03436279296875], [0.0, 0.0, 0.0, 1.0]], [[-0.923727810382843, 0.3830231726169586, 0.00449112243950367, 1.0308837890625], [-0.002152370987460017, 0.006534359883517027, -0.9999763369560242, 1.547501564025879], [-0.383043497800827, -0.9237155914306641, -0.005211562383919954, -0.0960693359375], [0.0, 0.0, 0.0, 1.0]]], "view": [[0.0, -2.0, 100.0], [-2.0, 0.0, 100.0], [0.0, 0.0, 1.0]], "bev": "bev_9dbae6221a8b475dbcc9f8e9446a727f.png", "aux": "aux_9dbae6221a8b475dbcc9f8e9446a727f.npz", "visibility": "visibility_9dbae6221a8b475dbcc9f8e9446a727f.png", "pose": [[0.7568069100379944, 0.6536385416984558, 0.0, 667.4612426757812], [-0.6536385416984558, 0.7568069100379944, 0.0, 1594.0089111328125], [0.0, 0.0, 1.0, 0.0], [0.0, 0.0, 0.0, 1.0]], "pose_inverse": [[0.7568069100379944, -0.6536385416984558, 0.0, 536.7664184570312], [0.6536385416984558, 0.7568069100379944, 0.0, -1642.63525390625], [0.0, 0.0, 1.0, 0.0], [0.0, 0.0, 0.0, 1.0]], "cam_ids": [0, 1, 2, 3, 4, 5], "cam_channels": ["CAM_FRONT_LEFT", "CAM_FRONT", "CAM_FRONT_RIGHT", "CAM_BACK_LEFT", "CAM_BACK", "CAM_BACK_RIGHT"], "token": "9dbae6221a8b475dbcc9f8e9446a727f", "scene": "scene-0251"}, {"images": ["samples/CAM_FRONT_LEFT/n008-2018-08-21-11-53-44-0400__CAM_FRONT_LEFT__1534867404904799.jpg", "samples/CAM_FRONT/n008-2018-08-21-11-53-44-0400__CAM_FRONT__1534867404912404.jpg", "samples/CAM_FRONT_RIGHT/n008-2018-08-21-11-53-44-0400__CAM_FRONT_RIGHT__1534867404920482.jpg", "samples/CAM_BACK_LEFT/n008-2018-08-21-11-53-44-0400__CAM_BACK_LEFT__1534867404947405.jpg", "samples/CAM_BACK/n008-2018-08-21-11-53-44-0400__CAM_BACK__1534867404937558.jpg", "samples/CAM_BACK_RIGHT/n008-2018-08-21-11-53-44-0400__CAM_BACK_RIGHT__1534867404928113.jpg"], "intrinsics": [[[1257.8625342125129, 0.0, 827.2410631095686], [0.0, 1257.8625342125129, 450.915498205774], [0.0, 0.0, 1.0]], [[1252.8131021185304, 0.0, 826.588114781398], [0.0, 1252.8131021185304, 469.9846626224581], [0.0, 0.0, 1.0]], [[1256.7485116440405, 0.0, 817.7887570959712], [0.0, 1256.7485116440403, 451.9541780095127], [0.0, 0.0, 1.0]], [[1254.9860565800168, 0.0, 829.5769333630991], [0.0, 1254.9860565800168, 467.1680561863987], [0.0, 0.0, 1.0]], [[796.8910634503094, 0.0, 857.7774326863696], [0.0, 796.8910634503094, 476.8848988407415], [0.0, 0.0, 1.0]], [[1249.9629280788233, 0.0, 825.3768045375984], [0.0, 1249.9629280788233, 462.54816385708756], [0.0, 0.0, 1.0]]], "extrinsics": [[[0.8226976990699768, -0.5682035088539124, -0.01769592985510826, -0.77099609375], [0.0050764624029397964, 0.03847036510705948, -0.9992468357086182, 1.4894905090332031], [0.5684562921524048, 0.8219883441925049, 0.034533947706222534, -1.1788330078125], [0.0, 0.0, 0.0, 1.0]], [[0.010450036264955997, -0.9993573427200317, -0.034287601709365845, 0.0128173828125], [0.00708791334182024, 0.03436264023184776, -0.999384343624115, 1.4816436767578125], [0.9999201893806458, 0.010200547985732555, 0.00744244921952486, -1.502685546875], [0.0, 0.0, 0.0, 1.0]], [[-0.8439287543296814, -0.5357967019081116, -0.02657230570912361, 0.939910888671875], [0.015169776976108551, 0.025678155943751335, -0.9995551109313965, 1.4957199096679688], [0.5362406373023987, -0.843956470489502, -0.013542619533836842, -1.1773681640625], [0.0, 0.0, 0.0, 1.0]], [[0.9477970004081726, 0.3188535273075104, 0.003637253539636731, -1.1340436935424805], [-0.009901681914925575, 0.040830112993717194, -0.9991170167922974, 1.5619049072265625], [-0.3187205493450165, 0.9469241499900818, 0.04185584932565689, -0.1600341796875], [0.0, 0.0, 0.0, 1.0]], [[0.009052541106939316, 0.9994062185287476, 0.03324659913778305, -0.02978515625], [-0.007847222499549389, 0.033317938446998596, -0.9994139671325684, 1.5674324035644531], [-0.9999282956123352, 0.008786290884017944, 0.008144174702465534, -0.0286254882812