[{"images": ["samples/CAM_FRONT_LEFT/n015-2018-11-21-19-38-26+0800__CAM_FRONT_LEFT__1542800827904844.jpg", "samples/CAM_FRONT/n015-2018-11-21-19-38-26+0800__CAM_FRONT__1542800827912460.jpg", "samples/CAM_FRONT_RIGHT/n015-2018-11-21-19-38-26+0800__CAM_FRONT_RIGHT__1542800827920339.jpg", "samples/CAM_BACK_LEFT/n015-2018-11-21-19-38-26+0800__CAM_BACK_LEFT__1542800827947423.jpg", "samples/CAM_BACK/n015-2018-11-21-19-38-26+0800__CAM_BACK__1542800827937525.jpg", "samples/CAM_BACK_RIGHT/n015-2018-11-21-19-38-26+0800__CAM_BACK_RIGHT__1542800827927893.jpg"], "intrinsics": [[[1272.5979470598488, 0.0, 826.6154927353808], [0.0, 1272.5979470598488, 479.75165386361925], [0.0, 0.0, 1.0]], [[1266.417203046554, 0.0, 816.2670197447984], [0.0, 1266.417203046554, 491.50706579294757], [0.0, 0.0, 1.0]], [[1260.8474446004698, 0.0, 807.968244525554], [0.0, 1260.8474446004698, 495.3344268742088], [0.0, 0.0, 1.0]], [[1256.7414812095406, 0.0, 792.1125740759628], [0.0, 1256.7414812095406, 492.7757465151356], [0.0, 0.0, 1.0]], [[809.2209905677063, 0.0, 829.2196003259838], [0.0, 809.2209905677063, 481.77842384512485], [0.0, 0.0, 1.0]], [[1259.5137405846733, 0.0, 807.2529053838625], [0.0, 1259.5137405846733, 501.19579884916527], [0.0, 0.0, 1.0]]], "extrinsics": [[[0.8195517063140869, -0.5694727897644043, 0.06352637708187103, -0.9650726318359375], [0.05864986404776573, -0.026915019378066063, -0.9979157447814941, 1.5082435607910156], [0.5699957013130188, 0.8215694427490234, 0.011341250501573086, -1.2803955078125], [0.0, 0.0, 0.0, 1.0]], [[0.005795357283204794, -0.9994921088218689, 0.0313357338309288, 0.0048828125], [0.05335737392306328, -0.030982544645667076, -0.9980947971343994, 1.5205326080322266], [0.9985587000846863, 0.007456297054886818, 0.0531507208943367, -1.6922607421875], [0.0, 0.0, 0.0, 1.0]], [[-0.8308528661727905, -0.5549482703208923, -0.04142369329929352, 1.0323486328125], [0.058957796543836594, -0.013762636110186577, -0.9981656074523926, 1.5036468505859375], [0.5533601641654968, -0.8317709565162659, 0.044153254479169846, -1.24871826171875], [0.0, 0.0, 0.0, 1.0]], [[0.9458366632461548, 0.320774108171463, 0.04996947944164276, -1.1422119140625], [0.06761527806520462, -0.044101499021053314, -0.9967362284660339, 1.5885658264160156], [-0.31752344965934753, 0.9461284279823303, -0.06340204179286957, -0.10369873046875], [0.0, 0.0, 0.0, 1.0]], [[0.002486499259248376, 0.9994166493415833, -0.03406090289354324, 0.0029296875], [0.04223790764808655, -0.034135572612285614, -0.9985243082046509, 1.5793533325195312], [-0.9991044998168945, 0.0010441519552841783, -0.04229814559221268, 0.001708984375], [0.0, 0.0, 0.0, 1.0]], [[-0.9325709939002991, 0.3527655005455017, -0.07660143822431564, 1.13616943359375], [0.07480625808238983, -0.018740976229310036, -0.9970219731330872, 1.5514450073242188], [-0.35315048694610596, -0.9355241060256958, -0.008911768905818462, -0.0635986328125], [0.0, 0.0, 0.0, 1.0]]], "view": [[0.0, -2.0, 100.0], [-2.0, 0.0, 100.0], [0.0, 0.0, 1.0]], "bev": "bev_19cfb9dfc26947fcbde40c066bb7ad8c.png", "aux": "aux_19cfb9dfc26947fcbde40c066bb7ad8c.npz", "visibility": "visibility_19cfb9dfc26947fcbde40c066bb7ad8c.png", "pose": [[-0.9843578338623047, -0.17618072032928467, 0.0, 1536.436767578125], [0.17618072032928467, -0.9843578338623047, 0.0, 1211.1395263671875], [0.0, 0.0, 1.0, 0.0], [0.0, 0.0, 0.0, 1.0]], "pose_inverse": [[-0.9843578338623047, 0.17618072032928467, 0.0, 1299.024169921875], [-0.17618072032928467, -0.9843578338623047, 0.0, 1462.88525390625], [0.0, 0.0, 1.0, 0.0], [0.0, 0.0, 0.0, 1.0]], "cam_ids": [0, 1, 2, 3, 4, 5], "cam_channels": ["CAM_FRONT_LEFT", "CAM_FRONT", "CAM_FRONT_RIGHT", "CAM_BACK_LEFT", "CAM_BACK", "CAM_BACK_RIGHT"], "token": "19cfb9dfc26947fcbde40c066bb7ad8c", "scene": "scene-1093"}, {"images": ["samples/CAM_FRONT_LEFT/n015-2018-11-21-19-38-26+0800__CAM_FRONT_LEFT__1542800828404844.jpg", "samples/CAM_FRONT/n015-2018-11-21-19-38-26+0800__CAM_FRONT__1542800828412460.jpg", "samples/CAM_FRONT_RIGHT/n015-2018-11-21-19-38-26+0800__CAM_FRONT_RIGHT__1542800828420339.jpg", "samples/CAM_BACK_LEFT/n015-2018-11-21-19-38-26+0800__CAM_BACK_LEFT__1542800828447423.jpg", "samples/CAM_BACK/n015-2018-11-21-19-38-26+0800__CAM_BACK__1542800828437525.jpg", "samples/CAM_BACK_RIGHT/n015-2018-11-21-19-38-26+0800__CAM_BACK_RIGHT__1542800828427893.jpg"], "intrinsics": [[[1272.5979470598488, 0.0, 826.6154927353808], [0.0, 1272.5979470598488, 479.75165386361925], [0.0, 0.0, 1.0]], [[1266.417203046554, 0.0, 816.2670197447984], [0.0, 1266.417203046554, 491.50706579294757], [0.0, 0.0, 1.0]], [[1260.8474446004698, 0.0, 807.968244525554], [0.0, 1260.8474446004698, 495.3344268742088], [0.0, 0.0, 1.0]], [[1256.7414812095406, 0.0, 792.1125740759628], [0.0, 1256.7414812095406, 492.7757465151356], [0.0, 0.0, 1.0]], [[809.2209905677063, 0.0, 829.2196003259838], [0.0, 809.2209905677063, 481.77842384512485], [0.0, 0.0, 1.0]], [[1259.5137405846733, 0.0, 807.2529053838625], [0.0, 1259.5137405846733, 501.19579884916527], [0.0, 0.0, 1.0]]], "extrinsics": [[[0.819550096988678, -0.5694641470909119, 0.06362543255090714, -0.96490478515625], [0.05868830904364586, -0.027033234015107155, -0.9979102611541748, 1.5082473754882812], [0.5699941515922546, 0.8215715289115906, 0.011265800334513187, -1.2802734375], [0.0, 0.0, 0.0, 1.0]], [[0.005799535196274519, -0.9994884133338928, 0.03145084157586098, 0.0050048828125], [0.05340179055929184, -0.031096935272216797, -0.9980888366699219, 1.5205345153808594], [0.9985562562942505, 0.007467969786375761, 0.05319412425160408, -1.692138671875], [0.0, 0.0, 0.0, 1.0]], [[-0.830847978591919, -0.5549570918083191, -0.04140385612845421, 1.032470703125], [0.059008143842220306, -0.013873282819986343, -0.9981610774993896, 1.5036392211914062], [0.5533621907234192, -0.8317632675170898, 0.04427357763051987, -1.248748779296875], [0.0, 0.0, 0.0, 1.0]], [[0.9458318948745728, 0.32078394293785095, 0.04999617114663124, -1.1422119140625], [0.0676695853471756, -0.044177424162626266, -0.9967291951179504, 1.58856201171875], [-0.3175260126590729, 0.9461215734481812, -0.06349173188209534, -0.10369873046875], [0.0, 0.0, 0.0, 1.0]], [[0.0024840107653290033, 0.9994136691093445, -0.034149039536714554, 0.0028076171875], [0.04229007288813591, -0.03422357887029648, -0.9985190629959106, 1.5793604850769043], [-0.9991023540496826, 0.0010361596941947937, -0.04235029220581055, 0.001953125], [0.0, 0.0, 0.0, 1.0]], [[-0.9325679540634155, 0.3527536988258362, -0.07669289410114288, 1.1363525390625], [0.07486382871866226, -0.018847165629267693, -0.997015655040741, 1.5514602661132812], [-0.3531464636325836, -0.935526430606842, -0.008832236751914024, -0.0634765625], [0.0, 0.0, 0.0, 1.0]]], "view": [[0.0, -2.0, 100.0], [-2.0, 0.0, 100.0], [0.0, 0.0, 1.0]], "bev": "bev_1349c952687e4dad82a456f938a25e1e.png", "aux": "aux_1349c952687e4dad82a456f938a25e1e.npz", "visibility": "visibility_1349c952687e4dad82a456f938a25e1e.png", "pose": [[-0.9843558073043823, -0.17619210481643677, 0.0, 1536.436767578125], [0.17619210481643677, -0.9843558073043823, 0.0, 1211.1395263671875], [0.0, 0.0, 1.0, 0.0], [0.0, 0.0, 0.0, 1.0]], "pose_inverse": [[-0.9843558073043823, 0.17619210481643677, 0.0, 1299.0072021484375], [-0.17619210481643677, -0.9843558073043823, 0.0, 1462.9002685546875], [0.0, 0.0, 1.0, 0.0], [0.0, 0.0, 0.0, 1.0]], "cam_ids": [0, 1, 2, 3, 4, 5], "cam_channels": ["CAM_FRONT_LEFT", "CAM_FRONT", "CAM_FRONT_RIGHT", "CAM_BACK_LEFT", "CAM_BACK", "CAM_BACK_RIGHT"], "token": "1349c952687e4dad82a456f938a25e1e", "scene": "scene-1093"}, {"images": ["samples/CAM_FRONT_LEFT/n015-2018-11-21-19-38-26+0800__CAM_FRONT_LEFT__1542800828904844.jpg", "samples/CAM_FRONT/n015-2018-11-21-19-38-26+0800__CAM_FRONT__1542800828912460.jpg", "samples/CAM_FRONT_RIGHT/n015-2018-11-21-19-38-26+0800__CAM_FRONT_RIGHT__1542800828920339.jpg", "samples/CAM_BACK_LEFT/n015-2018-11-21-19-38-26+0800__CAM_BACK_LEFT__1542800828947423.jpg", "samples/CAM_BACK/n015-2018-11-21-19-38-26+0800__CAM_BACK__1542800828937525.jpg", "samples/CAM_BACK_RIGHT/n015-2018-11-21-19-38-26+0800__CAM_BACK_RIGHT__1542800828927893.jpg"], "intrinsics": [[[1272.5979470598488, 0.0, 826.6154927353808], [0.0, 1272.5979470598488, 479.75165386361925], [0.0, 0.0, 1.0]], [[1266.417203046554, 0.0, 816.2670197447984], [0.0, 1266.417203046554, 491.50706579294757], [0.0, 0.0, 1.0]], [[1260.8474446004698, 0.0, 807.968244525554], [0.0, 1260.8474446004698, 495.3344268742088], [0.0, 0.0, 1.0]], [[1256.7414812095406, 0.0, 792.1125740759628], [0.0, 1256.7414812095406, 492.7757465151356], [0.0, 0.0, 1.0]], [[809.2209905677063, 0.0, 829.2196003259838], [0.0, 809.2209905677063, 481.77842384512485], [0.0, 0.0, 1.0]], [[1259.5137405846733, 0.0, 807.2529053838625], [0.0, 1259.5137405846733, 501.19579884916527], [0.0, 0.0, 1.0]]], "extrinsics": [[[0.8195456862449646, -0.5694798231124878, 0.06354206055402756, -0.9648895263671875], [0.05865214392542839, -0.02693942002952099, -0.9979149103164673, 1.5082511901855469], [0.5700041651725769, 0.8215637803077698, 0.01132312510162592, -1.2803955078125], [0.0, 0.0, 0.0, 1.0]], [[0.005789005663245916, -0.9994913339614868, 0.03136124089360237, 0.0050048828125], [0.05336640030145645, -0.0310082845389843, -0.9980934858322144, 1.520528793334961], [0.9985581636428833, 0.007451592944562435, 0.053159743547439575, -1.6922607421875], [0.0, 0.0, 0.0, 1.0]], [[-0.8308545351028442, -0.5549457669258118, -0.04142202064394951, 1.0323486328125], [0.058973830193281174, -0.013789992779493332, -0.9981642365455627, 1.5036468505859375], [0.5533558130264282, -0.8317721486091614, 0.04418475925922394, -1.248748779296875], [0.0, 0.0, 0.0, 1.0]], [[0.9458345770835876, 0.3207795321941376, 0.0499732568860054, -1.1422119140625], [0.06762664765119553, -0.044122371822595596, -0.996734619140625, 1.5885543823242188], [-0.31752708554267883, 0.9461255669593811, -0.063425712287426, -0.10357666015625], [0.0, 0.0, 0.0, 1.0]], [[0.0024881220888346434, 0.9994157552719116, -0.034088581800460815, 0.0028076171875], [0.04226914793252945, -0.034163329750299454, -0.9985220432281494, 1.5793590545654297], [-0.9991031289100647, 0.001043556840158999, -0.04232945293188095, 0.0018310546875], [0.0, 0.0, 0.0, 1.0]], [[-0.9325674772262573, 0.352766215801239, -0.0766405314207077, 1.13623046875], [0.07483674585819244, -0.018770946189761162, -0.9970191121101379, 1.5514602661132812], [-0.353153258562088, -0.9355232119560242, -0.008894704282283783, -0.063720703125], [0.0, 0.0, 0.0, 1.0]]], "view": [[0.0, -2.0, 100.0], [-2.0, 0.0, 100.0], [0.0, 0.0, 1.0]], "bev": "bev_691d7f2148fb45498b7160edc98e955d.png", "aux": "aux_691d7f2148fb45498b7160edc98e955d.npz", "visibility": "visibility_691d7f2148fb45498b7160edc98e955d.png", "pose": [[-0.9843538403511047, -0.17620298266410828, 0.0, 1536.436767578125], [0.17620298266410828, -0.9843538403511047, 0.0, 1211.1395263671875], [0.0, 0.0, 1.0, 0.0], [0.0, 0.0, 0.0, 1.0]], "pose_inverse": [[-0.9843538403511047, 0.17620298266410828, 0.0, 1298.9910888671875], [-0.17620298266410828, -0.9843538403511047, 0.0, 1462.91455078125], [0.0, 0.0, 1.0, 0.0], [0.0, 0.0, 0.0, 1.0]], "cam_ids": [0, 1, 2, 3, 4, 5], "cam_channels": ["CAM_FRONT_LEFT", "CAM_FRONT", "CAM_FRONT_RIGHT", "CAM_BACK_LEFT", "CAM_BACK", "CAM_BACK_RIGHT"], "token": "691d7f2148fb45498b7160edc98e955d", "scene": "scene-1093"}, {"images": ["samples/CAM_FRONT_LEFT/n015-2018-11-21-19-38-26+0800__CAM_FRONT_LEFT__1542800829404844.jpg", "samples/CAM_FRONT/n015-2018-11-21-19-38-26+0800__CAM_FRONT__1542800829412460.jpg", "samples/CAM_FRONT_RIGHT/n015-2018-11-21-19-38-26+0800__CAM_FRONT_RIGHT__1542800829420339.jpg", "samples/CAM_BACK_LEFT/n015-2018-11-21-19-38-26+0800__CAM_BACK_LEFT__1542800829447423.jpg", "samples/CAM_BACK/n015-2018-11-21-19-38-26+0800__CAM_BACK__1542800829437525.jpg", "samples/CAM_BACK_RIGHT/n015-2018-11-21-19-38-26+0800__CAM_BACK_RIGHT__1542800829427893.jpg"], "intrinsics": [[[1272.5979470598488, 0.0, 826.6154927353808], [0.0, 1272.5979470598488, 479.75165386361925], [0.0, 0.0, 1.0]], [[1266.417203046554, 0.0, 816.2670197447984], [0.0, 1266.417203046554, 491.50706579294757], [0.0, 0.0, 1.0]], [[1260.8474446004698, 0.0, 807.968244525554], [0.0, 1260.8474446004698, 495.3344268742088], [0.0, 0.0, 1.0]], [[1256.7414812095406, 0.0, 792.1125740759628], [0.0, 1256.7414812095406, 492.7757465151356], [0.0, 0.0, 1.0]], [[809.2209905677063, 0.0, 829.2196003259838], [0.0, 809.2209905677063, 481.77842384512485], [0.0, 0.0, 1.0]], [[1259.5137405846733, 0.0, 807.2529053838625], [0.0, 1259.5137405846733, 501.19579884916527], [0.0, 0.0, 1.0]]], "extrinsics": [[[0.8195469379425049, -0.5694701075553894, 0.0636133924126625, -0.964935302734375], [0.058668531477451324, -0.027040760964155197, -0.9979112148284912, 1.5082550048828125], [0.5700008273124695, 0.821567177772522, 0.011248800903558731, -1.280517578125], [0.0, 0.0, 0.0, 1.0]], [[0.005794395226985216, -0.9994879364967346, 0.03146595507860184, 0.0048828125], [0.05338732898235321, -0.03111240826547146, -0.9980891346931458, 1.5205307006835938], [0.9985570311546326, 0.007463240064680576, 0.05317971855401993, -1.6923828125], [0.0, 0.0, 0.0, 1.0]], [[-0.8308508396148682, -0.5549542307853699, -0.04138341173529625, 1.0323486328125], [0.058999259024858475, -0.013897120952606201, -0.998161256313324, 1.5036392211914062], [0.5533586740493774, -0.831764817237854, 0.04428832232952118, -1.248626708984375], [0.0, 0.0, 0.0, 1.0]], [[0.9458346962928772, 0.3207801580429077, 0.04996868222951889, -1.142333984375], [0.06765370070934296, -0.044217195361852646, -0.9967285394668579, 1.5885601043701172], [-0.31752124428749084, 0.9461209774017334, -0.06352411955595016, -0.10369873046875], [0.0, 0.0, 0.0, 1.0]], [[0.002487792633473873, 0.9994124174118042, -0.03418620675802231, 0.0028076171875], [0.042284198105335236, -0.034260865300893784, -0.9985180497169495, 1.579362392425537], [-0.9991025328636169, 0.001038574380800128, -0.0423445887863636, 0.001953125], [0.0, 0.0, 0.0, 1.0]], [[-0.9325671792030334, 0.35275503993034363, -0.0766952633857727, 1.1361083984375], [0.07485716044902802, -0.018871592357754707, -0.9970157146453857, 1.5514450073242188], [-0.35314974188804626, -0.9355253577232361, -0.008807209320366383, -0.0634765625], [0.0, 0.0, 0.0, 1.0]]], "view": [[0.0, -2.0, 100.0], [-2.0, 0.0, 100.0], [0.0, 0.0, 1.0]], "bev": "bev_0757a34dd49644e7a24c18902a455e1e.png", "aux": "aux_0757a34dd49644e7a24c18902a455e1e.npz", "visibility": "visibility_0757a34dd49644e7a24c18902a455e1e.png", "pose": [[-0.9843720197677612, -0.1761014759540558, 0.0, 1536.436767578125], [0.1761014759540558, -0.9843720197677612, 0.0, 1211.1395263671875], [0.0, 0.0, 1.0, 0.0], [0.0, 0.0, 0.0, 1.0]], "pose_inverse": [[-0.9843720197677612, 0.1761014759540558, 0.0, 1299.141845703125], [-0.1761014759540558, -0.9843720197677612, 0.0, 1462.7806396484375], [0.0, 0.0, 1.0, 0.0], [0.0, 0.0, 0.0, 1.0]], "cam_ids": [0, 1, 2, 3, 4, 5], "cam_channels": ["CAM_FRONT_LEFT", "CAM_FRONT", "CAM_FRONT_RIGHT", "CAM_BACK_LEFT", "CAM_BACK", "CAM_BACK_RIGHT"], "token": "0757a34dd49644e7a24c18902a455e1e", "scene": "scene-1093"}, {"images": ["samples/CAM_FRONT_LEFT/n015-2018-11-21-19-38-26+0800__CAM_FRONT_LEFT__1542800829904844.jpg", "samples/CAM_FRONT/n015-2018-11-21-19-38-26+0800__CAM_FRONT__1542800829912460.jpg", "samples/CAM_FRONT_RIGHT/n015-2018-11-21-19-38-26+0800__CAM_FRONT_RIGHT__1542800829920339.jpg", "samples/CAM_BACK_LEFT/n015-2018-11-21-19-38-26+0800__CAM_BACK_LEFT__1542800829947423.jpg", "samples/CAM_BACK/n015-2018-11-21-19-38-26+0800__CAM_BACK__1542800829937525.jpg", "samples/CAM_BACK_RIGHT/n015-2018-11-21-19-38-26+0800__CAM_BACK_RIGHT__1542800829927893.jpg"], "intrinsics": [[[1272.5979470598488, 0.0, 826.6154927353808], [0.0, 1272.5979470598488, 479.75165386361925], [0.0, 0.0, 1.0]], [[1266.417203046554, 0.0, 816.2670197447984], [0.0, 1266.417203046554, 491.50706579294757], [0.0, 0.0, 1.0]], [[1260.8474446004698, 0.0, 807.968244525554], [0.0, 1260.8474446004698, 495.3344268742088], [0.0, 0.0, 1.0]], [[1256.7414812095406, 0.0, 792.1125740759628], [0.0, 1256.7414812095406, 492.7757465151356], [0.0, 0.0, 1.0]], [[809.2209905677063, 0.0, 829.2196003259838], [0.0, 809.2209905677063, 481.77842384512485], [0.0, 0.0, 1.0]], [[1259.5137405846733, 0.0, 807.2529053838625], [0.0, 1259.5137405846733, 501.19579884916527], [0.0, 0.0, 1.0]]], "extrinsics": [[[0.819550633430481, -0.5694747567176819, 0.06352371722459793, -0.9649810791015625], [0.05856581777334213, -0.027031512930989265, -0.9979175329208374, 1.5082511901855469], [0.5700058937072754, 0.821564257144928, 0.011198059655725956, -1.2801513671875], [0.0, 0.0, 0.0, 1.0]], [[0.0057893474586308, -0.9994886517524719, 0.03144580498337746, 0.0050048828125], [0.05328579246997833, -0.031093314290046692, -0.9980950951576233, 1.5205326080322266], [0.9985623955726624, 0.00745393568649888, 0.05307852849364281, -1.692138671875], [0.0, 0.0, 0.0, 1.0]], [[-0.8308590650558472, -0.5549469590187073, -0.04131684452295303, 1.0323486328125], [0.05889922380447388, -0.013867665082216263, -0.9981675744056702, 1.5036392211914062], [0.5533570647239685, -0.831770122051239, 0.04420802369713783, -1.248687744140625], [0.0, 0.0, 0.0, 1.0]], [[0.9458392262458801, 0.32077664136886597, 0.049905430525541306, -1.1422119140625], [0.0675702914595604, -0.04416804388165474, -0.9967363476753235, 1.5885581970214844], [-0.3175255358219147, 0.9461244940757751, -0.06345084309577942, -0.1036376953125], [0.0, 0.0, 0.0, 1.0]], [[0.0024884280283004045, 0.9994140267372131, -0.03413905203342438, 0.002685546875], [0.04219409078359604, -0.03421368822455406, -0.998523473739624, 1.579360008239746], [-0.9991063475608826, 0.001044297474436462, -0.042254507541656494, 0.0018310546875], [0.0, 0.0, 0.0, 1.0]], [[-0.9325727224349976, 0.35276341438293457, -0.07658970355987549, 1.13623046875], [0.07475867867469788, -0.01883375272154808, -0.9970238208770752, 1.5514450073242188], [-0.35315605998039246, -0.9355229735374451, -0.008808281272649765, -0.0635986328125], [0.0, 0.0, 0.0, 1.0]]], "view": [[0.0, -2.0, 100.0], [-2.0, 0.0, 100.0], [0.0, 0.0, 1.0]], "bev": "bev_283ca7ce51bb4f8c8655cdbf7a431744.png", "aux": "aux_283ca7ce51bb4f8c8655cdbf7a431744.npz", "visibility": "visibility_283ca7ce51bb4f8c8655cdbf7a431744.png", "pose": [[-0.9843643307685852, -0.17614440619945526, 0.0, 1536.436767578125], [0.17614440619945526, -0.9843643307685852, 0.0, 1211.1395263671875], [0.0, 0.0, 1.0, 0.0], [0.0, 0.0, 0.0, 1.0]], "pose_inverse": [[-0.9843643307685852, 0.17614440619945526, 0.0, 1299.078125], [-0.17614440619945526, -0.9843643307685852, 0.0, 1462.8372802734375], [0.0, 0.0, 1.0, 0.0], [0.0, 0.0, 0.0, 1.0]], "cam_ids": [0, 1, 2, 3, 4, 5], "cam_channels": ["CAM_FRONT_LEFT", "CAM_FRONT", "CAM_FRONT_RIGHT", "CAM_BACK_LEFT", "CAM_BACK", "CAM_BACK_RIGHT"], "token": "283ca7ce51bb4f8c8655cdbf7a431744", "scene": "scene-1093"}, {"images": ["samples/CAM_FRONT_LEFT/n015-2018-11-21-19-38-26+0800__CAM_FRONT_LEFT__1542800830354844.jpg", "samples/CAM_FRONT/n015-2018-11-21-19-38-26+0800__CAM_FRONT__1542800830362460.jpg", "samples/CAM_FRONT_RIGHT/n015-2018-11-21-19-38-26+0800__CAM_FRONT_RIGHT__1542800830370339.jpg", "samples/CAM_BACK_LEFT/n015-2018-11-21-19-38-26+0800__CAM_BACK_LEFT__1542800830397423.jpg", "samples/CAM_BACK/n015-2018-11-21-19-38-26+0800__CAM_BACK__1542800830387525.jpg", "samples/CAM_BACK_RIGHT/n015-2018-11-21-19-38-26+0800__CAM_BACK_RIGHT__1542800830377908.jpg"], "intrinsics": [[[1272.5979470598488, 0.0, 826.6154927353808], [0.0, 1272.5979470598488, 479.75165386361925], [0.0, 0.0, 1.0]], [[1266.417203046554, 0.0, 816.2670197447984], [0.0, 1266.417203046554, 491.50706579294757], [0.0, 0.0, 1.0]], [[1260.8474446004698, 0.0, 807.968244525554], [0.0, 1260.8474446004698, 495.3344268742088], [0.0, 0.0, 1.0]], [[1256.7414812095406, 0.0, 792.1125740759628], [0.0, 1256.7414812095406, 492.7757465151356], [0.0, 0.0, 1.0]], [[809.2209905677063, 0.0, 829.2196003259838], [0.0, 809.2209905677063, 481.77842384512485], [0.0, 0.0, 1.0]], [[1259.5137405846733, 0.0, 807.2529053838625], [0.0, 1259.5137405846733, 501.19579884916527], [0.0, 0.0, 1.0]]], "extrinsics": [[[0.819559633731842, -0.5694596171379089, 0.06354311108589172, -0.9647979736328125], [0.05864005535840988, -0.026958204805850983, -0.9979150891304016, 1.5082435607910156], [0.5699853301048279, 0.8215771317481995, 0.011299281381070614, -1.2802734375], [0.0, 0.0, 0.0, 1.0]], [[0.005808246321976185, -0.9994904398918152, 0.031385719776153564, 0.005126953125], [0.053356219083070755, -0.031031779944896698, -0.99809330701828, 1.5205230712890625], [0.9985586404800415, 0.00747181661427021, 0.0531487911939621, -1.6922607421875], [0.0, 0.0, 0.0, 1.0]], [[-0.8308470249176025, -0.5549589991569519, -0.04139580577611923, 1.0322265625], [0.058960869908332825, -0.01381657924503088, -0.9981646537780762, 1.5036392211914062], [0.5533685088157654, -0.8317629098892212, 0.04420033469796181, -1.248779296875], [0.0, 0.0, 0.0, 1.0]], [[0.9458373785018921, 0.3207772672176361, 0.04993625357747078, -1.1422119140625], [0.06760339438915253, -0.04416975751519203, -0.996734082698822, 1.5885486602783203], [-0.31752392649650574, 0.9461241960525513, -0.06346303969621658, -0.10382080078125], [0.0, 0.0, 0.0, 1.0]], [[0.0024820175021886826, 0.9994148015975952, -0.0341157540678978, 0.0028076171875], [0.04223132133483887, -0.03419017791748047, -0.9985226392745972, 1.5793581008911133], [-0.9991047382354736, 0.0010375846177339554, -0.042291466146707535, 0.001953125], [0.0, 0.0, 0.0, 1.0]], [[-0.932573676109314, 0.35275450348854065, -0.07662074267864227, 1.1363525390625], [0.07480846345424652, -0.018789520487189293, -0.9970208406448364, 1.55145263671875], [-0.3531433045864105, -0.9355272650718689, -0.008866408839821815, -0.063720703125], [0.0, 0.0, 0.0, 1.0]]], "view": [[0.0, -2.0, 100.0], [-2.0, 0.0, 100.0], [0.0, 0.0, 1.0]], "bev": "bev_a80878527ac94625bcf4743fef8206ba.png", "aux": "aux_a80878527ac94625bcf4743fef8206ba.npz", "visibility": "visibility_a80878527ac94625bcf4743fef8206ba.png", "pose": [[-0.9843615293502808, -0.1761600822210312, 0.0, 1536.436767578125], [0.1761600822210312, -0.9843615293502808, 0.0, 1211.1395263671875], [0.0, 0.0, 1.0, 0.0], [0.0, 0.0, 0.0, 1.0]], "pose_inverse": [[-0.9843615293502808, 0.1761600822210312, 0.0, 1299.0548095703125], [-0.1761600822210312, -0.9843615293502808, 0.0, 1462.8580322265625], [0.0, 0.0, 1.0, 0.0], [0.0, 0.0, 0.0, 1.0]], "cam_ids": [0, 1, 2, 3, 4, 5], "cam_channels": ["CAM_FRONT_LEFT", "CAM_FRONT", "CAM_FRONT_RIGHT", "CAM_BACK_LEFT", "CAM_BACK", "CAM_BACK_RIGHT"], "token": "a80878527ac94625bcf4743fef8206ba", "scene": "scene-1093"}, {"images": ["samples/CAM_FRONT_LEFT/n015-2018-11-21-19-38-26+0800__CAM_FRONT_LEFT__1542800830854844.jpg", "samples/CAM_FRONT/n015-2018-11-21-19-38-26+0800__CAM_FRONT__1542800830862460.jpg", "samples/CAM_FRONT_RIGHT/n015-2018-11-21-19-38-26+0800__CAM_FRONT_RIGHT__1542800830870339.jpg", "samples/CAM_BACK_LEFT/n015-2018-11-21-19-38-26+0800__CAM_BACK_LEFT__1542800830897423.jpg", "samples/CAM_BACK/n015-2018-11-21-19-38-26+0800__CAM_BACK__1542800830887525.jpg", "samples/CAM_BACK_RIGHT/n015-2018-11-21-19-38-26+0800__CAM_BACK_RIGHT__1542800830877893.jpg"], "intrinsics": [[[1272.5979470598488, 0.0, 826.6154927353808], [0.0, 1272.5979470598488, 479.75165386361925], [0.0, 0.0, 1.0]], [[1266.417203046554, 0.0, 816.2670197447984], [0.0, 1266.417203046554, 491.50706579294757], [0.0, 0.0, 1.0]], [[1260.8474446004698, 0.0, 807.968244525554], [0.0, 1260.8474446004698, 495.3344268742088], [0.0, 0.0, 1.0]], [[1256.7414812095406, 0.0, 792.1125740759628], [0.0, 1256.7414812095406, 492.7757465151356], [0.0, 0.0, 1.0]], [[809.2209905677063, 0.0, 829.2196003259838], [0.0, 809.2209905677063, 481.77842384512485], [0.0, 0.0, 1.0]], [[1259.5137405846733, 0.0, 807.2529053838625], [0.0, 1259.5137405846733, 501.19579884916527], [0.0, 0.0, 1.0]]], "extrinsics": [[[0.8195416331291199, -0.5694898962974548, 0.06350430846214294, -0.96490478515625], [0.05856705829501152, -0.026996055617928505, -0.997918426990509, 1.5082473754882812], [0.5700187683105469, 0.8215548992156982, 0.01122895535081625, -1.2802734375], [0.0, 0.0, 0.0, 1.0]], [[0.005775574129074812, -0.9994900822639465, 0.03140273317694664, 0.0050048828125], [0.05328146740794182, -0.031051063910126686, -0.9980966448783875, 1.5205307006835938], [0.9985628128051758, 0.0074377586133778095, 0.05307495594024658, -1.692138671875], [0.0, 0.0, 0.0, 1.0]], [[-0.8308667540550232, -0.5549338459968567, -0.04133620485663414, 1.0321044921875], [0.05888758599758148, -0.013816465623676777, -0.9981689453125, 1.5036392211914062], [0.5533466935157776, -0.8317796587944031, 0.04415836185216904, -1.248687744140625], [0.0, 0.0, 0.0, 1.0]], [[0.945841372013092, 0.32077300548553467, 0.049887850880622864, -1.1422119140625], [0.06753716617822647, -0.04412529990077019, -0.9967405200004578, 1.58856201171875], [-0.3175261318683624, 0.9461277723312378, -0.06339963525533676, -0.10369873046875], [0.0, 0.0, 0.0, 1.0]], [[0.0024930161889642477, 0.999415934085846, -0.034082382917404175, 0.0029296875], [0.04216589033603668, -0.03415723517537117, -0.9985265731811523, 1.5793585777282715], [-0.9991074800491333, 0.001052227569743991, -0.04222641512751579, 0.001953125], [0.0, 0.0, 0.0, 1.0]], [[-0.9325704574584961, 0.35277751088142395, -0.07655296474695206, 1.13616943359375], [0.07473966479301453, -0.018780400976538658, -0.997026264667511, 1.5514602661132812], [-0.3531661331653595, -0.935518741607666, -0.008852432481944561, -0.0635986328125], [0.0, 0.0, 0.0, 1.0]]], "view": [[0.0, -2.0, 100.0], [-2.0, 0.0, 100.0], [0.0, 0.0, 1.0]], "bev": "bev_e91a8780af024d8dae3043ca02b1229a.png", "aux": "aux_e91a8780af024d8dae3043ca02b1229a.npz", "visibility": "visibility_e91a8780af024d8dae3043ca02b1229a.png", "pose": [[-0.9843629002571106, -0.17615243792533875, 0.0, 1536.436767578125], [0.17615243792533875, -0.9843629002571106, 0.0, 1211.1395263671875], [0.0, 0.0, 1.0, 0.0], [0.0, 0.0, 0.0, 1.0]], "pose_inverse": [[-0.9843629002571106, 0.17615243792533875, 0.0, 1299.066162109375], [-0.17615243792533875, -0.9843629002571106, 0.0, 1462.847900390625], [0.0, 0.0, 1.0, 0.0], [0.0, 0.0, 0.0, 1.0]], "cam_ids": [0, 1, 2, 3, 4, 5], "cam_channels": ["CAM_FRONT_LEFT", "CAM_FRONT", "CAM_FRONT_RIGHT", "CAM_BACK_LEFT", "CAM_BACK", "CAM_BACK_RIGHT"], "token": "e91a8780af024d8dae3043ca02b1229a", "scene": "scene-1093"}, {"images": ["samples/CAM_FRONT_LEFT/n015-2018-11-21-19-38-26+0800__CAM_FRONT_LEFT__1542800831354844.jpg", "samples/CAM_FRONT/n015-2018-11-21-19-38-26+0800__CAM_FRONT__1542800831362460.jpg", "samples/CAM_FRONT_RIGHT/n015-2018-11-21-19-38-26+0800__CAM_FRONT_RIGHT__1542800831370339.jpg", "samples/CAM_BACK_LEFT/n015-2018-11-21-19-38-26+0800__CAM_BACK_LEFT__1542800831397423.jpg", "samples/CAM_BACK/n015-2018-11-21-19-38-26+0800__CAM_BACK__1542800831387525.jpg", "samples/CAM_BACK_RIGHT/n015-2018-11-21-19-38-26+0800__CAM_BACK_RIGHT__1542800831377893.jpg"], "intrinsics": [[[1272.5979470598488, 0.0, 826.6154927353808], [0.0, 1272.5979470598488, 479.75165386361925], [0.0, 0.0, 1.0]], [[1266.417203046554, 0.0, 816.2670197447984], [0.0, 1266.417203046554, 491.50706579294757], [0.0, 0.0, 1.0]], [[1260.8474446004698, 0.0, 807.968244525554], [0.0, 1260.8474446004698, 495.3344268742088], [0.0, 0.0, 1.0]], [[1256.7414812095406, 0.0, 792.1125740759628], [0.0, 1256.7414812095406, 492.7757465151356], [0.0, 0.0, 1.0]], [[809.2209905677063, 0.0, 829.2196003259838], [0.0, 809.2209905677063, 481.77842384512485], [0.0, 0.0, 1.0]], [[1259.5137405846733, 0.0, 807.2529053838625], [0.0, 1259.5137405846733, 501.19579884916527], [0.0, 0.0, 1.0]]], "extrinsics": [[[0.8195570111274719, -0.5694838166236877, 0.06336019933223724, -0.96502685546875], [0.05844726040959358, -0.026915648952126503, -0.9979276061058044, 1.5082511901855469], [0.5700089931488037, 0.8215617537498474, 0.011225863359868526, -1.2801513671875], [0.0, 0.0, 0.0, 1.0]], [[0.005792209878563881, -0.9994924068450928, 0.03132835403084755, 0.0050048828125], [0.05315910652279854, -0.03097682259976864, -0.998105525970459, 1.5205364227294922], [0.9985693097114563, 0.007446624804288149, 0.05295269191265106, -1.6922607421875], [0.0, 0.0, 0.0, 1.0]], [[-0.830865740776062, -0.5549409985542297, -0.04126354306936264, 1.0322265625], [0.058759406208992004, -0.01375431939959526, -0.9981774091720581, 1.5036392211914062], [0.5533620119094849, -0.8317759037017822, 0.04403599724173546, -1.24884033203125], [0.0, 0.0, 0.0, 1.0]], [[0.9458485245704651, 0.32076725363731384, 0.049788787961006165, -1.142333984375], [0.06741652637720108, -0.04407810792326927, -0.9967507719993591, 1.588552474975586], [-0.31753039360046387, 0.9461318850517273, -0.0633162260055542, -0.10369873046875], [0.0, 0.0, 0.0, 1.0]], [[0.002486799145117402, 0.9994174838066101, -0.03403913229703903, 0.0028076171875], [0.0420357808470726, -0.034113626927137375, -0.9985336065292358, 1.5793590545654297], [-0.9991129636764526, 0.0010522883385419846, -0.042096126824617386, 0.001953125], [0.0, 0.0, 0.0, 1.0]], [[-0.9325830340385437, 0.35277390480041504, -0.07641725987195969, 1.1361083984375], [0.07461244612932205, -0.018732983618974686, -0.9970366954803467, 1.55145263671875], [-0.35315996408462524, -0.935521125793457, -0.00885125994682312, -0.0635986328125], [0.0, 0.0, 0.0, 1.0]]], "view": [[0.0, -2.0, 100.0], [-2.0, 0.0, 100.0], [0.0, 0.0, 1.0]], "bev": "bev_229711ae135144bbb422244c64ced2d9.png", "aux": "aux_229711ae135144bbb422244c64ced2d9.npz", "visibility": "visibility_229711ae135144bbb422244c64ced2d9.png", "pose": [[-0.9843630790710449, -0.17615145444869995, 0.0, 1536.436767578125], [0.17615145444869995, -0.9843630790710449, 0.0, 1211.1395263671875], [0.0, 0.0, 1.0, 0.0], [0.0, 0.0, 0.0, 1.0]], "pose_inverse": [[-0.9843630790710449, 0.17615145444869995, 0.0, 1299.067626953125], [-0.17615145444869995, -0.9843630790710449, 0.0, 1462.8465576171875], [0.0, 0.0, 1.0, 0.0], [0.0, 0.0, 0.0, 1.0]], "cam_ids": [0, 1, 2, 3, 4, 5], "cam_channels": ["CAM_FRONT_LEFT", "CAM_FRONT", "CAM_FRONT_RIGHT", "CAM_BACK_LEFT", "CAM_BACK", "CAM_BACK_RIGHT"], "token": "229711ae135144bbb422244c64ced2d9", "scene": "scene-1093"}, {"images": ["samples/CAM_FRONT_LEFT/n015-2018-11-21-19-38-26+0800__CAM_FRONT_LEFT__1542800831754844.jpg", "samples/CAM_FRONT/n015-2018-11-21-19-38-26+0800__CAM_FRONT__1542800831762460.jpg", "samples/CAM_FRONT_RIGHT/n015-2018-11-21-19-38-26+0800__CAM_FRONT_RIGHT__1542800831770339.jpg", "samples/CAM_BACK_LEFT/n015-2018-11-21-19-38-26+0800__CAM_BACK_LEFT__1542800831797432.jpg", "samples/CAM_BACK/n015-2018-11-21-19-38-26+0800__CAM_BACK__1542800831787525.jpg", "samples/CAM_BACK_RIGHT/n015-2018-11-21-19-38-26+0800__CAM_BACK_RIGHT__1542800831777893.jpg"], "intrinsics": [[[1272.5979470598488, 0.0, 826.6154927353808], [0.0, 1272.5979470598488, 479.75165386361925], [0.0, 0.0, 1.0]], [[1266.417203046554, 0.0, 816.2670197447984], [0.0, 1266.417203046554, 491.50706579294757], [0.0, 0.0, 1.0]], [[1260.8474446004698, 0.0, 807.968244525554], [0.0, 1260.8474446004698, 495.3344268742088], [0.0, 0.0, 1.0]], [[1256.7414812095406, 0.0, 792.1125740759628], [0.0, 1256.7414812095406, 492.7757465151356], [0.0, 0.0, 1.0]], [[809.2209905677063, 0.0, 829.2196003259838], [0.0, 809.2209905677063, 481.77842384512485], [0.0, 0.0, 1.0]], [[1259.5137405846733, 0.0, 807.2529053838625], [0.0, 1259.5137405846733, 501.19579884916527], [0.0, 0.0, 1.0]]], "extrinsics": [[[0.8195531964302063, -0.5694798231124878, 0.06344480067491531, -0.965087890625], [0.05853438004851341, -0.026938477531075478, -0.9979218244552612, 1.5082435607910156], [0.5700055360794067, 0.8215637803077698, 0.011256632395088673, -1.2802734375], [0.0, 0.0, 0.0, 1.0]], [[0.005792556796222925, -0.9994916319847107, 0.031351085752248764, 0.0050048828125], [0.05324748158454895, -0.030998842790722847, -0.9981001019477844, 1.5205345153808594], [0.9985644817352295, 0.007450890261679888, 0.05304085090756416, -1.6922607421875], [0.0, 0.0, 0.0, 1.0]], [[-0.8308601975440979, -0.5549445748329163, -0.041326478123664856, 1.0323486328125], [0.058848269283771515, -0.013773901388049126, -0.9981719255447388, 1.5036392211914062], [0.5533608794212341, -0.8317732810974121, 0.04410171881318092, -1.24871826171875], [0.0, 0.0, 0.0, 1.0]], [[0.945843517780304, 0.3207719027996063, 0.04985494911670685, -1.142333984375], [0.06749670207500458, -0.04410827159881592, -0.9967440366744995, 1.5885581970214844], [-0.31752845644950867, 0.9461289048194885, -0.06337057054042816, -0.1036376953125], [0.0, 0.0, 0.0, 1.0]], [[0.0024873327929526567, 0.9994162917137146, -0.0340714231133461, 0.0028076171875], [0.04213003069162369, -0.034146007150411606, -0.9985284805297852, 1.579359531402588], [-0.9991089701652527, 0.0010482483776286244, -0.042190372943878174, 0.0018310546875], [0.0, 0.0, 0.0, 1.0]], [[-0.9325771927833557, 0.352769136428833, -0.07650882750749588, 1.13629150390625], [0.07470245659351349, -0.018753768876194954, -0.9970295429229736, 1.55145263671875], [-0.35315605998039246, -0.9355224370956421, -0.00886338297277689, -0.0638427734375], [0.0, 0.0, 0.0, 1.0]]], "view": [[0.0, -2.0, 100.0], [-2.0, 0.0, 100.0], [0.0, 0.0, 1.0]], "bev": "bev_55addb9cc46645ac92ada6bdcd0b991f.png", "aux": "aux_55addb9cc46645ac92ada6bdcd0b991f.npz", "visibility": "visibility_55addb9cc46645ac92ada6bdcd0b991f.png", "pose": [[-0.9843640327453613, -0.17614607512950897, 0.0, 1536.436767578125], [0.17614607512950897, -0.9843640327453613, 0.0, 1211.1395263671875], [0.0, 0.0, 1.0, 0.0], [0.0, 0.0, 0.0, 1.0]], "pose_inverse": [[-0.9843640327453613, 0.17614607512950897, 0.0, 1299.07568359375], [-0.17614607512950897, -0.9843640327453613, 0.0, 1462.8394775390625], [0.0, 0.0, 1.0, 0.0], [0.0, 0.0, 0.0, 1.0]], "cam_ids": [0, 1, 2, 3, 4, 5], "cam_channels": ["CAM_FRONT_LEFT", "CAM_FRONT", "CAM_FRONT_RIGHT", "CAM_BACK_LEFT", "CAM_BACK", "CAM_BACK_RIGHT"], "token": "55addb9cc46645ac92ada6bdcd0b991f", "scene": "scene-1093"}, {"images": ["samples/CAM_FRONT_LEFT/n015-2018-11-21-19-38-26+0800__CAM_FRONT_LEFT__1542800832254844.jpg", "samples/CAM_FRONT/n015-2018-11-21-19-38-26+0800__CAM_FRONT__1542800832262460.jpg", "samples/CAM_FRONT_RIGHT/n015-2018-11-21-19-38-26+0800__CAM_FRONT_RIGHT__1542800832270339.jpg", "samples/CAM_BACK_LEFT/n015-2018-11-21-19-38-26+0800__CAM_BACK_LEFT__1542800832297423.jpg", "samples/CAM_BACK/n015-2018-11-21-19-38-26+0800__CAM_BACK__1542800832287525.jpg", "samples/CAM_BACK_RIGHT/n015-2018-11-21-19-38-26+0800__CAM_BACK_RIGHT__1542800832277893.jpg"], "intrinsics": [[[1272.5979470598488, 0.0, 826.6154927353808], [0.0, 1272.5979470598488, 479.75165386361925], [0.0, 0.0, 1.0]], [[1266.417203046554, 0.0, 816.2670197447984], [0.0, 1266.417203046554, 491.50706579294757], [0.0, 0.0, 1.0]], [[1260.8474446004698, 0.0, 807.968244525554], [0.0, 1260.8474446004698, 495.3344268742088], [0.0, 0.0, 1.0]], [[1256.7414812095406, 0.0, 792.1125740759628], [0.0, 1256.7414812095406, 492.7757465151356], [0.0, 0.0, 1.0]], [[809.2209905677063, 0.0, 829.2196003259838], [0.0, 809.2209905677063, 481.77842384512485], [0.0, 0.0, 1.0]], [[1259.5137405846733, 0.0, 807.2529053838625], [0.0, 1259.5137405846733, 501.19579884916527], [0.0, 0.0, 1.0]]], "extrinsics": [[[0.8195480704307556, -0.5694887638092041, 0.06343158334493637, -0.9650115966796875], [0.058531519025564194, -0.02691960707306862, -0.9979225397109985, 1.5082550048828125], [0.5700131058692932, 0.8215582966804504, 0.011271127499639988, -1.2802734375], [0.0, 0.0, 0.0, 1.0]], [[0.0057839034125208855, -0.9994922280311584, 0.03133368119597435, 0.0050048828125], [0.053249701857566833, -0.03098190948367119, -0.9981005191802979, 1.5205307006835938], [0.9985644817352295, 0.007441410329192877, 0.05304345861077309, -1.692138671875], [0.0, 0.0, 0.0, 1.0]], [[-0.8308639526367188, -0.5549374222755432, -0.04134603217244148, 1.0323486328125], [0.05885961279273033, -0.013756325468420982, -0.9981714487075806, 1.5036468505859375], [0.5533539652824402, -0.8317782878875732, 0.04409303888678551, -1.24871826171875], [0.0, 0.0, 0.0, 1.0]], [[0.9458427429199219, 0.3207695484161377, 0.04988469183444977, -1.1422119140625], [0.06751453131437302, -0.04406850039958954, -0.9967445731163025, 1.588552474975586], [-0.3175268769264221, 0.9461315274238586, -0.06333847343921661, -0.1036376953125], [0.0, 0.0, 0.0, 1.0]], [[0.002490341430529952, 0.9994173645973206, -0.03404194489121437, 0.0028076171875], [0.04214188829064369, -0.03411669284105301, -0.9985289573669434, 1.5793566703796387], [-0.999108612537384, 0.0010520946234464645, -0.04220229387283325, 0.0020751953125], [0.0, 0.0, 0.0, 1.0]], [[-0.932574450969696, 0.35277631878852844, -0.07650970667600632, 1.1363525390625], [0.07471229881048203, -0.018730366602540016, -0.997029185295105, 1.55145263671875], [-0.35316145420074463, -0.9355201721191406, -0.008889272809028625, -0.063720703125], [0.0, 0.0, 0.0, 1.0]]], "view": [[0.0, -2.0, 100.0], [-2.0, 0.0, 100.0], [0.0, 0.0, 1.0]], "bev": "bev_c09943fe824c43ffb53b66afc7e8f110.png", "aux": "aux_c09943fe824c43ffb53b66afc7e8f110.npz", "visibility": "visibility_c09943fe824c43ffb53b66afc7e8f110.png", "pose": [[-0.9843693971633911, -0.1761162281036377, 0.0, 1536.436767578125], [0.1761162281036377, -0.9843693971633911, 0.0, 1211.1395263671875], [0.0, 0.0, 1.0, 0.0], [0.0, 0.0, 0.0, 1.0]], "pose_inverse": [[-0.9843693971633911, 0.1761162281036377, 0.0, 1299.1199951171875], [-0.1761162281036377, -0.9843693971633911, 0.0, 1462.8001708984375], [0.0, 0.0, 1.0, 0.0], [0.0, 0.0, 0.0, 1.0]], "cam_ids": [0, 1, 2, 3, 4, 5], "cam_channels": ["CAM_FRONT_LEFT", "CAM_FRONT", "CAM_FRONT_RIGHT", "CAM_BACK_LEFT", "CAM_BACK", "CAM_BACK_RIGHT"], "token": "c09943fe824c43ffb53b66afc7e8f110", "scene": "scene-1093"}, {"images": ["samples/CAM_FRONT_LEFT/n015-2018-11-21-19-38-26+0800__CAM_FRONT_LEFT__1542800832854844.jpg", "samples/CAM_FRONT/n015-2018-11-21-19-38-26+0800__CAM_FRONT__1542800832862460.jpg", "samples/CAM_FRONT_RIGHT/n015-2018-11-21-19-38-26+0800__CAM_FRONT_RIGHT__1542800832870339.jpg", "samples/CAM_BACK_LEFT/n015-2018-11-21-19-38-26+0800__CAM_BACK_LEFT__1542800832897423.jpg", "samples/CAM_BACK/n015-2018-11-21-19-38-26+0800__CAM_BACK__1542800832887525.jpg", "samples/CAM_BACK_RIGHT/n015-2018-11-21-19-38-26+0800__CAM_BACK_RIGHT__1542800832877893.jpg"], "intrinsics": [[[1272.5979470598488, 0.0, 826.6154927353808], [0.0, 1272.5979470598488, 479.75165386361925], [0.0, 0.0, 1.0]], [[1266.417203046554, 0.0, 816.2670197447984], [0.0, 1266.417203046554, 491.50706579294757], [0.0, 0.0, 1.0]], [[1260.8474446004698, 0.0, 807.968244525554], [0.0, 1260.8474446004698, 495.3344268742088], [0.0, 0.0, 1.0]], [[1256.7414812095406, 0.0, 792.1125740759628], [0.0, 1256.7414812095406, 492.7757465151356], [0.0, 0.0, 1.0]], [[809.2209905677063, 0.0, 829.2196003259838], [0.0, 809.2209905677063, 481.77842384512485], [0.0, 0.0, 1.0]], [[1259.5137405846733, 0.0, 807.2529053838625], [0.0, 1259.5137405846733, 501.19579884916527], [0.0, 0.0, 1.0]]], "extrinsics": [[[0.8195545077323914, -0.5694819092750549, 0.06340967118740082, -0.9649658203125], [0.05849461257457733, -0.026934178546071053, -0.9979243278503418, 1.5082435607910156], [0.5700076818466187, 0.8215625286102295, 0.011237588711082935, -1.2802734375], [0.0, 0.0, 0.0, 1.0]], [[0.005792637821286917, -0.9994915127754211, 0.031354907900094986, 0.0050048828125], [0.053210824728012085, -0.03100292757153511, -0.9981018900871277, 1.5205307006835938], [0.9985663890838623, 0.007450046483427286, 0.05300417169928551, -1.6922607421875], [0.0, 0.0, 0.0, 1.0]], [[-0.8308612704277039, -0.554945170879364, -0.04129768908023834, 1.032470703125], [0.05882101505994797, -0.013784869574010372, -0.9981733560562134, 1.5036468505859375], [0.5533621311187744, -0.8317727446556091, 0.04409575089812279, -1.24871826171875], [0.0, 0.0, 0.0, 1.0]], [[0.9458445310592651, 0.3207710087299347, 0.04984038323163986, -1.1422119140625], [0.06748136878013611, -0.044108521193265915, -0.9967450499534607, 1.58856201171875], [-0.31752851605415344, 0.9461291432380676, -0.0633658692240715, -0.10369873046875], [0.0, 0.0, 0.0, 1.0]], [[0.0024861288256943226, 0.9994165301322937, -0.03406687453389168, 0.0028076171875], [0.04210962727665901, -0.03414139151573181, -0.9985295534133911, 1.5793571472167969], [-0.9991098642349243, 0.0010479579214006662, -0.04216