[{"images": ["samples/CAM_FRONT_LEFT/n008-2018-08-27-11-48-51-0400__CAM_FRONT_LEFT__1535385112104799.jpg", "samples/CAM_FRONT/n008-2018-08-27-11-48-51-0400__CAM_FRONT__1535385112112404.jpg", "samples/CAM_FRONT_RIGHT/n008-2018-08-27-11-48-51-0400__CAM_FRONT_RIGHT__1535385112120482.jpg", "samples/CAM_BACK_LEFT/n008-2018-08-27-11-48-51-0400__CAM_BACK_LEFT__1535385112147405.jpg", "samples/CAM_BACK/n008-2018-08-27-11-48-51-0400__CAM_BACK__1535385112137558.jpg", "samples/CAM_BACK_RIGHT/n008-2018-08-27-11-48-51-0400__CAM_BACK_RIGHT__1535385112128113.jpg"], "intrinsics": [[[1257.8625342125129, 0.0, 827.2410631095686], [0.0, 1257.8625342125129, 450.915498205774], [0.0, 0.0, 1.0]], [[1252.8131021185304, 0.0, 826.588114781398], [0.0, 1252.8131021185304, 469.9846626224581], [0.0, 0.0, 1.0]], [[1256.7485116440405, 0.0, 817.7887570959712], [0.0, 1256.7485116440403, 451.9541780095127], [0.0, 0.0, 1.0]], [[1254.9860565800168, 0.0, 829.5769333630991], [0.0, 1254.9860565800168, 467.1680561863987], [0.0, 0.0, 1.0]], [[796.8910634503094, 0.0, 857.7774326863696], [0.0, 796.8910634503094, 476.8848988407415], [0.0, 0.0, 1.0]], [[1249.9629280788233, 0.0, 825.3768045375984], [0.0, 1249.9629280788233, 462.54816385708756], [0.0, 0.0, 1.0]]], "extrinsics": [[[0.8223421573638916, -0.5689751505851746, -0.004552586004137993, -0.7132568359375], [-0.005357430316507816, 0.0002581478329375386, -0.9999855756759644, 1.4864015579223633], [0.5689681172370911, 0.8223547339439392, -0.0028359603602439165, -1.134765625], [0.0, 0.0, 0.0, 1.0]], [[0.00983915664255619, -0.9999444484710693, 0.0037780667189508677, 0.01007080078125], [-0.0034769256599247456, -0.00381243834272027, -0.9999867081642151, 1.4791574478149414], [0.9999455213546753, 0.00982589554041624, -0.0035142432898283005, -1.4429931640625], [0.0, 0.0, 0.0, 1.0]], [[-0.8443136811256409, -0.5358413457870483, 0.0029043310787528753, 0.8994140625], [0.004467697814106941, -0.012459312565624714, -0.9999123811721802, 1.4941004514694214], [0.535830557346344, -0.8442267775535583, 0.012913545593619347, -1.1551513671875], [0.0, 0.0, 0.0, 1.0]], [[0.9477865695953369, 0.3183373808860779, -0.0190271008759737, -1.13232421875], [-0.021012840792536736, 0.002804763615131378, -0.9997752904891968, 1.5617828369140625], [-0.31821250915527344, 0.947973370552063, 0.009347490966320038, -0.1599884033203125], [0.0, 0.0, 0.0, 1.0]], [[0.009514929726719856, 0.9999427795410156, -0.0048905787989497185, -0.02825927734375], [-0.018901078030467033, -0.004710078239440918, -0.9998102188110352, 1.56634521484375], [-0.9997761249542236, 0.009605562314391136, 0.018855182453989983, -0.04638671875], [0.0, 0.0, 0.0, 1.0]], [[-0.9235761165618896, 0.3834032714366913, 0.002999954391270876, 1.0069580078125], [-0.014646339230239391, -0.02746066451072693, -0.9995155930519104, 1.5453948974609375], [-0.3831351697444916, -0.9231727719306946, 0.030977468937635422, -0.1068115234375], [0.0, 0.0, 0.0, 1.0]]], "view": [[0.0, -2.0, 100.0], [-2.0, 0.0, 100.0], [0.0, 0.0, 1.0]], "bev": "bev_ddc53afb470a4c3ead61f4be71e4b51a.png", "aux": "aux_ddc53afb470a4c3ead61f4be71e4b51a.npz", "visibility": "visibility_ddc53afb470a4c3ead61f4be71e4b51a.png", "pose": [[0.9992743134498596, -0.038090139627456665, 0.0, 1936.91748046875], [0.038090139627456665, 0.9992743134498596, 0.0, 870.2217407226562], [0.0, 0.0, 1.0, 0.0], [0.0, 0.0, 0.0, 1.0]], "pose_inverse": [[0.9992743134498596, 0.038090139627456665, 0.0, -1968.65869140625], [-0.038090139627456665, 0.9992743134498596, 0.0, -795.812744140625], [0.0, 0.0, 1.0, 0.0], [0.0, 0.0, 0.0, 1.0]], "cam_ids": [0, 1, 2, 3, 4, 5], "cam_channels": ["CAM_FRONT_LEFT", "CAM_FRONT", "CAM_FRONT_RIGHT", "CAM_BACK_LEFT", "CAM_BACK", "CAM_BACK_RIGHT"], "token": "ddc53afb470a4c3ead61f4be71e4b51a", "scene": "scene-0656"}, {"images": ["samples/CAM_FRONT_LEFT/n008-2018-08-27-11-48-51-0400__CAM_FRONT_LEFT__1535385112604799.jpg", "samples/CAM_FRONT/n008-2018-08-27-11-48-51-0400__CAM_FRONT__1535385112612404.jpg", "samples/CAM_FRONT_RIGHT/n008-2018-08-27-11-48-51-0400__CAM_FRONT_RIGHT__1535385112620482.jpg", "samples/CAM_BACK_LEFT/n008-2018-08-27-11-48-51-0400__CAM_BACK_LEFT__1535385112647405.jpg", "samples/CAM_BACK/n008-2018-08-27-11-48-51-0400__CAM_BACK__1535385112637558.jpg", "samples/CAM_BACK_RIGHT/n008-2018-08-27-11-48-51-0400__CAM_BACK_RIGHT__1535385112628113.jpg"], "intrinsics": [[[1257.8625342125129, 0.0, 827.2410631095686], [0.0, 1257.8625342125129, 450.915498205774], [0.0, 0.0, 1.0]], [[1252.8131021185304, 0.0, 826.588114781398], [0.0, 1252.8131021185304, 469.9846626224581], [0.0, 0.0, 1.0]], [[1256.7485116440405, 0.0, 817.7887570959712], [0.0, 1256.7485116440403, 451.9541780095127], [0.0, 0.0, 1.0]], [[1254.9860565800168, 0.0, 829.5769333630991], [0.0, 1254.9860565800168, 467.1680561863987], [0.0, 0.0, 1.0]], [[796.8910634503094, 0.0, 857.7774326863696], [0.0, 796.8910634503094, 476.8848988407415], [0.0, 0.0, 1.0]], [[1249.9629280788233, 0.0, 825.3768045375984], [0.0, 1249.9629280788233, 462.54816385708756], [0.0, 0.0, 1.0]]], "extrinsics": [[[0.8227304220199585, -0.5684157013893127, -0.004286342766135931, -0.7838134765625], [-0.004070923198014498, 0.001648495439440012, -0.9999903440475464, 1.4871997833251953], [0.5684173107147217, 0.8227398991584778, -0.0009577109012752771, -1.181884765625], [0.0, 0.0, 0.0, 1.0]], [[0.010528398677706718, -0.9999414682388306, 0.0024906795006245375, 0.008544921875], [-0.0019226525910198689, -0.0025110559072345495, -0.9999949932098389, 1.479741096496582], [0.9999426603317261, 0.010523553006350994, -0.0019489768892526627, -1.512939453125], [0.0, 0.0, 0.0, 1.0]], [[-0.8439326286315918, -0.5364487767219543, 0.0007127076387405396, 0.94482421875], [0.006305646151304245, -0.01124839298427105, -0.9999168515205383, 1.4941715002059937], [0.5364121794700623, -0.8438579440116882, 0.012875540181994438, -1.184356689453125], [0.0, 0.0, 0.0, 1.0]], [[0.9478015899658203, 0.31843313574790955, -0.016503771767020226, -1.133544921875], [-0.018640073016285896, 0.003662616480141878, -0.9998195171356201, 1.56182861328125], [-0.3183152377605438, 0.9479382634162903, 0.009407052770256996, -0.1595306396484375], [0.0, 0.0, 0.0, 1.0]], [[0.00919960904866457, 0.9999499917030334, -0.003903957549482584, -0.02862548828125], [-0.016640737652778625, -0.0037504881620407104, -0.9998544454574585, 1.5668907165527344], [-0.9998192191123962, 0.009263233281672001, 0.016605403274297714, -0.0260009765625], [0.0, 0.0, 0.0, 1.0]], [[-0.9237958788871765, 0.38288211822509766, 0.0015468914061784744, 1.0430908203125], [-0.012601685710251331, -0.026366224512457848, -0.9995729327201843, 1.5462265014648438], [-0.3826777935028076, -0.9234208464622498, 0.02918197028338909, -0.0919189453125], [0.0, 0.0, 0.0, 1.0]]], "view": [[0.0, -2.0, 100.0], [-2.0, 0.0, 100.0], [0.0, 0.0, 1.0]], "bev": "bev_b12aec553f1943d0bfa5e5fdff6631e1.png", "aux": "aux_b12aec553f1943d0bfa5e5fdff6631e1.npz", "visibility": "visibility_b12aec553f1943d0bfa5e5fdff6631e1.png", "pose": [[0.9993219971656799, -0.036817409098148346, 0.0, 1940.3756103515625], [0.036817409098148346, 0.9993219971656799, 0.0, 870.3469848632812], [0.0, 0.0, 1.0, 0.0], [0.0, 0.0, 0.0, 1.0]], "pose_inverse": [[0.9993219971656799, 0.036817409098148346, 0.0, -1971.10400390625], [-0.036817409098148346, 0.9993219971656799, 0.0, -798.3173217773438], [0.0, 0.0, 1.0, 0.0], [0.0, 0.0, 0.0, 1.0]], "cam_ids": [0, 1, 2, 3, 4, 5], "cam_channels": ["CAM_FRONT_LEFT", "CAM_FRONT", "CAM_FRONT_RIGHT", "CAM_BACK_LEFT", "CAM_BACK", "CAM_BACK_RIGHT"], "token": "b12aec553f1943d0bfa5e5fdff6631e1", "scene": "scene-0656"}, {"images": ["samples/CAM_FRONT_LEFT/n008-2018-08-27-11-48-51-0400__CAM_FRONT_LEFT__1535385113104799.jpg", "samples/CAM_FRONT/n008-2018-08-27-11-48-51-0400__CAM_FRONT__1535385113112404.jpg", "samples/CAM_FRONT_RIGHT/n008-2018-08-27-11-48-51-0400__CAM_FRONT_RIGHT__1535385113120490.jpg", "samples/CAM_BACK_LEFT/n008-2018-08-27-11-48-51-0400__CAM_BACK_LEFT__1535385113147405.jpg", "samples/CAM_BACK/n008-2018-08-27-11-48-51-0400__CAM_BACK__1535385113137558.jpg", "samples/CAM_BACK_RIGHT/n008-2018-08-27-11-48-51-0400__CAM_BACK_RIGHT__1535385113128113.jpg"], "intrinsics": [[[1257.8625342125129, 0.0, 827.2410631095686], [0.0, 1257.8625342125129, 450.915498205774], [0.0, 0.0, 1.0]], [[1252.8131021185304, 0.0, 826.588114781398], [0.0, 1252.8131021185304, 469.9846626224581], [0.0, 0.0, 1.0]], [[1256.7485116440405, 0.0, 817.7887570959712], [0.0, 1256.7485116440403, 451.9541780095127], [0.0, 0.0, 1.0]], [[1254.9860565800168, 0.0, 829.5769333630991], [0.0, 1254.9860565800168, 467.1680561863987], [0.0, 0.0, 1.0]], [[796.8910634503094, 0.0, 857.7774326863696], [0.0, 796.8910634503094, 476.8848988407415], [0.0, 0.0, 1.0]], [[1249.9629280788233, 0.0, 825.3768045375984], [0.0, 1249.9629280788233, 462.54816385708756], [0.0, 0.0, 1.0]]], "extrinsics": [[[0.8230836391448975, -0.5679078102111816, -0.0037632673047482967, -0.8135986328125], [-0.0006027828785590827, 0.005752807483077049, -0.9999832510948181, 1.4881329536437988], [0.567919909954071, 0.823072075843811, 0.0043927151709795, -1.2059326171875], [0.0, 0.0, 0.0, 1.0]], [[0.011164654046297073, -0.9999369382858276, -0.001218814286403358, 0.01092529296875], [0.0016835497226566076, 0.0012376863742247224, -0.9999978542327881, 1.480482578277588], [0.9999362230300903, 0.01116257719695568, 0.0016972619341686368, -1.5443115234375], [0.0, 0.0, 0.0, 1.0]], [[-0.8435596823692322, -0.5370186567306519, -0.004260093905031681, 0.966796875], [0.010061905719339848, -0.0078732306137681, -0.9999183416366577, 1.4945917129516602], [0.5369413495063782, -0.8435336351394653, 0.012044969014823437, -1.19512939453125], [0.0, 0.0, 0.0, 1.0]], [[0.9478309154510498, 0.31856778264045715, -0.011448188684880733, -1.13525390625], [-0.01407164428383112, 0.005934955086559057, -0.9998833537101746, 1.561910629272461], [-0.3184627294540405, 0.9478814601898193, 0.010108105838298798, -0.15924072265625], [0.0, 0.0, 0.0, 1.0]], [[0.008881625719368458, 0.9999598264694214, -0.0012111967662349343, -0.02972412109375], [-0.012398739345371723, -0.00110102619510144, -0.999922513961792, 1.5673160552978516], [-0.9998837113380432, 0.008895955979824066, 0.012388463132083416, -0.015869140625], [0.0, 0.0, 0.0, 1.0]], [[-0.9240050911903381, 0.3823789358139038, -0.0009316264768131077, 1.0589599609375], [-0.008640473708510399, -0.02331504039466381, -0.99969083070755, 1.5469284057617188], [-0.3822823762893677, -0.9237114191055298, 0.024847153574228287, -0.0831298828125], [0.0, 0.0, 0.0, 1.0]]], "view": [[0.0, -2.0, 100.0], [-2.0, 0.0, 100.0], [0.0, 0.0, 1.0]], "bev": "bev_c88aebce22b8442d880cf0451c97a924.png", "aux": "aux_c88aebce22b8442d880cf0451c97a924.npz", "visibility": "visibility_c88aebce22b8442d880cf0451c97a924.png", "pose": [[0.9995489120483398, -0.030033593997359276, 0.0, 1943.1241455078125], [0.030033593997359276, 0.9995489120483398, 0.0, 870.4026489257812], [0.0, 0.0, 1.0, 0.0], [0.0, 0.0, 0.0, 1.0]], "pose_inverse": [[0.9995489120483398, 0.030033593997359276, 0.0, -1968.388916015625], [-0.030033593997359276, 0.9995489120483398, 0.0, -811.6510009765625], [0.0, 0.0, 1.0, 0.0], [0.0, 0.0, 0.0, 1.0]], "cam_ids": [0, 1, 2, 3, 4, 5], "cam_channels": ["CAM_FRONT_LEFT", "CAM_FRONT", "CAM_FRONT_RIGHT", "CAM_BACK_LEFT", "CAM_BACK", "CAM_BACK_RIGHT"], "token": "c88aebce22b8442d880cf0451c97a924", "scene": "scene-0656"}, {"images": ["samples/CAM_FRONT_LEFT/n008-2018-08-27-11-48-51-0400__CAM_FRONT_LEFT__1535385113604799.jpg", "samples/CAM_FRONT/n008-2018-08-27-11-48-51-0400__CAM_FRONT__1535385113612407.jpg", "samples/CAM_FRONT_RIGHT/n008-2018-08-27-11-48-51-0400__CAM_FRONT_RIGHT__1535385113620482.jpg", "samples/CAM_BACK_LEFT/n008-2018-08-27-11-48-51-0400__CAM_BACK_LEFT__1535385113647405.jpg", "samples/CAM_BACK/n008-2018-08-27-11-48-51-0400__CAM_BACK__1535385113637558.jpg", "samples/CAM_BACK_RIGHT/n008-2018-08-27-11-48-51-0400__CAM_BACK_RIGHT__1535385113628113.jpg"], "intrinsics": [[[1257.8625342125129, 0.0, 827.2410631095686], [0.0, 1257.8625342125129, 450.915498205774], [0.0, 0.0, 1.0]], [[1252.8131021185304, 0.0, 826.588114781398], [0.0, 1252.8131021185304, 469.9846626224581], [0.0, 0.0, 1.0]], [[1256.7485116440405, 0.0, 817.7887570959712], [0.0, 1256.7485116440403, 451.9541780095127], [0.0, 0.0, 1.0]], [[1254.9860565800168, 0.0, 829.5769333630991], [0.0, 1254.9860565800168, 467.1680561863987], [0.0, 0.0, 1.0]], [[796.8910634503094, 0.0, 857.7774326863696], [0.0, 796.8910634503094, 476.8848988407415], [0.0, 0.0, 1.0]], [[1249.9629280788233, 0.0, 825.3768045375984], [0.0, 1249.9629280788233, 462.54816385708756], [0.0, 0.0, 1.0]]], "extrinsics": [[[0.8230768442153931, -0.5678934454917908, 0.006455880124121904, -0.846923828125], [0.00979526061564684, 0.002829243429005146, -0.9999480247497559, 1.4901580810546875], [0.5678455829620361, 0.8230973482131958, 0.00789134856313467, -1.2265625], [0.0, 0.0, 0.0, 1.0]], [[0.01101955771446228, -0.999937891960144, 0.0016874175053089857, 0.00836181640625], [0.011550559662282467, -0.001560118282213807, -0.999932050704956, 1.481964111328125], [0.999872624874115, 0.011038299649953842, 0.011532650329172611, -1.578857421875], [0.0, 0.0, 0.0, 1.0]], [[-0.8436555862426758, -0.5367786884307861, -0.010675417259335518, 0.990966796875], [0.01935660094022751, -0.010539688169956207, -0.9997570514678955, 1.4953727722167969], [0.536535918712616, -0.8436572551727295, 0.019282078370451927, -1.21307373046875], [0.0, 0.0, 0.0, 1.0]], [[0.947864294052124, 0.3186272382736206, -0.005477537866681814, -1.135498046875], [-0.006908365525305271, 0.0033607175573706627, -0.9999704957008362, 1.5619802474975586], [-0.3185994029045105, 0.947874128818512, 0.005386697594076395, -0.1591033935546875], [0.0, 0.0, 0.0, 1.0]], [[0.008979707024991512, 0.9999529123306274, -0.003694255603477359, -0.02874755859375], [-0.004475386813282967, -0.0036541775334626436, -0.9999833106994629, 1.567845344543457], [-0.9999496936798096, 0.008996088057756424, 0.004442363046109676, -0.00439453125], [0.0, 0.0, 0.0, 1.0]], [[-0.9238699674606323, 0.38257747888565063, -0.00993991456925869, 1.079833984375], [2.9951192118460312e-05, -0.025900401175022125, -0.9996645450592041, 1.5478267669677734], [-0.38270655274391174, -0.9235603213310242, 0.023917142301797867, -0.0765380859375], [0.0, 0.0, 0.0, 1.0]]], "view": [[0.0, -2.0, 100.0], [-2.0, 0.0, 100.0], [0.0, 0.0, 1.0]], "bev": "bev_a615505da1af456b987d9f543d1a2476.png", "aux": "aux_a615505da1af456b987d9f543d1a2476.npz", "visibility": "visibility_a615505da1af456b987d9f543d1a2476.png", "pose": [[0.9996852278709412, -0.02508915588259697, 0.0, 1945.507080078125], [0.02508915588259697, 0.9996852278709412, 0.0, 870.4369506835938], [0.0, 0.0, 1.0, 0.0], [0.0, 0.0, 0.0, 1.0]], "pose_inverse": [[0.9996852278709412, 0.02508915588259697, 0.0, -1966.733154296875], [-0.02508915588259697, 0.9996852278709412, 0.0, -821.351806640625], [0.0, 0.0, 1.0, 0.0], [0.0, 0.0, 0.0, 1.0]], "cam_ids": [0, 1, 2, 3, 4, 5], "cam_channels": ["CAM_FRONT_LEFT", "CAM_FRONT", "CAM_FRONT_RIGHT", "CAM_BACK_LEFT", "CAM_BACK", "CAM_BACK_RIGHT"], "token": "a615505da1af456b987d9f543d1a2476", "scene": "scene-0656"}, {"images": ["samples/CAM_FRONT_LEFT/n008-2018-08-27-11-48-51-0400__CAM_FRONT_LEFT__1535385114104799.jpg", "samples/CAM_FRONT/n008-2018-08-27-11-48-51-0400__CAM_FRONT__1535385114112404.jpg", "samples/CAM_FRONT_RIGHT/n008-2018-08-27-11-48-51-0400__CAM_FRONT_RIGHT__1535385114120482.jpg", "samples/CAM_BACK_LEFT/n008-2018-08-27-11-48-51-0400__CAM_BACK_LEFT__1535385114147405.jpg", "samples/CAM_BACK/n008-2018-08-27-11-48-51-0400__CAM_BACK__1535385114137558.jpg", "samples/CAM_BACK_RIGHT/n008-2018-08-27-11-48-51-0400__CAM_BACK_RIGHT__1535385114128113.jpg"], "intrinsics": [[[1257.8625342125129, 0.0, 827.2410631095686], [0.0, 1257.8625342125129, 450.915498205774], [0.0, 0.0, 1.0]], [[1252.8131021185304, 0.0, 826.588114781398], [0.0, 1252.8131021185304, 469.9846626224581], [0.0, 0.0, 1.0]], [[1256.7485116440405, 0.0, 817.7887570959712], [0.0, 1256.7485116440403, 451.9541780095127], [0.0, 0.0, 1.0]], [[1254.9860565800168, 0.0, 829.5769333630991], [0.0, 1254.9860565800168, 467.1680561863987], [0.0, 0.0, 1.0]], [[796.8910634503094, 0.0, 857.7774326863696], [0.0, 796.8910634503094, 476.8848988407415], [0.0, 0.0, 1.0]], [[1249.9629280788233, 0.0, 825.3768045375984], [0.0, 1249.9629280788233, 462.54816385708756], [0.0, 0.0, 1.0]]], "extrinsics": [[[0.8224360942840576, -0.5687180757522583, 0.012589032761752605, -0.8568115234375], [0.010173346847295761, -0.007422139868140221, -0.9999207258224487, 1.490128517150879], [0.5687664151191711, 0.8224990367889404, -0.0003184707020409405, -1.232177734375], [0.0, 0.0, 0.0, 1.0]], [[0.010059259831905365, -0.9998822212219238, 0.011593535542488098, 0.007568359375], [0.012002107687294483, -0.011472555808722973, -0.9998621344566345, 1.4819602966308594], [0.9998773336410522, 0.010197021067142487, 0.011885288171470165, -1.5858154296875], [0.0, 0.0, 0.0, 1.0]], [[-0.8440715074539185, -0.5361969470977783, -0.006014810409396887, 0.99267578125], [0.019888104870915413, -0.020094437524676323, -0.9996002316474915, 1.4953975677490234], [0.5358617901802063, -0.8438536524772644, 0.027625085785984993, -1.214752197265625], [0.0, 0.0, 0.0, 1.0]], [[0.9478859901428223, 0.3185346722602844, -0.006919861305505037, -1.13623046875], [-0.00560301449149847, -0.0050501455552875996, -0.9999715685844421, 1.561995506286621], [-0.3185606002807617, 0.947897732257843, -0.003002205863595009, -0.1587982177734375], [0.0, 0.0, 0.0, 1.0]], [[0.009296366013586521, 0.9998788833618164, -0.012476572766900063, -0.02862548828125], [-0.003496079007163644, -0.01244453713297844, -0.9999164342880249, 1.5678958892822266], [-0.9999507069587708, 0.009339209645986557, 0.003379966365173459, -0.0037841796875], [0.0, 0.0, 0.0, 1.0]], [[-0.923640787601471, 0.38299739360809326, -0.014161359518766403, 1.081298828125], [0.0007586448336951435, -0.03512270003557205, -0.999382734298706, 1.5478858947753906], [-0.38325831294059753, -0.9230814576148987, 0.03215020149946213, -0.076416015625], [0.0, 0.0, 0.0, 1.0]]], "view": [[0.0, -2.0, 100.0], [-2.0, 0.0, 100.0], [0.0, 0.0, 1.0]], "bev": "bev_acb2f7441cee418db6fe229794824999.png", "aux": "aux_acb2f7441cee418db6fe229794824999.npz", "visibility": "visibility_acb2f7441cee418db6fe229794824999.png", "pose": [[0.999820351600647, -0.01895437203347683, 0.0, 1947.6241455078125], [0.01895437203347683, 0.999820351600647, 0.0, 870.4498291015625], [0.0, 0.0, 1.0, 0.0], [0.0, 0.0, 0.0, 1.0]], "pose_inverse": [[0.999820351600647, 0.01895437203347683, 0.0, -1963.7730712890625], [-0.01895437203347683, 0.999820351600647, 0.0, -833.37744140625], [0.0, 0.0, 1.0, 0.0], [0.0, 0.0, 0.0, 1.0]], "cam_ids": [0, 1, 2, 3, 4, 5], "cam_channels": ["CAM_FRONT_LEFT", "CAM_FRONT", "CAM_FRONT_RIGHT", "CAM_BACK_LEFT", "CAM_BACK", "CAM_BACK_RIGHT"], "token": "acb2f7441cee418db6fe229794824999", "scene": "scene-0656"}, {"images": ["samples/CAM_FRONT_LEFT/n008-2018-08-27-11-48-51-0400__CAM_FRONT_LEFT__1535385114604799.jpg", "samples/CAM_FRONT/n008-2018-08-27-11-48-51-0400__CAM_FRONT__1535385114612404.jpg", "samples/CAM_FRONT_RIGHT/n008-2018-08-27-11-48-51-0400__CAM_FRONT_RIGHT__1535385114620482.jpg", "samples/CAM_BACK_LEFT/n008-2018-08-27-11-48-51-0400__CAM_BACK_LEFT__1535385114647405.jpg", "samples/CAM_BACK/n008-2018-08-27-11-48-51-0400__CAM_BACK__1535385114637558.jpg", "samples/CAM_BACK_RIGHT/n008-2018-08-27-11-48-51-0400__CAM_BACK_RIGHT__1535385114628113.jpg"], "intrinsics": [[[1257.8625342125129, 0.0, 827.2410631095686], [0.0, 1257.8625342125129, 450.915498205774], [0.0, 0.0, 1.0]], [[1252.8131021185304, 0.0, 826.588114781398], [0.0, 1252.8131021185304, 469.9846626224581], [0.0, 0.0, 1.0]], [[1256.7485116440405, 0.0, 817.7887570959712], [0.0, 1256.7485116440403, 451.9541780095127], [0.0, 0.0, 1.0]], [[1254.9860565800168, 0.0, 829.5769333630991], [0.0, 1254.9860565800168, 467.1680561863987], [0.0, 0.0, 1.0]], [[796.8910634503094, 0.0, 857.7774326863696], [0.0, 796.8910634503094, 476.8848988407415], [0.0, 0.0, 1.0]], [[1249.9629280788233, 0.0, 825.3768045375984], [0.0, 1249.9629280788233, 462.54816385708756], [0.0, 0.0, 1.0]]], "extrinsics": [[[0.8229053616523743, -0.5678713917732239, 0.018678106367588043, -0.8460693359375], [0.013030346482992172, -0.01400307659059763, -0.9998170137405396, 1.4908065795898438], [0.5680291056632996, 0.8229982256889343, -0.0041236476972699165, -1.2230224609375], [0.0, 0.0, 0.0, 1.0]], [[0.010854173451662064, -0.9997720122337341, 0.018387367948889732, 0.0067138671875], [0.015105761587619781, -0.01822241209447384, -0.9997198581695557, 1.4825830459594727], [0.9998269081115723, 0.011128890328109264, 0.014904528856277466, -1.5743408203125], [0.0, 0.0, 0.0, 1.0]], [[-0.8436370491981506, -0.5368895530700684, -0.005116642918437719, 0.984130859375], [0.023255199193954468, -0.02701776660978794, -0.99936443567276, 1.4959907531738281], [0.5364100933074951, -0.8432198166847229, 0.03527866303920746, -1.210235595703125], [0.0, 0.0, 0.0, 1.0]], [[0.9478583931922913, 0.31864485144615173, -0.005464593879878521, -1.135986328125], [-0.0017129526240751147, -0.012052769772708416, -0.9999259114265442, 1.562026023864746], [-0.3186871111392975, 0.9477975368499756, -0.010878494009375572, -0.158843994140625], [0.0, 0.0, 0.0, 1.0]], [[0.008966878056526184, 0.9997689127922058, -0.01953684538602829, -0.0281982421875], [0.00023009651340544224, -0.019539693370461464, -0.9998090267181396, 1.568068504333496], [-0.9999597668647766, 0.008960669860243797, -0.00040525372605770826, -0.007080078125], [0.0, 0.0, 0.0, 1.0]], [[-0.9238146543502808, 0.3823113441467285, -0.02010902762413025, 1.075439453125], [0.004290964920073748, -0.04218260571360588, -0.9991006851196289, 1.5481948852539062], [-0.38281571865081787, -0.9230702519416809, 0.03732842579483986, -0.079345703125], [0.0, 0.0, 0.0, 1.0]]], "view": [[0.0, -2.0, 100.0], [-2.0, 0.0, 100.0], [0.0, 0.0, 1.0]], "bev": "bev_10ef1bd29fb74b4789e8a648fb30764f.png", "aux": "aux_10ef1bd29fb74b4789e8a648fb30764f.npz", "visibility": "visibility_10ef1bd29fb74b4789e8a648fb30764f.png", "pose": [[0.9998610019683838, -0.016672171652317047, 0.0, 1949.7603759765625], [0.016672171652317047, 0.9998610019683838, 0.0, 870.4937133789062], [0.0, 0.0, 1.0, 0.0], [0.0, 0.0, 0.0, 1.0]], "pose_inverse": [[0.9998610019683838, 0.016672171652317047, 0.0, -1964.00244140625], [-0.016672171652317047, 0.9998610019683838, 0.0, -837.865966796875], [0.0, 0.0, 1.0, 0.0], [0.0, 0.0, 0.0, 1.0]], "cam_ids": [0, 1, 2, 3, 4, 5], "cam_channels": ["CAM_FRONT_LEFT", "CAM_FRONT", "CAM_FRONT_RIGHT", "CAM_BACK_LEFT", "CAM_BACK", "CAM_BACK_RIGHT"], "token": "10ef1bd29fb74b4789e8a648fb30764f", "scene": "scene-0656"}, {"images": ["samples/CAM_FRONT_LEFT/n008-2018-08-27-11-48-51-0400__CAM_FRONT_LEFT__1535385115104799.jpg", "samples/CAM_FRONT/n008-2018-08-27-11-48-51-0400__CAM_FRONT__1535385115112404.jpg", "samples/CAM_FRONT_RIGHT/n008-2018-08-27-11-48-51-0400__CAM_FRONT_RIGHT__1535385115120482.jpg", "samples/CAM_BACK_LEFT/n008-2018-08-27-11-48-51-0400__CAM_BACK_LEFT__1535385115147405.jpg", "samples/CAM_BACK/n008-2018-08-27-11-48-51-0400__CAM_BACK__1535385115137558.jpg", "samples/CAM_BACK_RIGHT/n008-2018-08-27-11-48-51-0400__CAM_BACK_RIGHT__1535385115128113.jpg"], "intrinsics": [[[1257.8625342125129, 0.0, 827.2410631095686], [0.0, 1257.8625342125129, 450.915498205774], [0.0, 0.0, 1.0]], [[1252.8131021185304, 0.0, 826.588114781398], [0.0, 1252.8131021185304, 469.9846626224581], [0.0, 0.0, 1.0]], [[1256.7485116440405, 0.0, 817.7887570959712], [0.0, 1256.7485116440403, 451.9541780095127], [0.0, 0.0, 1.0]], [[1254.9860565800168, 0.0, 829.5769333630991], [0.0, 1254.9860565800168, 467.1680561863987], [0.0, 0.0, 1.0]], [[796.8910634503094, 0.0, 857.7774326863696], [0.0, 796.8910634503094, 476.8848988407415], [0.0, 0.0, 1.0]], [[1249.9629280788233, 0.0, 825.3768045375984], [0.0, 1249.9629280788233, 462.54816385708756], [0.0, 0.0, 1.0]]], "extrinsics": [[[0.8228806257247925, -0.5676685571670532, 0.024898383766412735, -0.8135986328125], [0.017521455883979797, -0.018447834998369217, -0.9996762871742249, 1.492380142211914], [0.5679441094398499, 0.8230504989624023, -0.005233987234532833, -1.2027587890625], [0.0, 0.0, 0.0, 1.0]], [[0.010916637256741524, -0.9996811151504517, 0.022770704701542854, 0.00860595703125], [0.019410686567425728, -0.022555911913514137, -0.9995571374893188, 1.483926773071289], [0.9997519850730896, 0.011353794485330582, 0.01915826089680195, -1.542236328125], [0.0, 0.0, 0.0, 1.0]], [[-0.8435196280479431, -0.5370611548423767, -0.006311649456620216, 0.964111328125], [0.027360323816537857, -0.03123064711689949, -0.9991376399993896, 1.4972248077392578], [0.5364008545875549, -0.8429650068283081, 0.04103782773017883, -1.196014404296875], [0.0, 0.0, 0.0, 1.0]], [[0.9478438496589661, 0.3187142014503479, -0.003640357404947281, -1.13525390625], [0.0015906597254797816, -0.0161510668694973, -0.9998683333396912, 1.5620594024658203], [-0.31873103976249695, 0.9477131366729736, -0.015815652906894684, -0.15924072265625], [0.0, 0.0, 0.0, 1.0]], [[0.008909416384994984, 0.9996822476387024, -0.023579858243465424, -0.0286865234375], [0.0038604536093771458, -0.023615004494786263, -0.999713659286499, 1.5683059692382812], [-0.9999528527259827, 0.008815835230052471, -0.004069623537361622, -0.01708984375], [0.0, 0.0, 0.0, 1.0]], [[-0.9237873554229736, 0.38206931948661804, -0.02529681846499443, 1.0579833984375], [0.008204856887459755, -0.04629865288734436, -0.9988939166069031, 1.5487556457519531], [-0.3828178942203522, -0.9229731559753418, 0.03963528946042061, -0.0855712890625], [0.0, 0.0, 0.0, 1.0]]], "view": [[0.0, -2.0, 100.0], [-2.0, 0.0, 100.0], [0.0, 0.0, 1.0]], "bev": "bev_29ea3927fdd740519d6bcf90ddb39321.png", "aux": "aux_29ea3927fdd740519d6bcf90ddb39321.npz", "visibility": "visibility_29ea3927fdd740519d6bcf90ddb39321.png", "pose": [[0.9999383091926575, -0.011106821708381176, 0.0, 1952.1181640625], [0.011106821708381176, 0.9999383091926575, 0.0, 870.5201416015625], [0.0, 0.0, 1.0, 0.0], [0.0, 0.0, 0.0, 1.0]], "pose_inverse": [[0.9999383091926575, 0.011106821708381176, 0.0, -1961.66650390625], [-0.011106821708381176, 0.9999383091926575, 0.0, -848.7846069335938], [0.0, 0.0, 1.0, 0.0], [0.0, 0.0, 0.0, 1.0]], "cam_ids": [0, 1, 2, 3, 4, 5], "cam_channels": ["CAM_FRONT_LEFT", "CAM_FRONT", "CAM_FRONT_RIGHT", "CAM_BACK_LEFT", "CAM_BACK", "CAM_BACK_RIGHT"], "token": "29ea3927fdd740519d6bcf90ddb39321", "scene": "scene-0656"}, {"images": ["samples/CAM_FRONT_LEFT/n008-2018-08-27-11-48-51-0400__CAM_FRONT_LEFT__1535385115604804.jpg", "samples/CAM_FRONT/n008-2018-08-27-11-48-51-0400__CAM_FRONT__1535385115612404.jpg", "samples/CAM_FRONT_RIGHT/n008-2018-08-27-11-48-51-0400__CAM_FRONT_RIGHT__1535385115620482.jpg", "samples/CAM_BACK_LEFT/n008-2018-08-27-11-48-51-0400__CAM_BACK_LEFT__1535385115647405.jpg", "samples/CAM_BACK/n008-2018-08-27-11-48-51-0400__CAM_BACK__1535385115637558.jpg", "samples/CAM_BACK_RIGHT/n008-2018-08-27-11-48-51-0400__CAM_BACK_RIGHT__1535385115628113.jpg"], "intrinsics": [[[1257.8625342125129, 0.0, 827.2410631095686], [0.0, 1257.8625342125129, 450.915498205774], [0.0, 0.0, 1.0]], [[1252.8131021185304, 0.0, 826.588114781398], [0.0, 1252.8131021185304, 469.9846626224581], [0.0, 0.0, 1.0]], [[1256.7485116440405, 0.0, 817.7887570959712], [0.0, 1256.7485116440403, 451.9541780095127], [0.0, 0.0, 1.0]], [[1254.9860565800168, 0.0, 829.5769333630991], [0.0, 1254.9860565800168, 467.1680561863987], [0.0, 0.0, 1.0]], [[796.8910634503094, 0.0, 857.7774326863696], [0.0, 796.8910634503094, 476.8848988407415], [0.0, 0.0, 1.0]], [[1249.9629280788233, 0.0, 825.3768045375984], [0.0, 1249.9629280788233, 462.54816385708756], [0.0, 0.0, 1.0]]], "extrinsics": [[[0.8228795528411865, -0.5678130984306335, 0.021393898874521255, -0.7764892578125], [0.01277950406074524, -0.019147563725709915, -0.9997349977493286, 1.4918670654296875], [0.5680723190307617, 0.8229348063468933, -0.008499767631292343, -1.1783447265625], [0.0, 0.0, 0.0, 1.0]], [[0.010849356651306152, -0.9996671676635742, 0.023407122120261192, 0.00982666015625], [0.014691905118525028, -0.023246612399816513, -0.9996218085289001, 1.4835786819458008], [0.9998332262039185, 0.01118914969265461, 0.01443480420857668, -1.50537109375], [0.0, 0.0, 0.0, 1.0]], [[-0.8436229228973389, -0.5369322896003723, -0.0019897460006177425, 0.939697265625], [0.02266579121351242, -0.03190935030579567, -0.9992337226867676, 1.4972095489501953], [0.536457359790802, -0.8430216312408447, 0.03908945992588997, -1.179595947265625], [0.0, 0.0, 0.0, 1.0]], [[0.9478626847267151, 0.31858038902282715, -0.007930170744657516, -1.1337890625], [-0.002787717618048191, -0.016594478860497475, -0.9998583793640137, 1.5620136260986328], [-0.31866690516471863, 0.9477505683898926, -0.01484117191284895, -0.15966796875], [0.0, 0.0, 0.0, 1.0]], [[0.008959000930190086, 0.999666690826416, -0.02421082928776741, -0.02899169921875], [-0.0006282570539042354, -0.024206165224313736, -0.9997067451477051, 1.568033218383789], [-0.9999596476554871, 0.00897158496081829, 0.0004111845337320119, -0.028564453125], [0.0, 0.0, 0.0, 1.0]], [[-0.9238355755805969, 0.38219740986824036, -0.021280838176608086, 1.037841796875], [0.0035826636012643576, -0.04695854336023331, -0.9988903999328613, 1.5483474731445312], [-0.38277262449264526, -0.922886848449707, 0.042012687772512436, -0.09326171875], [0.0, 0.0, 0.0, 1.0]]], "view": [[0.0, -2.0, 100.0], [-2.0, 0.0, 100.0], [0.0, 0.0, 1.0]], "bev": "bev_4b7155538b964cccabb7b6044a7a7b37.png", "aux": "aux_4b7155538b964cccabb7b6044a7a7b37.npz", "visibility": "visibility_4b7155538b964cccabb7b6044a7a7b37.png", "pose": [[0.9999822974205017, -0.005949275568127632, 0.0, 1954.977294921875], [0.005949275568127632, 0.9999822974205017, 0.0, 870.5363159179688], [0.0, 0.0, 1.0, 0.0], [0.0, 0.0, 0.0, 1.0]], "pose_inverse": [[0.9999822974205017, 0.005949275568127632, 0.0, -1960.1217041015625], [-0.005949275568127632, 0.9999822974205017, 0.0, -858.8901977539062], [0.0, 0.0, 1.0, 0.0], [0.0, 0.0, 0.0, 1.0]], "cam_ids": [0, 1, 2, 3, 4, 5], "cam_channels": ["CAM_FRONT_LEFT", "CAM_FRONT", "CAM_FRONT_RIGHT", "CAM_BACK_LEFT", "CAM_BACK", "CAM_BACK_RIGHT"], "token": "4b7155538b964cccabb7b6044a7a7b37", "scene": "scene-0656"}, {"images": ["samples/CAM_FRONT_LEFT/n008-2018-08-27-11-48-51-0400__CAM_FRONT_LEFT__1535385116104799.jpg", "samples/CAM_FRONT/n008-2018-08-27-11-48-51-0400__CAM_FRONT__1535385116112404.jpg", "samples/CAM_FRONT_RIGHT/n008-2018-08-27-11-48-51-0400__CAM_FRONT_RIGHT__1535385116120482.jpg", "samples/CAM_BACK_LEFT/n008-2018-08-27-11-48-51-0400__CAM_BACK_LEFT__1535385116147405.jpg", "samples/CAM_BACK/n008-2018-08-27-11-48-51-0400__CAM_BACK__1535385116137558.jpg", "samples/CAM_BACK_RIGHT/n008-2018-08-27-11-48-51-0400__CAM_BACK_RIGHT__1535385116128113.jpg"], "intrinsics": [[[1257.8625342125129, 0.0, 827.2410631095686], [0.0, 1257.8625342125129, 450.915498205774], [0.0, 0.0, 1.0]], [[1252.8131021185304, 0.0, 826.588114781398], [0.0, 1252.8131021185304, 469.9846626224581], [0.0, 0.0, 1.0]], [[1256.7485116440405, 0.0, 817.7887570959712], [0.0, 1256.7485116440403, 451.9541780095127], [0.0, 0.0, 1.0]], [[1254.9860565800168, 0.0, 829.5769333630991], [0.0, 1254.9860565800168, 467.1680561863987], [0.0, 0.0, 1.0]], [[796.8910634503094, 0.0, 857.7774326863696], [0.0, 796.8910634503094, 476.8848988407415], [0.0, 0.0, 1.0]], [[1249.9629280788233, 0.0, 825.3768045375984], [0.0, 1249.9629280788233, 462.54816385708756], [0.0, 0.0, 1.0]]], "extrinsics": [[[0.8223037123680115, -0.5688405632972717, 0.015393679030239582, -0.7579345703125], [0.009332497604191303, -0.013566965237259865, -0.9998644590377808, 1.4911189079284668], [0.5689722895622253, 0.8223358392715454, -0.00584746478125453, -1.1658935546875], [0.0, 0.0, 0.0, 1.0]], [[0.009925715625286102, -0.9997932314872742, 0.017741721123456955, 0.0101318359375], [0.0111862076446414, -0.01763046532869339, -0.9997819662094116, 1.4829816818237305], [0.9998881220817566, 0.010122014209628105, 0.01100890152156353, -1.486572265625], [0.0, 0.0, 0.0, 1.0]], [[-0.8440911769866943, -0.5361957550048828, -0.0020399456843733788, 0.92724609375], [0.01909969560801983, -0.02626468986272812, -0.9994725584983826, 1.4968318939208984], [0.5358593463897705, -0.8436849117279053, 0.03241096809506416, -1.17181396484375], [0.0, 0.0, 0.0, 1.0]], [[0.947887122631073, 0.31845587491989136, -0.009784788824617863, -1.130859375], [-0.006614134646952152, -0.011036145500838757, -0.999917209148407, 1.56195068359375], [-0.31853753328323364, 0.9478733539581299, -0.008354710415005684, -0.1607513427734375], [0.0, 0.0, 0.0, 1.0]], [[0.00930608157068491, 0.9997837543487549, -0.018593305721879005, -0.02886962890625], [-0.004377272445708513, -0.018553201109170914, -0.9998182654380798, 1.5677261352539062], [-0.9999470710754395, 0.00938577763736248, 0.004203668795526028, -0.035888671875], [0.0, 0.0, 0.0, 1.0]], [[-0.9236460328102112, 0.38292229175567627, -0.015763800591230392, 1.027587890625], [-5.824648178531788e-05, -0.041272517293691635, -0.999147891998291, 1.5478553771972656], [-0.3832465708255768, -0.9228581190109253, 0.03814350441098213, -0.0975341796875], [0.0, 0.0, 0.0, 1.0]]], "view": [[0.0, -2.0, 100.0], [-2.0, 0.0, 100.0], [0.0, 0.0, 1.0]], "bev": "bev_640482ea80884d73a0b110cf69504416.png", "aux": "aux_640482ea80884d73a0b110cf69504416.npz", "visibility": "visibility_640482ea80884d73a0b110cf69504416.png", "pose": [[0.9999625086784363, -0.008655773475766182, 0.0, 1958.244873046875], [0.008655773475766182, 0.9999625086784363, 0.0, 870.5421142578125], [0.0, 0.0, 1.0, 0.0], [0.0, 0.0, 0.0, 1.0]], "pose_inverse": [[0.9999625086784363, 0.008655773475766182, 0.0, -1965.706787109375], [-0.008655773475766182, 0.9999625086784363, 0.0, -853.5593872070312], [0.0, 0.0, 1.0, 0.0], [0.0, 0.0, 0.0, 1.0]], "cam_ids": [0, 1, 2, 3, 4, 5], "cam_channels": ["CAM_FRONT_LEFT", "CAM_FRONT", "CAM_FRONT_RIGHT", "CAM_BACK_LEFT", "CAM_BACK", "CAM_BACK_RIGHT"], "token": "640482ea80884d73a0b110cf69504416", "scene": "scene-0656"}, {"images": ["samples/CAM_FRONT_LEFT/n008-2018-08-27-11-48-51-0400__CAM_FRONT_LEFT__1535385116604799.jpg", "samples/CAM_FRONT/n008-2018-08-27-11-48-51-0400__CAM_FRONT__1535385116612404.jpg", "samples/CAM_FRONT_RIGHT/n008-2018-08-27-11-48-51-0400__CAM_FRONT_RIGHT__1535385116620482.jpg", "samples/CAM_BACK_LEFT/n008-2018-08-27-11-48-51-0400__CAM_BACK_LEFT__1535385116647405.jpg", "samples/CAM_BACK/n008-2018-08-27-11-48-51-0400__CAM_BACK__1535385116637558.jpg", "samples/CAM_BACK_RIGHT/n008-2018-08-27-11-48-51-0400__CAM_BACK_RIGHT__1535385116628113.jpg"], "intrinsics": [[[1257.8625342125129, 0.0, 827.2410631095686], [0.0, 1257.8625342125129, 450.915498205774], [0.0, 0.0, 1.0]], [[1252.8131021185304, 0.0, 826.588114781398], [0.0, 1252.8131021185304, 469.9846626224581], [0.0, 0.0, 1.0]], [[1256.7485116440405, 0.0, 817.7887570959712], [0.0, 1256.7485116440403, 451.9541780095127], [0.0, 0.0, 1.0]], [[1254.9860565800168, 0.0, 829.5769333630991], [0.0, 1254.9860565800168, 467.1680561863987], [0.0, 0.0, 1.0]], [[796.8910634503094, 0.0, 857.7774326863696], [0.0, 796.8910634503094, 476.8848988407415], [0.0, 0.0, 1.0]], [[1249.9629280788233, 0.0, 825.3768045375984], [0.0, 1249.9629280788233, 462.54816385708756], [0.0, 0.0, 1.0]]], "extrinsics": [[[0.8219490647315979, -0.5693732500076294, 0.0146200992166996, -0.732177734375], [0.006516002584248781, -0.01626705937087536, -0.9998464584350586, 1.4904813766479492], [0.5695237517356873, 0.8219181299209595, -0.009660659357905388, -1.14697265625], [0.0, 0.0, 0.0, 1.0]], [[0.009407669305801392, -0.9997438788414001, 0.020582789555191994, 0.009765625], [0.008463188074529171, -0.02050335705280304, -0.999754011631012, 1.4825359582901], [0.9999198913574219, 0.009579549543559551, 0.008268131874501705, -1.459228515625], [0.0, 0.0, 0.0, 1.0]], [[-0.8443247675895691, -0.535828709602356, 0.0018043541349470615, 0.90771484375], [0.01647230051457882, -0.02932150475680828, -0.999434232711792, 1.496694564819336], [0.5355785489082336, -0.8438174724578857, 0.033583205193281174, -1.15997314453125], [0.0, 0.0, 0.0, 1.0]], [[0.9478980898857117, 0.31830915808677673, -0.012984936125576496, -1.125732421875], [-0.008856838569045067, -0.014412705786526203, -0.9998568892478943, 1.5618782043457031], [-0.31845077872276306, 0.9478774070739746, -0.010842565447092056, -0.1622772216796875], [0.0, 0.0, 0.0, 1.0]], [[0.009482822380959988, 0.9997146725654602, -0.021925928071141243, -0.0284423828125], [-0.006655822042375803, -0.02186332270503044, -0.9997388124465942, 1.5674629211425781], [-0.9999328851699829, 0.009626280516386032, 0.006446596700698137, -0.04736328125], [0.0, 0.0, 0.0, 1.0]], [[-0.9235525131225586, 0.3831864297389984, -0.01479655597358942, 1.01123046875], [-0.0024407871533185244, -0.04445897415280342, -0.9990082383155823, 1.5474662780761719], [-0.38346418738365173, -0.9226003885269165, 0.04199547693133354, -0.104736328125], [0.0, 0.0, 0.0, 1.0]]], "view": [[0.0, -2.0, 100.0], [-2.0, 0.0, 100.0], [0.0, 0.0, 1.0]], "bev": "bev_a5084898a0724b39b4dd2ee5fcd5bd7b.png", "aux": "aux_a5084898a0724b39b4dd2ee5fcd5bd7b.npz", "visibility": "visibility_a5084898a0724b39b4dd2ee5fcd5bd7b.png", "pose": [[0.9998685717582703, -0.01621209643781185, 0.0, 1961.753662109375], [0.01621209643781185, 0.9998685717582703, 0.0, 870.5552368164062], [0.0, 0.0, 1.0, 0.0], [0.0, 0.0, 0.0, 1.0]], "pose_inverse": [[0.9998685717582703, 0.01621209643781185, 0.0, -1975.609375], [-0.01621209643781185, 0.9998685717582703, 0.0, -838.6366577148438], [0.0, 0.0, 1.0, 0.0], [0.0, 0.0, 0.0, 1.0]], "cam_ids": [0, 1, 2, 3, 4, 5], "cam_channels": ["CAM_FRONT_LEFT", "CAM_FRONT", "CAM_FRONT_RIGHT", "CAM_BACK_LEFT", "CAM_BACK", "CAM_BACK_RIGHT"], "token": "a5084898a0724b39b4dd2ee5fcd5bd7b", "scene": "scene-0656"}, {"images": ["samples/CAM_FRONT_LEFT/n008-2018-08-27-11-48-51-0400__CAM_FRONT_LEFT__1535385117104799.jpg", "samples/CAM_FRONT/n008-2018-08-27-11-48-51-0400__CAM_FRONT__1535385117112404.jpg", "samples/CAM_FRONT_RIGHT/n008-2018-08-27-11-48-51-0400__CAM_FRONT_RIGHT__1535385117120482.jpg", "samples/CAM_BACK_LEFT/n008-2018-08-27-11-48-51-0400__CAM_BACK_LEFT__1535385117147405.jpg", "samples/CAM_BACK/n008-2018-08-27-11-48-51-0400__CAM_BACK__1535385117137558.jpg", "samples/CAM_BACK_RIGHT/n008-2018-08-27-11-48-51-0400__CAM_BACK_RIGHT__1535385117128113.jpg"], "intrinsics": [[[1257.8625342125129, 0.0, 827.2410631095686], [0.0, 1257.8625342125129, 450.915498205774], [0.0, 0.0, 1.0]], [[1252.8131021185304, 0.0, 826.588114781398], [0.0, 1252.8131021185304, 469.9846626224581], [0.0, 0.0, 1.0]], [[1256.7485116440405, 0.0, 817.7887570959712], [0.0, 1256.7485116440403, 451.9541780095127], [0.0, 0.0, 1.0]], [[1254.9860565800168, 0.0, 829.5769333630991], [0.0, 1254.9860565800168, 467.1680561863987], [0.0, 0.0, 1.0]], [[796.8910634503094, 0.0, 857.7774326863696], [0.0, 796.8910634503094, 476.8848988407415], [0.0, 0.0, 1.0]], [[1249.9629280788233, 0.0, 825.3768045375984], [0.0, 1249.9629280788233, 462.54816385708756], [0.0, 0.0, 1.0]]], "extrinsics": [[[0.8218175172805786, -0.5695341229438782, 0.015709402039647102, -0.711181640625], [0.007315783761441708, -0.017021749168634415, -0.9998283386230469, 1.490912675857544], [0.5697038173675537, 0.8217915296554565, -0.009822185151278973, -1.1302490234375], [0.0, 0.0, 0.0, 1.0]], [[0.009073615074157715, -0.9997348189353943, 0.021163813769817352, 0.0081787109375], [0.009185267612338066, -0.021080462262034416, -0.9997355937957764, 1.482890248298645], [0.999916672706604, 0.009265609085559845, 0.008991556242108345, -1.4384765625], [0.0, 0.0, 0.0, 1.0]], [[-0.8445589542388916, -0.5354607105255127, 0.0014558251714333892, 0.894775390625], [0.01711576245725155, -0.029713179916143417, -0.9994118809700012, 1.4970283508300781], [0.5351890325546265, -0.8440373539924622, 0.03425934910774231, -1.15374755859375], [0.0, 0.0, 0.0, 1.0]], [[0.9479020237922668, 0.3183078467845917, -0.012721749022603035, -1.121826171875], [-0.00856561679393053, -0.014453266747295856, -0.9998588562011719, 1.5618419647216797], [-0.3184468150138855, 0.9478771686553955, -0.010973775759339333, -0.1636505126953125], [0.0, 0.0, 0.0, 1.0]], [[0.009686128236353397, 0.9997103214263916, -0.02203460782766342, -0.02777