[{"images": ["samples/CAM_FRONT_LEFT/n015-2018-08-01-15-10-21+0800__CAM_FRONT_LEFT__1533107707504844.jpg", "samples/CAM_FRONT/n015-2018-08-01-15-10-21+0800__CAM_FRONT__1533107707512460.jpg", "samples/CAM_FRONT_RIGHT/n015-2018-08-01-15-10-21+0800__CAM_FRONT_RIGHT__1533107707520339.jpg", "samples/CAM_BACK_LEFT/n015-2018-08-01-15-10-21+0800__CAM_BACK_LEFT__1533107707547423.jpg", "samples/CAM_BACK/n015-2018-08-01-15-10-21+0800__CAM_BACK__1533107707537525.jpg", "samples/CAM_BACK_RIGHT/n015-2018-08-01-15-10-21+0800__CAM_BACK_RIGHT__1533107707527893.jpg"], "intrinsics": [[[1272.5979470598488, 0.0, 826.6154927353808], [0.0, 1272.5979470598488, 479.75165386361925], [0.0, 0.0, 1.0]], [[1266.417203046554, 0.0, 816.2670197447984], [0.0, 1266.417203046554, 491.50706579294757], [0.0, 0.0, 1.0]], [[1260.8474446004698, 0.0, 807.968244525554], [0.0, 1260.8474446004698, 495.3344268742088], [0.0, 0.0, 1.0]], [[1256.7414812095406, 0.0, 792.1125740759628], [0.0, 1256.7414812095406, 492.7757465151356], [0.0, 0.0, 1.0]], [[809.2209905677063, 0.0, 829.2196003259838], [0.0, 809.2209905677063, 481.77842384512485], [0.0, 0.0, 1.0]], [[1259.5137405846733, 0.0, 807.2529053838625], [0.0, 1259.5137405846733, 501.19579884916527], [0.0, 0.0, 1.0]]], "extrinsics": [[[0.8212927579879761, -0.5701988339424133, 0.018746869638562202, -0.836761474609375], [0.0030804616399109364, -0.028427353128790855, -0.9995911121368408, 1.5087318420410156], [0.5704986453056335, 0.8210147023200989, -0.0215907022356987, -1.19140625], [0.0, 0.0, 0.0, 1.0]], [[0.0064437310211360455, -0.9994494915008545, 0.03254348784685135, 0.005859375], [-0.002223087940365076, -0.03255840018391609, -0.9994673728942871, 1.5202522277832031], [0.9999767541885376, 0.00636794650927186, -0.002431662054732442, -1.56414794921875], [0.0, 0.0, 0.0, 1.0]], [[-0.832564651966095, -0.5538983345031738, 0.0057256449945271015, 0.94970703125], [0.003380716312676668, -0.015417261980473995, -0.9998753666877747, 1.5039825439453125], [0.553917646408081, -0.832441508769989, 0.0147084416821599, -1.1937255859375], [0.0, 0.0, 0.0, 1.0]], [[0.9477540850639343, 0.3189847469329834, -0.0033232206478714943, -1.1416015625], [0.01201004907488823, -0.04609004408121109, -0.9988650679588318, 1.58856201171875], [-0.31877589225769043, 0.9466385245323181, -0.047513049095869064, -0.10400390625], [0.0, 0.0, 0.0, 1.0]], [[0.0022146599367260933, 0.9993501305580139, -0.03597912937402725, 0.0029296875], [-0.013378802686929703, -0.03594638779759407, -0.999264121055603, 1.5788726806640625], [-0.9999080300331116, 0.0026943928096443415, 0.013290497474372387, -0.0345458984375], [0.0, 0.0, 0.0, 1.0]], [[-0.9348886013031006, 0.35404032468795776, -0.025275327265262604, 1.0692214965820312], [0.019267186522483826, -0.0204854067414999, -0.9996044635772705, 1.5528326034545898], [-0.3544180691242218, -0.935005784034729, 0.012330211699008942, -0.089111328125], [0.0, 0.0, 0.0, 1.0]]], "view": [[0.0, -2.0, 100.0], [-2.0, 0.0, 100.0], [0.0, 0.0, 1.0]], "bev": "bev_6c202306c9f845ecb923e522e88d10f1.png", "aux": "aux_6c202306c9f845ecb923e522e88d10f1.npz", "visibility": "visibility_6c202306c9f845ecb923e522e88d10f1.png", "pose": [[-0.9983125329017639, 0.05807015672326088, 0.0, 587.0611572265625], [-0.05807015672326088, -0.9983125329017639, 0.0, 1463.37060546875], [0.0, 0.0, 1.0, 0.0], [0.0, 0.0, 0.0, 1.0]], "pose_inverse": [[-0.9983125329017639, -0.05807015672326088, 0.0, 671.0486450195312], [0.05807015672326088, -0.9983125329017639, 0.0, 1426.8104248046875], [0.0, 0.0, 1.0, 0.0], [0.0, 0.0, 0.0, 1.0]], "cam_ids": [0, 1, 2, 3, 4, 5], "cam_channels": ["CAM_FRONT_LEFT", "CAM_FRONT", "CAM_FRONT_RIGHT", "CAM_BACK_LEFT", "CAM_BACK", "CAM_BACK_RIGHT"], "token": "6c202306c9f845ecb923e522e88d10f1", "scene": "scene-0193"}, {"images": ["samples/CAM_FRONT_LEFT/n015-2018-08-01-15-10-21+0800__CAM_FRONT_LEFT__1533107708004844.jpg", "samples/CAM_FRONT/n015-2018-08-01-15-10-21+0800__CAM_FRONT__1533107708012460.jpg", "samples/CAM_FRONT_RIGHT/n015-2018-08-01-15-10-21+0800__CAM_FRONT_RIGHT__1533107708020339.jpg", "samples/CAM_BACK_LEFT/n015-2018-08-01-15-10-21+0800__CAM_BACK_LEFT__1533107708047428.jpg", "samples/CAM_BACK/n015-2018-08-01-15-10-21+0800__CAM_BACK__1533107708037525.jpg", "samples/CAM_BACK_RIGHT/n015-2018-08-01-15-10-21+0800__CAM_BACK_RIGHT__1533107708027914.jpg"], "intrinsics": [[[1272.5979470598488, 0.0, 826.6154927353808], [0.0, 1272.5979470598488, 479.75165386361925], [0.0, 0.0, 1.0]], [[1266.417203046554, 0.0, 816.2670197447984], [0.0, 1266.417203046554, 491.50706579294757], [0.0, 0.0, 1.0]], [[1260.8474446004698, 0.0, 807.968244525554], [0.0, 1260.8474446004698, 495.3344268742088], [0.0, 0.0, 1.0]], [[1256.7414812095406, 0.0, 792.1125740759628], [0.0, 1256.7414812095406, 492.7757465151356], [0.0, 0.0, 1.0]], [[809.2209905677063, 0.0, 829.2196003259838], [0.0, 809.2209905677063, 481.77842384512485], [0.0, 0.0, 1.0]], [[1259.5137405846733, 0.0, 807.2529053838625], [0.0, 1259.5137405846733, 501.19579884916527], [0.0, 0.0, 1.0]]], "extrinsics": [[[0.8215777277946472, -0.5697527527809143, 0.019795652478933334, -0.84735107421875], [0.003072153776884079, -0.030298154801130295, -0.9995361566543579, 1.5087089538574219], [0.570088267326355, 0.821257472038269, -0.02314191870391369, -1.199462890625], [0.0, 0.0, 0.0, 1.0]], [[0.006852370221167803, -0.9993893504142761, 0.03426285833120346, 0.00634765625], [-0.0022739090491086245, -0.034279149025678635, -0.9994097352027893, 1.5202865600585938], [0.9999739527702332, 0.006770413834601641, -0.0025074142031371593, -1.57513427734375], [0.0, 0.0, 0.0, 1.0]], [[-0.8323920369148254, -0.5541470646858215, 0.006680975668132305, 0.9571533203125], [0.003278485732153058, -0.016979176551103592, -0.9998504519462585, 1.5039501190185547], [0.5541775822639465, -0.8322456479072571, 0.015950096771121025, -1.19805908203125], [0.0, 0.0, 0.0, 1.0]], [[0.9477118849754333, 0.3191039562225342, -0.00385674717836082, -1.1436767578125], [0.011859448626637459, -0.04729336500167847, -0.9988105893135071, 1.5885353088378906], [-0.31890684366226196, 0.946539044380188, -0.04860488325357437, -0.1033935546875], [0.0, 0.0, 0.0, 1.0]], [[0.002070351503789425, 0.999302864074707, -0.03727739304304123, 0.002685546875], [-0.013551545329391956, -0.037246011197566986, -0.999214231967926, 1.57891845703125], [-0.9999060034751892, 0.0025738896802067757, 0.01346498541533947, -0.03076171875], [0.0, 0.0, 0.0, 1.0]], [[-0.9349697232246399, 0.35379931330680847, -0.025643901899456978, 1.0750503540039062], [0.019125139340758324, -0.021909678354859352, -0.9995770454406738, 1.5527076721191406], [-0.3542115092277527, -0.9350647330284119, 0.01371842622756958, -0.08642578125], [0.0, 0.0, 0.0, 1.0]]], "view": [[0.0, -2.0, 100.0], [-2.0, 0.0, 100.0], [0.0, 0.0, 1.0]], "bev": "bev_373690e5c4c1471ebb30e5c08242eb82.png", "aux": "aux_373690e5c4c1471ebb30e5c08242eb82.npz", "visibility": "visibility_373690e5c4c1471ebb30e5c08242eb82.png", "pose": [[-0.999023973941803, 0.044171810150146484, 0.0, 585.306884765625], [-0.044171810150146484, -0.999023973941803, 0.0, 1463.287353515625], [0.0, 0.0, 1.0, 0.0], [0.0, 0.0, 0.0, 1.0]], "pose_inverse": [[-0.999023973941803, -0.044171810150146484, 0.0, 649.3716430664062], [0.044171810150146484, -0.999023973941803, 0.0, 1436.0050048828125], [0.0, 0.0, 1.0, 0.0], [0.0, 0.0, 0.0, 1.0]], "cam_ids": [0, 1, 2, 3, 4, 5], "cam_channels": ["CAM_FRONT_LEFT", "CAM_FRONT", "CAM_FRONT_RIGHT", "CAM_BACK_LEFT", "CAM_BACK", "CAM_BACK_RIGHT"], "token": "373690e5c4c1471ebb30e5c08242eb82", "scene": "scene-0193"}, {"images": ["samples/CAM_FRONT_LEFT/n015-2018-08-01-15-10-21+0800__CAM_FRONT_LEFT__1533107708504844.jpg", "samples/CAM_FRONT/n015-2018-08-01-15-10-21+0800__CAM_FRONT__1533107708512460.jpg", "samples/CAM_FRONT_RIGHT/n015-2018-08-01-15-10-21+0800__CAM_FRONT_RIGHT__1533107708520339.jpg", "samples/CAM_BACK_LEFT/n015-2018-08-01-15-10-21+0800__CAM_BACK_LEFT__1533107708547423.jpg", "samples/CAM_BACK/n015-2018-08-01-15-10-21+0800__CAM_BACK__1533107708537525.jpg", "samples/CAM_BACK_RIGHT/n015-2018-08-01-15-10-21+0800__CAM_BACK_RIGHT__1533107708527893.jpg"], "intrinsics": [[[1272.5979470598488, 0.0, 826.6154927353808], [0.0, 1272.5979470598488, 479.75165386361925], [0.0, 0.0, 1.0]], [[1266.417203046554, 0.0, 816.2670197447984], [0.0, 1266.417203046554, 491.50706579294757], [0.0, 0.0, 1.0]], [[1260.8474446004698, 0.0, 807.968244525554], [0.0, 1260.8474446004698, 495.3344268742088], [0.0, 0.0, 1.0]], [[1256.7414812095406, 0.0, 792.1125740759628], [0.0, 1256.7414812095406, 492.7757465151356], [0.0, 0.0, 1.0]], [[809.2209905677063, 0.0, 829.2196003259838], [0.0, 809.2209905677063, 481.77842384512485], [0.0, 0.0, 1.0]], [[1259.5137405846733, 0.0, 807.2529053838625], [0.0, 1259.5137405846733, 501.19579884916527], [0.0, 0.0, 1.0]]], "extrinsics": [[[0.8213562965393066, -0.5699805617332458, 0.02226945385336876, -0.850494384765625], [0.00459793908521533, -0.032423846423625946, -0.999463677406311, 1.5088844299316406], [0.570396900177002, 0.8210182189941406, -0.02401079423725605, -1.2008056640625], [0.0, 0.0, 0.0, 1.0]], [[0.0065359692089259624, -0.9993168115615845, 0.036375492811203, 0.005615234375], [-0.0007187914452515543, -0.036380961537361145, -0.9993377923965454, 1.5204544067382812], [0.9999783635139465, 0.006505496799945831, -0.0009560853941366076, -1.578369140625], [0.0, 0.0, 0.0, 1.0]], [[-0.8325095772743225, -0.5539724826812744, 0.0065063489601016045, 0.959228515625], [0.004869432654231787, -0.019060403108596802, -0.9998064637184143, 1.504068374633789], [0.5539892315864563, -0.8323168158531189, 0.018565500155091286, -1.20025634765625], [0.0, 0.0, 0.0, 1.0]], [[0.9477602243423462, 0.31897029280662537, -0.0029372565913945436, -1.143798828125], [0.013371126726269722, -0.048926495015621185, -0.9987128376960754, 1.5885353088378906], [-0.31870341300964355, 0.9465010762214661, -0.05063557252287865, -0.1033935546875], [0.0, 0.0, 0.0, 1.0]], [[0.002217817585915327, 0.9992309808731079, -0.03914934769272804, 0.0028076171875], [-0.011969673447310925, -0.03912011906504631, -0.9991627931594849, 1.5789909362792969], [-0.9999258518218994, 0.0026845629326999187, 0.011873707175254822, -0.02862548828125], [0.0, 0.0, 0.0, 1.0]], [[-0.9348809719085693, 0.35386642813682556, -0.02786014974117279, 1.077911376953125], [0.020721185952425003, -0.023947838693857193, -0.9994984269142151, 1.5527381896972656], [-0.35435613989830017, -0.9349893927574158, 0.015055845491588116, -0.0859375], [0.0, 0.0, 0.0, 1.0]]], "view": [[0.0, -2.0, 100.0], [-2.0, 0.0, 100.0], [0.0, 0.0, 1.0]], "bev": "bev_d98c8cb1e5544658a1ff630cd59e9913.png", "aux": "aux_d98c8cb1e5544658a1ff630cd59e9913.npz", "visibility": "visibility_d98c8cb1e5544658a1ff630cd59e9913.png", "pose": [[-0.9995447993278503, 0.030170084908604622, 0.0, 583.6357421875], [-0.030170084908604622, -0.9995447993278503, 0.0, 1463.232421875], [0.0, 0.0, 1.0, 0.0], [0.0, 0.0, 0.0, 1.0]], "pose_inverse": [[-0.9995447993278503, -0.030170084908604622, 0.0, 627.5159301757812], [0.030170084908604622, -0.9995447993278503, 0.0, 1444.9580078125], [0.0, 0.0, 1.0, 0.0], [0.0, 0.0, 0.0, 1.0]], "cam_ids": [0, 1, 2, 3, 4, 5], "cam_channels": ["CAM_FRONT_LEFT", "CAM_FRONT", "CAM_FRONT_RIGHT", "CAM_BACK_LEFT", "CAM_BACK", "CAM_BACK_RIGHT"], "token": "d98c8cb1e5544658a1ff630cd59e9913", "scene": "scene-0193"}, {"images": ["samples/CAM_FRONT_LEFT/n015-2018-08-01-15-10-21+0800__CAM_FRONT_LEFT__1533107709004844.jpg", "samples/CAM_FRONT/n015-2018-08-01-15-10-21+0800__CAM_FRONT__1533107709012460.jpg", "samples/CAM_FRONT_RIGHT/n015-2018-08-01-15-10-21+0800__CAM_FRONT_RIGHT__1533107709020339.jpg", "samples/CAM_BACK_LEFT/n015-2018-08-01-15-10-21+0800__CAM_BACK_LEFT__1533107709047423.jpg", "samples/CAM_BACK/n015-2018-08-01-15-10-21+0800__CAM_BACK__1533107709037525.jpg", "samples/CAM_BACK_RIGHT/n015-2018-08-01-15-10-21+0800__CAM_BACK_RIGHT__1533107709027893.jpg"], "intrinsics": [[[1272.5979470598488, 0.0, 826.6154927353808], [0.0, 1272.5979470598488, 479.75165386361925], [0.0, 0.0, 1.0]], [[1266.417203046554, 0.0, 816.2670197447984], [0.0, 1266.417203046554, 491.50706579294757], [0.0, 0.0, 1.0]], [[1260.8474446004698, 0.0, 807.968244525554], [0.0, 1260.8474446004698, 495.3344268742088], [0.0, 0.0, 1.0]], [[1256.7414812095406, 0.0, 792.1125740759628], [0.0, 1256.7414812095406, 492.7757465151356], [0.0, 0.0, 1.0]], [[809.2209905677063, 0.0, 829.2196003259838], [0.0, 809.2209905677063, 481.77842384512485], [0.0, 0.0, 1.0]], [[1259.5137405846733, 0.0, 807.2529053838625], [0.0, 1259.5137405846733, 501.19579884916527], [0.0, 0.0, 1.0]]], "extrinsics": [[[0.8214483261108398, -0.5699437856674194, 0.01966514065861702, -0.8514404296875], [0.00042318957275711, -0.03387390822172165, -0.9994260668754578, 1.5083236694335938], [0.5702827572822571, 0.8209851384162903, -0.027584470808506012, -1.201904296875], [0.0, 0.0, 0.0, 1.0]], [[0.006660777609795332, -0.9992486834526062, 0.038179587572813034, 0.0059814453125], [-0.005053939763456583, -0.038213588297367096, -0.9992568492889404, 1.5199737548828125], [0.9999650716781616, 0.006462871562689543, -0.005304675083607435, -1.57916259765625], [0.0, 0.0, 0.0, 1.0]], [[-0.8325080275535583, -0.5538937449455261, 0.011489755474030972, 0.959716796875], [0.0003669857978820801, -0.021290486678481102, -0.9997732043266296, 1.503683090209961], [0.5540127754211426, -0.8323150277137756, 0.017927775159478188, -1.20013427734375], [0.0, 0.0, 0.0, 1.0]], [[0.9477623105049133, 0.31886422634124756, -0.00849802978336811, -1.144775390625], [0.008553395047783852, -0.05203716456890106, -0.9986085295677185, 1.588531494140625], [-0.3188627362251282, 0.9463708400726318, -0.05204623565077782, -0.10302734375], [0.0, 0.0, 0.0, 1.0]], [[0.0021457283291965723, 0.9991124272346497, -0.04206911101937294, 0.002685546875], [-0.01669919118285179, -0.042027540504932404, -0.9989768862724304, 1.5788497924804688], [-0.9998582005500793, 0.0028460538014769554, 0.016594188287854195, -0.02899169921875], [0.0, 0.0, 0.0, 1.0]], [[-0.9349668025970459, 0.3538919985294342, -0.024444930255413055, 1.077545166015625], [0.016090819612145424, -0.02653007209300995, -0.9995185136795044, 1.552459716796875], [-0.3543700873851776, -0.934909999370575, 0.01911032572388649, -0.085693359375], [0.0, 0.0, 0.0, 1.0]]], "view": [[0.0, -2.0, 100.0], [-2.0, 0.0, 100.0], [0.0, 0.0, 1.0]], "bev": "bev_228b693ada694982a7cf61e2c35e8ad3.png", "aux": "aux_228b693ada694982a7cf61e2c35e8ad3.npz", "visibility": "visibility_228b693ada694982a7cf61e2c35e8ad3.png", "pose": [[-0.9998744130134583, 0.015848396345973015, 0.0, 581.979736328125], [-0.015848396345973015, -0.9998744130134583, 0.0, 1463.1944580078125], [0.0, 0.0, 1.0, 0.0], [0.0, 0.0, 0.0, 1.0]], "pose_inverse": [[-0.9998744130134583, -0.015848396345973015, 0.0, 605.095947265625], [0.015848396345973015, -0.9998744130134583, 0.0, 1453.7872314453125], [0.0, 0.0, 1.0, 0.0], [0.0, 0.0, 0.0, 1.0]], "cam_ids": [0, 1, 2, 3, 4, 5], "cam_channels": ["CAM_FRONT_LEFT", "CAM_FRONT", "CAM_FRONT_RIGHT", "CAM_BACK_LEFT", "CAM_BACK", "CAM_BACK_RIGHT"], "token": "228b693ada694982a7cf61e2c35e8ad3", "scene": "scene-0193"}, {"images": ["samples/CAM_FRONT_LEFT/n015-2018-08-01-15-10-21+0800__CAM_FRONT_LEFT__1533107709404844.jpg", "samples/CAM_FRONT/n015-2018-08-01-15-10-21+0800__CAM_FRONT__1533107709412460.jpg", "samples/CAM_FRONT_RIGHT/n015-2018-08-01-15-10-21+0800__CAM_FRONT_RIGHT__1533107709420339.jpg", "samples/CAM_BACK_LEFT/n015-2018-08-01-15-10-21+0800__CAM_BACK_LEFT__1533107709447423.jpg", "samples/CAM_BACK/n015-2018-08-01-15-10-21+0800__CAM_BACK__1533107709437525.jpg", "samples/CAM_BACK_RIGHT/n015-2018-08-01-15-10-21+0800__CAM_BACK_RIGHT__1533107709427893.jpg"], "intrinsics": [[[1272.5979470598488, 0.0, 826.6154927353808], [0.0, 1272.5979470598488, 479.75165386361925], [0.0, 0.0, 1.0]], [[1266.417203046554, 0.0, 816.2670197447984], [0.0, 1266.417203046554, 491.50706579294757], [0.0, 0.0, 1.0]], [[1260.8474446004698, 0.0, 807.968244525554], [0.0, 1260.8474446004698, 495.3344268742088], [0.0, 0.0, 1.0]], [[1256.7414812095406, 0.0, 792.1125740759628], [0.0, 1256.7414812095406, 492.7757465151356], [0.0, 0.0, 1.0]], [[809.2209905677063, 0.0, 829.2196003259838], [0.0, 809.2209905677063, 481.77842384512485], [0.0, 0.0, 1.0]], [[1259.5137405846733, 0.0, 807.2529053838625], [0.0, 1259.5137405846733, 501.19579884916527], [0.0, 0.0, 1.0]]], "extrinsics": [[[0.8211726546287537, -0.5704501271247864, 0.016188740730285645, -0.842498779296875], [0.0011775506427511573, -0.026673665270209312, -0.9996435046195984, 1.5084228515625], [0.5706785917282104, 0.8208989500999451, -0.02123195119202137, -1.1953125], [0.0, 0.0, 0.0, 1.0]], [[0.006264657247811556, -0.9995090961456299, 0.030697066336870193, 0.006103515625], [-0.0042100208811461926, -0.030723758041858673, -0.9995191097259521, 1.5200233459472656], [0.9999714493751526, 0.006132409907877445, -0.004400428384542465, -1.56982421875], [0.0, 0.0, 0.0, 1.0]], [[-0.8326687812805176, -0.5537344217300415, 0.0063849566504359245, 0.9532470703125], [0.001310660969465971, -0.013500543311238289, -0.9999079704284668, 1.503774642944336], [0.5537697076797485, -0.8325837850570679, 0.011967238038778305, -1.1961669921875], [0.0, 0.0, 0.0, 1.0]], [[0.9477540850639343, 0.3189631700515747, -0.004975132644176483, -1.1431884765625], [0.00960905198007822, -0.04413384944200516, -0.998979389667511, 1.5885391235351562], [-0.31885719299316406, 0.9467389583587646, -0.044892970472574234, -0.103271484375], [0.0, 0.0, 0.0, 1.0]], [[0.002259496133774519, 0.9994198679924011, -0.033982548862695694, 0.0028076171875], [-0.015647906810045242, -0.033943139016628265, -0.9993012547492981, 1.5788192749023438], [-0.9998749494552612, 0.0027896736282855272, 0.01556213479489088, -0.03253173828125], [0.0, 0.0, 0.0, 1.0]], [[-0.9348764419555664, 0.354255735874176, -0.02255852334201336, 1.0721549987792969], [0.017107365652918816, -0.018512293696403503, -0.9996822476387024, 1.5526227951049805], [-0.35456082224845886, -0.9349653720855713, 0.011246326379477978, -0.0877685546875], [0.0, 0.0, 0.0, 1.0]]], "view": [[0.0, -2.0, 100.0], [-2.0, 0.0, 100.0], [0.0, 0.0, 1.0]], "bev": "bev_c0968eedc9c94ac8b8d5aaa47a60ea2a.png", "aux": "aux_c0968eedc9c94ac8b8d5aaa47a60ea2a.npz", "visibility": "visibility_c0968eedc9c94ac8b8d5aaa47a60ea2a.png", "pose": [[-0.9999658465385437, 0.008262033574283123, 0.0, 580.5894775390625], [-0.008262033574283123, -0.9999658465385437, 0.0, 1463.17724609375], [0.0, 0.0, 1.0, 0.0], [0.0, 0.0, 0.0, 1.0]], "pose_inverse": [[-0.9999658465385437, -0.008262033574283123, 0.0, 592.6585083007812], [0.008262033574283123, -0.9999658465385437, 0.0, 1458.3304443359375], [0.0, 0.0, 1.0, 0.0], [0.0, 0.0, 0.0, 1.0]], "cam_ids": [0, 1, 2, 3, 4, 5], "cam_channels": ["CAM_FRONT_LEFT", "CAM_FRONT", "CAM_FRONT_RIGHT", "CAM_BACK_LEFT", "CAM_BACK", "CAM_BACK_RIGHT"], "token": "c0968eedc9c94ac8b8d5aaa47a60ea2a", "scene": "scene-0193"}, {"images": ["samples/CAM_FRONT_LEFT/n015-2018-08-01-15-10-21+0800__CAM_FRONT_LEFT__1533107709904844.jpg", "samples/CAM_FRONT/n015-2018-08-01-15-10-21+0800__CAM_FRONT__1533107709912460.jpg", "samples/CAM_FRONT_RIGHT/n015-2018-08-01-15-10-21+0800__CAM_FRONT_RIGHT__1533107709920339.jpg", "samples/CAM_BACK_LEFT/n015-2018-08-01-15-10-21+0800__CAM_BACK_LEFT__1533107709947423.jpg", "samples/CAM_BACK/n015-2018-08-01-15-10-21+0800__CAM_BACK__1533107709937525.jpg", "samples/CAM_BACK_RIGHT/n015-2018-08-01-15-10-21+0800__CAM_BACK_RIGHT__1533107709927893.jpg"], "intrinsics": [[[1272.5979470598488, 0.0, 826.6154927353808], [0.0, 1272.5979470598488, 479.75165386361925], [0.0, 0.0, 1.0]], [[1266.417203046554, 0.0, 816.2670197447984], [0.0, 1266.417203046554, 491.50706579294757], [0.0, 0.0, 1.0]], [[1260.8474446004698, 0.0, 807.968244525554], [0.0, 1260.8474446004698, 495.3344268742088], [0.0, 0.0, 1.0]], [[1256.7414812095406, 0.0, 792.1125740759628], [0.0, 1256.7414812095406, 492.7757465151356], [0.0, 0.0, 1.0]], [[809.2209905677063, 0.0, 829.2196003259838], [0.0, 809.2209905677063, 481.77842384512485], [0.0, 0.0, 1.0]], [[1259.5137405846733, 0.0, 807.2529053838625], [0.0, 1259.5137405846733, 501.19579884916527], [0.0, 0.0, 1.0]]], "extrinsics": [[[0.8207177519798279, -0.5709036588668823, 0.022170087322592735, -0.825103759765625], [0.006110397633165121, -0.03003092296421528, -0.9995303153991699, 1.5093002319335938], [0.5713012218475342, 0.8204676508903503, -0.021158462390303612, -1.183349609375], [0.0, 0.0, 0.0, 1.0]], [[0.005625487770885229, -0.9994092583656311, 0.0339040644466877, 0.006103515625], [0.0008075405494309962, -0.033900052309036255, -0.999424934387207, 1.520660400390625], [0.9999837875366211, 0.005649631377309561, 0.0006163581274449825, -1.55328369140625], [0.0, 0.0, 0.0, 1.0]], [[-0.8328770399093628, -0.5534451603889465, 0.0037780466955155134, 0.9432373046875], [0.006426467560231686, -0.016496505588293076, -0.9998432397842407, 1.50433349609375], [0.5534206628799438, -0.8327222466468811, 0.017296260222792625, -1.18927001953125], [0.0, 0.0, 0.0, 1.0]], [[0.947712779045105, 0.3191240429878235, -0.0005863902042619884, -1.142578125], [0.01499050110578537, -0.04635308310389519, -0.9988126158714294, 1.5885505676269531], [-0.3187723159790039, 0.9465787410736084, -0.048713233321905136, -0.103759765625], [0.0, 0.0, 0.0, 1.0]], [[0.0024577006697654724, 0.9993301033973694, -0.0365142747759819, 0.0029296875], [-0.010371003299951553, -0.036486949771642685, -0.9992803335189819, 1.5789642333984375], [-0.999943196773529, 0.0028346215840429068, 0.010274382308125496, -0.0361328125], [0.0, 0.0, 0.0, 1.0]], [[-0.9346762895584106, 0.35436272621154785, -0.028410935774445534, 1.0646324157714844], [0.022298669442534447, -0.021321028470993042, -0.999523937702179, 1.5531597137451172], [-0.3547998070716858, -0.9348649978637695, 0.01202644407749176, -0.090576171875], [0.0, 0.0, 0.0, 1.0]]], "view": [[0.0, -2.0, 100.0], [-2.0, 0.0, 100.0], [0.0, 0.0, 1.0]], "bev": "bev_e3a8f2e641504aac8554d7161167ffd9.png", "aux": "aux_e3a8f2e641504aac8554d7161167ffd9.npz", "visibility": "visibility_e3a8f2e641504aac8554d7161167ffd9.png", "pose": [[-0.9999954104423523, 0.0030314773321151733, 0.0, 578.7171020507812], [-0.0030314773321151733, -0.9999954104423523, 0.0, 1463.175537109375], [0.0, 0.0, 1.0, 0.0], [0.0, 0.0, 0.0, 1.0]], "pose_inverse": [[-0.9999954104423523, -0.0030314773321151733, 0.0, 583.1500244140625], [0.0030314773321151733, -0.9999954104423523, 0.0, 1461.4144287109375], [0.0, 0.0, 1.0, 0.0], [0.0, 0.0, 0.0, 1.0]], "cam_ids": [0, 1, 2, 3, 4, 5], "cam_channels": ["CAM_FRONT_LEFT", "CAM_FRONT", "CAM_FRONT_RIGHT", "CAM_BACK_LEFT", "CAM_BACK", "CAM_BACK_RIGHT"], "token": "e3a8f2e641504aac8554d7161167ffd9", "scene": "scene-0193"}, {"images": ["samples/CAM_FRONT_LEFT/n015-2018-08-01-15-10-21+0800__CAM_FRONT_LEFT__1533107710404844.jpg", "samples/CAM_FRONT/n015-2018-08-01-15-10-21+0800__CAM_FRONT__1533107710412462.jpg", "samples/CAM_FRONT_RIGHT/n015-2018-08-01-15-10-21+0800__CAM_FRONT_RIGHT__1533107710420339.jpg", "samples/CAM_BACK_LEFT/n015-2018-08-01-15-10-21+0800__CAM_BACK_LEFT__1533107710447423.jpg", "samples/CAM_BACK/n015-2018-08-01-15-10-21+0800__CAM_BACK__1533107710437525.jpg", "samples/CAM_BACK_RIGHT/n015-2018-08-01-15-10-21+0800__CAM_BACK_RIGHT__1533107710428037.jpg"], "intrinsics": [[[1272.5979470598488, 0.0, 826.6154927353808], [0.0, 1272.5979470598488, 479.75165386361925], [0.0, 0.0, 1.0]], [[1266.417203046554, 0.0, 816.2670197447984], [0.0, 1266.417203046554, 491.50706579294757], [0.0, 0.0, 1.0]], [[1260.8474446004698, 0.0, 807.968244525554], [0.0, 1260.8474446004698, 495.3344268742088], [0.0, 0.0, 1.0]], [[1256.7414812095406, 0.0, 792.1125740759628], [0.0, 1256.7414812095406, 492.7757465151356], [0.0, 0.0, 1.0]], [[809.2209905677063, 0.0, 829.2196003259838], [0.0, 809.2209905677063, 481.77842384512485], [0.0, 0.0, 1.0]], [[1259.5137405846733, 0.0, 807.2529053838625], [0.0, 1259.5137405846733, 501.19579884916527], [0.0, 0.0, 1.0]]], "extrinsics": [[[0.8208085894584656, -0.570820152759552, 0.020922411233186722, -0.83282470703125], [0.004310924559831619, -0.0304370429366827, -0.9995273947715759, 1.5089683532714844], [0.5711871981620789, 0.8205108046531677, -0.022522220388054848, -1.189697265625], [0.0, 0.0, 0.0, 1.0]], [[0.005749574862420559, -0.9993907809257507, 0.03442273288965225, 0.0067138671875], [-0.001103695947676897, -0.03442962467670441, -0.9994065761566162, 1.520416259765625], [0.9999828934669495, 0.005708170589059591, -0.0013009795220568776, -1.56134033203125], [0.0, 0.0, 0.0, 1.0]], [[-0.8328523635864258, -0.5534645318984985, 0.0058320374228060246, 0.94873046875], [0.004397816024720669, -0.01715349778532982, -0.999843180179596, 1.5041027069091797], [0.5534778833389282, -0.8326960206031799, 0.01672036573290825, -1.1923828125], [0.0, 0.0, 0.0, 1.0]], [[0.9477522969245911, 0.31899261474609375, -0.0030558547005057335, -1.144775390625], [0.01270387228578329, -0.0473124124109745, -0.9987993240356445, 1.5885086059570312], [-0.3187541961669922, 0.9465755224227905, -0.04889288544654846, -0.1025390625], [0.0, 0.0, 0.0, 1.0]], [[0.002428659237921238, 0.9992977380752563, -0.037394311279058456, 0.0025634765625], [-0.012590277008712292, -0.03736090287566185, -0.9992225170135498, 1.5789260864257812], [-0.9999178051948547, 0.0028975754976272583, 0.012490696273744106, -0.03302001953125], [0.0, 0.0, 0.0, 1.0]], [[-0.9347341060638428, 0.3543441891670227, -0.02669120579957962, 1.0693607330322266], [0.020166488364338875, -0.02209422178566456, -0.9995524883270264, 1.5529022216796875], [-0.3547753393650055, -0.9348540902137756, 0.01350634265691042, -0.08837890625], [0.0, 0.0, 0.0, 1.0]]], "view": [[0.0, -2.0, 100.0], [-2.0, 0.0, 100.0], [0.0, 0.0, 1.0]], "bev": "bev_d5b4fd59fb934cceaa7582004adc50bc.png", "aux": "aux_d5b4fd59fb934cceaa7582004adc50bc.npz", "visibility": "visibility_d5b4fd59fb934cceaa7582004adc50bc.png", "pose": [[-0.9999983310699463, 0.0018330586608499289, 0.0, 576.7781372070312], [-0.0018330586608499289, -0.9999983310699463, 0.0, 1463.1763916015625], [0.0, 0.0, 1.0, 0.0], [0.0, 0.0, 0.0, 1.0]], "pose_inverse": [[-0.9999983310699463, -0.0018330586608499289, 0.0, 579.459228515625], [0.0018330586608499289, -0.9999983310699463, 0.0, 1462.11669921875], [0.0, 0.0, 1.0, 0.0], [0.0, 0.0, 0.0, 1.0]], "cam_ids": [0, 1, 2, 3, 4, 5], "cam_channels": ["CAM_FRONT_LEFT", "CAM_FRONT", "CAM_FRONT_RIGHT", "CAM_BACK_LEFT", "CAM_BACK", "CAM_BACK_RIGHT"], "token": "d5b4fd59fb934cceaa7582004adc50bc", "scene": "scene-0193"}, {"images": ["samples/CAM_FRONT_LEFT/n015-2018-08-01-15-10-21+0800__CAM_FRONT_LEFT__1533107710904844.jpg", "samples/CAM_FRONT/n015-2018-08-01-15-10-21+0800__CAM_FRONT__1533107710912460.jpg", "samples/CAM_FRONT_RIGHT/n015-2018-08-01-15-10-21+0800__CAM_FRONT_RIGHT__1533107710920339.jpg", "samples/CAM_BACK_LEFT/n015-2018-08-01-15-10-21+0800__CAM_BACK_LEFT__1533107710947423.jpg", "samples/CAM_BACK/n015-2018-08-01-15-10-21+0800__CAM_BACK__1533107710937525.jpg", "samples/CAM_BACK_RIGHT/n015-2018-08-01-15-10-21+0800__CAM_BACK_RIGHT__1533107710928440.jpg"], "intrinsics": [[[1272.5979470598488, 0.0, 826.6154927353808], [0.0, 1272.5979470598488, 479.75165386361925], [0.0, 0.0, 1.0]], [[1266.417203046554, 0.0, 816.2670197447984], [0.0, 1266.417203046554, 491.50706579294757], [0.0, 0.0, 1.0]], [[1260.8474446004698, 0.0, 807.968244525554], [0.0, 1260.8474446004698, 495.3344268742088], [0.0, 0.0, 1.0]], [[1256.7414812095406, 0.0, 792.1125740759628], [0.0, 1256.7414812095406, 492.7757465151356], [0.0, 0.0, 1.0]], [[809.2209905677063, 0.0, 829.2196003259838], [0.0, 809.2209905677063, 481.77842384512485], [0.0, 0.0, 1.0]], [[1259.5137405846733, 0.0, 807.2529053838625], [0.0, 1259.5137405846733, 501.19579884916527], [0.0, 0.0, 1.0]]], "extrinsics": [[[0.8207609057426453, -0.5709754824638367, 0.018398888409137726, -0.830352783203125], [0.00017400202341377735, -0.03195702284574509, -0.9994892477989197, 1.5082817077636719], [0.5712717771530151, 0.8203449249267578, -0.026129724457859993, -1.1868896484375], [0.0, 0.0, 0.0, 1.0]], [[0.005684290546923876, -0.999336838722229, 0.03596707433462143, 0.0059814453125], [-0.005093120038509369, -0.035996124148368835, -0.9993389844894409, 1.5198554992675781], [0.9999708533287048, 0.00549734802916646, -0.005294354632496834, -1.55804443359375], [0.0, 0.0, 0.0, 1.0]], [[-0.8329240679740906, -0.55329829454422, 0.009919200092554092, 0.946044921875], [0.0005627190112136304, -0.0187713410705328, -0.9998236298561096, 1.5037040710449219], [0.553386926651001, -0.8327715992927551, 0.015946457162499428, -1.191162109375], [0.0, 0.0, 0.0, 1.0]], [[0.9477481842041016, 0.31894949078559875, -0.006672278046607971, -1.14239501953125], [0.009471707977354527, -0.04903831705451012, -0.9987519979476929, 1.5885467529296875], [-0.3188786208629608, 0.9465022087097168, -0.04949697479605675, -0.1036376953125], [0.0, 0.0, 0.0, 1.0]], [[0.002415609546005726, 0.9992323517799377, -0.03910239040851593, 0.002685546875], [-0.016066651791334152, -0.03905867412686348, -0.9991077780723572, 1.578765869140625], [-0.9998680353164673, 0.003041698597371578, 0.0159599669277668, -0.035400390625], [0.0, 0.0, 0.0, 1.0]], [[-0.9347691535949707, 0.35445448756217957, -0.023844929412007332, 1.0686492919921875], [0.016489477828145027, -0.023757917806506157, -0.9995817542076111, 1.5526447296142578], [-0.35487279295921326, -0.9347714185714722, 0.016363397240638733, -0.0889892578125], [0.0, 0.0, 0.0, 1.0]]], "view": [[0.0, -2.0, 100.0], [-2.0, 0.0, 100.0], [0.0, 0.0, 1.0]], "bev": "bev_5a5d0179c79c4e469457da8e7f2b424b.png", "aux": "aux_5a5d0179c79c4e469457da8e7f2b424b.npz", "visibility": "visibility_5a5d0179c79c4e469457da8e7f2b424b.png", "pose": [[-0.9999973177909851, 0.0023151638451963663, 0.0, 574.8405151367188], [-0.0023151638451963663, -0.9999973177909851, 0.0, 1463.1756591796875], [0.0, 0.0, 1.0, 0.0], [0.0, 0.0, 0.0, 1.0]], "pose_inverse": [[-0.9999973177909851, -0.0023151638451963663, 0.0, 578.2264404296875], [0.0023151638451963663, -0.9999973177909851, 0.0, 1461.8409423828125], [0.0, 0.0, 1.0, 0.0], [0.0, 0.0, 0.0, 1.0]], "cam_ids": [0, 1, 2, 3, 4, 5], "cam_channels": ["CAM_FRONT_LEFT", "CAM_FRONT", "CAM_FRONT_RIGHT", "CAM_BACK_LEFT", "CAM_BACK", "CAM_BACK_RIGHT"], "token": "5a5d0179c79c4e469457da8e7f2b424b", "scene": "scene-0193"}, {"images": ["samples/CAM_FRONT_LEFT/n015-2018-08-01-15-10-21+0800__CAM_FRONT_LEFT__1533107711404844.jpg", "samples/CAM_FRONT/n015-2018-08-01-15-10-21+0800__CAM_FRONT__1533107711412466.jpg", "samples/CAM_FRONT_RIGHT/n015-2018-08-01-15-10-21+0800__CAM_FRONT_RIGHT__1533107711420339.jpg", "samples/CAM_BACK_LEFT/n015-2018-08-01-15-10-21+0800__CAM_BACK_LEFT__1533107711447423.jpg", "samples/CAM_BACK/n015-2018-08-01-15-10-21+0800__CAM_BACK__1533107711437525.jpg", "samples/CAM_BACK_RIGHT/n015-2018-08-01-15-10-21+0800__CAM_BACK_RIGHT__1533107711427893.jpg"], "intrinsics": [[[1272.5979470598488, 0.0, 826.6154927353808], [0.0, 1272.5979470598488, 479.75165386361925], [0.0, 0.0, 1.0]], [[1266.417203046554, 0.0, 816.2670197447984], [0.0, 1266.417203046554, 491.50706579294757], [0.0, 0.0, 1.0]], [[1260.8474446004698, 0.0, 807.968244525554], [0.0, 1260.8474446004698, 495.3344268742088], [0.0, 0.0, 1.0]], [[1256.7414812095406, 0.0, 792.1125740759628], [0.0, 1256.7414812095406, 492.7757465151356], [0.0, 0.0, 1.0]], [[809.2209905677063, 0.0, 829.2196003259838], [0.0, 809.2209905677063, 481.77842384512485], [0.0, 0.0, 1.0]], [[1259.5137405846733, 0.0, 807.2529053838625], [0.0, 1259.5137405846733, 501.19579884916527], [0.0, 0.0, 1.0]]], "extrinsics": [[[0.820612370967865, -0.5709325075149536, 0.025127826258540154, -0.8258056640625], [0.009783347137272358, -0.029928289353847504, -0.9995041489601135, 1.5098953247070312], [0.5714013576507568, 0.8204513192176819, -0.01897389255464077, -1.1827392578125], [0.0, 0.0, 0.0, 1.0]], [[0.005501211620867252, -0.9994035363197327, 0.034092213958501816, 0.00537109375], [0.004603818990290165, -0.0340670570731163, -0.9994089603424072, 1.5211601257324219], [0.9999741315841675, 0.005654914304614067, 0.0044136615470051765, -1.5535888671875], [0.0, 0.0, 0.0, 1.0]], [[-0.8328647017478943, -0.5534760355949402, 0.0007560439989902079, 0.943359375], [0.010351447388529778, -0.0169424656778574, -0.999802827835083, 1.5047416687011719], [0.5533797144889832, -0.8326926827430725, 0.019840063527226448, -1.19000244140625], [0.0, 0.0, 0.0, 1.0]], [[0.9477009773254395, 0.31914421916007996, 0.003144411137327552, -1.14697265625], [0.019378721714019775, -0.04770568013191223, -0.9986734390258789, 1.5884437561035156], [-0.3185708522796631, 0.9465046525001526, -0.05139532685279846, -0.101806640625], [0.0, 0.0, 0.0, 1.0]], [[0.0025385520420968533, 0.9992921352386475, -0.03753425553441048, 0.0030517578125], [-0.006159578915685415, -0.03751804307103157, -0.9992769360542297, 1.579132080078125], [-0.9999778270721436, 0.0027679114136844873, 0.006059976760298014, -0.03411865234375], [0.0, 0.0, 0.0, 1.0]], [[-0.9345777034759521, 0.35427621006965637, -0.0324467271566391, 1.0656452178955078], [0.026344459503889084, -0.02203545905649662, -0.9994100332260132, 1.5534334182739258], [-0.3547821342945099, -0.9348812103271484, 0.011260634288191795, -0.090576171875], [0.0, 0.0, 0.0, 1.0]]], "view": [[0.0, -2.0, 100.0], [-2.0, 0.0, 100.0], [0.0, 0.0, 1.0]], "bev": "bev_9acf9d7541c54564b7bce35a45c4d33c.png", "aux": "aux_9acf9d7541c54564b7bce35a45c4d33c.npz", "visibility": "visibility_9acf9d7541c54564b7bce35a45c4d33c.png", "pose": [[-0.9999936819076538, 0.003551261266693473, 0.0, 572.8846435546875], [-0.003551261266693473, -0.9999936819076538, 0.0, 1463.1697998046875], [0.0, 0.0, 1.0, 0.0], [0.0, 0.0, 0.0, 1.0]], "pose_inverse": [[-0.9999936819076538, -0.003551261266693473, 0.0, 578.0771484375], [0.003551261266693473, -0.9999936819076538, 0.0, 1461.1260986328125], [0.0, 0.0, 1.0, 0.0], [0.0, 0.0, 0.0, 1.0]], "cam_ids": [0, 1, 2, 3, 4, 5], "cam_channels": ["CAM_FRONT_LEFT", "CAM_FRONT", "CAM_FRONT_RIGHT", "CAM_BACK_LEFT", "CAM_BACK", "CAM_BACK_RIGHT"], "token": "9acf9d7541c54564b7bce35a45c4d33c", "scene": "scene-0193"}, {"images": ["samples/CAM_FRONT_LEFT/n015-2018-08-01-15-10-21+0800__CAM_FRONT_LEFT__1533107711904844.jpg", "samples/CAM_FRONT/n015-2018-08-01-15-10-21+0800__CAM_FRONT__1533107711912460.jpg", "samples/CAM_FRONT_RIGHT/n015-2018-08-01-15-10-21+0800__CAM_FRONT_RIGHT__1533107711920339.jpg", "samples/CAM_BACK_LEFT/n015-2018-08-01-15-10-21+0800__CAM_BACK_LEFT__1533107711947423.jpg", "samples/CAM_BACK/n015-2018-08-01-15-10-21+0800__CAM_BACK__1533107711937525.jpg", "samples/CAM_BACK_RIGHT/n015-2018-08-01-15-10-21+0800__CAM_BACK_RIGHT__1533107711927912.jpg"], "intrinsics": [[[1272.5979470598488, 0.0, 826.6154927353808], [0.0, 1272.5979470598488, 479.75165386361925], [0.0, 0.0, 1.0]], [[1266.417203046554, 0.0, 816.2670197447984], [0.0, 1266.417203046554, 491.50706579294757], [0.0, 0.0, 1.0]], [[1260.8474446004698, 0.0, 807.968244525554], [0.0, 1260.8474446004698, 495.3344268742088], [0.0, 0.0, 1.0]], [[1256.7414812095406, 0.0, 792.1125740759628], [0.0, 1256.7414812095406, 492.7757465151356], [0.0, 0.0, 1.0]], [[809.2209905677063, 0.0, 829.2196003259838], [0.0, 809.2209905677063, 481.77842384512485], [0.0, 0.0, 1.0]], [[1259.5137405846733, 0.0, 807.2529053838625], [0.0, 1259.5137405846733, 501.19579884916527], [0.0, 0.0, 1.0]]], "extrinsics": [[[0.8205939531326294, -0.5711889266967773, 0.019206048920750618, -0.81732177734375], [0.0025336102116853, -0.0299695897847414, -0.9995476007461548, 1.50872802734375], [0.5715060234069824, 0.820271372795105, -0.02314569242298603, -1.1785888671875], [0.0, 0.0, 0.0, 1.0]], [[0.00544079951941967, -0.99941086769104, 0.03388911485671997, 0.006591796875], [-0.0027250826824456453, -0.0339043103158474, -0.9994214177131653, 1.5201644897460938], [0.9999814629554749, 0.005345300771296024, -0.0029079436790198088, -1.54559326171875], [0.0, 0.0, 0.0, 1.0]], [[-0.8330023288726807, -0.5532286167144775, 0.006717042066156864, 0.9385986328125], [0.002943586092442274, -0.016572000458836555, -0.9998583197593689, 1.503988265991211], [0.5532614588737488, -0.8328646421432495, 0.01543299201875925, -1.18560791015625], [0.0, 0.0, 0.0, 1.0]], [[0.9477483034133911, 0.31899723410606384, -0.0037193293683230877, -1.14459228515625], [0.011717565357685089, -0.04645921662449837, -0.9988514184951782, 1.5885353088378906], [-0.318803608417511, 0.9466162919998169, -0.04776952043175697, -0.1031494140625], [0.0, 0.0, 0.0, 1.0]], [[0.002501862356439233, 0.9993252158164978, -0.03664623200893402, 0.002685546875], [-0.013749407604336739, -0.0366085022687912, -0.9992350935935974, 1.5788116455078125], [-0.9999023675918579, 0.0030038123950362206, 0.01364853885024786, -0.03778076171875], [0.0, 0.0, 0.0, 1.0]], [[-0.9346923232078552, 0.35456088185310364, -0.02523600123822689, 1.060689926147461], [0.01884981244802475, -0.021454524248838425, -0.999592125415802, 1.5529766082763672], [-0.3549576997756958, -0.9347867965698242, 0.013369970954954624, -0.091796875], [0.0, 0.0, 0.0, 1.0]]], "view": [[0.0, -2.0, 100.0], [-2.0, 0.0, 100.0], [0.0, 0.0, 1.0]], "bev": "bev_a0aec0b0f3d14a31a061f752bda35a8b.png", "aux": "aux_a0aec0b0f3d14a31a061f752bda35a8b.npz", "visibility": "visibility_a0aec0b0f3d14a31a061f752bda35a8b.png", "pose": [[-0.999984085559845, 0.0056441593915224075, 0.0, 570.8261108398438], [-0.0056441593915224075, -0.999984085559845, 0.0, 1463.16552734375], [0.0, 0.0, 1.0, 0.0], [0.0, 0.0, 0.0, 1.0]], "pose_inverse": [[-0.999984085559845, -0.0056441593915224075, 0.0, 579.0753784179688], [0.0056441593915224075, -0.999984085559845, 0.0, 1459.92041015625], [0.0, 0.0, 1.0, 0.0], [0.0, 0.0, 0.0, 1.0]], "cam_ids": [0, 1, 2, 3, 4, 5], "cam_channels": ["CAM_FRONT_LEFT", "CAM_FRONT", "CAM_FRONT_RIGHT", "CAM_BACK_LEFT", "CAM_BACK", "CAM_BACK_RIGHT"], "token": "a0aec0b0f3d14a31a061f752bda35a8b", "scene": "scene-0193"}, {"images": ["samples/CAM_FRONT_LEFT/n015-2018-08-01-15-10-21+0800__CAM_FRONT_LEFT__1533107712404844.jpg", "samples/CAM_FRONT/n015-2018-08-01-15-10-21+0800__CAM_FRONT__1533107712412460.jpg", "samples/CAM_FRONT_RIGHT/n015-2018-08-01-15-10-21+0800__CAM_FRONT_RIGHT__1533107712420339.jpg", "samples/CAM_BACK_LEFT/n015-2018-08-01-15-10-21+0800__CAM_BACK_LEFT__1533107712447423.jpg", "samples/CAM_BACK/n015-2018-08-01-15-10-21+0800__CAM_BACK__1533107712437759.jpg", "samples/CAM_BACK_RIGHT/n015-2018-08-01-15-10-21+0800__CAM_BACK_RIGHT__1533107712427899.jpg"], "intrinsics": [[[1272.5979470598488, 0.0, 826.6154927353808], [0.0, 1272.5979470598488, 479.75165386361925], [0.0, 0.0, 1.0]], [[1266.417203046554, 0.0, 816.2670197447984], [0.0, 1266.417203046554, 491.50706579294757], [0.0, 0.0, 1.0]], [[1260.8474446004698, 0.0, 807.968244525554], [0.0, 1260.8474446004698, 495.3344268742088], [0.0, 0.0, 1.0]], [[1256.7414812095406, 0.0, 792.1125740759628], [0.0, 1256.7414812095406, 492.7757465151356], [0.0, 0.0, 1.0]], [[809.2209905677063, 0.0, 829.2196003259838], [0.0, 809.2209905677063, 481.77842384512485], [0.0, 0.0, 1.0]], [[1259.5137405846733, 0.0, 807.2529053838625], [0.0, 1259.5137405846733, 501.19579884916527], [0.0, 0.0, 1.0]]], "extrinsics": [[[0.8207395672798157, -0.5709165334701538, 0.020994337275624275, -0.81463623046875], [0.007244439329952002, -0.02634483203291893, -0.999626636505127, 1.5095863342285156], [0.5712565183639526, 0.820585310459137, -0.01748627796769142, -1.1761474609375], [0.0, 0.0, 0.0, 1.0]], [[0.005664341617375612, -0.999520480632782, 0.03044123202562332, 0.00634765625], [0.001877219183370471, -0.03043104149401188, -0.9995351433753967, 1.5208320617675781], [0.9999821782112122, 0.005718852858990431, 0.0017039469676092267, -1.5426025390625], [0.0, 0.0, 0.0, 1.0]], [[-0.8328447937965393, -0.5535054802894592, 0.0011470380704849958, 0.9361572265625], [0.007428574375808239, -0.013249651528894901, -0.9998846054077148, 1.5045080184936523], [0.5534568428993225, -0.8327401876449585, 0.015146658755838871, -1.18438720703125], [0.0, 0.0, 0.0, 1.0]], [[0.9476717114448547, 0.3192450702190399, 0.001002727192826569, -1.1412353515625], [0.01582494005560875, -0.04383844509720802, -0.9989132881164551, 1.5885658264160156], [-0.3188541531562805, 0.946657657623291, -0.04659648612141609, -0.10400390625], [0.0, 0.0, 0.0, 1.0]], [[0.0024385510478168726, 0.9994275569915771, -0.0337454378604888