[{"images": ["samples/CAM_FRONT_LEFT/n015-2018-10-02-10-56-37+0800__CAM_FRONT_LEFT__1538449238354844.jpg", "samples/CAM_FRONT/n015-2018-10-02-10-56-37+0800__CAM_FRONT__1538449238362460.jpg", "samples/CAM_FRONT_RIGHT/n015-2018-10-02-10-56-37+0800__CAM_FRONT_RIGHT__1538449238370339.jpg", "samples/CAM_BACK_LEFT/n015-2018-10-02-10-56-37+0800__CAM_BACK_LEFT__1538449238397423.jpg", "samples/CAM_BACK/n015-2018-10-02-10-56-37+0800__CAM_BACK__1538449238387525.jpg", "samples/CAM_BACK_RIGHT/n015-2018-10-02-10-56-37+0800__CAM_BACK_RIGHT__1538449238377893.jpg"], "intrinsics": [[[1272.5979470598488, 0.0, 826.6154927353808], [0.0, 1272.5979470598488, 479.75165386361925], [0.0, 0.0, 1.0]], [[1266.417203046554, 0.0, 816.2670197447984], [0.0, 1266.417203046554, 491.50706579294757], [0.0, 0.0, 1.0]], [[1260.8474446004698, 0.0, 807.968244525554], [0.0, 1260.8474446004698, 495.3344268742088], [0.0, 0.0, 1.0]], [[1256.7414812095406, 0.0, 792.1125740759628], [0.0, 1256.7414812095406, 492.7757465151356], [0.0, 0.0, 1.0]], [[809.2209905677063, 0.0, 829.2196003259838], [0.0, 809.2209905677063, 481.77842384512485], [0.0, 0.0, 1.0]], [[1259.5137405846733, 0.0, 807.2529053838625], [0.0, 1259.5137405846733, 501.19579884916527], [0.0, 0.0, 1.0]]], "extrinsics": [[[0.8206122517585754, -0.5712047219276428, 0.017908846959471703, -0.96484375], [0.011174111627042294, -0.0152940284460783, -0.9998205900192261, 1.5082435607910156], [0.5713761448860168, 0.8206650614738464, -0.0061677624471485615, -1.2803955078125], [0.0, 0.0, 0.0, 1.0]], [[0.0054709757678210735, -0.9997971653938293, 0.01938384771347046, 0.0048828125], [0.005877665244042873, -0.01935165375471115, -0.9997954964637756, 1.5205230712890625], [0.9999677538871765, 0.005583814810961485, 0.005770599469542503, -1.692138671875], [0.0, 0.0, 0.0, 1.0]], [[-0.832883358001709, -0.5533847212791443, -0.008404477499425411, 1.0320587158203125], [0.011508519761264324, -0.002134777372702956, -0.9999314546585083, 1.5036449432373047], [0.5533287525177002, -0.8329230546951294, 0.008146659471094608, -1.248779296875], [0.0, 0.0, 0.0, 1.0]], [[0.9477179646492004, 0.3189885914325714, 0.008774527348577976, -1.1422119140625], [0.020182956010103226, -0.032476529479026794, -0.999268651008606, 1.58856201171875], [-0.3184702694416046, 0.9472019672393799, -0.03721672296524048, -0.103759765625], [0.0, 0.0, 0.0, 1.0]], [[0.0026711986865848303, 0.9997437596321106, -0.02247968502342701, 0.00244140625], [-0.005235340446233749, -0.022465474903583527, -0.9997339248657227, 1.5793571472167969], [-0.9999827146530151, 0.0027882694266736507, 0.0051739891059696674, 0.0020751953125], [0.0, 0.0, 0.0, 1.0]], [[-0.9345164895057678, 0.35480543971061707, -0.028145596385002136, 1.13623046875], [0.027395909652113914, -0.007137399632483721, -0.9995991587638855, 1.5514602661132812], [-0.35486412048339844, -0.9349129796028137, -0.003050199244171381, -0.063720703125], [0.0, 0.0, 0.0, 1.0]]], "view": [[0.0, -2.0, 100.0], [-2.0, 0.0, 100.0], [0.0, 0.0, 1.0]], "bev": "bev_a63dfc90208446299ae9ad8c528764f5.png", "aux": "aux_a63dfc90208446299ae9ad8c528764f5.npz", "visibility": "visibility_a63dfc90208446299ae9ad8c528764f5.png", "pose": [[0.5156819224357605, 0.8567801117897034, 0.0, 1587.0623779296875], [-0.8567801117897034, 0.5156819224357605, 0.0, 2883.249267578125], [0.0, 0.0, 1.0, 0.0], [0.0, 0.0, 0.0, 1.0]], "pose_inverse": [[0.5156819224357605, -0.8567801117897034, 0.0, 1651.8912353515625], [0.8567801117897034, 0.5156819224357605, 0.0, -2846.60302734375], [0.0, 0.0, 1.0, 0.0], [0.0, 0.0, 0.0, 1.0]], "cam_ids": [0, 1, 2, 3, 4, 5], "cam_channels": ["CAM_FRONT_LEFT", "CAM_FRONT", "CAM_FRONT_RIGHT", "CAM_BACK_LEFT", "CAM_BACK", "CAM_BACK_RIGHT"], "token": "a63dfc90208446299ae9ad8c528764f5", "scene": "scene-0790"}, {"images": ["samples/CAM_FRONT_LEFT/n015-2018-10-02-10-56-37+0800__CAM_FRONT_LEFT__1538449238854844.jpg", "samples/CAM_FRONT/n015-2018-10-02-10-56-37+0800__CAM_FRONT__1538449238862460.jpg", "samples/CAM_FRONT_RIGHT/n015-2018-10-02-10-56-37+0800__CAM_FRONT_RIGHT__1538449238870339.jpg", "samples/CAM_BACK_LEFT/n015-2018-10-02-10-56-37+0800__CAM_BACK_LEFT__1538449238897423.jpg", "samples/CAM_BACK/n015-2018-10-02-10-56-37+0800__CAM_BACK__1538449238887525.jpg", "samples/CAM_BACK_RIGHT/n015-2018-10-02-10-56-37+0800__CAM_BACK_RIGHT__1538449238877893.jpg"], "intrinsics": [[[1272.5979470598488, 0.0, 826.6154927353808], [0.0, 1272.5979470598488, 479.75165386361925], [0.0, 0.0, 1.0]], [[1266.417203046554, 0.0, 816.2670197447984], [0.0, 1266.417203046554, 491.50706579294757], [0.0, 0.0, 1.0]], [[1260.8474446004698, 0.0, 807.968244525554], [0.0, 1260.8474446004698, 495.3344268742088], [0.0, 0.0, 1.0]], [[1256.7414812095406, 0.0, 792.1125740759628], [0.0, 1256.7414812095406, 492.7757465151356], [0.0, 0.0, 1.0]], [[809.2209905677063, 0.0, 829.2196003259838], [0.0, 809.2209905677063, 481.77842384512485], [0.0, 0.0, 1.0]], [[1259.5137405846733, 0.0, 807.2529053838625], [0.0, 1259.5137405846733, 501.19579884916527], [0.0, 0.0, 1.0]]], "extrinsics": [[[0.8206133246421814, -0.5712016820907593, 0.01795347034931183, -0.965087890625], [0.011232937686145306, -0.015287663787603378, -0.9998200535774231, 1.5082473754882812], [0.5713734030723572, 0.8206673264503479, -0.006128988228738308, -1.2802734375], [0.0, 0.0, 0.0, 1.0]], [[0.005472046323120594, -0.9997972846031189, 0.019370609894394875, 0.005126953125], [0.005933568347245455, -0.0193380955606699, -0.9997954368591309, 1.5205307006835938], [0.9999673366546631, 0.005585911683738232, 0.005826546344906092, -1.692138671875], [0.0, 0.0, 0.0, 1.0]], [[-0.8328825831413269, -0.5533850789070129, -0.008449748158454895, 1.0323486328125], [0.011554754339158535, -0.002122552366927266, -0.9999309778213501, 1.5036449432373047], [0.5533289909362793, -0.8329227566719055, 0.008162068203091621, -1.24853515625], [0.0, 0.0, 0.0, 1.0]], [[0.9477193355560303, 0.31898388266563416, 0.008797764778137207, -1.142333984375], [0.020205527544021606, -0.03247135505080223, -0.9992683529853821, 1.5885543823242188], [-0.31846484541893005, 0.9472038149833679, -0.03721896559000015, -0.103759765625], [0.0, 0.0, 0.0, 1.0]], [[0.002671348862349987, 0.9997442960739136, -0.022457534447312355, 0.002685546875], [-0.005204061046242714, -0.022443410009145737, -0.9997345805168152, 1.5793533325195312], [-0.9999827742576599, 0.002787514589726925, 0.005142776761204004, 0.001708984375], [0.0, 0.0, 0.0, 1.0]], [[-0.9345158934593201, 0.3548051118850708, -0.028167586773633957, 1.13623046875], [0.027422677725553513, -0.007128846365958452, -0.9995985627174377, 1.55145263671875], [-0.3548635244369507, -0.9349130988121033, -0.003067687386646867, -0.063720703125], [0.0, 0.0, 0.0, 1.0]]], "view": [[0.0, -2.0, 100.0], [-2.0, 0.0, 100.0], [0.0, 0.0, 1.0]], "bev": "bev_f83e73dab0654bb2b2f42e2fbdd019df.png", "aux": "aux_f83e73dab0654bb2b2f42e2fbdd019df.npz", "visibility": "visibility_f83e73dab0654bb2b2f42e2fbdd019df.png", "pose": [[0.5156983137130737, 0.8567702174186707, 0.0, 1587.0623779296875], [-0.8567702174186707, 0.5156983137130737, 0.0, 2883.249267578125], [0.0, 0.0, 1.0, 0.0], [0.0, 0.0, 0.0, 1.0]], "pose_inverse": [[0.5156983137130737, -0.8567702174186707, 0.0, 1651.8367919921875], [0.8567702174186707, 0.5156983137130737, 0.0, -2846.634521484375], [0.0, 0.0, 1.0, 0.0], [0.0, 0.0, 0.0, 1.0]], "cam_ids": [0, 1, 2, 3, 4, 5], "cam_channels": ["CAM_FRONT_LEFT", "CAM_FRONT", "CAM_FRONT_RIGHT", "CAM_BACK_LEFT", "CAM_BACK", "CAM_BACK_RIGHT"], "token": "f83e73dab0654bb2b2f42e2fbdd019df", "scene": "scene-0790"}, {"images": ["samples/CAM_FRONT_LEFT/n015-2018-10-02-10-56-37+0800__CAM_FRONT_LEFT__1538449239354844.jpg", "samples/CAM_FRONT/n015-2018-10-02-10-56-37+0800__CAM_FRONT__1538449239362460.jpg", "samples/CAM_FRONT_RIGHT/n015-2018-10-02-10-56-37+0800__CAM_FRONT_RIGHT__1538449239370339.jpg", "samples/CAM_BACK_LEFT/n015-2018-10-02-10-56-37+0800__CAM_BACK_LEFT__1538449239397423.jpg", "samples/CAM_BACK/n015-2018-10-02-10-56-37+0800__CAM_BACK__1538449239387525.jpg", "samples/CAM_BACK_RIGHT/n015-2018-10-02-10-56-37+0800__CAM_BACK_RIGHT__1538449239377937.jpg"], "intrinsics": [[[1272.5979470598488, 0.0, 826.6154927353808], [0.0, 1272.5979470598488, 479.75165386361925], [0.0, 0.0, 1.0]], [[1266.417203046554, 0.0, 816.2670197447984], [0.0, 1266.417203046554, 491.50706579294757], [0.0, 0.0, 1.0]], [[1260.8474446004698, 0.0, 807.968244525554], [0.0, 1260.8474446004698, 495.3344268742088], [0.0, 0.0, 1.0]], [[1256.7414812095406, 0.0, 792.1125740759628], [0.0, 1256.7414812095406, 492.7757465151356], [0.0, 0.0, 1.0]], [[809.2209905677063, 0.0, 829.2196003259838], [0.0, 809.2209905677063, 481.77842384512485], [0.0, 0.0, 1.0]], [[1259.5137405846733, 0.0, 807.2529053838625], [0.0, 1259.5137405846733, 501.19579884916527], [0.0, 0.0, 1.0]]], "extrinsics": [[[0.820611298084259, -0.5711992383003235, 0.018125783652067184, -0.965087890625], [0.011314338073134422, -0.015472323633730412, -0.9998162388801575, 1.5082511901855469], [0.571374773979187, 0.8206655979156494, -0.0062340241856873035, -1.2802734375], [0.0, 0.0, 0.0, 1.0]], [[0.00547049893066287, -0.9997935891151428, 0.01956651732325554, 0.004638671875], [0.006016244646161795, -0.0195335503667593, -0.999791145324707, 1.5205307006835938], [0.9999668598175049, 0.005587159655988216, 0.005908145569264889, -1.69189453125], [0.0, 0.0, 0.0, 1.0]], [[-0.832881510257721, -0.5533875226974487, -0.008409316651523113, 1.0324554443359375], [0.011640802025794983, -0.002325106645002961, -0.9999295473098755, 1.503641128540039], [0.5533289313316345, -0.8329206705093384, 0.008378412574529648, -1.248779296875], [0.0, 0.0, 0.0, 1.0]], [[0.9477194547653198, 0.3189829885959625, 0.008811678737401962, -1.14208984375], [0.020294751971960068, -0.03269321843981743, -0.999259352684021, 1.58856201171875], [-0.318458616733551, 0.947196364402771, -0.03745768219232559, -0.10400390625], [0.0, 0.0, 0.0, 1.0]], [[0.0026748711243271828, 0.9997391104698181, -0.022682147100567818, 0.002685546875], [-0.005120532121509314, -0.02266823500394821, -0.9997299313545227, 1.5793609619140625], [-0.9999832510948181, 0.0027903025038540363, 0.0050585619173944, 0.0018310546875], [0.0, 0.0, 0.0, 1.0]], [[-0.9345129728317261, 0.3547995090484619, -0.02833252027630806, 1.136474609375], [0.027520855888724327, -0.007334929425269365, -0.9995943307876587, 1.5514450073242188], [-0.35486334562301636, -0.9349136352539062, -0.002909800037741661, -0.063720703125], [0.0, 0.0, 0.0, 1.0]]], "view": [[0.0, -2.0, 100.0], [-2.0, 0.0, 100.0], [0.0, 0.0, 1.0]], "bev": "bev_6aa8a9e7d46f42608fc2063b329a6eec.png", "aux": "aux_6aa8a9e7d46f42608fc2063b329a6eec.npz", "visibility": "visibility_6aa8a9e7d46f42608fc2063b329a6eec.png", "pose": [[0.5156911015510559, 0.8567745685577393, 0.0, 1587.0623779296875], [-0.8567745685577393, 0.5156911015510559, 0.0, 2883.249267578125], [0.0, 0.0, 1.0, 0.0], [0.0, 0.0, 0.0, 1.0]], "pose_inverse": [[0.5156911015510559, -0.8567745685577393, 0.0, 1651.8607177734375], [0.8567745685577393, 0.5156911015510559, 0.0, -2846.62060546875], [0.0, 0.0, 1.0, 0.0], [0.0, 0.0, 0.0, 1.0]], "cam_ids": [0, 1, 2, 3, 4, 5], "cam_channels": ["CAM_FRONT_LEFT", "CAM_FRONT", "CAM_FRONT_RIGHT", "CAM_BACK_LEFT", "CAM_BACK", "CAM_BACK_RIGHT"], "token": "6aa8a9e7d46f42608fc2063b329a6eec", "scene": "scene-0790"}, {"images": ["samples/CAM_FRONT_LEFT/n015-2018-10-02-10-56-37+0800__CAM_FRONT_LEFT__1538449239854844.jpg", "samples/CAM_FRONT/n015-2018-10-02-10-56-37+0800__CAM_FRONT__1538449239862460.jpg", "samples/CAM_FRONT_RIGHT/n015-2018-10-02-10-56-37+0800__CAM_FRONT_RIGHT__1538449239870339.jpg", "samples/CAM_BACK_LEFT/n015-2018-10-02-10-56-37+0800__CAM_BACK_LEFT__1538449239897423.jpg", "samples/CAM_BACK/n015-2018-10-02-10-56-37+0800__CAM_BACK__1538449239887525.jpg", "samples/CAM_BACK_RIGHT/n015-2018-10-02-10-56-37+0800__CAM_BACK_RIGHT__1538449239877893.jpg"], "intrinsics": [[[1272.5979470598488, 0.0, 826.6154927353808], [0.0, 1272.5979470598488, 479.75165386361925], [0.0, 0.0, 1.0]], [[1266.417203046554, 0.0, 816.2670197447984], [0.0, 1266.417203046554, 491.50706579294757], [0.0, 0.0, 1.0]], [[1260.8474446004698, 0.0, 807.968244525554], [0.0, 1260.8474446004698, 495.3344268742088], [0.0, 0.0, 1.0]], [[1256.7414812095406, 0.0, 792.1125740759628], [0.0, 1256.7414812095406, 492.7757465151356], [0.0, 0.0, 1.0]], [[809.2209905677063, 0.0, 829.2196003259838], [0.0, 809.2209905677063, 481.77842384512485], [0.0, 0.0, 1.0]], [[1259.5137405846733, 0.0, 807.2529053838625], [0.0, 1259.5137405846733, 501.19579884916527], [0.0, 0.0, 1.0]]], "extrinsics": [[[0.8205989003181458, -0.5712181329727173, 0.01808631606400013, -0.96484375], [0.011205922812223434, -0.015558716841042042, -0.9998161196708679, 1.5082511901855469], [0.5713946223258972, 0.8206506967544556, -0.006366438698023558, -1.2802734375], [0.0, 0.0, 0.0, 1.0]], [[0.005451719276607037, -0.999792218208313, 0.019641341641545296, 0.0048828125], [0.005914153065532446, -0.019609054550528526, -0.9997902512550354, 1.5205307006835938], [0.9999675750732422, 0.005566691979765892, 0.005806020926684141, -1.692138671875], [0.0, 0.0, 0.0, 1.0]], [[-0.8328912854194641, -0.5533744096755981, -0.008291985839605331, 1.0320281982421875], [0.011542576365172863, -0.0023895243648439646, -0.9999305009841919, 1.5036487579345703], [0.5533161759376526, -0.8329291343688965, 0.00837758183479309, -1.248779296875], [0.0, 0.0, 0.0, 1.0]], [[0.9477202296257019, 0.3189830780029297, 0.008720263838768005, -1.14208984375], [0.020214583724737167, -0.032741446048021317, -0.999259352684021, 1.5885543823242188], [-0.31846126914024353, 0.9471947550773621, -0.03747783973813057, -0.103759765625], [0.0, 0.0, 0.0, 1.0]], [[0.002679720986634493, 0.9997378587722778, -0.022738581523299217, 0.00244140625], [-0.005207400768995285, -0.02272440493106842, -0.9997282028198242, 1.5793495178222656], [-0.9999827742576599, 0.0027974394615739584, 0.005145142320543528, 0.0018310546875], [0.0, 0.0, 0.0, 1.0]], [[-0.9345114827156067, 0.3548091650009155, -0.028262032195925713, 1.136474609375], [0.027422208338975906, -0.007396269589662552, -0.9995965957641602, 1.55145263671875], [-0.35487499833106995, -0.9349095225334167, -0.002817750908434391, -0.063720703125], [0.0, 0.0, 0.0, 1.0]]], "view": [[0.0, -2.0, 100.0], [-2.0, 0.0, 100.0], [0.0, 0.0, 1.0]], "bev": "bev_763133776bec48778cd40b1b4adb767d.png", "aux": "aux_763133776bec48778cd40b1b4adb767d.npz", "visibility": "visibility_763133776bec48778cd40b1b4adb767d.png", "pose": [[0.5156566500663757, 0.8567953109741211, 0.0, 1587.0623779296875], [-0.8567953109741211, 0.5156566500663757, 0.0, 2883.249267578125], [0.0, 0.0, 1.0, 0.0], [0.0, 0.0, 0.0, 1.0]], "pose_inverse": [[0.5156566500663757, -0.8567953109741211, 0.0, 1651.9752197265625], [0.8567953109741211, 0.5156566500663757, 0.0, -2846.55419921875], [0.0, 0.0, 1.0, 0.0], [0.0, 0.0, 0.0, 1.0]], "cam_ids": [0, 1, 2, 3, 4, 5], "cam_channels": ["CAM_FRONT_LEFT", "CAM_FRONT", "CAM_FRONT_RIGHT", "CAM_BACK_LEFT", "CAM_BACK", "CAM_BACK_RIGHT"], "token": "763133776bec48778cd40b1b4adb767d", "scene": "scene-0790"}, {"images": ["samples/CAM_FRONT_LEFT/n015-2018-10-02-10-56-37+0800__CAM_FRONT_LEFT__1538449240404844.jpg", "samples/CAM_FRONT/n015-2018-10-02-10-56-37+0800__CAM_FRONT__1538449240412460.jpg", "samples/CAM_FRONT_RIGHT/n015-2018-10-02-10-56-37+0800__CAM_FRONT_RIGHT__1538449240420339.jpg", "samples/CAM_BACK_LEFT/n015-2018-10-02-10-56-37+0800__CAM_BACK_LEFT__1538449240447423.jpg", "samples/CAM_BACK/n015-2018-10-02-10-56-37+0800__CAM_BACK__1538449240437594.jpg", "samples/CAM_BACK_RIGHT/n015-2018-10-02-10-56-37+0800__CAM_BACK_RIGHT__1538449240427893.jpg"], "intrinsics": [[[1272.5979470598488, 0.0, 826.6154927353808], [0.0, 1272.5979470598488, 479.75165386361925], [0.0, 0.0, 1.0]], [[1266.417203046554, 0.0, 816.2670197447984], [0.0, 1266.417203046554, 491.50706579294757], [0.0, 0.0, 1.0]], [[1260.8474446004698, 0.0, 807.968244525554], [0.0, 1260.8474446004698, 495.3344268742088], [0.0, 0.0, 1.0]], [[1256.7414812095406, 0.0, 792.1125740759628], [0.0, 1256.7414812095406, 492.7757465151356], [0.0, 0.0, 1.0]], [[809.2209905677063, 0.0, 829.2196003259838], [0.0, 809.2209905677063, 481.77842384512485], [0.0, 0.0, 1.0]], [[1259.5137405846733, 0.0, 807.2529053838625], [0.0, 1259.5137405846733, 501.19579884916527], [0.0, 0.0, 1.0]]], "extrinsics": [[[0.8206055164337158, -0.5712095499038696, 0.018066484481096268, -0.965087890625], [0.011246562004089355, -0.015465762466192245, -0.9998171925544739, 1.5082511901855469], [0.5713844895362854, 0.8206585049629211, -0.006267145276069641, -1.2803955078125], [0.0, 0.0, 0.0, 1.0]], [[0.005462684668600559, -0.9997938275337219, 0.019554875791072845, 0.0048828125], [0.005950107239186764, -0.019522324204444885, -0.9997917413711548, 1.5205307006835938], [0.9999673962593079, 0.0055778720416128635, 0.005842236336320639, -1.6923828125], [0.0, 0.0, 0.0, 1.0]], [[-0.8328854441642761, -0.553382158279419, -0.008366591297090054, 1.0323486328125], [0.011578108184039593, -0.002308040391653776, -0.9999302625656128, 1.5036373138427734], [0.553324282169342, -0.8329242467880249, 0.008329452015459538, -1.248779296875], [0.0, 0.0, 0.0, 1.0]], [[0.9477177858352661, 0.31898850202560425, 0.008798318915069103, -1.1419677734375], [0.020261874422430992, -0.03263665363192558, -0.9992618560791016, 1.58856201171875], [-0.3184658885002136, 0.9471965432167053, -0.03739364072680473, -0.103515625], [0.0, 0.0, 0.0, 1.0]], [[0.002674388699233532, 0.9997401237487793, -0.02264142408967018, 0.0029296875], [-0.005155562423169613, -0.022627418860793114, -0.99973064661026, 1.5793571472167969], [-0.9999831318855286, 0.0027904051821678877, 0.005093706306070089, 0.001708984375], [0.0, 0.0, 0.0, 1.0]], [[-0.93451327085495, 0.3548041582107544, -0.028265200555324554, 1.136474609375], [0.027457738295197487, -0.007311549503356218, -0.9995962381362915, 1.5514450073242188], [-0.35486748814582825, -0.9349121451377869, -0.002909381641075015, -0.063720703125], [0.0, 0.0, 0.0, 1.0]]], "view": [[0.0, -2.0, 100.0], [-2.0, 0.0, 100.0], [0.0, 0.0, 1.0]], "bev": "bev_7abb05de241b4ae5b931462a88cbdf45.png", "aux": "aux_7abb05de241b4ae5b931462a88cbdf45.npz", "visibility": "visibility_7abb05de241b4ae5b931462a88cbdf45.png", "pose": [[0.5157016515731812, 0.8567682504653931, 0.0, 1587.0623779296875], [-0.8567682504653931, 0.5157016515731812, 0.0, 2883.249267578125], [0.0, 0.0, 1.0, 0.0], [0.0, 0.0, 0.0, 1.0]], "pose_inverse": [[0.5157016515731812, -0.8567682504653931, 0.0, 1651.82568359375], [0.8567682504653931, 0.5157016515731812, 0.0, -2846.64111328125], [0.0, 0.0, 1.0, 0.0], [0.0, 0.0, 0.0, 1.0]], "cam_ids": [0, 1, 2, 3, 4, 5], "cam_channels": ["CAM_FRONT_LEFT", "CAM_FRONT", "CAM_FRONT_RIGHT", "CAM_BACK_LEFT", "CAM_BACK", "CAM_BACK_RIGHT"], "token": "7abb05de241b4ae5b931462a88cbdf45", "scene": "scene-0790"}, {"images": ["samples/CAM_FRONT_LEFT/n015-2018-10-02-10-56-37+0800__CAM_FRONT_LEFT__1538449240904844.jpg", "samples/CAM_FRONT/n015-2018-10-02-10-56-37+0800__CAM_FRONT__1538449240912460.jpg", "samples/CAM_FRONT_RIGHT/n015-2018-10-02-10-56-37+0800__CAM_FRONT_RIGHT__1538449240920339.jpg", "samples/CAM_BACK_LEFT/n015-2018-10-02-10-56-37+0800__CAM_BACK_LEFT__1538449240947423.jpg", "samples/CAM_BACK/n015-2018-10-02-10-56-37+0800__CAM_BACK__1538449240937535.jpg", "samples/CAM_BACK_RIGHT/n015-2018-10-02-10-56-37+0800__CAM_BACK_RIGHT__1538449240927893.jpg"], "intrinsics": [[[1272.5979470598488, 0.0, 826.6154927353808], [0.0, 1272.5979470598488, 479.75165386361925], [0.0, 0.0, 1.0]], [[1266.417203046554, 0.0, 816.2670197447984], [0.0, 1266.417203046554, 491.50706579294757], [0.0, 0.0, 1.0]], [[1260.8474446004698, 0.0, 807.968244525554], [0.0, 1260.8474446004698, 495.3344268742088], [0.0, 0.0, 1.0]], [[1256.7414812095406, 0.0, 792.1125740759628], [0.0, 1256.7414812095406, 492.7757465151356], [0.0, 0.0, 1.0]], [[809.2209905677063, 0.0, 829.2196003259838], [0.0, 809.2209905677063, 481.77842384512485], [0.0, 0.0, 1.0]], [[1259.5137405846733, 0.0, 807.2529053838625], [0.0, 1259.5137405846733, 501.19579884916527], [0.0, 0.0, 1.0]]], "extrinsics": [[[0.8205981850624084, -0.5712186098098755, 0.018107201904058456, -0.96533203125], [0.011255023069679737, -0.015524742193520069, -0.9998161196708679, 1.5082473754882812], [0.5713947415351868, 0.820651113986969, -0.006310496479272842, -1.2803955078125], [0.0, 0.0, 0.0, 1.0]], [[0.005449856165796518, -0.999792754650116, 0.019613925367593765, 0.005126953125], [0.005960707552731037, -0.019581388682127, -0.9997905492782593, 1.5205307006835938], [0.9999672770500183, 0.005565668921917677, 0.005852756556123495, -1.692138671875], [0.0, 0.0, 0.0, 1.0]], [[-0.8328908681869507, -0.5533742904663086, -0.008344779722392559, 1.032257080078125], [0.011591198854148388, -0.002367310458794236, -0.9999299645423889, 1.5036430358886719], [0.5533158183097839, -0.8329293131828308, 0.008385983295738697, -1.248779296875], [0.0, 0.0, 0.0, 1.0]], [[0.9477196931838989, 0.3189834654331207, 0.00876050628721714, -1.14215087890625], [0.020247917622327805, -0.03271433338522911, -0.9992595911026001, 1.5885467529296875], [-0.31846073269844055, 0.9471954107284546, -0.03746277093887329, -0.103759765625], [0.0, 0.0, 0.0, 1.0]], [[0.0026810169219970703, 0.9997383952140808, -0.022715412080287933, 0.002685546875], [-0.005159641616046429, -0.022701360285282135, -0.9997289776802063, 1.5793609619140625], [-0.9999830722808838, 0.002797548659145832, 0.005097426474094391, 0.001708984375], [0.0, 0.0, 0.0, 1.0]], [[-0.9345101714134216, 0.35480961203575134, -0.028298228979110718, 1.136474609375], [0.027472319081425667, -0.007366257719695568, -0.9995954632759094, 1.5514602661132812], [-0.35487455129623413, -0.9349095821380615, -0.002863599918782711, -0.06396484375], [0.0, 0.0, 0.0, 1.0]]], "view": [[0.0, -2.0, 100.0], [-2.0, 0.0, 100.0], [0.0, 0.0, 1.0]], "bev": "bev_75e5c87026ae495eb07f0dcfcc7306bd.png", "aux": "aux_75e5c87026ae495eb07f0dcfcc7306bd.npz", "visibility": "visibility_75e5c87026ae495eb07f0dcfcc7306bd.png", "pose": [[0.5156589150428772, 0.8567939400672913, 0.0, 1587.0623779296875], [-0.8567939400672913, 0.5156589150428772, 0.0, 2883.249267578125], [0.0, 0.0, 1.0, 0.0], [0.0, 0.0, 0.0, 1.0]], "pose_inverse": [[0.5156589150428772, -0.8567939400672913, 0.0, 1651.9677734375], [0.8567939400672913, 0.5156589150428772, 0.0, -2846.55859375], [0.0, 0.0, 1.0, 0.0], [0.0, 0.0, 0.0, 1.0]], "cam_ids": [0, 1, 2, 3, 4, 5], "cam_channels": ["CAM_FRONT_LEFT", "CAM_FRONT", "CAM_FRONT_RIGHT", "CAM_BACK_LEFT", "CAM_BACK", "CAM_BACK_RIGHT"], "token": "75e5c87026ae495eb07f0dcfcc7306bd", "scene": "scene-0790"}, {"images": ["samples/CAM_FRONT_LEFT/n015-2018-10-02-10-56-37+0800__CAM_FRONT_LEFT__1538449241404844.jpg", "samples/CAM_FRONT/n015-2018-10-02-10-56-37+0800__CAM_FRONT__1538449241412460.jpg", "samples/CAM_FRONT_RIGHT/n015-2018-10-02-10-56-37+0800__CAM_FRONT_RIGHT__1538449241420339.jpg", "samples/CAM_BACK_LEFT/n015-2018-10-02-10-56-37+0800__CAM_BACK_LEFT__1538449241447423.jpg", "samples/CAM_BACK/n015-2018-10-02-10-56-37+0800__CAM_BACK__1538449241437525.jpg", "samples/CAM_BACK_RIGHT/n015-2018-10-02-10-56-37+0800__CAM_BACK_RIGHT__1538449241427893.jpg"], "intrinsics": [[[1272.5979470598488, 0.0, 826.6154927353808], [0.0, 1272.5979470598488, 479.75165386361925], [0.0, 0.0, 1.0]], [[1266.417203046554, 0.0, 816.2670197447984], [0.0, 1266.417203046554, 491.50706579294757], [0.0, 0.0, 1.0]], [[1260.8474446004698, 0.0, 807.968244525554], [0.0, 1260.8474446004698, 495.3344268742088], [0.0, 0.0, 1.0]], [[1256.7414812095406, 0.0, 792.1125740759628], [0.0, 1256.7414812095406, 492.7757465151356], [0.0, 0.0, 1.0]], [[809.2209905677063, 0.0, 829.2196003259838], [0.0, 809.2209905677063, 481.77842384512485], [0.0, 0.0, 1.0]], [[1259.5137405846733, 0.0, 807.2529053838625], [0.0, 1259.5137405846733, 501.19579884916527], [0.0, 0.0, 1.0]]], "extrinsics": [[[0.8206106424331665, -0.5712000131607056, 0.018133344128727913, -0.96533203125], [0.011273130774497986, -0.015544731169939041, -0.9998156428337097, 1.5082511901855469], [0.571376621723175, 0.8206636905670166, -0.006316957529634237, -1.280517578125], [0.0, 0.0, 0.0, 1.0]], [[0.005468510556966066, -0.9997923374176025, 0.019634617492556572, 0.005126953125], [0.005975508596748114, -0.019601892679929733, -0.9997900128364563, 1.5205307006835938], [0.9999671578407288, 0.0055847615003585815, 0.0058670733124017715, -1.692138671875], [0.0, 0.0, 0.0, 1.0]], [[-0.8328826427459717, -0.5533866882324219, -0.008342301473021507, 1.032257080078125], [0.011602218262851238, -0.002388149965554476, -0.9999297857284546, 1.5036487579345703], [0.5533279776573181, -0.832921028137207, 0.008409562520682812, -1.2490234375], [0.0, 0.0, 0.0, 1.0]], [[0.9477196335792542, 0.3189829885959625, 0.008793764747679234, -1.14208984375], [0.020285116508603096, -0.032720740884542465, -0.9992586374282837, 1.5885543823242188], [-0.3184587359428406, 0.9471955299377441, -0.03748069331049919, -0.103515625], [0.0, 0.0, 0.0, 1.0]], [[0.002676664851605892, 0.9997382164001465, -0.022724715992808342, 0.002685546875], [-0.005130368750542402, -0.02271077036857605, -0.9997289180755615, 1.5793495178222656], [-0.9999832510948181, 0.002792548621073365, 0.005068236496299505, 0.0018310546875], [0.0, 0.0, 0.0, 1.0]], [[-0.9345133900642395, 0.35479918122291565, -0.028325950726866722, 1.136474609375], [0.02749224379658699, -0.00739179877564311, -0.9995946884155273, 1.55145263671875], [-0.35486477613449097, -0.9349133372306824, -0.0028464910574257374, -0.06396484375], [0.0, 0.0, 0.0, 1.0]]], "view": [[0.0, -2.0, 100.0], [-2.0, 0.0, 100.0], [0.0, 0.0, 1.0]], "bev": "bev_8371f31b75ef4e7f8d79b1a6a4ef2eae.png", "aux": "aux_8371f31b75ef4e7f8d79b1a6a4ef2eae.npz", "visibility": "visibility_8371f31b75ef4e7f8d79b1a6a4ef2eae.png", "pose": [[0.515651524066925, 0.8567984104156494, 0.0, 1587.0623779296875], [-0.8567984104156494, 0.515651524066925, 0.0, 2883.249267578125], [0.0, 0.0, 1.0, 0.0], [0.0, 0.0, 0.0, 1.0]], "pose_inverse": [[0.515651524066925, -0.8567984104156494, 0.0, 1651.9923095703125], [0.8567984104156494, 0.515651524066925, 0.0, -2846.54443359375], [0.0, 0.0, 1.0, 0.0], [0.0, 0.0, 0.0, 1.0]], "cam_ids": [0, 1, 2, 3, 4, 5], "cam_channels": ["CAM_FRONT_LEFT", "CAM_FRONT", "CAM_FRONT_RIGHT", "CAM_BACK_LEFT", "CAM_BACK", "CAM_BACK_RIGHT"], "token": "8371f31b75ef4e7f8d79b1a6a4ef2eae", "scene": "scene-0790"}, {"images": ["samples/CAM_FRONT_LEFT/n015-2018-10-02-10-56-37+0800__CAM_FRONT_LEFT__1538449241904844.jpg", "samples/CAM_FRONT/n015-2018-10-02-10-56-37+0800__CAM_FRONT__1538449241912460.jpg", "samples/CAM_FRONT_RIGHT/n015-2018-10-02-10-56-37+0800__CAM_FRONT_RIGHT__1538449241920339.jpg", "samples/CAM_BACK_LEFT/n015-2018-10-02-10-56-37+0800__CAM_BACK_LEFT__1538449241947423.jpg", "samples/CAM_BACK/n015-2018-10-02-10-56-37+0800__CAM_BACK__1538449241937525.jpg", "samples/CAM_BACK_RIGHT/n015-2018-10-02-10-56-37+0800__CAM_BACK_RIGHT__1538449241927893.jpg"], "intrinsics": [[[1272.5979470598488, 0.0, 826.6154927353808], [0.0, 1272.5979470598488, 479.75165386361925], [0.0, 0.0, 1.0]], [[1266.417203046554, 0.0, 816.2670197447984], [0.0, 1266.417203046554, 491.50706579294757], [0.0, 0.0, 1.0]], [[1260.8474446004698, 0.0, 807.968244525554], [0.0, 1260.8474446004698, 495.3344268742088], [0.0, 0.0, 1.0]], [[1256.7414812095406, 0.0, 792.1125740759628], [0.0, 1256.7414812095406, 492.7757465151356], [0.0, 0.0, 1.0]], [[809.2209905677063, 0.0, 829.2196003259838], [0.0, 809.2209905677063, 481.77842384512485], [0.0, 0.0, 1.0]], [[1259.5137405846733, 0.0, 807.2529053838625], [0.0, 1259.5137405846733, 501.19579884916527], [0.0, 0.0, 1.0]]], "extrinsics": [[[0.8206006288528442, -0.5712140202522278, 0.01813819818198681, -0.965087890625], [0.0112836305052042, -0.01553795300424099, -0.9998156428337097, 1.5082473754882812], [0.5713905096054077, 0.820654034614563, -0.006305087823420763, -1.280029296875], [0.0, 0.0, 0.0, 1.0]], [[0.005455509759485722, -0.9997925758361816, 0.019618438556790352, 0.00537109375], [0.005987897980958223, -0.01958571746945381, -0.9997902512550354, 1.5205230712890625], [0.9999672174453735, 0.005571921821683645, 0.00587980542331934, -1.692138671875], [0.0, 0.0, 0.0, 1.0]], [[-0.8328878879547119, -0.5533784627914429, -0.00836875755339861, 1.0320587158203125], [0.011616779491305351, -0.002362407511100173, -0.9999297261238098, 1.5036449432373047], [0.5533198118209839, -0.8329265713691711, 0.008396096527576447, -1.248779296875], [0.0, 0.0, 0.0, 1.0]], [[0.9477187991142273, 0.3189846873283386, 0.008814138360321522, -1.1422119140625], [0.02030116133391857, -0.03270434960722923, -0.9992588758468628, 1.58856201171875], [-0.31846004724502563, 0.9471954107284546, -0.037470292299985886, -0.103759765625], [0.0, 0.0, 0.0, 1.0]], [[0.0026793302968144417, 0.9997387528419495, -0.022701961919665337, 0.0029296875], [-0.005118147004395723, -0.022688036784529686, -0.9997295141220093, 1.5793533325195312], [-0.9999833106994629, 0.002794845961034298, 0.005056019872426987, 0.0018310546875], [0.0, 0.0, 0.0, 1.0]], [[-0.9345102906227112, 0.3548063039779663, -0.028336191549897194, 1.13623046875], [0.027514690533280373, -0.007361570838838816, -0.9995942711830139, 1.5514602661132812], [-0.3548709452152252, -0.9349108934402466, -0.0028829225338995457, -0.063720703125], [0.0, 0.0, 0.0, 1.0]]], "view": [[0.0, -2.0, 100.0], [-2.0, 0.0, 100.0], [0.0, 0.0, 1.0]], "bev": "bev_cc56407368754b67b8d4b9bf5e970ab6.png", "aux": "aux_cc56407368754b67b8d4b9bf5e970ab6.npz", "visibility": "visibility_cc56407368754b67b8d4b9bf5e970ab6.png", "pose": [[0.5157255530357361, 0.8567538261413574, 0.0, 1587.0623779296875], [-0.8567538261413574, 0.5157255530357361, 0.0, 2883.249267578125], [0.0, 0.0, 1.0, 0.0], [0.0, 0.0, 0.0, 1.0]], "pose_inverse": [[0.5157255530357361, -0.8567538261413574, 0.0, 1651.746337890625], [0.8567538261413574, 0.5157255530357361, 0.0, -2846.68701171875], [0.0, 0.0, 1.0, 0.0], [0.0, 0.0, 0.0, 1.0]], "cam_ids": [0, 1, 2, 3, 4, 5], "cam_channels": ["CAM_FRONT_LEFT", "CAM_FRONT", "CAM_FRONT_RIGHT", "CAM_BACK_LEFT", "CAM_BACK", "CAM_BACK_RIGHT"], "token": "cc56407368754b67b8d4b9bf5e970ab6", "scene": "scene-0790"}, {"images": ["samples/CAM_FRONT_LEFT/n015-2018-10-02-10-56-37+0800__CAM_FRONT_LEFT__1538449242404844.jpg", "samples/CAM_FRONT/n015-2018-10-02-10-56-37+0800__CAM_FRONT__1538449242412460.jpg", "samples/CAM_FRONT_RIGHT/n015-2018-10-02-10-56-37+0800__CAM_FRONT_RIGHT__1538449242420339.jpg", "samples/CAM_BACK_LEFT/n015-2018-10-02-10-56-37+0800__CAM_BACK_LEFT__1538449242447423.jpg", "samples/CAM_BACK/n015-2018-10-02-10-56-37+0800__CAM_BACK__1538449242437525.jpg", "samples/CAM_BACK_RIGHT/n015-2018-10-02-10-56-37+0800__CAM_BACK_RIGHT__1538449242427893.jpg"], "intrinsics": [[[1272.5979470598488, 0.0, 826.6154927353808], [0.0, 1272.5979470598488, 479.75165386361925], [0.0, 0.0, 1.0]], [[1266.417203046554, 0.0, 816.2670197447984], [0.0, 1266.417203046554, 491.50706579294757], [0.0, 0.0, 1.0]], [[1260.8474446004698, 0.0, 807.968244525554], [0.0, 1260.8474446004698, 495.3344268742088], [0.0, 0.0, 1.0]], [[1256.7414812095406, 0.0, 792.1125740759628], [0.0, 1256.7414812095406, 492.7757465151356], [0.0, 0.0, 1.0]], [[809.2209905677063, 0.0, 829.2196003259838], [0.0, 809.2209905677063, 481.77842384512485], [0.0, 0.0, 1.0]], [[1259.5137405846733, 0.0, 807.2529053838625], [0.0, 1259.5137405846733, 501.19579884916527], [0.0, 0.0, 1.0]]], "extrinsics": [[[0.8206006288528442, -0.5712162256240845, 0.018073417246341705, -0.96533203125], [0.011280804872512817, -0.015428624115884304, -0.9998173713684082, 1.5082511901855469], [0.5713906288146973, 0.8206546306610107, -0.006216959096491337, -1.2801513671875], [0.0, 0.0, 0.0, 1.0]], [[0.0054550934582948685, -0.9997947812080383, 0.019509093835949898, 0.005126953125], [0.005983010400086641, -0.019476404413580894, -0.9997923970222473, 1.520538330078125], [0.9999672174453735, 0.00557071715593338, 0.005875538568943739, -1.692138671875], [0.0, 0.0, 0.0, 1.0]], [[-0.8328879475593567, -0.5533775687217712, -0.008423424325883389, 1.032196044921875], [0.011609775945544243, -0.0022530860733240843, -0.9999300241470337, 1.5036487579345703], [0.5533198714256287, -0.8329274654388428, 0.008301160298287868, -1.248779296875], [0.0, 0.0, 0.0, 1.0]], [[0.9477171301841736, 0.31898897886276245, 0.008845156989991665, -1.14208984375], [0.02028745226562023, -0.032565757632255554, -0.9992636442184448, 1.5885467529296875], [-0.31846609711647034, 0.947198748588562, -0.03733459860086441, -0.103515625], [0.0, 0.0, 0.0, 1.0]], [[0.0026759563479572535, 0.9997416138648987, -0.022573314607143402, 0.002685546875], [-0.005131780169904232, -0.02255936898291111, -0.9997323751449585, 1.5793609619140625], [-0.9999831914901733, 0.002791142091155052, 0.005070086568593979, 0.001953125], [0.0, 0.0, 0.0, 1.0]], [[-0.9345111846923828, 0.35480883717536926, -0.028275879099965096, 1.136474609375], [0.027492016553878784, -0.007251377683132887, -0.9995957612991333, 1.5514450073242188], [-0.35487043857574463, -0.934910774230957, -0.00297791906632483, -0.063720703125], [0.0, 0.0, 0.0, 1.0]]], "view": [[0.0, -2.0, 100.0], [-2.0, 0.0, 100.0], [0.0, 0.0, 1.0]], "bev": "bev_4cc6689f59fa4e4eb5b765c82af3021a.png", "aux": "aux_4cc6689f59fa4e4eb5b765c82af3021a.npz", "visibility": "visibility_4cc6689f59fa4e4eb5b765c82af3021a.png", "pose": [[0.5156635046005249, 0.8567911982536316, 0.0, 1587.0623779296875], [-0.8567911982536316, 0.5156635046005249, 0.0, 2883.249267578125], [0.0, 0.0, 1.0, 0.0], [0.0, 0.0, 0.0, 1.0]], "pose_inverse": [[0.5156635046005249, -0.8567911982536316, 0.0, 1651.952392578125], [0.8567911982536316, 0.5156635046005249, 0.0, -2846.567626953125], [0.0, 0.0, 1.0, 0.0], [0.0, 0.0, 0.0, 1.0]], "cam_ids": [0, 1, 2, 3, 4, 5], "cam_channels": ["CAM_FRONT_LEFT", "CAM_FRONT", "CAM_FRONT_RIGHT", "CAM_BACK_LEFT", "CAM_BACK", "CAM_BACK_RIGHT"], "token": "4cc6689f59fa4e4eb5b765c82af3021a", "scene": "scene-0790"}, {"images": ["samples/CAM_FRONT_LEFT/n015-2018-10-02-10-56-37+0800__CAM_FRONT_LEFT__1538449242904844.jpg", "samples/CAM_FRONT/n015-2018-10-02-10-56-37+0800__CAM_FRONT__1538449242912460.jpg", "samples/CAM_FRONT_RIGHT/n015-2018-10-02-10-56-37+0800__CAM_FRONT_RIGHT__1538449242920339.jpg", "samples/CAM_BACK_LEFT/n015-2018-10-02-10-56-37+0800__CAM_BACK_LEFT__1538449242947423.jpg", "samples/CAM_BACK/n015-2018-10-02-10-56-37+0800__CAM_BACK__1538449242937525.jpg", "samples/CAM_BACK_RIGHT/n015-2018-10-02-10-56-37+0800__CAM_BACK_RIGHT__1538449242927893.jpg"], "intrinsics": [[[1272.5979470598488, 0.0, 826.6154927353808], [0.0, 1272.5979470598488, 479.75165386361925], [0.0, 0.0, 1.0]], [[1266.417203046554, 0.0, 816.2670197447984], [0.0, 1266.417203046554, 491.50706579294757], [0.0, 0.0, 1.0]], [[1260.8474446004698, 0.0, 807.968244525554], [0.0, 1260.8474446004698, 495.3344268742088], [0.0, 0.0, 1.0]], [[1256.7414812095406, 0.0, 792.1125740759628], [0.0, 1256.7414812095406, 492.7757465151356], [0.0, 0.0, 1.0]], [[809.2209905677063, 0.0, 829.2196003259838], [0.0, 809.2209905677063, 481.77842384512485], [0.0, 0.0, 1.0]], [[1259.5137405846733, 0.0, 807.2529053838625], [0.0, 1259.5137405846733, 501.19579884916527], [0.0, 0.0, 1.0]]], "extrinsics": [[[0.8206336498260498, -0.5711681842803955, 0.018091365694999695, -0.965087890625], [0.011302240192890167, -0.015429877676069736, -0.9998170733451843, 1.5082511901855469], [0.5713427662849426, 0.820688009262085, -0.006206797435879707, -1.2802734375], [0.0, 0.0, 0.0, 1.0]], [[0.005504582077264786, -0.9997942447662354, 0.01952045038342476, 0.005126953125], [0.006009257398545742, -0.019487323239445686, -0.9997920989990234, 1.5205307006835938], [0.9999668002128601, 0.00562078133225441, 0.00590074947103858, -1.6923828125], [0.0, 0.0, 0.0, 1.0]], [[-0.8328663110733032, -0.5534098744392395, -0.008437022566795349, 1.032318115234375], [0.011640038341283798, -0.0022734818048775196, -0.999929666519165, 1.503652572631836], [0.5533517003059387, -0.8329059481620789, 0.008335219696164131, -1.24853515625], [0.0, 0.0, 0.0, 1.0]], [[0.9477131962776184, 0.3190004229545593, 0.008855042047798634, -1.142333984375], [0.020315377041697502, -0.03261641412973404, -0.9992614388465881, 1.5885391235351562], [-0.31847596168518066, 0.9471931457519531, -0.03739162161946297, -0.103759765625], [0.0, 0.0, 0.0, 1.0]], [[0.0026572614442557096, 0.9997406601905823, -0.02262076921761036, 0.002685546875], [-0.00510544516146183, -0.022606991231441498, -0.9997314214706421, 1.5793533325195312], [-0.9999833703041077, 0.0027720595244318247, 0.005044048186391592, 0.001708984375], [0.0, 0.0, 0.0, 1.0]], [[-0.93451988697052, 0.35478222370147705, -0.028322745114564896, 1.136474609375], [0.027532309293746948, -0.0072770556434988976, -0.9995944499969482, 1.5514450073242188], [-0.35484448075294495, -0.934920608997345, -0.0029674232937395573, -0.063720703125], [0.0, 0.0, 0.0, 1.0]]], "view": [[0.0, -2.0, 100.0], [-2.0, 0.0, 100.0], [0.0, 0.0, 1.0]], "bev": "bev_5f9328208ace432a8255b897d2f9f40a.png", "aux": "aux_5f9328208ace432a8255b897d2f9f40a.npz", "visibility": "visibility_5f9328208ace432a8255b897d2f9f40a.png", "pose": [[0.515636146068573, 0.8568076491355896, 0.0, 1587.0623779296875], [-0.8568076491355896, 0.515636146068573, 0.0, 2883.249267578125], [0.0, 0.0, 1.0, 0.0], [0.0, 0.0, 0.0, 1.0]], "pose_inverse": [[0.515636146068573, -0.8568076491355896, 0.0, 1652.0433349609375], [0.8568076491355896, 0.515636146068573, 0.0, -2846.5146484375], [0.0, 0.0, 1.0, 0.0], [0.0, 0.0, 0.0, 1.0]], "cam_ids": [0, 1, 2, 3, 4, 5], "cam_channels": ["CAM_FRONT_LEFT", "CAM_FRONT", "CAM_FRONT_RIGHT", "CAM_BACK_LEFT", "CAM_BACK", "CAM_BACK_RIGHT"], "token": "5f9328208ace432a8255b897d2f9f40a", "scene": "scene-0790"}, {"images": ["samples/CAM_FRONT_LEFT/n015-2018-10-02-10-56-37+0800__CAM_FRONT_LEFT__1538449243404844.jpg", "samples/CAM_FRONT/n015-2018-10-02-10-56-37+0800__CAM_FRONT__1538449243412460.jpg", "samples/CAM_FRONT_RIGHT/n015-2018-10-02-10-56-37+0800__CAM_FRONT_RIGHT__1538449243420339.jpg", "samples/CAM_BACK_LEFT/n015-2018-10-02-10-56-37+0800__CAM_BACK_LEFT__1538449243447423.jpg", "samples/CAM_BACK/n015-2018-10-02-10-56-37+0800__CAM_BACK__1538449243437525.jpg", "samples/CAM_BACK_RIGHT/n015-2018-10-02-10-56-37+0800__CAM_BACK_RIGHT__1538449243427893.jpg"], "intrinsics": [[[1272.5979470598488, 0.0, 826.6154927353808], [0.0, 1272.5979470598488, 479.75165386361925], [0.0, 0.0, 1.0]], [[1266.417203046554, 0.0, 816.2670197447984], [0.0, 1266.417203046554, 491.50706579294757], [0.0, 0.0, 1.0]], [[1260.8474446004698, 0.0, 807.968244525554], [0.0, 1260.8474446004698, 495.3344268742088], [0.0, 0.0, 1.0]], [[1256.7414812095406, 0.0, 792.1125740759628], [0.0, 1256.7414812095406, 492.7757465151356], [0.0, 0.0, 1.0]], [[809.2209905677063, 0.0, 829.2196003259838], [0.0, 809.2209905677063, 481.77842384512485], [0.0, 0.0, 1.0]], [[1259.5137405846733, 0.0, 807.2529053838625], [0.0, 1259.5137405846733, 501.19579884916527], [0.0, 0.0, 1.0]]], "extrinsics": [[[0.8206270933151245, -0.5711796879768372, 0.018025754019618034, -0.96484375], [0.011266494169831276, -0.01536625251173973, -0.9998184442520142, 1.5082511901855469], [0.5713528990745544, 0.8206812143325806, -0.006174771580845118, -1.2801513671875], [0.0, 0.0, 0.0, 1.0]], [[0.005494479555636644, -0.99979567527771, 0.019453365355730057, 0.005126953125], [0.005967834498733282, -0.019420530647039413, -0.9997936487197876, 1.5205230712890625], [0.999967098236084, 0.005609471816569567, 0.00585990771651268, -1.692138671875], [0.0, 0.0, 0.0, 1.0]], [[-0.8328713178634644, -0.5534023642539978, -0.008436596021056175, 1.0322418212890625], [0.011592951603233814, -0.0022035110741853714, -0.9999303221702576, 1.5036392211914062], [0.5533452033996582, -0.8329111337661743, 0.008250809274613857, -1.248779296875], [0.0, 0.0, 0.0, 1.0]], [[0.9477187395095825, 0.3189847767353058, 0.008828510530292988, -1.142333984375], [0.020263690501451492, -0.03254782035946846, -0.9992647171020508, 1.5885543823242188], [-0.31846290826797485, 0.9472008347511292, -0.03730998560786247, -0.103515625], [0.0, 0.0, 0.0, 1.0]], [[0.0026665597688406706, 0.999742329120636, -0.02254660055041313, 0.0029296875], [-0.005149541888386011, -0.02253265306353569, -0.9997328519821167, 1.5793571472167969], [-0.9999830722808838, 0.002781968330964446, 0.0050881290808320045, 0.0015869140625