[{"images": ["samples/CAM_FRONT_LEFT/n008-2018-08-30-15-52-26-0400__CAM_FRONT_LEFT__1535659407004799.jpg", "samples/CAM_FRONT/n008-2018-08-30-15-52-26-0400__CAM_FRONT__1535659407012404.jpg", "samples/CAM_FRONT_RIGHT/n008-2018-08-30-15-52-26-0400__CAM_FRONT_RIGHT__1535659407020538.jpg", "samples/CAM_BACK_LEFT/n008-2018-08-30-15-52-26-0400__CAM_BACK_LEFT__1535659407047405.jpg", "samples/CAM_BACK/n008-2018-08-30-15-52-26-0400__CAM_BACK__1535659407037558.jpg", "samples/CAM_BACK_RIGHT/n008-2018-08-30-15-52-26-0400__CAM_BACK_RIGHT__1535659407028113.jpg"], "intrinsics": [[[1257.8625342125129, 0.0, 827.2410631095686], [0.0, 1257.8625342125129, 450.915498205774], [0.0, 0.0, 1.0]], [[1252.8131021185304, 0.0, 826.588114781398], [0.0, 1252.8131021185304, 469.9846626224581], [0.0, 0.0, 1.0]], [[1256.7485116440405, 0.0, 817.7887570959712], [0.0, 1256.7485116440403, 451.9541780095127], [0.0, 0.0, 1.0]], [[1254.9860565800168, 0.0, 829.5769333630991], [0.0, 1254.9860565800168, 467.1680561863987], [0.0, 0.0, 1.0]], [[796.8910634503094, 0.0, 857.7774326863696], [0.0, 796.8910634503094, 476.8848988407415], [0.0, 0.0, 1.0]], [[1249.9629280788233, 0.0, 825.3768045375984], [0.0, 1249.9629280788233, 462.54816385708756], [0.0, 0.0, 1.0]]], "extrinsics": [[[0.8221705555915833, -0.5688766837120056, -0.02036835439503193, -0.984893798828125], [-0.007513483986258507, 0.02493348903954029, -0.999660849571228, 1.4881057739257812], [0.5691916942596436, 0.822044849395752, 0.016225334256887436, -1.31976318359375], [0.0, 0.0, 0.0, 1.0]], [[0.009730938822031021, -0.9997339248657227, -0.020910903811454773, 0.00579833984375], [-0.005598593503236771, 0.02085709571838379, -0.9997668266296387, 1.4800491333007812], [0.9999369382858276, 0.009845700114965439, -0.005394143518060446, -1.71478271484375], [0.0, 0.0, 0.0, 1.0]], [[-0.8442741632461548, -0.5358433723449707, -0.008550217375159264, 1.0777587890625], [0.0023802719078958035, 0.012204975821077824, -0.9999226927757263, 1.4931087493896484], [0.5359063148498535, -0.8442292213439941, -0.00902889296412468, -1.26922607421875], [0.0, 0.0, 0.0, 1.0]], [[0.9477471709251404, 0.31875094771385193, -0.013154559768736362, -1.14373779296875], [-0.023121297359466553, 0.027504470199346542, -0.9993542432785034, 1.5620403289794922], [-0.31818339228630066, 0.9474393725395203, 0.03343721851706505, -0.1561279296875], [0.0, 0.0, 0.0, 1.0]], [[0.009494729340076447, 0.9997598528862, 0.019752008840441704, -0.02880859375], [-0.02095346339046955, 0.019947480410337448, -0.9995813965797424, 1.5679388046264648], [-0.9997353553771973, 0.009076911956071854, 0.02113782800734043, 0.038543701171875], [0.0, 0.0, 0.0, 1.0]], [[-0.9235897660255432, 0.38311314582824707, 0.01436557900160551, 1.1504592895507812], [-0.016716348007321358, -0.0028073519933968782, -0.9998562932014465, 1.5476288795471191], [-0.3830176591873169, -0.9236971735954285, 0.008997093886137009, -0.04779052734375], [0.0, 0.0, 0.0, 1.0]]], "view": [[0.0, -2.0, 100.0], [-2.0, 0.0, 100.0], [0.0, 0.0, 1.0]], "bev": "bev_8f48b3c00e47438fa3d8e61264c8931a.png", "aux": "aux_8f48b3c00e47438fa3d8e61264c8931a.npz", "visibility": "visibility_8f48b3c00e47438fa3d8e61264c8931a.png", "pose": [[0.759978175163269, 0.6499485969543457, 0.0, 802.92041015625], [-0.6499485969543457, 0.759978175163269, 0.0, 520.0767822265625], [0.0, 0.0, 1.0, 0.0], [0.0, 0.0, 0.0, 1.0]], "pose_inverse": [[0.759978175163269, -0.6499485969543457, 0.0, -272.17877197265625], [0.6499485969543457, 0.759978175163269, 0.0, -917.10400390625], [0.0, 0.0, 1.0, 0.0], [0.0, 0.0, 0.0, 1.0]], "cam_ids": [0, 1, 2, 3, 4, 5], "cam_channels": ["CAM_FRONT_LEFT", "CAM_FRONT", "CAM_FRONT_RIGHT", "CAM_BACK_LEFT", "CAM_BACK", "CAM_BACK_RIGHT"], "token": "8f48b3c00e47438fa3d8e61264c8931a", "scene": "scene-0542"}, {"images": ["samples/CAM_FRONT_LEFT/n008-2018-08-30-15-52-26-0400__CAM_FRONT_LEFT__1535659407504799.jpg", "samples/CAM_FRONT/n008-2018-08-30-15-52-26-0400__CAM_FRONT__1535659407512404.jpg", "samples/CAM_FRONT_RIGHT/n008-2018-08-30-15-52-26-0400__CAM_FRONT_RIGHT__1535659407520482.jpg", "samples/CAM_BACK_LEFT/n008-2018-08-30-15-52-26-0400__CAM_BACK_LEFT__1535659407547405.jpg", "samples/CAM_BACK/n008-2018-08-30-15-52-26-0400__CAM_BACK__1535659407537558.jpg", "samples/CAM_BACK_RIGHT/n008-2018-08-30-15-52-26-0400__CAM_BACK_RIGHT__1535659407528113.jpg"], "intrinsics": [[[1257.8625342125129, 0.0, 827.2410631095686], [0.0, 1257.8625342125129, 450.915498205774], [0.0, 0.0, 1.0]], [[1252.8131021185304, 0.0, 826.588114781398], [0.0, 1252.8131021185304, 469.9846626224581], [0.0, 0.0, 1.0]], [[1256.7485116440405, 0.0, 817.7887570959712], [0.0, 1256.7485116440403, 451.9541780095127], [0.0, 0.0, 1.0]], [[1254.9860565800168, 0.0, 829.5769333630991], [0.0, 1254.9860565800168, 467.1680561863987], [0.0, 0.0, 1.0]], [[796.8910634503094, 0.0, 857.7774326863696], [0.0, 796.8910634503094, 476.8848988407415], [0.0, 0.0, 1.0]], [[1249.9629280788233, 0.0, 825.3768045375984], [0.0, 1249.9629280788233, 462.54816385708756], [0.0, 0.0, 1.0]]], "extrinsics": [[[0.822185218334198, -0.5688908100128174, -0.019355010241270065, -0.991119384765625], [-0.007189047057181597, 0.023622073233127594, -0.9996950626373291, 1.4881706237792969], [0.569174587726593, 0.822073757648468, 0.015331938862800598, -1.32373046875], [0.0, 0.0, 0.0, 1.0]], [[0.009760240092873573, -0.9997605681419373, -0.019581161439418793, 0.005615234375], [-0.005207709968090057, 0.0195310078561306, -0.9997957348823547, 1.4800910949707031], [0.9999387860298157, 0.00986029114574194, -0.005015836097300053, -1.72064208984375], [0.0, 0.0, 0.0, 1.0]], [[-0.8442550301551819, -0.5358785390853882, -0.008221409283578396, 1.081298828125], [0.0028422269970178604, 0.010863144882023335, -0.9999369382858276, 1.4931039810180664], [0.5359340310096741, -0.8442251682281494, -0.007648177444934845, -1.27154541015625], [0.0, 0.0, 0.0, 1.0]], [[0.9477695822715759, 0.31869250535964966, -0.012963064014911652, -1.1436767578125], [-0.022438813000917435, 0.02607979252934456, -0.999407947063446, 1.562042236328125], [-0.3181658089160919, 0.9474992752075195, 0.03186871111392975, -0.1561279296875], [0.0, 0.0, 0.0, 1.0]], [[0.009467223659157753, 0.9997866153717041, 0.01835622265934944, -0.02886962890625], [-0.020351910963654518, 0.01854589395225048, -0.9996208548545837, 1.567976951599121], [-0.9997480511665344, 0.009090093895792961, 0.020523151382803917, 0.040252685546875], [0.0, 0.0, 0.0, 1.0]], [[-0.9236058592796326, 0.3831106722354889, 0.01335542555898428, 1.1533355712890625], [-0.016194036230444908, -0.004185084253549576, -0.9998601078987122, 1.547682762145996], [-0.3830011487007141, -0.9236928820610046, 0.010069477371871471, -0.046630859375], [0.0, 0.0, 0.0, 1.0]]], "view": [[0.0, -2.0, 100.0], [-2.0, 0.0, 100.0], [0.0, 0.0, 1.0]], "bev": "bev_9a692089cdf44c5db61567aeebe31f78.png", "aux": "aux_9a692089cdf44c5db61567aeebe31f78.npz", "visibility": "visibility_9a692089cdf44c5db61567aeebe31f78.png", "pose": [[0.7629601359367371, 0.6464455127716064, 0.0, 803.104248046875], [-0.6464455127716064, 0.7629601359367371, 0.0, 519.9176025390625], [0.0, 0.0, 1.0, 0.0], [0.0, 0.0, 0.0, 1.0]], "pose_inverse": [[0.7629601359367371, -0.6464455127716064, 0.0, -276.63812255859375], [0.6464455127716064, 0.7629601359367371, 0.0, -915.8395385742188], [0.0, 0.0, 1.0, 0.0], [0.0, 0.0, 0.0, 1.0]], "cam_ids": [0, 1, 2, 3, 4, 5], "cam_channels": ["CAM_FRONT_LEFT", "CAM_FRONT", "CAM_FRONT_RIGHT", "CAM_BACK_LEFT", "CAM_BACK", "CAM_BACK_RIGHT"], "token": "9a692089cdf44c5db61567aeebe31f78", "scene": "scene-0542"}, {"images": ["samples/CAM_FRONT_LEFT/n008-2018-08-30-15-52-26-0400__CAM_FRONT_LEFT__1535659408004852.jpg", "samples/CAM_FRONT/n008-2018-08-30-15-52-26-0400__CAM_FRONT__1535659408012404.jpg", "samples/CAM_FRONT_RIGHT/n008-2018-08-30-15-52-26-0400__CAM_FRONT_RIGHT__1535659408020482.jpg", "samples/CAM_BACK_LEFT/n008-2018-08-30-15-52-26-0400__CAM_BACK_LEFT__1535659408047405.jpg", "samples/CAM_BACK/n008-2018-08-30-15-52-26-0400__CAM_BACK__1535659408037558.jpg", "samples/CAM_BACK_RIGHT/n008-2018-08-30-15-52-26-0400__CAM_BACK_RIGHT__1535659408028113.jpg"], "intrinsics": [[[1257.8625342125129, 0.0, 827.2410631095686], [0.0, 1257.8625342125129, 450.915498205774], [0.0, 0.0, 1.0]], [[1252.8131021185304, 0.0, 826.588114781398], [0.0, 1252.8131021185304, 469.9846626224581], [0.0, 0.0, 1.0]], [[1256.7485116440405, 0.0, 817.7887570959712], [0.0, 1256.7485116440403, 451.9541780095127], [0.0, 0.0, 1.0]], [[1254.9860565800168, 0.0, 829.5769333630991], [0.0, 1254.9860565800168, 467.1680561863987], [0.0, 0.0, 1.0]], [[796.8910634503094, 0.0, 857.7774326863696], [0.0, 796.8910634503094, 476.8848988407415], [0.0, 0.0, 1.0]], [[1249.9629280788233, 0.0, 825.3768045375984], [0.0, 1249.9629280788233, 462.54816385708756], [0.0, 0.0, 1.0]]], "extrinsics": [[[0.8223521113395691, -0.5687301754951477, -0.016822263598442078, -0.99310302734375], [-0.004526559729129076, 0.023025337606668472, -0.9997246265411377, 1.4882259368896484], [0.5689609050750732, 0.8222017884254456, 0.01636054553091526, -1.3250732421875], [0.0, 0.0, 0.0, 1.0]], [[0.009976118803024292, -0.9997711181640625, -0.01892462745308876, 0.00555419921875], [-0.002546699019148946, 0.018900105729699135, -0.9998181462287903, 1.4801349639892578], [0.9999469518661499, 0.010022510774433613, -0.0023575664963573217, -1.7227783203125], [0.0, 0.0, 0.0, 1.0]], [[-0.8441672921180725, -0.5359845757484436, -0.010110434144735336, 1.0828857421875], [0.005502050742506981, 0.010196386836469173, -0.9999328255653381, 1.4931230545043945], [0.5360515713691711, -0.8441662192344666, -0.005658441688865423, -1.2725830078125], [0.0, 0.0, 0.0, 1.0]], [[0.9477952122688293, 0.31870120763778687, -0.010663866065442562, -1.14398193359375], [-0.019773658365011215, 0.025362400338053703, -0.9994827508926392, 1.5620460510253906], [-0.31826597452163696, 0.9475158452987671, 0.030340250581502914, -0.156005859375], [0.0, 0.0, 0.0, 1.0]], [[0.009388118050992489, 0.9997997283935547, 0.017676806077361107, -0.02880859375], [-0.017683710902929306, 0.01784081757068634, -0.9996843934059143, 1.5680007934570312], [-0.9997995495796204, 0.009072516113519669, 0.017847660928964615, 0.040863037109375], [0.0, 0.0, 0.0, 1.0]], [[-0.9236682057380676, 0.38304561376571655, 0.01063141506165266, 1.1545333862304688], [-0.013526970520615578, -0.004866566509008408, -0.9998966455459595, 1.5477228164672852], [-0.38295426964759827, -0.9237165451049805, 0.009676540270447731, -0.04620361328125], [0.0, 0.0, 0.0, 1.0]]], "view": [[0.0, -2.0, 100.0], [-2.0, 0.0, 100.0], [0.0, 0.0, 1.0]], "bev": "bev_bc730f2a992246f1831e29a4f02d0380.png", "aux": "aux_bc730f2a992246f1831e29a4f02d0380.npz", "visibility": "visibility_bc730f2a992246f1831e29a4f02d0380.png", "pose": [[0.7649794220924377, 0.6440547108650208, 0.0, 803.2356567382812], [-0.6440547108650208, 0.7649794220924377, 0.0, 519.8058471679688], [0.0, 0.0, 1.0, 0.0], [0.0, 0.0, 0.0, 1.0]], "pose_inverse": [[0.7649794220924377, -0.6440547108650208, 0.0, -279.67535400390625], [0.6440547108650208, 0.7649794220924377, 0.0, -914.968505859375], [0.0, 0.0, 1.0, 0.0], [0.0, 0.0, 0.0, 1.0]], "cam_ids": [0, 1, 2, 3, 4, 5], "cam_channels": ["CAM_FRONT_LEFT", "CAM_FRONT", "CAM_FRONT_RIGHT", "CAM_BACK_LEFT", "CAM_BACK", "CAM_BACK_RIGHT"], "token": "bc730f2a992246f1831e29a4f02d0380", "scene": "scene-0542"}, {"images": ["samples/CAM_FRONT_LEFT/n008-2018-08-30-15-52-26-0400__CAM_FRONT_LEFT__1535659408604799.jpg", "samples/CAM_FRONT/n008-2018-08-30-15-52-26-0400__CAM_FRONT__1535659408612404.jpg", "samples/CAM_FRONT_RIGHT/n008-2018-08-30-15-52-26-0400__CAM_FRONT_RIGHT__1535659408620482.jpg", "samples/CAM_BACK_LEFT/n008-2018-08-30-15-52-26-0400__CAM_BACK_LEFT__1535659408647405.jpg", "samples/CAM_BACK/n008-2018-08-30-15-52-26-0400__CAM_BACK__1535659408637558.jpg", "samples/CAM_BACK_RIGHT/n008-2018-08-30-15-52-26-0400__CAM_BACK_RIGHT__1535659408628113.jpg"], "intrinsics": [[[1257.8625342125129, 0.0, 827.2410631095686], [0.0, 1257.8625342125129, 450.915498205774], [0.0, 0.0, 1.0]], [[1252.8131021185304, 0.0, 826.588114781398], [0.0, 1252.8131021185304, 469.9846626224581], [0.0, 0.0, 1.0]], [[1256.7485116440405, 0.0, 817.7887570959712], [0.0, 1256.7485116440403, 451.9541780095127], [0.0, 0.0, 1.0]], [[1254.9860565800168, 0.0, 829.5769333630991], [0.0, 1254.9860565800168, 467.1680561863987], [0.0, 0.0, 1.0]], [[796.8910634503094, 0.0, 857.7774326863696], [0.0, 796.8910634503094, 476.8848988407415], [0.0, 0.0, 1.0]], [[1249.9629280788233, 0.0, 825.3768045375984], [0.0, 1249.9629280788233, 462.54816385708756], [0.0, 0.0, 1.0]]], "extrinsics": [[[0.8223525285720825, -0.5687338709831238, -0.016673678532242775, -0.9862060546875], [-0.00493655214086175, 0.022171691060066223, -0.9997419714927673, 1.4881744384765625], [0.5689568519592285, 0.8222227096557617, 0.015425362624228, -1.32080078125], [0.0, 0.0, 0.0, 1.0]], [[0.009986956603825092, -0.9997868537902832, -0.01807188242673874, 0.005859375], [-0.0030341746751219034, 0.01804240234196186, -0.9998326301574707, 1.4801025390625], [0.9999454617500305, 0.010040140710771084, -0.0028533388394862413, -1.71612548828125], [0.0, 0.0, 0.0, 1.0]], [[-0.844158411026001, -0.5360153913497925, -0.00916758831590414, 1.07867431640625], [0.00493223313242197, 0.009334600530564785, -0.999944269657135, 1.493138313293457], [0.5360711812973022, -0.8441565632820129, -0.005236130207777023, -1.26959228515625], [0.0, 0.0, 0.0, 1.0]], [[0.9477853178977966, 0.31869080662727356, -0.011791620403528214, -1.14361572265625], [-0.02064342610538006, 0.024412203580141068, -0.9994888305664062, 1.5620355606079102], [-0.31824007630348206, 0.9475443363189697, 0.02971639856696129, -0.15618896484375], [0.0, 0.0, 0.0, 1.0]], [[0.00938322301954031, 0.9998155832290649, 0.016752883791923523, -0.02899169921875], [-0.01846301555633545, 0.016923990100622177, -0.9996863007545471, 1.567957878112793], [-0.9997854828834534, 0.009070990607142448, 0.018618416041135788, 0.0389404296875], [0.0, 0.0, 0.0, 1.0]], [[-0.9236699342727661, 0.3830339312553406, 0.010899189859628677, 1.1509933471679688], [-0.01418537087738514, -0.005755856167525053, -0.9998828172683716, 1.5476655960083008], [-0.3829262852668762, -0.9237163066864014, 0.010749991051852703, -0.0474853515625], [0.0, 0.0, 0.0, 1.0]]], "view": [[0.0, -2.0, 100.0], [-2.0, 0.0, 100.0], [0.0, 0.0, 1.0]], "bev": "bev_c496b5b3535e43359f6290fb3aeeded3.png", "aux": "aux_c496b5b3535e43359f6290fb3aeeded3.npz", "visibility": "visibility_c496b5b3535e43359f6290fb3aeeded3.png", "pose": [[0.7680423855781555, 0.6403989791870117, 0.0, 803.4570922851562], [-0.6403989791870117, 0.7680423855781555, 0.0, 519.6145629882812], [0.0, 0.0, 1.0, 0.0], [0.0, 0.0, 0.0, 1.0]], "pose_inverse": [[0.7680423855781555, -0.6403989791870117, 0.0, -284.3284606933594], [0.6403989791870117, 0.7680423855781555, 0.0, -913.619140625], [0.0, 0.0, 1.0, 0.0], [0.0, 0.0, 0.0, 1.0]], "cam_ids": [0, 1, 2, 3, 4, 5], "cam_channels": ["CAM_FRONT_LEFT", "CAM_FRONT", "CAM_FRONT_RIGHT", "CAM_BACK_LEFT", "CAM_BACK", "CAM_BACK_RIGHT"], "token": "c496b5b3535e43359f6290fb3aeeded3", "scene": "scene-0542"}, {"images": ["samples/CAM_FRONT_LEFT/n008-2018-08-30-15-52-26-0400__CAM_FRONT_LEFT__1535659409104799.jpg", "samples/CAM_FRONT/n008-2018-08-30-15-52-26-0400__CAM_FRONT__1535659409112404.jpg", "samples/CAM_FRONT_RIGHT/n008-2018-08-30-15-52-26-0400__CAM_FRONT_RIGHT__1535659409120482.jpg", "samples/CAM_BACK_LEFT/n008-2018-08-30-15-52-26-0400__CAM_BACK_LEFT__1535659409147405.jpg", "samples/CAM_BACK/n008-2018-08-30-15-52-26-0400__CAM_BACK__1535659409137558.jpg", "samples/CAM_BACK_RIGHT/n008-2018-08-30-15-52-26-0400__CAM_BACK_RIGHT__1535659409128113.jpg"], "intrinsics": [[[1257.8625342125129, 0.0, 827.2410631095686], [0.0, 1257.8625342125129, 450.915498205774], [0.0, 0.0, 1.0]], [[1252.8131021185304, 0.0, 826.588114781398], [0.0, 1252.8131021185304, 469.9846626224581], [0.0, 0.0, 1.0]], [[1256.7485116440405, 0.0, 817.7887570959712], [0.0, 1256.7485116440403, 451.9541780095127], [0.0, 0.0, 1.0]], [[1254.9860565800168, 0.0, 829.5769333630991], [0.0, 1254.9860565800168, 467.1680561863987], [0.0, 0.0, 1.0]], [[796.8910634503094, 0.0, 857.7774326863696], [0.0, 796.8910634503094, 476.8848988407415], [0.0, 0.0, 1.0]], [[1249.9629280788233, 0.0, 825.3768045375984], [0.0, 1249.9629280788233, 462.54816385708756], [0.0, 0.0, 1.0]]], "extrinsics": [[[0.8224762678146362, -0.5685398578643799, -0.01718340814113617, -0.994293212890625], [-0.006225418299436569, 0.021210389211773872, -0.9997556805610657, 1.4882068634033203], [0.56876540184021, 0.8223822712898254, 0.013905639760196209, -1.32666015625], [0.0, 0.0, 0.0, 1.0]], [[0.010184318758547306, -0.9998012781143188, -0.01713504083454609, 0.0059814453125], [-0.0042604682967066765, 0.01709238812327385, -0.9998448491096497, 1.4801158905029297], [0.9999390244483948, 0.010255700908601284, -0.004085546359419823, -1.72467041015625], [0.0, 0.0, 0.0, 1.0]], [[-0.8440719246864319, -0.5361748933792114, -0.007687397766858339, 1.0845947265625], [0.003772849217057228, 0.008397480472922325, -0.9999575614929199, 1.4930977821350098], [0.5362167358398438, -0.8440651893615723, -0.005065170582383871, -1.27325439453125], [0.0, 0.0, 0.0, 1.0]], [[0.9477682709693909, 0.31869661808013916, -0.012954642996191978, -1.1435546875], [-0.021588493138551712, 0.02357371523976326, -0.9994889497756958, 1.562037467956543], [-0.3182283937931061, 0.9475635290145874, 0.02922259457409382, -0.15618896484375], [0.0, 0.0, 0.0, 1.0]], [[0.009321692399680614, 0.9998306632041931, 0.015867149457335472, -0.0289306640625], [-0.01947413943707943, 0.016046347096562386, -0.9996815323829651, 1.5680041313171387], [-0.9997668862342834, 0.009009722620248795, 0.019620422273874283, 0.041473388671875], [0.0, 0.0, 0.0, 1.0]], [[-0.9237089157104492, 0.3829202353954315, 0.011566657572984695, 1.1556167602539062], [-0.015284149907529354, -0.006667335517704487, -0.999860942363739, 1.5477304458618164], [-0.3827899098396301, -0.9237573146820068, 0.012011287733912468, -0.04559326171875], [0.0, 0.0, 0.0, 1.0]]], "view": [[0.0, -2.0, 100.0], [-2.0, 0.0, 100.0], [0.0, 0.0, 1.0]], "bev": "bev_f1a7b193fc204befb21dcb99f98c3911.png", "aux": "aux_f1a7b193fc204befb21dcb99f98c3911.npz", "visibility": "visibility_f1a7b193fc204befb21dcb99f98c3911.png", "pose": [[0.7688553929328918, 0.6394227147102356, 0.0, 803.6257934570312], [-0.6394227147102356, 0.7688553929328918, 0.0, 519.4655151367188], [0.0, 0.0, 1.0, 0.0], [0.0, 0.0, 0.0, 1.0]], "pose_inverse": [[0.7688553929328918, -0.6394227147102356, 0.0, -285.7139587402344], [0.6394227147102356, 0.7688553929328918, 0.0, -913.2504272460938], [0.0, 0.0, 1.0, 0.0], [0.0, 0.0, 0.0, 1.0]], "cam_ids": [0, 1, 2, 3, 4, 5], "cam_channels": ["CAM_FRONT_LEFT", "CAM_FRONT", "CAM_FRONT_RIGHT", "CAM_BACK_LEFT", "CAM_BACK", "CAM_BACK_RIGHT"], "token": "f1a7b193fc204befb21dcb99f98c3911", "scene": "scene-0542"}, {"images": ["samples/CAM_FRONT_LEFT/n008-2018-08-30-15-52-26-0400__CAM_FRONT_LEFT__1535659409604799.jpg", "samples/CAM_FRONT/n008-2018-08-30-15-52-26-0400__CAM_FRONT__1535659409612404.jpg", "samples/CAM_FRONT_RIGHT/n008-2018-08-30-15-52-26-0400__CAM_FRONT_RIGHT__1535659409620482.jpg", "samples/CAM_BACK_LEFT/n008-2018-08-30-15-52-26-0400__CAM_BACK_LEFT__1535659409647405.jpg", "samples/CAM_BACK/n008-2018-08-30-15-52-26-0400__CAM_BACK__1535659409637558.jpg", "samples/CAM_BACK_RIGHT/n008-2018-08-30-15-52-26-0400__CAM_BACK_RIGHT__1535659409628113.jpg"], "intrinsics": [[[1257.8625342125129, 0.0, 827.2410631095686], [0.0, 1257.8625342125129, 450.915498205774], [0.0, 0.0, 1.0]], [[1252.8131021185304, 0.0, 826.588114781398], [0.0, 1252.8131021185304, 469.9846626224581], [0.0, 0.0, 1.0]], [[1256.7485116440405, 0.0, 817.7887570959712], [0.0, 1256.7485116440403, 451.9541780095127], [0.0, 0.0, 1.0]], [[1254.9860565800168, 0.0, 829.5769333630991], [0.0, 1254.9860565800168, 467.1680561863987], [0.0, 0.0, 1.0]], [[796.8910634503094, 0.0, 857.7774326863696], [0.0, 796.8910634503094, 476.8848988407415], [0.0, 0.0, 1.0]], [[1249.9629280788233, 0.0, 825.3768045375984], [0.0, 1249.9629280788233, 462.54816385708756], [0.0, 0.0, 1.0]]], "extrinsics": [[[0.8224824070930481, -0.5685765743255615, -0.015600335784256458, -1.0035400390625], [-0.004047085531055927, 0.021576549857854843, -0.9997590184211731, 1.4882774353027344], [0.5687761306762695, 0.8223473429679871, 0.015445253811776638, -1.33282470703125], [0.0, 0.0, 0.0, 1.0]], [[0.010167757980525494, -0.9997954964637756, -0.017481649294495583, 0.00579833984375], [-0.001936477143317461, 0.01746283285319805, -0.9998456835746765, 1.4801568984985352], [0.9999463558197021, 0.01019996777176857, -0.001758522936142981, -1.733551025390625], [0.0, 0.0, 0.0, 1.0]], [[-0.8440830707550049, -0.5361196398735046, -0.009980080649256706, 1.09002685546875], [0.00625129509717226, 0.008772089146077633, -0.9999419450759888, 1.4930753707885742], [0.5361760258674622, -0.8440964818000793, -0.004052930977195501, -1.27685546875], [0.0, 0.0, 0.0, 1.0]], [[0.9478107690811157, 0.31867215037345886, -0.010143124498426914, -1.14361572265625], [-0.0187530517578125, 0.023961665108799934, -0.99953693151474, 1.5620393753051758], [-0.3182815909385681, 0.947562038898468, 0.02868719957768917, -0.15618896484375], [0.0, 0.0, 0.0, 1.0]], [[0.009317975491285324, 0.9998239874839783, 0.01628130115568638, -0.02899169921875], [-0.016756439581513405, 0.01643584482371807, -0.9997245073318481, 1.5680532455444336], [-0.9998162388801575, 0.00904257781803608, 0.01690663956105709, 0.043914794921875], [0.0, 0.0, 0.0, 1.0]], [[-0.9237158298492432, 0.38296425342559814, 0.009344244375824928, 1.15997314453125], [-0.012719941325485706, -0.006283374968916178, -0.9998993873596191, 1.547804832458496], [-0.3828669488430023, -0.9237418174743652, 0.010675335302948952, -0.04376220703125], [0.0, 0.0, 0.0, 1.0]]], "view": [[0.0, -2.0, 100.0], [-2.0, 0.0, 100.0], [0.0, 0.0, 1.0]], "bev": "bev_0a07e1a734404d6da84c32d5da17d66c.png", "aux": "aux_0a07e1a734404d6da84c32d5da17d66c.npz", "visibility": "visibility_0a07e1a734404d6da84c32d5da17d66c.png", "pose": [[0.7684855461120605, 0.6398671269416809, 0.0, 803.6704711914062], [-0.6398671269416809, 0.7684855461120605, 0.0, 519.4202880859375], [0.0, 0.0, 1.0, 0.0], [0.0, 0.0, 0.0, 1.0]], "pose_inverse": [[0.7684855461120605, -0.6398671269416809, 0.0, -285.2491760253906], [0.6398671269416809, 0.7684855461120605, 0.0, -913.4093017578125], [0.0, 0.0, 1.0, 0.0], [0.0, 0.0, 0.0, 1.0]], "cam_ids": [0, 1, 2, 3, 4, 5], "cam_channels": ["CAM_FRONT_LEFT", "CAM_FRONT", "CAM_FRONT_RIGHT", "CAM_BACK_LEFT", "CAM_BACK", "CAM_BACK_RIGHT"], "token": "0a07e1a734404d6da84c32d5da17d66c", "scene": "scene-0542"}, {"images": ["samples/CAM_FRONT_LEFT/n008-2018-08-30-15-52-26-0400__CAM_FRONT_LEFT__1535659410104799.jpg", "samples/CAM_FRONT/n008-2018-08-30-15-52-26-0400__CAM_FRONT__1535659410112404.jpg", "samples/CAM_FRONT_RIGHT/n008-2018-08-30-15-52-26-0400__CAM_FRONT_RIGHT__1535659410120482.jpg", "samples/CAM_BACK_LEFT/n008-2018-08-30-15-52-26-0400__CAM_BACK_LEFT__1535659410147405.jpg", "samples/CAM_BACK/n008-2018-08-30-15-52-26-0400__CAM_BACK__1535659410137558.jpg", "samples/CAM_BACK_RIGHT/n008-2018-08-30-15-52-26-0400__CAM_BACK_RIGHT__1535659410128113.jpg"], "intrinsics": [[[1257.8625342125129, 0.0, 827.2410631095686], [0.0, 1257.8625342125129, 450.915498205774], [0.0, 0.0, 1.0]], [[1252.8131021185304, 0.0, 826.588114781398], [0.0, 1252.8131021185304, 469.9846626224581], [0.0, 0.0, 1.0]], [[1256.7485116440405, 0.0, 817.7887570959712], [0.0, 1256.7485116440403, 451.9541780095127], [0.0, 0.0, 1.0]], [[1254.9860565800168, 0.0, 829.5769333630991], [0.0, 1254.9860565800168, 467.1680561863987], [0.0, 0.0, 1.0]], [[796.8910634503094, 0.0, 857.7774326863696], [0.0, 796.8910634503094, 476.8848988407415], [0.0, 0.0, 1.0]], [[1249.9629280788233, 0.0, 825.3768045375984], [0.0, 1249.9629280788233, 462.54816385708756], [0.0, 0.0, 1.0]]], "extrinsics": [[[0.8224496841430664, -0.5687274932861328, -0.011210266500711441, -1.004638671875], [0.0012672326993197203, 0.021539123728871346, -0.9997671842575073, 1.4882850646972656], [0.5688365697860718, 0.8222439289093018, 0.018435552716255188, -1.33367919921875], [0.0, 0.0, 0.0, 1.0]], [[0.010099682956933975, -0.9997982978820801, -0.01736239157617092, 0.0057373046875], [0.0033000451512634754, 0.017396509647369385, -0.9998432397842407, 1.4801597595214844], [0.9999435544013977, 0.01004076562821865, 0.0034750793129205704, -1.734619140625], [0.0, 0.0, 0.0, 1.0]], [[-0.8440924286842346, -0.5360077023506165, -0.014277657493948936, 1.090576171875], [0.01140474621206522, 0.0086743775755167, -0.9998973608016968, 1.493072509765625], [0.5360764265060425, -0.8441686630249023, -0.0012089451774954796, -1.277099609375], [0.0, 0.0, 0.0, 1.0]], [[0.9478595852851868, 0.318641722202301, -0.005450102034956217, -1.14404296875], [-0.013744880445301533, 0.023789014667272568, -0.9996225237846375, 1.5620441436767578], [-0.31839174032211304, 0.947576642036438, 0.026928339153528214, -0.15606689453125], [0.0, 0.0, 0.0, 1.0]], [[0.009308958426117897, 0.9998258948326111, 0.016170568764209747, -0.02899169921875], [-0.011684456840157509, 0.01627892628312111, -0.9997991919517517, 1.5680580139160156], [-0.9998884201049805, 0.009118150919675827, 0.011833962984383106, 0.044219970703125], [0.0, 0.0, 0.0, 1.0]], [[-0.9237107634544373, 0.3830638527870178, 0.004526042845100164, 1.1604385375976562], [-0.007559682242572308, -0.006414438597857952, -0.9999508857727051, 1.547811508178711], [-0.3830159306526184, -0.9236996173858643, 0.008820926770567894, -0.0435791015625], [0.0, 0.0, 0.0, 1.0]]], "view": [[0.0, -2.0, 100.0], [-2.0, 0.0, 100.0], [0.0, 0.0, 1.0]], "bev": "bev_0026959dfd6f4ec9a42ae55d428de10d.png", "aux": "aux_0026959dfd6f4ec9a42ae55d428de10d.npz", "visibility": "visibility_0026959dfd6f4ec9a42ae55d428de10d.png", "pose": [[0.7686934471130371, 0.639617383480072, 0.0, 803.661376953125], [-0.639617383480072, 0.7686934471130371, 0.0, 519.4210815429688], [0.0, 0.0, 1.0, 0.0], [0.0, 0.0, 0.0, 1.0]], "pose_inverse": [[0.7686934471130371, -0.639617383480072, 0.0, -285.5384521484375], [0.639617383480072, 0.7686934471130371, 0.0, -913.3113403320312], [0.0, 0.0, 1.0, 0.0], [0.0, 0.0, 0.0, 1.0]], "cam_ids": [0, 1, 2, 3, 4, 5], "cam_channels": ["CAM_FRONT_LEFT", "CAM_FRONT", "CAM_FRONT_RIGHT", "CAM_BACK_LEFT", "CAM_BACK", "CAM_BACK_RIGHT"], "token": "0026959dfd6f4ec9a42ae55d428de10d", "scene": "scene-0542"}, {"images": ["samples/CAM_FRONT_LEFT/n008-2018-08-30-15-52-26-0400__CAM_FRONT_LEFT__1535659410604799.jpg", "samples/CAM_FRONT/n008-2018-08-30-15-52-26-0400__CAM_FRONT__1535659410612404.jpg", "samples/CAM_FRONT_RIGHT/n008-2018-08-30-15-52-26-0400__CAM_FRONT_RIGHT__1535659410620482.jpg", "samples/CAM_BACK_LEFT/n008-2018-08-30-15-52-26-0400__CAM_BACK_LEFT__1535659410647405.jpg", "samples/CAM_BACK/n008-2018-08-30-15-52-26-0400__CAM_BACK__1535659410637558.jpg", "samples/CAM_BACK_RIGHT/n008-2018-08-30-15-52-26-0400__CAM_BACK_RIGHT__1535659410628113.jpg"], "intrinsics": [[[1257.8625342125129, 0.0, 827.2410631095686], [0.0, 1257.8625342125129, 450.915498205774], [0.0, 0.0, 1.0]], [[1252.8131021185304, 0.0, 826.588114781398], [0.0, 1252.8131021185304, 469.9846626224581], [0.0, 0.0, 1.0]], [[1256.7485116440405, 0.0, 817.7887570959712], [0.0, 1256.7485116440403, 451.9541780095127], [0.0, 0.0, 1.0]], [[1254.9860565800168, 0.0, 829.5769333630991], [0.0, 1254.9860565800168, 467.1680561863987], [0.0, 0.0, 1.0]], [[796.8910634503094, 0.0, 857.7774326863696], [0.0, 796.8910634503094, 476.8848988407415], [0.0, 0.0, 1.0]], [[1249.9629280788233, 0.0, 825.3768045375984], [0.0, 1249.9629280788233, 462.54816385708756], [0.0, 0.0, 1.0]]], "extrinsics": [[[0.8222843408584595, -0.5689984560012817, -0.009449539706110954, -0.9830322265625], [0.002823552815243602, 0.020684141665697098, -0.9997820854187012, 1.4883651733398438], [0.5690699815750122, 0.8220784664154053, 0.018614841625094414, -1.3182373046875], [0.0, 0.0, 0.0, 1.0]], [[0.009860784746706486, -0.9998155236244202, -0.0164787694811821, 0.005859375], [0.004787478130310774, 0.016526587307453156, -0.9998519420623779, 1.4802703857421875], [0.9999398589134216, 0.00978044793009758, 0.004949560388922691, -1.712432861328125], [0.0, 0.0, 0.0, 1.0]], [[-0.8441820740699768, -0.5358467102050781, -0.014995855279266834, 1.075927734375], [0.012818558141589165, 0.007787620183080435, -0.9998874664306641, 1.4932966232299805], [0.5359031558036804, -0.8442793488502502, 0.0002946110034827143, -1.2679443359375], [0.0, 0.0, 0.0, 1.0]], [[0.9478697180747986, 0.31862547993659973, -0.004566920921206474, -1.14276123046875], [-0.012490029446780682, 0.022827886044979095, -0.999661386013031, 1.562027931213379], [-0.3184133470058441, 0.9476057291030884, 0.025617502629756927, -0.156494140625], [0.0, 0.0, 0.0, 1.0]], [[0.00937570258975029, 0.9998396039009094, 0.015260038897395134, -0.02880859375], [-0.010392362251877785, 0.01535731554031372, -0.999828040599823, 1.5679855346679688], [-0.9999021291732788, 0.009215609170496464, 0.010534681379795074, 0.037017822265625], [0.0, 0.0, 0.0, 1.0]], [[-0.9236571788787842, 0.38320839405059814, 0.002948485082015395, 1.148712158203125], [-0.006226024124771357, -0.007312896195799112, -0.9999538660049438, 1.5477333068847656], [-0.38316911458969116, -0.9236329793930054, 0.00914047472178936, -0.04852294921875], [0.0, 0.0, 0.0, 1.0]]], "view": [[0.0, -2.0, 100.0], [-2.0, 0.0, 100.0], [0.0, 0.0, 1.0]], "bev": "bev_263cd96140bd4f4387ec1b2d54c402a6.png", "aux": "aux_263cd96140bd4f4387ec1b2d54c402a6.npz", "visibility": "visibility_263cd96140bd4f4387ec1b2d54c402a6.png", "pose": [[0.7712591290473938, 0.6365212798118591, 0.0, 803.7968139648438], [-0.6365212798118591, 0.7712591290473938, 0.0, 519.3056640625], [0.0, 0.0, 1.0, 0.0], [0.0, 0.0, 0.0, 1.0]], "pose_inverse": [[0.7712591290473938, -0.6365212798118591, 0.0, -289.38653564453125], [0.6365212798118591, 0.7712591290473938, 0.0, -912.1530151367188], [0.0, 0.0, 1.0, 0.0], [0.0, 0.0, 0.0, 1.0]], "cam_ids": [0, 1, 2, 3, 4, 5], "cam_channels": ["CAM_FRONT_LEFT", "CAM_FRONT", "CAM_FRONT_RIGHT", "CAM_BACK_LEFT", "CAM_BACK", "CAM_BACK_RIGHT"], "token": "263cd96140bd4f4387ec1b2d54c402a6", "scene": "scene-0542"}, {"images": ["samples/CAM_FRONT_LEFT/n008-2018-08-30-15-52-26-0400__CAM_FRONT_LEFT__1535659411104799.jpg", "samples/CAM_FRONT/n008-2018-08-30-15-52-26-0400__CAM_FRONT__1535659411112404.jpg", "samples/CAM_FRONT_RIGHT/n008-2018-08-30-15-52-26-0400__CAM_FRONT_RIGHT__1535659411120482.jpg", "samples/CAM_BACK_LEFT/n008-2018-08-30-15-52-26-0400__CAM_BACK_LEFT__1535659411147405.jpg", "samples/CAM_BACK/n008-2018-08-30-15-52-26-0400__CAM_BACK__1535659411137558.jpg", "samples/CAM_BACK_RIGHT/n008-2018-08-30-15-52-26-0400__CAM_BACK_RIGHT__1535659411128113.jpg"], "intrinsics": [[[1257.8625342125129, 0.0, 827.2410631095686], [0.0, 1257.8625342125129, 450.915498205774], [0.0, 0.0, 1.0]], [[1252.8131021185304, 0.0, 826.588114781398], [0.0, 1252.8131021185304, 469.9846626224581], [0.0, 0.0, 1.0]], [[1256.7485116440405, 0.0, 817.7887570959712], [0.0, 1256.7485116440403, 451.9541780095127], [0.0, 0.0, 1.0]], [[1254.9860565800168, 0.0, 829.5769333630991], [0.0, 1254.9860565800168, 467.1680561863987], [0.0, 0.0, 1.0]], [[796.8910634503094, 0.0, 857.7774326863696], [0.0, 796.8910634503094, 476.8848988407415], [0.0, 0.0, 1.0]], [[1249.9629280788233, 0.0, 825.3768045375984], [0.0, 1249.9629280788233, 462.54816385708756], [0.0, 0.0, 1.0]]], "extrinsics": [[[0.8222785592079163, -0.5690031051635742, -0.009668911807239056, -0.963775634765625], [0.002175168367102742, 0.020132623612880707, -0.9997949600219727, 1.4884014129638672], [0.5690810680389404, 0.822088897228241, 0.01779230311512947, -1.30487060546875], [0.0, 0.0, 0.0, 1.0]], [[0.009854916483163834, -0.9998235106468201, -0.01599593460559845, 0.005859375], [0.004102546256035566, 0.016037004068493843, -0.9998629689216614, 1.4803352355957031], [0.9999430775642395, 0.0097879096865654, 0.004259865265339613, -1.692901611328125], [0.0, 0.0, 0.0, 1.0]], [[-0.8441874384880066, -0.5358611345291138, -0.01415781956166029, 1.0628662109375], [0.012094899080693722, 0.007363917771726847, -0.9998997449874878, 1.49346923828125], [0.5359116196632385, -0.84427410364151, 0.000264659320237115, -1.25982666015625], [0.0, 0.0, 0.0, 1.0]], [[0.9478678107261658, 0.3186172842979431, -0.0054449113085865974, -1.14111328125], [-0.013335573486983776, 0.022589240223169327, -0.9996558427810669, 1.562006950378418], [-0.31838467717170715, 0.9476142525672913, 0.0256605576723814, -0.15692138671875], [0.0, 0.0, 0.0, 1.0]], [[0.00938378181308508, 0.9998441934585571, 0.014949295669794083, -0.02886962890625], [-0.0112004354596138, 0.015054111368954182, -0.9998239278793335, 1.5679035186767578], [-0.999893307685852, 0.009214652702212334, 0.011339954100549221, 0.030426025390625], [0.0, 0.0, 0.0, 1.0]], [[-0.9236575365066528, 0.38320285081863403, 0.0035135147627443075, 1.13812255859375], [-0.0069885458797216415, -0.0076766060665249825, -0.999946117401123, 1.5476417541503906], [-0.3831551969051361, -0.9236322641372681, 0.009768586605787277, -0.05291748046875], [0.0, 0.0, 0.0, 1.0]]], "view": [[0.0, -2.0, 100.0], [-2.0, 0.0, 100.0], [0.0, 0.0, 1.0]], "bev": "bev_7ec534986a924144bf6c62f66de3df73.png", "aux": "aux_7ec534986a924144bf6c62f66de3df73.npz", "visibility": "visibility_7ec534986a924144bf6c62f66de3df73.png", "pose": [[0.7746957540512085, 0.6323341727256775, 0.0, 804.1455688476562], [-0.6323341727256775, 0.7746957540512085, 0.0, 519.0182495117188], [0.0, 0.0, 1.0, 0.0], [0.0, 0.0, 0.0, 1.0]], "pose_inverse": [[0.7746957540512085, -0.6323341727256775, 0.0, -294.7751770019531], [0.6323341727256775, 0.7746957540512085, 0.0, -910.5699462890625], [0.0, 0.0, 1.0, 0.0], [0.0, 0.0, 0.0, 1.0]], "cam_ids": [0, 1, 2, 3, 4, 5], "cam_channels": ["CAM_FRONT_LEFT", "CAM_FRONT", "CAM_FRONT_RIGHT", "CAM_BACK_LEFT", "CAM_BACK", "CAM_BACK_RIGHT"], "token": "7ec534986a924144bf6c62f66de3df73", "scene": "scene-0542"}, {"images": ["samples/CAM_FRONT_LEFT/n008-2018-08-30-15-52-26-0400__CAM_FRONT_LEFT__1535659411604799.jpg", "samples/CAM_FRONT/n008-2018-08-30-15-52-26-0400__CAM_FRONT__1535659411612404.jpg", "samples/CAM_FRONT_RIGHT/n008-2018-08-30-15-52-26-0400__CAM_FRONT_RIGHT__1535659411620482.jpg", "samples/CAM_BACK_LEFT/n008-2018-08-30-15-52-26-0400__CAM_BACK_LEFT__1535659411647405.jpg", "samples/CAM_BACK/n008-2018-08-30-15-52-26-0400__CAM_BACK__1535659411637558.jpg", "samples/CAM_BACK_RIGHT/n008-2018-08-30-15-52-26-0400__CAM_BACK_RIGHT__1535659411628113.jpg"], "intrinsics": [[[1257.8625342125129, 0.0, 827.2410631095686], [0.0, 1257.8625342125129, 450.915498205774], [0.0, 0.0, 1.0]], [[1252.8131021185304, 0.0, 826.588114781398], [0.0, 1252.8131021185304, 469.9846626224581], [0.0, 0.0, 1.0]], [[1256.7485116440405, 0.0, 817.7887570959712], [0.0, 1256.7485116440403, 451.9541780095127], [0.0, 0.0, 1.0]], [[1254.9860565800168, 0.0, 829.5769333630991], [0.0, 1254.9860565800168, 467.1680561863987], [0.0, 0.0, 1.0]], [[796.8910634503094, 0.0, 857.7774326863696], [0.0, 796.8910634503094, 476.8848988407415], [0.0, 0.0, 1.0]], [[1249.9629280788233, 0.0, 825.3768045375984], [0.0, 1249.9629280788233, 462.54816385708756], [0.0, 0.0, 1.0]]], "extrinsics": [[[0.8223994970321655, -0.5687676072120667, -0.012753529474139214, -0.960418701171875], [-0.0013832984259352088, 0.02041824348270893, -0.9997905492782593, 1.4882125854492188], [0.5689088702201843, 0.8222449421882629, 0.016005177050828934, -1.30267333984375], [0.0, 0.0, 0.0, 1.0]], [[0.010029366239905357, -0.9998170137405396, -0.016287073493003845, 0.006103515625], [0.000559290696401149, 0.01629350148141384, -0.9998671412467957, 1.4801855087280273], [0.9999495148658752, 0.010018845088779926, 0.0007226013694889843, -1.689422607421875], [0.0, 0.0, 0.0, 1.0]], [[-0.8441368341445923, -0.5360085964202881, -0.011301949620246887, 1.06036376953125], [0.008568203076720238, 0.007590314839035273, -0.9999344944953918, 1.4933791160583496], [0.5360592603683472, -0.8441784381866455, -0.00181463488843292, -1.25799560546875], [0.0, 0.0, 0.0, 1.0]], [[0.9478306174278259, 0.3186561167240143, -0.008692240342497826, -1.14031982421875], [-0.016815004870295525, 0.02274869754910469, -0.999599814414978, 1.5619783401489258], [-0.31833094358444214, 0.9475973844528198, 0.02692011557519436, -0.15728759765625], [0.0, 0.0, 0.0, 1.0]], [[0.009351350367069244, 0.9998422861099243, 0.015095731243491173, -0.02886962890625], [-0.014697042293846607, 0.015232186764478683, -0.9997759461402893, 1.5678296089172363], [-0.9998483061790466, 0.009127415716648102, 0.014837166294455528, 0.02880859375], [0.0, 0.0, 0.0, 1.0]], [[-0.9236918687820435, 0.3830758035182953, 0.006816191598773003, 1.135772705078125], [-0.010483093559741974, -0.007485518231987953, -0.9999170303344727, 1.5475311279296875], [-0.3829928934574127, -0.9236865639686584, 0.010930130258202553, -0.0537109375], [0.0, 0.0, 0.0, 1.0]]], "view": [[0.0, -2.0, 100.0], [-2.0, 0.0, 100.0], [0.0, 0.0, 1.0]], "bev": "bev_8dcc118e589243fba6a0b2a43dd3dc2f.png", "aux": "aux_8dcc118e589243fba6a0b2a43dd3dc2f.npz", "visibility": "visibility_8dcc118e589243fba6a0b2a43dd3dc2f.png", "pose": [[0.7770103812217712, 0.6294878125190735, 0.0, 804.5951538085938], [-0.6294878125190735, 0.7770103812217712, 0.0, 518.6488037109375], [0.0, 0.0, 1.0, 0.0], [0.0, 0.0, 0.0, 1.0]], "pose_inverse": [[0.7770103812217712, -0.6294878125190735, 0.0, -298.6956787109375], [0.6294878125190735, 0.7770103812217712, 0.0, -909.4783325195312], [0.0, 0.0, 1.0, 0.0], [0.0, 0.0, 0.0, 1.0]], "cam_ids": [0, 1, 2, 3, 4, 5], "cam_channels": ["CAM_FRONT_LEFT", "CAM_FRONT", "CAM_FRONT_RIGHT", "CAM_BACK_LEFT", "CAM_BACK", "CAM_BACK_RIGHT"], "token": "8dcc118e589243fba6a0b2a43dd3dc2f", "scene": "scene-0542"}, {"images": ["samples/CAM_FRONT_LEFT/n008-2018-08-30-15-52-26-0400__CAM_FRONT_LEFT__1535659412104799.jpg", "samples/CAM_FRONT/n008-2018-08-30-15-52-26-0400__CAM_FRONT__1535659412112404.jpg", "samples/CAM_FRONT_RIGHT/n008-2018-08-30-15-52-26-0400__CAM_FRONT_RIGHT__1535659412120482.jpg", "samples/CAM_BACK_LEFT/n008-2018-08-30-15-52-26-0400__CAM_BACK_LEFT__1535659412147423.jpg", "samples/CAM_BACK/n008-2018-08-30-15-52-26-0400__CAM_BACK__1535659412137570.jpg", "samples/CAM_BACK_RIGHT/n008-2018-08-30-15-52-26-0400__CAM_BACK_RIGHT__1535659412128113.jpg"], "intrinsics": [[[1257.8625342125129, 0.0, 827.2410631095686], [0.0, 1257.8625342125129, 450.915498205774], [0.0, 0.0, 1.0]], [[1252.8131021185304, 0.0, 826.588114781398], [0.0, 1252.8131021185304, 469.9846626224581], [0.0, 0.0, 1.0]], [[1256.7485116440405, 0.0, 817.7887570959712], [0.0, 1256.7485116440403, 451.9541780095127], [0.0, 0.0, 1.0]], [[1254.9860565800168, 0.0, 829.5769333630991], [0.0, 1254.9860565800168, 467.1680561863987], [0.0, 0.0, 1.0]], [[796.8910634503094, 0.0, 857.7774326863696], [0.0, 796.8910634503094, 476.8848988407415], [0.0, 0.0, 1.0]], [[1249.9629280788233, 0.0, 825.3768045375984], [0.0, 1249.9629280788233, 462.54816385708756], [0.0, 0.0, 1.0]]], "extrinsics": [[[0.8224303722381592, -0.568716287612915, -0.013042488135397434, -0.97479248046875], [-0.0016629929887130857, 0.02052346244454384, -0.9997879862785339, 1.4882316589355469], [0.5688633918762207, 0.8222776651382446, 0.01593334600329399, -1.31256103515625], [0.0, 0.0, 0.0, 1.0]], [[0.010078439489006996, -0.9998152256011963, -0.01636541448533535, 0.00579833984375], [0.00030542322201654315, 0.016369322314858437, -0.9998660087585449, 1.4801712036132812], [0.9999491572380066, 0.010072138160467148, 0.0004703448503278196, -1.704254150390625], [0.0, 0.0, 0.0, 1.0]], [[-0.8441151976585388, -0.5360461473464966, -0.011135034263134003, 1.070556640625], [0.00834190845489502, 0.007635146379470825, -0.9999359846115112, 1.493269443511963], [0.5360969305038452, -0.8441541194915771, -0.001973295584321022, -1.26470947265625], [0.0, 0.0, 0.0, 1.0]], [[0.9478278160095215, 0.318660169839859, -0.00883312989026308, -1.1416015625], [-0.016944563016295433, 0.02269170433282852, -0.9995988607406616, 1.5620002746582031], [-0.3183319568634033, 0.9475973844528198, 0.026907386258244514, -0.15692138671875], [0.0, 0.0, 0.0, 1.0]], [[0.009333227761089802, 0.9998428225517273, 0.015071334317326546, -0.02874755859375], [-0.01484796125441