[{"images": ["samples/CAM_FRONT_LEFT/n015-2018-11-21-19-11-29+0800__CAM_FRONT_LEFT__1542798991604844.jpg", "samples/CAM_FRONT/n015-2018-11-21-19-11-29+0800__CAM_FRONT__1542798991612460.jpg", "samples/CAM_FRONT_RIGHT/n015-2018-11-21-19-11-29+0800__CAM_FRONT_RIGHT__1542798991620339.jpg", "samples/CAM_BACK_LEFT/n015-2018-11-21-19-11-29+0800__CAM_BACK_LEFT__1542798991647423.jpg", "samples/CAM_BACK/n015-2018-11-21-19-11-29+0800__CAM_BACK__1542798991637525.jpg", "samples/CAM_BACK_RIGHT/n015-2018-11-21-19-11-29+0800__CAM_BACK_RIGHT__1542798991627893.jpg"], "intrinsics": [[[1272.5979470598488, 0.0, 826.6154927353808], [0.0, 1272.5979470598488, 479.75165386361925], [0.0, 0.0, 1.0]], [[1266.417203046554, 0.0, 816.2670197447984], [0.0, 1266.417203046554, 491.50706579294757], [0.0, 0.0, 1.0]], [[1260.8474446004698, 0.0, 807.968244525554], [0.0, 1260.8474446004698, 495.3344268742088], [0.0, 0.0, 1.0]], [[1256.7414812095406, 0.0, 792.1125740759628], [0.0, 1256.7414812095406, 492.7757465151356], [0.0, 0.0, 1.0]], [[809.2209905677063, 0.0, 829.2196003259838], [0.0, 809.2209905677063, 481.77842384512485], [0.0, 0.0, 1.0]], [[1259.5137405846733, 0.0, 807.2529053838625], [0.0, 1259.5137405846733, 501.19579884916527], [0.0, 0.0, 1.0]]], "extrinsics": [[[0.8097710609436035, -0.5866659879684448, -0.009681807830929756, -0.818603515625], [-0.004845637362450361, 0.009813711047172546, -0.9999400973320007, 1.507345199584961], [0.5867258906364441, 0.8097694516181946, 0.005104088224470615, -1.18017578125], [0.0, 0.0, 0.0, 1.0]], [[-0.009877405129373074, -0.999934732913971, -0.005742755252867937, 0.007080078125], [-0.010110092349350452, 0.005842607002705336, -0.9999318718910217, 1.5190377235412598], [0.9999000430107117, -0.00981868989765644, -0.010167143307626247, -1.5465087890625], [0.0, 0.0, 0.0, 1.0]], [[-0.8395791053771973, -0.5431631803512573, -0.008983615785837173, 0.938232421875], [-0.004165284801274538, 0.022973304614424706, -0.9997273683547974, 1.50311279296875], [0.5432215332984924, -0.8393127918243408, -0.021550334990024567, -1.184814453125], [0.0, 0.0, 0.0, 1.0]], [[0.9478201866149902, 0.3187982141971588, 0.0020893365144729614, -1.1419677734375], [0.004719518590718508, -0.007478087674826384, -0.9999608993530273, 1.58856201171875], [-0.3187701106071472, 0.9477930665016174, -0.008592459373176098, -0.10400390625], [0.0, 0.0, 0.0, 1.0]], [[0.00685387896373868, 0.9999732971191406, 0.0025228119920939207, 0.002197265625], [-0.020871907472610474, 0.002665378153324127, -0.9997786283493042, 1.5784878730773926], [-0.9997586607933044, 0.006799666676670313, 0.02088961750268936, -0.03973388671875], [0.0, 0.0, 0.0, 1.0]], [[-0.9316810965538025, 0.3632497191429138, -0.004467192105948925, 1.059326171875], [0.011734571307897568, 0.01780235767364502, -0.9997726678848267, 1.5523796081542969], [-0.36308759450912476, -0.9315217733383179, -0.020848698914051056, -0.091796875], [0.0, 0.0, 0.0, 1.0]]], "view": [[0.0, -2.0, 100.0], [-2.0, 0.0, 100.0], [0.0, 0.0, 1.0]], "bev": "bev_4fc2faa8790b43de8c29c79e97c410ca.png", "aux": "aux_4fc2faa8790b43de8c29c79e97c410ca.npz", "visibility": "visibility_4fc2faa8790b43de8c29c79e97c410ca.png", "pose": [[0.9488153457641602, 0.31583133339881897, 0.0, 1596.78271484375], [-0.31583133339881897, 0.9488153457641602, 0.0, 2483.060302734375], [0.0, 0.0, 1.0, 0.0], [0.0, 0.0, 0.0, 1.0]], "pose_inverse": [[0.9488153457641602, -0.31583133339881897, 0.0, -730.8236694335938], [0.31583133339881897, 0.9488153457641602, 0.0, -2860.27978515625], [0.0, 0.0, 1.0, 0.0], [0.0, 0.0, 0.0, 1.0]], "cam_ids": [0, 1, 2, 3, 4, 5], "cam_channels": ["CAM_FRONT_LEFT", "CAM_FRONT", "CAM_FRONT_RIGHT", "CAM_BACK_LEFT", "CAM_BACK", "CAM_BACK_RIGHT"], "token": "4fc2faa8790b43de8c29c79e97c410ca", "scene": "scene-1054"}, {"images": ["samples/CAM_FRONT_LEFT/n015-2018-11-21-19-11-29+0800__CAM_FRONT_LEFT__1542798992104844.jpg", "samples/CAM_FRONT/n015-2018-11-21-19-11-29+0800__CAM_FRONT__1542798992112460.jpg", "samples/CAM_FRONT_RIGHT/n015-2018-11-21-19-11-29+0800__CAM_FRONT_RIGHT__1542798992120339.jpg", "samples/CAM_BACK_LEFT/n015-2018-11-21-19-11-29+0800__CAM_BACK_LEFT__1542798992147423.jpg", "samples/CAM_BACK/n015-2018-11-21-19-11-29+0800__CAM_BACK__1542798992137525.jpg", "samples/CAM_BACK_RIGHT/n015-2018-11-21-19-11-29+0800__CAM_BACK_RIGHT__1542798992127893.jpg"], "intrinsics": [[[1272.5979470598488, 0.0, 826.6154927353808], [0.0, 1272.5979470598488, 479.75165386361925], [0.0, 0.0, 1.0]], [[1266.417203046554, 0.0, 816.2670197447984], [0.0, 1266.417203046554, 491.50706579294757], [0.0, 0.0, 1.0]], [[1260.8474446004698, 0.0, 807.968244525554], [0.0, 1260.8474446004698, 495.3344268742088], [0.0, 0.0, 1.0]], [[1256.7414812095406, 0.0, 792.1125740759628], [0.0, 1256.7414812095406, 492.7757465151356], [0.0, 0.0, 1.0]], [[809.2209905677063, 0.0, 829.2196003259838], [0.0, 809.2209905677063, 481.77842384512485], [0.0, 0.0, 1.0]], [[1259.5137405846733, 0.0, 807.2529053838625], [0.0, 1259.5137405846733, 501.19579884916527], [0.0, 0.0, 1.0]]], "extrinsics": [[[0.8101446032524109, -0.5862299203872681, 0.000446170597570017, -0.79833984375], [0.009018703363835812, 0.011702458374202251, -0.9998908042907715, 1.510009765625], [0.5861606597900391, 0.8100601434707642, 0.014767716638743877, -1.166015625], [0.0, 0.0, 0.0, 1.0]], [[-0.009475141763687134, -0.9999231100082397, -0.007993516512215137, 0.00732421875], [0.003843855345621705, 0.007957395166158676, -0.9999609589576721, 1.5211372375488281], [0.9999476671218872, -0.009505496360361576, 0.0037681623362004757, -1.5263671875], [0.0, 0.0, 0.0, 1.0]], [[-0.8393189907073975, -0.5431918501853943, -0.022050587460398674, 0.925537109375], [0.009872306138277054, 0.025325169786810875, -0.9996305108070374, 1.504852294921875], [0.5435495376586914, -0.8392266035079956, -0.01589333824813366, -1.1767578125], [0.0, 0.0, 0.0, 1.0]], [[0.9477108120918274, 0.31869977712631226, 0.01657298393547535, -1.14208984375], [0.01890389621257782, -0.004222003277391195, -0.9998123645782471, 1.5885562896728516], [-0.31857001781463623, 0.9478462934494019, -0.010025905445218086, -0.103515625], [0.0, 0.0, 0.0, 1.0]], [[0.006831873673945665, 0.9999615550041199, 0.005495741497725248, 0.002197265625], [-0.006712040398269892, 0.005541602149605751, -0.9999621510505676, 1.5790386199951172], [-0.9999541640281677, 0.006794724613428116, 0.006749642081558704, -0.0450439453125], [0.0, 0.0, 0.0, 1.0]], [[-0.9315267205238342, 0.3632904887199402, -0.01666991226375103, 1.04949951171875], [0.025830889120697975, 0.02037288434803486, -0.9994587302207947, 1.5538101196289062], [-0.3627541959285736, -0.9314531683921814, -0.028362004086375237, -0.095947265625], [0.0, 0.0, 0.0, 1.0]]], "view": [[0.0, -2.0, 100.0], [-2.0, 0.0, 100.0], [0.0, 0.0, 1.0]], "bev": "bev_a722aeaa963a4529bca92d44973e047c.png", "aux": "aux_a722aeaa963a4529bca92d44973e047c.npz", "visibility": "visibility_a722aeaa963a4529bca92d44973e047c.png", "pose": [[0.9944004416465759, 0.10567764192819595, 0.0, 1598.923095703125], [-0.10567764192819595, 0.9944004416465759, 0.0, 2482.566650390625], [0.0, 0.0, 1.0, 0.0], [0.0, 0.0, 0.0, 1.0]], "pose_inverse": [[0.9944004416465759, -0.10567764192819595, 0.0, -1327.6180419921875], [0.10567764192819595, 0.9944004416465759, 0.0, -2637.6357421875], [0.0, 0.0, 1.0, 0.0], [0.0, 0.0, 0.0, 1.0]], "cam_ids": [0, 1, 2, 3, 4, 5], "cam_channels": ["CAM_FRONT_LEFT", "CAM_FRONT", "CAM_FRONT_RIGHT", "CAM_BACK_LEFT", "CAM_BACK", "CAM_BACK_RIGHT"], "token": "a722aeaa963a4529bca92d44973e047c", "scene": "scene-1054"}, {"images": ["samples/CAM_FRONT_LEFT/n015-2018-11-21-19-11-29+0800__CAM_FRONT_LEFT__1542798992604844.jpg", "samples/CAM_FRONT/n015-2018-11-21-19-11-29+0800__CAM_FRONT__1542798992612460.jpg", "samples/CAM_FRONT_RIGHT/n015-2018-11-21-19-11-29+0800__CAM_FRONT_RIGHT__1542798992620339.jpg", "samples/CAM_BACK_LEFT/n015-2018-11-21-19-11-29+0800__CAM_BACK_LEFT__1542798992647423.jpg", "samples/CAM_BACK/n015-2018-11-21-19-11-29+0800__CAM_BACK__1542798992637525.jpg", "samples/CAM_BACK_RIGHT/n015-2018-11-21-19-11-29+0800__CAM_BACK_RIGHT__1542798992627893.jpg"], "intrinsics": [[[1272.5979470598488, 0.0, 826.6154927353808], [0.0, 1272.5979470598488, 479.75165386361925], [0.0, 0.0, 1.0]], [[1266.417203046554, 0.0, 816.2670197447984], [0.0, 1266.417203046554, 491.50706579294757], [0.0, 0.0, 1.0]], [[1260.8474446004698, 0.0, 807.968244525554], [0.0, 1260.8474446004698, 495.3344268742088], [0.0, 0.0, 1.0]], [[1256.7414812095406, 0.0, 792.1125740759628], [0.0, 1256.7414812095406, 492.7757465151356], [0.0, 0.0, 1.0]], [[809.2209905677063, 0.0, 829.2196003259838], [0.0, 809.2209905677063, 481.77842384512485], [0.0, 0.0, 1.0]], [[1259.5137405846733, 0.0, 807.2529053838625], [0.0, 1259.5137405846733, 501.19579884916527], [0.0, 0.0, 1.0]]], "extrinsics": [[[0.810370147228241, -0.5858910083770752, 0.00566431600600481, -0.7794952392578125], [0.013433151878416538, 0.008913339115679264, -0.9998700618743896, 1.5112190246582031], [0.5857642889022827, 0.8103408813476562, 0.015093464404344559, -1.15283203125], [0.0, 0.0, 0.0, 1.0]], [[-0.009016694501042366, -0.9999469518661499, -0.004981677513569593, 0.0078125], [0.008027942851185799, 0.004909332375973463, -0.9999557733535767, 1.5219917297363281], [0.9999271035194397, -0.009056284092366695, 0.007983250543475151, -1.5081787109375], [0.0, 0.0, 0.0, 1.0]], [[-0.8389813899993896, -0.5436498522758484, -0.023561066016554832, 0.91455078125], [0.013808764517307281, 0.0220138281583786, -0.9996622800827026, 1.5055389404296875], [0.5439848899841309, -0.8390234112739563, -0.010962058790028095, -1.1688232421875], [0.0, 0.0, 0.0, 1.0]], [[0.9477130770683289, 0.3186033368110657, 0.01822078973054886, -1.139892578125], [0.02219937928020954, -0.00886072963476181, -0.9997142553329468, 1.5886001586914062], [-0.3183508515357971, 0.9478467702865601, -0.015470224432647228, -0.1043701171875], [0.0, 0.0, 0.0, 1.0]], [[0.006751115433871746, 0.9999762177467346, 0.0014479311648756266, 0.001953125], [-0.003206713357940316, 0.0014696059515699744, -0.9999938011169434, 1.5791888236999512], [-0.9999720454216003, 0.0067464374005794525, 0.0032165583688765764, -0.0511474609375], [0.0, 0.0, 0.0, 1.0]], [[-0.9315769076347351, 0.36291003227233887, -0.02146497555077076, 1.03997802734375], [0.029559321701526642, 0.016765043139457703, -0.9994224309921265, 1.5544586181640625], [-0.3623405694961548, -0.9316733479499817, -0.026345301419496536, -0.09912109375], [0.0, 0.0, 0.0, 1.0]]], "view": [[0.0, -2.0, 100.0], [-2.0, 0.0, 100.0], [0.0, 0.0, 1.0]], "bev": "bev_87b524999833483e97422dc5055df282.png", "aux": "aux_87b524999833483e97422dc5055df282.npz", "visibility": "visibility_87b524999833483e97422dc5055df282.png", "pose": [[0.9944466352462769, -0.10524216294288635, 0.0, 1601.38623046875], [0.10524216294288635, 0.9944466352462769, 0.0, 2482.52294921875], [0.0, 0.0, 1.0, 0.0], [0.0, 0.0, 0.0, 1.0]], "pose_inverse": [[0.9944466352462769, 0.10524216294288635, 0.0, -1853.75927734375], [-0.10524216294288635, 0.9944466352462769, 0.0, -2300.203125], [0.0, 0.0, 1.0, 0.0], [0.0, 0.0, 0.0, 1.0]], "cam_ids": [0, 1, 2, 3, 4, 5], "cam_channels": ["CAM_FRONT_LEFT", "CAM_FRONT", "CAM_FRONT_RIGHT", "CAM_BACK_LEFT", "CAM_BACK", "CAM_BACK_RIGHT"], "token": "87b524999833483e97422dc5055df282", "scene": "scene-1054"}, {"images": ["samples/CAM_FRONT_LEFT/n015-2018-11-21-19-11-29+0800__CAM_FRONT_LEFT__1542798993104844.jpg", "samples/CAM_FRONT/n015-2018-11-21-19-11-29+0800__CAM_FRONT__1542798993112460.jpg", "samples/CAM_FRONT_RIGHT/n015-2018-11-21-19-11-29+0800__CAM_FRONT_RIGHT__1542798993120339.jpg", "samples/CAM_BACK_LEFT/n015-2018-11-21-19-11-29+0800__CAM_BACK_LEFT__1542798993147423.jpg", "samples/CAM_BACK/n015-2018-11-21-19-11-29+0800__CAM_BACK__1542798993137525.jpg", "samples/CAM_BACK_RIGHT/n015-2018-11-21-19-11-29+0800__CAM_BACK_RIGHT__1542798993127893.jpg"], "intrinsics": [[[1272.5979470598488, 0.0, 826.6154927353808], [0.0, 1272.5979470598488, 479.75165386361925], [0.0, 0.0, 1.0]], [[1266.417203046554, 0.0, 816.2670197447984], [0.0, 1266.417203046554, 491.50706579294757], [0.0, 0.0, 1.0]], [[1260.8474446004698, 0.0, 807.968244525554], [0.0, 1260.8474446004698, 495.3344268742088], [0.0, 0.0, 1.0]], [[1256.7414812095406, 0.0, 792.1125740759628], [0.0, 1256.7414812095406, 492.7757465151356], [0.0, 0.0, 1.0]], [[809.2209905677063, 0.0, 829.2196003259838], [0.0, 809.2209905677063, 481.77842384512485], [0.0, 0.0, 1.0]], [[1259.5137405846733, 0.0, 807.2529053838625], [0.0, 1259.5137405846733, 501.19579884916527], [0.0, 0.0, 1.0]]], "extrinsics": [[[0.815214216709137, -0.5790020823478699, 0.013505440205335617, -0.75634765625], [0.021051419898867607, 0.006319905631244183, -0.9997584223747253, 1.5135269165039062], [0.5787767767906189, 0.8153015375137329, 0.017340892925858498, -1.138427734375], [0.0, 0.0, 0.0, 1.0]], [[-0.0020780933555215597, -0.9999949336051941, -0.002381690079346299, 0.0086669921875], [0.0160096175968647, 0.0023481205571442842, -0.9998691082000732, 1.52386474609375], [0.999869704246521, -0.002115970943123102, 0.016004659235477448, -1.483642578125], [0.0, 0.0, 0.0, 1.0]], [[-0.8358559012413025, -0.5481739044189453, -0.029157407581806183, 0.897216796875], [0.02203652448952198, 0.019565660506486893, -0.9995656609535217, 1.5071868896484375], [0.5485063791275024, -0.8361355066299438, -0.004274225328117609, -1.156402587890625], [0.0, 0.0, 0.0, 1.0]], [[0.9475667476654053, 0.3184640109539032, 0.0264207124710083, -1.134521484375], [0.031552400439977646, -0.010965232737362385, -0.999441921710968, 1.5888137817382812], [-0.317996621131897, 0.9478714466094971, -0.02043859288096428, -0.1064453125], [0.0, 0.0, 0.0, 1.0]], [[0.0049379379488527775, 0.9999874830245972, -0.0007820416358299553, 0.0018310546875], [0.005798099562525749, -0.0008106690365821123, -0.9999828934669495, 1.5797367095947266], [-0.9999710321426392, 0.004933334421366453, -0.005802030209451914, -0.063232421875], [0.0, 0.0, 0.0, 1.0]], [[-0.9327182769775391, 0.3593214452266693, -0.030408181250095367, 1.0234375], [0.038141194730997086, 0.014449764974415302, -0.9991678595542908, 1.5560073852539062], [-0.35858309268951416, -0.933102011680603, -0.027182510122656822, -0.104736328125], [0.0, 0.0, 0.0, 1.0]]], "view": [[0.0, -2.0, 100.0], [-2.0, 0.0, 100.0], [0.0, 0.0, 1.0]], "bev": "bev_3c6742f59603409fadc783816381b72d.png", "aux": "aux_3c6742f59603409fadc783816381b72d.npz", "visibility": "visibility_3c6742f59603409fadc783816381b72d.png", "pose": [[0.9663000106811523, -0.2574184834957123, 0.0, 1604.086669921875], [0.2574184834957123, 0.9663000106811523, 0.0, 2483.00244140625], [0.0, 0.0, 1.0, 0.0], [0.0, 0.0, 0.0, 1.0]], "pose_inverse": [[0.9663000106811523, 0.2574184834957123, 0.0, -2189.19970703125], [-0.2574184834957123, 0.9663000106811523, 0.0, -1986.40380859375], [0.0, 0.0, 1.0, 0.0], [0.0, 0.0, 0.0, 1.0]], "cam_ids": [0, 1, 2, 3, 4, 5], "cam_channels": ["CAM_FRONT_LEFT", "CAM_FRONT", "CAM_FRONT_RIGHT", "CAM_BACK_LEFT", "CAM_BACK", "CAM_BACK_RIGHT"], "token": "3c6742f59603409fadc783816381b72d", "scene": "scene-1054"}, {"images": ["samples/CAM_FRONT_LEFT/n015-2018-11-21-19-11-29+0800__CAM_FRONT_LEFT__1542798993654844.jpg", "samples/CAM_FRONT/n015-2018-11-21-19-11-29+0800__CAM_FRONT__1542798993662460.jpg", "samples/CAM_FRONT_RIGHT/n015-2018-11-21-19-11-29+0800__CAM_FRONT_RIGHT__1542798993670339.jpg", "samples/CAM_BACK_LEFT/n015-2018-11-21-19-11-29+0800__CAM_BACK_LEFT__1542798993697423.jpg", "samples/CAM_BACK/n015-2018-11-21-19-11-29+0800__CAM_BACK__1542798993687525.jpg", "samples/CAM_BACK_RIGHT/n015-2018-11-21-19-11-29+0800__CAM_BACK_RIGHT__1542798993677893.jpg"], "intrinsics": [[[1272.5979470598488, 0.0, 826.6154927353808], [0.0, 1272.5979470598488, 479.75165386361925], [0.0, 0.0, 1.0]], [[1266.417203046554, 0.0, 816.2670197447984], [0.0, 1266.417203046554, 491.50706579294757], [0.0, 0.0, 1.0]], [[1260.8474446004698, 0.0, 807.968244525554], [0.0, 1260.8474446004698, 495.3344268742088], [0.0, 0.0, 1.0]], [[1256.7414812095406, 0.0, 792.1125740759628], [0.0, 1256.7414812095406, 492.7757465151356], [0.0, 0.0, 1.0]], [[809.2209905677063, 0.0, 829.2196003259838], [0.0, 809.2209905677063, 481.77842384512485], [0.0, 0.0, 1.0]], [[1259.5137405846733, 0.0, 807.2529053838625], [0.0, 1259.5137405846733, 501.19579884916527], [0.0, 0.0, 1.0]]], "extrinsics": [[[0.8180457949638367, -0.5749716758728027, 0.01444298680871725, -0.71954345703125], [0.02372640185058117, 0.00864547397941351, -0.9996811151504517, 1.5151901245117188], [0.5746634006500244, 0.8181276321411133, 0.020714404061436653, -1.116455078125], [0.0, 0.0, 0.0, 1.0]], [[0.0019751822110265493, -0.9999873638153076, -0.004608068149536848, 0.0113525390625], [0.01850440911948681, 0.004643837455660105, -0.9998180270195007, 1.5250473022460938], [0.9998268485069275, 0.0018894884269684553, 0.018513347953557968, -1.44677734375], [0.0, 0.0, 0.0, 1.0]], [[-0.8340858817100525, -0.5506879687309265, -0.032303232699632645, 0.872802734375], [0.024258332327008247, 0.021886177361011505, -0.999466061592102, 1.5082626342773438], [0.55110102891922, -0.8344241976737976, -0.004896179772913456, -1.1379547119140625], [0.0, 0.0, 0.0, 1.0]], [[0.9474755525588989, 0.31852835416793823, 0.028806176036596298, -1.12890625], [0.033150237053632736, -0.008224294520914555, -0.9994165301322937, 1.5890121459960938], [-0.3181056082248688, 0.9478776454925537, -0.018351607024669647, -0.10845947265625], [0.0, 0.0, 0.0, 1.0]], [[0.0037944531068205833, 0.999991238117218, 0.0017668720101937652, 0.0010986328125], [0.007613558322191238, 0.0017379438504576683, -0.9999695420265198, 1.579977035522461], [-0.9999638199806213, 0.0038077696226537228, -0.007606896571815014, -0.079345703125], [0.0, 0.0, 0.0, 1.0]], [[-0.9334506988525391, 0.3573203682899475, -0.03149458020925522, 0.999755859375], [0.0401785671710968, 0.01690378412604332, -0.9990495443344116, 1.557220458984375], [-0.35644832253456116, -0.9338289499282837, -0.030135471373796463, -0.1123046875], [0.0, 0.0, 0.0, 1.0]]], "view": [[0.0, -2.0, 100.0], [-2.0, 0.0, 100.0], [0.0, 0.0, 1.0]], "bev": "bev_bdb26cf35c814f1c9473450206484add.png", "aux": "aux_bdb26cf35c814f1c9473450206484add.npz", "visibility": "visibility_bdb26cf35c814f1c9473450206484add.png", "pose": [[0.9413846135139465, -0.33733510971069336, 0.0, 1607.3709716796875], [0.33733510971069336, 0.9413846135139465, 0.0, 2483.9853515625], [0.0, 0.0, 1.0, 0.0], [0.0, 0.0, 0.0, 1.0]], "pose_inverse": [[0.9413846135139465, 0.33733510971069336, 0.0, -2351.08984375], [-0.33733510971069336, 0.9413846135139465, 0.0, -1796.1629638671875], [0.0, 0.0, 1.0, 0.0], [0.0, 0.0, 0.0, 1.0]], "cam_ids": [0, 1, 2, 3, 4, 5], "cam_channels": ["CAM_FRONT_LEFT", "CAM_FRONT", "CAM_FRONT_RIGHT", "CAM_BACK_LEFT", "CAM_BACK", "CAM_BACK_RIGHT"], "token": "bdb26cf35c814f1c9473450206484add", "scene": "scene-1054"}, {"images": ["samples/CAM_FRONT_LEFT/n015-2018-11-21-19-11-29+0800__CAM_FRONT_LEFT__1542798994154844.jpg", "samples/CAM_FRONT/n015-2018-11-21-19-11-29+0800__CAM_FRONT__1542798994162460.jpg", "samples/CAM_FRONT_RIGHT/n015-2018-11-21-19-11-29+0800__CAM_FRONT_RIGHT__1542798994170339.jpg", "samples/CAM_BACK_LEFT/n015-2018-11-21-19-11-29+0800__CAM_BACK_LEFT__1542798994197423.jpg", "samples/CAM_BACK/n015-2018-11-21-19-11-29+0800__CAM_BACK__1542798994187525.jpg", "samples/CAM_BACK_RIGHT/n015-2018-11-21-19-11-29+0800__CAM_BACK_RIGHT__1542798994177893.jpg"], "intrinsics": [[[1272.5979470598488, 0.0, 826.6154927353808], [0.0, 1272.5979470598488, 479.75165386361925], [0.0, 0.0, 1.0]], [[1266.417203046554, 0.0, 816.2670197447984], [0.0, 1266.417203046554, 491.50706579294757], [0.0, 0.0, 1.0]], [[1260.8474446004698, 0.0, 807.968244525554], [0.0, 1260.8474446004698, 495.3344268742088], [0.0, 0.0, 1.0]], [[1256.7414812095406, 0.0, 792.1125740759628], [0.0, 1256.7414812095406, 492.7757465151356], [0.0, 0.0, 1.0]], [[809.2209905677063, 0.0, 829.2196003259838], [0.0, 809.2209905677063, 481.77842384512485], [0.0, 0.0, 1.0]], [[1259.5137405846733, 0.0, 807.2529053838625], [0.0, 1259.5137405846733, 501.19579884916527], [0.0, 0.0, 1.0]]], "extrinsics": [[[0.820811927318573, -0.5711964964866638, 0.0015193389263004065, -0.68353271484375], [0.005896440241485834, 0.005813378840684891, -0.9999657273292542, 1.510232925415039], [0.571168065071106, 0.8207927942276001, 0.008139717392623425, -1.0888671875], [0.0, 0.0, 0.0, 1.0]], [[0.005727419629693031, -0.9999818801879883, -0.0018252021400257945, 0.0096435546875], [0.00030509813223034143, 0.0018269799184054136, -0.9999982714653015, 1.5206127166748047], [0.9999836087226868, 0.005726844072341919, 0.0003155563317704946, -1.408935546875], [0.0, 0.0, 0.0, 1.0]], [[-0.8328706622123718, -0.553257405757904, -0.015254746191203594, 0.8466796875], [0.005643036682158709, 0.01907215267419815, -0.9998021721839905, 1.5048637390136719], [0.5534389615058899, -0.8327918648719788, -0.012762581929564476, -1.1222381591796875], [0.0, 0.0, 0.0, 1.0]], [[0.9477484226226807, 0.318889856338501, 0.009062418714165688, -1.120361328125], [0.01337604969739914, -0.011339670047163963, -0.9998462200164795, 1.5888652801513672], [-0.3187381327152252, 0.9477238655090332, -0.015012642368674278, -0.11138916015625], [0.0, 0.0, 0.0, 1.0]], [[0.0025325180031359196, 0.9999959468841553, -0.0013181498507037759, 0.001953125], [-0.011710324324667454, -0.0012884070165455341, -0.9999306201934814, 1.5782279968261719], [-0.9999281764030457, 0.002547779818996787, 0.011707013472914696, -0.094482421875], [0.0, 0.0, 0.0, 1.0]], [[-0.934680163860321, 0.35517770051956177, -0.014890584163367748, 0.9783935546875], [0.0212688148021698, 0.014059994369745255, -0.999674916267395, 1.5550003051757812], [-0.3548528552055359, -0.9346930980682373, -0.02069580741226673, -0.121826171875], [0.0, 0.0, 0.0, 1.0]]], "view": [[0.0, -2.0, 100.0], [-2.0, 0.0, 100.0], [0.0, 0.0, 1.0]], "bev": "bev_e0e9fbddc49c4a3dbdd6f1e002ebd171.png", "aux": "aux_e0e9fbddc49c4a3dbdd6f1e002ebd171.npz", "visibility": "visibility_e0e9fbddc49c4a3dbdd6f1e002ebd171.png", "pose": [[0.9368202090263367, -0.34981122612953186, 0.0, 1610.677001953125], [0.34981122612953186, 0.9368202090263367, 0.0, 2485.166259765625], [0.0, 0.0, 1.0, 0.0], [0.0, 0.0, 0.0, 1.0]], "pose_inverse": [[0.9368202090263367, 0.34981122612953186, 0.0, -2378.25390625], [-0.34981122612953186, 0.9368202090263367, 0.0, -1764.7210693359375], [0.0, 0.0, 1.0, 0.0], [0.0, 0.0, 0.0, 1.0]], "cam_ids": [0, 1, 2, 3, 4, 5], "cam_channels": ["CAM_FRONT_LEFT", "CAM_FRONT", "CAM_FRONT_RIGHT", "CAM_BACK_LEFT", "CAM_BACK", "CAM_BACK_RIGHT"], "token": "e0e9fbddc49c4a3dbdd6f1e002ebd171", "scene": "scene-1054"}, {"images": ["samples/CAM_FRONT_LEFT/n015-2018-11-21-19-11-29+0800__CAM_FRONT_LEFT__1542798994654844.jpg", "samples/CAM_FRONT/n015-2018-11-21-19-11-29+0800__CAM_FRONT__1542798994662460.jpg", "samples/CAM_FRONT_RIGHT/n015-2018-11-21-19-11-29+0800__CAM_FRONT_RIGHT__1542798994670339.jpg", "samples/CAM_BACK_LEFT/n015-2018-11-21-19-11-29+0800__CAM_BACK_LEFT__1542798994697423.jpg", "samples/CAM_BACK/n015-2018-11-21-19-11-29+0800__CAM_BACK__1542798994687525.jpg", "samples/CAM_BACK_RIGHT/n015-2018-11-21-19-11-29+0800__CAM_BACK_RIGHT__1542798994677893.jpg"], "intrinsics": [[[1272.5979470598488, 0.0, 826.6154927353808], [0.0, 1272.5979470598488, 479.75165386361925], [0.0, 0.0, 1.0]], [[1266.417203046554, 0.0, 816.2670197447984], [0.0, 1266.417203046554, 491.50706579294757], [0.0, 0.0, 1.0]], [[1260.8474446004698, 0.0, 807.968244525554], [0.0, 1260.8474446004698, 495.3344268742088], [0.0, 0.0, 1.0]], [[1256.7414812095406, 0.0, 792.1125740759628], [0.0, 1256.7414812095406, 492.7757465151356], [0.0, 0.0, 1.0]], [[809.2209905677063, 0.0, 829.2196003259838], [0.0, 809.2209905677063, 481.77842384512485], [0.0, 0.0, 1.0]], [[1259.5137405846733, 0.0, 807.2529053838625], [0.0, 1259.5137405846733, 501.19579884916527], [0.0, 0.0, 1.0]]], "extrinsics": [[[0.8209823369979858, -0.570830762386322, -0.011843377724289894, -0.6702880859375], [-0.011573860421776772, 0.004100251477211714, -0.9999246001243591, 1.5041027069091797], [0.5708363056182861, 0.8210574388504028, -0.003240481950342655, -1.07763671875], [0.0, 0.0, 0.0, 1.0]], [[0.00610576756298542, -0.9999813437461853, -4.256746615283191e-05, 0.0084228515625], [-0.017245452851057053, -6.273622420849279e-05, -0.9998512864112854, 1.5153999328613281], [0.9998326301574707, 0.006105581298470497, -0.017245512455701828, -1.39453125], [0.0, 0.0, 0.0, 1.0]], [[-0.8328143954277039, -0.553551971912384, 0.0005695283762179315, 0.836181640625], [-0.012046141549944878, 0.01709468849003315, -0.9997812509536743, 1.5007833242416382], [0.5534212589263916, -0.8326390981674194, -0.020904868841171265, -1.116973876953125], [0.0, 0.0, 0.0, 1.0]], [[0.9477273225784302, 0.3189578652381897, -0.008885609917342663, -1.119873046875], [-0.004949658177793026, -0.013148467987775803, -0.999901294708252, 1.5884361267089844], [-0.3190431296825409, 0.9476776719093323, -0.010882430709898472, -0.11138916015625], [0.0, 0.0, 0.0, 1.0]], [[0.002313473494723439, 0.9999919533729553, -0.0033006465528160334, 0.002685546875], [-0.02979106456041336, -0.003230269765481353, -0.9995509386062622, 1.5763397216796875], [-0.999553382396698, 0.002410714980214834, 0.029783349484205246, -0.099365234375], [0.0, 0.0, 0.0, 1.0]], [[-0.9349029660224915, 0.35490164160728455, 0.001113568665459752, 0.970703125], [0.0034026880748569965, 0.012100991792976856, -0.9999210238456726, 1.552042007446289], [-0.35488709807395935, -0.9348253607749939, -0.012520873919129372, -0.12548828125], [0.0, 0.0, 0.0, 1.0]]], "view": [[0.0, -2.0, 100.0], [-2.0, 0.0, 100.0], [0.0, 0.0, 1.0]], "bev": "bev_da033152c78849d39f98e9a94a0c06c5.png", "aux": "aux_da033152c78849d39f98e9a94a0c06c5.npz", "visibility": "visibility_da033152c78849d39f98e9a94a0c06c5.png", "pose": [[0.9392151832580566, -0.3433290421962738, 0.0, 1614.2935791015625], [0.3433290421962738, 0.9392151832580566, 0.0, 2486.4677734375], [0.0, 0.0, 1.0, 0.0], [0.0, 0.0, 0.0, 1.0]], "pose_inverse": [[0.9392151832580566, 0.3433290421962738, 0.0, -2369.845703125], [-0.3433290421962738, 0.9392151832580566, 0.0, -1781.0943603515625], [0.0, 0.0, 1.0, 0.0], [0.0, 0.0, 0.0, 1.0]], "cam_ids": [0, 1, 2, 3, 4, 5], "cam_channels": ["CAM_FRONT_LEFT", "CAM_FRONT", "CAM_FRONT_RIGHT", "CAM_BACK_LEFT", "CAM_BACK", "CAM_BACK_RIGHT"], "token": "da033152c78849d39f98e9a94a0c06c5", "scene": "scene-1054"}, {"images": ["samples/CAM_FRONT_LEFT/n015-2018-11-21-19-11-29+0800__CAM_FRONT_LEFT__1542798995154844.jpg", "samples/CAM_FRONT/n015-2018-11-21-19-11-29+0800__CAM_FRONT__1542798995162460.jpg", "samples/CAM_FRONT_RIGHT/n015-2018-11-21-19-11-29+0800__CAM_FRONT_RIGHT__1542798995170339.jpg", "samples/CAM_BACK_LEFT/n015-2018-11-21-19-11-29+0800__CAM_BACK_LEFT__1542798995197423.jpg", "samples/CAM_BACK/n015-2018-11-21-19-11-29+0800__CAM_BACK__1542798995187525.jpg", "samples/CAM_BACK_RIGHT/n015-2018-11-21-19-11-29+0800__CAM_BACK_RIGHT__1542798995177893.jpg"], "intrinsics": [[[1272.5979470598488, 0.0, 826.6154927353808], [0.0, 1272.5979470598488, 479.75165386361925], [0.0, 0.0, 1.0]], [[1266.417203046554, 0.0, 816.2670197447984], [0.0, 1266.417203046554, 491.50706579294757], [0.0, 0.0, 1.0]], [[1260.8474446004698, 0.0, 807.968244525554], [0.0, 1260.8474446004698, 495.3344268742088], [0.0, 0.0, 1.0]], [[1256.7414812095406, 0.0, 792.1125740759628], [0.0, 1256.7414812095406, 492.7757465151356], [0.0, 0.0, 1.0]], [[809.2209905677063, 0.0, 829.2196003259838], [0.0, 809.2209905677063, 481.77842384512485], [0.0, 0.0, 1.0]], [[1259.5137405846733, 0.0, 807.2529053838625], [0.0, 1259.5137405846733, 501.19579884916527], [0.0, 0.0, 1.0]]], "extrinsics": [[[0.8201940655708313, -0.5716328620910645, -0.02275107614696026, -0.65264892578125], [-0.03498878329992294, -0.01042921468615532, -0.9993332624435425, 1.4949874877929688], [0.571014404296875, 0.8204432129859924, -0.02855471707880497, -1.06494140625], [0.0, 0.0, 0.0, 1.0]], [[0.005692699458450079, -0.9998788237571716, 0.014489861205220222, 0.008056640625], [-0.040294259786605835, -0.01470769103616476, -0.9990796446800232, 1.5078048706054688], [0.9991716146469116, 0.0051036071963608265, -0.04037310183048248, -1.37646484375], [0.0, 0.0, 0.0, 1.0]], [[-0.8327617049217224, -0.552941620349884, 0.027631990611553192, 0.82421875], [-0.034706927835941315, 0.0023281455505639315, -0.9993948340415955, 1.4949493408203125], [0.5525427460670471, -0.8332167267799377, -0.02112969383597374, -1.10943603515625], [0.0, 0.0, 0.0, 1.0]], [[0.9473472833633423, 0.3184010088443756, -0.033970821648836136, -1.11865234375], [-0.026177717372775078, -0.02872406505048275, -0.9992445111274719, 1.587921142578125], [-0.3191361427307129, 0.9475208520889282, -0.018876653164625168, -0.11126708984375], [0.0, 0.0, 0.0, 1.0]], [[0.002359482692554593, 0.9998272657394409, -0.01843860372900963, 0.0029296875], [-0.05155813694000244, -0.0182925034314394, -0.9985024333000183, 1.5738677978515625], [-0.9986672401428223, 0.003306575119495392, 0.05150606855750084, -0.104736328125], [0.0, 0.0, 0.0, 1.0]], [[-0.9345667362213135, 0.35539740324020386, 0.01666250452399254, 0.9610595703125], [-0.018882697448134422, -0.002779067028313875, -0.9998178482055664, 1.5479087829589844], [-0.3552863299846649, -0.9347111582756042, 0.009308082982897758, -0.129638671875], [0.0, 0.0, 0.0, 1.0]]], "view": [[0.0, -2.0, 100.0], [-2.0, 0.0, 100.0], [0.0, 0.0, 1.0]], "bev": "bev_cfbe5c0cbe6c4cbca34903a6bb4e574f.png", "aux": "aux_cfbe5c0cbe6c4cbca34903a6bb4e574f.npz", "visibility": "visibility_cfbe5c0cbe6c4cbca34903a6bb4e574f.png", "pose": [[0.9409192800521851, -0.33863091468811035, 0.0, 1618.123291015625], [0.33863091468811035, 0.9409192800521851, 0.0, 2487.828369140625], [0.0, 0.0, 1.0, 0.0], [0.0, 0.0, 0.0, 1.0]], "pose_inverse": [[0.9409192800521851, 0.33863091468811035, 0.0, -2364.97900390625], [-0.33863091468811035, 0.9409192800521851, 0.0, -1792.8990478515625], [0.0, 0.0, 1.0, 0.0], [0.0, 0.0, 0.0, 1.0]], "cam_ids": [0, 1, 2, 3, 4, 5], "cam_channels": ["CAM_FRONT_LEFT", "CAM_FRONT", "CAM_FRONT_RIGHT", "CAM_BACK_LEFT", "CAM_BACK", "CAM_BACK_RIGHT"], "token": "cfbe5c0cbe6c4cbca34903a6bb4e574f", "scene": "scene-1054"}, {"images": ["samples/CAM_FRONT_LEFT/n015-2018-11-21-19-11-29+0800__CAM_FRONT_LEFT__1542798995654844.jpg", "samples/CAM_FRONT/n015-2018-11-21-19-11-29+0800__CAM_FRONT__1542798995662460.jpg", "samples/CAM_FRONT_RIGHT/n015-2018-11-21-19-11-29+0800__CAM_FRONT_RIGHT__1542798995670339.jpg", "samples/CAM_BACK_LEFT/n015-2018-11-21-19-11-29+0800__CAM_BACK_LEFT__1542798995697423.jpg", "samples/CAM_BACK/n015-2018-11-21-19-11-29+0800__CAM_BACK__1542798995687525.jpg", "samples/CAM_BACK_RIGHT/n015-2018-11-21-19-11-29+0800__CAM_BACK_RIGHT__1542798995677893.jpg"], "intrinsics": [[[1272.5979470598488, 0.0, 826.6154927353808], [0.0, 1272.5979470598488, 479.75165386361925], [0.0, 0.0, 1.0]], [[1266.417203046554, 0.0, 816.2670197447984], [0.0, 1266.417203046554, 491.50706579294757], [0.0, 0.0, 1.0]], [[1260.8474446004698, 0.0, 807.968244525554], [0.0, 1260.8474446004698, 495.3344268742088], [0.0, 0.0, 1.0]], [[1256.7414812095406, 0.0, 792.1125740759628], [0.0, 1256.7414812095406, 492.7757465151356], [0.0, 0.0, 1.0]], [[809.2209905677063, 0.0, 829.2196003259838], [0.0, 809.2209905677063, 481.77842384512485], [0.0, 0.0, 1.0]], [[1259.5137405846733, 0.0, 807.2529053838625], [0.0, 1259.5137405846733, 501.19579884916527], [0.0, 0.0, 1.0]]], "extrinsics": [[[0.8204589486122131, -0.5714868307113647, -0.01580907590687275, -0.6473388671875], [-0.039493296295404434, -0.02906903438270092, -0.9987969398498535, 1.4931488037109375], [0.5703397393226624, 0.8200962543487549, -0.04641985148191452, -1.06298828125], [0.0, 0.0, 0.0, 1.0]], [[0.00633072666823864, -0.9994369149208069, 0.03294920548796654, 0.0096435546875], [-0.04375471919775009, -0.033195167779922485, -0.9984906911849976, 1.5066070556640625], [0.9990221858024597, 0.004879462532699108, -0.043940234929323196, -1.37255859375], [0.0, 0.0, 0.0, 1.0]], [[-0.8324078321456909, -0.5527365207672119, 0.03974418342113495, 0.822265625], [-0.037024401128292084, -0.01608791947364807, -0.9991848468780518, 1.4942855834960938], [0.5529253482818604, -0.8332007527351379, -0.0070730275474488735, -1.1067352294921875], [0.0, 0.0, 0.0, 1.0]], [[0.9472701549530029, 0.31817883253097534, -0.03796658664941788, -1.117431640625], [-0.024288056418299675, -0.04684891924262047, -0.9986066818237305, 1.5879364013671875], [-0.3195142149925232, 0.9468724131584167, -0.0366506390273571, -0.11248779296875], [0.0, 0.0, 0.0, 1.0]], [[0.0019474808359518647, 0.9993194937705994, -0.03683382272720337, 0.001953125], [-0.05121942609548569, -0.03668586164712906, -0.9980133771896362, 1.5738525390625], [-0.9986855387687683, 0.0038302289322018623, 0.05111312493681908, -0.10595703125], [0.0, 0.0, 0.0, 1.0]], [[-0.9347100257873535, 0.3552353084087372, 0.011181894689798355, 0.9588623046875], [-0.020028529688715935, -0.021235894411802292, -0.999573826789856, 1.5476913452148438], [-0.35484644770622253, -0.9345356822013855, 0.02696424350142479, -0.129638671875], [0.0, 0.0, 0.0, 1.0]]], "view": [[0.0, -2.0, 100.0], [-2.0, 0.0, 100.0], [0.0, 0.0, 1.0]], "bev": "bev_5e6ad87a22884bb28b1098165958fedf.png", "aux": "aux_5e6ad87a22884bb28b1098165958fedf.npz", "visibility": "visibility_5e6ad87a22884bb28b1098165958fedf.png", "pose": [[0.9409040212631226, -0.33867332339286804, 0.0, 1622.083740234375], [0.33867332339286804, 0.9409040212631226, 0.0, 2489.22900390625], [0.0, 0.0, 1.0, 0.0], [0.0, 0.0, 0.0, 1.0]], "pose_inverse": [[0.9409040212631226, 0.33867332339286804, 0.0, -2369.260498046875], [-0.33867332339286804, 0.9409040212631226, 0.0, -1792.7691650390625], [0.0, 0.0, 1.0, 0.0], [0.0, 0.0, 0.0, 1.0]], "cam_ids": [0, 1, 2, 3, 4, 5], "cam_channels": ["CAM_FRONT_LEFT", "CAM_FRONT", "CAM_FRONT_RIGHT", "CAM_BACK_LEFT", "CAM_BACK", "CAM_BACK_RIGHT"], "token": "5e6ad87a22884bb28b1098165958fedf", "scene": "scene-1054"}, {"images": ["samples/CAM_FRONT_LEFT/n015-2018-11-21-19-11-29+0800__CAM_FRONT_LEFT__1542798996154844.jpg", "samples/CAM_FRONT/n015-2018-11-21-19-11-29+0800__CAM_FRONT__1542798996162470.jpg", "samples/CAM_FRONT_RIGHT/n015-2018-11-21-19-11-29+0800__CAM_FRONT_RIGHT__1542798996170339.jpg", "samples/CAM_BACK_LEFT/n015-2018-11-21-19-11-29+0800__CAM_BACK_LEFT__1542798996197423.jpg", "samples/CAM_BACK/n015-2018-11-21-19-11-29+0800__CAM_BACK__1542798996187525.jpg", "samples/CAM_BACK_RIGHT/n015-2018-11-21-19-11-29+0800__CAM_BACK_RIGHT__1542798996177893.jpg"], "intrinsics": [[[1272.5979470598488, 0.0, 826.6154927353808], [0.0, 1272.5979470598488, 479.75165386361925], [0.0, 0.0, 1.0]], [[1266.417203046554, 0.0, 816.2670197447984], [0.0, 1266.417203046554, 491.50706579294757], [0.0, 0.0, 1.0]], [[1260.8474446004698, 0.0, 807.968244525554], [0.0, 1260.8474446004698, 495.3344268742088], [0.0, 0.0, 1.0]], [[1256.7414812095406, 0.0, 792.1125740759628], [0.0, 1256.7414812095406, 492.7757465151356], [0.0, 0.0, 1.0]], [[809.2209905677063, 0.0, 829.2196003259838], [0.0, 809.2209905677063, 481.77842384512485], [0.0, 0.0, 1.0]], [[1259.5137405846733, 0.0, 807.2529053838625], [0.0, 1259.5137405846733, 501.19579884916527], [0.0, 0.0, 1.0]]], "extrinsics": [[[0.8198345303535461, -0.5721014738082886, -0.023899588733911514, -0.6473388671875], [-0.04522622749209404, -0.023089023306965828, -0.9987099170684814, 1.490936279296875], [0.5708116292953491, 0.8198577761650085, -0.04480316489934921, -1.0634765625], [0.0, 0.0, 0.0, 1.0]], [[0.0057046618312597275, -0.9996328353881836, 0.026487380266189575, 0.010009765625], [-0.05038188397884369, -0.02674149163067341, -0.998371958732605, 1.504547119140625], [0.9987137317657471, 0.004360897000879049, -0.05051593855023384, -1.373779296875], [0.0, 0.0, 0.0, 1.0]], [[-0.8325221538543701, -0.5523914694786072, 0.04207640886306763, 0.824462890625], [-0.04443873092532158, -0.009118285961449146, -0.9989705085754395, 1.49249267578125], [0.5522064566612244, -0.8335349559783936, -0.016956401988863945, -1.1082305908203125], [0.0, 0.0, 0.0, 1.0]], [[0.9470871090888977, 0.3179223835468292, -0.044173140078783035, -1.125], [-0.03384369984269142, -0.03794347122311592, -0.998706579208374, 1.58795166015625], [-0.3191872835159302, 0.947357177734375, -0.02517610974609852, -0.109619140625], [0.0, 0.0, 0.0, 1.0]], [[0.0023033921606838703, 0.9995862245559692, -0.028674408793449402, 0.0020751953125], [-0.06009998172521591, -0.028484279289841652, -0.9977858662605286, 1.57318115234375], [-0.9981896877288818, 0.004021577537059784, 0.06000949442386627, -0.101318359375], [0.0, 0.0, 0.0, 1.0]], [[-0.934331476688385, 0.35576120018959045, 0.021417345851659775, 0.961669921875], [-0.028138531371951103, -0.013727940618991852, -0.9995097517967224, 1.5462570190429688], [-0.35529276728630066, -0.9344761371612549, 0.022837044671177864, -0.128173828125], [0.0, 0.0, 0.0, 1.0]]], "view": [[0.0, -2.0, 100.0], [-2.0, 0.0, 100.0], [0.0, 0.0, 1.0]], "bev": "bev_35c595f4184948d7b3a9586c94186e8a.png", "aux": "aux_35c595f4184948d7b3a9586c94186e8a.npz", "visibility": "visibility_35c595f4184948d7b3a9586c94186e8a.png", "pose": [[0.9393667578697205, -0.3429141342639923, 0.0, 1626.1429443359375], [0.3429141342639923, 0.9393667578697205, 0.0, 2490.66796875], [0.0, 0.0, 1.0, 0.0], [0.0, 0.0, 0.0, 1.0]], "pose_inverse": [[0.9393667578697205, 0.3429141342639923, 0.0, -2381.6298828125], [-0.3429141342639923, 0.9393667578697205, 0.0, -1782.0233154296875], [0.0, 0.0, 1.0, 0.0], [0.0, 0.0, 0.0, 1.0]], "cam_ids": [0, 1, 2, 3, 4, 5], "cam_channels": ["CAM_FRONT_LEFT", "CAM_FRONT", "CAM_FRONT_RIGHT", "CAM_BACK_LEFT", "CAM_BACK", "CAM_BACK_RIGHT"], "token": "35c595f4184948d7b3a9586c94186e8a", "scene": "scene-1054"}, {"images": ["samples/CAM_FRONT_LEFT/n015-2018-11-21-19-11-29+0800__CAM_FRONT_LEFT__1542798996654844.jpg", "samples/CAM_FRONT/n015-2018-11-21-19-11-29+0800__CAM_FRONT__1542798996662460.jpg", "samples/CAM_FRONT_RIGHT/n015-2018-11-21-19-11-29+0800__CAM_FRONT_RIGHT__1542798996670339.jpg", "samples/CAM_BACK_LEFT/n015-2018-11-21-19-11-29+0800__CAM_BACK_LEFT__1542798996697423.jpg", "samples/CAM_BACK/n015-2018-11-21-19-11-29+0800__CAM_BACK__1542798996687525.jpg", "samples/CAM_BACK_RIGHT/n015-2018-11-21-19-11-29+0800__CAM_BACK_RIGHT__1542798996677893.jpg"], "intrinsics": [[[1272.5979470598488, 0.0, 826.6154927353808], [0.0, 1272.5979470598488, 479.75165386361925], [0.0, 0.0, 1.0]], [[1266.417203046554, 0.0, 816.2670197447984], [0.0, 1266.417203046554, 491.50706579294757], [0.0, 0.0, 1.0]], [[1260.8474446004698, 0.0, 807.968244525554], [0.0, 1260.8474446004698, 495.3344268742088], [0.0, 0.0, 1.0]], [[1256.7414812095406, 0.0, 792.1125740759628], [0.0, 1256.7414812095406, 492.7757465151356], [0.0, 0.0, 1.0]], [[809.2209905677063, 0.0, 829.2196003259838], [0.0, 809.2209905677063, 481.77842384512485], [0.0, 0.0, 1.0]], [[1259.5137405846733, 0.0, 807.2529053838625], [0.0, 1259.5137405846733, 501.19579884916527], [0.0, 0.0, 1.0]]], "extrinsics": [[[0.8202359080314636, -0.5720229148864746, -0.0017095126677304506, -0.6502685546875], [-0.016175080090761185, -0.020206253975629807, -0.9996649622917175, 1.5020370483398438], [0.5717967748641968, 0.8199886679649353, -0.025826409459114075, -1.060791015625], [0.0, 0.0, 0.0, 1.0]], [[0.005175333470106125, -0.9996956586837769, 0.024120455607771873, 0.006591796875], [-0.02105950377881527, -0.02422439120709896, -0.9994847178459167, 1.5138473510742188], [0.9997648596763611, 0.004664696287363768, -0.021178463473916054, -1.375244140625], [0.0, 0.0, 0.0, 1.0]], [[-0.8331844806671143, -0.5527543425559998, 0.016319597139954567, 0.8251953125], [-0.014976684004068375, -0.006945276167243719, -0.9998637437820435, 1.4999237060546875], [0.5527923107147217, -0.8333153128623962, -0.0024917316623032093, -1.1117095947265625], [0.0, 0.0, 0.0, 1.0]], [[0.9477428793907166, 0.31862780451774597, -0.016120417043566704, -1.133056640625], [-0.004688468761742115, -0.036613158881664276, -0.9993184804916382, 1.5884857177734375], [-0.31900086998939514, 0.9471726417541504, -0.03320598602294922, -0.10601806640625], [0.0, 0.0, 0.0, 1.0]], [[0.0024974041152745485, 0.9996321201324463, -0.027009394019842148, 0.0035400390625], [-0.03073139302432537, -0.026919998228549957, -0.9991651177406311, 1.57635498046875], [-0.9995245933532715, 0.0033253540750592947, 0.030