[{"images": ["samples/CAM_FRONT_LEFT/n015-2018-07-24-11-22-45+0800__CAM_FRONT_LEFT__1532402583504844.jpg", "samples/CAM_FRONT/n015-2018-07-24-11-22-45+0800__CAM_FRONT__1532402583512466.jpg", "samples/CAM_FRONT_RIGHT/n015-2018-07-24-11-22-45+0800__CAM_FRONT_RIGHT__1532402583520339.jpg", "samples/CAM_BACK_LEFT/n015-2018-07-24-11-22-45+0800__CAM_BACK_LEFT__1532402583547423.jpg", "samples/CAM_BACK/n015-2018-07-24-11-22-45+0800__CAM_BACK__1532402583537525.jpg", "samples/CAM_BACK_RIGHT/n015-2018-07-24-11-22-45+0800__CAM_BACK_RIGHT__1532402583527893.jpg"], "intrinsics": [[[1272.5979470598488, 0.0, 826.6154927353808], [0.0, 1272.5979470598488, 479.75165386361925], [0.0, 0.0, 1.0]], [[1266.417203046554, 0.0, 816.2670197447984], [0.0, 1266.417203046554, 491.50706579294757], [0.0, 0.0, 1.0]], [[1260.8474446004698, 0.0, 807.968244525554], [0.0, 1260.8474446004698, 495.3344268742088], [0.0, 0.0, 1.0]], [[1256.7414812095406, 0.0, 792.1125740759628], [0.0, 1256.7414812095406, 492.7757465151356], [0.0, 0.0, 1.0]], [[809.2209905677063, 0.0, 829.2196003259838], [0.0, 809.2209905677063, 481.77842384512485], [0.0, 0.0, 1.0]], [[1259.5137405846733, 0.0, 807.2529053838625], [0.0, 1259.5137405846733, 501.19579884916527], [0.0, 0.0, 1.0]]], "extrinsics": [[[0.8165605068206787, -0.5753485560417175, 0.04693472012877464, -0.6412353515625], [0.0377240851521492, -0.027946483343839645, -0.9988973140716553, 1.5232048034667969], [0.5760258436203003, 0.8174307346343994, -0.0011154941748827696, -1.0511322021484375], [0.0, 0.0, 0.0, 1.0]], [[0.0003883862227667123, -0.9994906783103943, 0.03190711513161659, 0.00341796875], [0.032651957124471664, -0.03187742456793785, -0.9989582896232605, 1.5311126708984375], [0.9994667172431946, 0.0014298693276941776, 0.03262294828891754, -1.3668212890625], [0.0, 0.0, 0.0, 1.0]], [[-0.8342177867889404, -0.5509045720100403, -0.024181190878152847, 0.821075439453125], [0.03859303891658783, -0.0145840123295784, -0.9991485476493835, 1.5133552551269531], [0.5500828623771667, -0.8344408273696899, 0.03342732414603233, -1.111083984375], [0.0, 0.0, 0.0, 1.0]], [[0.9470913410186768, 0.3194657862186432, 0.030976127833127975, -1.140625], [0.047669146209955215, -0.04456479847431183, -0.997868537902832, 1.5884017944335938], [-0.3174043893814087, 0.9465492963790894, -0.05743560194969177, -0.1002197265625], [0.0, 0.0, 0.0, 1.0]], [[0.004706224892288446, 0.9993897080421448, -0.03461398184299469, 0.00714111328125], [0.0221230648458004, -0.03470994904637337, -0.9991525411605835, 1.5812454223632812], [-0.999744176864624, 0.0039365398697555065, -0.02227291464805603, -0.0897216796875], [0.0, 0.0, 0.0, 1.0]], [[-0.9325071573257446, 0.35647258162498474, -0.05794554203748703, 0.9683837890625], [0.054567061364650726, -0.01953575573861599, -0.9983190298080444, 1.561279296875], [-0.35700538754463196, -0.9341015815734863, -0.0012344315182417631, -0.1322021484375], [0.0, 0.0, 0.0, 1.0]]], "view": [[0.0, -2.0, 100.0], [-2.0, 0.0, 100.0], [0.0, 0.0, 1.0]], "bev": "bev_f3e1d807c1784a2c8adfb80952ca5098.png", "aux": "aux_f3e1d807c1784a2c8adfb80952ca5098.npz", "visibility": "visibility_f3e1d807c1784a2c8adfb80952ca5098.png", "pose": [[0.5213178992271423, -0.8533625602722168, 0.0, 1171.408447265625], [0.8533625602722168, 0.5213178992271423, 0.0, 421.7948303222656], [0.0, 0.0, 1.0, 0.0], [0.0, 0.0, 0.0, 1.0]], "pose_inverse": [[0.5213178992271423, 0.8533625602722168, 0.0, -970.6201171875], [-0.8533625602722168, 0.5213178992271423, 0.0, 779.7468872070312], [0.0, 0.0, 1.0, 0.0], [0.0, 0.0, 0.0, 1.0]], "cam_ids": [0, 1, 2, 3, 4, 5], "cam_channels": ["CAM_FRONT_LEFT", "CAM_FRONT", "CAM_FRONT_RIGHT", "CAM_BACK_LEFT", "CAM_BACK", "CAM_BACK_RIGHT"], "token": "f3e1d807c1784a2c8adfb80952ca5098", "scene": "scene-0055"}, {"images": ["samples/CAM_FRONT_LEFT/n015-2018-07-24-11-22-45+0800__CAM_FRONT_LEFT__1532402584004844.jpg", "samples/CAM_FRONT/n015-2018-07-24-11-22-45+0800__CAM_FRONT__1532402584012460.jpg", "samples/CAM_FRONT_RIGHT/n015-2018-07-24-11-22-45+0800__CAM_FRONT_RIGHT__1532402584020339.jpg", "samples/CAM_BACK_LEFT/n015-2018-07-24-11-22-45+0800__CAM_BACK_LEFT__1532402584047423.jpg", "samples/CAM_BACK/n015-2018-07-24-11-22-45+0800__CAM_BACK__1532402584037525.jpg", "samples/CAM_BACK_RIGHT/n015-2018-07-24-11-22-45+0800__CAM_BACK_RIGHT__1532402584027893.jpg"], "intrinsics": [[[1272.5979470598488, 0.0, 826.6154927353808], [0.0, 1272.5979470598488, 479.75165386361925], [0.0, 0.0, 1.0]], [[1266.417203046554, 0.0, 816.2670197447984], [0.0, 1266.417203046554, 491.50706579294757], [0.0, 0.0, 1.0]], [[1260.8474446004698, 0.0, 807.968244525554], [0.0, 1260.8474446004698, 495.3344268742088], [0.0, 0.0, 1.0]], [[1256.7414812095406, 0.0, 792.1125740759628], [0.0, 1256.7414812095406, 492.7757465151356], [0.0, 0.0, 1.0]], [[809.2209905677063, 0.0, 829.2196003259838], [0.0, 809.2209905677063, 481.77842384512485], [0.0, 0.0, 1.0]], [[1259.5137405846733, 0.0, 807.2529053838625], [0.0, 1259.5137405846733, 501.19579884916527], [0.0, 0.0, 1.0]]], "extrinsics": [[[0.8169829249382019, -0.5750830173492432, 0.042642462998628616, -0.6212158203125], [0.03111269697546959, -0.029881298542022705, -0.9990691542625427, 1.5213470458984375], [0.5758218169212341, 0.8175492286682129, -0.006520126946270466, -1.0376434326171875], [0.0, 0.0, 0.0, 1.0]], [[0.0006754530477337539, -0.9994176626205444, 0.03411388024687767, 0.004638671875], [0.02572357840836048, -0.0340852364897728, -0.9990878701210022, 1.5293998718261719], [0.9996688365936279, 0.0015523754991590977, 0.025685572996735573, -1.34686279296875], [0.0, 0.0, 0.0, 1.0]], [[-0.8344182372093201, -0.550877034664154, -0.016753360629081726, 0.808441162109375], [0.031337346881628036, -0.017074164003133774, -0.9993629455566406, 1.511993408203125], [0.5502400994300842, -0.8344117999076843, 0.03151002526283264, -1.1025390625], [0.0, 0.0, 0.0, 1.0]], [[0.9472708702087402, 0.31967106461524963, 0.022095471620559692, -1.14178466796875], [0.03952939808368683, -0.04815104603767395, -0.9980575442314148, 1.588409423828125], [-0.3179861605167389, 0.9463043212890625, -0.05824849382042885, -0.1011962890625], [0.0, 0.0, 0.0, 1.0]], [[0.004482663702219725, 0.9992760419845581, -0.037781357765197754, 0.00604248046875], [0.014246152713894844, -0.03784172236919403, -0.9991821646690369, 1.5806350708007812], [-0.9998884797096252, 0.003940804395824671, -0.014405469410121441, -0.09503173828125], [0.0, 0.0, 0.0, 1.0]], [[-0.9328936338424683, 0.35639524459838867, -0.051883161067962646, 0.957763671875], [0.04702490195631981, -0.022288816049695015, -0.998645007610321, 1.5604286193847656], [-0.357068806886673, -0.9340695142745972, 0.004033645614981651, -0.135101318359375], [0.0, 0.0, 0.0, 1.0]]], "view": [[0.0, -2.0, 100.0], [-2.0, 0.0, 100.0], [0.0, 0.0, 1.0]], "bev": "bev_79a6d2fb415945d6ac4b115bb5286bd5.png", "aux": "aux_79a6d2fb415945d6ac4b115bb5286bd5.npz", "visibility": "visibility_79a6d2fb415945d6ac4b115bb5286bd5.png", "pose": [[0.4562337100505829, -0.8898599743843079, 0.0, 1173.76806640625], [0.8898599743843079, 0.4562337100505829, 0.0, 425.9733581542969], [0.0, 0.0, 1.0, 0.0], [0.0, 0.0, 0.0, 1.0]], "pose_inverse": [[0.4562337100505829, 0.8898599743843079, 0.0, -914.5692138671875], [-0.8898599743843079, 0.4562337100505829, 0.0, 850.1458129882812], [0.0, 0.0, 1.0, 0.0], [0.0, 0.0, 0.0, 1.0]], "cam_ids": [0, 1, 2, 3, 4, 5], "cam_channels": ["CAM_FRONT_LEFT", "CAM_FRONT", "CAM_FRONT_RIGHT", "CAM_BACK_LEFT", "CAM_BACK", "CAM_BACK_RIGHT"], "token": "79a6d2fb415945d6ac4b115bb5286bd5", "scene": "scene-0055"}, {"images": ["samples/CAM_FRONT_LEFT/n015-2018-07-24-11-22-45+0800__CAM_FRONT_LEFT__1532402584504844.jpg", "samples/CAM_FRONT/n015-2018-07-24-11-22-45+0800__CAM_FRONT__1532402584512460.jpg", "samples/CAM_FRONT_RIGHT/n015-2018-07-24-11-22-45+0800__CAM_FRONT_RIGHT__1532402584520339.jpg", "samples/CAM_BACK_LEFT/n015-2018-07-24-11-22-45+0800__CAM_BACK_LEFT__1532402584547423.jpg", "samples/CAM_BACK/n015-2018-07-24-11-22-45+0800__CAM_BACK__1532402584537525.jpg", "samples/CAM_BACK_RIGHT/n015-2018-07-24-11-22-45+0800__CAM_BACK_RIGHT__1532402584527893.jpg"], "intrinsics": [[[1272.5979470598488, 0.0, 826.6154927353808], [0.0, 1272.5979470598488, 479.75165386361925], [0.0, 0.0, 1.0]], [[1266.417203046554, 0.0, 816.2670197447984], [0.0, 1266.417203046554, 491.50706579294757], [0.0, 0.0, 1.0]], [[1260.8474446004698, 0.0, 807.968244525554], [0.0, 1260.8474446004698, 495.3344268742088], [0.0, 0.0, 1.0]], [[1256.7414812095406, 0.0, 792.1125740759628], [0.0, 1256.7414812095406, 492.7757465151356], [0.0, 0.0, 1.0]], [[809.2209905677063, 0.0, 829.2196003259838], [0.0, 809.2209905677063, 481.77842384512485], [0.0, 0.0, 1.0]], [[1259.5137405846733, 0.0, 807.2529053838625], [0.0, 1259.5137405846733, 501.19579884916527], [0.0, 0.0, 1.0]]], "extrinsics": [[[0.8169878125190735, -0.574607253074646, 0.04855366796255112, -0.61328125], [0.03256435692310333, -0.03809206560254097, -0.99874347448349, 1.5223121643066406], [0.5757346749305725, 0.8175423741340637, -0.012409042567014694, -1.0364227294921875], [0.0, 0.0, 0.0, 1.0]], [[0.0006765055004507303, -0.9991164803504944, 0.042020682245492935, 0.00750732421875], [0.027491524815559387, -0.04198623076081276, -0.9987398982048035, 1.5302772521972656], [0.9996218085289001, 0.0018308385042473674, 0.027438830584287643, -1.34130859375], [0.0, 0.0, 0.0, 1.0]], [[-0.8343770503997803, -0.5510079860687256, -0.01432164665311575, 0.8065185546875], [0.033431846648454666, -0.02465568110346794, -0.9991368055343628, 1.5127525329589844], [0.5501793026924133, -0.8341355919837952, 0.03899334743618965, -1.098388671875], [0.0, 0.0, 0.0, 1.0]], [[0.9473135471343994, 0.3194737434387207, 0.0230962336063385, -1.14422607421875], [0.04263262450695038, -0.054293449968099594, -0.9976145029067993, 1.5883636474609375], [-0.3174576461315155, 0.9460384845733643, -0.06505293399095535, -0.1015625], [0.0, 0.0, 0.0, 1.0]], [[0.004677725490182638, 0.99899822473526, -0.044505324214696884, 0.00439453125], [0.01692146062850952, -0.044578514993190765, -0.9988625645637512, 1.580963134765625], [-0.9998458623886108, 0.0039192792028188705, -0.017113033682107925, -0.09564208984375], [0.0, 0.0, 0.0, 1.0]], [[-0.932755708694458, 0.35602930188179016, -0.056657154113054276, 0.9542236328125], [0.049372028559446335, -0.02952367253601551, -0.9983440041542053, 1.5610809326171875], [-0.3571123778820038, -0.9340083003044128, 0.009960484690964222, -0.13348388671875], [0.0, 0.0, 0.0, 1.0]]], "view": [[0.0, -2.0, 100.0], [-2.0, 0.0, 100.0], [0.0, 0.0, 1.0]], "bev": "bev_476d5bd336fa4364992b3990c59030e3.png", "aux": "aux_476d5bd336fa4364992b3990c59030e3.npz", "visibility": "visibility_476d5bd336fa4364992b3990c59030e3.png", "pose": [[0.3999335765838623, -0.9165441393852234, 0.0, 1175.9407958984375], [0.9165441393852234, 0.3999335765838623, 0.0, 430.4879455566406], [0.0, 0.0, 1.0, 0.0], [0.0, 0.0, 0.0, 1.0]], "pose_inverse": [[0.3999335765838623, 0.9165441393852234, 0.0, -864.8594360351562], [-0.9165441393852234, 0.3999335765838623, 0.0, 905.6350708007812], [0.0, 0.0, 1.0, 0.0], [0.0, 0.0, 0.0, 1.0]], "cam_ids": [0, 1, 2, 3, 4, 5], "cam_channels": ["CAM_FRONT_LEFT", "CAM_FRONT", "CAM_FRONT_RIGHT", "CAM_BACK_LEFT", "CAM_BACK", "CAM_BACK_RIGHT"], "token": "476d5bd336fa4364992b3990c59030e3", "scene": "scene-0055"}, {"images": ["samples/CAM_FRONT_LEFT/n015-2018-07-24-11-22-45+0800__CAM_FRONT_LEFT__1532402584904844.jpg", "samples/CAM_FRONT/n015-2018-07-24-11-22-45+0800__CAM_FRONT__1532402584912460.jpg", "samples/CAM_FRONT_RIGHT/n015-2018-07-24-11-22-45+0800__CAM_FRONT_RIGHT__1532402584920339.jpg", "samples/CAM_BACK_LEFT/n015-2018-07-24-11-22-45+0800__CAM_BACK_LEFT__1532402584947423.jpg", "samples/CAM_BACK/n015-2018-07-24-11-22-45+0800__CAM_BACK__1532402584937525.jpg", "samples/CAM_BACK_RIGHT/n015-2018-07-24-11-22-45+0800__CAM_BACK_RIGHT__1532402584927893.jpg"], "intrinsics": [[[1272.5979470598488, 0.0, 826.6154927353808], [0.0, 1272.5979470598488, 479.75165386361925], [0.0, 0.0, 1.0]], [[1266.417203046554, 0.0, 816.2670197447984], [0.0, 1266.417203046554, 491.50706579294757], [0.0, 0.0, 1.0]], [[1260.8474446004698, 0.0, 807.968244525554], [0.0, 1260.8474446004698, 495.3344268742088], [0.0, 0.0, 1.0]], [[1256.7414812095406, 0.0, 792.1125740759628], [0.0, 1256.7414812095406, 492.7757465151356], [0.0, 0.0, 1.0]], [[809.2209905677063, 0.0, 829.2196003259838], [0.0, 809.2209905677063, 481.77842384512485], [0.0, 0.0, 1.0]], [[1259.5137405846733, 0.0, 807.2529053838625], [0.0, 1259.5137405846733, 501.19579884916527], [0.0, 0.0, 1.0]]], "extrinsics": [[[0.8161625862121582, -0.5753626823425293, 0.0532568097114563, -0.60498046875], [0.04442714527249336, -0.029409946873784065, -0.9985796213150024, 1.5278472900390625], [0.5761117339134216, 0.8173693418502808, 0.001558421179652214, -1.02978515625], [0.0, 0.0, 0.0, 1.0]], [[-0.00012887237244285643, -0.9994478225708008, 0.033223338425159454, 0.00701904296875], [0.03912005200982094, -0.033202942460775375, -0.9986827969551086, 1.53466796875], [0.9992344975471497, 0.0011710188118740916, 0.03910273313522339, -1.33294677734375], [0.0, 0.0, 0.0, 1.0]], [[-0.8343021869659424, -0.5505570769309998, -0.028751922771334648, 0.801361083984375], [0.044828902930021286, -0.015768416225910187, -0.9988701939582825, 1.5161056518554688], [0.5494816899299622, -0.8346485495567322, 0.03783649951219559, -1.0950927734375], [0.0, 0.0, 0.0, 1.0]], [[0.9467343688011169, 0.3199954330921173, 0.03601078689098358, -1.14837646484375], [0.053350649774074554, -0.04558466374874115, -0.9975348114967346, 1.58819580078125], [-0.31756511330604553, 0.9463217258453369, -0.06022854149341583, -0.1014404296875], [0.0, 0.0, 0.0, 1.0]], [[0.004512534011155367, 0.9993499517440796, -0.035767290741205215, 0.0029296875], [0.027944961562752724, -0.0358797088265419, -0.998965322971344, 1.58209228515625], [-0.999599277973175, 0.0035083964467048645, -0.028088703751564026, -0.09539794921875], [0.0, 0.0, 0.0, 1.0]], [[-0.9321116209030151, 0.35647571086883545, -0.06397564709186554, 0.951171875], [0.06059106066823006, -0.020665591582655907, -0.9979487657546997, 1.5634918212890625], [-0.3570666015148163, -0.9340760111808777, -0.0023366038221865892, -0.13372802734375], [0.0, 0.0, 0.0, 1.0]]], "view": [[0.0, -2.0, 100.0], [-2.0, 0.0, 100.0], [0.0, 0.0, 1.0]], "bev": "bev_ee535106a1c546d2b99f9eeacc41066e.png", "aux": "aux_ee535106a1c546d2b99f9eeacc41066e.npz", "visibility": "visibility_ee535106a1c546d2b99f9eeacc41066e.png", "pose": [[0.3531191051006317, -0.9355783462524414, 0.0, 1177.5325927734375], [0.9355783462524414, 0.3531191051006317, 0.0, 434.3025817871094], [0.0, 0.0, 1.0, 0.0], [0.0, 0.0, 0.0, 1.0]], "pose_inverse": [[0.3531191051006317, 0.9355783462524414, 0.0, -822.1333618164062], [-0.9355783462524414, 0.3531191051006317, 0.0, 948.3134765625], [0.0, 0.0, 1.0, 0.0], [0.0, 0.0, 0.0, 1.0]], "cam_ids": [0, 1, 2, 3, 4, 5], "cam_channels": ["CAM_FRONT_LEFT", "CAM_FRONT", "CAM_FRONT_RIGHT", "CAM_BACK_LEFT", "CAM_BACK", "CAM_BACK_RIGHT"], "token": "ee535106a1c546d2b99f9eeacc41066e", "scene": "scene-0055"}, {"images": ["samples/CAM_FRONT_LEFT/n015-2018-07-24-11-22-45+0800__CAM_FRONT_LEFT__1532402585404844.jpg", "samples/CAM_FRONT/n015-2018-07-24-11-22-45+0800__CAM_FRONT__1532402585412460.jpg", "samples/CAM_FRONT_RIGHT/n015-2018-07-24-11-22-45+0800__CAM_FRONT_RIGHT__1532402585420339.jpg", "samples/CAM_BACK_LEFT/n015-2018-07-24-11-22-45+0800__CAM_BACK_LEFT__1532402585447423.jpg", "samples/CAM_BACK/n015-2018-07-24-11-22-45+0800__CAM_BACK__1532402585437525.jpg", "samples/CAM_BACK_RIGHT/n015-2018-07-24-11-22-45+0800__CAM_BACK_RIGHT__1532402585427893.jpg"], "intrinsics": [[[1272.5979470598488, 0.0, 826.6154927353808], [0.0, 1272.5979470598488, 479.75165386361925], [0.0, 0.0, 1.0]], [[1266.417203046554, 0.0, 816.2670197447984], [0.0, 1266.417203046554, 491.50706579294757], [0.0, 0.0, 1.0]], [[1260.8474446004698, 0.0, 807.968244525554], [0.0, 1260.8474446004698, 495.3344268742088], [0.0, 0.0, 1.0]], [[1256.7414812095406, 0.0, 792.1125740759628], [0.0, 1256.7414812095406, 492.7757465151356], [0.0, 0.0, 1.0]], [[809.2209905677063, 0.0, 829.2196003259838], [0.0, 809.2209905677063, 481.77842384512485], [0.0, 0.0, 1.0]], [[1259.5137405846733, 0.0, 807.2529053838625], [0.0, 1259.5137405846733, 501.19579884916527], [0.0, 0.0, 1.0]]], "extrinsics": [[[0.8163552284240723, -0.5755374431610107, 0.048174891620874405, -0.5960693359375], [0.05024733766913414, -0.012320131994783878, -0.9986608028411865, 1.5309219360351562], [0.5753602981567383, 0.8176825642585754, 0.018861623480916023, -1.021820068359375], [0.0, 0.0, 0.0, 1.0]], [[0.0006020714063197374, -0.9998739361763, 0.015867920592427254, 0.00604248046875], [0.044823240488767624, -0.015824994072318077, -0.9988695979118347, 1.5371437072753906], [0.9989947080612183, 0.0013126499252393842, 0.04480805993080139, -1.32244873046875], [0.0, 0.0, 0.0, 1.0]], [[-0.8336362242698669, -0.5506285429000854, -0.0431150421500206, 0.7935104370117188], [0.05039023235440254, 0.001912481035105884, -0.9987277388572693, 1.5180892944335938], [0.5500104427337646, -0.8347482681274414, 0.02615198865532875, -1.0908203125], [0.0, 0.0, 0.0, 1.0]], [[0.9466531276702881, 0.3188370168209076, 0.04680608585476875, -1.14324951171875], [0.05817430838942528, -0.026220889762043953, -0.9979619979858398, 1.5884323120117188], [-0.3169599175453186, 0.9474468231201172, -0.04337020590901375, -0.1019287109375], [0.0, 0.0, 0.0, 1.0]], [[0.004645897541195154, 0.9998460412025452, -0.016921749338507652, 0.00408935546875], [0.03312380239367485, -0.017066514119505882, -0.9993055462837219, 1.5828094482421875], [-0.9994404315948486, 0.004082162398844957, -0.03319799527525902, -0.1026611328125], [0.0, 0.0, 0.0, 1.0]], [[-0.9319341778755188, 0.35718053579330444, -0.06261641532182693, 0.9437255859375], [0.06604499369859695, -0.0026034803595393896, -0.9978132843971252, 1.5650978088378906], [-0.3565624952316284, -0.9340317249298096, -0.02116371877491474, -0.13775634765625], [0.0, 0.0, 0.0, 1.0]]], "view": [[0.0, -2.0, 100.0], [-2.0, 0.0, 100.0], [0.0, 0.0, 1.0]], "bev": "bev_823b2c6c3cee473dade9aa562208f2c7.png", "aux": "aux_823b2c6c3cee473dade9aa562208f2c7.npz", "visibility": "visibility_823b2c6c3cee473dade9aa562208f2c7.png", "pose": [[0.2944488525390625, -0.95566725730896, 0.0, 1179.2786865234375], [0.95566725730896, 0.2944488525390625, 0.0, 439.3055114746094], [0.0, 0.0, 1.0, 0.0], [0.0, 0.0, 0.0, 1.0]], "pose_inverse": [[0.2944488525390625, 0.95566725730896, 0.0, -767.067138671875], [-0.95566725730896, 0.2944488525390625, 0.0, 997.64501953125], [0.0, 0.0, 1.0, 0.0], [0.0, 0.0, 0.0, 1.0]], "cam_ids": [0, 1, 2, 3, 4, 5], "cam_channels": ["CAM_FRONT_LEFT", "CAM_FRONT", "CAM_FRONT_RIGHT", "CAM_BACK_LEFT", "CAM_BACK", "CAM_BACK_RIGHT"], "token": "823b2c6c3cee473dade9aa562208f2c7", "scene": "scene-0055"}, {"images": ["samples/CAM_FRONT_LEFT/n015-2018-07-24-11-22-45+0800__CAM_FRONT_LEFT__1532402585904844.jpg", "samples/CAM_FRONT/n015-2018-07-24-11-22-45+0800__CAM_FRONT__1532402585912460.jpg", "samples/CAM_FRONT_RIGHT/n015-2018-07-24-11-22-45+0800__CAM_FRONT_RIGHT__1532402585920339.jpg", "samples/CAM_BACK_LEFT/n015-2018-07-24-11-22-45+0800__CAM_BACK_LEFT__1532402585947423.jpg", "samples/CAM_BACK/n015-2018-07-24-11-22-45+0800__CAM_BACK__1532402585937525.jpg", "samples/CAM_BACK_RIGHT/n015-2018-07-24-11-22-45+0800__CAM_BACK_RIGHT__1532402585927893.jpg"], "intrinsics": [[[1272.5979470598488, 0.0, 826.6154927353808], [0.0, 1272.5979470598488, 479.75165386361925], [0.0, 0.0, 1.0]], [[1266.417203046554, 0.0, 816.2670197447984], [0.0, 1266.417203046554, 491.50706579294757], [0.0, 0.0, 1.0]], [[1260.8474446004698, 0.0, 807.968244525554], [0.0, 1260.8474446004698, 495.3344268742088], [0.0, 0.0, 1.0]], [[1256.7414812095406, 0.0, 792.1125740759628], [0.0, 1256.7414812095406, 492.7757465151356], [0.0, 0.0, 1.0]], [[809.2209905677063, 0.0, 829.2196003259838], [0.0, 809.2209905677063, 481.77842384512485], [0.0, 0.0, 1.0]], [[1259.5137405846733, 0.0, 807.2529053838625], [0.0, 1259.5137405846733, 501.19579884916527], [0.0, 0.0, 1.0]]], "extrinsics": [[[0.8184754252433777, -0.5733246803283691, 0.0373733788728714, -0.5916748046875], [0.04871831089258194, 0.004440958611667156, -0.9988027215003967, 1.5303382873535156], [0.572472333908081, 0.8193162083625793, 0.031566228717565536, -1.023223876953125], [0.0, 0.0, 0.0, 1.0]], [[0.003768057096749544, -0.9999926686286926, -0.0006102502229623497, 0.009033203125], [0.04344402253627777, 0.0007733794627711177, -0.9990556240081787, 1.536712646484375], [0.9990487694740295, 0.003738000523298979, 0.0434466227889061, -1.32012939453125], [0.0, 0.0, 0.0, 1.0]], [[-0.8322016000747681, -0.5521153807640076, -0.051078036427497864, 0.7936935424804688], [0.04910609871149063, 0.018368637189269066, -0.9986246228218079, 1.5177602767944336], [0.5522941946983337, -0.833565354347229, 0.011825821362435818, -1.08740234375], [0.0, 0.0, 0.0, 1.0]], [[0.9464120268821716, 0.3189229965209961, 0.05091577395796776, -1.14324951171875], [0.05763082206249237, -0.011647992767393589, -0.9982699751853943, 1.5884590148925781], [-0.31777817010879517, 0.9477090239524841, -0.02940359339118004, -0.1024169921875], [0.0, 0.0, 0.0, 1.0]], [[0.0032177604734897614, 0.9999929666519165, -0.0019467722158879042, 0.0029296875], [0.03231973201036453, -0.002049762988463044, -0.9994754791259766, 1.5827312469482422], [-0.9994723796844482, 0.003153169294819236, -0.032326098531484604, -0.10260009765625], [0.0, 0.0, 0.0, 1.0]], [[-0.9327594041824341, 0.35611414909362793, -0.05605858191847801, 0.9423828125], [0.06494767963886261, 0.013043881393969059, -0.9978034496307373, 1.5649185180664062], [-0.354600727558136, -0.93435138463974, -0.03529559448361397, -0.13641357421875], [0.0, 0.0, 0.0, 1.0]]], "view": [[0.0, -2.0, 100.0], [-2.0, 0.0, 100.0], [0.0, 0.0, 1.0]], "bev": "bev_2d38b7e9e79a4977aa350c22610db49e.png", "aux": "aux_2d38b7e9e79a4977aa350c22610db49e.npz", "visibility": "visibility_2d38b7e9e79a4977aa350c22610db49e.png", "pose": [[0.2485191822052002, -0.9686269760131836, 0.0, 1180.763916015625], [0.9686269760131836, 0.2485191822052002, 0.0, 444.45953369140625], [0.0, 0.0, 1.0, 0.0], [0.0, 0.0, 0.0, 1.0]], "pose_inverse": [[0.2485191822052002, 0.9686269760131836, 0.0, -723.9580078125], [-0.9686269760131836, 0.2485191822052002, 0.0, 1033.2630615234375], [0.0, 0.0, 1.0, 0.0], [0.0, 0.0, 0.0, 1.0]], "cam_ids": [0, 1, 2, 3, 4, 5], "cam_channels": ["CAM_FRONT_LEFT", "CAM_FRONT", "CAM_FRONT_RIGHT", "CAM_BACK_LEFT", "CAM_BACK", "CAM_BACK_RIGHT"], "token": "2d38b7e9e79a4977aa350c22610db49e", "scene": "scene-0055"}, {"images": ["samples/CAM_FRONT_LEFT/n015-2018-07-24-11-22-45+0800__CAM_FRONT_LEFT__1532402586404844.jpg", "samples/CAM_FRONT/n015-2018-07-24-11-22-45+0800__CAM_FRONT__1532402586412460.jpg", "samples/CAM_FRONT_RIGHT/n015-2018-07-24-11-22-45+0800__CAM_FRONT_RIGHT__1532402586420369.jpg", "samples/CAM_BACK_LEFT/n015-2018-07-24-11-22-45+0800__CAM_BACK_LEFT__1532402586447423.jpg", "samples/CAM_BACK/n015-2018-07-24-11-22-45+0800__CAM_BACK__1532402586437525.jpg", "samples/CAM_BACK_RIGHT/n015-2018-07-24-11-22-45+0800__CAM_BACK_RIGHT__1532402586427893.jpg"], "intrinsics": [[[1272.5979470598488, 0.0, 826.6154927353808], [0.0, 1272.5979470598488, 479.75165386361925], [0.0, 0.0, 1.0]], [[1266.417203046554, 0.0, 816.2670197447984], [0.0, 1266.417203046554, 491.50706579294757], [0.0, 0.0, 1.0]], [[1260.8474446004698, 0.0, 807.968244525554], [0.0, 1260.8474446004698, 495.3344268742088], [0.0, 0.0, 1.0]], [[1256.7414812095406, 0.0, 792.1125740759628], [0.0, 1256.7414812095406, 492.7757465151356], [0.0, 0.0, 1.0]], [[809.2209905677063, 0.0, 829.2196003259838], [0.0, 809.2209905677063, 481.77842384512485], [0.0, 0.0, 1.0]], [[1259.5137405846733, 0.0, 807.2529053838625], [0.0, 1259.5137405846733, 501.19579884916527], [0.0, 0.0, 1.0]]], "extrinsics": [[[0.8201010823249817, -0.5722126960754395, 0.0026221079751849174, -0.5712890625], [0.028138842433691025, 0.03575121611356735, -0.9989644885063171, 1.5214920043945312], [0.5715264678001404, 0.8193255662918091, 0.04542100802063942, -1.01171875], [0.0, 0.0, 0.0, 1.0]], [[0.005285034421831369, -0.9994838237762451, -0.031687311828136444, 0.010986328125], [0.022360557690262794, 0.03179795295000076, -0.999244213104248, 1.5291728973388672], [0.9997360110282898, 0.004572485573589802, 0.022517066448926926, -1.30059814453125], [0.0, 0.0, 0.0, 1.0]], [[-0.8324044346809387, -0.5519039034843445, -0.05004965513944626, 0.7809953689575195], [0.027482492849230766, 0.04909158870577812, -0.9984160661697388, 1.5118465423583984], [0.553486704826355, -0.8324614763259888, -0.02569635771214962, -1.0780029296875], [0.0, 0.0, 0.0, 1.0]], [[0.9470688104629517, 0.31867775321006775, 0.03879840672016144, -1.138092041015625], [0.034428197890520096, 0.019336998462677002, -0.999220073223114, 1.5887041091918945], [-0.3191794455051422, 0.9476658701896667, 0.007341967895627022, -0.1051025390625], [0.0, 0.0, 0.0, 1.0]], [[0.00201214337721467, 0.999574601650238, 0.029098495841026306, 0.0018310546875], [0.00965082086622715, 0.029077790677547455, -0.9995306134223938, 1.5804214477539062], [-0.9999513626098633, 0.0022920332849025726, -0.009588204324245453, -0.1112060546875], [0.0, 0.0, 0.0, 1.0]], [[-0.9342080354690552, 0.3558938205242157, -0.024388929829001427, 0.9298095703125], [0.042870745062828064, 0.04413529112935066, -0.9981052875518799, 1.5607986450195312], [-0.35414308309555054, -0.9334836602210999, -0.05648897960782051, -0.1396484375], [0.0, 0.0, 0.0, 1.0]]], "view": [[0.0, -2.0, 100.0], [-2.0, 0.0, 100.0], [0.0, 0.0, 1.0]], "bev": "bev_7bb66f35e840473aa0db7c125f5e007b.png", "aux": "aux_7bb66f35e840473aa0db7c125f5e007b.npz", "visibility": "visibility_7bb66f35e840473aa0db7c125f5e007b.png", "pose": [[0.22954903542995453, -0.973297119140625, 0.0, 1182.1214599609375], [0.973297119140625, 0.22954903542995453, 0.0, 449.772216796875], [0.0, 0.0, 1.0, 0.0], [0.0, 0.0, 0.0, 1.0]], "pose_inverse": [[0.22954903542995453, 0.973297119140625, 0.0, -709.1168212890625], [-0.973297119140625, 0.22954903542995453, 0.0, 1047.3106689453125], [0.0, 0.0, 1.0, 0.0], [0.0, 0.0, 0.0, 1.0]], "cam_ids": [0, 1, 2, 3, 4, 5], "cam_channels": ["CAM_FRONT_LEFT", "CAM_FRONT", "CAM_FRONT_RIGHT", "CAM_BACK_LEFT", "CAM_BACK", "CAM_BACK_RIGHT"], "token": "7bb66f35e840473aa0db7c125f5e007b", "scene": "scene-0055"}, {"images": ["samples/CAM_FRONT_LEFT/n015-2018-07-24-11-22-45+0800__CAM_FRONT_LEFT__1532402586904844.jpg", "samples/CAM_FRONT/n015-2018-07-24-11-22-45+0800__CAM_FRONT__1532402586912460.jpg", "samples/CAM_FRONT_RIGHT/n015-2018-07-24-11-22-45+0800__CAM_FRONT_RIGHT__1532402586920339.jpg", "samples/CAM_BACK_LEFT/n015-2018-07-24-11-22-45+0800__CAM_BACK_LEFT__1532402586947448.jpg", "samples/CAM_BACK/n015-2018-07-24-11-22-45+0800__CAM_BACK__1532402586937525.jpg", "samples/CAM_BACK_RIGHT/n015-2018-07-24-11-22-45+0800__CAM_BACK_RIGHT__1532402586927893.jpg"], "intrinsics": [[[1272.5979470598488, 0.0, 826.6154927353808], [0.0, 1272.5979470598488, 479.75165386361925], [0.0, 0.0, 1.0]], [[1266.417203046554, 0.0, 816.2670197447984], [0.0, 1266.417203046554, 491.50706579294757], [0.0, 0.0, 1.0]], [[1260.8474446004698, 0.0, 807.968244525554], [0.0, 1260.8474446004698, 495.3344268742088], [0.0, 0.0, 1.0]], [[1256.7414812095406, 0.0, 792.1125740759628], [0.0, 1256.7414812095406, 492.7757465151356], [0.0, 0.0, 1.0]], [[809.2209905677063, 0.0, 829.2196003259838], [0.0, 809.2209905677063, 481.77842384512485], [0.0, 0.0, 1.0]], [[1259.5137405846733, 0.0, 807.2529053838625], [0.0, 1259.5137405846733, 501.19579884916527], [0.0, 0.0, 1.0]]], "extrinsics": [[[0.8202422261238098, -0.5719754099845886, 0.006833256687968969, -0.570556640625], [0.02439888007938862, 0.02304922416806221, -0.9994364976882935, 1.5199708938598633], [0.571495532989502, 0.8199468851089478, 0.032861508429050446, -1.005706787109375], [0.0, 0.0, 0.0, 1.0]], [[0.0053383405320346355, -0.9998140931129456, -0.018522774800658226, 0.00732421875], [0.01927771046757698, 0.018622493371367455, -0.9996407628059387, 1.528146743774414], [0.9997998476028442, 0.004979361779987812, 0.019373539835214615, -1.297119140625], [0.0, 0.0, 0.0, 1.0]], [[-0.8324971795082092, -0.5525467395782471, -0.04050212353467941, 0.7770547866821289], [0.02508298121392727, 0.03544028848409653, -0.9990569949150085, 1.5113334655761719], [0.5534610748291016, -0.8327280879020691, -0.01564442180097103, -1.078857421875], [0.0, 0.0, 0.0, 1.0]], [[0.9472047686576843, 0.31881269812583923, 0.03408253937959671, -1.141021728515625], [0.03461861237883568, 0.003986434545367956, -0.9993926286697388, 1.5886001586914062], [-0.3187549412250519, 0.9478093385696411, -0.007260882295668125, -0.104248046875], [0.0, 0.0, 0.0, 1.0]], [[0.0023034263867884874, 0.9998934268951416, 0.014415589161217213, 0.0029296875], [0.008858457207679749, 0.014394658617675304, -0.9998571276664734, 1.5803604125976562], [-0.9999580979347229, 0.0024308275897055864, -0.008824356831610203, -0.1112060546875], [0.0, 0.0, 0.0, 1.0]], [[-0.9342166185379028, 0.35562223196029663, -0.02778562344610691, 0.928955078125], [0.041149575263261795, 0.030068697407841682, -0.9987004399299622, 1.5605666637420654], [-0.3543246388435364, -0.9341459274291992, -0.04272438585758209, -0.14208984375], [0.0, 0.0, 0.0, 1.0]]], "view": [[0.0, -2.0, 100.0], [-2.0, 0.0, 100.0], [0.0, 0.0, 1.0]], "bev": "bev_96154cae04c0495d8cc8102213913149.png", "aux": "aux_96154cae04c0495d8cc8102213913149.npz", "visibility": "visibility_96154cae04c0495d8cc8102213913149.png", "pose": [[0.20858752727508545, -0.9780036807060242, 0.0, 1183.33251953125], [0.9780036807060242, 0.20858752727508545, 0.0, 455.1392822265625], [0.0, 0.0, 1.0, 0.0], [0.0, 0.0, 0.0, 1.0]], "pose_inverse": [[0.20858752727508545, 0.9780036807060242, 0.0, -691.956298828125], [-0.9780036807060242, 0.20858752727508545, 0.0, 1062.3671875], [0.0, 0.0, 1.0, 0.0], [0.0, 0.0, 0.0, 1.0]], "cam_ids": [0, 1, 2, 3, 4, 5], "cam_channels": ["CAM_FRONT_LEFT", "CAM_FRONT", "CAM_FRONT_RIGHT", "CAM_BACK_LEFT", "CAM_BACK", "CAM_BACK_RIGHT"], "token": "96154cae04c0495d8cc8102213913149", "scene": "scene-0055"}, {"images": ["samples/CAM_FRONT_LEFT/n015-2018-07-24-11-22-45+0800__CAM_FRONT_LEFT__1532402587404844.jpg", "samples/CAM_FRONT/n015-2018-07-24-11-22-45+0800__CAM_FRONT__1532402587412460.jpg", "samples/CAM_FRONT_RIGHT/n015-2018-07-24-11-22-45+0800__CAM_FRONT_RIGHT__1532402587420339.jpg", "samples/CAM_BACK_LEFT/n015-2018-07-24-11-22-45+0800__CAM_BACK_LEFT__1532402587447433.jpg", "samples/CAM_BACK/n015-2018-07-24-11-22-45+0800__CAM_BACK__1532402587437525.jpg", "samples/CAM_BACK_RIGHT/n015-2018-07-24-11-22-45+0800__CAM_BACK_RIGHT__1532402587427893.jpg"], "intrinsics": [[[1272.5979470598488, 0.0, 826.6154927353808], [0.0, 1272.5979470598488, 479.75165386361925], [0.0, 0.0, 1.0]], [[1266.417203046554, 0.0, 816.2670197447984], [0.0, 1266.417203046554, 491.50706579294757], [0.0, 0.0, 1.0]], [[1260.8474446004698, 0.0, 807.968244525554], [0.0, 1260.8474446004698, 495.3344268742088], [0.0, 0.0, 1.0]], [[1256.7414812095406, 0.0, 792.1125740759628], [0.0, 1256.7414812095406, 492.7757465151356], [0.0, 0.0, 1.0]], [[809.2209905677063, 0.0, 829.2196003259838], [0.0, 809.2209905677063, 481.77842384512485], [0.0, 0.0, 1.0]], [[1259.5137405846733, 0.0, 807.2529053838625], [0.0, 1259.5137405846733, 501.19579884916527], [0.0, 0.0, 1.0]]], "extrinsics": [[[0.8214848041534424, -0.5695613026618958, 0.02761533111333847, -0.574462890625], [0.02869480848312378, -0.007077229209244251, -0.9995631575584412, 1.5218677520751953], [0.569507896900177, 0.8219184279441833, 0.010529615916311741, -1.01129150390625], [0.0, 0.0, 0.0, 1.0]], [[0.006999643053859472, -0.9999061822891235, 0.011778011918067932, 0.0089111328125], [0.023408591747283936, -0.011611230671405792, -0.9996585845947266, 1.5296688079833984], [0.9997014999389648, 0.007272941060364246, 0.02332511730492115, -1.3028564453125], [0.0, 0.0, 0.0, 1.0]], [[-0.8318178057670593, -0.5543920993804932, -0.02698924019932747, 0.7817566394805908], [0.029013581573963165, 0.005129053257405758, -0.999565839767456, 1.512394905090332], [0.5542898178100586, -0.8322398066520691, 0.011818463914096355, -1.0804443359375], [0.0, 0.0, 0.0, 1.0]], [[0.9472939968109131, 0.3191787004470825, 0.027549708262085915, -1.1427001953125], [0.037981655448675156, -0.02650444023311138, -0.9989268779754639, 1.5885467529296875], [-0.3181059956550598, 0.9473238587379456, -0.03723043575882912, -0.1038818359375], [0.0, 0.0, 0.0, 1.0]], [[0.002479998394846916, 0.9998677968978882, -0.01606818288564682, 0.002685546875], [0.012456156313419342, -0.01609787344932556, -0.9997928142547607, 1.5807380676269531], [-0.9999193549156189, 0.0022793286480009556, -0.012494431808590889, -0.1085205078125], [0.0, 0.0, 0.0, 1.0]], [[-0.9342538714408875, 0.35411307215690613, -0.04211336001753807, 0.9324951171875], [0.044932909309864044, -0.0002600169100333005, -0.998989999294281, 1.5612297058105469], [-0.35376638174057007, -0.9352025985717773, -0.015668414533138275, -0.139892578125], [0.0, 0.0, 0.0, 1.0]]], "view": [[0.0, -2.0, 100.0], [-2.0, 0.0, 100.0], [0.0, 0.0, 1.0]], "bev": "bev_f2abde3ddc34440d938c1db50d330c23.png", "aux": "aux_f2abde3ddc34440d938c1db50d330c23.npz", "visibility": "visibility_f2abde3ddc34440d938c1db50d330c23.png", "pose": [[0.21782144904136658, -0.9759886264801025, 0.0, 1184.5166015625], [0.9759886264801025, 0.21782144904136658, 0.0, 460.6116638183594], [0.0, 0.0, 1.0, 0.0], [0.0, 0.0, 0.0, 1.0]], "pose_inverse": [[0.21782144904136658, 0.9759886264801025, 0.0, -707.5648803710938], [-0.9759886264801025, 0.21782144904136658, 0.0, 1055.74365234375], [0.0, 0.0, 1.0, 0.0], [0.0, 0.0, 0.0, 1.0]], "cam_ids": [0, 1, 2, 3, 4, 5], "cam_channels": ["CAM_FRONT_LEFT", "CAM_FRONT", "CAM_FRONT_RIGHT", "CAM_BACK_LEFT", "CAM_BACK", "CAM_BACK_RIGHT"], "token": "f2abde3ddc34440d938c1db50d330c23", "scene": "scene-0055"}, {"images": ["samples/CAM_FRONT_LEFT/n015-2018-07-24-11-22-45+0800__CAM_FRONT_LEFT__1532402587904844.jpg", "samples/CAM_FRONT/n015-2018-07-24-11-22-45+0800__CAM_FRONT__1532402587912460.jpg", "samples/CAM_FRONT_RIGHT/n015-2018-07-24-11-22-45+0800__CAM_FRONT_RIGHT__1532402587920339.jpg", "samples/CAM_BACK_LEFT/n015-2018-07-24-11-22-45+0800__CAM_BACK_LEFT__1532402587947423.jpg", "samples/CAM_BACK/n015-2018-07-24-11-22-45+0800__CAM_BACK__1532402587937525.jpg", "samples/CAM_BACK_RIGHT/n015-2018-07-24-11-22-45+0800__CAM_BACK_RIGHT__1532402587927893.jpg"], "intrinsics": [[[1272.5979470598488, 0.0, 826.6154927353808], [0.0, 1272.5979470598488, 479.75165386361925], [0.0, 0.0, 1.0]], [[1266.417203046554, 0.0, 816.2670197447984], [0.0, 1266.417203046554, 491.50706579294757], [0.0, 0.0, 1.0]], [[1260.8474446004698, 0.0, 807.968244525554], [0.0, 1260.8474446004698, 495.3344268742088], [0.0, 0.0, 1.0]], [[1256.7414812095406, 0.0, 792.1125740759628], [0.0, 1256.7414812095406, 492.7757465151356], [0.0, 0.0, 1.0]], [[809.2209905677063, 0.0, 829.2196003259838], [0.0, 809.2209905677063, 481.77842384512485], [0.0, 0.0, 1.0]], [[1259.5137405846733, 0.0, 807.2529053838625], [0.0, 1259.5137405846733, 501.19579884916527], [0.0, 0.0, 1.0]]], "extrinsics": [[[0.8200818300247192, -0.5709713697433472, 0.03817679360508919, -0.5625], [0.0341901071369648, -0.01770632155239582, -0.9992584586143494, 1.5250129699707031], [0.5712238550186157, 0.820779025554657, 0.0050009386613965034, -1.00274658203125], [0.0, 0.0, 0.0, 1.0]], [[0.005132337566465139, -0.9997440576553345, 0.02203426882624626, 0.0089111328125], [0.028790906071662903, -0.021877694875001907, -0.9993460774421692, 1.5321311950683594], [0.999572217464447, 0.005763354245573282, 0.028671253472566605, -1.2911376953125], [0.0, 0.0, 0.0, 1.0]], [[-0.8324534296989441, -0.5534877777099609, -0.02593255415558815, 0.7745151519775391], [0.03431188687682152, -0.004780699964612722, -0.999399721622467, 1.5143089294433594], [0.5530315637588501, -0.832843542098999, 0.02297092042863369, -1.0755615234375], [0.0, 0.0, 0.0, 1.0]], [[0.9473574161529541, 0.3188549280166626, 0.029076624661684036, -1.1429443359375], [0.04250456020236015, -0.03523461893200874, -0.9984747171401978, 1.5885238647460938], [-0.317344069480896, 0.9471484422683716, -0.046932563185691833, -0.1033935546875], [0.0, 0.0, 0.0, 1.0]], [[0.0032549931202083826, 0.9996792674064636, -0.025114985182881355, 0.002685546875], [0.017333796247839928, -0.02516774833202362, -0.9995329976081848, 1.5813255310058594], [-0.999844491481781, 0.002818125067278743, -0.01741015538573265, -0.11090087890625], [0.0, 0.0, 0.0, 1.0]], [[-0.9336328506469727, 0.3546828627586365, -0.05029665306210518, 0.9271240234375], [0.05006469413638115, -0.009837249293923378, -0.9986975193023682, 1.5626564025878906], [-0.3547156751155853, -0.9349349141120911, -0.008572710677981377, -0.14202880859375], [0.0, 0.0, 0.0, 1.0]]], "view": [[0.0, -2.0, 100.0], [-2.0, 0.0, 100.0], [0.0, 0.0, 1.0]], "bev": "bev_52d9eda5e6a44844b67d4a963cdaf65f.png", "aux": "aux_52d9eda5e6a44844b67d4a963cdaf65f.npz", "visibility": "visibility_52d9eda5e6a44844b67d4a963cdaf65f.png", "pose": [[0.22467754781246185, -0.974433183670044, 0.0, 1185.7940673828125], [0.974433183670044, 0.22467754781246185, 0.0, 466.1210632324219], [0.0, 0.0, 1.0, 0.0], [0.0, 0.0, 0.0, 1.0]], "pose_inverse": [[0.22467754781246185, 0.974433183670044, 0.0, -720.6251220703125], [-0.974433183670044, 0.22467754781246185, 0.0, 1050.7501220703125], [0.0, 0.0, 1.0, 0.0], [0.0, 0.0, 0.0, 1.0]], "cam_ids": [0, 1, 2, 3, 4, 5], "cam_channels": ["CAM_FRONT_LEFT", "CAM_FRONT", "CAM_FRONT_RIGHT", "CAM_BACK_LEFT", "CAM_BACK", "CAM_BACK_RIGHT"], "token": "52d9eda5e6a44844b67d4a963cdaf65f", "scene": "scene-0055"}, {"images": ["samples/CAM_FRONT_LEFT/n015-2018-07-24-11-22-45+0800__CAM_FRONT_LEFT__1532402588404844.jpg", "samples/CAM_FRONT/n015-2018-07-24-11-22-45+0800__CAM_FRONT__1532402588412460.jpg", "samples/CAM_FRONT_RIGHT/n015-2018-07-24-11-22-45+0800__CAM_FRONT_RIGHT__1532402588420339.jpg", "samples/CAM_BACK_LEFT/n015-2018-07-24-11-22-45+0800__CAM_BACK_LEFT__1532402588447423.jpg", "samples/CAM_BACK/n015-2018-07-24-11-22-45+0800__CAM_BACK__1532402588437525.jpg", "samples/CAM_BACK_RIGHT/n015-2018-07-24-11-22-45+0800__CAM_BACK_RIGHT__1532402588427893.jpg"], "intrinsics": [[[1272.5979470598488, 0.0, 826.6154927353808], [0.0, 1272.5979470598488, 479.75165386361925], [0.0, 0.0, 1.0]], [[1266.417203046554, 0.0, 816.2670197447984], [0.0, 1266.417203046554, 491.50706579294757], [0.0, 0.0, 1.0]], [[1260.8474446004698, 0.0, 807.968244525554], [0.0, 1260.8474446004698, 495.3344268742088], [0.0, 0.0, 1.0]], [[1256.7414812095406, 0.0, 792.1125740759628], [0.0, 1256.7414812095406, 492.7757465151356], [0.0, 0.0, 1.0]], [[809.2209905677063, 0.0, 829.2196003259838], [0.0, 809.2209905677063, 481.77842384512485], [0.0, 0.0, 1.0]], [[1259.5137405846733, 0.0, 807.2529053838625], [0.0, 1259.5137405846733, 501.19579884916527], [0.0, 0.0, 1.0]]], "extrinsics": [[[0.8201379776000977, -0.5696971416473389, 0.05309300497174263, -0.5540771484375], [0.03935624659061432, -0.03640372306108475, -0.9985619187355042, 1.5279998779296875], [0.5708106160163879, 0.8210480809211731, -0.007434934377670288, -0.99871826171875], [0.0, 0.0, 0.0, 1.0]], [[0.005268814507871866, -0.9991458654403687, 0.04098445177078247, 0.0101318359375], [0.03375234454870224, -0.04078398272395134, -0.9985977411270142, 1.53448486328125], [0.9994163513183594, 0.006644768174737692, 0.033508628606796265, -1.2825927734375], [0.0, 0.0, 0.0, 1.0]], [[-0.8323063254356384, -0.55398029088974, -0.01928779110312462, 0.7686595916748047], [0.039058852940797806, -0.023902252316474915, -0.9989509582519531, 1.5161323547363281], [0.5529381036758423, -0.8321865797042847, 0.04153183102607727, -1.07080078125], [0.0, 0.0, 0.0, 1.0]], [[0.9473842978477478, 0.31896933913230896, 0.02686186134815216, -1.138214111328125], [0.04679453372955322, -0.05499167740345001, -0.9973896741867065, 1.5887451171875], [-0.316659539937973, 0.9461683034896851, -0.06702426820993423, -0.1051025390625], [0.0, 0.0, 0.0, 1.0]], [[0.003733070334419608, 0.998997151851654, -0.0446179062128067, 0.0023193359375], [0.021661117672920227, -0.044688526540994644, -0.9987661242485046, 1.5819664001464844], [-0.9997584819793701, 0.002761951182037592, -0.02180622331798