[{"images": ["samples/CAM_FRONT_LEFT/n015-2018-11-14-18-57-54+0800__CAM_FRONT_LEFT__1542193461504844.jpg", "samples/CAM_FRONT/n015-2018-11-14-18-57-54+0800__CAM_FRONT__1542193461512460.jpg", "samples/CAM_FRONT_RIGHT/n015-2018-11-14-18-57-54+0800__CAM_FRONT_RIGHT__1542193461520339.jpg", "samples/CAM_BACK_LEFT/n015-2018-11-14-18-57-54+0800__CAM_BACK_LEFT__1542193461547423.jpg", "samples/CAM_BACK/n015-2018-11-14-18-57-54+0800__CAM_BACK__1542193461537525.jpg", "samples/CAM_BACK_RIGHT/n015-2018-11-14-18-57-54+0800__CAM_BACK_RIGHT__1542193461527895.jpg"], "intrinsics": [[[1272.5979470598488, 0.0, 826.6154927353808], [0.0, 1272.5979470598488, 479.75165386361925], [0.0, 0.0, 1.0]], [[1266.417203046554, 0.0, 816.2670197447984], [0.0, 1266.417203046554, 491.50706579294757], [0.0, 0.0, 1.0]], [[1260.8474446004698, 0.0, 807.968244525554], [0.0, 1260.8474446004698, 495.3344268742088], [0.0, 0.0, 1.0]], [[1256.7414812095406, 0.0, 792.1125740759628], [0.0, 1256.7414812095406, 492.7757465151356], [0.0, 0.0, 1.0]], [[809.2209905677063, 0.0, 829.2196003259838], [0.0, 809.2209905677063, 481.77842384512485], [0.0, 0.0, 1.0]], [[1259.5137405846733, 0.0, 807.2529053838625], [0.0, 1259.5137405846733, 501.19579884916527], [0.0, 0.0, 1.0]]], "extrinsics": [[[0.8208401203155518, -0.5703039169311523, -0.03122415766119957, -0.6878662109375], [-0.032087452709674835, 0.00853627361357212, -0.9994485974311829, 1.4974212646484375], [0.5702559947967529, 0.821389377117157, -0.011292684823274612, -1.0882568359375], [0.0, 0.0, 0.0, 1.0]], [[0.006728061009198427, -0.9999654293060303, -0.004873231984674931, 0.00732421875], [-0.03746607154607773, 0.004617844242602587, -0.9992872476577759, 1.5101666450500488], [0.999275267124176, 0.006905857939273119, -0.03743370622396469, -1.415802001953125], [0.0, 0.0, 0.0, 1.0]], [[-0.8322761058807373, -0.5541739463806152, 0.014412088319659233, 0.8541259765625], [-0.03194751963019371, 0.021992936730384827, -0.9992475509643555, 1.4967918395996094], [0.5534400343894958, -0.8321102261543274, -0.03600868210196495, -1.1297607421875], [0.0, 0.0, 0.0, 1.0]], [[0.9473662376403809, 0.31918805837631226, -0.024820923805236816, -1.14093017578125], [-0.02355063706636429, -0.007839259691536427, -0.999691903591156, 1.5885238647460938], [-0.3192842900753021, 0.9476590156555176, 9.043281897902489e-05, -0.104248046875], [0.0, 0.0, 0.0, 1.0]], [[0.0018829170148819685, 0.9999964833259583, 0.0018738949438557029, 0.0028076171875], [-0.04886099323630333, 0.001963662449270487, -0.9988036155700684, 1.575493574142456], [-0.9988037943840027, 0.001789130736142397, 0.04886452108621597, -0.0771026611328125], [0.0, 0.0, 0.0, 1.0]], [[-0.9348923563957214, 0.35429883003234863, 0.021179310977458954, 0.9913330078125], [-0.016157137230038643, 0.017127493396401405, -0.9997227787971497, 1.5489444732666016], [-0.3545633554458618, -0.9349753856658936, -0.010287909768521786, -0.1182861328125], [0.0, 0.0, 0.0, 1.0]]], "view": [[0.0, -2.0, 100.0], [-2.0, 0.0, 100.0], [0.0, 0.0, 1.0]], "bev": "bev_5b1153eb261e4f77a8a96ffa4a5318a4.png", "aux": "aux_5b1153eb261e4f77a8a96ffa4a5318a4.npz", "visibility": "visibility_5b1153eb261e4f77a8a96ffa4a5318a4.png", "pose": [[0.9710975289344788, 0.23868295550346375, 0.0, 540.1061401367188], [-0.23868295550346375, 0.9710975289344788, 0.0, 1686.213623046875], [0.0, 0.0, 1.0, 0.0], [0.0, 0.0, 0.0, 1.0]], "pose_inverse": [[0.9710975289344788, -0.23868295550346375, 0.0, -122.02529907226562], [0.23868295550346375, 0.9710975289344788, 0.0, -1766.39208984375], [0.0, 0.0, 1.0, 0.0], [0.0, 0.0, 0.0, 1.0]], "cam_ids": [0, 1, 2, 3, 4, 5], "cam_channels": ["CAM_FRONT_LEFT", "CAM_FRONT", "CAM_FRONT_RIGHT", "CAM_BACK_LEFT", "CAM_BACK", "CAM_BACK_RIGHT"], "token": "5b1153eb261e4f77a8a96ffa4a5318a4", "scene": "scene-1004"}, {"images": ["samples/CAM_FRONT_LEFT/n015-2018-11-14-18-57-54+0800__CAM_FRONT_LEFT__1542193462004844.jpg", "samples/CAM_FRONT/n015-2018-11-14-18-57-54+0800__CAM_FRONT__1542193462012460.jpg", "samples/CAM_FRONT_RIGHT/n015-2018-11-14-18-57-54+0800__CAM_FRONT_RIGHT__1542193462020339.jpg", "samples/CAM_BACK_LEFT/n015-2018-11-14-18-57-54+0800__CAM_BACK_LEFT__1542193462047423.jpg", "samples/CAM_BACK/n015-2018-11-14-18-57-54+0800__CAM_BACK__1542193462037525.jpg", "samples/CAM_BACK_RIGHT/n015-2018-11-14-18-57-54+0800__CAM_BACK_RIGHT__1542193462027893.jpg"], "intrinsics": [[[1272.5979470598488, 0.0, 826.6154927353808], [0.0, 1272.5979470598488, 479.75165386361925], [0.0, 0.0, 1.0]], [[1266.417203046554, 0.0, 816.2670197447984], [0.0, 1266.417203046554, 491.50706579294757], [0.0, 0.0, 1.0]], [[1260.8474446004698, 0.0, 807.968244525554], [0.0, 1260.8474446004698, 495.3344268742088], [0.0, 0.0, 1.0]], [[1256.7414812095406, 0.0, 792.1125740759628], [0.0, 1256.7414812095406, 492.7757465151356], [0.0, 0.0, 1.0]], [[809.2209905677063, 0.0, 829.2196003259838], [0.0, 809.2209905677063, 481.77842384512485], [0.0, 0.0, 1.0]], [[1259.5137405846733, 0.0, 807.2529053838625], [0.0, 1259.5137405846733, 501.19579884916527], [0.0, 0.0, 1.0]]], "extrinsics": [[[0.8209640383720398, -0.5699571371078491, -0.03416094928979874, -0.6881103515625], [-0.03051653318107128, 0.01594456657767296, -0.9994071125984192, 1.497964859008789], [0.5701638460159302, 0.821519672870636, -0.004303199239075184, -1.08935546875], [0.0, 0.0, 0.0, 1.0]], [[0.006811138242483139, -0.9999017715454102, -0.012248259037733078, 0.00830078125], [-0.03576146066188812, 0.011997145600616932, -0.9992883205413818, 1.510573387145996], [0.9993371963500977, 0.007244314067065716, -0.03567623347043991, -1.4144287109375], [0.0, 0.0, 0.0, 1.0]], [[-0.8322858810424805, -0.5542768239974976, 0.00879955105483532, 0.8524169921875], [-0.03010471910238266, 0.029342662543058395, -0.9991159439086914, 1.4970703125], [0.5535286068916321, -0.8318149447441101, -0.04110783338546753, -1.1275634765625], [0.0, 0.0, 0.0, 1.0]], [[0.9474342465400696, 0.3192986845970154, -0.020415697246789932, -1.1378173828125], [-0.021358385682106018, -0.0005492338095791638, -0.9997717142105103, 1.5884594917297363], [-0.31923699378967285, 0.9476539492607117, 0.006299341097474098, -0.1051025390625], [0.0, 0.0, 0.0, 1.0]], [[0.0018944496987387538, 0.9999560117721558, 0.009185765869915485, 0.00244140625], [-0.04675913602113724, 0.009264311753213406, -0.9988632202148438, 1.57550048828125], [-0.9989044070243835, 0.0014627622440457344, 0.046774622052907944, -0.08040618896484375], [0.0, 0.0, 0.0, 1.0]], [[-0.9349355697631836, 0.3541392982006073, 0.021929997950792313, 0.98846435546875], [-0.014185169711709023, 0.024450870230793953, -0.9996004104614258, 1.5491867065429688], [-0.35453397035598755, -0.9348729848861694, -0.017836464568972588, -0.11865234375], [0.0, 0.0, 0.0, 1.0]]], "view": [[0.0, -2.0, 100.0], [-2.0, 0.0, 100.0], [0.0, 0.0, 1.0]], "bev": "bev_1090f936b8b1499ca22a67b4eb571778.png", "aux": "aux_1090f936b8b1499ca22a67b4eb571778.npz", "visibility": "visibility_1090f936b8b1499ca22a67b4eb571778.png", "pose": [[0.969132125377655, 0.24654196202754974, 0.0, 543.8762817382812], [-0.24654196202754974, 0.969132125377655, 0.0, 1685.2633056640625], [0.0, 0.0, 1.0, 0.0], [0.0, 0.0, 0.0, 1.0]], "pose_inverse": [[0.969132125377655, -0.24654196202754974, 0.0, -111.59986114501953], [0.24654196202754974, 0.969132125377655, 0.0, -1767.3311767578125], [0.0, 0.0, 1.0, 0.0], [0.0, 0.0, 0.0, 1.0]], "cam_ids": [0, 1, 2, 3, 4, 5], "cam_channels": ["CAM_FRONT_LEFT", "CAM_FRONT", "CAM_FRONT_RIGHT", "CAM_BACK_LEFT", "CAM_BACK", "CAM_BACK_RIGHT"], "token": "1090f936b8b1499ca22a67b4eb571778", "scene": "scene-1004"}, {"images": ["samples/CAM_FRONT_LEFT/n015-2018-11-14-18-57-54+0800__CAM_FRONT_LEFT__1542193462504844.jpg", "samples/CAM_FRONT/n015-2018-11-14-18-57-54+0800__CAM_FRONT__1542193462512460.jpg", "samples/CAM_FRONT_RIGHT/n015-2018-11-14-18-57-54+0800__CAM_FRONT_RIGHT__1542193462520339.jpg", "samples/CAM_BACK_LEFT/n015-2018-11-14-18-57-54+0800__CAM_BACK_LEFT__1542193462547423.jpg", "samples/CAM_BACK/n015-2018-11-14-18-57-54+0800__CAM_BACK__1542193462537525.jpg", "samples/CAM_BACK_RIGHT/n015-2018-11-14-18-57-54+0800__CAM_BACK_RIGHT__1542193462527893.jpg"], "intrinsics": [[[1272.5979470598488, 0.0, 826.6154927353808], [0.0, 1272.5979470598488, 479.75165386361925], [0.0, 0.0, 1.0]], [[1266.417203046554, 0.0, 816.2670197447984], [0.0, 1266.417203046554, 491.50706579294757], [0.0, 0.0, 1.0]], [[1260.8474446004698, 0.0, 807.968244525554], [0.0, 1260.8474446004698, 495.3344268742088], [0.0, 0.0, 1.0]], [[1256.7414812095406, 0.0, 792.1125740759628], [0.0, 1256.7414812095406, 492.7757465151356], [0.0, 0.0, 1.0]], [[809.2209905677063, 0.0, 829.2196003259838], [0.0, 809.2209905677063, 481.77842384512485], [0.0, 0.0, 1.0]], [[1259.5137405846733, 0.0, 807.2529053838625], [0.0, 1259.5137405846733, 501.19579884916527], [0.0, 0.0, 1.0]]], "extrinsics": [[[0.8206244111061096, -0.5703215003013611, -0.036179035902023315, -0.68212890625], [-0.030915915966033936, 0.018910232931375504, -0.9993430972099304, 1.497589111328125], [0.5706309676170349, 0.8212039470672607, -0.002113809110596776, -1.0833740234375], [0.0, 0.0, 0.0, 1.0]], [[0.006161166355013847, -0.9998666048049927, -0.015123209916055202, 0.0068359375], [-0.036363497376441956, 0.014889472164213657, -0.9992277026176453, 1.5102100372314453], [0.9993195533752441, 0.006706338841468096, -0.036266911774873734, -1.408721923828125], [0.0, 0.0, 0.0, 1.0]], [[-0.8326123952865601, -0.5537991523742676, 0.007935968227684498, 0.8485107421875], [-0.03090493008494377, 0.032148394733667374, -0.9990051984786987, 1.4968223571777344], [0.5529930591583252, -0.832029402256012, -0.043882276862859726, -1.1265869140625], [0.0, 0.0, 0.0, 1.0]], [[0.9474677443504333, 0.3191630244255066, -0.020968366414308548, -1.13995361328125], [-0.022792622447013855, 0.0019814171828329563, -0.9997382164001465, 1.5885063409805298], [-0.31903794407844543, 0.9476978182792664, 0.009151890873908997, -0.1036376953125], [0.0, 0.0, 0.0, 1.0]], [[0.0021500131115317345, 0.9999278783798218, 0.011818228289484978, 0.0032958984375], [-0.047987837344408035, 0.011907805688679218, -0.9987769722938538, 1.5753755569458008], [-0.998845636844635, 0.0015803236747160554, 0.048009976744651794, -0.0809783935546875], [0.0, 0.0, 0.0, 1.0]], [[-0.9347590208053589, 0.3544820547103882, 0.023836499080061913, 0.9864501953125], [-0.015178265050053596, 0.02718592807650566, -0.999515175819397, 1.5490150451660156], [-0.3549582064151764, -0.9346675872802734, -0.020031869411468506, -0.12060546875], [0.0, 0.0, 0.0, 1.0]]], "view": [[0.0, -2.0, 100.0], [-2.0, 0.0, 100.0], [0.0, 0.0, 1.0]], "bev": "bev_598e7958803149318bed3c7c6b288833.png", "aux": "aux_598e7958803149318bed3c7c6b288833.npz", "visibility": "visibility_598e7958803149318bed3c7c6b288833.png", "pose": [[0.9664537310600281, 0.2568408250808716, 0.0, 547.6590576171875], [-0.2568408250808716, 0.9664537310600281, 0.0, 1684.260498046875], [0.0, 0.0, 1.0, 0.0], [0.0, 0.0, 0.0, 1.0]], "pose_inverse": [[0.9664537310600281, -0.2568408250808716, 0.0, -96.70030212402344], [0.2568408250808716, 0.9664537310600281, 0.0, -1768.4210205078125], [0.0, 0.0, 1.0, 0.0], [0.0, 0.0, 0.0, 1.0]], "cam_ids": [0, 1, 2, 3, 4, 5], "cam_channels": ["CAM_FRONT_LEFT", "CAM_FRONT", "CAM_FRONT_RIGHT", "CAM_BACK_LEFT", "CAM_BACK", "CAM_BACK_RIGHT"], "token": "598e7958803149318bed3c7c6b288833", "scene": "scene-1004"}, {"images": ["samples/CAM_FRONT_LEFT/n015-2018-11-14-18-57-54+0800__CAM_FRONT_LEFT__1542193463004844.jpg", "samples/CAM_FRONT/n015-2018-11-14-18-57-54+0800__CAM_FRONT__1542193463012460.jpg", "samples/CAM_FRONT_RIGHT/n015-2018-11-14-18-57-54+0800__CAM_FRONT_RIGHT__1542193463020339.jpg", "samples/CAM_BACK_LEFT/n015-2018-11-14-18-57-54+0800__CAM_BACK_LEFT__1542193463047468.jpg", "samples/CAM_BACK/n015-2018-11-14-18-57-54+0800__CAM_BACK__1542193463037525.jpg", "samples/CAM_BACK_RIGHT/n015-2018-11-14-18-57-54+0800__CAM_BACK_RIGHT__1542193463027893.jpg"], "intrinsics": [[[1272.5979470598488, 0.0, 826.6154927353808], [0.0, 1272.5979470598488, 479.75165386361925], [0.0, 0.0, 1.0]], [[1266.417203046554, 0.0, 816.2670197447984], [0.0, 1266.417203046554, 491.50706579294757], [0.0, 0.0, 1.0]], [[1260.8474446004698, 0.0, 807.968244525554], [0.0, 1260.8474446004698, 495.3344268742088], [0.0, 0.0, 1.0]], [[1256.7414812095406, 0.0, 792.1125740759628], [0.0, 1256.7414812095406, 492.7757465151356], [0.0, 0.0, 1.0]], [[809.2209905677063, 0.0, 829.2196003259838], [0.0, 809.2209905677063, 481.77842384512485], [0.0, 0.0, 1.0]], [[1259.5137405846733, 0.0, 807.2529053838625], [0.0, 1259.5137405846733, 501.19579884916527], [0.0, 0.0, 1.0]]], "extrinsics": [[[0.8210769295692444, -0.5691728591918945, -0.04330034926533699, -0.6790771484375], [-0.037185002118349075, 0.022361958399415016, -0.9990581274032593, 1.4953079223632812], [0.5696051120758057, 0.8219137191772461, -0.0028038062155246735, -1.08251953125], [0.0, 0.0, 0.0, 1.0]], [[0.007327241823077202, -0.9997993111610413, -0.018643124029040337, 0.0076904296875], [-0.04255713149905205, 0.01831495389342308, -0.9989261627197266, 1.5082855224609375], [0.9990671873092651, 0.008112804032862186, -0.04241439327597618, -1.405059814453125], [0.0, 0.0, 0.0, 1.0]], [[-0.8319100737571716, -0.5547993183135986, 0.01109855156391859, 0.84619140625], [-0.037042323499917984, 0.03556596860289574, -0.998680591583252, 1.4953041076660156], [0.5536726117134094, -0.8312236666679382, -0.050138745456933975, -1.123779296875], [0.0, 0.0, 0.0, 1.0]], [[0.9472281336784363, 0.31956180930137634, -0.02527923695743084, -1.138916015625], [-0.02848183922469616, 0.005351646337658167, -0.9995799660682678, 1.5884580612182617], [-0.3192923069000244, 0.9475502967834473, 0.014170940034091473, -0.1048583984375], [0.0, 0.0, 0.0, 1.0]], [[0.0016949080163612962, 0.9998828172683716, 0.01521875336766243, 0.0028076171875], [-0.05385996028780937, 0.015287959016859531, -0.9984314441680908, 1.5748023986816406], [-0.9985470771789551, 0.0008725582156330347, 0.05387955531477928, -0.08245849609375], [0.0, 0.0, 0.0, 1.0]], [[-0.9349049925804138, 0.3535690903663635, 0.030685139819979668, 0.9837646484375], [-0.021218731999397278, 0.030620159581303596, -0.9993058443069458, 1.5479774475097656], [-0.3542632758617401, -0.934907078742981, -0.02112465165555477, -0.1207275390625], [0.0, 0.0, 0.0, 1.0]]], "view": [[0.0, -2.0, 100.0], [-2.0, 0.0, 100.0], [0.0, 0.0, 1.0]], "bev": "bev_0f198215452940898ac82b51ba0e17bb.png", "aux": "aux_0f198215452940898ac82b51ba0e17bb.npz", "visibility": "visibility_0f198215452940898ac82b51ba0e17bb.png", "pose": [[0.9634311199188232, 0.26795610785484314, 0.0, 551.512451171875], [-0.26795610785484314, 0.9634311199188232, 0.0, 1683.1915283203125], [0.0, 0.0, 1.0, 0.0], [0.0, 0.0, 0.0, 1.0]], "pose_inverse": [[0.9634311199188232, -0.26795610785484314, 0.0, -80.32283020019531], [0.26795610785484314, 0.9634311199188232, 0.0, -1769.4202880859375], [0.0, 0.0, 1.0, 0.0], [0.0, 0.0, 0.0, 1.0]], "cam_ids": [0, 1, 2, 3, 4, 5], "cam_channels": ["CAM_FRONT_LEFT", "CAM_FRONT", "CAM_FRONT_RIGHT", "CAM_BACK_LEFT", "CAM_BACK", "CAM_BACK_RIGHT"], "token": "0f198215452940898ac82b51ba0e17bb", "scene": "scene-1004"}, {"images": ["samples/CAM_FRONT_LEFT/n015-2018-11-14-18-57-54+0800__CAM_FRONT_LEFT__1542193463504844.jpg", "samples/CAM_FRONT/n015-2018-11-14-18-57-54+0800__CAM_FRONT__1542193463512460.jpg", "samples/CAM_FRONT_RIGHT/n015-2018-11-14-18-57-54+0800__CAM_FRONT_RIGHT__1542193463520339.jpg", "samples/CAM_BACK_LEFT/n015-2018-11-14-18-57-54+0800__CAM_BACK_LEFT__1542193463547423.jpg", "samples/CAM_BACK/n015-2018-11-14-18-57-54+0800__CAM_BACK__1542193463537525.jpg", "samples/CAM_BACK_RIGHT/n015-2018-11-14-18-57-54+0800__CAM_BACK_RIGHT__1542193463527893.jpg"], "intrinsics": [[[1272.5979470598488, 0.0, 826.6154927353808], [0.0, 1272.5979470598488, 479.75165386361925], [0.0, 0.0, 1.0]], [[1266.417203046554, 0.0, 816.2670197447984], [0.0, 1266.417203046554, 491.50706579294757], [0.0, 0.0, 1.0]], [[1260.8474446004698, 0.0, 807.968244525554], [0.0, 1260.8474446004698, 495.3344268742088], [0.0, 0.0, 1.0]], [[1256.7414812095406, 0.0, 792.1125740759628], [0.0, 1256.7414812095406, 492.7757465151356], [0.0, 0.0, 1.0]], [[809.2209905677063, 0.0, 829.2196003259838], [0.0, 809.2209905677063, 481.77842384512485], [0.0, 0.0, 1.0]], [[1259.5137405846733, 0.0, 807.2529053838625], [0.0, 1259.5137405846733, 501.19579884916527], [0.0, 0.0, 1.0]]], "extrinsics": [[[0.8202131986618042, -0.5701582431793213, -0.04658295214176178, -0.688232421875], [-0.04198376461863518, 0.021214719861745834, -0.9988930225372314, 1.4940872192382812], [0.5705153346061707, 0.8212608695030212, -0.006536796689033508, -1.089599609375], [0.0, 0.0, 0.0, 1.0]], [[0.0059308577328920364, -0.9998319149017334, -0.017346464097499847, 0.007568359375], [-0.047378528863191605, 0.017046330496668816, -0.9987315535545349, 1.5074291229248047], [0.9988593459129333, 0.006745213642716408, -0.047269463539123535, -1.416351318359375], [0.0, 0.0, 0.0, 1.0]], [[-0.832522451877594, -0.5537610650062561, 0.01596820540726185, 0.8548583984375], [-0.04186570644378662, 0.03414696082472801, -0.9985395073890686, 1.4946746826171875], [0.5524070262908936, -0.8319751620292664, -0.05161171033978462, -1.130126953125], [0.0, 0.0, 0.0, 1.0]], [[0.9470378756523132, 0.31966137886047363, -0.030591187998652458, -1.1446533203125], [-0.033463671803474426, 0.003495866898447275, -0.9994338154792786, 1.5886409282684326], [-0.3193734288215637, 0.9475253224372864, 0.01400776207447052, -0.102783203125], [0.0, 0.0, 0.0, 1.0]], [[0.0021270515862852335, 0.9999071359634399, 0.013465724885463715, 0.0029296875], [-0.058773960918188095, 0.013567481189966202, -0.9981791377067566, 1.574869155883789], [-0.9982690811157227, 0.001331740408204496, 0.05879735201597214, -0.0743255615234375], [0.0, 0.0, 0.0, 1.0]], [[-0.9344456195831299, 0.3544115424156189, 0.03469862788915634, 0.9927978515625], [-0.02609526924788952, 0.029027199372649193, -0.9992379546165466, 1.5474395751953125], [-0.3551487326622009, -0.9346389174461365, -0.017875872552394867, -0.11767578125], [0.0, 0.0, 0.0, 1.0]]], "view": [[0.0, -2.0, 100.0], [-2.0, 0.0, 100.0], [0.0, 0.0, 1.0]], "bev": "bev_2ba8cb7d4804453390a0ff2cc1280668.png", "aux": "aux_2ba8cb7d4804453390a0ff2cc1280668.npz", "visibility": "visibility_2ba8cb7d4804453390a0ff2cc1280668.png", "pose": [[0.9613285064697266, 0.2754042446613312, 0.0, 555.2881469726562], [-0.2754042446613312, 0.9613285064697266, 0.0, 1682.1021728515625], [0.0, 0.0, 1.0, 0.0], [0.0, 0.0, 0.0, 1.0]], "pose_inverse": [[0.9613285064697266, -0.2754042446613312, 0.0, -70.5562515258789], [0.2754042446613312, 0.9613285064697266, 0.0, -1769.9814453125], [0.0, 0.0, 1.0, 0.0], [0.0, 0.0, 0.0, 1.0]], "cam_ids": [0, 1, 2, 3, 4, 5], "cam_channels": ["CAM_FRONT_LEFT", "CAM_FRONT", "CAM_FRONT_RIGHT", "CAM_BACK_LEFT", "CAM_BACK", "CAM_BACK_RIGHT"], "token": "2ba8cb7d4804453390a0ff2cc1280668", "scene": "scene-1004"}, {"images": ["samples/CAM_FRONT_LEFT/n015-2018-11-14-18-57-54+0800__CAM_FRONT_LEFT__1542193464004844.jpg", "samples/CAM_FRONT/n015-2018-11-14-18-57-54+0800__CAM_FRONT__1542193464012460.jpg", "samples/CAM_FRONT_RIGHT/n015-2018-11-14-18-57-54+0800__CAM_FRONT_RIGHT__1542193464020339.jpg", "samples/CAM_BACK_LEFT/n015-2018-11-14-18-57-54+0800__CAM_BACK_LEFT__1542193464047423.jpg", "samples/CAM_BACK/n015-2018-11-14-18-57-54+0800__CAM_BACK__1542193464037525.jpg", "samples/CAM_BACK_RIGHT/n015-2018-11-14-18-57-54+0800__CAM_BACK_RIGHT__1542193464027893.jpg"], "intrinsics": [[[1272.5979470598488, 0.0, 826.6154927353808], [0.0, 1272.5979470598488, 479.75165386361925], [0.0, 0.0, 1.0]], [[1266.417203046554, 0.0, 816.2670197447984], [0.0, 1266.417203046554, 491.50706579294757], [0.0, 0.0, 1.0]], [[1260.8474446004698, 0.0, 807.968244525554], [0.0, 1260.8474446004698, 495.3344268742088], [0.0, 0.0, 1.0]], [[1256.7414812095406, 0.0, 792.1125740759628], [0.0, 1256.7414812095406, 492.7757465151356], [0.0, 0.0, 1.0]], [[809.2209905677063, 0.0, 829.2196003259838], [0.0, 809.2209905677063, 481.77842384512485], [0.0, 0.0, 1.0]], [[1259.5137405846733, 0.0, 807.2529053838625], [0.0, 1259.5137405846733, 501.19579884916527], [0.0, 0.0, 1.0]]], "extrinsics": [[[0.8199009299278259, -0.5702150464057922, -0.05115916207432747, -0.7017822265625], [-0.049017056822776794, 0.019114160910248756, -0.998615026473999, 1.4925289154052734], [0.5704032182693481, 0.8212730288505554, -0.012278546579182148, -1.098388671875], [0.0, 0.0, 0.0, 1.0]], [[0.006064048036932945, -0.9998639225959778, -0.015338658355176449, 0.0074462890625], [-0.054785631597042084, 0.014983715489506721, -0.9983857274055481, 1.5061473846435547], [0.9984797239303589, 0.006894534453749657, -0.05468731001019478, -1.4304046630859375], [0.0, 0.0, 0.0, 1.0]], [[-0.8321766257286072, -0.5540094971656799, 0.023569464683532715, 0.8641357421875], [-0.04966387525200844, 0.032131072133779526, -0.9982489347457886, 1.4935760498046875], [0.5522820949554443, -0.8318900465965271, -0.0542529858648777, -1.136474609375], [0.0, 0.0, 0.0, 1.0]], [[0.9466813802719116, 0.31968799233436584, -0.03992338851094246, -1.14556884765625], [-0.04258596524596214, 0.0013394404668360949, -0.9990918636322021, 1.5886991024017334], [-0.3193442225456238, 0.9475219249725342, 0.01488224696367979, -0.1029052734375], [0.0, 0.0, 0.0, 1.0]], [[0.0019512971630319953, 0.9999327063560486, 0.011433947831392288, 0.0028076171875], [-0.06741729378700256, 0.011539499275386333, -0.9976581335067749, 1.5745134353637695], [-0.9977229833602905, 0.0011758817126974463, 0.06743528693914413, -0.06981277465820312], [0.0, 0.0, 0.0, 1.0]], [[-0.9342482686042786, 0.35418573021888733, 0.041623055934906006, 1.000732421875], [-0.034254249185323715, 0.027051938697695732, -0.9990469217300415, 1.5464706420898438], [-0.3549741506576538, -0.9347838163375854, -0.013140864670276642, -0.1148681640625], [0.0, 0.0, 0.0, 1.0]]], "view": [[0.0, -2.0, 100.0], [-2.0, 0.0, 100.0], [0.0, 0.0, 1.0]], "bev": "bev_993bc91707bf404e9aa151127afeb1c8.png", "aux": "aux_993bc91707bf404e9aa151127afeb1c8.npz", "visibility": "visibility_993bc91707bf404e9aa151127afeb1c8.png", "pose": [[0.9588894248008728, 0.28377991914749146, 0.0, 559.0139770507812], [-0.28377991914749146, 0.9588894248008728, 0.0, 1680.994384765625], [0.0, 0.0, 1.0, 0.0], [0.0, 0.0, 0.0, 1.0]], "pose_inverse": [[0.9588894248008728, -0.28377991914749146, 0.0, -59.0001220703125], [0.28377991914749146, 0.9588894248008728, 0.0, -1770.524658203125], [0.0, 0.0, 1.0, 0.0], [0.0, 0.0, 0.0, 1.0]], "cam_ids": [0, 1, 2, 3, 4, 5], "cam_channels": ["CAM_FRONT_LEFT", "CAM_FRONT", "CAM_FRONT_RIGHT", "CAM_BACK_LEFT", "CAM_BACK", "CAM_BACK_RIGHT"], "token": "993bc91707bf404e9aa151127afeb1c8", "scene": "scene-1004"}, {"images": ["samples/CAM_FRONT_LEFT/n015-2018-11-14-18-57-54+0800__CAM_FRONT_LEFT__1542193464504844.jpg", "samples/CAM_FRONT/n015-2018-11-14-18-57-54+0800__CAM_FRONT__1542193464512460.jpg", "samples/CAM_FRONT_RIGHT/n015-2018-11-14-18-57-54+0800__CAM_FRONT_RIGHT__1542193464520339.jpg", "samples/CAM_BACK_LEFT/n015-2018-11-14-18-57-54+0800__CAM_BACK_LEFT__1542193464547423.jpg", "samples/CAM_BACK/n015-2018-11-14-18-57-54+0800__CAM_BACK__1542193464537525.jpg", "samples/CAM_BACK_RIGHT/n015-2018-11-14-18-57-54+0800__CAM_BACK_RIGHT__1542193464527893.jpg"], "intrinsics": [[[1272.5979470598488, 0.0, 826.6154927353808], [0.0, 1272.5979470598488, 479.75165386361925], [0.0, 0.0, 1.0]], [[1266.417203046554, 0.0, 816.2670197447984], [0.0, 1266.417203046554, 491.50706579294757], [0.0, 0.0, 1.0]], [[1260.8474446004698, 0.0, 807.968244525554], [0.0, 1260.8474446004698, 495.3344268742088], [0.0, 0.0, 1.0]], [[1256.7414812095406, 0.0, 792.1125740759628], [0.0, 1256.7414812095406, 492.7757465151356], [0.0, 0.0, 1.0]], [[809.2209905677063, 0.0, 829.2196003259838], [0.0, 809.2209905677063, 481.77842384512485], [0.0, 0.0, 1.0]], [[1259.5137405846733, 0.0, 807.2529053838625], [0.0, 1259.5137405846733, 501.19579884916527], [0.0, 0.0, 1.0]]], "extrinsics": [[[0.8206648826599121, -0.569870114326477, -0.04191887006163597, -0.701904296875], [-0.03680079057812691, 0.020496854558587074, -0.9991124272346497, 1.4964561462402344], [0.5702234506607056, 0.821479082107544, -0.0041506183333694935, -1.100341796875], [0.0, 0.0, 0.0, 1.0]], [[0.006605897564440966, -0.9998390674591064, -0.01668042689561844, 0.0086669921875], [-0.04262016341090202, 0.016384122893214226, -0.9989570379257202, 1.509368896484375], [0.9990695118904114, 0.007309922948479652, -0.04250507056713104, -1.4313468933105469], [0.0, 0.0, 0.0, 1.0]], [[-0.8322452306747437, -0.5542628169059753, 0.012672274373471737, 0.86553955078125], [-0.037555575370788574, 0.0335567407310009, -0.9987309575080872, 1.49603271484375], [0.5531342029571533, -0.8316649794578552, -0.048743098974227905, -1.1361083984375], [0.0, 0.0, 0.0, 1.0]], [[0.9471406936645508, 0.3195672631263733, -0.028307540342211723, -1.14599609375], [-0.03090643510222435, 0.003063059877604246, -0.999517560005188, 1.588681936264038], [-0.31932637095451355, 0.9475586414337158, 0.012777832336723804, -0.102294921875], [0.0, 0.0, 0.0, 1.0]], [[0.0019098089542239904, 0.9999140501022339, 0.012976698577404022, 0.0023193359375], [-0.05553056672215462, 0.013062742538750172, -0.9983715415000916, 1.5754108428955078], [-0.9984552264213562, 0.0011860833037644625, 0.05555072799324989, -0.06894683837890625], [0.0, 0.0, 0.0, 1.0]], [[-0.9347224235534668, 0.35403600335121155, 0.03086332231760025, 1.00128173828125], [-0.022205639630556107, 0.028491660952568054, -0.9993473887443542, 1.5482215881347656], [-0.3546842932701111, -0.9347977638244629, -0.01877019926905632, -0.1136474609375], [0.0, 0.0, 0.0, 1.0]]], "view": [[0.0, -2.0, 100.0], [-2.0, 0.0, 100.0], [0.0, 0.0, 1.0]], "bev": "bev_45399c614d154029a3898ba78a1d0e0f.png", "aux": "aux_45399c614d154029a3898ba78a1d0e0f.npz", "visibility": "visibility_45399c614d154029a3898ba78a1d0e0f.png", "pose": [[0.9563906788825989, 0.2920905649662018, 0.0, 562.6815185546875], [-0.2920905649662018, 0.9563906788825989, 0.0, 1679.880859375], [0.0, 0.0, 1.0, 0.0], [0.0, 0.0, 0.0, 1.0]], "pose_inverse": [[0.9563906788825989, -0.2920905649662018, 0.0, -47.46598815917969], [0.2920905649662018, 0.9563906788825989, 0.0, -1770.976318359375], [0.0, 0.0, 1.0, 0.0], [0.0, 0.0, 0.0, 1.0]], "cam_ids": [0, 1, 2, 3, 4, 5], "cam_channels": ["CAM_FRONT_LEFT", "CAM_FRONT", "CAM_FRONT_RIGHT", "CAM_BACK_LEFT", "CAM_BACK", "CAM_BACK_RIGHT"], "token": "45399c614d154029a3898ba78a1d0e0f", "scene": "scene-1004"}, {"images": ["samples/CAM_FRONT_LEFT/n015-2018-11-14-18-57-54+0800__CAM_FRONT_LEFT__1542193465004844.jpg", "samples/CAM_FRONT/n015-2018-11-14-18-57-54+0800__CAM_FRONT__1542193465012460.jpg", "samples/CAM_FRONT_RIGHT/n015-2018-11-14-18-57-54+0800__CAM_FRONT_RIGHT__1542193465020339.jpg", "samples/CAM_BACK_LEFT/n015-2018-11-14-18-57-54+0800__CAM_BACK_LEFT__1542193465047423.jpg", "samples/CAM_BACK/n015-2018-11-14-18-57-54+0800__CAM_BACK__1542193465037525.jpg", "samples/CAM_BACK_RIGHT/n015-2018-11-14-18-57-54+0800__CAM_BACK_RIGHT__1542193465027893.jpg"], "intrinsics": [[[1272.5979470598488, 0.0, 826.6154927353808], [0.0, 1272.5979470598488, 479.75165386361925], [0.0, 0.0, 1.0]], [[1266.417203046554, 0.0, 816.2670197447984], [0.0, 1266.417203046554, 491.50706579294757], [0.0, 0.0, 1.0]], [[1260.8474446004698, 0.0, 807.968244525554], [0.0, 1260.8474446004698, 495.3344268742088], [0.0, 0.0, 1.0]], [[1256.7414812095406, 0.0, 792.1125740759628], [0.0, 1256.7414812095406, 492.7757465151356], [0.0, 0.0, 1.0]], [[809.2209905677063, 0.0, 829.2196003259838], [0.0, 809.2209905677063, 481.77842384512485], [0.0, 0.0, 1.0]], [[1259.5137405846733, 0.0, 807.2529053838625], [0.0, 1259.5137405846733, 501.19579884916527], [0.0, 0.0, 1.0]]], "extrinsics": [[[0.8211296200752258, -0.5683097839355469, -0.05263238027691841, -0.701171875], [-0.046575114130973816, 0.025187568739056587, -0.9985972046852112, 1.4932937622070312], [0.5688382387161255, 0.8224290013313293, -0.005786838009953499, -1.0997314453125], [0.0, 0.0, 0.0, 1.0]], [[0.007645224686712027, -0.999735951423645, -0.02166721597313881, 0.009033203125], [-0.051825232803821564, 0.021242596209049225, -0.9984302520751953, 1.5068855285644531], [0.9986268877983093, 0.008756122551858425, -0.051649145781993866, -1.4301490783691406], [0.0, 0.0, 0.0, 1.0]], [[-0.8316250443458557, -0.5550764799118042, 0.017023077234625816, 0.8642578125], [-0.04619504138827324, 0.03859783336520195, -0.9981864094734192, 1.4941940307617188], [0.5534127950668335, -0.8309032320976257, -0.0577407106757164, -1.1348876953125], [0.0, 0.0, 0.0, 1.0]], [[0.946894109249115, 0.319853812456131, -0.03293952718377113, -1.14300537109375], [-0.037659548223018646, 0.00858097244054079, -0.9992537498474121, 1.5885963439941406], [-0.31933245062828064, 0.9474280476570129, 0.020170822739601135, -0.1031494140625], [0.0, 0.0, 0.0, 1.0]], [[0.0016058721812441945, 0.9998300075531006, 0.018368151038885117, 0.00244140625], [-0.06294074654579163, 0.01843281462788582, -0.9978470802307129, 1.574716567993164], [-0.9980159401893616, 0.0004462967626750469, 0.06295964866876602, -0.0716094970703125], [0.0, 0.0, 0.0, 1.0]], [[-0.9346762299537659, 0.35321083664894104, 0.040279604494571686, 0.99920654296875], [-0.030311668291687965, 0.03370960056781769, -0.9989718794822693, 1.5469779968261719], [-0.354205459356308, -0.9349362254142761, -0.020801154896616936, -0.1142578125], [0.0, 0.0, 0.0, 1.0]]], "view": [[0.0, -2.0, 100.0], [-2.0, 0.0, 100.0], [0.0, 0.0, 1.0]], "bev": "bev_7bb9758ec1a24dd293f03b8486214be0.png", "aux": "aux_7bb9758ec1a24dd293f03b8486214be0.npz", "visibility": "visibility_7bb9758ec1a24dd293f03b8486214be0.png", "pose": [[0.9518808722496033, 0.3064681887626648, 0.0, 566.2598266601562], [-0.3064681887626648, 0.9518808722496033, 0.0, 1678.74755859375], [0.0, 0.0, 1.0, 0.0], [0.0, 0.0, 0.0, 1.0]], "pose_inverse": [[0.9518808722496033, -0.3064681887626648, 0.0, -24.529190063476562], [0.3064681887626648, 0.9518808722496033, 0.0, -1771.50830078125], [0.0, 0.0, 1.0, 0.0], [0.0, 0.0, 0.0, 1.0]], "cam_ids": [0, 1, 2, 3, 4, 5], "cam_channels": ["CAM_FRONT_LEFT", "CAM_FRONT", "CAM_FRONT_RIGHT", "CAM_BACK_LEFT", "CAM_BACK", "CAM_BACK_RIGHT"], "token": "7bb9758ec1a24dd293f03b8486214be0", "scene": "scene-1004"}, {"images": ["samples/CAM_FRONT_LEFT/n015-2018-11-14-18-57-54+0800__CAM_FRONT_LEFT__1542193465504844.jpg", "samples/CAM_FRONT/n015-2018-11-14-18-57-54+0800__CAM_FRONT__1542193465512460.jpg", "samples/CAM_FRONT_RIGHT/n015-2018-11-14-18-57-54+0800__CAM_FRONT_RIGHT__1542193465520339.jpg", "samples/CAM_BACK_LEFT/n015-2018-11-14-18-57-54+0800__CAM_BACK_LEFT__1542193465547423.jpg", "samples/CAM_BACK/n015-2018-11-14-18-57-54+0800__CAM_BACK__1542193465537525.jpg", "samples/CAM_BACK_RIGHT/n015-2018-11-14-18-57-54+0800__CAM_BACK_RIGHT__1542193465527893.jpg"], "intrinsics": [[[1272.5979470598488, 0.0, 826.6154927353808], [0.0, 1272.5979470598488, 479.75165386361925], [0.0, 0.0, 1.0]], [[1266.417203046554, 0.0, 816.2670197447984], [0.0, 1266.417203046554, 491.50706579294757], [0.0, 0.0, 1.0]], [[1260.8474446004698, 0.0, 807.968244525554], [0.0, 1260.8474446004698, 495.3344268742088], [0.0, 0.0, 1.0]], [[1256.7414812095406, 0.0, 792.1125740759628], [0.0, 1256.7414812095406, 492.7757465151356], [0.0, 0.0, 1.0]], [[809.2209905677063, 0.0, 829.2196003259838], [0.0, 809.2209905677063, 481.77842384512485], [0.0, 0.0, 1.0]], [[1259.5137405846733, 0.0, 807.2529053838625], [0.0, 1259.5137405846733, 501.19579884916527], [0.0, 0.0, 1.0]]], "extrinsics": [[[0.8206058144569397, -0.5686346292495728, -0.05710231140255928, -0.69049072265625], [-0.05021476000547409, 0.02778877690434456, -0.9983517527580261, 1.4914588928222656], [0.569284200668335, 0.8221206665039062, -0.0057502188719809055, -1.091796875], [0.0, 0.0, 0.0, 1.0]], [[0.007207121234387159, -0.9996811151504517, -0.024199683219194412, 0.0086669921875], [-0.05550004914402962, 0.02376311458647251, -0.998175859451294, 1.5051994323730469], [0.9984325766563416, 0.008537092246115208, -0.055311087518930435, -1.4172544479370117], [0.0, 0.0, 0.0, 1.0]], [[-0.8316640257835388, -0.5549618601799011, 0.01876627653837204, 0.85394287109375], [-0.04989903047680855, 0.04103373363614082, -0.9979109764099121, 1.49285888671875], [0.5530324578285217, -0.8308631181716919, -0.06181833893060684, -1.1285400390625], [0.0, 0.0, 0.0, 1.0]], [[0.9467349648475647, 0.32003942131996155, -0.035604044795036316, -1.1358642578125], [-0.04121778905391693, 0.010781812481582165, -0.9990919828414917, 1.5882835388183594], [-0.31936487555503845, 0.9473428130149841, 0.023398835211992264, -0.105712890625], [0.0, 0.0, 0.0, 1.0]], [[0.0016561192460358143, 0.9997855424880981, 0.020644191652536392, 0.00244140625], [-0.06659893691539764, 0.020708657801151276, -0.9975649118423462, 1.5738258361816406], [-0.9977784752845764, 0.0002771570871118456, 0.06661894172430038, -0.08092355728149414], [0.0, 0.0, 0.0, 1.0]], [[-0.9344841241836548, 0.3532011806964874, 0.04459044709801674, 0.989013671875], [-0.03402557224035263, 0.036067940294742584, -0.9987699389457703, 1.5460700988769531], [-0.3543749749660492, -0.934851884841919, -0.021687045693397522, -0.118408203125], [0.0, 0.0, 0.0, 1.0]]], "view": [[0.0, -2.0, 100.0], [-2.0, 0.0, 100.0], [0.0, 0.0, 1.0]], "bev": "bev_80572e69785d4c8488bfb6d6d6207e2e.png", "aux": "aux_80572e69785d4c8488bfb6d6d6207e2e.npz", "visibility": "visibility_80572e69785d4c8488bfb6d6d6207e2e.png", "pose": [[0.9458673000335693, 0.32455360889434814, 0.0, 569.8197631835938], [-0.32455360889434814, 0.9458673000335693, 0.0, 1677.542236328125], [0.0, 0.0, 1.0, 0.0], [0.0, 0.0, 0.0, 1.0]], "pose_inverse": [[0.9458673000335693, -0.32455360889434814, 0.0, 5.478496551513672], [0.32455360889434814, 0.9458673000335693, 0.0, -1771.66943359375], [0.0, 0.0, 1.0, 0.0], [0.0, 0.0, 0.0, 1.0]], "cam_ids": [0, 1, 2, 3, 4, 5], "cam_channels": ["CAM_FRONT_LEFT", "CAM_FRONT", "CAM_FRONT_RIGHT", "CAM_BACK_LEFT", "CAM_BACK", "CAM_BACK_RIGHT"], "token": "80572e69785d4c8488bfb6d6d6207e2e", "scene": "scene-1004"}, {"images": ["samples/CAM_FRONT_LEFT/n015-2018-11-14-18-57-54+0800__CAM_FRONT_LEFT__1542193466004844.jpg", "samples/CAM_FRONT/n015-2018-11-14-18-57-54+0800__CAM_FRONT__1542193466012460.jpg", "samples/CAM_FRONT_RIGHT/n015-2018-11-14-18-57-54+0800__CAM_FRONT_RIGHT__1542193466020339.jpg", "samples/CAM_BACK_LEFT/n015-2018-11-14-18-57-54+0800__CAM_BACK_LEFT__1542193466047423.jpg", "samples/CAM_BACK/n015-2018-11-14-18-57-54+0800__CAM_BACK__1542193466037525.jpg", "samples/CAM_BACK_RIGHT/n015-2018-11-14-18-57-54+0800__CAM_BACK_RIGHT__1542193466027893.jpg"], "intrinsics": [[[1272.5979470598488, 0.0, 826.6154927353808], [0.0, 1272.5979470598488, 479.75165386361925], [0.0, 0.0, 1.0]], [[1266.417203046554, 0.0, 816.2670197447984], [0.0, 1266.417203046554, 491.50706579294757], [0.0, 0.0, 1.0]], [[1260.8474446004698, 0.0, 807.968244525554], [0.0, 1260.8474446004698, 495.3344268742088], [0.0, 0.0, 1.0]], [[1256.7414812095406, 0.0, 792.1125740759628], [0.0, 1256.7414812095406, 492.7757465151356], [0.0, 0.0, 1.0]], [[809.2209905677063, 0.0, 829.2196003259838], [0.0, 809.2209905677063, 481.77842384512485], [0.0, 0.0, 1.0]], [[1259.5137405846733, 0.0, 807.2529053838625], [0.0, 1259.5137405846733, 501.19579884916527], [0.0, 0.0, 1.0]]], "extrinsics": [[[0.8199706077575684, -0.5691719055175781, -0.06075682118535042, -0.6923828125], [-0.05433205887675285, 0.028272761031985283, -0.9981225728988647, 1.4902000427246094], [0.5698211193084717, 0.8217322826385498, -0.007741446141153574, -1.0926513671875], [0.0, 0.0, 0.0, 1.0]], [[0.0064872982911765575, -0.9996741414070129, -0.024687567725777626, 0.0079345703125], [-0.05969012901186943, 0.02425694838166237, -0.9979221820831299, 1.50421142578125], [0.9981958866119385, 0.007947406731545925, -0.05951331555843353, -1.4198799133300781], [0.0, 0.0, 0.0, 1.0]], [[-0.831849992275238, -0.5545616149902344, 0.02206943929195404, 0.85577392578125], [-0.05415397137403488, 0.041528280824422836, -0.9976686239242554, 1.492095947265625], [0.5523521900177002, -0.8311057686805725, -0.06457700580358505, -1.1304931640625], [0.0, 0.0, 0.0, 1.0]], [[0.9465366005897522, 0.32015568017959595, -0.039608828723430634, -1.138916015625], [-0.04559187591075897, 0.01121088583022356, -0.9988972544670105, 1.5883922576904297], [-0.31935855746269226, 0.9472985863685608, 0.025208011269569397, -0.1048583984375], [0.0, 0.0, 0.0, 1.0]], [[0.001846299390308559, 0.9997757077217102, 0.021098928526043892, 0.002685546875], [-0.07098004221916199, 0.021176770329475403, -0.9972529411315918, 1.5736045837402344], [-0.9974761009216309, 0.0003436036640778184, 0.07100321352481842, -0.07891082763671875], [0.0, 0.0, 0.0, 1.0]], [[-0.9341694116592407, 0.3534744083881378, 0.04881872981786728, 0.9913330078125], [-0.03835416957736015, 0.03655388951301575, -0.9985954165458679, 1.5454940795898438], [-0.354762464761734, -0.9347297549247742, -0.02059031091630459, -0.1181640625], [0.0, 0.0, 0.0, 1.0]]], "view": [[0.0, -2.0, 100.0], [-2.0, 0.0, 100.0], [0.0, 0.0, 1.0]], "bev": "bev_8505fd5dbed74053ab304269847073a9.png", "aux": "aux_8505fd5dbed74053ab304269847073a9.npz", "visibility": "visibility_8505fd5dbed74053ab304269847073a9.png", "pose": [[0.9398417472839355, 0.3416101932525635, 0.0, 573.376953125], [-0.3416101932525635, 0.9398417472839355, 0.0, 1676.256591796875], [0.0, 0.0, 1.0, 0.0], [0.0, 0.0, 0.0, 1.0]], "pose_inverse": [[0.9398417472839355, -0.3416101932525635, 0.0, 33.74272537231445], [0.3416101932525635, 0.9398417472839355, 0.0, -1771.287353515625], [0.0, 0.0, 1.0, 0.0], [0.0, 0.0, 0.0, 1.0]], "cam_ids": [0, 1, 2, 3, 4, 5], "cam_channels": ["CAM_FRONT_LEFT", "CAM_FRONT", "CAM_FRONT_RIGHT", "CAM_BACK_LEFT", "CAM_BACK", "CAM_BACK_RIGHT"], "token": "8505fd5dbed74053ab304269847073a9", "scene": "scene-1004"}, {"images": ["samples/CAM_FRONT_LEFT/n015-2018-11-14-18-57-54+0800__CAM_FRONT_LEFT__1542193466504844.jpg", "samples/CAM_FRONT/n015-2018-11-14-18-57-54+0800__CAM_FRONT__1542193466512460.jpg", "samples/CAM_FRONT_RIGHT/n015-2018-11-14-18-57-54+0800__CAM_FRONT_RIGHT__1542193466520339.jpg", "samples/CAM_BACK_LEFT/n015-2018-11-14-18-57-54+0800__CAM_BACK_LEFT__1542193466547423.jpg", "samples/CAM_BACK/n015-2018-11-14-18-57-54+0800__CAM_BACK__1542193466537525.jpg", "samples/CAM_BACK_RIGHT/n015-2018-11-14-18-57-54+0800__CAM_BACK_RIGHT__1542193466527893.jpg"], "intrinsics": [[[1272.5979470598488, 0.0, 826.6154927353808], [0.0, 1272.5979470598488, 479.75165386361925], [0.0, 0.0, 1.0]], [[1266.417203046554, 0.0, 816.2670197447984], [0.0, 1266.417203046554, 491.50706579294757], [0.0, 0.0, 1.0]], [[1260.8474446004698, 0.0, 807.968244525554], [0.0, 1260.8474446004698, 495.3344268742088], [0.0, 0.0, 1.0]], [[1256.7414812095406, 0.0, 792.1125740759628], [0.0, 1256.7414812095406, 492.7757465151356], [0.0, 0.0, 1.0]], [[809.2209905677063, 0.0, 829.2196003259838], [0.0, 809.2209905677063, 481.77842384512485], [0.0, 0.0, 1.0]], [[1259.5137405846733, 0.0, 807.2529053838625], [0.0, 1259.5137405846733, 501.19579884916527], [0.0, 0.0, 1.0]]], "extrinsics": [[[0.8198729753494263, -0.5688334703445435, -0.06509088724851608, -0.68994140625], [-0.05771387740969658, 0.030998555943369865, -0.9978517889976501, 1.4888877868652344], [0.5696291923522949, 0.8218683004379272, -0.007414707913994789, -1.0889892578125], [0.0, 0.0, 0.0, 1.0]], [[0.006595672573894262, -0.9996019601821899, -0.027427634224295616, 0.0067138671875], [-0.06311389058828354, 0.02695741504430771, -0.9976422190666199, 1.5030555725097656], [0.9979845881462097, 0.008311192505061626, -0.06291096657514572, -1.4157333374023438], [0.0, 0.0, 0.0, 1.0]], [[-0.8316684365272522, -0.5547767281532288, 0.023462750017642975, 0.8519287109375], [-0.05762476846575737, 0.04420500993728638, -0.9973591566085815, 1.4911727905273438], [0.5522744655609131, -0.830824077129364, -0.06873278319835663, -1.1292724609375], [0.0, 0.0, 0.0, 1.0]], [[0.946387767791748, 0.32021191716194153, -0.0425993874669075, -1.13330078125], [-0.04957154393196106, 0.013649889267981052, -0.9986772537231445, 1.5881175994873047], [-0.3192068934440613, 0.9472476243972778, 0.028791483491659164, -0.105712890625], [0.0, 0.0, 0.0, 1.0]], [[0.0017870758892968297, 0.9997180700302124, 0.023678818717598915, 0.003173828125], [-0.0746760219335556, 0.023746155202388763, 