[{"images": ["samples/CAM_FRONT_LEFT/n008-2018-09-18-12-07-26-0400__CAM_FRONT_LEFT__1537287024504799.jpg", "samples/CAM_FRONT/n008-2018-09-18-12-07-26-0400__CAM_FRONT__1537287024512404.jpg", "samples/CAM_FRONT_RIGHT/n008-2018-09-18-12-07-26-0400__CAM_FRONT_RIGHT__1537287024520482.jpg", "samples/CAM_BACK_LEFT/n008-2018-09-18-12-07-26-0400__CAM_BACK_LEFT__1537287024547405.jpg", "samples/CAM_BACK/n008-2018-09-18-12-07-26-0400__CAM_BACK__1537287024537558.jpg", "samples/CAM_BACK_RIGHT/n008-2018-09-18-12-07-26-0400__CAM_BACK_RIGHT__1537287024528113.jpg"], "intrinsics": [[[1257.8625342125129, 0.0, 827.2410631095686], [0.0, 1257.8625342125129, 450.915498205774], [0.0, 0.0, 1.0]], [[1252.8131021185304, 0.0, 826.588114781398], [0.0, 1252.8131021185304, 469.9846626224581], [0.0, 0.0, 1.0]], [[1256.7485116440405, 0.0, 817.7887570959712], [0.0, 1256.7485116440403, 451.9541780095127], [0.0, 0.0, 1.0]], [[1254.9860565800168, 0.0, 829.5769333630991], [0.0, 1254.9860565800168, 467.1680561863987], [0.0, 0.0, 1.0]], [[796.8910634503094, 0.0, 857.7774326863696], [0.0, 796.8910634503094, 476.8848988407415], [0.0, 0.0, 1.0]], [[1249.9629280788233, 0.0, 825.3768045375984], [0.0, 1249.9629280788233, 462.54816385708756], [0.0, 0.0, 1.0]]], "extrinsics": [[[0.8222187161445618, -0.5689951181411743, 0.014181479811668396, -0.81927490234375], [0.008218553848564625, -0.013044656254351139, -0.9998811483383179, 1.490166187286377], [0.5691124796867371, 0.822237491607666, -0.006049242801964283, -1.2073974609375], [0.0, 0.0, 0.0, 1.0]], [[0.00985661894083023, -0.9998027682304382, 0.017243681475520134, 0.00909423828125], [0.010071150958538055, -0.01714438945055008, -0.99980229139328, 1.4820849895477295], [0.9999006986618042, 0.01002833154052496, 0.009900177828967571, -1.5474853515625], [0.0, 0.0, 0.0, 1.0]], [[-0.8441178798675537, -0.5361558794975281, -0.001338243018835783, 0.967041015625], [0.017983166500926018, -0.025817742571234703, -0.9995049238204956, 1.4957642555236816], [0.5358558893203735, -0.8437241315841675, 0.03143499791622162, -1.1972122192382812], [0.0, 0.0, 0.0, 1.0]], [[0.947886049747467, 0.31843453645706177, -0.01056313794106245, -1.1307373046875], [-0.0076178149320185184, -0.010493303649127483, -0.9999159574508667, 1.561941146850586], [-0.31851860880851746, 0.9478867650032043, -0.007520677056163549, -0.160736083984375], [0.0, 0.0, 0.0, 1.0]], [[0.009341603145003319, 0.99979168176651, -0.018148472532629967, -0.02899169921875], [-0.005372609477490187, -0.018098820000886917, -0.9998217225074768, 1.5677356719970703], [-0.9999420046806335, 0.009437445551156998, 0.005202417727559805, -0.0185546875], [0.0, 0.0, 0.0, 1.0]], [[-0.923643171787262, 0.38297590613365173, -0.014588287100195885, 1.058837890625], [-0.0011587472399696708, -0.04085470363497734, -0.9991644024848938, 1.5477333068847656], [-0.3832518756389618, -0.922854483127594, 0.0381789356470108, -0.0845947265625], [0.0, 0.0, 0.0, 1.0]]], "view": [[0.0, -2.0, 100.0], [-2.0, 0.0, 100.0], [0.0, 0.0, 1.0]], "bev": "bev_558c17adae634e288fc001f8021edfea.png", "aux": "aux_558c17adae634e288fc001f8021edfea.npz", "visibility": "visibility_558c17adae634e288fc001f8021edfea.png", "pose": [[0.9983696341514587, 0.05708002671599388, 0.0, 1773.0234375], [-0.05708002671599388, 0.9983696341514587, 0.0, 867.2451171875], [0.0, 0.0, 1.0, 0.0], [0.0, 0.0, 0.0, 1.0]], "pose_inverse": [[0.9983696341514587, -0.05708002671599388, 0.0, -1720.63037109375], [0.05708002671599388, 0.9983696341514587, 0.0, -967.035400390625], [0.0, 0.0, 1.0, 0.0], [0.0, 0.0, 0.0, 1.0]], "cam_ids": [0, 1, 2, 3, 4, 5], "cam_channels": ["CAM_FRONT_LEFT", "CAM_FRONT", "CAM_FRONT_RIGHT", "CAM_BACK_LEFT", "CAM_BACK", "CAM_BACK_RIGHT"], "token": "558c17adae634e288fc001f8021edfea", "scene": "scene-0444"}, {"images": ["samples/CAM_FRONT_LEFT/n008-2018-09-18-12-07-26-0400__CAM_FRONT_LEFT__1537287025004799.jpg", "samples/CAM_FRONT/n008-2018-09-18-12-07-26-0400__CAM_FRONT__1537287025012404.jpg", "samples/CAM_FRONT_RIGHT/n008-2018-09-18-12-07-26-0400__CAM_FRONT_RIGHT__1537287025020482.jpg", "samples/CAM_BACK_LEFT/n008-2018-09-18-12-07-26-0400__CAM_BACK_LEFT__1537287025047410.jpg", "samples/CAM_BACK/n008-2018-09-18-12-07-26-0400__CAM_BACK__1537287025037558.jpg", "samples/CAM_BACK_RIGHT/n008-2018-09-18-12-07-26-0400__CAM_BACK_RIGHT__1537287025028113.jpg"], "intrinsics": [[[1257.8625342125129, 0.0, 827.2410631095686], [0.0, 1257.8625342125129, 450.915498205774], [0.0, 0.0, 1.0]], [[1252.8131021185304, 0.0, 826.588114781398], [0.0, 1252.8131021185304, 469.9846626224581], [0.0, 0.0, 1.0]], [[1256.7485116440405, 0.0, 817.7887570959712], [0.0, 1256.7485116440403, 451.9541780095127], [0.0, 0.0, 1.0]], [[1254.9860565800168, 0.0, 829.5769333630991], [0.0, 1254.9860565800168, 467.1680561863987], [0.0, 0.0, 1.0]], [[796.8910634503094, 0.0, 857.7774326863696], [0.0, 796.8910634503094, 476.8848988407415], [0.0, 0.0, 1.0]], [[1249.9629280788233, 0.0, 825.3768045375984], [0.0, 1249.9629280788233, 462.54816385708756], [0.0, 0.0, 1.0]]], "extrinsics": [[[0.8218648433685303, -0.5694392919540405, 0.016648581251502037, -0.8040771484375], [0.009626231156289577, -0.015338580124080181, -0.9998360276222229, 1.4906599521636963], [0.5696012377738953, 0.8218903541564941, -0.007124686148017645, -1.1959228515625], [0.0, 0.0, 0.0, 1.0]], [[0.009286373853683472, -0.9997649192810059, 0.019591201096773148, 0.00830078125], [0.011721664108335972, -0.01948186382651329, -0.9997414946556091, 1.4825724363327026], [0.9998881220817566, 0.009513619355857372, 0.011537992395460606, -1.5313720703125], [0.0, 0.0, 0.0, 1.0]], [[-0.8443499803543091, -0.5357893109321594, -0.0016851930413395166, 0.9560546875], [0.01989084668457508, -0.028202593326568604, -0.9994043111801147, 1.4962735176086426], [0.535422682762146, -0.8438805341720581, 0.03447016328573227, -1.19122314453125], [0.0, 0.0, 0.0, 1.0]], [[0.9478978514671326, 0.31844401359558105, -0.00911061279475689, -1.133056640625], [-0.005237862933427095, -0.013015645556151867, -0.9999015927314758, 1.561990737915039], [-0.3185313045978546, 0.9478523135185242, -0.010669538751244545, -0.159881591796875], [0.0, 0.0, 0.0, 1.0]], [[0.00951594952493906, 0.9997425675392151, -0.020594673231244087, -0.028564453125], [-0.0032266201451420784, -0.020564798265695572, -0.9997832775115967, 1.5678558349609375], [-0.9999495148658752, 0.009580341167747974, 0.003030096646398306, -0.021484375], [0.0, 0.0, 0.0, 1.0]], [[-0.9234947562217712, 0.3832157254219055, -0.01741073839366436, 1.051513671875], [0.0008828293066471815, -0.043263211846351624, -0.9990633130073547, 1.547943115234375], [-0.38360998034477234, -0.922645092010498, 0.03961503505706787, -0.0885009765625], [0.0, 0.0, 0.0, 1.0]]], "view": [[0.0, -2.0, 100.0], [-2.0, 0.0, 100.0], [0.0, 0.0, 1.0]], "bev": "bev_9057cba7ce7549618191761ddd92b414.png", "aux": "aux_9057cba7ce7549618191761ddd92b414.npz", "visibility": "visibility_9057cba7ce7549618191761ddd92b414.png", "pose": [[0.9989706873893738, 0.045359812676906586, 0.0, 1775.6396484375], [-0.045359812676906586, 0.9989706873893738, 0.0, 867.0928955078125], [0.0, 0.0, 1.0, 0.0], [0.0, 0.0, 0.0, 1.0]], "pose_inverse": [[0.9989706873893738, -0.045359812676906586, 0.0, -1734.4808349609375], [0.045359812676906586, 0.9989706873893738, 0.0, -946.7431030273438], [0.0, 0.0, 1.0, 0.0], [0.0, 0.0, 0.0, 1.0]], "cam_ids": [0, 1, 2, 3, 4, 5], "cam_channels": ["CAM_FRONT_LEFT", "CAM_FRONT", "CAM_FRONT_RIGHT", "CAM_BACK_LEFT", "CAM_BACK", "CAM_BACK_RIGHT"], "token": "9057cba7ce7549618191761ddd92b414", "scene": "scene-0444"}, {"images": ["samples/CAM_FRONT_LEFT/n008-2018-09-18-12-07-26-0400__CAM_FRONT_LEFT__1537287025504799.jpg", "samples/CAM_FRONT/n008-2018-09-18-12-07-26-0400__CAM_FRONT__1537287025512404.jpg", "samples/CAM_FRONT_RIGHT/n008-2018-09-18-12-07-26-0400__CAM_FRONT_RIGHT__1537287025520482.jpg", "samples/CAM_BACK_LEFT/n008-2018-09-18-12-07-26-0400__CAM_BACK_LEFT__1537287025547405.jpg", "samples/CAM_BACK/n008-2018-09-18-12-07-26-0400__CAM_BACK__1537287025537558.jpg", "samples/CAM_BACK_RIGHT/n008-2018-09-18-12-07-26-0400__CAM_BACK_RIGHT__1537287025528113.jpg"], "intrinsics": [[[1257.8625342125129, 0.0, 827.2410631095686], [0.0, 1257.8625342125129, 450.915498205774], [0.0, 0.0, 1.0]], [[1252.8131021185304, 0.0, 826.588114781398], [0.0, 1252.8131021185304, 469.9846626224581], [0.0, 0.0, 1.0]], [[1256.7485116440405, 0.0, 817.7887570959712], [0.0, 1256.7485116440403, 451.9541780095127], [0.0, 0.0, 1.0]], [[1254.9860565800168, 0.0, 829.5769333630991], [0.0, 1254.9860565800168, 467.1680561863987], [0.0, 0.0, 1.0]], [[796.8910634503094, 0.0, 857.7774326863696], [0.0, 796.8910634503094, 476.8848988407415], [0.0, 0.0, 1.0]], [[1249.9629280788233, 0.0, 825.3768045375984], [0.0, 1249.9629280788233, 462.54816385708756], [0.0, 0.0, 1.0]]], "extrinsics": [[[0.8211012482643127, -0.5705692172050476, 0.015607255510985851, -0.7911376953125], [0.009510437026619911, -0.01366365235298872, -0.9998614192008972, 1.4907865524291992], [0.570703387260437, 0.8211358189582825, -0.005792879965156317, -1.1878662109375], [0.0, 0.0, 0.0, 1.0]], [[0.008192041888833046, -0.9998060464859009, 0.017911430448293686, 0.0091552734375], [0.011377666145563126, -0.017817677929997444, -0.9997765421867371, 1.4826481342315674], [0.9999017119407654, 0.008394003845751286, 0.011229495517909527, -1.5196533203125], [0.0, 0.0, 0.0, 1.0]], [[-0.8448092341423035, -0.5350633859634399, -0.0021000022534281015, 0.949462890625], [0.019302865490317345, -0.026554550975561142, -0.9994609951972961, 1.4963645935058594], [0.5347191691398621, -0.8443944454193115, 0.03276178985834122, -1.18621826171875], [0.0, 0.0, 0.0, 1.0]], [[0.9478927850723267, 0.31844067573547363, -0.009736909531056881, -1.1328125], [-0.006355226039886475, -0.01165673416107893, -0.9999118447303772, 1.5619735717773438], [-0.31852614879608154, 0.9478711485862732, -0.009025572799146175, -0.160247802734375], [0.0, 0.0, 0.0, 1.0]], [[0.009852358140051365, 0.9997696876525879, -0.01906440407037735, -0.0289306640625], [-0.004101807717233896, -0.019024759531021118, -0.999810516834259, 1.5677947998046875], [-0.9999430179595947, 0.009928694926202297, 0.00391342444345355, -0.0247802734375], [0.0, 0.0, 0.0, 1.0]], [[-0.923262894153595, 0.3838302195072174, -0.016122961416840553, 1.0457763671875], [0.00013650239270646125, -0.04164067655801773, -0.9991326332092285, 1.547882080078125], [-0.3841686546802521, -0.9224643111228943, 0.03839289769530296, -0.0902099609375], [0.0, 0.0, 0.0, 1.0]]], "view": [[0.0, -2.0, 100.0], [-2.0, 0.0, 100.0], [0.0, 0.0, 1.0]], "bev": "bev_7b2bfc540f91438a8e6985b96ac48f34.png", "aux": "aux_7b2bfc540f91438a8e6985b96ac48f34.npz", "visibility": "visibility_7b2bfc540f91438a8e6985b96ac48f34.png", "pose": [[0.9996852874755859, 0.02508590929210186, 0.0, 1778.4073486328125], [-0.02508590929210186, 0.9996852874755859, 0.0, 866.9735717773438], [0.0, 0.0, 1.0, 0.0], [0.0, 0.0, 0.0, 1.0]], "pose_inverse": [[0.9996852874755859, -0.02508590929210186, 0.0, -1756.098876953125], [0.02508590929210186, 0.9996852874755859, 0.0, -911.313720703125], [0.0, 0.0, 1.0, 0.0], [0.0, 0.0, 0.0, 1.0]], "cam_ids": [0, 1, 2, 3, 4, 5], "cam_channels": ["CAM_FRONT_LEFT", "CAM_FRONT", "CAM_FRONT_RIGHT", "CAM_BACK_LEFT", "CAM_BACK", "CAM_BACK_RIGHT"], "token": "7b2bfc540f91438a8e6985b96ac48f34", "scene": "scene-0444"}, {"images": ["samples/CAM_FRONT_LEFT/n008-2018-09-18-12-07-26-0400__CAM_FRONT_LEFT__1537287026004799.jpg", "samples/CAM_FRONT/n008-2018-09-18-12-07-26-0400__CAM_FRONT__1537287026012404.jpg", "samples/CAM_FRONT_RIGHT/n008-2018-09-18-12-07-26-0400__CAM_FRONT_RIGHT__1537287026020482.jpg", "samples/CAM_BACK_LEFT/n008-2018-09-18-12-07-26-0400__CAM_BACK_LEFT__1537287026047405.jpg", "samples/CAM_BACK/n008-2018-09-18-12-07-26-0400__CAM_BACK__1537287026037558.jpg", "samples/CAM_BACK_RIGHT/n008-2018-09-18-12-07-26-0400__CAM_BACK_RIGHT__1537287026028113.jpg"], "intrinsics": [[[1257.8625342125129, 0.0, 827.2410631095686], [0.0, 1257.8625342125129, 450.915498205774], [0.0, 0.0, 1.0]], [[1252.8131021185304, 0.0, 826.588114781398], [0.0, 1252.8131021185304, 469.9846626224581], [0.0, 0.0, 1.0]], [[1256.7485116440405, 0.0, 817.7887570959712], [0.0, 1256.7485116440403, 451.9541780095127], [0.0, 0.0, 1.0]], [[1254.9860565800168, 0.0, 829.5769333630991], [0.0, 1254.9860565800168, 467.1680561863987], [0.0, 0.0, 1.0]], [[796.8910634503094, 0.0, 857.7774326863696], [0.0, 796.8910634503094, 476.8848988407415], [0.0, 0.0, 1.0]], [[1249.9629280788233, 0.0, 825.3768045375984], [0.0, 1249.9629280788233, 462.54816385708756], [0.0, 0.0, 1.0]]], "extrinsics": [[[0.8214279413223267, -0.5700677633285522, 0.016698505729436874, -0.7935791015625], [0.007630088832229376, -0.018291955813765526, -0.9998036026954651, 1.4902935028076172], [0.5702612996101379, 0.8213940262794495, -0.010675858706235886, -1.189697265625], [0.0, 0.0, 0.0, 1.0]], [[0.00864039920270443, -0.9997091293334961, 0.02251593768596649, 0.00927734375], [0.009648219682276249, -0.022432388737797737, -0.9997017979621887, 1.482262134552002], [0.9999160766601562, 0.0088550616055727, 0.009451588615775108, -1.522216796875], [0.0, 0.0, 0.0, 1.0]], [[-0.8446529507637024, -0.5353116393089294, 0.001698205596767366, 0.9505615234375], [0.017734074965119362, -0.03115241602063179, -0.999357283115387, 1.4960813522338867], [0.5350205898284912, -0.8440799713134766, 0.035806234925985336, -1.187042236328125], [0.0, 0.0, 0.0, 1.0]], [[0.9479191899299622, 0.3182770013809204, -0.01220929715782404, -1.1307373046875], [-0.007467482704669237, -0.01611427217721939, -0.9998422265052795, 1.561941146850586], [-0.3184235394001007, 0.947860836982727, -0.012898299843072891, -0.1605224609375], [0.0, 0.0, 0.0, 1.0]], [[0.0098043167963624, 0.9996724128723145, -0.02364228665828705, -0.02874755859375], [-0.005396318156272173, -0.02359018102288246, -0.9997071027755737, 1.5676994323730469], [-0.9999374151229858, 0.00992902647703886, 0.005163264460861683, -0.025390625], [0.0, 0.0, 0.0, 1.0]], [[-0.9233520030975342, 0.3835959732532501, -0.01658886857330799, 1.0462646484375], [-0.0012583312345668674, -0.04622833803296089, -0.9989300966262817, 1.5477104187011719], [-0.38395237922668457, -0.9223432540893555, 0.04316771775484085, -0.090087890625], [0.0, 0.0, 0.0, 1.0]]], "view": [[0.0, -2.0, 100.0], [-2.0, 0.0, 100.0], [0.0, 0.0, 1.0]], "bev": "bev_86885b55b1174e6d8356d8d8690d2d3d.png", "aux": "aux_86885b55b1174e6d8356d8d8690d2d3d.npz", "visibility": "visibility_86885b55b1174e6d8356d8d8690d2d3d.png", "pose": [[0.9999969601631165, -0.0024695692118257284, 0.0, 1781.263671875], [0.0024695692118257284, 0.9999969601631165, 0.0, 866.9219970703125], [0.0, 0.0, 1.0, 0.0], [0.0, 0.0, 0.0, 1.0]], "pose_inverse": [[0.9999969601631165, 0.0024695692118257284, 0.0, -1783.399169921875], [-0.0024695692118257284, 0.9999969601631165, 0.0, -862.5203857421875], [0.0, 0.0, 1.0, 0.0], [0.0, 0.0, 0.0, 1.0]], "cam_ids": [0, 1, 2, 3, 4, 5], "cam_channels": ["CAM_FRONT_LEFT", "CAM_FRONT", "CAM_FRONT_RIGHT", "CAM_BACK_LEFT", "CAM_BACK", "CAM_BACK_RIGHT"], "token": "86885b55b1174e6d8356d8d8690d2d3d", "scene": "scene-0444"}, {"images": ["samples/CAM_FRONT_LEFT/n008-2018-09-18-12-07-26-0400__CAM_FRONT_LEFT__1537287026504799.jpg", "samples/CAM_FRONT/n008-2018-09-18-12-07-26-0400__CAM_FRONT__1537287026512404.jpg", "samples/CAM_FRONT_RIGHT/n008-2018-09-18-12-07-26-0400__CAM_FRONT_RIGHT__1537287026520482.jpg", "samples/CAM_BACK_LEFT/n008-2018-09-18-12-07-26-0400__CAM_BACK_LEFT__1537287026547405.jpg", "samples/CAM_BACK/n008-2018-09-18-12-07-26-0400__CAM_BACK__1537287026537558.jpg", "samples/CAM_BACK_RIGHT/n008-2018-09-18-12-07-26-0400__CAM_BACK_RIGHT__1537287026528113.jpg"], "intrinsics": [[[1257.8625342125129, 0.0, 827.2410631095686], [0.0, 1257.8625342125129, 450.915498205774], [0.0, 0.0, 1.0]], [[1252.8131021185304, 0.0, 826.588114781398], [0.0, 1252.8131021185304, 469.9846626224581], [0.0, 0.0, 1.0]], [[1256.7485116440405, 0.0, 817.7887570959712], [0.0, 1256.7485116440403, 451.9541780095127], [0.0, 0.0, 1.0]], [[1254.9860565800168, 0.0, 829.5769333630991], [0.0, 1254.9860565800168, 467.1680561863987], [0.0, 0.0, 1.0]], [[796.8910634503094, 0.0, 857.7774326863696], [0.0, 796.8910634503094, 476.8848988407415], [0.0, 0.0, 1.0]], [[1249.9629280788233, 0.0, 825.3768045375984], [0.0, 1249.9629280788233, 462.54816385708756], [0.0, 0.0, 1.0]]], "extrinsics": [[[0.8221825957298279, -0.5689272284507751, 0.01837819255888462, -0.7877197265625], [0.007658697199076414, -0.02122708037495613, -0.9997453093528748, 1.4903745651245117], [0.5691723823547363, 0.8221139907836914, -0.013095298781991005, -1.1868896484375], [0.0, 0.0, 0.0, 1.0]], [[0.00981257576495409, -0.9996256232261658, 0.025541093200445175, 0.0103759765625], [0.009617879986763, -0.02544679306447506, -0.9996299147605896, 1.4823362827301025], [0.9999055862426758, 0.01005459576845169, 0.009364580735564232, -1.5167236328125], [0.0, 0.0, 0.0, 1.0]], [[-0.8441318869590759, -0.5361242890357971, 0.003469564253464341, 0.9471435546875], [0.017642870545387268, -0.034245602786540985, -0.9992576837539673, 1.4961766004562378], [0.5358452200889587, -0.8434441685676575, 0.03836658596992493, -1.183624267578125], [0.0, 0.0, 0.0, 1.0]], [[0.9478744864463806, 0.3183642625808716, -0.013343818485736847, -1.128173828125], [-0.007600087206810713, -0.01927674002945423, -0.999785304069519, 1.5619239807128906], [-0.3185531497001648, 0.9477723836898804, -0.01585233025252819, -0.1617584228515625], [0.0, 0.0, 0.0, 1.0]], [[0.00932400207966566, 0.9995973706245422, -0.02679963782429695, -0.02923583984375], [-0.005563932005316019, -0.026748524978756905, -0.9996266961097717, 1.5676803588867188], [-0.9999409914016724, 0.009469632059335709, 0.0053122881799936295, -0.02880859375], [0.0, 0.0, 0.0, 1.0]], [[-0.9236441254615784, 0.3828465938568115, -0.01760493405163288, 1.0419921875], [-0.0014290794497355819, -0.049375925213098526, -0.9987792372703552, 1.5477218627929688], [-0.3832484781742096, -0.9224914312362671, 0.04615290090441704, -0.091064453125], [0.0, 0.0, 0.0, 1.0]]], "view": [[0.0, -2.0, 100.0], [-2.0, 0.0, 100.0], [0.0, 0.0, 1.0]], "bev": "bev_49f2f79cc346402888960af6dd5bbe07.png", "aux": "aux_49f2f79cc346402888960af6dd5bbe07.npz", "visibility": "visibility_49f2f79cc346402888960af6dd5bbe07.png", "pose": [[0.9997749328613281, -0.021214932203292847, 0.0, 1784.1796875], [0.021214932203292847, 0.9997749328613281, 0.0, 866.9331665039062], [0.0, 0.0, 1.0, 0.0], [0.0, 0.0, 0.0, 1.0]], "pose_inverse": [[0.9997749328613281, 0.021214932203292847, 0.0, -1802.1700439453125], [-0.021214932203292847, 0.9997749328613281, 0.0, -828.8867797851562], [0.0, 0.0, 1.0, 0.0], [0.0, 0.0, 0.0, 1.0]], "cam_ids": [0, 1, 2, 3, 4, 5], "cam_channels": ["CAM_FRONT_LEFT", "CAM_FRONT", "CAM_FRONT_RIGHT", "CAM_BACK_LEFT", "CAM_BACK", "CAM_BACK_RIGHT"], "token": "49f2f79cc346402888960af6dd5bbe07", "scene": "scene-0444"}, {"images": ["samples/CAM_FRONT_LEFT/n008-2018-09-18-12-07-26-0400__CAM_FRONT_LEFT__1537287027004799.jpg", "samples/CAM_FRONT/n008-2018-09-18-12-07-26-0400__CAM_FRONT__1537287027012404.jpg", "samples/CAM_FRONT_RIGHT/n008-2018-09-18-12-07-26-0400__CAM_FRONT_RIGHT__1537287027020482.jpg", "samples/CAM_BACK_LEFT/n008-2018-09-18-12-07-26-0400__CAM_BACK_LEFT__1537287027047405.jpg", "samples/CAM_BACK/n008-2018-09-18-12-07-26-0400__CAM_BACK__1537287027037558.jpg", "samples/CAM_BACK_RIGHT/n008-2018-09-18-12-07-26-0400__CAM_BACK_RIGHT__1537287027028124.jpg"], "intrinsics": [[[1257.8625342125129, 0.0, 827.2410631095686], [0.0, 1257.8625342125129, 450.915498205774], [0.0, 0.0, 1.0]], [[1252.8131021185304, 0.0, 826.588114781398], [0.0, 1252.8131021185304, 469.9846626224581], [0.0, 0.0, 1.0]], [[1256.7485116440405, 0.0, 817.7887570959712], [0.0, 1256.7485116440403, 451.9541780095127], [0.0, 0.0, 1.0]], [[1254.9860565800168, 0.0, 829.5769333630991], [0.0, 1254.9860565800168, 467.1680561863987], [0.0, 0.0, 1.0]], [[796.8910634503094, 0.0, 857.7774326863696], [0.0, 796.8910634503094, 476.8848988407415], [0.0, 0.0, 1.0]], [[1249.9629280788233, 0.0, 825.3768045375984], [0.0, 1249.9629280788233, 462.54816385708756], [0.0, 0.0, 1.0]]], "extrinsics": [[[0.8221968412399292, -0.5689342617988586, 0.01749899797141552, -0.77734375], [0.006724144332110882, -0.021032584831118584, -0.9997561573982239, 1.4901962280273438], [0.5691635608673096, 0.822114109992981, -0.013467332348227501, -1.1785888671875], [0.0, 0.0, 0.0, 1.0]], [[0.00978770200163126, -0.9996353387832642, 0.025167066603899002, 0.009521484375], [0.008573299273848534, -0.025083454325795174, -0.9996486306190491, 1.4821891784667969], [0.9999153017997742, 0.01000002771615982, 0.008324663154780865, -1.50439453125], [0.0, 0.0, 0.0, 1.0]], [[-0.8441600203514099, -0.5360751152038574, 0.004156756680458784, 0.9376220703125], [0.01648220606148243, -0.03370320424437523, -0.9992958903312683, 1.4961355924606323], [0.5358378291130066, -0.8434972763061523, 0.03728659451007843, -1.17840576171875], [0.0, 0.0, 0.0, 1.0]], [[0.9478796124458313, 0.3182980716228485, -0.014509365893900394, -1.124755859375], [-0.009119904600083828, -0.018415851518511772, -0.9997888207435608, 1.561859130859375], [-0.3184981048107147, 0.9478117227554321, -0.014553159475326538, -0.162872314453125], [0.0, 0.0, 0.0, 1.0]], [[0.00930020958185196, 0.9996179938316345, -0.026026111096143723, -0.02886962890625], [-0.006964487489312887, -0.025961847975850105, -0.9996386170387268, 1.5675163269042969], [-0.999932587146759, 0.009478109888732433, 0.006720376666635275, -0.0369873046875], [0.0, 0.0, 0.0, 1.0]], [[-0.923652172088623, 0.3828895688056946, -0.01619086042046547, 1.0333251953125], [-0.0026799228508025408, -0.0487004816532135, -0.998809814453125, 1.5475044250488281], [-0.3832223415374756, -0.922509491443634, 0.04600842669606209, -0.09521484375], [0.0, 0.0, 0.0, 1.0]]], "view": [[0.0, -2.0, 100.0], [-2.0, 0.0, 100.0], [0.0, 0.0, 1.0]], "bev": "bev_5830839f17ef44a28419b774d93d2da7.png", "aux": "aux_5830839f17ef44a28419b774d93d2da7.npz", "visibility": "visibility_5830839f17ef44a28419b774d93d2da7.png", "pose": [[0.9995177388191223, -0.031053075566887856, 0.0, 1787.1475830078125], [0.031053075566887856, 0.9995177388191223, 0.0, 866.9786376953125], [0.0, 0.0, 1.0, 0.0], [0.0, 0.0, 0.0, 1.0]], "pose_inverse": [[0.9995177388191223, 0.031053075566887856, 0.0, -1813.2080078125], [-0.031053075566887856, 0.9995177388191223, 0.0, -811.0640869140625], [0.0, 0.0, 1.0, 0.0], [0.0, 0.0, 0.0, 1.0]], "cam_ids": [0, 1, 2, 3, 4, 5], "cam_channels": ["CAM_FRONT_LEFT", "CAM_FRONT", "CAM_FRONT_RIGHT", "CAM_BACK_LEFT", "CAM_BACK", "CAM_BACK_RIGHT"], "token": "5830839f17ef44a28419b774d93d2da7", "scene": "scene-0444"}, {"images": ["samples/CAM_FRONT_LEFT/n008-2018-09-18-12-07-26-0400__CAM_FRONT_LEFT__1537287027504799.jpg", "samples/CAM_FRONT/n008-2018-09-18-12-07-26-0400__CAM_FRONT__1537287027512404.jpg", "samples/CAM_FRONT_RIGHT/n008-2018-09-18-12-07-26-0400__CAM_FRONT_RIGHT__1537287027520482.jpg", "samples/CAM_BACK_LEFT/n008-2018-09-18-12-07-26-0400__CAM_BACK_LEFT__1537287027547405.jpg", "samples/CAM_BACK/n008-2018-09-18-12-07-26-0400__CAM_BACK__1537287027537679.jpg", "samples/CAM_BACK_RIGHT/n008-2018-09-18-12-07-26-0400__CAM_BACK_RIGHT__1537287027528113.jpg"], "intrinsics": [[[1257.8625342125129, 0.0, 827.2410631095686], [0.0, 1257.8625342125129, 450.915498205774], [0.0, 0.0, 1.0]], [[1252.8131021185304, 0.0, 826.588114781398], [0.0, 1252.8131021185304, 469.9846626224581], [0.0, 0.0, 1.0]], [[1256.7485116440405, 0.0, 817.7887570959712], [0.0, 1256.7485116440403, 451.9541780095127], [0.0, 0.0, 1.0]], [[1254.9860565800168, 0.0, 829.5769333630991], [0.0, 1254.9860565800168, 467.1680561863987], [0.0, 0.0, 1.0]], [[796.8910634503094, 0.0, 857.7774326863696], [0.0, 796.8910634503094, 476.8848988407415], [0.0, 0.0, 1.0]], [[1249.9629280788233, 0.0, 825.3768045375984], [0.0, 1249.9629280788233, 462.54816385708756], [0.0, 0.0, 1.0]]], "extrinsics": [[[0.8228511214256287, -0.567975640296936, 0.017879582941532135, -0.7767333984375], [0.005879838950932026, -0.022952266037464142, -0.9997192621231079, 1.4899826049804688], [0.5682265162467957, 0.822725236415863, -0.015546697191894054, -1.1793212890625], [0.0, 0.0, 0.0, 1.0]], [[0.0106705566868186, -0.9995744228363037, 0.027149224653840065, 0.0103759765625], [0.007875214330852032, -0.02706592157483101, -0.9996026158332825, 1.4820446968078613], [0.9999119639396667, 0.010880121029913425, 0.007583054713904858, -1.5045166015625], [0.0, 0.0, 0.0, 1.0]], [[-0.843818724155426, -0.5365976095199585, 0.005735567770898342, 0.9376220703125], [0.015941251069307327, -0.03574874997138977, -0.999233603477478, 1.496050238609314], [0.5363914370536804, -0.8430806398391724, 0.03871950879693031, -1.178070068359375], [0.0, 0.0, 0.0, 1.0]], [[0.9478595852851868, 0.31831273436546326, -0.015467192977666855, -1.1229248046875], [-0.009420285001397133, -0.020527420565485954, -0.9997449517250061, 1.5618362426757812], [-0.3185490071773529, 0.9477635025978088, -0.01645851694047451, -0.163421630859375], [0.0, 0.0, 0.0, 1.0]], [[0.009076539427042007, 0.9995625019073486, -0.028148675337433815, -0.02911376953125], [-0.007284933235496283, -0.028082983568310738, -0.9995790123939514, 1.5675086975097656], [-0.9999321699142456, 0.009277775883674622, 0.007026849780231714, -0.0357666015625], [0.0, 0.0, 0.0, 1.0]], [[-0.9238288998603821, 0.3824467658996582, -0.01656981371343136, 1.0333251953125], [-0.003118484513834119, -0.05080258101224899, -0.9987038373947144, 1.5474624633789062], [-0.3827928304672241, -0.922579824924469, 0.04812554642558098, -0.0947265625], [0.0, 0.0, 0.0, 1.0]]], "view": [[0.0, -2.0, 100.0], [-2.0, 0.0, 100.0], [0.0, 0.0, 1.0]], "bev": "bev_0ce1e28c6f6a4ad9b2562e033e5623bc.png", "aux": "aux_0ce1e28c6f6a4ad9b2562e033e5623bc.npz", "visibility": "visibility_0ce1e28c6f6a4ad9b2562e033e5623bc.png", "pose": [[0.9995930194854736, -0.028526173904538155, 0.0, 1790.1429443359375], [0.028526173904538155, 0.9995930194854736, 0.0, 867.0361938476562], [0.0, 0.0, 1.0, 0.0], [0.0, 0.0, 0.0, 1.0]], "pose_inverse": [[0.9995930194854736, 0.028526173904538155, 0.0, -1814.147705078125], [-0.028526173904538155, 0.9995930194854736, 0.0, -815.617431640625], [0.0, 0.0, 1.0, 0.0], [0.0, 0.0, 0.0, 1.0]], "cam_ids": [0, 1, 2, 3, 4, 5], "cam_channels": ["CAM_FRONT_LEFT", "CAM_FRONT", "CAM_FRONT_RIGHT", "CAM_BACK_LEFT", "CAM_BACK", "CAM_BACK_RIGHT"], "token": "0ce1e28c6f6a4ad9b2562e033e5623bc", "scene": "scene-0444"}, {"images": ["samples/CAM_FRONT_LEFT/n008-2018-09-18-12-07-26-0400__CAM_FRONT_LEFT__1537287028004799.jpg", "samples/CAM_FRONT/n008-2018-09-18-12-07-26-0400__CAM_FRONT__1537287028012404.jpg", "samples/CAM_FRONT_RIGHT/n008-2018-09-18-12-07-26-0400__CAM_FRONT_RIGHT__1537287028020482.jpg", "samples/CAM_BACK_LEFT/n008-2018-09-18-12-07-26-0400__CAM_BACK_LEFT__1537287028047405.jpg", "samples/CAM_BACK/n008-2018-09-18-12-07-26-0400__CAM_BACK__1537287028037558.jpg", "samples/CAM_BACK_RIGHT/n008-2018-09-18-12-07-26-0400__CAM_BACK_RIGHT__1537287028028113.jpg"], "intrinsics": [[[1257.8625342125129, 0.0, 827.2410631095686], [0.0, 1257.8625342125129, 450.915498205774], [0.0, 0.0, 1.0]], [[1252.8131021185304, 0.0, 826.588114781398], [0.0, 1252.8131021185304, 469.9846626224581], [0.0, 0.0, 1.0]], [[1256.7485116440405, 0.0, 817.7887570959712], [0.0, 1256.7485116440403, 451.9541780095127], [0.0, 0.0, 1.0]], [[1254.9860565800168, 0.0, 829.5769333630991], [0.0, 1254.9860565800168, 467.1680561863987], [0.0, 0.0, 1.0]], [[796.8910634503094, 0.0, 857.7774326863696], [0.0, 796.8910634503094, 476.8848988407415], [0.0, 0.0, 1.0]], [[1249.9629280788233, 0.0, 825.3768045375984], [0.0, 1249.9629280788233, 462.54816385708756], [0.0, 0.0, 1.0]]], "extrinsics": [[[0.822726309299469, -0.5681024789810181, 0.01952412910759449, -0.7696533203125], [0.010003700852394104, -0.01987139694392681, -0.9997524619102478, 1.491198182106018], [0.5683498978614807, 0.8227179050445557, -0.010665594600141048, -1.1748046875], [0.0, 0.0, 0.0, 1.0]], [[0.010534246452152729, -0.9996532201766968, 0.02413673885166645, 0.01055908203125], [0.012146062217652798, -0.02400837652385235, -0.9996379613876343, 1.4831262826919556], [0.999870777130127, 0.010823599062860012, 0.011888939887285233, -1.4964599609375], [0.0, 0.0, 0.0, 1.0]], [[-0.843818724155426, -0.5366281867027283, 0.0003704478731378913, 0.931884765625], [0.020367350429296494, -0.03271637111902237, -0.9992571473121643, 1.496994972229004], [0.5362416505813599, -0.8431843519210815, 0.03853638097643852, -1.1741943359375], [0.0, 0.0, 0.0, 1.0]], [[0.9478703141212463, 0.3185025453567505, -0.009904545731842518, -1.1199951171875], [-0.004488050006330013, -0.017735494300723076, -0.9998326301574707, 1.5619335174560547], [-0.31862494349479675, 0.9477560520172119, -0.015381489880383015, -0.164154052734375], [0.0, 0.0, 0.0, 1.0]], [[0.009079831652343273, 0.9996412992477417, -0.025194954127073288, -0.02911376953125], [-0.002576439641416073, -0.025172516703605652, -0.9996798038482666, 1.5678691864013672], [-0.9999555349349976, 0.009141839109361172, 0.0023469533771276474, -0.041015625], [0.0, 0.0, 0.0, 1.0]], [[-0.9237723350524902, 0.3824382424354553, -0.01963949017226696, 1.0281982421875], [0.0014444260159507394, -0.04780561849474907, -0.9988555908203125, 1.5480918884277344], [-0.3829394578933716, -0.922743558883667, 0.043609097599983215, -0.096923828125], [0.0, 0.0, 0.0, 1.0]]], "view": [[0.0, -2.0, 100.0], [-2.0, 0.0, 100.0], [0.0, 0.0, 1.0]], "bev": "bev_8f70567f0eea46c2aad4ffcec8d523d0.png", "aux": "aux_8f70567f0eea46c2aad4ffcec8d523d0.npz", "visibility": "visibility_8f70567f0eea46c2aad4ffcec8d523d0.png", "pose": [[0.9996708035469055, -0.025658108294010162, 0.0, 1793.141845703125], [0.025658108294010162, 0.9996708035469055, 0.0, 867.0866088867188], [0.0, 0.0, 1.0, 0.0], [0.0, 0.0, 0.0, 1.0]], "pose_inverse": [[0.9996708035469055, 0.025658108294010162, 0.0, -1814.79931640625], [-0.025658108294010162, 0.9996708035469055, 0.0, -820.7925415039062], [0.0, 0.0, 1.0, 0.0], [0.0, 0.0, 0.0, 1.0]], "cam_ids": [0, 1, 2, 3, 4, 5], "cam_channels": ["CAM_FRONT_LEFT", "CAM_FRONT", "CAM_FRONT_RIGHT", "CAM_BACK_LEFT", "CAM_BACK", "CAM_BACK_RIGHT"], "token": "8f70567f0eea46c2aad4ffcec8d523d0", "scene": "scene-0444"}, {"images": ["samples/CAM_FRONT_LEFT/n008-2018-09-18-12-07-26-0400__CAM_FRONT_LEFT__1537287028504799.jpg", "samples/CAM_FRONT/n008-2018-09-18-12-07-26-0400__CAM_FRONT__1537287028512404.jpg", "samples/CAM_FRONT_RIGHT/n008-2018-09-18-12-07-26-0400__CAM_FRONT_RIGHT__1537287028520482.jpg", "samples/CAM_BACK_LEFT/n008-2018-09-18-12-07-26-0400__CAM_BACK_LEFT__1537287028547405.jpg", "samples/CAM_BACK/n008-2018-09-18-12-07-26-0400__CAM_BACK__1537287028537558.jpg", "samples/CAM_BACK_RIGHT/n008-2018-09-18-12-07-26-0400__CAM_BACK_RIGHT__1537287028528113.jpg"], "intrinsics": [[[1257.8625342125129, 0.0, 827.2410631095686], [0.0, 1257.8625342125129, 450.915498205774], [0.0, 0.0, 1.0]], [[1252.8131021185304, 0.0, 826.588114781398], [0.0, 1252.8131021185304, 469.9846626224581], [0.0, 0.0, 1.0]], [[1256.7485116440405, 0.0, 817.7887570959712], [0.0, 1256.7485116440403, 451.9541780095127], [0.0, 0.0, 1.0]], [[1254.9860565800168, 0.0, 829.5769333630991], [0.0, 1254.9860565800168, 467.1680561863987], [0.0, 0.0, 1.0]], [[796.8910634503094, 0.0, 857.7774326863696], [0.0, 796.8910634503094, 476.8848988407415], [0.0, 0.0, 1.0]], [[1249.9629280788233, 0.0, 825.3768045375984], [0.0, 1249.9629280788233, 462.54816385708756], [0.0, 0.0, 1.0]]], "extrinsics": [[[0.8222408890724182, -0.5688453912734985, 0.018301306292414665, -0.7674560546875], [0.012030239216983318, -0.01477769948542118, -0.9998184442520142, 1.4917831420898438], [0.5690125823020935, 0.8223118185997009, -0.0053074839524924755, -1.1712646484375], [0.0, 0.0, 0.0, 1.0]], [[0.009864154271781445, -0.9997718930244446, 0.018946044147014618, 0.00933837890625], [0.013968552462756634, -0.018807347863912582, -0.9997255802154541, 1.483565330505371], [0.9998538494110107, 0.010126094333827496, 0.013779846951365471, -1.493408203125], [0.0, 0.0, 0.0, 1.0]], [[-0.8440765738487244, -0.5362089276313782, -0.0038530693855136633, 0.928955078125], [0.021971460431814194, -0.027405178174376488, -0.9993829131126404, 1.4973258972167969], [0.5357725024223328, -0.8436403274536133, 0.034913357347249985, -1.17352294921875], [0.0, 0.0, 0.0, 1.0]], [[0.9478806853294373, 0.3185464143753052, -0.0071074808947741985, -1.1214599609375], [-0.003533486742526293, -0.01179614569991827, -0.9999241828918457, 1.561960220336914], [-0.3186061680316925, 0.9478338360786438, -0.010055757127702236, -0.16387939453125], [0.0, 0.0, 0.0, 1.0]], [[0.00930940080434084, 0.9997664093971252, -0.0195053368806839, -0.0286865234375], [-0.0014155420940369368, -0.019492987543344498, -0.9998089671134949, 1.5679492950439453], [-0.9999557137489319, 0.009335233829915524, 0.0012337424559518695, -0.04296875], [0.0, 0.0, 0.0, 1.0]], [[-0.9236067533493042, 0.3828776180744171, -0.018846804276108742, 1.02587890625], [0.0028307705651968718, -0.042351134121418, -0.9990987777709961, 1.5482673645019531], [-0.38333070278167725, -0.9228277802467346, 0.03803195804357529, -0.0985107421875], [0.0, 0.0, 0.0, 1.0]]], "view": [[0.0, -2.0, 100.0], [-2.0, 0.0, 100.0], [0.0, 0.0, 1.0]], "bev": "bev_95e001e4a26d4387a13c09627d504ac0.png", "aux": "aux_95e001e4a26d4387a13c09627d504ac0.npz", "visibility": "visibility_95e001e4a26d4387a13c09627d504ac0.png", "pose": [[0.9995468258857727, -0.03010278381407261, 0.0, 1796.309814453125], [0.03010278381407261, 0.9995468258857727, 0.0, 867.1524658203125], [0.0, 0.0, 1.0, 0.0], [0.0, 0.0, 0.0, 1.0]], "pose_inverse": [[0.9995468258857727, 0.03010278381407261, 0.0, -1821.5994873046875], [-0.03010278381407261, 0.9995468258857727, 0.0, -812.685546875], [0.0, 0.0, 1.0, 0.0], [0.0, 0.0, 0.0, 1.0]], "cam_ids": [0, 1, 2, 3, 4, 5], "cam_channels": ["CAM_FRONT_LEFT", "CAM_FRONT", "CAM_FRONT_RIGHT", "CAM_BACK_LEFT", "CAM_BACK", "CAM_BACK_RIGHT"], "token": "95e001e4a26d4387a13c09627d504ac0", "scene": "scene-0444"}, {"images": ["samples/CAM_FRONT_LEFT/n008-2018-09-18-12-07-26-0400__CAM_FRONT_LEFT__1537287029004799.jpg", "samples/CAM_FRONT/n008-2018-09-18-12-07-26-0400__CAM_FRONT__1537287029012404.jpg", "samples/CAM_FRONT_RIGHT/n008-2018-09-18-12-07-26-0400__CAM_FRONT_RIGHT__1537287029020482.jpg", "samples/CAM_BACK_LEFT/n008-2018-09-18-12-07-26-0400__CAM_BACK_LEFT__1537287029047405.jpg", "samples/CAM_BACK/n008-2018-09-18-12-07-26-0400__CAM_BACK__1537287029037558.jpg", "samples/CAM_BACK_RIGHT/n008-2018-09-18-12-07-26-0400__CAM_BACK_RIGHT__1537287029028113.jpg"], "intrinsics": [[[1257.8625342125129, 0.0, 827.2410631095686], [0.0, 1257.8625342125129, 450.915498205774], [0.0, 0.0, 1.0]], [[1252.8131021185304, 0.0, 826.588114781398], [0.0, 1252.8131021185304, 469.9846626224581], [0.0, 0.0, 1.0]], [[1256.7485116440405, 0.0, 817.7887570959712], [0.0, 1256.7485116440403, 451.9541780095127], [0.0, 0.0, 1.0]], [[1254.9860565800168, 0.0, 829.5769333630991], [0.0, 1254.9860565800168, 467.1680561863987], [0.0, 0.0, 1.0]], [[796.8910634503094, 0.0, 857.7774326863696], [0.0, 796.8910634503094, 476.8848988407415], [0.0, 0.0, 1.0]], [[1249.9629280788233, 0.0, 825.3768045375984], [0.0, 1249.9629280788233, 462.54816385708756], [0.0, 0.0, 1.0]]], "extrinsics": [[[0.8223286271095276, -0.5687264204025269, 0.01805223897099495, -0.7608642578125], [0.013734246604144573, -0.011877764947712421, -0.9998351335525513, 1.4923810958862305], [0.568847119808197, 0.8224409818649292, -0.001956399530172348, -1.1676025390625], [0.0, 0.0, 0.0, 1.0]], [[0.01002670731395483, -0.9998195767402649, 0.016133131459355354, 0.00994873046875], [0.01565665937960148, -0.015974994748830795, -0.9997497797012329, 1.4840736389160156], [0.9998271465301514, 0.010276790708303452, 0.015493659302592278, -1.4873046875], [0.0, 0.0, 0.0, 1.0]], [[-0.8439775705337524, -0.5363361239433289, -0.006740156095474958, 0.92529296875], [0.023642733693122864, -0.024644451215863228, -0.9994166493415833, 1.4977703094482422], [0.5358572006225586, -0.8436446189880371, 0.03347982093691826, -1.170562744140625], [0.0, 0.0, 0.0, 1.0]], [[0.947891354560852, 0.31856149435043335, -0.004529252182692289, -1.1197509765625], [-0.0016847007209435105, -0.009204317815601826, -0.9999561905860901, 1.5620002746582031], [-0.3185892403125763, 0.9478574991226196, -0.008188010193407536, -0.16436767578125], [0.0, 0.0, 0.0, 1.0]], [[0.009245860390365124, 0.9998149275779724, -0.016867097467184067, -0.02886962890625], [0.00043303193524479866, -0.016871817409992218, -0.9998575448989868, 1.5681114196777344], [-0.9999572038650513, 0.009237242862582207, -0.0005889470921829343, -0.045166015625], [0.0, 0.0, 0.0, 1.0]], [[-0.923626184463501, 0.38279950618743896, -0.019467178732156754, 1.0225830078125], [0.004617472644895315, -0.03967305272817612, -0.9992020130157471, 1.5485496520996094], [-0.3832663595676422, -0.9229791760444641, 0.03487551212310791, -0.0997314453125], [0.0, 0.0, 0.0, 1.0]]], "view": [[0.0, -2.0, 100.0], [-2.0, 0.0, 100.0], [0.0, 0.0, 1.0]], "bev": "bev_59f5f2679be14805911431b0ff9ac8de.png", "aux": "aux_59f5f2679be14805911431b0ff9ac8de.npz", "visibility": "visibility_59f5f2679be14805911431b0ff9ac8de.png", "pose": [[0.9994118809700012, -0.03429078683257103, 0.0, 1799.50439453125], [0.03429078683257103, 0.9994118809700012, 0.0, 867.2227172851562], [0.0, 0.0, 1.0, 0.0], [0.0, 0.0, 0.0, 1.0]], "pose_inverse": [[0.9994118809700012, 0.03429078683257103, 0.0, -1828.183837890625], [-0.03429078683257103, 0.9994118809700012, 0.0, -805.0062866210938], [0.0, 0.0, 1.0, 0.0], [0.0, 0.0, 0.0, 1.0]], "cam_ids": [0, 1, 2, 3, 4, 5], "cam_channels": ["CAM_FRONT_LEFT", "CAM_FRONT", "CAM_FRONT_RIGHT", "CAM_BACK_LEFT", "CAM_BACK", "CAM_BACK_RIGHT"], "token": "59f5f2679be14805911431b0ff9ac8de", "scene": "scene-0444"}, {"images": ["samples/CAM_FRONT_LEFT/n008-2018-09-18-12-07-26-0400__CAM_FRONT_LEFT__1537287029504799.jpg", "samples/CAM_FRONT/n008-2018-09-18-12-07-26-0400__CAM_FRONT__1537287029512404.jpg", "samples/CAM_FRONT_RIGHT/n008-2018-09-18-12-07-26-0400__CAM_FRONT_RIGHT__1537287029520482.jpg", "samples/CAM_BACK_LEFT/n008-2018-09-18-12-07-26-0400__CAM_BACK_LEFT__1537287029547405.jpg", "samples/CAM_BACK/n008-2018-09-18-12-07-26-0400__CAM_BACK__1537287029537558.jpg", "samples/CAM_BACK_RIGHT/n008-2018-09-18-12-07-26-0400__CAM_BACK_RIGHT__1537287029528113.jpg"], "intrinsics": [[[1257.8625342125129, 0.0, 827.2410631095686], [0.0, 1257.8625342125129, 450.915498205774], [0.0, 0.0, 1.0]], [[1252.8131021185304, 0.0, 826.588114781398], [0.0, 1252.8131021185304, 469.9846626224581], [0.0, 0.0, 1.0]], [[1256.7485116440405, 0.0, 817.7887570959712], [0.0, 1256.7485116440403, 451.9541780095127], [0.0, 0.0, 1.0]], [[1254.9860565800168, 0.0, 829.5769333630991], [0.0, 1254.9860565800168, 467.1680561863987], [0.0, 0.0, 1.0]], [[796.8910634503094, 0.0, 857.7774326863696], [0.0, 796.8910634503094, 476.8848988407415], [0.0, 0.0, 1.0]], [[1249.9629280788233, 0.0, 825.3768045375984], [0.0, 1249.9629280788233, 462.54816385708756], [0.0, 0.0, 1.0]]], "extrinsics": [[[0.8224543333053589, -0.5685080289840698, 0.019172178581357002, -0.7603759765625], [0.015096938237547874, -0.011876877397298813, -0.9998155236244202, 1.4927978515625], [0.5686309337615967, 0.82259202003479, -0.0011854604817926884, -1.1683349609375], [0.0, 0.0, 0.0, 1.0]], [[0.010221675969660282, -0.9998156428337097, 0.016256073489785194, 0.01123046875], [0.017003685235977173, -0.016080781817436218, -0.9997261166572571, 1.4844207763671875], [0.9998031854629517, 0.010495292022824287, 0.016836177557706833, -1.4879150390625], [0.0, 0.0, 0.0, 1.0]], [[-0.843874454498291, -0.536484956741333, -0.007740798406302929, 0.9263916015625], [0.0249733068048954, -0.024862471967935562, -0.9993789196014404, 1.4980392456054688], [0.5359593033790588, -0.8435435891151428, 0.03437860682606697, -1.170196533203125], [0.0, 0.0, 0.0, 1.0]], [[0.9478645920753479, 0.3186531364917755, -0.003608588594943285, -1.117919921875], [-0.00042717927135527134, -0.010053244419395924, -0.9999493956565857, 1.5620355606079102], [-0.318673312664032, 0.9478181004524231, -0.009392992593348026, -0.165130615234375], [0.0, 0.0, 0.0, 1.0]], [[0.009164215996861458, 0.9998061656951904, -0.017425980418920517, -0.02923583984375], [0.0017726822989061475, -0