[{"images": ["samples/CAM_FRONT_LEFT/n008-2018-08-29-16-04-13-0400__CAM_FRONT_LEFT__1535573842854799.jpg", "samples/CAM_FRONT/n008-2018-08-29-16-04-13-0400__CAM_FRONT__1535573842862404.jpg", "samples/CAM_FRONT_RIGHT/n008-2018-08-29-16-04-13-0400__CAM_FRONT_RIGHT__1535573842870482.jpg", "samples/CAM_BACK_LEFT/n008-2018-08-29-16-04-13-0400__CAM_BACK_LEFT__1535573842897587.jpg", "samples/CAM_BACK/n008-2018-08-29-16-04-13-0400__CAM_BACK__1535573842887606.jpg", "samples/CAM_BACK_RIGHT/n008-2018-08-29-16-04-13-0400__CAM_BACK_RIGHT__1535573842878113.jpg"], "intrinsics": [[[1257.8625342125129, 0.0, 827.2410631095686], [0.0, 1257.8625342125129, 450.915498205774], [0.0, 0.0, 1.0]], [[1252.8131021185304, 0.0, 826.588114781398], [0.0, 1252.8131021185304, 469.9846626224581], [0.0, 0.0, 1.0]], [[1256.7485116440405, 0.0, 817.7887570959712], [0.0, 1256.7485116440403, 451.9541780095127], [0.0, 0.0, 1.0]], [[1254.9860565800168, 0.0, 829.5769333630991], [0.0, 1254.9860565800168, 467.1680561863987], [0.0, 0.0, 1.0]], [[796.8910634503094, 0.0, 857.7774326863696], [0.0, 796.8910634503094, 476.8848988407415], [0.0, 0.0, 1.0]], [[1249.9629280788233, 0.0, 825.3768045375984], [0.0, 1249.9629280788233, 462.54816385708756], [0.0, 0.0, 1.0]]], "extrinsics": [[[0.822577953338623, -0.56864994764328, -0.0016887286910787225, -1.0050048828125], [0.019371336326003075, 0.030989250168204308, -0.9993319511413574, 1.4882965087890625], [0.5683224201202393, 0.8219956755638123, 0.03650658205151558, -1.3333740234375], [0.0, 0.0, 0.0, 1.0]], [[0.0104982890188694, -0.9995899796485901, -0.026640547439455986, 0.0052490234375], [0.021341033279895782, 0.02685992419719696, -0.999411404132843, 1.48016357421875], [0.9997170567512512, 0.009923618286848068, 0.02161426469683647, -1.73455810546875], [0.0, 0.0, 0.0, 1.0]], [[-0.8436629772186279, -0.5357615351676941, -0.034532006829977036, 1.090576171875], [0.029373927041888237, 0.018160533159971237, -0.9994035363197327, 1.4930744171142578], [0.5360690355300903, -0.8441740870475769, 0.0004160476673860103, -1.277587890625], [0.0, 0.0, 0.0, 1.0]], [[0.947809636592865, 0.318511039018631, 0.01440163142979145, -1.14398193359375], [0.003997212741523981, 0.03329532966017723, -0.9994375705718994, 1.562042236328125], [-0.3188115358352661, 0.9473341703414917, 0.03028447926044464, -0.1561279296875], [0.0, 0.0, 0.0, 1.0]], [[0.008997434750199318, 0.9996256232261658, 0.025841370224952698, -0.028564453125], [0.006128343753516674, 0.025786807760596275, -0.9996486902236938, 1.5680656433105469], [-0.9999407529830933, 0.009152636863291264, -0.005894036032259464, 0.04425048828125], [0.0, 0.0, 0.0, 1.0]], [[-0.9236621856689453, 0.38311660289764404, -0.008353853598237038, 1.16070556640625], [0.010326050221920013, 0.0030915208626538515, -0.999941885471344, 1.5478129386901855], [-0.3830685019493103, -0.9236948490142822, -0.006811600178480148, -0.043701171875], [0.0, 0.0, 0.0, 1.0]]], "view": [[0.0, -2.0, 100.0], [-2.0, 0.0, 100.0], [0.0, 0.0, 1.0]], "bev": "bev_95065c0987c547bfa36dd77df479b736.png", "aux": "aux_95065c0987c547bfa36dd77df479b736.npz", "visibility": "visibility_95065c0987c547bfa36dd77df479b736.png", "pose": [[0.7607476711273193, 0.6490477323532104, 0.0, 858.815185546875], [-0.6490477323532104, 0.7607476711273193, 0.0, 1429.0826416015625], [0.0, 0.0, 1.0, 0.0], [0.0, 0.0, 0.0, 1.0]], "pose_inverse": [[0.7607476711273193, -0.6490477323532104, 0.0, 274.20123291015625], [0.6490477323532104, 0.7607476711273193, 0.0, -1644.5833740234375], [0.0, 0.0, 1.0, 0.0], [0.0, 0.0, 0.0, 1.0]], "cam_ids": [0, 1, 2, 3, 4, 5], "cam_channels": ["CAM_FRONT_LEFT", "CAM_FRONT", "CAM_FRONT_RIGHT", "CAM_BACK_LEFT", "CAM_BACK", "CAM_BACK_RIGHT"], "token": "95065c0987c547bfa36dd77df479b736", "scene": "scene-0727"}, {"images": ["samples/CAM_FRONT_LEFT/n008-2018-08-29-16-04-13-0400__CAM_FRONT_LEFT__1535573843354799.jpg", "samples/CAM_FRONT/n008-2018-08-29-16-04-13-0400__CAM_FRONT__1535573843362404.jpg", "samples/CAM_FRONT_RIGHT/n008-2018-08-29-16-04-13-0400__CAM_FRONT_RIGHT__1535573843370482.jpg", "samples/CAM_BACK_LEFT/n008-2018-08-29-16-04-13-0400__CAM_BACK_LEFT__1535573843397405.jpg", "samples/CAM_BACK/n008-2018-08-29-16-04-13-0400__CAM_BACK__1535573843387558.jpg", "samples/CAM_BACK_RIGHT/n008-2018-08-29-16-04-13-0400__CAM_BACK_RIGHT__1535573843378113.jpg"], "intrinsics": [[[1257.8625342125129, 0.0, 827.2410631095686], [0.0, 1257.8625342125129, 450.915498205774], [0.0, 0.0, 1.0]], [[1252.8131021185304, 0.0, 826.588114781398], [0.0, 1252.8131021185304, 469.9846626224581], [0.0, 0.0, 1.0]], [[1256.7485116440405, 0.0, 817.7887570959712], [0.0, 1256.7485116440403, 451.9541780095127], [0.0, 0.0, 1.0]], [[1254.9860565800168, 0.0, 829.5769333630991], [0.0, 1254.9860565800168, 467.1680561863987], [0.0, 0.0, 1.0]], [[796.8910634503094, 0.0, 857.7774326863696], [0.0, 796.8910634503094, 476.8848988407415], [0.0, 0.0, 1.0]], [[1249.9629280788233, 0.0, 825.3768045375984], [0.0, 1249.9629280788233, 462.54816385708756], [0.0, 0.0, 1.0]]], "extrinsics": [[[0.8225554823875427, -0.5686829686164856, -0.0015440037241205573, -1.005126953125], [0.019478950649499893, 0.030888022854924202, -0.9993329644203186, 1.4882965087890625], [0.5683513283729553, 0.8219767212867737, 0.036484457552433014, -1.3333740234375], [0.0, 0.0, 0.0, 1.0]], [[0.010468878783285618, -0.999592661857605, -0.026552146300673485, 0.0052490234375], [0.021438386291265488, 0.026771867647767067, -0.9994116425514221, 1.4801597595214844], [0.9997153282165527, 0.009893440641462803, 0.021709924563765526, -1.7347412109375], [0.0, 0.0, 0.0, 1.0]], [[-0.8436729907989502, -0.535743772983551, -0.03456344082951546, 1.0906982421875], [0.02946850098669529, 0.01807023026049137, -0.9994023442268372, 1.493072509765625], [0.536048173904419, -0.844187319278717, 0.0005422007525339723, -1.277587890625], [0.0, 0.0, 0.0, 1.0]], [[0.9478097558021545, 0.31850770115852356, 0.014476782642304897, -1.143829345703125], [0.004099540878087282, 0.033227093517780304, -0.9994394183158875, 1.562042236328125], [-0.3188101351261139, 0.947337806224823, 0.030187226831912994, -0.1561279296875], [0.0, 0.0, 0.0, 1.0]], [[0.009005614556372166, 0.9996273517608643, 0.02576925791800022, -0.02880859375], [0.006221206393092871, 0.02571379579603672, -0.9996499419212341, 1.5680618286132812], [-0.9999401569366455, 0.009162821806967258, -0.005987319629639387, 0.044281005859375], [0.0, 0.0, 0.0, 1.0]], [[-0.9236544370651245, 0.3831327259540558, -0.008470963686704636, 1.16058349609375], [0.01041815523058176, 0.0030075982213020325, -0.9999411702156067, 1.5478131771087646], [-0.3830846846103668, -0.9236884117126465, -0.006769517436623573, -0.043701171875], [0.0, 0.0, 0.0, 1.0]]], "view": [[0.0, -2.0, 100.0], [-2.0, 0.0, 100.0], [0.0, 0.0, 1.0]], "bev": "bev_7a7b4a00c0e44ac4a8c4d15893d5467a.png", "aux": "aux_7a7b4a00c0e44ac4a8c4d15893d5467a.npz", "visibility": "visibility_7a7b4a00c0e44ac4a8c4d15893d5467a.png", "pose": [[0.7606891393661499, 0.6491163969039917, 0.0, 858.8150634765625], [-0.6491163969039917, 0.7606891393661499, 0.0, 1429.0826416015625], [0.0, 0.0, 1.0, 0.0], [0.0, 0.0, 0.0, 1.0]], "pose_inverse": [[0.7606891393661499, -0.6491163969039917, 0.0, 274.34967041015625], [0.6491163969039917, 0.7606891393661499, 0.0, -1644.55859375], [0.0, 0.0, 1.0, 0.0], [0.0, 0.0, 0.0, 1.0]], "cam_ids": [0, 1, 2, 3, 4, 5], "cam_channels": ["CAM_FRONT_LEFT", "CAM_FRONT", "CAM_FRONT_RIGHT", "CAM_BACK_LEFT", "CAM_BACK", "CAM_BACK_RIGHT"], "token": "7a7b4a00c0e44ac4a8c4d15893d5467a", "scene": "scene-0727"}, {"images": ["samples/CAM_FRONT_LEFT/n008-2018-08-29-16-04-13-0400__CAM_FRONT_LEFT__1535573843904799.jpg", "samples/CAM_FRONT/n008-2018-08-29-16-04-13-0400__CAM_FRONT__1535573843912404.jpg", "samples/CAM_FRONT_RIGHT/n008-2018-08-29-16-04-13-0400__CAM_FRONT_RIGHT__1535573843920482.jpg", "samples/CAM_BACK_LEFT/n008-2018-08-29-16-04-13-0400__CAM_BACK_LEFT__1535573843947405.jpg", "samples/CAM_BACK/n008-2018-08-29-16-04-13-0400__CAM_BACK__1535573843937558.jpg", "samples/CAM_BACK_RIGHT/n008-2018-08-29-16-04-13-0400__CAM_BACK_RIGHT__1535573843928113.jpg"], "intrinsics": [[[1257.8625342125129, 0.0, 827.2410631095686], [0.0, 1257.8625342125129, 450.915498205774], [0.0, 0.0, 1.0]], [[1252.8131021185304, 0.0, 826.588114781398], [0.0, 1252.8131021185304, 469.9846626224581], [0.0, 0.0, 1.0]], [[1256.7485116440405, 0.0, 817.7887570959712], [0.0, 1256.7485116440403, 451.9541780095127], [0.0, 0.0, 1.0]], [[1254.9860565800168, 0.0, 829.5769333630991], [0.0, 1254.9860565800168, 467.1680561863987], [0.0, 0.0, 1.0]], [[796.8910634503094, 0.0, 857.7774326863696], [0.0, 796.8910634503094, 476.8848988407415], [0.0, 0.0, 1.0]], [[1249.9629280788233, 0.0, 825.3768045375984], [0.0, 1249.9629280788233, 462.54816385708756], [0.0, 0.0, 1.0]]], "extrinsics": [[[0.8225711584091187, -0.5686602592468262, -0.0015409142943099141, -1.0050048828125], [0.019406765699386597, 0.03077995963394642, -0.9993377327919006, 1.4882888793945312], [0.5683311820030212, 0.8219965100288391, 0.036354560405015945, -1.333251953125], [0.0, 0.0, 0.0, 1.0]], [[0.010491103865206242, -0.9995952844619751, -0.026440870016813278, 0.0054931640625], [0.02135344035923481, 0.0266602523624897, -0.9994164705276489, 1.48016357421875], [0.9997169375419617, 0.009920332580804825, 0.0216244924813509, -1.734771728515625], [0.0, 0.0, 0.0, 1.0]], [[-0.8436654806137085, -0.5357648730278015, -0.03441895917057991, 1.09063720703125], [0.029366254806518555, 0.017961734905838966, -0.9994073510169983, 1.493072509765625], [0.5360655784606934, -0.8441762328147888, 0.0005797126796096563, -1.277587890625], [0.0, 0.0, 0.0, 1.0]], [[0.9478095769882202, 0.318514347076416, 0.014342586509883404, -1.1439208984375], [0.003992846235632896, 0.03312298655509949, -0.9994432926177979, 1.562042236328125], [-0.31881213188171387, 0.9473391771316528, 0.030122503638267517, -0.1561279296875], [0.0, 0.0, 0.0, 1.0]], [[0.008998874574899673, 0.9996304512023926, 0.02565346285700798, -0.02880859375], [0.006118159741163254, 0.025598978623747826, -0.9996535181999207, 1.5680618286132812], [-0.9999407529830933, 0.009152728132903576, -0.005885538645088673, 0.044342041015625], [0.0, 0.0, 0.0, 1.0]], [[-0.9236615896224976, 0.3831169307231903, -0.008421399630606174, 1.16070556640625], [0.010317999869585037, 0.0028957792092114687, -0.9999426007270813, 1.5478127002716064], [-0.3830704987049103, -0.9236953854560852, -0.006627719849348068, -0.0438232421875], [0.0, 0.0, 0.0, 1.0]]], "view": [[0.0, -2.0, 100.0], [-2.0, 0.0, 100.0], [0.0, 0.0, 1.0]], "bev": "bev_3b130bb9494b4d9f8b7bb49ec784390b.png", "aux": "aux_3b130bb9494b4d9f8b7bb49ec784390b.npz", "visibility": "visibility_3b130bb9494b4d9f8b7bb49ec784390b.png", "pose": [[0.7606546878814697, 0.6491567492485046, 0.0, 858.8150024414062], [-0.6491567492485046, 0.7606546878814697, 0.0, 1429.082763671875], [0.0, 0.0, 1.0, 0.0], [0.0, 0.0, 0.0, 1.0]], "pose_inverse": [[0.7606546878814697, -0.6491567492485046, 0.0, 274.4370422363281], [0.6491567492485046, 0.7606546878814697, 0.0, -1644.5440673828125], [0.0, 0.0, 1.0, 0.0], [0.0, 0.0, 0.0, 1.0]], "cam_ids": [0, 1, 2, 3, 4, 5], "cam_channels": ["CAM_FRONT_LEFT", "CAM_FRONT", "CAM_FRONT_RIGHT", "CAM_BACK_LEFT", "CAM_BACK", "CAM_BACK_RIGHT"], "token": "3b130bb9494b4d9f8b7bb49ec784390b", "scene": "scene-0727"}, {"images": ["samples/CAM_FRONT_LEFT/n008-2018-08-29-16-04-13-0400__CAM_FRONT_LEFT__1535573844404799.jpg", "samples/CAM_FRONT/n008-2018-08-29-16-04-13-0400__CAM_FRONT__1535573844412404.jpg", "samples/CAM_FRONT_RIGHT/n008-2018-08-29-16-04-13-0400__CAM_FRONT_RIGHT__1535573844420482.jpg", "samples/CAM_BACK_LEFT/n008-2018-08-29-16-04-13-0400__CAM_BACK_LEFT__1535573844447405.jpg", "samples/CAM_BACK/n008-2018-08-29-16-04-13-0400__CAM_BACK__1535573844437558.jpg", "samples/CAM_BACK_RIGHT/n008-2018-08-29-16-04-13-0400__CAM_BACK_RIGHT__1535573844428113.jpg"], "intrinsics": [[[1257.8625342125129, 0.0, 827.2410631095686], [0.0, 1257.8625342125129, 450.915498205774], [0.0, 0.0, 1.0]], [[1252.8131021185304, 0.0, 826.588114781398], [0.0, 1252.8131021185304, 469.9846626224581], [0.0, 0.0, 1.0]], [[1256.7485116440405, 0.0, 817.7887570959712], [0.0, 1256.7485116440403, 451.9541780095127], [0.0, 0.0, 1.0]], [[1254.9860565800168, 0.0, 829.5769333630991], [0.0, 1254.9860565800168, 467.1680561863987], [0.0, 0.0, 1.0]], [[796.8910634503094, 0.0, 857.7774326863696], [0.0, 796.8910634503094, 476.8848988407415], [0.0, 0.0, 1.0]], [[1249.9629280788233, 0.0, 825.3768045375984], [0.0, 1249.9629280788233, 462.54816385708756], [0.0, 0.0, 1.0]]], "extrinsics": [[[0.822569727897644, -0.5686625838279724, -0.001400558976456523, -1.005126953125], [0.01955803669989109, 0.030751941725611687, -0.9993356466293335, 1.4882926940917969], [0.5683278441429138, 0.8219959139823914, 0.03641754016280174, -1.333251953125], [0.0, 0.0, 0.0, 1.0]], [[0.010493963956832886, -0.9995958805084229, -0.026418646797537804, 0.0052490234375], [0.021514590829610825, 0.02663969062268734, -0.9994136095046997, 1.4801673889160156], [0.9997133612632751, 0.009919431060552597, 0.021785451099276543, -1.73480224609375], [0.0, 0.0, 0.0, 1.0]], [[-0.8436589241027832, -0.5357661843299866, -0.034556303173303604, 1.09063720703125], [0.02953697182238102, 0.01794910803437233, -0.9994024634361267, 1.4930686950683594], [0.5360663533210754, -0.8441756367683411, 0.0006819835980422795, -1.277587890625], [0.0, 0.0, 0.0, 1.0]], [[0.947807252407074, 0.3185136020183563, 0.014509038999676704, -1.14398193359375], [0.00416540214791894, 0.033131856471300125, -0.9994422793388367, 1.562042236328125], [-0.31881675124168396, 0.9473390579223633, 0.03007587604224682, -0.1561279296875], [0.0, 0.0, 0.0, 1.0]], [[0.008993646129965782, 0.9996302127838135, 0.025658804923295975, -0.02880859375], [0.006279624067246914, 0.025602875277400017, -0.9996524453163147, 1.5680618286132812], [-0.9999397993087769, 0.009151706472039223, -0.006047036498785019, 0.04425048828125], [0.0, 0.0, 0.0, 1.0]], [[-0.9236608147621155, 0.38311484456062317, -0.008573436178267002, 1.16058349609375], [0.010478285141289234, 0.002885430585592985, -0.9999409317970276, 1.547811508178711], [-0.3830674886703491, -0.9236961603164673, -0.00667954608798027, -0.043701171875], [0.0, 0.0, 0.0, 1.0]]], "view": [[0.0, -2.0, 100.0], [-2.0, 0.0, 100.0], [0.0, 0.0, 1.0]], "bev": "bev_d6a7981f46bf467895b801c017aab32f.png", "aux": "aux_d6a7981f46bf467895b801c017aab32f.npz", "visibility": "visibility_d6a7981f46bf467895b801c017aab32f.png", "pose": [[0.7606574296951294, 0.649153470993042, 0.0, 858.8150024414062], [-0.649153470993042, 0.7606574296951294, 0.0, 1429.082763671875], [0.0, 0.0, 1.0, 0.0], [0.0, 0.0, 0.0, 1.0]], "pose_inverse": [[0.7606574296951294, -0.649153470993042, 0.0, 274.4300231933594], [0.649153470993042, 0.7606574296951294, 0.0, -1644.545166015625], [0.0, 0.0, 1.0, 0.0], [0.0, 0.0, 0.0, 1.0]], "cam_ids": [0, 1, 2, 3, 4, 5], "cam_channels": ["CAM_FRONT_LEFT", "CAM_FRONT", "CAM_FRONT_RIGHT", "CAM_BACK_LEFT", "CAM_BACK", "CAM_BACK_RIGHT"], "token": "d6a7981f46bf467895b801c017aab32f", "scene": "scene-0727"}, {"images": ["samples/CAM_FRONT_LEFT/n008-2018-08-29-16-04-13-0400__CAM_FRONT_LEFT__1535573844904799.jpg", "samples/CAM_FRONT/n008-2018-08-29-16-04-13-0400__CAM_FRONT__1535573844912404.jpg", "samples/CAM_FRONT_RIGHT/n008-2018-08-29-16-04-13-0400__CAM_FRONT_RIGHT__1535573844920482.jpg", "samples/CAM_BACK_LEFT/n008-2018-08-29-16-04-13-0400__CAM_BACK_LEFT__1535573844947411.jpg", "samples/CAM_BACK/n008-2018-08-29-16-04-13-0400__CAM_BACK__1535573844937558.jpg", "samples/CAM_BACK_RIGHT/n008-2018-08-29-16-04-13-0400__CAM_BACK_RIGHT__1535573844928231.jpg"], "intrinsics": [[[1257.8625342125129, 0.0, 827.2410631095686], [0.0, 1257.8625342125129, 450.915498205774], [0.0, 0.0, 1.0]], [[1252.8131021185304, 0.0, 826.588114781398], [0.0, 1252.8131021185304, 469.9846626224581], [0.0, 0.0, 1.0]], [[1256.7485116440405, 0.0, 817.7887570959712], [0.0, 1256.7485116440403, 451.9541780095127], [0.0, 0.0, 1.0]], [[1254.9860565800168, 0.0, 829.5769333630991], [0.0, 1254.9860565800168, 467.1680561863987], [0.0, 0.0, 1.0]], [[796.8910634503094, 0.0, 857.7774326863696], [0.0, 796.8910634503094, 476.8848988407415], [0.0, 0.0, 1.0]], [[1249.9629280788233, 0.0, 825.3768045375984], [0.0, 1249.9629280788233, 462.54816385708756], [0.0, 0.0, 1.0]]], "extrinsics": [[[0.8225707411766052, -0.5686614513397217, -0.0012908910866826773, -1.005126953125], [0.019688228145241737, 0.030747627839446068, -0.9993332028388977, 1.4882965087890625], [0.568321943283081, 0.8219968676567078, 0.03648803383111954, -1.3333740234375], [0.0, 0.0, 0.0, 1.0]], [[0.010494014248251915, -0.999596118927002, -0.02640841342508793, 0.00537109375], [0.02164100855588913, 0.026630718261003494, -0.9994111061096191, 1.48016357421875], [0.9997106790542603, 0.009916231967508793, 0.021911729127168655, -1.73486328125], [0.0, 0.0, 0.0, 1.0]], [[-0.8436597585678101, -0.5357587337493896, -0.034652065485715866, 1.0906982421875], [0.02965931035578251, 0.01793508231639862, -0.9993991255760193, 1.4930706024169922], [0.5360583662986755, -0.8441805839538574, 0.0007591278408654034, -1.2777099609375], [0.0, 0.0, 0.0, 1.0]], [[0.9478058815002441, 0.3185137212276459, 0.014600183814764023, -1.143951416015625], [0.004278138745576143, 0.033082447946071625, -0.9994434714317322, 1.562042236328125], [-0.318819522857666, 0.9473408460617065, 0.02999309077858925, -0.156005859375], [0.0, 0.0, 0.0, 1.0]], [[0.008997073397040367, 0.9996309876441956, 0.025631239637732506, -0.02880859375], [0.0063950237818062305, 0.025574233382940292, -0.9996524453163147, 1.5680656433105469], [-0.9999391436576843, 0.00915785226970911, -0.0061625707894563675, 0.044281005859375], [0.0, 0.0, 0.0, 1.0]], [[-0.9236552715301514, 0.38312554359436035, -0.00869658775627613, 1.16064453125], [0.010605419054627419, 0.0028703089337795973, -0.9999396204948425, 1.54781174659729], [-0.383077472448349, -0.9236918091773987, -0.006714383140206337, -0.043701171875], [0.0, 0.0, 0.0, 1.0]]], "view": [[0.0, -2.0, 100.0], [-2.0, 0.0, 100.0], [0.0, 0.0, 1.0]], "bev": "bev_d352bc12969547cc992e7c7bccd92df4.png", "aux": "aux_d352bc12969547cc992e7c7bccd92df4.npz", "visibility": "visibility_d352bc12969547cc992e7c7bccd92df4.png", "pose": [[0.7606917023658752, 0.6491133570671082, 0.0, 858.8150634765625], [-0.6491133570671082, 0.7606917023658752, 0.0, 1429.0826416015625], [0.0, 0.0, 1.0, 0.0], [0.0, 0.0, 0.0, 1.0]], "pose_inverse": [[0.7606917023658752, -0.6491133570671082, 0.0, 274.34320068359375], [0.6491133570671082, 0.7606917023658752, 0.0, -1644.5595703125], [0.0, 0.0, 1.0, 0.0], [0.0, 0.0, 0.0, 1.0]], "cam_ids": [0, 1, 2, 3, 4, 5], "cam_channels": ["CAM_FRONT_LEFT", "CAM_FRONT", "CAM_FRONT_RIGHT", "CAM_BACK_LEFT", "CAM_BACK", "CAM_BACK_RIGHT"], "token": "d352bc12969547cc992e7c7bccd92df4", "scene": "scene-0727"}, {"images": ["samples/CAM_FRONT_LEFT/n008-2018-08-29-16-04-13-0400__CAM_FRONT_LEFT__1535573845404799.jpg", "samples/CAM_FRONT/n008-2018-08-29-16-04-13-0400__CAM_FRONT__1535573845412404.jpg", "samples/CAM_FRONT_RIGHT/n008-2018-08-29-16-04-13-0400__CAM_FRONT_RIGHT__1535573845420482.jpg", "samples/CAM_BACK_LEFT/n008-2018-08-29-16-04-13-0400__CAM_BACK_LEFT__1535573845447405.jpg", "samples/CAM_BACK/n008-2018-08-29-16-04-13-0400__CAM_BACK__1535573845437558.jpg", "samples/CAM_BACK_RIGHT/n008-2018-08-29-16-04-13-0400__CAM_BACK_RIGHT__1535573845428113.jpg"], "intrinsics": [[[1257.8625342125129, 0.0, 827.2410631095686], [0.0, 1257.8625342125129, 450.915498205774], [0.0, 0.0, 1.0]], [[1252.8131021185304, 0.0, 826.588114781398], [0.0, 1252.8131021185304, 469.9846626224581], [0.0, 0.0, 1.0]], [[1256.7485116440405, 0.0, 817.7887570959712], [0.0, 1256.7485116440403, 451.9541780095127], [0.0, 0.0, 1.0]], [[1254.9860565800168, 0.0, 829.5769333630991], [0.0, 1254.9860565800168, 467.1680561863987], [0.0, 0.0, 1.0]], [[796.8910634503094, 0.0, 857.7774326863696], [0.0, 796.8910634503094, 476.8848988407415], [0.0, 0.0, 1.0]], [[1249.9629280788233, 0.0, 825.3768045375984], [0.0, 1249.9629280788233, 462.54816385708756], [0.0, 0.0, 1.0]]], "extrinsics": [[[0.8225643038749695, -0.5686708688735962, -0.0012682724045589566, -1.0050048828125], [0.01967834122478962, 0.030692854896187782, -0.9993351697921753, 1.4882926940917969], [0.5683315992355347, 0.8219923973083496, 0.036437343806028366, -1.3333740234375], [0.0, 0.0, 0.0, 1.0]], [[0.010488271713256836, -0.9995976686477661, -0.026351558044552803, 0.00537109375], [0.021638771519064903, 0.026573725044727325, -0.9994126558303833, 1.48016357421875], [0.9997107982635498, 0.009911914356052876, 0.021908780559897423, -1.734771728515625], [0.0, 0.0, 0.0, 1.0]], [[-0.8436588644981384, -0.5357620120048523, -0.03462528809905052, 1.09063720703125], [0.02966524101793766, 0.01787579618394375, -0.9994000196456909, 1.4930744171142578], [0.5360594987869263, -0.8441798090934753, 0.0008124361047521234, -1.277587890625], [0.0, 0.0, 0.0, 1.0]], [[0.9478055834770203, 0.3185148239135742, 0.014593968167901039, -1.143768310546875], [0.004283643327653408, 0.03304651379585266, -0.9994446635246277, 1.562042236328125], [-0.31882014870643616, 0.9473416805267334, 0.02995726838707924, -0.156005859375], [0.0, 0.0, 0.0, 1.0]], [[0.008993986994028091, 0.9996324181556702, 0.02557746320962906, -0.02880859375], [0.006405627354979515, 0.02552037686109543, -0.9996537566184998, 1.5680580139160156], [-0.9999390244483948, 0.009154719300568104, -0.006173745263367891, 0.04443359375], [0.0, 0.0, 0.0, 1.0]], [[-0.9236574172973633, 0.38311997056007385, -0.008718250319361687, 1.16064453125], [0.010607359930872917, 0.0028185418341308832, -0.9999397397041321, 1.5478134155273438], [-0.3830723464488983, -0.9236941933631897, -0.006667257286608219, -0.0435791015625], [0.0, 0.0, 0.0, 1.0]]], "view": [[0.0, -2.0, 100.0], [-2.0, 0.0, 100.0], [0.0, 0.0, 1.0]], "bev": "bev_798f707eb3ff40d1b816af27ed1a1de5.png", "aux": "aux_798f707eb3ff40d1b816af27ed1a1de5.npz", "visibility": "visibility_798f707eb3ff40d1b816af27ed1a1de5.png", "pose": [[0.7606928944587708, 0.6491119265556335, 0.0, 858.8150634765625], [-0.6491119265556335, 0.7606928944587708, 0.0, 1429.0826416015625], [0.0, 0.0, 1.0, 0.0], [0.0, 0.0, 0.0, 1.0]], "pose_inverse": [[0.7606928944587708, -0.6491119265556335, 0.0, 274.340087890625], [0.6491119265556335, 0.7606928944587708, 0.0, -1644.5601806640625], [0.0, 0.0, 1.0, 0.0], [0.0, 0.0, 0.0, 1.0]], "cam_ids": [0, 1, 2, 3, 4, 5], "cam_channels": ["CAM_FRONT_LEFT", "CAM_FRONT", "CAM_FRONT_RIGHT", "CAM_BACK_LEFT", "CAM_BACK", "CAM_BACK_RIGHT"], "token": "798f707eb3ff40d1b816af27ed1a1de5", "scene": "scene-0727"}, {"images": ["samples/CAM_FRONT_LEFT/n008-2018-08-29-16-04-13-0400__CAM_FRONT_LEFT__1535573845904799.jpg", "samples/CAM_FRONT/n008-2018-08-29-16-04-13-0400__CAM_FRONT__1535573845912404.jpg", "samples/CAM_FRONT_RIGHT/n008-2018-08-29-16-04-13-0400__CAM_FRONT_RIGHT__1535573845920482.jpg", "samples/CAM_BACK_LEFT/n008-2018-08-29-16-04-13-0400__CAM_BACK_LEFT__1535573845947405.jpg", "samples/CAM_BACK/n008-2018-08-29-16-04-13-0400__CAM_BACK__1535573845937558.jpg", "samples/CAM_BACK_RIGHT/n008-2018-08-29-16-04-13-0400__CAM_BACK_RIGHT__1535573845928113.jpg"], "intrinsics": [[[1257.8625342125129, 0.0, 827.2410631095686], [0.0, 1257.8625342125129, 450.915498205774], [0.0, 0.0, 1.0]], [[1252.8131021185304, 0.0, 826.588114781398], [0.0, 1252.8131021185304, 469.9846626224581], [0.0, 0.0, 1.0]], [[1256.7485116440405, 0.0, 817.7887570959712], [0.0, 1256.7485116440403, 451.9541780095127], [0.0, 0.0, 1.0]], [[1254.9860565800168, 0.0, 829.5769333630991], [0.0, 1254.9860565800168, 467.1680561863987], [0.0, 0.0, 1.0]], [[796.8910634503094, 0.0, 857.7774326863696], [0.0, 796.8910634503094, 476.8848988407415], [0.0, 0.0, 1.0]], [[1249.9629280788233, 0.0, 825.3768045375984], [0.0, 1249.9629280788233, 462.54816385708756], [0.0, 0.0, 1.0]]], "extrinsics": [[[0.8225712776184082, -0.5686608552932739, -0.0012229817220941186, -1.0050048828125], [0.019769897684454918, 0.030746471136808395, -0.9993316531181335, 1.4883003234863281], [0.5683184266090393, 0.821997344493866, 0.036533523350954056, -1.33349609375], [0.0, 0.0, 0.0, 1.0]], [[0.010501683689653873, -0.9995960593223572, -0.026412058621644974, 0.00537109375], [0.021730005741119385, 0.026635415852069855, -0.999409019947052, 1.48016357421875], [0.9997087121009827, 0.009921562857925892, 0.02200094237923622, -1.73468017578125], [0.0, 0.0, 0.0, 1.0]], [[-0.843650758266449, -0.5357673764228821, -0.034739457070827484, 1.09063720703125], [0.02975614368915558, 0.01794564165174961, -0.9993960857391357, 1.4930744171142578], [0.5360671877861023, -0.8441749215126038, 0.0008025164133869112, -1.277587890625], [0.0, 0.0, 0.0, 1.0]], [[0.9478043913841248, 0.318513423204422, 0.014699805527925491, -1.14398193359375], [0.004371441900730133, 0.0331173799932003, -0.9994418621063232, 1.562042236328125], [-0.3188224732875824, 0.947339653968811, 0.02999643050134182, -0.1561279296875], [0.0, 0.0, 0.0, 1.0]], [[0.008987903594970703, 0.9996306300163269, 0.025648677721619606, -0.0289306640625], [0.006501742638647556, 0.02559075318276882, -0.999651312828064, 1.5680656433105469], [-0.9999385476112366, 0.009151515550911427, -0.006269334349781275, 0.044342041015625], [0.0, 0.0, 0.0, 1.0]], [[-0.9236593246459961, 0.38311392068862915, -0.0087819779291749, 1.1605224609375], [0.01070253737270832, 0.0028818021528422832, -0.9999386072158813, 1.547811508178711], [-0.3830651044845581, -0.9236965775489807, -0.006762094795703888, -0.0438232421875], [0.0, 0.0, 0.0, 1.0]]], "view": [[0.0, -2.0, 100.0], [-2.0, 0.0, 100.0], [0.0, 0.0, 1.0]], "bev": "bev_5986db54471a4633bfb4e0776678e8ca.png", "aux": "aux_5986db54471a4633bfb4e0776678e8ca.npz", "visibility": "visibility_5986db54471a4633bfb4e0776678e8ca.png", "pose": [[0.7607362866401672, 0.6490611433982849, 0.0, 858.8151245117188], [-0.6490611433982849, 0.7607362866401672, 0.0, 1429.0826416015625], [0.0, 0.0, 1.0, 0.0], [0.0, 0.0, 0.0, 1.0]], "pose_inverse": [[0.7607362866401672, -0.6490611433982849, 0.0, 274.23016357421875], [0.6490611433982849, 0.7607362866401672, 0.0, -1644.5784912109375], [0.0, 0.0, 1.0, 0.0], [0.0, 0.0, 0.0, 1.0]], "cam_ids": [0, 1, 2, 3, 4, 5], "cam_channels": ["CAM_FRONT_LEFT", "CAM_FRONT", "CAM_FRONT_RIGHT", "CAM_BACK_LEFT", "CAM_BACK", "CAM_BACK_RIGHT"], "token": "5986db54471a4633bfb4e0776678e8ca", "scene": "scene-0727"}, {"images": ["samples/CAM_FRONT_LEFT/n008-2018-08-29-16-04-13-0400__CAM_FRONT_LEFT__1535573846404799.jpg", "samples/CAM_FRONT/n008-2018-08-29-16-04-13-0400__CAM_FRONT__1535573846412404.jpg", "samples/CAM_FRONT_RIGHT/n008-2018-08-29-16-04-13-0400__CAM_FRONT_RIGHT__1535573846420482.jpg", "samples/CAM_BACK_LEFT/n008-2018-08-29-16-04-13-0400__CAM_BACK_LEFT__1535573846447405.jpg", "samples/CAM_BACK/n008-2018-08-29-16-04-13-0400__CAM_BACK__1535573846437558.jpg", "samples/CAM_BACK_RIGHT/n008-2018-08-29-16-04-13-0400__CAM_BACK_RIGHT__1535573846428113.jpg"], "intrinsics": [[[1257.8625342125129, 0.0, 827.2410631095686], [0.0, 1257.8625342125129, 450.915498205774], [0.0, 0.0, 1.0]], [[1252.8131021185304, 0.0, 826.588114781398], [0.0, 1252.8131021185304, 469.9846626224581], [0.0, 0.0, 1.0]], [[1256.7485116440405, 0.0, 817.7887570959712], [0.0, 1256.7485116440403, 451.9541780095127], [0.0, 0.0, 1.0]], [[1254.9860565800168, 0.0, 829.5769333630991], [0.0, 1254.9860565800168, 467.1680561863987], [0.0, 0.0, 1.0]], [[796.8910634503094, 0.0, 857.7774326863696], [0.0, 796.8910634503094, 476.8848988407415], [0.0, 0.0, 1.0]], [[1249.9629280788233, 0.0, 825.3768045375984], [0.0, 1249.9629280788233, 462.54816385708756], [0.0, 0.0, 1.0]]], "extrinsics": [[[0.822572648525238, -0.5686591267585754, -0.0010824730852618814, -1.0048828125], [0.019868196919560432, 0.030641883611679077, -0.9993329048156738, 1.4882965087890625], [0.5683128833770752, 0.8220024108886719, 0.03650340437889099, -1.3333740234375], [0.0, 0.0, 0.0, 1.0]], [[0.01050366647541523, -0.9995989799499512, -0.026295937597751617, 0.00537109375], [0.021832996979355812, 0.0265203807502985, -0.9994097948074341, 1.4801597595214844], [0.9997064471244812, 0.009923363104462624, 0.022102802991867065, -1.73468017578125], [0.0, 0.0, 0.0, 1.0]], [[-0.8436490297317505, -0.5357683300971985, -0.03476319462060928, 1.0906982421875], [0.02986408956348896, 0.017819933593273163, -0.9993950724601746, 1.4930744171142578], [0.5360637903213501, -0.8441769480705261, 0.0009664635290391743, -1.27734375], [0.0, 0.0, 0.0, 1.0]], [[0.9478029012680054, 0.3185151219367981, 0.014756673015654087, -1.144012451171875], [0.004477673675864935, 0.03297973424196243, -0.9994459748268127, 1.5620384216308594], [-0.318825364112854, 0.9473438858985901, 0.029832080006599426, -0.15625], [0.0, 0.0, 0.0, 1.0]], [[0.008988362736999989, 0.9996340870857239, 0.025512222200632095, -0.0289306640625], [0.006601189263164997, 0.02545337937772274, -0.999654233455658, 1.5680618286132812], [-0.9999377727508545, 0.009153582155704498, -0.006369991693645716, 0.04425048828125], [0.0, 0.0, 0.0, 1.0]], [[-0.9236562252044678, 0.3831180930137634, -0.008932077325880527, 1.16070556640625], [0.010810661129653454, 0.0027506197802722454, -0.9999377727508545, 1.5478135347366333], [-0.38306963443756104, -0.9236952662467957, -0.006682385224848986, -0.0435791015625], [0.0, 0.0, 0.0, 1.0]]], "view": [[0.0, -2.0, 100.0], [-2.0, 0.0, 100.0], [0.0, 0.0, 1.0]], "bev": "bev_f5b1d1f2b2f5446787f5e1a1112adf2f.png", "aux": "aux_f5b1d1f2b2f5446787f5e1a1112adf2f.npz", "visibility": "visibility_f5b1d1f2b2f5446787f5e1a1112adf2f.png", "pose": [[0.7607148885726929, 0.6490861773490906, 0.0, 858.8151245117188], [-0.6490861773490906, 0.7607148885726929, 0.0, 1429.0826416015625], [0.0, 0.0, 1.0, 0.0], [0.0, 0.0, 0.0, 1.0]], "pose_inverse": [[0.7607148885726929, -0.6490861773490906, 0.0, 274.2843322753906], [0.6490861773490906, 0.7607148885726929, 0.0, -1644.5694580078125], [0.0, 0.0, 1.0, 0.0], [0.0, 0.0, 0.0, 1.0]], "cam_ids": [0, 1, 2, 3, 4, 5], "cam_channels": ["CAM_FRONT_LEFT", "CAM_FRONT", "CAM_FRONT_RIGHT", "CAM_BACK_LEFT", "CAM_BACK", "CAM_BACK_RIGHT"], "token": "f5b1d1f2b2f5446787f5e1a1112adf2f", "scene": "scene-0727"}, {"images": ["samples/CAM_FRONT_LEFT/n008-2018-08-29-16-04-13-0400__CAM_FRONT_LEFT__1535573847004799.jpg", "samples/CAM_FRONT/n008-2018-08-29-16-04-13-0400__CAM_FRONT__1535573847012404.jpg", "samples/CAM_FRONT_RIGHT/n008-2018-08-29-16-04-13-0400__CAM_FRONT_RIGHT__1535573847020482.jpg", "samples/CAM_BACK_LEFT/n008-2018-08-29-16-04-13-0400__CAM_BACK_LEFT__1535573847047405.jpg", "samples/CAM_BACK/n008-2018-08-29-16-04-13-0400__CAM_BACK__1535573847037558.jpg", "samples/CAM_BACK_RIGHT/n008-2018-08-29-16-04-13-0400__CAM_BACK_RIGHT__1535573847028113.jpg"], "intrinsics": [[[1257.8625342125129, 0.0, 827.2410631095686], [0.0, 1257.8625342125129, 450.915498205774], [0.0, 0.0, 1.0]], [[1252.8131021185304, 0.0, 826.588114781398], [0.0, 1252.8131021185304, 469.9846626224581], [0.0, 0.0, 1.0]], [[1256.7485116440405, 0.0, 817.7887570959712], [0.0, 1256.7485116440403, 451.9541780095127], [0.0, 0.0, 1.0]], [[1254.9860565800168, 0.0, 829.5769333630991], [0.0, 1254.9860565800168, 467.1680561863987], [0.0, 0.0, 1.0]], [[796.8910634503094, 0.0, 857.7774326863696], [0.0, 796.8910634503094, 476.8848988407415], [0.0, 0.0, 1.0]], [[1249.9629280788233, 0.0, 825.3768045375984], [0.0, 1249.9629280788233, 462.54816385708756], [0.0, 0.0, 1.0]]], "extrinsics": [[[0.8225592970848083, -0.5686785578727722, -0.0009523548069410026, -1.0050048828125], [0.019969364628195763, 0.030558045953512192, -0.9993335008621216, 1.4882965087890625], [0.5683286786079407, 0.821992039680481, 0.03649195283651352, -1.3333740234375], [0.0, 0.0, 0.0, 1.0]], [[0.010484950616955757, -0.9996011853218079, -0.026219774037599564, 0.00537109375], [0.02191387303173542, 0.02644461765885353, -0.9994100332260132, 1.48016357421875], [0.9997048377990723, 0.009904177859425545, 0.02218240313231945, -1.734710693359375], [0.0, 0.0, 0.0, 1.0]], [[-0.8436561226844788, -0.5357563495635986, -0.03477717563509941, 1.090576171875], [0.0299233291298151, 0.017752686515450478, -0.9993945360183716, 1.4930706024169922], [0.5360493063926697, -0.844186007976532, 0.001054447959177196, -1.2774658203125], [0.0, 0.0, 0.0, 1.0]], [[0.9478024244308472, 0.31851568818092346, 0.014775514602661133, -1.143951416015625], [0.004520099610090256, 0.03291265666484833, -0.9994480013847351, 1.562042236328125], [-0.31882616877555847, 0.947346031665802, 0.02975497394800186, -0.156005859375], [0.0, 0.0, 0.0, 1.0]], [[0.00899414625018835, 0.9996355175971985, 0.025453293696045876, -0.0289306640625], [0.006646808236837387, 0.02539399452507496, -0.9996553659439087, 1.5680580139160156], [-0.9999374151229858, 0.00916026160120964, -0.006415987852960825, 0.04437255859375], [0.0, 0.0, 0.0, 1.0]], [[-0.9236508011817932, 0.38312965631484985, -0.00899509061127901, 1.16070556640625], [0.010852936655282974, 0.0026878502685576677, -0.9999374747276306, 1.5478129386901855], [-0.3830815553665161, -0.9236906170845032, -0.006640716455876827, -0.0438232421875], [0.0, 0.0, 0.0, 1.0]]], "view": [[0.0, -2.0, 100.0], [-2.0, 0.0, 100.0], [0.0, 0.0, 1.0]], "bev": "bev_ead33dc26a2b46b7b9917059e7c6271b.png", "aux": "aux_ead33dc26a2b46b7b9917059e7c6271b.npz", "visibility": "visibility_ead33dc26a2b46b7b9917059e7c6271b.png", "pose": [[0.7606918215751648, 0.6491131782531738, 0.0, 858.8150634765625], [-0.6491131782531738, 0.7606918215751648, 0.0, 1429.0826416015625], [0.0, 0.0, 1.0, 0.0], [0.0, 0.0, 0.0, 1.0]], "pose_inverse": [[0.7606918215751648, -0.6491131782531738, 0.0, 274.34283447265625], [0.6491131782531738, 0.7606918215751648, 0.0, -1644.5596923828125], [0.0, 0.0, 1.0, 0.0], [0.0, 0.0, 0.0, 1.0]], "cam_ids": [0, 1, 2, 3, 4, 5], "cam_channels": ["CAM_FRONT_LEFT", "CAM_FRONT", "CAM_FRONT_RIGHT", "CAM_BACK_LEFT", "CAM_BACK", "CAM_BACK_RIGHT"], "token": "ead33dc26a2b46b7b9917059e7c6271b", "scene": "scene-0727"}, {"images": ["samples/CAM_FRONT_LEFT/n008-2018-08-29-16-04-13-0400__CAM_FRONT_LEFT__1535573847504799.jpg", "samples/CAM_FRONT/n008-2018-08-29-16-04-13-0400__CAM_FRONT__1535573847512404.jpg", "samples/CAM_FRONT_RIGHT/n008-2018-08-29-16-04-13-0400__CAM_FRONT_RIGHT__1535573847520482.jpg", "samples/CAM_BACK_LEFT/n008-2018-08-29-16-04-13-0400__CAM_BACK_LEFT__1535573847547405.jpg", "samples/CAM_BACK/n008-2018-08-29-16-04-13-0400__CAM_BACK__1535573847537558.jpg", "samples/CAM_BACK_RIGHT/n008-2018-08-29-16-04-13-0400__CAM_BACK_RIGHT__1535573847528113.jpg"], "intrinsics": [[[1257.8625342125129, 0.0, 827.2410631095686], [0.0, 1257.8625342125129, 450.915498205774], [0.0, 0.0, 1.0]], [[1252.8131021185304, 0.0, 826.588114781398], [0.0, 1252.8131021185304, 469.9846626224581], [0.0, 0.0, 1.0]], [[1256.7485116440405, 0.0, 817.7887570959712], [0.0, 1256.7485116440403, 451.9541780095127], [0.0, 0.0, 1.0]], [[1254.9860565800168, 0.0, 829.5769333630991], [0.0, 1254.9860565800168, 467.1680561863987], [0.0, 0.0, 1.0]], [[796.8910634503094, 0.0, 857.7774326863696], [0.0, 796.8910634503094, 476.8848988407415], [0.0, 0.0, 1.0]], [[1249.9629280788233, 0.0, 825.3768045375984], [0.0, 1249.9629280788233, 462.54816385708756], [0.0, 0.0, 1.0]]], "extrinsics": [[[0.822584867477417, -0.5686415433883667, -0.0010418426245450974, -1.005126953125], [0.019873468205332756, 0.03057948313653469, -0.9993347525596619, 1.4882888793945312], [0.5682951211929321, 0.8220169544219971, 0.036455098539590836, -1.33349609375], [0.0, 0.0, 0.0, 1.0]], [[0.010523460805416107, -0.9996002316474915, -0.0262411218136549, 0.0052490234375], [0.02182621881365776, 0.026465944945812225, -0.999411404132843, 1.48016357421875], [0.9997063875198364, 0.009944588877260685, 0.022096004337072372, -1.734619140625], [0.0, 0.0, 0.0, 1.0]], [[-0.8436399102210999, -0.5357854962348938, -0.034722115844488144, 1.090576171875], [0.029844574630260468, 0.01777406595647335, -0.9993965029716492, 1.493072509765625], [0.5360792875289917, -0.8441670536994934, 0.0009953787084668875, -1.277587890625], [0.0, 0.0, 0.0, 1.0]], [[0.9478026032447815, 0.31851834058761597, 0.014709481969475746, -1.143890380859375], [0.00444579916074872, 0.032926272600889206, -0.9994478821754456, 1.5620384216308594], [-0.318826824426651, 0.9473446607589722, 0.029791539534926414, -0.15625], [0.0, 0.0, 0.0, 1.0]], [[0.008980157785117626, 0.9996354579925537, 0.025464395061135292, -0.0286865234375], [0.006573397666215897, 0.02540585771203041, -0.999655544757843, 1.5680618286132812], [-0.9999381899833679, 0.009144455194473267, -0.006342853419482708, 0.044403076171875], [0.0, 0.0, 0.0, 1.0]], [[-0.9236624836921692, 0.38310307264328003, -0.00892412569373846, 1.16064453125], [0.010785308666527271, 0.002710523782297969, -0.9999381303787231, 1.5478144884109497], [-0.3830551505088806, -0.9237016439437866, -0.006635492201894522, -0.043701171875], [0.0, 0.0, 0.0, 1.0]]], "view": [[0.0, -2.0, 100.0], [-2.0, 0.0, 100.0], [0.0, 0.0, 1.0]], "bev": "bev_4f7bc9de31714269bd3062d363a97765.png", "aux": "aux_4f7bc9de31714269bd3062d363a97765.npz", "visibility": "visibility_4f7bc9de31714269bd3062d363a97765.png", "pose": [[0.7606619000434875, 0.6491482853889465, 0.0, 858.8150634765625], [-0.6491482853889465, 0.7606619000434875, 0.0, 1429.0826416015625], [0.0, 0.0, 1.0, 0.0], [0.0, 0.0, 0.0, 1.0]], "pose_inverse": [[0.7606619000434875, -0.6491482853889465, 0.0, 274.4186096191406], [0.6491482853889465, 0.7606619000434875, 0.0, -1644.5469970703125], [0.0, 0.0, 1.0, 0.0], [0.0, 0.0, 0.0, 1.0]], "cam_ids": [0, 1, 2, 3, 4, 5], "cam_channels": ["CAM_FRONT_LEFT", "CAM_FRONT", "CAM_FRONT_RIGHT", "CAM_BACK_LEFT", "CAM_BACK", "CAM_BACK_RIGHT"], "token": "4f7bc9de31714269bd3062d363a97765", "scene": "scene-0727"}, {"images": ["samples/CAM_FRONT_LEFT/n008-2018-08-29-16-04-13-0400__CAM_FRONT_LEFT__1535573848004799.jpg", "samples/CAM_FRONT/n008-2018-08-29-16-04-13-0400__CAM_FRONT__1535573848012404.jpg", "samples/CAM_FRONT_RIGHT/n008-2018-08-29-16-04-13-0400__CAM_FRONT_RIGHT__1535573848020482.jpg", "samples/CAM_BACK_LEFT/n008-2018-08-29-16-04-13-0400__CAM_BACK_LEFT__1535573848047405.jpg", "samples/CAM_BACK/n008-2018-08-29-16-04-13-0400__CAM_BACK__1535573848037558.jpg", "samples/CAM_BACK_RIGHT/n008-2018-08-29-16-04-13-0400__CAM_BACK_RIGHT__1535573848028113.jpg"], "intrinsics": [[[1257.8625342125129, 0.0, 827.2410631095686], [0.0, 1257.8625342125129, 450.915498205774], [0.0, 0.0, 1.0]], [[1252.8131021185304, 0.0, 826.588114781398], [0.0, 1252.8131021185304, 469.9846626224581], [0.0, 0.0, 1.0]], [[1256.7485116440405, 0.0, 817.7887570959712], [0.0, 1256.7485116440403, 451.9541780095127], [0.0, 0.0, 1.0]], [[1254.9860565800168, 0.0, 829.5769333630991], [0.0, 1254.9860565800168, 467.1680561863987], [0.0, 0.0, 1.0]], [[796.8910634503094, 0.0, 857.7774326863696], [0.0, 796.8910634503094, 476.8848988407415], [0.0, 0.0, 1.0]], [[1249.9629280788233, 0.0, 825.3768045375984], [0.0, 1249.9629280788233, 462.54816385708756], [0.0, 0.0, 1.0]]], "extrinsics": [[[0.8225666880607605, -0.568667471408844, -0.00115284975618124, -1.0048828125], [0.01973225362598896, 0.030568266287446022, -0.9993378520011902, 1.4882926940917969], [0.5683262944221497, 0.821999192237854, 0.036365531384944916, -1.33349609375], [0.0, 0.0, 0.0, 1.0]], [[0.01049190666526556, -0.9996008276939392, -0.026232615113258362, 0.0052490234375], [0.021683692932128906, 0.02645532786846161, -0.9994148015975952, 1.48016357421875], [0.9997097849845886, 0.009916952811181545, 0.02195260487496853, -1.7347412109375], [0.0, 0.0, 0.0, 1.0]], [[-0.8436577916145325, -0.5357654690742493, -0.034595366567373276, 1.090576171875], [0.02970092184841633, 0.01776379719376564, -0.9994009137153625, 1.4930744171142578], [0.5360590815544128, -0.8441799283027649, 0.0009261618833988905, -1.277587890625], [0.0, 0.0, 0.0, 1.0]], [[0.9478049874305725, 0.31851664185523987, 0.01459160353988409, -1.14398193359375], [0.004319248255342245, 0.03293312340974808, -0.9994482398033142, 1.5620384216308594], [-0.31882140040397644, 0.947344958782196, 0.029838426038622856, -0.1561279296875], [0.0, 0.0, 0.0, 1.0]], [[0.008994115516543388, 0.9996352195739746, 0.025465577840805054, -0.0289306640625], [0.0064454395323991776, 0.025408124551177025, -0.9996563196182251, 1.5680656433105469], [-0.9999388456344604, 0.009155195206403732, -0.006214566063135862, 0.044403076171875], [0.0, 0.0,