[{"images": ["samples/CAM_FRONT_LEFT/n008-2018-08-30-15-31-50-0400__CAM_FRONT_LEFT__1535657649004799.jpg", "samples/CAM_FRONT/n008-2018-08-30-15-31-50-0400__CAM_FRONT__1535657649012404.jpg", "samples/CAM_FRONT_RIGHT/n008-2018-08-30-15-31-50-0400__CAM_FRONT_RIGHT__1535657649020482.jpg", "samples/CAM_BACK_LEFT/n008-2018-08-30-15-31-50-0400__CAM_BACK_LEFT__1535657649047405.jpg", "samples/CAM_BACK/n008-2018-08-30-15-31-50-0400__CAM_BACK__1535657649037558.jpg", "samples/CAM_BACK_RIGHT/n008-2018-08-30-15-31-50-0400__CAM_BACK_RIGHT__1535657649028113.jpg"], "intrinsics": [[[1257.8625342125129, 0.0, 827.2410631095686], [0.0, 1257.8625342125129, 450.915498205774], [0.0, 0.0, 1.0]], [[1252.8131021185304, 0.0, 826.588114781398], [0.0, 1252.8131021185304, 469.9846626224581], [0.0, 0.0, 1.0]], [[1256.7485116440405, 0.0, 817.7887570959712], [0.0, 1256.7485116440403, 451.9541780095127], [0.0, 0.0, 1.0]], [[1254.9860565800168, 0.0, 829.5769333630991], [0.0, 1254.9860565800168, 467.1680561863987], [0.0, 0.0, 1.0]], [[796.8910634503094, 0.0, 857.7774326863696], [0.0, 796.8910634503094, 476.8848988407415], [0.0, 0.0, 1.0]], [[1249.9629280788233, 0.0, 825.3768045375984], [0.0, 1249.9629280788233, 462.54816385708756], [0.0, 0.0, 1.0]]], "extrinsics": [[[0.8220332860946655, -0.5680829286575317, -0.03928184509277344, -1.0050048828125], [-0.014817868359386921, 0.047620125114917755, -0.9987556338310242, 1.4883041381835938], [0.5692466497421265, 0.8215924501419067, 0.030727550387382507, -1.333251953125], [0.0, 0.0, 0.0, 1.0]], [[0.009575948119163513, -0.9990020990371704, -0.04362424463033676, 0.0054931640625], [-0.012855770997703075, 0.043499644845724106, -0.9989707469940186, 1.48016357421875], [0.9998714923858643, 0.010126919485628605, -0.012426391243934631, -1.73468017578125], [0.0, 0.0, 0.0, 1.0]], [[-0.8443503379821777, -0.5355931520462036, -0.01457273680716753, 1.090576171875], [-0.004827817901968956, 0.03480273857712746, -0.999382495880127, 1.4930686950683594], [0.5357696413993835, -0.8437587022781372, -0.03197145462036133, -1.2777099609375], [0.0, 0.0, 0.0, 1.0]], [[0.9477436542510986, 0.3187798261642456, -0.012701393105089664, -1.14385986328125], [-0.03018590807914734, 0.04996795207262039, -0.9982945322990417, 1.562042236328125], [-0.3176014721393585, 0.9465107917785645, 0.0569794699549675, -0.1561279296875], [0.0, 0.0, 0.0, 1.0]], [[0.009868351742625237, 0.9990612864494324, 0.04218137636780739, -0.02880859375], [-0.028076298534870148, 0.04244362935423851, -0.9987042546272278, 1.5680618286132812], [-0.9995571374893188, 0.00867125391960144, 0.028468791395425797, 0.044281005859375], [0.0, 0.0, 0.0, 1.0]], [[-0.9234086871147156, 0.3826727271080017, 0.029629185795783997, 1.160736083984375], [-0.023887598887085915, 0.019747775048017502, -0.9995195865631104, 1.5478134155273438], [-0.3830738365650177, -0.9236728549003601, -0.009094136767089367, -0.043701171875], [0.0, 0.0, 0.0, 1.0]]], "view": [[0.0, -2.0, 100.0], [-2.0, 0.0, 100.0], [0.0, 0.0, 1.0]], "bev": "bev_e836d06299ce46b884b9187ac6017579.png", "aux": "aux_e836d06299ce46b884b9187ac6017579.npz", "visibility": "visibility_e836d06299ce46b884b9187ac6017579.png", "pose": [[0.7548317313194275, 0.6559184789657593, 0.0, 1301.203369140625], [-0.6559184789657593, 0.7548317313194275, 0.0, 896.0731201171875], [0.0, 0.0, 1.0, 0.0], [0.0, 0.0, 0.0, 1.0]], "pose_inverse": [[0.7548317313194275, -0.6559184789657593, 0.0, -394.438720703125], [0.6559184789657593, 0.7548317313194275, 0.0, -1529.8677978515625], [0.0, 0.0, 1.0, 0.0], [0.0, 0.0, 0.0, 1.0]], "cam_ids": [0, 1, 2, 3, 4, 5], "cam_channels": ["CAM_FRONT_LEFT", "CAM_FRONT", "CAM_FRONT_RIGHT", "CAM_BACK_LEFT", "CAM_BACK", "CAM_BACK_RIGHT"], "token": "e836d06299ce46b884b9187ac6017579", "scene": "scene-0775"}, {"images": ["samples/CAM_FRONT_LEFT/n008-2018-08-30-15-31-50-0400__CAM_FRONT_LEFT__1535657649504799.jpg", "samples/CAM_FRONT/n008-2018-08-30-15-31-50-0400__CAM_FRONT__1535657649512404.jpg", "samples/CAM_FRONT_RIGHT/n008-2018-08-30-15-31-50-0400__CAM_FRONT_RIGHT__1535657649520482.jpg", "samples/CAM_BACK_LEFT/n008-2018-08-30-15-31-50-0400__CAM_BACK_LEFT__1535657649547405.jpg", "samples/CAM_BACK/n008-2018-08-30-15-31-50-0400__CAM_BACK__1535657649537558.jpg", "samples/CAM_BACK_RIGHT/n008-2018-08-30-15-31-50-0400__CAM_BACK_RIGHT__1535657649528113.jpg"], "intrinsics": [[[1257.8625342125129, 0.0, 827.2410631095686], [0.0, 1257.8625342125129, 450.915498205774], [0.0, 0.0, 1.0]], [[1252.8131021185304, 0.0, 826.588114781398], [0.0, 1252.8131021185304, 469.9846626224581], [0.0, 0.0, 1.0]], [[1256.7485116440405, 0.0, 817.7887570959712], [0.0, 1256.7485116440403, 451.9541780095127], [0.0, 0.0, 1.0]], [[1254.9860565800168, 0.0, 829.5769333630991], [0.0, 1254.9860565800168, 467.1680561863987], [0.0, 0.0, 1.0]], [[796.8910634503094, 0.0, 857.7774326863696], [0.0, 796.8910634503094, 476.8848988407415], [0.0, 0.0, 1.0]], [[1249.9629280788233, 0.0, 825.3768045375984], [0.0, 1249.9629280788233, 462.54816385708756], [0.0, 0.0, 1.0]]], "extrinsics": [[[0.8220378756523132, -0.5680729150772095, -0.03932889550924301, -1.00494384765625], [-0.014840838499367237, 0.047670137137174606, -0.9987528324127197, 1.4882965087890625], [0.5692392587661743, 0.8215963840484619, 0.03075597994029522, -1.3336181640625], [0.0, 0.0, 0.0, 1.0]], [[0.009582655504345894, -0.9989989995956421, -0.043692056089639664, 0.00537109375], [-0.012875757180154324, 0.043567169457674026, -0.9989675283432007, 1.48016357421875], [0.9998711347579956, 0.010135416872799397, -0.012445377185940742, -1.734619140625], [0.0, 0.0, 0.0, 1.0]], [[-0.8443477153778076, -0.535596489906311, -0.014604887925088406, 1.090576171875], [-0.004844633862376213, 0.034888915717601776, -0.9993794560432434, 1.493072509765625], [0.5357736945152283, -0.8437530398368835, -0.0320531465113163, -1.277587890625], [0.0, 0.0, 0.0, 1.0]], [[0.9477435946464539, 0.3187800943851471, -0.012700256891548634, -1.143798828125], [-0.030210183933377266, 0.05004381015896797, -0.9982900619506836, 1.5620498657226562], [-0.3175993859767914, 0.9465066194534302, 0.05705910176038742, -0.15625], [0.0, 0.0, 0.0, 1.0]], [[0.009867860935628414, 0.9990576505661011, 0.042266782373189926, -0.0286865234375], [-0.02809668891131878, 0.04252917319536209, -0.9987000823020935, 1.5680618286132812], [-0.9995565414428711, 0.00866744201630354, 0.028489883989095688, 0.044219970703125], [0.0, 0.0, 0.0, 1.0]], [[-0.9234097003936768, 0.38266676664352417, 0.029673418030142784, 1.160614013671875], [-0.023900305852293968, 0.019832734018564224, -0.999517560005188, 1.5478096008300781], [-0.383070707321167, -0.9236735105514526, -0.009167886339128017, -0.043701171875], [0.0, 0.0, 0.0, 1.0]]], "view": [[0.0, -2.0, 100.0], [-2.0, 0.0, 100.0], [0.0, 0.0, 1.0]], "bev": "bev_7bd32fd8df36456bbe3082bff79a4f7c.png", "aux": "aux_7bd32fd8df36456bbe3082bff79a4f7c.npz", "visibility": "visibility_7bd32fd8df36456bbe3082bff79a4f7c.png", "pose": [[0.7547940015792847, 0.6559618711471558, 0.0, 1301.203369140625], [-0.6559618711471558, 0.7547940015792847, 0.0, 896.0731201171875], [0.0, 0.0, 1.0, 0.0], [0.0, 0.0, 0.0, 1.0]], "pose_inverse": [[0.7547940015792847, -0.6559618711471558, 0.0, -394.3507080078125], [0.6559618711471558, 0.7547940015792847, 0.0, -1529.8905029296875], [0.0, 0.0, 1.0, 0.0], [0.0, 0.0, 0.0, 1.0]], "cam_ids": [0, 1, 2, 3, 4, 5], "cam_channels": ["CAM_FRONT_LEFT", "CAM_FRONT", "CAM_FRONT_RIGHT", "CAM_BACK_LEFT", "CAM_BACK", "CAM_BACK_RIGHT"], "token": "7bd32fd8df36456bbe3082bff79a4f7c", "scene": "scene-0775"}, {"images": ["samples/CAM_FRONT_LEFT/n008-2018-08-30-15-31-50-0400__CAM_FRONT_LEFT__1535657650004799.jpg", "samples/CAM_FRONT/n008-2018-08-30-15-31-50-0400__CAM_FRONT__1535657650012404.jpg", "samples/CAM_FRONT_RIGHT/n008-2018-08-30-15-31-50-0400__CAM_FRONT_RIGHT__1535657650020482.jpg", "samples/CAM_BACK_LEFT/n008-2018-08-30-15-31-50-0400__CAM_BACK_LEFT__1535657650047405.jpg", "samples/CAM_BACK/n008-2018-08-30-15-31-50-0400__CAM_BACK__1535657650037558.jpg", "samples/CAM_BACK_RIGHT/n008-2018-08-30-15-31-50-0400__CAM_BACK_RIGHT__1535657650028113.jpg"], "intrinsics": [[[1257.8625342125129, 0.0, 827.2410631095686], [0.0, 1257.8625342125129, 450.915498205774], [0.0, 0.0, 1.0]], [[1252.8131021185304, 0.0, 826.588114781398], [0.0, 1252.8131021185304, 469.9846626224581], [0.0, 0.0, 1.0]], [[1256.7485116440405, 0.0, 817.7887570959712], [0.0, 1256.7485116440403, 451.9541780095127], [0.0, 0.0, 1.0]], [[1254.9860565800168, 0.0, 829.5769333630991], [0.0, 1254.9860565800168, 467.1680561863987], [0.0, 0.0, 1.0]], [[796.8910634503094, 0.0, 857.7774326863696], [0.0, 796.8910634503094, 476.8848988407415], [0.0, 0.0, 1.0]], [[1249.9629280788233, 0.0, 825.3768045375984], [0.0, 1249.9629280788233, 462.54816385708756], [0.0, 0.0, 1.0]]], "extrinsics": [[[0.8220299482345581, -0.5680739283561707, -0.03948301449418068, -1.0050048828125], [-0.014863167889416218, 0.04790809378027916, -0.9987411499023438, 1.4882888793945312], [0.5692504048347473, 0.8215819001197815, 0.030938509851694107, -1.3333740234375], [0.0, 0.0, 0.0, 1.0]], [[0.009570570662617683, -0.9989889860153198, -0.04392527416348457, 0.0054931640625], [-0.012905525974929333, 0.0438002310693264, -0.9989569783210754, 1.48016357421875], [0.9998709559440613, 0.01012745127081871, -0.012473280541598797, -1.73480224609375], [0.0, 0.0, 0.0, 1.0]], [[-0.8443535566329956, -0.5355849266052246, -0.014694866724312305, 1.090576171875], [-0.004882297944277525, 0.0351167730987072, -0.9993712306022644, 1.493072509765625], [0.535764217376709, -0.8437509536743164, -0.032265860587358475, -1.277587890625], [0.0, 0.0, 0.0, 1.0]], [[0.9477449655532837, 0.31877806782722473, -0.012647188268601894, -1.1439208984375], [-0.030232185497879982, 0.05027635395526886, -0.9982776641845703, 1.562042236328125], [-0.31759315729141235, 0.946494996547699, 0.057286519557237625, -0.1561279296875], [0.0, 0.0, 0.0, 1.0]], [[0.009875671938061714, 0.9990477561950684, 0.04249681904911995, -0.0289306640625], [-0.028114870190620422, 0.04275950789451599, -0.9986897110939026, 1.5680618286132812], [-0.9995560050010681, 0.008667991496622562, 0.028510380536317825, 0.044342041015625], [0.0, 0.0, 0.0, 1.0]], [[-0.9234051704406738, 0.3826681673526764, 0.029797688126564026, 1.1607513427734375], [-0.02394045889377594, 0.020060211420059204, -0.9995120763778687, 1.547811508178711], [-0.3830792009830475, -0.9236680269241333, -0.00936245359480381, -0.043701171875], [0.0, 0.0, 0.0, 1.0]]], "view": [[0.0, -2.0, 100.0], [-2.0, 0.0, 100.0], [0.0, 0.0, 1.0]], "bev": "bev_a5caf4b6fbaa4b0f8f2fefffe6467e34.png", "aux": "aux_a5caf4b6fbaa4b0f8f2fefffe6467e34.npz", "visibility": "visibility_a5caf4b6fbaa4b0f8f2fefffe6467e34.png", "pose": [[0.7548301219940186, 0.6559203267097473, 0.0, 1301.203369140625], [-0.6559203267097473, 0.7548301219940186, 0.0, 896.0731201171875], [0.0, 0.0, 1.0, 0.0], [0.0, 0.0, 0.0, 1.0]], "pose_inverse": [[0.7548301219940186, -0.6559203267097473, 0.0, -394.43499755859375], [0.6559203267097473, 0.7548301219940186, 0.0, -1529.8687744140625], [0.0, 0.0, 1.0, 0.0], [0.0, 0.0, 0.0, 1.0]], "cam_ids": [0, 1, 2, 3, 4, 5], "cam_channels": ["CAM_FRONT_LEFT", "CAM_FRONT", "CAM_FRONT_RIGHT", "CAM_BACK_LEFT", "CAM_BACK", "CAM_BACK_RIGHT"], "token": "a5caf4b6fbaa4b0f8f2fefffe6467e34", "scene": "scene-0775"}, {"images": ["samples/CAM_FRONT_LEFT/n008-2018-08-30-15-31-50-0400__CAM_FRONT_LEFT__1535657650504799.jpg", "samples/CAM_FRONT/n008-2018-08-30-15-31-50-0400__CAM_FRONT__1535657650512404.jpg", "samples/CAM_FRONT_RIGHT/n008-2018-08-30-15-31-50-0400__CAM_FRONT_RIGHT__1535657650520482.jpg", "samples/CAM_BACK_LEFT/n008-2018-08-30-15-31-50-0400__CAM_BACK_LEFT__1535657650547405.jpg", "samples/CAM_BACK/n008-2018-08-30-15-31-50-0400__CAM_BACK__1535657650537558.jpg", "samples/CAM_BACK_RIGHT/n008-2018-08-30-15-31-50-0400__CAM_BACK_RIGHT__1535657650528113.jpg"], "intrinsics": [[[1257.8625342125129, 0.0, 827.2410631095686], [0.0, 1257.8625342125129, 450.915498205774], [0.0, 0.0, 1.0]], [[1252.8131021185304, 0.0, 826.588114781398], [0.0, 1252.8131021185304, 469.9846626224581], [0.0, 0.0, 1.0]], [[1256.7485116440405, 0.0, 817.7887570959712], [0.0, 1256.7485116440403, 451.9541780095127], [0.0, 0.0, 1.0]], [[1254.9860565800168, 0.0, 829.5769333630991], [0.0, 1254.9860565800168, 467.1680561863987], [0.0, 0.0, 1.0]], [[796.8910634503094, 0.0, 857.7774326863696], [0.0, 796.8910634503094, 476.8848988407415], [0.0, 0.0, 1.0]], [[1249.9629280788233, 0.0, 825.3768045375984], [0.0, 1249.9629280788233, 462.54816385708756], [0.0, 0.0, 1.0]]], "extrinsics": [[[0.8220269680023193, -0.5680767893791199, -0.039503805339336395, -1.00494384765625], [-0.014862717129290104, 0.04794501140713692, -0.9987393617630005, 1.4882965087890625], [0.5692546963691711, 0.8215778470039368, 0.0309689249843359, -1.333251953125], [0.0, 0.0, 0.0, 1.0]], [[0.009566972963511944, -0.99898761510849, -0.04395641013979912, 0.0052490234375], [-0.012912068516016006, 0.04383133724331856, -0.9989555478096008, 1.48016357421875], [0.9998708367347717, 0.01012454368174076, -0.012479663826525211, -1.734771728515625], [0.0, 0.0, 0.0, 1.0]], [[-0.8443541526794434, -0.5355838537216187, -0.014696385711431503, 1.090576171875], [-0.004896289203315973, 0.0351417139172554, -0.9993703365325928, 1.493072509765625], [0.5357630848884583, -0.8437506556510925, -0.03229442611336708, -1.2777099609375], [0.0, 0.0, 0.0, 1.0]], [[0.9477438926696777, 0.31877976655960083, -0.012690475210547447, -1.1439208984375], [-0.030279958620667458, 0.05028252303600311, -0.9982759356498718, 1.562042236328125], [-0.3175920844078064, 0.9464941620826721, 0.057307593524456024, -0.1561279296875], [0.0, 0.0, 0.0, 1.0]], [[0.00987609289586544, 0.9990473985671997, 0.04250720515847206, -0.02880859375], [-0.028151776641607285, 0.04277022182941437, -0.9986882209777832, 1.5680656433105469], [-0.9995549321174622, 0.008666455745697021, 0.028547361493110657, 0.04425048828125], [0.0, 0.0, 0.0, 1.0]], [[-0.9234051704406738, 0.3826666474342346, 0.029817545786499977, 1.16064453125], [-0.02395603433251381, 0.020074522122740746, -0.9995114207267761, 1.5478153228759766], [-0.3830782175064087, -0.9236683249473572, -0.00936974212527275, -0.0435791015625], [0.0, 0.0, 0.0, 1.0]]], "view": [[0.0, -2.0, 100.0], [-2.0, 0.0, 100.0], [0.0, 0.0, 1.0]], "bev": "bev_c3a45ae6756a4003be5bf928525b4380.png", "aux": "aux_c3a45ae6756a4003be5bf928525b4380.npz", "visibility": "visibility_c3a45ae6756a4003be5bf928525b4380.png", "pose": [[0.7548397779464722, 0.6559092402458191, 0.0, 1301.203369140625], [-0.6559092402458191, 0.7548397779464722, 0.0, 896.0731201171875], [0.0, 0.0, 1.0, 0.0], [0.0, 0.0, 0.0, 1.0]], "pose_inverse": [[0.7548397779464722, -0.6559092402458191, 0.0, -394.4573974609375], [0.6559092402458191, 0.7548397779464722, 0.0, -1529.8629150390625], [0.0, 0.0, 1.0, 0.0], [0.0, 0.0, 0.0, 1.0]], "cam_ids": [0, 1, 2, 3, 4, 5], "cam_channels": ["CAM_FRONT_LEFT", "CAM_FRONT", "CAM_FRONT_RIGHT", "CAM_BACK_LEFT", "CAM_BACK", "CAM_BACK_RIGHT"], "token": "c3a45ae6756a4003be5bf928525b4380", "scene": "scene-0775"}, {"images": ["samples/CAM_FRONT_LEFT/n008-2018-08-30-15-31-50-0400__CAM_FRONT_LEFT__1535657651004799.jpg", "samples/CAM_FRONT/n008-2018-08-30-15-31-50-0400__CAM_FRONT__1535657651012404.jpg", "samples/CAM_FRONT_RIGHT/n008-2018-08-30-15-31-50-0400__CAM_FRONT_RIGHT__1535657651020482.jpg", "samples/CAM_BACK_LEFT/n008-2018-08-30-15-31-50-0400__CAM_BACK_LEFT__1535657651047405.jpg", "samples/CAM_BACK/n008-2018-08-30-15-31-50-0400__CAM_BACK__1535657651037558.jpg", "samples/CAM_BACK_RIGHT/n008-2018-08-30-15-31-50-0400__CAM_BACK_RIGHT__1535657651028113.jpg"], "intrinsics": [[[1257.8625342125129, 0.0, 827.2410631095686], [0.0, 1257.8625342125129, 450.915498205774], [0.0, 0.0, 1.0]], [[1252.8131021185304, 0.0, 826.588114781398], [0.0, 1252.8131021185304, 469.9846626224581], [0.0, 0.0, 1.0]], [[1256.7485116440405, 0.0, 817.7887570959712], [0.0, 1256.7485116440403, 451.9541780095127], [0.0, 0.0, 1.0]], [[1254.9860565800168, 0.0, 829.5769333630991], [0.0, 1254.9860565800168, 467.1680561863987], [0.0, 0.0, 1.0]], [[796.8910634503094, 0.0, 857.7774326863696], [0.0, 796.8910634503094, 476.8848988407415], [0.0, 0.0, 1.0]], [[1249.9629280788233, 0.0, 825.3768045375984], [0.0, 1249.9629280788233, 462.54816385708756], [0.0, 0.0, 1.0]]], "extrinsics": [[[0.8220365047454834, -0.5680574774742126, -0.039581529796123505, -1.00506591796875], [-0.014986241236329079, 0.04790429770946503, -0.99873948097229, 1.4882965087890625], [0.5692375898361206, 0.8215934634208679, 0.03086603619158268, -1.3333740234375], [0.0, 0.0, 0.0, 1.0]], [[0.009584055282175541, -0.9989891052246094, -0.04391637071967125, 0.00537109375], [-0.013042888604104519, 0.043789759278297424, -0.9989556074142456, 1.4801597595214844], [0.9998689293861389, 0.010146915912628174, -0.01261002104729414, -1.734710693359375], [0.0, 0.0, 0.0, 1.0]], [[-0.8443455696105957, -0.5356011986732483, -0.014557269401848316, 1.090576171875], [-0.005034811329096556, 0.03509931638836861, -0.9993711113929749, 1.493072509765625], [0.5357753038406372, -0.8437412977218628, -0.03233260661363602, -1.277587890625], [0.0, 0.0, 0.0, 1.0]], [[0.9477404952049255, 0.3187841773033142, -0.012823821045458317, -1.14398193359375], [-0.03040437214076519, 0.0502338670194149, -0.9982746243476868, 1.562042236328125], [-0.31758999824523926, 0.9464951157569885, 0.0573011077940464, -0.1561279296875], [0.0, 0.0, 0.0, 1.0]], [[0.009871084243059158, 0.9990491271018982, 0.04246513918042183, -0.02880859375], [-0.028295783326029778, 0.042729269713163376, -0.998685896396637, 1.5680618286132812], [-0.9995508790016174, 0.008656514808535576, 0.02869066409766674, 0.044281005859375], [0.0, 0.0, 0.0, 1.0]], [[-0.9234070181846619, 0.38265261054039, 0.029939154163002968, 1.160675048828125], [-0.02410551719367504, 0.020031848922371864, -0.9995087385177612, 1.547811508178711], [-0.38306429982185364, -0.9236751198768616, -0.009273511357605457, -0.043701171875], [0.0, 0.0, 0.0, 1.0]]], "view": [[0.0, -2.0, 100.0], [-2.0, 0.0, 100.0], [0.0, 0.0, 1.0]], "bev": "bev_f3730479b67b4a3db407852deafe0c0e.png", "aux": "aux_f3730479b67b4a3db407852deafe0c0e.npz", "visibility": "visibility_f3730479b67b4a3db407852deafe0c0e.png", "pose": [[0.754876434803009, 0.6558669805526733, 0.0, 1301.203369140625], [-0.6558669805526733, 0.754876434803009, 0.0, 896.0731201171875], [0.0, 0.0, 1.0, 0.0], [0.0, 0.0, 0.0, 1.0]], "pose_inverse": [[0.754876434803009, -0.6558669805526733, 0.0, -394.5429992675781], [0.6558669805526733, 0.754876434803009, 0.0, -1529.8408203125], [0.0, 0.0, 1.0, 0.0], [0.0, 0.0, 0.0, 1.0]], "cam_ids": [0, 1, 2, 3, 4, 5], "cam_channels": ["CAM_FRONT_LEFT", "CAM_FRONT", "CAM_FRONT_RIGHT", "CAM_BACK_LEFT", "CAM_BACK", "CAM_BACK_RIGHT"], "token": "f3730479b67b4a3db407852deafe0c0e", "scene": "scene-0775"}, {"images": ["samples/CAM_FRONT_LEFT/n008-2018-08-30-15-31-50-0400__CAM_FRONT_LEFT__1535657651404799.jpg", "samples/CAM_FRONT/n008-2018-08-30-15-31-50-0400__CAM_FRONT__1535657651412404.jpg", "samples/CAM_FRONT_RIGHT/n008-2018-08-30-15-31-50-0400__CAM_FRONT_RIGHT__1535657651420504.jpg", "samples/CAM_BACK_LEFT/n008-2018-08-30-15-31-50-0400__CAM_BACK_LEFT__1535657651447405.jpg", "samples/CAM_BACK/n008-2018-08-30-15-31-50-0400__CAM_BACK__1535657651437558.jpg", "samples/CAM_BACK_RIGHT/n008-2018-08-30-15-31-50-0400__CAM_BACK_RIGHT__1535657651428113.jpg"], "intrinsics": [[[1257.8625342125129, 0.0, 827.2410631095686], [0.0, 1257.8625342125129, 450.915498205774], [0.0, 0.0, 1.0]], [[1252.8131021185304, 0.0, 826.588114781398], [0.0, 1252.8131021185304, 469.9846626224581], [0.0, 0.0, 1.0]], [[1256.7485116440405, 0.0, 817.7887570959712], [0.0, 1256.7485116440403, 451.9541780095127], [0.0, 0.0, 1.0]], [[1254.9860565800168, 0.0, 829.5769333630991], [0.0, 1254.9860565800168, 467.1680561863987], [0.0, 0.0, 1.0]], [[796.8910634503094, 0.0, 857.7774326863696], [0.0, 796.8910634503094, 476.8848988407415], [0.0, 0.0, 1.0]], [[1249.9629280788233, 0.0, 825.3768045375984], [0.0, 1249.9629280788233, 462.54816385708756], [0.0, 0.0, 1.0]]], "extrinsics": [[[0.8220120072364807, -0.5680928230285645, -0.03958361595869064, -1.00494384765625], [-0.015037624165415764, 0.04783148691058159, -0.9987421631813049, 1.4882965087890625], [0.5692716836929321, 0.8215733766555786, 0.030775288119912148, -1.333251953125], [0.0, 0.0, 0.0, 1.0]], [[0.009547180496156216, -0.998992383480072, -0.043852299451828, 0.0054931640625], [-0.013070986606180668, 0.0437258742749691, -0.9989580512046814, 1.48016357421875], [0.9998689889907837, 0.010110444389283657, -0.01264035701751709, -1.734649658203125], [0.0, 0.0, 0.0, 1.0]], [[-0.8443624973297119, -0.5355754494667053, -0.014524126425385475, 1.090576171875], [-0.005038230214267969, 0.03504475951194763, -0.9993730187416077, 1.493072509765625], [0.5357486605644226, -0.8437598943710327, -0.03228883445262909, -1.2774658203125], [0.0, 0.0, 0.0, 1.0]], [[0.9477420449256897, 0.318780779838562, -0.012797587551176548, -1.14398193359375], [-0.030368244275450706, 0.05020918324589729, -0.998276948928833, 1.562042236328125], [-0.31758904457092285, 0.9464976787567139, 0.057266172021627426, -0.1561279296875], [0.0, 0.0, 0.0, 1.0]], [[0.009884640574455261, 0.9990507960319519, 0.04242444410920143, -0.02880859375], [-0.028267428278923035, 0.04268873482942581, -0.9986883997917175, 1.5680618286132812], [-0.9995515942573547, 0.008672424592077732, 0.028662560507655144, 0.0443115234375], [0.0, 0.0, 0.0, 1.0]], [[-0.9233971834182739, 0.382678359746933, 0.029914388433098793, 1.1606903076171875], [-0.024097073823213577, 0.019986899569630623, -0.9995097517967224, 1.5478096008300781], [-0.3830886483192444, -0.9236654043197632, -0.009234419092535973, -0.043701171875], [0.0, 0.0, 0.0, 1.0]]], "view": [[0.0, -2.0, 100.0], [-2.0, 0.0, 100.0], [0.0, 0.0, 1.0]], "bev": "bev_2dd792df5d5b4a6582ca375721c8b1f9.png", "aux": "aux_2dd792df5d5b4a6582ca375721c8b1f9.npz", "visibility": "visibility_2dd792df5d5b4a6582ca375721c8b1f9.png", "pose": [[0.7548479437828064, 0.6558998227119446, 0.0, 1301.203369140625], [-0.6558998227119446, 0.7548479437828064, 0.0, 896.0731201171875], [0.0, 0.0, 1.0, 0.0], [0.0, 0.0, 0.0, 1.0]], "pose_inverse": [[0.7548479437828064, -0.6558998227119446, 0.0, -394.4764709472656], [0.6558998227119446, 0.7548479437828064, 0.0, -1529.8580322265625], [0.0, 0.0, 1.0, 0.0], [0.0, 0.0, 0.0, 1.0]], "cam_ids": [0, 1, 2, 3, 4, 5], "cam_channels": ["CAM_FRONT_LEFT", "CAM_FRONT", "CAM_FRONT_RIGHT", "CAM_BACK_LEFT", "CAM_BACK", "CAM_BACK_RIGHT"], "token": "2dd792df5d5b4a6582ca375721c8b1f9", "scene": "scene-0775"}, {"images": ["samples/CAM_FRONT_LEFT/n008-2018-08-30-15-31-50-0400__CAM_FRONT_LEFT__1535657651904799.jpg", "samples/CAM_FRONT/n008-2018-08-30-15-31-50-0400__CAM_FRONT__1535657651912404.jpg", "samples/CAM_FRONT_RIGHT/n008-2018-08-30-15-31-50-0400__CAM_FRONT_RIGHT__1535657651920482.jpg", "samples/CAM_BACK_LEFT/n008-2018-08-30-15-31-50-0400__CAM_BACK_LEFT__1535657651947405.jpg", "samples/CAM_BACK/n008-2018-08-30-15-31-50-0400__CAM_BACK__1535657651937558.jpg", "samples/CAM_BACK_RIGHT/n008-2018-08-30-15-31-50-0400__CAM_BACK_RIGHT__1535657651928113.jpg"], "intrinsics": [[[1257.8625342125129, 0.0, 827.2410631095686], [0.0, 1257.8625342125129, 450.915498205774], [0.0, 0.0, 1.0]], [[1252.8131021185304, 0.0, 826.588114781398], [0.0, 1252.8131021185304, 469.9846626224581], [0.0, 0.0, 1.0]], [[1256.7485116440405, 0.0, 817.7887570959712], [0.0, 1256.7485116440403, 451.9541780095127], [0.0, 0.0, 1.0]], [[1254.9860565800168, 0.0, 829.5769333630991], [0.0, 1254.9860565800168, 467.1680561863987], [0.0, 0.0, 1.0]], [[796.8910634503094, 0.0, 857.7774326863696], [0.0, 796.8910634503094, 476.8848988407415], [0.0, 0.0, 1.0]], [[1249.9629280788233, 0.0, 825.3768045375984], [0.0, 1249.9629280788233, 462.54816385708756], [0.0, 0.0, 1.0]]], "extrinsics": [[[0.8220331072807312, -0.5680609941482544, -0.03960014134645462, -1.00494384765625], [-0.014973727986216545, 0.04795476794242859, -0.9987372159957886, 1.4882965087890625], [0.5692427158355713, 0.8215880393981934, 0.030914416536688805, -1.3333740234375], [0.0, 0.0, 0.0, 1.0]], [[0.009577442891895771, -0.9989871978759766, -0.04396329075098038, 0.00537109375], [-0.013019513338804245, 0.04383700340986252, -0.9989538192749023, 1.48016357421875], [0.9998692870140076, 0.010139836929738522, -0.012586483731865883, -1.73468017578125], [0.0, 0.0, 0.0, 1.0]], [[-0.8443496227264404, -0.5355932712554932, -0.014609911479055882, 1.0906982421875], [-0.004999942146241665, 0.035143084824085236, -0.999369740486145, 1.493072509765625], [0.5357692241668701, -0.8437444567680359, -0.03235098719596863, -1.277587890625], [0.0, 0.0, 0.0, 1.0]], [[0.9477432370185852, 0.31877803802490234, -0.012775695882737637, -1.1439208984375], [-0.03037540800869465, 0.05029979720711708, -0.9982721209526062, 1.562042236328125], [-0.3175845742225647, 0.9464937448501587, 0.057354312390089035, -0.1561279296875], [0.0, 0.0, 0.0, 1.0]], [[0.00987731572240591, 0.9990471601486206, 0.04251222312450409, -0.02880859375], [-0.028253085911273956, 0.04277614504098892, -0.9986850619316101, 1.5680618286132812], [-0.9995520114898682, 0.008663197979331017, 0.028648680076003075, 0.044342041015625], [0.0, 0.0, 0.0, 1.0]], [[-0.92340487241745, 0.38265958428382874, 0.02991730161011219, 1.1606597900390625], [-0.024062350392341614, 0.020078720524907112, -0.999508798122406, 1.547811508178711], [-0.38307225704193115, -0.9236711263656616, -0.00933309830725193, -0.0435791015625], [0.0, 0.0, 0.0, 1.0]]], "view": [[0.0, -2.0, 100.0], [-2.0, 0.0, 100.0], [0.0, 0.0, 1.0]], "bev": "bev_2c5f99c59c044c589d103464a24214d9.png", "aux": "aux_2c5f99c59c044c589d103464a24214d9.npz", "visibility": "visibility_2c5f99c59c044c589d103464a24214d9.png", "pose": [[0.75484299659729, 0.6559054851531982, 0.0, 1301.203369140625], [-0.6559054851531982, 0.75484299659729, 0.0, 896.0731201171875], [0.0, 0.0, 1.0, 0.0], [0.0, 0.0, 0.0, 1.0]], "pose_inverse": [[0.75484299659729, -0.6559054851531982, 0.0, -394.4649658203125], [0.6559054851531982, 0.75484299659729, 0.0, -1529.8609619140625], [0.0, 0.0, 1.0, 0.0], [0.0, 0.0, 0.0, 1.0]], "cam_ids": [0, 1, 2, 3, 4, 5], "cam_channels": ["CAM_FRONT_LEFT", "CAM_FRONT", "CAM_FRONT_RIGHT", "CAM_BACK_LEFT", "CAM_BACK", "CAM_BACK_RIGHT"], "token": "2c5f99c59c044c589d103464a24214d9", "scene": "scene-0775"}, {"images": ["samples/CAM_FRONT_LEFT/n008-2018-08-30-15-31-50-0400__CAM_FRONT_LEFT__1535657652404799.jpg", "samples/CAM_FRONT/n008-2018-08-30-15-31-50-0400__CAM_FRONT__1535657652412404.jpg", "samples/CAM_FRONT_RIGHT/n008-2018-08-30-15-31-50-0400__CAM_FRONT_RIGHT__1535657652420482.jpg", "samples/CAM_BACK_LEFT/n008-2018-08-30-15-31-50-0400__CAM_BACK_LEFT__1535657652447405.jpg", "samples/CAM_BACK/n008-2018-08-30-15-31-50-0400__CAM_BACK__1535657652437558.jpg", "samples/CAM_BACK_RIGHT/n008-2018-08-30-15-31-50-0400__CAM_BACK_RIGHT__1535657652428141.jpg"], "intrinsics": [[[1257.8625342125129, 0.0, 827.2410631095686], [0.0, 1257.8625342125129, 450.915498205774], [0.0, 0.0, 1.0]], [[1252.8131021185304, 0.0, 826.588114781398], [0.0, 1252.8131021185304, 469.9846626224581], [0.0, 0.0, 1.0]], [[1256.7485116440405, 0.0, 817.7887570959712], [0.0, 1256.7485116440403, 451.9541780095127], [0.0, 0.0, 1.0]], [[1254.9860565800168, 0.0, 829.5769333630991], [0.0, 1254.9860565800168, 467.1680561863987], [0.0, 0.0, 1.0]], [[796.8910634503094, 0.0, 857.7774326863696], [0.0, 796.8910634503094, 476.8848988407415], [0.0, 0.0, 1.0]], [[1249.9629280788233, 0.0, 825.3768045375984], [0.0, 1249.9629280788233, 462.54816385708756], [0.0, 0.0, 1.0]]], "extrinsics": [[[0.8220298290252686, -0.56807541847229, -0.03946277126669884, -1.0050048828125], [-0.014873060397803783, 0.04785822704434395, -0.9987434148788452, 1.4882888793945312], [0.5692501664161682, 0.8215837478637695, 0.030891869217157364, -1.33349609375], [0.0, 0.0, 0.0, 1.0]], [[0.009572655893862247, -0.9989914298057556, -0.04386821389198303, 0.0052490234375], [-0.012920810841023922, 0.043742988258600235, -0.9989592432975769, 1.4801597595214844], [0.9998706579208374, 0.010129469446837902, -0.012489044107496738, -1.734771728515625], [0.0, 0.0, 0.0, 1.0]], [[-0.8443511128425598, -0.5355901122093201, -0.014642436057329178, 1.090576171875], [-0.004903286229819059, 0.035051725804805756, -0.9993734359741211, 1.4930686950683594], [0.5357677936553955, -0.8437502980232239, -0.032222118228673935, -1.277587890625], [0.0, 0.0, 0.0, 1.0]], [[0.9477429986000061, 0.3187810182571411, -0.012722744606435299, -1.14398193359375], [-0.030281085520982742, 0.05018433555960655, -0.9982808232307434, 1.5620346069335938], [-0.3175945281982422, 0.9464988708496094, 0.0572148859500885, -0.15625], [0.0, 0.0, 0.0, 1.0]], [[0.009872369468212128, 0.9990512132644653, 0.0424175001680851, -0.02880859375], [-0.028159741312265396, 0.04268050938844681, -0.9986917972564697, 1.5680580139160156], [-0.9995546936988831, 0.008664927445352077, 0.02855437994003296, 0.044281005859375], [0.0, 0.0, 0.0, 1.0]], [[-0.9234070181846619, 0.3826640546321869, 0.029793448746204376, 1.16070556640625], [-0.02396322600543499, 0.01999436505138874, -0.9995129108428955, 1.5478096008300781], [-0.38307327032089233, -0.9236711263656616, -0.009293071925640106, -0.043701171875], [0.0, 0.0, 0.0, 1.0]]], "view": [[0.0, -2.0, 100.0], [-2.0, 0.0, 100.0], [0.0, 0.0, 1.0]], "bev": "bev_4200ee42070b4614a74d9621d926e248.png", "aux": "aux_4200ee42070b4614a74d9621d926e248.npz", "visibility": "visibility_4200ee42070b4614a74d9621d926e248.png", "pose": [[0.7548675537109375, 0.6558772325515747, 0.0, 1301.203369140625], [-0.6558772325515747, 0.7548675537109375, 0.0, 896.0731201171875], [0.0, 0.0, 1.0, 0.0], [0.0, 0.0, 0.0, 1.0]], "pose_inverse": [[0.7548675537109375, -0.6558772325515747, 0.0, -394.5222473144531], [0.6558772325515747, 0.7548675537109375, 0.0, -1529.84619140625], [0.0, 0.0, 1.0, 0.0], [0.0, 0.0, 0.0, 1.0]], "cam_ids": [0, 1, 2, 3, 4, 5], "cam_channels": ["CAM_FRONT_LEFT", "CAM_FRONT", "CAM_FRONT_RIGHT", "CAM_BACK_LEFT", "CAM_BACK", "CAM_BACK_RIGHT"], "token": "4200ee42070b4614a74d9621d926e248", "scene": "scene-0775"}, {"images": ["samples/CAM_FRONT_LEFT/n008-2018-08-30-15-31-50-0400__CAM_FRONT_LEFT__1535657652904799.jpg", "samples/CAM_FRONT/n008-2018-08-30-15-31-50-0400__CAM_FRONT__1535657652912404.jpg", "samples/CAM_FRONT_RIGHT/n008-2018-08-30-15-31-50-0400__CAM_FRONT_RIGHT__1535657652920482.jpg", "samples/CAM_BACK_LEFT/n008-2018-08-30-15-31-50-0400__CAM_BACK_LEFT__1535657652947588.jpg", "samples/CAM_BACK/n008-2018-08-30-15-31-50-0400__CAM_BACK__1535657652937738.jpg", "samples/CAM_BACK_RIGHT/n008-2018-08-30-15-31-50-0400__CAM_BACK_RIGHT__1535657652928113.jpg"], "intrinsics": [[[1257.8625342125129, 0.0, 827.2410631095686], [0.0, 1257.8625342125129, 450.915498205774], [0.0, 0.0, 1.0]], [[1252.8131021185304, 0.0, 826.588114781398], [0.0, 1252.8131021185304, 469.9846626224581], [0.0, 0.0, 1.0]], [[1256.7485116440405, 0.0, 817.7887570959712], [0.0, 1256.7485116440403, 451.9541780095127], [0.0, 0.0, 1.0]], [[1254.9860565800168, 0.0, 829.5769333630991], [0.0, 1254.9860565800168, 467.1680561863987], [0.0, 0.0, 1.0]], [[796.8910634503094, 0.0, 857.7774326863696], [0.0, 796.8910634503094, 476.8848988407415], [0.0, 0.0, 1.0]], [[1249.9629280788233, 0.0, 825.3768045375984], [0.0, 1249.9629280788233, 462.54816385708756], [0.0, 0.0, 1.0]]], "extrinsics": [[[0.8220274448394775, -0.568077802658081, -0.0394769012928009, -1.00506591796875], [-0.014942209236323833, 0.04778304323554039, -0.9987459182739258, 1.4882965087890625], [0.5692517757415771, 0.8215864896774292, 0.03079063445329666, -1.3333740234375], [0.0, 0.0, 0.0, 1.0]], [[0.009568165056407452, -0.998994767665863, -0.04379409924149513, 0.00537109375], [-0.013002424500882626, 0.04366810619831085, -0.9989615082740784, 1.4801597595214844], [0.9998696446418762, 0.010127711109817028, -0.012571527622640133, -1.73468017578125], [0.0, 0.0, 0.0, 1.0]], [[-0.8443527221679688, -0.5355909466743469, -0.014522193931043148, 1.090576171875], [-0.004998265765607357, 0.03497711569070816, -0.9993756413459778, 1.4930763244628906], [0.5357644557952881, -0.8437528610229492, -0.03221004828810692, -1.2774658203125], [0.0, 0.0, 0.0, 1.0]], [[0.947740375995636, 0.31878358125686646, -0.012844938784837723, -1.14404296875], [-0.030391965061426163, 0.05013071000576019, -0.9982801675796509, 1.562042236328125], [-0.31759142875671387, 0.946500837802887, 0.05719936639070511, -0.1561279296875], [0.0, 0.0, 0.0, 1.0]], [[0.009874353185296059, 0.9990540742874146, 0.04234769195318222, -0.02880859375], [-0.02825954370200634, 0.04261164367198944, -0.998691976070404, 1.5680580139160156], [-0.9995518326759338, 0.008664682507514954, 0.028653576970100403, 0.044342041015625], [0.0, 0.0, 0.0, 1.0]], [[-0.9234042167663574, 0.3826661705970764, 0.029852714389562607, 1.160736083984375], [-0.02405996061861515, 0.019915739074349403, -0.9995120763778687, 1.5478134155273438], [-0.38307398557662964, -0.9236719608306885, -0.009183347225189209, -0.0435791015625], [0.0, 0.0, 0.0, 1.0]]], "view": [[0.0, -2.0, 100.0], [-2.0, 0.0, 100.0], [0.0, 0.0, 1.0]], "bev": "bev_e7dde70429914491af56d7aad3d9aaf1.png", "aux": "aux_e7dde70429914491af56d7aad3d9aaf1.npz", "visibility": "visibility_e7dde70429914491af56d7aad3d9aaf1.png", "pose": [[0.7548563480377197, 0.6558901071548462, 0.0, 1301.203369140625], [-0.6558901071548462, 0.7548563480377197, 0.0, 896.0731201171875], [0.0, 0.0, 1.0, 0.0], [0.0, 0.0, 0.0, 1.0]], "pose_inverse": [[0.7548563480377197, -0.6558901071548462, 0.0, -394.4961242675781], [0.6558901071548462, 0.7548563480377197, 0.0, -1529.8529052734375], [0.0, 0.0, 1.0, 0.0], [0.0, 0.0, 0.0, 1.0]], "cam_ids": [0, 1, 2, 3, 4, 5], "cam_channels": ["CAM_FRONT_LEFT", "CAM_FRONT", "CAM_FRONT_RIGHT", "CAM_BACK_LEFT", "CAM_BACK", "CAM_BACK_RIGHT"], "token": "e7dde70429914491af56d7aad3d9aaf1", "scene": "scene-0775"}, {"images": ["samples/CAM_FRONT_LEFT/n008-2018-08-30-15-31-50-0400__CAM_FRONT_LEFT__1535657653404799.jpg", "samples/CAM_FRONT/n008-2018-08-30-15-31-50-0400__CAM_FRONT__1535657653412404.jpg", "samples/CAM_FRONT_RIGHT/n008-2018-08-30-15-31-50-0400__CAM_FRONT_RIGHT__1535657653420482.jpg", "samples/CAM_BACK_LEFT/n008-2018-08-30-15-31-50-0400__CAM_BACK_LEFT__1535657653447405.jpg", "samples/CAM_BACK/n008-2018-08-30-15-31-50-0400__CAM_BACK__1535657653437558.jpg", "samples/CAM_BACK_RIGHT/n008-2018-08-30-15-31-50-0400__CAM_BACK_RIGHT__1535657653428113.jpg"], "intrinsics": [[[1257.8625342125129, 0.0, 827.2410631095686], [0.0, 1257.8625342125129, 450.915498205774], [0.0, 0.0, 1.0]], [[1252.8131021185304, 0.0, 826.588114781398], [0.0, 1252.8131021185304, 469.9846626224581], [0.0, 0.0, 1.0]], [[1256.7485116440405, 0.0, 817.7887570959712], [0.0, 1256.7485116440403, 451.9541780095127], [0.0, 0.0, 1.0]], [[1254.9860565800168, 0.0, 829.5769333630991], [0.0, 1254.9860565800168, 467.1680561863987], [0.0, 0.0, 1.0]], [[796.8910634503094, 0.0, 857.7774326863696], [0.0, 796.8910634503094, 476.8848988407415], [0.0, 0.0, 1.0]], [[1249.9629280788233, 0.0, 825.3768045375984], [0.0, 1249.9629280788233, 462.54816385708756], [0.0, 0.0, 1.0]]], "extrinsics": [[[0.8220270276069641, -0.5680698156356812, -0.0396033376455307, -1.00506591796875], [-0.015113416127860546, 0.047758184373378754, -0.9987446069717407, 1.4882888793945312], [0.5692480206489563, 0.8215934038162231, 0.030673040077090263, -1.33349609375], [0.0, 0.0, 0.0, 1.0]], [[0.009571113623678684, -0.9989957213401794, -0.04377124458551407, 0.00537109375], [-0.013157026842236519, 0.04364364594221115, -0.998960554599762, 1.48016357421875], [0.9998676180839539, 0.010137058794498444, -0.012726093642413616, -1.734710693359375], [0.0, 0.0, 0.0, 1.0]], [[-0.8443512916564941, -0.535596489906311, -0.014393891207873821, 1.090576171875], [-0.005135147832334042, 0.034953128546476364, -0.9993757605552673, 1.4930763244628906], [0.5357652306556702, -0.8437503576278687, -0.03226308897137642, -1.2774658203125], [0.0, 0.0, 0.0, 1.0]], [[0.9477376341819763, 0.318787157535553, -0.012964599765837193, -1.14385986328125], [-0.03051471710205078, 0.05012022703886032, -0.998276948928833, 1.562042236328125], [-0.31758812069892883, 0.9465002417564392, 0.05722853168845177, -0.1561279296875], [0.0, 0.0, 0.0, 1.0]], [[0.009876579977571964, 0.9990546107292175, 0.04233505576848984, -0.0289306640625], [-0.028398422524333, 0.04260028153657913, -0.9986884593963623, 1.5680618286132812], [-0.9995478391647339, 0.008661361411213875, 0.028792325407266617, 0.0443115234375], [0.0, 0.0, 0.0, 1.0]], [[-0.9234014749526978, 0.38266339898109436, 0.029972411692142487, 1.1607208251953125], [-0.024198798462748528, 0.019893446937203407, -0.9995092153549194, 1.547811508178711], [-0.38307181000709534, -0.9236736297607422, -0.009109647944569588, -0.0438232421875], [0.0, 0.0, 0.0, 1.0]]], "view": [[0.0, -2.0, 100.0], [-2.0, 0.0, 100.0], [0.0, 0.0, 1.0]], "bev": "bev_fb64e7f0e4ba4957a1aea9dcc7b259ed.png", "aux": "aux_fb64e7f0e4ba4957a1aea9dcc7b259ed.npz", "visibility": "visibility_fb64e7f0e4ba4957a1aea9dcc7b259ed.png", "pose": [[0.7548694610595703, 0.655875027179718, 0.0, 1301.203369140625], [-0.655875027179718, 0.7548694610595703, 0.0, 896.0731201171875], [0.0, 0.0, 1.0, 0.0], [0.0, 0.0, 0.0, 1.0]], "pose_inverse": [[0.7548694610595703, -0.655875027179718, 0.0, -394.5267028808594], [0.655875027179718, 0.7548694610595703, 0.0, -1529.8450927734375], [0.0, 0.0, 1.0, 0.0], [0.0, 0.0, 0.0, 1.0]], "cam_ids": [0, 1, 2, 3, 4, 5], "cam_channels": ["CAM_FRONT_LEFT", "CAM_FRONT", "CAM_FRONT_RIGHT", "CAM_BACK_LEFT", "CAM_BACK", "CAM_BACK_RIGHT"], "token": "fb64e7f0e4ba4957a1aea9dcc7b259ed", "scene": "scene-0775"}, {"images": ["samples/CAM_FRONT_LEFT/n008-2018-08-30-15-31-50-0400__CAM_FRONT_LEFT__1535657653904799.jpg", "samples/CAM_FRONT/n008-2018-08-30-15-31-50-0400__CAM_FRONT__1535657653912404.jpg", "samples/CAM_FRONT_RIGHT/n008-2018-08-30-15-31-50-0400__CAM_FRONT_RIGHT__1535657653920482.jpg", "samples/CAM_BACK_LEFT/n008-2018-08-30-15-31-50-0400__CAM_BACK_LEFT__1535657653947405.jpg", "samples/CAM_BACK/n008-2018-08-30-15-31-50-0400__CAM_BACK__1535657653937558.jpg", "samples/CAM_BACK_RIGHT/n008-2018-08-30-15-31-50-0400__CAM_BACK_RIGHT__1535657653928113.jpg"], "intrinsics": [[[1257.8625342125129, 0.0, 827.2410631095686], [0.0, 1257.8625342125129, 450.915498205774], [0.0, 0.0, 1.0]], [[1252.8131021185304, 0.0, 826.588114781398], [0.0, 1252.8131021185304, 469.9846626224581], [0.0, 0.0, 1.0]], [[1256.7485116440405, 0.0, 817.7887570959712], [0.0, 1256.7485116440403, 451.9541780095127], [0.0, 0.0, 1.0]], [[1254.9860565800168, 0.0, 829.5769333630991], [0.0, 1254.9860565800168, 467.1680561863987], [0.0, 0.0, 1.0]], [[796.8910634503094, 0.0, 857.7774326863696], [0.0, 796.8910634503094, 476.8848988407415], [0.0, 0.0, 1.0]], [[1249.9629280788233, 0.0, 825.3768045375984], [0.0, 1249.9629280788233, 462.54816385708756], [0.0, 0.0, 1.0]]], "extrinsics": [[[0.8220175504684448, -0.5680773258209229, -0.03968871757388115, -1.00506591796875], [-0.01516773086041212, 0.047829028218984604, -0.9987403750419617, 1.4882965087890625], [0.5692599415779114, 0.821584165096283, 0.03069986030459404, -1.3333740234375], [0.0, 0.0, 0.0, 1.0]], [[0.009557426907122135, -0.9989929795265198, -0.0438370555639267, 0.00537109375], [-0.013206432573497295, 0.043709129095077515, -0.9989570379257202, 1.48016357421875], [0.9998670816421509, 0.010126468725502491, -0.012775387614965439, -1.734649658203125], [0.0, 0.0, 0.0, 1.0]], [[-0.8443567156791687, -0.5355880260467529, -0.014388198032975197, 1.090576171875], [-0.00517943175509572, 0.0350128598511219, -0.9993734359741211, 1.4930686950683594], [0.5357562303543091, -0.8437532186508179, -0.03233739361166954, -1.2774658203125], [0.0, 0.0, 0.0, 1.0]], [[0.9477381706237793, 0.3187863826751709, -0.012949364259839058, -1.14398193359375], [-0.03051547147333622, 0.050170447677373886, -0.9982743859291077, 1.562042236328125], [-0.31758666038513184, 0.9464977979660034, 0.05727636441588402, -0.1561279296875], [0.0, 0.0, 0.0, 1.0]], [[0.009881369769573212, 0.9990525841712952, 0.042382657527923584, -0.02880859375], [-0.028413519263267517, 0.042648136615753174, -0.9986860156059265, 1.5680656433105469], [-0.9995474219322205, 0.008664088323712349, 0.028808020055294037, 0.04