[{"images": ["samples/CAM_FRONT_LEFT/n015-2018-07-24-10-42-41+0800__CAM_FRONT_LEFT__1532400339654844.jpg", "samples/CAM_FRONT/n015-2018-07-24-10-42-41+0800__CAM_FRONT__1532400339662460.jpg", "samples/CAM_FRONT_RIGHT/n015-2018-07-24-10-42-41+0800__CAM_FRONT_RIGHT__1532400339670339.jpg", "samples/CAM_BACK_LEFT/n015-2018-07-24-10-42-41+0800__CAM_BACK_LEFT__1532400339697441.jpg", "samples/CAM_BACK/n015-2018-07-24-10-42-41+0800__CAM_BACK__1532400339687525.jpg", "samples/CAM_BACK_RIGHT/n015-2018-07-24-10-42-41+0800__CAM_BACK_RIGHT__1532400339677893.jpg"], "intrinsics": [[[1272.5979470598488, 0.0, 826.6154927353808], [0.0, 1272.5979470598488, 479.75165386361925], [0.0, 0.0, 1.0]], [[1266.417203046554, 0.0, 816.2670197447984], [0.0, 1266.417203046554, 491.50706579294757], [0.0, 0.0, 1.0]], [[1260.8474446004698, 0.0, 807.968244525554], [0.0, 1260.8474446004698, 495.3344268742088], [0.0, 0.0, 1.0]], [[1256.7414812095406, 0.0, 792.1125740759628], [0.0, 1256.7414812095406, 492.7757465151356], [0.0, 0.0, 1.0]], [[809.2209905677063, 0.0, 829.2196003259838], [0.0, 809.2209905677063, 481.77842384512485], [0.0, 0.0, 1.0]], [[1259.5137405846733, 0.0, 807.2529053838625], [0.0, 1259.5137405846733, 501.19579884916527], [0.0, 0.0, 1.0]]], "extrinsics": [[[0.8123310208320618, -0.5828962326049805, 0.018717514351010323, -0.79046630859375], [0.023016005754470825, -2.7344804038875736e-05, -0.9997350573539734, 1.5131375789642334], [0.5827422738075256, 0.8125465512275696, 0.01339372806251049, -1.1590576171875], [0.0, 0.0, 0.0, 1.0]], [[-0.006078239064663649, -0.9999747276306152, 0.003684499766677618, 0.0067138671875], [0.017675966024398804, -0.003791433060541749, -0.9998366236686707, 1.523630142211914], [0.9998252987861633, -0.00601213751360774, 0.017698561772704124, -1.5176544189453125], [0.0, 0.0, 0.0, 1.0]], [[-0.8374901413917542, -0.5457813143730164, -0.027072014287114143, 0.91973876953125], [0.023444924503564835, 0.013608330860733986, -0.9996324777603149, 1.5067977905273438], [0.5459491610527039, -0.8378171324729919, 0.0013989601284265518, -1.1729736328125], [0.0, 0.0, 0.0, 1.0]], [[0.9474812746047974, 0.3188173472881317, 0.025193654000759125, -1.13800048828125], [0.03186778351664543, -0.015734370797872543, -0.9993681907653809, 1.58868408203125], [-0.31821954250335693, 0.9476855397224426, -0.025068024173378944, -0.104736328125], [0.0, 0.0, 0.0, 1.0]], [[0.005953884217888117, 0.99996417760849, -0.006029046140611172, 0.00244140625], [0.006474819499999285, -0.006067576352506876, -0.9999606609344482, 1.5796971321105957], [-0.9999613761901855, 0.0059146336279809475, -0.0065107145346701145, -0.0500640869140625], [0.0, 0.0, 0.0, 1.0]], [[-0.9319083094596863, 0.3611512780189514, -0.03341660276055336, 1.04388427734375], [0.03922386094927788, 0.008759314194321632, -0.9991921186447144, 1.5553054809570312], [-0.36056679487228394, -0.9324661493301392, -0.022328628227114677, -0.097900390625], [0.0, 0.0, 0.0, 1.0]]], "view": [[0.0, -2.0, 100.0], [-2.0, 0.0, 100.0], [0.0, 0.0, 1.0]], "bev": "bev_0f39f34febc84a6689f08599105d1421.png", "aux": "aux_0f39f34febc84a6689f08599105d1421.npz", "visibility": "visibility_0f39f34febc84a6689f08599105d1421.png", "pose": [[-0.40830469131469727, -0.9128457307815552, 0.0, 1007.8994140625], [0.9128457307815552, -0.40830469131469727, 0.0, 616.78662109375], [0.0, 0.0, 1.0, 0.0], [0.0, 0.0, 0.0, 1.0]], "pose_inverse": [[-0.40830469131469727, 0.9128457307815552, 0.0, -151.50096130371094], [-0.9128457307815552, -0.40830469131469727, 0.0, 1171.8935546875], [0.0, 0.0, 1.0, 0.0], [0.0, 0.0, 0.0, 1.0]], "cam_ids": [0, 1, 2, 3, 4, 5], "cam_channels": ["CAM_FRONT_LEFT", "CAM_FRONT", "CAM_FRONT_RIGHT", "CAM_BACK_LEFT", "CAM_BACK", "CAM_BACK_RIGHT"], "token": "0f39f34febc84a6689f08599105d1421", "scene": "scene-0038"}, {"images": ["samples/CAM_FRONT_LEFT/n015-2018-07-24-10-42-41+0800__CAM_FRONT_LEFT__1532400340154844.jpg", "samples/CAM_FRONT/n015-2018-07-24-10-42-41+0800__CAM_FRONT__1532400340162460.jpg", "samples/CAM_FRONT_RIGHT/n015-2018-07-24-10-42-41+0800__CAM_FRONT_RIGHT__1532400340170339.jpg", "samples/CAM_BACK_LEFT/n015-2018-07-24-10-42-41+0800__CAM_BACK_LEFT__1532400340197423.jpg", "samples/CAM_BACK/n015-2018-07-24-10-42-41+0800__CAM_BACK__1532400340187525.jpg", "samples/CAM_BACK_RIGHT/n015-2018-07-24-10-42-41+0800__CAM_BACK_RIGHT__1532400340177893.jpg"], "intrinsics": [[[1272.5979470598488, 0.0, 826.6154927353808], [0.0, 1272.5979470598488, 479.75165386361925], [0.0, 0.0, 1.0]], [[1266.417203046554, 0.0, 816.2670197447984], [0.0, 1266.417203046554, 491.50706579294757], [0.0, 0.0, 1.0]], [[1260.8474446004698, 0.0, 807.968244525554], [0.0, 1260.8474446004698, 495.3344268742088], [0.0, 0.0, 1.0]], [[1256.7414812095406, 0.0, 792.1125740759628], [0.0, 1256.7414812095406, 492.7757465151356], [0.0, 0.0, 1.0]], [[809.2209905677063, 0.0, 829.2196003259838], [0.0, 809.2209905677063, 481.77842384512485], [0.0, 0.0, 1.0]], [[1259.5137405846733, 0.0, 807.2529053838625], [0.0, 1259.5137405846733, 501.19579884916527], [0.0, 0.0, 1.0]]], "extrinsics": [[[0.8138220310211182, -0.5809044241905212, 0.015617067925632, -0.77960205078125], [0.01542670652270317, -0.005268334876745939, -0.9998670816421509, 1.511735439300537], [0.5809095501899719, 0.813954770565033, 0.004673955496400595, -1.1534423828125], [0.0, 0.0, 0.0, 1.0]], [[-0.00411828700453043, -0.9999487400054932, 0.00924848485738039, 0.0076904296875], [0.010069308802485466, -0.009289560839533806, -0.9999061226844788, 1.522430419921875], [0.999940812587738, -0.0040247514843940735, 0.010107048787176609, -1.507211685180664], [0.0, 0.0, 0.0, 1.0]], [[-0.83685702085495, -0.5471397638320923, -0.01756189949810505, 0.91302490234375], [0.015846015885472298, 0.00785594992339611, -0.9998435378074646, 1.5059099197387695], [0.5471920967102051, -0.8370043635368347, 0.0020956790540367365, -1.16741943359375], [0.0, 0.0, 0.0, 1.0]], [[0.9477028846740723, 0.31874197721481323, 0.016208244487643242, -1.1361083984375], [0.02461879700422287, -0.022375566884875298, -0.999446451663971, 1.588714599609375], [-0.3182028830051422, 0.9475774168968201, -0.029052434489130974, -0.105712890625], [0.0, 0.0, 0.0, 1.0]], [[0.005478496663272381, 0.9999081492424011, -0.01239767111837864, 0.0020751953125], [-0.0009246483095921576, -0.012392786331474781, -0.9999228119850159, 1.5793190002441406], [-0.999984622001648, 0.005489570088684559, 0.0008566686883568764, -0.05478668212890625], [0.0, 0.0, 0.0, 1.0]], [[-0.9325066804885864, 0.36001843214035034, -0.028602007776498795, 1.0369873046875], [0.031726062297821045, 0.0027700290083885193, -0.9994927644729614, 1.554795742034912], [-0.3597565293312073, -0.9329410791397095, -0.01400503795593977, -0.099853515625], [0.0, 0.0, 0.0, 1.0]]], "view": [[0.0, -2.0, 100.0], [-2.0, 0.0, 100.0], [0.0, 0.0, 1.0]], "bev": "bev_09f3a3ce512a442db7dd47f9ed39e64f.png", "aux": "aux_09f3a3ce512a442db7dd47f9ed39e64f.npz", "visibility": "visibility_09f3a3ce512a442db7dd47f9ed39e64f.png", "pose": [[-0.5434820652008057, -0.8394207954406738, 0.0, 1006.6947631835938], [0.8394207954406738, -0.5434820652008057, 0.0, 619.0267944335938], [0.0, 0.0, 1.0, 0.0], [0.0, 0.0, 0.0, 1.0]], "pose_inverse": [[-0.5434820652008057, 0.8394207954406738, 0.0, 27.496559143066406], [-0.8394207954406738, -0.5434820652008057, 0.0, 1181.470458984375], [0.0, 0.0, 1.0, 0.0], [0.0, 0.0, 0.0, 1.0]], "cam_ids": [0, 1, 2, 3, 4, 5], "cam_channels": ["CAM_FRONT_LEFT", "CAM_FRONT", "CAM_FRONT_RIGHT", "CAM_BACK_LEFT", "CAM_BACK", "CAM_BACK_RIGHT"], "token": "09f3a3ce512a442db7dd47f9ed39e64f", "scene": "scene-0038"}, {"images": ["samples/CAM_FRONT_LEFT/n015-2018-07-24-10-42-41+0800__CAM_FRONT_LEFT__1532400340654844.jpg", "samples/CAM_FRONT/n015-2018-07-24-10-42-41+0800__CAM_FRONT__1532400340662460.jpg", "samples/CAM_FRONT_RIGHT/n015-2018-07-24-10-42-41+0800__CAM_FRONT_RIGHT__1532400340671785.jpg", "samples/CAM_BACK_LEFT/n015-2018-07-24-10-42-41+0800__CAM_BACK_LEFT__1532400340697423.jpg", "samples/CAM_BACK/n015-2018-07-24-10-42-41+0800__CAM_BACK__1532400340687525.jpg", "samples/CAM_BACK_RIGHT/n015-2018-07-24-10-42-41+0800__CAM_BACK_RIGHT__1532400340677918.jpg"], "intrinsics": [[[1272.5979470598488, 0.0, 826.6154927353808], [0.0, 1272.5979470598488, 479.75165386361925], [0.0, 0.0, 1.0]], [[1266.417203046554, 0.0, 816.2670197447984], [0.0, 1266.417203046554, 491.50706579294757], [0.0, 0.0, 1.0]], [[1260.8474446004698, 0.0, 807.968244525554], [0.0, 1260.8474446004698, 495.3344268742088], [0.0, 0.0, 1.0]], [[1256.7414812095406, 0.0, 792.1125740759628], [0.0, 1256.7414812095406, 492.7757465151356], [0.0, 0.0, 1.0]], [[809.2209905677063, 0.0, 829.2196003259838], [0.0, 809.2209905677063, 481.77842384512485], [0.0, 0.0, 1.0]], [[1259.5137405846733, 0.0, 807.2529053838625], [0.0, 1259.5137405846733, 501.19579884916527], [0.0, 0.0, 1.0]]], "extrinsics": [[[0.8158385753631592, -0.5779745578765869, 0.018782980740070343, -0.767333984375], [0.018438661471009254, -0.006464689038693905, -0.9998090863227844, 1.5126900672912598], [0.5779855847358704, 0.8160291314125061, 0.005382933653891087, -1.1448974609375], [0.0, 0.0, 0.0, 1.0]], [[-0.0011611145455390215, -0.9999430775642395, 0.010603172704577446, 0.008056640625], [0.013054062612354755, -0.010617433115839958, -0.9998584389686584, 1.5231552124023438], [0.9999141097068787, -0.0010225219884887338, 0.013065648265182972, -1.4940338134765625], [0.0, 0.0, 0.0, 1.0]], [[-0.8353362679481506, -0.5494063496589661, -0.019129740074276924, 0.91009521484375], [0.018677957355976105, 0.006413528695702553, -0.9998049139976501, 1.5063867568969727], [0.5494219064712524, -0.8355306386947632, 0.004904337227344513, -1.16558837890625], [0.0, 0.0, 0.0, 1.0]], [[0.9476439356803894, 0.31882911920547485, 0.017859600484371185, -1.13360595703125], [0.02698066644370556, -0.024214237928390503, -0.9993426203727722, 1.5888042449951172], [-0.31818705797195435, 0.9475027918815613, -0.03154870122671127, -0.106689453125], [0.0, 0.0, 0.0, 1.0]], [[0.004584611859172583, 0.9998905062675476, -0.014072447083890438, 0.0020751953125], [0.0016779133584350348, -0.014080267399549484, -0.9998994469642639, 1.5794782638549805], [-0.9999880790710449, 0.004560463596135378, -0.0017422812525182962, -0.060699462890625], [0.0, 0.0, 0.0, 1.0]], [[-0.9330650568008423, 0.35830622911453247, -0.03171944245696068, 1.028717041015625], [0.03446111083030701, 0.0012667463161051273, -0.9994052648544312, 1.5553946495056152], [-0.35805293917655945, -0.9336032271385193, -0.013529588468372822, -0.10302734375], [0.0, 0.0, 0.0, 1.0]]], "view": [[0.0, -2.0, 100.0], [-2.0, 0.0, 100.0], [0.0, 0.0, 1.0]], "bev": "bev_42b565bc38af4342b79b8697ab0a45b0.png", "aux": "aux_42b565bc38af4342b79b8697ab0a45b0.npz", "visibility": "visibility_42b565bc38af4342b79b8697ab0a45b0.png", "pose": [[-0.6385638117790222, -0.7695688605308533, 0.0, 1005.1241455078125], [0.7695688605308533, -0.6385638117790222, 0.0, 621.1947021484375], [0.0, 0.0, 1.0, 0.0], [0.0, 0.0, 0.0, 1.0]], "pose_inverse": [[-0.6385638117790222, 0.7695688605308533, 0.0, 163.7838134765625], [-0.7695688605308533, -0.6385638117790222, 0.0, 1170.1846923828125], [0.0, 0.0, 1.0, 0.0], [0.0, 0.0, 0.0, 1.0]], "cam_ids": [0, 1, 2, 3, 4, 5], "cam_channels": ["CAM_FRONT_LEFT", "CAM_FRONT", "CAM_FRONT_RIGHT", "CAM_BACK_LEFT", "CAM_BACK", "CAM_BACK_RIGHT"], "token": "42b565bc38af4342b79b8697ab0a45b0", "scene": "scene-0038"}, {"images": ["samples/CAM_FRONT_LEFT/n015-2018-07-24-10-42-41+0800__CAM_FRONT_LEFT__1532400341154844.jpg", "samples/CAM_FRONT/n015-2018-07-24-10-42-41+0800__CAM_FRONT__1532400341162460.jpg", "samples/CAM_FRONT_RIGHT/n015-2018-07-24-10-42-41+0800__CAM_FRONT_RIGHT__1532400341170339.jpg", "samples/CAM_BACK_LEFT/n015-2018-07-24-10-42-41+0800__CAM_BACK_LEFT__1532400341197423.jpg", "samples/CAM_BACK/n015-2018-07-24-10-42-41+0800__CAM_BACK__1532400341187525.jpg", "samples/CAM_BACK_RIGHT/n015-2018-07-24-10-42-41+0800__CAM_BACK_RIGHT__1532400341177893.jpg"], "intrinsics": [[[1272.5979470598488, 0.0, 826.6154927353808], [0.0, 1272.5979470598488, 479.75165386361925], [0.0, 0.0, 1.0]], [[1266.417203046554, 0.0, 816.2670197447984], [0.0, 1266.417203046554, 491.50706579294757], [0.0, 0.0, 1.0]], [[1260.8474446004698, 0.0, 807.968244525554], [0.0, 1260.8474446004698, 495.3344268742088], [0.0, 0.0, 1.0]], [[1256.7414812095406, 0.0, 792.1125740759628], [0.0, 1256.7414812095406, 492.7757465151356], [0.0, 0.0, 1.0]], [[809.2209905677063, 0.0, 829.2196003259838], [0.0, 809.2209905677063, 481.77842384512485], [0.0, 0.0, 1.0]], [[1259.5137405846733, 0.0, 807.2529053838625], [0.0, 1259.5137405846733, 501.19579884916527], [0.0, 0.0, 1.0]]], "extrinsics": [[[0.8179875612258911, -0.5749224424362183, 0.01898835226893425, -0.75115966796875], [0.019607381895184517, -0.005123925860971212, -0.999794602394104, 1.5133488178253174], [0.5749016404151917, 0.8181918263435364, 0.007081413175910711, -1.1334228515625], [0.0, 0.0, 0.0, 1.0]], [[0.0018602173076942563, -0.9999565482139587, 0.009135205298662186, 0.0078125], [0.014323920011520386, -0.009107640013098717, -0.9998559355735779, 1.5236101150512695], [0.9998956918716431, 0.001990840770304203, 0.014306354336440563, -1.47906494140625], [0.0, 0.0, 0.0, 1.0]], [[-0.8342182040214539, -0.5510270595550537, -0.021194778382778168, 0.89520263671875], [0.020015858113765717, 0.008152476511895657, -0.9997664093971252, 1.5069446563720703], [0.5510711669921875, -0.8344475626945496, 0.0042283362708985806, -1.1558837890625], [0.0, 0.0, 0.0, 1.0]], [[0.9475502371788025, 0.31897062063217163, 0.020155997946858406, -1.1339111328125], [0.02863156981766224, -0.02190469764173031, -0.9993500113487244, 1.58880615234375], [-0.3183217942714691, 0.9475114345550537, -0.02988843247294426, -0.1065673828125], [0.0, 0.0, 0.0, 1.0]], [[0.0036782913375645876, 0.9999215602874756, -0.011982681229710579, 0.002197265625], [0.0032305459026247263, -0.011994580738246441, -0.9999228715896606, 1.5795783996582031], [-0.9999880194664001, 0.003639344358816743, -0.0032744137570261955, -0.0638275146484375], [0.0, 0.0, 0.0, 1.0]], [[-0.9336000680923462, 0.3568510115146637, -0.03237827867269516, 1.022552490234375], [0.035876717418432236, 0.0031868512742221355, -0.9993511438369751, 1.555790901184082], [-0.3565162420272827, -0.9341558814048767, -0.015777887776494026, -0.10546875], [0.0, 0.0, 0.0, 1.0]]], "view": [[0.0, -2.0, 100.0], [-2.0, 0.0, 100.0], [0.0, 0.0, 1.0]], "bev": "bev_213ee1a50ed245eaab655babec4f15d3.png", "aux": "aux_213ee1a50ed245eaab655babec4f15d3.npz", "visibility": "visibility_213ee1a50ed245eaab655babec4f15d3.png", "pose": [[-0.6865890622138977, -0.7270457148551941, 0.0, 1003.2428588867188], [0.7270457148551941, -0.6865890622138977, 0.0, 623.3316650390625], [0.0, 0.0, 1.0, 0.0], [0.0, 0.0, 0.0, 1.0]], "pose_inverse": [[-0.6865890622138977, 0.7270457148551941, 0.0, 235.62498474121094], [-0.7270457148551941, -0.6865890622138977, 0.0, 1157.3760986328125], [0.0, 0.0, 1.0, 0.0], [0.0, 0.0, 0.0, 1.0]], "cam_ids": [0, 1, 2, 3, 4, 5], "cam_channels": ["CAM_FRONT_LEFT", "CAM_FRONT", "CAM_FRONT_RIGHT", "CAM_BACK_LEFT", "CAM_BACK", "CAM_BACK_RIGHT"], "token": "213ee1a50ed245eaab655babec4f15d3", "scene": "scene-0038"}, {"images": ["samples/CAM_FRONT_LEFT/n015-2018-07-24-10-42-41+0800__CAM_FRONT_LEFT__1532400341654844.jpg", "samples/CAM_FRONT/n015-2018-07-24-10-42-41+0800__CAM_FRONT__1532400341662460.jpg", "samples/CAM_FRONT_RIGHT/n015-2018-07-24-10-42-41+0800__CAM_FRONT_RIGHT__1532400341670339.jpg", "samples/CAM_BACK_LEFT/n015-2018-07-24-10-42-41+0800__CAM_BACK_LEFT__1532400341697423.jpg", "samples/CAM_BACK/n015-2018-07-24-10-42-41+0800__CAM_BACK__1532400341687525.jpg", "samples/CAM_BACK_RIGHT/n015-2018-07-24-10-42-41+0800__CAM_BACK_RIGHT__1532400341678433.jpg"], "intrinsics": [[[1272.5979470598488, 0.0, 826.6154927353808], [0.0, 1272.5979470598488, 479.75165386361925], [0.0, 0.0, 1.0]], [[1266.417203046554, 0.0, 816.2670197447984], [0.0, 1266.417203046554, 491.50706579294757], [0.0, 0.0, 1.0]], [[1260.8474446004698, 0.0, 807.968244525554], [0.0, 1260.8474446004698, 495.3344268742088], [0.0, 0.0, 1.0]], [[1256.7414812095406, 0.0, 792.1125740759628], [0.0, 1256.7414812095406, 492.7757465151356], [0.0, 0.0, 1.0]], [[809.2209905677063, 0.0, 829.2196003259838], [0.0, 809.2209905677063, 481.77842384512485], [0.0, 0.0, 1.0]], [[1259.5137405846733, 0.0, 807.2529053838625], [0.0, 1259.5137405846733, 501.19579884916527], [0.0, 0.0, 1.0]]], "extrinsics": [[[0.8212577104568481, -0.5703344941139221, 0.0159465279430151, -0.7332763671875], [0.012401695363223553, -0.010098458267748356, -0.999872088432312, 1.5117502212524414], [0.5704225897789001, 0.8213504552841187, -0.0012203222140669823, -1.123046875], [0.0, 0.0, 0.0, 1.0]], [[0.006440355908125639, -0.9998766779899597, 0.014322064816951752, 0.009033203125], [0.0069602238945662975, -0.014277192763984203, -0.9998738765716553, 1.5221805572509766], [0.9999549984931946, 0.006539162714034319, 0.0068674152716994286, -1.460662841796875], [0.0, 0.0, 0.0, 1.0]], [[-0.8324301242828369, -0.5540019273757935, -0.011917967349290848, 0.8822021484375], [0.012425779365003109, 0.0028400758747011423, -0.9999186992645264, 1.5058956146240234], [0.5539907217025757, -0.8325105905532837, 0.004519741050899029, -1.1466064453125], [0.0, 0.0, 0.0, 1.0]], [[0.9476712942123413, 0.3190692365169525, 0.010675194673240185, -1.1337890625], [0.02063036523759365, -0.027837272733449936, -0.9993995428085327, 1.5887413024902344], [-0.3185805380344391, 0.9473224878311157, -0.0329631008207798, -0.10662841796875], [0.0, 0.0, 0.0, 1.0]], [[0.0022965469397604465, 0.9998404383659363, -0.01771393045783043, 0.002197265625], [-0.0046150460839271545, -0.017703190445899963, -0.9998326301574707, 1.5790386199951172], [-0.9999867677688599, 0.0023779249750077724, 0.00457365345209837, -0.07012939453125], [0.0, 0.0, 0.0, 1.0]], [[-0.9347103238105774, 0.3543723225593567, -0.027145007625222206, 1.0141448974609375], [0.02817501872777939, -0.0022537915501743555, -0.9996004700660706, 1.555117130279541], [-0.3542918860912323, -0.9351017475128174, -0.007877805270254612, -0.1083984375], [0.0, 0.0, 0.0, 1.0]]], "view": [[0.0, -2.0, 100.0], [-2.0, 0.0, 100.0], [0.0, 0.0, 1.0]], "bev": "bev_e15862d8a89d4250947cad3d1eff3dfc.png", "aux": "aux_e15862d8a89d4250947cad3d1eff3dfc.npz", "visibility": "visibility_e15862d8a89d4250947cad3d1eff3dfc.png", "pose": [[-0.7049076557159424, -0.7092990875244141, 0.0, 1001.0509643554688], [0.7092990875244141, -0.7049076557159424, 0.0, 625.6027221679688], [0.0, 0.0, 1.0, 0.0], [0.0, 0.0, 0.0, 1.0]], "pose_inverse": [[-0.7049076557159424, 0.7092990875244141, 0.0, 261.9090270996094], [-0.7092990875244141, -0.7049076557159424, 0.0, 1151.0367431640625], [0.0, 0.0, 1.0, 0.0], [0.0, 0.0, 0.0, 1.0]], "cam_ids": [0, 1, 2, 3, 4, 5], "cam_channels": ["CAM_FRONT_LEFT", "CAM_FRONT", "CAM_FRONT_RIGHT", "CAM_BACK_LEFT", "CAM_BACK", "CAM_BACK_RIGHT"], "token": "e15862d8a89d4250947cad3d1eff3dfc", "scene": "scene-0038"}, {"images": ["samples/CAM_FRONT_LEFT/n015-2018-07-24-10-42-41+0800__CAM_FRONT_LEFT__1532400342154844.jpg", "samples/CAM_FRONT/n015-2018-07-24-10-42-41+0800__CAM_FRONT__1532400342162460.jpg", "samples/CAM_FRONT_RIGHT/n015-2018-07-24-10-42-41+0800__CAM_FRONT_RIGHT__1532400342170339.jpg", "samples/CAM_BACK_LEFT/n015-2018-07-24-10-42-41+0800__CAM_BACK_LEFT__1532400342197423.jpg", "samples/CAM_BACK/n015-2018-07-24-10-42-41+0800__CAM_BACK__1532400342187525.jpg", "samples/CAM_BACK_RIGHT/n015-2018-07-24-10-42-41+0800__CAM_BACK_RIGHT__1532400342177893.jpg"], "intrinsics": [[[1272.5979470598488, 0.0, 826.6154927353808], [0.0, 1272.5979470598488, 479.75165386361925], [0.0, 0.0, 1.0]], [[1266.417203046554, 0.0, 816.2670197447984], [0.0, 1266.417203046554, 491.50706579294757], [0.0, 0.0, 1.0]], [[1260.8474446004698, 0.0, 807.968244525554], [0.0, 1260.8474446004698, 495.3344268742088], [0.0, 0.0, 1.0]], [[1256.7414812095406, 0.0, 792.1125740759628], [0.0, 1256.7414812095406, 492.7757465151356], [0.0, 0.0, 1.0]], [[809.2209905677063, 0.0, 829.2196003259838], [0.0, 809.2209905677063, 481.77842384512485], [0.0, 0.0, 1.0]], [[1259.5137405846733, 0.0, 807.2529053838625], [0.0, 1259.5137405846733, 501.19579884916527], [0.0, 0.0, 1.0]]], "extrinsics": [[[0.8213868141174316, -0.5701956748962402, 0.01415881048887968, -0.739227294921875], [0.00722358375787735, -0.014422432519495487, -0.9998699426651001, 1.5102519989013672], [0.5703256726264954, 0.8213822841644287, -0.007727539166808128, -1.126220703125], [0.0, 0.0, 0.0, 1.0]], [[0.006599943619221449, -0.9998045563697815, 0.018633414059877396, 0.00830078125], [0.0019453249406069517, -0.018620949238538742, -0.9998247623443604, 1.5210037231445312], [0.9999762773513794, 0.006635067984461784, 0.0018220478668808937, -1.4676361083984375], [0.0, 0.0, 0.0, 1.0]], [[-0.8324369192123413, -0.5540928840637207, -0.005453701596707106, 0.887939453125], [0.007571590133011341, -0.001532834954559803, -0.9999701380729675, 1.5049669742584229], [0.5540680289268494, -0.8324533700942993, 0.005471353884786367, -1.1507568359375], [0.0, 0.0, 0.0, 1.0]], [[0.9477417469024658, 0.31899720430374146, 0.0051334938034415245, -1.137939453125], [0.016263961791992188, -0.032238177955150604, -0.9993478655815125, 1.5886287689208984], [-0.3186236023902893, 0.9472071528434753, -0.03574162721633911, -0.10516357421875], [0.0, 0.0, 0.0, 1.0]], [[0.002255651168525219, 0.9997523427009583, -0.02213677577674389, 0.00244140625], [-0.009134035557508469, -0.0221153125166893, -0.9997137188911438, 1.5787677764892578], [-0.9999557137489319, 0.002457183785736561, 0.009081888943910599, -0.0644683837890625], [0.0, 0.0, 0.0, 1.0]], [[-0.9348448514938354, 0.3542233109474182, -0.0243079774081707, 1.0174102783203125], [0.023478567600250244, -0.00663966266438365, -0.9997022747993469, 1.5544307231903076], [-0.3542793095111847, -0.9351372718811035, -0.002109602326527238, -0.1072998046875], [0.0, 0.0, 0.0, 1.0]]], "view": [[0.0, -2.0, 100.0], [-2.0, 0.0, 100.0], [0.0, 0.0, 1.0]], "bev": "bev_86958f43ae42452badc0ca07c865b890.png", "aux": "aux_86958f43ae42452badc0ca07c865b890.npz", "visibility": "visibility_86958f43ae42452badc0ca07c865b890.png", "pose": [[-0.6938573122024536, -0.7201125025749207, 0.0, 998.8407592773438], [0.7201125025749207, -0.6938573122024536, 0.0, 627.907958984375], [0.0, 0.0, 1.0, 0.0], [0.0, 0.0, 0.0, 1.0]], "pose_inverse": [[-0.6938573122024536, 0.7201125025749207, 0.0, 240.8885955810547], [-0.7201125025749207, -0.6938573122024536, 0.0, 1154.956298828125], [0.0, 0.0, 1.0, 0.0], [0.0, 0.0, 0.0, 1.0]], "cam_ids": [0, 1, 2, 3, 4, 5], "cam_channels": ["CAM_FRONT_LEFT", "CAM_FRONT", "CAM_FRONT_RIGHT", "CAM_BACK_LEFT", "CAM_BACK", "CAM_BACK_RIGHT"], "token": "86958f43ae42452badc0ca07c865b890", "scene": "scene-0038"}, {"images": ["samples/CAM_FRONT_LEFT/n015-2018-07-24-10-42-41+0800__CAM_FRONT_LEFT__1532400342604844.jpg", "samples/CAM_FRONT/n015-2018-07-24-10-42-41+0800__CAM_FRONT__1532400342612460.jpg", "samples/CAM_FRONT_RIGHT/n015-2018-07-24-10-42-41+0800__CAM_FRONT_RIGHT__1532400342620339.jpg", "samples/CAM_BACK_LEFT/n015-2018-07-24-10-42-41+0800__CAM_BACK_LEFT__1532400342647423.jpg", "samples/CAM_BACK/n015-2018-07-24-10-42-41+0800__CAM_BACK__1532400342637525.jpg", "samples/CAM_BACK_RIGHT/n015-2018-07-24-10-42-41+0800__CAM_BACK_RIGHT__1532400342627893.jpg"], "intrinsics": [[[1272.5979470598488, 0.0, 826.6154927353808], [0.0, 1272.5979470598488, 479.75165386361925], [0.0, 0.0, 1.0]], [[1266.417203046554, 0.0, 816.2670197447984], [0.0, 1266.417203046554, 491.50706579294757], [0.0, 0.0, 1.0]], [[1260.8474446004698, 0.0, 807.968244525554], [0.0, 1260.8474446004698, 495.3344268742088], [0.0, 0.0, 1.0]], [[1256.7414812095406, 0.0, 792.1125740759628], [0.0, 1256.7414812095406, 492.7757465151356], [0.0, 0.0, 1.0]], [[809.2209905677063, 0.0, 829.2196003259838], [0.0, 809.2209905677063, 481.77842384512485], [0.0, 0.0, 1.0]], [[1259.5137405846733, 0.0, 807.2529053838625], [0.0, 1259.5137405846733, 501.19579884916527], [0.0, 0.0, 1.0]]], "extrinsics": [[[0.8203867077827454, -0.5714538097381592, 0.02015198953449726, -0.73651123046875], [0.012114235199987888, -0.01786484755575657, -0.999767005443573, 1.5116329193115234], [0.5716807246208191, 0.8204397559165955, -0.007733358070254326, -1.1224365234375], [0.0, 0.0, 0.0, 1.0]], [[0.00516032800078392, -0.9997426271438599, 0.02209179289638996, 0.007080078125], [0.006921111140400171, -0.0220558512955904, -0.9997327923774719, 1.5221309661865234], [0.9999627470970154, 0.005311927292495966, 0.006805512588471174, -1.4640350341796875], [0.0, 0.0, 0.0, 1.0]], [[-0.8329964280128479, -0.5532233715057373, -0.007790036965161562, 0.88494873046875], [0.012661246582865715, -0.004984346684068441, -0.999907374382019, 1.505892038345337], [0.5531333684921265, -0.8330180048942566, 0.011156441643834114, -1.1500244140625], [0.0, 0.0, 0.0, 1.0]], [[0.9477403163909912, 0.3189164698123932, 0.00898292288184166, -1.1416015625], [0.021500136703252792, -0.03575056418776512, -0.9991294741630554, 1.5885734558105469], [-0.3183176517486572, 0.9471083879470825, -0.04073899984359741, -0.10394287109375], [0.0, 0.0, 0.0, 1.0]], [[0.0028128952253609896, 0.9996681213378906, -0.025607392191886902, 0.002685546875], [-0.003943599760532379, -0.02559620700776577, -0.9996646046638489, 1.5791053771972656], [-0.999988317489624, 0.002912913914769888, 0.003870289772748947, -0.06365966796875], [0.0, 0.0, 0.0, 1.0]], [[-0.9344241619110107, 0.35486653447151184, -0.030352650210261345, 1.01605224609375], [0.02862478233873844, -0.01011921651661396, -0.9995390176773071, 1.555129051208496], [-0.355010062456131, -0.9348622560501099, -0.0007023365469649434, -0.108642578125], [0.0, 0.0, 0.0, 1.0]]], "view": [[0.0, -2.0, 100.0], [-2.0, 0.0, 100.0], [0.0, 0.0, 1.0]], "bev": "bev_a1a01ae0cc9f428f8ba4c545e20ee88d.png", "aux": "aux_a1a01ae0cc9f428f8ba4c545e20ee88d.npz", "visibility": "visibility_a1a01ae0cc9f428f8ba4c545e20ee88d.png", "pose": [[-0.6914761662483215, -0.7223992943763733, 0.0, 996.850830078125], [0.7223992943763733, -0.6914761662483215, 0.0, 630.021240234375], [0.0, 0.0, 1.0, 0.0], [0.0, 0.0, 0.0, 1.0]], "pose_inverse": [[-0.6914761662483215, 0.7223992943763733, 0.0, 234.1717071533203], [-0.7223992943763733, -0.6914761662483215, 0.0, 1155.76904296875], [0.0, 0.0, 1.0, 0.0], [0.0, 0.0, 0.0, 1.0]], "cam_ids": [0, 1, 2, 3, 4, 5], "cam_channels": ["CAM_FRONT_LEFT", "CAM_FRONT", "CAM_FRONT_RIGHT", "CAM_BACK_LEFT", "CAM_BACK", "CAM_BACK_RIGHT"], "token": "a1a01ae0cc9f428f8ba4c545e20ee88d", "scene": "scene-0038"}, {"images": ["samples/CAM_FRONT_LEFT/n015-2018-07-24-10-42-41+0800__CAM_FRONT_LEFT__1532400343154844.jpg", "samples/CAM_FRONT/n015-2018-07-24-10-42-41+0800__CAM_FRONT__1532400343162460.jpg", "samples/CAM_FRONT_RIGHT/n015-2018-07-24-10-42-41+0800__CAM_FRONT_RIGHT__1532400343170357.jpg", "samples/CAM_BACK_LEFT/n015-2018-07-24-10-42-41+0800__CAM_BACK_LEFT__1532400343197423.jpg", "samples/CAM_BACK/n015-2018-07-24-10-42-41+0800__CAM_BACK__1532400343187525.jpg", "samples/CAM_BACK_RIGHT/n015-2018-07-24-10-42-41+0800__CAM_BACK_RIGHT__1532400343177893.jpg"], "intrinsics": [[[1272.5979470598488, 0.0, 826.6154927353808], [0.0, 1272.5979470598488, 479.75165386361925], [0.0, 0.0, 1.0]], [[1266.417203046554, 0.0, 816.2670197447984], [0.0, 1266.417203046554, 491.50706579294757], [0.0, 0.0, 1.0]], [[1260.8474446004698, 0.0, 807.968244525554], [0.0, 1260.8474446004698, 495.3344268742088], [0.0, 0.0, 1.0]], [[1256.7414812095406, 0.0, 792.1125740759628], [0.0, 1256.7414812095406, 492.7757465151356], [0.0, 0.0, 1.0]], [[809.2209905677063, 0.0, 829.2196003259838], [0.0, 809.2209905677063, 481.77842384512485], [0.0, 0.0, 1.0]], [[1259.5137405846733, 0.0, 807.2529053838625], [0.0, 1259.5137405846733, 501.19579884916527], [0.0, 0.0, 1.0]]], "extrinsics": [[[0.8190980553627014, -0.5735799074172974, 0.009193263947963715, -0.72784423828125], [0.0026505638379603624, -0.012241486459970474, -0.9999215602874756, 1.509023666381836], [0.5736474394798279, 0.8190580606460571, -0.008506666868925095, -1.114990234375], [0.0, 0.0, 0.0, 1.0]], [[0.0033303287345916033, -0.9998646378517151, 0.016116421669721603, 0.0067138671875], [-0.002447857055813074, -0.01612461358308792, -0.9998670220375061, 1.5199642181396484], [0.9999914169311523, 0.0032904143445193768, -0.0025012267287820578, -1.4545135498046875], [0.0, 0.0, 0.0, 1.0]], [[-0.8338764905929565, -0.5519397854804993, -0.0035354197025299072, 0.87890625], [0.003428772324696183, 0.0012251794105395675, -0.9999933242797852, 1.5042760372161865], [0.551940381526947, -0.8338831067085266, 0.0008708284003660083, -1.14593505859375], [0.0, 0.0, 0.0, 1.0]], [[0.9477573037147522, 0.3189786970615387, 0.0029272004030644894, -1.142578125], [0.012732906267046928, -0.028660044074058533, -0.9995080828666687, 1.5885505676269531], [-0.3187379240989685, 0.9473283886909485, -0.031224295496940613, -0.10357666015625], [0.0, 0.0, 0.0, 1.0]], [[0.0031252573244273663, 0.9998180270195007, -0.01881839707493782, 0.0028076171875], [-0.01290380209684372, -0.018776601180434227, -0.9997404217720032, 1.5784950256347656], [-0.999911904335022, 0.0033673045691102743, 0.012842768803238869, -0.065521240234375], [0.0, 0.0, 0.0, 1.0]], [[-0.9342736601829529, 0.35602182149887085, -0.019522367045283318, 1.0113067626953125], [0.019496507942676544, -0.003661161521449685, -0.9998032450675964, 1.5540533065795898], [-0.35602331161499023, -0.9344704747200012, -0.0035206563770771027, -0.1104736328125], [0.0, 0.0, 0.0, 1.0]]], "view": [[0.0, -2.0, 100.0], [-2.0, 0.0, 100.0], [0.0, 0.0, 1.0]], "bev": "bev_f75d70a9a0074c3ea84d4c5a221fcaf4.png", "aux": "aux_f75d70a9a0074c3ea84d4c5a221fcaf4.npz", "visibility": "visibility_f75d70a9a0074c3ea84d4c5a221fcaf4.png", "pose": [[-0.7056257724761963, -0.7085846662521362, 0.0, 994.318359375], [0.7085846662521362, -0.7056257724761963, 0.0, 632.6455078125], [0.0, 0.0, 1.0, 0.0], [0.0, 0.0, 0.0, 1.0]], "pose_inverse": [[-0.7056257724761963, 0.7085846662521362, 0.0, 253.33377075195312], [-0.7085846662521362, -0.7056257724761963, 0.0, 1150.9697265625], [0.0, 0.0, 1.0, 0.0], [0.0, 0.0, 0.0, 1.0]], "cam_ids": [0, 1, 2, 3, 4, 5], "cam_channels": ["CAM_FRONT_LEFT", "CAM_FRONT", "CAM_FRONT_RIGHT", "CAM_BACK_LEFT", "CAM_BACK", "CAM_BACK_RIGHT"], "token": "f75d70a9a0074c3ea84d4c5a221fcaf4", "scene": "scene-0038"}, {"images": ["samples/CAM_FRONT_LEFT/n015-2018-07-24-10-42-41+0800__CAM_FRONT_LEFT__1532400343654844.jpg", "samples/CAM_FRONT/n015-2018-07-24-10-42-41+0800__CAM_FRONT__1532400343662460.jpg", "samples/CAM_FRONT_RIGHT/n015-2018-07-24-10-42-41+0800__CAM_FRONT_RIGHT__1532400343670339.jpg", "samples/CAM_BACK_LEFT/n015-2018-07-24-10-42-41+0800__CAM_BACK_LEFT__1532400343697423.jpg", "samples/CAM_BACK/n015-2018-07-24-10-42-41+0800__CAM_BACK__1532400343687525.jpg", "samples/CAM_BACK_RIGHT/n015-2018-07-24-10-42-41+0800__CAM_BACK_RIGHT__1532400343677893.jpg"], "intrinsics": [[[1272.5979470598488, 0.0, 826.6154927353808], [0.0, 1272.5979470598488, 479.75165386361925], [0.0, 0.0, 1.0]], [[1266.417203046554, 0.0, 816.2670197447984], [0.0, 1266.417203046554, 491.50706579294757], [0.0, 0.0, 1.0]], [[1260.8474446004698, 0.0, 807.968244525554], [0.0, 1260.8474446004698, 495.3344268742088], [0.0, 0.0, 1.0]], [[1256.7414812095406, 0.0, 792.1125740759628], [0.0, 1256.7414812095406, 492.7757465151356], [0.0, 0.0, 1.0]], [[809.2209905677063, 0.0, 829.2196003259838], [0.0, 809.2209905677063, 481.77842384512485], [0.0, 0.0, 1.0]], [[1259.5137405846733, 0.0, 807.2529053838625], [0.0, 1259.5137405846733, 501.19579884916527], [0.0, 0.0, 1.0]]], "extrinsics": [[[0.819076418876648, -0.5735974311828613, 0.009986384771764278, -0.720245361328125], [0.004484852310270071, -0.011004658415913582, -0.9999293684959412, 1.5095996856689453], [0.5736667513847351, 0.8190634250640869, -0.006441156379878521, -1.1104736328125], [0.0, 0.0, 0.0, 1.0]], [[0.003271313151344657, -0.9998821020126343, 0.014999953098595142, 0.0069580078125], [-0.0010373641271144152, -0.015003418549895287, -0.9998869299888611, 1.520298957824707], [0.9999940395355225, 0.003255394520238042, -0.00108632305637002, -1.4478759765625], [0.0, 0.0, 0.0, 1.0]], [[-0.8339107632637024, -0.5518774390220642, -0.004912938456982374, 0.875], [0.004389095585793257, 0.002270005876198411, -0.999987781047821, 1.504472017288208], [0.5518818497657776, -0.8339222073554993, 0.0005292617133818567, -1.143310546875], [0.0, 0.0, 0.0, 1.0]], [[0.9477600455284119, 0.3189733624458313, 0.0026248483918607235, -1.1435546875], [0.012092921882867813, -0.027706200256943703, -0.9995429515838623, 1.5885353088378906], [-0.31875482201576233, 0.9473586082458496, -0.03011615015566349, -0.1031494140625], [0.0, 0.0, 0.0, 1.0]], [[0.0031469990499317646, 0.9998354315757751, -0.017871733754873276, 0.00244140625], [-0.012979255989193916, -0.017829477787017822, -0.9997568130493164, 1.5784797668457031], [-0.999910831451416, 0.0033782625105232, 0.012921007350087166, -0.06640625], [0.0, 0.0, 0.0, 1.0]], [[-0.9342427849769592, 0.35609665513038635, -0.019635222852230072, 1.0086669921875], [0.02000020444393158, -0.0026570872869342566, -0.999796450138092, 1.5541770458221436], [-0.3560763895511627, -0.934445321559906, -0.004639641847461462, -0.1114501953125], [0.0, 0.0, 0.0, 1.0]]], "view": [[0.0, -2.0, 100.0], [-2.0, 0.0, 100.0], [0.0, 0.0, 1.0]], "bev": "bev_42bb00324869498faffe17be9b403f04.png", "aux": "aux_42bb00324869498faffe17be9b403f04.npz", "visibility": "visibility_42bb00324869498faffe17be9b403f04.png", "pose": [[-0.7294881939888, -0.683993399143219, 0.0, 991.8517456054688], [0.683993399143219, -0.7294881939888, 0.0, 635.041748046875], [0.0, 0.0, 1.0, 0.0], [0.0, 0.0, 0.0, 1.0]], "pose_inverse": [[-0.7294881939888, 0.683993399143219, 0.0, 289.1797790527344], [-0.683993399143219, -0.7294881939888, 0.0, 1141.675537109375], [0.0, 0.0, 1.0, 0.0], [0.0, 0.0, 0.0, 1.0]], "cam_ids": [0, 1, 2, 3, 4, 5], "cam_channels": ["CAM_FRONT_LEFT", "CAM_FRONT", "CAM_FRONT_RIGHT", "CAM_BACK_LEFT", "CAM_BACK", "CAM_BACK_RIGHT"], "token": "42bb00324869498faffe17be9b403f04", "scene": "scene-0038"}, {"images": ["samples/CAM_FRONT_LEFT/n015-2018-07-24-10-42-41+0800__CAM_FRONT_LEFT__1532400344154844.jpg", "samples/CAM_FRONT/n015-2018-07-24-10-42-41+0800__CAM_FRONT__1532400344162460.jpg", "samples/CAM_FRONT_RIGHT/n015-2018-07-24-10-42-41+0800__CAM_FRONT_RIGHT__1532400344170339.jpg", "samples/CAM_BACK_LEFT/n015-2018-07-24-10-42-41+0800__CAM_BACK_LEFT__1532400344197423.jpg", "samples/CAM_BACK/n015-2018-07-24-10-42-41+0800__CAM_BACK__1532400344187525.jpg", "samples/CAM_BACK_RIGHT/n015-2018-07-24-10-42-41+0800__CAM_BACK_RIGHT__1532400344177893.jpg"], "intrinsics": [[[1272.5979470598488, 0.0, 826.6154927353808], [0.0, 1272.5979470598488, 479.75165386361925], [0.0, 0.0, 1.0]], [[1266.417203046554, 0.0, 816.2670197447984], [0.0, 1266.417203046554, 491.50706579294757], [0.0, 0.0, 1.0]], [[1260.8474446004698, 0.0, 807.968244525554], [0.0, 1260.8474446004698, 495.3344268742088], [0.0, 0.0, 1.0]], [[1256.7414812095406, 0.0, 792.1125740759628], [0.0, 1256.7414812095406, 492.7757465151356], [0.0, 0.0, 1.0]], [[809.2209905677063, 0.0, 829.2196003259838], [0.0, 809.2209905677063, 481.77842384512485], [0.0, 0.0, 1.0]], [[1259.5137405846733, 0.0, 807.2529053838625], [0.0, 1259.5137405846733, 501.19579884916527], [0.0, 0.0, 1.0]]], "extrinsics": [[[0.8190950155258179, -0.5735878348350525, 0.008960328064858913, -0.7159423828125], [0.004792891442775726, -0.008776417002081871, -0.9999499917030334, 1.5097074508666992], [0.573637843132019, 0.819097101688385, -0.004439575131982565, -1.1064453125], [0.0, 0.0, 0.0, 1.0]], [[0.003283299505710602, -0.9999107122421265, 0.012948998250067234, 0.006103515625], [-0.00040672763134352863, -0.012950402684509754, -0.9999160766601562, 1.5204343795776367], [0.9999945759773254, 0.00327775115147233, -0.0004492120642680675, -1.44256591796875], [0.0, 0.0, 0.0, 1.0]], [[-0.8339033126831055, -0.5518695712089539, -0.006732628680765629, 0.870849609375], [0.005353702697902918, 0.004109675996005535, -0.999977171421051, 1.5046820640563965], [0.551884651184082, -0.8339203000068665, -0.00047252519289031625, -1.1416015625], [0.0, 0.0, 0.0, 1.0]], [[0.9477643370628357, 0.31893080472946167, 0.00507965637370944, -1.14141845703125], [0.014315670356154442, -0.026621917262673378, -0.9995430707931519, 1.5885677337646484], [-0.3186497986316681, 0.9474040865898132, -0.029797011986374855, -0.10394287109375], [0.0, 0.0, 0.0, 1.0]], [[0.0031773990485817194, 0.9998586773872375, -0.016513407230377197, 0.0029296875], [-0.01122204028069973, -0.016476798802614212, -0.9998012781143188, 1.5785503387451172], [-0.9999319314956665, 0.00336204725317657, 0.011168099008500576, -0.070098876953125], [0.0, 0.0, 0.0, 1.0]], [[-0.9342157244682312, 0.3561307489871979, -0.020291583612561226, 1.00518798828125], [0.02132049947977066, -0.0010361801832914352, -0.9997721314430237, 1.554440975189209], [-0.35607069730758667, -0.9344355463981628, -0.006624871864914894, -0.1136474609375], [0.0, 0.0, 0.0, 1.0]]], "view": [[0.0, -2.0, 100.0], [-2.0, 0.0, 100.0], [0.0, 0.0, 1.0]], "bev": "bev_aa7d1414139344a49ba47723de8d8d3b.png", "aux": "aux_aa7d1414139344a49ba47723de8d8d3b.npz", "visibility": "visibility_aa7d1414139344a49ba47723de8d8d3b.png", "pose": [[-0.7493366003036499, -0.6621893048286438, 0.0, 989.2091064453125], [0.6621893048286438, -0.7493366003036499, 0.0, 637.4638671875], [0.0, 0.0, 1.0, 0.0], [0.0, 0.0, 0.0, 1.0]], "pose_inverse": [[-0.7493366003036499, 0.6621893048286438, 0.0, 319.12884521484375], [-0.6621893048286438, -0.7493366003036499, 0.0, 1132.7186279296875], [0.0, 0.0, 1.0, 0.0], [0.0, 0.0, 0.0, 1.0]], "cam_ids": [0, 1, 2, 3, 4, 5], "cam_channels": ["CAM_FRONT_LEFT", "CAM_FRONT", "CAM_FRONT_RIGHT", "CAM_BACK_LEFT", "CAM_BACK", "CAM_BACK_RIGHT"], "token": "aa7d1414139344a49ba47723de8d8d3b", "scene": "scene-0038"}, {"images": ["samples/CAM_FRONT_LEFT/n015-2018-07-24-10-42-41+0800__CAM_FRONT_LEFT__1532400344654844.jpg", "samples/CAM_FRONT/n015-2018-07-24-10-42-41+0800__CAM_FRONT__1532400344662460.jpg", "samples/CAM_FRONT_RIGHT/n015-2018-07-24-10-42-41+0800__CAM_FRONT_RIGHT__1532400344670339.jpg", "samples/CAM_BACK_LEFT/n015-2018-07-24-10-42-41+0800__CAM_BACK_LEFT__1532400344697423.jpg", "samples/CAM_BACK/n015-2018-07-24-10-42-41+0800__CAM_BACK__1532400344687541.jpg", "samples/CAM_BACK_RIGHT/n015-2018-07-24-10-42-41+0800__CAM_BACK_RIGHT__1532400344677893.jpg"], "intrinsics": [[[1272.5979470598488, 0.0, 826.6154927353808], [0.0, 1272.5979470598488, 479.75165386361925], [0.0, 0.0, 1.0]], [[1266.417203046554, 0.0, 816.2670197447984], [0.0, 1266.417203046554, 491.50706579294757], [0.0, 0.0, 1.0]], [[1260.8474446004698, 0.0, 807.968244525554], [0.0, 1260.8474446004698, 495.3344268742088], [0.0, 0.0, 1.0]], [[1256.7414812095406, 0.0, 792.1125740759628], [0.0, 1256.7414812095406, 492.7757465151356], [0.0, 0.0, 1.0]], [[809.2209905677063, 0.0, 829.2196003259838], [0.0, 809.2209905677063, 481.77842384512485], [0.0, 0.0, 1.0]], [[1259.5137405846733, 0.0, 807.2529053838625], [0.0, 1259.5137405846733, 501.19579884916527], [0.0, 0.0, 1.0]]], "extrinsics": [[[0.8206331133842468, -0.5713876485824585, 0.008796114474534988, -0.695343017578125], [0.003264341503381729, -0.010705054737627506, -0.9999373555183411, 1.5093555450439453], [0.5714460015296936, 0.8206104636192322, -0.0069197178818285465, -1.0975341796875], [0.0, 0.0, 0.0, 1.0]], [[0.005518133752048016, -0.9998764991760254, 0.014718321152031422, 0.0101318359375], [-0.0021561901085078716, -0.014730408787727356, -0.9998891949653625, 1.520005226135254], [0.9999824166297913, 0.0054858592338860035, -0.002237209351733327, -1.424041748046875], [0.0, 0.0, 0.0, 1.0]], [[-0.8329511880874634, -0.5533308386802673, -0.004157813731580973, 0.85980224609375], [0.003353819716721773, 0.0024654516018927097, -0.9999912977218628, 1.5043385028839111], [0.5533362627029419, -0.832957923412323, -0.00019782829622272402, -1.1307373046875], [0.0, 0.0, 0.0, 1.0]], [[0.9477612376213074, 0.3189728558063507, 0.002241593785583973, -1.13739013671875], [0.011701259762048721, -0.027743497863411903, -0.9995465874671936, 1.588623046875], [-0.3187659978866577, 0.947357714176178, -0.030026594176888466, -0.10552978515625], [0.0, 0.0, 0.0, 1.0]], [[0.0024964623153209686, 0.9998389482498169, -0.017