[{"images": ["samples/CAM_FRONT_LEFT/n008-2018-08-29-16-04-13-0400__CAM_FRONT_LEFT__1535574059854799.jpg", "samples/CAM_FRONT/n008-2018-08-29-16-04-13-0400__CAM_FRONT__1535574059862404.jpg", "samples/CAM_FRONT_RIGHT/n008-2018-08-29-16-04-13-0400__CAM_FRONT_RIGHT__1535574059870482.jpg", "samples/CAM_BACK_LEFT/n008-2018-08-29-16-04-13-0400__CAM_BACK_LEFT__1535574059897405.jpg", "samples/CAM_BACK/n008-2018-08-29-16-04-13-0400__CAM_BACK__1535574059887558.jpg", "samples/CAM_BACK_RIGHT/n008-2018-08-29-16-04-13-0400__CAM_BACK_RIGHT__1535574059878113.jpg"], "intrinsics": [[[1257.8625342125129, 0.0, 827.2410631095686], [0.0, 1257.8625342125129, 450.915498205774], [0.0, 0.0, 1.0]], [[1252.8131021185304, 0.0, 826.588114781398], [0.0, 1252.8131021185304, 469.9846626224581], [0.0, 0.0, 1.0]], [[1256.7485116440405, 0.0, 817.7887570959712], [0.0, 1256.7485116440403, 451.9541780095127], [0.0, 0.0, 1.0]], [[1254.9860565800168, 0.0, 829.5769333630991], [0.0, 1254.9860565800168, 467.1680561863987], [0.0, 0.0, 1.0]], [[796.8910634503094, 0.0, 857.7774326863696], [0.0, 796.8910634503094, 476.8848988407415], [0.0, 0.0, 1.0]], [[1249.9629280788233, 0.0, 825.3768045375984], [0.0, 1249.9629280788233, 462.54816385708756], [0.0, 0.0, 1.0]]], "extrinsics": [[[0.8225812315940857, -0.5685676336288452, -0.009539332240819931, -0.72442626953125], [0.007147527299821377, 0.027111997827887535, -0.9996068477630615, 1.4905929565429688], [0.5686027407646179, 0.8221896290779114, 0.026365671306848526, -1.144775390625], [0.0, 0.0, 0.0, 1.0]], [[0.010310238227248192, -0.9996869564056396, -0.022795729339122772, 0.0120849609375], [0.009318607859313488, 0.02289200760424137, -0.9996945261955261, 1.4826812744140625], [0.9999033212661743, 0.010094664990901947, 0.00955171324312687, -1.4554443359375], [0.0, 0.0, 0.0, 1.0]], [[-0.8439448475837708, -0.5359610319137573, -0.02242642641067505, 0.908935546875], [0.01760854572057724, 0.014105651527643204, -0.9997454285621643, 1.496856689453125], [0.5361409187316895, -0.8441249132156372, -0.0024669000413268805, -1.1588897705078125], [0.0, 0.0, 0.0, 1.0]], [[0.9478404521942139, 0.3187308609485626, 0.0030104347970336676, -1.1378173828125], [-0.006594056263566017, 0.029050247743725777, -0.9995561838150024, 1.5619850158691406], [-0.3186768889427185, 0.9473999738693237, 0.02963673137128353, -0.15850830078125], [0.0, 0.0, 0.0, 1.0]], [[0.009133337996900082, 0.9997250437736511, 0.021596161648631096, -0.0291748046875], [-0.005000473465770483, 0.021642455831170082, -0.9997532367706299, 1.5676155090332031], [-0.9999458193778992, 0.009023092687129974, 0.0051967669278383255, -0.0400390625], [0.0, 0.0, 0.0, 1.0]], [[-0.9237406253814697, 0.38301801681518555, 0.0006966034998185933, 1.01361083984375], [-0.0011737230233848095, -0.001011997228488326, -0.9999988079071045, 1.547626256942749], [-0.3830168545246124, -0.9237403273582458, 0.0013843796914443374, -0.1024169921875], [0.0, 0.0, 0.0, 1.0]]], "view": [[0.0, -2.0, 100.0], [-2.0, 0.0, 100.0], [0.0, 0.0, 1.0]], "bev": "bev_1b3e876b1b824372ae0f279e6583fbd2.png", "aux": "aux_1b3e876b1b824372ae0f279e6583fbd2.npz", "visibility": "visibility_1b3e876b1b824372ae0f279e6583fbd2.png", "pose": [[0.9999833106994629, 0.005775890313088894, 0.0, 1578.40283203125], [-0.005775890313088894, 0.9999833106994629, 0.0, 1200.51123046875], [0.0, 0.0, 1.0, 0.0], [0.0, 0.0, 0.0, 1.0]], "pose_inverse": [[0.9999833106994629, -0.005775890313088894, 0.0, -1571.4425048828125], [0.005775890313088894, 0.9999833106994629, 0.0, -1209.60791015625], [0.0, 0.0, 1.0, 0.0], [0.0, 0.0, 0.0, 1.0]], "cam_ids": [0, 1, 2, 3, 4, 5], "cam_channels": ["CAM_FRONT_LEFT", "CAM_FRONT", "CAM_FRONT_RIGHT", "CAM_BACK_LEFT", "CAM_BACK", "CAM_BACK_RIGHT"], "token": "1b3e876b1b824372ae0f279e6583fbd2", "scene": "scene-0736"}, {"images": ["samples/CAM_FRONT_LEFT/n008-2018-08-29-16-04-13-0400__CAM_FRONT_LEFT__1535574060354799.jpg", "samples/CAM_FRONT/n008-2018-08-29-16-04-13-0400__CAM_FRONT__1535574060362404.jpg", "samples/CAM_FRONT_RIGHT/n008-2018-08-29-16-04-13-0400__CAM_FRONT_RIGHT__1535574060370482.jpg", "samples/CAM_BACK_LEFT/n008-2018-08-29-16-04-13-0400__CAM_BACK_LEFT__1535574060397405.jpg", "samples/CAM_BACK/n008-2018-08-29-16-04-13-0400__CAM_BACK__1535574060387558.jpg", "samples/CAM_BACK_RIGHT/n008-2018-08-29-16-04-13-0400__CAM_BACK_RIGHT__1535574060378113.jpg"], "intrinsics": [[[1257.8625342125129, 0.0, 827.2410631095686], [0.0, 1257.8625342125129, 450.915498205774], [0.0, 0.0, 1.0]], [[1252.8131021185304, 0.0, 826.588114781398], [0.0, 1252.8131021185304, 469.9846626224581], [0.0, 0.0, 1.0]], [[1256.7485116440405, 0.0, 817.7887570959712], [0.0, 1256.7485116440403, 451.9541780095127], [0.0, 0.0, 1.0]], [[1254.9860565800168, 0.0, 829.5769333630991], [0.0, 1254.9860565800168, 467.1680561863987], [0.0, 0.0, 1.0]], [[796.8910634503094, 0.0, 857.7774326863696], [0.0, 796.8910634503094, 476.8848988407415], [0.0, 0.0, 1.0]], [[1249.9629280788233, 0.0, 825.3768045375984], [0.0, 1249.9629280788233, 462.54816385708756], [0.0, 0.0, 1.0]]], "extrinsics": [[[0.8228686451911926, -0.5681489109992981, -0.00970438402146101, -0.7412109375], [0.0023105088621377945, 0.020423483103513718, -0.999788761138916, 1.4890060424804688], [0.5682270526885986, 0.8226723074913025, 0.01811855286359787, -1.1529541015625], [0.0, 0.0, 0.0, 1.0]], [[0.010699158534407616, -0.9998068809509277, -0.0164884552359581, 0.00927734375], [0.004185130354017019, 0.016534028574824333, -0.999854564666748, 1.481252670288086], [0.9999340176582336, 0.0106285959482193, 0.0043612211011350155, -1.470703125], [0.0, 0.0, 0.0, 1.0]], [[-0.8438358902931213, -0.5364037752151489, -0.014561493881046772, 0.918212890625], [0.012174722738564014, 0.00799115002155304, -0.9998939633369446, 1.495565414428711], [0.5364632606506348, -0.8439236879348755, -0.0002126521576428786, -1.16693115234375], [0.0, 0.0, 0.0, 1.0]], [[0.9477123618125916, 0.31909286975860596, -0.004596940707415342, -1.1400146484375], [-0.012724355794489384, 0.023390423506498337, -0.9996454119682312, 1.561981201171875], [-0.31887224316596985, 0.9474347829818726, 0.026227643713355064, -0.15777587890625], [0.0, 0.0, 0.0, 1.0]], [[0.008943739347159863, 0.9998370409011841, 0.01568685658276081, -0.0284423828125], [-0.011013145558536053, 0.01578502170741558, -0.9998147487640381, 1.5671863555908203], [-0.9998993873596191, 0.008769321255385876, 0.01115252822637558, -0.0343017578125], [0.0, 0.0, 0.0, 1.0]], [[-0.9238414764404297, 0.38275694847106934, 0.00373102561570704, 1.02264404296875], [-0.00693927938118577, -0.007001703139394522, -0.9999513626098633, 1.5467796325683594], [-0.3827122151851654, -0.9238225221633911, 0.009124521166086197, -0.10009765625], [0.0, 0.0, 0.0, 1.0]]], "view": [[0.0, -2.0, 100.0], [-2.0, 0.0, 100.0], [0.0, 0.0, 1.0]], "bev": "bev_725b30c9b74346609b9b7bcc2db986ef.png", "aux": "aux_725b30c9b74346609b9b7bcc2db986ef.npz", "visibility": "visibility_725b30c9b74346609b9b7bcc2db986ef.png", "pose": [[0.9999775290489197, 0.0067055728286504745, 0.0, 1582.2274169921875], [-0.0067055728286504745, 0.9999775290489197, 0.0, 1200.4642333984375], [0.0, 0.0, 1.0, 0.0], [0.0, 0.0, 0.0, 1.0]], "pose_inverse": [[0.9999775290489197, -0.0067055728286504745, 0.0, -1574.14208984375], [0.0067055728286504745, 0.9999775290489197, 0.0, -1211.0469970703125], [0.0, 0.0, 1.0, 0.0], [0.0, 0.0, 0.0, 1.0]], "cam_ids": [0, 1, 2, 3, 4, 5], "cam_channels": ["CAM_FRONT_LEFT", "CAM_FRONT", "CAM_FRONT_RIGHT", "CAM_BACK_LEFT", "CAM_BACK", "CAM_BACK_RIGHT"], "token": "725b30c9b74346609b9b7bcc2db986ef", "scene": "scene-0736"}, {"images": ["samples/CAM_FRONT_LEFT/n008-2018-08-29-16-04-13-0400__CAM_FRONT_LEFT__1535574060754799.jpg", "samples/CAM_FRONT/n008-2018-08-29-16-04-13-0400__CAM_FRONT__1535574060762404.jpg", "samples/CAM_FRONT_RIGHT/n008-2018-08-29-16-04-13-0400__CAM_FRONT_RIGHT__1535574060770482.jpg", "samples/CAM_BACK_LEFT/n008-2018-08-29-16-04-13-0400__CAM_BACK_LEFT__1535574060797405.jpg", "samples/CAM_BACK/n008-2018-08-29-16-04-13-0400__CAM_BACK__1535574060787558.jpg", "samples/CAM_BACK_RIGHT/n008-2018-08-29-16-04-13-0400__CAM_BACK_RIGHT__1535574060778113.jpg"], "intrinsics": [[[1257.8625342125129, 0.0, 827.2410631095686], [0.0, 1257.8625342125129, 450.915498205774], [0.0, 0.0, 1.0]], [[1252.8131021185304, 0.0, 826.588114781398], [0.0, 1252.8131021185304, 469.9846626224581], [0.0, 0.0, 1.0]], [[1256.7485116440405, 0.0, 817.7887570959712], [0.0, 1256.7485116440403, 451.9541780095127], [0.0, 0.0, 1.0]], [[1254.9860565800168, 0.0, 829.5769333630991], [0.0, 1254.9860565800168, 467.1680561863987], [0.0, 0.0, 1.0]], [[796.8910634503094, 0.0, 857.7774326863696], [0.0, 796.8910634503094, 476.8848988407415], [0.0, 0.0, 1.0]], [[1249.9629280788233, 0.0, 825.3768045375984], [0.0, 1249.9629280788233, 462.54816385708756], [0.0, 0.0, 1.0]]], "extrinsics": [[[0.822384238243103, -0.5689318776130676, 0.0008812580490484834, -0.73846435546875], [0.013301408849656582, 0.01767844147980213, -0.9997552633285522, 1.4925804138183594], [0.5687770247459412, 0.8221947550773621, 0.022106066346168518, -1.1500244140625], [0.0, 0.0, 0.0, 1.0]], [[0.010059988126158714, -0.999858558177948, -0.013474902138113976, 0.0089111328125], [0.015081723220646381, 0.013625767081975937, -0.9997934103012085, 1.4841766357421875], [0.9998356103897095, 0.009854684583842754, 0.015216664411127567, -1.46826171875], [0.0, 0.0, 0.0, 1.0]], [[-0.843974232673645, -0.5359281301498413, -0.022104302421212196, 0.91650390625], [0.02302793227136135, 0.004969301633536816, -0.999722421169281, 1.497833251953125], [0.5358892679214478, -0.8442490100860596, 0.008147353306412697, -1.166412353515625], [0.0, 0.0, 0.0, 1.0]], [[0.9478814005851746, 0.3186025619506836, 0.0036602129694074392, -1.137451171875], [-0.0029597643297165632, 0.020291579887270927, -0.9997897148132324, 1.5620250701904297], [-0.3186098635196686, 0.9476711750030518, 0.020176997408270836, -0.158203125], [0.0, 0.0, 0.0, 1.0]], [[0.009233783930540085, 0.9998766183853149, 0.012709242291748524, -0.0283203125], [-0.00067918561398983, 0.012716053985059261, -0.9999188780784607, 1.5680046081542969], [-0.9999571442604065, 0.009224401786923409, 0.000796519045252353, -0.0355224609375], [0.0, 0.0, 0.0, 1.0]], [[-0.9236440062522888, 0.3831809163093567, -0.007356186397373676, 1.02215576171875], [0.003793687094002962, -0.010052029974758625, -0.9999422430992126, 1.5483860969543457], [-0.3832327425479889, -0.9236185550689697, 0.007830829359591007, -0.1005859375], [0.0, 0.0, 0.0, 1.0]]], "view": [[0.0, -2.0, 100.0], [-2.0, 0.0, 100.0], [0.0, 0.0, 1.0]], "bev": "bev_1f2ea8ded6d543298f9cb7927b435a11.png", "aux": "aux_1f2ea8ded6d543298f9cb7927b435a11.npz", "visibility": "visibility_1f2ea8ded6d543298f9cb7927b435a11.png", "pose": [[0.9999942183494568, 0.0034070920664817095, 0.0, 1585.2655029296875], [-0.0034070920664817095, 0.9999942183494568, 0.0, 1200.44873046875], [0.0, 0.0, 1.0, 0.0], [0.0, 0.0, 0.0, 1.0]], "pose_inverse": [[0.9999942183494568, -0.0034070920664817095, 0.0, -1581.166259765625], [0.0034070920664817095, 0.9999942183494568, 0.0, -1205.8428955078125], [0.0, 0.0, 1.0, 0.0], [0.0, 0.0, 0.0, 1.0]], "cam_ids": [0, 1, 2, 3, 4, 5], "cam_channels": ["CAM_FRONT_LEFT", "CAM_FRONT", "CAM_FRONT_RIGHT", "CAM_BACK_LEFT", "CAM_BACK", "CAM_BACK_RIGHT"], "token": "1f2ea8ded6d543298f9cb7927b435a11", "scene": "scene-0736"}, {"images": ["samples/CAM_FRONT_LEFT/n008-2018-08-29-16-04-13-0400__CAM_FRONT_LEFT__1535574061254799.jpg", "samples/CAM_FRONT/n008-2018-08-29-16-04-13-0400__CAM_FRONT__1535574061262404.jpg", "samples/CAM_FRONT_RIGHT/n008-2018-08-29-16-04-13-0400__CAM_FRONT_RIGHT__1535574061270482.jpg", "samples/CAM_BACK_LEFT/n008-2018-08-29-16-04-13-0400__CAM_BACK_LEFT__1535574061297405.jpg", "samples/CAM_BACK/n008-2018-08-29-16-04-13-0400__CAM_BACK__1535574061287558.jpg", "samples/CAM_BACK_RIGHT/n008-2018-08-29-16-04-13-0400__CAM_BACK_RIGHT__1535574061278113.jpg"], "intrinsics": [[[1257.8625342125129, 0.0, 827.2410631095686], [0.0, 1257.8625342125129, 450.915498205774], [0.0, 0.0, 1.0]], [[1252.8131021185304, 0.0, 826.588114781398], [0.0, 1252.8131021185304, 469.9846626224581], [0.0, 0.0, 1.0]], [[1256.7485116440405, 0.0, 817.7887570959712], [0.0, 1256.7485116440403, 451.9541780095127], [0.0, 0.0, 1.0]], [[1254.9860565800168, 0.0, 829.5769333630991], [0.0, 1254.9860565800168, 467.1680561863987], [0.0, 0.0, 1.0]], [[796.8910634503094, 0.0, 857.7774326863696], [0.0, 796.8910634503094, 476.8848988407415], [0.0, 0.0, 1.0]], [[1249.9629280788233, 0.0, 825.3768045375984], [0.0, 1249.9629280788233, 462.54816385708756], [0.0, 0.0, 1.0]]], "extrinsics": [[[0.8224704265594482, -0.5688075423240662, 0.0006211666623130441, -0.7386474609375], [0.012750944122672081, 0.017345499247312546, -0.9997682571411133, 1.4923210144042969], [0.5686649680137634, 0.8222877383232117, 0.021518992260098457, -1.154052734375], [0.0, 0.0, 0.0, 1.0]], [[0.010196908377110958, -0.999861478805542, -0.013149994425475597, 0.011474609375], [0.01449959073215723, 0.013297142460942268, -0.9998064637184143, 1.4839744567871094], [0.9998428225517273, 0.010004264302551746, 0.014633172191679478, -1.4691162109375], [0.0, 0.0, 0.0, 1.0]], [[-0.8439291715621948, -0.5360278487205505, -0.02139166183769703, 0.917724609375], [0.022337593138217926, 0.0047287410125136375, -0.9997392892837524, 1.4976730346679688], [0.5359892845153809, -0.8441870808601379, 0.007982849143445492, -1.1644287109375], [0.0, 0.0, 0.0, 1.0]], [[0.947877824306488, 0.3186206817626953, 0.0029137060046195984, -1.1348876953125], [-0.0038193955551832914, 0.020505234599113464, -0.9997824430465698, 1.5620040893554688], [-0.31861114501953125, 0.9476604461669922, 0.020653394982218742, -0.15936279296875], [0.0, 0.0, 0.0, 1.0]], [[0.009194247424602509, 0.9998769164085388, 0.012716244906187057, -0.029052734375], [-0.001448226161301136, 0.012730083428323269, -0.9999179244041443, 1.567927360534668], [-0.9999567270278931, 0.009175076149404049, 0.00156509131193161, -0.0374755859375], [0.0, 0.0, 0.0, 1.0]], [[-0.923680305480957, 0.38310515880584717, -0.00672541419044137, 1.0203857421875], [0.0030544556211680174, -0.010189615190029144, -0.9999433755874634, 1.5482912063598633], [-0.38315194845199585, -0.9236485362052917, 0.00824176799505949, -0.0997314453125], [0.0, 0.0, 0.0, 1.0]]], "view": [[0.0, -2.0, 100.0], [-2.0, 0.0, 100.0], [0.0, 0.0, 1.0]], "bev": "bev_73747ad5963440dea499945266787295.png", "aux": "aux_73747ad5963440dea499945266787295.npz", "visibility": "visibility_73747ad5963440dea499945266787295.png", "pose": [[1.0, -0.00012878188863396645, 0.0, 1588.952392578125], [0.00012878188863396645, 1.0, 0.0, 1200.4150390625], [0.0, 0.0, 1.0, 0.0], [0.0, 0.0, 0.0, 1.0]], "pose_inverse": [[1.0, 0.00012878188863396645, 0.0, -1589.10693359375], [-0.00012878188863396645, 1.0, 0.0, -1200.21044921875], [0.0, 0.0, 1.0, 0.0], [0.0, 0.0, 0.0, 1.0]], "cam_ids": [0, 1, 2, 3, 4, 5], "cam_channels": ["CAM_FRONT_LEFT", "CAM_FRONT", "CAM_FRONT_RIGHT", "CAM_BACK_LEFT", "CAM_BACK", "CAM_BACK_RIGHT"], "token": "73747ad5963440dea499945266787295", "scene": "scene-0736"}, {"images": ["samples/CAM_FRONT_LEFT/n008-2018-08-29-16-04-13-0400__CAM_FRONT_LEFT__1535574061754799.jpg", "samples/CAM_FRONT/n008-2018-08-29-16-04-13-0400__CAM_FRONT__1535574061762404.jpg", "samples/CAM_FRONT_RIGHT/n008-2018-08-29-16-04-13-0400__CAM_FRONT_RIGHT__1535574061770482.jpg", "samples/CAM_BACK_LEFT/n008-2018-08-29-16-04-13-0400__CAM_BACK_LEFT__1535574061797405.jpg", "samples/CAM_BACK/n008-2018-08-29-16-04-13-0400__CAM_BACK__1535574061787558.jpg", "samples/CAM_BACK_RIGHT/n008-2018-08-29-16-04-13-0400__CAM_BACK_RIGHT__1535574061778113.jpg"], "intrinsics": [[[1257.8625342125129, 0.0, 827.2410631095686], [0.0, 1257.8625342125129, 450.915498205774], [0.0, 0.0, 1.0]], [[1252.8131021185304, 0.0, 826.588114781398], [0.0, 1252.8131021185304, 469.9846626224581], [0.0, 0.0, 1.0]], [[1256.7485116440405, 0.0, 817.7887570959712], [0.0, 1256.7485116440403, 451.9541780095127], [0.0, 0.0, 1.0]], [[1254.9860565800168, 0.0, 829.5769333630991], [0.0, 1254.9860565800168, 467.1680561863987], [0.0, 0.0, 1.0]], [[796.8910634503094, 0.0, 857.7774326863696], [0.0, 796.8910634503094, 476.8848988407415], [0.0, 0.0, 1.0]], [[1249.9629280788233, 0.0, 825.3768045375984], [0.0, 1249.9629280788233, 462.54816385708756], [0.0, 0.0, 1.0]]], "extrinsics": [[[0.8222340941429138, -0.5691487789154053, -0.0008790010469965637, -0.7471923828125], [0.011351811699569225, 0.01794372871518135, -0.9997745156288147, 1.4918060302734375], [0.5690361857414246, 0.8220388293266296, 0.021214812994003296, -1.1573486328125], [0.0, 0.0, 0.0, 1.0]], [[0.009737006388604641, -0.9998583197593689, -0.013731064274907112, 0.0091552734375], [0.01320735178887844, 0.013859111815690994, -0.9998167157173157, 1.4835700988769531], [0.9998653531074524, 0.009553871117532253, 0.013340427540242672, -1.4755859375], [0.0, 0.0, 0.0, 1.0]], [[-0.8441389799118042, -0.5357282161712646, -0.020603163167834282, 0.9212646484375], [0.021109815686941147, 0.0051867226138710976, -0.9997637271881104, 1.4973182678222656], [0.535708487033844, -0.8443745374679565, 0.0069308094680309296, -1.1689453125], [0.0, 0.0, 0.0, 1.0]], [[0.9478869438171387, 0.31859952211380005, 0.0021817421074956656, -1.1358642578125], [-0.004583314526826143, 0.020482534542679787, -0.9997797012329102, 1.562006950378418], [-0.31857407093048096, 0.9476680755615234, 0.020875368267297745, -0.15863037109375], [0.0, 0.0, 0.0, 1.0]], [[0.00934372004121542, 0.9998733997344971, 0.012879027985036373, -0.028564453125], [-0.0023776241578161716, 0.01290176808834076, -0.9999139308929443, 1.5678682327270508], [-0.9999534487724304, 0.009312293492257595, 0.0024978735018521547, -0.03466796875], [0.0, 0.0, 0.0, 1.0]], [[-0.9235913753509521, 0.38333797454833984, -0.005555833224207163, 1.02484130859375], [0.001927336328662932, -0.009848966263234615, -0.9999496340751648, 1.5481023788452148], [-0.38337334990501404, -0.9235555529594421, 0.008357600308954716, -0.099365234375], [0.0, 0.0, 0.0, 1.0]]], "view": [[0.0, -2.0, 100.0], [-2.0, 0.0, 100.0], [0.0, 0.0, 1.0]], "bev": "bev_59e8e632d638414eb22f9be4b16f9384.png", "aux": "aux_59e8e632d638414eb22f9be4b16f9384.npz", "visibility": "visibility_59e8e632d638414eb22f9be4b16f9384.png", "pose": [[0.9999934434890747, -0.0036150426603853703, 0.0, 1592.53125], [0.0036150426603853703, 0.9999934434890747, 0.0, 1200.3916015625], [0.0, 0.0, 1.0, 0.0], [0.0, 0.0, 0.0, 1.0]], "pose_inverse": [[0.9999934434890747, 0.0036150426603853703, 0.0, -1596.8603515625], [-0.0036150426603853703, 0.9999934434890747, 0.0, -1194.626708984375], [0.0, 0.0, 1.0, 0.0], [0.0, 0.0, 0.0, 1.0]], "cam_ids": [0, 1, 2, 3, 4, 5], "cam_channels": ["CAM_FRONT_LEFT", "CAM_FRONT", "CAM_FRONT_RIGHT", "CAM_BACK_LEFT", "CAM_BACK", "CAM_BACK_RIGHT"], "token": "59e8e632d638414eb22f9be4b16f9384", "scene": "scene-0736"}, {"images": ["samples/CAM_FRONT_LEFT/n008-2018-08-29-16-04-13-0400__CAM_FRONT_LEFT__1535574062254799.jpg", "samples/CAM_FRONT/n008-2018-08-29-16-04-13-0400__CAM_FRONT__1535574062262404.jpg", "samples/CAM_FRONT_RIGHT/n008-2018-08-29-16-04-13-0400__CAM_FRONT_RIGHT__1535574062270482.jpg", "samples/CAM_BACK_LEFT/n008-2018-08-29-16-04-13-0400__CAM_BACK_LEFT__1535574062297405.jpg", "samples/CAM_BACK/n008-2018-08-29-16-04-13-0400__CAM_BACK__1535574062287558.jpg", "samples/CAM_BACK_RIGHT/n008-2018-08-29-16-04-13-0400__CAM_BACK_RIGHT__1535574062278113.jpg"], "intrinsics": [[[1257.8625342125129, 0.0, 827.2410631095686], [0.0, 1257.8625342125129, 450.915498205774], [0.0, 0.0, 1.0]], [[1252.8131021185304, 0.0, 826.588114781398], [0.0, 1252.8131021185304, 469.9846626224581], [0.0, 0.0, 1.0]], [[1256.7485116440405, 0.0, 817.7887570959712], [0.0, 1256.7485116440403, 451.9541780095127], [0.0, 0.0, 1.0]], [[1254.9860565800168, 0.0, 829.5769333630991], [0.0, 1254.9860565800168, 467.1680561863987], [0.0, 0.0, 1.0]], [[796.8910634503094, 0.0, 857.7774326863696], [0.0, 796.8910634503094, 476.8848988407415], [0.0, 0.0, 1.0]], [[1249.9629280788233, 0.0, 825.3768045375984], [0.0, 1249.9629280788233, 462.54816385708756], [0.0, 0.0, 1.0]]], "extrinsics": [[[0.8220568299293518, -0.5693666338920593, -0.006641607265919447, -0.75738525390625], [0.006657496560364962, 0.021274158731102943, -0.9997515082359314, 1.4903030395507812], [0.5693663954734802, 0.8218083381652832, 0.021279126405715942, -1.1617431640625], [0.0, 0.0, 0.0, 1.0]], [[0.009554240852594376, -0.9998077154159546, -0.017122389748692513, 0.0076904296875], [0.008609638549387455, 0.017204787582159042, -0.9998149275779724, 1.4823150634765625], [0.9999172687530518, 0.009405055083334446, 0.008772362023591995, -1.4852294921875], [0.0, 0.0, 0.0, 1.0]], [[-0.8442720770835876, -0.535590648651123, -0.018633702769875526, 0.9266357421875], [0.01666504144668579, 0.008515101857483387, -0.9998248815536499, 1.4963111877441406], [0.5356554985046387, -0.8444347977638245, 0.0017365780659019947, -1.1735992431640625], [0.0, 0.0, 0.0, 1.0]], [[0.948003351688385, 0.31825950741767883, -0.0008105980814434588, -1.1326904296875], [-0.008759266696870327, 0.023545166477560997, -0.9996843934059143, 1.5619831085205078], [-0.3181399703025818, 0.947711169719696, 0.025108614936470985, -0.158203125], [0.0, 0.0, 0.0, 1.0]], [[0.009566931053996086, 0.9998254776000977, 0.016046488657593727, -0.02734375], [-0.006594306789338589, 0.016109956428408623, -0.999848484992981, 1.5675568580627441], [-0.9999324679374695, 0.009459665045142174, 0.006747279316186905, -0.03369140625], [0.0, 0.0, 0.0, 1.0]], [[-0.9235806465148926, 0.38340380787849426, -0.00028269251924939454, 1.02935791015625], [-0.0024139536544680595, -0.006552274338901043, -0.9999756217002869, 1.5474681854248047], [-0.38339629769325256, -0.9235575795173645, 0.006977074313908815, -0.0985107421875], [0.0, 0.0, 0.0, 1.0]]], "view": [[0.0, -2.0, 100.0], [-2.0, 0.0, 100.0], [0.0, 0.0, 1.0]], "bev": "bev_0e62174fed5c4e919193b9431f557d07.png", "aux": "aux_0e62174fed5c4e919193b9431f557d07.npz", "visibility": "visibility_0e62174fed5c4e919193b9431f557d07.png", "pose": [[0.9999871850013733, -0.005056900437921286, 0.0, 1595.9334716796875], [0.005056900437921286, 0.9999871850013733, 0.0, 1200.3843994140625], [0.0, 0.0, 1.0, 0.0], [0.0, 0.0, 0.0, 1.0]], "pose_inverse": [[0.9999871850013733, 0.005056900437921286, 0.0, -1601.9832763671875], [-0.005056900437921286, 0.9999871850013733, 0.0, -1192.298583984375], [0.0, 0.0, 1.0, 0.0], [0.0, 0.0, 0.0, 1.0]], "cam_ids": [0, 1, 2, 3, 4, 5], "cam_channels": ["CAM_FRONT_LEFT", "CAM_FRONT", "CAM_FRONT_RIGHT", "CAM_BACK_LEFT", "CAM_BACK", "CAM_BACK_RIGHT"], "token": "0e62174fed5c4e919193b9431f557d07", "scene": "scene-0736"}, {"images": ["samples/CAM_FRONT_LEFT/n008-2018-08-29-16-04-13-0400__CAM_FRONT_LEFT__1535574062654803.jpg", "samples/CAM_FRONT/n008-2018-08-29-16-04-13-0400__CAM_FRONT__1535574062662404.jpg", "samples/CAM_FRONT_RIGHT/n008-2018-08-29-16-04-13-0400__CAM_FRONT_RIGHT__1535574062670482.jpg", "samples/CAM_BACK_LEFT/n008-2018-08-29-16-04-13-0400__CAM_BACK_LEFT__1535574062697405.jpg", "samples/CAM_BACK/n008-2018-08-29-16-04-13-0400__CAM_BACK__1535574062687558.jpg", "samples/CAM_BACK_RIGHT/n008-2018-08-29-16-04-13-0400__CAM_BACK_RIGHT__1535574062678113.jpg"], "intrinsics": [[[1257.8625342125129, 0.0, 827.2410631095686], [0.0, 1257.8625342125129, 450.915498205774], [0.0, 0.0, 1.0]], [[1252.8131021185304, 0.0, 826.588114781398], [0.0, 1252.8131021185304, 469.9846626224581], [0.0, 0.0, 1.0]], [[1256.7485116440405, 0.0, 817.7887570959712], [0.0, 1256.7485116440403, 451.9541780095127], [0.0, 0.0, 1.0]], [[1254.9860565800168, 0.0, 829.5769333630991], [0.0, 1254.9860565800168, 467.1680561863987], [0.0, 0.0, 1.0]], [[796.8910634503094, 0.0, 857.7774326863696], [0.0, 796.8910634503094, 476.8848988407415], [0.0, 0.0, 1.0]], [[1249.9629280788233, 0.0, 825.3768045375984], [0.0, 1249.9629280788233, 462.54816385708756], [0.0, 0.0, 1.0]]], "extrinsics": [[[0.8223982453346252, -0.5688943862915039, -0.0045143612660467625, -0.7703857421875], [0.007724571041762829, 0.019100341945886612, -0.9997876882553101, 1.490447998046875], [0.5688598155975342, 0.8221887946128845, 0.020102551206946373, -1.1737060546875], [0.0, 0.0, 0.0, 1.0]], [[0.010086131282150745, -0.9998379349708557, -0.014905854128301144, 0.009521484375], [0.009553851559758186, 0.015002286992967129, -0.9998418092727661, 1.4823894500732422], [0.9999034404754639, 0.009942127391695976, 0.00970361940562725, -1.4993896484375], [0.0, 0.0, 0.0, 1.0]], [[-0.8440368175506592, -0.5359728932380676, -0.01830253377556801, 0.9366455078125], [0.01769104041159153, 0.006282817106693983, -0.9998237490653992, 1.496307373046875], [0.5359933376312256, -0.8442118167877197, 0.004178986884653568, -1.1780242919921875], [0.0, 0.0, 0.0, 1.0]], [[0.9478882551193237, 0.3186027705669403, -0.0004091407172381878, -1.13525390625], [-0.007595709525048733, 0.0213144663721323, -0.9997439980506897, 1.5619726181030273], [-0.318512499332428, 0.9476486444473267, 0.02262374572455883, -0.15911865234375], [0.0, 0.0, 0.0, 1.0]], [[0.009264633990824223, 0.9998618364334106, 0.013805389404296875, -0.0286865234375], [-0.005566739942878485, 0.013857339508831501, -0.9998884797096252, 1.5676484107971191], [-0.9999415278434753, 0.009186748415231705, 0.005694353487342596, -0.0283203125], [0.0, 0.0, 0.0, 1.0]], [[-0.9236924648284912, 0.3831285536289215, -0.0021423508878797293, 1.0364990234375], [-0.001335394335910678, -0.008811034262180328, -0.9999602437019348, 1.5476436614990234], [-0.3831322193145752, -0.9236529469490051, 0.008650315925478935, -0.093994140625], [0.0, 0.0, 0.0, 1.0]]], "view": [[0.0, -2.0, 100.0], [-2.0, 0.0, 100.0], [0.0, 0.0, 1.0]], "bev": "bev_c1a54e892ee04229a9bb2c8f46766fe0.png", "aux": "aux_c1a54e892ee04229a9bb2c8f46766fe0.npz", "visibility": "visibility_c1a54e892ee04229a9bb2c8f46766fe0.png", "pose": [[0.9999862909317017, -0.005231230985373259, 0.0, 1598.5419921875], [0.005231230985373259, 0.9999862909317017, 0.0, 1200.37060546875], [0.0, 0.0, 1.0, 0.0], [0.0, 0.0, 0.0, 1.0]], "pose_inverse": [[0.9999862909317017, 0.005231230985373259, 0.0, -1604.799560546875], [-0.005231230985373259, 0.9999862909317017, 0.0, -1191.9918212890625], [0.0, 0.0, 1.0, 0.0], [0.0, 0.0, 0.0, 1.0]], "cam_ids": [0, 1, 2, 3, 4, 5], "cam_channels": ["CAM_FRONT_LEFT", "CAM_FRONT", "CAM_FRONT_RIGHT", "CAM_BACK_LEFT", "CAM_BACK", "CAM_BACK_RIGHT"], "token": "c1a54e892ee04229a9bb2c8f46766fe0", "scene": "scene-0736"}, {"images": ["samples/CAM_FRONT_LEFT/n008-2018-08-29-16-04-13-0400__CAM_FRONT_LEFT__1535574063154799.jpg", "samples/CAM_FRONT/n008-2018-08-29-16-04-13-0400__CAM_FRONT__1535574063162404.jpg", "samples/CAM_FRONT_RIGHT/n008-2018-08-29-16-04-13-0400__CAM_FRONT_RIGHT__1535574063170482.jpg", "samples/CAM_BACK_LEFT/n008-2018-08-29-16-04-13-0400__CAM_BACK_LEFT__1535574063197405.jpg", "samples/CAM_BACK/n008-2018-08-29-16-04-13-0400__CAM_BACK__1535574063187558.jpg", "samples/CAM_BACK_RIGHT/n008-2018-08-29-16-04-13-0400__CAM_BACK_RIGHT__1535574063178113.jpg"], "intrinsics": [[[1257.8625342125129, 0.0, 827.2410631095686], [0.0, 1257.8625342125129, 450.915498205774], [0.0, 0.0, 1.0]], [[1252.8131021185304, 0.0, 826.588114781398], [0.0, 1252.8131021185304, 469.9846626224581], [0.0, 0.0, 1.0]], [[1256.7485116440405, 0.0, 817.7887570959712], [0.0, 1256.7485116440403, 451.9541780095127], [0.0, 0.0, 1.0]], [[1254.9860565800168, 0.0, 829.5769333630991], [0.0, 1254.9860565800168, 467.1680561863987], [0.0, 0.0, 1.0]], [[796.8910634503094, 0.0, 857.7774326863696], [0.0, 796.8910634503094, 476.8848988407415], [0.0, 0.0, 1.0]], [[1249.9629280788233, 0.0, 825.3768045375984], [0.0, 1249.9629280788233, 462.54816385708756], [0.0, 0.0, 1.0]]], "extrinsics": [[[0.8226711750030518, -0.568493127822876, -0.00527088763192296, -0.7939453125], [0.007521741557866335, 0.0201543141156435, -0.9997686147689819, 1.4902114868164062], [0.5684677362442017, 0.8224411606788635, 0.020856430754065514, -1.1881103515625], [0.0, 0.0, 0.0, 1.0]], [[0.010484215803444386, -0.9998165369033813, -0.016031116247177124, 0.008056640625], [0.009449792094528675, 0.016130346804857254, -0.9998252391815186, 1.4821624755859375], [0.9999004006385803, 0.010330894030630589, 0.009617172181606293, -1.52197265625], [0.0, 0.0, 0.0, 1.0]], [[-0.8438755869865417, -0.5362120270729065, -0.018729237839579582, 0.95068359375], [0.017416292801499367, 0.007513232994824648, -0.9998200535774231, 1.4959602355957031], [0.5362562537193298, -0.8440499305725098, 0.0029985904693603516, -1.1882171630859375], [0.0, 0.0, 0.0, 1.0]], [[0.9478782415390015, 0.3186326026916504, -0.00041079215588979423, -1.1336669921875], [-0.00811435841023922, 0.022849995642900467, -0.999705970287323, 1.5619564056396484], [-0.31852954626083374, 0.9476028680801392, 0.024244509637355804, -0.1595458984375], [0.0, 0.0, 0.0, 1.0]], [[0.009139824658632278, 0.9998422861099243, 0.015228099189698696, -0.0283203125], [-0.0059210387989878654, 0.015282581560313702, -0.9998656511306763, 1.5676589012145996], [-0.9999407529830933, 0.009048429317772388, 0.006059784442186356, -0.0230712890625], [0.0, 0.0, 0.0, 1.0]], [[-0.9237803816795349, 0.38292041420936584, -0.0013166727731004357, 1.0477294921875], [-0.0016801347956061363, -0.00749165890738368, -0.999970555305481, 1.5476093292236328], [-0.38291898369789124, -0.9237509369850159, 0.0075640068389475346, -0.0899658203125], [0.0, 0.0, 0.0, 1.0]]], "view": [[0.0, -2.0, 100.0], [-2.0, 0.0, 100.0], [0.0, 0.0, 1.0]], "bev": "bev_c35a896afddb4267a2638f1696ed45ee.png", "aux": "aux_c35a896afddb4267a2638f1696ed45ee.npz", "visibility": "visibility_c35a896afddb4267a2638f1696ed45ee.png", "pose": [[0.9999884963035583, -0.004801703151315451, 0.0, 1601.555419921875], [0.004801703151315451, 0.9999884963035583, 0.0, 1200.3720703125], [0.0, 0.0, 1.0, 0.0], [0.0, 0.0, 0.0, 1.0]], "pose_inverse": [[0.9999884963035583, 0.004801703151315451, 0.0, -1607.30078125], [-0.004801703151315451, 0.9999884963035583, 0.0, -1192.6680908203125], [0.0, 0.0, 1.0, 0.0], [0.0, 0.0, 0.0, 1.0]], "cam_ids": [0, 1, 2, 3, 4, 5], "cam_channels": ["CAM_FRONT_LEFT", "CAM_FRONT", "CAM_FRONT_RIGHT", "CAM_BACK_LEFT", "CAM_BACK", "CAM_BACK_RIGHT"], "token": "c35a896afddb4267a2638f1696ed45ee", "scene": "scene-0736"}, {"images": ["samples/CAM_FRONT_LEFT/n008-2018-08-29-16-04-13-0400__CAM_FRONT_LEFT__1535574063654799.jpg", "samples/CAM_FRONT/n008-2018-08-29-16-04-13-0400__CAM_FRONT__1535574063662404.jpg", "samples/CAM_FRONT_RIGHT/n008-2018-08-29-16-04-13-0400__CAM_FRONT_RIGHT__1535574063670482.jpg", "samples/CAM_BACK_LEFT/n008-2018-08-29-16-04-13-0400__CAM_BACK_LEFT__1535574063697405.jpg", "samples/CAM_BACK/n008-2018-08-29-16-04-13-0400__CAM_BACK__1535574063687558.jpg", "samples/CAM_BACK_RIGHT/n008-2018-08-29-16-04-13-0400__CAM_BACK_RIGHT__1535574063678113.jpg"], "intrinsics": [[[1257.8625342125129, 0.0, 827.2410631095686], [0.0, 1257.8625342125129, 450.915498205774], [0.0, 0.0, 1.0]], [[1252.8131021185304, 0.0, 826.588114781398], [0.0, 1252.8131021185304, 469.9846626224581], [0.0, 0.0, 1.0]], [[1256.7485116440405, 0.0, 817.7887570959712], [0.0, 1256.7485116440403, 451.9541780095127], [0.0, 0.0, 1.0]], [[1254.9860565800168, 0.0, 829.5769333630991], [0.0, 1254.9860565800168, 467.1680561863987], [0.0, 0.0, 1.0]], [[796.8910634503094, 0.0, 857.7774326863696], [0.0, 796.8910634503094, 476.8848988407415], [0.0, 0.0, 1.0]], [[1249.9629280788233, 0.0, 825.3768045375984], [0.0, 1249.9629280788233, 462.54816385708756], [0.0, 0.0, 1.0]]], "extrinsics": [[[0.8223469853401184, -0.5689347982406616, -0.0076654450967907906, -0.80987548828125], [0.005518521182239056, 0.021446581929922104, -0.9997547268867493, 1.4895706176757812], [0.568959653377533, 0.8221030235290527, 0.020776208490133286, -1.2001953125], [0.0, 0.0, 0.0, 1.0]], [[0.00987115129828453, -0.999802827835083, -0.017231637611985207, 0.00830078125], [0.007419459521770477, 0.01730523630976677, -0.999822735786438, 1.4816036224365234], [0.9999237656593323, 0.009741552174091339, 0.00758881913498044, -1.538818359375], [0.0, 0.0, 0.0, 1.0]], [[-0.8441541194915771, -0.5358132719993591, -0.01755022630095482, 0.9625244140625], [0.015323244966566563, 0.008608105592429638, -0.9998455047607422, 1.4953994750976562], [0.5358816385269165, -0.8442927002906799, 0.0009438295965082943, -1.1952056884765625], [0.0, 0.0, 0.0, 1.0]], [[0.9478647112846375, 0.31866687536239624, -0.0020010732114315033, -1.137939453125], [-0.010097299702465534, 0.023756682872772217, -0.9996667504310608, 1.5619783401489258], [-0.3185131549835205, 0.9475690126419067, 0.025735795497894287, -0.15814208984375], [0.0, 0.0, 0.0, 1.0]], [[0.009325508959591389, 0.9998258352279663, 0.016166936606168747, -0.0284423828125], [-0.007940905168652534, 0.016241177916526794, -0.9998365044593811, 1.5675835609436035], [-0.9999250173568726, 0.009195605292916298, 0.008090978488326073, -0.0152587890625], [0.0, 0.0, 0.0, 1.0]], [[-0.9236561059951782, 0.3832211494445801, 0.000995646114461124, 1.057861328125], [-0.003758514765650034, -0.006460908800363541, -0.9999720454216003, 1.5473995208740234], [-0.38320401310920715, -0.9236340522766113, 0.007407999597489834, -0.085693359375], [0.0, 0.0, 0.0, 1.0]]], "view": [[0.0, -2.0, 100.0], [-2.0, 0.0, 100.0], [0.0, 0.0, 1.0]], "bev": "bev_03d8765ca8ff4c3fb9bfb5ce9c3574af.png", "aux": "aux_03d8765ca8ff4c3fb9bfb5ce9c3574af.npz", "visibility": "visibility_03d8765ca8ff4c3fb9bfb5ce9c3574af.png", "pose": [[0.9999969601631165, -0.0024766954593360424, 0.0, 1604.3189697265625], [0.0024766954593360424, 0.9999969601631165, 0.0, 1200.3563232421875], [0.0, 0.0, 1.0, 0.0], [0.0, 0.0, 0.0, 1.0]], "pose_inverse": [[0.9999969601631165, 0.0024766954593360424, 0.0, -1607.2869873046875], [-0.0024766954593360424, 0.9999969601631165, 0.0, -1196.3792724609375], [0.0, 0.0, 1.0, 0.0], [0.0, 0.0, 0.0, 1.0]], "cam_ids": [0, 1, 2, 3, 4, 5], "cam_channels": ["CAM_FRONT_LEFT", "CAM_FRONT", "CAM_FRONT_RIGHT", "CAM_BACK_LEFT", "CAM_BACK", "CAM_BACK_RIGHT"], "token": "03d8765ca8ff4c3fb9bfb5ce9c3574af", "scene": "scene-0736"}, {"images": ["samples/CAM_FRONT_LEFT/n008-2018-08-29-16-04-13-0400__CAM_FRONT_LEFT__1535574064154799.jpg", "samples/CAM_FRONT/n008-2018-08-29-16-04-13-0400__CAM_FRONT__1535574064162600.jpg", "samples/CAM_FRONT_RIGHT/n008-2018-08-29-16-04-13-0400__CAM_FRONT_RIGHT__1535574064170482.jpg", "samples/CAM_BACK_LEFT/n008-2018-08-29-16-04-13-0400__CAM_BACK_LEFT__1535574064197427.jpg", "samples/CAM_BACK/n008-2018-08-29-16-04-13-0400__CAM_BACK__1535574064187558.jpg", "samples/CAM_BACK_RIGHT/n008-2018-08-29-16-04-13-0400__CAM_BACK_RIGHT__1535574064178231.jpg"], "intrinsics": [[[1257.8625342125129, 0.0, 827.2410631095686], [0.0, 1257.8625342125129, 450.915498205774], [0.0, 0.0, 1.0]], [[1252.8131021185304, 0.0, 826.588114781398], [0.0, 1252.8131021185304, 469.9846626224581], [0.0, 0.0, 1.0]], [[1256.7485116440405, 0.0, 817.7887570959712], [0.0, 1256.7485116440403, 451.9541780095127], [0.0, 0.0, 1.0]], [[1254.9860565800168, 0.0, 829.5769333630991], [0.0, 1254.9860565800168, 467.1680561863987], [0.0, 0.0, 1.0]], [[796.8910634503094, 0.0, 857.7774326863696], [0.0, 796.8910634503094, 476.8848988407415], [0.0, 0.0, 1.0]], [[1249.9629280788233, 0.0, 825.3768045375984], [0.0, 1249.9629280788233, 462.54816385708756], [0.0, 0.0, 1.0]]], "extrinsics": [[[0.8222212791442871, -0.5690973401069641, -0.008967780508100986, -0.8330078125], [0.004441848956048489, 0.0221713799983263, -0.9997442960739136, 1.4892234802246094], [0.5691506266593933, 0.8219712376594543, 0.020757624879479408, -1.214599609375], [0.0, 0.0, 0.0, 1.0]], [[0.009716055355966091, -0.9997896552085876, -0.01805698871612549, 0.0072021484375], [0.0063094221986830235, 0.018118776381015778, -0.9998159408569336, 1.4812507629394531], [0.9999328851699829, 0.009600337594747543, 0.006484138313680887, -1.562744140625], [0.0, 0.0, 0.0, 1.0]], [[-0.8442290425300598, -0.535708487033844, -0.01713567227125168, 0.977294921875], [0.014281532727181911, 0.009475805796682835, -0.9998530745506287, 1.4949913024902344], [0.5357922315597534, -0.8443498015403748, -0.0003490127273835242, -1.2056121826171875], [0.0, 0.0, 0.0, 1.0]], [[0.9478777050971985, 0.3186224699020386, -0.002737876959145069, -1.1392822265625], [-0.011233441531658173, 0.024828974157571793, -0.9996286034584045, 1.5619869232177734], [-0.3184362053871155, 0.9475564360618591, 0.027114059776067734, -0.15771484375], [0.0, 0.0, 0.0, 1.0]], [[0.00940103642642498, 0.9998083710670471, 0.017171435058116913, -0.0283203125], [-0.009041880257427692, 0.017256485298275948, -0.9998102188110352, 1.5675883293151855], [-0.9999149441719055, 0.009243990294635296, 0.009202376939356327, -0.008056640625], [0.0, 0.0, 0.0, 1.0]], [[-0.923626184463501, 0.38328731060028076, 0.0023194209206849337, 1.0711669921875], [-0.004802229348570108, -0.005520941223949194, -0.9999732375144958, 1.5473480224609375], [-0.3832642436027527, -0.9236125946044922, 0.006939920596778393, -0.080810546875], [0.0, 0.0, 0.0, 1.0]]], "view": [[0.0, -2.0, 100.0], [-2.0, 0.0, 100.0], [0.0, 0.0, 1.0]], "bev": "bev_8a91fdc79b4b45639bc4d4211524054b.png", "aux": "aux_8a91fdc79b4b45639bc4d4211524054b.npz", "visibility": "visibility_8a91fdc79b4b45639bc4d4211524054b.png", "pose": [[0.9999908208847046, -0.00428069569170475, 0.0, 1606.80810546875], [0.00428069569170475, 0.9999908208847046, 0.0, 1200.35693359375], [0.0, 0.0, 1.0, 0.0], [0.0, 0.0, 0.0, 1.0]], "pose_inverse": [[0.9999908208847046, 0.00428069569170475, 0.0, -1611.9317626953125], [-0.00428069569170475, 0.9999908208847046, 0.0, -1193.4676513671875], [0.0, 0.0, 1.0, 0.0], [0.0, 0.0, 0.0, 1.0]], "cam_ids": [0, 1, 2, 3, 4, 5], "cam_channels": ["CAM_FRONT_LEFT", "CAM_FRONT", "CAM_FRONT_RIGHT", "CAM_BACK_LEFT", "CAM_BACK", "CAM_BACK_RIGHT"], "token": "8a91fdc79b4b45639bc4d4211524054b", "scene": "scene-0736"}, {"images": ["samples/CAM_FRONT_LEFT/n008-2018-08-29-16-04-13-0400__CAM_FRONT_LEFT__1535574064654799.jpg", "samples/CAM_FRONT/n008-2018-08-29-16-04-13-0400__CAM_FRONT__1535574064662404.jpg", "samples/CAM_FRONT_RIGHT/n008-2018-08-29-16-04-13-0400__CAM_FRONT_RIGHT__1535574064670482.jpg", "samples/CAM_BACK_LEFT/n008-2018-08-29-16-04-13-0400__CAM_BACK_LEFT__1535574064697405.jpg", "samples/CAM_BACK/n008-2018-08-29-16-04-13-0400__CAM_BACK__1535574064687558.jpg", "samples/CAM_BACK_RIGHT/n008-2018-08-29-16-04-13-0400__CAM_BACK_RIGHT__1535574064678113.jpg"], "intrinsics": [[[1257.8625342125129, 0.0, 827.2410631095686], [0.0, 1257.8625342125129, 450.915498205774], [0.0, 0.0, 1.0]], [[1252.8131021185304, 0.0, 826.588114781398], [0.0, 1252.8131021185304, 469.9846626224581], [0.0, 0.0, 1.0]], [[1256.7485116440405, 0.0, 817.7887570959712], [0.0, 1256.7485116440403, 451.9541780095127], [0.0, 0.0, 1.0]], [[1254.9860565800168, 0.0, 829.5769333630991], [0.0, 1254.9860565800168, 467.1680561863987], [0.0, 0.0, 1.0]], [[796.8910634503094, 0.0, 857.7774326863696], [0.0, 796.8910634503094, 476.8848988407415], [0.0, 0.0, 1.0]], [[1249.9629280788233, 0.0, 825.3768045375984], [0.0, 1249.9629280788233, 462.54816385708756], [0.0, 0.0, 1.0]]], "extrinsics": [[[0.8226965069770813, -0.5684148073196411, -0.008664668537676334, -0.86248779296875], [0.0033778268843889236, 0.02012930065393448, -0.99979168176651, 1.4888534545898438], [0.56847083568573, 0.8224958777427673, 0.01848030835390091, -1.236328125], [0.0, 0.0, 0.0, 1.0]], [[0.010528323240578175, -0.9998164176940918, -0.016008764505386353, 0.0079345703125], [0.005323054734617472, 0.016065463423728943, -0.9998567700386047, 1.480905532836914], [0.9999303817749023, 0.010441599413752556, 0.005491218995302916, -1.5924072265625], [0.0, 0.0, 0.0, 1.0]], [[-0.8438984155654907, -0.536287784576416, -0.015196075662970543, 0.997802734375], [0.013285690918564796, 0.007426128257066011, -0.9998841881752014, 1.4945316314697266], [0.5363385677337646, -0.8440025448799133, 0.0008580548455938697, -1.2174072265625], [0.0, 0.0, 0.0, 1.0]], [[0.9478706121444702, 0.31862586736679077, -0.00436036940664053, -1.14013671875], [-0.012252617627382278, 0.02276960015296936, -0.9996656775474548, 1.5619935989379883], [-0.31842002272605896, 0.9476070404052734, 0.02548663504421711, -0.15728759765625], [0.0, 0.0, 0.0, 1.0]], [[0.009168319404125214, 0.9998443126678467, 0.015078124590218067, -0.0286865234375], [-0.010003319010138512, 0.015169710852205753, -0.999834835