[{"images": ["samples/CAM_FRONT_LEFT/n008-2018-09-18-14-43-59-0400__CAM_FRONT_LEFT__1537296464354799.jpg", "samples/CAM_FRONT/n008-2018-09-18-14-43-59-0400__CAM_FRONT__1537296464362404.jpg", "samples/CAM_FRONT_RIGHT/n008-2018-09-18-14-43-59-0400__CAM_FRONT_RIGHT__1537296464370482.jpg", "samples/CAM_BACK_LEFT/n008-2018-09-18-14-43-59-0400__CAM_BACK_LEFT__1537296464397405.jpg", "samples/CAM_BACK/n008-2018-09-18-14-43-59-0400__CAM_BACK__1537296464387558.jpg", "samples/CAM_BACK_RIGHT/n008-2018-09-18-14-43-59-0400__CAM_BACK_RIGHT__1537296464378113.jpg"], "intrinsics": [[[1257.8625342125129, 0.0, 827.2410631095686], [0.0, 1257.8625342125129, 450.915498205774], [0.0, 0.0, 1.0]], [[1252.8131021185304, 0.0, 826.588114781398], [0.0, 1252.8131021185304, 469.9846626224581], [0.0, 0.0, 1.0]], [[1256.7485116440405, 0.0, 817.7887570959712], [0.0, 1256.7485116440403, 451.9541780095127], [0.0, 0.0, 1.0]], [[1254.9860565800168, 0.0, 829.5769333630991], [0.0, 1254.9860565800168, 467.1680561863987], [0.0, 0.0, 1.0]], [[796.8910634503094, 0.0, 857.7774326863696], [0.0, 796.8910634503094, 476.8848988407415], [0.0, 0.0, 1.0]], [[1249.9629280788233, 0.0, 825.3768045375984], [0.0, 1249.9629280788233, 462.54816385708756], [0.0, 0.0, 1.0]]], "extrinsics": [[[0.8271626234054565, -0.5618839263916016, 0.009409130550920963, -0.8218917846679688], [0.019432377070188522, 0.011865518987178802, -0.9997407793998718, 1.4926528930664062], [0.561626672744751, 0.8271310329437256, 0.02073345147073269, -1.2061767578125], [0.0, 0.0, 0.0, 1.0]], [[0.017216777428984642, -0.9998245239257812, -0.007369389291852713, 0.0067138671875], [0.021409541368484497, 0.0077374400570988655, -0.9997408390045166, 1.4841384887695312], [0.9996225237846375, 0.017054561525583267, 0.021539002656936646, -1.549835205078125], [0.0, 0.0, 0.0, 1.0]], [[-0.840843915939331, -0.5407323241233826, -0.024289488792419434, 0.9686279296875], [0.029467931017279625, -0.000922827806789428, -0.9995653033256531, 1.4973201751708984], [0.5404748916625977, -0.841194212436676, 0.01671021804213524, -1.2008056640625], [0.0, 0.0, 0.0, 1.0]], [[0.9477430582046509, 0.318928062915802, 0.008248649537563324, -1.13946533203125], [0.0038778583984822035, 0.014337169006466866, -0.9998897314071655, 1.5620670318603516], [-0.3190111815929413, 0.9476704001426697, 0.012351195327937603, -0.1571044921875], [0.0, 0.0, 0.0, 1.0]], [[0.006938820239156485, 0.9999530911445618, 0.006756506394594908, -0.0277099609375], [0.006027053575962782, 0.0067147258669137955, -0.9999592900276184, 1.568406105041504], [-0.9999577403068542, 0.006979287602007389, -0.005980178713798523, -0.01220703125], [0.0, 0.0, 0.0, 1.0]], [[-0.925119161605835, 0.3793501555919647, -0.01574673131108284, 1.0631561279296875], [0.01043269969522953, -0.01605997607111931, -0.9998165965080261, 1.5488991737365723], [-0.3795334994792938, -0.9251137375831604, 0.010899747721850872, -0.0848388671875], [0.0, 0.0, 0.0, 1.0]]], "view": [[0.0, -2.0, 100.0], [-2.0, 0.0, 100.0], [0.0, 0.0, 1.0]], "bev": "bev_a9b32d2d298445a985668050d35d7039.png", "aux": "aux_a9b32d2d298445a985668050d35d7039.npz", "visibility": "visibility_a9b32d2d298445a985668050d35d7039.png", "pose": [[-0.8722957372665405, -0.48897865414619446, 0.0, 812.8580932617188], [0.48897865414619446, -0.8722957372665405, 0.0, 518.2276611328125], [0.0, 0.0, 1.0, 0.0], [0.0, 0.0, 0.0, 1.0]], "pose_inverse": [[-0.8722957372665405, 0.48897865414619446, 0.0, 455.6504211425781], [-0.48897865414619446, -0.8722957372665405, 0.0, 849.51806640625], [0.0, 0.0, 1.0, 0.0], [0.0, 0.0, 0.0, 1.0]], "cam_ids": [0, 1, 2, 3, 4, 5], "cam_channels": ["CAM_FRONT_LEFT", "CAM_FRONT", "CAM_FRONT_RIGHT", "CAM_BACK_LEFT", "CAM_BACK", "CAM_BACK_RIGHT"], "token": "a9b32d2d298445a985668050d35d7039", "scene": "scene-0646"}, {"images": ["samples/CAM_FRONT_LEFT/n008-2018-09-18-14-43-59-0400__CAM_FRONT_LEFT__1537296464854799.jpg", "samples/CAM_FRONT/n008-2018-09-18-14-43-59-0400__CAM_FRONT__1537296464862404.jpg", "samples/CAM_FRONT_RIGHT/n008-2018-09-18-14-43-59-0400__CAM_FRONT_RIGHT__1537296464870482.jpg", "samples/CAM_BACK_LEFT/n008-2018-09-18-14-43-59-0400__CAM_BACK_LEFT__1537296464897405.jpg", "samples/CAM_BACK/n008-2018-09-18-14-43-59-0400__CAM_BACK__1537296464887558.jpg", "samples/CAM_BACK_RIGHT/n008-2018-09-18-14-43-59-0400__CAM_BACK_RIGHT__1537296464878113.jpg"], "intrinsics": [[[1257.8625342125129, 0.0, 827.2410631095686], [0.0, 1257.8625342125129, 450.915498205774], [0.0, 0.0, 1.0]], [[1252.8131021185304, 0.0, 826.588114781398], [0.0, 1252.8131021185304, 469.9846626224581], [0.0, 0.0, 1.0]], [[1256.7485116440405, 0.0, 817.7887570959712], [0.0, 1256.7485116440403, 451.9541780095127], [0.0, 0.0, 1.0]], [[1254.9860565800168, 0.0, 829.5769333630991], [0.0, 1254.9860565800168, 467.1680561863987], [0.0, 0.0, 1.0]], [[796.8910634503094, 0.0, 857.7774326863696], [0.0, 796.8910634503094, 476.8848988407415], [0.0, 0.0, 1.0]], [[1249.9629280788233, 0.0, 825.3768045375984], [0.0, 1249.9629280788233, 462.54816385708756], [0.0, 0.0, 1.0]]], "extrinsics": [[[0.8259999752044678, -0.5636303424835205, 0.006707631982862949, -0.790008544921875], [0.01917911134660244, 0.01620996929705143, -0.9996846318244934, 1.493316650390625], [0.5633438229560852, 0.8258680701255798, 0.024199360981583595, -1.1854248046875], [0.0, 0.0, 0.0, 1.0]], [[0.015487192198634148, -0.9998111724853516, -0.011737501248717308, 0.00799560546875], [0.021235086023807526, 0.01206514984369278, -0.999701738357544, 1.4847640991210938], [0.9996545314788818, 0.015233365818858147, 0.021417932584881783, -1.518707275390625], [0.0, 0.0, 0.0, 1.0]], [[-0.8415717482566833, -0.5394931435585022, -0.02653501182794571, 0.94805908203125], [0.029358796775341034, 0.003365913638845086, -0.9995632767677307, 1.4980411529541016], [0.5393469333648682, -0.8419833183288574, 0.013006213121116161, -1.1866455078125], [0.0, 0.0, 0.0, 1.0]], [[0.9477262496948242, 0.31893640756607056, 0.00972737092524767, -1.1319580078125], [0.004061623942106962, 0.018424779176712036, -0.9998220205307007, 1.5620975494384766], [-0.3190588057041168, 0.9475970268249512, 0.01616624742746353, -0.16009521484375], [0.0, 0.0, 0.0, 1.0]], [[0.0074218218214809895, 0.9999125599861145, 0.010942564345896244, -0.0281982421875], [0.006123791448771954, 0.010897212661802769, -0.9999218583106995, 1.5684900283813477], [-0.9999538064002991, 0.007488196715712547, -0.006042379420250654, -0.025482177734375], [0.0, 0.0, 0.0, 1.0]], [[-0.924748420715332, 0.38031867146492004, -0.014073662459850311, 1.0453205108642578], [0.01036711037158966, -0.011792631819844246, -0.9998767375946045, 1.5491042137145996], [-0.3804377615451813, -0.9247803092002869, 0.006962411105632782, -0.0914306640625], [0.0, 0.0, 0.0, 1.0]]], "view": [[0.0, -2.0, 100.0], [-2.0, 0.0, 100.0], [0.0, 0.0, 1.0]], "bev": "bev_22d4b264e92f4d7d8b0b61b2670f7940.png", "aux": "aux_22d4b264e92f4d7d8b0b61b2670f7940.npz", "visibility": "visibility_22d4b264e92f4d7d8b0b61b2670f7940.png", "pose": [[-0.8347485065460205, -0.5506314039230347, 0.0, 810.4425048828125], [0.5506314039230347, -0.8347485065460205, 0.0, 519.6943969726562], [0.0, 0.0, 1.0, 0.0], [0.0, 0.0, 0.0, 1.0]], "pose_inverse": [[-0.8347485065460205, 0.5506314039230347, 0.0, 390.3556213378906], [-0.5506314039230347, -0.8347485065460205, 0.0, 880.0692138671875], [0.0, 0.0, 1.0, 0.0], [0.0, 0.0, 0.0, 1.0]], "cam_ids": [0, 1, 2, 3, 4, 5], "cam_channels": ["CAM_FRONT_LEFT", "CAM_FRONT", "CAM_FRONT_RIGHT", "CAM_BACK_LEFT", "CAM_BACK", "CAM_BACK_RIGHT"], "token": "22d4b264e92f4d7d8b0b61b2670f7940", "scene": "scene-0646"}, {"images": ["samples/CAM_FRONT_LEFT/n008-2018-09-18-14-43-59-0400__CAM_FRONT_LEFT__1537296465354799.jpg", "samples/CAM_FRONT/n008-2018-09-18-14-43-59-0400__CAM_FRONT__1537296465362404.jpg", "samples/CAM_FRONT_RIGHT/n008-2018-09-18-14-43-59-0400__CAM_FRONT_RIGHT__1537296465370482.jpg", "samples/CAM_BACK_LEFT/n008-2018-09-18-14-43-59-0400__CAM_BACK_LEFT__1537296465397405.jpg", "samples/CAM_BACK/n008-2018-09-18-14-43-59-0400__CAM_BACK__1537296465387558.jpg", "samples/CAM_BACK_RIGHT/n008-2018-09-18-14-43-59-0400__CAM_BACK_RIGHT__1537296465378113.jpg"], "intrinsics": [[[1257.8625342125129, 0.0, 827.2410631095686], [0.0, 1257.8625342125129, 450.915498205774], [0.0, 0.0, 1.0]], [[1252.8131021185304, 0.0, 826.588114781398], [0.0, 1252.8131021185304, 469.9846626224581], [0.0, 0.0, 1.0]], [[1256.7485116440405, 0.0, 817.7887570959712], [0.0, 1256.7485116440403, 451.9541780095127], [0.0, 0.0, 1.0]], [[1254.9860565800168, 0.0, 829.5769333630991], [0.0, 1254.9860565800168, 467.1680561863987], [0.0, 0.0, 1.0]], [[796.8910634503094, 0.0, 857.7774326863696], [0.0, 796.8910634503094, 476.8848988407415], [0.0, 0.0, 1.0]], [[1249.9629280788233, 0.0, 825.3768045375984], [0.0, 1249.9629280788233, 462.54816385708756], [0.0, 0.0, 1.0]]], "extrinsics": [[[0.824924647808075, -0.565139651298523, 0.01079929806292057, -0.765289306640625], [0.025615686550736427, 0.018291166052222252, -0.9995045065879822, 1.495828628540039], [0.5646620988845825, 0.8247925043106079, 0.029565270990133286, -1.1661376953125], [0.0, 0.0, 0.0, 1.0]], [[0.014130935072898865, -0.9998072981834412, -0.013624288141727448, 0.00677490234375], [0.02772708609700203, 0.014012220315635204, -0.9995173215866089, 1.4869270324707031], [0.9995156526565552, 0.01374631468206644, 0.027919750660657883, -1.491943359375], [0.0, 0.0, 0.0, 1.0]], [[-0.8419643044471741, -0.5385184288024902, -0.03307601436972618, 0.9293212890625], [0.03594861179590225, 0.00517483102157712, -0.9993402361869812, 1.4999332427978516], [0.538334310054779, -0.8425978422164917, 0.015001965686678886, -1.17620849609375], [0.0, 0.0, 0.0, 1.0]], [[0.9476482272148132, 0.3188686966896057, 0.016896557062864304, -1.12811279296875], [0.01116967387497425, 0.019780166447162628, -0.9997419714927673, 1.5622367858886719], [-0.3191206753253937, 0.9475924968719482, 0.015182980336248875, -0.160888671875], [0.0, 0.0, 0.0, 1.0]], [[0.007748442701995373, 0.9998915791511536, 0.01252185832709074, -0.0274658203125], [0.013095682486891747, 0.012419694103300571, -0.9998371005058289, 1.569122314453125], [-0.9998842477798462, 0.00791116338223219, -0.01299803052097559, -0.035858154296875], [0.0, 0.0, 0.0, 1.0]], [[-0.9243427515029907, 0.38105565309524536, -0.019668813794851303, 1.0305328369140625], [0.01711374707520008, -0.010092911310493946, -0.9998025894165039, 1.5502183437347412], [-0.38117894530296326, -0.9244969487190247, 0.002808020683005452, -0.09857177734375], [0.0, 0.0, 0.0, 1.0]]], "view": [[0.0, -2.0, 100.0], [-2.0, 0.0, 100.0], [0.0, 0.0, 1.0]], "bev": "bev_56ff4010b9ee4666bc98b460bb77494e.png", "aux": "aux_56ff4010b9ee4666bc98b460bb77494e.npz", "visibility": "visibility_56ff4010b9ee4666bc98b460bb77494e.png", "pose": [[-0.8037342429161072, -0.5949884653091431, 0.0, 807.9195556640625], [0.5949884653091431, -0.8037342429161072, 0.0, 521.4451904296875], [0.0, 0.0, 1.0, 0.0], [0.0, 0.0, 0.0, 1.0]], "pose_inverse": [[-0.8037342429161072, 0.5949884653091431, 0.0, 339.0987243652344], [-0.5949884653091431, -0.8037342429161072, 0.0, 899.80615234375], [0.0, 0.0, 1.0, 0.0], [0.0, 0.0, 0.0, 1.0]], "cam_ids": [0, 1, 2, 3, 4, 5], "cam_channels": ["CAM_FRONT_LEFT", "CAM_FRONT", "CAM_FRONT_RIGHT", "CAM_BACK_LEFT", "CAM_BACK", "CAM_BACK_RIGHT"], "token": "56ff4010b9ee4666bc98b460bb77494e", "scene": "scene-0646"}, {"images": ["samples/CAM_FRONT_LEFT/n008-2018-09-18-14-43-59-0400__CAM_FRONT_LEFT__1537296465854799.jpg", "samples/CAM_FRONT/n008-2018-09-18-14-43-59-0400__CAM_FRONT__1537296465862404.jpg", "samples/CAM_FRONT_RIGHT/n008-2018-09-18-14-43-59-0400__CAM_FRONT_RIGHT__1537296465870482.jpg", "samples/CAM_BACK_LEFT/n008-2018-09-18-14-43-59-0400__CAM_BACK_LEFT__1537296465897405.jpg", "samples/CAM_BACK/n008-2018-09-18-14-43-59-0400__CAM_BACK__1537296465887558.jpg", "samples/CAM_BACK_RIGHT/n008-2018-09-18-14-43-59-0400__CAM_BACK_RIGHT__1537296465878113.jpg"], "intrinsics": [[[1257.8625342125129, 0.0, 827.2410631095686], [0.0, 1257.8625342125129, 450.915498205774], [0.0, 0.0, 1.0]], [[1252.8131021185304, 0.0, 826.588114781398], [0.0, 1252.8131021185304, 469.9846626224581], [0.0, 0.0, 1.0]], [[1256.7485116440405, 0.0, 817.7887570959712], [0.0, 1256.7485116440403, 451.9541780095127], [0.0, 0.0, 1.0]], [[1254.9860565800168, 0.0, 829.5769333630991], [0.0, 1254.9860565800168, 467.1680561863987], [0.0, 0.0, 1.0]], [[796.8910634503094, 0.0, 857.7774326863696], [0.0, 796.8910634503094, 476.8848988407415], [0.0, 0.0, 1.0]], [[1249.9629280788233, 0.0, 825.3768045375984], [0.0, 1249.9629280788233, 462.54816385708756], [0.0, 0.0, 1.0]]], "extrinsics": [[[0.8243842124938965, -0.5659704804420471, 0.008255694061517715, -0.73846435546875], [0.02845189906656742, 0.02686699666082859, -0.9992340207099915, 1.4975090026855469], [0.5653151273727417, 0.823987603187561, 0.03825166076421738, -1.15020751953125], [0.0, 0.0, 0.0, 1.0]], [[0.013365008868277073, -0.9996592998504639, -0.02242078259587288, 0.009033203125], [0.029952572658658028, 0.022812973707914352, -0.9992910027503967, 1.4882316589355469], [0.9994619488716125, 0.012683926150202751, 0.030247261747717857, -1.465362548828125], [0.0, 0.0, 0.0, 1.0]], [[-0.84224534034729, -0.537664532661438, -0.03923788294196129, 0.9129638671875], [0.03748469054698944, 0.014200378209352493, -0.9991962909698486, 1.5009822845458984], [0.5377896428108215, -0.8430392742156982, 0.008193988353013992, -1.1636962890625], [0.0, 0.0, 0.0, 1.0]], [[0.9476161003112793, 0.31883499026298523, 0.01918531022965908, -1.12841796875], [0.01019328460097313, 0.029847554862499237, -0.9995024800300598, 1.5621967315673828], [-0.3192490339279175, 0.9473401308059692, 0.025034042075276375, -0.161865234375], [0.0, 0.0, 0.0, 1.0]], [[0.007915149442851543, 0.9997209310531616, 0.022258829325437546, -0.02862548828125], [0.013073126785457134, 0.022154169157147408, -0.999669075012207, 1.5692024230957031], [-0.9998831748962402, 0.00820350181311369, -0.012894128449261189, -0.043548583984375], [0.0, 0.0, 0.0, 1.0]], [[-0.92415452003479, 0.3816450834274292, -0.016895268112421036, 1.0160751342773438], [0.01795393042266369, -0.0007869499386288226, -0.9998384714126587, 1.5506186485290527], [-0.38159671425819397, -0.9243086576461792, -0.006124764680862427, -0.10296630859375], [0.0, 0.0, 0.0, 1.0]]], "view": [[0.0, -2.0, 100.0], [-2.0, 0.0, 100.0], [0.0, 0.0, 1.0]], "bev": "bev_c911e8fa0d3542218bdd29a99f1e963d.png", "aux": "aux_c911e8fa0d3542218bdd29a99f1e963d.npz", "visibility": "visibility_c911e8fa0d3542218bdd29a99f1e963d.png", "pose": [[-0.7759997248649597, -0.6307332515716553, 0.0, 805.2503662109375], [0.6307332515716553, -0.7759997248649597, 0.0, 523.5096435546875], [0.0, 0.0, 1.0, 0.0], [0.0, 0.0, 0.0, 1.0]], "pose_inverse": [[-0.7759997248649597, 0.6307332515716553, 0.0, 294.67913818359375], [-0.6307332515716553, -0.7759997248649597, 0.0, 914.1415405273438], [0.0, 0.0, 1.0, 0.0], [0.0, 0.0, 0.0, 1.0]], "cam_ids": [0, 1, 2, 3, 4, 5], "cam_channels": ["CAM_FRONT_LEFT", "CAM_FRONT", "CAM_FRONT_RIGHT", "CAM_BACK_LEFT", "CAM_BACK", "CAM_BACK_RIGHT"], "token": "c911e8fa0d3542218bdd29a99f1e963d", "scene": "scene-0646"}, {"images": ["samples/CAM_FRONT_LEFT/n008-2018-09-18-14-43-59-0400__CAM_FRONT_LEFT__1537296466354799.jpg", "samples/CAM_FRONT/n008-2018-09-18-14-43-59-0400__CAM_FRONT__1537296466362404.jpg", "samples/CAM_FRONT_RIGHT/n008-2018-09-18-14-43-59-0400__CAM_FRONT_RIGHT__1537296466370482.jpg", "samples/CAM_BACK_LEFT/n008-2018-09-18-14-43-59-0400__CAM_BACK_LEFT__1537296466397405.jpg", "samples/CAM_BACK/n008-2018-09-18-14-43-59-0400__CAM_BACK__1537296466387558.jpg", "samples/CAM_BACK_RIGHT/n008-2018-09-18-14-43-59-0400__CAM_BACK_RIGHT__1537296466378113.jpg"], "intrinsics": [[[1257.8625342125129, 0.0, 827.2410631095686], [0.0, 1257.8625342125129, 450.915498205774], [0.0, 0.0, 1.0]], [[1252.8131021185304, 0.0, 826.588114781398], [0.0, 1252.8131021185304, 469.9846626224581], [0.0, 0.0, 1.0]], [[1256.7485116440405, 0.0, 817.7887570959712], [0.0, 1256.7485116440403, 451.9541780095127], [0.0, 0.0, 1.0]], [[1254.9860565800168, 0.0, 829.5769333630991], [0.0, 1254.9860565800168, 467.1680561863987], [0.0, 0.0, 1.0]], [[796.8910634503094, 0.0, 857.7774326863696], [0.0, 796.8910634503094, 476.8848988407415], [0.0, 0.0, 1.0]], [[1249.9629280788233, 0.0, 825.3768045375984], [0.0, 1249.9629280788233, 462.54816385708756], [0.0, 0.0, 1.0]]], "extrinsics": [[[0.8226890563964844, -0.5684599876403809, -0.005988426506519318, -0.713134765625], [0.01504177413880825, 0.03229660913348198, -0.9993651509284973, 1.4935226440429688], [0.568292498588562, 0.8220767378807068, 0.03512071818113327, -1.134765625], [0.0, 0.0, 0.0, 1.0]], [[0.010616322048008442, -0.9995541572570801, -0.02790558896958828, 0.0106201171875], [0.016861315816640854, 0.028082137927412987, -0.9994634389877319, 1.4850730895996094], [0.9998014569282532, 0.010140135884284973, 0.017151929438114166, -1.440460205078125], [0.0, 0.0, 0.0, 1.0]], [[-0.8436812162399292, -0.5359344482421875, -0.03124457783997059, 0.895751953125], [0.02477109245955944, 0.01927526481449604, -0.9995073080062866, 1.498788833618164], [0.5362726449966431, -0.8440395593643188, -0.002986497012898326, -1.151611328125], [0.0, 0.0, 0.0, 1.0]], [[0.9478529691696167, 0.3185482323169708, 0.010082303546369076, -1.12249755859375], [-0.0008310855482704937, 0.03410528600215912, -0.9994179010391235, 1.5620193481445312], [-0.318706750869751, 0.9472928643226624, 0.03259154036641121, -0.16339111328125], [0.0, 0.0, 0.0, 1.0]], [[0.00895022228360176, 0.999603271484375, 0.02670450508594513, -0.02862548828125], [0.0014166862238198519, 0.026692871004343033, -0.9996426701545715, 1.5681838989257812], [-0.9999589920043945, 0.008984794840216637, -0.0011772190919145942, -0.055328369140625], [0.0, 0.0, 0.0, 1.0]], [[-0.9237879514694214, 0.38288697600364685, -0.003639619331806898, 1.0001602172851562], [0.005639633163809776, 0.004101196303963661, -0.9999756813049316, 1.5487847328186035], [-0.38286271691322327, -0.9237860441207886, -0.005947977304458618, -0.10882568359375], [0.0, 0.0, 0.0, 1.0]]], "view": [[0.0, -2.0, 100.0], [-2.0, 0.0, 100.0], [0.0, 0.0, 1.0]], "bev": "bev_801774e9b5434a13b22fc1db3eb3e8eb.png", "aux": "aux_801774e9b5434a13b22fc1db3eb3e8eb.npz", "visibility": "visibility_801774e9b5434a13b22fc1db3eb3e8eb.png", "pose": [[-0.7691929340362549, -0.6390165686607361, 0.0, 802.3893432617188], [0.6390165686607361, -0.7691929340362549, 0.0, 525.8897705078125], [0.0, 0.0, 1.0, 0.0], [0.0, 0.0, 0.0, 1.0]], "pose_inverse": [[-0.7691929340362549, 0.6390165686607361, 0.0, 281.13995361328125], [-0.6390165686607361, -0.7691929340362549, 0.0, 917.2507934570312], [0.0, 0.0, 1.0, 0.0], [0.0, 0.0, 0.0, 1.0]], "cam_ids": [0, 1, 2, 3, 4, 5], "cam_channels": ["CAM_FRONT_LEFT", "CAM_FRONT", "CAM_FRONT_RIGHT", "CAM_BACK_LEFT", "CAM_BACK", "CAM_BACK_RIGHT"], "token": "801774e9b5434a13b22fc1db3eb3e8eb", "scene": "scene-0646"}, {"images": ["samples/CAM_FRONT_LEFT/n008-2018-09-18-14-43-59-0400__CAM_FRONT_LEFT__1537296466854799.jpg", "samples/CAM_FRONT/n008-2018-09-18-14-43-59-0400__CAM_FRONT__1537296466862404.jpg", "samples/CAM_FRONT_RIGHT/n008-2018-09-18-14-43-59-0400__CAM_FRONT_RIGHT__1537296466870482.jpg", "samples/CAM_BACK_LEFT/n008-2018-09-18-14-43-59-0400__CAM_BACK_LEFT__1537296466897405.jpg", "samples/CAM_BACK/n008-2018-09-18-14-43-59-0400__CAM_BACK__1537296466887558.jpg", "samples/CAM_BACK_RIGHT/n008-2018-09-18-14-43-59-0400__CAM_BACK_RIGHT__1537296466878113.jpg"], "intrinsics": [[[1257.8625342125129, 0.0, 827.2410631095686], [0.0, 1257.8625342125129, 450.915498205774], [0.0, 0.0, 1.0]], [[1252.8131021185304, 0.0, 826.588114781398], [0.0, 1252.8131021185304, 469.9846626224581], [0.0, 0.0, 1.0]], [[1256.7485116440405, 0.0, 817.7887570959712], [0.0, 1256.7485116440403, 451.9541780095127], [0.0, 0.0, 1.0]], [[1254.9860565800168, 0.0, 829.5769333630991], [0.0, 1254.9860565800168, 467.1680561863987], [0.0, 0.0, 1.0]], [[796.8910634503094, 0.0, 857.7774326863696], [0.0, 796.8910634503094, 476.8848988407415], [0.0, 0.0, 1.0]], [[1249.9629280788233, 0.0, 825.3768045375984], [0.0, 1249.9629280788233, 462.54816385708756], [0.0, 0.0, 1.0]]], "extrinsics": [[[0.8229032754898071, -0.5680907964706421, -0.010157037526369095, -0.693817138671875], [0.008944345638155937, 0.030826300382614136, -0.9994847178459167, 1.4915485382080078], [0.5681111216545105, 0.8223883509635925, 0.03044826164841652, -1.12249755859375], [0.0, 0.0, 0.0, 1.0]], [[0.010747475549578667, -0.9995895028114319, -0.026558149605989456, 0.01141357421875], [0.010956999845802784, 0.026675816625356674, -0.9995841383934021, 1.4835052490234375], [0.999882161617279, 0.01045202650129795, 0.01123919989913702, -1.423309326171875], [0.0, 0.0, 0.0, 1.0]], [[-0.8437764048576355, -0.5360806584358215, -0.02567220665514469, 0.88665771484375], [0.019016217440366745, 0.017941327765583992, -0.9996581673622131, 1.497659683227539], [0.5363579988479614, -0.8439761996269226, -0.004944242537021637, -1.1455078125], [0.0, 0.0, 0.0, 1.0]], [[0.9478869438171387, 0.31857526302337646, 0.004497467540204525, -1.126708984375], [-0.0062992870807647705, 0.032852400094270706, -0.9994403719902039, 1.5619258880615234], [-0.3185447156429291, 0.9473280906677246, 0.03314715996384621, -0.16192626953125], [0.0, 0.0, 0.0, 1.0]], [[0.009131024591624737, 0.9996351003646851, 0.025423074141144753, -0.02862548828125], [-0.004236752633005381, 0.025462578982114792, -0.9996667504310608, 1.5676231384277344], [-0.9999493360519409, 0.009020150639116764, 0.004467703867703676, -0.055572509765625], [0.0, 0.0, 0.0, 1.0]], [[-0.9237849116325378, 0.3829101324081421, 0.001114819897338748, 0.9953155517578125], [-3.573616049834527e-05, 0.002825211500748992, -0.9999960064888, 1.5478014945983887], [-0.38291171193122864, -0.9237813353538513, -0.002596204401925206, -0.11083984375], [0.0, 0.0, 0.0, 1.0]]], "view": [[0.0, -2.0, 100.0], [-2.0, 0.0, 100.0], [0.0, 0.0, 1.0]], "bev": "bev_feef2495bef34da9af27de6387ed4e46.png", "aux": "aux_feef2495bef34da9af27de6387ed4e46.npz", "visibility": "visibility_feef2495bef34da9af27de6387ed4e46.png", "pose": [[-0.7654646039009094, -0.6434780359268188, 0.0, 799.2753295898438], [0.6434780359268188, -0.7654646039009094, 0.0, 528.5455932617188], [0.0, 0.0, 1.0, 0.0], [0.0, 0.0, 0.0, 1.0]], "pose_inverse": [[-0.7654646039009094, 0.6434780359268188, 0.0, 271.7095031738281], [-0.6434780359268188, -0.7654646039009094, 0.0, 918.8990478515625], [0.0, 0.0, 1.0, 0.0], [0.0, 0.0, 0.0, 1.0]], "cam_ids": [0, 1, 2, 3, 4, 5], "cam_channels": ["CAM_FRONT_LEFT", "CAM_FRONT", "CAM_FRONT_RIGHT", "CAM_BACK_LEFT", "CAM_BACK", "CAM_BACK_RIGHT"], "token": "feef2495bef34da9af27de6387ed4e46", "scene": "scene-0646"}, {"images": ["samples/CAM_FRONT_LEFT/n008-2018-09-18-14-43-59-0400__CAM_FRONT_LEFT__1537296467354799.jpg", "samples/CAM_FRONT/n008-2018-09-18-14-43-59-0400__CAM_FRONT__1537296467362404.jpg", "samples/CAM_FRONT_RIGHT/n008-2018-09-18-14-43-59-0400__CAM_FRONT_RIGHT__1537296467370482.jpg", "samples/CAM_BACK_LEFT/n008-2018-09-18-14-43-59-0400__CAM_BACK_LEFT__1537296467397405.jpg", "samples/CAM_BACK/n008-2018-09-18-14-43-59-0400__CAM_BACK__1537296467387558.jpg", "samples/CAM_BACK_RIGHT/n008-2018-09-18-14-43-59-0400__CAM_BACK_RIGHT__1537296467378113.jpg"], "intrinsics": [[[1257.8625342125129, 0.0, 827.2410631095686], [0.0, 1257.8625342125129, 450.915498205774], [0.0, 0.0, 1.0]], [[1252.8131021185304, 0.0, 826.588114781398], [0.0, 1252.8131021185304, 469.9846626224581], [0.0, 0.0, 1.0]], [[1256.7485116440405, 0.0, 817.7887570959712], [0.0, 1256.7485116440403, 451.9541780095127], [0.0, 0.0, 1.0]], [[1254.9860565800168, 0.0, 829.5769333630991], [0.0, 1254.9860565800168, 467.1680561863987], [0.0, 0.0, 1.0]], [[796.8910634503094, 0.0, 857.7774326863696], [0.0, 796.8910634503094, 476.8848988407415], [0.0, 0.0, 1.0]], [[1249.9629280788233, 0.0, 825.3768045375984], [0.0, 1249.9629280788233, 462.54816385708756], [0.0, 0.0, 1.0]]], "extrinsics": [[[0.8224340081214905, -0.5687369704246521, -0.01185736246407032, -0.67218017578125], [0.007218862418085337, 0.03127683326601982, -0.9994847178459167, 1.4911174774169922], [0.5688146948814392, 0.82192462682724, 0.029828766360878944, -1.1064453125], [0.0, 0.0, 0.0, 1.0]], [[0.010132087394595146, -0.9995808601379395, -0.027120640501379967, 0.0111083984375], [0.009061165153980255, 0.02721269614994526, -0.9995886087417603, 1.4831409454345703], [0.9999076128005981, 0.009882098995149136, 0.00933308620005846, -1.399169921875], [0.0, 0.0, 0.0, 1.0]], [[-0.8440061807632446, -0.5357822775840759, -0.024310866370797157, 0.86883544921875], [0.01701545901596546, 0.018556058406829834, -0.9996829628944397, 1.4975318908691406], [0.536063551902771, -0.8441522121429443, -0.00654484611004591, -1.13427734375], [0.0, 0.0, 0.0, 1.0]], [[0.9479004144668579, 0.31855612993240356, 0.0026139135006815195, -1.121826171875], [-0.008626453578472137, 0.03386949002742767, -0.9993889927864075, 1.5618362426757812], [-0.31845009326934814, 0.9472987055778503, 0.03485291078686714, -0.1636962890625], [0.0, 0.0, 0.0, 1.0]], [[0.009225289337337017, 0.9996136426925659, 0.02621893584728241, -0.02886962890625], [-0.0063952067866921425, 0.02627849578857422, -0.9996341466903687, 1.5673179626464844], [-0.9999370574951172, 0.009054301306605339, 0.006635164376348257, -0.06781005859375], [0.0, 0.0, 0.0, 1.0]], [[-0.9237350821495056, 0.38301804661750793, 0.0032668067142367363, 0.9782333374023438], [-0.0020777625031769276, 0.003518049605190754, -0.9999916553497314, 1.5473973751068115], [-0.3830263018608093, -0.923734188079834, -0.0024539248552173376, -0.11749267578125], [0.0, 0.0, 0.0, 1.0]]], "view": [[0.0, -2.0, 100.0], [-2.0, 0.0, 100.0], [0.0, 0.0, 1.0]], "bev": "bev_2e643d6373634c0db7d7cf774cbae3db.png", "aux": "aux_2e643d6373634c0db7d7cf774cbae3db.npz", "visibility": "visibility_2e643d6373634c0db7d7cf774cbae3db.png", "pose": [[-0.7619702816009521, -0.6476119756698608, 0.0, 796.0529174804688], [0.6476119756698608, -0.7619702816009521, 0.0, 531.3204956054688], [0.0, 0.0, 1.0, 0.0], [0.0, 0.0, 0.0, 1.0]], "pose_inverse": [[-0.7619702816009521, 0.6476119756698608, 0.0, 262.4791259765625], [-0.6476119756698608, -0.7619702816009521, 0.0, 920.3838500976562], [0.0, 0.0, 1.0, 0.0], [0.0, 0.0, 0.0, 1.0]], "cam_ids": [0, 1, 2, 3, 4, 5], "cam_channels": ["CAM_FRONT_LEFT", "CAM_FRONT", "CAM_FRONT_RIGHT", "CAM_BACK_LEFT", "CAM_BACK", "CAM_BACK_RIGHT"], "token": "2e643d6373634c0db7d7cf774cbae3db", "scene": "scene-0646"}, {"images": ["samples/CAM_FRONT_LEFT/n008-2018-09-18-14-43-59-0400__CAM_FRONT_LEFT__1537296467854799.jpg", "samples/CAM_FRONT/n008-2018-09-18-14-43-59-0400__CAM_FRONT__1537296467862404.jpg", "samples/CAM_FRONT_RIGHT/n008-2018-09-18-14-43-59-0400__CAM_FRONT_RIGHT__1537296467870482.jpg", "samples/CAM_BACK_LEFT/n008-2018-09-18-14-43-59-0400__CAM_BACK_LEFT__1537296467897405.jpg", "samples/CAM_BACK/n008-2018-09-18-14-43-59-0400__CAM_BACK__1537296467887558.jpg", "samples/CAM_BACK_RIGHT/n008-2018-09-18-14-43-59-0400__CAM_BACK_RIGHT__1537296467878113.jpg"], "intrinsics": [[[1257.8625342125129, 0.0, 827.2410631095686], [0.0, 1257.8625342125129, 450.915498205774], [0.0, 0.0, 1.0]], [[1252.8131021185304, 0.0, 826.588114781398], [0.0, 1252.8131021185304, 469.9846626224581], [0.0, 0.0, 1.0]], [[1256.7485116440405, 0.0, 817.7887570959712], [0.0, 1256.7485116440403, 451.9541780095127], [0.0, 0.0, 1.0]], [[1254.9860565800168, 0.0, 829.5769333630991], [0.0, 1254.9860565800168, 467.1680561863987], [0.0, 0.0, 1.0]], [[796.8910634503094, 0.0, 857.7774326863696], [0.0, 796.8910634503094, 476.8848988407415], [0.0, 0.0, 1.0]], [[1249.9629280788233, 0.0, 825.3768045375984], [0.0, 1249.9629280788233, 462.54816385708756], [0.0, 0.0, 1.0]]], "extrinsics": [[[0.8224049210548401, -0.5687856078147888, -0.011538744904100895, -0.669219970703125], [0.005951434839516878, 0.028882969170808792, -0.9995651245117188, 1.4906139373779297], [0.5688714981079102, 0.8219785690307617, 0.027138585224747658, -1.1051025390625], [0.0, 0.0, 0.0, 1.0]], [[0.010010217316448689, -0.9996466636657715, -0.024622948840260506, 0.01153564453125], [0.007797237019985914, 0.024701466783881187, -0.9996644854545593, 1.4827308654785156], [0.9999194741249084, 0.009814816527068615, 0.008041750639677048, -1.396820068359375], [0.0, 0.0, 0.0, 1.0]], [[-0.8440989851951599, -0.5357429385185242, -0.02182898111641407, 0.8680419921875], [0.01573292165994644, 0.015946755185723305, -0.9997490048408508, 1.4972095489501953], [0.535956621170044, -0.844230592250824, -0.005031838547438383, -1.13360595703125], [0.0, 0.0, 0.0, 1.0]], [[0.9478934407234192, 0.3185868263244629, 0.0004752344102598727, -1.1224365234375], [-0.009906226769089699, 0.030964963138103485, -0.9994714260101318, 1.5618152618408203], [-0.31843316555023193, 0.9473876953125, 0.032507482916116714, -0.163330078125], [0.0, 0.0, 0.0, 1.0]], [[0.009336466901004314, 0.9996825456619263, 0.023403672501444817, -0.0286865234375], [-0.007697387598454952, 0.023475848138332367, -0.9996947050094604, 1.5671844482421875], [-0.9999268054962158, 0.009153497405350208, 0.00791412778198719, -0.0670013427734375], [0.0, 0.0, 0.0, 1.0]], [[-0.9236751198768616, 0.3831612169742584, 0.003439046209678054, 0.9786453247070312], [-0.0033774415496736765, 0.0008335024467669427, -0.9999939203262329, 1.5471473932266235], [-0.38316166400909424, -0.9236810803413391, 0.0005242196493782103, -0.11749267578125], [0.0, 0.0, 0.0, 1.0]]], "view": [[0.0, -2.0, 100.0], [-2.0, 0.0, 100.0], [0.0, 0.0, 1.0]], "bev": "bev_c566713ceb084505b1be38100b93e547.png", "aux": "aux_c566713ceb084505b1be38100b93e547.npz", "visibility": "visibility_c566713ceb084505b1be38100b93e547.png", "pose": [[-0.7630814909934998, -0.6463022828102112, 0.0, 792.6443481445312], [0.6463022828102112, -0.7630814909934998, 0.0, 534.2654418945312], [0.0, 0.0, 1.0, 0.0], [0.0, 0.0, 0.0, 1.0]], "pose_inverse": [[-0.7630814909934998, 0.6463022828102112, 0.0, 259.5552673339844], [-0.6463022828102112, -0.7630814909934998, 0.0, 919.9758911132812], [0.0, 0.0, 1.0, 0.0], [0.0, 0.0, 0.0, 1.0]], "cam_ids": [0, 1, 2, 3, 4, 5], "cam_channels": ["CAM_FRONT_LEFT", "CAM_FRONT", "CAM_FRONT_RIGHT", "CAM_BACK_LEFT", "CAM_BACK", "CAM_BACK_RIGHT"], "token": "c566713ceb084505b1be38100b93e547", "scene": "scene-0646"}, {"images": ["samples/CAM_FRONT_LEFT/n008-2018-09-18-14-43-59-0400__CAM_FRONT_LEFT__1537296468354799.jpg", "samples/CAM_FRONT/n008-2018-09-18-14-43-59-0400__CAM_FRONT__1537296468362404.jpg", "samples/CAM_FRONT_RIGHT/n008-2018-09-18-14-43-59-0400__CAM_FRONT_RIGHT__1537296468370482.jpg", "samples/CAM_BACK_LEFT/n008-2018-09-18-14-43-59-0400__CAM_BACK_LEFT__1537296468397405.jpg", "samples/CAM_BACK/n008-2018-09-18-14-43-59-0400__CAM_BACK__1537296468387558.jpg", "samples/CAM_BACK_RIGHT/n008-2018-09-18-14-43-59-0400__CAM_BACK_RIGHT__1537296468378113.jpg"], "intrinsics": [[[1257.8625342125129, 0.0, 827.2410631095686], [0.0, 1257.8625342125129, 450.915498205774], [0.0, 0.0, 1.0]], [[1252.8131021185304, 0.0, 826.588114781398], [0.0, 1252.8131021185304, 469.9846626224581], [0.0, 0.0, 1.0]], [[1256.7485116440405, 0.0, 817.7887570959712], [0.0, 1256.7485116440403, 451.9541780095127], [0.0, 0.0, 1.0]], [[1254.9860565800168, 0.0, 829.5769333630991], [0.0, 1254.9860565800168, 467.1680561863987], [0.0, 0.0, 1.0]], [[796.8910634503094, 0.0, 857.7774326863696], [0.0, 796.8910634503094, 476.8848988407415], [0.0, 0.0, 1.0]], [[1249.9629280788233, 0.0, 825.3768045375984], [0.0, 1249.9629280788233, 462.54816385708756], [0.0, 0.0, 1.0]]], "extrinsics": [[[0.822396993637085, -0.568790078163147, -0.0118833864107728, -0.651092529296875], [0.006660936865955591, 0.030513061210513115, -0.9995121955871582, 1.4910774230957031], [0.5688751339912415, 0.8219166398048401, 0.028882520273327827, -1.0914306640625], [0.0, 0.0, 0.0, 1.0]], [[0.010037917643785477, -0.9996019005775452, -0.02636524848639965, 0.0108642578125], [0.00866587646305561, 0.026452548801898956, -0.9996125102043152, 1.4832077026367188], [0.9999120831489563, 0.009805554524064064, 0.008927954360842705, -1.377716064453125], [0.0, 0.0, 0.0, 1.0]], [[-0.8440763354301453, -0.5357025861740112, -0.023618748411536217, 0.85430908203125], [0.016681622713804245, 0.017791885882616043, -0.999702513217926, 1.4977340698242188], [0.5359634757041931, -0.8442192673683167, -0.006081322208046913, -1.1256103515625], [0.0, 0.0, 0.0, 1.0]], [[0.9479278326034546, 0.318479061126709, 0.0020119925029575825, -1.11981201171875], [-0.008932922035455704, 0.03290197253227234, -0.9994186162948608, 1.5618247985839844], [-0.3183601200580597, 0.9473587870597839, 0.0340336412191391, -0.1640625], [0.0, 0.0, 0.0, 1.0]], [[0.00936194695532322, 0.9996345043182373, 0.025361528620123863, -0.0281982421875], [-0.0067751421593129635, 0.025425469502806664, -0.999653697013855, 1.5672416687011719], [-0.9999331831932068, 0.00918693095445633, 0.007010697852820158, -0.0750732421875], [0.0, 0.0, 0.0, 1.0]], [[-0.9236776232719421, 0.3831562101840973, 0.0033073341473937035, 0.9671173095703125], [-0.0024459464475512505, 0.002735293470323086, -0.9999932646751404, 1.5472971200942993], [-0.38316264748573303, -0.923679530620575, -0.0015893487725406885, -0.12274169921875], [0.0, 0.0, 0.0, 1.0]]], "view": [[0.0, -2.0, 100.0], [-2.0, 0.0, 100.0], [0.0, 0.0, 1.0]], "bev": "bev_b22f42de427b4620a4e014e87cf77118.png", "aux": "aux_b22f42de427b4620a4e014e87cf77118.npz", "visibility": "visibility_b22f42de427b4620a4e014e87cf77118.png", "pose": [[-0.7635176777839661, -0.6457869410514832, 0.0, 789.1346435546875], [0.6457869410514832, -0.7635176777839661, 0.0, 537.28369140625], [0.0, 0.0, 1.0, 0.0], [0.0, 0.0, 0.0, 1.0]], "pose_inverse": [[-0.7635176777839661, 0.6457869410514832, 0.0, 255.5474395751953], [-0.6457869410514832, -0.7635176777839661, 0.0, 919.8384399414062], [0.0, 0.0, 1.0, 0.0], [0.0, 0.0, 0.0, 1.0]], "cam_ids": [0, 1, 2, 3, 4, 5], "cam_channels": ["CAM_FRONT_LEFT", "CAM_FRONT", "CAM_FRONT_RIGHT", "CAM_BACK_LEFT", "CAM_BACK", "CAM_BACK_RIGHT"], "token": "b22f42de427b4620a4e014e87cf77118", "scene": "scene-0646"}, {"images": ["samples/CAM_FRONT_LEFT/n008-2018-09-18-14-43-59-0400__CAM_FRONT_LEFT__1537296468854799.jpg", "samples/CAM_FRONT/n008-2018-09-18-14-43-59-0400__CAM_FRONT__1537296468862404.jpg", "samples/CAM_FRONT_RIGHT/n008-2018-09-18-14-43-59-0400__CAM_FRONT_RIGHT__1537296468870482.jpg", "samples/CAM_BACK_LEFT/n008-2018-09-18-14-43-59-0400__CAM_BACK_LEFT__1537296468897405.jpg", "samples/CAM_BACK/n008-2018-09-18-14-43-59-0400__CAM_BACK__1537296468887558.jpg", "samples/CAM_BACK_RIGHT/n008-2018-09-18-14-43-59-0400__CAM_BACK_RIGHT__1537296468878113.jpg"], "intrinsics": [[[1257.8625342125129, 0.0, 827.2410631095686], [0.0, 1257.8625342125129, 450.915498205774], [0.0, 0.0, 1.0]], [[1252.8131021185304, 0.0, 826.588114781398], [0.0, 1252.8131021185304, 469.9846626224581], [0.0, 0.0, 1.0]], [[1256.7485116440405, 0.0, 817.7887570959712], [0.0, 1256.7485116440403, 451.9541780095127], [0.0, 0.0, 1.0]], [[1254.9860565800168, 0.0, 829.5769333630991], [0.0, 1254.9860565800168, 467.1680561863987], [0.0, 0.0, 1.0]], [[796.8910634503094, 0.0, 857.7774326863696], [0.0, 796.8910634503094, 476.8848988407415], [0.0, 0.0, 1.0]], [[1249.9629280788233, 0.0, 825.3768045375984], [0.0, 1249.9629280788233, 462.54816385708756], [0.0, 0.0, 1.0]]], "extrinsics": [[[0.8218511939048767, -0.5695602297782898, -0.012728266417980194, -0.661407470703125], [0.005449146497994661, 0.03019990399479866, -0.9995290040969849, 1.4904556274414062], [0.5696762800216675, 0.8213947415351868, 0.02792343869805336, -1.09930419921875], [0.0, 0.0, 0.0, 1.0]], [[0.009250819683074951, -0.9996204376220703, -0.025951296091079712, 0.011474609375], [0.00744575634598732, 0.02602054551243782, -0.9996337294578552, 1.4826622009277344], [0.9999295473098755, 0.009054228663444519, 0.007683641742914915, -1.38958740234375], [0.0, 0.0, 0.0, 1.0]], [[-0.8444222211837769, -0.5352133512496948, -0.022309711202979088, 0.86358642578125], [0.015483930706977844, 0.01724311336874962, -0.9997314214706421, 1.4972171783447266], [0.535454273223877, -0.8445408940315247, -0.006273261737078428, -1.130859375], [0.0, 0.0, 0.0, 1.0]], [[0.9481086730957031, 0.3179454505443573, 0.0009144421783275902, -1.1304931640625], [-0.00982362125068903, 0.03216836601495743, -0.9994341731071472, 1.5619087219238281], [-0.3177949786186218, 0.9475631713867188, 0.03362247720360756, -0.1605224609375], [0.0, 0.0, 0.0, 1.0]], [[0.009855430573225021, 0.9996481537818909, 0.024629781022667885, -0.0286865234375], [-0.007692134939134121, 0.02470603957772255, -0.9996651411056519, 1.56719970703125], [-0.9999219179153442, 0.009662692435085773, 0.007932917214930058, -0.06494140625], [0.0, 0.0, 0.0, 1.0]], [[-0.9235039353370667, 0.3835669159889221, 0.0041161878034472466, 0.975677490234375], [-0.0035825935192406178, 0.002105533145368099, -0.9999913573265076, 1.5470929145812988], [-0.3835723400115967, -0.9235106110572815, -0.0005703030619770288, -0.11871337890625], [0.0, 0.0, 0.0, 1.0]]], "view": [[0.0, -2.0, 100.0], [-2.0, 0.0, 100.0], [0.0, 0.0, 1.0]], "bev": "bev_8663745dbd11480ea968e6f51e6a4f63.png", "aux": "aux_8663745dbd11480ea968e6f51e6a4f63.npz", "visibility": "visibility_8663745dbd11480ea968e6f51e6a4f63.png", "pose": [[-0.7643018364906311, -0.644858717918396, 0.0, 785.5297241210938], [0.644858717918396, -0.7643018364906311, 0.0, 540.3878784179688], [0.0, 0.0, 1.0, 0.0], [0.0, 0.0, 0.0, 1.0]], "pose_inverse": [[-0.7643018364906311, 0.644858717918396, 0.0, 251.90797424316406], [-0.644858717918396, -0.7643018364906311, 0.0, 919.5751342773438], [0.0, 0.0, 1.0, 0.0], [0.0, 0.0, 0.0, 1.0]], "cam_ids": [0, 1, 2, 3, 4, 5], "cam_channels": ["CAM_FRONT_LEFT", "CAM_FRONT", "CAM_FRONT_RIGHT", "CAM_BACK_LEFT", "CAM_BACK", "CAM_BACK_RIGHT"], "token": "8663745dbd11480ea968e6f51e6a4f63", "scene": "scene-0646"}, {"images": ["samples/CAM_FRONT_LEFT/n008-2018-09-18-14-43-59-0400__CAM_FRONT_LEFT__1537296469354799.jpg", "samples/CAM_FRONT/n008-2018-09-18-14-43-59-0400__CAM_FRONT__1537296469362404.jpg", "samples/CAM_FRONT_RIGHT/n008-2018-09-18-14-43-59-0400__CAM_FRONT_RIGHT__1537296469370482.jpg", "samples/CAM_BACK_LEFT/n008-2018-09-18-14-43-59-0400__CAM_BACK_LEFT__1537296469397405.jpg", "samples/CAM_BACK/n008-2018-09-18-14-43-59-0400__CAM_BACK__1537296469387558.jpg", "samples/CAM_BACK_RIGHT/n008-2018-09-18-14-43-59-0400__CAM_BACK_RIGHT__1537296469378113.jpg"], "intrinsics": [[[1257.8625342125129, 0.0, 827.2410631095686], [0.0, 1257.8625342125129, 450.915498205774], [0.0, 0.0, 1.0]], [[1252.8131021185304, 0.0, 826.588114781398], [0.0, 1252.8131021185304, 469.9846626224581], [0.0, 0.0, 1.0]], [[1256.7485116440405, 0.0, 817.7887570959712], [0.0, 1256.7485116440403, 451.9541780095127], [0.0, 0.0, 1.0]], [[1254.9860565800168, 0.0, 829.5769333630991], [0.0, 1254.9860565800168, 467.1680561863987], [0.0, 0.0, 1.0]], [[796.8910634503094, 0.0, 857.7774326863696], [0.0, 796.8910634503094, 476.8848988407415], [0.0, 0.0, 1.0]], [[1249.9629280788233, 0.0, 825.3768045375984], [0.0, 1249.9629280788233, 462.54816385708756], [0.0, 0.0, 1.0]]], "extrinsics": [[[0.8226644992828369, -0.5683744549751282, -0.013178477995097637, -0.6259765625], [0.0035327342338860035, 0.028290115296840668, -0.9995934963226318, 1.489694595336914], [0.5685161352157593, 0.8222835659980774, 0.025281189009547234, -1.080322265625], [0.0, 0.0, 0.0, 1.0]], [[0.010402034036815166, -0.999653697013855, -0.024170897901058197, 0.01531982421875], [0.0055418480187654495, 0.024229465052485466, -0.9996910691261292, 1.4821147918701172], [0.9999305009841919, 0.010264810174703598, 0.005791964940726757, -1.3567962646484375], [0.0, 0.0, 0.0, 1.0]], [[-0.8439532518386841, -0.5360510945320129, -0.019797833636403084, 0.8436279296875], [0.013564989902079105, 0.01556827686727047, -0.9997867941856384, 1.4970073699951172], [0.5362450480461121, -0.8440420031547546, -0.00586737273260951, -1.11492919921875], [0.0, 0.0, 0.0, 1.0]], [[0.9479517340660095, 0.31841111183166504, -0.001301119918935001, -1.12255859375], [-0.011706766672432423, 0.030768506228923798, -0.9994580149650574, 1.5617485046386719], [-0.3181985318660736, 0.9474531412124634, 0.03289462625980377, -0.1641845703125], [0.0, 0.0, 0.0, 1.0]], [[0.009321372956037521, 0.9996891021728516, 0.0231276024132967, -0.030029296875], [-0.009658