[{"images": ["samples/CAM_FRONT_LEFT/n008-2018-05-21-11-06-59-0400__CAM_FRONT_LEFT__1526915697004917.jpg", "samples/CAM_FRONT/n008-2018-05-21-11-06-59-0400__CAM_FRONT__1526915697012465.jpg", "samples/CAM_FRONT_RIGHT/n008-2018-05-21-11-06-59-0400__CAM_FRONT_RIGHT__1526915697019956.jpg", "samples/CAM_BACK_LEFT/n008-2018-05-21-11-06-59-0400__CAM_BACK_LEFT__1526915697047295.jpg", "samples/CAM_BACK/n008-2018-05-21-11-06-59-0400__CAM_BACK__1526915697037570.jpg", "samples/CAM_BACK_RIGHT/n008-2018-05-21-11-06-59-0400__CAM_BACK_RIGHT__1526915697027813.jpg"], "intrinsics": [[[1256.4720761102153, 0.0, 759.9201772536986], [0.0, 1256.472076110215, 418.2347543062189], [0.0, 0.0, 1.0]], [[1262.8093578767177, 0.0, 786.6784634591471], [0.0, 1262.8093578767177, 437.9890946201144], [0.0, 0.0, 1.0]], [[1264.1253743585607, 0.0, 761.8659236816043], [0.0, 1264.125374358561, 415.0768894058469], [0.0, 0.0, 1.0]], [[1258.2338510172276, 0.0, 742.9036438917772], [0.0, 1258.2338510172278, 422.93240569290015], [0.0, 0.0, 1.0]], [[798.1242652672415, 0.0, 679.0081140747895], [0.0, 798.1242652672414, 419.2474525237902], [0.0, 0.0, 1.0]], [[1259.4297629105833, 0.0, 752.9541347831612], [0.0, 1259.4297629105833, 429.46398926977497], [0.0, 0.0, 1.0]]], "extrinsics": [[[0.8019220232963562, -0.5973904132843018, 0.006758869159966707, -0.935882568359375], [0.006220912095159292, -0.0029629250057041645, -0.9999762773513794, 1.4989850521087646], [0.5973963141441345, 0.8019450306892395, 0.001340279122814536, -1.261962890625], [0.0, 0.0, 0.0, 1.0]], [[-0.015493497252464294, -0.9998475313186646, 0.0080514345318079, -0.0255126953125], [-0.003575356211513281, -0.00799694936722517, -0.9999616146087646, 1.512709617614746], [0.9998735189437866, -0.015521666966378689, -0.0034509103279560804, -1.60888671875], [0.0, 0.0, 0.0, 1.0]], [[-0.8159533739089966, -0.578117311000824, -0.0006407546461559832, 0.9556884765625], [0.0019348298665136099, -0.0016224731225520372, -0.9999968409538269, 1.4959988594055176], [0.5781144499778748, -0.8159520626068115, 0.002442421391606331, -1.336090087890625], [0.0, 0.0, 0.0, 1.0]], [[0.9455987811088562, 0.3252074718475342, -0.009115808643400669, -1.155029296875], [-0.010812722146511078, 0.0034109700936824083, -0.9999356865882874, 1.5959405899047852], [-0.32515549659729004, 0.9456365704536438, 0.00674178684130311, -0.0794677734375], [0.0, 0.0, 0.0, 1.0]], [[0.02063167095184326, 0.9997829794883728, -0.0028702784329652786, 0.00537109375], [-0.0021646188106387854, -0.0028262140695005655, -0.9999937415122986, 1.5395078659057617], [-0.9997847676277161, 0.0206377562135458, 0.0021058388520032167, 0.0869140625], [0.0, 0.0, 0.0, 1.0]], [[-0.9328539371490479, 0.3602157235145569, 0.005302528850734234, 1.108154296875], [-0.0071770609356462955, -0.0038665637839585543, -0.9999667406082153, 1.583613395690918], [-0.3601831793785095, -0.9328610897064209, 0.006192230153828859, -0.06884765625], [0.0, 0.0, 0.0, 1.0]]], "view": [[0.0, -2.0, 100.0], [-2.0, 0.0, 100.0], [0.0, 0.0, 1.0]], "bev": "bev_68d55043775840cbacb2d9d2bf15ad4a.png", "aux": "aux_68d55043775840cbacb2d9d2bf15ad4a.npz", "visibility": "visibility_68d55043775840cbacb2d9d2bf15ad4a.png", "pose": [[0.9648625254631042, 0.26275524497032166, 0.0, 1726.8968505859375], [-0.26275524497032166, 0.9648625254631042, 0.0, 893.0753784179688], [0.0, 0.0, 1.0, 0.0], [0.0, 0.0, 0.0, 1.0]], "pose_inverse": [[0.9648625254631042, -0.26275524497032166, 0.0, -1431.557861328125], [0.26275524497032166, 0.9648625254631042, 0.0, -1315.4461669921875], [0.0, 0.0, 1.0, 0.0], [0.0, 0.0, 0.0, 1.0]], "cam_ids": [0, 1, 2, 3, 4, 5], "cam_channels": ["CAM_FRONT_LEFT", "CAM_FRONT", "CAM_FRONT_RIGHT", "CAM_BACK_LEFT", "CAM_BACK", "CAM_BACK_RIGHT"], "token": "68d55043775840cbacb2d9d2bf15ad4a", "scene": "scene-0174"}, {"images": ["samples/CAM_FRONT_LEFT/n008-2018-05-21-11-06-59-0400__CAM_FRONT_LEFT__1526915697504917.jpg", "samples/CAM_FRONT/n008-2018-05-21-11-06-59-0400__CAM_FRONT__1526915697512465.jpg", "samples/CAM_FRONT_RIGHT/n008-2018-05-21-11-06-59-0400__CAM_FRONT_RIGHT__1526915697519956.jpg", "samples/CAM_BACK_LEFT/n008-2018-05-21-11-06-59-0400__CAM_BACK_LEFT__1526915697547295.jpg", "samples/CAM_BACK/n008-2018-05-21-11-06-59-0400__CAM_BACK__1526915697537570.jpg", "samples/CAM_BACK_RIGHT/n008-2018-05-21-11-06-59-0400__CAM_BACK_RIGHT__1526915697527813.jpg"], "intrinsics": [[[1256.4720761102153, 0.0, 759.9201772536986], [0.0, 1256.472076110215, 418.2347543062189], [0.0, 0.0, 1.0]], [[1262.8093578767177, 0.0, 786.6784634591471], [0.0, 1262.8093578767177, 437.9890946201144], [0.0, 0.0, 1.0]], [[1264.1253743585607, 0.0, 761.8659236816043], [0.0, 1264.125374358561, 415.0768894058469], [0.0, 0.0, 1.0]], [[1258.2338510172276, 0.0, 742.9036438917772], [0.0, 1258.2338510172278, 422.93240569290015], [0.0, 0.0, 1.0]], [[798.1242652672415, 0.0, 679.0081140747895], [0.0, 798.1242652672414, 419.2474525237902], [0.0, 0.0, 1.0]], [[1259.4297629105833, 0.0, 752.9541347831612], [0.0, 1259.4297629105833, 429.46398926977497], [0.0, 0.0, 1.0]]], "extrinsics": [[[0.8004828095436096, -0.5992253422737122, 0.012496570125222206, -0.92041015625], [0.006065452471375465, -0.012749847956001759, -0.9999003410339355, 1.4991180896759033], [0.5993250012397766, 0.8004788160324097, -0.006571460515260696, -1.25048828125], [0.0, 0.0, 0.0, 1.0]], [[-0.01747017726302147, -0.9996837377548218, 0.01808655820786953, -0.02587890625], [-0.0037633476313203573, -0.018023444339632988, -0.9998304843902588, 1.5126590728759766], [0.9998403191566467, -0.01753527857363224, -0.0034472865518182516, -1.5936279296875], [0.0, 0.0, 0.0, 1.0]], [[-0.8168348670005798, -0.5768457055091858, 0.005468233488500118, 0.946044921875], [0.001712885801680386, -0.011904367245733738, -0.9999276995658875, 1.4960250854492188], [0.5768690705299377, -0.8167663216590881, 0.010711971670389175, -1.3292388916015625], [0.0, 0.0, 0.0, 1.0]], [[0.9456345438957214, 0.32497677206993103, -0.0128633426502347, -1.1549072265625], [-0.01097378134727478, -0.007646717596799135, -0.9999105334281921, 1.595937728881836], [-0.3250460922718048, 0.9456910490989685, -0.003664775751531124, -0.079254150390625], [0.0, 0.0, 0.0, 1.0]], [[0.02118602953851223, 0.9996814727783203, -0.013711671344935894, 0.005615234375], [-0.0023946501314640045, -0.013663970865309238, -0.9999037981033325, 1.5394973754882812], [-0.9997726678848267, 0.021216830238699913, 0.0021044001914560795, 0.0830078125], [0.0, 0.0, 0.0, 1.0]], [[-0.9324733018875122, 0.36123478412628174, 0.0017084013670682907, 1.1005859375], [-0.007414498832076788, -0.014410698786377907, -0.9998686909675598, 1.58355712890625], [-0.3611627519130707, -0.9323635101318359, 0.01611596718430519, -0.07177734375], [0.0, 0.0, 0.0, 1.0]]], "view": [[0.0, -2.0, 100.0], [-2.0, 0.0, 100.0], [0.0, 0.0, 1.0]], "bev": "bev_71bef2a7e90f4f43ae9ee792b81626c0.png", "aux": "aux_71bef2a7e90f4f43ae9ee792b81626c0.npz", "visibility": "visibility_71bef2a7e90f4f43ae9ee792b81626c0.png", "pose": [[0.9958606362342834, 0.09089311212301254, 0.0, 1728.1986083984375], [-0.09089311212301254, 0.9958606362342834, 0.0, 892.8189697265625], [0.0, 0.0, 1.0, 0.0], [0.0, 0.0, 0.0, 1.0]], "pose_inverse": [[0.9958606362342834, -0.09089311212301254, 0.0, -1639.8939208984375], [0.09089311212301254, 0.9958606362342834, 0.0, -1046.20458984375], [0.0, 0.0, 1.0, 0.0], [0.0, 0.0, 0.0, 1.0]], "cam_ids": [0, 1, 2, 3, 4, 5], "cam_channels": ["CAM_FRONT_LEFT", "CAM_FRONT", "CAM_FRONT_RIGHT", "CAM_BACK_LEFT", "CAM_BACK", "CAM_BACK_RIGHT"], "token": "71bef2a7e90f4f43ae9ee792b81626c0", "scene": "scene-0174"}, {"images": ["samples/CAM_FRONT_LEFT/n008-2018-05-21-11-06-59-0400__CAM_FRONT_LEFT__1526915697904917.jpg", "samples/CAM_FRONT/n008-2018-05-21-11-06-59-0400__CAM_FRONT__1526915697912465.jpg", "samples/CAM_FRONT_RIGHT/n008-2018-05-21-11-06-59-0400__CAM_FRONT_RIGHT__1526915697919956.jpg", "samples/CAM_BACK_LEFT/n008-2018-05-21-11-06-59-0400__CAM_BACK_LEFT__1526915697947305.jpg", "samples/CAM_BACK/n008-2018-05-21-11-06-59-0400__CAM_BACK__1526915697937570.jpg", "samples/CAM_BACK_RIGHT/n008-2018-05-21-11-06-59-0400__CAM_BACK_RIGHT__1526915697927813.jpg"], "intrinsics": [[[1256.4720761102153, 0.0, 759.9201772536986], [0.0, 1256.472076110215, 418.2347543062189], [0.0, 0.0, 1.0]], [[1262.8093578767177, 0.0, 786.6784634591471], [0.0, 1262.8093578767177, 437.9890946201144], [0.0, 0.0, 1.0]], [[1264.1253743585607, 0.0, 761.8659236816043], [0.0, 1264.125374358561, 415.0768894058469], [0.0, 0.0, 1.0]], [[1258.2338510172276, 0.0, 742.9036438917772], [0.0, 1258.2338510172278, 422.93240569290015], [0.0, 0.0, 1.0]], [[798.1242652672415, 0.0, 679.0081140747895], [0.0, 798.1242652672414, 419.2474525237902], [0.0, 0.0, 1.0]], [[1259.4297629105833, 0.0, 752.9541347831612], [0.0, 1259.4297629105833, 429.46398926977497], [0.0, 0.0, 1.0]]], "extrinsics": [[[0.8000462055206299, -0.5998733043670654, 0.00884032342582941, -0.91217041015625], [0.014440968632698059, 0.004524503834545612, -0.9998854994773865, 1.5002117156982422], [0.5997646450996399, 0.8000821471214294, 0.012282563373446465, -1.24462890625], [0.0, 0.0, 0.0, 1.0]], [[-0.017949528992176056, -0.9998388886451721, 0.0001342433097306639, -0.025634765625], [0.004618971608579159, -0.00021718512289226055, -0.9999893307685852, 1.5134763717651367], [0.9998282790184021, -0.01794871874153614, 0.004622126463800669, -1.5853271484375], [0.0, 0.0, 0.0, 1.0]], [[-0.8170127868652344, -0.5764962434768677, -0.011930800974369049, 0.9405517578125], [0.010081108659505844, 0.0064069051295518875, -0.9999286532402039, 1.4966964721679688], [0.5765315294265747, -0.817074716091156, 0.0005771974683739245, -1.325042724609375], [0.0, 0.0, 0.0, 1.0]], [[0.9456488490104675, 0.32518723607063293, 0.0012635793536901474, -1.1544189453125], [-0.002934632822871208, 0.012419336475431919, -0.999918520450592, 1.5959181785583496], [-0.325176477432251, 0.9455680847167969, 0.012698635458946228, -0.0800628662109375], [0.0, 0.0, 0.0, 1.0]], [[0.02135317586362362, 0.9997543692588806, 0.005937850568443537, 0.00537109375], [0.005809929687529802, 0.005815018899738789, -0.9999662041664124, 1.5397148132324219], [-0.9997550845146179, 0.021386954933404922, -0.005684334319084883, 0.079833984375], [0.0, 0.0, 0.0, 1.0]], [[-0.9323734045028687, 0.36149585247039795, 0.0007649337640032172, 1.0955810546875], [0.000898173893801868, 0.004432581830769777, -0.9999897480010986, 1.5839810371398926], [-0.3614955544471741, -0.9323632121086121, -0.004457507748156786, -0.073486328125], [0.0, 0.0, 0.0, 1.0]]], "view": [[0.0, -2.0, 100.0], [-2.0, 0.0, 100.0], [0.0, 0.0, 1.0]], "bev": "bev_381e7a255c2d4c7595ea5ac98f6d67b5.png", "aux": "aux_381e7a255c2d4c7595ea5ac98f6d67b5.npz", "visibility": "visibility_381e7a255c2d4c7595ea5ac98f6d67b5.png", "pose": [[0.9978230595588684, -0.06594838947057724, 0.0, 1729.38623046875], [0.06594838947057724, 0.9978230595588684, 0.0, 892.7883911132812], [0.0, 0.0, 1.0, 0.0], [0.0, 0.0, 0.0, 1.0]], "pose_inverse": [[0.9978230595588684, 0.06594838947057724, 0.0, -1784.4993896484375], [-0.06594838947057724, 0.9978230595588684, 0.0, -776.7946166992188], [0.0, 0.0, 1.0, 0.0], [0.0, 0.0, 0.0, 1.0]], "cam_ids": [0, 1, 2, 3, 4, 5], "cam_channels": ["CAM_FRONT_LEFT", "CAM_FRONT", "CAM_FRONT_RIGHT", "CAM_BACK_LEFT", "CAM_BACK", "CAM_BACK_RIGHT"], "token": "381e7a255c2d4c7595ea5ac98f6d67b5", "scene": "scene-0174"}, {"images": ["samples/CAM_FRONT_LEFT/n008-2018-05-21-11-06-59-0400__CAM_FRONT_LEFT__1526915698404917.jpg", "samples/CAM_FRONT/n008-2018-05-21-11-06-59-0400__CAM_FRONT__1526915698412465.jpg", "samples/CAM_FRONT_RIGHT/n008-2018-05-21-11-06-59-0400__CAM_FRONT_RIGHT__1526915698419956.jpg", "samples/CAM_BACK_LEFT/n008-2018-05-21-11-06-59-0400__CAM_BACK_LEFT__1526915698447295.jpg", "samples/CAM_BACK/n008-2018-05-21-11-06-59-0400__CAM_BACK__1526915698437570.jpg", "samples/CAM_BACK_RIGHT/n008-2018-05-21-11-06-59-0400__CAM_BACK_RIGHT__1526915698427813.jpg"], "intrinsics": [[[1256.4720761102153, 0.0, 759.9201772536986], [0.0, 1256.472076110215, 418.2347543062189], [0.0, 0.0, 1.0]], [[1262.8093578767177, 0.0, 786.6784634591471], [0.0, 1262.8093578767177, 437.9890946201144], [0.0, 0.0, 1.0]], [[1264.1253743585607, 0.0, 761.8659236816043], [0.0, 1264.125374358561, 415.0768894058469], [0.0, 0.0, 1.0]], [[1258.2338510172276, 0.0, 742.9036438917772], [0.0, 1258.2338510172278, 422.93240569290015], [0.0, 0.0, 1.0]], [[798.1242652672415, 0.0, 679.0081140747895], [0.0, 798.1242652672414, 419.2474525237902], [0.0, 0.0, 1.0]], [[1259.4297629105833, 0.0, 752.9541347831612], [0.0, 1259.4297629105833, 429.46398926977497], [0.0, 0.0, 1.0]]], "extrinsics": [[[0.7991216778755188, -0.6010750532150269, 0.010641817934811115, -0.8966064453125], [0.00863094162195921, -0.0062289051711559296, -0.9999433755874634, 1.4996623992919922], [0.6011072993278503, 0.7991682291030884, 0.0002101911377394572, -1.2333984375], [0.0, 0.0, 0.0, 1.0]], [[-0.019293656572699547, -0.999750554561615, 0.011247598566114902, -0.025787353515625], [-0.0011639591539278626, -0.01122722402215004, -0.9999363422393799, 1.5128755569458008], [0.9998130202293396, -0.019305502995848656, -0.0009470529621466994, -1.5697021484375], [0.0, 0.0, 0.0, 1.0]], [[-0.8176687955856323, -0.5756884217262268, -0.0007954867323860526, 0.9305419921875], [0.0043478780426084995, -0.0047936588525772095, -0.9999790191650391, 1.4962973594665527], [0.5756725668907166, -0.8176550269126892, 0.0064226477406919, -1.31805419921875], [0.0, 0.0, 0.0, 1.0]], [[0.9456768035888672, 0.325012743473053, -0.007870925590395927, -1.1546630859375], [-0.00860083568841219, 0.0008091357885859907, -0.9999626278877258, 1.5959339141845703], [-0.3249942660331726, 0.9457092881202698, 0.0035605626180768013, -0.0794525146484375], [0.0, 0.0, 0.0, 1.0]], [[0.021784545853734016, 0.9997464418411255, -0.005696231499314308, 0.0057373046875], [0.0001424148795194924, -0.005700686946511269, -0.9999837875366211, 1.5395612716674805], [-0.9997625946998596, 0.021783338859677315, -0.00026656684349291027, 0.07568359375], [0.0, 0.0, 0.0, 1.0]], [[-0.9320908188819885, 0.36221909523010254, 0.001967881340533495, 1.087646484375], [-0.004800666589289904, -0.006920795887708664, -0.9999645352363586, 1.5836219787597656], [-0.36219263076782227, -0.9320672154426575, 0.008189704269170761, -0.07666015625], [0.0, 0.0, 0.0, 1.0]]], "view": [[0.0, -2.0, 100.0], [-2.0, 0.0, 100.0], [0.0, 0.0, 1.0]], "bev": "bev_9b8cb11e23524dcea151d5e31ceb7241.png", "aux": "aux_9b8cb11e23524dcea151d5e31ceb7241.npz", "visibility": "visibility_9b8cb11e23524dcea151d5e31ceb7241.png", "pose": [[0.9625964164733887, -0.27093929052352905, 0.0, 1731.050048828125], [0.27093929052352905, 0.9625964164733887, 0.0, 893.051513671875], [0.0, 0.0, 1.0, 0.0], [0.0, 0.0, 0.0, 1.0]], "pose_inverse": [[0.9625964164733887, 0.27093929052352905, 0.0, -1908.265380859375], [-0.27093929052352905, 0.9625964164733887, 0.0, -390.6387634277344], [0.0, 0.0, 1.0, 0.0], [0.0, 0.0, 0.0, 1.0]], "cam_ids": [0, 1, 2, 3, 4, 5], "cam_channels": ["CAM_FRONT_LEFT", "CAM_FRONT", "CAM_FRONT_RIGHT", "CAM_BACK_LEFT", "CAM_BACK", "CAM_BACK_RIGHT"], "token": "9b8cb11e23524dcea151d5e31ceb7241", "scene": "scene-0174"}, {"images": ["samples/CAM_FRONT_LEFT/n008-2018-05-21-11-06-59-0400__CAM_FRONT_LEFT__1526915698904917.jpg", "samples/CAM_FRONT/n008-2018-05-21-11-06-59-0400__CAM_FRONT__1526915698912465.jpg", "samples/CAM_FRONT_RIGHT/n008-2018-05-21-11-06-59-0400__CAM_FRONT_RIGHT__1526915698919956.jpg", "samples/CAM_BACK_LEFT/n008-2018-05-21-11-06-59-0400__CAM_BACK_LEFT__1526915698947295.jpg", "samples/CAM_BACK/n008-2018-05-21-11-06-59-0400__CAM_BACK__1526915698937570.jpg", "samples/CAM_BACK_RIGHT/n008-2018-05-21-11-06-59-0400__CAM_BACK_RIGHT__1526915698927813.jpg"], "intrinsics": [[[1256.4720761102153, 0.0, 759.9201772536986], [0.0, 1256.472076110215, 418.2347543062189], [0.0, 0.0, 1.0]], [[1262.8093578767177, 0.0, 786.6784634591471], [0.0, 1262.8093578767177, 437.9890946201144], [0.0, 0.0, 1.0]], [[1264.1253743585607, 0.0, 761.8659236816043], [0.0, 1264.125374358561, 415.0768894058469], [0.0, 0.0, 1.0]], [[1258.2338510172276, 0.0, 742.9036438917772], [0.0, 1258.2338510172278, 422.93240569290015], [0.0, 0.0, 1.0]], [[798.1242652672415, 0.0, 679.0081140747895], [0.0, 798.1242652672414, 419.2474525237902], [0.0, 0.0, 1.0]], [[1259.4297629105833, 0.0, 752.9541347831612], [0.0, 1259.4297629105833, 429.46398926977497], [0.0, 0.0, 1.0]]], "extrinsics": [[[0.8004906177520752, -0.5991768836975098, -0.014209404587745667, -0.8828125], [-0.00978688895702362, 0.010637270286679268, -0.9998955130577087, 1.4966716766357422], [0.599265456199646, 0.8005459904670715, 0.002650957554578781, -1.2227783203125], [0.0, 0.0, 0.0, 1.0]], [[-0.017016621306538582, -0.9998394250869751, -0.005616402253508568, -0.02581787109375], [-0.01961710676550865, 0.005949993617832661, -0.9997898936271667, 1.5102691650390625], [0.9996626973152161, -0.016902834177017212, -0.01971520483493805, -1.55419921875], [0.0, 0.0, 0.0, 1.0]], [[-0.8163989782333374, -0.5774732232093811, 0.004173698369413614, 0.92041015625], [-0.014056342653930187, 0.012645832262933254, -0.9998212456703186, 1.4943180084228516], [0.5773171782493591, -0.8163116574287415, -0.018441207706928253, -1.3104248046875], [0.0, 0.0, 0.0, 1.0]], [[0.9449623227119446, 0.32663992047309875, -0.018780430778861046, -1.1534423828125], [-0.02628670632839203, 0.018580855801701546, -0.999481737613678, 1.5959091186523438], [-0.32612165808677673, 0.9449662566184998, 0.026144495233893394, -0.0804443359375], [0.0, 0.0, 0.0, 1.0]], [[0.02002803236246109, 0.9997305870056152, 0.011734910309314728, 0.005214691162109375], [-0.017861369997262955, 0.012093165889382362, -0.9997673630714417, 1.5388412475585938], [-0.9996399283409119, 0.01981380023062229, 0.01809876039624214, 0.0699462890625], [0.0, 0.0, 0.0, 1.0]], [[-0.9325884580612183, 0.36004841327667236, 0.025374608114361763, 1.078369140625], [-0.02305992692708969, 0.010723494924604893, -0.9996765851974487, 1.5821342468261719], [-0.3602041006088257, -0.9328719973564148, -0.0016979178180918097, -0.07958984375], [0.0, 0.0, 0.0, 1.0]]], "view": [[0.0, -2.0, 100.0], [-2.0, 0.0, 100.0], [0.0, 0.0, 1.0]], "bev": "bev_2422100841c841338a22a611639f429a.png", "aux": "aux_2422100841c841338a22a611639f429a.npz", "visibility": "visibility_2422100841c841338a22a611639f429a.png", "pose": [[0.8844282627105713, -0.4666762053966522, 0.0, 1732.8157958984375], [0.4666762053966522, 0.8844282627105713, 0.0, 893.7302856445312], [0.0, 0.0, 1.0, 0.0], [0.0, 0.0, 0.0, 1.0]], "pose_inverse": [[0.8844282627105713, 0.4666762053966522, 0.0, -1949.6339111328125], [-0.4666762053966522, 0.8844282627105713, 0.0, 18.22356414794922], [0.0, 0.0, 1.0, 0.0], [0.0, 0.0, 0.0, 1.0]], "cam_ids": [0, 1, 2, 3, 4, 5], "cam_channels": ["CAM_FRONT_LEFT", "CAM_FRONT", "CAM_FRONT_RIGHT", "CAM_BACK_LEFT", "CAM_BACK", "CAM_BACK_RIGHT"], "token": "2422100841c841338a22a611639f429a", "scene": "scene-0174"}, {"images": ["samples/CAM_FRONT_LEFT/n008-2018-05-21-11-06-59-0400__CAM_FRONT_LEFT__1526915699404917.jpg", "samples/CAM_FRONT/n008-2018-05-21-11-06-59-0400__CAM_FRONT__1526915699412465.jpg", "samples/CAM_FRONT_RIGHT/n008-2018-05-21-11-06-59-0400__CAM_FRONT_RIGHT__1526915699420018.jpg", "samples/CAM_BACK_LEFT/n008-2018-05-21-11-06-59-0400__CAM_BACK_LEFT__1526915699447295.jpg", "samples/CAM_BACK/n008-2018-05-21-11-06-59-0400__CAM_BACK__1526915699437570.jpg", "samples/CAM_BACK_RIGHT/n008-2018-05-21-11-06-59-0400__CAM_BACK_RIGHT__1526915699427813.jpg"], "intrinsics": [[[1256.4720761102153, 0.0, 759.9201772536986], [0.0, 1256.472076110215, 418.2347543062189], [0.0, 0.0, 1.0]], [[1262.8093578767177, 0.0, 786.6784634591471], [0.0, 1262.8093578767177, 437.9890946201144], [0.0, 0.0, 1.0]], [[1264.1253743585607, 0.0, 761.8659236816043], [0.0, 1264.125374358561, 415.0768894058469], [0.0, 0.0, 1.0]], [[1258.2338510172276, 0.0, 742.9036438917772], [0.0, 1258.2338510172278, 422.93240569290015], [0.0, 0.0, 1.0]], [[798.1242652672415, 0.0, 679.0081140747895], [0.0, 798.1242652672414, 419.2474525237902], [0.0, 0.0, 1.0]], [[1259.4297629105833, 0.0, 752.9541347831612], [0.0, 1259.4297629105833, 429.46398926977497], [0.0, 0.0, 1.0]]], "extrinsics": [[[0.8024477362632751, -0.5965313911437988, -0.015095556154847145, -0.8682861328125], [-0.007771794684231281, 0.014847458340227604, -0.9998595714569092, 1.4968509674072266], [0.5966718196868896, 0.8024523854255676, 0.007278190925717354, -1.21343994140625], [0.0, 0.0, 0.0, 1.0]], [[-0.014758451841771603, -0.9998484253883362, -0.00922786071896553, -0.025421142578125], [-0.017381129786372185, 0.009484007954597473, -0.9998039603233337, 1.5103225708007812], [0.9997400045394897, -0.01459517888724804, -0.01751846820116043, -1.5401611328125], [0.0, 0.0, 0.0, 1.0]], [[-0.8156596422195435, -0.5785318613052368, 0.0005635877605527639, 0.9124755859375], [-0.01171310618519783, 0.015540073625743389, -0.9998106360435486, 1.4944343566894531], [0.5784135460853577, -0.8155117630958557, -0.019451815634965897, -1.3043212890625], [0.0, 0.0, 0.0, 1.0]], [[0.9455482959747314, 0.3250712454319, -0.016344141215085983, -1.158447265625], [-0.023869164288043976, 0.01917416602373123, -0.9995312094688416, 1.596038818359375], [-0.32460537552833557, 0.9454951882362366, 0.025889277458190918, -0.078369140625], [0.0, 0.0, 0.0, 1.0]], [[0.02076970972120762, 0.9996981024742126, 0.013124675489962101, 0.005462646484375], [-0.015395153313875198, 0.013445748947560787, -0.9997910857200623, 1.5389137268066406], [-0.9996657371520996, 0.02056327648460865, 0.015669766813516617, 0.0689697265625], [0.0, 0.0, 0.0, 1.0]], [[-0.9327395558357239, 0.3597576320171356, 0.023903077468276024, 1.0718994140625], [-0.020636431872844696, 0.01291863713413477, -0.999703586101532, 1.5821685791015625], [-0.35995975136756897, -0.932956337928772, -0.004625610541552305, -0.082122802734375], [0.0, 0.0, 0.0, 1.0]]], "view": [[0.0, -2.0, 100.0], [-2.0, 0.0, 100.0], [0.0, 0.0, 1.0]], "bev": "bev_91a9cf91a01846178ce5e042b1924664.png", "aux": "aux_91a9cf91a01846178ce5e042b1924664.npz", "visibility": "visibility_91a9cf91a01846178ce5e042b1924664.png", "pose": [[0.7877985239028931, -0.6159330010414124, 0.0, 1734.6214599609375], [0.6159330010414124, 0.7877985239028931, 0.0, 894.8746337890625], [0.0, 0.0, 1.0, 0.0], [0.0, 0.0, 0.0, 1.0]], "pose_inverse": [[0.7877985239028931, 0.6159330010414124, 0.0, -1917.715087890625], [-0.6159330010414124, 0.7877985239028931, 0.0, 363.4296875], [0.0, 0.0, 1.0, 0.0], [0.0, 0.0, 0.0, 1.0]], "cam_ids": [0, 1, 2, 3, 4, 5], "cam_channels": ["CAM_FRONT_LEFT", "CAM_FRONT", "CAM_FRONT_RIGHT", "CAM_BACK_LEFT", "CAM_BACK", "CAM_BACK_RIGHT"], "token": "91a9cf91a01846178ce5e042b1924664", "scene": "scene-0174"}, {"images": ["samples/CAM_FRONT_LEFT/n008-2018-05-21-11-06-59-0400__CAM_FRONT_LEFT__1526915699904917.jpg", "samples/CAM_FRONT/n008-2018-05-21-11-06-59-0400__CAM_FRONT__1526915699912465.jpg", "samples/CAM_FRONT_RIGHT/n008-2018-05-21-11-06-59-0400__CAM_FRONT_RIGHT__1526915699919956.jpg", "samples/CAM_BACK_LEFT/n008-2018-05-21-11-06-59-0400__CAM_BACK_LEFT__1526915699947295.jpg", "samples/CAM_BACK/n008-2018-05-21-11-06-59-0400__CAM_BACK__1526915699937570.jpg", "samples/CAM_BACK_RIGHT/n008-2018-05-21-11-06-59-0400__CAM_BACK_RIGHT__1526915699927813.jpg"], "intrinsics": [[[1256.4720761102153, 0.0, 759.9201772536986], [0.0, 1256.472076110215, 418.2347543062189], [0.0, 0.0, 1.0]], [[1262.8093578767177, 0.0, 786.6784634591471], [0.0, 1262.8093578767177, 437.9890946201144], [0.0, 0.0, 1.0]], [[1264.1253743585607, 0.0, 761.8659236816043], [0.0, 1264.125374358561, 415.0768894058469], [0.0, 0.0, 1.0]], [[1258.2338510172276, 0.0, 742.9036438917772], [0.0, 1258.2338510172278, 422.93240569290015], [0.0, 0.0, 1.0]], [[798.1242652672415, 0.0, 679.0081140747895], [0.0, 798.1242652672414, 419.2474525237902], [0.0, 0.0, 1.0]], [[1259.4297629105833, 0.0, 752.9541347831612], [0.0, 1259.4297629105833, 429.46398926977497], [0.0, 0.0, 1.0]]], "extrinsics": [[[0.805961012840271, -0.5917491912841797, -0.016113096848130226, -0.8616943359375], [-0.011605747975409031, 0.011418990790843964, -0.9998674392700195, 1.4960708618164062], [0.5918547511100769, 0.8060412406921387, 0.0023355712182819843, -1.2083740234375], [0.0, 0.0, 0.0, 1.0]], [[-0.009938408620655537, -0.9999310970306396, -0.006248015444725752, -0.02587890625], [-0.02154122292995453, 0.006460965145379305, -0.999747097492218, 1.5095405578613281], [0.9997185468673706, -0.00980125181376934, -0.02160394750535488, -1.5325927734375], [0.0, 0.0, 0.0, 1.0]], [[-0.8134770393371582, -0.5815693736076355, 0.005667020101100206, 0.9063720703125], [-0.016256729140877724, 0.012997047044336796, -0.9997833371162415, 1.4938011169433594], [0.5813698172569275, -0.8133929371833801, -0.020027216523885727, -1.3004150390625], [0.0, 0.0, 0.0, 1.0]], [[0.9456429481506348, 0.3244408965110779, -0.02230655401945114, -1.151611328125], [-0.029843300580978394, 0.018272094428539276, -0.9993875622749329, 1.5958709716796875], [-0.3238346576690674, 0.9457294940948486, 0.02696126699447632, -0.0802001953125], [0.0, 0.0, 0.0, 1.0]], [[0.01981879398226738, 0.9997369050979614, 0.011549355462193489, 0.0059814453125], [-0.020876893773674965, 0.01196291483938694, -0.9997105002403259, 1.5385704040527344], [-0.9995855689048767, 0.019571971148252487, 0.021108489483594894, 0.0625], [0.0, 0.0, 0.0, 1.0]], [[-0.93354731798172, 0.3573780357837677, 0.027752036228775978, 1.0662841796875], [-0.025576941668987274, 0.010812217369675636, -0.9996143579483032, 1.5816001892089844], [-0.3575403094291687, -0.9338971376419067, -0.0009530775132589042, -0.084625244140625], [0.0, 0.0, 0.0, 1.0]]], "view": [[0.0, -2.0, 100.0], [-2.0, 0.0, 100.0], [0.0, 0.0, 1.0]], "bev": "bev_e131cb91804a4a29b647c18fe61e4ff8.png", "aux": "aux_e131cb91804a4a29b647c18fe61e4ff8.npz", "visibility": "visibility_e131cb91804a4a29b647c18fe61e4ff8.png", "pose": [[0.7237692475318909, -0.6900420784950256, 0.0, 1736.374267578125], [0.6900420784950256, 0.7237692475318909, 0.0, 896.353515625], [0.0, 0.0, 1.0, 0.0], [0.0, 0.0, 0.0, 1.0]], "pose_inverse": [[0.7237692475318909, 0.6900420784950256, 0.0, -1875.2559814453125], [-0.6900420784950256, 0.7237692475318909, 0.0, 549.418212890625], [0.0, 0.0, 1.0, 0.0], [0.0, 0.0, 0.0, 1.0]], "cam_ids": [0, 1, 2, 3, 4, 5], "cam_channels": ["CAM_FRONT_LEFT", "CAM_FRONT", "CAM_FRONT_RIGHT", "CAM_BACK_LEFT", "CAM_BACK", "CAM_BACK_RIGHT"], "token": "e131cb91804a4a29b647c18fe61e4ff8", "scene": "scene-0174"}, {"images": ["samples/CAM_FRONT_LEFT/n008-2018-05-21-11-06-59-0400__CAM_FRONT_LEFT__1526915700404917.jpg", "samples/CAM_FRONT/n008-2018-05-21-11-06-59-0400__CAM_FRONT__1526915700412465.jpg", "samples/CAM_FRONT_RIGHT/n008-2018-05-21-11-06-59-0400__CAM_FRONT_RIGHT__1526915700419956.jpg", "samples/CAM_BACK_LEFT/n008-2018-05-21-11-06-59-0400__CAM_BACK_LEFT__1526915700447295.jpg", "samples/CAM_BACK/n008-2018-05-21-11-06-59-0400__CAM_BACK__1526915700437570.jpg", "samples/CAM_BACK_RIGHT/n008-2018-05-21-11-06-59-0400__CAM_BACK_RIGHT__1526915700427813.jpg"], "intrinsics": [[[1256.4720761102153, 0.0, 759.9201772536986], [0.0, 1256.472076110215, 418.2347543062189], [0.0, 0.0, 1.0]], [[1262.8093578767177, 0.0, 786.6784634591471], [0.0, 1262.8093578767177, 437.9890946201144], [0.0, 0.0, 1.0]], [[1264.1253743585607, 0.0, 761.8659236816043], [0.0, 1264.125374358561, 415.0768894058469], [0.0, 0.0, 1.0]], [[1258.2338510172276, 0.0, 742.9036438917772], [0.0, 1258.2338510172278, 422.93240569290015], [0.0, 0.0, 1.0]], [[798.1242652672415, 0.0, 679.0081140747895], [0.0, 798.1242652672414, 419.2474525237902], [0.0, 0.0, 1.0]], [[1259.4297629105833, 0.0, 752.9541347831612], [0.0, 1259.4297629105833, 429.46398926977497], [0.0, 0.0, 1.0]]], "extrinsics": [[[0.8081445693969727, -0.5887704491615295, -0.015867870301008224, -0.8515625], [-0.016911806538701057, 0.003733725054189563, -0.9998500347137451, 1.494873046875], [0.5887414216995239, 0.8082916736602783, -0.00693978276103735, -1.20263671875], [0.0, 0.0, 0.0, 1.0]], [[-0.006765999365597963, -0.9999762177467346, 0.0013134087203070521, -0.02508544921875], [-0.026579858735203743, -0.0011331328423693776, -0.9996460676193237, 1.5085029602050781], [0.9996237754821777, -0.0067984564229846, -0.02657155692577362, -1.5233154296875], [0.0, 0.0, 0.0, 1.0]], [[-0.8119694590568542, -0.5835350751876831, 0.013871642760932446, 0.900634765625], [-0.021067727357149124, 0.005548941902816296, -0.9997626543045044, 1.4930458068847656], [0.5833194851875305, -0.8120689392089844, -0.0167993251234293, -1.29541015625], [0.0, 0.0, 0.0, 1.0]], [[0.9454655051231384, 0.32451412081718445, -0.0280277319252491, -1.146728515625], [-0.03353864327073097, 0.011400081217288971, -0.9993724226951599, 1.5956878662109375], [-0.32399100065231323, 0.9458121657371521, 0.021662145853042603, -0.0821533203125], [0.0, 0.0, 0.0, 1.0]], [[0.018849249929189682, 0.9998125433921814, 0.0044174049980938435, 0.00592041015625], [-0.02499549649655819, 0.004888033960014582, -0.9996756315231323, 1.5382652282714844], [-0.999509871006012, 0.018732741475105286, 0.025082945823669434, 0.057373046875], [0.0, 0.0, 0.0, 1.0]], [[-0.934059202671051, 0.35590821504592896, 0.029372937977313995, 1.060546875], [-0.03009537048637867, 0.00350817758589983, -0.9995409250259399, 1.5810203552246094], [-0.35584786534309387, -0.9345143437385559, 0.007434343919157982, -0.08637237548828125], [0.0, 0.0, 0.0, 1.0]]], "view": [[0.0, -2.0, 100.0], [-2.0, 0.0, 100.0], [0.0, 0.0, 1.0]], "bev": "bev_0ebb3403bccb43ab9b7f561a232102ef.png", "aux": "aux_0ebb3403bccb43ab9b7f561a232102ef.npz", "visibility": "visibility_0ebb3403bccb43ab9b7f561a232102ef.png", "pose": [[0.6952309012413025, -0.7187864780426025, 0.0, 1738.042724609375], [0.7187864780426025, 0.6952309012413025, 0.0, 897.966552734375], [0.0, 0.0, 1.0, 0.0], [0.0, 0.0, 0.0, 1.0]], "pose_inverse": [[0.6952309012413025, 0.7187864780426025, 0.0, -1853.7872314453125], [-0.7187864780426025, 0.6952309012413025, 0.0, 624.9874877929688], [0.0, 0.0, 1.0, 0.0], [0.0, 0.0, 0.0, 1.0]], "cam_ids": [0, 1, 2, 3, 4, 5], "cam_channels": ["CAM_FRONT_LEFT", "CAM_FRONT", "CAM_FRONT_RIGHT", "CAM_BACK_LEFT", "CAM_BACK", "CAM_BACK_RIGHT"], "token": "0ebb3403bccb43ab9b7f561a232102ef", "scene": "scene-0174"}, {"images": ["samples/CAM_FRONT_LEFT/n008-2018-05-21-11-06-59-0400__CAM_FRONT_LEFT__1526915700904917.jpg", "samples/CAM_FRONT/n008-2018-05-21-11-06-59-0400__CAM_FRONT__1526915700912528.jpg", "samples/CAM_FRONT_RIGHT/n008-2018-05-21-11-06-59-0400__CAM_FRONT_RIGHT__1526915700919956.jpg", "samples/CAM_BACK_LEFT/n008-2018-05-21-11-06-59-0400__CAM_BACK_LEFT__1526915700947295.jpg", "samples/CAM_BACK/n008-2018-05-21-11-06-59-0400__CAM_BACK__1526915700937570.jpg", "samples/CAM_BACK_RIGHT/n008-2018-05-21-11-06-59-0400__CAM_BACK_RIGHT__1526915700927813.jpg"], "intrinsics": [[[1256.4720761102153, 0.0, 759.9201772536986], [0.0, 1256.472076110215, 418.2347543062189], [0.0, 0.0, 1.0]], [[1262.8093578767177, 0.0, 786.6784634591471], [0.0, 1262.8093578767177, 437.9890946201144], [0.0, 0.0, 1.0]], [[1264.1253743585607, 0.0, 761.8659236816043], [0.0, 1264.125374358561, 415.0768894058469], [0.0, 0.0, 1.0]], [[1258.2338510172276, 0.0, 742.9036438917772], [0.0, 1258.2338510172278, 422.93240569290015], [0.0, 0.0, 1.0]], [[798.1242652672415, 0.0, 679.0081140747895], [0.0, 798.1242652672414, 419.2474525237902], [0.0, 0.0, 1.0]], [[1259.4297629105833, 0.0, 752.9541347831612], [0.0, 1259.4297629105833, 429.46398926977497], [0.0, 0.0, 1.0]]], "extrinsics": [[[0.8078172206878662, -0.5893093943595886, -0.012078166007995605, -0.86376953125], [-0.015090673230588436, -0.00019296126265544444, -0.999886155128479, 1.495473861694336], [0.5892399549484253, 0.8079074025154114, -0.009048948995769024, -1.20947265625], [0.0, 0.0, 0.0, 1.0]], [[-0.007235468830913305, -0.9999589323997498, 0.005456310696899891, -0.026123046875], [-0.024747546762228012, -0.005275718402117491, -0.9996798634529114, 1.5091056823730469], [0.9996675252914429, -0.00736819114536047, -0.024708354845643044, -1.5347900390625], [0.0, 0.0, 0.0, 1.0]], [[-0.8121890425682068, -0.583203136920929, 0.014936107210814953, 0.9071044921875], [-0.01923980936408043, 0.0011883181286975741, -0.9998141527175903, 1.4934730529785156], [0.5830770134925842, -0.8123254776000977, -0.012185858562588692, -1.30126953125], [0.0, 0.0, 0.0, 1.0]], [[0.9454442262649536, 0.3245624601840973, -0.028183842077851295, -1.150390625], [-0.03192688524723053, 0.006211936008185148, -0.9994708895683289, 1.5958175659179688], [-0.32421573996543884, 0.9458438754081726, 0.016235308721661568, -0.08154296875], [0.0, 0.0, 0.0, 1.0]], [[0.018839912489056587, 0.9998223781585693, -0.0004624248540494591, 0.0059814453125], [-0.02327786758542061, -2.3751497792545706e-05, -0.9997290372848511, 1.5384559631347656], [-0.99955153465271, 0.018845578655600548, 0.02327328734099865, 0.0618896484375], [0.0, 0.0, 0.0, 1.0]], [[-0.9340423941612244, 0.3562111258506775, 0.02604500576853752, 1.066650390625], [-0.028287120163440704, -0.0010858781170099974, -0.9995992183685303, 1.5813827514648438], [-0.3560400903224945, -0.9344049096107483, 0.011090442538261414, -0.08477210998535156], [0.0, 0.0, 0.0, 1.0]]], "view": [[0.0, -2.0, 100.0], [-2.0, 0.0, 100.0], [0.0, 0.0, 1.0]], "bev": "bev_aac81c3109904702aea18851b019dc73.png", "aux": "aux_aac81c3109904702aea18851b019dc73.npz", "visibility": "visibility_aac81c3109904702aea18851b019dc73.png", "pose": [[0.673214852809906, -0.7394469380378723, 0.0, 1739.60791015625], [0.7394469380378723, 0.673214852809906, 0.0, 899.5928955078125], [0.0, 0.0, 1.0, 0.0], [0.0, 0.0, 0.0, 1.0]], "pose_inverse": [[0.673214852809906, 0.7394469380378723, 0.0, -1836.3310546875], [-0.7394469380378723, 0.673214852809906, 0.0, 680.7283935546875], [0.0, 0.0, 1.0, 0.0], [0.0, 0.0, 0.0, 1.0]], "cam_ids": [0, 1, 2, 3, 4, 5], "cam_channels": ["CAM_FRONT_LEFT", "CAM_FRONT", "CAM_FRONT_RIGHT", "CAM_BACK_LEFT", "CAM_BACK", "CAM_BACK_RIGHT"], "token": "aac81c3109904702aea18851b019dc73", "scene": "scene-0174"}, {"images": ["samples/CAM_FRONT_LEFT/n008-2018-05-21-11-06-59-0400__CAM_FRONT_LEFT__1526915701354917.jpg", "samples/CAM_FRONT/n008-2018-05-21-11-06-59-0400__CAM_FRONT__1526915701362465.jpg", "samples/CAM_FRONT_RIGHT/n008-2018-05-21-11-06-59-0400__CAM_FRONT_RIGHT__1526915701369957.jpg", "samples/CAM_BACK_LEFT/n008-2018-05-21-11-06-59-0400__CAM_BACK_LEFT__1526915701397295.jpg", "samples/CAM_BACK/n008-2018-05-21-11-06-59-0400__CAM_BACK__1526915701387570.jpg", "samples/CAM_BACK_RIGHT/n008-2018-05-21-11-06-59-0400__CAM_BACK_RIGHT__1526915701377813.jpg"], "intrinsics": [[[1256.4720761102153, 0.0, 759.9201772536986], [0.0, 1256.472076110215, 418.2347543062189], [0.0, 0.0, 1.0]], [[1262.8093578767177, 0.0, 786.6784634591471], [0.0, 1262.8093578767177, 437.9890946201144], [0.0, 0.0, 1.0]], [[1264.1253743585607, 0.0, 761.8659236816043], [0.0, 1264.125374358561, 415.0768894058469], [0.0, 0.0, 1.0]], [[1258.2338510172276, 0.0, 742.9036438917772], [0.0, 1258.2338510172278, 422.93240569290015], [0.0, 0.0, 1.0]], [[798.1242652672415, 0.0, 679.0081140747895], [0.0, 798.1242652672414, 419.2474525237902], [0.0, 0.0, 1.0]], [[1259.4297629105833, 0.0, 752.9541347831612], [0.0, 1259.4297629105833, 429.46398926977497], [0.0, 0.0, 1.0]]], "extrinsics": [[[0.8079401254653931, -0.5890622138977051, -0.015438743866980076, -0.8697509765625], [-0.018966715782880783, 0.00019012161646969616, -0.9998201131820679, 1.4948539733886719], [0.5889592170715332, 0.8080875277519226, -0.011018970981240273, -1.21221923828125], [0.0, 0.0, 0.0, 1.0]], [[-0.007017741911113262, -0.9999607801437378, 0.005387964658439159, -0.0272216796875], [-0.028835957869887352, -0.005183490924537182, -0.9995707273483276, 1.5085906982421875], [0.9995595216751099, -0.007170050870627165, -0.028798453509807587, -1.539306640625], [0.0, 0.0, 0.0, 1.0]], [[-0.8120570778846741, -0.5832841396331787, 0.01851538196206093, 0.9093017578125], [-0.023512061685323715, 0.0009993158746510744, -0.9997230768203735, 1.4930152893066406], [0.5831040740013123, -0.8122674822807312, -0.014525716193020344, -1.303955078125], [0.0, 0.0, 0.0, 1.0]], [[0.9453683495521545, 0.32437044382095337, -0.032595034688711166, -1.1458740234375], [-0.03664489835500717, 0.006382984574884176, -0.9993079304695129, 1.5956344604492188], [-0.32393792271614075, 0.9459085464477539, 0.01792079582810402, -0.08251953125], [0.0, 0.0, 0.0, 1.0]], [[0.01894107647240162, 0.9998205900192261, 2.2176849597599357e-05, 0.0064697265625], [-0.027906332165002823, 0.0005508448230102658, -0.999610424041748, 1.5382118225097656], [-0.9994310140609741, 0.01893303170800209, 0.027911758050322533, 0.0609130859375], [0.0, 0.0, 0.0, 1.0]], [[-0.9339340329170227, 0.3561805188655853, 0.03004327043890953, 1.0684814453125], [-0.03275143727660179, -0.0015738470247015357, -0.9994623064994812, 1.5810279846191406], [-0.3559417426586151, -0.9344158172607422, 0.013135296292603016, -0.08494186401367188], [0.0, 0.0, 0.0, 1.0]]], "view": [[0.0, -2.0, 100.0], [-2.0, 0.0, 100.0], [0.0, 0.0, 1.0]], "bev": "bev_be2cb51d8e574d86a018fe369f226e19.png", "aux": "aux_be2cb51d8e574d86a018fe369f226e19.npz", "visibility": "visibility_be2cb51d8e574d86a018fe369f226e19.png", "pose": [[0.651317298412323, -0.7588054537773132, 0.0, 1740.8863525390625], [0.7588054537773132, 0.651317298412323, 0.0, 901.0332641601562], [0.0, 0.0, 1.0, 0.0], [0.0, 0.0, 0.0, 1.0]], "pose_inverse": [[0.651317298412323, 0.7588054537773132, 0.0, -1817.578369140625], [-0.7588054537773132, 0.651317298412323, 0.0, 734.1355590820312], [0.0, 0.0, 1.0, 0.0], [0.0, 0.0, 0.0, 1.0]], "cam_ids": [0, 1, 2, 3, 4, 5], "cam_channels": ["CAM_FRONT_LEFT", "CAM_FRONT", "CAM_FRONT_RIGHT", "CAM_BACK_LEFT", "CAM_BACK", "CAM_BACK_RIGHT"], "token": "be2cb51d8e574d86a018fe369f226e19", "scene": "scene-0174"}, {"images": ["samples/CAM_FRONT_LEFT/n008-2018-05-21-11-06-59-0400__CAM_FRONT_LEFT__1526915701854917.jpg", "samples/CAM_FRONT/n008-2018-05-21-11-06-59-0400__CAM_FRONT__1526915701862465.jpg", "samples/CAM_FRONT_RIGHT/n008-2018-05-21-11-06-59-0400__CAM_FRONT_RIGHT__1526915701869956.jpg", "samples/CAM_BACK_LEFT/n008-2018-05-21-11-06-59-0400__CAM_BACK_LEFT__1526915701897295.jpg", "samples/CAM_BACK/n008-2018-05-21-11-06-59-0400__CAM_BACK__1526915701887576.jpg", "samples/CAM_BACK_RIGHT/n008-2018-05-21-11-06-59-0400__CAM_BACK_RIGHT__1526915701877813.jpg"], "intrinsics": [[[1256.4720761102153, 0.0, 759.9201772536986], [0.0, 1256.472076110215, 418.2347543062189], [0.0, 0.0, 1.0]], [[1262.8093578767177, 0.0, 786.6784634591471], [0.0, 1262.8093578767177, 437.9890946201144], [0.0, 0.0, 1.0]], [[1264.1253743585607, 0.0, 761.8659236816043], [0.0, 1264.125374358561, 415.0768894058469], [0.0, 0.0, 1.0]], [[1258.2338510172276, 0.0, 742.9036438917772], [0.0, 1258.2338510172278, 422.93240569290015], [0.0, 0.0, 1.0]], [[798.1242652672415, 0.0, 679.0081140747895], [0.0, 798.1242652672414, 419.2474525237902], [0.0, 0.0, 1.0]], [[1259.4297629105833, 0.0, 752.9541347831612], [0.0, 1259.4297629105833, 429.46398926977497], [0.0, 0.0, 1.0]]], "extrinsics": [[[0.807755172252655, -0.589318037033081, -0.015355125069618225, -0.869140625], [-0.015916695818305016, 0.004235834814608097, -0.999864399433136, 1.4954051971435547], [0.5893031358718872, 0.807889997959137, -0.005958476569503546, -1.21209716796875], [0.0, 0.0, 0.0, 1.0]], [[-0.007324731908738613, -0.9999726414680481, 0.0010557700879871845, -0.02716064453125], [-0.02546319179236889, -0.00086894043488428, -0.9996753931045532, 1.5091094970703125], [0.9996489882469177, -0.007349142339080572, -0.025456126779317856, -1.53955078125], [0.0, 0.0, 0.0, 1.0]], [[-0.8122321963310242, -0.5831936001777649, 0.01281018741428852, 0.91015625], [-0.01978657953441143, 0.005596456117928028, -0.9997885823249817, 1.4934768676757812], [0.5829985737800598, -0.8123139142990112, -0.016085030511021614, -1.304443359375], [0.0, 0.0, 0.0, 1.0]], [[0.9454907774925232, 0.3245513141155243, -0.026714837178587914, -1.148681640625], [-0.03191795200109482, 0.010717684403061867, -0.9994329810142517, 1.5957717895507812], [-0.3240809440612793, 0.9458073377609253, 0.02049248106777668, -0.08154296875], [0.0, 0.0, 0.0, 1.0]], [[0.01896144263446331, 0.9998121857643127, 0.004011746030300856, 0.00628662109375], [-0.02345837652683258, 0.0044562