[{"images": ["samples/CAM_FRONT_LEFT/n008-2018-09-18-15-26-58-0400__CAM_FRONT_LEFT__1537298901354799.jpg", "samples/CAM_FRONT/n008-2018-09-18-15-26-58-0400__CAM_FRONT__1537298901362404.jpg", "samples/CAM_FRONT_RIGHT/n008-2018-09-18-15-26-58-0400__CAM_FRONT_RIGHT__1537298901370482.jpg", "samples/CAM_BACK_LEFT/n008-2018-09-18-15-26-58-0400__CAM_BACK_LEFT__1537298901397405.jpg", "samples/CAM_BACK/n008-2018-09-18-15-26-58-0400__CAM_BACK__1537298901387558.jpg", "samples/CAM_BACK_RIGHT/n008-2018-09-18-15-26-58-0400__CAM_BACK_RIGHT__1537298901378113.jpg"], "intrinsics": [[[1257.8625342125129, 0.0, 827.2410631095686], [0.0, 1257.8625342125129, 450.915498205774], [0.0, 0.0, 1.0]], [[1252.8131021185304, 0.0, 826.588114781398], [0.0, 1252.8131021185304, 469.9846626224581], [0.0, 0.0, 1.0]], [[1256.7485116440405, 0.0, 817.7887570959712], [0.0, 1256.7485116440403, 451.9541780095127], [0.0, 0.0, 1.0]], [[1254.9860565800168, 0.0, 829.5769333630991], [0.0, 1254.9860565800168, 467.1680561863987], [0.0, 0.0, 1.0]], [[796.8910634503094, 0.0, 857.7774326863696], [0.0, 796.8910634503094, 476.8848988407415], [0.0, 0.0, 1.0]], [[1249.9629280788233, 0.0, 825.3768045375984], [0.0, 1249.9629280788233, 462.54816385708756], [0.0, 0.0, 1.0]]], "extrinsics": [[[0.8226758241653442, -0.5684163570404053, -0.01036367192864418, -1.0048828125], [0.01120508462190628, 0.03443782776594162, -0.9993440508842468, 1.488290786743164], [0.5684003829956055, 0.8220201134681702, 0.03470032289624214, -1.33343505859375], [0.0, 0.0, 0.0, 1.0]], [[0.010514051653444767, -0.9994893074035645, -0.030175350606441498, 0.005523681640625], [0.013108951039612293, 0.030312201008200645, -0.9994545578956604, 1.4801597595214844], [0.9998587965965271, 0.010112674906849861, 0.013420959934592247, -1.7347412109375], [0.0, 0.0, 0.0, 1.0]], [[-0.8438007235527039, -0.5358512997627258, -0.029388315975666046, 1.0906982421875], [0.021089797839522362, 0.021609218791127205, -0.9995440244674683, 1.4930667877197266], [0.5362420678138733, -0.8440358638763428, -0.006932878401130438, -1.277587890625], [0.0, 0.0, 0.0, 1.0]], [[0.947839617729187, 0.31865909695625305, 0.007515971083194017, -1.1439208984375], [-0.004419452976435423, 0.03671560436487198, -0.9993159770965576, 1.5620346069335938], [-0.3187170922756195, 0.9471580386161804, 0.036208800971508026, -0.15631103515625], [0.0, 0.0, 0.0, 1.0]], [[0.009018449112772942, 0.9995332360267639, 0.02919202856719494, -0.029083251953125], [-0.0022547803819179535, 0.029213465750217438, -0.9995706677436829, 1.5680561065673828], [-0.9999568462371826, 0.00894875731319189, 0.0025171886663883924, 0.0443115234375], [0.0, 0.0, 0.0, 1.0]], [[-0.9237801432609558, 0.38292279839515686, 0.0006514998967759311, 1.160400390625], [0.0020027528516948223, 0.006532873958349228, -0.999976634979248, 1.5478119850158691], [-0.38291803002357483, -0.9237572550773621, -0.0068018389865756035, -0.04351806640625], [0.0, 0.0, 0.0, 1.0]]], "view": [[0.0, -2.0, 100.0], [-2.0, 0.0, 100.0], [0.0, 0.0, 1.0]], "bev": "bev_f0ae148e72ec475fa0b152e89209ad58.png", "aux": "aux_f0ae148e72ec475fa0b152e89209ad58.npz", "visibility": "visibility_f0ae148e72ec475fa0b152e89209ad58.png", "pose": [[0.6516192555427551, -0.7585462331771851, 0.0, 1279.9801025390625], [0.7585462331771851, 0.6516192555427551, 0.0, 1026.3743896484375], [0.0, 0.0, 1.0, 0.0], [0.0, 0.0, 0.0, 1.0]], "pose_inverse": [[0.6516192555427551, 0.7585462331771851, 0.0, -1612.612060546875], [-0.7585462331771851, 0.6516192555427551, 0.0, 302.1188049316406], [0.0, 0.0, 1.0, 0.0], [0.0, 0.0, 0.0, 1.0]], "cam_ids": [0, 1, 2, 3, 4, 5], "cam_channels": ["CAM_FRONT_LEFT", "CAM_FRONT", "CAM_FRONT_RIGHT", "CAM_BACK_LEFT", "CAM_BACK", "CAM_BACK_RIGHT"], "token": "f0ae148e72ec475fa0b152e89209ad58", "scene": "scene-0806"}, {"images": ["samples/CAM_FRONT_LEFT/n008-2018-09-18-15-26-58-0400__CAM_FRONT_LEFT__1537298901854799.jpg", "samples/CAM_FRONT/n008-2018-09-18-15-26-58-0400__CAM_FRONT__1537298901862404.jpg", "samples/CAM_FRONT_RIGHT/n008-2018-09-18-15-26-58-0400__CAM_FRONT_RIGHT__1537298901870482.jpg", "samples/CAM_BACK_LEFT/n008-2018-09-18-15-26-58-0400__CAM_BACK_LEFT__1537298901897405.jpg", "samples/CAM_BACK/n008-2018-09-18-15-26-58-0400__CAM_BACK__1537298901887558.jpg", "samples/CAM_BACK_RIGHT/n008-2018-09-18-15-26-58-0400__CAM_BACK_RIGHT__1537298901878113.jpg"], "intrinsics": [[[1257.8625342125129, 0.0, 827.2410631095686], [0.0, 1257.8625342125129, 450.915498205774], [0.0, 0.0, 1.0]], [[1252.8131021185304, 0.0, 826.588114781398], [0.0, 1252.8131021185304, 469.9846626224581], [0.0, 0.0, 1.0]], [[1256.7485116440405, 0.0, 817.7887570959712], [0.0, 1256.7485116440403, 451.9541780095127], [0.0, 0.0, 1.0]], [[1254.9860565800168, 0.0, 829.5769333630991], [0.0, 1254.9860565800168, 467.1680561863987], [0.0, 0.0, 1.0]], [[796.8910634503094, 0.0, 857.7774326863696], [0.0, 796.8910634503094, 476.8848988407415], [0.0, 0.0, 1.0]], [[1249.9629280788233, 0.0, 825.3768045375984], [0.0, 1249.9629280788233, 462.54816385708756], [0.0, 0.0, 1.0]]], "extrinsics": [[[0.8226047158241272, -0.5685163140296936, -0.010526278056204319, -1.004638671875], [0.011034161783754826, 0.03446890786290169, -0.9993448257446289, 1.4882917404174805], [0.56850665807724, 0.8219496011734009, 0.03462738171219826, -1.33331298828125], [0.0, 0.0, 0.0, 1.0]], [[0.010408430360257626, -0.9994885921478271, -0.030234739184379578, 0.005462646484375], [0.013007967732846737, 0.03036915697157383, -0.999454140663147, 1.4801616668701172], [0.9998611807823181, 0.01000939030200243, 0.0133174117654562, -1.7347412109375], [0.0, 0.0, 0.0, 1.0]], [[-0.8438445925712585, -0.5357822179794312, -0.029389970004558563, 1.090576171875], [0.021047579124569893, 0.021679827943444252, -0.9995433688163757, 1.493072509765625], [0.5361746549606323, -0.8440778255462646, -0.007017489988356829, -1.277587890625], [0.0, 0.0, 0.0, 1.0]], [[0.9478414058685303, 0.31864967942237854, 0.007683625444769859, -1.1439208984375], [-0.004281055647879839, 0.036830734461545944, -0.9993123412132263, 1.562042236328125], [-0.31871357560157776, 0.9471566677093506, 0.03627385199069977, -0.15606689453125], [0.0, 0.0, 0.0, 1.0]], [[0.009049644693732262, 0.9995300769805908, 0.02928747981786728, -0.0289306640625], [-0.002178012393414974, 0.02930830977857113, -0.999567985534668, 1.5680627822875977], [-0.9999566674232483, 0.008982005529105663, 0.0024422197602689266, 0.04443359375], [0.0, 0.0, 0.0, 1.0]], [[-0.9237580299377441, 0.3829759657382965, 0.0006786214071325958, 1.16064453125], [0.002004464389756322, 0.006606798619031906, -0.9999761581420898, 1.5478111505508423], [-0.3829713463783264, -0.9237346053123474, -0.006870744284242392, -0.043670654296875], [0.0, 0.0, 0.0, 1.0]]], "view": [[0.0, -2.0, 100.0], [-2.0, 0.0, 100.0], [0.0, 0.0, 1.0]], "bev": "bev_7ea06e26655b4b409aabd7a374820d4a.png", "aux": "aux_7ea06e26655b4b409aabd7a374820d4a.npz", "visibility": "visibility_7ea06e26655b4b409aabd7a374820d4a.png", "pose": [[0.6515140533447266, -0.7586365342140198, 0.0, 1279.98046875], [0.7586365342140198, 0.6515140533447266, 0.0, 1026.3741455078125], [0.0, 0.0, 1.0, 0.0], [0.0, 0.0, 0.0, 1.0]], "pose_inverse": [[0.6515140533447266, 0.7586365342140198, 0.0, -1612.5701904296875], [-0.7586365342140198, 0.6515140533447266, 0.0, 302.3427734375], [0.0, 0.0, 1.0, 0.0], [0.0, 0.0, 0.0, 1.0]], "cam_ids": [0, 1, 2, 3, 4, 5], "cam_channels": ["CAM_FRONT_LEFT", "CAM_FRONT", "CAM_FRONT_RIGHT", "CAM_BACK_LEFT", "CAM_BACK", "CAM_BACK_RIGHT"], "token": "7ea06e26655b4b409aabd7a374820d4a", "scene": "scene-0806"}, {"images": ["samples/CAM_FRONT_LEFT/n008-2018-09-18-15-26-58-0400__CAM_FRONT_LEFT__1537298902354799.jpg", "samples/CAM_FRONT/n008-2018-09-18-15-26-58-0400__CAM_FRONT__1537298902362404.jpg", "samples/CAM_FRONT_RIGHT/n008-2018-09-18-15-26-58-0400__CAM_FRONT_RIGHT__1537298902370482.jpg", "samples/CAM_BACK_LEFT/n008-2018-09-18-15-26-58-0400__CAM_BACK_LEFT__1537298902397405.jpg", "samples/CAM_BACK/n008-2018-09-18-15-26-58-0400__CAM_BACK__1537298902387558.jpg", "samples/CAM_BACK_RIGHT/n008-2018-09-18-15-26-58-0400__CAM_BACK_RIGHT__1537298902378113.jpg"], "intrinsics": [[[1257.8625342125129, 0.0, 827.2410631095686], [0.0, 1257.8625342125129, 450.915498205774], [0.0, 0.0, 1.0]], [[1252.8131021185304, 0.0, 826.588114781398], [0.0, 1252.8131021185304, 469.9846626224581], [0.0, 0.0, 1.0]], [[1256.7485116440405, 0.0, 817.7887570959712], [0.0, 1256.7485116440403, 451.9541780095127], [0.0, 0.0, 1.0]], [[1254.9860565800168, 0.0, 829.5769333630991], [0.0, 1254.9860565800168, 467.1680561863987], [0.0, 0.0, 1.0]], [[796.8910634503094, 0.0, 857.7774326863696], [0.0, 796.8910634503094, 476.8848988407415], [0.0, 0.0, 1.0]], [[1249.9629280788233, 0.0, 825.3768045375984], [0.0, 1249.9629280788233, 462.54816385708756], [0.0, 0.0, 1.0]]], "extrinsics": [[[0.8226253986358643, -0.5684863328933716, -0.010521522723138332, -1.0050048828125], [0.011049761436879635, 0.03448532521724701, -0.9993441104888916, 1.4882917404174805], [0.5684762597084045, 0.8219696283340454, 0.03465013951063156, -1.33355712890625], [0.0, 0.0, 0.0, 1.0]], [[0.01043688878417015, -0.999488353729248, -0.03023499622941017, 0.005584716796875], [0.013005287386476994, 0.030369766056537628, -0.999454140663147, 1.4801616668701172], [0.999860942363739, 0.010037882253527641, 0.013315596617758274, -1.73486328125], [0.0, 0.0, 0.0, 1.0]], [[-0.843832790851593, -0.5358014106750488, -0.02937827631831169, 1.0906982421875], [0.021032320335507393, 0.02168174460530281, -0.9995436668395996, 1.4930744171142578], [0.53619384765625, -0.8440656661987305, -0.00702662393450737, -1.2777099609375], [0.0, 0.0, 0.0, 1.0]], [[0.9478408694267273, 0.31865280866622925, 0.0076260799542069435, -1.1439208984375], [-0.004349126946181059, 0.036852359771728516, -0.9993112683296204, 1.5620479583740234], [-0.3187144100666046, 0.9471548199653625, 0.03631603345274925, -0.15606689453125], [0.0, 0.0, 0.0, 1.0]], [[0.00904051773250103, 0.9995293617248535, 0.029313651844859123, -0.02886962890625], [-0.0022299953270703554, 0.02933492511510849, -0.9995670914649963, 1.5680599212646484], [-0.9999566674232483, 0.008971135132014751, 0.0024941470474004745, 0.0443115234375], [0.0, 0.0, 0.0, 1.0]], [[-0.923764705657959, 0.38295978307724, 0.000708727806340903, 1.1607666015625], [0.0019793487153947353, 0.006625141017138958, -0.9999760389328003, 1.5478134155273438], [-0.38295528292655945, -0.9237412214279175, -0.006878082174807787, -0.04364013671875], [0.0, 0.0, 0.0, 1.0]]], "view": [[0.0, -2.0, 100.0], [-2.0, 0.0, 100.0], [0.0, 0.0, 1.0]], "bev": "bev_3e78b4fc22aa46dea8dad086904f392e.png", "aux": "aux_3e78b4fc22aa46dea8dad086904f392e.npz", "visibility": "visibility_3e78b4fc22aa46dea8dad086904f392e.png", "pose": [[0.6515454053878784, -0.7586096525192261, 0.0, 1279.980712890625], [0.7586096525192261, 0.6515454053878784, 0.0, 1026.373779296875], [0.0, 0.0, 1.0, 0.0], [0.0, 0.0, 0.0, 1.0]], "pose_inverse": [[0.6515454053878784, 0.7586096525192261, 0.0, -1612.5826416015625], [-0.7586096525192261, 0.6515454053878784, 0.0, 302.2765808105469], [0.0, 0.0, 1.0, 0.0], [0.0, 0.0, 0.0, 1.0]], "cam_ids": [0, 1, 2, 3, 4, 5], "cam_channels": ["CAM_FRONT_LEFT", "CAM_FRONT", "CAM_FRONT_RIGHT", "CAM_BACK_LEFT", "CAM_BACK", "CAM_BACK_RIGHT"], "token": "3e78b4fc22aa46dea8dad086904f392e", "scene": "scene-0806"}, {"images": ["samples/CAM_FRONT_LEFT/n008-2018-09-18-15-26-58-0400__CAM_FRONT_LEFT__1537298902854799.jpg", "samples/CAM_FRONT/n008-2018-09-18-15-26-58-0400__CAM_FRONT__1537298902862404.jpg", "samples/CAM_FRONT_RIGHT/n008-2018-09-18-15-26-58-0400__CAM_FRONT_RIGHT__1537298902870482.jpg", "samples/CAM_BACK_LEFT/n008-2018-09-18-15-26-58-0400__CAM_BACK_LEFT__1537298902897405.jpg", "samples/CAM_BACK/n008-2018-09-18-15-26-58-0400__CAM_BACK__1537298902887558.jpg", "samples/CAM_BACK_RIGHT/n008-2018-09-18-15-26-58-0400__CAM_BACK_RIGHT__1537298902878113.jpg"], "intrinsics": [[[1257.8625342125129, 0.0, 827.2410631095686], [0.0, 1257.8625342125129, 450.915498205774], [0.0, 0.0, 1.0]], [[1252.8131021185304, 0.0, 826.588114781398], [0.0, 1252.8131021185304, 469.9846626224581], [0.0, 0.0, 1.0]], [[1256.7485116440405, 0.0, 817.7887570959712], [0.0, 1256.7485116440403, 451.9541780095127], [0.0, 0.0, 1.0]], [[1254.9860565800168, 0.0, 829.5769333630991], [0.0, 1254.9860565800168, 467.1680561863987], [0.0, 0.0, 1.0]], [[796.8910634503094, 0.0, 857.7774326863696], [0.0, 796.8910634503094, 476.8848988407415], [0.0, 0.0, 1.0]], [[1249.9629280788233, 0.0, 825.3768045375984], [0.0, 1249.9629280788233, 462.54816385708756], [0.0, 0.0, 1.0]]], "extrinsics": [[[0.822621762752533, -0.5684924721717834, -0.010473035275936127, -1.0050048828125], [0.011112041771411896, 0.03448975086212158, -0.9993432760238647, 1.4882960319519043], [0.568480372428894, 0.8219651579856873, 0.03468913212418556, -1.333251953125], [0.0, 0.0, 0.0, 1.0]], [[0.010434015654027462, -0.9994881749153137, -0.030238913372159004, 0.005279541015625], [0.013074221089482307, 0.03037433698773384, -0.999453067779541, 1.4801673889160156], [0.9998600482940674, 0.010032990016043186, 0.013384457677602768, -1.73486328125], [0.0, 0.0, 0.0, 1.0]], [[-0.843832790851593, -0.5357977747917175, -0.029442226514220238, 1.090576171875], [0.02110346034169197, 0.02168905921280384, -0.9995419979095459, 1.493072509765625], [0.536190927028656, -0.8440676927566528, -0.006994755007326603, -1.277587890625], [0.0, 0.0, 0.0, 1.0]], [[0.9478405117988586, 0.31865188479423523, 0.007707872427999973, -1.1439208984375], [-0.004267844371497631, 0.03686719015240669, -0.9993110299110413, 1.562042236328125], [-0.31871646642684937, 0.9471546411514282, 0.03630417212843895, -0.15606689453125], [0.0, 0.0, 0.0, 1.0]], [[0.00903996266424656, 0.999529242515564, 0.029316598549485207, -0.02886962890625], [-0.0021358265075832605, 0.02933702990412712, -0.9995672702789307, 1.5680618286132812], [-0.9999569058418274, 0.008973375894129276, 0.0024000261910259724, 0.0443115234375], [0.0, 0.0, 0.0, 1.0]], [[-0.9237635135650635, 0.38296276330947876, 0.0006425026804208755, 1.16064453125], [0.0020544088911265135, 0.006633218377828598, -0.999975860118866, 1.5478109121322632], [-0.38295778632164, -0.9237399697303772, -0.006914287805557251, -0.043670654296875], [0.0, 0.0, 0.0, 1.0]]], "view": [[0.0, -2.0, 100.0], [-2.0, 0.0, 100.0], [0.0, 0.0, 1.0]], "bev": "bev_338023749af7470e8136ef2ea8b85140.png", "aux": "aux_338023749af7470e8136ef2ea8b85140.npz", "visibility": "visibility_338023749af7470e8136ef2ea8b85140.png", "pose": [[0.6515472531318665, -0.7586080431938171, 0.0, 1279.9810791015625], [0.7586080431938171, 0.6515472531318665, 0.0, 1026.37353515625], [0.0, 0.0, 1.0, 0.0], [0.0, 0.0, 0.0, 1.0]], "pose_inverse": [[0.6515472531318665, 0.7586080431938171, 0.0, -1612.5833740234375], [-0.7586080431938171, 0.6515472531318665, 0.0, 302.2730712890625], [0.0, 0.0, 1.0, 0.0], [0.0, 0.0, 0.0, 1.0]], "cam_ids": [0, 1, 2, 3, 4, 5], "cam_channels": ["CAM_FRONT_LEFT", "CAM_FRONT", "CAM_FRONT_RIGHT", "CAM_BACK_LEFT", "CAM_BACK", "CAM_BACK_RIGHT"], "token": "338023749af7470e8136ef2ea8b85140", "scene": "scene-0806"}, {"images": ["samples/CAM_FRONT_LEFT/n008-2018-09-18-15-26-58-0400__CAM_FRONT_LEFT__1537298903354799.jpg", "samples/CAM_FRONT/n008-2018-09-18-15-26-58-0400__CAM_FRONT__1537298903362404.jpg", "samples/CAM_FRONT_RIGHT/n008-2018-09-18-15-26-58-0400__CAM_FRONT_RIGHT__1537298903370482.jpg", "samples/CAM_BACK_LEFT/n008-2018-09-18-15-26-58-0400__CAM_BACK_LEFT__1537298903397405.jpg", "samples/CAM_BACK/n008-2018-09-18-15-26-58-0400__CAM_BACK__1537298903387558.jpg", "samples/CAM_BACK_RIGHT/n008-2018-09-18-15-26-58-0400__CAM_BACK_RIGHT__1537298903378113.jpg"], "intrinsics": [[[1257.8625342125129, 0.0, 827.2410631095686], [0.0, 1257.8625342125129, 450.915498205774], [0.0, 0.0, 1.0]], [[1252.8131021185304, 0.0, 826.588114781398], [0.0, 1252.8131021185304, 469.9846626224581], [0.0, 0.0, 1.0]], [[1256.7485116440405, 0.0, 817.7887570959712], [0.0, 1256.7485116440403, 451.9541780095127], [0.0, 0.0, 1.0]], [[1254.9860565800168, 0.0, 829.5769333630991], [0.0, 1254.9860565800168, 467.1680561863987], [0.0, 0.0, 1.0]], [[796.8910634503094, 0.0, 857.7774326863696], [0.0, 796.8910634503094, 476.8848988407415], [0.0, 0.0, 1.0]], [[1249.9629280788233, 0.0, 825.3768045375984], [0.0, 1249.9629280788233, 462.54816385708756], [0.0, 0.0, 1.0]]], "extrinsics": [[[0.8226409554481506, -0.5684639811515808, -0.010518601164221764, -1.0050048828125], [0.011097865179181099, 0.034551408141851425, -0.9993412494659424, 1.4882936477661133], [0.5684529542922974, 0.8219823241233826, 0.034732140600681305, -1.333251953125], [0.0, 0.0, 0.0, 1.0]], [[0.010461846366524696, -0.9994862675666809, -0.030293887481093407, 0.005340576171875], [0.013046886771917343, 0.030429407954216003, -0.9994518160820007, 1.48016357421875], [0.9998601078987122, 0.010060873813927174, 0.013358532451093197, -1.7349853515625], [0.0, 0.0, 0.0, 1.0]], [[-0.8438222408294678, -0.5358148217201233, -0.029437635093927383, 1.090576171875], [0.021071597933769226, 0.021730385720729828, -0.9995417594909668, 1.4930744171142578], [0.5362090468406677, -0.8440559506416321, -0.007046107668429613, -1.277587890625], [0.0, 0.0, 0.0, 1.0]], [[0.947841227054596, 0.31864988803863525, 0.007710859179496765, -1.1439208984375], [-0.004272577818483114, 0.03689085319638252, -0.9993101358413696, 1.5620441436767578], [-0.31871455907821655, 0.9471543431282043, 0.03632812574505806, -0.1561279296875], [0.0, 0.0, 0.0, 1.0]], [[0.009033597074449062, 0.9995282888412476, 0.029354136437177658, -0.028900146484375], [-0.002155702793970704, 0.029374731704592705, -0.9995660781860352, 1.5680608749389648], [-0.9999569058418274, 0.008966412395238876, 0.0024200452025979757, 0.0443115234375], [0.0, 0.0, 0.0, 1.0]], [[-0.9237692356109619, 0.3829488158226013, 0.0006789966719225049, 1.16064453125], [0.002027555601671338, 0.006664004642516375, -0.9999757409095764, 1.547812581062317], [-0.3829440474510193, -0.9237455129623413, -0.006932451855391264, -0.04364013671875], [0.0, 0.0, 0.0, 1.0]]], "view": [[0.0, -2.0, 100.0], [-2.0, 0.0, 100.0], [0.0, 0.0, 1.0]], "bev": "bev_f29e616723e54182b1f4d18ede37f222.png", "aux": "aux_f29e616723e54182b1f4d18ede37f222.npz", "visibility": "visibility_f29e616723e54182b1f4d18ede37f222.png", "pose": [[0.6515892148017883, -0.7585720419883728, 0.0, 1279.9813232421875], [0.7585720419883728, 0.6515892148017883, 0.0, 1026.3734130859375], [0.0, 0.0, 1.0, 0.0], [0.0, 0.0, 0.0, 1.0]], "pose_inverse": [[0.6515892148017883, 0.7585720419883728, 0.0, -1612.6002197265625], [-0.7585720419883728, 0.6515892148017883, 0.0, 302.1842041015625], [0.0, 0.0, 1.0, 0.0], [0.0, 0.0, 0.0, 1.0]], "cam_ids": [0, 1, 2, 3, 4, 5], "cam_channels": ["CAM_FRONT_LEFT", "CAM_FRONT", "CAM_FRONT_RIGHT", "CAM_BACK_LEFT", "CAM_BACK", "CAM_BACK_RIGHT"], "token": "f29e616723e54182b1f4d18ede37f222", "scene": "scene-0806"}, {"images": ["samples/CAM_FRONT_LEFT/n008-2018-09-18-15-26-58-0400__CAM_FRONT_LEFT__1537298903854799.jpg", "samples/CAM_FRONT/n008-2018-09-18-15-26-58-0400__CAM_FRONT__1537298903862404.jpg", "samples/CAM_FRONT_RIGHT/n008-2018-09-18-15-26-58-0400__CAM_FRONT_RIGHT__1537298903870482.jpg", "samples/CAM_BACK_LEFT/n008-2018-09-18-15-26-58-0400__CAM_BACK_LEFT__1537298903897405.jpg", "samples/CAM_BACK/n008-2018-09-18-15-26-58-0400__CAM_BACK__1537298903887558.jpg", "samples/CAM_BACK_RIGHT/n008-2018-09-18-15-26-58-0400__CAM_BACK_RIGHT__1537298903878113.jpg"], "intrinsics": [[[1257.8625342125129, 0.0, 827.2410631095686], [0.0, 1257.8625342125129, 450.915498205774], [0.0, 0.0, 1.0]], [[1252.8131021185304, 0.0, 826.588114781398], [0.0, 1252.8131021185304, 469.9846626224581], [0.0, 0.0, 1.0]], [[1256.7485116440405, 0.0, 817.7887570959712], [0.0, 1256.7485116440403, 451.9541780095127], [0.0, 0.0, 1.0]], [[1254.9860565800168, 0.0, 829.5769333630991], [0.0, 1254.9860565800168, 467.1680561863987], [0.0, 0.0, 1.0]], [[796.8910634503094, 0.0, 857.7774326863696], [0.0, 796.8910634503094, 476.8848988407415], [0.0, 0.0, 1.0]], [[1249.9629280788233, 0.0, 825.3768045375984], [0.0, 1249.9629280788233, 462.54816385708756], [0.0, 0.0, 1.0]]], "extrinsics": [[[0.8226158618927002, -0.568501353263855, -0.010464990511536598, -1.0048828125], [0.011137859895825386, 0.034512296319007874, -0.9993422031402588, 1.4882936477661133], [0.568488597869873, 0.8219581246376038, 0.03472224622964859, -1.33331298828125], [0.0, 0.0, 0.0, 1.0]], [[0.010428625158965588, -0.9994877576828003, -0.03025725670158863, 0.005340576171875], [0.013084604404866695, 0.030392711982131004, -0.9994524121284485, 1.4801664352416992], [0.9998601078987122, 0.010027009062469006, 0.01339485589414835, -1.734619140625], [0.0, 0.0, 0.0, 1.0]], [[-0.8438349366188049, -0.5357943773269653, -0.029444487765431404, 1.0904541015625], [0.021099621430039406, 0.021699368953704834, -0.9995418190956116, 1.4930706024169922], [0.5361878275871277, -0.8440696001052856, -0.007005626335740089, -1.2777099609375], [0.0, 0.0, 0.0, 1.0]], [[0.9478405714035034, 0.31865194439888, 0.0076986197382211685, -1.143798828125], [-0.004280011635273695, 0.03687434643507004, -0.9993107318878174, 1.5620460510253906], [-0.3187161684036255, 0.9471542239189148, 0.03631483390927315, -0.15594482421875], [0.0, 0.0, 0.0, 1.0]], [[0.00904087070375681, 0.9995290637016296, 0.029325813055038452, -0.028839111328125], [-0.00215440453030169, 0.029346413910388947, -0.9995669722557068, 1.5680627822875977], [-0.9999568462371826, 0.008973744697868824, 0.0024187073577195406, 0.04443359375], [0.0, 0.0, 0.0, 1.0]], [[-0.923762857913971, 0.38296422362327576, 0.0006543622585013509, 1.16064453125], [0.002043650485575199, 0.006638203747570515, -0.999975860118866, 1.5478121042251587], [-0.3829593360424042, -0.9237393140792847, -0.006914771161973476, -0.043731689453125], [0.0, 0.0, 0.0, 1.0]]], "view": [[0.0, -2.0, 100.0], [-2.0, 0.0, 100.0], [0.0, 0.0, 1.0]], "bev": "bev_29b4ae74421b40579772b1f7ffb47597.png", "aux": "aux_29b4ae74421b40579772b1f7ffb47597.npz", "visibility": "visibility_29b4ae74421b40579772b1f7ffb47597.png", "pose": [[0.6515610218048096, -0.7585962414741516, 0.0, 1279.9815673828125], [0.7585962414741516, 0.6515610218048096, 0.0, 1026.3731689453125], [0.0, 0.0, 1.0, 0.0], [0.0, 0.0, 0.0, 1.0]], "pose_inverse": [[0.6515610218048096, 0.7585962414741516, 0.0, -1612.5888671875], [-0.7585962414741516, 0.6515610218048096, 0.0, 302.2445068359375], [0.0, 0.0, 1.0, 0.0], [0.0, 0.0, 0.0, 1.0]], "cam_ids": [0, 1, 2, 3, 4, 5], "cam_channels": ["CAM_FRONT_LEFT", "CAM_FRONT", "CAM_FRONT_RIGHT", "CAM_BACK_LEFT", "CAM_BACK", "CAM_BACK_RIGHT"], "token": "29b4ae74421b40579772b1f7ffb47597", "scene": "scene-0806"}, {"images": ["samples/CAM_FRONT_LEFT/n008-2018-09-18-15-26-58-0400__CAM_FRONT_LEFT__1537298904354799.jpg", "samples/CAM_FRONT/n008-2018-09-18-15-26-58-0400__CAM_FRONT__1537298904362404.jpg", "samples/CAM_FRONT_RIGHT/n008-2018-09-18-15-26-58-0400__CAM_FRONT_RIGHT__1537298904370482.jpg", "samples/CAM_BACK_LEFT/n008-2018-09-18-15-26-58-0400__CAM_BACK_LEFT__1537298904397405.jpg", "samples/CAM_BACK/n008-2018-09-18-15-26-58-0400__CAM_BACK__1537298904387558.jpg", "samples/CAM_BACK_RIGHT/n008-2018-09-18-15-26-58-0400__CAM_BACK_RIGHT__1537298904378113.jpg"], "intrinsics": [[[1257.8625342125129, 0.0, 827.2410631095686], [0.0, 1257.8625342125129, 450.915498205774], [0.0, 0.0, 1.0]], [[1252.8131021185304, 0.0, 826.588114781398], [0.0, 1252.8131021185304, 469.9846626224581], [0.0, 0.0, 1.0]], [[1256.7485116440405, 0.0, 817.7887570959712], [0.0, 1256.7485116440403, 451.9541780095127], [0.0, 0.0, 1.0]], [[1254.9860565800168, 0.0, 829.5769333630991], [0.0, 1254.9860565800168, 467.1680561863987], [0.0, 0.0, 1.0]], [[796.8910634503094, 0.0, 857.7774326863696], [0.0, 796.8910634503094, 476.8848988407415], [0.0, 0.0, 1.0]], [[1249.9629280788233, 0.0, 825.3768045375984], [0.0, 1249.9629280788233, 462.54816385708756], [0.0, 0.0, 1.0]]], "extrinsics": [[[0.8226161003112793, -0.5685001611709595, -0.010502832010388374, -1.005126953125], [0.011079118587076664, 0.03449391573667526, -0.9993434548377991, 1.488295078277588], [0.5684892535209656, 0.8219596743583679, 0.03467372804880142, -1.33331298828125], [0.0, 0.0, 0.0, 1.0]], [[0.010427692905068398, -0.9994885325431824, -0.03023020550608635, 0.00537109375], [0.013044264167547226, 0.030365243554115295, -0.9994537234306335, 1.4801645278930664], [0.9998605251312256, 0.010027701035141945, 0.013354231603443623, -1.7347412109375], [0.0, 0.0, 0.0, 1.0]], [[-0.8438364267349243, -0.5357940793037415, -0.029408175498247147, 1.0904541015625], [0.02107602171599865, 0.021668815985322, -0.9995430111885071, 1.493072509765625], [0.5361865162849426, -0.8440706729888916, -0.0069925300776958466, -1.2774658203125], [0.0, 0.0, 0.0, 1.0]], [[0.9478433132171631, 0.31864455342292786, 0.007659325376152992, -1.143798828125], [-0.004307836759835482, 0.03683480620384216, -0.9993121027946472, 1.5620460510253906], [-0.31870758533477783, 0.9471582770347595, 0.03628629073500633, -0.15606689453125], [0.0, 0.0, 0.0, 1.0]], [[0.009047283791005611, 0.9995298385620117, 0.029297182336449623, -0.028839111328125], [-0.002181202871724963, 0.029318038374185562, -0.9995677471160889, 1.5680608749389648], [-0.9999567270278931, 0.008979386650025845, 0.002445425372570753, 0.04443359375], [0.0, 0.0, 0.0, 1.0]], [[-0.9237617254257202, 0.382967084646225, 0.0006633911398239434, 1.16064453125], [0.002022622851654887, 0.006611001677811146, -0.9999760985374451, 1.5478119850158691], [-0.38296225666999817, -0.9237382411956787, -0.006881588604301214, -0.0435791015625], [0.0, 0.0, 0.0, 1.0]]], "view": [[0.0, -2.0, 100.0], [-2.0, 0.0, 100.0], [0.0, 0.0, 1.0]], "bev": "bev_405d0e26170d4783accff32f43e320ed.png", "aux": "aux_405d0e26170d4783accff32f43e320ed.npz", "visibility": "visibility_405d0e26170d4783accff32f43e320ed.png", "pose": [[0.6514597535133362, -0.7586832046508789, 0.0, 1279.981689453125], [0.7586832046508789, 0.6514597535133362, 0.0, 1026.373046875], [0.0, 0.0, 1.0, 0.0], [0.0, 0.0, 0.0, 1.0]], "pose_inverse": [[0.6514597535133362, 0.7586832046508789, 0.0, -1612.548583984375], [-0.7586832046508789, 0.6514597535133362, 0.0, 302.45989990234375], [0.0, 0.0, 1.0, 0.0], [0.0, 0.0, 0.0, 1.0]], "cam_ids": [0, 1, 2, 3, 4, 5], "cam_channels": ["CAM_FRONT_LEFT", "CAM_FRONT", "CAM_FRONT_RIGHT", "CAM_BACK_LEFT", "CAM_BACK", "CAM_BACK_RIGHT"], "token": "405d0e26170d4783accff32f43e320ed", "scene": "scene-0806"}, {"images": ["samples/CAM_FRONT_LEFT/n008-2018-09-18-15-26-58-0400__CAM_FRONT_LEFT__1537298904854799.jpg", "samples/CAM_FRONT/n008-2018-09-18-15-26-58-0400__CAM_FRONT__1537298904862404.jpg", "samples/CAM_FRONT_RIGHT/n008-2018-09-18-15-26-58-0400__CAM_FRONT_RIGHT__1537298904870482.jpg", "samples/CAM_BACK_LEFT/n008-2018-09-18-15-26-58-0400__CAM_BACK_LEFT__1537298904897405.jpg", "samples/CAM_BACK/n008-2018-09-18-15-26-58-0400__CAM_BACK__1537298904887558.jpg", "samples/CAM_BACK_RIGHT/n008-2018-09-18-15-26-58-0400__CAM_BACK_RIGHT__1537298904878113.jpg"], "intrinsics": [[[1257.8625342125129, 0.0, 827.2410631095686], [0.0, 1257.8625342125129, 450.915498205774], [0.0, 0.0, 1.0]], [[1252.8131021185304, 0.0, 826.588114781398], [0.0, 1252.8131021185304, 469.9846626224581], [0.0, 0.0, 1.0]], [[1256.7485116440405, 0.0, 817.7887570959712], [0.0, 1256.7485116440403, 451.9541780095127], [0.0, 0.0, 1.0]], [[1254.9860565800168, 0.0, 829.5769333630991], [0.0, 1254.9860565800168, 467.1680561863987], [0.0, 0.0, 1.0]], [[796.8910634503094, 0.0, 857.7774326863696], [0.0, 796.8910634503094, 476.8848988407415], [0.0, 0.0, 1.0]], [[1249.9629280788233, 0.0, 825.3768045375984], [0.0, 1249.9629280788233, 462.54816385708756], [0.0, 0.0, 1.0]]], "extrinsics": [[[0.8226139545440674, -0.568503737449646, -0.010477598756551743, -1.005126953125], [0.01112219225615263, 0.034511614590883255, -0.9993424415588379, 1.4882941246032715], [0.568491518497467, 0.8219565153121948, 0.034712743014097214, -1.33331298828125], [0.0, 0.0, 0.0, 1.0]], [[0.010421494953334332, -0.9994876980781555, -0.030260706320405006, 0.00543212890625], [0.013054333627223969, 0.030395761132240295, -0.9994527101516724, 1.4801664352416992], [0.9998604655265808, 0.010020728223025799, 0.013364414684474468, -1.73486328125], [0.0, 0.0, 0.0, 1.0]], [[-0.8438393473625183, -0.5357889533042908, -0.029416542500257492, 1.090576171875], [0.02106364816427231, 0.021703975275158882, -0.9995425343513489, 1.4930763244628906], [0.5361823439598083, -0.8440729975700378, -0.007029001135379076, -1.2774658203125], [0.0, 0.0, 0.0, 1.0]], [[0.9478410482406616, 0.318651407957077, 0.0076470524072647095, -1.1439208984375], [-0.004337587393820286, 0.03688393905758858, -0.9993101358413696, 1.5620441436767578], [-0.3187136948108673, 0.9471540451049805, 0.03634229302406311, -0.15606689453125], [0.0, 0.0, 0.0, 1.0]], [[0.009046057239174843, 0.999528706073761, 0.02933620661497116, -0.028900146484375], [-0.0021970237139612436, 0.02935720421373844, -0.9995665550231934, 1.5680608749389648], [-0.9999566078186035, 0.008977667428553104, 0.002461554715409875, 0.0445556640625], [0.0, 0.0, 0.0, 1.0]], [[-0.9237603545188904, 0.3829701542854309, 0.0006912078242748976, 1.1607666015625], [0.0020063738338649273, 0.006644379813224077, -0.999975860118866, 1.547812819480896], [-0.38296547532081604, -0.9237367510795593, -0.006906196475028992, -0.043731689453125], [0.0, 0.0, 0.0, 1.0]]], "view": [[0.0, -2.0, 100.0], [-2.0, 0.0, 100.0], [0.0, 0.0, 1.0]], "bev": "bev_0406824596204efaac27e5f02b917f0a.png", "aux": "aux_0406824596204efaac27e5f02b917f0a.npz", "visibility": "visibility_0406824596204efaac27e5f02b917f0a.png", "pose": [[0.6515187621116638, -0.7586325407028198, 0.0, 1279.9818115234375], [0.7586325407028198, 0.6515187621116638, 0.0, 1026.3729248046875], [0.0, 0.0, 1.0, 0.0], [0.0, 0.0, 0.0, 1.0]], "pose_inverse": [[0.6515187621116638, 0.7586325407028198, 0.0, -1612.572021484375], [-0.7586325407028198, 0.6515187621116638, 0.0, 302.3345947265625], [0.0, 0.0, 1.0, 0.0], [0.0, 0.0, 0.0, 1.0]], "cam_ids": [0, 1, 2, 3, 4, 5], "cam_channels": ["CAM_FRONT_LEFT", "CAM_FRONT", "CAM_FRONT_RIGHT", "CAM_BACK_LEFT", "CAM_BACK", "CAM_BACK_RIGHT"], "token": "0406824596204efaac27e5f02b917f0a", "scene": "scene-0806"}, {"images": ["samples/CAM_FRONT_LEFT/n008-2018-09-18-15-26-58-0400__CAM_FRONT_LEFT__1537298905354799.jpg", "samples/CAM_FRONT/n008-2018-09-18-15-26-58-0400__CAM_FRONT__1537298905362404.jpg", "samples/CAM_FRONT_RIGHT/n008-2018-09-18-15-26-58-0400__CAM_FRONT_RIGHT__1537298905370482.jpg", "samples/CAM_BACK_LEFT/n008-2018-09-18-15-26-58-0400__CAM_BACK_LEFT__1537298905397405.jpg", "samples/CAM_BACK/n008-2018-09-18-15-26-58-0400__CAM_BACK__1537298905387558.jpg", "samples/CAM_BACK_RIGHT/n008-2018-09-18-15-26-58-0400__CAM_BACK_RIGHT__1537298905378113.jpg"], "intrinsics": [[[1257.8625342125129, 0.0, 827.2410631095686], [0.0, 1257.8625342125129, 450.915498205774], [0.0, 0.0, 1.0]], [[1252.8131021185304, 0.0, 826.588114781398], [0.0, 1252.8131021185304, 469.9846626224581], [0.0, 0.0, 1.0]], [[1256.7485116440405, 0.0, 817.7887570959712], [0.0, 1256.7485116440403, 451.9541780095127], [0.0, 0.0, 1.0]], [[1254.9860565800168, 0.0, 829.5769333630991], [0.0, 1254.9860565800168, 467.1680561863987], [0.0, 0.0, 1.0]], [[796.8910634503094, 0.0, 857.7774326863696], [0.0, 796.8910634503094, 476.8848988407415], [0.0, 0.0, 1.0]], [[1249.9629280788233, 0.0, 825.3768045375984], [0.0, 1249.9629280788233, 462.54816385708756], [0.0, 0.0, 1.0]]], "extrinsics": [[[0.8226291537284851, -0.5684809684753418, -0.010521655902266502, -1.0048828125], [0.011027686297893524, 0.034454043954610825, -0.9993454217910767, 1.4882917404174805], [0.5684713125228882, 0.8219746947288513, 0.03461192920804024, -1.33331298828125], [0.0, 0.0, 0.0, 1.0]], [[0.010443205013871193, -0.9994890689849854, -0.030207298696041107, 0.00555419921875], [0.012981757521629333, 0.030341915786266327, -0.9994552731513977, 1.48016357421875], [0.9998611211776733, 0.01004525925964117, 0.01329199131578207, -1.7347412109375], [0.0, 0.0, 0.0, 1.0]], [[-0.8438311219215393, -0.5358060002326965, -0.02934194728732109, 1.0904541015625], [0.02100517973303795, 0.02165665104985237, -0.9995447993278503, 1.4930706024169922], [0.5361975431442261, -0.8440633416175842, -0.007019856479018927, -1.2774658203125], [0.0, 0.0, 0.0, 1.0]], [[0.9478359818458557, 0.3186677396297455, 0.007599981967359781, -1.1439208984375], [-0.004375404678285122, 0.03684687986969948, -0.9993113875389099, 1.5620441436767578], [-0.31872838735580444, 0.9471499919891357, 0.03631910681724548, -0.15606689453125], [0.0, 0.0, 0.0, 1.0]], [[0.009033233858644962, 0.9995298981666565, 0.02929861843585968, -0.028961181640625], [-0.002241465263068676, 0.02931997738778591, -0.9995675683021545, 1.5680608749389648], [-0.9999567270278931, 0.008963659405708313, 0.0025052663404494524, 0.044189453125], [0.0, 0.0, 0.0, 1.0]], [[-0.9237655401229858, 0.38295772671699524, 0.0007216106751002371, 1.16064453125], [0.001955714775249362, 0.006601815111935139, -0.9999762773513794, 1.5478103160858154], [-0.38295337557792664, -0.9237422347068787, -0.006847485434263945, -0.043792724609375], [0.0, 0.0, 0.0, 1.0]]], "view": [[0.0, -2.0, 100.0], [-2.0, 0.0, 100.0], [0.0, 0.0, 1.0]], "bev": "bev_e1769b71c35448e081b9f6bd1023a58b.png", "aux": "aux_e1769b71c35448e081b9f6bd1023a58b.npz", "visibility": "visibility_e1769b71c35448e081b9f6bd1023a58b.png", "pose": [[0.651573657989502, -0.7585853338241577, 0.0, 1279.9820556640625], [0.7585853338241577, 0.651573657989502, 0.0, 1026.372802734375], [0.0, 0.0, 1.0, 0.0], [0.0, 0.0, 0.0, 1.0]], "pose_inverse": [[0.651573657989502, 0.7585853338241577, 0.0, -1612.593994140625], [-0.7585853338241577, 0.651573657989502, 0.0, 302.2181396484375], [0.0, 0.0, 1.0, 0.0], [0.0, 0.0, 0.0, 1.0]], "cam_ids": [0, 1, 2, 3, 4, 5], "cam_channels": ["CAM_FRONT_LEFT", "CAM_FRONT", "CAM_FRONT_RIGHT", "CAM_BACK_LEFT", "CAM_BACK", "CAM_BACK_RIGHT"], "token": "e1769b71c35448e081b9f6bd1023a58b", "scene": "scene-0806"}, {"images": ["samples/CAM_FRONT_LEFT/n008-2018-09-18-15-26-58-0400__CAM_FRONT_LEFT__1537298905854799.jpg", "samples/CAM_FRONT/n008-2018-09-18-15-26-58-0400__CAM_FRONT__1537298905862404.jpg", "samples/CAM_FRONT_RIGHT/n008-2018-09-18-15-26-58-0400__CAM_FRONT_RIGHT__1537298905870482.jpg", "samples/CAM_BACK_LEFT/n008-2018-09-18-15-26-58-0400__CAM_BACK_LEFT__1537298905897405.jpg", "samples/CAM_BACK/n008-2018-09-18-15-26-58-0400__CAM_BACK__1537298905887558.jpg", "samples/CAM_BACK_RIGHT/n008-2018-09-18-15-26-58-0400__CAM_BACK_RIGHT__1537298905878113.jpg"], "intrinsics": [[[1257.8625342125129, 0.0, 827.2410631095686], [0.0, 1257.8625342125129, 450.915498205774], [0.0, 0.0, 1.0]], [[1252.8131021185304, 0.0, 826.588114781398], [0.0, 1252.8131021185304, 469.9846626224581], [0.0, 0.0, 1.0]], [[1256.7485116440405, 0.0, 817.7887570959712], [0.0, 1256.7485116440403, 451.9541780095127], [0.0, 0.0, 1.0]], [[1254.9860565800168, 0.0, 829.5769333630991], [0.0, 1254.9860565800168, 467.1680561863987], [0.0, 0.0, 1.0]], [[796.8910634503094, 0.0, 857.7774326863696], [0.0, 796.8910634503094, 476.8848988407415], [0.0, 0.0, 1.0]], [[1249.9629280788233, 0.0, 825.3768045375984], [0.0, 1249.9629280788233, 462.54816385708756], [0.0, 0.0, 1.0]]], "extrinsics": [[[0.8226392269134521, -0.5684696435928345, -0.010345733724534512, -1.0048828125], [0.011206482537090778, 0.03440438583493233, -0.9993451237678528, 1.4882917404174805], [0.5684533715248108, 0.821984589099884, 0.03467294201254845, -1.33331298828125], [0.0, 0.0, 0.0, 1.0]], [[0.010461111553013325, -0.9994906783103943, -0.030151503160595894, 0.00543212890625], [0.013162733986973763, 0.03028818778693676, -0.9994544982910156, 1.4801645278930664], [0.9998586177825928, 0.010058650746941566, 0.013472877442836761, -1.734619140625], [0.0, 0.0, 0.0, 1.0]], [[-0.8438209891319275, -0.535815417766571, -0.029462091624736786, 1.090576171875], [0.021186161786317825, 0.02159564569592476, -0.999542236328125, 1.493072509765625], [0.5362064242362976, -0.8440589904785156, -0.0068709878250956535, -1.277587890625], [0.0, 0.0, 0.0, 1.0]], [[0.9478396773338318, 0.31865301728248596, 0.007754701189696789, -1.1439208984375], [-0.0041902982629835606, 0.03678331524133682, -0.9993144273757935, 1.562042236328125], [-0.3187198340892792, 0.9471574425697327, 0.036199938505887985, -0.15606689453125], [0.0, 0.0, 0.0, 1.0]], [[0.00903228484094143, 0.9995317459106445, 0.02923799678683281, -0.02880859375], [-0.0020709873642772436, 0.029257824644446373, -0.9995697140693665, 1.5680599212646484], [-0.9999572038650513, 0.008967777714133263, 0.0023342808708548546, 0.0443115234375], [0.0, 0.0, 0.0, 1.0]], [[-0.9237679243087769, 0.3829525411128998, 0.0005348929553292692, 1.160400390625], [0.002130306325852871, 0.006535505410283804, -0.999976396560669, 1.5478121042251587], [-0.38294684886932373, -0.9237449765205383, -0.006853094790130854, -0.043609619140625], [0.0, 0.0, 0.0, 1.0]]], "view": [[0.0, -2.0, 100.0], [-2.0, 0.0, 100.0], [0.0, 0.0, 1.0]], "bev": "bev_f35c6c02bc81446d9e3b9d671ed002a2.png", "aux": "aux_f35c6c02bc81446d9e3b9d671ed002a2.npz", "visibility": "visibility_f35c6c02bc81446d9e3b9d671ed002a2.png", "pose": [[0.6515418887138367, -0.7586126923561096, 0.0, 1279.982177734375], [0.7586126923561096, 0.6515418887138367, 0.0, 1026.3726806640625], [0.0, 0.0, 1.0, 0.0], [0.0, 0.0, 0.0, 1.0]], "pose_inverse": [[0.6515418887138367, 0.7586126923561096, 0.0, -1612.581298828125], [-0.7586126923561096, 0.6515418887138367, 0.0, 302.2859191894531], [0.0, 0.0, 1.0, 0.0], [0.0, 0.0, 0.0, 1.0]], "cam_ids": [0, 1, 2, 3, 4, 5], "cam_channels": ["CAM_FRONT_LEFT", "CAM_FRONT", "CAM_FRONT_RIGHT", "CAM_BACK_LEFT", "CAM_BACK", "CAM_BACK_RIGHT"], "token": "f35c6c02bc81446d9e3b9d671ed002a2", "scene": "scene-0806"}, {"images": ["samples/CAM_FRONT_LEFT/n008-2018-09-18-15-26-58-0400__CAM_FRONT_LEFT__1537298906404799.jpg", "samples/CAM_FRONT/n008-2018-09-18-15-26-58-0400__CAM_FRONT__1537298906412404.jpg", "samples/CAM_FRONT_RIGHT/n008-2018-09-18-15-26-58-0400__CAM_FRONT_RIGHT__1537298906420482.jpg", "samples/CAM_BACK_LEFT/n008-2018-09-18-15-26-58-0400__CAM_BACK_LEFT__1537298906447405.jpg", "samples/CAM_BACK/n008-2018-09-18-15-26-58-0400__CAM_BACK__1537298906437573.jpg", "samples/CAM_BACK_RIGHT/n008-2018-09-18-15-26-58-0400__CAM_BACK_RIGHT__1537298906428113.jpg"], "intrinsics": [[[1257.8625342125129, 0.0, 827.2410631095686], [0.0, 1257.8625342125129, 450.915498205774], [0.0, 0.0, 1.0]], [[1252.8131021185304, 0.0, 826.588114781398], [0.0, 1252.8131021185304, 469.9846626224581], [0.0, 0.0, 1.0]], [[1256.7485116440405, 0.0, 817.7887570959712], [0.0, 1256.7485116440403, 451.9541780095127], [0.0, 0.0, 1.0]], [[1254.9860565800168, 0.0, 829.5769333630991], [0.0, 1254.9860565800168, 467.1680561863987], [0.0, 0.0, 1.0]], [[796.8910634503094, 0.0, 857.7774326863696], [0.0, 796.8910634503094, 476.8848988407415], [0.0, 0.0, 1.0]], [[1249.9629280788233, 0.0, 825.3768045375984], [0.0, 1249.9629280788233, 462.54816385708756], [0.0, 0.0, 1.0]]], "extrinsics": [[[0.8226441740989685, -0.5684655904769897, -0.010172517038881779, -1.0047607421875], [0.011289247311651707, 0.03422009199857712, -0.9993505477905273, 1.4882912635803223], [0.568444550037384, 0.8219951391220093, 0.034568510949611664, -1.333251953125], [0.0, 0.0, 0.0, 1.0]], [[0.010469077154994011, -0.9994962811470032, -0.029960045590996742, 0.00531005859375], [0.013243641704320908, 0.030097654089331627, -0.9994592070579529, 1.4801645278930664], [0.9998574256896973, 0.010066683404147625, 0.013552065938711166, -1.73486328125], [0.0, 0.0, 0.0, 1.0]], [[-0.8438162207603455, -0.5358251333236694, -0.02942250855267048, 1.090576171875], [0.021265149116516113, 0.02139735408127308, -0.9995448589324951, 1.493072509765625], [0.536210834980011, -0.8440578579902649, -0.006661034654825926, -1.2774658203125], [0.0, 0.0, 0.0, 1.0]], [[0.9478384852409363, 0.31865689158439636, 0.007742065936326981, -1.14404296875], [-0.00413004495203495, 0.03656420856714249, -0.999322772026062, 1.5620460510253906], [-0.3187241852283478, 0.9471645951271057, 0.03597303107380867, -0.156005859375], [0.0, 0.0, 0.0, 1.0]], [[0.009030606597661972, 0.9995378255844116, 0.029029542580246925, -0.02886962890625], [-0.0020012634340673685, 0.029048733413219452, -0.9995759725570679, 1.5680608749389648], [-0.9999572038650513, 0.0