[{"images": ["samples/CAM_FRONT_LEFT/n015-2018-10-08-16-03-24+0800__CAM_FRONT_LEFT__1538986257754844.jpg", "samples/CAM_FRONT/n015-2018-10-08-16-03-24+0800__CAM_FRONT__1538986257762460.jpg", "samples/CAM_FRONT_RIGHT/n015-2018-10-08-16-03-24+0800__CAM_FRONT_RIGHT__1538986257770339.jpg", "samples/CAM_BACK_LEFT/n015-2018-10-08-16-03-24+0800__CAM_BACK_LEFT__1538986257797423.jpg", "samples/CAM_BACK/n015-2018-10-08-16-03-24+0800__CAM_BACK__1538986257787525.jpg", "samples/CAM_BACK_RIGHT/n015-2018-10-08-16-03-24+0800__CAM_BACK_RIGHT__1538986257777893.jpg"], "intrinsics": [[[1272.5979470598488, 0.0, 826.6154927353808], [0.0, 1272.5979470598488, 479.75165386361925], [0.0, 0.0, 1.0]], [[1266.417203046554, 0.0, 816.2670197447984], [0.0, 1266.417203046554, 491.50706579294757], [0.0, 0.0, 1.0]], [[1260.8474446004698, 0.0, 807.968244525554], [0.0, 1260.8474446004698, 495.3344268742088], [0.0, 0.0, 1.0]], [[1256.7414812095406, 0.0, 792.1125740759628], [0.0, 1256.7414812095406, 492.7757465151356], [0.0, 0.0, 1.0]], [[809.2209905677063, 0.0, 829.2196003259838], [0.0, 809.2209905677063, 481.77842384512485], [0.0, 0.0, 1.0]], [[1259.5137405846733, 0.0, 807.2529053838625], [0.0, 1259.5137405846733, 501.19579884916527], [0.0, 0.0, 1.0]]], "extrinsics": [[[0.8206906914710999, -0.5712007284164429, 0.014019355177879333, -0.7586669921875], [0.01892182044684887, 0.00264734192751348, -0.999817430973053, 1.512972354888916], [0.5710594058036804, 0.820806086063385, 0.012980805709958076, -1.1392822265625], [0.0, 0.0, 0.0, 1.0]], [[0.005868063773959875, -0.9999815821647644, 0.0015231325523927808, 0.00830078125], [0.01345819141715765, -0.0014440456870943308, -0.9999083876609802, 1.5233145952224731], [0.9998922348022461, 0.005888031329959631, 0.013449469581246376, -1.48583984375], [0.0, 0.0, 0.0, 1.0]], [[-0.8324283957481384, -0.5535932183265686, -0.02444482408463955, 0.89886474609375], [0.018892765045166016, 0.015734590590000153, -0.9996976256370544, 1.5066661834716797], [0.5538104176521301, -0.8326385617256165, -0.002639012411236763, -1.1578369140625], [0.0, 0.0, 0.0, 1.0]], [[0.947520911693573, 0.31903159618377686, 0.020565444603562355, -1.13702392578125], [0.02674851380288601, -0.015011079609394073, -0.9995294809341431, 1.5887031555175781], [-0.3185727596282959, 0.9476252198219299, -0.02275693230330944, -0.1055908203125], [0.0, 0.0, 0.0, 1.0]], [[0.002307121641933918, 0.9999857544898987, -0.004820676986128092, 0.002197265625], [0.0016663736896589398, -0.004824528004974127, -0.999987006187439, 1.5794663429260254], [-0.9999960660934448, 0.002299042185768485, -0.0016774816904217005, -0.060611724853515625], [0.0, 0.0, 0.0, 1.0]], [[-0.9345213174819946, 0.3547601103782654, -0.028551992028951645, 1.025390625], [0.03457753360271454, 0.010655492544174194, -0.9993451833724976, 1.5555152893066406], [-0.3542235493659973, -0.93489670753479, -0.022224513813853264, -0.10400390625], [0.0, 0.0, 0.0, 1.0]]], "view": [[0.0, -2.0, 100.0], [-2.0, 0.0, 100.0], [0.0, 0.0, 1.0]], "bev": "bev_9f33fd2594f64e3eae074005b6746413.png", "aux": "aux_9f33fd2594f64e3eae074005b6746413.npz", "visibility": "visibility_9f33fd2594f64e3eae074005b6746413.png", "pose": [[-0.9536895751953125, -0.3007926642894745, 0.0, 558.145263671875], [0.3007926642894745, -0.9536895751953125, 0.0, 1677.7362060546875], [0.0, 0.0, 1.0, 0.0], [0.0, 0.0, 0.0, 1.0]], "pose_inverse": [[-0.9536895751953125, 0.3007926642894745, 0.0, 27.646570205688477], [-0.3007926642894745, -0.9536895751953125, 0.0, 1767.925537109375], [0.0, 0.0, 1.0, 0.0], [0.0, 0.0, 0.0, 1.0]], "cam_ids": [0, 1, 2, 3, 4, 5], "cam_channels": ["CAM_FRONT_LEFT", "CAM_FRONT", "CAM_FRONT_RIGHT", "CAM_BACK_LEFT", "CAM_BACK", "CAM_BACK_RIGHT"], "token": "9f33fd2594f64e3eae074005b6746413", "scene": "scene-0865"}, {"images": ["samples/CAM_FRONT_LEFT/n015-2018-10-08-16-03-24+0800__CAM_FRONT_LEFT__1538986258254844.jpg", "samples/CAM_FRONT/n015-2018-10-08-16-03-24+0800__CAM_FRONT__1538986258262460.jpg", "samples/CAM_FRONT_RIGHT/n015-2018-10-08-16-03-24+0800__CAM_FRONT_RIGHT__1538986258270339.jpg", "samples/CAM_BACK_LEFT/n015-2018-10-08-16-03-24+0800__CAM_BACK_LEFT__1538986258297423.jpg", "samples/CAM_BACK/n015-2018-10-08-16-03-24+0800__CAM_BACK__1538986258287525.jpg", "samples/CAM_BACK_RIGHT/n015-2018-10-08-16-03-24+0800__CAM_BACK_RIGHT__1538986258277893.jpg"], "intrinsics": [[[1272.5979470598488, 0.0, 826.6154927353808], [0.0, 1272.5979470598488, 479.75165386361925], [0.0, 0.0, 1.0]], [[1266.417203046554, 0.0, 816.2670197447984], [0.0, 1266.417203046554, 491.50706579294757], [0.0, 0.0, 1.0]], [[1260.8474446004698, 0.0, 807.968244525554], [0.0, 1260.8474446004698, 495.3344268742088], [0.0, 0.0, 1.0]], [[1256.7414812095406, 0.0, 792.1125740759628], [0.0, 1256.7414812095406, 492.7757465151356], [0.0, 0.0, 1.0]], [[809.2209905677063, 0.0, 829.2196003259838], [0.0, 809.2209905677063, 481.77842384512485], [0.0, 0.0, 1.0]], [[1259.5137405846733, 0.0, 807.2529053838625], [0.0, 1259.5137405846733, 501.19579884916527], [0.0, 0.0, 1.0]]], "extrinsics": [[[0.8205522298812866, -0.5715383291244507, 0.006167214829474688, -0.76861572265625], [0.008743181824684143, 0.0017623802414163947, -0.9999602437019348, 1.5103273391723633], [0.5715047717094421, 0.8205735087394714, 0.006443188525736332, -1.1456298828125], [0.0, 0.0, 0.0, 1.0]], [[0.005374171771109104, -0.9999823570251465, 0.002522651571780443, 0.0074462890625], [0.003419314045459032, -0.0025042975321412086, -0.9999910593032837, 1.5212054252624512], [0.9999796152114868, 0.005382732022553682, 0.003405794268473983, -1.4966773986816406], [0.0, 0.0, 0.0, 1.0]], [[-0.8329632878303528, -0.5531108379364014, -0.015506712719798088, 0.9066162109375], [0.009023753926157951, 0.014441966079175472, -0.9998549222946167, 1.504995346069336], [0.5532546043395996, -0.8329824209213257, -0.007038489915430546, -1.1641845703125], [0.0, 0.0, 0.0, 1.0]], [[0.9476900100708008, 0.31899964809417725, 0.011091548949480057, -1.1407470703125], [0.017449909821152687, -0.017081093043088913, -0.9997018575668335, 1.588582992553711], [-0.31871503591537476, 0.9476009607315063, -0.021754097193479538, -0.1043701171875], [0.0, 0.0, 0.0, 1.0]], [[0.0025580450892448425, 0.999974250793457, -0.006712746806442738, 0.0025634765625], [-0.007870923727750778, -0.0066924262791872025, -0.999946653842926, 1.5789175033569336], [-0.9999658465385437, 0.002610754454508424, 0.007853599265217781, -0.05438041687011719], [0.0, 0.0, 0.0, 1.0]], [[-0.9345689415931702, 0.3552189767360687, -0.02000887133181095, 1.03363037109375], [0.024848397821187973, 0.00906671304255724, -0.9996501207351685, 1.5541667938232422], [-0.3549133241176605, -0.9347391724586487, -0.017300091683864594, -0.101806640625], [0.0, 0.0, 0.0, 1.0]]], "view": [[0.0, -2.0, 100.0], [-2.0, 0.0, 100.0], [0.0, 0.0, 1.0]], "bev": "bev_64666ac03ccf4929b147434617901379.png", "aux": "aux_64666ac03ccf4929b147434617901379.npz", "visibility": "visibility_64666ac03ccf4929b147434617901379.png", "pose": [[-0.9548332691192627, -0.2971421480178833, 0.0, 555.4391479492188], [0.2971421480178833, -0.9548332691192627, 0.0, 1678.60302734375], [0.0, 0.0, 1.0, 0.0], [0.0, 0.0, 0.0, 1.0]], "pose_inverse": [[-0.9548332691192627, 0.2971421480178833, 0.0, 31.56805992126465], [-0.2971421480178833, -0.9548332691192627, 0.0, 1767.830322265625], [0.0, 0.0, 1.0, 0.0], [0.0, 0.0, 0.0, 1.0]], "cam_ids": [0, 1, 2, 3, 4, 5], "cam_channels": ["CAM_FRONT_LEFT", "CAM_FRONT", "CAM_FRONT_RIGHT", "CAM_BACK_LEFT", "CAM_BACK", "CAM_BACK_RIGHT"], "token": "64666ac03ccf4929b147434617901379", "scene": "scene-0865"}, {"images": ["samples/CAM_FRONT_LEFT/n015-2018-10-08-16-03-24+0800__CAM_FRONT_LEFT__1538986258754844.jpg", "samples/CAM_FRONT/n015-2018-10-08-16-03-24+0800__CAM_FRONT__1538986258762460.jpg", "samples/CAM_FRONT_RIGHT/n015-2018-10-08-16-03-24+0800__CAM_FRONT_RIGHT__1538986258770339.jpg", "samples/CAM_BACK_LEFT/n015-2018-10-08-16-03-24+0800__CAM_BACK_LEFT__1538986258797444.jpg", "samples/CAM_BACK/n015-2018-10-08-16-03-24+0800__CAM_BACK__1538986258787525.jpg", "samples/CAM_BACK_RIGHT/n015-2018-10-08-16-03-24+0800__CAM_BACK_RIGHT__1538986258777893.jpg"], "intrinsics": [[[1272.5979470598488, 0.0, 826.6154927353808], [0.0, 1272.5979470598488, 479.75165386361925], [0.0, 0.0, 1.0]], [[1266.417203046554, 0.0, 816.2670197447984], [0.0, 1266.417203046554, 491.50706579294757], [0.0, 0.0, 1.0]], [[1260.8474446004698, 0.0, 807.968244525554], [0.0, 1260.8474446004698, 495.3344268742088], [0.0, 0.0, 1.0]], [[1256.7414812095406, 0.0, 792.1125740759628], [0.0, 1256.7414812095406, 492.7757465151356], [0.0, 0.0, 1.0]], [[809.2209905677063, 0.0, 829.2196003259838], [0.0, 809.2209905677063, 481.77842384512485], [0.0, 0.0, 1.0]], [[1259.5137405846733, 0.0, 807.2529053838625], [0.0, 1259.5137405846733, 501.19579884916527], [0.0, 0.0, 1.0]]], "extrinsics": [[[0.8204917907714844, -0.5715709328651428, 0.009983998723328114, -0.7738037109375], [0.004099568817764521, -0.011581380851566792, -0.9999245405197144, 1.50921630859375], [0.5716434121131897, 0.8204708695411682, -0.007159234490245581, -1.1488037109375], [0.0, 0.0, 0.0, 1.0]], [[0.005221124738454819, -0.9998622536659241, 0.015751274302601814, 0.0069580078125], [-0.0010500391945242882, -0.015756962820887566, -0.9998753070831299, 1.5203475952148438], [0.9999858140945435, 0.005204010289162397, -0.001132163335569203, -1.5016517639160156], [0.0, 0.0, 0.0, 1.0]], [[-0.8331265449523926, -0.5530622601509094, -0.00471799960359931, 0.9091796875], [0.004754364490509033, 0.0013686628080904484, -0.9999877214431763, 1.504345178604126], [0.5530619621276855, -0.8331387639045715, 0.0014891920145601034, -1.166259765625], [0.0, 0.0, 0.0, 1.0]], [[0.9477344751358032, 0.3190363347530365, 0.003894869005307555, -1.14385986328125], [0.013894808478653431, -0.029074249789118767, -0.999480664730072, 1.588531494140625], [-0.31875741481781006, 0.9472964406013489, -0.031987618654966354, -0.103271484375], [0.0, 0.0, 0.0, 1.0]], [[0.002641361905261874, 0.9998143911361694, -0.01908433809876442, 0.0029296875], [-0.011678357608616352, -0.019052261486649513, -0.9997503161430359, 1.5787353515625], [-0.9999282956123352, 0.00286359922029078, 0.011625867336988449, -0.051357269287109375], [0.0, 0.0, 0.0, 1.0]], [[-0.9345818161964417, 0.35514262318611145, -0.020747333765029907, 1.0364990234375], [0.02078837715089321, -0.0037006824277341366, -0.99977707862854, 1.5536656379699707], [-0.35514014959335327, -0.9348048567771912, -0.003924247343093157, -0.10107421875], [0.0, 0.0, 0.0, 1.0]]], "view": [[0.0, -2.0, 100.0], [-2.0, 0.0, 100.0], [0.0, 0.0, 1.0]], "bev": "bev_bb23869e919c4bbab61a88933c67f195.png", "aux": "aux_bb23869e919c4bbab61a88933c67f195.npz", "visibility": "visibility_bb23869e919c4bbab61a88933c67f195.png", "pose": [[-0.9564428925514221, -0.29191944003105164, 0.0, 552.8040771484375], [0.29191944003105164, -0.9564428925514221, 0.0, 1679.427490234375], [0.0, 0.0, 1.0, 0.0], [0.0, 0.0, 0.0, 1.0]], "pose_inverse": [[-0.9564428925514221, 0.29191944003105164, 0.0, 38.46800231933594], [-0.29191944003105164, -0.9564428925514221, 0.0, 1767.6507568359375], [0.0, 0.0, 1.0, 0.0], [0.0, 0.0, 0.0, 1.0]], "cam_ids": [0, 1, 2, 3, 4, 5], "cam_channels": ["CAM_FRONT_LEFT", "CAM_FRONT", "CAM_FRONT_RIGHT", "CAM_BACK_LEFT", "CAM_BACK", "CAM_BACK_RIGHT"], "token": "bb23869e919c4bbab61a88933c67f195", "scene": "scene-0865"}, {"images": ["samples/CAM_FRONT_LEFT/n015-2018-10-08-16-03-24+0800__CAM_FRONT_LEFT__1538986259254844.jpg", "samples/CAM_FRONT/n015-2018-10-08-16-03-24+0800__CAM_FRONT__1538986259262460.jpg", "samples/CAM_FRONT_RIGHT/n015-2018-10-08-16-03-24+0800__CAM_FRONT_RIGHT__1538986259270339.jpg", "samples/CAM_BACK_LEFT/n015-2018-10-08-16-03-24+0800__CAM_BACK_LEFT__1538986259297423.jpg", "samples/CAM_BACK/n015-2018-10-08-16-03-24+0800__CAM_BACK__1538986259287525.jpg", "samples/CAM_BACK_RIGHT/n015-2018-10-08-16-03-24+0800__CAM_BACK_RIGHT__1538986259277893.jpg"], "intrinsics": [[[1272.5979470598488, 0.0, 826.6154927353808], [0.0, 1272.5979470598488, 479.75165386361925], [0.0, 0.0, 1.0]], [[1266.417203046554, 0.0, 816.2670197447984], [0.0, 1266.417203046554, 491.50706579294757], [0.0, 0.0, 1.0]], [[1260.8474446004698, 0.0, 807.968244525554], [0.0, 1260.8474446004698, 495.3344268742088], [0.0, 0.0, 1.0]], [[1256.7414812095406, 0.0, 792.1125740759628], [0.0, 1256.7414812095406, 492.7757465151356], [0.0, 0.0, 1.0]], [[809.2209905677063, 0.0, 829.2196003259838], [0.0, 809.2209905677063, 481.77842384512485], [0.0, 0.0, 1.0]], [[1259.5137405846733, 0.0, 807.2529053838625], [0.0, 1259.5137405846733, 501.19579884916527], [0.0, 0.0, 1.0]]], "extrinsics": [[[0.8198896646499634, -0.5723078846931458, 0.015639422461390495, -0.7730712890625], [0.010204675607383251, -0.012704066000878811, -0.9998672604560852, 1.5106391906738281], [0.5724305510520935, 0.8199405074119568, -0.00457571679726243, -1.1478271484375], [0.0, 0.0, 0.0, 1.0]], [[0.0043977973982691765, -0.9998470544815063, 0.016926394775509834, 0.0069580078125], [0.004714009817689657, -0.016905643045902252, -0.9998459815979004, 1.5214462280273438], [0.9999791979789734, 0.004476875998079777, 0.004638941492885351, -1.5016136169433594], [0.0, 0.0, 0.0, 1.0]], [[-0.833387017250061, -0.5526236891746521, -0.00855859462171793, 0.9105224609375], [0.010155568830668926, 0.00017124644364230335, -0.9999483823776245, 1.5051329135894775], [0.5525966286659241, -0.8334308862686157, 0.005469495430588722, -1.166748046875], [0.0, 0.0, 0.0, 1.0]], [[0.9476901292800903, 0.3191044330596924, 0.007463951129466295, -1.1446533203125], [0.018120376393198967, -0.03043905645608902, -0.9993723630905151, 1.5885086059570312], [-0.3186769187450409, 0.9472306370735168, -0.03462908789515495, -0.10302734375], [0.0, 0.0, 0.0, 1.0]], [[0.0028762987349182367, 0.9997879266738892, -0.02039228193461895, 0.002685546875], [-0.0070406654849648476, -0.020371615886688232, -0.9997676610946655, 1.5790023803710938], [-0.9999710917472839, 0.0030191887635737658, 0.00698057608678937, -0.0500030517578125], [0.0, 0.0, 0.0, 1.0]], [[-0.9343363046646118, 0.3554491400718689, -0.025915097445249557, 1.03790283203125], [0.02584097906947136, -0.004957004450261593, -0.9996538162231445, 1.5541658401489258], [-0.35545453429222107, -0.9346825480461121, -0.004553644917905331, -0.10009765625], [0.0, 0.0, 0.0, 1.0]]], "view": [[0.0, -2.0, 100.0], [-2.0, 0.0, 100.0], [0.0, 0.0, 1.0]], "bev": "bev_b7c704de53874e41b38958b9f13df661.png", "aux": "aux_b7c704de53874e41b38958b9f13df661.npz", "visibility": "visibility_b7c704de53874e41b38958b9f13df661.png", "pose": [[-0.9588387608528137, -0.28395119309425354, 0.0, 550.14697265625], [0.28395119309425354, -0.9588387608528137, 0.0, 1680.240478515625], [0.0, 0.0, 1.0, 0.0], [0.0, 0.0, 0.0, 1.0]], "pose_inverse": [[-0.9588387608528137, 0.28395119309425354, 0.0, 50.395965576171875], [-0.28395119309425354, -0.9588387608528137, 0.0, 1767.2945556640625], [0.0, 0.0, 1.0, 0.0], [0.0, 0.0, 0.0, 1.0]], "cam_ids": [0, 1, 2, 3, 4, 5], "cam_channels": ["CAM_FRONT_LEFT", "CAM_FRONT", "CAM_FRONT_RIGHT", "CAM_BACK_LEFT", "CAM_BACK", "CAM_BACK_RIGHT"], "token": "b7c704de53874e41b38958b9f13df661", "scene": "scene-0865"}, {"images": ["samples/CAM_FRONT_LEFT/n015-2018-10-08-16-03-24+0800__CAM_FRONT_LEFT__1538986259754844.jpg", "samples/CAM_FRONT/n015-2018-10-08-16-03-24+0800__CAM_FRONT__1538986259762460.jpg", "samples/CAM_FRONT_RIGHT/n015-2018-10-08-16-03-24+0800__CAM_FRONT_RIGHT__1538986259770339.jpg", "samples/CAM_BACK_LEFT/n015-2018-10-08-16-03-24+0800__CAM_BACK_LEFT__1538986259797423.jpg", "samples/CAM_BACK/n015-2018-10-08-16-03-24+0800__CAM_BACK__1538986259787525.jpg", "samples/CAM_BACK_RIGHT/n015-2018-10-08-16-03-24+0800__CAM_BACK_RIGHT__1538986259777893.jpg"], "intrinsics": [[[1272.5979470598488, 0.0, 826.6154927353808], [0.0, 1272.5979470598488, 479.75165386361925], [0.0, 0.0, 1.0]], [[1266.417203046554, 0.0, 816.2670197447984], [0.0, 1266.417203046554, 491.50706579294757], [0.0, 0.0, 1.0]], [[1260.8474446004698, 0.0, 807.968244525554], [0.0, 1260.8474446004698, 495.3344268742088], [0.0, 0.0, 1.0]], [[1256.7414812095406, 0.0, 792.1125740759628], [0.0, 1256.7414812095406, 492.7757465151356], [0.0, 0.0, 1.0]], [[809.2209905677063, 0.0, 829.2196003259838], [0.0, 809.2209905677063, 481.77842384512485], [0.0, 0.0, 1.0]], [[1259.5137405846733, 0.0, 807.2529053838625], [0.0, 1259.5137405846733, 501.19579884916527], [0.0, 0.0, 1.0]]], "extrinsics": [[[0.8198798894882202, -0.5724965333938599, 0.006688839755952358, -0.77593994140625], [0.005632486660033464, -0.0036170133389532566, -0.9999775886535645, 1.5095467567443848], [0.572507917881012, 0.8198991417884827, 0.00025906277005560696, -1.149658203125], [0.0, 0.0, 0.0, 1.0]], [[0.004449563566595316, -0.9999605417251587, 0.007685001008212566, 0.0068359375], [0.00037449903902597725, -0.007683409843593836, -0.9999704360961914, 1.5206108093261719], [0.9999899864196777, 0.00445227324962616, 0.000340296101057902, -1.5031661987304688], [0.0, 0.0, 0.0, 1.0]], [[-0.833366870880127, -0.5526241660118103, -0.01031071413308382, 0.910400390625], [0.006082668900489807, 0.009483779780566692, -0.9999364614486694, 1.5045318603515625], [0.552686870098114, -0.8333766460418701, -0.004542036447674036, -1.1668701171875], [0.0, 0.0, 0.0, 1.0]], [[0.9477202296257019, 0.31901267170906067, 0.007568754721432924, -1.14263916015625], [0.015055254101753235, -0.021008387207984924, -0.9996659159660339, 1.5885543823242188], [-0.31874707341194153, 0.9475175738334656, -0.02471288852393627, -0.103759765625], [0.0, 0.0, 0.0, 1.0]], [[0.002778558060526848, 0.9999358654022217, -0.010978097096085548, 0.002685546875], [-0.010484508238732815, -0.010948406532406807, -0.9998851418495178, 1.5788002014160156], [-0.9999412298202515, 0.002893334487453103, 0.010453415103256702, -0.0515899658203125], [0.0, 0.0, 0.0, 1.0]], [[-0.9344595074653625, 0.3555607199668884, -0.019027063623070717, 1.03704833984375], [0.022037990391254425, 0.00441936356946826, -0.9997473955154419, 1.5537843704223633], [-0.3553868234157562, -0.9346427321434021, -0.011965561658143997, -0.1007080078125], [0.0, 0.0, 0.0, 1.0]]], "view": [[0.0, -2.0, 100.0], [-2.0, 0.0, 100.0], [0.0, 0.0, 1.0]], "bev": "bev_60ac6c7aba9b44c78fe866eb027e9562.png", "aux": "aux_60ac6c7aba9b44c78fe866eb027e9562.npz", "visibility": "visibility_60ac6c7aba9b44c78fe866eb027e9562.png", "pose": [[-0.962677538394928, -0.27065107226371765, 0.0, 547.5504760742188], [0.27065107226371765, -0.962677538394928, 0.0, 1681.0050048828125], [0.0, 0.0, 1.0, 0.0], [0.0, 0.0, 0.0, 1.0]], "pose_inverse": [[-0.962677538394928, 0.27065107226371765, 0.0, 72.14871978759766], [-0.27065107226371765, -0.962677538394928, 0.0, 1766.4608154296875], [0.0, 0.0, 1.0, 0.0], [0.0, 0.0, 0.0, 1.0]], "cam_ids": [0, 1, 2, 3, 4, 5], "cam_channels": ["CAM_FRONT_LEFT", "CAM_FRONT", "CAM_FRONT_RIGHT", "CAM_BACK_LEFT", "CAM_BACK", "CAM_BACK_RIGHT"], "token": "60ac6c7aba9b44c78fe866eb027e9562", "scene": "scene-0865"}, {"images": ["samples/CAM_FRONT_LEFT/n015-2018-10-08-16-03-24+0800__CAM_FRONT_LEFT__1538986260254844.jpg", "samples/CAM_FRONT/n015-2018-10-08-16-03-24+0800__CAM_FRONT__1538986260262460.jpg", "samples/CAM_FRONT_RIGHT/n015-2018-10-08-16-03-24+0800__CAM_FRONT_RIGHT__1538986260270339.jpg", "samples/CAM_BACK_LEFT/n015-2018-10-08-16-03-24+0800__CAM_BACK_LEFT__1538986260297423.jpg", "samples/CAM_BACK/n015-2018-10-08-16-03-24+0800__CAM_BACK__1538986260287525.jpg", "samples/CAM_BACK_RIGHT/n015-2018-10-08-16-03-24+0800__CAM_BACK_RIGHT__1538986260277893.jpg"], "intrinsics": [[[1272.5979470598488, 0.0, 826.6154927353808], [0.0, 1272.5979470598488, 479.75165386361925], [0.0, 0.0, 1.0]], [[1266.417203046554, 0.0, 816.2670197447984], [0.0, 1266.417203046554, 491.50706579294757], [0.0, 0.0, 1.0]], [[1260.8474446004698, 0.0, 807.968244525554], [0.0, 1260.8474446004698, 495.3344268742088], [0.0, 0.0, 1.0]], [[1256.7414812095406, 0.0, 792.1125740759628], [0.0, 1256.7414812095406, 492.7757465151356], [0.0, 0.0, 1.0]], [[809.2209905677063, 0.0, 829.2196003259838], [0.0, 809.2209905677063, 481.77842384512485], [0.0, 0.0, 1.0]], [[1259.5137405846733, 0.0, 807.2529053838625], [0.0, 1259.5137405846733, 501.19579884916527], [0.0, 0.0, 1.0]]], "extrinsics": [[[0.8198632001876831, -0.572525680065155, 0.006222108844667673, -0.76873779296875], [0.009029243141412735, 0.0020626173354685307, -0.9999570846557617, 1.5103955268859863], [0.5724882483482361, 0.819884181022644, 0.006860536988824606, -1.145263671875], [0.0, 0.0, 0.0, 1.0]], [[0.004472427535802126, -0.9999879598617554, 0.002011046512052417, 0.0072021484375], [0.0038115489296615124, -0.0019940054044127464, -0.9999908208847046, 1.5212820768356323], [0.9999827146530151, 0.00448003550991416, 0.0038025849498808384, -1.4965744018554688], [0.0, 0.0, 0.0, 1.0]], [[-0.8332812786102295, -0.5526072978973389, -0.01635569892823696, 0.9066162109375], [0.00953308492898941, 0.015217534266412258, -0.9998387694358826, 1.505075454711914], [0.5527671575546265, -0.8333027958869934, -0.007412433158606291, -1.1639404296875], [0.0, 0.0, 0.0, 1.0]], [[0.9476719498634338, 0.31899192929267883, 0.012733587995171547, -1.14324951171875], [0.018478086218237877, -0.014988403767347336, -0.9997168779373169, 1.5885391235351562], [-0.3187107443809509, 0.9476388692855835, -0.020098447799682617, -0.1033935546875], [0.0, 0.0, 0.0, 1.0]], [[0.002751565771177411, 0.9999834895133972, -0.005044891498982906, 0.00244140625], [-0.007038440555334091, -0.005025418940931559, -0.999962568283081, 1.5789732933044434], [-0.9999714493751526, 0.0027869800105690956, 0.007024496328085661, -0.05298614501953125], [0.0, 0.0, 0.0, 1.0]], [[-0.9344184398651123, 0.35560429096221924, -0.02019363082945347, 1.03399658203125], [0.02549799159169197, 0.01023548562079668, -0.9996224641799927, 1.5542221069335938], [-0.3552633821964264, -0.9345805644989014, -0.01863142102956772, -0.1016845703125], [0.0, 0.0, 0.0, 1.0]]], "view": [[0.0, -2.0, 100.0], [-2.0, 0.0, 100.0], [0.0, 0.0, 1.0]], "bev": "bev_5eda7aefbded40b9a1b1cfdfb1de2b06.png", "aux": "aux_5eda7aefbded40b9a1b1cfdfb1de2b06.npz", "visibility": "visibility_5eda7aefbded40b9a1b1cfdfb1de2b06.png", "pose": [[-0.9670069813728333, -0.25474992394447327, 0.0, 544.8663940429688], [0.25474992394447327, -0.9670069813728333, 0.0, 1681.7584228515625], [0.0, 0.0, 1.0, 0.0], [0.0, 0.0, 0.0, 1.0]], "pose_inverse": [[-0.9670069813728333, 0.25474992394447327, 0.0, 98.4617919921875], [-0.25474992394447327, -0.9670069813728333, 0.0, 1765.0767822265625], [0.0, 0.0, 1.0, 0.0], [0.0, 0.0, 0.0, 1.0]], "cam_ids": [0, 1, 2, 3, 4, 5], "cam_channels": ["CAM_FRONT_LEFT", "CAM_FRONT", "CAM_FRONT_RIGHT", "CAM_BACK_LEFT", "CAM_BACK", "CAM_BACK_RIGHT"], "token": "5eda7aefbded40b9a1b1cfdfb1de2b06", "scene": "scene-0865"}, {"images": ["samples/CAM_FRONT_LEFT/n015-2018-10-08-16-03-24+0800__CAM_FRONT_LEFT__1538986260754844.jpg", "samples/CAM_FRONT/n015-2018-10-08-16-03-24+0800__CAM_FRONT__1538986260762460.jpg", "samples/CAM_FRONT_RIGHT/n015-2018-10-08-16-03-24+0800__CAM_FRONT_RIGHT__1538986260770339.jpg", "samples/CAM_BACK_LEFT/n015-2018-10-08-16-03-24+0800__CAM_BACK_LEFT__1538986260797423.jpg", "samples/CAM_BACK/n015-2018-10-08-16-03-24+0800__CAM_BACK__1538986260787525.jpg", "samples/CAM_BACK_RIGHT/n015-2018-10-08-16-03-24+0800__CAM_BACK_RIGHT__1538986260777893.jpg"], "intrinsics": [[[1272.5979470598488, 0.0, 826.6154927353808], [0.0, 1272.5979470598488, 479.75165386361925], [0.0, 0.0, 1.0]], [[1266.417203046554, 0.0, 816.2670197447984], [0.0, 1266.417203046554, 491.50706579294757], [0.0, 0.0, 1.0]], [[1260.8474446004698, 0.0, 807.968244525554], [0.0, 1260.8474446004698, 495.3344268742088], [0.0, 0.0, 1.0]], [[1256.7414812095406, 0.0, 792.1125740759628], [0.0, 1256.7414812095406, 492.7757465151356], [0.0, 0.0, 1.0]], [[809.2209905677063, 0.0, 829.2196003259838], [0.0, 809.2209905677063, 481.77842384512485], [0.0, 0.0, 1.0]], [[1259.5137405846733, 0.0, 807.2529053838625], [0.0, 1259.5137405846733, 501.19579884916527], [0.0, 0.0, 1.0]]], "extrinsics": [[[0.8194698691368103, -0.5730894207954407, 0.006130286492407322, -0.76983642578125], [0.007858946919441223, 0.0005410552257671952, -0.9999690055847168, 1.5101171731948853], [0.5730683207511902, 0.8194925785064697, 0.004947257693856955, -1.144287109375], [0.0, 0.0, 0.0, 1.0]], [[0.003821849822998047, -0.9999862909317017, 0.003569224150851369, 0.00634765625], [0.0023228791542351246, -0.0035603626165539026, -0.9999909996986389, 1.5209884643554688], [0.999989926815033, 0.0038300827145576477, 0.002309239935129881, -1.496826171875], [0.0, 0.0, 0.0, 1.0]], [[-0.8336448073387146, -0.5521244406700134, -0.013957556337118149, 0.9063720703125], [0.007730436511337757, 0.013604557141661644, -0.9998775720596313, 1.5048065185546875], [0.5522466897964478, -0.8336506485939026, -0.007073205895721912, -1.1644287109375], [0.0, 0.0, 0.0, 1.0]], [[0.9477156400680542, 0.31897586584091187, 0.009461130015552044, -1.14111328125], [0.015651637688279152, -0.016849780455231667, -0.9997354745864868, 1.5885734558105469], [-0.3187320828437805, 0.9476130604743958, -0.020961295813322067, -0.1041259765625], [0.0, 0.0, 0.0, 1.0]], [[0.002995578106492758, 0.9999723434448242, -0.006816548760980368, 0.0025634765625], [-0.009513542987406254, -0.006787772290408611, -0.9999316930770874, 1.5788259506225586], [-0.9999501705169678, 0.003060252871364355, 0.009492946788668633, -0.054290771484375], [0.0, 0.0, 0.0, 1.0]], [[-0.9342885613441467, 0.3560209572315216, -0.01881180889904499, 1.033599853515625], [0.023388691246509552, 0.008555145934224129, -0.9996898174285889, 1.5540084838867188], [-0.35574963688850403, -0.9344388246536255, -0.016319841146469116, -0.10205078125], [0.0, 0.0, 0.0, 1.0]]], "view": [[0.0, -2.0, 100.0], [-2.0, 0.0, 100.0], [0.0, 0.0, 1.0]], "bev": "bev_0089b9e5e47f4b1e94480684f90389f7.png", "aux": "aux_0089b9e5e47f4b1e94480684f90389f7.npz", "visibility": "visibility_0089b9e5e47f4b1e94480684f90389f7.png", "pose": [[-0.9719329476356506, -0.23525793850421906, 0.0, 542.1806030273438], [0.23525793850421906, -0.9719329476356506, 0.0, 1682.4598388671875], [0.0, 0.0, 1.0, 0.0], [0.0, 0.0, 0.0, 1.0]], "pose_inverse": [[-0.9719329476356506, 0.23525793850421906, 0.0, 131.1511688232422], [-0.23525793850421906, -0.9719329476356506, 0.0, 1762.79052734375], [0.0, 0.0, 1.0, 0.0], [0.0, 0.0, 0.0, 1.0]], "cam_ids": [0, 1, 2, 3, 4, 5], "cam_channels": ["CAM_FRONT_LEFT", "CAM_FRONT", "CAM_FRONT_RIGHT", "CAM_BACK_LEFT", "CAM_BACK", "CAM_BACK_RIGHT"], "token": "0089b9e5e47f4b1e94480684f90389f7", "scene": "scene-0865"}, {"images": ["samples/CAM_FRONT_LEFT/n015-2018-10-08-16-03-24+0800__CAM_FRONT_LEFT__1538986261254844.jpg", "samples/CAM_FRONT/n015-2018-10-08-16-03-24+0800__CAM_FRONT__1538986261262460.jpg", "samples/CAM_FRONT_RIGHT/n015-2018-10-08-16-03-24+0800__CAM_FRONT_RIGHT__1538986261270339.jpg", "samples/CAM_BACK_LEFT/n015-2018-10-08-16-03-24+0800__CAM_BACK_LEFT__1538986261297423.jpg", "samples/CAM_BACK/n015-2018-10-08-16-03-24+0800__CAM_BACK__1538986261287525.jpg", "samples/CAM_BACK_RIGHT/n015-2018-10-08-16-03-24+0800__CAM_BACK_RIGHT__1538986261277893.jpg"], "intrinsics": [[[1272.5979470598488, 0.0, 826.6154927353808], [0.0, 1272.5979470598488, 479.75165386361925], [0.0, 0.0, 1.0]], [[1266.417203046554, 0.0, 816.2670197447984], [0.0, 1266.417203046554, 491.50706579294757], [0.0, 0.0, 1.0]], [[1260.8474446004698, 0.0, 807.968244525554], [0.0, 1260.8474446004698, 495.3344268742088], [0.0, 0.0, 1.0]], [[1256.7414812095406, 0.0, 792.1125740759628], [0.0, 1256.7414812095406, 492.7757465151356], [0.0, 0.0, 1.0]], [[809.2209905677063, 0.0, 829.2196003259838], [0.0, 809.2209905677063, 481.77842384512485], [0.0, 0.0, 1.0]], [[1259.5137405846733, 0.0, 807.2529053838625], [0.0, 1259.5137405846733, 501.19579884916527], [0.0, 0.0, 1.0]]], "extrinsics": [[[0.8200333118438721, -0.5723074078559875, 0.0031094292644411325, -0.77081298828125], [0.0004582340770866722, -0.004776501562446356, -0.9999884366989136, 1.5083675384521484], [0.5723156929016113, 0.8200252652168274, -0.0036546390037983656, -1.1473388671875], [0.0, 0.0, 0.0, 1.0]], [[0.0046627637930214405, -0.999950110912323, 0.00884239748120308, 0.0078125], [-0.00482697831466794, -0.008864897303283215, -0.9999490976333618, 1.5196161270141602], [0.9999774694442749, 0.00461983447894454, -0.004868071526288986, -1.4986572265625], [0.0, 0.0, 0.0, 1.0]], [[-0.8333442211151123, -0.5527294874191284, -0.0052536865696311, 0.9075927734375], [0.0008091080235317349, 0.008284774608910084, -0.9999653100967407, 1.5037565231323242], [0.5527538657188416, -0.8333195447921753, -0.006456850096583366, -1.1644287109375], [0.0, 0.0, 0.0, 1.0]], [[0.9477624893188477, 0.31897199153900146, 0.001770075992681086, -1.1416015625], [0.009429972618818283, -0.022471638396382332, -0.9997029900550842, 1.58856201171875], [-0.3188374936580658, 0.9474977254867554, -0.024305671453475952, -0.10400390625], [0.0, 0.0, 0.0, 1.0]], [[0.0027069770731031895, 0.999920666217804, -0.012306710705161095, 0.002685546875], [-0.01596985198557377, -0.012261959724128246, -0.9997972846031189, 1.5784759521484375], [-0.9998688101768494, 0.002902972511947155, 0.015935391187667847, -0.053619384765625], [0.0, 0.0, 0.0, 1.0]], [[-0.934572696685791, 0.35547876358032227, -0.014454235322773457, 1.0341796875], [0.016677210107445717, 0.003189811250194907, -0.9998558163642883, 1.5532646179199219], [-0.35538148880004883, -0.9346789121627808, -0.008909505791962147, -0.1014404296875], [0.0, 0.0, 0.0, 1.0]]], "view": [[0.0, -2.0, 100.0], [-2.0, 0.0, 100.0], [0.0, 0.0, 1.0]], "bev": "bev_22fad099a552466cb9d2de0487bbf337.png", "aux": "aux_22fad099a552466cb9d2de0487bbf337.npz", "visibility": "visibility_22fad099a552466cb9d2de0487bbf337.png", "pose": [[-0.9752936363220215, -0.2209126055240631, 0.0, 539.4793701171875], [0.2209126055240631, -0.9752936363220215, 0.0, 1683.119873046875], [0.0, 0.0, 1.0, 0.0], [0.0, 0.0, 0.0, 1.0]], "pose_inverse": [[-0.9752936363220215, 0.2209126055240631, 0.0, 154.32838439941406], [-0.2209126055240631, -0.9752936363220215, 0.0, 1760.7138671875], [0.0, 0.0, 1.0, 0.0], [0.0, 0.0, 0.0, 1.0]], "cam_ids": [0, 1, 2, 3, 4, 5], "cam_channels": ["CAM_FRONT_LEFT", "CAM_FRONT", "CAM_FRONT_RIGHT", "CAM_BACK_LEFT", "CAM_BACK", "CAM_BACK_RIGHT"], "token": "22fad099a552466cb9d2de0487bbf337", "scene": "scene-0865"}, {"images": ["samples/CAM_FRONT_LEFT/n015-2018-10-08-16-03-24+0800__CAM_FRONT_LEFT__1538986261754844.jpg", "samples/CAM_FRONT/n015-2018-10-08-16-03-24+0800__CAM_FRONT__1538986261762460.jpg", "samples/CAM_FRONT_RIGHT/n015-2018-10-08-16-03-24+0800__CAM_FRONT_RIGHT__1538986261770339.jpg", "samples/CAM_BACK_LEFT/n015-2018-10-08-16-03-24+0800__CAM_BACK_LEFT__1538986261797423.jpg", "samples/CAM_BACK/n015-2018-10-08-16-03-24+0800__CAM_BACK__1538986261787525.jpg", "samples/CAM_BACK_RIGHT/n015-2018-10-08-16-03-24+0800__CAM_BACK_RIGHT__1538986261777893.jpg"], "intrinsics": [[[1272.5979470598488, 0.0, 826.6154927353808], [0.0, 1272.5979470598488, 479.75165386361925], [0.0, 0.0, 1.0]], [[1266.417203046554, 0.0, 816.2670197447984], [0.0, 1266.417203046554, 491.50706579294757], [0.0, 0.0, 1.0]], [[1260.8474446004698, 0.0, 807.968244525554], [0.0, 1260.8474446004698, 495.3344268742088], [0.0, 0.0, 1.0]], [[1256.7414812095406, 0.0, 792.1125740759628], [0.0, 1256.7414812095406, 492.7757465151356], [0.0, 0.0, 1.0]], [[809.2209905677063, 0.0, 829.2196003259838], [0.0, 809.2209905677063, 481.77842384512485], [0.0, 0.0, 1.0]], [[1259.5137405846733, 0.0, 807.2529053838625], [0.0, 1259.5137405846733, 501.19579884916527], [0.0, 0.0, 1.0]]], "extrinsics": [[[0.8206042051315308, -0.5713923573493958, 0.010926359333097935, -0.78326416015625], [0.005609255284070969, -0.011065144091844559, -0.999923050403595, 1.5094928741455078], [0.5714693665504456, 0.8206024169921875, -0.0058750188909471035, -1.154052734375], [0.0, 0.0, 0.0, 1.0]], [[0.005441997200250626, -0.9998711347579956, 0.015097682364284992, 0.006103515625], [0.00043166286195628345, -0.015095556154847145, -0.9998859763145447, 1.5206146240234375], [0.9999850392341614, 0.005447898060083389, 0.00034945644438266754, -1.5115966796875], [0.0, 0.0, 0.0, 1.0]], [[-0.8329728841781616, -0.5532777309417725, -0.0063109491020441055, 0.9169921875], [0.006172762718051672, 0.0021129916422069073, -0.9999786615371704, 1.50449800491333], [0.5532793402671814, -0.8329941034317017, 0.0016551887383684516, -1.171875], [0.0, 0.0, 0.0, 1.0]], [[0.947726309299469, 0.319037526845932, 0.005475427955389023, -1.14215087890625], [0.015298022888600826, -0.028290536254644394, -0.9994826316833496, 1.5885543823242188], [-0.3187175691127777, 0.9473198056221008, -0.031692326068878174, -0.1038818359375], [0.0, 0.0, 0.0, 1.0]], [[0.0025397581048309803, 0.9998298287391663, -0.01827128976583481, 0.0029296875], [-0.010289246216416359, -0.018244251608848572, -0.9997806549072266, 1.5788383483886719], [-0.9999438524246216, 0.002727177459746599, 0.010241159237921238, -0.04852294921875], [0.0, 0.0, 0.0, 1.0]], [[-0.9346314072608948, 0.35495102405548096, -0.02176869474351406, 1.043243408203125], [0.02218133583664894, -0.002907094080001116, -0.9997497200965881, 1.553656816482544], [-0.3549255132675171, -0.9348803758621216, -0.005156227387487888, -0.0987548828125], [0.0, 0.0, 0.0, 1.0]]], "view": [[0.0, -2.0, 100.0], [-2.0, 0.0, 100.0], [0.0, 0.0, 1.0]], "bev": "bev_a300afde12504e22a0082bed54d458bd.png", "aux": "aux_a300afde12504e22a0082bed54d458bd.npz", "visibility": "visibility_a300afde12504e22a0082bed54d458bd.png", "pose": [[-0.977234423160553, -0.21216239035129547, 0.0, 536.89892578125], [0.21216239035129547, -0.977234423160553, 0.0, 1683.696044921875], [0.0, 0.0, 1.0, 0.0], [0.0, 0.0, 0.0, 1.0]], "pose_inverse": [[-0.977234423160553, 0.21216239035129547, 0.0, 167.45913696289062], [-0.21216239035129547, -0.977234423160553, 0.0, 1759.2755126953125], [0.0, 0.0, 1.0, 0.0], [0.0, 0.0, 0.0, 1.0]], "cam_ids": [0, 1, 2, 3, 4, 5], "cam_channels": ["CAM_FRONT_LEFT", "CAM_FRONT", "CAM_FRONT_RIGHT", "CAM_BACK_LEFT", "CAM_BACK", "CAM_BACK_RIGHT"], "token": "a300afde12504e22a0082bed54d458bd", "scene": "scene-0865"}, {"images": ["samples/CAM_FRONT_LEFT/n015-2018-10-08-16-03-24+0800__CAM_FRONT_LEFT__1538986262254844.jpg", "samples/CAM_FRONT/n015-2018-10-08-16-03-24+0800__CAM_FRONT__1538986262262460.jpg", "samples/CAM_FRONT_RIGHT/n015-2018-10-08-16-03-24+0800__CAM_FRONT_RIGHT__1538986262270339.jpg", "samples/CAM_BACK_LEFT/n015-2018-10-08-16-03-24+0800__CAM_BACK_LEFT__1538986262297423.jpg", "samples/CAM_BACK/n015-2018-10-08-16-03-24+0800__CAM_BACK__1538986262287525.jpg", "samples/CAM_BACK_RIGHT/n015-2018-10-08-16-03-24+0800__CAM_BACK_RIGHT__1538986262277893.jpg"], "intrinsics": [[[1272.5979470598488, 0.0, 826.6154927353808], [0.0, 1272.5979470598488, 479.75165386361925], [0.0, 0.0, 1.0]], [[1266.417203046554, 0.0, 816.2670197447984], [0.0, 1266.417203046554, 491.50706579294757], [0.0, 0.0, 1.0]], [[1260.8474446004698, 0.0, 807.968244525554], [0.0, 1260.8474446004698, 495.3344268742088], [0.0, 0.0, 1.0]], [[1256.7414812095406, 0.0, 792.1125740759628], [0.0, 1256.7414812095406, 492.7757465151356], [0.0, 0.0, 1.0]], [[809.2209905677063, 0.0, 829.2196003259838], [0.0, 809.2209905677063, 481.77842384512485], [0.0, 0.0, 1.0]], [[1259.5137405846733, 0.0, 807.2529053838625], [0.0, 1259.5137405846733, 501.19579884916527], [0.0, 0.0, 1.0]]], "extrinsics": [[[0.8222601413726807, -0.5689226984977722, 0.0146695077419281, -0.8038330078125], [0.006178674753755331, -0.016850559040904045, -0.9998389482498169, 1.5094547271728516], [0.5690782070159912, 0.8222183585166931, -0.010340358130633831, -1.1685791015625], [0.0, 0.0, 0.0, 1.0]], [[0.0078016771003603935, -0.9997487664222717, 0.02101154252886772, 0.006103515625], [0.0006992046255618334, -0.02100672572851181, -0.9997791647911072, 1.5206451416015625], [0.9999693036079407, 0.007814622484147549, 0.0005351408617570996, -1.5321197509765625], [0.0, 0.0, 0.0, 1.0]], [[-0.8319797515869141, -0.5547983050346375, -0.0029142340645194054, 0.9298095703125], [0.006092227064073086, -0.0038833050057291985, -0.9999738931655884, 1.5043911933898926], [0.5547724962234497, -0.8319758176803589, 0.006610789801925421, -1.1802978515625], [0.0, 0.0, 0.0, 1.0]], [[0.9477508068084717, 0.31900230050086975, 0.0024048909544944763, -1.14251708984375], [0.014167685061693192, -0.03455844521522522, -0.9993022680282593, 1.5885467529296875], [-0.3186965882778168, 0.947123646736145, -0.03727232292294502, -0.1036376953125], [0.0, 0.0, 0.0, 1.0]], [[0.0019076807657256722, 0.9996991753578186, -0.0244528166949749, 0.0030517578125], [-0.011030028574168682, -0.02443033456802368, -0.999640703201294, 1.5788612365722656], [-0.9999373555183411, 0.00217671156860888, 0.010980105958878994, -0.0426025390625], [0.0, 0.0, 0.0, 1.0]], [[-0.935090184211731, 0.3536255359649658, -0.02356579713523388, 1.05364990234375], [0.021807221695780754, -0.008957303129136562, -0.9997221231460571, 1.5533781051635742], [-0.35373833775520325, -0.9353442192077637, 0.0006642943480983377, -0.094970703125], [0.0, 0.0, 0.0, 1.0]]], "view": [[0.0, -2.0, 100.0], [-2.0, 0.0, 100.0], [0.0, 0.0, 1.0]], "bev": "bev_3fa2def5f6d64ed5863d292021354146.png", "aux": "aux_3fa2def5f6d64ed5863d292021354146.npz", "visibility": "visibility_3fa2def5f6d64ed5863d292021354146.png", "pose": [[-0.9733544588088989, -0.2293057143688202, 0.0, 534.51953125], [0.2293057143688202, -0.9733544588088989, 0.0, 1684.243896484375], [0.0, 0.0, 1.0, 0.0], [0.0, 0.0, 0.0, 1.0]], "pose_inverse": [[-0.9733544588088989, 0.2293057143688202, 0.0, 134.07020568847656], [-0.2293057143688202, -0.9733544588088989, 0.0, 1761.9346923828125], [0.0, 0.0, 1.0, 0.0], [0.0, 0.0, 0.0, 1.0]], "cam_ids": [0, 1, 2, 3, 4, 5], "cam_channels": ["CAM_FRONT_LEFT", "CAM_FRONT", "CAM_FRONT_RIGHT", "CAM_BACK_LEFT", "CAM_BACK", "CAM_BACK_RIGHT"], "token": "3fa2def5f6d64ed5863d292021354146", "scene": "scene-0865"}, {"images": ["samples/CAM_FRONT_LEFT/n015-2018-10-08-16-03-24+0800__CAM_FRONT_LEFT__1538986262754844.jpg", "samples/CAM_FRONT/n015-2018-10-08-16-03-24+0800__CAM_FRONT__1538986262762460.jpg", "samples/CAM_FRONT_RIGHT/n015-2018-10-08-16-03-24+0800__CAM_FRONT_RIGHT__1538986262770339.jpg", "samples/CAM_BACK_LEFT/n015-2018-10-08-16-03-24+0800__CAM_BACK_LEFT__1538986262797423.jpg", "samples/CAM_BACK/n015-2018-10-08-16-03-24+0800__CAM_BACK__1538986262787525.jpg", "samples/CAM_BACK_RIGHT/n015-2018-10-08-16-03-24+0800__CAM_BACK_RIGHT__1538986262777893.jpg"], "intrinsics": [[[1272.5979470598488, 0.0, 826.6154927353808], [0.0, 1272.5979470598488, 479.75165386361925], [0.0, 0.0, 1.0]], [[1266.417203046554, 0.0, 816.2670197447984], [0.0, 1266.417203046554, 491.50706579294757], [0.0, 0.0, 1.0]], [[1260.8474446004698, 0.0, 807.968244525554], [0.0, 1260.8474446004698, 495.3344268742088], [0.0, 0.0, 1.0]], [[1256.7414812095406, 0.0, 792.1125740759628], [0.0, 1256.7414812095406, 492.7757465151356], [0.0, 0.0, 1.0]], [[809.2209905677063, 0.0, 829.2196003259838], [0.0, 809.2209905677063, 481.77842384512485], [0.0, 0.0, 1.0]], [[1259.5137405846733, 0.0, 807.2529053838625], [0.0, 1259.5137405846733, 501.19579884916527], [0.0, 0.0, 1.0]]], "extrinsics": [[[0.8235491514205933, -0.5671730041503906, 0.0090321721509099, -0.81170654296875], [-6.100777682149783e-05, -0.016011441126465797, -0.9998717904090881, 1.50823974609375], [0.5672448873519897, 0.8234430551528931, -0.013220813125371933, -1.175048828125], [0.0, 0.0, 0.0, 1.0]], [[0.009732777252793312, -0.9997496604919434, 0.02014744095504284, 0.0067138671875], [-0.005356036126613617, -0.020200228318572044, -0.999781608581543, 1.5197257995605469], [0.9999382495880127, 0.009622741490602493, -0.00555129861459136, -1.53948974609375], [0.0, 0.0, 0.0, 1.0]], [[-0.831171452999115, -0.5560140609741211, 0.0015386233571916819, 0.93377685546875], [0.00020936196960974485, -0.0030801945831626654, -0.999995231628418, 1.503671407699585], [0.5560161471366882, -0.8311671614646912, 0.0026765791699290276, -1.1824951171875], [0.0, 0.0, 0.0, 1.0]], [[0.9477634429931641, 0.31896471977233887, -0.002446591854095459, -1.14093017578125], [0.008856712840497494, -0.0339822918176651, -0.9993831515312195, 1.5885658264160156], [-0.3188510835170746, 0.9471572041511536, -0.03503215312957764, -0.104248046875], [0.0, 0.0, 0.0, 1.0]], [[0.0012751736212521791,