[{"images": ["samples/CAM_FRONT_LEFT/n015-2018-08-03-15-21-40+0800__CAM_FRONT_LEFT__1533280919754844.jpg", "samples/CAM_FRONT/n015-2018-08-03-15-21-40+0800__CAM_FRONT__1533280919762460.jpg", "samples/CAM_FRONT_RIGHT/n015-2018-08-03-15-21-40+0800__CAM_FRONT_RIGHT__1533280919770339.jpg", "samples/CAM_BACK_LEFT/n015-2018-08-03-15-21-40+0800__CAM_BACK_LEFT__1533280919797423.jpg", "samples/CAM_BACK/n015-2018-08-03-15-21-40+0800__CAM_BACK__1533280919787525.jpg", "samples/CAM_BACK_RIGHT/n015-2018-08-03-15-21-40+0800__CAM_BACK_RIGHT__1533280919777893.jpg"], "intrinsics": [[[1272.5979470598488, 0.0, 826.6154927353808], [0.0, 1272.5979470598488, 479.75165386361925], [0.0, 0.0, 1.0]], [[1266.417203046554, 0.0, 816.2670197447984], [0.0, 1266.417203046554, 491.50706579294757], [0.0, 0.0, 1.0]], [[1260.8474446004698, 0.0, 807.968244525554], [0.0, 1260.8474446004698, 495.3344268742088], [0.0, 0.0, 1.0]], [[1256.7414812095406, 0.0, 792.1125740759628], [0.0, 1256.7414812095406, 492.7757465151356], [0.0, 0.0, 1.0]], [[809.2209905677063, 0.0, 829.2196003259838], [0.0, 809.2209905677063, 481.77842384512485], [0.0, 0.0, 1.0]], [[1259.5137405846733, 0.0, 807.2529053838625], [0.0, 1259.5137405846733, 501.19579884916527], [0.0, 0.0, 1.0]]], "extrinsics": [[[0.8226174116134644, -0.5685800313949585, -0.004161097574979067, -0.620361328125], [-0.002485614502802491, 0.0037221605889499187, -0.9999899864196777, 1.5072031021118164], [0.5685898065567017, 0.8226194977760315, 0.001648643403314054, -1.04443359375], [0.0, 0.0, 0.0, 1.0]], [[0.00840535294264555, -0.9999645352363586, 0.0003856017137877643, 0.0096435546875], [-0.007980533875524998, -0.0004526846460066736, -0.9999680519104004, 1.5177710056304932], [0.9999328255653381, 0.00840204581618309, -0.007984056137502193, -1.34625244140625], [0.0, 0.0, 0.0, 1.0]], [[-0.8317613005638123, -0.555088460445404, -0.007068478502333164, 0.806427001953125], [-0.00262898369692266, 0.016671504825353622, -0.9998575448989868, 1.5029048919677734], [0.5551272630691528, -0.8316241502761841, -0.015326029621064663, -1.0963134765625], [0.0, 0.0, 0.0, 1.0]], [[0.9476926326751709, 0.31918415427207947, 0.00031327109900303185, -1.123809814453125], [0.0050901686772704124, -0.014131898991763592, -0.9998871684074402, 1.5886573791503906], [-0.31914371252059937, 0.9475873708724976, -0.015017397701740265, -0.11004638671875], [0.0, 0.0, 0.0, 1.0]], [[0.001525075058452785, 0.9999909996986389, -0.0039633894339203835, 0.00238037109375], [-0.019954990595579147, -0.003932171501219273, -0.9997931718826294, 1.5771260261535645], [-0.9997997283935547, 0.0016038294415920973, 0.019948814064264297, -0.11004638671875], [0.0, 0.0, 0.0, 1.0]], [[-0.9353665113449097, 0.35358795523643494, -0.00807077158242464, 0.947021484375], [0.013008077628910542, 0.011589118279516697, -0.9998482465744019, 1.5540637969970703], [-0.3534407317638397, -0.9353294968605042, -0.015439573675394058, -0.134002685546875], [0.0, 0.0, 0.0, 1.0]]], "view": [[0.0, -2.0, 100.0], [-2.0, 0.0, 100.0], [0.0, 0.0, 1.0]], "bev": "bev_e208ea543b754f6b8d2907eda9544db6.png", "aux": "aux_e208ea543b754f6b8d2907eda9544db6.npz", "visibility": "visibility_e208ea543b754f6b8d2907eda9544db6.png", "pose": [[-0.4728351831436157, -0.8811509013175964, 0.0, 293.27203369140625], [0.8811509013175964, -0.4728351831436157, 0.0, 748.3863525390625], [0.0, 0.0, 1.0, 0.0], [0.0, 0.0, 0.0, 1.0]], "pose_inverse": [[-0.4728351831436157, 0.8811509013175964, 0.0, -520.77197265625], [-0.8811509013175964, -0.4728351831436157, 0.0, 612.2803344726562], [0.0, 0.0, 1.0, 0.0], [0.0, 0.0, 0.0, 1.0]], "cam_ids": [0, 1, 2, 3, 4, 5], "cam_channels": ["CAM_FRONT_LEFT", "CAM_FRONT", "CAM_FRONT_RIGHT", "CAM_BACK_LEFT", "CAM_BACK", "CAM_BACK_RIGHT"], "token": "e208ea543b754f6b8d2907eda9544db6", "scene": "scene-0376"}, {"images": ["samples/CAM_FRONT_LEFT/n015-2018-08-03-15-21-40+0800__CAM_FRONT_LEFT__1533280920254844.jpg", "samples/CAM_FRONT/n015-2018-08-03-15-21-40+0800__CAM_FRONT__1533280920262460.jpg", "samples/CAM_FRONT_RIGHT/n015-2018-08-03-15-21-40+0800__CAM_FRONT_RIGHT__1533280920270339.jpg", "samples/CAM_BACK_LEFT/n015-2018-08-03-15-21-40+0800__CAM_BACK_LEFT__1533280920297423.jpg", "samples/CAM_BACK/n015-2018-08-03-15-21-40+0800__CAM_BACK__1533280920287525.jpg", "samples/CAM_BACK_RIGHT/n015-2018-08-03-15-21-40+0800__CAM_BACK_RIGHT__1533280920277893.jpg"], "intrinsics": [[[1272.5979470598488, 0.0, 826.6154927353808], [0.0, 1272.5979470598488, 479.75165386361925], [0.0, 0.0, 1.0]], [[1266.417203046554, 0.0, 816.2670197447984], [0.0, 1266.417203046554, 491.50706579294757], [0.0, 0.0, 1.0]], [[1260.8474446004698, 0.0, 807.968244525554], [0.0, 1260.8474446004698, 495.3344268742088], [0.0, 0.0, 1.0]], [[1256.7414812095406, 0.0, 792.1125740759628], [0.0, 1256.7414812095406, 492.7757465151356], [0.0, 0.0, 1.0]], [[809.2209905677063, 0.0, 829.2196003259838], [0.0, 809.2209905677063, 481.77842384512485], [0.0, 0.0, 1.0]], [[1259.5137405846733, 0.0, 807.2529053838625], [0.0, 1259.5137405846733, 501.19579884916527], [0.0, 0.0, 1.0]]], "extrinsics": [[[0.8216807246208191, -0.5699253082275391, -0.005110417027026415, -0.623046875], [-0.004298953339457512, 0.0027687556575983763, -0.9999868869781494, 1.5064589977264404], [0.5699319839477539, 0.8216919898986816, -0.0001750489027472213, -1.04132080078125], [0.0, 0.0, 0.0, 1.0]], [[0.007060975767672062, -0.9999743103981018, 0.0012796674855053425, 0.00640869140625], [-0.009616653434932232, -0.0013475450687110424, -0.9999528527259827, 1.517207145690918], [0.9999288320541382, 0.007048359606415033, -0.009625920094549656, -1.3466796875], [0.0, 0.0, 0.0, 1.0]], [[-0.8323530554771423, -0.5542193651199341, -0.005410069599747658, 0.8054885864257812], [-0.004036513157188892, 0.015822529792785645, -0.9998666644096375, 1.502558708190918], [0.5542311072349548, -0.832220196723938, -0.015407043509185314, -1.09881591796875], [0.0, 0.0, 0.0, 1.0]], [[0.9478034973144531, 0.3188546895980835, -0.00039982222369872034, -1.124267578125], [0.0045671951957046986, -0.014829885214567184, -0.9998795986175537, 1.5886354446411133], [-0.3188222348690033, 0.947687566280365, -0.015512089245021343, -0.1092529296875], [0.0, 0.0, 0.0, 1.0]], [[0.0019529183628037572, 0.9999871253967285, -0.004697151482105255, 0.00335693359375], [-0.020818399265408516, -0.004655485972762108, -0.9997724294662476, 1.5770454406738281], [-0.9997813701629639, 0.0020502759143710136, 0.020809035748243332, -0.1090087890625], [0.0, 0.0, 0.0, 1.0]], [[-0.9351008534431458, 0.354307621717453, -0.007250212598592043, 0.94842529296875], [0.011838991194963455, 0.010785448364913464, -0.9998717904090881, 1.5538359880447388], [-0.35418400168418884, -0.935066819190979, -0.014280126430094242, -0.1353759765625], [0.0, 0.0, 0.0, 1.0]]], "view": [[0.0, -2.0, 100.0], [-2.0, 0.0, 100.0], [0.0, 0.0, 1.0]], "bev": "bev_634bc339132f4e40807034b021aa614c.png", "aux": "aux_634bc339132f4e40807034b021aa614c.npz", "visibility": "visibility_634bc339132f4e40807034b021aa614c.png", "pose": [[-0.4498114585876465, -0.8931235671043396, 0.0, 291.14202880859375], [0.8931235671043396, -0.4498114585876465, 0.0, 752.5068359375], [0.0, 0.0, 1.0, 0.0], [0.0, 0.0, 0.0, 1.0]], "pose_inverse": [[-0.4498114585876465, 0.8931235671043396, 0.0, -541.12255859375], [-0.8931235671043396, -0.4498114585876465, 0.0, 598.511962890625], [0.0, 0.0, 1.0, 0.0], [0.0, 0.0, 0.0, 1.0]], "cam_ids": [0, 1, 2, 3, 4, 5], "cam_channels": ["CAM_FRONT_LEFT", "CAM_FRONT", "CAM_FRONT_RIGHT", "CAM_BACK_LEFT", "CAM_BACK", "CAM_BACK_RIGHT"], "token": "634bc339132f4e40807034b021aa614c", "scene": "scene-0376"}, {"images": ["samples/CAM_FRONT_LEFT/n015-2018-08-03-15-21-40+0800__CAM_FRONT_LEFT__1533280920754844.jpg", "samples/CAM_FRONT/n015-2018-08-03-15-21-40+0800__CAM_FRONT__1533280920762460.jpg", "samples/CAM_FRONT_RIGHT/n015-2018-08-03-15-21-40+0800__CAM_FRONT_RIGHT__1533280920770339.jpg", "samples/CAM_BACK_LEFT/n015-2018-08-03-15-21-40+0800__CAM_BACK_LEFT__1533280920797445.jpg", "samples/CAM_BACK/n015-2018-08-03-15-21-40+0800__CAM_BACK__1533280920787525.jpg", "samples/CAM_BACK_RIGHT/n015-2018-08-03-15-21-40+0800__CAM_BACK_RIGHT__1533280920777899.jpg"], "intrinsics": [[[1272.5979470598488, 0.0, 826.6154927353808], [0.0, 1272.5979470598488, 479.75165386361925], [0.0, 0.0, 1.0]], [[1266.417203046554, 0.0, 816.2670197447984], [0.0, 1266.417203046554, 491.50706579294757], [0.0, 0.0, 1.0]], [[1260.8474446004698, 0.0, 807.968244525554], [0.0, 1260.8474446004698, 495.3344268742088], [0.0, 0.0, 1.0]], [[1256.7414812095406, 0.0, 792.1125740759628], [0.0, 1256.7414812095406, 492.7757465151356], [0.0, 0.0, 1.0]], [[809.2209905677063, 0.0, 829.2196003259838], [0.0, 809.2209905677063, 481.77842384512485], [0.0, 0.0, 1.0]], [[1259.5137405846733, 0.0, 807.2529053838625], [0.0, 1259.5137405846733, 501.19579884916527], [0.0, 0.0, 1.0]]], "extrinsics": [[[0.8216730356216431, -0.5699464678764343, -0.0037989818956702948, -0.62579345703125], [-0.0025115092284977436, 0.003044694196432829, -0.9999921917915344, 1.5072100162506104], [0.5699535608291626, 0.8216761946678162, 0.0010703172301873565, -1.0461578369140625], [0.0, 0.0, 0.0, 1.0]], [[0.007046720013022423, -0.9999746680259705, 0.0009221469517797232, 0.00836181640625], [-0.007638444192707539, -0.0009759702952578664, -0.9999703764915466, 1.5179197788238525], [0.9999459385871887, 0.007039464078843594, -0.007645128760486841, -1.35003662109375], [0.0, 0.0, 0.0, 1.0]], [[-0.8323370814323425, -0.5542191863059998, -0.007480280473828316, 0.807952880859375], [-0.0018808438908308744, 0.016319839283823967, -0.9998649954795837, 1.5031242370605469], [0.5542665123939514, -0.8322107195854187, -0.01462600752711296, -1.098388671875], [0.0, 0.0, 0.0, 1.0]], [[0.9477480053901672, 0.3190089762210846, 0.002641832223162055, -1.119537353515625], [0.007400713860988617, -0.013706512749195099, -0.9998786449432373, 1.588730812072754], [-0.3189340829849243, 0.9476525783538818, -0.01535121351480484, -0.1112060546875], [0.0, 0.0, 0.0, 1.0]], [[0.0019536390900611877, 0.9999904036521912, -0.003920006100088358, 0.0028076171875], [-0.01826026290655136, -0.00388368614949286, -0.9998257756233215, 1.5773024559020996], [-0.9998313784599304, 0.0020248685032129288, 0.018252501264214516, -0.110595703125], [0.0, 0.0, 0.0, 1.0]], [[-0.9350849986076355, 0.35430440306663513, -0.009192821569740772, 0.94830322265625], [0.014145389199256897, 0.01139086578041315, -0.9998350739479065, 1.5542829036712646], [-0.3541412353515625, -0.9350607395172119, -0.015663200989365578, -0.1341552734375], [0.0, 0.0, 0.0, 1.0]]], "view": [[0.0, -2.0, 100.0], [-2.0, 0.0, 100.0], [0.0, 0.0, 1.0]], "bev": "bev_8c673eebd4bc453d8292f363782a0ef9.png", "aux": "aux_8c673eebd4bc453d8292f363782a0ef9.npz", "visibility": "visibility_8c673eebd4bc453d8292f363782a0ef9.png", "pose": [[-0.42688772082328796, -0.9043046236038208, 0.0, 289.0652770996094], [0.9043046236038208, -0.42688772082328796, 0.0, 756.826416015625], [0.0, 0.0, 1.0, 0.0], [0.0, 0.0, 0.0, 1.0]], "pose_inverse": [[-0.42688772082328796, 0.9043046236038208, 0.0, -561.0032348632812], [-0.9043046236038208, -0.42688772082328796, 0.0, 584.4829711914062], [0.0, 0.0, 1.0, 0.0], [0.0, 0.0, 0.0, 1.0]], "cam_ids": [0, 1, 2, 3, 4, 5], "cam_channels": ["CAM_FRONT_LEFT", "CAM_FRONT", "CAM_FRONT_RIGHT", "CAM_BACK_LEFT", "CAM_BACK", "CAM_BACK_RIGHT"], "token": "8c673eebd4bc453d8292f363782a0ef9", "scene": "scene-0376"}, {"images": ["samples/CAM_FRONT_LEFT/n015-2018-08-03-15-21-40+0800__CAM_FRONT_LEFT__1533280921254844.jpg", "samples/CAM_FRONT/n015-2018-08-03-15-21-40+0800__CAM_FRONT__1533280921262460.jpg", "samples/CAM_FRONT_RIGHT/n015-2018-08-03-15-21-40+0800__CAM_FRONT_RIGHT__1533280921270339.jpg", "samples/CAM_BACK_LEFT/n015-2018-08-03-15-21-40+0800__CAM_BACK_LEFT__1533280921297423.jpg", "samples/CAM_BACK/n015-2018-08-03-15-21-40+0800__CAM_BACK__1533280921287525.jpg", "samples/CAM_BACK_RIGHT/n015-2018-08-03-15-21-40+0800__CAM_BACK_RIGHT__1533280921277893.jpg"], "intrinsics": [[[1272.5979470598488, 0.0, 826.6154927353808], [0.0, 1272.5979470598488, 479.75165386361925], [0.0, 0.0, 1.0]], [[1266.417203046554, 0.0, 816.2670197447984], [0.0, 1266.417203046554, 491.50706579294757], [0.0, 0.0, 1.0]], [[1260.8474446004698, 0.0, 807.968244525554], [0.0, 1260.8474446004698, 495.3344268742088], [0.0, 0.0, 1.0]], [[1256.7414812095406, 0.0, 792.1125740759628], [0.0, 1256.7414812095406, 492.7757465151356], [0.0, 0.0, 1.0]], [[809.2209905677063, 0.0, 829.2196003259838], [0.0, 809.2209905677063, 481.77842384512485], [0.0, 0.0, 1.0]], [[1259.5137405846733, 0.0, 807.2529053838625], [0.0, 1259.5137405846733, 501.19579884916527], [0.0, 0.0, 1.0]]], "extrinsics": [[[0.8222413659095764, -0.5691319704055786, -0.002819750225171447, -0.61468505859375], [-0.0008251371909864247, 0.0037623390089720488, -0.9999926090240479, 1.5078823566436768], [0.5691383481025696, 0.8222376108169556, 0.0026239389553666115, -1.043212890625], [0.0, 0.0, 0.0, 1.0]], [[0.00784206110984087, -0.9999692440032959, 5.985459210933186e-05, 0.0115966796875], [-0.00606886250898242, -0.00010744915925897658, -0.9999816417694092, 1.5183980464935303], [0.9999508261680603, 0.007841549813747406, -0.006069518160074949, -1.34051513671875], [0.0, 0.0, 0.0, 1.0]], [[-0.8319934606552124, -0.5547085404396057, -0.009233967401087284, 0.8023834228515625], [-0.0004269281344022602, 0.017284374684095383, -0.9998505115509033, 1.5034723281860352], [0.5547851324081421, -0.8318651914596558, -0.014617307111620903, -1.09173583984375], [0.0, 0.0, 0.0, 1.0]], [[0.9476991891860962, 0.3191402852535248, 0.003970648627728224, -1.118743896484375], [0.00846949778497219, -0.012710238806903362, -0.9998832941055298, 1.5887727737426758], [-0.31905266642570496, 0.9476222991943359, -0.01474844105541706, -0.112060546875], [0.0, 0.0, 0.0, 1.0]], [[0.001702011562883854, 0.9999945163726807, -0.0028672493062913418, 0.00164794921875], [-0.016972273588180542, -0.0028379529248923063, -0.9998519420623779, 1.577352523803711], [-0.999854564666748, 0.001750416588038206, 0.016967348754405975, -0.11639404296875], [0.0, 0.0, 0.0, 1.0]], [[-0.9352269768714905, 0.3539033532142639, -0.01015059370547533, 0.9407958984375], [0.01554514653980732, 0.012403532862663269, -0.99980229139328, 1.5546562671661377], [-0.3537074327468872, -0.9351997971534729, -0.017101598903536797, -0.135101318359375], [0.0, 0.0, 0.0, 1.0]]], "view": [[0.0, -2.0, 100.0], [-2.0, 0.0, 100.0], [0.0, 0.0, 1.0]], "bev": "bev_c89b1b10dbc0470f8b1eed0aee8cd676.png", "aux": "aux_c89b1b10dbc0470f8b1eed0aee8cd676.npz", "visibility": "visibility_c89b1b10dbc0470f8b1eed0aee8cd676.png", "pose": [[-0.40559446811676025, -0.9140531420707703, 0.0, 287.1759033203125], [0.9140531420707703, -0.40559446811676025, 0.0, 761.0170288085938], [0.0, 0.0, 1.0, 0.0], [0.0, 0.0, 0.0, 1.0]], "pose_inverse": [[-0.40559446811676025, 0.9140531420707703, 0.0, -579.133056640625], [-0.9140531420707703, -0.40559446811676025, 0.0, 571.1583251953125], [0.0, 0.0, 1.0, 0.0], [0.0, 0.0, 0.0, 1.0]], "cam_ids": [0, 1, 2, 3, 4, 5], "cam_channels": ["CAM_FRONT_LEFT", "CAM_FRONT", "CAM_FRONT_RIGHT", "CAM_BACK_LEFT", "CAM_BACK", "CAM_BACK_RIGHT"], "token": "c89b1b10dbc0470f8b1eed0aee8cd676", "scene": "scene-0376"}, {"images": ["samples/CAM_FRONT_LEFT/n015-2018-08-03-15-21-40+0800__CAM_FRONT_LEFT__1533280921754844.jpg", "samples/CAM_FRONT/n015-2018-08-03-15-21-40+0800__CAM_FRONT__1533280921762460.jpg", "samples/CAM_FRONT_RIGHT/n015-2018-08-03-15-21-40+0800__CAM_FRONT_RIGHT__1533280921770339.jpg", "samples/CAM_BACK_LEFT/n015-2018-08-03-15-21-40+0800__CAM_BACK_LEFT__1533280921797423.jpg", "samples/CAM_BACK/n015-2018-08-03-15-21-40+0800__CAM_BACK__1533280921787525.jpg", "samples/CAM_BACK_RIGHT/n015-2018-08-03-15-21-40+0800__CAM_BACK_RIGHT__1533280921777893.jpg"], "intrinsics": [[[1272.5979470598488, 0.0, 826.6154927353808], [0.0, 1272.5979470598488, 479.75165386361925], [0.0, 0.0, 1.0]], [[1266.417203046554, 0.0, 816.2670197447984], [0.0, 1266.417203046554, 491.50706579294757], [0.0, 0.0, 1.0]], [[1260.8474446004698, 0.0, 807.968244525554], [0.0, 1260.8474446004698, 495.3344268742088], [0.0, 0.0, 1.0]], [[1256.7414812095406, 0.0, 792.1125740759628], [0.0, 1256.7414812095406, 492.7757465151356], [0.0, 0.0, 1.0]], [[809.2209905677063, 0.0, 829.2196003259838], [0.0, 809.2209905677063, 481.77842384512485], [0.0, 0.0, 1.0]], [[1259.5137405846733, 0.0, 807.2529053838625], [0.0, 1259.5137405846733, 501.19579884916527], [0.0, 0.0, 1.0]]], "extrinsics": [[[0.8220823407173157, -0.5693415999412537, -0.005533906631171703, -0.61749267578125], [-0.003468558192253113, 0.004711356945335865, -0.9999828934669495, 1.5067753791809082], [0.5693579316139221, 0.8220875859260559, 0.0018983295885846019, -1.042877197265625], [0.0, 0.0, 0.0, 1.0]], [[0.007633557077497244, -0.9999706149101257, -0.0005768737173639238, 0.01007080078125], [-0.008835813961923122, 0.0005094166845083237, -0.9999608993530273, 1.5174403190612793], [0.9999317526817322, 0.007638375740498304, -0.008831667713820934, -1.3424072265625], [0.0, 0.0, 0.0, 1.0]], [[-0.8321024775505066, -0.5545777678489685, -0.0069987839087843895, 0.803070068359375], [-0.0033238863106817007, 0.017605239525437355, -0.9998394846916199, 1.5026931762695312], [0.5546119213104248, -0.8319455981254578, -0.01649271696805954, -1.09381103515625], [0.0, 0.0, 0.0, 1.0]], [[0.9477124810218811, 0.3191245198249817, 0.0006685087573714554, -1.116302490234375], [0.005141539499163628, -0.01317435223609209, -0.9998999834060669, 1.5887060165405273], [-0.3190838098526001, 0.9476211667060852, -0.014126290567219257, -0.11309814453125], [0.0, 0.0, 0.0, 1.0]], [[0.0017368171829730272, 0.9999939203262329, -0.003022025106474757, 0.001953125], [-0.020221399143338203, -0.002986291190609336, -0.9997910857200623, 1.5769643783569336], [-0.9997940063476562, 0.001797524164430797, 0.020216088742017746, -0.11663818359375], [0.0, 0.0, 0.0, 1.0]], [[-0.9352165460586548, 0.3540019690990448, -0.007251202594488859, 0.94195556640625], [0.012483447790145874, 0.012498953379690647, -0.999843955039978, 1.5540175437927246], [-0.3538561165332794, -0.9351611733436584, -0.016108393669128418, -0.13555908203125], [0.0, 0.0, 0.0, 1.0]]], "view": [[0.0, -2.0, 100.0], [-2.0, 0.0, 100.0], [0.0, 0.0, 1.0]], "bev": "bev_5cf43adcb72e46e996b9116bd3dbf439.png", "aux": "aux_5cf43adcb72e46e996b9116bd3dbf439.npz", "visibility": "visibility_5cf43adcb72e46e996b9116bd3dbf439.png", "pose": [[-0.38529324531555176, -0.9227941632270813, 0.0, 285.338623046875], [0.9227941632270813, -0.38529324531555176, 0.0, 765.3507080078125], [0.0, 0.0, 1.0, 0.0], [0.0, 0.0, 0.0, 1.0]], "pose_inverse": [[-0.38529324531555176, 0.9227941632270813, 0.0, -596.3221435546875], [-0.9227941632270813, -0.38529324531555176, 0.0, 558.1932983398438], [0.0, 0.0, 1.0, 0.0], [0.0, 0.0, 0.0, 1.0]], "cam_ids": [0, 1, 2, 3, 4, 5], "cam_channels": ["CAM_FRONT_LEFT", "CAM_FRONT", "CAM_FRONT_RIGHT", "CAM_BACK_LEFT", "CAM_BACK", "CAM_BACK_RIGHT"], "token": "5cf43adcb72e46e996b9116bd3dbf439", "scene": "scene-0376"}, {"images": ["samples/CAM_FRONT_LEFT/n015-2018-08-03-15-21-40+0800__CAM_FRONT_LEFT__1533280922254844.jpg", "samples/CAM_FRONT/n015-2018-08-03-15-21-40+0800__CAM_FRONT__1533280922262460.jpg", "samples/CAM_FRONT_RIGHT/n015-2018-08-03-15-21-40+0800__CAM_FRONT_RIGHT__1533280922270339.jpg", "samples/CAM_BACK_LEFT/n015-2018-08-03-15-21-40+0800__CAM_BACK_LEFT__1533280922297423.jpg", "samples/CAM_BACK/n015-2018-08-03-15-21-40+0800__CAM_BACK__1533280922287525.jpg", "samples/CAM_BACK_RIGHT/n015-2018-08-03-15-21-40+0800__CAM_BACK_RIGHT__1533280922277893.jpg"], "intrinsics": [[[1272.5979470598488, 0.0, 826.6154927353808], [0.0, 1272.5979470598488, 479.75165386361925], [0.0, 0.0, 1.0]], [[1266.417203046554, 0.0, 816.2670197447984], [0.0, 1266.417203046554, 491.50706579294757], [0.0, 0.0, 1.0]], [[1260.8474446004698, 0.0, 807.968244525554], [0.0, 1260.8474446004698, 495.3344268742088], [0.0, 0.0, 1.0]], [[1256.7414812095406, 0.0, 792.1125740759628], [0.0, 1256.7414812095406, 492.7757465151356], [0.0, 0.0, 1.0]], [[809.2209905677063, 0.0, 829.2196003259838], [0.0, 809.2209905677063, 481.77842384512485], [0.0, 0.0, 1.0]], [[1259.5137405846733, 0.0, 807.2529053838625], [0.0, 1259.5137405846733, 501.19579884916527], [0.0, 0.0, 1.0]]], "extrinsics": [[[0.8217532634735107, -0.5698266625404358, 0.004367105197161436, -0.61993408203125], [-0.0008937415550462902, -0.008952483534812927, -0.9999595284461975, 1.5078821182250977], [0.5698426961898804, 0.8217161297798157, -0.007866010069847107, -1.0419845581054688], [0.0, 0.0, 0.0, 1.0]], [[0.007127712946385145, -0.9998874068260193, 0.013206626288592815, 0.00830078125], [-0.006111883092671633, -0.013250276446342468, -0.9998935461044312, 1.5184086561203003], [0.999955952167511, 0.007046262267976999, -0.006205640267580748, -1.3428955078125], [0.0, 0.0, 0.0, 1.0]], [[-0.8323081731796265, -0.55431067943573, -0.0016691361088305712, 0.8021392822265625], [-0.00046261295210570097, 0.003705795854330063, -0.9999930262565613, 1.5035128593444824], [0.5543130040168762, -0.8323016166687012, -0.00334079354070127, -1.09466552734375], [0.0, 0.0, 0.0, 1.0]], [[0.9477543830871582, 0.31899935007095337, -0.0010763707105070353, -1.1151123046875], [0.008195709437131882, -0.027722444385290146, -0.999582052230835, 1.5887870788574219], [-0.3188958168029785, 0.947349488735199, -0.028888491913676262, -0.11273193359375], [0.0, 0.0, 0.0, 1.0]], [[0.0019508805125951767, 0.9998481869697571, -0.01731708273291588, 0.00274658203125], [-0.01719343289732933, -0.01728101819753647, -0.9997028708457947, 1.5773136615753174], [-0.9998502731323242, 0.002248030388727784, 0.017157109454274178, -0.1173095703125], [0.0, 0.0, 0.0, 1.0]], [[-0.9350770711898804, 0.354127436876297, -0.014987107366323471, 0.94195556640625], [0.015430357307195663, -0.0015721229137852788, -0.9998797178268433, 1.5546541213989258], [-0.35410836338996887, -0.9351958632469177, -0.003994256258010864, -0.13671875], [0.0, 0.0, 0.0, 1.0]]], "view": [[0.0, -2.0, 100.0], [-2.0, 0.0, 100.0], [0.0, 0.0, 1.0]], "bev": "bev_8dbf5d2f165e4add88ba08b37dfb075c.png", "aux": "aux_8dbf5d2f165e4add88ba08b37dfb075c.npz", "visibility": "visibility_8dbf5d2f165e4add88ba08b37dfb075c.png", "pose": [[-0.36579209566116333, -0.9306966066360474, 0.0, 283.6085510253906], [0.9306966066360474, -0.36579209566116333, 0.0, 769.6429443359375], [0.0, 0.0, 1.0, 0.0], [0.0, 0.0, 0.0, 1.0]], "pose_inverse": [[-0.36579209566116333, 0.9306966066360474, 0.0, -612.5623168945312], [-0.9306966066360474, -0.36579209566116333, 0.0, 545.4827880859375], [0.0, 0.0, 1.0, 0.0], [0.0, 0.0, 0.0, 1.0]], "cam_ids": [0, 1, 2, 3, 4, 5], "cam_channels": ["CAM_FRONT_LEFT", "CAM_FRONT", "CAM_FRONT_RIGHT", "CAM_BACK_LEFT", "CAM_BACK", "CAM_BACK_RIGHT"], "token": "8dbf5d2f165e4add88ba08b37dfb075c", "scene": "scene-0376"}, {"images": ["samples/CAM_FRONT_LEFT/n015-2018-08-03-15-21-40+0800__CAM_FRONT_LEFT__1533280922754844.jpg", "samples/CAM_FRONT/n015-2018-08-03-15-21-40+0800__CAM_FRONT__1533280922762460.jpg", "samples/CAM_FRONT_RIGHT/n015-2018-08-03-15-21-40+0800__CAM_FRONT_RIGHT__1533280922770339.jpg", "samples/CAM_BACK_LEFT/n015-2018-08-03-15-21-40+0800__CAM_BACK_LEFT__1533280922797423.jpg", "samples/CAM_BACK/n015-2018-08-03-15-21-40+0800__CAM_BACK__1533280922787525.jpg", "samples/CAM_BACK_RIGHT/n015-2018-08-03-15-21-40+0800__CAM_BACK_RIGHT__1533280922777893.jpg"], "intrinsics": [[[1272.5979470598488, 0.0, 826.6154927353808], [0.0, 1272.5979470598488, 479.75165386361925], [0.0, 0.0, 1.0]], [[1266.417203046554, 0.0, 816.2670197447984], [0.0, 1266.417203046554, 491.50706579294757], [0.0, 0.0, 1.0]], [[1260.8474446004698, 0.0, 807.968244525554], [0.0, 1260.8474446004698, 495.3344268742088], [0.0, 0.0, 1.0]], [[1256.7414812095406, 0.0, 792.1125740759628], [0.0, 1256.7414812095406, 492.7757465151356], [0.0, 0.0, 1.0]], [[809.2209905677063, 0.0, 829.2196003259838], [0.0, 809.2209905677063, 481.77842384512485], [0.0, 0.0, 1.0]], [[1259.5137405846733, 0.0, 807.2529053838625], [0.0, 1259.5137405846733, 501.19579884916527], [0.0, 0.0, 1.0]]], "extrinsics": [[[0.8211001753807068, -0.5707432627677917, 0.006826010532677174, -0.6221923828125], [0.0056465500965714455, -0.003836169606074691, -0.9999766945838928, 1.510606288909912], [0.5707560777664185, 0.8211196064949036, 7.285027095349506e-05, -1.0432510375976562], [0.0, 0.0, 0.0, 1.0]], [[0.006177778821438551, -0.999949038028717, 0.007981370203197002, 0.0081787109375], [0.0001983527617994696, -0.007980297319591045, -0.9999681711196899, 1.5206093788146973], [0.9999808669090271, 0.006179157178848982, 0.00014904180716257542, -1.34442138671875], [0.0, 0.0, 0.0, 1.0]], [[-0.832649290561676, -0.5537147521972656, -0.009754094295203686, 0.802276611328125], [0.005646600387990475, 0.009123641066253185, -0.9999423623085022, 1.5051994323730469], [0.5537719130516052, -0.8326564431190491, -0.004470185376703739, -1.09490966796875], [0.0, 0.0, 0.0, 1.0]], [[0.9477053880691528, 0.3190889060497284, 0.006066291593015194, -1.113067626953125], [0.013678371906280518, -0.02162018045783043, -0.9996726512908936, 1.5889835357666016], [-0.31885334849357605, 0.947478175163269, -0.024854177609086037, -0.11383056640625], [0.0, 0.0, 0.0, 1.0]], [[0.002293853322044015, 0.9999308586120605, -0.01153197605162859, 0.00274658203125], [-0.011481128633022308, -0.011504911817610264, -0.9998679161071777, 1.577968716621399], [-0.9999314546585083, 0.002425934188067913, 0.011453943327069283, -0.119384765625], [0.0, 0.0, 0.0, 1.0]], [[-0.9348030686378479, 0.3546813726425171, -0.018556680530309677, 0.9412841796875], [0.02135968953371048, 0.003988936543464661, -0.9997639060020447, 1.5558967590332031], [-0.354523628950119, -0.9349787831306458, -0.011304753832519054, -0.136962890625], [0.0, 0.0, 0.0, 1.0]]], "view": [[0.0, -2.0, 100.0], [-2.0, 0.0, 100.0], [0.0, 0.0, 1.0]], "bev": "bev_cbec3dda9b3643e481adc292a75d1d63.png", "aux": "aux_cbec3dda9b3643e481adc292a75d1d63.npz", "visibility": "visibility_cbec3dda9b3643e481adc292a75d1d63.png", "pose": [[-0.3558621108531952, -0.9345384836196899, 0.0, 281.9652404785156], [0.9345384836196899, -0.3558621108531952, 0.0, 773.9432373046875], [0.0, 0.0, 1.0, 0.0], [0.0, 0.0, 0.0, 1.0]], "pose_inverse": [[-0.3558621108531952, 0.9345384836196899, 0.0, -622.93896484375], [-0.9345384836196899, -0.3558621108531952, 0.0, 538.9244384765625], [0.0, 0.0, 1.0, 0.0], [0.0, 0.0, 0.0, 1.0]], "cam_ids": [0, 1, 2, 3, 4, 5], "cam_channels": ["CAM_FRONT_LEFT", "CAM_FRONT", "CAM_FRONT_RIGHT", "CAM_BACK_LEFT", "CAM_BACK", "CAM_BACK_RIGHT"], "token": "cbec3dda9b3643e481adc292a75d1d63", "scene": "scene-0376"}, {"images": ["samples/CAM_FRONT_LEFT/n015-2018-08-03-15-21-40+0800__CAM_FRONT_LEFT__1533280923254844.jpg", "samples/CAM_FRONT/n015-2018-08-03-15-21-40+0800__CAM_FRONT__1533280923262460.jpg", "samples/CAM_FRONT_RIGHT/n015-2018-08-03-15-21-40+0800__CAM_FRONT_RIGHT__1533280923270339.jpg", "samples/CAM_BACK_LEFT/n015-2018-08-03-15-21-40+0800__CAM_BACK_LEFT__1533280923297423.jpg", "samples/CAM_BACK/n015-2018-08-03-15-21-40+0800__CAM_BACK__1533280923287525.jpg", "samples/CAM_BACK_RIGHT/n015-2018-08-03-15-21-40+0800__CAM_BACK_RIGHT__1533280923277893.jpg"], "intrinsics": [[[1272.5979470598488, 0.0, 826.6154927353808], [0.0, 1272.5979470598488, 479.75165386361925], [0.0, 0.0, 1.0]], [[1266.417203046554, 0.0, 816.2670197447984], [0.0, 1266.417203046554, 491.50706579294757], [0.0, 0.0, 1.0]], [[1260.8474446004698, 0.0, 807.968244525554], [0.0, 1260.8474446004698, 495.3344268742088], [0.0, 0.0, 1.0]], [[1256.7414812095406, 0.0, 792.1125740759628], [0.0, 1256.7414812095406, 492.7757465151356], [0.0, 0.0, 1.0]], [[809.2209905677063, 0.0, 829.2196003259838], [0.0, 809.2209905677063, 481.77842384512485], [0.0, 0.0, 1.0]], [[1259.5137405846733, 0.0, 807.2529053838625], [0.0, 1259.5137405846733, 501.19579884916527], [0.0, 0.0, 1.0]]], "extrinsics": [[[0.8210129141807556, -0.570906400680542, 0.0019059550249949098, -0.6195068359375], [0.0012714779004454613, -0.0015099694719538093, -0.9999980926513672, 1.508785367012024], [0.5709081292152405, 0.8210136890411377, -0.0005138095002621412, -1.044342041015625], [0.0, 0.0, 0.0, 1.0]], [[0.006050999742001295, -0.9999669194221497, 0.005419326946139336, 0.01007080078125], [-0.004084781277924776, -0.005444097798317671, -0.9999768733978271, 1.5191235542297363], [0.9999732971191406, 0.006028748583048582, -0.0041175889782607555, -1.3433837890625], [0.0, 0.0, 0.0, 1.0]], [[-0.8327543139457703, -0.5535875558853149, -0.007817273959517479, 0.80255126953125], [0.001478681224398315, 0.01189574133604765, -0.9999281167984009, 1.5040273666381836], [0.5536407828330994, -0.8327059149742126, -0.00908765010535717, -1.09326171875], [0.0, 0.0, 0.0, 1.0]], [[0.947926938533783, 0.3184669017791748, 0.003628695150837302, -1.111297607421875], [0.009867490269243717, -0.017979037016630173, -0.9997896552085876, 1.5888595581054688], [-0.3183346688747406, 0.9477634429931641, -0.020185286179184914, -0.11322021484375], [0.0, 0.0, 0.0, 1.0]], [[0.0026435120962560177, 0.9999627470970154, -0.008205085061490536, 0.00274658203125], [-0.015402696095407009, -0.008163423277437687, -0.9998480677604675, 1.5774836540222168], [-0.9998778104782104, 0.002769476268440485, 0.015380543656647205, -0.1199951171875], [0.0, 0.0, 0.0, 1.0]], [[-0.934794008731842, 0.3549264073371887, -0.013689511455595493, 0.9404296875], [0.017301635816693306, 0.007005222607403994, -0.9998257756233215, 1.5550537109375], [-0.35476866364479065, -0.9348679780960083, -0.012689247727394104, -0.136322021484375], [0.0, 0.0, 0.0, 1.0]]], "view": [[0.0, -2.0, 100.0], [-2.0, 0.0, 100.0], [0.0, 0.0, 1.0]], "bev": "bev_2279baf4c11e46a19ee514bb270d401f.png", "aux": "aux_2279baf4c11e46a19ee514bb270d401f.npz", "visibility": "visibility_2279baf4c11e46a19ee514bb270d401f.png", "pose": [[-0.3456626236438751, -0.9383588433265686, 0.0, 280.3769226074219], [0.9383588433265686, -0.3456626236438751, 0.0, 778.2471923828125], [0.0, 0.0, 1.0, 0.0], [0.0, 0.0, 0.0, 1.0]], "pose_inverse": [[-0.3456626236438751, 0.9383588433265686, 0.0, -633.3593139648438], [-0.9383588433265686, -0.3456626236438751, 0.0, 532.1051025390625], [0.0, 0.0, 1.0, 0.0], [0.0, 0.0, 0.0, 1.0]], "cam_ids": [0, 1, 2, 3, 4, 5], "cam_channels": ["CAM_FRONT_LEFT", "CAM_FRONT", "CAM_FRONT_RIGHT", "CAM_BACK_LEFT", "CAM_BACK", "CAM_BACK_RIGHT"], "token": "2279baf4c11e46a19ee514bb270d401f", "scene": "scene-0376"}, {"images": ["samples/CAM_FRONT_LEFT/n015-2018-08-03-15-21-40+0800__CAM_FRONT_LEFT__1533280923754844.jpg", "samples/CAM_FRONT/n015-2018-08-03-15-21-40+0800__CAM_FRONT__1533280923762460.jpg", "samples/CAM_FRONT_RIGHT/n015-2018-08-03-15-21-40+0800__CAM_FRONT_RIGHT__1533280923770339.jpg", "samples/CAM_BACK_LEFT/n015-2018-08-03-15-21-40+0800__CAM_BACK_LEFT__1533280923797423.jpg", "samples/CAM_BACK/n015-2018-08-03-15-21-40+0800__CAM_BACK__1533280923787525.jpg", "samples/CAM_BACK_RIGHT/n015-2018-08-03-15-21-40+0800__CAM_BACK_RIGHT__1533280923777900.jpg"], "intrinsics": [[[1272.5979470598488, 0.0, 826.6154927353808], [0.0, 1272.5979470598488, 479.75165386361925], [0.0, 0.0, 1.0]], [[1266.417203046554, 0.0, 816.2670197447984], [0.0, 1266.417203046554, 491.50706579294757], [0.0, 0.0, 1.0]], [[1260.8474446004698, 0.0, 807.968244525554], [0.0, 1260.8474446004698, 495.3344268742088], [0.0, 0.0, 1.0]], [[1256.7414812095406, 0.0, 792.1125740759628], [0.0, 1256.7414812095406, 492.7757465151356], [0.0, 0.0, 1.0]], [[809.2209905677063, 0.0, 829.2196003259838], [0.0, 809.2209905677063, 481.77842384512485], [0.0, 0.0, 1.0]], [[1259.5137405846733, 0.0, 807.2529053838625], [0.0, 1259.5137405846733, 501.19579884916527], [0.0, 0.0, 1.0]]], "extrinsics": [[[0.8220439553260803, -0.5694215893745422, -0.0017124094301834702, -0.6468505859375], [-0.0006957753794267774, 0.0020028180442750454, -0.9999977946281433, 1.5079795122146606], [0.5694236755371094, 0.8220432996749878, 0.0012502148747444153, -1.0594024658203125], [0.0, 0.0, 0.0, 1.0]], [[0.007576247677206993, -0.9999693632125854, 0.0019949686247855425, 0.00726318359375], [-0.005900236312299967, -0.0020396942272782326, -0.9999805092811584, 1.5186266899108887], [0.9999538660049438, 0.007564334198832512, -0.005915507674217224, -1.36944580078125], [0.0, 0.0, 0.0, 1.0]], [[-0.8320921659469604, -0.5545758008956909, -0.008256222121417522, 0.818756103515625], [-0.00022871984401717782, 0.015228903852403164, -0.9998840093612671, 1.503586769104004], [0.5546371936798096, -0.831993818283081, -0.012798693962395191, -1.10650634765625], [0.0, 0.0, 0.0, 1.0]], [[0.9477422833442688, 0.3190181255340576, 0.0034741072449833155, -1.12017822265625], [0.008665675297379494, -0.014855688437819481, -0.9998521208763123, 1.5887470245361328], [-0.31891927123069763, 0.9476321935653687, -0.016843870282173157, -0.11053466796875], [0.0, 0.0, 0.0, 1.0]], [[0.00176227989140898, 0.9999860525131226, -0.0049885851331055164, 0.0030517578125], [-0.016812244430184364, -0.0049582598730921745, -0.9998463988304138, 1.5774850845336914], [-0.9998570680618286, 0.0018458649283275008, 0.01680327020585537, -0.10943603515625], [0.0, 0.0, 0.0, 1.0]], [[-0.9351814985275269, 0.3539960980415344, -0.011062082834541798, 0.95611572265625], [0.015729457139968872, 0.010310197249054909, -0.9998231530189514, 1.5544819831848145], [-0.35381945967674255, -0.9351900815963745, -0.015210072509944439, -0.131866455078125], [0.0, 0.0, 0.0, 1.0]]], "view": [[0.0, -2.0, 100.0], [-2.0, 0.0, 100.0], [0.0, 0.0, 1.0]], "bev": "bev_8c81a114f76c4b7b8b65fabf60105036.png", "aux": "aux_8c81a114f76c4b7b8b65fabf60105036.npz", "visibility": "visibility_8c81a114f76c4b7b8b65fabf60105036.png", "pose": [[-0.32881641387939453, -0.9443938732147217, 0.0, 278.87896728515625], [0.9443938732147217, -0.32881641387939453, 0.0, 782.5042724609375], [0.0, 0.0, 1.0, 0.0], [0.0, 0.0, 0.0, 1.0]], "pose_inverse": [[-0.32881641387939453, 0.9443938732147217, 0.0, -647.292236328125], [-0.9443938732147217, -0.32881641387939453, 0.0, 520.6718139648438], [0.0, 0.0, 1.0, 0.0], [0.0, 0.0, 0.0, 1.0]], "cam_ids": [0, 1, 2, 3, 4, 5], "cam_channels": ["CAM_FRONT_LEFT", "CAM_FRONT", "CAM_FRONT_RIGHT", "CAM_BACK_LEFT", "CAM_BACK", "CAM_BACK_RIGHT"], "token": "8c81a114f76c4b7b8b65fabf60105036", "scene": "scene-0376"}, {"images": ["samples/CAM_FRONT_LEFT/n015-2018-08-03-15-21-40+0800__CAM_FRONT_LEFT__1533280924254844.jpg", "samples/CAM_FRONT/n015-2018-08-03-15-21-40+0800__CAM_FRONT__1533280924262460.jpg", "samples/CAM_FRONT_RIGHT/n015-2018-08-03-15-21-40+0800__CAM_FRONT_RIGHT__1533280924270339.jpg", "samples/CAM_BACK_LEFT/n015-2018-08-03-15-21-40+0800__CAM_BACK_LEFT__1533280924297423.jpg", "samples/CAM_BACK/n015-2018-08-03-15-21-40+0800__CAM_BACK__1533280924287525.jpg", "samples/CAM_BACK_RIGHT/n015-2018-08-03-15-21-40+0800__CAM_BACK_RIGHT__1533280924277893.jpg"], "intrinsics": [[[1272.5979470598488, 0.0, 826.6154927353808], [0.0, 1272.5979470598488, 479.75165386361925], [0.0, 0.0, 1.0]], [[1266.417203046554, 0.0, 816.2670197447984], [0.0, 1266.417203046554, 491.50706579294757], [0.0, 0.0, 1.0]], [[1260.8474446004698, 0.0, 807.968244525554], [0.0, 1260.8474446004698, 495.3344268742088], [0.0, 0.0, 1.0]], [[1256.7414812095406, 0.0, 792.1125740759628], [0.0, 1256.7414812095406, 492.7757465151356], [0.0, 0.0, 1.0]], [[809.2209905677063, 0.0, 829.2196003259838], [0.0, 809.2209905677063, 481.77842384512485], [0.0, 0.0, 1.0]], [[1259.5137405846733, 0.0, 807.2529053838625], [0.0, 1259.5137405846733, 501.19579884916527], [0.0, 0.0, 1.0]]], "extrinsics": [[[0.8222781419754028, -0.5690820813179016, -0.0020821692887693644, -0.60089111328125], [0.00022975064348429441, 0.003990762867033482, -0.9999920129776001, 1.5083465576171875], [0.5690858364105225, 0.8222710490226746, 0.003412263933569193, -1.029195785522461], [0.0, 0.0, 0.0, 1.0]], [[0.007915712893009186, -0.9999687075614929, 0.00010333666432416067, 0.008697509765625], [-0.004969161935150623, -0.000142674456583336, -0.9999876618385315, 1.5187041759490967], [0.9999563694000244, 0.007915119640529156, -0.0049701351672410965, -1.32427978515625], [0.0, 0.0, 0.0, 1.0]], [[-0.8319335579872131, -0.5547842979431152, -0.010047459974884987, 0.790191650390625], [0.000728921964764595, 0.01701487973332405, -0.9998549818992615, 1.5038442611694336], [0.5548747777938843, -0.8318202495574951, -0.013750853948295116, -1.08642578125], [0.0, 0.0, 0.0, 1.0]], [[0.9477497935295105, 0.31897783279418945, 0.004838071297854185, -1.113250732421875], [0.009687064215540886, -0.013616986572742462, -0.9998603463172913, 1.5888433456420898], [-0.3188674747943878, 0.9476643204689026, -0.015995455905795097, -0.11297607421875], [0.0, 0.0, 0.0, 1.0]], [[0.0016518563497811556, 0.9999924898147583, -0.0035211839713156223, 0.002716064453125], [-0.015802918002009392, -0.0034946443047374487, -0.9998690485954285, 1.577371597290039], [-0.999873697757721, 0.0017072793561965227, 0.015797024592757225, -0.123779296875], [0.0, 0.0, 0.0, 1.0]], [[-0.9352421760559082, 0.3538246154785156, -0.011414632201194763, 0.9317626953125], [0.016726896166801453, 0.011959255672991276, -0.9997885823249817, 1.5550966262817383], [-0.35361331701278687, -0.935235321521759, -0.01710318773984909, -0.1404571533203125], [0.0, 0.0, 0.0, 1.0]]], "view": [[0.0, -2.0, 100.0], [-2.0, 0.0, 100.0], [0.0, 0.0, 1.0]], "bev": "bev_9c9b22667d814d9aaada018358aedf9e.png", "aux": "aux_9c9b22667d814d9aaada018358aedf9e.npz", "visibility": "visibility_9c9b22667d814d9aaada018358aedf9e.png", "pose": [[-0.2973644435405731, -0.9547640681266785, 0.0, 277.34490966796875], [0.9547640681266785, -0.2973644435405731, 0.0, 787.2757568359375], [0.0, 0.0, 1.0, 0.0], [0.0, 0.0, 0.0, 1.0]], "pose_inverse": [[-0.2973644435405731, 0.9547640681266785, 0.0, -669.1900634765625], [-0.9547640681266785, -0.2973644435405731, 0.0, 498.9067687988281], [0.0, 0.0, 1.0, 0.0], [0.0, 0.0, 0.0, 1.0]], "cam_ids": [0, 1, 2, 3, 4, 5], "cam_channels": ["CAM_FRONT_LEFT", "CAM_FRONT", "CAM_FRONT_RIGHT", "CAM_BACK_LEFT", "CAM_BACK", "CAM_BACK_RIGHT"], "token": "9c9b22667d814d9aaada018358aedf9e", "scene": "scene-0376"}, {"images": ["samples/CAM_FRONT_LEFT/n015-2018-08-03-15-21-40+0800__CAM_FRONT_LEFT__1533280924654844.jpg", "samples/CAM_FRONT/n015-2018-08-03-15-21-40+0800__CAM_FRONT__1533280924662460.jpg", "samples/CAM_FRONT_RIGHT/n015-2018-08-03-15-21-40+0800__CAM_FRONT_RIGHT__1533280924670339.jpg", "samples/CAM_BACK_LEFT/n015-2018-08-03-15-21-40+0800__CAM_BACK_LEFT__1533280924697423.jpg", "samples/CAM_BACK/n015-2018-08-03-15-21-40+0800__CAM_BACK__1533280924687525.jpg", "samples/CAM_BACK_RIGHT/n015-2018-08-03-15-21-40+0800__CAM_BACK_RIGHT__1533280924677902.jpg"], "intrinsics": [[[1272.5979470598488, 0.0, 826.6154927353808], [0.0, 1272.5979470598488, 479.75165386361925], [0.0, 0.0, 1.0]], [[1266.417203046554, 0.0, 816.2670197447984], [0.0, 1266.417203046554, 491.50706579294757], [0.0, 0.0, 1.0]], [[1260.8474446004698, 0.0, 807.968244525554], [0.0, 1260.8474446004698, 495.3344268742088], [0.0, 0.0, 1.0]], [[1256.7414812095406, 0.0, 792.1125740759628], [0.0, 1256.7414812095406, 492.7757465151356], [0.0, 0.0, 1.0]], [[809.2209905677063, 0.0, 829.2196003259838], [0.0, 809.2209905677063, 481.77842384512485], [0.0, 0.0, 1.0]], [[1259.5137405846733, 0.0, 807.2529053838625], [0.0, 1259.5137405846733, 501.19579884916527], [0.0, 0.0, 1.0]]], "extrinsics": [[[0.8221758604049683, -0.5692065358161926, -0.005564754828810692, -0.64654541015625], [-0.0014459423255175352, 0.0076874843798577785, -0.9999693632125854, 1.5076804161071777], [0.5692318081855774, 0.822158694267273, 0.005497423931956291, -1.0611963272094727], [0.0, 0.0, 0.0, 1.0]], [[0.00776339415460825, -0.9999632239341736, -0.003642073832452297, 0.008544921875], [-0.006867440417408943, 0.003588781924918294, -0.999970018863678, 1.5183258056640625], [0.9999462962150574, 0.007788193412125111, -0.006839326582849026, -1.37139892578125], [0.0, 0.0, 0.0, 1.0]], [[-0.8320268988609314, -0.5546389222145081, -0.010338541120290756, 0.822235107421875], [-0.001419881242327392, 0.020766090601682663, -0.9997832775115967, 1.5032663345336914], [0.554733395576477, -0.8318319916725159, -0.018065467476844788, -1.10760498046875], [0.0, 0.0, 0.0, 1.0]], [[0.9477161169052124, 0.3190983533859253, 0.0032377128954976797, -1.12225341796875], [0.00673404848203063, -0.00985427