[{"images": ["samples/CAM_FRONT_LEFT/n008-2018-09-18-14-54-39-0400__CAM_FRONT_LEFT__1537297674104799.jpg", "samples/CAM_FRONT/n008-2018-09-18-14-54-39-0400__CAM_FRONT__1537297674112404.jpg", "samples/CAM_FRONT_RIGHT/n008-2018-09-18-14-54-39-0400__CAM_FRONT_RIGHT__1537297674120482.jpg", "samples/CAM_BACK_LEFT/n008-2018-09-18-14-54-39-0400__CAM_BACK_LEFT__1537297674147405.jpg", "samples/CAM_BACK/n008-2018-09-18-14-54-39-0400__CAM_BACK__1537297674137558.jpg", "samples/CAM_BACK_RIGHT/n008-2018-09-18-14-54-39-0400__CAM_BACK_RIGHT__1537297674128113.jpg"], "intrinsics": [[[1257.8625342125129, 0.0, 827.2410631095686], [0.0, 1257.8625342125129, 450.915498205774], [0.0, 0.0, 1.0]], [[1252.8131021185304, 0.0, 826.588114781398], [0.0, 1252.8131021185304, 469.9846626224581], [0.0, 0.0, 1.0]], [[1256.7485116440405, 0.0, 817.7887570959712], [0.0, 1256.7485116440403, 451.9541780095127], [0.0, 0.0, 1.0]], [[1254.9860565800168, 0.0, 829.5769333630991], [0.0, 1254.9860565800168, 467.1680561863987], [0.0, 0.0, 1.0]], [[796.8910634503094, 0.0, 857.7774326863696], [0.0, 796.8910634503094, 476.8848988407415], [0.0, 0.0, 1.0]], [[1249.9629280788233, 0.0, 825.3768045375984], [0.0, 1249.9629280788233, 462.54816385708756], [0.0, 0.0, 1.0]]], "extrinsics": [[[0.8234704732894897, -0.5658401250839233, -0.04148907586932182, -0.7535400390625], [0.004462106619030237, 0.07958339899778366, -0.9968182444572449, 1.4894294738769531], [0.5673415660858154, 0.820665180683136, 0.06805942207574844, -1.1634521484375], [0.0, 0.0, 0.0, 1.0]], [[0.011795604601502419, -0.9970661401748657, -0.07562945783138275, 0.010772705078125], [0.006513526663184166, 0.07570972293615341, -0.9971086382865906, 1.4816207885742188], [0.9999092221260071, 0.01126888021826744, 0.007387459743767977, -1.4833984375], [0.0, 0.0, 0.0, 1.0]], [[-0.8432199358940125, -0.5353780388832092, -0.04848170280456543, 0.926025390625], [0.014638273045420647, 0.06728579849004745, -0.9976263046264648, 1.4958076477050781], [0.537369430065155, -0.8419280648231506, -0.04889972135424614, -1.1702880859375], [0.0, 0.0, 0.0, 1.0]], [[0.947622537612915, 0.3190014660358429, 0.01580219343304634, -1.132568359375], [-0.011288098990917206, 0.08289507031440735, -0.9964942932128906, 1.561899185180664], [-0.319193035364151, 0.9441220164299011, 0.08215415477752686, -0.160125732421875], [0.0, 0.0, 0.0, 1.0]], [[0.008202637545764446, 0.9971365332603455, 0.0751766636967659, -0.0290069580078125], [-0.00884921196848154, 0.07524862885475159, -0.997125506401062, 1.5672898292541504], [-0.9999271631240845, 0.007513809949159622, 0.009441114030778408, -0.0350341796875], [0.0, 0.0, 0.0, 1.0]], [[-0.924226701259613, 0.38108184933662415, 0.02411521226167679, 1.02685546875], [-0.004444849211722612, 0.052413348108530045, -0.9986156225204468, 1.547095537185669], [-0.38181817531585693, -0.9230543971061707, -0.04674796760082245, -0.09747314453125], [0.0, 0.0, 0.0, 1.0]]], "view": [[0.0, -2.0, 100.0], [-2.0, 0.0, 100.0], [0.0, 0.0, 1.0]], "bev": "bev_b5978cbf5d56460bbab064b9c267a024.png", "aux": "aux_b5978cbf5d56460bbab064b9c267a024.npz", "visibility": "visibility_b5978cbf5d56460bbab064b9c267a024.png", "pose": [[-0.4650147557258606, 0.8853029012680054, 0.0, 696.4816284179688], [-0.8853029012680054, -0.4650147557258606, 0.0, 1677.524169921875], [0.0, 0.0, 1.0, 0.0], [0.0, 0.0, 0.0, 1.0]], "pose_inverse": [[-0.4650147557258606, -0.8853029012680054, 0.0, 1808.9913330078125], [0.8853029012680054, -0.4650147557258606, 0.0, 163.47625732421875], [0.0, 0.0, 1.0, 0.0], [0.0, 0.0, 0.0, 1.0]], "cam_ids": [0, 1, 2, 3, 4, 5], "cam_channels": ["CAM_FRONT_LEFT", "CAM_FRONT", "CAM_FRONT_RIGHT", "CAM_BACK_LEFT", "CAM_BACK", "CAM_BACK_RIGHT"], "token": "b5978cbf5d56460bbab064b9c267a024", "scene": "scene-0897"}, {"images": ["samples/CAM_FRONT_LEFT/n008-2018-09-18-14-54-39-0400__CAM_FRONT_LEFT__1537297674604799.jpg", "samples/CAM_FRONT/n008-2018-09-18-14-54-39-0400__CAM_FRONT__1537297674612404.jpg", "samples/CAM_FRONT_RIGHT/n008-2018-09-18-14-54-39-0400__CAM_FRONT_RIGHT__1537297674620482.jpg", "samples/CAM_BACK_LEFT/n008-2018-09-18-14-54-39-0400__CAM_BACK_LEFT__1537297674647405.jpg", "samples/CAM_BACK/n008-2018-09-18-14-54-39-0400__CAM_BACK__1537297674637558.jpg", "samples/CAM_BACK_RIGHT/n008-2018-09-18-14-54-39-0400__CAM_BACK_RIGHT__1537297674628113.jpg"], "intrinsics": [[[1257.8625342125129, 0.0, 827.2410631095686], [0.0, 1257.8625342125129, 450.915498205774], [0.0, 0.0, 1.0]], [[1252.8131021185304, 0.0, 826.588114781398], [0.0, 1252.8131021185304, 469.9846626224581], [0.0, 0.0, 1.0]], [[1256.7485116440405, 0.0, 817.7887570959712], [0.0, 1256.7485116440403, 451.9541780095127], [0.0, 0.0, 1.0]], [[1254.9860565800168, 0.0, 829.5769333630991], [0.0, 1254.9860565800168, 467.1680561863987], [0.0, 0.0, 1.0]], [[796.8910634503094, 0.0, 857.7774326863696], [0.0, 796.8910634503094, 476.8848988407415], [0.0, 0.0, 1.0]], [[1249.9629280788233, 0.0, 825.3768045375984], [0.0, 1249.9629280788233, 462.54816385708756], [0.0, 0.0, 1.0]]], "extrinsics": [[[0.8236260414123535, -0.5661018490791321, -0.03419141471385956, -0.7581787109375], [0.009401238523423672, 0.07390807569026947, -0.9972207546234131, 1.490865707397461], [0.5670554041862488, 0.821015477180481, 0.06619466841220856, -1.1669921875], [0.0, 0.0, 0.0, 1.0]], [[0.012023664079606533, -0.9975087642669678, -0.06951076537370682, 0.010986328125], [0.011603633873164654, 0.06965029984712601, -0.9975039958953857, 1.48284912109375], [0.999860405921936, 0.011187095195055008, 0.012412178330123425, -1.4869384765625], [0.0, 0.0, 0.0, 1.0]], [[-0.8430876135826111, -0.5354997515678406, -0.04943001642823219, 0.92724609375], [0.01987883262336254, 0.06082005426287651, -0.9979507327079773, 1.4968223571777344], [0.5374086499214172, -0.8423426747322083, -0.040631528943777084, -1.1707763671875], [0.0, 0.0, 0.0, 1.0]], [[0.9475982189178467, 0.3189055025577545, 0.01889299601316452, -1.1297607421875], [-0.005630238447338343, 0.07580158114433289, -0.9971070289611816, 1.5619518756866455], [-0.31941500306129456, 0.9447504281997681, 0.07362495362758636, -0.161041259765625], [0.0, 0.0, 0.0, 1.0]], [[0.008051924407482147, 0.9976314902305603, 0.06831289082765579, -0.029144287109375], [-0.003457878017798066, 0.06834247708320618, -0.9976559281349182, 1.5677189826965332], [-0.9999616146087646, 0.007796865422278643, 0.0039999764412641525, -0.03662109375], [0.0, 0.0, 0.0, 1.0]], [[-0.9242453575134277, 0.3814353048801422, 0.016657313331961632, 1.026611328125], [0.0008461630786769092, 0.045674800872802734, -0.998956024646759, 1.5478525161743164], [-0.3817979097366333, -0.9232664704322815, -0.04253748431801796, -0.09722900390625], [0.0, 0.0, 0.0, 1.0]]], "view": [[0.0, -2.0, 100.0], [-2.0, 0.0, 100.0], [0.0, 0.0, 1.0]], "bev": "bev_9c1d5793b04a4ea8a80da0a00d586631.png", "aux": "aux_9c1d5793b04a4ea8a80da0a00d586631.npz", "visibility": "visibility_9c1d5793b04a4ea8a80da0a00d586631.png", "pose": [[-0.47394558787345886, 0.8805541396141052, 0.0, 694.860107421875], [-0.8805541396141052, -0.47394558787345886, 0.0, 1674.5540771484375], [0.0, 0.0, 1.0, 0.0], [0.0, 0.0, 0.0, 1.0]], "pose_inverse": [[-0.47394558787345886, -0.8805541396141052, 0.0, 1803.8614501953125], [0.8805541396141052, -0.47394558787345886, 0.0, 181.78555297851562], [0.0, 0.0, 1.0, 0.0], [0.0, 0.0, 0.0, 1.0]], "cam_ids": [0, 1, 2, 3, 4, 5], "cam_channels": ["CAM_FRONT_LEFT", "CAM_FRONT", "CAM_FRONT_RIGHT", "CAM_BACK_LEFT", "CAM_BACK", "CAM_BACK_RIGHT"], "token": "9c1d5793b04a4ea8a80da0a00d586631", "scene": "scene-0897"}, {"images": ["samples/CAM_FRONT_LEFT/n008-2018-09-18-14-54-39-0400__CAM_FRONT_LEFT__1537297675104799.jpg", "samples/CAM_FRONT/n008-2018-09-18-14-54-39-0400__CAM_FRONT__1537297675112404.jpg", "samples/CAM_FRONT_RIGHT/n008-2018-09-18-14-54-39-0400__CAM_FRONT_RIGHT__1537297675120482.jpg", "samples/CAM_BACK_LEFT/n008-2018-09-18-14-54-39-0400__CAM_BACK_LEFT__1537297675147405.jpg", "samples/CAM_BACK/n008-2018-09-18-14-54-39-0400__CAM_BACK__1537297675137558.jpg", "samples/CAM_BACK_RIGHT/n008-2018-09-18-14-54-39-0400__CAM_BACK_RIGHT__1537297675128113.jpg"], "intrinsics": [[[1257.8625342125129, 0.0, 827.2410631095686], [0.0, 1257.8625342125129, 450.915498205774], [0.0, 0.0, 1.0]], [[1252.8131021185304, 0.0, 826.588114781398], [0.0, 1252.8131021185304, 469.9846626224581], [0.0, 0.0, 1.0]], [[1256.7485116440405, 0.0, 817.7887570959712], [0.0, 1256.7485116440403, 451.9541780095127], [0.0, 0.0, 1.0]], [[1254.9860565800168, 0.0, 829.5769333630991], [0.0, 1254.9860565800168, 467.1680561863987], [0.0, 0.0, 1.0]], [[796.8910634503094, 0.0, 857.7774326863696], [0.0, 796.8910634503094, 476.8848988407415], [0.0, 0.0, 1.0]], [[1249.9629280788233, 0.0, 825.3768045375984], [0.0, 1249.9629280788233, 462.54816385708756], [0.0, 0.0, 1.0]]], "extrinsics": [[[0.8234010934829712, -0.5668647289276123, -0.025983668863773346, -0.7578125], [0.011800999753177166, 0.06288517266511917, -0.9979510307312012, 1.4915962219238281], [0.5673372745513916, 0.8214072585105896, 0.05846928060054779, -1.1671142578125], [0.0, 0.0, 0.0, 1.0]], [[0.011637513525784016, -0.9982234835624695, -0.05843319743871689, 0.010955810546875], [0.014091279357671738, 0.058595072478055954, -0.9981823563575745, 1.4834976196289062], [0.9998329877853394, 0.010792888700962067, 0.014748145826160908, -1.4869384765625], [0.0, 0.0, 0.0, 1.0]], [[-0.843268096446991, -0.5355513691902161, -0.04564749449491501, 0.927490234375], [0.022473709657788277, 0.049720969051122665, -0.9985102415084839, 1.4973411560058594], [0.5370231866836548, -0.8430377840995789, -0.02989228442311287, -1.1712646484375], [0.0, 0.0, 0.0, 1.0]], [[0.9476417899131775, 0.3187899589538574, 0.01865801215171814, -1.1273193359375], [-0.0020389296114444733, 0.06446670740842819, -0.9979177713394165, 1.5619935989379883], [-0.31932899355888367, 0.9456304907798767, 0.06174132600426674, -0.161865234375], [0.0, 0.0, 0.0, 1.0]], [[0.008275575004518032, 0.9983368515968323, 0.05705362185835838, -0.02899169921875], [-0.00019056315068155527, 0.05705714970827103, -0.9983708262443542, 1.5679931640625], [-0.9999657869338989, 0.008251187391579151, 0.0006624279194511473, -0.0379638671875], [0.0, 0.0, 0.0, 1.0]], [[-0.924090564250946, 0.38204947113990784, 0.009734566323459148, 1.0264892578125], [0.003734554862603545, 0.03449755534529686, -0.9993978142738342, 1.5482988357543945], [-0.3821551501750946, -0.9234977960586548, -0.03330565243959427, -0.0975341796875], [0.0, 0.0, 0.0, 1.0]]], "view": [[0.0, -2.0, 100.0], [-2.0, 0.0, 100.0], [0.0, 0.0, 1.0]], "bev": "bev_36c9247ae28741b184d3df06ee4913b5.png", "aux": "aux_36c9247ae28741b184d3df06ee4913b5.npz", "visibility": "visibility_36c9247ae28741b184d3df06ee4913b5.png", "pose": [[-0.4831114113330841, 0.8755589127540588, 0.0, 693.2481079101562], [-0.8755589127540588, -0.4831114113330841, 0.0, 1671.6849365234375], [0.0, 0.0, 1.0, 0.0], [0.0, 0.0, 0.0, 1.0]], "pose_inverse": [[-0.4831114113330841, -0.8755589127540588, 0.0, 1798.57470703125], [0.8755589127540588, -0.4831114113330841, 0.0, 200.63052368164062], [0.0, 0.0, 1.0, 0.0], [0.0, 0.0, 0.0, 1.0]], "cam_ids": [0, 1, 2, 3, 4, 5], "cam_channels": ["CAM_FRONT_LEFT", "CAM_FRONT", "CAM_FRONT_RIGHT", "CAM_BACK_LEFT", "CAM_BACK", "CAM_BACK_RIGHT"], "token": "36c9247ae28741b184d3df06ee4913b5", "scene": "scene-0897"}, {"images": ["samples/CAM_FRONT_LEFT/n008-2018-09-18-14-54-39-0400__CAM_FRONT_LEFT__1537297675604799.jpg", "samples/CAM_FRONT/n008-2018-09-18-14-54-39-0400__CAM_FRONT__1537297675612404.jpg", "samples/CAM_FRONT_RIGHT/n008-2018-09-18-14-54-39-0400__CAM_FRONT_RIGHT__1537297675620482.jpg", "samples/CAM_BACK_LEFT/n008-2018-09-18-14-54-39-0400__CAM_BACK_LEFT__1537297675647405.jpg", "samples/CAM_BACK/n008-2018-09-18-14-54-39-0400__CAM_BACK__1537297675637558.jpg", "samples/CAM_BACK_RIGHT/n008-2018-09-18-14-54-39-0400__CAM_BACK_RIGHT__1537297675628113.jpg"], "intrinsics": [[[1257.8625342125129, 0.0, 827.2410631095686], [0.0, 1257.8625342125129, 450.915498205774], [0.0, 0.0, 1.0]], [[1252.8131021185304, 0.0, 826.588114781398], [0.0, 1252.8131021185304, 469.9846626224581], [0.0, 0.0, 1.0]], [[1256.7485116440405, 0.0, 817.7887570959712], [0.0, 1256.7485116440403, 451.9541780095127], [0.0, 0.0, 1.0]], [[1254.9860565800168, 0.0, 829.5769333630991], [0.0, 1254.9860565800168, 467.1680561863987], [0.0, 0.0, 1.0]], [[796.8910634503094, 0.0, 857.7774326863696], [0.0, 796.8910634503094, 476.8848988407415], [0.0, 0.0, 1.0]], [[1249.9629280788233, 0.0, 825.3768045375984], [0.0, 1249.9629280788233, 462.54816385708756], [0.0, 0.0, 1.0]]], "extrinsics": [[[0.8231253623962402, -0.5676001310348511, -0.017170321196317673, -0.764892578125], [0.019888252019882202, 0.05903363227844238, -0.9980578422546387, 1.4939002990722656], [0.5675114393234253, 0.8211852312088013, 0.05988064780831337, -1.1710205078125], [0.0, 0.0, 0.0, 1.0]], [[0.011430925689637661, -0.9984327554702759, -0.05478430539369583, 0.010345458984375], [0.02193758822977543, 0.05502510815858841, -0.9982439279556274, 1.4853286743164062], [0.9996940493583679, 0.01020907238125801, 0.02253219299018383, -1.4937744140625], [0.0, 0.0, 0.0, 1.0]], [[-0.8431735038757324, -0.5352845191955566, -0.05028894543647766, 0.931640625], [0.030064018443226814, 0.046447690576314926, -0.9984681606292725, 1.4986953735351562], [0.5368003845214844, -0.843393862247467, -0.02307065948843956, -1.1744384765625], [0.0, 0.0, 0.0, 1.0]], [[0.9475637078285217, 0.3186071515083313, 0.024750305339694023, -1.1295166015625], [0.0052436478435993195, 0.06193758547306061, -0.998066246509552, 1.5621261596679688], [-0.31952401995658875, 0.9458611011505127, 0.05701914057135582, -0.160980224609375], [0.0, 0.0, 0.0, 1.0]], [[0.008189961314201355, 0.9984908699989319, 0.05430453270673752, -0.0289154052734375], [0.006994054652750492, 0.05424782633781433, -0.9985029697418213, 1.5685863494873047], [-0.9999420642852783, 0.00855748075991869, -0.006539213936775923, -0.035400390625], [0.0, 0.0, 0.0, 1.0]], [[-0.9239729046821594, 0.3824540972709656, 0.0017252955585718155, 1.030517578125], [0.01114331092685461, 0.03142979368567467, -0.9994438290596008, 1.5493354797363281], [-0.38229551911354065, -0.9234398007392883, -0.033302079886198044, -0.09625244140625], [0.0, 0.0, 0.0, 1.0]]], "view": [[0.0, -2.0, 100.0], [-2.0, 0.0, 100.0], [0.0, 0.0, 1.0]], "bev": "bev_97a3e4fb86e344b2afde201c3178e6f2.png", "aux": "aux_97a3e4fb86e344b2afde201c3178e6f2.npz", "visibility": "visibility_97a3e4fb86e344b2afde201c3178e6f2.png", "pose": [[-0.4918338656425476, 0.8706890940666199, 0.0, 691.6166381835938], [-0.8706890940666199, -0.4918338656425476, 0.0, 1668.839111328125], [0.0, 0.0, 1.0, 0.0], [0.0, 0.0, 0.0, 1.0]], "pose_inverse": [[-0.4918338656425476, -0.8706890940666199, 0.0, 1793.200439453125], [0.8706890940666199, -0.4918338656425476, 0.0, 218.6085205078125], [0.0, 0.0, 1.0, 0.0], [0.0, 0.0, 0.0, 1.0]], "cam_ids": [0, 1, 2, 3, 4, 5], "cam_channels": ["CAM_FRONT_LEFT", "CAM_FRONT", "CAM_FRONT_RIGHT", "CAM_BACK_LEFT", "CAM_BACK", "CAM_BACK_RIGHT"], "token": "97a3e4fb86e344b2afde201c3178e6f2", "scene": "scene-0897"}, {"images": ["samples/CAM_FRONT_LEFT/n008-2018-09-18-14-54-39-0400__CAM_FRONT_LEFT__1537297676104799.jpg", "samples/CAM_FRONT/n008-2018-09-18-14-54-39-0400__CAM_FRONT__1537297676112404.jpg", "samples/CAM_FRONT_RIGHT/n008-2018-09-18-14-54-39-0400__CAM_FRONT_RIGHT__1537297676120482.jpg", "samples/CAM_BACK_LEFT/n008-2018-09-18-14-54-39-0400__CAM_BACK_LEFT__1537297676147405.jpg", "samples/CAM_BACK/n008-2018-09-18-14-54-39-0400__CAM_BACK__1537297676137558.jpg", "samples/CAM_BACK_RIGHT/n008-2018-09-18-14-54-39-0400__CAM_BACK_RIGHT__1537297676128113.jpg"], "intrinsics": [[[1257.8625342125129, 0.0, 827.2410631095686], [0.0, 1257.8625342125129, 450.915498205774], [0.0, 0.0, 1.0]], [[1252.8131021185304, 0.0, 826.588114781398], [0.0, 1252.8131021185304, 469.9846626224581], [0.0, 0.0, 1.0]], [[1256.7485116440405, 0.0, 817.7887570959712], [0.0, 1256.7485116440403, 451.9541780095127], [0.0, 0.0, 1.0]], [[1254.9860565800168, 0.0, 829.5769333630991], [0.0, 1254.9860565800168, 467.1680561863987], [0.0, 0.0, 1.0]], [[796.8910634503094, 0.0, 857.7774326863696], [0.0, 796.8910634503094, 476.8848988407415], [0.0, 0.0, 1.0]], [[1249.9629280788233, 0.0, 825.3768045375984], [0.0, 1249.9629280788233, 462.54816385708756], [0.0, 0.0, 1.0]]], "extrinsics": [[[0.8234758973121643, -0.5671418905258179, -0.01541308406740427, -0.7642822265625], [0.019445842131972313, 0.05536482110619545, -0.9982768297195435, 1.4937019348144531], [0.5670179724693298, 0.8217571973800659, 0.056620147079229355, -1.1727294921875], [0.0, 0.0, 0.0, 1.0]], [[0.011914907023310661, -0.9986251592636108, -0.05104662477970123, 0.01153564453125], [0.021681031212210655, 0.051296260207891464, -0.9984481334686279, 1.4852256774902344], [0.9996939301490784, 0.010789694264531136, 0.022262414917349815, -1.4937744140625], [0.0, 0.0, 0.0, 1.0]], [[-0.8429849743843079, -0.5357723832130432, -0.04821094498038292, 0.93212890625], [0.02999807335436344, 0.04266253486275673, -0.9986390471458435, 1.4986534118652344], [0.5371000170707703, -0.843284010887146, -0.019891738891601562, -1.17364501953125], [0.0, 0.0, 0.0, 1.0]], [[0.9475690126419067, 0.31867754459381104, 0.02361084707081318, -1.1292724609375], [0.005296492949128151, 0.05821457877755165, -0.9982900619506836, 1.5621070861816406], [-0.3195071518421173, 0.9460737705230713, 0.05347445607185364, -0.161285400390625], [0.0, 0.0, 0.0, 1.0]], [[0.00809042900800705, 0.9986855387687683, 0.05061345919966698, -0.0292510986328125], [0.007230293937027454, 0.05055536702275276, -0.9986950755119324, 1.5685787200927734], [-0.9999411106109619, 0.008445790968835354, -0.006811775267124176, -0.0350341796875], [0.0, 0.0, 0.0, 1.0]], [[-0.9240636229515076, 0.382238507270813, 0.00027463692822493613, 1.0303955078125], [0.01117611862719059, 0.027736496180295944, -0.9995527863502502, 1.549325942993164], [-0.3820752203464508, -0.9236473441123962, -0.029902230948209763, -0.0955810546875], [0.0, 0.0, 0.0, 1.0]]], "view": [[0.0, -2.0, 100.0], [-2.0, 0.0, 100.0], [0.0, 0.0, 1.0]], "bev": "bev_a14d5ff1459b4fe79ed9b7ab636432fc.png", "aux": "aux_a14d5ff1459b4fe79ed9b7ab636432fc.npz", "visibility": "visibility_a14d5ff1459b4fe79ed9b7ab636432fc.png", "pose": [[-0.499221533536911, 0.8664743900299072, 0.0, 689.9718017578125], [-0.8664743900299072, -0.499221533536911, 0.0, 1666.0462646484375], [0.0, 0.0, 1.0, 0.0], [0.0, 0.0, 0.0, 1.0]], "pose_inverse": [[-0.499221533536911, -0.8664743900299072, 0.0, 1788.03515625], [0.8664743900299072, -0.499221533536911, 0.0, 233.88328552246094], [0.0, 0.0, 1.0, 0.0], [0.0, 0.0, 0.0, 1.0]], "cam_ids": [0, 1, 2, 3, 4, 5], "cam_channels": ["CAM_FRONT_LEFT", "CAM_FRONT", "CAM_FRONT_RIGHT", "CAM_BACK_LEFT", "CAM_BACK", "CAM_BACK_RIGHT"], "token": "a14d5ff1459b4fe79ed9b7ab636432fc", "scene": "scene-0897"}, {"images": ["samples/CAM_FRONT_LEFT/n008-2018-09-18-14-54-39-0400__CAM_FRONT_LEFT__1537297676604799.jpg", "samples/CAM_FRONT/n008-2018-09-18-14-54-39-0400__CAM_FRONT__1537297676612404.jpg", "samples/CAM_FRONT_RIGHT/n008-2018-09-18-14-54-39-0400__CAM_FRONT_RIGHT__1537297676620482.jpg", "samples/CAM_BACK_LEFT/n008-2018-09-18-14-54-39-0400__CAM_BACK_LEFT__1537297676647416.jpg", "samples/CAM_BACK/n008-2018-09-18-14-54-39-0400__CAM_BACK__1537297676637558.jpg", "samples/CAM_BACK_RIGHT/n008-2018-09-18-14-54-39-0400__CAM_BACK_RIGHT__1537297676628113.jpg"], "intrinsics": [[[1257.8625342125129, 0.0, 827.2410631095686], [0.0, 1257.8625342125129, 450.915498205774], [0.0, 0.0, 1.0]], [[1252.8131021185304, 0.0, 826.588114781398], [0.0, 1252.8131021185304, 469.9846626224581], [0.0, 0.0, 1.0]], [[1256.7485116440405, 0.0, 817.7887570959712], [0.0, 1256.7485116440403, 451.9541780095127], [0.0, 0.0, 1.0]], [[1254.9860565800168, 0.0, 829.5769333630991], [0.0, 1254.9860565800168, 467.1680561863987], [0.0, 0.0, 1.0]], [[796.8910634503094, 0.0, 857.7774326863696], [0.0, 796.8910634503094, 476.8848988407415], [0.0, 0.0, 1.0]], [[1249.9629280788233, 0.0, 825.3768045375984], [0.0, 1249.9629280788233, 462.54816385708756], [0.0, 0.0, 1.0]]], "extrinsics": [[[0.8231431245803833, -0.5674132108688354, -0.021855056285858154, -0.76123046875], [0.011874423362314701, 0.055680688470602036, -0.9983779788017273, 1.4915351867675781], [0.5677098035812378, 0.8215485215187073, 0.052570879459381104, -1.1705322265625], [0.0, 0.0, 0.0, 1.0]], [[0.011253257282078266, -0.9985959529876709, -0.05176404491066933, 0.011962890625], [0.0134976115077734, 0.05191430076956749, -0.99856036901474, 1.4832649230957031], [0.9998455047607422, 0.01053840946406126, 0.014062865637242794, -1.490478515625], [0.0, 0.0, 0.0, 1.0]], [[-0.843454122543335, -0.5356142520904541, -0.04125942662358284, 0.929931640625], [0.021175190806388855, 0.04359598085284233, -0.9988248348236084, 1.4970130920410156], [0.5367836356163025, -0.8433365821838379, -0.02542947791516781, -1.1715087890625], [0.0, 0.0, 0.0, 1.0]], [[0.9477083683013916, 0.31880122423171997, 0.014649446122348309, -1.126708984375], [-0.00484614260494709, 0.060273829847574234, -0.9981700778007507, 1.5619301795959473], [-0.3191007971763611, 0.9459031820297241, 0.05866697430610657, -0.16229248046875], [0.0, 0.0, 0.0, 1.0]], [[0.008530816994607449, 0.9986035227775574, 0.05213742330670357, -0.029541015625], [-0.0025174084585160017, 0.0521606020629406, -0.9986355304718018, 1.5677833557128906], [-0.9999604821205139, 0.008387845940887928, 0.0029588653706014156, -0.0377197265625], [0.0, 0.0, 0.0, 1.0]], [[-0.9240001440048218, 0.38227880001068115, 0.009303243830800056, 1.027587890625], [0.0018909339560195804, 0.028896622359752655, -0.9995806217193604, 1.5480127334594727], [-0.38238728046417236, -0.9235950708389282, -0.027423348277807236, -0.09619140625], [0.0, 0.0, 0.0, 1.0]]], "view": [[0.0, -2.0, 100.0], [-2.0, 0.0, 100.0], [0.0, 0.0, 1.0]], "bev": "bev_73152c8ae8af44849599ce16a9315641.png", "aux": "aux_73152c8ae8af44849599ce16a9315641.npz", "visibility": "visibility_73152c8ae8af44849599ce16a9315641.png", "pose": [[-0.5038395524024963, 0.8637972474098206, 0.0, 688.3049926757812], [-0.8637972474098206, -0.5038395524024963, 0.0, 1663.25244140625], [0.0, 0.0, 1.0, 0.0], [0.0, 0.0, 0.0, 1.0]], "pose_inverse": [[-0.5038395524024963, -0.8637972474098206, 0.0, 1783.5081787109375], [0.8637972474098206, -0.5038395524024963, 0.0, 243.45640563964844], [0.0, 0.0, 1.0, 0.0], [0.0, 0.0, 0.0, 1.0]], "cam_ids": [0, 1, 2, 3, 4, 5], "cam_channels": ["CAM_FRONT_LEFT", "CAM_FRONT", "CAM_FRONT_RIGHT", "CAM_BACK_LEFT", "CAM_BACK", "CAM_BACK_RIGHT"], "token": "73152c8ae8af44849599ce16a9315641", "scene": "scene-0897"}, {"images": ["samples/CAM_FRONT_LEFT/n008-2018-09-18-14-54-39-0400__CAM_FRONT_LEFT__1537297677104799.jpg", "samples/CAM_FRONT/n008-2018-09-18-14-54-39-0400__CAM_FRONT__1537297677112404.jpg", "samples/CAM_FRONT_RIGHT/n008-2018-09-18-14-54-39-0400__CAM_FRONT_RIGHT__1537297677120482.jpg", "samples/CAM_BACK_LEFT/n008-2018-09-18-14-54-39-0400__CAM_BACK_LEFT__1537297677147405.jpg", "samples/CAM_BACK/n008-2018-09-18-14-54-39-0400__CAM_BACK__1537297677137558.jpg", "samples/CAM_BACK_RIGHT/n008-2018-09-18-14-54-39-0400__CAM_BACK_RIGHT__1537297677128113.jpg"], "intrinsics": [[[1257.8625342125129, 0.0, 827.2410631095686], [0.0, 1257.8625342125129, 450.915498205774], [0.0, 0.0, 1.0]], [[1252.8131021185304, 0.0, 826.588114781398], [0.0, 1252.8131021185304, 469.9846626224581], [0.0, 0.0, 1.0]], [[1256.7485116440405, 0.0, 817.7887570959712], [0.0, 1256.7485116440403, 451.9541780095127], [0.0, 0.0, 1.0]], [[1254.9860565800168, 0.0, 829.5769333630991], [0.0, 1254.9860565800168, 467.1680561863987], [0.0, 0.0, 1.0]], [[796.8910634503094, 0.0, 857.7774326863696], [0.0, 796.8910634503094, 476.8848988407415], [0.0, 0.0, 1.0]], [[1249.9629280788233, 0.0, 825.3768045375984], [0.0, 1249.9629280788233, 462.54816385708756], [0.0, 0.0, 1.0]]], "extrinsics": [[[0.8226026296615601, -0.5681317448616028, -0.023480091243982315, -0.7652587890625], [0.011484427377581596, 0.057884976267814636, -0.9982571601867676, 1.4914360046386719], [0.5685006976127625, 0.8208993077278137, 0.05414099991321564, -1.1715087890625], [0.0, 0.0, 0.0, 1.0]], [[0.010470421984791756, -0.9985070824623108, -0.053608909249305725, 0.0105438232421875], [0.01340634934604168, 0.053747206926345825, -0.9984645843505859, 1.4832572937011719], [0.9998552799224854, 0.009735675528645515, 0.013949094340205193, -1.4940185546875], [0.0, 0.0, 0.0, 1.0]], [[-0.8437728881835938, -0.5350391268730164, -0.04219471290707588, 0.9320068359375], [0.02138821966946125, 0.045034900307655334, -0.9987564086914062, 1.4970283508300781], [0.5362739562988281, -0.843626081943512, -0.02655569650232792, -1.17431640625], [0.0, 0.0, 0.0, 1.0]], [[0.947701632976532, 0.3187994956970215, 0.015111525543034077, -1.126708984375], [-0.004335357341915369, 0.060202717781066895, -0.9981767535209656, 1.5619416236877441], [-0.31912800669670105, 0.94590824842453, 0.058436330407857895, -0.16229248046875], [0.0, 0.0, 0.0, 1.0]], [[0.008773448877036572, 0.9985744953155518, 0.052649449557065964, -0.028900146484375], [-0.0020453990437090397, 0.052669283002614975, -0.9986099004745483, 1.5678482055664062], [-0.999959409236908, 0.008653640747070312, 0.002504579722881317, -0.0357666015625], [0.0, 0.0, 0.0, 1.0]], [[-0.9238288402557373, 0.38269057869911194, 0.009387495927512646, 1.0303955078125], [0.0022647795267403126, 0.029986416921019554, -0.9995477199554443, 1.548086166381836], [-0.3827989399433136, -0.923389732837677, -0.02856902964413166, -0.09600830078125], [0.0, 0.0, 0.0, 1.0]]], "view": [[0.0, -2.0, 100.0], [-2.0, 0.0, 100.0], [0.0, 0.0, 1.0]], "bev": "bev_eb73422e8b0742c2a05a2b96c2a89cf5.png", "aux": "aux_eb73422e8b0742c2a05a2b96c2a89cf5.npz", "visibility": "visibility_eb73422e8b0742c2a05a2b96c2a89cf5.png", "pose": [[-0.4979226589202881, 0.8672214150428772, 0.0, 686.6541137695312], [-0.8672214150428772, -0.4979226589202881, 0.0, 1660.47119140625], [0.0, 0.0, 1.0, 0.0], [0.0, 0.0, 0.0, 1.0]], "pose_inverse": [[-0.4979226589202881, -0.8672214150428772, 0.0, 1781.8968505859375], [0.8672214150428772, -0.4979226589202881, 0.0, 231.30506896972656], [0.0, 0.0, 1.0, 0.0], [0.0, 0.0, 0.0, 1.0]], "cam_ids": [0, 1, 2, 3, 4, 5], "cam_channels": ["CAM_FRONT_LEFT", "CAM_FRONT", "CAM_FRONT_RIGHT", "CAM_BACK_LEFT", "CAM_BACK", "CAM_BACK_RIGHT"], "token": "eb73422e8b0742c2a05a2b96c2a89cf5", "scene": "scene-0897"}, {"images": ["samples/CAM_FRONT_LEFT/n008-2018-09-18-14-54-39-0400__CAM_FRONT_LEFT__1537297677604799.jpg", "samples/CAM_FRONT/n008-2018-09-18-14-54-39-0400__CAM_FRONT__1537297677612404.jpg", "samples/CAM_FRONT_RIGHT/n008-2018-09-18-14-54-39-0400__CAM_FRONT_RIGHT__1537297677620482.jpg", "samples/CAM_BACK_LEFT/n008-2018-09-18-14-54-39-0400__CAM_BACK_LEFT__1537297677647405.jpg", "samples/CAM_BACK/n008-2018-09-18-14-54-39-0400__CAM_BACK__1537297677637558.jpg", "samples/CAM_BACK_RIGHT/n008-2018-09-18-14-54-39-0400__CAM_BACK_RIGHT__1537297677628113.jpg"], "intrinsics": [[[1257.8625342125129, 0.0, 827.2410631095686], [0.0, 1257.8625342125129, 450.915498205774], [0.0, 0.0, 1.0]], [[1252.8131021185304, 0.0, 826.588114781398], [0.0, 1252.8131021185304, 469.9846626224581], [0.0, 0.0, 1.0]], [[1256.7485116440405, 0.0, 817.7887570959712], [0.0, 1256.7485116440403, 451.9541780095127], [0.0, 0.0, 1.0]], [[1254.9860565800168, 0.0, 829.5769333630991], [0.0, 1254.9860565800168, 467.1680561863987], [0.0, 0.0, 1.0]], [[796.8910634503094, 0.0, 857.7774326863696], [0.0, 796.8910634503094, 476.8848988407415], [0.0, 0.0, 1.0]], [[1249.9629280788233, 0.0, 825.3768045375984], [0.0, 1249.9629280788233, 462.54816385708756], [0.0, 0.0, 1.0]]], "extrinsics": [[[0.8223329186439514, -0.5684606432914734, -0.024924693629145622, -0.77099609375], [0.009185425005853176, 0.057060256600379944, -0.998328447341919, 1.49072265625], [0.5689326524734497, 0.8207294344902039, 0.05214407294988632, -1.1749267578125], [0.0, 0.0, 0.0, 1.0]], [[0.010051671415567398, -0.9985561966896057, -0.0527694895863533, 0.0101165771484375], [0.011082732118666172, 0.05288016423583031, -0.998539388179779, 1.4826335906982422], [0.9998880624771118, 0.009452184662222862, 0.011598262935876846, -1.5003662109375], [0.0, 0.0, 0.0, 1.0]], [[-0.8439809083938599, -0.5349006056785583, -0.039718855172395706, 0.937255859375], [0.019045377150177956, 0.04411854222416878, -0.9988446831703186, 1.4964714050292969], [0.5360350012779236, -0.8437623977661133, -0.02704782411456108, -1.1778564453125], [0.0, 0.0, 0.0, 1.0]], [[0.947763204574585, 0.3187210261821747, 0.01271896529942751, -1.12841796875], [-0.006439660210162401, 0.05898521840572357, -0.9982380867004395, 1.5619252920150757], [-0.31890973448753357, 0.9460113644599915, 0.057956475764513016, -0.16156005859375], [0.0, 0.0, 0.0, 1.0]], [[0.008980353362858295, 0.9986305832862854, 0.05153968930244446, -0.029083251953125], [-0.00430230051279068, 0.051579877734184265, -0.998659610748291, 1.5676889419555664], [-0.9999504089355469, 0.008746550418436527, 0.004759610630571842, -0.032958984375], [0.0, 0.0, 0.0, 1.0]], [[-0.9237463474273682, 0.38284316658973694, 0.011129439808428288, 1.03466796875], [-2.764485907391645e-05, 0.028991572558879852, -0.9995796084403992, 1.5477657318115234], [-0.3830048143863678, -0.9233583807945251, -0.026770273223519325, -0.09442138671875], [0.0, 0.0, 0.0, 1.0]]], "view": [[0.0, -2.0, 100.0], [-2.0, 0.0, 100.0], [0.0, 0.0, 1.0]], "bev": "bev_c8e13f2959274e9fab207924d848fff4.png", "aux": "aux_c8e13f2959274e9fab207924d848fff4.npz", "visibility": "visibility_c8e13f2959274e9fab207924d848fff4.png", "pose": [[-0.4918065071105957, 0.8707045316696167, 0.0, 685.0800170898438], [-0.8707045316696167, -0.4918065071105957, 0.0, 1657.7647705078125], [0.0, 0.0, 1.0, 0.0], [0.0, 0.0, 0.0, 1.0]], "pose_inverse": [[-0.4918065071105957, -0.8707045316696167, 0.0, 1780.35009765625], [0.8707045316696167, -0.4918065071105957, 0.0, 218.79721069335938], [0.0, 0.0, 1.0, 0.0], [0.0, 0.0, 0.0, 1.0]], "cam_ids": [0, 1, 2, 3, 4, 5], "cam_channels": ["CAM_FRONT_LEFT", "CAM_FRONT", "CAM_FRONT_RIGHT", "CAM_BACK_LEFT", "CAM_BACK", "CAM_BACK_RIGHT"], "token": "c8e13f2959274e9fab207924d848fff4", "scene": "scene-0897"}, {"images": ["samples/CAM_FRONT_LEFT/n008-2018-09-18-14-54-39-0400__CAM_FRONT_LEFT__1537297678104799.jpg", "samples/CAM_FRONT/n008-2018-09-18-14-54-39-0400__CAM_FRONT__1537297678112404.jpg", "samples/CAM_FRONT_RIGHT/n008-2018-09-18-14-54-39-0400__CAM_FRONT_RIGHT__1537297678120482.jpg", "samples/CAM_BACK_LEFT/n008-2018-09-18-14-54-39-0400__CAM_BACK_LEFT__1537297678147405.jpg", "samples/CAM_BACK/n008-2018-09-18-14-54-39-0400__CAM_BACK__1537297678137558.jpg", "samples/CAM_BACK_RIGHT/n008-2018-09-18-14-54-39-0400__CAM_BACK_RIGHT__1537297678128113.jpg"], "intrinsics": [[[1257.8625342125129, 0.0, 827.2410631095686], [0.0, 1257.8625342125129, 450.915498205774], [0.0, 0.0, 1.0]], [[1252.8131021185304, 0.0, 826.588114781398], [0.0, 1252.8131021185304, 469.9846626224581], [0.0, 0.0, 1.0]], [[1256.7485116440405, 0.0, 817.7887570959712], [0.0, 1256.7485116440403, 451.9541780095127], [0.0, 0.0, 1.0]], [[1254.9860565800168, 0.0, 829.5769333630991], [0.0, 1254.9860565800168, 467.1680561863987], [0.0, 0.0, 1.0]], [[796.8910634503094, 0.0, 857.7774326863696], [0.0, 796.8910634503094, 476.8848988407415], [0.0, 0.0, 1.0]], [[1249.9629280788233, 0.0, 825.3768045375984], [0.0, 1249.9629280788233, 462.54816385708756], [0.0, 0.0, 1.0]]], "extrinsics": [[[0.822794497013092, -0.5678759217262268, -0.022936666384339333, -0.78369140625], [0.009865930303931236, 0.05462273582816124, -0.9984583258628845, 1.4907093048095703], [0.5682533383369446, 0.8212997317314148, 0.05054590851068497, -1.1851806640625], [0.0, 0.0, 0.0, 1.0]], [[0.010706793516874313, -0.9986779689788818, -0.050275713205337524, 0.0109710693359375], [0.011769142933189869, 0.05040096864104271, -0.9986597299575806, 1.48260498046875], [0.9998733997344971, 0.010100764222443104, 0.012293215841054916, -1.513427734375], [0.0, 0.0, 0.0, 1.0]], [[-0.8437143564224243, -0.5353763699531555, -0.03896493837237358, 0.9454345703125], [0.01973824016749859, 0.041597235947847366, -0.9989394545555115, 1.4963951110839844], [0.5364294052124023, -0.8435887098312378, -0.02452879585325718, -1.18231201171875], [0.0, 0.0, 0.0, 1.0]], [[0.9477605819702148, 0.3187302350997925, 0.012682082131505013, -1.129638671875], [-0.005659511312842369, 0.0565539188683033, -0.9983834624290466, 1.56194007396698], [-0.31893226504325867, 0.9461567997932434, 0.05540343374013901, -0.161163330078125], [0.0, 0.0, 0.0, 1.0]], [[0.008787807077169418, 0.9987598061561584, 0.049007710069417953, -0.029205322265625], [-0.003562015248462558, 0.04904055595397949, -0.998790442943573, 1.5677490234375], [-0.9999550580978394, 0.008602646179497242, 0.003988559823483229, -0.0284423828125], [0.0, 0.0, 0.0, 1.0]], [[-0.923873782157898, 0.3825790584087372, 0.009513713419437408, 1.0411376953125], [0.0006531252292916179, 0.026435816660523415, -0.9996502995491028, 1.547846794128418], [-0.3826967775821686, -0.9235444068908691, -0.024673230946063995, -0.09124755859375], [0.0, 0.0, 0.0, 1.0]]], "view": [[0.0, -2.0, 100.0], [-2.0, 0.0, 100.0], [0.0, 0.0, 1.0]], "bev": "bev_bee2cfbf9ea04032a136df032ce835db.png", "aux": "aux_bee2cfbf9ea04032a136df032ce835db.npz", "visibility": "visibility_bee2cfbf9ea04032a136df032ce835db.png", "pose": [[-0.4875836968421936, 0.8730762600898743, 0.0, 683.5712280273438], [-0.8730762600898743, -0.4875836968421936, 0.0, 1655.1407470703125], [0.0, 0.0, 1.0, 0.0], [0.0, 0.0, 0.0, 1.0]], "pose_inverse": [[-0.4875836968421936, -0.8730762600898743, 0.0, 1778.3623046875], [0.8730762600898743, -0.4875836968421936, 0.0, 210.20985412597656], [0.0, 0.0, 1.0, 0.0], [0.0, 0.0, 0.0, 1.0]], "cam_ids": [0, 1, 2, 3, 4, 5], "cam_channels": ["CAM_FRONT_LEFT", "CAM_FRONT", "CAM_FRONT_RIGHT", "CAM_BACK_LEFT", "CAM_BACK", "CAM_BACK_RIGHT"], "token": "bee2cfbf9ea04032a136df032ce835db", "scene": "scene-0897"}, {"images": ["samples/CAM_FRONT_LEFT/n008-2018-09-18-14-54-39-0400__CAM_FRONT_LEFT__1537297678604799.jpg", "samples/CAM_FRONT/n008-2018-09-18-14-54-39-0400__CAM_FRONT__1537297678612404.jpg", "samples/CAM_FRONT_RIGHT/n008-2018-09-18-14-54-39-0400__CAM_FRONT_RIGHT__1537297678620482.jpg", "samples/CAM_BACK_LEFT/n008-2018-09-18-14-54-39-0400__CAM_BACK_LEFT__1537297678647405.jpg", "samples/CAM_BACK/n008-2018-09-18-14-54-39-0400__CAM_BACK__1537297678637558.jpg", "samples/CAM_BACK_RIGHT/n008-2018-09-18-14-54-39-0400__CAM_BACK_RIGHT__1537297678628541.jpg"], "intrinsics": [[[1257.8625342125129, 0.0, 827.2410631095686], [0.0, 1257.8625342125129, 450.915498205774], [0.0, 0.0, 1.0]], [[1252.8131021185304, 0.0, 826.588114781398], [0.0, 1252.8131021185304, 469.9846626224581], [0.0, 0.0, 1.0]], [[1256.7485116440405, 0.0, 817.7887570959712], [0.0, 1256.7485116440403, 451.9541780095127], [0.0, 0.0, 1.0]], [[1254.9860565800168, 0.0, 829.5769333630991], [0.0, 1254.9860565800168, 467.1680561863987], [0.0, 0.0, 1.0]], [[796.8910634503094, 0.0, 857.7774326863696], [0.0, 796.8910634503094, 476.8848988407415], [0.0, 0.0, 1.0]], [[1249.9629280788233, 0.0, 825.3768045375984], [0.0, 1249.9629280788233, 462.54816385708756], [0.0, 0.0, 1.0]]], "extrinsics": [[[0.8228927850723267, -0.5675773024559021, -0.026522403582930565, -0.79296875], [0.008754675276577473, 0.05933784320950508, -0.9981995224952698, 1.4903106689453125], [0.5681292414665222, 0.8211790919303894, 0.0537976436316967, -1.1915283203125], [0.0, 0.0, 0.0, 1.0]], [[0.010892714373767376, -0.9984200596809387, -0.055124349892139435, 0.01092529296875], [0.01061837188899517, 0.05524001270532608, -0.9984166026115417, 1.482229232788086], [0.999884307384491, 0.010290110483765602, 0.011203310452401638, -1.5235595703125], [0.0, 0.0, 0.0, 1.0]], [[-0.8436147570610046, -0.5354088544845581, -0.040638517588377, 0.953369140625], [0.01855522207915783, 0.04656994715332985, -0.9987426400184631, 1.4959907531738281], [0.5366281867027283, -0.84330815076828, -0.02935246378183365, -1.1871337890625], [0.0, 0.0, 0.0, 1.0]], [[0.9477248787879944, 0.3188331127166748, 0.012771988287568092, -1.1314697265625], [-0.007344178855419159, 0.06181127950549126, -0.9980608224868774, 1.5619341135025024], [-0.3190043270587921, 0.9457932114601135, 0.060921650379896164, -0.16046142578125], [0.0, 0.0, 0.0, 1.0]], [[0.008673557080328465, 0.9984924793243408, 0.05419987440109253, -0.0294036865234375], [-0.004949701484292746, 0.05424411967396736, -0.9985154271125793, 1.5676605701446533], [-0.9999501705169678, 0.008392378687858582, 0.005412726663053036, -0.02392578125], [0.0, 0.0, 0.0, 1.0]], [[-0.9239495396614075, 0.382305771112442, 0.012627553194761276, 1.050048828125], [-0.0006133793503977358, 0.03153114765882492, -0.9995025396347046, 1.547673225402832], [-0.38251373171806335, -0.92349773645401, -0.028898688033223152, -0.0872802734375], [0.0, 0.0, 0.0, 1.0]]], "view": [[0.0, -2.0, 100.0], [-2.0, 0.0, 100.0], [0.0, 0.0, 1.0]], "bev": "bev_95654c517e7d472c9db833ae1033e39c.png", "aux": "aux_95654c517e7d472c9db833ae1033e39c.npz", "visibility": "visibility_95654c517e7d472c9db833ae1033e39c.png", "pose": [[-0.4870271384716034, 0.8733868598937988, 0.0, 682.1524047851562], [-0.8733868598937988, -0.4870271384716034, 0.0, 1652.6658935546875], [0.0, 0.0, 1.0, 0.0], [0.0, 0.0, 0.0, 1.0]], "pose_inverse": [[-0.4870271384716034, -0.8733868598937988, 0.0, 1775.643310546875], [0.8733868598937988, -0.4870271384716034, 0.0, 209.11021423339844], [0.0, 0.0, 1.0, 0.0], [0.0, 0.0, 0.0, 1.0]], "cam_ids": [0, 1, 2, 3, 4, 5], "cam_channels": ["CAM_FRONT_LEFT", "CAM_FRONT", "CAM_FRONT_RIGHT", "CAM_BACK_LEFT", "CAM_BACK", "CAM_BACK_RIGHT"], "token": "95654c517e7d472c9db833ae1033e39c", "scene": "scene-0897"}, {"images": ["samples/CAM_FRONT_LEFT/n008-2018-09-18-14-54-39-0400__CAM_FRONT_LEFT__1537297679104799.jpg", "samples/CAM_FRONT/n008-2018-09-18-14-54-39-0400__CAM_FRONT__1537297679112404.jpg", "samples/CAM_FRONT_RIGHT/n008-2018-09-18-14-54-39-0400__CAM_FRONT_RIGHT__1537297679120482.jpg", "samples/CAM_BACK_LEFT/n008-2018-09-18-14-54-39-0400__CAM_BACK_LEFT__1537297679147405.jpg", "samples/CAM_BACK/n008-2018-09-18-14-54-39-0400__CAM_BACK__1537297679137558.jpg", "samples/CAM_BACK_RIGHT/n008-2018-09-18-14-54-39-0400__CAM_BACK_RIGHT__1537297679128113.jpg"], "intrinsics": [[[1257.8625342125129, 0.0, 827.2410631095686], [0.0, 1257.8625342125129, 450.915498205774], [0.0, 0.0, 1.0]], [[1252.8131021185304, 0.0, 826.588114781398], [0.0, 1252.8131021185304, 469.9846626224581], [0.0, 0.0, 1.0]], [[1256.7485116440405, 0.0, 817.7887570959712], [0.0, 1256.7485116440403, 451.9541780095127], [0.0, 0.0, 1.0]], [[1254.9860565800168, 0.0, 829.5769333630991], [0.0, 1254.9860565800168, 467.1680561863987], [0.0, 0.0, 1.0]], [[796.8910634503094, 0.0, 857.7774326863696], [0.0, 796.8910634503094, 476.8848988407415], [0.0, 0.0, 1.0]], [[1249.9629280788233, 0.0, 825.3768045375984], [0.0, 1249.9629280788233, 462.54816385708756], [0.0, 0.0, 1.0]]], "extrinsics": [[[0.8225117325782776, -0.5677139163017273, -0.03428341820836067, -0.8018798828125], [0.0009236984187737107, 0.06161205470561981, -0.9980997443199158, 1.488433837890625], [0.5687474012374878, 0.8209170699119568, 0.05120103806257248, -1.194580078125], [0.0, 0.0, 0.0, 1.0]], [[0.010236043483018875, -0.9982871413230896, -0.05760343745350838, 0.0086822509765625], [0.002845640992745757, 0.05763530358672142, -0.9983336925506592, 1.480672836303711], [0.9999435544013977, 0.010055090300738811, 0.00343072391115129, -1.5306396484375], [0.0, 0.0, 0.0, 1.0]], [[-0.8440070748329163, -0.5351585149765015, -0.03546108305454254, 0.956298828125], [0.0108335604891181, 0.04909319430589676, -0.9987354278564453, 1.4947566986083984], [0.5362226963043213, -0.8433240056037903, -0.035637326538562775, -1.19110107421875], [0.0, 0.0, 0.0, 1.0]], [[0.9477939605712891, 0.3188106417655945, 0.006810230202972889, -1.130615234375], [-0.014658482745289803, 0.06489233672618866, -0.9977846145629883, 1.5618457794189453], [-0.3185462951660156, 0.9455944299697876, 0.0661778450012207, -0.160400390625], [0.0, 0.0, 0.0, 1.0]], [[0.009098966605961323, 0.9983335733413696, 0.05698561295866966, -0.0286102294921875], [-0.012488296255469322, 0.057096973061561584, -0.9982905387878418, 1.5672149658203125], [-0.9998806715011597, 0.008371773175895214, 0.012987010180