[{"images": ["samples/CAM_FRONT_LEFT/n008-2018-08-28-13-40-50-0400__CAM_FRONT_LEFT__1535478897254799.jpg", "samples/CAM_FRONT/n008-2018-08-28-13-40-50-0400__CAM_FRONT__1535478897262404.jpg", "samples/CAM_FRONT_RIGHT/n008-2018-08-28-13-40-50-0400__CAM_FRONT_RIGHT__1535478897270482.jpg", "samples/CAM_BACK_LEFT/n008-2018-08-28-13-40-50-0400__CAM_BACK_LEFT__1535478897297405.jpg", "samples/CAM_BACK/n008-2018-08-28-13-40-50-0400__CAM_BACK__1535478897287558.jpg", "samples/CAM_BACK_RIGHT/n008-2018-08-28-13-40-50-0400__CAM_BACK_RIGHT__1535478897278113.jpg"], "intrinsics": [[[1257.8625342125129, 0.0, 827.2410631095686], [0.0, 1257.8625342125129, 450.915498205774], [0.0, 0.0, 1.0]], [[1252.8131021185304, 0.0, 826.588114781398], [0.0, 1252.8131021185304, 469.9846626224581], [0.0, 0.0, 1.0]], [[1256.7485116440405, 0.0, 817.7887570959712], [0.0, 1256.7485116440403, 451.9541780095127], [0.0, 0.0, 1.0]], [[1254.9860565800168, 0.0, 829.5769333630991], [0.0, 1254.9860565800168, 467.1680561863987], [0.0, 0.0, 1.0]], [[796.8910634503094, 0.0, 857.7774326863696], [0.0, 796.8910634503094, 476.8848988407415], [0.0, 0.0, 1.0]], [[1249.9629280788233, 0.0, 825.3768045375984], [0.0, 1249.9629280788233, 462.54816385708756], [0.0, 0.0, 1.0]]], "extrinsics": [[[0.8237290382385254, -0.5666677951812744, 0.01892676204442978, -0.821044921875], [0.0317094586789608, 0.012713422067463398, -0.9994162917137146, 1.4953298568725586], [0.5660963654518127, 0.8238483667373657, 0.028441138565540314, -1.208740234375], [0.0, 0.0, 0.0, 1.0]], [[0.012557326816022396, -0.9998847842216492, -0.00852402113378048, 0.00927734375], [0.03364792466163635, 0.008942410349845886, -0.9993937611579895, 1.4863505363464355], [0.9993547797203064, 0.012262898497283459, 0.03375634178519249, -1.550537109375], [0.0, 0.0, 0.0, 1.0]], [[-0.8424714803695679, -0.5375680327415466, -0.03553009778261185, 0.9703369140625], [0.04170351102948189, 0.0006792822387069464, -0.9991298317909241, 1.4990653991699219], [0.5371244549751282, -0.843220055103302, 0.02184619940817356, -1.199462890625], [0.0, 0.0, 0.0, 1.0]], [[0.9475951194763184, 0.31879162788391113, 0.020868010818958282, -1.136509895324707], [0.016202280297875404, 0.017280729487538338, -0.9997193813323975, 1.562164306640625], [-0.3190627992153168, 0.9476672410964966, 0.011209985241293907, -0.158935546875], [0.0, 0.0, 0.0, 1.0]], [[0.008309733122587204, 0.9999213218688965, 0.009401759132742882, -0.028564453125], [0.018393026664853096, 0.009247653186321259, -0.9997880458831787, 1.5691256523132324], [-0.9997963309288025, 0.008480899967253208, -0.01831473596394062, -0.01361083984375], [0.0, 0.0, 0.0, 1.0]], [[-0.9238256812095642, 0.3819085359573364, -0.026304593309760094, 1.06298828125], [0.022681087255477905, -0.01398733351379633, -0.9996448755264282, 1.5502128601074219], [-0.3821408450603485, -0.9240942597389221, 0.004259758163243532, -0.0831298828125], [0.0, 0.0, 0.0, 1.0]]], "view": [[0.0, -2.0, 100.0], [-2.0, 0.0, 100.0], [0.0, 0.0, 1.0]], "bev": "bev_043e2affa8214a1eb62b88c46780a6c5.png", "aux": "aux_043e2affa8214a1eb62b88c46780a6c5.npz", "visibility": "visibility_043e2affa8214a1eb62b88c46780a6c5.png", "pose": [[-0.006416202988475561, 0.9999794363975525, 0.0, 2526.756591796875], [-0.9999794363975525, -0.006416202988475561, 0.0, 817.3110961914062], [0.0, 0.0, 1.0, 0.0], [0.0, 0.0, 0.0, 1.0]], "pose_inverse": [[-0.006416202988475561, -0.9999794363975525, 0.0, 833.5064697265625], [0.9999794363975525, -0.006416202988475561, 0.0, -2521.46044921875], [0.0, 0.0, 1.0, 0.0], [0.0, 0.0, 0.0, 1.0]], "cam_ids": [0, 1, 2, 3, 4, 5], "cam_channels": ["CAM_FRONT_LEFT", "CAM_FRONT", "CAM_FRONT_RIGHT", "CAM_BACK_LEFT", "CAM_BACK", "CAM_BACK_RIGHT"], "token": "043e2affa8214a1eb62b88c46780a6c5", "scene": "scene-0513"}, {"images": ["samples/CAM_FRONT_LEFT/n008-2018-08-28-13-40-50-0400__CAM_FRONT_LEFT__1535478897754799.jpg", "samples/CAM_FRONT/n008-2018-08-28-13-40-50-0400__CAM_FRONT__1535478897762404.jpg", "samples/CAM_FRONT_RIGHT/n008-2018-08-28-13-40-50-0400__CAM_FRONT_RIGHT__1535478897770482.jpg", "samples/CAM_BACK_LEFT/n008-2018-08-28-13-40-50-0400__CAM_BACK_LEFT__1535478897800129.jpg", "samples/CAM_BACK/n008-2018-08-28-13-40-50-0400__CAM_BACK__1535478897787558.jpg", "samples/CAM_BACK_RIGHT/n008-2018-08-28-13-40-50-0400__CAM_BACK_RIGHT__1535478897778113.jpg"], "intrinsics": [[[1257.8625342125129, 0.0, 827.2410631095686], [0.0, 1257.8625342125129, 450.915498205774], [0.0, 0.0, 1.0]], [[1252.8131021185304, 0.0, 826.588114781398], [0.0, 1252.8131021185304, 469.9846626224581], [0.0, 0.0, 1.0]], [[1256.7485116440405, 0.0, 817.7887570959712], [0.0, 1256.7485116440403, 451.9541780095127], [0.0, 0.0, 1.0]], [[1254.9860565800168, 0.0, 829.5769333630991], [0.0, 1254.9860565800168, 467.1680561863987], [0.0, 0.0, 1.0]], [[796.8910634503094, 0.0, 857.7774326863696], [0.0, 796.8910634503094, 476.8848988407415], [0.0, 0.0, 1.0]], [[1249.9629280788233, 0.0, 825.3768045375984], [0.0, 1249.9629280788233, 462.54816385708756], [0.0, 0.0, 1.0]]], "extrinsics": [[[0.8249999284744263, -0.56464022397995, 0.02359253726899624, -0.827392578125], [0.03972156345844269, 0.01629268191754818, -0.9990779757499695, 1.4968020915985107], [0.5637352466583252, 0.8251764178276062, 0.03586985543370247, -1.2135009765625], [0.0, 0.0, 0.0, 1.0]], [[0.014665835537016392, -0.9998266696929932, -0.011469871737062931, 0.009033203125], [0.04133322462439537, 0.012067511677742004, -0.9990725517272949, 1.4874897003173828], [0.9990377426147461, 0.0141781410202384, 0.04150304198265076, -1.5572509765625], [0.0, 0.0, 0.0, 1.0]], [[-0.8413539528846741, -0.538769006729126, -0.0430297926068306, 0.9747314453125], [0.04897163808345795, 0.0032953894697129726, -0.9987947344779968, 1.4998435974121094], [0.5382614731788635, -0.8424471020698547, 0.02361181005835533, -1.2021484375], [0.0, 0.0, 0.0, 1.0]], [[0.9475914835929871, 0.3183717131614685, 0.026644283905625343, -1.1464920043945312], [0.022056395187973976, 0.018007351085543633, -0.9995945692062378, 1.5619850158691406], [-0.3187224566936493, 0.9477949738502502, 0.010041480883955956, -0.15478515625], [0.0, 0.0, 0.0, 1.0]], [[0.007657424546778202, 0.9999106526374817, 0.010961697436869144, -0.02880859375], [0.024839723482728004, 0.010768434032797813, -0.9996334314346313, 1.5694431066513062], [-0.9996621608734131, 0.00792690273374319, -0.024755045771598816, -0.01153564453125], [0.0, 0.0, 0.0, 1.0]], [[-0.924056351184845, 0.38092562556266785, -0.031866397708654404, 1.066650390625], [0.02957199513912201, -0.011876391246914864, -0.9994921088218689, 1.5508193969726562], [-0.38111060857772827, -0.9245293736457825, -0.00029027555137872696, -0.08154296875], [0.0, 0.0, 0.0, 1.0]]], "view": [[0.0, -2.0, 100.0], [-2.0, 0.0, 100.0], [0.0, 0.0, 1.0]], "bev": "bev_d7377fde1ebc45e3892040752587c1cc.png", "aux": "aux_d7377fde1ebc45e3892040752587c1cc.npz", "visibility": "visibility_d7377fde1ebc45e3892040752587c1cc.png", "pose": [[-0.051713425666093826, 0.998661994934082, 0.0, 2526.66552734375], [-0.998661994934082, -0.051713425666093826, 0.0, 814.8936157226562], [0.0, 0.0, 1.0, 0.0], [0.0, 0.0, 0.0, 1.0]], "pose_inverse": [[-0.051713425666093826, -0.998661994934082, 0.0, 944.4658203125], [0.998661994934082, -0.051713425666093826, 0.0, -2481.143798828125], [0.0, 0.0, 1.0, 0.0], [0.0, 0.0, 0.0, 1.0]], "cam_ids": [0, 1, 2, 3, 4, 5], "cam_channels": ["CAM_FRONT_LEFT", "CAM_FRONT", "CAM_FRONT_RIGHT", "CAM_BACK_LEFT", "CAM_BACK", "CAM_BACK_RIGHT"], "token": "d7377fde1ebc45e3892040752587c1cc", "scene": "scene-0513"}, {"images": ["samples/CAM_FRONT_LEFT/n008-2018-08-28-13-40-50-0400__CAM_FRONT_LEFT__1535478898254799.jpg", "samples/CAM_FRONT/n008-2018-08-28-13-40-50-0400__CAM_FRONT__1535478898262404.jpg", "samples/CAM_FRONT_RIGHT/n008-2018-08-28-13-40-50-0400__CAM_FRONT_RIGHT__1535478898270482.jpg", "samples/CAM_BACK_LEFT/n008-2018-08-28-13-40-50-0400__CAM_BACK_LEFT__1535478898297405.jpg", "samples/CAM_BACK/n008-2018-08-28-13-40-50-0400__CAM_BACK__1535478898287558.jpg", "samples/CAM_BACK_RIGHT/n008-2018-08-28-13-40-50-0400__CAM_BACK_RIGHT__1535478898278113.jpg"], "intrinsics": [[[1257.8625342125129, 0.0, 827.2410631095686], [0.0, 1257.8625342125129, 450.915498205774], [0.0, 0.0, 1.0]], [[1252.8131021185304, 0.0, 826.588114781398], [0.0, 1252.8131021185304, 469.9846626224581], [0.0, 0.0, 1.0]], [[1256.7485116440405, 0.0, 817.7887570959712], [0.0, 1256.7485116440403, 451.9541780095127], [0.0, 0.0, 1.0]], [[1254.9860565800168, 0.0, 829.5769333630991], [0.0, 1254.9860565800168, 467.1680561863987], [0.0, 0.0, 1.0]], [[796.8910634503094, 0.0, 857.7774326863696], [0.0, 796.8910634503094, 476.8848988407415], [0.0, 0.0, 1.0]], [[1249.9629280788233, 0.0, 825.3768045375984], [0.0, 1249.9629280788233, 462.54816385708756], [0.0, 0.0, 1.0]]], "extrinsics": [[[0.8275351524353027, -0.5614126324653625, 0.0012110869865864515, -0.83544921875], [0.009732741862535477, 0.012189333327114582, -0.9998783469200134, 1.490274429321289], [0.5613296031951904, 0.8274461627006531, 0.015551186166703701, -1.21923828125], [0.0, 0.0, 0.0, 1.0]], [[0.017718728631734848, -0.9998111128807068, -0.007978313602507114, 0.00927734375], [0.011812090873718262, 0.008188330568373203, -0.999896764755249, 1.4821529388427734], [0.9997732043266296, 0.01762266270816326, 0.011954947374761105, -1.565673828125], [0.0, 0.0, 0.0, 1.0]], [[-0.8407759070396423, -0.5411295890808105, -0.016568845137953758, 0.980377197265625], [0.01996648497879505, -0.00040987986722029746, -0.9998005032539368, 1.4957008361816406], [0.5410149097442627, -0.8409391045570374, 0.011149073019623756, -1.20556640625], [0.0, 0.0, 0.0, 1.0]], [[0.947795569896698, 0.3188784420490265, -0.00039843740523792803, -1.1387939453125], [-0.0053055002354085445, 0.014520075172185898, -0.9998804926872253, 1.56201171875], [-0.3188345730304718, 0.9476843476295471, 0.015453873202204704, -0.15771484375], [0.0, 0.0, 0.0, 1.0]], [[0.006861957721412182, 0.9999513030052185, 0.007096438203006983, -0.029052734375], [-0.003151495475322008, 0.007118196226656437, -0.9999697208404541, 1.567892074584961], [-0.9999713897705078, 0.006839410401880741, 0.0032001871149986982, -0.008056640625], [0.0, 0.0, 0.0, 1.0]], [[-0.9253469705581665, 0.3790590763092041, -0.006860007531940937, 1.0712890625], [0.001038120943121612, -0.015561032108962536, -0.9998783469200134, 1.5479202270507812], [-0.3791196644306183, -0.9252415895462036, 0.01400584727525711, -0.0797119140625], [0.0, 0.0, 0.0, 1.0]]], "view": [[0.0, -2.0, 100.0], [-2.0, 0.0, 100.0], [0.0, 0.0, 1.0]], "bev": "bev_618436b6a9c14980963900f4509bded1.png", "aux": "aux_618436b6a9c14980963900f4509bded1.npz", "visibility": "visibility_618436b6a9c14980963900f4509bded1.png", "pose": [[-0.12342130392789841, 0.9923543334007263, 0.0, 2526.44580078125], [-0.9923543334007263, -0.12342130392789841, 0.0, 812.541015625], [0.0, 0.0, 1.0, 0.0], [0.0, 0.0, 0.0, 1.0]], "pose_inverse": [[-0.12342130392789841, -0.9923543334007263, 0.0, 1118.1458740234375], [0.9923543334007263, -0.12342130392789841, 0.0, -2406.8447265625], [0.0, 0.0, 1.0, 0.0], [0.0, 0.0, 0.0, 1.0]], "cam_ids": [0, 1, 2, 3, 4, 5], "cam_channels": ["CAM_FRONT_LEFT", "CAM_FRONT", "CAM_FRONT_RIGHT", "CAM_BACK_LEFT", "CAM_BACK", "CAM_BACK_RIGHT"], "token": "618436b6a9c14980963900f4509bded1", "scene": "scene-0513"}, {"images": ["samples/CAM_FRONT_LEFT/n008-2018-08-28-13-40-50-0400__CAM_FRONT_LEFT__1535478898754799.jpg", "samples/CAM_FRONT/n008-2018-08-28-13-40-50-0400__CAM_FRONT__1535478898762404.jpg", "samples/CAM_FRONT_RIGHT/n008-2018-08-28-13-40-50-0400__CAM_FRONT_RIGHT__1535478898770482.jpg", "samples/CAM_BACK_LEFT/n008-2018-08-28-13-40-50-0400__CAM_BACK_LEFT__1535478898797405.jpg", "samples/CAM_BACK/n008-2018-08-28-13-40-50-0400__CAM_BACK__1535478898787558.jpg", "samples/CAM_BACK_RIGHT/n008-2018-08-28-13-40-50-0400__CAM_BACK_RIGHT__1535478898778113.jpg"], "intrinsics": [[[1257.8625342125129, 0.0, 827.2410631095686], [0.0, 1257.8625342125129, 450.915498205774], [0.0, 0.0, 1.0]], [[1252.8131021185304, 0.0, 826.588114781398], [0.0, 1252.8131021185304, 469.9846626224581], [0.0, 0.0, 1.0]], [[1256.7485116440405, 0.0, 817.7887570959712], [0.0, 1256.7485116440403, 451.9541780095127], [0.0, 0.0, 1.0]], [[1254.9860565800168, 0.0, 829.5769333630991], [0.0, 1254.9860565800168, 467.1680561863987], [0.0, 0.0, 1.0]], [[796.8910634503094, 0.0, 857.7774326863696], [0.0, 796.8910634503094, 476.8848988407415], [0.0, 0.0, 1.0]], [[1249.9629280788233, 0.0, 825.3768045375984], [0.0, 1249.9629280788233, 462.54816385708756], [0.0, 0.0, 1.0]]], "extrinsics": [[[0.8295162320137024, -0.55848228931427, 0.0005380344809964299, -0.83544921875], [0.0023517960216850042, 0.00252975313924253, -0.9999939799308777, 1.488774299621582], [0.5584775805473328, 0.8295125365257263, 0.003411906072869897, -1.2198486328125], [0.0, 0.0, 0.0, 1.0]], [[0.020454861223697662, -0.9997895359992981, 0.001569664920680225, 0.00927734375], [0.004268841817975044, -0.0014826433034613729, -0.9999898076057434, 1.4808855056762695], [0.9997816681861877, 0.02046135999262333, 0.004237615503370762, -1.5657958984375], [0.0, 0.0, 0.0, 1.0]], [[-0.839741051197052, -0.5429661273956299, -0.004780175164341927, 0.9802932739257812], [0.012184318155050278, -0.010041316039860249, -0.9998753666877747, 1.4946861267089844], [0.5428504347801208, -0.8396945595741272, 0.015047777444124222, -1.205810546875], [0.0, 0.0, 0.0, 1.0]], [[0.9476730823516846, 0.31904730200767517, -0.011159886606037617, -1.1358642578125], [-0.013557425700128078, 0.005294832866638899, -0.9998940825462341, 1.561929702758789], [-0.3189544379711151, 0.9477239847183228, 0.009343232028186321, -0.15869140625], [0.0, 0.0, 0.0, 1.0]], [[0.0060634920373559, 0.9999786019325256, -0.0024388821329921484, -0.028564453125], [-0.011280910111963749, -0.002370368456467986, -0.9999334812164307, 1.567460060119629], [-0.9999179840087891, 0.006090603768825531, 0.011266296729445457, -0.0089111328125], [0.0, 0.0, 0.0, 1.0]], [[-0.9259517788887024, 0.3776291608810425, -0.003084973432123661, 1.071044921875], [-0.006936300545930862, -0.025174438953399658, -0.99965900182724, 1.547149658203125], [-0.3775779604911804, -0.9256146550178528, 0.025929665192961693, -0.079833984375], [0.0, 0.0, 0.0, 1.0]]], "view": [[0.0, -2.0, 100.0], [-2.0, 0.0, 100.0], [0.0, 0.0, 1.0]], "bev": "bev_17e05367a8e4499ea223a8229bcbbef8.png", "aux": "aux_17e05367a8e4499ea223a8229bcbbef8.npz", "visibility": "visibility_17e05367a8e4499ea223a8229bcbbef8.png", "pose": [[-0.24314545094966888, 0.9699898362159729, 0.0, 2526.006591796875], [-0.9699898362159729, -0.24314545094966888, 0.0, 810.2333374023438], [0.0, 0.0, 1.0, 0.0], [0.0, 0.0, 0.0, 1.0]], "pose_inverse": [[-0.24314545094966888, -0.9699898362159729, 0.0, 1400.1051025390625], [0.9699898362159729, -0.24314545094966888, 0.0, -2253.1962890625], [0.0, 0.0, 1.0, 0.0], [0.0, 0.0, 0.0, 1.0]], "cam_ids": [0, 1, 2, 3, 4, 5], "cam_channels": ["CAM_FRONT_LEFT", "CAM_FRONT", "CAM_FRONT_RIGHT", "CAM_BACK_LEFT", "CAM_BACK", "CAM_BACK_RIGHT"], "token": "17e05367a8e4499ea223a8229bcbbef8", "scene": "scene-0513"}, {"images": ["samples/CAM_FRONT_LEFT/n008-2018-08-28-13-40-50-0400__CAM_FRONT_LEFT__1535478899254799.jpg", "samples/CAM_FRONT/n008-2018-08-28-13-40-50-0400__CAM_FRONT__1535478899262404.jpg", "samples/CAM_FRONT_RIGHT/n008-2018-08-28-13-40-50-0400__CAM_FRONT_RIGHT__1535478899270482.jpg", "samples/CAM_BACK_LEFT/n008-2018-08-28-13-40-50-0400__CAM_BACK_LEFT__1535478899297405.jpg", "samples/CAM_BACK/n008-2018-08-28-13-40-50-0400__CAM_BACK__1535478899287558.jpg", "samples/CAM_BACK_RIGHT/n008-2018-08-28-13-40-50-0400__CAM_BACK_RIGHT__1535478899278113.jpg"], "intrinsics": [[[1257.8625342125129, 0.0, 827.2410631095686], [0.0, 1257.8625342125129, 450.915498205774], [0.0, 0.0, 1.0]], [[1252.8131021185304, 0.0, 826.588114781398], [0.0, 1252.8131021185304, 469.9846626224581], [0.0, 0.0, 1.0]], [[1256.7485116440405, 0.0, 817.7887570959712], [0.0, 1256.7485116440403, 451.9541780095127], [0.0, 0.0, 1.0]], [[1254.9860565800168, 0.0, 829.5769333630991], [0.0, 1254.9860565800168, 467.1680561863987], [0.0, 0.0, 1.0]], [[796.8910634503094, 0.0, 857.7774326863696], [0.0, 796.8910634503094, 476.8848988407415], [0.0, 0.0, 1.0]], [[1249.9629280788233, 0.0, 825.3768045375984], [0.0, 1249.9629280788233, 462.54816385708756], [0.0, 0.0, 1.0]]], "extrinsics": [[[0.8312327861785889, -0.5559107065200806, 0.0039284792728722095, -0.843017578125], [0.0007619098178111017, -0.005927362013608217, -0.9999821186065674, 1.488438606262207], [0.5559239983558655, 0.8312209248542786, -0.004503466654568911, -1.22412109375], [0.0, 0.0, 0.0, 1.0]], [[0.023030471056699753, -0.9996838569641113, 0.01008166279643774, 0.009033203125], [0.0027797468937933445, -0.010020265355706215, -0.9999459385871887, 1.4806098937988281], [0.9997308850288391, 0.02305724285542965, 0.0025480962358415127, -1.57373046875], [0.0, 0.0, 0.0, 1.0]], [[-0.8386579751968384, -0.5446574091911316, 0.0011119184782728553, 0.986083984375], [0.010771060362458229, -0.018626198172569275, -0.9997684359550476, 1.4944076538085938], [0.5445520281791687, -0.8384518027305603, 0.02148754522204399, -1.2099609375], [0.0, 0.0, 0.0, 1.0]], [[0.9476842880249023, 0.3188420236110687, -0.01530670840293169, -1.1412353515625], [-0.014960810542106628, -0.003533962881192565, -0.9998818039894104, 1.5620079040527344], [-0.31885841488838196, 0.9478012919425964, 0.0014210526132956147, -0.156982421875], [0.0, 0.0, 0.0, 1.0]], [[0.0053445580415427685, 0.9999231696128845, -0.011184578761458397, -0.028564453125], [-0.012651907280087471, -0.011116228997707367, -0.9998581409454346, 1.5674550533294678], [-0.9999056458473206, 0.00548533396795392, 0.012591525912284851, -0.003173828125], [0.0, 0.0, 0.0, 1.0]], [[-0.9264964461326599, 0.37626948952674866, -0.00505846319720149, 1.076904296875], [-0.00828744936734438, -0.033841922879219055, -0.9993928074836731, 1.5470619201660156], [-0.3762122392654419, -0.9258919358253479, 0.034472737461328506, -0.07763671875], [0.0, 0.0, 0.0, 1.0]]], "view": [[0.0, -2.0, 100.0], [-2.0, 0.0, 100.0], [0.0, 0.0, 1.0]], "bev": "bev_a1b83d7f25b548e8801f0d409901e475.png", "aux": "aux_a1b83d7f25b548e8801f0d409901e475.npz", "visibility": "visibility_a1b83d7f25b548e8801f0d409901e475.png", "pose": [[-0.3936230540275574, 0.9192719459533691, 0.0, 2525.279296875], [-0.9192719459533691, -0.3936230540275574, 0.0, 808.087890625], [0.0, 0.0, 1.0, 0.0], [0.0, 0.0, 0.0, 1.0]], "pose_inverse": [[-0.3936230540275574, -0.9192719459533691, 0.0, 1736.8607177734375], [0.9192719459533691, -0.3936230540275574, 0.0, -2003.3363037109375], [0.0, 0.0, 1.0, 0.0], [0.0, 0.0, 0.0, 1.0]], "cam_ids": [0, 1, 2, 3, 4, 5], "cam_channels": ["CAM_FRONT_LEFT", "CAM_FRONT", "CAM_FRONT_RIGHT", "CAM_BACK_LEFT", "CAM_BACK", "CAM_BACK_RIGHT"], "token": "a1b83d7f25b548e8801f0d409901e475", "scene": "scene-0513"}, {"images": ["samples/CAM_FRONT_LEFT/n008-2018-08-28-13-40-50-0400__CAM_FRONT_LEFT__1535478899754799.jpg", "samples/CAM_FRONT/n008-2018-08-28-13-40-50-0400__CAM_FRONT__1535478899762404.jpg", "samples/CAM_FRONT_RIGHT/n008-2018-08-28-13-40-50-0400__CAM_FRONT_RIGHT__1535478899770482.jpg", "samples/CAM_BACK_LEFT/n008-2018-08-28-13-40-50-0400__CAM_BACK_LEFT__1535478899797405.jpg", "samples/CAM_BACK/n008-2018-08-28-13-40-50-0400__CAM_BACK__1535478899787569.jpg", "samples/CAM_BACK_RIGHT/n008-2018-08-28-13-40-50-0400__CAM_BACK_RIGHT__1535478899778113.jpg"], "intrinsics": [[[1257.8625342125129, 0.0, 827.2410631095686], [0.0, 1257.8625342125129, 450.915498205774], [0.0, 0.0, 1.0]], [[1252.8131021185304, 0.0, 826.588114781398], [0.0, 1252.8131021185304, 469.9846626224581], [0.0, 0.0, 1.0]], [[1256.7485116440405, 0.0, 817.7887570959712], [0.0, 1256.7485116440403, 451.9541780095127], [0.0, 0.0, 1.0]], [[1254.9860565800168, 0.0, 829.5769333630991], [0.0, 1254.9860565800168, 467.1680561863987], [0.0, 0.0, 1.0]], [[796.8910634503094, 0.0, 857.7774326863696], [0.0, 796.8910634503094, 476.8848988407415], [0.0, 0.0, 1.0]], [[1249.9629280788233, 0.0, 825.3768045375984], [0.0, 1249.9629280788233, 462.54816385708756], [0.0, 0.0, 1.0]]], "extrinsics": [[[0.8324621915817261, -0.5540642738342285, -0.0044156634248793125, -0.834716796875], [-0.005250008776783943, 8.152415102813393e-05, -0.9999862313270569, 1.4872198104858398], [0.5540570020675659, 0.8324739933013916, -0.0028409783262759447, -1.21917724609375], [0.0, 0.0, 0.0, 1.0]], [[0.025131825357675552, -0.9996758103370667, 0.0040956176817417145, 0.00927734375], [-0.0030757260974496603, -0.004174215253442526, -0.9999865293502808, 1.4796428680419922], [0.999679446220398, 0.02511884830892086, -0.003179633989930153, -1.5657958984375], [0.0, 0.0, 0.0, 1.0]], [[-0.8377336263656616, -0.5460717082023621, 0.0028328518383204937, 0.9808349609375], [0.005057987291365862, -0.012946697883307934, -0.9999033808708191, 1.493734359741211], [0.5460556745529175, -0.8376384377479553, 0.013607907108962536, -1.2060546875], [0.0, 0.0, 0.0, 1.0]], [[0.9476689100265503, 0.31869423389434814, -0.018910346552729607, -1.14111328125], [-0.020463410764932632, 0.0015255180187523365, -0.9997894167900085, 1.5619888305664062], [-0.31859830021858215, 0.9478564262390137, 0.007967257872223854, -0.156494140625], [0.0, 0.0, 0.0, 1.0]], [[0.004793585278093815, 0.9999710321426392, -0.005918624345213175, -0.0284423828125], [-0.018330881372094154, -0.0058298259973526, -0.9998149275779724, 1.5671577453613281], [-0.9998205304145813, 0.004901215899735689, 0.018302403390407562, -0.004638671875], [0.0, 0.0, 0.0, 1.0]], [[-0.9269394278526306, 0.37520384788513184, 0.0023283488117158413, 1.073486328125], [-0.013985524885356426, -0.02834871970117092, -0.9995002150535583, 1.5464897155761719], [-0.3749503195285797, -0.9265087842941284, 0.03152496740221977, -0.0792236328125], [0.0, 0.0, 0.0, 1.0]]], "view": [[0.0, -2.0, 100.0], [-2.0, 0.0, 100.0], [0.0, 0.0, 1.0]], "bev": "bev_bacc552e6f604c608a0c46b7e4baec45.png", "aux": "aux_bacc552e6f604c608a0c46b7e4baec45.npz", "visibility": "visibility_bacc552e6f604c608a0c46b7e4baec45.png", "pose": [[-0.559552013874054, 0.8287952542304993, 0.0, 2524.159912109375], [-0.8287952542304993, -0.559552013874054, 0.0, 806.0413818359375], [0.0, 0.0, 1.0, 0.0], [0.0, 0.0, 0.0, 1.0]], "pose_inverse": [[-0.559552013874054, -0.8287952542304993, 0.0, 2080.442138671875], [0.8287952542304993, -0.559552013874054, 0.0, -1640.9896240234375], [0.0, 0.0, 1.0, 0.0], [0.0, 0.0, 0.0, 1.0]], "cam_ids": [0, 1, 2, 3, 4, 5], "cam_channels": ["CAM_FRONT_LEFT", "CAM_FRONT", "CAM_FRONT_RIGHT", "CAM_BACK_LEFT", "CAM_BACK", "CAM_BACK_RIGHT"], "token": "bacc552e6f604c608a0c46b7e4baec45", "scene": "scene-0513"}, {"images": ["samples/CAM_FRONT_LEFT/n008-2018-08-28-13-40-50-0400__CAM_FRONT_LEFT__1535478900254799.jpg", "samples/CAM_FRONT/n008-2018-08-28-13-40-50-0400__CAM_FRONT__1535478900262404.jpg", "samples/CAM_FRONT_RIGHT/n008-2018-08-28-13-40-50-0400__CAM_FRONT_RIGHT__1535478900270482.jpg", "samples/CAM_BACK_LEFT/n008-2018-08-28-13-40-50-0400__CAM_BACK_LEFT__1535478900297405.jpg", "samples/CAM_BACK/n008-2018-08-28-13-40-50-0400__CAM_BACK__1535478900287558.jpg", "samples/CAM_BACK_RIGHT/n008-2018-08-28-13-40-50-0400__CAM_BACK_RIGHT__1535478900278113.jpg"], "intrinsics": [[[1257.8625342125129, 0.0, 827.2410631095686], [0.0, 1257.8625342125129, 450.915498205774], [0.0, 0.0, 1.0]], [[1252.8131021185304, 0.0, 826.588114781398], [0.0, 1252.8131021185304, 469.9846626224581], [0.0, 0.0, 1.0]], [[1256.7485116440405, 0.0, 817.7887570959712], [0.0, 1256.7485116440403, 451.9541780095127], [0.0, 0.0, 1.0]], [[1254.9860565800168, 0.0, 829.5769333630991], [0.0, 1254.9860565800168, 467.1680561863987], [0.0, 0.0, 1.0]], [[796.8910634503094, 0.0, 857.7774326863696], [0.0, 796.8910634503094, 476.8848988407415], [0.0, 0.0, 1.0]], [[1249.9629280788233, 0.0, 825.3768045375984], [0.0, 1249.9629280788233, 462.54816385708756], [0.0, 0.0, 1.0]]], "extrinsics": [[[0.8326359987258911, -0.5538152456283569, -0.0024429606273770332, -0.83642578125], [-0.0027362920809537172, 0.0002972396614495665, -0.9999961853027344, 1.4877400398254395], [0.5538138747215271, 0.8326395153999329, -0.0012679118663072586, -1.223236083984375], [0.0, 0.0, 0.0, 1.0]], [[0.025019358843564987, -0.9996796250343323, 0.00382682541385293, 0.0108642578125], [-0.0006716596544720232, -0.0038448318373411894, -0.9999924302101135, 1.480057954788208], [0.9996867179870605, 0.02501654624938965, -0.0007676390232518315, -1.56884765625], [0.0, 0.0, 0.0, 1.0]], [[-0.8378939628601074, -0.545832633972168, 0.0006032833480276167, 0.9837646484375], [0.007447516079992056, -0.012537628412246704, -0.9998936653137207, 1.4940452575683594], [0.545782208442688, -0.8378003835678101, 0.014570300467312336, -1.206298828125], [0.0, 0.0, 0.0, 1.0]], [[0.9476785659790039, 0.3188074231147766, -0.016346976161003113, -1.1435546875], [-0.01794612593948841, 0.002079155296087265, -0.999836802482605, 1.5620193481445312], [-0.31872138381004333, 0.9478172659873962, 0.007691729813814163, -0.157470703125], [0.0, 0.0, 0.0, 1.0]], [[0.005020886193960905, 0.9999728202819824, -0.0053969682194292545, -0.0299072265625], [-0.0158764086663723, -0.0053166416473686695, -0.9998597502708435, 1.5673198699951172], [-0.9998613595962524, 0.005105829332023859, 0.01584928296506405, -0.0029296875], [0.0, 0.0, 0.0, 1.0]], [[-0.9268342852592468, 0.37547051906585693, 0.00020871406013611704, 1.07470703125], [-0.011524287983775139, -0.02789163403213024, -0.9995445013046265, 1.5467948913574219], [-0.37529370188713074, -0.9264145493507385, 0.030177956447005272, -0.0767669677734375], [0.0, 0.0, 0.0, 1.0]]], "view": [[0.0, -2.0, 100.0], [-2.0, 0.0, 100.0], [0.0, 0.0, 1.0]], "bev": "bev_3caf05cf03d54094862a485e941c8f74.png", "aux": "aux_3caf05cf03d54094862a485e941c8f74.npz", "visibility": "visibility_3caf05cf03d54094862a485e941c8f74.png", "pose": [[-0.7173440456390381, 0.6967191100120544, 0.0, 2522.613525390625], [-0.6967191100120544, -0.7173440456390381, 0.0, 804.2335815429688], [0.0, 0.0, 1.0, 0.0], [0.0, 0.0, 0.0, 1.0]], "pose_inverse": [[-0.7173440456390381, -0.6967191100120544, 0.0, 2369.90673828125], [0.6967191100120544, -0.7173440456390381, 0.0, -1180.6409912109375], [0.0, 0.0, 1.0, 0.0], [0.0, 0.0, 0.0, 1.0]], "cam_ids": [0, 1, 2, 3, 4, 5], "cam_channels": ["CAM_FRONT_LEFT", "CAM_FRONT", "CAM_FRONT_RIGHT", "CAM_BACK_LEFT", "CAM_BACK", "CAM_BACK_RIGHT"], "token": "3caf05cf03d54094862a485e941c8f74", "scene": "scene-0513"}, {"images": ["samples/CAM_FRONT_LEFT/n008-2018-08-28-13-40-50-0400__CAM_FRONT_LEFT__1535478900754799.jpg", "samples/CAM_FRONT/n008-2018-08-28-13-40-50-0400__CAM_FRONT__1535478900762404.jpg", "samples/CAM_FRONT_RIGHT/n008-2018-08-28-13-40-50-0400__CAM_FRONT_RIGHT__1535478900770482.jpg", "samples/CAM_BACK_LEFT/n008-2018-08-28-13-40-50-0400__CAM_BACK_LEFT__1535478900797405.jpg", "samples/CAM_BACK/n008-2018-08-28-13-40-50-0400__CAM_BACK__1535478900787558.jpg", "samples/CAM_BACK_RIGHT/n008-2018-08-28-13-40-50-0400__CAM_BACK_RIGHT__1535478900778113.jpg"], "intrinsics": [[[1257.8625342125129, 0.0, 827.2410631095686], [0.0, 1257.8625342125129, 450.915498205774], [0.0, 0.0, 1.0]], [[1252.8131021185304, 0.0, 826.588114781398], [0.0, 1252.8131021185304, 469.9846626224581], [0.0, 0.0, 1.0]], [[1256.7485116440405, 0.0, 817.7887570959712], [0.0, 1256.7485116440403, 451.9541780095127], [0.0, 0.0, 1.0]], [[1254.9860565800168, 0.0, 829.5769333630991], [0.0, 1254.9860565800168, 467.1680561863987], [0.0, 0.0, 1.0]], [[796.8910634503094, 0.0, 857.7774326863696], [0.0, 796.8910634503094, 476.8848988407415], [0.0, 0.0, 1.0]], [[1249.9629280788233, 0.0, 825.3768045375984], [0.0, 1249.9629280788233, 462.54816385708756], [0.0, 0.0, 1.0]]], "extrinsics": [[[0.8325049877166748, -0.5540058612823486, 0.0036130319349467754, -0.833251953125], [0.0008726599626243114, -0.0052102105692029, -0.9999859929084778, 1.48846435546875], [0.5540169477462769, 0.8324965238571167, -0.003854070557281375, -1.216064453125], [0.0, 0.0, 0.0, 1.0]], [[0.024659153074026108, -0.999652087688446, 0.009354254230856895, 0.00750732421875], [0.0028390998486429453, -0.009287034161388874, -0.9999528527259827, 1.4806318283081055], [0.9996918439865112, 0.024684593081474304, 0.0026091027539223433, -1.564208984375], [0.0, 0.0, 0.0, 1.0]], [[-0.8380939960479736, -0.5455254316329956, 0.0006244066753424704, 0.980712890625], [0.010889139957726002, -0.017873398959636688, -0.9997809529304504, 1.4944648742675781], [0.5454171299934387, -0.8379036784172058, 0.02091989293694496, -1.2081298828125], [0.0, 0.0, 0.0, 1.0]], [[0.9479082226753235, 0.3181896209716797, -0.015010501258075237, -1.14794921875], [-0.014921269379556179, -0.0027178125455975533, -0.9998850226402283, 1.5621070861816406], [-0.31819382309913635, 0.9480232000350952, 0.002171556930989027, -0.154541015625], [0.0, 0.0, 0.0, 1.0]], [[0.005383946932852268, 0.9999314546585083, -0.010396774858236313, -0.02813720703125], [-0.012617243453860283, -0.010328170843422413, -0.9998670220375061, 1.5674915313720703], [-0.9999059438705444, 0.0055143507197499275, 0.012560770846903324, -0.00048828125], [0.0, 0.0, 0.0, 1.0]], [[-0.926705539226532, 0.3757565915584564, -0.004894583020359278, 1.076171875], [-0.008137589320540428, -0.03308762237429619, -0.9994193315505981, 1.5470259189605713], [-0.3757002651691437, -0.926127552986145, 0.0337202325463295, -0.079254150390625], [0.0, 0.0, 0.0, 1.0]]], "view": [[0.0, -2.0, 100.0], [-2.0, 0.0, 100.0], [0.0, 0.0, 1.0]], "bev": "bev_e86bef377e614441bee3ae3e01746bb1.png", "aux": "aux_e86bef377e614441bee3ae3e01746bb1.npz", "visibility": "visibility_e86bef377e614441bee3ae3e01746bb1.png", "pose": [[-0.8471460342407227, 0.5313601493835449, 0.0, 2520.67529296875], [-0.5313601493835449, -0.8471460342407227, 0.0, 802.716064453125], [0.0, 0.0, 1.0, 0.0], [0.0, 0.0, 0.0, 1.0]], "pose_inverse": [[-0.8471460342407227, -0.5313601493835449, 0.0, 2561.911376953125], [0.5313601493835449, -0.8471460342407227, 0.0, -659.3687744140625], [0.0, 0.0, 1.0, 0.0], [0.0, 0.0, 0.0, 1.0]], "cam_ids": [0, 1, 2, 3, 4, 5], "cam_channels": ["CAM_FRONT_LEFT", "CAM_FRONT", "CAM_FRONT_RIGHT", "CAM_BACK_LEFT", "CAM_BACK", "CAM_BACK_RIGHT"], "token": "e86bef377e614441bee3ae3e01746bb1", "scene": "scene-0513"}, {"images": ["samples/CAM_FRONT_LEFT/n008-2018-08-28-13-40-50-0400__CAM_FRONT_LEFT__1535478901254799.jpg", "samples/CAM_FRONT/n008-2018-08-28-13-40-50-0400__CAM_FRONT__1535478901262404.jpg", "samples/CAM_FRONT_RIGHT/n008-2018-08-28-13-40-50-0400__CAM_FRONT_RIGHT__1535478901270482.jpg", "samples/CAM_BACK_LEFT/n008-2018-08-28-13-40-50-0400__CAM_BACK_LEFT__1535478901297405.jpg", "samples/CAM_BACK/n008-2018-08-28-13-40-50-0400__CAM_BACK__1535478901287558.jpg", "samples/CAM_BACK_RIGHT/n008-2018-08-28-13-40-50-0400__CAM_BACK_RIGHT__1535478901278113.jpg"], "intrinsics": [[[1257.8625342125129, 0.0, 827.2410631095686], [0.0, 1257.8625342125129, 450.915498205774], [0.0, 0.0, 1.0]], [[1252.8131021185304, 0.0, 826.588114781398], [0.0, 1252.8131021185304, 469.9846626224581], [0.0, 0.0, 1.0]], [[1256.7485116440405, 0.0, 817.7887570959712], [0.0, 1256.7485116440403, 451.9541780095127], [0.0, 0.0, 1.0]], [[1254.9860565800168, 0.0, 829.5769333630991], [0.0, 1254.9860565800168, 467.1680561863987], [0.0, 0.0, 1.0]], [[796.8910634503094, 0.0, 857.7774326863696], [0.0, 796.8910634503094, 476.8848988407415], [0.0, 0.0, 1.0]], [[1249.9629280788233, 0.0, 825.3768045375984], [0.0, 1249.9629280788233, 462.54816385708756], [0.0, 0.0, 1.0]]], "extrinsics": [[[0.8306578397750854, -0.5567805767059326, -0.001724960864521563, -0.82177734375], [-0.003583635203540325, -0.0022483342327177525, -0.9999909996986389, 1.4874963760375977], [0.5567717552185059, 0.8306565284729004, -0.0038628962356597185, -1.208251953125], [0.0, 0.0, 0.0, 1.0]], [[0.021890349686145782, -0.9997410178184509, 0.006218939088284969, 0.0080108642578125], [-0.0016555098118260503, -0.006256668362766504, -0.9999790787696838, 1.4798575639724731], [0.9997590184211731, 0.021879615262150764, -0.0017920418176800013, -1.55419921875], [0.0, 0.0, 0.0, 1.0]], [[-0.8392913937568665, -0.5436749458312988, 0.0027446099556982517, 0.974609375], [0.006297430954873562, -0.014769185334444046, -0.9998710751533508, 1.493927001953125], [0.5436453819274902, -0.8391658663749695, 0.015819404274225235, -1.20361328125], [0.0, 0.0, 0.0, 1.0]], [[0.9478749632835388, 0.3181169331073761, -0.0182927418500185, -1.148681640625], [-0.019559284672141075, 0.000787502562161535, -0.9998083710670471, 1.5621452331542969], [-0.31804153323173523, 0.9480511546134949, 0.006968593690544367, -0.1541748046875], [0.0, 0.0, 0.0, 1.0]], [[0.006243540905416012, 0.9999553561210632, -0.0070918845012784, -0.02813720703125], [-0.017253203317523003, -0.006983246188610792, -0.9998267292976379, 1.5672492980957031], [-0.9998316764831543, 0.006364827044308186, 0.01720883511006832, -0.00244140625], [0.0, 0.0, 0.0, 1.0]], [[-0.9261031150817871, 0.37726983428001404, 0.0005982995498925447, 1.071044921875], [-0.0128096342086792, -0.029859425500035286, -0.9994720220565796, 1.5465450286865234], [-0.3770527243614197, -0.9256219267845154, 0.03248559683561325, -0.0809326171875], [0.0, 0.0, 0.0, 1.0]]], "view": [[0.0, -2.0, 100.0], [-2.0, 0.0, 100.0], [0.0, 0.0, 1.0]], "bev": "bev_5ba26144f5a94a4b9d782d6960ca479a.png", "aux": "aux_5ba26144f5a94a4b9d782d6960ca479a.npz", "visibility": "visibility_5ba26144f5a94a4b9d782d6960ca479a.png", "pose": [[-0.9346780776977539, 0.35549524426460266, 0.0, 2518.29052734375], [-0.35549524426460266, -0.9346780776977539, 0.0, 801.5443115234375], [0.0, 0.0, 1.0, 0.0], [0.0, 0.0, 0.0, 1.0]], "pose_inverse": [[-0.9346780776977539, -0.35549524426460266, 0.0, 2638.736083984375], [0.35549524426460266, -0.9346780776977539, 0.0, -146.05441284179688], [0.0, 0.0, 1.0, 0.0], [0.0, 0.0, 0.0, 1.0]], "cam_ids": [0, 1, 2, 3, 4, 5], "cam_channels": ["CAM_FRONT_LEFT", "CAM_FRONT", "CAM_FRONT_RIGHT", "CAM_BACK_LEFT", "CAM_BACK", "CAM_BACK_RIGHT"], "token": "5ba26144f5a94a4b9d782d6960ca479a", "scene": "scene-0513"}, {"images": ["samples/CAM_FRONT_LEFT/n008-2018-08-28-13-40-50-0400__CAM_FRONT_LEFT__1535478901754799.jpg", "samples/CAM_FRONT/n008-2018-08-28-13-40-50-0400__CAM_FRONT__1535478901762404.jpg", "samples/CAM_FRONT_RIGHT/n008-2018-08-28-13-40-50-0400__CAM_FRONT_RIGHT__1535478901770482.jpg", "samples/CAM_BACK_LEFT/n008-2018-08-28-13-40-50-0400__CAM_BACK_LEFT__1535478901797405.jpg", "samples/CAM_BACK/n008-2018-08-28-13-40-50-0400__CAM_BACK__1535478901787558.jpg", "samples/CAM_BACK_RIGHT/n008-2018-08-28-13-40-50-0400__CAM_BACK_RIGHT__1535478901778113.jpg"], "intrinsics": [[[1257.8625342125129, 0.0, 827.2410631095686], [0.0, 1257.8625342125129, 450.915498205774], [0.0, 0.0, 1.0]], [[1252.8131021185304, 0.0, 826.588114781398], [0.0, 1252.8131021185304, 469.9846626224581], [0.0, 0.0, 1.0]], [[1256.7485116440405, 0.0, 817.7887570959712], [0.0, 1256.7485116440403, 451.9541780095127], [0.0, 0.0, 1.0]], [[1254.9860565800168, 0.0, 829.5769333630991], [0.0, 1254.9860565800168, 467.1680561863987], [0.0, 0.0, 1.0]], [[796.8910634503094, 0.0, 857.7774326863696], [0.0, 796.8910634503094, 476.8848988407415], [0.0, 0.0, 1.0]], [[1249.9629280788233, 0.0, 825.3768045375984], [0.0, 1249.9629280788233, 462.54816385708756], [0.0, 0.0, 1.0]]], "extrinsics": [[[0.8286781907081604, -0.5597084164619446, -0.004349736031144857, -0.810302734375], [0.0022216883953660727, 0.011060267686843872, -0.9999363422393799, 1.4888343811035156], [0.5597209334373474, 0.8286157846450806, 0.010408898815512657, -1.2000732421875], [0.0, 0.0, 0.0, 1.0]], [[0.01929500885307789, -0.999789297580719, -0.006996702402830124, 0.00830078125], [0.004501538351178169, 0.0070848059840500355, -0.9999647736549377, 1.4810400009155273], [0.9998036623001099, 0.01926283910870552, 0.00463729165494442, -1.54150390625], [0.0, 0.0, 0.0, 1.0]], [[-0.8402513861656189, -0.5421047210693359, -0.00999586470425129, 0.966796875], [0.01281426940113306, -0.0014244038611650467, -0.9999168515205383, 1.4949607849121094], [0.5420454740524292, -0.8403096795082092, 0.008143534883856773, -1.1981201171875], [0.0, 0.0, 0.0, 1.0]], [[0.9479264616966248, 0.3184182047843933, -0.006735661998391151, -1.149658203125], [-0.011851131916046143, 0.014130743220448494, -0.9998299479484558, 1.562112808227539], [-0.3182689845561981, 0.9478449821472168, 0.017168521881103516, -0.15386962890625], [0.0, 0.0, 0.0, 1.0]], [[0.006850311998277903, 0.999956488609314, 0.006325826980173588, -0.028289794921875], [-0.009940550662577152, 0.006393759045749903, -0.9999301433563232, 1.5675678253173828], [-0.9999271035194397, 0.006786977872252464, 0.009983917698264122, -0.005615234375], [0.0, 0.0, 0.0, 1.0]], [[-0.9256200790405273, 0.3784533441066742, -0.000704381731338799, 1.06494140625], [-0.005978884641081095, -0.016484064981341362, -0.9998462200164795, 1.5471878051757812], [-0.37840673327445984, -0.9254736304283142, 0.017520710825920105, -0.0831298828125], [0.0, 0.0, 0.0, 1.0]]], "view": [[0.0, -2.0, 100.0], [-2.0, 0.0, 100.0], [0.0, 0.0, 1.0]], "bev": "bev_f61f03438ebe475ea1a2740402f0e6d6.png", "aux": "aux_f61f03438ebe475ea1a2740402f0e6d6.npz", "visibility": "visibility_f61f03438ebe475ea1a2740402f0e6d6.png", "pose": [[-0.9768902063369751, 0.2137417048215866, 0.0, 2515.600341796875], [-0.2137417048215866, -0.9768902063369751, 0.0, 800.7584838867188], [0.0, 0.0, 1.0, 0.0], [0.0, 0.0, 0.0, 1.0]], "pose_inverse": [[-0.9768902063369751, -0.2137417048215866, 0.0, 2628.620849609375], [0.2137417048215866, -0.9768902063369751, 0.0, 244.56442260742188], [0.0, 0.0, 1.0, 0.0], [0.0, 0.0, 0.0, 1.0]], "cam_ids": [0, 1, 2, 3, 4, 5], "cam_channels": ["CAM_FRONT_LEFT", "CAM_FRONT", "CAM_FRONT_RIGHT", "CAM_BACK_LEFT", "CAM_BACK", "CAM_BACK_RIGHT"], "token": "f61f03438ebe475ea1a2740402f0e6d6", "scene": "scene-0513"}, {"images": ["samples/CAM_FRONT_LEFT/n008-2018-08-28-13-40-50-0400__CAM_FRONT_LEFT__1535478902254799.jpg", "samples/CAM_FRONT/n008-2018-08-28-13-40-50-0400__CAM_FRONT__1535478902262404.jpg", "samples/CAM_FRONT_RIGHT/n008-2018-08-28-13-40-50-0400__CAM_FRONT_RIGHT__1535478902270482.jpg", "samples/CAM_BACK_LEFT/n008-2018-08-28-13-40-50-0400__CAM_BACK_LEFT__1535478902297405.jpg", "samples/CAM_BACK/n008-2018-08-28-13-40-50-0400__CAM_BACK__1535478902287558.jpg", "samples/CAM_BACK_RIGHT/n008-2018-08-28-13-40-50-0400__CAM_BACK_RIGHT__1535478902278113.jpg"], "intrinsics": [[[1257.8625342125129, 0.0, 827.2410631095686], [0.0, 1257.8625342125129, 450.915498205774], [0.0, 0.0, 1.0]], [[1252.8131021185304, 0.0, 826.588114781398], [0.0, 1252.8131021185304, 469.9846626224581], [0.0, 0.0, 1.0]], [[1256.7485116440405, 0.0, 817.7887570959712], [0.0, 1256.7485116440403, 451.9541780095127], [0.0, 0.0, 1.0]], [[1254.9860565800168, 0.0, 829.5769333630991], [0.0, 1254.9860565800168, 467.1680561863987], [0.0, 0.0, 1.0]], [[796.8910634503094, 0.0, 857.7774326863696], [0.0, 796.8910634503094, 476.8848988407415], [0.0, 0.0, 1.0]], [[1249.9629280788233, 0.0, 825.3768045375984], [0.0, 1249.9629280788233, 462.54816385708756], [0.0, 0.0, 1.0]]], "extrinsics": [[[0.8258250951766968, -0.5638501048088074, -0.009272309951484203, -0.7965087890625], [-0.0017424867255613208, 0.013890947215259075, -0.9999019503593445, 1.4878535270690918], [0.5639236569404602, 0.8257603645324707, 0.01048898883163929, -1.191162109375], [0.0, 0.0, 0.0, 1.0]], [[0.014969180338084698, -0.9998412132263184, -0.009667406789958477, 0.008392333984375], [-1.7647706044954248e-05, 0.009668225422501564, -0.9999533295631409, 1.48016357421875], [0.9998879432678223, 0.014968638308346272, 0.0001270812063012272, -1.52880859375], [0.0, 0.0, 0.0, 1.0]], [[-0.8421164751052856, -0.5392500162124634, -0.007023482583463192, 0.958740234375], [0.0077725243754684925, 0.0008862281683832407, -0.9999693632125854, 1.4942893981933594], [0.5392397046089172, -0.8421452641487122, 0.003445024834945798, -1.1929931640625], [0.0, 0.0, 0.0, 1.0]], [[0.9478050470352173, 0.3186042904853821, -0.012526299804449081, -1.151123046875], [-0.018509576097130775, 0.01575896143913269, -0.9997044801712036, 1.5621833801269531], [-0.31831273436546326, 0.947756826877594, 0.020833654329180717, -0.15380859375], [0.0, 0.0, 0.0, 1.0]], [[0.00805744156241417, 0.9999343156814575, 0.008156104013323784, -0.028472900390625], [-0.016055798158049583, 0.008284686133265495, -0.9998367428779602, 1