[{"images": ["samples/CAM_FRONT_LEFT/n015-2018-10-02-10-56-37+0800__CAM_FRONT_LEFT__1538449178354844.jpg", "samples/CAM_FRONT/n015-2018-10-02-10-56-37+0800__CAM_FRONT__1538449178362460.jpg", "samples/CAM_FRONT_RIGHT/n015-2018-10-02-10-56-37+0800__CAM_FRONT_RIGHT__1538449178370339.jpg", "samples/CAM_BACK_LEFT/n015-2018-10-02-10-56-37+0800__CAM_BACK_LEFT__1538449178397423.jpg", "samples/CAM_BACK/n015-2018-10-02-10-56-37+0800__CAM_BACK__1538449178387525.jpg", "samples/CAM_BACK_RIGHT/n015-2018-10-02-10-56-37+0800__CAM_BACK_RIGHT__1538449178377893.jpg"], "intrinsics": [[[1272.5979470598488, 0.0, 826.6154927353808], [0.0, 1272.5979470598488, 479.75165386361925], [0.0, 0.0, 1.0]], [[1266.417203046554, 0.0, 816.2670197447984], [0.0, 1266.417203046554, 491.50706579294757], [0.0, 0.0, 1.0]], [[1260.8474446004698, 0.0, 807.968244525554], [0.0, 1260.8474446004698, 495.3344268742088], [0.0, 0.0, 1.0]], [[1256.7414812095406, 0.0, 792.1125740759628], [0.0, 1256.7414812095406, 492.7757465151356], [0.0, 0.0, 1.0]], [[809.2209905677063, 0.0, 829.2196003259838], [0.0, 809.2209905677063, 481.77842384512485], [0.0, 0.0, 1.0]], [[1259.5137405846733, 0.0, 807.2529053838625], [0.0, 1259.5137405846733, 501.19579884916527], [0.0, 0.0, 1.0]]], "extrinsics": [[[0.820177435874939, -0.5719987750053406, 0.011237606406211853, -0.609375], [-0.013448233716189861, -0.038912687450647354, -0.9991521239280701, 1.5026092529296875], [0.5719510912895203, 0.8193308711051941, -0.03960768133401871, -1.0374755859375], [0.0, 0.0, 0.0, 1.0]], [[0.005010681692510843, -0.9990682005882263, 0.042865727096796036, 0.01025390625], [-0.01873319409787655, -0.0429525263607502, -0.9989014863967896, 1.5140228271484375], [0.9998118281364441, 0.004202244337648153, -0.018930962309241295, -1.3372802734375], [0.0, 0.0, 0.0, 1.0]], [[-0.8332635760307312, -0.5523042678833008, 0.02513393573462963, 0.8031463623046875], [-0.013073782436549664, -0.025763945654034615, -0.9995825290679932, 1.5000877380371094], [0.5527212619781494, -0.8332443237304688, 0.014247450046241283, -1.09375], [0.0, 0.0, 0.0, 1.0]], [[0.9478804469108582, 0.3178652226924896, -0.022004811093211174, -1.13531494140625], [-0.00435559032484889, -0.056128598749637604, -0.9984139800071716, 1.588531494140625], [-0.318596214056015, 0.9464730024337769, -0.051818717271089554, -0.10595703125], [0.0, 0.0, 0.0, 1.0]], [[0.0025695746298879385, 0.9989285469055176, -0.046208225190639496, 0.001708984375], [-0.02975866012275219, -0.04611152783036232, -0.998492956161499, 1.576263427734375], [-0.9995537996292114, 0.003940668422728777, 0.029608292505145073, -0.1041259765625], [0.0, 0.0, 0.0, 1.0]], [[-0.9347031116485596, 0.35516950488090515, -0.013593182899057865, 0.947265625], [0.0028338050469756126, -0.030796324834227562, -0.9995216727256775, 1.5520782470703125], [-0.35541826486587524, -0.9342944622039795, 0.02777893841266632, -0.133544921875], [0.0, 0.0, 0.0, 1.0]]], "view": [[0.0, -2.0, 100.0], [-2.0, 0.0, 100.0], [0.0, 0.0, 1.0]], "bev": "bev_c7f121c307914ef694cb1fa9a52007f7.png", "aux": "aux_c7f121c307914ef694cb1fa9a52007f7.npz", "visibility": "visibility_c7f121c307914ef694cb1fa9a52007f7.png", "pose": [[0.5669815540313721, 0.82373046875, 0.0, 1489.75732421875], [-0.82373046875, 0.5669815540313721, 0.0, 3034.775390625], [0.0, 0.0, 1.0, 0.0], [0.0, 0.0, 0.0, 1.0]], "pose_inverse": [[0.5669815540313721, -0.82373046875, 0.0, 1655.1719970703125], [0.82373046875, 0.5669815540313721, 0.0, -2947.8203125], [0.0, 0.0, 1.0, 0.0], [0.0, 0.0, 0.0, 1.0]], "cam_ids": [0, 1, 2, 3, 4, 5], "cam_channels": ["CAM_FRONT_LEFT", "CAM_FRONT", "CAM_FRONT_RIGHT", "CAM_BACK_LEFT", "CAM_BACK", "CAM_BACK_RIGHT"], "token": "c7f121c307914ef694cb1fa9a52007f7", "scene": "scene-0787"}, {"images": ["samples/CAM_FRONT_LEFT/n015-2018-10-02-10-56-37+0800__CAM_FRONT_LEFT__1538449178854844.jpg", "samples/CAM_FRONT/n015-2018-10-02-10-56-37+0800__CAM_FRONT__1538449178862460.jpg", "samples/CAM_FRONT_RIGHT/n015-2018-10-02-10-56-37+0800__CAM_FRONT_RIGHT__1538449178870339.jpg", "samples/CAM_BACK_LEFT/n015-2018-10-02-10-56-37+0800__CAM_BACK_LEFT__1538449178897423.jpg", "samples/CAM_BACK/n015-2018-10-02-10-56-37+0800__CAM_BACK__1538449178887525.jpg", "samples/CAM_BACK_RIGHT/n015-2018-10-02-10-56-37+0800__CAM_BACK_RIGHT__1538449178877893.jpg"], "intrinsics": [[[1272.5979470598488, 0.0, 826.6154927353808], [0.0, 1272.5979470598488, 479.75165386361925], [0.0, 0.0, 1.0]], [[1266.417203046554, 0.0, 816.2670197447984], [0.0, 1266.417203046554, 491.50706579294757], [0.0, 0.0, 1.0]], [[1260.8474446004698, 0.0, 807.968244525554], [0.0, 1260.8474446004698, 495.3344268742088], [0.0, 0.0, 1.0]], [[1256.7414812095406, 0.0, 792.1125740759628], [0.0, 1256.7414812095406, 492.7757465151356], [0.0, 0.0, 1.0]], [[809.2209905677063, 0.0, 829.2196003259838], [0.0, 809.2209905677063, 481.77842384512485], [0.0, 0.0, 1.0]], [[1259.5137405846733, 0.0, 807.2529053838625], [0.0, 1259.5137405846733, 501.19579884916527], [0.0, 0.0, 1.0]]], "extrinsics": [[[0.8206237554550171, -0.5712110996246338, 0.01715872809290886, -0.600341796875], [-0.008845502510666847, -0.042718399316072464, -0.9990479946136475, 1.5045547485351562], [0.5714003443717957, 0.8196907043457031, -0.04010838270187378, -1.032958984375], [0.0, 0.0, 0.0, 1.0]], [[0.005533169489353895, -0.9988898038864136, 0.04678060859441757, 0.01171875], [-0.014216957613825798, -0.046855177730321884, -0.99880051612854, 1.5155715942382812], [0.9998835325241089, 0.004861496388912201, -0.014460433274507523, -1.329345703125], [0.0, 0.0, 0.0, 1.0]], [[-0.8330680727958679, -0.5526642799377441, 0.02365724742412567, 0.7987060546875], [-0.008657729253172874, -0.029734903946518898, -0.9995202422142029, 1.5013046264648438], [0.5531026721000671, -0.8328733444213867, 0.019986383616924286, -1.08984375], [0.0, 0.0, 0.0, 1.0]], [[0.9477499723434448, 0.31842318177223206, -0.019409310072660446, -1.13543701171875], [-0.00018156165606342256, -0.06030311807990074, -0.9981800317764282, 1.5885772705078125], [-0.31901419162750244, 0.9460286498069763, -0.05709446221590042, -0.1064453125], [0.0, 0.0, 0.0, 1.0]], [[0.0025757288094609976, 0.998732328414917, -0.05027052015066147, 0.001953125], [-0.025524908676743507, -0.050188641995191574, -0.9984135627746582, 1.5766830444335938], [-0.9996708631515503, 0.0038548200391232967, 0.02536327764391899, -0.105224609375], [0.0, 0.0, 0.0, 1.0]], [[-0.9347718954086304, 0.35473647713661194, -0.019064832478761673, 0.943115234375], [0.00717125041410327, -0.034812603145837784, -0.9993681907653809, 1.5530166625976562], [-0.35517609119415283, -0.934317946434021, 0.029997939243912697, -0.134521484375], [0.0, 0.0, 0.0, 1.0]]], "view": [[0.0, -2.0, 100.0], [-2.0, 0.0, 100.0], [0.0, 0.0, 1.0]], "bev": "bev_afa8c716dd294a1691d2b188ce09eba6.png", "aux": "aux_afa8c716dd294a1691d2b188ce09eba6.npz", "visibility": "visibility_afa8c716dd294a1691d2b188ce09eba6.png", "pose": [[0.5650767087936401, 0.8250383734703064, 0.0, 1492.572509765625], [-0.8250383734703064, 0.5650767087936401, 0.0, 3030.59765625], [0.0, 0.0, 1.0, 0.0], [0.0, 0.0, 0.0, 1.0]], "pose_inverse": [[0.5650767087936401, -0.8250383734703064, 0.0, 1656.94140625], [0.8250383734703064, 0.5650767087936401, 0.0, -2943.94970703125], [0.0, 0.0, 1.0, 0.0], [0.0, 0.0, 0.0, 1.0]], "cam_ids": [0, 1, 2, 3, 4, 5], "cam_channels": ["CAM_FRONT_LEFT", "CAM_FRONT", "CAM_FRONT_RIGHT", "CAM_BACK_LEFT", "CAM_BACK", "CAM_BACK_RIGHT"], "token": "afa8c716dd294a1691d2b188ce09eba6", "scene": "scene-0787"}, {"images": ["samples/CAM_FRONT_LEFT/n015-2018-10-02-10-56-37+0800__CAM_FRONT_LEFT__1538449179354844.jpg", "samples/CAM_FRONT/n015-2018-10-02-10-56-37+0800__CAM_FRONT__1538449179362460.jpg", "samples/CAM_FRONT_RIGHT/n015-2018-10-02-10-56-37+0800__CAM_FRONT_RIGHT__1538449179370339.jpg", "samples/CAM_BACK_LEFT/n015-2018-10-02-10-56-37+0800__CAM_BACK_LEFT__1538449179397423.jpg", "samples/CAM_BACK/n015-2018-10-02-10-56-37+0800__CAM_BACK__1538449179387525.jpg", "samples/CAM_BACK_RIGHT/n015-2018-10-02-10-56-37+0800__CAM_BACK_RIGHT__1538449179377893.jpg"], "intrinsics": [[[1272.5979470598488, 0.0, 826.6154927353808], [0.0, 1272.5979470598488, 479.75165386361925], [0.0, 0.0, 1.0]], [[1266.417203046554, 0.0, 816.2670197447984], [0.0, 1266.417203046554, 491.50706579294757], [0.0, 0.0, 1.0]], [[1260.8474446004698, 0.0, 807.968244525554], [0.0, 1260.8474446004698, 495.3344268742088], [0.0, 0.0, 1.0]], [[1256.7414812095406, 0.0, 792.1125740759628], [0.0, 1256.7414812095406, 492.7757465151356], [0.0, 0.0, 1.0]], [[809.2209905677063, 0.0, 829.2196003259838], [0.0, 809.2209905677063, 481.77842384512485], [0.0, 0.0, 1.0]], [[1259.5137405846733, 0.0, 807.2529053838625], [0.0, 1259.5137405846733, 501.19579884916527], [0.0, 0.0, 1.0]]], "extrinsics": [[[0.8207277655601501, -0.5711276531219482, 0.014801382087171078, -0.593505859375], [-0.010539076291024685, -0.04103776440024376, -0.999101996421814, 1.5035400390625], [0.571222186088562, 0.8198347687721252, -0.039699990302324295, -1.0230712890625], [0.0, 0.0, 0.0, 1.0]], [[0.005707638803869486, -0.9989771246910095, 0.0448552668094635, 0.00830078125], [-0.015813957899808884, -0.04494056478142738, -0.998864471912384, 1.51470947265625], [0.9998586177825928, 0.004991808440536261, -0.016054285690188408, -1.321044921875], [0.0, 0.0, 0.0, 1.0]], [[-0.8329957723617554, -0.5527710914611816, 0.023708567023277283, 0.79364013671875], [-0.01016146782785654, -0.027559101581573486, -0.9995684623718262, 1.5007476806640625], [0.5531859397888184, -0.8328772783279419, 0.01733965054154396, -1.089111328125], [0.0, 0.0, 0.0, 1.0]], [[0.9478164315223694, 0.3182228207588196, -0.01944715343415737, -1.14227294921875], [-0.0012945656199008226, -0.05715598538517952, -0.9983643889427185, 1.588531494140625], [-0.3188138008117676, 0.9462913870811462, -0.053761422634124756, -0.103271484375], [0.0, 0.0, 0.0, 1.0]], [[0.0024703277740627527, 0.998869001865387, -0.04748446121811867, 0.00244140625], [-0.026808513328433037, -0.047401390969753265, -0.9985160827636719, 1.5765762329101562], [-0.9996374845504761, 0.003739582607522607, 0.02666109800338745, -0.102783203125], [0.0, 0.0, 0.0, 1.0]], [[-0.9348164200782776, 0.3547300100326538, -0.016878241673111916, 0.9423828125], [0.005760977976024151, -0.032372962683439255, -0.9994592666625977, 1.5526504516601562], [-0.3550845980644226, -0.9344082474708557, 0.028219183906912804, -0.13671875], [0.0, 0.0, 0.0, 1.0]]], "view": [[0.0, -2.0, 100.0], [-2.0, 0.0, 100.0], [0.0, 0.0, 1.0]], "bev": "bev_69cd43d86ab0436cbde697f2eb57785c.png", "aux": "aux_69cd43d86ab0436cbde697f2eb57785c.npz", "visibility": "visibility_69cd43d86ab0436cbde697f2eb57785c.png", "pose": [[0.5682002305984497, 0.8228903412818909, 0.0, 1495.4630126953125], [-0.8228903412818909, 0.5682002305984497, 0.0, 3026.338134765625], [0.0, 0.0, 1.0, 0.0], [0.0, 0.0, 0.0, 1.0]], "pose_inverse": [[0.5682002305984497, -0.8228903412818909, 0.0, 1640.6219482421875], [0.8228903412818909, 0.5682002305984497, 0.0, -2950.168212890625], [0.0, 0.0, 1.0, 0.0], [0.0, 0.0, 0.0, 1.0]], "cam_ids": [0, 1, 2, 3, 4, 5], "cam_channels": ["CAM_FRONT_LEFT", "CAM_FRONT", "CAM_FRONT_RIGHT", "CAM_BACK_LEFT", "CAM_BACK", "CAM_BACK_RIGHT"], "token": "69cd43d86ab0436cbde697f2eb57785c", "scene": "scene-0787"}, {"images": ["samples/CAM_FRONT_LEFT/n015-2018-10-02-10-56-37+0800__CAM_FRONT_LEFT__1538449179904844.jpg", "samples/CAM_FRONT/n015-2018-10-02-10-56-37+0800__CAM_FRONT__1538449179912460.jpg", "samples/CAM_FRONT_RIGHT/n015-2018-10-02-10-56-37+0800__CAM_FRONT_RIGHT__1538449179920339.jpg", "samples/CAM_BACK_LEFT/n015-2018-10-02-10-56-37+0800__CAM_BACK_LEFT__1538449179947626.jpg", "samples/CAM_BACK/n015-2018-10-02-10-56-37+0800__CAM_BACK__1538449179937525.jpg", "samples/CAM_BACK_RIGHT/n015-2018-10-02-10-56-37+0800__CAM_BACK_RIGHT__1538449179927893.jpg"], "intrinsics": [[[1272.5979470598488, 0.0, 826.6154927353808], [0.0, 1272.5979470598488, 479.75165386361925], [0.0, 0.0, 1.0]], [[1266.417203046554, 0.0, 816.2670197447984], [0.0, 1266.417203046554, 491.50706579294757], [0.0, 0.0, 1.0]], [[1260.8474446004698, 0.0, 807.968244525554], [0.0, 1260.8474446004698, 495.3344268742088], [0.0, 0.0, 1.0]], [[1256.7414812095406, 0.0, 792.1125740759628], [0.0, 1256.7414812095406, 492.7757465151356], [0.0, 0.0, 1.0]], [[809.2209905677063, 0.0, 829.2196003259838], [0.0, 809.2209905677063, 481.77842384512485], [0.0, 0.0, 1.0]], [[1259.5137405846733, 0.0, 807.2529053838625], [0.0, 1259.5137405846733, 501.19579884916527], [0.0, 0.0, 1.0]]], "extrinsics": [[[0.8207895159721375, -0.5711894035339355, 0.006871999707072973, -0.57666015625], [-0.015523634850978851, -0.034329697489738464, -0.9992899894714355, 1.5010528564453125], [0.5710197687149048, 0.8201000690460205, -0.03704438731074333, -1.0142822265625], [0.0, 0.0, 0.0, 1.0]], [[0.005941521376371384, -0.999252438545227, 0.038199543952941895, 0.01025390625], [-0.020878897979855537, -0.03831585869193077, -0.9990475177764893, 1.5125656127929688], [0.9997643232345581, 0.005138229113072157, -0.021090945228934288, -1.305908203125], [0.0, 0.0, 0.0, 1.0]], [[-0.8328498601913452, -0.5529608726501465, 0.024401675909757614, 0.784088134765625], [-0.015318638645112514, -0.021041778847575188, -0.9996612071990967, 1.4990882873535156], [0.5532870292663574, -0.832941472530365, 0.009054035879671574, -1.081298828125], [0.0, 0.0, 0.0, 1.0]], [[0.9476006031036377, 0.31864142417907715, -0.02282045967876911, -1.1427001953125], [-0.00686605041846633, -0.05110393837094307, -0.9986696839332581, 1.5885467529296875], [-0.31938377022743225, 0.9464967250823975, -0.04623831436038017, -0.103271484375], [0.0, 0.0, 0.0, 1.0]], [[0.002122837118804455, 0.9991441369056702, -0.04130921512842178, 0.002197265625], [-0.032239463180303574, -0.041219450533390045, -0.9986298084259033, 1.5758285522460938], [-0.9994778633117676, 0.003451674012467265, 0.032124366611242294, -0.10888671875], [0.0, 0.0, 0.0, 1.0]], [[-0.9348997473716736, 0.35477960109710693, -0.009694570675492287, 0.933349609375], [0.0004982506507076323, -0.026003409177064896, -0.9996617436408997, 1.551605224609375], [-0.3549116849899292, -0.9345883727073669, 0.024133814498782158, -0.13916015625], [0.0, 0.0, 0.0, 1.0]]], "view": [[0.0, -2.0, 100.0], [-2.0, 0.0, 100.0], [0.0, 0.0, 1.0]], "bev": "bev_4230b4f9d745436a8c37899f71e11cab.png", "aux": "aux_4230b4f9d745436a8c37899f71e11cab.npz", "visibility": "visibility_4230b4f9d745436a8c37899f71e11cab.png", "pose": [[0.5675202012062073, 0.823359489440918, 0.0, 1498.8179931640625], [-0.823359489440918, 0.5675202012062073, 0.0, 3021.4296875], [0.0, 0.0, 1.0, 0.0], [0.0, 0.0, 0.0, 1.0]], "pose_inverse": [[0.5675202012062073, -0.823359489440918, 0.0, 1637.1134033203125], [0.823359489440918, 0.5675202012062073, 0.0, -2948.788330078125], [0.0, 0.0, 1.0, 0.0], [0.0, 0.0, 0.0, 1.0]], "cam_ids": [0, 1, 2, 3, 4, 5], "cam_channels": ["CAM_FRONT_LEFT", "CAM_FRONT", "CAM_FRONT_RIGHT", "CAM_BACK_LEFT", "CAM_BACK", "CAM_BACK_RIGHT"], "token": "4230b4f9d745436a8c37899f71e11cab", "scene": "scene-0787"}, {"images": ["samples/CAM_FRONT_LEFT/n015-2018-10-02-10-56-37+0800__CAM_FRONT_LEFT__1538449180404844.jpg", "samples/CAM_FRONT/n015-2018-10-02-10-56-37+0800__CAM_FRONT__1538449180412460.jpg", "samples/CAM_FRONT_RIGHT/n015-2018-10-02-10-56-37+0800__CAM_FRONT_RIGHT__1538449180420339.jpg", "samples/CAM_BACK_LEFT/n015-2018-10-02-10-56-37+0800__CAM_BACK_LEFT__1538449180447423.jpg", "samples/CAM_BACK/n015-2018-10-02-10-56-37+0800__CAM_BACK__1538449180437525.jpg", "samples/CAM_BACK_RIGHT/n015-2018-10-02-10-56-37+0800__CAM_BACK_RIGHT__1538449180427893.jpg"], "intrinsics": [[[1272.5979470598488, 0.0, 826.6154927353808], [0.0, 1272.5979470598488, 479.75165386361925], [0.0, 0.0, 1.0]], [[1266.417203046554, 0.0, 816.2670197447984], [0.0, 1266.417203046554, 491.50706579294757], [0.0, 0.0, 1.0]], [[1260.8474446004698, 0.0, 807.968244525554], [0.0, 1260.8474446004698, 495.3344268742088], [0.0, 0.0, 1.0]], [[1256.7414812095406, 0.0, 792.1125740759628], [0.0, 1256.7414812095406, 492.7757465151356], [0.0, 0.0, 1.0]], [[809.2209905677063, 0.0, 829.2196003259838], [0.0, 809.2209905677063, 481.77842384512485], [0.0, 0.0, 1.0]], [[1259.5137405846733, 0.0, 807.2529053838625], [0.0, 1259.5137405846733, 501.19579884916527], [0.0, 0.0, 1.0]]], "extrinsics": [[[0.8211698532104492, -0.5706802606582642, 0.00205784197896719, -0.5693359375], [-0.015902675688266754, -0.026487087830901146, -0.9995226860046387, 1.5006980895996094], [0.5704622864723206, 0.8207451105117798, -0.030825741589069366, -1.009033203125], [0.0, 0.0, 0.0, 1.0]], [[0.006490891799330711, -0.9995191097259521, 0.030323009938001633, 0.01025390625], [-0.021201401948928833, -0.03045438975095749, -0.9993113279342651, 1.5122566223144531], [0.9997541904449463, 0.005843529012054205, -0.021388879045844078, -1.29833984375], [0.0, 0.0, 0.0, 1.0]], [[-0.8326081037521362, -0.5534917712211609, 0.020264513790607452, 0.779144287109375], [-0.01559250894933939, -0.013148975558578968, -0.9997919201850891, 1.498910903930664], [0.5536431074142456, -0.8327508568763733, 0.0023176195099949837, -1.078125], [0.0, 0.0, 0.0, 1.0]], [[0.9474993348121643, 0.3191108703613281, -0.020331328734755516, -1.14398193359375], [-0.0068732984364032745, -0.04324323311448097, -0.9990409016609192, 1.5885772705078125], [-0.3196839690208435, 0.9467303156852722, -0.03877959027886391, -0.103271484375], [0.0, 0.0, 0.0, 1.0]], [[0.0018317215144634247, 0.9994388222694397, -0.03344925120472908, 0.002197265625], [-0.03227950632572174, -0.03337278217077255, -0.9989215731620789, 1.5758056640625], [-0.999477207660675, 0.0029094081837683916, 0.03220026195049286, -0.109130859375], [0.0, 0.0, 0.0, 1.0]], [[-0.935014009475708, 0.35454753041267395, -0.006691299378871918, 0.9296875], [0.00030258382321335375, -0.018071727827191353, -0.9998366832733154, 1.551544189453125], [-0.3546105921268463, -0.9348633885383606, 0.016790036112070084, -0.140625], [0.0, 0.0, 0.0, 1.0]]], "view": [[0.0, -2.0, 100.0], [-2.0, 0.0, 100.0], [0.0, 0.0, 1.0]], "bev": "bev_ec175e35614942caa32066c78b1040ee.png", "aux": "aux_ec175e35614942caa32066c78b1040ee.npz", "visibility": "visibility_ec175e35614942caa32066c78b1040ee.png", "pose": [[0.5646462440490723, 0.8253330588340759, 0.0, 1501.9727783203125], [-0.8253330588340759, 0.5646462440490723, 0.0, 3016.784912109375], [0.0, 0.0, 1.0, 0.0], [0.0, 0.0, 0.0, 1.0]], "pose_inverse": [[0.5646462440490723, -0.8253330588340759, 0.0, 1641.76904296875], [0.8253330588340759, 0.5646462440490723, 0.0, -2943.0439453125], [0.0, 0.0, 1.0, 0.0], [0.0, 0.0, 0.0, 1.0]], "cam_ids": [0, 1, 2, 3, 4, 5], "cam_channels": ["CAM_FRONT_LEFT", "CAM_FRONT", "CAM_FRONT_RIGHT", "CAM_BACK_LEFT", "CAM_BACK", "CAM_BACK_RIGHT"], "token": "ec175e35614942caa32066c78b1040ee", "scene": "scene-0787"}, {"images": ["samples/CAM_FRONT_LEFT/n015-2018-10-02-10-56-37+0800__CAM_FRONT_LEFT__1538449180854844.jpg", "samples/CAM_FRONT/n015-2018-10-02-10-56-37+0800__CAM_FRONT__1538449180862460.jpg", "samples/CAM_FRONT_RIGHT/n015-2018-10-02-10-56-37+0800__CAM_FRONT_RIGHT__1538449180870339.jpg", "samples/CAM_BACK_LEFT/n015-2018-10-02-10-56-37+0800__CAM_BACK_LEFT__1538449180897423.jpg", "samples/CAM_BACK/n015-2018-10-02-10-56-37+0800__CAM_BACK__1538449180887525.jpg", "samples/CAM_BACK_RIGHT/n015-2018-10-02-10-56-37+0800__CAM_BACK_RIGHT__1538449180877893.jpg"], "intrinsics": [[[1272.5979470598488, 0.0, 826.6154927353808], [0.0, 1272.5979470598488, 479.75165386361925], [0.0, 0.0, 1.0]], [[1266.417203046554, 0.0, 816.2670197447984], [0.0, 1266.417203046554, 491.50706579294757], [0.0, 0.0, 1.0]], [[1260.8474446004698, 0.0, 807.968244525554], [0.0, 1260.8474446004698, 495.3344268742088], [0.0, 0.0, 1.0]], [[1256.7414812095406, 0.0, 792.1125740759628], [0.0, 1256.7414812095406, 492.7757465151356], [0.0, 0.0, 1.0]], [[809.2209905677063, 0.0, 829.2196003259838], [0.0, 809.2209905677063, 481.77842384512485], [0.0, 0.0, 1.0]], [[1259.5137405846733, 0.0, 807.2529053838625], [0.0, 1259.5137405846733, 501.19579884916527], [0.0, 0.0, 1.0]]], "extrinsics": [[[0.8207525610923767, -0.5712776780128479, -0.0026583278086036444, -0.56884765625], [-0.023227021098136902, -0.02872004732489586, -0.9993175864219666, 1.497344970703125], [0.5708115100860596, 0.8202542662620544, -0.03684112802147865, -1.0133056640625], [0.0, 0.0, 0.0, 1.0]], [[0.006084739696234465, -0.9994427561759949, 0.03281904384493828, 0.013427734375], [-0.028737733140587807, -0.032980870455503464, -0.9990427494049072, 1.5094413757324219], [0.9995684623718262, 0.005135774612426758, -0.028922397643327713, -1.2996826171875], [0.0, 0.0, 0.0, 1.0]], [[-0.8327422738075256, -0.5529391169548035, 0.02826264500617981, 0.7810211181640625], [-0.023303765803575516, -0.015996918082237244, -0.9996004104614258, 1.496622085571289], [0.5531702041625977, -0.8330681324005127, 0.000435748283052817, -1.076416015625], [0.0, 0.0, 0.0, 1.0]], [[0.9474470019340515, 0.31855306029319763, -0.02946287952363491, -1.14117431640625], [-0.015215303748846054, -0.04712256044149399, -0.9987732172012329, 1.5885391235351562], [-0.31955069303512573, 0.9467329978942871, -0.03979925438761711, -0.104248046875], [0.0, 0.0, 0.0, 1.0]], [[0.0019530553836375475, 0.999317467212677, -0.036890190094709396, 0.00146484375], [-0.040371447801589966, -0.03678138926625252, -0.998507559299469, 1.5748977661132812], [-0.9991827607154846, 0.003439398715272546, 0.040272053331136703, -0.1104736328125], [0.0, 0.0, 0.0, 1.0]], [[-0.9348900318145752, 0.35493725538253784, -0.00046036456478759646, 0.9296875], [-0.007562873885035515, -0.021216999739408493, -0.9997463226318359, 1.5498580932617188], [-0.3548569679260254, -0.9346493482589722, 0.022519906982779503, -0.138671875], [0.0, 0.0, 0.0, 1.0]]], "view": [[0.0, -2.0, 100.0], [-2.0, 0.0, 100.0], [0.0, 0.0, 1.0]], "bev": "bev_4dfa9e7b71e54ea0abffca5958cf8f6c.png", "aux": "aux_4dfa9e7b71e54ea0abffca5958cf8f6c.npz", "visibility": "visibility_4dfa9e7b71e54ea0abffca5958cf8f6c.png", "pose": [[0.5617334842681885, 0.8273182511329651, 0.0, 1504.7823486328125], [-0.8273182511329651, 0.5617334842681885, 0.0, 3012.580810546875], [0.0, 0.0, 1.0, 0.0], [0.0, 0.0, 0.0, 1.0]], "pose_inverse": [[0.5617334842681885, -0.8273182511329651, 0.0, 1647.076416015625], [0.8273182511329651, 0.5617334842681885, 0.0, -2937.201416015625], [0.0, 0.0, 1.0, 0.0], [0.0, 0.0, 0.0, 1.0]], "cam_ids": [0, 1, 2, 3, 4, 5], "cam_channels": ["CAM_FRONT_LEFT", "CAM_FRONT", "CAM_FRONT_RIGHT", "CAM_BACK_LEFT", "CAM_BACK", "CAM_BACK_RIGHT"], "token": "4dfa9e7b71e54ea0abffca5958cf8f6c", "scene": "scene-0787"}, {"images": ["samples/CAM_FRONT_LEFT/n015-2018-10-02-10-56-37+0800__CAM_FRONT_LEFT__1538449181354844.jpg", "samples/CAM_FRONT/n015-2018-10-02-10-56-37+0800__CAM_FRONT__1538449181362460.jpg", "samples/CAM_FRONT_RIGHT/n015-2018-10-02-10-56-37+0800__CAM_FRONT_RIGHT__1538449181370339.jpg", "samples/CAM_BACK_LEFT/n015-2018-10-02-10-56-37+0800__CAM_BACK_LEFT__1538449181397423.jpg", "samples/CAM_BACK/n015-2018-10-02-10-56-37+0800__CAM_BACK__1538449181387537.jpg", "samples/CAM_BACK_RIGHT/n015-2018-10-02-10-56-37+0800__CAM_BACK_RIGHT__1538449181377893.jpg"], "intrinsics": [[[1272.5979470598488, 0.0, 826.6154927353808], [0.0, 1272.5979470598488, 479.75165386361925], [0.0, 0.0, 1.0]], [[1266.417203046554, 0.0, 816.2670197447984], [0.0, 1266.417203046554, 491.50706579294757], [0.0, 0.0, 1.0]], [[1260.8474446004698, 0.0, 807.968244525554], [0.0, 1260.8474446004698, 495.3344268742088], [0.0, 0.0, 1.0]], [[1256.7414812095406, 0.0, 792.1125740759628], [0.0, 1256.7414812095406, 492.7757465151356], [0.0, 0.0, 1.0]], [[809.2209905677063, 0.0, 829.2196003259838], [0.0, 809.2209905677063, 481.77842384512485], [0.0, 0.0, 1.0]], [[1259.5137405846733, 0.0, 807.2529053838625], [0.0, 1259.5137405846733, 501.19579884916527], [0.0, 0.0, 1.0]]], "extrinsics": [[[0.8213630318641663, -0.570405125617981, 0.0008628881769254804, -0.5654296875], [-0.020812761038541794, -0.031481318175792694, -0.9992876648902893, 1.4983863830566406], [0.5700259804725647, 0.8207599520683289, -0.03772929683327675, -1.010009765625], [0.0, 0.0, 0.0, 1.0]], [[0.006919721607118845, -0.9993534684181213, 0.035281166434288025, 0.0126953125], [-0.026034388691186905, -0.03545009344816208, -0.9990322589874268, 1.5103607177734375], [0.9996370673179626, 0.005994453560560942, -0.026262858882546425, -1.294921875], [0.0, 0.0, 0.0, 1.0]], [[-0.8323896527290344, -0.5535312294960022, 0.027026768773794174, 0.7771148681640625], [-0.020376896485686302, -0.01816551387310028, -0.9996272921562195, 1.4974136352539062], [0.553816020488739, -0.8326302766799927, 0.003841535421088338, -1.07470703125], [0.0, 0.0, 0.0, 1.0]], [[0.9475524425506592, 0.31851476430892944, -0.02631799876689911, -1.13671875], [-0.011579913087189198, -0.04807697981595993, -0.9987764954566956, 1.5885009765625], [-0.31939032673835754, 0.9466979503631592, -0.04186708480119705, -0.105712890625], [0.0, 0.0, 0.0, 1.0]], [[0.0017741426127031446, 0.9992616772651672, -0.038379620760679245, 0.001708984375], [-0.03705728054046631, -0.03828762471675873, -0.9985794425010681, 1.5750808715820312], [-0.9993115067481995, 0.003193828510120511, 0.03696199133992195, -0.114990234375], [0.0, 0.0, 0.0, 1.0]], [[-0.9350878000259399, 0.3543933629989624, -0.004012431018054485, 0.925048828125], [-0.004464037716388702, -0.02309747040271759, -0.9997232556343079, 1.550506591796875], [-0.354388028383255, -0.9348111152648926, 0.023180188611149788, -0.140380859375], [0.0, 0.0, 0.0, 1.0]]], "view": [[0.0, -2.0, 100.0], [-2.0, 0.0, 100.0], [0.0, 0.0, 1.0]], "bev": "bev_160c106f70e1432fbdb92932185a00ce.png", "aux": "aux_160c106f70e1432fbdb92932185a00ce.npz", "visibility": "visibility_160c106f70e1432fbdb92932185a00ce.png", "pose": [[0.5567408204078674, 0.8306862711906433, 0.0, 1507.882080078125], [-0.8306862711906433, 0.5567408204078674, 0.0, 3007.877685546875], [0.0, 0.0, 1.0, 0.0], [0.0, 0.0, 0.0, 1.0]], "pose_inverse": [[0.5567408204078674, -0.8306862711906433, 0.0, 1659.1031494140625], [0.8306862711906433, 0.5567408204078674, 0.0, -2927.185302734375], [0.0, 0.0, 1.0, 0.0], [0.0, 0.0, 0.0, 1.0]], "cam_ids": [0, 1, 2, 3, 4, 5], "cam_channels": ["CAM_FRONT_LEFT", "CAM_FRONT", "CAM_FRONT_RIGHT", "CAM_BACK_LEFT", "CAM_BACK", "CAM_BACK_RIGHT"], "token": "160c106f70e1432fbdb92932185a00ce", "scene": "scene-0787"}, {"images": ["samples/CAM_FRONT_LEFT/n015-2018-10-02-10-56-37+0800__CAM_FRONT_LEFT__1538449181854844.jpg", "samples/CAM_FRONT/n015-2018-10-02-10-56-37+0800__CAM_FRONT__1538449181862460.jpg", "samples/CAM_FRONT_RIGHT/n015-2018-10-02-10-56-37+0800__CAM_FRONT_RIGHT__1538449181870339.jpg", "samples/CAM_BACK_LEFT/n015-2018-10-02-10-56-37+0800__CAM_BACK_LEFT__1538449181897423.jpg", "samples/CAM_BACK/n015-2018-10-02-10-56-37+0800__CAM_BACK__1538449181887525.jpg", "samples/CAM_BACK_RIGHT/n015-2018-10-02-10-56-37+0800__CAM_BACK_RIGHT__1538449181877893.jpg"], "intrinsics": [[[1272.5979470598488, 0.0, 826.6154927353808], [0.0, 1272.5979470598488, 479.75165386361925], [0.0, 0.0, 1.0]], [[1266.417203046554, 0.0, 816.2670197447984], [0.0, 1266.417203046554, 491.50706579294757], [0.0, 0.0, 1.0]], [[1260.8474446004698, 0.0, 807.968244525554], [0.0, 1260.8474446004698, 495.3344268742088], [0.0, 0.0, 1.0]], [[1256.7414812095406, 0.0, 792.1125740759628], [0.0, 1256.7414812095406, 492.7757465151356], [0.0, 0.0, 1.0]], [[809.2209905677063, 0.0, 829.2196003259838], [0.0, 809.2209905677063, 481.77842384512485], [0.0, 0.0, 1.0]], [[1259.5137405846733, 0.0, 807.2529053838625], [0.0, 1259.5137405846733, 501.19579884916527], [0.0, 0.0, 1.0]]], "extrinsics": [[[0.8210564851760864, -0.5708454251289368, -0.001315969624556601, -0.55810546875], [-0.023335838690400124, -0.03126078099012375, -0.9992387890815735, 1.4968795776367188], [0.5703698396682739, 0.8204622864723206, -0.03898802399635315, -1.002685546875], [0.0, 0.0, 0.0, 1.0]], [[0.006532447878271341, -0.9993605017662048, 0.03515416011214256, 0.01123046875], [-0.02872833050787449, -0.035327959805727005, -0.9989628195762634, 1.5089797973632812], [0.9995659589767456, 0.0055158259347081184, -0.02894073724746704, -1.2862548828125], [0.0, 0.0, 0.0, 1.0]], [[-0.832545816898346, -0.5531773567199707, 0.029366085305809975, 0.7698516845703125], [-0.023210033774375916, -0.018131492659449577, -0.9995661377906799, 1.4963340759277344], [0.5534698367118835, -0.8328661918640137, 0.0022560344077646732, -1.07177734375], [0.0, 0.0, 0.0, 1.0]], [[0.9474528431892395, 0.3185313940048218, -0.029509980231523514, -1.13177490234375], [-0.014760893769562244, -0.04861879348754883, -0.9987083077430725, 1.5883865356445312], [-0.31955474615097046, 0.9466646909713745, -0.041362207382917404, -0.107177734375], [0.0, 0.0, 0.0, 1.0]], [[0.001820199191570282, 0.99925297498703, -0.03860429674386978, 0.002197265625], [-0.04009978473186493, -0.03850037604570389, -0.998453676700592, 1.5744743347167969], [-0.9991940855979919, 0.0033653974533081055, 0.03999974951148033, -0.1207275390625], [0.0, 0.0, 0.0, 1.0]], [[-0.9349835515022278, 0.3546885550022125, -0.0013064999366179109, 0.919189453125], [-0.007387023419141769, -0.023155132308602333, -0.9997045993804932, 1.549774169921875], [-0.3546140491962433, -0.9346978068351746, 0.02426975965499878, -0.14453125], [0.0, 0.0, 0.0, 1.0]]], "view": [[0.0, -2.0, 100.0], [-2.0, 0.0, 100.0], [0.0, 0.0, 1.0]], "bev": "bev_92b005856cec4070a60216e9153fc60d.png", "aux": "aux_92b005856cec4070a60216e9153fc60d.npz", "visibility": "visibility_92b005856cec4070a60216e9153fc60d.png", "pose": [[0.5529543161392212, 0.8332116007804871, 0.0, 1510.9945068359375], [-0.8332116007804871, 0.5529543161392212, 0.0, 3003.134521484375], [0.0, 0.0, 1.0, 0.0], [0.0, 0.0, 0.0, 1.0]], "pose_inverse": [[0.5529543161392212, -0.8332116007804871, 0.0, 1666.7354736328125], [0.8332116007804871, 0.5529543161392212, 0.0, -2919.57421875], [0.0, 0.0, 1.0, 0.0], [0.0, 0.0, 0.0, 1.0]], "cam_ids": [0, 1, 2, 3, 4, 5], "cam_channels": ["CAM_FRONT_LEFT", "CAM_FRONT", "CAM_FRONT_RIGHT", "CAM_BACK_LEFT", "CAM_BACK", "CAM_BACK_RIGHT"], "token": "92b005856cec4070a60216e9153fc60d", "scene": "scene-0787"}, {"images": ["samples/CAM_FRONT_LEFT/n015-2018-10-02-10-56-37+0800__CAM_FRONT_LEFT__1538449182354844.jpg", "samples/CAM_FRONT/n015-2018-10-02-10-56-37+0800__CAM_FRONT__1538449182362460.jpg", "samples/CAM_FRONT_RIGHT/n015-2018-10-02-10-56-37+0800__CAM_FRONT_RIGHT__1538449182370339.jpg", "samples/CAM_BACK_LEFT/n015-2018-10-02-10-56-37+0800__CAM_BACK_LEFT__1538449182397423.jpg", "samples/CAM_BACK/n015-2018-10-02-10-56-37+0800__CAM_BACK__1538449182387525.jpg", "samples/CAM_BACK_RIGHT/n015-2018-10-02-10-56-37+0800__CAM_BACK_RIGHT__1538449182377893.jpg"], "intrinsics": [[[1272.5979470598488, 0.0, 826.6154927353808], [0.0, 1272.5979470598488, 479.75165386361925], [0.0, 0.0, 1.0]], [[1266.417203046554, 0.0, 816.2670197447984], [0.0, 1266.417203046554, 491.50706579294757], [0.0, 0.0, 1.0]], [[1260.8474446004698, 0.0, 807.968244525554], [0.0, 1260.8474446004698, 495.3344268742088], [0.0, 0.0, 1.0]], [[1256.7414812095406, 0.0, 792.1125740759628], [0.0, 1256.7414812095406, 492.7757465151356], [0.0, 0.0, 1.0]], [[809.2209905677063, 0.0, 829.2196003259838], [0.0, 809.2209905677063, 481.77842384512485], [0.0, 0.0, 1.0]], [[1259.5137405846733, 0.0, 807.2529053838625], [0.0, 1259.5137405846733, 501.19579884916527], [0.0, 0.0, 1.0]]], "extrinsics": [[[0.8203842639923096, -0.5718110203742981, -0.00140197086147964, -0.559814453125], [-0.02445027232170105, -0.032629333436489105, -0.9991683959960938, 1.4961967468261719], [0.5712897181510925, 0.8197362422943115, -0.040749527513980865, -0.9986572265625], [0.0, 0.0, 0.0, 1.0]], [[0.0054468573071062565, -0.9993186593055725, 0.03650258108973503, 0.0078125], [-0.029773103073239326, -0.036649007350206375, -0.9988846182823181, 1.5083847045898438], [0.9995418190956116, 0.004354084841907024, -0.02995244413614273, -1.2841796875], [0.0, 0.0, 0.0, 1.0]], [[-0.8331080675125122, -0.5522475838661194, 0.03087754361331463, 0.7656707763671875], [-0.02416621334850788, -0.01942901499569416, -0.9995191097259521, 1.4959125518798828], [0.5525820255279541, -0.8334537148475647, 0.0028407357167452574, -1.072509765625], [0.0, 0.0, 0.0, 1.0]], [[0.94744473695755, 0.3184508681297302, -0.030619796365499496, -1.1328125], [-0.015564817935228348, -0.04971384257078171, -0.9986421465873718, 1.5884017944335938], [-0.31954067945480347, 0.9466348886489868, -0.04214449226856232, -0.10693359375], [0.0, 0.0, 0.0, 1.0]], [[0.0021987375803291798, 0.9992026090621948, -0.03986609727144241, 0.0029296875], [-0.04093559831380844, -0.0397428460419178, -0.9983710646629333, 1.5743064880371094], [-0.9991594552993774, 0.0038270889781415462, 0.040815569460392, -0.1209716796875], [0.0, 0.0, 0.0, 1.0]], [[-0.9347061514854431, 0.3554200530052185, -0.0009324016864411533, 0.918212890625], [-0.008299252949655056, -0.02444840408861637, -0.9996666312217712, 1.54949951171875], [-0.355324387550354, -0.9343869090080261, 0.025801796466112137, -0.14697265625], [0.0, 0.0, 0.0, 1.0]]], "view": [[0.0, -2.0, 100.0], [-2.0, 0.0, 100.0], [0.0, 0.0, 1.0]], "bev": "bev_578001bc5aaa451c9ae667fb1e780966.png", "aux": "aux_578001bc5aaa451c9ae667fb1e780966.npz", "visibility": "visibility_578001bc5aaa451c9ae667fb1e780966.png", "pose": [[0.5511199235916138, 0.8344260454177856, 0.0, 1514.11865234375], [-0.8344260454177856, 0.5511199235916138, 0.0, 2998.36279296875], [0.0, 0.0, 1.0, 0.0], [0.0, 0.0, 0.0, 1.0]], "pose_inverse": [[0.5511199235916138, -0.8344260454177856, 0.0, 1667.450927734375], [0.8344260454177856, 0.5511199235916138, 0.0, -2915.877685546875], [0.0, 0.0, 1.0, 0.0], [0.0, 0.0, 0.0, 1.0]], "cam_ids": [0, 1, 2, 3, 4, 5], "cam_channels": ["CAM_FRONT_LEFT", "CAM_FRONT", "CAM_FRONT_RIGHT", "CAM_BACK_LEFT", "CAM_BACK", "CAM_BACK_RIGHT"], "token": "578001bc5aaa451c9ae667fb1e780966", "scene": "scene-0787"}, {"images": ["samples/CAM_FRONT_LEFT/n015-2018-10-02-10-56-37+0800__CAM_FRONT_LEFT__1538449182854844.jpg", "samples/CAM_FRONT/n015-2018-10-02-10-56-37+0800__CAM_FRONT__1538449182862460.jpg", "samples/CAM_FRONT_RIGHT/n015-2018-10-02-10-56-37+0800__CAM_FRONT_RIGHT__1538449182870339.jpg", "samples/CAM_BACK_LEFT/n015-2018-10-02-10-56-37+0800__CAM_BACK_LEFT__1538449182897423.jpg", "samples/CAM_BACK/n015-2018-10-02-10-56-37+0800__CAM_BACK__1538449182887525.jpg", "samples/CAM_BACK_RIGHT/n015-2018-10-02-10-56-37+0800__CAM_BACK_RIGHT__1538449182877893.jpg"], "intrinsics": [[[1272.5979470598488, 0.0, 826.6154927353808], [0.0, 1272.5979470598488, 479.75165386361925], [0.0, 0.0, 1.0]], [[1266.417203046554, 0.0, 816.2670197447984], [0.0, 1266.417203046554, 491.50706579294757], [0.0, 0.0, 1.0]], [[1260.8474446004698, 0.0, 807.968244525554], [0.0, 1260.8474446004698, 495.3344268742088], [0.0, 0.0, 1.0]], [[1256.7414812095406, 0.0, 792.1125740759628], [0.0, 1256.7414812095406, 492.7757465151356], [0.0, 0.0, 1.0]], [[809.2209905677063, 0.0, 829.2196003259838], [0.0, 809.2209905677063, 481.77842384512485], [0.0, 0.0, 1.0]], [[1259.5137405846733, 0.0, 807.2529053838625], [0.0, 1259.5137405846733, 501.19579884916527], [0.0, 0.0, 1.0]]], "extrinsics": [[[0.8206191062927246, -0.5714744329452515, -0.001086304895579815, -0.538818359375], [-0.023665262386202812, -0.032083190977573395, -0.9992049336433411, 1.496185302734375], [0.5709853768348694, 0.8199924826622009, -0.03985217586159706, -0.9891357421875], [0.0, 0.0, 0.0, 1.0]], [[0.005864407401531935, -0.9993349313735962, 0.03598931431770325, 0.010986328125], [-0.028839923441410065, -0.03614398464560509, -0.9989303946495056, 1.5083427429199219], [0.999566912651062, 0.00482026394456625, -0.02903270535171032, -1.2655029296875], [0.0, 0.0, 0.0, 1.0]], [[-0.8328685164451599, -0.5526739954948425, 0.029689576476812363, 0.7550048828125], [-0.02305719442665577, -0.018949219956994057, -0.9995545744895935, 1.4959735870361328], [0.5529904961585999, -0.8331820368766785, 0.003039095550775528, -1.0615234375], [0.0, 0.0, 0.0, 1.0]], [[0.9474880695343018, 0.3185015320777893, -0.02869039587676525, -1.1339111328125], [-0.013673080131411552, -0.04928629845380783, -0.9986910223960876, 1.5884323120117188], [-0.31949862837791443, 0.9466401934623718, -0.04234328866004944, -0.106689453125], [0.0, 0.0, 0.0, 1.0]], [[0.002065352164208889, 0.9992208480834961, -0.03941303491592407, 0.001953125], [-0.03936737775802612, -0.039301320910453796, -0.9984516501426697, 1.5743598937988281], [-0.9992226958274841, 0.0036137676797807217, 0.0392555333673954, -0.1258544921875], [0.0, 0.0, 0.0, 1.0]], [[-0.9348345994949341, 0.35507795214653015, -0.001982365734875202, 0.90771484375], [-0.006989613175392151, -0.023983128368854523, -0.9996879696846008, 1.5497894287109375], [-0.35501471161842346, -0.9345290064811707, 0.024902114644646645, -0.148681640625], [0.0, 0.0, 0.0, 1.0]]], "view": [[0.0, -2.0, 100.0], [-2.0, 0.0, 100.0], [0.0, 0.0, 1.0]], "bev": "bev_17a97d5cbae344fa887c01cd0c09ef1d.png", "aux": "aux_17a97d5cbae344fa887c01cd0c09ef1d.npz", "visibility": "visibility_17a97d5cbae344fa887c01cd0c09ef1d.png", "pose": [[0.5479052662849426, 0.8365404009819031, 0.0, 1517.253662109375], [-0.8365404009819031, 0.5479052662849426, 0.0, 2993.52978515625], [0.0, 0.0, 1.0, 0.0], [0.0, 0.0, 0.0, 1.0]], "pose_inverse": [[0.5479052662849426, -0.8365404009819031, 0.0, 1672.8973388671875], [0.8365404009819031, 0.5479052662849426, 0.0, -2909.41455078125], [0.0, 0.0, 1.0, 0.0], [0.0, 0.0, 0.0, 1.0]], "cam_ids": [0, 1, 2, 3, 4, 5], "cam_channels": ["CAM_FRONT_LEFT", "CAM_FRONT", "CAM_FRONT_RIGHT", "CAM_BACK_LEFT", "CAM_BACK", "CAM_BACK_RIGHT"], "token": "17a97d5cbae344fa887c01cd0c09ef1d", "scene": "scene-0787"}, {"images": ["samples/CAM_FRONT_LEFT/n015-2018-10-02-10-56-37+0800__CAM_FRONT_LEFT__1538449183354844.jpg", "samples/CAM_FRONT/n015-2018-10-02-10-56-37+0800__CAM_FRONT__1538449183362460.jpg", "samples/CAM_FRONT_RIGHT/n015-2018-10-02-10-56-37+0800__CAM_FRONT_RIGHT__1538449183370339.jpg", "samples/CAM_BACK_LEFT/n015-2018-10-02-10-56-37+0800__CAM_BACK_LEFT__1538449183397423.jpg", "samples/CAM_BACK/n015-2018-10-02-10-56-37+0800__CAM_BACK__1538449183387525.jpg", "samples/CAM_BACK_RIGHT/n015-2018-10-02-10-56-37+0800__CAM_BACK_RIGHT__1538449183377893.jpg"], "intrinsics": [[[1272.5979470598488, 0.0, 826.6154927353808], [0.0, 1272.5979470598488, 479.75165386361925], [0.0, 0.0, 1.0]], [[1266.417203046554, 0.0, 816.2670197447984], [0.0, 1266.417203046554, 491.50706579294757], [0.0, 0.0, 1.0]], [[1260.8474446004698, 0.0, 807.968244525554], [0.0, 1260.8474446004698, 495.3344268742088], [0.0, 0.0, 1.0]], [[1256.7414812095406, 0.0, 792.1125740759628], [0.0, 1256.7414812095406, 492.7757465151356], [0.0, 0.0, 1.0]], [[809.2209905677063, 0.0, 829.2196003259838], [0.0, 809.2209905677063, 481.77842384512485], [0.0, 0.0, 1.0]], [[1259.5137405846733, 0.0, 807.2529053838625], [0.0, 1259.5137405846733, 501.19579884916527], [0.0, 0.0, 1.0]]], "extrinsics": [[[0.8207133412361145, -0.5713394284248352, -0.0009355007205158472, -0.558349609375], [-0.024218499660491943, -0.03315320611000061, -0.9991568326950073, 1.4964790344238281], [0.5708265900611877, 0.8200439214706421, -0.04104626551270485, -1.003173828125], [0.0, 0.0, 0.0, 1.0]], [[0.0061009651981294155, -0.9992929100990295, 0.03709852322936058, 0.011474609375], [-0.029447555541992188, -0.03726266324520111, -0.9988715648651123, 1.5087623596191406], [0.9995476603507996, 0.005001594312489033, -0.02965407259762287, -1.2874755859375], [0.0, 0.0, 0.0, 1.0]], [[-0.8326998949050903, -0.5528580546379089, 0.030963057652115822, 0.772125244140625], [-0.02377411723136902, -0.020170267671346664, -0.9995138049125671, 1.4962348937988281], [0.5532138347625732, -0.833031177520752, 0.0036520662251859903, -1.072021484375], [0.0, 0.0, 0.0, 1.0]], [[0.9474472403526306, 0.31844717264175415, -0.030578842386603355, -1.1419677734375], [-0.01504618301987648, -0.05112282931804657, -0.9985790252685547, 1.5885467529296875], [-0.3195579946041107, 0.9465609788894653, -0.04364477097988129, -0.10400390625], [0.0, 0.0, 0.0, 1.0]], [[0.001915600849315524, 0.9991586208343506, -0.04096853360533714, 0.001953125], [-0.040456149727106094, -0.04085763543844223, -0.998345673084259, 1.5747528076171875], [-0.9991794228553772, 0.003569816006347537, 0.04034384712576866, -0.1134033203125], [0.0, 0.0, 0.0, 1.0]], [[-0.9349071979522705, 0.354888