[{"images": ["samples/CAM_FRONT_LEFT/n015-2018-08-03-15-00-36+0800__CAM_FRONT_LEFT__1533280076604844.jpg", "samples/CAM_FRONT/n015-2018-08-03-15-00-36+0800__CAM_FRONT__1533280076612460.jpg", "samples/CAM_FRONT_RIGHT/n015-2018-08-03-15-00-36+0800__CAM_FRONT_RIGHT__1533280076620339.jpg", "samples/CAM_BACK_LEFT/n015-2018-08-03-15-00-36+0800__CAM_BACK_LEFT__1533280076647423.jpg", "samples/CAM_BACK/n015-2018-08-03-15-00-36+0800__CAM_BACK__1533280076637525.jpg", "samples/CAM_BACK_RIGHT/n015-2018-08-03-15-00-36+0800__CAM_BACK_RIGHT__1533280076627893.jpg"], "intrinsics": [[[1272.5979470598488, 0.0, 826.6154927353808], [0.0, 1272.5979470598488, 479.75165386361925], [0.0, 0.0, 1.0]], [[1266.417203046554, 0.0, 816.2670197447984], [0.0, 1266.417203046554, 491.50706579294757], [0.0, 0.0, 1.0]], [[1260.8474446004698, 0.0, 807.968244525554], [0.0, 1260.8474446004698, 495.3344268742088], [0.0, 0.0, 1.0]], [[1256.7414812095406, 0.0, 792.1125740759628], [0.0, 1256.7414812095406, 492.7757465151356], [0.0, 0.0, 1.0]], [[809.2209905677063, 0.0, 829.2196003259838], [0.0, 809.2209905677063, 481.77842384512485], [0.0, 0.0, 1.0]], [[1259.5137405846733, 0.0, 807.2529053838625], [0.0, 1259.5137405846733, 501.19579884916527], [0.0, 0.0, 1.0]]], "extrinsics": [[[0.8208298683166504, -0.5705594420433044, 0.026462439447641373, -0.9552001953125], [0.007771401200443506, -0.035169463604688644, -0.9993511438369751, 1.5083389282226562], [0.5711199045181274, 0.8205028772354126, -0.024434100836515427, -1.2733154296875], [0.0, 0.0, 0.0, 1.0]], [[0.0058197928592562675, -0.9992116093635559, 0.039270829409360886, 0.00506591796875], [0.0024832363706082106, -0.03925693780183792, -0.9992260932922363, 1.5205535888671875], [0.9999800324440002, 0.005912805907428265, 0.0022528101690113544, -1.6822509765625], [0.0, 0.0, 0.0, 1.0]], [[-0.8327502012252808, -0.5536218881607056, 0.005469154566526413, 1.02557373046875], [0.008113015443086624, -0.02207961119711399, -0.9997232556343079, 1.5037097930908203], [0.5535894632339478, -0.8324754238128662, 0.022878343239426613, -1.2442626953125], [0.0, 0.0, 0.0, 1.0]], [[0.9476497769355774, 0.31931042671203613, -0.0008651958778500557, -1.1414794921875], [0.016779527068138123, -0.05250375345349312, -0.9984797239303589, 1.5885696411132812], [-0.3188703954219818, 0.9461946487426758, -0.0551130510866642, -0.10394287109375], [0.0, 0.0, 0.0, 1.0]], [[0.0023062280379235744, 0.9990941882133484, -0.042494550347328186, 0.00286865234375], [-0.00863355677574873, -0.042473189532756805, -0.999060332775116, 1.579324722290039], [-0.9999601244926453, 0.0026709300000220537, 0.008527780883014202, -0.00152587890625], [0.0, 0.0, 0.0, 1.0]], [[-0.9347072243690491, 0.3539704382419586, -0.032052360475063324, 1.13037109375], [0.024004783481359482, -0.02710368111729622, -0.9993444085121155, 1.5515937805175781], [-0.35460710525512695, -0.934863805770874, 0.016837019473314285, -0.0658111572265625], [0.0, 0.0, 0.0, 1.0]]], "view": [[0.0, -2.0, 100.0], [-2.0, 0.0, 100.0], [0.0, 0.0, 1.0]], "bev": "bev_548797e828dc4afd8b0d62c00b5438b9.png", "aux": "aux_548797e828dc4afd8b0d62c00b5438b9.npz", "visibility": "visibility_548797e828dc4afd8b0d62c00b5438b9.png", "pose": [[-0.6230100393295288, 0.7822138667106628, 0.0, 963.2039794921875], [-0.7822138667106628, -0.6230100393295288, 0.0, 532.3064575195312], [0.0, 0.0, 1.0, 0.0], [0.0, 0.0, 0.0, 1.0]], "pose_inverse": [[-0.6230100393295288, -0.7822138667106628, 0.0, 1016.4631958007812], [0.7822138667106628, -0.6230100393295288, 0.0, -421.7992248535156], [0.0, 0.0, 1.0, 0.0], [0.0, 0.0, 0.0, 1.0]], "cam_ids": [0, 1, 2, 3, 4, 5], "cam_channels": ["CAM_FRONT_LEFT", "CAM_FRONT", "CAM_FRONT_RIGHT", "CAM_BACK_LEFT", "CAM_BACK", "CAM_BACK_RIGHT"], "token": "548797e828dc4afd8b0d62c00b5438b9", "scene": "scene-0369"}, {"images": ["samples/CAM_FRONT_LEFT/n015-2018-08-03-15-00-36+0800__CAM_FRONT_LEFT__1533280077104844.jpg", "samples/CAM_FRONT/n015-2018-08-03-15-00-36+0800__CAM_FRONT__1533280077112460.jpg", "samples/CAM_FRONT_RIGHT/n015-2018-08-03-15-00-36+0800__CAM_FRONT_RIGHT__1533280077120339.jpg", "samples/CAM_BACK_LEFT/n015-2018-08-03-15-00-36+0800__CAM_BACK_LEFT__1533280077147423.jpg", "samples/CAM_BACK/n015-2018-08-03-15-00-36+0800__CAM_BACK__1533280077137525.jpg", "samples/CAM_BACK_RIGHT/n015-2018-08-03-15-00-36+0800__CAM_BACK_RIGHT__1533280077127893.jpg"], "intrinsics": [[[1272.5979470598488, 0.0, 826.6154927353808], [0.0, 1272.5979470598488, 479.75165386361925], [0.0, 0.0, 1.0]], [[1266.417203046554, 0.0, 816.2670197447984], [0.0, 1266.417203046554, 491.50706579294757], [0.0, 0.0, 1.0]], [[1260.8474446004698, 0.0, 807.968244525554], [0.0, 1260.8474446004698, 495.3344268742088], [0.0, 0.0, 1.0]], [[1256.7414812095406, 0.0, 792.1125740759628], [0.0, 1256.7414812095406, 492.7757465151356], [0.0, 0.0, 1.0]], [[809.2209905677063, 0.0, 829.2196003259838], [0.0, 809.2209905677063, 481.77842384512485], [0.0, 0.0, 1.0]], [[1259.5137405846733, 0.0, 807.2529053838625], [0.0, 1259.5137405846733, 501.19579884916527], [0.0, 0.0, 1.0]]], "extrinsics": [[[0.820790708065033, -0.5706102848052979, 0.026578504592180252, -0.9344482421875], [0.008483651094138622, -0.034346673637628555, -0.9993739724159241, 1.5085601806640625], [0.571165919303894, 0.8205024003982544, -0.02335057221353054, -1.259002685546875], [0.0, 0.0, 0.0, 1.0]], [[0.005752139259129763, -0.9992465972900391, 0.03838135302066803, 0.005279541015625], [0.003194900695234537, -0.03836342319846153, -0.9992587566375732, 1.5206298828125], [0.9999783039093018, 0.005870502442121506, 0.0029718182049691677, -1.66143798828125], [0.0, 0.0, 0.0, 1.0]], [[-0.8327782154083252, -0.5535896420478821, 0.00433933874592185, 1.0120849609375], [0.008825434371829033, -0.02111281082034111, -0.9997380971908569, 1.5038604736328125], [0.5535363554954529, -0.832521915435791, 0.0224679633975029, -1.2353515625], [0.0, 0.0, 0.0, 1.0]], [[0.9476534724235535, 0.31930068135261536, 0.00023039842199068516, -1.14031982421875], [0.017554542049765587, -0.051379673182964325, -0.9985248446464539, 1.5885848999023438], [-0.3188178241252899, 0.946259617805481, -0.05429529771208763, -0.1043701171875], [0.0, 0.0, 0.0, 1.0]], [[0.0023663933388888836, 0.9991387724876404, -0.04142686724662781, 0.00286865234375], [-0.007877008058130741, -0.04140707105398178, -0.9991113543510437, 1.5792789459228516], [-0.9999662041664124, 0.0026906528510153294, 0.0077722342684865, -0.00823974609375], [0.0, 0.0, 0.0, 1.0]], [[-0.9346683025360107, 0.3540453016757965, -0.032358065247535706, 1.1195068359375], [0.024716272950172424, -0.026086067780852318, -0.9993541240692139, 1.5518875122070312], [-0.35466068983078003, -0.9348644614219666, 0.015631141141057014, -0.07009506225585938], [0.0, 0.0, 0.0, 1.0]]], "view": [[0.0, -2.0, 100.0], [-2.0, 0.0, 100.0], [0.0, 0.0, 1.0]], "bev": "bev_38299f3c830b4b50817a9ccf4d545f43.png", "aux": "aux_38299f3c830b4b50817a9ccf4d545f43.npz", "visibility": "visibility_38299f3c830b4b50817a9ccf4d545f43.png", "pose": [[-0.6229525208473206, 0.7822596430778503, 0.0, 963.0254516601562], [-0.7822596430778503, -0.6229525208473206, 0.0, 532.083740234375], [0.0, 0.0, 1.0, 0.0], [0.0, 0.0, 0.0, 1.0]], "pose_inverse": [[-0.6229525208473206, -0.7822596430778503, 0.0, 1016.1467895507812], [0.7822596430778503, -0.6229525208473206, 0.0, -421.8730163574219], [0.0, 0.0, 1.0, 0.0], [0.0, 0.0, 0.0, 1.0]], "cam_ids": [0, 1, 2, 3, 4, 5], "cam_channels": ["CAM_FRONT_LEFT", "CAM_FRONT", "CAM_FRONT_RIGHT", "CAM_BACK_LEFT", "CAM_BACK", "CAM_BACK_RIGHT"], "token": "38299f3c830b4b50817a9ccf4d545f43", "scene": "scene-0369"}, {"images": ["samples/CAM_FRONT_LEFT/n015-2018-08-03-15-00-36+0800__CAM_FRONT_LEFT__1533280077604844.jpg", "samples/CAM_FRONT/n015-2018-08-03-15-00-36+0800__CAM_FRONT__1533280077612460.jpg", "samples/CAM_FRONT_RIGHT/n015-2018-08-03-15-00-36+0800__CAM_FRONT_RIGHT__1533280077620339.jpg", "samples/CAM_BACK_LEFT/n015-2018-08-03-15-00-36+0800__CAM_BACK_LEFT__1533280077647423.jpg", "samples/CAM_BACK/n015-2018-08-03-15-00-36+0800__CAM_BACK__1533280077637525.jpg", "samples/CAM_BACK_RIGHT/n015-2018-08-03-15-00-36+0800__CAM_BACK_RIGHT__1533280077627893.jpg"], "intrinsics": [[[1272.5979470598488, 0.0, 826.6154927353808], [0.0, 1272.5979470598488, 479.75165386361925], [0.0, 0.0, 1.0]], [[1266.417203046554, 0.0, 816.2670197447984], [0.0, 1266.417203046554, 491.50706579294757], [0.0, 0.0, 1.0]], [[1260.8474446004698, 0.0, 807.968244525554], [0.0, 1260.8474446004698, 495.3344268742088], [0.0, 0.0, 1.0]], [[1256.7414812095406, 0.0, 792.1125740759628], [0.0, 1256.7414812095406, 492.7757465151356], [0.0, 0.0, 1.0]], [[809.2209905677063, 0.0, 829.2196003259838], [0.0, 809.2209905677063, 481.77842384512485], [0.0, 0.0, 1.0]], [[1259.5137405846733, 0.0, 807.2529053838625], [0.0, 1259.5137405846733, 501.19579884916527], [0.0, 0.0, 1.0]]], "extrinsics": [[[0.8207950592041016, -0.5705208778381348, 0.028308864682912827, -0.914306640625], [0.010390009731054306, -0.034639012068510056, -0.9993458390235901, 1.508890151977539], [0.571128249168396, 0.8205523490905762, -0.022503811866044998, -1.2450408935546875], [0.0, 0.0, 0.0, 1.0]], [[0.0057683163322508335, -0.9992284774780273, 0.03884681314229965, 0.00543212890625], [0.0051914602518081665, -0.038817014545202255, -0.9992328882217407, 1.5207996368408203], [0.9999698996543884, 0.005965489894151688, 0.004963547457009554, -1.64093017578125], [0.0, 0.0, 0.0, 1.0]], [[-0.8327366709709167, -0.5536613464355469, 0.0029442799277603626, 0.99847412109375], [0.010914653539657593, -0.02173248864710331, -0.9997041821479797, 1.5040931701660156], [0.5535616278648376, -0.8324583172798157, 0.024140464141964912, -1.22613525390625], [0.0, 0.0, 0.0, 1.0]], [[0.9476377367973328, 0.3193400800228119, 0.0021756214555352926, -1.13909912109375], [0.019910207018256187, -0.05228108912706375, -0.9984338879585266, 1.5886192321777344], [-0.31872624158859253, 0.946196973323822, -0.0559016577899456, -0.10467529296875], [0.0, 0.0, 0.0, 1.0]], [[0.002400717930868268, 0.9991036057472229, -0.042265139520168304, 0.00286865234375], [-0.005599610973149538, -0.042251165956258774, -0.999091386795044, 1.5792646408081055], [-0.9999815225601196, 0.0026352086570113897, 0.005493157543241978, -0.01513671875], [0.0, 0.0, 0.0, 1.0]], [[-0.934624433517456, 0.3539433181285858, -0.03465773165225983, 1.1077880859375], [0.02689538523554802, -0.02682809717953205, -0.99927818775177, 1.5522689819335938], [-0.3546176254749298, -0.9348821640014648, 0.015554758720099926, -0.0743408203125], [0.0, 0.0, 0.0, 1.0]]], "view": [[0.0, -2.0, 100.0], [-2.0, 0.0, 100.0], [0.0, 0.0, 1.0]], "bev": "bev_1c92169dec574079970cd30733a4d555.png", "aux": "aux_1c92169dec574079970cd30733a4d555.npz", "visibility": "visibility_1c92169dec574079970cd30733a4d555.png", "pose": [[-0.6220008730888367, 0.783016562461853, 0.0, 962.6698608398438], [-0.783016562461853, -0.6220008730888367, 0.0, 531.6387329101562], [0.0, 0.0, 1.0, 0.0], [0.0, 0.0, 0.0, 1.0]], "pose_inverse": [[-0.6220008730888367, -0.783016562461853, 0.0, 1015.0634155273438], [0.783016562461853, -0.6220008730888367, 0.0, -423.1067199707031], [0.0, 0.0, 1.0, 0.0], [0.0, 0.0, 0.0, 1.0]], "cam_ids": [0, 1, 2, 3, 4, 5], "cam_channels": ["CAM_FRONT_LEFT", "CAM_FRONT", "CAM_FRONT_RIGHT", "CAM_BACK_LEFT", "CAM_BACK", "CAM_BACK_RIGHT"], "token": "1c92169dec574079970cd30733a4d555", "scene": "scene-0369"}, {"images": ["samples/CAM_FRONT_LEFT/n015-2018-08-03-15-00-36+0800__CAM_FRONT_LEFT__1533280078154844.jpg", "samples/CAM_FRONT/n015-2018-08-03-15-00-36+0800__CAM_FRONT__1533280078162460.jpg", "samples/CAM_FRONT_RIGHT/n015-2018-08-03-15-00-36+0800__CAM_FRONT_RIGHT__1533280078170339.jpg", "samples/CAM_BACK_LEFT/n015-2018-08-03-15-00-36+0800__CAM_BACK_LEFT__1533280078197423.jpg", "samples/CAM_BACK/n015-2018-08-03-15-00-36+0800__CAM_BACK__1533280078187525.jpg", "samples/CAM_BACK_RIGHT/n015-2018-08-03-15-00-36+0800__CAM_BACK_RIGHT__1533280078177893.jpg"], "intrinsics": [[[1272.5979470598488, 0.0, 826.6154927353808], [0.0, 1272.5979470598488, 479.75165386361925], [0.0, 0.0, 1.0]], [[1266.417203046554, 0.0, 816.2670197447984], [0.0, 1266.417203046554, 491.50706579294757], [0.0, 0.0, 1.0]], [[1260.8474446004698, 0.0, 807.968244525554], [0.0, 1260.8474446004698, 495.3344268742088], [0.0, 0.0, 1.0]], [[1256.7414812095406, 0.0, 792.1125740759628], [0.0, 1256.7414812095406, 492.7757465151356], [0.0, 0.0, 1.0]], [[809.2209905677063, 0.0, 829.2196003259838], [0.0, 809.2209905677063, 481.77842384512485], [0.0, 0.0, 1.0]], [[1259.5137405846733, 0.0, 807.2529053838625], [0.0, 1259.5137405846733, 501.19579884916527], [0.0, 0.0, 1.0]]], "extrinsics": [[[0.8207844495773315, -0.5705134868621826, 0.028760606423020363, -0.8876953125], [0.009720835834741592, -0.036390867084264755, -0.9992903470993042, 1.5091609954833984], [0.5711552500724792, 0.820481538772583, -0.02432318963110447, -1.2263031005859375], [0.0, 0.0, 0.0, 1.0]], [[0.005787987727671862, -0.9991595149040222, 0.040579743683338165, 0.00555419921875], [0.004451518878340721, -0.04055427759885788, -0.9991674423217773, 1.520883560180664], [0.9999732971191406, 0.0059638130478560925, 0.0042130486108362675, -1.613037109375], [0.0, 0.0, 0.0, 1.0]], [[-0.8327257633209229, -0.5536665320396423, 0.00458547193557024, 0.979736328125], [0.010100373066961765, -0.023470470681786537, -0.9996734857559204, 1.5042839050292969], [0.5535934567451477, -0.832407534122467, 0.025136711075901985, -1.2137451171875], [0.0, 0.0, 0.0, 1.0]], [[0.947641909122467, 0.31933432817459106, 0.0005890850443392992, -1.13812255859375], [0.01889869011938572, -0.05424119904637337, -0.9983490109443665, 1.5886344909667969], [-0.3187752068042755, 0.9460884928703308, -0.05743623897433281, -0.10504150390625], [0.0, 0.0, 0.0, 1.0]], [[0.002342531457543373, 0.9990246295928955, -0.04409462586045265, 0.00286865234375], [-0.006567110773175955, -0.04407842457294464, -0.9990065097808838, 1.5791864395141602], [-0.9999756217002869, 0.002629844006150961, 0.006457450333982706, -0.024169921875], [0.0, 0.0, 0.0, 1.0]], [[-0.9346615076065063, 0.3538644313812256, -0.034463319927453995, 1.09228515625], [0.02601839043200016, -0.028596170246601105, -0.9992523789405823, 1.5526657104492188], [-0.3545854687690735, -0.9348594546318054, 0.017520753666758537, -0.08015823364257812], [0.0, 0.0, 0.0, 1.0]]], "view": [[0.0, -2.0, 100.0], [-2.0, 0.0, 100.0], [0.0, 0.0, 1.0]], "bev": "bev_dbdeeb10e6c647b885798376d0acec90.png", "aux": "aux_dbdeeb10e6c647b885798376d0acec90.npz", "visibility": "visibility_dbdeeb10e6c647b885798376d0acec90.png", "pose": [[-0.6211226582527161, 0.7837133407592773, 0.0, 962.0637817382812], [-0.7837133407592773, -0.6211226582527161, 0.0, 530.873779296875], [0.0, 0.0, 1.0, 0.0], [0.0, 0.0, 0.0, 1.0]], "pose_inverse": [[-0.6211226582527161, -0.7837133407592773, 0.0, 1013.6124877929688], [0.7837133407592773, -0.6211226582527161, 0.0, -424.2445068359375], [0.0, 0.0, 1.0, 0.0], [0.0, 0.0, 0.0, 1.0]], "cam_ids": [0, 1, 2, 3, 4, 5], "cam_channels": ["CAM_FRONT_LEFT", "CAM_FRONT", "CAM_FRONT_RIGHT", "CAM_BACK_LEFT", "CAM_BACK", "CAM_BACK_RIGHT"], "token": "dbdeeb10e6c647b885798376d0acec90", "scene": "scene-0369"}, {"images": ["samples/CAM_FRONT_LEFT/n015-2018-08-03-15-00-36+0800__CAM_FRONT_LEFT__1533280078654844.jpg", "samples/CAM_FRONT/n015-2018-08-03-15-00-36+0800__CAM_FRONT__1533280078662460.jpg", "samples/CAM_FRONT_RIGHT/n015-2018-08-03-15-00-36+0800__CAM_FRONT_RIGHT__1533280078670339.jpg", "samples/CAM_BACK_LEFT/n015-2018-08-03-15-00-36+0800__CAM_BACK_LEFT__1533280078697423.jpg", "samples/CAM_BACK/n015-2018-08-03-15-00-36+0800__CAM_BACK__1533280078687843.jpg", "samples/CAM_BACK_RIGHT/n015-2018-08-03-15-00-36+0800__CAM_BACK_RIGHT__1533280078677893.jpg"], "intrinsics": [[[1272.5979470598488, 0.0, 826.6154927353808], [0.0, 1272.5979470598488, 479.75165386361925], [0.0, 0.0, 1.0]], [[1266.417203046554, 0.0, 816.2670197447984], [0.0, 1266.417203046554, 491.50706579294757], [0.0, 0.0, 1.0]], [[1260.8474446004698, 0.0, 807.968244525554], [0.0, 1260.8474446004698, 495.3344268742088], [0.0, 0.0, 1.0]], [[1256.7414812095406, 0.0, 792.1125740759628], [0.0, 1256.7414812095406, 492.7757465151356], [0.0, 0.0, 1.0]], [[809.2209905677063, 0.0, 829.2196003259838], [0.0, 809.2209905677063, 481.77842384512485], [0.0, 0.0, 1.0]], [[1259.5137405846733, 0.0, 807.2529053838625], [0.0, 1259.5137405846733, 501.19579884916527], [0.0, 0.0, 1.0]]], "extrinsics": [[[0.8205125331878662, -0.5707966089248657, 0.030828148126602173, -0.867919921875], [0.011836221441626549, -0.03695390000939369, -0.9992468953132629, 1.5096302032470703], [0.5715058445930481, 0.8202595114707947, -0.02356506511569023, -1.211944580078125], [0.0, 0.0, 0.0, 1.0]], [[0.005353500135242939, -0.9991447329521179, 0.040999844670295715, 0.00506591796875], [0.006525271572172642, -0.040964655578136444, -0.9991393089294434, 1.521148681640625], [0.9999643564224243, 0.005616420414298773, 0.0063003841787576675, -1.5947265625], [0.0, 0.0, 0.0, 1.0]], [[-0.8328982591629028, -0.5534177422523499, 0.003019783180207014, 0.968017578125], [0.012121988460421562, -0.023698369041085243, -0.9996456503868103, 1.504568099975586], [0.5532931685447693, -0.8325665593147278, 0.026446856558322906, -1.20660400390625], [0.0, 0.0, 0.0, 1.0]], [[0.9476341009140015, 0.3193496763706207, 0.002313861856237054, -1.13623046875], [0.020557112991809845, -0.0537673756480217, -0.9983417987823486, 1.5886802673339844], [-0.31869566440582275, 0.9461103677749634, -0.057516708970069885, -0.1058349609375], [0.0, 0.0, 0.0, 1.0]], [[0.002535998122766614, 0.9990339279174805, -0.043872490525245667, 0.00311279296875], [-0.004755424335598946, -0.04386008530855179, -0.999026358127594, 1.579202651977539], [-0.9999854564666748, 0.0027421789709478617, 0.004639599937945604, -0.0294189453125], [0.0, 0.0, 0.0, 1.0]], [[-0.9345154166221619, 0.35406866669654846, -0.036280903965234756, 1.082763671875], [0.027948252856731415, -0.028620969504117966, -0.9991995096206665, 1.55303955078125], [-0.35482364892959595, -0.9347814321517944, 0.016851140186190605, -0.084228515625], [0.0, 0.0, 0.0, 1.0]]], "view": [[0.0, -2.0, 100.0], [-2.0, 0.0, 100.0], [0.0, 0.0, 1.0]], "bev": "bev_e84daa5956784f448f68de594da2920e.png", "aux": "aux_e84daa5956784f448f68de594da2920e.npz", "visibility": "visibility_e84daa5956784f448f68de594da2920e.png", "pose": [[-0.6202600598335266, 0.784396231174469, 0.0, 961.3507690429688], [-0.784396231174469, -0.6202600598335266, 0.0, 529.96435546875], [0.0, 0.0, 1.0, 0.0], [0.0, 0.0, 0.0, 1.0]], "pose_inverse": [[-0.6202600598335266, -0.784396231174469, 0.0, 1011.989501953125], [0.784396231174469, -0.6202600598335266, 0.0, -425.3642272949219], [0.0, 0.0, 1.0, 0.0], [0.0, 0.0, 0.0, 1.0]], "cam_ids": [0, 1, 2, 3, 4, 5], "cam_channels": ["CAM_FRONT_LEFT", "CAM_FRONT", "CAM_FRONT_RIGHT", "CAM_BACK_LEFT", "CAM_BACK", "CAM_BACK_RIGHT"], "token": "e84daa5956784f448f68de594da2920e", "scene": "scene-0369"}, {"images": ["samples/CAM_FRONT_LEFT/n015-2018-08-03-15-00-36+0800__CAM_FRONT_LEFT__1533280079154844.jpg", "samples/CAM_FRONT/n015-2018-08-03-15-00-36+0800__CAM_FRONT__1533280079162460.jpg", "samples/CAM_FRONT_RIGHT/n015-2018-08-03-15-00-36+0800__CAM_FRONT_RIGHT__1533280079170339.jpg", "samples/CAM_BACK_LEFT/n015-2018-08-03-15-00-36+0800__CAM_BACK_LEFT__1533280079197423.jpg", "samples/CAM_BACK/n015-2018-08-03-15-00-36+0800__CAM_BACK__1533280079187525.jpg", "samples/CAM_BACK_RIGHT/n015-2018-08-03-15-00-36+0800__CAM_BACK_RIGHT__1533280079177893.jpg"], "intrinsics": [[[1272.5979470598488, 0.0, 826.6154927353808], [0.0, 1272.5979470598488, 479.75165386361925], [0.0, 0.0, 1.0]], [[1266.417203046554, 0.0, 816.2670197447984], [0.0, 1266.417203046554, 491.50706579294757], [0.0, 0.0, 1.0]], [[1260.8474446004698, 0.0, 807.968244525554], [0.0, 1260.8474446004698, 495.3344268742088], [0.0, 0.0, 1.0]], [[1256.7414812095406, 0.0, 792.1125740759628], [0.0, 1256.7414812095406, 492.7757465151356], [0.0, 0.0, 1.0]], [[809.2209905677063, 0.0, 829.2196003259838], [0.0, 809.2209905677063, 481.77842384512485], [0.0, 0.0, 1.0]], [[1259.5137405846733, 0.0, 807.2529053838625], [0.0, 1259.5137405846733, 501.19579884916527], [0.0, 0.0, 1.0]]], "extrinsics": [[[0.8209448456764221, -0.5705171823501587, 0.02366027981042862, -0.8621826171875], [0.005546113476157188, -0.03346719965338707, -0.999424397945404, 1.508932113647461], [0.5709806680679321, 0.8206035494804382, -0.02431056648492813, -1.208404541015625], [0.0, 0.0, 0.0, 1.0]], [[0.006004570983350277, -0.9992796182632446, 0.03747190162539482, 0.00555419921875], [0.00013101955119054765, -0.03747178986668587, -0.9992977380752563, 1.520538330078125], [0.9999818801879883, 0.00600526574999094, -9.408038022229448e-05, -1.58697509765625], [0.0, 0.0, 0.0, 1.0]], [[-0.8326960206031799, -0.553692102432251, 0.00650714011862874, 0.9625244140625], [0.005617392715066671, -0.020197669044137, -0.9997801780700684, 1.5041112899780273], [0.5537019371986389, -0.8324764370918274, 0.01992882788181305, -1.2025146484375], [0.0, 0.0, 0.0, 1.0]], [[0.9476707577705383, 0.3192354440689087, -0.0029821284115314484, -1.13604736328125], [0.013774272985756397, -0.050218600779771805, -0.9986432194709778, 1.5886421203613281], [-0.3189520835876465, 0.9463439583778381, -0.05198793485760689, -0.10565185546875], [0.0, 0.0, 0.0, 1.0]], [[0.0022024023346602917, 0.9991815686225891, -0.04039081186056137, 0.002960205078125], [-0.011444998905062675, -0.04036307707428932, -0.9991195201873779, 1.5789551734924316], [-0.999932050704956, 0.002662758342921734, 0.011346735991537571, -0.032958984375], [0.0, 0.0, 0.0, 1.0]], [[-0.9348007440567017, 0.3539959192276001, -0.028887327760457993, 1.078125], [0.021370550617575645, -0.02512572705745697, -0.9994558691978455, 1.5527763366699219], [-0.35452908277511597, -0.9349094033241272, 0.015922462567687035, -0.08586502075195312], [0.0, 0.0, 0.0, 1.0]]], "view": [[0.0, -2.0, 100.0], [-2.0, 0.0, 100.0], [0.0, 0.0, 1.0]], "bev": "bev_bda9f37d7d1d43a483d6d982ae88e0c9.png", "aux": "aux_bda9f37d7d1d43a483d6d982ae88e0c9.npz", "visibility": "visibility_bda9f37d7d1d43a483d6d982ae88e0c9.png", "pose": [[-0.6193197965621948, 0.7851388454437256, 0.0, 960.53125], [-0.7851388454437256, -0.6193197965621948, 0.0, 528.9165649414062], [0.0, 0.0, 1.0, 0.0], [0.0, 0.0, 0.0, 1.0]], "pose_inverse": [[-0.6193197965621948, -0.7851388454437256, 0.0, 1010.1489868164062], [0.7851388454437256, -0.6193197965621948, 0.0, -426.5818786621094], [0.0, 0.0, 1.0, 0.0], [0.0, 0.0, 0.0, 1.0]], "cam_ids": [0, 1, 2, 3, 4, 5], "cam_channels": ["CAM_FRONT_LEFT", "CAM_FRONT", "CAM_FRONT_RIGHT", "CAM_BACK_LEFT", "CAM_BACK", "CAM_BACK_RIGHT"], "token": "bda9f37d7d1d43a483d6d982ae88e0c9", "scene": "scene-0369"}, {"images": ["samples/CAM_FRONT_LEFT/n015-2018-08-03-15-00-36+0800__CAM_FRONT_LEFT__1533280079654844.jpg", "samples/CAM_FRONT/n015-2018-08-03-15-00-36+0800__CAM_FRONT__1533280079662460.jpg", "samples/CAM_FRONT_RIGHT/n015-2018-08-03-15-00-36+0800__CAM_FRONT_RIGHT__1533280079670339.jpg", "samples/CAM_BACK_LEFT/n015-2018-08-03-15-00-36+0800__CAM_BACK_LEFT__1533280079697423.jpg", "samples/CAM_BACK/n015-2018-08-03-15-00-36+0800__CAM_BACK__1533280079687525.jpg", "samples/CAM_BACK_RIGHT/n015-2018-08-03-15-00-36+0800__CAM_BACK_RIGHT__1533280079677893.jpg"], "intrinsics": [[[1272.5979470598488, 0.0, 826.6154927353808], [0.0, 1272.5979470598488, 479.75165386361925], [0.0, 0.0, 1.0]], [[1266.417203046554, 0.0, 816.2670197447984], [0.0, 1266.417203046554, 491.50706579294757], [0.0, 0.0, 1.0]], [[1260.8474446004698, 0.0, 807.968244525554], [0.0, 1260.8474446004698, 495.3344268742088], [0.0, 0.0, 1.0]], [[1256.7414812095406, 0.0, 792.1125740759628], [0.0, 1256.7414812095406, 492.7757465151356], [0.0, 0.0, 1.0]], [[809.2209905677063, 0.0, 829.2196003259838], [0.0, 809.2209905677063, 481.77842384512485], [0.0, 0.0, 1.0]], [[1259.5137405846733, 0.0, 807.2529053838625], [0.0, 1259.5137405846733, 501.19579884916527], [0.0, 0.0, 1.0]]], "extrinsics": [[[0.8209949135780334, -0.5709097981452942, 0.005402399227023125, -0.865966796875], [-0.00744982436299324, -0.020173795521259308, -0.9997687339782715, 1.5073672533035278], [0.5708867907524109, 0.8207648992538452, -0.020815763622522354, -1.212188720703125], [0.0, 0.0, 0.0, 1.0]], [[0.006076863966882229, -0.9996926188468933, 0.024036064743995667, 0.00616455078125], [-0.012930667959153652, -0.024113057181239128, -0.9996256232261658, 1.5192681550979614], [0.9998979568481445, 0.005763838533312082, -0.013073224574327469, -1.59375], [0.0, 0.0, 0.0, 1.0]], [[-0.8327913284301758, -0.5534967184066772, 0.009999647736549377, 0.96832275390625], [-0.0075002326630055904, -0.006780542898923159, -0.9999488592147827, 1.5030677318572998], [0.5535362362861633, -0.8328237533569336, 0.0014954247744753957, -1.2056884765625], [0.0, 0.0, 0.0, 1.0]], [[0.9476746916770935, 0.31904056668281555, -0.011218316853046417, -1.13641357421875], [0.0005604680045507848, -0.036803655326366425, -0.9993223547935486, 1.5885601043701172], [-0.3192371428012848, 0.9470261931419373, -0.0350567065179348, -0.105712890625], [0.0, 0.0, 0.0, 1.0]], [[0.002117105294018984, 0.9996344447135925, -0.026951953768730164, 0.002716064453125], [-0.024642376229166985, -0.02689167857170105, -0.9993345737457275, 1.5785713195800781], [-0.9996941089630127, 0.002779813716188073, 0.02457643486559391, -0.03009033203125], [0.0, 0.0, 0.0, 1.0]], [[-0.9349385499954224, 0.3546130657196045, -0.011816487647593021, 1.082763671875], [0.008206401020288467, -0.011682605370879173, -0.9998980760574341, 1.5519227981567383], [-0.35471493005752563, -0.9349401593208313, 0.008012419566512108, -0.08372879028320312], [0.0, 0.0, 0.0, 1.0]]], "view": [[0.0, -2.0, 100.0], [-2.0, 0.0, 100.0], [0.0, 0.0, 1.0]], "bev": "bev_cdbaecdbbdf6443fbca81410f256b6cc.png", "aux": "aux_cdbaecdbbdf6443fbca81410f256b6cc.npz", "visibility": "visibility_cdbaecdbbdf6443fbca81410f256b6cc.png", "pose": [[-0.6215999722480774, 0.7833348512649536, 0.0, 959.68701171875], [-0.7833348512649536, -0.6215999722480774, 0.0, 527.859375], [0.0, 0.0, 1.0, 0.0], [0.0, 0.0, 0.0, 1.0]], "pose_inverse": [[-0.6215999722480774, -0.7833348512649536, 0.0, 1010.0320434570312], [0.7833348512649536, -0.6215999722480774, 0.0, -423.638916015625], [0.0, 0.0, 1.0, 0.0], [0.0, 0.0, 0.0, 1.0]], "cam_ids": [0, 1, 2, 3, 4, 5], "cam_channels": ["CAM_FRONT_LEFT", "CAM_FRONT", "CAM_FRONT_RIGHT", "CAM_BACK_LEFT", "CAM_BACK", "CAM_BACK_RIGHT"], "token": "cdbaecdbbdf6443fbca81410f256b6cc", "scene": "scene-0369"}, {"images": ["samples/CAM_FRONT_LEFT/n015-2018-08-03-15-00-36+0800__CAM_FRONT_LEFT__1533280080154844.jpg", "samples/CAM_FRONT/n015-2018-08-03-15-00-36+0800__CAM_FRONT__1533280080162460.jpg", "samples/CAM_FRONT_RIGHT/n015-2018-08-03-15-00-36+0800__CAM_FRONT_RIGHT__1533280080170339.jpg", "samples/CAM_BACK_LEFT/n015-2018-08-03-15-00-36+0800__CAM_BACK_LEFT__1533280080197423.jpg", "samples/CAM_BACK/n015-2018-08-03-15-00-36+0800__CAM_BACK__1533280080188080.jpg", "samples/CAM_BACK_RIGHT/n015-2018-08-03-15-00-36+0800__CAM_BACK_RIGHT__1533280080177893.jpg"], "intrinsics": [[[1272.5979470598488, 0.0, 826.6154927353808], [0.0, 1272.5979470598488, 479.75165386361925], [0.0, 0.0, 1.0]], [[1266.417203046554, 0.0, 816.2670197447984], [0.0, 1266.417203046554, 491.50706579294757], [0.0, 0.0, 1.0]], [[1260.8474446004698, 0.0, 807.968244525554], [0.0, 1260.8474446004698, 495.3344268742088], [0.0, 0.0, 1.0]], [[1256.7414812095406, 0.0, 792.1125740759628], [0.0, 1256.7414812095406, 492.7757465151356], [0.0, 0.0, 1.0]], [[809.2209905677063, 0.0, 829.2196003259838], [0.0, 809.2209905677063, 481.77842384512485], [0.0, 0.0, 1.0]], [[1259.5137405846733, 0.0, 807.2529053838625], [0.0, 1259.5137405846733, 501.19579884916527], [0.0, 0.0, 1.0]]], "extrinsics": [[[0.8208538293838501, -0.5711337327957153, 0.0022962314542382956, -0.8726806640625], [-0.009168265387415886, -0.01719667576253414, -0.9998100996017456, 1.5072358846664429], [0.5710647702217102, 0.8206769227981567, -0.0193522609770298, -1.21697998046875], [0.0, 0.0, 0.0, 1.0]], [[0.0059155067428946495, -0.9997602701187134, 0.021083174273371696, 0.006256103515625], [-0.014483132399618626, -0.02116699330508709, -0.9996711015701294, 1.5192065238952637], [0.9998775720596313, 0.005608210805803537, -0.014604872092604637, -1.59979248046875], [0.0, 0.0, 0.0, 1.0]], [[-0.832863986492157, -0.5533955097198486, 0.009541397914290428, 0.971923828125], [-0.008886345662176609, -0.003866733517497778, -0.999953031539917, 1.503000259399414], [0.5534064769744873, -0.8329095840454102, -0.0016972000012174249, -1.20806884765625], [0.0, 0.0, 0.0, 1.0]], [[0.9477046132087708, 0.31895697116851807, -0.01106589287519455, -1.13720703125], [-0.00030180945759639144, -0.033777449280023575, -0.9994293451309204, 1.5885543823242188], [-0.31914862990379333, 0.947167158126831, -0.03191478177905083, -0.10546875], [0.0, 0.0, 0.0, 1.0]], [[0.002197371795773506, 0.9997087121009827, -0.02403668686747551, 0.002593994140625], [-0.025687407702207565, -0.023972386494278908, -0.9993825554847717, 1.578629493713379], [-0.9996676445007324, 0.002813366474583745, 0.025627247989177704, -0.02667236328125], [0.0, 0.0, 0.0, 1.0]], [[-0.9349055290222168, 0.35476574301719666, -0.009634856134653091, 1.085693359375], [0.006971048656851053, -0.00878602173179388, -0.999937117099762, 1.551828384399414], [-0.3548280596733093, -0.9349138736724854, 0.005741010420024395, -0.08243560791015625], [0.0, 0.0, 0.0, 1.0]]], "view": [[0.0, -2.0, 100.0], [-2.0, 0.0, 100.0], [0.0, 0.0, 1.0]], "bev": "bev_25ce310420c74a3ea3a97d5d802fb784.png", "aux": "aux_25ce310420c74a3ea3a97d5d802fb784.npz", "visibility": "visibility_25ce310420c74a3ea3a97d5d802fb784.png", "pose": [[-0.6226218938827515, 0.7825228571891785, 0.0, 958.895751953125], [-0.7825228571891785, -0.6226218938827515, 0.0, 526.8743286132812], [0.0, 0.0, 1.0, 0.0], [0.0, 0.0, 0.0, 1.0]], "pose_inverse": [[-0.6226218938827515, -0.7825228571891785, 0.0, 1009.3206787109375], [0.7825228571891785, -0.6226218938827515, 0.0, -422.3143615722656], [0.0, 0.0, 1.0, 0.0], [0.0, 0.0, 0.0, 1.0]], "cam_ids": [0, 1, 2, 3, 4, 5], "cam_channels": ["CAM_FRONT_LEFT", "CAM_FRONT", "CAM_FRONT_RIGHT", "CAM_BACK_LEFT", "CAM_BACK", "CAM_BACK_RIGHT"], "token": "25ce310420c74a3ea3a97d5d802fb784", "scene": "scene-0369"}, {"images": ["samples/CAM_FRONT_LEFT/n015-2018-08-03-15-00-36+0800__CAM_FRONT_LEFT__1533280080604844.jpg", "samples/CAM_FRONT/n015-2018-08-03-15-00-36+0800__CAM_FRONT__1533280080612460.jpg", "samples/CAM_FRONT_RIGHT/n015-2018-08-03-15-00-36+0800__CAM_FRONT_RIGHT__1533280080620339.jpg", "samples/CAM_BACK_LEFT/n015-2018-08-03-15-00-36+0800__CAM_BACK_LEFT__1533280080647423.jpg", "samples/CAM_BACK/n015-2018-08-03-15-00-36+0800__CAM_BACK__1533280080637525.jpg", "samples/CAM_BACK_RIGHT/n015-2018-08-03-15-00-36+0800__CAM_BACK_RIGHT__1533280080627893.jpg"], "intrinsics": [[[1272.5979470598488, 0.0, 826.6154927353808], [0.0, 1272.5979470598488, 479.75165386361925], [0.0, 0.0, 1.0]], [[1266.417203046554, 0.0, 816.2670197447984], [0.0, 1266.417203046554, 491.50706579294757], [0.0, 0.0, 1.0]], [[1260.8474446004698, 0.0, 807.968244525554], [0.0, 1260.8474446004698, 495.3344268742088], [0.0, 0.0, 1.0]], [[1256.7414812095406, 0.0, 792.1125740759628], [0.0, 1256.7414812095406, 492.7757465151356], [0.0, 0.0, 1.0]], [[809.2209905677063, 0.0, 829.2196003259838], [0.0, 809.2209905677063, 481.77842384512485], [0.0, 0.0, 1.0]], [[1259.5137405846733, 0.0, 807.2529053838625], [0.0, 1259.5137405846733, 501.19579884916527], [0.0, 0.0, 1.0]]], "extrinsics": [[[0.8210842609405518, -0.5708067417144775, 0.0005988223711028695, -0.8697509765625], [-0.003249660599976778, -0.005723574664443731, -0.9999783039093018, 1.5078744888305664], [0.5707977414131165, 0.8210645318031311, -0.0065544648095965385, -1.21453857421875], [0.0, 0.0, 0.0, 1.0]], [[0.00617117527872324, -0.9999343156814575, 0.00966006051748991, 0.005859375], [-0.008480595424771309, -0.00971223134547472, -0.9999169111251831, 1.5197138786315918], [0.9999449849128723, 0.00608869781717658, -0.008539973758161068, -1.5955810546875], [0.0, 0.0, 0.0, 1.0]], [[-0.8327432870864868, -0.5536560416221619, -0.0018679207423701882, 0.9677734375], [-0.0027960441075265408, 0.007579157594591379, -0.9999673366546631, 1.5034279823303223], [0.5536522269248962, -0.8327109217643738, -0.007859538309276104, -1.20587158203125], [0.0, 0.0, 0.0, 1.0]], [[0.9477496147155762, 0.31901222467422485, -0.0013753282837569714, -1.1365966796875], [0.006163864862173796, -0.022622179239988327, -0.9997250437736511, 1.5885944366455078], [-0.31895557045936584, 0.9474806189537048, -0.023406509310007095, -0.10565185546875], [0.0, 0.0, 0.0, 1.0]], [[0.0022434541024267673, 0.9999170303344727, -0.01268939021974802, 0.0028076171875], [-0.019362803548574448, -0.012643607333302498, -0.9997325539588928, 1.5787286758422852], [-0.9998100399971008, 0.0024885479360818863, 0.019332829862833023, -0.03057861328125], [0.0, 0.0, 0.0, 1.0]], [[-0.9348997473716736, 0.3547295033931732, -0.011374489404261112, 1.08154296875], [0.013167561031877995, 0.002641129307448864, -0.9999098777770996, 1.5522184371948242], [-0.35466745495796204, -0.9349653124809265, -0.007140113972127438, -0.08431243896484375], [0.0, 0.0, 0.0, 1.0]]], "view": [[0.0, -2.0, 100.0], [-2.0, 0.0, 100.0], [0.0, 0.0, 1.0]], "bev": "bev_cc0cf51b26504fe49695a9d05f53d079.png", "aux": "aux_cc0cf51b26504fe49695a9d05f53d079.npz", "visibility": "visibility_cc0cf51b26504fe49695a9d05f53d079.png", "pose": [[-0.6257847547531128, 0.7799957990646362, 0.0, 958.1876831054688], [-0.7799957990646362, -0.6257847547531128, 0.0, 525.99658203125], [0.0, 0.0, 1.0, 0.0], [0.0, 0.0, 0.0, 1.0]], "pose_inverse": [[-0.6257847547531128, -0.7799957990646362, 0.0, 1009.8943481445312], [0.7799957990646362, -0.6257847547531128, 0.0, -418.2217102050781], [0.0, 0.0, 1.0, 0.0], [0.0, 0.0, 0.0, 1.0]], "cam_ids": [0, 1, 2, 3, 4, 5], "cam_channels": ["CAM_FRONT_LEFT", "CAM_FRONT", "CAM_FRONT_RIGHT", "CAM_BACK_LEFT", "CAM_BACK", "CAM_BACK_RIGHT"], "token": "cc0cf51b26504fe49695a9d05f53d079", "scene": "scene-0369"}, {"images": ["samples/CAM_FRONT_LEFT/n015-2018-08-03-15-00-36+0800__CAM_FRONT_LEFT__1533280081104844.jpg", "samples/CAM_FRONT/n015-2018-08-03-15-00-36+0800__CAM_FRONT__1533280081112460.jpg", "samples/CAM_FRONT_RIGHT/n015-2018-08-03-15-00-36+0800__CAM_FRONT_RIGHT__1533280081120339.jpg", "samples/CAM_BACK_LEFT/n015-2018-08-03-15-00-36+0800__CAM_BACK_LEFT__1533280081147423.jpg", "samples/CAM_BACK/n015-2018-08-03-15-00-36+0800__CAM_BACK__1533280081137910.jpg", "samples/CAM_BACK_RIGHT/n015-2018-08-03-15-00-36+0800__CAM_BACK_RIGHT__1533280081127893.jpg"], "intrinsics": [[[1272.5979470598488, 0.0, 826.6154927353808], [0.0, 1272.5979470598488, 479.75165386361925], [0.0, 0.0, 1.0]], [[1266.417203046554, 0.0, 816.2670197447984], [0.0, 1266.417203046554, 491.50706579294757], [0.0, 0.0, 1.0]], [[1260.8474446004698, 0.0, 807.968244525554], [0.0, 1260.8474446004698, 495.3344268742088], [0.0, 0.0, 1.0]], [[1256.7414812095406, 0.0, 792.1125740759628], [0.0, 1256.7414812095406, 492.7757465151356], [0.0, 0.0, 1.0]], [[809.2209905677063, 0.0, 829.2196003259838], [0.0, 809.2209905677063, 481.77842384512485], [0.0, 0.0, 1.0]], [[1259.5137405846733, 0.0, 807.2529053838625], [0.0, 1259.5137405846733, 501.19579884916527], [0.0, 0.0, 1.0]]], "extrinsics": [[[0.8212716579437256, -0.5705368518829346, -0.0007447206880897284, -0.8798828125], [-0.002628427231684327, -0.002478257520124316, -0.9999935030937195, 1.5079783201217651], [0.5705313086509705, 0.8212682604789734, -0.0035349375102669, -1.221893310546875], [0.0, 0.0, 0.0, 1.0]], [[0.006395004689693451, -0.9999586343765259, 0.006455990020185709, 0.0059814453125], [-0.00804208591580391, -0.006507342681288719, -0.9999465346336365, 1.5198493003845215], [0.999947190284729, 0.0063427216373384, -0.008083367720246315, -1.6070556640625], [0.0, 0.0, 0.0, 1.0]], [[-0.832671582698822, -0.5537539720535278, -0.00382694648578763, 0.9769287109375], [-0.0025500806514173746, 0.010745011270046234, -0.9999390244483948, 1.5034708976745605], [0.5537613034248352, -0.8326109647750854, -0.010359182022511959, -1.2115478515625], [0.0, 0.0, 0.0, 1.0]], [[0.9477507472038269, 0.3190109431743622, -0.0007878066971898079, -1.13751220703125], [0.005763608496636152, -0.01959213800728321, -0.9997914433479309, 1.5885848999023438], [-0.3189598321914673, 0.947548508644104, -0.020407117903232574, -0.1053466796875], [0.0, 0.0, 0.0, 1.0]], [[0.002225596457719803, 0.9999516010284424, -0.009591694921255112, 0.0028076171875], [-0.019544081762433052, -0.009546392597258091, -0.9997634291648865, 1.5788402557373047], [-0.9998064637184143, 0.0024124933406710625, 0.019521886482834816, -0.02471923828125], [0.0, 0.0, 0.0, 1.0]], [[-0.9349178075790405, 0.35471412539482117, -0.01032690703868866, 1.0902099609375], [0.013231669552624226, 0.005764334462583065, -0.9998958110809326, 1.5521001815795898], [-0.3546176552772522, -0.9349570870399475, -0.010082637891173363, -0.08091545104980469], [0.0, 0.0, 0.0, 1.0]]], "view": [[0.0, -2.0, 100.0], [-2.0, 0.0, 100.0], [0.0, 0.0, 1.0]], "bev": "bev_8f01674d932047f88946c6bb72a034c1.png", "aux": "aux_8f01674d932047f88946c6bb72a034c1.npz", "visibility": "visibility_8f01674d932047f88946c6bb72a034c1.png", "pose": [[-0.6331554651260376, 0.7740246653556824, 0.0, 957.4400634765625], [-0.7740246653556824, -0.6331554651260376, 0.0, 525.0888061523438], [0.0, 0.0, 1.0, 0.0], [0.0, 0.0, 0.0, 1.0]], "pose_inverse": [[-0.6331554651260376, -0.7740246653556824, 0.0, 1012.6400756835938], [0.7740246653556824, -0.6331554651260376, 0.0, -408.619384765625], [0.0, 0.0, 1.0, 0.0], [0.0, 0.0, 0.0, 1.0]], "cam_ids": [0, 1, 2, 3, 4, 5], "cam_channels": ["CAM_FRONT_LEFT", "CAM_FRONT", "CAM_FRONT_RIGHT", "CAM_BACK_LEFT", "CAM_BACK", "CAM_BACK_RIGHT"], "token": "8f01674d932047f88946c6bb72a034c1", "scene": "scene-0369"}, {"images": ["samples/CAM_FRONT_LEFT/n015-2018-08-03-15-00-36+0800__CAM_FRONT_LEFT__1533280081604844.jpg", "samples/CAM_FRONT/n015-2018-08-03-15-00-36+0800__CAM_FRONT__1533280081612460.jpg", "samples/CAM_FRONT_RIGHT/n015-2018-08-03-15-00-36+0800__CAM_FRONT_RIGHT__1533280081620339.jpg", "samples/CAM_BACK_LEFT/n015-2018-08-03-15-00-36+0800__CAM_BACK_LEFT__1533280081647423.jpg", "samples/CAM_BACK/n015-2018-08-03-15-00-36+0800__CAM_BACK__1533280081637525.jpg", "samples/CAM_BACK_RIGHT/n015-2018-08-03-15-00-36+0800__CAM_BACK_RIGHT__1533280081627893.jpg"], "intrinsics": [[[1272.5979470598488, 0.0, 826.6154927353808], [0.0, 1272.5979470598488, 479.75165386361925], [0.0, 0.0, 1.0]], [[1266.417203046554, 0.0, 816.2670197447984], [0.0, 1266.417203046554, 491.50706579294757], [0.0, 0.0, 1.0]], [[1260.8474446004698, 0.0, 807.968244525554], [0.0, 1260.8474446004698, 495.3344268742088], [0.0, 0.0, 1.0]], [[1256.7414812095406, 0.0, 792.1125740759628], [0.0, 1256.7414812095406, 492.7757465151356], [0.0, 0.0, 1.0]], [[809.2209905677063, 0.0, 829.2196003259838], [0.0, 809.2209905677063, 481.77842384512485], [0.0, 0.0, 1.0]], [[1259.5137405846733, 0.0, 807.2529053838625], [0.0, 1259.5137405846733, 501.19579884916527], [0.0, 0.0, 1.0]]], "extrinsics": [[[0.8216883540153503, -0.5699366927146912, -0.0005540032871067524, -0.8763427734375], [-0.0014293757267296314, -0.001088715740479529, -0.9999983906745911, 1.508097767829895], [0.5699352622032166, 0.8216878771781921, -0.0017092387424781919, -1.2209320068359375], [0.0, 0.0, 0.0, 1.0]], [[0.007022564765065908, -0.9999626278877258, 0.005052812397480011, 0.007080078125], [-0.006647029425948858, -0.00509950565174222, -0.9999649524688721, 1.5199542045593262], [0.9999531507492065, 0.006988738663494587, -0.006682592444121838, -1.60406494140625], [0.0, 0.0, 0.0, 1.0]], [[-0.8323684334754944, -0.5541907548904419, -0.005946964491158724, 0.975341796875], [-0.0009644991368986666, 0.01217872928828001, -0.9999253749847412, 1.5035653114318848], [0.5542218685150146, -0.83230060338974, -0.01067170687019825, -1.2095947265625], [0.0, 0.0, 0.0, 1.0]], [[0.947738766670227, 0.31904149055480957, 0.0019204288255423307, -1.13775634765625], [0.008059495128691196, -0.017923178151249886, -0.9998068809509277, 1.5885944366455078], [-0.3189454674720764, 0.9475712776184082, -0.019557805731892586, -0.105224609375], [0.0, 0.0, 0.0, 1.0]], [[0.00200665555894374