[{"images": ["samples/CAM_FRONT_LEFT/n008-2018-08-29-16-04-13-0400__CAM_FRONT_LEFT__1535573569854799.jpg", "samples/CAM_FRONT/n008-2018-08-29-16-04-13-0400__CAM_FRONT__1535573569862404.jpg", "samples/CAM_FRONT_RIGHT/n008-2018-08-29-16-04-13-0400__CAM_FRONT_RIGHT__1535573569870482.jpg", "samples/CAM_BACK_LEFT/n008-2018-08-29-16-04-13-0400__CAM_BACK_LEFT__1535573569897405.jpg", "samples/CAM_BACK/n008-2018-08-29-16-04-13-0400__CAM_BACK__1535573569887558.jpg", "samples/CAM_BACK_RIGHT/n008-2018-08-29-16-04-13-0400__CAM_BACK_RIGHT__1535573569878113.jpg"], "intrinsics": [[[1257.8625342125129, 0.0, 827.2410631095686], [0.0, 1257.8625342125129, 450.915498205774], [0.0, 0.0, 1.0]], [[1252.8131021185304, 0.0, 826.588114781398], [0.0, 1252.8131021185304, 469.9846626224581], [0.0, 0.0, 1.0]], [[1256.7485116440405, 0.0, 817.7887570959712], [0.0, 1256.7485116440403, 451.9541780095127], [0.0, 0.0, 1.0]], [[1254.9860565800168, 0.0, 829.5769333630991], [0.0, 1254.9860565800168, 467.1680561863987], [0.0, 0.0, 1.0]], [[796.8910634503094, 0.0, 857.7774326863696], [0.0, 796.8910634503094, 476.8848988407415], [0.0, 0.0, 1.0]], [[1249.9629280788233, 0.0, 825.3768045375984], [0.0, 1249.9629280788233, 462.54816385708756], [0.0, 0.0, 1.0]]], "extrinsics": [[[0.822342574596405, -0.5685025453567505, -0.023613281548023224, -1.0050048828125], [-0.012353473342955112, 0.023651765659451485, -0.9996439218521118, 1.4882888793945312], [0.5688585638999939, 0.8223415017127991, 0.012426870875060558, -1.33349609375], [0.0, 0.0, 0.0, 1.0]], [[0.010058904066681862, -0.9997568130493164, -0.0196246225386858, 0.00537109375], [-0.010400824248790741, 0.019519947469234467, -0.9997553825378418, 1.48016357421875], [0.9998952746391296, 0.010260597802698612, -0.010201944038271904, -1.73480224609375], [0.0, 0.0, 0.0, 1.0]], [[-0.8441122770309448, -0.5361530184745789, -0.003795672906562686, 1.0906982421875], [-0.002378186210989952, 0.010823211632668972, -0.9999385476112366, 1.4930706024169922], [0.5361611843109131, -0.8440514206886292, -0.010411078110337257, -1.277587890625], [0.0, 0.0, 0.0, 1.0]], [[0.9476543664932251, 0.3187885880470276, -0.018028168007731438, -1.1439056396484375], [-0.027751442044973373, 0.025984739884734154, -0.9992771148681641, 1.5620384216308594], [-0.3180897831916809, 0.9474695324897766, 0.033471398055553436, -0.156005859375], [0.0, 0.0, 0.0, 1.0]], [[0.009394818916916847, 0.9997897744178772, 0.018222413957118988, -0.0286865234375], [-0.02563443034887314, 0.018458029255270958, -0.9995009303092957, 1.5680618286132812], [-0.9996271133422852, 0.008922986686229706, 0.025802453979849815, 0.044281005859375], [0.0, 0.0, 0.0, 1.0]], [[-0.923620879650116, 0.38287609815597534, 0.018176302313804626, 1.1605224609375], [-0.021436015143990517, -0.004248865880072117, -0.999761164188385, 1.5478103160858154], [-0.3827073276042938, -0.923789918422699, 0.012131678871810436, -0.043701171875], [0.0, 0.0, 0.0, 1.0]]], "view": [[0.0, -2.0, 100.0], [-2.0, 0.0, 100.0], [0.0, 0.0, 1.0]], "bev": "bev_634c113dbd044f4a9c36693e917e8ee7.png", "aux": "aux_634c113dbd044f4a9c36693e917e8ee7.npz", "visibility": "visibility_634c113dbd044f4a9c36693e917e8ee7.png", "pose": [[-0.8514472842216492, -0.5244401693344116, 0.0, 432.40509033203125], [0.5244401693344116, -0.8514472842216492, 0.0, 1619.3499755859375], [0.0, 0.0, 1.0, 0.0], [0.0, 0.0, 0.0, 1.0]], "pose_inverse": [[-0.8514472842216492, 0.5244401693344116, 0.0, -481.08203125], [-0.5244401693344116, -0.8514472842216492, 0.0, 1605.561767578125], [0.0, 0.0, 1.0, 0.0], [0.0, 0.0, 0.0, 1.0]], "cam_ids": [0, 1, 2, 3, 4, 5], "cam_channels": ["CAM_FRONT_LEFT", "CAM_FRONT", "CAM_FRONT_RIGHT", "CAM_BACK_LEFT", "CAM_BACK", "CAM_BACK_RIGHT"], "token": "634c113dbd044f4a9c36693e917e8ee7", "scene": "scene-0716"}, {"images": ["samples/CAM_FRONT_LEFT/n008-2018-08-29-16-04-13-0400__CAM_FRONT_LEFT__1535573570354799.jpg", "samples/CAM_FRONT/n008-2018-08-29-16-04-13-0400__CAM_FRONT__1535573570362404.jpg", "samples/CAM_FRONT_RIGHT/n008-2018-08-29-16-04-13-0400__CAM_FRONT_RIGHT__1535573570370482.jpg", "samples/CAM_BACK_LEFT/n008-2018-08-29-16-04-13-0400__CAM_BACK_LEFT__1535573570397405.jpg", "samples/CAM_BACK/n008-2018-08-29-16-04-13-0400__CAM_BACK__1535573570387558.jpg", "samples/CAM_BACK_RIGHT/n008-2018-08-29-16-04-13-0400__CAM_BACK_RIGHT__1535573570378113.jpg"], "intrinsics": [[[1257.8625342125129, 0.0, 827.2410631095686], [0.0, 1257.8625342125129, 450.915498205774], [0.0, 0.0, 1.0]], [[1252.8131021185304, 0.0, 826.588114781398], [0.0, 1252.8131021185304, 469.9846626224581], [0.0, 0.0, 1.0]], [[1256.7485116440405, 0.0, 817.7887570959712], [0.0, 1256.7485116440403, 451.9541780095127], [0.0, 0.0, 1.0]], [[1254.9860565800168, 0.0, 829.5769333630991], [0.0, 1254.9860565800168, 467.1680561863987], [0.0, 0.0, 1.0]], [[796.8910634503094, 0.0, 857.7774326863696], [0.0, 796.8910634503094, 476.8848988407415], [0.0, 0.0, 1.0]], [[1249.9629280788233, 0.0, 825.3768045375984], [0.0, 1249.9629280788233, 462.54816385708756], [0.0, 0.0, 1.0]]], "extrinsics": [[[0.8223357200622559, -0.5685127377510071, -0.023606976494193077, -1.0050048828125], [-0.012329813092947006, 0.02367461659014225, -0.9996436834335327, 1.4882965087890625], [0.5688689947128296, 0.8223337531089783, 0.012458826415240765, -1.3333740234375], [0.0, 0.0, 0.0, 1.0]], [[0.010048743337392807, -0.9997561573982239, -0.019664226099848747, 0.0054931640625], [-0.01036730594933033, 0.01955999992787838, -0.9997549057006836, 1.4801673889160156], [0.9998957514762878, 0.010250144638121128, -0.010168226435780525, -1.7347412109375], [0.0, 0.0, 0.0, 1.0]], [[-0.8441165685653687, -0.5361459255218506, -0.0038408851251006126, 1.09063720703125], [-0.0023516311775892973, 0.01086588203907013, -0.9999381899833679, 1.4930706024169922], [0.5361545085906982, -0.8440554141998291, -0.010432887822389603, -1.277587890625], [0.0, 0.0, 0.0, 1.0]], [[0.9476556181907654, 0.31878671050071716, -0.017995232716202736, -1.143798828125], [-0.02772792987525463, 0.026018362492322922, -0.9992768168449402, 1.562042236328125], [-0.31808802485466003, 0.9474692940711975, 0.03349574655294418, -0.156005859375], [0.0, 0.0, 0.0, 1.0]], [[0.009397858753800392, 0.9997891187667847, 0.018260395154356956, -0.0289306640625], [-0.025605225935578346, 0.018495818600058556, -0.9995009899139404, 1.5680618286132812], [-0.9996278882026672, 0.008925557136535645, 0.02577364630997181, 0.044342041015625], [0.0, 0.0, 0.0, 1.0]], [[-0.9236190319061279, 0.3828808665275574, 0.018167369067668915, 1.1607666015625], [-0.021409306675195694, -0.00420757383108139, -0.9997619390487671, 1.5478105545043945], [-0.38271334767341614, -0.9237881302833557, 0.012083410285413265, -0.043701171875], [0.0, 0.0, 0.0, 1.0]]], "view": [[0.0, -2.0, 100.0], [-2.0, 0.0, 100.0], [0.0, 0.0, 1.0]], "bev": "bev_2702161080164b38a8c3ee6b41f71440.png", "aux": "aux_2702161080164b38a8c3ee6b41f71440.npz", "visibility": "visibility_2702161080164b38a8c3ee6b41f71440.png", "pose": [[-0.8514781594276428, -0.5243901014328003, 0.0, 432.40509033203125], [0.5243901014328003, -0.8514781594276428, 0.0, 1619.3499755859375], [0.0, 0.0, 1.0, 0.0], [0.0, 0.0, 0.0, 1.0]], "pose_inverse": [[-0.8514781594276428, 0.5243901014328003, 0.0, -480.98760986328125], [-0.5243901014328003, -0.8514781594276428, 0.0, 1605.590087890625], [0.0, 0.0, 1.0, 0.0], [0.0, 0.0, 0.0, 1.0]], "cam_ids": [0, 1, 2, 3, 4, 5], "cam_channels": ["CAM_FRONT_LEFT", "CAM_FRONT", "CAM_FRONT_RIGHT", "CAM_BACK_LEFT", "CAM_BACK", "CAM_BACK_RIGHT"], "token": "2702161080164b38a8c3ee6b41f71440", "scene": "scene-0716"}, {"images": ["samples/CAM_FRONT_LEFT/n008-2018-08-29-16-04-13-0400__CAM_FRONT_LEFT__1535573570854799.jpg", "samples/CAM_FRONT/n008-2018-08-29-16-04-13-0400__CAM_FRONT__1535573570862404.jpg", "samples/CAM_FRONT_RIGHT/n008-2018-08-29-16-04-13-0400__CAM_FRONT_RIGHT__1535573570870482.jpg", "samples/CAM_BACK_LEFT/n008-2018-08-29-16-04-13-0400__CAM_BACK_LEFT__1535573570897405.jpg", "samples/CAM_BACK/n008-2018-08-29-16-04-13-0400__CAM_BACK__1535573570887558.jpg", "samples/CAM_BACK_RIGHT/n008-2018-08-29-16-04-13-0400__CAM_BACK_RIGHT__1535573570878113.jpg"], "intrinsics": [[[1257.8625342125129, 0.0, 827.2410631095686], [0.0, 1257.8625342125129, 450.915498205774], [0.0, 0.0, 1.0]], [[1252.8131021185304, 0.0, 826.588114781398], [0.0, 1252.8131021185304, 469.9846626224581], [0.0, 0.0, 1.0]], [[1256.7485116440405, 0.0, 817.7887570959712], [0.0, 1256.7485116440403, 451.9541780095127], [0.0, 0.0, 1.0]], [[1254.9860565800168, 0.0, 829.5769333630991], [0.0, 1254.9860565800168, 467.1680561863987], [0.0, 0.0, 1.0]], [[796.8910634503094, 0.0, 857.7774326863696], [0.0, 796.8910634503094, 476.8848988407415], [0.0, 0.0, 1.0]], [[1249.9629280788233, 0.0, 825.3768045375984], [0.0, 1249.9629280788233, 462.54816385708756], [0.0, 0.0, 1.0]]], "extrinsics": [[[0.8223494291305542, -0.5684924721717834, -0.023616332560777664, -1.0050048828125], [-0.012315699830651283, 0.023711996152997017, -0.9996429681777954, 1.4883003234863281], [0.5688494443893433, 0.8223466873168945, 0.012498164549469948, -1.3333740234375], [0.0, 0.0, 0.0, 1.0]], [[0.010067329742014408, -0.999755322933197, -0.01969252899289131, 0.00537109375], [-0.01036816742271185, 0.019588103517889977, -0.9997544288635254, 1.4801673889160156], [0.9998955726623535, 0.01026897318661213, -0.010168432258069515, -1.734588623046875], [0.0, 0.0, 0.0, 1.0]], [[-0.8441096544265747, -0.5361567735671997, -0.0038666678592562675, 1.0906982421875], [-0.0023436241317540407, 0.010901108384132385, -0.9999378323554993, 1.493072509765625], [0.5361655354499817, -0.8440480828285217, -0.010458282195031643, -1.277587890625], [0.0, 0.0, 0.0, 1.0]], [[0.9476546049118042, 0.31879132986068726, -0.01796581596136093, -1.1438674926757812], [-0.027714191004633904, 0.02606932446360588, -0.9992758631706238, 1.562042236328125], [-0.31809210777282715, 0.9474663138389587, 0.03353976085782051, -0.1561279296875], [0.0, 0.0, 0.0, 1.0]], [[0.009393167681992054, 0.999788224697113, 0.01831202208995819, -0.02880859375], [-0.02559284307062626, 0.018547197803854942, -0.9995003342628479, 1.5680580139160156], [-0.9996282458305359, 0.008919749408960342, 0.025761641561985016, 0.04437255859375], [0.0, 0.0, 0.0, 1.0]], [[-0.9236226677894592, 0.3828718066215515, 0.01817341335117817, 1.1607666015625], [-0.021397583186626434, -0.004163783974945545, -0.9997623562812805, 1.5478110313415527], [-0.38270509243011475, -0.9237920641899109, 0.012038297019898891, -0.043701171875], [0.0, 0.0, 0.0, 1.0]]], "view": [[0.0, -2.0, 100.0], [-2.0, 0.0, 100.0], [0.0, 0.0, 1.0]], "bev": "bev_a3009e9b5a1e425a91dbf30ead65f7bc.png", "aux": "aux_a3009e9b5a1e425a91dbf30ead65f7bc.npz", "visibility": "visibility_a3009e9b5a1e425a91dbf30ead65f7bc.png", "pose": [[-0.8514949679374695, -0.5243627429008484, 0.0, 432.4051208496094], [0.5243627429008484, -0.8514949679374695, 0.0, 1619.3499755859375], [0.0, 0.0, 1.0, 0.0], [0.0, 0.0, 0.0, 1.0]], "pose_inverse": [[-0.8514949679374695, 0.5243627429008484, 0.0, -480.9360046386719], [-0.5243627429008484, -0.8514949679374695, 0.0, 1605.60546875], [0.0, 0.0, 1.0, 0.0], [0.0, 0.0, 0.0, 1.0]], "cam_ids": [0, 1, 2, 3, 4, 5], "cam_channels": ["CAM_FRONT_LEFT", "CAM_FRONT", "CAM_FRONT_RIGHT", "CAM_BACK_LEFT", "CAM_BACK", "CAM_BACK_RIGHT"], "token": "a3009e9b5a1e425a91dbf30ead65f7bc", "scene": "scene-0716"}, {"images": ["samples/CAM_FRONT_LEFT/n008-2018-08-29-16-04-13-0400__CAM_FRONT_LEFT__1535573571354799.jpg", "samples/CAM_FRONT/n008-2018-08-29-16-04-13-0400__CAM_FRONT__1535573571362404.jpg", "samples/CAM_FRONT_RIGHT/n008-2018-08-29-16-04-13-0400__CAM_FRONT_RIGHT__1535573571370482.jpg", "samples/CAM_BACK_LEFT/n008-2018-08-29-16-04-13-0400__CAM_BACK_LEFT__1535573571397405.jpg", "samples/CAM_BACK/n008-2018-08-29-16-04-13-0400__CAM_BACK__1535573571387558.jpg", "samples/CAM_BACK_RIGHT/n008-2018-08-29-16-04-13-0400__CAM_BACK_RIGHT__1535573571378113.jpg"], "intrinsics": [[[1257.8625342125129, 0.0, 827.2410631095686], [0.0, 1257.8625342125129, 450.915498205774], [0.0, 0.0, 1.0]], [[1252.8131021185304, 0.0, 826.588114781398], [0.0, 1252.8131021185304, 469.9846626224581], [0.0, 0.0, 1.0]], [[1256.7485116440405, 0.0, 817.7887570959712], [0.0, 1256.7485116440403, 451.9541780095127], [0.0, 0.0, 1.0]], [[1254.9860565800168, 0.0, 829.5769333630991], [0.0, 1254.9860565800168, 467.1680561863987], [0.0, 0.0, 1.0]], [[796.8910634503094, 0.0, 857.7774326863696], [0.0, 796.8910634503094, 476.8848988407415], [0.0, 0.0, 1.0]], [[1249.9629280788233, 0.0, 825.3768045375984], [0.0, 1249.9629280788233, 462.54816385708756], [0.0, 0.0, 1.0]]], "extrinsics": [[[0.8223618865013123, -0.5684747099876404, -0.02361186221241951, -1.005126953125], [-0.0123276486992836, 0.023687338456511497, -0.9996433854103088, 1.4882965087890625], [0.5688314437866211, 0.8223596811294556, 0.012471605092287064, -1.3333740234375], [0.0, 0.0, 0.0, 1.0]], [[0.01008891686797142, -0.999755322933197, -0.01968403160572052, 0.0052490234375], [-0.010375922545790672, 0.01957930624485016, -0.9997544288635254, 1.4801673889160156], [0.9998952746391296, 0.010290749371051788, -0.010175846517086029, -1.73480224609375], [0.0, 0.0, 0.0, 1.0]], [[-0.844097912311554, -0.5361753106117249, -0.0038487743586301804, 1.09063720703125], [-0.0023497045040130615, 0.010876881889998913, -0.9999380707740784, 1.4930706024169922], [0.5361840724945068, -0.8440366387367249, -0.010441008023917675, -1.277587890625], [0.0, 0.0, 0.0, 1.0]], [[0.9476553201675415, 0.3187899887561798, -0.017954938113689423, -1.1439056396484375], [-0.027697207406163216, 0.0260530523955822, -0.9992767572402954, 1.562042236328125], [-0.31809180974960327, 0.9474672675132751, 0.03351890668272972, -0.15625], [0.0, 0.0, 0.0, 1.0]], [[0.009383082389831543, 0.999788761138916, 0.01828676275908947, -0.02880859375], [-0.02557595819234848, 0.018521534278988838, -0.9995012879371643, 1.5680618286132812], [-0.9996288418769836, 0.008910691365599632, 0.025744346901774406, 0.044281005859375], [0.0, 0.0, 0.0, 1.0]], [[-0.9236294031143188, 0.3828563094139099, 0.01815584860742092, 1.16064453125], [-0.021391024813055992, -0.0041943881660699844, -0.9997624158859253, 1.5478136539459229], [-0.3826892375946045, -0.9237983226776123, 0.012063750997185707, -0.043701171875], [0.0, 0.0, 0.0, 1.0]]], "view": [[0.0, -2.0, 100.0], [-2.0, 0.0, 100.0], [0.0, 0.0, 1.0]], "bev": "bev_b8586695eaea4384b303813c0011e5a3.png", "aux": "aux_b8586695eaea4384b303813c0011e5a3.npz", "visibility": "visibility_b8586695eaea4384b303813c0011e5a3.png", "pose": [[-0.8514701724052429, -0.5244030356407166, 0.0, 432.4051208496094], [0.5244030356407166, -0.8514701724052429, 0.0, 1619.3499755859375], [0.0, 0.0, 1.0, 0.0], [0.0, 0.0, 0.0, 1.0]], "pose_inverse": [[-0.8514701724052429, 0.5244030356407166, 0.0, -481.0119934082031], [-0.5244030356407166, -0.8514701724052429, 0.0, 1605.582763671875], [0.0, 0.0, 1.0, 0.0], [0.0, 0.0, 0.0, 1.0]], "cam_ids": [0, 1, 2, 3, 4, 5], "cam_channels": ["CAM_FRONT_LEFT", "CAM_FRONT", "CAM_FRONT_RIGHT", "CAM_BACK_LEFT", "CAM_BACK", "CAM_BACK_RIGHT"], "token": "b8586695eaea4384b303813c0011e5a3", "scene": "scene-0716"}, {"images": ["samples/CAM_FRONT_LEFT/n008-2018-08-29-16-04-13-0400__CAM_FRONT_LEFT__1535573571854799.jpg", "samples/CAM_FRONT/n008-2018-08-29-16-04-13-0400__CAM_FRONT__1535573571862404.jpg", "samples/CAM_FRONT_RIGHT/n008-2018-08-29-16-04-13-0400__CAM_FRONT_RIGHT__1535573571870482.jpg", "samples/CAM_BACK_LEFT/n008-2018-08-29-16-04-13-0400__CAM_BACK_LEFT__1535573571897405.jpg", "samples/CAM_BACK/n008-2018-08-29-16-04-13-0400__CAM_BACK__1535573571887558.jpg", "samples/CAM_BACK_RIGHT/n008-2018-08-29-16-04-13-0400__CAM_BACK_RIGHT__1535573571878113.jpg"], "intrinsics": [[[1257.8625342125129, 0.0, 827.2410631095686], [0.0, 1257.8625342125129, 450.915498205774], [0.0, 0.0, 1.0]], [[1252.8131021185304, 0.0, 826.588114781398], [0.0, 1252.8131021185304, 469.9846626224581], [0.0, 0.0, 1.0]], [[1256.7485116440405, 0.0, 817.7887570959712], [0.0, 1256.7485116440403, 451.9541780095127], [0.0, 0.0, 1.0]], [[1254.9860565800168, 0.0, 829.5769333630991], [0.0, 1254.9860565800168, 467.1680561863987], [0.0, 0.0, 1.0]], [[796.8910634503094, 0.0, 857.7774326863696], [0.0, 796.8910634503094, 476.8848988407415], [0.0, 0.0, 1.0]], [[1249.9629280788233, 0.0, 825.3768045375984], [0.0, 1249.9629280788233, 462.54816385708756], [0.0, 0.0, 1.0]]], "extrinsics": [[[0.822342038154602, -0.5685097575187683, -0.02345624752342701, -1.0050048828125], [-0.012231926433742046, 0.023551328107714653, -0.9996477961540222, 1.4882926940917969], [0.5688619613647461, 0.8223393559455872, 0.012413278222084045, -1.33349609375], [0.0, 0.0, 0.0, 1.0]], [[0.010056477040052414, -0.9997585415840149, -0.019537925720214844, 0.0054931640625], [-0.010286720469594002, 0.019434446468949318, -0.999758243560791, 1.4801597595214844], [0.9998964667320251, 0.010255048982799053, -0.010088791139423847, -1.7347412109375], [0.0, 0.0, 0.0, 1.0]], [[-0.8441134691238403, -0.5361505746841431, -0.0038665146566927433, 1.090545654296875], [-0.002244778210297227, 0.010745353065431118, -0.9999397397041321, 1.493072509765625], [0.536159873008728, -0.8440539240837097, -0.010273837484419346, -1.2777099609375], [0.0, 0.0, 0.0, 1.0]], [[0.9476574659347534, 0.3187865614891052, -0.017899755388498306, -1.1439285278320312], [-0.02760435827076435, 0.025950193405151367, -0.9992820024490356, 1.562042236328125], [-0.3180932104587555, 0.9474712014198303, 0.0333917960524559, -0.1561279296875], [0.0, 0.0, 0.0, 1.0]], [[0.009394418448209763, 0.9997906684875488, 0.01817759871482849, -0.02880859375], [-0.02548421360552311, 0.018411874771118164, -0.9995056390762329, 1.5680618286132812], [-0.9996309876441956, 0.008926472626626492, 0.025651846081018448, 0.044403076171875], [0.0, 0.0, 0.0, 1.0]], [[-0.9236225485801697, 0.3828796446323395, 0.018015356734395027, 1.16064453125], [-0.02128906361758709, -0.004314552992582321, -0.9997640252113342, 1.5478124618530273], [-0.3827115595340729, -0.9237881302833557, 0.012136167846620083, -0.04345703125], [0.0, 0.0, 0.0, 1.0]]], "view": [[0.0, -2.0, 100.0], [-2.0, 0.0, 100.0], [0.0, 0.0, 1.0]], "bev": "bev_6a3163986173454cbc97b0f765dac2cb.png", "aux": "aux_6a3163986173454cbc97b0f765dac2cb.npz", "visibility": "visibility_6a3163986173454cbc97b0f765dac2cb.png", "pose": [[-0.8514581322669983, -0.5244225859642029, 0.0, 432.40509033203125], [0.5244225859642029, -0.8514581322669983, 0.0, 1619.3499755859375], [0.0, 0.0, 1.0, 0.0], [0.0, 0.0, 0.0, 1.0]], "pose_inverse": [[-0.8514581322669983, 0.5244225859642029, 0.0, -481.0489196777344], [-0.5244225859642029, -0.8514581322669983, 0.0, 1605.5716552734375], [0.0, 0.0, 1.0, 0.0], [0.0, 0.0, 0.0, 1.0]], "cam_ids": [0, 1, 2, 3, 4, 5], "cam_channels": ["CAM_FRONT_LEFT", "CAM_FRONT", "CAM_FRONT_RIGHT", "CAM_BACK_LEFT", "CAM_BACK", "CAM_BACK_RIGHT"], "token": "6a3163986173454cbc97b0f765dac2cb", "scene": "scene-0716"}, {"images": ["samples/CAM_FRONT_LEFT/n008-2018-08-29-16-04-13-0400__CAM_FRONT_LEFT__1535573572404799.jpg", "samples/CAM_FRONT/n008-2018-08-29-16-04-13-0400__CAM_FRONT__1535573572412404.jpg", "samples/CAM_FRONT_RIGHT/n008-2018-08-29-16-04-13-0400__CAM_FRONT_RIGHT__1535573572420525.jpg", "samples/CAM_BACK_LEFT/n008-2018-08-29-16-04-13-0400__CAM_BACK_LEFT__1535573572447405.jpg", "samples/CAM_BACK/n008-2018-08-29-16-04-13-0400__CAM_BACK__1535573572437558.jpg", "samples/CAM_BACK_RIGHT/n008-2018-08-29-16-04-13-0400__CAM_BACK_RIGHT__1535573572428113.jpg"], "intrinsics": [[[1257.8625342125129, 0.0, 827.2410631095686], [0.0, 1257.8625342125129, 450.915498205774], [0.0, 0.0, 1.0]], [[1252.8131021185304, 0.0, 826.588114781398], [0.0, 1252.8131021185304, 469.9846626224581], [0.0, 0.0, 1.0]], [[1256.7485116440405, 0.0, 817.7887570959712], [0.0, 1256.7485116440403, 451.9541780095127], [0.0, 0.0, 1.0]], [[1254.9860565800168, 0.0, 829.5769333630991], [0.0, 1254.9860565800168, 467.1680561863987], [0.0, 0.0, 1.0]], [[796.8910634503094, 0.0, 857.7774326863696], [0.0, 796.8910634503094, 476.8848988407415], [0.0, 0.0, 1.0]], [[1249.9629280788233, 0.0, 825.3768045375984], [0.0, 1249.9629280788233, 462.54816385708756], [0.0, 0.0, 1.0]]], "extrinsics": [[[0.822354257106781, -0.5684927105903625, -0.023444736376404762, -1.0050048828125], [-0.012245177291333675, 0.02351239323616028, -0.9996485114097595, 1.4883003234863281], [0.5688440799713135, 0.8223522901535034, 0.012374223209917545, -1.3333740234375], [0.0, 0.0, 0.0, 1.0]], [[0.010074972175061703, -0.999758780002594, -0.019513456150889397, 0.0052490234375], [-0.010288459248840809, 0.019409772008657455, -0.9997586607933044, 1.48016357421875], [0.9998963475227356, 0.010273429565131664, -0.010090421885251999, -1.7347412109375], [0.0, 0.0, 0.0, 1.0]], [[-0.8441056609153748, -0.5361631512641907, -0.0038428627885878086, 1.090667724609375], [-0.002264109905809164, 0.01073139626532793, -0.9999397993087769, 1.493072509765625], [0.5361721515655518, -0.8440461754798889, -0.010272365063428879, -1.277587890625], [0.0, 0.0, 0.0, 1.0]], [[0.9476564526557922, 0.3187873661518097, -0.017941273748874664, -1.1438331604003906], [-0.027634941041469574, 0.025910791009664536, -0.99928218126297, 1.5620384216308594], [-0.31809377670288086, 0.9474720358848572, 0.033364199101924896, -0.1561279296875], [0.0, 0.0, 0.0, 1.0]], [[0.009388548322021961, 0.999791145324707, 0.018153704702854156, -0.0286865234375], [-0.025522394105792046, 0.018388178199529648, -0.9995051026344299, 1.5680618286132812], [-0.9996301531791687, 0.008920544758439064, 0.025689702481031418, 0.044342041015625], [0.0, 0.0, 0.0, 1.0]], [[-0.9236260652542114, 0.38286975026130676, 0.018041091039776802, 1.16064453125], [-0.021319996565580368, -0.004322313237935305, -0.9997633099555969, 1.54781174659729], [-0.38270115852355957, -0.9237922430038452, 0.012154980562627316, -0.0438232421875], [0.0, 0.0, 0.0, 1.0]]], "view": [[0.0, -2.0, 100.0], [-2.0, 0.0, 100.0], [0.0, 0.0, 1.0]], "bev": "bev_4de06816081e4b78b85549be30110ab6.png", "aux": "aux_4de06816081e4b78b85549be30110ab6.npz", "visibility": "visibility_4de06816081e4b78b85549be30110ab6.png", "pose": [[-0.85148686170578, -0.5243759751319885, 0.0, 432.40509033203125], [0.5243759751319885, -0.85148686170578, 0.0, 1619.3499755859375], [0.0, 0.0, 1.0, 0.0], [0.0, 0.0, 0.0, 1.0]], "pose_inverse": [[-0.85148686170578, 0.5243759751319885, 0.0, -480.9609680175781], [-0.5243759751319885, -0.85148686170578, 0.0, 1605.5980224609375], [0.0, 0.0, 1.0, 0.0], [0.0, 0.0, 0.0, 1.0]], "cam_ids": [0, 1, 2, 3, 4, 5], "cam_channels": ["CAM_FRONT_LEFT", "CAM_FRONT", "CAM_FRONT_RIGHT", "CAM_BACK_LEFT", "CAM_BACK", "CAM_BACK_RIGHT"], "token": "4de06816081e4b78b85549be30110ab6", "scene": "scene-0716"}, {"images": ["samples/CAM_FRONT_LEFT/n008-2018-08-29-16-04-13-0400__CAM_FRONT_LEFT__1535573572904799.jpg", "samples/CAM_FRONT/n008-2018-08-29-16-04-13-0400__CAM_FRONT__1535573572912404.jpg", "samples/CAM_FRONT_RIGHT/n008-2018-08-29-16-04-13-0400__CAM_FRONT_RIGHT__1535573572920486.jpg", "samples/CAM_BACK_LEFT/n008-2018-08-29-16-04-13-0400__CAM_BACK_LEFT__1535573572947405.jpg", "samples/CAM_BACK/n008-2018-08-29-16-04-13-0400__CAM_BACK__1535573572937558.jpg", "samples/CAM_BACK_RIGHT/n008-2018-08-29-16-04-13-0400__CAM_BACK_RIGHT__1535573572928113.jpg"], "intrinsics": [[[1257.8625342125129, 0.0, 827.2410631095686], [0.0, 1257.8625342125129, 450.915498205774], [0.0, 0.0, 1.0]], [[1252.8131021185304, 0.0, 826.588114781398], [0.0, 1252.8131021185304, 469.9846626224581], [0.0, 0.0, 1.0]], [[1256.7485116440405, 0.0, 817.7887570959712], [0.0, 1256.7485116440403, 451.9541780095127], [0.0, 0.0, 1.0]], [[1254.9860565800168, 0.0, 829.5769333630991], [0.0, 1254.9860565800168, 467.1680561863987], [0.0, 0.0, 1.0]], [[796.8910634503094, 0.0, 857.7774326863696], [0.0, 796.8910634503094, 476.8848988407415], [0.0, 0.0, 1.0]], [[1249.9629280788233, 0.0, 825.3768045375984], [0.0, 1249.9629280788233, 462.54816385708756], [0.0, 0.0, 1.0]]], "extrinsics": [[[0.8223583102226257, -0.5684868097305298, -0.023440804332494736, -1.005126953125], [-0.012211850844323635, 0.023553812876343727, -0.9996479749679565, 1.4882965087890625], [0.5688387751579285, 0.8223550915718079, 0.012427398934960365, -1.3333740234375], [0.0, 0.0, 0.0, 1.0]], [[0.010082016699016094, -0.9997583031654358, -0.019534103572368622, 0.00537109375], [-0.010260622017085552, 0.01943063735961914, -0.9997586011886597, 1.4801597595214844], [0.9998964667320251, 0.010279962792992592, -0.010062243789434433, -1.734771728515625], [0.0, 0.0, 0.0, 1.0]], [[-0.844102680683136, -0.536167562007904, -0.0038609816692769527, 1.09063720703125], [-0.002242066664621234, 0.010730382055044174, -0.9999398589134216, 1.4930706024169922], [0.5361767411231995, -0.8440433740615845, -0.010259667411446571, -1.277587890625], [0.0, 0.0, 0.0, 1.0]], [[0.947654664516449, 0.3187931776046753, -0.017927788197994232, -1.1438941955566406], [-0.0276169553399086, 0.025898940861225128, -0.9992830157279968, 1.5620460510253906], [-0.31810033321380615, 0.9474703073501587, 0.03334735333919525, -0.156005859375], [0.0, 0.0, 0.0, 1.0]], [[0.009383771568536758, 0.9997914433479309, 0.018139192834496498, -0.02880859375], [-0.025499440729618073, 0.01837334595620632, -0.9995059370994568, 1.5680618286132812], [-0.9996307492256165, 0.008916601538658142, 0.025666534900665283, 0.0443115234375], [0.0, 0.0, 0.0, 1.0]], [[-0.9236279726028442, 0.3828663229942322, 0.018019696697592735, 1.16064453125], [-0.021304672583937645, -0.004341344814747572, -0.9997636079788208, 1.5478100776672363], [-0.38269755244255066, -0.9237935543060303, 0.012166628614068031, -0.0438232421875], [0.0, 0.0, 0.0, 1.0]]], "view": [[0.0, -2.0, 100.0], [-2.0, 0.0, 100.0], [0.0, 0.0, 1.0]], "bev": "bev_c9f90720fb804a07a0592e49ab18ee0b.png", "aux": "aux_c9f90720fb804a07a0592e49ab18ee0b.npz", "visibility": "visibility_c9f90720fb804a07a0592e49ab18ee0b.png", "pose": [[-0.8514425754547119, -0.5244477987289429, 0.0, 432.40509033203125], [0.5244477987289429, -0.8514425754547119, 0.0, 1619.3499755859375], [0.0, 0.0, 1.0, 0.0], [0.0, 0.0, 0.0, 1.0]], "pose_inverse": [[-0.8514425754547119, 0.5244477987289429, 0.0, -481.0964660644531], [-0.5244477987289429, -0.8514425754547119, 0.0, 1605.5574951171875], [0.0, 0.0, 1.0, 0.0], [0.0, 0.0, 0.0, 1.0]], "cam_ids": [0, 1, 2, 3, 4, 5], "cam_channels": ["CAM_FRONT_LEFT", "CAM_FRONT", "CAM_FRONT_RIGHT", "CAM_BACK_LEFT", "CAM_BACK", "CAM_BACK_RIGHT"], "token": "c9f90720fb804a07a0592e49ab18ee0b", "scene": "scene-0716"}, {"images": ["samples/CAM_FRONT_LEFT/n008-2018-08-29-16-04-13-0400__CAM_FRONT_LEFT__1535573573404799.jpg", "samples/CAM_FRONT/n008-2018-08-29-16-04-13-0400__CAM_FRONT__1535573573412404.jpg", "samples/CAM_FRONT_RIGHT/n008-2018-08-29-16-04-13-0400__CAM_FRONT_RIGHT__1535573573420482.jpg", "samples/CAM_BACK_LEFT/n008-2018-08-29-16-04-13-0400__CAM_BACK_LEFT__1535573573447405.jpg", "samples/CAM_BACK/n008-2018-08-29-16-04-13-0400__CAM_BACK__1535573573437558.jpg", "samples/CAM_BACK_RIGHT/n008-2018-08-29-16-04-13-0400__CAM_BACK_RIGHT__1535573573428113.jpg"], "intrinsics": [[[1257.8625342125129, 0.0, 827.2410631095686], [0.0, 1257.8625342125129, 450.915498205774], [0.0, 0.0, 1.0]], [[1252.8131021185304, 0.0, 826.588114781398], [0.0, 1252.8131021185304, 469.9846626224581], [0.0, 0.0, 1.0]], [[1256.7485116440405, 0.0, 817.7887570959712], [0.0, 1256.7485116440403, 451.9541780095127], [0.0, 0.0, 1.0]], [[1254.9860565800168, 0.0, 829.5769333630991], [0.0, 1254.9860565800168, 467.1680561863987], [0.0, 0.0, 1.0]], [[796.8910634503094, 0.0, 857.7774326863696], [0.0, 796.8910634503094, 476.8848988407415], [0.0, 0.0, 1.0]], [[1249.9629280788233, 0.0, 825.3768045375984], [0.0, 1249.9629280788233, 462.54816385708756], [0.0, 0.0, 1.0]]], "extrinsics": [[[0.8223294019699097, -0.5685293674468994, -0.02342592366039753, -1.0050048828125], [-0.012227911502122879, 0.023503322154283524, -0.999648928642273, 1.4882965087890625], [0.5688803195953369, 0.822327196598053, 0.012375544756650925, -1.33349609375], [0.0, 0.0, 0.0, 1.0]], [[0.010034874081611633, -0.999759316444397, -0.019504239782691002, 0.0052490234375], [-0.010275477543473244, 0.01940109394490719, -0.9997589588165283, 1.4801597595214844], [0.9998968243598938, 0.01023288257420063, -0.01007831934839487, -1.734771728515625], [0.0, 0.0, 0.0, 1.0]], [[-0.8441227078437805, -0.536136269569397, -0.003844346385449171, 1.090606689453125], [-0.002255799248814583, 0.010721688158810139, -0.9999399781227112, 1.4930706024169922], [0.5361453890800476, -0.8440633416175842, -0.010259835980832577, -1.2777099609375], [0.0, 0.0, 0.0, 1.0]], [[0.9476595520973206, 0.318778395652771, -0.017940061166882515, -1.1439476013183594], [-0.027623074129223824, 0.025880249217152596, -0.9992833733558655, 1.5620384216308594], [-0.318085640668869, 0.9474759101867676, 0.03333130106329918, -0.15625], [0.0, 0.0, 0.0, 1.0]], [[0.009403958916664124, 0.9997915625572205, 0.018121784552931786, -0.0286865234375], [-0.025516346096992493, 0.01835661008954048, -0.9995058178901672, 1.5680618286132812], [-0.9996301531791687, 0.008936840109527111, 0.025683652609586716, 0.044464111328125], [0.0, 0.0, 0.0, 1.0]], [[-0.9236173629760742, 0.38289183378219604, 0.018023431301116943, 1.16064453125], [-0.02131326124072075, -0.004351441282778978, -0.9997633695602417, 1.5478119850158691], [-0.38272276520729065, -0.9237829446792603, 0.012179739773273468, -0.043701171875], [0.0, 0.0, 0.0, 1.0]]], "view": [[0.0, -2.0, 100.0], [-2.0, 0.0, 100.0], [0.0, 0.0, 1.0]], "bev": "bev_921389a59d2a4d8a92317fe31a10c99f.png", "aux": "aux_921389a59d2a4d8a92317fe31a10c99f.npz", "visibility": "visibility_921389a59d2a4d8a92317fe31a10c99f.png", "pose": [[-0.851455569267273, -0.5244267582893372, 0.0, 432.40509033203125], [0.5244267582893372, -0.851455569267273, 0.0, 1619.3499755859375], [0.0, 0.0, 1.0, 0.0], [0.0, 0.0, 0.0, 1.0]], "pose_inverse": [[-0.851455569267273, 0.5244267582893372, 0.0, -481.0567932128906], [-0.5244267582893372, -0.851455569267273, 0.0, 1605.5693359375], [0.0, 0.0, 1.0, 0.0], [0.0, 0.0, 0.0, 1.0]], "cam_ids": [0, 1, 2, 3, 4, 5], "cam_channels": ["CAM_FRONT_LEFT", "CAM_FRONT", "CAM_FRONT_RIGHT", "CAM_BACK_LEFT", "CAM_BACK", "CAM_BACK_RIGHT"], "token": "921389a59d2a4d8a92317fe31a10c99f", "scene": "scene-0716"}, {"images": ["samples/CAM_FRONT_LEFT/n008-2018-08-29-16-04-13-0400__CAM_FRONT_LEFT__1535573573904799.jpg", "samples/CAM_FRONT/n008-2018-08-29-16-04-13-0400__CAM_FRONT__1535573573912404.jpg", "samples/CAM_FRONT_RIGHT/n008-2018-08-29-16-04-13-0400__CAM_FRONT_RIGHT__1535573573920482.jpg", "samples/CAM_BACK_LEFT/n008-2018-08-29-16-04-13-0400__CAM_BACK_LEFT__1535573573948433.jpg", "samples/CAM_BACK/n008-2018-08-29-16-04-13-0400__CAM_BACK__1535573573937558.jpg", "samples/CAM_BACK_RIGHT/n008-2018-08-29-16-04-13-0400__CAM_BACK_RIGHT__1535573573928113.jpg"], "intrinsics": [[[1257.8625342125129, 0.0, 827.2410631095686], [0.0, 1257.8625342125129, 450.915498205774], [0.0, 0.0, 1.0]], [[1252.8131021185304, 0.0, 826.588114781398], [0.0, 1252.8131021185304, 469.9846626224581], [0.0, 0.0, 1.0]], [[1256.7485116440405, 0.0, 817.7887570959712], [0.0, 1256.7485116440403, 451.9541780095127], [0.0, 0.0, 1.0]], [[1254.9860565800168, 0.0, 829.5769333630991], [0.0, 1254.9860565800168, 467.1680561863987], [0.0, 0.0, 1.0]], [[796.8910634503094, 0.0, 857.7774326863696], [0.0, 796.8910634503094, 476.8848988407415], [0.0, 0.0, 1.0]], [[1249.9629280788233, 0.0, 825.3768045375984], [0.0, 1249.9629280788233, 462.54816385708756], [0.0, 0.0, 1.0]]], "extrinsics": [[[0.8223222494125366, -0.5685420036315918, -0.023368457332253456, -1.005126953125], [-0.012178156524896622, 0.02347392961382866, -0.999650239944458, 1.4883003234863281], [0.568891704082489, 0.8223192691802979, 0.012379340827465057, -1.333251953125], [0.0, 0.0, 0.0, 1.0]], [[0.010024123825132847, -0.9997602701187134, -0.019465522840619087, 0.00537109375], [-0.010222411714494228, 0.019363027065992355, -0.9997602701187134, 1.4801673889160156], [0.9998974800109863, 0.010220684111118317, -0.010025862604379654, -1.7347412109375], [0.0, 0.0, 0.0, 1.0]], [[-0.8441272974014282, -0.5361287593841553, -0.0038672059308737516, 1.090667724609375], [-0.00219928496517241, 0.010675519704818726, -0.9999405741691589, 1.493072509765625], [0.5361381769180298, -0.844068706035614, -0.010190601460635662, -1.277587890625], [0.0, 0.0, 0.0, 1.0]], [[0.947661280632019, 0.31877556443214417, -0.01789594627916813, -1.1438941955566406], [-0.02756223827600479, 0.025837911292910576, -0.9992861151695251, 1.5620384216308594], [-0.31808561086654663, 0.9474779963493347, 0.033271756023168564, -0.1561279296875], [0.0, 0.0, 0.0, 1.0]], [[0.009406966157257557, 0.9997923374176025, 0.018079513683915138, -0.02880859375], [-0.025453124195337296, 0.01831386238336563, -0.9995082020759583, 1.5680618286132812], [-0.9996317625045776, 0.008942178450524807, 0.0256201159209013, 0.04425048828125], [0.0, 0.0, 0.0, 1.0]], [[-0.9236156344413757, 0.38289907574653625, 0.017956843599677086, 1.16064453125], [-0.0212576724588871, -0.004390998277813196, -0.9997643828392029, 1.5478131771087646], [-0.38272997736930847, -0.9237797260284424, 0.01219513826072216, -0.043701171875], [0.0, 0.0, 0.0, 1.0]]], "view": [[0.0, -2.0, 100.0], [-2.0, 0.0, 100.0], [0.0, 0.0, 1.0]], "bev": "bev_6244452bded6493f861250e24fd78391.png", "aux": "aux_6244452bded6493f861250e24fd78391.npz", "visibility": "visibility_6244452bded6493f861250e24fd78391.png", "pose": [[-0.8514652252197266, -0.5244110822677612, 0.0, 432.40509033203125], [0.5244110822677612, -0.8514652252197266, 0.0, 1619.3499755859375], [0.0, 0.0, 1.0, 0.0], [0.0, 0.0, 0.0, 1.0]], "pose_inverse": [[-0.8514652252197266, 0.5244110822677612, 0.0, -481.0272216796875], [-0.5244110822677612, -0.8514652252197266, 0.0, 1605.5782470703125], [0.0, 0.0, 1.0, 0.0], [0.0, 0.0, 0.0, 1.0]], "cam_ids": [0, 1, 2, 3, 4, 5], "cam_channels": ["CAM_FRONT_LEFT", "CAM_FRONT", "CAM_FRONT_RIGHT", "CAM_BACK_LEFT", "CAM_BACK", "CAM_BACK_RIGHT"], "token": "6244452bded6493f861250e24fd78391", "scene": "scene-0716"}, {"images": ["samples/CAM_FRONT_LEFT/n008-2018-08-29-16-04-13-0400__CAM_FRONT_LEFT__1535573574405221.jpg", "samples/CAM_FRONT/n008-2018-08-29-16-04-13-0400__CAM_FRONT__1535573574412404.jpg", "samples/CAM_FRONT_RIGHT/n008-2018-08-29-16-04-13-0400__CAM_FRONT_RIGHT__1535573574420482.jpg", "samples/CAM_BACK_LEFT/n008-2018-08-29-16-04-13-0400__CAM_BACK_LEFT__1535573574447405.jpg", "samples/CAM_BACK/n008-2018-08-29-16-04-13-0400__CAM_BACK__1535573574437558.jpg", "samples/CAM_BACK_RIGHT/n008-2018-08-29-16-04-13-0400__CAM_BACK_RIGHT__1535573574428113.jpg"], "intrinsics": [[[1257.8625342125129, 0.0, 827.2410631095686], [0.0, 1257.8625342125129, 450.915498205774], [0.0, 0.0, 1.0]], [[1252.8131021185304, 0.0, 826.588114781398], [0.0, 1252.8131021185304, 469.9846626224581], [0.0, 0.0, 1.0]], [[1256.7485116440405, 0.0, 817.7887570959712], [0.0, 1256.7485116440403, 451.9541780095127], [0.0, 0.0, 1.0]], [[1254.9860565800168, 0.0, 829.5769333630991], [0.0, 1254.9860565800168, 467.1680561863987], [0.0, 0.0, 1.0]], [[796.8910634503094, 0.0, 857.7774326863696], [0.0, 796.8910634503094, 476.8848988407415], [0.0, 0.0, 1.0]], [[1249.9629280788233, 0.0, 825.3768045375984], [0.0, 1249.9629280788233, 462.54816385708756], [0.0, 0.0, 1.0]]], "extrinsics": [[[0.8223485350608826, -0.5685038566589355, -0.023374374955892563, -1.005126953125], [-0.012139154598116875, 0.02354172058403492, -0.999649167060852, 1.4882965087890625], [0.5688546299934387, 0.8223437666893005, 0.012458342127501965, -1.3333740234375], [0.0, 0.0, 0.0, 1.0]], [[0.01006266288459301, -0.9997588396072388, -0.0195175651460886, 0.00537109375], [-0.010180377401411533, 0.01941511407494545, -0.9997596740722656, 1.48016357421875], [0.9998975396156311, 0.010258962400257587, -0.009982552379369736, -1.73468017578125], [0.0, 0.0, 0.0, 1.0]], [[-0.8441112041473389, -0.5361537337303162, -0.003924773074686527, 1.090606689453125], [-0.002153655979782343, 0.01071048341691494, -0.9999402761459351, 1.493072509765625], [0.5361638069152832, -0.8440524339675903, -0.010195530019700527, -1.277587890625], [0.0, 0.0, 0.0, 1.0]], [[0.9476577043533325, 0.3187884986400604, -0.01785947009921074, -1.1439323425292969], [-0.027528813108801842, 0.025851493701338768, -0.9992867112159729, 1.5620384216308594], [-0.3180994391441345, 0.9474732875823975, 0.03327423334121704, -0.15625], [0.0, 0.0, 0.0, 1.0]], [[0.009390179999172688, 0.9997921586036682, 0.018099021166563034, -0.02880859375], [-0.025418266654014587, 0.018332624807953835, -0.9995087385177612, 1.5680580139160156], [-0.9996327757835388, 0.00892549566924572, 0.025585129857063293, 0.04437255859375], [0.0, 0.0, 0.0, 1.0]], [[-0.9236248731613159, 0.38287821412086487, 0.017925670370459557, 1.1605224609375], [-0.021215109154582024, -0.004370419308543205, -0.9997653961181641, 1.5478127002716064], [-0.3827100396156311, -0.9237884879112244, 0.012159429490566254, -0.043701171875], [0.0, 0.0, 0.0, 1.0]]], "view": [[0.0, -2.0, 100.0], [-2.0, 0.0, 100.0], [0.0, 0.0, 1.0]], "bev": "bev_8b5faa09772c40a997bc9cafdf158793.png", "aux": "aux_8b5faa09772c40a997bc9cafdf158793.npz", "visibility": "visibility_8b5faa09772c40a997bc9cafdf158793.png", "pose": [[-0.8514559268951416, -0.5244262218475342, 0.0, 432.40509033203125], [0.5244262218475342, -0.8514559268951416, 0.0, 1619.3499755859375], [0.0, 0.0, 1.0, 0.0], [0.0, 0.0, 0.0, 1.0]], "pose_inverse": [[-0.8514559268951416, 0.5244262218475342, 0.0, -481.0556640625], [-0.5244262218475342, -0.8514559268951416, 0.0, 1605.5697021484375], [0.0, 0.0, 1.0, 0.0], [0.0, 0.0, 0.0, 1.0]], "cam_ids": [0, 1, 2, 3, 4, 5], "cam_channels": ["CAM_FRONT_LEFT", "CAM_FRONT", "CAM_FRONT_RIGHT", "CAM_BACK_LEFT", "CAM_BACK", "CAM_BACK_RIGHT"], "token": "8b5faa09772c40a997bc9cafdf158793", "scene": "scene-0716"}, {"images": ["samples/CAM_FRONT_LEFT/n008-2018-08-29-16-04-13-0400__CAM_FRONT_LEFT__1535573574904799.jpg", "samples/CAM_FRONT/n008-2018-08-29-16-04-13-0400__CAM_FRONT__1535573574912420.jpg", "samples/CAM_FRONT_RIGHT/n008-2018-08-29-16-04-13-0400__CAM_FRONT_RIGHT__1535573574920482.jpg", "samples/CAM_BACK_LEFT/n008-2018-08-29-16-04-13-0400__CAM_BACK_LEFT__1535573574947405.jpg", "samples/CAM_BACK/n008-2018-08-29-16-04-13-0400__CAM_BACK__1535573574937558.jpg", "samples/CAM_BACK_RIGHT/n008-2018-08-29-16-04-13-0400__CAM_BACK_RIGHT__1535573574928113.jpg"], "intrinsics": [[[1257.8625342125129, 0.0, 827.2410631095686], [0.0, 1257.8625342125129, 450.915498205774], [0.0, 0.0, 1.0]], [[1252.8131021185304, 0.0, 826.588114781398], [0.0, 1252.8131021185304, 469.9846626224581], [0.0, 0.0, 1.0]], [[1256.7485116440405, 0.0, 817.7887570959712], [0.0, 1256.7485116440403, 451.9541780095127], [0.0, 0.0, 1.0]], [[1254.9860565800168, 0.0, 829.5769333630991], [0.0, 1254.9860565800168, 467.1680561863987], [0.0, 0.0, 1.0]], [[796.8910634503094, 0.0, 857.7774326863696], [0.0, 796.8910634503094, 476.8848988407415], [0.0, 0.0, 1.0]], [[1249.9629280788233, 0.0, 825.3768045375984], [0.0, 1249.9629280788233, 462.54816385708756], [0.0, 0.0, 1.0]]], "extrinsics": [[[0.8223627209663391, -0.5684869289398193, -0.023285888135433197, -1.0050048828125], [-0.01208087895065546, 0.023470919579267502, -0.9996515512466431, 1.4882965087890625], [0.5688353776931763, 0.8223574757575989, 0.012433787807822227, -1.333251953125], [0.0, 0.0, 0.0, 1.0]], [[0.010085237212479115, -0.9997598528862, -0.019453218206763268, 0.0052490234375], [-0.010124911554157734, 0.019351113587617874, -0.9997614622116089, 1.48016357421875], [0.9998978972434998, 0.010279836133122444, -0.009927317500114441, -1.734771728515625], [0.0, 0.0, 0.0, 1.0]], [[-0.8441020846366882, -0.5361679792404175, -0.003939043264836073, 1.090606689453125], [-0.0021013522055000067, 0.010654435493052006, -0.9999409914016724, 1.493072509765625], [0.5361783504486084, -0.8440440893173218, -0.010120110586285591, -1.277587890625], [0.0, 0.0, 0.0, 1.0]], [[0.9476633667945862, 0.3187744617462158, -0.01780262216925621, -1.1439056396484375], [-0.02744998037815094, 0.02579677850008011, -0.9992902874946594, 1.562042236328125], [-0.3180890381336212, 0.9474794864654541, 0.03319701552391052, -0.15625], [0.0, 0.0, 0.0, 1.0]], [[0.009387576952576637, 0.9997930526733398, 0.018048295751214027, -0.02880859375], [-0.025339387357234955, 0.01828114315867424, -0.99