[{"images": ["samples/CAM_FRONT_LEFT/n008-2018-08-28-16-16-48-0400__CAM_FRONT_LEFT__1535487782754799.jpg", "samples/CAM_FRONT/n008-2018-08-28-16-16-48-0400__CAM_FRONT__1535487782762404.jpg", "samples/CAM_FRONT_RIGHT/n008-2018-08-28-16-16-48-0400__CAM_FRONT_RIGHT__1535487782770482.jpg", "samples/CAM_BACK_LEFT/n008-2018-08-28-16-16-48-0400__CAM_BACK_LEFT__1535487782797405.jpg", "samples/CAM_BACK/n008-2018-08-28-16-16-48-0400__CAM_BACK__1535487782787558.jpg", "samples/CAM_BACK_RIGHT/n008-2018-08-28-16-16-48-0400__CAM_BACK_RIGHT__1535487782778113.jpg"], "intrinsics": [[[1257.8625342125129, 0.0, 827.2410631095686], [0.0, 1257.8625342125129, 450.915498205774], [0.0, 0.0, 1.0]], [[1252.8131021185304, 0.0, 826.588114781398], [0.0, 1252.8131021185304, 469.9846626224581], [0.0, 0.0, 1.0]], [[1256.7485116440405, 0.0, 817.7887570959712], [0.0, 1256.7485116440403, 451.9541780095127], [0.0, 0.0, 1.0]], [[1254.9860565800168, 0.0, 829.5769333630991], [0.0, 1254.9860565800168, 467.1680561863987], [0.0, 0.0, 1.0]], [[796.8910634503094, 0.0, 857.7774326863696], [0.0, 796.8910634503094, 476.8848988407415], [0.0, 0.0, 1.0]], [[1249.9629280788233, 0.0, 825.3768045375984], [0.0, 1249.9629280788233, 462.54816385708756], [0.0, 0.0, 1.0]]], "extrinsics": [[[0.8225078582763672, -0.5687230229377747, 0.00591641291975975, -1.00506591796875], [0.0083826445043087, 0.0017206919146701694, -0.9999633431434631, 1.4882936477661133], [0.5686919689178467, 0.822527289390564, 0.006182684097439051, -1.3333740234375], [0.0, 0.0, 0.0, 1.0]], [[0.010206087492406368, -0.9999447464942932, 0.0025125204119831324, 0.0052490234375], [0.010333836078643799, -0.0024070437066257, -0.999943733215332, 1.4801652431488037], [0.9998944997787476, 0.01023148000240326, 0.010308698751032352, -1.734771728515625], [0.0, 0.0, 0.0, 1.0]], [[-0.8439884185791016, -0.5362765789031982, -0.009536121040582657, 1.090576171875], [0.018354376778006554, -0.011107994243502617, -0.9997698664665222, 1.4930715560913086], [0.5360472798347473, -0.8439692258834839, 0.019218042492866516, -1.2774658203125], [0.0, 0.0, 0.0, 1.0]], [[0.9479020237922668, 0.3185162842273712, -0.005385495722293854, -1.1439208984375], [-0.00703992135822773, 0.004043236840516329, -0.9999670386314392, 1.5620441436767578], [-0.31848403811454773, 0.9479086995124817, 0.0060749235562980175, -0.1561279296875], [0.0, 0.0, 0.0, 1.0]], [[0.009262199513614178, 0.9999508857727051, -0.003527577966451645, -0.0286865234375], [-0.004905730485916138, -0.003482245374470949, -0.9999818801879883, 1.5680599212646484], [-0.9999451041221619, 0.00927928276360035, 0.004873236641287804, 0.0443115234375], [0.0, 0.0, 0.0, 1.0]], [[-0.9237030744552612, 0.38299426436424255, -0.009379123337566853, 1.16070556640625], [-0.0007023293292149901, -0.02617441676557064, -0.9996570944786072, 1.5478172302246094], [-0.3831084072589874, -0.9233798384666443, 0.02444637566804886, -0.0435791015625], [0.0, 0.0, 0.0, 1.0]]], "view": [[0.0, -2.0, 100.0], [-2.0, 0.0, 100.0], [0.0, 0.0, 1.0]], "bev": "bev_3bedd0fa243142ec8d2a35157bd18a6f.png", "aux": "aux_3bedd0fa243142ec8d2a35157bd18a6f.npz", "visibility": "visibility_3bedd0fa243142ec8d2a35157bd18a6f.png", "pose": [[-0.7728551030158997, -0.63458251953125, 0.0, 1316.4300537109375], [0.63458251953125, -0.7728551030158997, 0.0, 1038.6046142578125], [0.0, 0.0, 1.0, 0.0], [0.0, 0.0, 0.0, 1.0]], "pose_inverse": [[-0.7728551030158997, 0.63458251953125, 0.0, 358.329345703125], [-0.63458251953125, -0.7728551030158997, 0.0, 1638.0743408203125], [0.0, 0.0, 1.0, 0.0], [0.0, 0.0, 0.0, 1.0]], "cam_ids": [0, 1, 2, 3, 4, 5], "cam_channels": ["CAM_FRONT_LEFT", "CAM_FRONT", "CAM_FRONT_RIGHT", "CAM_BACK_LEFT", "CAM_BACK", "CAM_BACK_RIGHT"], "token": "3bedd0fa243142ec8d2a35157bd18a6f", "scene": "scene-0672"}, {"images": ["samples/CAM_FRONT_LEFT/n008-2018-08-28-16-16-48-0400__CAM_FRONT_LEFT__1535487783154799.jpg", "samples/CAM_FRONT/n008-2018-08-28-16-16-48-0400__CAM_FRONT__1535487783162404.jpg", "samples/CAM_FRONT_RIGHT/n008-2018-08-28-16-16-48-0400__CAM_FRONT_RIGHT__1535487783170482.jpg", "samples/CAM_BACK_LEFT/n008-2018-08-28-16-16-48-0400__CAM_BACK_LEFT__1535487783197438.jpg", "samples/CAM_BACK/n008-2018-08-28-16-16-48-0400__CAM_BACK__1535487783187558.jpg", "samples/CAM_BACK_RIGHT/n008-2018-08-28-16-16-48-0400__CAM_BACK_RIGHT__1535487783178113.jpg"], "intrinsics": [[[1257.8625342125129, 0.0, 827.2410631095686], [0.0, 1257.8625342125129, 450.915498205774], [0.0, 0.0, 1.0]], [[1252.8131021185304, 0.0, 826.588114781398], [0.0, 1252.8131021185304, 469.9846626224581], [0.0, 0.0, 1.0]], [[1256.7485116440405, 0.0, 817.7887570959712], [0.0, 1256.7485116440403, 451.9541780095127], [0.0, 0.0, 1.0]], [[1254.9860565800168, 0.0, 829.5769333630991], [0.0, 1254.9860565800168, 467.1680561863987], [0.0, 0.0, 1.0]], [[796.8910634503094, 0.0, 857.7774326863696], [0.0, 796.8910634503094, 476.8848988407415], [0.0, 0.0, 1.0]], [[1249.9629280788233, 0.0, 825.3768045375984], [0.0, 1249.9629280788233, 462.54816385708756], [0.0, 0.0, 1.0]]], "extrinsics": [[[0.8225294947624207, -0.5686919093132019, 0.0058975121937692165, -1.0050048828125], [0.008409318514168262, 0.0017929181922227144, -0.9999629855155945, 1.4882941246032715], [0.5686603784561157, 0.8225486278533936, 0.006257039029151201, -1.3333740234375], [0.0, 0.0, 0.0, 1.0]], [[0.010238522663712502, -0.9999445676803589, 0.0024380087852478027, 0.00537109375], [0.010373253375291824, -0.002331792376935482, -0.9999434947967529, 1.4801634550094604], [0.9998937845230103, 0.010263283737003803, 0.010348804295063019, -1.73468017578125], [0.0, 0.0, 0.0, 1.0]], [[-0.8439740538597107, -0.5362977981567383, -0.009613311849534512, 1.090576171875], [0.01839977316558361, -0.011034603230655193, -0.9997698068618774, 1.4930744171142578], [0.536068320274353, -0.843956708908081, 0.019180677831172943, -1.277587890625], [0.0, 0.0, 0.0, 1.0]], [[0.9479000568389893, 0.3185240626335144, -0.005282331258058548, -1.1439208984375], [-0.006954934448003769, 0.004114052280783653, -0.9999673366546631, 1.5620436668395996], [-0.3184918761253357, 0.9479058384895325, 0.006115025840699673, -0.1561279296875], [0.0, 0.0, 0.0, 1.0]], [[0.009251215495169163, 0.9999512434005737, -0.0034433186519891024, -0.0286865234375], [-0.00483384495601058, -0.003398705506697297, -0.9999825358390808, 1.5680608749389648], [-0.9999454617500305, 0.00926763005554676, 0.0048021674156188965, 0.044403076171875], [0.0, 0.0, 0.0, 1.0]], [[-0.9237099289894104, 0.38297730684280396, -0.009396729059517384, 1.16070556640625], [-0.0006553138373419642, -0.026108190417289734, -0.9996588826179504, 1.5478172302246094], [-0.3830920457839966, -0.923388659954071, 0.02436736412346363, -0.043701171875], [0.0, 0.0, 0.0, 1.0]]], "view": [[0.0, -2.0, 100.0], [-2.0, 0.0, 100.0], [0.0, 0.0, 1.0]], "bev": "bev_61b3103f1e6348c78d4499dab24d99dd.png", "aux": "aux_61b3103f1e6348c78d4499dab24d99dd.npz", "visibility": "visibility_61b3103f1e6348c78d4499dab24d99dd.png", "pose": [[-0.7728257775306702, -0.6346182227134705, 0.0, 1316.4300537109375], [0.6346182227134705, -0.7728257775306702, 0.0, 1038.6046142578125], [0.0, 0.0, 1.0, 0.0], [0.0, 0.0, 0.0, 1.0]], "pose_inverse": [[-0.7728257775306702, 0.6346182227134705, 0.0, 358.253662109375], [-0.6346182227134705, -0.7728257775306702, 0.0, 1638.0909423828125], [0.0, 0.0, 1.0, 0.0], [0.0, 0.0, 0.0, 1.0]], "cam_ids": [0, 1, 2, 3, 4, 5], "cam_channels": ["CAM_FRONT_LEFT", "CAM_FRONT", "CAM_FRONT_RIGHT", "CAM_BACK_LEFT", "CAM_BACK", "CAM_BACK_RIGHT"], "token": "61b3103f1e6348c78d4499dab24d99dd", "scene": "scene-0672"}, {"images": ["samples/CAM_FRONT_LEFT/n008-2018-08-28-16-16-48-0400__CAM_FRONT_LEFT__1535487783654799.jpg", "samples/CAM_FRONT/n008-2018-08-28-16-16-48-0400__CAM_FRONT__1535487783662405.jpg", "samples/CAM_FRONT_RIGHT/n008-2018-08-28-16-16-48-0400__CAM_FRONT_RIGHT__1535487783670482.jpg", "samples/CAM_BACK_LEFT/n008-2018-08-28-16-16-48-0400__CAM_BACK_LEFT__1535487783697405.jpg", "samples/CAM_BACK/n008-2018-08-28-16-16-48-0400__CAM_BACK__1535487783687558.jpg", "samples/CAM_BACK_RIGHT/n008-2018-08-28-16-16-48-0400__CAM_BACK_RIGHT__1535487783678113.jpg"], "intrinsics": [[[1257.8625342125129, 0.0, 827.2410631095686], [0.0, 1257.8625342125129, 450.915498205774], [0.0, 0.0, 1.0]], [[1252.8131021185304, 0.0, 826.588114781398], [0.0, 1252.8131021185304, 469.9846626224581], [0.0, 0.0, 1.0]], [[1256.7485116440405, 0.0, 817.7887570959712], [0.0, 1256.7485116440403, 451.9541780095127], [0.0, 0.0, 1.0]], [[1254.9860565800168, 0.0, 829.5769333630991], [0.0, 1254.9860565800168, 467.1680561863987], [0.0, 0.0, 1.0]], [[796.8910634503094, 0.0, 857.7774326863696], [0.0, 796.8910634503094, 476.8848988407415], [0.0, 0.0, 1.0]], [[1249.9629280788233, 0.0, 825.3768045375984], [0.0, 1249.9629280788233, 462.54816385708756], [0.0, 0.0, 1.0]]], "extrinsics": [[[0.8225046396255493, -0.5687254667282104, 0.006127894856035709, -1.00506591796875], [0.008639453910291195, 0.0017202204326167703, -0.9999611973762512, 1.488297939300537], [0.5686928033828735, 0.8225256204605103, 0.006328366696834564, -1.3333740234375], [0.0, 0.0, 0.0, 1.0]], [[0.010205386206507683, -0.9999447464942932, 0.002512944396585226, 0.00537109375], [0.010598844848573208, -0.0024047631304711103, -0.9999409914016724, 1.4801641702651978], [0.9998917579650879, 0.01023140735924244, 0.010573717765510082, -1.734710693359375], [0.0, 0.0, 0.0, 1.0]], [[-0.8439850211143494, -0.5362778902053833, -0.00976681336760521, 1.090576171875], [0.018625227734446526, -0.011104119941592216, -0.9997648596763611, 1.4930696487426758], [0.5360433459281921, -0.8439684510231018, 0.019360007718205452, -1.277587890625], [0.0, 0.0, 0.0, 1.0]], [[0.9479054808616638, 0.31851089000701904, -0.005103425122797489, -1.1439208984375], [-0.006739185657352209, 0.004033907316625118, -0.9999691247940063, 1.5620441436767578], [-0.3184804320335388, 0.9479105472564697, 0.005970267578959465, -0.156005859375], [0.0, 0.0, 0.0, 1.0]], [[0.009262566454708576, 0.9999508857727051, -0.0035237420815974474, -0.0289306640625], [-0.00462587084621191, -0.0034810048528015614, -0.9999831914901733, 1.568058967590332], [-0.9999464154243469, 0.009278673678636551, 0.004593400750309229, 0.044342041015625], [0.0, 0.0, 0.0, 1.0]], [[-0.9237012267112732, 0.3829924762248993, -0.009633236564695835, 1.16070556640625], [-0.00042755811591632664, -0.026175111532211304, -0.9996572732925415, 1.5478134155273438], [-0.3831133544445038, -0.9233804941177368, 0.024341734126210213, -0.043701171875], [0.0, 0.0, 0.0, 1.0]]], "view": [[0.0, -2.0, 100.0], [-2.0, 0.0, 100.0], [0.0, 0.0, 1.0]], "bev": "bev_7abbcda978b242548ad272d7652b0e9e.png", "aux": "aux_7abbcda978b242548ad272d7652b0e9e.npz", "visibility": "visibility_7abbcda978b242548ad272d7652b0e9e.png", "pose": [[-0.7728734612464905, -0.6345601677894592, 0.0, 1316.4300537109375], [0.6345601677894592, -0.7728734612464905, 0.0, 1038.6046142578125], [0.0, 0.0, 1.0, 0.0], [0.0, 0.0, 0.0, 1.0]], "pose_inverse": [[-0.7728734612464905, 0.6345601677894592, 0.0, 358.376708984375], [-0.6345601677894592, -0.7728734612464905, 0.0, 1638.0640869140625], [0.0, 0.0, 1.0, 0.0], [0.0, 0.0, 0.0, 1.0]], "cam_ids": [0, 1, 2, 3, 4, 5], "cam_channels": ["CAM_FRONT_LEFT", "CAM_FRONT", "CAM_FRONT_RIGHT", "CAM_BACK_LEFT", "CAM_BACK", "CAM_BACK_RIGHT"], "token": "7abbcda978b242548ad272d7652b0e9e", "scene": "scene-0672"}, {"images": ["samples/CAM_FRONT_LEFT/n008-2018-08-28-16-16-48-0400__CAM_FRONT_LEFT__1535487784154799.jpg", "samples/CAM_FRONT/n008-2018-08-28-16-16-48-0400__CAM_FRONT__1535487784162404.jpg", "samples/CAM_FRONT_RIGHT/n008-2018-08-28-16-16-48-0400__CAM_FRONT_RIGHT__1535487784170482.jpg", "samples/CAM_BACK_LEFT/n008-2018-08-28-16-16-48-0400__CAM_BACK_LEFT__1535487784197405.jpg", "samples/CAM_BACK/n008-2018-08-28-16-16-48-0400__CAM_BACK__1535487784187932.jpg", "samples/CAM_BACK_RIGHT/n008-2018-08-28-16-16-48-0400__CAM_BACK_RIGHT__1535487784178119.jpg"], "intrinsics": [[[1257.8625342125129, 0.0, 827.2410631095686], [0.0, 1257.8625342125129, 450.915498205774], [0.0, 0.0, 1.0]], [[1252.8131021185304, 0.0, 826.588114781398], [0.0, 1252.8131021185304, 469.9846626224581], [0.0, 0.0, 1.0]], [[1256.7485116440405, 0.0, 817.7887570959712], [0.0, 1256.7485116440403, 451.9541780095127], [0.0, 0.0, 1.0]], [[1254.9860565800168, 0.0, 829.5769333630991], [0.0, 1254.9860565800168, 467.1680561863987], [0.0, 0.0, 1.0]], [[796.8910634503094, 0.0, 857.7774326863696], [0.0, 796.8910634503094, 476.8848988407415], [0.0, 0.0, 1.0]], [[1249.9629280788233, 0.0, 825.3768045375984], [0.0, 1249.9629280788233, 462.54816385708756], [0.0, 0.0, 1.0]]], "extrinsics": [[[0.8225120306015015, -0.5687117576599121, 0.006399934180080891, -1.00506591796875], [0.008926240727305412, 0.0016568518476560712, -0.9999588131904602, 1.488297462463379], [0.5686777234077454, 0.8225352168083191, 0.006439237855374813, -1.333251953125], [0.0, 0.0, 0.0, 1.0]], [[0.010219530202448368, -0.9999443888664246, 0.002573773032054305, 0.00537109375], [0.01088922843337059, -0.002462466713041067, -0.9999376535415649, 1.4801653623580933], [0.9998884797096252, 0.010246929712593555, 0.01086345873773098, -1.7347412109375], [0.0, 0.0, 0.0, 1.0]], [[-0.8439754843711853, -0.5362889170646667, -0.009981396608054638, 1.090576171875], [0.018913619220256805, -0.011157497763633728, -0.9997588396072388, 1.493072509765625], [0.536048173904419, -0.8439608216285706, 0.019559819251298904, -1.2774658203125], [0.0, 0.0, 0.0, 1.0]], [[0.9479043483734131, 0.3185180723667145, -0.004854896105825901, -1.1439208984375], [-0.006464384030550718, 0.003996199928224087, -0.9999710917472839, 1.5620427131652832], [-0.3184894919395447, 0.947908341884613, 0.005847038235515356, -0.156005859375], [0.0, 0.0, 0.0, 1.0]], [[0.009256159886717796, 0.9999507665634155, -0.0035674271639436483, -0.0286865234375], [-0.004333919379860163, -0.00352742918767035, -0.9999843239784241, 1.5680642127990723], [-0.9999477863311768, 0.009271514602005482, 0.004301055334508419, 0.044342041015625], [0.0, 0.0, 0.0, 1.0]], [[-0.9237021803855896, 0.38298311829566956, -0.009910281747579575, 1.16070556640625], [-0.00014750238915439695, -0.026223402470350266, -0.999656081199646, 1.5478134155273438], [-0.3831113278865814, -0.9233830571174622, 0.02427910454571247, -0.0438232421875], [0.0, 0.0, 0.0, 1.0]]], "view": [[0.0, -2.0, 100.0], [-2.0, 0.0, 100.0], [0.0, 0.0, 1.0]], "bev": "bev_f31ddf618dc641efb3e3eb8746f8de97.png", "aux": "aux_f31ddf618dc641efb3e3eb8746f8de97.npz", "visibility": "visibility_f31ddf618dc641efb3e3eb8746f8de97.png", "pose": [[-0.7728224992752075, -0.6346222162246704, 0.0, 1316.4300537109375], [0.6346222162246704, -0.7728224992752075, 0.0, 1038.6046142578125], [0.0, 0.0, 1.0, 0.0], [0.0, 0.0, 0.0, 1.0]], "pose_inverse": [[-0.7728224992752075, 0.6346222162246704, 0.0, 358.2452392578125], [-0.6346222162246704, -0.7728224992752075, 0.0, 1638.0927734375], [0.0, 0.0, 1.0, 0.0], [0.0, 0.0, 0.0, 1.0]], "cam_ids": [0, 1, 2, 3, 4, 5], "cam_channels": ["CAM_FRONT_LEFT", "CAM_FRONT", "CAM_FRONT_RIGHT", "CAM_BACK_LEFT", "CAM_BACK", "CAM_BACK_RIGHT"], "token": "f31ddf618dc641efb3e3eb8746f8de97", "scene": "scene-0672"}, {"images": ["samples/CAM_FRONT_LEFT/n008-2018-08-28-16-16-48-0400__CAM_FRONT_LEFT__1535487784754799.jpg", "samples/CAM_FRONT/n008-2018-08-28-16-16-48-0400__CAM_FRONT__1535487784762404.jpg", "samples/CAM_FRONT_RIGHT/n008-2018-08-28-16-16-48-0400__CAM_FRONT_RIGHT__1535487784770482.jpg", "samples/CAM_BACK_LEFT/n008-2018-08-28-16-16-48-0400__CAM_BACK_LEFT__1535487784797421.jpg", "samples/CAM_BACK/n008-2018-08-28-16-16-48-0400__CAM_BACK__1535487784787558.jpg", "samples/CAM_BACK_RIGHT/n008-2018-08-28-16-16-48-0400__CAM_BACK_RIGHT__1535487784778113.jpg"], "intrinsics": [[[1257.8625342125129, 0.0, 827.2410631095686], [0.0, 1257.8625342125129, 450.915498205774], [0.0, 0.0, 1.0]], [[1252.8131021185304, 0.0, 826.588114781398], [0.0, 1252.8131021185304, 469.9846626224581], [0.0, 0.0, 1.0]], [[1256.7485116440405, 0.0, 817.7887570959712], [0.0, 1256.7485116440403, 451.9541780095127], [0.0, 0.0, 1.0]], [[1254.9860565800168, 0.0, 829.5769333630991], [0.0, 1254.9860565800168, 467.1680561863987], [0.0, 0.0, 1.0]], [[796.8910634503094, 0.0, 857.7774326863696], [0.0, 796.8910634503094, 476.8848988407415], [0.0, 0.0, 1.0]], [[1249.9629280788233, 0.0, 825.3768045375984], [0.0, 1249.9629280788233, 462.54816385708756], [0.0, 0.0, 1.0]]], "extrinsics": [[[0.8225184082984924, -0.5687017440795898, 0.006462397985160351, -1.00494384765625], [0.009075705893337727, 0.0017633413663133979, -0.999957263469696, 1.488293170928955], [0.5686659812927246, 0.8225418925285339, 0.006611748598515987, -1.3333740234375], [0.0, 0.0, 0.0, 1.0]], [[0.010231430642306805, -0.9999445676803589, 0.002464613178744912, 0.0054931640625], [0.011034122668206692, -0.002351691946387291, -0.9999363422393799, 1.4801658391952515], [0.999886691570282, 0.010258001275360584, 0.011009450070559978, -1.734649658203125], [0.0, 0.0, 0.0, 1.0]], [[-0.8439682722091675, -0.5362967848777771, -0.010164975188672543, 1.0906982421875], [0.0190572552382946, -0.011040918529033661, -0.9997574090957642, 1.493072509765625], [0.5360544323921204, -0.843957245349884, 0.019538529217243195, -1.277587890625], [0.0, 0.0, 0.0, 1.0]], [[0.9479036927223206, 0.3185226619243622, -0.004660912323743105, -1.14385986328125], [-0.006312212441116571, 0.004152262583374977, -0.9999714493751526, 1.5620450973510742], [-0.3184943199157715, 0.9479061365127563, 0.005946529097855091, -0.1561279296875], [0.0, 0.0, 0.0, 1.0]], [[0.009250839240849018, 0.9999513626098633, -0.0034112846478819847, -0.0286865234375], [-0.004188934341073036, -0.0033726475667208433, -0.9999855160713196, 1.568061351776123], [-0.9999484419822693, 0.00926494225859642, 0.0041575306095182896, 0.04437255859375], [0.0, 0.0, 0.0, 1.0]], [[-0.9237038493156433, 0.3829766511917114, -0.009995201602578163, 1.160614013671875], [-3.187221636835602e-06, -0.026097526773810387, -0.9996594190597534, 1.5478096008300781], [-0.3831069767475128, -0.9233892560005188, 0.024107610806822777, -0.043701171875], [0.0, 0.0, 0.0, 1.0]]], "view": [[0.0, -2.0, 100.0], [-2.0, 0.0, 100.0], [0.0, 0.0, 1.0]], "bev": "bev_be56058af0da4024b9a376242bec54e1.png", "aux": "aux_be56058af0da4024b9a376242bec54e1.npz", "visibility": "visibility_be56058af0da4024b9a376242bec54e1.png", "pose": [[-0.772784411907196, -0.6346685886383057, 0.0, 1316.429931640625], [0.6346685886383057, -0.772784411907196, 0.0, 1038.6046142578125], [0.0, 0.0, 1.0, 0.0], [0.0, 0.0, 0.0, 1.0]], "pose_inverse": [[-0.772784411907196, 0.6346685886383057, 0.0, 358.14678955078125], [-0.6346685886383057, -0.772784411907196, 0.0, 1638.1142578125], [0.0, 0.0, 1.0, 0.0], [0.0, 0.0, 0.0, 1.0]], "cam_ids": [0, 1, 2, 3, 4, 5], "cam_channels": ["CAM_FRONT_LEFT", "CAM_FRONT", "CAM_FRONT_RIGHT", "CAM_BACK_LEFT", "CAM_BACK", "CAM_BACK_RIGHT"], "token": "be56058af0da4024b9a376242bec54e1", "scene": "scene-0672"}, {"images": ["samples/CAM_FRONT_LEFT/n008-2018-08-28-16-16-48-0400__CAM_FRONT_LEFT__1535487785254799.jpg", "samples/CAM_FRONT/n008-2018-08-28-16-16-48-0400__CAM_FRONT__1535487785262404.jpg", "samples/CAM_FRONT_RIGHT/n008-2018-08-28-16-16-48-0400__CAM_FRONT_RIGHT__1535487785270482.jpg", "samples/CAM_BACK_LEFT/n008-2018-08-28-16-16-48-0400__CAM_BACK_LEFT__1535487785297405.jpg", "samples/CAM_BACK/n008-2018-08-28-16-16-48-0400__CAM_BACK__1535487785287558.jpg", "samples/CAM_BACK_RIGHT/n008-2018-08-28-16-16-48-0400__CAM_BACK_RIGHT__1535487785278113.jpg"], "intrinsics": [[[1257.8625342125129, 0.0, 827.2410631095686], [0.0, 1257.8625342125129, 450.915498205774], [0.0, 0.0, 1.0]], [[1252.8131021185304, 0.0, 826.588114781398], [0.0, 1252.8131021185304, 469.9846626224581], [0.0, 0.0, 1.0]], [[1256.7485116440405, 0.0, 817.7887570959712], [0.0, 1256.7485116440403, 451.9541780095127], [0.0, 0.0, 1.0]], [[1254.9860565800168, 0.0, 829.5769333630991], [0.0, 1254.9860565800168, 467.1680561863987], [0.0, 0.0, 1.0]], [[796.8910634503094, 0.0, 857.7774326863696], [0.0, 796.8910634503094, 476.8848988407415], [0.0, 0.0, 1.0]], [[1249.9629280788233, 0.0, 825.3768045375984], [0.0, 1249.9629280788233, 462.54816385708756], [0.0, 0.0, 1.0]]], "extrinsics": [[[0.8225176334381104, -0.5687026977539062, 0.006485853809863329, -1.0050048828125], [0.009148241952061653, 0.0018270008731633425, -0.999956488609314, 1.4882941246032715], [0.5686661005020142, 0.8225411772727966, 0.006705369334667921, -1.3336181640625], [0.0, 0.0, 0.0, 1.0]], [[0.010227967984974384, -0.999944806098938, 0.002405942417681217, 0.00537109375], [0.01109298225492239, -0.002292456105351448, -0.9999358654022217, 1.4801652431488037], [0.999886155128479, 0.01025392860174179, 0.011068923398852348, -1.734649658203125], [0.0, 0.0, 0.0, 1.0]], [[-0.8439698815345764, -0.5362930297851562, -0.010234729386866093, 1.0906982421875], [0.019107148051261902, -0.0109895383939147, -0.9997570514678955, 1.4930696487426758], [0.5360502600669861, -0.8439604043960571, 0.019521869719028473, -1.2774658203125], [0.0, 0.0, 0.0, 1.0]], [[0.9479024410247803, 0.31852713227272034, -0.0046099089086055756, -1.143798828125], [-0.006262982729822397, 0.004165793769061565, -0.9999716877937317, 1.5620431900024414], [-0.31849896907806396, 0.9479045271873474, 0.005943696480244398, -0.156005859375], [0.0, 0.0, 0.0, 1.0]], [[0.009251336567103863, 0.9999514818191528, -0.0033908765763044357, -0.02880859375], [-0.004156355280429125, -0.003352539148181677, -0.9999856948852539, 1.5680618286132812], [-0.9999486804008484, 0.00926524493843317, 0.0041251396760344505, 0.044219970703125], [0.0, 0.0, 0.0, 1.0]], [[-0.9237024188041687, 0.3829793632030487, -0.010031668469309807, 1.16070556640625], [5.1873175834771246e-05, -0.026059754192829132, -0.9996603727340698, 1.5478134155273438], [-0.3831107020378113, -0.9233892560005188, 0.024051591753959656, -0.043701171875], [0.0, 0.0, 0.0, 1.0]]], "view": [[0.0, -2.0, 100.0], [-2.0, 0.0, 100.0], [0.0, 0.0, 1.0]], "bev": "bev_5fe5122aceb0492089b52397196fc0b2.png", "aux": "aux_5fe5122aceb0492089b52397196fc0b2.npz", "visibility": "visibility_5fe5122aceb0492089b52397196fc0b2.png", "pose": [[-0.7728061676025391, -0.6346421241760254, 0.0, 1316.429931640625], [0.6346421241760254, -0.7728061676025391, 0.0, 1038.6046142578125], [0.0, 0.0, 1.0, 0.0], [0.0, 0.0, 0.0, 1.0]], "pose_inverse": [[-0.7728061676025391, 0.6346421241760254, 0.0, 358.20294189453125], [-0.6346421241760254, -0.7728061676025391, 0.0, 1638.1019287109375], [0.0, 0.0, 1.0, 0.0], [0.0, 0.0, 0.0, 1.0]], "cam_ids": [0, 1, 2, 3, 4, 5], "cam_channels": ["CAM_FRONT_LEFT", "CAM_FRONT", "CAM_FRONT_RIGHT", "CAM_BACK_LEFT", "CAM_BACK", "CAM_BACK_RIGHT"], "token": "5fe5122aceb0492089b52397196fc0b2", "scene": "scene-0672"}, {"images": ["samples/CAM_FRONT_LEFT/n008-2018-08-28-16-16-48-0400__CAM_FRONT_LEFT__1535487785754799.jpg", "samples/CAM_FRONT/n008-2018-08-28-16-16-48-0400__CAM_FRONT__1535487785762404.jpg", "samples/CAM_FRONT_RIGHT/n008-2018-08-28-16-16-48-0400__CAM_FRONT_RIGHT__1535487785770482.jpg", "samples/CAM_BACK_LEFT/n008-2018-08-28-16-16-48-0400__CAM_BACK_LEFT__1535487785797405.jpg", "samples/CAM_BACK/n008-2018-08-28-16-16-48-0400__CAM_BACK__1535487785787558.jpg", "samples/CAM_BACK_RIGHT/n008-2018-08-28-16-16-48-0400__CAM_BACK_RIGHT__1535487785778113.jpg"], "intrinsics": [[[1257.8625342125129, 0.0, 827.2410631095686], [0.0, 1257.8625342125129, 450.915498205774], [0.0, 0.0, 1.0]], [[1252.8131021185304, 0.0, 826.588114781398], [0.0, 1252.8131021185304, 469.9846626224581], [0.0, 0.0, 1.0]], [[1256.7485116440405, 0.0, 817.7887570959712], [0.0, 1256.7485116440403, 451.9541780095127], [0.0, 0.0, 1.0]], [[1254.9860565800168, 0.0, 829.5769333630991], [0.0, 1254.9860565800168, 467.1680561863987], [0.0, 0.0, 1.0]], [[796.8910634503094, 0.0, 857.7774326863696], [0.0, 796.8910634503094, 476.8848988407415], [0.0, 0.0, 1.0]], [[1249.9629280788233, 0.0, 825.3768045375984], [0.0, 1249.9629280788233, 462.54816385708756], [0.0, 0.0, 1.0]]], "extrinsics": [[[0.8225229978561401, -0.5686942934989929, 0.006546308286488056, -1.00494384765625], [0.009202266111969948, 0.0017989542102441192, -0.9999560117721558, 1.4882936477661133], [0.5686575174331665, 0.8225470185279846, 0.006712955888360739, -1.3333740234375], [0.0, 0.0, 0.0, 1.0]], [[0.010236234404146671, -0.9999446272850037, 0.0024368620943278074, 0.00537109375], [0.011151469312608242, -0.0023226826451718807, -0.9999351501464844, 1.4801628589630127], [0.9998853802680969, 0.010262665338814259, 0.011127076111733913, -1.734588623046875], [0.0, 0.0, 0.0, 1.0]], [[-0.8439656496047974, -0.5362988710403442, -0.010269229300320148, 1.090576171875], [0.01916593499481678, -0.011017494834959507, -0.9997555613517761, 1.4930715560913086], [0.5360546708106995, -0.8439562320709229, 0.019577058032155037, -1.277587890625], [0.0, 0.0, 0.0, 1.0]], [[0.947904109954834, 0.3185230791568756, -0.0045841955579817295, -1.14385986328125], [-0.006236835848540068, 0.004168787505477667, -0.999971866607666, 1.5620412826538086], [-0.318494975566864, 0.9479058980941772, 0.005938186775892973, -0.1561279296875], [0.0, 0.0, 0.0, 1.0]], [[0.009249658323824406, 0.9999514818191528, -0.0033936959225684404, -0.0289306640625], [-0.004109994508326054, -0.0033557931892573833, -0.9999858736991882, 1.5680594444274902], [-0.9999487996101379, 0.009263456799089909, 0.004078755155205727, 0.0443115234375], [0.0, 0.0, 0.0, 1.0]], [[-0.9237037897109985, 0.3829747438430786, -0.010077427141368389, 1.16064453125], [9.517100261291489e-05, -0.02607506327331066, -0.9996599555015564, 1.5478096008300781], [-0.3831072449684143, -0.9233906865119934, 0.024049188941717148, -0.0438232421875], [0.0, 0.0, 0.0, 1.0]]], "view": [[0.0, -2.0, 100.0], [-2.0, 0.0, 100.0], [0.0, 0.0, 1.0]], "bev": "bev_cf1e7caf93db44a6a02ce8843a0cb5d8.png", "aux": "aux_cf1e7caf93db44a6a02ce8843a0cb5d8.npz", "visibility": "visibility_cf1e7caf93db44a6a02ce8843a0cb5d8.png", "pose": [[-0.7728179097175598, -0.6346278190612793, 0.0, 1316.4300537109375], [0.6346278190612793, -0.7728179097175598, 0.0, 1038.6046142578125], [0.0, 0.0, 1.0, 0.0], [0.0, 0.0, 0.0, 1.0]], "pose_inverse": [[-0.7728179097175598, 0.6346278190612793, 0.0, 358.23333740234375], [-0.6346278190612793, -0.7728179097175598, 0.0, 1638.0953369140625], [0.0, 0.0, 1.0, 0.0], [0.0, 0.0, 0.0, 1.0]], "cam_ids": [0, 1, 2, 3, 4, 5], "cam_channels": ["CAM_FRONT_LEFT", "CAM_FRONT", "CAM_FRONT_RIGHT", "CAM_BACK_LEFT", "CAM_BACK", "CAM_BACK_RIGHT"], "token": "cf1e7caf93db44a6a02ce8843a0cb5d8", "scene": "scene-0672"}, {"images": ["samples/CAM_FRONT_LEFT/n008-2018-08-28-16-16-48-0400__CAM_FRONT_LEFT__1535487786254799.jpg", "samples/CAM_FRONT/n008-2018-08-28-16-16-48-0400__CAM_FRONT__1535487786262404.jpg", "samples/CAM_FRONT_RIGHT/n008-2018-08-28-16-16-48-0400__CAM_FRONT_RIGHT__1535487786270482.jpg", "samples/CAM_BACK_LEFT/n008-2018-08-28-16-16-48-0400__CAM_BACK_LEFT__1535487786297405.jpg", "samples/CAM_BACK/n008-2018-08-28-16-16-48-0400__CAM_BACK__1535487786287558.jpg", "samples/CAM_BACK_RIGHT/n008-2018-08-28-16-16-48-0400__CAM_BACK_RIGHT__1535487786278113.jpg"], "intrinsics": [[[1257.8625342125129, 0.0, 827.2410631095686], [0.0, 1257.8625342125129, 450.915498205774], [0.0, 0.0, 1.0]], [[1252.8131021185304, 0.0, 826.588114781398], [0.0, 1252.8131021185304, 469.9846626224581], [0.0, 0.0, 1.0]], [[1256.7485116440405, 0.0, 817.7887570959712], [0.0, 1256.7485116440403, 451.9541780095127], [0.0, 0.0, 1.0]], [[1254.9860565800168, 0.0, 829.5769333630991], [0.0, 1254.9860565800168, 467.1680561863987], [0.0, 0.0, 1.0]], [[796.8910634503094, 0.0, 857.7774326863696], [0.0, 796.8910634503094, 476.8848988407415], [0.0, 0.0, 1.0]], [[1249.9629280788233, 0.0, 825.3768045375984], [0.0, 1249.9629280788233, 462.54816385708756], [0.0, 0.0, 1.0]]], "extrinsics": [[[0.8225091099739075, -0.5687137842178345, 0.0065965126268565655, -1.0050048828125], [0.009344779886305332, 0.0019165268167853355, -0.9999545216560364, 1.4882912635803223], [0.5686752200126648, 0.8225333094596863, 0.00689086364582181, -1.33349609375], [0.0, 0.0, 0.0, 1.0]], [[0.010219953022897243, -0.9999450445175171, 0.002316376194357872, 0.00537109375], [0.011290978640317917, -0.002200951799750328, -0.9999338984489441, 1.480164647102356], [0.9998840093612671, 0.01024532224982977, 0.011267866007983685, -1.7347412109375], [0.0, 0.0, 0.0, 1.0]], [[-0.8439698815345764, -0.5362887382507324, -0.010449978522956371, 1.0906982421875], [0.01930343732237816, -0.01089731976389885, -0.9997542500495911, 1.493072509765625], [0.5360431671142578, -0.8439642786979675, 0.019549226388335228, -1.277587890625], [0.0, 0.0, 0.0, 1.0]], [[0.9479024410247803, 0.3185305595397949, -0.00439497921615839, -1.1439208984375], [-0.006072321441024542, 0.004273087251931429, -0.9999724626541138, 1.5620427131652832], [-0.3185030519962311, 0.9479029774665833, 0.00598469004034996, -0.1561279296875], [0.0, 0.0, 0.0, 1.0]], [[0.009251570329070091, 0.9999518394470215, -0.0032941503450274467, -0.02880859375], [-0.00395637983456254, -0.0032576597295701504, -0.9999868273735046, 1.5680594444274902], [-0.9999493956565857, 0.009264539927244186, 0.003926050383597612, 0.04425048828125], [0.0, 0.0, 0.0, 1.0]], [[-0.9236997961997986, 0.3829821050167084, -0.010171066969633102, 1.1607666015625], [0.0002404919796390459, -0.025968560948967934, -0.9996626973152161, 1.5478134155273438], [-0.38311707973480225, -0.9233906865119934, 0.023895051330327988, -0.04345703125], [0.0, 0.0, 0.0, 1.0]]], "view": [[0.0, -2.0, 100.0], [-2.0, 0.0, 100.0], [0.0, 0.0, 1.0]], "bev": "bev_dfff6f41d15041a1b44e7ea176edb926.png", "aux": "aux_dfff6f41d15041a1b44e7ea176edb926.npz", "visibility": "visibility_dfff6f41d15041a1b44e7ea176edb926.png", "pose": [[-0.7728524804115295, -0.6345857381820679, 0.0, 1316.4300537109375], [0.6345857381820679, -0.7728524804115295, 0.0, 1038.6046142578125], [0.0, 0.0, 1.0, 0.0], [0.0, 0.0, 0.0, 1.0]], "pose_inverse": [[-0.7728524804115295, 0.6345857381820679, 0.0, 358.3225402832031], [-0.6345857381820679, -0.7728524804115295, 0.0, 1638.075927734375], [0.0, 0.0, 1.0, 0.0], [0.0, 0.0, 0.0, 1.0]], "cam_ids": [0, 1, 2, 3, 4, 5], "cam_channels": ["CAM_FRONT_LEFT", "CAM_FRONT", "CAM_FRONT_RIGHT", "CAM_BACK_LEFT", "CAM_BACK", "CAM_BACK_RIGHT"], "token": "dfff6f41d15041a1b44e7ea176edb926", "scene": "scene-0672"}, {"images": ["samples/CAM_FRONT_LEFT/n008-2018-08-28-16-16-48-0400__CAM_FRONT_LEFT__1535487786754799.jpg", "samples/CAM_FRONT/n008-2018-08-28-16-16-48-0400__CAM_FRONT__1535487786762404.jpg", "samples/CAM_FRONT_RIGHT/n008-2018-08-28-16-16-48-0400__CAM_FRONT_RIGHT__1535487786770482.jpg", "samples/CAM_BACK_LEFT/n008-2018-08-28-16-16-48-0400__CAM_BACK_LEFT__1535487786797405.jpg", "samples/CAM_BACK/n008-2018-08-28-16-16-48-0400__CAM_BACK__1535487786787558.jpg", "samples/CAM_BACK_RIGHT/n008-2018-08-28-16-16-48-0400__CAM_BACK_RIGHT__1535487786778113.jpg"], "intrinsics": [[[1257.8625342125129, 0.0, 827.2410631095686], [0.0, 1257.8625342125129, 450.915498205774], [0.0, 0.0, 1.0]], [[1252.8131021185304, 0.0, 826.588114781398], [0.0, 1252.8131021185304, 469.9846626224581], [0.0, 0.0, 1.0]], [[1256.7485116440405, 0.0, 817.7887570959712], [0.0, 1256.7485116440403, 451.9541780095127], [0.0, 0.0, 1.0]], [[1254.9860565800168, 0.0, 829.5769333630991], [0.0, 1254.9860565800168, 467.1680561863987], [0.0, 0.0, 1.0]], [[796.8910634503094, 0.0, 857.7774326863696], [0.0, 796.8910634503094, 476.8848988407415], [0.0, 0.0, 1.0]], [[1249.9629280788233, 0.0, 825.3768045375984], [0.0, 1249.9629280788233, 462.54816385708756], [0.0, 0.0, 1.0]]], "extrinsics": [[[0.8225154280662537, -0.568702757358551, 0.006747798528522253, -1.0050048828125], [0.00963544100522995, 0.002071080496534705, -0.9999514222145081, 1.4882941246032715], [0.5686611533164978, 0.8225405812263489, 0.00718319695442915, -1.33349609375], [0.0, 0.0, 0.0, 1.0]], [[0.010231868363916874, -0.999945342540741, 0.002166560385376215, 0.0054931640625], [0.01159822940826416, -0.002047848654910922, -0.9999306201934814, 1.4801621437072754], [0.9998803734779358, 0.010256325826048851, 0.011576641350984573, -1.73468017578125], [0.0, 0.0, 0.0, 1.0]], [[-0.8439608216285706, -0.5362960696220398, -0.010805020108819008, 1.090576171875], [0.01962810568511486, -0.010745998471975327, -0.9997496008872986, 1.493072509765625], [0.5360456705093384, -0.8439615964889526, 0.0195956751704216, -1.277587890625], [0.0, 0.0, 0.0, 1.0]], [[0.9479019045829773, 0.31853657960891724, -0.004051642958074808, -1.1439208984375], [-0.005741267465054989, 0.004365652333945036, -0.9999739527702332, 1.5620436668395996], [-0.31851065158843994, 0.9479005336761475, 0.005967013072222471, -0.1561279296875], [0.0, 0.0, 0.0, 1.0]], [[0.009245963767170906, 0.9999521970748901, -0.003175079822540283, -0.02880859375], [-0.0036234718281775713, -0.0031416905112564564, -0.9999884366989136, 1.5680642127990723], [-0.999950647354126, 0.009257388301193714, 0.003594250651076436, 0.04425048828125], [0.0, 0.0, 0.0, 1.0]], [[-0.9236996173858643, 0.38297557830810547, -0.010421832092106342, 1.160614013671875], [0.0005706158699467778, -0.02582743763923645, -0.9996662735939026, 1.5478172302246094], [-0.38311678171157837, -0.9233973026275635, 0.02363826334476471, -0.043701171875], [0.0, 0.0, 0.0, 1.0]]], "view": [[0.0, -2.0, 100.0], [-2.0, 0.0, 100.0], [0.0, 0.0, 1.0]], "bev": "bev_8b266e713aa74fe0b6dc28440084099c.png", "aux": "aux_8b266e713aa74fe0b6dc28440084099c.npz", "visibility": "visibility_8b266e713aa74fe0b6dc28440084099c.png", "pose": [[-0.7728267908096313, -0.634617030620575, 0.0, 1316.4300537109375], [0.634617030620575, -0.7728267908096313, 0.0, 1038.6046142578125], [0.0, 0.0, 1.0, 0.0], [0.0, 0.0, 0.0, 1.0]], "pose_inverse": [[-0.7728267908096313, 0.634617030620575, 0.0, 358.2561950683594], [-0.634617030620575, -0.7728267908096313, 0.0, 1638.0904541015625], [0.0, 0.0, 1.0, 0.0], [0.0, 0.0, 0.0, 1.0]], "cam_ids": [0, 1, 2, 3, 4, 5], "cam_channels": ["CAM_FRONT_LEFT", "CAM_FRONT", "CAM_FRONT_RIGHT", "CAM_BACK_LEFT", "CAM_BACK", "CAM_BACK_RIGHT"], "token": "8b266e713aa74fe0b6dc28440084099c", "scene": "scene-0672"}, {"images": ["samples/CAM_FRONT_LEFT/n008-2018-08-28-16-16-48-0400__CAM_FRONT_LEFT__1535487787254799.jpg", "samples/CAM_FRONT/n008-2018-08-28-16-16-48-0400__CAM_FRONT__1535487787262404.jpg", "samples/CAM_FRONT_RIGHT/n008-2018-08-28-16-16-48-0400__CAM_FRONT_RIGHT__1535487787270482.jpg", "samples/CAM_BACK_LEFT/n008-2018-08-28-16-16-48-0400__CAM_BACK_LEFT__1535487787297405.jpg", "samples/CAM_BACK/n008-2018-08-28-16-16-48-0400__CAM_BACK__1535487787287558.jpg", "samples/CAM_BACK_RIGHT/n008-2018-08-28-16-16-48-0400__CAM_BACK_RIGHT__1535487787278113.jpg"], "intrinsics": [[[1257.8625342125129, 0.0, 827.2410631095686], [0.0, 1257.8625342125129, 450.915498205774], [0.0, 0.0, 1.0]], [[1252.8131021185304, 0.0, 826.588114781398], [0.0, 1252.8131021185304, 469.9846626224581], [0.0, 0.0, 1.0]], [[1256.7485116440405, 0.0, 817.7887570959712], [0.0, 1256.7485116440403, 451.9541780095127], [0.0, 0.0, 1.0]], [[1254.9860565800168, 0.0, 829.5769333630991], [0.0, 1254.9860565800168, 467.1680561863987], [0.0, 0.0, 1.0]], [[796.8910634503094, 0.0, 857.7774326863696], [0.0, 796.8910634503094, 476.8848988407415], [0.0, 0.0, 1.0]], [[1249.9629280788233, 0.0, 825.3768045375984], [0.0, 1249.9629280788233, 462.54816385708756], [0.0, 0.0, 1.0]]], "extrinsics": [[[0.8225216269493103, -0.5686914324760437, 0.00695709977298975, -1.0048828125], [0.009867449291050434, 0.002038794569671154, -0.9999492168426514, 1.488295555114746], [0.5686482787132263, 0.822548508644104, 0.007288484834134579, -1.3333740234375], [0.0, 0.0, 0.0, 1.0]], [[0.010240762494504452, -0.9999451637268066, 0.002189210383221507, 0.00537109375], [0.011833581142127514, -0.0020679805893450975, -0.999927818775177, 1.480165958404541], [0.9998775124549866, 0.010265890508890152, 0.011811754666268826, -1.73468017578125], [0.0, 0.0, 0.0, 1.0]], [[-0.8439546823501587, -0.5363019108772278, -0.010994996875524521, 1.090576171875], [0.019861916080117226, -0.010759543627500534, -0.9997447729110718, 1.4930734634399414], [0.5360467433929443, -0.8439577221870422, 0.019732549786567688, -1.2774658203125], [0.0, 0.0, 0.0, 1.0]], [[0.94790118932724, 0.3185417652130127, -0.003807215252891183, -1.14385986328125], [-0.005489553324878216, 0.004383829887956381, -0.999975323677063, 1.5620450973510742], [-0.3185172379016876, 0.9478986263275146, 0.005904091522097588, -0.156005859375], [0.0, 0.0, 0.0, 1.0]], [[0.009242317639291286, 0.9999522566795349, -0.0031619183719158173, -0.02880859375], [-0.003371372353285551, -0.003130873665213585, -0.99998939037323, 1.5680623054504395], [-0.9999516606330872, 0.009252907708287239, 0.0033422752749174833, 0.044281005859375], [0.0, 0.0, 0.0, 1.0]], [[-0.9236993193626404, 0.38297033309936523, -0.010644474066793919, 1.160552978515625], [0.00080875278217718, -0.025834573432803154, -0.9996659159660339, 1.5478134155273438], [-0.38311731815338135, -0.9233993291854858, 0.023553650826215744, -0.043701171875], [0.0, 0.0, 0.0, 1.0]]], "view": [[0.0, -2.0, 100.0], [-2.0, 0.0, 100.0], [0.0, 0.0, 1.0]], "bev": "bev_31520b5970b044e9b8b7c55ead392231.png", "aux": "aux_31520b5970b044e9b8b7c55ead392231.npz", "visibility": "visibility_31520b5970b044e9b8b7c55ead392231.png", "pose": [[-0.7728300094604492, -0.6346130967140198, 0.0, 1316.4300537109375], [0.6346130967140198, -0.7728300094604492, 0.0, 1038.6046142578125], [0.0, 0.0, 1.0, 0.0], [0.0, 0.0, 0.0, 1.0]], "pose_inverse": [[-0.7728300094604492, 0.6346130967140198, 0.0, 358.2645568847656], [-0.6346130967140198, -0.7728300094604492, 0.0, 1638.088623046875], [0.0, 0.0, 1.0, 0.0], [0.0, 0.0, 0.0, 1.0]], "cam_ids": [0, 1, 2, 3, 4, 5], "cam_channels": ["CAM_FRONT_LEFT", "CAM_FRONT", "CAM_FRONT_RIGHT", "CAM_BACK_LEFT", "CAM_BACK", "CAM_BACK_RIGHT"], "token": "31520b5970b044e9b8b7c55ead392231", "scene": "scene-0672"}, {"images": ["samples/CAM_FRONT_LEFT/n008-2018-08-28-16-16-48-0400__CAM_FRONT_LEFT__1535487787754799.jpg", "samples/CAM_FRONT/n008-2018-08-28-16-16-48-0400__CAM_FRONT__1535487787762404.jpg", "samples/CAM_FRONT_RIGHT/n008-2018-08-28-16-16-48-0400__CAM_FRONT_RIGHT__1535487787770491.jpg", "samples/CAM_BACK_LEFT/n008-2018-08-28-16-16-48-0400__CAM_BACK_LEFT__1535487787797405.jpg", "samples/CAM_BACK/n008-2018-08-28-16-16-48-0400__CAM_BACK__1535487787787558.jpg", "samples/CAM_BACK_RIGHT/n008-2018-08-28-16-16-48-0400__CAM_BACK_RIGHT__1535487787778113.jpg"], "intrinsics": [[[1257.8625342125129, 0.0, 827.2410631095686], [0.0, 1257.8625342125129, 450.915498205774], [0.0, 0.0, 1.0]], [[1252.8131021185304, 0.0, 826.588114781398], [0.0, 1252.8131021185304, 469.9846626224581], [0.0, 0.0, 1.0]], [[1256.7485116440405, 0.0, 817.7887570959712], [0.0, 1256.7485116440403, 451.9541780095127], [0.0, 0.0, 1.0]], [[1254.9860565800168, 0.0, 829.5769333630991], [0.0, 1254.9860565800168, 467.1680561863987], [0.0, 0.0, 1.0]], [[796.8910634503094, 0.0, 857.7774326863696], [0.0, 796.8910634503094, 476.8848988407415], [0.0, 0.0, 1.0]], [[1249.9629280788233, 0.0, 825.3768045375984], [0.0, 1249.9629280788233, 462.54816385708756], [0.0, 0.0, 1.0]]], "extrinsics": [[[0.822523295879364, -0.5686861872673035, 0.007179856766015291, -1.00494384765625], [0.010060659609735012, 0.0019266285235062242, -0.9999475479125977, 1.488293170928955], [0.5686424970626831, 0.8225523829460144, 0.0073060542345047, -1.33349609375], [0.0, 0.0, 0.0, 1.0]], [[0.010245922952890396, -0.9999448657035828, 0.002306362148374319, 0.00537109375], [0.012016215361654758, -0.0021831931080669165, -0.999925434589386, 1.4801642894744873], [0.9998753070831299, 0.010272786021232605, 0.011993182823061943, -1.734588623046875], [0.0, 0.0, 0.0, 1.0]], [[-0.8439500331878662, -0.5363072156906128, -0.011084571480751038, 1.090576171875], [0.0200346726924181, -0.01086424384266138, -0.9997402429580688, 1.4930734634399414], [0.5360474586486816, -0.8439528942108154, 0.01991361938416958, -1.2777099609375], [0.0, 0.0, 0.0, 1.0]], [[0.9479019641876221, 0.318540096282959, -0.003748978255316615, -1.1439208984375], [-0.005411042831838131, 0.004333049524575472, -0.9999759793281555, 1.5620460510253906], [-0.31851625442504883, 0.9478994607925415, 0.005830941256135702, -0.1561279296875], [0.0, 0.0, 0.0, 1.0]], [[0.009240575134754181, 0.9999520182609558, -0.0032358684111386538, -0.02880859375],