[{"images": ["samples/CAM_FRONT_LEFT/n015-2018-07-11-11-54-16+0800__CAM_FRONT_LEFT__1531281439754844.jpg", "samples/CAM_FRONT/n015-2018-07-11-11-54-16+0800__CAM_FRONT__1531281439762460.jpg", "samples/CAM_FRONT_RIGHT/n015-2018-07-11-11-54-16+0800__CAM_FRONT_RIGHT__1531281439770339.jpg", "samples/CAM_BACK_LEFT/n015-2018-07-11-11-54-16+0800__CAM_BACK_LEFT__1531281439797423.jpg", "samples/CAM_BACK/n015-2018-07-11-11-54-16+0800__CAM_BACK__1531281439787525.jpg", "samples/CAM_BACK_RIGHT/n015-2018-07-11-11-54-16+0800__CAM_BACK_RIGHT__1531281439777893.jpg"], "intrinsics": [[[1272.5979470598488, 0.0, 826.6154927353808], [0.0, 1272.5979470598488, 479.75165386361925], [0.0, 0.0, 1.0]], [[1266.417203046554, 0.0, 816.2670197447984], [0.0, 1266.417203046554, 491.50706579294757], [0.0, 0.0, 1.0]], [[1260.8474446004698, 0.0, 807.968244525554], [0.0, 1260.8474446004698, 495.3344268742088], [0.0, 0.0, 1.0]], [[1256.7414812095406, 0.0, 792.1125740759628], [0.0, 1256.7414812095406, 492.7757465151356], [0.0, 0.0, 1.0]], [[809.2209905677063, 0.0, 829.2196003259838], [0.0, 809.2209905677063, 481.77842384512485], [0.0, 0.0, 1.0]], [[1259.5137405846733, 0.0, 807.2529053838625], [0.0, 1259.5137405846733, 501.19579884916527], [0.0, 0.0, 1.0]]], "extrinsics": [[[0.8183271288871765, -0.5745059847831726, -0.01684093289077282, -0.61846923828125], [-0.019343284890055656, 0.001755630481056869, -0.9998113512992859, 1.5001044273376465], [0.5744271874427795, 0.8184984922409058, -0.009676153771579266, -1.04156494140625], [0.0, 0.0, 0.0, 1.0]], [[0.002328619360923767, -0.999994695186615, 0.0022450783289968967, 0.0087890625], [-0.024610305204987526, -0.0023017139174044132, -0.9996945261955261, 1.5119102001190186], [0.9996943473815918, 0.00227273628115654, -0.024615535512566566, -1.3418121337890625], [0.0, 0.0, 0.0, 1.0]], [[-0.8345056772232056, -0.5509469509124756, 0.007589971646666527, 0.8011474609375], [-0.018905185163021088, 0.014862972311675549, -0.9997107982635498, 1.4983577728271484], [0.5506748557090759, -0.8344078063964844, -0.022818991914391518, -1.093994140625], [0.0, 0.0, 0.0, 1.0]], [[0.9477148652076721, 0.31877589225769043, -0.014778864569962025, -1.119110107421875], [-0.010341431014239788, -0.01560828648507595, -0.9998246431350708, 1.5883073806762695], [-0.31895068287849426, 0.947701632976532, -0.011495605111122131, -0.11181640625], [0.0, 0.0, 0.0, 1.0]], [[0.0035747878719121218, 0.9999778866767883, -0.005620169918984175, 0.0025634765625], [-0.03572375699877739, -0.0054889158345758915, -0.9993466138839722, 1.575155258178711], [-0.9993553161621094, 0.0037732217460870743, 0.03570334240794182, -0.11578369140625], [0.0, 0.0, 0.0, 1.0]], [[-0.9340080618858337, 0.3571956753730774, 0.00634330278262496, 0.94097900390625], [-0.0030417160596698523, 0.009804096072912216, -0.9999473690986633, 1.5508060455322266], [-0.3572390377521515, -0.9339781403541565, -0.008070619776844978, -0.1370849609375], [0.0, 0.0, 0.0, 1.0]]], "view": [[0.0, -2.0, 100.0], [-2.0, 0.0, 100.0], [0.0, 0.0, 1.0]], "bev": "bev_30e55a3ec6184d8cb1944b39ba19d622.png", "aux": "aux_30e55a3ec6184d8cb1944b39ba19d622.npz", "visibility": "visibility_30e55a3ec6184d8cb1944b39ba19d622.png", "pose": [[-0.6539552211761475, -0.7565332651138306, 0.0, 732.0614624023438], [0.7565332651138306, -0.6539552211761475, 0.0, 949.0676879882812], [0.0, 0.0, 1.0, 0.0], [0.0, 0.0, 0.0, 1.0]], "pose_inverse": [[-0.6539552211761475, 0.7565332651138306, 0.0, -239.265869140625], [-0.7565332651138306, -0.6539552211761475, 0.0, 1174.4765625], [0.0, 0.0, 1.0, 0.0], [0.0, 0.0, 0.0, 1.0]], "cam_ids": [0, 1, 2, 3, 4, 5], "cam_channels": ["CAM_FRONT_LEFT", "CAM_FRONT", "CAM_FRONT_RIGHT", "CAM_BACK_LEFT", "CAM_BACK", "CAM_BACK_RIGHT"], "token": "30e55a3ec6184d8cb1944b39ba19d622", "scene": "scene-0268"}, {"images": ["samples/CAM_FRONT_LEFT/n015-2018-07-11-11-54-16+0800__CAM_FRONT_LEFT__1531281440254844.jpg", "samples/CAM_FRONT/n015-2018-07-11-11-54-16+0800__CAM_FRONT__1531281440262460.jpg", "samples/CAM_FRONT_RIGHT/n015-2018-07-11-11-54-16+0800__CAM_FRONT_RIGHT__1531281440270339.jpg", "samples/CAM_BACK_LEFT/n015-2018-07-11-11-54-16+0800__CAM_BACK_LEFT__1531281440297423.jpg", "samples/CAM_BACK/n015-2018-07-11-11-54-16+0800__CAM_BACK__1531281440287525.jpg", "samples/CAM_BACK_RIGHT/n015-2018-07-11-11-54-16+0800__CAM_BACK_RIGHT__1531281440277893.jpg"], "intrinsics": [[[1272.5979470598488, 0.0, 826.6154927353808], [0.0, 1272.5979470598488, 479.75165386361925], [0.0, 0.0, 1.0]], [[1266.417203046554, 0.0, 816.2670197447984], [0.0, 1266.417203046554, 491.50706579294757], [0.0, 0.0, 1.0]], [[1260.8474446004698, 0.0, 807.968244525554], [0.0, 1260.8474446004698, 495.3344268742088], [0.0, 0.0, 1.0]], [[1256.7414812095406, 0.0, 792.1125740759628], [0.0, 1256.7414812095406, 492.7757465151356], [0.0, 0.0, 1.0]], [[809.2209905677063, 0.0, 829.2196003259838], [0.0, 809.2209905677063, 481.77842384512485], [0.0, 0.0, 1.0]], [[1259.5137405846733, 0.0, 807.2529053838625], [0.0, 1259.5137405846733, 501.19579884916527], [0.0, 0.0, 1.0]]], "extrinsics": [[[0.8178154230117798, -0.575452983379364, -0.0056170132011175156, -0.6104736328125], [-0.015768207609653473, -0.01265024021267891, -0.9997956156730652, 1.5015335083007812], [0.5752644538879395, 0.8177369236946106, -0.01941942796111107, -1.03717041015625], [0.0, 0.0, 0.0, 1.0]], [[0.0016497609904035926, -0.9998602867126465, 0.016633780673146248, 0.0098876953125], [-0.02124309539794922, -0.01666509360074997, -0.9996354579925537, 1.5130128860473633], [0.9997729659080505, 0.001295814523473382, -0.021267620846629143, -1.3350830078125], [0.0, 0.0, 0.0, 1.0]], [[-0.8347224593162537, -0.5505236983299255, 0.012731277383863926, 0.79852294921875], [-0.015676019713282585, 0.0006455956608988345, -0.9998769164085388, 1.499220848083496], [0.5504477620124817, -0.8348192572593689, -0.009168916381895542, -1.090576171875], [0.0, 0.0, 0.0, 1.0]], [[0.9477443099021912, 0.3186197876930237, -0.016194015741348267, -1.11956787109375], [-0.007460219319909811, -0.028612643480300903, -0.999562680721283, 1.5883846282958984], [-0.3189438283443451, 0.9474506378173828, -0.024740492925047874, -0.1116943359375], [0.0, 0.0, 0.0, 1.0]], [[0.003615850582718849, 0.999809205532074, -0.01919332519173622, 0.002197265625], [-0.03273481875658035, -0.01906481944024563, -0.9992822408676147, 1.5755128860473633], [-0.9994575381278992, 0.0042415279895067215, 0.03265964239835739, -0.1162872314453125], [0.0, 0.0, 0.0, 1.0]], [[-0.9339948892593384, 0.3572830259799957, -0.001543935970403254, 0.939208984375], [6.127624510554597e-05, -0.004161105956882238, -0.9999913573265076, 1.55147123336792], [-0.3572863042354584, -0.9339869022369385, 0.0038645584136247635, -0.1365966796875], [0.0, 0.0, 0.0, 1.0]]], "view": [[0.0, -2.0, 100.0], [-2.0, 0.0, 100.0], [0.0, 0.0, 1.0]], "bev": "bev_cc18fde20db74d30825b0b60ec511b7b.png", "aux": "aux_cc18fde20db74d30825b0b60ec511b7b.npz", "visibility": "visibility_cc18fde20db74d30825b0b60ec511b7b.png", "pose": [[-0.6895071864128113, -0.7242788076400757, 0.0, 728.8727416992188], [0.7242788076400757, -0.6895071864128113, 0.0, 952.6375732421875], [0.0, 0.0, 1.0, 0.0], [0.0, 0.0, 0.0, 1.0]], "pose_inverse": [[-0.6895071864128113, 0.7242788076400757, 0.0, -187.41221618652344], [-0.7242788076400757, -0.6895071864128113, 0.0, 1184.757568359375], [0.0, 0.0, 1.0, 0.0], [0.0, 0.0, 0.0, 1.0]], "cam_ids": [0, 1, 2, 3, 4, 5], "cam_channels": ["CAM_FRONT_LEFT", "CAM_FRONT", "CAM_FRONT_RIGHT", "CAM_BACK_LEFT", "CAM_BACK", "CAM_BACK_RIGHT"], "token": "cc18fde20db74d30825b0b60ec511b7b", "scene": "scene-0268"}, {"images": ["samples/CAM_FRONT_LEFT/n015-2018-07-11-11-54-16+0800__CAM_FRONT_LEFT__1531281440754844.jpg", "samples/CAM_FRONT/n015-2018-07-11-11-54-16+0800__CAM_FRONT__1531281440762476.jpg", "samples/CAM_FRONT_RIGHT/n015-2018-07-11-11-54-16+0800__CAM_FRONT_RIGHT__1531281440770339.jpg", "samples/CAM_BACK_LEFT/n015-2018-07-11-11-54-16+0800__CAM_BACK_LEFT__1531281440797423.jpg", "samples/CAM_BACK/n015-2018-07-11-11-54-16+0800__CAM_BACK__1531281440787525.jpg", "samples/CAM_BACK_RIGHT/n015-2018-07-11-11-54-16+0800__CAM_BACK_RIGHT__1531281440777893.jpg"], "intrinsics": [[[1272.5979470598488, 0.0, 826.6154927353808], [0.0, 1272.5979470598488, 479.75165386361925], [0.0, 0.0, 1.0]], [[1266.417203046554, 0.0, 816.2670197447984], [0.0, 1266.417203046554, 491.50706579294757], [0.0, 0.0, 1.0]], [[1260.8474446004698, 0.0, 807.968244525554], [0.0, 1260.8474446004698, 495.3344268742088], [0.0, 0.0, 1.0]], [[1256.7414812095406, 0.0, 792.1125740759628], [0.0, 1256.7414812095406, 492.7757465151356], [0.0, 0.0, 1.0]], [[809.2209905677063, 0.0, 829.2196003259838], [0.0, 809.2209905677063, 481.77842384512485], [0.0, 0.0, 1.0]], [[1259.5137405846733, 0.0, 807.2529053838625], [0.0, 1259.5137405846733, 501.19579884916527], [0.0, 0.0, 1.0]]], "extrinsics": [[[0.81756991147995, -0.5756077170372009, -0.015976252034306526, -0.60546875], [-0.01868055760860443, 0.001217480399645865, -0.9998247623443604, 1.5001025199890137], [0.575526237487793, 0.8177251219749451, -0.009757296182215214, -1.03411865234375], [0.0, 0.0, 0.0, 1.0]], [[0.0015217576874420047, -0.9999949336051941, 0.00280902162194252, 0.01025390625], [-0.024333590641617775, -0.0028452235274016857, -0.9996998310089111, 1.5117326974868774], [0.9997027516365051, 0.0014529599575325847, -0.02433779276907444, -1.3302459716796875], [0.0, 0.0, 0.0, 1.0]], [[-0.8346608877182007, -0.5507062077522278, 0.007985658943653107, 0.795166015625], [-0.01900932565331459, 0.01431424729526043, -0.9997168183326721, 1.4981460571289062], [0.5504359006881714, -0.834576427936554, -0.022416094318032265, -1.0877685546875], [0.0, 0.0, 0.0, 1.0]], [[0.9476944208145142, 0.31876668334007263, -0.01622449792921543, -1.115966796875], [-0.011521722190082073, -0.016633180901408195, -0.9997952580451965, 1.5882396697998047], [-0.3189712166786194, 0.9476873278617859, -0.012090431526303291, -0.1131591796875], [0.0, 0.0, 0.0, 1.0]], [[0.003481096588075161, 0.9999730587005615, -0.006473049521446228, 0.0015869140625], [-0.03655568137764931, -0.006341509986668825, -0.9993115067481995, 1.5749045610427856], [-0.9993255734443665, 0.0037153377197682858, 0.03653261438012123, -0.12017822265625], [0.0, 0.0, 0.0, 1.0]], [[-0.9340649843215942, 0.3570430278778076, 0.006544848904013634, 0.93548583984375], [-0.003504660911858082, 0.009161226451396942, -0.9999518990516663, 1.550673484802246], [-0.35708585381507874, -0.9340430498123169, -0.007305866107344627, -0.13720703125], [0.0, 0.0, 0.0, 1.0]]], "view": [[0.0, -2.0, 100.0], [-2.0, 0.0, 100.0], [0.0, 0.0, 1.0]], "bev": "bev_08e76760a8c64a92a86686baf68f6aff.png", "aux": "aux_08e76760a8c64a92a86686baf68f6aff.npz", "visibility": "visibility_08e76760a8c64a92a86686baf68f6aff.png", "pose": [[-0.7290506362915039, -0.6844598054885864, 0.0, 725.4722900390625], [0.6844598054885864, -0.7290506362915039, 0.0, 956.0726928710938], [0.0, 0.0, 1.0, 0.0], [0.0, 0.0, 0.0, 1.0]], "pose_inverse": [[-0.7290506362915039, 0.6844598054885864, 0.0, -125.48729705810547], [-0.6844598054885864, -0.7290506362915039, 0.0, 1193.58203125], [0.0, 0.0, 1.0, 0.0], [0.0, 0.0, 0.0, 1.0]], "cam_ids": [0, 1, 2, 3, 4, 5], "cam_channels": ["CAM_FRONT_LEFT", "CAM_FRONT", "CAM_FRONT_RIGHT", "CAM_BACK_LEFT", "CAM_BACK", "CAM_BACK_RIGHT"], "token": "08e76760a8c64a92a86686baf68f6aff", "scene": "scene-0268"}, {"images": ["samples/CAM_FRONT_LEFT/n015-2018-07-11-11-54-16+0800__CAM_FRONT_LEFT__1531281441254844.jpg", "samples/CAM_FRONT/n015-2018-07-11-11-54-16+0800__CAM_FRONT__1531281441262460.jpg", "samples/CAM_FRONT_RIGHT/n015-2018-07-11-11-54-16+0800__CAM_FRONT_RIGHT__1531281441270339.jpg", "samples/CAM_BACK_LEFT/n015-2018-07-11-11-54-16+0800__CAM_BACK_LEFT__1531281441297423.jpg", "samples/CAM_BACK/n015-2018-07-11-11-54-16+0800__CAM_BACK__1531281441287525.jpg", "samples/CAM_BACK_RIGHT/n015-2018-07-11-11-54-16+0800__CAM_BACK_RIGHT__1531281441277893.jpg"], "intrinsics": [[[1272.5979470598488, 0.0, 826.6154927353808], [0.0, 1272.5979470598488, 479.75165386361925], [0.0, 0.0, 1.0]], [[1266.417203046554, 0.0, 816.2670197447984], [0.0, 1266.417203046554, 491.50706579294757], [0.0, 0.0, 1.0]], [[1260.8474446004698, 0.0, 807.968244525554], [0.0, 1260.8474446004698, 495.3344268742088], [0.0, 0.0, 1.0]], [[1256.7414812095406, 0.0, 792.1125740759628], [0.0, 1256.7414812095406, 492.7757465151356], [0.0, 0.0, 1.0]], [[809.2209905677063, 0.0, 829.2196003259838], [0.0, 809.2209905677063, 481.77842384512485], [0.0, 0.0, 1.0]], [[1259.5137405846733, 0.0, 807.2529053838625], [0.0, 1259.5137405846733, 501.19579884916527], [0.0, 0.0, 1.0]]], "extrinsics": [[[0.8170223832130432, -0.5764619708061218, -0.012886944226920605, -0.608154296875], [-0.016525669023394585, -0.001069740392267704, -0.9998629093170166, 1.5011193752288818], [0.576369047164917, 0.817123293876648, -0.010400419123470783, -1.03680419921875], [0.0, 0.0, 0.0, 1.0]], [[0.00043398552224971354, -0.9999870657920837, 0.005056214053183794, 0.0106201171875], [-0.021963441744446754, -0.005064527504146099, -0.9997460246086121, 1.5126299858093262], [0.9997586011886597, 0.0003228369168937206, -0.021965354681015015, -1.3312530517578125], [0.0, 0.0, 0.0, 1.0]], [[-0.8353103399276733, -0.5497336983680725, 0.007035335060209036, 0.79412841796875], [-0.01639709621667862, 0.012120037339627743, -0.9997920393943787, 1.4988698959350586], [0.5495340824127197, -0.8352519869804382, -0.019138026982545853, -1.0867919921875], [0.0, 0.0, 0.0, 1.0]], [[0.9477891325950623, 0.3185997009277344, -0.013782627880573273, -1.11651611328125], [-0.00842498242855072, -0.01818818971514702, -0.9997990727424622, 1.5883369445800781], [-0.3187863528728485, 0.9477148652076721, -0.014554372057318687, -0.11279296875], [0.0, 0.0, 0.0, 1.0]], [[0.004168253857642412, 0.9999570250511169, -0.008282503113150597, 0.0015869140625], [-0.033606164157390594, -0.008137824945151806, -0.9994020462036133, 1.5752177238464355], [-0.9994264245033264, 0.004444066435098648, 0.033570799976587296, -0.1216888427734375], [0.0, 0.0, 0.0, 1.0]], [[-0.9336616396903992, 0.3581419289112091, 0.0032044053077697754, 0.932037353515625], [-0.0007140240049920976, 0.0070856413803994656, -0.9999746084213257, 1.5512714385986328], [-0.3581555187702179, -0.9336402416229248, -0.00635986914858222, -0.1385498046875], [0.0, 0.0, 0.0, 1.0]]], "view": [[0.0, -2.0, 100.0], [-2.0, 0.0, 100.0], [0.0, 0.0, 1.0]], "bev": "bev_2140329a6990437aa46b83c30f49cf49.png", "aux": "aux_2140329a6990437aa46b83c30f49cf49.npz", "visibility": "visibility_2140329a6990437aa46b83c30f49cf49.png", "pose": [[-0.7703031897544861, -0.637677788734436, 0.0, 721.9119262695312], [0.637677788734436, -0.7703031897544861, 0.0, 959.28076171875], [0.0, 0.0, 1.0, 0.0], [0.0, 0.0, 0.0, 1.0]], "pose_inverse": [[-0.7703031897544861, 0.637677788734436, 0.0, -55.6209716796875], [-0.637677788734436, -0.7703031897544861, 0.0, 1199.2843017578125], [0.0, 0.0, 1.0, 0.0], [0.0, 0.0, 0.0, 1.0]], "cam_ids": [0, 1, 2, 3, 4, 5], "cam_channels": ["CAM_FRONT_LEFT", "CAM_FRONT", "CAM_FRONT_RIGHT", "CAM_BACK_LEFT", "CAM_BACK", "CAM_BACK_RIGHT"], "token": "2140329a6990437aa46b83c30f49cf49", "scene": "scene-0268"}, {"images": ["samples/CAM_FRONT_LEFT/n015-2018-07-11-11-54-16+0800__CAM_FRONT_LEFT__1531281441754844.jpg", "samples/CAM_FRONT/n015-2018-07-11-11-54-16+0800__CAM_FRONT__1531281441762460.jpg", "samples/CAM_FRONT_RIGHT/n015-2018-07-11-11-54-16+0800__CAM_FRONT_RIGHT__1531281441770339.jpg", "samples/CAM_BACK_LEFT/n015-2018-07-11-11-54-16+0800__CAM_BACK_LEFT__1531281441797423.jpg", "samples/CAM_BACK/n015-2018-07-11-11-54-16+0800__CAM_BACK__1531281441787525.jpg", "samples/CAM_BACK_RIGHT/n015-2018-07-11-11-54-16+0800__CAM_BACK_RIGHT__1531281441777893.jpg"], "intrinsics": [[[1272.5979470598488, 0.0, 826.6154927353808], [0.0, 1272.5979470598488, 479.75165386361925], [0.0, 0.0, 1.0]], [[1266.417203046554, 0.0, 816.2670197447984], [0.0, 1266.417203046554, 491.50706579294757], [0.0, 0.0, 1.0]], [[1260.8474446004698, 0.0, 807.968244525554], [0.0, 1260.8474446004698, 495.3344268742088], [0.0, 0.0, 1.0]], [[1256.7414812095406, 0.0, 792.1125740759628], [0.0, 1256.7414812095406, 492.7757465151356], [0.0, 0.0, 1.0]], [[809.2209905677063, 0.0, 829.2196003259838], [0.0, 809.2209905677063, 481.77842384512485], [0.0, 0.0, 1.0]], [[1259.5137405846733, 0.0, 807.2529053838625], [0.0, 1259.5137405846733, 501.19579884916527], [0.0, 0.0, 1.0]]], "extrinsics": [[[0.8172821402549744, -0.576168417930603, -0.008932788856327534, -0.59954833984375], [-0.015196776017546654, -0.006054587662220001, -0.9998661875724792, 1.5015530586242676], [0.5760371685028076, 0.8173085451126099, -0.01370421051979065, -1.02996826171875], [0.0, 0.0, 0.0, 1.0]], [[0.0008850210579112172, -0.9999446272850037, 0.010484506376087666, 0.010009765625], [-0.020489582791924477, -0.010500442236661911, -0.9997349381446838, 1.5130271911621094], [0.9997896552085876, 0.0006699741934426129, -0.020497741177678108, -1.3237037658691406], [0.0, 0.0, 0.0, 1.0]], [[-0.8350523710250854, -0.5500983595848083, 0.008900018408894539, 0.790283203125], [-0.014781955629587173, 0.006262218113988638, -0.9998711347579956, 1.4993057250976562], [0.5499718189239502, -0.8350763916969299, -0.013360810466110706, -1.08514404296875], [0.0, 0.0, 0.0, 1.0]], [[0.9477967619895935, 0.318576842546463, -0.013785364106297493, -1.117431640625], [-0.006057119928300381, -0.025236617773771286, -0.9996631741523743, 1.5884037017822266], [-0.3188173770904541, 0.9475610852241516, -0.021989528089761734, -0.1123046875], [0.0, 0.0, 0.0, 1.0]], [[0.0038975609932094812, 0.9998801350593567, -0.014986706897616386, 0.001953125], [-0.03151444345712662, -0.014856559224426746, -0.9993929266929626, 1.5754776000976562], [-0.9994956851005554, 0.004367463756352663, 0.031452760100364685, -0.12172794342041016], [0.0, 0.0, 0.0, 1.0]], [[-0.933844268321991, 0.3576792776584625, -0.0007385898497886956, 0.93133544921875], [0.0011134517844766378, 0.000842096924316138, -0.9999990463256836, 1.551692008972168], [-0.3576783537864685, -0.9338440895080566, -0.0011846487177535892, -0.1396484375], [0.0, 0.0, 0.0, 1.0]]], "view": [[0.0, -2.0, 100.0], [-2.0, 0.0, 100.0], [0.0, 0.0, 1.0]], "bev": "bev_01a7d01c014f406f87b8fe11976c3d0a.png", "aux": "aux_01a7d01c014f406f87b8fe11976c3d0a.npz", "visibility": "visibility_01a7d01c014f406f87b8fe11976c3d0a.png", "pose": [[-0.809810996055603, -0.5866908431053162, 0.0, 718.0211791992188], [0.5866908431053162, -0.809810996055603, 0.0, 962.3580322265625], [0.0, 0.0, 1.0, 0.0], [0.0, 0.0, 0.0, 1.0]], "pose_inverse": [[-0.809810996055603, 0.5866908431053162, 0.0, 16.854806900024414], [-0.5866908431053162, -0.809810996055603, 0.0, 1200.5845947265625], [0.0, 0.0, 1.0, 0.0], [0.0, 0.0, 0.0, 1.0]], "cam_ids": [0, 1, 2, 3, 4, 5], "cam_channels": ["CAM_FRONT_LEFT", "CAM_FRONT", "CAM_FRONT_RIGHT", "CAM_BACK_LEFT", "CAM_BACK", "CAM_BACK_RIGHT"], "token": "01a7d01c014f406f87b8fe11976c3d0a", "scene": "scene-0268"}, {"images": ["samples/CAM_FRONT_LEFT/n015-2018-07-11-11-54-16+0800__CAM_FRONT_LEFT__1531281442254844.jpg", "samples/CAM_FRONT/n015-2018-07-11-11-54-16+0800__CAM_FRONT__1531281442262460.jpg", "samples/CAM_FRONT_RIGHT/n015-2018-07-11-11-54-16+0800__CAM_FRONT_RIGHT__1531281442270339.jpg", "samples/CAM_BACK_LEFT/n015-2018-07-11-11-54-16+0800__CAM_BACK_LEFT__1531281442297423.jpg", "samples/CAM_BACK/n015-2018-07-11-11-54-16+0800__CAM_BACK__1531281442287525.jpg", "samples/CAM_BACK_RIGHT/n015-2018-07-11-11-54-16+0800__CAM_BACK_RIGHT__1531281442277893.jpg"], "intrinsics": [[[1272.5979470598488, 0.0, 826.6154927353808], [0.0, 1272.5979470598488, 479.75165386361925], [0.0, 0.0, 1.0]], [[1266.417203046554, 0.0, 816.2670197447984], [0.0, 1266.417203046554, 491.50706579294757], [0.0, 0.0, 1.0]], [[1260.8474446004698, 0.0, 807.968244525554], [0.0, 1260.8474446004698, 495.3344268742088], [0.0, 0.0, 1.0]], [[1256.7414812095406, 0.0, 792.1125740759628], [0.0, 1256.7414812095406, 492.7757465151356], [0.0, 0.0, 1.0]], [[809.2209905677063, 0.0, 829.2196003259838], [0.0, 809.2209905677063, 481.77842384512485], [0.0, 0.0, 1.0]], [[1259.5137405846733, 0.0, 807.2529053838625], [0.0, 1259.5137405846733, 501.19579884916527], [0.0, 0.0, 1.0]]], "extrinsics": [[[0.8173288702964783, -0.576051652431488, -0.011746929958462715, -0.60052490234375], [-0.01957683078944683, -0.00738883949816227, -0.9997810125350952, 1.4996109008789062], [0.5758386850357056, 0.817379891872406, -0.01731637679040432, -1.0286865234375], [0.0, 0.0, 0.0, 1.0]], [[0.0010541543597355485, -0.9999348521232605, 0.011356891132891178, 0.0089111328125], [-0.024714253842830658, -0.011379481293261051, -0.9996297955513, 1.511479377746582], [0.9996939301490784, 0.0007731238729320467, -0.02472464181482792, -1.3244094848632812], [0.0, 0.0, 0.0, 1.0]], [[-0.8349624276161194, -0.5501646399497986, 0.012508255429565907, 0.79132080078125], [-0.018823983147740364, 0.0058373319916427135, -0.999805748462677, 1.498154640197754], [0.5499847531318665, -0.8350356817245483, -0.015230243094265461, -1.08642578125], [0.0, 0.0, 0.0, 1.0]], [[0.947736918926239, 0.3185907304286957, -0.01716362126171589, -1.11871337890625], [-0.009744682349264622, -0.024866076186299324, -0.9996432662010193, 1.5883216857910156], [-0.31890392303466797, 0.9475660920143127, -0.020461933687329292, -0.1119384765625], [0.0, 0.0, 0.0, 1.0]], [[0.0038116525392979383, 0.9998826384544373, -0.014836126007139683, 0.0020751953125], [-0.035271380096673965, -0.014692571945488453, -0.9992697834968567, 1.5750732421875], [-0.9993705153465271, 0.004332230892032385, 0.035211239010095596, -0.1200408935546875], [0.0, 0.0, 0.0, 1.0]], [[-0.9338585138320923, 0.3576313257217407, 0.0028452198021113873, 0.933197021484375], [-0.002785426564514637, 0.000682299374602735, -0.9999958872795105, 1.5508463382720947], [-0.3576318025588989, -0.933862566947937, 0.00035898503847420216, -0.138916015625], [0.0, 0.0, 0.0, 1.0]]], "view": [[0.0, -2.0, 100.0], [-2.0, 0.0, 100.0], [0.0, 0.0, 1.0]], "bev": "bev_a2fada921a7d4141877f4a51328a21af.png", "aux": "aux_a2fada921a7d4141877f4a51328a21af.npz", "visibility": "visibility_a2fada921a7d4141877f4a51328a21af.png", "pose": [[-0.8463990092277527, -0.5325492024421692, 0.0, 714.0071411132812], [0.5325492024421692, -0.8463990092277527, 0.0, 965.1213989257812], [0.0, 0.0, 1.0, 0.0], [0.0, 0.0, 0.0, 1.0]], "pose_inverse": [[-0.8463990092277527, 0.5325492024421692, 0.0, 90.36029815673828], [-0.5325492024421692, -0.8463990092277527, 0.0, 1197.121826171875], [0.0, 0.0, 1.0, 0.0], [0.0, 0.0, 0.0, 1.0]], "cam_ids": [0, 1, 2, 3, 4, 5], "cam_channels": ["CAM_FRONT_LEFT", "CAM_FRONT", "CAM_FRONT_RIGHT", "CAM_BACK_LEFT", "CAM_BACK", "CAM_BACK_RIGHT"], "token": "a2fada921a7d4141877f4a51328a21af", "scene": "scene-0268"}, {"images": ["samples/CAM_FRONT_LEFT/n015-2018-07-11-11-54-16+0800__CAM_FRONT_LEFT__1531281442854844.jpg", "samples/CAM_FRONT/n015-2018-07-11-11-54-16+0800__CAM_FRONT__1531281442862460.jpg", "samples/CAM_FRONT_RIGHT/n015-2018-07-11-11-54-16+0800__CAM_FRONT_RIGHT__1531281442870339.jpg", "samples/CAM_BACK_LEFT/n015-2018-07-11-11-54-16+0800__CAM_BACK_LEFT__1531281442897423.jpg", "samples/CAM_BACK/n015-2018-07-11-11-54-16+0800__CAM_BACK__1531281442887525.jpg", "samples/CAM_BACK_RIGHT/n015-2018-07-11-11-54-16+0800__CAM_BACK_RIGHT__1531281442877893.jpg"], "intrinsics": [[[1272.5979470598488, 0.0, 826.6154927353808], [0.0, 1272.5979470598488, 479.75165386361925], [0.0, 0.0, 1.0]], [[1266.417203046554, 0.0, 816.2670197447984], [0.0, 1266.417203046554, 491.50706579294757], [0.0, 0.0, 1.0]], [[1260.8474446004698, 0.0, 807.968244525554], [0.0, 1260.8474446004698, 495.3344268742088], [0.0, 0.0, 1.0]], [[1256.7414812095406, 0.0, 792.1125740759628], [0.0, 1256.7414812095406, 492.7757465151356], [0.0, 0.0, 1.0]], [[809.2209905677063, 0.0, 829.2196003259838], [0.0, 809.2209905677063, 481.77842384512485], [0.0, 0.0, 1.0]], [[1259.5137405846733, 0.0, 807.2529053838625], [0.0, 1259.5137405846733, 501.19579884916527], [0.0, 0.0, 1.0]]], "extrinsics": [[[0.8182532787322998, -0.5747832655906677, -0.009260124526917934, -0.60223388671875], [-0.014403042383491993, -0.004395157098770142, -0.9998865723609924, 1.5019454956054688], [0.5746773481369019, 0.8182938694953918, -0.011874978430569172, -1.032470703125], [0.0, 0.0, 0.0, 1.0]], [[0.0022681436967104673, -0.9999629259109497, 0.008312159217894077, 0.010498046875], [-0.019543202593922615, -0.008354919031262398, -0.9997740983963013, 1.5134515762329102], [0.9998064637184143, 0.0021051745861768723, -0.01956142485141754, -1.327972412109375], [0.0, 0.0, 0.0, 1.0]], [[-0.8344524502754211, -0.5510419607162476, 0.0064790695905685425, 0.794921875], [-0.013693517073988914, 0.008980058133602142, -0.9998658895492554, 1.4996776580810547], [0.5509098768234253, -0.8344292044639587, -0.015039132907986641, -1.0872802734375], [0.0, 0.0, 0.0, 1.0]], [[0.947781503200531, 0.31872355937957764, -0.011203381232917309, -1.11968994140625], [-0.004745593294501305, -0.021030740812420845, -0.999767541885376, 1.5884513854980469], [-0.31888502836227417, 0.9476143717765808, -0.018420014530420303, -0.1116943359375], [0.0, 0.0, 0.0, 1.0]], [[0.003445445094257593, 0.9999318718910217, -0.011155156418681145, 0.00146484375], [-0.030283663421869278, -0.011045770719647408, -0.9994803667068481, 1.5757484436035156], [-0.9995353817939758, 0.0037814455572515726, 0.030243542045354843, -0.1178436279296875], [0.0, 0.0, 0.0, 1.0]], [[-0.9341399669647217, 0.35690629482269287, -0.0006495651323348284, 0.9361572265625], [0.0022601792588829994, 0.0040956526063382626, -0.9999890327453613, 1.5519185066223145], [-0.35689979791641235, -0.9341312050819397, -0.004632584750652313, -0.1368408203125], [0.0, 0.0, 0.0, 1.0]]], "view": [[0.0, -2.0, 100.0], [-2.0, 0.0, 100.0], [0.0, 0.0, 1.0]], "bev": "bev_b06a815164ec466f9fdb525522bb3799.png", "aux": "aux_b06a815164ec466f9fdb525522bb3799.npz", "visibility": "visibility_b06a815164ec466f9fdb525522bb3799.png", "pose": [[-0.8756270408630371, -0.4829878807067871, 0.0, 708.9734497070312], [0.4829878807067871, -0.8756270408630371, 0.0, 968.1563720703125], [0.0, 0.0, 1.0, 0.0], [0.0, 0.0, 0.0, 1.0]], "pose_inverse": [[-0.8756270408630371, 0.4829878807067871, 0.0, 153.18853759765625], [-0.4829878807067871, -0.8756270408630371, 0.0, 1190.16943359375], [0.0, 0.0, 1.0, 0.0], [0.0, 0.0, 0.0, 1.0]], "cam_ids": [0, 1, 2, 3, 4, 5], "cam_channels": ["CAM_FRONT_LEFT", "CAM_FRONT", "CAM_FRONT_RIGHT", "CAM_BACK_LEFT", "CAM_BACK", "CAM_BACK_RIGHT"], "token": "b06a815164ec466f9fdb525522bb3799", "scene": "scene-0268"}, {"images": ["samples/CAM_FRONT_LEFT/n015-2018-07-11-11-54-16+0800__CAM_FRONT_LEFT__1531281443354844.jpg", "samples/CAM_FRONT/n015-2018-07-11-11-54-16+0800__CAM_FRONT__1531281443362460.jpg", "samples/CAM_FRONT_RIGHT/n015-2018-07-11-11-54-16+0800__CAM_FRONT_RIGHT__1531281443370339.jpg", "samples/CAM_BACK_LEFT/n015-2018-07-11-11-54-16+0800__CAM_BACK_LEFT__1531281443397423.jpg", "samples/CAM_BACK/n015-2018-07-11-11-54-16+0800__CAM_BACK__1531281443387525.jpg", "samples/CAM_BACK_RIGHT/n015-2018-07-11-11-54-16+0800__CAM_BACK_RIGHT__1531281443377893.jpg"], "intrinsics": [[[1272.5979470598488, 0.0, 826.6154927353808], [0.0, 1272.5979470598488, 479.75165386361925], [0.0, 0.0, 1.0]], [[1266.417203046554, 0.0, 816.2670197447984], [0.0, 1266.417203046554, 491.50706579294757], [0.0, 0.0, 1.0]], [[1260.8474446004698, 0.0, 807.968244525554], [0.0, 1260.8474446004698, 495.3344268742088], [0.0, 0.0, 1.0]], [[1256.7414812095406, 0.0, 792.1125740759628], [0.0, 1256.7414812095406, 492.7757465151356], [0.0, 0.0, 1.0]], [[809.2209905677063, 0.0, 829.2196003259838], [0.0, 809.2209905677063, 481.77842384512485], [0.0, 0.0, 1.0]], [[1259.5137405846733, 0.0, 807.2529053838625], [0.0, 1259.5137405846733, 501.19579884916527], [0.0, 0.0, 1.0]]], "extrinsics": [[[0.8191852569580078, -0.5734148621559143, -0.01144032645970583, -0.61297607421875], [-0.018650781363248825, -0.006697359960526228, -0.9998036026954651, 1.5003585815429688], [0.5732255578041077, 0.8192377686500549, -0.016181012615561485, -1.0416259765625], [0.0, 0.0, 0.0, 1.0]], [[0.0037196376360952854, -0.999934732913971, 0.010803905315697193, 0.0115966796875], [-0.02416493184864521, -0.01089070551097393, -0.9996486902236938, 1.5120553970336914], [0.9997010231018066, 0.0034572130534797907, -0.024203861132264137, -1.3392333984375], [0.0, 0.0, 0.0, 1.0]], [[-0.8337913155555725, -0.5519452095031738, 0.012179936282336712, 0.8021240234375], [-0.018699580803513527, 0.006185355596244335, -0.9998059868812561, 1.4984078407287598], [0.5517628192901611, -0.8338574171066284, -0.015478438697755337, -1.09173583984375], [0.0, 0.0, 0.0, 1.0]], [[0.9476879239082336, 0.31873220205307007, -0.017241450026631355, -1.1168212890625], [-0.009836421348154545, -0.02482786774635315, -0.9996433258056641, 1.5882987976074219], [-0.31904661655426025, 0.9475195407867432, -0.020393887534737587, -0.1126708984375], [0.0, 0.0, 0.0, 1.0]], [[0.0029231933876872063, 0.9998882412910461, -0.014660295099020004, 0.0015869140625], [-0.03542857989668846, -0.014547598548233509, -0.9992663264274597, 1.5751895904541016], [-0.9993680119514465, 0.0034404206089675426, 0.03538209944963455, -0.1162567138671875], [0.0, 0.0, 0.0, 1.0]], [[-0.9344310760498047, 0.35613149404525757, 0.0030072175431996584, 0.941558837890625], [-0.0028417224530130625, 0.000987862702459097, -0.9999955296516418, 1.550857663154602], [-0.3561328649520874, -0.9344353675842285, 8.893542690202594e-05, -0.1348876953125], [0.0, 0.0, 0.0, 1.0]]], "view": [[0.0, -2.0, 100.0], [-2.0, 0.0, 100.0], [0.0, 0.0, 1.0]], "bev": "bev_5bd85334fdf94fb99c7eaa45d5feba0d.png", "aux": "aux_5bd85334fdf94fb99c7eaa45d5feba0d.npz", "visibility": "visibility_5bd85334fdf94fb99c7eaa45d5feba0d.png", "pose": [[-0.8890929818153381, -0.4577266275882721, 0.0, 704.7445068359375], [0.4577266275882721, -0.8890929818153381, 0.0, 970.477294921875], [0.0, 0.0, 1.0, 0.0], [0.0, 0.0, 0.0, 1.0]], "pose_inverse": [[-0.8890929818153381, 0.4577266275882721, 0.0, 182.37010192871094], [-0.4577266275882721, -0.8890929818153381, 0.0, 1185.4249267578125], [0.0, 0.0, 1.0, 0.0], [0.0, 0.0, 0.0, 1.0]], "cam_ids": [0, 1, 2, 3, 4, 5], "cam_channels": ["CAM_FRONT_LEFT", "CAM_FRONT", "CAM_FRONT_RIGHT", "CAM_BACK_LEFT", "CAM_BACK", "CAM_BACK_RIGHT"], "token": "5bd85334fdf94fb99c7eaa45d5feba0d", "scene": "scene-0268"}, {"images": ["samples/CAM_FRONT_LEFT/n015-2018-07-11-11-54-16+0800__CAM_FRONT_LEFT__1531281443854844.jpg", "samples/CAM_FRONT/n015-2018-07-11-11-54-16+0800__CAM_FRONT__1531281443862460.jpg", "samples/CAM_FRONT_RIGHT/n015-2018-07-11-11-54-16+0800__CAM_FRONT_RIGHT__1531281443870339.jpg", "samples/CAM_BACK_LEFT/n015-2018-07-11-11-54-16+0800__CAM_BACK_LEFT__1531281443897585.jpg", "samples/CAM_BACK/n015-2018-07-11-11-54-16+0800__CAM_BACK__1531281443887525.jpg", "samples/CAM_BACK_RIGHT/n015-2018-07-11-11-54-16+0800__CAM_BACK_RIGHT__1531281443877893.jpg"], "intrinsics": [[[1272.5979470598488, 0.0, 826.6154927353808], [0.0, 1272.5979470598488, 479.75165386361925], [0.0, 0.0, 1.0]], [[1266.417203046554, 0.0, 816.2670197447984], [0.0, 1266.417203046554, 491.50706579294757], [0.0, 0.0, 1.0]], [[1260.8474446004698, 0.0, 807.968244525554], [0.0, 1260.8474446004698, 495.3344268742088], [0.0, 0.0, 1.0]], [[1256.7414812095406, 0.0, 792.1125740759628], [0.0, 1256.7414812095406, 492.7757465151356], [0.0, 0.0, 1.0]], [[809.2209905677063, 0.0, 829.2196003259838], [0.0, 809.2209905677063, 481.77842384512485], [0.0, 0.0, 1.0]], [[1259.5137405846733, 0.0, 807.2529053838625], [0.0, 1259.5137405846733, 501.19579884916527], [0.0, 0.0, 1.0]]], "extrinsics": [[[0.8196979761123657, -0.572742223739624, -0.007840292528271675, -0.623779296875], [-0.017744896933436394, -0.011710219085216522, -0.9997739195823669, 1.5009393692016602], [0.5725209712982178, 0.8196518421173096, -0.01976209692656994, -1.0460205078125], [0.0, 0.0, 0.0, 1.0]], [[0.004390417132526636, -0.9998680949211121, 0.01563265733420849, 0.009033203125], [-0.022657332941889763, -0.015728257596492767, -0.9996196031570435, 1.5127735137939453], [0.9997336268424988, 0.004034549463540316, -0.022723399102687836, -1.34814453125], [0.0, 0.0, 0.0, 1.0]], [[-0.8335408568382263, -0.552305281162262, 0.01297584269195795, 0.806396484375], [-0.01660051755607128, 0.0015628531109541655, -0.999860942363739, 1.4991211891174316], [0.5522081851959229, -0.833640456199646, -0.010471254587173462, -1.09686279296875], [0.0, 0.0, 0.0, 1.0]], [[0.9477253556251526, 0.3187386393547058, -0.014905339106917381, -1.1195068359375], [-0.006417127326130867, -0.02766420505940914, -0.9995966553688049, 1.5884056091308594], [-0.31902244687080383, 0.9474387764930725, -0.024172687903046608, -0.1114501953125], [0.0, 0.0, 0.0, 1.0]], [[0.0027862065471708775, 0.9998308420181274, -0.018183046951889992, 0.00244140625], [-0.03240550309419632, -0.018083294853568077, -0.9993112087249756, 1.5756263732910156], [-0.9994708895683289, 0.0033735211472958326, 0.032349634915590286, -0.1135711669921875], [0.0, 0.0, 0.0, 1.0]], [[-0.9345479011535645, 0.35583633184432983, -0.0008493260247632861, 0.946044921875], [-0.00030473756487481296, -0.003187183290719986, -0.9999948740005493, 1.5513901710510254], [-0.35583722591400146, -0.9345428347587585, 0.0030870111659169197, -0.1348876953125], [0.0, 0.0, 0.0, 1.0]]], "view": [[0.0, -2.0, 100.0], [-2.0, 0.0, 100.0], [0.0, 0.0, 1.0]], "bev": "bev_61f89208546a4045af336659ebe8db05.png", "aux": "aux_61f89208546a4045af336659ebe8db05.npz", "visibility": "visibility_61f89208546a4045af336659ebe8db05.png", "pose": [[-0.8959344625473022, -0.4441862106323242, 0.0, 700.5088500976562], [0.4441862106323242, -0.8959344625473022, 0.0, 972.68408203125], [0.0, 0.0, 1.0, 0.0], [0.0, 0.0, 0.0, 1.0]], "pose_inverse": [[-0.8959344625473022, 0.4441862106323242, 0.0, 195.55718994140625], [-0.4441862106323242, -0.8959344625473022, 0.0, 1182.6175537109375], [0.0, 0.0, 1.0, 0.0], [0.0, 0.0, 0.0, 1.0]], "cam_ids": [0, 1, 2, 3, 4, 5], "cam_channels": ["CAM_FRONT_LEFT", "CAM_FRONT", "CAM_FRONT_RIGHT", "CAM_BACK_LEFT", "CAM_BACK", "CAM_BACK_RIGHT"], "token": "61f89208546a4045af336659ebe8db05", "scene": "scene-0268"}, {"images": ["samples/CAM_FRONT_LEFT/n015-2018-07-11-11-54-16+0800__CAM_FRONT_LEFT__1531281444354844.jpg", "samples/CAM_FRONT/n015-2018-07-11-11-54-16+0800__CAM_FRONT__1531281444362460.jpg", "samples/CAM_FRONT_RIGHT/n015-2018-07-11-11-54-16+0800__CAM_FRONT_RIGHT__1531281444370339.jpg", "samples/CAM_BACK_LEFT/n015-2018-07-11-11-54-16+0800__CAM_BACK_LEFT__1531281444397423.jpg", "samples/CAM_BACK/n015-2018-07-11-11-54-16+0800__CAM_BACK__1531281444387525.jpg", "samples/CAM_BACK_RIGHT/n015-2018-07-11-11-54-16+0800__CAM_BACK_RIGHT__1531281444377893.jpg"], "intrinsics": [[[1272.5979470598488, 0.0, 826.6154927353808], [0.0, 1272.5979470598488, 479.75165386361925], [0.0, 0.0, 1.0]], [[1266.417203046554, 0.0, 816.2670197447984], [0.0, 1266.417203046554, 491.50706579294757], [0.0, 0.0, 1.0]], [[1260.8474446004698, 0.0, 807.968244525554], [0.0, 1260.8474446004698, 495.3344268742088], [0.0, 0.0, 1.0]], [[1256.7414812095406, 0.0, 792.1125740759628], [0.0, 1256.7414812095406, 492.7757465151356], [0.0, 0.0, 1.0]], [[809.2209905677063, 0.0, 829.2196003259838], [0.0, 809.2209905677063, 481.77842384512485], [0.0, 0.0, 1.0]], [[1259.5137405846733, 0.0, 807.2529053838625], [0.0, 1259.5137405846733, 501.19579884916527], [0.0, 0.0, 1.0]]], "extrinsics": [[[0.8208453059196472, -0.5711081027984619, -0.0069621470756828785, -0.6292724609375], [-0.015524848364293575, -0.010125137865543365, -0.9998282194137573, 1.5019702911376953], [0.5709394812583923, 0.8208123445510864, -0.017177538946270943, -1.0509033203125], [0.0, 0.0, 0.0, 1.0]], [[0.00605465192347765, -0.9998806118965149, 0.014208711683750153, 0.010009765625], [-0.020550938323140144, -0.014330390840768814, -0.9996861219406128, 1.5136222839355469], [0.9997704029083252, 0.005760755855590105, -0.020635252818465233, -1.354034423828125], [0.0, 0.0, 0.0, 1.0]], [[-0.8327822089195251, -0.5534974932670593, 0.010687283240258694, 0.8106689453125], [-0.01465296559035778, 0.002740096300840378, -0.9998888373374939, 1.4997159242630005], [0.5534067153930664, -0.8328461647033691, -0.010392284020781517, -1.09869384765625], [0.0, 0.0, 0.0, 1.0]], [[0.947706401348114, 0.31886520981788635, -0.013322010636329651, -1.11944580078125], [-0.004515795037150383, -0.02834073267877102, -0.9995880722999573, 1.5884475708007812], [-0.3191114664077759, 0.9473763108253479, -0.02541876584291458, -0.1116943359375], [0.0, 0.0, 0.0, 1.0]], [[0.002171038184314966, 0.9998313784599304, -0.018233701586723328, 0.0020751953125], [-0.03049658238887787, -0.018159063532948494, -0.9993699193000793, 1.5759220123291016], [-0.9995324611663818, 0.002725705737248063, 0.030452018603682518, -0.1112823486328125], [0.0, 0.0, 0.0, 1.0]], [[-0.9349485039710999, 0.35477524995803833, -0.0023900899104774, 0.94854736328125], [0.0015944233164191246, -0.002535059815272689, -0.9999954700469971, 1.551774501800537], [-0.3547797203063965, -0.934948205947876, 0.0018044884782284498, -0.1326904296875], [0.0, 0.0, 0.0, 1.0]]], "view": [[0.0, -2.0, 100.0], [-2.0, 0.0, 100.0], [0.0, 0.0, 1.0]], "bev": "bev_3bf56ebb22b741339967a95a9fbe2081.png", "aux": "aux_3bf56ebb22b741339967a95a9fbe2081.npz", "visibility": "visibility_3bf56ebb22b741339967a95a9fbe2081.png", "pose": [[-0.9007788896560669, -0.4342779517173767, 0.0, 696.464111328125], [0.4342779517173767, -0.9007788896560669, 0.0, 974.664794921875], [0.0, 0.0, 1.0, 0.0], [0.0, 0.0, 0.0, 1.0]], "pose_inverse": [[-0.9007788896560669, 0.4342779517173767, 0.0, 204.08474731445312], [-0.4342779517173767, -0.9007788896560669, 0.0, 1180.41650390625], [0.0, 0.0, 1.0, 0.0], [0.0, 0.0, 0.0, 1.0]], "cam_ids": [0, 1, 2, 3, 4, 5], "cam_channels": ["CAM_FRONT_LEFT", "CAM_FRONT", "CAM_FRONT_RIGHT", "CAM_BACK_LEFT", "CAM_BACK", "CAM_BACK_RIGHT"], "token": "3bf56ebb22b741339967a95a9fbe2081", "scene": "scene-0268"}, {"images": ["samples/CAM_FRONT_LEFT/n015-2018-07-11-11-54-16+0800__CAM_FRONT_LEFT__1531281444854844.jpg", "samples/CAM_FRONT/n015-2018-07-11-11-54-16+0800__CAM_FRONT__1531281444862460.jpg", "samples/CAM_FRONT_RIGHT/n015-2018-07-11-11-54-16+0800__CAM_FRONT_RIGHT__1531281444870339.jpg", "samples/CAM_BACK_LEFT/n015-2018-07-11-11-54-16+0800__CAM_BACK_LEFT__1531281444897423.jpg", "samples/CAM_BACK/n015-2018-07-11-11-54-16+0800__CAM_BACK__1531281444887525.jpg", "samples/CAM_BACK_RIGHT/n015-2018-07-11-11-54-16+0800__CAM_BACK_RIGHT__1531281444877893.jpg"], "intrinsics": [[[1272.5979470598488, 0.0, 826.6154927353808], [0.0, 1272.5979470598488, 479.75165386361925], [0.0, 0.0, 1.0]], [[1266.417203046554, 0.0, 816.2670197447984], [0.0, 1266.417203046554, 491.50706579294757], [0.0, 0.0, 1.0]], [[1260.8474446004698, 0.0, 807.968244525554], [0.0, 1260.8474446004698, 495.3344268742088], [0.0, 0.0, 1.0]], [[1256.7414812095406, 0.0, 792.1125740759628], [0.0, 1256.7414812095406, 492.7757465151356], [0.0, 0.0, 1.0]], [[809.2209905677063, 0.0, 829.2196003259838], [0.0, 809.2209905677063, 481.77842384512485], [0.0, 0.0, 1.0]], [[1259.5137405846733, 0.0, 807.2529053838625], [0.0, 1259.5137405846733, 501.19579884916527], [0.0, 0.0, 1.0]]], "extrinsics": [[[0.8208466172218323, -0.5711436867713928, -0.0023786837700754404, -0.63775634765625], [-0.01047581247985363, -0.010891520418226719, -0.9998857975006104, 1.504124641418457], [0.571052610874176, 0.8207778334617615, -0.014923462644219398, -1.0560302734375], [0.0, 0.0, 0.0, 1.0]], [[0.005966896191239357, -0.9998712539672852, 0.014889667741954327, 0.00927734375], [-0.01575353741645813, -0.014982076361775398, -0.9997636675834656, 1.5153789520263672], [0.999858021736145, 0.005730941891670227, -0.015840908512473106, -1.3629608154296875], [0.0, 0.0, 0.0, 1.0]], [[-0.83282470703125, -0.5534901022911072, 0.007182727567851543, 0.81689453125], [-0.010103616863489151, 0.002226234180852771, -0.9999464154243469, 1.5010151863098145], [0.553444504737854, -0.8328527212142944, -0.007446313742548227, -1.10333251953125], [0.0, 0.0, 0.0, 1.0]], [[0.9477387070655823, 0.3188857138156891, -0.01016274094581604, -1.12127685546875], [-0.0013425021898001432, -0.02786717191338539, -0.9996107220649719, 1.5885295867919922], [-0.3190447688102722, 0.9473834037780762, -0.02598269283771515,