[{"images": ["samples/CAM_FRONT_LEFT/n008-2018-08-30-15-31-50-0400__CAM_FRONT_LEFT__1535657792004799.jpg", "samples/CAM_FRONT/n008-2018-08-30-15-31-50-0400__CAM_FRONT__1535657792012404.jpg", "samples/CAM_FRONT_RIGHT/n008-2018-08-30-15-31-50-0400__CAM_FRONT_RIGHT__1535657792020482.jpg", "samples/CAM_BACK_LEFT/n008-2018-08-30-15-31-50-0400__CAM_BACK_LEFT__1535657792047405.jpg", "samples/CAM_BACK/n008-2018-08-30-15-31-50-0400__CAM_BACK__1535657792037558.jpg", "samples/CAM_BACK_RIGHT/n008-2018-08-30-15-31-50-0400__CAM_BACK_RIGHT__1535657792028113.jpg"], "intrinsics": [[[1257.8625342125129, 0.0, 827.2410631095686], [0.0, 1257.8625342125129, 450.915498205774], [0.0, 0.0, 1.0]], [[1252.8131021185304, 0.0, 826.588114781398], [0.0, 1252.8131021185304, 469.9846626224581], [0.0, 0.0, 1.0]], [[1256.7485116440405, 0.0, 817.7887570959712], [0.0, 1256.7485116440403, 451.9541780095127], [0.0, 0.0, 1.0]], [[1254.9860565800168, 0.0, 829.5769333630991], [0.0, 1254.9860565800168, 467.1680561863987], [0.0, 0.0, 1.0]], [[796.8910634503094, 0.0, 857.7774326863696], [0.0, 796.8910634503094, 476.8848988407415], [0.0, 0.0, 1.0]], [[1249.9629280788233, 0.0, 825.3768045375984], [0.0, 1249.9629280788233, 462.54816385708756], [0.0, 0.0, 1.0]]], "extrinsics": [[[0.8225712180137634, -0.5686610341072083, 0.0011506847804412246, -1.0048828125], [0.017806049436330795, 0.02373393625020981, -0.999559760093689, 1.4882926940917969], [0.5683833956718445, 0.8222295045852661, 0.02964846044778824, -1.3333740234375], [0.0, 0.0, 0.0, 1.0]], [[0.010451721958816051, -0.9997568130493164, -0.019417593255639076, 0.005279541015625], [0.019761178642511368, 0.01962137408554554, -0.9996121525764465, 1.4801654815673828], [0.999750018119812, 0.010063949972391129, 0.01996145211160183, -1.7347412109375], [0.0, 0.0, 0.0, 1.0]], [[-0.8437192440032959, -0.5359837412834167, -0.029312310740351677, 1.090576171875], [0.027782166376709938, 0.010931103490293026, -0.9995542168617249, 1.4930763244628906], [0.5360652208328247, -0.8441574573516846, 0.005668006371706724, -1.277587890625], [0.0, 0.0, 0.0, 1.0]], [[0.9478349089622498, 0.31858524680137634, 0.010598759166896343, -1.143798828125], [0.0024032907094806433, 0.02610665000975132, -0.9996562600135803, 1.5620441436767578], [-0.3187524378299713, 0.9475345611572266, 0.02397914230823517, -0.15606689453125], [0.0, 0.0, 0.0, 1.0]], [[0.009049885906279087, 0.9997856616973877, 0.01861622743308544, -0.02880859375], [0.004526153206825256, 0.018575843423604965, -0.9998171925544739, 1.5680606365203857], [-0.9999487996101379, 0.009132390841841698, -0.004357076715677977, 0.044189453125], [0.0, 0.0, 0.0, 1.0]], [[-0.9236717224121094, 0.38306328654289246, -0.00964015070348978, 1.16064453125], [0.008724450133740902, -0.004127707798033953, -0.9999533891677856, 1.547811508178711], [-0.3830852508544922, -0.9237127900123596, 0.00047063082456588745, -0.043670654296875], [0.0, 0.0, 0.0, 1.0]]], "view": [[0.0, -2.0, 100.0], [-2.0, 0.0, 100.0], [0.0, 0.0, 1.0]], "bev": "bev_87c3788da01f4f63953f35383d0f5095.png", "aux": "aux_87c3788da01f4f63953f35383d0f5095.npz", "visibility": "visibility_87c3788da01f4f63953f35383d0f5095.png", "pose": [[0.6520814299583435, -0.7581489086151123, 0.0, 1263.7562255859375], [0.7581489086151123, 0.6520814299583435, 0.0, 1013.4172973632812], [0.0, 0.0, 1.0, 0.0], [0.0, 0.0, 0.0, 1.0]], "pose_inverse": [[0.6520814299583435, 0.7581489086151123, 0.0, -1592.3931884765625], [-0.7581489086151123, 0.6520814299583435, 0.0, 297.28485107421875], [0.0, 0.0, 1.0, 0.0], [0.0, 0.0, 0.0, 1.0]], "cam_ids": [0, 1, 2, 3, 4, 5], "cam_channels": ["CAM_FRONT_LEFT", "CAM_FRONT", "CAM_FRONT_RIGHT", "CAM_BACK_LEFT", "CAM_BACK", "CAM_BACK_RIGHT"], "token": "87c3788da01f4f63953f35383d0f5095", "scene": "scene-0781"}, {"images": ["samples/CAM_FRONT_LEFT/n008-2018-08-30-15-31-50-0400__CAM_FRONT_LEFT__1535657792504799.jpg", "samples/CAM_FRONT/n008-2018-08-30-15-31-50-0400__CAM_FRONT__1535657792512404.jpg", "samples/CAM_FRONT_RIGHT/n008-2018-08-30-15-31-50-0400__CAM_FRONT_RIGHT__1535657792520482.jpg", "samples/CAM_BACK_LEFT/n008-2018-08-30-15-31-50-0400__CAM_BACK_LEFT__1535657792547405.jpg", "samples/CAM_BACK/n008-2018-08-30-15-31-50-0400__CAM_BACK__1535657792538262.jpg", "samples/CAM_BACK_RIGHT/n008-2018-08-30-15-31-50-0400__CAM_BACK_RIGHT__1535657792528113.jpg"], "intrinsics": [[[1257.8625342125129, 0.0, 827.2410631095686], [0.0, 1257.8625342125129, 450.915498205774], [0.0, 0.0, 1.0]], [[1252.8131021185304, 0.0, 826.588114781398], [0.0, 1252.8131021185304, 469.9846626224581], [0.0, 0.0, 1.0]], [[1256.7485116440405, 0.0, 817.7887570959712], [0.0, 1256.7485116440403, 451.9541780095127], [0.0, 0.0, 1.0]], [[1254.9860565800168, 0.0, 829.5769333630991], [0.0, 1254.9860565800168, 467.1680561863987], [0.0, 0.0, 1.0]], [[796.8910634503094, 0.0, 857.7774326863696], [0.0, 796.8910634503094, 476.8848988407415], [0.0, 0.0, 1.0]], [[1249.9629280788233, 0.0, 825.3768045375984], [0.0, 1249.9629280788233, 462.54816385708756], [0.0, 0.0, 1.0]]], "extrinsics": [[[0.8225333094596863, -0.5687159895896912, 0.0010281967697665095, -1.0050048828125], [0.01762201450765133, 0.023679563775658607, -0.9995642304420471, 1.4882926940917969], [0.5684438347816467, 0.8221930861473083, 0.029499150812625885, -1.3333740234375], [0.0, 0.0, 0.0, 1.0]], [[0.010390209034085274, -0.9997588396072388, -0.01934681460261345, 0.00537109375], [0.01956290751695633, 0.019547391682863235, -0.9996175765991211, 1.4801654815673828], [0.9997546076774597, 0.010007793083786964, 0.01976129040122032, -1.7347412109375], [0.0, 0.0, 0.0, 1.0]], [[-0.8437511920928955, -0.5359460115432739, -0.029081404209136963, 1.0906982421875], [0.027568673714995384, 0.010836055502295494, -0.9995611310005188, 1.4930763244628906], [0.5360260009765625, -0.8441827297210693, 0.005632385145872831, -1.2777099609375], [0.0, 0.0, 0.0, 1.0]], [[0.9478402137756348, 0.3185775578022003, 0.01035821158438921, -1.14404296875], [0.002188204089179635, 0.02599247545003891, -0.9996597170829773, 1.562044620513916], [-0.3187384009361267, 0.9475403428077698, 0.023939598351716995, -0.15606689453125], [0.0, 0.0, 0.0, 1.0]], [[0.009073246270418167, 0.9997875094413757, 0.018511701375246048, -0.028961181640625], [0.00430489145219326, 0.01847323775291443, -0.9998200535774231, 1.5680606365203857], [-0.9999496340751648, 0.009151375852525234, -0.004136363510042429, 0.0443115234375], [0.0, 0.0, 0.0, 1.0]], [[-0.9236599206924438, 0.38309577107429504, -0.009482072666287422, 1.1607666015625], [0.008509189821779728, -0.004234051797538996, -0.9999548196792603, 1.5478134155273438], [-0.383118599653244, -0.923698902130127, 0.0006509898230433464, -0.04364013671875], [0.0, 0.0, 0.0, 1.0]]], "view": [[0.0, -2.0, 100.0], [-2.0, 0.0, 100.0], [0.0, 0.0, 1.0]], "bev": "bev_b710be81ed1b4c07b4be85e1e5145920.png", "aux": "aux_b710be81ed1b4c07b4be85e1e5145920.npz", "visibility": "visibility_b710be81ed1b4c07b4be85e1e5145920.png", "pose": [[0.6520054340362549, -0.7582142949104309, 0.0, 1263.7562255859375], [0.7582142949104309, 0.6520054340362549, 0.0, 1013.4172973632812], [0.0, 0.0, 1.0, 0.0], [0.0, 0.0, 0.0, 1.0]], "pose_inverse": [[0.6520054340362549, 0.7582142949104309, 0.0, -1592.3634033203125], [-0.7582142949104309, 0.6520054340362549, 0.0, 297.4444274902344], [0.0, 0.0, 1.0, 0.0], [0.0, 0.0, 0.0, 1.0]], "cam_ids": [0, 1, 2, 3, 4, 5], "cam_channels": ["CAM_FRONT_LEFT", "CAM_FRONT", "CAM_FRONT_RIGHT", "CAM_BACK_LEFT", "CAM_BACK", "CAM_BACK_RIGHT"], "token": "b710be81ed1b4c07b4be85e1e5145920", "scene": "scene-0781"}, {"images": ["samples/CAM_FRONT_LEFT/n008-2018-08-30-15-31-50-0400__CAM_FRONT_LEFT__1535657793004799.jpg", "samples/CAM_FRONT/n008-2018-08-30-15-31-50-0400__CAM_FRONT__1535657793012404.jpg", "samples/CAM_FRONT_RIGHT/n008-2018-08-30-15-31-50-0400__CAM_FRONT_RIGHT__1535657793020482.jpg", "samples/CAM_BACK_LEFT/n008-2018-08-30-15-31-50-0400__CAM_BACK_LEFT__1535657793047405.jpg", "samples/CAM_BACK/n008-2018-08-30-15-31-50-0400__CAM_BACK__1535657793037558.jpg", "samples/CAM_BACK_RIGHT/n008-2018-08-30-15-31-50-0400__CAM_BACK_RIGHT__1535657793028113.jpg"], "intrinsics": [[[1257.8625342125129, 0.0, 827.2410631095686], [0.0, 1257.8625342125129, 450.915498205774], [0.0, 0.0, 1.0]], [[1252.8131021185304, 0.0, 826.588114781398], [0.0, 1252.8131021185304, 469.9846626224581], [0.0, 0.0, 1.0]], [[1256.7485116440405, 0.0, 817.7887570959712], [0.0, 1256.7485116440403, 451.9541780095127], [0.0, 0.0, 1.0]], [[1254.9860565800168, 0.0, 829.5769333630991], [0.0, 1254.9860565800168, 467.1680561863987], [0.0, 0.0, 1.0]], [[796.8910634503094, 0.0, 857.7774326863696], [0.0, 796.8910634503094, 476.8848988407415], [0.0, 0.0, 1.0]], [[1249.9629280788233, 0.0, 825.3768045375984], [0.0, 1249.9629280788233, 462.54816385708756], [0.0, 0.0, 1.0]]], "extrinsics": [[[0.8225656747817993, -0.5686689615249634, 0.001192888361401856, -1.0048828125], [0.017645133659243584, 0.023426471278071404, -0.999569833278656, 1.4882946014404297], [0.5683963298797607, 0.8222329020500183, 0.02930404804646969, -1.333251953125], [0.0, 0.0, 0.0, 1.0]], [[0.010436777025461197, -0.9997629523277283, -0.01911156065762043, 0.005340576171875], [0.019585736095905304, 0.019313322380185127, -0.9996216297149658, 1.48016357421875], [0.9997536540031433, 0.010058519430458546, 0.01978266052901745, -1.7347412109375], [0.0, 0.0, 0.0, 1.0]], [[-0.8437319397926331, -0.5359815359115601, -0.028985684737563133, 1.090576171875], [0.027591243386268616, 0.010622377507388592, -0.9995628595352173, 1.493072509765625], [0.5360551476478577, -0.8441628813743591, 0.005825957283377647, -1.2777099609375], [0.0, 0.0, 0.0, 1.0]], [[0.9478386640548706, 0.31858402490615845, 0.010298846289515495, -1.1439208984375], [0.00219942769035697, 0.025772474706172943, -0.9996654391288757, 1.5620436668395996], [-0.3187428116798401, 0.9475442171096802, 0.023727446794509888, -0.15594482421875], [0.0, 0.0, 0.0, 1.0]], [[0.00906018540263176, 0.9997913241386414, 0.01830904185771942, -0.02899169921875], [0.004328898619860411, 0.018270405009388924, -0.9998236894607544, 1.5680603981018066], [-0.9999496340751648, 0.00913788191974163, -0.004162460099905729, 0.04443359375], [0.0, 0.0, 0.0, 1.0]], [[-0.9236692786216736, 0.3830707371234894, -0.009577345103025436, 1.16064453125], [0.0085273627191782, -0.004438966512680054, -0.9999538064002991, 1.5478105545043945], [-0.3830955922603607, -0.9237083196640015, 0.0008335528546012938, -0.04364013671875], [0.0, 0.0, 0.0, 1.0]]], "view": [[0.0, -2.0, 100.0], [-2.0, 0.0, 100.0], [0.0, 0.0, 1.0]], "bev": "bev_e9043b60e62647dd8f1bb001e8740236.png", "aux": "aux_e9043b60e62647dd8f1bb001e8740236.npz", "visibility": "visibility_e9043b60e62647dd8f1bb001e8740236.png", "pose": [[0.6520602703094482, -0.7581671476364136, 0.0, 1263.7562255859375], [0.7581671476364136, 0.6520602703094482, 0.0, 1013.4172973632812], [0.0, 0.0, 1.0, 0.0], [0.0, 0.0, 0.0, 1.0]], "pose_inverse": [[0.6520602703094482, 0.7581671476364136, 0.0, -1592.3848876953125], [-0.7581671476364136, 0.6520602703094482, 0.0, 297.32928466796875], [0.0, 0.0, 1.0, 0.0], [0.0, 0.0, 0.0, 1.0]], "cam_ids": [0, 1, 2, 3, 4, 5], "cam_channels": ["CAM_FRONT_LEFT", "CAM_FRONT", "CAM_FRONT_RIGHT", "CAM_BACK_LEFT", "CAM_BACK", "CAM_BACK_RIGHT"], "token": "e9043b60e62647dd8f1bb001e8740236", "scene": "scene-0781"}, {"images": ["samples/CAM_FRONT_LEFT/n008-2018-08-30-15-31-50-0400__CAM_FRONT_LEFT__1535657793504799.jpg", "samples/CAM_FRONT/n008-2018-08-30-15-31-50-0400__CAM_FRONT__1535657793512404.jpg", "samples/CAM_FRONT_RIGHT/n008-2018-08-30-15-31-50-0400__CAM_FRONT_RIGHT__1535657793520482.jpg", "samples/CAM_BACK_LEFT/n008-2018-08-30-15-31-50-0400__CAM_BACK_LEFT__1535657793547405.jpg", "samples/CAM_BACK/n008-2018-08-30-15-31-50-0400__CAM_BACK__1535657793537558.jpg", "samples/CAM_BACK_RIGHT/n008-2018-08-30-15-31-50-0400__CAM_BACK_RIGHT__1535657793528113.jpg"], "intrinsics": [[[1257.8625342125129, 0.0, 827.2410631095686], [0.0, 1257.8625342125129, 450.915498205774], [0.0, 0.0, 1.0]], [[1252.8131021185304, 0.0, 826.588114781398], [0.0, 1252.8131021185304, 469.9846626224581], [0.0, 0.0, 1.0]], [[1256.7485116440405, 0.0, 817.7887570959712], [0.0, 1256.7485116440403, 451.9541780095127], [0.0, 0.0, 1.0]], [[1254.9860565800168, 0.0, 829.5769333630991], [0.0, 1254.9860565800168, 467.1680561863987], [0.0, 0.0, 1.0]], [[796.8910634503094, 0.0, 857.7774326863696], [0.0, 796.8910634503094, 476.8848988407415], [0.0, 0.0, 1.0]], [[1249.9629280788233, 0.0, 825.3768045375984], [0.0, 1249.9629280788233, 462.54816385708756], [0.0, 0.0, 1.0]]], "extrinsics": [[[0.8225523233413696, -0.5686886310577393, 0.0010763477766886353, -1.0050048828125], [0.01748424768447876, 0.023397380486130714, -0.999573290348053, 1.4882926940917969], [0.5684207677841187, 0.8222202062606812, 0.02918865904211998, -1.333251953125], [0.0, 0.0, 0.0, 1.0]], [[0.01041753776371479, -0.999763548374176, -0.01909005455672741, 0.00543212890625], [0.019440822303295135, 0.019289981573820114, -0.9996249079704285, 1.4801654815673828], [0.9997567534446716, 0.010042466223239899, 0.019637176766991615, -1.734619140625], [0.0, 0.0, 0.0, 1.0]], [[-0.8437403440475464, -0.5359748005867004, -0.028868520632386208, 1.0906982421875], [0.027463339269161224, 0.010605129413306713, -0.9995665550231934, 1.493072509765625], [0.5360486507415771, -0.8441674709320068, 0.005771680269390345, -1.2774658203125], [0.0, 0.0, 0.0, 1.0]], [[0.9478399157524109, 0.3185831308364868, 0.010213369503617287, -1.1439208984375], [0.0020922545809298754, 0.025823146104812622, -0.999664306640625, 1.5620431900024414], [-0.31873998045921326, 0.9475430846214294, 0.023809650912880898, -0.1561279296875], [0.0, 0.0, 0.0, 1.0]], [[0.009064664132893085, 0.9997910857200623, 0.01831952854990959, -0.028900146484375], [0.004215243272483349, 0.01828191429376602, -0.9998239874839783, 1.5680612325668335], [-0.999950110912323, 0.009140340611338615, -0.004048642702400684, 0.0443115234375], [0.0, 0.0, 0.0, 1.0]], [[-0.9236685037612915, 0.383075475692749, -0.009471055120229721, 1.16064453125], [0.008406043983995914, -0.004454030655324459, -0.9999547600746155, 1.5478124618530273], [-0.3831002414226532, -0.9237062931060791, 0.0008939004619605839, -0.043731689453125], [0.0, 0.0, 0.0, 1.0]]], "view": [[0.0, -2.0, 100.0], [-2.0, 0.0, 100.0], [0.0, 0.0, 1.0]], "bev": "bev_c223c6a23bdb4aed96e70a0ebee9dfed.png", "aux": "aux_c223c6a23bdb4aed96e70a0ebee9dfed.npz", "visibility": "visibility_c223c6a23bdb4aed96e70a0ebee9dfed.png", "pose": [[0.6520383954048157, -0.7581859827041626, 0.0, 1263.7562255859375], [0.7581859827041626, 0.6520383954048157, 0.0, 1013.417236328125], [0.0, 0.0, 1.0, 0.0], [0.0, 0.0, 0.0, 1.0]], "pose_inverse": [[0.6520383954048157, 0.7581859827041626, 0.0, -1592.376220703125], [-0.7581859827041626, 0.6520383954048157, 0.0, 297.37530517578125], [0.0, 0.0, 1.0, 0.0], [0.0, 0.0, 0.0, 1.0]], "cam_ids": [0, 1, 2, 3, 4, 5], "cam_channels": ["CAM_FRONT_LEFT", "CAM_FRONT", "CAM_FRONT_RIGHT", "CAM_BACK_LEFT", "CAM_BACK", "CAM_BACK_RIGHT"], "token": "c223c6a23bdb4aed96e70a0ebee9dfed", "scene": "scene-0781"}, {"images": ["samples/CAM_FRONT_LEFT/n008-2018-08-30-15-31-50-0400__CAM_FRONT_LEFT__1535657794004799.jpg", "samples/CAM_FRONT/n008-2018-08-30-15-31-50-0400__CAM_FRONT__1535657794012404.jpg", "samples/CAM_FRONT_RIGHT/n008-2018-08-30-15-31-50-0400__CAM_FRONT_RIGHT__1535657794020482.jpg", "samples/CAM_BACK_LEFT/n008-2018-08-30-15-31-50-0400__CAM_BACK_LEFT__1535657794047405.jpg", "samples/CAM_BACK/n008-2018-08-30-15-31-50-0400__CAM_BACK__1535657794037558.jpg", "samples/CAM_BACK_RIGHT/n008-2018-08-30-15-31-50-0400__CAM_BACK_RIGHT__1535657794028113.jpg"], "intrinsics": [[[1257.8625342125129, 0.0, 827.2410631095686], [0.0, 1257.8625342125129, 450.915498205774], [0.0, 0.0, 1.0]], [[1252.8131021185304, 0.0, 826.588114781398], [0.0, 1252.8131021185304, 469.9846626224581], [0.0, 0.0, 1.0]], [[1256.7485116440405, 0.0, 817.7887570959712], [0.0, 1256.7485116440403, 451.9541780095127], [0.0, 0.0, 1.0]], [[1254.9860565800168, 0.0, 829.5769333630991], [0.0, 1254.9860565800168, 467.1680561863987], [0.0, 0.0, 1.0]], [[796.8910634503094, 0.0, 857.7774326863696], [0.0, 796.8910634503094, 476.8848988407415], [0.0, 0.0, 1.0]], [[1249.9629280788233, 0.0, 825.3768045375984], [0.0, 1249.9629280788233, 462.54816385708756], [0.0, 0.0, 1.0]]], "extrinsics": [[[0.8225651979446411, -0.5686697959899902, 0.0010719804558902979, -1.0050048828125], [0.017421690747141838, 0.023315729573369026, -0.9995763301849365, 1.4882946014404297], [0.5684038996696472, 0.8222354054450989, 0.029085896909236908, -1.333251953125], [0.0, 0.0, 0.0, 1.0]], [[0.010435358621180058, -0.999765157699585, -0.01899278163909912, 0.005340576171875], [0.01936768926680088, 0.01919233798980713, -0.9996282458305359, 1.4801654815673828], [0.9997579455375671, 0.010063632391393185, 0.019563421607017517, -1.734619140625], [0.0, 0.0, 0.0, 1.0]], [[-0.8437343239784241, -0.5359912514686584, -0.02873583696782589, 1.090576171875], [0.027379021048545837, 0.010490586049854755, -0.9995700120925903, 1.4930763244628906], [0.5360622406005859, -0.8441583514213562, 0.005823647137731314, -1.277587890625], [0.0, 0.0, 0.0, 1.0]], [[0.9478405117988586, 0.31858640909194946, 0.010050849989056587, -1.14404296875], [0.0019745007157325745, 0.02566339448094368, -0.9996687173843384, 1.5620455741882324], [-0.31873881816864014, 0.9475463628768921, 0.02369575761258602, -0.15594482421875], [0.0, 0.0, 0.0, 1.0]], [[0.0090600261464715, 0.9997937083244324, 0.018176408484578133, -0.028900146484375], [0.004106681793928146, 0.018139798194169998, -0.999826967716217, 1.5680612325668335], [-0.9999505281448364, 0.009133107028901577, -0.0039414893835783005, 0.0443115234375], [0.0, 0.0, 0.0, 1.0]], [[-0.9236739277839661, 0.38306325674057007, -0.00943171139806509, 1.16064453125], [0.008313641883432865, -0.004574160557240248, -0.9999549984931946, 1.5478134155273438], [-0.3830890655517578, -0.9237107038497925, 0.0010403834749013186, -0.043609619140625], [0.0, 0.0, 0.0, 1.0]]], "view": [[0.0, -2.0, 100.0], [-2.0, 0.0, 100.0], [0.0, 0.0, 1.0]], "bev": "bev_d410a7a54e514dc189c2bd9fe2074a69.png", "aux": "aux_d410a7a54e514dc189c2bd9fe2074a69.npz", "visibility": "visibility_d410a7a54e514dc189c2bd9fe2074a69.png", "pose": [[0.6520431041717529, -0.7581818699836731, 0.0, 1263.75634765625], [0.7581818699836731, 0.6520431041717529, 0.0, 1013.417236328125], [0.0, 0.0, 1.0, 0.0], [0.0, 0.0, 0.0, 1.0]], "pose_inverse": [[0.6520431041717529, 0.7581818699836731, 0.0, -1592.378173828125], [-0.7581818699836731, 0.6520431041717529, 0.0, 297.36541748046875], [0.0, 0.0, 1.0, 0.0], [0.0, 0.0, 0.0, 1.0]], "cam_ids": [0, 1, 2, 3, 4, 5], "cam_channels": ["CAM_FRONT_LEFT", "CAM_FRONT", "CAM_FRONT_RIGHT", "CAM_BACK_LEFT", "CAM_BACK", "CAM_BACK_RIGHT"], "token": "d410a7a54e514dc189c2bd9fe2074a69", "scene": "scene-0781"}, {"images": ["samples/CAM_FRONT_LEFT/n008-2018-08-30-15-31-50-0400__CAM_FRONT_LEFT__1535657794504799.jpg", "samples/CAM_FRONT/n008-2018-08-30-15-31-50-0400__CAM_FRONT__1535657794512404.jpg", "samples/CAM_FRONT_RIGHT/n008-2018-08-30-15-31-50-0400__CAM_FRONT_RIGHT__1535657794520482.jpg", "samples/CAM_BACK_LEFT/n008-2018-08-30-15-31-50-0400__CAM_BACK_LEFT__1535657794547405.jpg", "samples/CAM_BACK/n008-2018-08-30-15-31-50-0400__CAM_BACK__1535657794537558.jpg", "samples/CAM_BACK_RIGHT/n008-2018-08-30-15-31-50-0400__CAM_BACK_RIGHT__1535657794528113.jpg"], "intrinsics": [[[1257.8625342125129, 0.0, 827.2410631095686], [0.0, 1257.8625342125129, 450.915498205774], [0.0, 0.0, 1.0]], [[1252.8131021185304, 0.0, 826.588114781398], [0.0, 1252.8131021185304, 469.9846626224581], [0.0, 0.0, 1.0]], [[1256.7485116440405, 0.0, 817.7887570959712], [0.0, 1256.7485116440403, 451.9541780095127], [0.0, 0.0, 1.0]], [[1254.9860565800168, 0.0, 829.5769333630991], [0.0, 1254.9860565800168, 467.1680561863987], [0.0, 0.0, 1.0]], [[796.8910634503094, 0.0, 857.7774326863696], [0.0, 796.8910634503094, 476.8848988407415], [0.0, 0.0, 1.0]], [[1249.9629280788233, 0.0, 825.3768045375984], [0.0, 1249.9629280788233, 462.54816385708756], [0.0, 0.0, 1.0]]], "extrinsics": [[[0.8225560188293457, -0.5686830282211304, 0.0011379424249753356, -1.0050048828125], [0.017394911497831345, 0.02316022291779518, -0.9995803833007812, 1.4882946014404297], [0.5684180855751038, 0.8222306966781616, 0.02894277125597, -1.333251953125], [0.0, 0.0, 0.0, 1.0]], [[0.01042146049439907, -0.9997681975364685, -0.01883990876376629, 0.00543212890625], [0.019346676766872406, 0.019039001315832138, -0.9996315240859985, 1.4801673889160156], [0.9997584819793701, 0.01005314290523529, 0.019540606066584587, -1.7347412109375], [0.0, 0.0, 0.0, 1.0]], [[-0.8437405824661255, -0.535986602306366, -0.028642309829592705, 1.0904541015625], [0.027364112436771393, 0.010339519008994102, -0.9995720386505127, 1.493072509765625], [0.5360533595085144, -0.8441632390022278, 0.00594292301684618, -1.277587890625], [0.0, 0.0, 0.0, 1.0]], [[0.9478422403335571, 0.3185828924179077, 0.009998545050621033, -1.1439208984375], [0.001981002977117896, 0.02548034116625786, -0.9996733069419861, 1.562042236328125], [-0.3187335729598999, 0.9475524425506592, 0.023520231246948242, -0.1561279296875], [0.0, 0.0, 0.0, 1.0]], [[0.009065964259207249, 0.9997966885566711, 0.018004750832915306, -0.028839111328125], [0.004097611643373966, 0.0179681945592165, -0.9998301267623901, 1.5680609941482544], [-0.9999504685401917, 0.009138267487287521, -0.003933880943804979, 0.04443359375], [0.0, 0.0, 0.0, 1.0]], [[-0.9236707091331482, 0.3830696642398834, -0.009486855007708073, 1.1607666015625], [0.008304771035909653, -0.004739471711218357, -0.9999542832374573, 1.5478124618530273], [-0.3830971121788025, -0.9237073063850403, 0.0011964066652581096, -0.043731689453125], [0.0, 0.0, 0.0, 1.0]]], "view": [[0.0, -2.0, 100.0], [-2.0, 0.0, 100.0], [0.0, 0.0, 1.0]], "bev": "bev_2a73d80698c546739b873783b45d3534.png", "aux": "aux_2a73d80698c546739b873783b45d3534.npz", "visibility": "visibility_2a73d80698c546739b873783b45d3534.png", "pose": [[0.6520267724990845, -0.7581959366798401, 0.0, 1263.75634765625], [0.7581959366798401, 0.6520267724990845, 0.0, 1013.417236328125], [0.0, 0.0, 1.0, 0.0], [0.0, 0.0, 0.0, 1.0]], "pose_inverse": [[0.6520267724990845, 0.7581959366798401, 0.0, -1592.371826171875], [-0.7581959366798401, 0.6520267724990845, 0.0, 297.3997497558594], [0.0, 0.0, 1.0, 0.0], [0.0, 0.0, 0.0, 1.0]], "cam_ids": [0, 1, 2, 3, 4, 5], "cam_channels": ["CAM_FRONT_LEFT", "CAM_FRONT", "CAM_FRONT_RIGHT", "CAM_BACK_LEFT", "CAM_BACK", "CAM_BACK_RIGHT"], "token": "2a73d80698c546739b873783b45d3534", "scene": "scene-0781"}, {"images": ["samples/CAM_FRONT_LEFT/n008-2018-08-30-15-31-50-0400__CAM_FRONT_LEFT__1535657794904799.jpg", "samples/CAM_FRONT/n008-2018-08-30-15-31-50-0400__CAM_FRONT__1535657794912404.jpg", "samples/CAM_FRONT_RIGHT/n008-2018-08-30-15-31-50-0400__CAM_FRONT_RIGHT__1535657794920482.jpg", "samples/CAM_BACK_LEFT/n008-2018-08-30-15-31-50-0400__CAM_BACK_LEFT__1535657794947405.jpg", "samples/CAM_BACK/n008-2018-08-30-15-31-50-0400__CAM_BACK__1535657794937558.jpg", "samples/CAM_BACK_RIGHT/n008-2018-08-30-15-31-50-0400__CAM_BACK_RIGHT__1535657794928113.jpg"], "intrinsics": [[[1257.8625342125129, 0.0, 827.2410631095686], [0.0, 1257.8625342125129, 450.915498205774], [0.0, 0.0, 1.0]], [[1252.8131021185304, 0.0, 826.588114781398], [0.0, 1252.8131021185304, 469.9846626224581], [0.0, 0.0, 1.0]], [[1256.7485116440405, 0.0, 817.7887570959712], [0.0, 1256.7485116440403, 451.9541780095127], [0.0, 0.0, 1.0]], [[1254.9860565800168, 0.0, 829.5769333630991], [0.0, 1254.9860565800168, 467.1680561863987], [0.0, 0.0, 1.0]], [[796.8910634503094, 0.0, 857.7774326863696], [0.0, 796.8910634503094, 476.8848988407415], [0.0, 0.0, 1.0]], [[1249.9629280788233, 0.0, 825.3768045375984], [0.0, 1249.9629280788233, 462.54816385708756], [0.0, 0.0, 1.0]]], "extrinsics": [[[0.822553813457489, -0.5686861276626587, 0.0011526286834850907, -1.0050048828125], [0.01731042191386223, 0.02301199734210968, -0.9995852708816528, 1.4882946014404297], [0.5684237480163574, 0.8222326040267944, 0.028772803023457527, -1.333251953125], [0.0, 0.0, 0.0, 1.0]], [[0.01041377242654562, -0.9997708797454834, -0.018697774037718773, 0.005401611328125], [0.019270116463303566, 0.018895966932177544, -0.9996357560157776, 1.4801654815673828], [0.999760091304779, 0.01004965603351593, 0.019462479278445244, -1.734619140625], [0.0, 0.0, 0.0, 1.0]], [[-0.8437471389770508, -0.5359830856323242, -0.028511041775345802, 1.0906982421875], [0.027295924723148346, 0.0102019552141428, -0.9995753169059753, 1.493072509765625], [0.5360463857650757, -0.8441669940948486, 0.006022285670042038, -1.277587890625], [0.0, 0.0, 0.0, 1.0]], [[0.9478427767753601, 0.318584680557251, 0.009893941693007946, -1.14404296875], [0.0019094378221780062, 0.02536497265100479, -0.9996764063835144, 1.5620431900024414], [-0.31873252987861633, 0.9475549459457397, 0.023433687165379524, -0.15594482421875], [0.0, 0.0, 0.0, 1.0]], [[0.009071563370525837, 0.9997990131378174, 0.017879508435726166, -0.02899169921875], [0.00403785752132535, 0.017843473702669144, -0.9998325705528259, 1.568062424659729], [-0.9999507665634155, 0.009142286144196987, -0.0038751778192818165, 0.044189453125], [0.0, 0.0, 0.0, 1.0]], [[-0.9236684441566467, 0.3830753266811371, -0.00947595201432705, 1.1607666015625], [0.008242167532444, -0.004861938301473856, -0.9999542236328125, 1.5478124618530273], [-0.3831038177013397, -0.9237042665481567, 0.0013334493851289153, -0.04364013671875], [0.0, 0.0, 0.0, 1.0]]], "view": [[0.0, -2.0, 100.0], [-2.0, 0.0, 100.0], [0.0, 0.0, 1.0]], "bev": "bev_127fa54ea942492fba7e955d525161db.png", "aux": "aux_127fa54ea942492fba7e955d525161db.npz", "visibility": "visibility_127fa54ea942492fba7e955d525161db.png", "pose": [[0.652042031288147, -0.7581828236579895, 0.0, 1263.75634765625], [0.7581828236579895, 0.652042031288147, 0.0, 1013.417236328125], [0.0, 0.0, 1.0, 0.0], [0.0, 0.0, 0.0, 1.0]], "pose_inverse": [[0.652042031288147, 0.7581828236579895, 0.0, -1592.3778076171875], [-0.7581828236579895, 0.652042031288147, 0.0, 297.36767578125], [0.0, 0.0, 1.0, 0.0], [0.0, 0.0, 0.0, 1.0]], "cam_ids": [0, 1, 2, 3, 4, 5], "cam_channels": ["CAM_FRONT_LEFT", "CAM_FRONT", "CAM_FRONT_RIGHT", "CAM_BACK_LEFT", "CAM_BACK", "CAM_BACK_RIGHT"], "token": "127fa54ea942492fba7e955d525161db", "scene": "scene-0781"}, {"images": ["samples/CAM_FRONT_LEFT/n008-2018-08-30-15-31-50-0400__CAM_FRONT_LEFT__1535657795404799.jpg", "samples/CAM_FRONT/n008-2018-08-30-15-31-50-0400__CAM_FRONT__1535657795412419.jpg", "samples/CAM_FRONT_RIGHT/n008-2018-08-30-15-31-50-0400__CAM_FRONT_RIGHT__1535657795420482.jpg", "samples/CAM_BACK_LEFT/n008-2018-08-30-15-31-50-0400__CAM_BACK_LEFT__1535657795447405.jpg", "samples/CAM_BACK/n008-2018-08-30-15-31-50-0400__CAM_BACK__1535657795437558.jpg", "samples/CAM_BACK_RIGHT/n008-2018-08-30-15-31-50-0400__CAM_BACK_RIGHT__1535657795428113.jpg"], "intrinsics": [[[1257.8625342125129, 0.0, 827.2410631095686], [0.0, 1257.8625342125129, 450.915498205774], [0.0, 0.0, 1.0]], [[1252.8131021185304, 0.0, 826.588114781398], [0.0, 1252.8131021185304, 469.9846626224581], [0.0, 0.0, 1.0]], [[1256.7485116440405, 0.0, 817.7887570959712], [0.0, 1256.7485116440403, 451.9541780095127], [0.0, 0.0, 1.0]], [[1254.9860565800168, 0.0, 829.5769333630991], [0.0, 1254.9860565800168, 467.1680561863987], [0.0, 0.0, 1.0]], [[796.8910634503094, 0.0, 857.7774326863696], [0.0, 796.8910634503094, 476.8848988407415], [0.0, 0.0, 1.0]], [[1249.9629280788233, 0.0, 825.3768045375984], [0.0, 1249.9629280788233, 462.54816385708756], [0.0, 0.0, 1.0]]], "extrinsics": [[[0.8225518465042114, -0.5686891078948975, 0.001093899249099195, -1.005126953125], [0.017170043662190437, 0.02291199564933777, -0.9995899796485901, 1.4882926940917969], [0.5684308409690857, 0.8222334384918213, 0.028610721230506897, -1.33343505859375], [0.0, 0.0, 0.0, 1.0]], [[0.010407616384327412, -0.9997729063034058, -0.01859753578901291, 0.005401611328125], [0.019121436402201653, 0.01879412867128849, -0.9996405243873596, 1.4801654815673828], [0.999763011932373, 0.0100482739508152, 0.019312696531414986, -1.7347412109375], [0.0, 0.0, 0.0, 1.0]], [[-0.8437531590461731, -0.5359836220741272, -0.028322484344244003, 1.0904541015625], [0.027138452976942062, 0.010098163038492203, -0.9995806813240051, 1.493072509765625], [0.5360448956489563, -0.8441680073738098, 0.006025409791618586, -1.2777099609375], [0.0, 0.0, 0.0, 1.0]], [[0.9478445649147034, 0.3185846507549286, 0.009723667986690998, -1.14404296875], [0.001767510431818664, 0.02525302581489086, -0.9996795058250427, 1.5620436668395996], [-0.31872808933258057, 0.9475579261779785, 0.023372841998934746, -0.156005859375], [0.0, 0.0, 0.0, 1.0]], [[0.009075500071048737, 0.999800980091095, 0.01776544563472271, -0.028839111328125], [0.0038893078453838825, 0.017730748280882835, -0.999835193157196, 1.5680615901947021], [-0.9999512434005737, 0.009143112227320671, -0.003727617906406522, 0.04443359375], [0.0, 0.0, 0.0, 1.0]], [[-0.9236690998077393, 0.38307636976242065, -0.00937423761934042, 1.16064453125], [0.008089755661785603, -0.004963913932442665, -0.9999549388885498, 1.5478124618530273], [-0.38310566544532776, -0.9237032532691956, 0.0014860196970403194, -0.043670654296875], [0.0, 0.0, 0.0, 1.0]]], "view": [[0.0, -2.0, 100.0], [-2.0, 0.0, 100.0], [0.0, 0.0, 1.0]], "bev": "bev_e78da0feb7e4407db87b40d012052b1e.png", "aux": "aux_e78da0feb7e4407db87b40d012052b1e.npz", "visibility": "visibility_e78da0feb7e4407db87b40d012052b1e.png", "pose": [[0.651996910572052, -0.7582216262817383, 0.0, 1263.75634765625], [0.7582216262817383, 0.651996910572052, 0.0, 1013.417236328125], [0.0, 0.0, 1.0, 0.0], [0.0, 0.0, 0.0, 1.0]], "pose_inverse": [[0.651996910572052, 0.7582216262817383, 0.0, -1592.360107421875], [-0.7582216262817383, 0.651996910572052, 0.0, 297.4624938964844], [0.0, 0.0, 1.0, 0.0], [0.0, 0.0, 0.0, 1.0]], "cam_ids": [0, 1, 2, 3, 4, 5], "cam_channels": ["CAM_FRONT_LEFT", "CAM_FRONT", "CAM_FRONT_RIGHT", "CAM_BACK_LEFT", "CAM_BACK", "CAM_BACK_RIGHT"], "token": "e78da0feb7e4407db87b40d012052b1e", "scene": "scene-0781"}, {"images": ["samples/CAM_FRONT_LEFT/n008-2018-08-30-15-31-50-0400__CAM_FRONT_LEFT__1535657795904799.jpg", "samples/CAM_FRONT/n008-2018-08-30-15-31-50-0400__CAM_FRONT__1535657795912404.jpg", "samples/CAM_FRONT_RIGHT/n008-2018-08-30-15-31-50-0400__CAM_FRONT_RIGHT__1535657795920482.jpg", "samples/CAM_BACK_LEFT/n008-2018-08-30-15-31-50-0400__CAM_BACK_LEFT__1535657795947405.jpg", "samples/CAM_BACK/n008-2018-08-30-15-31-50-0400__CAM_BACK__1535657795937558.jpg", "samples/CAM_BACK_RIGHT/n008-2018-08-30-15-31-50-0400__CAM_BACK_RIGHT__1535657795928113.jpg"], "intrinsics": [[[1257.8625342125129, 0.0, 827.2410631095686], [0.0, 1257.8625342125129, 450.915498205774], [0.0, 0.0, 1.0]], [[1252.8131021185304, 0.0, 826.588114781398], [0.0, 1252.8131021185304, 469.9846626224581], [0.0, 0.0, 1.0]], [[1256.7485116440405, 0.0, 817.7887570959712], [0.0, 1256.7485116440403, 451.9541780095127], [0.0, 0.0, 1.0]], [[1254.9860565800168, 0.0, 829.5769333630991], [0.0, 1254.9860565800168, 467.1680561863987], [0.0, 0.0, 1.0]], [[796.8910634503094, 0.0, 857.7774326863696], [0.0, 796.8910634503094, 476.8848988407415], [0.0, 0.0, 1.0]], [[1249.9629280788233, 0.0, 825.3768045375984], [0.0, 1249.9629280788233, 462.54816385708756], [0.0, 0.0, 1.0]]], "extrinsics": [[[0.8225476145744324, -0.5686953067779541, 0.0010242452844977379, -1.005126953125], [0.017070526257157326, 0.022890102118253708, -0.9995922446250916, 1.4882926940917969], [0.5684400200843811, 0.8222296833992004, 0.028536127880215645, -1.3333740234375], [0.0, 0.0, 0.0, 1.0]], [[0.010400531813502312, -0.9997735023498535, -0.018566176295280457, 0.005340576171875], [0.019022637978196144, 0.018761642277240753, -0.9996429681777954, 1.4801654815673828], [0.9997648596763611, 0.010043648071587086, 0.019213460385799408, -1.73486328125], [0.0, 0.0, 0.0, 1.0]], [[-0.8437573909759521, -0.5359825491905212, -0.028216294944286346, 1.090576171875], [0.027040421962738037, 0.010054421611130238, -0.9995837211608887, 1.493072509765625], [0.5360432267189026, -0.8441691994667053, 0.006009701173752546, -1.277587890625], [0.0, 0.0, 0.0, 1.0]], [[0.9478458166122437, 0.31858426332473755, 0.009616095572710037, -1.1439208984375], [0.001664008479565382, 0.025223467499017715, -0.9996804594993591, 1.5620436668395996], [-0.31872498989105225, 0.9475588202476501, 0.023377832025289536, -0.15606689453125], [0.0, 0.0, 0.0, 1.0]], [[0.009077527560293674, 0.9998013973236084, 0.017740566283464432, -0.028839111328125], [0.0037968899123370647, 0.01770670711994171, -0.9998360276222229, 1.568062663078308], [-0.9999516010284424, 0.009143425151705742, -0.0036354023031890392, 0.0443115234375], [0.0, 0.0, 0.0, 1.0]], [[-0.9236693978309631, 0.38307732343673706, -0.009302719496190548, 1.16064453125], [0.00799344852566719, -0.005009437911212444, -0.9999554753303528, 1.547811508178711], [-0.3831068277359009, -0.9237026572227478, 0.0015649560373276472, -0.043670654296875], [0.0, 0.0, 0.0, 1.0]]], "view": [[0.0, -2.0, 100.0], [-2.0, 0.0, 100.0], [0.0, 0.0, 1.0]], "bev": "bev_6a85bfb241cc42a3a7f1e8d516f74ff5.png", "aux": "aux_6a85bfb241cc42a3a7f1e8d516f74ff5.npz", "visibility": "visibility_6a85bfb241cc42a3a7f1e8d516f74ff5.png", "pose": [[0.6519889831542969, -0.7582284212112427, 0.0, 1263.75634765625], [0.7582284212112427, 0.6519889831542969, 0.0, 1013.417236328125], [0.0, 0.0, 1.0, 0.0], [0.0, 0.0, 0.0, 1.0]], "pose_inverse": [[0.6519889831542969, 0.7582284212112427, 0.0, -1592.35693359375], [-0.7582284212112427, 0.6519889831542969, 0.0, 297.4791564941406], [0.0, 0.0, 1.0, 0.0], [0.0, 0.0, 0.0, 1.0]], "cam_ids": [0, 1, 2, 3, 4, 5], "cam_channels": ["CAM_FRONT_LEFT", "CAM_FRONT", "CAM_FRONT_RIGHT", "CAM_BACK_LEFT", "CAM_BACK", "CAM_BACK_RIGHT"], "token": "6a85bfb241cc42a3a7f1e8d516f74ff5", "scene": "scene-0781"}, {"images": ["samples/CAM_FRONT_LEFT/n008-2018-08-30-15-31-50-0400__CAM_FRONT_LEFT__1535657796354799.jpg", "samples/CAM_FRONT/n008-2018-08-30-15-31-50-0400__CAM_FRONT__1535657796362404.jpg", "samples/CAM_FRONT_RIGHT/n008-2018-08-30-15-31-50-0400__CAM_FRONT_RIGHT__1535657796370482.jpg", "samples/CAM_BACK_LEFT/n008-2018-08-30-15-31-50-0400__CAM_BACK_LEFT__1535657796397405.jpg", "samples/CAM_BACK/n008-2018-08-30-15-31-50-0400__CAM_BACK__1535657796387558.jpg", "samples/CAM_BACK_RIGHT/n008-2018-08-30-15-31-50-0400__CAM_BACK_RIGHT__1535657796378113.jpg"], "intrinsics": [[[1257.8625342125129, 0.0, 827.2410631095686], [0.0, 1257.8625342125129, 450.915498205774], [0.0, 0.0, 1.0]], [[1252.8131021185304, 0.0, 826.588114781398], [0.0, 1252.8131021185304, 469.9846626224581], [0.0, 0.0, 1.0]], [[1256.7485116440405, 0.0, 817.7887570959712], [0.0, 1256.7485116440403, 451.9541780095127], [0.0, 0.0, 1.0]], [[1254.9860565800168, 0.0, 829.5769333630991], [0.0, 1254.9860565800168, 467.1680561863987], [0.0, 0.0, 1.0]], [[796.8910634503094, 0.0, 857.7774326863696], [0.0, 796.8910634503094, 476.8848988407415], [0.0, 0.0, 1.0]], [[1249.9629280788233, 0.0, 825.3768045375984], [0.0, 1249.9629280788233, 462.54816385708756], [0.0, 0.0, 1.0]]], "extrinsics": [[[0.8225460648536682, -0.5686975121498108, 0.0010614931816235185, -1.0050048828125], [0.017070522531867027, 0.0228244848549366, -0.9995937347412109, 1.4882946014404297], [0.5684422254562378, 0.8222299814224243, 0.02848215587437153, -1.3333740234375], [0.0, 0.0, 0.0, 1.0]], [[0.010397014208137989, -0.999774694442749, -0.01850702613592148, 0.00543212890625], [0.019024895504117012, 0.01870245486497879, -0.9996440410614014, 1.48016357421875], [0.9997649192810059, 0.010041242465376854, 0.0192150566726923, -1.7347412109375], [0.0, 0.0, 0.0, 1.0]], [[-0.8437588214874268, -0.5359814167022705, -0.0281955748796463, 1.090576171875], [0.02704791910946369, 0.010003942996263504, -0.9995840191841125, 1.4930686950683594], [0.5360405445098877, -0.8441705107688904, 0.006056266836822033, -1.2777099609375], [0.0, 0.0, 0.0, 1.0]], [[0.947845995426178, 0.3185842037200928, 0.009590030647814274, -1.14404296875], [0.0016579795628786087, 0.025159664452075958, -0.9996820688247681, 1.562042236328125], [-0.31872427463531494, 0.9475605487823486, 0.02331928350031376, -0.156005859375], [0.0, 0.0, 0.0, 1.0]], [[0.009080019779503345, 0.9998025894165039, 0.017674846574664116, -0.028961181640625], [0.00378625956363976, 0.01764107309281826, -0.9998372197151184, 1.5680608749389648], [-0.9999516010284424, 0.009145553223788738, -0.003625330049544573, 0.0443115234375], [0.0, 0.0, 0.0, 1.0]], [[-0.9236685633659363, 0.38307908177375793, -0.009314530529081821, 1.16064453125], [0.007986066862940788, -0.005058056674897671, -0.9999552965164185, 1.547811508178711], [-0.3831089735031128, -0.9237017035484314, 0.0016126735135912895, -0.0435791015625], [0.0, 0.0, 0.0, 1.0]]], "view": [[0.0, -2.0, 100.0], [-2.0, 0.0, 100.0], [0.0, 0.0, 1.0]], "bev": "bev_a30ed498cb5a4dbb8cc731c73d3536dd.png", "aux": "aux_a30ed498cb5a4dbb8cc731c73d3536dd.npz", "visibility": "visibility_a30ed498cb5a4dbb8cc731c73d3536dd.png", "pose": [[0.652049720287323, -0.7581762075424194, 0.0, 1263.75634765625], [0.7581762075424194, 0.652049720287323, 0.0, 1013.4171752929688], [0.0, 0.0, 1.0, 0.0], [0.0, 0.0, 0.0, 1.0]], "pose_inverse": [[0.652049720287323, 0.7581762075424194, 0.0, -1592.3807373046875], [-0.7581762075424194, 0.652049720287323, 0.0, 297.3516540527344], [0.0, 0.0, 1.0, 0.0], [0.0, 0.0, 0.0, 1.0]], "cam_ids": [0, 1, 2, 3, 4, 5], "cam_channels": ["CAM_FRONT_LEFT", "CAM_FRONT", "CAM_FRONT_RIGHT", "CAM_BACK_LEFT", "CAM_BACK", "CAM_BACK_RIGHT"], "token": "a30ed498cb5a4dbb8cc731c73d3536dd", "scene": "scene-0781"}, {"images": ["samples/CAM_FRONT_LEFT/n008-2018-08-30-15-31-50-0400__CAM_FRONT_LEFT__1535657796904799.jpg", "samples/CAM_FRONT/n008-2018-08-30-15-31-50-0400__CAM_FRONT__1535657796912404.jpg", "samples/CAM_FRONT_RIGHT/n008-2018-08-30-15-31-50-0400__CAM_FRONT_RIGHT__1535657796920482.jpg", "samples/CAM_BACK_LEFT/n008-2018-08-30-15-31-50-0400__CAM_BACK_LEFT__1535657796947405.jpg", "samples/CAM_BACK/n008-2018-08-30-15-31-50-0400__CAM_BACK__1535657796937558.jpg", "samples/CAM_BACK_RIGHT/n008-2018-08-30-15-31-50-0400__CAM_BACK_RIGHT__1535657796928113.jpg"], "intrinsics": [[[1257.8625342125129, 0.0, 827.2410631095686], [0.0, 1257.8625342125129, 450.915498205774], [0.0, 0.0, 1.0]], [[1252.8131021185304, 0.0, 826.588114781398], [0.0, 1252.8131021185304, 469.9846626224581], [0.0, 0.0, 1.0]], [[1256.7485116440405, 0.0, 817.7887570959712], [0.0, 1256.7485116440403, 451.9541780095127], [0.0, 0.0, 1.0]], [[1254.9860565800168, 0.0, 829.5769333630991], [0.0, 1254.9860565800168, 467.1680561863987], [0.0, 0.0, 1.0]], [[796.8910634503094, 0.0, 857.7774326863696], [0.0, 796.8910634503094, 476.8848988407415], [0.0, 0.0, 1.0]], [[1249.9629280788233, 0.0, 825.3768045375984], [0.0, 1249.9629280788233, 462.54816385708756], [0.0, 0.0, 1.0]]], "extrinsics": [[[0.8225434422492981, -0.5687011480331421, 0.0011607648339122534, -1.0050048828125], [0.017042096704244614, 0.022608648985624313, -0.9995990991592407, 1.4882946014404297], [0.5684469938278198, 0.8222334384918213, 0.028288457542657852, -1.33331298828125], [0.0, 0.0, 0.0, 1.0]], [[0.010392687283456326, -0.999778687953949, -0.018289001658558846, 0.005279541015625], [0.019005758687853813, 0.01848418451845646, -0.9996485114097595, 1.4801654815673828], [0.9997652769088745, 0.010041479021310806, 0.019193654879927635, -1.7347412109375], [0.0, 0.0, 0.0, 1.0]], [[-0.8437615633010864, -0.5359839200973511, -0.028065919876098633, 1.0904541015625], [0.027035782113671303, 0.009781193919479847, -0.9995865821838379, 1.493072509765625], [0.5360367894172668, -0.8441714644432068, 0.006237749010324478, -1.2777099609375], [0.0, 0.0, 0.0, 1.0]], [[0.9478464126586914, 0.3185846507549286, 0.009534833021461964, -1.1439208984375], [0.001665729796513915, 0.024963509291410446, -0.9996869564056396, 1.5620427131652832], [-0.31872299313545227, 0.9475655555725098, 0.02313089743256569, -0.1561279296875], [0.0, 0.0, 0.0, 1.0]], [[0.009081980213522911, 0.9998062252998352, 0.017465172335505486, -0.028961181640625], [0.0037963956128805876, 0.017431288957595825, -0.9998408555984497, 1.568061351776123], [-0.9999516010284424, 0.009146894328296185, -0.003637