[{"images": ["samples/CAM_FRONT_LEFT/n008-2018-09-18-12-53-31-0400__CAM_FRONT_LEFT__1537290141604799.jpg", "samples/CAM_FRONT/n008-2018-09-18-12-53-31-0400__CAM_FRONT__1537290141612404.jpg", "samples/CAM_FRONT_RIGHT/n008-2018-09-18-12-53-31-0400__CAM_FRONT_RIGHT__1537290141620494.jpg", "samples/CAM_BACK_LEFT/n008-2018-09-18-12-53-31-0400__CAM_BACK_LEFT__1537290141647405.jpg", "samples/CAM_BACK/n008-2018-09-18-12-53-31-0400__CAM_BACK__1537290141637558.jpg", "samples/CAM_BACK_RIGHT/n008-2018-09-18-12-53-31-0400__CAM_BACK_RIGHT__1537290141628113.jpg"], "intrinsics": [[[1257.8625342125129, 0.0, 827.2410631095686], [0.0, 1257.8625342125129, 450.915498205774], [0.0, 0.0, 1.0]], [[1252.8131021185304, 0.0, 826.588114781398], [0.0, 1252.8131021185304, 469.9846626224581], [0.0, 0.0, 1.0]], [[1256.7485116440405, 0.0, 817.7887570959712], [0.0, 1256.7485116440403, 451.9541780095127], [0.0, 0.0, 1.0]], [[1254.9860565800168, 0.0, 829.5769333630991], [0.0, 1254.9860565800168, 467.1680561863987], [0.0, 0.0, 1.0]], [[796.8910634503094, 0.0, 857.7774326863696], [0.0, 796.8910634503094, 476.8848988407415], [0.0, 0.0, 1.0]], [[1249.9629280788233, 0.0, 825.3768045375984], [0.0, 1249.9629280788233, 462.54816385708756], [0.0, 0.0, 1.0]]], "extrinsics": [[[0.8223180174827576, -0.5676494240760803, -0.03958817571401596, -0.8382568359375], [-0.004400921519845724, 0.06322498619556427, -0.9979895949363708, 1.4872207641601562], [0.5690111517906189, 0.8208390474319458, 0.049492865800857544, -1.2216796875], [0.0, 0.0, 0.0, 1.0]], [[0.009834342636168003, -0.9982200860977173, -0.05882096290588379, 0.009521484375], [-0.0024935954716056585, 0.0587991438806057, -0.9982667565345764, 1.4796142578125], [0.9999484419822693, 0.009963860735297203, -0.0019109091954305768, -1.56842041015625], [0.0, 0.0, 0.0, 1.0]], [[-0.8442898988723755, -0.5349723696708679, -0.03129063919186592, 0.982177734375], [0.00547368498519063, 0.04977827146649361, -0.9987452626228333, 1.493682861328125], [0.5358587503433228, -0.8434019088745117, -0.03909902274608612, -1.206298828125], [0.0, 0.0, 0.0, 1.0]], [[0.9479143023490906, 0.3185232877731323, 0.0012108184164389968, -1.1415557861328125], [-0.020269760861992836, 0.06411486119031906, -0.9977366924285889, 1.5619354248046875], [-0.31787994503974915, 0.9457442760467529, 0.06723178923130035, -0.15771484375], [0.0, 0.0, 0.0, 1.0]], [[0.009742540307343006, 0.9983457326889038, 0.05666442587971687, -0.0294189453125], [-0.017942778766155243, 0.05683252587914467, -0.9982224702835083, 1.567108154296875], [-0.9997915625572205, 0.008708475157618523, 0.01846679113805294, -0.005828857421875], [0.0, 0.0, 0.0, 1.0]], [[-0.923545777797699, 0.38261687755584717, 0.025837434455752373, 1.0721435546875], [-0.013687454164028168, 0.03444356098771095, -0.9993128776550293, 1.5464706420898438], [-0.3832438290119171, -0.923264741897583, -0.02657315693795681, -0.0789794921875], [0.0, 0.0, 0.0, 1.0]]], "view": [[0.0, -2.0, 100.0], [-2.0, 0.0, 100.0], [0.0, 0.0, 1.0]], "bev": "bev_8465609f628842e18a7720569fee8ff9.png", "aux": "aux_8465609f628842e18a7720569fee8ff9.npz", "visibility": "visibility_8465609f628842e18a7720569fee8ff9.png", "pose": [[-0.85446697473526, -0.5195056796073914, 0.0, 577.4141235351562], [0.5195056796073914, -0.85446697473526, 0.0, 1525.6773681640625], [0.0, 0.0, 1.0, 0.0], [0.0, 0.0, 0.0, 1.0]], "pose_inverse": [[-0.85446697473526, 0.5195056796073914, 0.0, -299.21673583984375], [-0.5195056796073914, -0.85446697473526, 0.0, 1603.61083984375], [0.0, 0.0, 1.0, 0.0], [0.0, 0.0, 0.0, 1.0]], "cam_ids": [0, 1, 2, 3, 4, 5], "cam_channels": ["CAM_FRONT_LEFT", "CAM_FRONT", "CAM_FRONT_RIGHT", "CAM_BACK_LEFT", "CAM_BACK", "CAM_BACK_RIGHT"], "token": "8465609f628842e18a7720569fee8ff9", "scene": "scene-0474"}, {"images": ["samples/CAM_FRONT_LEFT/n008-2018-09-18-12-53-31-0400__CAM_FRONT_LEFT__1537290142104799.jpg", "samples/CAM_FRONT/n008-2018-09-18-12-53-31-0400__CAM_FRONT__1537290142112404.jpg", "samples/CAM_FRONT_RIGHT/n008-2018-09-18-12-53-31-0400__CAM_FRONT_RIGHT__1537290142120491.jpg", "samples/CAM_BACK_LEFT/n008-2018-09-18-12-53-31-0400__CAM_BACK_LEFT__1537290142147405.jpg", "samples/CAM_BACK/n008-2018-09-18-12-53-31-0400__CAM_BACK__1537290142137558.jpg", "samples/CAM_BACK_RIGHT/n008-2018-09-18-12-53-31-0400__CAM_BACK_RIGHT__1537290142128113.jpg"], "intrinsics": [[[1257.8625342125129, 0.0, 827.2410631095686], [0.0, 1257.8625342125129, 450.915498205774], [0.0, 0.0, 1.0]], [[1252.8131021185304, 0.0, 826.588114781398], [0.0, 1252.8131021185304, 469.9846626224581], [0.0, 0.0, 1.0]], [[1256.7485116440405, 0.0, 817.7887570959712], [0.0, 1256.7485116440403, 451.9541780095127], [0.0, 0.0, 1.0]], [[1254.9860565800168, 0.0, 829.5769333630991], [0.0, 1254.9860565800168, 467.1680561863987], [0.0, 0.0, 1.0]], [[796.8910634503094, 0.0, 857.7774326863696], [0.0, 796.8910634503094, 476.8848988407415], [0.0, 0.0, 1.0]], [[1249.9629280788233, 0.0, 825.3768045375984], [0.0, 1249.9629280788233, 462.54816385708756], [0.0, 0.0, 1.0]]], "extrinsics": [[[0.8223186731338501, -0.5676373839378357, -0.03974732756614685, -0.8138427734375], [-0.00869487039744854, 0.05730867013335228, -0.998318612575531, 1.4861221313476562], [0.5689607858657837, 0.8212816119194031, 0.04219045862555504, -1.204833984375], [0.0, 0.0, 0.0, 1.0]], [[0.009852875955402851, -0.9985320568084717, -0.05325978994369507, 0.0096435546875], [-0.006796680856496096, 0.05319427326321602, -0.9985610246658325, 1.478729248046875], [0.9999282956123352, 0.010200771503150463, -0.0062625836580991745, -1.544097900390625], [0.0, 0.0, 0.0, 1.0]], [[-0.8442992568016052, -0.5352963805198669, -0.024829044938087463, 0.9658203125], [0.0011615953408181667, 0.04450560361146927, -0.9990084171295166, 1.4931640625], [0.5358706116676331, -0.8434908986091614, -0.03695426136255264, -1.1961669921875], [0.0, 0.0, 0.0, 1.0]], [[0.9479472041130066, 0.31840160489082336, -0.004065103828907013, -1.1342315673828125], [-0.02436053566634655, 0.059785764664411545, -0.9979138970375061, 1.5617828369140625], [-0.31749430298805237, 0.9460687637329102, 0.06443018466234207, -0.1595458984375], [0.0, 0.0, 0.0, 1.0]], [[0.009946821257472038, 0.9985971450805664, 0.0520082451403141, -0.0289306640625], [-0.022222310304641724, 0.0522187240421772, -0.9983883500099182, 1.5666656494140625], [-0.999703586101532, 0.008774975314736366, 0.02271054871380329, -0.016632080078125], [0.0, 0.0, 0.0, 1.0]], [[-0.9234918355941772, 0.38260263204574585, 0.027890659868717194, 1.058837890625], [-0.01797211542725563, 0.029474256560206413, -0.9994039535522461, 1.5458030700683594], [-0.3831966817378998, -0.9234426617622375, -0.020343059673905373, -0.0845947265625], [0.0, 0.0, 0.0, 1.0]]], "view": [[0.0, -2.0, 100.0], [-2.0, 0.0, 100.0], [0.0, 0.0, 1.0]], "bev": "bev_38036dd489524b86b5f0d958cafc9c5c.png", "aux": "aux_38036dd489524b86b5f0d958cafc9c5c.npz", "visibility": "visibility_38036dd489524b86b5f0d958cafc9c5c.png", "pose": [[-0.8510085344314575, -0.525151789188385, 0.0, 575.3147583007812], [0.525151789188385, -0.8510085344314575, 0.0, 1526.9864501953125], [0.0, 0.0, 1.0, 0.0], [0.0, 0.0, 0.0, 1.0]], "pose_inverse": [[-0.8510085344314575, 0.525151789188385, 0.0, -312.3019104003906], [-0.525151789188385, -0.8510085344314575, 0.0, 1601.6060791015625], [0.0, 0.0, 1.0, 0.0], [0.0, 0.0, 0.0, 1.0]], "cam_ids": [0, 1, 2, 3, 4, 5], "cam_channels": ["CAM_FRONT_LEFT", "CAM_FRONT", "CAM_FRONT_RIGHT", "CAM_BACK_LEFT", "CAM_BACK", "CAM_BACK_RIGHT"], "token": "38036dd489524b86b5f0d958cafc9c5c", "scene": "scene-0474"}, {"images": ["samples/CAM_FRONT_LEFT/n008-2018-09-18-12-53-31-0400__CAM_FRONT_LEFT__1537290142604799.jpg", "samples/CAM_FRONT/n008-2018-09-18-12-53-31-0400__CAM_FRONT__1537290142612404.jpg", "samples/CAM_FRONT_RIGHT/n008-2018-09-18-12-53-31-0400__CAM_FRONT_RIGHT__1537290142620482.jpg", "samples/CAM_BACK_LEFT/n008-2018-09-18-12-53-31-0400__CAM_BACK_LEFT__1537290142647405.jpg", "samples/CAM_BACK/n008-2018-09-18-12-53-31-0400__CAM_BACK__1537290142637558.jpg", "samples/CAM_BACK_RIGHT/n008-2018-09-18-12-53-31-0400__CAM_BACK_RIGHT__1537290142628113.jpg"], "intrinsics": [[[1257.8625342125129, 0.0, 827.2410631095686], [0.0, 1257.8625342125129, 450.915498205774], [0.0, 0.0, 1.0]], [[1252.8131021185304, 0.0, 826.588114781398], [0.0, 1252.8131021185304, 469.9846626224581], [0.0, 0.0, 1.0]], [[1256.7485116440405, 0.0, 817.7887570959712], [0.0, 1256.7485116440403, 451.9541780095127], [0.0, 0.0, 1.0]], [[1254.9860565800168, 0.0, 829.5769333630991], [0.0, 1254.9860565800168, 467.1680561863987], [0.0, 0.0, 1.0]], [[796.8910634503094, 0.0, 857.7774326863696], [0.0, 796.8910634503094, 476.8848988407415], [0.0, 0.0, 1.0]], [[1249.9629280788233, 0.0, 825.3768045375984], [0.0, 1249.9629280788233, 462.54816385708756], [0.0, 0.0, 1.0]]], "extrinsics": [[[0.8218967318534851, -0.5680826902389526, -0.04204564541578293, -0.803955078125], [-0.01119349617511034, 0.05769069120287895, -0.9982717633247375, 1.4855117797851562], [0.5695265531539917, 0.820946991443634, 0.04105696082115173, -1.1951904296875], [0.0, 0.0, 0.0, 1.0]], [[0.009256119839847088, -0.9985015988349915, -0.05393359810113907, 0.0076904296875], [-0.00917882565408945, 0.05384879931807518, -0.9985069036483765, 1.4782638549804688], [0.9999150037765503, 0.009737425483763218, -0.008666638284921646, -1.53192138671875], [0.0, 0.0, 0.0, 1.0]], [[-0.8445450663566589, -0.5349723696708679, -0.02341565676033497, 0.95623779296875], [-0.0010913769947364926, 0.045447513461112976, -0.9989660978317261, 1.4928970336914062], [0.5354834794998169, -0.8436464071273804, -0.038966335356235504, -1.1920166015625], [0.0, 0.0, 0.0, 1.0]], [[0.9478824734687805, 0.31858202815055847, -0.004918007180094719, -1.1332244873046875], [-0.0259004645049572, 0.06165948137640953, -0.9977611303329468, 1.5617523193359375], [-0.31756553053855896, 0.9458877444267273, 0.0666973665356636, -0.1597900390625], [0.0, 0.0, 0.0, 1.0]], [[0.010086674243211746, 0.9985160231590271, 0.05351759493350983, -0.0281982421875], [-0.023952025920152664, 0.05374622717499733, -0.9982672929763794, 1.5664749145507812], [-0.9996622800827026, 0.008787312544882298, 0.024458596482872963, -0.021697998046875], [0.0, 0.0, 0.0, 1.0]], [[-0.9233360290527344, 0.38280001282691956, 0.0302463136613369, 1.05157470703125], [-0.020016232505440712, 0.030680013820528984, -0.9993287920951843, 1.5454444885253906], [-0.38347095251083374, -0.9233216643333435, -0.020665746182203293, -0.0889892578125], [0.0, 0.0, 0.0, 1.0]]], "view": [[0.0, -2.0, 100.0], [-2.0, 0.0, 100.0], [0.0, 0.0, 1.0]], "bev": "bev_2ab26ebc278742cdb0bb9bb910ceabfc.png", "aux": "aux_2ab26ebc278742cdb0bb9bb910ceabfc.npz", "visibility": "visibility_2ab26ebc278742cdb0bb9bb910ceabfc.png", "pose": [[-0.850109875202179, -0.5266054272651672, 0.0, 573.1064453125], [0.5266054272651672, -0.850109875202179, 0.0, 1528.3843994140625], [0.0, 0.0, 1.0, 0.0], [0.0, 0.0, 0.0, 1.0]], "pose_inverse": [[-0.850109875202179, 0.5266054272651672, 0.0, -317.65203857421875], [-0.5266054272651672, -0.850109875202179, 0.0, 1601.0955810546875], [0.0, 0.0, 1.0, 0.0], [0.0, 0.0, 0.0, 1.0]], "cam_ids": [0, 1, 2, 3, 4, 5], "cam_channels": ["CAM_FRONT_LEFT", "CAM_FRONT", "CAM_FRONT_RIGHT", "CAM_BACK_LEFT", "CAM_BACK", "CAM_BACK_RIGHT"], "token": "2ab26ebc278742cdb0bb9bb910ceabfc", "scene": "scene-0474"}, {"images": ["samples/CAM_FRONT_LEFT/n008-2018-09-18-12-53-31-0400__CAM_FRONT_LEFT__1537290143154799.jpg", "samples/CAM_FRONT/n008-2018-09-18-12-53-31-0400__CAM_FRONT__1537290143162404.jpg", "samples/CAM_FRONT_RIGHT/n008-2018-09-18-12-53-31-0400__CAM_FRONT_RIGHT__1537290143170499.jpg", "samples/CAM_BACK_LEFT/n008-2018-09-18-12-53-31-0400__CAM_BACK_LEFT__1537290143197405.jpg", "samples/CAM_BACK/n008-2018-09-18-12-53-31-0400__CAM_BACK__1537290143187558.jpg", "samples/CAM_BACK_RIGHT/n008-2018-09-18-12-53-31-0400__CAM_BACK_RIGHT__1537290143178113.jpg"], "intrinsics": [[[1257.8625342125129, 0.0, 827.2410631095686], [0.0, 1257.8625342125129, 450.915498205774], [0.0, 0.0, 1.0]], [[1252.8131021185304, 0.0, 826.588114781398], [0.0, 1252.8131021185304, 469.9846626224581], [0.0, 0.0, 1.0]], [[1256.7485116440405, 0.0, 817.7887570959712], [0.0, 1256.7485116440403, 451.9541780095127], [0.0, 0.0, 1.0]], [[1254.9860565800168, 0.0, 829.5769333630991], [0.0, 1254.9860565800168, 467.1680561863987], [0.0, 0.0, 1.0]], [[796.8910634503094, 0.0, 857.7774326863696], [0.0, 796.8910634503094, 476.8848988407415], [0.0, 0.0, 1.0]], [[1249.9629280788233, 0.0, 825.3768045375984], [0.0, 1249.9629280788233, 462.54816385708756], [0.0, 0.0, 1.0]]], "extrinsics": [[[0.8218476176261902, -0.5684344172477722, -0.03806497901678085, -0.7955322265625], [-0.004112840164452791, 0.060893382877111435, -0.9981358051300049, 1.487091064453125], [0.5696926712989807, 0.820472002029419, 0.047707196325063705, -1.19140625], [0.0, 0.0, 0.0, 1.0]], [[0.009146349504590034, -0.998351514339447, -0.05666099116206169, 0.009521484375], [-0.002092766808345914, 0.056644126772880554, -0.9983922243118286, 1.479583740234375], [0.999955952167511, 0.009250262752175331, -0.0015712276799604297, -1.5234375], [0.0, 0.0, 0.0, 1.0]], [[-0.844577431678772, -0.5345550775527954, -0.03065810538828373, 0.95062255859375], [0.005983717739582062, 0.047831837087869644, -0.9988374710083008, 1.4939804077148438], [0.5354000926017761, -0.8437790274620056, -0.03719906136393547, -1.186767578125], [0.0, 0.0, 0.0, 1.0]], [[0.9479943513870239, 0.3182826340198517, 0.0016980328364297748, -1.12579345703125], [-0.019256526604294777, 0.06267843395471573, -0.9978479743003845, 1.5616683959960938], [-0.3177041709423065, 0.9459215998649597, 0.06554781645536423, -0.1624755859375], [0.0, 0.0, 0.0, 1.0]], [[0.010022635571658611, 0.9984303116798401, 0.05510411038994789, -0.02880859375], [-0.01717945747077465, 0.05527067184448242, -0.9983236193656921, 1.5667572021484375], [-0.9998022317886353, 0.009059195406734943, 0.01770644821226597, -0.029022216796875], [0.0, 0.0, 0.0, 1.0]], [[-0.9233987927436829, 0.38305383920669556, 0.02458665706217289, 1.0445556640625], [-0.01304726954549551, 0.03269406408071518, -0.9993802309036255, 1.5461387634277344], [-0.3836202919483185, -0.9231472611427307, -0.02519185096025467, -0.0904541015625], [0.0, 0.0, 0.0, 1.0]]], "view": [[0.0, -2.0, 100.0], [-2.0, 0.0, 100.0], [0.0, 0.0, 1.0]], "bev": "bev_12eb93457b7147aba42362f2205786c0.png", "aux": "aux_12eb93457b7147aba42362f2205786c0.npz", "visibility": "visibility_12eb93457b7147aba42362f2205786c0.png", "pose": [[-0.8489643931388855, -0.528450071811676, 0.0, 570.5733642578125], [0.528450071811676, -0.8489643931388855, 0.0, 1530.0032958984375], [0.0, 0.0, 1.0, 0.0], [0.0, 0.0, 0.0, 1.0]], "pose_inverse": [[-0.8489643931388855, 0.528450071811676, 0.0, -324.13385009765625], [-0.528450071811676, -0.8489643931388855, 0.0, 1600.4378662109375], [0.0, 0.0, 1.0, 0.0], [0.0, 0.0, 0.0, 1.0]], "cam_ids": [0, 1, 2, 3, 4, 5], "cam_channels": ["CAM_FRONT_LEFT", "CAM_FRONT", "CAM_FRONT_RIGHT", "CAM_BACK_LEFT", "CAM_BACK", "CAM_BACK_RIGHT"], "token": "12eb93457b7147aba42362f2205786c0", "scene": "scene-0474"}, {"images": ["samples/CAM_FRONT_LEFT/n008-2018-09-18-12-53-31-0400__CAM_FRONT_LEFT__1537290143654799.jpg", "samples/CAM_FRONT/n008-2018-09-18-12-53-31-0400__CAM_FRONT__1537290143662404.jpg", "samples/CAM_FRONT_RIGHT/n008-2018-09-18-12-53-31-0400__CAM_FRONT_RIGHT__1537290143670482.jpg", "samples/CAM_BACK_LEFT/n008-2018-09-18-12-53-31-0400__CAM_BACK_LEFT__1537290143697405.jpg", "samples/CAM_BACK/n008-2018-09-18-12-53-31-0400__CAM_BACK__1537290143687558.jpg", "samples/CAM_BACK_RIGHT/n008-2018-09-18-12-53-31-0400__CAM_BACK_RIGHT__1537290143678113.jpg"], "intrinsics": [[[1257.8625342125129, 0.0, 827.2410631095686], [0.0, 1257.8625342125129, 450.915498205774], [0.0, 0.0, 1.0]], [[1252.8131021185304, 0.0, 826.588114781398], [0.0, 1252.8131021185304, 469.9846626224581], [0.0, 0.0, 1.0]], [[1256.7485116440405, 0.0, 817.7887570959712], [0.0, 1256.7485116440403, 451.9541780095127], [0.0, 0.0, 1.0]], [[1254.9860565800168, 0.0, 829.5769333630991], [0.0, 1254.9860565800168, 467.1680561863987], [0.0, 0.0, 1.0]], [[796.8910634503094, 0.0, 857.7774326863696], [0.0, 796.8910634503094, 476.8848988407415], [0.0, 0.0, 1.0]], [[1249.9629280788233, 0.0, 825.3768045375984], [0.0, 1249.9629280788233, 462.54816385708756], [0.0, 0.0, 1.0]]], "extrinsics": [[[0.8227072358131409, -0.5672472715377808, -0.03719346597790718, -0.7967529296875], [-0.0010539692593738437, 0.06390565633773804, -0.997955322265625, 1.48773193359375], [0.5684643387794495, 0.821064293384552, 0.05197778344154358, -1.1951904296875], [0.0, 0.0, 0.0, 1.0]], [[0.010376603342592716, -0.9981449842453003, -0.05999157205224037, 0.0115966796875], [0.0009001207072287798, 0.0600041039288044, -0.9981977343559265, 1.4801025390625], [0.9999457597732544, 0.010303810238838196, 0.0015210886485874653, -1.526824951171875], [0.0, 0.0, 0.0, 1.0]], [[-0.8440601825714111, -0.5350977182388306, -0.03511088341474533, 0.95440673828125], [0.008889722637832165, 0.05150355398654938, -0.9986332654953003, 1.4943618774414062], [0.5361747741699219, -0.8432187438011169, -0.03871522843837738, -1.187255859375], [0.0, 0.0, 0.0, 1.0]], [[0.9479896426200867, 0.3182494342327118, 0.00575149105861783, -1.1313323974609375], [-0.01647965982556343, 0.06711804121732712, -0.9976089000701904, 1.5617904663085938], [-0.31787464022636414, 0.9456280469894409, 0.06887184828519821, -0.1610107421875], [0.0, 0.0, 0.0, 1.0]], [[0.009649869985878468, 0.9981932044029236, 0.059305448085069656, -0.029541015625], [-0.014449501410126686, 0.0594412125647068, -0.9981272220611572, 1.5669784545898438], [-0.9998490810394287, 0.008774906396865845, 0.014996996149420738, -0.024871826171875], [0.0, 0.0, 0.0, 1.0]], [[-0.9236699938774109, 0.38246950507164, 0.023467065766453743, 1.0477294921875], [-0.010234509594738483, 0.03659588471055031, -0.9992777109146118, 1.5464859008789062], [-0.38305190205574036, -0.9232431054115295, -0.029888130724430084, -0.087890625], [0.0, 0.0, 0.0, 1.0]]], "view": [[0.0, -2.0, 100.0], [-2.0, 0.0, 100.0], [0.0, 0.0, 1.0]], "bev": "bev_732a21e9655f4514afd1167453cd0c3d.png", "aux": "aux_732a21e9655f4514afd1167453cd0c3d.npz", "visibility": "visibility_732a21e9655f4514afd1167453cd0c3d.png", "pose": [[-0.8481948375701904, -0.5296843647956848, 0.0, 568.188232421875], [0.5296843647956848, -0.8481948375701904, 0.0, 1531.5313720703125], [0.0, 0.0, 1.0, 0.0], [0.0, 0.0, 0.0, 1.0]], "pose_inverse": [[-0.8481948375701904, 0.5296843647956848, 0.0, -329.2939147949219], [-0.5296843647956848, -0.8481948375701904, 0.0, 1599.9974365234375], [0.0, 0.0, 1.0, 0.0], [0.0, 0.0, 0.0, 1.0]], "cam_ids": [0, 1, 2, 3, 4, 5], "cam_channels": ["CAM_FRONT_LEFT", "CAM_FRONT", "CAM_FRONT_RIGHT", "CAM_BACK_LEFT", "CAM_BACK", "CAM_BACK_RIGHT"], "token": "732a21e9655f4514afd1167453cd0c3d", "scene": "scene-0474"}, {"images": ["samples/CAM_FRONT_LEFT/n008-2018-09-18-12-53-31-0400__CAM_FRONT_LEFT__1537290144104799.jpg", "samples/CAM_FRONT/n008-2018-09-18-12-53-31-0400__CAM_FRONT__1537290144112404.jpg", "samples/CAM_FRONT_RIGHT/n008-2018-09-18-12-53-31-0400__CAM_FRONT_RIGHT__1537290144120482.jpg", "samples/CAM_BACK_LEFT/n008-2018-09-18-12-53-31-0400__CAM_BACK_LEFT__1537290144147405.jpg", "samples/CAM_BACK/n008-2018-09-18-12-53-31-0400__CAM_BACK__1537290144137558.jpg", "samples/CAM_BACK_RIGHT/n008-2018-09-18-12-53-31-0400__CAM_BACK_RIGHT__1537290144128113.jpg"], "intrinsics": [[[1257.8625342125129, 0.0, 827.2410631095686], [0.0, 1257.8625342125129, 450.915498205774], [0.0, 0.0, 1.0]], [[1252.8131021185304, 0.0, 826.588114781398], [0.0, 1252.8131021185304, 469.9846626224581], [0.0, 0.0, 1.0]], [[1256.7485116440405, 0.0, 817.7887570959712], [0.0, 1256.7485116440403, 451.9541780095127], [0.0, 0.0, 1.0]], [[1254.9860565800168, 0.0, 829.5769333630991], [0.0, 1254.9860565800168, 467.1680561863987], [0.0, 0.0, 1.0]], [[796.8910634503094, 0.0, 857.7774326863696], [0.0, 796.8910634503094, 476.8848988407415], [0.0, 0.0, 1.0]], [[1249.9629280788233, 0.0, 825.3768045375984], [0.0, 1249.9629280788233, 462.54816385708756], [0.0, 0.0, 1.0]]], "extrinsics": [[[0.8218315839767456, -0.5688871741294861, -0.030986500903964043, -0.7939453125], [0.006075575482100248, 0.06313590705394745, -0.9979864358901978, 1.489532470703125], [0.5696980357170105, 0.8199886083602905, 0.055343400686979294, -1.1927490234375], [0.0, 0.0, 0.0, 1.0]], [[0.009133018553256989, -0.9982361793518066, -0.05866047367453575, 0.01123046875], [0.008224058896303177, 0.0587359182536602, -0.9982396364212036, 1.4816741943359375], [0.9999244809150696, 0.008634539321064949, 0.008745990693569183, -1.523284912109375], [0.0, 0.0, 0.0, 1.0]], [[-0.8445079326629639, -0.534008800983429, -0.04050913080573082, 0.95159912109375], [0.01645190641283989, 0.04973652958869934, -0.9986268281936646, 1.4956512451171875], [0.5352903604507446, -0.8440148234367371, -0.03321743384003639, -1.1854248046875], [0.0, 0.0, 0.0, 1.0]], [[0.9480401873588562, 0.31791257858276367, 0.012303749099373817, -1.12908935546875], [-0.00850835070014, 0.06399350613355637, -0.9979140162467957, 1.5618820190429688], [-0.31803685426712036, 0.9459578990936279, 0.06337332725524902, -0.1614990234375], [0.0, 0.0, 0.0, 1.0]], [[0.009898923337459564, 0.9983429312705994, 0.05668725073337555, -0.0296630859375], [-0.006530602462589741, 0.056753359735012054, -0.9983668327331543, 1.5675048828125], [-0.999929666519165, 0.009512534365057945, 0.007081577088683844, -0.02703857421875], [0.0, 0.0, 0.0, 1.0]], [[-0.9234045147895813, 0.38350924849510193, 0.015644319355487823, 1.044677734375], [-0.002638388192281127, 0.034415584057569504, -0.9994041323661804, 1.547393798828125], [-0.3838191032409668, -0.9228955507278442, -0.030767660588026047, -0.0892333984375], [0.0, 0.0, 0.0, 1.0]]], "view": [[0.0, -2.0, 100.0], [-2.0, 0.0, 100.0], [0.0, 0.0, 1.0]], "bev": "bev_7ee85e5fb6bb49588880c1696a217636.png", "aux": "aux_7ee85e5fb6bb49588880c1696a217636.npz", "visibility": "visibility_7ee85e5fb6bb49588880c1696a217636.png", "pose": [[-0.8493697047233582, -0.5277983546257019, 0.0, 566.0527954101562], [0.5277983546257019, -0.8493697047233582, 0.0, 1532.9202880859375], [0.0, 0.0, 1.0, 0.0], [0.0, 0.0, 0.0, 1.0]], "pose_inverse": [[-0.8493697047233582, 0.5277983546257019, 0.0, -328.2847595214844], [-0.5277983546257019, -0.8493697047233582, 0.0, 1600.77783203125], [0.0, 0.0, 1.0, 0.0], [0.0, 0.0, 0.0, 1.0]], "cam_ids": [0, 1, 2, 3, 4, 5], "cam_channels": ["CAM_FRONT_LEFT", "CAM_FRONT", "CAM_FRONT_RIGHT", "CAM_BACK_LEFT", "CAM_BACK", "CAM_BACK_RIGHT"], "token": "7ee85e5fb6bb49588880c1696a217636", "scene": "scene-0474"}, {"images": ["samples/CAM_FRONT_LEFT/n008-2018-09-18-12-53-31-0400__CAM_FRONT_LEFT__1537290144604799.jpg", "samples/CAM_FRONT/n008-2018-09-18-12-53-31-0400__CAM_FRONT__1537290144612404.jpg", "samples/CAM_FRONT_RIGHT/n008-2018-09-18-12-53-31-0400__CAM_FRONT_RIGHT__1537290144621147.jpg", "samples/CAM_BACK_LEFT/n008-2018-09-18-12-53-31-0400__CAM_BACK_LEFT__1537290144647405.jpg", "samples/CAM_BACK/n008-2018-09-18-12-53-31-0400__CAM_BACK__1537290144637558.jpg", "samples/CAM_BACK_RIGHT/n008-2018-09-18-12-53-31-0400__CAM_BACK_RIGHT__1537290144628350.jpg"], "intrinsics": [[[1257.8625342125129, 0.0, 827.2410631095686], [0.0, 1257.8625342125129, 450.915498205774], [0.0, 0.0, 1.0]], [[1252.8131021185304, 0.0, 826.588114781398], [0.0, 1252.8131021185304, 469.9846626224581], [0.0, 0.0, 1.0]], [[1256.7485116440405, 0.0, 817.7887570959712], [0.0, 1256.7485116440403, 451.9541780095127], [0.0, 0.0, 1.0]], [[1254.9860565800168, 0.0, 829.5769333630991], [0.0, 1254.9860565800168, 467.1680561863987], [0.0, 0.0, 1.0]], [[796.8910634503094, 0.0, 857.7774326863696], [0.0, 796.8910634503094, 476.8848988407415], [0.0, 0.0, 1.0]], [[1249.9629280788233, 0.0, 825.3768045375984], [0.0, 1249.9629280788233, 462.54816385708756], [0.0, 0.0, 1.0]]], "extrinsics": [[[0.8223311305046082, -0.5686243176460266, -0.020927662029862404, -0.7957763671875], [0.007962731644511223, 0.048275452107191086, -0.9988023042678833, 1.490142822265625], [0.5689536333084106, 0.8211795091629028, 0.044226210564374924, -1.1925048828125], [0.0, 0.0, 0.0, 1.0]], [[0.009901038371026516, -0.9990195631980896, -0.04314950108528137, 0.0101318359375], [0.009946397505700588, 0.043247874826192856, -0.9990148544311523, 1.4821243286132812], [0.9999014735221863, 0.009462030604481697, 0.010364840738475323, -1.524810791015625], [0.0, 0.0, 0.0, 1.0]], [[-0.844143807888031, -0.5350896716117859, -0.03317107632756233, 0.95574951171875], [0.01802770048379898, 0.033506691455841064, -0.9992758631706238, 1.4959068298339844], [0.5358136892318726, -0.8441305756568909, -0.01863802969455719, -1.1893310546875], [0.0, 0.0, 0.0, 1.0]], [[0.9479368329048157, 0.3183499872684479, 0.008301883935928345, -1.129913330078125], [-0.0067789629101753235, 0.04623477905988693, -0.9989076256752014, 1.5619354248046875], [-0.3183860778808594, 0.9468450546264648, 0.045985735952854156, -0.160888671875], [0.0, 0.0, 0.0, 1.0]], [[0.009458580985665321, 0.9991791248321533, 0.039391111582517624, -0.029052734375], [-0.005046360194683075, 0.03944006562232971, -0.9992091655731201, 1.5676727294921875], [-0.9999426007270813, 0.009252228774130344, 0.005415263120085001, -0.025390625], [0.0, 0.0, 0.0, 1.0]], [[-0.9236029982566833, 0.38327306509017944, 0.00769764743745327, 1.04840087890625], [-0.0010124013060703874, 0.017641175538301468, -0.9998438954353333, 1.5476627349853516], [-0.3833490014076233, -0.9234666228294373, -0.015905417501926422, -0.0887451171875], [0.0, 0.0, 0.0, 1.0]]], "view": [[0.0, -2.0, 100.0], [-2.0, 0.0, 100.0], [0.0, 0.0, 1.0]], "bev": "bev_780701e7c99a4827bb8f0c11855fdad0.png", "aux": "aux_780701e7c99a4827bb8f0c11855fdad0.npz", "visibility": "visibility_780701e7c99a4827bb8f0c11855fdad0.png", "pose": [[-0.851611316204071, -0.5241737961769104, 0.0, 563.726806640625], [0.5241737961769104, -0.851611316204071, 0.0, 1534.4014892578125], [0.0, 0.0, 1.0, 0.0], [0.0, 0.0, 0.0, 1.0]], "pose_inverse": [[-0.851611316204071, 0.5241737961769104, 0.0, -324.2169494628906], [-0.5241737961769104, -0.851611316204071, 0.0, 1602.2044677734375], [0.0, 0.0, 1.0, 0.0], [0.0, 0.0, 0.0, 1.0]], "cam_ids": [0, 1, 2, 3, 4, 5], "cam_channels": ["CAM_FRONT_LEFT", "CAM_FRONT", "CAM_FRONT_RIGHT", "CAM_BACK_LEFT", "CAM_BACK", "CAM_BACK_RIGHT"], "token": "780701e7c99a4827bb8f0c11855fdad0", "scene": "scene-0474"}, {"images": ["samples/CAM_FRONT_LEFT/n008-2018-09-18-12-53-31-0400__CAM_FRONT_LEFT__1537290145104799.jpg", "samples/CAM_FRONT/n008-2018-09-18-12-53-31-0400__CAM_FRONT__1537290145112404.jpg", "samples/CAM_FRONT_RIGHT/n008-2018-09-18-12-53-31-0400__CAM_FRONT_RIGHT__1537290145120482.jpg", "samples/CAM_BACK_LEFT/n008-2018-09-18-12-53-31-0400__CAM_BACK_LEFT__1537290145147405.jpg", "samples/CAM_BACK/n008-2018-09-18-12-53-31-0400__CAM_BACK__1537290145137558.jpg", "samples/CAM_BACK_RIGHT/n008-2018-09-18-12-53-31-0400__CAM_BACK_RIGHT__1537290145128113.jpg"], "intrinsics": [[[1257.8625342125129, 0.0, 827.2410631095686], [0.0, 1257.8625342125129, 450.915498205774], [0.0, 0.0, 1.0]], [[1252.8131021185304, 0.0, 826.588114781398], [0.0, 1252.8131021185304, 469.9846626224581], [0.0, 0.0, 1.0]], [[1256.7485116440405, 0.0, 817.7887570959712], [0.0, 1256.7485116440403, 451.9541780095127], [0.0, 0.0, 1.0]], [[1254.9860565800168, 0.0, 829.5769333630991], [0.0, 1254.9860565800168, 467.1680561863987], [0.0, 0.0, 1.0]], [[796.8910634503094, 0.0, 857.7774326863696], [0.0, 796.8910634503094, 476.8848988407415], [0.0, 0.0, 1.0]], [[1249.9629280788233, 0.0, 825.3768045375984], [0.0, 1249.9629280788233, 462.54816385708756], [0.0, 0.0, 1.0]]], "extrinsics": [[[0.8232918977737427, -0.5675912499427795, -0.005531469825655222, -0.791015625], [0.017217794433236122, 0.03471263498067856, -0.9992490410804749, 1.4925575256347656], [0.5673570036888123, 0.8225783705711365, 0.03835130110383034, -1.19140625], [0.0, 0.0, 0.0, 1.0]], [[0.011407558806240559, -0.9994828701019287, -0.030064724385738373, 0.01123046875], [0.01954377256333828, 0.030283797532320023, -0.9993502497673035, 1.4842491149902344], [0.9997438788414001, 0.010812519118189812, 0.01987912878394127, -1.5203857421875], [0.0, 0.0, 0.0, 1.0]], [[-0.8433656096458435, -0.5361998677253723, -0.03498784080147743, 0.94921875], [0.027939558029174805, 0.021266330033540726, -0.9993833303451538, 1.4977455139160156], [0.5366132855415344, -0.8438230752944946, -0.0029541030526161194, -1.1845703125], [0.0, 0.0, 0.0, 1.0]], [[0.9478127956390381, 0.31848978996276855, 0.014666888862848282, -1.127532958984375], [0.003396461484953761, 0.035913653671741486, -0.9993491172790527, 1.5620918273925781], [-0.3188092112541199, 0.947245717048645, 0.03295768424868584, -0.161865234375], [0.0, 0.0, 0.0, 1.0]], [[0.008848199620842934, 0.9995529055595398, 0.02856038324534893, -0.0291748046875], [0.005277658812701702, 0.028514418751001358, -0.9995794296264648, 1.56842041015625], [-0.9999469518661499, 0.008995220065116882, -0.00502299889922142, -0.028961181640625], [0.0, 0.0, 0.0, 1.0]], [[-0.9238055348396301, 0.3828127384185791, -0.006147363223135471, 1.04315185546875], [0.009131270460784435, 0.005978171247988939, -0.9999404549598694, 1.5489587783813477], [-0.3827531933784485, -0.9238066077232361, -0.00901823304593563, -0.0906982421875], [0.0, 0.0, 0.0, 1.0]]], "view": [[0.0, -2.0, 100.0], [-2.0, 0.0, 100.0], [0.0, 0.0, 1.0]], "bev": "bev_e651363a7c514229b1dd0b35bfaf71ca.png", "aux": "aux_e651363a7c514229b1dd0b35bfaf71ca.npz", "visibility": "visibility_e651363a7c514229b1dd0b35bfaf71ca.png", "pose": [[-0.8494046330451965, -0.5277421474456787, 0.0, 561.3342895507812], [0.5277421474456787, -0.8494046330451965, 0.0, 1535.925048828125], [0.0, 0.0, 1.0, 0.0], [0.0, 0.0, 0.0, 1.0]], "pose_inverse": [[-0.8494046330451965, 0.5277421474456787, 0.0, -333.7724609375], [-0.5277421474456787, -0.8494046330451965, 0.0, 1600.861572265625], [0.0, 0.0, 1.0, 0.0], [0.0, 0.0, 0.0, 1.0]], "cam_ids": [0, 1, 2, 3, 4, 5], "cam_channels": ["CAM_FRONT_LEFT", "CAM_FRONT", "CAM_FRONT_RIGHT", "CAM_BACK_LEFT", "CAM_BACK", "CAM_BACK_RIGHT"], "token": "e651363a7c514229b1dd0b35bfaf71ca", "scene": "scene-0474"}, {"images": ["samples/CAM_FRONT_LEFT/n008-2018-09-18-12-53-31-0400__CAM_FRONT_LEFT__1537290145604799.jpg", "samples/CAM_FRONT/n008-2018-09-18-12-53-31-0400__CAM_FRONT__1537290145612404.jpg", "samples/CAM_FRONT_RIGHT/n008-2018-09-18-12-53-31-0400__CAM_FRONT_RIGHT__1537290145620482.jpg", "samples/CAM_BACK_LEFT/n008-2018-09-18-12-53-31-0400__CAM_BACK_LEFT__1537290145647405.jpg", "samples/CAM_BACK/n008-2018-09-18-12-53-31-0400__CAM_BACK__1537290145637566.jpg", "samples/CAM_BACK_RIGHT/n008-2018-09-18-12-53-31-0400__CAM_BACK_RIGHT__1537290145628113.jpg"], "intrinsics": [[[1257.8625342125129, 0.0, 827.2410631095686], [0.0, 1257.8625342125129, 450.915498205774], [0.0, 0.0, 1.0]], [[1252.8131021185304, 0.0, 826.588114781398], [0.0, 1252.8131021185304, 469.9846626224581], [0.0, 0.0, 1.0]], [[1256.7485116440405, 0.0, 817.7887570959712], [0.0, 1256.7485116440403, 451.9541780095127], [0.0, 0.0, 1.0]], [[1254.9860565800168, 0.0, 829.5769333630991], [0.0, 1254.9860565800168, 467.1680561863987], [0.0, 0.0, 1.0]], [[796.8910634503094, 0.0, 857.7774326863696], [0.0, 796.8910634503094, 476.8848988407415], [0.0, 0.0, 1.0]], [[1249.9629280788233, 0.0, 825.3768045375984], [0.0, 1249.9629280788233, 462.54816385708756], [0.0, 0.0, 1.0]]], "extrinsics": [[[0.8224771618843079, -0.5686568021774292, -0.012677077203989029, -0.78125], [0.00869375467300415, 0.034852851182222366, -0.9993546605110168, 1.49053955078125], [0.5687316656112671, 0.8218362331390381, 0.033609434962272644, -1.18212890625], [0.0, 0.0, 0.0, 1.0]], [[0.010109811089932919, -0.9994766712188721, -0.030726632103323936, 0.010009765625], [0.010560648515820503, 0.030833208933472633, -0.9994688034057617, 1.4824638366699219], [0.9998931288719177, 0.009779919870197773, 0.01086683850735426, -1.5098876953125], [0.0, 0.0, 0.0, 1.0]], [[-0.8440588116645813, -0.5355435609817505, -0.027526281774044037, 0.94232177734375], [0.018487557768821716, 0.022239424288272858, -0.9995816946029663, 1.4963035583496094], [0.5359317064285278, -0.8442147374153137, -0.008870493620634079, -1.18115234375], [0.0, 0.0, 0.0, 1.0]], [[0.9479086995124817, 0.31849029660224915, 0.005740645807236433, -1.1300048828125], [-0.006476132199168205, 0.037286266684532166, -0.9992836713790894, 1.5619392395019531], [-0.3184761703014374, 0.9471924304962158, 0.0374065637588501, -0.160888671875], [0.0, 0.0, 0.0, 1.0]], [[0.009364576078951359, 0.9995109438896179, 0.029837045818567276, -0.02880859375], [-0.004653028212487698, 0.029881585389375687, -0.9995425939559937, 1.5676956176757812], [-0.999945342540741, 0.009221403859555721, 0.0049305809661746025, -0.0299072265625], [0.0, 0.0, 0.0, 1.0]], [[-0.9236372709274292, 0.38325315713882446, 0.003329002996906638, 1.038818359375], [-0.0006087423535063863, 0.007218877784907818, -0.999973714351654, 1.5477218627929688], [-0.3832671344280243, -0.923615038394928, -0.006434323266148567, -0.093017578125], [0.0, 0.0, 0.0, 1.0]]], "view": [[0.0, -2.0, 100.0], [-2.0, 0.0, 100.0], [0.0, 0.0, 1.0]], "bev": "bev_9990c30f9379433396593f41c448d81a.png", "aux": "aux_9990c30f9379433396593f41c448d81a.npz", "visibility": "visibility_9990c30f9379433396593f41c448d81a.png", "pose": [[-0.8464644551277161, -0.5324451923370361, 0.0, 558.8803100585938], [0.5324451923370361, -0.8464644551277161, 0.0, 1537.4989013671875], [0.0, 0.0, 1.0, 0.0], [0.0, 0.0, 0.0, 1.0]], "pose_inverse": [[-0.8464644551277161, 0.5324451923370361, 0.0, -345.5615539550781], [-0.5324451923370361, -0.8464644551277161, 0.0, 1599.0113525390625], [0.0, 0.0, 1.0, 0.0], [0.0, 0.0, 0.0, 1.0]], "cam_ids": [0, 1, 2, 3, 4, 5], "cam_channels": ["CAM_FRONT_LEFT", "CAM_FRONT", "CAM_FRONT_RIGHT", "CAM_BACK_LEFT", "CAM_BACK", "CAM_BACK_RIGHT"], "token": "9990c30f9379433396593f41c448d81a", "scene": "scene-0474"}, {"images": ["samples/CAM_FRONT_LEFT/n008-2018-09-18-12-53-31-0400__CAM_FRONT_LEFT__1537290146104799.jpg", "samples/CAM_FRONT/n008-2018-09-18-12-53-31-0400__CAM_FRONT__1537290146112404.jpg", "samples/CAM_FRONT_RIGHT/n008-2018-09-18-12-53-31-0400__CAM_FRONT_RIGHT__1537290146120482.jpg", "samples/CAM_BACK_LEFT/n008-2018-09-18-12-53-31-0400__CAM_BACK_LEFT__1537290146147405.jpg", "samples/CAM_BACK/n008-2018-09-18-12-53-31-0400__CAM_BACK__1537290146137558.jpg", "samples/CAM_BACK_RIGHT/n008-2018-09-18-12-53-31-0400__CAM_BACK_RIGHT__1537290146128113.jpg"], "intrinsics": [[[1257.8625342125129, 0.0, 827.2410631095686], [0.0, 1257.8625342125129, 450.915498205774], [0.0, 0.0, 1.0]], [[1252.8131021185304, 0.0, 826.588114781398], [0.0, 1252.8131021185304, 469.9846626224581], [0.0, 0.0, 1.0]], [[1256.7485116440405, 0.0, 817.7887570959712], [0.0, 1256.7485116440403, 451.9541780095127], [0.0, 0.0, 1.0]], [[1254.9860565800168, 0.0, 829.5769333630991], [0.0, 1254.9860565800168, 467.1680561863987], [0.0, 0.0, 1.0]], [[796.8910634503094, 0.0, 857.7774326863696], [0.0, 796.8910634503094, 476.8848988407415], [0.0, 0.0, 1.0]], [[1249.9629280788233, 0.0, 825.3768045375984], [0.0, 1249.9629280788233, 462.54816385708756], [0.0, 0.0, 1.0]]], "extrinsics": [[[0.8226764798164368, -0.568424642086029, 0.009854840114712715, -0.77734375], [0.03264213725924492, 0.0299226064234972, -0.9990190863609314, 1.4972763061523438], [0.5675721168518066, 0.8221911191940308, 0.04317121207714081, -1.1776123046875], [0.0, 0.0, 0.0, 1.0]], [[0.011062705889344215, -0.9996187686920166, -0.025296058505773544, 0.0084228515625], [0.0349988117814064, 0.025669187307357788, -0.9990576505661011, 1.4881763458251953], [0.9993261098861694, 0.010166972875595093, 0.03526943922042847, -1.505584716796875], [0.0, 0.0, 0.0, 1.0]], [[-0.8430158495903015, -0.5359442234039307, -0.04569671303033829, 0.9393310546875], [0.04344719275832176, 0.016830885782837868, -0.9989139437675476, 1.5008783340454102], [0.5361312627792358, -0.8440856337547302, 0.009096569381654263, -1.180908203125], [0.0, 0.0, 0.0, 1.0]], [[0.9474807977676392, 0.31852346658706665, 0.028686251491308212, -1.1306610107421875], [0.01950901933014393, 0.03196534514427185, -0.9992985725402832, 1.5623207092285156], [-0.3192169964313507, 0.9473758935928345, 0.024072472006082535, -0.1607666015625], [0.0, 0.0, 0.0, 1.0]], [[0.008579214103519917, 0.9996621012687683, 0.024535231292247772, -0.0283203125], [0.0211180467158556, 0.024349533021450043, -0.9994803667068481, 1.5696430206298828], [-0.9997401833534241, 0.009092826396226883, -0.020902015268802643, -0.030426025390625], [0.0, 0.0, 0.0, 1.0]], [[-0.9234783053398132, 0.3830025792121887, -0.02228965051472187, 1.03753662109375], [0.02481764368712902, 0.0016600434901192784, -0.9996906518936157, 1.5511155128479004], [-0.38284701108932495, -0.9237458109855652, -0.01103823259472847, -0.094482421875], [0.0, 0.0, 0.0, 1.0]]], "view": [[0.0, -2.0, 100.0], [-2.0, 0.0, 100.0], [0.0, 0.0, 1.0]], "bev": "bev_156de10bc50f482face68ef66c8d0fb1.png", "aux": "aux_156de10bc50f482face68ef66c8d0fb1.npz", "visibility": "visibility_156de10bc50f482face68ef66c8d0fb1.png", "pose": [[-0.8446080684661865, -0.5353851318359375, 0.0, 556.3120727539062], [0.5353851318359375, -0.8446080684661865, 0.0, 1539.1453857421875], [0.0, 0.0, 1.0, 0.0], [0.0, 0.0, 0.0, 1.0]], "pose_inverse": [[-0.8446080684661865, 0.5353851318359375, 0.0, -354.1698913574219], [-0.5353851318359375, -0.8446080684661865, 0.0, 1597.8157958984375], [0.0, 0.0, 1.0, 0.0], [0.0, 0.0, 0.0, 1.0]], "cam_ids": [0, 1, 2, 3, 4, 5], "cam_channels": ["CAM_FRONT_LEFT", "CAM_FRONT", "CAM_FRONT_RIGHT", "CAM_BACK_LEFT", "CAM_BACK", "CAM_BACK_RIGHT"], "token": "156de10bc50f482face68ef66c8d0fb1", "scene": "scene-0474"}, {"images": ["samples/CAM_FRONT_LEFT/n008-2018-09-18-12-53-31-0400__CAM_FRONT_LEFT__1537290146604799.jpg", "samples/CAM_FRONT/n008-2018-09-18-12-53-31-0400__CAM_FRONT__1537290146612404.jpg", "samples/CAM_FRONT_RIGHT/n008-2018-09-18-12-53-31-0400__CAM_FRONT_RIGHT__1537290146620482.jpg", "samples/CAM_BACK_LEFT/n008-2018-09-18-12-53-31-0400__CAM_BACK_LEFT__1537290146647405.jpg", "samples/CAM_BACK/n008-2018-09-18-12-53-31-0400__CAM_BACK__1537290146637558.jpg", "samples/CAM_BACK_RIGHT/n008-2018-09-18-12-53-31-0400__CAM_BACK_RIGHT__1537290146628113.jpg"], "intrinsics": [[[1257.8625342125129, 0.0, 827.2410631095686], [0.0, 1257.8625342125129, 450.915498205774], [0.0, 0.0, 1.0]], [[1252.8131021185304, 0.0, 826.588114781398], [0.0, 1252.8131021185304, 469.9846626224581], [0.0, 0.0, 1.0]], [[1256.7485116440405, 0.0, 817.7887570959712], [0.0, 1256.7485116440403, 451.9541780095127], [0.0, 0.0, 1.0]], [[1254.9860565800168, 0.0, 829.5769333630991], [0.0, 1254.9860565800168, 467.1680561863987], [0.0, 0.0, 1.0]], [[796.8910634503094, 0.0, 857.7774326863696], [0.0, 796.8910634503094, 476.8848988407415], [0.0, 0.0, 1.0]], [[1249.9629280788233, 0.0, 825.3768045375984], [0.0, 1249.9629280788233, 462.54816385708756], [0.0, 0.0, 1.0]]], "extrinsics": [[[0.8223514556884766, -0.5682278275489807, 0.02924537844955921, -0.777587890625], [0.058067627251148224, 0.03268339857459068, -0.99777752161026, 1.5041999816894531], [0.5660091042518616, 0.8222219944000244, 0.05987288057804108, -1.179443359375], [0.0, 0.0, 0.0, 1.0]], [[0.011989036574959755, -0.9995306730270386, -0.028192076832056046, 0.0098876953125], [0.06001042574644089, 0.02886251173913479, -0.9977803826332092, 1.4937553405761719], [0.9981257319450378, 0.010270529426634312, 0.06032829359173775, -1.507781982421875], [0.0, 0.0, 0.0, 1.0]], [[-0.8415088057518005, -0.5358985066413879, -0.06837797164916992, 0.94287109375], [0.06801170855760574, 0.02047554776072502, -0.9974743723869324, 1.5050420761108398], [0.5359451770782471, -0.8440340757369995, 0.019217025488615036, -1.18212890625], [0.0, 0.0, 0.0, 1.0]], [[0.9465149641036987, 0.31854555010795593, 0.0513625331223011, -1.134490966796875], [0.042187970131635666, 0.03563886135816574, -0.9984738230705261, 1.5624656677246094], [-0.3198898434638977, 0.9472373723983765, 0.020293928682804108, -0.159423828125], [0.0, 0.0, 0.0, 1.0]], [[0.007800339255481958, 0.9995560646057129, 0.028756560757756233, -0.02880859375], [0.04474060237407684, 0.0283797774463892, -0.9985954165458679, 1.5711936950683594], [-0.9989681839942932, 0.009075932204723358, -0.04449937492609024, -0.025848388671