[{"images": ["samples/CAM_FRONT_LEFT/n015-2018-08-01-16-41-59+0800__CAM_FRONT_LEFT__1533113234504844.jpg", "samples/CAM_FRONT/n015-2018-08-01-16-41-59+0800__CAM_FRONT__1533113234512460.jpg", "samples/CAM_FRONT_RIGHT/n015-2018-08-01-16-41-59+0800__CAM_FRONT_RIGHT__1533113234520339.jpg", "samples/CAM_BACK_LEFT/n015-2018-08-01-16-41-59+0800__CAM_BACK_LEFT__1533113234547423.jpg", "samples/CAM_BACK/n015-2018-08-01-16-41-59+0800__CAM_BACK__1533113234537525.jpg", "samples/CAM_BACK_RIGHT/n015-2018-08-01-16-41-59+0800__CAM_BACK_RIGHT__1533113234527893.jpg"], "intrinsics": [[[1272.5979470598488, 0.0, 826.6154927353808], [0.0, 1272.5979470598488, 479.75165386361925], [0.0, 0.0, 1.0]], [[1266.417203046554, 0.0, 816.2670197447984], [0.0, 1266.417203046554, 491.50706579294757], [0.0, 0.0, 1.0]], [[1260.8474446004698, 0.0, 807.968244525554], [0.0, 1260.8474446004698, 495.3344268742088], [0.0, 0.0, 1.0]], [[1256.7414812095406, 0.0, 792.1125740759628], [0.0, 1256.7414812095406, 492.7757465151356], [0.0, 0.0, 1.0]], [[809.2209905677063, 0.0, 829.2196003259838], [0.0, 809.2209905677063, 481.77842384512485], [0.0, 0.0, 1.0]], [[1259.5137405846733, 0.0, 807.2529053838625], [0.0, 1259.5137405846733, 501.19579884916527], [0.0, 0.0, 1.0]]], "extrinsics": [[[0.8213097453117371, -0.5704820156097412, 0.0007777783903293312, -0.6097412109375], [-0.016561362892389297, -0.025205757468938828, -0.9995450377464294, 1.501103401184082], [0.5702421069145203, 0.8209231495857239, -0.03014969266951084, -1.034149169921875], [0.0, 0.0, 0.0, 1.0]], [[0.006782330106943846, -0.9995495676994324, 0.02923141047358513, 0.00787353515625], [-0.021757228299975395, -0.029372669756412506, -0.9993317723274231, 1.5128765106201172], [0.9997402429580688, 0.006141809746623039, -0.02194664627313614, -1.33984375], [0.0, 0.0, 0.0, 1.0]], [[-0.8324410915374756, -0.5537466406822205, 0.020158221945166588, 0.807861328125], [-0.016048956662416458, -0.012269682250916958, -0.9997959136962891, 1.4993181228637695], [0.5538809299468994, -0.8325948119163513, 0.0013267352478578687, -1.09912109375], [0.0, 0.0, 0.0, 1.0]], [[0.947550356388092, 0.3189619481563568, -0.020287785679101944, -1.152099609375], [-0.0069488706067204475, -0.042902328073978424, -0.9990550875663757, 1.5886268615722656], [-0.3195309340953827, 0.9467960000038147, -0.038435693830251694, -0.10028076171875], [0.0, 0.0, 0.0, 1.0]], [[0.0017068020533770323, 0.9994580149650574, -0.032875556498765945, 0.00299072265625], [-0.03252004459500313, -0.03280274197459221, -0.9989326596260071, 1.5763797760009766], [-0.9994696974754333, 0.0027741005178540945, 0.03244642913341522, -0.0897216796875], [0.0, 0.0, 0.0, 1.0]], [[-0.9351200461387634, 0.3542783856391907, -0.00610389793291688, 0.95751953125], [-5.238359881332144e-05, -0.017364773899316788, -0.999849259853363, 1.5514402389526367], [-0.35433101654052734, -0.934978723526001, 0.016256708651781082, -0.1312255859375], [0.0, 0.0, 0.0, 1.0]]], "view": [[0.0, -2.0, 100.0], [-2.0, 0.0, 100.0], [0.0, 0.0, 1.0]], "bev": "bev_cb54b46ba586411da4ed583ad0bad9d4.png", "aux": "aux_cb54b46ba586411da4ed583ad0bad9d4.npz", "visibility": "visibility_cb54b46ba586411da4ed583ad0bad9d4.png", "pose": [[-0.33371126651763916, 0.9426753520965576, 0.0, 1024.46728515625], [-0.9426753520965576, -0.33371126651763916, 0.0, 1131.56494140625], [0.0, 0.0, 1.0, 0.0], [0.0, 0.0, 0.0, 1.0]], "pose_inverse": [[-0.33371126651763916, -0.9426753520965576, 0.0, 1408.5745849609375], [0.9426753520965576, -0.33371126651763916, 0.0, -588.1240844726562], [0.0, 0.0, 1.0, 0.0], [0.0, 0.0, 0.0, 1.0]], "cam_ids": [0, 1, 2, 3, 4, 5], "cam_channels": ["CAM_FRONT_LEFT", "CAM_FRONT", "CAM_FRONT_RIGHT", "CAM_BACK_LEFT", "CAM_BACK", "CAM_BACK_RIGHT"], "token": "cb54b46ba586411da4ed583ad0bad9d4", "scene": "scene-0138"}, {"images": ["samples/CAM_FRONT_LEFT/n015-2018-08-01-16-41-59+0800__CAM_FRONT_LEFT__1533113235004844.jpg", "samples/CAM_FRONT/n015-2018-08-01-16-41-59+0800__CAM_FRONT__1533113235012460.jpg", "samples/CAM_FRONT_RIGHT/n015-2018-08-01-16-41-59+0800__CAM_FRONT_RIGHT__1533113235020339.jpg", "samples/CAM_BACK_LEFT/n015-2018-08-01-16-41-59+0800__CAM_BACK_LEFT__1533113235047423.jpg", "samples/CAM_BACK/n015-2018-08-01-16-41-59+0800__CAM_BACK__1533113235037525.jpg", "samples/CAM_BACK_RIGHT/n015-2018-08-01-16-41-59+0800__CAM_BACK_RIGHT__1533113235027893.jpg"], "intrinsics": [[[1272.5979470598488, 0.0, 826.6154927353808], [0.0, 1272.5979470598488, 479.75165386361925], [0.0, 0.0, 1.0]], [[1266.417203046554, 0.0, 816.2670197447984], [0.0, 1266.417203046554, 491.50706579294757], [0.0, 0.0, 1.0]], [[1260.8474446004698, 0.0, 807.968244525554], [0.0, 1260.8474446004698, 495.3344268742088], [0.0, 0.0, 1.0]], [[1256.7414812095406, 0.0, 792.1125740759628], [0.0, 1256.7414812095406, 492.7757465151356], [0.0, 0.0, 1.0]], [[809.2209905677063, 0.0, 829.2196003259838], [0.0, 809.2209905677063, 481.77842384512485], [0.0, 0.0, 1.0]], [[1259.5137405846733, 0.0, 807.2529053838625], [0.0, 1259.5137405846733, 501.19579884916527], [0.0, 0.0, 1.0]]], "extrinsics": [[[0.8211405277252197, -0.5707188844680786, 0.002859722124412656, -0.6138916015625], [-0.007839513011276722, -0.016289275139570236, -0.9998365640640259, 1.5049408674240112], [0.5706721544265747, 0.82098388671875, -0.017849942669272423, -1.03875732421875], [0.0, 0.0, 0.0, 1.0]], [[0.006298495922237635, -0.9997767210006714, 0.020173972472548485, 0.00872802734375], [-0.013091586530208588, -0.020255086943507195, -0.9997091293334961, 1.5160117149353027], [0.9998944401741028, 0.0060325199738144875, -0.013216237537562847, -1.3443603515625], [0.0, 0.0, 0.0, 1.0]], [[-0.8327116370201111, -0.5536516904830933, 0.007816988974809647, 0.81048583984375], [-0.007430960424244404, -0.002942085964605212, -0.9999680519104004, 1.501662254333496], [0.5536569952964783, -0.8327431678771973, -0.0016642544651404023, -1.099853515625], [0.0, 0.0, 0.0, 1.0]], [[0.9477102160453796, 0.3189975619316101, -0.009265475906431675, -1.1531982421875], [0.0013635854702442884, -0.03308075666427612, -0.999451756477356, 1.588541030883789], [-0.31912916898727417, 0.947178065776825, -0.03178595378994942, -0.0999755859375], [0.0, 0.0, 0.0, 1.0]], [[0.0021251605357974768, 0.9997290968894958, -0.02317795343697071, 0.0025634765625], [-0.024075014516711235, -0.023120136931538582, -0.9994427561759949, 1.5771923065185547], [-0.9997078776359558, 0.002681956859305501, 0.024019358679652214, -0.0885009765625], [0.0, 0.0, 0.0, 1.0]], [[-0.9349614381790161, 0.35458678007125854, -0.010734759271144867, 0.958740234375], [0.008499090559780598, -0.007861879654228687, -0.9999330043792725, 1.5530643463134766], [-0.35464733839035034, -0.9349900484085083, 0.004336887039244175, -0.1301116943359375], [0.0, 0.0, 0.0, 1.0]]], "view": [[0.0, -2.0, 100.0], [-2.0, 0.0, 100.0], [0.0, 0.0, 1.0]], "bev": "bev_7a5f140bef2e4de690e337924d13669b.png", "aux": "aux_7a5f140bef2e4de690e337924d13669b.npz", "visibility": "visibility_7a5f140bef2e4de690e337924d13669b.png", "pose": [[-0.3360533118247986, 0.9418429732322693, 0.0, 1022.7298583984375], [-0.9418429732322693, -0.3360533118247986, 0.0, 1126.7205810546875], [0.0, 0.0, 1.0, 0.0], [0.0, 0.0, 0.0, 1.0]], "pose_inverse": [[-0.3360533118247986, -0.9418429732322693, 0.0, 1404.8856201171875], [0.9418429732322693, -0.3360533118247986, 0.0, -584.6127319335938], [0.0, 0.0, 1.0, 0.0], [0.0, 0.0, 0.0, 1.0]], "cam_ids": [0, 1, 2, 3, 4, 5], "cam_channels": ["CAM_FRONT_LEFT", "CAM_FRONT", "CAM_FRONT_RIGHT", "CAM_BACK_LEFT", "CAM_BACK", "CAM_BACK_RIGHT"], "token": "7a5f140bef2e4de690e337924d13669b", "scene": "scene-0138"}, {"images": ["samples/CAM_FRONT_LEFT/n015-2018-08-01-16-41-59+0800__CAM_FRONT_LEFT__1533113235504844.jpg", "samples/CAM_FRONT/n015-2018-08-01-16-41-59+0800__CAM_FRONT__1533113235512460.jpg", "samples/CAM_FRONT_RIGHT/n015-2018-08-01-16-41-59+0800__CAM_FRONT_RIGHT__1533113235520339.jpg", "samples/CAM_BACK_LEFT/n015-2018-08-01-16-41-59+0800__CAM_BACK_LEFT__1533113235547423.jpg", "samples/CAM_BACK/n015-2018-08-01-16-41-59+0800__CAM_BACK__1533113235537525.jpg", "samples/CAM_BACK_RIGHT/n015-2018-08-01-16-41-59+0800__CAM_BACK_RIGHT__1533113235527893.jpg"], "intrinsics": [[[1272.5979470598488, 0.0, 826.6154927353808], [0.0, 1272.5979470598488, 479.75165386361925], [0.0, 0.0, 1.0]], [[1266.417203046554, 0.0, 816.2670197447984], [0.0, 1266.417203046554, 491.50706579294757], [0.0, 0.0, 1.0]], [[1260.8474446004698, 0.0, 807.968244525554], [0.0, 1260.8474446004698, 495.3344268742088], [0.0, 0.0, 1.0]], [[1256.7414812095406, 0.0, 792.1125740759628], [0.0, 1256.7414812095406, 492.7757465151356], [0.0, 0.0, 1.0]], [[809.2209905677063, 0.0, 829.2196003259838], [0.0, 809.2209905677063, 481.77842384512485], [0.0, 0.0, 1.0]], [[1259.5137405846733, 0.0, 807.2529053838625], [0.0, 1259.5137405846733, 501.19579884916527], [0.0, 0.0, 1.0]]], "extrinsics": [[[0.8213173747062683, -0.5704687833786011, 0.001750386436469853, -0.6064453125], [-0.007055449765175581, -0.01322588138282299, -0.9998876452445984, 1.505189299583435], [0.5704278945922852, 0.8212127089500427, -0.014887560158967972, -1.032684326171875], [0.0, 0.0, 0.0, 1.0]], [[0.006547777913510799, -0.9998294711112976, 0.017266305163502693, 0.0084228515625], [-0.012302262708544731, -0.017345912754535675, -0.9997739195823669, 1.5161685943603516], [0.9999028444290161, 0.006333930417895317, -0.012413742952048779, -1.3360595703125], [0.0, 0.0, 0.0, 1.0]], [[-0.8325987458229065, -0.5538479089736938, 0.0056337895803153515, 0.80499267578125], [-0.00664095301181078, -0.00018852601351682097, -0.9999779462814331, 1.501826286315918], [0.5538367033004761, -0.8326178789138794, -0.0035211106296628714, -1.0963134765625], [0.0, 0.0, 0.0, 1.0]], [[0.947723388671875, 0.3189986050128937, -0.007761597633361816, -1.1490478515625], [0.0021747343707829714, -0.03078053519129753, -0.9995237588882446, 1.5885391235351562], [-0.31908556818962097, 0.9472551941871643, -0.029865169897675514, -0.10137939453125], [0.0, 0.0, 0.0, 1.0]], [[0.002077358076348901, 0.9997826814651489, -0.020742660388350487, 0.002685546875], [-0.023279355838894844, -0.0206887349486351, -0.9995149374008179, 1.5771446228027344], [-0.9997268319129944, 0.0025591717567294836, 0.023231321945786476, -0.0933837890625], [0.0, 0.0, 0.0, 1.0]], [[-0.9350073337554932, 0.3544715940952301, -0.010544576682150364, 0.9534912109375], [0.009288586676120758, -0.005244656931608915, -0.9999430775642395, 1.5532665252685547], [-0.3545067012310028, -0.9350520968437195, 0.001611253246665001, -0.13220977783203125], [0.0, 0.0, 0.0, 1.0]]], "view": [[0.0, -2.0, 100.0], [-2.0, 0.0, 100.0], [0.0, 0.0, 1.0]], "bev": "bev_eec41b59ca1545b79be31bda88ce0375.png", "aux": "aux_eec41b59ca1545b79be31bda88ce0375.npz", "visibility": "visibility_eec41b59ca1545b79be31bda88ce0375.png", "pose": [[-0.34360644221305847, 0.9391137361526489, 0.0, 1020.9671020507812], [-0.9391137361526489, -0.34360644221305847, 0.0, 1121.8863525390625], [0.0, 0.0, 1.0, 0.0], [0.0, 0.0, 0.0, 1.0]], "pose_inverse": [[-0.34360644221305847, -0.9391137361526489, 0.0, 1404.3897705078125], [0.9391137361526489, -0.34360644221305847, 0.0, -573.31689453125], [0.0, 0.0, 1.0, 0.0], [0.0, 0.0, 0.0, 1.0]], "cam_ids": [0, 1, 2, 3, 4, 5], "cam_channels": ["CAM_FRONT_LEFT", "CAM_FRONT", "CAM_FRONT_RIGHT", "CAM_BACK_LEFT", "CAM_BACK", "CAM_BACK_RIGHT"], "token": "eec41b59ca1545b79be31bda88ce0375", "scene": "scene-0138"}, {"images": ["samples/CAM_FRONT_LEFT/n015-2018-08-01-16-41-59+0800__CAM_FRONT_LEFT__1533113236004844.jpg", "samples/CAM_FRONT/n015-2018-08-01-16-41-59+0800__CAM_FRONT__1533113236012460.jpg", "samples/CAM_FRONT_RIGHT/n015-2018-08-01-16-41-59+0800__CAM_FRONT_RIGHT__1533113236020339.jpg", "samples/CAM_BACK_LEFT/n015-2018-08-01-16-41-59+0800__CAM_BACK_LEFT__1533113236047423.jpg", "samples/CAM_BACK/n015-2018-08-01-16-41-59+0800__CAM_BACK__1533113236037525.jpg", "samples/CAM_BACK_RIGHT/n015-2018-08-01-16-41-59+0800__CAM_BACK_RIGHT__1533113236027893.jpg"], "intrinsics": [[[1272.5979470598488, 0.0, 826.6154927353808], [0.0, 1272.5979470598488, 479.75165386361925], [0.0, 0.0, 1.0]], [[1266.417203046554, 0.0, 816.2670197447984], [0.0, 1266.417203046554, 491.50706579294757], [0.0, 0.0, 1.0]], [[1260.8474446004698, 0.0, 807.968244525554], [0.0, 1260.8474446004698, 495.3344268742088], [0.0, 0.0, 1.0]], [[1256.7414812095406, 0.0, 792.1125740759628], [0.0, 1256.7414812095406, 492.7757465151356], [0.0, 0.0, 1.0]], [[809.2209905677063, 0.0, 829.2196003259838], [0.0, 809.2209905677063, 481.77842384512485], [0.0, 0.0, 1.0]], [[1259.5137405846733, 0.0, 807.2529053838625], [0.0, 1259.5137405846733, 501.19579884916527], [0.0, 0.0, 1.0]]], "extrinsics": [[[0.8210927248001099, -0.5707693099975586, 0.005400044843554497, -0.6187744140625], [-0.008422376587986946, -0.021574649959802628, -0.9997317790985107, 1.5046720504760742], [0.5707327127456665, 0.8208270072937012, -0.02252202294766903, -1.038482666015625], [0.0, 0.0, 0.0, 1.0]], [[0.006093557924032211, -0.9996528029441833, 0.02563513070344925, 0.00604248046875], [-0.013772817328572273, -0.025717075914144516, -0.9995744228363037, 1.515730381011963], [0.9998865127563477, 0.0057378909550607204, -0.013924743048846722, -1.345703125], [0.0, 0.0, 0.0, 1.0]], [[-0.8329019546508789, -0.5532991290092468, 0.011590944603085518, 0.80828857421875], [-0.008207827806472778, -0.008591748774051666, -0.9999294281005859, 1.5014305114746094], [0.5533596873283386, -0.8329383134841919, 0.0026147000025957823, -1.1014404296875], [0.0, 0.0, 0.0, 1.0]], [[0.9476690888404846, 0.31901466846466064, -0.012362747453153133, -1.144287109375], [0.00012051920202793553, -0.03908132016658783, -0.999235987663269, 1.588552474975586], [-0.319254070520401, 0.9469437003135681, -0.037074606865644455, -0.10302734375], [0.0, 0.0, 0.0, 1.0]], [[0.002233080333098769, 0.9995741844177246, -0.0290937889367342, 0.00372314453125], [-0.025130633264780045, -0.029028579592704773, -0.9992626309394836, 1.5769100189208984], [-0.9996817111968994, 0.0029625718016177416, 0.025055106729269028, -0.0948486328125], [0.0, 0.0, 0.0, 1.0]], [[-0.9348440766334534, 0.3548564612865448, -0.0119716702029109, 0.956298828125], [0.00761445565149188, -0.013672782108187675, -0.9998775124549866, 1.5528984069824219], [-0.354976624250412, -0.9348207712173462, 0.010079880245029926, -0.13353919982910156], [0.0, 0.0, 0.0, 1.0]]], "view": [[0.0, -2.0, 100.0], [-2.0, 0.0, 100.0], [0.0, 0.0, 1.0]], "bev": "bev_7b209356a1d643f894a11387a78acc44.png", "aux": "aux_7b209356a1d643f894a11387a78acc44.npz", "visibility": "visibility_7b209356a1d643f894a11387a78acc44.png", "pose": [[-0.35191062092781067, 0.9360336065292358, 0.0, 1019.162109375], [-0.9360336065292358, -0.35191062092781067, 0.0, 1117.0721435546875], [0.0, 0.0, 1.0, 0.0], [0.0, 0.0, 0.0, 1.0]], "pose_inverse": [[-0.35191062092781067, -0.9360336065292358, 0.0, 1404.27099609375], [0.9360336065292358, -0.35191062092781067, 0.0, -560.8604125976562], [0.0, 0.0, 1.0, 0.0], [0.0, 0.0, 0.0, 1.0]], "cam_ids": [0, 1, 2, 3, 4, 5], "cam_channels": ["CAM_FRONT_LEFT", "CAM_FRONT", "CAM_FRONT_RIGHT", "CAM_BACK_LEFT", "CAM_BACK", "CAM_BACK_RIGHT"], "token": "7b209356a1d643f894a11387a78acc44", "scene": "scene-0138"}, {"images": ["samples/CAM_FRONT_LEFT/n015-2018-08-01-16-41-59+0800__CAM_FRONT_LEFT__1533113236404844.jpg", "samples/CAM_FRONT/n015-2018-08-01-16-41-59+0800__CAM_FRONT__1533113236412460.jpg", "samples/CAM_FRONT_RIGHT/n015-2018-08-01-16-41-59+0800__CAM_FRONT_RIGHT__1533113236420339.jpg", "samples/CAM_BACK_LEFT/n015-2018-08-01-16-41-59+0800__CAM_BACK_LEFT__1533113236447423.jpg", "samples/CAM_BACK/n015-2018-08-01-16-41-59+0800__CAM_BACK__1533113236437525.jpg", "samples/CAM_BACK_RIGHT/n015-2018-08-01-16-41-59+0800__CAM_BACK_RIGHT__1533113236427893.jpg"], "intrinsics": [[[1272.5979470598488, 0.0, 826.6154927353808], [0.0, 1272.5979470598488, 479.75165386361925], [0.0, 0.0, 1.0]], [[1266.417203046554, 0.0, 816.2670197447984], [0.0, 1266.417203046554, 491.50706579294757], [0.0, 0.0, 1.0]], [[1260.8474446004698, 0.0, 807.968244525554], [0.0, 1260.8474446004698, 495.3344268742088], [0.0, 0.0, 1.0]], [[1256.7414812095406, 0.0, 792.1125740759628], [0.0, 1256.7414812095406, 492.7757465151356], [0.0, 0.0, 1.0]], [[809.2209905677063, 0.0, 829.2196003259838], [0.0, 809.2209905677063, 481.77842384512485], [0.0, 0.0, 1.0]], [[1259.5137405846733, 0.0, 807.2529053838625], [0.0, 1259.5137405846733, 501.19579884916527], [0.0, 0.0, 1.0]]], "extrinsics": [[[0.8211344480514526, -0.5707201361656189, 0.00410864595323801, -0.6087646484375], [-0.013261373154819012, -0.026275992393493652, -0.9995667934417725, 1.5025925636291504], [0.570580780506134, 0.8207241296768188, -0.02914465218782425, -1.036041259765625], [0.0, 0.0, 0.0, 1.0]], [[0.006409062072634697, -0.9995220303535461, 0.030242104083299637, 0.0093994140625], [-0.01848350092768669, -0.030355969443917274, -0.9993682503700256, 1.5140233039855957], [0.9998086094856262, 0.00584601704031229, -0.018669219687581062, -1.3367919921875], [0.0, 0.0, 0.0, 1.0]], [[-0.8326460123062134, -0.5535147190093994, 0.01794428378343582, 0.80303955078125], [-0.012794486247003078, -0.013166731223464012, -0.9998314380645752, 1.5001277923583984], [0.5536577105522156, -0.8327351808547974, 0.00388129148632288, -1.0946044921875], [0.0, 0.0, 0.0, 1.0]], [[0.9475940465927124, 0.31900033354759216, -0.017442747950553894, -1.1361083984375], [-0.003691446501761675, -0.04366140440106392, -0.9990395307540894, 1.5885353088378906], [-0.3194555342197418, 0.9467483758926392, -0.04019571840763092, -0.10565185546875], [0.0, 0.0, 0.0, 1.0]], [[0.0018868306651711464, 0.9994311332702637, -0.03367147967219353, 0.00262451171875], [-0.029278090223670006, -0.03360189124941826, -0.9990063905715942, 1.5763015747070312], [-0.9995694756507874, 0.0028707762248814106, 0.02919803559780121, -0.10302734375], [0.0, 0.0, 0.0, 1.0]], [[-0.9350228309631348, 0.3544614017009735, -0.00944521464407444, 0.9481201171875], [0.0031969211995601654, -0.018209055066108704, -0.999829113483429, 1.5521039962768555], [-0.3545728325843811, -0.9348933100700378, 0.015892701223492622, -0.1341266632080078], [0.0, 0.0, 0.0, 1.0]]], "view": [[0.0, -2.0, 100.0], [-2.0, 0.0, 100.0], [0.0, 0.0, 1.0]], "bev": "bev_a3c9826e0a174720beea0dce724ca851.png", "aux": "aux_a3c9826e0a174720beea0dce724ca851.npz", "visibility": "visibility_a3c9826e0a174720beea0dce724ca851.png", "pose": [[-0.3580508828163147, 0.9337020516395569, 0.0, 1017.7144165039062], [-0.9337020516395569, -0.3580508828163147, 0.0, 1113.31298828125], [0.0, 0.0, 1.0, 0.0], [0.0, 0.0, 0.0, 1.0]], "pose_inverse": [[-0.3580508828163147, -0.9337020516395569, 0.0, 1403.896240234375], [0.9337020516395569, -0.3580508828163147, 0.0, -551.619384765625], [0.0, 0.0, 1.0, 0.0], [0.0, 0.0, 0.0, 1.0]], "cam_ids": [0, 1, 2, 3, 4, 5], "cam_channels": ["CAM_FRONT_LEFT", "CAM_FRONT", "CAM_FRONT_RIGHT", "CAM_BACK_LEFT", "CAM_BACK", "CAM_BACK_RIGHT"], "token": "a3c9826e0a174720beea0dce724ca851", "scene": "scene-0138"}, {"images": ["samples/CAM_FRONT_LEFT/n015-2018-08-01-16-41-59+0800__CAM_FRONT_LEFT__1533113236904844.jpg", "samples/CAM_FRONT/n015-2018-08-01-16-41-59+0800__CAM_FRONT__1533113236912460.jpg", "samples/CAM_FRONT_RIGHT/n015-2018-08-01-16-41-59+0800__CAM_FRONT_RIGHT__1533113236920339.jpg", "samples/CAM_BACK_LEFT/n015-2018-08-01-16-41-59+0800__CAM_BACK_LEFT__1533113236947423.jpg", "samples/CAM_BACK/n015-2018-08-01-16-41-59+0800__CAM_BACK__1533113236937525.jpg", "samples/CAM_BACK_RIGHT/n015-2018-08-01-16-41-59+0800__CAM_BACK_RIGHT__1533113236927893.jpg"], "intrinsics": [[[1272.5979470598488, 0.0, 826.6154927353808], [0.0, 1272.5979470598488, 479.75165386361925], [0.0, 0.0, 1.0]], [[1266.417203046554, 0.0, 816.2670197447984], [0.0, 1266.417203046554, 491.50706579294757], [0.0, 0.0, 1.0]], [[1260.8474446004698, 0.0, 807.968244525554], [0.0, 1260.8474446004698, 495.3344268742088], [0.0, 0.0, 1.0]], [[1256.7414812095406, 0.0, 792.1125740759628], [0.0, 1256.7414812095406, 492.7757465151356], [0.0, 0.0, 1.0]], [[809.2209905677063, 0.0, 829.2196003259838], [0.0, 809.2209905677063, 481.77842384512485], [0.0, 0.0, 1.0]], [[1259.5137405846733, 0.0, 807.2529053838625], [0.0, 1259.5137405846733, 501.19579884916527], [0.0, 0.0, 1.0]]], "extrinsics": [[[0.8213495016098022, -0.5703921318054199, 0.006145306397229433, -0.60595703125], [-0.010988401249051094, -0.026592373847961426, -0.9995859861373901, 1.5034384727478027], [0.5703192949295044, 0.8209419846534729, -0.02810933068394661, -1.030609130859375], [0.0, 0.0, 0.0, 1.0]], [[0.006714675575494766, -0.9995095729827881, 0.030586345121264458, 0.00738525390625], [-0.0163516104221344, -0.0306926928460598, -0.9993951320648193, 1.5146307945251465], [0.9998437762260437, 0.0062104640528559685, -0.01654968038201332, -1.33154296875], [0.0, 0.0, 0.0, 1.0]], [[-0.8324905633926392, -0.553793728351593, 0.016493268311023712, 0.797607421875], [-0.010814749635756016, -0.013520588167011738, -0.9998500347137451, 1.5005931854248047], [0.5539336800575256, -0.8325440287590027, 0.005266622174531221, -1.092529296875], [0.0, 0.0, 0.0, 1.0]], [[0.9475845098495483, 0.31908702850341797, -0.0163430143147707, -1.1317138671875], [-0.0024060483556240797, -0.0440230667591095, -0.9990276098251343, 1.5885276794433594], [-0.31949618458747864, 0.9467024207115173, -0.04094783589243889, -0.10723876953125], [0.0, 0.0, 0.0, 1.0]], [[0.0017783435760065913, 0.9994180798530579, -0.03406291827559471, 0.0030517578125], [-0.027727169916033745, -0.034000594168901443, -0.9990371465682983, 1.5763168334960938], [-0.9996139407157898, 0.0027211091946810484, 0.02765056863427162, -0.10791015625], [0.0, 0.0, 0.0, 1.0]], [[-0.9351051449775696, 0.35419121384620667, -0.011267225258052349, 0.9434814453125], [0.005006726365536451, -0.018586913123726845, -0.9998146891593933, 1.5524826049804688], [-0.3543349802494049, -0.9349883198738098, 0.015607379376888275, -0.1367807388305664], [0.0, 0.0, 0.0, 1.0]]], "view": [[0.0, -2.0, 100.0], [-2.0, 0.0, 100.0], [0.0, 0.0, 1.0]], "bev": "bev_c328a00b41884ca2ba50e20227752daa.png", "aux": "aux_c328a00b41884ca2ba50e20227752daa.npz", "visibility": "visibility_c328a00b41884ca2ba50e20227752daa.png", "pose": [[-0.36408936977386475, 0.9313639998435974, 0.0, 1015.88671875], [-0.9313639998435974, -0.36408936977386475, 0.0, 1108.6259765625], [0.0, 0.0, 1.0, 0.0], [0.0, 0.0, 0.0, 1.0]], "pose_inverse": [[-0.36408936977386475, -0.9313639998435974, 0.0, 1402.4078369140625], [0.9313639998435974, -0.36408936977386475, 0.0, -542.5214233398438], [0.0, 0.0, 1.0, 0.0], [0.0, 0.0, 0.0, 1.0]], "cam_ids": [0, 1, 2, 3, 4, 5], "cam_channels": ["CAM_FRONT_LEFT", "CAM_FRONT", "CAM_FRONT_RIGHT", "CAM_BACK_LEFT", "CAM_BACK", "CAM_BACK_RIGHT"], "token": "c328a00b41884ca2ba50e20227752daa", "scene": "scene-0138"}, {"images": ["samples/CAM_FRONT_LEFT/n015-2018-08-01-16-41-59+0800__CAM_FRONT_LEFT__1533113237404844.jpg", "samples/CAM_FRONT/n015-2018-08-01-16-41-59+0800__CAM_FRONT__1533113237412460.jpg", "samples/CAM_FRONT_RIGHT/n015-2018-08-01-16-41-59+0800__CAM_FRONT_RIGHT__1533113237420339.jpg", "samples/CAM_BACK_LEFT/n015-2018-08-01-16-41-59+0800__CAM_BACK_LEFT__1533113237447423.jpg", "samples/CAM_BACK/n015-2018-08-01-16-41-59+0800__CAM_BACK__1533113237437525.jpg", "samples/CAM_BACK_RIGHT/n015-2018-08-01-16-41-59+0800__CAM_BACK_RIGHT__1533113237427893.jpg"], "intrinsics": [[[1272.5979470598488, 0.0, 826.6154927353808], [0.0, 1272.5979470598488, 479.75165386361925], [0.0, 0.0, 1.0]], [[1266.417203046554, 0.0, 816.2670197447984], [0.0, 1266.417203046554, 491.50706579294757], [0.0, 0.0, 1.0]], [[1260.8474446004698, 0.0, 807.968244525554], [0.0, 1260.8474446004698, 495.3344268742088], [0.0, 0.0, 1.0]], [[1256.7414812095406, 0.0, 792.1125740759628], [0.0, 1256.7414812095406, 492.7757465151356], [0.0, 0.0, 1.0]], [[809.2209905677063, 0.0, 829.2196003259838], [0.0, 809.2209905677063, 481.77842384512485], [0.0, 0.0, 1.0]], [[1259.5137405846733, 0.0, 807.2529053838625], [0.0, 1259.5137405846733, 501.19579884916527], [0.0, 0.0, 1.0]]], "extrinsics": [[[0.8204134106636047, -0.5716373324394226, 0.012354222126305103, -0.6011962890625], [-0.0054084607400000095, -0.029364580288529396, -0.9995540976524353, 1.5058660507202148], [0.5717450976371765, 0.8199808597564697, -0.027182769030332565, -1.027069091796875], [0.0, 0.0, 0.0, 1.0]], [[0.005213068798184395, -0.999432384967804, 0.033280741423368454, 0.00738525390625], [-0.010790440253913403, -0.03333548083901405, -0.9993860125541687, 1.516587734222412], [0.9999282360076904, 0.004850786179304123, -0.010958096943795681, -1.3255615234375], [0.0, 0.0, 0.0, 1.0]], [[-0.8331769704818726, -0.5528479218482971, 0.013242059387266636, 0.79266357421875], [-0.005244110710918903, -0.016045821830630302, -0.999857485294342, 1.5021384954452515], [0.5529816150665283, -0.8331276774406433, 0.010469815693795681, -1.0894775390625], [0.0, 0.0, 0.0, 1.0]], [[0.9476751685142517, 0.319023072719574, -0.011661432683467865, -1.1326904296875], [0.0031022068578749895, -0.04573042690753937, -0.9989489912986755, 1.5885887145996094], [-0.31922104954719543, 0.946643054485321, -0.0443272665143013, -0.1070556640625], [0.0, 0.0, 0.0, 1.0]], [[0.002376602729782462, 0.9993466734886169, -0.03606630116701126, 0.0030517578125], [-0.02218409813940525, -0.03600483760237694, -0.9991053938865662, 1.5768795013427734], [-0.999751091003418, 0.003174611832946539, 0.022084031254053116, -0.1097412109375], [0.0, 0.0, 0.0, 1.0]], [[-0.9347350597381592, 0.35492321848869324, -0.01731538586318493, 0.93896484375], [0.010562991723418236, -0.020953882485628128, -0.9997246265411377, 1.5536785125732422], [-0.3551883101463318, -0.9346606731414795, 0.015837278217077255, -0.1383991241455078], [0.0, 0.0, 0.0, 1.0]]], "view": [[0.0, -2.0, 100.0], [-2.0, 0.0, 100.0], [0.0, 0.0, 1.0]], "bev": "bev_60be51dda9a843ce8a4ad621b4aeb346.png", "aux": "aux_60be51dda9a843ce8a4ad621b4aeb346.npz", "visibility": "visibility_60be51dda9a843ce8a4ad621b4aeb346.png", "pose": [[-0.36292901635169983, 0.931816816329956, 0.0, 1014.0616455078125], [-0.931816816329956, -0.36292901635169983, 0.0, 1104.005859375], [0.0, 0.0, 1.0, 0.0], [0.0, 0.0, 0.0, 1.0]], "pose_inverse": [[-0.36292901635169983, -0.931816816329956, 0.0, 1396.7635498046875], [0.931816816329956, -0.36292901635169983, 0.0, -544.2439575195312], [0.0, 0.0, 1.0, 0.0], [0.0, 0.0, 0.0, 1.0]], "cam_ids": [0, 1, 2, 3, 4, 5], "cam_channels": ["CAM_FRONT_LEFT", "CAM_FRONT", "CAM_FRONT_RIGHT", "CAM_BACK_LEFT", "CAM_BACK", "CAM_BACK_RIGHT"], "token": "60be51dda9a843ce8a4ad621b4aeb346", "scene": "scene-0138"}, {"images": ["samples/CAM_FRONT_LEFT/n015-2018-08-01-16-41-59+0800__CAM_FRONT_LEFT__1533113237904844.jpg", "samples/CAM_FRONT/n015-2018-08-01-16-41-59+0800__CAM_FRONT__1533113237912460.jpg", "samples/CAM_FRONT_RIGHT/n015-2018-08-01-16-41-59+0800__CAM_FRONT_RIGHT__1533113237920339.jpg", "samples/CAM_BACK_LEFT/n015-2018-08-01-16-41-59+0800__CAM_BACK_LEFT__1533113237947423.jpg", "samples/CAM_BACK/n015-2018-08-01-16-41-59+0800__CAM_BACK__1533113237937525.jpg", "samples/CAM_BACK_RIGHT/n015-2018-08-01-16-41-59+0800__CAM_BACK_RIGHT__1533113237927893.jpg"], "intrinsics": [[[1272.5979470598488, 0.0, 826.6154927353808], [0.0, 1272.5979470598488, 479.75165386361925], [0.0, 0.0, 1.0]], [[1266.417203046554, 0.0, 816.2670197447984], [0.0, 1266.417203046554, 491.50706579294757], [0.0, 0.0, 1.0]], [[1260.8474446004698, 0.0, 807.968244525554], [0.0, 1260.8474446004698, 495.3344268742088], [0.0, 0.0, 1.0]], [[1256.7414812095406, 0.0, 792.1125740759628], [0.0, 1256.7414812095406, 492.7757465151356], [0.0, 0.0, 1.0]], [[809.2209905677063, 0.0, 829.2196003259838], [0.0, 809.2209905677063, 481.77842384512485], [0.0, 0.0, 1.0]], [[1259.5137405846733, 0.0, 807.2529053838625], [0.0, 1259.5137405846733, 501.19579884916527], [0.0, 0.0, 1.0]]], "extrinsics": [[[0.8204978108406067, -0.5716453790664673, 0.0021920306608080864, -0.606201171875], [-0.010575896129012108, -0.019013553857803345, -0.9997633099555969, 1.5037117004394531], [0.5715517401695251, 0.8202804327011108, -0.02164624072611332, -1.034210205078125], [0.0, 0.0, 0.0, 1.0]], [[0.005499260500073433, -0.9997230172157288, 0.02288099378347397, 0.009765625], [-0.015936143696308136, -0.0229660477489233, -0.9996092319488525, 1.5148577690124512], [0.9998578429222107, 0.0051324269734323025, -0.016058025881648064, -1.332275390625], [0.0, 0.0, 0.0, 1.0]], [[-0.8330004215240479, -0.5531471967697144, 0.01176767610013485, 0.79827880859375], [-0.010374085046350956, -0.005649918224662542, -0.999930202960968, 1.5007247924804688], [0.5531750917434692, -0.8330643773078918, -0.0010320135625079274, -1.0906982421875], [0.0, 0.0, 0.0, 1.0]], [[0.9476690292358398, 0.3189897835254669, -0.012995022349059582, -1.1292724609375], [-0.0017365900566801429, -0.03555309399962425, -0.999366283416748, 1.5885372161865234], [-0.31924960017204285, 0.9470909833908081, -0.033138614147901535, -0.1082763671875], [0.0, 0.0, 0.0, 1.0]], [[0.0022254709620028734, 0.9996650815010071, -0.025782672688364983, 0.0020751953125], [-0.02716675214469433, -0.02571278065443039, -0.9993001818656921, 1.5763397216796875], [-0.9996284246444702, 0.0029243428725749254, 0.02710042893886566, -0.110107421875], [0.0, 0.0, 0.0, 1.0]], [[-0.9348614811897278, 0.3549022674560547, -0.008850297890603542, 0.9415283203125], [0.005460941232740879, -0.010550654493272305, -0.9999294281005859, 1.5525989532470703], [-0.35497063398361206, -0.934843897819519, 0.007925299927592278, -0.13581275939941406], [0.0, 0.0, 0.0, 1.0]]], "view": [[0.0, -2.0, 100.0], [-2.0, 0.0, 100.0], [0.0, 0.0, 1.0]], "bev": "bev_87f7d8b3c55549e38e5567c3bcfb6224.png", "aux": "aux_87f7d8b3c55549e38e5567c3bcfb6224.npz", "visibility": "visibility_87f7d8b3c55549e38e5567c3bcfb6224.png", "pose": [[-0.3541666269302368, 0.9351823329925537, 0.0, 1012.2573852539062], [-0.9351823329925537, -0.3541666269302368, 0.0, 1099.3748779296875], [0.0, 0.0, 1.0, 0.0], [0.0, 0.0, 0.0, 1.0]], "pose_inverse": [[-0.3541666269302368, -0.9351823329925537, 0.0, 1386.623779296875], [0.9351823329925537, -0.3541666269302368, 0.0, -557.2833251953125], [0.0, 0.0, 1.0, 0.0], [0.0, 0.0, 0.0, 1.0]], "cam_ids": [0, 1, 2, 3, 4, 5], "cam_channels": ["CAM_FRONT_LEFT", "CAM_FRONT", "CAM_FRONT_RIGHT", "CAM_BACK_LEFT", "CAM_BACK", "CAM_BACK_RIGHT"], "token": "87f7d8b3c55549e38e5567c3bcfb6224", "scene": "scene-0138"}, {"images": ["samples/CAM_FRONT_LEFT/n015-2018-08-01-16-41-59+0800__CAM_FRONT_LEFT__1533113238354844.jpg", "samples/CAM_FRONT/n015-2018-08-01-16-41-59+0800__CAM_FRONT__1533113238362568.jpg", "samples/CAM_FRONT_RIGHT/n015-2018-08-01-16-41-59+0800__CAM_FRONT_RIGHT__1533113238370520.jpg", "samples/CAM_BACK_LEFT/n015-2018-08-01-16-41-59+0800__CAM_BACK_LEFT__1533113238397423.jpg", "samples/CAM_BACK/n015-2018-08-01-16-41-59+0800__CAM_BACK__1533113238387525.jpg", "samples/CAM_BACK_RIGHT/n015-2018-08-01-16-41-59+0800__CAM_BACK_RIGHT__1533113238377893.jpg"], "intrinsics": [[[1272.5979470598488, 0.0, 826.6154927353808], [0.0, 1272.5979470598488, 479.75165386361925], [0.0, 0.0, 1.0]], [[1266.417203046554, 0.0, 816.2670197447984], [0.0, 1266.417203046554, 491.50706579294757], [0.0, 0.0, 1.0]], [[1260.8474446004698, 0.0, 807.968244525554], [0.0, 1260.8474446004698, 495.3344268742088], [0.0, 0.0, 1.0]], [[1256.7414812095406, 0.0, 792.1125740759628], [0.0, 1256.7414812095406, 492.7757465151356], [0.0, 0.0, 1.0]], [[809.2209905677063, 0.0, 829.2196003259838], [0.0, 809.2209905677063, 481.77842384512485], [0.0, 0.0, 1.0]], [[1259.5137405846733, 0.0, 807.2529053838625], [0.0, 1259.5137405846733, 501.19579884916527], [0.0, 0.0, 1.0]]], "extrinsics": [[[0.8203355669975281, -0.571882426738739, 0.0003225497785024345, -0.61181640625], [-0.007931217551231384, -0.01194087415933609, -0.9998972415924072, 1.504903793334961], [0.5718274712562561, 0.8202486634254456, -0.01433124765753746, -1.03887939453125], [0.0, 0.0, 0.0, 1.0]], [[0.005152230150997639, -0.9998635649681091, 0.015693005174398422, 0.0101318359375], [-0.013327234424650669, -0.015760477632284164, -0.9997870326042175, 1.5158991813659668], [0.9998978972434998, 0.004941972438246012, -0.013406616635620594, -1.3406982421875], [0.0, 0.0, 0.0, 1.0]], [[-0.8331925868988037, -0.5529548525810242, 0.005572820547968149, 0.80584716796875], [-0.007802174426615238, 0.0016783850733190775, -0.9999681711196899, 1.5015068054199219], [0.5529279112815857, -0.8332094550132751, -0.005712667480111122, -1.0953369140625], [0.0, 0.0, 0.0, 1.0]], [[0.9477499723434448, 0.31890109181404114, -0.008485031314194202, -1.133544921875], [0.0004215371154714376, -0.02784954570233822, -0.9996119737625122, 1.5885486602783203], [-0.31901365518569946, 0.9473786950111389, -0.02652883715927601, -0.1063232421875], [0.0, 0.0, 0.0, 1.0]], [[0.00248856283724308, 0.9998313188552856, -0.018200190737843513, 0.00225830078125], [-0.024819988757371902, -0.018132884055376053, -0.9995274543762207, 1.5767345428466797], [-0.9996888637542725, 0.002939139027148485, 0.024770673364400864, -0.1044921875], [0.0, 0.0, 0.0, 1.0]], [[-0.934740424156189, 0.3552284836769104, -0.008550095371901989, 0.94775390625], [0.007964830845594406, -0.0031099305488169193, -0.9999634027481079, 1.553055763244629], [-0.3552420735359192, -0.9347742795944214, 7.764221663819626e-05, -0.1334075927734375], [0.0, 0.0, 0.0, 1.0]]], "view": [[0.0, -2.0, 100.0], [-2.0, 0.0, 100.0], [0.0, 0.0, 1.0]], "bev": "bev_a0473d05eed342348f3e0cd34e1ac8cc.png", "aux": "aux_a0473d05eed342348f3e0cd34e1ac8cc.npz", "visibility": "visibility_a0473d05eed342348f3e0cd34e1ac8cc.png", "pose": [[-0.3450695276260376, 0.9385771155357361, 0.0, 1010.6722412109375], [-0.9385771155357361, -0.3450695276260376, 0.0, 1095.239501953125], [0.0, 0.0, 1.0, 0.0], [0.0, 0.0, 0.0, 1.0]], "pose_inverse": [[-0.3450695276260376, -0.9385771155357361, 0.0, 1376.7188720703125], [0.9385771155357361, -0.3450695276260376, 0.0, -570.6600952148438], [0.0, 0.0, 1.0, 0.0], [0.0, 0.0, 0.0, 1.0]], "cam_ids": [0, 1, 2, 3, 4, 5], "cam_channels": ["CAM_FRONT_LEFT", "CAM_FRONT", "CAM_FRONT_RIGHT", "CAM_BACK_LEFT", "CAM_BACK", "CAM_BACK_RIGHT"], "token": "a0473d05eed342348f3e0cd34e1ac8cc", "scene": "scene-0138"}, {"images": ["samples/CAM_FRONT_LEFT/n015-2018-08-01-16-41-59+0800__CAM_FRONT_LEFT__1533113238854844.jpg", "samples/CAM_FRONT/n015-2018-08-01-16-41-59+0800__CAM_FRONT__1533113238862460.jpg", "samples/CAM_FRONT_RIGHT/n015-2018-08-01-16-41-59+0800__CAM_FRONT_RIGHT__1533113238870339.jpg", "samples/CAM_BACK_LEFT/n015-2018-08-01-16-41-59+0800__CAM_BACK_LEFT__1533113238897423.jpg", "samples/CAM_BACK/n015-2018-08-01-16-41-59+0800__CAM_BACK__1533113238887525.jpg", "samples/CAM_BACK_RIGHT/n015-2018-08-01-16-41-59+0800__CAM_BACK_RIGHT__1533113238877893.jpg"], "intrinsics": [[[1272.5979470598488, 0.0, 826.6154927353808], [0.0, 1272.5979470598488, 479.75165386361925], [0.0, 0.0, 1.0]], [[1266.417203046554, 0.0, 816.2670197447984], [0.0, 1266.417203046554, 491.50706579294757], [0.0, 0.0, 1.0]], [[1260.8474446004698, 0.0, 807.968244525554], [0.0, 1260.8474446004698, 495.3344268742088], [0.0, 0.0, 1.0]], [[1256.7414812095406, 0.0, 792.1125740759628], [0.0, 1256.7414812095406, 492.7757465151356], [0.0, 0.0, 1.0]], [[809.2209905677063, 0.0, 829.2196003259838], [0.0, 809.2209905677063, 481.77842384512485], [0.0, 0.0, 1.0]], [[1259.5137405846733, 0.0, 807.2529053838625], [0.0, 1259.5137405846733, 501.19579884916527], [0.0, 0.0, 1.0]]], "extrinsics": [[[0.820530116558075, -0.5715466737747192, -0.008037300780415535, -0.6083984375], [-0.01931760273873806, -0.013674519956111908, -0.9997198581695557, 1.4999713897705078], [0.5712766647338867, 0.8204555511474609, -0.02226126752793789, -1.037109375], [0.0, 0.0, 0.0, 1.0]], [[0.005669950507581234, -0.9998268485069275, 0.01772242970764637, 0.01043701171875], [-0.02485179528594017, -0.017858128994703293, -0.999531626701355, 1.5117778778076172], [0.9996750354766846, 0.0052268593572080135, -0.02494874596595764, -1.337890625], [0.0, 0.0, 0.0, 1.0]], [[-0.8329261541366577, -0.5531331896781921, 0.01666349358856678, 0.80450439453125], [-0.01945767179131508, -0.0008199260337278247, -0.9998102784156799, 1.4982872009277344], [0.5530418753623962, -0.833092451095581, -0.010079744271934032, -1.0941162109375], [0.0, 0.0, 0.0, 1.0]], [[0.947462260723114, 0.31916335225105286, -0.021213121712207794, -1.135498046875], [-0.011508150957524776, -0.0322628952562809, -0.9994131922721863, 1.5884935855865479], [-0.3196604549884796, 0.9471503496170044, -0.02689489722251892, -0.10675048828125], [0.0, 0.0, 0.0, 1.0]], [[0.002062820130959153, 0.9997586607933044, -0.02186894603073597, 0.001708984375], [-0.03669067844748497, -0.021778598427772522, -0.9990893602371216, 1.5755882263183594], [-0.9993245005607605, 0.0028633016627281904, 0.03663690388202667, -0.1015625], [0.0, 0.0, 0.0, 1.0]], [[-0.9348481893539429, 0.355044960975647, 0.001388360047712922, 0.94921875], [-0.003798034740611911, -0.006090107839554548, -0.999974250793457, 1.5507062673568726], [-0.355027437210083, -0.9348293542861938, 0.00704179797321558, -0.13253021240234375], [0.0, 0.0, 0.0, 1.0]]], "view": [[0.0, -2.0, 100.0], [-2.0, 0.0, 100.0], [0.0, 0.0, 1.0]], "bev": "bev_f5b3d12f82f24f04a3107ec0fb1b3261.png", "aux": "aux_f5b3d12f82f24f04a3107ec0fb1b3261.npz", "visibility": "visibility_f5b3d12f82f24f04a3107ec0fb1b3261.png", "pose": [[-0.3335966169834137, 0.9427158832550049, 0.0, 1008.9584350585938], [-0.9427158832550049, -0.3335966169834137, 0.0, 1090.5802001953125], [0.0, 0.0, 1.0, 0.0], [0.0, 0.0, 0.0, 1.0]], "pose_inverse": [[-0.3335966169834137, -0.9427158832550049, 0.0, 1364.6923828125], [0.9427158832550049, -0.3335966169834137, 0.0, -587.3472900390625], [0.0, 0.0, 1.0, 0.0], [0.0, 0.0, 0.0, 1.0]], "cam_ids": [0, 1, 2, 3, 4, 5], "cam_channels": ["CAM_FRONT_LEFT", "CAM_FRONT", "CAM_FRONT_RIGHT", "CAM_BACK_LEFT", "CAM_BACK", "CAM_BACK_RIGHT"], "token": "f5b3d12f82f24f04a3107ec0fb1b3261", "scene": "scene-0138"}, {"images": ["samples/CAM_FRONT_LEFT/n015-2018-08-01-16-41-59+0800__CAM_FRONT_LEFT__1533113239354844.jpg", "samples/CAM_FRONT/n015-2018-08-01-16-41-59+0800__CAM_FRONT__1533113239362460.jpg", "samples/CAM_FRONT_RIGHT/n015-2018-08-01-16-41-59+0800__CAM_FRONT_RIGHT__1533113239370339.jpg", "samples/CAM_BACK_LEFT/n015-2018-08-01-16-41-59+0800__CAM_BACK_LEFT__1533113239397423.jpg", "samples/CAM_BACK/n015-2018-08-01-16-41-59+0800__CAM_BACK__1533113239387525.jpg", "samples/CAM_BACK_RIGHT/n015-2018-08-01-16-41-59+0800__CAM_BACK_RIGHT__1533113239377893.jpg"], "intrinsics": [[[1272.5979470598488, 0.0, 826.6154927353808], [0.0, 1272.5979470598488, 479.75165386361925], [0.0, 0.0, 1.0]], [[1266.417203046554, 0.0, 816.2670197447984], [0.0, 1266.417203046554, 491.50706579294757], [0.0, 0.0, 1.0]], [[1260.8474446004698, 0.0, 807.968244525554], [0.0, 1260.8474446004698, 495.3344268742088], [0.0, 0.0, 1.0]], [[1256.7414812095406, 0.0, 792.1125740759628], [0.0, 1256.7414812095406, 492.7757465151356], [0.0, 0.0, 1.0]], [[809.2209905677063, 0.0, 829.2196003259838], [0.0, 809.2209905677063, 481.77842384512485], [0.0, 0.0, 1.0]], [[1259.5137405846733, 0.0, 807.2529053838625], [0.0, 1259.5137405846733, 501.19579884916527], [0.0, 0.0, 1.0]]], "extrinsics": [[[0.8201456069946289, -0.5721248388290405, 0.005857577081769705, -0.6141357421875], [-0.011092906817793846, -0.02613592892885208, -0.9995968341827393, 1.5037144422531128], [0.5720472931861877, 0.8197499513626099, -0.02778179571032524, -1.043243408203125], [0.0, 0.0, 0.0, 1.0]], [[0.004961403086781502, -0.9995348453521729, 0.03009016625583172, 0.0118408203125], [-0.016365429386496544, -0.03016767092049122, -0.9994109272956848, 1.515014886856079], [0.9998537302017212, 0.0044660409912467, -0.01650749146938324, -1.345703125], [0.0, 0.0, 0.0, 1.0]], [[-0.8332444429397583, -0.5526703000068665, 0.016100415959954262, 0.81170654296875], [-0.010720941238105297, -0.012964281253516674, -0.9998584985733032, 1.5008277893066406], [0.5528008341789246, -0.8332991003990173, 0.004877270199358463, -1.0975341796875], [0.0, 0.0, 0.0, 1.0]], [[0.9474034309387207, 0.3196512758731842, -0.015805859118700027, -1.1427001953125], [-0.001997686456888914, -0.04347945749759674, -0.9990522861480713, 1.5886459350585938], [-0.32003554701805115, 0.9465371370315552, -0.040554024279117584, -0.105712890625], [0.0, 0.0, 0.0, 1.0]], [[0.