[{"images": ["samples/CAM_FRONT_LEFT/n008-2018-07-26-12-13-50-0400__CAM_FRONT_LEFT__1532621858604799.jpg", "samples/CAM_FRONT/n008-2018-07-26-12-13-50-0400__CAM_FRONT__1532621858612404.jpg", "samples/CAM_FRONT_RIGHT/n008-2018-07-26-12-13-50-0400__CAM_FRONT_RIGHT__1532621858620482.jpg", "samples/CAM_BACK_LEFT/n008-2018-07-26-12-13-50-0400__CAM_BACK_LEFT__1532621858647405.jpg", "samples/CAM_BACK/n008-2018-07-26-12-13-50-0400__CAM_BACK__1532621858637558.jpg", "samples/CAM_BACK_RIGHT/n008-2018-07-26-12-13-50-0400__CAM_BACK_RIGHT__1532621858628113.jpg"], "intrinsics": [[[1257.8625342125129, 0.0, 827.2410631095686], [0.0, 1257.8625342125129, 450.915498205774], [0.0, 0.0, 1.0]], [[1252.8131021185304, 0.0, 826.588114781398], [0.0, 1252.8131021185304, 469.9846626224581], [0.0, 0.0, 1.0]], [[1256.7485116440405, 0.0, 817.7887570959712], [0.0, 1256.7485116440403, 451.9541780095127], [0.0, 0.0, 1.0]], [[1254.9860565800168, 0.0, 829.5769333630991], [0.0, 1254.9860565800168, 467.1680561863987], [0.0, 0.0, 1.0]], [[796.8910634503094, 0.0, 857.7774326863696], [0.0, 796.8910634503094, 476.8848988407415], [0.0, 0.0, 1.0]], [[1249.9629280788233, 0.0, 825.3768045375984], [0.0, 1249.9629280788233, 462.54816385708756], [0.0, 0.0, 1.0]]], "extrinsics": [[[0.8227493762969971, -0.5679319500923157, 0.023167390376329422, -0.6341552734375], [0.0166933573782444, -0.016597971320152283, -0.9997228980064392, 1.4958324432373047], [0.5681591033935547, 0.8229081034660339, -0.004175280686467886, -1.0809326171875], [0.0, 0.0, 0.0, 1.0]], [[0.01067446544766426, -0.9997226595878601, 0.020990729331970215, 0.0118408203125], [0.018689779564738274, -0.02078878879547119, -0.9996091723442078, 1.487152099609375], [0.9997683763504028, 0.011062604375183582, 0.018462687730789185, -1.363525390625], [0.0, 0.0, 0.0, 1.0]], [[-0.8436516523361206, -0.5368490219116211, -0.006711752153933048, 0.847900390625], [0.02675517275929451, -0.02955324575304985, -0.9992050528526306, 1.5008563995361328], [0.5362238883972168, -0.8431605696678162, 0.03929613530635834, -1.12103271484375], [0.0, 0.0, 0.0, 1.0]], [[0.9477788209915161, 0.31890955567359924, -0.003450817195698619, -1.132568359375], [0.0012550794053822756, -0.014549537561833858, -0.9998933672904968, 1.5620641708374023], [-0.31892579793930054, 0.9476734399795532, -0.014190001413226128, -0.160430908203125], [0.0, 0.0, 0.0, 1.0]], [[0.008916708640754223, 0.9997178912162781, -0.0220108013600111, -0.02874755859375], [0.003465351415798068, -0.02204243652522564, -0.9997509717941284, 1.5684757232666016], [-0.9999542236328125, 0.008838213980197906, -0.003660920774564147, -0.0693359375], [0.0, 0.0, 0.0, 1.0]], [[-0.9237295985221863, 0.38227903842926025, -0.024215126410126686, 0.9652099609375], [0.007695149630308151, -0.04468459635972977, -0.9989715218544006, 1.54949951171875], [-0.38296788930892944, -0.922965943813324, 0.038334790617227554, -0.123291015625], [0.0, 0.0, 0.0, 1.0]]], "view": [[0.0, -2.0, 100.0], [-2.0, 0.0, 100.0], [0.0, 0.0, 1.0]], "bev": "bev_90021a2f857744c2a3be1dd9d110ba8f.png", "aux": "aux_90021a2f857744c2a3be1dd9d110ba8f.npz", "visibility": "visibility_90021a2f857744c2a3be1dd9d110ba8f.png", "pose": [[0.9999303817749023, -0.011799002066254616, 0.0, 2009.8709716796875], [0.011799002066254616, 0.9999303817749023, 0.0, 871.80615234375], [0.0, 0.0, 1.0, 0.0], [0.0, 0.0, 0.0, 1.0]], "pose_inverse": [[0.9999303817749023, 0.011799002066254616, 0.0, -2020.0174560546875], [-0.011799002066254616, 0.9999303817749023, 0.0, -848.031005859375], [0.0, 0.0, 1.0, 0.0], [0.0, 0.0, 0.0, 1.0]], "cam_ids": [0, 1, 2, 3, 4, 5], "cam_channels": ["CAM_FRONT_LEFT", "CAM_FRONT", "CAM_FRONT_RIGHT", "CAM_BACK_LEFT", "CAM_BACK", "CAM_BACK_RIGHT"], "token": "90021a2f857744c2a3be1dd9d110ba8f", "scene": "scene-0206"}, {"images": ["samples/CAM_FRONT_LEFT/n008-2018-07-26-12-13-50-0400__CAM_FRONT_LEFT__1532621859104799.jpg", "samples/CAM_FRONT/n008-2018-07-26-12-13-50-0400__CAM_FRONT__1532621859112404.jpg", "samples/CAM_FRONT_RIGHT/n008-2018-07-26-12-13-50-0400__CAM_FRONT_RIGHT__1532621859120482.jpg", "samples/CAM_BACK_LEFT/n008-2018-07-26-12-13-50-0400__CAM_BACK_LEFT__1532621859147405.jpg", "samples/CAM_BACK/n008-2018-07-26-12-13-50-0400__CAM_BACK__1532621859137558.jpg", "samples/CAM_BACK_RIGHT/n008-2018-07-26-12-13-50-0400__CAM_BACK_RIGHT__1532621859128113.jpg"], "intrinsics": [[[1257.8625342125129, 0.0, 827.2410631095686], [0.0, 1257.8625342125129, 450.915498205774], [0.0, 0.0, 1.0]], [[1252.8131021185304, 0.0, 826.588114781398], [0.0, 1252.8131021185304, 469.9846626224581], [0.0, 0.0, 1.0]], [[1256.7485116440405, 0.0, 817.7887570959712], [0.0, 1256.7485116440403, 451.9541780095127], [0.0, 0.0, 1.0]], [[1254.9860565800168, 0.0, 829.5769333630991], [0.0, 1254.9860565800168, 467.1680561863987], [0.0, 0.0, 1.0]], [[796.8910634503094, 0.0, 857.7774326863696], [0.0, 796.8910634503094, 476.8848988407415], [0.0, 0.0, 1.0]], [[1249.9629280788233, 0.0, 825.3768045375984], [0.0, 1249.9629280788233, 462.54816385708756], [0.0, 0.0, 1.0]]], "extrinsics": [[[0.8226137757301331, -0.5683118104934692, 0.018119962885975838, -0.6290283203125], [0.010424980893731117, -0.016787778586149216, -0.999804675579071, 1.4930806159973145], [0.5685049891471863, 0.8226420283317566, -0.007885216735303402, -1.0760498046875], [0.0, 0.0, 0.0, 1.0]], [[0.010381640866398811, -0.999729335308075, 0.020817723125219345, 0.01104736328125], [0.01219313032925129, -0.020690735429525375, -0.9997115731239319, 1.4847936630249023], [0.9998717308044434, 0.010632479563355446, 0.011975027620792389, -1.3580322265625], [0.0, 0.0, 0.0, 1.0]], [[-0.8438844680786133, -0.5365234017372131, -0.0012519771698862314, 0.844482421875], [0.020016688853502274, -0.029151713475584984, -0.999374508857727, 1.4989757537841797], [0.5361513495445251, -0.8433817625045776, 0.03534010052680969, -1.119537353515625], [0.0, 0.0, 0.0, 1.0]], [[0.9480625987052917, 0.31793591380119324, -0.009697492234408855, -1.132080078125], [-0.005748290102928877, -0.013357184827327728, -0.9998942613601685, 1.5619564056396484], [-0.31803184747695923, 0.9480180740356445, -0.010835856199264526, -0.1586151123046875], [0.0, 0.0, 0.0, 1.0]], [[0.009379500523209572, 0.9997332096099854, -0.021107470616698265, -0.02777099609375], [-0.003529059235006571, -0.02107517421245575, -0.9997716546058655, 1.567657470703125], [-0.9999498128890991, 0.009451846592128277, 0.0033304430544376373, -0.070556640625], [0.0, 0.0, 0.0, 1.0]], [[-0.9237427115440369, 0.3826090395450592, -0.017600223422050476, 0.962890625], [0.000806292868219316, -0.04400930553674698, -0.9990308284759521, 1.54803466796875], [-0.3830128014087677, -0.9228615760803223, 0.04034477844834328, -0.124755859375], [0.0, 0.0, 0.0, 1.0]]], "view": [[0.0, -2.0, 100.0], [-2.0, 0.0, 100.0], [0.0, 0.0, 1.0]], "bev": "bev_21538505a80046baab6c73c6bae44511.png", "aux": "aux_21538505a80046baab6c73c6bae44511.npz", "visibility": "visibility_21538505a80046baab6c73c6bae44511.png", "pose": [[0.9999373555183411, -0.011192923411726952, 0.0, 2014.9930419921875], [0.011192923411726952, 0.9999373555183411, 0.0, 871.8473510742188], [0.0, 0.0, 1.0, 0.0], [0.0, 0.0, 0.0, 1.0]], "pose_inverse": [[0.9999373555183411, 0.011192923411726952, 0.0, -2024.6253662109375], [-0.011192923411726952, 0.9999373555183411, 0.0, -849.2390747070312], [0.0, 0.0, 1.0, 0.0], [0.0, 0.0, 0.0, 1.0]], "cam_ids": [0, 1, 2, 3, 4, 5], "cam_channels": ["CAM_FRONT_LEFT", "CAM_FRONT", "CAM_FRONT_RIGHT", "CAM_BACK_LEFT", "CAM_BACK", "CAM_BACK_RIGHT"], "token": "21538505a80046baab6c73c6bae44511", "scene": "scene-0206"}, {"images": ["samples/CAM_FRONT_LEFT/n008-2018-07-26-12-13-50-0400__CAM_FRONT_LEFT__1532621859604799.jpg", "samples/CAM_FRONT/n008-2018-07-26-12-13-50-0400__CAM_FRONT__1532621859612404.jpg", "samples/CAM_FRONT_RIGHT/n008-2018-07-26-12-13-50-0400__CAM_FRONT_RIGHT__1532621859620482.jpg", "samples/CAM_BACK_LEFT/n008-2018-07-26-12-13-50-0400__CAM_BACK_LEFT__1532621859647405.jpg", "samples/CAM_BACK/n008-2018-07-26-12-13-50-0400__CAM_BACK__1532621859637558.jpg", "samples/CAM_BACK_RIGHT/n008-2018-07-26-12-13-50-0400__CAM_BACK_RIGHT__1532621859628113.jpg"], "intrinsics": [[[1257.8625342125129, 0.0, 827.2410631095686], [0.0, 1257.8625342125129, 450.915498205774], [0.0, 0.0, 1.0]], [[1252.8131021185304, 0.0, 826.588114781398], [0.0, 1252.8131021185304, 469.9846626224581], [0.0, 0.0, 1.0]], [[1256.7485116440405, 0.0, 817.7887570959712], [0.0, 1256.7485116440403, 451.9541780095127], [0.0, 0.0, 1.0]], [[1254.9860565800168, 0.0, 829.5769333630991], [0.0, 1254.9860565800168, 467.1680561863987], [0.0, 0.0, 1.0]], [[796.8910634503094, 0.0, 857.7774326863696], [0.0, 796.8910634503094, 476.8848988407415], [0.0, 0.0, 1.0]], [[1249.9629280788233, 0.0, 825.3768045375984], [0.0, 1249.9629280788233, 462.54816385708756], [0.0, 0.0, 1.0]]], "extrinsics": [[[0.8225418329238892, -0.5684049129486084, 0.018460439518094063, -0.6314697265625], [0.012245931662619114, -0.014750495553016663, -0.9998161792755127, 1.4938926696777344], [0.5685727596282959, 0.822616696357727, -0.005172254052013159, -1.08203125], [0.0, 0.0, 0.0, 1.0]], [[0.010304535739123821, -0.9997614622116089, 0.019256532192230225, 0.0137939453125], [0.014028549194335938, -0.019111119210720062, -0.999718964099884, 1.4854564666748047], [0.9998484253883362, 0.010571783408522606, 0.013828271999955177, -1.3641357421875], [0.0, 0.0, 0.0, 1.0]], [[-0.8438888788223267, -0.5365071296691895, -0.0034019474405795336, 0.850830078125], [0.02186703495681286, -0.02805844508111477, -0.9993670582771301, 1.4994468688964844], [0.5360720753669739, -0.8434292674064636, 0.03541003167629242, -1.120819091796875], [0.0, 0.0, 0.0, 1.0]], [[0.9477453231811523, 0.31893324851989746, -0.007771645672619343, -1.13671875], [-0.003661637892946601, -0.013484290800988674, -0.9999023675918579, 1.5620307922363281], [-0.31900691986083984, 0.947681188583374, -0.01161185372620821, -0.160247802734375], [0.0, 0.0, 0.0, 1.0]], [[0.008982024155557156, 0.9997438788414001, -0.020771296694874763, -0.0299072265625], [-0.0014290338149294257, -0.020759275183081627, -0.999783456325531, 1.5679473876953125], [-0.9999586343765259, 0.009009761735796928, 0.001242206897586584, -0.0653076171875], [0.0, 0.0, 0.0, 1.0]], [[-0.923709511756897, 0.3826157748699188, -0.01912401057779789, 0.96826171875], [0.00275261327624321, -0.04328988492488861, -0.9990587830543518, 1.548501968383789], [-0.3830834925174713, -0.9228927493095398, 0.038934092968702316, -0.1204833984375], [0.0, 0.0, 0.0, 1.0]]], "view": [[0.0, -2.0, 100.0], [-2.0, 0.0, 100.0], [0.0, 0.0, 1.0]], "bev": "bev_bc60797a8821476dbc1afa47b29cb4cb.png", "aux": "aux_bc60797a8821476dbc1afa47b29cb4cb.npz", "visibility": "visibility_bc60797a8821476dbc1afa47b29cb4cb.png", "pose": [[0.9998529553413391, -0.017146671190857887, 0.0, 2020.1871337890625], [0.017146671190857887, 0.9998529553413391, 0.0, 871.87841796875], [0.0, 0.0, 1.0, 0.0], [0.0, 0.0, 0.0, 1.0]], "pose_inverse": [[0.9998529553413391, 0.017146671190857887, 0.0, -2034.8399658203125], [-0.017146671190857887, 0.9998529553413391, 0.0, -837.1107788085938], [0.0, 0.0, 1.0, 0.0], [0.0, 0.0, 0.0, 1.0]], "cam_ids": [0, 1, 2, 3, 4, 5], "cam_channels": ["CAM_FRONT_LEFT", "CAM_FRONT", "CAM_FRONT_RIGHT", "CAM_BACK_LEFT", "CAM_BACK", "CAM_BACK_RIGHT"], "token": "bc60797a8821476dbc1afa47b29cb4cb", "scene": "scene-0206"}, {"images": ["samples/CAM_FRONT_LEFT/n008-2018-07-26-12-13-50-0400__CAM_FRONT_LEFT__1532621860104799.jpg", "samples/CAM_FRONT/n008-2018-07-26-12-13-50-0400__CAM_FRONT__1532621860112404.jpg", "samples/CAM_FRONT_RIGHT/n008-2018-07-26-12-13-50-0400__CAM_FRONT_RIGHT__1532621860120482.jpg", "samples/CAM_BACK_LEFT/n008-2018-07-26-12-13-50-0400__CAM_BACK_LEFT__1532621860147405.jpg", "samples/CAM_BACK/n008-2018-07-26-12-13-50-0400__CAM_BACK__1532621860137558.jpg", "samples/CAM_BACK_RIGHT/n008-2018-07-26-12-13-50-0400__CAM_BACK_RIGHT__1532621860128113.jpg"], "intrinsics": [[[1257.8625342125129, 0.0, 827.2410631095686], [0.0, 1257.8625342125129, 450.915498205774], [0.0, 0.0, 1.0]], [[1252.8131021185304, 0.0, 826.588114781398], [0.0, 1252.8131021185304, 469.9846626224581], [0.0, 0.0, 1.0]], [[1256.7485116440405, 0.0, 817.7887570959712], [0.0, 1256.7485116440403, 451.9541780095127], [0.0, 0.0, 1.0]], [[1254.9860565800168, 0.0, 829.5769333630991], [0.0, 1254.9860565800168, 467.1680561863987], [0.0, 0.0, 1.0]], [[796.8910634503094, 0.0, 857.7774326863696], [0.0, 796.8910634503094, 476.8848988407415], [0.0, 0.0, 1.0]], [[1249.9629280788233, 0.0, 825.3768045375984], [0.0, 1249.9629280788233, 462.54816385708756], [0.0, 0.0, 1.0]]], "extrinsics": [[[0.8218519687652588, -0.5694640874862671, 0.016432028263807297, -0.63623046875], [0.008843651972711086, -0.016087207943201065, -0.9998314380645752, 1.492307186126709], [0.5696324706077576, 0.821858823299408, -0.008185162208974361, -1.083251953125], [0.0, 0.0, 0.0, 1.0]], [[0.009288964793086052, -0.9997543692588806, 0.020123353227972984, 0.01239013671875], [0.010958422906696796, -0.020021239295601845, -0.9997394680976868, 1.4842586517333984], [0.9998968839645386, 0.009507064707577229, 0.010769753716886044, -1.367431640625], [0.0, 0.0, 0.0, 1.0]], [[-0.8443527817726135, -0.5357869863510132, -0.000883225875440985, 0.852294921875], [0.019142908975481987, -0.028520038351416588, -0.9994098544120789, 1.4985828399658203], [0.5354456305503845, -0.8438714146614075, 0.03433749079704285, -1.123260498046875], [0.0, 0.0, 0.0, 1.0]], [[0.947881817817688, 0.31847259402275085, -0.009760581888258457, -1.139404296875], [-0.005990346893668175, -0.01281574834138155, -0.9998999238014221, 1.5620136260986328], [-0.31856581568717957, 0.947845458984375, -0.01024005375802517, -0.1576690673828125], [0.0, 0.0, 0.0, 1.0]], [[0.009476296603679657, 0.9997420907020569, -0.020640922710299492, -0.02874755859375], [-0.00396076962351799, -0.02060415782034397, -0.9997798204421997, 1.5676593780517578], [-0.9999472498893738, 0.009555967524647713, 0.003764495952054858, -0.0625], [0.0, 0.0, 0.0, 1.0]], [[-0.9235094785690308, 0.38320958614349365, -0.016754595562815666, 0.9703369140625], [0.00010708429908845574, -0.043422456830739975, -0.9990568161010742, 1.5479164123535156], [-0.3835756182670593, -0.9226402044296265, 0.04006000980734825, -0.12060546875], [0.0, 0.0, 0.0, 1.0]]], "view": [[0.0, -2.0, 100.0], [-2.0, 0.0, 100.0], [0.0, 0.0, 1.0]], "bev": "bev_aa70e555f66548288b5a391c626f53f9.png", "aux": "aux_aa70e555f66548288b5a391c626f53f9.npz", "visibility": "visibility_aa70e555f66548288b5a391c626f53f9.png", "pose": [[0.9995877146720886, -0.028713267296552658, 0.0, 2025.3411865234375], [0.028713267296552658, 0.9995877146720886, 0.0, 871.9559326171875], [0.0, 0.0, 1.0, 0.0], [0.0, 0.0, 0.0, 1.0]], "pose_inverse": [[0.9995877146720886, 0.028713267296552658, 0.0, -2049.542724609375], [-0.028713267296552658, 0.9995877146720886, 0.0, -813.4422607421875], [0.0, 0.0, 1.0, 0.0], [0.0, 0.0, 0.0, 1.0]], "cam_ids": [0, 1, 2, 3, 4, 5], "cam_channels": ["CAM_FRONT_LEFT", "CAM_FRONT", "CAM_FRONT_RIGHT", "CAM_BACK_LEFT", "CAM_BACK", "CAM_BACK_RIGHT"], "token": "aa70e555f66548288b5a391c626f53f9", "scene": "scene-0206"}, {"images": ["samples/CAM_FRONT_LEFT/n008-2018-07-26-12-13-50-0400__CAM_FRONT_LEFT__1532621860604799.jpg", "samples/CAM_FRONT/n008-2018-07-26-12-13-50-0400__CAM_FRONT__1532621860612404.jpg", "samples/CAM_FRONT_RIGHT/n008-2018-07-26-12-13-50-0400__CAM_FRONT_RIGHT__1532621860620482.jpg", "samples/CAM_BACK_LEFT/n008-2018-07-26-12-13-50-0400__CAM_BACK_LEFT__1532621860647405.jpg", "samples/CAM_BACK/n008-2018-07-26-12-13-50-0400__CAM_BACK__1532621860637558.jpg", "samples/CAM_BACK_RIGHT/n008-2018-07-26-12-13-50-0400__CAM_BACK_RIGHT__1532621860628113.jpg"], "intrinsics": [[[1257.8625342125129, 0.0, 827.2410631095686], [0.0, 1257.8625342125129, 450.915498205774], [0.0, 0.0, 1.0]], [[1252.8131021185304, 0.0, 826.588114781398], [0.0, 1252.8131021185304, 469.9846626224581], [0.0, 0.0, 1.0]], [[1256.7485116440405, 0.0, 817.7887570959712], [0.0, 1256.7485116440403, 451.9541780095127], [0.0, 0.0, 1.0]], [[1254.9860565800168, 0.0, 829.5769333630991], [0.0, 1254.9860565800168, 467.1680561863987], [0.0, 0.0, 1.0]], [[796.8910634503094, 0.0, 857.7774326863696], [0.0, 796.8910634503094, 476.8848988407415], [0.0, 0.0, 1.0]], [[1249.9629280788233, 0.0, 825.3768045375984], [0.0, 1249.9629280788233, 462.54816385708756], [0.0, 0.0, 1.0]]], "extrinsics": [[[0.8214432001113892, -0.5701344609260559, 0.013332376256585121, -0.638671875], [0.006651498842984438, -0.013798471540212631, -0.999882698059082, 1.4912896156311035], [0.57025146484375, 0.8214355707168579, -0.007542414590716362, -1.0821533203125], [0.0, 0.0, 0.0, 1.0]], [[0.00870041735470295, -0.9998006224632263, 0.01797259971499443, 0.0107421875], [0.008560012094676495, -0.017898153513669968, -0.9998031854629517, 1.4833455085754395], [0.999925434589386, 0.008852553553879261, 0.008402584120631218, -1.3681640625], [0.0, 0.0, 0.0, 1.0]], [[-0.8446235060691833, -0.5353605151176453, 0.0002663127379491925, 0.8515625], [0.016529783606529236, -0.026575785130262375, -0.9995101094245911, 1.4978160858154297], [0.5351053476333618, -0.8442054986953735, 0.03129592910408974, -1.12420654296875], [0.0, 0.0, 0.0, 1.0]], [[0.9478598833084106, 0.3184623122215271, -0.011972150765359402, -1.13525390625], [-0.008800295181572437, -0.011396831832826138, -0.9998963475227356, 1.5619640350341797], [-0.3185657858848572, 0.9478669762611389, -0.00800003670156002, -0.1595306396484375], [0.0, 0.0, 0.0, 1.0]], [[0.009634284302592278, 0.9997738599777222, -0.01895751804113388, -0.02862548828125], [-0.006698434706777334, -0.018893443048000336, -0.9997990131378174, 1.5673408508300781], [-0.9999311566352844, 0.009759330190718174, 0.006514895241707563, -0.0654296875], [0.0, 0.0, 0.0, 1.0]], [[-0.9234028458595276, 0.3835895359516144, -0.01364152505993843, 0.9698486328125], [-0.002523317001760006, -0.04160621389746666, -0.99913090467453, 1.5473442077636719], [-0.3838236927986145, -0.9225659966468811, 0.03938721865415573, -0.1217041015625], [0.0, 0.0, 0.0, 1.0]]], "view": [[0.0, -2.0, 100.0], [-2.0, 0.0, 100.0], [0.0, 0.0, 1.0]], "bev": "bev_5740fb549195468995aabd40d2d5b4fd.png", "aux": "aux_5740fb549195468995aabd40d2d5b4fd.npz", "visibility": "visibility_5740fb549195468995aabd40d2d5b4fd.png", "pose": [[0.9990679025650024, -0.043166205286979675, 0.0, 2030.4678955078125], [0.043166205286979675, 0.9990679025650024, 0.0, 872.1008911132812], [0.0, 0.0, 1.0, 0.0], [0.0, 0.0, 0.0, 1.0]], "pose_inverse": [[0.9990679025650024, 0.043166205286979675, 0.0, -2066.220703125], [-0.043166205286979675, 0.9990679025650024, 0.0, -783.6404418945312], [0.0, 0.0, 1.0, 0.0], [0.0, 0.0, 0.0, 1.0]], "cam_ids": [0, 1, 2, 3, 4, 5], "cam_channels": ["CAM_FRONT_LEFT", "CAM_FRONT", "CAM_FRONT_RIGHT", "CAM_BACK_LEFT", "CAM_BACK", "CAM_BACK_RIGHT"], "token": "5740fb549195468995aabd40d2d5b4fd", "scene": "scene-0206"}, {"images": ["samples/CAM_FRONT_LEFT/n008-2018-07-26-12-13-50-0400__CAM_FRONT_LEFT__1532621861154799.jpg", "samples/CAM_FRONT/n008-2018-07-26-12-13-50-0400__CAM_FRONT__1532621861162404.jpg", "samples/CAM_FRONT_RIGHT/n008-2018-07-26-12-13-50-0400__CAM_FRONT_RIGHT__1532621861170482.jpg", "samples/CAM_BACK_LEFT/n008-2018-07-26-12-13-50-0400__CAM_BACK_LEFT__1532621861197405.jpg", "samples/CAM_BACK/n008-2018-07-26-12-13-50-0400__CAM_BACK__1532621861187558.jpg", "samples/CAM_BACK_RIGHT/n008-2018-07-26-12-13-50-0400__CAM_BACK_RIGHT__1532621861178113.jpg"], "intrinsics": [[[1257.8625342125129, 0.0, 827.2410631095686], [0.0, 1257.8625342125129, 450.915498205774], [0.0, 0.0, 1.0]], [[1252.8131021185304, 0.0, 826.588114781398], [0.0, 1252.8131021185304, 469.9846626224581], [0.0, 0.0, 1.0]], [[1256.7485116440405, 0.0, 817.7887570959712], [0.0, 1256.7485116440403, 451.9541780095127], [0.0, 0.0, 1.0]], [[1254.9860565800168, 0.0, 829.5769333630991], [0.0, 1254.9860565800168, 467.1680561863987], [0.0, 0.0, 1.0]], [[796.8910634503094, 0.0, 857.7774326863696], [0.0, 796.8910634503094, 476.8848988407415], [0.0, 0.0, 1.0]], [[1249.9629280788233, 0.0, 825.3768045375984], [0.0, 1249.9629280788233, 462.54816385708756], [0.0, 0.0, 1.0]]], "extrinsics": [[[0.8218255043029785, -0.5696250200271606, 0.011416610330343246, -0.641845703125], [0.003758927807211876, -0.014616859145462513, -0.9998860955238342, 1.490004301071167], [0.5697270035743713, 0.8217747807502747, -0.009871327318251133, -1.0865478515625], [0.0, 0.0, 0.0, 1.0]], [[0.009182299487292767, -0.9997817277908325, 0.018769729882478714, 0.011962890625], [0.005975993350148201, -0.01871532015502453, -0.9998070001602173, 1.482380747795105], [0.9999399781227112, 0.009292695671319962, 0.00580283859744668, -1.37451171875], [0.0, 0.0, 0.0, 1.0]], [[-0.8444637656211853, -0.5356066226959229, 0.0025742354337126017, 0.858642578125], [0.014317487366497517, -0.027377566322684288, -0.9995225667953491, 1.4970974922180176], [0.5354213714599609, -0.8440237641334534, 0.03078790009021759, -1.1273193359375], [0.0, 0.0, 0.0, 1.0]], [[0.947876513004303, 0.31836220622062683, -0.013255944475531578, -1.138671875], [-0.009914014488458633, -0.012115317396819592, -0.9998774528503418, 1.5619869232177734], [-0.318483829498291, 0.9478917121887207, -0.008327577263116837, -0.15790939331054688], [0.0, 0.0, 0.0, 1.0]], [[0.009535551071166992, 0.9997601509094238, -0.01971646212041378, -0.02874755859375], [-0.00816812738776207, -0.019638821482658386, -0.9997737407684326, 1.5672225952148438], [-0.9999212622642517, 0.009694448672235012, 0.007978901267051697, -0.060546875], [0.0, 0.0, 0.0, 1.0]], [[-0.923506498336792, 0.38338834047317505, -0.012209810316562653, 0.9757080078125], [-0.004385491367429495, -0.04238196834921837, -0.9990918636322021, 1.5470161437988281], [-0.38355764746665955, -0.9226142764091492, 0.040821369737386703, -0.1187744140625], [0.0, 0.0, 0.0, 1.0]]], "view": [[0.0, -2.0, 100.0], [-2.0, 0.0, 100.0], [0.0, 0.0, 1.0]], "bev": "bev_f1cd43abde1842469bfced44ae897636.png", "aux": "aux_f1cd43abde1842469bfced44ae897636.npz", "visibility": "visibility_f1cd43abde1842469bfced44ae897636.png", "pose": [[0.9984806776046753, -0.055103179067373276, 0.0, 2036.095947265625], [0.055103179067373276, 0.9984806776046753, 0.0, 872.3185424804688], [0.0, 0.0, 1.0, 0.0], [0.0, 0.0, 0.0, 1.0]], "pose_inverse": [[0.9984806776046753, 0.055103179067373276, 0.0, -2081.070068359375], [-0.055103179067373276, 0.9984806776046753, 0.0, -758.7978515625], [0.0, 0.0, 1.0, 0.0], [0.0, 0.0, 0.0, 1.0]], "cam_ids": [0, 1, 2, 3, 4, 5], "cam_channels": ["CAM_FRONT_LEFT", "CAM_FRONT", "CAM_FRONT_RIGHT", "CAM_BACK_LEFT", "CAM_BACK", "CAM_BACK_RIGHT"], "token": "f1cd43abde1842469bfced44ae897636", "scene": "scene-0206"}, {"images": ["samples/CAM_FRONT_LEFT/n008-2018-07-26-12-13-50-0400__CAM_FRONT_LEFT__1532621861654799.jpg", "samples/CAM_FRONT/n008-2018-07-26-12-13-50-0400__CAM_FRONT__1532621861662404.jpg", "samples/CAM_FRONT_RIGHT/n008-2018-07-26-12-13-50-0400__CAM_FRONT_RIGHT__1532621861670482.jpg", "samples/CAM_BACK_LEFT/n008-2018-07-26-12-13-50-0400__CAM_BACK_LEFT__1532621861697405.jpg", "samples/CAM_BACK/n008-2018-07-26-12-13-50-0400__CAM_BACK__1532621861687558.jpg", "samples/CAM_BACK_RIGHT/n008-2018-07-26-12-13-50-0400__CAM_BACK_RIGHT__1532621861678113.jpg"], "intrinsics": [[[1257.8625342125129, 0.0, 827.2410631095686], [0.0, 1257.8625342125129, 450.915498205774], [0.0, 0.0, 1.0]], [[1252.8131021185304, 0.0, 826.588114781398], [0.0, 1252.8131021185304, 469.9846626224581], [0.0, 0.0, 1.0]], [[1256.7485116440405, 0.0, 817.7887570959712], [0.0, 1256.7485116440403, 451.9541780095127], [0.0, 0.0, 1.0]], [[1254.9860565800168, 0.0, 829.5769333630991], [0.0, 1254.9860565800168, 467.1680561863987], [0.0, 0.0, 1.0]], [[796.8910634503094, 0.0, 857.7774326863696], [0.0, 796.8910634503094, 476.8848988407415], [0.0, 0.0, 1.0]], [[1249.9629280788233, 0.0, 825.3768045375984], [0.0, 1249.9629280788233, 462.54816385708756], [0.0, 0.0, 1.0]]], "extrinsics": [[[0.8234344720840454, -0.5673290491104126, 0.009661934338510036, -0.66064453125], [-0.002029320690780878, -0.019972532987594604, -0.9997984766960144, 1.4875221252441406], [0.5674076676368713, 0.8232489228248596, -0.017597367987036705, -1.1007080078125], [0.0, 0.0, 0.0, 1.0]], [[0.011530809104442596, -0.9996440410614014, 0.02405603788793087, 0.01239013671875], [9.878257515083533e-06, -0.024057524278759956, -0.9997105598449707, 1.480245590209961], [0.9999334216117859, 0.011527712456882, -0.00026752823032438755, -1.3916015625], [0.0, 0.0, 0.0, 1.0]], [[-0.8435170650482178, -0.5369949340820312, 0.01074010506272316, 0.867431640625], [0.008108364418148994, -0.03272571042180061, -0.9994314908981323, 1.4953107833862305], [0.5370410680770874, -0.8429504632949829, 0.03195884823799133, -1.132720947265625], [0.0, 0.0, 0.0, 1.0]], [[0.9477157592773438, 0.3183753788471222, -0.021725106984376907, -1.136474609375], [-0.017001578584313393, -0.01760793849825859, -0.9997004270553589, 1.5619049072265625], [-0.31866252422332764, 0.9478011727333069, -0.011274434626102448, -0.15877151489257812], [0.0, 0.0, 0.0, 1.0]], [[0.008876689709722996, 0.9996418356895447, -0.02524893917143345, -0.02880859375], [-0.015017959289252758, -0.02511381171643734, -0.9995718002319336, 1.5665397644042969], [-0.9998478293418884, 0.009252075105905533, 0.01478965301066637, -0.05859375], [0.0, 0.0, 0.0, 1.0]], [[-0.9240173697471619, 0.3822622299194336, -0.00821308046579361, 0.9813232421875], [-0.01089655514806509, -0.047799158841371536, -0.9987975358963013, 1.5457839965820312], [-0.3821951150894165, -0.922816812992096, 0.04833259433507919, -0.115966796875], [0.0, 0.0, 0.0, 1.0]]], "view": [[0.0, -2.0, 100.0], [-2.0, 0.0, 100.0], [0.0, 0.0, 1.0]], "bev": "bev_601a0420347d4fdbaef00f623ce7a8b6.png", "aux": "aux_601a0420347d4fdbaef00f623ce7a8b6.npz", "visibility": "visibility_601a0420347d4fdbaef00f623ce7a8b6.png", "pose": [[0.99857497215271, -0.05336638167500496, 0.0, 2041.049560546875], [0.05336638167500496, 0.99857497215271, 0.0, 872.5535278320312], [0.0, 0.0, 1.0, 0.0], [0.0, 0.0, 0.0, 1.0]], "pose_inverse": [[0.99857497215271, 0.05336638167500496, 0.0, -2084.7060546875], [-0.05336638167500496, 0.99857497215271, 0.0, -762.38671875], [0.0, 0.0, 1.0, 0.0], [0.0, 0.0, 0.0, 1.0]], "cam_ids": [0, 1, 2, 3, 4, 5], "cam_channels": ["CAM_FRONT_LEFT", "CAM_FRONT", "CAM_FRONT_RIGHT", "CAM_BACK_LEFT", "CAM_BACK", "CAM_BACK_RIGHT"], "token": "601a0420347d4fdbaef00f623ce7a8b6", "scene": "scene-0206"}, {"images": ["samples/CAM_FRONT_LEFT/n008-2018-07-26-12-13-50-0400__CAM_FRONT_LEFT__1532621862154799.jpg", "samples/CAM_FRONT/n008-2018-07-26-12-13-50-0400__CAM_FRONT__1532621862162404.jpg", "samples/CAM_FRONT_RIGHT/n008-2018-07-26-12-13-50-0400__CAM_FRONT_RIGHT__1532621862170482.jpg", "samples/CAM_BACK_LEFT/n008-2018-07-26-12-13-50-0400__CAM_BACK_LEFT__1532621862197405.jpg", "samples/CAM_BACK/n008-2018-07-26-12-13-50-0400__CAM_BACK__1532621862187558.jpg", "samples/CAM_BACK_RIGHT/n008-2018-07-26-12-13-50-0400__CAM_BACK_RIGHT__1532621862178113.jpg"], "intrinsics": [[[1257.8625342125129, 0.0, 827.2410631095686], [0.0, 1257.8625342125129, 450.915498205774], [0.0, 0.0, 1.0]], [[1252.8131021185304, 0.0, 826.588114781398], [0.0, 1252.8131021185304, 469.9846626224581], [0.0, 0.0, 1.0]], [[1256.7485116440405, 0.0, 817.7887570959712], [0.0, 1256.7485116440403, 451.9541780095127], [0.0, 0.0, 1.0]], [[1254.9860565800168, 0.0, 829.5769333630991], [0.0, 1254.9860565800168, 467.1680561863987], [0.0, 0.0, 1.0]], [[796.8910634503094, 0.0, 857.7774326863696], [0.0, 796.8910634503094, 476.8848988407415], [0.0, 0.0, 1.0]], [[1249.9629280788233, 0.0, 825.3768045375984], [0.0, 1249.9629280788233, 462.54816385708756], [0.0, 0.0, 1.0]]], "extrinsics": [[[0.8230659365653992, -0.5678044557571411, 0.01267542876303196, -0.6663818359375], [0.002351846545934677, -0.01891038566827774, -0.9998183846473694, 1.4892578125], [0.5679410696029663, 0.822946310043335, -0.014229106716811657, -1.09912109375], [0.0, 0.0, 0.0, 1.0]], [[0.011045452207326889, -0.9996728897094727, 0.023068642243742943, 0.00872802734375], [0.004334741272032261, -0.023021960631012917, -0.9997255802154541, 1.4816350936889648], [0.9999295473098755, 0.011142421513795853, 0.0040790364146232605, -1.39306640625], [0.0, 0.0, 0.0, 1.0]], [[-0.8436583280563354, -0.5368397831916809, 0.006598245818167925, 0.865234375], [0.012358381412923336, -0.03170531615614891, -0.9994208216667175, 1.496368408203125], [0.5367380380630493, -0.8430882692337036, 0.03338292986154556, -1.13446044921875], [0.0, 0.0, 0.0, 1.0]], [[0.9478366374969482, 0.3182579278945923, -0.01782097853720188, -1.125732421875], [-0.013219604268670082, -0.016612110659480095, -0.9997745752334595, 1.5617942810058594], [-0.31848227977752686, 0.9478586316108704, -0.011538321152329445, -0.16213226318359375], [0.0, 0.0, 0.0, 1.0]], [[0.008956638164818287, 0.999667227268219, -0.024192653596401215, -0.02777099609375], [-0.011047162115573883, -0.024093223735690117, -0.9996486306190491, 1.5668449401855469], [-0.9998988509178162, 0.009220746345818043, 0.010827691294252872, -0.065673828125], [0.0, 0.0, 0.0, 1.0]], [[-0.9239381551742554, 0.38236379623413086, -0.011669352650642395, 0.978759765625], [-0.006742682307958603, -0.046777792274951935, -0.9988825917243958, 1.546478271484375], [-0.3824824094772339, -0.9228270053863525, 0.04579794406890869, -0.1192626953125], [0.0, 0.0, 0.0, 1.0]]], "view": [[0.0, -2.0, 100.0], [-2.0, 0.0, 100.0], [0.0, 0.0, 1.0]], "bev": "bev_1f657f52776f46f98ef7bd18db7319a1.png", "aux": "aux_1f657f52776f46f98ef7bd18db7319a1.npz", "visibility": "visibility_1f657f52776f46f98ef7bd18db7319a1.png", "pose": [[0.9991431832313538, -0.041387490928173065, 0.0, 2045.7158203125], [0.041387490928173065, 0.9991431832313538, 0.0, 872.7555541992188], [0.0, 0.0, 1.0, 0.0], [0.0, 0.0, 0.0, 1.0]], "pose_inverse": [[0.9991431832313538, 0.041387490928173065, 0.0, -2080.084228515625], [-0.041387490928173065, 0.9991431832313538, 0.0, -787.3406982421875], [0.0, 0.0, 1.0, 0.0], [0.0, 0.0, 0.0, 1.0]], "cam_ids": [0, 1, 2, 3, 4, 5], "cam_channels": ["CAM_FRONT_LEFT", "CAM_FRONT", "CAM_FRONT_RIGHT", "CAM_BACK_LEFT", "CAM_BACK", "CAM_BACK_RIGHT"], "token": "1f657f52776f46f98ef7bd18db7319a1", "scene": "scene-0206"}, {"images": ["samples/CAM_FRONT_LEFT/n008-2018-07-26-12-13-50-0400__CAM_FRONT_LEFT__1532621862654799.jpg", "samples/CAM_FRONT/n008-2018-07-26-12-13-50-0400__CAM_FRONT__1532621862662404.jpg", "samples/CAM_FRONT_RIGHT/n008-2018-07-26-12-13-50-0400__CAM_FRONT_RIGHT__1532621862670482.jpg", "samples/CAM_BACK_LEFT/n008-2018-07-26-12-13-50-0400__CAM_BACK_LEFT__1532621862697405.jpg", "samples/CAM_BACK/n008-2018-07-26-12-13-50-0400__CAM_BACK__1532621862687558.jpg", "samples/CAM_BACK_RIGHT/n008-2018-07-26-12-13-50-0400__CAM_BACK_RIGHT__1532621862678113.jpg"], "intrinsics": [[[1257.8625342125129, 0.0, 827.2410631095686], [0.0, 1257.8625342125129, 450.915498205774], [0.0, 0.0, 1.0]], [[1252.8131021185304, 0.0, 826.588114781398], [0.0, 1252.8131021185304, 469.9846626224581], [0.0, 0.0, 1.0]], [[1256.7485116440405, 0.0, 817.7887570959712], [0.0, 1256.7485116440403, 451.9541780095127], [0.0, 0.0, 1.0]], [[1254.9860565800168, 0.0, 829.5769333630991], [0.0, 1254.9860565800168, 467.1680561863987], [0.0, 0.0, 1.0]], [[796.8910634503094, 0.0, 857.7774326863696], [0.0, 796.8910634503094, 476.8848988407415], [0.0, 0.0, 1.0]], [[1249.9629280788233, 0.0, 825.3768045375984], [0.0, 1249.9629280788233, 462.54816385708756], [0.0, 0.0, 1.0]]], "extrinsics": [[[0.8230698108673096, -0.5677927732467651, 0.012943858280777931, -0.6834716796875], [0.0010614149505272508, -0.021253015846014023, -0.9997735619544983, 1.4887094497680664], [0.567939281463623, 0.8228971362113953, -0.01689004898071289, -1.1116943359375], [0.0, 0.0, 0.0, 1.0]], [[0.011022739112377167, -0.9996147155761719, 0.02547352761030197, 0.009033203125], [0.002985607134178281, -0.025442061945796013, -0.9996718168258667, 1.481130599975586], [0.999934732913971, 0.011095179244875908, 0.0027040152344852686, -1.411865234375], [0.0, 0.0, 0.0, 1.0]], [[-0.8436956405639648, -0.5367445349693298, 0.009104776196181774, 0.879150390625], [0.010988746769726276, -0.03422493860125542, -0.9993537068367004, 1.4958295822143555], [0.536709189414978, -0.8430503010749817, 0.034773584455251694, -1.14288330078125], [0.0, 0.0, 0.0, 1.0]], [[0.9478570222854614, 0.3180815279483795, -0.0197761133313179, -1.135009765625], [-0.014300485141575336, -0.0195405762642622, -0.9997067451477051, 1.5619087219238281], [-0.31837475299835205, 0.947861909866333, -0.013972953893244267, -0.15903472900390625], [0.0, 0.0, 0.0, 1.0]], [[0.00900236051529646, 0.9995951652526855, -0.02698778361082077, -0.02801513671875], [-0.012181990779936314, -0.02687724493443966, -0.9995644688606262, 1.5668601989746094], [-0.9998852014541626, 0.009327203966677189, 0.011935102753341198, -0.05419921875], [0.0, 0.0, 0.0, 1.0]], [[-0.9239217638969421, 0.3824099004268646, -0.011452835984528065, 0.9915771484375], [-0.008070139214396477, -0.049409423023462296, -0.9987459778785706, 1.5463485717773438], [-0.3824962079524994, -0.9226707220077515, 0.04873654618859291, -0.1136474609375], [0.0, 0.0, 0.0, 1.0]]], "view": [[0.0, -2.0, 100.0], [-2.0, 0.0, 100.0], [0.0, 0.0, 1.0]], "bev": "bev_e33d8a2f01f6497e88d497f4b39207c6.png", "aux": "aux_e33d8a2f01f6497e88d497f4b39207c6.npz", "visibility": "visibility_e33d8a2f01f6497e88d497f4b39207c6.png", "pose": [[0.9996541738510132, -0.026295876130461693, 0.0, 2050.29736328125], [0.026295876130461693, 0.9996541738510132, 0.0, 872.9022216796875], [0.0, 0.0, 1.0, 0.0], [0.0, 0.0, 0.0, 1.0]], "pose_inverse": [[0.9996541738510132, 0.026295876130461693, 0.0, -2072.5419921875], [-0.026295876130461693, 0.9996541738510132, 0.0, -818.68603515625], [0.0, 0.0, 1.0, 0.0], [0.0, 0.0, 0.0, 1.0]], "cam_ids": [0, 1, 2, 3, 4, 5], "cam_channels": ["CAM_FRONT_LEFT", "CAM_FRONT", "CAM_FRONT_RIGHT", "CAM_BACK_LEFT", "CAM_BACK", "CAM_BACK_RIGHT"], "token": "e33d8a2f01f6497e88d497f4b39207c6", "scene": "scene-0206"}, {"images": ["samples/CAM_FRONT_LEFT/n008-2018-07-26-12-13-50-0400__CAM_FRONT_LEFT__1532621863154799.jpg", "samples/CAM_FRONT/n008-2018-07-26-12-13-50-0400__CAM_FRONT__1532621863162404.jpg", "samples/CAM_FRONT_RIGHT/n008-2018-07-26-12-13-50-0400__CAM_FRONT_RIGHT__1532621863170482.jpg", "samples/CAM_BACK_LEFT/n008-2018-07-26-12-13-50-0400__CAM_BACK_LEFT__1532621863197405.jpg", "samples/CAM_BACK/n008-2018-07-26-12-13-50-0400__CAM_BACK__1532621863187558.jpg", "samples/CAM_BACK_RIGHT/n008-2018-07-26-12-13-50-0400__CAM_BACK_RIGHT__1532621863178113.jpg"], "intrinsics": [[[1257.8625342125129, 0.0, 827.2410631095686], [0.0, 1257.8625342125129, 450.915498205774], [0.0, 0.0, 1.0]], [[1252.8131021185304, 0.0, 826.588114781398], [0.0, 1252.8131021185304, 469.9846626224581], [0.0, 0.0, 1.0]], [[1256.7485116440405, 0.0, 817.7887570959712], [0.0, 1256.7485116440403, 451.9541780095127], [0.0, 0.0, 1.0]], [[1254.9860565800168, 0.0, 829.5769333630991], [0.0, 1254.9860565800168, 467.1680561863987], [0.0, 0.0, 1.0]], [[796.8910634503094, 0.0, 857.7774326863696], [0.0, 796.8910634503094, 476.8848988407415], [0.0, 0.0, 1.0]], [[1249.9629280788233, 0.0, 825.3768045375984], [0.0, 1249.9629280788233, 462.54816385708756], [0.0, 0.0, 1.0]]], "extrinsics": [[[0.8232600688934326, -0.5674843788146973, 0.014291909523308277, -0.68896484375], [0.0025662933476269245, -0.02145581878721714, -0.9997665286064148, 1.4893264770507812], [0.567658543586731, 0.8231045603752136, -0.016207391396164894, -1.1181640625], [0.0, 0.0, 0.0, 1.0]], [[0.011347453109920025, -0.9996074438095093, 0.025615278631448746, 0.0107421875], [0.00451285857707262, -0.02556547336280346, -0.9996629357337952, 1.4816341400146484], [0.9999253749847412, 0.01145922765135765, 0.004220983479171991, -1.419677734375], [0.0, 0.0, 0.0, 1.0]], [[-0.8435194492340088, -0.5370418429374695, 0.007810310460627079, 0.886474609375], [0.012551628053188324, -0.03424808382987976, -0.9993345141410828, 1.4961621761322021], [0.5369519591331482, -0.8428600430488586, 0.035629674792289734, -1.14599609375], [0.0, 0.0, 0.0, 1.0]], [[0.9478479027748108, 0.3181961476802826, -0.018317798152565956, -1.13916015625], [-0.012903587892651558, -0.019114898517727852, -0.9997340440750122, 1.5619735717773438], [-0.31846168637275696, 0.9478321075439453, -0.014012142084538937, -0.157867431640625], [0.0, 0.0, 0.0, 1.0]], [[0.008889484219253063, 0.9996027946472168, -0.026744235306978226, -0.028564453125], [-0.010763471014797688, -0.02664809115231037, -0.9995868802070618, 1.5670852661132812], [-0.9999025464057922, 0.009173671714961529, 0.010522307828068733, -0.04736328125], [0.0, 0.0, 0.0, 1.0]], [[-0.924003005027771, 0.3821682929992676, -0.012874738313257694, 0.998046875], [-0.0064859529957175255, -0.04932861775159836, -0.9987615346908569, 1.5467262268066406], [-0.382330060005188, -0.9227752089500427, 0.04805852100253105, -0.10986328125], [0.0, 0.0, 0.0, 1.0]]], "view": [[0.0, -2.0, 100.0], [-2.0, 0.0, 100.0], [0.0, 0.0, 1.0]], "bev": "bev_7198c85b849f4cb2991e8aae2de2c9ca.png", "aux": "aux_7198c85b849f4cb2991e8aae2de2c9ca.npz", "visibility": "visibility_7198c85b849f4cb2991e8aae2de2c9ca.png", "pose": [[0.9999212026596069, -0.012551773339509964, 0.0, 2054.77880859375], [0.012551773339509964, 0.9999212026596069, 0.0, 872.9812622070312], [0.0, 0.0, 1.0, 0.0], [0.0, 0.0, 0.0, 1.0]], "pose_inverse": [[0.9999212026596069, 0.012551773339509964, 0.0, -2065.574462890625], [-0.012551773339509964, 0.9999212026596069, 0.0, -847.1213989257812], [0.0, 0.0, 1.0, 0.0], [0.0, 0.0, 0.0, 1.0]], "cam_ids": [0, 1, 2, 3, 4, 5], "cam_channels": ["CAM_FRONT_LEFT", "CAM_FRONT", "CAM_FRONT_RIGHT", "CAM_BACK_LEFT", "CAM_BACK", "CAM_BACK_RIGHT"], "token": "7198c85b849f4cb2991e8aae2de2c9ca", "scene": "scene-0206"}, {"images": ["samples/CAM_FRONT_LEFT/n008-2018-07-26-12-13-50-0400__CAM_FRONT_LEFT__1532621863654799.jpg", "samples/CAM_FRONT/n008-2018-07-26-12-13-50-0400__CAM_FRONT__1532621863662404.jpg", "samples/CAM_FRONT_RIGHT/n008-2018-07-26-12-13-50-0400__CAM_FRONT_RIGHT__1532621863670482.jpg", "samples/CAM_BACK_LEFT/n008-2018-07-26-12-13-50-0400__CAM_BACK_LEFT__1532621863697405.jpg", "samples/CAM_BACK/n008-2018-07-26-12-13-50-0400__CAM_BACK__1532621863687558.jpg", "samples/CAM_BACK_RIGHT/n008-2018-07-26-12-13-50-0400__CAM_BACK_RIGHT__1532621863678113.jpg"], "intrinsics": [[[1257.8625342125129, 0.0, 827.2410631095686], [0.0, 1257.8625342125129, 450.915498205774], [0.0, 0.0, 1.0]], [[1252.8131021185304, 0.0, 826.588114781398], [0.0, 1252.8131021185304, 469.9846626224581], [0.0, 0.0, 1.0]], [[1256.7485116440405, 0.0, 817.7887570959712], [0.0, 1256.7485116440403, 451.9541780095127], [0.0, 0.0, 1.0]], [[1254.9860565800168, 0.0, 829.5769333630991], [0.0, 1254.9860565800168, 467.1680561863987], [0.0, 0.0, 1.0]], [[796.8910634503094, 0.0, 857.7774326863696], [0.0, 796.8910634503094, 476.8848988407415], [0.0, 0.0, 1.0]], [[1249.9629280788233, 0.0, 825.3768045375984], [0.0, 1249.9629280788233, 462.54816385708756], [0.0, 0.0, 1.0]]], "extrinsics": [[[0.8225745558738708, -0.5684596300125122, 0.014996308833360672, -0.7086181640625], [0.005447354167699814, -0.018493250012397766, -0.9998141527175903, 1.4902868270874023], [0.5686312913894653, 0.8225033283233643, -0.012115475721657276, -1.131103515625], [0.0, 0.0, 0.0, 1.0]], [[0.010301034897565842, -0.9996906518936157, 0.022635145112872124, 0.01019287109375], [0.0074115232564508915, -0.0225593913346529, -0.9997180700302124, 1.4824028015136719], [0.9999194741249084, 0.010465891100466251, 0.007176845334470272, -1.438232421875], [0.0, 0.0, 0.0, 1.0]], [[-0.8439697027206421, -0.5363779664039612, 0.0037020870950073004, 0.897216796875], [0.015447527170181274, -0.031203903257846832, -0.9993936419487, 1.4966683387756348], [0.5361682772636414, -0.8434008955955505, 0.03462086245417595, -1.153350830078125], [0.0, 0.0, 0.0, 1.0]], [[0.9479022026062012, 0.31823909282684326, -0.014326728880405426, -1.135986328125], [-0.009767686016857624, -0.01591702550649643, -0.9998255968093872, 1.5619621276855469], [-0.31841161847114563, 0.9478768706321716, -0.011979322880506516, -0.158905029296875], [0.0, 0.0, 0.0, 1.0]], [[0.009205296635627747, 0.9996799826622009, -0.023563288152217865, -0.02850341796875], [-0.0076833548955619335, -0.023492874577641487, -0.9996