[{"images": ["samples/CAM_FRONT_LEFT/n015-2018-10-02-10-50-40+0800__CAM_FRONT_LEFT__1538448744404844.jpg", "samples/CAM_FRONT/n015-2018-10-02-10-50-40+0800__CAM_FRONT__1538448744412460.jpg", "samples/CAM_FRONT_RIGHT/n015-2018-10-02-10-50-40+0800__CAM_FRONT_RIGHT__1538448744420339.jpg", "samples/CAM_BACK_LEFT/n015-2018-10-02-10-50-40+0800__CAM_BACK_LEFT__1538448744447423.jpg", "samples/CAM_BACK/n015-2018-10-02-10-50-40+0800__CAM_BACK__1538448744437780.jpg", "samples/CAM_BACK_RIGHT/n015-2018-10-02-10-50-40+0800__CAM_BACK_RIGHT__1538448744427893.jpg"], "intrinsics": [[[1272.5979470598488, 0.0, 826.6154927353808], [0.0, 1272.5979470598488, 479.75165386361925], [0.0, 0.0, 1.0]], [[1266.417203046554, 0.0, 816.2670197447984], [0.0, 1266.417203046554, 491.50706579294757], [0.0, 0.0, 1.0]], [[1260.8474446004698, 0.0, 807.968244525554], [0.0, 1260.8474446004698, 495.3344268742088], [0.0, 0.0, 1.0]], [[1256.7414812095406, 0.0, 792.1125740759628], [0.0, 1256.7414812095406, 492.7757465151356], [0.0, 0.0, 1.0]], [[809.2209905677063, 0.0, 829.2196003259838], [0.0, 809.2209905677063, 481.77842384512485], [0.0, 0.0, 1.0]], [[1259.5137405846733, 0.0, 807.2529053838625], [0.0, 1259.5137405846733, 501.19579884916527], [0.0, 0.0, 1.0]]], "extrinsics": [[[0.8203877210617065, -0.5715006589889526, -0.018732059746980667, -0.526611328125], [-0.026083247736096382, -0.004676981829106808, -0.9996488094329834, 1.494303584098816], [0.5712123513221741, 0.820588231086731, -0.01874352991580963, -0.974365234375], [0.0, 0.0, 0.0, 1.0]], [[0.005692427046597004, -0.9999478459358215, 0.008475275710225105, 0.00732421875], [-0.03129401430487633, -0.00864939671009779, -0.9994728565216064, 1.5067791938781738], [0.9994940161705017, 0.005424151662737131, -0.031341616064310074, -1.25311279296875], [0.0, 0.0, 0.0, 1.0]], [[-0.8328617215156555, -0.5532342195510864, 0.016525400802493095, 0.7479248046875], [-0.02558143436908722, 0.008651715703308582, -0.9996352791786194, 1.4949302673339844], [0.5528894662857056, -0.832980751991272, -0.02135821059346199, -1.060791015625], [0.0, 0.0, 0.0, 1.0]], [[0.9475829601287842, 0.3186781406402588, -0.023038851097226143, -1.1422119140625], [-0.017138689756393433, -0.021306470036506653, -0.9996260404586792, 1.5885429382324219], [-0.31904980540275574, 0.9476235508918762, -0.014727922156453133, -0.102783203125], [0.0, 0.0, 0.0, 1.0]], [[0.0023218118585646152, 0.9999305605888367, -0.011550303548574448, 0.00390625], [-0.04243195056915283, -0.011441423557698727, -0.9990338087081909, 1.574190616607666], [-0.999096691608429, 0.00280968239530921, 0.04240243881940842, -0.11981201171875], [0.0, 0.0, 0.0, 1.0]], [[-0.9347837567329407, 0.35506492853164673, 0.010402739979326725, 0.9058837890625], [-0.009706524200737476, 0.003742058062925935, -0.999945878982544, 1.5490608215332031], [-0.355084627866745, -0.9348341226577759, -5.157080522621982e-05, -0.15185546875], [0.0, 0.0, 0.0, 1.0]]], "view": [[0.0, -2.0, 100.0], [-2.0, 0.0, 100.0], [0.0, 0.0, 1.0]], "bev": "bev_c1676a2feac74eee8aa38ca3901787d6.png", "aux": "aux_c1676a2feac74eee8aa38ca3901787d6.npz", "visibility": "visibility_c1676a2feac74eee8aa38ca3901787d6.png", "pose": [[-0.6645547747612, -0.7472395300865173, 0.0, 1871.0250244140625], [0.7472395300865173, -0.6645547747612, 0.0, 2484.322509765625], [0.0, 0.0, 1.0, 0.0], [0.0, 0.0, 0.0, 1.0]], "pose_inverse": [[-0.6645547747612, 0.7472395300865173, 0.0, -612.9854125976562], [-0.7472395300865173, -0.6645547747612, 0.0, 3049.072265625], [0.0, 0.0, 1.0, 0.0], [0.0, 0.0, 0.0, 1.0]], "cam_ids": [0, 1, 2, 3, 4, 5], "cam_channels": ["CAM_FRONT_LEFT", "CAM_FRONT", "CAM_FRONT_RIGHT", "CAM_BACK_LEFT", "CAM_BACK", "CAM_BACK_RIGHT"], "token": "c1676a2feac74eee8aa38ca3901787d6", "scene": "scene-0796"}, {"images": ["samples/CAM_FRONT_LEFT/n015-2018-10-02-10-50-40+0800__CAM_FRONT_LEFT__1538448745004844.jpg", "samples/CAM_FRONT/n015-2018-10-02-10-50-40+0800__CAM_FRONT__1538448745012460.jpg", "samples/CAM_FRONT_RIGHT/n015-2018-10-02-10-50-40+0800__CAM_FRONT_RIGHT__1538448745020339.jpg", "samples/CAM_BACK_LEFT/n015-2018-10-02-10-50-40+0800__CAM_BACK_LEFT__1538448745047423.jpg", "samples/CAM_BACK/n015-2018-10-02-10-50-40+0800__CAM_BACK__1538448745037525.jpg", "samples/CAM_BACK_RIGHT/n015-2018-10-02-10-50-40+0800__CAM_BACK_RIGHT__1538448745027893.jpg"], "intrinsics": [[[1272.5979470598488, 0.0, 826.6154927353808], [0.0, 1272.5979470598488, 479.75165386361925], [0.0, 0.0, 1.0]], [[1266.417203046554, 0.0, 816.2670197447984], [0.0, 1266.417203046554, 491.50706579294757], [0.0, 0.0, 1.0]], [[1260.8474446004698, 0.0, 807.968244525554], [0.0, 1260.8474446004698, 495.3344268742088], [0.0, 0.0, 1.0]], [[1256.7414812095406, 0.0, 792.1125740759628], [0.0, 1256.7414812095406, 492.7757465151356], [0.0, 0.0, 1.0]], [[809.2209905677063, 0.0, 829.2196003259838], [0.0, 809.2209905677063, 481.77842384512485], [0.0, 0.0, 1.0]], [[1259.5137405846733, 0.0, 807.2529053838625], [0.0, 1259.5137405846733, 501.19579884916527], [0.0, 0.0, 1.0]]], "extrinsics": [[[0.8208041191101074, -0.5704976320266724, -0.028513822704553604, -0.5185546875], [-0.03586125001311302, -0.0016470174305140972, -0.9993553757667542, 1.4887332916259766], [0.5700828433036804, 0.8212975859642029, -0.021810635924339294, -0.97021484375], [0.0, 0.0, 0.0, 1.0]], [[0.006685225758701563, -0.9999633431434631, 0.005341591313481331, 0.008056640625], [-0.04106647148728371, -0.005611743777990341, -0.9991406798362732, 1.5021686553955078], [0.9991340041160583, 0.006460077129304409, -0.041102487593889236, -1.24554443359375], [0.0, 0.0, 0.0, 1.0]], [[-0.8322623372077942, -0.5539060831069946, 0.022967156022787094, 0.7437744140625], [-0.035368941724300385, 0.011707812547683716, -0.9993057250976562, 1.4913749694824219], [0.5532525181770325, -0.8324967622756958, -0.02933504246175289, -1.056884765625], [0.0, 0.0, 0.0, 1.0]], [[0.9472280144691467, 0.31906187534332275, -0.030960330739617348, -1.14263916015625], [-0.026460053399205208, -0.018430672585964203, -0.9994798898696899, 1.5885772705078125], [-0.31946656107902527, 0.9475547075271606, -0.009015655145049095, -0.104248046875], [0.0, 0.0, 0.0, 1.0]], [[0.001791030284948647, 0.9999616742134094, -0.008562476374208927, 0.0029296875], [-0.05191566422581673, -0.008457961492240429, -0.9986156225204468, 1.5727615356445312], [-0.9986498951911926, 0.0022331364452838898, 0.0518985316157341, -0.12493896484375], [0.0, 0.0, 0.0, 1.0]], [[-0.9348292350769043, 0.35450246930122375, 0.02054736763238907, 0.9022216796875], [-0.019394204020500183, 0.0068060290068387985, -0.999788761138916, 1.5465927124023438], [-0.35456743836402893, -0.9350302815437317, 0.0005128198536112905, -0.152587890625], [0.0, 0.0, 0.0, 1.0]]], "view": [[0.0, -2.0, 100.0], [-2.0, 0.0, 100.0], [0.0, 0.0, 1.0]], "bev": "bev_d6b0de49811b4d1b86a0933719c0c44a.png", "aux": "aux_d6b0de49811b4d1b86a0933719c0c44a.npz", "visibility": "visibility_d6b0de49811b4d1b86a0933719c0c44a.png", "pose": [[-0.6538621187210083, -0.7566136717796326, 0.0, 1866.007568359375], [0.7566136717796326, -0.6538621187210083, 0.0, 2490.1103515625], [0.0, 0.0, 1.0, 0.0], [0.0, 0.0, 0.0, 1.0]], "pose_inverse": [[-0.6538621187210083, 0.7566136717796326, 0.0, -663.9398803710938], [-0.7566136717796326, -0.6538621187210083, 0.0, 3040.035888671875], [0.0, 0.0, 1.0, 0.0], [0.0, 0.0, 0.0, 1.0]], "cam_ids": [0, 1, 2, 3, 4, 5], "cam_channels": ["CAM_FRONT_LEFT", "CAM_FRONT", "CAM_FRONT_RIGHT", "CAM_BACK_LEFT", "CAM_BACK", "CAM_BACK_RIGHT"], "token": "d6b0de49811b4d1b86a0933719c0c44a", "scene": "scene-0796"}, {"images": ["samples/CAM_FRONT_LEFT/n015-2018-10-02-10-50-40+0800__CAM_FRONT_LEFT__1538448745504844.jpg", "samples/CAM_FRONT/n015-2018-10-02-10-50-40+0800__CAM_FRONT__1538448745512460.jpg", "samples/CAM_FRONT_RIGHT/n015-2018-10-02-10-50-40+0800__CAM_FRONT_RIGHT__1538448745520339.jpg", "samples/CAM_BACK_LEFT/n015-2018-10-02-10-50-40+0800__CAM_BACK_LEFT__1538448745547423.jpg", "samples/CAM_BACK/n015-2018-10-02-10-50-40+0800__CAM_BACK__1538448745537525.jpg", "samples/CAM_BACK_RIGHT/n015-2018-10-02-10-50-40+0800__CAM_BACK_RIGHT__1538448745527893.jpg"], "intrinsics": [[[1272.5979470598488, 0.0, 826.6154927353808], [0.0, 1272.5979470598488, 479.75165386361925], [0.0, 0.0, 1.0]], [[1266.417203046554, 0.0, 816.2670197447984], [0.0, 1266.417203046554, 491.50706579294757], [0.0, 0.0, 1.0]], [[1260.8474446004698, 0.0, 807.968244525554], [0.0, 1260.8474446004698, 495.3344268742088], [0.0, 0.0, 1.0]], [[1256.7414812095406, 0.0, 792.1125740759628], [0.0, 1256.7414812095406, 492.7757465151356], [0.0, 0.0, 1.0]], [[809.2209905677063, 0.0, 829.2196003259838], [0.0, 809.2209905677063, 481.77842384512485], [0.0, 0.0, 1.0]], [[1259.5137405846733, 0.0, 807.2529053838625], [0.0, 1259.5137405846733, 501.19579884916527], [0.0, 0.0, 1.0]]], "extrinsics": [[[0.8209095597267151, -0.5704578757286072, -0.02618064172565937, -0.505615234375], [-0.03630359098315239, -0.006379283033311367, -0.9993204474449158, 1.4881401062011719], [0.5699031352996826, 0.8213021159172058, -0.0259464830160141, -0.969482421875], [0.0, 0.0, 0.0, 1.0]], [[0.006876085419207811, -0.9999231100082397, 0.010321141220629215, 0.013671875], [-0.04151828587055206, -0.010597961954772472, -0.999081552028656, 1.5016742944717407], [0.9991140961647034, 0.006441263947635889, -0.041587959975004196, -1.23681640625], [0.0, 0.0, 0.0, 1.0]], [[-0.8321550488471985, -0.5539208650588989, 0.0262618288397789, 0.740966796875], [-0.03583786264061928, 0.006459855008870363, -0.9993367195129395, 1.4909515380859375], [0.5533837080001831, -0.8325442671775818, -0.025226939469575882, -1.049560546875], [0.0, 0.0, 0.0, 1.0]], [[0.947148323059082, 0.31908363103866577, -0.03309962525963783, -1.1444091796875], [-0.026890961453318596, -0.02384488470852375, -0.9993539452552795, 1.5886421203613281], [-0.3196667730808258, 0.9474265575408936, -0.014004177413880825, -0.1044921875], [0.0, 0.0, 0.0, 1.0]], [[0.0016017862362787127, 0.9998989701271057, -0.01412394642829895, 0.000732421875], [-0.05246154963970184, -0.014020492322742939, -0.9985244870185852, 1.5726618766784668], [-0.9986217021942139, 0.002340377541258931, 0.052433792501688004, -0.126220703125], [0.0, 0.0, 0.0, 1.0]], [[-0.9348748922348022, 0.3544633984565735, 0.019094660878181458, 0.8968505859375], [-0.01991201378405094, 0.0013417861191555858, -0.9998008608818054, 1.5463714599609375], [-0.35441839694976807, -0.9350689649581909, 0.005803676322102547, -0.151123046875], [0.0, 0.0, 0.0, 1.0]]], "view": [[0.0, -2.0, 100.0], [-2.0, 0.0, 100.0], [0.0, 0.0, 1.0]], "bev": "bev_6d5d0e60cbf4429d8b6cfa055924e5ca.png", "aux": "aux_6d5d0e60cbf4429d8b6cfa055924e5ca.npz", "visibility": "visibility_6d5d0e60cbf4429d8b6cfa055924e5ca.png", "pose": [[-0.647536039352417, -0.7620348334312439, 0.0, 1861.84521484375], [0.7620348334312439, -0.647536039352417, 0.0, 2495.029052734375], [0.0, 0.0, 1.0, 0.0], [0.0, 0.0, 0.0, 1.0]], "pose_inverse": [[-0.647536039352417, 0.7620348334312439, 0.0, -695.6870727539062], [-0.7620348334312439, -0.647536039352417, 0.0, 3034.412109375], [0.0, 0.0, 1.0, 0.0], [0.0, 0.0, 0.0, 1.0]], "cam_ids": [0, 1, 2, 3, 4, 5], "cam_channels": ["CAM_FRONT_LEFT", "CAM_FRONT", "CAM_FRONT_RIGHT", "CAM_BACK_LEFT", "CAM_BACK", "CAM_BACK_RIGHT"], "token": "6d5d0e60cbf4429d8b6cfa055924e5ca", "scene": "scene-0796"}, {"images": ["samples/CAM_FRONT_LEFT/n015-2018-10-02-10-50-40+0800__CAM_FRONT_LEFT__1538448746004844.jpg", "samples/CAM_FRONT/n015-2018-10-02-10-50-40+0800__CAM_FRONT__1538448746012460.jpg", "samples/CAM_FRONT_RIGHT/n015-2018-10-02-10-50-40+0800__CAM_FRONT_RIGHT__1538448746020339.jpg", "samples/CAM_BACK_LEFT/n015-2018-10-02-10-50-40+0800__CAM_BACK_LEFT__1538448746047423.jpg", "samples/CAM_BACK/n015-2018-10-02-10-50-40+0800__CAM_BACK__1538448746037531.jpg", "samples/CAM_BACK_RIGHT/n015-2018-10-02-10-50-40+0800__CAM_BACK_RIGHT__1538448746027913.jpg"], "intrinsics": [[[1272.5979470598488, 0.0, 826.6154927353808], [0.0, 1272.5979470598488, 479.75165386361925], [0.0, 0.0, 1.0]], [[1266.417203046554, 0.0, 816.2670197447984], [0.0, 1266.417203046554, 491.50706579294757], [0.0, 0.0, 1.0]], [[1260.8474446004698, 0.0, 807.968244525554], [0.0, 1260.8474446004698, 495.3344268742088], [0.0, 0.0, 1.0]], [[1256.7414812095406, 0.0, 792.1125740759628], [0.0, 1256.7414812095406, 492.7757465151356], [0.0, 0.0, 1.0]], [[809.2209905677063, 0.0, 829.2196003259838], [0.0, 809.2209905677063, 481.77842384512485], [0.0, 0.0, 1.0]], [[1259.5137405846733, 0.0, 807.2529053838625], [0.0, 1259.5137405846733, 501.19579884916527], [0.0, 0.0, 1.0]]], "extrinsics": [[[0.8203813433647156, -0.5709711313247681, -0.03108726069331169, -0.510009765625], [-0.03370217978954315, 0.005990496836602688, -0.9994139671325684, 1.4896087646484375], [0.5708227753639221, 0.8209482431411743, -0.014328480698168278, -0.967529296875], [0.0, 0.0, 0.0, 1.0]], [[0.005966123193502426, -0.9999797940254211, -0.0022240199614316225, 0.0107421875], [-0.0391496978700161, 0.001988779753446579, -0.9992313981056213, 1.5027236938476562], [0.9992154836654663, 0.006048664450645447, -0.039137035608291626, -1.23809814453125], [0.0, 0.0, 0.0, 1.0]], [[-0.8326232433319092, -0.5535662174224854, 0.017398525029420853, 0.739013671875], [-0.033688582479953766, 0.01926504634320736, -0.9992466568946838, 1.4916915893554688], [0.5528140664100647, -0.8325822353363037, -0.034689389169216156, -1.05126953125], [0.0, 0.0, 0.0, 1.0]], [[0.9473931789398193, 0.31891801953315735, -0.027155425399541855, -1.144287109375], [-0.025190889835357666, -0.010283824056386948, -0.9996297955513, 1.5886011123657227], [-0.3190791606903076, 0.9477265477180481, -0.0017089993925765157, -0.101806640625], [0.0, 0.0, 0.0, 1.0]], [[0.002218890003859997, 0.999997079372406, -0.000980507000349462, 0.0029296875], [-0.05062340572476387, -0.0008669231901876628, -0.9987174272537231, 1.5728378295898438], [-0.998715341091156, 0.0022657252848148346, 0.050621334463357925, -0.12689208984375], [0.0, 0.0, 0.0, 1.0]], [[-0.9346929788589478, 0.35478347539901733, 0.021857580170035362, 0.895751953125], [-0.017950262874364853, 0.014301213435828686, -0.9997366070747375, 1.5468254089355469], [-0.35500264167785645, -0.934839129447937, -0.006998787168413401, -0.1533203125], [0.0, 0.0, 0.0, 1.0]]], "view": [[0.0, -2.0, 100.0], [-2.0, 0.0, 100.0], [0.0, 0.0, 1.0]], "bev": "bev_a51146d2b181450292623ec03ade9f03.png", "aux": "aux_a51146d2b181450292623ec03ade9f03.npz", "visibility": "visibility_a51146d2b181450292623ec03ade9f03.png", "pose": [[-0.6474291682243347, -0.7621256113052368, 0.0, 1857.67236328125], [0.7621256113052368, -0.6474291682243347, 0.0, 2500.0009765625], [0.0, 0.0, 1.0, 0.0], [0.0, 0.0, 0.0, 1.0]], "pose_inverse": [[-0.6474291682243347, 0.7621256113052368, 0.0, -702.6034545898438], [-0.7621256113052368, -0.6474291682243347, 0.0, 3034.353271484375], [0.0, 0.0, 1.0, 0.0], [0.0, 0.0, 0.0, 1.0]], "cam_ids": [0, 1, 2, 3, 4, 5], "cam_channels": ["CAM_FRONT_LEFT", "CAM_FRONT", "CAM_FRONT_RIGHT", "CAM_BACK_LEFT", "CAM_BACK", "CAM_BACK_RIGHT"], "token": "a51146d2b181450292623ec03ade9f03", "scene": "scene-0796"}, {"images": ["samples/CAM_FRONT_LEFT/n015-2018-10-02-10-50-40+0800__CAM_FRONT_LEFT__1538448746504844.jpg", "samples/CAM_FRONT/n015-2018-10-02-10-50-40+0800__CAM_FRONT__1538448746512460.jpg", "samples/CAM_FRONT_RIGHT/n015-2018-10-02-10-50-40+0800__CAM_FRONT_RIGHT__1538448746520339.jpg", "samples/CAM_BACK_LEFT/n015-2018-10-02-10-50-40+0800__CAM_BACK_LEFT__1538448746547423.jpg", "samples/CAM_BACK/n015-2018-10-02-10-50-40+0800__CAM_BACK__1538448746537525.jpg", "samples/CAM_BACK_RIGHT/n015-2018-10-02-10-50-40+0800__CAM_BACK_RIGHT__1538448746527893.jpg"], "intrinsics": [[[1272.5979470598488, 0.0, 826.6154927353808], [0.0, 1272.5979470598488, 479.75165386361925], [0.0, 0.0, 1.0]], [[1266.417203046554, 0.0, 816.2670197447984], [0.0, 1266.417203046554, 491.50706579294757], [0.0, 0.0, 1.0]], [[1260.8474446004698, 0.0, 807.968244525554], [0.0, 1260.8474446004698, 495.3344268742088], [0.0, 0.0, 1.0]], [[1256.7414812095406, 0.0, 792.1125740759628], [0.0, 1256.7414812095406, 492.7757465151356], [0.0, 0.0, 1.0]], [[809.2209905677063, 0.0, 829.2196003259838], [0.0, 809.2209905677063, 481.77842384512485], [0.0, 0.0, 1.0]], [[1259.5137405846733, 0.0, 807.2529053838625], [0.0, 1259.5137405846733, 501.19579884916527], [0.0, 0.0, 1.0]]], "extrinsics": [[[0.8206759691238403, -0.5705519914627075, -0.03100212849676609, -0.51416015625], [-0.03492490202188492, 0.004067859146744013, -0.9993816614151001, 1.4890899658203125], [0.5703252553939819, 0.8212512731552124, -0.016588080674409866, -0.969482421875], [0.0, 0.0, 0.0, 1.0]], [[0.006449279375374317, -0.9999791383743286, -0.00022738886764273047, 0.009765625], [-0.040184445679187775, -3.195750468876213e-05, -0.9991922974586487, 1.502359390258789], [0.9991714954376221, 0.006453238427639008, -0.040183816105127335, -1.2403564453125], [0.0, 0.0, 0.0, 1.0]], [[-0.8323913216590881, -0.5538532733917236, 0.019266583025455475, 0.739501953125], [-0.034538332372903824, 0.017147423699498177, -0.9992561936378479, 1.4914398193359375], [0.5531108975410461, -0.8324376940727234, -0.03340253233909607, -1.052490234375], [0.0, 0.0, 0.0, 1.0]], [[0.9472392797470093, 0.31921324133872986, -0.028994722291827202, -1.132080078125], [-0.026080293580889702, -0.013401626609265804, -0.9995700120925903, 1.5882797241210938], [-0.3194645643234253, 0.9475881457328796, -0.004369370639324188, -0.106689453125], [0.0, 0.0, 0.0, 1.0]], [[0.0018839917611330748, 0.9999926090240479, -0.0033480124548077583, 0.00244140625], [-0.05130897834897041, -0.0032469406723976135, -0.9986775517463684, 1.572397232055664], [-0.9986810088157654, 0.0020533031783998013, 0.051302481442689896, -0.13360595703125], [0.0, 0.0, 0.0, 1.0]], [[-0.9347841739654541, 0.3545500934123993, 0.021744098514318466, 0.8951416015625], [-0.01865285448729992, 0.012134591117501259, -0.9997523427009583, 1.5466346740722656], [-0.3547261357307434, -0.9349583387374878, -0.0047298516146838665, -0.154296875], [0.0, 0.0, 0.0, 1.0]]], "view": [[0.0, -2.0, 100.0], [-2.0, 0.0, 100.0], [0.0, 0.0, 1.0]], "bev": "bev_092051710b7b4d9294e98dcb3f0f7be1.png", "aux": "aux_092051710b7b4d9294e98dcb3f0f7be1.npz", "visibility": "visibility_092051710b7b4d9294e98dcb3f0f7be1.png", "pose": [[-0.6465403437614441, -0.7628797888755798, 0.0, 1853.52685546875], [0.7628797888755798, -0.6465403437614441, 0.0, 2504.938720703125], [0.0, 0.0, 1.0, 0.0], [0.0, 0.0, 0.0, 1.0]], "pose_inverse": [[-0.6465403437614441, 0.7628797888755798, 0.0, -712.5872192382812], [-0.7628797888755798, -0.6465403437614441, 0.0, 3033.562255859375], [0.0, 0.0, 1.0, 0.0], [0.0, 0.0, 0.0, 1.0]], "cam_ids": [0, 1, 2, 3, 4, 5], "cam_channels": ["CAM_FRONT_LEFT", "CAM_FRONT", "CAM_FRONT_RIGHT", "CAM_BACK_LEFT", "CAM_BACK", "CAM_BACK_RIGHT"], "token": "092051710b7b4d9294e98dcb3f0f7be1", "scene": "scene-0796"}, {"images": ["samples/CAM_FRONT_LEFT/n015-2018-10-02-10-50-40+0800__CAM_FRONT_LEFT__1538448747004844.jpg", "samples/CAM_FRONT/n015-2018-10-02-10-50-40+0800__CAM_FRONT__1538448747012460.jpg", "samples/CAM_FRONT_RIGHT/n015-2018-10-02-10-50-40+0800__CAM_FRONT_RIGHT__1538448747020339.jpg", "samples/CAM_BACK_LEFT/n015-2018-10-02-10-50-40+0800__CAM_BACK_LEFT__1538448747047423.jpg", "samples/CAM_BACK/n015-2018-10-02-10-50-40+0800__CAM_BACK__1538448747037525.jpg", "samples/CAM_BACK_RIGHT/n015-2018-10-02-10-50-40+0800__CAM_BACK_RIGHT__1538448747027893.jpg"], "intrinsics": [[[1272.5979470598488, 0.0, 826.6154927353808], [0.0, 1272.5979470598488, 479.75165386361925], [0.0, 0.0, 1.0]], [[1266.417203046554, 0.0, 816.2670197447984], [0.0, 1266.417203046554, 491.50706579294757], [0.0, 0.0, 1.0]], [[1260.8474446004698, 0.0, 807.968244525554], [0.0, 1260.8474446004698, 495.3344268742088], [0.0, 0.0, 1.0]], [[1256.7414812095406, 0.0, 792.1125740759628], [0.0, 1256.7414812095406, 492.7757465151356], [0.0, 0.0, 1.0]], [[809.2209905677063, 0.0, 829.2196003259838], [0.0, 809.2209905677063, 481.77842384512485], [0.0, 0.0, 1.0]], [[1259.5137405846733, 0.0, 807.2529053838625], [0.0, 1259.5137405846733, 501.19579884916527], [0.0, 0.0, 1.0]]], "extrinsics": [[[0.8199210166931152, -0.5715701580047607, -0.03220365568995476, -0.52099609375], [-0.03596435487270355, 0.004714260809123516, -0.9993419647216797, 1.4888381958007812], [0.5713458061218262, 0.820539653301239, -0.016690829768776894, -0.974853515625], [0.0, 0.0, 0.0, 1.0]], [[0.005557041149586439, -0.9999843239784241, -0.0005951793864369392, 0.010009765625], [-0.04123378172516823, 0.0003655396867543459, -0.9991494417190552, 1.5022697448730469], [0.9991340637207031, 0.005576913710683584, -0.04123110696673393, -1.2498779296875], [0.0, 0.0, 0.0, 1.0]], [[-0.8326736092567444, -0.5533997416496277, 0.020082637667655945, 0.7474365234375], [-0.035583268851041794, 0.01727924682199955, -0.9992172718048096, 1.49139404296875], [0.5526196360588074, -0.8327365517616272, -0.034079741686582565, -1.0576171875], [0.0, 0.0, 0.0, 1.0]], [[0.9472041726112366, 0.3192576467990875, -0.029647475108504295, -1.139801025390625], [-0.026685241609811783, -0.013649746775627136, -0.9995507001876831, 1.5884876251220703], [-0.3195188343524933, 0.9475696682929993, -0.0044096303172409534, -0.1044921875], [0.0, 0.0, 0.0, 1.0]], [[0.0019416181603446603, 0.9999918341636658, -0.003562509547919035, 0.002197265625], [-0.052185580134391785, -0.0034563392400741577, -0.9986314177513123, 1.572744369506836], [-0.9986355900764465, 0.0021248983684927225, 0.052178435027599335, -0.1248779296875], [0.0, 0.0, 0.0, 1.0]], [[-0.9346843957901001, 0.35475608706474304, 0.02265603467822075, 0.90380859375], [-0.019664516672492027, 0.012036141008138657, -0.9997341632843018, 1.5465583801269531], [-0.3549344539642334, -0.9348815083503723, -0.004273887723684311, -0.150146484375], [0.0, 0.0, 0.0, 1.0]]], "view": [[0.0, -2.0, 100.0], [-2.0, 0.0, 100.0], [0.0, 0.0, 1.0]], "bev": "bev_feaef544d11646ed806b53d9e1f39cd9.png", "aux": "aux_feaef544d11646ed806b53d9e1f39cd9.npz", "visibility": "visibility_feaef544d11646ed806b53d9e1f39cd9.png", "pose": [[-0.6474141478538513, -0.7621384263038635, 0.0, 1849.4832763671875], [0.7621384263038635, -0.6474141478538513, 0.0, 2509.78857421875], [0.0, 0.0, 1.0, 0.0], [0.0, 0.0, 0.0, 1.0]], "pose_inverse": [[-0.6474141478538513, 0.7621384263038635, 0.0, -715.4246826171875], [-0.7621384263038635, -0.6474141478538513, 0.0, 3034.434814453125], [0.0, 0.0, 1.0, 0.0], [0.0, 0.0, 0.0, 1.0]], "cam_ids": [0, 1, 2, 3, 4, 5], "cam_channels": ["CAM_FRONT_LEFT", "CAM_FRONT", "CAM_FRONT_RIGHT", "CAM_BACK_LEFT", "CAM_BACK", "CAM_BACK_RIGHT"], "token": "feaef544d11646ed806b53d9e1f39cd9", "scene": "scene-0796"}, {"images": ["samples/CAM_FRONT_LEFT/n015-2018-10-02-10-50-40+0800__CAM_FRONT_LEFT__1538448747504844.jpg", "samples/CAM_FRONT/n015-2018-10-02-10-50-40+0800__CAM_FRONT__1538448747512460.jpg", "samples/CAM_FRONT_RIGHT/n015-2018-10-02-10-50-40+0800__CAM_FRONT_RIGHT__1538448747520339.jpg", "samples/CAM_BACK_LEFT/n015-2018-10-02-10-50-40+0800__CAM_BACK_LEFT__1538448747547423.jpg", "samples/CAM_BACK/n015-2018-10-02-10-50-40+0800__CAM_BACK__1538448747537525.jpg", "samples/CAM_BACK_RIGHT/n015-2018-10-02-10-50-40+0800__CAM_BACK_RIGHT__1538448747527893.jpg"], "intrinsics": [[[1272.5979470598488, 0.0, 826.6154927353808], [0.0, 1272.5979470598488, 479.75165386361925], [0.0, 0.0, 1.0]], [[1266.417203046554, 0.0, 816.2670197447984], [0.0, 1266.417203046554, 491.50706579294757], [0.0, 0.0, 1.0]], [[1260.8474446004698, 0.0, 807.968244525554], [0.0, 1260.8474446004698, 495.3344268742088], [0.0, 0.0, 1.0]], [[1256.7414812095406, 0.0, 792.1125740759628], [0.0, 1256.7414812095406, 492.7757465151356], [0.0, 0.0, 1.0]], [[809.2209905677063, 0.0, 829.2196003259838], [0.0, 809.2209905677063, 481.77842384512485], [0.0, 0.0, 1.0]], [[1259.5137405846733, 0.0, 807.2529053838625], [0.0, 1259.5137405846733, 501.19579884916527], [0.0, 0.0, 1.0]]], "extrinsics": [[[0.8206444978713989, -0.5709463357925415, -0.02372516319155693, -0.535888671875], [-0.03086702898144722, -0.0028323123697191477, -0.9995194673538208, 1.4922332763671875], [0.5706047415733337, 0.8209825158119202, -0.019947737455368042, -0.988037109375], [0.0, 0.0, 0.0, 1.0]], [[0.006241572555154562, -0.9999563097953796, 0.0069535342045128345, 0.01220703125], [-0.03616071492433548, -0.007174820639193058, -0.9993202686309814, 1.5051360130310059], [0.9993264675140381, 0.005985942669212818, -0.03620391711592674, -1.26605224609375], [0.0, 0.0, 0.0, 1.0]], [[-0.8325435519218445, -0.5535967946052551, 0.020043617114424706, 0.7587890625], [-0.03054620511829853, 0.009750308468937874, -0.9994857311248779, 1.493499755859375], [0.5531166791915894, -0.8327277898788452, -0.025027835741639137, -1.06298828125], [0.0, 0.0, 0.0, 1.0]], [[0.9473768472671509, 0.31890377402305603, -0.027883075177669525, -1.145355224609375], [-0.022206779569387436, -0.02142217569053173, -0.9995238184928894, 1.5886268615722656], [-0.3193492293357849, 0.9475449919700623, -0.013213048689067364, -0.102294921875], [0.0, 0.0, 0.0, 1.0]], [[0.0019837699364870787, 0.9999338984489441, -0.011329085566103458, 0.001708984375], [-0.04743840917944908, -0.011222250759601593, -0.9988111257553101, 1.57369863986969], [-0.9988722205162048, 0.0025188273284584284, 0.04741301015019417, -0.11761474609375], [0.0, 0.0, 0.0, 1.0]], [[-0.9348310232162476, 0.35476136207580566, 0.015337745659053326, 0.912109375], [-0.014703415334224701, 0.0044839223846793175, -0.9998818635940552, 1.5479278564453125], [-0.35478824377059937, -0.9349461793899536, 0.0010244930163025856, -0.14599609375], [0.0, 0.0, 0.0, 1.0]]], "view": [[0.0, -2.0, 100.0], [-2.0, 0.0, 100.0], [0.0, 0.0, 1.0]], "bev": "bev_dca2cc206bb34bc197ae8ebdaed22f35.png", "aux": "aux_dca2cc206bb34bc197ae8ebdaed22f35.npz", "visibility": "visibility_dca2cc206bb34bc197ae8ebdaed22f35.png", "pose": [[-0.6468643546104431, -0.7626050710678101, 0.0, 1845.4742431640625], [0.7626050710678101, -0.6468643546104431, 0.0, 2514.5771484375], [0.0, 0.0, 1.0, 0.0], [0.0, 0.0, 0.0, 1.0]], "pose_inverse": [[-0.6468643546104431, 0.7626050710678101, 0.0, -723.8577270507812], [-0.7626050710678101, -0.6468643546104431, 0.0, 3033.95849609375], [0.0, 0.0, 1.0, 0.0], [0.0, 0.0, 0.0, 1.0]], "cam_ids": [0, 1, 2, 3, 4, 5], "cam_channels": ["CAM_FRONT_LEFT", "CAM_FRONT", "CAM_FRONT_RIGHT", "CAM_BACK_LEFT", "CAM_BACK", "CAM_BACK_RIGHT"], "token": "dca2cc206bb34bc197ae8ebdaed22f35", "scene": "scene-0796"}, {"images": ["samples/CAM_FRONT_LEFT/n015-2018-10-02-10-50-40+0800__CAM_FRONT_LEFT__1538448748004844.jpg", "samples/CAM_FRONT/n015-2018-10-02-10-50-40+0800__CAM_FRONT__1538448748012460.jpg", "samples/CAM_FRONT_RIGHT/n015-2018-10-02-10-50-40+0800__CAM_FRONT_RIGHT__1538448748020339.jpg", "samples/CAM_BACK_LEFT/n015-2018-10-02-10-50-40+0800__CAM_BACK_LEFT__1538448748047423.jpg", "samples/CAM_BACK/n015-2018-10-02-10-50-40+0800__CAM_BACK__1538448748037525.jpg", "samples/CAM_BACK_RIGHT/n015-2018-10-02-10-50-40+0800__CAM_BACK_RIGHT__1538448748027893.jpg"], "intrinsics": [[[1272.5979470598488, 0.0, 826.6154927353808], [0.0, 1272.5979470598488, 479.75165386361925], [0.0, 0.0, 1.0]], [[1266.417203046554, 0.0, 816.2670197447984], [0.0, 1266.417203046554, 491.50706579294757], [0.0, 0.0, 1.0]], [[1260.8474446004698, 0.0, 807.968244525554], [0.0, 1260.8474446004698, 495.3344268742088], [0.0, 0.0, 1.0]], [[1256.7414812095406, 0.0, 792.1125740759628], [0.0, 1256.7414812095406, 492.7757465151356], [0.0, 0.0, 1.0]], [[809.2209905677063, 0.0, 829.2196003259838], [0.0, 809.2209905677063, 481.77842384512485], [0.0, 0.0, 1.0]], [[1259.5137405846733, 0.0, 807.2529053838625], [0.0, 1259.5137405846733, 501.19579884916527], [0.0, 0.0, 1.0]]], "extrinsics": [[[0.8199973106384277, -0.5716486573219299, -0.028674213215708733, -0.53662109375], [-0.036715976893901825, -0.0025403876788914204, -0.9993225336074829, 1.4891395568847656], [0.5711885094642639, 0.820494532585144, -0.02307174727320671, -0.985107421875], [0.0, 0.0, 0.0, 1.0]], [[0.0055115255527198315, -0.9999653697013855, 0.006226528435945511, 0.009765625], [-0.04201442375779152, -0.006452688481658697, -0.9990962147712708, 1.5026140213012695], [0.9991017580032349, 0.005245034582912922, -0.04204853996634483, -1.26605224609375], [0.0, 0.0, 0.0, 1.0]], [[-0.8327919840812683, -0.5530527830123901, 0.024290617555379868, 0.7589111328125], [-0.03639087453484535, 0.010908454656600952, -0.9992780685424805, 1.4916191101074219], [0.5523884892463684, -0.8330748081207275, -0.02921055071055889, -1.06494140625], [0.0, 0.0, 0.0, 1.0]], [[0.9471360445022583, 0.31920304894447327, -0.032292746007442474, -1.14276123046875], [-0.027598200365900993, -0.01922045834362507, -0.999434232711792, 1.5885696411132812], [-0.3196430802345276, 0.947491466999054, -0.009394959546625614, -0.103515625], [0.0, 0.0, 0.0, 1.0]], [[0.0021372870542109013, 0.9999548196792603, -0.009268024936318398, 0.00244140625], [-0.05304526910185814, -0.009141629561781883, -0.998550295829773, 1.573012351989746], [-0.998589813709259, 0.002625745255500078, 0.0530233271420002, -0.117431640625], [0.0, 0.0, 0.0, 1.0]], [[-0.9345108270645142, 0.3552955985069275, 0.021317996084690094, 0.9144287109375], [-0.020502815023064613, 0.006059795618057251, -0.9997714757919312, 1.5465812683105469], [-0.3553435802459717, -0.9347343444824219, 0.001621616305783391, -0.146484375], [0.0, 0.0, 0.0, 1.0]]], "view": [[0.0, -2.0, 100.0], [-2.0, 0.0, 100.0], [0.0, 0.0, 1.0]], "bev": "bev_fe42b85d7f7a4107b650ffa993a4fbff.png", "aux": "aux_fe42b85d7f7a4107b650ffa993a4fbff.npz", "visibility": "visibility_fe42b85d7f7a4107b650ffa993a4fbff.png", "pose": [[-0.649590790271759, -0.7602840065956116, 0.0, 1841.54443359375], [0.7602840065956116, -0.649590790271759, 0.0, 2519.24951171875], [0.0, 0.0, 1.0, 0.0], [0.0, 0.0, 0.0, 1.0]], "pose_inverse": [[-0.649590790271759, 0.7602840065956116, 0.0, -719.0949096679688], [-0.7602840065956116, -0.649590790271759, 0.0, 3036.578125], [0.0, 0.0, 1.0, 0.0], [0.0, 0.0, 0.0, 1.0]], "cam_ids": [0, 1, 2, 3, 4, 5], "cam_channels": ["CAM_FRONT_LEFT", "CAM_FRONT", "CAM_FRONT_RIGHT", "CAM_BACK_LEFT", "CAM_BACK", "CAM_BACK_RIGHT"], "token": "fe42b85d7f7a4107b650ffa993a4fbff", "scene": "scene-0796"}, {"images": ["samples/CAM_FRONT_LEFT/n015-2018-10-02-10-50-40+0800__CAM_FRONT_LEFT__1538448748504844.jpg", "samples/CAM_FRONT/n015-2018-10-02-10-50-40+0800__CAM_FRONT__1538448748512460.jpg", "samples/CAM_FRONT_RIGHT/n015-2018-10-02-10-50-40+0800__CAM_FRONT_RIGHT__1538448748520339.jpg", "samples/CAM_BACK_LEFT/n015-2018-10-02-10-50-40+0800__CAM_BACK_LEFT__1538448748547423.jpg", "samples/CAM_BACK/n015-2018-10-02-10-50-40+0800__CAM_BACK__1538448748537782.jpg", "samples/CAM_BACK_RIGHT/n015-2018-10-02-10-50-40+0800__CAM_BACK_RIGHT__1538448748527893.jpg"], "intrinsics": [[[1272.5979470598488, 0.0, 826.6154927353808], [0.0, 1272.5979470598488, 479.75165386361925], [0.0, 0.0, 1.0]], [[1266.417203046554, 0.0, 816.2670197447984], [0.0, 1266.417203046554, 491.50706579294757], [0.0, 0.0, 1.0]], [[1260.8474446004698, 0.0, 807.968244525554], [0.0, 1260.8474446004698, 495.3344268742088], [0.0, 0.0, 1.0]], [[1256.7414812095406, 0.0, 792.1125740759628], [0.0, 1256.7414812095406, 492.7757465151356], [0.0, 0.0, 1.0]], [[809.2209905677063, 0.0, 829.2196003259838], [0.0, 809.2209905677063, 481.77842384512485], [0.0, 0.0, 1.0]], [[1259.5137405846733, 0.0, 807.2529053838625], [0.0, 1259.5137405846733, 501.19579884916527], [0.0, 0.0, 1.0]]], "extrinsics": [[[0.8207522034645081, -0.5710808634757996, -0.0152541259303689, -0.5419921875], [-0.030281223356723785, -0.01682494953274727, -0.9993997812271118, 1.4928264617919922], [0.5704814195632935, 0.820721447467804, -0.031102139502763748, -0.992431640625], [0.0, 0.0, 0.0, 1.0]], [[0.006606412120163441, -0.9997543692588806, 0.021154386922717094, 0.01220703125], [-0.03561617061495781, -0.021376676857471466, -0.9991368651390076, 1.5056381225585938], [0.9993436932563782, 0.005847346503287554, -0.03574864938855171, -1.27178955078125], [0.0, 0.0, 0.0, 1.0]], [[-0.8322458863258362, -0.5537186861038208, 0.027611620724201202, 0.7625732421875], [-0.03005363419651985, -0.004671740811318159, -0.9995373487472534, 1.4938344955444336], [0.5535914301872253, -0.8326907157897949, -0.012753219343721867, -1.06494140625], [0.0, 0.0, 0.0, 1.0]], [[0.9472402334213257, 0.3188616633415222, -0.03260549530386925, -1.14398193359375], [-0.022099167108535767, -0.03651289641857147, -0.9990887641906738, 1.5885848999023438], [-0.31976157426834106, 0.9470977187156677, -0.02753991074860096, -0.10302734375], [0.0, 0.0, 0.0, 1.0]], [[0.0014033090556040406, 0.9996612071990967, -0.025989660993218422, 0.001708984375], [-0.04703408479690552, -0.02589494176208973, -0.9985576272010803, 1.5739402770996094], [-0.9988923072814941, 0.0026237373240292072, 0.0469818152487278, -0.114013671875], [0.0, 0.0, 0.0, 1.0]], [[-0.9350976347923279, 0.3542560338973999, 0.009753822349011898, 0.9139404296875], [-0.014237957075238228, -0.010053577832877636, -0.9998481273651123, 1.5481109619140625], [-0.3541041910648346, -0.9350944757461548, 0.014444961212575436, -0.144775390625], [0.0, 0.0, 0.0, 1.0]]], "view": [[0.0, -2.0, 100.0], [-2.0, 0.0, 100.0], [0.0, 0.0, 1.0]], "bev": "bev_fe2a163b8948451b95fa48e21e1988ce.png", "aux": "aux_fe2a163b8948451b95fa48e21e1988ce.npz", "visibility": "visibility_fe2a163b8948451b95fa48e21e1988ce.png", "pose": [[-0.651549756526947, -0.7586058974266052, 0.0, 1837.580078125], [0.7586058974266052, -0.651549756526947, 0.0, 2523.927978515625], [0.0, 0.0, 1.0, 0.0], [0.0, 0.0, 0.0, 1.0]], "pose_inverse": [[-0.651549756526947, 0.7586058974266052, 0.0, -717.3917846679688], [-0.7586058974266052, -0.651549756526947, 0.0, 3038.4638671875], [0.0, 0.0, 1.0, 0.0], [0.0, 0.0, 0.0, 1.0]], "cam_ids": [0, 1, 2, 3, 4, 5], "cam_channels": ["CAM_FRONT_LEFT", "CAM_FRONT", "CAM_FRONT_RIGHT", "CAM_BACK_LEFT", "CAM_BACK", "CAM_BACK_RIGHT"], "token": "fe2a163b8948451b95fa48e21e1988ce", "scene": "scene-0796"}, {"images": ["samples/CAM_FRONT_LEFT/n015-2018-10-02-10-50-40+0800__CAM_FRONT_LEFT__1538448749004844.jpg", "samples/CAM_FRONT/n015-2018-10-02-10-50-40+0800__CAM_FRONT__1538448749012460.jpg", "samples/CAM_FRONT_RIGHT/n015-2018-10-02-10-50-40+0800__CAM_FRONT_RIGHT__1538448749020339.jpg", "samples/CAM_BACK_LEFT/n015-2018-10-02-10-50-40+0800__CAM_BACK_LEFT__1538448749047423.jpg", "samples/CAM_BACK/n015-2018-10-02-10-50-40+0800__CAM_BACK__1538448749037525.jpg", "samples/CAM_BACK_RIGHT/n015-2018-10-02-10-50-40+0800__CAM_BACK_RIGHT__1538448749027893.jpg"], "intrinsics": [[[1272.5979470598488, 0.0, 826.6154927353808], [0.0, 1272.5979470598488, 479.75165386361925], [0.0, 0.0, 1.0]], [[1266.417203046554, 0.0, 816.2670197447984], [0.0, 1266.417203046554, 491.50706579294757], [0.0, 0.0, 1.0]], [[1260.8474446004698, 0.0, 807.968244525554], [0.0, 1260.8474446004698, 495.3344268742088], [0.0, 0.0, 1.0]], [[1256.7414812095406, 0.0, 792.1125740759628], [0.0, 1256.7414812095406, 492.7757465151356], [0.0, 0.0, 1.0]], [[809.2209905677063, 0.0, 829.2196003259838], [0.0, 809.2209905677063, 481.77842384512485], [0.0, 0.0, 1.0]], [[1259.5137405846733, 0.0, 807.2529053838625], [0.0, 1259.5137405846733, 501.19579884916527], [0.0, 0.0, 1.0]]], "extrinsics": [[[0.8208882212638855, -0.5708962082862854, -0.014837274327874184, -0.5439453125], [-0.030879080295562744, -0.01842821016907692, -0.9993532299995422, 1.4925193786621094], [0.5702534914016724, 0.82081538438797, -0.032756250351667404, -0.9912109375], [0.0, 0.0, 0.0, 1.0]], [[0.006683359853923321, -0.9997304081916809, 0.022232532501220703, 0.010498046875], [-0.03593341261148453, -0.022458776831626892, -0.9991018176078796, 1.505523681640625], [0.9993317723274231, 0.00587854441255331, -0.036073826253414154, -1.2733154296875], [0.0, 0.0, 0.0, 1.0]], [[-0.8323013782501221, -0.5536190271377563, 0.027935704216361046, 0.76318359375], [-0.030079787597060204, -0.005215194076299667, -0.9995338916778564, 1.4938807487487793], [0.5535066723823547, -0.8327537178993225, -0.012312128208577633, -1.06689453125], [0.0, 0.0, 0.0, 1.0]], [[0.9473092555999756, 0.3188091516494751, -0.0310790054500103, -1.1385498046875], [-0.020746897906064987, -0.03575403243303299, -0.9991452693939209, 1.5884857177734375], [-0.319647878408432, 0.9471443295478821, -0.027255821973085403, -0.105224609375], [0.0, 0.0, 0.0, 1.0]], [[0.0015947942156344652, 0.9996692538261414, -0.025671683251857758, 0.00146484375], [-0.04637731611728668, -0.025570156052708626, -0.998596727848053, 1.5738067626953125], [-0.9989227056503296, 0.0027831329498440027, 0.046321187168359756, -0.11810302734375], [0.0, 0.0, 0.0, 1.0]], [[-0.9350069761276245, 0.3545028567314148, 0.009468656964600086, 0.9163818359375], [-0.01399148814380169, -0.01019709836691618, -0.9998501539230347, 1.5481948852539062], [-0.354353129863739, -0.9349993467330933, 0.014494379982352257, -0.144775390625], [0.0, 0.0, 0.0, 1.0]]], "view": [[0.0, -2.0, 100.0], [-2.0, 0.0, 100.0], [0.0, 0.0, 1.0]], "bev": "bev_3a7aa284dd9d485d8effc20db8cda140.png", "aux": "aux_3a7aa284dd9d485d8effc20db8cda140.npz", "visibility": "visibility_3a7aa284dd9d485d8effc20db8cda140.png", "pose": [[-0.6496656537055969, -0.7602200508117676, 0.0, 1833.69287109375], [0.7602200508117676, -0.6496656537055969, 0.0, 2528.518798828125], [0.0, 0.0, 1.0, 0.0], [0.0, 0.0, 0.0, 1.0]], "pose_inverse": [[-0.6496656537055969, 0.7602200508117676, 0.0, -730.9434204101562], [-0.7602200508117676, -0.6496656537055969, 0.0, 3036.701904296875], [0.0, 0.0, 1.0, 0.0], [0.0, 0.0, 0.0, 1.0]], "cam_ids": [0, 1, 2, 3, 4, 5], "cam_channels": ["CAM_FRONT_LEFT", "CAM_FRONT", "CAM_FRONT_RIGHT", "CAM_BACK_LEFT", "CAM_BACK", "CAM_BACK_RIGHT"], "token": "3a7aa284dd9d485d8effc20db8cda140", "scene": "scene-0796"}, {"images": ["samples/CAM_FRONT_LEFT/n015-2018-10-02-10-50-40+0800__CAM_FRONT_LEFT__1538448749504844.jpg", "samples/CAM_FRONT/n015-2018-10-02-10-50-40+0800__CAM_FRONT__1538448749512460.jpg", "samples/CAM_FRONT_RIGHT/n015-2018-10-02-10-50-40+0800__CAM_FRONT_RIGHT__1538448749520339.jpg", "samples/CAM_BACK_LEFT/n015-2018-10-02-10-50-40+0800__CAM_BACK_LEFT__1538448749547423.jpg", "samples/CAM_BACK/n015-2018-10-02-10-50-40+0800__CAM_BACK__1538448749537525.jpg", "samples/CAM_BACK_RIGHT/n015-2018-10-02-10-50-40+0800__CAM_BACK_RIGHT__1538448749527893.jpg"], "intrinsics": [[[1272.5979470598488, 0.0, 826.6154927353808], [0.0, 1272.5979470598488, 479.75165386361925], [0.0, 0.0, 1.0]], [[1266.417203046554, 0.0, 816.2670197447984], [0.0, 1266.417203046554, 491.50706579294757], [0.0, 0.0, 1.0]], [[1260.8474446004698, 0.0, 807.968244525554], [0.0, 1260.8474446004698, 495.3344268742088], [0.0, 0.0, 1.0]], [[1256.7414812095406, 0.0, 792.1125740759628], [0.0, 1256.7414812095406, 492.7757465151356], [0.0, 0.0, 1.0]], [[809.2209905677063, 0.0, 829.2196003259838], [0.0, 809.2209905677063, 481.77842384512485], [0.0, 0.0, 1.0]], [[1259.5137405846733, 0.0, 807.2529053838625], [0.0, 1259.5137405846733, 501.19579884916527], [0.0, 0.0, 1.0]]], "extrinsics": [[[0.8208374977111816, -0.5711186528205872, 0.007028720807284117, -0.540771484375], [-0.016832998022437096, -0.03649013862013817, -0.9991922378540039, 1.499542236328125], [0.5709137320518494, 0.820056140422821, -0.03956611081957817, -0.98486328125], [0.0, 0.0, 0.0, 1.0]], [[0.006029346492141485, -0.9991721510887146, 0.04023107513785362, 0.007568359375], [-0.022157028317451477, -0.040355417877435684, -0.9989397525787354, 1.5111160278320312], [0.9997363090515137, 0.005131546873599291, -0.02238200418651104, -1.2677001953125], [0.0, 0.0, 0.0, 1.0]], [[-0.8328150510787964, -0.5529165267944336, 0.026501696556806564, 0.758056640625], [-0.016565626487135887, -0.022960010915994644, -0.9995990991592407, 1.4981765747070312], [0.5533033609390259, -0.832920253276825, 0.009962035343050957, -1.066650390625], [0.0, 0.0, 0.0, 1.0]], [[0.9476571083068848, 0.31836220622062683, -0.024320410564541817, -1.133880615234375], [-0.007839815691113472, -0.05294628441333771, -0.9985665678977966, 1.5884246826171875], [-0.3191935122013092, 0.9464893937110901, -0.04767902195453644, -0.10498046875], [0.0, 0.0, 0.0, 1.0]], [[0.00219437712803483, 0.9990700483322144, -0.04306165874004364, 0.00341796875], [-0.03325636684894562, -0.042965035885572433, -0.998522937297821, 1.5751876831054688], [-0.9994444847106934, 0.003623