[{"images": ["samples/CAM_FRONT_LEFT/n015-2018-09-25-13-17-43+0800__CAM_FRONT_LEFT__1537852899154844.jpg", "samples/CAM_FRONT/n015-2018-09-25-13-17-43+0800__CAM_FRONT__1537852899162460.jpg", "samples/CAM_FRONT_RIGHT/n015-2018-09-25-13-17-43+0800__CAM_FRONT_RIGHT__1537852899170339.jpg", "samples/CAM_BACK_LEFT/n015-2018-09-25-13-17-43+0800__CAM_BACK_LEFT__1537852899197423.jpg", "samples/CAM_BACK/n015-2018-09-25-13-17-43+0800__CAM_BACK__1537852899187525.jpg", "samples/CAM_BACK_RIGHT/n015-2018-09-25-13-17-43+0800__CAM_BACK_RIGHT__1537852899177893.jpg"], "intrinsics": [[[1272.5979470598488, 0.0, 826.6154927353808], [0.0, 1272.5979470598488, 479.75165386361925], [0.0, 0.0, 1.0]], [[1266.417203046554, 0.0, 816.2670197447984], [0.0, 1266.417203046554, 491.50706579294757], [0.0, 0.0, 1.0]], [[1260.8474446004698, 0.0, 807.968244525554], [0.0, 1260.8474446004698, 495.3344268742088], [0.0, 0.0, 1.0]], [[1256.7414812095406, 0.0, 792.1125740759628], [0.0, 1256.7414812095406, 492.7757465151356], [0.0, 0.0, 1.0]], [[809.2209905677063, 0.0, 829.2196003259838], [0.0, 809.2209905677063, 481.77842384512485], [0.0, 0.0, 1.0]], [[1259.5137405846733, 0.0, 807.2529053838625], [0.0, 1259.5137405846733, 501.19579884916527], [0.0, 0.0, 1.0]]], "extrinsics": [[[0.8215020298957825, -0.5699703097343445, 0.016377674415707588, -0.7083740234375], [0.0033678631298244, -0.023871785029768944, -0.9997093677520752, 1.5093212127685547], [0.5701954960823059, 0.8213184475898743, -0.01769113913178444, -1.103271484375], [0.0, 0.0, 0.0, 1.0]], [[0.006737004965543747, -0.9995915293693542, 0.027772363275289536, 0.0076904296875], [-0.0018876305548474193, -0.027785656973719597, -0.9996121525764465, 1.5200729370117188], [0.9999755024909973, 0.006681880913674831, -0.002074052346870303, -1.4364471435546875], [0.0, 0.0, 0.0, 1.0]], [[-0.8324541449546814, -0.5540872812271118, 0.00268749101087451, 0.867828369140625], [0.0037410918157547712, -0.010470572859048843, -0.9999381899833679, 1.5043926239013672], [0.5540812015533447, -0.8323926329612732, 0.010789165273308754, -1.138427734375], [0.0, 0.0, 0.0, 1.0]], [[0.9477750658988953, 0.3189372718334198, -0.0011707450030371547, -1.142852783203125], [0.012527895160019398, -0.04089614003896713, -0.9990848898887634, 1.5885543823242188], [-0.3186931908130646, 0.9468930959701538, -0.04275595769286156, -0.103759765625], [0.0, 0.0, 0.0, 1.0]], [[0.0022647057194262743, 0.999520480632782, -0.03088168054819107, 0.00262451171875], [-0.012895402498543262, -0.03085000067949295, -0.9994408488273621, 1.5784378051757812], [-0.999914288520813, 0.0026617245748639107, 0.012819351628422737, -0.0701141357421875], [0.0, 0.0, 0.0, 1.0]], [[-0.9349092245101929, 0.35408297181129456, -0.02387084625661373, 1.00274658203125], [0.019669027999043465, -0.015461399219930172, -0.9996870160102844, 1.5542621612548828], [-0.3543412387371063, -0.9350862503051758, 0.007490537129342556, -0.11370849609375], [0.0, 0.0, 0.0, 1.0]]], "view": [[0.0, -2.0, 100.0], [-2.0, 0.0, 100.0], [0.0, 0.0, 1.0]], "bev": "bev_23d02c83708b4f5e9579bbd99370a672.png", "aux": "aux_23d02c83708b4f5e9579bbd99370a672.npz", "visibility": "visibility_23d02c83708b4f5e9579bbd99370a672.png", "pose": [[-0.8340632319450378, -0.5516688227653503, 0.0, 411.9776916503906], [0.5516688227653503, -0.8340632319450378, 0.0, 939.5807495117188], [0.0, 0.0, 1.0, 0.0], [0.0, 0.0, 0.0, 1.0]], "pose_inverse": [[-0.8340632319450378, 0.5516688227653503, 0.0, -174.72193908691406], [-0.5516688227653503, -0.8340632319450378, 0.0, 1010.9450073242188], [0.0, 0.0, 1.0, 0.0], [0.0, 0.0, 0.0, 1.0]], "cam_ids": [0, 1, 2, 3, 4, 5], "cam_channels": ["CAM_FRONT_LEFT", "CAM_FRONT", "CAM_FRONT_RIGHT", "CAM_BACK_LEFT", "CAM_BACK", "CAM_BACK_RIGHT"], "token": "23d02c83708b4f5e9579bbd99370a672", "scene": "scene-0967"}, {"images": ["samples/CAM_FRONT_LEFT/n015-2018-09-25-13-17-43+0800__CAM_FRONT_LEFT__1537852899654844.jpg", "samples/CAM_FRONT/n015-2018-09-25-13-17-43+0800__CAM_FRONT__1537852899662460.jpg", "samples/CAM_FRONT_RIGHT/n015-2018-09-25-13-17-43+0800__CAM_FRONT_RIGHT__1537852899670339.jpg", "samples/CAM_BACK_LEFT/n015-2018-09-25-13-17-43+0800__CAM_BACK_LEFT__1537852899697423.jpg", "samples/CAM_BACK/n015-2018-09-25-13-17-43+0800__CAM_BACK__1537852899687525.jpg", "samples/CAM_BACK_RIGHT/n015-2018-09-25-13-17-43+0800__CAM_BACK_RIGHT__1537852899677893.jpg"], "intrinsics": [[[1272.5979470598488, 0.0, 826.6154927353808], [0.0, 1272.5979470598488, 479.75165386361925], [0.0, 0.0, 1.0]], [[1266.417203046554, 0.0, 816.2670197447984], [0.0, 1266.417203046554, 491.50706579294757], [0.0, 0.0, 1.0]], [[1260.8474446004698, 0.0, 807.968244525554], [0.0, 1260.8474446004698, 495.3344268742088], [0.0, 0.0, 1.0]], [[1256.7414812095406, 0.0, 792.1125740759628], [0.0, 1256.7414812095406, 492.7757465151356], [0.0, 0.0, 1.0]], [[809.2209905677063, 0.0, 829.2196003259838], [0.0, 809.2209905677063, 481.77842384512485], [0.0, 0.0, 1.0]], [[1259.5137405846733, 0.0, 807.2529053838625], [0.0, 1259.5137405846733, 501.19579884916527], [0.0, 0.0, 1.0]]], "extrinsics": [[[0.821239173412323, -0.5703443884849548, 0.016532834619283676, -0.70904541015625], [0.0026623313315212727, -0.02514469437301159, -0.9996802806854248, 1.5090866088867188], [0.5705776810646057, 0.8210206627845764, -0.019131364300847054, -1.1029052734375], [0.0, 0.0, 0.0, 1.0]], [[0.006303754169493914, -0.9995567798614502, 0.02909315750002861, 0.00677490234375], [-0.002576535800471902, -0.029109874740242958, -0.9995729327201843, 1.5198802947998047], [0.9999767541885376, 0.006226179655641317, -0.002758897142484784, -1.436859130859375], [0.0, 0.0, 0.0, 1.0]], [[-0.8326671123504639, -0.553759753704071, 0.003965204115957022, 0.867767333984375], [0.0030907283071428537, -0.011807385832071304, -0.999925434589386, 1.5042543411254883], [0.5537652969360352, -0.8325927257537842, 0.011543145403265953, -1.13922119140625], [0.0, 0.0, 0.0, 1.0]], [[0.9478038549423218, 0.318846195936203, -0.002209280151873827, -1.1431884765625], [0.011808844283223152, -0.042025405913591385, -0.9990467429161072, 1.5885429382324219], [-0.31863510608673096, 0.9468742609024048, -0.04359704628586769, -0.103271484375], [0.0, 0.0, 0.0, 1.0]], [[0.0024157220032066107, 0.999482274055481, -0.03208501636981964, 0.0029296875], [-0.013632829301059246, -0.032049208879470825, -0.9993933439254761, 1.5783824920654297], [-0.9999041557312012, 0.002851618453860283, 0.013548349030315876, -0.0694732666015625], [0.0, 0.0, 0.0, 1.0]], [[-0.9348227381706238, 0.35432299971580505, -0.023699406534433365, 1.0032958984375], [0.018988579511642456, -0.016766753047704697, -0.9996790885925293, 1.554147720336914], [-0.35460659861564636, -0.934972882270813, 0.00894585158675909, -0.11395263671875], [0.0, 0.0, 0.0, 1.0]]], "view": [[0.0, -2.0, 100.0], [-2.0, 0.0, 100.0], [0.0, 0.0, 1.0]], "bev": "bev_a5da98c4afeb488596b9906035da53cc.png", "aux": "aux_a5da98c4afeb488596b9906035da53cc.npz", "visibility": "visibility_a5da98c4afeb488596b9906035da53cc.png", "pose": [[-0.8262124061584473, -0.563358724117279, 0.0, 408.9023132324219], [0.563358724117279, -0.8262124061584473, 0.0, 941.662109375], [0.0, 0.0, 1.0, 0.0], [0.0, 0.0, 0.0, 1.0]], "pose_inverse": [[-0.8262124061584473, 0.563358724117279, 0.0, -192.6533966064453], [-0.563358724117279, -0.8262124061584473, 0.0, 1008.37158203125], [0.0, 0.0, 1.0, 0.0], [0.0, 0.0, 0.0, 1.0]], "cam_ids": [0, 1, 2, 3, 4, 5], "cam_channels": ["CAM_FRONT_LEFT", "CAM_FRONT", "CAM_FRONT_RIGHT", "CAM_BACK_LEFT", "CAM_BACK", "CAM_BACK_RIGHT"], "token": "a5da98c4afeb488596b9906035da53cc", "scene": "scene-0967"}, {"images": ["samples/CAM_FRONT_LEFT/n015-2018-09-25-13-17-43+0800__CAM_FRONT_LEFT__1537852900154844.jpg", "samples/CAM_FRONT/n015-2018-09-25-13-17-43+0800__CAM_FRONT__1537852900162460.jpg", "samples/CAM_FRONT_RIGHT/n015-2018-09-25-13-17-43+0800__CAM_FRONT_RIGHT__1537852900170339.jpg", "samples/CAM_BACK_LEFT/n015-2018-09-25-13-17-43+0800__CAM_BACK_LEFT__1537852900197423.jpg", "samples/CAM_BACK/n015-2018-09-25-13-17-43+0800__CAM_BACK__1537852900187525.jpg", "samples/CAM_BACK_RIGHT/n015-2018-09-25-13-17-43+0800__CAM_BACK_RIGHT__1537852900177893.jpg"], "intrinsics": [[[1272.5979470598488, 0.0, 826.6154927353808], [0.0, 1272.5979470598488, 479.75165386361925], [0.0, 0.0, 1.0]], [[1266.417203046554, 0.0, 816.2670197447984], [0.0, 1266.417203046554, 491.50706579294757], [0.0, 0.0, 1.0]], [[1260.8474446004698, 0.0, 807.968244525554], [0.0, 1260.8474446004698, 495.3344268742088], [0.0, 0.0, 1.0]], [[1256.7414812095406, 0.0, 792.1125740759628], [0.0, 1256.7414812095406, 492.7757465151356], [0.0, 0.0, 1.0]], [[809.2209905677063, 0.0, 829.2196003259838], [0.0, 809.2209905677063, 481.77842384512485], [0.0, 0.0, 1.0]], [[1259.5137405846733, 0.0, 807.2529053838625], [0.0, 1259.5137405846733, 501.19579884916527], [0.0, 0.0, 1.0]]], "extrinsics": [[[0.8209288716316223, -0.570874810218811, 0.013334586285054684, -0.7298583984375], [0.0038636522367596626, -0.017798282206058502, -0.9998341202735901, 1.5093650817871094], [0.5710175037384033, 0.8208441734313965, -0.012405459769070148, -1.11773681640625], [0.0, 0.0, 0.0, 1.0]], [[0.005892140790820122, -0.9997453689575195, 0.02177809178829193, 0.007080078125], [-0.0014036170905455947, -0.02178671769797802, -0.999761700630188, 1.5202198028564453], [0.9999815821647644, 0.005860085599124432, -0.0015316302888095379, -1.4588165283203125], [0.0, 0.0, 0.0, 1.0]], [[-0.8328127264976501, -0.5535537600517273, -0.0010497162584215403, 0.883209228515625], [0.004257621709257364, -0.0045092361979186535, -0.9999807476997375, 1.5044114589691162], [0.5535383820533752, -0.8328011631965637, 0.006112173665314913, -1.1490478515625], [0.0, 0.0, 0.0, 1.0]], [[0.9477589726448059, 0.31898489594459534, 0.0012300905073061585, -1.149383544921875], [0.013015141710639, -0.034816619008779526, -0.9993089437484741, 1.5884475708007812], [-0.31872162222862244, 0.9471200704574585, -0.037149399518966675, -0.10107421875], [0.0, 0.0, 0.0, 1.0]], [[0.0024756353814154863, 0.9996892809867859, -0.024805396795272827, 0.00274658203125], [-0.012410612776875496, -0.024772847071290016, -0.9996160864830017, 1.5785980224609375], [-0.9999198317527771, 0.0027825559955090284, 0.01234542764723301, -0.059814453125], [0.0, 0.0, 0.0, 1.0]], [[-0.9347394704818726, 0.35463738441467285, -0.022232916206121445, 1.01678466796875], [0.0201832577586174, -0.009478138759732246, -0.9997513890266418, 1.554032325744629], [-0.35475996136665344, -0.934955894947052, 0.0017018504440784454, -0.108642578125], [0.0, 0.0, 0.0, 1.0]]], "view": [[0.0, -2.0, 100.0], [-2.0, 0.0, 100.0], [0.0, 0.0, 1.0]], "bev": "bev_bceab9713c1f465086a7449e4d91ca4d.png", "aux": "aux_bceab9713c1f465086a7449e4d91ca4d.npz", "visibility": "visibility_bceab9713c1f465086a7449e4d91ca4d.png", "pose": [[-0.8244362473487854, -0.5659548044204712, 0.0, 406.0262451171875], [0.5659548044204712, -0.8244362473487854, 0.0, 943.6514282226562], [0.0, 0.0, 1.0, 0.0], [0.0, 0.0, 0.0, 1.0]], "pose_inverse": [[-0.8244362473487854, 0.5659548044204712, 0.0, -199.3212890625], [-0.5659548044204712, -0.8244362473487854, 0.0, 1007.77294921875], [0.0, 0.0, 1.0, 0.0], [0.0, 0.0, 0.0, 1.0]], "cam_ids": [0, 1, 2, 3, 4, 5], "cam_channels": ["CAM_FRONT_LEFT", "CAM_FRONT", "CAM_FRONT_RIGHT", "CAM_BACK_LEFT", "CAM_BACK", "CAM_BACK_RIGHT"], "token": "bceab9713c1f465086a7449e4d91ca4d", "scene": "scene-0967"}, {"images": ["samples/CAM_FRONT_LEFT/n015-2018-09-25-13-17-43+0800__CAM_FRONT_LEFT__1537852900654844.jpg", "samples/CAM_FRONT/n015-2018-09-25-13-17-43+0800__CAM_FRONT__1537852900662505.jpg", "samples/CAM_FRONT_RIGHT/n015-2018-09-25-13-17-43+0800__CAM_FRONT_RIGHT__1537852900670339.jpg", "samples/CAM_BACK_LEFT/n015-2018-09-25-13-17-43+0800__CAM_BACK_LEFT__1537852900697423.jpg", "samples/CAM_BACK/n015-2018-09-25-13-17-43+0800__CAM_BACK__1537852900687525.jpg", "samples/CAM_BACK_RIGHT/n015-2018-09-25-13-17-43+0800__CAM_BACK_RIGHT__1537852900677893.jpg"], "intrinsics": [[[1272.5979470598488, 0.0, 826.6154927353808], [0.0, 1272.5979470598488, 479.75165386361925], [0.0, 0.0, 1.0]], [[1266.417203046554, 0.0, 816.2670197447984], [0.0, 1266.417203046554, 491.50706579294757], [0.0, 0.0, 1.0]], [[1260.8474446004698, 0.0, 807.968244525554], [0.0, 1260.8474446004698, 495.3344268742088], [0.0, 0.0, 1.0]], [[1256.7414812095406, 0.0, 792.1125740759628], [0.0, 1256.7414812095406, 492.7757465151356], [0.0, 0.0, 1.0]], [[809.2209905677063, 0.0, 829.2196003259838], [0.0, 809.2209905677063, 481.77842384512485], [0.0, 0.0, 1.0]], [[1259.5137405846733, 0.0, 807.2529053838625], [0.0, 1259.5137405846733, 501.19579884916527], [0.0, 0.0, 1.0]]], "extrinsics": [[[0.820664644241333, -0.5712947249412537, 0.011483456939458847, -0.75], [0.003832231741398573, -0.01459346991032362, -0.999886155128479, 1.5092792510986328], [0.5713972449302673, 0.820615291595459, -0.00978701189160347, -1.13330078125], [0.0, 0.0, 0.0, 1.0]], [[0.005524999462068081, -0.9998098611831665, 0.018701842054724693, 0.00823974609375], [-0.0014017304638400674, -0.018709855154156685, -0.9998239874839783, 1.5202693939208984], [0.9999837279319763, 0.005497705191373825, -0.001504836487583816, -1.4792938232421875], [0.0, 0.0, 0.0, 1.0]], [[-0.8329630494117737, -0.5533220767974854, -0.0026991155464202166, 0.896087646484375], [0.004268330056220293, -0.0015475120162591338, -0.9999896883964539, 1.5043458938598633], [0.5533121824264526, -0.8329659700393677, 0.003650783095508814, -1.156494140625], [0.0, 0.0, 0.0, 1.0]], [[0.9477515816688538, 0.31900259852409363, 0.002071556868031621, -1.1437835693359375], [0.012982519343495369, -0.032080888748168945, -0.9994009137153625, 1.5885391235351562], [-0.31874507665634155, 0.9472107291221619, -0.03454617038369179, -0.10333251953125], [0.0, 0.0, 0.0, 1.0]], [[0.0025520429480820894, 0.9997533559799194, -0.02206398919224739, 0.00244140625], [-0.012440134771168232, -0.02203061431646347, -0.9996799230575562, 1.5786418914794922], [-0.9999193549156189, 0.0028257176745682955, 0.012380843050777912, -0.0565032958984375], [0.0, 0.0, 0.0, 1.0]], [[-0.9346739649772644, 0.3548729419708252, -0.02120831236243248, 1.0257568359375], [0.020170317962765694, -0.0066245258785784245, -0.9997745752334595, 1.5538358688354492], [-0.35493338108062744, -0.9348910450935364, -0.0009661281364969909, -0.10455322265625], [0.0, 0.0, 0.0, 1.0]]], "view": [[0.0, -2.0, 100.0], [-2.0, 0.0, 100.0], [0.0, 0.0, 1.0]], "bev": "bev_633049746c5144be865a83acb22fcf37.png", "aux": "aux_633049746c5144be865a83acb22fcf37.npz", "visibility": "visibility_633049746c5144be865a83acb22fcf37.png", "pose": [[-0.8245397806167603, -0.5658040046691895, 0.0, 403.34942626953125], [0.5658040046691895, -0.8245397806167603, 0.0, 945.513916015625], [0.0, 0.0, 1.0, 0.0], [0.0, 0.0, 0.0, 1.0]], "pose_inverse": [[-0.8245397806167603, 0.5658040046691895, 0.0, -202.39794921875], [-0.5658040046691895, -0.8245397806167603, 0.0, 1007.83056640625], [0.0, 0.0, 1.0, 0.0], [0.0, 0.0, 0.0, 1.0]], "cam_ids": [0, 1, 2, 3, 4, 5], "cam_channels": ["CAM_FRONT_LEFT", "CAM_FRONT", "CAM_FRONT_RIGHT", "CAM_BACK_LEFT", "CAM_BACK", "CAM_BACK_RIGHT"], "token": "633049746c5144be865a83acb22fcf37", "scene": "scene-0967"}, {"images": ["samples/CAM_FRONT_LEFT/n015-2018-09-25-13-17-43+0800__CAM_FRONT_LEFT__1537852901154844.jpg", "samples/CAM_FRONT/n015-2018-09-25-13-17-43+0800__CAM_FRONT__1537852901162460.jpg", "samples/CAM_FRONT_RIGHT/n015-2018-09-25-13-17-43+0800__CAM_FRONT_RIGHT__1537852901170339.jpg", "samples/CAM_BACK_LEFT/n015-2018-09-25-13-17-43+0800__CAM_BACK_LEFT__1537852901197423.jpg", "samples/CAM_BACK/n015-2018-09-25-13-17-43+0800__CAM_BACK__1537852901187525.jpg", "samples/CAM_BACK_RIGHT/n015-2018-09-25-13-17-43+0800__CAM_BACK_RIGHT__1537852901177893.jpg"], "intrinsics": [[[1272.5979470598488, 0.0, 826.6154927353808], [0.0, 1272.5979470598488, 479.75165386361925], [0.0, 0.0, 1.0]], [[1266.417203046554, 0.0, 816.2670197447984], [0.0, 1266.417203046554, 491.50706579294757], [0.0, 0.0, 1.0]], [[1260.8474446004698, 0.0, 807.968244525554], [0.0, 1260.8474446004698, 495.3344268742088], [0.0, 0.0, 1.0]], [[1256.7414812095406, 0.0, 792.1125740759628], [0.0, 1256.7414812095406, 492.7757465151356], [0.0, 0.0, 1.0]], [[809.2209905677063, 0.0, 829.2196003259838], [0.0, 809.2209905677063, 481.77842384512485], [0.0, 0.0, 1.0]], [[1259.5137405846733, 0.0, 807.2529053838625], [0.0, 1259.5137405846733, 501.19579884916527], [0.0, 0.0, 1.0]]], "extrinsics": [[[0.8195815682411194, -0.5728750228881836, 0.010014216415584087, -0.7613525390625], [0.0026505067944526672, -0.013686995953321457, -0.9999027848243713, 1.508920669555664], [0.572956383228302, 0.8195285201072693, -0.009699198417365551, -1.13922119140625], [0.0, 0.0, 0.0, 1.0]], [[0.003948663827031851, -0.9998347163200378, 0.01774873211979866, 0.00677490234375], [-0.0027573967818170786, -0.017759690061211586, -0.9998384714126587, 1.5199880599975586], [0.9999883770942688, 0.003899141913279891, -0.0028270678594708443, -1.489044189453125], [0.0, 0.0, 0.0, 1.0]], [[-0.833661675453186, -0.5522717833518982, -0.0020118665415793657, 0.901336669921875], [0.0028031037654727697, -0.0005884458660148084, -0.9999958872795105, 1.5040839910507202], [0.552268385887146, -0.8336638808250427, 0.002038641134276986, -1.1612548828125], [0.0, 0.0, 0.0, 1.0]], [[0.9477776288986206, 0.3189307749271393, 0.0007971309241838753, -1.1419677734375], [0.011279696598649025, -0.031022241339087486, -0.9994550347328186, 1.588552474975586], [-0.31873226165771484, 0.9472701549530029, -0.03299963101744652, -0.103515625], [0.0, 0.0, 0.0, 1.0]], [[0.0029861016664654016, 0.9997747540473938, -0.02101312205195427, 0.002685546875], [-0.01408541202545166, -0.020969079807400703, -0.9996809363365173, 1.57855224609375], [-0.9998963475227356, 0.0032811970449984074, 0.014019622467458248, -0.0556640625], [0.0, 0.0, 0.0, 1.0]], [[-0.9343817830085754, 0.35574379563331604, -0.019416578114032745, 1.0299072265625], [0.018628697842359543, -0.005640534218400717, -0.9998105764389038, 1.5535688400268555], [-0.3557858169078827, -0.9345665574073792, -0.0013566315174102783, -0.10357666015625], [0.0, 0.0, 0.0, 1.0]]], "view": [[0.0, -2.0, 100.0], [-2.0, 0.0, 100.0], [0.0, 0.0, 1.0]], "bev": "bev_feeb907eb1134b1480fd276a5b1ed6c8.png", "aux": "aux_feeb907eb1134b1480fd276a5b1ed6c8.npz", "visibility": "visibility_feeb907eb1134b1480fd276a5b1ed6c8.png", "pose": [[-0.8301216959953308, -0.5575822591781616, 0.0, 400.8542785644531], [0.5575822591781616, -0.8301216959953308, 0.0, 947.234619140625], [0.0, 0.0, 1.0, 0.0], [0.0, 0.0, 0.0, 1.0]], "pose_inverse": [[-0.8301216959953308, 0.5575822591781616, 0.0, -195.4033966064453], [-0.5575822591781616, -0.8301216959953308, 0.0, 1009.8292236328125], [0.0, 0.0, 1.0, 0.0], [0.0, 0.0, 0.0, 1.0]], "cam_ids": [0, 1, 2, 3, 4, 5], "cam_channels": ["CAM_FRONT_LEFT", "CAM_FRONT", "CAM_FRONT_RIGHT", "CAM_BACK_LEFT", "CAM_BACK", "CAM_BACK_RIGHT"], "token": "feeb907eb1134b1480fd276a5b1ed6c8", "scene": "scene-0967"}, {"images": ["samples/CAM_FRONT_LEFT/n015-2018-09-25-13-17-43+0800__CAM_FRONT_LEFT__1537852901654844.jpg", "samples/CAM_FRONT/n015-2018-09-25-13-17-43+0800__CAM_FRONT__1537852901662460.jpg", "samples/CAM_FRONT_RIGHT/n015-2018-09-25-13-17-43+0800__CAM_FRONT_RIGHT__1537852901670339.jpg", "samples/CAM_BACK_LEFT/n015-2018-09-25-13-17-43+0800__CAM_BACK_LEFT__1537852901697423.jpg", "samples/CAM_BACK/n015-2018-09-25-13-17-43+0800__CAM_BACK__1537852901687525.jpg", "samples/CAM_BACK_RIGHT/n015-2018-09-25-13-17-43+0800__CAM_BACK_RIGHT__1537852901677893.jpg"], "intrinsics": [[[1272.5979470598488, 0.0, 826.6154927353808], [0.0, 1272.5979470598488, 479.75165386361925], [0.0, 0.0, 1.0]], [[1266.417203046554, 0.0, 816.2670197447984], [0.0, 1266.417203046554, 491.50706579294757], [0.0, 0.0, 1.0]], [[1260.8474446004698, 0.0, 807.968244525554], [0.0, 1260.8474446004698, 495.3344268742088], [0.0, 0.0, 1.0]], [[1256.7414812095406, 0.0, 792.1125740759628], [0.0, 1256.7414812095406, 492.7757465151356], [0.0, 0.0, 1.0]], [[809.2209905677063, 0.0, 829.2196003259838], [0.0, 809.2209905677063, 481.77842384512485], [0.0, 0.0, 1.0]], [[1259.5137405846733, 0.0, 807.2529053838625], [0.0, 1259.5137405846733, 501.19579884916527], [0.0, 0.0, 1.0]]], "extrinsics": [[[0.8178439736366272, -0.5753430724143982, 0.010563081130385399, -0.7781982421875], [0.004932824522256851, -0.011346259154379368, -0.9999234676361084, 1.5093889236450195], [0.5754188299179077, 0.8178334832191467, -0.006441403180360794, -1.15093994140625], [0.0, 0.0, 0.0, 1.0]], [[0.0014883741969242692, -0.9998800158500671, 0.015410899184644222, 0.006591796875], [-0.0003823920269496739, -0.01541148405522108, -0.9998811483383179, 1.5204830169677734], [0.9999988079071045, 0.00148231559433043, -0.0004052838194184005, -1.506500244140625], [0.0, 0.0, 0.0, 1.0]], [[-0.8346689939498901, -0.5507258176803589, -0.005355118773877621, 0.913421630859375], [0.0052697788923978806, 0.0017368278931826353, -0.9999845623970032, 1.5043960809707642], [0.550726592540741, -0.8346843719482422, 0.0014525273581966758, -1.16912841796875], [0.0, 0.0, 0.0, 1.0]], [[0.947704553604126, 0.31912583112716675, 0.003811861854046583, -1.1451416015625], [0.01366623118519783, -0.02864578180015087, -0.9994962215423584, 1.5885162353515625], [-0.3188559114933014, 0.9472793340682983, -0.03150898963212967, -0.102783203125], [0.0, 0.0, 0.0, 1.0]], [[0.0036170955281704664, 0.9998189210891724, -0.0186836626380682, 0.0025634765625], [-0.011653515510261059, -0.018640371039509773, -0.9997583627700806, 1.5787839889526367], [-0.9999255537986755, 0.0038339458405971527, 0.011583982035517693, -0.0479583740234375], [0.0, 0.0, 0.0, 1.0]], [[-0.9338726997375488, 0.35699546337127686, -0.020883040502667427, 1.040557861328125], [0.021077916026115417, -0.0033451314084231853, -0.9997722506523132, 1.5536041259765625], [-0.3569839894771576, -0.9341001510620117, -0.004400792997330427, -0.0994873046875], [0.0, 0.0, 0.0, 1.0]]], "view": [[0.0, -2.0, 100.0], [-2.0, 0.0, 100.0], [0.0, 0.0, 1.0]], "bev": "bev_4d3f8452348c4e76810fcda058abd4af.png", "aux": "aux_4d3f8452348c4e76810fcda058abd4af.npz", "visibility": "visibility_4d3f8452348c4e76810fcda058abd4af.png", "pose": [[-0.8570966124534607, -0.5151556730270386, 0.0, 398.5043640136719], [0.5151556730270386, -0.8570966124534607, 0.0, 948.760498046875], [0.0, 0.0, 1.0, 0.0], [0.0, 0.0, 0.0, 1.0]], "pose_inverse": [[-0.8570966124534607, 0.5151556730270386, 0.0, -147.20262145996094], [-0.5151556730270386, -0.8570966124534607, 0.0, 1018.47119140625], [0.0, 0.0, 1.0, 0.0], [0.0, 0.0, 0.0, 1.0]], "cam_ids": [0, 1, 2, 3, 4, 5], "cam_channels": ["CAM_FRONT_LEFT", "CAM_FRONT", "CAM_FRONT_RIGHT", "CAM_BACK_LEFT", "CAM_BACK", "CAM_BACK_RIGHT"], "token": "4d3f8452348c4e76810fcda058abd4af", "scene": "scene-0967"}, {"images": ["samples/CAM_FRONT_LEFT/n015-2018-09-25-13-17-43+0800__CAM_FRONT_LEFT__1537852902154844.jpg", "samples/CAM_FRONT/n015-2018-09-25-13-17-43+0800__CAM_FRONT__1537852902162460.jpg", "samples/CAM_FRONT_RIGHT/n015-2018-09-25-13-17-43+0800__CAM_FRONT_RIGHT__1537852902170339.jpg", "samples/CAM_BACK_LEFT/n015-2018-09-25-13-17-43+0800__CAM_BACK_LEFT__1537852902197423.jpg", "samples/CAM_BACK/n015-2018-09-25-13-17-43+0800__CAM_BACK__1537852902187525.jpg", "samples/CAM_BACK_RIGHT/n015-2018-09-25-13-17-43+0800__CAM_BACK_RIGHT__1537852902177893.jpg"], "intrinsics": [[[1272.5979470598488, 0.0, 826.6154927353808], [0.0, 1272.5979470598488, 479.75165386361925], [0.0, 0.0, 1.0]], [[1266.417203046554, 0.0, 816.2670197447984], [0.0, 1266.417203046554, 491.50706579294757], [0.0, 0.0, 1.0]], [[1260.8474446004698, 0.0, 807.968244525554], [0.0, 1260.8474446004698, 495.3344268742088], [0.0, 0.0, 1.0]], [[1256.7414812095406, 0.0, 792.1125740759628], [0.0, 1256.7414812095406, 492.7757465151356], [0.0, 0.0, 1.0]], [[809.2209905677063, 0.0, 829.2196003259838], [0.0, 809.2209905677063, 481.77842384512485], [0.0, 0.0, 1.0]], [[1259.5137405846733, 0.0, 807.2529053838625], [0.0, 1259.5137405846733, 501.19579884916527], [0.0, 0.0, 1.0]]], "extrinsics": [[[0.8176851868629456, -0.5756366848945618, 0.005776457022875547, -0.79962158203125], [-0.002905263565480709, -0.014160744845867157, -0.9998955130577087, 1.5076885223388672], [0.5756583213806152, 0.817582905292511, -0.013251406140625477, -1.1658935546875], [0.0, 0.0, 0.0, 1.0]], [[0.0012702312087640166, -0.9998323917388916, 0.018261175602674484, 0.006591796875], [-0.008138171397149563, -0.01827092096209526, -0.9997999668121338, 1.5192146301269531], [0.999966025352478, 0.0011213305406272411, -0.008160015568137169, -1.5273284912109375], [0.0, 0.0, 0.0, 1.0]], [[-0.8348477482795715, -0.5504747033119202, 0.0025935734156519175, 0.92620849609375], [-0.002350298222154379, -0.0011470505269244313, -0.999996542930603, 1.503347635269165], [0.5504757165908813, -0.8348509669303894, -0.00033616661676205695, -1.177734375], [0.0, 0.0, 0.0, 1.0]], [[0.9477829933166504, 0.3188946545124054, -0.0036859912797808647, -1.143341064453125], [0.006757075432687998, -0.03163522481918335, -0.9994766116142273, 1.588552474975586], [-0.31884434819221497, 0.9472621083259583, -0.032138124108314514, -0.103515625], [0.0, 0.0, 0.0, 1.0]], [[0.0036843232810497284, 0.9997591376304626, -0.021632321178913116, 0.002685546875], [-0.018861809745430946, -0.02155914343893528, -0.9995896816253662, 1.5784988403320312], [-0.9998152852058411, 0.004090830683708191, 0.018777837976813316, -0.0439453125], [0.0, 0.0, 0.0, 1.0]], [[-0.9339116215705872, 0.35719022154808044, -0.014970535412430763, 1.05035400390625], [0.013639340177178383, -0.006245728582143784, -0.9998874664306641, 1.5527029037475586], [-0.35724350810050964, -0.9340107440948486, 0.0009611202985979617, -0.0958251953125], [0.0, 0.0, 0.0, 1.0]]], "view": [[0.0, -2.0, 100.0], [-2.0, 0.0, 100.0], [0.0, 0.0, 1.0]], "bev": "bev_9b43b7af1fe3467b931b03df4ab7de82.png", "aux": "aux_9b43b7af1fe3467b931b03df4ab7de82.npz", "visibility": "visibility_9b43b7af1fe3467b931b03df4ab7de82.png", "pose": [[-0.8894146084785461, -0.45710131525993347, 0.0, 396.24212646484375], [0.45710131525993347, -0.8894146084785461, 0.0, 950.0376586914062], [0.0, 0.0, 1.0, 0.0], [0.0, 0.0, 0.0, 1.0]], "pose_inverse": [[-0.8894146084785461, 0.45710131525993347, 0.0, -81.83992767333984], [-0.45710131525993347, -0.8894146084785461, 0.0, 1026.1002197265625], [0.0, 0.0, 1.0, 0.0], [0.0, 0.0, 0.0, 1.0]], "cam_ids": [0, 1, 2, 3, 4, 5], "cam_channels": ["CAM_FRONT_LEFT", "CAM_FRONT", "CAM_FRONT_RIGHT", "CAM_BACK_LEFT", "CAM_BACK", "CAM_BACK_RIGHT"], "token": "9b43b7af1fe3467b931b03df4ab7de82", "scene": "scene-0967"}, {"images": ["samples/CAM_FRONT_LEFT/n015-2018-09-25-13-17-43+0800__CAM_FRONT_LEFT__1537852902654844.jpg", "samples/CAM_FRONT/n015-2018-09-25-13-17-43+0800__CAM_FRONT__1537852902662460.jpg", "samples/CAM_FRONT_RIGHT/n015-2018-09-25-13-17-43+0800__CAM_FRONT_RIGHT__1537852902670339.jpg", "samples/CAM_BACK_LEFT/n015-2018-09-25-13-17-43+0800__CAM_BACK_LEFT__1537852902697423.jpg", "samples/CAM_BACK/n015-2018-09-25-13-17-43+0800__CAM_BACK__1537852902687525.jpg", "samples/CAM_BACK_RIGHT/n015-2018-09-25-13-17-43+0800__CAM_BACK_RIGHT__1537852902677893.jpg"], "intrinsics": [[[1272.5979470598488, 0.0, 826.6154927353808], [0.0, 1272.5979470598488, 479.75165386361925], [0.0, 0.0, 1.0]], [[1266.417203046554, 0.0, 816.2670197447984], [0.0, 1266.417203046554, 491.50706579294757], [0.0, 0.0, 1.0]], [[1260.8474446004698, 0.0, 807.968244525554], [0.0, 1260.8474446004698, 495.3344268742088], [0.0, 0.0, 1.0]], [[1256.7414812095406, 0.0, 792.1125740759628], [0.0, 1256.7414812095406, 492.7757465151356], [0.0, 0.0, 1.0]], [[809.2209905677063, 0.0, 829.2196003259838], [0.0, 809.2209905677063, 481.77842384512485], [0.0, 0.0, 1.0]], [[1259.5137405846733, 0.0, 807.2529053838625], [0.0, 1259.5137405846733, 501.19579884916527], [0.0, 0.0, 1.0]]], "extrinsics": [[[0.8192541599273682, -0.5732756853103638, 0.013323519378900528, -0.80908203125], [0.003222020575776696, -0.018632367253303528, -0.9998212456703186, 1.5088939666748047], [0.5734214782714844, 0.8191506266593933, -0.01341753825545311, -1.17352294921875], [0.0, 0.0, 0.0, 1.0]], [[0.0035216347314417362, -0.9997355937957764, 0.022721007466316223, 0.007080078125], [-0.002084727631881833, -0.022728437557816505, -0.9997395277023315, 1.5202445983886719], [0.9999915361404419, 0.0034733014181256294, -0.002164217410609126, -1.5374717712402344], [0.0, 0.0, 0.0, 1.0]], [[-0.8338208198547363, -0.5520351529121399, 0.00010269106860505417, 0.93341064453125], [0.0035703941248357296, -0.005578913260251284, -0.9999780058860779, 1.5040764808654785], [0.5520236492156982, -0.8338021039962769, 0.0066227987408638, -1.18182373046875], [0.0, 0.0, 0.0, 1.0]], [[0.9477481245994568, 0.3190193474292755, -9.876293916022405e-05, -1.148223876953125], [0.012097964063286781, -0.03625020012259483, -0.9992694854736328, 1.5884780883789062], [-0.31878983974456787, 0.9470547437667847, -0.03821554407477379, -0.10174560546875], [0.0, 0.0, 0.0, 1.0]], [[0.003101168666034937, 0.9996539354324341, -0.026123499497771263, 0.0025634765625], [-0.013252148404717445, -0.02608024701476097, -0.9995719790458679, 1.578805923461914], [-0.9999073147773743, 0.0034460360184311867, 0.013166681863367558, -0.04056549072265625], [0.0, 0.0, 0.0, 1.0]], [[-0.9342921376228333, 0.3558315336704254, -0.021956756711006165, 1.055877685546875], [0.01943500153720379, -0.010660645551979542, -0.9997543096542358, 1.5531234741210938], [-0.3559781610965729, -0.934489369392395, 0.003044571727514267, -0.09326171875], [0.0, 0.0, 0.0, 1.0]]], "view": [[0.0, -2.0, 100.0], [-2.0, 0.0, 100.0], [0.0, 0.0, 1.0]], "bev": "bev_0172553716964bab85e05a5a58b37ee4.png", "aux": "aux_0172553716964bab85e05a5a58b37ee4.npz", "visibility": "visibility_0172553716964bab85e05a5a58b37ee4.png", "pose": [[-0.9099635481834412, -0.41468822956085205, 0.0, 394.1471862792969], [0.41468822956085205, -0.9099635481834412, 0.0, 951.0621948242188], [0.0, 0.0, 1.0, 0.0], [0.0, 0.0, 0.0, 1.0]], "pose_inverse": [[-0.9099635481834412, 0.41468822956085205, 0.0, -35.73473358154297], [-0.41468822956085205, -0.9099635481834412, 0.0, 1028.880126953125], [0.0, 0.0, 1.0, 0.0], [0.0, 0.0, 0.0, 1.0]], "cam_ids": [0, 1, 2, 3, 4, 5], "cam_channels": ["CAM_FRONT_LEFT", "CAM_FRONT", "CAM_FRONT_RIGHT", "CAM_BACK_LEFT", "CAM_BACK", "CAM_BACK_RIGHT"], "token": "0172553716964bab85e05a5a58b37ee4", "scene": "scene-0967"}, {"images": ["samples/CAM_FRONT_LEFT/n015-2018-09-25-13-17-43+0800__CAM_FRONT_LEFT__1537852903154844.jpg", "samples/CAM_FRONT/n015-2018-09-25-13-17-43+0800__CAM_FRONT__1537852903162460.jpg", "samples/CAM_FRONT_RIGHT/n015-2018-09-25-13-17-43+0800__CAM_FRONT_RIGHT__1537852903170339.jpg", "samples/CAM_BACK_LEFT/n015-2018-09-25-13-17-43+0800__CAM_BACK_LEFT__1537852903197423.jpg", "samples/CAM_BACK/n015-2018-09-25-13-17-43+0800__CAM_BACK__1537852903187525.jpg", "samples/CAM_BACK_RIGHT/n015-2018-09-25-13-17-43+0800__CAM_BACK_RIGHT__1537852903177907.jpg"], "intrinsics": [[[1272.5979470598488, 0.0, 826.6154927353808], [0.0, 1272.5979470598488, 479.75165386361925], [0.0, 0.0, 1.0]], [[1266.417203046554, 0.0, 816.2670197447984], [0.0, 1266.417203046554, 491.50706579294757], [0.0, 0.0, 1.0]], [[1260.8474446004698, 0.0, 807.968244525554], [0.0, 1260.8474446004698, 495.3344268742088], [0.0, 0.0, 1.0]], [[1256.7414812095406, 0.0, 792.1125740759628], [0.0, 1256.7414812095406, 492.7757465151356], [0.0, 0.0, 1.0]], [[809.2209905677063, 0.0, 829.2196003259838], [0.0, 809.2209905677063, 481.77842384512485], [0.0, 0.0, 1.0]], [[1259.5137405846733, 0.0, 807.2529053838625], [0.0, 1259.5137405846733, 501.19579884916527], [0.0, 0.0, 1.0]]], "extrinsics": [[[0.8201007843017578, -0.5720812082290649, 0.012563824653625488, -0.81689453125], [0.0012642692308872938, -0.020144760608673096, -0.9997962713241577, 1.5085163116455078], [0.5722177028656006, 0.8199495077133179, -0.015797467902302742, -1.179443359375], [0.0, 0.0, 0.0, 1.0]], [[0.004716515075415373, -0.9996962547302246, 0.02418861724436283, 0.0074462890625], [-0.004054773133248091, -0.02420780621469021, -0.9996987581253052, 1.5199775695800781], [0.999980628490448, 0.004617038648575544, -0.004167718347162008, -1.5453777313232422], [0.0, 0.0, 0.0, 1.0]], [[-0.8333418369293213, -0.5527520775794983, 0.0025598967913538218, 0.938232421875], [0.0015691713197156787, -0.006996782496571541, -0.9999743103981018, 1.5038299560546875], [0.5527558326721191, -0.8333163857460022, 0.006698075216263533, -1.1846923828125], [0.0, 0.0, 0.0, 1.0]], [[0.9477529525756836, 0.31899750232696533, -0.0022416783031076193, -1.141632080078125], [0.010184042155742645, -0.037279162555933, -0.99925297498703, 1.5885696411132812], [-0.31884273886680603, 0.9470220804214478, -0.038580119609832764, -0.10418701171875], [0.0, 0.0, 0.0, 1.0]], [[0.002773620653897524, 0.9996222853660583, -0.02734243869781494, 0.0023193359375], [-0.015216452069580555, -0.027297187596559525, -0.9995115995407104, 1.5787334442138672], [-0.999880313873291, 0.0031883218325674534, 0.015134993009269238, -0.03977775573730469], [0.0, 0.0, 0.0, 1.0]], [[-0.9345495104789734, 0.35523876547813416, -0.020559541881084442, 1.059173583984375], [0.017430691048502922, -0.012006274424493313, -0.9997760057449341, 1.5528898239135742], [-0.3554059863090515, -0.9346985220909119, 0.005028401501476765, -0.09185791015625], [0.0, 0.0, 0.0, 1.0]]], "view": [[0.0, -2.0, 100.0], [-2.0, 0.0, 100.0], [0.0, 0.0, 1.0]], "bev": "bev_41f853f718d94b99b1453da875659661.png", "aux": "aux_41f853f718d94b99b1453da875659661.npz", "visibility": "visibility_41f853f718d94b99b1453da875659661.png", "pose": [[-0.9200003147125244, -0.3919176161289215, 0.0, 392.1036682128906], [0.3919176161289215, -0.9200003147125244, 0.0, 951.9798583984375], [0.0, 0.0, 1.0, 0.0], [0.0, 0.0, 0.0, 1.0]], "pose_inverse": [[-0.9200003147125244, 0.3919176161289215, 0.0, -12.36218547821045], [-0.3919176161289215, -0.9200003147125244, 0.0, 1029.494140625], [0.0, 0.0, 1.0, 0.0], [0.0, 0.0, 0.0, 1.0]], "cam_ids": [0, 1, 2, 3, 4, 5], "cam_channels": ["CAM_FRONT_LEFT", "CAM_FRONT", "CAM_FRONT_RIGHT", "CAM_BACK_LEFT", "CAM_BACK", "CAM_BACK_RIGHT"], "token": "41f853f718d94b99b1453da875659661", "scene": "scene-0967"}, {"images": ["samples/CAM_FRONT_LEFT/n015-2018-09-25-13-17-43+0800__CAM_FRONT_LEFT__1537852903654844.jpg", "samples/CAM_FRONT/n015-2018-09-25-13-17-43+0800__CAM_FRONT__1537852903662460.jpg", "samples/CAM_FRONT_RIGHT/n015-2018-09-25-13-17-43+0800__CAM_FRONT_RIGHT__1537852903670339.jpg", "samples/CAM_BACK_LEFT/n015-2018-09-25-13-17-43+0800__CAM_BACK_LEFT__1537852903697423.jpg", "samples/CAM_BACK/n015-2018-09-25-13-17-43+0800__CAM_BACK__1537852903687525.jpg", "samples/CAM_BACK_RIGHT/n015-2018-09-25-13-17-43+0800__CAM_BACK_RIGHT__1537852903677893.jpg"], "intrinsics": [[[1272.5979470598488, 0.0, 826.6154927353808], [0.0, 1272.5979470598488, 479.75165386361925], [0.0, 0.0, 1.0]], [[1266.417203046554, 0.0, 816.2670197447984], [0.0, 1266.417203046554, 491.50706579294757], [0.0, 0.0, 1.0]], [[1260.8474446004698, 0.0, 807.968244525554], [0.0, 1260.8474446004698, 495.3344268742088], [0.0, 0.0, 1.0]], [[1256.7414812095406, 0.0, 792.1125740759628], [0.0, 1256.7414812095406, 492.7757465151356], [0.0, 0.0, 1.0]], [[809.2209905677063, 0.0, 829.2196003259838], [0.0, 809.2209905677063, 481.77842384512485], [0.0, 0.0, 1.0]], [[1259.5137405846733, 0.0, 807.2529053838625], [0.0, 1259.5137405846733, 501.19579884916527], [0.0, 0.0, 1.0]]], "extrinsics": [[[0.82020103931427, -0.571998119354248, 0.009403935633599758, -0.84100341796875], [-0.0005723233916796744, -0.017258714884519577, -0.999850869178772, 1.5081863403320312], [0.5720751285552979, 0.8200733065605164, -0.014482983388006687, -1.19549560546875], [0.0, 0.0, 0.0, 1.0]], [[0.004879450425505638, -0.9997611045837402, 0.02130504883825779, 0.0068359375], [-0.005828598514199257, -0.021333375945687294, -0.9997555017471313, 1.5198421478271484], [0.9999710917472839, 0.0047540925443172455, -0.005931301973760128, -1.5693156719207764], [0.0, 0.0, 0.0, 1.0]], [[-0.8332820534706116, -0.5528426766395569, 0.0024271730799227953, 0.95379638671875], [-0.00014463328989222646, -0.004172311630100012, -0.9999912977218628, 1.5036346912384033], [0.5528479814529419, -0.8332751393318176, 0.003396752057597041, -1.19549560546875], [0.0, 0.0, 0.0, 1.0]], [[0.9477906823158264, 0.3188796043395996, -0.0029366116505116224, -1.14404296875], [0.008611236698925495, -0.03479800745844841, -0.9993572235107422, 1.5885467529296875], [-0.31877681612968445, 0.9471563100814819, -0.03572717308998108, -0.1033935546875], [0.0, 0.0, 0.0, 1.0]], [[0.0026942340191453695, 0.9996908903121948, -0.02471713162958622, 0.002685546875], [-0.01684047281742096, -0.024668358266353607, -0.9995538592338562, 1.5788040161132812], [-0.9998546242713928, 0.003109186887741089, 0.016768803820014, -0.031345367431640625], [0.0, 0.0, 0.0, 1.0]], [[-0.9346078038215637, 0.35522279143333435, -0.0180269293487072, 1.0726318359375], [0.01576470024883747, -0.009262093342840672, -0.9998328685760498, 1.5525245666503906], [-0.35533037781715393, -0.9347358345985413, 0.0030564437620341778, -0.087158203125], [0.0, 0.0, 0.0, 1.0]]], "view": [[0.0, -2.0, 100.0], [-2.0, 0.0, 100.0], [0.0, 0.0, 1.0]], "bev": "bev_ea235f4cd8404fb99a2fc72d0a049a19.png", "aux": "aux_ea235f4cd8404fb99a2fc72d0a049a19.npz", "visibility": "visibility_ea235f4cd8404fb99a2fc72d0a049a19.png", "pose": [[-0.924994945526123, -0.3799794018268585, 0.0, 390.3323974609375], [0.3799794018268585, -0.924994945526123, 0.0, 952.7349243164062], [0.0, 0.0, 1.0, 0.0], [0.0, 0.0, 0.0, 1.0]], "pose_inverse": [[-0.924994945526123, 0.3799794018268585, 0.0, -0.964134931564331], [-0.3799794018268585, -0.924994945526123, 0.0, 1029.59326171875], [0.0, 0.0, 1.0, 0.0], [0.0, 0.0, 0.0, 1.0]], "cam_ids": [0, 1, 2, 3, 4, 5], "cam_channels": ["CAM_FRONT_LEFT", "CAM_FRONT", "CAM_FRONT_RIGHT", "CAM_BACK_LEFT", "CAM_BACK", "CAM_BACK_RIGHT"], "token": "ea235f4cd8404fb99a2fc72d0a049a19", "scene": "scene-0967"}, {"images": ["samples/CAM_FRONT_LEFT/n015-2018-09-25-13-17-43+0800__CAM_FRONT_LEFT__1537852904154844.jpg", "samples/CAM_FRONT/n015-2018-09-25-13-17-43+0800__CAM_FRONT__1537852904162460.jpg", "samples/CAM_FRONT_RIGHT/n015-2018-09-25-13-17-43+0800__CAM_FRONT_RIGHT__1537852904170339.jpg", "samples/CAM_BACK_LEFT/n015-2018-09-25-13-17-43+0800__CAM_BACK_LEFT__1537852904197423.jpg", "samples/CAM_BACK/n015-2018-09-25-13-17-43+0800__CAM_BACK__1537852904187525.jpg", "samples/CAM_BACK_RIGHT/n015-2018-09-25-13-17-43+0800__CAM_BACK_RIGHT__1537852904177893.jpg"], "intrinsics": [[[1272.5979470598488, 0.0, 826.6154927353808], [0.0, 1272.5979470598488, 479.75165386361925], [0.0, 0.0, 1.0]], [[1266.417203046554, 0.0, 816.2670197447984], [0.0, 1266.417203046554, 491.50706579294757], [0.0, 0.0, 1.0]], [[1260.8474446004698, 0.0, 807.968244525554], [0.0, 1260.8474446004698, 495.3344268742088], [0.0, 0.0, 1.0]], [[1256.7414812095406, 0.0, 792.1125740759628], [0.0, 1256.7414812095406, 492.7757465151356], [0.0, 0.0, 1.0]], [[809.2209905677063, 0.0, 829.2196003259838], [0.0, 809.2209905677063, 481.77842384512485], [0.0, 0.0, 1.0]], [[1259.5137405846733, 0.0, 807.2529053838625], [0.0, 1259.5137405846733, 501.19579884916527], [0.0, 0.0, 1.0]]], "extrinsics": [[[0.8205316662788391, -0.5714540481567383, 0.012967347167432308, -0.84912109375], [0.00203160778619349, -0.019770247861742973, -0.9998024702072144, 1.5085391998291016], [0.5715975761413574, 0.8203958868980408, -0.015061141923069954, -1.199951171875], [0.0, 0.0, 0.0, 1.0]], [[0.0053308927454054356, -0.9997040629386902, 0.02373601496219635, 0.0059814453125], [-0.0031474060378968716, -0.023753009736537933, -0.9997128844261169, 1.5201778411865234], [0.9999808669090271, 0.0052546546794474125, -0.003273098962381482, -1.5770912170410156], [0.0, 0.0, 0.0, 1.0]], [[-0.833066999912262, -0.5531702041625977, 0.0014032474718987942, 0.95849609375], [0.0026115714572370052, -0.006469666492193937, -0.9999756217002869, 1.503878116607666], [0.5531657934188843, -0.833043098449707, 0.006834310945123434, -1.19970703125], [0.0, 0.0, 0.0, 1.0]], [[0.9478120803833008, 0.31882891058921814, -0.0006210128776729107, -1.144561767578125], [0.011690905317664146, -0.036700982600450516, -0.9992578625679016, 1.5885124206542969], [-0.3186150789260864, 0.9471014738082886, -0.0