[{"images": ["samples/CAM_FRONT_LEFT/n015-2018-07-24-11-13-19+0800__CAM_FRONT_LEFT__1532402472104844.jpg", "samples/CAM_FRONT/n015-2018-07-24-11-13-19+0800__CAM_FRONT__1532402472112460.jpg", "samples/CAM_FRONT_RIGHT/n015-2018-07-24-11-13-19+0800__CAM_FRONT_RIGHT__1532402472120339.jpg", "samples/CAM_BACK_LEFT/n015-2018-07-24-11-13-19+0800__CAM_BACK_LEFT__1532402472147423.jpg", "samples/CAM_BACK/n015-2018-07-24-11-13-19+0800__CAM_BACK__1532402472137525.jpg", "samples/CAM_BACK_RIGHT/n015-2018-07-24-11-13-19+0800__CAM_BACK_RIGHT__1532402472127893.jpg"], "intrinsics": [[[1272.5979470598488, 0.0, 826.6154927353808], [0.0, 1272.5979470598488, 479.75165386361925], [0.0, 0.0, 1.0]], [[1266.417203046554, 0.0, 816.2670197447984], [0.0, 1266.417203046554, 491.50706579294757], [0.0, 0.0, 1.0]], [[1260.8474446004698, 0.0, 807.968244525554], [0.0, 1260.8474446004698, 495.3344268742088], [0.0, 0.0, 1.0]], [[1256.7414812095406, 0.0, 792.1125740759628], [0.0, 1256.7414812095406, 492.7757465151356], [0.0, 0.0, 1.0]], [[809.2209905677063, 0.0, 829.2196003259838], [0.0, 809.2209905677063, 481.77842384512485], [0.0, 0.0, 1.0]], [[1259.5137405846733, 0.0, 807.2529053838625], [0.0, 1259.5137405846733, 501.19579884916527], [0.0, 0.0, 1.0]]], "extrinsics": [[[0.8200005292892456, -0.5721843838691711, 0.014288445003330708, -0.651123046875], [-0.00738204549998045, -0.03553454577922821, -0.9993411898612976, 1.5053987503051758], [0.5723150968551636, 0.8193548321723938, -0.03336223587393761, -1.0604248046875], [0.0, 0.0, 0.0, 1.0]], [[0.004753482062369585, -0.9991989135742188, 0.03973616659641266, 0.006072998046875], [-0.013012021780014038, -0.039795052260160446, -0.9991231560707092, 1.5164437294006348], [0.9999039769172668, 0.004232240375131369, -0.01319076307117939, -1.379638671875], [0.0, 0.0, 0.0, 1.0]], [[-0.833306074142456, -0.5524839162826538, 0.019040198996663094, 0.83233642578125], [-0.007715319748967886, -0.02281596139073372, -0.9997098445892334, 1.5017833709716797], [0.5527580380439758, -0.8332112431526184, 0.014750092290341854, -1.11676025390625], [0.0, 0.0, 0.0, 1.0]], [[0.9475622177124023, 0.319113552570343, -0.017096329480409622, -1.151123046875], [4.212814383208752e-05, -0.05362245813012123, -0.9985612630844116, 1.5885581970214844], [-0.3195711672306061, 0.9461983442306519, -0.050824061036109924, -0.10064697265625], [0.0, 0.0, 0.0, 1.0]], [[0.0022099490743130445, 0.9990456700325012, -0.043621186167001724, 0.003204345703125], [-0.025125889107584953, -0.04355204477906227, -0.9987351298332214, 1.5773048400878906], [-0.999681830406189, 0.0033032624050974846, 0.025005662813782692, -0.0794677734375], [0.0, 0.0, 0.0, 1.0]], [[-0.9347385764122009, 0.3549150824546814, -0.017300207167863846, 0.9774169921875], [0.0078450758010149, -0.028062401339411736, -0.9995753765106201, 1.5527725219726562], [-0.3552498519420624, -0.9344773292541504, 0.023446671664714813, -0.12443923950195312], [0.0, 0.0, 0.0, 1.0]]], "view": [[0.0, -2.0, 100.0], [-2.0, 0.0, 100.0], [0.0, 0.0, 1.0]], "bev": "bev_5a90f3de10f246a49abc1035cda648be.png", "aux": "aux_5a90f3de10f246a49abc1035cda648be.npz", "visibility": "visibility_5a90f3de10f246a49abc1035cda648be.png", "pose": [[0.5859911441802979, -0.8103174567222595, 0.0, 1000.1673583984375], [0.8103174567222595, 0.5859911441802979, 0.0, 591.1796264648438], [0.0, 0.0, 1.0, 0.0], [0.0, 0.0, 0.0, 1.0]], "pose_inverse": [[0.5859911441802979, 0.8103174567222595, 0.0, -1065.13232421875], [-0.8103174567222595, 0.5859911441802979, 0.0, 464.0270690917969], [0.0, 0.0, 1.0, 0.0], [0.0, 0.0, 0.0, 1.0]], "cam_ids": [0, 1, 2, 3, 4, 5], "cam_channels": ["CAM_FRONT_LEFT", "CAM_FRONT", "CAM_FRONT_RIGHT", "CAM_BACK_LEFT", "CAM_BACK", "CAM_BACK_RIGHT"], "token": "5a90f3de10f246a49abc1035cda648be", "scene": "scene-0054"}, {"images": ["samples/CAM_FRONT_LEFT/n015-2018-07-24-11-13-19+0800__CAM_FRONT_LEFT__1532402472604844.jpg", "samples/CAM_FRONT/n015-2018-07-24-11-13-19+0800__CAM_FRONT__1532402472612460.jpg", "samples/CAM_FRONT_RIGHT/n015-2018-07-24-11-13-19+0800__CAM_FRONT_RIGHT__1532402472620339.jpg", "samples/CAM_BACK_LEFT/n015-2018-07-24-11-13-19+0800__CAM_BACK_LEFT__1532402472647423.jpg", "samples/CAM_BACK/n015-2018-07-24-11-13-19+0800__CAM_BACK__1532402472637525.jpg", "samples/CAM_BACK_RIGHT/n015-2018-07-24-11-13-19+0800__CAM_BACK_RIGHT__1532402472627893.jpg"], "intrinsics": [[[1272.5979470598488, 0.0, 826.6154927353808], [0.0, 1272.5979470598488, 479.75165386361925], [0.0, 0.0, 1.0]], [[1266.417203046554, 0.0, 816.2670197447984], [0.0, 1266.417203046554, 491.50706579294757], [0.0, 0.0, 1.0]], [[1260.8474446004698, 0.0, 807.968244525554], [0.0, 1260.8474446004698, 495.3344268742088], [0.0, 0.0, 1.0]], [[1256.7414812095406, 0.0, 792.1125740759628], [0.0, 1256.7414812095406, 492.7757465151356], [0.0, 0.0, 1.0]], [[809.2209905677063, 0.0, 829.2196003259838], [0.0, 809.2209905677063, 481.77842384512485], [0.0, 0.0, 1.0]], [[1259.5137405846733, 0.0, 807.2529053838625], [0.0, 1259.5137405846733, 501.19579884916527], [0.0, 0.0, 1.0]]], "extrinsics": [[[0.820166289806366, -0.5719313621520996, 0.014888698235154152, -0.687744140625], [-0.006681954488158226, -0.03559735417366028, -0.9993438720703125, 1.5060052871704102], [0.5720860958099365, 0.8195286989212036, -0.033017370849847794, -1.087310791015625], [0.0, 0.0, 0.0, 1.0]], [[0.004837819375097752, -0.9991965889930725, 0.039782680571079254, 0.00616455078125], [-0.012223350815474987, -0.03983926400542259, -0.9991313815116882, 1.5171608924865723], [0.9999135136604309, 0.004347393289208412, -0.012406268157064915, -1.4168701171875], [0.0, 0.0, 0.0, 1.0]], [[-0.833368182182312, -0.5524145364761353, 0.018317608162760735, 0.856201171875], [-0.006834293249994516, -0.022839581593871117, -0.9997157454490662, 1.502185344696045], [0.5526759624481201, -0.8332564830780029, 0.015258419327437878, -1.1329345703125], [0.0, 0.0, 0.0, 1.0]], [[0.9475781321525574, 0.31911763548851013, -0.016111869364976883, -1.14666748046875], [0.0010453761788085103, -0.05352052301168442, -0.9985661506652832, 1.588552474975586], [-0.3195224106311798, 0.9462026953697205, -0.05104847252368927, -0.10211181640625], [0.0, 0.0, 0.0, 1.0]], [[0.002320679137483239, 0.9990462064743042, -0.0436042845249176, 0.00360107421875], [-0.02412896789610386, -0.04353576898574829, -0.998760461807251, 1.5775542259216309], [-0.9997061491012573, 0.0033699008636176586, 0.024004919454455376, -0.0718994140625], [0.0, 0.0, 0.0, 1.0]], [[-0.9346731901168823, 0.3550417125225067, -0.018201172351837158, 0.996337890625], [0.00880731176584959, -0.02805682085454464, -0.9995675683021545, 1.552743911743164], [-0.35539892315864563, -0.9344292879104614, 0.023096993565559387, -0.1179351806640625], [0.0, 0.0, 0.0, 1.0]]], "view": [[0.0, -2.0, 100.0], [-2.0, 0.0, 100.0], [0.0, 0.0, 1.0]], "bev": "bev_ac55bd5b07364b9587c9b698883259b2.png", "aux": "aux_ac55bd5b07364b9587c9b698883259b2.npz", "visibility": "visibility_ac55bd5b07364b9587c9b698883259b2.png", "pose": [[0.5784344673156738, -0.8157288432121277, 0.0, 1002.663818359375], [0.8157288432121277, 0.5784344673156738, 0.0, 594.6286010742188], [0.0, 0.0, 1.0, 0.0], [0.0, 0.0, 0.0, 1.0]], "pose_inverse": [[0.5784344673156738, 0.8157288432121277, 0.0, -1065.031005859375], [-0.8157288432121277, 0.5784344673156738, 0.0, 473.9481506347656], [0.0, 0.0, 1.0, 0.0], [0.0, 0.0, 0.0, 1.0]], "cam_ids": [0, 1, 2, 3, 4, 5], "cam_channels": ["CAM_FRONT_LEFT", "CAM_FRONT", "CAM_FRONT_RIGHT", "CAM_BACK_LEFT", "CAM_BACK", "CAM_BACK_RIGHT"], "token": "ac55bd5b07364b9587c9b698883259b2", "scene": "scene-0054"}, {"images": ["samples/CAM_FRONT_LEFT/n015-2018-07-24-11-13-19+0800__CAM_FRONT_LEFT__1532402473104844.jpg", "samples/CAM_FRONT/n015-2018-07-24-11-13-19+0800__CAM_FRONT__1532402473112460.jpg", "samples/CAM_FRONT_RIGHT/n015-2018-07-24-11-13-19+0800__CAM_FRONT_RIGHT__1532402473120339.jpg", "samples/CAM_BACK_LEFT/n015-2018-07-24-11-13-19+0800__CAM_BACK_LEFT__1532402473147487.jpg", "samples/CAM_BACK/n015-2018-07-24-11-13-19+0800__CAM_BACK__1532402473137525.jpg", "samples/CAM_BACK_RIGHT/n015-2018-07-24-11-13-19+0800__CAM_BACK_RIGHT__1532402473127893.jpg"], "intrinsics": [[[1272.5979470598488, 0.0, 826.6154927353808], [0.0, 1272.5979470598488, 479.75165386361925], [0.0, 0.0, 1.0]], [[1266.417203046554, 0.0, 816.2670197447984], [0.0, 1266.417203046554, 491.50706579294757], [0.0, 0.0, 1.0]], [[1260.8474446004698, 0.0, 807.968244525554], [0.0, 1260.8474446004698, 495.3344268742088], [0.0, 0.0, 1.0]], [[1256.7414812095406, 0.0, 792.1125740759628], [0.0, 1256.7414812095406, 492.7757465151356], [0.0, 0.0, 1.0]], [[809.2209905677063, 0.0, 829.2196003259838], [0.0, 809.2209905677063, 481.77842384512485], [0.0, 0.0, 1.0]], [[1259.5137405846733, 0.0, 807.2529053838625], [0.0, 1259.5137405846733, 501.19579884916527], [0.0, 0.0, 1.0]]], "extrinsics": [[[0.8180447816848755, -0.574616551399231, 0.024872146546840668, -0.715087890625], [0.008710880763828754, -0.03086138889193535, -0.9994856715202332, 1.5109119415283203], [0.575088620185852, 0.8178406953811646, -0.020240580663084984, -1.1048431396484375], [0.0, 0.0, 0.0, 1.0]], [[0.0016656210646033287, -0.9994080066680908, 0.03436111658811569, 0.0054931640625], [0.00375367421656847, -0.03435467183589935, -0.999402642250061, 1.5214710235595703], [0.9999915361404419, 0.0017935436917468905, 0.003694231156259775, -1.442138671875], [0.0, 0.0, 0.0, 1.0]], [[-0.8346170783042908, -0.5508297681808472, 0.0009638690971769392, 0.87103271484375], [0.00980406254529953, -0.016604634001851082, -0.9998140335083008, 1.505533218383789], [0.5507432818412781, -0.8344524502754211, 0.019258880987763405, -1.1424560546875], [0.0, 0.0, 0.0, 1.0]], [[0.947674036026001, 0.31921425461769104, 0.004025845322757959, -1.14373779296875], [0.019401710480451584, -0.04500265792012215, -0.9987984299659729, 1.5885162353515625], [-0.3186495900154114, 0.9466134309768677, -0.04884115234017372, -0.10308837890625], [0.0, 0.0, 0.0, 1.0]], [[0.0037178522907197475, 0.9993565082550049, -0.035678405314683914, 0.00347900390625], [-0.006396923214197159, -0.03565415367484093, -0.999343752861023, 1.578902244567871], [-0.9999726414680481, 0.003943609073758125, 0.006260251626372337, -0.0677490234375], [0.0, 0.0, 0.0, 1.0]], [[-0.9337432980537415, 0.35653677582740784, -0.03170245140790939, 1.0069580078125], [0.025880727916955948, -0.0210884977132082, -0.9994425773620605, 1.555023193359375], [-0.35700666904449463, -0.934043288230896, 0.010463811457157135, -0.11350250244140625], [0.0, 0.0, 0.0, 1.0]]], "view": [[0.0, -2.0, 100.0], [-2.0, 0.0, 100.0], [0.0, 0.0, 1.0]], "bev": "bev_da4e11131fc443f3b2455aadac826e91.png", "aux": "aux_da4e11131fc443f3b2455aadac826e91.npz", "visibility": "visibility_da4e11131fc443f3b2455aadac826e91.png", "pose": [[0.5572522878646851, -0.8303432464599609, 0.0, 1004.8414306640625], [0.8303432464599609, 0.5572522878646851, 0.0, 597.74462890625], [0.0, 0.0, 1.0, 0.0], [0.0, 0.0, 0.0, 1.0]], "pose_inverse": [[0.5572522878646851, 0.8303432464599609, 0.0, -1056.2833251953125], [-0.8303432464599609, 0.5572522878646851, 0.0, 501.2687683105469], [0.0, 0.0, 1.0, 0.0], [0.0, 0.0, 0.0, 1.0]], "cam_ids": [0, 1, 2, 3, 4, 5], "cam_channels": ["CAM_FRONT_LEFT", "CAM_FRONT", "CAM_FRONT_RIGHT", "CAM_BACK_LEFT", "CAM_BACK", "CAM_BACK_RIGHT"], "token": "da4e11131fc443f3b2455aadac826e91", "scene": "scene-0054"}, {"images": ["samples/CAM_FRONT_LEFT/n015-2018-07-24-11-13-19+0800__CAM_FRONT_LEFT__1532402473654844.jpg", "samples/CAM_FRONT/n015-2018-07-24-11-13-19+0800__CAM_FRONT__1532402473662460.jpg", "samples/CAM_FRONT_RIGHT/n015-2018-07-24-11-13-19+0800__CAM_FRONT_RIGHT__1532402473670339.jpg", "samples/CAM_BACK_LEFT/n015-2018-07-24-11-13-19+0800__CAM_BACK_LEFT__1532402473697423.jpg", "samples/CAM_BACK/n015-2018-07-24-11-13-19+0800__CAM_BACK__1532402473687525.jpg", "samples/CAM_BACK_RIGHT/n015-2018-07-24-11-13-19+0800__CAM_BACK_RIGHT__1532402473677893.jpg"], "intrinsics": [[[1272.5979470598488, 0.0, 826.6154927353808], [0.0, 1272.5979470598488, 479.75165386361925], [0.0, 0.0, 1.0]], [[1266.417203046554, 0.0, 816.2670197447984], [0.0, 1266.417203046554, 491.50706579294757], [0.0, 0.0, 1.0]], [[1260.8474446004698, 0.0, 807.968244525554], [0.0, 1260.8474446004698, 495.3344268742088], [0.0, 0.0, 1.0]], [[1256.7414812095406, 0.0, 792.1125740759628], [0.0, 1256.7414812095406, 492.7757465151356], [0.0, 0.0, 1.0]], [[809.2209905677063, 0.0, 829.2196003259838], [0.0, 809.2209905677063, 481.77842384512485], [0.0, 0.0, 1.0]], [[1259.5137405846733, 0.0, 807.2529053838625], [0.0, 1259.5137405846733, 501.19579884916527], [0.0, 0.0, 1.0]]], "extrinsics": [[[0.8157317042350769, -0.5782316327095032, 0.015165898948907852, -0.7452392578125], [0.013419891707599163, -0.007293093949556351, -0.9998833537101746, 1.5118541717529297], [0.5782747864723206, 0.8158400654792786, 0.0018105964409187436, -1.127777099609375], [0.0, 0.0, 0.0, 1.0]], [[-0.0014871045714244246, -0.9999395608901978, 0.01089637540280819, 0.0068359375], [0.008241279050707817, -0.010908273048698902, -0.9999065399169922, 1.5223608016967773], [0.9999649524688721, -0.0013971454463899136, 0.008257001638412476, -1.4732666015625], [0.0, 0.0, 0.0, 1.0]], [[-0.8357834815979004, -0.5488423705101013, -0.015425190329551697, 0.89190673828125], [0.014098390936851501, 0.006632352247834206, -0.9998785853385925, 1.5060148239135742], [0.5488780736923218, -0.8358995914459229, 0.002194585744291544, -1.1546630859375], [0.0, 0.0, 0.0, 1.0]], [[0.9475672841072083, 0.3192281723022461, 0.014479299075901508, -1.14520263671875], [0.02296460047364235, -0.02283257059752941, -0.9994754791259766, 1.5884933471679688], [-0.3187301754951477, 0.9474028944969177, -0.02896634303033352, -0.1031494140625], [0.0, 0.0, 0.0, 1.0]], [[0.004488859325647354, 0.9999046325683594, -0.013064934872090816, 0.00244140625], [-0.0025361962616443634, -0.013053640723228455, -0.9999115467071533, 1.5792131423950195], [-0.9999867677688599, 0.004521575756371021, 0.0024773573968559504, -0.05780029296875], [0.0, 0.0, 0.0, 1.0]], [[-0.9330970644950867, 0.35858088731765747, -0.02737874537706375, 1.02294921875], [0.03003598004579544, 0.0018409709446132183, -0.9995471239089966, 1.5550804138183594], [-0.3583681583404541, -0.93349689245224, -0.012488135136663914, -0.105987548828125], [0.0, 0.0, 0.0, 1.0]]], "view": [[0.0, -2.0, 100.0], [-2.0, 0.0, 100.0], [0.0, 0.0, 1.0]], "bev": "bev_3bb55d87e3fd425f91446f05268bbaa1.png", "aux": "aux_3bb55d87e3fd425f91446f05268bbaa1.npz", "visibility": "visibility_3bb55d87e3fd425f91446f05268bbaa1.png", "pose": [[0.48073646426200867, -0.8768651485443115, 0.0, 1006.7639770507812], [0.8768651485443115, 0.48073646426200867, 0.0, 600.847412109375], [0.0, 0.0, 1.0, 0.0], [0.0, 0.0, 0.0, 1.0]], "pose_inverse": [[0.48073646426200867, 0.8768651485443115, 0.0, -1010.8502807617188], [-0.8768651485443115, 0.48073646426200867, 0.0, 593.9469604492188], [0.0, 0.0, 1.0, 0.0], [0.0, 0.0, 0.0, 1.0]], "cam_ids": [0, 1, 2, 3, 4, 5], "cam_channels": ["CAM_FRONT_LEFT", "CAM_FRONT", "CAM_FRONT_RIGHT", "CAM_BACK_LEFT", "CAM_BACK", "CAM_BACK_RIGHT"], "token": "3bb55d87e3fd425f91446f05268bbaa1", "scene": "scene-0054"}, {"images": ["samples/CAM_FRONT_LEFT/n015-2018-07-24-11-13-19+0800__CAM_FRONT_LEFT__1532402474154844.jpg", "samples/CAM_FRONT/n015-2018-07-24-11-13-19+0800__CAM_FRONT__1532402474162460.jpg", "samples/CAM_FRONT_RIGHT/n015-2018-07-24-11-13-19+0800__CAM_FRONT_RIGHT__1532402474170339.jpg", "samples/CAM_BACK_LEFT/n015-2018-07-24-11-13-19+0800__CAM_BACK_LEFT__1532402474197423.jpg", "samples/CAM_BACK/n015-2018-07-24-11-13-19+0800__CAM_BACK__1532402474187525.jpg", "samples/CAM_BACK_RIGHT/n015-2018-07-24-11-13-19+0800__CAM_BACK_RIGHT__1532402474177893.jpg"], "intrinsics": [[[1272.5979470598488, 0.0, 826.6154927353808], [0.0, 1272.5979470598488, 479.75165386361925], [0.0, 0.0, 1.0]], [[1266.417203046554, 0.0, 816.2670197447984], [0.0, 1266.417203046554, 491.50706579294757], [0.0, 0.0, 1.0]], [[1260.8474446004698, 0.0, 807.968244525554], [0.0, 1260.8474446004698, 495.3344268742088], [0.0, 0.0, 1.0]], [[1256.7414812095406, 0.0, 792.1125740759628], [0.0, 1256.7414812095406, 492.7757465151356], [0.0, 0.0, 1.0]], [[809.2209905677063, 0.0, 829.2196003259838], [0.0, 809.2209905677063, 481.77842384512485], [0.0, 0.0, 1.0]], [[1259.5137405846733, 0.0, 807.2529053838625], [0.0, 1259.5137405846733, 501.19579884916527], [0.0, 0.0, 1.0]]], "extrinsics": [[[0.8134586215019226, -0.5816059708595276, 0.004410766065120697, -0.7423095703125], [0.0054889279417693615, 9.338919335277751e-05, -0.9999849200248718, 1.5097236633300781], [0.5815967917442322, 0.8134705424308777, 0.0032683617901057005, -1.1294975280761719], [0.0, 0.0, 0.0, 1.0]], [[-0.004860594868659973, -0.9999814629554749, 0.003650855040177703, 0.00933837890625], [0.00041710870573297143, -0.003652925370261073, -0.9999932646751404, 1.5206440687179565], [0.9999880194664001, -0.004859048407524824, 0.0004348563670646399, -1.4718017578125], [0.0, 0.0, 0.0, 1.0]], [[-0.8373406529426575, -0.546528160572052, -0.012941921129822731, 0.892181396484375], [0.0064781950786709785, 0.013752209022641182, -0.9998844265937805, 1.5046906471252441], [0.5466428995132446, -0.837327778339386, -0.007974768988788128, -1.1524658203125], [0.0, 0.0, 0.0, 1.0]], [[0.947655439376831, 0.3191354274749756, 0.010086887516081333, -1.14617919921875], [0.01599797047674656, -0.015906235203146935, -0.9997454881668091, 1.5884952545166016], [-0.31889376044273376, 0.947575569152832, -0.02017914690077305, -0.1026611328125], [0.0, 0.0, 0.0, 1.0]], [[0.005320276599377394, 0.9999672770500183, -0.006086613982915878, 0.00177001953125], [-0.009789824485778809, -0.006034323945641518, -0.9999338984489441, 1.5787849426269531], [-0.9999378323554993, 0.005379486363381147, 0.009757399559020996, -0.05755615234375], [0.0, 0.0, 0.0, 1.0]], [[-0.9325969219207764, 0.3604779839515686, -0.017850391566753387, 1.0220947265625], [0.02256673015654087, 0.00887854490429163, -0.9997059106826782, 1.554163932800293], [-0.3602134585380554, -0.9327255487442017, -0.016414912417531013, -0.104705810546875], [0.0, 0.0, 0.0, 1.0]]], "view": [[0.0, -2.0, 100.0], [-2.0, 0.0, 100.0], [0.0, 0.0, 1.0]], "bev": "bev_e2b7056f139e4f72934397ed8b471464.png", "aux": "aux_e2b7056f139e4f72934397ed8b471464.npz", "visibility": "visibility_e2b7056f139e4f72934397ed8b471464.png", "pose": [[0.354290246963501, -0.9351354837417603, 0.0, 1008.129638671875], [0.9351354837417603, 0.354290246963501, 0.0, 603.7367553710938], [0.0, 0.0, 1.0, 0.0], [0.0, 0.0, 0.0, 1.0]], "pose_inverse": [[0.354290246963501, 0.9351354837417603, 0.0, -921.7461547851562], [-0.9351354837417603, 0.354290246963501, 0.0, 728.8397827148438], [0.0, 0.0, 1.0, 0.0], [0.0, 0.0, 0.0, 1.0]], "cam_ids": [0, 1, 2, 3, 4, 5], "cam_channels": ["CAM_FRONT_LEFT", "CAM_FRONT", "CAM_FRONT_RIGHT", "CAM_BACK_LEFT", "CAM_BACK", "CAM_BACK_RIGHT"], "token": "e2b7056f139e4f72934397ed8b471464", "scene": "scene-0054"}, {"images": ["samples/CAM_FRONT_LEFT/n015-2018-07-24-11-13-19+0800__CAM_FRONT_LEFT__1532402474654844.jpg", "samples/CAM_FRONT/n015-2018-07-24-11-13-19+0800__CAM_FRONT__1532402474662460.jpg", "samples/CAM_FRONT_RIGHT/n015-2018-07-24-11-13-19+0800__CAM_FRONT_RIGHT__1532402474670339.jpg", "samples/CAM_BACK_LEFT/n015-2018-07-24-11-13-19+0800__CAM_BACK_LEFT__1532402474697423.jpg", "samples/CAM_BACK/n015-2018-07-24-11-13-19+0800__CAM_BACK__1532402474687525.jpg", "samples/CAM_BACK_RIGHT/n015-2018-07-24-11-13-19+0800__CAM_BACK_RIGHT__1532402474677893.jpg"], "intrinsics": [[[1272.5979470598488, 0.0, 826.6154927353808], [0.0, 1272.5979470598488, 479.75165386361925], [0.0, 0.0, 1.0]], [[1266.417203046554, 0.0, 816.2670197447984], [0.0, 1266.417203046554, 491.50706579294757], [0.0, 0.0, 1.0]], [[1260.8474446004698, 0.0, 807.968244525554], [0.0, 1260.8474446004698, 495.3344268742088], [0.0, 0.0, 1.0]], [[1256.7414812095406, 0.0, 792.1125740759628], [0.0, 1256.7414812095406, 492.7757465151356], [0.0, 0.0, 1.0]], [[809.2209905677063, 0.0, 829.2196003259838], [0.0, 809.2209905677063, 481.77842384512485], [0.0, 0.0, 1.0]], [[1259.5137405846733, 0.0, 807.2529053838625], [0.0, 1259.5137405846733, 501.19579884916527], [0.0, 0.0, 1.0]]], "extrinsics": [[[0.8116820454597473, -0.5840095281600952, 0.010257802903652191, -0.7547607421875], [0.014863300137221813, 0.0030952454544603825, -0.9998847246170044, 1.512049674987793], [0.583910346031189, 0.8117408752441406, 0.01119266264140606, -1.133331298828125], [0.0, 0.0, 0.0, 1.0]], [[-0.007098784204572439, -0.9999744296073914, 0.0007476931787095964, 0.0059814453125], [0.009325454011559486, -0.0008138802950270474, -0.9999561905860901, 1.5224947929382324], [0.999931275844574, -0.007091492414474487, 0.0093309935182333, -1.48223876953125], [0.0, 0.0, 0.0, 1.0]], [[-0.8381044864654541, -0.5450877547264099, -0.021450413390994072, 0.897735595703125], [0.014905882067978382, 0.016423866152763367, -0.9997539520263672, 1.5060253143310547], [0.5453060269355774, -0.838218092918396, -0.0056399013847112656, -1.158935546875], [0.0, 0.0, 0.0, 1.0]], [[0.9474908113479614, 0.3193306624889374, 0.01700069196522236, -1.1470947265625], [0.022478962317109108, -0.013477440923452377, -0.9996564388275146, 1.5884513854980469], [-0.31899186968803406, 0.947547435760498, -0.019947975873947144, -0.1026611328125], [0.0, 0.0, 0.0, 1.0]], [[0.005863026715815067, 0.9999763369560242, -0.0036086763720959425, 0.00244140625], [-0.002608522539958358, -0.0035934322513639927, -0.9999901056289673, 1.5792115926742554], [-0.9999794363975525, 0.005872370675206184, 0.002587390597909689, -0.05413818359375], [0.0, 0.0, 0.0, 1.0]], [[-0.9320083856582642, 0.3616235852241516, -0.024264229461550713, 1.0283203125], [0.030456511303782463, 0.011432711035013199, -0.9994707703590393, 1.554945945739746], [-0.3611547350883484, -0.9322540760040283, -0.0216691754758358, -0.10406494140625], [0.0, 0.0, 0.0, 1.0]]], "view": [[0.0, -2.0, 100.0], [-2.0, 0.0, 100.0], [0.0, 0.0, 1.0]], "bev": "bev_cde470f5d4ff4b6c885f1c01a0dbcea6.png", "aux": "aux_cde470f5d4ff4b6c885f1c01a0dbcea6.npz", "visibility": "visibility_cde470f5d4ff4b6c885f1c01a0dbcea6.png", "pose": [[0.1837577074766159, -0.9829715490341187, 0.0, 1008.9934692382812], [0.9829715490341187, 0.1837577074766159, 0.0, 606.6907348632812], [0.0, 0.0, 1.0, 0.0], [0.0, 0.0, 0.0, 1.0]], "pose_inverse": [[0.1837577074766159, 0.9829715490341187, 0.0, -781.7700805664062], [-0.9829715490341187, 0.1837577074766159, 0.0, 880.3278198242188], [0.0, 0.0, 1.0, 0.0], [0.0, 0.0, 0.0, 1.0]], "cam_ids": [0, 1, 2, 3, 4, 5], "cam_channels": ["CAM_FRONT_LEFT", "CAM_FRONT", "CAM_FRONT_RIGHT", "CAM_BACK_LEFT", "CAM_BACK", "CAM_BACK_RIGHT"], "token": "cde470f5d4ff4b6c885f1c01a0dbcea6", "scene": "scene-0054"}, {"images": ["samples/CAM_FRONT_LEFT/n015-2018-07-24-11-13-19+0800__CAM_FRONT_LEFT__1532402475154844.jpg", "samples/CAM_FRONT/n015-2018-07-24-11-13-19+0800__CAM_FRONT__1532402475162460.jpg", "samples/CAM_FRONT_RIGHT/n015-2018-07-24-11-13-19+0800__CAM_FRONT_RIGHT__1532402475170339.jpg", "samples/CAM_BACK_LEFT/n015-2018-07-24-11-13-19+0800__CAM_BACK_LEFT__1532402475197423.jpg", "samples/CAM_BACK/n015-2018-07-24-11-13-19+0800__CAM_BACK__1532402475187525.jpg", "samples/CAM_BACK_RIGHT/n015-2018-07-24-11-13-19+0800__CAM_BACK_RIGHT__1532402475177893.jpg"], "intrinsics": [[[1272.5979470598488, 0.0, 826.6154927353808], [0.0, 1272.5979470598488, 479.75165386361925], [0.0, 0.0, 1.0]], [[1266.417203046554, 0.0, 816.2670197447984], [0.0, 1266.417203046554, 491.50706579294757], [0.0, 0.0, 1.0]], [[1260.8474446004698, 0.0, 807.968244525554], [0.0, 1260.8474446004698, 495.3344268742088], [0.0, 0.0, 1.0]], [[1256.7414812095406, 0.0, 792.1125740759628], [0.0, 1256.7414812095406, 492.7757465151356], [0.0, 0.0, 1.0]], [[809.2209905677063, 0.0, 829.2196003259838], [0.0, 809.2209905677063, 481.77842384512485], [0.0, 0.0, 1.0]], [[1259.5137405846733, 0.0, 807.2529053838625], [0.0, 1259.5137405846733, 501.19579884916527], [0.0, 0.0, 1.0]]], "extrinsics": [[[0.8113386631011963, -0.5842798352241516, 0.018621500581502914, -0.7506103515625], [0.025018883869051933, 0.0028807958588004112, -0.9996828436851501, 1.514744758605957], [0.5840408802032471, 0.8115471601486206, 0.016955329105257988, -1.132476806640625], [0.0, 0.0, 0.0, 1.0]], [[-0.0074285888113081455, -0.9999719262123108, 0.0009930612286552787, 0.00762939453125], [0.019690383225679398, -0.001139171770773828, -0.9998055100440979, 1.5247344970703125], [0.9997784495353699, -0.007407588884234428, 0.019698292016983032, -1.47918701171875], [0.0, 0.0, 0.0, 1.0]], [[-0.8379669189453125, -0.5448905825614929, -0.030095474794507027, 0.8966751098632812], [0.025475623086094856, 0.016029108315706253, -0.9995469450950623, 1.507768988609314], [0.5451260209083557, -0.8383539915084839, 0.00044956349302083254, -1.1566162109375], [0.0, 0.0, 0.0, 1.0]], [[0.9472529292106628, 0.31930625438690186, 0.027483198791742325, -1.1478729248046875], [0.03379194438457489, -0.014233368448913097, -0.9993274807929993, 1.5883636474609375], [-0.31870031356811523, 0.9475446939468384, -0.024272579699754715, -0.102294921875], [0.0, 0.0, 0.0, 1.0]], [[0.005985456984490156, 0.999973475933075, -0.00415566423907876, 0.00201416015625], [0.008449913002550602, -0.004206167068332434, -0.9999554753303528, 1.5798401832580566], [-0.9999464154243469, 0.005950075574219227, -0.00847486313432455, -0.054443359375], [0.0, 0.0, 0.0, 1.0]], [[-0.9316325783729553, 0.36176106333732605, -0.03449104726314545, 1.02667236328125], [0.04123283922672272, 0.010930429212749004, -0.999089777469635, 1.5562362670898438], [-0.36105477809906006, -0.9322068095207214, -0.025099581107497215, -0.1036376953125], [0.0, 0.0, 0.0, 1.0]]], "view": [[0.0, -2.0, 100.0], [-2.0, 0.0, 100.0], [0.0, 0.0, 1.0]], "bev": "bev_6baa5c09dc964ccc803878dd9d8a4b82.png", "aux": "aux_6baa5c09dc964ccc803878dd9d8a4b82.npz", "visibility": "visibility_6baa5c09dc964ccc803878dd9d8a4b82.png", "pose": [[-0.004810656420886517, -0.9999884366989136, 0.0, 1009.2991333007812], [0.9999884366989136, -0.004810656420886517, 0.0, 609.7406005859375], [0.0, 0.0, 1.0, 0.0], [0.0, 0.0, 0.0, 1.0]], "pose_inverse": [[-0.004810656420886517, 0.9999884366989136, 0.0, -604.878173828125], [-0.9999884366989136, -0.004810656420886517, 0.0, 1012.220703125], [0.0, 0.0, 1.0, 0.0], [0.0, 0.0, 0.0, 1.0]], "cam_ids": [0, 1, 2, 3, 4, 5], "cam_channels": ["CAM_FRONT_LEFT", "CAM_FRONT", "CAM_FRONT_RIGHT", "CAM_BACK_LEFT", "CAM_BACK", "CAM_BACK_RIGHT"], "token": "6baa5c09dc964ccc803878dd9d8a4b82", "scene": "scene-0054"}, {"images": ["samples/CAM_FRONT_LEFT/n015-2018-07-24-11-13-19+0800__CAM_FRONT_LEFT__1532402475755288.jpg", "samples/CAM_FRONT/n015-2018-07-24-11-13-19+0800__CAM_FRONT__1532402475762460.jpg", "samples/CAM_FRONT_RIGHT/n015-2018-07-24-11-13-19+0800__CAM_FRONT_RIGHT__1532402475770339.jpg", "samples/CAM_BACK_LEFT/n015-2018-07-24-11-13-19+0800__CAM_BACK_LEFT__1532402475797423.jpg", "samples/CAM_BACK/n015-2018-07-24-11-13-19+0800__CAM_BACK__1532402475787525.jpg", "samples/CAM_BACK_RIGHT/n015-2018-07-24-11-13-19+0800__CAM_BACK_RIGHT__1532402475777893.jpg"], "intrinsics": [[[1272.5979470598488, 0.0, 826.6154927353808], [0.0, 1272.5979470598488, 479.75165386361925], [0.0, 0.0, 1.0]], [[1266.417203046554, 0.0, 816.2670197447984], [0.0, 1266.417203046554, 491.50706579294757], [0.0, 0.0, 1.0]], [[1260.8474446004698, 0.0, 807.968244525554], [0.0, 1260.8474446004698, 495.3344268742088], [0.0, 0.0, 1.0]], [[1256.7414812095406, 0.0, 792.1125740759628], [0.0, 1256.7414812095406, 492.7757465151356], [0.0, 0.0, 1.0]], [[809.2209905677063, 0.0, 829.2196003259838], [0.0, 809.2209905677063, 481.77842384512485], [0.0, 0.0, 1.0]], [[1259.5137405846733, 0.0, 807.2529053838625], [0.0, 1259.5137405846733, 501.19579884916527], [0.0, 0.0, 1.0]]], "extrinsics": [[[0.8115901947021484, -0.5839471817016602, 0.01808377541601658, -0.7412109375], [0.021938247606158257, -0.0004701683355960995, -0.9997592568397522, 1.51422119140625], [0.5838150382041931, 0.8117914795875549, 0.012429192662239075, -1.12530517578125], [0.0, 0.0, 0.0, 1.0]], [[-0.0073030805215239525, -0.9999640583992004, 0.004307828843593597, 0.0069580078125], [0.016451116651296616, -0.0044275070540606976, -0.9998549222946167, 1.5242433547973633], [0.9998379945755005, -0.007231162860989571, 0.01648285798728466, -1.467803955078125], [0.0, 0.0, 0.0, 1.0]], [[-0.838036835193634, -0.5450168251991272, -0.0255124494433403, 0.88861083984375], [0.022092901170253754, 0.01282429974526167, -0.9996736645698547, 1.5074357986450195], [0.5451660752296448, -0.8383271098136902, 0.0012937667779624462, -1.1519775390625], [0.0, 0.0, 0.0, 1.0]], [[0.9474471807479858, 0.31908145546913147, 0.02304033562541008, -1.1444435119628906], [0.029937276616692543, -0.016726775094866753, -0.9994118213653564, 1.5884933471679688], [-0.3185082972049713, 0.9475796818733215, -0.02540016546845436, -0.103271484375], [0.0, 0.0, 0.0, 1.0]], [[0.006103656720370054, 0.9999571442604065, -0.006960810162127018, 0.002197265625], [0.004750942811369896, -0.006989859510213137, -0.9999642968177795, 1.579658031463623], [-0.9999700784683228, 0.0060703689232468605, -0.00479340273886919, -0.05999755859375], [0.0, 0.0, 0.0, 1.0]], [[-0.9317404627799988, 0.36168551445007324, -0.032300181686878204, 1.019775390625], [0.037703827023506165, 0.007890760898590088, -0.9992578029632568, 1.5561184883117676], [-0.3611621856689453, -0.9322667717933655, -0.02098906971514225, -0.1068115234375], [0.0, 0.0, 0.0, 1.0]]], "view": [[0.0, -2.0, 100.0], [-2.0, 0.0, 100.0], [0.0, 0.0, 1.0]], "bev": "bev_7c3d2578720841a28120b69bf76609df.png", "aux": "aux_7c3d2578720841a28120b69bf76609df.npz", "visibility": "visibility_7c3d2578720841a28120b69bf76609df.png", "pose": [[-0.23170870542526245, -0.972785234451294, 0.0, 1008.8800659179688], [0.972785234451294, -0.23170870542526245, 0.0, 613.576904296875], [0.0, 0.0, 1.0, 0.0], [0.0, 0.0, 0.0, 1.0]], "pose_inverse": [[-0.23170870542526245, 0.972785234451294, 0.0, -363.11224365234375], [-0.972785234451294, -0.23170870542526245, 0.0, 1123.5947265625], [0.0, 0.0, 1.0, 0.0], [0.0, 0.0, 0.0, 1.0]], "cam_ids": [0, 1, 2, 3, 4, 5], "cam_channels": ["CAM_FRONT_LEFT", "CAM_FRONT", "CAM_FRONT_RIGHT", "CAM_BACK_LEFT", "CAM_BACK", "CAM_BACK_RIGHT"], "token": "7c3d2578720841a28120b69bf76609df", "scene": "scene-0054"}, {"images": ["samples/CAM_FRONT_LEFT/n015-2018-07-24-11-13-19+0800__CAM_FRONT_LEFT__1532402476254844.jpg", "samples/CAM_FRONT/n015-2018-07-24-11-13-19+0800__CAM_FRONT__1532402476262460.jpg", "samples/CAM_FRONT_RIGHT/n015-2018-07-24-11-13-19+0800__CAM_FRONT_RIGHT__1532402476270339.jpg", "samples/CAM_BACK_LEFT/n015-2018-07-24-11-13-19+0800__CAM_BACK_LEFT__1532402476297423.jpg", "samples/CAM_BACK/n015-2018-07-24-11-13-19+0800__CAM_BACK__1532402476287525.jpg", "samples/CAM_BACK_RIGHT/n015-2018-07-24-11-13-19+0800__CAM_BACK_RIGHT__1532402476277893.jpg"], "intrinsics": [[[1272.5979470598488, 0.0, 826.6154927353808], [0.0, 1272.5979470598488, 479.75165386361925], [0.0, 0.0, 1.0]], [[1266.417203046554, 0.0, 816.2670197447984], [0.0, 1266.417203046554, 491.50706579294757], [0.0, 0.0, 1.0]], [[1260.8474446004698, 0.0, 807.968244525554], [0.0, 1260.8474446004698, 495.3344268742088], [0.0, 0.0, 1.0]], [[1256.7414812095406, 0.0, 792.1125740759628], [0.0, 1256.7414812095406, 492.7757465151356], [0.0, 0.0, 1.0]], [[809.2209905677063, 0.0, 829.2196003259838], [0.0, 809.2209905677063, 481.77842384512485], [0.0, 0.0, 1.0]], [[1259.5137405846733, 0.0, 807.2529053838625], [0.0, 1259.5137405846733, 501.19579884916527], [0.0, 0.0, 1.0]]], "extrinsics": [[[0.8131596446037292, -0.5816697478294373, 0.020779741927981377, -0.70599365234375], [0.021034901961684227, -0.0063094208016991615, -0.9997588396072388, 1.5148935317993164], [0.5816605687141418, 0.8134006261825562, 0.007104798685759306, -1.10260009765625], [0.0, 0.0, 0.0, 1.0]], [[-0.005010620690882206, -0.9999368786811829, 0.010052735917270184, 0.0086669921875], [0.015932828187942505, -0.010131416842341423, -0.9998217821121216, 1.5246896743774414], [0.9998604655265808, -0.004849570337682962, 0.01598258689045906, -1.434539794921875], [0.0, 0.0, 0.0, 1.0]], [[-0.8370990753173828, -0.5465959906578064, -0.022317059338092804, 0.867095947265625], [0.021935923025012016, 0.00722392275929451, -0.9997332692146301, 1.5080008506774902], [0.5466114282608032, -0.8373653292655945, 0.005942949093878269, -1.1363525390625], [0.0, 0.0, 0.0, 1.0]], [[0.9473899006843567, 0.31929105520248413, 0.022486861795186996, -1.141021728515625], [0.031218213960528374, -0.022253945469856262, -0.9992647767066956, 1.588613510131836], [-0.31855592131614685, 0.9473953247070312, -0.03105085901916027, -0.1048583984375], [0.0, 0.0, 0.0, 1.0]], [[0.005550425034016371, 0.9999064207077026, -0.012508714571595192, 0.0015869140625], [0.005546173546463251, -0.012539495714008808, -0.9999060034751892, 1.5797834396362305], [-0.9999692440032959, 0.005480554420500994, -0.005615255795419216, -0.07177734375], [0.0, 0.0, 0.0, 1.0]], [[-0.9321573972702026, 0.36039790511131287, -0.034582171589136124, 1.00079345703125], [0.037979606539011, 0.002346968511119485, -0.999275803565979, 1.55692458152771], [-0.3600557744503021, -0.9327957630157471, -0.01587551459670067, -0.1131591796875], [0.0, 0.0, 0.0, 1.0]]], "view": [[0.0, -2.0, 100.0], [-2.0, 0.0, 100.0], [0.0, 0.0, 1.0]], "bev": "bev_0e9f2062b7bb42979dd8f309b044bc62.png", "aux": "aux_0e9f2062b7bb42979dd8f309b044bc62.npz", "visibility": "visibility_0e9f2062b7bb42979dd8f309b044bc62.png", "pose": [[-0.39265814423561096, -0.9196845293045044, 0.0, 1007.8132934570312], [0.9196845293045044, -0.39265814423561096, 0.0, 616.8863525390625], [0.0, 0.0, 1.0, 0.0], [0.0, 0.0, 0.0, 1.0]], "pose_inverse": [[-0.39265814423561096, 0.9196845293045044, 0.0, -171.61471557617188], [-0.9196845293045044, -0.39265814423561096, 0.0, 1169.095703125], [0.0, 0.0, 1.0, 0.0], [0.0, 0.0, 0.0, 1.0]], "cam_ids": [0, 1, 2, 3, 4, 5], "cam_channels": ["CAM_FRONT_LEFT", "CAM_FRONT", "CAM_FRONT_RIGHT", "CAM_BACK_LEFT", "CAM_BACK", "CAM_BACK_RIGHT"], "token": "0e9f2062b7bb42979dd8f309b044bc62", "scene": "scene-0054"}, {"images": ["samples/CAM_FRONT_LEFT/n015-2018-07-24-11-13-19+0800__CAM_FRONT_LEFT__1532402476754844.jpg", "samples/CAM_FRONT/n015-2018-07-24-11-13-19+0800__CAM_FRONT__1532402476762470.jpg", "samples/CAM_FRONT_RIGHT/n015-2018-07-24-11-13-19+0800__CAM_FRONT_RIGHT__1532402476770339.jpg", "samples/CAM_BACK_LEFT/n015-2018-07-24-11-13-19+0800__CAM_BACK_LEFT__1532402476797423.jpg", "samples/CAM_BACK/n015-2018-07-24-11-13-19+0800__CAM_BACK__1532402476787535.jpg", "samples/CAM_BACK_RIGHT/n015-2018-07-24-11-13-19+0800__CAM_BACK_RIGHT__1532402476777893.jpg"], "intrinsics": [[[1272.5979470598488, 0.0, 826.6154927353808], [0.0, 1272.5979470598488, 479.75165386361925], [0.0, 0.0, 1.0]], [[1266.417203046554, 0.0, 816.2670197447984], [0.0, 1266.417203046554, 491.50706579294757], [0.0, 0.0, 1.0]], [[1260.8474446004698, 0.0, 807.968244525554], [0.0, 1260.8474446004698, 495.3344268742088], [0.0, 0.0, 1.0]], [[1256.7414812095406, 0.0, 792.1125740759628], [0.0, 1256.7414812095406, 492.7757465151356], [0.0, 0.0, 1.0]], [[809.2209905677063, 0.0, 829.2196003259838], [0.0, 809.2209905677063, 481.77842384512485], [0.0, 0.0, 1.0]], [[1259.5137405846733, 0.0, 807.2529053838625], [0.0, 1259.5137405846733, 501.19579884916527], [0.0, 0.0, 1.0]]], "extrinsics": [[[0.8143697381019592, -0.5801266431808472, 0.015969643369317055, -0.70172119140625], [0.01708744838833809, -0.0035366611555218697, -0.9998477697372437, 1.5137290954589844], [0.5800946950912476, 0.8145186305046082, 0.0070327334105968475, -1.0987548828125], [0.0, 0.0, 0.0, 1.0]], [[-0.0033265913370996714, -0.999966025352478, 0.0075318654999136925, 0.008056640625], [0.011933072470128536, -0.007571065798401833, -0.9999001622200012, 1.5237011909484863], [0.9999232888221741, -0.003236369462683797, 0.011957853101193905, -1.429194450378418], [0.0, 0.0, 0.0, 1.0]], [[-0.8364905118942261, -0.5476088523864746, -0.02020285092294216, 0.8626708984375], [0.017877629026770592, 0.00957659911364317, -0.9997943043708801, 1.507277488708496], [0.54768967628479, -0.8366796374320984, 0.001779212150722742, -1.13409423828125], [0.0, 0.0, 0.0, 1.0]], [[0.947580099105835, 0.3189423978328705, 0.019171761348843575, -1.139251708984375], [0.027229491621255875, -0.020823923870921135, -0.9994122385978699, 1.5886573791503906], [-0.3183557391166687, 0.9475452899932861, -0.02841697633266449, -0.1053466796875], [0.0, 0.0, 0.0, 1.0]], [[0.005147953052073717, 0.9999290108680725, -0.010742594487965107, 0.001953125], [0.0014959346735849977, -0.010750425048172474, -0.9999411106109619, 1.5794878005981445], [-0.9999856352806091, 0.005131532438099384, -0.001551171182654798, -0.07497024536132812], [0.0, 0.0, 0.0, 1.0]], [[-0.9326106309890747, 0.35963141918182373, -0.030041685327887535, 0.996826171875], [0.0339185893535614, 0.004473297856748104, -0.9994145631790161, 1.5564823150634766], [-0.3592865765094757, -0.9330837726593018, -0.01637003943324089, -0.1148681640625], [0.0, 0.0, 0.0, 1.0]]], "view": [[0.0, -2.0, 100.0], [-2.0, 0.0, 100.0], [0.0, 0.0, 1.0]], "bev": "bev_f2f16d0699aa409ca8d660eb192d127f.png", "aux": "aux_f2f16d0699aa409ca8d660eb192d127f.npz", "visibility": "visibility_f2f16d0699aa409ca8d660eb192d127f.png", "pose": [[-0.5173291563987732, -0.8557865023612976, 0.0, 1006.17919921875], [0.8557865023612976, -0.5173291563987732, 0.0, 620.1571655273438], [0.0, 0.0, 1.0, 0.0], [0.0, 0.0, 0.0, 1.0]], "pose_inverse": [[-0.5173291563987732, 0.8557865023612976, 0.0, -10.196287155151367], [-0.8557865023612976, -0.5173291563987732, 0.0, 1181.9000244140625], [0.0, 0.0, 1.0, 0.0], [0.0, 0.0, 0.0, 1.0]], "cam_ids": [0, 1, 2, 3, 4, 5], "cam_channels": ["CAM_FRONT_LEFT", "CAM_FRONT", "CAM_FRONT_RIGHT", "CAM_BACK_LEFT", "CAM_BACK", "CAM_BACK_RIGHT"], "token": "f2f16d0699aa409ca8d660eb192d127f", "scene": "scene-0054"}, {"images": ["samples/CAM_FRONT_LEFT/n015-2018-07-24-11-13-19+0800__CAM_FRONT_LEFT__1532402477254844.jpg", "samples/CAM_FRONT/n015-2018-07-24-11-13-19+0800__CAM_FRONT__1532402477262460.jpg", "samples/CAM_FRONT_RIGHT/n015-2018-07-24-11-13-19+0800__CAM_FRONT_RIGHT__1532402477270339.jpg", "samples/CAM_BACK_LEFT/n015-2018-07-24-11-13-19+0800__CAM_BACK_LEFT__1532402477297423.jpg", "samples/CAM_BACK/n015-2018-07-24-11-13-19+0800__CAM_BACK__1532402477287673.jpg", "samples/CAM_BACK_RIGHT/n015-2018-07-24-11-13-19+0800__CAM_BACK_RIGHT__1532402477277893.jpg"], "intrinsics": [[[1272.5979470598488, 0.0, 826.6154927353808], [0.0, 1272.5979470598488, 479.75165386361925], [0.0, 0.0, 1.0]], [[1266.417203046554, 0.0, 816.2670197447984], [0.0, 1266.417203046554, 491.50706579294757], [0.0, 0.0, 1.0]], [[1260.8474446004698, 0.0, 807.968244525554], [0.0, 1260.8474446004698, 495.3344268742088], [0.0, 0.0, 1.0]], [[1256.7414812095406, 0.0, 792.1125740759628], [0.0, 1256.7414812095406, 492.7757465151356], [0.0, 0.0, 1.0]], [[809.2209905677063, 0.0, 829.2196003259838], [0.0, 809.2209905677063, 481.77842384512485], [0.0, 0.0, 1.0]], [[1259.5137405846733, 0.0, 807.2529053838625], [0.0, 1259.5137405846733, 501.19579884916527], [0.0, 0.0, 1.0]]], "extrinsics": [[[0.8160951137542725, -0.57770836353302, 0.015550369396805763, -0.68975830078125], [0.014778368175029755, -0.006037361454218626, -0.9998725652694702, 1.5132074356079102], [0.5777285695075989, 0.8162208795547485, 0.0036105243489146233, -1.09161376953125], [0.0, 0.0, 0.0, 1.0]], [[-0.000981258461251855, -0.9999496936798096, 0.009977537207305431, 0.0086669921875], [0.009290492162108421, -0.009986228309571743, -0.9999070167541504, 1.5231361389160156], [0.9999563097953796, -0.0008884922135621309, 0.009299823082983494, -1.4164810180664062], [0.0, 0.0, 0.0, 1.0]], [[-0.8355859518051147, -0.5491135716438293, -0.016443884000182152, 0.853271484375], [0.014889081940054893, 0.00728541100397706, -0.9998626112937927, 1.5068397521972656], [0.5491579174995422, -0.8357159495353699, 0.0020882117096334696, -1.1273193359375], [0.0, 0.0, 0.0, 1.0]], [[0.9477663040161133, 0.31861451268196106, 0.014961743727326393, -1.1314697265625], [0.023381324484944344, -0.022617314010858536, -0.9994707703590393, 1.588827133178711], [-0.3181075155735016, 0.9476144313812256, -0.028885554522275925, -0.1075439453125], [0.0, 0.0, 0.0, 1.0]], 