[{"images": ["samples/CAM_FRONT_LEFT/n015-2018-10-08-16-03-24+0800__CAM_FRONT_LEFT__1538985809854844.jpg", "samples/CAM_FRONT/n015-2018-10-08-16-03-24+0800__CAM_FRONT__1538985809862460.jpg", "samples/CAM_FRONT_RIGHT/n015-2018-10-08-16-03-24+0800__CAM_FRONT_RIGHT__1538985809870339.jpg", "samples/CAM_BACK_LEFT/n015-2018-10-08-16-03-24+0800__CAM_BACK_LEFT__1538985809897423.jpg", "samples/CAM_BACK/n015-2018-10-08-16-03-24+0800__CAM_BACK__1538985809887525.jpg", "samples/CAM_BACK_RIGHT/n015-2018-10-08-16-03-24+0800__CAM_BACK_RIGHT__1538985809877893.jpg"], "intrinsics": [[[1272.5979470598488, 0.0, 826.6154927353808], [0.0, 1272.5979470598488, 479.75165386361925], [0.0, 0.0, 1.0]], [[1266.417203046554, 0.0, 816.2670197447984], [0.0, 1266.417203046554, 491.50706579294757], [0.0, 0.0, 1.0]], [[1260.8474446004698, 0.0, 807.968244525554], [0.0, 1260.8474446004698, 495.3344268742088], [0.0, 0.0, 1.0]], [[1256.7414812095406, 0.0, 792.1125740759628], [0.0, 1256.7414812095406, 492.7757465151356], [0.0, 0.0, 1.0]], [[809.2209905677063, 0.0, 829.2196003259838], [0.0, 809.2209905677063, 481.77842384512485], [0.0, 0.0, 1.0]], [[1259.5137405846733, 0.0, 807.2529053838625], [0.0, 1259.5137405846733, 501.19579884916527], [0.0, 0.0, 1.0]]], "extrinsics": [[[0.8214342594146729, -0.5702061057090759, -0.010528157465159893, -0.655517578125], [0.021770033985376358, 0.04979822412133217, -0.9985219836235046, 1.5162162780761719], [0.5698875784873962, 0.8199909925460815, 0.05331937223672867, -1.0699462890625], [0.0, 0.0, 0.0, 1.0]], [[0.007165407296270132, -0.9989281892776489, -0.04572798311710358, 0.0108642578125], [0.016397634521126747, 0.04584038630127907, -0.9988142251968384, 1.5254268646240234], [0.9998398423194885, 0.0064070881344377995, 0.016708524897694588, -1.384033203125], [0.0, 0.0, 0.0, 1.0]], [[-0.831673264503479, -0.5527077913284302, -0.0532320998609066, 0.83447265625], [0.021907085552811623, 0.06313204765319824, -0.9977647066116333, 1.5086936950683594], [0.5548329949378967, -0.8309803605079651, -0.04039702191948891, -1.1126708984375], [0.0, 0.0, 0.0, 1.0]], [[0.9472182989120483, 0.3181658983230591, 0.039345644414424896, -1.135009765625], [0.03041650541126728, 0.03298577293753624, -0.9989928603172302, 1.5887832641601562], [-0.31914329528808594, 0.9474610686302185, 0.02156723476946354, -0.1063232421875], [0.0, 0.0, 0.0, 1.0]], [[0.0014191007940098643, 0.9990766048431396, 0.0429418720304966, 0.00140380859375], [0.005057991482317448, 0.04293419420719147, -0.999065101146698, 1.579768180847168], [-0.9999862313270569, 0.0016349740326404572, -0.004992394708096981, -0.09033203125], [0.0, 0.0, 0.0, 1.0]], [[-0.9348264336585999, 0.3548021614551544, -0.01465657539665699, 0.971923828125], [0.03772682324051857, 0.05819227173924446, -0.9975922703742981, 1.5578994750976562], [-0.3530951142311096, -0.9331287145614624, -0.06778524070978165, -0.122772216796875], [0.0, 0.0, 0.0, 1.0]]], "view": [[0.0, -2.0, 100.0], [-2.0, 0.0, 100.0], [0.0, 0.0, 1.0]], "bev": "bev_d5a4d9c30ef84f2c81e911803ef4ee14.png", "aux": "aux_d5a4d9c30ef84f2c81e911803ef4ee14.npz", "visibility": "visibility_d5a4d9c30ef84f2c81e911803ef4ee14.png", "pose": [[-0.8408114314079285, 0.5413281321525574, 0.0, 2685.463134765625], [-0.5413281321525574, -0.8408114314079285, 0.0, 1038.1414794921875], [0.0, 0.0, 1.0, 0.0], [0.0, 0.0, 0.0, 1.0]], "pose_inverse": [[-0.8408114314079285, -0.5413281321525574, 0.0, 2819.943359375], [0.5413281321525574, -0.8408114314079285, 0.0, -580.8355102539062], [0.0, 0.0, 1.0, 0.0], [0.0, 0.0, 0.0, 1.0]], "cam_ids": [0, 1, 2, 3, 4, 5], "cam_channels": ["CAM_FRONT_LEFT", "CAM_FRONT", "CAM_FRONT_RIGHT", "CAM_BACK_LEFT", "CAM_BACK", "CAM_BACK_RIGHT"], "token": "d5a4d9c30ef84f2c81e911803ef4ee14", "scene": "scene-0847"}, {"images": ["samples/CAM_FRONT_LEFT/n015-2018-10-08-16-03-24+0800__CAM_FRONT_LEFT__1538985810354844.jpg", "samples/CAM_FRONT/n015-2018-10-08-16-03-24+0800__CAM_FRONT__1538985810362460.jpg", "samples/CAM_FRONT_RIGHT/n015-2018-10-08-16-03-24+0800__CAM_FRONT_RIGHT__1538985810370339.jpg", "samples/CAM_BACK_LEFT/n015-2018-10-08-16-03-24+0800__CAM_BACK_LEFT__1538985810397423.jpg", "samples/CAM_BACK/n015-2018-10-08-16-03-24+0800__CAM_BACK__1538985810387525.jpg", "samples/CAM_BACK_RIGHT/n015-2018-10-08-16-03-24+0800__CAM_BACK_RIGHT__1538985810377893.jpg"], "intrinsics": [[[1272.5979470598488, 0.0, 826.6154927353808], [0.0, 1272.5979470598488, 479.75165386361925], [0.0, 0.0, 1.0]], [[1266.417203046554, 0.0, 816.2670197447984], [0.0, 1266.417203046554, 491.50706579294757], [0.0, 0.0, 1.0]], [[1260.8474446004698, 0.0, 807.968244525554], [0.0, 1260.8474446004698, 495.3344268742088], [0.0, 0.0, 1.0]], [[1256.7414812095406, 0.0, 792.1125740759628], [0.0, 1256.7414812095406, 492.7757465151356], [0.0, 0.0, 1.0]], [[809.2209905677063, 0.0, 829.2196003259838], [0.0, 809.2209905677063, 481.77842384512485], [0.0, 0.0, 1.0]], [[1259.5137405846733, 0.0, 807.2529053838625], [0.0, 1259.5137405846733, 501.19579884916527], [0.0, 0.0, 1.0]]], "extrinsics": [[[0.8207647800445557, -0.5711067318916321, -0.013500738888978958, -0.652099609375], [0.023012781515717506, 0.05666811391711235, -0.998127818107605, 1.5167083740234375], [0.5708025693893433, 0.8189173936843872, 0.05965394526720047, -1.0677490234375], [0.0, 0.0, 0.0, 1.0]], [[0.006105121225118637, -0.9985909461975098, -0.05271372199058533, 0.0106201171875], [0.017858589068055153, 0.05281518027186394, -0.9984446167945862, 1.5259265899658203], [0.9998218417167664, 0.005154191516339779, 0.018155870959162712, -1.379638671875], [0.0, 0.0, 0.0, 1.0]], [[-0.8321671485900879, -0.5514272451400757, -0.05852947384119034, 0.830078125], [0.023617982864379883, 0.07020793110132217, -0.9972527027130127, 1.5092220306396484], [0.5540214776992798, -0.8312634229660034, -0.04540114477276802, -1.1104736328125], [0.0, 0.0, 0.0, 1.0]], [[0.9471001625061035, 0.3179115056991577, 0.04397213086485863, -1.1357421875], [0.03276941180229187, 0.04050338640809059, -0.998641848564148, 1.588775634765625], [-0.31926068663597107, 0.9472547769546509, 0.027942990884184837, -0.1063232421875], [0.0, 0.0, 0.0, 1.0]], [[0.0017195907421410084, 0.9987321496009827, 0.05030909180641174, 0.0018310546875], [0.007186791859567165, 0.050295520573854446, -0.9987085461616516, 1.5799832344055176], [-0.9999726414680481, 0.002078923862427473, -0.007091192994266748, -0.09228515625], [0.0, 0.0, 0.0, 1.0]], [[-0.9344953298568726, 0.35570669174194336, -0.01382366567850113, 0.968017578125], [0.03963270038366318, 0.0653722807765007, -0.9970735311508179, 1.55841064453125], [-0.35376209020614624, -0.9323084950447083, -0.07518771290779114, -0.125], [0.0, 0.0, 0.0, 1.0]]], "view": [[0.0, -2.0, 100.0], [-2.0, 0.0, 100.0], [0.0, 0.0, 1.0]], "bev": "bev_194ba07f5d1648b78effae1abebcdd41.png", "aux": "aux_194ba07f5d1648b78effae1abebcdd41.npz", "visibility": "visibility_194ba07f5d1648b78effae1abebcdd41.png", "pose": [[-0.8410731554031372, 0.5409213304519653, 0.0, 2681.770751953125], [-0.5409213304519653, -0.8410731554031372, 0.0, 1035.8326416015625], [0.0, 0.0, 1.0, 0.0], [0.0, 0.0, 0.0, 1.0]], "pose_inverse": [[-0.8410731554031372, -0.5409213304519653, 0.0, 2815.869384765625], [0.5409213304519653, -0.8410731554031372, 0.0, -579.416015625], [0.0, 0.0, 1.0, 0.0], [0.0, 0.0, 0.0, 1.0]], "cam_ids": [0, 1, 2, 3, 4, 5], "cam_channels": ["CAM_FRONT_LEFT", "CAM_FRONT", "CAM_FRONT_RIGHT", "CAM_BACK_LEFT", "CAM_BACK", "CAM_BACK_RIGHT"], "token": "194ba07f5d1648b78effae1abebcdd41", "scene": "scene-0847"}, {"images": ["samples/CAM_FRONT_LEFT/n015-2018-10-08-16-03-24+0800__CAM_FRONT_LEFT__1538985810854844.jpg", "samples/CAM_FRONT/n015-2018-10-08-16-03-24+0800__CAM_FRONT__1538985810862460.jpg", "samples/CAM_FRONT_RIGHT/n015-2018-10-08-16-03-24+0800__CAM_FRONT_RIGHT__1538985810870339.jpg", "samples/CAM_BACK_LEFT/n015-2018-10-08-16-03-24+0800__CAM_BACK_LEFT__1538985810897423.jpg", "samples/CAM_BACK/n015-2018-10-08-16-03-24+0800__CAM_BACK__1538985810887525.jpg", "samples/CAM_BACK_RIGHT/n015-2018-10-08-16-03-24+0800__CAM_BACK_RIGHT__1538985810877893.jpg"], "intrinsics": [[[1272.5979470598488, 0.0, 826.6154927353808], [0.0, 1272.5979470598488, 479.75165386361925], [0.0, 0.0, 1.0]], [[1266.417203046554, 0.0, 816.2670197447984], [0.0, 1266.417203046554, 491.50706579294757], [0.0, 0.0, 1.0]], [[1260.8474446004698, 0.0, 807.968244525554], [0.0, 1260.8474446004698, 495.3344268742088], [0.0, 0.0, 1.0]], [[1256.7414812095406, 0.0, 792.1125740759628], [0.0, 1256.7414812095406, 492.7757465151356], [0.0, 0.0, 1.0]], [[809.2209905677063, 0.0, 829.2196003259838], [0.0, 809.2209905677063, 481.77842384512485], [0.0, 0.0, 1.0]], [[1259.5137405846733, 0.0, 807.2529053838625], [0.0, 1259.5137405846733, 501.19579884916527], [0.0, 0.0, 1.0]]], "extrinsics": [[[0.8213289380073547, -0.5703740119934082, -0.00960527267307043, -0.651123046875], [0.02423381805419922, 0.05170910805463791, -0.9983681440353394, 1.5169754028320312], [0.569939911365509, 0.8197557926177979, 0.05629252642393112, -1.0718994140625], [0.0, 0.0, 0.0, 1.0]], [[0.006899041123688221, -0.9988479018211365, -0.04748883843421936, 0.01373291015625], [0.018857907503843307, 0.047611482441425323, -0.9986879229545593, 1.5260791778564453], [0.9997983574867249, 0.005994388367980719, 0.01916465163230896, -1.381591796875], [0.0, 0.0, 0.0, 1.0]], [[-0.831838071346283, -0.5521689057350159, -0.056168083101511, 0.833984375], [0.02435627020895481, 0.06478618085384369, -0.9976018667221069, 1.5092105865478516], [0.5544835925102234, -0.8312113285064697, -0.04044283926486969, -1.1103515625], [0.0, 0.0, 0.0, 1.0]], [[0.947130560874939, 0.31809791922569275, 0.04192083701491356, -1.13671875], [0.03260229527950287, 0.03456437960267067, -0.9988705515861511, 1.5887298583984375], [-0.31918755173683167, 0.9474276304244995, 0.02236625738441944, -0.1063232421875], [0.0, 0.0, 0.0, 1.0]], [[0.0016308259218931198, 0.999007523059845, 0.04451365768909454, 0.0009765625], [0.0073524476028978825, 0.04450053349137306, -0.998982310295105, 1.5799469947814941], [-0.9999716281890869, 0.0019564584363251925, -0.007272579241544008, -0.09033203125], [0.0, 0.0, 0.0, 1.0]], [[-0.9345995187759399, 0.355328232049942, -0.016297126188874245, 0.97021484375], [0.04011913388967514, 0.059777069836854935, -0.9974052309989929, 1.5583038330078125], [-0.3534320890903473, -0.9328282475471497, -0.070123091340065, -0.12249755859375], [0.0, 0.0, 0.0, 1.0]]], "view": [[0.0, -2.0, 100.0], [-2.0, 0.0, 100.0], [0.0, 0.0, 1.0]], "bev": "bev_27b9e6f151904464ad498499ca6d5bd2.png", "aux": "aux_27b9e6f151904464ad498499ca6d5bd2.npz", "visibility": "visibility_27b9e6f151904464ad498499ca6d5bd2.png", "pose": [[-0.8424248695373535, 0.5388138294219971, 0.0, 2678.009521484375], [-0.5388138294219971, -0.8424248695373535, 0.0, 1033.501708984375], [0.0, 0.0, 1.0, 0.0], [0.0, 0.0, 0.0, 1.0]], "pose_inverse": [[-0.8424248695373535, -0.5388138294219971, 0.0, 2812.886962890625], [0.5388138294219971, -0.8424248695373535, 0.0, -572.3009033203125], [0.0, 0.0, 1.0, 0.0], [0.0, 0.0, 0.0, 1.0]], "cam_ids": [0, 1, 2, 3, 4, 5], "cam_channels": ["CAM_FRONT_LEFT", "CAM_FRONT", "CAM_FRONT_RIGHT", "CAM_BACK_LEFT", "CAM_BACK", "CAM_BACK_RIGHT"], "token": "27b9e6f151904464ad498499ca6d5bd2", "scene": "scene-0847"}, {"images": ["samples/CAM_FRONT_LEFT/n015-2018-10-08-16-03-24+0800__CAM_FRONT_LEFT__1538985811354844.jpg", "samples/CAM_FRONT/n015-2018-10-08-16-03-24+0800__CAM_FRONT__1538985811362460.jpg", "samples/CAM_FRONT_RIGHT/n015-2018-10-08-16-03-24+0800__CAM_FRONT_RIGHT__1538985811370339.jpg", "samples/CAM_BACK_LEFT/n015-2018-10-08-16-03-24+0800__CAM_BACK_LEFT__1538985811397423.jpg", "samples/CAM_BACK/n015-2018-10-08-16-03-24+0800__CAM_BACK__1538985811387525.jpg", "samples/CAM_BACK_RIGHT/n015-2018-10-08-16-03-24+0800__CAM_BACK_RIGHT__1538985811377893.jpg"], "intrinsics": [[[1272.5979470598488, 0.0, 826.6154927353808], [0.0, 1272.5979470598488, 479.75165386361925], [0.0, 0.0, 1.0]], [[1266.417203046554, 0.0, 816.2670197447984], [0.0, 1266.417203046554, 491.50706579294757], [0.0, 0.0, 1.0]], [[1260.8474446004698, 0.0, 807.968244525554], [0.0, 1260.8474446004698, 495.3344268742088], [0.0, 0.0, 1.0]], [[1256.7414812095406, 0.0, 792.1125740759628], [0.0, 1256.7414812095406, 492.7757465151356], [0.0, 0.0, 1.0]], [[809.2209905677063, 0.0, 829.2196003259838], [0.0, 809.2209905677063, 481.77842384512485], [0.0, 0.0, 1.0]], [[1259.5137405846733, 0.0, 807.2529053838625], [0.0, 1259.5137405846733, 501.19579884916527], [0.0, 0.0, 1.0]]], "extrinsics": [[[0.8215700387954712, -0.5699117183685303, -0.014938506297767162, -0.644775390625], [0.01781906746327877, 0.051860034465789795, -0.99849534034729, 1.5148029327392578], [0.5698289275169373, 0.8200677633285522, 0.05276194587349892, -1.0655517578125], [0.0, 0.0, 0.0, 1.0]], [[0.00711620831862092, -0.9988374710083008, -0.047675102949142456, 0.01239013671875], [0.012372003868222237, 0.047760605812072754, -0.998782217502594, 1.524226188659668], [0.9998980760574341, 0.006517709698528051, 0.012697498314082623, -1.37451171875], [0.0, 0.0, 0.0, 1.0]], [[-0.831916093826294, -0.5525707006454468, -0.05080464854836464, 0.82861328125], [0.017842154949903488, 0.06487197428941727, -0.9977340698242188, 1.5078010559082031], [0.5546144843101501, -0.8309375047683716, -0.04410899057984352, -1.1080322265625], [0.0, 0.0, 0.0, 1.0]], [[0.9473211169242859, 0.31825941801071167, 0.035965077579021454, -1.142333984375], [0.026312602683901787, 0.03457753360271454, -0.9990555644035339, 1.5885505676269531], [-0.31920236349105835, 0.9473727941513062, 0.024381794035434723, -0.103759765625], [0.0, 0.0, 0.0, 1.0]], [[0.001567449769936502, 0.9990078210830688, 0.04450890049338341, 0.00152587890625], [0.0009548169327899814, 0.04450744017958641, -0.9990085959434509, 1.5793704986572266], [-0.9999982714653015, 0.001608368125744164, -0.0008841068483889103, -0.089111328125], [0.0, 0.0, 0.0, 1.0]], [[-0.9348400235176086, 0.35492128133773804, -0.01024644449353218, 0.9677734375], [0.03364623337984085, 0.05982048809528351, -0.997641921043396, 1.5573081970214844], [-0.35347139835357666, -0.9329804182052612, -0.06786435842514038, -0.124267578125], [0.0, 0.0, 0.0, 1.0]]], "view": [[0.0, -2.0, 100.0], [-2.0, 0.0, 100.0], [0.0, 0.0, 1.0]], "bev": "bev_4156e2f593a94ee5866884d772f2db32.png", "aux": "aux_4156e2f593a94ee5866884d772f2db32.npz", "visibility": "visibility_4156e2f593a94ee5866884d772f2db32.png", "pose": [[-0.8461982011795044, 0.5328682661056519, 0.0, 2674.1669921875], [-0.5328682661056519, -0.8461982011795044, 0.0, 1031.148193359375], [0.0, 0.0, 1.0, 0.0], [0.0, 0.0, 0.0, 1.0]], "pose_inverse": [[-0.8461982011795044, -0.5328682661056519, 0.0, 2812.341552734375], [0.5328682661056519, -0.8461982011795044, 0.0, -552.4229125976562], [0.0, 0.0, 1.0, 0.0], [0.0, 0.0, 0.0, 1.0]], "cam_ids": [0, 1, 2, 3, 4, 5], "cam_channels": ["CAM_FRONT_LEFT", "CAM_FRONT", "CAM_FRONT_RIGHT", "CAM_BACK_LEFT", "CAM_BACK", "CAM_BACK_RIGHT"], "token": "4156e2f593a94ee5866884d772f2db32", "scene": "scene-0847"}, {"images": ["samples/CAM_FRONT_LEFT/n015-2018-10-08-16-03-24+0800__CAM_FRONT_LEFT__1538985811854844.jpg", "samples/CAM_FRONT/n015-2018-10-08-16-03-24+0800__CAM_FRONT__1538985811862465.jpg", "samples/CAM_FRONT_RIGHT/n015-2018-10-08-16-03-24+0800__CAM_FRONT_RIGHT__1538985811870339.jpg", "samples/CAM_BACK_LEFT/n015-2018-10-08-16-03-24+0800__CAM_BACK_LEFT__1538985811897423.jpg", "samples/CAM_BACK/n015-2018-10-08-16-03-24+0800__CAM_BACK__1538985811887525.jpg", "samples/CAM_BACK_RIGHT/n015-2018-10-08-16-03-24+0800__CAM_BACK_RIGHT__1538985811877893.jpg"], "intrinsics": [[[1272.5979470598488, 0.0, 826.6154927353808], [0.0, 1272.5979470598488, 479.75165386361925], [0.0, 0.0, 1.0]], [[1266.417203046554, 0.0, 816.2670197447984], [0.0, 1266.417203046554, 491.50706579294757], [0.0, 0.0, 1.0]], [[1260.8474446004698, 0.0, 807.968244525554], [0.0, 1260.8474446004698, 495.3344268742088], [0.0, 0.0, 1.0]], [[1256.7414812095406, 0.0, 792.1125740759628], [0.0, 1256.7414812095406, 492.7757465151356], [0.0, 0.0, 1.0]], [[809.2209905677063, 0.0, 829.2196003259838], [0.0, 809.2209905677063, 481.77842384512485], [0.0, 0.0, 1.0]], [[1259.5137405846733, 0.0, 807.2529053838625], [0.0, 1259.5137405846733, 501.19579884916527], [0.0, 0.0, 1.0]]], "extrinsics": [[[0.8216046690940857, -0.5699211359024048, -0.012477763928472996, -0.65087890625], [0.01812957413494587, 0.04800080135464668, -0.9986827373504639, 1.514923095703125], [0.5697693824768066, 0.8202962279319763, 0.04977010563015938, -1.0673828125], [0.0, 0.0, 0.0, 1.0]], [[0.0070467921905219555, -0.9990228414535522, -0.043630532920360565, 0.0108642578125], [0.012693353928625584, 0.04371747374534607, -0.9989632964134216, 1.5243215560913086], [0.9998946189880371, 0.006485667545348406, 0.01298902090638876, -1.382568359375], [0.0, 0.0, 0.0, 1.0]], [[-0.832027018070221, -0.5525926947593689, -0.048707298934459686, 0.834716796875], [0.018122855573892593, 0.0606791116297245, -0.997992753982544, 1.5078277587890625], [0.5544390082359314, -0.8312397003173828, -0.04047209769487381, -1.1141357421875], [0.0, 0.0, 0.0, 1.0]], [[0.947372317314148, 0.3182806372642517, 0.034398678690195084, -1.147705078125], [0.02627929113805294, 0.029770193621516228, -0.9992112517356873, 1.5884017944335938], [-0.31905362010002136, 0.9475290775299072, 0.019839268177747726, -0.1015625], [0.0, 0.0, 0.0, 1.0]], [[0.0017674579285085201, 0.9991998672485352, 0.03995729610323906, 0.001953125], [0.0010547640267759562, 0.03995547443628311, -0.9992008805274963, 1.5794181823730469], [-0.9999978542327881, 0.0018082007300108671, -0.0009833041112869978, -0.081298828125], [0.0, 0.0, 0.0, 1.0]], [[-0.9347449541091919, 0.35511764883995056, -0.01196992490440607, 0.976318359375], [0.033854737877845764, 0.05547717586159706, -0.9978858232498169, 1.5571212768554688], [-0.3537028729915619, -0.9331740140914917, -0.06387942284345627, -0.122314453125], [0.0, 0.0, 0.0, 1.0]]], "view": [[0.0, -2.0, 100.0], [-2.0, 0.0, 100.0], [0.0, 0.0, 1.0]], "bev": "bev_2fa1d79ef0df4644948511530a9e8c08.png", "aux": "aux_2fa1d79ef0df4644948511530a9e8c08.npz", "visibility": "visibility_2fa1d79ef0df4644948511530a9e8c08.png", "pose": [[-0.8519675731658936, 0.5235946178436279, 0.0, 2670.31884765625], [-0.5235946178436279, -0.8519675731658936, 0.0, 1028.8463134765625], [0.0, 0.0, 1.0, 0.0], [0.0, 0.0, 0.0, 1.0]], "pose_inverse": [[-0.8519675731658936, -0.5235946178436279, 0.0, 2813.723388671875], [0.5235946178436279, -0.8519675731658936, 0.0, -521.620849609375], [0.0, 0.0, 1.0, 0.0], [0.0, 0.0, 0.0, 1.0]], "cam_ids": [0, 1, 2, 3, 4, 5], "cam_channels": ["CAM_FRONT_LEFT", "CAM_FRONT", "CAM_FRONT_RIGHT", "CAM_BACK_LEFT", "CAM_BACK", "CAM_BACK_RIGHT"], "token": "2fa1d79ef0df4644948511530a9e8c08", "scene": "scene-0847"}, {"images": ["samples/CAM_FRONT_LEFT/n015-2018-10-08-16-03-24+0800__CAM_FRONT_LEFT__1538985812404844.jpg", "samples/CAM_FRONT/n015-2018-10-08-16-03-24+0800__CAM_FRONT__1538985812412460.jpg", "samples/CAM_FRONT_RIGHT/n015-2018-10-08-16-03-24+0800__CAM_FRONT_RIGHT__1538985812420339.jpg", "samples/CAM_BACK_LEFT/n015-2018-10-08-16-03-24+0800__CAM_BACK_LEFT__1538985812447423.jpg", "samples/CAM_BACK/n015-2018-10-08-16-03-24+0800__CAM_BACK__1538985812437525.jpg", "samples/CAM_BACK_RIGHT/n015-2018-10-08-16-03-24+0800__CAM_BACK_RIGHT__1538985812427906.jpg"], "intrinsics": [[[1272.5979470598488, 0.0, 826.6154927353808], [0.0, 1272.5979470598488, 479.75165386361925], [0.0, 0.0, 1.0]], [[1266.417203046554, 0.0, 816.2670197447984], [0.0, 1266.417203046554, 491.50706579294757], [0.0, 0.0, 1.0]], [[1260.8474446004698, 0.0, 807.968244525554], [0.0, 1260.8474446004698, 495.3344268742088], [0.0, 0.0, 1.0]], [[1256.7414812095406, 0.0, 792.1125740759628], [0.0, 1256.7414812095406, 492.7757465151356], [0.0, 0.0, 1.0]], [[809.2209905677063, 0.0, 829.2196003259838], [0.0, 809.2209905677063, 481.77842384512485], [0.0, 0.0, 1.0]], [[1259.5137405846733, 0.0, 807.2529053838625], [0.0, 1259.5137405846733, 501.19579884916527], [0.0, 0.0, 1.0]]], "extrinsics": [[[0.8220412135124207, -0.5693933367729187, -0.006286831572651863, -0.639404296875], [0.02033572643995285, 0.040388964116573334, -0.9989771246910095, 1.5159759521484375], [0.569064736366272, 0.8210724592208862, 0.044780418276786804, -1.062255859375], [0.0, 0.0, 0.0, 1.0]], [[0.007872551679611206, -0.9993141293525696, -0.03618239983916283, 0.0128173828125], [0.014903249219059944, 0.03629675507545471, -0.9992299675941467, 1.5251312255859375], [0.9998579025268555, 0.007327273488044739, 0.015178775414824486, -1.371337890625], [0.0, 0.0, 0.0, 1.0]], [[-0.831569254398346, -0.5534636974334717, -0.046589527279138565, 0.828369140625], [0.020345911383628845, 0.05347087234258652, -0.9983620643615723, 1.5084686279296875], [0.5550482869148254, -0.8311551213264465, -0.033204007893800735, -1.1080322265625], [0.0, 0.0, 0.0, 1.0]], [[0.9474157691001892, 0.31815069913864136, 0.0344008132815361, -1.14599609375], [0.028570523485541344, 0.022975027561187744, -0.9993276596069336, 1.58843994140625], [-0.3187271058559418, 0.9477617740631104, 0.012677177786827087, -0.1019287109375], [0.0, 0.0, 0.0, 1.0]], [[0.0016317656263709068, 0.9994513392448425, 0.03308068588376045, 0.00140380859375], [0.003335586516186595, 0.033075109124183655, -0.9994473457336426, 1.5796046257019043], [-0.9999930262565613, 0.0017412422457709908, -0.0032797863241285086, -0.085693359375], [0.0, 0.0, 0.0, 1.0]], [[-0.9348639845848083, 0.35461732745170593, -0.016606472432613373, 0.969482421875], [0.03611068055033684, 0.04845349118113518, -0.9981724619865417, 1.557708740234375], [-0.3531646430492401, -0.9337552189826965, -0.05810290575027466, -0.12359619140625], [0.0, 0.0, 0.0, 1.0]]], "view": [[0.0, -2.0, 100.0], [-2.0, 0.0, 100.0], [0.0, 0.0, 1.0]], "bev": "bev_99e4a1db79714216979b7b90720799a8.png", "aux": "aux_99e4a1db79714216979b7b90720799a8.npz", "visibility": "visibility_99e4a1db79714216979b7b90720799a8.png", "pose": [[-0.8637277483940125, 0.5039587020874023, 0.0, 2665.939697265625], [-0.5039587020874023, -0.8637277483940125, 0.0, 1026.302490234375], [0.0, 0.0, 1.0, 0.0], [0.0, 0.0, 0.0, 1.0]], "pose_inverse": [[-0.8637277483940125, -0.5039587020874023, 0.0, 2819.860107421875], [0.5039587020874023, -0.8637277483940125, 0.0, -457.0775451660156], [0.0, 0.0, 1.0, 0.0], [0.0, 0.0, 0.0, 1.0]], "cam_ids": [0, 1, 2, 3, 4, 5], "cam_channels": ["CAM_FRONT_LEFT", "CAM_FRONT", "CAM_FRONT_RIGHT", "CAM_BACK_LEFT", "CAM_BACK", "CAM_BACK_RIGHT"], "token": "99e4a1db79714216979b7b90720799a8", "scene": "scene-0847"}, {"images": ["samples/CAM_FRONT_LEFT/n015-2018-10-08-16-03-24+0800__CAM_FRONT_LEFT__1538985812904844.jpg", "samples/CAM_FRONT/n015-2018-10-08-16-03-24+0800__CAM_FRONT__1538985812912460.jpg", "samples/CAM_FRONT_RIGHT/n015-2018-10-08-16-03-24+0800__CAM_FRONT_RIGHT__1538985812920339.jpg", "samples/CAM_BACK_LEFT/n015-2018-10-08-16-03-24+0800__CAM_BACK_LEFT__1538985812947423.jpg", "samples/CAM_BACK/n015-2018-10-08-16-03-24+0800__CAM_BACK__1538985812937525.jpg", "samples/CAM_BACK_RIGHT/n015-2018-10-08-16-03-24+0800__CAM_BACK_RIGHT__1538985812927893.jpg"], "intrinsics": [[[1272.5979470598488, 0.0, 826.6154927353808], [0.0, 1272.5979470598488, 479.75165386361925], [0.0, 0.0, 1.0]], [[1266.417203046554, 0.0, 816.2670197447984], [0.0, 1266.417203046554, 491.50706579294757], [0.0, 0.0, 1.0]], [[1260.8474446004698, 0.0, 807.968244525554], [0.0, 1260.8474446004698, 495.3344268742088], [0.0, 0.0, 1.0]], [[1256.7414812095406, 0.0, 792.1125740759628], [0.0, 1256.7414812095406, 492.7757465151356], [0.0, 0.0, 1.0]], [[809.2209905677063, 0.0, 829.2196003259838], [0.0, 809.2209905677063, 481.77842384512485], [0.0, 0.0, 1.0]], [[1259.5137405846733, 0.0, 807.2529053838625], [0.0, 1259.5137405846733, 501.19579884916527], [0.0, 0.0, 1.0]]], "extrinsics": [[[0.8215087056159973, -0.5700786709785461, -0.011562694795429707, -0.63525390625], [0.014169972389936447, 0.040683358907699585, -0.9990715980529785, 1.5137500762939453], [0.5700197815895081, 0.8205822110176086, 0.04149973392486572, -1.0557861328125], [0.0, 0.0, 0.0, 1.0]], [[0.006798491347581148, -0.9993100166320801, -0.0365135595202446, 0.01068115234375], [0.008809637278318405, 0.03657284379005432, -0.9992921948432922, 1.5233049392700195], [0.9999380707740784, 0.0064720152877271175, 0.009052201174199581, -1.364501953125], [0.0, 0.0, 0.0, 1.0]], [[-0.8321996331214905, -0.5529056191444397, -0.041702065616846085, 0.82275390625], [0.014340781606733799, 0.053721919655799866, -0.9984529614448547, 1.5071296691894531], [0.5542905926704407, -0.8315101861953735, -0.03677826747298241, -1.10595703125], [0.0, 0.0, 0.0, 1.0]], [[0.9475337266921997, 0.31832537055015564, 0.029132697731256485, -1.147216796875], [0.022938251495361328, 0.023191452026367188, -0.9994678497314453, 1.5884284973144531], [-0.3188314437866211, 0.9476978182792664, 0.014672861434519291, -0.102294921875], [0.0, 0.0, 0.0, 1.0]], [[0.001939866691827774, 0.9994436502456665, 0.03329596295952797, 0.001861572265625], [-0.002482264768332243, 0.0333007350564003, -0.9994423389434814, 1.5790939331054688], [-0.9999950528144836, 0.0018561893375590444, 0.0025454836431890726, -0.08740234375], [0.0, 0.0, 0.0, 1.0]], [[-0.9347984194755554, 0.3550102710723877, -0.010934321209788322, 0.9658203125], [0.03016258031129837, 0.04867337644100189, -0.998359203338623, 1.5568161010742188], [-0.3538955748081207, -0.9335944652557373, -0.05620782449841499, -0.12579345703125], [0.0, 0.0, 0.0, 1.0]]], "view": [[0.0, -2.0, 100.0], [-2.0, 0.0, 100.0], [0.0, 0.0, 1.0]], "bev": "bev_e49f0a8d3ca24a59a41a6587fbf0467d.png", "aux": "aux_e49f0a8d3ca24a59a41a6587fbf0467d.npz", "visibility": "visibility_e49f0a8d3ca24a59a41a6587fbf0467d.png", "pose": [[-0.8735233545303345, 0.4867821931838989, 0.0, 2661.898193359375], [-0.4867821931838989, -0.8735233545303345, 0.0, 1024.0517578125], [0.0, 0.0, 1.0, 0.0], [0.0, 0.0, 0.0, 1.0]], "pose_inverse": [[-0.8735233545303345, -0.4867821931838989, 0.0, 2823.720458984375], [0.4867821931838989, -0.8735233545303345, 0.0, -401.2314758300781], [0.0, 0.0, 1.0, 0.0], [0.0, 0.0, 0.0, 1.0]], "cam_ids": [0, 1, 2, 3, 4, 5], "cam_channels": ["CAM_FRONT_LEFT", "CAM_FRONT", "CAM_FRONT_RIGHT", "CAM_BACK_LEFT", "CAM_BACK", "CAM_BACK_RIGHT"], "token": "e49f0a8d3ca24a59a41a6587fbf0467d", "scene": "scene-0847"}, {"images": ["samples/CAM_FRONT_LEFT/n015-2018-10-08-16-03-24+0800__CAM_FRONT_LEFT__1538985813404844.jpg", "samples/CAM_FRONT/n015-2018-10-08-16-03-24+0800__CAM_FRONT__1538985813412460.jpg", "samples/CAM_FRONT_RIGHT/n015-2018-10-08-16-03-24+0800__CAM_FRONT_RIGHT__1538985813420339.jpg", "samples/CAM_BACK_LEFT/n015-2018-10-08-16-03-24+0800__CAM_BACK_LEFT__1538985813447423.jpg", "samples/CAM_BACK/n015-2018-10-08-16-03-24+0800__CAM_BACK__1538985813437540.jpg", "samples/CAM_BACK_RIGHT/n015-2018-10-08-16-03-24+0800__CAM_BACK_RIGHT__1538985813427893.jpg"], "intrinsics": [[[1272.5979470598488, 0.0, 826.6154927353808], [0.0, 1272.5979470598488, 479.75165386361925], [0.0, 0.0, 1.0]], [[1266.417203046554, 0.0, 816.2670197447984], [0.0, 1266.417203046554, 491.50706579294757], [0.0, 0.0, 1.0]], [[1260.8474446004698, 0.0, 807.968244525554], [0.0, 1260.8474446004698, 495.3344268742088], [0.0, 0.0, 1.0]], [[1256.7414812095406, 0.0, 792.1125740759628], [0.0, 1256.7414812095406, 492.7757465151356], [0.0, 0.0, 1.0]], [[809.2209905677063, 0.0, 829.2196003259838], [0.0, 809.2209905677063, 481.77842384512485], [0.0, 0.0, 1.0]], [[1259.5137405846733, 0.0, 807.2529053838625], [0.0, 1259.5137405846733, 501.19579884916527], [0.0, 0.0, 1.0]]], "extrinsics": [[[0.8213010430335999, -0.5704089999198914, -0.009905998595058918, -0.64208984375], [0.01445946004241705, 0.038171399384737015, -0.9991666078567505, 1.5137882232666016], [0.5703117847442627, 0.820473313331604, 0.0395980179309845, -1.0596923828125], [0.0, 0.0, 0.0, 1.0]], [[0.006588341202586889, -0.9993993639945984, -0.03402182087302208, 0.009674072265625], [0.009224102832376957, 0.034081846475601196, -0.9993765354156494, 1.5234012603759766], [0.9999357461929321, 0.006270431913435459, 0.009443107061088085, -1.37255859375], [0.0, 0.0, 0.0, 1.0]], [[-0.8322715759277344, -0.5528655648231506, -0.040787454694509506, 0.828125], [0.014892044477164745, 0.05125132575631142, -0.9985747337341309, 1.5072097778320312], [0.5541679859161377, -0.8316927552223206, -0.03442172333598137, -1.1104736328125], [0.0, 0.0, 0.0, 1.0]], [[0.9476191997528076, 0.31805220246315, 0.029335476458072662, -1.150634765625], [0.02399553544819355, 0.020695066079497337, -0.9994978308677673, 1.5883445739746094], [-0.3184995651245117, 0.947847306728363, 0.011979210190474987, -0.1005859375], [0.0, 0.0, 0.0, 1.0]], [[0.002113593276590109, 0.9995233416557312, 0.030801042914390564, 0.00225830078125], [-0.0016064831288531423, 0.0308044645935297, -0.9995241761207581, 1.579202651977539], [-0.9999964237213135, 0.00206309137865901, 0.00167082529515028, -0.083251953125], [0.0, 0.0, 0.0, 1.0]], [[-0.9347372055053711, 0.3551214933395386, -0.01245138794183731, 0.970947265625], [0.030853506177663803, 0.04620323330163956, -0.9984554648399353, 1.5568084716796875], [-0.35399770736694336, -0.9336776733398438, -0.05414462834596634, -0.12445068359375], [0.0, 0.0, 0.0, 1.0]]], "view": [[0.0, -2.0, 100.0], [-2.0, 0.0, 100.0], [0.0, 0.0, 1.0]], "bev": "bev_793e081dc1fb4bfc881c22a283afc1dc.png", "aux": "aux_793e081dc1fb4bfc881c22a283afc1dc.npz", "visibility": "visibility_793e081dc1fb4bfc881c22a283afc1dc.png", "pose": [[-0.882140576839447, 0.47098615765571594, 0.0, 2657.717041015625], [-0.47098615765571594, -0.882140576839447, 0.0, 1021.8223876953125], [0.0, 0.0, 1.0, 0.0], [0.0, 0.0, 0.0, 1.0]], "pose_inverse": [[-0.882140576839447, -0.47098615765571594, 0.0, 2825.744384765625], [0.47098615765571594, -0.882140576839447, 0.0, -350.3569641113281], [0.0, 0.0, 1.0, 0.0], [0.0, 0.0, 0.0, 1.0]], "cam_ids": [0, 1, 2, 3, 4, 5], "cam_channels": ["CAM_FRONT_LEFT", "CAM_FRONT", "CAM_FRONT_RIGHT", "CAM_BACK_LEFT", "CAM_BACK", "CAM_BACK_RIGHT"], "token": "793e081dc1fb4bfc881c22a283afc1dc", "scene": "scene-0847"}, {"images": ["samples/CAM_FRONT_LEFT/n015-2018-10-08-16-03-24+0800__CAM_FRONT_LEFT__1538985813904844.jpg", "samples/CAM_FRONT/n015-2018-10-08-16-03-24+0800__CAM_FRONT__1538985813912460.jpg", "samples/CAM_FRONT_RIGHT/n015-2018-10-08-16-03-24+0800__CAM_FRONT_RIGHT__1538985813920339.jpg", "samples/CAM_BACK_LEFT/n015-2018-10-08-16-03-24+0800__CAM_BACK_LEFT__1538985813947423.jpg", "samples/CAM_BACK/n015-2018-10-08-16-03-24+0800__CAM_BACK__1538985813937525.jpg", "samples/CAM_BACK_RIGHT/n015-2018-10-08-16-03-24+0800__CAM_BACK_RIGHT__1538985813927893.jpg"], "intrinsics": [[[1272.5979470598488, 0.0, 826.6154927353808], [0.0, 1272.5979470598488, 479.75165386361925], [0.0, 0.0, 1.0]], [[1266.417203046554, 0.0, 816.2670197447984], [0.0, 1266.417203046554, 491.50706579294757], [0.0, 0.0, 1.0]], [[1260.8474446004698, 0.0, 807.968244525554], [0.0, 1260.8474446004698, 495.3344268742088], [0.0, 0.0, 1.0]], [[1256.7414812095406, 0.0, 792.1125740759628], [0.0, 1256.7414812095406, 492.7757465151356], [0.0, 0.0, 1.0]], [[809.2209905677063, 0.0, 829.2196003259838], [0.0, 809.2209905677063, 481.77842384512485], [0.0, 0.0, 1.0]], [[1259.5137405846733, 0.0, 807.2529053838625], [0.0, 1259.5137405846733, 501.19579884916527], [0.0, 0.0, 1.0]]], "extrinsics": [[[0.8217847347259521, -0.569774866104126, -0.005136203020811081, -0.630859375], [0.017670312896370888, 0.03449351340532303, -0.9992486834526062, 1.5152702331542969], [0.5695239305496216, 0.8210765719413757, 0.03841434046626091, -1.0528564453125], [0.0, 0.0, 0.0, 1.0]], [[0.007282044272869825, -0.9995165467262268, -0.030224546790122986, 0.01043701171875], [0.012217345647513866, 0.030312025919556618, -0.9994658827781677, 1.5244770050048828], [0.9998988509178162, 0.006908905226737261, 0.012432171031832695, -1.361572265625], [0.0, 0.0, 0.0, 1.0]], [[-0.8319243788719177, -0.5533751249313354, -0.04096066579222679, 0.822021484375], [0.01764533855021, 0.04739761725068092, -0.9987201690673828, 1.5080184936523438], [0.5546082854270935, -0.8315824866294861, -0.02966674417257309, -1.10595703125], [0.0, 0.0, 0.0, 1.0]], [[0.9475166201591492, 0.31833913922309875, 0.029537105932831764, -1.146728515625], [0.02556992508471012, 0.016634561121463776, -0.9995346069335938, 1.58843994140625], [-0.3186822533607483, 0.9478309154510498, 0.0076216161251068115, -0.10205078125], [0.0, 0.0, 0.0, 1.0]], [[0.0019079328048974276, 0.9996393918991089, 0.026784591376781464, 0.0023193359375], [0.0004509797436185181, 0.0267837792634964, -0.9996411204338074, 1.5793747901916504], [-0.9999980926513672, 0.0019193629268556833, -0.00039971419028006494, -0.086181640625], [0.0, 0.0, 0.0, 1.0]], [[-0.9347938299179077, 0.3548211455345154, -0.016198962926864624, 0.966552734375], [0.03334701433777809, 0.04226668179035187, -0.9985496997833252, 1.5574188232421875], [-0.3536219000816345, -0.9339783191680908, -0.051342859864234924, -0.12615966796875], [0.0, 0.0, 0.0, 1.0]]], "view": [[0.0, -2.0, 100.0], [-2.0, 0.0, 100.0], [0.0, 0.0, 1.0]], "bev": "bev_8c0e0d12daf6465fa1252fed6b36067a.png", "aux": "aux_8c0e0d12daf6465fa1252fed6b36067a.npz", "visibility": "visibility_8c0e0d12daf6465fa1252fed6b36067a.png", "pose": [[-0.8923964500427246, 0.4512522518634796, 0.0, 2653.42822265625], [-0.4512522518634796, -0.8923964500427246, 0.0, 1019.6630249023438], [0.0, 0.0, 1.0, 0.0], [0.0, 0.0, 0.0, 1.0]], "pose_inverse": [[-0.8923964500427246, -0.4512522518634796, 0.0, 2828.03515625], [0.4512522518634796, -0.8923964500427246, 0.0, -287.4218444824219], [0.0, 0.0, 1.0, 0.0], [0.0, 0.0, 0.0, 1.0]], "cam_ids": [0, 1, 2, 3, 4, 5], "cam_channels": ["CAM_FRONT_LEFT", "CAM_FRONT", "CAM_FRONT_RIGHT", "CAM_BACK_LEFT", "CAM_BACK", "CAM_BACK_RIGHT"], "token": "8c0e0d12daf6465fa1252fed6b36067a", "scene": "scene-0847"}, {"images": ["samples/CAM_FRONT_LEFT/n015-2018-10-08-16-03-24+0800__CAM_FRONT_LEFT__1538985814404844.jpg", "samples/CAM_FRONT/n015-2018-10-08-16-03-24+0800__CAM_FRONT__1538985814412460.jpg", "samples/CAM_FRONT_RIGHT/n015-2018-10-08-16-03-24+0800__CAM_FRONT_RIGHT__1538985814420339.jpg", "samples/CAM_BACK_LEFT/n015-2018-10-08-16-03-24+0800__CAM_BACK_LEFT__1538985814447423.jpg", "samples/CAM_BACK/n015-2018-10-08-16-03-24+0800__CAM_BACK__1538985814437525.jpg", "samples/CAM_BACK_RIGHT/n015-2018-10-08-16-03-24+0800__CAM_BACK_RIGHT__1538985814427893.jpg"], "intrinsics": [[[1272.5979470598488, 0.0, 826.6154927353808], [0.0, 1272.5979470598488, 479.75165386361925], [0.0, 0.0, 1.0]], [[1266.417203046554, 0.0, 816.2670197447984], [0.0, 1266.417203046554, 491.50706579294757], [0.0, 0.0, 1.0]], [[1260.8474446004698, 0.0, 807.968244525554], [0.0, 1260.8474446004698, 495.3344268742088], [0.0, 0.0, 1.0]], [[1256.7414812095406, 0.0, 792.1125740759628], [0.0, 1256.7414812095406, 492.7757465151356], [0.0, 0.0, 1.0]], [[809.2209905677063, 0.0, 829.2196003259838], [0.0, 809.2209905677063, 481.77842384512485], [0.0, 0.0, 1.0]], [[1259.5137405846733, 0.0, 807.2529053838625], [0.0, 1259.5137405846733, 501.19579884916527], [0.0, 0.0, 1.0]]], "extrinsics": [[[0.8218350410461426, -0.5695710778236389, -0.01326521672308445, -0.638916015625], [0.008604462258517742, 0.03568952903151512, -0.9993259310722351, 1.511505126953125], [0.5696605443954468, 0.8211668729782104, 0.0342317558825016, -1.058837890625], [0.0, 0.0, 0.0, 1.0]], [[0.0072518507950007915, -0.9994680881500244, -0.0317939855158329, 0.010345458984375], [0.0033531333319842815, 0.031818948686122894, -0.9994880557060242, 1.5215195417404175], [0.9999680519104004, 0.0071414764970541, 0.003582095494493842, -1.3701171875], [0.0, 0.0, 0.0, 1.0]], [[-0.8321141004562378, -0.5535131692886353, -0.03477441146969795, 0.827392578125], [0.008992999792098999, 0.049226731061935425, -0.9987471103668213, 1.5057525634765625], [0.554531455039978, -0.8313843011856079, -0.03598451241850853, -1.1090087890625], [0.0, 0.0, 0.0, 1.0]], [[0.9477440714836121, 0.3181953728199005, 0.023082310333848, -1.151611328125], [0.01781514845788479, 0.01945370063185692, -0.9996520280838013, 1.5883827209472656], [-0.31853365898132324, 0.9478254914283752, 0.012768430635333061, -0.099853515625], [0.0, 0.0, 0.0, 1.0]], [[0.0019688475877046585, 0.9995695948600769, 0.02927115187048912, 0.002288818359375], [-0.007641722448170185, 0.02928539551794529, -0.9995418787002563, 1.578695297241211], [-0.9999688863754272, 0.0017442799871787429, 0.0076960911974310875, -0.08203125], [0.0, 0.0, 0.0, 1.0]], [[-0.934984564781189, 0.35460785031318665, -0.00756370322778821, 0.97119140625], [0.024927182123064995, 0.04442272335290909, -0.998701810836792, 1.5557670593261719], [-0.3538115322589874, -0.9339593648910522, -0.05037393420934677, -0.124267578125], [0.0, 0.0, 0.0, 1.0]]], "view": [[0.0, -2.0, 100.0], [-2.0, 0.0, 100.0], [0.0, 0.0, 1.0]], "bev": "bev_c94ccdbc121b402c8b9e5030aa2b4667.png", "aux": "aux_c94ccdbc121b402c8b9e5030aa2b4667.npz", "visibility": "visibility_c94ccdbc121b402c8b9e5030aa2b4667.png", "pose": [[-0.8999515771865845, 0.4359898865222931, 0.0, 2649.141357421875], [-0.4359898865222931, -0.8999515771865845, 0.0, 1017.5934448242188], [0.0, 0.0, 1.0, 0.0], [0.0, 0.0, 0.0, 1.0]], "pose_inverse": [[-0.8999515771865845, -0.4359898865222931, 0.0, 2827.75927734375], [0.4359898865222931, -0.8999515771865845, 0.0, -239.2140350341797], [0.0, 0.0, 1.0, 0.0], [0.0, 0.0, 0.0, 1.0]], "cam_ids": [0, 1, 2, 3, 4, 5], "cam_channels": ["CAM_FRONT_LEFT", "CAM_FRONT", "CAM_FRONT_RIGHT", "CAM_BACK_LEFT", "CAM_BACK", "CAM_BACK_RIGHT"], "token": "c94ccdbc121b402c8b9e5030aa2b4667", "scene": "scene-0847"}, {"images": ["samples/CAM_FRONT_LEFT/n015-2018-10-08-16-03-24+0800__CAM_FRONT_LEFT__1538985814904844.jpg", "samples/CAM_FRONT/n015-2018-10-08-16-03-24+0800__CAM_FRONT__1538985814912460.jpg", "samples/CAM_FRONT_RIGHT/n015-2018-10-08-16-03-24+0800__CAM_FRONT_RIGHT__1538985814920339.jpg", "samples/CAM_BACK_LEFT/n015-2018-10-08-16-03-24+0800__CAM_BACK_LEFT__1538985814947423.jpg", "samples/CAM_BACK/n015-2018-10-08-16-03-24+0800__CAM_BACK__1538985814937525.jpg", "samples/CAM_BACK_RIGHT/n015-2018-10-08-16-03-24+0800__CAM_BACK_RIGHT__1538985814928138.jpg"], "intrinsics": [[[1272.5979470598488, 0.0, 826.6154927353808], [0.0, 1272.5979470598488, 479.75165386361925], [0.0, 0.0, 1.0]], [[1266.417203046554, 0.0, 816.2670197447984], [0.0, 1266.417203046554, 491.50706579294757], [0.0, 0.0, 1.0]], [[1260.8474446004698, 0.0, 807.968244525554], [0.0, 1260.8474446004698, 495.3344268742088], [0.0, 0.0, 1.0]], [[1256.7414812095406, 0.0, 792.1125740759628], [0.0, 1256.7414812095406, 492.7757465151356], [0.0, 0.0, 1.0]], [[809.2209905677063, 0.0, 829.2196003259838], [0.0, 809.2209905677063, 481.77842384512485], [0.0, 0.0, 1.0]], [[1259.5137405846733, 0.0, 807.2529053838625], [0.0, 1259.5137405846733, 501.19579884916527], [0.0, 0.0, 1.0]]], "extrinsics": [[[0.8219261169433594, -0.5693608522415161, -0.016295375302433968, -0.629150390625], [0.004720036406069994, 0.03541601076722145, -0.999361515045166, 1.5099802017211914], [0.5695744156837463, 0.8213244676589966, 0.03179674968123436, -1.0537109375], [0.0, 0.0, 0.0, 1.0]], [[0.0073561700992286205, -0.9994817972183228, -0.03133460506796837, 0.011444091796875], [-0.0007589148008264601, 0.031329862773418427, -0.9995088577270508, 1.520158290863037], [0.9999726414680481, 0.007376335561275482, -0.0005280559416860342, -1.362060546875], [0.0, 0.0, 0.0, 1.0]], [[-0.8321431875228882, -0.553706705570221, -0.030766086652874947, 0.822998046875], [0.004644524771720171, 0.04851776733994484, -0.9988115429878235, 1.5046730041503906], [0.554541289806366, -0.8312970995903015, -0.03780202567577362, -1.1055908203125], [0.0, 0.0, 0.0, 1.0]], [[0.9477214813232422, 0.3185902535915375, 0.018001534044742584, -1.15185546875], [0.012882133014500141, 0.018168775364756584, -0.9997519254684448, 1.5884208679199219], [-0.31883829832077026, 0.9477183818817139, 0.01311481837183237, -0.10009765625], [0.0, 0.0, 0.0, 1.0]], [[0.0018806818407028913, 0.9996020793914795, 0.028147490695118904, 0.001953125], [-0.012406938709318638, 0.02816869504749775, -0.9995262026786804, 1.5782661437988281], [-0.9999212622642517, 0.0015305358683690429, 0.01245497539639473, -0.083984375], [0.0, 0.0, 0.0, 1.0]], [[-0.9350692629814148, 0.3544463813304901, -0.0036263444926589727, 0.969