[{"images": ["samples/CAM_FRONT_LEFT/n008-2018-08-01-15-16-36-0400__CAM_FRONT_LEFT__1533151182504799.jpg", "samples/CAM_FRONT/n008-2018-08-01-15-16-36-0400__CAM_FRONT__1533151182512404.jpg", "samples/CAM_FRONT_RIGHT/n008-2018-08-01-15-16-36-0400__CAM_FRONT_RIGHT__1533151182520482.jpg", "samples/CAM_BACK_LEFT/n008-2018-08-01-15-16-36-0400__CAM_BACK_LEFT__1533151182547405.jpg", "samples/CAM_BACK/n008-2018-08-01-15-16-36-0400__CAM_BACK__1533151182537558.jpg", "samples/CAM_BACK_RIGHT/n008-2018-08-01-15-16-36-0400__CAM_BACK_RIGHT__1533151182528113.jpg"], "intrinsics": [[[1257.8625342125129, 0.0, 827.2410631095686], [0.0, 1257.8625342125129, 450.915498205774], [0.0, 0.0, 1.0]], [[1252.8131021185304, 0.0, 826.588114781398], [0.0, 1252.8131021185304, 469.9846626224581], [0.0, 0.0, 1.0]], [[1256.7485116440405, 0.0, 817.7887570959712], [0.0, 1256.7485116440403, 451.9541780095127], [0.0, 0.0, 1.0]], [[1254.9860565800168, 0.0, 829.5769333630991], [0.0, 1254.9860565800168, 467.1680561863987], [0.0, 0.0, 1.0]], [[796.8910634503094, 0.0, 857.7774326863696], [0.0, 796.8910634503094, 476.8848988407415], [0.0, 0.0, 1.0]], [[1249.9629280788233, 0.0, 825.3768045375984], [0.0, 1249.9629280788233, 462.54816385708756], [0.0, 0.0, 1.0]]], "extrinsics": [[[0.822206437587738, -0.5689009428024292, -0.018116816878318787, -0.7799072265625], [-0.0014143312582746148, 0.029787059873342514, -0.999555230140686, 1.4877452850341797], [0.5691876411437988, 0.8218664526939392, 0.023686498403549194, -1.18414306640625], [0.0, 0.0, 0.0, 1.0]], [[0.009760267101228237, -0.9996210932731628, -0.025739960372447968, 0.011962890625], [0.0005688947858288884, 0.02574673481285572, -0.9996683597564697, 1.4801759719848633], [0.9999521970748901, 0.009742343798279762, 0.0008199744625017047, -1.5130615234375], [0.0, 0.0, 0.0, 1.0]], [[-0.8442471623420715, -0.535701334476471, -0.016459036618471146, 0.9486083984375], [0.008620926178991795, 0.017132341861724854, -0.9998160600662231, 1.494478702545166], [0.5358847379684448, -0.8442336916923523, -0.009845689870417118, -1.18310546875], [0.0, 0.0, 0.0, 1.0]], [[0.9477695822715759, 0.31891244649887085, -0.005273529794067144, -1.1453857421875], [-0.016441557556390762, 0.0323372446000576, -0.9993417859077454, 1.5620574951171875], [-0.31853196024894714, 0.9472324252128601, 0.03589167445898056, -0.156005859375], [0.0, 0.0, 0.0, 1.0]], [[0.00933478306978941, 0.9996508955955505, 0.024717414751648903, -0.029693603515625], [-0.014393285848200321, 0.024850254878401756, -0.9995875358581543, 1.567138671875], [-0.9998528361320496, 0.008975174278020859, 0.01462023425847292, -0.0174560546875], [0.0, 0.0, 0.0, 1.0]], [[-0.9236348271369934, 0.3831331133842468, 0.010377543978393078, 1.0469970703125], [-0.010348849929869175, 0.0021360893733799458, -0.9999441504478455, 1.5465450286865234], [-0.38313379883766174, -0.9236906170845032, 0.0019920209888368845, -0.0880889892578125], [0.0, 0.0, 0.0, 1.0]]], "view": [[0.0, -2.0, 100.0], [-2.0, 0.0, 100.0], [0.0, 0.0, 1.0]], "bev": "bev_6e0955c28ecb405b98d91b089761dbbb.png", "aux": "aux_6e0955c28ecb405b98d91b089761dbbb.npz", "visibility": "visibility_6e0955c28ecb405b98d91b089761dbbb.png", "pose": [[-0.7024391889572144, 0.7117437720298767, 0.0, 1571.134765625], [-0.7117437720298767, -0.7024391889572144, 0.0, 847.4217529296875], [0.0, 0.0, 1.0, 0.0], [0.0, 0.0, 0.0, 1.0]], "pose_inverse": [[-0.7024391889572144, -0.7117437720298767, 0.0, 1706.7738037109375], [0.7117437720298767, -0.7024391889572144, 0.0, -522.9830932617188], [0.0, 0.0, 1.0, 0.0], [0.0, 0.0, 0.0, 1.0]], "cam_ids": [0, 1, 2, 3, 4, 5], "cam_channels": ["CAM_FRONT_LEFT", "CAM_FRONT", "CAM_FRONT_RIGHT", "CAM_BACK_LEFT", "CAM_BACK", "CAM_BACK_RIGHT"], "token": "6e0955c28ecb405b98d91b089761dbbb", "scene": "scene-0093"}, {"images": ["samples/CAM_FRONT_LEFT/n008-2018-08-01-15-16-36-0400__CAM_FRONT_LEFT__1533151183004799.jpg", "samples/CAM_FRONT/n008-2018-08-01-15-16-36-0400__CAM_FRONT__1533151183012404.jpg", "samples/CAM_FRONT_RIGHT/n008-2018-08-01-15-16-36-0400__CAM_FRONT_RIGHT__1533151183020482.jpg", "samples/CAM_BACK_LEFT/n008-2018-08-01-15-16-36-0400__CAM_BACK_LEFT__1533151183047405.jpg", "samples/CAM_BACK/n008-2018-08-01-15-16-36-0400__CAM_BACK__1533151183037558.jpg", "samples/CAM_BACK_RIGHT/n008-2018-08-01-15-16-36-0400__CAM_BACK_RIGHT__1533151183028113.jpg"], "intrinsics": [[[1257.8625342125129, 0.0, 827.2410631095686], [0.0, 1257.8625342125129, 450.915498205774], [0.0, 0.0, 1.0]], [[1252.8131021185304, 0.0, 826.588114781398], [0.0, 1252.8131021185304, 469.9846626224581], [0.0, 0.0, 1.0]], [[1256.7485116440405, 0.0, 817.7887570959712], [0.0, 1256.7485116440403, 451.9541780095127], [0.0, 0.0, 1.0]], [[1254.9860565800168, 0.0, 829.5769333630991], [0.0, 1254.9860565800168, 467.1680561863987], [0.0, 0.0, 1.0]], [[796.8910634503094, 0.0, 857.7774326863696], [0.0, 796.8910634503094, 476.8848988407415], [0.0, 0.0, 1.0]], [[1249.9629280788233, 0.0, 825.3768045375984], [0.0, 1249.9629280788233, 462.54816385708756], [0.0, 0.0, 1.0]]], "extrinsics": [[[0.8231047987937927, -0.5678309798240662, -0.008156927302479744, -0.797119140625], [0.006549125071614981, 0.023854011669754982, -0.9996939897537231, 1.4898269176483154], [0.5678517818450928, 0.8227994441986084, 0.02335314452648163, -1.195068359375], [0.0, 0.0, 0.0, 1.0]], [[0.011060424149036407, -0.999750018119812, -0.019429294392466545, 0.01104736328125], [0.008417819626629353, 0.019522888585925102, -0.9997739791870117, 1.481823444366455], [0.9999033808708191, 0.010894294828176498, 0.008631646633148193, -1.5301513671875], [0.0, 0.0, 0.0, 1.0]], [[-0.8436505198478699, -0.5365390181541443, -0.0194857195019722, 0.95947265625], [0.016348864883184433, 0.01060368400067091, -0.9998100996017456, 1.495615005493164], [0.5366438031196594, -0.8438088893890381, -0.00017400046635884792, -1.1910400390625], [0.0, 0.0, 0.0, 1.0]], [[0.9477909207344055, 0.3188912868499756, -0.0008786881808191538, -1.143310546875], [-0.009470215067267418, 0.02539241313934326, -0.9996326565742493, 1.5620269775390625], [-0.31875184178352356, 0.9474510550498962, 0.027086667716503143, -0.1566162109375], [0.0, 0.0, 0.0, 1.0]], [[0.008884754963219166, 0.9998008608818054, 0.01786886341869831, -0.029327392578125], [-0.007237071171402931, 0.017933392897248268, -0.9998129606246948, 1.567626953125], [-0.9999343156814575, 0.00875383522361517, 0.007394965272396803, -0.013427734375], [0.0, 0.0, 0.0, 1.0]], [[-0.9239060878753662, 0.3826180100440979, 0.0008730070549063385, 1.0560302734375], [-0.0028711839113384485, -0.004651402123272419, -0.9999850392341614, 1.547499418258667], [-0.38260823488235474, -0.9238948822021484, 0.005396025720983744, -0.0849151611328125], [0.0, 0.0, 0.0, 1.0]]], "view": [[0.0, -2.0, 100.0], [-2.0, 0.0, 100.0], [0.0, 0.0, 1.0]], "bev": "bev_59e6f43c31be472393ee5c8dcc45f9cf.png", "aux": "aux_59e6f43c31be472393ee5c8dcc45f9cf.npz", "visibility": "visibility_59e6f43c31be472393ee5c8dcc45f9cf.png", "pose": [[-0.705370306968689, 0.7088389992713928, 0.0, 1568.946044921875], [-0.7088389992713928, -0.705370306968689, 0.0, 845.2752075195312], [0.0, 0.0, 1.0, 0.0], [0.0, 0.0, 0.0, 1.0]], "pose_inverse": [[-0.705370306968689, -0.7088389992713928, 0.0, 1705.85205078125], [0.7088389992713928, -0.705370306968689, 0.0, -515.8980712890625], [0.0, 0.0, 1.0, 0.0], [0.0, 0.0, 0.0, 1.0]], "cam_ids": [0, 1, 2, 3, 4, 5], "cam_channels": ["CAM_FRONT_LEFT", "CAM_FRONT", "CAM_FRONT_RIGHT", "CAM_BACK_LEFT", "CAM_BACK", "CAM_BACK_RIGHT"], "token": "59e6f43c31be472393ee5c8dcc45f9cf", "scene": "scene-0093"}, {"images": ["samples/CAM_FRONT_LEFT/n008-2018-08-01-15-16-36-0400__CAM_FRONT_LEFT__1533151183504799.jpg", "samples/CAM_FRONT/n008-2018-08-01-15-16-36-0400__CAM_FRONT__1533151183512404.jpg", "samples/CAM_FRONT_RIGHT/n008-2018-08-01-15-16-36-0400__CAM_FRONT_RIGHT__1533151183520482.jpg", "samples/CAM_BACK_LEFT/n008-2018-08-01-15-16-36-0400__CAM_BACK_LEFT__1533151183547405.jpg", "samples/CAM_BACK/n008-2018-08-01-15-16-36-0400__CAM_BACK__1533151183537558.jpg", "samples/CAM_BACK_RIGHT/n008-2018-08-01-15-16-36-0400__CAM_BACK_RIGHT__1533151183528113.jpg"], "intrinsics": [[[1257.8625342125129, 0.0, 827.2410631095686], [0.0, 1257.8625342125129, 450.915498205774], [0.0, 0.0, 1.0]], [[1252.8131021185304, 0.0, 826.588114781398], [0.0, 1252.8131021185304, 469.9846626224581], [0.0, 0.0, 1.0]], [[1256.7485116440405, 0.0, 817.7887570959712], [0.0, 1256.7485116440403, 451.9541780095127], [0.0, 0.0, 1.0]], [[1254.9860565800168, 0.0, 829.5769333630991], [0.0, 1254.9860565800168, 467.1680561863987], [0.0, 0.0, 1.0]], [[796.8910634503094, 0.0, 857.7774326863696], [0.0, 796.8910634503094, 476.8848988407415], [0.0, 0.0, 1.0]], [[1249.9629280788233, 0.0, 825.3768045375984], [0.0, 1249.9629280788233, 462.54816385708756], [0.0, 0.0, 1.0]]], "extrinsics": [[[0.8261817693710327, -0.5633783936500549, -0.005340844392776489, -0.809326171875], [0.0007685751770623028, 0.010606592521071434, -0.9999434947967529, 1.4884788990020752], [0.5634031891822815, 0.8261309266090393, 0.009195970371365547, -1.19970703125], [0.0, 0.0, 0.0, 1.0]], [[0.01563330553472042, -0.9998584389686584, -0.00622422993183136, 0.008331298828125], [0.0026531971525400877, 0.006266452372074127, -0.9999768137931824, 1.4806890487670898], [0.9998742938041687, 0.01561643648892641, 0.002750787418335676, -1.5382080078125], [0.0, 0.0, 0.0, 1.0]], [[-0.8417659997940063, -0.5397903919219971, -0.007503879256546497, 0.9610595703125], [0.01060928963124752, -0.0026438196655362844, -0.9999402165412903, 1.4947052001953125], [0.5397382974624634, -0.8417953252792358, 0.007952270098030567, -1.1947021484375], [0.0, 0.0, 0.0, 1.0]], [[0.9478312730789185, 0.31859973073005676, -0.010496017523109913, -1.136962890625], [-0.01511397399008274, 0.012025863863527775, -0.9998134970664978, 1.5619525909423828], [-0.3184140622615814, 0.9478130340576172, 0.01621379889547825, -0.1573486328125], [0.0, 0.0, 0.0, 1.0]], [[0.007640983909368515, 0.9999606609344482, 0.004513158462941647, -0.02777099609375], [-0.012865768745541573, 0.004611225798726082, -0.9999065399169922, 1.5672760009765625], [-0.9998881220817566, 0.0075821587815880775, 0.01290049683302641, -0.016845703125], [0.0, 0.0, 0.0, 1.0]], [[-0.924930214881897, 0.38013553619384766, 0.0010623573325574398, 1.0562744140625], [-0.008523955941200256, -0.017946014180779457, -0.9998026490211487, 1.5468454360961914], [-0.3800413906574249, -0.9247567057609558, 0.01983906701207161, -0.086761474609375], [0.0, 0.0, 0.0, 1.0]]], "view": [[0.0, -2.0, 100.0], [-2.0, 0.0, 100.0], [0.0, 0.0, 1.0]], "bev": "bev_b5fd72c8c35c4b7bb656f4e9d5b8fe52.png", "aux": "aux_b5fd72c8c35c4b7bb656f4e9d5b8fe52.npz", "visibility": "visibility_b5fd72c8c35c4b7bb656f4e9d5b8fe52.png", "pose": [[-0.7322868704795837, 0.680996298789978, 0.0, 1566.9261474609375], [-0.680996298789978, -0.7322868704795837, 0.0, 843.346923828125], [0.0, 0.0, 1.0, 0.0], [0.0, 0.0, 0.0, 1.0]], "pose_inverse": [[-0.7322868704795837, -0.680996298789978, 0.0, 1721.755615234375], [0.680996298789978, -0.7322868704795837, 0.0, -449.4989929199219], [0.0, 0.0, 1.0, 0.0], [0.0, 0.0, 0.0, 1.0]], "cam_ids": [0, 1, 2, 3, 4, 5], "cam_channels": ["CAM_FRONT_LEFT", "CAM_FRONT", "CAM_FRONT_RIGHT", "CAM_BACK_LEFT", "CAM_BACK", "CAM_BACK_RIGHT"], "token": "b5fd72c8c35c4b7bb656f4e9d5b8fe52", "scene": "scene-0093"}, {"images": ["samples/CAM_FRONT_LEFT/n008-2018-08-01-15-16-36-0400__CAM_FRONT_LEFT__1533151184004799.jpg", "samples/CAM_FRONT/n008-2018-08-01-15-16-36-0400__CAM_FRONT__1533151184012404.jpg", "samples/CAM_FRONT_RIGHT/n008-2018-08-01-15-16-36-0400__CAM_FRONT_RIGHT__1533151184020482.jpg", "samples/CAM_BACK_LEFT/n008-2018-08-01-15-16-36-0400__CAM_BACK_LEFT__1533151184047405.jpg", "samples/CAM_BACK/n008-2018-08-01-15-16-36-0400__CAM_BACK__1533151184037558.jpg", "samples/CAM_BACK_RIGHT/n008-2018-08-01-15-16-36-0400__CAM_BACK_RIGHT__1533151184028113.jpg"], "intrinsics": [[[1257.8625342125129, 0.0, 827.2410631095686], [0.0, 1257.8625342125129, 450.915498205774], [0.0, 0.0, 1.0]], [[1252.8131021185304, 0.0, 826.588114781398], [0.0, 1252.8131021185304, 469.9846626224581], [0.0, 0.0, 1.0]], [[1256.7485116440405, 0.0, 817.7887570959712], [0.0, 1256.7485116440403, 451.9541780095127], [0.0, 0.0, 1.0]], [[1254.9860565800168, 0.0, 829.5769333630991], [0.0, 1254.9860565800168, 467.1680561863987], [0.0, 0.0, 1.0]], [[796.8910634503094, 0.0, 857.7774326863696], [0.0, 796.8910634503094, 476.8848988407415], [0.0, 0.0, 1.0]], [[1249.9629280788233, 0.0, 825.3768045375984], [0.0, 1249.9629280788233, 462.54816385708756], [0.0, 0.0, 1.0]]], "extrinsics": [[[0.8285581469535828, -0.5598781108856201, -0.005298076197504997, -0.8214111328125], [-0.0036531505174934864, 0.004056509118527174, -0.9999850988388062, 1.487485408782959], [0.5598912239074707, 0.8285651206970215, 0.0013157333014532924, -1.20831298828125], [0.0, 0.0, 0.0, 1.0]], [[0.018989743664860725, -0.9998196959495544, 8.172853267751634e-05, 0.008148193359375], [-0.0016856666188687086, -0.00011376015754649416, -0.9999985694885254, 1.4798585176467896], [0.9998182058334351, 0.018989548087120056, -0.0016875218134373426, -1.552978515625], [0.0, 0.0, 0.0, 1.0]], [[-0.840429425239563, -0.5419206023216248, -0.0005602763849310577, 0.97314453125], [0.006361542269587517, -0.008831894025206566, -0.9999407529830933, 1.4939498901367188], [0.5418835282325745, -0.8403832912445068, 0.010870035737752914, -1.2030029296875], [0.0, 0.0, 0.0, 1.0]], [[0.9479176998138428, 0.31810563802719116, -0.016148770228028297, -1.149169921875], [-0.019149595871567726, 0.006308452691882849, -0.9997967481613159, 1.5621681213378906], [-0.3179391324520111, 0.9480342268943787, 0.012071489356458187, -0.1529541015625], [0.0, 0.0, 0.0, 1.0]], [[0.006998677272349596, 0.9999744296073914, -0.0015032844385132194, -0.0272979736328125], [-0.016973376274108887, -0.001384309376589954, -0.9998549818992615, 1.567251205444336], [-0.9998315572738647, 0.007023220416158438, 0.016963254660367966, -0.00341796875], [0.0, 0.0, 0.0, 1.0]], [[-0.9255613684654236, 0.3785885274410248, 0.0026158278342336416, 1.0694580078125], [-0.012671217322349548, -0.024071330204606056, -0.9996299147605896, 1.5465354919433594], [-0.37838542461395264, -0.9252520203590393, 0.02707667089998722, -0.08197021484375], [0.0, 0.0, 0.0, 1.0]]], "view": [[0.0, -2.0, 100.0], [-2.0, 0.0, 100.0], [0.0, 0.0, 1.0]], "bev": "bev_e19007f8d28a4590b249b6025bd8f4d1.png", "aux": "aux_e19007f8d28a4590b249b6025bd8f4d1.npz", "visibility": "visibility_e19007f8d28a4590b249b6025bd8f4d1.png", "pose": [[-0.8051479458808899, 0.5930740237236023, 0.0, 1564.81103515625], [-0.5930740237236023, -0.8051479458808899, 0.0, 841.6134643554688], [0.0, 0.0, 1.0, 0.0], [0.0, 0.0, 0.0, 1.0]], "pose_inverse": [[-0.8051479458808899, -0.5930740237236023, 0.0, 1759.04345703125], [0.5930740237236023, -0.8051479458808899, 0.0, -250.4254608154297], [0.0, 0.0, 1.0, 0.0], [0.0, 0.0, 0.0, 1.0]], "cam_ids": [0, 1, 2, 3, 4, 5], "cam_channels": ["CAM_FRONT_LEFT", "CAM_FRONT", "CAM_FRONT_RIGHT", "CAM_BACK_LEFT", "CAM_BACK", "CAM_BACK_RIGHT"], "token": "e19007f8d28a4590b249b6025bd8f4d1", "scene": "scene-0093"}, {"images": ["samples/CAM_FRONT_LEFT/n008-2018-08-01-15-16-36-0400__CAM_FRONT_LEFT__1533151184504799.jpg", "samples/CAM_FRONT/n008-2018-08-01-15-16-36-0400__CAM_FRONT__1533151184512404.jpg", "samples/CAM_FRONT_RIGHT/n008-2018-08-01-15-16-36-0400__CAM_FRONT_RIGHT__1533151184520482.jpg", "samples/CAM_BACK_LEFT/n008-2018-08-01-15-16-36-0400__CAM_BACK_LEFT__1533151184547405.jpg", "samples/CAM_BACK/n008-2018-08-01-15-16-36-0400__CAM_BACK__1533151184537558.jpg", "samples/CAM_BACK_RIGHT/n008-2018-08-01-15-16-36-0400__CAM_BACK_RIGHT__1533151184528113.jpg"], "intrinsics": [[[1257.8625342125129, 0.0, 827.2410631095686], [0.0, 1257.8625342125129, 450.915498205774], [0.0, 0.0, 1.0]], [[1252.8131021185304, 0.0, 826.588114781398], [0.0, 1252.8131021185304, 469.9846626224581], [0.0, 0.0, 1.0]], [[1256.7485116440405, 0.0, 817.7887570959712], [0.0, 1256.7485116440403, 451.9541780095127], [0.0, 0.0, 1.0]], [[1254.9860565800168, 0.0, 829.5769333630991], [0.0, 1254.9860565800168, 467.1680561863987], [0.0, 0.0, 1.0]], [[796.8910634503094, 0.0, 857.7774326863696], [0.0, 796.8910634503094, 476.8848988407415], [0.0, 0.0, 1.0]], [[1249.9629280788233, 0.0, 825.3768045375984], [0.0, 1249.9629280788233, 462.54816385708756], [0.0, 0.0, 1.0]]], "extrinsics": [[[0.8288347125053406, -0.5593833923339844, -0.01110372319817543, -0.8216552734375], [-0.010666515678167343, 0.004044134169816971, -0.99993497133255, 1.4859142303466797], [0.5593918561935425, 0.8288992047309875, -0.002614753320813179, -1.20281982421875], [0.0, 0.0, 0.0, 1.0]], [[0.019452670589089394, -0.9998107552528381, -3.4054821298923343e-05, 0.0036773681640625], [-0.008902191184461117, -0.0001391428813803941, -0.9999603629112244, 1.4785327911376953], [0.9997711181640625, 0.019452184438705444, -0.008903213776648045, -1.551513671875], [0.0, 0.0, 0.0, 1.0]], [[-0.8402426838874817, -0.5421804785728455, 0.005708232056349516, 0.9713134765625], [-0.0010704630985856056, -0.008868924342095852, -0.9999601244926453, 1.4928797483444214], [0.5422095060348511, -0.840215265750885, 0.006871663499623537, -1.206787109375], [0.0, 0.0, 0.0, 1.0]], [[0.9478435516357422, 0.3178417980670929, -0.023858550935983658, -1.150146484375], [-0.02727787382900715, 0.0063111791387200356, -0.9996079802513123, 1.5622940063476562], [-0.31756657361984253, 0.9481227993965149, 0.01465205755084753, -0.1494140625], [0.0, 0.0, 0.0, 1.0]], [[0.007036798633635044, 0.9999741315841675, -0.0015213110018521547, -0.02435588836669922], [-0.024829674512147903, -0.0013461526250466704, -0.9996907711029053, 1.5669212341308594], [-0.9996669292449951, 0.00707233464345336, 0.02481956034898758, -0.0013427734375], [0.0, 0.0, 0.0, 1.0]], [[-0.9255771636962891, 0.37843671441078186, 0.009619608521461487, 1.0721435546875], [-0.02024286612868309, -0.024103080853819847, -0.9995045065879822, 1.5457382202148438], [-0.3780173361301422, -0.9253132343292236, 0.02996990643441677, -0.0845947265625], [0.0, 0.0, 0.0, 1.0]]], "view": [[0.0, -2.0, 100.0], [-2.0, 0.0, 100.0], [0.0, 0.0, 1.0]], "bev": "bev_88c4bf6c96624c9baf7ca0f98c790034.png", "aux": "aux_88c4bf6c96624c9baf7ca0f98c790034.npz", "visibility": "visibility_88c4bf6c96624c9baf7ca0f98c790034.png", "pose": [[-0.8789453506469727, 0.47692251205444336, 0.0, 1562.5330810546875], [-0.47692251205444336, -0.8789453506469727, 0.0, 840.1761474609375], [0.0, 0.0, 1.0, 0.0], [0.0, 0.0, 0.0, 1.0]], "pose_inverse": [[-0.8789453506469727, -0.47692251205444336, 0.0, 1774.080078125], [0.47692251205444336, -0.8789453506469727, 0.0, -6.738299369812012], [0.0, 0.0, 1.0, 0.0], [0.0, 0.0, 0.0, 1.0]], "cam_ids": [0, 1, 2, 3, 4, 5], "cam_channels": ["CAM_FRONT_LEFT", "CAM_FRONT", "CAM_FRONT_RIGHT", "CAM_BACK_LEFT", "CAM_BACK", "CAM_BACK_RIGHT"], "token": "88c4bf6c96624c9baf7ca0f98c790034", "scene": "scene-0093"}, {"images": ["samples/CAM_FRONT_LEFT/n008-2018-08-01-15-16-36-0400__CAM_FRONT_LEFT__1533151185004799.jpg", "samples/CAM_FRONT/n008-2018-08-01-15-16-36-0400__CAM_FRONT__1533151185012813.jpg", "samples/CAM_FRONT_RIGHT/n008-2018-08-01-15-16-36-0400__CAM_FRONT_RIGHT__1533151185020482.jpg", "samples/CAM_BACK_LEFT/n008-2018-08-01-15-16-36-0400__CAM_BACK_LEFT__1533151185047405.jpg", "samples/CAM_BACK/n008-2018-08-01-15-16-36-0400__CAM_BACK__1533151185037558.jpg", "samples/CAM_BACK_RIGHT/n008-2018-08-01-15-16-36-0400__CAM_BACK_RIGHT__1533151185028113.jpg"], "intrinsics": [[[1257.8625342125129, 0.0, 827.2410631095686], [0.0, 1257.8625342125129, 450.915498205774], [0.0, 0.0, 1.0]], [[1252.8131021185304, 0.0, 826.588114781398], [0.0, 1252.8131021185304, 469.9846626224581], [0.0, 0.0, 1.0]], [[1256.7485116440405, 0.0, 817.7887570959712], [0.0, 1256.7485116440403, 451.9541780095127], [0.0, 0.0, 1.0]], [[1254.9860565800168, 0.0, 829.5769333630991], [0.0, 1254.9860565800168, 467.1680561863987], [0.0, 0.0, 1.0]], [[796.8910634503094, 0.0, 857.7774326863696], [0.0, 796.8910634503094, 476.8848988407415], [0.0, 0.0, 1.0]], [[1249.9629280788233, 0.0, 825.3768045375984], [0.0, 1249.9629280788233, 462.54816385708756], [0.0, 0.0, 1.0]]], "extrinsics": [[[0.8298896551132202, -0.557898998260498, -0.0056536877527832985, -0.8172607421875], [-0.0014730989933013916, 0.007942289113998413, -0.9999673366546631, 1.4879902601242065], [0.5579257011413574, 0.8298709392547607, 0.005769381299614906, -1.2021484375], [0.0, 0.0, 0.0, 1.0]], [[0.02088858373463154, -0.9997749328613281, -0.0037235734052956104, 0.005767822265625], [0.0009098987793549895, 0.00374339590780437, -0.9999926090240479, 1.4803452491760254], [0.9997813701629639, 0.020885080099105835, 0.0009878878481686115, -1.5499267578125], [0.0, 0.0, 0.0, 1.0]], [[-0.8395912647247314, -0.5431942343711853, -0.005150697194039822, 0.9693603515625], [0.00936202984303236, -0.004988770466297865, -0.999943733215332, 1.4943923950195312], [0.5431379675865173, -0.8395923376083374, 0.009273928590118885, -1.20263671875], [0.0, 0.0, 0.0, 1.0]], [[0.9479992389678955, 0.31809455156326294, -0.010642727836966515, -1.1502685546875], [-0.014353381469845772, 0.009323733858764172, -0.9998534917831421, 1.5621623992919922], [-0.31794875860214233, 0.948013186454773, 0.013404625467956066, -0.15216064453125], [0.0, 0.0, 0.0, 1.0]], [[0.006484463810920715, 0.9999769926071167, 0.0020045212004333735, -0.026519775390625], [-0.012785258702933788, 0.002087307395413518, -0.9999160766601562, 1.5674552917480469], [-0.9998972415924072, 0.0064583127386868, 0.012798498384654522, -0.00341796875], [0.0, 0.0, 0.0, 1.0]], [[-0.9259694218635559, 0.3775980472564697, 0.000662356847897172, 1.0684814453125], [-0.009012044407427311, -0.020346196368336678, -0.999752402305603, 1.5468578338623047], [-0.3774910867214203, -0.9257460236549377, 0.02224288508296013, -0.0838623046875], [0.0, 0.0, 0.0, 1.0]]], "view": [[0.0, -2.0, 100.0], [-2.0, 0.0, 100.0], [0.0, 0.0, 1.0]], "bev": "bev_6dab8a84451a4f01aca9352708196964.png", "aux": "aux_6dab8a84451a4f01aca9352708196964.npz", "visibility": "visibility_6dab8a84451a4f01aca9352708196964.png", "pose": [[-0.9405918121337891, 0.3395395278930664, 0.0, 1560.0535888671875], [-0.3395395278930664, -0.9405918121337891, 0.0, 839.062744140625], [0.0, 0.0, 1.0, 0.0], [0.0, 0.0, 0.0, 1.0]], "pose_inverse": [[-0.9405918121337891, -0.3395395278930664, 0.0, 1752.2685546875], [0.3395395278930664, -0.9405918121337891, 0.0, 259.5156555175781], [0.0, 0.0, 1.0, 0.0], [0.0, 0.0, 0.0, 1.0]], "cam_ids": [0, 1, 2, 3, 4, 5], "cam_channels": ["CAM_FRONT_LEFT", "CAM_FRONT", "CAM_FRONT_RIGHT", "CAM_BACK_LEFT", "CAM_BACK", "CAM_BACK_RIGHT"], "token": "6dab8a84451a4f01aca9352708196964", "scene": "scene-0093"}, {"images": ["samples/CAM_FRONT_LEFT/n008-2018-08-01-15-16-36-0400__CAM_FRONT_LEFT__1533151185504799.jpg", "samples/CAM_FRONT/n008-2018-08-01-15-16-36-0400__CAM_FRONT__1533151185512404.jpg", "samples/CAM_FRONT_RIGHT/n008-2018-08-01-15-16-36-0400__CAM_FRONT_RIGHT__1533151185520482.jpg", "samples/CAM_BACK_LEFT/n008-2018-08-01-15-16-36-0400__CAM_BACK_LEFT__1533151185547405.jpg", "samples/CAM_BACK/n008-2018-08-01-15-16-36-0400__CAM_BACK__1533151185537558.jpg", "samples/CAM_BACK_RIGHT/n008-2018-08-01-15-16-36-0400__CAM_BACK_RIGHT__1533151185528703.jpg"], "intrinsics": [[[1257.8625342125129, 0.0, 827.2410631095686], [0.0, 1257.8625342125129, 450.915498205774], [0.0, 0.0, 1.0]], [[1252.8131021185304, 0.0, 826.588114781398], [0.0, 1252.8131021185304, 469.9846626224581], [0.0, 0.0, 1.0]], [[1256.7485116440405, 0.0, 817.7887570959712], [0.0, 1256.7485116440403, 451.9541780095127], [0.0, 0.0, 1.0]], [[1254.9860565800168, 0.0, 829.5769333630991], [0.0, 1254.9860565800168, 467.1680561863987], [0.0, 0.0, 1.0]], [[796.8910634503094, 0.0, 857.7774326863696], [0.0, 796.8910634503094, 476.8848988407415], [0.0, 0.0, 1.0]], [[1249.9629280788233, 0.0, 825.3768045375984], [0.0, 1249.9629280788233, 462.54816385708756], [0.0, 0.0, 1.0]]], "extrinsics": [[[0.8308844566345215, -0.55643230676651, 0.003748364048078656, -0.8157958984375], [0.011628414504230022, 0.010628375224769115, -0.9998759031295776, 1.491006851196289], [0.5563234090805054, 0.8308250308036804, 0.015301378443837166, -1.2025146484375], [0.0, 0.0, 0.0, 1.0]], [[0.022528579458594322, -0.9997266530990601, -0.006250206846743822, 0.0067138671875], [0.013913172297179699, 0.006564705166965723, -0.9998816251754761, 1.4827919006347656], [0.9996494054794312, 0.022438935935497284, 0.014057261869311333, -1.54736328125], [0.0, 0.0, 0.0, 1.0]], [[-0.8388394713401794, -0.5440940856933594, -0.017606884241104126, 0.9698486328125], [0.02230200357735157, -0.00203150836750865, -0.9997491836547852, 1.496246337890625], [0.5439218282699585, -0.8390218019485474, 0.013838497921824455, -1.2021484375], [0.0, 0.0, 0.0, 1.0]], [[0.9480292201042175, 0.31817689538002014, 0.001995079917833209, -1.1519775390625], [-0.0023171391803771257, 0.013173856772482395, -0.9999105334281921, 1.5620834827423096], [-0.31817469000816345, 0.9479398131370544, 0.01322646252810955, -0.1519327163696289], [0.0, 0.0, 0.0, 1.0]], [[0.0060036079958081245, 0.9999666213989258, 0.0055432696826756, -0.0269775390625], [-0.00043238309444859624, 0.0055459653958678246, -0.9999845027923584, 1.5680506229400635], [-0.9999818801879883, 0.006001102738082409, 0.00046566440141759813, -0.0028076171875], [0.0, 0.0, 0.0, 1.0]], [[-0.9261326193809509, 0.37706950306892395, -0.009838378056883812, 1.07177734375], [0.0036119562573730946, -0.01721620373427868, -0.9998452663421631, 1.5481281280517578], [-0.3771805465221405, -0.9260249733924866, 0.014582531526684761, -0.08203125], [0.0, 0.0, 0.0, 1.0]]], "view": [[0.0, -2.0, 100.0], [-2.0, 0.0, 100.0], [0.0, 0.0, 1.0]], "bev": "bev_4d1040b4e7804bc395186572f5ee281c.png", "aux": "aux_4d1040b4e7804bc395186572f5ee281c.npz", "visibility": "visibility_4d1040b4e7804bc395186572f5ee281c.png", "pose": [[-0.9847058057785034, 0.17422524094581604, 0.0, 1557.347900390625], [-0.17422524094581604, -0.9847058057785034, 0.0, 838.330322265625], [0.0, 0.0, 1.0, 0.0], [0.0, 0.0, 0.0, 1.0]], "pose_inverse": [[-0.9847058057785034, -0.17422524094581604, 0.0, 1679.587890625], [0.17422524094581604, -0.9847058057785034, 0.0, 554.179443359375], [0.0, 0.0, 1.0, 0.0], [0.0, 0.0, 0.0, 1.0]], "cam_ids": [0, 1, 2, 3, 4, 5], "cam_channels": ["CAM_FRONT_LEFT", "CAM_FRONT", "CAM_FRONT_RIGHT", "CAM_BACK_LEFT", "CAM_BACK", "CAM_BACK_RIGHT"], "token": "4d1040b4e7804bc395186572f5ee281c", "scene": "scene-0093"}, {"images": ["samples/CAM_FRONT_LEFT/n008-2018-08-01-15-16-36-0400__CAM_FRONT_LEFT__1533151186004799.jpg", "samples/CAM_FRONT/n008-2018-08-01-15-16-36-0400__CAM_FRONT__1533151186012404.jpg", "samples/CAM_FRONT_RIGHT/n008-2018-08-01-15-16-36-0400__CAM_FRONT_RIGHT__1533151186020482.jpg", "samples/CAM_BACK_LEFT/n008-2018-08-01-15-16-36-0400__CAM_BACK_LEFT__1533151186047405.jpg", "samples/CAM_BACK/n008-2018-08-01-15-16-36-0400__CAM_BACK__1533151186037558.jpg", "samples/CAM_BACK_RIGHT/n008-2018-08-01-15-16-36-0400__CAM_BACK_RIGHT__1533151186028113.jpg"], "intrinsics": [[[1257.8625342125129, 0.0, 827.2410631095686], [0.0, 1257.8625342125129, 450.915498205774], [0.0, 0.0, 1.0]], [[1252.8131021185304, 0.0, 826.588114781398], [0.0, 1252.8131021185304, 469.9846626224581], [0.0, 0.0, 1.0]], [[1256.7485116440405, 0.0, 817.7887570959712], [0.0, 1256.7485116440403, 451.9541780095127], [0.0, 0.0, 1.0]], [[1254.9860565800168, 0.0, 829.5769333630991], [0.0, 1254.9860565800168, 467.1680561863987], [0.0, 0.0, 1.0]], [[796.8910634503094, 0.0, 857.7774326863696], [0.0, 796.8910634503094, 476.8848988407415], [0.0, 0.0, 1.0]], [[1249.9629280788233, 0.0, 825.3768045375984], [0.0, 1249.9629280788233, 462.54816385708756], [0.0, 0.0, 1.0]]], "extrinsics": [[[0.8328272104263306, -0.5534968376159668, 0.006347057409584522, -0.8006591796875], [0.019010215997695923, 0.017140556126832962, -0.9996723532676697, 1.4931221008300781], [0.5532068014144897, 0.8326748609542847, 0.024797212332487106, -1.19091796875], [0.0, 0.0, 0.0, 1.0]], [[0.0266753900796175, -0.9995652437210083, -0.012559343129396439, 0.00640869140625], [0.021037587895989418, 0.013122373260557652, -0.9996925592422485, 1.4845046997070312], [0.9994226694107056, 0.026402970775961876, 0.02137848548591137, -1.531005859375], [0.0, 0.0, 0.0, 1.0]], [[-0.8369446992874146, -0.546624481678009, -0.02693091332912445, 0.95849609375], [0.02918383479118347, 0.004562376067042351, -0.9995636343955994, 1.4976272583007812], [0.5465088486671448, -0.8373653888702393, 0.012134142220020294, -1.195587158203125], [0.0, 0.0, 0.0, 1.0]], [[0.9475723505020142, 0.319388747215271, 0.009869501926004887, -1.147705078125], [0.0038993461057543755, 0.01932651177048683, -0.9998055696487427, 1.5620651245117188], [-0.31951743364334106, 0.9474266767501831, 0.017067860811948776, -0.1527099609375], [0.0, 0.0, 0.0, 1.0]], [[0.004176491405814886, 0.9999207854270935, 0.01187316607683897, -0.0264892578125], [0.006016973406076431, 0.011847925372421741, -0.9999117255210876, 1.5684089660644531], [-0.9999732375144958, 0.004247560631483793, -0.005967014469206333, -0.00927734375], [0.0, 0.0, 0.0, 1.0]], [[-0.9270070791244507, 0.37479615211486816, -0.013624800369143486, 1.05908203125], [0.010335362516343594, -0.010785402730107307, -0.9998884201049805, 1.5489258766174316], [-0.3749012053012848, -0.9270445108413696, 0.006124491803348064, -0.08740234375], [0.0, 0.0, 0.0, 1.0]]], "view": [[0.0, -2.0, 100.0], [-2.0, 0.0, 100.0], [0.0, 0.0, 1.0]], "bev": "bev_8ffab42b57d14c6cb0486620d8675a74.png", "aux": "aux_8ffab42b57d14c6cb0486620d8675a74.npz", "visibility": "visibility_8ffab42b57d14c6cb0486620d8675a74.png", "pose": [[-0.9999362230300903, -0.011294464580714703, 0.0, 1554.49658203125], [0.011294464580714703, -0.9999362230300903, 0.0, 838.0965576171875], [0.0, 0.0, 1.0, 0.0], [0.0, 0.0, 0.0, 1.0]], "pose_inverse": [[-0.9999362230300903, 0.011294464580714703, 0.0, 1544.9315185546875], [-0.011294464580714703, -0.9999362230300903, 0.0, 855.6002807617188], [0.0, 0.0, 1.0, 0.0], [0.0, 0.0, 0.0, 1.0]], "cam_ids": [0, 1, 2, 3, 4, 5], "cam_channels": ["CAM_FRONT_LEFT", "CAM_FRONT", "CAM_FRONT_RIGHT", "CAM_BACK_LEFT", "CAM_BACK", "CAM_BACK_RIGHT"], "token": "8ffab42b57d14c6cb0486620d8675a74", "scene": "scene-0093"}, {"images": ["samples/CAM_FRONT_LEFT/n008-2018-08-01-15-16-36-0400__CAM_FRONT_LEFT__1533151186504799.jpg", "samples/CAM_FRONT/n008-2018-08-01-15-16-36-0400__CAM_FRONT__1533151186512404.jpg", "samples/CAM_FRONT_RIGHT/n008-2018-08-01-15-16-36-0400__CAM_FRONT_RIGHT__1533151186520482.jpg", "samples/CAM_BACK_LEFT/n008-2018-08-01-15-16-36-0400__CAM_BACK_LEFT__1533151186547405.jpg", "samples/CAM_BACK/n008-2018-08-01-15-16-36-0400__CAM_BACK__1533151186537558.jpg", "samples/CAM_BACK_RIGHT/n008-2018-08-01-15-16-36-0400__CAM_BACK_RIGHT__1533151186528113.jpg"], "intrinsics": [[[1257.8625342125129, 0.0, 827.2410631095686], [0.0, 1257.8625342125129, 450.915498205774], [0.0, 0.0, 1.0]], [[1252.8131021185304, 0.0, 826.588114781398], [0.0, 1252.8131021185304, 469.9846626224581], [0.0, 0.0, 1.0]], [[1256.7485116440405, 0.0, 817.7887570959712], [0.0, 1256.7485116440403, 451.9541780095127], [0.0, 0.0, 1.0]], [[1254.9860565800168, 0.0, 829.5769333630991], [0.0, 1254.9860565800168, 467.1680561863987], [0.0, 0.0, 1.0]], [[796.8910634503094, 0.0, 857.7774326863696], [0.0, 796.8910634503094, 476.8848988407415], [0.0, 0.0, 1.0]], [[1249.9629280788233, 0.0, 825.3768045375984], [0.0, 1249.9629280788233, 462.54816385708756], [0.0, 0.0, 1.0]]], "extrinsics": [[[0.8320000767707825, -0.5547558665275574, 0.004665783606469631, -0.7911376953125], [0.021767612546682358, 0.024240123108029366, -0.9994691014289856, 1.4938888549804688], [0.5543482899665833, 0.8316599726676941, 0.03224349394440651, -1.19091796875], [0.0, 0.0, 0.0, 1.0]], [[0.024228520691394806, -0.999516487121582, -0.019486919045448303, 0.0107421875], [0.02382700704038143, 0.0200644563883543, -0.9995147585868835, 1.4851799011230469], [0.9994223713874817, 0.02375241369009018, 0.024301618337631226, -1.5240478515625], [0.0, 0.0, 0.0, 1.0]], [[-0.8379578590393066, -0.5447362661361694, -0.03299820050597191, 0.95556640625], [0.03197430074214935, 0.011356093920767307, -0.999424159526825, 1.4982376098632812], [0.5447973012924194, -0.8385305404663086, 0.007901633158326149, -1.1892547607421875], [0.0, 0.0, 0.0, 1.0]], [[0.9478591084480286, 0.31836238503456116, 0.014443289488554, -1.1470947265625], [0.006495609879493713, 0.026011787354946136, -0.9996405243873596, 1.5620231628417969], [-0.3186236619949341, 0.9476121068000793, 0.022587552666664124, -0.155029296875], [0.0, 0.0, 0.0, 1.0]], [[0.005368014331907034, 0.9998117089271545, 0.01864677667617798, -0.0286865234375], [0.008677187375724316, 0.018599770963191986, -0.9997893571853638, 1.5685539245605469], [-0.9999479651451111, 0.005528694484382868, -0.008575712330639362, -0.0128173828125], [0.0, 0.0, 0.0, 1.0]], [[-0.9263986349105835, 0.3762994110584259, -0.013578562997281551, 1.0538330078125], [0.013042991049587727, -0.003971019294112921, -0.9999070167541504, 1.5493183135986328], [-0.3763183355331421, -0.926489531993866, -0.0012293239124119282, -0.0867919921875], [0.0, 0.0, 0.0, 1.0]]], "view": [[0.0, -2.0, 100.0], [-2.0, 0.0, 100.0], [0.0, 0.0, 1.0]], "bev": "bev_c086941272e24fefad3e65d65760aed4.png", "aux": "aux_c086941272e24fefad3e65d65760aed4.npz", "visibility": "visibility_c086941272e24fefad3e65d65760aed4.png", "pose": [[-0.9794191122055054, -0.20183703303337097, 0.0, 1551.53955078125], [0.20183703303337097, -0.9794191122055054, 0.0, 838.4246215820312], [0.0, 0.0, 1.0, 0.0], [0.0, 0.0, 0.0, 1.0]], "pose_inverse": [[-0.9794191122055054, 0.20183703303337097, 0.0, 1350.38232421875], [-0.20183703303337097, -0.9794191122055054, 0.0, 1134.3272705078125], [0.0, 0.0, 1.0, 0.0], [0.0, 0.0, 0.0, 1.0]], "cam_ids": [0, 1, 2, 3, 4, 5], "cam_channels": ["CAM_FRONT_LEFT", "CAM_FRONT", "CAM_FRONT_RIGHT", "CAM_BACK_LEFT", "CAM_BACK", "CAM_BACK_RIGHT"], "token": "c086941272e24fefad3e65d65760aed4", "scene": "scene-0093"}, {"images": ["samples/CAM_FRONT_LEFT/n008-2018-08-01-15-16-36-0400__CAM_FRONT_LEFT__1533151187004799.jpg", "samples/CAM_FRONT/n008-2018-08-01-15-16-36-0400__CAM_FRONT__1533151187012404.jpg", "samples/CAM_FRONT_RIGHT/n008-2018-08-01-15-16-36-0400__CAM_FRONT_RIGHT__1533151187020482.jpg", "samples/CAM_BACK_LEFT/n008-2018-08-01-15-16-36-0400__CAM_BACK_LEFT__1533151187047405.jpg", "samples/CAM_BACK/n008-2018-08-01-15-16-36-0400__CAM_BACK__1533151187037558.jpg", "samples/CAM_BACK_RIGHT/n008-2018-08-01-15-16-36-0400__CAM_BACK_RIGHT__1533151187028113.jpg"], "intrinsics": [[[1257.8625342125129, 0.0, 827.2410631095686], [0.0, 1257.8625342125129, 450.915498205774], [0.0, 0.0, 1.0]], [[1252.8131021185304, 0.0, 826.588114781398], [0.0, 1252.8131021185304, 469.9846626224581], [0.0, 0.0, 1.0]], [[1256.7485116440405, 0.0, 817.7887570959712], [0.0, 1256.7485116440403, 451.9541780095127], [0.0, 0.0, 1.0]], [[1254.9860565800168, 0.0, 829.5769333630991], [0.0, 1254.9860565800168, 467.1680561863987], [0.0, 0.0, 1.0]], [[796.8910634503094, 0.0, 857.7774326863696], [0.0, 796.8910634503094, 476.8848988407415], [0.0, 0.0, 1.0]], [[1249.9629280788233, 0.0, 825.3768045375984], [0.0, 1249.9629280788233, 462.54816385708756], [0.0, 0.0, 1.0]]], "extrinsics": [[[0.8304587602615356, -0.5570727586746216, 0.002871005330234766, -0.790618896484375], [0.021769121289253235, 0.027301829308271408, -0.9993901252746582, 1.4939346313476562], [0.5566546320915222, 0.8300147652626038, 0.034800026565790176, -1.1888427734375], [0.0, 0.0, 0.0, 1.0]], [[0.021975303068757057, -0.9995021224021912, -0.022641928866505623, 0.01025390625], [0.023964934051036835, 0.02316751889884472, -0.999444305896759, 1.4852104187011719], [0.9994712471961975, 0.021420491859316826, 0.02446211501955986, -1.524169921875], [0.0, 0.0, 0.0, 1.0]], [[-0.8388479351997375, -0.5432425141334534, -0.03495263680815697, 0.9576416015625], [0.032253868877887726, 0.014495708979666233, -0.9993745684623718, 1.4981880187988281], [0.5434094667434692, -0.8394507169723511, 0.005361978430300951, -1.1904296875], [0.0, 0.0, 0.0, 1.0]], [[0.9480456709861755, 0.3177137076854706, 0.01635686866939068, -1.1561279296875], [0.007495948113501072, 0.029092181473970413, -0.999548614025116, 1.5618972778320312], [-0.31804612278938293, 0.9477402567863464, 0.025199148803949356, -0.15386962890625], [0.0, 0.0, 0.0, 1.0]], [[0.006163635291159153, 0.9997430443763733, 0.02181272767484188, -0.0301513671875], [0.009390062652528286, 0.021754315122961998, -0.9997192025184631, 1.5685043334960938], [-0.9999369382858276, 0.006366678047925234, -0.009253565222024918, -0.00634765625], [0.0, 0.0, 0.0, 1.0]], [[-0.9259850978851318, 0.3773437738418579, -0.012772087007761002, 1.0570068359375], [0.013472424820065498, -0.0007835273281671107, -0.9999089241027832, 1.5493144989013672], [-0.3773193955421448, -0.926072895526886, -0.00435820035636425, -0.0849609375], [0.0, 0.0, 0.0, 1.0]]], "view": [[0.0, -2.0, 100.0], [-2.0, 0.0, 100.0], [0.0, 0.0, 1.0]], "bev": "bev_5c27958677604dc5ad254f69f31aaf85.png", "aux": "aux_5c27958677604dc5ad254f69f31aaf85.npz", "visibility": "visibility_5c27958677604dc5ad254f69f31aaf85.png", "pose": [[-0.9275460243225098, -0.37370890378952026, 0.0, 1548.6195068359375], [0.37370890378952026, -0.9275460243225098, 0.0, 839.312744140625], [0.0, 0.0, 1.0, 0.0], [0.0, 0.0, 0.0, 1.0]], "pose_inverse": [[-0.9275460243225098, 0.37370890378952026, 0.0, 1122.7572021484375], [-0.37370890378952026, -0.9275460243225098, 0.0, 1357.234130859375], [0.0, 0.0, 1.0, 0.0], [0.0, 0.0, 0.0, 1.0]], "cam_ids": [0, 1, 2, 3, 4, 5], "cam_channels": ["CAM_FRONT_LEFT", "CAM_FRONT", "CAM_FRONT_RIGHT", "CAM_BACK_LEFT", "CAM_BACK", "CAM_BACK_RIGHT"], "token": "5c27958677604dc5ad254f69f31aaf85", "scene": "scene-0093"}, {"images": ["samples/CAM_FRONT_LEFT/n008-2018-08-01-15-16-36-0400__CAM_FRONT_LEFT__1533151187504799.jpg", "samples/CAM_FRONT/n008-2018-08-01-15-16-36-0400__CAM_FRONT__1533151187512404.jpg", "samples/CAM_FRONT_RIGHT/n008-2018-08-01-15-16-36-0400__CAM_FRONT_RIGHT__1533151187520482.jpg", "samples/CAM_BACK_LEFT/n008-2018-08-01-15-16-36-0400__CAM_BACK_LEFT__1533151187547405.jpg", "samples/CAM_BACK/n008-2018-08-01-15-16-36-0400__CAM_BACK__1533151187537558.jpg", "samples/CAM_BACK_RIGHT/n008-2018-08-01-15-16-36-0400__CAM_BACK_RIGHT__1533151187528113.jpg"], "intrinsics": [[[1257.8625342125129, 0.0, 827.2410631095686], [0.0, 1257.8625342125129, 450.915498205774], [0.0, 0.0, 1.0]], [[1252.8131021185304, 0.0, 826.588114781398], [0.0, 1252.8131021185304, 469.9846626224581], [0.0, 0.0, 1.0]], [[1256.7485116440405, 0.0, 817.7887570959712], [0.0, 1256.7485116440403, 451.9541780095127], [0.0, 0.0, 1.0]], [[1254.9860565800168, 0.0, 829.5769333630991], [0.0, 1254.9860565800168, 467.1680561863987], [0.0, 0.0, 1.0]], [[796.8910634503094, 0.0, 857.7774326863696], [0.0, 796.8910634503094, 476.8848988407415], [0.0, 0.0, 1.0]], [[1249.9629280788233, 0.0, 825.3768045375984], [0.0, 1249.9629280788233, 462.54816385708756], [0.0, 0.0, 1.0]]], "extrinsics": [[[0.8287598490715027, -0.5596027970314026, 0.0014002806274220347, -0.7757568359375], [0.024138303473591805, 0.03324815630912781, -0.999155580997467, 1.4951629638671875], [0.5590836405754089, 0.8280938267707825, 0.04106259346008301, -1.174072265625], [0.0, 0.0, 0.0, 1.0]], [[0.01955610141158104, -0.9993934035301208, -0.02881370671093464, 0.0068359375], [0.026148919016122818, 0.02932061441242695, -0.9992279410362244, 1.4862213134765625], [0.9994667172431946, 0.018787605687975883, 0.026706455275416374, -1.50653076171875], [0.0, 0.0, 0.0, 1.0]], [[-0.8398124575614929, -0.5413951277732849, -0.04007947817444801, 0.9432373046875], [0.03423897176980972, 0.02085895650088787, -0.99919593334198, 1.49908447265625], [0.5417959094047546, -0.8405094742774963, 0.0010191976325586438, -1.18505859375], [0.0, 0.0, 0.0, 1.0]], [[0.9477542638778687, 0.3183673322200775, 0.020101919770240784, -1.1483154296875], [0.008993842639029026, 0.0363224633038044, -0.9992996454238892, 1.5620155334472656], [-0.3188745379447937, 0.9472712278366089, 0.03156142309308052, -0.1541748046875], [0.0, 0.0, 0.0, 1.0]], [[0.006474197842180729, 0.9995654821395874, 0.028754036873579025, -0.0274658203125], [0.011015323922038078, 0.02868160605430