[{"images": ["samples/CAM_FRONT_LEFT/n015-2018-11-14-19-09-14+0800__CAM_FRONT_LEFT__1542194180354844.jpg", "samples/CAM_FRONT/n015-2018-11-14-19-09-14+0800__CAM_FRONT__1542194180362460.jpg", "samples/CAM_FRONT_RIGHT/n015-2018-11-14-19-09-14+0800__CAM_FRONT_RIGHT__1542194180370339.jpg", "samples/CAM_BACK_LEFT/n015-2018-11-14-19-09-14+0800__CAM_BACK_LEFT__1542194180397423.jpg", "samples/CAM_BACK/n015-2018-11-14-19-09-14+0800__CAM_BACK__1542194180387525.jpg", "samples/CAM_BACK_RIGHT/n015-2018-11-14-19-09-14+0800__CAM_BACK_RIGHT__1542194180377893.jpg"], "intrinsics": [[[1272.5979470598488, 0.0, 826.6154927353808], [0.0, 1272.5979470598488, 479.75165386361925], [0.0, 0.0, 1.0]], [[1266.417203046554, 0.0, 816.2670197447984], [0.0, 1266.417203046554, 491.50706579294757], [0.0, 0.0, 1.0]], [[1260.8474446004698, 0.0, 807.968244525554], [0.0, 1260.8474446004698, 495.3344268742088], [0.0, 0.0, 1.0]], [[1256.7414812095406, 0.0, 792.1125740759628], [0.0, 1256.7414812095406, 492.7757465151356], [0.0, 0.0, 1.0]], [[809.2209905677063, 0.0, 829.2196003259838], [0.0, 809.2209905677063, 481.77842384512485], [0.0, 0.0, 1.0]], [[1259.5137405846733, 0.0, 807.2529053838625], [0.0, 1259.5137405846733, 501.19579884916527], [0.0, 0.0, 1.0]]], "extrinsics": [[[0.8211343288421631, -0.5706577897071838, 0.009383128955960274, -0.955322265625], [-0.018491588532924652, -0.04303264245390892, -0.9989025592803955, 1.5080223083496094], [0.5704352855682373, 0.8200596570968628, -0.04588795080780983, -1.2733154296875], [0.0, 0.0, 0.0, 1.0]], [[0.006674136035144329, -0.9988758563995361, 0.046930473297834396, 0.004791259765625], [-0.023781398311257362, -0.04707679525017738, -0.9986081719398499, 1.5202865600585938], [0.9996949434280396, 0.005548814777284861, -0.024068860337138176, -1.6826171875], [0.0, 0.0, 0.0, 1.0]], [[-0.8324097990989685, -0.5532549619674683, 0.03166835382580757, 1.025634765625], [-0.01817106269299984, -0.029865477234125137, -0.9993886947631836, 1.5034980773925781], [0.5538625717163086, -0.8324764370918274, 0.014807086437940598, -1.24462890625], [0.0, 0.0, 0.0, 1.0]], [[0.9473424553871155, 0.31897538900375366, -0.028230205178260803, -1.14208984375], [-0.009479274973273277, -0.060185328125953674, -0.9981421828269958, 1.5885543823242188], [-0.3200818598270416, 0.9458500742912292, -0.053992461413145065, -0.10382080078125], [0.0, 0.0, 0.0, 1.0]], [[0.0013355064438655972, 0.9987357258796692, -0.05025157332420349, 0.002899169921875], [-0.03489989414811134, -0.05017445981502533, -0.9981305599212646, 1.5792388916015625], [-0.9993898868560791, 0.003086804412305355, 0.03478875756263733, -0.0009765625], [0.0, 0.0, 0.0, 1.0]], [[-0.9351717233657837, 0.3540472388267517, -0.010215339250862598, 1.131103515625], [-0.0022814839612692595, -0.03486167639493942, -0.9993895888328552, 1.5514278411865234], [-0.3541873097419739, -0.9345776438713074, 0.03340940549969673, -0.06591796875], [0.0, 0.0, 0.0, 1.0]]], "view": [[0.0, -2.0, 100.0], [-2.0, 0.0, 100.0], [0.0, 0.0, 1.0]], "bev": "bev_59d18c9289aa4932a61f9bd41dcf453d.png", "aux": "aux_59d18c9289aa4932a61f9bd41dcf453d.npz", "visibility": "visibility_59d18c9289aa4932a61f9bd41dcf453d.png", "pose": [[0.4785250127315521, -0.8780739307403564, 0.0, 779.8657836914062], [0.8780739307403564, 0.4785250127315521, 0.0, 2337.265380859375], [0.0, 0.0, 1.0, 0.0], [0.0, 0.0, 0.0, 1.0]], "pose_inverse": [[0.4785250127315521, 0.8780739307403564, 0.0, -2425.47705078125], [-0.8780739307403564, 0.4785250127315521, 0.0, -433.66009521484375], [0.0, 0.0, 1.0, 0.0], [0.0, 0.0, 0.0, 1.0]], "cam_ids": [0, 1, 2, 3, 4, 5], "cam_channels": ["CAM_FRONT_LEFT", "CAM_FRONT", "CAM_FRONT_RIGHT", "CAM_BACK_LEFT", "CAM_BACK", "CAM_BACK_RIGHT"], "token": "59d18c9289aa4932a61f9bd41dcf453d", "scene": "scene-1023"}, {"images": ["samples/CAM_FRONT_LEFT/n015-2018-11-14-19-09-14+0800__CAM_FRONT_LEFT__1542194180854844.jpg", "samples/CAM_FRONT/n015-2018-11-14-19-09-14+0800__CAM_FRONT__1542194180862460.jpg", "samples/CAM_FRONT_RIGHT/n015-2018-11-14-19-09-14+0800__CAM_FRONT_RIGHT__1542194180870339.jpg", "samples/CAM_BACK_LEFT/n015-2018-11-14-19-09-14+0800__CAM_BACK_LEFT__1542194180897423.jpg", "samples/CAM_BACK/n015-2018-11-14-19-09-14+0800__CAM_BACK__1542194180887525.jpg", "samples/CAM_BACK_RIGHT/n015-2018-11-14-19-09-14+0800__CAM_BACK_RIGHT__1542194180877893.jpg"], "intrinsics": [[[1272.5979470598488, 0.0, 826.6154927353808], [0.0, 1272.5979470598488, 479.75165386361925], [0.0, 0.0, 1.0]], [[1266.417203046554, 0.0, 816.2670197447984], [0.0, 1266.417203046554, 491.50706579294757], [0.0, 0.0, 1.0]], [[1260.8474446004698, 0.0, 807.968244525554], [0.0, 1260.8474446004698, 495.3344268742088], [0.0, 0.0, 1.0]], [[1256.7414812095406, 0.0, 792.1125740759628], [0.0, 1256.7414812095406, 492.7757465151356], [0.0, 0.0, 1.0]], [[809.2209905677063, 0.0, 829.2196003259838], [0.0, 809.2209905677063, 481.77842384512485], [0.0, 0.0, 1.0]], [[1259.5137405846733, 0.0, 807.2529053838625], [0.0, 1259.5137405846733, 501.19579884916527], [0.0, 0.0, 1.0]]], "extrinsics": [[[0.8210987448692322, -0.5707101821899414, 0.009309085085988045, -0.9600830078125], [-0.01853897050023079, -0.04296614229679108, -0.9989045262336731, 1.5081253051757812], [0.5704849362373352, 0.820026695728302, -0.04585982486605644, -1.276611328125], [0.0, 0.0, 0.0, 1.0]], [[0.0066220457665622234, -0.9988787770271301, 0.04687463119626045, 0.0050048828125], [-0.023824701085686684, -0.04701995477080345, -0.9986097812652588, 1.5203933715820312], [0.9996941685676575, 0.005496027413755655, -0.024109356105327606, -1.68701171875], [0.0, 0.0, 0.0, 1.0]], [[-0.8324323892593384, -0.5532205104827881, 0.03167666122317314, 1.028564453125], [-0.018215730786323547, -0.02981444075703621, -0.9993894100189209, 1.5035629272460938], [0.553827166557312, -0.8325011730194092, 0.01474118884652853, -1.24652099609375], [0.0, 0.0, 0.0, 1.0]], [[0.9473457336425781, 0.318963885307312, -0.028251782059669495, -1.141845703125], [-0.00952234584838152, -0.06012727692723274, -0.9981452822685242, 1.5885505676269531], [-0.3200709819793701, 0.9458577632904053, -0.053924039006233215, -0.10369873046875], [0.0, 0.0, 0.0, 1.0]], [[0.0013522939989343286, 0.9987382292747498, -0.050201937556266785, 0.00286865234375], [-0.034949347376823425, -0.05012410879135132, -0.9981313347816467, 1.5792922973632812], [-0.9993881583213806, 0.0031043142080307007, 0.03483745828270912, 0.000244140625], [0.0, 0.0, 0.0, 1.0]], [[-0.9351608753204346, 0.3540777862071991, -0.010146478191018105, 1.133544921875], [-0.0023359409533441067, -0.03480812534689903, -0.9993913173675537, 1.5514354705810547], [-0.35421544313430786, -0.9345680475234985, 0.03337830305099487, -0.0648193359375], [0.0, 0.0, 0.0, 1.0]]], "view": [[0.0, -2.0, 100.0], [-2.0, 0.0, 100.0], [0.0, 0.0, 1.0]], "bev": "bev_cc3b9c9f66374d75bc0e8f5f27befced.png", "aux": "aux_cc3b9c9f66374d75bc0e8f5f27befced.npz", "visibility": "visibility_cc3b9c9f66374d75bc0e8f5f27befced.png", "pose": [[0.4769298732280731, -0.8789413571357727, 0.0, 779.9147338867188], [0.8789413571357727, 0.4769298732280731, 0.0, 2337.35888671875], [0.0, 0.0, 1.0, 0.0], [0.0, 0.0, 0.0, 1.0]], "pose_inverse": [[0.4769298732280731, 0.8789413571357727, 0.0, -2426.365966796875], [-0.8789413571357727, 0.4769298732280731, 0.0, -429.2569580078125], [0.0, 0.0, 1.0, 0.0], [0.0, 0.0, 0.0, 1.0]], "cam_ids": [0, 1, 2, 3, 4, 5], "cam_channels": ["CAM_FRONT_LEFT", "CAM_FRONT", "CAM_FRONT_RIGHT", "CAM_BACK_LEFT", "CAM_BACK", "CAM_BACK_RIGHT"], "token": "cc3b9c9f66374d75bc0e8f5f27befced", "scene": "scene-1023"}, {"images": ["samples/CAM_FRONT_LEFT/n015-2018-11-14-19-09-14+0800__CAM_FRONT_LEFT__1542194181354844.jpg", "samples/CAM_FRONT/n015-2018-11-14-19-09-14+0800__CAM_FRONT__1542194181362460.jpg", "samples/CAM_FRONT_RIGHT/n015-2018-11-14-19-09-14+0800__CAM_FRONT_RIGHT__1542194181370339.jpg", "samples/CAM_BACK_LEFT/n015-2018-11-14-19-09-14+0800__CAM_BACK_LEFT__1542194181397423.jpg", "samples/CAM_BACK/n015-2018-11-14-19-09-14+0800__CAM_BACK__1542194181387525.jpg", "samples/CAM_BACK_RIGHT/n015-2018-11-14-19-09-14+0800__CAM_BACK_RIGHT__1542194181377893.jpg"], "intrinsics": [[[1272.5979470598488, 0.0, 826.6154927353808], [0.0, 1272.5979470598488, 479.75165386361925], [0.0, 0.0, 1.0]], [[1266.417203046554, 0.0, 816.2670197447984], [0.0, 1266.417203046554, 491.50706579294757], [0.0, 0.0, 1.0]], [[1260.8474446004698, 0.0, 807.968244525554], [0.0, 1260.8474446004698, 495.3344268742088], [0.0, 0.0, 1.0]], [[1256.7414812095406, 0.0, 792.1125740759628], [0.0, 1256.7414812095406, 492.7757465151356], [0.0, 0.0, 1.0]], [[809.2209905677063, 0.0, 829.2196003259838], [0.0, 809.2209905677063, 481.77842384512485], [0.0, 0.0, 1.0]], [[1259.5137405846733, 0.0, 807.2529053838625], [0.0, 1259.5137405846733, 501.19579884916527], [0.0, 0.0, 1.0]]], "extrinsics": [[[0.8211718201637268, -0.5706042051315308, 0.009364299476146698, -0.9654541015625], [-0.018376553431153297, -0.042839545756578445, -0.9989129304885864, 1.5082588195800781], [0.5703850984573364, 0.8201070427894592, -0.04566437378525734, -1.280517578125], [0.0, 0.0, 0.0, 1.0]], [[0.006722909398376942, -0.9988844394683838, 0.046739913523197174, 0.00506591796875], [-0.023654986172914505, -0.046886757016181946, -0.9986200928688049, 1.5205459594726562], [0.9996975660324097, 0.005607976578176022, -0.023943811655044556, -1.69287109375], [0.0, 0.0, 0.0, 1.0]], [[-0.8323910236358643, -0.5532957315444946, 0.03144669532775879, 1.032470703125], [-0.018028711900115013, -0.02967814728617668, -0.9993969202041626, 1.5036430358886719], [0.5538953542709351, -0.8324559330940247, 0.014728615991771221, -1.2490234375], [0.0, 0.0, 0.0, 1.0]], [[0.9473521709442139, 0.31897303462028503, -0.027929238975048065, -1.14208984375], [-0.009235762059688568, -0.05996827408671379, -0.9981575012207031, 1.5885543823242188], [-0.32006019353866577, 0.9458646178245544, -0.05386511981487274, -0.103668212890625], [0.0, 0.0, 0.0, 1.0]], [[0.0013320385478436947, 0.9987450838088989, -0.050064560025930405, 0.002899169921875], [-0.0346941202878952, -0.04998830705881119, -0.9981470704078674, 1.5793609619140625], [-0.9993970990180969, 0.003066498786211014, 0.03458399698138237, 0.001953125], [0.0, 0.0, 0.0, 1.0]], [[-0.9351807832717896, 0.3540210723876953, -0.010294842533767223, 1.13623046875], [-0.0021237567998468876, -0.03467229753732681, -0.9993965029716492, 1.5514469146728516], [-0.3541644513607025, -0.934594452381134, 0.033176716417074203, -0.0635986328125], [0.0, 0.0, 0.0, 1.0]]], "view": [[0.0, -2.0, 100.0], [-2.0, 0.0, 100.0], [0.0, 0.0, 1.0]], "bev": "bev_e79f9ad74f0c442fbf74227b96da9316.png", "aux": "aux_e79f9ad74f0c442fbf74227b96da9316.npz", "visibility": "visibility_e79f9ad74f0c442fbf74227b96da9316.png", "pose": [[0.47651901841163635, -0.8791641592979431, 0.0, 779.92236328125], [0.8791641592979431, 0.47651901841163635, 0.0, 2337.375], [0.0, 0.0, 1.0, 0.0], [0.0, 0.0, 0.0, 1.0]], "pose_inverse": [[0.47651901841163635, 0.8791641592979431, 0.0, -2426.584228515625], [-0.8791641592979431, 0.47651901841163635, 0.0, -428.12384033203125], [0.0, 0.0, 1.0, 0.0], [0.0, 0.0, 0.0, 1.0]], "cam_ids": [0, 1, 2, 3, 4, 5], "cam_channels": ["CAM_FRONT_LEFT", "CAM_FRONT", "CAM_FRONT_RIGHT", "CAM_BACK_LEFT", "CAM_BACK", "CAM_BACK_RIGHT"], "token": "e79f9ad74f0c442fbf74227b96da9316", "scene": "scene-1023"}, {"images": ["samples/CAM_FRONT_LEFT/n015-2018-11-14-19-09-14+0800__CAM_FRONT_LEFT__1542194181854844.jpg", "samples/CAM_FRONT/n015-2018-11-14-19-09-14+0800__CAM_FRONT__1542194181862460.jpg", "samples/CAM_FRONT_RIGHT/n015-2018-11-14-19-09-14+0800__CAM_FRONT_RIGHT__1542194181870339.jpg", "samples/CAM_BACK_LEFT/n015-2018-11-14-19-09-14+0800__CAM_BACK_LEFT__1542194181897423.jpg", "samples/CAM_BACK/n015-2018-11-14-19-09-14+0800__CAM_BACK__1542194181887525.jpg", "samples/CAM_BACK_RIGHT/n015-2018-11-14-19-09-14+0800__CAM_BACK_RIGHT__1542194181877893.jpg"], "intrinsics": [[[1272.5979470598488, 0.0, 826.6154927353808], [0.0, 1272.5979470598488, 479.75165386361925], [0.0, 0.0, 1.0]], [[1266.417203046554, 0.0, 816.2670197447984], [0.0, 1266.417203046554, 491.50706579294757], [0.0, 0.0, 1.0]], [[1260.8474446004698, 0.0, 807.968244525554], [0.0, 1260.8474446004698, 495.3344268742088], [0.0, 0.0, 1.0]], [[1256.7414812095406, 0.0, 792.1125740759628], [0.0, 1256.7414812095406, 492.7757465151356], [0.0, 0.0, 1.0]], [[809.2209905677063, 0.0, 829.2196003259838], [0.0, 809.2209905677063, 481.77842384512485], [0.0, 0.0, 1.0]], [[1259.5137405846733, 0.0, 807.2529053838625], [0.0, 1259.5137405846733, 501.19579884916527], [0.0, 0.0, 1.0]]], "extrinsics": [[[0.8211286664009094, -0.5706645846366882, 0.009471208788454533, -0.96533203125], [-0.018119771033525467, -0.042651500552892685, -0.9989256858825684, 1.5082588195800781], [0.5704554319381714, 0.8200749158859253, -0.0453626811504364, -1.2803955078125], [0.0, 0.0, 0.0, 1.0]], [[0.006650691386312246, -0.9988933205604553, 0.046561650931835175, 0.005126953125], [-0.023404406383633614, -0.04670541733503342, -0.9986344575881958, 1.520538330078125], [0.9997039437294006, 0.005551829468458891, -0.02368912473320961, -1.692626953125], [0.0, 0.0, 0.0, 1.0]], [[-0.8324251770973206, -0.5532612204551697, 0.031148916110396385, 1.032470703125], [-0.017789896577596664, -0.02950083278119564, -0.9994063973426819, 1.5036468505859375], [0.5538517832756042, -0.8324851989746094, 0.014714776538312435, -1.24871826171875], [0.0, 0.0, 0.0, 1.0]], [[0.9473587274551392, 0.31897005438804626, -0.02773888222873211, -1.142333984375], [-0.00908874161541462, -0.05981055274605751, -0.9981683492660522, 1.5885581970214844], [-0.3200449049472809, 0.9458757042884827, -0.0537630096077919, -0.103759765625], [0.0, 0.0, 0.0, 1.0]], [[0.0013613951159641147, 0.9987540245056152, -0.04988551884889603, 0.00286865234375], [-0.03451162576675415, -0.04980892315506935, -0.9981623291969299, 1.5793685913085938], [-0.9994034171104431, 0.003080527065321803, 0.0344008170068264, 0.001708984375], [0.0, 0.0, 0.0, 1.0]], [[-0.9351658821105957, 0.354056179523468, -0.010440154932439327, 1.13623046875], [-0.0019014091230928898, -0.03449187055230141, -0.999403178691864, 1.5514545440673828], [-0.3542049527168274, -0.9345878958702087, 0.03292882815003395, -0.063720703125], [0.0, 0.0, 0.0, 1.0]]], "view": [[0.0, -2.0, 100.0], [-2.0, 0.0, 100.0], [0.0, 0.0, 1.0]], "bev": "bev_b3ee179aed044a3b9d97faaaa14140e0.png", "aux": "aux_b3ee179aed044a3b9d97faaaa14140e0.npz", "visibility": "visibility_b3ee179aed044a3b9d97faaaa14140e0.png", "pose": [[0.4762048125267029, -0.8793343901634216, 0.0, 779.9192504882812], [0.8793343901634216, 0.4762048125267029, 0.0, 2337.370849609375], [0.0, 0.0, 1.0, 0.0], [0.0, 0.0, 0.0, 1.0]], "pose_inverse": [[0.4762048125267029, 0.8793343901634216, 0.0, -2426.73193359375], [-0.8793343901634216, 0.4762048125267029, 0.0, -427.2574462890625], [0.0, 0.0, 1.0, 0.0], [0.0, 0.0, 0.0, 1.0]], "cam_ids": [0, 1, 2, 3, 4, 5], "cam_channels": ["CAM_FRONT_LEFT", "CAM_FRONT", "CAM_FRONT_RIGHT", "CAM_BACK_LEFT", "CAM_BACK", "CAM_BACK_RIGHT"], "token": "b3ee179aed044a3b9d97faaaa14140e0", "scene": "scene-1023"}, {"images": ["samples/CAM_FRONT_LEFT/n015-2018-11-14-19-09-14+0800__CAM_FRONT_LEFT__1542194182354844.jpg", "samples/CAM_FRONT/n015-2018-11-14-19-09-14+0800__CAM_FRONT__1542194182362487.jpg", "samples/CAM_FRONT_RIGHT/n015-2018-11-14-19-09-14+0800__CAM_FRONT_RIGHT__1542194182370339.jpg", "samples/CAM_BACK_LEFT/n015-2018-11-14-19-09-14+0800__CAM_BACK_LEFT__1542194182397423.jpg", "samples/CAM_BACK/n015-2018-11-14-19-09-14+0800__CAM_BACK__1542194182387525.jpg", "samples/CAM_BACK_RIGHT/n015-2018-11-14-19-09-14+0800__CAM_BACK_RIGHT__1542194182377893.jpg"], "intrinsics": [[[1272.5979470598488, 0.0, 826.6154927353808], [0.0, 1272.5979470598488, 479.75165386361925], [0.0, 0.0, 1.0]], [[1266.417203046554, 0.0, 816.2670197447984], [0.0, 1266.417203046554, 491.50706579294757], [0.0, 0.0, 1.0]], [[1260.8474446004698, 0.0, 807.968244525554], [0.0, 1260.8474446004698, 495.3344268742088], [0.0, 0.0, 1.0]], [[1256.7414812095406, 0.0, 792.1125740759628], [0.0, 1256.7414812095406, 492.7757465151356], [0.0, 0.0, 1.0]], [[809.2209905677063, 0.0, 829.2196003259838], [0.0, 809.2209905677063, 481.77842384512485], [0.0, 0.0, 1.0]], [[1259.5137405846733, 0.0, 807.2529053838625], [0.0, 1259.5137405846733, 501.19579884916527], [0.0, 0.0, 1.0]]], "extrinsics": [[[0.8211595416069031, -0.5706201195716858, 0.009470507502555847, -0.9649658203125], [-0.018095126375555992, -0.042619142681360245, -0.9989274740219116, 1.5082511901855469], [0.570411741733551, 0.8201075792312622, -0.045322563499212265, -1.2802734375], [0.0, 0.0, 0.0, 1.0]], [[0.006692276801913977, -0.9988950490951538, 0.04651918634772301, 0.005035400390625], [-0.02338930033147335, -0.04666386544704437, -0.998636782169342, 1.5205307006835938], [0.9997040033340454, 0.0055950358510017395, -0.023675739765167236, -1.6923828125], [0.0, 0.0, 0.0, 1.0]], [[-0.8324081301689148, -0.5532887578010559, 0.031116217374801636, 1.0322265625], [-0.017782039940357208, -0.02945275790989399, -0.999407947063446, 1.5036430358886719], [0.553877592086792, -0.8324686288833618, 0.014678114093840122, -1.24884033203125], [0.0, 0.0, 0.0, 1.0]], [[0.9473592638969421, 0.3189719617366791, -0.02770206332206726, -1.1416015625], [-0.009064750745892525, -0.05976647883653641, -0.9981712102890015, 1.5885581970214844], [-0.32004424929618835, 0.9458778500556946, -0.053728923201560974, -0.103729248046875], [0.0, 0.0, 0.0, 1.0]], [[0.0013511377619579434, 0.9987562894821167, -0.049839917570352554, 0.00286865234375], [-0.03449474275112152, -0.0497637540102005, -0.9981651902198792, 1.5793609619140625], [-0.9994039535522461, 0.0030678221955895424, 0.03438460826873779, 0.002197265625], [0.0, 0.0, 0.0, 1.0]], [[-0.9351736307144165, 0.35403603315353394, -0.010432904586195946, 1.136474609375], [-0.00188970856834203, -0.03444255143404007, -0.9994049072265625, 1.5514450073242188], [-0.35418465733528137, -0.934597373008728, 0.03287879005074501, -0.063720703125], [0.0, 0.0, 0.0, 1.0]]], "view": [[0.0, -2.0, 100.0], [-2.0, 0.0, 100.0], [0.0, 0.0, 1.0]], "bev": "bev_833c0bdfcfb944569df2c2bba02d3a85.png", "aux": "aux_833c0bdfcfb944569df2c2bba02d3a85.npz", "visibility": "visibility_833c0bdfcfb944569df2c2bba02d3a85.png", "pose": [[0.47612449526786804, -0.8793779015541077, 0.0, 779.9183959960938], [0.8793779015541077, 0.47612449526786804, 0.0, 2337.370849609375], [0.0, 0.0, 1.0, 0.0], [0.0, 0.0, 0.0, 1.0]], "pose_inverse": [[0.47612449526786804, 0.8793779015541077, 0.0, -2426.7705078125], [-0.8793779015541077, 0.47612449526786804, 0.0, -427.0365295410156], [0.0, 0.0, 1.0, 0.0], [0.0, 0.0, 0.0, 1.0]], "cam_ids": [0, 1, 2, 3, 4, 5], "cam_channels": ["CAM_FRONT_LEFT", "CAM_FRONT", "CAM_FRONT_RIGHT", "CAM_BACK_LEFT", "CAM_BACK", "CAM_BACK_RIGHT"], "token": "833c0bdfcfb944569df2c2bba02d3a85", "scene": "scene-1023"}, {"images": ["samples/CAM_FRONT_LEFT/n015-2018-11-14-19-09-14+0800__CAM_FRONT_LEFT__1542194182854844.jpg", "samples/CAM_FRONT/n015-2018-11-14-19-09-14+0800__CAM_FRONT__1542194182862460.jpg", "samples/CAM_FRONT_RIGHT/n015-2018-11-14-19-09-14+0800__CAM_FRONT_RIGHT__1542194182870339.jpg", "samples/CAM_BACK_LEFT/n015-2018-11-14-19-09-14+0800__CAM_BACK_LEFT__1542194182897423.jpg", "samples/CAM_BACK/n015-2018-11-14-19-09-14+0800__CAM_BACK__1542194182887525.jpg", "samples/CAM_BACK_RIGHT/n015-2018-11-14-19-09-14+0800__CAM_BACK_RIGHT__1542194182877893.jpg"], "intrinsics": [[[1272.5979470598488, 0.0, 826.6154927353808], [0.0, 1272.5979470598488, 479.75165386361925], [0.0, 0.0, 1.0]], [[1266.417203046554, 0.0, 816.2670197447984], [0.0, 1266.417203046554, 491.50706579294757], [0.0, 0.0, 1.0]], [[1260.8474446004698, 0.0, 807.968244525554], [0.0, 1260.8474446004698, 495.3344268742088], [0.0, 0.0, 1.0]], [[1256.7414812095406, 0.0, 792.1125740759628], [0.0, 1256.7414812095406, 492.7757465151356], [0.0, 0.0, 1.0]], [[809.2209905677063, 0.0, 829.2196003259838], [0.0, 809.2209905677063, 481.77842384512485], [0.0, 0.0, 1.0]], [[1259.5137405846733, 0.0, 807.2529053838625], [0.0, 1259.5137405846733, 501.19579884916527], [0.0, 0.0, 1.0]]], "extrinsics": [[[0.8211581110954285, -0.5706218481063843, 0.009487763047218323, -0.965087890625], [-0.018083864822983742, -0.04263295978307724, -0.998927116394043, 1.5082511901855469], [0.5704140663146973, 0.8201055526733398, -0.04532745108008385, -1.2802734375], [0.0, 0.0, 0.0, 1.0]], [[0.00669090123847127, -0.9988940358161926, 0.04653824865818024, 0.004974365234375], [-0.023369958624243736, -0.04668278247117996, -0.9986363649368286, 1.5205307006835938], [0.9997044205665588, 0.005594175308942795, -0.023656461387872696, -1.6923828125], [0.0, 0.0, 0.0, 1.0]], [[-0.832408607006073, -0.5532885789871216, 0.031105291098356247, 1.0322265625], [-0.017753954976797104, -0.02947526052594185, -0.9994077682495117, 1.5036392211914062], [0.5538777709007263, -0.8324679732322693, 0.014712403528392315, -1.2489013671875], [0.0, 0.0, 0.0, 1.0]], [[0.9473597407341003, 0.31897324323654175, -0.02766982838511467, -1.14208984375], [-0.00902313832193613, -0.05978884920477867, -0.9981701970100403, 1.5885543823242188], [-0.3200439512729645, 0.9458759427070618, -0.053763408213853836, -0.103729248046875], [0.0, 0.0, 0.0, 1.0]], [[0.0013521587243303657, 0.998755931854248, -0.04984753206372261, 0.0029296875], [-0.0344572439789772, -0.04977143928408623, -0.9981660842895508, 1.5793609619140625], [-0.9994052648544312, 0.003067258046939969, 0.03434707969427109, 0.001953125], [0.0, 0.0, 0.0, 1.0]], [[-0.935173511505127, 0.3540348708629608, -0.01047499943524599, 1.136474609375], [-0.0018538510194048285, -0.03446674719452858, -0.9994041323661804, 1.5514507293701172], [-0.35418501496315, -0.9345968961715698, 0.03288872167468071, -0.0635986328125], [0.0, 0.0, 0.0, 1.0]]], "view": [[0.0, -2.0, 100.0], [-2.0, 0.0, 100.0], [0.0, 0.0, 1.0]], "bev": "bev_c5d61d6df6884797a2759a765e87bbdb.png", "aux": "aux_c5d61d6df6884797a2759a765e87bbdb.npz", "visibility": "visibility_c5d61d6df6884797a2759a765e87bbdb.png", "pose": [[0.47599661350250244, -0.8794471025466919, 0.0, 779.9178466796875], [0.8794471025466919, 0.47599661350250244, 0.0, 2337.37109375], [0.0, 0.0, 1.0, 0.0], [0.0, 0.0, 0.0, 1.0]], "pose_inverse": [[0.47599661350250244, 0.8794471025466919, 0.0, -2426.83251953125], [-0.8794471025466919, 0.47599661350250244, 0.0, -426.6842041015625], [0.0, 0.0, 1.0, 0.0], [0.0, 0.0, 0.0, 1.0]], "cam_ids": [0, 1, 2, 3, 4, 5], "cam_channels": ["CAM_FRONT_LEFT", "CAM_FRONT", "CAM_FRONT_RIGHT", "CAM_BACK_LEFT", "CAM_BACK", "CAM_BACK_RIGHT"], "token": "c5d61d6df6884797a2759a765e87bbdb", "scene": "scene-1023"}, {"images": ["samples/CAM_FRONT_LEFT/n015-2018-11-14-19-09-14+0800__CAM_FRONT_LEFT__1542194183354844.jpg", "samples/CAM_FRONT/n015-2018-11-14-19-09-14+0800__CAM_FRONT__1542194183362460.jpg", "samples/CAM_FRONT_RIGHT/n015-2018-11-14-19-09-14+0800__CAM_FRONT_RIGHT__1542194183370339.jpg", "samples/CAM_BACK_LEFT/n015-2018-11-14-19-09-14+0800__CAM_BACK_LEFT__1542194183397423.jpg", "samples/CAM_BACK/n015-2018-11-14-19-09-14+0800__CAM_BACK__1542194183387525.jpg", "samples/CAM_BACK_RIGHT/n015-2018-11-14-19-09-14+0800__CAM_BACK_RIGHT__1542194183377894.jpg"], "intrinsics": [[[1272.5979470598488, 0.0, 826.6154927353808], [0.0, 1272.5979470598488, 479.75165386361925], [0.0, 0.0, 1.0]], [[1266.417203046554, 0.0, 816.2670197447984], [0.0, 1266.417203046554, 491.50706579294757], [0.0, 0.0, 1.0]], [[1260.8474446004698, 0.0, 807.968244525554], [0.0, 1260.8474446004698, 495.3344268742088], [0.0, 0.0, 1.0]], [[1256.7414812095406, 0.0, 792.1125740759628], [0.0, 1256.7414812095406, 492.7757465151356], [0.0, 0.0, 1.0]], [[809.2209905677063, 0.0, 829.2196003259838], [0.0, 809.2209905677063, 481.77842384512485], [0.0, 0.0, 1.0]], [[1259.5137405846733, 0.0, 807.2529053838625], [0.0, 1259.5137405846733, 501.19579884916527], [0.0, 0.0, 1.0]]], "extrinsics": [[[0.8211544156074524, -0.5706283450126648, 0.009421500377357006, -0.965087890625], [-0.018062204122543335, -0.04248529672622681, -0.9989337921142578, 1.5082511901855469], [0.5704202055931091, 0.8201087117195129, -0.04519379138946533, -1.2803955078125], [0.0, 0.0, 0.0, 1.0]], [[0.006684641353785992, -0.998900830745697, 0.04639411345124245, 0.005035400390625], [-0.023359477519989014, -0.04653847962617874, -0.9986433386802673, 1.5205307006835938], [0.9997047781944275, 0.00559191033244133, -0.02364489436149597, -1.6923828125], [0.0, 0.0, 0.0, 1.0]], [[-0.8324114680290222, -0.553288459777832, 0.031031960621476173, 1.0322265625], [-0.01775953359901905, -0.029334552586078644, -0.9994118213653564, 1.5036430358886719], [0.5538733005523682, -0.8324730396270752, 0.014592280611395836, -1.2486572265625], [0.0, 0.0, 0.0, 1.0]], [[0.9473595023155212, 0.31897544860839844, -0.02765239216387272, -1.14208984375], [-0.009050182066857815, -0.05965423211455345, -0.9981780648231506, 1.5885505676269531], [-0.3200438916683197, 0.9458837509155273, -0.05362721532583237, -0.10369873046875], [0.0, 0.0, 0.0, 1.0]], [[0.0013555610785260797, 0.9987616539001465, -0.04973434656858444, 0.002777099609375], [-0.03447313234210014, -0.0496581606566906, -0.9981711506843567, 1.5793533325195312], [-0.9994047284126282, 0.0030676149763166904, 0.034363117069005966, 0.001708984375], [0.0, 0.0, 0.0, 1.0]], [[-0.9351719617843628, 0.3540412187576294, -0.010407726280391216, 1.135986328125], [-0.001876126741990447, -0.034335192292928696, -0.9994086623191833, 1.5514564514160156], [-0.3541892170906067, -0.9345993995666504, 0.03277353569865227, -0.063720703125], [0.0, 0.0, 0.0, 1.0]]], "view": [[0.0, -2.0, 100.0], [-2.0, 0.0, 100.0], [0.0, 0.0, 1.0]], "bev": "bev_630d2384ca3d4e698ca3060a703e9184.png", "aux": "aux_630d2384ca3d4e698ca3060a703e9184.npz", "visibility": "visibility_630d2384ca3d4e698ca3060a703e9184.png", "pose": [[0.47595998644828796, -0.8794669508934021, 0.0, 779.9174194335938], [0.8794669508934021, 0.47595998644828796, 0.0, 2337.371337890625], [0.0, 0.0, 1.0, 0.0], [0.0, 0.0, 0.0, 1.0]], "pose_inverse": [[0.47595998644828796, 0.8794669508934021, 0.0, -2426.850341796875], [-0.8794669508934021, 0.47595998644828796, 0.0, -426.58367919921875], [0.0, 0.0, 1.0, 0.0], [0.0, 0.0, 0.0, 1.0]], "cam_ids": [0, 1, 2, 3, 4, 5], "cam_channels": ["CAM_FRONT_LEFT", "CAM_FRONT", "CAM_FRONT_RIGHT", "CAM_BACK_LEFT", "CAM_BACK", "CAM_BACK_RIGHT"], "token": "630d2384ca3d4e698ca3060a703e9184", "scene": "scene-1023"}, {"images": ["samples/CAM_FRONT_LEFT/n015-2018-11-14-19-09-14+0800__CAM_FRONT_LEFT__1542194183854844.jpg", "samples/CAM_FRONT/n015-2018-11-14-19-09-14+0800__CAM_FRONT__1542194183862460.jpg", "samples/CAM_FRONT_RIGHT/n015-2018-11-14-19-09-14+0800__CAM_FRONT_RIGHT__1542194183870339.jpg", "samples/CAM_BACK_LEFT/n015-2018-11-14-19-09-14+0800__CAM_BACK_LEFT__1542194183897423.jpg", "samples/CAM_BACK/n015-2018-11-14-19-09-14+0800__CAM_BACK__1542194183887525.jpg", "samples/CAM_BACK_RIGHT/n015-2018-11-14-19-09-14+0800__CAM_BACK_RIGHT__1542194183877893.jpg"], "intrinsics": [[[1272.5979470598488, 0.0, 826.6154927353808], [0.0, 1272.5979470598488, 479.75165386361925], [0.0, 0.0, 1.0]], [[1266.417203046554, 0.0, 816.2670197447984], [0.0, 1266.417203046554, 491.50706579294757], [0.0, 0.0, 1.0]], [[1260.8474446004698, 0.0, 807.968244525554], [0.0, 1260.8474446004698, 495.3344268742088], [0.0, 0.0, 1.0]], [[1256.7414812095406, 0.0, 792.1125740759628], [0.0, 1256.7414812095406, 492.7757465151356], [0.0, 0.0, 1.0]], [[809.2209905677063, 0.0, 829.2196003259838], [0.0, 809.2209905677063, 481.77842384512485], [0.0, 0.0, 1.0]], [[1259.5137405846733, 0.0, 807.2529053838625], [0.0, 1259.5137405846733, 501.19579884916527], [0.0, 0.0, 1.0]]], "extrinsics": [[[0.8211679458618164, -0.5706074237823486, 0.00950098317116499, -0.965087890625], [-0.018011391162872314, -0.04255327209830284, -0.9989318251609802, 1.5082511901855469], [0.570402204990387, 0.8201196789741516, -0.04522081837058067, -1.2803955078125], [0.0, 0.0, 0.0, 1.0]], [[0.006706445477902889, -0.9988973736763, 0.04646417871117592, 0.004974365234375], [-0.023296060040593147, -0.046608682721853256, -0.9986415505409241, 1.520538330078125], [0.9997060894966125, 0.005614911206066608, -0.023582955822348595, -1.692626953125], [0.0, 0.0, 0.0, 1.0]], [[-0.8324015736579895, -0.5533044934272766, 0.031010301783680916, 1.032470703125], [-0.01768348552286625, -0.029409261420369148, -0.9994109869003296, 1.5036430358886719], [0.5538905262947083, -0.8324596881866455, 0.014695964753627777, -1.2489013671875], [0.0, 0.0, 0.0, 1.0]], [[0.947356641292572, 0.31898757815361023, -0.02760893665254116, -1.142333984375], [-0.008970235474407673, -0.05975303053855896, -0.9981728196144104, 1.5885581970214844], [-0.32005447149276733, 0.9458734393119812, -0.05374603718519211, -0.10357666015625], [0.0, 0.0, 0.0, 1.0]], [[0.0013468117685988545, 0.9987571835517883, -0.0498230867087841, 0.00274658203125], [-0.034393589943647385, -0.049747392535209656, -0.998169481754303, 1.5793533325195312], [-0.9994074702262878, 0.0030579979065805674, 0.0342838391661644, 0.001953125], [0.0, 0.0, 0.0, 1.0]], [[-0.9351771473884583, 0.3540242314338684, -0.010514304041862488, 1.13623046875], [-0.0017906103748828173, -0.03441177308559418, -0.999406099319458, 1.5514545440673828], [-0.3541758060455322, -0.9346029162406921, 0.03281502053141594, -0.063720703125], [0.0, 0.0, 0.0, 1.0]]], "view": [[0.0, -2.0, 100.0], [-2.0, 0.0, 100.0], [0.0, 0.0, 1.0]], "bev": "bev_58c5c7f415204411b674d5bbd792a9c1.png", "aux": "aux_58c5c7f415204411b674d5bbd792a9c1.npz", "visibility": "visibility_58c5c7f415204411b674d5bbd792a9c1.png", "pose": [[0.4759187698364258, -0.8794892430305481, 0.0, 779.9169921875], [0.8794892430305481, 0.4759187698364258, 0.0, 2337.37158203125], [0.0, 0.0, 1.0, 0.0], [0.0, 0.0, 0.0, 1.0]], "pose_inverse": [[0.4759187698364258, 0.8794892430305481, 0.0, -2426.870361328125], [-0.8794892430305481, 0.4759187698364258, 0.0, -426.4703674316406], [0.0, 0.0, 1.0, 0.0], [0.0, 0.0, 0.0, 1.0]], "cam_ids": [0, 1, 2, 3, 4, 5], "cam_channels": ["CAM_FRONT_LEFT", "CAM_FRONT", "CAM_FRONT_RIGHT", "CAM_BACK_LEFT", "CAM_BACK", "CAM_BACK_RIGHT"], "token": "58c5c7f415204411b674d5bbd792a9c1", "scene": "scene-1023"}, {"images": ["samples/CAM_FRONT_LEFT/n015-2018-11-14-19-09-14+0800__CAM_FRONT_LEFT__1542194184354844.jpg", "samples/CAM_FRONT/n015-2018-11-14-19-09-14+0800__CAM_FRONT__1542194184362460.jpg", "samples/CAM_FRONT_RIGHT/n015-2018-11-14-19-09-14+0800__CAM_FRONT_RIGHT__1542194184370339.jpg", "samples/CAM_BACK_LEFT/n015-2018-11-14-19-09-14+0800__CAM_BACK_LEFT__1542194184397423.jpg", "samples/CAM_BACK/n015-2018-11-14-19-09-14+0800__CAM_BACK__1542194184387525.jpg", "samples/CAM_BACK_RIGHT/n015-2018-11-14-19-09-14+0800__CAM_BACK_RIGHT__1542194184377897.jpg"], "intrinsics": [[[1272.5979470598488, 0.0, 826.6154927353808], [0.0, 1272.5979470598488, 479.75165386361925], [0.0, 0.0, 1.0]], [[1266.417203046554, 0.0, 816.2670197447984], [0.0, 1266.417203046554, 491.50706579294757], [0.0, 0.0, 1.0]], [[1260.8474446004698, 0.0, 807.968244525554], [0.0, 1260.8474446004698, 495.3344268742088], [0.0, 0.0, 1.0]], [[1256.7414812095406, 0.0, 792.1125740759628], [0.0, 1256.7414812095406, 492.7757465151356], [0.0, 0.0, 1.0]], [[809.2209905677063, 0.0, 829.2196003259838], [0.0, 809.2209905677063, 481.77842384512485], [0.0, 0.0, 1.0]], [[1259.5137405846733, 0.0, 807.2529053838625], [0.0, 1259.5137405846733, 501.19579884916527], [0.0, 0.0, 1.0]]], "extrinsics": [[[0.8211619853973389, -0.5706151127815247, 0.00955799501389265, -0.9649658203125], [-0.017920784652233124, -0.04252196475863457, -0.998934805393219, 1.5082435607910156], [0.5704138278961182, 0.8201159834861755, -0.04514329507946968, -1.2801513671875], [0.0, 0.0, 0.0, 1.0]], [[0.006689624395221472, -0.9988990426063538, 0.04643148556351662, 0.005126953125], [-0.023210622370243073, -0.04657512530684471, -0.9986450672149658, 1.5205307006835938], [0.9997082352638245, 0.005602856632322073, -0.023496637120842934, -1.6923828125], [0.0, 0.0, 0.0, 1.0]], [[-0.8324112296104431, -0.5532950162887573, 0.030918892472982407, 1.032470703125], [-0.017598746344447136, -0.029371967539191246, -0.9994136095046997, 1.5036392211914062], [0.5538787841796875, -0.8324673771858215, 0.014712263830006123, -1.24859619140625], [0.0, 0.0, 0.0, 1.0]], [[0.947363018989563, 0.31897875666618347, -0.027493905276060104, -1.14208984375], [-0.00886728148907423, -0.05970068275928497, -0.9981768727302551, 1.5885543823242188], [-0.3200385868549347, 0.9458796977996826, -0.053729742765426636, -0.10369873046875], [0.0, 0.0, 0.0, 1.0]], [[0.00135777925606817, 0.9987594485282898, -0.04977753013372421, 0.00274658203125], [-0.03429761528968811, -0.04970178008079529, -0.9981750249862671, 1.5793609619140625], [-0.9994108080863953, 0.0030625162180513144, 0.03418757766485214, 0.001708984375], [0.0, 0.0, 0.0, 1.0]], [[-0.9351730942726135, 0.35403329133987427, -0.010578400455415249, 1.135986328125], [-0.0017065239371731877, -0.03436974436044693, -0.9994077086448669, 1.5514564514160156], [-0.3541872203350067, -0.9346011281013489, 0.03274581953883171, -0.063720703125], [0.0, 0.0, 0.0, 1.0]]], "view": [[0.0, -2.0, 100.0], [-2.0, 0.0, 100.0], [0.0, 0.0, 1.0]], "bev": "bev_12df56ac7f3e41fe9fe631535b81e236.png", "aux": "aux_12df56ac7f3e41fe9fe631535b81e236.npz", "visibility": "visibility_12df56ac7f3e41fe9fe631535b81e236.png", "pose": [[0.4759212136268616, -0.879487931728363, 0.0, 779.9166870117188], [0.879487931728363, 0.4759212136268616, 0.0, 2337.37158203125], [0.0, 0.0, 1.0, 0.0], [0.0, 0.0, 0.0, 1.0]], "pose_inverse": [[0.4759212136268616, 0.879487931728363, 0.0, -2426.868896484375], [-0.879487931728363, 0.4759212136268616, 0.0, -426.4774169921875], [0.0, 0.0, 1.0, 0.0], [0.0, 0.0, 0.0, 1.0]], "cam_ids": [0, 1, 2, 3, 4, 5], "cam_channels": ["CAM_FRONT_LEFT", "CAM_FRONT", "CAM_FRONT_RIGHT", "CAM_BACK_LEFT", "CAM_BACK", "CAM_BACK_RIGHT"], "token": "12df56ac7f3e41fe9fe631535b81e236", "scene": "scene-1023"}, {"images": ["samples/CAM_FRONT_LEFT/n015-2018-11-14-19-09-14+0800__CAM_FRONT_LEFT__1542194184854844.jpg", "samples/CAM_FRONT/n015-2018-11-14-19-09-14+0800__CAM_FRONT__1542194184862460.jpg", "samples/CAM_FRONT_RIGHT/n015-2018-11-14-19-09-14+0800__CAM_FRONT_RIGHT__1542194184870339.jpg", "samples/CAM_BACK_LEFT/n015-2018-11-14-19-09-14+0800__CAM_BACK_LEFT__1542194184897423.jpg", "samples/CAM_BACK/n015-2018-11-14-19-09-14+0800__CAM_BACK__1542194184887525.jpg", "samples/CAM_BACK_RIGHT/n015-2018-11-14-19-09-14+0800__CAM_BACK_RIGHT__1542194184877893.jpg"], "intrinsics": [[[1272.5979470598488, 0.0, 826.6154927353808], [0.0, 1272.5979470598488, 479.75165386361925], [0.0, 0.0, 1.0]], [[1266.417203046554, 0.0, 816.2670197447984], [0.0, 1266.417203046554, 491.50706579294757], [0.0, 0.0, 1.0]], [[1260.8474446004698, 0.0, 807.968244525554], [0.0, 1260.8474446004698, 495.3344268742088], [0.0, 0.0, 1.0]], [[1256.7414812095406, 0.0, 792.1125740759628], [0.0, 1256.7414812095406, 492.7757465151356], [0.0, 0.0, 1.0]], [[809.2209905677063, 0.0, 829.2196003259838], [0.0, 809.2209905677063, 481.77842384512485], [0.0, 0.0, 1.0]], [[1259.5137405846733, 0.0, 807.2529053838625], [0.0, 1259.5137405846733, 501.19579884916527], [0.0, 0.0, 1.0]]], "extrinsics": [[[0.8211668729782104, -0.5706056356430054, 0.00970150250941515, -0.965087890625], [-0.01775527559220791, -0.042535923421382904, -0.9989371299743652, 1.5082473754882812], [0.5704118609428406, 0.8201218843460083, -0.04506034776568413, -1.2801513671875], [0.0, 0.0, 0.0, 1.0]], [[0.0066977390088140965, -0.9988980889320374, 0.0464496910572052, 0.005035400390625], [-0.023048212751746178, -0.046592604368925095, -0.9986480474472046, 1.5205307006835938], [0.9997118711471558, 0.005618117284029722, -0.023334883153438568, -1.692626953125], [0.0, 0.0, 0.0, 1.0]], [[-0.8324075937271118, -0.5533074140548706, 0.030797099694609642, 1.031982421875], [-0.01743796281516552, -0.029393447563052177, -0.9994158148765564, 1.5036468505859375], [0.5538893938064575, -0.8324584364891052, 0.014818776398897171, -1.24884033203125], [0.0, 0.0, 0.0, 1.0]], [[0.9473657608032227, 0.3189835548400879, -0.027345197275280952, -1.14208984375], [-0.008708366192877293, -0.0597064346075058, -0.9981780052185059, 1.5885505676269531], [-0.32003501057624817, 0.945877730846405, -0.053786005824804306, -0.103729248046875], [0.0, 0.0, 0.0, 1.0]], [[0.0013577203499153256, 0.9987595677375793, -0.04977444186806679, 0.0028076171875], [-0.034142352640628815, -0.049699168652296066, -0.9981805086135864, 1.5793609619140625], [-0.9994159936904907, 0.0030546914786100388, 0.03403251990675926, 0.001953125], [0.0, 0.0, 0.0, 1.0]], [[-0.9351755380630493, 0.3540217876434326, -0.01073798444122076, 1.135986328125], [-0.0015413535293191671, -0.03438505530357361, -0.9994074702262878, 1.5514488220214844], [-0.35418131947517395, -0.9346048831939697, 0.03270173445343971, -0.063720703125], [0.0, 0.0, 0.0, 1.0]]], "view": [[0.0, -2.0, 100.0], [-2.0, 0.0, 100.0], [0.0, 0.0, 1.0]], "bev": "bev_9305ef30ef4d447aa23389870fddbf33.png", "aux": "aux_9305ef30ef4d447aa23389870fddbf33.npz", "visibility": "visibility_9305ef30ef4d447aa23389870fddbf33.png", "pose": [[0.47593748569488525, -0.8794791102409363, 0.0, 779.9163818359375], [0.8794791102409363, 0.47593748569488525, 0.0, 2337.371826171875], [0.0, 0.0, 1.0, 0.0], [0.0, 0.0, 0.0, 1.0]], "pose_inverse": [[0.47593748569488525, 0.8794791102409363, 0.0, -2426.861083984375], [-0.8794791102409363, 0.47593748569488525, 0.0, -426.522705078125], [0.0, 0.0, 1.0, 0.0], [0.0, 0.0, 0.0, 1.0]], "cam_ids": [0, 1, 2, 3, 4, 5], "cam_channels": ["CAM_FRONT_LEFT", "CAM_FRONT", "CAM_FRONT_RIGHT", "CAM_BACK_LEFT", "CAM_BACK", "CAM_BACK_RIGHT"], "token": "9305ef30ef4d447aa23389870fddbf33", "scene": "scene-1023"}, {"images": ["samples/CAM_FRONT_LEFT/n015-2018-11-14-19-09-14+0800__CAM_FRONT_LEFT__1542194185354844.jpg", "samples/CAM_FRONT/n015-2018-11-14-19-09-14+0800__CAM_FRONT__1542194185362460.jpg", "samples/CAM_FRONT_RIGHT/n015-2018-11-14-19-09-14+0800__CAM_FRONT_RIGHT__1542194185370339.jpg", "samples/CAM_BACK_LEFT/n015-2018-11-14-19-09-14+0800__CAM_BACK_LEFT__1542194185397423.jpg", "samples/CAM_BACK/n015-2018-11-14-19-09-14+0800__CAM_BACK__1542194185387525.jpg", "samples/CAM_BACK_RIGHT/n015-2018-11-14-19-09-14+0800__CAM_BACK_RIGHT__1542194185377893.jpg"], "intrinsics": [[[1272.5979470598488, 0.0, 826.6154927353808], [0.0, 1272.5979470598488, 479.75165386361925], [0.0, 0.0, 1.0]], [[1266.417203046554, 0.0, 816.2670197447984], [0.0, 1266.417203046554, 491.50706579294757], [0.0, 0.0, 1.0]], [[1260.8474446004698, 0.0, 807.968244525554], [0.0, 1260.8474446004698, 495.3344268742088], [0.0, 0.0, 1.0]], [[1256.7414812095406, 0.0, 792.1125740759628], [0.0, 1256.7414812095406, 492.7757465151356], [0.0, 0.0, 1.0]], [[809.2209905677063, 0.0, 829.2196003259838], [0.0, 809.2209905677063, 481.77842384512485], [0.0, 0.0, 1.0]], [[1259.5137405846733, 0.0, 807.2529053838625], [0.0, 1259.5137405846733, 501.19579884916527], [0.0, 0.0, 1.0]]], "extrinsics": [[[0.8210861682891846, -0.570708155632019, 0.010473174042999744, -0.9649658203125], [-0.016757959499955177, -0.042441993951797485, -0.99895840883255, 1.5082435607910156], [0.5705582499504089, 0.820055365562439, -0.044412437826395035, -1.2802734375], [0.0, 0.0, 0.0, 1.0]], [[0.006548904348164797, -0.9989030957221985, 0.04636521637439728, 0.0050048828125], [-0.022070303559303284, -0.04649930074810982, -0.9986745119094849, 1.5205230712890625], [0.9997349381446838, 0.005516908597201109, -0.02235061302781105, -1.692138671875], [0.0, 0.0, 0.0, 1.0]], [[-0.8324804306030273, -0.5532440543174744, 0.02995421551167965, 1.0322265625], [-0.016485294327139854, -0.029306402429938316, -0.9994345307350159, 1.503631591796875], [0.5538089871406555, -0.8325034976005554, 0.015276620164513588, -1.248779296875], [0.0, 0.0, 0.0, 1.0]], [[0.9473843574523926, 0.31899628043174744, -0.026535769924521446, -1.142578125], [-0.007878545671701431, -0.05963612720370293, -0.9981890916824341, 1.5885505676269531], [-0.32000112533569336, 0.9458779096603394, -0.0539851076900959, -0.10357666015625], [0.0, 0.0, 0.0, 1.0]], [[0.0014235185226425529, 0.9987632632255554, -0.049699701368808746, 0.0028076171875], [-0.0332690067589283, -0.04962494224309921, -0.9982136487960815, 1.5793609619140625], [-0.999445378780365, 0.0030744853429