[{"images": ["samples/CAM_FRONT_LEFT/n015-2018-09-25-11-10-38+0800__CAM_FRONT_LEFT__1537845323254844.jpg", "samples/CAM_FRONT/n015-2018-09-25-11-10-38+0800__CAM_FRONT__1537845323262460.jpg", "samples/CAM_FRONT_RIGHT/n015-2018-09-25-11-10-38+0800__CAM_FRONT_RIGHT__1537845323270339.jpg", "samples/CAM_BACK_LEFT/n015-2018-09-25-11-10-38+0800__CAM_BACK_LEFT__1537845323297423.jpg", "samples/CAM_BACK/n015-2018-09-25-11-10-38+0800__CAM_BACK__1537845323287525.jpg", "samples/CAM_BACK_RIGHT/n015-2018-09-25-11-10-38+0800__CAM_BACK_RIGHT__1537845323277893.jpg"], "intrinsics": [[[1272.5979470598488, 0.0, 826.6154927353808], [0.0, 1272.5979470598488, 479.75165386361925], [0.0, 0.0, 1.0]], [[1266.417203046554, 0.0, 816.2670197447984], [0.0, 1266.417203046554, 491.50706579294757], [0.0, 0.0, 1.0]], [[1260.8474446004698, 0.0, 807.968244525554], [0.0, 1260.8474446004698, 495.3344268742088], [0.0, 0.0, 1.0]], [[1256.7414812095406, 0.0, 792.1125740759628], [0.0, 1256.7414812095406, 492.7757465151356], [0.0, 0.0, 1.0]], [[809.2209905677063, 0.0, 829.2196003259838], [0.0, 809.2209905677063, 481.77842384512485], [0.0, 0.0, 1.0]], [[1259.5137405846733, 0.0, 807.2529053838625], [0.0, 1259.5137405846733, 501.19579884916527], [0.0, 0.0, 1.0]]], "extrinsics": [[[0.8209576606750488, -0.5706821084022522, 0.018716035410761833, -0.8297119140625], [0.0021752892062067986, -0.029652127996087074, -0.9995579123497009, 1.5086033344268799], [0.5709847807884216, 0.8206354975700378, -0.023101743310689926, -1.1861572265625], [0.0, 0.0, 0.0, 1.0]], [[0.005921213421970606, -0.9994186758995056, 0.03357355669140816, 0.0056304931640625], [-0.003204715671017766, -0.033592935651540756, -0.9994304776191711, 1.5200910568237305], [0.9999772906303406, 0.0058103036135435104, -0.003401763504371047, -1.556640625], [0.0, 0.0, 0.0, 1.0]], [[-0.8327828645706177, -0.5535547137260437, 0.007056493312120438, 0.9444580078125], [0.002356035402044654, -0.01629035361111164, -0.9998645186424255, 1.5038892030715942], [0.5535945892333984, -0.8326534628868103, 0.014870521612465382, -1.19036865234375], [0.0, 0.0, 0.0, 1.0]], [[0.9476980566978455, 0.31913769245147705, -0.004412495531141758, -1.14111328125], [0.011008931323885918, -0.04650217294692993, -0.9988575577735901, 1.5885648727416992], [-0.31897827982902527, 0.9465667605400085, -0.047583382576704025, -0.10400390625], [0.0, 0.0, 0.0, 1.0]], [[0.0022441011387854815, 0.9993295073509216, -0.0365445502102375, 0.0030059814453125], [-0.014445619657635689, -0.036508433520793915, -0.9992289543151855, 1.5787830352783203], [-0.999893069267273, 0.0027703079394996166, 0.014354005455970764, -0.0374755859375], [0.0, 0.0, 0.0, 1.0]], [[-0.9348217844963074, 0.3542679250240326, -0.024545088410377502, 1.0648193359375], [0.018202316015958786, -0.02122565731406212, -0.9996090531349182, 1.5528373718261719], [-0.3546504080295563, -0.9349030256271362, 0.013393710367381573, -0.0909423828125], [0.0, 0.0, 0.0, 1.0]]], "view": [[0.0, -2.0, 100.0], [-2.0, 0.0, 100.0], [0.0, 0.0, 1.0]], "bev": "bev_5228a1adce2244d6adceec5637e85756.png", "aux": "aux_5228a1adce2244d6adceec5637e85756.npz", "visibility": "visibility_5228a1adce2244d6adceec5637e85756.png", "pose": [[-0.49267926812171936, 0.8702109456062317, 0.0, 503.3134765625], [-0.8702109456062317, -0.49267926812171936, 0.0, 1375.870361328125], [0.0, 0.0, 1.0, 0.0], [0.0, 0.0, 0.0, 1.0]], "pose_inverse": [[-0.49267926812171936, -0.8702109456062317, 0.0, 1445.2696533203125], [0.8702109456062317, -0.49267926812171936, 0.0, 239.87391662597656], [0.0, 0.0, 1.0, 0.0], [0.0, 0.0, 0.0, 1.0]], "cam_ids": [0, 1, 2, 3, 4, 5], "cam_channels": ["CAM_FRONT_LEFT", "CAM_FRONT", "CAM_FRONT_RIGHT", "CAM_BACK_LEFT", "CAM_BACK", "CAM_BACK_RIGHT"], "token": "5228a1adce2244d6adceec5637e85756", "scene": "scene-0979"}, {"images": ["samples/CAM_FRONT_LEFT/n015-2018-09-25-11-10-38+0800__CAM_FRONT_LEFT__1537845323754844.jpg", "samples/CAM_FRONT/n015-2018-09-25-11-10-38+0800__CAM_FRONT__1537845323762460.jpg", "samples/CAM_FRONT_RIGHT/n015-2018-09-25-11-10-38+0800__CAM_FRONT_RIGHT__1537845323770339.jpg", "samples/CAM_BACK_LEFT/n015-2018-09-25-11-10-38+0800__CAM_BACK_LEFT__1537845323797423.jpg", "samples/CAM_BACK/n015-2018-09-25-11-10-38+0800__CAM_BACK__1537845323787525.jpg", "samples/CAM_BACK_RIGHT/n015-2018-09-25-11-10-38+0800__CAM_BACK_RIGHT__1537845323777893.jpg"], "intrinsics": [[[1272.5979470598488, 0.0, 826.6154927353808], [0.0, 1272.5979470598488, 479.75165386361925], [0.0, 0.0, 1.0]], [[1266.417203046554, 0.0, 816.2670197447984], [0.0, 1266.417203046554, 491.50706579294757], [0.0, 0.0, 1.0]], [[1260.8474446004698, 0.0, 807.968244525554], [0.0, 1260.8474446004698, 495.3344268742088], [0.0, 0.0, 1.0]], [[1256.7414812095406, 0.0, 792.1125740759628], [0.0, 1256.7414812095406, 492.7757465151356], [0.0, 0.0, 1.0]], [[809.2209905677063, 0.0, 829.2196003259838], [0.0, 809.2209905677063, 481.77842384512485], [0.0, 0.0, 1.0]], [[1259.5137405846733, 0.0, 807.2529053838625], [0.0, 1259.5137405846733, 501.19579884916527], [0.0, 0.0, 1.0]]], "extrinsics": [[[0.8210464119911194, -0.5705152153968811, 0.019881216809153557, -0.8011474609375], [-0.000852467434015125, -0.036051977425813675, -0.9993495345115662, 1.5080394744873047], [0.5708608031272888, 0.8204954266548157, -0.030086690559983253, -1.16485595703125], [0.0, 0.0, 0.0, 1.0]], [[0.0061662946827709675, -0.999191164970398, 0.03973599523305893, 0.005218505859375], [-0.006266546901315451, -0.0397745817899704, -0.9991890788078308, 1.5194625854492188], [0.9999613761901855, 0.00591233279556036, -0.006506741046905518, -1.52734375], [0.0, 0.0, 0.0, 1.0]], [[-0.832687258720398, -0.553591787815094, 0.012967447750270367, 0.9248046875], [-0.0007768113282509148, -0.02224995195865631, -0.9997521042823792, 1.503528118133545], [0.5537430047988892, -0.8324909210205078, 0.01809721626341343, -1.17803955078125], [0.0, 0.0, 0.0, 1.0]], [[0.9476618766784668, 0.31913870573043823, -0.009351756423711777, -1.138671875], [0.007511152420192957, -0.05156717821955681, -0.9986412525177002, 1.588584303855896], [-0.31918734312057495, 0.9463040828704834, -0.05126534402370453, -0.104888916015625], [0.0, 0.0, 0.0, 1.0]], [[0.002043892163783312, 0.9991167783737183, -0.04197094216942787, 0.003173828125], [-0.017776422202587128, -0.04192809760570526, -0.9989625215530396, 1.5784683227539062], [-0.9998399019241333, 0.0027878661639988422, 0.017675025388598442, -0.0474853515625], [0.0, 0.0, 0.0, 1.0]], [[-0.9349336624145508, 0.3540388345718384, -0.023569362238049507, 1.0489501953125], [0.014988973736763, -0.0269587691873312, -0.9995241761207581, 1.5528411865234375], [-0.35450583696365356, -0.9348421096801758, 0.019897980615496635, -0.09735107421875], [0.0, 0.0, 0.0, 1.0]]], "view": [[0.0, -2.0, 100.0], [-2.0, 0.0, 100.0], [0.0, 0.0, 1.0]], "bev": "bev_221467e0279e439198e6f78c8f47874b.png", "aux": "aux_221467e0279e439198e6f78c8f47874b.npz", "visibility": "visibility_221467e0279e439198e6f78c8f47874b.png", "pose": [[-0.4956776201725006, 0.8685066103935242, 0.0, 502.2729187011719], [-0.8685066103935242, -0.4956776201725006, 0.0, 1374.027587890625], [0.0, 0.0, 1.0, 0.0], [0.0, 0.0, 0.0, 1.0]], "pose_inverse": [[-0.4956776201725006, -0.8685066103935242, 0.0, 1442.3175048828125], [0.8685066103935242, -0.4956776201725006, 0.0, 244.8473663330078], [0.0, 0.0, 1.0, 0.0], [0.0, 0.0, 0.0, 1.0]], "cam_ids": [0, 1, 2, 3, 4, 5], "cam_channels": ["CAM_FRONT_LEFT", "CAM_FRONT", "CAM_FRONT_RIGHT", "CAM_BACK_LEFT", "CAM_BACK", "CAM_BACK_RIGHT"], "token": "221467e0279e439198e6f78c8f47874b", "scene": "scene-0979"}, {"images": ["samples/CAM_FRONT_LEFT/n015-2018-09-25-11-10-38+0800__CAM_FRONT_LEFT__1537845324254844.jpg", "samples/CAM_FRONT/n015-2018-09-25-11-10-38+0800__CAM_FRONT__1537845324262460.jpg", "samples/CAM_FRONT_RIGHT/n015-2018-09-25-11-10-38+0800__CAM_FRONT_RIGHT__1537845324270339.jpg", "samples/CAM_BACK_LEFT/n015-2018-09-25-11-10-38+0800__CAM_BACK_LEFT__1537845324297423.jpg", "samples/CAM_BACK/n015-2018-09-25-11-10-38+0800__CAM_BACK__1537845324287525.jpg", "samples/CAM_BACK_RIGHT/n015-2018-09-25-11-10-38+0800__CAM_BACK_RIGHT__1537845324277893.jpg"], "intrinsics": [[[1272.5979470598488, 0.0, 826.6154927353808], [0.0, 1272.5979470598488, 479.75165386361925], [0.0, 0.0, 1.0]], [[1266.417203046554, 0.0, 816.2670197447984], [0.0, 1266.417203046554, 491.50706579294757], [0.0, 0.0, 1.0]], [[1260.8474446004698, 0.0, 807.968244525554], [0.0, 1260.8474446004698, 495.3344268742088], [0.0, 0.0, 1.0]], [[1256.7414812095406, 0.0, 792.1125740759628], [0.0, 1256.7414812095406, 492.7757465151356], [0.0, 0.0, 1.0]], [[809.2209905677063, 0.0, 829.2196003259838], [0.0, 809.2209905677063, 481.77842384512485], [0.0, 0.0, 1.0]], [[1259.5137405846733, 0.0, 807.2529053838625], [0.0, 1259.5137405846733, 501.19579884916527], [0.0, 0.0, 1.0]]], "extrinsics": [[[0.8212764859199524, -0.5701567530632019, 0.02064363658428192, -0.7864990234375], [0.0006591627607122064, -0.0352349691092968, -0.9993788599967957, 1.5083599090576172], [0.5705299973487854, 0.8207799792289734, -0.028561824932694435, -1.1551513671875], [0.0, 0.0, 0.0, 1.0]], [[0.006492824759334326, -0.999212920665741, 0.03913231939077377, 0.0054931640625], [-0.004631727933883667, -0.039162781089544296, -0.9992221593856812, 1.5196714401245117], [0.9999681115150452, 0.006306543480604887, -0.00488235941156745, -1.51220703125], [0.0, 0.0, 0.0, 1.0]], [[-0.832535982131958, -0.5538557767868042, 0.011292178183794022, 0.9149169921875], [0.00094413518672809, -0.021802634000778198, -0.9997618198394775, 1.5037648677825928], [0.5539700388908386, -0.832327127456665, 0.018674395978450775, -1.1712646484375], [0.0, 0.0, 0.0, 1.0]], [[0.9476706981658936, 0.3191615641117096, -0.0074850148521363735, -1.13671875], [0.009459704160690308, -0.05150816962122917, -0.9986277222633362, 1.5886032581329346], [-0.31910911202430725, 0.9462994933128357, -0.051831960678100586, -0.1053924560546875], [0.0, 0.0, 0.0, 1.0]], [[0.0019904307555407286, 0.9991243481636047, -0.0417935848236084, 0.003173828125], [-0.015893256291747093, -0.041756778955459595, -0.9990014433860779, 1.5784683227539062], [-0.9998717308044434, 0.0026527110021561384, 0.015796225517988205, -0.0533447265625], [0.0, 0.0, 0.0, 1.0]], [[-0.9349726438522339, 0.3538282811641693, -0.02513269893825054, 1.0399169921875], [0.01678583212196827, -0.02663988433778286, -0.9995041489601135, 1.5531692504882812], [-0.3543223738670349, -0.9349309206008911, 0.018968261778354645, -0.1007080078125], [0.0, 0.0, 0.0, 1.0]]], "view": [[0.0, -2.0, 100.0], [-2.0, 0.0, 100.0], [0.0, 0.0, 1.0]], "bev": "bev_f17c8733f23247939a8e494cde0eef11.png", "aux": "aux_f17c8733f23247939a8e494cde0eef11.npz", "visibility": "visibility_f17c8733f23247939a8e494cde0eef11.png", "pose": [[-0.501742422580719, 0.8650170564651489, 0.0, 501.07476806640625], [-0.8650170564651489, -0.501742422580719, 0.0, 1371.9281005859375], [0.0, 0.0, 1.0, 0.0], [0.0, 0.0, 0.0, 1.0]], "pose_inverse": [[-0.501742422580719, -0.8650170564651489, 0.0, 1438.1517333984375], [0.8650170564651489, -0.501742422580719, 0.0, 254.9163055419922], [0.0, 0.0, 1.0, 0.0], [0.0, 0.0, 0.0, 1.0]], "cam_ids": [0, 1, 2, 3, 4, 5], "cam_channels": ["CAM_FRONT_LEFT", "CAM_FRONT", "CAM_FRONT_RIGHT", "CAM_BACK_LEFT", "CAM_BACK", "CAM_BACK_RIGHT"], "token": "f17c8733f23247939a8e494cde0eef11", "scene": "scene-0979"}, {"images": ["samples/CAM_FRONT_LEFT/n015-2018-09-25-11-10-38+0800__CAM_FRONT_LEFT__1537845324754844.jpg", "samples/CAM_FRONT/n015-2018-09-25-11-10-38+0800__CAM_FRONT__1537845324762460.jpg", "samples/CAM_FRONT_RIGHT/n015-2018-09-25-11-10-38+0800__CAM_FRONT_RIGHT__1537845324770339.jpg", "samples/CAM_BACK_LEFT/n015-2018-09-25-11-10-38+0800__CAM_BACK_LEFT__1537845324797423.jpg", "samples/CAM_BACK/n015-2018-09-25-11-10-38+0800__CAM_BACK__1537845324787525.jpg", "samples/CAM_BACK_RIGHT/n015-2018-09-25-11-10-38+0800__CAM_BACK_RIGHT__1537845324777893.jpg"], "intrinsics": [[[1272.5979470598488, 0.0, 826.6154927353808], [0.0, 1272.5979470598488, 479.75165386361925], [0.0, 0.0, 1.0]], [[1266.417203046554, 0.0, 816.2670197447984], [0.0, 1266.417203046554, 491.50706579294757], [0.0, 0.0, 1.0]], [[1260.8474446004698, 0.0, 807.968244525554], [0.0, 1260.8474446004698, 495.3344268742088], [0.0, 0.0, 1.0]], [[1256.7414812095406, 0.0, 792.1125740759628], [0.0, 1256.7414812095406, 492.7757465151356], [0.0, 0.0, 1.0]], [[809.2209905677063, 0.0, 829.2196003259838], [0.0, 809.2209905677063, 481.77842384512485], [0.0, 0.0, 1.0]], [[1259.5137405846733, 0.0, 807.2529053838625], [0.0, 1259.5137405846733, 501.19579884916527], [0.0, 0.0, 1.0]]], "extrinsics": [[[0.8212430477142334, -0.5703560709953308, 0.015927104279398918, -0.77325439453125], [-0.002421789336949587, -0.03139807656407356, -0.999504029750824, 1.5076627731323242], [0.5705732703208923, 0.8207972049713135, -0.027166737243533134, -1.146484375], [0.0, 0.0, 0.0, 1.0]], [[0.006461539305746555, -0.9993537068367004, 0.03536156937479973, 0.005828857421875], [-0.007791676092892885, -0.03541155159473419, -0.9993424415588379, 1.5190162658691406], [0.9999487996101379, 0.006181708071380854, -0.00801545288413763, -1.4998779296875], [0.0, 0.0, 0.0, 1.0]], [[-0.8325750827789307, -0.5537837147712708, 0.01193042378872633, 0.907470703125], [-0.0022859303280711174, -0.01810314692556858, -0.9998334646224976, 1.5032939910888672], [0.5539074540138245, -0.8324636816978455, 0.013806318864226341, -1.1661376953125], [0.0, 0.0, 0.0, 1.0]], [[0.9476693868637085, 0.31910696625709534, -0.009665054269134998, -1.139404296875], [0.005926796235144138, -0.04785371199250221, -0.9988367557525635, 1.5885658264160156], [-0.319198340177536, 0.9465097784996033, -0.04724077880382538, -0.1044464111328125], [0.0, 0.0, 0.0, 1.0]], [[0.0019654303323477507, 0.9992687106132507, -0.03818550333380699, 0.003143310546875], [-0.01929721236228943, -0.03814056143164635, -0.9990860819816589, 1.5782546997070312], [-0.9998118281364441, 0.0027005872689187527, 0.019208140671253204, -0.0545654296875], [0.0, 0.0, 0.0, 1.0]], [[-0.9350029826164246, 0.354031503200531, -0.02075810730457306, 1.0345458984375], [0.01348833180963993, -0.022989759221673012, -0.9996446967124939, 1.5529117584228516], [-0.3543829321861267, -0.9349508881568909, 0.016720203682780266, -0.1024169921875], [0.0, 0.0, 0.0, 1.0]]], "view": [[0.0, -2.0, 100.0], [-2.0, 0.0, 100.0], [0.0, 0.0, 1.0]], "bev": "bev_a75ddb59f92b4c82bab62963b39fc64f.png", "aux": "aux_a75ddb59f92b4c82bab62963b39fc64f.npz", "visibility": "visibility_a75ddb59f92b4c82bab62963b39fc64f.png", "pose": [[-0.5120739936828613, 0.8589413166046143, 0.0, 499.75494384765625], [-0.8589413166046143, -0.5120739936828613, 0.0, 1369.7034912109375], [0.0, 0.0, 1.0, 0.0], [0.0, 0.0, 0.0, 1.0]], "pose_inverse": [[-0.5120739936828613, -0.8589413166046143, 0.0, 1432.406494140625], [0.8589413166046143, -0.5120739936828613, 0.0, 272.12933349609375], [0.0, 0.0, 1.0, 0.0], [0.0, 0.0, 0.0, 1.0]], "cam_ids": [0, 1, 2, 3, 4, 5], "cam_channels": ["CAM_FRONT_LEFT", "CAM_FRONT", "CAM_FRONT_RIGHT", "CAM_BACK_LEFT", "CAM_BACK", "CAM_BACK_RIGHT"], "token": "a75ddb59f92b4c82bab62963b39fc64f", "scene": "scene-0979"}, {"images": ["samples/CAM_FRONT_LEFT/n015-2018-09-25-11-10-38+0800__CAM_FRONT_LEFT__1537845325254844.jpg", "samples/CAM_FRONT/n015-2018-09-25-11-10-38+0800__CAM_FRONT__1537845325262460.jpg", "samples/CAM_FRONT_RIGHT/n015-2018-09-25-11-10-38+0800__CAM_FRONT_RIGHT__1537845325270339.jpg", "samples/CAM_BACK_LEFT/n015-2018-09-25-11-10-38+0800__CAM_BACK_LEFT__1537845325297423.jpg", "samples/CAM_BACK/n015-2018-09-25-11-10-38+0800__CAM_BACK__1537845325287525.jpg", "samples/CAM_BACK_RIGHT/n015-2018-09-25-11-10-38+0800__CAM_BACK_RIGHT__1537845325277893.jpg"], "intrinsics": [[[1272.5979470598488, 0.0, 826.6154927353808], [0.0, 1272.5979470598488, 479.75165386361925], [0.0, 0.0, 1.0]], [[1266.417203046554, 0.0, 816.2670197447984], [0.0, 1266.417203046554, 491.50706579294757], [0.0, 0.0, 1.0]], [[1260.8474446004698, 0.0, 807.968244525554], [0.0, 1260.8474446004698, 495.3344268742088], [0.0, 0.0, 1.0]], [[1256.7414812095406, 0.0, 792.1125740759628], [0.0, 1256.7414812095406, 492.7757465151356], [0.0, 0.0, 1.0]], [[809.2209905677063, 0.0, 829.2196003259838], [0.0, 809.2209905677063, 481.77842384512485], [0.0, 0.0, 1.0]], [[1259.5137405846733, 0.0, 807.2529053838625], [0.0, 1259.5137405846733, 501.19579884916527], [0.0, 0.0, 1.0]]], "extrinsics": [[[0.8217767477035522, -0.5697627663612366, 0.007315613329410553, -0.7650146484375], [-0.008170031942427158, -0.02461918443441391, -0.9996635317802429, 1.5062732696533203], [0.5697510838508606, 0.8214403986930847, -0.02488645166158676, -1.1422119140625], [0.0, 0.0, 0.0, 1.0]], [[0.007373487111181021, -0.999569296836853, 0.02840467169880867, 0.007049560546875], [-0.013402699492871761, -0.028501681983470917, -0.9995039105415344, 1.517843246459961], [0.9998830556869507, 0.006989042740315199, -0.013607082888484001, -1.4906005859375], [0.0, 0.0, 0.0, 1.0]], [[-0.8322116136550903, -0.554315447807312, 0.01258099265396595, 0.901611328125], [-0.007737799547612667, -0.011077368631958961, -0.9999086856842041, 1.5024290084838867], [0.5544041991233826, -0.8322329521179199, 0.004929534159600735, -1.1611328125], [0.0, 0.0, 0.0, 1.0]], [[0.9476426839828491, 0.31911200284957886, -0.011864862404763699, -1.136962890625], [0.0012071963865309954, -0.040734898298978806, -0.9991692304611206, 1.5885610580444336], [-0.31933021545410156, 0.946841299533844, -0.03898736089468002, -0.10546875], [0.0, 0.0, 0.0, 1.0]], [[0.0016634485218673944, 0.9995176792144775, -0.03101174905896187, 0.002777099609375], [-0.0242987759411335, -0.030962232500314713, -0.9992251396179199, 1.5778846740722656], [-0.9997034072875977, 0.00241571431979537, 0.024235552176833153, -0.05908203125], [0.0, 0.0, 0.0, 1.0]], [[-0.9352155923843384, 0.35382890701293945, -0.013306948356330395, 1.02880859375], [0.008223929442465305, -0.015865519642829895, -0.9998403191566467, 1.552398681640625], [-0.3539835214614868, -0.9351756572723389, 0.011927816085517406, -0.1041259765625], [0.0, 0.0, 0.0, 1.0]]], "view": [[0.0, -2.0, 100.0], [-2.0, 0.0, 100.0], [0.0, 0.0, 1.0]], "bev": "bev_911bc6e5f3dc4ee49280cf99331b2803.png", "aux": "aux_911bc6e5f3dc4ee49280cf99331b2803.npz", "visibility": "visibility_911bc6e5f3dc4ee49280cf99331b2803.png", "pose": [[-0.5226057171821594, 0.8525745272636414, 0.0, 498.3333740234375], [-0.8525745272636414, -0.5226057171821594, 0.0, 1367.343505859375], [0.0, 0.0, 1.0, 0.0], [0.0, 0.0, 0.0, 1.0]], "pose_inverse": [[-0.5226057171821594, -0.8525745272636414, 0.0, 1426.194091796875], [0.8525745272636414, -0.5226057171821594, 0.0, 289.7151794433594], [0.0, 0.0, 1.0, 0.0], [0.0, 0.0, 0.0, 1.0]], "cam_ids": [0, 1, 2, 3, 4, 5], "cam_channels": ["CAM_FRONT_LEFT", "CAM_FRONT", "CAM_FRONT_RIGHT", "CAM_BACK_LEFT", "CAM_BACK", "CAM_BACK_RIGHT"], "token": "911bc6e5f3dc4ee49280cf99331b2803", "scene": "scene-0979"}, {"images": ["samples/CAM_FRONT_LEFT/n015-2018-09-25-11-10-38+0800__CAM_FRONT_LEFT__1537845325754844.jpg", "samples/CAM_FRONT/n015-2018-09-25-11-10-38+0800__CAM_FRONT__1537845325762460.jpg", "samples/CAM_FRONT_RIGHT/n015-2018-09-25-11-10-38+0800__CAM_FRONT_RIGHT__1537845325770339.jpg", "samples/CAM_BACK_LEFT/n015-2018-09-25-11-10-38+0800__CAM_BACK_LEFT__1537845325797435.jpg", "samples/CAM_BACK/n015-2018-09-25-11-10-38+0800__CAM_BACK__1537845325787525.jpg", "samples/CAM_BACK_RIGHT/n015-2018-09-25-11-10-38+0800__CAM_BACK_RIGHT__1537845325777893.jpg"], "intrinsics": [[[1272.5979470598488, 0.0, 826.6154927353808], [0.0, 1272.5979470598488, 479.75165386361925], [0.0, 0.0, 1.0]], [[1266.417203046554, 0.0, 816.2670197447984], [0.0, 1266.417203046554, 491.50706579294757], [0.0, 0.0, 1.0]], [[1260.8474446004698, 0.0, 807.968244525554], [0.0, 1260.8474446004698, 495.3344268742088], [0.0, 0.0, 1.0]], [[1256.7414812095406, 0.0, 792.1125740759628], [0.0, 1256.7414812095406, 492.7757465151356], [0.0, 0.0, 1.0]], [[809.2209905677063, 0.0, 829.2196003259838], [0.0, 809.2209905677063, 481.77842384512485], [0.0, 0.0, 1.0]], [[1259.5137405846733, 0.0, 807.2529053838625], [0.0, 1259.5137405846733, 501.19579884916527], [0.0, 0.0, 1.0]]], "extrinsics": [[[0.8210065364837646, -0.5708419680595398, 0.009363343939185143, -0.75927734375], [-0.00532409455627203, -0.02405502274632454, -0.9996964335441589, 1.506943702697754], [0.5708940029144287, 0.8207074999809265, -0.022788548842072487, -1.1385498046875], [0.0, 0.0, 0.0, 1.0]], [[0.006121309474110603, -0.9995874166488647, 0.02806442603468895, 0.007293701171875], [-0.010758514516055584, -0.02812916226685047, -0.9995464086532593, 1.5183582305908203], [0.9999234080314636, 0.0058165742084383965, -0.010926262475550175, -1.4876708984375], [0.0, 0.0, 0.0, 1.0]], [[-0.8327462077140808, -0.5535557866096497, 0.010477731004357338, 0.9010009765625], [-0.005315370392054319, -0.01093042828142643, -0.9999260902404785, 1.5028076171875], [0.5536293983459473, -0.8327403664588928, 0.00615991884842515, -1.1605224609375], [0.0, 0.0, 0.0, 1.0]], [[0.9476762413978577, 0.31905341148376465, -0.010709409601986408, -1.1435546875], [0.002643585205078125, -0.04138949513435364, -0.9991396069526672, 1.5885462760925293], [-0.319222092628479, 0.946832537651062, -0.04006728529930115, -0.1031036376953125], [0.0, 0.0, 0.0, 1.0]], [[0.0020770460832864046, 0.9995059370994568, -0.03136340156197548, 0.002777099609375], [-0.02249033935368061, -0.031308844685554504, -0.9992566704750061, 1.5780868530273438], [-0.9997448921203613, 0.0027808770537376404, 0.02241419441998005, -0.0548095703125], [0.0, 0.0, 0.0, 1.0]], [[-0.9349496960639954, 0.35444751381874084, -0.015365625731647015, 1.0299072265625], [0.01038618478924036, -0.01594674587249756, -0.9998188614845276, 1.5526399612426758], [-0.3546283543109894, -0.9349399209022522, 0.011228046379983425, -0.10345458984375], [0.0, 0.0, 0.0, 1.0]]], "view": [[0.0, -2.0, 100.0], [-2.0, 0.0, 100.0], [0.0, 0.0, 1.0]], "bev": "bev_dfa20a89f69d4cb39a9ce8e0b2bdc19b.png", "aux": "aux_dfa20a89f69d4cb39a9ce8e0b2bdc19b.npz", "visibility": "visibility_dfa20a89f69d4cb39a9ce8e0b2bdc19b.png", "pose": [[-0.5249744057655334, 0.8511180281639099, 0.0, 496.7707214355469], [-0.8511180281639099, -0.5249744057655334, 0.0, 1364.82470703125], [0.0, 0.0, 1.0, 0.0], [0.0, 0.0, 0.0, 1.0]], "pose_inverse": [[-0.5249744057655334, -0.8511180281639099, 0.0, 1422.4188232421875], [0.8511180281639099, -0.5249744057655334, 0.0, 293.6875305175781], [0.0, 0.0, 1.0, 0.0], [0.0, 0.0, 0.0, 1.0]], "cam_ids": [0, 1, 2, 3, 4, 5], "cam_channels": ["CAM_FRONT_LEFT", "CAM_FRONT", "CAM_FRONT_RIGHT", "CAM_BACK_LEFT", "CAM_BACK", "CAM_BACK_RIGHT"], "token": "dfa20a89f69d4cb39a9ce8e0b2bdc19b", "scene": "scene-0979"}, {"images": ["samples/CAM_FRONT_LEFT/n015-2018-09-25-11-10-38+0800__CAM_FRONT_LEFT__1537845326254844.jpg", "samples/CAM_FRONT/n015-2018-09-25-11-10-38+0800__CAM_FRONT__1537845326262460.jpg", "samples/CAM_FRONT_RIGHT/n015-2018-09-25-11-10-38+0800__CAM_FRONT_RIGHT__1537845326270339.jpg", "samples/CAM_BACK_LEFT/n015-2018-09-25-11-10-38+0800__CAM_BACK_LEFT__1537845326298492.jpg", "samples/CAM_BACK/n015-2018-09-25-11-10-38+0800__CAM_BACK__1537845326287525.jpg", "samples/CAM_BACK_RIGHT/n015-2018-09-25-11-10-38+0800__CAM_BACK_RIGHT__1537845326277893.jpg"], "intrinsics": [[[1272.5979470598488, 0.0, 826.6154927353808], [0.0, 1272.5979470598488, 479.75165386361925], [0.0, 0.0, 1.0]], [[1266.417203046554, 0.0, 816.2670197447984], [0.0, 1266.417203046554, 491.50706579294757], [0.0, 0.0, 1.0]], [[1260.8474446004698, 0.0, 807.968244525554], [0.0, 1260.8474446004698, 495.3344268742088], [0.0, 0.0, 1.0]], [[1256.7414812095406, 0.0, 792.1125740759628], [0.0, 1256.7414812095406, 492.7757465151356], [0.0, 0.0, 1.0]], [[809.2209905677063, 0.0, 829.2196003259838], [0.0, 809.2209905677063, 481.77842384512485], [0.0, 0.0, 1.0]], [[1259.5137405846733, 0.0, 807.2529053838625], [0.0, 1259.5137405846733, 501.19579884916527], [0.0, 0.0, 1.0]]], "extrinsics": [[[0.8206897974014282, -0.5711985230445862, 0.014163064770400524, -0.7686767578125], [-0.0048917075619101524, -0.03181084245443344, -0.9994819164276123, 1.5070371627807617], [0.571353018283844, 0.8201953172683716, -0.02890097163617611, -1.142333984375], [0.0, 0.0, 0.0, 1.0]], [[0.005686130374670029, -0.9993390440940857, 0.03590521588921547, 0.005218505859375], [-0.010261901654303074, -0.035962216556072235, -0.999300479888916, 1.5184822082519531], [0.9999310970306396, 0.005313626490533352, -0.010459602810442448, -1.49560546875], [0.0, 0.0, 0.0, 1.0]], [[-0.8329135775566101, -0.5532166957855225, 0.014359675347805023, 0.905517578125], [-0.004739931784570217, -0.018815448507666588, -0.9998117089271545, 1.502913475036621], [0.5533826947212219, -0.8328248262405396, 0.013049434870481491, -1.16546630859375], [0.0, 0.0, 0.0, 1.0]], [[0.9476308226585388, 0.3191240727901459, -0.01247785147279501, -1.150146484375], [0.003414855105802417, -0.04919307306408882, -0.9987834692001343, 1.5885319709777832], [-0.31934964656829834, 0.9464353919029236, -0.04770663380622864, -0.1010284423828125], [0.0, 0.0, 0.0, 1.0]], [[0.002108585322275758, 0.9992275238037109, -0.039242636412382126, 0.00311279296875], [-0.021776199340820312, -0.039187535643577576, -0.9989945888519287, 1.5781745910644531], [-0.999760627746582, 0.002961002755910158, 0.021676747128367424, -0.052001953125], [0.0, 0.0, 0.0, 1.0]], [[-0.9348800778388977, 0.35446697473526, -0.018772536888718605, 1.0347900390625], [0.011029057204723358, -0.023853302001953125, -0.9996546506881714, 1.5526342391967773], [-0.35479235649108887, -0.9347641468048096, 0.018390538170933723, -0.10272216796875], [0.0, 0.0, 0.0, 1.0]]], "view": [[0.0, -2.0, 100.0], [-2.0, 0.0, 100.0], [0.0, 0.0, 1.0]], "bev": "bev_c31a108cafbf4a2c879d3d888f20aa33.png", "aux": "aux_c31a108cafbf4a2c879d3d888f20aa33.npz", "visibility": "visibility_c31a108cafbf4a2c879d3d888f20aa33.png", "pose": [[-0.5216508507728577, 0.8531590700149536, 0.0, 495.2665100097656], [-0.8531590700149536, -0.5216508507728577, 0.0, 1362.3846435546875], [0.0, 0.0, 1.0, 0.0], [0.0, 0.0, 0.0, 1.0]], "pose_inverse": [[-0.5216508507728577, -0.8531590700149536, 0.0, 1420.68701171875], [0.8531590700149536, -0.5216508507728577, 0.0, 288.14794921875], [0.0, 0.0, 1.0, 0.0], [0.0, 0.0, 0.0, 1.0]], "cam_ids": [0, 1, 2, 3, 4, 5], "cam_channels": ["CAM_FRONT_LEFT", "CAM_FRONT", "CAM_FRONT_RIGHT", "CAM_BACK_LEFT", "CAM_BACK", "CAM_BACK_RIGHT"], "token": "c31a108cafbf4a2c879d3d888f20aa33", "scene": "scene-0979"}, {"images": ["samples/CAM_FRONT_LEFT/n015-2018-09-25-11-10-38+0800__CAM_FRONT_LEFT__1537845326754844.jpg", "samples/CAM_FRONT/n015-2018-09-25-11-10-38+0800__CAM_FRONT__1537845326762460.jpg", "samples/CAM_FRONT_RIGHT/n015-2018-09-25-11-10-38+0800__CAM_FRONT_RIGHT__1537845326770339.jpg", "samples/CAM_BACK_LEFT/n015-2018-09-25-11-10-38+0800__CAM_BACK_LEFT__1537845326797423.jpg", "samples/CAM_BACK/n015-2018-09-25-11-10-38+0800__CAM_BACK__1537845326787525.jpg", "samples/CAM_BACK_RIGHT/n015-2018-09-25-11-10-38+0800__CAM_BACK_RIGHT__1537845326777893.jpg"], "intrinsics": [[[1272.5979470598488, 0.0, 826.6154927353808], [0.0, 1272.5979470598488, 479.75165386361925], [0.0, 0.0, 1.0]], [[1266.417203046554, 0.0, 816.2670197447984], [0.0, 1266.417203046554, 491.50706579294757], [0.0, 0.0, 1.0]], [[1260.8474446004698, 0.0, 807.968244525554], [0.0, 1260.8474446004698, 495.3344268742088], [0.0, 0.0, 1.0]], [[1256.7414812095406, 0.0, 792.1125740759628], [0.0, 1256.7414812095406, 492.7757465151356], [0.0, 0.0, 1.0]], [[809.2209905677063, 0.0, 829.2196003259838], [0.0, 809.2209905677063, 481.77842384512485], [0.0, 0.0, 1.0]], [[1259.5137405846733, 0.0, 807.2529053838625], [0.0, 1259.5137405846733, 501.19579884916527], [0.0, 0.0, 1.0]]], "extrinsics": [[[0.8210100531578064, -0.5708789825439453, 0.006315762642771006, -0.76507568359375], [-0.014564472250640392, -0.032002296298742294, -0.9993817210197449, 1.5046634674072266], [0.570728063583374, 0.820410430431366, -0.03458875045180321, -1.1402587890625], [0.0, 0.0, 0.0, 1.0]], [[0.0063276132568717, -0.9993345737457275, 0.035920750349760056, 0.005523681640625], [-0.019621750339865685, -0.03603863716125488, -0.9991577863693237, 1.5165672302246094], [0.9997873902320862, 0.005617443937808275, -0.019836731255054474, -1.4913330078125], [0.0, 0.0, 0.0, 1.0]], [[-0.832634449005127, -0.5533925294876099, 0.021829994395375252, 0.90185546875], [-0.013737907633185387, -0.018766852095723152, -0.9997294545173645, 1.501485824584961], [0.5536525845527649, -0.8327091336250305, 0.008023473434150219, -1.16259765625], [0.0, 0.0, 0.0, 1.0]], [[0.9475073218345642, 0.31915083527565, -0.019303694367408752, -1.141845703125], [-0.0039793397299945354, -0.048598598688840866, -0.9988104104995728, 1.5885353088378906], [-0.31970930099487305, 0.9464570879936218, -0.0447775200009346, -0.10333251953125], [0.0, 0.0, 0.0, 1.0]], [[0.0017410442233085632, 0.9992415308952332, -0.03890146687626839, 0.003204345703125], [-0.029810648411512375, -0.03883237764239311, -0.9988009929656982, 1.5776100158691406], [-0.9995540380477905, 0.0028985897079110146, 0.029720429331064224, -0.056396484375], [0.0, 0.0, 0.0, 1.0]], [[-0.9350489377975464, 0.3543583154678345, -0.010662147775292397, 1.030029296875], [0.0024267288390547037, -0.02367665432393551, -0.9997167587280273, 1.551715612411499], [-0.3545103967189789, -0.9348099231719971, 0.021278895437717438, -0.104248046875], [0.0, 0.0, 0.0, 1.0]]], "view": [[0.0, -2.0, 100.0], [-2.0, 0.0, 100.0], [0.0, 0.0, 1.0]], "bev": "bev_464801b76e7f495a89cd44204cc5be2a.png", "aux": "aux_464801b76e7f495a89cd44204cc5be2a.npz", "visibility": "visibility_464801b76e7f495a89cd44204cc5be2a.png", "pose": [[-0.5199260115623474, 0.8542113304138184, 0.0, 493.7627868652344], [-0.8542113304138184, -0.5199260115623474, 0.0, 1359.89306640625], [0.0, 0.0, 1.0, 0.0], [0.0, 0.0, 0.0, 1.0]], "pose_inverse": [[-0.5199260115623474, -0.8542113304138184, 0.0, 1418.356201171875], [0.8542113304138184, -0.5199260115623474, 0.0, 285.2659912109375], [0.0, 0.0, 1.0, 0.0], [0.0, 0.0, 0.0, 1.0]], "cam_ids": [0, 1, 2, 3, 4, 5], "cam_channels": ["CAM_FRONT_LEFT", "CAM_FRONT", "CAM_FRONT_RIGHT", "CAM_BACK_LEFT", "CAM_BACK", "CAM_BACK_RIGHT"], "token": "464801b76e7f495a89cd44204cc5be2a", "scene": "scene-0979"}, {"images": ["samples/CAM_FRONT_LEFT/n015-2018-09-25-11-10-38+0800__CAM_FRONT_LEFT__1537845327154844.jpg", "samples/CAM_FRONT/n015-2018-09-25-11-10-38+0800__CAM_FRONT__1537845327162460.jpg", "samples/CAM_FRONT_RIGHT/n015-2018-09-25-11-10-38+0800__CAM_FRONT_RIGHT__1537845327170339.jpg", "samples/CAM_BACK_LEFT/n015-2018-09-25-11-10-38+0800__CAM_BACK_LEFT__1537845327197423.jpg", "samples/CAM_BACK/n015-2018-09-25-11-10-38+0800__CAM_BACK__1537845327187525.jpg", "samples/CAM_BACK_RIGHT/n015-2018-09-25-11-10-38+0800__CAM_BACK_RIGHT__1537845327177893.jpg"], "intrinsics": [[[1272.5979470598488, 0.0, 826.6154927353808], [0.0, 1272.5979470598488, 479.75165386361925], [0.0, 0.0, 1.0]], [[1266.417203046554, 0.0, 816.2670197447984], [0.0, 1266.417203046554, 491.50706579294757], [0.0, 0.0, 1.0]], [[1260.8474446004698, 0.0, 807.968244525554], [0.0, 1260.8474446004698, 495.3344268742088], [0.0, 0.0, 1.0]], [[1256.7414812095406, 0.0, 792.1125740759628], [0.0, 1256.7414812095406, 492.7757465151356], [0.0, 0.0, 1.0]], [[809.2209905677063, 0.0, 829.2196003259838], [0.0, 809.2209905677063, 481.77842384512485], [0.0, 0.0, 1.0]], [[1259.5137405846733, 0.0, 807.2529053838625], [0.0, 1259.5137405846733, 501.19579884916527], [0.0, 0.0, 1.0]]], "extrinsics": [[[0.8208227157592773, -0.571165919303894, 0.004416507203131914, -0.7701416015625], [-0.013685309328138828, -0.027395976707339287, -0.9995309710502625, 1.5049686431884766], [0.5710189938545227, 0.8203773498535156, -0.030303824692964554, -1.143798828125], [0.0, 0.0, 0.0, 1.0]], [[0.006018168292939663, -0.9994879364967346, 0.03142545744776726, 0.0054931640625], [-0.019200779497623444, -0.03153573349118233, -0.9993182420730591, 1.5167579650878906], [0.9997975826263428, 0.005410607438534498, -0.019380733370780945, -1.496826171875], [0.0, 0.0, 0.0, 1.0]], [[-0.8327745795249939, -0.5532698035240173, 0.019466249272227287, 0.9052734375], [-0.013777747750282288, -0.014438911341130733, -0.9998008012771606, 1.5015449523925781], [0.5534406900405884, -0.832876980304718, 0.004401549231261015, -1.16497802734375], [0.0, 0.0, 0.0, 1.0]], [[0.9475669264793396, 0.3189433217048645, -0.019804371520876884, -1.1417236328125], [-0.005628114100545645, -0.04530806094408035, -0.9989571571350098, 1.5885429382324219], [-0.31950798630714417, 0.9466902017593384, -0.041137371212244034, -0.1036376953125], [0.0, 0.0, 0.0, 1.0]], [[0.0019248194294050336, 0.9993800520896912, -0.03515353053808212, 0.0030517578125], [-0.03089701011776924, -0.035077378153800964, -0.9989068508148193, 1.5776138305664062], [-0.9995207190513611, 0.0030088394414633512, 0.030810337513685226, -0.0543212890625], [0.0, 0.0, 0.0, 1.0]], [[-0.934977650642395, 0.3545987606048584, -0.008749651722609997, 1.0333251953125], [0.001934011816047132, -0.01957058161497116, -0.9998066425323486, 1.5516541004180908], [-0.3547013998031616, -0.9348137378692627, 0.017612257972359657, -0.10308837890625], [0.0, 0.0, 0.0, 1.0]]], "view": [[0.0, -2.0, 100.0], [-2.0, 0.0, 100.0], [0.0, 0.0, 1.0]], "bev": "bev_f3760c9e589e4fb39133a82c9588a5c7.png", "aux": "aux_f3760c9e589e4fb39133a82c9588a5c7.npz", "visibility": "visibility_f3760c9e589e4fb39133a82c9588a5c7.png", "pose": [[-0.5181105732917786, 0.8553136587142944, 0.0, 492.5795593261719], [-0.8553136587142944, -0.5181105732917786, 0.0, 1357.9525146484375], [0.0, 0.0, 1.0, 0.0], [0.0, 0.0, 0.0, 1.0]], "pose_inverse": [[-0.5181105732917786, -0.8553136587142944, 0.0, 1416.68603515625], [0.8553136587142944, -0.5181105732917786, 0.0, 282.259521484375], [0.0, 0.0, 1.0, 0.0], [0.0, 0.0, 0.0, 1.0]], "cam_ids": [0, 1, 2, 3, 4, 5], "cam_channels": ["CAM_FRONT_LEFT", "CAM_FRONT", "CAM_FRONT_RIGHT", "CAM_BACK_LEFT", "CAM_BACK", "CAM_BACK_RIGHT"], "token": "f3760c9e589e4fb39133a82c9588a5c7", "scene": "scene-0979"}, {"images": ["samples/CAM_FRONT_LEFT/n015-2018-09-25-11-10-38+0800__CAM_FRONT_LEFT__1537845327654844.jpg", "samples/CAM_FRONT/n015-2018-09-25-11-10-38+0800__CAM_FRONT__1537845327662460.jpg", "samples/CAM_FRONT_RIGHT/n015-2018-09-25-11-10-38+0800__CAM_FRONT_RIGHT__1537845327670339.jpg", "samples/CAM_BACK_LEFT/n015-2018-09-25-11-10-38+0800__CAM_BACK_LEFT__1537845327697423.jpg", "samples/CAM_BACK/n015-2018-09-25-11-10-38+0800__CAM_BACK__1537845327687525.jpg", "samples/CAM_BACK_RIGHT/n015-2018-09-25-11-10-38+0800__CAM_BACK_RIGHT__1537845327677893.jpg"], "intrinsics": [[[1272.5979470598488, 0.0, 826.6154927353808], [0.0, 1272.5979470598488, 479.75165386361925], [0.0, 0.0, 1.0]], [[1266.417203046554, 0.0, 816.2670197447984], [0.0, 1266.417203046554, 491.50706579294757], [0.0, 0.0, 1.0]], [[1260.8474446004698, 0.0, 807.968244525554], [0.0, 1260.8474446004698, 495.3344268742088], [0.0, 0.0, 1.0]], [[1256.7414812095406, 0.0, 792.1125740759628], [0.0, 1256.7414812095406, 492.7757465151356], [0.0, 0.0, 1.0]], [[809.2209905677063, 0.0, 829.2196003259838], [0.0, 809.2209905677063, 481.77842384512485], [0.0, 0.0, 1.0]], [[1259.5137405846733, 0.0, 807.2529053838625], [0.0, 1259.5137405846733, 501.19579884916527], [0.0, 0.0, 1.0]]], "extrinsics": [[[0.8207603096961975, -0.5712319612503052, 0.006810909602791071, -0.77423095703125], [-0.010573139414191246, -0.027109893038868904, -0.9995765686035156, 1.5057411193847656], [0.5711747407913208, 0.8203407526016235, -0.028290441259741783, -1.145751953125], [0.0, 0.0, 0.0, 1.0]], [[0.005866272374987602, -0.9994990229606628, 0.031098781153559685, 0.005035400390625], [-0.015889761969447136, -0.031188558787107468, -0.9993872046470642, 1.5174598693847656], [0.9998565316200256, 0.005368529353290796, -0.016064761206507683, -1.5009765625], [0.0, 0.0, 0.0, 1.0]], [[-0.8328518271446228, -0.5532537698745728, 0.016369186341762543, 0.9088134765625], [-0.010334868915379047, -0.014024821110069752, -0.9998481869697571, 1.502105712890625], [0.553399384021759, -0.8328946232795715, 0.005962795112282038, -1.16754150390625], [0.0, 0.0, 0.0, 1.0]], [[0.9476161599159241, 0.3190002143383026, -0.016200745478272438, -1.143798828125], [-0.0020613577216863632, -0.04461190849542618, -0.99900221824646, 1.5885581970214844], [-0.31940460205078125, 0.9467041492462158, -0.041617393493652344, -0.103118896484375], [0.0, 0.0, 0.0, 1.0]], [[0.002033213386312127, 0.9994001984596252, -0.034569092094898224, 0.003204345703125], [-0.027304207906126976, -0.03450079634785652, -0.9990316033363342, 1.5778961181640625], [-0.9996250867843628, 0.002975027309730649, 0.027217688038945198, -0.0511474609375], [0.0, 0.0, 0.0, 1.0]], [[-0.9349377155303955, 0.3546127676963806, -0.011875073425471783, 1.037109375], [0.005459236446768045, -0.019087545573711395, -0.9998029470443726, 1.5520179271697998], [-0.3547695279121399, -0.9348183870315552, 0.015909753739833832, -0.1019287109375], [0.0, 0.0, 0.0, 1.0]]], "view": [[0.0, -2.0, 100.0], [-2.0, 0.0, 100.0], [0.0, 0.0, 1.0]], "bev": "bev_336be0e35bd54e0a8c5e8b062632b068.png", "aux": "aux_336be0e35bd54e0a8c5e8b062632b068.npz", "visibility": "visibility_336be0e35bd54e0a8c5e8b062632b068.png", "pose": [[-0.5180724263191223, 0.8553367257118225, 0.0, 491.1557312011719], [-0.8553367257118225, -0.5180724263191223, 0.0, 1355.5875244140625], [0.0, 0.0, 1.0, 0.0], [0.0, 0.0, 0.0, 1.0]], "pose_inverse": [[-0.5180724263191223, -0.8553367257118225, 0.0, 1413.9381103515625], [0.8553367257118225, -0.5180724263191223, 0.0, 282.1889953613281], [0.0, 0.0, 1.0, 0.0], [0.0, 0.0, 0.0, 1.0]], "cam_ids": [0, 1, 2, 3, 4, 5], "cam_channels": ["CAM_FRONT_LEFT", "CAM_FRONT", "CAM_FRONT_RIGHT", "CAM_BACK_LEFT", "CAM_BACK", "CAM_BACK_RIGHT"], "token": "336be0e35bd54e0a8c5e8b062632b068", "scene": "scene-0979"}, {"images": ["samples/CAM_FRONT_LEFT/n015-2018-09-25-11-10-38+0800__CAM_FRONT_LEFT__1537845328154844.jpg", "samples/CAM_FRONT/n015-2018-09-25-11-10-38+0800__CAM_FRONT__1537845328162460.jpg", "samples/CAM_FRONT_RIGHT/n015-2018-09-25-11-10-38+0800__CAM_FRONT_RIGHT__1537845328170339.jpg", "samples/CAM_BACK_LEFT/n015-2018-09-25-11-10-38+0800__CAM_BACK_LEFT__1537845328197423.jpg", "samples/CAM_BACK/n015-2018-09-25-11-10-38+0800__CAM_BACK__1537845328187525.jpg", "samples/CAM_BACK_RIGHT/n015-2018-09-25-11-10-38+0800__CAM_BACK_RIGHT__1537845328177893.jpg"], "intrinsics": [[[1272.5979470598488, 0.0, 826.6154927353808], [0.0, 1272.5979470598488, 479.75165386361925], [0.0, 0.0, 1.0]], [[1266.417203046554, 0.0, 816.2670197447984], [0.0, 1266.417203046554, 491.50706579294757], [0.0, 0.0, 1.0]], [[1260.8474446004698, 0.0, 807.968244525554], [0.0, 1260.8474446004698, 495.3344268742088], [0.0, 0.0, 1.0]], [[1256.7414812095406, 0.0, 792.1125740759628], [0.0, 1256.7414812095406, 492.7757465151356], [0.0, 0.0, 1.0]], [[809.2209905677063, 0.0, 829.2196003259838], [0.0, 809.2209905677063, 481.77842384512485], [0.0, 0.0, 1.0]], [[1259.5137405846733, 0.0, 807.2529053838625], [0.0, 1259.5137405846733, 501.19579884916527], [0.0, 0.0, 1.0]]], "extrinsics": [[[0.8212365508079529, -0.5705875754356384, -0.0006068104412406683, -0.7711181640625], [-0.01961340755224228, -0.027166344225406647, -0.9994385242462158, 1.5037422180175781], [0.5702506303787231, 0.8207873106002808, -0.03350115939974785, -1.1494140625], [0.0, 0.0, 0.0, 1.0]], [[0.006755330134183168, -0.9995015263557434, 0.0308390986174345, 0.00885009765625], [-0.024983294308185577, -0.030998872593045235, -0.9992071986198425, 1.5158195495605469], [0.9996650218963623, 0.0059795258566737175, -0.02518024481832981, -1.5003662109375], [0.0, 0.0, 0.0, 1.0]], [[-0.8324292302131653, -0.5536233186721802, 0.023724138736724854, 0.9095458984375], [-0.019462527707219124, -0.013576524332165718, -0.9997183680534363, 1.500772476196289], [0.5537894368171692, -0.8326565623283386, 0.0005265867221169174, -1.1646728515625], [0.0, 0.0, 0.0, 1.0]], [[0.9474711418151855, 0.3189083933830261, -0.02440979704260826, -1.14111328125], [-0.011095701716840267, -0.0434994213283062, -0.9989917874336243, 1.5885448455810547], [-0.3196486532688141, 0.9467867612838745, -0.03767593577504158, -0.1040802001953125], [0.0, 0.0, 0.0, 1.0]], [[0.0016548859421163797, 0.999433159828186, -0.033625539392232895, 0.0021