[{"images": ["samples/CAM_FRONT_LEFT/n008-2018-09-18-14-43-59-0400__CAM_FRONT_LEFT__1537296484254799.jpg", "samples/CAM_FRONT/n008-2018-09-18-14-43-59-0400__CAM_FRONT__1537296484262404.jpg", "samples/CAM_FRONT_RIGHT/n008-2018-09-18-14-43-59-0400__CAM_FRONT_RIGHT__1537296484270482.jpg", "samples/CAM_BACK_LEFT/n008-2018-09-18-14-43-59-0400__CAM_BACK_LEFT__1537296484297405.jpg", "samples/CAM_BACK/n008-2018-09-18-14-43-59-0400__CAM_BACK__1537296484287558.jpg", "samples/CAM_BACK_RIGHT/n008-2018-09-18-14-43-59-0400__CAM_BACK_RIGHT__1537296484278113.jpg"], "intrinsics": [[[1257.8625342125129, 0.0, 827.2410631095686], [0.0, 1257.8625342125129, 450.915498205774], [0.0, 0.0, 1.0]], [[1252.8131021185304, 0.0, 826.588114781398], [0.0, 1252.8131021185304, 469.9846626224581], [0.0, 0.0, 1.0]], [[1256.7485116440405, 0.0, 817.7887570959712], [0.0, 1256.7485116440403, 451.9541780095127], [0.0, 0.0, 1.0]], [[1254.9860565800168, 0.0, 829.5769333630991], [0.0, 1254.9860565800168, 467.1680561863987], [0.0, 0.0, 1.0]], [[796.8910634503094, 0.0, 857.7774326863696], [0.0, 796.8910634503094, 476.8848988407415], [0.0, 0.0, 1.0]], [[1249.9629280788233, 0.0, 825.3768045375984], [0.0, 1249.9629280788233, 462.54816385708756], [0.0, 0.0, 1.0]]], "extrinsics": [[[0.8227034211158752, -0.5682616829872131, -0.01541678886860609, -0.636444091796875], [0.010065732523798943, 0.04167749360203743, -0.9990804195404053, 1.4926261901855469], [0.568381667137146, 0.8217917084693909, 0.04000818356871605, -1.08306884765625], [0.0, 0.0, 0.0, 1.0]], [[0.01055019162595272, -0.9992365837097168, -0.03761386126279831, 0.0125732421875], [0.01170227862894535, 0.03773675858974457, -0.9992191791534424, 1.4843826293945312], [0.9998759031295776, 0.010101847350597382, 0.012091475538909435, -1.363677978515625], [0.0, 0.0, 0.0, 1.0]], [[-0.8437996506690979, -0.5356977581977844, -0.0320960097014904, 0.845703125], [0.01945115625858307, 0.029239119961857796, -0.9993831515312195, 1.4986743927001953], [0.5363057851791382, -0.8439034819602966, -0.014252019114792347, -1.1185302734375], [0.0, 0.0, 0.0, 1.0]], [[0.9479115605354309, 0.318433940410614, 0.007967260666191578, -1.11810302734375], [-0.006710947025567293, 0.04497135803103447, -0.9989657402038574, 1.5618476867675781], [-0.3184628486633301, 0.9468777179718018, 0.04476586729288101, -0.16510009765625], [0.0, 0.0, 0.0, 1.0]], [[0.009096258319914341, 0.999265193939209, 0.03723286837339401, -0.02911376953125], [-0.004293045960366726, 0.037273090332746506, -0.9992958307266235, 1.5674781799316406], [-0.9999493956565857, 0.008930061012506485, 0.004628936294466257, -0.080078125], [0.0, 0.0, 0.0, 1.0]], [[-0.9238159656524658, 0.38279983401298523, 0.005312081426382065, 0.95904541015625], [0.00020021347154397517, 0.014358664862811565, -0.9998968839645386, 1.5478219985961914], [-0.38283661007881165, -0.9237197041511536, -0.013341406360268593, -0.12469482421875], [0.0, 0.0, 0.0, 1.0]]], "view": [[0.0, -2.0, 100.0], [-2.0, 0.0, 100.0], [0.0, 0.0, 1.0]], "bev": "bev_fc0d62f7c5324ef1b15248c0e84763df.png", "aux": "aux_fc0d62f7c5324ef1b15248c0e84763df.npz", "visibility": "visibility_fc0d62f7c5324ef1b15248c0e84763df.png", "pose": [[-0.7561832666397095, -0.6543598771095276, 0.0, 674.81640625], [0.6543598771095276, -0.7561832666397095, 0.0, 636.6212158203125], [0.0, 0.0, 1.0, 0.0], [0.0, 0.0, 0.0, 1.0]], "pose_inverse": [[-0.7561832666397095, 0.6543598771095276, 0.0, 93.70552062988281], [-0.6543598771095276, -0.7561832666397095, 0.0, 922.97509765625], [0.0, 0.0, 1.0, 0.0], [0.0, 0.0, 0.0, 1.0]], "cam_ids": [0, 1, 2, 3, 4, 5], "cam_channels": ["CAM_FRONT_LEFT", "CAM_FRONT", "CAM_FRONT_RIGHT", "CAM_BACK_LEFT", "CAM_BACK", "CAM_BACK_RIGHT"], "token": "fc0d62f7c5324ef1b15248c0e84763df", "scene": "scene-0647"}, {"images": ["samples/CAM_FRONT_LEFT/n008-2018-09-18-14-43-59-0400__CAM_FRONT_LEFT__1537296484754799.jpg", "samples/CAM_FRONT/n008-2018-09-18-14-43-59-0400__CAM_FRONT__1537296484762404.jpg", "samples/CAM_FRONT_RIGHT/n008-2018-09-18-14-43-59-0400__CAM_FRONT_RIGHT__1537296484770482.jpg", "samples/CAM_BACK_LEFT/n008-2018-09-18-14-43-59-0400__CAM_BACK_LEFT__1537296484797405.jpg", "samples/CAM_BACK/n008-2018-09-18-14-43-59-0400__CAM_BACK__1537296484787558.jpg", "samples/CAM_BACK_RIGHT/n008-2018-09-18-14-43-59-0400__CAM_BACK_RIGHT__1537296484778113.jpg"], "intrinsics": [[[1257.8625342125129, 0.0, 827.2410631095686], [0.0, 1257.8625342125129, 450.915498205774], [0.0, 0.0, 1.0]], [[1252.8131021185304, 0.0, 826.588114781398], [0.0, 1252.8131021185304, 469.9846626224581], [0.0, 0.0, 1.0]], [[1256.7485116440405, 0.0, 817.7887570959712], [0.0, 1256.7485116440403, 451.9541780095127], [0.0, 0.0, 1.0]], [[1254.9860565800168, 0.0, 829.5769333630991], [0.0, 1254.9860565800168, 467.1680561863987], [0.0, 0.0, 1.0]], [[796.8910634503094, 0.0, 857.7774326863696], [0.0, 796.8910634503094, 476.8848988407415], [0.0, 0.0, 1.0]], [[1249.9629280788233, 0.0, 825.3768045375984], [0.0, 1249.9629280788233, 462.54816385708756], [0.0, 0.0, 1.0]]], "extrinsics": [[[0.8224300742149353, -0.5685680508613586, -0.01841866411268711, -0.634796142578125], [0.007013026624917984, 0.0425090417265892, -0.9990714192390442, 1.4912452697753906], [0.5688231587409973, 0.8215372562408447, 0.038948096334934235, -1.08251953125], [0.0, 0.0, 0.0, 1.0]], [[0.010013033635914326, -0.9992179274559021, -0.038253869861364365, 0.0125732421875], [0.009054512716829777, 0.03834482282400131, -0.9992235898971558, 1.4834060668945312], [0.9999089241027832, 0.009658926166594028, 0.009431381709873676, -1.3620071411132812], [0.0, 0.0, 0.0, 1.0]], [[-0.8441265821456909, -0.5352838635444641, -0.0303571168333292, 0.8441162109375], [0.017154382541775703, 0.029626993462443352, -0.999413788318634, 1.4980335235595703], [0.5358694791793823, -0.8441525101661682, -0.01582646556198597, -1.11798095703125], [0.0, 0.0, 0.0, 1.0]], [[0.9479382634162903, 0.3183842897415161, 0.006665194872766733, -1.119110107421875], [-0.008037455379962921, 0.0448429249227047, -0.9989616870880127, 1.5618247985839844], [-0.31835266947746277, 0.946900486946106, 0.04506732150912285, -0.16455078125], [0.0, 0.0, 0.0, 1.0]], [[0.009475606493651867, 0.9992609620094299, 0.03725244849920273, -0.028564453125], [-0.006005147937685251, 0.03731031343340874, -0.9992856383323669, 1.5672760009765625], [-0.999937117099762, 0.009245089255273342, 0.006354247219860554, -0.080413818359375], [0.0, 0.0, 0.0, 1.0]], [[-0.9236066341400146, 0.3832721412181854, 0.007297322154045105, 0.957733154296875], [-0.0018495236290618777, 0.014580508694052696, -0.999891996383667, 1.5473804473876953], [-0.3833371102809906, -0.9235203266143799, -0.012757781893014908, -0.12603759765625], [0.0, 0.0, 0.0, 1.0]]], "view": [[0.0, -2.0, 100.0], [-2.0, 0.0, 100.0], [0.0, 0.0, 1.0]], "bev": "bev_e635564bc6e048e1a73425c668f2ee1e.png", "aux": "aux_e635564bc6e048e1a73425c668f2ee1e.npz", "visibility": "visibility_e635564bc6e048e1a73425c668f2ee1e.png", "pose": [[-0.7549893260002136, -0.6557371020317078, 0.0, 671.1276245117188], [0.6557371020317078, -0.7549893260002136, 0.0, 639.8807373046875], [0.0, 0.0, 1.0, 0.0], [0.0, 0.0, 0.0, 1.0]], "pose_inverse": [[-0.7549893260002136, 0.6557371020317078, 0.0, 87.10066986083984], [-0.6557371020317078, -0.7549893260002136, 0.0, 923.1864013671875], [0.0, 0.0, 1.0, 0.0], [0.0, 0.0, 0.0, 1.0]], "cam_ids": [0, 1, 2, 3, 4, 5], "cam_channels": ["CAM_FRONT_LEFT", "CAM_FRONT", "CAM_FRONT_RIGHT", "CAM_BACK_LEFT", "CAM_BACK", "CAM_BACK_RIGHT"], "token": "e635564bc6e048e1a73425c668f2ee1e", "scene": "scene-0647"}, {"images": ["samples/CAM_FRONT_LEFT/n008-2018-09-18-14-43-59-0400__CAM_FRONT_LEFT__1537296485254799.jpg", "samples/CAM_FRONT/n008-2018-09-18-14-43-59-0400__CAM_FRONT__1537296485262404.jpg", "samples/CAM_FRONT_RIGHT/n008-2018-09-18-14-43-59-0400__CAM_FRONT_RIGHT__1537296485270482.jpg", "samples/CAM_BACK_LEFT/n008-2018-09-18-14-43-59-0400__CAM_BACK_LEFT__1537296485297405.jpg", "samples/CAM_BACK/n008-2018-09-18-14-43-59-0400__CAM_BACK__1537296485287558.jpg", "samples/CAM_BACK_RIGHT/n008-2018-09-18-14-43-59-0400__CAM_BACK_RIGHT__1537296485278113.jpg"], "intrinsics": [[[1257.8625342125129, 0.0, 827.2410631095686], [0.0, 1257.8625342125129, 450.915498205774], [0.0, 0.0, 1.0]], [[1252.8131021185304, 0.0, 826.588114781398], [0.0, 1252.8131021185304, 469.9846626224581], [0.0, 0.0, 1.0]], [[1256.7485116440405, 0.0, 817.7887570959712], [0.0, 1256.7485116440403, 451.9541780095127], [0.0, 0.0, 1.0]], [[1254.9860565800168, 0.0, 829.5769333630991], [0.0, 1254.9860565800168, 467.1680561863987], [0.0, 0.0, 1.0]], [[796.8910634503094, 0.0, 857.7774326863696], [0.0, 796.8910634503094, 476.8848988407415], [0.0, 0.0, 1.0]], [[1249.9629280788233, 0.0, 825.3768045375984], [0.0, 1249.9629280788233, 462.54816385708756], [0.0, 0.0, 1.0]]], "extrinsics": [[[0.8221026062965393, -0.5692688822746277, -0.008965620771050453, -0.644927978515625], [0.015176019631326199, 0.037652645260095596, -0.9991756081581116, 1.4948539733886719], [0.5691371560096741, 0.8212888240814209, 0.039593569934368134, -1.0863037109375], [0.0, 0.0, 0.0, 1.0]], [[0.009836300276219845, -0.9993894100189209, -0.033527400344610214, 0.0106201171875], [0.017210552468895912, 0.033693257719278336, -0.9992840886116028, 1.486328125], [0.9998034834861755, 0.009252329356968403, 0.017531460151076317, -1.3733901977539062], [0.0, 0.0, 0.0, 1.0]], [[-0.8439449071884155, -0.535295844078064, -0.03485969826579094, 0.85382080078125], [0.02533132955431938, 0.025143546983599663, -0.9993628859519958, 1.5001659393310547], [0.5358313918113708, -0.8442902565002441, -0.007660013157874346, -1.12554931640625], [0.0, 0.0, 0.0, 1.0]], [[0.9478698968887329, 0.31838667392730713, 0.013141130097210407, -1.130859375], [0.00020634657994378358, 0.040625736117362976, -0.9991744160652161, 1.562042236328125], [-0.31865760684013367, 0.9470900297164917, 0.0384422168135643, -0.1605224609375], [0.0, 0.0, 0.0, 1.0]], [[0.009082749485969543, 0.9994131326675415, 0.033029016107320786, -0.028564453125], [0.002308988943696022, 0.033009327948093414, -0.9994523525238037, 1.5682964324951172], [-0.9999561309814453, 0.009154055267572403, -0.002007819013670087, -0.067657470703125], [0.0, 0.0, 0.0, 1.0]], [[-0.9236798286437988, 0.3831598460674286, -0.0019909157417714596, 0.970001220703125], [0.00638548331335187, 0.010197757743299007, -0.9999275803565979, 1.5491151809692383], [-0.38311177492141724, -0.9236258268356323, -0.011866123415529728, -0.121337890625], [0.0, 0.0, 0.0, 1.0]]], "view": [[0.0, -2.0, 100.0], [-2.0, 0.0, 100.0], [0.0, 0.0, 1.0]], "bev": "bev_c4ad7ea35ccf43318373957f80262812.png", "aux": "aux_c4ad7ea35ccf43318373957f80262812.npz", "visibility": "visibility_c4ad7ea35ccf43318373957f80262812.png", "pose": [[-0.7577372193336487, -0.6525598168373108, 0.0, 667.4111938476562], [0.6525598168373108, -0.7577372193336487, 0.0, 643.137451171875], [0.0, 0.0, 1.0, 0.0], [0.0, 0.0, 0.0, 1.0]], "pose_inverse": [[-0.7577372193336487, 0.6525598168373108, 0.0, 86.03662109375], [-0.6525598168373108, -0.7577372193336487, 0.0, 922.8549194335938], [0.0, 0.0, 1.0, 0.0], [0.0, 0.0, 0.0, 1.0]], "cam_ids": [0, 1, 2, 3, 4, 5], "cam_channels": ["CAM_FRONT_LEFT", "CAM_FRONT", "CAM_FRONT_RIGHT", "CAM_BACK_LEFT", "CAM_BACK", "CAM_BACK_RIGHT"], "token": "c4ad7ea35ccf43318373957f80262812", "scene": "scene-0647"}, {"images": ["samples/CAM_FRONT_LEFT/n008-2018-09-18-14-43-59-0400__CAM_FRONT_LEFT__1537296485754799.jpg", "samples/CAM_FRONT/n008-2018-09-18-14-43-59-0400__CAM_FRONT__1537296485762404.jpg", "samples/CAM_FRONT_RIGHT/n008-2018-09-18-14-43-59-0400__CAM_FRONT_RIGHT__1537296485770482.jpg", "samples/CAM_BACK_LEFT/n008-2018-09-18-14-43-59-0400__CAM_BACK_LEFT__1537296485797405.jpg", "samples/CAM_BACK/n008-2018-09-18-14-43-59-0400__CAM_BACK__1537296485787558.jpg", "samples/CAM_BACK_RIGHT/n008-2018-09-18-14-43-59-0400__CAM_BACK_RIGHT__1537296485778113.jpg"], "intrinsics": [[[1257.8625342125129, 0.0, 827.2410631095686], [0.0, 1257.8625342125129, 450.915498205774], [0.0, 0.0, 1.0]], [[1252.8131021185304, 0.0, 826.588114781398], [0.0, 1252.8131021185304, 469.9846626224581], [0.0, 0.0, 1.0]], [[1256.7485116440405, 0.0, 817.7887570959712], [0.0, 1256.7485116440403, 451.9541780095127], [0.0, 0.0, 1.0]], [[1254.9860565800168, 0.0, 829.5769333630991], [0.0, 1254.9860565800168, 467.1680561863987], [0.0, 0.0, 1.0]], [[796.8910634503094, 0.0, 857.7774326863696], [0.0, 796.8910634503094, 476.8848988407415], [0.0, 0.0, 1.0]], [[1249.9629280788233, 0.0, 825.3768045375984], [0.0, 1249.9629280788233, 462.54816385708756], [0.0, 0.0, 1.0]]], "extrinsics": [[[0.8222115635871887, -0.5691473484039307, -0.006273576989769936, -0.637420654296875], [0.01759169064462185, 0.03642735257744789, -0.9991814494132996, 1.496063232421875], [0.5689100623130798, 0.8214282393455505, 0.0399632602930069, -1.0814208984375], [0.0, 0.0, 0.0, 1.0]], [[0.009926551021635532, -0.9994384050369263, -0.03200392797589302, 0.0106201171875], [0.019452596083283424, 0.03219245746731758, -0.9992923736572266, 1.4872760772705078], [0.9997615218162537, 0.009296968579292297, 0.019761232659220695, -1.3664169311523438], [0.0, 0.0, 0.0, 1.0]], [[-0.8439492583274841, -0.5352383255958557, -0.03562977910041809, 0.84954833984375], [0.02735905908048153, 0.023385904729366302, -0.9993520975112915, 1.5008792877197266], [0.5357247591018677, -0.8443772792816162, -0.00509290024638176, -1.123046875], [0.0, 0.0, 0.0, 1.0]], [[0.9480339288711548, 0.31787750124931335, 0.013619819656014442, -1.12890625], [0.0015358978416770697, 0.038234107196331024, -0.9992676377296448, 1.562103271484375], [-0.3181653618812561, 0.9473605751991272, 0.035759005695581436, -0.16009521484375], [0.0, 0.0, 0.0, 1.0]], [[0.009473942220211029, 0.9994786381721497, 0.030866319313645363, -0.0279541015625], [0.003797296667471528, 0.03083152137696743, -0.9995173215866089, 1.568490982055664], [-0.9999479055404663, 0.009586585685610771, -0.0035032189916819334, -0.0697784423828125], [0.0, 0.0, 0.0, 1.0]], [[-0.9235627055168152, 0.38342198729515076, -0.0043915435671806335, 0.96734619140625], [0.008175970055162907, 0.008240983821451664, -0.9999326467514038, 1.5495128631591797], [-0.3833599090576172, -0.923536479473114, -0.010745910927653313, -0.12286376953125], [0.0, 0.0, 0.0, 1.0]]], "view": [[0.0, -2.0, 100.0], [-2.0, 0.0, 100.0], [0.0, 0.0, 1.0]], "bev": "bev_2b72aec6266143bc910226405fd836fe.png", "aux": "aux_2b72aec6266143bc910226405fd836fe.npz", "visibility": "visibility_2b72aec6266143bc910226405fd836fe.png", "pose": [[-0.7570649981498718, -0.6533395648002625, 0.0, 663.6076049804688], [0.6533395648002625, -0.7570649981498718, 0.0, 646.4732666015625], [0.0, 0.0, 1.0, 0.0], [0.0, 0.0, 0.0, 1.0]], "pose_inverse": [[-0.7570649981498718, 0.6533395648002625, 0.0, 80.02749633789062], [-0.6533395648002625, -0.7570649981498718, 0.0, 922.9833984375], [0.0, 0.0, 1.0, 0.0], [0.0, 0.0, 0.0, 1.0]], "cam_ids": [0, 1, 2, 3, 4, 5], "cam_channels": ["CAM_FRONT_LEFT", "CAM_FRONT", "CAM_FRONT_RIGHT", "CAM_BACK_LEFT", "CAM_BACK", "CAM_BACK_RIGHT"], "token": "2b72aec6266143bc910226405fd836fe", "scene": "scene-0647"}, {"images": ["samples/CAM_FRONT_LEFT/n008-2018-09-18-14-43-59-0400__CAM_FRONT_LEFT__1537296486255497.jpg", "samples/CAM_FRONT/n008-2018-09-18-14-43-59-0400__CAM_FRONT__1537296486262404.jpg", "samples/CAM_FRONT_RIGHT/n008-2018-09-18-14-43-59-0400__CAM_FRONT_RIGHT__1537296486270482.jpg", "samples/CAM_BACK_LEFT/n008-2018-09-18-14-43-59-0400__CAM_BACK_LEFT__1537296486297405.jpg", "samples/CAM_BACK/n008-2018-09-18-14-43-59-0400__CAM_BACK__1537296486287558.jpg", "samples/CAM_BACK_RIGHT/n008-2018-09-18-14-43-59-0400__CAM_BACK_RIGHT__1537296486278113.jpg"], "intrinsics": [[[1257.8625342125129, 0.0, 827.2410631095686], [0.0, 1257.8625342125129, 450.915498205774], [0.0, 0.0, 1.0]], [[1252.8131021185304, 0.0, 826.588114781398], [0.0, 1252.8131021185304, 469.9846626224581], [0.0, 0.0, 1.0]], [[1256.7485116440405, 0.0, 817.7887570959712], [0.0, 1256.7485116440403, 451.9541780095127], [0.0, 0.0, 1.0]], [[1254.9860565800168, 0.0, 829.5769333630991], [0.0, 1254.9860565800168, 467.1680561863987], [0.0, 0.0, 1.0]], [[796.8910634503094, 0.0, 857.7774326863696], [0.0, 796.8910634503094, 476.8848988407415], [0.0, 0.0, 1.0]], [[1249.9629280788233, 0.0, 825.3768045375984], [0.0, 1249.9629280788233, 462.54816385708756], [0.0, 0.0, 1.0]]], "extrinsics": [[[0.8221527338027954, -0.569198489189148, -0.008834363892674446, -0.6380615234375], [0.011975428089499474, 0.03280859813094139, -0.9993898868560791, 1.4934158325195312], [0.5691410899162292, 0.8215453028678894, 0.03379007428884506, -1.08587646484375], [0.0, 0.0, 0.0, 1.0]], [[0.009736081585288048, -0.9995403289794922, -0.028711099177598953, 0.013916015625], [0.013838098384439945, 0.02884439192712307, -0.999488115310669, 1.4851951599121094], [0.9998568296432495, 0.009333784691989422, 0.014112569391727448, -1.3609771728515625], [0.0, 0.0, 0.0, 1.0]], [[-0.8441321849822998, -0.5353359580039978, -0.02926204539835453, 0.84771728515625], [0.021778594702482224, 0.02029578574001789, -0.9995567202568054, 1.4993152618408203], [0.5356924533843994, -0.8443953394889832, -0.005473465658724308, -1.11883544921875], [0.0, 0.0, 0.0, 1.0]], [[0.9478997588157654, 0.31847700476646423, 0.007641721982508898, -1.132843017578125], [-0.003960208501666784, 0.035766005516052246, -0.9993523359298706, 1.5619850158691406], [-0.3185441493988037, 0.9472556114196777, 0.03516382351517677, -0.16009521484375], [0.0, 0.0, 0.0, 1.0]], [[0.009364970028400421, 0.9995595216751099, 0.028161093592643738, -0.02935791015625], [-0.0016928386176005006, 0.028178134933114052, -0.999601423740387, 1.5678272247314453], [-0.9999547600746155, 0.009313543327152729, 0.0019559788051992655, -0.0693206787109375], [0.0, 0.0, 0.0, 1.0]], [[-0.9235807061195374, 0.3834039866924286, -0.00040390173671767116, 0.964385986328125], [0.002659956458956003, 0.005354117136448622, -0.9999821186065674, 1.5483589172363281], [-0.38339489698410034, -0.9235653281211853, -0.005964797455817461, -0.1220703125], [0.0, 0.0, 0.0, 1.0]]], "view": [[0.0, -2.0, 100.0], [-2.0, 0.0, 100.0], [0.0, 0.0, 1.0]], "bev": "bev_4320bdc3a4b44046960d34c72a710cb4.png", "aux": "aux_4320bdc3a4b44046960d34c72a710cb4.npz", "visibility": "visibility_4320bdc3a4b44046960d34c72a710cb4.png", "pose": [[-0.7577882409095764, -0.652500569820404, 0.0, 659.8519287109375], [0.652500569820404, -0.7577882409095764, 0.0, 649.7806396484375], [0.0, 0.0, 1.0, 0.0], [0.0, 0.0, 0.0, 1.0]], "pose_inverse": [[-0.7577882409095764, 0.652500569820404, 0.0, 76.0457992553711], [-0.652500569820404, -0.7577882409095764, 0.0, 922.9498901367188], [0.0, 0.0, 1.0, 0.0], [0.0, 0.0, 0.0, 1.0]], "cam_ids": [0, 1, 2, 3, 4, 5], "cam_channels": ["CAM_FRONT_LEFT", "CAM_FRONT", "CAM_FRONT_RIGHT", "CAM_BACK_LEFT", "CAM_BACK", "CAM_BACK_RIGHT"], "token": "4320bdc3a4b44046960d34c72a710cb4", "scene": "scene-0647"}, {"images": ["samples/CAM_FRONT_LEFT/n008-2018-09-18-14-43-59-0400__CAM_FRONT_LEFT__1537296486654799.jpg", "samples/CAM_FRONT/n008-2018-09-18-14-43-59-0400__CAM_FRONT__1537296486662404.jpg", "samples/CAM_FRONT_RIGHT/n008-2018-09-18-14-43-59-0400__CAM_FRONT_RIGHT__1537296486670482.jpg", "samples/CAM_BACK_LEFT/n008-2018-09-18-14-43-59-0400__CAM_BACK_LEFT__1537296486697405.jpg", "samples/CAM_BACK/n008-2018-09-18-14-43-59-0400__CAM_BACK__1537296486687558.jpg", "samples/CAM_BACK_RIGHT/n008-2018-09-18-14-43-59-0400__CAM_BACK_RIGHT__1537296486678113.jpg"], "intrinsics": [[[1257.8625342125129, 0.0, 827.2410631095686], [0.0, 1257.8625342125129, 450.915498205774], [0.0, 0.0, 1.0]], [[1252.8131021185304, 0.0, 826.588114781398], [0.0, 1252.8131021185304, 469.9846626224581], [0.0, 0.0, 1.0]], [[1256.7485116440405, 0.0, 817.7887570959712], [0.0, 1256.7485116440403, 451.9541780095127], [0.0, 0.0, 1.0]], [[1254.9860565800168, 0.0, 829.5769333630991], [0.0, 1254.9860565800168, 467.1680561863987], [0.0, 0.0, 1.0]], [[796.8910634503094, 0.0, 857.7774326863696], [0.0, 796.8910634503094, 476.8848988407415], [0.0, 0.0, 1.0]], [[1249.9629280788233, 0.0, 825.3768045375984], [0.0, 1249.9629280788233, 462.54816385708756], [0.0, 0.0, 1.0]]], "extrinsics": [[[0.822641134262085, -0.5684310793876648, -0.012153325602412224, -0.630126953125], [0.008154688403010368, 0.03316957503557205, -0.9994164705276489, 1.49188232421875], [0.5685024857521057, 0.822062075138092, 0.03192203491926193, -1.07830810546875], [0.0, 0.0, 0.0, 1.0]], [[0.010404666885733604, -0.9995291829109192, -0.02886563166975975, 0.01202392578125], [0.010086637921631336, 0.028970638290047646, -0.9995293617248535, 1.4838600158691406], [0.9998949766159058, 0.010108590126037598, 0.010383318178355694, -1.3605880737304688], [0.0, 0.0, 0.0, 1.0]], [[-0.8439081311225891, -0.5358535051345825, -0.026080194860696793, 0.846923828125], [0.018067847937345505, 0.020197710022330284, -0.999632716178894, 1.498270034790039], [0.5361835360527039, -0.8440693616867065, -0.007363290525972843, -1.12017822265625], [0.0, 0.0, 0.0, 1.0]], [[0.9478133916854858, 0.3187994360923767, 0.004093690309673548, -1.1312255859375], [-0.007489264011383057, 0.03509879857301712, -0.9993557929992676, 1.5619354248046875], [-0.3187377452850342, 0.9471720457077026, 0.03565467894077301, -0.1605224609375], [0.0, 0.0, 0.0, 1.0]], [[0.009086774662137032, 0.9995764493942261, 0.027647631242871284, -0.02874755859375], [-0.005337764974683523, 0.027696864679455757, -0.9996020793914795, 1.5674304962158203], [-0.9999445080757141, 0.008935562334954739, 0.005587180145084858, -0.069549560546875], [0.0, 0.0, 0.0, 1.0]], [[-0.9237493276596069, 0.3829864263534546, 0.002910210518166423, 0.965545654296875], [-0.0010487809777259827, 0.00506900530308485, -0.9999865889549255, 1.5475826263427734], [-0.38299599289894104, -0.923740029335022, -0.0042808204889297485, -0.1229248046875], [0.0, 0.0, 0.0, 1.0]]], "view": [[0.0, -2.0, 100.0], [-2.0, 0.0, 100.0], [0.0, 0.0, 1.0]], "bev": "bev_9cf4e06585fc4e258581d2381c7e7402.png", "aux": "aux_9cf4e06585fc4e258581d2381c7e7402.npz", "visibility": "visibility_9cf4e06585fc4e258581d2381c7e7402.png", "pose": [[-0.7585145235061646, -0.6516561508178711, 0.0, 656.783935546875], [0.6516561508178711, -0.7585145235061646, 0.0, 652.4681396484375], [0.0, 0.0, 1.0, 0.0], [0.0, 0.0, 0.0, 1.0]], "pose_inverse": [[-0.7585145235061646, 0.6516561508178711, 0.0, 72.99529266357422], [-0.6516561508178711, -0.7585145235061646, 0.0, 922.9038696289062], [0.0, 0.0, 1.0, 0.0], [0.0, 0.0, 0.0, 1.0]], "cam_ids": [0, 1, 2, 3, 4, 5], "cam_channels": ["CAM_FRONT_LEFT", "CAM_FRONT", "CAM_FRONT_RIGHT", "CAM_BACK_LEFT", "CAM_BACK", "CAM_BACK_RIGHT"], "token": "9cf4e06585fc4e258581d2381c7e7402", "scene": "scene-0647"}, {"images": ["samples/CAM_FRONT_LEFT/n008-2018-09-18-14-43-59-0400__CAM_FRONT_LEFT__1537296487154799.jpg", "samples/CAM_FRONT/n008-2018-09-18-14-43-59-0400__CAM_FRONT__1537296487162404.jpg", "samples/CAM_FRONT_RIGHT/n008-2018-09-18-14-43-59-0400__CAM_FRONT_RIGHT__1537296487170482.jpg", "samples/CAM_BACK_LEFT/n008-2018-09-18-14-43-59-0400__CAM_BACK_LEFT__1537296487197405.jpg", "samples/CAM_BACK/n008-2018-09-18-14-43-59-0400__CAM_BACK__1537296487187558.jpg", "samples/CAM_BACK_RIGHT/n008-2018-09-18-14-43-59-0400__CAM_BACK_RIGHT__1537296487178121.jpg"], "intrinsics": [[[1257.8625342125129, 0.0, 827.2410631095686], [0.0, 1257.8625342125129, 450.915498205774], [0.0, 0.0, 1.0]], [[1252.8131021185304, 0.0, 826.588114781398], [0.0, 1252.8131021185304, 469.9846626224581], [0.0, 0.0, 1.0]], [[1256.7485116440405, 0.0, 817.7887570959712], [0.0, 1256.7485116440403, 451.9541780095127], [0.0, 0.0, 1.0]], [[1254.9860565800168, 0.0, 829.5769333630991], [0.0, 1254.9860565800168, 467.1680561863987], [0.0, 0.0, 1.0]], [[796.8910634503094, 0.0, 857.7774326863696], [0.0, 796.8910634503094, 476.8848988407415], [0.0, 0.0, 1.0]], [[1249.9629280788233, 0.0, 825.3768045375984], [0.0, 1249.9629280788233, 462.54816385708756], [0.0, 0.0, 1.0]]], "extrinsics": [[[0.8224745392799377, -0.568693995475769, -0.011076542548835278, -0.64599609375], [0.004506485071033239, 0.025987891480326653, -0.999652087688446, 1.4901676177978516], [0.5687840580940247, 0.8221384882926941, 0.02393719181418419, -1.0889892578125], [0.0, 0.0, 0.0, 1.0]], [[0.010056650266051292, -0.9997118711471558, -0.021792955696582794, 0.01153564453125], [0.0063017490319907665, 0.021856987848877907, -0.99974125623703, 1.4823665618896484], [0.999929666519165, 0.009916724637150764, 0.006519741844385862, -1.376739501953125], [0.0, 0.0, 0.0, 1.0]], [[-0.8440922498703003, -0.535862922668457, -0.01894790306687355, 0.85760498046875], [0.014097391627728939, 0.013146795332431793, -0.9998142123222351, 1.4969568252563477], [0.5360124707221985, -0.8442025780677795, -0.0035428388509899378, -1.127197265625], [0.0, 0.0, 0.0, 1.0]], [[0.9478756785392761, 0.31863147020339966, -0.0023714436683803797, -1.13568115234375], [-0.01193093229085207, 0.0280534029006958, -0.9995352625846863, 1.561941146850586], [-0.3184169828891754, 0.9474635124206543, 0.030392711982131004, -0.158935546875], [0.0, 0.0, 0.0, 1.0]], [[0.009318111464381218, 0.9997446537017822, 0.02058831974864006, -0.028564453125], [-0.009564375504851341, 0.02067737840116024, -0.9997404217720032, 1.567026138305664], [-0.999910831451416, 0.009118819609284401, 0.009754607453942299, -0.06252288818359375], [0.0, 0.0, 0.0, 1.0]], [[-0.9236944913864136, 0.3831084966659546, 0.004055255092680454, 0.974395751953125], [-0.005196179263293743, -0.0019432863919064403, -0.999984622001648, 1.5467705726623535], [-0.3830946385860443, -0.9237013459205627, 0.003785704495385289, -0.119384765625], [0.0, 0.0, 0.0, 1.0]]], "view": [[0.0, -2.0, 100.0], [-2.0, 0.0, 100.0], [0.0, 0.0, 1.0]], "bev": "bev_b97f48a767a749f58bd722884718e9a5.png", "aux": "aux_b97f48a767a749f58bd722884718e9a5.npz", "visibility": "visibility_b97f48a767a749f58bd722884718e9a5.png", "pose": [[-0.7592180967330933, -0.6508362889289856, 0.0, 652.9701538085938], [0.6508362889289856, -0.7592180967330933, 0.0, 655.797119140625], [0.0, 0.0, 1.0, 0.0], [0.0, 0.0, 0.0, 1.0]], "pose_inverse": [[-0.7592180967330933, 0.6508362889289856, 0.0, 68.93021392822266], [-0.6508362889289856, -0.7592180967330933, 0.0, 922.8696899414062], [0.0, 0.0, 1.0, 0.0], [0.0, 0.0, 0.0, 1.0]], "cam_ids": [0, 1, 2, 3, 4, 5], "cam_channels": ["CAM_FRONT_LEFT", "CAM_FRONT", "CAM_FRONT_RIGHT", "CAM_BACK_LEFT", "CAM_BACK", "CAM_BACK_RIGHT"], "token": "b97f48a767a749f58bd722884718e9a5", "scene": "scene-0647"}, {"images": ["samples/CAM_FRONT_LEFT/n008-2018-09-18-14-43-59-0400__CAM_FRONT_LEFT__1537296487654799.jpg", "samples/CAM_FRONT/n008-2018-09-18-14-43-59-0400__CAM_FRONT__1537296487662404.jpg", "samples/CAM_FRONT_RIGHT/n008-2018-09-18-14-43-59-0400__CAM_FRONT_RIGHT__1537296487670482.jpg", "samples/CAM_BACK_LEFT/n008-2018-09-18-14-43-59-0400__CAM_BACK_LEFT__1537296487697405.jpg", "samples/CAM_BACK/n008-2018-09-18-14-43-59-0400__CAM_BACK__1537296487687558.jpg", "samples/CAM_BACK_RIGHT/n008-2018-09-18-14-43-59-0400__CAM_BACK_RIGHT__1537296487678113.jpg"], "intrinsics": [[[1257.8625342125129, 0.0, 827.2410631095686], [0.0, 1257.8625342125129, 450.915498205774], [0.0, 0.0, 1.0]], [[1252.8131021185304, 0.0, 826.588114781398], [0.0, 1252.8131021185304, 469.9846626224581], [0.0, 0.0, 1.0]], [[1256.7485116440405, 0.0, 817.7887570959712], [0.0, 1256.7485116440403, 451.9541780095127], [0.0, 0.0, 1.0]], [[1254.9860565800168, 0.0, 829.5769333630991], [0.0, 1254.9860565800168, 467.1680561863987], [0.0, 0.0, 1.0]], [[796.8910634503094, 0.0, 857.7774326863696], [0.0, 796.8910634503094, 476.8848988407415], [0.0, 0.0, 1.0]], [[1249.9629280788233, 0.0, 825.3768045375984], [0.0, 1249.9629280788233, 462.54816385708756], [0.0, 0.0, 1.0]]], "extrinsics": [[[0.82218998670578, -0.5691114068031311, -0.010763070546090603, -0.631591796875], [0.006264647003263235, 0.02795478142797947, -0.9995895624160767, 1.4910202026367188], [0.5691787600517273, 0.8217850923538208, 0.02654942311346531, -1.07928466796875], [0.0, 0.0, 0.0, 1.0]], [[0.009738262742757797, -0.9996690154075623, -0.02381255477666855, 0.01202392578125], [0.008355353958904743, 0.02389420196413994, -0.9996795654296875, 1.4832115173339844], [0.9999176859855652, 0.009536229074001312, 0.008585276082158089, -1.36138916015625], [0.0, 0.0, 0.0, 1.0]], [[-0.8441995978355408, -0.5355722904205322, -0.022123733535408974, 0.8468017578125], [0.01652069203555584, 0.015257286839187145, -0.9997470378875732, 1.4978303909301758], [0.5357743501663208, -0.844351589679718, -0.004032169468700886, -1.1199951171875], [0.0, 0.0, 0.0, 1.0]], [[0.947884738445282, 0.3186083436012268, 0.0017870002193376422, -1.130645751953125], [-0.00843657273799181, 0.03070538118481636, -0.999492883682251, 1.561920166015625], [-0.318501740694046, 0.9473890066146851, 0.031793124973773956, -0.1607666015625], [0.0, 0.0, 0.0, 1.0]], [[0.009378377348184586, 0.9996914267539978, 0.022999392822384834, -0.0286865234375], [-0.0064345961436629295, 0.023060260340571404, -0.9997133612632751, 1.5672988891601562], [-0.9999353885650635, 0.009227692149579525, 0.006648878566920757, -0.07064437866210938], [0.0, 0.0, 0.0, 1.0]], [[-0.9236172437667847, 0.3833090662956238, 0.002312490250915289, 0.96441650390625], [-0.002395520219579339, 0.00026072870241478086, -0.999997079372406, 1.547304630279541], [-0.3833085000514984, -0.9236201047897339, 0.0006774109206162393, -0.12322998046875], [0.0, 0.0, 0.0, 1.0]]], "view": [[0.0, -2.0, 100.0], [-2.0, 0.0, 100.0], [0.0, 0.0, 1.0]], "bev": "bev_39c4c4081f194021ae724f4b837d5010.png", "aux": "aux_39c4c4081f194021ae724f4b837d5010.npz", "visibility": "visibility_39c4c4081f194021ae724f4b837d5010.png", "pose": [[-0.7604836225509644, -0.6493571400642395, 0.0, 649.0947265625], [0.6493571400642395, -0.7604836225509644, 0.0, 659.162353515625], [0.0, 0.0, 1.0, 0.0], [0.0, 0.0, 0.0, 1.0]], "pose_inverse": [[-0.7604836225509644, 0.6493571400642395, 0.0, 65.59412384033203], [-0.6493571400642395, -0.7604836225509644, 0.0, 922.7764282226562], [0.0, 0.0, 1.0, 0.0], [0.0, 0.0, 0.0, 1.0]], "cam_ids": [0, 1, 2, 3, 4, 5], "cam_channels": ["CAM_FRONT_LEFT", "CAM_FRONT", "CAM_FRONT_RIGHT", "CAM_BACK_LEFT", "CAM_BACK", "CAM_BACK_RIGHT"], "token": "39c4c4081f194021ae724f4b837d5010", "scene": "scene-0647"}, {"images": ["samples/CAM_FRONT_LEFT/n008-2018-09-18-14-43-59-0400__CAM_FRONT_LEFT__1537296488154799.jpg", "samples/CAM_FRONT/n008-2018-09-18-14-43-59-0400__CAM_FRONT__1537296488162404.jpg", "samples/CAM_FRONT_RIGHT/n008-2018-09-18-14-43-59-0400__CAM_FRONT_RIGHT__1537296488170482.jpg", "samples/CAM_BACK_LEFT/n008-2018-09-18-14-43-59-0400__CAM_BACK_LEFT__1537296488197405.jpg", "samples/CAM_BACK/n008-2018-09-18-14-43-59-0400__CAM_BACK__1537296488187558.jpg", "samples/CAM_BACK_RIGHT/n008-2018-09-18-14-43-59-0400__CAM_BACK_RIGHT__1537296488178113.jpg"], "intrinsics": [[[1257.8625342125129, 0.0, 827.2410631095686], [0.0, 1257.8625342125129, 450.915498205774], [0.0, 0.0, 1.0]], [[1252.8131021185304, 0.0, 826.588114781398], [0.0, 1252.8131021185304, 469.9846626224581], [0.0, 0.0, 1.0]], [[1256.7485116440405, 0.0, 817.7887570959712], [0.0, 1256.7485116440403, 451.9541780095127], [0.0, 0.0, 1.0]], [[1254.9860565800168, 0.0, 829.5769333630991], [0.0, 1254.9860565800168, 467.1680561863987], [0.0, 0.0, 1.0]], [[796.8910634503094, 0.0, 857.7774326863696], [0.0, 796.8910634503094, 476.8848988407415], [0.0, 0.0, 1.0]], [[1249.9629280788233, 0.0, 825.3768045375984], [0.0, 1249.9629280788233, 462.54816385708756], [0.0, 0.0, 1.0]]], "extrinsics": [[[0.8225632905960083, -0.5685951709747314, -0.00944152008742094, -0.628326416015625], [0.011847601272165775, 0.03373381868004799, -0.9993606209754944, 1.4935150146484375], [0.5685501098632812, 0.8219255208969116, 0.03448469191789627, -1.078857421875], [0.0, 0.0, 0.0, 1.0]], [[0.010333547368645668, -0.9995096325874329, -0.029559696093201637, 0.01318359375], [0.013883977197110653, 0.029701843857765198, -0.9994624257087708, 1.485260009765625], [0.9998502135276794, 0.009917637333273888, 0.014184094034135342, -1.3592758178710938], [0.0, 0.0, 0.0, 1.0]], [[-0.8438810706138611, -0.5356976985931396, -0.029880981892347336, 0.846435546875], [0.021957913413643837, 0.021163461729884148, -0.9995348453521729, 1.4994087219238281], [0.5360808968544006, -0.8441446423530579, -0.0060966406017541885, -1.11871337890625], [0.0, 0.0, 0.0, 1.0]], [[0.947869062423706, 0.3185378313064575, 0.008823838084936142, -1.13116455078125], [-0.0031786265317350626, 0.037140414118766785, -0.999305009841919, 1.5619926452636719], [-0.3186442255973816, 0.9471822381019592, 0.03621676564216614, -0.16058349609375], [0.0, 0.0, 0.0, 1.0]], [[0.009147749282419682, 0.9995293021202087, 0.02928294613957405, -0.0289306640625], [-0.001160638639703393, 0.02929476462304592, -0.9995701313018799, 1.5678939819335938], [-0.9999575614929199, 0.009109833277761936, 0.0014280735049396753, -0.07053756713867188], [0.0, 0.0, 0.0, 1.0]], [[-0.9237067699432373, 0.3830999732017517, -0.00030122295720502734, 0.963836669921875], [0.0029391366988420486, 0.0063004037365317345, -0.9999758005142212, 1.5484209060668945], [-0.3830888569355011, -0.9236854314804077, -0.0069457110948860645, -0.12286376953125], [0.0, 0.0, 0.0, 1.0]]], "view": [[0.0, -2.0, 100.0], [-2.0, 0.0, 100.0], [0.0, 0.0, 1.0]], "bev": "bev_0ca38bc58e514d41ac3315eecb19c143.png", "aux": "aux_0ca38bc58e514d41ac3315eecb19c143.npz", "visibility": "visibility_0ca38bc58e514d41ac3315eecb19c143.png", "pose": [[-0.7609328627586365, -0.6488306522369385, 0.0, 645.146728515625], [0.6488306522369385, -0.7609328627586365, 0.0, 662.5936279296875], [0.0, 0.0, 1.0, 0.0], [0.0, 0.0, 0.0, 1.0]], "pose_inverse": [[-0.7609328627586365, 0.6488306522369385, 0.0, 61.00228500366211], [-0.6488306522369385, -0.7609328627586365, 0.0, 922.7802124023438], [0.0, 0.0, 1.0, 0.0], [0.0, 0.0, 0.0, 1.0]], "cam_ids": [0, 1, 2, 3, 4, 5], "cam_channels": ["CAM_FRONT_LEFT", "CAM_FRONT", "CAM_FRONT_RIGHT", "CAM_BACK_LEFT", "CAM_BACK", "CAM_BACK_RIGHT"], "token": "0ca38bc58e514d41ac3315eecb19c143", "scene": "scene-0647"}, {"images": ["samples/CAM_FRONT_LEFT/n008-2018-09-18-14-43-59-0400__CAM_FRONT_LEFT__1537296488654799.jpg", "samples/CAM_FRONT/n008-2018-09-18-14-43-59-0400__CAM_FRONT__1537296488662404.jpg", "samples/CAM_FRONT_RIGHT/n008-2018-09-18-14-43-59-0400__CAM_FRONT_RIGHT__1537296488670482.jpg", "samples/CAM_BACK_LEFT/n008-2018-09-18-14-43-59-0400__CAM_BACK_LEFT__1537296488697405.jpg", "samples/CAM_BACK/n008-2018-09-18-14-43-59-0400__CAM_BACK__1537296488687558.jpg", "samples/CAM_BACK_RIGHT/n008-2018-09-18-14-43-59-0400__CAM_BACK_RIGHT__1537296488678113.jpg"], "intrinsics": [[[1257.8625342125129, 0.0, 827.2410631095686], [0.0, 1257.8625342125129, 450.915498205774], [0.0, 0.0, 1.0]], [[1252.8131021185304, 0.0, 826.588114781398], [0.0, 1252.8131021185304, 469.9846626224581], [0.0, 0.0, 1.0]], [[1256.7485116440405, 0.0, 817.7887570959712], [0.0, 1256.7485116440403, 451.9541780095127], [0.0, 0.0, 1.0]], [[1254.9860565800168, 0.0, 829.5769333630991], [0.0, 1254.9860565800168, 467.1680561863987], [0.0, 0.0, 1.0]], [[796.8910634503094, 0.0, 857.7774326863696], [0.0, 796.8910634503094, 476.8848988407415], [0.0, 0.0, 1.0]], [[1249.9629280788233, 0.0, 825.3768045375984], [0.0, 1249.9629280788233, 462.54816385708756], [0.0, 0.0, 1.0]]], "extrinsics": [[[0.8221942186355591, -0.5690964460372925, -0.011225969530642033, -0.6278076171875], [0.012495879083871841, 0.03776359185576439, -0.9992085695266724, 1.4939651489257812], [0.5690698623657227, 0.8214031457901001, 0.03816036507487297, -1.0738525390625], [0.0, 0.0, 0.0, 1.0]], [[0.009808944538235664, -0.9993882775306702, -0.03356825187802315, 0.01019287109375], [0.014415813609957695, 0.03370771184563637, -0.9993277192115784, 1.485574722290039], [0.999847948551178, 0.009318540804088116, 0.014737634919583797, -1.3568954467773438], [0.0, 0.0, 0.0, 1.0]], [[-0.8440935015678406, -0.535219669342041, -0.03234408423304558, 0.84375], [0.022435519844293594, 0.025014298036694527, -0.999435305595398, 1.499624252319336], [0.5357264280319214, -0.8443424105644226, -0.009106474928557873, -1.11981201171875], [0.0, 0.0, 0.0, 1.0]], [[0.9479151964187622, 0.3183671534061432, 0.009952971711754799, -1.139617919921875], [-0.0029271766543388367, 0.03995291143655777, -0.9991973042488098, 1.5620574951171875], [-0.3185093104839325, 0.9471251368522644, 0.03880389407277107, -0.15667724609375], [0.0, 0.0, 0.0, 1.0]], [[0.009364301338791847, 0.999427318572998, 0.03251902386546135, -0.02783203125], [-0.0007690122583881021, 0.03252763673663139, -0.9994704723358154, 1.5679759979248047], [-0.9999558925628662, 0.00933435931801796, 0.0010731699876487255, -0.0667724609375], [0.0, 0.0, 0.0, 1.0]], [[-0.9235865473747253, 0.38338926434516907, 0.0006511381361633539, 0.96380615234375], [0.0034057365264743567, 0.00990271382033825, -0.9999451637268066, 1.5485296249389648], [-0.3833746314048767, -0.9235337376594543, -0.010451734066009521, -0.12481689453125], [0.0, 0.0, 0.0, 1.0]]], "view": [[0.0, -2.0, 100.0], [-2.0, 0.0, 100.0], [0.0, 0.0, 1.0]], "bev": "bev_b2114e3bc5bf42b8affdcfc41857ed00.png", "aux": "aux_b2114e3bc5bf42b8affdcfc41857ed00.npz", "visibility": "visibility_b2114e3bc5bf42b8affdcfc41857ed00.png", "pose": [[-0.7608925104141235, -0.6488779187202454, 0.0, 641.2241821289062], [0.6488779187202454, -0.7608925104141235, 0.0, 666.0062255859375], [0.0, 0.0, 1.0, 0.0], [0.0, 0.0, 0.0, 1.0]], "pose_inverse": [[-0.7608925104141235, 0.6488779187202454, 0.0, 55.74595260620117], [-0.6488779187202454, -0.7608925104141235, 0.0, 922.8353881835938], [0.0, 0.0, 1.0, 0.0], [0.0, 0.0, 0.0, 1.0]], "cam_ids": [0, 1, 2, 3, 4, 5], "cam_channels": ["CAM_FRONT_LEFT", "CAM_FRONT", "CAM_FRONT_RIGHT", "CAM_BACK_LEFT", "CAM_BACK", "CAM_BACK_RIGHT"], "token": "b2114e3bc5bf42b8affdcfc41857ed00", "scene": "scene-0647"}, {"images": ["samples/CAM_FRONT_LEFT/n008-2018-09-18-14-43-59-0400__CAM_FRONT_LEFT__1537296489154799.jpg", "samples/CAM_FRONT/n008-2018-09-18-14-43-59-0400__CAM_FRONT__1537296489162404.jpg", "samples/CAM_FRONT_RIGHT/n008-2018-09-18-14-43-59-0400__CAM_FRONT_RIGHT__1537296489170482.jpg", "samples/CAM_BACK_LEFT/n008-2018-09-18-14-43-59-0400__CAM_BACK_LEFT__1537296489197405.jpg", "samples/CAM_BACK/n008-2018-09-18-14-43-59-0400__CAM_BACK__1537296489187558.jpg", "samples/CAM_BACK_RIGHT/n008-2018-09-18-14-43-59-0400__CAM_BACK_RIGHT__1537296489178113.jpg"], "intrinsics": [[[1257.8625342125129, 0.0, 827.2410631095686], [0.0, 1257.8625342125129, 450.915498205774], [0.0, 0.0, 1.0]], [[1252.8131021185304, 0.0, 826.588114781398], [0.0, 1252.8131021185304, 469.9846626224581], [0.0, 0.0, 1.0]], [[1256.7485116440405, 0.0, 817.7887570959712], [0.0, 1256.7485116440403, 451.9541780095127], [0.0, 0.0, 1.0]], [[1254.9860565800168, 0.0, 829.5769333630991], [0.0, 1254.9860565800168, 467.1680561863987], [0.0, 0.0, 1.0]], [[796.8910634503094, 0.0, 857.7774326863696], [0.0, 796.8910634503094, 476.8848988407415], [0.0, 0.0, 1.0]], [[1249.9629280788233, 0.0, 825.3768045375984], [0.0, 1249.9629280788233, 462.54816385708756], [0.0, 0.0, 1.0]]], "extrinsics": [[[0.8225419521331787, -0.5685802102088928, -0.011893549002707005, -0.62994384765625], [0.009641975164413452, 0.03485295549035072, -0.9993459582328796, 1.4924812316894531], [0.5686227679252625, 0.8218892216682434, 0.034150250256061554, -1.0802001953125], [0.0, 0.0, 0.0, 1.0]], [[0.010167093947529793, -0.9994784593582153, -0.03065037727355957, 0.01361083984375], [0.01163956057280302, 0.030768176540732384, -0.9994587898254395, 1.4843921661376953], [0.9998805522918701, 0.009804824367165565, 0.011946313083171844, -1.3601531982421875], [0.0, 0.0, 0.0, 1.0]], [[-0.8439908623695374, -0.5356012582778931, -0.028473548591136932, 0.8463134765625], [0.019686372950673103, 0.022117095068097115, -0.9995614886283875, 1.4987373352050781], [0.53599613904953, -0.8441813588142395, -0.008122581988573074, -1.11822509765625], [0.0, 0.0, 0.0, 1.0]], [[0.947906494140625, 0.31847813725471497, 0.006713749375194311, -1.130126953125], [-0.005478377919644117, 0.037371326237916946, -0.999286413192749, 1.5619544982910156], [-0.3185017704963684, 0.9471932649612427, 0.037169262766838074, -0.16082763671875], [0.0, 0.0, 0.0, 1.0]], [[0.009277901612222195, 0.9995120763778687, 0.02982432395219803, -0.0291748046875], [-0.0034926459193229675, 0.029