[{"images": ["samples/CAM_FRONT_LEFT/n015-2018-09-26-11-17-24+0800__CAM_FRONT_LEFT__1537931905604844.jpg", "samples/CAM_FRONT/n015-2018-09-26-11-17-24+0800__CAM_FRONT__1537931905612460.jpg", "samples/CAM_FRONT_RIGHT/n015-2018-09-26-11-17-24+0800__CAM_FRONT_RIGHT__1537931905620339.jpg", "samples/CAM_BACK_LEFT/n015-2018-09-26-11-17-24+0800__CAM_BACK_LEFT__1537931905647423.jpg", "samples/CAM_BACK/n015-2018-09-26-11-17-24+0800__CAM_BACK__1537931905637525.jpg", "samples/CAM_BACK_RIGHT/n015-2018-09-26-11-17-24+0800__CAM_BACK_RIGHT__1537931905627893.jpg"], "intrinsics": [[[1272.5979470598488, 0.0, 826.6154927353808], [0.0, 1272.5979470598488, 479.75165386361925], [0.0, 0.0, 1.0]], [[1266.417203046554, 0.0, 816.2670197447984], [0.0, 1266.417203046554, 491.50706579294757], [0.0, 0.0, 1.0]], [[1260.8474446004698, 0.0, 807.968244525554], [0.0, 1260.8474446004698, 495.3344268742088], [0.0, 0.0, 1.0]], [[1256.7414812095406, 0.0, 792.1125740759628], [0.0, 1256.7414812095406, 492.7757465151356], [0.0, 0.0, 1.0]], [[809.2209905677063, 0.0, 829.2196003259838], [0.0, 809.2209905677063, 481.77842384512485], [0.0, 0.0, 1.0]], [[1259.5137405846733, 0.0, 807.2529053838625], [0.0, 1259.5137405846733, 501.19579884916527], [0.0, 0.0, 1.0]]], "extrinsics": [[[0.8213351368904114, -0.5703895688056946, 0.008017201907932758, -0.791015625], [-0.01039061602205038, -0.02901100181043148, -0.9995251297950745, 1.5061111450195312], [0.5703513026237488, 0.8208617568016052, -0.029754452407360077, -1.16162109375], [0.0, 0.0, 0.0, 1.0]], [[0.006690717302262783, -0.9994298815727234, 0.033090125769376755, 0.00775146484375], [-0.015469717793166637, -0.03319035470485687, -0.9993293285369873, 1.5178985595703125], [0.9998579025268555, 0.006174294278025627, -0.015682965517044067, -1.5189208984375], [0.0, 0.0, 0.0, 1.0]], [[-0.8324958682060242, -0.55377197265625, 0.01694384030997753, 0.9205322265625], [-0.009638683870434761, -0.016101738438010216, -0.9998238682746887, 1.5023612976074219], [0.5539473295211792, -0.832512617111206, 0.008066996932029724, -1.17291259765625], [0.0, 0.0, 0.0, 1.0]], [[0.9476168155670166, 0.31904661655426025, -0.015217513777315617, -1.1385498046875], [-0.00020256573043297976, -0.0470423698425293, -0.9988928437232971, 1.58856201171875], [-0.31940925121307373, 0.9465708136558533, -0.0445135198533535, -0.10504150390625], [0.0, 0.0, 0.0, 1.0]], [[0.0017966099549084902, 0.9993186593055725, -0.03686391934752464, 0.002471923828125], [-0.02589005045592785, -0.03680514171719551, -0.998987078666687, 1.578033447265625], [-0.999663233757019, 0.002749128732830286, 0.025806285440921783, -0.0499267578125], [0.0, 0.0, 0.0, 1.0]], [[-0.9351012706756592, 0.3541205823421478, -0.01356937550008297, 1.0439453125], [0.006461393088102341, -0.021246924996376038, -0.9997533559799194, 1.5521036386489868], [-0.35432156920433044, -0.9349583983421326, 0.01757991313934326, -0.0977783203125], [0.0, 0.0, 0.0, 1.0]]], "view": [[0.0, -2.0, 100.0], [-2.0, 0.0, 100.0], [0.0, 0.0, 1.0]], "bev": "bev_902dc84f70384b1f8aa82d3018031b85.png", "aux": "aux_902dc84f70384b1f8aa82d3018031b85.npz", "visibility": "visibility_902dc84f70384b1f8aa82d3018031b85.png", "pose": [[0.6807236075401306, -0.7325403094291687, 0.0, 534.1031494140625], [0.7325403094291687, 0.6807236075401306, 0.0, 1104.0177001953125], [0.0, 0.0, 1.0, 0.0], [0.0, 0.0, 0.0, 1.0]], "pose_inverse": [[0.6807236075401306, 0.7325403094291687, 0.0, -1172.3140869140625], [-0.7325403094291687, 0.6807236075401306, 0.0, -360.2788391113281], [0.0, 0.0, 1.0, 0.0], [0.0, 0.0, 0.0, 1.0]], "cam_ids": [0, 1, 2, 3, 4, 5], "cam_channels": ["CAM_FRONT_LEFT", "CAM_FRONT", "CAM_FRONT_RIGHT", "CAM_BACK_LEFT", "CAM_BACK", "CAM_BACK_RIGHT"], "token": "902dc84f70384b1f8aa82d3018031b85", "scene": "scene-0947"}, {"images": ["samples/CAM_FRONT_LEFT/n015-2018-09-26-11-17-24+0800__CAM_FRONT_LEFT__1537931906104844.jpg", "samples/CAM_FRONT/n015-2018-09-26-11-17-24+0800__CAM_FRONT__1537931906112460.jpg", "samples/CAM_FRONT_RIGHT/n015-2018-09-26-11-17-24+0800__CAM_FRONT_RIGHT__1537931906120339.jpg", "samples/CAM_BACK_LEFT/n015-2018-09-26-11-17-24+0800__CAM_BACK_LEFT__1537931906147423.jpg", "samples/CAM_BACK/n015-2018-09-26-11-17-24+0800__CAM_BACK__1537931906137525.jpg", "samples/CAM_BACK_RIGHT/n015-2018-09-26-11-17-24+0800__CAM_BACK_RIGHT__1537931906127893.jpg"], "intrinsics": [[[1272.5979470598488, 0.0, 826.6154927353808], [0.0, 1272.5979470598488, 479.75165386361925], [0.0, 0.0, 1.0]], [[1266.417203046554, 0.0, 816.2670197447984], [0.0, 1266.417203046554, 491.50706579294757], [0.0, 0.0, 1.0]], [[1260.8474446004698, 0.0, 807.968244525554], [0.0, 1260.8474446004698, 495.3344268742088], [0.0, 0.0, 1.0]], [[1256.7414812095406, 0.0, 792.1125740759628], [0.0, 1256.7414812095406, 492.7757465151356], [0.0, 0.0, 1.0]], [[809.2209905677063, 0.0, 829.2196003259838], [0.0, 809.2209905677063, 481.77842384512485], [0.0, 0.0, 1.0]], [[1259.5137405846733, 0.0, 807.2529053838625], [0.0, 1259.5137405846733, 501.19579884916527], [0.0, 0.0, 1.0]]], "extrinsics": [[[0.8211739659309387, -0.5705372095108032, 0.012670985423028469, -0.79833984375], [-0.007805570960044861, -0.03343033045530319, -0.9994105696678162, 1.506683349609375], [0.5706245303153992, 0.8205910325050354, -0.031905483454465866, -1.16510009765625], [0.0, 0.0, 0.0, 1.0]], [[0.006432800553739071, -0.9992849230766296, 0.03726036101579666, 0.006561279296875], [-0.013135306537151337, -0.03734235838055611, -0.9992161989212036, 1.5183601379394531], [0.9998930096626282, 0.005938331130892038, -0.013366125524044037, -1.525634765625], [0.0, 0.0, 0.0, 1.0]], [[-0.8325939774513245, -0.5536116361618042, 0.017359748482704163, 0.9249267578125], [-0.007558936253190041, -0.0199819914996624, -0.9997717142105103, 1.5026702880859375], [0.5538321733474731, -0.8325352072715759, 0.012452170252799988, -1.176849365234375], [0.0, 0.0, 0.0, 1.0]], [[0.9476116895675659, 0.3190617561340332, -0.015217974781990051, -1.1392822265625], [0.0007487774710170925, -0.04986054450273514, -0.9987558722496033, 1.5885601043701172], [-0.31942349672317505, 0.9464213848114014, -0.04748734459280968, -0.10469818115234375], [0.0, 0.0, 0.0, 1.0]], [[0.0018407739698886871, 0.9991939663887024, -0.04010092839598656, 0.002777099609375], [-0.024498598650097847, -0.040043897926807404, -0.9988975524902344, 1.578155517578125], [-0.9996982216835022, 0.0028211604803800583, 0.024405136704444885, -0.04736328125], [0.0, 0.0, 0.0, 1.0]], [[-0.9350553154945374, 0.35411593317985535, -0.016531866043806076, 1.04840087890625], [0.008262171410024166, -0.02485233172774315, -0.9996570348739624, 1.552227258682251], [-0.35440537333488464, -0.9348711967468262, 0.020312536507844925, -0.09674072265625], [0.0, 0.0, 0.0, 1.0]]], "view": [[0.0, -2.0, 100.0], [-2.0, 0.0, 100.0], [0.0, 0.0, 1.0]], "bev": "bev_8c0d8077beb4438c90978510ad554817.png", "aux": "aux_8c0d8077beb4438c90978510ad554817.npz", "visibility": "visibility_8c0d8077beb4438c90978510ad554817.png", "pose": [[0.682633101940155, -0.7307612895965576, 0.0, 535.6821899414062], [0.7307612895965576, 0.682633101940155, 0.0, 1105.70703125], [0.0, 0.0, 1.0, 0.0], [0.0, 0.0, 0.0, 1.0]], "pose_inverse": [[0.682633101940155, 0.7307612895965576, 0.0, -1173.6822509765625], [-0.7307612895965576, 0.682633101940155, 0.0, -363.33642578125], [0.0, 0.0, 1.0, 0.0], [0.0, 0.0, 0.0, 1.0]], "cam_ids": [0, 1, 2, 3, 4, 5], "cam_channels": ["CAM_FRONT_LEFT", "CAM_FRONT", "CAM_FRONT_RIGHT", "CAM_BACK_LEFT", "CAM_BACK", "CAM_BACK_RIGHT"], "token": "8c0d8077beb4438c90978510ad554817", "scene": "scene-0947"}, {"images": ["samples/CAM_FRONT_LEFT/n015-2018-09-26-11-17-24+0800__CAM_FRONT_LEFT__1537931906604844.jpg", "samples/CAM_FRONT/n015-2018-09-26-11-17-24+0800__CAM_FRONT__1537931906612485.jpg", "samples/CAM_FRONT_RIGHT/n015-2018-09-26-11-17-24+0800__CAM_FRONT_RIGHT__1537931906620409.jpg", "samples/CAM_BACK_LEFT/n015-2018-09-26-11-17-24+0800__CAM_BACK_LEFT__1537931906647423.jpg", "samples/CAM_BACK/n015-2018-09-26-11-17-24+0800__CAM_BACK__1537931906637525.jpg", "samples/CAM_BACK_RIGHT/n015-2018-09-26-11-17-24+0800__CAM_BACK_RIGHT__1537931906627893.jpg"], "intrinsics": [[[1272.5979470598488, 0.0, 826.6154927353808], [0.0, 1272.5979470598488, 479.75165386361925], [0.0, 0.0, 1.0]], [[1266.417203046554, 0.0, 816.2670197447984], [0.0, 1266.417203046554, 491.50706579294757], [0.0, 0.0, 1.0]], [[1260.8474446004698, 0.0, 807.968244525554], [0.0, 1260.8474446004698, 495.3344268742088], [0.0, 0.0, 1.0]], [[1256.7414812095406, 0.0, 792.1125740759628], [0.0, 1256.7414812095406, 492.7757465151356], [0.0, 0.0, 1.0]], [[809.2209905677063, 0.0, 829.2196003259838], [0.0, 809.2209905677063, 481.77842384512485], [0.0, 0.0, 1.0]], [[1259.5137405846733, 0.0, 807.2529053838625], [0.0, 1259.5137405846733, 501.19579884916527], [0.0, 0.0, 1.0]]], "extrinsics": [[[0.820551335811615, -0.5714924335479736, 0.009580433368682861, -0.809814453125], [-0.012959015555679798, -0.035358600318431854, -0.9992906451225281, 1.5058765411376953], [0.5714258551597595, 0.8198451399803162, -0.03641953319311142, -1.17425537109375], [0.0, 0.0, 0.0, 1.0]], [[0.005610608030110598, -0.9992119073867798, 0.03929326310753822, 0.007293701171875], [-0.018258007243275642, -0.03938969597220421, -0.9990571141242981, 1.5177650451660156], [0.9998175501823425, 0.0048879049718379974, -0.018464621156454086, -1.537841796875], [0.0, 0.0, 0.0, 1.0]], [[-0.832953929901123, -0.5528728365898132, 0.022786660119891167, 0.9332275390625], [-0.012634726241230965, -0.022166211158037186, -0.999674379825592, 1.5021533966064453], [0.5531980395317078, -0.8329707384109497, 0.011478036642074585, -1.181488037109375], [0.0, 0.0, 0.0, 1.0]], [[0.9475448727607727, 0.31895187497138977, -0.020700691267848015, -1.139892578125], [-0.004194212146103382, -0.05235247313976288, -0.998619794845581, 1.5885486602783203], [-0.3195953667163849, 0.9463239312171936, -0.04826856404542923, -0.10451126098632812], [0.0, 0.0, 0.0, 1.0]], [[0.0020012494642287493, 0.9990950226783752, -0.0424865186214447, 0.002593994140625], [-0.029497528448700905, -0.04240913316607475, -0.9986647963523865, 1.5780372619628906], [-0.9995627999305725, 0.003251796355471015, 0.029385967180132866, -0.0435791015625], [0.0, 0.0, 0.0, 1.0]], [[-0.9348962306976318, 0.3546953797340393, -0.01265196967869997, 1.054443359375], [0.0032232683151960373, -0.027160808444023132, -0.9996258616447449, 1.5517473220825195], [-0.3549063801765442, -0.934587299823761, 0.024249259382486343, -0.09393310546875], [0.0, 0.0, 0.0, 1.0]]], "view": [[0.0, -2.0, 100.0], [-2.0, 0.0, 100.0], [0.0, 0.0, 1.0]], "bev": "bev_3d486e3053a14f8d9d6f026ff4b258d7.png", "aux": "aux_3d486e3053a14f8d9d6f026ff4b258d7.npz", "visibility": "visibility_3d486e3053a14f8d9d6f026ff4b258d7.png", "pose": [[0.6818562746047974, -0.7314861416816711, 0.0, 537.2194213867188], [0.7314861416816711, 0.6818562746047974, 0.0, 1107.3360595703125], [0.0, 0.0, 1.0, 0.0], [0.0, 0.0, 0.0, 1.0]], "pose_inverse": [[0.6818562746047974, 0.7314861416816711, 0.0, -1176.3074951171875], [-0.7314861416816711, 0.6818562746047974, 0.0, -362.07550048828125], [0.0, 0.0, 1.0, 0.0], [0.0, 0.0, 0.0, 1.0]], "cam_ids": [0, 1, 2, 3, 4, 5], "cam_channels": ["CAM_FRONT_LEFT", "CAM_FRONT", "CAM_FRONT_RIGHT", "CAM_BACK_LEFT", "CAM_BACK", "CAM_BACK_RIGHT"], "token": "3d486e3053a14f8d9d6f026ff4b258d7", "scene": "scene-0947"}, {"images": ["samples/CAM_FRONT_LEFT/n015-2018-09-26-11-17-24+0800__CAM_FRONT_LEFT__1537931907104844.jpg", "samples/CAM_FRONT/n015-2018-09-26-11-17-24+0800__CAM_FRONT__1537931907112460.jpg", "samples/CAM_FRONT_RIGHT/n015-2018-09-26-11-17-24+0800__CAM_FRONT_RIGHT__1537931907120339.jpg", "samples/CAM_BACK_LEFT/n015-2018-09-26-11-17-24+0800__CAM_BACK_LEFT__1537931907147423.jpg", "samples/CAM_BACK/n015-2018-09-26-11-17-24+0800__CAM_BACK__1537931907137525.jpg", "samples/CAM_BACK_RIGHT/n015-2018-09-26-11-17-24+0800__CAM_BACK_RIGHT__1537931907127893.jpg"], "intrinsics": [[[1272.5979470598488, 0.0, 826.6154927353808], [0.0, 1272.5979470598488, 479.75165386361925], [0.0, 0.0, 1.0]], [[1266.417203046554, 0.0, 816.2670197447984], [0.0, 1266.417203046554, 491.50706579294757], [0.0, 0.0, 1.0]], [[1260.8474446004698, 0.0, 807.968244525554], [0.0, 1260.8474446004698, 495.3344268742088], [0.0, 0.0, 1.0]], [[1256.7414812095406, 0.0, 792.1125740759628], [0.0, 1256.7414812095406, 492.7757465151356], [0.0, 0.0, 1.0]], [[809.2209905677063, 0.0, 829.2196003259838], [0.0, 809.2209905677063, 481.77842384512485], [0.0, 0.0, 1.0]], [[1259.5137405846733, 0.0, 807.2529053838625], [0.0, 1259.5137405846733, 501.19579884916527], [0.0, 0.0, 1.0]]], "extrinsics": [[[0.8181835412979126, -0.5749137997627258, 0.007055759895592928, -0.82647705078125], [-0.012911757454276085, -0.030641192570328712, -0.9994470477104187, 1.5060977935791016], [0.5748120546340942, 0.8176400065422058, -0.032493267208337784, -1.18402099609375], [0.0, 0.0, 0.0, 1.0]], [[0.0021968057844787836, -0.9993993043899536, 0.03458506613969803, 0.006011962890625], [-0.01826942339539528, -0.034619491547346115, -0.999233603477478, 1.518035888671875], [0.9998306632041931, 0.0015632364666089416, -0.01833450235426426, -1.5540771484375], [0.0, 0.0, 0.0, 1.0]], [[-0.8344264626502991, -0.5507517457008362, 0.02012375369668007, 0.943359375], [-0.012643316760659218, -0.017374781891703606, -0.9997690916061401, 1.5023002624511719], [0.5509741902351379, -0.8344882130622864, 0.00753464549779892, -1.189483642578125], [0.0, 0.0, 0.0, 1.0]], [[0.9475767612457275, 0.31896862387657166, -0.01890300028026104, -1.142578125], [-0.004100012127310038, -0.04701673611998558, -0.9988856315612793, 1.5885543823242188], [-0.3195019066333771, 0.9465984106063843, -0.04324419051408768, -0.1035003662109375], [0.0, 0.0, 0.0, 1.0]], [[0.0030338906217366457, 0.9992947578430176, -0.03742751106619835, 0.00286865234375], [-0.029509881511330605, -0.037321921437978745, -0.9988675117492676, 1.578216552734375], [-0.9995598793029785, 0.004134972579777241, 0.029375839978456497, -0.0367431640625], [0.0, 0.0, 0.0, 1.0]], [[-0.9342026114463806, 0.3565753102302551, -0.010930996388196945, 1.0643310546875], [0.0031779152341187, -0.02232179418206215, -0.999745786190033, 1.5517020225524902], [-0.3567287027835846, -0.9340000152587891, 0.019719911739230156, -0.09088134765625], [0.0, 0.0, 0.0, 1.0]]], "view": [[0.0, -2.0, 100.0], [-2.0, 0.0, 100.0], [0.0, 0.0, 1.0]], "bev": "bev_a88b2e0f7b4e42fc81168d35c79f29a8.png", "aux": "aux_a88b2e0f7b4e42fc81168d35c79f29a8.npz", "visibility": "visibility_a88b2e0f7b4e42fc81168d35c79f29a8.png", "pose": [[0.6583365797996521, -0.7527236938476562, 0.0, 538.6074829101562], [0.7527236938476562, 0.6583365797996521, 0.0, 1108.852294921875], [0.0, 0.0, 1.0, 0.0], [0.0, 0.0, 0.0, 1.0]], "pose_inverse": [[0.6583365797996521, 0.7527236938476562, 0.0, -1189.244384765625], [-0.7527236938476562, 0.6583365797996521, 0.0, -324.575439453125], [0.0, 0.0, 1.0, 0.0], [0.0, 0.0, 0.0, 1.0]], "cam_ids": [0, 1, 2, 3, 4, 5], "cam_channels": ["CAM_FRONT_LEFT", "CAM_FRONT", "CAM_FRONT_RIGHT", "CAM_BACK_LEFT", "CAM_BACK", "CAM_BACK_RIGHT"], "token": "a88b2e0f7b4e42fc81168d35c79f29a8", "scene": "scene-0947"}, {"images": ["samples/CAM_FRONT_LEFT/n015-2018-09-26-11-17-24+0800__CAM_FRONT_LEFT__1537931907604844.jpg", "samples/CAM_FRONT/n015-2018-09-26-11-17-24+0800__CAM_FRONT__1537931907612460.jpg", "samples/CAM_FRONT_RIGHT/n015-2018-09-26-11-17-24+0800__CAM_FRONT_RIGHT__1537931907620339.jpg", "samples/CAM_BACK_LEFT/n015-2018-09-26-11-17-24+0800__CAM_BACK_LEFT__1537931907647423.jpg", "samples/CAM_BACK/n015-2018-09-26-11-17-24+0800__CAM_BACK__1537931907637525.jpg", "samples/CAM_BACK_RIGHT/n015-2018-09-26-11-17-24+0800__CAM_BACK_RIGHT__1537931907627893.jpg"], "intrinsics": [[[1272.5979470598488, 0.0, 826.6154927353808], [0.0, 1272.5979470598488, 479.75165386361925], [0.0, 0.0, 1.0]], [[1266.417203046554, 0.0, 816.2670197447984], [0.0, 1266.417203046554, 491.50706579294757], [0.0, 0.0, 1.0]], [[1260.8474446004698, 0.0, 807.968244525554], [0.0, 1260.8474446004698, 495.3344268742088], [0.0, 0.0, 1.0]], [[1256.7414812095406, 0.0, 792.1125740759628], [0.0, 1256.7414812095406, 492.7757465151356], [0.0, 0.0, 1.0]], [[809.2209905677063, 0.0, 829.2196003259838], [0.0, 809.2209905677063, 481.77842384512485], [0.0, 0.0, 1.0]], [[1259.5137405846733, 0.0, 807.2529053838625], [0.0, 1259.5137405846733, 501.19579884916527], [0.0, 0.0, 1.0]]], "extrinsics": [[[0.8160309791564941, -0.5779677629470825, 0.006831143982708454, -0.84442138671875], [-0.011548160575330257, -0.028118599206209183, -0.9995378851890564, 1.5065784454345703], [0.5778927803039551, 0.8155750632286072, -0.029620112851262093, -1.19610595703125], [0.0, 0.0, 0.0, 1.0]], [[-0.0008955887169577181, -0.9994885325431824, 0.03196515515446663, 0.0057830810546875], [-0.01669616810977459, -0.031945765018463135, -0.9993501305580139, 1.5185527801513672], [0.9998601078987122, -0.0014287065714597702, -0.016659019514918327, -1.5721435546875], [0.0, 0.0, 0.0, 1.0]], [[-0.8357519507408142, -0.5488430261611938, 0.017026228830218315, 0.9549560546875], [-0.010796978138387203, -0.014575807377696037, -0.9998354315757751, 1.502645492553711], [0.5490007996559143, -0.8357983231544495, 0.00625591492280364, -1.197265625], [0.0, 0.0, 0.0, 1.0]], [[0.9476044774055481, 0.31905898451805115, -0.015720045194029808, -1.1434326171875], [-0.001629870617762208, -0.04438069835305214, -0.999013364315033, 1.5885553359985352], [-0.3194417953491211, 0.9466951489448547, -0.04153532534837723, -0.1033172607421875], [0.0, 0.0, 0.0, 1.0]], [[0.003946369048207998, 0.9993924498558044, -0.03462943434715271, 0.002777099609375], [-0.02724459022283554, -0.03450939431786537, -0.9990329146385193, 1.5784492492675781], [-0.9996209740638733, 0.004885998088866472, 0.027091849595308304, -0.0316162109375], [0.0, 0.0, 0.0, 1.0]], [[-0.9335784316062927, 0.3581770658493042, -0.011849083006381989, 1.07373046875], [0.005224252585321665, -0.01945805549621582, -0.999796986579895, 1.5518033504486084], [-0.35833483934402466, -0.9334508776664734, 0.016294414177536964, -0.08734130859375], [0.0, 0.0, 0.0, 1.0]]], "view": [[0.0, -2.0, 100.0], [-2.0, 0.0, 100.0], [0.0, 0.0, 1.0]], "bev": "bev_8bb46738779d4c089a404d8f9787c1fd.png", "aux": "aux_8bb46738779d4c089a404d8f9787c1fd.npz", "visibility": "visibility_8bb46738779d4c089a404d8f9787c1fd.png", "pose": [[0.5985719561576843, -0.8010690212249756, 0.0, 539.8154907226562], [0.8010690212249756, 0.5985719561576843, 0.0, 1110.3125], [0.0, 0.0, 1.0, 0.0], [0.0, 0.0, 0.0, 1.0]], "pose_inverse": [[0.5985719561576843, 0.8010690212249756, 0.0, -1212.555419921875], [-0.8010690212249756, 0.5985719561576843, 0.0, -232.17245483398438], [0.0, 0.0, 1.0, 0.0], [0.0, 0.0, 0.0, 1.0]], "cam_ids": [0, 1, 2, 3, 4, 5], "cam_channels": ["CAM_FRONT_LEFT", "CAM_FRONT", "CAM_FRONT_RIGHT", "CAM_BACK_LEFT", "CAM_BACK", "CAM_BACK_RIGHT"], "token": "8bb46738779d4c089a404d8f9787c1fd", "scene": "scene-0947"}, {"images": ["samples/CAM_FRONT_LEFT/n015-2018-09-26-11-17-24+0800__CAM_FRONT_LEFT__1537931908104844.jpg", "samples/CAM_FRONT/n015-2018-09-26-11-17-24+0800__CAM_FRONT__1537931908112460.jpg", "samples/CAM_FRONT_RIGHT/n015-2018-09-26-11-17-24+0800__CAM_FRONT_RIGHT__1537931908120339.jpg", "samples/CAM_BACK_LEFT/n015-2018-09-26-11-17-24+0800__CAM_BACK_LEFT__1537931908147423.jpg", "samples/CAM_BACK/n015-2018-09-26-11-17-24+0800__CAM_BACK__1537931908137525.jpg", "samples/CAM_BACK_RIGHT/n015-2018-09-26-11-17-24+0800__CAM_BACK_RIGHT__1537931908127893.jpg"], "intrinsics": [[[1272.5979470598488, 0.0, 826.6154927353808], [0.0, 1272.5979470598488, 479.75165386361925], [0.0, 0.0, 1.0]], [[1266.417203046554, 0.0, 816.2670197447984], [0.0, 1266.417203046554, 491.50706579294757], [0.0, 0.0, 1.0]], [[1260.8474446004698, 0.0, 807.968244525554], [0.0, 1260.8474446004698, 495.3344268742088], [0.0, 0.0, 1.0]], [[1256.7414812095406, 0.0, 792.1125740759628], [0.0, 1256.7414812095406, 492.7757465151356], [0.0, 0.0, 1.0]], [[809.2209905677063, 0.0, 829.2196003259838], [0.0, 809.2209905677063, 481.77842384512485], [0.0, 0.0, 1.0]], [[1259.5137405846733, 0.0, 807.2529053838625], [0.0, 1259.5137405846733, 501.19579884916527], [0.0, 0.0, 1.0]]], "extrinsics": [[[0.8152292370796204, -0.5790445804595947, 0.010417255572974682, -0.84912109375], [-0.005588728468865156, -0.025852426886558533, -0.9996501207351685, 1.5075006484985352], [0.5791112184524536, 0.8148859143257141, -0.02431177906692028, -1.19976806640625], [0.0, 0.0, 0.0, 1.0]], [[-0.002180006355047226, -0.9995521903038025, 0.029843125492334366, 0.00605010986328125], [-0.010738975368440151, -0.02981807477772236, -0.9994977116584778, 1.5193214416503906], [0.9999399185180664, -0.0024994583800435066, -0.010669163428246975, -1.575927734375], [0.0, 0.0, 0.0, 1.0]], [[-0.8363245129585266, -0.5481255054473877, 0.010937296785414219, 0.956787109375], [-0.00481707276776433, -0.012602338567376137, -0.9999089241027832, 1.503218173980713], [0.5482134819030762, -0.8363010287284851, 0.007899287156760693, -1.19818115234375], [0.0, 0.0, 0.0, 1.0]], [[0.9477382898330688, 0.31890353560447693, -0.00962185300886631, -1.1396484375], [0.004267390817403793, -0.04282582551240921, -0.9990734457969666, 1.5885664224624634], [-0.3190201222896576, 0.9468191266059875, -0.04194856435060501, -0.1044921875], [0.0, 0.0, 0.0, 1.0]], [[0.004586274269968271, 0.9994488954544067, -0.032876282930374146, 0.00274658203125], [-0.02133386954665184, -0.03277135640382767, -0.999235212802887, 1.5786247253417969], [-0.9997618794441223, 0.005284125450998545, 0.0211718138307333, -0.0328369140625], [0.0, 0.0, 0.0, 1.0]], [[-0.9332441687583923, 0.35885143280029297, -0.016756189987063408, 1.074462890625], [0.01117815263569355, -0.017613407224416733, -0.999782383441925, 1.5521984100341797], [-0.35906854271888733, -0.9332284927368164, 0.012426313012838364, -0.0869140625], [0.0, 0.0, 0.0, 1.0]]], "view": [[0.0, -2.0, 100.0], [-2.0, 0.0, 100.0], [0.0, 0.0, 1.0]], "bev": "bev_0e20f4d4d8a4427ca3f6dc14d0a3260f.png", "aux": "aux_0e20f4d4d8a4427ca3f6dc14d0a3260f.npz", "visibility": "visibility_0e20f4d4d8a4427ca3f6dc14d0a3260f.png", "pose": [[0.5069297552108765, -0.8619873523712158, 0.0, 540.7718505859375], [0.8619873523712158, 0.5069297552108765, 0.0, 1111.7357177734375], [0.0, 0.0, 1.0, 0.0], [0.0, 0.0, 0.0, 1.0]], "pose_inverse": [[0.5069297552108765, 0.8619873523712158, 0.0, -1232.435546875], [-0.8619873523712158, 0.5069297552108765, 0.0, -97.43342590332031], [0.0, 0.0, 1.0, 0.0], [0.0, 0.0, 0.0, 1.0]], "cam_ids": [0, 1, 2, 3, 4, 5], "cam_channels": ["CAM_FRONT_LEFT", "CAM_FRONT", "CAM_FRONT_RIGHT", "CAM_BACK_LEFT", "CAM_BACK", "CAM_BACK_RIGHT"], "token": "0e20f4d4d8a4427ca3f6dc14d0a3260f", "scene": "scene-0947"}, {"images": ["samples/CAM_FRONT_LEFT/n015-2018-09-26-11-17-24+0800__CAM_FRONT_LEFT__1537931908604844.jpg", "samples/CAM_FRONT/n015-2018-09-26-11-17-24+0800__CAM_FRONT__1537931908612460.jpg", "samples/CAM_FRONT_RIGHT/n015-2018-09-26-11-17-24+0800__CAM_FRONT_RIGHT__1537931908620339.jpg", "samples/CAM_BACK_LEFT/n015-2018-09-26-11-17-24+0800__CAM_BACK_LEFT__1537931908647423.jpg", "samples/CAM_BACK/n015-2018-09-26-11-17-24+0800__CAM_BACK__1537931908637525.jpg", "samples/CAM_BACK_RIGHT/n015-2018-09-26-11-17-24+0800__CAM_BACK_RIGHT__1537931908627893.jpg"], "intrinsics": [[[1272.5979470598488, 0.0, 826.6154927353808], [0.0, 1272.5979470598488, 479.75165386361925], [0.0, 0.0, 1.0]], [[1266.417203046554, 0.0, 816.2670197447984], [0.0, 1266.417203046554, 491.50706579294757], [0.0, 0.0, 1.0]], [[1260.8474446004698, 0.0, 807.968244525554], [0.0, 1260.8474446004698, 495.3344268742088], [0.0, 0.0, 1.0]], [[1256.7414812095406, 0.0, 792.1125740759628], [0.0, 1256.7414812095406, 492.7757465151356], [0.0, 0.0, 1.0]], [[809.2209905677063, 0.0, 829.2196003259838], [0.0, 809.2209905677063, 481.77842384512485], [0.0, 0.0, 1.0]], [[1259.5137405846733, 0.0, 807.2529053838625], [0.0, 1259.5137405846733, 501.19579884916527], [0.0, 0.0, 1.0]]], "extrinsics": [[[0.8147105574607849, -0.5798520445823669, 0.0042807250283658504, -0.8590087890625], [-0.0041084508411586285, -0.013154244050383568, -0.9999050498008728, 1.507737159729004], [0.579853355884552, 0.8146156668663025, -0.013099194504320621, -1.20648193359375], [0.0, 0.0, 0.0, 1.0]], [[-0.002975363051518798, -0.9998496174812317, 0.01708809845149517, 0.005840301513671875], [-0.0094253309071064, -0.01705937646329403, -0.9998100996017456, 1.5195531845092773], [0.9999511241912842, -0.003135911887511611, -0.009373154491186142, -1.5863037109375], [0.0, 0.0, 0.0, 1.0]], [[-0.8367123007774353, -0.5476347804069519, 0.002943549072369933, 0.9638671875], [-0.003660516580566764, 0.00021779151575174183, -0.9999932646751404, 1.503342628479004], [0.5476304292678833, -0.8367174863815308, -0.0021868536714464426, -1.203125], [0.0, 0.0, 0.0, 1.0]], [[0.9477433562278748, 0.31899771094322205, -0.004798538982868195, -1.14208984375], [0.004949968308210373, -0.029742084443569183, -0.9995453357696533, 1.588557243347168], [-0.3189953863620758, 0.9472886919975281, -0.029766889289021492, -0.10382080078125], [0.0, 0.0, 0.0, 1.0]], [[0.004919722676277161, 0.9997906684875488, -0.01986094005405903, 0.002803802490234375], [-0.020492348819971085, -0.019756212830543518, -0.9995948076248169, 1.5787391662597656], [-0.9997779130935669, 0.005324650555849075, 0.020390862599015236, -0.0284423828125], [0.0, 0.0, 0.0, 1.0]], [[-0.9330090284347534, 0.3596160411834717, -0.013057978823781013, 1.0804443359375], [0.01219088677316904, -0.004679045639932156, -0.9999147653579712, 1.5521783828735352], [-0.3596464693546295, -0.9330886602401733, -1.844802318373695e-05, -0.08477783203125], [0.0, 0.0, 0.0, 1.0]]], "view": [[0.0, -2.0, 100.0], [-2.0, 0.0, 100.0], [0.0, 0.0, 1.0]], "bev": "bev_a6af3bdd0c974b599b018d74fa1387d4.png", "aux": "aux_a6af3bdd0c974b599b018d74fa1387d4.npz", "visibility": "visibility_a6af3bdd0c974b599b018d74fa1387d4.png", "pose": [[0.39789581298828125, -0.9174306392669678, 0.0, 541.4841918945312], [0.9174306392669678, 0.39789581298828125, 0.0, 1113.125], [0.0, 0.0, 1.0, 0.0], [0.0, 0.0, 0.0, 1.0]], "pose_inverse": [[0.39789581298828125, 0.9174306392669678, 0.0, -1236.669189453125], [-0.9174306392669678, 0.39789581298828125, 0.0, 53.86640167236328], [0.0, 0.0, 1.0, 0.0], [0.0, 0.0, 0.0, 1.0]], "cam_ids": [0, 1, 2, 3, 4, 5], "cam_channels": ["CAM_FRONT_LEFT", "CAM_FRONT", "CAM_FRONT_RIGHT", "CAM_BACK_LEFT", "CAM_BACK", "CAM_BACK_RIGHT"], "token": "a6af3bdd0c974b599b018d74fa1387d4", "scene": "scene-0947"}, {"images": ["samples/CAM_FRONT_LEFT/n015-2018-09-26-11-17-24+0800__CAM_FRONT_LEFT__1537931909104844.jpg", "samples/CAM_FRONT/n015-2018-09-26-11-17-24+0800__CAM_FRONT__1537931909112460.jpg", "samples/CAM_FRONT_RIGHT/n015-2018-09-26-11-17-24+0800__CAM_FRONT_RIGHT__1537931909120339.jpg", "samples/CAM_BACK_LEFT/n015-2018-09-26-11-17-24+0800__CAM_BACK_LEFT__1537931909147423.jpg", "samples/CAM_BACK/n015-2018-09-26-11-17-24+0800__CAM_BACK__1537931909137525.jpg", "samples/CAM_BACK_RIGHT/n015-2018-09-26-11-17-24+0800__CAM_BACK_RIGHT__1537931909127893.jpg"], "intrinsics": [[[1272.5979470598488, 0.0, 826.6154927353808], [0.0, 1272.5979470598488, 479.75165386361925], [0.0, 0.0, 1.0]], [[1266.417203046554, 0.0, 816.2670197447984], [0.0, 1266.417203046554, 491.50706579294757], [0.0, 0.0, 1.0]], [[1260.8474446004698, 0.0, 807.968244525554], [0.0, 1260.8474446004698, 495.3344268742088], [0.0, 0.0, 1.0]], [[1256.7414812095406, 0.0, 792.1125740759628], [0.0, 1256.7414812095406, 492.7757465151356], [0.0, 0.0, 1.0]], [[809.2209905677063, 0.0, 829.2196003259838], [0.0, 809.2209905677063, 481.77842384512485], [0.0, 0.0, 1.0]], [[1259.5137405846733, 0.0, 807.2529053838625], [0.0, 1259.5137405846733, 501.19579884916527], [0.0, 0.0, 1.0]]], "extrinsics": [[[0.8135000467300415, -0.5815441608428955, 0.0049026133492589, -0.8612060546875], [-0.0006225170218385756, -0.009300786070525646, -0.9999565482139587, 1.5081764459609985], [0.5815645456314087, 0.8134616017341614, -0.007928210310637951, -1.2069091796875], [0.0, 0.0, 0.0, 1.0]], [[-0.00467478996142745, -0.9999032616615295, 0.013096656650304794, 0.0050201416015625], [-0.005862975958734751, -0.013069169595837593, -0.9998974204063416, 1.5199294090270996], [0.999971866607666, -0.004751126281917095, -0.005801313556730747, -1.5882568359375], [0.0, 0.0, 0.0, 1.0]], [[-0.8373745083808899, -0.5466244220733643, -0.002375861629843712, 0.965087890625], [1.1105525118182413e-05, 0.004329371266067028, -0.9999905824661255, 1.503643274307251], [0.5466296076774597, -0.8373667001724243, -0.0036192331463098526, -1.20458984375], [0.0, 0.0, 0.0, 1.0]], [[0.9476988911628723, 0.31916582584381104, -8.251957478933036e-05, -1.1439208984375], [0.00841640867292881, -0.025249293074011803, -0.9996457695960999, 1.5885419845581055], [-0.31905484199523926, 0.94736248254776, -0.02661495842039585, -0.10321044921875], [0.0, 0.0, 0.0, 1.0]], [[0.005280180834233761, 0.9998654723167419, -0.015533853322267532, 0.0029296875], [-0.0171805527061224, -0.01544106937944889, -0.9997332096099854, 1.5788688659667969], [-0.9998384118080139, 0.005545693449676037, 0.017096707597374916, -0.0263671875], [0.0, 0.0, 0.0, 1.0]], [[-0.9326863288879395, 0.36039578914642334, -0.014528392814099789, 1.08251953125], [0.015368327498435974, -0.000535101629793644, -0.9998817443847656, 1.552337646484375], [-0.36036092042922974, -0.9327993392944336, -0.005039599724113941, -0.0843505859375], [0.0, 0.0, 0.0, 1.0]]], "view": [[0.0, -2.0, 100.0], [-2.0, 0.0, 100.0], [0.0, 0.0, 1.0]], "bev": "bev_0fdfceb5f05e477695158c45ea251f2e.png", "aux": "aux_0fdfceb5f05e477695158c45ea251f2e.npz", "visibility": "visibility_0fdfceb5f05e477695158c45ea251f2e.png", "pose": [[0.2674117684364319, -0.9635823369026184, 0.0, 541.9796142578125], [0.9635823369026184, 0.2674117684364319, 0.0, 1114.492431640625], [0.0, 0.0, 1.0, 0.0], [0.0, 0.0, 0.0, 1.0]], "pose_inverse": [[0.2674117684364319, 0.9635823369026184, 0.0, -1218.8369140625], [-0.9635823369026184, 0.2674117684364319, 0.0, 224.21359252929688], [0.0, 0.0, 1.0, 0.0], [0.0, 0.0, 0.0, 1.0]], "cam_ids": [0, 1, 2, 3, 4, 5], "cam_channels": ["CAM_FRONT_LEFT", "CAM_FRONT", "CAM_FRONT_RIGHT", "CAM_BACK_LEFT", "CAM_BACK", "CAM_BACK_RIGHT"], "token": "0fdfceb5f05e477695158c45ea251f2e", "scene": "scene-0947"}, {"images": ["samples/CAM_FRONT_LEFT/n015-2018-09-26-11-17-24+0800__CAM_FRONT_LEFT__1537931909654844.jpg", "samples/CAM_FRONT/n015-2018-09-26-11-17-24+0800__CAM_FRONT__1537931909662460.jpg", "samples/CAM_FRONT_RIGHT/n015-2018-09-26-11-17-24+0800__CAM_FRONT_RIGHT__1537931909670339.jpg", "samples/CAM_BACK_LEFT/n015-2018-09-26-11-17-24+0800__CAM_BACK_LEFT__1537931909697480.jpg", "samples/CAM_BACK/n015-2018-09-26-11-17-24+0800__CAM_BACK__1537931909687525.jpg", "samples/CAM_BACK_RIGHT/n015-2018-09-26-11-17-24+0800__CAM_BACK_RIGHT__1537931909677893.jpg"], "intrinsics": [[[1272.5979470598488, 0.0, 826.6154927353808], [0.0, 1272.5979470598488, 479.75165386361925], [0.0, 0.0, 1.0]], [[1266.417203046554, 0.0, 816.2670197447984], [0.0, 1266.417203046554, 491.50706579294757], [0.0, 0.0, 1.0]], [[1260.8474446004698, 0.0, 807.968244525554], [0.0, 1260.8474446004698, 495.3344268742088], [0.0, 0.0, 1.0]], [[1256.7414812095406, 0.0, 792.1125740759628], [0.0, 1256.7414812095406, 492.7757465151356], [0.0, 0.0, 1.0]], [[809.2209905677063, 0.0, 829.2196003259838], [0.0, 809.2209905677063, 481.77842384512485], [0.0, 0.0, 1.0]], [[1259.5137405846733, 0.0, 807.2529053838625], [0.0, 1259.5137405846733, 501.19579884916527], [0.0, 0.0, 1.0]]], "extrinsics": [[[0.8139030933380127, -0.580995500087738, 0.0024554801639169455, -0.87353515625], [-0.0004938512574881315, -0.004918105900287628, -0.999987781047821, 1.5082050561904907], [0.5810004472732544, 0.8138918280601501, -0.004289786331355572, -1.2177734375], [0.0, 0.0, 0.0, 1.0]], [[-0.004097851924598217, -0.9999514818191528, 0.008953140117228031, 0.006439208984375], [-0.005702846683561802, -0.008929702453315258, -0.9999439120292664, 1.5200307369232178], [0.999975323677063, -0.004148668143898249, -0.005665977951139212, -1.6014404296875], [0.0, 0.0, 0.0, 1.0]], [[-0.8370960354804993, -0.5470378994941711, -0.004443776328116655, 0.97418212890625], [-6.17039404460229e-05, 0.008217490278184414, -0.9999662041664124, 1.503629446029663], [0.5470559597015381, -0.8370674848556519, -0.00691258255392313, -1.209228515625], [0.0, 0.0, 0.0, 1.0]], [[0.9476837515830994, 0.31920889019966125, 0.001097404514439404, -1.14361572265625], [0.008612824603915215, -0.022133277729153633, -0.9997178912162781, 1.588552474975586], [-0.31909453868865967, 0.9474259614944458, -0.023724637925624847, -0.1036376953125], [0.0, 0.0, 0.0, 1.0]], [[0.005097862798720598, 0.9999129176139832, -0.012170406058430672, 0.00244140625], [-0.016792969778180122, -0.012083244509994984, -0.9997859597206116, 1.5789470672607422], [-0.9998460412025452, 0.005301149562001228, 0.01672990992665291, -0.02294921875], [0.0, 0.0, 0.0, 1.0]], [[-0.9328383803367615, 0.3600388765335083, -0.013590656220912933, 1.0888671875], [0.015769710764288902, 0.003115464933216572, -0.9998708367347717, 1.5522394180297852], [-0.3599499762058258, -0.9329321384429932, -0.008583934046328068, -0.08084487915039062], [0.0, 0.0, 0.0, 1.0]]], "view": [[0.0, -2.0, 100.0], [-2.0, 0.0, 100.0], [0.0, 0.0, 1.0]], "bev": "bev_86a35965790843889afa7328c1516108.png", "aux": "aux_86a35965790843889afa7328c1516108.npz", "visibility": "visibility_86a35965790843889afa7328c1516108.png", "pose": [[0.1124231368303299, -0.9936604499816895, 0.0, 542.2762451171875], [0.9936604499816895, 0.1124231368303299, 0.0, 1115.96044921875], [0.0, 0.0, 1.0, 0.0], [0.0, 0.0, 0.0, 1.0]], "pose_inverse": [[0.1124231368303299, 0.9936604499816895, 0.0, -1169.85009765625], [-0.9936604499816895, 0.1124231368303299, 0.0, 413.378662109375], [0.0, 0.0, 1.0, 0.0], [0.0, 0.0, 0.0, 1.0]], "cam_ids": [0, 1, 2, 3, 4, 5], "cam_channels": ["CAM_FRONT_LEFT", "CAM_FRONT", "CAM_FRONT_RIGHT", "CAM_BACK_LEFT", "CAM_BACK", "CAM_BACK_RIGHT"], "token": "86a35965790843889afa7328c1516108", "scene": "scene-0947"}, {"images": ["samples/CAM_FRONT_LEFT/n015-2018-09-26-11-17-24+0800__CAM_FRONT_LEFT__1537931910154844.jpg", "samples/CAM_FRONT/n015-2018-09-26-11-17-24+0800__CAM_FRONT__1537931910162460.jpg", "samples/CAM_FRONT_RIGHT/n015-2018-09-26-11-17-24+0800__CAM_FRONT_RIGHT__1537931910170339.jpg", "samples/CAM_BACK_LEFT/n015-2018-09-26-11-17-24+0800__CAM_BACK_LEFT__1537931910197423.jpg", "samples/CAM_BACK/n015-2018-09-26-11-17-24+0800__CAM_BACK__1537931910187525.jpg", "samples/CAM_BACK_RIGHT/n015-2018-09-26-11-17-24+0800__CAM_BACK_RIGHT__1537931910177893.jpg"], "intrinsics": [[[1272.5979470598488, 0.0, 826.6154927353808], [0.0, 1272.5979470598488, 479.75165386361925], [0.0, 0.0, 1.0]], [[1266.417203046554, 0.0, 816.2670197447984], [0.0, 1266.417203046554, 491.50706579294757], [0.0, 0.0, 1.0]], [[1260.8474446004698, 0.0, 807.968244525554], [0.0, 1260.8474446004698, 495.3344268742088], [0.0, 0.0, 1.0]], [[1256.7414812095406, 0.0, 792.1125740759628], [0.0, 1256.7414812095406, 492.7757465151356], [0.0, 0.0, 1.0]], [[809.2209905677063, 0.0, 829.2196003259838], [0.0, 809.2209905677063, 481.77842384512485], [0.0, 0.0, 1.0]], [[1259.5137405846733, 0.0, 807.2529053838625], [0.0, 1259.5137405846733, 501.19579884916527], [0.0, 0.0, 1.0]]], "extrinsics": [[[0.8138230443000793, -0.5811012983322144, 0.0036438556853681803, -0.876708984375], [-0.0007452917634509504, -0.0073142023757100105, -0.9999729990959167, 1.5081712007522583], [0.581112265586853, 0.8137983083724976, -0.006385556422173977, -1.2177886962890625], [0.0, 0.0, 0.0, 1.0]], [[-0.004168996587395668, -0.9999252557754517, 0.011486932635307312, 0.0050048828125], [-0.006054985802620649, -0.011461582034826279, -0.9999160170555115, 1.5200015306472778], [0.999972939491272, -0.00423820037394762, -0.006006750278174877, -1.6038818359375], [0.0, 0.0, 0.0, 1.0]], [[-0.8371124863624573, -0.5470234155654907, -0.0028209839947521687, 0.975341796875], [-0.0002527630131226033, 0.005543695762753487, -0.9999845623970032, 1.5036258697509766], [0.5470305681228638, -0.8370988965034485, -0.0047789644449949265, -1.2113037109375], [0.0, 0.0, 0.0, 1.0]], [[0.9477100372314453, 0.31913265585899353, 2.0952533930085337e-08, -1.14453125], [0.008587650023400784, -0.025502189993858337, -0.9996379017829895, 1.5885391235351562], [-0.31901708245277405, 0.9473668336868286, -0.02690928243100643, -0.10302734375], [0.0, 0.0, 0.0, 1.0]], [[0.005093985702842474, 0.9998706579208374, -0.015254274941980839, 0.0028076171875], [-0.016974950209259987, -0.015165814198553562, -0.9997408986091614, 1.5789499282836914], [-0.9998429417610168, 0.005351606290787458, 0.01689549908041954, -0.022216796875], [0.0, 0.0, 0.0, 1.0]], [[-0.9328359365463257, 0.36001020669937134, -0.014477603137493134, 1.0908203125], [0.015627695247530937, 0.0002839949447661638, -0.9998778700828552, 1.552210807800293], [-0.35996213555336, -0.9329482913017273, -0.005891051609069109, -0.08111572265625], [0.0, 0.0, 0.0, 1.0]]], "view": [[0.0, -2.0, 100.0], [-2.0, 0.0, 100.0], [0.0, 0.0, 1.0]], "bev": "bev_de24378cd72042f4beb10efcea8935b5.png", "aux": "aux_de24378cd72042f4beb10efcea8935b5.npz", "visibility": "visibility_de24378cd72042f4beb10efcea8935b5.png", "pose": [[-0.035990793257951736, -0.9993520975112915, 0.0, 542.3272705078125], [0.9993520975112915, -0.035990793257951736, 0.0, 1117.2767333984375], [0.0, 0.0, 1.0, 0.0], [0.0, 0.0, 0.0, 1.0]], "pose_inverse": [[-0.035990793257951736, 0.9993520975112915, 0.0, -1097.0340576171875], [-0.9993520975112915, -0.035990793257951736, 0.0, 582.1875610351562], [0.0, 0.0, 1.0, 0.0], [0.0, 0.0, 0.0, 1.0]], "cam_ids": [0, 1, 2, 3, 4, 5], "cam_channels": ["CAM_FRONT_LEFT", "CAM_FRONT", "CAM_FRONT_RIGHT", "CAM_BACK_LEFT", "CAM_BACK", "CAM_BACK_RIGHT"], "token": "de24378cd72042f4beb10efcea8935b5", "scene": "scene-0947"}, {"images": ["samples/CAM_FRONT_LEFT/n015-2018-09-26-11-17-24+0800__CAM_FRONT_LEFT__1537931910654844.jpg", "samples/CAM_FRONT/n015-2018-09-26-11-17-24+0800__CAM_FRONT__1537931910662460.jpg", "samples/CAM_FRONT_RIGHT/n015-2018-09-26-11-17-24+0800__CAM_FRONT_RIGHT__1537931910670339.jpg", "samples/CAM_BACK_LEFT/n015-2018-09-26-11-17-24+0800__CAM_BACK_LEFT__1537931910697423.jpg", "samples/CAM_BACK/n015-2018-09-26-11-17-24+0800__CAM_BACK__1537931910687525.jpg", "samples/CAM_BACK_RIGHT/n015-2018-09-26-11-17-24+0800__CAM_BACK_RIGHT__1537931910677893.jpg"], "intrinsics": [[[1272.5979470598488, 0.0, 826.6154927353808], [0.0, 1272.5979470598488, 479.75165386361925], [0.0, 0.0, 1.0]], [[1266.417203046554, 0.0, 816.2670197447984], [0.0, 1266.417203046554, 491.50706579294757], [0.0, 0.0, 1.0]], [[1260.8474446004698, 0.0, 807.968244525554], [0.0, 1260.8474446004698, 495.3344268742088], [0.0, 0.0, 1.0]], [[1256.7414812095406, 0.0, 792.1125740759628], [0.0, 1256.7414812095406, 492.7757465151356], [0.0, 0.0, 1.0]], [[809.2209905677063, 0.0, 829.2196003259838], [0.0, 809.2209905677063, 481.77842384512485], [0.0, 0.0, 1.0]], [[1259.5137405846733, 0.0, 807.2529053838625], [0.0, 1259.5137405846733, 501.19579884916527], [0.0, 0.0, 1.0]]], "extrinsics": [[[0.8143243193626404, -0.5803886651992798, 0.004977028351277113, -0.8798828125], [-0.00035340720205567777, -0.009070837870240211, -0.9999588131904602, 1.5082182884216309], [0.5804098844528198, 0.8142890930175781, -0.0075917174108326435, -1.2206802368164062], [0.0, 0.0, 0.0, 1.0]], [[-0.0035211173817515373, -0.9999073147773743, 0.013153305277228355, 0.0052490234375], [-0.005684929899871349, -0.013133157975971699, -0.9998975992202759, 1.5200555324554443], [0.9999775886535645, -0.003595508635044098, -0.005638160277158022, -1.60699462890625], [0.0, 0.0, 0.0, 1.0]], [[-0.8368648886680603, -0.5474048256874084, -0.00225807330571115, 0.97723388671875], [8.442539547104388e-05, 0.003995951265096664, -0.9999920129776001, 1.503648281097412], [0.5474094152450562, -0.836858332157135, -0.003297855844721198, -1.2122802734375], [0.0, 0.0, 0.0, 1.0]], [[0.9477258920669556, 0.3190855085849762, -7.891849236330017e-05, -1.1414794921875], [0.008792342618107796, -0.02636164426803589, -0.9996137619018555, 1.5885753631591797], [-0.3189643621444702, 0.9473592638969421, -0.027789123356342316, -0.1044921875], [0.0, 0.0, 0.0, 1.0]], [[0.005012936424463987, 0.9998527765274048, -