[{"images": ["samples/CAM_FRONT_LEFT/n008-2018-09-18-14-43-59-0400__CAM_FRONT_LEFT__1537296524254799.jpg", "samples/CAM_FRONT/n008-2018-09-18-14-43-59-0400__CAM_FRONT__1537296524262404.jpg", "samples/CAM_FRONT_RIGHT/n008-2018-09-18-14-43-59-0400__CAM_FRONT_RIGHT__1537296524270482.jpg", "samples/CAM_BACK_LEFT/n008-2018-09-18-14-43-59-0400__CAM_BACK_LEFT__1537296524297405.jpg", "samples/CAM_BACK/n008-2018-09-18-14-43-59-0400__CAM_BACK__1537296524287558.jpg", "samples/CAM_BACK_RIGHT/n008-2018-09-18-14-43-59-0400__CAM_BACK_RIGHT__1537296524278113.jpg"], "intrinsics": [[[1257.8625342125129, 0.0, 827.2410631095686], [0.0, 1257.8625342125129, 450.915498205774], [0.0, 0.0, 1.0]], [[1252.8131021185304, 0.0, 826.588114781398], [0.0, 1252.8131021185304, 469.9846626224581], [0.0, 0.0, 1.0]], [[1256.7485116440405, 0.0, 817.7887570959712], [0.0, 1256.7485116440403, 451.9541780095127], [0.0, 0.0, 1.0]], [[1254.9860565800168, 0.0, 829.5769333630991], [0.0, 1254.9860565800168, 467.1680561863987], [0.0, 0.0, 1.0]], [[796.8910634503094, 0.0, 857.7774326863696], [0.0, 796.8910634503094, 476.8848988407415], [0.0, 0.0, 1.0]], [[1249.9629280788233, 0.0, 825.3768045375984], [0.0, 1249.9629280788233, 462.54816385708756], [0.0, 0.0, 1.0]]], "extrinsics": [[[0.8247143030166626, -0.5647067427635193, -0.030864544212818146, -0.80047607421875], [-0.020366419106721878, 0.024883899837732315, -0.9994828104972839, 1.4832382202148438], [0.5651828050613403, 0.824916422367096, 0.009021050296723843, -1.19366455078125], [0.0, 0.0, 0.0, 1.0]], [[0.013664807192981243, -0.9996848702430725, -0.021052509546279907, 0.00836181640625], [-0.01848607137799263, 0.020798299461603165, -0.9996128082275391, 1.4763545989990234], [0.9997356534004211, 0.014048628509044647, -0.018196042627096176, -1.5289077758789062], [0.0, 0.0, 0.0, 1.0]], [[-0.8425236940383911, -0.5386542081832886, 0.0023247317876666784, 0.954925537109375], [-0.01052609458565712, 0.012148894369602203, -0.999870777130127, 1.4913721084594727], [0.5385563373565674, -0.8424392938613892, -0.015905659645795822, -1.19049072265625], [0.0, 0.0, 0.0, 1.0]], [[0.9473761320114136, 0.319091796875, -0.02566593512892723, -1.13482666015625], [-0.03626460209488869, 0.027317365631461143, -0.998968780040741, 1.561697006225586], [-0.3180616796016693, 0.9473299384117126, 0.03745156154036522, -0.15911865234375], [0.0, 0.0, 0.0, 1.0]], [[0.008286377415060997, 0.9997750520706177, 0.019519925117492676, -0.0283203125], [-0.034081362187862396, 0.0197916179895401, -0.9992230534553528, 1.565826416015625], [-0.9993847012519836, 0.007614718284457922, 0.03423770144581795, -0.02127838134765625], [0.0, 0.0, 0.0, 1.0]], [[-0.9242808818817139, 0.38080620765686035, 0.026292994618415833, 1.0504150390625], [-0.029650896787643433, -0.002952797804027796, -0.9995559453964233, 1.5442783832550049], [-0.3805594742298126, -0.9246501326560974, 0.014020459726452827, -0.08892822265625], [0.0, 0.0, 0.0, 1.0]]], "view": [[0.0, -2.0, 100.0], [-2.0, 0.0, 100.0], [0.0, 0.0, 1.0]], "bev": "bev_81b608b758c349c6b25e756a84d6fd45.png", "aux": "aux_81b608b758c349c6b25e756a84d6fd45.npz", "visibility": "visibility_81b608b758c349c6b25e756a84d6fd45.png", "pose": [[-0.8400523662567139, -0.5425052642822266, 0.0, 429.2359313964844], [0.5425052642822266, -0.8400523662567139, 0.0, 826.2407836914062], [0.0, 0.0, 1.0, 0.0], [0.0, 0.0, 0.0, 1.0]], "pose_inverse": [[-0.8400523662567139, 0.5425052642822266, 0.0, -87.65931701660156], [-0.5425052642822266, -0.8400523662567139, 0.0, 926.9483032226562], [0.0, 0.0, 1.0, 0.0], [0.0, 0.0, 0.0, 1.0]], "cam_ids": [0, 1, 2, 3, 4, 5], "cam_channels": ["CAM_FRONT_LEFT", "CAM_FRONT", "CAM_FRONT_RIGHT", "CAM_BACK_LEFT", "CAM_BACK", "CAM_BACK_RIGHT"], "token": "81b608b758c349c6b25e756a84d6fd45", "scene": "scene-0649"}, {"images": ["samples/CAM_FRONT_LEFT/n008-2018-09-18-14-43-59-0400__CAM_FRONT_LEFT__1537296524754799.jpg", "samples/CAM_FRONT/n008-2018-09-18-14-43-59-0400__CAM_FRONT__1537296524762404.jpg", "samples/CAM_FRONT_RIGHT/n008-2018-09-18-14-43-59-0400__CAM_FRONT_RIGHT__1537296524770482.jpg", "samples/CAM_BACK_LEFT/n008-2018-09-18-14-43-59-0400__CAM_BACK_LEFT__1537296524797405.jpg", "samples/CAM_BACK/n008-2018-09-18-14-43-59-0400__CAM_BACK__1537296524787558.jpg", "samples/CAM_BACK_RIGHT/n008-2018-09-18-14-43-59-0400__CAM_BACK_RIGHT__1537296524778113.jpg"], "intrinsics": [[[1257.8625342125129, 0.0, 827.2410631095686], [0.0, 1257.8625342125129, 450.915498205774], [0.0, 0.0, 1.0]], [[1252.8131021185304, 0.0, 826.588114781398], [0.0, 1252.8131021185304, 469.9846626224581], [0.0, 0.0, 1.0]], [[1256.7485116440405, 0.0, 817.7887570959712], [0.0, 1256.7485116440403, 451.9541780095127], [0.0, 0.0, 1.0]], [[1254.9860565800168, 0.0, 829.5769333630991], [0.0, 1254.9860565800168, 467.1680561863987], [0.0, 0.0, 1.0]], [[796.8910634503094, 0.0, 857.7774326863696], [0.0, 796.8910634503094, 476.8848988407415], [0.0, 0.0, 1.0]], [[1249.9629280788233, 0.0, 825.3768045375984], [0.0, 1249.9629280788233, 462.54816385708756], [0.0, 0.0, 1.0]]], "extrinsics": [[[0.8237113356590271, -0.5662845969200134, -0.028658749535679817, -0.812255859375], [-0.020544294267892838, 0.020703351125121117, -0.9995745420455933, 1.4834766387939453], [0.5666369795799255, 0.8239496946334839, 0.005419667344540358, -1.20233154296875], [0.0, 0.0, 0.0, 1.0]], [[0.012139474973082542, -0.9997869729995728, -0.016689572483301163, 0.00872802734375], [-0.01850784197449684, 0.016463279724121094, -0.9996932148933411, 1.476583480834961], [0.9997550249099731, 0.01244463212788105, -0.018304044380784035, -1.5420150756835938], [0.0, 0.0, 0.0, 1.0]], [[-0.8431938886642456, -0.5375893115997314, 0.004679664969444275, 0.964599609375], [-0.010423519648611546, 0.007644818164408207, -0.9999164342880249, 1.4915046691894531], [0.5375086069107056, -0.8431721925735474, -0.012049635872244835, -1.1964111328125], [0.0, 0.0, 0.0, 1.0]], [[0.9474124908447266, 0.3188968002796173, -0.02672845497727394, -1.13873291015625], [-0.035712383687496185, 0.022357193753123283, -0.9991119503974915, 1.5618476867675781], [-0.31801605224609375, 0.947525680065155, 0.03257004916667938, -0.15777587890625], [0.0, 0.0, 0.0, 1.0]], [[0.008813249878585339, 0.9998534321784973, 0.01468062773346901, -0.028564453125], [-0.03361297398805618, 0.014969119802117348, -0.999322772026062, 1.5660934448242188], [-0.999396026134491, 0.008313827216625214, 0.033739976584911346, -0.0141448974609375], [0.0, 0.0, 0.0, 1.0]], [[-0.9239125847816467, 0.38182979822158813, 0.02432108297944069, 1.059478759765625], [-0.02944490686058998, -0.007581077050417662, -0.9995376467704773, 1.5445942878723145], [-0.3814689815044403, -0.9242015480995178, 0.018247196450829506, -0.0850830078125], [0.0, 0.0, 0.0, 1.0]]], "view": [[0.0, -2.0, 100.0], [-2.0, 0.0, 100.0], [0.0, 0.0, 1.0]], "bev": "bev_c4f9bc5014a743b49b507a763880a8f8.png", "aux": "aux_c4f9bc5014a743b49b507a763880a8f8.npz", "visibility": "visibility_c4f9bc5014a743b49b507a763880a8f8.png", "pose": [[-0.8155634999275208, -0.5786675810813904, 0.0, 426.98431396484375], [0.5786675810813904, -0.8155634999275208, 0.0, 827.7854614257812], [0.0, 0.0, 1.0, 0.0], [0.0, 0.0, 0.0, 1.0]], "pose_inverse": [[-0.8155634999275208, 0.5786675810813904, 0.0, -130.77975463867188], [-0.5786675810813904, -0.8155634999275208, 0.0, 922.193603515625], [0.0, 0.0, 1.0, 0.0], [0.0, 0.0, 0.0, 1.0]], "cam_ids": [0, 1, 2, 3, 4, 5], "cam_channels": ["CAM_FRONT_LEFT", "CAM_FRONT", "CAM_FRONT_RIGHT", "CAM_BACK_LEFT", "CAM_BACK", "CAM_BACK_RIGHT"], "token": "c4f9bc5014a743b49b507a763880a8f8", "scene": "scene-0649"}, {"images": ["samples/CAM_FRONT_LEFT/n008-2018-09-18-14-43-59-0400__CAM_FRONT_LEFT__1537296525254799.jpg", "samples/CAM_FRONT/n008-2018-09-18-14-43-59-0400__CAM_FRONT__1537296525262404.jpg", "samples/CAM_FRONT_RIGHT/n008-2018-09-18-14-43-59-0400__CAM_FRONT_RIGHT__1537296525270482.jpg", "samples/CAM_BACK_LEFT/n008-2018-09-18-14-43-59-0400__CAM_BACK_LEFT__1537296525297405.jpg", "samples/CAM_BACK/n008-2018-09-18-14-43-59-0400__CAM_BACK__1537296525287558.jpg", "samples/CAM_BACK_RIGHT/n008-2018-09-18-14-43-59-0400__CAM_BACK_RIGHT__1537296525278113.jpg"], "intrinsics": [[[1257.8625342125129, 0.0, 827.2410631095686], [0.0, 1257.8625342125129, 450.915498205774], [0.0, 0.0, 1.0]], [[1252.8131021185304, 0.0, 826.588114781398], [0.0, 1252.8131021185304, 469.9846626224581], [0.0, 0.0, 1.0]], [[1256.7485116440405, 0.0, 817.7887570959712], [0.0, 1256.7485116440403, 451.9541780095127], [0.0, 0.0, 1.0]], [[1254.9860565800168, 0.0, 829.5769333630991], [0.0, 1254.9860565800168, 467.1680561863987], [0.0, 0.0, 1.0]], [[796.8910634503094, 0.0, 857.7774326863696], [0.0, 796.8910634503094, 476.8848988407415], [0.0, 0.0, 1.0]], [[1249.9629280788233, 0.0, 825.3768045375984], [0.0, 1249.9629280788233, 462.54816385708756], [0.0, 0.0, 1.0]]], "extrinsics": [[[0.8224419951438904, -0.568359911441803, -0.023582708090543747, -0.8135986328125], [-0.012488712556660175, 0.023406237363815308, -0.9996480345726013, 1.4853343963623047], [0.5687118172645569, 0.8224470615386963, 0.012152187526226044, -1.20513916015625], [0.0, 0.0, 0.0, 1.0]], [[0.01022292673587799, -0.9997556209564209, -0.01959798112511635, 0.01019287109375], [-0.01047759223729372, 0.019490830600261688, -0.9997551441192627, 1.4781227111816406], [0.9998928308486938, 0.0104258107021451, -0.010275778360664845, -1.5450286865234375], [0.0, 0.0, 0.0, 1.0]], [[-0.8440257906913757, -0.5362887382507324, -0.0038523399271070957, 0.96807861328125], [-0.0024019544944167137, 0.010963138192892075, -0.9999369978904724, 1.492696762084961], [0.5362972617149353, -0.8439633846282959, -0.010541313327848911, -1.19708251953125], [0.0, 0.0, 0.0, 1.0]], [[0.9476535320281982, 0.3187943696975708, -0.01796787604689598, -1.1395263671875], [-0.02779831551015377, 0.02631310001015663, -0.9992671608924866, 1.561910629272461], [-0.3180879056453705, 0.9474585652351379, 0.033797651529312134, -0.1575927734375], [0.0, 0.0, 0.0, 1.0]], [[0.00931225623935461, 0.9997841119766235, 0.01857640966773033, -0.0291748046875], [-0.02562103420495987, 0.018809672445058823, -0.999494731426239, 1.5666065216064453], [-0.9996283054351807, 0.008831578306853771, 0.025790663436055183, -0.01190185546875], [0.0, 0.0, 0.0, 1.0]], [[-0.9236814379692078, 0.3827260136604309, 0.018260376527905464, 1.0623779296875], [-0.02142101712524891, -0.003998041618615389, -0.9997625350952148, 1.5455535650253296], [-0.3825621008872986, -0.9238532185554504, 0.01189129613339901, -0.0826416015625], [0.0, 0.0, 0.0, 1.0]]], "view": [[0.0, -2.0, 100.0], [-2.0, 0.0, 100.0], [0.0, 0.0, 1.0]], "bev": "bev_68adfecf88f547ea93aace69e94a4902.png", "aux": "aux_68adfecf88f547ea93aace69e94a4902.npz", "visibility": "visibility_68adfecf88f547ea93aace69e94a4902.png", "pose": [[-0.8087342381477356, -0.5881742238998413, 0.0, 424.81170654296875], [0.5881742238998413, -0.8087342381477356, 0.0, 829.375244140625], [0.0, 0.0, 1.0, 0.0], [0.0, 0.0, 0.0, 1.0]], "pose_inverse": [[-0.8087342381477356, 0.5881742238998413, 0.0, -144.25735473632812], [-0.5881742238998413, -0.8087342381477356, 0.0, 920.6074829101562], [0.0, 0.0, 1.0, 0.0], [0.0, 0.0, 0.0, 1.0]], "cam_ids": [0, 1, 2, 3, 4, 5], "cam_channels": ["CAM_FRONT_LEFT", "CAM_FRONT", "CAM_FRONT_RIGHT", "CAM_BACK_LEFT", "CAM_BACK", "CAM_BACK_RIGHT"], "token": "68adfecf88f547ea93aace69e94a4902", "scene": "scene-0649"}, {"images": ["samples/CAM_FRONT_LEFT/n008-2018-09-18-14-43-59-0400__CAM_FRONT_LEFT__1537296525654799.jpg", "samples/CAM_FRONT/n008-2018-09-18-14-43-59-0400__CAM_FRONT__1537296525662404.jpg", "samples/CAM_FRONT_RIGHT/n008-2018-09-18-14-43-59-0400__CAM_FRONT_RIGHT__1537296525670482.jpg", "samples/CAM_BACK_LEFT/n008-2018-09-18-14-43-59-0400__CAM_BACK_LEFT__1537296525697405.jpg", "samples/CAM_BACK/n008-2018-09-18-14-43-59-0400__CAM_BACK__1537296525687558.jpg", "samples/CAM_BACK_RIGHT/n008-2018-09-18-14-43-59-0400__CAM_BACK_RIGHT__1537296525678113.jpg"], "intrinsics": [[[1257.8625342125129, 0.0, 827.2410631095686], [0.0, 1257.8625342125129, 450.915498205774], [0.0, 0.0, 1.0]], [[1252.8131021185304, 0.0, 826.588114781398], [0.0, 1252.8131021185304, 469.9846626224581], [0.0, 0.0, 1.0]], [[1256.7485116440405, 0.0, 817.7887570959712], [0.0, 1256.7485116440403, 451.9541780095127], [0.0, 0.0, 1.0]], [[1254.9860565800168, 0.0, 829.5769333630991], [0.0, 1254.9860565800168, 467.1680561863987], [0.0, 0.0, 1.0]], [[796.8910634503094, 0.0, 857.7774326863696], [0.0, 796.8910634503094, 476.8848988407415], [0.0, 0.0, 1.0]], [[1249.9629280788233, 0.0, 825.3768045375984], [0.0, 1249.9629280788233, 462.54816385708756], [0.0, 0.0, 1.0]]], "extrinsics": [[[0.8196761012077332, -0.5722116231918335, -0.02655305527150631, -0.82769775390625], [-0.016538560390472412, 0.022694965824484825, -0.9996055960655212, 1.4847049713134766], [0.5725885629653931, 0.8197919726371765, 0.009138963185250759, -1.2105712890625], [0.0, 0.0, 0.0, 1.0]], [[0.0062494478188455105, -0.999803364276886, -0.01882198639214039, 0.0072021484375], [-0.014596372842788696, 0.01872914470732212, -0.9997180700302124, 1.4775466918945312], [0.9998738765716553, 0.006522371433675289, -0.014476453885436058, -1.5561904907226562], [0.0, 0.0, 0.0, 1.0]], [[-0.8456956148147583, -0.5336655974388123, 6.669804861303419e-05, 0.97320556640625], [-0.006512434221804142, 0.010195231065154076, -0.9999268054962158, 1.4921627044677734], [0.5336258411407471, -0.8456342220306396, -0.012097523547708988, -1.20294189453125], [0.0, 0.0, 0.0, 1.0]], [[0.947603702545166, 0.3187112510204315, -0.021685952320694923, -1.1381072998046875], [-0.03166767582297325, 0.026170291006565094, -0.9991557598114014, 1.561849594116211], [-0.31787464022636414, 0.9474905133247375, 0.03489191085100174, -0.157958984375], [0.0, 0.0, 0.0, 1.0]], [[0.010637291707098484, 0.9997812509536743, 0.018011674284934998, -0.02838134765625], [-0.02965931035578251, 0.018320230767130852, -0.9993921518325806, 1.5664310455322266], [-0.999503493309021, 0.010096525773406029, 0.029847700148820877, -0.010528564453125], [0.0, 0.0, 0.0, 1.0]], [[-0.9226928353309631, 0.38492268323898315, 0.021740173920989037, 1.066680908203125], [-0.025490494444966316, -0.00464253593236208, -0.9996642470359802, 1.54521906375885], [-0.3846924304962158, -0.9229372143745422, 0.01409550104290247, -0.082763671875], [0.0, 0.0, 0.0, 1.0]]], "view": [[0.0, -2.0, 100.0], [-2.0, 0.0, 100.0], [0.0, 0.0, 1.0]], "bev": "bev_688062f34ab243c698109d28165d73af.png", "aux": "aux_688062f34ab243c698109d28165d73af.npz", "visibility": "visibility_688062f34ab243c698109d28165d73af.png", "pose": [[-0.8223612308502197, -0.5689657926559448, 0.0, 423.1628723144531], [0.5689657926559448, -0.8223612308502197, 0.0, 830.5676879882812], [0.0, 0.0, 1.0, 0.0], [0.0, 0.0, 0.0, 1.0]], "pose_inverse": [[-0.8223612308502197, 0.5689657926559448, 0.0, -124.57184600830078], [-0.5689657926559448, -0.8223612308502197, 0.0, 923.7918090820312], [0.0, 0.0, 1.0, 0.0], [0.0, 0.0, 0.0, 1.0]], "cam_ids": [0, 1, 2, 3, 4, 5], "cam_channels": ["CAM_FRONT_LEFT", "CAM_FRONT", "CAM_FRONT_RIGHT", "CAM_BACK_LEFT", "CAM_BACK", "CAM_BACK_RIGHT"], "token": "688062f34ab243c698109d28165d73af", "scene": "scene-0649"}, {"images": ["samples/CAM_FRONT_LEFT/n008-2018-09-18-14-43-59-0400__CAM_FRONT_LEFT__1537296526104799.jpg", "samples/CAM_FRONT/n008-2018-09-18-14-43-59-0400__CAM_FRONT__1537296526112404.jpg", "samples/CAM_FRONT_RIGHT/n008-2018-09-18-14-43-59-0400__CAM_FRONT_RIGHT__1537296526120482.jpg", "samples/CAM_BACK_LEFT/n008-2018-09-18-14-43-59-0400__CAM_BACK_LEFT__1537296526147405.jpg", "samples/CAM_BACK/n008-2018-09-18-14-43-59-0400__CAM_BACK__1537296526137558.jpg", "samples/CAM_BACK_RIGHT/n008-2018-09-18-14-43-59-0400__CAM_BACK_RIGHT__1537296526128113.jpg"], "intrinsics": [[[1257.8625342125129, 0.0, 827.2410631095686], [0.0, 1257.8625342125129, 450.915498205774], [0.0, 0.0, 1.0]], [[1252.8131021185304, 0.0, 826.588114781398], [0.0, 1252.8131021185304, 469.9846626224581], [0.0, 0.0, 1.0]], [[1256.7485116440405, 0.0, 817.7887570959712], [0.0, 1256.7485116440403, 451.9541780095127], [0.0, 0.0, 1.0]], [[1254.9860565800168, 0.0, 829.5769333630991], [0.0, 1254.9860565800168, 467.1680561863987], [0.0, 0.0, 1.0]], [[796.8910634503094, 0.0, 857.7774326863696], [0.0, 796.8910634503094, 476.8848988407415], [0.0, 0.0, 1.0]], [[1249.9629280788233, 0.0, 825.3768045375984], [0.0, 1249.9629280788233, 462.54816385708756], [0.0, 0.0, 1.0]]], "extrinsics": [[[0.8194950819015503, -0.5726736783981323, -0.02174152433872223, -0.8304443359375], [-0.011689132079482079, 0.021226665005087852, -0.9997063279151917, 1.4857025146484375], [0.5729670524597168, 0.8195085525512695, 0.010701089166104794, -1.220947265625], [0.0, 0.0, 0.0, 1.0]], [[0.006042446009814739, -0.9998379349708557, -0.016958869993686676, 0.013671875], [-0.009794007986783981, 0.016899194568395615, -0.9998092651367188, 1.478372573852539], [0.9999337196350098, 0.006207358092069626, -0.009690308012068272, -1.5643157958984375], [0.0, 0.0, 0.0, 1.0]], [[-0.8457274436950684, -0.5336082577705383, -0.0026970587205141783, 0.9825439453125], [-0.0018383933929726481, 0.007967920042574406, -0.999966561794281, 1.492781162261963], [0.5336118936538696, -0.8456942439079285, -0.007719672285020351, -1.20196533203125], [0.0, 0.0, 0.0, 1.0]], [[0.9476234316825867, 0.31884536147117615, -0.01864275150001049, -1.143280029296875], [-0.027286125347018242, 0.022662872448563576, -0.9993706941604614, 1.5619010925292969], [-0.3182222545146942, 0.9475357532501221, 0.03017592243850231, -0.16046142578125], [0.0, 0.0, 0.0, 1.0]], [[0.010572466067969799, 0.9998310804367065, 0.015036726370453835, -0.0330810546875], [-0.025120003148913383, 0.015298384241759777, -0.9995673894882202, 1.5667533874511719], [-0.9996285438537598, 0.010190164670348167, 0.025277500972151756, -0.004974365234375], [0.0, 0.0, 0.0, 1.0]], [[-0.9227845668792725, 0.3849610388278961, 0.016540152952075005, 1.07171630859375], [-0.020939892157912254, -0.007239478640258312, -0.9997544884681702, 1.5458950996398926], [-0.3847467303276062, -0.9229044318199158, 0.014741521328687668, -0.0738525390625], [0.0, 0.0, 0.0, 1.0]]], "view": [[0.0, -2.0, 100.0], [-2.0, 0.0, 100.0], [0.0, 0.0, 1.0]], "bev": "bev_8e919240706a4ef5a34af6eee9e74167.png", "aux": "aux_8e919240706a4ef5a34af6eee9e74167.npz", "visibility": "visibility_8e919240706a4ef5a34af6eee9e74167.png", "pose": [[-0.852598249912262, -0.5225669145584106, 0.0, 421.2890625], [0.5225669145584106, -0.852598249912262, 0.0, 831.8232421875], [0.0, 0.0, 1.0, 0.0], [0.0, 0.0, 0.0, 1.0]], "pose_inverse": [[-0.852598249912262, 0.5225669145584106, 0.0, -75.49299621582031], [-0.5225669145584106, -0.852598249912262, 0.0, 929.36279296875], [0.0, 0.0, 1.0, 0.0], [0.0, 0.0, 0.0, 1.0]], "cam_ids": [0, 1, 2, 3, 4, 5], "cam_channels": ["CAM_FRONT_LEFT", "CAM_FRONT", "CAM_FRONT_RIGHT", "CAM_BACK_LEFT", "CAM_BACK", "CAM_BACK_RIGHT"], "token": "8e919240706a4ef5a34af6eee9e74167", "scene": "scene-0649"}, {"images": ["samples/CAM_FRONT_LEFT/n008-2018-09-18-14-43-59-0400__CAM_FRONT_LEFT__1537296526604799.jpg", "samples/CAM_FRONT/n008-2018-09-18-14-43-59-0400__CAM_FRONT__1537296526612404.jpg", "samples/CAM_FRONT_RIGHT/n008-2018-09-18-14-43-59-0400__CAM_FRONT_RIGHT__1537296526620482.jpg", "samples/CAM_BACK_LEFT/n008-2018-09-18-14-43-59-0400__CAM_BACK_LEFT__1537296526647405.jpg", "samples/CAM_BACK/n008-2018-09-18-14-43-59-0400__CAM_BACK__1537296526637558.jpg", "samples/CAM_BACK_RIGHT/n008-2018-09-18-14-43-59-0400__CAM_BACK_RIGHT__1537296526628113.jpg"], "intrinsics": [[[1257.8625342125129, 0.0, 827.2410631095686], [0.0, 1257.8625342125129, 450.915498205774], [0.0, 0.0, 1.0]], [[1252.8131021185304, 0.0, 826.588114781398], [0.0, 1252.8131021185304, 469.9846626224581], [0.0, 0.0, 1.0]], [[1256.7485116440405, 0.0, 817.7887570959712], [0.0, 1256.7485116440403, 451.9541780095127], [0.0, 0.0, 1.0]], [[1254.9860565800168, 0.0, 829.5769333630991], [0.0, 1254.9860565800168, 467.1680561863987], [0.0, 0.0, 1.0]], [[796.8910634503094, 0.0, 857.7774326863696], [0.0, 796.8910634503094, 476.8848988407415], [0.0, 0.0, 1.0]], [[1249.9629280788233, 0.0, 825.3768045375984], [0.0, 1249.9629280788233, 462.54816385708756], [0.0, 0.0, 1.0]]], "extrinsics": [[[0.8197110295295715, -0.572281539440155, -0.02382710389792919, -0.842041015625], [-0.014329388737678528, 0.02109695039689541, -0.9996747374534607, 1.485361099243164], [0.5725980997085571, 0.8197858333587646, 0.00909295491874218, -1.2283935546875], [0.0, 0.0, 0.0, 1.0]], [[0.0063607231713831425, -0.9998342990875244, -0.01705564558506012, 0.01324462890625], [-0.01254747062921524, 0.01697484776377678, -0.9997771382331848, 1.478048324584961], [0.9999010562896729, 0.006573288235813379, -0.012437417171895504, -1.5751800537109375], [0.0, 0.0, 0.0, 1.0]], [[-0.845597505569458, -0.5338208079338074, -0.00042850969475694, 0.989410400390625], [-0.004710010718554258, 0.00826356839388609, -0.9999547600746155, 1.492438793182373], [0.5338002443313599, -0.8455572724342346, -0.009501955471932888, -1.20635986328125], [0.0, 0.0, 0.0, 1.0]], [[0.9475558996200562, 0.31886306405067444, -0.021547231823205948, -1.142547607421875], [-0.030623149126768112, 0.023477038368582726, -0.9992552399635315, 1.561868667602539], [-0.31811970472335815, 0.9475099444389343, 0.03201039880514145, -0.16058349609375], [0.0, 0.0, 0.0, 1.0]], [[0.010527478531002998, 0.9998217821121216, 0.01567087136209011, -0.032958984375], [-0.028286175802350044, 0.015963230282068253, -0.9994723796844482, 1.5666627883911133], [-0.9995444416999817, 0.010078656487166882, 0.02844918891787529, -0.002567291259765625], [0.0, 0.0, 0.0, 1.0]], [[-0.9228001832962036, 0.38478559255599976, 0.019488878548145294, 1.076934814453125], [-0.023927217349410057, -0.006749698426574469, -0.9996908903121948, 1.5457463264465332], [-0.3845350444316864, -0.9229813814163208, 0.015435469336807728, -0.07183837890625], [0.0, 0.0, 0.0, 1.0]]], "view": [[0.0, -2.0, 100.0], [-2.0, 0.0, 100.0], [0.0, 0.0, 1.0]], "bev": "bev_5d2cb0a7c75244e4a1be20d61d018003.png", "aux": "aux_5d2cb0a7c75244e4a1be20d61d018003.npz", "visibility": "visibility_5d2cb0a7c75244e4a1be20d61d018003.png", "pose": [[-0.8830456733703613, -0.46928706765174866, 0.0, 419.24029541015625], [0.46928706765174866, -0.8830456733703613, 0.0, 833.0286865234375], [0.0, 0.0, 1.0, 0.0], [0.0, 0.0, 0.0, 1.0]], "pose_inverse": [[-0.8830456733703613, 0.46928706765174866, 0.0, -20.721250534057617], [-0.46928706765174866, -0.8830456733703613, 0.0, 932.346435546875], [0.0, 0.0, 1.0, 0.0], [0.0, 0.0, 0.0, 1.0]], "cam_ids": [0, 1, 2, 3, 4, 5], "cam_channels": ["CAM_FRONT_LEFT", "CAM_FRONT", "CAM_FRONT_RIGHT", "CAM_BACK_LEFT", "CAM_BACK", "CAM_BACK_RIGHT"], "token": "5d2cb0a7c75244e4a1be20d61d018003", "scene": "scene-0649"}, {"images": ["samples/CAM_FRONT_LEFT/n008-2018-09-18-14-43-59-0400__CAM_FRONT_LEFT__1537296527104799.jpg", "samples/CAM_FRONT/n008-2018-09-18-14-43-59-0400__CAM_FRONT__1537296527112404.jpg", "samples/CAM_FRONT_RIGHT/n008-2018-09-18-14-43-59-0400__CAM_FRONT_RIGHT__1537296527121056.jpg", "samples/CAM_BACK_LEFT/n008-2018-09-18-14-43-59-0400__CAM_BACK_LEFT__1537296527147405.jpg", "samples/CAM_BACK/n008-2018-09-18-14-43-59-0400__CAM_BACK__1537296527137558.jpg", "samples/CAM_BACK_RIGHT/n008-2018-09-18-14-43-59-0400__CAM_BACK_RIGHT__1537296527128113.jpg"], "intrinsics": [[[1257.8625342125129, 0.0, 827.2410631095686], [0.0, 1257.8625342125129, 450.915498205774], [0.0, 0.0, 1.0]], [[1252.8131021185304, 0.0, 826.588114781398], [0.0, 1252.8131021185304, 469.9846626224581], [0.0, 0.0, 1.0]], [[1256.7485116440405, 0.0, 817.7887570959712], [0.0, 1256.7485116440403, 451.9541780095127], [0.0, 0.0, 1.0]], [[1254.9860565800168, 0.0, 829.5769333630991], [0.0, 1254.9860565800168, 467.1680561863987], [0.0, 0.0, 1.0]], [[796.8910634503094, 0.0, 857.7774326863696], [0.0, 796.8910634503094, 476.8848988407415], [0.0, 0.0, 1.0]], [[1249.9629280788233, 0.0, 825.3768045375984], [0.0, 1249.9629280788233, 462.54816385708756], [0.0, 0.0, 1.0]]], "extrinsics": [[[0.8201110363006592, -0.5714592337608337, -0.029192596673965454, -0.856658935546875], [-0.022207222878932953, 0.019192323088645935, -0.9995691776275635, 1.4842529296875], [0.5717732906341553, 0.8204059600830078, 0.003049311926588416, -1.238037109375], [0.0, 0.0, 0.0, 1.0]], [[0.007169482763856649, -0.9998582005500793, -0.015230868943035603, 0.01239013671875], [-0.020308079198002815, 0.015082532539963722, -0.9996800422668457, 1.4771356582641602], [0.9997680187225342, 0.007476532366126776, -0.02019706554710865, -1.590078353881836], [0.0, 0.0, 0.0, 1.0]], [[-0.8451319336891174, -0.5345116257667542, 0.007017439231276512, 1.00103759765625], [-0.012344234623014927, 0.00639040581882, -0.9999033808708191, 1.4916868209838867], [0.5344151854515076, -0.8451369404792786, -0.011998873203992844, -1.214599609375], [0.0, 0.0, 0.0, 1.0]], [[0.9473549127578735, 0.31887927651405334, -0.028889527544379234, -1.140472412109375], [-0.037741683423519135, 0.02161501906812191, -0.9990537762641907, 1.561807632446289], [-0.31795307993888855, 0.9475488066673279, 0.03251213580369949, -0.16033935546875], [0.0, 0.0, 0.0, 1.0]], [[0.010278339497745037, 0.9998525977134705, 0.013749780133366585, -0.03204345703125], [-0.03567700460553169, 0.014108438044786453, -0.9992637038230896, 1.566446304321289], [-0.9993104934692383, 0.009780221618711948, 0.03581676259636879, 0.0005092620849609375], [0.0, 0.0, 0.0, 1.0]], [[-0.9228583574295044, 0.38428062200546265, 0.025706645101308823, 1.08441162109375], [-0.03142983093857765, -0.008619469590485096, -0.9994687438011169, 1.5453228950500488], [-0.3838549554347992, -0.9231760501861572, 0.020032428205013275, -0.07000732421875], [0.0, 0.0, 0.0, 1.0]]], "view": [[0.0, -2.0, 100.0], [-2.0, 0.0, 100.0], [0.0, 0.0, 1.0]], "bev": "bev_5b96b1620c5343238e0fd12847f44e3d.png", "aux": "aux_5b96b1620c5343238e0fd12847f44e3d.npz", "visibility": "visibility_5b96b1620c5343238e0fd12847f44e3d.png", "pose": [[-0.906135082244873, -0.4229883849620819, 0.0, 417.2992248535156], [0.4229883849620819, -0.906135082244873, 0.0, 834.0198974609375], [0.0, 0.0, 1.0, 0.0], [0.0, 0.0, 0.0, 1.0]], "pose_inverse": [[-0.906135082244873, 0.4229883849620819, 0.0, 25.348731994628906], [-0.4229883849620819, -0.906135082244873, 0.0, 932.2474365234375], [0.0, 0.0, 1.0, 0.0], [0.0, 0.0, 0.0, 1.0]], "cam_ids": [0, 1, 2, 3, 4, 5], "cam_channels": ["CAM_FRONT_LEFT", "CAM_FRONT", "CAM_FRONT_RIGHT", "CAM_BACK_LEFT", "CAM_BACK", "CAM_BACK_RIGHT"], "token": "5b96b1620c5343238e0fd12847f44e3d", "scene": "scene-0649"}, {"images": ["samples/CAM_FRONT_LEFT/n008-2018-09-18-14-43-59-0400__CAM_FRONT_LEFT__1537296527604799.jpg", "samples/CAM_FRONT/n008-2018-09-18-14-43-59-0400__CAM_FRONT__1537296527612404.jpg", "samples/CAM_FRONT_RIGHT/n008-2018-09-18-14-43-59-0400__CAM_FRONT_RIGHT__1537296527620482.jpg", "samples/CAM_BACK_LEFT/n008-2018-09-18-14-43-59-0400__CAM_BACK_LEFT__1537296527647405.jpg", "samples/CAM_BACK/n008-2018-09-18-14-43-59-0400__CAM_BACK__1537296527637558.jpg", "samples/CAM_BACK_RIGHT/n008-2018-09-18-14-43-59-0400__CAM_BACK_RIGHT__1537296527628113.jpg"], "intrinsics": [[[1257.8625342125129, 0.0, 827.2410631095686], [0.0, 1257.8625342125129, 450.915498205774], [0.0, 0.0, 1.0]], [[1252.8131021185304, 0.0, 826.588114781398], [0.0, 1252.8131021185304, 469.9846626224581], [0.0, 0.0, 1.0]], [[1256.7485116440405, 0.0, 817.7887570959712], [0.0, 1256.7485116440403, 451.9541780095127], [0.0, 0.0, 1.0]], [[1254.9860565800168, 0.0, 829.5769333630991], [0.0, 1254.9860565800168, 467.1680561863987], [0.0, 0.0, 1.0]], [[796.8910634503094, 0.0, 857.7774326863696], [0.0, 796.8910634503094, 476.8848988407415], [0.0, 0.0, 1.0]], [[1249.9629280788233, 0.0, 825.3768045375984], [0.0, 1249.9629280788233, 462.54816385708756], [0.0, 0.0, 1.0]]], "extrinsics": [[[0.8205947279930115, -0.5707330107688904, -0.029801247641444206, -0.871826171875], [-0.0230687465518713, 0.019024357199668884, -0.999552845954895, 1.4845352172851562], [0.5710448622703552, 0.8209152817726135, 0.002445192774757743, -1.24658203125], [0.0, 0.0, 0.0, 1.0]], [[0.007714669220149517, -0.999855637550354, -0.015141203068196774, 0.0106201171875], [-0.021040676161646843, 0.014975993894040585, -0.9996664524078369, 1.4773502349853516], [0.9997488856315613, 0.008030698634684086, -0.0209221001714468, -1.6040191650390625], [0.0, 0.0, 0.0, 1.0]], [[-0.8450089693069458, -0.534699022769928, 0.007545830681920052, 1.0069580078125], [-0.01294392254203558, 0.006345032248646021, -0.9998961091041565, 1.4917387962341309], [0.5345955491065979, -0.8450188040733337, -0.012282711453735828, -1.2203369140625], [0.0, 0.0, 0.0, 1.0]], [[0.947374165058136, 0.318804532289505, -0.02908630110323429, -1.13714599609375], [-0.037938836961984634, 0.021592216566205025, -0.9990467429161072, 1.561727523803711], [-0.3178726136684418, 0.9475744962692261, 0.032550979405641556, -0.15966796875], [0.0, 0.0, 0.0, 1.0]], [[0.010191054083406925, 0.9998539090156555, 0.013721495866775513, -0.0303955078125], [-0.03591940551996231, 0.01407939475029707, -0.9992554783821106, 1.5665273666381836], [-0.9993026852607727, 0.009690627455711365, 0.036057647317647934, 0.002407073974609375], [0.0, 0.0, 0.0, 1.0]], [[-0.9229180216789246, 0.3841092884540558, 0.026123501360416412, 1.0908203125], [-0.03189181536436081, -0.008654553443193436, -0.9994538426399231, 1.5454626083374023], [-0.3836733400821686, -0.9232470393180847, 0.020237384364008904, -0.069580078125], [0.0, 0.0, 0.0, 1.0]]], "view": [[0.0, -2.0, 100.0], [-2.0, 0.0, 100.0], [0.0, 0.0, 1.0]], "bev": "bev_956c25c56eab434aad6558906ef6990b.png", "aux": "aux_956c25c56eab434aad6558906ef6990b.npz", "visibility": "visibility_956c25c56eab434aad6558906ef6990b.png", "pose": [[-0.9203449487686157, -0.39110761880874634, 0.0, 415.5593566894531], [0.39110761880874634, -0.9203449487686157, 0.0, 834.8369140625], [0.0, 0.0, 1.0, 0.0], [0.0, 0.0, 0.0, 1.0]], "pose_inverse": [[-0.9203449487686157, 0.39110761880874634, 0.0, 55.94686508178711], [-0.39110761880874634, -0.9203449487686157, 0.0, 930.8663940429688], [0.0, 0.0, 1.0, 0.0], [0.0, 0.0, 0.0, 1.0]], "cam_ids": [0, 1, 2, 3, 4, 5], "cam_channels": ["CAM_FRONT_LEFT", "CAM_FRONT", "CAM_FRONT_RIGHT", "CAM_BACK_LEFT", "CAM_BACK", "CAM_BACK_RIGHT"], "token": "956c25c56eab434aad6558906ef6990b", "scene": "scene-0649"}, {"images": ["samples/CAM_FRONT_LEFT/n008-2018-09-18-14-43-59-0400__CAM_FRONT_LEFT__1537296528104799.jpg", "samples/CAM_FRONT/n008-2018-09-18-14-43-59-0400__CAM_FRONT__1537296528112404.jpg", "samples/CAM_FRONT_RIGHT/n008-2018-09-18-14-43-59-0400__CAM_FRONT_RIGHT__1537296528120482.jpg", "samples/CAM_BACK_LEFT/n008-2018-09-18-14-43-59-0400__CAM_BACK_LEFT__1537296528147405.jpg", "samples/CAM_BACK/n008-2018-09-18-14-43-59-0400__CAM_BACK__1537296528137558.jpg", "samples/CAM_BACK_RIGHT/n008-2018-09-18-14-43-59-0400__CAM_BACK_RIGHT__1537296528128113.jpg"], "intrinsics": [[[1257.8625342125129, 0.0, 827.2410631095686], [0.0, 1257.8625342125129, 450.915498205774], [0.0, 0.0, 1.0]], [[1252.8131021185304, 0.0, 826.588114781398], [0.0, 1252.8131021185304, 469.9846626224581], [0.0, 0.0, 1.0]], [[1256.7485116440405, 0.0, 817.7887570959712], [0.0, 1256.7485116440403, 451.9541780095127], [0.0, 0.0, 1.0]], [[1254.9860565800168, 0.0, 829.5769333630991], [0.0, 1254.9860565800168, 467.1680561863987], [0.0, 0.0, 1.0]], [[796.8910634503094, 0.0, 857.7774326863696], [0.0, 796.8910634503094, 476.8848988407415], [0.0, 0.0, 1.0]], [[1249.9629280788233, 0.0, 825.3768045375984], [0.0, 1249.9629280788233, 462.54816385708756], [0.0, 0.0, 1.0]]], "extrinsics": [[[0.8214400410652161, -0.5697313547134399, -0.02534559927880764, -0.89593505859375], [-0.018818333745002747, 0.017340037971735, -0.999672532081604, 1.48577880859375], [0.5699843764305115, 0.8216480016708374, 0.003522403072565794, -1.26165771484375], [0.0, 0.0, 0.0, 1.0]], [[0.008903360925614834, -0.9998698830604553, -0.013452203944325447, 0.00909423828125], [-0.016628887504339218, 0.013302831910550594, -0.9997732043266296, 1.4783258438110352], [0.9998220205307007, 0.009124981239438057, -0.016508283093571663, -1.6262435913085938], [0.0, 0.0, 0.0, 1.0]], [[-0.84453284740448, -0.5354844331741333, 0.004546282347291708, 1.01995849609375], [-0.00835577491670847, 0.004688566084951162, -0.999954104423523, 1.4923515319824219], [0.535438597202301, -0.8445320725440979, -0.008434037677943707, -1.23016357421875], [0.0, 0.0, 0.0, 1.0]], [[0.9475270509719849, 0.3187197744846344, -0.02470228262245655, -1.13665771484375], [-0.03277299180626869, 0.019983749836683273, -0.9992629885673523, 1.5617713928222656], [-0.31799131631851196, 0.9476382732391357, 0.029380545020103455, -0.15924072265625], [0.0, 0.0, 0.0, 1.0]], [[0.009769161231815815, 0.9998785257339478, 0.012143682688474655, -0.0296630859375], [-0.03102000057697296, 0.012441448867321014, -0.9994412660598755, 1.5669240951538086], [-0.9994710683822632, 0.009387011639773846, 0.031137775629758835, 0.00814056396484375], [0.0, 0.0, 0.0, 1.0]], [[-0.9232912659645081, 0.38351935148239136, 0.02111813798546791, 1.10174560546875], [-0.027144942432641983, -0.010308364406228065, -0.9995783567428589, 1.5461187362670898], [-0.38313981890678406, -0.9234752655029297, 0.019928233698010445, -0.06622314453125], [0.0, 0.0, 0.0, 1.0]]], "view": [[0.0, -2.0, 100.0], [-2.0, 0.0, 100.0], [0.0, 0.0, 1.0]], "bev": "bev_5b2161cd3db54d9186452ea3ce4d8b0f.png", "aux": "aux_5b2161cd3db54d9186452ea3ce4d8b0f.npz", "visibility": "visibility_5b2161cd3db54d9186452ea3ce4d8b0f.png", "pose": [[-0.9280912280082703, -0.37235283851623535, 0.0, 414.0971984863281], [0.37235283851623535, -0.9280912280082703, 0.0, 835.4883422851562], [0.0, 0.0, 1.0, 0.0], [0.0, 0.0, 0.0, 1.0]], "pose_inverse": [[-0.9280912280082703, 0.37235283851623535, 0.0, 73.22352600097656], [-0.37235283851623535, -0.9280912280082703, 0.0, 929.5996704101562], [0.0, 0.0, 1.0, 0.0], [0.0, 0.0, 0.0, 1.0]], "cam_ids": [0, 1, 2, 3, 4, 5], "cam_channels": ["CAM_FRONT_LEFT", "CAM_FRONT", "CAM_FRONT_RIGHT", "CAM_BACK_LEFT", "CAM_BACK", "CAM_BACK_RIGHT"], "token": "5b2161cd3db54d9186452ea3ce4d8b0f", "scene": "scene-0649"}, {"images": ["samples/CAM_FRONT_LEFT/n008-2018-09-18-14-43-59-0400__CAM_FRONT_LEFT__1537296528604799.jpg", "samples/CAM_FRONT/n008-2018-09-18-14-43-59-0400__CAM_FRONT__1537296528612404.jpg", "samples/CAM_FRONT_RIGHT/n008-2018-09-18-14-43-59-0400__CAM_FRONT_RIGHT__1537296528620482.jpg", "samples/CAM_BACK_LEFT/n008-2018-09-18-14-43-59-0400__CAM_BACK_LEFT__1537296528647405.jpg", "samples/CAM_BACK/n008-2018-09-18-14-43-59-0400__CAM_BACK__1537296528637558.jpg", "samples/CAM_BACK_RIGHT/n008-2018-09-18-14-43-59-0400__CAM_BACK_RIGHT__1537296528628113.jpg"], "intrinsics": [[[1257.8625342125129, 0.0, 827.2410631095686], [0.0, 1257.8625342125129, 450.915498205774], [0.0, 0.0, 1.0]], [[1252.8131021185304, 0.0, 826.588114781398], [0.0, 1252.8131021185304, 469.9846626224581], [0.0, 0.0, 1.0]], [[1256.7485116440405, 0.0, 817.7887570959712], [0.0, 1256.7485116440403, 451.9541780095127], [0.0, 0.0, 1.0]], [[1254.9860565800168, 0.0, 829.5769333630991], [0.0, 1254.9860565800168, 467.1680561863987], [0.0, 0.0, 1.0]], [[796.8910634503094, 0.0, 857.7774326863696], [0.0, 796.8910634503094, 476.8848988407415], [0.0, 0.0, 1.0]], [[1249.9629280788233, 0.0, 825.3768045375984], [0.0, 1249.9629280788233, 462.54816385708756], [0.0, 0.0, 1.0]]], "extrinsics": [[[0.8222247362136841, -0.5687074065208435, -0.02276613935828209, -0.91485595703125], [-0.015124961733818054, 0.018152859061956406, -0.9997208118438721, 1.4866104125976562], [0.5689618587493896, 0.8223395943641663, 0.006324054207652807, -1.27496337890625], [0.0, 0.0, 0.0, 1.0]], [[0.00994689017534256, -0.9998518824577332, -0.014047296717762947, 0.00909423828125], [-0.013077283278107643, 0.01391671970486641, -0.9998176693916321, 1.47894287109375], [0.9998649954795837, 0.01012878492474556, -0.012936916202306747, -1.6442489624023438], [0.0, 0.0, 0.0, 1.0]], [[-0.8441362977027893, -0.5361267924308777, 0.0014475752832368016, 1.03094482421875], [-0.004953188821673393, 0.005098848603665829, -0.9999747276306152, 1.4927034378051758], [0.5361058115959167, -0.844122052192688, -0.00695966137573123, -1.23699951171875], [0.0, 0.0, 0.0, 1.0]], [[0.9475929737091064, 0.3187187612056732, -0.022045927122235298, -1.136260986328125], [-0.029959751293063164, 0.01994863897562027, -0.999351978302002, 1.561788558959961], [-0.31807243824005127, 0.9476393461227417, 0.02845192141830921, -0.158935546875], [0.0, 0.0, 0.0, 1.0]], [[0.009419375099241734, 0.9998803734779358, 0.01227241475135088, -0.02960205078125], [-0.02797083742916584, 0.012531616725027561, -0.9995301365852356, 1.5671663284301758], [-0.9995643496513367, 0.00907169096171856, 0.028085531666874886, 0.0127716064453125], [0.0, 0.0, 0.0, 1.0]], [[-0.9235698580741882, 0.3829970955848694, 0.018220724537968636, 1.110198974609375], [-0.02389480359852314, -0.010062525048851967, -0.9996638298034668, 1.5465402603149414], [-0.3826850354671478, -0.9236947298049927, 0.018445085734128952, -0.0626220703125], [0.0, 0.0, 0.0, 1.0]]], "view": [[0.0, -2.0, 100.0], [-2.0, 0.0, 100.0], [0.0, 0.0, 1.0]], "bev": "bev_a60328c45bc044cea2008b1366f3b4fe.png", "aux": "aux_a60328c45bc044cea2008b1366f3b4fe.npz", "visibility": "visibility_a60328c45bc044cea2008b1366f3b4fe.png", "pose": [[-0.9320909380912781, -0.36222442984580994, 0.0, 412.8687438964844], [0.36222442984580994, -0.9320909380912781, 0.0, 836.0001831054688], [0.0, 0.0, 1.0, 0.0], [0.0, 0.0, 0.0, 1.0]], "pose_inverse": [[-0.9320909380912781, 0.36222442984580994, 0.0, 82.01152038574219], [-0.36222442984580994, -0.9320909380912781, 0.0, 928.779296875], [0.0, 0.0, 1.0, 0.0], [0.0, 0.0, 0.0, 1.0]], "cam_ids": [0, 1, 2, 3, 4, 5], "cam_channels": ["CAM_FRONT_LEFT", "CAM_FRONT", "CAM_FRONT_RIGHT", "CAM_BACK_LEFT", "CAM_BACK", "CAM_BACK_RIGHT"], "token": "a60328c45bc044cea2008b1366f3b4fe", "scene": "scene-0649"}, {"images": ["samples/CAM_FRONT_LEFT/n008-2018-09-18-14-43-59-0400__CAM_FRONT_LEFT__1537296529104799.jpg", "samples/CAM_FRONT/n008-2018-09-18-14-43-59-0400__CAM_FRONT__1537296529112404.jpg", "samples/CAM_FRONT_RIGHT/n008-2018-09-18-14-43-59-0400__CAM_FRONT_RIGHT__1537296529120482.jpg", "samples/CAM_BACK_LEFT/n008-2018-09-18-14-43-59-0400__CAM_BACK_LEFT__1537296529147405.jpg", "samples/CAM_BACK/n008-2018-09-18-14-43-59-0400__CAM_BACK__1537296529137558.jpg", "samples/CAM_BACK_RIGHT/n008-2018-09-18-14-43-59-0400__CAM_BACK_RIGHT__1537296529128113.jpg"], "intrinsics": [[[1257.8625342125129, 0.0, 827.2410631095686], [0.0, 1257.8625342125129, 450.915498205774], [0.0, 0.0, 1.0]], [[1252.8131021185304, 0.0, 826.588114781398], [0.0, 1252.8131021185304, 469.9846626224581], [0.0, 0.0, 1.0]], [[1256.7485116440405, 0.0, 817.7887570959712], [0.0, 1256.7485116440403, 451.9541780095127], [0.0, 0.0, 1.0]], [[1254.9860565800168, 0.0, 829.5769333630991], [0.0, 1254.9860565800168, 467.1680561863987], [0.0, 0.0, 1.0]], [[796.8910634503094, 0.0, 857.7774326863696], [0.0, 796.8910634503094, 476.8848988407415], [0.0, 0.0, 1.0]], [[1249.9629280788233, 0.0, 825.3768045375984], [0.0, 1249.9629280788233, 462.54816385708756], [0.0, 0.0, 1.0]]], "extrinsics": [[[0.8217398524284363, -0.5692471265792847, -0.02648068405687809, -0.933074951171875], [-0.018687885254621506, 0.01952478662133217, -0.9996347427368164, 1.486642837524414], [0.5695562362670898, 0.8219345211982727, 0.005406269803643227, -1.28631591796875], [0.0, 0.0, 0.0, 1.0]], [[0.009310692548751831, -0.9998360276222229, -0.015528568997979164, 0.0079345703125], [-0.01682109571993351, 0.015370440669357777, -0.9997403621673584, 1.478938102722168], [0.9998151659965515, 0.009569505229592323, -0.016675228253006935, -1.6635665893554688], [0.0, 0.0, 0.0, 1.0]], [[-0.8443689942359924, -0.5357472896575928, 0.003955390769988298, 1.04437255859375], [-0.008893615566194057, 0.006634370423853397, -0.999938428401947, 1.492568016052246], [0.5356881022453308, -0.8443523049354553, -0.01036658976227045, -1.24652099609375], [0.0, 0.0, 0.0, 1.0]], [[0.9474731683731079, 0.3187549114227295, -0.026265360414981842, -1.13885498046875], [-0.03497372940182686, 0.021626411005854607, -0.9991542100906372, 1.561849594116211], [-0.3179172873497009, 0.9475903511047363, 0.0316384956240654, -0.157958984375], [0.0, 0.0, 0.0, 1.0]], [[0.009647517465054989, 0.9