[{"images": ["samples/CAM_FRONT_LEFT/n015-2018-11-14-18-57-54+0800__CAM_FRONT_LEFT__1542193521754844.jpg", "samples/CAM_FRONT/n015-2018-11-14-18-57-54+0800__CAM_FRONT__1542193521762460.jpg", "samples/CAM_FRONT_RIGHT/n015-2018-11-14-18-57-54+0800__CAM_FRONT_RIGHT__1542193521770339.jpg", "samples/CAM_BACK_LEFT/n015-2018-11-14-18-57-54+0800__CAM_BACK_LEFT__1542193521797423.jpg", "samples/CAM_BACK/n015-2018-11-14-18-57-54+0800__CAM_BACK__1542193521787525.jpg", "samples/CAM_BACK_RIGHT/n015-2018-11-14-18-57-54+0800__CAM_BACK_RIGHT__1542193521777893.jpg"], "intrinsics": [[[1272.5979470598488, 0.0, 826.6154927353808], [0.0, 1272.5979470598488, 479.75165386361925], [0.0, 0.0, 1.0]], [[1266.417203046554, 0.0, 816.2670197447984], [0.0, 1266.417203046554, 491.50706579294757], [0.0, 0.0, 1.0]], [[1260.8474446004698, 0.0, 807.968244525554], [0.0, 1260.8474446004698, 495.3344268742088], [0.0, 0.0, 1.0]], [[1256.7414812095406, 0.0, 792.1125740759628], [0.0, 1256.7414812095406, 492.7757465151356], [0.0, 0.0, 1.0]], [[809.2209905677063, 0.0, 829.2196003259838], [0.0, 809.2209905677063, 481.77842384512485], [0.0, 0.0, 1.0]], [[1259.5137405846733, 0.0, 807.2529053838625], [0.0, 1259.5137405846733, 501.19579884916527], [0.0, 0.0, 1.0]]], "extrinsics": [[[0.820250928401947, -0.5712983012199402, 0.028404248878359795, -0.84423828125], [0.04782659932971001, 0.01901494525372982, -0.9986746311187744, 1.5152511596679688], [0.570000946521759, 0.8205223083496094, 0.042920276522636414, -1.1971435546875], [0.0, 0.0, 0.0, 1.0]], [[0.006094004493206739, -0.9998685717582703, -0.015024916268885136, 0.0062255859375], [0.04225281998515129, 0.015269242227077484, -0.9989902973175049, 1.5256729125976562], [0.99908846616745, 0.005453047808259726, 0.042340315878391266, -1.570526123046875], [0.0, 0.0, 0.0, 1.0]], [[-0.8313896656036377, -0.5526808500289917, -0.057749491184949875, 0.952880859375], [0.0475495345890522, 0.0327872708439827, -0.9983306527137756, 1.5082015991210938], [0.553651750087738, -0.832747757434845, -0.0009792797500267625, -1.195068359375], [0.0, 0.0, 0.0, 1.0]], [[0.9465063810348511, 0.3182471990585327, 0.05333352088928223, -1.13800048828125], [0.05509628728032112, 0.003466496244072914, -0.9984750151634216, 1.5888042449951172], [-0.31794676184654236, 0.9480014443397522, -0.014253177680075169, -0.1053466796875], [0.0, 0.0, 0.0, 1.0]], [[0.0024054688401520252, 0.9999101161956787, 0.013198083266615868, 0.0029296875], [0.030123258009552956, 0.01311967708170414, -0.9994601011276245, 1.5805015563964844], [-0.9995433688163757, 0.0028017370495945215, -0.030088989064097404, -0.036163330078125], [0.0, 0.0, 0.0, 1.0]], [[-0.9332984685897827, 0.35573893785476685, -0.04902876541018486, 1.070220947265625], [0.06310179084539413, 0.028057334944605827, -0.9976126551628113, 1.5559158325195312], [-0.3535139858722687, -0.9341641664505005, -0.0486336313188076, -0.0885009765625], [0.0, 0.0, 0.0, 1.0]]], "view": [[0.0, -2.0, 100.0], [-2.0, 0.0, 100.0], [0.0, 0.0, 1.0]], "bev": "bev_1d2877d86a454cf18d2572319e0090df.png", "aux": "aux_1d2877d86a454cf18d2572319e0090df.npz", "visibility": "visibility_1d2877d86a454cf18d2572319e0090df.png", "pose": [[0.9853009581565857, 0.17082756757736206, 0.0, 766.9955444335938], [-0.17082756757736206, 0.9853009581565857, 0.0, 1555.446044921875], [0.0, 0.0, 1.0, 0.0], [0.0, 0.0, 0.0, 1.0]], "pose_inverse": [[0.9853009581565857, -0.17082756757736206, 0.0, -490.00836181640625], [0.17082756757736206, 0.9853009581565857, 0.0, -1663.6064453125], [0.0, 0.0, 1.0, 0.0], [0.0, 0.0, 0.0, 1.0]], "cam_ids": [0, 1, 2, 3, 4, 5], "cam_channels": ["CAM_FRONT_LEFT", "CAM_FRONT", "CAM_FRONT_RIGHT", "CAM_BACK_LEFT", "CAM_BACK", "CAM_BACK_RIGHT"], "token": "1d2877d86a454cf18d2572319e0090df", "scene": "scene-1007"}, {"images": ["samples/CAM_FRONT_LEFT/n015-2018-11-14-18-57-54+0800__CAM_FRONT_LEFT__1542193522254844.jpg", "samples/CAM_FRONT/n015-2018-11-14-18-57-54+0800__CAM_FRONT__1542193522262462.jpg", "samples/CAM_FRONT_RIGHT/n015-2018-11-14-18-57-54+0800__CAM_FRONT_RIGHT__1542193522270339.jpg", "samples/CAM_BACK_LEFT/n015-2018-11-14-18-57-54+0800__CAM_BACK_LEFT__1542193522297423.jpg", "samples/CAM_BACK/n015-2018-11-14-18-57-54+0800__CAM_BACK__1542193522287525.jpg", "samples/CAM_BACK_RIGHT/n015-2018-11-14-18-57-54+0800__CAM_BACK_RIGHT__1542193522277893.jpg"], "intrinsics": [[[1272.5979470598488, 0.0, 826.6154927353808], [0.0, 1272.5979470598488, 479.75165386361925], [0.0, 0.0, 1.0]], [[1266.417203046554, 0.0, 816.2670197447984], [0.0, 1266.417203046554, 491.50706579294757], [0.0, 0.0, 1.0]], [[1260.8474446004698, 0.0, 807.968244525554], [0.0, 1260.8474446004698, 495.3344268742088], [0.0, 0.0, 1.0]], [[1256.7414812095406, 0.0, 792.1125740759628], [0.0, 1256.7414812095406, 492.7757465151356], [0.0, 0.0, 1.0]], [[809.2209905677063, 0.0, 829.2196003259838], [0.0, 809.2209905677063, 481.77842384512485], [0.0, 0.0, 1.0]], [[1259.5137405846733, 0.0, 807.2529053838625], [0.0, 1259.5137405846733, 501.19579884916527], [0.0, 0.0, 1.0]]], "extrinsics": [[[0.8211221694946289, -0.5705496072769165, 0.015214553102850914, -0.838623046875], [0.03092658706009388, 0.01785937137901783, -0.999362051486969, 1.5129737854003906], [0.5699139833450317, 0.8210688829421997, 0.0323098786175251, -1.193603515625], [0.0, 0.0, 0.0, 1.0]], [[0.006628073286265135, -0.9998896718025208, -0.0132919792085886, 0.00634765625], [0.025735745206475258, 0.0134584354236722, -0.9995781779289246, 1.5237998962402344], [0.999646782875061, 0.006283207796514034, 0.02582210674881935, -1.565093994140625], [0.0, 0.0, 0.0, 1.0]], [[-0.8318386673927307, -0.5533501505851746, -0.042990393936634064, 0.9490966796875], [0.03145782649517059, 0.030327094718813896, -0.9990448355674744, 1.5067901611328125], [0.5541254281997681, -0.832396388053894, -0.007820053957402706, -1.192626953125], [0.0, 0.0, 0.0, 1.0]], [[0.9471185803413391, 0.3186134397983551, 0.03810114040970802, -1.136474609375], [0.0405694805085659, -0.0011122081195935607, -0.9991760849952698, 1.588801383972168], [-0.318308562040329, 0.9478840231895447, -0.013979374431073666, -0.105712890625], [0.0, 0.0, 0.0, 1.0]], [[0.0022275119554251432, 0.999954104423523, 0.009321565739810467, 0.002685546875], [0.015008354559540749, 0.009287108667194843, -0.9998442530632019, 1.579965591430664], [-0.999884843826294, 0.0023670541122555733, -0.014986976981163025, -0.0386962890625], [0.0, 0.0, 0.0, 1.0]], [[-0.9341487884521484, 0.35511326789855957, -0.035505056381225586, 1.0667724609375], [0.04745902121067047, 0.02500569261610508, -0.9985601902008057, 1.5549659729003906], [-0.3537141978740692, -0.9344887137413025, -0.040212370455265045, -0.0897216796875], [0.0, 0.0, 0.0, 1.0]]], "view": [[0.0, -2.0, 100.0], [-2.0, 0.0, 100.0], [0.0, 0.0, 1.0]], "bev": "bev_44b6e8f3b73e4ca1960562af98d8fa9e.png", "aux": "aux_44b6e8f3b73e4ca1960562af98d8fa9e.npz", "visibility": "visibility_44b6e8f3b73e4ca1960562af98d8fa9e.png", "pose": [[0.983691394329071, 0.17986442148685455, 0.0, 768.6685791015625], [-0.17986442148685455, 0.983691394329071, 0.0, 1555.1390380859375], [0.0, 0.0, 1.0, 0.0], [0.0, 0.0, 0.0, 1.0]], "pose_inverse": [[0.983691394329071, -0.17986442148685455, 0.0, -476.4184875488281], [0.17986442148685455, 0.983691394329071, 0.0, -1668.0330810546875], [0.0, 0.0, 1.0, 0.0], [0.0, 0.0, 0.0, 1.0]], "cam_ids": [0, 1, 2, 3, 4, 5], "cam_channels": ["CAM_FRONT_LEFT", "CAM_FRONT", "CAM_FRONT_RIGHT", "CAM_BACK_LEFT", "CAM_BACK", "CAM_BACK_RIGHT"], "token": "44b6e8f3b73e4ca1960562af98d8fa9e", "scene": "scene-1007"}, {"images": ["samples/CAM_FRONT_LEFT/n015-2018-11-14-18-57-54+0800__CAM_FRONT_LEFT__1542193522754844.jpg", "samples/CAM_FRONT/n015-2018-11-14-18-57-54+0800__CAM_FRONT__1542193522762460.jpg", "samples/CAM_FRONT_RIGHT/n015-2018-11-14-18-57-54+0800__CAM_FRONT_RIGHT__1542193522770339.jpg", "samples/CAM_BACK_LEFT/n015-2018-11-14-18-57-54+0800__CAM_BACK_LEFT__1542193522797423.jpg", "samples/CAM_BACK/n015-2018-11-14-18-57-54+0800__CAM_BACK__1542193522787525.jpg", "samples/CAM_BACK_RIGHT/n015-2018-11-14-18-57-54+0800__CAM_BACK_RIGHT__1542193522777893.jpg"], "intrinsics": [[[1272.5979470598488, 0.0, 826.6154927353808], [0.0, 1272.5979470598488, 479.75165386361925], [0.0, 0.0, 1.0]], [[1266.417203046554, 0.0, 816.2670197447984], [0.0, 1266.417203046554, 491.50706579294757], [0.0, 0.0, 1.0]], [[1260.8474446004698, 0.0, 807.968244525554], [0.0, 1260.8474446004698, 495.3344268742088], [0.0, 0.0, 1.0]], [[1256.7414812095406, 0.0, 792.1125740759628], [0.0, 1256.7414812095406, 492.7757465151356], [0.0, 0.0, 1.0]], [[809.2209905677063, 0.0, 829.2196003259838], [0.0, 809.2209905677063, 481.77842384512485], [0.0, 0.0, 1.0]], [[1259.5137405846733, 0.0, 807.2529053838625], [0.0, 1259.5137405846733, 501.19579884916527], [0.0, 0.0, 1.0]]], "extrinsics": [[[0.8209244012832642, -0.5707398653030396, 0.018415741622447968, -0.8450927734375], [0.04077117145061493, 0.026414930820465088, -0.9988192915916443, 1.5141334533691406], [0.5695794820785522, 0.8207060098648071, 0.044954393059015274, -1.198486328125], [0.0, 0.0, 0.0, 1.0]], [[0.006827025208622217, -0.9997341632843018, -0.022024650126695633, 0.0068359375], [0.035862941294908524, 0.022255780175328255, -0.9991089105606079, 1.5247879028320312], [0.999333381652832, 0.0060310703702270985, 0.03600534051656723, -1.5731201171875], [0.0, 0.0, 0.0, 1.0]], [[-0.831266462802887, -0.5529829859733582, -0.05662018433213234, 0.9561767578125], [0.04185407981276512, 0.039304815232753754, -0.9983503222465515, 1.5074691772460938], [0.5542961359024048, -0.8322649598121643, -0.009528186172246933, -1.196533203125], [0.0, 0.0, 0.0, 1.0]], [[0.9466442465782166, 0.31810009479522705, 0.05173950642347336, -1.13739013671875], [0.0518796406686306, 0.008037077262997627, -0.9986209869384766, 1.5888175964355469], [-0.3180772662162781, 0.9480230808258057, -0.0088946633040905, -0.10546875], [0.0, 0.0, 0.0, 1.0]], [[0.002081685932353139, 0.9998263716697693, 0.018519463017582893, 0.0023193359375], [0.02599349059164524, 0.018459144979715347, -0.9994916915893555, 1.5803070068359375], [-0.9996599555015564, 0.0025620106607675552, -0.02595054730772972, -0.034881591796875], [0.0, 0.0, 0.0, 1.0]], [[-0.9337653517723083, 0.35538381338119507, -0.04224441945552826, 1.0726165771484375], [0.05810733139514923, 0.034076254814863205, -0.9977285861968994, 1.5553512573242188], [-0.35313713550567627, -0.9340990781784058, -0.052469637244939804, -0.086669921875], [0.0, 0.0, 0.0, 1.0]]], "view": [[0.0, -2.0, 100.0], [-2.0, 0.0, 100.0], [0.0, 0.0, 1.0]], "bev": "bev_9879ad67029542d990dc80466f1fa667.png", "aux": "aux_9879ad67029542d990dc80466f1fa667.npz", "visibility": "visibility_9879ad67029542d990dc80466f1fa667.png", "pose": [[0.981812596321106, 0.18985266983509064, 0.0, 770.3244018554688], [-0.18985266983509064, 0.981812596321106, 0.0, 1554.8187255859375], [0.0, 0.0, 1.0, 0.0], [0.0, 0.0, 0.0, 1.0]], "pose_inverse": [[0.981812596321106, -0.18985266983509064, 0.0, -461.1277160644531], [0.18985266983509064, 0.981812596321106, 0.0, -1672.7886962890625], [0.0, 0.0, 1.0, 0.0], [0.0, 0.0, 0.0, 1.0]], "cam_ids": [0, 1, 2, 3, 4, 5], "cam_channels": ["CAM_FRONT_LEFT", "CAM_FRONT", "CAM_FRONT_RIGHT", "CAM_BACK_LEFT", "CAM_BACK", "CAM_BACK_RIGHT"], "token": "9879ad67029542d990dc80466f1fa667", "scene": "scene-1007"}, {"images": ["samples/CAM_FRONT_LEFT/n015-2018-11-14-18-57-54+0800__CAM_FRONT_LEFT__1542193523254844.jpg", "samples/CAM_FRONT/n015-2018-11-14-18-57-54+0800__CAM_FRONT__1542193523262460.jpg", "samples/CAM_FRONT_RIGHT/n015-2018-11-14-18-57-54+0800__CAM_FRONT_RIGHT__1542193523270339.jpg", "samples/CAM_BACK_LEFT/n015-2018-11-14-18-57-54+0800__CAM_BACK_LEFT__1542193523297423.jpg", "samples/CAM_BACK/n015-2018-11-14-18-57-54+0800__CAM_BACK__1542193523289507.jpg", "samples/CAM_BACK_RIGHT/n015-2018-11-14-18-57-54+0800__CAM_BACK_RIGHT__1542193523277893.jpg"], "intrinsics": [[[1272.5979470598488, 0.0, 826.6154927353808], [0.0, 1272.5979470598488, 479.75165386361925], [0.0, 0.0, 1.0]], [[1266.417203046554, 0.0, 816.2670197447984], [0.0, 1266.417203046554, 491.50706579294757], [0.0, 0.0, 1.0]], [[1260.8474446004698, 0.0, 807.968244525554], [0.0, 1260.8474446004698, 495.3344268742088], [0.0, 0.0, 1.0]], [[1256.7414812095406, 0.0, 792.1125740759628], [0.0, 1256.7414812095406, 492.7757465151356], [0.0, 0.0, 1.0]], [[809.2209905677063, 0.0, 829.2196003259838], [0.0, 809.2209905677063, 481.77842384512485], [0.0, 0.0, 1.0]], [[1259.5137405846733, 0.0, 807.2529053838625], [0.0, 1259.5137405846733, 501.19579884916527], [0.0, 0.0, 1.0]]], "extrinsics": [[[0.8203129172325134, -0.5710193514823914, 0.031992241740226746, -0.8609619140625], [0.04749317467212677, 0.012268480844795704, -0.9987962245941162, 1.5142707824707031], [0.5699394345283508, 0.8208449482917786, 0.03718351945281029, -1.2080078125], [0.0, 0.0, 0.0, 1.0]], [[0.006230369675904512, -0.9999480247497559, -0.008062261156737804, 0.005859375], [0.042144984006881714, 0.008317830041050911, -0.9990769028663635, 1.5249500274658203], [0.9990920424461365, 0.0058848680928349495, 0.04219461604952812, -1.58740234375], [0.0, 0.0, 0.0, 1.0]], [[-0.8312777876853943, -0.5532368421554565, -0.05390896648168564, 0.9642333984375], [0.04768868535757065, 0.025644227862358093, -0.9985330104827881, 1.5075569152832031], [0.5538077354431152, -0.8326291441917419, 0.005065664649009705, -1.2030029296875], [0.0, 0.0, 0.0, 1.0]], [[0.9464343786239624, 0.3187120854854584, 0.05181239917874336, -1.13824462890625], [0.05613481253385544, -0.004385498818010092, -0.9984135627746582, 1.5887975692749023], [-0.31797921657562256, 0.9478413462638855, -0.022041430696845055, -0.105224609375], [0.0, 0.0, 0.0, 1.0]], [[0.002298331819474697, 0.9999815821647644, 0.00561286648735404, 0.0029296875], [0.030803313478827477, 0.0055394223891198635, -0.9995101094245911, 1.5801868438720703], [-0.9995228052139282, 0.0024701077491045, -0.030790012329816818, -0.02508544921875], [0.0, 0.0, 0.0, 1.0]], [[-0.9333440661430359, 0.35519421100616455, -0.052017755806446075, 1.0799560546875], [0.06349853426218033, 0.020733458921313286, -0.9977664947509766, 1.5552787780761719], [-0.3533223271369934, -0.9345625638961792, -0.041905760765075684, -0.0849609375], [0.0, 0.0, 0.0, 1.0]]], "view": [[0.0, -2.0, 100.0], [-2.0, 0.0, 100.0], [0.0, 0.0, 1.0]], "bev": "bev_5612eaa87cce48a2b8e2f927d1a614c8.png", "aux": "aux_5612eaa87cce48a2b8e2f927d1a614c8.npz", "visibility": "visibility_5612eaa87cce48a2b8e2f927d1a614c8.png", "pose": [[0.9796096086502075, 0.20091037452220917, 0.0, 771.8375244140625], [-0.20091037452220917, 0.9796096086502075, 0.0, 1554.5087890625], [0.0, 0.0, 1.0, 0.0], [0.0, 0.0, 0.0, 1.0]], "pose_inverse": [[0.9796096086502075, -0.20091037452220917, 0.0, -443.78253173828125], [0.20091037452220917, 0.9796096086502075, 0.0, -1677.8819580078125], [0.0, 0.0, 1.0, 0.0], [0.0, 0.0, 0.0, 1.0]], "cam_ids": [0, 1, 2, 3, 4, 5], "cam_channels": ["CAM_FRONT_LEFT", "CAM_FRONT", "CAM_FRONT_RIGHT", "CAM_BACK_LEFT", "CAM_BACK", "CAM_BACK_RIGHT"], "token": "5612eaa87cce48a2b8e2f927d1a614c8", "scene": "scene-1007"}, {"images": ["samples/CAM_FRONT_LEFT/n015-2018-11-14-18-57-54+0800__CAM_FRONT_LEFT__1542193523754844.jpg", "samples/CAM_FRONT/n015-2018-11-14-18-57-54+0800__CAM_FRONT__1542193523762460.jpg", "samples/CAM_FRONT_RIGHT/n015-2018-11-14-18-57-54+0800__CAM_FRONT_RIGHT__1542193523770339.jpg", "samples/CAM_BACK_LEFT/n015-2018-11-14-18-57-54+0800__CAM_BACK_LEFT__1542193523797423.jpg", "samples/CAM_BACK/n015-2018-11-14-18-57-54+0800__CAM_BACK__1542193523787525.jpg", "samples/CAM_BACK_RIGHT/n015-2018-11-14-18-57-54+0800__CAM_BACK_RIGHT__1542193523777893.jpg"], "intrinsics": [[[1272.5979470598488, 0.0, 826.6154927353808], [0.0, 1272.5979470598488, 479.75165386361925], [0.0, 0.0, 1.0]], [[1266.417203046554, 0.0, 816.2670197447984], [0.0, 1266.417203046554, 491.50706579294757], [0.0, 0.0, 1.0]], [[1260.8474446004698, 0.0, 807.968244525554], [0.0, 1260.8474446004698, 495.3344268742088], [0.0, 0.0, 1.0]], [[1256.7414812095406, 0.0, 792.1125740759628], [0.0, 1256.7414812095406, 492.7757465151356], [0.0, 0.0, 1.0]], [[809.2209905677063, 0.0, 829.2196003259838], [0.0, 809.2209905677063, 481.77842384512485], [0.0, 0.0, 1.0]], [[1259.5137405846733, 0.0, 807.2529053838625], [0.0, 1259.5137405846733, 501.19579884916527], [0.0, 0.0, 1.0]]], "extrinsics": [[[0.8200263381004333, -0.5712751746177673, 0.03466327488422394, -0.854248046875], [0.048372939229011536, 0.008832424879074097, -0.9987902641296387, 1.5147628784179688], [0.5702778697013855, 0.820711076259613, 0.03487708047032356, -1.203857421875], [0.0, 0.0, 0.0, 1.0]], [[0.005823985673487186, -0.9999732971191406, -0.004407370463013649, 0.006103515625], [0.043127723038196564, 0.004654521122574806, -0.999058723449707, 1.5253353118896484], [0.9990525841712952, 0.0056284149177372456, 0.04315367713570595, -1.580963134765625], [0.0, 0.0, 0.0, 1.0]], [[-0.8314265012741089, -0.5531341433525085, -0.052655111998319626, 0.9600830078125], [0.04878607019782066, 0.021726971492171288, -0.9985728859901428, 1.5078849792480469], [0.5534887909889221, -0.8328087329864502, 0.008920862339437008, -1.199951171875], [0.0, 0.0, 0.0, 1.0]], [[0.9463580250740051, 0.3189559578895569, 0.051705457270145416, -1.13983154296875], [0.05764097720384598, -0.009191562421619892, -0.9982950687408447, 1.5887012481689453], [-0.31793689727783203, 0.9477249979972839, -0.027083441615104675, -0.1044921875], [0.0, 0.0, 0.0, 1.0]], [[0.0024337945505976677, 0.9999964237213135, 0.0011272503761574626, 0.0029296875], [0.032183803617954254, 0.0010483399964869022, -0.9994814395904541, 1.5804367065429688], [-0.9994790554046631, 0.002468814142048359, -0.03218113258481026, -0.03167724609375], [0.0, 0.0, 0.0, 1.0]], [[-0.9331735372543335, 0.35525286197662354, -0.05461210012435913, 1.076507568359375], [0.06469980627298355, 0.016568416729569435, -0.9977672100067139, 1.555572509765625], [-0.353554904460907, -0.9346233606338501, -0.03844600170850754, -0.0858154296875], [0.0, 0.0, 0.0, 1.0]]], "view": [[0.0, -2.0, 100.0], [-2.0, 0.0, 100.0], [0.0, 0.0, 1.0]], "bev": "bev_6e349f86e1cc4ab3a8e6dd31d24ba2ac.png", "aux": "aux_6e349f86e1cc4ab3a8e6dd31d24ba2ac.npz", "visibility": "visibility_6e349f86e1cc4ab3a8e6dd31d24ba2ac.png", "pose": [[0.9787808656692505, 0.20490966737270355, 0.0, 773.304931640625], [-0.20490966737270355, 0.9787808656692505, 0.0, 1554.200439453125], [0.0, 0.0, 1.0, 0.0], [0.0, 0.0, 0.0, 1.0]], "pose_inverse": [[0.9787808656692505, -0.20490966737270355, 0.0, -438.4253845214844], [0.20490966737270355, 0.9787808656692505, 0.0, -1679.6793212890625], [0.0, 0.0, 1.0, 0.0], [0.0, 0.0, 0.0, 1.0]], "cam_ids": [0, 1, 2, 3, 4, 5], "cam_channels": ["CAM_FRONT_LEFT", "CAM_FRONT", "CAM_FRONT_RIGHT", "CAM_BACK_LEFT", "CAM_BACK", "CAM_BACK_RIGHT"], "token": "6e349f86e1cc4ab3a8e6dd31d24ba2ac", "scene": "scene-1007"}, {"images": ["samples/CAM_FRONT_LEFT/n015-2018-11-14-18-57-54+0800__CAM_FRONT_LEFT__1542193524254844.jpg", "samples/CAM_FRONT/n015-2018-11-14-18-57-54+0800__CAM_FRONT__1542193524262460.jpg", "samples/CAM_FRONT_RIGHT/n015-2018-11-14-18-57-54+0800__CAM_FRONT_RIGHT__1542193524270339.jpg", "samples/CAM_BACK_LEFT/n015-2018-11-14-18-57-54+0800__CAM_BACK_LEFT__1542193524297423.jpg", "samples/CAM_BACK/n015-2018-11-14-18-57-54+0800__CAM_BACK__1542193524287525.jpg", "samples/CAM_BACK_RIGHT/n015-2018-11-14-18-57-54+0800__CAM_BACK_RIGHT__1542193524277893.jpg"], "intrinsics": [[[1272.5979470598488, 0.0, 826.6154927353808], [0.0, 1272.5979470598488, 479.75165386361925], [0.0, 0.0, 1.0]], [[1266.417203046554, 0.0, 816.2670197447984], [0.0, 1266.417203046554, 491.50706579294757], [0.0, 0.0, 1.0]], [[1260.8474446004698, 0.0, 807.968244525554], [0.0, 1260.8474446004698, 495.3344268742088], [0.0, 0.0, 1.0]], [[1256.7414812095406, 0.0, 792.1125740759628], [0.0, 1256.7414812095406, 492.7757465151356], [0.0, 0.0, 1.0]], [[809.2209905677063, 0.0, 829.2196003259838], [0.0, 809.2209905677063, 481.77842384512485], [0.0, 0.0, 1.0]], [[1259.5137405846733, 0.0, 807.2529053838625], [0.0, 1259.5137405846733, 501.19579884916527], [0.0, 0.0, 1.0]]], "extrinsics": [[[0.8191680312156677, -0.5724592804908752, 0.03541283309459686, -0.86083984375], [0.047226108610630035, 0.005787992849946022, -0.9988674521446228, 1.5142230987548828], [0.571605920791626, 0.8199126720428467, 0.03177636116743088, -1.20849609375], [0.0, 0.0, 0.0, 1.0]], [[0.004499428905546665, -0.9999887943267822, -0.0014412486925721169, 0.006103515625], [0.0419001467525959, 0.001628525904379785, -0.9991204738616943, 1.5249710083007812], [0.9991116523742676, 0.00443507544696331, 0.04190700873732567, -1.586395263671875], [0.0, 0.0, 0.0, 1.0]], [[-0.8320802450180054, -0.5524036884307861, -0.04992597922682762, 0.9619140625], [0.0474960021674633, 0.01871890388429165, -0.998695969581604, 1.507659912109375], [0.5526179671287537, -0.8333665132522583, 0.010661334730684757, -1.201904296875], [0.0, 0.0, 0.0, 1.0]], [[0.94646817445755, 0.3190195560455322, 0.049240030348300934, -1.1378173828125], [0.05600524693727493, -0.012062023393809795, -0.9983575940132141, 1.5888137817382812], [-0.3179016709327698, 0.9476713538169861, -0.02928309328854084, -0.105224609375], [0.0, 0.0, 0.0, 1.0]], [[0.0028779194690287113, 0.9999942779541016, -0.0018108326476067305, 0.0029296875], [0.030682336539030075, -0.001898289076052606, -0.9995273947715759, 1.5804071426391602], [-0.9995250105857849, 0.0028210077434778214, -0.030687620863318443, -0.03228759765625], [0.0, 0.0, 0.0, 1.0]], [[-0.9329677820205688, 0.35583260655403137, -0.05435289070010185, 1.0774078369140625], [0.06331561505794525, 0.013581164181232452, -0.9979011416435242, 1.5554351806640625], [-0.3543476462364197, -0.9344510436058044, -0.03520055115222931, -0.0858154296875], [0.0, 0.0, 0.0, 1.0]]], "view": [[0.0, -2.0, 100.0], [-2.0, 0.0, 100.0], [0.0, 0.0, 1.0]], "bev": "bev_a75e5f7a69694e80a001f518051c3996.png", "aux": "aux_a75e5f7a69694e80a001f518051c3996.npz", "visibility": "visibility_a75e5f7a69694e80a001f518051c3996.png", "pose": [[0.9804960489273071, 0.19653873145580292, 0.0, 774.7093505859375], [-0.19653873145580292, 0.9804960489273071, 0.0, 1553.9024658203125], [0.0, 0.0, 1.0, 0.0], [0.0, 0.0, 0.0, 1.0]], "pose_inverse": [[0.9804960489273071, -0.19653873145580292, 0.0, -454.19744873046875], [0.19653873145580292, 0.9804960489273071, 0.0, -1675.8555908203125], [0.0, 0.0, 1.0, 0.0], [0.0, 0.0, 0.0, 1.0]], "cam_ids": [0, 1, 2, 3, 4, 5], "cam_channels": ["CAM_FRONT_LEFT", "CAM_FRONT", "CAM_FRONT_RIGHT", "CAM_BACK_LEFT", "CAM_BACK", "CAM_BACK_RIGHT"], "token": "a75e5f7a69694e80a001f518051c3996", "scene": "scene-1007"}, {"images": ["samples/CAM_FRONT_LEFT/n015-2018-11-14-18-57-54+0800__CAM_FRONT_LEFT__1542193524754844.jpg", "samples/CAM_FRONT/n015-2018-11-14-18-57-54+0800__CAM_FRONT__1542193524762460.jpg", "samples/CAM_FRONT_RIGHT/n015-2018-11-14-18-57-54+0800__CAM_FRONT_RIGHT__1542193524770339.jpg", "samples/CAM_BACK_LEFT/n015-2018-11-14-18-57-54+0800__CAM_BACK_LEFT__1542193524797423.jpg", "samples/CAM_BACK/n015-2018-11-14-18-57-54+0800__CAM_BACK__1542193524787525.jpg", "samples/CAM_BACK_RIGHT/n015-2018-11-14-18-57-54+0800__CAM_BACK_RIGHT__1542193524777893.jpg"], "intrinsics": [[[1272.5979470598488, 0.0, 826.6154927353808], [0.0, 1272.5979470598488, 479.75165386361925], [0.0, 0.0, 1.0]], [[1266.417203046554, 0.0, 816.2670197447984], [0.0, 1266.417203046554, 491.50706579294757], [0.0, 0.0, 1.0]], [[1260.8474446004698, 0.0, 807.968244525554], [0.0, 1260.8474446004698, 495.3344268742088], [0.0, 0.0, 1.0]], [[1256.7414812095406, 0.0, 792.1125740759628], [0.0, 1256.7414812095406, 492.7757465151356], [0.0, 0.0, 1.0]], [[809.2209905677063, 0.0, 829.2196003259838], [0.0, 809.2209905677063, 481.77842384512485], [0.0, 0.0, 1.0]], [[1259.5137405846733, 0.0, 807.2529053838625], [0.0, 1259.5137405846733, 501.19579884916527], [0.0, 0.0, 1.0]]], "extrinsics": [[[0.8177759647369385, -0.574346661567688, 0.036992594599723816, -0.85809326171875], [0.048070792108774185, 0.00411183200776577, -0.9988354444503784, 1.5145225524902344], [0.5735256671905518, 0.8186018466949463, 0.03097185678780079, -1.2054443359375], [0.0, 0.0, 0.0, 1.0]], [[0.0025906641967594624, -0.999996542930603, 7.233188807731494e-05, 0.0054931640625], [0.04277689382433891, 3.855515024042688e-05, -0.9990846514701843, 1.5251197814941406], [0.9990811944007874, 0.002591376891359687, 0.04277684539556503, -1.58526611328125], [0.0, 0.0, 0.0, 1.0]], [[-0.8328219056129456, -0.5512880086898804, -0.04989049956202507, 0.963134765625], [0.04844695329666138, 0.017190376296639442, -0.9986777901649475, 1.5076675415039062], [0.55141681432724, -0.8341377973556519, 0.012391705997288227, -1.2027587890625], [0.0, 0.0, 0.0, 1.0]], [[0.9463959336280823, 0.3191293478012085, 0.04991123825311661, -1.14215087890625], [0.05716449394822121, -0.013396181166172028, -0.9982748627662659, 1.5885591506958008], [-0.31791016459465027, 0.947616457939148, -0.030920961871743202, -0.103759765625], [0.0, 0.0, 0.0, 1.0]], [[0.0033684244845062494, 0.9999893307685852, -0.0031727980822324753, 0.0029296875], [0.03172604367136955, -0.0032780852634459734, -0.999491274356842, 1.580322265625], [-0.9994908571243286, 0.0032660432625561953, -0.03173675015568733, -0.0284423828125], [0.0, 0.0, 0.0, 1.0]], [[-0.9325569868087769, 0.35668817162513733, -0.05577564239501953, 1.0804061889648438], [0.06430840492248535, 0.012097829952836037, -0.9978567361831665, 1.5552978515625], [-0.35524892807006836, -0.9341452121734619, -0.03421996533870697, -0.0849609375], [0.0, 0.0, 0.0, 1.0]]], "view": [[0.0, -2.0, 100.0], [-2.0, 0.0, 100.0], [0.0, 0.0, 1.0]], "bev": "bev_2196e127a0ac482f9ad943a0002847de.png", "aux": "aux_2196e127a0ac482f9ad943a0002847de.npz", "visibility": "visibility_2196e127a0ac482f9ad943a0002847de.png", "pose": [[0.9862111806869507, 0.16549153625965118, 0.0, 776.200927734375], [-0.16549153625965118, 0.9862111806869507, 0.0, 1553.622314453125], [0.0, 0.0, 1.0, 0.0], [0.0, 0.0, 0.0, 1.0]], "pose_inverse": [[0.9862111806869507, -0.16549153625965118, 0.0, -508.38671875], [0.16549153625965118, 0.9862111806869507, 0.0, -1660.6544189453125], [0.0, 0.0, 1.0, 0.0], [0.0, 0.0, 0.0, 1.0]], "cam_ids": [0, 1, 2, 3, 4, 5], "cam_channels": ["CAM_FRONT_LEFT", "CAM_FRONT", "CAM_FRONT_RIGHT", "CAM_BACK_LEFT", "CAM_BACK", "CAM_BACK_RIGHT"], "token": "2196e127a0ac482f9ad943a0002847de", "scene": "scene-1007"}, {"images": ["samples/CAM_FRONT_LEFT/n015-2018-11-14-18-57-54+0800__CAM_FRONT_LEFT__1542193525254844.jpg", "samples/CAM_FRONT/n015-2018-11-14-18-57-54+0800__CAM_FRONT__1542193525262460.jpg", "samples/CAM_FRONT_RIGHT/n015-2018-11-14-18-57-54+0800__CAM_FRONT_RIGHT__1542193525270339.jpg", "samples/CAM_BACK_LEFT/n015-2018-11-14-18-57-54+0800__CAM_BACK_LEFT__1542193525297423.jpg", "samples/CAM_BACK/n015-2018-11-14-18-57-54+0800__CAM_BACK__1542193525287525.jpg", "samples/CAM_BACK_RIGHT/n015-2018-11-14-18-57-54+0800__CAM_BACK_RIGHT__1542193525277893.jpg"], "intrinsics": [[[1272.5979470598488, 0.0, 826.6154927353808], [0.0, 1272.5979470598488, 479.75165386361925], [0.0, 0.0, 1.0]], [[1266.417203046554, 0.0, 816.2670197447984], [0.0, 1266.417203046554, 491.50706579294757], [0.0, 0.0, 1.0]], [[1260.8474446004698, 0.0, 807.968244525554], [0.0, 1260.8474446004698, 495.3344268742088], [0.0, 0.0, 1.0]], [[1256.7414812095406, 0.0, 792.1125740759628], [0.0, 1256.7414812095406, 492.7757465151356], [0.0, 0.0, 1.0]], [[809.2209905677063, 0.0, 829.2196003259838], [0.0, 809.2209905677063, 481.77842384512485], [0.0, 0.0, 1.0]], [[1259.5137405846733, 0.0, 807.2529053838625], [0.0, 1259.5137405846733, 501.19579884916527], [0.0, 0.0, 1.0]]], "extrinsics": [[[0.815680742263794, -0.5766903758049011, 0.04575062543153763, -0.851165771484375], [0.05183594301342964, -0.005907400045543909, -0.9986381530761719, 1.5154552459716797], [0.5761752724647522, 0.8169413805007935, 0.025074735283851624, -1.2008056640625], [0.0, 0.0, 0.0, 1.0]], [[-0.00015259334759321064, -0.9999527931213379, 0.009714538231492043, 0.005615234375], [0.04664398357272148, -0.009711083024740219, -0.9988644123077393, 1.5258464813232422], [0.9989115595817566, 0.0003007110208272934, 0.04664326086640358, -1.5787353515625], [0.0, 0.0, 0.0, 1.0]], [[-0.833757221698761, -0.5500341057777405, -0.04807613790035248, 0.95947265625], [0.05246938019990921, 0.007748143281787634, -0.9985924363136292, 1.50823974609375], [0.5496324896812439, -0.8351061940193176, 0.02239988185465336, -1.2000732421875], [0.0, 0.0, 0.0, 1.0]], [[0.9461806416511536, 0.3195177912712097, 0.051483627408742905, -1.1424560546875], [0.06154032051563263, -0.02145134098827839, -0.9978740215301514, 1.5885368585586548], [-0.31773409247398376, 0.9473374485969543, -0.039960067719221115, -0.103515625], [0.0, 0.0, 0.0, 1.0]], [[0.004150958266109228, 0.9999223947525024, -0.011746465228497982, 0.002685546875], [0.03597203642129898, -0.011888273060321808, -0.9992820620536804, 1.5805014371871948], [-0.9993441700935364, 0.00372544233687222, -0.03601858764886856, -0.0296630859375], [0.0, 0.0, 0.0, 1.0]], [[-0.931792140007019, 0.3575102388858795, -0.06284605711698532, 1.0775365829467773], [0.06843427568674088, 0.002987584797665477, -0.9976511597633362, 1.5557518005371094], [-0.35648274421691895, -0.9339044094085693, -0.027249766513705254, -0.085693359375], [0.0, 0.0, 0.0, 1.0]]], "view": [[0.0, -2.0, 100.0], [-2.0, 0.0, 100.0], [0.0, 0.0, 1.0]], "bev": "bev_1f4e844ce1c34c92a5acf788774c6d76.png", "aux": "aux_1f4e844ce1c34c92a5acf788774c6d76.npz", "visibility": "visibility_1f4e844ce1c34c92a5acf788774c6d76.png", "pose": [[0.9951702356338501, 0.09816426783800125, 0.0, 777.787841796875], [-0.09816426783800125, 0.9951702356338501, 0.0, 1553.4022216796875], [0.0, 0.0, 1.0, 0.0], [0.0, 0.0, 0.0, 1.0]], "pose_inverse": [[0.9951702356338501, -0.09816426783800125, 0.0, -621.542724609375], [0.09816426783800125, 0.9951702356338501, 0.0, -1622.2506103515625], [0.0, 0.0, 1.0, 0.0], [0.0, 0.0, 0.0, 1.0]], "cam_ids": [0, 1, 2, 3, 4, 5], "cam_channels": ["CAM_FRONT_LEFT", "CAM_FRONT", "CAM_FRONT_RIGHT", "CAM_BACK_LEFT", "CAM_BACK", "CAM_BACK_RIGHT"], "token": "1f4e844ce1c34c92a5acf788774c6d76", "scene": "scene-1007"}, {"images": ["samples/CAM_FRONT_LEFT/n015-2018-11-14-18-57-54+0800__CAM_FRONT_LEFT__1542193525754844.jpg", "samples/CAM_FRONT/n015-2018-11-14-18-57-54+0800__CAM_FRONT__1542193525762460.jpg", "samples/CAM_FRONT_RIGHT/n015-2018-11-14-18-57-54+0800__CAM_FRONT_RIGHT__1542193525770339.jpg", "samples/CAM_BACK_LEFT/n015-2018-11-14-18-57-54+0800__CAM_BACK_LEFT__1542193525797423.jpg", "samples/CAM_BACK/n015-2018-11-14-18-57-54+0800__CAM_BACK__1542193525787525.jpg", "samples/CAM_BACK_RIGHT/n015-2018-11-14-18-57-54+0800__CAM_BACK_RIGHT__1542193525777893.jpg"], "intrinsics": [[[1272.5979470598488, 0.0, 826.6154927353808], [0.0, 1272.5979470598488, 479.75165386361925], [0.0, 0.0, 1.0]], [[1266.417203046554, 0.0, 816.2670197447984], [0.0, 1266.417203046554, 491.50706579294757], [0.0, 0.0, 1.0]], [[1260.8474446004698, 0.0, 807.968244525554], [0.0, 1260.8474446004698, 495.3344268742088], [0.0, 0.0, 1.0]], [[1256.7414812095406, 0.0, 792.1125740759628], [0.0, 1256.7414812095406, 492.7757465151356], [0.0, 0.0, 1.0]], [[809.2209905677063, 0.0, 829.2196003259838], [0.0, 809.2209905677063, 481.77842384512485], [0.0, 0.0, 1.0]], [[1259.5137405846733, 0.0, 807.2529053838625], [0.0, 1259.5137405846733, 501.19579884916527], [0.0, 0.0, 1.0]]], "extrinsics": [[[0.8132871985435486, -0.5798682570457458, 0.048132553696632385, -0.841033935546875], [0.059214457869529724, 0.00019015837460756302, -0.9982452392578125, 1.5172309875488281], [0.5788415670394897, 0.8147103190422058, 0.03449123352766037, -1.193359375], [0.0, 0.0, 0.0, 1.0]], [[-0.0029993094503879547, -0.9999890327453613, 0.0035787767264992, 0.0050048828125], [0.0541163869202137, -0.0037358601111918688, -0.9985276460647583, 1.527313232421875], [0.9985300898551941, -0.0028012236580252647, 0.05412700027227402, -1.56732177734375], [0.0, 0.0, 0.0, 1.0]], [[-0.8344705700874329, -0.5480270981788635, -0.05766395479440689, 0.952392578125], [0.06008157506585121, 0.013536157086491585, -0.9981016516685486, 1.5094070434570312], [0.5477674007415771, -0.8363510370254517, 0.021630803123116493, -1.19561767578125], [0.0, 0.0, 0.0, 1.0]], [[0.945787787437439, 0.3190775513648987, 0.060621269047260284, -1.140625], [0.06950108706951141, -0.01650657132267952, -0.997445285320282, 1.5886650085449219], [-0.3172617554664612, 0.947584867477417, -0.03778794780373573, -0.10400390625], [0.0, 0.0, 0.0, 1.0]], [[0.00504521606490016, 0.9999670386314392, -0.006361342500895262, 0.00244140625], [0.043807029724121094, -0.006576330401003361, -0.9990183711051941, 1.5809040069580078], [-0.9990273118019104, 0.004761592019349337, -0.04383876174688339, -0.03338623046875], [0.0, 0.0, 0.0, 1.0]], [[-0.9307762384414673, 0.3592129051685333, -0.06798219680786133, 1.072235107421875], [0.07612254470586777, 0.00854813028126955, -0.9970618486404419, 1.5566558837890625], [-0.3575763404369354, -0.9332165718078613, -0.0353005975484848, -0.0870361328125], [0.0, 0.0, 0.0, 1.0]]], "view": [[0.0, -2.0, 100.0], [-2.0, 0.0, 100.0], [0.0, 0.0, 1.0]], "bev": "bev_6f409d42e401418a8d031756c756217a.png", "aux": "aux_6f409d42e401418a8d031756c756217a.npz", "visibility": "visibility_6f409d42e401418a8d031756c756217a.png", "pose": [[0.9999500513076782, -0.009995879605412483, 0.0, 779.4766845703125], [0.009995879605412483, 0.9999500513076782, 0.0, 1553.3157958984375], [0.0, 0.0, 1.0, 0.0], [0.0, 0.0, 0.0, 1.0]], "pose_inverse": [[0.9999500513076782, 0.009995879605412483, 0.0, -794.9644775390625], [-0.009995879605412483, 0.9999500513076782, 0.0, -1545.4466552734375], [0.0, 0.0, 1.0, 0.0], [0.0, 0.0, 0.0, 1.0]], "cam_ids": [0, 1, 2, 3, 4, 5], "cam_channels": ["CAM_FRONT_LEFT", "CAM_FRONT", "CAM_FRONT_RIGHT", "CAM_BACK_LEFT", "CAM_BACK", "CAM_BACK_RIGHT"], "token": "6f409d42e401418a8d031756c756217a", "scene": "scene-1007"}, {"images": ["samples/CAM_FRONT_LEFT/n015-2018-11-14-18-57-54+0800__CAM_FRONT_LEFT__1542193526154844.jpg", "samples/CAM_FRONT/n015-2018-11-14-18-57-54+0800__CAM_FRONT__1542193526162460.jpg", "samples/CAM_FRONT_RIGHT/n015-2018-11-14-18-57-54+0800__CAM_FRONT_RIGHT__1542193526170339.jpg", "samples/CAM_BACK_LEFT/n015-2018-11-14-18-57-54+0800__CAM_BACK_LEFT__1542193526197423.jpg", "samples/CAM_BACK/n015-2018-11-14-18-57-54+0800__CAM_BACK__1542193526187525.jpg", "samples/CAM_BACK_RIGHT/n015-2018-11-14-18-57-54+0800__CAM_BACK_RIGHT__1542193526177893.jpg"], "intrinsics": [[[1272.5979470598488, 0.0, 826.6154927353808], [0.0, 1272.5979470598488, 479.75165386361925], [0.0, 0.0, 1.0]], [[1266.417203046554, 0.0, 816.2670197447984], [0.0, 1266.417203046554, 491.50706579294757], [0.0, 0.0, 1.0]], [[1260.8474446004698, 0.0, 807.968244525554], [0.0, 1260.8474446004698, 495.3344268742088], [0.0, 0.0, 1.0]], [[1256.7414812095406, 0.0, 792.1125740759628], [0.0, 1256.7414812095406, 492.7757465151356], [0.0, 0.0, 1.0]], [[809.2209905677063, 0.0, 829.2196003259838], [0.0, 809.2209905677063, 481.77842384512485], [0.0, 0.0, 1.0]], [[1259.5137405846733, 0.0, 807.2529053838625], [0.0, 1259.5137405846733, 501.19579884916527], [0.0, 0.0, 1.0]]], "extrinsics": [[[0.8121500015258789, -0.5813356637954712, 0.04961087182164192, -0.8328475952148438], [0.06388572603464127, 0.004086602013558149, -0.9979488849639893, 1.5185317993164062], [0.5799404978752136, 0.8136535882949829, 0.040457986295223236, -1.188720703125], [0.0, 0.0, 0.0, 1.0]], [[-0.004576364066451788, -0.9999893307685852, -0.0006635016179643571, 0.0059814453125], [0.05854132026433945, 0.0003944617055822164, -0.9982849359512329, 1.5283470153808594], [0.9982744455337524, -0.004607349168509245, 0.05853888764977455, -1.55902099609375], [0.0, 0.0, 0.0, 1.0]], [[-0.8350802659988403, -0.5464410185813904, -0.06358528137207031, 0.9454345703125], [0.06427030265331268, 0.017884381115436554, -0.997772216796875, 1.5103607177734375], [0.5463609099388123, -0.837306559085846, 0.020185034722089767, -1.19024658203125], [0.0, 0.0, 0.0, 1.0]], [[0.9456548094749451, 0.3185473084449768, 0.06530468910932541, -1.140869140625], [0.07271157205104828, -0.01140323095023632, -0.9972877502441406, 1.5886497497558594], [-0.3169386684894562, 0.947838306427002, -0.03394559770822525, -0.1038818359375], [0.0, 0.0, 0.0, 1.0]], [[0.005828019697219133, 0.9999819993972778, -0.0014156736433506012, 0.002685546875], [0.04735886678099632, -0.0016901222988963127, -0.9988765120506287, 1.5811996459960938], [-0.9988609552383423, 0.005754426121711731, -0.04736785963177681, -0.037109375], [0.0, 0.0, 0.0, 1.0]], [[-0.9300225973129272, 0.3607883155345917, -0.06992755085229874, 1.064727783203125], [0.08002641797065735, 0.01310775987803936, -0.9967065453529358, 1.5575637817382812], [-0.3586835265159607, -0.932555615901947, -0.041063111275434494, -0.09033203125], [0.0, 0.0, 0.0, 1.0]]], "view": [[0.0, -2.0, 100.0], [-2.0, 0.0, 100.0], [0.0, 0.0, 1.0]], "bev": "bev_6083a55b86354745b195682bf024da31.png", "aux": "aux_6083a55b86354745b195682bf024da31.npz", "visibility": "visibility_6083a55b86354745b195682bf024da31.png", "pose": [[0.9934712648391724, -0.11408258229494095, 0.0, 780.9065551757812], [0.11408258229494095, 0.9934712648391724, 0.0, 1553.3975830078125], [0.0, 0.0, 1.0, 0.0], [0.0, 0.0, 0.0, 1.0]], "pose_inverse": [[0.9934712648391724, 0.11408258229494095, 0.0, -953.0238037109375], [-0.11408258229494095, 0.9934712648391724, 0.0, -1454.1680908203125], [0.0, 0.0, 1.0, 0.0], [0.0, 0.0, 0.0, 1.0]], "cam_ids": [0, 1, 2, 3, 4, 5], "cam_channels": ["CAM_FRONT_LEFT", "CAM_FRONT", "CAM_FRONT_RIGHT", "CAM_BACK_LEFT", "CAM_BACK", "CAM_BACK_RIGHT"], "token": "6083a55b86354745b195682bf024da31", "scene": "scene-1007"}, {"images": ["samples/CAM_FRONT_LEFT/n015-2018-11-14-18-57-54+0800__CAM_FRONT_LEFT__1542193526654844.jpg", "samples/CAM_FRONT/n015-2018-11-14-18-57-54+0800__CAM_FRONT__1542193526662460.jpg", "samples/CAM_FRONT_RIGHT/n015-2018-11-14-18-57-54+0800__CAM_FRONT_RIGHT__1542193526670339.jpg", "samples/CAM_BACK_LEFT/n015-2018-11-14-18-57-54+0800__CAM_BACK_LEFT__1542193526697423.jpg", "samples/CAM_BACK/n015-2018-11-14-18-57-54+0800__CAM_BACK__1542193526687525.jpg", "samples/CAM_BACK_RIGHT/n015-2018-11-14-18-57-54+0800__CAM_BACK_RIGHT__1542193526677893.jpg"], "intrinsics": [[[1272.5979470598488, 0.0, 826.6154927353808], [0.0, 1272.5979470598488, 479.75165386361925], [0.0, 0.0, 1.0]], [[1266.417203046554, 0.0, 816.2670197447984], [0.0, 1266.417203046554, 491.50706579294757], [0.0, 0.0, 1.0]], [[1260.8474446004698, 0.0, 807.968244525554], [0.0, 1260.8474446004698, 495.3344268742088], [0.0, 0.0, 1.0]], [[1256.7414812095406, 0.0, 792.1125740759628], [0.0, 1256.7414812095406, 492.7757465151356], [0.0, 0.0, 1.0]], [[809.2209905677063, 0.0, 829.2196003259838], [0.0, 809.2209905677063, 481.77842384512485], [0.0, 0.0, 1.0]], [[1259.5137405846733, 0.0, 807.2529053838625], [0.0, 1259.5137405846733, 501.19579884916527], [0.0, 0.0, 1.0]]], "extrinsics": [[[0.8113066554069519, -0.582694411277771, 0.047420602291822433, -0.8310394287109375], [0.06345987319946289, 0.007142005488276482, -0.9979588389396667, 1.5185775756835938], [0.5811663866043091, 0.8126599788665771, 0.042772069573402405, -1.1876220703125], [0.0, 0.0, 0.0, 1.0]], [[-0.005720204208046198, -0.9999762773513794, -0.0038221157155930996, 0.0064697265625], [0.05794219672679901, 0.0034843122120946646, -0.9983139038085938, 1.5282821655273438], [0.9983035326004028, -0.005932033993303776, 0.05792089179158211, -1.5587158203125], [0.0, 0.0, 0.0, 1.0]], [[-0.8355604410171509, -0.5455796122550964, -0.06466572731733322, 0.946533203125], [0.06350486725568771, 0.02100289799273014, -0.9977604746818542, 1.51019287109375], [0.5457159280776978, -0.8377956748008728, 0.017097771167755127, -1.19085693359375], [0.0, 0.0, 0.0, 1.0]], [[0.9458295106887817, 0.3180972635746002, 0.0649653971195221, -1.1409912109375], [0.07125275582075119, -0.008157427422702312, -0.9974249601364136, 1.5886459350585938], [-0.31674814224243164, 0.9480229616165161, -0.030380841344594955, -0.10394287109375], [0.0, 0.0, 0.0, 1.0]], [[0.0061886608600616455, 0.9999791979789734, 0.001810673507861793, 0.0025634765625], [0.04616948589682579, 0.001523044891655445, -0.9989324808120728, 1.5811042785644531], [-0.9989144206047058, 0.006265661213546