[{"images": ["samples/CAM_FRONT_LEFT/n008-2018-09-18-14-54-39-0400__CAM_FRONT_LEFT__1537297513854799.jpg", "samples/CAM_FRONT/n008-2018-09-18-14-54-39-0400__CAM_FRONT__1537297513862404.jpg", "samples/CAM_FRONT_RIGHT/n008-2018-09-18-14-54-39-0400__CAM_FRONT_RIGHT__1537297513870482.jpg", "samples/CAM_BACK_LEFT/n008-2018-09-18-14-54-39-0400__CAM_BACK_LEFT__1537297513897405.jpg", "samples/CAM_BACK/n008-2018-09-18-14-54-39-0400__CAM_BACK__1537297513887558.jpg", "samples/CAM_BACK_RIGHT/n008-2018-09-18-14-54-39-0400__CAM_BACK_RIGHT__1537297513878113.jpg"], "intrinsics": [[[1257.8625342125129, 0.0, 827.2410631095686], [0.0, 1257.8625342125129, 450.915498205774], [0.0, 0.0, 1.0]], [[1252.8131021185304, 0.0, 826.588114781398], [0.0, 1252.8131021185304, 469.9846626224581], [0.0, 0.0, 1.0]], [[1256.7485116440405, 0.0, 817.7887570959712], [0.0, 1256.7485116440403, 451.9541780095127], [0.0, 0.0, 1.0]], [[1254.9860565800168, 0.0, 829.5769333630991], [0.0, 1254.9860565800168, 467.1680561863987], [0.0, 0.0, 1.0]], [[796.8910634503094, 0.0, 857.7774326863696], [0.0, 796.8910634503094, 476.8848988407415], [0.0, 0.0, 1.0]], [[1249.9629280788233, 0.0, 825.3768045375984], [0.0, 1249.9629280788233, 462.54816385708756], [0.0, 0.0, 1.0]]], "extrinsics": [[[0.8228476643562317, -0.568246603012085, -0.004202947020530701, -0.8331298828125], [0.010344195179641247, 0.022372974082827568, -0.9996961355209351, 1.4903860092163086], [0.568168044090271, 0.8225541710853577, 0.024287600070238113, -1.2174072265625], [0.0, 0.0, 0.0, 1.0]], [[0.010706096887588501, -0.9997777342796326, -0.018161553889513016, 0.009246826171875], [0.012062666937708855, 0.018290402367711067, -0.9997599720954895, 1.4821949005126953], [0.9998699426651001, 0.01048443652689457, 0.012255805544555187, -1.5633544921875], [0.0, 0.0, 0.0, 1.0]], [[-0.8437584638595581, -0.5362740159034729, -0.021949155256152153, 0.9788818359375], [0.019889917224645615, 0.00962476059794426, -0.999755859375, 1.4957160949707031], [0.5363543629646301, -0.8439890742301941, 0.0025454724673181772, -1.204833984375], [0.0, 0.0, 0.0, 1.0]], [[0.9478665590286255, 0.31865957379341125, 0.002251560101285577, -1.1365966796875], [-0.005991117097437382, 0.024884242564439774, -0.9996723532676697, 1.5619926452636719], [-0.31861117482185364, 0.9475425481796265, 0.025496069341897964, -0.15863037109375], [0.0, 0.0, 0.0, 1.0]], [[0.009045926854014397, 0.999809741973877, 0.017283795401453972, -0.029052734375], [-0.003706287359818816, 0.017317907884716988, -0.9998431205749512, 1.5678491592407227], [-0.9999523162841797, 0.008980456739664078, 0.0038622382562607527, -0.0093994140625], [0.0, 0.0, 0.0, 1.0]], [[-0.9238113760948181, 0.38283833861351013, -0.00272189499810338, 1.06982421875], [0.0006974083371460438, -0.00542678264901042, -0.9999850392341614, 1.547886848449707], [-0.382847398519516, -0.9237993359565735, 0.004746329504996538, -0.080108642578125], [0.0, 0.0, 0.0, 1.0]]], "view": [[0.0, -2.0, 100.0], [-2.0, 0.0, 100.0], [0.0, 0.0, 1.0]], "bev": "bev_d02204fcc72841109ce526cbd70f3c82.png", "aux": "aux_d02204fcc72841109ce526cbd70f3c82.npz", "visibility": "visibility_d02204fcc72841109ce526cbd70f3c82.png", "pose": [[0.45250627398490906, -0.8917612433433533, 0.0, 1175.5106201171875], [0.8917612433433533, 0.45250627398490906, 0.0, 1637.84228515625], [0.0, 0.0, 1.0, 0.0], [0.0, 0.0, 0.0, 1.0]], "pose_inverse": [[0.45250627398490906, 0.8917612433433533, 0.0, -1992.4901123046875], [-0.8917612433433533, 0.45250627398490906, 0.0, 307.1408996582031], [0.0, 0.0, 1.0, 0.0], [0.0, 0.0, 0.0, 1.0]], "cam_ids": [0, 1, 2, 3, 4, 5], "cam_channels": ["CAM_FRONT_LEFT", "CAM_FRONT", "CAM_FRONT_RIGHT", "CAM_BACK_LEFT", "CAM_BACK", "CAM_BACK_RIGHT"], "token": "d02204fcc72841109ce526cbd70f3c82", "scene": "scene-0889"}, {"images": ["samples/CAM_FRONT_LEFT/n008-2018-09-18-14-54-39-0400__CAM_FRONT_LEFT__1537297514354799.jpg", "samples/CAM_FRONT/n008-2018-09-18-14-54-39-0400__CAM_FRONT__1537297514362404.jpg", "samples/CAM_FRONT_RIGHT/n008-2018-09-18-14-54-39-0400__CAM_FRONT_RIGHT__1537297514370482.jpg", "samples/CAM_BACK_LEFT/n008-2018-09-18-14-54-39-0400__CAM_BACK_LEFT__1537297514397405.jpg", "samples/CAM_BACK/n008-2018-09-18-14-54-39-0400__CAM_BACK__1537297514387558.jpg", "samples/CAM_BACK_RIGHT/n008-2018-09-18-14-54-39-0400__CAM_BACK_RIGHT__1537297514378114.jpg"], "intrinsics": [[[1257.8625342125129, 0.0, 827.2410631095686], [0.0, 1257.8625342125129, 450.915498205774], [0.0, 0.0, 1.0]], [[1252.8131021185304, 0.0, 826.588114781398], [0.0, 1252.8131021185304, 469.9846626224581], [0.0, 0.0, 1.0]], [[1256.7485116440405, 0.0, 817.7887570959712], [0.0, 1256.7485116440403, 451.9541780095127], [0.0, 0.0, 1.0]], [[1254.9860565800168, 0.0, 829.5769333630991], [0.0, 1254.9860565800168, 467.1680561863987], [0.0, 0.0, 1.0]], [[796.8910634503094, 0.0, 857.7774326863696], [0.0, 796.8910634503094, 476.8848988407415], [0.0, 0.0, 1.0]], [[1249.9629280788233, 0.0, 825.3768045375984], [0.0, 1249.9629280788233, 462.54816385708756], [0.0, 0.0, 1.0]]], "extrinsics": [[[0.8227654099464417, -0.568317174911499, -0.008532345294952393, -0.835205078125], [0.005199803039431572, 0.02253720723092556, -0.999732494354248, 1.4893126487731934], [0.5683574080467224, 0.8225008845329285, 0.021497970446944237, -1.21856689453125], [0.0, 0.0, 0.0, 1.0]], [[0.010598758235573769, -0.9997754693031311, -0.018346698954701424, 0.008758544921875], [0.007189385127276182, 0.018423447385430336, -0.9998044371604919, 1.4813470840454102], [0.9999179244041443, 0.010464778169989586, 0.007383035961538553, -1.5665283203125], [0.0, 0.0, 0.0, 1.0]], [[-0.8438425660133362, -0.5362862348556519, -0.018081223592162132, 0.981201171875], [0.015229212120175362, 0.009747055359184742, -0.9998365044593811, 1.495046615600586], [0.5363747477531433, -0.8439799547195435, -5.776405305368826e-05, -1.2064208984375], [0.0, 0.0, 0.0, 1.0]], [[0.9478694796562195, 0.31865453720092773, -0.0016808464424684644, -1.13720703125], [-0.010176734998822212, 0.024998802691698074, -0.999635636806488, 1.5619697570800781], [-0.3184964060783386, 0.9475411772727966, 0.026938464492559433, -0.1583251953125], [0.0, 0.0, 0.0, 1.0]], [[0.009111674502491951, 0.9998078942298889, 0.017353525385260582, -0.02886962890625], [-0.008005963638424873, 0.0174266304820776, -0.9998160600662231, 1.5676345825195312], [-0.9999265074729919, 0.008971061557531357, 0.008163210935890675, -0.0078125], [0.0, 0.0, 0.0, 1.0]], [[-0.9238194227218628, 0.38282546401023865, 0.001500065322034061, 1.072021484375], [-0.0038225448224693537, -0.005306095816195011, -0.9999786019325256, 1.547452449798584], [-0.38280922174453735, -0.9238054752349854, 0.006365242414176464, -0.07928466796875], [0.0, 0.0, 0.0, 1.0]]], "view": [[0.0, -2.0, 100.0], [-2.0, 0.0, 100.0], [0.0, 0.0, 1.0]], "bev": "bev_c2b437196f7840328d1b16daf242670a.png", "aux": "aux_c2b437196f7840328d1b16daf242670a.npz", "visibility": "visibility_c2b437196f7840328d1b16daf242670a.png", "pose": [[0.4557214379310608, -0.8901224732398987, 0.0, 1176.57568359375], [0.8901224732398987, 0.4557214379310608, 0.0, 1639.870849609375], [0.0, 0.0, 1.0, 0.0], [0.0, 0.0, 0.0, 1.0]], "pose_inverse": [[0.4557214379310608, 0.8901224732398987, 0.0, -1995.8765869140625], [-0.8901224732398987, 0.4557214379310608, 0.0, 299.97216796875], [0.0, 0.0, 1.0, 0.0], [0.0, 0.0, 0.0, 1.0]], "cam_ids": [0, 1, 2, 3, 4, 5], "cam_channels": ["CAM_FRONT_LEFT", "CAM_FRONT", "CAM_FRONT_RIGHT", "CAM_BACK_LEFT", "CAM_BACK", "CAM_BACK_RIGHT"], "token": "c2b437196f7840328d1b16daf242670a", "scene": "scene-0889"}, {"images": ["samples/CAM_FRONT_LEFT/n008-2018-09-18-14-54-39-0400__CAM_FRONT_LEFT__1537297514904799.jpg", "samples/CAM_FRONT/n008-2018-09-18-14-54-39-0400__CAM_FRONT__1537297514912404.jpg", "samples/CAM_FRONT_RIGHT/n008-2018-09-18-14-54-39-0400__CAM_FRONT_RIGHT__1537297514920482.jpg", "samples/CAM_BACK_LEFT/n008-2018-09-18-14-54-39-0400__CAM_BACK_LEFT__1537297514947405.jpg", "samples/CAM_BACK/n008-2018-09-18-14-54-39-0400__CAM_BACK__1537297514937558.jpg", "samples/CAM_BACK_RIGHT/n008-2018-09-18-14-54-39-0400__CAM_BACK_RIGHT__1537297514928113.jpg"], "intrinsics": [[[1257.8625342125129, 0.0, 827.2410631095686], [0.0, 1257.8625342125129, 450.915498205774], [0.0, 0.0, 1.0]], [[1252.8131021185304, 0.0, 826.588114781398], [0.0, 1252.8131021185304, 469.9846626224581], [0.0, 0.0, 1.0]], [[1256.7485116440405, 0.0, 817.7887570959712], [0.0, 1256.7485116440403, 451.9541780095127], [0.0, 0.0, 1.0]], [[1254.9860565800168, 0.0, 829.5769333630991], [0.0, 1254.9860565800168, 467.1680561863987], [0.0, 0.0, 1.0]], [[796.8910634503094, 0.0, 857.7774326863696], [0.0, 796.8910634503094, 476.8848988407415], [0.0, 0.0, 1.0]], [[1249.9629280788233, 0.0, 825.3768045375984], [0.0, 1249.9629280788233, 462.54816385708756], [0.0, 0.0, 1.0]]], "extrinsics": [[[0.8224487900733948, -0.5686337947845459, -0.015283911488950253, -0.8543701171875], [-0.003917433321475983, 0.02120603434741497, -0.9997674226760864, 1.487553596496582], [0.5688256621360779, 0.8223174810409546, 0.01521329116076231, -1.23077392578125], [0.0, 0.0, 0.0, 1.0]], [[0.010092813521623611, -0.9998016357421875, -0.017173433676362038, 0.007965087890625], [-0.002137604635208845, 0.01715269684791565, -0.9998506307601929, 1.4798221588134766], [0.9999467730522156, 0.010127984918653965, -0.001964062685146928, -1.5841064453125], [0.0, 0.0, 0.0, 1.0]], [[-0.8441249132156372, -0.5360645055770874, -0.009380804374814034, 0.991943359375], [0.005698217544704676, 0.008525662124156952, -0.9999473690986633, 1.493736743927002], [0.5361163020133972, -0.8441339731216431, -0.004142113029956818, -1.2138671875], [0.0, 0.0, 0.0, 1.0]], [[0.9478108882904053, 0.31862330436706543, -0.01156010664999485, -1.13720703125], [-0.020268861204385757, 0.024030432105064392, -0.9995057582855225, 1.5618934631347656], [-0.31818804144859314, 0.9475767612457275, 0.02923443727195263, -0.15838623046875], [0.0, 0.0, 0.0, 1.0]], [[0.009398278780281544, 0.9998245239257812, 0.016206737607717514, -0.02874755859375], [-0.01795242354273796, 0.01637354865670204, -0.9997047185897827, 1.5672073364257812], [-0.9997947216033936, 0.009104566648602486, 0.018103156238794327, -0.0029296875], [0.0, 0.0, 0.0, 1.0]], [[-0.9236832857131958, 0.3830258250236511, 0.010012888349592686, 1.0809326171875], [-0.013522950932383537, -0.006472568493336439, -0.9998875856399536, 1.546651840209961], [-0.38291797041893005, -0.9237149953842163, 0.01115824282169342, -0.0760498046875], [0.0, 0.0, 0.0, 1.0]]], "view": [[0.0, -2.0, 100.0], [-2.0, 0.0, 100.0], [0.0, 0.0, 1.0]], "bev": "bev_2e93a4b1465944a1aef3e508815396e0.png", "aux": "aux_2e93a4b1465944a1aef3e508815396e0.npz", "visibility": "visibility_2e93a4b1465944a1aef3e508815396e0.png", "pose": [[0.45594167709350586, -0.8900096416473389, 0.0, 1177.692626953125], [0.8900096416473389, 0.45594167709350586, 0.0, 1642.01904296875], [0.0, 0.0, 1.0, 0.0], [0.0, 0.0, 0.0, 1.0]], "pose_inverse": [[0.45594167709350586, 0.8900096416473389, 0.0, -1998.3719482421875], [-0.8900096416473389, 0.45594167709350586, 0.0, 299.49285888671875], [0.0, 0.0, 1.0, 0.0], [0.0, 0.0, 0.0, 1.0]], "cam_ids": [0, 1, 2, 3, 4, 5], "cam_channels": ["CAM_FRONT_LEFT", "CAM_FRONT", "CAM_FRONT_RIGHT", "CAM_BACK_LEFT", "CAM_BACK", "CAM_BACK_RIGHT"], "token": "2e93a4b1465944a1aef3e508815396e0", "scene": "scene-0889"}, {"images": ["samples/CAM_FRONT_LEFT/n008-2018-09-18-14-54-39-0400__CAM_FRONT_LEFT__1537297515404799.jpg", "samples/CAM_FRONT/n008-2018-09-18-14-54-39-0400__CAM_FRONT__1537297515412404.jpg", "samples/CAM_FRONT_RIGHT/n008-2018-09-18-14-54-39-0400__CAM_FRONT_RIGHT__1537297515420482.jpg", "samples/CAM_BACK_LEFT/n008-2018-09-18-14-54-39-0400__CAM_BACK_LEFT__1537297515447405.jpg", "samples/CAM_BACK/n008-2018-09-18-14-54-39-0400__CAM_BACK__1537297515437558.jpg", "samples/CAM_BACK_RIGHT/n008-2018-09-18-14-54-39-0400__CAM_BACK_RIGHT__1537297515428113.jpg"], "intrinsics": [[[1257.8625342125129, 0.0, 827.2410631095686], [0.0, 1257.8625342125129, 450.915498205774], [0.0, 0.0, 1.0]], [[1252.8131021185304, 0.0, 826.588114781398], [0.0, 1252.8131021185304, 469.9846626224581], [0.0, 0.0, 1.0]], [[1256.7485116440405, 0.0, 817.7887570959712], [0.0, 1256.7485116440403, 451.9541780095127], [0.0, 0.0, 1.0]], [[1254.9860565800168, 0.0, 829.5769333630991], [0.0, 1254.9860565800168, 467.1680561863987], [0.0, 0.0, 1.0]], [[796.8910634503094, 0.0, 857.7774326863696], [0.0, 796.8910634503094, 476.8848988407415], [0.0, 0.0, 1.0]], [[1249.9629280788233, 0.0, 825.3768045375984], [0.0, 1249.9629280788233, 462.54816385708756], [0.0, 0.0, 1.0]]], "extrinsics": [[[0.8221533298492432, -0.5689099431037903, -0.020134292542934418, -0.8599853515625], [-0.010956062003970146, 0.019549096003174782, -0.9997488260269165, 1.4863338470458984], [0.5691606998443604, 0.8221675157546997, 0.009839341975748539, -1.23541259765625], [0.0, 0.0, 0.0, 1.0]], [[0.009730025194585323, -0.9998326301574707, -0.01549373846501112, 0.00860595703125], [-0.009140633046627045, 0.015404892154037952, -0.9998395442962646, 1.478811264038086], [0.9999108910560608, 0.009870084002614021, -0.008989213034510612, -1.5894775390625], [0.0, 0.0, 0.0, 1.0]], [[-0.8442725539207458, -0.5359082221984863, -0.0025201227981597185, 0.9952392578125], [-0.0012548023369163275, 0.006679239217191935, -0.9999768733978271, 1.4929194450378418], [0.5359126925468445, -0.8442498445510864, -0.0063115572556853294, -1.215576171875], [0.0, 0.0, 0.0, 1.0]], [[0.9477185606956482, 0.3185630738735199, -0.01862950064241886, -1.1356201171875], [-0.026909751817584038, 0.021611012518405914, -0.99940425157547, 1.5618095397949219], [-0.3179706931114197, 0.9476552605628967, 0.029053611680865288, -0.15887451171875], [0.0, 0.0, 0.0, 1.0]], [[0.009588547982275486, 0.9998563528060913, 0.013977909460663795, -0.02899169921875], [-0.02470126561820507, 0.014211125671863556, -0.9995938539505005, 1.5668907165527344], [-0.999648928642273, 0.00923942867666483, 0.024833982810378075, -0.002685546875], [0.0, 0.0, 0.0, 1.0]], [[-0.923538088798523, 0.3831896483898163, 0.0155948456376791, 1.0826416015625], [-0.020376307889819145, -0.008422049693763256, -0.999756932258606, 1.546112060546875], [-0.3829651176929474, -0.9236313700675964, 0.015586073510348797, -0.0748291015625], [0.0, 0.0, 0.0, 1.0]]], "view": [[0.0, -2.0, 100.0], [-2.0, 0.0, 100.0], [0.0, 0.0, 1.0]], "bev": "bev_4a4b8516818640c69438274957e5acfd.png", "aux": "aux_4a4b8516818640c69438274957e5acfd.npz", "visibility": "visibility_4a4b8516818640c69438274957e5acfd.png", "pose": [[0.45609256625175476, -0.8899323344230652, 0.0, 1178.6219482421875], [0.8899323344230652, 0.45609256625175476, 0.0, 1643.7886962890625], [0.0, 0.0, 1.0, 0.0], [0.0, 0.0, 0.0, 1.0]], "pose_inverse": [[0.45609256625175476, 0.8899323344230652, 0.0, -2000.42138671875], [-0.8899323344230652, 0.45609256625175476, 0.0, 299.1739807128906], [0.0, 0.0, 1.0, 0.0], [0.0, 0.0, 0.0, 1.0]], "cam_ids": [0, 1, 2, 3, 4, 5], "cam_channels": ["CAM_FRONT_LEFT", "CAM_FRONT", "CAM_FRONT_RIGHT", "CAM_BACK_LEFT", "CAM_BACK", "CAM_BACK_RIGHT"], "token": "4a4b8516818640c69438274957e5acfd", "scene": "scene-0889"}, {"images": ["samples/CAM_FRONT_LEFT/n008-2018-09-18-14-54-39-0400__CAM_FRONT_LEFT__1537297515904799.jpg", "samples/CAM_FRONT/n008-2018-09-18-14-54-39-0400__CAM_FRONT__1537297515912404.jpg", "samples/CAM_FRONT_RIGHT/n008-2018-09-18-14-54-39-0400__CAM_FRONT_RIGHT__1537297515920482.jpg", "samples/CAM_BACK_LEFT/n008-2018-09-18-14-54-39-0400__CAM_BACK_LEFT__1537297515947405.jpg", "samples/CAM_BACK/n008-2018-09-18-14-54-39-0400__CAM_BACK__1537297515937558.jpg", "samples/CAM_BACK_RIGHT/n008-2018-09-18-14-54-39-0400__CAM_BACK_RIGHT__1537297515928113.jpg"], "intrinsics": [[[1257.8625342125129, 0.0, 827.2410631095686], [0.0, 1257.8625342125129, 450.915498205774], [0.0, 0.0, 1.0]], [[1252.8131021185304, 0.0, 826.588114781398], [0.0, 1252.8131021185304, 469.9846626224581], [0.0, 0.0, 1.0]], [[1256.7485116440405, 0.0, 817.7887570959712], [0.0, 1256.7485116440403, 451.9541780095127], [0.0, 0.0, 1.0]], [[1254.9860565800168, 0.0, 829.5769333630991], [0.0, 1254.9860565800168, 467.1680561863987], [0.0, 0.0, 1.0]], [[796.8910634503094, 0.0, 857.7774326863696], [0.0, 796.8910634503094, 476.8848988407415], [0.0, 0.0, 1.0]], [[1249.9629280788233, 0.0, 825.3768045375984], [0.0, 1249.9629280788233, 462.54816385708756], [0.0, 0.0, 1.0]]], "extrinsics": [[[0.8222332000732422, -0.5686991214752197, -0.02267133817076683, -0.8707275390625], [-0.014919265173375607, 0.018283678218722343, -0.9997215270996094, 1.4858436584472656], [0.5689552426338196, 0.8223424553871155, 0.00654887268319726, -1.24334716796875], [0.0, 0.0, 0.0, 1.0]], [[0.00992071907967329, -0.9998490214347839, -0.014263007789850235, 0.008697509765625], [-0.013007408007979393, 0.014133467338979244, -0.9998155236244202, 1.4783935546875], [0.9998661279678345, 0.010104411281645298, -0.012865226715803146, -1.6009521484375], [0.0, 0.0, 0.0, 1.0]], [[-0.8441720008850098, -0.5360707640647888, 0.0013504583621397614, 1.00341796875], [-0.005030983593314886, 0.005403383634984493, -0.9999727010726929, 1.492537498474121], [0.5360488295555115, -0.8441557288169861, -0.007258349563926458, -1.220458984375], [0.0, 0.0, 0.0, 1.0]], [[0.9476441144943237, 0.31854739785194397, -0.022318052127957344, -1.1387939453125], [-0.03041088581085205, 0.020454222336411476, -0.9993281960487366, 1.5618667602539062], [-0.3178769052028656, 0.9476861953735352, 0.02907063439488411, -0.157958984375], [0.0, 0.0, 0.0, 1.0]], [[0.009563039988279343, 0.9998735189437866, 0.012703783810138702, -0.029083251953125], [-0.028299562633037567, 0.01296989619731903, -0.9995152950286865, 1.5668716430664062], [-0.9995538592338562, 0.009198883548378944, 0.028420016169548035, 0.002685546875], [0.0, 0.0, 0.0, 1.0]], [[-0.9235272407531738, 0.3830835819244385, 0.01855778880417347, 1.0897216796875], [-0.024110253900289536, -0.009697509929537773, -0.9996622204780579, 1.5459861755371094], [-0.3827741742134094, -0.9236627817153931, 0.018192153424024582, -0.07171630859375], [0.0, 0.0, 0.0, 1.0]]], "view": [[0.0, -2.0, 100.0], [-2.0, 0.0, 100.0], [0.0, 0.0, 1.0]], "bev": "bev_32cf6f82dba04acc88e19894c8da64b6.png", "aux": "aux_32cf6f82dba04acc88e19894c8da64b6.npz", "visibility": "visibility_32cf6f82dba04acc88e19894c8da64b6.png", "pose": [[0.4563908874988556, -0.8897793889045715, 0.0, 1179.483154296875], [0.8897793889045715, 0.4563908874988556, 0.0, 1645.4168701171875], [0.0, 0.0, 1.0, 0.0], [0.0, 0.0, 0.0, 1.0]], "pose_inverse": [[0.4563908874988556, 0.8897793889045715, 0.0, -2002.3634033203125], [-0.8897793889045715, 0.4563908874988556, 0.0, 298.52655029296875], [0.0, 0.0, 1.0, 0.0], [0.0, 0.0, 0.0, 1.0]], "cam_ids": [0, 1, 2, 3, 4, 5], "cam_channels": ["CAM_FRONT_LEFT", "CAM_FRONT", "CAM_FRONT_RIGHT", "CAM_BACK_LEFT", "CAM_BACK", "CAM_BACK_RIGHT"], "token": "32cf6f82dba04acc88e19894c8da64b6", "scene": "scene-0889"}, {"images": ["samples/CAM_FRONT_LEFT/n008-2018-09-18-14-54-39-0400__CAM_FRONT_LEFT__1537297516404799.jpg", "samples/CAM_FRONT/n008-2018-09-18-14-54-39-0400__CAM_FRONT__1537297516412404.jpg", "samples/CAM_FRONT_RIGHT/n008-2018-09-18-14-54-39-0400__CAM_FRONT_RIGHT__1537297516420482.jpg", "samples/CAM_BACK_LEFT/n008-2018-09-18-14-54-39-0400__CAM_BACK_LEFT__1537297516447405.jpg", "samples/CAM_BACK/n008-2018-09-18-14-54-39-0400__CAM_BACK__1537297516437568.jpg", "samples/CAM_BACK_RIGHT/n008-2018-09-18-14-54-39-0400__CAM_BACK_RIGHT__1537297516428113.jpg"], "intrinsics": [[[1257.8625342125129, 0.0, 827.2410631095686], [0.0, 1257.8625342125129, 450.915498205774], [0.0, 0.0, 1.0]], [[1252.8131021185304, 0.0, 826.588114781398], [0.0, 1252.8131021185304, 469.9846626224581], [0.0, 0.0, 1.0]], [[1256.7485116440405, 0.0, 817.7887570959712], [0.0, 1256.7485116440403, 451.9541780095127], [0.0, 0.0, 1.0]], [[1254.9860565800168, 0.0, 829.5769333630991], [0.0, 1254.9860565800168, 467.1680561863987], [0.0, 0.0, 1.0]], [[796.8910634503094, 0.0, 857.7774326863696], [0.0, 796.8910634503094, 476.8848988407415], [0.0, 0.0, 1.0]], [[1249.9629280788233, 0.0, 825.3768045375984], [0.0, 1249.9629280788233, 462.54816385708756], [0.0, 0.0, 1.0]]], "extrinsics": [[[0.8220793604850769, -0.5689513087272644, -0.021910401061177254, -0.8956298828125], [-0.013331710360944271, 0.019236579537391663, -0.9997260570526123, 1.4865188598632812], [0.5692169070243835, 0.8221461772918701, 0.008228898979723454, -1.25860595703125], [0.0, 0.0, 0.0, 1.0]], [[0.009670236147940159, -0.9998366236686707, -0.015272102318704128, 0.007049560546875], [-0.01134561002254486, 0.01516212709248066, -0.9998206496238708, 1.478912353515625], [0.9998888969421387, 0.009841776452958584, -0.011197132989764214, -1.6251220703125], [0.0, 0.0, 0.0, 1.0]], [[-0.8442857265472412, -0.535892903804779, -0.000711002154275775, 1.0191650390625], [-0.0032914390321820974, 0.006512307096272707, -0.9999733567237854, 1.4927921295166016], [0.5358833074569702, -0.8442608714103699, -0.007262107450515032, -1.2315673828125], [0.0, 0.0, 0.0, 1.0]], [[0.9476907849311829, 0.31855764985084534, -0.020082170143723488, -1.14013671875], [-0.02853248454630375, 0.021882351487874985, -0.999353289604187, 1.5619316101074219], [-0.31791216135025024, 0.9476509094238281, 0.029826942831277847, -0.15728759765625], [0.0, 0.0, 0.0, 1.0]], [[0.00962431076914072, 0.9998552203178406, 0.014031713828444481, -0.028717041015625], [-0.026442941278219223, 0.014281939715147018, -0.9995482563972473, 1.5671730041503906], [-0.9996040463447571, 0.009249006398022175, 0.026576567441225052, 0.0106201171875], [0.0, 0.0, 0.0, 1.0]], [[-0.9235009551048279, 0.38320299983024597, 0.01736018806695938, 1.103271484375], [-0.02231690101325512, -0.008492733351886272, -0.9997149109840393, 1.5464286804199219], [-0.382946252822876, -0.9236250519752502, 0.016394950449466705, -0.067169189453125], [0.0, 0.0, 0.0, 1.0]]], "view": [[0.0, -2.0, 100.0], [-2.0, 0.0, 100.0], [0.0, 0.0, 1.0]], "bev": "bev_3cde3c733bef48baa0ce9c295095bc61.png", "aux": "aux_3cde3c733bef48baa0ce9c295095bc61.npz", "visibility": "visibility_3cde3c733bef48baa0ce9c295095bc61.png", "pose": [[0.4560450315475464, -0.8899567127227783, 0.0, 1180.2581787109375], [0.8899567127227783, 0.4560450315475464, 0.0, 1646.894287109375], [0.0, 0.0, 1.0, 0.0], [0.0, 0.0, 0.0, 1.0]], "pose_inverse": [[0.4560450315475464, 0.8899567127227783, 0.0, -2003.91552734375], [-0.8899567127227783, 0.4560450315475464, 0.0, 299.32073974609375], [0.0, 0.0, 1.0, 0.0], [0.0, 0.0, 0.0, 1.0]], "cam_ids": [0, 1, 2, 3, 4, 5], "cam_channels": ["CAM_FRONT_LEFT", "CAM_FRONT", "CAM_FRONT_RIGHT", "CAM_BACK_LEFT", "CAM_BACK", "CAM_BACK_RIGHT"], "token": "3cde3c733bef48baa0ce9c295095bc61", "scene": "scene-0889"}, {"images": ["samples/CAM_FRONT_LEFT/n008-2018-09-18-14-54-39-0400__CAM_FRONT_LEFT__1537297516904799.jpg", "samples/CAM_FRONT/n008-2018-09-18-14-54-39-0400__CAM_FRONT__1537297516912404.jpg", "samples/CAM_FRONT_RIGHT/n008-2018-09-18-14-54-39-0400__CAM_FRONT_RIGHT__1537297516920482.jpg", "samples/CAM_BACK_LEFT/n008-2018-09-18-14-54-39-0400__CAM_BACK_LEFT__1537297516947405.jpg", "samples/CAM_BACK/n008-2018-09-18-14-54-39-0400__CAM_BACK__1537297516937558.jpg", "samples/CAM_BACK_RIGHT/n008-2018-09-18-14-54-39-0400__CAM_BACK_RIGHT__1537297516928113.jpg"], "intrinsics": [[[1257.8625342125129, 0.0, 827.2410631095686], [0.0, 1257.8625342125129, 450.915498205774], [0.0, 0.0, 1.0]], [[1252.8131021185304, 0.0, 826.588114781398], [0.0, 1252.8131021185304, 469.9846626224581], [0.0, 0.0, 1.0]], [[1256.7485116440405, 0.0, 817.7887570959712], [0.0, 1256.7485116440403, 451.9541780095127], [0.0, 0.0, 1.0]], [[1254.9860565800168, 0.0, 829.5769333630991], [0.0, 1254.9860565800168, 467.1680561863987], [0.0, 0.0, 1.0]], [[796.8910634503094, 0.0, 857.7774326863696], [0.0, 796.8910634503094, 476.8848988407415], [0.0, 0.0, 1.0]], [[1249.9629280788233, 0.0, 825.3768045375984], [0.0, 1249.9629280788233, 462.54816385708756], [0.0, 0.0, 1.0]]], "extrinsics": [[[0.8223311305046082, -0.5685952305793762, -0.02170260064303875, -0.904296875], [-0.013086184859275818, 0.019232574850320816, -0.9997293949127197, 1.4866809844970703], [0.5688587427139282, 0.8223926424980164, 0.008374802768230438, -1.2652587890625], [0.0, 0.0, 0.0, 1.0]], [[0.010054799728095531, -0.9998342394828796, -0.015177933499217033, 0.007476806640625], [-0.011150727048516273, 0.015065645799040794, -0.9998243451118469, 1.479024887084961], [0.999887228012085, 0.010222251527011395, -0.010997396893799305, -1.634033203125], [0.0, 0.0, 0.0, 1.0]], [[-0.8441091179847717, -0.536171019077301, -0.0007318282150663435, 1.0247802734375], [-0.003146763890981674, 0.006318921223282814, -0.9999750852584839, 1.4928207397460938], [0.536162257194519, -0.8440857529640198, -0.007021063007414341, -1.23486328125], [0.0, 0.0, 0.0, 1.0]], [[0.9476838111877441, 0.3185746371746063, -0.020143263041973114, -1.1405029296875], [-0.02843739464879036, 0.021405216306447983, -0.9993663430213928, 1.5619468688964844], [-0.3179416060447693, 0.9476560354232788, 0.02934480644762516, -0.15704345703125], [0.0, 0.0, 0.0, 1.0]], [[0.009473348036408424, 0.9998621940612793, 0.013637430034577847, -0.028961181640625], [-0.02635311894118786, 0.013882945291697979, -0.9995562434196472, 1.5672340393066406], [-0.9996078014373779, 0.009109759703278542, 0.026481004431843758, 0.0133056640625], [0.0, 0.0, 0.0, 1.0]], [[-0.9236066341400146, 0.38295871019363403, 0.01713058538734913, 1.1072998046875], [-0.022188639268279076, -0.008794346824288368, -0.9997150897979736, 1.5465431213378906], [-0.3826988935470581, -0.923723578453064, 0.01661984995007515, -0.0650634765625], [0.0, 0.0, 0.0, 1.0]]], "view": [[0.0, -2.0, 100.0], [-2.0, 0.0, 100.0], [0.0, 0.0, 1.0]], "bev": "bev_a026c0f4b1de4c2fa0123a3954783193.png", "aux": "aux_a026c0f4b1de4c2fa0123a3954783193.npz", "visibility": "visibility_a026c0f4b1de4c2fa0123a3954783193.png", "pose": [[0.4573078751564026, -0.8893084526062012, 0.0, 1180.918212890625], [0.8893084526062012, 0.4573078751564026, 0.0, 1648.146728515625], [0.0, 0.0, 1.0, 0.0], [0.0, 0.0, 0.0, 1.0]], "pose_inverse": [[0.4573078751564026, 0.8893084526062012, 0.0, -2005.7540283203125], [-0.8893084526062012, 0.4573078751564026, 0.0, 296.49005126953125], [0.0, 0.0, 1.0, 0.0], [0.0, 0.0, 0.0, 1.0]], "cam_ids": [0, 1, 2, 3, 4, 5], "cam_channels": ["CAM_FRONT_LEFT", "CAM_FRONT", "CAM_FRONT_RIGHT", "CAM_BACK_LEFT", "CAM_BACK", "CAM_BACK_RIGHT"], "token": "a026c0f4b1de4c2fa0123a3954783193", "scene": "scene-0889"}, {"images": ["samples/CAM_FRONT_LEFT/n008-2018-09-18-14-54-39-0400__CAM_FRONT_LEFT__1537297517354799.jpg", "samples/CAM_FRONT/n008-2018-09-18-14-54-39-0400__CAM_FRONT__1537297517362404.jpg", "samples/CAM_FRONT_RIGHT/n008-2018-09-18-14-54-39-0400__CAM_FRONT_RIGHT__1537297517370482.jpg", "samples/CAM_BACK_LEFT/n008-2018-09-18-14-54-39-0400__CAM_BACK_LEFT__1537297517397405.jpg", "samples/CAM_BACK/n008-2018-09-18-14-54-39-0400__CAM_BACK__1537297517387558.jpg", "samples/CAM_BACK_RIGHT/n008-2018-09-18-14-54-39-0400__CAM_BACK_RIGHT__1537297517378113.jpg"], "intrinsics": [[[1257.8625342125129, 0.0, 827.2410631095686], [0.0, 1257.8625342125129, 450.915498205774], [0.0, 0.0, 1.0]], [[1252.8131021185304, 0.0, 826.588114781398], [0.0, 1252.8131021185304, 469.9846626224581], [0.0, 0.0, 1.0]], [[1256.7485116440405, 0.0, 817.7887570959712], [0.0, 1256.7485116440403, 451.9541780095127], [0.0, 0.0, 1.0]], [[1254.9860565800168, 0.0, 829.5769333630991], [0.0, 1254.9860565800168, 467.1680561863987], [0.0, 0.0, 1.0]], [[796.8910634503094, 0.0, 857.7774326863696], [0.0, 796.8910634503094, 476.8848988407415], [0.0, 0.0, 1.0]], [[1249.9629280788233, 0.0, 825.3768045375984], [0.0, 1249.9629280788233, 462.54816385708756], [0.0, 0.0, 1.0]]], "extrinsics": [[[0.8222538828849792, -0.5686995387077332, -0.021894218400120735, -0.9283447265625], [-0.011292093433439732, 0.02216017059981823, -0.9996906518936157, 1.4872150421142578], [0.5690088868141174, 0.8222467303276062, 0.01179947517812252, -1.28228759765625], [0.0, 0.0, 0.0, 1.0]], [[0.00987519882619381, -0.9997870922088623, -0.018116503953933716, 0.007598876953125], [-0.009352918714284897, 0.01802424155175686, -0.9997938275337219, 1.4794273376464844], [0.9999074935913086, 0.010042603127658367, -0.00917293131351471, -1.658935546875], [0.0, 0.0, 0.0, 1.0]], [[-0.8442164659500122, -0.5359885096549988, -0.0038622200954705477, 1.04150390625], [-0.0013352062087506056, 0.009308505803346634, -0.9999557733535767, 1.4929823875427246], [0.5360007882118225, -0.8441739678382874, -0.008574049919843674, -1.2449951171875], [0.0, 0.0, 0.0, 1.0]], [[0.9477254152297974, 0.3186051845550537, -0.017530620098114014, -1.14111328125], [-0.026696015149354935, 0.024423176422715187, -0.9993451833724976, 1.5619659423828125], [-0.3179684579372406, 0.9475728869438171, 0.03165195509791374, -0.15716552734375], [0.0, 0.0, 0.0, 1.0]], [[0.009559516794979572, 0.9998151063919067, 0.016681667417287827, -0.029022216796875], [-0.024553904309868813, 0.016912100836634636, -0.9995554089546204, 1.5674819946289062], [-0.9996528029441833, 0.009145667776465416, 0.024711037054657936, 0.0211181640625], [0.0, 0.0, 0.0, 1.0]], [[-0.9235649108886719, 0.38308185338974, 0.01661488227546215, 1.1207275390625], [-0.020380899310112, -0.0057740360498428345, -0.9997756481170654, 1.5469436645507812], [-0.3828999698162079, -0.9236963391304016, 0.01314025092869997, -0.059234619140625], [0.0, 0.0, 0.0, 1.0]]], "view": [[0.0, -2.0, 100.0], [-2.0, 0.0, 100.0], [0.0, 0.0, 1.0]], "bev": "bev_3d6241b0262d4ab98147a98c80656aa0.png", "aux": "aux_3d6241b0262d4ab98147a98c80656aa0.npz", "visibility": "visibility_3d6241b0262d4ab98147a98c80656aa0.png", "pose": [[0.4585895240306854, -0.8886482119560242, 0.0, 1181.404541015625], [0.8886482119560242, 0.4585895240306854, 0.0, 1649.06591796875], [0.0, 0.0, 1.0, 0.0], [0.0, 0.0, 0.0, 1.0]], "pose_inverse": [[0.4585895240306854, 0.8886482119560242, 0.0, -2007.21923828125], [-0.8886482119560242, 0.4585895240306854, 0.0, 293.60870361328125], [0.0, 0.0, 1.0, 0.0], [0.0, 0.0, 0.0, 1.0]], "cam_ids": [0, 1, 2, 3, 4, 5], "cam_channels": ["CAM_FRONT_LEFT", "CAM_FRONT", "CAM_FRONT_RIGHT", "CAM_BACK_LEFT", "CAM_BACK", "CAM_BACK_RIGHT"], "token": "3d6241b0262d4ab98147a98c80656aa0", "scene": "scene-0889"}, {"images": ["samples/CAM_FRONT_LEFT/n008-2018-09-18-14-54-39-0400__CAM_FRONT_LEFT__1537297517854799.jpg", "samples/CAM_FRONT/n008-2018-09-18-14-54-39-0400__CAM_FRONT__1537297517862404.jpg", "samples/CAM_FRONT_RIGHT/n008-2018-09-18-14-54-39-0400__CAM_FRONT_RIGHT__1537297517870482.jpg", "samples/CAM_BACK_LEFT/n008-2018-09-18-14-54-39-0400__CAM_BACK_LEFT__1537297517897405.jpg", "samples/CAM_BACK/n008-2018-09-18-14-54-39-0400__CAM_BACK__1537297517887558.jpg", "samples/CAM_BACK_RIGHT/n008-2018-09-18-14-54-39-0400__CAM_BACK_RIGHT__1537297517878113.jpg"], "intrinsics": [[[1257.8625342125129, 0.0, 827.2410631095686], [0.0, 1257.8625342125129, 450.915498205774], [0.0, 0.0, 1.0]], [[1252.8131021185304, 0.0, 826.588114781398], [0.0, 1252.8131021185304, 469.9846626224581], [0.0, 0.0, 1.0]], [[1256.7485116440405, 0.0, 817.7887570959712], [0.0, 1256.7485116440403, 451.9541780095127], [0.0, 0.0, 1.0]], [[1254.9860565800168, 0.0, 829.5769333630991], [0.0, 1254.9860565800168, 467.1680561863987], [0.0, 0.0, 1.0]], [[796.8910634503094, 0.0, 857.7774326863696], [0.0, 796.8910634503094, 476.8848988407415], [0.0, 0.0, 1.0]], [[1249.9629280788233, 0.0, 825.3768045375984], [0.0, 1249.9629280788233, 462.54816385708756], [0.0, 0.0, 1.0]]], "extrinsics": [[[0.8223783373832703, -0.5685694813728333, -0.02056089974939823, -0.9429931640625], [-0.008496486581861973, 0.023861601948738098, -0.9996791481971741, 1.4876384735107422], [0.5688776969909668, 0.822289228439331, 0.014792419970035553, -1.29144287109375], [0.0, 0.0, 0.0, 1.0]], [[0.01000247336924076, -0.9997542500495911, -0.01978604681789875, 0.006500244140625], [-0.006489615421742201, 0.01972171850502491, -0.9997844696044922, 1.4797554016113281], [0.9999289512634277, 0.010128742083907127, -0.006290751975029707, -1.673095703125], [0.0, 0.0, 0.0, 1.0]], [[-0.8441751599311829, -0.5360184907913208, -0.007253469433635473, 1.0504150390625], [0.0016089993296191096, 0.010997279547154903, -0.9999381899833679, 1.493146300315857], [0.5360652208328247, -0.8441346883773804, -0.008421177975833416, -1.2515869140625], [0.0, 0.0, 0.0, 1.0]], [[0.9477795958518982, 0.3186197578907013, -0.013981034979224205, -1.1427001953125], [-0.023517334833741188, 0.02610272914171219, -0.9993826150894165, 1.56201171875], [-0.3180581033229828, 0.9475231766700745, 0.03223272040486336, -0.15643310546875], [0.0, 0.0, 0.0, 1.0]], [[0.009489497169852257, 0.9997857213020325, 0.018398117274045944, -0.028839111328125], [-0.02149231918156147, 0.01859861984848976, -0.9995959401130676, 1.5676651000976562], [-0.9997240304946899, 0.009090268984436989, 0.021664205938577652, 0.0260009765625], [0.0, 0.0, 0.0, 1.0]], [[-0.9236247539520264, 0.3830244243144989, 0.014475165866315365, 1.1287841796875], [-0.017368018627166748, -0.004095482639968395, -0.9998407959938049, 1.5472145080566406], [-0.3829041123390198, -0.9237291216850281, 0.010435063391923904, -0.05670166015625], [0.0, 0.0, 0.0, 1.0]]], "view": [[0.0, -2.0, 100.0], [-2.0, 0.0, 100.0], [0.0, 0.0, 1.0]], "bev": "bev_82f71ecc44d643dba4ecbca76c14fd7c.png", "aux": "aux_82f71ecc44d643dba4ecbca76c14fd7c.npz", "visibility": "visibility_82f71ecc44d643dba4ecbca76c14fd7c.png", "pose": [[0.4595739245414734, -0.888139545917511, 0.0, 1181.8426513671875], [0.888139545917511, 0.4595739245414734, 0.0, 1649.8885498046875], [0.0, 0.0, 1.0, 0.0], [0.0, 0.0, 0.0, 1.0]], "pose_inverse": [[0.4595739245414734, 0.888139545917511, 0.0, -2008.475341796875], [-0.888139545917511, 0.4595739245414734, 0.0, 291.39544677734375], [0.0, 0.0, 1.0, 0.0], [0.0, 0.0, 0.0, 1.0]], "cam_ids": [0, 1, 2, 3, 4, 5], "cam_channels": ["CAM_FRONT_LEFT", "CAM_FRONT", "CAM_FRONT_RIGHT", "CAM_BACK_LEFT", "CAM_BACK", "CAM_BACK_RIGHT"], "token": "82f71ecc44d643dba4ecbca76c14fd7c", "scene": "scene-0889"}, {"images": ["samples/CAM_FRONT_LEFT/n008-2018-09-18-14-54-39-0400__CAM_FRONT_LEFT__1537297518354799.jpg", "samples/CAM_FRONT/n008-2018-09-18-14-54-39-0400__CAM_FRONT__1537297518362530.jpg", "samples/CAM_FRONT_RIGHT/n008-2018-09-18-14-54-39-0400__CAM_FRONT_RIGHT__1537297518370482.jpg", "samples/CAM_BACK_LEFT/n008-2018-09-18-14-54-39-0400__CAM_BACK_LEFT__1537297518397405.jpg", "samples/CAM_BACK/n008-2018-09-18-14-54-39-0400__CAM_BACK__1537297518387558.jpg", "samples/CAM_BACK_RIGHT/n008-2018-09-18-14-54-39-0400__CAM_BACK_RIGHT__1537297518378113.jpg"], "intrinsics": [[[1257.8625342125129, 0.0, 827.2410631095686], [0.0, 1257.8625342125129, 450.915498205774], [0.0, 0.0, 1.0]], [[1252.8131021185304, 0.0, 826.588114781398], [0.0, 1252.8131021185304, 469.9846626224581], [0.0, 0.0, 1.0]], [[1256.7485116440405, 0.0, 817.7887570959712], [0.0, 1256.7485116440403, 451.9541780095127], [0.0, 0.0, 1.0]], [[1254.9860565800168, 0.0, 829.5769333630991], [0.0, 1254.9860565800168, 467.1680561863987], [0.0, 0.0, 1.0]], [[796.8910634503094, 0.0, 857.7774326863696], [0.0, 796.8910634503094, 476.8848988407415], [0.0, 0.0, 1.0]], [[1249.9629280788233, 0.0, 825.3768045375984], [0.0, 1249.9629280788233, 462.54816385708756], [0.0, 0.0, 1.0]]], "extrinsics": [[[0.8222767114639282, -0.5688016414642334, -0.018047643825411797, -0.967529296875], [-0.005825539119541645, 0.023298513144254684, -0.9997115731239319, 1.4880218505859375], [0.5690580606460571, 0.8221446871757507, 0.015844248235225677, -1.30816650390625], [0.0, 0.0, 0.0, 1.0]], [[0.009839439764618874, -0.9997660517692566, -0.019259557127952576, 0.006195068359375], [-0.0038559017702937126, 0.019222410395741463, -0.9998078346252441, 1.4800167083740234], [0.9999441504478455, 0.009911805391311646, -0.0036658623721450567, -1.697998046875], [0.0, 0.0, 0.0, 1.0]], [[-0.8442389965057373, -0.5358878970146179, -0.00919740367680788, 1.066650390625], [0.004184920806437731, 0.010568883270025253, -0.9999353289604187, 1.4931869506835938], [0.5359505414962769, -0.8442229628562927, -0.006680016405880451, -1.2620849609375], [0.0, 0.0, 0.0, 1.0]], [[0.9478020668029785, 0.31864097714424133, -0.011797968298196793, -1.1424560546875], [-0.021128911525011063, 0.025842977687716484, -0.9994426965713501, 1.56201171875], [-0.3181585371494293, 0.9475231766700745, 0.031226564198732376, -0.15667724609375], [0.0, 0.0, 0.0, 1.0]], [[0.009497605264186859, 0.9997908473014832, 0.018113622441887856, -0.02880859375], [-0.01903863623738289, 0.018291953951120377, -0.9996513724327087, 1.5678443908691406], [-0.9997736811637878, 0.00914941169321537, 0.019208384677767754, 0.0330810546875], [0.0, 0.0, 0.0, 1.0]], [[-0.9236148595809937, 0.383133202791214, 0.012016755528748035, 1.141357421875], [-0.014857824891805649, -0.004456935916095972, -0.9998797178268433, 1.5475082397460938], [-0.3830334544181824, -0.9236823320388794, 0.009809019044041634, -0.05126953125], [0.0, 0.0, 0.0, 1.0]]], "view": [[0.0, -2.0, 100.0], [-2.0, 0.0, 100.0], [0.0, 0.0, 1.0]], "bev": "bev_3fc44f137d2a4f109f28ed04f8da0d21.png", "aux": "aux_3fc44f137d2a4f109f28ed04f8da0d21.npz", "visibility": "visibility_3fc44f137d2a4f109f28ed04f8da0d21.png", "pose": [[0.46049556136131287, -0.8876619935035706, 0.0, 1182.15673828125], [0.8876619935035706, 0.46049556136131287, 0.0, 1650.4735107421875], [0.0, 0.0, 1.0, 0.0], [0.0, 0.0, 0.0, 1.0]], "pose_inverse": [[0.46049556136131287, 0.8876619935035706, 0.0, -2009.4405517578125], [-0.8876619935035706, 0.46049556136131287, 0.0, 289.3198547363281], [0.0, 0.0, 1.0, 0.0], [0.0, 0.0, 0.0, 1.0]], "cam_ids": [0, 1, 2, 3, 4, 5], "cam_channels": ["CAM_FRONT_LEFT", "CAM_FRONT", "CAM_FRONT_RIGHT", "CAM_BACK_LEFT", "CAM_BACK", "CAM_BACK_RIGHT"], "token": "3fc44f137d2a4f109f28ed04f8da0d21", "scene": "scene-0889"}, {"images": ["samples/CAM_FRONT_LEFT/n008-2018-09-18-14-54-39-0400__CAM_FRONT_LEFT__1537297518904799.jpg", "samples/CAM_FRONT/n008-2018-09-18-14-54-39-0400__CAM_FRONT__1537297518912404.jpg", "samples/CAM_FRONT_RIGHT/n008-2018-09-18-14-54-39-0400__CAM_FRONT_RIGHT__1537297518920482.jpg", "samples/CAM_BACK_LEFT/n008-2018-09-18-14-54-39-0400__CAM_BACK_LEFT__1537297518947416.jpg", "samples/CAM_BACK/n008-2018-09-18-14-54-39-0400__CAM_BACK__1537297518937558.jpg", "samples/CAM_BACK_RIGHT/n008-2018-09-18-14-54-39-0400__CAM_BACK_RIGHT__1537297518928113.jpg"], "intrinsics": [[[1257.8625342125129, 0.0, 827.2410631095686], [0.0, 1257.8625342125129, 450.915498205774], [0.0, 0.0, 1.0]], [[1252.8131021185304, 0.0, 826.588114781398], [0.0, 1252.8131021185304, 469.9846626224581], [0.0, 0.0, 1.0]], [[1256.7485116440405, 0.0, 817.7887570959712], [0.0, 1256.7485116440403, 451.9541780095127], [0.0, 0.0, 1.0]], [[1254.9860565800168, 0.0, 829.5769333630991], [0.0, 1254.9860565800168, 467.1680561863987], [0.0, 0.0, 1.0]], [[796.8910634503094, 0.0, 857.7774326863696], [0.0, 796.8910634503094, 476.8848988407415], [0.0, 0.0, 1.0]], [[1249.9629280788233, 0.0, 825.3768045375984], [0.0, 1249.9629280788233, 462.54816385708756], [0.0, 0.0, 1.0]]], "extrinsics": [[[0.8224131464958191, -0.5686286091804504, -0.017268164083361626, -0.989013671875], [-0.004388358909636736, 0.024012116715312004, -0.9997020363807678, 1.4881973266601562], [0.5688738226890564, 0.8222439289093018, 0.01725253276526928, -1.32275390625], [0.0, 0.0, 0.0, 1.0]], [[0.010049454867839813, -0.9997509717941284, -0.019924871623516083, 0.005950927734375], [-0.0024070157669484615, 0.019901635125279427, -0.9997990727424622, 1.4801158905029297], [0.9999465942382812, 0.010095424950122833, -0.0022064156364649534, -1.7191162109375], [0.0, 0.0, 0.0, 1.0]], [[-0.8441442251205444, -0.5360078811645508, -0.010775599628686905, 1.0804443359375], [0.005642978474497795, 0.011214880272746086, -0.9999211430549622, 1.4931349754333496], [0.5360864996910095, -0.8441386222839355, -0.006442296784371138, -1.2706298828125], [0.0, 0.0, 0.0, 1.0]], [[0.9478210806846619, 0.31863701343536377, -0.010286515578627586, -1.14306640625], [-0.019722862169146538, 0.02640250325202942, -0.9994567632675171, 1.5620269775390625], [-0.31819233298301697, 0.9475090503692627, 0.031309280544519424, -0.15631103515625], [0.0, 0.0, 0.0, 1.0]], [[0.009415374137461185, 0.9997804760932922, 0.018720045685768127, -0.029052734375], [-0.01761459931731224, 0.0