[{"images": ["samples/CAM_FRONT_LEFT/n015-2018-07-24-11-03-52+0800__CAM_FRONT_LEFT__1532401759604844.jpg", "samples/CAM_FRONT/n015-2018-07-24-11-03-52+0800__CAM_FRONT__1532401759612460.jpg", "samples/CAM_FRONT_RIGHT/n015-2018-07-24-11-03-52+0800__CAM_FRONT_RIGHT__1532401759620339.jpg", "samples/CAM_BACK_LEFT/n015-2018-07-24-11-03-52+0800__CAM_BACK_LEFT__1532401759647423.jpg", "samples/CAM_BACK/n015-2018-07-24-11-03-52+0800__CAM_BACK__1532401759637525.jpg", "samples/CAM_BACK_RIGHT/n015-2018-07-24-11-03-52+0800__CAM_BACK_RIGHT__1532401759627893.jpg"], "intrinsics": [[[1272.5979470598488, 0.0, 826.6154927353808], [0.0, 1272.5979470598488, 479.75165386361925], [0.0, 0.0, 1.0]], [[1266.417203046554, 0.0, 816.2670197447984], [0.0, 1266.417203046554, 491.50706579294757], [0.0, 0.0, 1.0]], [[1260.8474446004698, 0.0, 807.968244525554], [0.0, 1260.8474446004698, 495.3344268742088], [0.0, 0.0, 1.0]], [[1256.7414812095406, 0.0, 792.1125740759628], [0.0, 1256.7414812095406, 492.7757465151356], [0.0, 0.0, 1.0]], [[809.2209905677063, 0.0, 829.2196003259838], [0.0, 809.2209905677063, 481.77842384512485], [0.0, 0.0, 1.0]], [[1259.5137405846733, 0.0, 807.2529053838625], [0.0, 1259.5137405846733, 501.19579884916527], [0.0, 0.0, 1.0]]], "extrinsics": [[[0.8209419250488281, -0.5709061622619629, 0.010980034247040749, -0.5224609375], [-0.012294402346014977, -0.03689698874950409, -0.999243438243866, 1.5016610622406006], [0.5708792805671692, 0.8201858997344971, -0.03730923682451248, -0.97357177734375], [0.0, 0.0, 0.0, 1.0]], [[0.006202042568475008, -0.999147355556488, 0.04081512987613678, 0.008544921875], [-0.017346208915114403, -0.04091726988554001, -0.9990119934082031, 1.5128830671310425], [0.9998303055763245, 0.005487944930791855, -0.017585191875696182, -1.249755859375], [0.0, 0.0, 0.0, 1.0]], [[-0.8326830863952637, -0.5532857775688171, 0.02266582101583481, 0.74658203125], [-0.011478994973003864, -0.02367602474987507, -0.9996537566184998, 1.4997100830078125], [0.5536308288574219, -0.8326549530029297, 0.013363459147512913, -1.0579833984375], [0.0, 0.0, 0.0, 1.0]], [[0.9477347731590271, 0.3185082972049713, -0.018746035173535347, -1.1407470703125], [-0.0016584857366979122, -0.053835395723581314, -0.9985483884811401, 1.5885257720947266], [-0.31905514001846313, 0.9463900923728943, -0.05049343407154083, -0.10369873046875], [0.0, 0.0, 0.0, 1.0]], [[0.001980875851586461, 0.9990322589874268, -0.04393967241048813, 0.00299072265625], [-0.02755221351981163, -0.04386855289340019, -0.9986572861671448, 1.5758600234985352], [-0.9996183514595032, 0.003188877832144499, 0.027438651770353317, -0.125], [0.0, 0.0, 0.0, 1.0]], [[-0.935035228729248, 0.3542575240135193, -0.014515340328216553, 0.9036865234375], [0.004672457464039326, -0.02862415462732315, -0.9995793104171753, 1.5526256561279297], [-0.35452404618263245, -0.9347097873687744, 0.025109339505434036, -0.1514873504638672], [0.0, 0.0, 0.0, 1.0]]], "view": [[0.0, -2.0, 100.0], [-2.0, 0.0, 100.0], [0.0, 0.0, 1.0]], "bev": "bev_1dda3d57404f4057af294145ba7332f6.png", "aux": "aux_1dda3d57404f4057af294145ba7332f6.npz", "visibility": "visibility_1dda3d57404f4057af294145ba7332f6.png", "pose": [[-0.3557222783565521, 0.9345917105674744, 0.0, 1014.951416015625], [-0.9345917105674744, -0.3557222783565521, 0.0, 1105.56298828125], [0.0, 0.0, 1.0, 0.0], [0.0, 0.0, 0.0, 1.0]], "pose_inverse": [[-0.3557222783565521, -0.9345917105674744, 0.0, 1394.2908935546875], [0.9345917105674744, -0.3557222783565521, 0.0, -555.2918090820312], [0.0, 0.0, 1.0, 0.0], [0.0, 0.0, 0.0, 1.0]], "cam_ids": [0, 1, 2, 3, 4, 5], "cam_channels": ["CAM_FRONT_LEFT", "CAM_FRONT", "CAM_FRONT_RIGHT", "CAM_BACK_LEFT", "CAM_BACK", "CAM_BACK_RIGHT"], "token": "1dda3d57404f4057af294145ba7332f6", "scene": "scene-0044"}, {"images": ["samples/CAM_FRONT_LEFT/n015-2018-07-24-11-03-52+0800__CAM_FRONT_LEFT__1532401760104844.jpg", "samples/CAM_FRONT/n015-2018-07-24-11-03-52+0800__CAM_FRONT__1532401760112460.jpg", "samples/CAM_FRONT_RIGHT/n015-2018-07-24-11-03-52+0800__CAM_FRONT_RIGHT__1532401760120339.jpg", "samples/CAM_BACK_LEFT/n015-2018-07-24-11-03-52+0800__CAM_BACK_LEFT__1532401760147448.jpg", "samples/CAM_BACK/n015-2018-07-24-11-03-52+0800__CAM_BACK__1532401760137525.jpg", "samples/CAM_BACK_RIGHT/n015-2018-07-24-11-03-52+0800__CAM_BACK_RIGHT__1532401760127905.jpg"], "intrinsics": [[[1272.5979470598488, 0.0, 826.6154927353808], [0.0, 1272.5979470598488, 479.75165386361925], [0.0, 0.0, 1.0]], [[1266.417203046554, 0.0, 816.2670197447984], [0.0, 1266.417203046554, 491.50706579294757], [0.0, 0.0, 1.0]], [[1260.8474446004698, 0.0, 807.968244525554], [0.0, 1260.8474446004698, 495.3344268742088], [0.0, 0.0, 1.0]], [[1256.7414812095406, 0.0, 792.1125740759628], [0.0, 1256.7414812095406, 492.7757465151356], [0.0, 0.0, 1.0]], [[809.2209905677063, 0.0, 829.2196003259838], [0.0, 809.2209905677063, 481.77842384512485], [0.0, 0.0, 1.0]], [[1259.5137405846733, 0.0, 807.2529053838625], [0.0, 1259.5137405846733, 501.19579884916527], [0.0, 0.0, 1.0]]], "extrinsics": [[[0.8207688927650452, -0.5712491273880005, 0.003592067863792181, -0.5338134765625], [-0.011645166203379631, -0.02301774173974991, -0.999667227268219, 1.5022834539413452], [0.5711416602134705, 0.820453941822052, -0.025544535368680954, -0.986083984375], [0.0, 0.0, 0.0, 1.0]], [[0.005886418744921684, -0.9996248483657837, 0.026745717972517014, 0.0115966796875], [-0.017090607434511185, -0.026842845603823662, -0.9994935989379883, 1.5133099555969238], [0.9998365640640259, 0.005426344461739063, -0.017242206260561943, -1.2635498046875], [0.0, 0.0, 0.0, 1.0]], [[-0.8328527212142944, -0.5532945394515991, 0.014879404567182064, 0.757080078125], [-0.011623542755842209, -0.009392905049026012, -0.9998883008956909, 1.4998083114624023], [0.5533725023269653, -0.8329326510429382, 0.0013916640309616923, -1.06201171875], [0.0, 0.0, 0.0, 1.0]], [[0.9476935863494873, 0.31878694891929626, -0.015864701941609383, -1.145263671875], [-0.003583658719435334, -0.03907397389411926, -0.999229907989502, 1.5885868072509766], [-0.3191613256931305, 0.9470206499099731, -0.03588773310184479, -0.103271484375], [0.0, 0.0, 0.0, 1.0]], [[0.002143453573808074, 0.9995653033256531, -0.029403528198599815, 0.001708984375], [-0.02877974882721901, -0.029329754412174225, -0.9991554021835327, 1.5759143829345703], [-0.9995834827423096, 0.002987849758937955, 0.02870437130331993, -0.119140625], [0.0, 0.0, 0.0, 1.0]], [[-0.9349303841590881, 0.35472047328948975, -0.00885673426091671, 0.9107666015625], [0.004093194380402565, -0.014177130535244942, -0.9998911023139954, 1.552464485168457], [-0.35480743646621704, -0.93486487865448, 0.011802689172327518, -0.14671897888183594], [0.0, 0.0, 0.0, 1.0]]], "view": [[0.0, -2.0, 100.0], [-2.0, 0.0, 100.0], [0.0, 0.0, 1.0]], "bev": "bev_7422ecacc5c2448db49b6708c136a8c0.png", "aux": "aux_7422ecacc5c2448db49b6708c136a8c0.npz", "visibility": "visibility_7422ecacc5c2448db49b6708c136a8c0.png", "pose": [[-0.35358718037605286, 0.9354015588760376, 0.0, 1012.7189331054688], [-0.9354015588760376, -0.35358718037605286, 0.0, 1099.7576904296875], [0.0, 0.0, 1.0, 0.0], [0.0, 0.0, 0.0, 1.0]], "pose_inverse": [[-0.35358718037605286, -0.9354015588760376, 0.0, 1386.799560546875], [0.9354015588760376, -0.35358718037605286, 0.0, -558.4386596679688], [0.0, 0.0, 1.0, 0.0], [0.0, 0.0, 0.0, 1.0]], "cam_ids": [0, 1, 2, 3, 4, 5], "cam_channels": ["CAM_FRONT_LEFT", "CAM_FRONT", "CAM_FRONT_RIGHT", "CAM_BACK_LEFT", "CAM_BACK", "CAM_BACK_RIGHT"], "token": "7422ecacc5c2448db49b6708c136a8c0", "scene": "scene-0044"}, {"images": ["samples/CAM_FRONT_LEFT/n015-2018-07-24-11-03-52+0800__CAM_FRONT_LEFT__1532401760604844.jpg", "samples/CAM_FRONT/n015-2018-07-24-11-03-52+0800__CAM_FRONT__1532401760612460.jpg", "samples/CAM_FRONT_RIGHT/n015-2018-07-24-11-03-52+0800__CAM_FRONT_RIGHT__1532401760620339.jpg", "samples/CAM_BACK_LEFT/n015-2018-07-24-11-03-52+0800__CAM_BACK_LEFT__1532401760647423.jpg", "samples/CAM_BACK/n015-2018-07-24-11-03-52+0800__CAM_BACK__1532401760637525.jpg", "samples/CAM_BACK_RIGHT/n015-2018-07-24-11-03-52+0800__CAM_BACK_RIGHT__1532401760627893.jpg"], "intrinsics": [[[1272.5979470598488, 0.0, 826.6154927353808], [0.0, 1272.5979470598488, 479.75165386361925], [0.0, 0.0, 1.0]], [[1266.417203046554, 0.0, 816.2670197447984], [0.0, 1266.417203046554, 491.50706579294757], [0.0, 0.0, 1.0]], [[1260.8474446004698, 0.0, 807.968244525554], [0.0, 1260.8474446004698, 495.3344268742088], [0.0, 0.0, 1.0]], [[1256.7414812095406, 0.0, 792.1125740759628], [0.0, 1256.7414812095406, 492.7757465151356], [0.0, 0.0, 1.0]], [[809.2209905677063, 0.0, 829.2196003259838], [0.0, 809.2209905677063, 481.77842384512485], [0.0, 0.0, 1.0]], [[1259.5137405846733, 0.0, 807.2529053838625], [0.0, 1259.5137405846733, 501.19579884916527], [0.0, 0.0, 1.0]]], "extrinsics": [[[0.8199769258499146, -0.572391927242279, -0.002323538763448596, -0.5408935546875], [-0.012401945888996124, -0.013707681559026241, -0.999829113483429, 1.5019149780273438], [0.5722623467445374, 0.8198655247688293, -0.018338754773139954, -0.988616943359375], [0.0, 0.0, 0.0, 1.0]], [[0.004758624825626612, -0.9998372793197632, 0.017402200028300285, 0.0098876953125], [-0.017893068492412567, -0.017484745010733604, -0.9996870756149292, 1.513047218322754], [0.999828577041626, 0.0044457390904426575, -0.017973357811570168, -1.2711181640625], [0.0, 0.0, 0.0, 1.0]], [[-0.8333525657653809, -0.5526443719863892, 0.010374260134994984, 0.7628173828125], [-0.012452477589249611, 6.962015959288692e-06, -0.9999224543571472, 1.4996004104614258], [0.5526014566421509, -0.8334172368049622, -0.006887590978294611, -1.0675048828125], [0.0, 0.0, 0.0, 1.0]], [[0.9476591348648071, 0.3189796209335327, -0.013935000635683537, -1.146728515625], [-0.004684997722506523, -0.029747672379016876, -0.999546468257904, 1.5885868072509766], [-0.3192494511604309, 0.9472946524620056, -0.026696231216192245, -0.1024169921875], [0.0, 0.0, 0.0, 1.0]], [[0.002484042663127184, 0.9997984766960144, -0.019925804808735847, 0.00225830078125], [-0.029760830104351044, -0.019843129441142082, -0.9993600845336914, 1.5759468078613281], [-0.9995540380477905, 0.0030754399485886097, 0.029705535620450974, -0.11328125], [0.0, 0.0, 0.0, 1.0]], [[-0.9346844553947449, 0.355447381734848, -0.004701937083154917, 0.91845703125], [0.0032204233575612307, -0.004759580362588167, -0.999983549118042, 1.5522046089172363], [-0.3554638922214508, -0.9346842169761658, 0.003304015379399061, -0.14487457275390625], [0.0, 0.0, 0.0, 1.0]]], "view": [[0.0, -2.0, 100.0], [-2.0, 0.0, 100.0], [0.0, 0.0, 1.0]], "bev": "bev_08d37299402f4598b2ff735a48743cd3.png", "aux": "aux_08d37299402f4598b2ff735a48743cd3.npz", "visibility": "visibility_08d37299402f4598b2ff735a48743cd3.png", "pose": [[-0.3466617166996002, 0.9379902482032776, 0.0, 1010.546142578125], [-0.9379902482032776, -0.3466617166996002, 0.0, 1094.059814453125], [0.0, 0.0, 1.0, 0.0], [0.0, 0.0, 0.0, 1.0]], "pose_inverse": [[-0.3466617166996002, -0.9379902482032776, 0.0, 1376.5350341796875], [0.9379902482032776, -0.3466617166996002, 0.0, -568.61376953125], [0.0, 0.0, 1.0, 0.0], [0.0, 0.0, 0.0, 1.0]], "cam_ids": [0, 1, 2, 3, 4, 5], "cam_channels": ["CAM_FRONT_LEFT", "CAM_FRONT", "CAM_FRONT_RIGHT", "CAM_BACK_LEFT", "CAM_BACK", "CAM_BACK_RIGHT"], "token": "08d37299402f4598b2ff735a48743cd3", "scene": "scene-0044"}, {"images": ["samples/CAM_FRONT_LEFT/n015-2018-07-24-11-03-52+0800__CAM_FRONT_LEFT__1532401761154844.jpg", "samples/CAM_FRONT/n015-2018-07-24-11-03-52+0800__CAM_FRONT__1532401761162460.jpg", "samples/CAM_FRONT_RIGHT/n015-2018-07-24-11-03-52+0800__CAM_FRONT_RIGHT__1532401761170339.jpg", "samples/CAM_BACK_LEFT/n015-2018-07-24-11-03-52+0800__CAM_BACK_LEFT__1532401761197423.jpg", "samples/CAM_BACK/n015-2018-07-24-11-03-52+0800__CAM_BACK__1532401761187525.jpg", "samples/CAM_BACK_RIGHT/n015-2018-07-24-11-03-52+0800__CAM_BACK_RIGHT__1532401761177893.jpg"], "intrinsics": [[[1272.5979470598488, 0.0, 826.6154927353808], [0.0, 1272.5979470598488, 479.75165386361925], [0.0, 0.0, 1.0]], [[1266.417203046554, 0.0, 816.2670197447984], [0.0, 1266.417203046554, 491.50706579294757], [0.0, 0.0, 1.0]], [[1260.8474446004698, 0.0, 807.968244525554], [0.0, 1260.8474446004698, 495.3344268742088], [0.0, 0.0, 1.0]], [[1256.7414812095406, 0.0, 792.1125740759628], [0.0, 1256.7414812095406, 492.7757465151356], [0.0, 0.0, 1.0]], [[809.2209905677063, 0.0, 829.2196003259838], [0.0, 809.2209905677063, 481.77842384512485], [0.0, 0.0, 1.0]], [[1259.5137405846733, 0.0, 807.2529053838625], [0.0, 1259.5137405846733, 501.19579884916527], [0.0, 0.0, 1.0]]], "extrinsics": [[[0.8201297521591187, -0.5721637010574341, -0.003984261769801378, -0.5526123046875], [-0.024903884157538414, -0.028738338500261307, -0.9992766976356506, 1.4959421157836914], [0.5716354250907898, 0.8196357488632202, -0.037818264216184616, -0.99859619140625], [0.0, 0.0, 0.0, 1.0]], [[0.005493320524692535, -0.999443769454956, 0.03289170190691948, 0.0113525390625], [-0.029725035652518272, -0.03304086625576019, -0.9990118741989136, 1.508493423461914], [0.9995430111885071, 0.004510146100074053, -0.02989000827074051, -1.282958984375], [0.0, 0.0, 0.0, 1.0]], [[-0.8328177332878113, -0.5528091788291931, 0.028574855998158455, 0.77105712890625], [-0.02357744425535202, -0.016149278730154037, -0.999591588973999, 1.4962520599365234], [0.553044855594635, -0.8331512808799744, 0.00041557845543138683, -1.0709228515625], [0.0, 0.0, 0.0, 1.0]], [[0.9473593831062317, 0.3189656734466553, -0.027767755091190338, -1.1461181640625], [-0.013276131823658943, -0.04751817509531975, -0.9987821578979492, 1.5886144638061523], [-0.3198966979980469, 0.946574330329895, -0.04078216105699539, -0.10247802734375], [0.0, 0.0, 0.0, 1.0]], [[0.0017384766833856702, 0.9993024468421936, -0.03730412945151329, 0.0015869140625], [-0.03929416835308075, -0.03720710799098015, -0.9985347390174866, 1.5749778747558594], [-0.9992260932922363, 0.003201743820682168, 0.03920207545161247, -0.11083984375], [0.0, 0.0, 0.0, 1.0]], [[-0.93492591381073, 0.35484185814857483, -0.0008756209863349795, 0.9234619140625], [-0.007221715524792671, -0.021494559943675995, -0.999742865562439, 1.5498683452606201], [-0.35476940870285034, -0.9346792101860046, 0.022658387199044228, -0.14146804809570312], [0.0, 0.0, 0.0, 1.0]]], "view": [[0.0, -2.0, 100.0], [-2.0, 0.0, 100.0], [0.0, 0.0, 1.0]], "bev": "bev_0d4ff8b9b8da4d75b84e61a6392743ed.png", "aux": "aux_0d4ff8b9b8da4d75b84e61a6392743ed.npz", "visibility": "visibility_0d4ff8b9b8da4d75b84e61a6392743ed.png", "pose": [[-0.336703896522522, 0.94161057472229, 0.0, 1008.2183837890625], [-0.94161057472229, -0.336703896522522, 0.0, 1087.878662109375], [0.0, 0.0, 1.0, 0.0], [0.0, 0.0, 0.0, 1.0]], "pose_inverse": [[-0.336703896522522, -0.94161057472229, 0.0, 1363.8291015625], [0.94161057472229, -0.336703896522522, 0.0, -583.0560913085938], [0.0, 0.0, 1.0, 0.0], [0.0, 0.0, 0.0, 1.0]], "cam_ids": [0, 1, 2, 3, 4, 5], "cam_channels": ["CAM_FRONT_LEFT", "CAM_FRONT", "CAM_FRONT_RIGHT", "CAM_BACK_LEFT", "CAM_BACK", "CAM_BACK_RIGHT"], "token": "0d4ff8b9b8da4d75b84e61a6392743ed", "scene": "scene-0044"}, {"images": ["samples/CAM_FRONT_LEFT/n015-2018-07-24-11-03-52+0800__CAM_FRONT_LEFT__1532401761654844.jpg", "samples/CAM_FRONT/n015-2018-07-24-11-03-52+0800__CAM_FRONT__1532401761662460.jpg", "samples/CAM_FRONT_RIGHT/n015-2018-07-24-11-03-52+0800__CAM_FRONT_RIGHT__1532401761670339.jpg", "samples/CAM_BACK_LEFT/n015-2018-07-24-11-03-52+0800__CAM_BACK_LEFT__1532401761697423.jpg", "samples/CAM_BACK/n015-2018-07-24-11-03-52+0800__CAM_BACK__1532401761687525.jpg", "samples/CAM_BACK_RIGHT/n015-2018-07-24-11-03-52+0800__CAM_BACK_RIGHT__1532401761677893.jpg"], "intrinsics": [[[1272.5979470598488, 0.0, 826.6154927353808], [0.0, 1272.5979470598488, 479.75165386361925], [0.0, 0.0, 1.0]], [[1266.417203046554, 0.0, 816.2670197447984], [0.0, 1266.417203046554, 491.50706579294757], [0.0, 0.0, 1.0]], [[1260.8474446004698, 0.0, 807.968244525554], [0.0, 1260.8474446004698, 495.3344268742088], [0.0, 0.0, 1.0]], [[1256.7414812095406, 0.0, 792.1125740759628], [0.0, 1256.7414812095406, 492.7757465151356], [0.0, 0.0, 1.0]], [[809.2209905677063, 0.0, 829.2196003259838], [0.0, 809.2209905677063, 481.77842384512485], [0.0, 0.0, 1.0]], [[1259.5137405846733, 0.0, 807.2529053838625], [0.0, 1259.5137405846733, 501.19579884916527], [0.0, 0.0, 1.0]]], "extrinsics": [[[0.8191753029823303, -0.5734933018684387, 0.007573606446385384, -0.56982421875], [-0.009265934117138386, -0.02643633261322975, -0.9996075630187988, 1.5038378238677979], [0.5734683275222778, 0.818783700466156, -0.026969941332936287, -1.0057373046875], [0.0, 0.0, 0.0, 1.0]], [[0.0034950042609125376, -0.9995355010032654, 0.0302725862711668, 0.00836181640625], [-0.014509310945868492, -0.03032027557492256, -0.9994349479675293, 1.5148429870605469], [0.9998886585235596, 0.003053828375414014, -0.014608543366193771, -1.2965087890625], [0.0, 0.0, 0.0, 1.0]], [[-0.8339169025421143, -0.5516995787620544, 0.014496758580207825, 0.77655029296875], [-0.00880060438066721, -0.01297083217650652, -0.9998770952224731, 1.5009558200836182], [0.5518198609352112, -0.8339419960975647, 0.005961306393146515, -1.0771484375], [0.0, 0.0, 0.0, 1.0]], [[0.9476550221443176, 0.3189984858036041, -0.013780632987618446, -1.14111328125], [-0.0001226800522999838, -0.04279564321041107, -0.9990838170051575, 1.5885601043701172], [-0.3192959725856781, 0.946788489818573, -0.04051637277007103, -0.10418701171875], [0.0, 0.0, 0.0, 1.0]], [[0.0028104607481509447, 0.9994509220123291, -0.03301713988184929, 0.00250244140625], [-0.025565730407834053, -0.03293466567993164, -0.9991304874420166, 1.576486587524414], [-0.9996691346168518, 0.0036521560978144407, 0.025459127500653267, -0.1114501953125], [0.0, 0.0, 0.0, 1.0]], [[-0.9344218969345093, 0.35593193769454956, -0.012966912239789963, 0.9276123046875], [0.007077764719724655, -0.017843037843704224, -0.9998157620429993, 1.5530509948730469], [-0.3560977578163147, -0.934341549873352, 0.014153722673654556, -0.14154815673828125], [0.0, 0.0, 0.0, 1.0]]], "view": [[0.0, -2.0, 100.0], [-2.0, 0.0, 100.0], [0.0, 0.0, 1.0]], "bev": "bev_730372a7b9724bcc8a58fef54aef6d33.png", "aux": "aux_730372a7b9724bcc8a58fef54aef6d33.npz", "visibility": "visibility_730372a7b9724bcc8a58fef54aef6d33.png", "pose": [[-0.31030014157295227, 0.9506386518478394, 0.0, 1006.2953491210938], [-0.9506386518478394, -0.31030014157295227, 0.0, 1082.3599853515625], [0.0, 0.0, 1.0, 0.0], [0.0, 0.0, 0.0, 1.0]], "pose_inverse": [[-0.31030014157295227, -0.9506386518478394, 0.0, 1341.186767578125], [0.9506386518478394, -0.31030014157295227, 0.0, -620.7667846679688], [0.0, 0.0, 1.0, 0.0], [0.0, 0.0, 0.0, 1.0]], "cam_ids": [0, 1, 2, 3, 4, 5], "cam_channels": ["CAM_FRONT_LEFT", "CAM_FRONT", "CAM_FRONT_RIGHT", "CAM_BACK_LEFT", "CAM_BACK", "CAM_BACK_RIGHT"], "token": "730372a7b9724bcc8a58fef54aef6d33", "scene": "scene-0044"}, {"images": ["samples/CAM_FRONT_LEFT/n015-2018-07-24-11-03-52+0800__CAM_FRONT_LEFT__1532401762154844.jpg", "samples/CAM_FRONT/n015-2018-07-24-11-03-52+0800__CAM_FRONT__1532401762162492.jpg", "samples/CAM_FRONT_RIGHT/n015-2018-07-24-11-03-52+0800__CAM_FRONT_RIGHT__1532401762170339.jpg", "samples/CAM_BACK_LEFT/n015-2018-07-24-11-03-52+0800__CAM_BACK_LEFT__1532401762197423.jpg", "samples/CAM_BACK/n015-2018-07-24-11-03-52+0800__CAM_BACK__1532401762187525.jpg", "samples/CAM_BACK_RIGHT/n015-2018-07-24-11-03-52+0800__CAM_BACK_RIGHT__1532401762177893.jpg"], "intrinsics": [[[1272.5979470598488, 0.0, 826.6154927353808], [0.0, 1272.5979470598488, 479.75165386361925], [0.0, 0.0, 1.0]], [[1266.417203046554, 0.0, 816.2670197447984], [0.0, 1266.417203046554, 491.50706579294757], [0.0, 0.0, 1.0]], [[1260.8474446004698, 0.0, 807.968244525554], [0.0, 1260.8474446004698, 495.3344268742088], [0.0, 0.0, 1.0]], [[1256.7414812095406, 0.0, 792.1125740759628], [0.0, 1256.7414812095406, 492.7757465151356], [0.0, 0.0, 1.0]], [[809.2209905677063, 0.0, 829.2196003259838], [0.0, 809.2209905677063, 481.77842384512485], [0.0, 0.0, 1.0]], [[1259.5137405846733, 0.0, 807.2529053838625], [0.0, 1259.5137405846733, 501.19579884916527], [0.0, 0.0, 1.0]]], "extrinsics": [[[0.8191276788711548, -0.5736047029495239, -0.0027470511849969625, -0.561767578125], [-0.0193540770560503, -0.022851351648569107, -0.99955153465271, 1.4988603591918945], [0.5732845664024353, 0.8188135027885437, -0.029819762334227562, -1.0027008056640625], [0.0, 0.0, 0.0, 1.0]], [[0.0038029556162655354, -0.9996249675750732, 0.027118990197777748, 0.01007080078125], [-0.024748481810092926, -0.0272049643099308, -0.9993234872817993, 1.510634422302246], [0.9996864795684814, 0.003129295539110899, -0.024842655286192894, -1.28857421875], [0.0, 0.0, 0.0, 1.0]], [[-0.8336449861526489, -0.5518748164176941, 0.02168494276702404, 0.7706298828125], [-0.019172770902514458, -0.010322120040655136, -0.9997628927230835, 1.49761962890625], [0.5519677996635437, -0.8338630795478821, -0.001975986873731017, -1.07177734375], [0.0, 0.0, 0.0, 1.0]], [[0.9474951028823853, 0.31891196966171265, -0.02341066300868988, -1.1309814453125], [-0.010601845569908619, -0.041841164231300354, -0.999068021774292, 1.5884418487548828], [-0.31959426403045654, 0.9468603730201721, -0.03626324608922005, -0.10791015625], [0.0, 0.0, 0.0, 1.0]], [[0.0024585099890828133, 0.9995020627975464, -0.031459592282772064, 0.00189208984375], [-0.03601966053247452, -0.0313507579267025, -0.998859167098999, 1.5749664306640625], [-0.9993480443954468, 0.0035888724960386753, 0.03592464327812195, -0.12109375], [0.0, 0.0, 0.0, 1.0]], [[-0.9345619678497314, 0.35579225420951843, -0.0024454286321997643, 0.9195556640625], [-0.0033440152183175087, -0.015656065195798874, -0.9998718500137329, 1.5507140159606934], [-0.35578495264053345, -0.9344339370727539, 0.015821333974599838, -0.14373779296875], [0.0, 0.0, 0.0, 1.0]]], "view": [[0.0, -2.0, 100.0], [-2.0, 0.0, 100.0], [0.0, 0.0, 1.0]], "bev": "bev_a62a525907c149bcb9a877131aedbfe9.png", "aux": "aux_a62a525907c149bcb9a877131aedbfe9.npz", "visibility": "visibility_a62a525907c149bcb9a877131aedbfe9.png", "pose": [[-0.2798290252685547, 0.9600498676300049, 0.0, 1004.5924072265625], [-0.9600498676300049, -0.2798290252685547, 0.0, 1076.99853515625], [0.0, 0.0, 1.0, 0.0], [0.0, 0.0, 0.0, 1.0]], "pose_inverse": [[-0.2798290252685547, -0.9600498676300049, 0.0, 1315.08642578125], [0.9600498676300049, -0.2798290252685547, 0.0, -663.0833129882812], [0.0, 0.0, 1.0, 0.0], [0.0, 0.0, 0.0, 1.0]], "cam_ids": [0, 1, 2, 3, 4, 5], "cam_channels": ["CAM_FRONT_LEFT", "CAM_FRONT", "CAM_FRONT_RIGHT", "CAM_BACK_LEFT", "CAM_BACK", "CAM_BACK_RIGHT"], "token": "a62a525907c149bcb9a877131aedbfe9", "scene": "scene-0044"}, {"images": ["samples/CAM_FRONT_LEFT/n015-2018-07-24-11-03-52+0800__CAM_FRONT_LEFT__1532401762654844.jpg", "samples/CAM_FRONT/n015-2018-07-24-11-03-52+0800__CAM_FRONT__1532401762662460.jpg", "samples/CAM_FRONT_RIGHT/n015-2018-07-24-11-03-52+0800__CAM_FRONT_RIGHT__1532401762670339.jpg", "samples/CAM_BACK_LEFT/n015-2018-07-24-11-03-52+0800__CAM_BACK_LEFT__1532401762697423.jpg", "samples/CAM_BACK/n015-2018-07-24-11-03-52+0800__CAM_BACK__1532401762687525.jpg", "samples/CAM_BACK_RIGHT/n015-2018-07-24-11-03-52+0800__CAM_BACK_RIGHT__1532401762677893.jpg"], "intrinsics": [[[1272.5979470598488, 0.0, 826.6154927353808], [0.0, 1272.5979470598488, 479.75165386361925], [0.0, 0.0, 1.0]], [[1266.417203046554, 0.0, 816.2670197447984], [0.0, 1266.417203046554, 491.50706579294757], [0.0, 0.0, 1.0]], [[1260.8474446004698, 0.0, 807.968244525554], [0.0, 1260.8474446004698, 495.3344268742088], [0.0, 0.0, 1.0]], [[1256.7414812095406, 0.0, 792.1125740759628], [0.0, 1256.7414812095406, 492.7757465151356], [0.0, 0.0, 1.0]], [[809.2209905677063, 0.0, 829.2196003259838], [0.0, 809.2209905677063, 481.77842384512485], [0.0, 0.0, 1.0]], [[1259.5137405846733, 0.0, 807.2529053838625], [0.0, 1259.5137405846733, 501.19579884916527], [0.0, 0.0, 1.0]]], "extrinsics": [[[0.8195861577987671, -0.5728889107704163, 0.008761165663599968, -0.56103515625], [-0.016408724710345268, -0.03875405713915825, -0.9991140365600586, 1.5004267692565918], [0.5727208852767944, 0.818716287612915, -0.04116266220808029, -1.004547119140625], [0.0, 0.0, 0.0, 1.0]], [[0.00434758560732007, -0.9990708231925964, 0.04287946969270706, 0.01123046875], [-0.021701740100979805, -0.042964037507772446, -0.9988409280776978, 1.511946678161621], [0.9997549653053284, 0.003411970566958189, -0.02186836302280426, -1.2879638671875], [0.0, 0.0, 0.0, 1.0]], [[-0.8334546089172363, -0.5518946051597595, 0.027672354131937027, 0.77032470703125], [-0.016017721965909004, -0.025927871465682983, -0.9995354413986206, 1.4986636638641357], [0.5523557066917419, -0.83351069688797, 0.012769611552357674, -1.0709228515625], [0.0, 0.0, 0.0, 1.0]], [[0.9474684000015259, 0.3188839852809906, -0.02483142539858818, -1.12652587890625], [-0.007048893719911575, -0.05679844319820404, -0.9983607530593872, 1.5884513854980469], [-0.3197716474533081, 0.9460903406143188, -0.0515669547021389, -0.1092529296875], [0.0, 0.0, 0.0, 1.0]], [[0.0022116065956652164, 0.9989063739776611, -0.04670383781194687, 0.0018310546875], [-0.03260969743132591, -0.04660706967115402, -0.9983808994293213, 1.5753083229064941], [-0.9994656443595886, 0.0037310223560780287, 0.03247095271945, -0.124267578125], [0.0, 0.0, 0.0, 1.0]], [[-0.9346762895584106, 0.35533007979393005, -0.010987958870828152, 0.9176025390625], [-7.458992331521586e-05, -0.03110448457300663, -0.9995161294937134, 1.5515117645263672], [-0.35549992322921753, -0.9342232346534729, 0.029099129140377045, -0.14404296875], [0.0, 0.0, 0.0, 1.0]]], "view": [[0.0, -2.0, 100.0], [-2.0, 0.0, 100.0], [0.0, 0.0, 1.0]], "bev": "bev_bf8ce5c20e0945069903f474652ce37a.png", "aux": "aux_bf8ce5c20e0945069903f474652ce37a.npz", "visibility": "visibility_bf8ce5c20e0945069903f474652ce37a.png", "pose": [[-0.24854397773742676, 0.9686205983161926, 0.0, 1003.0731201171875], [-0.9686205983161926, -0.24854397773742676, 0.0, 1071.6627197265625], [0.0, 0.0, 1.0, 0.0], [0.0, 0.0, 0.0, 1.0]], "pose_inverse": [[-0.24854397773742676, -0.9686205983161926, 0.0, 1287.3424072265625], [0.9686205983161926, -0.24854397773742676, 0.0, -705.2420043945312], [0.0, 0.0, 1.0, 0.0], [0.0, 0.0, 0.0, 1.0]], "cam_ids": [0, 1, 2, 3, 4, 5], "cam_channels": ["CAM_FRONT_LEFT", "CAM_FRONT", "CAM_FRONT_RIGHT", "CAM_BACK_LEFT", "CAM_BACK", "CAM_BACK_RIGHT"], "token": "bf8ce5c20e0945069903f474652ce37a", "scene": "scene-0044"}, {"images": ["samples/CAM_FRONT_LEFT/n015-2018-07-24-11-03-52+0800__CAM_FRONT_LEFT__1532401763104844.jpg", "samples/CAM_FRONT/n015-2018-07-24-11-03-52+0800__CAM_FRONT__1532401763112460.jpg", "samples/CAM_FRONT_RIGHT/n015-2018-07-24-11-03-52+0800__CAM_FRONT_RIGHT__1532401763120339.jpg", "samples/CAM_BACK_LEFT/n015-2018-07-24-11-03-52+0800__CAM_BACK_LEFT__1532401763147423.jpg", "samples/CAM_BACK/n015-2018-07-24-11-03-52+0800__CAM_BACK__1532401763137525.jpg", "samples/CAM_BACK_RIGHT/n015-2018-07-24-11-03-52+0800__CAM_BACK_RIGHT__1532401763127893.jpg"], "intrinsics": [[[1272.5979470598488, 0.0, 826.6154927353808], [0.0, 1272.5979470598488, 479.75165386361925], [0.0, 0.0, 1.0]], [[1266.417203046554, 0.0, 816.2670197447984], [0.0, 1266.417203046554, 491.50706579294757], [0.0, 0.0, 1.0]], [[1260.8474446004698, 0.0, 807.968244525554], [0.0, 1260.8474446004698, 495.3344268742088], [0.0, 0.0, 1.0]], [[1256.7414812095406, 0.0, 792.1125740759628], [0.0, 1256.7414812095406, 492.7757465151356], [0.0, 0.0, 1.0]], [[809.2209905677063, 0.0, 829.2196003259838], [0.0, 809.2209905677063, 481.77842384512485], [0.0, 0.0, 1.0]], [[1259.5137405846733, 0.0, 807.2529053838625], [0.0, 1259.5137405846733, 501.19579884916527], [0.0, 0.0, 1.0]]], "extrinsics": [[[0.819379448890686, -0.5732296705245972, 0.0050061852671206, -0.5819091796875], [-0.008460072800517082, -0.020823989063501358, -0.9997473955154419, 1.5044169425964355], [0.5731891393661499, 0.8191300630569458, -0.021912313997745514, -1.0178680419921875], [0.0, 0.0, 0.0, 1.0]], [[0.0038654052186757326, -0.99969482421875, 0.024398360401391983, 0.0103759765625], [-0.013844255357980728, -0.024449706077575684, -0.9996051788330078, 1.515310525894165], [0.9998966455459595, 0.003526116255670786, -0.013934537768363953, -1.30810546875], [0.0, 0.0, 0.0, 1.0]], [[-0.8337392210960388, -0.552055299282074, 0.010663381777703762, 0.7828369140625], [-0.008277848362922668, -0.006813085172325373, -0.9999424815177917, 1.5011708736419678], [0.5520962476730347, -0.8337796330451965, 0.0011105082230642438, -1.0797119140625], [0.0, 0.0, 0.0, 1.0]], [[0.9478517174720764, 0.31850162148475647, -0.011565056629478931, -1.12255859375], [-0.00018081883899867535, -0.03574950620532036, -0.9993607401847839, 1.5885543823242188], [-0.31871145963668823, 0.9472479820251465, -0.03382764011621475, -0.1102294921875], [0.0, 0.0, 0.0, 1.0]], [[0.0029381378553807735, 0.9996488690376282, -0.026334216818213463, 0.00189208984375], [-0.025349827483296394, -0.0262514129281044, -0.999333918094635, 1.5762977600097656], [-0.9996743202209473, 0.003603741992264986, 0.025263797491788864, -0.1201171875], [0.0, 0.0, 0.0, 1.0]], [[-0.9344923496246338, 0.3558109402656555, -0.011074391193687916, 0.9278564453125], [0.0074948882684111595, -0.01143709011375904, -0.9999064803123474, 1.5531444549560547], [-0.35590431094169617, -0.93448805809021, 0.00802111066877842, -0.1404876708984375], [0.0, 0.0, 0.0, 1.0]]], "view": [[0.0, -2.0, 100.0], [-2.0, 0.0, 100.0], [0.0, 0.0, 1.0]], "bev": "bev_94e8fd7330684407b1aad99692e7e5ff.png", "aux": "aux_94e8fd7330684407b1aad99692e7e5ff.npz", "visibility": "visibility_94e8fd7330684407b1aad99692e7e5ff.png", "pose": [[-0.22097450494766235, 0.9752795696258545, 0.0, 1001.9105834960938], [-0.9752795696258545, -0.22097450494766235, 0.0, 1066.99169921875], [0.0, 0.0, 1.0, 0.0], [0.0, 0.0, 0.0, 1.0]], "pose_inverse": [[-0.22097450494766235, -0.9752795696258545, 0.0, 1262.011962890625], [0.9752795696258545, -0.22097450494766235, 0.0, -741.364990234375], [0.0, 0.0, 1.0, 0.0], [0.0, 0.0, 0.0, 1.0]], "cam_ids": [0, 1, 2, 3, 4, 5], "cam_channels": ["CAM_FRONT_LEFT", "CAM_FRONT", "CAM_FRONT_RIGHT", "CAM_BACK_LEFT", "CAM_BACK", "CAM_BACK_RIGHT"], "token": "94e8fd7330684407b1aad99692e7e5ff", "scene": "scene-0044"}, {"images": ["samples/CAM_FRONT_LEFT/n015-2018-07-24-11-03-52+0800__CAM_FRONT_LEFT__1532401763605237.jpg", "samples/CAM_FRONT/n015-2018-07-24-11-03-52+0800__CAM_FRONT__1532401763612460.jpg", "samples/CAM_FRONT_RIGHT/n015-2018-07-24-11-03-52+0800__CAM_FRONT_RIGHT__1532401763620339.jpg", "samples/CAM_BACK_LEFT/n015-2018-07-24-11-03-52+0800__CAM_BACK_LEFT__1532401763648269.jpg", "samples/CAM_BACK/n015-2018-07-24-11-03-52+0800__CAM_BACK__1532401763637525.jpg", "samples/CAM_BACK_RIGHT/n015-2018-07-24-11-03-52+0800__CAM_BACK_RIGHT__1532401763628544.jpg"], "intrinsics": [[[1272.5979470598488, 0.0, 826.6154927353808], [0.0, 1272.5979470598488, 479.75165386361925], [0.0, 0.0, 1.0]], [[1266.417203046554, 0.0, 816.2670197447984], [0.0, 1266.417203046554, 491.50706579294757], [0.0, 0.0, 1.0]], [[1260.8474446004698, 0.0, 807.968244525554], [0.0, 1260.8474446004698, 495.3344268742088], [0.0, 0.0, 1.0]], [[1256.7414812095406, 0.0, 792.1125740759628], [0.0, 1256.7414812095406, 492.7757465151356], [0.0, 0.0, 1.0]], [[809.2209905677063, 0.0, 829.2196003259838], [0.0, 809.2209905677063, 481.77842384512485], [0.0, 0.0, 1.0]], [[1259.5137405846733, 0.0, 807.2529053838625], [0.0, 1259.5137405846733, 501.19579884916527], [0.0, 0.0, 1.0]]], "extrinsics": [[[0.8201164603233337, -0.572193443775177, 0.0019023880595341325, -0.6031494140625], [-0.011317215859889984, -0.019544681534171104, -0.9997449517250061, 1.5034255981445312], [0.5720846652984619, 0.8198857307434082, -0.022504551336169243, -1.0353546142578125], [0.0, 0.0, 0.0, 1.0]], [[0.0049242135137319565, -0.9997122883796692, 0.02347457967698574, 0.01214599609375], [-0.016396602615714073, -0.0235524270683527, -0.999588131904602, 1.514682650566101], [0.9998533725738525, 0.004537274595350027, -0.016507862135767937, -1.328125], [0.0, 0.0, 0.0, 1.0]], [[-0.8332810401916504, -0.5527139902114868, 0.012248378247022629, 0.7967529296875], [-0.01052077766507864, -0.006297458428889513, -0.9999248385429382, 1.5006656646728516], [0.5527495741844177, -0.8333472609519958, -0.0005674271960742772, -1.08740234375], [0.0, 0.0, 0.0, 1.0]], [[0.9475926160812378, 0.31922686100006104, -0.01274861954152584, -1.134521484375], [-0.0011044359998777509, -0.036630693823099136, -0.9993282556533813, 1.5886001586914062], [-0.31947940587997437, 0.9469701647758484, -0.03435840457677841, -0.10791015625], [0.0, 0.0, 0.0, 1.0]], [[0.0023645395413041115, 0.9996426701545715, -0.02662583254277706, 0.00091552734375], [-0.026818424463272095, -0.026552937924861908, -0.9992876052856445, 1.5763463973999023], [-0.9996376037597656, 0.0030769070144742727, 0.026746056973934174, -0.1124267578125], [0.0, 0.0, 0.0, 1.0]], [[-0.9347245097160339, 0.35525327920913696, -0.009231251664459705, 0.945068359375], [0.005594802554696798, -0.01126217283308506, -0.9999209642410278, 1.5526237487792969], [-0.35532912611961365, -0.9347023367881775, 0.008539457805454731, -0.133148193359375], [0.0, 0.0, 0.0, 1.0]]], "view": [[0.0, -2.0, 100.0], [-2.0, 0.0, 100.0], [0.0, 0.0, 1.0]], "bev": "bev_9be73d55ff7348c6aee1035ec6e427af.png", "aux": "aux_9be73d55ff7348c6aee1035ec6e427af.npz", "visibility": "visibility_9be73d55ff7348c6aee1035ec6e427af.png", "pose": [[-0.20359088480472565, 0.9790560603141785, 0.0, 1000.8015747070312], [-0.9790560603141785, -0.20359088480472565, 0.0, 1062.0849609375], [0.0, 0.0, 1.0, 0.0], [0.0, 0.0, 0.0, 1.0]], "pose_inverse": [[-0.20359088480472565, -0.9790560603141785, 0.0, 1243.5947265625], [0.9790560603141785, -0.20359088480472565, 0.0, -763.6100463867188], [0.0, 0.0, 1.0, 0.0], [0.0, 0.0, 0.0, 1.0]], "cam_ids": [0, 1, 2, 3, 4, 5], "cam_channels": ["CAM_FRONT_LEFT", "CAM_FRONT", "CAM_FRONT_RIGHT", "CAM_BACK_LEFT", "CAM_BACK", "CAM_BACK_RIGHT"], "token": "9be73d55ff7348c6aee1035ec6e427af", "scene": "scene-0044"}, {"images": ["samples/CAM_FRONT_LEFT/n015-2018-07-24-11-03-52+0800__CAM_FRONT_LEFT__1532401764104844.jpg", "samples/CAM_FRONT/n015-2018-07-24-11-03-52+0800__CAM_FRONT__1532401764112460.jpg", "samples/CAM_FRONT_RIGHT/n015-2018-07-24-11-03-52+0800__CAM_FRONT_RIGHT__1532401764120339.jpg", "samples/CAM_BACK_LEFT/n015-2018-07-24-11-03-52+0800__CAM_BACK_LEFT__1532401764147423.jpg", "samples/CAM_BACK/n015-2018-07-24-11-03-52+0800__CAM_BACK__1532401764137525.jpg", "samples/CAM_BACK_RIGHT/n015-2018-07-24-11-03-52+0800__CAM_BACK_RIGHT__1532401764127893.jpg"], "intrinsics": [[[1272.5979470598488, 0.0, 826.6154927353808], [0.0, 1272.5979470598488, 479.75165386361925], [0.0, 0.0, 1.0]], [[1266.417203046554, 0.0, 816.2670197447984], [0.0, 1266.417203046554, 491.50706579294757], [0.0, 0.0, 1.0]], [[1260.8474446004698, 0.0, 807.968244525554], [0.0, 1260.8474446004698, 495.3344268742088], [0.0, 0.0, 1.0]], [[1256.7414812095406, 0.0, 792.1125740759628], [0.0, 1256.7414812095406, 492.7757465151356], [0.0, 0.0, 1.0]], [[809.2209905677063, 0.0, 829.2196003259838], [0.0, 809.2209905677063, 481.77842384512485], [0.0, 0.0, 1.0]], [[1259.5137405846733, 0.0, 807.2529053838625], [0.0, 1259.5137405846733, 501.19579884916527], [0.0, 0.0, 1.0]]], "extrinsics": [[[0.8198873996734619, -0.5725103616714478, 0.004068321082741022, -0.6229248046875], [-0.005572809837758541, -0.015085968188941479, -0.9998706579208374, 1.506025791168213], [0.5724976062774658, 0.8197587728500366, -0.015559285879135132, -1.0480422973632812], [0.0, 0.0, 0.0, 1.0]], [[0.004504041746258736, -0.9998098611831665, 0.018970852717757225, 0.01116943359375], [-0.010751090943813324, -0.019018366932868958, -0.9997613430023193, 1.516939401626587], [0.999932050704956, 0.004299009684473276, -0.010834705084562302, -1.349853515625], [0.0, 0.0, 0.0, 1.0]], [[-0.8334658741950989, -0.5525475144386292, 0.005085719749331474, 0.80987548828125], [-0.004981831647455692, -0.0016893810825422406, -0.9999861717224121, 1.5023086071014404], [0.5525484681129456, -0.8334797024726868, -0.0013446573866531253, -1.0968017578125], [0.0, 0.0, 0.0, 1.0]], [[0.9477770924568176, 0.3188741207122803, -0.006148193962872028, -1.12432861328125], [0.004120747093111277, -0.03151913732290268, -0.9994946718215942, 1.588653564453125], [-0.3189067840576172, 0.9472728967666626, -0.031187117099761963, -0.1103515625], [0.0, 0.0, 0.0, 1.0]], [[0.002733191242441535, 0.9997604489326477, -0.021717647090554237, 0.00152587890625], [-0.021488990634679794, -0.021653994917869568, -0.999534547328949, 1.5770268440246582], [-0.9997653961181641, 0.0031985933892428875, 0.021424656733870506, -0.1082763671875], [0.0, 0.0, 0.0, 1.0]], [[-0.9345883727073669, 0.35550740361213684, -0.012613891623914242, 0.94921875], [0.011004184372723103, -0.006549730896949768, -0.9999179840087891, 1.5536575317382812], [-0.35556092858314514, -0.9346505403518677, 0.0022092326544225216, -0.131866455078125], [0.0, 0.0, 0.0, 1.0]]], "view": [[0.0, -2.0, 100.0], [-2.0, 0.0, 100.0], [0.0, 0.0, 1.0]], "bev": "bev_fb254b29ff3e4d2a884e605d79d5f33b.png", "aux": "aux_fb254b29ff3e4d2a884e605d79d5f33b.npz", "visibility": "visibility_fb254b29ff3e4d2a884e605d79d5f33b.png", "pose": [[-0.18711355328559875, 0.9823383092880249, 0.0, 999.827392578125], [-0.9823383092880249, -0.18711355328559875, 0.0, 1057.4005126953125], [0.0, 0.0, 1.0, 0.0], [0.0, 0.0, 0.0, 1.0]], "pose_inverse": [[-0.18711355328559875, -0.9823383092880249, 0.0, 1225.8062744140625], [0.9823383092880249, -0.18711355328559875, 0.0, -784.3147583007812], [0.0, 0.0, 1.0, 0.0], [0.0, 0.0, 0.0, 1.0]], "cam_ids": [0, 1, 2, 3, 4, 5], "cam_channels": ["CAM_FRONT_LEFT", "CAM_FRONT", "CAM_FRONT_RIGHT", "CAM_BACK_LEFT", "CAM_BACK", "CAM_BACK_RIGHT"], "token": "fb254b29ff3e4d2a884e605d79d5f33b", "scene": "scene-0044"}, {"images": ["samples/CAM_FRONT_LEFT/n015-2018-07-24-11-03-52+0800__CAM_FRONT_LEFT__1532401764604844.jpg", "samples/CAM_FRONT/n015-2018-07-24-11-03-52+0800__CAM_FRONT__1532401764612460.jpg", "samples/CAM_FRONT_RIGHT/n015-2018-07-24-11-03-52+0800__CAM_FRONT_RIGHT__1532401764620339.jpg", "samples/CAM_BACK_LEFT/n015-2018-07-24-11-03-52+0800__CAM_BACK_LEFT__1532401764647423.jpg", "samples/CAM_BACK/n015-2018-07-24-11-03-52+0800__CAM_BACK__1532401764637525.jpg", "samples/CAM_BACK_RIGHT/n015-2018-07-24-11-03-52+0800__CAM_BACK_RIGHT__1532401764627893.jpg"], "intrinsics": [[[1272.5979470598488, 0.0, 826.6154927353808], [0.0, 1272.5979470598488, 479.75165386361925], [0.0, 0.0, 1.0]], [[1266.417203046554, 0.0, 816.2670197447984], [0.0, 1266.417203046554, 491.50706579294757], [0.0, 0.0, 1.0]], [[1260.8474446004698, 0.0, 807.968244525554], [0.0, 1260.8474446004698, 495.3344268742088], [0.0, 0.0, 1.0]], [[1256.7414812095406, 0.0, 792.1125740759628], [0.0, 1256.7414812095406, 492.7757465151356], [0.0, 0.0, 1.0]], [[809.2209905677063, 0.0, 829.2196003259838], [0.0, 809.2209905677063, 481.77842384512485], [0.0, 0.0, 1.0]], [[1259.5137405846733, 0.0, 807.2529053838625], [0.0, 1259.5137405846733, 501.19579884916527], [0.0, 0.0, 1.0]]], "extrinsics": [[[0.8201777935028076, -0.5719937682151794, 0.011469949968159199, -0.6561279296875], [-0.0003891171654686332, -0.02060627192258835, -0.9997876286506653, 1.5081806182861328], [0.5721086263656616, 0.8199991583824158, -0.017123378813266754, -1.0694026947021484], [0.0, 0.0, 0.0, 1.0]], [[0.004904135596007109, -0.9996827840805054, 0.024703441187739372, 0.00970458984375], [-0.00566848972812295, -0.024731134995818138, -0.9996780753135681, 1.51885986328125], [0.999971866607666, 0.004762499593198299, -0.005787976551800966, -1.3834228515625], [0.0, 0.0, 0.0, 1.0]], [[-0.8332398533821106, -0.5528956055641174, 0.004210993647575378, 0.83245849609375], [-1.1981147508777212e-05, -0.007597976364195347, -0.9999710917472839, 1.503662109375], [0.5529116988182068, -0.8332158923149109, 0.006324314046651125, -1.113037109375], [0.0, 0.0, 0.0, 1.0]], [[0.9477509260177612, 0.3189866244792938, -0.003957562614232302, -1.132568359375], [0.00864393636584282, -0.03807947784662247, -0.9992372989654541, 1.5886497497558594], [-0.31889402866363525, 0.9469939470291138, -0.038847167044878006, -0.1070556640625], [0.0, 0.0, 0.0, 1.0]], [[0.002551616635173559, 0.