[{"images": ["samples/CAM_FRONT_LEFT/n008-2018-05-21-11-06-59-0400__CAM_FRONT_LEFT__1526915243004917.jpg", "samples/CAM_FRONT/n008-2018-05-21-11-06-59-0400__CAM_FRONT__1526915243012465.jpg", "samples/CAM_FRONT_RIGHT/n008-2018-05-21-11-06-59-0400__CAM_FRONT_RIGHT__1526915243019956.jpg", "samples/CAM_BACK_LEFT/n008-2018-05-21-11-06-59-0400__CAM_BACK_LEFT__1526915243047295.jpg", "samples/CAM_BACK/n008-2018-05-21-11-06-59-0400__CAM_BACK__1526915243037570.jpg", "samples/CAM_BACK_RIGHT/n008-2018-05-21-11-06-59-0400__CAM_BACK_RIGHT__1526915243027813.jpg"], "intrinsics": [[[1256.4720761102153, 0.0, 759.9201772536986], [0.0, 1256.472076110215, 418.2347543062189], [0.0, 0.0, 1.0]], [[1262.8093578767177, 0.0, 786.6784634591471], [0.0, 1262.8093578767177, 437.9890946201144], [0.0, 0.0, 1.0]], [[1264.1253743585607, 0.0, 761.8659236816043], [0.0, 1264.125374358561, 415.0768894058469], [0.0, 0.0, 1.0]], [[1258.2338510172276, 0.0, 742.9036438917772], [0.0, 1258.2338510172278, 422.93240569290015], [0.0, 0.0, 1.0]], [[798.1242652672415, 0.0, 679.0081140747895], [0.0, 798.1242652672414, 419.2474525237902], [0.0, 0.0, 1.0]], [[1259.4297629105833, 0.0, 752.9541347831612], [0.0, 1259.4297629105833, 429.46398926977497], [0.0, 0.0, 1.0]]], "extrinsics": [[[0.8097703456878662, -0.5866959691047668, 0.007734751794487238, -1.0189208984375], [0.009537935256958008, -1.8514769180910662e-05, -0.9999545216560364, 1.4983482360839844], [0.586669385433197, 0.809807300567627, 0.005580875091254711, -1.320068359375], [0.0, 0.0, 0.0, 1.0]], [[-0.004638980608433485, -0.9999759197235107, 0.0051665701903402805, -0.0267333984375], [-0.00021631427807733417, -0.005165622103959322, -0.9999866485595703, 1.5129852294921875], [0.9999892115592957, -0.004640036728233099, -0.0001923450909089297, -1.691650390625], [0.0, 0.0, 0.0, 1.0]], [[-0.8110040426254272, -0.5850196480751038, -0.0049567618407309055, 1.00732421875], [0.005184140056371689, 0.0012859972193837166, -0.9999856948852539, 1.4958677291870117], [0.5850176811218262, -0.8110181093215942, 0.001989873591810465, -1.37518310546875], [0.0, 0.0, 0.0, 1.0]], [[0.9457346796989441, 0.32489699125289917, -0.005267939995974302, -1.153076171875], [-0.00772719644010067, 0.006279527209699154, -0.9999504685401917, 1.5959224700927734], [-0.3248477578163147, 0.945728600025177, 0.008449309505522251, -0.07982063293457031], [0.0, 0.0, 0.0, 1.0]], [[0.01780148223042488, 0.999841570854187, 5.802788655273616e-05, 0.00579833984375], [0.0009829201735556126, 4.0536848246119916e-05, -0.9999995827674866, 1.5395469665527344], [-0.999841034412384, 0.01780153438448906, -0.0009820436825975776, 0.109130859375], [0.0, 0.0, 0.0, 1.0]], [[-0.935011088848114, 0.3546028733253479, 0.0033298491034656763, 1.1514892578125], [-0.003950501326471567, -0.0010263336589559913, -0.9999916553497314, 1.5839366912841797], [-0.3545965254306793, -0.9350164532661438, 0.00236049247905612, -0.053466796875], [0.0, 0.0, 0.0, 1.0]]], "view": [[0.0, -2.0, 100.0], [-2.0, 0.0, 100.0], [0.0, 0.0, 1.0]], "bev": "bev_f9878012c3f6412184c294c13ba4bac3.png", "aux": "aux_f9878012c3f6412184c294c13ba4bac3.npz", "visibility": "visibility_f9878012c3f6412184c294c13ba4bac3.png", "pose": [[0.9989920258522034, -0.044888440519571304, 0.0, 2234.259765625], [0.044888440519571304, 0.9989920258522034, 0.0, 857.4061279296875], [0.0, 0.0, 1.0, 0.0], [0.0, 0.0, 0.0, 1.0]], "pose_inverse": [[0.9989920258522034, 0.044888440519571304, 0.0, -2270.495361328125], [-0.044888440519571304, 0.9989920258522034, 0.0, -756.2494506835938], [0.0, 0.0, 1.0, 0.0], [0.0, 0.0, 0.0, 1.0]], "cam_ids": [0, 1, 2, 3, 4, 5], "cam_channels": ["CAM_FRONT_LEFT", "CAM_FRONT", "CAM_FRONT_RIGHT", "CAM_BACK_LEFT", "CAM_BACK", "CAM_BACK_RIGHT"], "token": "f9878012c3f6412184c294c13ba4bac3", "scene": "scene-0161"}, {"images": ["samples/CAM_FRONT_LEFT/n008-2018-05-21-11-06-59-0400__CAM_FRONT_LEFT__1526915243504917.jpg", "samples/CAM_FRONT/n008-2018-05-21-11-06-59-0400__CAM_FRONT__1526915243512465.jpg", "samples/CAM_FRONT_RIGHT/n008-2018-05-21-11-06-59-0400__CAM_FRONT_RIGHT__1526915243519956.jpg", "samples/CAM_BACK_LEFT/n008-2018-05-21-11-06-59-0400__CAM_BACK_LEFT__1526915243547295.jpg", "samples/CAM_BACK/n008-2018-05-21-11-06-59-0400__CAM_BACK__1526915243537570.jpg", "samples/CAM_BACK_RIGHT/n008-2018-05-21-11-06-59-0400__CAM_BACK_RIGHT__1526915243527813.jpg"], "intrinsics": [[[1256.4720761102153, 0.0, 759.9201772536986], [0.0, 1256.472076110215, 418.2347543062189], [0.0, 0.0, 1.0]], [[1262.8093578767177, 0.0, 786.6784634591471], [0.0, 1262.8093578767177, 437.9890946201144], [0.0, 0.0, 1.0]], [[1264.1253743585607, 0.0, 761.8659236816043], [0.0, 1264.125374358561, 415.0768894058469], [0.0, 0.0, 1.0]], [[1258.2338510172276, 0.0, 742.9036438917772], [0.0, 1258.2338510172278, 422.93240569290015], [0.0, 0.0, 1.0]], [[798.1242652672415, 0.0, 679.0081140747895], [0.0, 798.1242652672414, 419.2474525237902], [0.0, 0.0, 1.0]], [[1259.4297629105833, 0.0, 752.9541347831612], [0.0, 1259.4297629105833, 429.46398926977497], [0.0, 0.0, 1.0]]], "extrinsics": [[[0.8097700476646423, -0.5867043733596802, 0.007100210525095463, -1.0189208984375], [0.00949002243578434, 0.0009968361118808389, -0.9999545216560364, 1.4983482360839844], [0.5866705775260925, 0.8098005056381226, 0.0063750469125807285, -1.320068359375], [0.0, 0.0, 0.0, 1.0]], [[-0.004639981780201197, -0.999980628490448, 0.004148565232753754, -0.0267333984375], [-0.00025999866193160415, -0.0041474029421806335, -0.9999914169311523, 1.51298189163208], [0.9999892115592957, -0.004641025792807341, -0.0002407491992926225, -1.69189453125], [0.0, 0.0, 0.0, 1.0]], [[-0.8110048174858093, -0.5850132703781128, -0.005539615172892809, 1.007568359375], [0.005167964845895767, 0.002304704859852791, -0.9999839663505554, 1.4958667755126953], [0.585016667842865, -0.8110204339027405, 0.0011541995918378234, -1.37530517578125], [0.0, 0.0, 0.0, 1.0]], [[0.9457350373268127, 0.32490164041519165, -0.004920255858451128, -1.153076171875], [-0.007681895978748798, 0.007217740174382925, -0.9999444484710693, 1.5959224700927734], [-0.32484808564186096, 0.9457202553749084, 0.009321930818259716, -0.0799560546875], [0.0, 0.0, 0.0, 1.0]], [[0.01780235581099987, 0.9998408555984497, 0.0010543083772063255, 0.005615234375], [0.001024044118821621, 0.0010362416505813599, -0.9999989867210388, 1.5395562648773193], [-0.9998409748077393, 0.01780342124402523, -0.0010054323356598616, 0.10888671875], [0.0, 0.0, 0.0, 1.0]], [[-0.9350106120109558, 0.3546004593372345, 0.003680679015815258, 1.1514892578125], [-0.003938643261790276, -5.704322575184051e-06, -0.9999922513961792, 1.5839347839355469], [-0.35459768772125244, -0.9350179433822632, 0.0014019780792295933, -0.0535888671875], [0.0, 0.0, 0.0, 1.0]]], "view": [[0.0, -2.0, 100.0], [-2.0, 0.0, 100.0], [0.0, 0.0, 1.0]], "bev": "bev_dee909131941447b98da1f253c64c698.png", "aux": "aux_dee909131941447b98da1f253c64c698.npz", "visibility": "visibility_dee909131941447b98da1f253c64c698.png", "pose": [[0.9989925622940063, -0.044875580817461014, 0.0, 2234.259765625], [0.044875580817461014, 0.9989925622940063, 0.0, 857.4061279296875], [0.0, 0.0, 1.0, 0.0], [0.0, 0.0, 0.0, 1.0]], "pose_inverse": [[0.9989925622940063, 0.044875580817461014, 0.0, -2270.485595703125], [-0.044875580817461014, 0.9989925622940063, 0.0, -756.2786865234375], [0.0, 0.0, 1.0, 0.0], [0.0, 0.0, 0.0, 1.0]], "cam_ids": [0, 1, 2, 3, 4, 5], "cam_channels": ["CAM_FRONT_LEFT", "CAM_FRONT", "CAM_FRONT_RIGHT", "CAM_BACK_LEFT", "CAM_BACK", "CAM_BACK_RIGHT"], "token": "dee909131941447b98da1f253c64c698", "scene": "scene-0161"}, {"images": ["samples/CAM_FRONT_LEFT/n008-2018-05-21-11-06-59-0400__CAM_FRONT_LEFT__1526915244004917.jpg", "samples/CAM_FRONT/n008-2018-05-21-11-06-59-0400__CAM_FRONT__1526915244012465.jpg", "samples/CAM_FRONT_RIGHT/n008-2018-05-21-11-06-59-0400__CAM_FRONT_RIGHT__1526915244019956.jpg", "samples/CAM_BACK_LEFT/n008-2018-05-21-11-06-59-0400__CAM_BACK_LEFT__1526915244047295.jpg", "samples/CAM_BACK/n008-2018-05-21-11-06-59-0400__CAM_BACK__1526915244037570.jpg", "samples/CAM_BACK_RIGHT/n008-2018-05-21-11-06-59-0400__CAM_BACK_RIGHT__1526915244027813.jpg"], "intrinsics": [[[1256.4720761102153, 0.0, 759.9201772536986], [0.0, 1256.472076110215, 418.2347543062189], [0.0, 0.0, 1.0]], [[1262.8093578767177, 0.0, 786.6784634591471], [0.0, 1262.8093578767177, 437.9890946201144], [0.0, 0.0, 1.0]], [[1264.1253743585607, 0.0, 761.8659236816043], [0.0, 1264.125374358561, 415.0768894058469], [0.0, 0.0, 1.0]], [[1258.2338510172276, 0.0, 742.9036438917772], [0.0, 1258.2338510172278, 422.93240569290015], [0.0, 0.0, 1.0]], [[798.1242652672415, 0.0, 679.0081140747895], [0.0, 798.1242652672414, 419.2474525237902], [0.0, 0.0, 1.0]], [[1259.4297629105833, 0.0, 752.9541347831612], [0.0, 1259.4297629105833, 429.46398926977497], [0.0, 0.0, 1.0]]], "extrinsics": [[[0.8097707629203796, -0.5866985321044922, 0.007498661056160927, -1.018798828125], [0.009425001218914986, 0.0002279920590808615, -0.9999555945396423, 1.4983501434326172], [0.5866707563400269, 0.8098054528236389, 0.005714255850762129, -1.3199462890625], [0.0, 0.0, 0.0, 1.0]], [[-0.004639386665076017, -0.999977171421051, 0.004913581535220146, -0.0267333984375], [-0.0003187012916896492, -0.00491215568035841, -0.9999879002571106, 1.512984275817871], [0.9999892115592957, -0.004640903789550066, -0.0002959049306809902, -1.691650390625], [0.0, 0.0, 0.0, 1.0]], [[-0.8110048770904541, -0.5850178003311157, -0.0050395396538078785, 1.0078125], [0.005112908314913511, 0.0015262365341186523, -0.9999857544898987, 1.4958715438842773], [0.5850171446800232, -0.8110190033912659, 0.0017533551435917616, -1.3751220703125], [0.0, 0.0, 0.0, 1.0]], [[0.9457346200942993, 0.3248978853225708, -0.005231184419244528, -1.1533203125], [-0.007754969410598278, 0.006473499350249767, -0.9999489784240723, 1.5959224700927734], [-0.3248474597930908, 0.9457269906997681, 0.008641785942018032, -0.07982063293457031], [0.0, 0.0, 0.0, 1.0]], [[0.01780187338590622, 0.9998414516448975, 0.0002713057037908584, 0.0057373046875], [0.0009434547973796725, 0.0002545506868045777, -0.9999995231628418, 1.5395522117614746], [-0.9998410940170288, 0.017802122980356216, -0.0009387732134200633, 0.109130859375], [0.0, 0.0, 0.0, 1.0]], [[-0.9350106716156006, 0.3546026647090912, 0.0034641041420400143, 1.1513671875], [-0.004006481729447842, -0.0007953360909596086, -0.9999916553497314, 1.5839366912841797], [-0.35459697246551514, -0.9350167512893677, 0.0021643568761646748, -0.053466796875], [0.0, 0.0, 0.0, 1.0]]], "view": [[0.0, -2.0, 100.0], [-2.0, 0.0, 100.0], [0.0, 0.0, 1.0]], "bev": "bev_740c5e1c018845afb64a2a55d88d9ca1.png", "aux": "aux_740c5e1c018845afb64a2a55d88d9ca1.npz", "visibility": "visibility_740c5e1c018845afb64a2a55d88d9ca1.png", "pose": [[0.9989921450614929, -0.04488585889339447, 0.0, 2234.259765625], [0.04488585889339447, 0.9989921450614929, 0.0, 857.4061279296875], [0.0, 0.0, 1.0, 0.0], [0.0, 0.0, 0.0, 1.0]], "pose_inverse": [[0.9989921450614929, 0.04488585889339447, 0.0, -2270.493408203125], [-0.04488585889339447, 0.9989921450614929, 0.0, -756.2553100585938], [0.0, 0.0, 1.0, 0.0], [0.0, 0.0, 0.0, 1.0]], "cam_ids": [0, 1, 2, 3, 4, 5], "cam_channels": ["CAM_FRONT_LEFT", "CAM_FRONT", "CAM_FRONT_RIGHT", "CAM_BACK_LEFT", "CAM_BACK", "CAM_BACK_RIGHT"], "token": "740c5e1c018845afb64a2a55d88d9ca1", "scene": "scene-0161"}, {"images": ["samples/CAM_FRONT_LEFT/n008-2018-05-21-11-06-59-0400__CAM_FRONT_LEFT__1526915244504917.jpg", "samples/CAM_FRONT/n008-2018-05-21-11-06-59-0400__CAM_FRONT__1526915244512465.jpg", "samples/CAM_FRONT_RIGHT/n008-2018-05-21-11-06-59-0400__CAM_FRONT_RIGHT__1526915244519956.jpg", "samples/CAM_BACK_LEFT/n008-2018-05-21-11-06-59-0400__CAM_BACK_LEFT__1526915244547295.jpg", "samples/CAM_BACK/n008-2018-05-21-11-06-59-0400__CAM_BACK__1526915244537570.jpg", "samples/CAM_BACK_RIGHT/n008-2018-05-21-11-06-59-0400__CAM_BACK_RIGHT__1526915244527813.jpg"], "intrinsics": [[[1256.4720761102153, 0.0, 759.9201772536986], [0.0, 1256.472076110215, 418.2347543062189], [0.0, 0.0, 1.0]], [[1262.8093578767177, 0.0, 786.6784634591471], [0.0, 1262.8093578767177, 437.9890946201144], [0.0, 0.0, 1.0]], [[1264.1253743585607, 0.0, 761.8659236816043], [0.0, 1264.125374358561, 415.0768894058469], [0.0, 0.0, 1.0]], [[1258.2338510172276, 0.0, 742.9036438917772], [0.0, 1258.2338510172278, 422.93240569290015], [0.0, 0.0, 1.0]], [[798.1242652672415, 0.0, 679.0081140747895], [0.0, 798.1242652672414, 419.2474525237902], [0.0, 0.0, 1.0]], [[1259.4297629105833, 0.0, 752.9541347831612], [0.0, 1259.4297629105833, 429.46398926977497], [0.0, 0.0, 1.0]]], "extrinsics": [[[0.8097715973854065, -0.5866928100585938, 0.007844120264053345, -1.018798828125], [0.00935986079275608, -0.0004507093981374055, -0.9999561309814453, 1.4983501434326172], [0.5866705179214478, 0.8098094463348389, 0.005126390140503645, -1.3201904296875], [0.0, 0.0, 0.0, 1.0]], [[-0.00463850237429142, -0.9999735951423645, 0.00559241371229291, -0.02667236328125], [-0.00037067048833705485, -0.0055907536298036575, -0.9999843239784241, 1.5129833221435547], [0.9999891519546509, -0.004640501458197832, -0.0003447258786763996, -1.69189453125], [0.0, 0.0, 0.0, 1.0]], [[-0.8110048174858093, -0.5850215554237366, -0.004589305259287357, 1.00732421875], [0.005046574864536524, 0.0008486030274070799, -0.9999868869781494, 1.4958724975585938], [0.5850178003311157, -0.8110172152519226, 0.002264132024720311, -1.37518310546875], [0.0, 0.0, 0.0, 1.0]], [[0.9457343220710754, 0.324894517660141, -0.005496911238878965, -1.153564453125], [-0.007816019468009472, 0.005833364557474852, -0.9999524354934692, 1.595921516418457], [-0.3248469829559326, 0.9457322359085083, 0.008056195452809334, -0.07988929748535156], [0.0, 0.0, 0.0, 1.0]], [[0.017801567912101746, 0.9998413920402527, -0.0003863464808091521, 0.00567626953125], [0.0008836197666823864, -0.0004021399363409728, -0.9999995231628418, 1.5395536422729492], [-0.9998410940170288, 0.01780121773481369, -0.0008906392031349242, 0.109130859375], [0.0, 0.0, 0.0, 1.0]], [[-0.9350106120109558, 0.35460442304611206, 0.0032937012147158384, 1.1513671875], [-0.004079521168023348, -0.0014684719499200583, -0.9999905824661255, 1.583937644958496], [-0.3545962870121002, -0.9350152611732483, 0.002819653833284974, -0.0535888671875], [0.0, 0.0, 0.0, 1.0]]], "view": [[0.0, -2.0, 100.0], [-2.0, 0.0, 100.0], [0.0, 0.0, 1.0]], "bev": "bev_d2802e9afc14494496bb986bab20b59a.png", "aux": "aux_d2802e9afc14494496bb986bab20b59a.npz", "visibility": "visibility_d2802e9afc14494496bb986bab20b59a.png", "pose": [[0.9989917278289795, -0.044894687831401825, 0.0, 2234.259765625], [0.044894687831401825, 0.9989917278289795, 0.0, 857.4061279296875], [0.0, 0.0, 1.0, 0.0], [0.0, 0.0, 0.0, 1.0]], "pose_inverse": [[0.9989917278289795, 0.044894687831401825, 0.0, -2270.5], [-0.044894687831401825, 0.9989917278289795, 0.0, -756.2352294921875], [0.0, 0.0, 1.0, 0.0], [0.0, 0.0, 0.0, 1.0]], "cam_ids": [0, 1, 2, 3, 4, 5], "cam_channels": ["CAM_FRONT_LEFT", "CAM_FRONT", "CAM_FRONT_RIGHT", "CAM_BACK_LEFT", "CAM_BACK", "CAM_BACK_RIGHT"], "token": "d2802e9afc14494496bb986bab20b59a", "scene": "scene-0161"}, {"images": ["samples/CAM_FRONT_LEFT/n008-2018-05-21-11-06-59-0400__CAM_FRONT_LEFT__1526915245004917.jpg", "samples/CAM_FRONT/n008-2018-05-21-11-06-59-0400__CAM_FRONT__1526915245012465.jpg", "samples/CAM_FRONT_RIGHT/n008-2018-05-21-11-06-59-0400__CAM_FRONT_RIGHT__1526915245019956.jpg", "samples/CAM_BACK_LEFT/n008-2018-05-21-11-06-59-0400__CAM_BACK_LEFT__1526915245047295.jpg", "samples/CAM_BACK/n008-2018-05-21-11-06-59-0400__CAM_BACK__1526915245037570.jpg", "samples/CAM_BACK_RIGHT/n008-2018-05-21-11-06-59-0400__CAM_BACK_RIGHT__1526915245027813.jpg"], "intrinsics": [[[1256.4720761102153, 0.0, 759.9201772536986], [0.0, 1256.472076110215, 418.2347543062189], [0.0, 0.0, 1.0]], [[1262.8093578767177, 0.0, 786.6784634591471], [0.0, 1262.8093578767177, 437.9890946201144], [0.0, 0.0, 1.0]], [[1264.1253743585607, 0.0, 761.8659236816043], [0.0, 1264.125374358561, 415.0768894058469], [0.0, 0.0, 1.0]], [[1258.2338510172276, 0.0, 742.9036438917772], [0.0, 1258.2338510172278, 422.93240569290015], [0.0, 0.0, 1.0]], [[798.1242652672415, 0.0, 679.0081140747895], [0.0, 798.1242652672414, 419.2474525237902], [0.0, 0.0, 1.0]], [[1259.4297629105833, 0.0, 752.9541347831612], [0.0, 1259.4297629105833, 429.46398926977497], [0.0, 0.0, 1.0]]], "extrinsics": [[[0.8097719550132751, -0.586699903011322, 0.00725784944370389, -1.018798828125], [0.009318663738667965, 0.0004916645120829344, -0.999956488609314, 1.4983501434326172], [0.5866708159446716, 0.8098042607307434, 0.005865396466106176, -1.3199462890625], [0.0, 0.0, 0.0, 1.0]], [[-0.004638355690985918, -0.9999784231185913, 0.0046481541357934475, -0.0267333984375], [-0.0004078722558915615, -0.004646311979740858, -0.9999891519546509, 1.5129847526550293], [0.9999890923500061, -0.0046401964500546455, -0.0003863120509777218, -1.691650390625], [0.0, 0.0, 0.0, 1.0]], [[-0.8110049962997437, -0.5850168466567993, -0.005121342837810516, 1.00732421875], [0.005017400719225407, 0.0017984635196626186, -0.9999858140945435, 1.4958667755126953], [0.585017740726471, -0.8110191226005554, 0.0014767016982659698, -1.37518310546875], [0.0, 0.0, 0.0, 1.0]], [[0.9457338452339172, 0.3248996138572693, -0.005256562028080225, -1.153564453125], [-0.007883623242378235, 0.006769882049411535, -0.9999459981918335, 1.5959234237670898], [-0.32484644651412964, 0.9457243084907532, 0.008963893167674541, -0.07974624633789062], [0.0, 0.0, 0.0, 1.0]], [[0.01780162751674652, 0.9998413324356079, 0.0005577015108428895, 0.0057373046875], [0.0008233983535319567, 0.0005431295721791685, -0.9999995231628418, 1.53955078125], [-0.9998411536216736, 0.017802080139517784, -0.0008135983953252435, 0.109130859375], [0.0, 0.0, 0.0, 1.0]], [[-0.9350104928016663, 0.35460126399993896, 0.0036642684135586023, 1.151123046875], [-0.00411496264860034, -0.0005169066716916859, -0.9999913573265076, 1.5839366912841797], [-0.3545963168144226, -0.935017466545105, 0.001942484057508409, -0.0535888671875], [0.0, 0.0, 0.0, 1.0]]], "view": [[0.0, -2.0, 100.0], [-2.0, 0.0, 100.0], [0.0, 0.0, 1.0]], "bev": "bev_234549a607b046539a1a57ac8718edb7.png", "aux": "aux_234549a607b046539a1a57ac8718edb7.npz", "visibility": "visibility_234549a607b046539a1a57ac8718edb7.png", "pose": [[0.9989923238754272, -0.04488154128193855, 0.0, 2234.259765625], [0.04488154128193855, 0.9989923238754272, 0.0, 857.4061279296875], [0.0, 0.0, 1.0, 0.0], [0.0, 0.0, 0.0, 1.0]], "pose_inverse": [[0.9989923238754272, 0.04488154128193855, 0.0, -2270.489990234375], [-0.04488154128193855, 0.9989923238754272, 0.0, -756.26513671875], [0.0, 0.0, 1.0, 0.0], [0.0, 0.0, 0.0, 1.0]], "cam_ids": [0, 1, 2, 3, 4, 5], "cam_channels": ["CAM_FRONT_LEFT", "CAM_FRONT", "CAM_FRONT_RIGHT", "CAM_BACK_LEFT", "CAM_BACK", "CAM_BACK_RIGHT"], "token": "234549a607b046539a1a57ac8718edb7", "scene": "scene-0161"}, {"images": ["samples/CAM_FRONT_LEFT/n008-2018-05-21-11-06-59-0400__CAM_FRONT_LEFT__1526915245504917.jpg", "samples/CAM_FRONT/n008-2018-05-21-11-06-59-0400__CAM_FRONT__1526915245512465.jpg", "samples/CAM_FRONT_RIGHT/n008-2018-05-21-11-06-59-0400__CAM_FRONT_RIGHT__1526915245519956.jpg", "samples/CAM_BACK_LEFT/n008-2018-05-21-11-06-59-0400__CAM_BACK_LEFT__1526915245547295.jpg", "samples/CAM_BACK/n008-2018-05-21-11-06-59-0400__CAM_BACK__1526915245537570.jpg", "samples/CAM_BACK_RIGHT/n008-2018-05-21-11-06-59-0400__CAM_BACK_RIGHT__1526915245527813.jpg"], "intrinsics": [[[1256.4720761102153, 0.0, 759.9201772536986], [0.0, 1256.472076110215, 418.2347543062189], [0.0, 0.0, 1.0]], [[1262.8093578767177, 0.0, 786.6784634591471], [0.0, 1262.8093578767177, 437.9890946201144], [0.0, 0.0, 1.0]], [[1264.1253743585607, 0.0, 761.8659236816043], [0.0, 1264.125374358561, 415.0768894058469], [0.0, 0.0, 1.0]], [[1258.2338510172276, 0.0, 742.9036438917772], [0.0, 1258.2338510172278, 422.93240569290015], [0.0, 0.0, 1.0]], [[798.1242652672415, 0.0, 679.0081140747895], [0.0, 798.1242652672414, 419.2474525237902], [0.0, 0.0, 1.0]], [[1259.4297629105833, 0.0, 752.9541347831612], [0.0, 1259.4297629105833, 429.46398926977497], [0.0, 0.0, 1.0]]], "extrinsics": [[[0.8097712993621826, -0.5866947770118713, 0.007729664910584688, -1.0186767578125], [0.009414620697498322, -0.0001800466561689973, -0.9999557137489319, 1.4983406066894531], [0.5866701602935791, 0.8098081350326538, 0.0053777145221829414, -1.320068359375], [0.0, 0.0, 0.0, 1.0]], [[-0.0046387929469347, -0.9999750852584839, 0.00531340716406703, -0.02667236328125], [-0.00032704693148843944, -0.005311946850270033, -0.9999858736991882, 1.512984275817871], [0.9999891519546509, -0.004640472121536732, -0.0003023974131792784, -1.691650390625], [0.0, 0.0, 0.0, 1.0]], [[-0.8110044598579407, -0.5850203633308411, -0.0047967215068638325, 1.007568359375], [0.0051075792871415615, 0.001118568703532219, -0.9999863505363464, 1.4958677291870117], [0.585017740726471, -0.8110177516937256, 0.002080873353406787, -1.37518310546875], [0.0, 0.0, 0.0, 1.0]], [[0.9457346796989441, 0.32489603757858276, -0.005340216215699911, -1.1533203125], [-0.00774396164342761, 0.006105879787355661, -0.9999513626098633, 1.5959196090698242], [-0.32484763860702515, 0.9457299709320068, 0.00829052459448576, -0.07993698120117188], [0.0, 0.0, 0.0, 1.0]], [[0.01780165173113346, 0.9998414516448975, -0.00010532332817092538, 0.00567626953125], [0.0009500191663391888, -0.00012225456885062158, -0.9999995827674866, 1.539553165435791], [-0.9998409748077393, 0.017801543697714806, -0.0009520452003926039, 0.10888671875], [0.0, 0.0, 0.0, 1.0]], [[-0.9350108504295349, 0.35460349917411804, 0.003321872791275382, 1.1512451171875], [-0.004006010480225086, -0.0011951917549595237, -0.999991238117218, 1.5839385986328125], [-0.35459643602371216, -0.9350159764289856, 0.00253806309774518, -0.0535888671875], [0.0, 0.0, 0.0, 1.0]]], "view": [[0.0, -2.0, 100.0], [-2.0, 0.0, 100.0], [0.0, 0.0, 1.0]], "bev": "bev_298ae5c93bdf4694a8574444b0153894.png", "aux": "aux_298ae5c93bdf4694a8574444b0153894.npz", "visibility": "visibility_298ae5c93bdf4694a8574444b0153894.png", "pose": [[0.9989919066429138, -0.0448908656835556, 0.0, 2234.259765625], [0.0448908656835556, 0.9989919066429138, 0.0, 857.4061279296875], [0.0, 0.0, 1.0, 0.0], [0.0, 0.0, 0.0, 1.0]], "pose_inverse": [[0.9989919066429138, 0.0448908656835556, 0.0, -2270.4970703125], [-0.0448908656835556, 0.9989919066429138, 0.0, -756.243896484375], [0.0, 0.0, 1.0, 0.0], [0.0, 0.0, 0.0, 1.0]], "cam_ids": [0, 1, 2, 3, 4, 5], "cam_channels": ["CAM_FRONT_LEFT", "CAM_FRONT", "CAM_FRONT_RIGHT", "CAM_BACK_LEFT", "CAM_BACK", "CAM_BACK_RIGHT"], "token": "298ae5c93bdf4694a8574444b0153894", "scene": "scene-0161"}, {"images": ["samples/CAM_FRONT_LEFT/n008-2018-05-21-11-06-59-0400__CAM_FRONT_LEFT__1526915246004917.jpg", "samples/CAM_FRONT/n008-2018-05-21-11-06-59-0400__CAM_FRONT__1526915246012465.jpg", "samples/CAM_FRONT_RIGHT/n008-2018-05-21-11-06-59-0400__CAM_FRONT_RIGHT__1526915246019956.jpg", "samples/CAM_BACK_LEFT/n008-2018-05-21-11-06-59-0400__CAM_BACK_LEFT__1526915246047295.jpg", "samples/CAM_BACK/n008-2018-05-21-11-06-59-0400__CAM_BACK__1526915246037570.jpg", "samples/CAM_BACK_RIGHT/n008-2018-05-21-11-06-59-0400__CAM_BACK_RIGHT__1526915246027813.jpg"], "intrinsics": [[[1256.4720761102153, 0.0, 759.9201772536986], [0.0, 1256.472076110215, 418.2347543062189], [0.0, 0.0, 1.0]], [[1262.8093578767177, 0.0, 786.6784634591471], [0.0, 1262.8093578767177, 437.9890946201144], [0.0, 0.0, 1.0]], [[1264.1253743585607, 0.0, 761.8659236816043], [0.0, 1264.125374358561, 415.0768894058469], [0.0, 0.0, 1.0]], [[1258.2338510172276, 0.0, 742.9036438917772], [0.0, 1258.2338510172278, 422.93240569290015], [0.0, 0.0, 1.0]], [[798.1242652672415, 0.0, 679.0081140747895], [0.0, 798.1242652672414, 419.2474525237902], [0.0, 0.0, 1.0]], [[1259.4297629105833, 0.0, 752.9541347831612], [0.0, 1259.4297629105833, 429.46398926977497], [0.0, 0.0, 1.0]]], "extrinsics": [[[0.8097714185714722, -0.5867023468017578, 0.00711255194619298, -1.0189208984375], [0.009381338953971863, 0.0008258104790002108, -0.9999557137489319, 1.4983444213867188], [0.5866703391075134, 0.809802234172821, 0.006172772031277418, -1.320068359375], [0.0, 0.0, 0.0, 1.0]], [[-0.004638815764337778, -0.9999799728393555, 0.00430028373375535, -0.02679443359375], [-0.0003422040317673236, -0.0042987423948943615, -0.999990701675415, 1.5129852294921875], [0.9999892115592957, -0.004640243947505951, -0.00032225571339949965, -1.691650390625], [0.0, 0.0, 0.0, 1.0]], [[-0.8110047578811646, -0.5850147604942322, -0.005387339740991592, 1.00732421875], [0.005089110229164362, 0.002153732581064105, -0.9999847412109375, 1.4958744049072266], [0.5850174427032471, -0.811019778251648, 0.0012305164709687233, -1.37518310546875], [0.0, 0.0, 0.0, 1.0]], [[0.9457345008850098, 0.3249012529850006, -0.005045574624091387, -1.1533203125], [-0.007778805214911699, 0.007114136591553688, -0.9999444484710693, 1.5959243774414062], [-0.3248473107814789, 0.9457210898399353, 0.009255428798496723, -0.07987785339355469], [0.0, 0.0, 0.0, 1.0]], [[0.01780182123184204, 0.999841034412384, 0.0009142213966697454, 0.00567626953125], [0.0009201424545608461, 0.0008979832055047154, -0.9999992251396179, 1.5395498275756836], [-0.999841034412384, 0.01780264638364315, -0.0009040095028467476, 0.109375], [0.0, 0.0, 0.0, 1.0]], [[-0.9350104928016663, 0.3546002507209778, 0.003715535858646035, 1.1517333984375], [-0.004033245611935854, -0.00015685403195675462, -0.9999918937683105, 1.583932876586914], [-0.35459673404693604, -0.935018002986908, 0.0015768498415127397, -0.0537109375], [0.0, 0.0, 0.0, 1.0]]], "view": [[0.0, -2.0, 100.0], [-2.0, 0.0, 100.0], [0.0, 0.0, 1.0]], "bev": "bev_6f0c75b3c00f42768da57f52cb831ef4.png", "aux": "aux_6f0c75b3c00f42768da57f52cb831ef4.npz", "visibility": "visibility_6f0c75b3c00f42768da57f52cb831ef4.png", "pose": [[0.9989925026893616, -0.044876858592033386, 0.0, 2234.259765625], [0.044876858592033386, 0.9989925026893616, 0.0, 857.4061279296875], [0.0, 0.0, 1.0, 0.0], [0.0, 0.0, 0.0, 1.0]], "pose_inverse": [[0.9989925026893616, 0.044876858592033386, 0.0, -2270.486572265625], [-0.044876858592033386, 0.9989925026893616, 0.0, -756.2757568359375], [0.0, 0.0, 1.0, 0.0], [0.0, 0.0, 0.0, 1.0]], "cam_ids": [0, 1, 2, 3, 4, 5], "cam_channels": ["CAM_FRONT_LEFT", "CAM_FRONT", "CAM_FRONT_RIGHT", "CAM_BACK_LEFT", "CAM_BACK", "CAM_BACK_RIGHT"], "token": "6f0c75b3c00f42768da57f52cb831ef4", "scene": "scene-0161"}, {"images": ["samples/CAM_FRONT_LEFT/n008-2018-05-21-11-06-59-0400__CAM_FRONT_LEFT__1526915246504917.jpg", "samples/CAM_FRONT/n008-2018-05-21-11-06-59-0400__CAM_FRONT__1526915246512465.jpg", "samples/CAM_FRONT_RIGHT/n008-2018-05-21-11-06-59-0400__CAM_FRONT_RIGHT__1526915246519956.jpg", "samples/CAM_BACK_LEFT/n008-2018-05-21-11-06-59-0400__CAM_BACK_LEFT__1526915246547295.jpg", "samples/CAM_BACK/n008-2018-05-21-11-06-59-0400__CAM_BACK__1526915246537570.jpg", "samples/CAM_BACK_RIGHT/n008-2018-05-21-11-06-59-0400__CAM_BACK_RIGHT__1526915246527813.jpg"], "intrinsics": [[[1256.4720761102153, 0.0, 759.9201772536986], [0.0, 1256.472076110215, 418.2347543062189], [0.0, 0.0, 1.0]], [[1262.8093578767177, 0.0, 786.6784634591471], [0.0, 1262.8093578767177, 437.9890946201144], [0.0, 0.0, 1.0]], [[1264.1253743585607, 0.0, 761.8659236816043], [0.0, 1264.125374358561, 415.0768894058469], [0.0, 0.0, 1.0]], [[1258.2338510172276, 0.0, 742.9036438917772], [0.0, 1258.2338510172278, 422.93240569290015], [0.0, 0.0, 1.0]], [[798.1242652672415, 0.0, 679.0081140747895], [0.0, 798.1242652672414, 419.2474525237902], [0.0, 0.0, 1.0]], [[1259.4297629105833, 0.0, 752.9541347831612], [0.0, 1259.4297629105833, 429.46398926977497], [0.0, 0.0, 1.0]]], "extrinsics": [[[0.8097705841064453, -0.5866973400115967, 0.00759436609223485, -1.018798828125], [0.009446850046515465, 9.503258479526266e-05, -0.999955415725708, 1.4983463287353516], [0.5866705179214478, 0.8098062872886658, 0.005619396455585957, -1.31982421875], [0.0, 0.0, 0.0, 1.0]], [[-0.004639761056751013, -0.9999765753746033, 0.005021972581744194, -0.0267333984375], [-0.00028102347278036177, -0.005020722281187773, -0.9999873638153076, 1.5129823684692383], [0.9999891519546509, -0.004641111474484205, -0.0002577218983788043, -1.69189453125], [0.0, 0.0, 0.0, 1.0]], [[-0.8110048174858093, -0.5850181579589844, -0.004996343981474638, 1.007568359375], [0.005136685445904732, 0.0014194375835359097, -0.9999858140945435, 1.4958677291870117], [0.5850169658660889, -0.8110188841819763, 0.0018538826843723655, -1.375244140625], [0.0, 0.0, 0.0, 1.0]], [[0.9457346796989441, 0.3248971700668335, -0.005255240015685558, -1.153076171875], [-0.007740160450339317, 0.006356354337185621, -0.9999498724937439, 1.5959186553955078], [-0.3248474597930908, 0.9457279443740845, 0.008526181802153587, -0.07979202270507812], [0.0, 0.0, 0.0, 1.0]], [[0.017801979556679726, 0.9998414516448975, 0.00015784781135153025, 0.0057373046875], [0.0009592800633981824, 0.0001407929084962234, -0.9999995231628418, 1.5395491123199463], [-0.999841034412384, 0.017802126705646515, -0.0009566217195242643, 0.109130859375], [0.0, 0.0, 0.0, 1.0]], [[-0.9350106120109558, 0.35460320115089417, 0.003413267433643341, 1.1514892578125], [-0.003993368707597256, -0.0009041192824952304, -0.9999915957450867, 1.583937644958496], [-0.3545971214771271, -0.9350164532661438, 0.0022614223416894674, -0.053466796875], [0.0, 0.0, 0.0, 1.0]]], "view": [[0.0, -2.0, 100.0], [-2.0, 0.0, 100.0], [0.0, 0.0, 1.0]], "bev": "bev_e00d31c09a1440969a2fd27e24ed94d6.png", "aux": "aux_e00d31c09a1440969a2fd27e24ed94d6.npz", "visibility": "visibility_e00d31c09a1440969a2fd27e24ed94d6.png", "pose": [[0.9989920258522034, -0.04488754644989967, 0.0, 2234.259765625], [0.04488754644989967, 0.9989920258522034, 0.0, 857.4061279296875], [0.0, 0.0, 1.0, 0.0], [0.0, 0.0, 0.0, 1.0]], "pose_inverse": [[0.9989920258522034, 0.04488754644989967, 0.0, -2270.49462890625], [-0.04488754644989967, 0.9989920258522034, 0.0, -756.25146484375], [0.0, 0.0, 1.0, 0.0], [0.0, 0.0, 0.0, 1.0]], "cam_ids": [0, 1, 2, 3, 4, 5], "cam_channels": ["CAM_FRONT_LEFT", "CAM_FRONT", "CAM_FRONT_RIGHT", "CAM_BACK_LEFT", "CAM_BACK", "CAM_BACK_RIGHT"], "token": "e00d31c09a1440969a2fd27e24ed94d6", "scene": "scene-0161"}, {"images": ["samples/CAM_FRONT_LEFT/n008-2018-05-21-11-06-59-0400__CAM_FRONT_LEFT__1526915246904917.jpg", "samples/CAM_FRONT/n008-2018-05-21-11-06-59-0400__CAM_FRONT__1526915246912465.jpg", "samples/CAM_FRONT_RIGHT/n008-2018-05-21-11-06-59-0400__CAM_FRONT_RIGHT__1526915246919956.jpg", "samples/CAM_BACK_LEFT/n008-2018-05-21-11-06-59-0400__CAM_BACK_LEFT__1526915246947295.jpg", "samples/CAM_BACK/n008-2018-05-21-11-06-59-0400__CAM_BACK__1526915246937570.jpg", "samples/CAM_BACK_RIGHT/n008-2018-05-21-11-06-59-0400__CAM_BACK_RIGHT__1526915246927813.jpg"], "intrinsics": [[[1256.4720761102153, 0.0, 759.9201772536986], [0.0, 1256.472076110215, 418.2347543062189], [0.0, 0.0, 1.0]], [[1262.8093578767177, 0.0, 786.6784634591471], [0.0, 1262.8093578767177, 437.9890946201144], [0.0, 0.0, 1.0]], [[1264.1253743585607, 0.0, 761.8659236816043], [0.0, 1264.125374358561, 415.0768894058469], [0.0, 0.0, 1.0]], [[1258.2338510172276, 0.0, 742.9036438917772], [0.0, 1258.2338510172278, 422.93240569290015], [0.0, 0.0, 1.0]], [[798.1242652672415, 0.0, 679.0081140747895], [0.0, 798.1242652672414, 419.2474525237902], [0.0, 0.0, 1.0]], [[1259.4297629105833, 0.0, 752.9541347831612], [0.0, 1259.4297629105833, 429.46398926977497], [0.0, 0.0, 1.0]]], "extrinsics": [[[0.8097711801528931, -0.5867050290107727, 0.006924210116267204, -1.0189208984375], [0.009393828921020031, 0.001164045068435371, -0.9999552369117737, 1.49835205078125], [0.5866707563400269, 0.8097999095916748, 0.006454015616327524, -1.3197021484375], [0.0, 0.0, 0.0, 1.0]], [[-0.004639108665287495, -0.9999814033508301, 0.003966239746659994, -0.02667236328125], [-0.0003565147635526955, -0.003964628558605909, -0.9999920725822449, 1.512986421585083], [0.9999892711639404, -0.004640490747988224, -0.00033811654429882765, -1.691650390625], [0.0, 0.0, 0.0, 1.0]], [[-0.8110048770904541, -0.5850130915641785, -0.005542680621147156, 1.0078125], [0.005058992188423872, 0.0024610150139778852, -0.9999841451644897, 1.4958648681640625], [0.5850175619125366, -0.8110201358795166, 0.0009636813192628324, -1.3751220703125], [0.0, 0.0, 0.0, 1.0]], [[0.9457343220710754, 0.32490283250808716, -0.004993561189621687, -1.153076171875], [-0.007829662412405014, 0.007422251161187887, -0.9999417662620544, 1.5959205627441406], [-0.32484686374664307, 0.9457183480262756, 0.009563356637954712, -0.0798492431640625], [0.0, 0.0, 0.0, 1.0]], [[0.01780168153345585, 0.9998407959938049, 0.0012094555422663689, 0.00579833984375], [0.000880917243193835, 0.0011939624091610312, -0.9999988675117493, 1.539552927017212], [-0.9998410940170288, 0.017802726477384567, -0.0008595229010097682, 0.10888671875], [0.0, 0.0, 0.0, 1.0]], [[-0.935010552406311, 0.35459890961647034, 0.003854254959151149, 1.1514892578125], [-0.004071493167430162, 0.00013348610082175583, -0.9999917149543762, 1.5839385986328125], [-0.35459646582603455, -0.9350184202194214, 0.0013189362362027168, -0.053466796875], [0.0, 0.0, 0.0, 1.0]]], "view": [[0.0, -2.0, 100.0], [-2.0, 0.0, 100.0], [0.0, 0.0, 1.0]], "bev": "bev_a3c8846cb5de4a6598532eb2c4698d0f.png", "aux": "aux_a3c8846cb5de4a6598532eb2c4698d0f.npz", "visibility": "visibility_a3c8846cb5de4a6598532eb2c4698d0f.png", "pose": [[0.9989927411079407, -0.04487255960702896, 0.0, 2234.259765625], [0.04487255960702896, 0.9989927411079407, 0.0, 857.4061279296875], [0.0, 0.0, 1.0, 0.0], [0.0, 0.0, 0.0, 1.0]], "pose_inverse": [[0.9989927411079407, 0.04487255960702896, 0.0, -2270.483154296875], [-0.04487255960702896, 0.9989927411079407, 0.0, -756.2855224609375], [0.0, 0.0, 1.0, 0.0], [0.0, 0.0, 0.0, 1.0]], "cam_ids": [0, 1, 2, 3, 4, 5], "cam_channels": ["CAM_FRONT_LEFT", "CAM_FRONT", "CAM_FRONT_RIGHT", "CAM_BACK_LEFT", "CAM_BACK", "CAM_BACK_RIGHT"], "token": "a3c8846cb5de4a6598532eb2c4698d0f", "scene": "scene-0161"}, {"images": ["samples/CAM_FRONT_LEFT/n008-2018-05-21-11-06-59-0400__CAM_FRONT_LEFT__1526915247404917.jpg", "samples/CAM_FRONT/n008-2018-05-21-11-06-59-0400__CAM_FRONT__1526915247412465.jpg", "samples/CAM_FRONT_RIGHT/n008-2018-05-21-11-06-59-0400__CAM_FRONT_RIGHT__1526915247419956.jpg", "samples/CAM_BACK_LEFT/n008-2018-05-21-11-06-59-0400__CAM_BACK_LEFT__1526915247447295.jpg", "samples/CAM_BACK/n008-2018-05-21-11-06-59-0400__CAM_BACK__1526915247437570.jpg", "samples/CAM_BACK_RIGHT/n008-2018-05-21-11-06-59-0400__CAM_BACK_RIGHT__1526915247427813.jpg"], "intrinsics": [[[1256.4720761102153, 0.0, 759.9201772536986], [0.0, 1256.472076110215, 418.2347543062189], [0.0, 0.0, 1.0]], [[1262.8093578767177, 0.0, 786.6784634591471], [0.0, 1262.8093578767177, 437.9890946201144], [0.0, 0.0, 1.0]], [[1264.1253743585607, 0.0, 761.8659236816043], [0.0, 1264.125374358561, 415.0768894058469], [0.0, 0.0, 1.0]], [[1258.2338510172276, 0.0, 742.9036438917772], [0.0, 1258.2338510172278, 422.93240569290015], [0.0, 0.0, 1.0]], [[798.1242652672415, 0.0, 679.0081140747895], [0.0, 798.1242652672414, 419.2474525237902], [0.0, 0.0, 1.0]], [[1259.4297629105833, 0.0, 752.9541347831612], [0.0, 1259.4297629105833, 429.46398926977497], [0.0, 0.0, 1.0]]], "extrinsics": [[[0.8097716569900513, -0.5867002606391907, 0.007259261794388294, -1.0186767578125], [0.009310256689786911, 0.00047764627379365265, -0.9999565482139587, 1.4983482360839844], [0.5866712927818298, 0.8098040223121643, 0.005849114619195461, -1.3199462890625], [0.0, 0.0, 0.0, 1.0]], [[-0.004638911224901676, -0.9999783635139465, 0.004657099489122629, -0.02667236328125], [-0.0004202961572445929, -0.004655199591070414, -0.9999890923500061, 1.5129857063293457], [0.9999891519546509, -0.004640820901840925, -0.00039869267493486404, -1.691650390625], [0.0, 0.0, 0.0, 1.0]], [[-0.8110054731369019, -0.585016667842865, -0.005079084541648626, 1.00732421875], [0.004982186947017908, 0.0017750471597537398, -0.9999859929084778, 1.495865821838379], [0.5850175619125366, -0.8110193014144897, 0.0014750892296433449, -1.37506103515625], [0.0, 0.0, 0.0, 1.0]], [[0.9457339644432068, 0.3248991370201111, -0.0052718184888362885, -1.1533203125], [-0.007889745756983757, 0.00674075772985816, -0.9999461770057678, 1.5959224700927734], [-0.3248461186885834, 0.9457246661186218, 0.008938335813581944, -0.07993698120117188], [0.0, 0.0, 0.0, 1.0]], [[0.017801819369196892, 0.9998413324356079, 0.0005178995779715478, 0.00567626953125], [0.0008095629164017737, 0.0005035675712861121, -0.9999995827674866, 1.539553165435791], [-0.9998411536216736, 0.01780223473906517, -0.0008004696574062109, 0.109130859375], [0.0, 0.0, 0.0, 1.0]], [[-0.9350101947784424, 0.35460165143013, 0.0036822259426116943, 1.1514892578125], [-0.004146332386881113, -0.0005489806644618511, -0.9999912977218628, 1.5839385986328125], [-0.3545965552330017, -0.9350172877311707, 0.0019835990387946367, -0.0537109375], [0.0, 0.0, 0.0, 1.0]]], "view": [[0.0, -2.0, 100.0], [-2.0, 0.0, 100.0], [0.0, 0.0, 1.0]], "bev": "bev_4a7fecabf16742068d3e02c053f78ce7.png", "aux": "aux_4a7fecabf16742068d3e02c053f78ce7.npz", "visibility": "visibility_4a7fecabf16742068d3e02c053f78ce7.png", "pose": [[0.9989922642707825, -0.04488228261470795, 0.0, 2234.259765625], [0.04488228261470795, 0.9989922642707825, 0.0, 857.4061279296875], [0.0, 0.0, 1.0, 0.0], [0.0, 0.0, 0.0, 1.0]], "pose_inverse": [[0.9989922642707825, 0.04488228261470795, 0.0, -2270.49072265625], [-0.04488228261470795, 0.9989922642707825, 0.0, -756.263427734375], [0.0, 0.0, 1.0, 0.0], [0.0, 0.0, 0.0, 1.0]], "cam_ids": [0, 1, 2, 3, 4, 5], "cam_channels": ["CAM_FRONT_LEFT", "CAM_FRONT", "CAM_FRONT_RIGHT", "CAM_BACK_LEFT", "CAM_BACK", "CAM_BACK_RIGHT"], "token": "4a7fecabf16742068d3e02c053f78ce7", "scene": "scene-0161"}, {"images": ["samples/CAM_FRONT_LEFT/n008-2018-05-21-11-06-59-0400__CAM_FRONT_LEFT__1526915247854917.jpg", "samples/CAM_FRONT/n008-2018-05-21-11-06-59-0400__CAM_FRONT__1526915247862465.jpg", "samples/CAM_FRONT_RIGHT/n008-2018-05-21-11-06-59-0400__CAM_FRONT_RIGHT__1526915247869956.jpg", "samples/CAM_BACK_LEFT/n008-2018-05-21-11-06-59-0400__CAM_BACK_LEFT__1526915247897295.jpg", "samples/CAM_BACK/n008-2018-05-21-11-06-59-0400__CAM_BACK__1526915247887613.jpg", "samples/CAM_BACK_RIGHT/n008-2018-05-21-11-06-59-0400__CAM_BACK_RIGHT__1526915247877813.jpg"], "intrinsics": [[[1256.4720761102153, 0.0, 759.9201772536986], [0.0, 1256.472076110215, 418.2347543062189], [0.0, 0.0, 1.0]], [[1262.8093578767177, 0.0, 786.6784634591471], [0.0, 1262.8093578767177, 437.9890946201144], [0.0, 0.0, 1.0]], [[1264.1253743585607, 0.0, 761.8659236816043], [0.0, 1264.125374358561, 415.0768894058469], [0.0, 0.0, 1.0]], [[1258.2338510172276, 0.0, 742.9036438917772], [0.0, 1258.2338510172278, 422.93240569290015], [0.0, 0.0, 1.0]], [[798.1242652672415, 0.0, 679.0081140747895], [0.0, 798.1242652672414, 419.2474525237902], [0.0, 0.0, 1.0]], [[1259.4297629105833, 0.0, 752.9541347831612], [0.0, 1259.4297629105833, 429.46398926977497], [0.0, 0.0, 1.0]]], "extrinsics": [[[0.8097714185714722, -0.5866942405700684, 0.00775464903563261, -1.0186767578125], [0.009363509714603424, -0.0002931787457782775, -0.9999561905860901, 1.4983501434326172], [0.5866706967353821, 0.8098084330558777, 0.0052561103366315365, -1.320068359375], [0.0, 0.0, 0.0, 1.0]], [[-0.004638561978936195, -0.9999744296073914, 0.005442733410745859, -0.02679443359375], [-0.0003910167433787137, -0.005440977402031422, -0.9999851584434509, 1.5129809379577637], [0.9999890923500061, -0.004640620201826096, -0.0003657675697468221, -1.692138671875], [0.0, 0.0, 0.0, 1.0]], [[-0.8110048770904541, -0.585020899772644, -0.004661170765757561, 1.007080078125], [0.005033937748521566, 0.0009889588691294193, -0.9999868273735046, 1.4958696365356445], [0.5850178599357605, -0.811017632484436, 0.002142907353118062, -1.375], [0.0, 0.0, 0.0, 1.0]], [[0.9457341432571411, 0.3248952329158783, -0.005476472899317741, -1.1533203125], [-0.007843144237995148, 0.0059752315282821655, -0.9999513626098633, 1.5959234237670898], [-0.32484668493270874, 0.9457311034202576, 0.008199182339012623, -0.07990264892578125], [0.0, 0.0, 0.0, 1.0]], [[0.017801601439714432