[{"images": ["samples/CAM_FRONT_LEFT/n015-2018-11-14-18-57-54+0800__CAM_FRONT_LEFT__1542193581504844.jpg", "samples/CAM_FRONT/n015-2018-11-14-18-57-54+0800__CAM_FRONT__1542193581512460.jpg", "samples/CAM_FRONT_RIGHT/n015-2018-11-14-18-57-54+0800__CAM_FRONT_RIGHT__1542193581520339.jpg", "samples/CAM_BACK_LEFT/n015-2018-11-14-18-57-54+0800__CAM_BACK_LEFT__1542193581547423.jpg", "samples/CAM_BACK/n015-2018-11-14-18-57-54+0800__CAM_BACK__1542193581537525.jpg", "samples/CAM_BACK_RIGHT/n015-2018-11-14-18-57-54+0800__CAM_BACK_RIGHT__1542193581527893.jpg"], "intrinsics": [[[1272.5979470598488, 0.0, 826.6154927353808], [0.0, 1272.5979470598488, 479.75165386361925], [0.0, 0.0, 1.0]], [[1266.417203046554, 0.0, 816.2670197447984], [0.0, 1266.417203046554, 491.50706579294757], [0.0, 0.0, 1.0]], [[1260.8474446004698, 0.0, 807.968244525554], [0.0, 1260.8474446004698, 495.3344268742088], [0.0, 0.0, 1.0]], [[1256.7414812095406, 0.0, 792.1125740759628], [0.0, 1256.7414812095406, 492.7757465151356], [0.0, 0.0, 1.0]], [[809.2209905677063, 0.0, 829.2196003259838], [0.0, 809.2209905677063, 481.77842384512485], [0.0, 0.0, 1.0]], [[1259.5137405846733, 0.0, 807.2529053838625], [0.0, 1259.5137405846733, 501.19579884916527], [0.0, 0.0, 1.0]]], "extrinsics": [[[0.8201706409454346, -0.5715347528457642, 0.025849470868706703, -0.7260475158691406], [0.042508285492658615, 0.0158191230148077, -0.9989708662033081, 1.52056884765625], [0.5705376267433167, 0.8204253911972046, 0.03726934269070625, -1.1156005859375], [0.0, 0.0, 0.0, 1.0]], [[0.005739569664001465, -0.999918520450592, -0.011402786709368229, 0.007568359375], [0.03719479590654373, 0.011608556844294071, -0.9992406368255615, 1.5293731689453125], [0.9992914795875549, 0.005311094224452972, 0.03725838661193848, -1.4542236328125], [0.0, 0.0, 0.0, 1.0]], [[-0.8317461013793945, -0.5527626872062683, -0.05149644613265991, 0.8790283203125], [0.042786259204149246, 0.02865752764046192, -0.998673141002655, 1.5115203857421875], [0.5535050630569458, -0.8328458070755005, -0.00018513647955842316, -1.1455078125], [0.0, 0.0, 0.0, 1.0]], [[0.9467633366584778, 0.318340927362442, 0.047940924763679504, -1.14013671875], [0.05135003849864006, -0.0023207436315715313, -0.9986780285835266, 1.5886688232421875], [-0.3178088665008545, 0.9479734301567078, -0.018544016405940056, -0.1043701171875], [0.0, 0.0, 0.0, 1.0]], [[0.0026175999082624912, 0.9999643564224243, 0.008033539168536663, 0.002685546875], [0.026003362610936165, 0.00796278566122055, -0.9996301531791687, 1.5811500549316406], [-0.999658465385437, 0.0028255300130695105, -0.025981592014431953, -0.0670166015625], [0.0, 0.0, 0.0, 1.0]], [[-0.9334661364555359, 0.3556417226791382, -0.0464758463203907, 1.01092529296875], [0.058634813874959946, 0.023480253294110298, -0.998003363609314, 1.559295654296875], [-0.35384035110473633, -0.9343274235725403, -0.04277100786566734, -0.1103515625], [0.0, 0.0, 0.0, 1.0]]], "view": [[0.0, -2.0, 100.0], [-2.0, 0.0, 100.0], [0.0, 0.0, 1.0]], "bev": "bev_c93e037f78c2437b83dfc2665c8412bd.png", "aux": "aux_c93e037f78c2437b83dfc2665c8412bd.npz", "visibility": "visibility_c93e037f78c2437b83dfc2665c8412bd.png", "pose": [[0.9963642954826355, -0.08519516885280609, 0.0, 1033.857177734375], [0.08519516885280609, 0.9963642954826355, 0.0, 1728.5689697265625], [0.0, 0.0, 1.0, 0.0], [0.0, 0.0, 0.0, 1.0]], "pose_inverse": [[0.9963642954826355, 0.08519516885280609, 0.0, -1177.3641357421875], [-0.08519516885280609, 0.9963642954826355, 0.0, -1634.2047119140625], [0.0, 0.0, 1.0, 0.0], [0.0, 0.0, 0.0, 1.0]], "cam_ids": [0, 1, 2, 3, 4, 5], "cam_channels": ["CAM_FRONT_LEFT", "CAM_FRONT", "CAM_FRONT_RIGHT", "CAM_BACK_LEFT", "CAM_BACK", "CAM_BACK_RIGHT"], "token": "c93e037f78c2437b83dfc2665c8412bd", "scene": "scene-1009"}, {"images": ["samples/CAM_FRONT_LEFT/n015-2018-11-14-18-57-54+0800__CAM_FRONT_LEFT__1542193582004844.jpg", "samples/CAM_FRONT/n015-2018-11-14-18-57-54+0800__CAM_FRONT__1542193582012460.jpg", "samples/CAM_FRONT_RIGHT/n015-2018-11-14-18-57-54+0800__CAM_FRONT_RIGHT__1542193582020339.jpg", "samples/CAM_BACK_LEFT/n015-2018-11-14-18-57-54+0800__CAM_BACK_LEFT__1542193582047423.jpg", "samples/CAM_BACK/n015-2018-11-14-18-57-54+0800__CAM_BACK__1542193582037525.jpg", "samples/CAM_BACK_RIGHT/n015-2018-11-14-18-57-54+0800__CAM_BACK_RIGHT__1542193582027893.jpg"], "intrinsics": [[[1272.5979470598488, 0.0, 826.6154927353808], [0.0, 1272.5979470598488, 479.75165386361925], [0.0, 0.0, 1.0]], [[1266.417203046554, 0.0, 816.2670197447984], [0.0, 1266.417203046554, 491.50706579294757], [0.0, 0.0, 1.0]], [[1260.8474446004698, 0.0, 807.968244525554], [0.0, 1260.8474446004698, 495.3344268742088], [0.0, 0.0, 1.0]], [[1256.7414812095406, 0.0, 792.1125740759628], [0.0, 1256.7414812095406, 492.7757465151356], [0.0, 0.0, 1.0]], [[809.2209905677063, 0.0, 829.2196003259838], [0.0, 809.2209905677063, 481.77842384512485], [0.0, 0.0, 1.0]], [[1259.5137405846733, 0.0, 807.2529053838625], [0.0, 1259.5137405846733, 501.19579884916527], [0.0, 0.0, 1.0]]], "extrinsics": [[[0.8203187584877014, -0.5712835192680359, 0.026689574122428894, -0.7342185974121094], [0.03901258111000061, 0.009338011965155602, -0.9991950988769531, 1.519195556640625], [0.5705744624137878, 0.8206996321678162, 0.029947388917207718, -1.120849609375], [0.0, 0.0, 0.0, 1.0]], [[0.0058085061609745026, -0.9999704957008362, -0.005022385157644749, 0.0068359375], [0.03359856456518173, 0.005214793141931295, -0.9994218349456787, 1.5282630920410156], [0.9994185566902161, 0.005636390298604965, 0.033627867698669434, -1.4622802734375], [0.0, 0.0, 0.0, 1.0]], [[-0.831876277923584, -0.553139328956604, -0.04492907598614693, 0.8834228515625], [0.039086971431970596, 0.02235960215330124, -0.9989855289459229, 1.5106430053710938], [0.5535829067230225, -0.8327885866165161, 0.003020118223503232, -1.1488037109375], [0.0, 0.0, 0.0, 1.0]], [[0.9469187259674072, 0.3186841607093811, 0.042252615094184875, -1.13720703125], [0.047360315918922424, -0.008292296901345253, -0.9988434314727783, 1.5888099670410156], [-0.31796520948410034, 0.9478246569633484, -0.022945115342736244, -0.1055908203125], [0.0, 0.0, 0.0, 1.0]], [[0.002564201597124338, 0.9999949336051941, 0.0019002301851287484, 0.0029296875], [0.022091757506132126, 0.001843124395236373, -0.9997542500495911, 1.5808753967285156], [-0.9997526407241821, 0.0026055544149130583, -0.022086920216679573, -0.06689453125], [0.0, 0.0, 0.0, 1.0]], [[-0.9336674213409424, 0.35528555512428284, -0.04513704776763916, 1.01409912109375], [0.05483684316277504, 0.017273372039198875, -0.9983459115028381, 1.5586090087890625], [-0.353918194770813, -0.9345982074737549, -0.035610321909189224, -0.1094970703125], [0.0, 0.0, 0.0, 1.0]]], "view": [[0.0, -2.0, 100.0], [-2.0, 0.0, 100.0], [0.0, 0.0, 1.0]], "bev": "bev_4e6f134d66e7498297622ed25cfa990f.png", "aux": "aux_4e6f134d66e7498297622ed25cfa990f.npz", "visibility": "visibility_4e6f134d66e7498297622ed25cfa990f.png", "pose": [[0.9967581033706665, -0.08045665919780731, 0.0, 1037.2095947265625], [0.08045665919780731, 0.9967581033706665, 0.0, 1728.82666015625], [0.0, 0.0, 1.0, 0.0], [0.0, 0.0, 0.0, 1.0]], "pose_inverse": [[0.9967581033706665, 0.08045665919780731, 0.0, -1172.9427490234375], [-0.08045665919780731, 0.9967581033706665, 0.0, -1639.7716064453125], [0.0, 0.0, 1.0, 0.0], [0.0, 0.0, 0.0, 1.0]], "cam_ids": [0, 1, 2, 3, 4, 5], "cam_channels": ["CAM_FRONT_LEFT", "CAM_FRONT", "CAM_FRONT_RIGHT", "CAM_BACK_LEFT", "CAM_BACK", "CAM_BACK_RIGHT"], "token": "4e6f134d66e7498297622ed25cfa990f", "scene": "scene-1009"}, {"images": ["samples/CAM_FRONT_LEFT/n015-2018-11-14-18-57-54+0800__CAM_FRONT_LEFT__1542193582504844.jpg", "samples/CAM_FRONT/n015-2018-11-14-18-57-54+0800__CAM_FRONT__1542193582512460.jpg", "samples/CAM_FRONT_RIGHT/n015-2018-11-14-18-57-54+0800__CAM_FRONT_RIGHT__1542193582520339.jpg", "samples/CAM_BACK_LEFT/n015-2018-11-14-18-57-54+0800__CAM_BACK_LEFT__1542193582547423.jpg", "samples/CAM_BACK/n015-2018-11-14-18-57-54+0800__CAM_BACK__1542193582537525.jpg", "samples/CAM_BACK_RIGHT/n015-2018-11-14-18-57-54+0800__CAM_BACK_RIGHT__1542193582527893.jpg"], "intrinsics": [[[1272.5979470598488, 0.0, 826.6154927353808], [0.0, 1272.5979470598488, 479.75165386361925], [0.0, 0.0, 1.0]], [[1266.417203046554, 0.0, 816.2670197447984], [0.0, 1266.417203046554, 491.50706579294757], [0.0, 0.0, 1.0]], [[1260.8474446004698, 0.0, 807.968244525554], [0.0, 1260.8474446004698, 495.3344268742088], [0.0, 0.0, 1.0]], [[1256.7414812095406, 0.0, 792.1125740759628], [0.0, 1256.7414812095406, 492.7757465151356], [0.0, 0.0, 1.0]], [[809.2209905677063, 0.0, 829.2196003259838], [0.0, 809.2209905677063, 481.77842384512485], [0.0, 0.0, 1.0]], [[1259.5137405846733, 0.0, 807.2529053838625], [0.0, 1259.5137405846733, 501.19579884916527], [0.0, 0.0, 1.0]]], "extrinsics": [[[0.8209955096244812, -0.5702241063117981, 0.02847622148692608, -0.7398481369018555], [0.036248255521059036, 0.0022836951538920403, -0.9993402361869812, 1.5181770324707031], [0.5697828531265259, 0.8214859962463379, 0.022544531151652336, -1.124755859375], [0.0, 0.0, 0.0, 1.0]], [[0.006663495674729347, -0.9999755620956421, 0.0020986523013561964, 0.0069580078125], [0.030804602429270744, -0.0018924321047961712, -0.9995236992835999, 1.5274829864501953], [0.9995031952857971, 0.006724975071847439, 0.03079123981297016, -1.466796875], [0.0, 0.0, 0.0, 1.0]], [[-0.8316226005554199, -0.5539978742599487, -0.038601700216531754, 0.8863525390625], [0.036247894167900085, 0.015211776830255985, -0.999226987361908, 1.510009765625], [0.5541568994522095, -0.8323791027069092, 0.007430798839777708, -1.15118408203125], [0.0, 0.0, 0.0, 1.0]], [[0.9470884203910828, 0.3188330829143524, 0.036997195333242416, -1.1395263671875], [0.044234637171030045, -0.015486406162381172, -0.9989011287689209, 1.5886650085449219], [-0.31790977716445923, 0.9476843476295471, -0.028770463541150093, -0.10400390625], [0.0, 0.0, 0.0, 1.0]], [[0.0023581781424582005, 0.9999833106994629, -0.0052744681015610695, 0.003173828125], [0.019110415130853653, -0.005318584386259317, -0.9998032450675964, 1.580622673034668], [-0.9998146891593933, 0.0022569254506379366, -0.019122641533613205, -0.0645751953125], [0.0, 0.0, 0.0, 1.0]], [[-0.9339720606803894, 0.35450130701065063, -0.04500053450465202, 1.016693115234375], [0.051963020116090775, 0.010139839723706245, -0.9985975623130798, 1.5580978393554688], [-0.3535478413105011, -0.9350005984306335, -0.027891285717487335, -0.1087646484375], [0.0, 0.0, 0.0, 1.0]]], "view": [[0.0, -2.0, 100.0], [-2.0, 0.0, 100.0], [0.0, 0.0, 1.0]], "bev": "bev_010533d6391240bd8dd2f73b5b236693.png", "aux": "aux_010533d6391240bd8dd2f73b5b236693.npz", "visibility": "visibility_010533d6391240bd8dd2f73b5b236693.png", "pose": [[0.9973520040512085, -0.07272544503211975, 0.0, 1040.412841796875], [0.07272544503211975, 0.9973520040512085, 0.0, 1729.0611572265625], [0.0, 0.0, 1.0, 0.0], [0.0, 0.0, 0.0, 1.0]], "pose_inverse": [[0.9973520040512085, 0.07272544503211975, 0.0, -1163.404541015625], [-0.07272544503211975, 0.9973520040512085, 0.0, -1648.818115234375], [0.0, 0.0, 1.0, 0.0], [0.0, 0.0, 0.0, 1.0]], "cam_ids": [0, 1, 2, 3, 4, 5], "cam_channels": ["CAM_FRONT_LEFT", "CAM_FRONT", "CAM_FRONT_RIGHT", "CAM_BACK_LEFT", "CAM_BACK", "CAM_BACK_RIGHT"], "token": "010533d6391240bd8dd2f73b5b236693", "scene": "scene-1009"}, {"images": ["samples/CAM_FRONT_LEFT/n015-2018-11-14-18-57-54+0800__CAM_FRONT_LEFT__1542193582904844.jpg", "samples/CAM_FRONT/n015-2018-11-14-18-57-54+0800__CAM_FRONT__1542193582912471.jpg", "samples/CAM_FRONT_RIGHT/n015-2018-11-14-18-57-54+0800__CAM_FRONT_RIGHT__1542193582920340.jpg", "samples/CAM_BACK_LEFT/n015-2018-11-14-18-57-54+0800__CAM_BACK_LEFT__1542193582947423.jpg", "samples/CAM_BACK/n015-2018-11-14-18-57-54+0800__CAM_BACK__1542193582937525.jpg", "samples/CAM_BACK_RIGHT/n015-2018-11-14-18-57-54+0800__CAM_BACK_RIGHT__1542193582927893.jpg"], "intrinsics": [[[1272.5979470598488, 0.0, 826.6154927353808], [0.0, 1272.5979470598488, 479.75165386361925], [0.0, 0.0, 1.0]], [[1266.417203046554, 0.0, 816.2670197447984], [0.0, 1266.417203046554, 491.50706579294757], [0.0, 0.0, 1.0]], [[1260.8474446004698, 0.0, 807.968244525554], [0.0, 1260.8474446004698, 495.3344268742088], [0.0, 0.0, 1.0]], [[1256.7414812095406, 0.0, 792.1125740759628], [0.0, 1256.7414812095406, 492.7757465151356], [0.0, 0.0, 1.0]], [[809.2209905677063, 0.0, 829.2196003259838], [0.0, 809.2209905677063, 481.77842384512485], [0.0, 0.0, 1.0]], [[1259.5137405846733, 0.0, 807.2529053838625], [0.0, 1259.5137405846733, 501.19579884916527], [0.0, 0.0, 1.0]]], "extrinsics": [[[0.8225938677787781, -0.5681341886520386, 0.02372552640736103, -0.7386035919189453], [0.026242954656481743, -0.003748927963897586, -0.9996485710144043, 1.5154647827148438], [0.5680235028266907, 0.8229274153709412, 0.011825674213469028, -1.124267578125], [0.0, 0.0, 0.0, 1.0]], [[0.00851960014551878, -0.9999312162399292, 0.008057652972638607, 0.007080078125], [0.020833631977438927, -0.007878701202571392, -0.9997519254684448, 1.5252408981323242], [0.9997466206550598, 0.008685355074703693, 0.02076507732272148, -1.46630859375], [0.0, 0.0, 0.0, 1.0]], [[-0.8311678171157837, -0.5553646683692932, -0.027021499350667, 0.885009765625], [0.026283616200089455, 0.009300018660724163, -0.9996111989021301, 1.50830078125], [0.5554000735282898, -0.8315549492835999, 0.006867117714136839, -1.1507568359375], [0.0, 0.0, 0.0, 1.0]], [[0.9474160075187683, 0.3189442753791809, 0.026026252657175064, -1.1343994140625], [0.034540705382823944, -0.021067874506115913, -0.9991812109947205, 1.5887881517410278], [-0.31813475489616394, 0.9475392699241638, -0.03097660280764103, -0.1048583984375], [0.0, 0.0, 0.0, 1.0]], [[0.0017789166886359453, 0.9999372959136963, -0.011059682816267014, 0.00390625], [0.009309644810855389, -0.011075779795646667, -0.9998953938484192, 1.5799951553344727], [-0.9999549984931946, 0.0016757654957473278, -0.00932876206934452, -0.0675048828125], [0.0, 0.0, 0.0, 1.0]], [[-0.9347460269927979, 0.3532971739768982, -0.03782624006271362, 1.015228271484375], [0.042059525847435, 0.00430956669151783, -0.9991058111190796, 1.5569076538085938], [-0.35281825065612793, -0.935501217842102, -0.01888786256313324, -0.10986328125], [0.0, 0.0, 0.0, 1.0]]], "view": [[0.0, -2.0, 100.0], [-2.0, 0.0, 100.0], [0.0, 0.0, 1.0]], "bev": "bev_39edf909c5d2410db42e20cfd0369bb2.png", "aux": "aux_39edf909c5d2410db42e20cfd0369bb2.npz", "visibility": "visibility_39edf909c5d2410db42e20cfd0369bb2.png", "pose": [[0.9989463090896606, -0.04589371010661125, 0.0, 1042.9478759765625], [0.04589371010661125, 0.9989463090896606, 0.0, 1729.1998291015625], [0.0, 0.0, 1.0, 0.0], [0.0, 0.0, 0.0, 1.0]], "pose_inverse": [[0.9989463090896606, 0.04589371010661125, 0.0, -1121.2083740234375], [-0.04589371010661125, 0.9989463090896606, 0.0, -1679.5130615234375], [0.0, 0.0, 1.0, 0.0], [0.0, 0.0, 0.0, 1.0]], "cam_ids": [0, 1, 2, 3, 4, 5], "cam_channels": ["CAM_FRONT_LEFT", "CAM_FRONT", "CAM_FRONT_RIGHT", "CAM_BACK_LEFT", "CAM_BACK", "CAM_BACK_RIGHT"], "token": "39edf909c5d2410db42e20cfd0369bb2", "scene": "scene-1009"}, {"images": ["samples/CAM_FRONT_LEFT/n015-2018-11-14-18-57-54+0800__CAM_FRONT_LEFT__1542193583404844.jpg", "samples/CAM_FRONT/n015-2018-11-14-18-57-54+0800__CAM_FRONT__1542193583412460.jpg", "samples/CAM_FRONT_RIGHT/n015-2018-11-14-18-57-54+0800__CAM_FRONT_RIGHT__1542193583420339.jpg", "samples/CAM_BACK_LEFT/n015-2018-11-14-18-57-54+0800__CAM_BACK_LEFT__1542193583447423.jpg", "samples/CAM_BACK/n015-2018-11-14-18-57-54+0800__CAM_BACK__1542193583437525.jpg", "samples/CAM_BACK_RIGHT/n015-2018-11-14-18-57-54+0800__CAM_BACK_RIGHT__1542193583427893.jpg"], "intrinsics": [[[1272.5979470598488, 0.0, 826.6154927353808], [0.0, 1272.5979470598488, 479.75165386361925], [0.0, 0.0, 1.0]], [[1266.417203046554, 0.0, 816.2670197447984], [0.0, 1266.417203046554, 491.50706579294757], [0.0, 0.0, 1.0]], [[1260.8474446004698, 0.0, 807.968244525554], [0.0, 1260.8474446004698, 495.3344268742088], [0.0, 0.0, 1.0]], [[1256.7414812095406, 0.0, 792.1125740759628], [0.0, 1256.7414812095406, 492.7757465151356], [0.0, 0.0, 1.0]], [[809.2209905677063, 0.0, 829.2196003259838], [0.0, 809.2209905677063, 481.77842384512485], [0.0, 0.0, 1.0]], [[1259.5137405846733, 0.0, 807.2529053838625], [0.0, 1259.5137405846733, 501.19579884916527], [0.0, 0.0, 1.0]]], "extrinsics": [[[0.8246131539344788, -0.56566321849823, 0.006195245776325464, -0.753387451171875], [0.010347503237426281, 0.004132891073822975, -0.9999379515647888, 1.5109024047851562], [0.5656025409698486, 0.8246260285377502, 0.0092612374573946, -1.1348876953125], [0.0, 0.0, 0.0, 1.0]], [[0.011319180950522423, -0.9999359846115112, -0.00012995381257496774, 0.0067138671875], [0.004848182667046785, 0.0001848415849963203, -0.9999882578849792, 1.5215644836425781], [0.9999241828918457, 0.011318415403366089, 0.0048499638214707375, -1.479736328125], [0.0, 0.0, 0.0, 1.0]], [[-0.8303603529930115, -0.5569285154342651, -0.018226729705929756, 0.89404296875], [0.010158189572393894, 0.017574995756149292, -0.9997938871383667, 1.5053443908691406], [0.5571341514587402, -0.8303744196891785, -0.008936194702982903, -1.156982421875], [0.0, 0.0, 0.0, 1.0]], [[0.9477859139442444, 0.31863081455230713, 0.013273578137159348, -1.1385498046875], [0.01818891242146492, -0.012455934658646584, -0.9997569918632507, 1.5885891914367676], [-0.31838804483413696, 0.9477970600128174, -0.01760110631585121, -0.1029052734375], [0.0, 0.0, 0.0, 1.0]], [[0.0009751582401804626, 0.9999963641166687, -0.0025185246486216784, 0.0042724609375], [-0.006983636878430843, -0.0025116540491580963, -0.9999724626541138, 1.5789175033569336], [-0.9999752044677734, 0.0009927203645929694, 0.006981161888688803, -0.060791015625], [0.0, 0.0, 0.0, 1.0]], [[-0.9357422590255737, 0.35213303565979004, -0.01971854455769062, 1.0238037109375], [0.025862377136945724, 0.012751342728734016, -0.9995841979980469, 1.5545806884765625], [-0.3517351746559143, -0.935863196849823, -0.02103896625339985, -0.107177734375], [0.0, 0.0, 0.0, 1.0]]], "view": [[0.0, -2.0, 100.0], [-2.0, 0.0, 100.0], [0.0, 0.0, 1.0]], "bev": "bev_05acb546bdb541ac9cbff08010eada5e.png", "aux": "aux_05acb546bdb541ac9cbff08010eada5e.npz", "visibility": "visibility_05acb546bdb541ac9cbff08010eada5e.png", "pose": [[0.9996912479400635, 0.024848829954862595, 0.0, 1046.018798828125], [-0.024848829954862595, 0.9996912479400635, 0.0, 1729.2220458984375], [0.0, 0.0, 1.0, 0.0], [0.0, 0.0, 0.0, 1.0]], "pose_inverse": [[0.9996912479400635, -0.024848829954862595, 0.0, -1002.7266845703125], [0.024848829954862595, 0.9996912479400635, 0.0, -1754.680419921875], [0.0, 0.0, 1.0, 0.0], [0.0, 0.0, 0.0, 1.0]], "cam_ids": [0, 1, 2, 3, 4, 5], "cam_channels": ["CAM_FRONT_LEFT", "CAM_FRONT", "CAM_FRONT_RIGHT", "CAM_BACK_LEFT", "CAM_BACK", "CAM_BACK_RIGHT"], "token": "05acb546bdb541ac9cbff08010eada5e", "scene": "scene-1009"}, {"images": ["samples/CAM_FRONT_LEFT/n015-2018-11-14-18-57-54+0800__CAM_FRONT_LEFT__1542193583904844.jpg", "samples/CAM_FRONT/n015-2018-11-14-18-57-54+0800__CAM_FRONT__1542193583912465.jpg", "samples/CAM_FRONT_RIGHT/n015-2018-11-14-18-57-54+0800__CAM_FRONT_RIGHT__1542193583920339.jpg", "samples/CAM_BACK_LEFT/n015-2018-11-14-18-57-54+0800__CAM_BACK_LEFT__1542193583947423.jpg", "samples/CAM_BACK/n015-2018-11-14-18-57-54+0800__CAM_BACK__1542193583937525.jpg", "samples/CAM_BACK_RIGHT/n015-2018-11-14-18-57-54+0800__CAM_BACK_RIGHT__1542193583928104.jpg"], "intrinsics": [[[1272.5979470598488, 0.0, 826.6154927353808], [0.0, 1272.5979470598488, 479.75165386361925], [0.0, 0.0, 1.0]], [[1266.417203046554, 0.0, 816.2670197447984], [0.0, 1266.417203046554, 491.50706579294757], [0.0, 0.0, 1.0]], [[1260.8474446004698, 0.0, 807.968244525554], [0.0, 1260.8474446004698, 495.3344268742088], [0.0, 0.0, 1.0]], [[1256.7414812095406, 0.0, 792.1125740759628], [0.0, 1256.7414812095406, 492.7757465151356], [0.0, 0.0, 1.0]], [[809.2209905677063, 0.0, 829.2196003259838], [0.0, 809.2209905677063, 481.77842384512485], [0.0, 0.0, 1.0]], [[1259.5137405846733, 0.0, 807.2529053838625], [0.0, 1259.5137405846733, 501.19579884916527], [0.0, 0.0, 1.0]]], "extrinsics": [[[0.8244984745979309, -0.565794825553894, 0.008854756131768227, -0.747650146484375], [0.012324841693043709, 0.0023113559000194073, -0.9999213814735413, 1.5115346908569336], [0.5657298564910889, 0.8245428204536438, 0.008879040367901325, -1.1270751953125], [0.0, 0.0, 0.0, 1.0]], [[0.011058365926146507, -0.9999367594718933, 0.0020176114048808813, 0.00390625], [0.007104308810085058, -0.0019391170935705304, -0.999972939491272, 1.5220831632614136], [0.9999136924743652, 0.011072409339249134, 0.007082416210323572, -1.47320556640625], [0.0, 0.0, 0.0, 1.0]], [[-0.830426812171936, -0.5568041801452637, -0.018983282148838043, 0.8878173828125], [0.012705786153674126, 0.01513700745999813, -0.999804675579071, 1.5058822631835938], [0.5569828152656555, -0.8305057883262634, -0.005495540797710419, -1.15625], [0.0, 0.0, 0.0, 1.0]], [[0.947869062423706, 0.3182881772518158, 0.015394735150039196, -1.1376953125], [0.021508339792490005, -0.01570216566324234, -0.9996453523635864, 1.588557243347168], [-0.3179335594177246, 0.9478639960289001, -0.021729446947574615, -0.1007080078125], [0.0, 0.0, 0.0, 1.0]], [[0.00122377451043576, 0.9999841451644897, -0.005507250316441059, 0.0067138671875], [-0.0038891558069735765, -0.005502453073859215, -0.9999772906303406, 1.5790843963623047], [-0.9999917149543762, 0.0012451643124222755, 0.003882359014824033, -0.0631103515625], [0.0, 0.0, 0.0, 1.0]], [[-0.9356170296669006, 0.35224801301956177, -0.02328476496040821, 1.021636962890625], [0.028667252510786057, 0.010071175172924995, -0.9995383024215698, 1.5550346374511719], [-0.3518508970737457, -0.935852587223053, -0.019520746544003487, -0.11083984375], [0.0, 0.0, 0.0, 1.0]]], "view": [[0.0, -2.0, 100.0], [-2.0, 0.0, 100.0], [0.0, 0.0, 1.0]], "bev": "bev_f5f0b05fe2e543f884c4fcedb9f30ef1.png", "aux": "aux_f5f0b05fe2e543f884c4fcedb9f30ef1.npz", "visibility": "visibility_f5f0b05fe2e543f884c4fcedb9f30ef1.png", "pose": [[0.9937947988510132, 0.11122924089431763, 0.0, 1049.0137939453125], [-0.11122924089431763, 0.9937947988510132, 0.0, 1728.9918212890625], [0.0, 0.0, 1.0, 0.0], [0.0, 0.0, 0.0, 1.0]], "pose_inverse": [[0.9937947988510132, -0.11122924089431763, 0.0, -850.1900024414062], [0.11122924089431763, 0.9937947988510132, 0.0, -1834.944091796875], [0.0, 0.0, 1.0, 0.0], [0.0, 0.0, 0.0, 1.0]], "cam_ids": [0, 1, 2, 3, 4, 5], "cam_channels": ["CAM_FRONT_LEFT", "CAM_FRONT", "CAM_FRONT_RIGHT", "CAM_BACK_LEFT", "CAM_BACK", "CAM_BACK_RIGHT"], "token": "f5f0b05fe2e543f884c4fcedb9f30ef1", "scene": "scene-1009"}, {"images": ["samples/CAM_FRONT_LEFT/n015-2018-11-14-18-57-54+0800__CAM_FRONT_LEFT__1542193584404844.jpg", "samples/CAM_FRONT/n015-2018-11-14-18-57-54+0800__CAM_FRONT__1542193584412460.jpg", "samples/CAM_FRONT_RIGHT/n015-2018-11-14-18-57-54+0800__CAM_FRONT_RIGHT__1542193584420339.jpg", "samples/CAM_BACK_LEFT/n015-2018-11-14-18-57-54+0800__CAM_BACK_LEFT__1542193584447423.jpg", "samples/CAM_BACK/n015-2018-11-14-18-57-54+0800__CAM_BACK__1542193584437525.jpg", "samples/CAM_BACK_RIGHT/n015-2018-11-14-18-57-54+0800__CAM_BACK_RIGHT__1542193584427893.jpg"], "intrinsics": [[[1272.5979470598488, 0.0, 826.6154927353808], [0.0, 1272.5979470598488, 479.75165386361925], [0.0, 0.0, 1.0]], [[1266.417203046554, 0.0, 816.2670197447984], [0.0, 1266.417203046554, 491.50706579294757], [0.0, 0.0, 1.0]], [[1260.8474446004698, 0.0, 807.968244525554], [0.0, 1260.8474446004698, 495.3344268742088], [0.0, 0.0, 1.0]], [[1256.7414812095406, 0.0, 792.1125740759628], [0.0, 1256.7414812095406, 492.7757465151356], [0.0, 0.0, 1.0]], [[809.2209905677063, 0.0, 829.2196003259838], [0.0, 809.2209905677063, 481.77842384512485], [0.0, 0.0, 1.0]], [[1259.5137405846733, 0.0, 807.2529053838625], [0.0, 1259.5137405846733, 501.19579884916527], [0.0, 0.0, 1.0]]], "extrinsics": [[[0.8259905576705933, -0.5634728074073792, 0.015428941696882248, -0.74676513671875], [0.009381584823131561, -0.013625736348330975, -0.9998631477355957, 1.5106792449951172], [0.5636059045791626, 0.826022207736969, -0.005968461278825998, -1.1236572265625], [0.0, 0.0, 0.0, 1.0]], [[0.013091515749692917, -0.9997544288635254, 0.017879782244563103, 0.0020751953125], [0.003977542277425528, -0.017829108983278275, -0.9998331665992737, 1.5213031768798828], [0.9999063611030579, 0.013160440139472485, 0.003743154928088188, -1.47119140625], [0.0, 0.0, 0.0, 1.0]], [[-0.8296189308166504, -0.5582812428474426, -0.007382153067737818, 0.885009765625], [0.009355884976685047, -0.0006806450546719134, -0.9999560117721558, 1.5052611827850342], [0.5582516193389893, -0.8296515941619873, 0.0057878922671079636, -1.1575927734375], [0.0, 0.0, 0.0, 1.0]], [[0.9478842616081238, 0.3185465931892395, 0.006597018800675869, -1.1356201171875], [0.01746325194835663, -0.031268127262592316, -0.9993584752082825, 1.5884552001953125], [-0.31813594698905945, 0.9473913311958313, -0.03520142659544945, -0.0997314453125], [0.0, 0.0, 0.0, 1.0]], [[0.0005946189630776644, 0.999775767326355, -0.02117050811648369, 0.008544921875], [-0.0076657249592244625, -0.021165333688259125, -0.9997466206550598, 1.5787277221679688], [-0.9999704360961914, 0.0007567249122075737, 0.007651418447494507, -0.06439208984375], [0.0, 0.0, 0.0, 1.0]], [[-0.9360923767089844, 0.35082757472991943, -0.025518301874399185, 1.0199546813964844], [0.02512771636247635, -0.00566652650013566, -0.9996681809425354, 1.5545940399169922], [-0.35085582733154297, -0.9364230036735535, -0.0035111024044454098, -0.11376953125], [0.0, 0.0, 0.0, 1.0]]], "view": [[0.0, -2.0, 100.0], [-2.0, 0.0, 100.0], [0.0, 0.0, 1.0]], "bev": "bev_04cebd7db4ce44369523b4f3f2ec6ce4.png", "aux": "aux_04cebd7db4ce44369523b4f3f2ec6ce4.npz", "visibility": "visibility_04cebd7db4ce44369523b4f3f2ec6ce4.png", "pose": [[0.975886344909668, 0.2182794064283371, 0.0, 1052.071044921875], [-0.2182794064283371, 0.975886344909668, 0.0, 1728.4637451171875], [0.0, 0.0, 1.0, 0.0], [0.0, 0.0, 0.0, 1.0]], "pose_inverse": [[0.975886344909668, -0.2182794064283371, 0.0, -649.4136962890625], [0.2182794064283371, 0.975886344909668, 0.0, -1916.4295654296875], [0.0, 0.0, 1.0, 0.0], [0.0, 0.0, 0.0, 1.0]], "cam_ids": [0, 1, 2, 3, 4, 5], "cam_channels": ["CAM_FRONT_LEFT", "CAM_FRONT", "CAM_FRONT_RIGHT", "CAM_BACK_LEFT", "CAM_BACK", "CAM_BACK_RIGHT"], "token": "04cebd7db4ce44369523b4f3f2ec6ce4", "scene": "scene-1009"}, {"images": ["samples/CAM_FRONT_LEFT/n015-2018-11-14-18-57-54+0800__CAM_FRONT_LEFT__1542193584904844.jpg", "samples/CAM_FRONT/n015-2018-11-14-18-57-54+0800__CAM_FRONT__1542193584912460.jpg", "samples/CAM_FRONT_RIGHT/n015-2018-11-14-18-57-54+0800__CAM_FRONT_RIGHT__1542193584920339.jpg", "samples/CAM_BACK_LEFT/n015-2018-11-14-18-57-54+0800__CAM_BACK_LEFT__1542193584947428.jpg", "samples/CAM_BACK/n015-2018-11-14-18-57-54+0800__CAM_BACK__1542193584937525.jpg", "samples/CAM_BACK_RIGHT/n015-2018-11-14-18-57-54+0800__CAM_BACK_RIGHT__1542193584927893.jpg"], "intrinsics": [[[1272.5979470598488, 0.0, 826.6154927353808], [0.0, 1272.5979470598488, 479.75165386361925], [0.0, 0.0, 1.0]], [[1266.417203046554, 0.0, 816.2670197447984], [0.0, 1266.417203046554, 491.50706579294757], [0.0, 0.0, 1.0]], [[1260.8474446004698, 0.0, 807.968244525554], [0.0, 1260.8474446004698, 495.3344268742088], [0.0, 0.0, 1.0]], [[1256.7414812095406, 0.0, 792.1125740759628], [0.0, 1256.7414812095406, 492.7757465151356], [0.0, 0.0, 1.0]], [[809.2209905677063, 0.0, 829.2196003259838], [0.0, 809.2209905677063, 481.77842384512485], [0.0, 0.0, 1.0]], [[1259.5137405846733, 0.0, 807.2529053838625], [0.0, 1259.5137405846733, 501.19579884916527], [0.0, 0.0, 1.0]]], "extrinsics": [[[0.825951099395752, -0.5636346340179443, 0.010988094843924046, -0.73382568359375], [-0.0021230403799563646, -0.02260114997625351, -0.9997422695159912, 1.50738525390625], [0.563737690448761, 0.8257150053977966, -0.01986406370997429, -1.10888671875], [0.0, 0.0, 0.0, 1.0]], [[0.01307054702192545, -0.9995603561401367, 0.026611261069774628, -0.0018310546875], [-0.0073879677802324295, -0.02670934982597828, -0.9996159672737122, 1.5185127258300781], [0.999887228012085, 0.012868892401456833, -0.007733825594186783, -1.45501708984375], [0.0, 0.0, 0.0, 1.0]], [[-0.8297654390335083, -0.5580704212188721, 0.006831256207078695, 0.8719482421875], [-0.0018624335061758757, -0.009471125900745392, -0.9999533891677856, 1.5032005310058594], [0.5581091046333313, -0.8297395706176758, 0.006819444242864847, -1.1533203125], [0.0, 0.0, 0.0, 1.0]], [[0.9480087161064148, 0.31819072365760803, -0.005849127657711506, -1.1295166015625], [0.0072425841353833675, -0.039945658296346664, -0.9991755485534668, 1.5882644653320312], [-0.3181620240211487, 0.9471848011016846, -0.040173355489969254, -0.0982666015625], [0.0, 0.0, 0.0, 1.0]], [[0.0006187445833347738, 0.9995539784431458, -0.02985883131623268, 0.0113525390625], [-0.018225163221359253, -0.02984260581433773, -0.9993884563446045, 1.5777664184570312], [-0.9998337626457214, 0.0011625527404248714, 0.018198568373918533, -0.072021484375], [0.0, 0.0, 0.0, 1.0]], [[-0.9362457990646362, 0.3508621156215668, -0.01842694915831089, 1.011444091796875], [0.01428139116615057, -0.014399583451449871, -0.9997943639755249, 1.5532665252685547], [-0.3510552942752838, -0.9363164901733398, 0.008470750413835049, -0.1202392578125], [0.0, 0.0, 0.0, 1.0]]], "view": [[0.0, -2.0, 100.0], [-2.0, 0.0, 100.0], [0.0, 0.0, 1.0]], "bev": "bev_ceb4747854fe4872b3eb91ca810eee39.png", "aux": "aux_ceb4747854fe4872b3eb91ca810eee39.npz", "visibility": "visibility_ceb4747854fe4872b3eb91ca810eee39.png", "pose": [[0.9437035322189331, 0.33079245686531067, 0.0, 1055.150634765625], [-0.33079245686531067, 0.9437035322189331, 0.0, 1727.580078125], [0.0, 0.0, 1.0, 0.0], [0.0, 0.0, 0.0, 1.0]], "pose_inverse": [[0.9437035322189331, -0.33079245686531067, 0.0, -424.2789001464844], [0.33079245686531067, 0.9437035322189331, 0.0, -1979.3592529296875], [0.0, 0.0, 1.0, 0.0], [0.0, 0.0, 0.0, 1.0]], "cam_ids": [0, 1, 2, 3, 4, 5], "cam_channels": ["CAM_FRONT_LEFT", "CAM_FRONT", "CAM_FRONT_RIGHT", "CAM_BACK_LEFT", "CAM_BACK", "CAM_BACK_RIGHT"], "token": "ceb4747854fe4872b3eb91ca810eee39", "scene": "scene-1009"}, {"images": ["samples/CAM_FRONT_LEFT/n015-2018-11-14-18-57-54+0800__CAM_FRONT_LEFT__1542193585404844.jpg", "samples/CAM_FRONT/n015-2018-11-14-18-57-54+0800__CAM_FRONT__1542193585412460.jpg", "samples/CAM_FRONT_RIGHT/n015-2018-11-14-18-57-54+0800__CAM_FRONT_RIGHT__1542193585420339.jpg", "samples/CAM_BACK_LEFT/n015-2018-11-14-18-57-54+0800__CAM_BACK_LEFT__1542193585447455.jpg", "samples/CAM_BACK/n015-2018-11-14-18-57-54+0800__CAM_BACK__1542193585437525.jpg", "samples/CAM_BACK_RIGHT/n015-2018-11-14-18-57-54+0800__CAM_BACK_RIGHT__1542193585427943.jpg"], "intrinsics": [[[1272.5979470598488, 0.0, 826.6154927353808], [0.0, 1272.5979470598488, 479.75165386361925], [0.0, 0.0, 1.0]], [[1266.417203046554, 0.0, 816.2670197447984], [0.0, 1266.417203046554, 491.50706579294757], [0.0, 0.0, 1.0]], [[1260.8474446004698, 0.0, 807.968244525554], [0.0, 1260.8474446004698, 495.3344268742088], [0.0, 0.0, 1.0]], [[1256.7414812095406, 0.0, 792.1125740759628], [0.0, 1256.7414812095406, 492.7757465151356], [0.0, 0.0, 1.0]], [[809.2209905677063, 0.0, 829.2196003259838], [0.0, 809.2209905677063, 481.77842384512485], [0.0, 0.0, 1.0]], [[1259.5137405846733, 0.0, 807.2529053838625], [0.0, 1259.5137405846733, 501.19579884916527], [0.0, 0.0, 1.0]]], "extrinsics": [[[0.8246082663536072, -0.565558910369873, 0.012811372987926006, -0.7276611328125], [0.0004666883614845574, -0.021966665983200073, -0.9997586011886597, 1.508087158203125], [0.565703809261322, 0.8244152069091797, -0.017849957570433617, -1.1009521484375], [0.0, 0.0, 0.0, 1.0]], [[0.011097807437181473, -0.9996011257171631, 0.025968778878450394, -0.0047607421875], [-0.004861742258071899, -0.02602401189506054, -0.9996495246887207, 1.5190162658691406], [0.9999266266822815, 0.01096768956631422, -0.005148611962795258, -1.4468994140625], [0.0, 0.0, 0.0, 1.0]], [[-0.8306043744087219, -0.5568459033966064, 0.004347299691289663, 0.8656005859375], [0.000634461990557611, -0.008753080852329731, -0.9999614357948303, 1.5036602020263672], [0.5568625330924988, -0.8305696845054626, 0.007623646408319473, -1.152099609375], [0.0, 0.0, 0.0, 1.0]], [[0.9479901194572449, 0.318277508020401, -0.0037518932949751616, -1.13092041015625], [0.009195824153721333, -0.039168357849121094, -0.9991902709007263, 1.588287353515625], [-0.31816673278808594, 0.947188138961792, -0.04005804285407066, -0.0982666015625], [0.0, 0.0, 0.0, 1.0]], [[0.0011935698566958308, 0.9995749592781067, -0.02912910096347332, 0.0123291015625], [-0.01614762656390667, -0.029106058180332184, -0.999445915222168, 1.5778694152832031], [-0.9998688101768494, 0.0016632962506264448, 0.016106022521853447, -0.073455810546875], [0.0, 0.0, 0.0, 1.0]], [[-0.9358233213424683, 0.35188624262809753, -0.02026590332388878, 1.0089111328125], [0.016502730548381805, -0.013690797612071037, -0.9997700452804565, 1.5536136627197266], [-0.3520827293395996, -0.9359426498413086, 0.007005085237324238, -0.123291015625], [0.0, 0.0, 0.0, 1.0]]], "view": [[0.0, -2.0, 100.0], [-2.0, 0.0, 100.0], [0.0, 0.0, 1.0]], "bev": "bev_31b1a34b4cf14d30abe2610843b04054.png", "aux": "aux_31b1a34b4cf14d30abe2610843b04054.npz", "visibility": "visibility_31b1a34b4cf14d30abe2610843b04054.png", "pose": [[0.8991625308990479, 0.437614768743515, 0.0, 1058.158935546875], [-0.437614768743515, 0.8991625308990479, 0.0, 1726.3060302734375], [0.0, 0.0, 1.0, 0.0], [0.0, 0.0, 0.0, 1.0]], "pose_inverse": [[0.8991625308990479, -0.437614768743515, 0.0, -195.9998779296875], [0.437614768743515, 0.8991625308990479, 0.0, -2015.2957763671875], [0.0, 0.0, 1.0, 0.0], [0.0, 0.0, 0.0, 1.0]], "cam_ids": [0, 1, 2, 3, 4, 5], "cam_channels": ["CAM_FRONT_LEFT", "CAM_FRONT", "CAM_FRONT_RIGHT", "CAM_BACK_LEFT", "CAM_BACK", "CAM_BACK_RIGHT"], "token": "31b1a34b4cf14d30abe2610843b04054", "scene": "scene-1009"}, {"images": ["samples/CAM_FRONT_LEFT/n015-2018-11-14-18-57-54+0800__CAM_FRONT_LEFT__1542193585904844.jpg", "samples/CAM_FRONT/n015-2018-11-14-18-57-54+0800__CAM_FRONT__1542193585912460.jpg", "samples/CAM_FRONT_RIGHT/n015-2018-11-14-18-57-54+0800__CAM_FRONT_RIGHT__1542193585920339.jpg", "samples/CAM_BACK_LEFT/n015-2018-11-14-18-57-54+0800__CAM_BACK_LEFT__1542193585947435.jpg", "samples/CAM_BACK/n015-2018-11-14-18-57-54+0800__CAM_BACK__1542193585937525.jpg", "samples/CAM_BACK_RIGHT/n015-2018-11-14-18-57-54+0800__CAM_BACK_RIGHT__1542193585927893.jpg"], "intrinsics": [[[1272.5979470598488, 0.0, 826.6154927353808], [0.0, 1272.5979470598488, 479.75165386361925], [0.0, 0.0, 1.0]], [[1266.417203046554, 0.0, 816.2670197447984], [0.0, 1266.417203046554, 491.50706579294757], [0.0, 0.0, 1.0]], [[1260.8474446004698, 0.0, 807.968244525554], [0.0, 1260.8474446004698, 495.3344268742088], [0.0, 0.0, 1.0]], [[1256.7414812095406, 0.0, 792.1125740759628], [0.0, 1256.7414812095406, 492.7757465151356], [0.0, 0.0, 1.0]], [[809.2209905677063, 0.0, 829.2196003259838], [0.0, 809.2209905677063, 481.77842384512485], [0.0, 0.0, 1.0]], [[1259.5137405846733, 0.0, 807.2529053838625], [0.0, 1259.5137405846733, 501.19579884916527], [0.0, 0.0, 1.0]]], "extrinsics": [[[0.8233821988105774, -0.5671002268791199, 0.02095181494951248, -0.7353515625], [0.003936645109206438, -0.031211555004119873, -0.9995050430297852, 1.5091094970703125], [0.5674734711647034, 0.8230571746826172, -0.0234665684401989, -1.11181640625], [0.0, 0.0, 0.0, 1.0]], [[0.00932959746569395, -0.9993276000022888, 0.035457562655210495, -0.0006103515625], [-0.0013784057227894664, -0.035471927374601364, -0.999369740486145, 1.5199356079101562], [0.9999555349349976, 0.00927481334656477, -0.0017084154533222318, -1.4578628540039062], [0.0, 0.0, 0.0, 1.0]], [[-0.8313522338867188, -0.5557043552398682, 0.006783506367355585, 0.8765869140625], [0.004163657780736685, -0.018433827906847, -0.9998213648796082, 1.5042648315429688], [0.5557302236557007, -0.8311755061149597, 0.01763877086341381, -1.1531982421875], [0.0, 0.0, 0.0, 1.0]], [[0.9480043649673462, 0.3182360827922821, -0.0036573552060872316, -1.13922119140625], [0.01276429183781147, -0.04950154945254326, -0.9986924529075623, 1.5883636474609375], [-0.31800100207328796, 0.9467182159423828, -0.050989747047424316, -0.100341796875], [0.0, 0.0, 0.0, 1.0]], [[0.00182307546492666, 0.9992288947105408, -0.039221733808517456, 0.008056640625], [-0.012593254446983337, -0.039195746183395386, -0.9991521835327148, 1.57830810546875], [-0.9999189972877502, 0.0023154676891863346, 0.01251208409667015, -0.0663604736328125], [0.0, 0.0, 0.0, 1.0]], [[-0.9353995323181152, 0.352554589509964, -0.027073096483945847, 1.0142822265625], [0.02004767395555973, -0.023563874885439873, -0.9995213150978088, 1.5539588928222656], [-0.35302385687828064, -0.9354945421218872, 0.014973733574151993, -0.1163330078125], [0.0, 0.0, 0.0, 1.0]]], "view": [[0.0, -2.0, 100.0], [-2.0, 0.0, 100.0], [0.0, 0.0, 1.0]], "bev": "bev_979994aee7054065a72d889eafee0ab8.png", "aux": "aux_979994aee7054065a72d889eafee0ab8.npz", "visibility": "visibility_979994aee7054065a72d889eafee0ab8.png", "pose": [[0.864751935005188, 0.5021992325782776, 0.0, 1061.04052734375], [-0.5021992325782776, 0.864751935005188, 0.0, 1724.781982421875], [0.0, 0.0, 1.0, 0.0], [0.0, 0.0, 0.0, 1.0]], "pose_inverse": [[0.864751935005188, -0.5021992325782776, 0.0, -51.3526496887207], [0.5021992325782776, 0.864751935005188, 0.0, -2024.3623046875], [0.0, 0.0, 1.0, 0.0], [0.0, 0.0, 0.0, 1.0]], "cam_ids": [0, 1, 2, 3, 4, 5], "cam_channels": ["CAM_FRONT_LEFT", "CAM_FRONT", "CAM_FRONT_RIGHT", "CAM_BACK_LEFT", "CAM_BACK", "CAM_BACK_RIGHT"], "token": "979994aee7054065a72d889eafee0ab8", "scene": "scene-1009"}, {"images": ["samples/CAM_FRONT_LEFT/n015-2018-11-14-18-57-54+0800__CAM_FRONT_LEFT__1542193586404844.jpg", "samples/CAM_FRONT/n015-2018-11-14-18-57-54+0800__CAM_FRONT__1542193586412460.jpg", "samples/CAM_FRONT_RIGHT/n015-2018-11-14-18-57-54+0800__CAM_FRONT_RIGHT__1542193586420339.jpg", "samples/CAM_BACK_LEFT/n015-2018-11-14-18-57-54+0800__CAM_BACK_LEFT__1542193586447423.jpg", "samples/CAM_BACK/n015-2018-11-14-18-57-54+0800__CAM_BACK__1542193586437529.jpg", "samples/CAM_BACK_RIGHT/n015-2018-11-14-18-57-54+0800__CAM_BACK_RIGHT__1542193586427893.jpg"], "intrinsics": [[[1272.5979470598488, 0.0, 826.6154927353808], [0.0, 1272.5979470598488, 479.75165386361925], [0.0, 0.0, 1.0]], [[1266.417203046554, 0.0, 816.2670197447984], [0.0, 1266.417203046554, 491.50706579294757], [0.0, 0.0, 1.0]], [[1260.8474446004698, 0.0, 807.968244525554], [0.0, 1260.8474446004698, 495.3344268742088], [0.0, 0.0, 1.0]], [[1256.7414812095406, 0.0, 792.1125740759628], [0.0, 1256.7414812095406, 492.7757465151356], [0.0, 0.0, 1.0]], [[809.2209905677063, 0.0, 829.2196003259838], [0.0, 809.2209905677063, 481.77842384512485], [0.0, 0.0, 1.0]], [[1259.5137405846733, 0.0, 807.2529053838625], [0.0, 1259.5137405846733, 501.19579884916527], [0.0, 0.0, 1.0]]], "extrinsics": [[[0.8216369152069092, -0.5696770548820496, 0.019514963030815125, -0.7261962890625], [-9.846420289250091e-05, -0.03437795117497444, -0.9994089007377625, 1.5080642700195312], [0.5700111389160156, 0.8211493492126465, -0.028302285820245743, -1.10888671875], [0.0, 0.0, 0.0, 1.0]], [[0.00685378210619092, -0.9992377758026123, 0.0384298600256443, 0.002685546875], [-0.005436990410089493, -0.03846743330359459, -0.9992450475692749, 1.5190811157226562], [0.9999616742134094, 0.006639666389673948, -0.005696495994925499, -1.4515405893325806], [0.0, 0.0, 0.0, 1.0]], [[-0.8324694037437439, -0.5539477467536926, 0.011688003316521645, 0.8758544921875], [0.00012577821325976402, -0.0212837066501379, -0.9997734427452087, 1.5035934448242188], [0.5540710091590881, -0.8322793245315552, 0.017787707969546318, -1.1484375], [0.0, 0.0, 0.0, 1.0]], [[0.9479062557220459, 0.3184414207935333, -0.008293001912534237, -1.14886474609375], [0.00860110018402338, -0.05160975083708763, -0.9986302852630615, 1.5884246826171875], [-0.3184332251548767, 0.9465366005897522, -0.05166015401482582, -0.10009765625], [0.0, 0.0, 0.0, 1.0]], [[0.0023823194205760956, 0.9991294741630554, -0.04164934903383255, 0.004638671875], [-0.01673116721212864, -0.0