[{"images": ["samples/CAM_FRONT_LEFT/n015-2018-11-21-19-21-35+0800__CAM_FRONT_LEFT__1542799522354844.jpg", "samples/CAM_FRONT/n015-2018-11-21-19-21-35+0800__CAM_FRONT__1542799522362460.jpg", "samples/CAM_FRONT_RIGHT/n015-2018-11-21-19-21-35+0800__CAM_FRONT_RIGHT__1542799522370339.jpg", "samples/CAM_BACK_LEFT/n015-2018-11-21-19-21-35+0800__CAM_BACK_LEFT__1542799522397423.jpg", "samples/CAM_BACK/n015-2018-11-21-19-21-35+0800__CAM_BACK__1542799522387525.jpg", "samples/CAM_BACK_RIGHT/n015-2018-11-21-19-21-35+0800__CAM_BACK_RIGHT__1542799522377893.jpg"], "intrinsics": [[[1272.5979470598488, 0.0, 826.6154927353808], [0.0, 1272.5979470598488, 479.75165386361925], [0.0, 0.0, 1.0]], [[1266.417203046554, 0.0, 816.2670197447984], [0.0, 1266.417203046554, 491.50706579294757], [0.0, 0.0, 1.0]], [[1260.8474446004698, 0.0, 807.968244525554], [0.0, 1260.8474446004698, 495.3344268742088], [0.0, 0.0, 1.0]], [[1256.7414812095406, 0.0, 792.1125740759628], [0.0, 1256.7414812095406, 492.7757465151356], [0.0, 0.0, 1.0]], [[809.2209905677063, 0.0, 829.2196003259838], [0.0, 809.2209905677063, 481.77842384512485], [0.0, 0.0, 1.0]], [[1259.5137405846733, 0.0, 807.2529053838625], [0.0, 1259.5137405846733, 501.19579884916527], [0.0, 0.0, 1.0]]], "extrinsics": [[[0.8208134174346924, -0.5710972547531128, -0.010647992603480816, -0.7252197265625], [0.013753357343375683, 0.03839639201760292, -0.9991679787635803, 1.5121383666992188], [0.5710309147834778, 0.819983959197998, 0.03937077522277832, -1.116943359375], [0.0, 0.0, 0.0, 1.0]], [[0.005996805615723133, -0.9993857145309448, -0.034529589116573334, 0.0087890625], [0.009105018340051174, 0.03458334878087044, -0.9993603825569153, 1.5226364135742188], [0.9999405741691589, 0.005678525194525719, 0.009306811727583408, -1.45263671875], [0.0, 0.0, 0.0, 1.0]], [[-0.8324372172355652, -0.5525615215301514, -0.041520655155181885, 0.876953125], [0.015329801477491856, 0.051937442272901535, -0.9985326528549194, 1.50640869140625], [0.5539072155952454, -0.8318522572517395, -0.03476399928331375, -1.1431827545166016], [0.0, 0.0, 0.0, 1.0]], [[0.9474704265594482, 0.3183101713657379, 0.03128179907798767, -1.136962890625], [0.025714514777064323, 0.021678103134036064, -0.999434232711792, 1.58868408203125], [-0.3188081979751587, 0.947738766670227, 0.012354168109595776, -0.1055908203125], [0.0, 0.0, 0.0, 1.0]], [[0.002049076836556196, 0.9994949102401733, 0.031715404242277145, 0.001953125], [-0.00023934213095344603, 0.031715959310531616, -0.9994968771934509, 1.5793113708496094], [-0.9999978542327881, 0.0020404455717653036, 0.00030420938855968416, -0.0703125], [0.0, 0.0, 0.0, 1.0]], [[-0.9346951246261597, 0.3552127778530121, -0.013001568615436554, 1.0074462890625], [0.031744539737701416, 0.046988219022750854, -0.9983908534049988, 1.5557403564453125], [-0.3540303111076355, -0.9336037635803223, -0.055195726454257965, -0.11083984375], [0.0, 0.0, 0.0, 1.0]]], "view": [[0.0, -2.0, 100.0], [-2.0, 0.0, 100.0], [0.0, 0.0, 1.0]], "bev": "bev_b62a484b94a04ae4b1b2729fb2064696.png", "aux": "aux_b62a484b94a04ae4b1b2729fb2064696.npz", "visibility": "visibility_b62a484b94a04ae4b1b2729fb2064696.png", "pose": [[-0.9234194755554199, 0.38379228115081787, 0.0, 1644.6038818359375], [-0.38379228115081787, -0.9234194755554199, 0.0, 2494.93701171875], [0.0, 0.0, 1.0, 0.0], [0.0, 0.0, 0.0, 1.0]], "pose_inverse": [[-0.9234194755554199, -0.38379228115081787, 0.0, 2476.19677734375], [0.38379228115081787, -0.9234194755554199, 0.0, 1672.68701171875], [0.0, 0.0, 1.0, 0.0], [0.0, 0.0, 0.0, 1.0]], "cam_ids": [0, 1, 2, 3, 4, 5], "cam_channels": ["CAM_FRONT_LEFT", "CAM_FRONT", "CAM_FRONT_RIGHT", "CAM_BACK_LEFT", "CAM_BACK", "CAM_BACK_RIGHT"], "token": "b62a484b94a04ae4b1b2729fb2064696", "scene": "scene-1064"}, {"images": ["samples/CAM_FRONT_LEFT/n015-2018-11-21-19-21-35+0800__CAM_FRONT_LEFT__1542799522854844.jpg", "samples/CAM_FRONT/n015-2018-11-21-19-21-35+0800__CAM_FRONT__1542799522862460.jpg", "samples/CAM_FRONT_RIGHT/n015-2018-11-21-19-21-35+0800__CAM_FRONT_RIGHT__1542799522870339.jpg", "samples/CAM_BACK_LEFT/n015-2018-11-21-19-21-35+0800__CAM_BACK_LEFT__1542799522897423.jpg", "samples/CAM_BACK/n015-2018-11-21-19-21-35+0800__CAM_BACK__1542799522887525.jpg", "samples/CAM_BACK_RIGHT/n015-2018-11-21-19-21-35+0800__CAM_BACK_RIGHT__1542799522877893.jpg"], "intrinsics": [[[1272.5979470598488, 0.0, 826.6154927353808], [0.0, 1272.5979470598488, 479.75165386361925], [0.0, 0.0, 1.0]], [[1266.417203046554, 0.0, 816.2670197447984], [0.0, 1266.417203046554, 491.50706579294757], [0.0, 0.0, 1.0]], [[1260.8474446004698, 0.0, 807.968244525554], [0.0, 1260.8474446004698, 495.3344268742088], [0.0, 0.0, 1.0]], [[1256.7414812095406, 0.0, 792.1125740759628], [0.0, 1256.7414812095406, 492.7757465151356], [0.0, 0.0, 1.0]], [[809.2209905677063, 0.0, 829.2196003259838], [0.0, 809.2209905677063, 481.77842384512485], [0.0, 0.0, 1.0]], [[1259.5137405846733, 0.0, 807.2529053838625], [0.0, 1259.5137405846733, 501.19579884916527], [0.0, 0.0, 1.0]]], "extrinsics": [[[0.8207241296768188, -0.5712129473686218, -0.011296928860247135, -0.695556640625], [0.014327705837786198, 0.04034513607621193, -0.9990830421447754, 1.5129165649414062], [0.5711449384689331, 0.8198097348213196, 0.041296400129795074, -1.09375], [0.0, 0.0, 0.0, 1.0]], [[0.005729813128709793, -0.9993295073509216, -0.036162156611680984, 0.007080078125], [0.008831605315208435, 0.03621191158890724, -0.9993051290512085, 1.5229034423828125], [0.9999446272850037, 0.0054063983261585236, 0.009033170528709888, -1.421142578125], [0.0, 0.0, 0.0, 1.0]], [[-0.8326780796051025, -0.5522119998931885, -0.04134088382124901, 0.85546875], [0.014217955060303211, 0.05331091582775116, -0.9984766840934753, 1.5066375732421875], [0.5535748600959778, -0.8319975137710571, -0.03653950244188309, -1.130462646484375], [0.0, 0.0, 0.0, 1.0]], [[0.9475407600402832, 0.3184044063091278, 0.028017234057188034, -1.136962890625], [0.02194632962346077, 0.02263869158923626, -0.9995027780532837, 1.5886764526367188], [-0.3188803493976593, 0.947684645652771, 0.014463276602327824, -0.10540771484375], [0.0, 0.0, 0.0, 1.0]], [[0.0023008871357887983, 0.9994596242904663, 0.032789990305900574, 0.0030517578125], [-0.0031162791419774294, 0.032797083258628845, -0.9994572401046753, 1.5790977478027344], [-0.9999924302101135, 0.002197437919676304, 0.0031900578178465366, -0.080078125], [0.0, 0.0, 0.0, 1.0]], [[-0.9345625638961792, 0.3556360602378845, -0.01076207309961319, 0.9898681640625], [0.02984144352376461, 0.0482063852250576, -0.9983915090560913, 1.55609130859375], [-0.3545452356338501, -0.9333804845809937, -0.05566457659006119, -0.119140625], [0.0, 0.0, 0.0, 1.0]]], "view": [[0.0, -2.0, 100.0], [-2.0, 0.0, 100.0], [0.0, 0.0, 1.0]], "bev": "bev_f5d54192b13b432db8667d471d0d5690.png", "aux": "aux_f5d54192b13b432db8667d471d0d5690.npz", "visibility": "visibility_f5d54192b13b432db8667d471d0d5690.png", "pose": [[-0.9243150949478149, 0.38163018226623535, 0.0, 1641.330322265625], [-0.38163018226623535, -0.9243150949478149, 0.0, 2493.61376953125], [0.0, 0.0, 1.0, 0.0], [0.0, 0.0, 0.0, 1.0]], "pose_inverse": [[-0.9243150949478149, -0.38163018226623535, 0.0, 2468.74462890625], [0.38163018226623535, -0.9243150949478149, 0.0, 1678.503662109375], [0.0, 0.0, 1.0, 0.0], [0.0, 0.0, 0.0, 1.0]], "cam_ids": [0, 1, 2, 3, 4, 5], "cam_channels": ["CAM_FRONT_LEFT", "CAM_FRONT", "CAM_FRONT_RIGHT", "CAM_BACK_LEFT", "CAM_BACK", "CAM_BACK_RIGHT"], "token": "f5d54192b13b432db8667d471d0d5690", "scene": "scene-1064"}, {"images": ["samples/CAM_FRONT_LEFT/n015-2018-11-21-19-21-35+0800__CAM_FRONT_LEFT__1542799523404844.jpg", "samples/CAM_FRONT/n015-2018-11-21-19-21-35+0800__CAM_FRONT__1542799523412460.jpg", "samples/CAM_FRONT_RIGHT/n015-2018-11-21-19-21-35+0800__CAM_FRONT_RIGHT__1542799523420339.jpg", "samples/CAM_BACK_LEFT/n015-2018-11-21-19-21-35+0800__CAM_BACK_LEFT__1542799523447423.jpg", "samples/CAM_BACK/n015-2018-11-21-19-21-35+0800__CAM_BACK__1542799523437525.jpg", "samples/CAM_BACK_RIGHT/n015-2018-11-21-19-21-35+0800__CAM_BACK_RIGHT__1542799523427893.jpg"], "intrinsics": [[[1272.5979470598488, 0.0, 826.6154927353808], [0.0, 1272.5979470598488, 479.75165386361925], [0.0, 0.0, 1.0]], [[1266.417203046554, 0.0, 816.2670197447984], [0.0, 1266.417203046554, 491.50706579294757], [0.0, 0.0, 1.0]], [[1260.8474446004698, 0.0, 807.968244525554], [0.0, 1260.8474446004698, 495.3344268742088], [0.0, 0.0, 1.0]], [[1256.7414812095406, 0.0, 792.1125740759628], [0.0, 1256.7414812095406, 492.7757465151356], [0.0, 0.0, 1.0]], [[809.2209905677063, 0.0, 829.2196003259838], [0.0, 809.2209905677063, 481.77842384512485], [0.0, 0.0, 1.0]], [[1259.5137405846733, 0.0, 807.2529053838625], [0.0, 1259.5137405846733, 501.19579884916527], [0.0, 0.0, 1.0]]], "extrinsics": [[[0.8214536905288696, -0.5702118873596191, -0.008492310531437397, -0.685546875], [0.011856948025524616, 0.03196585178375244, -0.9994186162948608, 1.5121612548828125], [0.5701518058776855, 0.8208755254745483, 0.03301944583654404, -1.09033203125], [0.0, 0.0, 0.0, 1.0]], [[0.0067296200431883335, -0.9995911717414856, -0.02779032476246357, 0.00927734375], [0.006550856400281191, 0.02783443033695221, -0.9995911121368408, 1.5222969055175781], [0.999955952167511, 0.006544800009578466, 0.006735492497682571, -1.4140625], [0.0, 0.0, 0.0, 1.0]], [[-0.8322937488555908, -0.5532273650169373, -0.03502347692847252, 0.8525390625], [0.012143942527472973, 0.044969093054533005, -0.9989145398139954, 1.5062103271484375], [0.5542017221450806, -0.8318157196044922, -0.03070913814008236, -1.1267013549804688], [0.0, 0.0, 0.0, 1.0]], [[0.9475815296173096, 0.3186165690422058, 0.023931408300995827, -1.134765625], [0.02046062797307968, 0.014236104674637318, -0.9996892809867859, 1.5887069702148438], [-0.31885826587677, 0.947776734828949, 0.006970774848014116, -0.10626220703125], [0.0, 0.0, 0.0, 1.0]], [[0.002044322667643428, 0.9996997714042664, 0.02441750094294548, 0.00244140625], [-0.004723549820482731, 0.024426933377981186, -0.9996904730796814, 1.578948974609375], [-0.9999867677688599, 0.001928361365571618, 0.004772068001329899, -0.081787109375], [0.0, 0.0, 0.0, 1.0]], [[-0.9348089098930359, 0.35494738817214966, -0.012024831026792526, 0.9873046875], [0.027992509305477142, 0.03988506272435188, -0.9988120794296265, 1.55584716796875], [-0.35404616594314575, -0.9340351819992065, -0.04722078517079353, -0.11865234375], [0.0, 0.0, 0.0, 1.0]]], "view": [[0.0, -2.0, 100.0], [-2.0, 0.0, 100.0], [0.0, 0.0, 1.0]], "bev": "bev_c498944e41d143a99f9d2598b1b86cce.png", "aux": "aux_c498944e41d143a99f9d2598b1b86cce.npz", "visibility": "visibility_c498944e41d143a99f9d2598b1b86cce.png", "pose": [[-0.9268820881843567, 0.3753526508808136, 0.0, 1637.417724609375], [-0.3753526508808136, -0.9268820881843567, 0.0, 2492.041259765625], [0.0, 0.0, 1.0, 0.0], [0.0, 0.0, 0.0, 1.0]], "pose_inverse": [[-0.9268820881843567, -0.3753526508808136, 0.0, 2453.08740234375], [0.3753526508808136, -0.9268820881843567, 0.0, 1695.2193603515625], [0.0, 0.0, 1.0, 0.0], [0.0, 0.0, 0.0, 1.0]], "cam_ids": [0, 1, 2, 3, 4, 5], "cam_channels": ["CAM_FRONT_LEFT", "CAM_FRONT", "CAM_FRONT_RIGHT", "CAM_BACK_LEFT", "CAM_BACK", "CAM_BACK_RIGHT"], "token": "c498944e41d143a99f9d2598b1b86cce", "scene": "scene-1064"}, {"images": ["samples/CAM_FRONT_LEFT/n015-2018-11-21-19-21-35+0800__CAM_FRONT_LEFT__1542799523854844.jpg", "samples/CAM_FRONT/n015-2018-11-21-19-21-35+0800__CAM_FRONT__1542799523862460.jpg", "samples/CAM_FRONT_RIGHT/n015-2018-11-21-19-21-35+0800__CAM_FRONT_RIGHT__1542799523870339.jpg", "samples/CAM_BACK_LEFT/n015-2018-11-21-19-21-35+0800__CAM_BACK_LEFT__1542799523897423.jpg", "samples/CAM_BACK/n015-2018-11-21-19-21-35+0800__CAM_BACK__1542799523887525.jpg", "samples/CAM_BACK_RIGHT/n015-2018-11-21-19-21-35+0800__CAM_BACK_RIGHT__1542799523877893.jpg"], "intrinsics": [[[1272.5979470598488, 0.0, 826.6154927353808], [0.0, 1272.5979470598488, 479.75165386361925], [0.0, 0.0, 1.0]], [[1266.417203046554, 0.0, 816.2670197447984], [0.0, 1266.417203046554, 491.50706579294757], [0.0, 0.0, 1.0]], [[1260.8474446004698, 0.0, 807.968244525554], [0.0, 1260.8474446004698, 495.3344268742088], [0.0, 0.0, 1.0]], [[1256.7414812095406, 0.0, 792.1125740759628], [0.0, 1256.7414812095406, 492.7757465151356], [0.0, 0.0, 1.0]], [[809.2209905677063, 0.0, 829.2196003259838], [0.0, 809.2209905677063, 481.77842384512485], [0.0, 0.0, 1.0]], [[1259.5137405846733, 0.0, 807.2529053838625], [0.0, 1259.5137405846733, 501.19579884916527], [0.0, 0.0, 1.0]]], "extrinsics": [[[0.8217107057571411, -0.5698096752166748, -0.010404529981315136, -0.669677734375], [0.00502590648829937, 0.02550124190747738, -0.9996621608734131, 1.5100059509277344], [0.5698825120925903, 0.8213808536529541, 0.02381845749914646, -1.07763671875], [0.0, 0.0, 0.0, 1.0]], [[0.007063437718898058, -0.9997479319572449, -0.02130923978984356, 0.008544921875], [-6.199095514602959e-05, 0.02130933478474617, -0.9997729659080505, 1.5204811096191406], [0.9999750256538391, 0.007063155993819237, 8.854005136527121e-05, -1.396484375], [0.0, 0.0, 0.0, 1.0]], [[-0.8322566747665405, -0.5537780523300171, -0.02605065517127514, 0.8408203125], [0.0057711489498615265, 0.038333043456077576, -0.9992483258247375, 1.5049285888671875], [0.5543603897094727, -0.8317814469337463, -0.028706993907690048, -1.1198348999023438], [0.0, 0.0, 0.0, 1.0]], [[0.9476734399795532, 0.31879013776779175, 0.01696593314409256, -1.134521484375], [0.015520405024290085, 0.007074213121086359, -0.9998545050621033, 1.5886726379394531], [-0.3188638389110565, 0.9477989673614502, 0.0017562912544235587, -0.1063232421875], [0.0, 0.0, 0.0, 1.0]], [[0.0019726166501641273, 0.9998471140861511, 0.017374547198414803, 0.0025634765625], [-0.01032556314021349, 0.017394019290804863, -0.9997953772544861, 1.5784258842468262], [-0.9999446868896484, 0.0017927766311913729, 0.010358297266066074, -0.087158203125], [0.0, 0.0, 0.0, 1.0]], [[-0.934983491897583, 0.35458260774612427, -0.008775180205702782, 0.978271484375], [0.0219228807836771, 0.03307906910777092, -0.9992122650146484, 1.5551223754882812], [-0.354013055562973, -0.9344393610954285, -0.0387018583714962, -0.122802734375], [0.0, 0.0, 0.0, 1.0]]], "view": [[0.0, -2.0, 100.0], [-2.0, 0.0, 100.0], [0.0, 0.0, 1.0]], "bev": "bev_3dbf7daf29614311969bd1b9ed3e7e70.png", "aux": "aux_3dbf7daf29614311969bd1b9ed3e7e70.npz", "visibility": "visibility_3dbf7daf29614311969bd1b9ed3e7e70.png", "pose": [[-0.9295380711555481, 0.36872607469558716, 0.0, 1634.046142578125], [-0.36872607469558716, -0.9295380711555481, 0.0, 2490.71044921875], [0.0, 0.0, 1.0, 0.0], [0.0, 0.0, 0.0, 1.0]], "pose_inverse": [[-0.9295380711555481, -0.36872607469558716, 0.0, 2437.298095703125], [0.36872607469558716, -0.9295380711555481, 0.0, 1712.69482421875], [0.0, 0.0, 1.0, 0.0], [0.0, 0.0, 0.0, 1.0]], "cam_ids": [0, 1, 2, 3, 4, 5], "cam_channels": ["CAM_FRONT_LEFT", "CAM_FRONT", "CAM_FRONT_RIGHT", "CAM_BACK_LEFT", "CAM_BACK", "CAM_BACK_RIGHT"], "token": "3dbf7daf29614311969bd1b9ed3e7e70", "scene": "scene-1064"}, {"images": ["samples/CAM_FRONT_LEFT/n015-2018-11-21-19-21-35+0800__CAM_FRONT_LEFT__1542799524354844.jpg", "samples/CAM_FRONT/n015-2018-11-21-19-21-35+0800__CAM_FRONT__1542799524362460.jpg", "samples/CAM_FRONT_RIGHT/n015-2018-11-21-19-21-35+0800__CAM_FRONT_RIGHT__1542799524370339.jpg", "samples/CAM_BACK_LEFT/n015-2018-11-21-19-21-35+0800__CAM_BACK_LEFT__1542799524397423.jpg", "samples/CAM_BACK/n015-2018-11-21-19-21-35+0800__CAM_BACK__1542799524387525.jpg", "samples/CAM_BACK_RIGHT/n015-2018-11-21-19-21-35+0800__CAM_BACK_RIGHT__1542799524377893.jpg"], "intrinsics": [[[1272.5979470598488, 0.0, 826.6154927353808], [0.0, 1272.5979470598488, 479.75165386361925], [0.0, 0.0, 1.0]], [[1266.417203046554, 0.0, 816.2670197447984], [0.0, 1266.417203046554, 491.50706579294757], [0.0, 0.0, 1.0]], [[1260.8474446004698, 0.0, 807.968244525554], [0.0, 1260.8474446004698, 495.3344268742088], [0.0, 0.0, 1.0]], [[1256.7414812095406, 0.0, 792.1125740759628], [0.0, 1256.7414812095406, 492.7757465151356], [0.0, 0.0, 1.0]], [[809.2209905677063, 0.0, 829.2196003259838], [0.0, 809.2209905677063, 481.77842384512485], [0.0, 0.0, 1.0]], [[1259.5137405846733, 0.0, 807.2529053838625], [0.0, 1259.5137405846733, 501.19579884916527], [0.0, 0.0, 1.0]]], "extrinsics": [[[0.8212053179740906, -0.5704587697982788, 0.014095365069806576, -0.66107177734375], [0.024198418483138084, 0.010134576819837093, -0.9996558427810669, 1.5171585083007812], [0.5701195597648621, 0.8212637305259705, 0.02212676964700222, -1.0712890625], [0.0, 0.0, 0.0, 1.0]], [[0.006552772130817175, -0.9999650120735168, -0.005195316392928362, 0.0081787109375], [0.01906348019838333, 0.005319403950124979, -0.9998041391372681, 1.5263175964355469], [0.9997966885566711, 0.0064524514600634575, 0.019097670912742615, -1.389404296875], [0.0, 0.0, 0.0, 1.0]], [[-0.8320808410644531, -0.5536869168281555, -0.032743990421295166, 0.836669921875], [0.024807043373584747, 0.021825775504112244, -0.9994539618492126, 1.5094757080078125], [0.5540993213653564, -0.8324387669563293, -0.004425473511219025, -1.117584228515625], [0.0, 0.0, 0.0, 1.0]], [[0.9473917484283447, 0.3187849223613739, 0.02872435748577118, -1.1396484375], [0.03386528417468071, -0.010594668798148632, -0.9993702173233032, 1.5886497497558594], [-0.31827983260154724, 0.9477678537368774, -0.02083303965628147, -0.1044921875], [0.0, 0.0, 0.0, 1.0]], [[0.0023359565529972315, 0.9999972581863403, 0.00020486628636717796, 0.0028076171875], [0.008286365307867527, 0.00018550324602983892, -0.9999656677246094, 1.5800895690917969], [-0.9999629855155945, 0.002337599638849497, -0.008285910822451115, -0.08544921875], [0.0, 0.0, 0.0, 1.0]], [[-0.934374988079071, 0.35481756925582886, -0.03237001225352287, 0.976318359375], [0.040776677429676056, 0.01623900793492794, -0.9990363121032715, 1.5583877563476562], [-0.35395002365112305, -0.934794545173645, -0.02964160591363907, -0.12353515625], [0.0, 0.0, 0.0, 1.0]]], "view": [[0.0, -2.0, 100.0], [-2.0, 0.0, 100.0], [0.0, 0.0, 1.0]], "bev": "bev_a354f38681ff451c9fd5d33f696e54b4.png", "aux": "aux_a354f38681ff451c9fd5d33f696e54b4.npz", "visibility": "visibility_a354f38681ff451c9fd5d33f696e54b4.png", "pose": [[-0.9330118298530579, 0.35984569787979126, 0.0, 1630.0562744140625], [-0.35984569787979126, -0.9330118298530579, 0.0, 2489.1689453125], [0.0, 0.0, 1.0, 0.0], [0.0, 0.0, 0.0, 1.0]], "pose_inverse": [[-0.9330118298530579, -0.35984569787979126, 0.0, 2416.57861328125], [0.35984569787979126, -0.9330118298530579, 0.0, 1735.8553466796875], [0.0, 0.0, 1.0, 0.0], [0.0, 0.0, 0.0, 1.0]], "cam_ids": [0, 1, 2, 3, 4, 5], "cam_channels": ["CAM_FRONT_LEFT", "CAM_FRONT", "CAM_FRONT_RIGHT", "CAM_BACK_LEFT", "CAM_BACK", "CAM_BACK_RIGHT"], "token": "a354f38681ff451c9fd5d33f696e54b4", "scene": "scene-1064"}, {"images": ["samples/CAM_FRONT_LEFT/n015-2018-11-21-19-21-35+0800__CAM_FRONT_LEFT__1542799524904844.jpg", "samples/CAM_FRONT/n015-2018-11-21-19-21-35+0800__CAM_FRONT__1542799524912460.jpg", "samples/CAM_FRONT_RIGHT/n015-2018-11-21-19-21-35+0800__CAM_FRONT_RIGHT__1542799524920339.jpg", "samples/CAM_BACK_LEFT/n015-2018-11-21-19-21-35+0800__CAM_BACK_LEFT__1542799524947423.jpg", "samples/CAM_BACK/n015-2018-11-21-19-21-35+0800__CAM_BACK__1542799524937525.jpg", "samples/CAM_BACK_RIGHT/n015-2018-11-21-19-21-35+0800__CAM_BACK_RIGHT__1542799524927893.jpg"], "intrinsics": [[[1272.5979470598488, 0.0, 826.6154927353808], [0.0, 1272.5979470598488, 479.75165386361925], [0.0, 0.0, 1.0]], [[1266.417203046554, 0.0, 816.2670197447984], [0.0, 1266.417203046554, 491.50706579294757], [0.0, 0.0, 1.0]], [[1260.8474446004698, 0.0, 807.968244525554], [0.0, 1260.8474446004698, 495.3344268742088], [0.0, 0.0, 1.0]], [[1256.7414812095406, 0.0, 792.1125740759628], [0.0, 1256.7414812095406, 492.7757465151356], [0.0, 0.0, 1.0]], [[809.2209905677063, 0.0, 829.2196003259838], [0.0, 809.2209905677063, 481.77842384512485], [0.0, 0.0, 1.0]], [[1259.5137405846733, 0.0, 807.2529053838625], [0.0, 1259.5137405846733, 501.19579884916527], [0.0, 0.0, 1.0]]], "extrinsics": [[[0.8201708793640137, -0.5711350440979004, 0.033534836024045944, -0.6529541015625], [0.03240165859460831, -0.012150987982749939, -0.9994010925292969, 1.520538330078125], [0.5712004899978638, 0.8207662105560303, 0.008539835922420025, -1.06689453125], [0.0, 0.0, 0.0, 1.0]], [[0.005309551488608122, -0.9998607635498047, 0.015818094834685326, 0.0093994140625], [0.026843728497624397, -0.015670105814933777, -0.9995167851448059, 1.5289306640625], [0.999625563621521, 0.005731645971536636, 0.026756783947348595, -1.38134765625], [0.0, 0.0, 0.0, 1.0]], [[-0.8323788642883301, -0.5535003542900085, -0.02797790616750717, 0.83203125], [0.03219632804393768, 0.0021026202011853456, -0.9994792938232422, 1.5114212036132812], [0.5532711148262024, -0.8328462839126587, 0.016070501878857613, -1.1131820678710938], [0.0, 0.0, 0.0, 1.0]], [[0.9471443891525269, 0.31944361329078674, 0.029553256928920746, -1.137939453125], [0.03984664008021355, -0.02573389746248722, -0.9988743662834167, 1.5887565612792969], [-0.3183235228061676, 0.9472558498382568, -0.03710246458649635, -0.1055908203125], [0.0, 0.0, 0.0, 1.0]], [[0.002787501784041524, 0.9998545050621033, -0.016831450164318085, 0.0020751953125], [0.014819970354437828, -0.016870971769094467, -0.9997478723526001, 1.5807242393493652], [-0.9998862743377686, 0.002537331311032176, -0.014864842407405376, -0.08935546875], [0.0, 0.0, 0.0, 1.0]], [[-0.9338535070419312, 0.35474729537963867, -0.045518796890974045, 0.9715576171875], [0.04779971018433571, -0.002336079953238368, -0.9988542199134827, 1.5598602294921875], [-0.3544471263885498, -0.934959352016449, -0.014775262214243412, -0.12451171875], [0.0, 0.0, 0.0, 1.0]]], "view": [[0.0, -2.0, 100.0], [-2.0, 0.0, 100.0], [0.0, 0.0, 1.0]], "bev": "bev_6a26b8244fc1466f9f52387039718f6f.png", "aux": "aux_6a26b8244fc1466f9f52387039718f6f.npz", "visibility": "visibility_6a26b8244fc1466f9f52387039718f6f.png", "pose": [[-0.9337093830108643, 0.35803189873695374, 0.0, 1625.5169677734375], [-0.35803189873695374, -0.9337093830108643, 0.0, 2487.449462890625], [0.0, 0.0, 1.0, 0.0], [0.0, 0.0, 0.0, 1.0]], "pose_inverse": [[-0.9337093830108643, -0.35803189873695374, 0.0, 2408.3466796875], [0.35803189873695374, -0.9337093830108643, 0.0, 1740.56787109375], [0.0, 0.0, 1.0, 0.0], [0.0, 0.0, 0.0, 1.0]], "cam_ids": [0, 1, 2, 3, 4, 5], "cam_channels": ["CAM_FRONT_LEFT", "CAM_FRONT", "CAM_FRONT_RIGHT", "CAM_BACK_LEFT", "CAM_BACK", "CAM_BACK_RIGHT"], "token": "6a26b8244fc1466f9f52387039718f6f", "scene": "scene-1064"}, {"images": ["samples/CAM_FRONT_LEFT/n015-2018-11-21-19-21-35+0800__CAM_FRONT_LEFT__1542799525404844.jpg", "samples/CAM_FRONT/n015-2018-11-21-19-21-35+0800__CAM_FRONT__1542799525412460.jpg", "samples/CAM_FRONT_RIGHT/n015-2018-11-21-19-21-35+0800__CAM_FRONT_RIGHT__1542799525420339.jpg", "samples/CAM_BACK_LEFT/n015-2018-11-21-19-21-35+0800__CAM_BACK_LEFT__1542799525447423.jpg", "samples/CAM_BACK/n015-2018-11-21-19-21-35+0800__CAM_BACK__1542799525437531.jpg", "samples/CAM_BACK_RIGHT/n015-2018-11-21-19-21-35+0800__CAM_BACK_RIGHT__1542799525427893.jpg"], "intrinsics": [[[1272.5979470598488, 0.0, 826.6154927353808], [0.0, 1272.5979470598488, 479.75165386361925], [0.0, 0.0, 1.0]], [[1266.417203046554, 0.0, 816.2670197447984], [0.0, 1266.417203046554, 491.50706579294757], [0.0, 0.0, 1.0]], [[1260.8474446004698, 0.0, 807.968244525554], [0.0, 1260.8474446004698, 495.3344268742088], [0.0, 0.0, 1.0]], [[1256.7414812095406, 0.0, 792.1125740759628], [0.0, 1256.7414812095406, 492.7757465151356], [0.0, 0.0, 1.0]], [[809.2209905677063, 0.0, 829.2196003259838], [0.0, 809.2209905677063, 481.77842384512485], [0.0, 0.0, 1.0]], [[1259.5137405846733, 0.0, 807.2529053838625], [0.0, 1259.5137405846733, 501.19579884916527], [0.0, 0.0, 1.0]]], "extrinsics": [[[0.8202287554740906, -0.571580708026886, 0.022807763889431953, -0.666259765625], [0.029835596680641174, 0.002929602051153779, -0.9995505213737488, 1.5190505981445312], [0.5712569952011108, 0.8205405473709106, 0.019456395879387856, -1.075439453125], [0.0, 0.0, 0.0, 1.0]], [[0.005335136316716671, -0.9999842047691345, 0.0017237329157069325, 0.008544921875], [0.02407783269882202, -0.0015947986394166946, -0.9997088313102722, 1.5277099609375], [0.999695897102356, 0.0053750257939100266, 0.02406894415616989, -1.394775390625], [0.0, 0.0, 0.0, 1.0]], [[-0.8324575424194336, -0.5531221032142639, -0.032716505229473114, 0.840576171875], [0.029224328696727753, 0.01513366773724556, -0.9994582533836365, 1.5103836059570312], [0.5533176064491272, -0.8329627513885498, 0.003566487692296505, -1.1192703247070312], [0.0, 0.0, 0.0, 1.0]], [[0.947320282459259, 0.31897619366645813, 0.028954850509762764, -1.13818359375], [0.035951994359493256, -0.016069117933511734, -0.9992243051528931, 1.5887107849121094], [-0.3182634115219116, 0.9476264715194702, -0.02669043280184269, -0.10528564453125], [0.0, 0.0, 0.0, 1.0]], [[0.002721185563132167, 0.9999793767929077, -0.005825440865010023, 0.002197265625], [0.011325554922223091, -0.005855907686054707, -0.9999186992645264, 1.580343246459961], [-0.9999321103096008, 0.0026549487374722958, -0.011341254226863384, -0.08447265625], [0.0, 0.0, 0.0, 1.0]], [[-0.9339953064918518, 0.35523414611816406, -0.03822910413146019, 0.9791259765625], [0.0446045882999897, 0.009771715849637985, -0.9989569187164307, 1.5589218139648438], [-0.3544900119304657, -0.9347262978553772, -0.02497180923819542, -0.1220703125], [0.0, 0.0, 0.0, 1.0]]], "view": [[0.0, -2.0, 100.0], [-2.0, 0.0, 100.0], [0.0, 0.0, 1.0]], "bev": "bev_0c4faeb94da6430f8c1c581ac5adbb79.png", "aux": "aux_0c4faeb94da6430f8c1c581ac5adbb79.npz", "visibility": "visibility_0c4faeb94da6430f8c1c581ac5adbb79.png", "pose": [[-0.9304653406143188, 0.36637988686561584, 0.0, 1621.4881591796875], [-0.36637988686561584, -0.9304653406143188, 0.0, 2485.906005859375], [0.0, 0.0, 1.0, 0.0], [0.0, 0.0, 0.0, 1.0]], "pose_inverse": [[-0.9304653406143188, -0.36637988686561584, 0.0, 2419.5244140625], [0.36637988686561584, -0.9304653406143188, 0.0, 1718.96875], [0.0, 0.0, 1.0, 0.0], [0.0, 0.0, 0.0, 1.0]], "cam_ids": [0, 1, 2, 3, 4, 5], "cam_channels": ["CAM_FRONT_LEFT", "CAM_FRONT", "CAM_FRONT_RIGHT", "CAM_BACK_LEFT", "CAM_BACK", "CAM_BACK_RIGHT"], "token": "0c4faeb94da6430f8c1c581ac5adbb79", "scene": "scene-1064"}, {"images": ["samples/CAM_FRONT_LEFT/n015-2018-11-21-19-21-35+0800__CAM_FRONT_LEFT__1542799525904844.jpg", "samples/CAM_FRONT/n015-2018-11-21-19-21-35+0800__CAM_FRONT__1542799525912460.jpg", "samples/CAM_FRONT_RIGHT/n015-2018-11-21-19-21-35+0800__CAM_FRONT_RIGHT__1542799525920339.jpg", "samples/CAM_BACK_LEFT/n015-2018-11-21-19-21-35+0800__CAM_BACK_LEFT__1542799525947423.jpg", "samples/CAM_BACK/n015-2018-11-21-19-21-35+0800__CAM_BACK__1542799525937525.jpg", "samples/CAM_BACK_RIGHT/n015-2018-11-21-19-21-35+0800__CAM_BACK_RIGHT__1542799525927893.jpg"], "intrinsics": [[[1272.5979470598488, 0.0, 826.6154927353808], [0.0, 1272.5979470598488, 479.75165386361925], [0.0, 0.0, 1.0]], [[1266.417203046554, 0.0, 816.2670197447984], [0.0, 1266.417203046554, 491.50706579294757], [0.0, 0.0, 1.0]], [[1260.8474446004698, 0.0, 807.968244525554], [0.0, 1260.8474446004698, 495.3344268742088], [0.0, 0.0, 1.0]], [[1256.7414812095406, 0.0, 792.1125740759628], [0.0, 1256.7414812095406, 492.7757465151356], [0.0, 0.0, 1.0]], [[809.2209905677063, 0.0, 829.2196003259838], [0.0, 809.2209905677063, 481.77842384512485], [0.0, 0.0, 1.0]], [[1259.5137405846733, 0.0, 807.2529053838625], [0.0, 1259.5137405846733, 501.19579884916527], [0.0, 0.0, 1.0]]], "extrinsics": [[[0.8204656839370728, -0.571567714214325, 0.012105850502848625, -0.67523193359375], [0.014504093676805496, -0.0003577262978069484, -0.9998947381973267, 1.5133590698242188], [0.5715118646621704, 0.8205549120903015, 0.007996568456292152, -1.080078125], [0.0, 0.0, 0.0, 1.0]], [[0.005349212791770697, -0.9999759793281555, 0.004406420048326254, 0.0079345703125], [0.008861362934112549, -0.004358908161520958, -0.9999513030052185, 1.523106575012207], [0.9999464750289917, 0.005388008430600166, 0.008837832137942314, -1.403076171875], [0.0, 0.0, 0.0, 1.0]], [[-0.832852840423584, -0.5531712174415588, -0.018915386870503426, 0.845458984375], [0.014131773263216019, 0.012911434285342693, -0.9998167753219604, 1.5068016052246094], [0.553314208984375, -0.8329674601554871, -0.0029360316693782806, -1.1235809326171875], [0.0, 0.0, 0.0, 1.0]], [[0.9476122856140137, 0.3191077709197998, 0.014182254672050476, -1.137939453125], [0.02086842991411686, -0.017543278634548187, -0.9996283054351807, 1.5886497497558594], [-0.3187403976917267, 0.9475560188293457, -0.02328350581228733, -0.10540771484375], [0.0, 0.0, 0.0, 1.0]], [[0.0025813840329647064, 0.9999693632125854, -0.00739313755184412, 0.0025634765625], [-0.00370574276894331, -0.007383545394986868, -0.9999659061431885, 1.5790519714355469], [-0.9999898672103882, 0.002608685754239559, 0.0036865684669464827, -0.08154296875], [0.0, 0.0, 0.0, 1.0]], [[-0.9344735741615295, 0.3551631569862366, -0.024866143241524696, 0.9837646484375], [0.02961905300617218, 0.007950641214847565, -0.9995296597480774, 1.5562667846679688], [-0.35479840636253357, -0.9347705841064453, -0.017949258908629417, -0.12060546875], [0.0, 0.0, 0.0, 1.0]]], "view": [[0.0, -2.0, 100.0], [-2.0, 0.0, 100.0], [0.0, 0.0, 1.0]], "bev": "bev_08b9ccadbe4c47849755e1fee5ba157a.png", "aux": "aux_08b9ccadbe4c47849755e1fee5ba157a.npz", "visibility": "visibility_08b9ccadbe4c47849755e1fee5ba157a.png", "pose": [[-0.9299911856651306, 0.36758187413215637, 0.0, 1617.672607421875], [-0.36758187413215637, -0.9299911856651306, 0.0, 2484.427490234375], [0.0, 0.0, 1.0, 0.0], [0.0, 0.0, 0.0, 1.0]], "pose_inverse": [[-0.9299911856651306, -0.36758187413215637, 0.0, 2417.65185546875], [0.36758187413215637, -0.9299911856651306, 0.0, 1715.868408203125], [0.0, 0.0, 1.0, 0.0], [0.0, 0.0, 0.0, 1.0]], "cam_ids": [0, 1, 2, 3, 4, 5], "cam_channels": ["CAM_FRONT_LEFT", "CAM_FRONT", "CAM_FRONT_RIGHT", "CAM_BACK_LEFT", "CAM_BACK", "CAM_BACK_RIGHT"], "token": "08b9ccadbe4c47849755e1fee5ba157a", "scene": "scene-1064"}, {"images": ["samples/CAM_FRONT_LEFT/n015-2018-11-21-19-21-35+0800__CAM_FRONT_LEFT__1542799526404844.jpg", "samples/CAM_FRONT/n015-2018-11-21-19-21-35+0800__CAM_FRONT__1542799526412460.jpg", "samples/CAM_FRONT_RIGHT/n015-2018-11-21-19-21-35+0800__CAM_FRONT_RIGHT__1542799526420339.jpg", "samples/CAM_BACK_LEFT/n015-2018-11-21-19-21-35+0800__CAM_BACK_LEFT__1542799526447423.jpg", "samples/CAM_BACK/n015-2018-11-21-19-21-35+0800__CAM_BACK__1542799526437525.jpg", "samples/CAM_BACK_RIGHT/n015-2018-11-21-19-21-35+0800__CAM_BACK_RIGHT__1542799526427893.jpg"], "intrinsics": [[[1272.5979470598488, 0.0, 826.6154927353808], [0.0, 1272.5979470598488, 479.75165386361925], [0.0, 0.0, 1.0]], [[1266.417203046554, 0.0, 816.2670197447984], [0.0, 1266.417203046554, 491.50706579294757], [0.0, 0.0, 1.0]], [[1260.8474446004698, 0.0, 807.968244525554], [0.0, 1260.8474446004698, 495.3344268742088], [0.0, 0.0, 1.0]], [[1256.7414812095406, 0.0, 792.1125740759628], [0.0, 1256.7414812095406, 492.7757465151356], [0.0, 0.0, 1.0]], [[809.2209905677063, 0.0, 829.2196003259838], [0.0, 809.2209905677063, 481.77842384512485], [0.0, 0.0, 1.0]], [[1259.5137405846733, 0.0, 807.2529053838625], [0.0, 1259.5137405846733, 501.19579884916527], [0.0, 0.0, 1.0]]], "extrinsics": [[[0.8202047348022461, -0.5720367431640625, -0.006175648886710405, -0.7037353515625], [-0.011571374721825123, -0.005796418525278568, -0.9999162554740906, 1.5045967102050781], [0.5719530582427979, 0.8202074766159058, -0.011373501271009445, -1.101318359375], [0.0, 0.0, 0.0, 1.0]], [[0.005025183781981468, -0.9999393820762634, 0.009791957214474678, 0.0084228515625], [-0.017304763197898865, -0.009877570904791355, -0.999801516532898, 1.5160560607910156], [0.9998375773429871, 0.004854717757552862, -0.017353350296616554, -1.432373046875], [0.0, 0.0, 0.0, 1.0]], [[-0.8332573175430298, -0.5528520345687866, 0.006060274783521891, 0.864990234375], [-0.012118667364120483, 0.0073044877499341965, -0.9998998641967773, 1.5011873245239258], [0.5527524948120117, -0.8332473635673523, -0.012786348350346088, -1.1357421875], [0.0, 0.0, 0.0, 1.0]], [[0.9478161931037903, 0.3185886740684509, -0.012065446935594082, -1.140380859375], [-0.004968719091266394, -0.02307882346212864, -0.9997212886810303, 1.5885391235351562], [-0.31877830624580383, 0.9476120471954346, -0.020291507244110107, -0.10382080078125], [0.0, 0.0, 0.0, 1.0]], [[0.0025608232244849205, 0.9999100565910339, -0.013165420852601528, 0.0025634765625], [-0.029834115877747536, -0.013083210214972496, -0.9994692802429199, 1.5771560668945312], [-0.99955153465271, 0.0029522236436605453, 0.029797928407788277, -0.072265625], [0.0, 0.0, 0.0, 1.0]], [[-0.9347079992294312, 0.3554089665412903, -0.002314190613105893, 0.9996337890625], [0.0033333655446767807, 0.002255289815366268, -0.9999918937683105, 1.551936149597168], [-0.35540086030960083, -0.9347081780433655, -0.0032927461434155703, -0.114501953125], [0.0, 0.0, 0.0, 1.0]]], "view": [[0.0, -2.0, 100.0], [-2.0, 0.0, 100.0], [0.0, 0.0, 1.0]], "bev": "bev_f3e8b54ec6254434a5c1c0051d94476f.png", "aux": "aux_f3e8b54ec6254434a5c1c0051d94476f.npz", "visibility": "visibility_f3e8b54ec6254434a5c1c0051d94476f.png", "pose": [[-0.9287484884262085, 0.3707104027271271, 0.0, 1614.080810546875], [-0.3707104027271271, -0.9287484884262085, 0.0, 2483.0322265625], [0.0, 0.0, 1.0, 0.0], [0.0, 0.0, 0.0, 1.0]], "pose_inverse": [[-0.9287484884262085, -0.3707104027271271, 0.0, 2419.56103515625], [0.3707104027271271, -0.9287484884262085, 0.0, 1707.7559814453125], [0.0, 0.0, 1.0, 0.0], [0.0, 0.0, 0.0, 1.0]], "cam_ids": [0, 1, 2, 3, 4, 5], "cam_channels": ["CAM_FRONT_LEFT", "CAM_FRONT", "CAM_FRONT_RIGHT", "CAM_BACK_LEFT", "CAM_BACK", "CAM_BACK_RIGHT"], "token": "f3e8b54ec6254434a5c1c0051d94476f", "scene": "scene-1064"}, {"images": ["samples/CAM_FRONT_LEFT/n015-2018-11-21-19-21-35+0800__CAM_FRONT_LEFT__1542799526904844.jpg", "samples/CAM_FRONT/n015-2018-11-21-19-21-35+0800__CAM_FRONT__1542799526912460.jpg", "samples/CAM_FRONT_RIGHT/n015-2018-11-21-19-21-35+0800__CAM_FRONT_RIGHT__1542799526920339.jpg", "samples/CAM_BACK_LEFT/n015-2018-11-21-19-21-35+0800__CAM_BACK_LEFT__1542799526947423.jpg", "samples/CAM_BACK/n015-2018-11-21-19-21-35+0800__CAM_BACK__1542799526937525.jpg", "samples/CAM_BACK_RIGHT/n015-2018-11-21-19-21-35+0800__CAM_BACK_RIGHT__1542799526927893.jpg"], "intrinsics": [[[1272.5979470598488, 0.0, 826.6154927353808], [0.0, 1272.5979470598488, 479.75165386361925], [0.0, 0.0, 1.0]], [[1266.417203046554, 0.0, 816.2670197447984], [0.0, 1266.417203046554, 491.50706579294757], [0.0, 0.0, 1.0]], [[1260.8474446004698, 0.0, 807.968244525554], [0.0, 1260.8474446004698, 495.3344268742088], [0.0, 0.0, 1.0]], [[1256.7414812095406, 0.0, 792.1125740759628], [0.0, 1256.7414812095406, 492.7757465151356], [0.0, 0.0, 1.0]], [[809.2209905677063, 0.0, 829.2196003259838], [0.0, 809.2209905677063, 481.77842384512485], [0.0, 0.0, 1.0]], [[1259.5137405846733, 0.0, 807.2529053838625], [0.0, 1259.5137405846733, 501.19579884916527], [0.0, 0.0, 1.0]]], "extrinsics": [[[0.8200556039810181, -0.5717906355857849, -0.023754209280014038, -0.72747802734375], [-0.038275618106126785, -0.01338507141917944, -0.9991775155067444, 1.4973220825195312], [0.5710024833679199, 0.8202903866767883, -0.032862141728401184, -1.120361328125], [0.0, 0.0, 0.0, 1.0]], [[0.00564440805464983, -0.9998337030410767, 0.017338085919618607, 0.0096435546875], [-0.04388309642672539, -0.017569322139024734, -0.9988821744918823, 1.5102386474609375], [0.9990206956863403, 0.004877234809100628, -0.04397496208548546, -1.456787109375], [0.0, 0.0, 0.0, 1.0]], [[-0.8327023983001709, -0.5527706146240234, 0.0324246808886528, 0.881103515625], [-0.038581814616918564, -0.0004945345572195947, -0.9992552399635315, 1.4965667724609375], [0.552375078201294, -0.8333333134651184, -0.020915092900395393, -1.145111083984375], [0.0, 0.0, 0.0, 1.0]], [[0.9471518397331238, 0.3183845579624176, -0.03917647898197174, -1.13916015625], [-0.030833730474114418, -0.03120296262204647, -0.9990373253822327, 1.588470458984375], [-0.3193005323410034, 0.9474479556083679, -0.01973695494234562, -0.10546875], [0.0, 0.0, 0.0, 1.0]], [[0.002368869259953499, 0.9997720718383789, -0.02121857926249504, 0.001953125], [-0.05592741817235947, -0.021052975207567215, -0.9982128739356995, 1.57550048828125], [-0.9984320402145386, 0.0035513376351445913, 0.05586479976773262, -0.0673828125], [0.0, 0.0, 0.0, 1.0]], [[-0.9344574213027954, 0.3555414080619812, 0.019487401470541954, 1.010986328125], [-0.022991225123405457, -0.005631914362311363, -0.9997197985649109, 1.5483894348144531], [-0.35533201694488525, -0.9346436858177185, 0.013437114655971527, -0.10888671875], [0.0, 0.0, 0.0, 1.0]]], "view": [[0.0, -2.0, 100.0], [-2.0, 0.0, 100.0], [0.0, 0.0, 1.0]], "bev": "bev_c82417563e44430e9e59224e36872f4e.png", "aux": "aux_c82417563e44430e9e59224e36872f4e.npz", "visibility": "visibility_c82417563e44430e9e59224e36872f4e.png", "pose": [[-0.9277093410491943, 0.3733034133911133, 0.0, 1610.8045654296875], [-0.3733034133911133, -0.9277093410491943, 0.0, 2481.766357421875], [0.0, 0.0, 1.0, 0.0], [0.0, 0.0, 0.0, 1.0]], "pose_inverse": [[-0.9277093410491943, -0.3733034133911133, 0.0, 2420.810302734375], [0.3733034133911133, -0.9277093410491943, 0.0, 1701.0389404296875], [0.0, 0.0, 1.0, 0.0], [0.0, 0.0, 0.0, 1.0]], "cam_ids": [0, 1, 2, 3, 4, 5], "cam_channels": ["CAM_FRONT_LEFT", "CAM_FRONT", "CAM_FRONT_RIGHT", "CAM_BACK_LEFT", "CAM_BACK", "CAM_BACK_RIGHT"], "token": "c82417563e44430e9e59224e36872f4e", "scene": "scene-1064"}, {"images": ["samples/CAM_FRONT_LEFT/n015-2018-11-21-19-21-35+0800__CAM_FRONT_LEFT__1542799527404844.jpg", "samples/CAM_FRONT/n015-2018-11-21-19-21-35+0800__CAM_FRONT__1542799527412460.jpg", "samples/CAM_FRONT_RIGHT/n015-2018-11-21-19-21-35+0800__CAM_FRONT_RIGHT__1542799527420350.jpg", "samples/CAM_BACK_LEFT/n015-2018-11-21-19-21-35+0800__CAM_BACK_LEFT__1542799527447423.jpg", "samples/CAM_BACK/n015-2018-11-21-19-21-35+0800__CAM_BACK__1542799527437525.jpg", "samples/CAM_BACK_RIGHT/n015-2018-11-21-19-21-35+0800__CAM_BACK_RIGHT__1542799527427893.jpg"], "intrinsics": [[[1272.5979470598488, 0.0, 826.6154927353808], [0.0, 1272.5979470598488, 479.75165386361925], [0.0, 0.0, 1.0]], [[1266.417203046554, 0.0, 816.2670197447984], [0.0, 1266.417203046554, 491.50706579294757], [0.0, 0.0, 1.0]], [[1260.8474446004698, 0.0, 807.968244525554], [0.0, 1260.8474446004698, 495.3344268742088], [0.0, 0.0, 1.0]], [[1256.7414812095406, 0.0, 792.1125740759628], [0.0, 1256.7414812095406, 492.7757465151356], [0.0, 0.0, 1.0]], [[809.2209905677063, 0.0, 829.2196003259838], [0.0, 809.2209905677063, 481.77842384512485], [0.0, 0.0, 1.0]], [[1259.5137405846733, 0.0, 807.2529053838625], [0.0, 1259.5137405846733, 501.19579884916527], [0.0, 0.0, 1.0]]], "extrinsics": [[[0.820342481136322, -0.5716701149940491, -0.015212898142635822, -0.76666259765625], [-0.03287745267152786, -0.020587611943483353, -0.9992473125457764, 1.5003509521484375], [0.5709266662597656, 0.8202252388000488, -0.035683948546648026, -1.1435546875], [0.0, 0.0, 0.0, 1.0]], [[0.005844799801707268, -0.9996815323829651, 0.024546079337596893, 0.0072021484375], [-0.03802889585494995, -0.024750951677560806, -0.998970091342926, 1.5130462646484375], [0.9992595314979553, 0.0049053062684834, -0.03816145285964012, -1.4951171875], [0.0, 0.0, 0.0, 1.0]], [[-0.8327232599258423, -0.5528144836425781, 0.03111184388399124, 0.905517578125], [-0.03225834295153618, -0.0076562101021409035, -0.9994502067565918, 1.4987258911132812], [0.5527487993240356, -0.8332691788673401, -0.011457370594143867, -1.1636123657226562], [0.0, 0.0, 0.0, 1.0]], [[0.9473294019699097, 0.31843021512031555, -0.03419393673539162, -1.142822265625], [-0.02312994934618473, -0.038463059812784195, -0.9989922642707825, 1.5885696411132812], [-0.31942442059516907, 0.9471657276153564, -0.02907191589474678, -0.103759765625], [0.0, 0.0, 0.0, 1.0]], [[0.002224159426987171, 0.9995943307876587, -0.028394386172294617, 0.002685546875], [-0.048674341291189194, -0.028252584859728813, -0.9984150528907776, 1.5766754150390625], [-0.998812198638916, 0.0036027678288519382, 0.0485917516052722