[{"images": ["samples/CAM_FRONT_LEFT/n015-2018-11-21-19-58-31+0800__CAM_FRONT_LEFT__1542801654254844.jpg", "samples/CAM_FRONT/n015-2018-11-21-19-58-31+0800__CAM_FRONT__1542801654262460.jpg", "samples/CAM_FRONT_RIGHT/n015-2018-11-21-19-58-31+0800__CAM_FRONT_RIGHT__1542801654270339.jpg", "samples/CAM_BACK_LEFT/n015-2018-11-21-19-58-31+0800__CAM_BACK_LEFT__1542801654297423.jpg", "samples/CAM_BACK/n015-2018-11-21-19-58-31+0800__CAM_BACK__1542801654287525.jpg", "samples/CAM_BACK_RIGHT/n015-2018-11-21-19-58-31+0800__CAM_BACK_RIGHT__1542801654277893.jpg"], "intrinsics": [[[1272.5979470598488, 0.0, 826.6154927353808], [0.0, 1272.5979470598488, 479.75165386361925], [0.0, 0.0, 1.0]], [[1266.417203046554, 0.0, 816.2670197447984], [0.0, 1266.417203046554, 491.50706579294757], [0.0, 0.0, 1.0]], [[1260.8474446004698, 0.0, 807.968244525554], [0.0, 1260.8474446004698, 495.3344268742088], [0.0, 0.0, 1.0]], [[1256.7414812095406, 0.0, 792.1125740759628], [0.0, 1256.7414812095406, 492.7757465151356], [0.0, 0.0, 1.0]], [[809.2209905677063, 0.0, 829.2196003259838], [0.0, 809.2209905677063, 481.77842384512485], [0.0, 0.0, 1.0]], [[1259.5137405846733, 0.0, 807.2529053838625], [0.0, 1259.5137405846733, 501.19579884916527], [0.0, 0.0, 1.0]]], "extrinsics": [[[0.8206797242164612, -0.571322500705719, 0.008677851408720016, -0.9649658203125], [-0.012574913911521435, -0.03324276953935623, -0.9993681907653809, 1.5082511901855469], [0.5712500810623169, 0.8200520873069763, -0.03446600213646889, -1.2802734375], [0.0, 0.0, 0.0, 1.0]], [[0.005711255129426718, -0.9992918372154236, 0.037189971655607224, 0.0048828125], [-0.017867235466837883, -0.03728661686182022, -0.9991448521614075, 1.520538330078125], [0.9998239874839783, 0.005041894502937794, -0.018067536875605583, -1.6923828125], [0.0, 0.0, 0.0, 1.0]], [[-0.8329676985740662, -0.5529116988182068, 0.02129494398832321, 1.032470703125], [-0.01223168708384037, -0.020076364278793335, -0.9997235536575317, 1.5036430358886719], [0.5531864166259766, -0.8329979181289673, 0.009959923103451729, -1.2487335205078125], [0.0, 0.0, 0.0, 1.0]], [[0.9477246999740601, 0.3184967041015625, -0.01943480595946312, -1.14208984375], [-0.003546284046024084, -0.05039013549685478, -0.9987233281135559, 1.5885543823242188], [-0.31906938552856445, 0.94658362865448, -0.0466264970600605, -0.103759765625], [0.0, 0.0, 0.0, 1.0]], [[0.002346758032217622, 0.999178409576416, -0.04046003520488739, 0.0028076171875], [-0.028953520581126213, -0.04037528857588768, -0.9987650513648987, 1.5793609619140625], [-0.9995779395103455, 0.003515319200232625, 0.028834983706474304, 0.001708984375], [0.0, 0.0, 0.0, 1.0]], [[-0.9348453283309937, 0.35484087467193604, -0.012333400547504425, 1.1363525390625], [0.0036690111737698317, -0.025080205872654915, -0.9996787309646606, 1.5514488220214844], [-0.355036199092865, -0.934590220451355, 0.022144200280308723, -0.0635986328125], [0.0, 0.0, 0.0, 1.0]]], "view": [[0.0, -2.0, 100.0], [-2.0, 0.0, 100.0], [0.0, 0.0, 1.0]], "bev": "bev_032133a8a45143ab958d6db35f91381e.png", "aux": "aux_032133a8a45143ab958d6db35f91381e.npz", "visibility": "visibility_032133a8a45143ab958d6db35f91381e.png", "pose": [[0.9986752867698669, -0.0514550656080246, 0.0, 1491.5142822265625], [0.0514550656080246, 0.9986752867698669, 0.0, 1408.3544921875], [0.0, 0.0, 1.0, 0.0], [0.0, 0.0, 0.0, 1.0]], "pose_inverse": [[0.9986752867698669, 0.0514550656080246, 0.0, -1562.0054931640625], [-0.0514550656080246, 0.9986752867698669, 0.0, -1329.742919921875], [0.0, 0.0, 1.0, 0.0], [0.0, 0.0, 0.0, 1.0]], "cam_ids": [0, 1, 2, 3, 4, 5], "cam_channels": ["CAM_FRONT_LEFT", "CAM_FRONT", "CAM_FRONT_RIGHT", "CAM_BACK_LEFT", "CAM_BACK", "CAM_BACK_RIGHT"], "token": "032133a8a45143ab958d6db35f91381e", "scene": "scene-1108"}, {"images": ["samples/CAM_FRONT_LEFT/n015-2018-11-21-19-58-31+0800__CAM_FRONT_LEFT__1542801654754844.jpg", "samples/CAM_FRONT/n015-2018-11-21-19-58-31+0800__CAM_FRONT__1542801654762460.jpg", "samples/CAM_FRONT_RIGHT/n015-2018-11-21-19-58-31+0800__CAM_FRONT_RIGHT__1542801654770339.jpg", "samples/CAM_BACK_LEFT/n015-2018-11-21-19-58-31+0800__CAM_BACK_LEFT__1542801654797423.jpg", "samples/CAM_BACK/n015-2018-11-21-19-58-31+0800__CAM_BACK__1542801654787525.jpg", "samples/CAM_BACK_RIGHT/n015-2018-11-21-19-58-31+0800__CAM_BACK_RIGHT__1542801654777893.jpg"], "intrinsics": [[[1272.5979470598488, 0.0, 826.6154927353808], [0.0, 1272.5979470598488, 479.75165386361925], [0.0, 0.0, 1.0]], [[1266.417203046554, 0.0, 816.2670197447984], [0.0, 1266.417203046554, 491.50706579294757], [0.0, 0.0, 1.0]], [[1260.8474446004698, 0.0, 807.968244525554], [0.0, 1260.8474446004698, 495.3344268742088], [0.0, 0.0, 1.0]], [[1256.7414812095406, 0.0, 792.1125740759628], [0.0, 1256.7414812095406, 492.7757465151356], [0.0, 0.0, 1.0]], [[809.2209905677063, 0.0, 829.2196003259838], [0.0, 809.2209905677063, 481.77842384512485], [0.0, 0.0, 1.0]], [[1259.5137405846733, 0.0, 807.2529053838625], [0.0, 1259.5137405846733, 501.19579884916527], [0.0, 0.0, 1.0]]], "extrinsics": [[[0.8207013010978699, -0.5712916254997253, 0.008663670159876347, -0.96514892578125], [-0.012599889189004898, -0.033256106078624725, -0.9993674159049988, 1.5082473754882812], [0.5712183713912964, 0.820073127746582, -0.03449154645204544, -1.2801513671875], [0.0, 0.0, 0.0, 1.0]], [[0.0057457806542515755, -0.9992908835411072, 0.037210479378700256, 0.0050048828125], [-0.017885342240333557, -0.03730783984065056, -0.9991437792778015, 1.5205230712890625], [0.9998235106468201, 0.00507533922791481, -0.018087022006511688, -1.6923828125], [0.0, 0.0, 0.0, 1.0]], [[-0.8329505920410156, -0.5529361367225647, 0.02132626622915268, 1.032470703125], [-0.012251587584614754, -0.020102480426430702, -0.9997228384017944, 1.5036392211914062], [0.5532116293907166, -0.8329811096191406, 0.009970027953386307, -1.248748779296875], [0.0, 0.0, 0.0, 1.0]], [[0.9477241635322571, 0.31849539279937744, -0.019480692222714424, -1.1422119140625], [-0.003568924032151699, -0.0504666343331337, -0.998719334602356, 1.5885543823242188], [-0.31907063722610474, 0.9465799331665039, -0.046691764146089554, -0.10382080078125], [0.0, 0.0, 0.0, 1.0]], [[0.002334172371774912, 0.9991761445999146, -0.04051611199975014, 0.0028076171875], [-0.028987813740968704, -0.040431588888168335, -0.9987617135047913, 1.5793609619140625], [-0.999576985836029, 0.0035057528875768185, 0.02886955812573433, 0.0018310546875], [0.0, 0.0, 0.0, 1.0]], [[-0.9348539113998413, 0.35481932759284973, -0.012309418059885502, 1.1361083984375], [0.0036309389397501945, -0.025114357471466064, -0.9996779561042786, 1.55145263671875], [-0.35501420497894287, -0.9345974922180176, 0.022189926356077194, -0.063720703125], [0.0, 0.0, 0.0, 1.0]]], "view": [[0.0, -2.0, 100.0], [-2.0, 0.0, 100.0], [0.0, 0.0, 1.0]], "bev": "bev_507efd4d15d54320b3cd6723099bd92a.png", "aux": "aux_507efd4d15d54320b3cd6723099bd92a.npz", "visibility": "visibility_507efd4d15d54320b3cd6723099bd92a.png", "pose": [[0.9986754059791565, -0.05145284906029701, 0.0, 1491.5142822265625], [0.05145284906029701, 0.9986754059791565, 0.0, 1408.3544921875], [0.0, 0.0, 1.0, 0.0], [0.0, 0.0, 0.0, 1.0]], "pose_inverse": [[0.9986754059791565, 0.05145284906029701, 0.0, -1562.0025634765625], [-0.05145284906029701, 0.9986754059791565, 0.0, -1329.746337890625], [0.0, 0.0, 1.0, 0.0], [0.0, 0.0, 0.0, 1.0]], "cam_ids": [0, 1, 2, 3, 4, 5], "cam_channels": ["CAM_FRONT_LEFT", "CAM_FRONT", "CAM_FRONT_RIGHT", "CAM_BACK_LEFT", "CAM_BACK", "CAM_BACK_RIGHT"], "token": "507efd4d15d54320b3cd6723099bd92a", "scene": "scene-1108"}, {"images": ["samples/CAM_FRONT_LEFT/n015-2018-11-21-19-58-31+0800__CAM_FRONT_LEFT__1542801655254844.jpg", "samples/CAM_FRONT/n015-2018-11-21-19-58-31+0800__CAM_FRONT__1542801655262460.jpg", "samples/CAM_FRONT_RIGHT/n015-2018-11-21-19-58-31+0800__CAM_FRONT_RIGHT__1542801655270339.jpg", "samples/CAM_BACK_LEFT/n015-2018-11-21-19-58-31+0800__CAM_BACK_LEFT__1542801655297423.jpg", "samples/CAM_BACK/n015-2018-11-21-19-58-31+0800__CAM_BACK__1542801655287525.jpg", "samples/CAM_BACK_RIGHT/n015-2018-11-21-19-58-31+0800__CAM_BACK_RIGHT__1542801655277893.jpg"], "intrinsics": [[[1272.5979470598488, 0.0, 826.6154927353808], [0.0, 1272.5979470598488, 479.75165386361925], [0.0, 0.0, 1.0]], [[1266.417203046554, 0.0, 816.2670197447984], [0.0, 1266.417203046554, 491.50706579294757], [0.0, 0.0, 1.0]], [[1260.8474446004698, 0.0, 807.968244525554], [0.0, 1260.8474446004698, 495.3344268742088], [0.0, 0.0, 1.0]], [[1256.7414812095406, 0.0, 792.1125740759628], [0.0, 1256.7414812095406, 492.7757465151356], [0.0, 0.0, 1.0]], [[809.2209905677063, 0.0, 829.2196003259838], [0.0, 809.2209905677063, 481.77842384512485], [0.0, 0.0, 1.0]], [[1259.5137405846733, 0.0, 807.2529053838625], [0.0, 1259.5137405846733, 501.19579884916527], [0.0, 0.0, 1.0]]], "extrinsics": [[[0.820681631565094, -0.5713197588920593, 0.008679472841322422, -0.965087890625], [-0.012515131384134293, -0.03315998986363411, -0.9993716478347778, 1.5082473754882812], [0.5712485909461975, 0.8200573921203613, -0.034363940358161926, -1.2802734375], [0.0, 0.0, 0.0, 1.0]], [[0.005715934559702873, -0.9992946982383728, 0.03711101785302162, 0.005126953125], [-0.017809990793466568, -0.0372074730694294, -0.9991489052772522, 1.5205307006835938], [0.9998250007629395, 0.005050118081271648, -0.018010107800364494, -1.6922607421875], [0.0, 0.0, 0.0, 1.0]], [[-0.8329636454582214, -0.5529212355613708, 0.021205050870776176, 1.0323486328125], [-0.012175836600363255, -0.019997796043753624, -0.999725878238678, 1.5036430358886719], [0.5531936287879944, -0.8329935073852539, 0.009925163350999355, -1.248687744140625], [0.0, 0.0, 0.0, 1.0]], [[0.9477267861366272, 0.31849542260169983, -0.019348226487636566, -1.142333984375], [-0.0034780395217239857, -0.05032210797071457, -0.9987269639968872, 1.5885543823242188], [-0.31906357407569885, 0.9465876817703247, -0.046583883464336395, -0.103759765625], [0.0, 0.0, 0.0, 1.0]], [[0.002343068365007639, 0.9991815090179443, -0.04038332402706146, 0.0028076171875], [-0.028907528147101402, -0.04029887914657593, -0.9987694621086121, 1.5793533325195312], [-0.9995793104171753, 0.003507568733766675, 0.028789445757865906, 0.0018310546875], [0.0, 0.0, 0.0, 1.0]], [[-0.9348478317260742, 0.3548339009284973, -0.012340651825070381, 1.13623046875], [0.0037070647813379765, -0.025000913068652153, -0.9996805191040039, 1.5514469146728516], [-0.3550291061401367, -0.9345951080322266, 0.022056657820940018, -0.0638427734375], [0.0, 0.0, 0.0, 1.0]]], "view": [[0.0, -2.0, 100.0], [-2.0, 0.0, 100.0], [0.0, 0.0, 1.0]], "bev": "bev_98f8b165f576482a82d0ced97ae8b866.png", "aux": "aux_98f8b165f576482a82d0ced97ae8b866.npz", "visibility": "visibility_98f8b165f576482a82d0ced97ae8b866.png", "pose": [[0.9986714124679565, -0.05153040960431099, 0.0, 1491.5142822265625], [0.05153040960431099, 0.9986714124679565, 0.0, 1408.3544921875], [0.0, 0.0, 1.0, 0.0], [0.0, 0.0, 0.0, 1.0]], "pose_inverse": [[0.9986714124679565, 0.05153040960431099, 0.0, -1562.1058349609375], [-0.05153040960431099, 0.9986714124679565, 0.0, -1329.625], [0.0, 0.0, 1.0, 0.0], [0.0, 0.0, 0.0, 1.0]], "cam_ids": [0, 1, 2, 3, 4, 5], "cam_channels": ["CAM_FRONT_LEFT", "CAM_FRONT", "CAM_FRONT_RIGHT", "CAM_BACK_LEFT", "CAM_BACK", "CAM_BACK_RIGHT"], "token": "98f8b165f576482a82d0ced97ae8b866", "scene": "scene-1108"}, {"images": ["samples/CAM_FRONT_LEFT/n015-2018-11-21-19-58-31+0800__CAM_FRONT_LEFT__1542801655754844.jpg", "samples/CAM_FRONT/n015-2018-11-21-19-58-31+0800__CAM_FRONT__1542801655762460.jpg", "samples/CAM_FRONT_RIGHT/n015-2018-11-21-19-58-31+0800__CAM_FRONT_RIGHT__1542801655770339.jpg", "samples/CAM_BACK_LEFT/n015-2018-11-21-19-58-31+0800__CAM_BACK_LEFT__1542801655797428.jpg", "samples/CAM_BACK/n015-2018-11-21-19-58-31+0800__CAM_BACK__1542801655787525.jpg", "samples/CAM_BACK_RIGHT/n015-2018-11-21-19-58-31+0800__CAM_BACK_RIGHT__1542801655777893.jpg"], "intrinsics": [[[1272.5979470598488, 0.0, 826.6154927353808], [0.0, 1272.5979470598488, 479.75165386361925], [0.0, 0.0, 1.0]], [[1266.417203046554, 0.0, 816.2670197447984], [0.0, 1266.417203046554, 491.50706579294757], [0.0, 0.0, 1.0]], [[1260.8474446004698, 0.0, 807.968244525554], [0.0, 1260.8474446004698, 495.3344268742088], [0.0, 0.0, 1.0]], [[1256.7414812095406, 0.0, 792.1125740759628], [0.0, 1256.7414812095406, 492.7757465151356], [0.0, 0.0, 1.0]], [[809.2209905677063, 0.0, 829.2196003259838], [0.0, 809.2209905677063, 481.77842384512485], [0.0, 0.0, 1.0]], [[1259.5137405846733, 0.0, 807.2529053838625], [0.0, 1259.5137405846733, 501.19579884916527], [0.0, 0.0, 1.0]]], "extrinsics": [[[0.8206826448440552, -0.5713180303573608, 0.008702650666236877, -0.96490478515625], [-0.012425233609974384, -0.03307157754898071, -0.9993757605552673, 1.5082473754882812], [0.5712491869926453, 0.8200621604919434, -0.034240029752254486, -1.2801513671875], [0.0, 0.0, 0.0, 1.0]], [[0.00571525888517499, -0.9992981553077698, 0.037020038813352585, 0.0048828125], [-0.01772303506731987, -0.03711605444550514, -0.9991537928581238, 1.5205307006835938], [0.9998266100883484, 0.005054309032857418, -0.017922723665833473, -1.692138671875], [0.0, 0.0, 0.0, 1.0]], [[-0.8329640626907349, -0.5529249310493469, 0.021091658622026443, 1.0322265625], [-0.012101380154490471, -0.019904909655451775, -0.9997286200523376, 1.5036430358886719], [0.5531947016716003, -0.8329932689666748, 0.009888920933008194, -1.2486419677734375], [0.0, 0.0, 0.0, 1.0]], [[0.9477261900901794, 0.31850287318229675, -0.019257690757513046, -1.142333984375], [-0.0034134790766984224, -0.05022945627570152, -0.9987318515777588, 1.58856201171875], [-0.31906622648239136, 0.9465901255607605, -0.046516574919223785, -0.10382080078125], [0.0, 0.0, 0.0, 1.0]], [[0.002343527041375637, 0.9991849064826965, -0.04029965400695801, 0.0028076171875], [-0.028842167928814888, -0.04021546617150307, -0.9987747073173523, 1.5793533325195312], [-0.9995812773704529, 0.0035029835999011993, 0.028724413365125656, 0.0018310546875], [0.0, 0.0, 0.0, 1.0]], [[-0.9348477721214294, 0.35483306646347046, -0.012376545928418636, 1.13623046875], [0.0037790483329445124, -0.02491251565515995, -0.9996824860572815, 1.5514507293701172], [-0.3550287187099457, -0.9345976710319519, 0.021948475390672684, -0.0634765625], [0.0, 0.0, 0.0, 1.0]]], "view": [[0.0, -2.0, 100.0], [-2.0, 0.0, 100.0], [0.0, 0.0, 1.0]], "bev": "bev_ff1439b86fbb45458842042b93058fdd.png", "aux": "aux_ff1439b86fbb45458842042b93058fdd.npz", "visibility": "visibility_ff1439b86fbb45458842042b93058fdd.png", "pose": [[0.9986779689788818, -0.05140361189842224, 0.0, 1491.5142822265625], [0.05140361189842224, 0.9986779689788818, 0.0, 1408.3544921875], [0.0, 0.0, 1.0, 0.0], [0.0, 0.0, 0.0, 1.0]], "pose_inverse": [[0.9986779689788818, 0.05140361189842224, 0.0, -1561.9368896484375], [-0.05140361189842224, 0.9986779689788818, 0.0, -1329.8233642578125], [0.0, 0.0, 1.0, 0.0], [0.0, 0.0, 0.0, 1.0]], "cam_ids": [0, 1, 2, 3, 4, 5], "cam_channels": ["CAM_FRONT_LEFT", "CAM_FRONT", "CAM_FRONT_RIGHT", "CAM_BACK_LEFT", "CAM_BACK", "CAM_BACK_RIGHT"], "token": "ff1439b86fbb45458842042b93058fdd", "scene": "scene-1108"}, {"images": ["samples/CAM_FRONT_LEFT/n015-2018-11-21-19-58-31+0800__CAM_FRONT_LEFT__1542801656254844.jpg", "samples/CAM_FRONT/n015-2018-11-21-19-58-31+0800__CAM_FRONT__1542801656262460.jpg", "samples/CAM_FRONT_RIGHT/n015-2018-11-21-19-58-31+0800__CAM_FRONT_RIGHT__1542801656270339.jpg", "samples/CAM_BACK_LEFT/n015-2018-11-21-19-58-31+0800__CAM_BACK_LEFT__1542801656297423.jpg", "samples/CAM_BACK/n015-2018-11-21-19-58-31+0800__CAM_BACK__1542801656287525.jpg", "samples/CAM_BACK_RIGHT/n015-2018-11-21-19-58-31+0800__CAM_BACK_RIGHT__1542801656277893.jpg"], "intrinsics": [[[1272.5979470598488, 0.0, 826.6154927353808], [0.0, 1272.5979470598488, 479.75165386361925], [0.0, 0.0, 1.0]], [[1266.417203046554, 0.0, 816.2670197447984], [0.0, 1266.417203046554, 491.50706579294757], [0.0, 0.0, 1.0]], [[1260.8474446004698, 0.0, 807.968244525554], [0.0, 1260.8474446004698, 495.3344268742088], [0.0, 0.0, 1.0]], [[1256.7414812095406, 0.0, 792.1125740759628], [0.0, 1256.7414812095406, 492.7757465151356], [0.0, 0.0, 1.0]], [[809.2209905677063, 0.0, 829.2196003259838], [0.0, 809.2209905677063, 481.77842384512485], [0.0, 0.0, 1.0]], [[1259.5137405846733, 0.0, 807.2529053838625], [0.0, 1259.5137405846733, 501.19579884916527], [0.0, 0.0, 1.0]]], "extrinsics": [[[0.8206928968429565, -0.5713034272193909, 0.00869895238429308, -0.96478271484375], [-0.012531507760286331, -0.03321874514222145, -0.9993695020675659, 1.5082550048828125], [0.571232259273529, 0.8200663924217224, -0.034421682357788086, -1.2801513671875], [0.0, 0.0, 0.0, 1.0]], [[0.005727756768465042, -0.9992926716804504, 0.03716457635164261, 0.0050048828125], [-0.01782773993909359, -0.037261322140693665, -0.9991465210914612, 1.5205307006835938], [0.9998246431350708, 0.005060303024947643, -0.01802855357527733, -1.692138671875], [0.0, 0.0, 0.0, 1.0]], [[-0.8329616189002991, -0.5529225468635559, 0.02125057764351368, 1.0322265625], [-0.012201556004583836, -0.020041322335600853, -0.9997246861457825, 1.5036430358886719], [0.5531961917877197, -0.8329916000366211, 0.009947136975824833, -1.2487335205078125], [0.0, 0.0, 0.0, 1.0]], [[0.9477261900901794, 0.3184950351715088, -0.019392428919672966, -1.1422119140625], [-0.0035174505319446325, -0.05034344643354416, -0.9987257719039917, 1.5885467529296875], [-0.31906548142433167, 0.9465867280960083, -0.04659150913357735, -0.10369873046875], [0.0, 0.0, 0.0, 1.0]], [[0.0023424364626407623, 0.9991799592971802, -0.04042201489210129, 0.0028076171875], [-0.028940973803400993, -0.0403374545276165, -0.9987668991088867, 1.5793685913085938], [-0.9995782971382141, 0.0035093999467790127, 0.028822753578424454, 0.0018310546875], [0.0, 0.0, 0.0, 1.0]], [[-0.9348481893539429, 0.3548334836959839, -0.012332292273640633, 1.13623046875], [0.003683204995468259, -0.025040213018655777, -0.9996796250343323, 1.5514545440673828], [-0.35502859950065613, -0.9345941543579102, 0.0221018735319376, -0.0635986328125], [0.0, 0.0, 0.0, 1.0]]], "view": [[0.0, -2.0, 100.0], [-2.0, 0.0, 100.0], [0.0, 0.0, 1.0]], "bev": "bev_2cdea0117b7b44b3a4be45008566234c.png", "aux": "aux_2cdea0117b7b44b3a4be45008566234c.npz", "visibility": "visibility_2cdea0117b7b44b3a4be45008566234c.png", "pose": [[0.9986739754676819, -0.05148066580295563, 0.0, 1491.5142822265625], [0.05148066580295563, 0.9986739754676819, 0.0, 1408.3544921875], [0.0, 0.0, 1.0, 0.0], [0.0, 0.0, 0.0, 1.0]], "pose_inverse": [[0.9986739754676819, 0.05148066580295563, 0.0, -1562.03955078125], [-0.05148066580295563, 0.9986739754676819, 0.0, -1329.702880859375], [0.0, 0.0, 1.0, 0.0], [0.0, 0.0, 0.0, 1.0]], "cam_ids": [0, 1, 2, 3, 4, 5], "cam_channels": ["CAM_FRONT_LEFT", "CAM_FRONT", "CAM_FRONT_RIGHT", "CAM_BACK_LEFT", "CAM_BACK", "CAM_BACK_RIGHT"], "token": "2cdea0117b7b44b3a4be45008566234c", "scene": "scene-1108"}, {"images": ["samples/CAM_FRONT_LEFT/n015-2018-11-21-19-58-31+0800__CAM_FRONT_LEFT__1542801656754844.jpg", "samples/CAM_FRONT/n015-2018-11-21-19-58-31+0800__CAM_FRONT__1542801656762460.jpg", "samples/CAM_FRONT_RIGHT/n015-2018-11-21-19-58-31+0800__CAM_FRONT_RIGHT__1542801656770339.jpg", "samples/CAM_BACK_LEFT/n015-2018-11-21-19-58-31+0800__CAM_BACK_LEFT__1542801656797423.jpg", "samples/CAM_BACK/n015-2018-11-21-19-58-31+0800__CAM_BACK__1542801656787525.jpg", "samples/CAM_BACK_RIGHT/n015-2018-11-21-19-58-31+0800__CAM_BACK_RIGHT__1542801656777893.jpg"], "intrinsics": [[[1272.5979470598488, 0.0, 826.6154927353808], [0.0, 1272.5979470598488, 479.75165386361925], [0.0, 0.0, 1.0]], [[1266.417203046554, 0.0, 816.2670197447984], [0.0, 1266.417203046554, 491.50706579294757], [0.0, 0.0, 1.0]], [[1260.8474446004698, 0.0, 807.968244525554], [0.0, 1260.8474446004698, 495.3344268742088], [0.0, 0.0, 1.0]], [[1256.7414812095406, 0.0, 792.1125740759628], [0.0, 1256.7414812095406, 492.7757465151356], [0.0, 0.0, 1.0]], [[809.2209905677063, 0.0, 829.2196003259838], [0.0, 809.2209905677063, 481.77842384512485], [0.0, 0.0, 1.0]], [[1259.5137405846733, 0.0, 807.2529053838625], [0.0, 1259.5137405846733, 501.19579884916527], [0.0, 0.0, 1.0]]], "extrinsics": [[[0.8206967711448669, -0.5712981820106506, 0.008672219701111317, -0.96502685546875], [-0.01244114525616169, -0.033042676746845245, -0.9993764758110046, 1.5082511901855469], [0.5712285041809082, 0.8200771808624268, -0.034225624054670334, -1.2803955078125], [0.0, 0.0, 0.0, 1.0]], [[0.005733591038733721, -0.9992991089820862, 0.036992378532886505, 0.0048828125], [-0.01773831807076931, -0.03708880767226219, -0.9991545677185059, 1.5205307006835938], [0.9998262524604797, 0.005072555970400572, -0.017938535660505295, -1.692138671875], [0.0, 0.0, 0.0, 1.0]], [[-0.8329578638076782, -0.5529344081878662, 0.021088624373078346, 1.0322265625], [-0.01211593858897686, -0.019877303391695023, -0.9997289776802063, 1.5036354064941406], [0.5532037615776062, -0.8329876065254211, 0.00985763594508171, -1.24859619140625], [0.0, 0.0, 0.0, 1.0]], [[0.9477265477180481, 0.31849974393844604, -0.019297132268548012, -1.1422119140625], [-0.003462892724201083, -0.05020665377378464, -0.99873286485672, 1.5885543823242188], [-0.31906500458717346, 0.9465924501419067, -0.0464792437851429, -0.1036376953125], [0.0, 0.0, 0.0, 1.0]], [[0.0023398692719638348, 0.9991859793663025, -0.040273867547512054, 0.002685546875], [-0.028875336050987244, -0.04018966853618622, -0.9987747669219971, 1.5793609619140625], [-0.9995802640914917, 0.0034999249037355185, 0.028757788240909576, 0.001708984375], [0.0, 0.0, 0.0, 1.0]], [[-0.9348502159118652, 0.35482749342918396, -0.012350264936685562, 1.13629150390625], [0.0037626870907843113, -0.024881964549422264, -0.9996833205223083, 1.5514507293701172], [-0.35502246022224426, -0.9346006512641907, 0.021925803273916245, -0.0634765625], [0.0, 0.0, 0.0, 1.0]]], "view": [[0.0, -2.0, 100.0], [-2.0, 0.0, 100.0], [0.0, 0.0, 1.0]], "bev": "bev_2bea4396f5de448c89589a6895f8eae0.png", "aux": "aux_2bea4396f5de448c89589a6895f8eae0.npz", "visibility": "visibility_2bea4396f5de448c89589a6895f8eae0.png", "pose": [[0.9986746907234192, -0.05146750807762146, 0.0, 1491.5142822265625], [0.05146750807762146, 0.9986746907234192, 0.0, 1408.3544921875], [0.0, 0.0, 1.0, 0.0], [0.0, 0.0, 0.0, 1.0]], "pose_inverse": [[0.9986746907234192, 0.05146750807762146, 0.0, -1562.02197265625], [-0.05146750807762146, 0.9986746907234192, 0.0, -1329.723388671875], [0.0, 0.0, 1.0, 0.0], [0.0, 0.0, 0.0, 1.0]], "cam_ids": [0, 1, 2, 3, 4, 5], "cam_channels": ["CAM_FRONT_LEFT", "CAM_FRONT", "CAM_FRONT_RIGHT", "CAM_BACK_LEFT", "CAM_BACK", "CAM_BACK_RIGHT"], "token": "2bea4396f5de448c89589a6895f8eae0", "scene": "scene-1108"}, {"images": ["samples/CAM_FRONT_LEFT/n015-2018-11-21-19-58-31+0800__CAM_FRONT_LEFT__1542801657254844.jpg", "samples/CAM_FRONT/n015-2018-11-21-19-58-31+0800__CAM_FRONT__1542801657262460.jpg", "samples/CAM_FRONT_RIGHT/n015-2018-11-21-19-58-31+0800__CAM_FRONT_RIGHT__1542801657270339.jpg", "samples/CAM_BACK_LEFT/n015-2018-11-21-19-58-31+0800__CAM_BACK_LEFT__1542801657297423.jpg", "samples/CAM_BACK/n015-2018-11-21-19-58-31+0800__CAM_BACK__1542801657287525.jpg", "samples/CAM_BACK_RIGHT/n015-2018-11-21-19-58-31+0800__CAM_BACK_RIGHT__1542801657277893.jpg"], "intrinsics": [[[1272.5979470598488, 0.0, 826.6154927353808], [0.0, 1272.5979470598488, 479.75165386361925], [0.0, 0.0, 1.0]], [[1266.417203046554, 0.0, 816.2670197447984], [0.0, 1266.417203046554, 491.50706579294757], [0.0, 0.0, 1.0]], [[1260.8474446004698, 0.0, 807.968244525554], [0.0, 1260.8474446004698, 495.3344268742088], [0.0, 0.0, 1.0]], [[1256.7414812095406, 0.0, 792.1125740759628], [0.0, 1256.7414812095406, 492.7757465151356], [0.0, 0.0, 1.0]], [[809.2209905677063, 0.0, 829.2196003259838], [0.0, 809.2209905677063, 481.77842384512485], [0.0, 0.0, 1.0]], [[1259.5137405846733, 0.0, 807.2529053838625], [0.0, 1259.5137405846733, 501.19579884916527], [0.0, 0.0, 1.0]]], "extrinsics": [[[0.8206858038902283, -0.5713140368461609, 0.008661247789859772, -0.96490478515625], [-0.012516061775386333, -0.03312988579273224, -0.9993727207183838, 1.5082511901855469], [0.5712425112724304, 0.8200625777244568, -0.03433982655405998, -1.2803955078125], [0.0, 0.0, 0.0, 1.0]], [[0.0057197087444365025, -0.9992958307266235, 0.03708009794354439, 0.0050048828125], [-0.01780487596988678, -0.037176597863435745, -0.9991501569747925, 1.5205307006835938], [0.9998250603675842, 0.005054648034274578, -0.01800497993826866, -1.6922607421875], [0.0, 0.0, 0.0, 1.0]], [[-0.8329634070396423, -0.5529223680496216, 0.02118299901485443, 1.0323486328125], [-0.012171797454357147, -0.019964002072811127, -0.9997265338897705, 1.5036354064941406], [0.5531941056251526, -0.8329935073852539, 0.009899226017296314, -1.2485809326171875], [0.0, 0.0, 0.0, 1.0]], [[0.947726309299469, 0.31849750876426697, -0.01934133842587471, -1.1422119140625], [-0.0034831140656024218, -0.05028519779443741, -0.9987288117408752, 1.5885543823242188], [-0.3190652132034302, 0.946588933467865, -0.04654724895954132, -0.10369873046875], [0.0, 0.0, 0.0, 1.0]], [[0.002343270927667618, 0.9991824626922607, -0.040360014885663986, 0.0029296875], [-0.028909476473927498, -0.04027557000517845, -0.9987703561782837, 1.5793533325195312], [-0.9995793104171753, 0.0035071722231805325, 0.028791464865207672, 0.0018310546875], [0.0, 0.0, 0.0, 1.0]], [[-0.9348475337028503, 0.354834645986557, -0.012341597117483616, 1.1361083984375], [0.0037203540559858084, -0.024968530982732773, -0.9996813535690308, 1.5514507293701172], [-0.3550297021865845, -0.9345955848693848, 0.022021658718585968, -0.0634765625], [0.0, 0.0, 0.0, 1.0]]], "view": [[0.0, -2.0, 100.0], [-2.0, 0.0, 100.0], [0.0, 0.0, 1.0]], "bev": "bev_d572fa26969a460fa4781c27cb57d8b5.png", "aux": "aux_d572fa26969a460fa4781c27cb57d8b5.npz", "visibility": "visibility_d572fa26969a460fa4781c27cb57d8b5.png", "pose": [[0.9986762404441833, -0.05143653228878975, 0.0, 1491.5142822265625], [0.05143653228878975, 0.9986762404441833, 0.0, 1408.3544921875], [0.0, 0.0, 1.0, 0.0], [0.0, 0.0, 0.0, 1.0]], "pose_inverse": [[0.9986762404441833, 0.05143653228878975, 0.0, -1561.9808349609375], [-0.05143653228878975, 0.9986762404441833, 0.0, -1329.7718505859375], [0.0, 0.0, 1.0, 0.0], [0.0, 0.0, 0.0, 1.0]], "cam_ids": [0, 1, 2, 3, 4, 5], "cam_channels": ["CAM_FRONT_LEFT", "CAM_FRONT", "CAM_FRONT_RIGHT", "CAM_BACK_LEFT", "CAM_BACK", "CAM_BACK_RIGHT"], "token": "d572fa26969a460fa4781c27cb57d8b5", "scene": "scene-1108"}, {"images": ["samples/CAM_FRONT_LEFT/n015-2018-11-21-19-58-31+0800__CAM_FRONT_LEFT__1542801657754844.jpg", "samples/CAM_FRONT/n015-2018-11-21-19-58-31+0800__CAM_FRONT__1542801657762460.jpg", "samples/CAM_FRONT_RIGHT/n015-2018-11-21-19-58-31+0800__CAM_FRONT_RIGHT__1542801657770339.jpg", "samples/CAM_BACK_LEFT/n015-2018-11-21-19-58-31+0800__CAM_BACK_LEFT__1542801657797429.jpg", "samples/CAM_BACK/n015-2018-11-21-19-58-31+0800__CAM_BACK__1542801657787525.jpg", "samples/CAM_BACK_RIGHT/n015-2018-11-21-19-58-31+0800__CAM_BACK_RIGHT__1542801657777893.jpg"], "intrinsics": [[[1272.5979470598488, 0.0, 826.6154927353808], [0.0, 1272.5979470598488, 479.75165386361925], [0.0, 0.0, 1.0]], [[1266.417203046554, 0.0, 816.2670197447984], [0.0, 1266.417203046554, 491.50706579294757], [0.0, 0.0, 1.0]], [[1260.8474446004698, 0.0, 807.968244525554], [0.0, 1260.8474446004698, 495.3344268742088], [0.0, 0.0, 1.0]], [[1256.7414812095406, 0.0, 792.1125740759628], [0.0, 1256.7414812095406, 492.7757465151356], [0.0, 0.0, 1.0]], [[809.2209905677063, 0.0, 829.2196003259838], [0.0, 809.2209905677063, 481.77842384512485], [0.0, 0.0, 1.0]], [[1259.5137405846733, 0.0, 807.2529053838625], [0.0, 1259.5137405846733, 501.19579884916527], [0.0, 0.0, 1.0]]], "extrinsics": [[[0.8206889033317566, -0.5713094472885132, 0.008672932162880898, -0.9649658203125], [-0.012515351176261902, -0.033149633556604385, -0.9993720650672913, 1.5082473754882812], [0.571238100528717, 0.8200650811195374, -0.03435567393898964, -1.2802734375], [0.0, 0.0, 0.0, 1.0]], [[0.0057262396439909935, -0.9992950558662415, 0.03710207715630531, 0.005126953125], [-0.01781666837632656, -0.0371987484395504, -0.9991490840911865, 1.5205307006835938], [0.9998248815536499, 0.005060333292931318, -0.01801711693406105, -1.6923828125], [0.0, 0.0, 0.0, 1.0]], [[-0.8329591751098633, -0.5529274344444275, 0.021216541528701782, 1.0323486328125], [-0.012195113115012646, -0.019989410415291786, -0.9997257590293884, 1.5036430358886719], [0.5532000064849854, -0.8329895734786987, 0.009907353669404984, -1.2486114501953125], [0.0, 0.0, 0.0, 1.0]], [[0.9477258324623108, 0.3184961974620819, -0.019387967884540558, -1.1422119140625], [-0.0035290082450956106, -0.05029502883553505, -0.9987281560897827, 1.5885543823242188], [-0.31906625628471375, 0.946588933467865, -0.04654192551970482, -0.10369873046875], [0.0, 0.0, 0.0, 1.0]], [[0.0023398571647703648, 0.9991819262504578, -0.040375348180532455, 0.0028076171875], [-0.028949428349733353, -0.04029085487127304, -0.9987685084342957, 1.5793609619140625], [-0.9995782375335693, 0.0035058236680924892, 0.028831468895077705, 0.001708984375], [0.0, 0.0, 0.0, 1.0]], [[-0.9348497986793518, 0.3548297882080078, -0.012317946180701256, 1.13629150390625], [0.0036868900060653687, -0.024990374222397804, -0.9996809363365173, 1.5514507293701172], [-0.35502439737319946, -0.9345968961715698, 0.022054025903344154, -0.063720703125], [0.0, 0.0, 0.0, 1.0]]], "view": [[0.0, -2.0, 100.0], [-2.0, 0.0, 100.0], [0.0, 0.0, 1.0]], "bev": "bev_21ad110301c643c2a2419e130a1f07b8.png", "aux": "aux_21ad110301c643c2a2419e130a1f07b8.npz", "visibility": "visibility_21ad110301c643c2a2419e130a1f07b8.png", "pose": [[0.9986808896064758, -0.051347095519304276, 0.0, 1491.5142822265625], [0.051347095519304276, 0.9986808896064758, 0.0, 1408.3544921875], [0.0, 0.0, 1.0, 0.0], [0.0, 0.0, 0.0, 1.0]], "pose_inverse": [[0.9986808896064758, 0.051347095519304276, 0.0, -1561.8616943359375], [-0.051347095519304276, 0.9986808896064758, 0.0, -1329.9117431640625], [0.0, 0.0, 1.0, 0.0], [0.0, 0.0, 0.0, 1.0]], "cam_ids": [0, 1, 2, 3, 4, 5], "cam_channels": ["CAM_FRONT_LEFT", "CAM_FRONT", "CAM_FRONT_RIGHT", "CAM_BACK_LEFT", "CAM_BACK", "CAM_BACK_RIGHT"], "token": "21ad110301c643c2a2419e130a1f07b8", "scene": "scene-1108"}, {"images": ["samples/CAM_FRONT_LEFT/n015-2018-11-21-19-58-31+0800__CAM_FRONT_LEFT__1542801658154844.jpg", "samples/CAM_FRONT/n015-2018-11-21-19-58-31+0800__CAM_FRONT__1542801658162478.jpg", "samples/CAM_FRONT_RIGHT/n015-2018-11-21-19-58-31+0800__CAM_FRONT_RIGHT__1542801658170339.jpg", "samples/CAM_BACK_LEFT/n015-2018-11-21-19-58-31+0800__CAM_BACK_LEFT__1542801658197448.jpg", "samples/CAM_BACK/n015-2018-11-21-19-58-31+0800__CAM_BACK__1542801658187525.jpg", "samples/CAM_BACK_RIGHT/n015-2018-11-21-19-58-31+0800__CAM_BACK_RIGHT__1542801658177893.jpg"], "intrinsics": [[[1272.5979470598488, 0.0, 826.6154927353808], [0.0, 1272.5979470598488, 479.75165386361925], [0.0, 0.0, 1.0]], [[1266.417203046554, 0.0, 816.2670197447984], [0.0, 1266.417203046554, 491.50706579294757], [0.0, 0.0, 1.0]], [[1260.8474446004698, 0.0, 807.968244525554], [0.0, 1260.8474446004698, 495.3344268742088], [0.0, 0.0, 1.0]], [[1256.7414812095406, 0.0, 792.1125740759628], [0.0, 1256.7414812095406, 492.7757465151356], [0.0, 0.0, 1.0]], [[809.2209905677063, 0.0, 829.2196003259838], [0.0, 809.2209905677063, 481.77842384512485], [0.0, 0.0, 1.0]], [[1259.5137405846733, 0.0, 807.2529053838625], [0.0, 1259.5137405846733, 501.19579884916527], [0.0, 0.0, 1.0]]], "extrinsics": [[[0.8206654191017151, -0.5713443756103516, 0.008586856536567211, -0.9649658203125], [-0.01256163977086544, -0.033063046634197235, -0.9993743300437927, 1.5082511901855469], [0.5712708234786987, 0.8200441002845764, -0.0343107245862484, -1.2802734375], [0.0, 0.0, 0.0, 1.0]], [[0.005692028906196356, -0.9992984533309937, 0.037013377994298935, 0.005126953125], [-0.017856968566775322, -0.037109650671482086, -0.9991517066955566, 1.5205307006835938], [0.9998243451118469, 0.005026250146329403, -0.01805567368865013, -1.6922607421875], [0.0, 0.0, 0.0, 1.0]], [[-0.8329747319221497, -0.5529048442840576, 0.02119544893503189, 1.0323486328125], [-0.012231948785483837, -0.01989630050957203, -0.999727189540863, 1.5036392211914062], [0.5531757473945618, -0.8330067992210388, 0.009810013696551323, -1.2486114501953125], [0.0, 0.0, 0.0, 1.0]], [[0.947726845741272, 0.3184932768344879, -0.019383830949664116, -1.1422119140625], [-0.0035516186617314816, -0.0502154603600502, -0.9987320899963379, 1.5885543823242188], [-0.31906282901763916, 0.9465941190719604, -0.0464593805372715, -0.10369873046875], [0.0, 0.0, 0.0, 1.0]], [[0.0023514858912676573, 0.9991856813430786, -0.04028027877211571, 0.0029296875], [-0.028976401314139366, -0.040195394307374954, -0.998771607875824, 1.5793609619140625], [-0.9995772838592529, 0.0035157729871571064, 0.028858287259936333, 0.0018310546875], [0.0, 0.0, 0.0, 1.0]], [[-0.9348423480987549, 0.3548516631126404, -0.012246925383806229, 1.13616943359375], [0.0036459851544350386, -0.02489667385816574, -0.9996834397315979, 1.551443099975586], [-0.35504430532455444, -0.9345910549163818, 0.021980678662657738, -0.0635986328125], [0.0, 0.0, 0.0, 1.0]]], "view": [[0.0, -2.0, 100.0], [-2.0, 0.0, 100.0], [0.0, 0.0, 1.0]], "bev": "bev_9c30d85cf4c64d4bbe6ee04d7606a3d8.png", "aux": "aux_9c30d85cf4c64d4bbe6ee04d7606a3d8.npz", "visibility": "visibility_9c30d85cf4c64d4bbe6ee04d7606a3d8.png", "pose": [[0.9986783266067505, -0.05139613896608353, 0.0, 1491.5142822265625], [0.05139613896608353, 0.9986783266067505, 0.0, 1408.3544921875], [0.0, 0.0, 1.0, 0.0], [0.0, 0.0, 0.0, 1.0]], "pose_inverse": [[0.9986783266067505, 0.05139613896608353, 0.0, -1561.927001953125], [-0.05139613896608353, 0.9986783266067505, 0.0, -1329.8350830078125], [0.0, 0.0, 1.0, 0.0], [0.0, 0.0, 0.0, 1.0]], "cam_ids": [0, 1, 2, 3, 4, 5], "cam_channels": ["CAM_FRONT_LEFT", "CAM_FRONT", "CAM_FRONT_RIGHT", "CAM_BACK_LEFT", "CAM_BACK", "CAM_BACK_RIGHT"], "token": "9c30d85cf4c64d4bbe6ee04d7606a3d8", "scene": "scene-1108"}, {"images": ["samples/CAM_FRONT_LEFT/n015-2018-11-21-19-58-31+0800__CAM_FRONT_LEFT__1542801658654844.jpg", "samples/CAM_FRONT/n015-2018-11-21-19-58-31+0800__CAM_FRONT__1542801658662460.jpg", "samples/CAM_FRONT_RIGHT/n015-2018-11-21-19-58-31+0800__CAM_FRONT_RIGHT__1542801658670339.jpg", "samples/CAM_BACK_LEFT/n015-2018-11-21-19-58-31+0800__CAM_BACK_LEFT__1542801658697423.jpg", "samples/CAM_BACK/n015-2018-11-21-19-58-31+0800__CAM_BACK__1542801658687525.jpg", "samples/CAM_BACK_RIGHT/n015-2018-11-21-19-58-31+0800__CAM_BACK_RIGHT__1542801658677893.jpg"], "intrinsics": [[[1272.5979470598488, 0.0, 826.6154927353808], [0.0, 1272.5979470598488, 479.75165386361925], [0.0, 0.0, 1.0]], [[1266.417203046554, 0.0, 816.2670197447984], [0.0, 1266.417203046554, 491.50706579294757], [0.0, 0.0, 1.0]], [[1260.8474446004698, 0.0, 807.968244525554], [0.0, 1260.8474446004698, 495.3344268742088], [0.0, 0.0, 1.0]], [[1256.7414812095406, 0.0, 792.1125740759628], [0.0, 1256.7414812095406, 492.7757465151356], [0.0, 0.0, 1.0]], [[809.2209905677063, 0.0, 829.2196003259838], [0.0, 809.2209905677063, 481.77842384512485], [0.0, 0.0, 1.0]], [[1259.5137405846733, 0.0, 807.2529053838625], [0.0, 1259.5137405846733, 501.19579884916527], [0.0, 0.0, 1.0]]], "extrinsics": [[[0.8206706643104553, -0.5713356137275696, 0.008683324791491032, -0.96490478515625], [-0.012436063028872013, -0.03305206447839737, -0.9993762373924255, 1.5082511901855469], [0.571266233921051, 0.8200507760047913, -0.03423002362251282, -1.2802734375], [0.0, 0.0, 0.0, 1.0]], [[0.005698188673704863, -0.9992987513542175, 0.03700607642531395, 0.005126953125], [-0.017730286344885826, -0.037101827561855316, -0.9991542100906372, 1.5205307006835938], [0.9998265504837036, 0.005037241615355015, -0.01792926713824272, -1.6923828125], [0.0, 0.0, 0.0, 1.0]], [[-0.8329713940620422, -0.5529139637947083, 0.021087801083922386, 1.0323486328125], [-0.012104279361665249, -0.01989380270242691, -0.999728798866272, 1.5036392211914062], [0.5531834959983826, -0.8330008387565613, 0.009878347627818584, -1.2488250732421875], [0.0, 0.0, 0.0, 1.0]], [[0.9477272629737854, 0.3184991478919983, -0.019268633797764778, -1.1422119140625], [-0.0034252263139933348, -0.05022938549518585, -0.998731791973114, 1.5885543823242188], [-0.31906309723854065, 0.9465914368629456, -0.046512823551893234, -0.10369873046875], [0.0, 0.0, 0.0, 1.0]], [[0.0023494414053857327, 0.9991852641105652, -0.04029161110520363, 0.0028076171875], [-0.028841601684689522, -0.04020725190639496, -0.9987750053405762, 1.5793609619140625], [-0.9995812773704529, 0.0035086381249129772, 0.028723634779453278, 0.0018310546875], [0.0, 0.0, 0.0, 1.0]], [[-0.9348442554473877, 0.3548426032066345, -0.012370370328426361, 1.1361083984375], [0.0037762699648737907, -0.02490181103348732, -0.9996827840805054, 1.5514469146728516], [-0.3550380766391754, -0.9345943331718445, 0.02193932794034481, -0.0635986328125], [0.0, 0.0, 0.0, 1.0]]], "view": [[0.0, -2.0, 100.0], [-2.0, 0.0, 100.0], [0.0, 0.0, 1.0]], "bev": "bev_4358530a0f1e45618515d284d0920a1c.png", "aux": "aux_4358530a0f1e45618515d284d0920a1c.npz", "visibility": "visibility_4358530a0f1e45618515d284d0920a1c.png", "pose": [[0.9986763596534729, -0.05143515765666962, 0.0, 1491.5142822265625], [0.05143515765666962, 0.9986763596534729, 0.0, 1408.3544921875], [0.0, 0.0, 1.0, 0.0], [0.0, 0.0, 0.0, 1.0]], "pose_inverse": [[0.9986763596534729, 0.05143515765666962, 0.0, -1561.97900390625], [-0.05143515765666962, 0.9986763596534729, 0.0, -1329.7740478515625], [0.0, 0.0, 1.0, 0.0], [0.0, 0.0, 0.0, 1.0]], "cam_ids": [0, 1, 2, 3, 4, 5], "cam_channels": ["CAM_FRONT_LEFT", "CAM_FRONT", "CAM_FRONT_RIGHT", "CAM_BACK_LEFT", "CAM_BACK", "CAM_BACK_RIGHT"], "token": "4358530a0f1e45618515d284d0920a1c", "scene": "scene-1108"}, {"images": ["samples/CAM_FRONT_LEFT/n015-2018-11-21-19-58-31+0800__CAM_FRONT_LEFT__1542801659154844.jpg", "samples/CAM_FRONT/n015-2018-11-21-19-58-31+0800__CAM_FRONT__1542801659162460.jpg", "samples/CAM_FRONT_RIGHT/n015-2018-11-21-19-58-31+0800__CAM_FRONT_RIGHT__1542801659170339.jpg", "samples/CAM_BACK_LEFT/n015-2018-11-21-19-58-31+0800__CAM_BACK_LEFT__1542801659197423.jpg", "samples/CAM_BACK/n015-2018-11-21-19-58-31+0800__CAM_BACK__1542801659187525.jpg", "samples/CAM_BACK_RIGHT/n015-2018-11-21-19-58-31+0800__CAM_BACK_RIGHT__1542801659177943.jpg"], "intrinsics": [[[1272.5979470598488, 0.0, 826.6154927353808], [0.0, 1272.5979470598488, 479.75165386361925], [0.0, 0.0, 1.0]], [[1266.417203046554, 0.0, 816.2670197447984], [0.0, 1266.417203046554, 491.50706579294757], [0.0, 0.0, 1.0]], [[1260.8474446004698, 0.0, 807.968244525554], [0.0, 1260.8474446004698, 495.3344268742088], [0.0, 0.0, 1.0]], [[1256.7414812095406, 0.0, 792.1125740759628], [0.0, 1256.7414812095406, 492.7757465151356], [0.0, 0.0, 1.0]], [[809.2209905677063, 0.0, 829.2196003259838], [0.0, 809.2209905677063, 481.77842384512485], [0.0, 0.0, 1.0]], [[1259.5137405846733, 0.0, 807.2529053838625], [0.0, 1259.5137405846733, 501.19579884916527], [0.0, 0.0, 1.0]]], "extrinsics": [[[0.820693850517273, -0.5713039040565491, 0.008567011915147305, -0.9652099609375], [-0.012539977207779884, -0.033000219613313675, -0.9993767142295837, 1.5082435607910156], [0.5712304711341858, 0.8200749754905701, -0.03424721583724022, -1.2803955078125], [0.0, 0.0, 0.0, 1.0]], [[0.005732172634452581, -0.9993006587028503, 0.03694883733987808, 0.005126953125], [-0.017833098769187927, -0.03704572841525078, -0.9991544485092163, 1.5205307006835938], [0.9998245239257812, 0.005068414844572544, -0.0180329792201519, -1.6922607421875], [0.0, 0.0, 0.0, 1.0]], [[-0.8329576849937439, -0.5529325604438782, 0.021144401282072067, 1.0325927734375], [-0.012209385633468628, -0.019837435334920883, -0.9997286796569824, 1.5036430358886719], [0.5532019734382629, -0.8329898118972778, 0.009772777557373047, -1.2486724853515625], [0.0, 0.0, 0.0, 1.0]], [[0.9477263689041138, 0.3184957504272461, -0.01937153749167919, -1.14208984375], [-0.003553784918040037, -0.050170231610536575, -0.9987343549728394, 1.58856201171875], [-0.31906449794769287, 0.9465956687927246, -0.0464157871901989, -0.10369873046875], [0.0, 0.0, 0.0, 1.0]], [[0.0023388899862766266, 0.9991875290870667, -0.04023539647459984, 0.00280761