[{"images": ["samples/CAM_FRONT_LEFT/n008-2018-08-27-11-48-51-0400__CAM_FRONT_LEFT__1535385272104799.jpg", "samples/CAM_FRONT/n008-2018-08-27-11-48-51-0400__CAM_FRONT__1535385272112404.jpg", "samples/CAM_FRONT_RIGHT/n008-2018-08-27-11-48-51-0400__CAM_FRONT_RIGHT__1535385272120482.jpg", "samples/CAM_BACK_LEFT/n008-2018-08-27-11-48-51-0400__CAM_BACK_LEFT__1535385272147405.jpg", "samples/CAM_BACK/n008-2018-08-27-11-48-51-0400__CAM_BACK__1535385272137558.jpg", "samples/CAM_BACK_RIGHT/n008-2018-08-27-11-48-51-0400__CAM_BACK_RIGHT__1535385272128113.jpg"], "intrinsics": [[[1257.8625342125129, 0.0, 827.2410631095686], [0.0, 1257.8625342125129, 450.915498205774], [0.0, 0.0, 1.0]], [[1252.8131021185304, 0.0, 826.588114781398], [0.0, 1252.8131021185304, 469.9846626224581], [0.0, 0.0, 1.0]], [[1256.7485116440405, 0.0, 817.7887570959712], [0.0, 1256.7485116440403, 451.9541780095127], [0.0, 0.0, 1.0]], [[1254.9860565800168, 0.0, 829.5769333630991], [0.0, 1254.9860565800168, 467.1680561863987], [0.0, 0.0, 1.0]], [[796.8910634503094, 0.0, 857.7774326863696], [0.0, 796.8910634503094, 476.8848988407415], [0.0, 0.0, 1.0]], [[1249.9629280788233, 0.0, 825.3768045375984], [0.0, 1249.9629280788233, 462.54816385708756], [0.0, 0.0, 1.0]]], "extrinsics": [[[0.8210586309432983, -0.5705966949462891, 0.016799045726656914, -0.758941650390625], [0.010510165244340897, -0.014312973245978355, -0.9998422861099243, 1.4914531707763672], [0.5707471370697021, 0.8211057186126709, -0.005754726938903332, -1.1646728515625], [0.0, 0.0, 0.0, 1.0]], [[0.008164397440850735, -0.9997947812080383, 0.01853800192475319, 0.00927734375], [0.012634307146072388, -0.01843400113284588, -0.9997502565383911, 1.4833602905273438], [0.9998868703842163, 0.008396526798605919, 0.012481213547289371, -1.484619140625], [0.0, 0.0, 0.0, 1.0]], [[-0.8448013663291931, -0.5350711345672607, -0.0030808672308921814, 0.9234619140625], [0.02083163894712925, -0.027135703712701797, -0.9994146227836609, 1.4972515106201172], [0.5346744060516357, -0.8443710207939148, 0.0340706892311573, -1.1700439453125], [0.0, 0.0, 0.0, 1.0]], [[0.9479672908782959, 0.3182688355445862, -0.007929220795631409, -1.123046875], [-0.004337231628596783, -0.011993074789643288, -0.9999186992645264, 1.56195068359375], [-0.3183380663394928, 0.9479246139526367, -0.00998863484710455, -0.1634521484375], [0.0, 0.0, 0.0, 1.0]], [[0.01004834659397602, 0.9997592568397522, -0.019504928961396217, -0.028564453125], [-0.002269377699121833, -0.019483061507344246, -0.9998075366020203, 1.5678787231445312], [-0.9999470114707947, 0.01009069662541151, 0.0020730593241751194, -0.04229736328125], [0.0, 0.0, 0.0, 1.0]], [[-0.9232123494148254, 0.383878231048584, -0.017786385491490364, 1.0228500366210938], [0.0017142342403531075, -0.04216945171356201, -0.9991090297698975, 1.5481109619140625], [-0.3842862844467163, -0.9224202632904053, 0.03827330097556114, -0.099853515625], [0.0, 0.0, 0.0, 1.0]]], "view": [[0.0, -2.0, 100.0], [-2.0, 0.0, 100.0], [0.0, 0.0, 1.0]], "bev": "bev_d1ecf5ad735346f5a7062aabda81636f.png", "aux": "aux_d1ecf5ad735346f5a7062aabda81636f.npz", "visibility": "visibility_d1ecf5ad735346f5a7062aabda81636f.png", "pose": [[0.8042620420455933, 0.5942748188972473, 0.0, 1682.3193359375], [-0.5942748188972473, 0.8042620420455933, 0.0, 922.4888916015625], [0.0, 0.0, 1.0, 0.0], [0.0, 0.0, 0.0, 1.0]], "pose_inverse": [[0.8042620420455933, -0.5942748188972473, 0.0, -804.813720703125], [0.5942748188972473, 0.8042620420455933, 0.0, -1741.682861328125], [0.0, 0.0, 1.0, 0.0], [0.0, 0.0, 0.0, 1.0]], "cam_ids": [0, 1, 2, 3, 4, 5], "cam_channels": ["CAM_FRONT_LEFT", "CAM_FRONT", "CAM_FRONT_RIGHT", "CAM_BACK_LEFT", "CAM_BACK", "CAM_BACK_RIGHT"], "token": "d1ecf5ad735346f5a7062aabda81636f", "scene": "scene-0662"}, {"images": ["samples/CAM_FRONT_LEFT/n008-2018-08-27-11-48-51-0400__CAM_FRONT_LEFT__1535385272604799.jpg", "samples/CAM_FRONT/n008-2018-08-27-11-48-51-0400__CAM_FRONT__1535385272612404.jpg", "samples/CAM_FRONT_RIGHT/n008-2018-08-27-11-48-51-0400__CAM_FRONT_RIGHT__1535385272620482.jpg", "samples/CAM_BACK_LEFT/n008-2018-08-27-11-48-51-0400__CAM_BACK_LEFT__1535385272647405.jpg", "samples/CAM_BACK/n008-2018-08-27-11-48-51-0400__CAM_BACK__1535385272637558.jpg", "samples/CAM_BACK_RIGHT/n008-2018-08-27-11-48-51-0400__CAM_BACK_RIGHT__1535385272628113.jpg"], "intrinsics": [[[1257.8625342125129, 0.0, 827.2410631095686], [0.0, 1257.8625342125129, 450.915498205774], [0.0, 0.0, 1.0]], [[1252.8131021185304, 0.0, 826.588114781398], [0.0, 1252.8131021185304, 469.9846626224581], [0.0, 0.0, 1.0]], [[1256.7485116440405, 0.0, 817.7887570959712], [0.0, 1256.7485116440403, 451.9541780095127], [0.0, 0.0, 1.0]], [[1254.9860565800168, 0.0, 829.5769333630991], [0.0, 1254.9860565800168, 467.1680561863987], [0.0, 0.0, 1.0]], [[796.8910634503094, 0.0, 857.7774326863696], [0.0, 796.8910634503094, 476.8848988407415], [0.0, 0.0, 1.0]], [[1249.9629280788233, 0.0, 825.3768045375984], [0.0, 1249.9629280788233, 462.54816385708756], [0.0, 0.0, 1.0]]], "extrinsics": [[[0.8215590715408325, -0.5699300169944763, 0.01484921295195818, -0.773529052734375], [0.006024101283401251, -0.017366250976920128, -0.9998310208320618, 1.4900264739990234], [0.5700916051864624, 0.8215097188949585, -0.010834085755050182, -1.17578125], [0.0, 0.0, 0.0, 1.0]], [[0.008724482730031013, -0.9997296929359436, 0.021549273282289505, 0.00927734375], [0.007990119978785515, -0.021479710936546326, -0.9997373819351196, 1.4820556640625], [0.9999299645423889, 0.00889433454722166, 0.0078005618415772915, -1.50323486328125], [0.0, 0.0, 0.0, 1.0]], [[-0.8446776270866394, -0.5352689027786255, 0.0026191899087280035, 0.939208984375], [0.01602073200047016, -0.030171779915690422, -0.9994162917137146, 1.496002197265625], [0.5350355505943298, -0.844142735004425, 0.03406083211302757, -1.179931640625], [0.0, 0.0, 0.0, 1.0]], [[0.9479430913925171, 0.3181503415107727, -0.013574077747762203, -1.134033203125], [-0.00932532548904419, -0.014873807318508625, -0.9998458623886108, 1.5619468688964844], [-0.3183031678199768, 0.9479235410690308, -0.011132669635117054, -0.1597900390625], [0.0, 0.0, 0.0, 1.0]], [[0.009894049726426601, 0.999698281288147, -0.02248338982462883, -0.0286865234375], [-0.007216821890324354, -0.022412514314055443, -0.9997227191925049, 1.5675506591796875], [-0.9999250769615173, 0.010053648613393307, 0.006992893759161234, -0.028076171875], [0.0, 0.0, 0.0, 1.0]], [[-0.923347532749176, 0.38369008898735046, -0.01453344151377678, 1.03839111328125], [-0.003047838807106018, -0.04517383500933647, -0.9989745020866394, 1.5474624633789062], [-0.3839530944824219, -0.922356367111206, 0.042880572378635406, -0.0933837890625], [0.0, 0.0, 0.0, 1.0]]], "view": [[0.0, -2.0, 100.0], [-2.0, 0.0, 100.0], [0.0, 0.0, 1.0]], "bev": "bev_fc6669864ac84fc48c094bd668e5dc68.png", "aux": "aux_fc6669864ac84fc48c094bd668e5dc68.npz", "visibility": "visibility_fc6669864ac84fc48c094bd668e5dc68.png", "pose": [[0.816132128238678, 0.5778653621673584, 0.0, 1684.871337890625], [-0.5778653621673584, 0.816132128238678, 0.0, 920.62255859375], [0.0, 0.0, 1.0, 0.0], [0.0, 0.0, 0.0, 1.0]], "pose_inverse": [[0.816132128238678, -0.5778653621673584, 0.0, -843.0816650390625], [0.5778653621673584, 0.816132128238678, 0.0, -1724.9783935546875], [0.0, 0.0, 1.0, 0.0], [0.0, 0.0, 0.0, 1.0]], "cam_ids": [0, 1, 2, 3, 4, 5], "cam_channels": ["CAM_FRONT_LEFT", "CAM_FRONT", "CAM_FRONT_RIGHT", "CAM_BACK_LEFT", "CAM_BACK", "CAM_BACK_RIGHT"], "token": "fc6669864ac84fc48c094bd668e5dc68", "scene": "scene-0662"}, {"images": ["samples/CAM_FRONT_LEFT/n008-2018-08-27-11-48-51-0400__CAM_FRONT_LEFT__1535385273154799.jpg", "samples/CAM_FRONT/n008-2018-08-27-11-48-51-0400__CAM_FRONT__1535385273162404.jpg", "samples/CAM_FRONT_RIGHT/n008-2018-08-27-11-48-51-0400__CAM_FRONT_RIGHT__1535385273170482.jpg", "samples/CAM_BACK_LEFT/n008-2018-08-27-11-48-51-0400__CAM_BACK_LEFT__1535385273197405.jpg", "samples/CAM_BACK/n008-2018-08-27-11-48-51-0400__CAM_BACK__1535385273187558.jpg", "samples/CAM_BACK_RIGHT/n008-2018-08-27-11-48-51-0400__CAM_BACK_RIGHT__1535385273178113.jpg"], "intrinsics": [[[1257.8625342125129, 0.0, 827.2410631095686], [0.0, 1257.8625342125129, 450.915498205774], [0.0, 0.0, 1.0]], [[1252.8131021185304, 0.0, 826.588114781398], [0.0, 1252.8131021185304, 469.9846626224581], [0.0, 0.0, 1.0]], [[1256.7485116440405, 0.0, 817.7887570959712], [0.0, 1256.7485116440403, 451.9541780095127], [0.0, 0.0, 1.0]], [[1254.9860565800168, 0.0, 829.5769333630991], [0.0, 1254.9860565800168, 467.1680561863987], [0.0, 0.0, 1.0]], [[796.8910634503094, 0.0, 857.7774326863696], [0.0, 796.8910634503094, 476.8848988407415], [0.0, 0.0, 1.0]], [[1249.9629280788233, 0.0, 825.3768045375984], [0.0, 1249.9629280788233, 462.54816385708756], [0.0, 0.0, 1.0]]], "extrinsics": [[[0.8223367929458618, -0.5688156485557556, 0.014524411410093307, -0.779388427734375], [0.005897998809814453, -0.017003607004880905, -0.9998379945755005, 1.489919662475586], [0.5689705014228821, 0.8222892880439758, -0.01062781736254692, -1.1778564453125], [0.0, 0.0, 0.0, 1.0]], [[0.009874634444713593, -0.9997270703315735, 0.02117190882563591, 0.008056640625], [0.007769500836730003, -0.021095598116517067, -0.9997472763061523, 1.4819393157958984], [0.9999210834503174, 0.010036633349955082, 0.0075590708293020725, -1.507568359375], [0.0, 0.0, 0.0, 1.0]], [[-0.8442054986953735, -0.5360128879547119, 0.0026737309526652098, 0.9412841796875], [0.015729377046227455, -0.029758691787719727, -0.9994333386421204, 1.4958686828613281], [0.5357887744903564, -0.8436850905418396, 0.033553604036569595, -1.18243408203125], [0.0, 0.0, 0.0, 1.0]], [[0.9479578137397766, 0.3180876672267914, -0.014012121595442295, -1.1361083984375], [-0.009941174648702145, -0.014417916536331177, -0.9998465776443481, 1.5619583129882812], [-0.31824085116386414, 0.9479517340660095, -0.010505408979952335, -0.15869140625], [0.0, 0.0, 0.0, 1.0]], [[0.009567500092089176, 0.9997103810310364, -0.022081978619098663, -0.0283203125], [-0.007689994759857655, -0.022008776664733887, -0.9997282028198242, 1.5675239562988281], [-0.9999247193336487, 0.0097348028793931, 0.0074771991930902, -0.02581787109375], [0.0, 0.0, 0.0, 1.0]], [[-0.9235754609107971, 0.38315901160240173, -0.01405391562730074, 1.0406341552734375], [-0.0033739388454705477, -0.044774703681468964, -0.9989914298057556, 1.547393798828125], [-0.38340169191360474, -0.9225966334342957, 0.04264557734131813, -0.09326171875], [0.0, 0.0, 0.0, 1.0]]], "view": [[0.0, -2.0, 100.0], [-2.0, 0.0, 100.0], [0.0, 0.0, 1.0]], "bev": "bev_89ce283afbfe4ab9b83fcd96e183e5e5.png", "aux": "aux_89ce283afbfe4ab9b83fcd96e183e5e5.npz", "visibility": "visibility_89ce283afbfe4ab9b83fcd96e183e5e5.png", "pose": [[0.8234367370605469, 0.5674080848693848, 0.0, 1687.6719970703125], [-0.5674080848693848, 0.8234367370605469, 0.0, 918.6576538085938], [0.0, 0.0, 1.0, 0.0], [0.0, 0.0, 0.0, 1.0]], "pose_inverse": [[0.8234367370605469, -0.5674080848693848, 0.0, -868.4373779296875], [0.5674080848693848, 0.8234367370605469, 0.0, -1714.05517578125], [0.0, 0.0, 1.0, 0.0], [0.0, 0.0, 0.0, 1.0]], "cam_ids": [0, 1, 2, 3, 4, 5], "cam_channels": ["CAM_FRONT_LEFT", "CAM_FRONT", "CAM_FRONT_RIGHT", "CAM_BACK_LEFT", "CAM_BACK", "CAM_BACK_RIGHT"], "token": "89ce283afbfe4ab9b83fcd96e183e5e5", "scene": "scene-0662"}, {"images": ["samples/CAM_FRONT_LEFT/n008-2018-08-27-11-48-51-0400__CAM_FRONT_LEFT__1535385273654799.jpg", "samples/CAM_FRONT/n008-2018-08-27-11-48-51-0400__CAM_FRONT__1535385273662404.jpg", "samples/CAM_FRONT_RIGHT/n008-2018-08-27-11-48-51-0400__CAM_FRONT_RIGHT__1535385273670482.jpg", "samples/CAM_BACK_LEFT/n008-2018-08-27-11-48-51-0400__CAM_BACK_LEFT__1535385273697413.jpg", "samples/CAM_BACK/n008-2018-08-27-11-48-51-0400__CAM_BACK__1535385273687558.jpg", "samples/CAM_BACK_RIGHT/n008-2018-08-27-11-48-51-0400__CAM_BACK_RIGHT__1535385273678576.jpg"], "intrinsics": [[[1257.8625342125129, 0.0, 827.2410631095686], [0.0, 1257.8625342125129, 450.915498205774], [0.0, 0.0, 1.0]], [[1252.8131021185304, 0.0, 826.588114781398], [0.0, 1252.8131021185304, 469.9846626224581], [0.0, 0.0, 1.0]], [[1256.7485116440405, 0.0, 817.7887570959712], [0.0, 1256.7485116440403, 451.9541780095127], [0.0, 0.0, 1.0]], [[1254.9860565800168, 0.0, 829.5769333630991], [0.0, 1254.9860565800168, 467.1680561863987], [0.0, 0.0, 1.0]], [[796.8910634503094, 0.0, 857.7774326863696], [0.0, 796.8910634503094, 476.8848988407415], [0.0, 0.0, 1.0]], [[1249.9629280788233, 0.0, 825.3768045375984], [0.0, 1249.9629280788233, 462.54816385708756], [0.0, 0.0, 1.0]]], "extrinsics": [[[0.8230865001678467, -0.5677367448806763, 0.014276684261858463, -0.771484375], [0.006136511452496052, -0.016246357932686806, -0.9998491406440735, 1.4900627136230469], [0.5678829550743103, 0.8230499029159546, -0.009888232685625553, -1.1748046875], [0.0, 0.0, 0.0, 1.0]], [[0.011054471135139465, -0.9997302889823914, 0.020426323637366295, 0.009765625], [0.008102047257125378, -0.02033734880387783, -0.9997603297233582, 1.4820880889892578], [0.999906063079834, 0.011217313818633556, 0.007875042036175728, -1.5025634765625], [0.0, 0.0, 0.0, 1.0]], [[-0.8436434268951416, -0.5369004607200623, 0.0019344763131812215, 0.9405517578125], [0.016146564856171608, -0.028972512111067772, -0.9994497895240784, 1.4960098266601562], [0.5366610288619995, -0.8431480526924133, 0.0331115685403347, -1.1802978515625], [0.0, 0.0, 0.0, 1.0]], [[0.9479448795318604, 0.3181743919849396, -0.012867565266788006, -1.13720703125], [-0.008961597457528114, -0.013736918568611145, -0.9998654723167419, 1.5619773864746094], [-0.31830844283103943, 0.9479326605796814, -0.01017048954963684, -0.1585693359375], [0.0, 0.0, 0.0, 1.0]], [[0.00907231867313385, 0.9997308850288391, -0.02135033905506134, -0.029052734375], [-0.0069764177314937115, -0.02128741890192032, -0.9997490644454956, 1.567596435546875], [-0.9999345541000366, 0.009219001978635788, 0.0067814127542078495, -0.02484130859375], [0.0, 0.0, 0.0, 1.0]], [[-0.9239147901535034, 0.38233470916748047, -0.014200316742062569, 1.0441436767578125], [-0.0028535197488963604, -0.044000495225191116, -0.9990274310112, 1.547515869140625], [-0.3825876712799072, -0.9229756593704224, 0.04174371063709259, -0.0904541015625], [0.0, 0.0, 0.0, 1.0]]], "view": [[0.0, -2.0, 100.0], [-2.0, 0.0, 100.0], [0.0, 0.0, 1.0]], "bev": "bev_10e660c676334c38aa7bcfcecc7ead29.png", "aux": "aux_10e660c676334c38aa7bcfcecc7ead29.npz", "visibility": "visibility_10e660c676334c38aa7bcfcecc7ead29.png", "pose": [[0.8172041773796082, 0.5763483047485352, 0.0, 1690.2117919921875], [-0.5763483047485352, 0.8172041773796082, 0.0, 916.8668212890625], [0.0, 0.0, 1.0, 0.0], [0.0, 0.0, 0.0, 1.0]], "pose_inverse": [[0.8172041773796082, -0.5763483047485352, 0.0, -852.8134765625], [0.5763483047485352, 0.8172041773796082, 0.0, -1723.4180908203125], [0.0, 0.0, 1.0, 0.0], [0.0, 0.0, 0.0, 1.0]], "cam_ids": [0, 1, 2, 3, 4, 5], "cam_channels": ["CAM_FRONT_LEFT", "CAM_FRONT", "CAM_FRONT_RIGHT", "CAM_BACK_LEFT", "CAM_BACK", "CAM_BACK_RIGHT"], "token": "10e660c676334c38aa7bcfcecc7ead29", "scene": "scene-0662"}, {"images": ["samples/CAM_FRONT_LEFT/n008-2018-08-27-11-48-51-0400__CAM_FRONT_LEFT__1535385274154799.jpg", "samples/CAM_FRONT/n008-2018-08-27-11-48-51-0400__CAM_FRONT__1535385274162415.jpg", "samples/CAM_FRONT_RIGHT/n008-2018-08-27-11-48-51-0400__CAM_FRONT_RIGHT__1535385274170482.jpg", "samples/CAM_BACK_LEFT/n008-2018-08-27-11-48-51-0400__CAM_BACK_LEFT__1535385274197405.jpg", "samples/CAM_BACK/n008-2018-08-27-11-48-51-0400__CAM_BACK__1535385274187558.jpg", "samples/CAM_BACK_RIGHT/n008-2018-08-27-11-48-51-0400__CAM_BACK_RIGHT__1535385274178113.jpg"], "intrinsics": [[[1257.8625342125129, 0.0, 827.2410631095686], [0.0, 1257.8625342125129, 450.915498205774], [0.0, 0.0, 1.0]], [[1252.8131021185304, 0.0, 826.588114781398], [0.0, 1252.8131021185304, 469.9846626224581], [0.0, 0.0, 1.0]], [[1256.7485116440405, 0.0, 817.7887570959712], [0.0, 1256.7485116440403, 451.9541780095127], [0.0, 0.0, 1.0]], [[1254.9860565800168, 0.0, 829.5769333630991], [0.0, 1254.9860565800168, 467.1680561863987], [0.0, 0.0, 1.0]], [[796.8910634503094, 0.0, 857.7774326863696], [0.0, 796.8910634503094, 476.8848988407415], [0.0, 0.0, 1.0]], [[1249.9629280788233, 0.0, 825.3768045375984], [0.0, 1249.9629280788233, 462.54816385708756], [0.0, 0.0, 1.0]]], "extrinsics": [[[0.8231866955757141, -0.5675644278526306, 0.015303141437470913, -0.781982421875], [0.007115812040865421, -0.01663774810731411, -0.999836266040802, 1.4902477264404297], [0.5677261352539062, 0.8231608867645264, -0.009657293558120728, -1.182373046875], [0.0, 0.0, 0.0, 1.0]], [[0.011153639294207096, -0.9997205138206482, 0.02084089256823063, 0.010009765625], [0.009025505743920803, -0.0207406897097826, -0.999744176864624, 1.4822101593017578], [0.9998970627784729, 0.011338946409523487, 0.008791650645434856, -1.51251220703125], [0.0, 0.0, 0.0, 1.0]], [[-0.8436233401298523, -0.536933422088623, 0.0014351964928209782, 0.9464111328125], [0.017034322023391724, -0.029435522854328156, -0.9994215369224548, 1.4960517883300781], [0.5366650819778442, -0.8431108593940735, 0.033978793770074844, -1.18377685546875], [0.0, 0.0, 0.0, 1.0]], [[0.9479540586471558, 0.31816163659095764, -0.01249837689101696, -1.13818359375], [-0.008358469232916832, -0.014373836107552052, -0.9998617768287659, 1.5619888305664062], [-0.3182973563671112, 0.9479274749755859, -0.010966388508677483, -0.158203125], [0.0, 0.0, 0.0, 1.0]], [[0.009108173660933971, 0.9997180700302124, -0.02192600816488266, -0.029052734375], [-0.006287775933742523, -0.021869223564863205, -0.9997410178184509, 1.5676612854003906], [-0.9999387860298157, 0.009243723936378956, 0.006086814217269421, -0.0223388671875], [0.0, 0.0, 0.0, 1.0]], [[-0.9238952398300171, 0.3823449909687042, -0.015161285176873207, 1.0450515747070312], [-0.002036120044067502, -0.04453405365347862, -0.9990057945251465, 1.5476303100585938], [-0.3826400637626648, -0.9229457974433899, 0.04192329943180084, -0.0899658203125], [0.0, 0.0, 0.0, 1.0]]], "view": [[0.0, -2.0, 100.0], [-2.0, 0.0, 100.0], [0.0, 0.0, 1.0]], "bev": "bev_215cacd4f1b04666b872e56d8c438813.png", "aux": "aux_215cacd4f1b04666b872e56d8c438813.npz", "visibility": "visibility_215cacd4f1b04666b872e56d8c438813.png", "pose": [[0.8097414970397949, 0.5867867469787598, 0.0, 1692.79541015625], [-0.5867867469787598, 0.8097414970397949, 0.0, 915.0012817382812], [0.0, 0.0, 1.0, 0.0], [0.0, 0.0, 0.0, 1.0]], "pose_inverse": [[0.8097414970397949, -0.5867867469787598, 0.0, -833.8161010742188], [0.5867867469787598, 0.8097414970397949, 0.0, -1734.2244873046875], [0.0, 0.0, 1.0, 0.0], [0.0, 0.0, 0.0, 1.0]], "cam_ids": [0, 1, 2, 3, 4, 5], "cam_channels": ["CAM_FRONT_LEFT", "CAM_FRONT", "CAM_FRONT_RIGHT", "CAM_BACK_LEFT", "CAM_BACK", "CAM_BACK_RIGHT"], "token": "215cacd4f1b04666b872e56d8c438813", "scene": "scene-0662"}, {"images": ["samples/CAM_FRONT_LEFT/n008-2018-08-27-11-48-51-0400__CAM_FRONT_LEFT__1535385274654799.jpg", "samples/CAM_FRONT/n008-2018-08-27-11-48-51-0400__CAM_FRONT__1535385274662404.jpg", "samples/CAM_FRONT_RIGHT/n008-2018-08-27-11-48-51-0400__CAM_FRONT_RIGHT__1535385274670482.jpg", "samples/CAM_BACK_LEFT/n008-2018-08-27-11-48-51-0400__CAM_BACK_LEFT__1535385274697405.jpg", "samples/CAM_BACK/n008-2018-08-27-11-48-51-0400__CAM_BACK__1535385274687558.jpg", "samples/CAM_BACK_RIGHT/n008-2018-08-27-11-48-51-0400__CAM_BACK_RIGHT__1535385274678113.jpg"], "intrinsics": [[[1257.8625342125129, 0.0, 827.2410631095686], [0.0, 1257.8625342125129, 450.915498205774], [0.0, 0.0, 1.0]], [[1252.8131021185304, 0.0, 826.588114781398], [0.0, 1252.8131021185304, 469.9846626224581], [0.0, 0.0, 1.0]], [[1256.7485116440405, 0.0, 817.7887570959712], [0.0, 1256.7485116440403, 451.9541780095127], [0.0, 0.0, 1.0]], [[1254.9860565800168, 0.0, 829.5769333630991], [0.0, 1254.9860565800168, 467.1680561863987], [0.0, 0.0, 1.0]], [[796.8910634503094, 0.0, 857.7774326863696], [0.0, 796.8910634503094, 476.8848988407415], [0.0, 0.0, 1.0]], [[1249.9629280788233, 0.0, 825.3768045375984], [0.0, 1249.9629280788233, 462.54816385708756], [0.0, 0.0, 1.0]]], "extrinsics": [[[0.8230526447296143, -0.5677486658096313, 0.01568164862692356, -0.77978515625], [0.0076088011264801025, -0.016585849225521088, -0.9998334646224976, 1.490377426147461], [0.5679142475128174, 0.8230348825454712, -0.009331142529845238, -1.1783447265625], [0.0, 0.0, 0.0, 1.0]], [[0.010880078189074993, -0.9997246861457825, 0.020788535475730896, 0.0079345703125], [0.009654758498072624, -0.020683767274022102, -0.9997394680976868, 1.4823532104492188], [0.9998942017555237, 0.011078018695116043, 0.009427058510482311, -1.50830078125], [0.0, 0.0, 0.0, 1.0]], [[-0.8437879681587219, -0.5366759896278381, 0.0008363163797184825, 0.9420166015625], [0.017672469839453697, -0.029342925176024437, -0.9994131326675415, 1.4961891174316406], [0.5363856554031372, -0.8432780504226685, 0.03424359858036041, -1.1829833984375], [0.0, 0.0, 0.0, 1.0]], [[0.9479631185531616, 0.31816190481185913, -0.011787393130362034, -1.138427734375], [-0.00771233718842268, -0.014064745977520943, -0.9998713135719299, 1.5619964599609375], [-0.3182867169380188, 0.9479320645332336, -0.010879086330533028, -0.1578369140625], [0.0, 0.0, 0.0, 1.0]], [[0.009298288263380527, 0.9997215270996094, -0.02168741449713707, -0.0283203125], [-0.005552036687731743, -0.021636400371789932, -0.9997504353523254, 1.5676803588867188], [-0.9999414086341858, 0.009416432119905949, 0.005349307786673307, -0.02435302734375], [0.0, 0.0, 0.0, 1.0]], [[-0.9237566590309143, 0.3826591968536377, -0.01567317172884941, 1.041748046875], [-0.0014327657409012318, -0.04437693953514099, -0.9990138411521912, 1.5476303100585938], [-0.38297727704048157, -0.9228232502937317, 0.04154175519943237, -0.093017578125], [0.0, 0.0, 0.0, 1.0]]], "view": [[0.0, -2.0, 100.0], [-2.0, 0.0, 100.0], [0.0, 0.0, 1.0]], "bev": "bev_f7bde82131894c82a1b5939567461280.png", "aux": "aux_f7bde82131894c82a1b5939567461280.npz", "visibility": "visibility_f7bde82131894c82a1b5939567461280.png", "pose": [[0.7998992204666138, 0.6001343727111816, 0.0, 1695.2789306640625], [-0.6001343727111816, 0.7998992204666138, 0.0, 913.1502685546875], [0.0, 0.0, 1.0, 0.0], [0.0, 0.0, 0.0, 1.0]], "pose_inverse": [[0.7998992204666138, -0.6001343727111816, 0.0, -808.0393676757812], [0.6001343727111816, 0.7998992204666138, 0.0, -1747.8233642578125], [0.0, 0.0, 1.0, 0.0], [0.0, 0.0, 0.0, 1.0]], "cam_ids": [0, 1, 2, 3, 4, 5], "cam_channels": ["CAM_FRONT_LEFT", "CAM_FRONT", "CAM_FRONT_RIGHT", "CAM_BACK_LEFT", "CAM_BACK", "CAM_BACK_RIGHT"], "token": "f7bde82131894c82a1b5939567461280", "scene": "scene-0662"}, {"images": ["samples/CAM_FRONT_LEFT/n008-2018-08-27-11-48-51-0400__CAM_FRONT_LEFT__1535385275154799.jpg", "samples/CAM_FRONT/n008-2018-08-27-11-48-51-0400__CAM_FRONT__1535385275162404.jpg", "samples/CAM_FRONT_RIGHT/n008-2018-08-27-11-48-51-0400__CAM_FRONT_RIGHT__1535385275170482.jpg", "samples/CAM_BACK_LEFT/n008-2018-08-27-11-48-51-0400__CAM_BACK_LEFT__1535385275197405.jpg", "samples/CAM_BACK/n008-2018-08-27-11-48-51-0400__CAM_BACK__1535385275187558.jpg", "samples/CAM_BACK_RIGHT/n008-2018-08-27-11-48-51-0400__CAM_BACK_RIGHT__1535385275178113.jpg"], "intrinsics": [[[1257.8625342125129, 0.0, 827.2410631095686], [0.0, 1257.8625342125129, 450.915498205774], [0.0, 0.0, 1.0]], [[1252.8131021185304, 0.0, 826.588114781398], [0.0, 1252.8131021185304, 469.9846626224581], [0.0, 0.0, 1.0]], [[1256.7485116440405, 0.0, 817.7887570959712], [0.0, 1256.7485116440403, 451.9541780095127], [0.0, 0.0, 1.0]], [[1254.9860565800168, 0.0, 829.5769333630991], [0.0, 1254.9860565800168, 467.1680561863987], [0.0, 0.0, 1.0]], [[796.8910634503094, 0.0, 857.7774326863696], [0.0, 796.8910634503094, 476.8848988407415], [0.0, 0.0, 1.0]], [[1249.9629280788233, 0.0, 825.3768045375984], [0.0, 1249.9629280788233, 462.54816385708756], [0.0, 0.0, 1.0]]], "extrinsics": [[[0.8227552771568298, -0.568239688873291, 0.01332471426576376, -0.7841796875], [0.005974798928946257, -0.01479519996792078, -0.9998726844787598, 1.489908218383789], [0.5683644413948059, 0.8227301239967346, -0.00877771433442831, -1.1812744140625], [0.0, 0.0, 0.0, 1.0]], [[0.010482708923518658, -0.9997645020484924, 0.019003188237547874, 0.008056640625], [0.00797779206186533, -0.018920009955763817, -0.9997891783714294, 1.4819374084472656], [0.999913215637207, 0.010632121004164219, 0.007777578663080931, -1.51348876953125], [0.0, 0.0, 0.0, 1.0]], [[-0.8439422249794006, -0.5364325046539307, 0.0012639636406674981, 0.9462890625], [0.016072969883680344, -0.02764183282852173, -0.9994886517524719, 1.4958305358886719], [0.5361931920051575, -0.8434904217720032, 0.031950175762176514, -1.1856689453125], [0.0, 0.0, 0.0, 1.0]], [[0.9479512572288513, 0.31816548109054565, -0.012615881860256195, -1.138427734375], [-0.009055756963789463, -0.012666161172091961, -0.9998787641525269, 1.5619926452636719], [-0.3182867169380188, 0.9479506015777588, -0.009125670418143272, -0.1578369140625], [0.0, 0.0, 0.0, 1.0]], [[0.009356516413390636, 0.9997523427009583, -0.020190538838505745, -0.0281982421875], [-0.007043038960546255, -0.02012503705918789, -0.9997726678848267, 1.5676002502441406], [-0.9999315142631531, 0.009496619924902916, 0.0068529946729540825, -0.02197265625], [0.0, 0.0, 0.0, 1.0]], [[-0.9237163066864014, 0.38283219933509827, -0.01370126474648714, 1.0460739135742188], [-0.0029024125542491674, -0.04275942221283913, -0.9990811944007874, 1.547454833984375], [-0.3830662667751312, -0.9228277802467346, 0.040608711540699005, -0.0911865234375], [0.0, 0.0, 0.0, 1.0]]], "view": [[0.0, -2.0, 100.0], [-2.0, 0.0, 100.0], [0.0, 0.0, 1.0]], "bev": "bev_b7e8960911a348a691b29fc6c52e4a28.png", "aux": "aux_b7e8960911a348a691b29fc6c52e4a28.npz", "visibility": "visibility_b7e8960911a348a691b29fc6c52e4a28.png", "pose": [[0.7937959432601929, 0.6081842184066772, 0.0, 1697.830322265625], [-0.6081842184066772, 0.7937959432601929, 0.0, 911.2088623046875], [0.0, 0.0, 1.0, 0.0], [0.0, 0.0, 0.0, 1.0]], "pose_inverse": [[0.7937959432601929, -0.6081842184066772, 0.0, -793.5479736328125], [0.6081842184066772, 0.7937959432601929, 0.0, -1755.907470703125], [0.0, 0.0, 1.0, 0.0], [0.0, 0.0, 0.0, 1.0]], "cam_ids": [0, 1, 2, 3, 4, 5], "cam_channels": ["CAM_FRONT_LEFT", "CAM_FRONT", "CAM_FRONT_RIGHT", "CAM_BACK_LEFT", "CAM_BACK", "CAM_BACK_RIGHT"], "token": "b7e8960911a348a691b29fc6c52e4a28", "scene": "scene-0662"}, {"images": ["samples/CAM_FRONT_LEFT/n008-2018-08-27-11-48-51-0400__CAM_FRONT_LEFT__1535385275654799.jpg", "samples/CAM_FRONT/n008-2018-08-27-11-48-51-0400__CAM_FRONT__1535385275662404.jpg", "samples/CAM_FRONT_RIGHT/n008-2018-08-27-11-48-51-0400__CAM_FRONT_RIGHT__1535385275670482.jpg", "samples/CAM_BACK_LEFT/n008-2018-08-27-11-48-51-0400__CAM_BACK_LEFT__1535385275697405.jpg", "samples/CAM_BACK/n008-2018-08-27-11-48-51-0400__CAM_BACK__1535385275688827.jpg", "samples/CAM_BACK_RIGHT/n008-2018-08-27-11-48-51-0400__CAM_BACK_RIGHT__1535385275678113.jpg"], "intrinsics": [[[1257.8625342125129, 0.0, 827.2410631095686], [0.0, 1257.8625342125129, 450.915498205774], [0.0, 0.0, 1.0]], [[1252.8131021185304, 0.0, 826.588114781398], [0.0, 1252.8131021185304, 469.9846626224581], [0.0, 0.0, 1.0]], [[1256.7485116440405, 0.0, 817.7887570959712], [0.0, 1256.7485116440403, 451.9541780095127], [0.0, 0.0, 1.0]], [[1254.9860565800168, 0.0, 829.5769333630991], [0.0, 1254.9860565800168, 467.1680561863987], [0.0, 0.0, 1.0]], [[796.8910634503094, 0.0, 857.7774326863696], [0.0, 796.8910634503094, 476.8848988407415], [0.0, 0.0, 1.0]], [[1249.9629280788233, 0.0, 825.3768045375984], [0.0, 1249.9629280788233, 462.54816385708756], [0.0, 0.0, 1.0]]], "extrinsics": [[[0.8225381970405579, -0.5685197710990906, 0.014705132693052292, -0.780059814453125], [0.00605408288538456, -0.017102302983403206, -0.9998354315757751, 1.4899520874023438], [0.5686776638031006, 0.8224918842315674, -0.010625433176755905, -1.17822265625], [0.0, 0.0, 0.0, 1.0]], [[0.010187500156462193, -0.9997208714485168, 0.021318038925528526, 0.0076904296875], [0.007974975742399693, -0.021237235516309738, -0.9997426867485046, 1.481964111328125], [0.9999163150787354, 0.010354982689023018, 0.007756394799798727, -1.50921630859375], [0.0, 0.0, 0.0, 1.0]], [[-0.844053328037262, -0.5362529754638672, 0.002607583999633789, 0.9432373046875], [0.01593579538166523, -0.029942486435174942, -0.9994245767593384, 1.4958610534667969], [0.5360224843025208, -0.8435261249542236, 0.033818673342466354, -1.183837890625], [0.0, 0.0, 0.0, 1.0]], [[0.9479603171348572, 0.3180898427963257, -0.013796531595289707, -1.1387939453125], [-0.009569714777171612, -0.01484697312116623, -0.999843955039978, 1.5619926452636719], [-0.3182450532913208, 0.9479443430900574, -0.011030311696231365, -0.1578369140625], [0.0, 0.0, 0.0, 1.0]], [[0.009445751085877419, 0.9997042417526245, -0.02240990847349167, -0.0284423828125], [-0.007385397329926491, -0.022340549156069756, -0.9997231364250183, 1.5676307678222656], [-0.9999281167984009, 0.009608660824596882, 0.007172190118581057, -0.014892578125], [0.0, 0.0, 0.0, 1.0]], [[-0.9236704707145691, 0.38292059302330017, -0.014308182522654533, 1.0435523986816406], [-0.0031864934135228395, -0.04501422867178917, -0.9989812970161438, 1.5474166870117188], [-0.3831745982170105, -0.9226838946342468, 0.0427984856069088, -0.092041015625], [0.0, 0.0, 0.0, 1.0]]], "view": [[0.0, -2.0, 100.0], [-2.0, 0.0, 100.0], [0.0, 0.0, 1.0]], "bev": "bev_377023e950904743be9a3e13623629f3.png", "aux": "aux_377023e950904743be9a3e13623629f3.npz", "visibility": "visibility_377023e950904743be9a3e13623629f3.png", "pose": [[0.7914826273918152, 0.6111916899681091, 0.0, 1700.2891845703125], [-0.6111916899681091, 0.7914826273918152, 0.0, 909.3092651367188], [0.0, 0.0, 1.0, 0.0], [0.0, 0.0, 0.0, 1.0]], "pose_inverse": [[0.7914826273918152, -0.6111916899681091, 0.0, -789.987060546875], [0.6111916899681091, 0.7914826273918152, 0.0, -1758.905029296875], [0.0, 0.0, 1.0, 0.0], [0.0, 0.0, 0.0, 1.0]], "cam_ids": [0, 1, 2, 3, 4, 5], "cam_channels": ["CAM_FRONT_LEFT", "CAM_FRONT", "CAM_FRONT_RIGHT", "CAM_BACK_LEFT", "CAM_BACK", "CAM_BACK_RIGHT"], "token": "377023e950904743be9a3e13623629f3", "scene": "scene-0662"}, {"images": ["samples/CAM_FRONT_LEFT/n008-2018-08-27-11-48-51-0400__CAM_FRONT_LEFT__1535385276154799.jpg", "samples/CAM_FRONT/n008-2018-08-27-11-48-51-0400__CAM_FRONT__1535385276162404.jpg", "samples/CAM_FRONT_RIGHT/n008-2018-08-27-11-48-51-0400__CAM_FRONT_RIGHT__1535385276170482.jpg", "samples/CAM_BACK_LEFT/n008-2018-08-27-11-48-51-0400__CAM_BACK_LEFT__1535385276197405.jpg", "samples/CAM_BACK/n008-2018-08-27-11-48-51-0400__CAM_BACK__1535385276187558.jpg", "samples/CAM_BACK_RIGHT/n008-2018-08-27-11-48-51-0400__CAM_BACK_RIGHT__1535385276178113.jpg"], "intrinsics": [[[1257.8625342125129, 0.0, 827.2410631095686], [0.0, 1257.8625342125129, 450.915498205774], [0.0, 0.0, 1.0]], [[1252.8131021185304, 0.0, 826.588114781398], [0.0, 1252.8131021185304, 469.9846626224581], [0.0, 0.0, 1.0]], [[1256.7485116440405, 0.0, 817.7887570959712], [0.0, 1256.7485116440403, 451.9541780095127], [0.0, 0.0, 1.0]], [[1254.9860565800168, 0.0, 829.5769333630991], [0.0, 1254.9860565800168, 467.1680561863987], [0.0, 0.0, 1.0]], [[796.8910634503094, 0.0, 857.7774326863696], [0.0, 796.8910634503094, 476.8848988407415], [0.0, 0.0, 1.0]], [[1249.9629280788233, 0.0, 825.3768045375984], [0.0, 1249.9629280788233, 462.54816385708756], [0.0, 0.0, 1.0]]], "extrinsics": [[[0.8220476508140564, -0.5693403482437134, 0.009444313123822212, -0.7930908203125], [0.0012129314709454775, -0.014835026115179062, -0.9998891949653625, 1.4886436462402344], [0.569417417049408, 0.8219680190086365, -0.011504527181386948, -1.1893310546875], [0.0, 0.0, 0.0, 1.0]], [[0.00954353529959917, -0.9997801780700684, 0.018668659031391144, 0.0091552734375], [0.00299843423999846, -0.01864081248641014, -0.9998217821121216, 1.4808349609375], [0.9999498724937439, 0.009597805328667164, 0.0028198768850415945, -1.5228271484375], [0.0, 0.0, 0.0, 1.0]], [[-0.8443072438240051, -0.5358338952064514, 0.005234111566096544, 0.9521484375], [0.010958698578178883, -0.02703150361776352, -0.9995745420455933, 1.4949150085449219], [0.5357473492622375, -0.8438906073570251, 0.028694935142993927, -1.1881103515625], [0.0, 0.0, 0.0, 1.0]], [[0.9478962421417236, 0.318104088306427, -0.01739451289176941, -1.1396484375], [-0.0146584901958704, -0.010992827825248241, -0.9998321533203125, 1.5619773864746094], [-0.3182418942451477, 0.9479920268058777, -0.00575712975114584, -0.15771484375], [0.0, 0.0, 0.0, 1.0]], [[0.009504263289272785, 0.9997760653495789, -0.018909744918346405, -0.0286865234375], [-0.012509171850979328, -0.018790243193507195, -0.9997451901435852, 1.5672798156738281], [-0.9998766183853149, 0.009738362394273281, 0.012327782809734344, -0.0194091796875], [0.0, 0.0, 0.0, 1.0]], [[-0.9236158132553101, 0.3832245171070099, -0.008528226055204868, 1.04925537109375], [-0.008123836480081081, -0.04181306064128876, -0.9990924596786499, 1.5468826293945312], [-0.3832332491874695, -0.9227083325386047, 0.041732460260391235, -0.0887451171875], [0.0, 0.0, 0.0, 1.0]]], "view": [[0.0, -2.0, 100.0], [-2.0, 0.0, 100.0], [0.0, 0.0, 1.0]], "bev": "bev_5802356eb70f450b8509fc7dfa30975e.png", "aux": "aux_5802356eb70f450b8509fc7dfa30975e.npz", "visibility": "visibility_5802356eb70f450b8509fc7dfa30975e.png", "pose": [[0.7936060428619385, 0.6084319353103638, 0.0, 1702.7269287109375], [-0.6084319353103638, 0.7936060428619385, 0.0, 907.4231567382812], [0.0, 0.0, 1.0, 0.0], [0.0, 0.0, 0.0, 1.0]], "pose_inverse": [[0.7936060428619385, -0.6084319353103638, 0.0, -799.1891479492188], [0.6084319353103638, 0.7936060428619385, 0.0, -1756.1300048828125], [0.0, 0.0, 1.0, 0.0], [0.0, 0.0, 0.0, 1.0]], "cam_ids": [0, 1, 2, 3, 4, 5], "cam_channels": ["CAM_FRONT_LEFT", "CAM_FRONT", "CAM_FRONT_RIGHT", "CAM_BACK_LEFT", "CAM_BACK", "CAM_BACK_RIGHT"], "token": "5802356eb70f450b8509fc7dfa30975e", "scene": "scene-0662"}, {"images": ["samples/CAM_FRONT_LEFT/n008-2018-08-27-11-48-51-0400__CAM_FRONT_LEFT__1535385276654799.jpg", "samples/CAM_FRONT/n008-2018-08-27-11-48-51-0400__CAM_FRONT__1535385276662404.jpg", "samples/CAM_FRONT_RIGHT/n008-2018-08-27-11-48-51-0400__CAM_FRONT_RIGHT__1535385276670482.jpg", "samples/CAM_BACK_LEFT/n008-2018-08-27-11-48-51-0400__CAM_BACK_LEFT__1535385276697405.jpg", "samples/CAM_BACK/n008-2018-08-27-11-48-51-0400__CAM_BACK__1535385276687558.jpg", "samples/CAM_BACK_RIGHT/n008-2018-08-27-11-48-51-0400__CAM_BACK_RIGHT__1535385276678113.jpg"], "intrinsics": [[[1257.8625342125129, 0.0, 827.2410631095686], [0.0, 1257.8625342125129, 450.915498205774], [0.0, 0.0, 1.0]], [[1252.8131021185304, 0.0, 826.588114781398], [0.0, 1252.8131021185304, 469.9846626224581], [0.0, 0.0, 1.0]], [[1256.7485116440405, 0.0, 817.7887570959712], [0.0, 1256.7485116440403, 451.9541780095127], [0.0, 0.0, 1.0]], [[1254.9860565800168, 0.0, 829.5769333630991], [0.0, 1254.9860565800168, 467.1680561863987], [0.0, 0.0, 1.0]], [[796.8910634503094, 0.0, 857.7774326863696], [0.0, 796.8910634503094, 476.8848988407415], [0.0, 0.0, 1.0]], [[1249.9629280788233, 0.0, 825.3768045375984], [0.0, 1249.9629280788233, 462.54816385708756], [0.0, 0.0, 1.0]]], "extrinsics": [[[0.8209365606307983, -0.5709456205368042, 0.009178868494927883, -0.802947998046875], [0.0020594457164406776, -0.013114005327224731, -0.999911904335022, 1.4888248443603516], [0.5710157155990601, 0.8208830952644348, -0.009589935652911663, -1.1954345703125], [0.0, 0.0, 0.0, 1.0]], [[0.007960392162203789, -0.9998235106468201, 0.017020750790834427, 0.0086669921875], [0.004035937134176493, -0.016989029943943024, -0.9998475313186646, 1.4810066223144531], [0.9999602437019348, 0.008027851581573486, 0.0038999835960566998, -1.533935546875], [0.0, 0.0, 0.0, 1.0]], [[-0.8449512720108032, -0.5348324775695801, 0.00340898591093719, 0.9608154296875], [0.01206229068338871, -0.02542792819440365, -0.9996038675308228, 1.4949760437011719], [0.5347073078155518, -0.8445754051208496, 0.02793666534125805, -1.19354248046875], [0.0, 0.0, 0.0, 1.0]], [[0.947924017906189, 0.31811556220054626, -0.015572922304272652, -1.137939453125], [-0.01323639415204525, -0.009505217894911766, -0.9998672604560852, 1.5619583129882812], [-0.31822144985198975, 0.9480043053627014, -0.00479951873421669, -0.158203125], [0.0, 0.0, 0.0, 1.0]], [[0.009965342469513416, 0.9998000264167786, -0.017340369522571564, -0.02880859375], [-0.011160079389810562, -0.017228947952389717, -0.9997892379760742, 1.5674018859863281], [-0.9998881816864014, 0.010156710632145405, 0.010986155830323696, -0.01544189453125], [0.0, 0.0, 0.0, 1.0]], [[-0.9232820272445679, 0.3840177655220032, -0.008979019708931446, 1.0577774047851562], [-0.007009208668023348, -0.04021432250738144, -0.9991664886474609, 1.5470809936523438], [-0.38405871391296387, -0.9224495887756348, 0.03982082009315491, -0.0853271484375], [0.0, 0.0, 0.0, 1.0]]], "view": [[0.0, -2.0, 100.0], [-2.0, 0.0, 100.0], [0.0, 0.0, 1.0]], "bev": "bev_75139da24f414e9d80290d7fae8a5c2d.png", "aux": "aux_75139da24f414e9d80290d7fae8a5c2d.npz", "visibility": "visibility_75139da24f414e9d80290d7fae8a5c2d.png", "pose": [[0.8052695393562317, 0.5929089188575745, 0.0, 1704.9871826171875], [-0.5929089188575745, 0.8052695393562317, 0.0, 905.685546875], [0.0, 0.0, 1.0, 0.0], [0.0, 0.0, 0.0, 1.0]], "pose_inverse": [[0.8052695393562317, -0.5929089188575745, 0.0, -835.9852294921875], [0.5929089188575745, 0.8052695393562317, 0.0, -1740.2230224609375], [0.0, 0.0, 1.0, 0.0], [0.0, 0.0, 0.0, 1.0]], "cam_ids": [0, 1, 2, 3, 4, 5], "cam_channels": ["CAM_FRONT_LEFT", "CAM_FRONT", "CAM_FRONT_RIGHT", "CAM_BACK_LEFT", "CAM_BACK", "CAM_BACK_RIGHT"], "token": "75139da24f414e9d80290d7fae8a5c2d", "scene": "scene-0662"}, {"images": ["samples/CAM_FRONT_LEFT/n008-2018-08-27-11-48-51-0400__CAM_FRONT_LEFT__1535385277104799.jpg", "samples/CAM_FRONT/n008-2018-08-27-11-48-51-0400__CAM_FRONT__1535385277112404.jpg", "samples/CAM_FRONT_RIGHT/n008-2018-08-27-11-48-51-0400__CAM_FRONT_RIGHT__1535385277120482.jpg", "samples/CAM_BACK_LEFT/n008-2018-08-27-11-48-51-0400__CAM_BACK_LEFT__1535385277147405.jpg", "samples/CAM_BACK/n008-2018-08-27-11-48-51-0400__CAM_BACK__1535385277137558.jpg", "samples/CAM_BACK_RIGHT/n008-2018-08-27-11-48-51-0400__CAM_BACK_RIGHT__1535385277128113.jpg"], "intrinsics": [[[1257.8625342125129, 0.0, 827.2410631095686], [0.0, 1257.8625342125129, 450.915498205774], [0.0, 0.0, 1.0]], [[1252.8131021185304, 0.0, 826.588114781398], [0.0, 1252.8131021185304, 469.9846626224581], [0.0, 0.0, 1.0]], [[1256.7485116440405, 0.0, 817.7887570959712], [0.0, 1256.7485116440403, 451.9541780095127], [0.0, 0.0, 1.0]], [[1254.9860565800168, 0.0, 829.5769333630991], [0.0, 1254.9860565800168, 467.1680561863987], [0.0, 0.0, 1.0]], [[796.8910634503094, 0.0, 857.7774326863696], [0.0, 796.8910634503094, 476.8848988407415], [0.0, 0.0, 1.0]], [[1249.9629280788233, 0.0, 825.3768045375984], [0.0, 1249.9629280788233, 462.54816385708756], [0.0, 0.0, 1.0]]], "extrinsics": [[[0.8216018080711365, -0.5700134038925171, 0.0074335262179374695, -0.823333740234375], [0.0015455321408808231, -0.010812502354383469, -0.9999403357505798, 1.4886589050292969], [0.5700597763061523, 0.821564257144928, -0.008002597838640213, -1.2095947265625], [0.0, 0.0, 0.0, 1.0]], [[0.00892616342753172, -0.9998470544815063, 0.015039107762277126, 0.008544921875], [0.0034645667765289545, -0.015008694492280483, -0.999881386756897, 1.480813980102539], [0.9999541640281677, 0.008977186866104603, 0.003330066567286849, -1.55426025390625], [0.0, 0.0, 0.0, 1.0]], [[-0.8445628881454468, -0.5354475975036621, 0.003071199171245098, 0.9736328125], [0.011446729302406311, -0.02378871478140354, -0.9996514916419983, 1.4946975708007812], [0.5353341102600098, -0.8442333340644836, 0.026220187544822693, -1.20172119140625], [0.0, 0.0, 0.0, 1.0]], [[0.9478815197944641, 0.3182222545146942, -0.015974823385477066, -1.1400146484375], [-0.013970312662422657, -0.008580402471125126, -0.9998655915260315, 1.5619888305664062], [-0.31831657886505127, 0.9479772448539734, -0.003687541699036956, -0.1575927734375], [0.0, 0.0, 0.0, 1.0]], [[0.009715722873806953, 0.9998201727867126, -0.016286639496684074, -0.0289306640625], [-0.011839070357382298, -0.016171248629689217, -0.99979913234710