[{"images": ["samples/CAM_FRONT_LEFT/n015-2018-10-08-16-03-24+0800__CAM_FRONT_LEFT__1538986217754844.jpg", "samples/CAM_FRONT/n015-2018-10-08-16-03-24+0800__CAM_FRONT__1538986217762460.jpg", "samples/CAM_FRONT_RIGHT/n015-2018-10-08-16-03-24+0800__CAM_FRONT_RIGHT__1538986217770339.jpg", "samples/CAM_BACK_LEFT/n015-2018-10-08-16-03-24+0800__CAM_BACK_LEFT__1538986217797423.jpg", "samples/CAM_BACK/n015-2018-10-08-16-03-24+0800__CAM_BACK__1538986217787525.jpg", "samples/CAM_BACK_RIGHT/n015-2018-10-08-16-03-24+0800__CAM_BACK_RIGHT__1538986217777893.jpg"], "intrinsics": [[[1272.5979470598488, 0.0, 826.6154927353808], [0.0, 1272.5979470598488, 479.75165386361925], [0.0, 0.0, 1.0]], [[1266.417203046554, 0.0, 816.2670197447984], [0.0, 1266.417203046554, 491.50706579294757], [0.0, 0.0, 1.0]], [[1260.8474446004698, 0.0, 807.968244525554], [0.0, 1260.8474446004698, 495.3344268742088], [0.0, 0.0, 1.0]], [[1256.7414812095406, 0.0, 792.1125740759628], [0.0, 1256.7414812095406, 492.7757465151356], [0.0, 0.0, 1.0]], [[809.2209905677063, 0.0, 829.2196003259838], [0.0, 809.2209905677063, 481.77842384512485], [0.0, 0.0, 1.0]], [[1259.5137405846733, 0.0, 807.2529053838625], [0.0, 1259.5137405846733, 501.19579884916527], [0.0, 0.0, 1.0]]], "extrinsics": [[[0.8175816535949707, -0.5757913589477539, 0.004945299122482538, -0.8282470703125], [-0.049686964601278305, -0.0791030079126358, -0.9956274032592773, 1.5000457763671875], [0.5736648440361023, 0.8137610554695129, -0.09328249096870422, -1.1851806640625], [0.0, 0.0, 0.0, 1.0]], [[0.0029767979867756367, -0.996537446975708, 0.08309151232242584, 0.0059814453125], [-0.05434347689151764, -0.08313031494617462, -0.9950558543205261, 1.5131378173828125], [0.9985178709030151, -0.001553450827486813, -0.05440276861190796, -1.5552978515625], [0.0, 0.0, 0.0, 1.0]], [[-0.833415687084198, -0.5473390221595764, 0.07640810310840607, 0.943603515625], [-0.04802621901035309, -0.06600536406040192, -0.9966627955436707, 1.4985504150390625], [0.5505557656288147, -0.8343040347099304, 0.028723284602165222, -1.1896209716796875], [0.0, 0.0, 0.0, 1.0]], [[0.9465123414993286, 0.3158493936061859, -0.06598076969385147, -1.1409912109375], [-0.037284255027770996, -0.09605705738067627, -0.9946772456169128, 1.5885162353515625], [-0.3205060660839081, 0.943934440612793, -0.0791429951786995, -0.10418701171875], [0.0, 0.0, 0.0, 1.0]], [[0.0020551469642668962, 0.9962576627731323, -0.08640938997268677, 0.0028076171875], [-0.06342216581106186, -0.08610574901103973, -0.9942652583122253, 1.57684326171875], [-0.9979847073554993, 0.007523607928305864, 0.06300785392522812, -0.037841796875], [0.0, 0.0, 0.0, 1.0]], [[-0.9338952898979187, 0.3575232923030853, 0.004089756403118372, 1.06390380859375], [-0.03156093508005142, -0.07103656232357025, -0.9969742894172668, 1.5490341186523438], [-0.3561510443687439, -0.9311986565589905, 0.07762448489665985, -0.0908203125], [0.0, 0.0, 0.0, 1.0]]], "view": [[0.0, -2.0, 100.0], [-2.0, 0.0, 100.0], [0.0, 0.0, 1.0]], "bev": "bev_e7192d2c6fca4b80820c6018e8f39963.png", "aux": "aux_e7192d2c6fca4b80820c6018e8f39963.npz", "visibility": "visibility_e7192d2c6fca4b80820c6018e8f39963.png", "pose": [[-0.9226857423782349, 0.38555285334587097, 0.0, 742.3104248046875], [-0.38555285334587097, -0.9226857423782349, 0.0, 1548.0089111328125], [0.0, 0.0, 1.0, 0.0], [0.0, 0.0, 0.0, 1.0]], "pose_inverse": [[-0.9226857423782349, -0.38555285334587097, 0.0, 1281.758544921875], [0.38555285334587097, -0.9226857423782349, 0.0, 1142.1258544921875], [0.0, 0.0, 1.0, 0.0], [0.0, 0.0, 0.0, 1.0]], "cam_ids": [0, 1, 2, 3, 4, 5], "cam_channels": ["CAM_FRONT_LEFT", "CAM_FRONT", "CAM_FRONT_RIGHT", "CAM_BACK_LEFT", "CAM_BACK", "CAM_BACK_RIGHT"], "token": "e7192d2c6fca4b80820c6018e8f39963", "scene": "scene-0863"}, {"images": ["samples/CAM_FRONT_LEFT/n015-2018-10-08-16-03-24+0800__CAM_FRONT_LEFT__1538986218254844.jpg", "samples/CAM_FRONT/n015-2018-10-08-16-03-24+0800__CAM_FRONT__1538986218262460.jpg", "samples/CAM_FRONT_RIGHT/n015-2018-10-08-16-03-24+0800__CAM_FRONT_RIGHT__1538986218270339.jpg", "samples/CAM_BACK_LEFT/n015-2018-10-08-16-03-24+0800__CAM_BACK_LEFT__1538986218297423.jpg", "samples/CAM_BACK/n015-2018-10-08-16-03-24+0800__CAM_BACK__1538986218287525.jpg", "samples/CAM_BACK_RIGHT/n015-2018-10-08-16-03-24+0800__CAM_BACK_RIGHT__1538986218277893.jpg"], "intrinsics": [[[1272.5979470598488, 0.0, 826.6154927353808], [0.0, 1272.5979470598488, 479.75165386361925], [0.0, 0.0, 1.0]], [[1266.417203046554, 0.0, 816.2670197447984], [0.0, 1266.417203046554, 491.50706579294757], [0.0, 0.0, 1.0]], [[1260.8474446004698, 0.0, 807.968244525554], [0.0, 1260.8474446004698, 495.3344268742088], [0.0, 0.0, 1.0]], [[1256.7414812095406, 0.0, 792.1125740759628], [0.0, 1256.7414812095406, 492.7757465151356], [0.0, 0.0, 1.0]], [[809.2209905677063, 0.0, 829.2196003259838], [0.0, 809.2209905677063, 481.77842384512485], [0.0, 0.0, 1.0]], [[1259.5137405846733, 0.0, 807.2529053838625], [0.0, 1259.5137405846733, 501.19579884916527], [0.0, 0.0, 1.0]]], "extrinsics": [[[0.818855345249176, -0.5738446712493896, 0.013346235267817974, -0.82513427734375], [-0.03952543064951897, -0.07956694811582565, -0.9960456490516663, 1.5015411376953125], [0.5726373195648193, 0.8150897026062012, -0.08783528953790665, -1.182861328125], [0.0, 0.0, 0.0, 1.0]], [[0.0043112002313137054, -0.9964786767959595, 0.0837351456284523, 0.0059814453125], [-0.044582851231098175, -0.08384419977664948, -0.9954810738563538, 1.5142974853515625], [0.9989964365959167, 0.0005585095495916903, -0.04478732869029045, -1.5518798828125], [0.0, 0.0, 0.0, 1.0]], [[-0.8330440521240234, -0.5488641858100891, 0.06917860358953476, 0.9412841796875], [-0.03867897763848305, -0.06695675849914551, -0.9970058798789978, 1.4994049072265625], [0.551852822303772, -0.8332255482673645, 0.034548431634902954, -1.1880645751953125], [0.0, 0.0, 0.0, 1.0]], [[0.9467113018035889, 0.31664368510246277, -0.05894472077488899, -1.1396484375], [-0.029226163402199745, -0.097801074385643, -0.994776725769043, 1.588470458984375], [-0.3207545876502991, 0.943489134311676, -0.08333510905504227, -0.10467529296875], [0.0, 0.0, 0.0, 1.0]], [[0.0014844463439658284, 0.996135413646698, -0.08781803399324417, 0.0029296875], [-0.05490584671497345, -0.08760446310043335, -0.9946410655975342, 1.577056884765625], [-0.9984903931617737, 0.006298234220594168, 0.05456361547112465, -0.0401611328125], [0.0, 0.0, 0.0, 1.0]], [[-0.9344851970672607, 0.35597172379493713, -0.004617153201252222, 1.0615234375], [-0.02257869765162468, -0.07220624387264252, -0.9971340894699097, 1.549652099609375], [-0.3552849590778351, -0.9317029118537903, 0.07551305741071701, -0.0919189453125], [0.0, 0.0, 0.0, 1.0]]], "view": [[0.0, -2.0, 100.0], [-2.0, 0.0, 100.0], [0.0, 0.0, 1.0]], "bev": "bev_13c9df96190441618e38ac362f69f725.png", "aux": "aux_13c9df96190441618e38ac362f69f725.npz", "visibility": "visibility_13c9df96190441618e38ac362f69f725.png", "pose": [[-0.9009985327720642, 0.4338220953941345, 0.0, 740.5106811523438], [-0.4338220953941345, -0.9009985327720642, 0.0, 1547.19873046875], [0.0, 0.0, 1.0, 0.0], [0.0, 0.0, 0.0, 1.0]], "pose_inverse": [[-0.9009985327720642, -0.4338220953941345, 0.0, 1338.4080810546875], [0.4338220953941345, -0.9009985327720642, 0.0, 1072.77392578125], [0.0, 0.0, 1.0, 0.0], [0.0, 0.0, 0.0, 1.0]], "cam_ids": [0, 1, 2, 3, 4, 5], "cam_channels": ["CAM_FRONT_LEFT", "CAM_FRONT", "CAM_FRONT_RIGHT", "CAM_BACK_LEFT", "CAM_BACK", "CAM_BACK_RIGHT"], "token": "13c9df96190441618e38ac362f69f725", "scene": "scene-0863"}, {"images": ["samples/CAM_FRONT_LEFT/n015-2018-10-08-16-03-24+0800__CAM_FRONT_LEFT__1538986218754844.jpg", "samples/CAM_FRONT/n015-2018-10-08-16-03-24+0800__CAM_FRONT__1538986218762460.jpg", "samples/CAM_FRONT_RIGHT/n015-2018-10-08-16-03-24+0800__CAM_FRONT_RIGHT__1538986218770339.jpg", "samples/CAM_BACK_LEFT/n015-2018-10-08-16-03-24+0800__CAM_BACK_LEFT__1538986218797423.jpg", "samples/CAM_BACK/n015-2018-10-08-16-03-24+0800__CAM_BACK__1538986218787525.jpg", "samples/CAM_BACK_RIGHT/n015-2018-10-08-16-03-24+0800__CAM_BACK_RIGHT__1538986218777893.jpg"], "intrinsics": [[[1272.5979470598488, 0.0, 826.6154927353808], [0.0, 1272.5979470598488, 479.75165386361925], [0.0, 0.0, 1.0]], [[1266.417203046554, 0.0, 816.2670197447984], [0.0, 1266.417203046554, 491.50706579294757], [0.0, 0.0, 1.0]], [[1260.8474446004698, 0.0, 807.968244525554], [0.0, 1260.8474446004698, 495.3344268742088], [0.0, 0.0, 1.0]], [[1256.7414812095406, 0.0, 792.1125740759628], [0.0, 1256.7414812095406, 492.7757465151356], [0.0, 0.0, 1.0]], [[809.2209905677063, 0.0, 829.2196003259838], [0.0, 809.2209905677063, 481.77842384512485], [0.0, 0.0, 1.0]], [[1259.5137405846733, 0.0, 807.2529053838625], [0.0, 1259.5137405846733, 501.19579884916527], [0.0, 0.0, 1.0]]], "extrinsics": [[[0.8196183443069458, -0.5726215243339539, 0.018175803124904633, -0.82598876953125], [-0.03133115544915199, -0.07647845894098282, -0.9965788125991821, 1.5029678344726562], [0.572052538394928, 0.816244900226593, -0.0806240364909172, -1.183837890625], [0.0, 0.0, 0.0, 1.0]], [[0.005025190766900778, -0.9967403411865234, 0.08051996678113937, 0.00616455078125], [-0.036495815962553024, -0.08065015822649002, -0.9960741400718689, 1.515472412109375], [0.9993212223052979, 0.0020667859353125095, -0.03678213432431221, -1.552978515625], [0.0, 0.0, 0.0, 1.0]], [[-0.8329006433486938, -0.5500762462615967, 0.060766465961933136, 0.9420166015625], [-0.030734866857528687, -0.06365548819303513, -0.9974985122680664, 1.5003280639648438], [0.5525683760643005, -0.8326848745346069, 0.03611218184232712, -1.1884918212890625], [0.0, 0.0, 0.0, 1.0]], [[0.9469154477119446, 0.31746551394462585, -0.05066438764333725, -1.139892578125], [-0.021537980064749718, -0.09459532797336578, -0.9952828288078308, 1.5885162353515625], [-0.3207605183124542, 0.9435398578643799, -0.08273621648550034, -0.1046142578125], [0.0, 0.0, 0.0, 1.0]], [[0.0013133648317307234, 0.996425449848175, -0.08446689695119858, 0.00286865234375], [-0.04714342951774597, -0.0843113586306572, -0.9953235983848572, 1.577423095703125], [-0.998887300491333, 0.0052893501706421375, 0.04686417430639267, -0.03955078125], [0.0, 0.0, 0.0, 1.0]], [[-0.934791624546051, 0.35503527522087097, -0.01071032602339983, 1.06219482421875], [-0.014719857834279537, -0.06884879618883133, -0.9975184798240662, 1.5503082275390625], [-0.3548916280269623, -0.9323142766952515, 0.06958533823490143, -0.091552734375], [0.0, 0.0, 0.0, 1.0]]], "view": [[0.0, -2.0, 100.0], [-2.0, 0.0, 100.0], [0.0, 0.0, 1.0]], "bev": "bev_8864a13818094ff6ba1210ea3ff69656.png", "aux": "aux_8864a13818094ff6ba1210ea3ff69656.npz", "visibility": "visibility_8864a13818094ff6ba1210ea3ff69656.png", "pose": [[-0.8846084475517273, 0.46633458137512207, 0.0, 738.7343139648438], [-0.46633458137512207, -0.8846084475517273, 0.0, 1546.310302734375], [0.0, 0.0, 1.0, 0.0], [0.0, 0.0, 0.0, 1.0]], "pose_inverse": [[-0.8846084475517273, -0.46633458137512207, 0.0, 1374.5885009765625], [0.46633458137512207, -0.8846084475517273, 0.0, 1023.3817749023438], [0.0, 0.0, 1.0, 0.0], [0.0, 0.0, 0.0, 1.0]], "cam_ids": [0, 1, 2, 3, 4, 5], "cam_channels": ["CAM_FRONT_LEFT", "CAM_FRONT", "CAM_FRONT_RIGHT", "CAM_BACK_LEFT", "CAM_BACK", "CAM_BACK_RIGHT"], "token": "8864a13818094ff6ba1210ea3ff69656", "scene": "scene-0863"}, {"images": ["samples/CAM_FRONT_LEFT/n015-2018-10-08-16-03-24+0800__CAM_FRONT_LEFT__1538986219254844.jpg", "samples/CAM_FRONT/n015-2018-10-08-16-03-24+0800__CAM_FRONT__1538986219262460.jpg", "samples/CAM_FRONT_RIGHT/n015-2018-10-08-16-03-24+0800__CAM_FRONT_RIGHT__1538986219270339.jpg", "samples/CAM_BACK_LEFT/n015-2018-10-08-16-03-24+0800__CAM_BACK_LEFT__1538986219297423.jpg", "samples/CAM_BACK/n015-2018-10-08-16-03-24+0800__CAM_BACK__1538986219287535.jpg", "samples/CAM_BACK_RIGHT/n015-2018-10-08-16-03-24+0800__CAM_BACK_RIGHT__1538986219277893.jpg"], "intrinsics": [[[1272.5979470598488, 0.0, 826.6154927353808], [0.0, 1272.5979470598488, 479.75165386361925], [0.0, 0.0, 1.0]], [[1266.417203046554, 0.0, 816.2670197447984], [0.0, 1266.417203046554, 491.50706579294757], [0.0, 0.0, 1.0]], [[1260.8474446004698, 0.0, 807.968244525554], [0.0, 1260.8474446004698, 495.3344268742088], [0.0, 0.0, 1.0]], [[1256.7414812095406, 0.0, 792.1125740759628], [0.0, 1256.7414812095406, 492.7757465151356], [0.0, 0.0, 1.0]], [[809.2209905677063, 0.0, 829.2196003259838], [0.0, 809.2209905677063, 481.77842384512485], [0.0, 0.0, 1.0]], [[1259.5137405846733, 0.0, 807.2529053838625], [0.0, 1259.5137405846733, 501.19579884916527], [0.0, 0.0, 1.0]]], "extrinsics": [[[0.8198884725570679, -0.5717650651931763, 0.029453789815306664, -0.82147216796875], [-0.016126908361911774, -0.07448931038379669, -0.9970914125442505, 1.5054473876953125], [0.5722960233688354, 0.817028820514679, -0.07029372453689575, -1.1802978515625], [0.0, 0.0, 0.0, 1.0]], [[0.004912103991955519, -0.9969173669815063, 0.07830394059419632, 0.0057373046875], [-0.02115778625011444, -0.07839097082614899, -0.9966981410980225, 1.517486572265625], [0.999764084815979, 0.0032391687855124474, -0.021477630361914635, -1.54833984375], [0.0, 0.0, 0.0, 1.0]], [[-0.8331189751625061, -0.5511385798454285, 0.046465806663036346, 0.9390869140625], [-0.015248773619532585, -0.061090920120477676, -0.9980156421661377, 1.5019378662109375], [0.5528835654258728, -0.8321743607521057, 0.04249181970953941, -1.1867179870605469], [0.0, 0.0, 0.0, 1.0]], [[0.9472333192825317, 0.3186988830566406, -0.034352123737335205, -1.139892578125], [-0.005517846439033747, -0.09094028174877167, -0.9958410859107971, 1.5885543823242188], [-0.3204973638057709, 0.9434834122657776, -0.08438313007354736, -0.104644775390625], [0.0, 0.0, 0.0, 1.0]], [[0.0015244022943079472, 0.9966980814933777, -0.08118243515491486, 0.00299072265625], [-0.031345512717962265, -0.08109501749277115, -0.9962133765220642, 1.5780410766601562], [-0.9995074272155762, 0.004063392523676157, 0.03111838735640049, -0.040283203125], [0.0, 0.0, 0.0, 1.0]], [[-0.9349110126495361, 0.3540516197681427, -0.02426464855670929, 1.0601806640625], [0.0009135672589763999, -0.06597249209880829, -0.997821033000946, 1.5515327453613281], [-0.3548809587955475, -0.932896077632904, 0.06135496124625206, -0.092529296875], [0.0, 0.0, 0.0, 1.0]]], "view": [[0.0, -2.0, 100.0], [-2.0, 0.0, 100.0], [0.0, 0.0, 1.0]], "bev": "bev_ceb656519e244f16968c55c6c822df72.png", "aux": "aux_ceb656519e244f16968c55c6c822df72.npz", "visibility": "visibility_ceb656519e244f16968c55c6c822df72.png", "pose": [[-0.8676924705505371, 0.497101366519928, 0.0, 736.9879760742188], [-0.497101366519928, -0.8676924705505371, 0.0, 1545.34912109375], [0.0, 0.0, 1.0, 0.0], [0.0, 0.0, 0.0, 1.0]], "pose_inverse": [[-0.8676924705505371, -0.497101366519928, 0.0, 1407.674072265625], [0.497101366519928, -0.8676924705505371, 0.0, 974.5300903320312], [0.0, 0.0, 1.0, 0.0], [0.0, 0.0, 0.0, 1.0]], "cam_ids": [0, 1, 2, 3, 4, 5], "cam_channels": ["CAM_FRONT_LEFT", "CAM_FRONT", "CAM_FRONT_RIGHT", "CAM_BACK_LEFT", "CAM_BACK", "CAM_BACK_RIGHT"], "token": "ceb656519e244f16968c55c6c822df72", "scene": "scene-0863"}, {"images": ["samples/CAM_FRONT_LEFT/n015-2018-10-08-16-03-24+0800__CAM_FRONT_LEFT__1538986219754844.jpg", "samples/CAM_FRONT/n015-2018-10-08-16-03-24+0800__CAM_FRONT__1538986219762460.jpg", "samples/CAM_FRONT_RIGHT/n015-2018-10-08-16-03-24+0800__CAM_FRONT_RIGHT__1538986219770339.jpg", "samples/CAM_BACK_LEFT/n015-2018-10-08-16-03-24+0800__CAM_BACK_LEFT__1538986219797423.jpg", "samples/CAM_BACK/n015-2018-10-08-16-03-24+0800__CAM_BACK__1538986219787525.jpg", "samples/CAM_BACK_RIGHT/n015-2018-10-08-16-03-24+0800__CAM_BACK_RIGHT__1538986219777893.jpg"], "intrinsics": [[[1272.5979470598488, 0.0, 826.6154927353808], [0.0, 1272.5979470598488, 479.75165386361925], [0.0, 0.0, 1.0]], [[1266.417203046554, 0.0, 816.2670197447984], [0.0, 1266.417203046554, 491.50706579294757], [0.0, 0.0, 1.0]], [[1260.8474446004698, 0.0, 807.968244525554], [0.0, 1260.8474446004698, 495.3344268742088], [0.0, 0.0, 1.0]], [[1256.7414812095406, 0.0, 792.1125740759628], [0.0, 1256.7414812095406, 492.7757465151356], [0.0, 0.0, 1.0]], [[809.2209905677063, 0.0, 829.2196003259838], [0.0, 809.2209905677063, 481.77842384512485], [0.0, 0.0, 1.0]], [[1259.5137405846733, 0.0, 807.2529053838625], [0.0, 1259.5137405846733, 501.19579884916527], [0.0, 0.0, 1.0]]], "extrinsics": [[[0.8194306492805481, -0.5721117258071899, 0.034952856600284576, -0.83154296875], [-0.0014961803099140525, -0.06311555951833725, -0.9980050921440125, 1.5080146789550781], [0.5731764435768127, 0.8177435994148254, -0.052574798464775085, -1.187255859375], [0.0, 0.0, 0.0, 1.0]], [[0.003963050432503223, -0.9977425336837769, 0.06703892350196838, 0.00567626953125], [-0.006661130581051111, -0.0670643150806427, -0.9977265000343323, 1.5196456909179688], [0.999970018863678, 0.003507443470880389, -0.006911869160830975, -1.5584716796875], [0.0, 0.0, 0.0, 1.0]], [[-0.8335511088371277, -0.5517208576202393, 0.028225701302289963, 0.9456787109375], [-0.0008544683805666864, -0.0498049333691597, -0.9987585544586182, 1.5035552978515625], [0.5524417161941528, -0.8325405120849609, 0.04104352742433548, -1.1911354064941406], [0.0, 0.0, 0.0, 1.0]], [[0.9474413394927979, 0.31944113969802856, -0.0176714938133955, -1.14111328125], [0.008336900733411312, -0.07986807823181152, -0.9967705607414246, 1.5885696411132812], [-0.3198208212852478, 0.9442342519760132, -0.07833346724510193, -0.10418701171875], [0.0, 0.0, 0.0, 1.0]], [[0.00221771327778697, 0.9975448846817017, -0.06999563425779343, 0.0028076171875], [-0.017291342839598656, -0.06994709372520447, -0.9974008202552795, 1.5786972045898438], [-0.9998480081558228, 0.003422268433496356, 0.01709376461803913, -0.037353515625], [0.0, 0.0, 0.0, 1.0]], [[-0.9345946907997131, 0.3541232645511627, -0.033607542514801025, 1.065673828125], [0.01516327541321516, -0.054731737822294235, -0.9983859658241272, 1.5525932312011719], [-0.35539108514785767, -0.9335958957672119, 0.04578232765197754, -0.09033203125], [0.0, 0.0, 0.0, 1.0]]], "view": [[0.0, -2.0, 100.0], [-2.0, 0.0, 100.0], [0.0, 0.0, 1.0]], "bev": "bev_9dbab3e268bc46f0a316f2165d6ca86c.png", "aux": "aux_9dbab3e268bc46f0a316f2165d6ca86c.npz", "visibility": "visibility_9dbab3e268bc46f0a316f2165d6ca86c.png", "pose": [[-0.8461132645606995, 0.5330031514167786, 0.0, 735.34521484375], [-0.5330031514167786, -0.8461132645606995, 0.0, 1544.3507080078125], [0.0, 0.0, 1.0, 0.0], [0.0, 0.0, 0.0, 1.0]], "pose_inverse": [[-0.8461132645606995, -0.5330031514167786, 0.0, 1445.3291015625], [0.5330031514167786, -0.8461132645606995, 0.0, 914.7543334960938], [0.0, 0.0, 1.0, 0.0], [0.0, 0.0, 0.0, 1.0]], "cam_ids": [0, 1, 2, 3, 4, 5], "cam_channels": ["CAM_FRONT_LEFT", "CAM_FRONT", "CAM_FRONT_RIGHT", "CAM_BACK_LEFT", "CAM_BACK", "CAM_BACK_RIGHT"], "token": "9dbab3e268bc46f0a316f2165d6ca86c", "scene": "scene-0863"}, {"images": ["samples/CAM_FRONT_LEFT/n015-2018-10-08-16-03-24+0800__CAM_FRONT_LEFT__1538986220254844.jpg", "samples/CAM_FRONT/n015-2018-10-08-16-03-24+0800__CAM_FRONT__1538986220262460.jpg", "samples/CAM_FRONT_RIGHT/n015-2018-10-08-16-03-24+0800__CAM_FRONT_RIGHT__1538986220270339.jpg", "samples/CAM_BACK_LEFT/n015-2018-10-08-16-03-24+0800__CAM_BACK_LEFT__1538986220297451.jpg", "samples/CAM_BACK/n015-2018-10-08-16-03-24+0800__CAM_BACK__1538986220287525.jpg", "samples/CAM_BACK_RIGHT/n015-2018-10-08-16-03-24+0800__CAM_BACK_RIGHT__1538986220277893.jpg"], "intrinsics": [[[1272.5979470598488, 0.0, 826.6154927353808], [0.0, 1272.5979470598488, 479.75165386361925], [0.0, 0.0, 1.0]], [[1266.417203046554, 0.0, 816.2670197447984], [0.0, 1266.417203046554, 491.50706579294757], [0.0, 0.0, 1.0]], [[1260.8474446004698, 0.0, 807.968244525554], [0.0, 1260.8474446004698, 495.3344268742088], [0.0, 0.0, 1.0]], [[1256.7414812095406, 0.0, 792.1125740759628], [0.0, 1256.7414812095406, 492.7757465151356], [0.0, 0.0, 1.0]], [[809.2209905677063, 0.0, 829.2196003259838], [0.0, 809.2209905677063, 481.77842384512485], [0.0, 0.0, 1.0]], [[1259.5137405846733, 0.0, 807.2529053838625], [0.0, 1259.5137405846733, 501.19579884916527], [0.0, 0.0, 1.0]]], "extrinsics": [[[0.82001131772995, -0.5716044306755066, 0.029147950932383537, -0.84747314453125], [-0.0009311062167398632, -0.052259255200624466, -0.9986331462860107, 1.5081558227539062], [0.5723463892936707, 0.8188633322715759, -0.04338540881872177, -1.1990966796875], [0.0, 0.0, 0.0, 1.0]], [[0.004754886496812105, -0.9984071850776672, 0.05621800199151039, 0.00616455078125], [-0.006218018010258675, -0.05624707043170929, -0.9983975291252136, 1.5198326110839844], [0.9999692440032959, 0.004397715907543898, -0.006475561298429966, -1.574951171875], [0.0, 0.0, 0.0, 1.0]], [[-0.8332356214523315, -0.5524792671203613, 0.02202153205871582, 0.956787109375], [-0.0005596628179773688, -0.03898509219288826, -0.9992396235466003, 1.5036087036132812], [0.5529177188873291, -0.8326144814491272, 0.03217456862330437, -1.1981201171875], [0.0, 0.0, 0.0, 1.0]], [[0.9475346803665161, 0.31933093070983887, -0.014343349263072014, -1.1414794921875], [0.00817808322608471, -0.06907451152801514, -0.997577965259552, 1.5885658264160156], [-0.31954821944236755, 0.9451224207878113, -0.06806201487779617, -0.1038818359375], [0.0, 0.0, 0.0, 1.0]], [[0.002166539430618286, 0.9982439279556274, -0.059198636561632156, 0.0028076171875], [-0.017269805073738098, -0.05915259197354317, -0.9980995655059814, 1.5787887573242188], [-0.9998484253883362, 0.003184773726388812, 0.017111320048570633, -0.031982421875], [0.0, 0.0, 0.0, 1.0]], [[-0.9347154498100281, 0.3541347086429596, -0.029925459995865822, 1.0745849609375], [0.015341687947511673, -0.04391816258430481, -0.9989173412322998, 1.5524625778198242], [-0.35506555438041687, -0.9341626167297363, 0.03561796247959137, -0.086669921875], [0.0, 0.0, 0.0, 1.0]]], "view": [[0.0, -2.0, 100.0], [-2.0, 0.0, 100.0], [0.0, 0.0, 1.0]], "bev": "bev_09953bb6dd8342bb9d652dcbfb28a877.png", "aux": "aux_09953bb6dd8342bb9d652dcbfb28a877.npz", "visibility": "visibility_09953bb6dd8342bb9d652dcbfb28a877.png", "pose": [[-0.8260888457298279, 0.5635398626327515, 0.0, 733.8677368164062], [-0.5635398626327515, -0.8260888457298279, 0.0, 1543.37060546875], [0.0, 0.0, 1.0, 0.0], [0.0, 0.0, 0.0, 1.0]], "pose_inverse": [[-0.8260888457298279, -0.5635398626327515, 0.0, 1475.9908447265625], [0.5635398626327515, -0.8260888457298279, 0.0, 861.3975219726562], [0.0, 0.0, 1.0, 0.0], [0.0, 0.0, 0.0, 1.0]], "cam_ids": [0, 1, 2, 3, 4, 5], "cam_channels": ["CAM_FRONT_LEFT", "CAM_FRONT", "CAM_FRONT_RIGHT", "CAM_BACK_LEFT", "CAM_BACK", "CAM_BACK_RIGHT"], "token": "09953bb6dd8342bb9d652dcbfb28a877", "scene": "scene-0863"}, {"images": ["samples/CAM_FRONT_LEFT/n015-2018-10-08-16-03-24+0800__CAM_FRONT_LEFT__1538986220754844.jpg", "samples/CAM_FRONT/n015-2018-10-08-16-03-24+0800__CAM_FRONT__1538986220762460.jpg", "samples/CAM_FRONT_RIGHT/n015-2018-10-08-16-03-24+0800__CAM_FRONT_RIGHT__1538986220770339.jpg", "samples/CAM_BACK_LEFT/n015-2018-10-08-16-03-24+0800__CAM_BACK_LEFT__1538986220797423.jpg", "samples/CAM_BACK/n015-2018-10-08-16-03-24+0800__CAM_BACK__1538986220787525.jpg", "samples/CAM_BACK_RIGHT/n015-2018-10-08-16-03-24+0800__CAM_BACK_RIGHT__1538986220777893.jpg"], "intrinsics": [[[1272.5979470598488, 0.0, 826.6154927353808], [0.0, 1272.5979470598488, 479.75165386361925], [0.0, 0.0, 1.0]], [[1266.417203046554, 0.0, 816.2670197447984], [0.0, 1266.417203046554, 491.50706579294757], [0.0, 0.0, 1.0]], [[1260.8474446004698, 0.0, 807.968244525554], [0.0, 1260.8474446004698, 495.3344268742088], [0.0, 0.0, 1.0]], [[1256.7414812095406, 0.0, 792.1125740759628], [0.0, 1256.7414812095406, 492.7757465151356], [0.0, 0.0, 1.0]], [[809.2209905677063, 0.0, 829.2196003259838], [0.0, 809.2209905677063, 481.77842384512485], [0.0, 0.0, 1.0]], [[1259.5137405846733, 0.0, 807.2529053838625], [0.0, 1259.5137405846733, 501.19579884916527], [0.0, 0.0, 1.0]]], "extrinsics": [[[0.8240289092063904, -0.5657181143760681, 0.03064771369099617, -0.86053466796875], [-0.0006603162619285285, -0.055054523050785065, -0.9984831213951111, 1.5081634521484375], [0.5665473341941833, 0.8227587938308716, -0.045740075409412384, -1.2086181640625], [0.0, 0.0, 0.0, 1.0]], [[0.010575094260275364, -0.9981977939605713, 0.059069231152534485, 0.00616455078125], [-0.006090141367167234, -0.059135738760232925, -0.9982314109802246, 1.5199050903320312], [0.9999254941940308, 0.010196606628596783, -0.006704532075673342, -1.5887451171875], [0.0, 0.0, 0.0, 1.0]], [[-0.8307145237922668, -0.5561841130256653, 0.023928899317979813, 0.966064453125], [-0.0007082725642248988, -0.041927628219127655, -0.9991203546524048, 1.5035820007324219], [0.5566980838775635, -0.8300008177757263, 0.03443596512079239, -1.2044906616210938], [0.0, 0.0, 0.0, 1.0]], [[0.9475078582763672, 0.3193283677101135, -0.01606801711022854, -1.1417236328125], [0.007417263463139534, -0.07219389826059341, -0.9973630309104919, 1.5885505676269531], [-0.31964632868766785, 0.9448901414871216, -0.07077283412218094, -0.103729248046875], [0.0, 0.0, 0.0, 1.0]], [[0.00042330758878961205, 0.998059093952179, -0.06227279081940651, 0.0029296875], [-0.017767302691936493, -0.062255460768938065, -0.9979020953178406, 1.5788345336914062], [-0.9998419880867004, 0.0015288309659808874, 0.017706461250782013, -0.027587890625], [0.0, 0.0, 0.0, 1.0]], [[-0.9358905553817749, 0.35096269845962524, -0.030563024803996086, 1.082763671875], [0.01503773219883442, -0.04687761142849922, -0.9987874031066895, 1.5523128509521484], [-0.3519698679447174, -0.9352152943611145, 0.03859463334083557, -0.083984375], [0.0, 0.0, 0.0, 1.0]]], "view": [[0.0, -2.0, 100.0], [-2.0, 0.0, 100.0], [0.0, 0.0, 1.0]], "bev": "bev_561099a16b7f44c4a2365327ba2f7d52.png", "aux": "aux_561099a16b7f44c4a2365327ba2f7d52.npz", "visibility": "visibility_561099a16b7f44c4a2365327ba2f7d52.png", "pose": [[-0.8321337103843689, 0.5545750260353088, 0.0, 732.5690307617188], [-0.5545750260353088, -0.8321337103843689, 0.0, 1542.4833984375], [0.0, 0.0, 1.0, 0.0], [0.0, 0.0, 0.0, 1.0]], "pose_inverse": [[-0.8321337103843689, -0.5545750260353088, 0.0, 1465.0181884765625], [0.5545750260353088, -0.8321337103843689, 0.0, 877.2879028320312], [0.0, 0.0, 1.0, 0.0], [0.0, 0.0, 0.0, 1.0]], "cam_ids": [0, 1, 2, 3, 4, 5], "cam_channels": ["CAM_FRONT_LEFT", "CAM_FRONT", "CAM_FRONT_RIGHT", "CAM_BACK_LEFT", "CAM_BACK", "CAM_BACK_RIGHT"], "token": "561099a16b7f44c4a2365327ba2f7d52", "scene": "scene-0863"}, {"images": ["samples/CAM_FRONT_LEFT/n015-2018-10-08-16-03-24+0800__CAM_FRONT_LEFT__1538986221254844.jpg", "samples/CAM_FRONT/n015-2018-10-08-16-03-24+0800__CAM_FRONT__1538986221262460.jpg", "samples/CAM_FRONT_RIGHT/n015-2018-10-08-16-03-24+0800__CAM_FRONT_RIGHT__1538986221270339.jpg", "samples/CAM_BACK_LEFT/n015-2018-10-08-16-03-24+0800__CAM_BACK_LEFT__1538986221297423.jpg", "samples/CAM_BACK/n015-2018-10-08-16-03-24+0800__CAM_BACK__1538986221287525.jpg", "samples/CAM_BACK_RIGHT/n015-2018-10-08-16-03-24+0800__CAM_BACK_RIGHT__1538986221277893.jpg"], "intrinsics": [[[1272.5979470598488, 0.0, 826.6154927353808], [0.0, 1272.5979470598488, 479.75165386361925], [0.0, 0.0, 1.0]], [[1266.417203046554, 0.0, 816.2670197447984], [0.0, 1266.417203046554, 491.50706579294757], [0.0, 0.0, 1.0]], [[1260.8474446004698, 0.0, 807.968244525554], [0.0, 1260.8474446004698, 495.3344268742088], [0.0, 0.0, 1.0]], [[1256.7414812095406, 0.0, 792.1125740759628], [0.0, 1256.7414812095406, 492.7757465151356], [0.0, 0.0, 1.0]], [[809.2209905677063, 0.0, 829.2196003259838], [0.0, 809.2209905677063, 481.77842384512485], [0.0, 0.0, 1.0]], [[1259.5137405846733, 0.0, 807.2529053838625], [0.0, 1259.5137405846733, 501.19579884916527], [0.0, 0.0, 1.0]]], "extrinsics": [[[0.8274040818214417, -0.5610342621803284, 0.025355365127325058, -0.86199951171875], [-0.006156312767416239, -0.054205894470214844, -0.9985108375549316, 1.5074691772460938], [0.5615732073783875, 0.8260158896446228, -0.048304084688425064, -1.2103271484375], [0.0, 0.0, 0.0, 1.0]], [[0.015533299185335636, -0.998181164264679, 0.058250050991773605, 0.00665283203125], [-0.011589037254452705, -0.05843289941549301, -0.9982240796089172, 1.5193405151367188], [0.9998121857643127, 0.014830694533884525, -0.012475618161261082, -1.590087890625], [0.0, 0.0, 0.0, 1.0]], [[-0.8286041617393494, -0.5591172575950623, 0.028336279094219208, 0.9669189453125], [-0.006285126321017742, -0.04132162407040596, -0.9991260766983032, 1.5031509399414062], [0.5597995519638062, -0.8280581831932068, 0.03072514757514, -1.2042999267578125], [0.0, 0.0, 0.0, 1.0]], [[0.947521448135376, 0.318981796503067, -0.02130104787647724, -1.142333984375], [0.0018446393078193069, -0.07208383083343506, -0.9973968267440796, 1.5885772705078125], [-0.31968697905540466, 0.9450156688690186, -0.06888937950134277, -0.10394287109375], [0.0, 0.0, 0.0, 1.0]], [[-0.0009859392885118723, 0.9980777502059937, -0.06196612864732742, 0.00274658203125], [-0.02330832928419113, -0.06197225674986839, -0.997805655002594, 1.5786819458007812], [-0.9997278451919556, 0.0004605362773872912, 0.023324627429246902, -0.0272216796875], [0.0, 0.0, 0.0, 1.0]], [[-0.9369031190872192, 0.3486879765987396, -0.02508125640451908, 1.08270263671875], [0.009484229609370232, -0.04636622592806816, -0.9988794922828674, 1.5519981384277344], [-0.3494601845741272, -0.9360912442207336, 0.040133628994226456, -0.08349609375], [0.0, 0.0, 0.0, 1.0]]], "view": [[0.0, -2.0, 100.0], [-2.0, 0.0, 100.0], [0.0, 0.0, 1.0]], "bev": "bev_06f81af7287a4e6ea8492b4e18cfeca3.png", "aux": "aux_06f81af7287a4e6ea8492b4e18cfeca3.npz", "visibility": "visibility_06f81af7287a4e6ea8492b4e18cfeca3.png", "pose": [[-0.881985068321228, 0.4712773263454437, 0.0, 731.32080078125], [-0.4712773263454437, -0.881985068321228, 0.0, 1541.7381591796875], [0.0, 0.0, 1.0, 0.0], [0.0, 0.0, 0.0, 1.0]], "pose_inverse": [[-0.881985068321228, -0.4712773263454437, 0.0, 1371.6002197265625], [0.4712773263454437, -0.881985068321228, 0.0, 1015.1351318359375], [0.0, 0.0, 1.0, 0.0], [0.0, 0.0, 0.0, 1.0]], "cam_ids": [0, 1, 2, 3, 4, 5], "cam_channels": ["CAM_FRONT_LEFT", "CAM_FRONT", "CAM_FRONT_RIGHT", "CAM_BACK_LEFT", "CAM_BACK", "CAM_BACK_RIGHT"], "token": "06f81af7287a4e6ea8492b4e18cfeca3", "scene": "scene-0863"}, {"images": ["samples/CAM_FRONT_LEFT/n015-2018-10-08-16-03-24+0800__CAM_FRONT_LEFT__1538986221754844.jpg", "samples/CAM_FRONT/n015-2018-10-08-16-03-24+0800__CAM_FRONT__1538986221762460.jpg", "samples/CAM_FRONT_RIGHT/n015-2018-10-08-16-03-24+0800__CAM_FRONT_RIGHT__1538986221770339.jpg", "samples/CAM_BACK_LEFT/n015-2018-10-08-16-03-24+0800__CAM_BACK_LEFT__1538986221797423.jpg", "samples/CAM_BACK/n015-2018-10-08-16-03-24+0800__CAM_BACK__1538986221787525.jpg", "samples/CAM_BACK_RIGHT/n015-2018-10-08-16-03-24+0800__CAM_BACK_RIGHT__1538986221777893.jpg"], "intrinsics": [[[1272.5979470598488, 0.0, 826.6154927353808], [0.0, 1272.5979470598488, 479.75165386361925], [0.0, 0.0, 1.0]], [[1266.417203046554, 0.0, 816.2670197447984], [0.0, 1266.417203046554, 491.50706579294757], [0.0, 0.0, 1.0]], [[1260.8474446004698, 0.0, 807.968244525554], [0.0, 1260.8474446004698, 495.3344268742088], [0.0, 0.0, 1.0]], [[1256.7414812095406, 0.0, 792.1125740759628], [0.0, 1256.7414812095406, 492.7757465151356], [0.0, 0.0, 1.0]], [[809.2209905677063, 0.0, 829.2196003259838], [0.0, 809.2209905677063, 481.77842384512485], [0.0, 0.0, 1.0]], [[1259.5137405846733, 0.0, 807.2529053838625], [0.0, 1259.5137405846733, 501.19579884916527], [0.0, 0.0, 1.0]]], "extrinsics": [[[0.8309935331344604, -0.5557987093925476, 0.023185966536402702, -0.860137939453125], [-0.006115029565989971, -0.05080461502075195, -0.9986898899078369, 1.5074615478515625], [0.5562484860420227, 0.8297630548477173, -0.045617032796144485, -1.2099609375], [0.0, 0.0, 0.0, 1.0]], [[0.020789390429854393, -0.9982848167419434, 0.05472831428050995, 0.0068359375], [-0.011433642357587814, -0.054973963648080826, -0.998422384262085, 1.5193328857421875], [0.999718427658081, 0.020130857825279236, -0.01255690585821867, -1.58837890625], [0.0, 0.0, 0.0, 1.0]], [[-0.8263270854949951, -0.562575101852417, 0.026320042088627815, 0.9654541015625], [-0.006135245319455862, -0.037739094346761703, -0.9992687702178955, 1.5031394958496094], [0.5631570816040039, -0.8258842825889587, 0.027733301743865013, -1.20318603515625], [0.0, 0.0, 0.0, 1.0]], [[0.947572648525238, 0.31892627477645874, -0.019804993644356728, -1.1409912109375], [0.0021780882962048054, -0.06842466443777084, -0.9976539015769958, 1.588592529296875], [-0.3195331394672394, 0.9453063011169434, -0.06553199142217636, -0.10479736328125], [0.0, 0.0, 0.0, 1.0]], [[-0.002390237059444189, 0.9982967376708984, -0.05829120799899101, 0.002685546875], [-0.023009400814771652, -0.05833084136247635, -0.9980321526527405, 1.5786514282226562], [-0.9997323751449585, -0.0010442942148074508, 0.023109635338187218, -0.02880859375], [0.0, 0.0, 0.0, 1.0]], [[-0.9379087090492249, 0.3460580110549927, -0.023897796869277954, 1.0811767578125], [0.00970721710473299, -0.04268188774585724, -0.9990415573120117, 1.5520210266113281], [-0.3467463254928589, -0.9372417330741882, 0.03667245805263519, -0.0838623046875], [0.0, 0.0, 0.0, 1.0]]], "view": [[0.0, -2.0, 100.0], [-2.0, 0.0, 100.0], [0.0, 0.0, 1.0]], "bev": "bev_ba339102244045648e36362806cd6a8c.png", "aux": "aux_ba339102244045648e36362806cd6a8c.npz", "visibility": "visibility_ba339102244045648e36362806cd6a8c.png", "pose": [[-0.9489493370056152, 0.3154284656047821, 0.0, 729.96435546875], [-0.3154284656047821, -0.9489493370056152, 0.0, 1541.151611328125], [0.0, 0.0, 1.0, 0.0], [0.0, 0.0, 0.0, 1.0]], "pose_inverse": [[-0.9489493370056152, -0.3154284656047821, 0.0, 1178.822265625], [0.3154284656047821, -0.9489493370056152, 0.0, 1232.2232666015625], [0.0, 0.0, 1.0, 0.0], [0.0, 0.0, 0.0, 1.0]], "cam_ids": [0, 1, 2, 3, 4, 5], "cam_channels": ["CAM_FRONT_LEFT", "CAM_FRONT", "CAM_FRONT_RIGHT", "CAM_BACK_LEFT", "CAM_BACK", "CAM_BACK_RIGHT"], "token": "ba339102244045648e36362806cd6a8c", "scene": "scene-0863"}, {"images": ["samples/CAM_FRONT_LEFT/n015-2018-10-08-16-03-24+0800__CAM_FRONT_LEFT__1538986222254844.jpg", "samples/CAM_FRONT/n015-2018-10-08-16-03-24+0800__CAM_FRONT__1538986222262460.jpg", "samples/CAM_FRONT_RIGHT/n015-2018-10-08-16-03-24+0800__CAM_FRONT_RIGHT__1538986222270339.jpg", "samples/CAM_BACK_LEFT/n015-2018-10-08-16-03-24+0800__CAM_BACK_LEFT__1538986222297423.jpg", "samples/CAM_BACK/n015-2018-10-08-16-03-24+0800__CAM_BACK__1538986222287525.jpg", "samples/CAM_BACK_RIGHT/n015-2018-10-08-16-03-24+0800__CAM_BACK_RIGHT__1538986222277893.jpg"], "intrinsics": [[[1272.5979470598488, 0.0, 826.6154927353808], [0.0, 1272.5979470598488, 479.75165386361925], [0.0, 0.0, 1.0]], [[1266.417203046554, 0.0, 816.2670197447984], [0.0, 1266.417203046554, 491.50706579294757], [0.0, 0.0, 1.0]], [[1260.8474446004698, 0.0, 807.968244525554], [0.0, 1260.8474446004698, 495.3344268742088], [0.0, 0.0, 1.0]], [[1256.7414812095406, 0.0, 792.1125740759628], [0.0, 1256.7414812095406, 492.7757465151356], [0.0, 0.0, 1.0]], [[809.2209905677063, 0.0, 829.2196003259838], [0.0, 809.2209905677063, 481.77842384512485], [0.0, 0.0, 1.0]], [[1259.5137405846733, 0.0, 807.2529053838625], [0.0, 1259.5137405846733, 501.19579884916527], [0.0, 0.0, 1.0]]], "extrinsics": [[[0.8330458402633667, -0.5523553490638733, 0.030628597363829613, -0.8587570190429688], [0.0012226731050759554, -0.0535273514688015, -0.9985656142234802, 1.5083694458007812], [0.5532025098800659, 0.8318884372711182, -0.043915387243032455, -1.2091064453125], [0.0, 0.0, 0.0, 1.0]], [[0.023671818897128105, -0.998083770275116, 0.05716913938522339, 0.0072021484375], [-0.004135967697948217, -0.057282451540231705, -0.9983494877815247, 1.52008056640625], [0.9997111558914185, 0.02339630015194416, -0.005484023131430149, -1.587158203125], [0.0, 0.0, 0.0, 1.0]], [[-0.8250905275344849, -0.564592182636261, 0.02147495374083519, 0.96484375], [0.001103778020478785, -0.039619382470846176, -0.999214231967926, 1.5037345886230469], [0.5649994015693665, -0.8244184255599976, 0.03331276401877403, -1.20257568359375], [0.0, 0.0, 0.0, 1.0]], [[0.9476441740989685, 0.31906458735466003, -0.012976027093827724, -1.14111328125], [0.009526723995804787, -0.06886559724807739, -0.9975804686546326, 1.5886306762695312], [-0.3191862106323242, 0.9452276229858398, -0.06829971820116043, -0.10498046875], [0.0, 0.0, 0.0, 1.0]], [[-0.0028795653488487005, 0.9982386231422424, -0.05925677344202995, 0.0028076171875], [-0.0157140102237463, -0.059294868260622025, -0.9981167912483215, 1.5788803100585938], [-0.9998723268508911, -0.0019429713720455766, 0.015857072547078133, -0.02874755859375], [0.0, 0.0, 0.0, 1.0]], [[-0.9383260607719421, 0.34434637427330017, -0.031140463426709175, 1.08062744140625], [0.016958806663751602, -0.04412059113383293, -0.9988822937011719, 1.5524559020996094], [-0.345335453748703, -0.9378053545951843, 0.035559795796871185, -0.0841064453125], [0.0, 0.0, 0.0, 1.0]]], "view": [[0.0, -2.0, 100.0], [-2.0, 0.0, 100.0], [0.0, 0.0, 1.0]], "bev": "bev_4a3047c0dc18461696debb392c33e5fb.png", "aux": "aux_4a3047c0dc18461696debb392c33e5fb.npz", "visibility": "visibility_4a3047c0dc18461696debb392c33e5fb.png", "pose": [[-0.996569812297821, 0.08275598287582397, 0.0, 728.5363159179688], [-0.08275598287582397, -0.996569812297821, 0.0, 1540.8638916015625], [0.0, 0.0, 1.0, 0.0], [0.0, 0.0, 0.0, 1.0]], "pose_inverse": [[-0.996569812297821, -0.08275598287582397, 0.0, 853.5530395507812], [0.08275598287582397, -0.996569812297821, 0.0, 1475.2877197265625], [0.0, 0.0, 1.0, 0.0], [0.0, 0.0, 0.0, 1.0]], "cam_ids": [0, 1, 2, 3, 4, 5], "cam_channels": ["CAM_FRONT_LEFT", "CAM_FRONT", "CAM_FRONT_RIGHT", "CAM_BACK_LEFT", "CAM_BACK", "CAM_BACK_RIGHT"], "token": "4a3047c0dc18461696debb392c33e5fb", "scene": "scene-0863"}, {"images": ["samples/CAM_FRONT_LEFT/n015-2018-10-08-16-03-24+0800__CAM_FRONT_LEFT__1538986222754844.jpg", "samples/CAM_FRONT/n015-2018-10-08-16-03-24+0800__CAM_FRONT__1538986222762460.jpg", "samples/CAM_FRONT_RIGHT/n015-2018-10-08-16-03-24+0800__CAM_FRONT_RIGHT__1538986222770339.jpg", "samples/CAM_BACK_LEFT/n015-2018-10-08-16-03-24+0800__CAM_BACK_LEFT__1538986222797423.jpg", "samples/CAM_BACK/n015-2018-10-08-16-03-24+0800__CAM_BACK__1538986222787525.jpg", "samples/CAM_BACK_RIGHT/n015-2018-10-08-16-03-24+0800__CAM_BACK_RIGHT__1538986222777893.jpg"], "intrinsics": [[[1272.5979470598488, 0.0, 826.6154927353808], [0.0, 1272.5979470598488, 479.75165386361925], [0.0, 0.0, 1.0]], [[1266.417203046554, 0.0, 816.2670197447984], [0.0, 1266.417203046554, 491.50706579294757], [0.0, 0.0, 1.0]], [[1260.8474446004698, 0.0, 807.968244525554], [0.0, 1260.8474446004698, 495.3344268742088], [0.0, 0.0, 1.0]], [[1256.7414812095406, 0.0, 792.1125740759628], [0.0, 1256.7414812095406, 492.7757465151356], [0.0, 0.0, 1.0]], [[809.2209905677063, 0.0, 829.2196003259838], [0.0, 809.2209905677063, 481.77842384512485], [0.0, 0.0, 1.0]], [[1259.5137405846733, 0.0, 807.2529053838625], [0.0, 1259.5137405846733, 501.19579884916527], [0.0, 0.0, 1.0]]], "extrinsics": [[[0.8327600359916687, -0.5527446866035461, 0.031370021402835846, -0.860595703125], [0.004649318289011717, -0.049677878618240356, -0.9987544417381287, 1.5087890625], [0.553614616394043, 0.8318686485290527, -0.03879986330866814, -1.209716796875], [0.0, 0.0, 0.0, 1.0]], [[0.023145131766796112, -0.998285174369812, 0.053767185658216476, 0.0067138671875], [-0.0007724187453277409, -0.05379943549633026, -0.9985514879226685, 1.5204086303710938], [0.9997318387031555, 0.023070072755217552, -0.002016289858147502, -1.588897705078125], [0.0, 0.0, 0.0, 1.0]], [[-0.8253546357154846, -0.5643596649169922, 0.016965266317129135, 0.966064453125], [0.004392965696752071, -0.036465346813201904, -0.9993252158164978, 1.5039787292480469], [0.5645975470542908, -0.8247231841087341, 0.0325760580599308, -1.203857421875], [0.0, 0.0, 0.0, 1.0]], [[0.9478806257247925, 0.3184835910797119, -0.00950558204203844, -1.14300537109375], [0.012350629083812237, -0.06653627753257751, -0.9977075457572937, 1.5885848999023438], [-0.3183859586715698, 0.9455903768539429, -0.06700193136930466, -0.1041259765625], [0.0, 0.0, 0.0, 1.0]], [[-0.00225234916433692, 0.9983890056610107, -0.05669489875435829, 0.002685546875], [-0.012687735259532928, -0.05671900883316994, -0.99830955