[{"images": ["samples/CAM_FRONT_LEFT/n008-2018-08-30-15-16-55-0400__CAM_FRONT_LEFT__1535656855254799.jpg", "samples/CAM_FRONT/n008-2018-08-30-15-16-55-0400__CAM_FRONT__1535656855262404.jpg", "samples/CAM_FRONT_RIGHT/n008-2018-08-30-15-16-55-0400__CAM_FRONT_RIGHT__1535656855270482.jpg", "samples/CAM_BACK_LEFT/n008-2018-08-30-15-16-55-0400__CAM_BACK_LEFT__1535656855297405.jpg", "samples/CAM_BACK/n008-2018-08-30-15-16-55-0400__CAM_BACK__1535656855287558.jpg", "samples/CAM_BACK_RIGHT/n008-2018-08-30-15-16-55-0400__CAM_BACK_RIGHT__1535656855278113.jpg"], "intrinsics": [[[1257.8625342125129, 0.0, 827.2410631095686], [0.0, 1257.8625342125129, 450.915498205774], [0.0, 0.0, 1.0]], [[1252.8131021185304, 0.0, 826.588114781398], [0.0, 1252.8131021185304, 469.9846626224581], [0.0, 0.0, 1.0]], [[1256.7485116440405, 0.0, 817.7887570959712], [0.0, 1256.7485116440403, 451.9541780095127], [0.0, 0.0, 1.0]], [[1254.9860565800168, 0.0, 829.5769333630991], [0.0, 1254.9860565800168, 467.1680561863987], [0.0, 0.0, 1.0]], [[796.8910634503094, 0.0, 857.7774326863696], [0.0, 796.8910634503094, 476.8848988407415], [0.0, 0.0, 1.0]], [[1249.9629280788233, 0.0, 825.3768045375984], [0.0, 1249.9629280788233, 462.54816385708756], [0.0, 0.0, 1.0]]], "extrinsics": [[[0.8225383162498474, -0.5687015056610107, 0.0030643860809504986, -1.0050811767578125], [0.006566518917679787, 0.004109219182282686, -0.999970018863678, 1.4882946014404297], [0.5686718821525574, 0.8225337266921997, 0.007114379201084375, -1.3333740234375], [0.0, 0.0, 0.0, 1.0]], [[0.010247187688946724, -0.9999474883079529, 9.793315985007212e-05, 0.00531005859375], [0.008530138991773129, -1.052088919095695e-05, -0.999963641166687, 1.4801650047302246], [0.9999111294746399, 0.01024762075394392, 0.008529582060873508, -1.73468017578125], [0.0, 0.0, 0.0, 1.0]], [[-0.8439871668815613, -0.5362826585769653, -0.00930139422416687, 1.09063720703125], [0.016552574932575226, -0.008708829060196877, -0.9998250007629395, 1.4930721521377563], [0.5361078381538391, -0.8439935445785522, 0.01622699946165085, -1.2774658203125], [0.0, 0.0, 0.0, 1.0]], [[0.9478892683982849, 0.31853723526000977, -0.006312564946711063, -1.1439208984375], [-0.00882792193442583, 0.006453577894717455, -0.9999402165412903, 1.5620439052581787], [-0.31847745180130005, 0.9478883743286133, 0.008929300121963024, -0.156005859375], [0.0, 0.0, 0.0, 1.0]], [[0.009244171902537346, 0.9999566674232483, -0.0011383940000087023, -0.02886962890625], [-0.006715878378599882, -0.0010763310128822923, -0.9999768137931824, 1.5680609941482544], [-0.999934732913971, 0.009251629933714867, 0.00670563755556941, 0.0443115234375], [0.0, 0.0, 0.0, 1.0]], [[-0.9237271547317505, 0.38299068808555603, -0.006794140674173832, 1.1607141494750977], [-0.0025074619334191084, -0.02378232218325138, -0.9997140169143677, 1.547811508178711], [-0.3830427825450897, -0.923445999622345, 0.022928712889552116, -0.04376220703125], [0.0, 0.0, 0.0, 1.0]]], "view": [[0.0, -2.0, 100.0], [-2.0, 0.0, 100.0], [0.0, 0.0, 1.0]], "bev": "bev_ab53a8dff6d14932862d357428036700.png", "aux": "aux_ab53a8dff6d14932862d357428036700.npz", "visibility": "visibility_ab53a8dff6d14932862d357428036700.png", "pose": [[-0.7694277763366699, -0.6387338638305664, 0.0, 770.06591796875], [0.6387338638305664, -0.7694277763366699, 0.0, 421.2352600097656], [0.0, 0.0, 1.0, 0.0], [0.0, 0.0, 0.0, 1.0]], "pose_inverse": [[-0.7694277763366699, 0.6387338638305664, 0.0, 323.452880859375], [-0.6387338638305664, -0.7694277763366699, 0.0, 815.977294921875], [0.0, 0.0, 1.0, 0.0], [0.0, 0.0, 0.0, 1.0]], "cam_ids": [0, 1, 2, 3, 4, 5], "cam_channels": ["CAM_FRONT_LEFT", "CAM_FRONT", "CAM_FRONT_RIGHT", "CAM_BACK_LEFT", "CAM_BACK", "CAM_BACK_RIGHT"], "token": "ab53a8dff6d14932862d357428036700", "scene": "scene-0749"}, {"images": ["samples/CAM_FRONT_LEFT/n008-2018-08-30-15-16-55-0400__CAM_FRONT_LEFT__1535656855754799.jpg", "samples/CAM_FRONT/n008-2018-08-30-15-16-55-0400__CAM_FRONT__1535656855762404.jpg", "samples/CAM_FRONT_RIGHT/n008-2018-08-30-15-16-55-0400__CAM_FRONT_RIGHT__1535656855770482.jpg", "samples/CAM_BACK_LEFT/n008-2018-08-30-15-16-55-0400__CAM_BACK_LEFT__1535656855797405.jpg", "samples/CAM_BACK/n008-2018-08-30-15-16-55-0400__CAM_BACK__1535656855787558.jpg", "samples/CAM_BACK_RIGHT/n008-2018-08-30-15-16-55-0400__CAM_BACK_RIGHT__1535656855778113.jpg"], "intrinsics": [[[1257.8625342125129, 0.0, 827.2410631095686], [0.0, 1257.8625342125129, 450.915498205774], [0.0, 0.0, 1.0]], [[1252.8131021185304, 0.0, 826.588114781398], [0.0, 1252.8131021185304, 469.9846626224581], [0.0, 0.0, 1.0]], [[1256.7485116440405, 0.0, 817.7887570959712], [0.0, 1256.7485116440403, 451.9541780095127], [0.0, 0.0, 1.0]], [[1254.9860565800168, 0.0, 829.5769333630991], [0.0, 1254.9860565800168, 467.1680561863987], [0.0, 0.0, 1.0]], [[796.8910634503094, 0.0, 857.7774326863696], [0.0, 796.8910634503094, 476.8848988407415], [0.0, 0.0, 1.0]], [[1249.9629280788233, 0.0, 825.3768045375984], [0.0, 1249.9629280788233, 462.54816385708756], [0.0, 0.0, 1.0]]], "extrinsics": [[[0.8225325345993042, -0.5687096118927002, 0.0031015852000564337, -1.00506591796875], [0.006609585136175156, 0.004105974454432726, -0.9999697208404541, 1.488295078277588], [0.568679690361023, 0.822528064250946, 0.007136232685297728, -1.33331298828125], [0.0, 0.0, 0.0, 1.0]], [[0.010234801098704338, -0.9999476671218872, 9.647657134337351e-05, 0.00537109375], [0.008562938310205936, -8.83423945197137e-06, -0.9999633431434631, 1.480165719985962], [0.9999109506607056, 0.010235151275992393, 0.008562400005757809, -1.734710693359375], [0.0, 0.0, 0.0, 1.0]], [[-0.8439936637878418, -0.5362720489501953, -0.009329156950116158, 1.0906982421875], [0.016574669629335403, -0.008692214265465736, -0.9998248219490051, 1.493072271347046], [0.5360970497131348, -0.8440003991127014, 0.016224706545472145, -1.27752685546875], [0.0, 0.0, 0.0, 1.0]], [[0.947891116142273, 0.31853216886520386, -0.00629270076751709, -1.1439208984375], [-0.008806291036307812, 0.006451717112213373, -0.9999404549598694, 1.5620431900024414], [-0.31847259402275085, 0.947890043258667, 0.00892061460763216, -0.15606689453125], [0.0, 0.0, 0.0, 1.0]], [[0.00924905575811863, 0.9999566078186035, -0.0011328519321978092, -0.0289306640625], [-0.006696442142128944, -0.0010709360940381885, -0.9999769330024719, 1.5680605173110962], [-0.9999348521232605, 0.009256440214812756, 0.0066862464882433414, 0.044342041015625], [0.0, 0.0, 0.0, 1.0]], [[-0.9237236380577087, 0.3829990029335022, -0.00680559454485774, 1.16070556640625], [-0.0024905200116336346, -0.023770829662680626, -0.9997143149375916, 1.547811508178711], [-0.383051335811615, -0.9234428405761719, 0.022911544889211655, -0.043701171875], [0.0, 0.0, 0.0, 1.0]]], "view": [[0.0, -2.0, 100.0], [-2.0, 0.0, 100.0], [0.0, 0.0, 1.0]], "bev": "bev_6a4d0e4f2d244388ad25028db2393570.png", "aux": "aux_6a4d0e4f2d244388ad25028db2393570.npz", "visibility": "visibility_6a4d0e4f2d244388ad25028db2393570.png", "pose": [[-0.7693710327148438, -0.638802170753479, 0.0, 770.06591796875], [0.638802170753479, -0.7693710327148438, 0.0, 421.2352600097656], [0.0, 0.0, 1.0, 0.0], [0.0, 0.0, 0.0, 1.0]], "pose_inverse": [[-0.7693710327148438, 0.638802170753479, 0.0, 323.3804016113281], [-0.638802170753479, -0.7693710327148438, 0.0, 816.0059814453125], [0.0, 0.0, 1.0, 0.0], [0.0, 0.0, 0.0, 1.0]], "cam_ids": [0, 1, 2, 3, 4, 5], "cam_channels": ["CAM_FRONT_LEFT", "CAM_FRONT", "CAM_FRONT_RIGHT", "CAM_BACK_LEFT", "CAM_BACK", "CAM_BACK_RIGHT"], "token": "6a4d0e4f2d244388ad25028db2393570", "scene": "scene-0749"}, {"images": ["samples/CAM_FRONT_LEFT/n008-2018-08-30-15-16-55-0400__CAM_FRONT_LEFT__1535656856254799.jpg", "samples/CAM_FRONT/n008-2018-08-30-15-16-55-0400__CAM_FRONT__1535656856262404.jpg", "samples/CAM_FRONT_RIGHT/n008-2018-08-30-15-16-55-0400__CAM_FRONT_RIGHT__1535656856270482.jpg", "samples/CAM_BACK_LEFT/n008-2018-08-30-15-16-55-0400__CAM_BACK_LEFT__1535656856297405.jpg", "samples/CAM_BACK/n008-2018-08-30-15-16-55-0400__CAM_BACK__1535656856287558.jpg", "samples/CAM_BACK_RIGHT/n008-2018-08-30-15-16-55-0400__CAM_BACK_RIGHT__1535656856278113.jpg"], "intrinsics": [[[1257.8625342125129, 0.0, 827.2410631095686], [0.0, 1257.8625342125129, 450.915498205774], [0.0, 0.0, 1.0]], [[1252.8131021185304, 0.0, 826.588114781398], [0.0, 1252.8131021185304, 469.9846626224581], [0.0, 0.0, 1.0]], [[1256.7485116440405, 0.0, 817.7887570959712], [0.0, 1256.7485116440403, 451.9541780095127], [0.0, 0.0, 1.0]], [[1254.9860565800168, 0.0, 829.5769333630991], [0.0, 1254.9860565800168, 467.1680561863987], [0.0, 0.0, 1.0]], [[796.8910634503094, 0.0, 857.7774326863696], [0.0, 796.8910634503094, 476.8848988407415], [0.0, 0.0, 1.0]], [[1249.9629280788233, 0.0, 825.3768045375984], [0.0, 1249.9629280788233, 462.54816385708756], [0.0, 0.0, 1.0]]], "extrinsics": [[[0.8225386142730713, -0.5687012076377869, 0.003052984131500125, -1.005035400390625], [0.006543969735503197, 0.004096657037734985, -0.9999701976776123, 1.4882941246032715], [0.5686717629432678, 0.8225339651107788, 0.007091221399605274, -1.33331298828125], [0.0, 0.0, 0.0, 1.0]], [[0.010240121744573116, -0.9999474883079529, 0.00010875658335862681, 0.00537109375], [0.008489475585520267, -2.182166099373717e-05, -0.9999639987945557, 1.4801650047302246], [0.9999115467071533, 0.010240624658763409, 0.008488806895911694, -1.734710693359375], [0.0, 0.0, 0.0, 1.0]], [[-0.8439931273460388, -0.5362740755081177, -0.009250274859368801, 1.09063720703125], [0.016495954245328903, -0.008715333417057991, -0.9998258948326111, 1.493071436882019], [0.5361002087593079, -0.8439988493919373, 0.016202036291360855, -1.27752685546875], [0.0, 0.0, 0.0, 1.0]], [[0.947890043258667, 0.31853362917900085, -0.006382262799888849, -1.1439208984375], [-0.008897602558135986, 0.006442244164645672, -0.9999396800994873, 1.562042236328125], [-0.31847333908081055, 0.9478896856307983, 0.008940724655985832, -0.1561279296875], [0.0, 0.0, 0.0, 1.0]], [[0.009248187765479088, 0.9999565482139587, -0.0011510910699144006, -0.02886962890625], [-0.0067668394185602665, -0.0010885292431339622, -0.9999765157699585, 1.5680607557296753], [-0.9999343156814575, 0.009255734272301197, 0.006756478454917669, 0.0443115234375], [0.0, 0.0, 0.0, 1.0]], [[-0.9237247705459595, 0.38299745321273804, -0.006739066913723946, 1.1606559753417969], [-0.002571005607023835, -0.02379138208925724, -0.9997135996818542, 1.547811508178711], [-0.3830481171607971, -0.9234429597854614, 0.02296137996017933, -0.043701171875], [0.0, 0.0, 0.0, 1.0]]], "view": [[0.0, -2.0, 100.0], [-2.0, 0.0, 100.0], [0.0, 0.0, 1.0]], "bev": "bev_d135cd30382c4d80a69e78b2e6688946.png", "aux": "aux_d135cd30382c4d80a69e78b2e6688946.npz", "visibility": "visibility_d135cd30382c4d80a69e78b2e6688946.png", "pose": [[-0.7693557143211365, -0.6388205885887146, 0.0, 770.06591796875], [0.6388205885887146, -0.7693557143211365, 0.0, 421.2352600097656], [0.0, 0.0, 1.0, 0.0], [0.0, 0.0, 0.0, 1.0]], "pose_inverse": [[-0.7693557143211365, 0.6388205885887146, 0.0, 323.3608703613281], [-0.6388205885887146, -0.7693557143211365, 0.0, 816.0137329101562], [0.0, 0.0, 1.0, 0.0], [0.0, 0.0, 0.0, 1.0]], "cam_ids": [0, 1, 2, 3, 4, 5], "cam_channels": ["CAM_FRONT_LEFT", "CAM_FRONT", "CAM_FRONT_RIGHT", "CAM_BACK_LEFT", "CAM_BACK", "CAM_BACK_RIGHT"], "token": "d135cd30382c4d80a69e78b2e6688946", "scene": "scene-0749"}, {"images": ["samples/CAM_FRONT_LEFT/n008-2018-08-30-15-16-55-0400__CAM_FRONT_LEFT__1535656856754799.jpg", "samples/CAM_FRONT/n008-2018-08-30-15-16-55-0400__CAM_FRONT__1535656856762404.jpg", "samples/CAM_FRONT_RIGHT/n008-2018-08-30-15-16-55-0400__CAM_FRONT_RIGHT__1535656856770482.jpg", "samples/CAM_BACK_LEFT/n008-2018-08-30-15-16-55-0400__CAM_BACK_LEFT__1535656856797405.jpg", "samples/CAM_BACK/n008-2018-08-30-15-16-55-0400__CAM_BACK__1535656856787558.jpg", "samples/CAM_BACK_RIGHT/n008-2018-08-30-15-16-55-0400__CAM_BACK_RIGHT__1535656856778113.jpg"], "intrinsics": [[[1257.8625342125129, 0.0, 827.2410631095686], [0.0, 1257.8625342125129, 450.915498205774], [0.0, 0.0, 1.0]], [[1252.8131021185304, 0.0, 826.588114781398], [0.0, 1252.8131021185304, 469.9846626224581], [0.0, 0.0, 1.0]], [[1256.7485116440405, 0.0, 817.7887570959712], [0.0, 1256.7485116440403, 451.9541780095127], [0.0, 0.0, 1.0]], [[1254.9860565800168, 0.0, 829.5769333630991], [0.0, 1254.9860565800168, 467.1680561863987], [0.0, 0.0, 1.0]], [[796.8910634503094, 0.0, 857.7774326863696], [0.0, 796.8910634503094, 476.8848988407415], [0.0, 0.0, 1.0]], [[1249.9629280788233, 0.0, 825.3768045375984], [0.0, 1249.9629280788233, 462.54816385708756], [0.0, 0.0, 1.0]]], "extrinsics": [[[0.8225231766700745, -0.5687235593795776, 0.003030725521966815, -1.0050811767578125], [0.006494950503110886, 0.00406455947086215, -0.9999706149101257, 1.4882946014404297], [0.568694531917572, 0.8225186467170715, 0.007037024479359388, -1.33331298828125], [0.0, 0.0, 0.0, 1.0]], [[0.010219545103609562, -0.9999477863311768, 0.00013763847528025508, 0.00537109375], [0.008456064388155937, -5.1218743465142325e-05, -0.9999642372131348, 1.4801654815673828], [0.9999120831489563, 0.010220378637313843, 0.008455099537968636, -1.7347412109375], [0.0, 0.0, 0.0, 1.0]], [[-0.8440009355545044, -0.5362621545791626, -0.009230002760887146, 1.09063720703125], [0.01649356819689274, -0.00874981377273798, -0.999825656414032, 1.4930720329284668], [0.5360879898071289, -0.8440061807632446, 0.01622973009943962, -1.2774658203125], [0.0, 0.0, 0.0, 1.0]], [[0.9478915929794312, 0.31852948665618896, -0.006358171347528696, -1.14385986328125], [-0.008866025134921074, 0.006424022372812033, -0.999940037727356, 1.5620436668395996], [-0.3184696435928345, 0.9478911757469177, 0.008913368918001652, -0.156005859375], [0.0, 0.0, 0.0, 1.0]], [[0.009253979660570621, 0.999956488609314, -0.0011625540209934115, -0.02886962890625], [-0.006750419270247221, -0.0011001055827364326, -0.9999765753746033, 1.5680605173110962], [-0.9999344944953918, 0.009261601604521275, 0.006739945616573095, 0.044403076171875], [0.0, 0.0, 0.0, 1.0]], [[-0.9237207174301147, 0.38300710916519165, -0.006749144289642572, 1.1606645584106445], [-0.0025632658507674932, -0.023798387497663498, -0.9997134804725647, 1.547811508178711], [-0.38305798172950745, -0.9234387874603271, 0.02296481467783451, -0.04364013671875], [0.0, 0.0, 0.0, 1.0]]], "view": [[0.0, -2.0, 100.0], [-2.0, 0.0, 100.0], [0.0, 0.0, 1.0]], "bev": "bev_a7ae916ecf304a7ab7f227706e45cbc7.png", "aux": "aux_a7ae916ecf304a7ab7f227706e45cbc7.npz", "visibility": "visibility_a7ae916ecf304a7ab7f227706e45cbc7.png", "pose": [[-0.7693641781806946, -0.6388104557991028, 0.0, 770.06591796875], [0.6388104557991028, -0.7693641781806946, 0.0, 421.2352600097656], [0.0, 0.0, 1.0, 0.0], [0.0, 0.0, 0.0, 1.0]], "pose_inverse": [[-0.7693641781806946, 0.6388104557991028, 0.0, 323.37164306640625], [-0.6388104557991028, -0.7693641781806946, 0.0, 816.0094604492188], [0.0, 0.0, 1.0, 0.0], [0.0, 0.0, 0.0, 1.0]], "cam_ids": [0, 1, 2, 3, 4, 5], "cam_channels": ["CAM_FRONT_LEFT", "CAM_FRONT", "CAM_FRONT_RIGHT", "CAM_BACK_LEFT", "CAM_BACK", "CAM_BACK_RIGHT"], "token": "a7ae916ecf304a7ab7f227706e45cbc7", "scene": "scene-0749"}, {"images": ["samples/CAM_FRONT_LEFT/n008-2018-08-30-15-16-55-0400__CAM_FRONT_LEFT__1535656857254799.jpg", "samples/CAM_FRONT/n008-2018-08-30-15-16-55-0400__CAM_FRONT__1535656857262404.jpg", "samples/CAM_FRONT_RIGHT/n008-2018-08-30-15-16-55-0400__CAM_FRONT_RIGHT__1535656857270482.jpg", "samples/CAM_BACK_LEFT/n008-2018-08-30-15-16-55-0400__CAM_BACK_LEFT__1535656857297405.jpg", "samples/CAM_BACK/n008-2018-08-30-15-16-55-0400__CAM_BACK__1535656857287558.jpg", "samples/CAM_BACK_RIGHT/n008-2018-08-30-15-16-55-0400__CAM_BACK_RIGHT__1535656857278113.jpg"], "intrinsics": [[[1257.8625342125129, 0.0, 827.2410631095686], [0.0, 1257.8625342125129, 450.915498205774], [0.0, 0.0, 1.0]], [[1252.8131021185304, 0.0, 826.588114781398], [0.0, 1252.8131021185304, 469.9846626224581], [0.0, 0.0, 1.0]], [[1256.7485116440405, 0.0, 817.7887570959712], [0.0, 1256.7485116440403, 451.9541780095127], [0.0, 0.0, 1.0]], [[1254.9860565800168, 0.0, 829.5769333630991], [0.0, 1254.9860565800168, 467.1680561863987], [0.0, 0.0, 1.0]], [[796.8910634503094, 0.0, 857.7774326863696], [0.0, 796.8910634503094, 476.8848988407415], [0.0, 0.0, 1.0]], [[1249.9629280788233, 0.0, 825.3768045375984], [0.0, 1249.9629280788233, 462.54816385708756], [0.0, 0.0, 1.0]]], "extrinsics": [[[0.8225308060646057, -0.5687108039855957, 0.0033166115172207355, -1.0050048828125], [0.006879390683025122, 0.004118097480386496, -0.9999678134918213, 1.4882946014404297], [0.5686788558959961, 0.822527289390564, 0.007299644406884909, -1.333251953125], [0.0, 0.0, 0.0, 1.0]], [[0.010231994092464447, -0.9999476075172424, 9.463627793593332e-05, 0.00543212890625], [0.008838140405714512, -4.2008800846815575e-06, -0.9999609589576721, 1.4801647663116455], [0.9999085664749146, 0.010232419706881046, 0.008837633766233921, -1.73468017578125], [0.0, 0.0, 0.0, 1.0]], [[-0.8439924120903015, -0.5362697839736938, -0.009567098692059517, 1.090576171875], [0.016864005476236343, -0.008704046718776226, -0.9998198747634888, 1.4930726289749146], [0.5360898971557617, -0.8440017104148865, 0.01638980768620968, -1.277587890625], [0.0, 0.0, 0.0, 1.0]], [[0.9478936195373535, 0.31853029131889343, -0.006018025800585747, -1.1439208984375], [-0.00851804856210947, 0.006456282455474138, -0.9999428391456604, 1.5620431900024414], [-0.3184732496738434, 0.9478906393051147, 0.008833124302327633, -0.15606689453125], [0.0, 0.0, 0.0, 1.0]], [[0.009249497205018997, 0.9999566078186035, -0.0011172081576660275, -0.02886962890625], [-0.006401159800589085, -0.001058022491633892, -0.9999789595603943, 1.5680612325668335], [-0.9999367594718933, 0.009256473742425442, 0.00639109592884779, 0.044342041015625], [0.0, 0.0, 0.0, 1.0]], [[-0.9237209558486938, 0.38300037384033203, -0.007081333547830582, 1.1606426239013672], [-0.0021907659247517586, -0.023767532780766487, -0.9997151494026184, 1.547811508178711], [-0.38305947184562683, -0.9234423637390137, 0.022793633863329887, -0.043701171875], [0.0, 0.0, 0.0, 1.0]]], "view": [[0.0, -2.0, 100.0], [-2.0, 0.0, 100.0], [0.0, 0.0, 1.0]], "bev": "bev_edb7e279ed17483e9a3eb0f0104c4d96.png", "aux": "aux_edb7e279ed17483e9a3eb0f0104c4d96.npz", "visibility": "visibility_edb7e279ed17483e9a3eb0f0104c4d96.png", "pose": [[-0.7693498730659485, -0.6388276219367981, 0.0, 770.06591796875], [0.6388276219367981, -0.7693498730659485, 0.0, 421.2352600097656], [0.0, 0.0, 1.0, 0.0], [0.0, 0.0, 0.0, 1.0]], "pose_inverse": [[-0.7693498730659485, 0.6388276219367981, 0.0, 323.3533935546875], [-0.6388276219367981, -0.7693498730659485, 0.0, 816.0166625976562], [0.0, 0.0, 1.0, 0.0], [0.0, 0.0, 0.0, 1.0]], "cam_ids": [0, 1, 2, 3, 4, 5], "cam_channels": ["CAM_FRONT_LEFT", "CAM_FRONT", "CAM_FRONT_RIGHT", "CAM_BACK_LEFT", "CAM_BACK", "CAM_BACK_RIGHT"], "token": "edb7e279ed17483e9a3eb0f0104c4d96", "scene": "scene-0749"}, {"images": ["samples/CAM_FRONT_LEFT/n008-2018-08-30-15-16-55-0400__CAM_FRONT_LEFT__1535656857654799.jpg", "samples/CAM_FRONT/n008-2018-08-30-15-16-55-0400__CAM_FRONT__1535656857662404.jpg", "samples/CAM_FRONT_RIGHT/n008-2018-08-30-15-16-55-0400__CAM_FRONT_RIGHT__1535656857670482.jpg", "samples/CAM_BACK_LEFT/n008-2018-08-30-15-16-55-0400__CAM_BACK_LEFT__1535656857697405.jpg", "samples/CAM_BACK/n008-2018-08-30-15-16-55-0400__CAM_BACK__1535656857689664.jpg", "samples/CAM_BACK_RIGHT/n008-2018-08-30-15-16-55-0400__CAM_BACK_RIGHT__1535656857678113.jpg"], "intrinsics": [[[1257.8625342125129, 0.0, 827.2410631095686], [0.0, 1257.8625342125129, 450.915498205774], [0.0, 0.0, 1.0]], [[1252.8131021185304, 0.0, 826.588114781398], [0.0, 1252.8131021185304, 469.9846626224581], [0.0, 0.0, 1.0]], [[1256.7485116440405, 0.0, 817.7887570959712], [0.0, 1256.7485116440403, 451.9541780095127], [0.0, 0.0, 1.0]], [[1254.9860565800168, 0.0, 829.5769333630991], [0.0, 1254.9860565800168, 467.1680561863987], [0.0, 0.0, 1.0]], [[796.8910634503094, 0.0, 857.7774326863696], [0.0, 796.8910634503094, 476.8848988407415], [0.0, 0.0, 1.0]], [[1249.9629280788233, 0.0, 825.3768045375984], [0.0, 1249.9629280788233, 462.54816385708756], [0.0, 0.0, 1.0]]], "extrinsics": [[[0.8225411772727966, -0.5686956644058228, 0.0033798583317548037, -1.0050201416015625], [0.006915589328855276, 0.00405947957187891, -0.9999678730964661, 1.4882960319519043], [0.5686636567115784, 0.8225380778312683, 0.007271953858435154, -1.3333740234375], [0.0, 0.0, 0.0, 1.0]], [[0.01024898886680603, -0.9999475479125977, 0.00015170716505963355, 0.00537109375], [0.00887562707066536, -6.0738449974451214e-05, -0.9999606013298035, 1.4801654815673828], [0.9999080896377563, 0.01024993509054184, 0.008874538354575634, -1.73468017578125], [0.0, 0.0, 0.0, 1.0]], [[-0.8439842462539673, -0.536282479763031, -0.009573097340762615, 1.09063720703125], [0.016907770186662674, -0.008761300705373287, -0.9998186826705933, 1.4930728673934937], [0.5361013412475586, -0.8439931273460388, 0.01646174117922783, -1.27752685546875], [0.0, 0.0, 0.0, 1.0]], [[0.9478922486305237, 0.31853482127189636, -0.005986316129565239, -1.14385986328125], [-0.00846843607723713, 0.006408049259334803, -0.9999436140060425, 1.5620436668395996], [-0.318478524684906, 0.947889506816864, 0.008771632798016071, -0.15606689453125], [0.0, 0.0, 0.0, 1.0]], [[0.009244883432984352, 0.9999566078186035, -0.001172450021840632, -0.0289306640625], [-0.006350220181047916, -0.001113765756599605, -0.9999791979789734, 1.5680607557296753], [-0.999937117099762, 0.009252086281776428, 0.006339647341519594, 0.044281005859375], [0.0, 0.0, 0.0, 1.0]], [[-0.9237247109413147, 0.3829903304576874, -0.00714622950181365, 1.1606721878051758], [-0.002145043108612299, -0.023827269673347473, -0.9997137784957886, 1.547811508178711], [-0.38305097818374634, -0.9234449863433838, 0.022831369191408157, -0.0438232421875], [0.0, 0.0, 0.0, 1.0]]], "view": [[0.0, -2.0, 100.0], [-2.0, 0.0, 100.0], [0.0, 0.0, 1.0]], "bev": "bev_e007f67514fb46048721127dd5738c02.png", "aux": "aux_e007f67514fb46048721127dd5738c02.npz", "visibility": "visibility_e007f67514fb46048721127dd5738c02.png", "pose": [[-0.769290030002594, -0.6388997435569763, 0.0, 770.06591796875], [0.6388997435569763, -0.769290030002594, 0.0, 421.2352600097656], [0.0, 0.0, 1.0, 0.0], [0.0, 0.0, 0.0, 1.0]], "pose_inverse": [[-0.769290030002594, 0.6388997435569763, 0.0, 323.2769470214844], [-0.6388997435569763, -0.769290030002594, 0.0, 816.0469970703125], [0.0, 0.0, 1.0, 0.0], [0.0, 0.0, 0.0, 1.0]], "cam_ids": [0, 1, 2, 3, 4, 5], "cam_channels": ["CAM_FRONT_LEFT", "CAM_FRONT", "CAM_FRONT_RIGHT", "CAM_BACK_LEFT", "CAM_BACK", "CAM_BACK_RIGHT"], "token": "e007f67514fb46048721127dd5738c02", "scene": "scene-0749"}, {"images": ["samples/CAM_FRONT_LEFT/n008-2018-08-30-15-16-55-0400__CAM_FRONT_LEFT__1535656858154799.jpg", "samples/CAM_FRONT/n008-2018-08-30-15-16-55-0400__CAM_FRONT__1535656858162404.jpg", "samples/CAM_FRONT_RIGHT/n008-2018-08-30-15-16-55-0400__CAM_FRONT_RIGHT__1535656858170482.jpg", "samples/CAM_BACK_LEFT/n008-2018-08-30-15-16-55-0400__CAM_BACK_LEFT__1535656858197411.jpg", "samples/CAM_BACK/n008-2018-08-30-15-16-55-0400__CAM_BACK__1535656858187558.jpg", "samples/CAM_BACK_RIGHT/n008-2018-08-30-15-16-55-0400__CAM_BACK_RIGHT__1535656858178113.jpg"], "intrinsics": [[[1257.8625342125129, 0.0, 827.2410631095686], [0.0, 1257.8625342125129, 450.915498205774], [0.0, 0.0, 1.0]], [[1252.8131021185304, 0.0, 826.588114781398], [0.0, 1252.8131021185304, 469.9846626224581], [0.0, 0.0, 1.0]], [[1256.7485116440405, 0.0, 817.7887570959712], [0.0, 1256.7485116440403, 451.9541780095127], [0.0, 0.0, 1.0]], [[1254.9860565800168, 0.0, 829.5769333630991], [0.0, 1254.9860565800168, 467.1680561863987], [0.0, 0.0, 1.0]], [[796.8910634503094, 0.0, 857.7774326863696], [0.0, 796.8910634503094, 476.8848988407415], [0.0, 0.0, 1.0]], [[1249.9629280788233, 0.0, 825.3768045375984], [0.0, 1249.9629280788233, 462.54816385708756], [0.0, 0.0, 1.0]]], "extrinsics": [[[0.8225145936012268, -0.5687341690063477, 0.003362244926393032, -1.005035400390625], [0.006898640189319849, 0.004065335728228092, -0.9999679327011108, 1.4882946014404297], [0.568702220916748, 0.8225113749504089, 0.007267289329320192, -1.33331298828125], [0.0, 0.0, 0.0, 1.0]], [[0.01020729448646307, -0.9999478459358215, 0.00014335359446704388, 0.00537109375], [0.008857574313879013, -5.2939692977815866e-05, -0.9999607801437378, 1.480165719985962], [0.9999086260795593, 0.010208161547780037, 0.008856573142111301, -1.73468017578125], [0.0, 0.0, 0.0, 1.0]], [[-0.8440028429031372, -0.5362535119056702, -0.009562348946928978, 1.09075927734375], [0.016883982345461845, -0.008744949474930763, -0.9998192191123962, 1.4930729866027832], [0.5360729098320007, -0.844011664390564, 0.01643485575914383, -1.27752685546875], [0.0, 0.0, 0.0, 1.0]], [[0.9478933811187744, 0.3185313045978546, -0.006000919733196497, -1.14385986328125], [-0.008491219021379948, 0.006430109962821007, -0.9999433159828186, 1.5620429515838623], [-0.3184747099876404, 0.9478905200958252, 0.0087997792288661, -0.15606689453125], [0.0, 0.0, 0.0, 1.0]], [[0.00925680622458458, 0.9999565482139587, -0.0011529409093782306, -0.02886962890625], [-0.006371811032295227, -0.001093980623409152, -0.9999790787696838, 1.5680619478225708], [-0.9999368190765381, 0.009263899177312851, 0.00636140676215291, 0.04437255859375], [0.0, 0.0, 0.0, 1.0]], [[-0.9237154722213745, 0.38301318883895874, -0.0071135275065898895, 1.160719871520996], [-0.00217416207306087, -0.02381066605448723, -0.9997141361236572, 1.547811508178711], [-0.38307303190231323, -0.9234359264373779, 0.022827016189694405, -0.043701171875], [0.0, 0.0, 0.0, 1.0]]], "view": [[0.0, -2.0, 100.0], [-2.0, 0.0, 100.0], [0.0, 0.0, 1.0]], "bev": "bev_96f37484f5514d2a96050ca2b67d97f5.png", "aux": "aux_96f37484f5514d2a96050ca2b67d97f5.npz", "visibility": "visibility_96f37484f5514d2a96050ca2b67d97f5.png", "pose": [[-0.769381046295166, -0.6387900710105896, 0.0, 770.06591796875], [0.6387900710105896, -0.769381046295166, 0.0, 421.2352600097656], [0.0, 0.0, 1.0, 0.0], [0.0, 0.0, 0.0, 1.0]], "pose_inverse": [[-0.769381046295166, 0.6387900710105896, 0.0, 323.3932189941406], [-0.6387900710105896, -0.769381046295166, 0.0, 816.0009155273438], [0.0, 0.0, 1.0, 0.0], [0.0, 0.0, 0.0, 1.0]], "cam_ids": [0, 1, 2, 3, 4, 5], "cam_channels": ["CAM_FRONT_LEFT", "CAM_FRONT", "CAM_FRONT_RIGHT", "CAM_BACK_LEFT", "CAM_BACK", "CAM_BACK_RIGHT"], "token": "96f37484f5514d2a96050ca2b67d97f5", "scene": "scene-0749"}, {"images": ["samples/CAM_FRONT_LEFT/n008-2018-08-30-15-16-55-0400__CAM_FRONT_LEFT__1535656858654799.jpg", "samples/CAM_FRONT/n008-2018-08-30-15-16-55-0400__CAM_FRONT__1535656858662413.jpg", "samples/CAM_FRONT_RIGHT/n008-2018-08-30-15-16-55-0400__CAM_FRONT_RIGHT__1535656858670482.jpg", "samples/CAM_BACK_LEFT/n008-2018-08-30-15-16-55-0400__CAM_BACK_LEFT__1535656858697405.jpg", "samples/CAM_BACK/n008-2018-08-30-15-16-55-0400__CAM_BACK__1535656858687558.jpg", "samples/CAM_BACK_RIGHT/n008-2018-08-30-15-16-55-0400__CAM_BACK_RIGHT__1535656858678113.jpg"], "intrinsics": [[[1257.8625342125129, 0.0, 827.2410631095686], [0.0, 1257.8625342125129, 450.915498205774], [0.0, 0.0, 1.0]], [[1252.8131021185304, 0.0, 826.588114781398], [0.0, 1252.8131021185304, 469.9846626224581], [0.0, 0.0, 1.0]], [[1256.7485116440405, 0.0, 817.7887570959712], [0.0, 1256.7485116440403, 451.9541780095127], [0.0, 0.0, 1.0]], [[1254.9860565800168, 0.0, 829.5769333630991], [0.0, 1254.9860565800168, 467.1680561863987], [0.0, 0.0, 1.0]], [[796.8910634503094, 0.0, 857.7774326863696], [0.0, 796.8910634503094, 476.8848988407415], [0.0, 0.0, 1.0]], [[1249.9629280788233, 0.0, 825.3768045375984], [0.0, 1249.9629280788233, 462.54816385708756], [0.0, 0.0, 1.0]]], "extrinsics": [[[0.8225295543670654, -0.568713366985321, 0.0032169127371162176, -1.005035400390625], [0.006785040255635977, 0.004156903363764286, -0.9999683499336243, 1.488295555114746], [0.5686819553375244, 0.8225252628326416, 0.007277918513864279, -1.33319091796875], [0.0, 0.0, 0.0, 1.0]], [[0.010232636705040932, -0.9999476671218872, 5.6298140407307073e-05, 0.00537109375], [0.00874303188174963, 3.316985385026783e-05, -0.9999617338180542, 1.480165958404541], [0.9999094009399414, 0.010232653468847275, 0.00874291267246008, -1.73468017578125], [0.0, 0.0, 0.0, 1.0]], [[-0.8439919352531433, -0.5362714529037476, -0.009515941143035889, 1.0906982421875], [0.016780169680714607, -0.008667411282658577, -0.9998216032981873, 1.4930717945098877], [0.5360932946205139, -0.8440011143684387, 0.016313951462507248, -1.2774658203125], [0.0, 0.0, 0.0, 1.0]], [[0.9478920102119446, 0.3185337483882904, -0.0060838693752884865, -1.1439208984375], [-0.008602865971624851, 0.006501891650259495, -0.9999418258666992, 1.5620427131652832], [-0.3184756934642792, 0.9478892087936401, 0.00890339445322752, -0.1561279296875], [0.0, 0.0, 0.0, 1.0]], [[0.00924813561141491, 0.9999566078186035, -0.0010874533327296376, -0.02886962890625], [-0.006486669182777405, -0.001027483376674354, -0.9999784231185913, 1.5680609941482544], [-0.9999361634254456, 0.00925495382398367, 0.0064768861047923565, 0.044342041015625], [0.0, 0.0, 0.0, 1.0]], [[-0.9237223267555237, 0.3829989433288574, -0.006978851277381182, 1.1607427597045898], [-0.0022874772548675537, -0.023733384907245636, -0.9997156858444214, 1.547811508178711], [-0.38305574655532837, -0.9234438538551331, 0.022799160331487656, -0.04364013671875], [0.0, 0.0, 0.0, 1.0]]], "view": [[0.0, -2.0, 100.0], [-2.0, 0.0, 100.0], [0.0, 0.0, 1.0]], "bev": "bev_ca276b5d8c87404c9654db474072804e.png", "aux": "aux_ca276b5d8c87404c9654db474072804e.npz", "visibility": "visibility_ca276b5d8c87404c9654db474072804e.png", "pose": [[-0.7693896889686584, -0.6387796998023987, 0.0, 770.06591796875], [0.6387796998023987, -0.7693896889686584, 0.0, 421.2352600097656], [0.0, 0.0, 1.0, 0.0], [0.0, 0.0, 0.0, 1.0]], "pose_inverse": [[-0.7693896889686584, 0.6387796998023987, 0.0, 323.4042663574219], [-0.6387796998023987, -0.7693896889686584, 0.0, 815.9965209960938], [0.0, 0.0, 1.0, 0.0], [0.0, 0.0, 0.0, 1.0]], "cam_ids": [0, 1, 2, 3, 4, 5], "cam_channels": ["CAM_FRONT_LEFT", "CAM_FRONT", "CAM_FRONT_RIGHT", "CAM_BACK_LEFT", "CAM_BACK", "CAM_BACK_RIGHT"], "token": "ca276b5d8c87404c9654db474072804e", "scene": "scene-0749"}, {"images": ["samples/CAM_FRONT_LEFT/n008-2018-08-30-15-16-55-0400__CAM_FRONT_LEFT__1535656859154799.jpg", "samples/CAM_FRONT/n008-2018-08-30-15-16-55-0400__CAM_FRONT__1535656859162404.jpg", "samples/CAM_FRONT_RIGHT/n008-2018-08-30-15-16-55-0400__CAM_FRONT_RIGHT__1535656859170482.jpg", "samples/CAM_BACK_LEFT/n008-2018-08-30-15-16-55-0400__CAM_BACK_LEFT__1535656859197424.jpg", "samples/CAM_BACK/n008-2018-08-30-15-16-55-0400__CAM_BACK__1535656859187558.jpg", "samples/CAM_BACK_RIGHT/n008-2018-08-30-15-16-55-0400__CAM_BACK_RIGHT__1535656859178113.jpg"], "intrinsics": [[[1257.8625342125129, 0.0, 827.2410631095686], [0.0, 1257.8625342125129, 450.915498205774], [0.0, 0.0, 1.0]], [[1252.8131021185304, 0.0, 826.588114781398], [0.0, 1252.8131021185304, 469.9846626224581], [0.0, 0.0, 1.0]], [[1256.7485116440405, 0.0, 817.7887570959712], [0.0, 1256.7485116440403, 451.9541780095127], [0.0, 0.0, 1.0]], [[1254.9860565800168, 0.0, 829.5769333630991], [0.0, 1254.9860565800168, 467.1680561863987], [0.0, 0.0, 1.0]], [[796.8910634503094, 0.0, 857.7774326863696], [0.0, 796.8910634503094, 476.8848988407415], [0.0, 0.0, 1.0]], [[1249.9629280788233, 0.0, 825.3768045375984], [0.0, 1249.9629280788233, 462.54816385708756], [0.0, 0.0, 1.0]]], "extrinsics": [[[0.8225091099739075, -0.5687433481216431, 0.0031403591856360435, -1.0050811767578125], [0.006696849130094051, 0.004163490608334541, -0.9999688863754272, 1.4882941246032715], [0.568712592124939, 0.8225045204162598, 0.007233295124024153, -1.3333740234375], [0.0, 0.0, 0.0, 1.0]], [[0.010200879536569118, -0.9999480247497559, 3.6867106246063486e-05, 0.00531005859375], [0.008644985035061836, 5.132326259627007e-05, -0.9999626874923706, 1.4801654815673828], [0.9999105930328369, 0.01020083762705326, 0.008645059540867805, -1.734710693359375], [0.0, 0.0, 0.0, 1.0]], [[-0.8440068364143372, -0.5362493395805359, -0.009439888410270214, 1.09063720703125], [0.016670407727360725, -0.00863723922520876, -0.9998236894607544, 1.49307119846344], [0.5360732078552246, -0.8440154194831848, 0.016229385510087013, -1.277587890625], [0.0, 0.0, 0.0, 1.0]], [[0.9478922486305237, 0.3185303211212158, -0.006223869509994984, -1.14385986328125], [-0.008757171221077442, 0.0065216924995183945, -0.9999403953552246, 1.5620434284210205], [-0.3184707760810852, 0.9478902220726013, 0.008971288800239563, -0.156005859375], [0.0, 0.0, 0.0, 1.0]], [[0.009259247221052647, 0.9999566078186035, -0.001059212489053607, -0.0289306640625], [-0.006624831352382898, -0.0009978903690353036, -0.9999775290489197, 1.5680607557296753], [-0.9999352097511292, 0.009266072884202003, 0.006615302991122007, 0.044281005859375], [0.0, 0.0, 0.0, 1.0]], [[-0.9237158894538879, 0.3830171227455139, -0.006842998322099447, 1.1606597900390625], [-0.0024217632599174976, -0.023701492697000504, -0.9997161030769348, 1.547811508178711], [-0.38307052850723267, -0.9234371185302734, 0.02282102219760418, -0.04364013671875], [0.0, 0.0, 0.0, 1.0]]], "view": [[0.0, -2.0, 100.0], [-2.0, 0.0, 100.0], [0.0, 0.0, 1.0]], "bev": "bev_3ee8afc6da034224a2de78ee648a5a0b.png", "aux": "aux_3ee8afc6da034224a2de78ee648a5a0b.npz", "visibility": "visibility_3ee8afc6da034224a2de78ee648a5a0b.png", "pose": [[-0.7693970799446106, -0.6387708187103271, 0.0, 770.06591796875], [0.6387708187103271, -0.7693970799446106, 0.0, 421.2352600097656], [0.0, 0.0, 1.0, 0.0], [0.0, 0.0, 0.0, 1.0]], "pose_inverse": [[-0.7693970799446106, 0.6387708187103271, 0.0, 323.4136657714844], [-0.6387708187103271, -0.7693970799446106, 0.0, 815.9927978515625], [0.0, 0.0, 1.0, 0.0], [0.0, 0.0, 0.0, 1.0]], "cam_ids": [0, 1, 2, 3, 4, 5], "cam_channels": ["CAM_FRONT_LEFT", "CAM_FRONT", "CAM_FRONT_RIGHT", "CAM_BACK_LEFT", "CAM_BACK", "CAM_BACK_RIGHT"], "token": "3ee8afc6da034224a2de78ee648a5a0b", "scene": "scene-0749"}, {"images": ["samples/CAM_FRONT_LEFT/n008-2018-08-30-15-16-55-0400__CAM_FRONT_LEFT__1535656859654799.jpg", "samples/CAM_FRONT/n008-2018-08-30-15-16-55-0400__CAM_FRONT__1535656859662404.jpg", "samples/CAM_FRONT_RIGHT/n008-2018-08-30-15-16-55-0400__CAM_FRONT_RIGHT__1535656859670519.jpg", "samples/CAM_BACK_LEFT/n008-2018-08-30-15-16-55-0400__CAM_BACK_LEFT__1535656859697405.jpg", "samples/CAM_BACK/n008-2018-08-30-15-16-55-0400__CAM_BACK__1535656859687558.jpg", "samples/CAM_BACK_RIGHT/n008-2018-08-30-15-16-55-0400__CAM_BACK_RIGHT__1535656859678113.jpg"], "intrinsics": [[[1257.8625342125129, 0.0, 827.2410631095686], [0.0, 1257.8625342125129, 450.915498205774], [0.0, 0.0, 1.0]], [[1252.8131021185304, 0.0, 826.588114781398], [0.0, 1252.8131021185304, 469.9846626224581], [0.0, 0.0, 1.0]], [[1256.7485116440405, 0.0, 817.7887570959712], [0.0, 1256.7485116440403, 451.9541780095127], [0.0, 0.0, 1.0]], [[1254.9860565800168, 0.0, 829.5769333630991], [0.0, 1254.9860565800168, 467.1680561863987], [0.0, 0.0, 1.0]], [[796.8910634503094, 0.0, 857.7774326863696], [0.0, 796.8910634503094, 476.8848988407415], [0.0, 0.0, 1.0]], [[1249.9629280788233, 0.0, 825.3768045375984], [0.0, 1249.9629280788233, 462.54816385708756], [0.0, 0.0, 1.0]]], "extrinsics": [[[0.8225369453430176, -0.5687037706375122, 0.003008365398272872, -1.005035400390625], [0.0065490687265992165, 0.004182453267276287, -0.9999698400497437, 1.4882941246032715], [0.5686740279197693, 0.8225318193435669, 0.007164701819419861, -1.33331298828125], [0.0, 0.0, 0.0, 1.0]], [[0.010242958553135395, -0.9999475479125977, 2.5001530957524665e-05, 0.00537109375], [0.008499321527779102, 6.206125544849783e-05, -0.9999638795852661, 1.480165958404541], [0.999911367893219, 0.010242795571684837, 0.008499512448906898, -1.734710693359375], [0.0, 0.0, 0.0, 1.0]], [[-0.8439900875091553, -0.5362778902053833, -0.009310253895819187, 1.09063720703125], [0.01651422306895256, -0.008632099255919456, -0.9998263120651245, 1.4930719137191772], [0.5361043810844421, -0.8439972996711731, 0.01614162139594555, -1.27752685546875], [0.0, 0.0, 0.0, 1.0]], [[0.947890043258667, 0.31853482127189636, -0.006331905722618103, -1.1439208984375], [-0.00886972900480032, 0.00651735533028841, -0.9999393820762634, 1.5620436668395996], [-0.31847429275512695, 0.9478887319564819, 0.009003053419291973, -0.15606689453125], [0.0, 0.0, 0.0, 1.0]], [[0.009245320223271847, 0.9999566674232483, -0.0010676742531359196, -0.02886962890625], [-0.006744825281202793, -0.0010053339647129178, -0.9999767541885376, 1.5680607557296753], [-0.9999345541000366, 0.009252273477613926, 0.006735239177942276, 0.044342041015625], [0.0, 0.0, 0.0, 1.0]], [[-0.9237262606620789, 0.38299405574798584, -0.006731514818966389, 1.1606645584106445], [-0.0025441949255764484, -0.02370726317167282, -0.9997156858444214, 1.547811508178711], [-0.3830448091030121, -0.923446536064148, 0.02287343516945839, -0.043701171875], [0.0, 0.0, 0.0, 1.0]]], "view": [[0.0, -2.0, 100.0], [-2.0, 0.0, 100.0], [0.0, 0.0, 1.0]], "bev": "bev_ba5318bac21d457d88cfa5cbf8a06ac8.png", "aux": "aux_ba5318bac21d457d88cfa5cbf8a06ac8.npz", "visibility": "visibility_ba5318bac21d457d88cfa5cbf8a06ac8.png", "pose": [[-0.7694267630577087, -0.6387350559234619, 0.0, 770.06591796875], [0.6387350559234619, -0.7694267630577087, 0.0, 421.2352600097656], [0.0, 0.0, 1.0, 0.0], [0.0, 0.0, 0.0, 1.0]], "pose_inverse": [[-0.7694267630577087, 0.6387350559234619, 0.0, 323.45159912109375], [-0.6387350559234619, -0.7694267630577087, 0.0, 815.977783203125], [0.0, 0.0, 1.0, 0.0], [0.0, 0.0, 0.0, 1.0]], "cam_ids": [0, 1, 2, 3, 4, 5], "cam_channels": ["CAM_FRONT_LEFT", "CAM_FRONT", "CAM_FRONT_RIGHT", "CAM_BACK_LEFT", "CAM_BACK", "CAM_BACK_RIGHT"], "token": "ba5318bac21d457d88cfa5cbf8a06ac8", "scene": "scene-0749"}, {"images": ["samples/CAM_FRONT_LEFT/n008-2018-08-30-15-16-55-0400__CAM_FRONT_LEFT__1535656860154799.jpg", "samples/CAM_FRONT/n008-2018-08-30-15-16-55-0400__CAM_FRONT__1535656860162404.jpg", "samples/CAM_FRONT_RIGHT/n008-2018-08-30-15-16-55-0400__CAM_FRONT_RIGHT__1535656860170482.jpg", "samples/CAM_BACK_LEFT/n008-2018-08-30-15-16-55-0400__CAM_BACK_LEFT__1535656860197405.jpg", "samples/CAM_BACK/n008-2018-08-30-15-16-55-0400__CAM_BACK__1535656860187558.jpg", "samples/CAM_BACK_RIGHT/n008-2018-08-30-15-16-55-0400__CAM_BACK_RIGHT__1535656860178113.jpg"], "intrinsics": [[[1257.8625342125129, 0.0, 827.2410631095686], [0.0, 1257.8625342125129, 450.915498205774], [0.0, 0.0, 1.0]], [[1252.8131021185304, 0.0, 826.588114781398], [0.0, 1252.8131021185304, 469.9846626224581], [0.0, 0.0, 1.0]], [[1256.7485116440405, 0.0, 817.7887570959712], [0.0, 1256.7485116440403, 451.9541780095127], [0.0, 0.0, 1.0]], [[1254.9860565800168, 0.0, 829.5769333630991], [0.0, 1254.9860565800168, 467.1680561863987], [0.0, 0.0, 1.0]], [[796.8910634503094, 0.0, 857.7774326863696], [0.0, 796.8910634503094, 476.8848988407415], [0.0, 0.0, 1.0]], [[1249.9629280788233, 0.0, 825.3768045375984], [0.0, 1249.9629280788233, 462.54816385708756], [0.0, 0.0, 1.0]]], "extrinsics": [[[0.8225235342979431, -0.5687211751937866, 0.003351893974468112, -1.0051116943359375], [0.0069741858169436455, 0.004193001892417669, -0.9999669194221497, 1.4882941246032715], [0.5686883926391602, 0.8225197196006775, 0.007415209896862507, -1.3333740234375], [0.0, 0.0, 0.0, 1.0]], [[0.01022393349558115, -0.999947726726532, 1.926830918819178e-05, 0.00531005859375], [0.00893135741353035, 7.204976282082498e-05, -0.9999601244926453, 1.4801647663116455], [0.9999078512191772, 0.01022362895309925, 0.008931627497076988, -1.734619140625], [0.0, 0.0, 0.0, 1.0]], [[-0.8439940810203552, -0.5362650156021118, -0.009687702171504498, 1.09063720703125], [0.016955558210611343, -0.008623424917459488, -0.9998190402984619, 1.4930713176727295], [0.5360844731330872, -0.8440056443214417, 0.01637079194188118, -1.27752685546875], [0.0, 0.0, 0.0, 1.0]], [[0.9478921294212341, 0.3185368776321411, -0.005901344586163759, -1.1439208984375], [-0.008421518839895725, 0.006535131484270096, -0.999943196773529, 1.5620441436767578], [-0.31848031282424927, 0.9478878974914551, 0.00887716468423605, -0.156005859375], [0.0, 0.0, 0.0