[{"images": ["samples/CAM_FRONT_LEFT/n015-2018-11-14-19-09-14+0800__CAM_FRONT_LEFT__1542194075104844.jpg", "samples/CAM_FRONT/n015-2018-11-14-19-09-14+0800__CAM_FRONT__1542194075112460.jpg", "samples/CAM_FRONT_RIGHT/n015-2018-11-14-19-09-14+0800__CAM_FRONT_RIGHT__1542194075120339.jpg", "samples/CAM_BACK_LEFT/n015-2018-11-14-19-09-14+0800__CAM_BACK_LEFT__1542194075147423.jpg", "samples/CAM_BACK/n015-2018-11-14-19-09-14+0800__CAM_BACK__1542194075137525.jpg", "samples/CAM_BACK_RIGHT/n015-2018-11-14-19-09-14+0800__CAM_BACK_RIGHT__1542194075127893.jpg"], "intrinsics": [[[1272.5979470598488, 0.0, 826.6154927353808], [0.0, 1272.5979470598488, 479.75165386361925], [0.0, 0.0, 1.0]], [[1266.417203046554, 0.0, 816.2670197447984], [0.0, 1266.417203046554, 491.50706579294757], [0.0, 0.0, 1.0]], [[1260.8474446004698, 0.0, 807.968244525554], [0.0, 1260.8474446004698, 495.3344268742088], [0.0, 0.0, 1.0]], [[1256.7414812095406, 0.0, 792.1125740759628], [0.0, 1256.7414812095406, 492.7757465151356], [0.0, 0.0, 1.0]], [[809.2209905677063, 0.0, 829.2196003259838], [0.0, 809.2209905677063, 481.77842384512485], [0.0, 0.0, 1.0]], [[1259.5137405846733, 0.0, 807.2529053838625], [0.0, 1259.5137405846733, 501.19579884916527], [0.0, 0.0, 1.0]]], "extrinsics": [[[0.8209517002105713, -0.5694075226783752, 0.04258323460817337, -0.8170166015625], [0.014505122788250446, -0.05375617370009422, -0.9984487295150757, 1.51092529296875], [0.5708132982254028, 0.8202958703041077, -0.035871900618076324, -1.17919921875], [0.0, 0.0, 0.0, 1.0]], [[0.005841345060616732, -0.9983026385307312, 0.05794654041528702, 0.007110595703125], [0.009093636646866798, -0.05789210647344589, -0.9982814788818359, 1.5219383239746094], [0.9999415874481201, 0.006358245853334665, 0.008740033023059368, -1.545166015625], [0.0, 0.0, 0.0, 1.0]], [[-0.8327245712280273, -0.5535892844200134, 0.010423759929835796, 0.937255859375], [0.014600804075598717, -0.04077468067407608, -0.999061644077301, 1.5053596496582031], [0.553494930267334, -0.8317909836769104, 0.04203692823648453, -1.18408203125], [0.0, 0.0, 0.0, 1.0]], [[0.9478598833084106, 0.3186857998371124, -0.0010220746044069529, -1.1387939453125], [0.022916551679372787, -0.07135830819606781, -0.9971874356269836, 1.588653564453125], [-0.3178624212741852, 0.9451705813407898, -0.07494086027145386, -0.1051025390625], [0.0, 0.0, 0.0, 1.0]], [[0.00297197955660522, 0.9981169104576111, -0.06126772612333298, 0.002471923828125], [-0.0023790018167346716, -0.06126076728105545, -0.9981189966201782, 1.5792827606201172], [-0.9999927282333374, 0.0031121429055929184, 0.0021924572065472603, -0.04248046875], [0.0, 0.0, 0.0, 1.0]], [[-0.9344424605369568, 0.3533042073249817, -0.044647183269262314, 1.057861328125], [0.030376773327589035, -0.04583665356040001, -0.9984869956970215, 1.5540313720703125], [-0.35481613874435425, -0.934384822845459, 0.03209947794675827, -0.092559814453125], [0.0, 0.0, 0.0, 1.0]]], "view": [[0.0, -2.0, 100.0], [-2.0, 0.0, 100.0], [0.0, 0.0, 1.0]], "bev": "bev_73777b825a7247a39ed20189f5104d5c.png", "aux": "aux_73777b825a7247a39ed20189f5104d5c.npz", "visibility": "visibility_73777b825a7247a39ed20189f5104d5c.png", "pose": [[0.052399832755327225, -0.998626172542572, 0.0, 386.2480773925781], [0.998626172542572, 0.052399832755327225, 0.0, 1987.360595703125], [0.0, 0.0, 1.0, 0.0], [0.0, 0.0, 0.0, 1.0]], "pose_inverse": [[0.052399832755327225, 0.998626172542572, 0.0, -2004.86962890625], [-0.998626172542572, 0.052399832755327225, 0.0, 281.580078125], [0.0, 0.0, 1.0, 0.0], [0.0, 0.0, 0.0, 1.0]], "cam_ids": [0, 1, 2, 3, 4, 5], "cam_channels": ["CAM_FRONT_LEFT", "CAM_FRONT", "CAM_FRONT_RIGHT", "CAM_BACK_LEFT", "CAM_BACK", "CAM_BACK_RIGHT"], "token": "73777b825a7247a39ed20189f5104d5c", "scene": "scene-1018"}, {"images": ["samples/CAM_FRONT_LEFT/n015-2018-11-14-19-09-14+0800__CAM_FRONT_LEFT__1542194075654844.jpg", "samples/CAM_FRONT/n015-2018-11-14-19-09-14+0800__CAM_FRONT__1542194075662460.jpg", "samples/CAM_FRONT_RIGHT/n015-2018-11-14-19-09-14+0800__CAM_FRONT_RIGHT__1542194075670339.jpg", "samples/CAM_BACK_LEFT/n015-2018-11-14-19-09-14+0800__CAM_BACK_LEFT__1542194075697423.jpg", "samples/CAM_BACK/n015-2018-11-14-19-09-14+0800__CAM_BACK__1542194075687525.jpg", "samples/CAM_BACK_RIGHT/n015-2018-11-14-19-09-14+0800__CAM_BACK_RIGHT__1542194075678007.jpg"], "intrinsics": [[[1272.5979470598488, 0.0, 826.6154927353808], [0.0, 1272.5979470598488, 479.75165386361925], [0.0, 0.0, 1.0]], [[1266.417203046554, 0.0, 816.2670197447984], [0.0, 1266.417203046554, 491.50706579294757], [0.0, 0.0, 1.0]], [[1260.8474446004698, 0.0, 807.968244525554], [0.0, 1260.8474446004698, 495.3344268742088], [0.0, 0.0, 1.0]], [[1256.7414812095406, 0.0, 792.1125740759628], [0.0, 1256.7414812095406, 492.7757465151356], [0.0, 0.0, 1.0]], [[809.2209905677063, 0.0, 829.2196003259838], [0.0, 809.2209905677063, 481.77842384512485], [0.0, 0.0, 1.0]], [[1259.5137405846733, 0.0, 807.2529053838625], [0.0, 1259.5137405846733, 501.19579884916527], [0.0, 0.0, 1.0]]], "extrinsics": [[[0.8221854567527771, -0.5676115155220032, 0.04275679960846901, -0.8095703125], [0.010714014992117882, -0.05966975912451744, -0.9981606602668762, 1.5102958679199219], [0.5691187977790833, 0.8211312890052795, -0.04297821596264839, -1.17315673828125], [0.0, 0.0, 0.0, 1.0]], [[0.0076935687102377415, -0.9979323148727417, 0.06381118297576904, 0.0066986083984375], [0.0053772516548633575, -0.06377086043357849, -0.9979501366615295, 1.521392822265625], [0.9999558925628662, 0.008020916022360325, 0.0048755076713860035, -1.5367431640625], [0.0, 0.0, 0.0, 1.0]], [[-0.8319674730300903, -0.554570198059082, 0.016790222376585007, 0.9320068359375], [0.010931231081485748, -0.046640392392873764, -0.9988518953323364, 1.504983901977539], [0.5547166466712952, -0.830828845500946, 0.044865429401397705, -1.1812744140625], [0.0, 0.0, 0.0, 1.0]], [[0.9477907419204712, 0.3188295066356659, -0.006362724117934704, -1.1402587890625], [0.01935366727411747, -0.07742588222026825, -0.9968101978302002, 1.5886116027832031], [-0.3183051347732544, 0.9446443319320679, -0.07955405116081238, -0.1044921875], [0.0, 0.0, 0.0, 1.0]], [[0.002237990265712142, 0.9977341294288635, -0.06724254041910172, 0.002777099609375], [-0.005914901848882437, -0.06722832471132278, -0.9977200627326965, 1.5790973901748657], [-0.9999799728393555, 0.002630611415952444, 0.0057510435581207275, -0.04345703125], [0.0, 0.0, 0.0, 1.0]], [[-0.9349254965782166, 0.3521879315376282, -0.04333440959453583, 1.0545654296875], [0.02678992599248886, -0.05171743407845497, -0.9983024001121521, 1.553802490234375], [-0.3538312315940857, -0.9344993233680725, 0.03891686350107193, -0.094207763671875], [0.0, 0.0, 0.0, 1.0]]], "view": [[0.0, -2.0, 100.0], [-2.0, 0.0, 100.0], [0.0, 0.0, 1.0]], "bev": "bev_4c8cfe9867954dccb644246b04445663.png", "aux": "aux_4c8cfe9867954dccb644246b04445663.npz", "visibility": "visibility_4c8cfe9867954dccb644246b04445663.png", "pose": [[0.08087044954299927, -0.9967246055603027, 0.0, 386.4109191894531], [0.9967246055603027, 0.08087044954299927, 0.0, 1989.71435546875], [0.0, 0.0, 1.0, 0.0], [0.0, 0.0, 0.0, 1.0]], "pose_inverse": [[0.08087044954299927, 0.9967246055603027, 0.0, -2014.446533203125], [-0.9967246055603027, 0.08087044954299927, 0.0, 224.23617553710938], [0.0, 0.0, 1.0, 0.0], [0.0, 0.0, 0.0, 1.0]], "cam_ids": [0, 1, 2, 3, 4, 5], "cam_channels": ["CAM_FRONT_LEFT", "CAM_FRONT", "CAM_FRONT_RIGHT", "CAM_BACK_LEFT", "CAM_BACK", "CAM_BACK_RIGHT"], "token": "4c8cfe9867954dccb644246b04445663", "scene": "scene-1018"}, {"images": ["samples/CAM_FRONT_LEFT/n015-2018-11-14-19-09-14+0800__CAM_FRONT_LEFT__1542194076104844.jpg", "samples/CAM_FRONT/n015-2018-11-14-19-09-14+0800__CAM_FRONT__1542194076112460.jpg", "samples/CAM_FRONT_RIGHT/n015-2018-11-14-19-09-14+0800__CAM_FRONT_RIGHT__1542194076120339.jpg", "samples/CAM_BACK_LEFT/n015-2018-11-14-19-09-14+0800__CAM_BACK_LEFT__1542194076147423.jpg", "samples/CAM_BACK/n015-2018-11-14-19-09-14+0800__CAM_BACK__1542194076137525.jpg", "samples/CAM_BACK_RIGHT/n015-2018-11-14-19-09-14+0800__CAM_BACK_RIGHT__1542194076127893.jpg"], "intrinsics": [[[1272.5979470598488, 0.0, 826.6154927353808], [0.0, 1272.5979470598488, 479.75165386361925], [0.0, 0.0, 1.0]], [[1266.417203046554, 0.0, 816.2670197447984], [0.0, 1266.417203046554, 491.50706579294757], [0.0, 0.0, 1.0]], [[1260.8474446004698, 0.0, 807.968244525554], [0.0, 1260.8474446004698, 495.3344268742088], [0.0, 0.0, 1.0]], [[1256.7414812095406, 0.0, 792.1125740759628], [0.0, 1256.7414812095406, 492.7757465151356], [0.0, 0.0, 1.0]], [[809.2209905677063, 0.0, 829.2196003259838], [0.0, 809.2209905677063, 481.77842384512485], [0.0, 0.0, 1.0]], [[1259.5137405846733, 0.0, 807.2529053838625], [0.0, 1259.5137405846733, 501.19579884916527], [0.0, 0.0, 1.0]]], "extrinsics": [[[0.8223208785057068, -0.5672642588615417, 0.044716596603393555, -0.80224609375], [0.00846814550459385, -0.06637618690729141, -0.9977587461471558, 1.5099506378173828], [0.5689610242843628, 0.820856511592865, -0.04977885261178017, -1.1680908203125], [0.0, 0.0, 0.0, 1.0]], [[0.00792346615344286, -0.9974772930145264, 0.07054289430379868, 0.006744384765625], [0.0032042483799159527, -0.07051941752433777, -0.9975053071975708, 1.5210819244384766], [0.9999634027481079, 0.008129715919494629, 0.0026374063454568386, -1.5296630859375], [0.0, 0.0, 0.0, 1.0]], [[-0.8318775296211243, -0.5545104146003723, 0.02230997569859028, 0.9273681640625], [0.00882001779973507, -0.05340646579861641, -0.9985339045524597, 1.5047798156738281], [0.5548889636993408, -0.8304612636566162, 0.04931843653321266, -1.1778564453125], [0.0, 0.0, 0.0, 1.0]], [[0.9477847218513489, 0.3187479078769684, -0.010192415677011013, -1.1397705078125], [0.017502624541521072, -0.08390213549137115, -0.9963202476501465, 1.5886001586914062], [-0.3184301257133484, 0.9441187381744385, -0.08510009199380875, -0.10455322265625], [0.0, 0.0, 0.0, 1.0]], [[0.002005100715905428, 0.9972652792930603, -0.0738774836063385, 0.0027313232421875], [-0.007881777361035347, -0.0738595724105835, -0.997237503528595, 1.578995704650879], [-0.9999668598175049, 0.0025818590074777603, 0.007712129503488541, -0.0460205078125], [0.0, 0.0, 0.0, 1.0]], [[-0.935056209564209, 0.35178515315055847, -0.043785460293293, 1.050048828125], [0.02474181167781353, -0.05845097452402115, -0.9979836344718933, 1.5537452697753906], [-0.35363513231277466, -0.9342541098594666, 0.04595114290714264, -0.09588623046875], [0.0, 0.0, 0.0, 1.0]]], "view": [[0.0, -2.0, 100.0], [-2.0, 0.0, 100.0], [0.0, 0.0, 1.0]], "bev": "bev_9cfb77d3745f4cac970196b2757b357c.png", "aux": "aux_9cfb77d3745f4cac970196b2757b357c.npz", "visibility": "visibility_9cfb77d3745f4cac970196b2757b357c.png", "pose": [[0.11282774806022644, -0.9936145544052124, 0.0, 386.61083984375], [0.9936145544052124, 0.11282774806022644, 0.0, 1991.673583984375], [0.0, 0.0, 1.0, 0.0], [0.0, 0.0, 0.0, 1.0]], "pose_inverse": [[0.11282774806022644, 0.9936145544052124, 0.0, -2022.5762939453125], [-0.9936145544052124, 0.11282774806022644, 0.0, 159.42611694335938], [0.0, 0.0, 1.0, 0.0], [0.0, 0.0, 0.0, 1.0]], "cam_ids": [0, 1, 2, 3, 4, 5], "cam_channels": ["CAM_FRONT_LEFT", "CAM_FRONT", "CAM_FRONT_RIGHT", "CAM_BACK_LEFT", "CAM_BACK", "CAM_BACK_RIGHT"], "token": "9cfb77d3745f4cac970196b2757b357c", "scene": "scene-1018"}, {"images": ["samples/CAM_FRONT_LEFT/n015-2018-11-14-19-09-14+0800__CAM_FRONT_LEFT__1542194076654844.jpg", "samples/CAM_FRONT/n015-2018-11-14-19-09-14+0800__CAM_FRONT__1542194076662460.jpg", "samples/CAM_FRONT_RIGHT/n015-2018-11-14-19-09-14+0800__CAM_FRONT_RIGHT__1542194076670339.jpg", "samples/CAM_BACK_LEFT/n015-2018-11-14-19-09-14+0800__CAM_BACK_LEFT__1542194076697423.jpg", "samples/CAM_BACK/n015-2018-11-14-19-09-14+0800__CAM_BACK__1542194076687525.jpg", "samples/CAM_BACK_RIGHT/n015-2018-11-14-19-09-14+0800__CAM_BACK_RIGHT__1542194076677893.jpg"], "intrinsics": [[[1272.5979470598488, 0.0, 826.6154927353808], [0.0, 1272.5979470598488, 479.75165386361925], [0.0, 0.0, 1.0]], [[1266.417203046554, 0.0, 816.2670197447984], [0.0, 1266.417203046554, 491.50706579294757], [0.0, 0.0, 1.0]], [[1260.8474446004698, 0.0, 807.968244525554], [0.0, 1260.8474446004698, 495.3344268742088], [0.0, 0.0, 1.0]], [[1256.7414812095406, 0.0, 792.1125740759628], [0.0, 1256.7414812095406, 492.7757465151356], [0.0, 0.0, 1.0]], [[809.2209905677063, 0.0, 829.2196003259838], [0.0, 809.2209905677063, 481.77842384512485], [0.0, 0.0, 1.0]], [[1259.5137405846733, 0.0, 807.2529053838625], [0.0, 1259.5137405846733, 501.19579884916527], [0.0, 0.0, 1.0]]], "extrinsics": [[[0.8227794766426086, -0.5660855770111084, 0.050804704427719116, -0.79931640625], [0.010909910313785076, -0.07364130020141602, -0.9972251057624817, 1.5104255676269531], [0.5682560801506042, 0.8210506439208984, -0.05441460758447647, -1.165771484375], [0.0, 0.0, 0.0, 1.0]], [[0.008568508550524712, -0.996934175491333, 0.07777527719736099, 0.00630950927734375], [0.00558925187215209, -0.07772918045520782, -0.99695885181427, 1.5214452743530273], [0.9999476671218872, 0.008977150544524193, 0.0049060918390750885, -1.5264892578125], [0.0, 0.0, 0.0, 1.0]], [[-0.831576406955719, -0.5548767447471619, 0.024342237040400505, 0.9246826171875], [0.011160463094711304, -0.06051233410835266, -0.9981050491333008, 1.5050849914550781], [0.5552982687950134, -0.8297289609909058, 0.05651330575346947, -1.1767578125], [0.0, 0.0, 0.0, 1.0]], [[0.9477576017379761, 0.31883570551872253, -0.009964140132069588, -1.1396484375], [0.019983775913715363, -0.09052000194787979, -0.995694100856781, 1.5886192321777344], [-0.31836479902267456, 0.9434776306152344, -0.09216257184743881, -0.10455322265625], [0.0, 0.0, 0.0, 1.0]], [[0.0018894895911216736, 0.9967369437217712, -0.08069682121276855, 0.0029296875], [-0.005499323830008507, -0.08068539202213287, -0.9967244863510132, 1.5790820121765137], [-0.9999830722808838, 0.0023270940873771906, 0.0053289239294826984, -0.0477294921875], [0.0, 0.0, 0.0, 1.0]], [[-0.9351150989532471, 0.35102203488349915, -0.04840580374002457, 1.04833984375], [0.027079345658421516, -0.06541479378938675, -0.9974907040596008, 1.5539970397949219], [-0.35330766439437866, -0.9340794682502747, 0.05166491121053696, -0.0970458984375], [0.0, 0.0, 0.0, 1.0]]], "view": [[0.0, -2.0, 100.0], [-2.0, 0.0, 100.0], [0.0, 0.0, 1.0]], "bev": "bev_99bcb06196bb4974bd600b4fc553caad.png", "aux": "aux_99bcb06196bb4974bd600b4fc553caad.npz", "visibility": "visibility_99bcb06196bb4974bd600b4fc553caad.png", "pose": [[0.15396836400032043, -0.9880757927894592, 0.0, 386.949951171875], [0.9880757927894592, 0.15396836400032043, 0.0, 1994.185302734375], [0.0, 0.0, 1.0, 0.0], [0.0, 0.0, 0.0, 1.0]], "pose_inverse": [[0.15396836400032043, 0.9880757927894592, 0.0, -2029.9842529296875], [-0.9880757927894592, 0.15396836400032043, 0.0, 75.29441833496094], [0.0, 0.0, 1.0, 0.0], [0.0, 0.0, 0.0, 1.0]], "cam_ids": [0, 1, 2, 3, 4, 5], "cam_channels": ["CAM_FRONT_LEFT", "CAM_FRONT", "CAM_FRONT_RIGHT", "CAM_BACK_LEFT", "CAM_BACK", "CAM_BACK_RIGHT"], "token": "99bcb06196bb4974bd600b4fc553caad", "scene": "scene-1018"}, {"images": ["samples/CAM_FRONT_LEFT/n015-2018-11-14-19-09-14+0800__CAM_FRONT_LEFT__1542194077154844.jpg", "samples/CAM_FRONT/n015-2018-11-14-19-09-14+0800__CAM_FRONT__1542194077162460.jpg", "samples/CAM_FRONT_RIGHT/n015-2018-11-14-19-09-14+0800__CAM_FRONT_RIGHT__1542194077170339.jpg", "samples/CAM_BACK_LEFT/n015-2018-11-14-19-09-14+0800__CAM_BACK_LEFT__1542194077197423.jpg", "samples/CAM_BACK/n015-2018-11-14-19-09-14+0800__CAM_BACK__1542194077187525.jpg", "samples/CAM_BACK_RIGHT/n015-2018-11-14-19-09-14+0800__CAM_BACK_RIGHT__1542194077177893.jpg"], "intrinsics": [[[1272.5979470598488, 0.0, 826.6154927353808], [0.0, 1272.5979470598488, 479.75165386361925], [0.0, 0.0, 1.0]], [[1266.417203046554, 0.0, 816.2670197447984], [0.0, 1266.417203046554, 491.50706579294757], [0.0, 0.0, 1.0]], [[1260.8474446004698, 0.0, 807.968244525554], [0.0, 1260.8474446004698, 495.3344268742088], [0.0, 0.0, 1.0]], [[1256.7414812095406, 0.0, 792.1125740759628], [0.0, 1256.7414812095406, 492.7757465151356], [0.0, 0.0, 1.0]], [[809.2209905677063, 0.0, 829.2196003259838], [0.0, 809.2209905677063, 481.77842384512485], [0.0, 0.0, 1.0]], [[1259.5137405846733, 0.0, 807.2529053838625], [0.0, 1259.5137405846733, 501.19579884916527], [0.0, 0.0, 1.0]]], "extrinsics": [[[0.8236935138702393, -0.5642821788787842, 0.055808261036872864, -0.7918701171875], [0.014363899827003479, -0.07762541621923447, -0.9968791604042053, 1.5112037658691406], [0.5668532252311707, 0.8219245076179504, -0.05583426356315613, -1.159912109375], [0.0, 0.0, 0.0, 1.0]], [[0.009917067363858223, -0.9965882897377014, 0.08193497359752655, 0.0060482025146484375], [0.009343225508928299, -0.0818430706858635, -0.9966014623641968, 1.5220985412597656], [0.9999071359634399, 0.010648910887539387, 0.008499705232679844, -1.51806640625], [0.0, 0.0, 0.0, 1.0]], [[-0.8309208750724792, -0.5558950901031494, 0.02347230724990368, 0.9190673828125], [0.015137329697608948, -0.06475730240345001, -0.9977862238883972, 1.5056743621826172], [0.5561844110488892, -0.8287261724472046, 0.062222979962825775, -1.1734619140625], [0.0, 0.0, 0.0, 1.0]], [[0.947766900062561, 0.3188830018043518, -0.007174442056566477, -1.136962890625], [0.024401752278208733, -0.09491592645645142, -0.9951861500740051, 1.588714599609375], [-0.31802889704704285, 0.9430294632911682, -0.09773950278759003, -0.105712890625], [0.0, 0.0, 0.0, 1.0]], [[0.0015785418218001723, 0.9963675141334534, -0.08514215797185898, 0.0030975341796875], [-0.0011659121373668313, -0.08514036983251572, -0.9963682889938354, 1.5792803764343262], [-0.9999980330467224, 0.0016720592975616455, 0.0010272827930748463, -0.0513916015625], [0.0, 0.0, 0.0, 1.0]], [[-0.9352745413780212, 0.3498170077800751, -0.05375507473945618, 1.0428466796875], [0.03122093342244625, -0.06974436342716217, -0.9970762133598328, 1.554534912109375], [-0.35254335403442383, -0.9342182278633118, 0.054308515042066574, -0.09918212890625], [0.0, 0.0, 0.0, 1.0]]], "view": [[0.0, -2.0, 100.0], [-2.0, 0.0, 100.0], [0.0, 0.0, 1.0]], "bev": "bev_30565769163f441cae2d1b6e45d73f08.png", "aux": "aux_30565769163f441cae2d1b6e45d73f08.npz", "visibility": "visibility_30565769163f441cae2d1b6e45d73f08.png", "pose": [[0.21126307547092438, -0.977429211139679, 0.0, 387.3768310546875], [0.977429211139679, 0.21126307547092438, 0.0, 1996.5035400390625], [0.0, 0.0, 1.0, 0.0], [0.0, 0.0, 0.0, 1.0]], "pose_inverse": [[0.21126307547092438, 0.977429211139679, 0.0, -2033.279296875], [-0.977429211139679, 0.21126307547092438, 0.0, -43.15404510498047], [0.0, 0.0, 1.0, 0.0], [0.0, 0.0, 0.0, 1.0]], "cam_ids": [0, 1, 2, 3, 4, 5], "cam_channels": ["CAM_FRONT_LEFT", "CAM_FRONT", "CAM_FRONT_RIGHT", "CAM_BACK_LEFT", "CAM_BACK", "CAM_BACK_RIGHT"], "token": "30565769163f441cae2d1b6e45d73f08", "scene": "scene-1018"}, {"images": ["samples/CAM_FRONT_LEFT/n015-2018-11-14-19-09-14+0800__CAM_FRONT_LEFT__1542194077654844.jpg", "samples/CAM_FRONT/n015-2018-11-14-19-09-14+0800__CAM_FRONT__1542194077662460.jpg", "samples/CAM_FRONT_RIGHT/n015-2018-11-14-19-09-14+0800__CAM_FRONT_RIGHT__1542194077670339.jpg", "samples/CAM_BACK_LEFT/n015-2018-11-14-19-09-14+0800__CAM_BACK_LEFT__1542194077697423.jpg", "samples/CAM_BACK/n015-2018-11-14-19-09-14+0800__CAM_BACK__1542194077687985.jpg", "samples/CAM_BACK_RIGHT/n015-2018-11-14-19-09-14+0800__CAM_BACK_RIGHT__1542194077677893.jpg"], "intrinsics": [[[1272.5979470598488, 0.0, 826.6154927353808], [0.0, 1272.5979470598488, 479.75165386361925], [0.0, 0.0, 1.0]], [[1266.417203046554, 0.0, 816.2670197447984], [0.0, 1266.417203046554, 491.50706579294757], [0.0, 0.0, 1.0]], [[1260.8474446004698, 0.0, 807.968244525554], [0.0, 1260.8474446004698, 495.3344268742088], [0.0, 0.0, 1.0]], [[1256.7414812095406, 0.0, 792.1125740759628], [0.0, 1256.7414812095406, 492.7757465151356], [0.0, 0.0, 1.0]], [[809.2209905677063, 0.0, 829.2196003259838], [0.0, 809.2209905677063, 481.77842384512485], [0.0, 0.0, 1.0]], [[1259.5137405846733, 0.0, 807.2529053838625], [0.0, 1259.5137405846733, 501.19579884916527], [0.0, 0.0, 1.0]]], "extrinsics": [[[0.8241385817527771, -0.5621734857559204, 0.06896799057722092, -0.7977294921875], [0.028727523982524872, -0.08012162148952484, -0.9963710308074951, 1.514007568359375], [0.5656591653823853, 0.8231291174888611, -0.0498814657330513, -1.1640625], [0.0, 0.0, 0.0, 1.0]], [[0.010762874037027359, -0.9963750243186951, 0.08438581973314285, 0.0059051513671875], [0.023442324250936508, -0.08411609381437302, -0.9961801767349243, 1.5244026184082031], [0.999667227268219, 0.012699933722615242, 0.022452013567090034, -1.5240478515625], [0.0, 0.0, 0.0, 1.0]], [[-0.830254316329956, -0.5572274923324585, 0.013236520811915398, 0.9228515625], [0.028964532539248466, -0.06684751063585281, -0.9973427057266235, 1.507415771484375], [0.5566316246986389, -0.8276646733283997, 0.07164027541875839, -1.17596435546875], [0.0, 0.0, 0.0, 1.0]], [[0.9476407766342163, 0.31930556893348694, 0.00457407534122467, -1.138671875], [0.03746522590517998, -0.0969424620270729, -0.9945846199989319, 1.5887489318847656], [-0.31713294982910156, 0.942680299282074, -0.10382948815822601, -0.105377197265625], [0.0, 0.0, 0.0, 1.0]], [[0.00199703685939312, 0.9962007403373718, -0.08706478774547577, 0.0030975341796875], [0.0121467849239707, -0.08708270639181137, -0.9961270689964294, 1.5799331665039062], [-0.9999241828918457, 0.0009317899821326137, -0.012274546548724174, -0.0472412109375], [0.0, 0.0, 0.0, 1.0]], [[-0.934903085231781, 0.34849458932876587, -0.06713993102312088, 1.04638671875], [0.04482131823897362, -0.07172500342130661, -0.9964169263839722, 1.5557403564453125], [-0.3520614206790924, -0.934562623500824, 0.05143594741821289, -0.09796142578125], [0.0, 0.0, 0.0, 1.0]]], "view": [[0.0, -2.0, 100.0], [-2.0, 0.0, 100.0], [0.0, 0.0, 1.0]], "bev": "bev_f138c7c72264443887afc9c649f17a44.png", "aux": "aux_f138c7c72264443887afc9c649f17a44.npz", "visibility": "visibility_f138c7c72264443887afc9c649f17a44.png", "pose": [[0.29020270705223083, -0.9569652080535889, 0.0, 387.9775390625], [0.9569652080535889, 0.29020270705223083, 0.0, 1998.8148193359375], [0.0, 0.0, 1.0, 0.0], [0.0, 0.0, 0.0, 1.0]], "pose_inverse": [[0.29020270705223083, 0.9569652080535889, 0.0, -2025.3883056640625], [-0.9569652080535889, 0.29020270705223083, 0.0, -208.78048706054688], [0.0, 0.0, 1.0, 0.0], [0.0, 0.0, 0.0, 1.0]], "cam_ids": [0, 1, 2, 3, 4, 5], "cam_channels": ["CAM_FRONT_LEFT", "CAM_FRONT", "CAM_FRONT_RIGHT", "CAM_BACK_LEFT", "CAM_BACK", "CAM_BACK_RIGHT"], "token": "f138c7c72264443887afc9c649f17a44", "scene": "scene-1018"}, {"images": ["samples/CAM_FRONT_LEFT/n015-2018-11-14-19-09-14+0800__CAM_FRONT_LEFT__1542194078254844.jpg", "samples/CAM_FRONT/n015-2018-11-14-19-09-14+0800__CAM_FRONT__1542194078262460.jpg", "samples/CAM_FRONT_RIGHT/n015-2018-11-14-19-09-14+0800__CAM_FRONT_RIGHT__1542194078270339.jpg", "samples/CAM_BACK_LEFT/n015-2018-11-14-19-09-14+0800__CAM_BACK_LEFT__1542194078297423.jpg", "samples/CAM_BACK/n015-2018-11-14-19-09-14+0800__CAM_BACK__1542194078287525.jpg", "samples/CAM_BACK_RIGHT/n015-2018-11-14-19-09-14+0800__CAM_BACK_RIGHT__1542194078277893.jpg"], "intrinsics": [[[1272.5979470598488, 0.0, 826.6154927353808], [0.0, 1272.5979470598488, 479.75165386361925], [0.0, 0.0, 1.0]], [[1266.417203046554, 0.0, 816.2670197447984], [0.0, 1266.417203046554, 491.50706579294757], [0.0, 0.0, 1.0]], [[1260.8474446004698, 0.0, 807.968244525554], [0.0, 1260.8474446004698, 495.3344268742088], [0.0, 0.0, 1.0]], [[1256.7414812095406, 0.0, 792.1125740759628], [0.0, 1256.7414812095406, 492.7757465151356], [0.0, 0.0, 1.0]], [[809.2209905677063, 0.0, 829.2196003259838], [0.0, 809.2209905677063, 481.77842384512485], [0.0, 0.0, 1.0]], [[1259.5137405846733, 0.0, 807.2529053838625], [0.0, 1259.5137405846733, 501.19579884916527], [0.0, 0.0, 1.0]]], "extrinsics": [[[0.8256207704544067, -0.560591459274292, 0.06393470615148544, -0.794677734375], [0.028190791606903076, -0.07218720018863678, -0.9969925880432129, 1.5138835906982422], [0.5635207891464233, 0.824940025806427, -0.04379573091864586, -1.160400390625], [0.0, 0.0, 0.0, 1.0]], [[0.012979328632354736, -0.9969885945320129, 0.07645397633314133, 0.00469970703125], [0.022628191858530045, -0.07614798098802567, -0.9968397617340088, 1.5242185592651367], [0.9996597170829773, 0.014668378047645092, 0.021571695804595947, -1.5206298828125], [0.0, 0.0, 0.0, 1.0]], [[-0.8292796611785889, -0.5587480068206787, 0.009794104844331741, 0.9207763671875], [0.027833404019474983, -0.058801159262657166, -0.9978815913200378, 1.5072479248046875], [0.558140218257904, -0.8272503018379211, 0.06431446969509125, -1.1759033203125], [0.0, 0.0, 0.0, 1.0]], [[0.9475340843200684, 0.3196112811565399, 0.005268995650112629, -1.1387939453125], [0.03547383472323418, -0.08875717222690582, -0.9954214096069336, 1.5887622833251953], [-0.3176802694797516, 0.9433825612068176, -0.09543827921152115, -0.1056671142578125], [0.0, 0.0, 0.0, 1.0]], [[0.000926096981856972, 0.9968802332878113, -0.07892374694347382, 0.003570556640625], [0.010490300133824348, -0.0789291188120842, -0.9968250393867493, 1.5798320770263672], [-0.9999445676803589, 9.522376785753295e-05, -0.010530666448175907, -0.04833984375], [0.0, 0.0, 0.0, 1.0]], [[-0.9354634284973145, 0.3477703630924225, -0.06295955926179886, 1.046142578125], [0.04345826432108879, -0.06360192596912384, -0.9970287084579468, 1.5555648803710938], [-0.35074135661125183, -0.9354200959205627, 0.04438377916812897, -0.0987548828125], [0.0, 0.0, 0.0, 1.0]]], "view": [[0.0, -2.0, 100.0], [-2.0, 0.0, 100.0], [0.0, 0.0, 1.0]], "bev": "bev_05f963fe328341448a534583d85da191.png", "aux": "aux_05f963fe328341448a534583d85da191.npz", "visibility": "visibility_05f963fe328341448a534583d85da191.png", "pose": [[0.40662509202957153, -0.9135951399803162, 0.0, 388.96307373046875], [0.9135951399803162, 0.40662509202957153, 0.0, 2001.5267333984375], [0.0, 0.0, 1.0, 0.0], [0.0, 0.0, 0.0, 1.0]], "pose_inverse": [[0.40662509202957153, 0.9135951399803162, 0.0, -1986.7471923828125], [-0.9135951399803162, 0.40662509202957153, 0.0, -458.5162353515625], [0.0, 0.0, 1.0, 0.0], [0.0, 0.0, 0.0, 1.0]], "cam_ids": [0, 1, 2, 3, 4, 5], "cam_channels": ["CAM_FRONT_LEFT", "CAM_FRONT", "CAM_FRONT_RIGHT", "CAM_BACK_LEFT", "CAM_BACK", "CAM_BACK_RIGHT"], "token": "05f963fe328341448a534583d85da191", "scene": "scene-1018"}, {"images": ["samples/CAM_FRONT_LEFT/n015-2018-11-14-19-09-14+0800__CAM_FRONT_LEFT__1542194078754844.jpg", "samples/CAM_FRONT/n015-2018-11-14-19-09-14+0800__CAM_FRONT__1542194078762460.jpg", "samples/CAM_FRONT_RIGHT/n015-2018-11-14-19-09-14+0800__CAM_FRONT_RIGHT__1542194078770339.jpg", "samples/CAM_BACK_LEFT/n015-2018-11-14-19-09-14+0800__CAM_BACK_LEFT__1542194078797423.jpg", "samples/CAM_BACK/n015-2018-11-14-19-09-14+0800__CAM_BACK__1542194078787525.jpg", "samples/CAM_BACK_RIGHT/n015-2018-11-14-19-09-14+0800__CAM_BACK_RIGHT__1542194078777893.jpg"], "intrinsics": [[[1272.5979470598488, 0.0, 826.6154927353808], [0.0, 1272.5979470598488, 479.75165386361925], [0.0, 0.0, 1.0]], [[1266.417203046554, 0.0, 816.2670197447984], [0.0, 1266.417203046554, 491.50706579294757], [0.0, 0.0, 1.0]], [[1260.8474446004698, 0.0, 807.968244525554], [0.0, 1260.8474446004698, 495.3344268742088], [0.0, 0.0, 1.0]], [[1256.7414812095406, 0.0, 792.1125740759628], [0.0, 1256.7414812095406, 492.7757465151356], [0.0, 0.0, 1.0]], [[809.2209905677063, 0.0, 829.2196003259838], [0.0, 809.2209905677063, 481.77842384512485], [0.0, 0.0, 1.0]], [[1259.5137405846733, 0.0, 807.2529053838625], [0.0, 1259.5137405846733, 501.19579884916527], [0.0, 0.0, 1.0]]], "extrinsics": [[[0.8261641263961792, -0.560757577419281, 0.05480734631419182, -0.7978515625], [0.02257036603987217, -0.06425817310810089, -0.9976780414581299, 1.512782335281372], [0.5629773736000061, 0.8254827857017517, -0.040431298315525055, -1.1656494140625], [0.0, 0.0, 0.0, 1.0]], [[0.013606077060103416, -0.9975633025169373, 0.06842705607414246, 0.0068359375], [0.01731179840862751, -0.0681881234049797, -0.9975222945213318, 1.523371696472168], [0.9997574687004089, 0.014756975695490837, 0.016341840848326683, -1.5263671875], [0.0, 0.0, 0.0, 1.0]], [[-0.8291717767715454, -0.5589137077331543, 0.009466202929615974, 0.9256591796875], [0.02282782830297947, -0.05077654868364334, -0.9984490871429443, 1.506546974182129], [0.5585275292396545, -0.8276696801185608, 0.05486127361655235, -1.177398681640625], [0.0, 0.0, 0.0, 1.0]], [[0.9474814534187317, 0.31978219747543335, 0.004279821179807186, -1.1402587890625], [0.031658902764320374, -0.08046863228082657, -0.9962542653083801, 1.5886778831481934], [-0.3182399868965149, 0.9440678954124451, -0.08636648952960968, -0.10504531860351562], [0.0, 0.0, 0.0, 1.0]], [[0.0004452570283319801, 0.9974943399429321, -0.07074583321809769, 0.00299072265625], [0.006230010185390711, -0.0707472413778305, -0.9974748492240906, 1.5796432495117188], [-0.9999804496765137, 3.3918838653335115e-06, -0.006245899014174938, -0.0460205078125], [0.0, 0.0, 0.0, 1.0]], [[-0.9357869029045105, 0.3481336832046509, -0.05573003366589546, 1.0494384765625], [0.038770176470279694, -0.05550038069486618, -0.9977056384086609, 1.5550346374511719], [-0.3504280149936676, -0.9358005523681641, 0.0384393148124218, -0.0963134765625], [0.0, 0.0, 0.0, 1.0]]], "view": [[0.0, -2.0, 100.0], [-2.0, 0.0, 100.0], [0.0, 0.0, 1.0]], "bev": "bev_4b46e9944c6349bb9d6e3d7c5325db05.png", "aux": "aux_4b46e9944c6349bb9d6e3d7c5325db05.npz", "visibility": "visibility_4b46e9944c6349bb9d6e3d7c5325db05.png", "pose": [[0.5116556882858276, -0.8591905832290649, 0.0, 390.057861328125], [0.8591905832290649, 0.5116556882858276, 0.0, 2003.6480712890625], [0.0, 0.0, 1.0, 0.0], [0.0, 0.0, 0.0, 1.0]], "pose_inverse": [[0.5116556882858276, 0.8591905832290649, 0.0, -1921.0908203125], [-0.8591905832290649, 0.5116556882858276, 0.0, -690.0439453125], [0.0, 0.0, 1.0, 0.0], [0.0, 0.0, 0.0, 1.0]], "cam_ids": [0, 1, 2, 3, 4, 5], "cam_channels": ["CAM_FRONT_LEFT", "CAM_FRONT", "CAM_FRONT_RIGHT", "CAM_BACK_LEFT", "CAM_BACK", "CAM_BACK_RIGHT"], "token": "4b46e9944c6349bb9d6e3d7c5325db05", "scene": "scene-1018"}, {"images": ["samples/CAM_FRONT_LEFT/n015-2018-11-14-19-09-14+0800__CAM_FRONT_LEFT__1542194079254844.jpg", "samples/CAM_FRONT/n015-2018-11-14-19-09-14+0800__CAM_FRONT__1542194079262460.jpg", "samples/CAM_FRONT_RIGHT/n015-2018-11-14-19-09-14+0800__CAM_FRONT_RIGHT__1542194079270339.jpg", "samples/CAM_BACK_LEFT/n015-2018-11-14-19-09-14+0800__CAM_BACK_LEFT__1542194079297423.jpg", "samples/CAM_BACK/n015-2018-11-14-19-09-14+0800__CAM_BACK__1542194079287525.jpg", "samples/CAM_BACK_RIGHT/n015-2018-11-14-19-09-14+0800__CAM_BACK_RIGHT__1542194079277893.jpg"], "intrinsics": [[[1272.5979470598488, 0.0, 826.6154927353808], [0.0, 1272.5979470598488, 479.75165386361925], [0.0, 0.0, 1.0]], [[1266.417203046554, 0.0, 816.2670197447984], [0.0, 1266.417203046554, 491.50706579294757], [0.0, 0.0, 1.0]], [[1260.8474446004698, 0.0, 807.968244525554], [0.0, 1260.8474446004698, 495.3344268742088], [0.0, 0.0, 1.0]], [[1256.7414812095406, 0.0, 792.1125740759628], [0.0, 1256.7414812095406, 492.7757465151356], [0.0, 0.0, 1.0]], [[809.2209905677063, 0.0, 829.2196003259838], [0.0, 809.2209905677063, 481.77842384512485], [0.0, 0.0, 1.0]], [[1259.5137405846733, 0.0, 807.2529053838625], [0.0, 1259.5137405846733, 501.19579884916527], [0.0, 0.0, 1.0]]], "extrinsics": [[[0.8267210721969604, -0.5603051781654358, 0.050896890461444855, -0.79656982421875], [0.024121230468153954, -0.055082935839891434, -0.9981903433799744, 1.513101577758789], [0.5620946884155273, 0.8264526128768921, -0.03202296793460846, -1.1640625], [0.0, 0.0, 0.0, 1.0]], [[0.014592232182621956, -0.9981419444084167, 0.059157244861125946, 0.0064697265625], [0.018689438700675964, -0.058880940079689026, -0.9980900883674622, 1.5236225128173828], [0.9997187852859497, 0.01567002944648266, 0.017795508727431297, -1.5234375], [0.0, 0.0, 0.0, 1.0]], [[-0.8286147117614746, -0.5598098039627075, 0.003237668890506029, 0.9228515625], [0.024007296189665794, -0.041311826556921005, -0.9988577961921692, 1.5067782402038574], [0.5593040585517883, -0.8275906443595886, 0.0476711131632328, -1.1757354736328125], [0.0, 0.0, 0.0, 1.0]], [[0.9474336504936218, 0.3198545575141907, 0.007902687415480614, -1.13818359375], [0.03214593976736069, -0.07058604061603546, -0.9969875812530518, 1.5887436866760254], [-0.3183332085609436, 0.9448336958885193, -0.07715762406587601, -0.105804443359375], [0.0, 0.0, 0.0, 1.0]], [[-2.893647615564987e-05, 0.9981353878974915, -0.0610385462641716, 0.00311279296875], [0.006977803539484739, -0.0610368587076664, -0.9981111288070679, 1.5796928405761719], [-0.9999756217002869, -0.00045470939949154854, -0.006963028106838465, -0.048583984375], [0.0, 0.0, 0.0, 1.0]], [[-0.9360129833221436, 0.34790804982185364, -0.05328815057873726, 1.0465087890625], [0.0397629551589489, -0.04590620845556259, -0.9981540441513062, 1.5552425384521484], [-0.34971198439598083, -0.9364040493965149, 0.02913495898246765, -0.0975341796875], [0.0, 0.0, 0.0, 1.0]]], "view": [[0.0, -2.0, 100.0], [-2.0, 0.0, 100.0], [0.0, 0.0, 1.0]], "bev": "bev_edac5fe98f0445688d91ad46c1bdd19b.png", "aux": "aux_edac5fe98f0445688d91ad46c1bdd19b.npz", "visibility": "visibility_edac5fe98f0445688d91ad46c1bdd19b.png", "pose": [[0.6145163178443909, -0.788904070854187, 0.0, 391.3965759277344], [0.788904070854187, 0.6145163178443909, 0.0, 2005.6162109375], [0.0, 0.0, 1.0, 0.0], [0.0, 0.0, 0.0, 1.0]], "pose_inverse": [[0.6145163178443909, 0.788904070854187, 0.0, -1822.7584228515625], [-0.788904070854187, 0.6145163178443909, 0.0, -923.7095947265625], [0.0, 0.0, 1.0, 0.0], [0.0, 0.0, 0.0, 1.0]], "cam_ids": [0, 1, 2, 3, 4, 5], "cam_channels": ["CAM_FRONT_LEFT", "CAM_FRONT", "CAM_FRONT_RIGHT", "CAM_BACK_LEFT", "CAM_BACK", "CAM_BACK_RIGHT"], "token": "edac5fe98f0445688d91ad46c1bdd19b", "scene": "scene-1018"}, {"images": ["samples/CAM_FRONT_LEFT/n015-2018-11-14-19-09-14+0800__CAM_FRONT_LEFT__1542194079754844.jpg", "samples/CAM_FRONT/n015-2018-11-14-19-09-14+0800__CAM_FRONT__1542194079762460.jpg", "samples/CAM_FRONT_RIGHT/n015-2018-11-14-19-09-14+0800__CAM_FRONT_RIGHT__1542194079770339.jpg", "samples/CAM_BACK_LEFT/n015-2018-11-14-19-09-14+0800__CAM_BACK_LEFT__1542194079797423.jpg", "samples/CAM_BACK/n015-2018-11-14-19-09-14+0800__CAM_BACK__1542194079787525.jpg", "samples/CAM_BACK_RIGHT/n015-2018-11-14-19-09-14+0800__CAM_BACK_RIGHT__1542194079777893.jpg"], "intrinsics": [[[1272.5979470598488, 0.0, 826.6154927353808], [0.0, 1272.5979470598488, 479.75165386361925], [0.0, 0.0, 1.0]], [[1266.417203046554, 0.0, 816.2670197447984], [0.0, 1266.417203046554, 491.50706579294757], [0.0, 0.0, 1.0]], [[1260.8474446004698, 0.0, 807.968244525554], [0.0, 1260.8474446004698, 495.3344268742088], [0.0, 0.0, 1.0]], [[1256.7414812095406, 0.0, 792.1125740759628], [0.0, 1256.7414812095406, 492.7757465151356], [0.0, 0.0, 1.0]], [[809.2209905677063, 0.0, 829.2196003259838], [0.0, 809.2209905677063, 481.77842384512485], [0.0, 0.0, 1.0]], [[1259.5137405846733, 0.0, 807.2529053838625], [0.0, 1259.5137405846733, 501.19579884916527], [0.0, 0.0, 1.0]]], "extrinsics": [[[0.8266891837120056, -0.5603876709938049, 0.050503168255090714, -0.78924560546875], [0.027943121269345284, -0.04875745251774788, -0.9984197020530701, 1.5141239166259766], [0.5619644522666931, 0.8267940282821655, -0.024648280814290047, -1.158203125], [0.0, 0.0, 0.0, 1.0]], [[0.01461048610508442, -0.9984879493713379, 0.05299381539225578, 0.0057373046875], [0.022685978561639786, -0.05265481397509575, -0.9983550906181335, 1.524435043334961], [0.9996358752250671, 0.01578870229423046, 0.02188236080110073, -1.5162353515625], [0.0, 0.0, 0.0, 1.0]], [[-0.8285051584243774, -0.5599696636199951, -0.003655102103948593, 0.91845703125], [0.02819158509373665, -0.03519027680158615, -0.9989829063415527, 1.5074529647827148], [0.5592714548110962, -0.8277654647827148, 0.04494175314903259, -1.173274040222168], [0.0, 0.0, 0.0, 1.0]], [[0.947357177734375, 0.319855660200119, 0.014380848035216331, -1.140625], [0.03703435882925987, -0.06485450267791748, -0.9972072839736938, 1.5886688232421875], [-0.31802964210510254, 0.9452440738677979, -0.0732860267162323, -0.10498046875], [0.0, 0.0, 0.0, 1.0]], [[0.00016224305727519095, 0.998478353023529, -0.0551457442343235, 0.0032958984375], [0.011622270569205284, -0.05514390021562576, -0.9984108209609985, 1.5799140930175781], [-0.9999325275421143, -0.0004789380182046443, -0.011613529175519943, -0.048583984375], [0.0, 0.0, 0.0, 1.0]], [[-0.9358240962028503, 0.34810033440589905, -0.05531269311904907, 1.0439453125], [0.04415734112262726, -0.039905548095703125, -0.9982272982597351, 1.5557670593261719], [-0.3496905267238617, -0.9366075992584229, 0.021973393857479095, -0.0989990234375], [0.0, 0.0, 0.0, 1.0]]], "view": [[0.0, -2.0, 100.0], [-2.0, 0.0, 100.0], [0.0, 0.0, 1.0]], "bev": "bev_d4847ff3289d44d59bbc39982281f6bb.png", "aux": "aux_d4847ff3289d44d59bbc39982281f6bb.npz", "visibility": "visibility_d4847ff3289d44d59bbc39982281f6bb.png", "pose": [[0.7126567363739014, -0.7015129327774048, 0.0, 393.0367736816406], [0.7015129327774048, 0.7126567363739014, 0.0, 2007.468017578125], [0.0, 0.0, 1.0, 0.0], [0.0, 0.0, 0.0, 1.0]], "pose_inverse": [[0.7126567363739014, 0.7015129327774048, 0.0, -1688.364990234375], [-0.7015129327774048, 0.7126567363739014, 0.0, -1154.915283203125], [0.0, 0.0, 1.0, 0.0], [0.0, 0.0, 0.0, 1.0]], "cam_ids": [0, 1, 2, 3, 4, 5], "cam_channels": ["CAM_FRONT_LEFT", "CAM_FRONT", "CAM_FRONT_RIGHT", "CAM_BACK_LEFT", "CAM_BACK", "CAM_BACK_RIGHT"], "token": "d4847ff3289d44d59bbc39982281f6bb", "scene": "scene-1018"}, {"images": ["samples/CAM_FRONT_LEFT/n015-2018-11-14-19-09-14+0800__CAM_FRONT_LEFT__1542194080154844.jpg", "samples/CAM_FRONT/n015-2018-11-14-19-09-14+0800__CAM_FRONT__1542194080162460.jpg", "samples/CAM_FRONT_RIGHT/n015-2018-11-14-19-09-14+0800__CAM_FRONT_RIGHT__1542194080170339.jpg", "samples/CAM_BACK_LEFT/n015-2018-11-14-19-09-14+0800__CAM_BACK_LEFT__1542194080197423.jpg", "samples/CAM_BACK/n015-2018-11-14-19-09-14+0800__CAM_BACK__1542194080187525.jpg", "samples/CAM_BACK_RIGHT/n015-2018-11-14-19-09-14+0800__CAM_BACK_RIGHT__1542194080177893.jpg"], "intrinsics": [[[1272.5979470598488, 0.0, 826.6154927353808], [0.0, 1272.5979470598488, 479.75165386361925], [0.0, 0.0, 1.0]], [[1266.417203046554, 0.0, 816.2670197447984], [0.0, 1266.417203046554, 491.50706579294757], [0.0, 0.0, 1.0]], [[1260.8474446004698, 0.0, 807.968244525554], [0.0, 1260.8474446004698, 495.3344268742088], [0.0, 0.0, 1.0]], [[1256.7414812095406, 0.0, 792.1125740759628], [0.0, 1256.7414812095406, 492.7757465151356], [0.0, 0.0, 1.0]], [[809.2209905677063, 0.0, 829.2196003259838], [0.0, 809.2209905677063, 481.77842384512485], [0.0, 0.0, 1.0]], [[1259.5137405846733, 0.0, 807.2529053838625], [0.0, 1259.5137405846733, 501.19579884916527], [0.0, 0.0, 1.0]]], "extrinsics": [[[0.8269991874694824, -0.5602112412452698, 0.04728242754936218, -0.7947998046875], [0.02928353101015091, -0.04106449708342552, -0.9987272620201111, 1.5141992568969727], [0.5614398717880249, 0.8273313045501709, -0.017555342987179756, -1.1605224609375], [0.0, 0.0, 0.0, 1.0]], [[0.01513355877250433, -0.9988483786582947, 0.04552954062819481, 0.0048828125], [0.02389790304005146, -0.04516042023897171, -0.9986938834190369, 1.5245075225830078], [0.999599814414978, 0.016201816499233246, 0.02318693697452545, -1.52099609375], [0.0, 0.0, 0.0, 1.0]], [[-0.8282215595245361, -0.5603346228599548, -0.00861458107829094, 0.9207763671875], [0.029243821278214455, -0.02786336839199066, -0.9991838932037354, 1.5074882507324219], [0.5596373081207275, -0.8277975916862488, 0.03946336731314659, -1.175689697265625], [0.0, 0.0, 0.0, 1.0]], [[0.9473147988319397, 0.319850891828537, 0.017033575102686882, -1.1405029296875], [0.037488747388124466, -0.05790398642420769, -0.9976180195808411, 1.5886592864990234], [-0.3181026875972748, 0.9456968903541565, -0.06684410572052002, -0.104736328125], [0.0, 0.0, 0.0, 1.0]], [[-8.720062032807618e-05, 0.9988434314727783, -0.04808187484741211, 0.003662109375], [0.012302677147090435, -0.04807716980576515, -0.9987678527832031, 1.5799407958984375], [-0.9999243021011353, -0.0006786987069062889, -0.01228425372391