[{"images": ["samples/CAM_FRONT_LEFT/n008-2018-08-22-15-53-49-0400__CAM_FRONT_LEFT__1534967832354799.jpg", "samples/CAM_FRONT/n008-2018-08-22-15-53-49-0400__CAM_FRONT__1534967832362404.jpg", "samples/CAM_FRONT_RIGHT/n008-2018-08-22-15-53-49-0400__CAM_FRONT_RIGHT__1534967832370482.jpg", "samples/CAM_BACK_LEFT/n008-2018-08-22-15-53-49-0400__CAM_BACK_LEFT__1534967832397405.jpg", "samples/CAM_BACK/n008-2018-08-22-15-53-49-0400__CAM_BACK__1534967832387558.jpg", "samples/CAM_BACK_RIGHT/n008-2018-08-22-15-53-49-0400__CAM_BACK_RIGHT__1534967832378113.jpg"], "intrinsics": [[[1257.8625342125129, 0.0, 827.2410631095686], [0.0, 1257.8625342125129, 450.915498205774], [0.0, 0.0, 1.0]], [[1252.8131021185304, 0.0, 826.588114781398], [0.0, 1252.8131021185304, 469.9846626224581], [0.0, 0.0, 1.0]], [[1256.7485116440405, 0.0, 817.7887570959712], [0.0, 1256.7485116440403, 451.9541780095127], [0.0, 0.0, 1.0]], [[1254.9860565800168, 0.0, 829.5769333630991], [0.0, 1254.9860565800168, 467.1680561863987], [0.0, 0.0, 1.0]], [[796.8910634503094, 0.0, 857.7774326863696], [0.0, 796.8910634503094, 476.8848988407415], [0.0, 0.0, 1.0]], [[1249.9629280788233, 0.0, 825.3768045375984], [0.0, 1249.9629280788233, 462.54816385708756], [0.0, 0.0, 1.0]]], "extrinsics": [[[0.8229060173034668, -0.5680297613143921, -0.012958386912941933, -0.8677978515625], [0.007529981900006533, 0.033707957714796066, -0.9994033575057983, 1.4894371032714844], [0.5681277513504028, 0.8223174810409546, 0.032015733420848846, -1.2421875], [0.0, 0.0, 0.0, 1.0]], [[0.010834084823727608, -0.9995071887969971, -0.02946273609995842, 0.00927734375], [0.009380990639328957, 0.029564766213297844, -0.999518871307373, 1.4813613891601562], [0.999897301197052, 0.010552482679486275, 0.009696674533188343, -1.599365234375], [0.0, 0.0, 0.0, 1.0]], [[-0.8437045812606812, -0.5361872911453247, -0.02580302394926548, 1.0037841796875], [0.01732000522315502, 0.020851997658610344, -0.9996324777603149, 1.4948348999023438], [0.5365283489227295, -0.8438414931297302, -0.00830615870654583, -1.2200927734375], [0.0, 0.0, 0.0, 1.0]], [[0.947878897190094, 0.31861451268196106, 0.003242745529860258, -1.14501953125], [-0.008693506941199303, 0.036033857613801956, -0.9993127584457397, 1.5620527267456055], [-0.3185123801231384, 0.9471992254257202, 0.036925606429576874, -0.1557464599609375], [0.0, 0.0, 0.0, 1.0]], [[0.009031496942043304, 0.9995551109313965, 0.0284254290163517, -0.02923583984375], [-0.00629834458231926, 0.028482886031270027, -0.9995744228363037, 1.5678062438964844], [-0.9999394416809082, 0.008848619647324085, 0.006552786100655794, 0.0069580078125], [0.0, 0.0, 0.0, 1.0]], [[-0.9238683581352234, 0.38269057869911194, 0.003905493300408125, 1.0914306640625], [-0.0018367141019552946, 0.005771085154265165, -0.9999816417694092, 1.547666072845459], [-0.38270607590675354, -0.9238585233688354, -0.004628828261047602, -0.0709228515625], [0.0, 0.0, 0.0, 1.0]]], "view": [[0.0, -2.0, 100.0], [-2.0, 0.0, 100.0], [0.0, 0.0, 1.0]], "bev": "bev_269601cc1e4d45a3a36fbf291d45a447.png", "aux": "aux_269601cc1e4d45a3a36fbf291d45a447.npz", "visibility": "visibility_269601cc1e4d45a3a36fbf291d45a447.png", "pose": [[-0.9997234344482422, 0.023518187925219536, 0.0, 1751.987548828125], [-0.023518187925219536, -0.9997234344482422, 0.0, 784.03369140625], [0.0, 0.0, 1.0, 0.0], [0.0, 0.0, 0.0, 1.0]], "pose_inverse": [[-0.9997234344482422, -0.023518187925219536, 0.0, 1769.9420166015625], [0.023518187925219536, -0.9997234344482422, 0.0, 742.61328125], [0.0, 0.0, 1.0, 0.0], [0.0, 0.0, 0.0, 1.0]], "cam_ids": [0, 1, 2, 3, 4, 5], "cam_channels": ["CAM_FRONT_LEFT", "CAM_FRONT", "CAM_FRONT_RIGHT", "CAM_BACK_LEFT", "CAM_BACK", "CAM_BACK_RIGHT"], "token": "269601cc1e4d45a3a36fbf291d45a447", "scene": "scene-0329"}, {"images": ["samples/CAM_FRONT_LEFT/n008-2018-08-22-15-53-49-0400__CAM_FRONT_LEFT__1534967832854799.jpg", "samples/CAM_FRONT/n008-2018-08-22-15-53-49-0400__CAM_FRONT__1534967832862404.jpg", "samples/CAM_FRONT_RIGHT/n008-2018-08-22-15-53-49-0400__CAM_FRONT_RIGHT__1534967832870482.jpg", "samples/CAM_BACK_LEFT/n008-2018-08-22-15-53-49-0400__CAM_BACK_LEFT__1534967832897405.jpg", "samples/CAM_BACK/n008-2018-08-22-15-53-49-0400__CAM_BACK__1534967832887558.jpg", "samples/CAM_BACK_RIGHT/n008-2018-08-22-15-53-49-0400__CAM_BACK_RIGHT__1534967832878113.jpg"], "intrinsics": [[[1257.8625342125129, 0.0, 827.2410631095686], [0.0, 1257.8625342125129, 450.915498205774], [0.0, 0.0, 1.0]], [[1252.8131021185304, 0.0, 826.588114781398], [0.0, 1252.8131021185304, 469.9846626224581], [0.0, 0.0, 1.0]], [[1256.7485116440405, 0.0, 817.7887570959712], [0.0, 1256.7485116440403, 451.9541780095127], [0.0, 0.0, 1.0]], [[1254.9860565800168, 0.0, 829.5769333630991], [0.0, 1254.9860565800168, 467.1680561863987], [0.0, 0.0, 1.0]], [[796.8910634503094, 0.0, 857.7774326863696], [0.0, 796.8910634503094, 476.8848988407415], [0.0, 0.0, 1.0]], [[1249.9629280788233, 0.0, 825.3768045375984], [0.0, 1249.9629280788233, 462.54816385708756], [0.0, 0.0, 1.0]]], "extrinsics": [[[0.8231382369995117, -0.5675439238548279, -0.018368419259786606, -0.87457275390625], [0.00413973443210125, 0.038344744592905045, -0.9992559552192688, 1.4888229370117188], [0.567825973033905, 0.822449803352356, 0.03391250595450401, -1.2471923828125], [0.0, 0.0, 0.0, 1.0]], [[0.01102855708450079, -0.9993591904640198, -0.03405166417360306, 0.0091552734375], [0.00607885280624032, 0.034120112657547, -0.9993992447853088, 1.4808540344238281], [0.999920666217804, 0.010814936831593513, 0.006451253779232502, -1.6077880859375], [0.0, 0.0, 0.0, 1.0]], [[-0.8437294363975525, -0.5361649394035339, -0.0254511721432209, 1.010498046875], [0.014076853170990944, 0.025297153741121292, -0.9995808601379395, 1.4943771362304688], [0.5365840792655945, -0.843734085559845, -0.013796437531709671, -1.2244873046875], [0.0, 0.0, 0.0, 1.0]], [[0.9478683471679688, 0.318656861782074, 0.0018447525799274445, -1.14306640625], [-0.011523022316396236, 0.040060196071863174, -0.9991307854652405, 1.5620346069335938], [-0.3184537887573242, 0.9470231533050537, 0.04164368286728859, -0.1563873291015625], [0.0, 0.0, 0.0, 1.0]], [[0.00904498714953661, 0.9994280338287354, 0.032583847641944885, -0.0291748046875], [-0.009306484833359718, 0.03266790509223938, -0.9994229078292847, 1.5677080154418945], [-0.9999157190322876, 0.00873652659356594, 0.009596643969416618, 0.0087890625], [0.0, 0.0, 0.0, 1.0]], [[-0.9238850474357605, 0.38257578015327454, 0.008501065894961357, 1.096435546875], [-0.005018381401896477, 0.01010026317089796, -0.9999364018440247, 1.5474534034729004], [-0.3826373517513275, -0.9238688349723816, -0.007411572616547346, -0.06884765625], [0.0, 0.0, 0.0, 1.0]]], "view": [[0.0, -2.0, 100.0], [-2.0, 0.0, 100.0], [0.0, 0.0, 1.0]], "bev": "bev_4ef689e811144b91bc3972cf5c9f24a7.png", "aux": "aux_4ef689e811144b91bc3972cf5c9f24a7.npz", "visibility": "visibility_4ef689e811144b91bc3972cf5c9f24a7.png", "pose": [[-0.9999184012413025, 0.012773241847753525, 0.0, 1750.0723876953125], [-0.012773241847753525, -0.9999184012413025, 0.0, 784.029541015625], [0.0, 0.0, 1.0, 0.0], [0.0, 0.0, 0.0, 1.0]], "pose_inverse": [[-0.9999184012413025, -0.012773241847753525, 0.0, 1759.9442138671875], [0.012773241847753525, -0.9999184012413025, 0.0, 761.6115112304688], [0.0, 0.0, 1.0, 0.0], [0.0, 0.0, 0.0, 1.0]], "cam_ids": [0, 1, 2, 3, 4, 5], "cam_channels": ["CAM_FRONT_LEFT", "CAM_FRONT", "CAM_FRONT_RIGHT", "CAM_BACK_LEFT", "CAM_BACK", "CAM_BACK_RIGHT"], "token": "4ef689e811144b91bc3972cf5c9f24a7", "scene": "scene-0329"}, {"images": ["samples/CAM_FRONT_LEFT/n008-2018-08-22-15-53-49-0400__CAM_FRONT_LEFT__1534967833354799.jpg", "samples/CAM_FRONT/n008-2018-08-22-15-53-49-0400__CAM_FRONT__1534967833362404.jpg", "samples/CAM_FRONT_RIGHT/n008-2018-08-22-15-53-49-0400__CAM_FRONT_RIGHT__1534967833370482.jpg", "samples/CAM_BACK_LEFT/n008-2018-08-22-15-53-49-0400__CAM_BACK_LEFT__1534967833397405.jpg", "samples/CAM_BACK/n008-2018-08-22-15-53-49-0400__CAM_BACK__1534967833387558.jpg", "samples/CAM_BACK_RIGHT/n008-2018-08-22-15-53-49-0400__CAM_BACK_RIGHT__1534967833378113.jpg"], "intrinsics": [[[1257.8625342125129, 0.0, 827.2410631095686], [0.0, 1257.8625342125129, 450.915498205774], [0.0, 0.0, 1.0]], [[1252.8131021185304, 0.0, 826.588114781398], [0.0, 1252.8131021185304, 469.9846626224581], [0.0, 0.0, 1.0]], [[1256.7485116440405, 0.0, 817.7887570959712], [0.0, 1256.7485116440403, 451.9541780095127], [0.0, 0.0, 1.0]], [[1254.9860565800168, 0.0, 829.5769333630991], [0.0, 1254.9860565800168, 467.1680561863987], [0.0, 0.0, 1.0]], [[796.8910634503094, 0.0, 857.7774326863696], [0.0, 796.8910634503094, 476.8848988407415], [0.0, 0.0, 1.0]], [[1249.9629280788233, 0.0, 825.3768045375984], [0.0, 1249.9629280788233, 462.54816385708756], [0.0, 0.0, 1.0]]], "extrinsics": [[[0.8233183026313782, -0.5671659708023071, -0.021675683557987213, -0.88812255859375], [0.003167480695992708, 0.04278038442134857, -0.9990794658660889, 1.4886817932128906], [0.5675711035728455, 0.8224917650222778, 0.03701835870742798, -1.25439453125], [0.0, 0.0, 0.0, 1.0]], [[0.011354152113199234, -0.9991837739944458, -0.03876778483390808, 0.0076904296875], [0.005036159418523312, 0.03882693871855736, -0.9992333054542542, 1.4807052612304688], [0.9999228119850159, 0.011150206439197063, 0.005472895223647356, -1.6190185546875], [0.0, 0.0, 0.0, 1.0]], [[-0.8435646295547485, -0.5363377332687378, -0.027212126180529594, 1.01611328125], [0.012976991012692451, 0.030298838391900063, -0.9994565844535828, 1.49420166015625], [0.5368708372116089, -0.8434594869613647, -0.018598981201648712, -1.2293701171875], [0.0, 0.0, 0.0, 1.0]], [[0.9478627443313599, 0.3186664283275604, 0.002838802058249712, -1.143798828125], [-0.01243792288005352, 0.04589448869228363, -0.9988688230514526, 1.5620412826538086], [-0.31843626499176025, 0.9467551708221436, 0.04746522381901741, -0.156158447265625], [0.0, 0.0, 0.0, 1.0]], [[0.008937816135585308, 0.9992331862449646, 0.03811987489461899, -0.02880859375], [-0.010305439122021198, 0.03821142017841339, -0.9992164969444275, 1.5677156448364258], [-0.9999070167541504, 0.00853797048330307, 0.010639064013957977, 0.0118408203125], [0.0, 0.0, 0.0, 1.0]], [[-0.9239746928215027, 0.38227999210357666, 0.011520568281412125, 1.1019287109375], [-0.006112831179052591, 0.01535757351666689, -0.9998633861541748, 1.5474152565002441], [-0.3824046850204468, -0.9239188432693481, -0.011853194795548916, -0.067626953125], [0.0, 0.0, 0.0, 1.0]]], "view": [[0.0, -2.0, 100.0], [-2.0, 0.0, 100.0], [0.0, 0.0, 1.0]], "bev": "bev_e6b62fb271c944cd9a7871b3972a8721.png", "aux": "aux_e6b62fb271c944cd9a7871b3972a8721.npz", "visibility": "visibility_e6b62fb271c944cd9a7871b3972a8721.png", "pose": [[-0.9999952912330627, -0.003065815893933177, 0.0, 1748.3214111328125], [0.003065815893933177, -0.9999952912330627, 0.0, 784.0460815429688], [0.0, 0.0, 1.0, 0.0], [0.0, 0.0, 0.0, 1.0]], "pose_inverse": [[-0.9999952912330627, 0.003065815893933177, 0.0, 1745.909423828125], [-0.003065815893933177, -0.9999952912330627, 0.0, 789.4024047851562], [0.0, 0.0, 1.0, 0.0], [0.0, 0.0, 0.0, 1.0]], "cam_ids": [0, 1, 2, 3, 4, 5], "cam_channels": ["CAM_FRONT_LEFT", "CAM_FRONT", "CAM_FRONT_RIGHT", "CAM_BACK_LEFT", "CAM_BACK", "CAM_BACK_RIGHT"], "token": "e6b62fb271c944cd9a7871b3972a8721", "scene": "scene-0329"}, {"images": ["samples/CAM_FRONT_LEFT/n008-2018-08-22-15-53-49-0400__CAM_FRONT_LEFT__1534967833854799.jpg", "samples/CAM_FRONT/n008-2018-08-22-15-53-49-0400__CAM_FRONT__1534967833862404.jpg", "samples/CAM_FRONT_RIGHT/n008-2018-08-22-15-53-49-0400__CAM_FRONT_RIGHT__1534967833870482.jpg", "samples/CAM_BACK_LEFT/n008-2018-08-22-15-53-49-0400__CAM_BACK_LEFT__1534967833897405.jpg", "samples/CAM_BACK/n008-2018-08-22-15-53-49-0400__CAM_BACK__1534967833887558.jpg", "samples/CAM_BACK_RIGHT/n008-2018-08-22-15-53-49-0400__CAM_BACK_RIGHT__1534967833878113.jpg"], "intrinsics": [[[1257.8625342125129, 0.0, 827.2410631095686], [0.0, 1257.8625342125129, 450.915498205774], [0.0, 0.0, 1.0]], [[1252.8131021185304, 0.0, 826.588114781398], [0.0, 1252.8131021185304, 469.9846626224581], [0.0, 0.0, 1.0]], [[1256.7485116440405, 0.0, 817.7887570959712], [0.0, 1256.7485116440403, 451.9541780095127], [0.0, 0.0, 1.0]], [[1254.9860565800168, 0.0, 829.5769333630991], [0.0, 1254.9860565800168, 467.1680561863987], [0.0, 0.0, 1.0]], [[796.8910634503094, 0.0, 857.7774326863696], [0.0, 796.8910634503094, 476.8848988407415], [0.0, 0.0, 1.0]], [[1249.9629280788233, 0.0, 825.3768045375984], [0.0, 1249.9629280788233, 462.54816385708756], [0.0, 0.0, 1.0]]], "extrinsics": [[[0.8233931064605713, -0.5669310688972473, -0.024758562445640564, -0.89404296875], [0.002259637461975217, 0.046904854476451874, -0.9988967776298523, 1.4885368347167969], [0.5674669742584229, 0.8224287629127502, 0.03990218788385391, -1.258544921875], [0.0, 0.0, 0.0, 1.0]], [[0.011507267132401466, -0.9990187287330627, -0.04276799038052559, 0.0078125], [0.004126247949898243, 0.04281789809465408, -0.999074399471283, 1.4805717468261719], [0.9999251365661621, 0.01132014486938715, 0.00461491709575057, -1.624755859375], [0.0, 0.0, 0.0, 1.0]], [[-0.8434802889823914, -0.5364022254943848, -0.02852453477680683, 1.019775390625], [0.01208090502768755, 0.034145668148994446, -0.9993438720703125, 1.4940567016601562], [0.5370243191719055, -0.8432714343070984, -0.022320974618196487, -1.2312774658203125], [0.0, 0.0, 0.0, 1.0]], [[0.9478687047958374, 0.3186488151550293, 0.0027855366934090853, -1.1441650390625], [-0.01363563071936369, 0.04929150640964508, -0.9986913800239563, 1.5620479583740234], [-0.31836915016174316, 0.9465903043746948, 0.05106685683131218, -0.155975341796875], [0.0, 0.0, 0.0, 1.0]], [[0.008891420438885689, 0.999092161655426, 0.041662391275167465, -0.0289306640625], [-0.011361113749444485, 0.041762277483940125, -0.9990629553794861, 1.5676984786987305], [-0.9998958706855774, 0.00840975996106863, 0.011722126044332981, 0.013427734375], [0.0, 0.0, 0.0, 1.0]], [[-0.9240212440490723, 0.3820924758911133, 0.013786605559289455, 1.1044921875], [-0.00703252712264657, 0.019067509099841118, -0.9997934699058533, 1.547372579574585], [-0.3822764456272125, -0.923927366733551, -0.014931710436940193, -0.0662841796875], [0.0, 0.0, 0.0, 1.0]]], "view": [[0.0, -2.0, 100.0], [-2.0, 0.0, 100.0], [0.0, 0.0, 1.0]], "bev": "bev_edd33328448f40b49f0f7e1da07b9ca8.png", "aux": "aux_edd33328448f40b49f0f7e1da07b9ca8.npz", "visibility": "visibility_edd33328448f40b49f0f7e1da07b9ca8.png", "pose": [[-0.9997744560241699, -0.021236592903733253, 0.0, 1746.6827392578125], [0.021236592903733253, -0.9997744560241699, 0.0, 784.0836181640625], [0.0, 0.0, 1.0, 0.0], [0.0, 0.0, 0.0, 1.0]], "pose_inverse": [[-0.9997744560241699, 0.021236592903733253, 0.0, 1729.6375732421875], [-0.021236592903733253, -0.9997744560241699, 0.0, 821.0003662109375], [0.0, 0.0, 1.0, 0.0], [0.0, 0.0, 0.0, 1.0]], "cam_ids": [0, 1, 2, 3, 4, 5], "cam_channels": ["CAM_FRONT_LEFT", "CAM_FRONT", "CAM_FRONT_RIGHT", "CAM_BACK_LEFT", "CAM_BACK", "CAM_BACK_RIGHT"], "token": "edd33328448f40b49f0f7e1da07b9ca8", "scene": "scene-0329"}, {"images": ["samples/CAM_FRONT_LEFT/n008-2018-08-22-15-53-49-0400__CAM_FRONT_LEFT__1534967834354799.jpg", "samples/CAM_FRONT/n008-2018-08-22-15-53-49-0400__CAM_FRONT__1534967834362404.jpg", "samples/CAM_FRONT_RIGHT/n008-2018-08-22-15-53-49-0400__CAM_FRONT_RIGHT__1534967834370482.jpg", "samples/CAM_BACK_LEFT/n008-2018-08-22-15-53-49-0400__CAM_BACK_LEFT__1534967834397405.jpg", "samples/CAM_BACK/n008-2018-08-22-15-53-49-0400__CAM_BACK__1534967834387558.jpg", "samples/CAM_BACK_RIGHT/n008-2018-08-22-15-53-49-0400__CAM_BACK_RIGHT__1534967834378113.jpg"], "intrinsics": [[[1257.8625342125129, 0.0, 827.2410631095686], [0.0, 1257.8625342125129, 450.915498205774], [0.0, 0.0, 1.0]], [[1252.8131021185304, 0.0, 826.588114781398], [0.0, 1252.8131021185304, 469.9846626224581], [0.0, 0.0, 1.0]], [[1256.7485116440405, 0.0, 817.7887570959712], [0.0, 1256.7485116440403, 451.9541780095127], [0.0, 0.0, 1.0]], [[1254.9860565800168, 0.0, 829.5769333630991], [0.0, 1254.9860565800168, 467.1680561863987], [0.0, 0.0, 1.0]], [[796.8910634503094, 0.0, 857.7774326863696], [0.0, 796.8910634503094, 476.8848988407415], [0.0, 0.0, 1.0]], [[1249.9629280788233, 0.0, 825.3768045375984], [0.0, 1249.9629280788233, 462.54816385708756], [0.0, 0.0, 1.0]]], "extrinsics": [[[0.8235210180282593, -0.5665784478187561, -0.028320975601673126, -0.9010009765625], [0.0013092055451124907, 0.051821690052747726, -0.9986554980278015, 1.4883575439453125], [0.567284345626831, 0.8223767280578613, 0.04341802000999451, -1.263916015625], [0.0, 0.0, 0.0, 1.0]], [[0.011666911654174328, -0.9987945556640625, -0.047679200768470764, 0.0081787109375], [0.003185971174389124, 0.04771933704614639, -0.998855710029602, 1.4804191589355469], [0.9999268054962158, 0.011501656845211983, 0.0037388678174465895, -1.6318359375], [0.0, 0.0, 0.0, 1.0]], [[-0.8434358239173889, -0.5363714694976807, -0.030359117314219475, 1.0245361328125], [0.01113646849989891, 0.03904232382774353, -0.9991754293441772, 1.4939002990722656], [0.5371145606040955, -0.8430785536766052, -0.026956411078572273, -1.2339019775390625], [0.0, 0.0, 0.0, 1.0]], [[0.9478573799133301, 0.31867626309394836, 0.0034324373118579388, -1.144287109375], [-0.014612494967877865, 0.054216716438531876, -0.9984222650527954, 1.562051773071289], [-0.3183595836162567, 0.9463117718696594, 0.056046370416879654, -0.155914306640625], [0.0, 0.0, 0.0, 1.0]], [[0.00887912604957819, 0.9988755583763123, 0.04657015949487686, -0.029052734375], [-0.012345701456069946, 0.04667795076966286, -0.9988336563110352, 1.5676860809326172], [-0.9998843669891357, 0.008293832652270794, 0.012746280059218407, 0.0157470703125], [0.0, 0.0, 0.0, 1.0]], [[-0.9240447282791138, 0.3819262981414795, 0.01654057763516903, 1.10791015625], [-0.007988758385181427, 0.023966219276189804, -0.9996808171272278, 1.5473356246948242], [-0.3822007477283478, -0.923882007598877, -0.019094742834568024, -0.064453125], [0.0, 0.0, 0.0, 1.0]]], "view": [[0.0, -2.0, 100.0], [-2.0, 0.0, 100.0], [0.0, 0.0, 1.0]], "bev": "bev_7d47b2309e5f4eddac3ca1b82f16bba6.png", "aux": "aux_7d47b2309e5f4eddac3ca1b82f16bba6.npz", "visibility": "visibility_7d47b2309e5f4eddac3ca1b82f16bba6.png", "pose": [[-0.9991095066070557, -0.042192164808511734, 0.0, 1745.170654296875], [0.042192164808511734, -0.9991095066070557, 0.0, 784.151123046875], [0.0, 0.0, 1.0, 0.0], [0.0, 0.0, 0.0, 1.0]], "pose_inverse": [[-0.9991095066070557, 0.042192164808511734, 0.0, 1710.5316162109375], [-0.042192164808511734, -0.9991095066070557, 0.0, 857.0853881835938], [0.0, 0.0, 1.0, 0.0], [0.0, 0.0, 0.0, 1.0]], "cam_ids": [0, 1, 2, 3, 4, 5], "cam_channels": ["CAM_FRONT_LEFT", "CAM_FRONT", "CAM_FRONT_RIGHT", "CAM_BACK_LEFT", "CAM_BACK", "CAM_BACK_RIGHT"], "token": "7d47b2309e5f4eddac3ca1b82f16bba6", "scene": "scene-0329"}, {"images": ["samples/CAM_FRONT_LEFT/n008-2018-08-22-15-53-49-0400__CAM_FRONT_LEFT__1534967834854799.jpg", "samples/CAM_FRONT/n008-2018-08-22-15-53-49-0400__CAM_FRONT__1534967834862404.jpg", "samples/CAM_FRONT_RIGHT/n008-2018-08-22-15-53-49-0400__CAM_FRONT_RIGHT__1534967834870482.jpg", "samples/CAM_BACK_LEFT/n008-2018-08-22-15-53-49-0400__CAM_BACK_LEFT__1534967834897405.jpg", "samples/CAM_BACK/n008-2018-08-22-15-53-49-0400__CAM_BACK__1534967834887558.jpg", "samples/CAM_BACK_RIGHT/n008-2018-08-22-15-53-49-0400__CAM_BACK_RIGHT__1534967834878113.jpg"], "intrinsics": [[[1257.8625342125129, 0.0, 827.2410631095686], [0.0, 1257.8625342125129, 450.915498205774], [0.0, 0.0, 1.0]], [[1252.8131021185304, 0.0, 826.588114781398], [0.0, 1252.8131021185304, 469.9846626224581], [0.0, 0.0, 1.0]], [[1256.7485116440405, 0.0, 817.7887570959712], [0.0, 1256.7485116440403, 451.9541780095127], [0.0, 0.0, 1.0]], [[1254.9860565800168, 0.0, 829.5769333630991], [0.0, 1254.9860565800168, 467.1680561863987], [0.0, 0.0, 1.0]], [[796.8910634503094, 0.0, 857.7774326863696], [0.0, 796.8910634503094, 476.8848988407415], [0.0, 0.0, 1.0]], [[1249.9629280788233, 0.0, 825.3768045375984], [0.0, 1249.9629280788233, 462.54816385708756], [0.0, 0.0, 1.0]]], "extrinsics": [[[0.8236455321311951, -0.5663352608680725, -0.029535334557294846, -0.9183349609375], [0.0002070560585707426, 0.052381206303834915, -0.9986271262168884, 1.4882316589355469], [0.5671048760414124, 0.822508692741394, 0.043260812759399414, -1.2757568359375], [0.0, 0.0, 0.0, 1.0]], [[0.011843740940093994, -0.9987655282020569, -0.04824049398303032, 0.00775146484375], [0.0021467034239321947, 0.04826916381716728, -0.9988320469856262, 1.4802818298339844], [0.9999275207519531, 0.011726348660886288, 0.0027157405856996775, -1.648681640625], [0.0, 0.0, 0.0, 1.0]], [[-0.8433693647384644, -0.5365036129951477, -0.029864110052585602, 1.03515625], [0.010194522328674793, 0.039592254906892776, -0.9991638660430908, 1.4937095642089844], [0.5372374653816223, -0.842968761920929, -0.02792150340974331, -1.2409820556640625], [0.0, 0.0, 0.0, 1.0]], [[0.9478548765182495, 0.31868794560432434, 0.00302062276750803, -1.1434326171875], [-0.015213226899504662, 0.05471082031726837, -0.9983863234519958, 1.5620365142822266], [-0.3183389902114868, 0.9462793469429016, 0.05670619010925293, -0.15625], [0.0, 0.0, 0.0, 1.0]], [[0.008835719898343086, 0.9988515973091125, 0.04708927124738693, -0.029052734375], [-0.013144283555448055, 0.047203052788972855, -0.9987987875938416, 1.567718505859375], [-0.9998745918273926, 0.008206155151128769, 0.013546261936426163, 0.019775390625], [0.0, 0.0, 0.0, 1.0]], [[-0.9240809679031372, 0.3817934989929199, 0.017552265897393227, 1.1163330078125], [-0.008860009722411633, 0.024513082578778267, -0.9996602535247803, 1.547368049621582], [-0.38209402561187744, -0.9239224791526794, -0.01926937699317932, -0.0611572265625], [0.0, 0.0, 0.0, 1.0]]], "view": [[0.0, -2.0, 100.0], [-2.0, 0.0, 100.0], [0.0, 0.0, 1.0]], "bev": "bev_0d03e6ff8bd54867b2fd69df2de63748.png", "aux": "aux_0d03e6ff8bd54867b2fd69df2de63748.npz", "visibility": "visibility_0d03e6ff8bd54867b2fd69df2de63748.png", "pose": [[-0.997922420501709, -0.06442665308713913, 0.0, 1743.830322265625], [0.06442665308713913, -0.997922420501709, 0.0, 784.2451782226562], [0.0, 0.0, 1.0, 0.0], [0.0, 0.0, 0.0, 1.0]], "pose_inverse": [[-0.997922420501709, 0.06442665308713913, 0.0, 1689.68115234375], [-0.06442665308713913, -0.997922420501709, 0.0, 894.9650268554688], [0.0, 0.0, 1.0, 0.0], [0.0, 0.0, 0.0, 1.0]], "cam_ids": [0, 1, 2, 3, 4, 5], "cam_channels": ["CAM_FRONT_LEFT", "CAM_FRONT", "CAM_FRONT_RIGHT", "CAM_BACK_LEFT", "CAM_BACK", "CAM_BACK_RIGHT"], "token": "0d03e6ff8bd54867b2fd69df2de63748", "scene": "scene-0329"}, {"images": ["samples/CAM_FRONT_LEFT/n008-2018-08-22-15-53-49-0400__CAM_FRONT_LEFT__1534967835354799.jpg", "samples/CAM_FRONT/n008-2018-08-22-15-53-49-0400__CAM_FRONT__1534967835362404.jpg", "samples/CAM_FRONT_RIGHT/n008-2018-08-22-15-53-49-0400__CAM_FRONT_RIGHT__1534967835370482.jpg", "samples/CAM_BACK_LEFT/n008-2018-08-22-15-53-49-0400__CAM_BACK_LEFT__1534967835397405.jpg", "samples/CAM_BACK/n008-2018-08-22-15-53-49-0400__CAM_BACK__1534967835387558.jpg", "samples/CAM_BACK_RIGHT/n008-2018-08-22-15-53-49-0400__CAM_BACK_RIGHT__1534967835378113.jpg"], "intrinsics": [[[1257.8625342125129, 0.0, 827.2410631095686], [0.0, 1257.8625342125129, 450.915498205774], [0.0, 0.0, 1.0]], [[1252.8131021185304, 0.0, 826.588114781398], [0.0, 1252.8131021185304, 469.9846626224581], [0.0, 0.0, 1.0]], [[1256.7485116440405, 0.0, 817.7887570959712], [0.0, 1256.7485116440403, 451.9541780095127], [0.0, 0.0, 1.0]], [[1254.9860565800168, 0.0, 829.5769333630991], [0.0, 1254.9860565800168, 467.1680561863987], [0.0, 0.0, 1.0]], [[796.8910634503094, 0.0, 857.7774326863696], [0.0, 796.8910634503094, 476.8848988407415], [0.0, 0.0, 1.0]], [[1249.9629280788233, 0.0, 825.3768045375984], [0.0, 1249.9629280788233, 462.54816385708756], [0.0, 0.0, 1.0]]], "extrinsics": [[[0.8234439492225647, -0.5665460824966431, -0.031076934188604355, -0.92681884765625], [0.0007852862472645938, 0.05590888112783432, -0.9984355568885803, 1.4882659912109375], [0.5673971772193909, 0.822131335735321, 0.04648273065686226, -1.2818603515625], [0.0, 0.0, 0.0, 1.0]], [[0.01152504701167345, -0.9985936284065247, -0.05174950137734413, 0.0076904296875], [0.0027969966176897287, 0.0517849363386631, -0.9986543655395508, 1.4802970886230469], [0.999929666519165, 0.011364796198904514, 0.0033898865804076195, -1.6590576171875], [0.0, 0.0, 0.0, 1.0]], [[-0.8435160517692566, -0.5361324548721313, -0.03228827193379402, 1.04296875], [0.010865517891943455, 0.04306989535689354, -0.9990129470825195, 1.4936370849609375], [0.5369939804077148, -0.8430344462394714, -0.030504794791340828, -1.2459335327148438], [0.0, 0.0, 0.0, 1.0]], [[0.9478774666786194, 0.31859734654426575, 0.004905400797724724, -1.1446533203125], [-0.014344895258545876, 0.058047644793987274, -0.9982107877731323, 1.5620613098144531], [-0.3183120787143707, 0.9461110830307007, 0.05959230288863182, -0.155731201171875], [0.0, 0.0, 0.0, 1.0]], [[0.008963124826550484, 0.9986848831176758, 0.05048046633601189, -0.0291748046875], [-0.012284268625080585, 0.05058865621685982, -0.9986439943313599, 1.5677909851074219], [-0.9998843669891357, 0.00833086296916008, 0.012721545994281769, 0.024169921875], [0.0, 0.0, 0.0, 1.0]], [[-0.9239988923072815, 0.3819611966609955, 0.018210435286164284, 1.123046875], [-0.008144755847752094, 0.027953019365668297, -0.9995760321617126, 1.5474605560302734], [-0.38230830430984497, -0.9237554669380188, -0.02271757833659649, -0.0584716796875], [0.0, 0.0, 0.0, 1.0]]], "view": [[0.0, -2.0, 100.0], [-2.0, 0.0, 100.0], [0.0, 0.0, 1.0]], "bev": "bev_1ae51c77dcb94e98b0349b2213b4b146.png", "aux": "aux_1ae51c77dcb94e98b0349b2213b4b146.npz", "visibility": "visibility_1ae51c77dcb94e98b0349b2213b4b146.png", "pose": [[-0.9963405728340149, -0.0854722112417221, 0.0, 1742.6553955078125], [0.0854722112417221, -0.9963405728340149, 0.0, 784.3505859375], [0.0, 0.0, 1.0, 0.0], [0.0, 0.0, 0.0, 1.0]], "pose_inverse": [[-0.9963405728340149, 0.0854722112417221, 0.0, 1669.238037109375], [-0.0854722112417221, -0.9963405728340149, 0.0, 930.4288940429688], [0.0, 0.0, 1.0, 0.0], [0.0, 0.0, 0.0, 1.0]], "cam_ids": [0, 1, 2, 3, 4, 5], "cam_channels": ["CAM_FRONT_LEFT", "CAM_FRONT", "CAM_FRONT_RIGHT", "CAM_BACK_LEFT", "CAM_BACK", "CAM_BACK_RIGHT"], "token": "1ae51c77dcb94e98b0349b2213b4b146", "scene": "scene-0329"}, {"images": ["samples/CAM_FRONT_LEFT/n008-2018-08-22-15-53-49-0400__CAM_FRONT_LEFT__1534967835854799.jpg", "samples/CAM_FRONT/n008-2018-08-22-15-53-49-0400__CAM_FRONT__1534967835862404.jpg", "samples/CAM_FRONT_RIGHT/n008-2018-08-22-15-53-49-0400__CAM_FRONT_RIGHT__1534967835870482.jpg", "samples/CAM_BACK_LEFT/n008-2018-08-22-15-53-49-0400__CAM_BACK_LEFT__1534967835897405.jpg", "samples/CAM_BACK/n008-2018-08-22-15-53-49-0400__CAM_BACK__1534967835887558.jpg", "samples/CAM_BACK_RIGHT/n008-2018-08-22-15-53-49-0400__CAM_BACK_RIGHT__1534967835878113.jpg"], "intrinsics": [[[1257.8625342125129, 0.0, 827.2410631095686], [0.0, 1257.8625342125129, 450.915498205774], [0.0, 0.0, 1.0]], [[1252.8131021185304, 0.0, 826.588114781398], [0.0, 1252.8131021185304, 469.9846626224581], [0.0, 0.0, 1.0]], [[1256.7485116440405, 0.0, 817.7887570959712], [0.0, 1256.7485116440403, 451.9541780095127], [0.0, 0.0, 1.0]], [[1254.9860565800168, 0.0, 829.5769333630991], [0.0, 1254.9860565800168, 467.1680561863987], [0.0, 0.0, 1.0]], [[796.8910634503094, 0.0, 857.7774326863696], [0.0, 796.8910634503094, 476.8848988407415], [0.0, 0.0, 1.0]], [[1249.9629280788233, 0.0, 825.3768045375984], [0.0, 1249.9629280788233, 462.54816385708756], [0.0, 0.0, 1.0]]], "extrinsics": [[[0.8233199119567871, -0.5670018196105957, -0.025561010465025902, -0.937255859375], [0.005066561046987772, 0.052375491708517075, -0.9986146092414856, 1.488616943359375], [0.5675550699234009, 0.8220497965812683, 0.045994535088539124, -1.288818359375], [0.0, 0.0, 0.0, 1.0]], [[0.011363634839653969, -0.998778760433197, -0.04808185622096062, 0.0074462890625], [0.007110783364623785, 0.04816446080803871, -0.9988141059875488, 1.4805755615234375], [0.9999101758003235, 0.01100826170295477, 0.0076494221575558186, -1.6678466796875], [0.0, 0.0, 0.0, 1.0]], [[-0.8435430526733398, -0.5359861254692078, -0.033970270305871964, 1.0472412109375], [0.015216761268675327, 0.039374154061079025, -0.999108612537384, 1.4938278198242188], [0.5368459224700928, -0.84330815076828, -0.025057820603251457, -1.248809814453125], [0.0, 0.0, 0.0, 1.0]], [[0.9478944540023804, 0.3184889256954193, 0.007808231748640537, -1.1439208984375], [-0.009982326067984104, 0.05418888479471207, -0.9984807968139648, 1.5620460510253906], [-0.31842824816703796, 0.9463764429092407, 0.054544597864151, -0.156097412109375], [0.0, 0.0, 0.0, 1.0]], [[0.008959276601672173, 0.9988676905632019, 0.04672376811504364, -0.029052734375], [-0.00793500803411007, 0.04679519310593605, -0.9988729953765869, 1.567892074584961], [-0.9999284148216248, 0.008578427135944366, 0.00834527425467968, 0.025146484375], [0.0, 0.0, 0.0, 1.0]], [[-0.9239636063575745, 0.3822677433490753, 0.0127504151314497, 1.1259765625], [-0.0037799165584146976, 0.02420838177204132, -0.9996997714042664, 1.5476551055908203], [-0.3824616074562073, -0.9237344264984131, -0.020922722294926643, -0.057373046875], [0.0, 0.0, 0.0, 1.0]]], "view": [[0.0, -2.0, 100.0], [-2.0, 0.0, 100.0], [0.0, 0.0, 1.0]], "bev": "bev_42de34837ddf4633adc4aedf2e824c5e.png", "aux": "aux_42de34837ddf4633adc4aedf2e824c5e.npz", "visibility": "visibility_42de34837ddf4633adc4aedf2e824c5e.png", "pose": [[-0.9946424961090088, -0.10337471961975098, 0.0, 1741.6336669921875], [0.10337471961975098, -0.9946424961090088, 0.0, 784.4663696289062], [0.0, 0.0, 1.0, 0.0], [0.0, 0.0, 0.0, 1.0]], "pose_inverse": [[-0.9946424961090088, 0.10337471961975098, 0.0, 1651.2088623046875], [-0.10337471961975098, -0.9946424961090088, 0.0, 960.3045043945312], [0.0, 0.0, 1.0, 0.0], [0.0, 0.0, 0.0, 1.0]], "cam_ids": [0, 1, 2, 3, 4, 5], "cam_channels": ["CAM_FRONT_LEFT", "CAM_FRONT", "CAM_FRONT_RIGHT", "CAM_BACK_LEFT", "CAM_BACK", "CAM_BACK_RIGHT"], "token": "42de34837ddf4633adc4aedf2e824c5e", "scene": "scene-0329"}, {"images": ["samples/CAM_FRONT_LEFT/n008-2018-08-22-15-53-49-0400__CAM_FRONT_LEFT__1534967836354799.jpg", "samples/CAM_FRONT/n008-2018-08-22-15-53-49-0400__CAM_FRONT__1534967836362404.jpg", "samples/CAM_FRONT_RIGHT/n008-2018-08-22-15-53-49-0400__CAM_FRONT_RIGHT__1534967836370482.jpg", "samples/CAM_BACK_LEFT/n008-2018-08-22-15-53-49-0400__CAM_BACK_LEFT__1534967836397405.jpg", "samples/CAM_BACK/n008-2018-08-22-15-53-49-0400__CAM_BACK__1534967836387558.jpg", "samples/CAM_BACK_RIGHT/n008-2018-08-22-15-53-49-0400__CAM_BACK_RIGHT__1534967836378113.jpg"], "intrinsics": [[[1257.8625342125129, 0.0, 827.2410631095686], [0.0, 1257.8625342125129, 450.915498205774], [0.0, 0.0, 1.0]], [[1252.8131021185304, 0.0, 826.588114781398], [0.0, 1252.8131021185304, 469.9846626224581], [0.0, 0.0, 1.0]], [[1256.7485116440405, 0.0, 817.7887570959712], [0.0, 1256.7485116440403, 451.9541780095127], [0.0, 0.0, 1.0]], [[1254.9860565800168, 0.0, 829.5769333630991], [0.0, 1254.9860565800168, 467.1680561863987], [0.0, 0.0, 1.0]], [[796.8910634503094, 0.0, 857.7774326863696], [0.0, 796.8910634503094, 476.8848988407415], [0.0, 0.0, 1.0]], [[1249.9629280788233, 0.0, 825.3768045375984], [0.0, 1249.9629280788233, 462.54816385708756], [0.0, 0.0, 1.0]]], "extrinsics": [[[0.8232294917106628, -0.5671842098236084, -0.02439946122467518, -0.947021484375], [0.00612439401447773, 0.05184905603528023, -0.9986361265182495, 1.4886016845703125], [0.567675769329071, 0.8219572305679321, 0.04615733399987221, -1.296142578125], [0.0, 0.0, 0.0, 1.0]], [[0.011238625273108482, -0.9988022446632385, -0.04762044921517372, 0.00787353515625], [0.008093697018921375, 0.04771276190876961, -0.9988283514976501, 1.48052978515625], [0.9999040365219116, 0.010840036906301975, 0.008620229549705982, -1.67822265625], [0.0, 0.0, 0.0, 1.0]], [[-0.8435850143432617, -0.5358840823173523, -0.0345335491001606, 1.0545654296875], [0.016139132902026176, 0.038978710770606995, -0.99910968542099, 1.4937210083007812], [0.5367530584335327, -0.8433912992477417, -0.024233154952526093, -1.2530174255371094], [0.0, 0.0, 0.0, 1.0]], [[0.9479048848152161, 0.3184407353401184, 0.008478914387524128, -1.1441650390625], [-0.00918315164744854, 0.05392204597592354, -0.9985029101371765, 1.562042236328125], [-0.3184211850166321, 0.9464078545570374, 0.05403725802898407, -0.155975341796875], [0.0, 0.0, 0.0, 1.0]], [[0.00899726152420044, 0.9988818764686584, 0.04641203582286835, -0.029296875], [-0.007110546808689833, 0.04647665098309517, -0.9988940358161926, 1.5679244995117188], [-0.9999342560768127, 0.0086573027074337, 0.007520758546888828, 0.028564453125], [0.0, 0.0, 0.0, 1.0]], [[-0.9239322543144226, 0.3823736011981964, 0.011807544156908989, 1.13134765625], [-0.00290480675175786, 0.023851774632930756, -0.999711275100708, 1.5476970672607422], [-0.38254478573799133, -0.9236998558044434, -0.02092670649290085, -0.0546875], [0.0, 0.0, 0.0, 1.0]]], "view": [[0.0, -2.0, 100.0], [-2.0, 0.0, 100.0], [0.0, 0.0, 1.0]], "bev": "bev_f087c45005124bc5a0ed2e8eb39892fe.png", "aux": "aux_f087c45005124bc5a0ed2e8eb39892fe.npz", "visibility": "visibility_f087c45005124bc5a0ed2e8eb39892fe.png", "pose": [[-0.9928585290908813, -0.11929760128259659, 0.0, 1740.7279052734375], [0.11929760128259659, -0.9928585290908813, 0.0, 784.5860595703125], [0.0, 0.0, 1.0, 0.0], [0.0, 0.0, 0.0, 1.0]], "pose_inverse": [[-0.9928585290908813, 0.11929760128259659, 0.0, 1634.6973876953125], [-0.11929760128259659, -0.9928585290908813, 0.0, 986.6476440429688], [0.0, 0.0, 1.0, 0.0], [0.0, 0.0, 0.0, 1.0]], "cam_ids": [0, 1, 2, 3, 4, 5], "cam_channels": ["CAM_FRONT_LEFT", "CAM_FRONT", "CAM_FRONT_RIGHT", "CAM_BACK_LEFT", "CAM_BACK", "CAM_BACK_RIGHT"], "token": "f087c45005124bc5a0ed2e8eb39892fe", "scene": "scene-0329"}, {"images": ["samples/CAM_FRONT_LEFT/n008-2018-08-22-15-53-49-0400__CAM_FRONT_LEFT__1534967836854799.jpg", "samples/CAM_FRONT/n008-2018-08-22-15-53-49-0400__CAM_FRONT__1534967836862404.jpg", "samples/CAM_FRONT_RIGHT/n008-2018-08-22-15-53-49-0400__CAM_FRONT_RIGHT__1534967836870482.jpg", "samples/CAM_BACK_LEFT/n008-2018-08-22-15-53-49-0400__CAM_BACK_LEFT__1534967836897405.jpg", "samples/CAM_BACK/n008-2018-08-22-15-53-49-0400__CAM_BACK__1534967836887558.jpg", "samples/CAM_BACK_RIGHT/n008-2018-08-22-15-53-49-0400__CAM_BACK_RIGHT__1534967836878113.jpg"], "intrinsics": [[[1257.8625342125129, 0.0, 827.2410631095686], [0.0, 1257.8625342125129, 450.915498205774], [0.0, 0.0, 1.0]], [[1252.8131021185304, 0.0, 826.588114781398], [0.0, 1252.8131021185304, 469.9846626224581], [0.0, 0.0, 1.0]], [[1256.7485116440405, 0.0, 817.7887570959712], [0.0, 1256.7485116440403, 451.9541780095127], [0.0, 0.0, 1.0]], [[1254.9860565800168, 0.0, 829.5769333630991], [0.0, 1254.9860565800168, 467.1680561863987], [0.0, 0.0, 1.0]], [[796.8910634503094, 0.0, 857.7774326863696], [0.0, 796.8910634503094, 476.8848988407415], [0.0, 0.0, 1.0]], [[1249.9629280788233, 0.0, 825.3768045375984], [0.0, 1249.9629280788233, 462.54816385708756], [0.0, 0.0, 1.0]]], "extrinsics": [[[0.8229687809944153, -0.5675820708274841, -0.02393731102347374, -0.9539794921875], [0.005895181559026241, 0.05066702887415886, -0.9986981749534607, 1.4885978698730469], [0.5680561065673828, 0.8217563033103943, 0.04504338279366493, -1.2996826171875], [0.0, 0.0, 0.0, 1.0]], [[0.010839765891432762, -0.9988568425178528, -0.0465545579791069, 0.0068359375], [0.007843784987926483, 0.046640798449516296, -0.9988809823989868, 1.4805145263671875], [0.9999104738235474, 0.010462467558681965, 0.00834039505571127, -1.6846923828125], [0.0, 0.0, 0.0, 1.0]], [[-0.8437643051147461, -0.5356490015983582, -0.03379024192690849, 1.0584716796875], [0.015863904729485512, 0.038040075451135635, -0.999150276184082, 1.4936485290527344], [0.5364792346954346, -0.8435834646224976, -0.023599378764629364, -1.2562274932861328], [0.0, 0.0, 0.0, 1.0]], [[0.9478967785835266, 0.3184775710105896, 0.00798163190484047, -1.1444091796875], [-0.009556019678711891, 0.05346677824854851, -0.9985239505767822, 1.5620498657226562], [-0.3184342384338379, 0.9464213252067566, 0.053724370896816254, -0.15594482421875], [0.0, 0.0, 0.0, 1.0]], [[0.00912361778318882, 0.9989088773727417, 0.04580192640423775, -0.02899169921875], [-0.007439389359205961, 0.04587036743760109, -0.998919665813446, 1.5679473876953125], [-0.9999306797981262, 0.008773003704845905, 0.00784977525472641, 0.030517578125], [0.0, 0.0, 0.0, 1.0]], [[-0.9238427877426147, 0.38259047269821167, 0.011789225973188877, 1.135009765625], [-0.003206635592505336, 0.02306278795003891, -0.9997288584709167, 1.5477123260498047], [-0.38275864720344543, -0.9236301183700562, -0.020079560577869415, -0.0537109375], [0.0, 0.0, 0.0, 1.0]]], "view": [[0.0, -2.0, 100.0], [-2.0, 0.0, 100.0], [0.0, 0.0, 1.0]], "bev": "bev_deb3daf1fd634c4b83a80182cabeef46.png", "aux": "aux_deb3daf1fd634c4b83a80182cabeef46.npz", "visibility": "visibility_deb3daf1fd634c4b83a80182cabeef46.png", "pose": [[-0.9913843870162964, -0.13098463416099548, 0.0, 1739.9407958984375], [0.13098463416099548, -0.9913843870162964, 0.0, 784.7031860351562], [0.0, 0.0, 1.0, 0.0], [0.0, 0.0, 0.0, 1.0]], "pose_inverse": [[-0.9913843870162964, 0.13098463416099548, 0.0, 1622.1661376953125], [-0.13098463416099548, -0.9913843870162964, 0.0, 1005.8480224609375], [0.0, 0.0, 1.0, 0.0], [0.0, 0.0, 0.0, 1.0]], "cam_ids": [0, 1, 2, 3, 4, 5], "cam_channels": ["CAM_FRONT_LEFT", "CAM_FRONT", "CAM_FRONT_RIGHT", "CAM_BACK_LEFT", "CAM_BACK", "CAM_BACK_RIGHT"], "token": "deb3daf1fd634c4b83a80182cabeef46", "scene": "scene-0329"}, {"images": ["samples/CAM_FRONT_LEFT/n008-2018-08-22-15-53-49-0400__CAM_FRONT_LEFT__1534967837354799.jpg", "samples/CAM_FRONT/n008-2018-08-22-15-53-49-0400__CAM_FRONT__1534967837362404.jpg", "samples/CAM_FRONT_RIGHT/n008-2018-08-22-15-53-49-0400__CAM_FRONT_RIGHT__1534967837370482.jpg", "samples/CAM_BACK_LEFT/n008-2018-08-22-15-53-49-0400__CAM_BACK_LEFT__1534967837397405.jpg", "samples/CAM_BACK/n008-2018-08-22-15-53-49-0400__CAM_BACK__1534967837387558.jpg", "samples/CAM_BACK_RIGHT/n008-2018-08-22-15-53-49-0400__CAM_BACK_RIGHT__1534967837378113.jpg"], "intrinsics": [[[1257.8625342125129, 0.0, 827.2410631095686], [0.0, 1257.8625342125129, 450.915498205774], [0.0, 0.0, 1.0]], [[1252.8131021185304, 0.0, 826.588114781398], [0.0, 1252.8131021185304, 469.9846626224581], [0.0, 0.0, 1.0]], [[1256.7485116440405, 0.0, 817.7887570959712], [0.0, 1256.7485116440403, 451.9541780095127], [0.0, 0.0, 1.0]], [[1254.9860565800168, 0.0, 829.5769333630991], [0.0, 1254.9860565800168, 467.1680561863987], [0.0, 0.0, 1.0]], [[796.8910634503094, 0.0, 857.7774326863696], [0.0, 796.8910634503094, 476.8848988407415], [0.0, 0.0, 1.0]], [[1249.9629280788233, 0.0, 825.3768045375984], [0.0, 1249.9629280788233, 462.54816385708756], [0.0, 0.0, 1.0]]], "extrinsics": [[[0.8229264616966248, -0.5675972104072571, -0.025012468919157982, -0.96868896484375], [0.004345471505075693, 0.050311315804719925, -0.9987241625785828, 1.4884490966796875], [0.5681314468383789, 0.8217677474021912, 0.043868985027074814, -1.3092041015625], [0.0, 0.0, 0.0, 1.0]], [[0.010783085599541664, -0.99888014793396, -0.046065784990787506, 0.00628662109375], [0.006257657427340746, 0.04613497480750084, -0.9989156126976013, 1.4803581237792969], [0.9999222755432129, 0.01048314943909645, 0.00674812775105238, -1.698974609375], [0.0, 0.0, 0.0, 1.0]], [[-0.8437961935997009, -0.5357049703598022, -0.03206614777445793, 1.0677490234375], [0.014243237674236298, 0.03737523779273033, -0.9991997480392456, 1.4934463500976562], [0.5364748239517212, -0.8435777425765991, -0.02390691079199314, -1.262378215789795], [0.0, 0.0, 0.0, 1.0]], [[0.9478916525840759, 0.3185371160507202, 0.005966633558273315, -1.1436767578125], [-0.011279868893325329, 0.0522707998752594, -0.9985692501068115, 1.5620384216308594], [-0.3183932602405548, 0.9464681148529053, 0.05314010754227638, -0.156219482421875], [0.0, 0.0, 0.0, 1.0]], [[0.00914191734045744, 0.9989557266235352, 0.0447654090821743, -0.02880859375], [-0.009116088040173054, 0.04484867677092552, -0.9989521503448486, 1.5679588317871094], [-0.999916672706604, 0.008724247105419636, 0.00951