[{"images": ["samples/CAM_FRONT_LEFT/n008-2018-09-18-14-54-39-0400__CAM_FRONT_LEFT__1537296945854799.jpg", "samples/CAM_FRONT/n008-2018-09-18-14-54-39-0400__CAM_FRONT__1537296945862404.jpg", "samples/CAM_FRONT_RIGHT/n008-2018-09-18-14-54-39-0400__CAM_FRONT_RIGHT__1537296945870482.jpg", "samples/CAM_BACK_LEFT/n008-2018-09-18-14-54-39-0400__CAM_BACK_LEFT__1537296945897405.jpg", "samples/CAM_BACK/n008-2018-09-18-14-54-39-0400__CAM_BACK__1537296945887558.jpg", "samples/CAM_BACK_RIGHT/n008-2018-09-18-14-54-39-0400__CAM_BACK_RIGHT__1537296945878113.jpg"], "intrinsics": [[[1257.8625342125129, 0.0, 827.2410631095686], [0.0, 1257.8625342125129, 450.915498205774], [0.0, 0.0, 1.0]], [[1252.8131021185304, 0.0, 826.588114781398], [0.0, 1252.8131021185304, 469.9846626224581], [0.0, 0.0, 1.0]], [[1256.7485116440405, 0.0, 817.7887570959712], [0.0, 1256.7485116440403, 451.9541780095127], [0.0, 0.0, 1.0]], [[1254.9860565800168, 0.0, 829.5769333630991], [0.0, 1254.9860565800168, 467.1680561863987], [0.0, 0.0, 1.0]], [[796.8910634503094, 0.0, 857.7774326863696], [0.0, 796.8910634503094, 476.8848988407415], [0.0, 0.0, 1.0]], [[1249.9629280788233, 0.0, 825.3768045375984], [0.0, 1249.9629280788233, 462.54816385708756], [0.0, 0.0, 1.0]]], "extrinsics": [[[0.822999894618988, -0.5674545764923096, -0.025818347930908203, -0.7569580078125], [-0.016806967556476593, 0.021106211468577385, -0.9996359944343567, 1.48321533203125], [0.5677928924560547, 0.823134183883667, 0.007833218201994896, -1.1644287109375], [0.0, 0.0, 0.0, 1.0]], [[0.011066929437220097, -0.9997923374176025, -0.01711135357618332, 0.009765625], [-0.014695726335048676, 0.016947930678725243, -0.9997484087944031, 1.4764823913574219], [0.9998307228088379, 0.01131559256464243, -0.014505110681056976, -1.48614501953125], [0.0, 0.0, 0.0, 1.0]], [[-0.8436563014984131, -0.5368824005126953, 0.001153079210780561, 0.92706298828125], [-0.0065999021753668785, 0.008223463781177998, -0.9999443888664246, 1.4917774200439453], [0.5368430614471436, -0.8436170220375061, -0.010481148026883602, -1.1717529296875], [0.0, 0.0, 0.0, 1.0]], [[0.9475238919258118, 0.3188704550266266, -0.02280777134001255, -1.1285400390625], [-0.03187510743737221, 0.023245835676789284, -0.9992215037345886, 1.5615196228027344], [-0.31809201836586, 0.9475131630897522, 0.03219001367688179, -0.161376953125], [0.0, 0.0, 0.0, 1.0]], [[0.00904852245002985, 0.9998388290405273, 0.015510770492255688, -0.028564453125], [-0.02972238138318062, 0.01577347330749035, -0.999433696269989, 1.5656318664550781], [-0.9995172023773193, 0.008582381531596184, 0.02986031584441662, -0.037078857421875], [0.0, 0.0, 0.0, 1.0]], [[-0.9237920641899109, 0.38231438398361206, 0.02106991782784462, 1.0272216796875], [-0.025651965290308, -0.006891174707561731, -0.9996472001075745, 1.5441241264343262], [-0.3820343315601349, -0.9240066409111023, 0.01617312803864479, -0.097900390625], [0.0, 0.0, 0.0, 1.0]]], "view": [[0.0, -2.0, 100.0], [-2.0, 0.0, 100.0], [0.0, 0.0, 1.0]], "bev": "bev_97f65fb9ddb045f5a8442f95277d0eef.png", "aux": "aux_97f65fb9ddb045f5a8442f95277d0eef.npz", "visibility": "visibility_97f65fb9ddb045f5a8442f95277d0eef.png", "pose": [[0.8663800954818726, 0.49938511848449707, 0.0, 604.3028564453125], [-0.49938511848449707, 0.8663800954818726, 0.0, 1644.8558349609375], [0.0, 0.0, 1.0, 0.0], [0.0, 0.0, 0.0, 1.0]], "pose_inverse": [[0.8663800954818726, -0.49938511848449707, 0.0, 297.8605651855469], [0.49938511848449707, 0.8663800954818726, 0.0, -1726.8502197265625], [0.0, 0.0, 1.0, 0.0], [0.0, 0.0, 0.0, 1.0]], "cam_ids": [0, 1, 2, 3, 4, 5], "cam_channels": ["CAM_FRONT_LEFT", "CAM_FRONT", "CAM_FRONT_RIGHT", "CAM_BACK_LEFT", "CAM_BACK", "CAM_BACK_RIGHT"], "token": "97f65fb9ddb045f5a8442f95277d0eef", "scene": "scene-0869"}, {"images": ["samples/CAM_FRONT_LEFT/n008-2018-09-18-14-54-39-0400__CAM_FRONT_LEFT__1537296946354799.jpg", "samples/CAM_FRONT/n008-2018-09-18-14-54-39-0400__CAM_FRONT__1537296946362404.jpg", "samples/CAM_FRONT_RIGHT/n008-2018-09-18-14-54-39-0400__CAM_FRONT_RIGHT__1537296946370482.jpg", "samples/CAM_BACK_LEFT/n008-2018-09-18-14-54-39-0400__CAM_BACK_LEFT__1537296946397405.jpg", "samples/CAM_BACK/n008-2018-09-18-14-54-39-0400__CAM_BACK__1537296946387558.jpg", "samples/CAM_BACK_RIGHT/n008-2018-09-18-14-54-39-0400__CAM_BACK_RIGHT__1537296946378113.jpg"], "intrinsics": [[[1257.8625342125129, 0.0, 827.2410631095686], [0.0, 1257.8625342125129, 450.915498205774], [0.0, 0.0, 1.0]], [[1252.8131021185304, 0.0, 826.588114781398], [0.0, 1252.8131021185304, 469.9846626224581], [0.0, 0.0, 1.0]], [[1256.7485116440405, 0.0, 817.7887570959712], [0.0, 1256.7485116440403, 451.9541780095127], [0.0, 0.0, 1.0]], [[1254.9860565800168, 0.0, 829.5769333630991], [0.0, 1254.9860565800168, 467.1680561863987], [0.0, 0.0, 1.0]], [[796.8910634503094, 0.0, 857.7774326863696], [0.0, 796.8910634503094, 476.8848988407415], [0.0, 0.0, 1.0]], [[1249.9629280788233, 0.0, 825.3768045375984], [0.0, 1249.9629280788233, 462.54816385708756], [0.0, 0.0, 1.0]]], "extrinsics": [[[0.8234860897064209, -0.5665725469589233, -0.029430491849780083, -0.748046875], [-0.015994975343346596, 0.028668854385614395, -0.9994609355926514, 1.4832801818847656], [0.5671108365058899, 0.8235129714012146, 0.014546090736985207, -1.1578369140625], [0.0, 0.0, 0.0, 1.0]], [[0.011854369193315506, -0.999625563621521, -0.024659914895892143, 0.0096435546875], [-0.013823218643665314, 0.024495461955666542, -0.999604344367981, 1.4765625], [0.9998341202735901, 0.012190531007945538, -0.01352766528725624, -1.476715087890625], [0.0, 0.0, 0.0, 1.0]], [[-0.8433264493942261, -0.5373889207839966, -0.0036871738266199827, 0.9207763671875], [-0.0056328438222408295, 0.0156999658793211, -0.9998608231544495, 1.4919166564941406], [0.5373721122741699, -0.8431883454322815, -0.01626722700893879, -1.168212890625], [0.0, 0.0, 0.0, 1.0]], [[0.94754958152771, 0.3189922273159027, -0.01984189637005329, -1.128326416015625], [-0.03110853023827076, 0.030263034626841545, -0.9990577697753906, 1.5615310668945312], [-0.3180912137031555, 0.9472739696502686, 0.038599107414484024, -0.1614990234375], [0.0, 0.0, 0.0, 1.0]], [[0.008835905231535435, 0.9997031688690186, 0.022701935842633247, -0.0286865234375], [-0.028942596167325974, 0.022948987782001495, -0.9993175864219666, 1.56561279296875], [-0.9995419979095459, 0.008172870613634586, 0.029136786237359047, -0.0399169921875], [0.0, 0.0, 0.0, 1.0]], [[-0.9239769577980042, 0.3817603588104248, 0.022922663018107414, 1.02227783203125], [-0.024614302441477776, 0.00045228569069877267, -0.9996969103813171, 1.5441346168518066], [-0.38165509700775146, -0.924261212348938, 0.008978862315416336, -0.10009765625], [0.0, 0.0, 0.0, 1.0]]], "view": [[0.0, -2.0, 100.0], [-2.0, 0.0, 100.0], [0.0, 0.0, 1.0]], "bev": "bev_c777f6f80ef448c2b28e23cd5aa205c7.png", "aux": "aux_c777f6f80ef448c2b28e23cd5aa205c7.npz", "visibility": "visibility_c777f6f80ef448c2b28e23cd5aa205c7.png", "pose": [[0.8567208647727966, 0.5157802700996399, 0.0, 607.2163696289062], [-0.5157802700996399, 0.8567208647727966, 0.0, 1643.1226806640625], [0.0, 0.0, 1.0, 0.0], [0.0, 0.0, 0.0, 1.0]], "pose_inverse": [[0.8567208647727966, -0.5157802700996399, 0.0, 327.2753601074219], [0.5157802700996399, 0.8567208647727966, 0.0, -1720.8878173828125], [0.0, 0.0, 1.0, 0.0], [0.0, 0.0, 0.0, 1.0]], "cam_ids": [0, 1, 2, 3, 4, 5], "cam_channels": ["CAM_FRONT_LEFT", "CAM_FRONT", "CAM_FRONT_RIGHT", "CAM_BACK_LEFT", "CAM_BACK", "CAM_BACK_RIGHT"], "token": "c777f6f80ef448c2b28e23cd5aa205c7", "scene": "scene-0869"}, {"images": ["samples/CAM_FRONT_LEFT/n008-2018-09-18-14-54-39-0400__CAM_FRONT_LEFT__1537296946854799.jpg", "samples/CAM_FRONT/n008-2018-09-18-14-54-39-0400__CAM_FRONT__1537296946862404.jpg", "samples/CAM_FRONT_RIGHT/n008-2018-09-18-14-54-39-0400__CAM_FRONT_RIGHT__1537296946870482.jpg", "samples/CAM_BACK_LEFT/n008-2018-09-18-14-54-39-0400__CAM_BACK_LEFT__1537296946897405.jpg", "samples/CAM_BACK/n008-2018-09-18-14-54-39-0400__CAM_BACK__1537296946887558.jpg", "samples/CAM_BACK_RIGHT/n008-2018-09-18-14-54-39-0400__CAM_BACK_RIGHT__1537296946878113.jpg"], "intrinsics": [[[1257.8625342125129, 0.0, 827.2410631095686], [0.0, 1257.8625342125129, 450.915498205774], [0.0, 0.0, 1.0]], [[1252.8131021185304, 0.0, 826.588114781398], [0.0, 1252.8131021185304, 469.9846626224581], [0.0, 0.0, 1.0]], [[1256.7485116440405, 0.0, 817.7887570959712], [0.0, 1256.7485116440403, 451.9541780095127], [0.0, 0.0, 1.0]], [[1254.9860565800168, 0.0, 829.5769333630991], [0.0, 1254.9860565800168, 467.1680561863987], [0.0, 0.0, 1.0]], [[796.8910634503094, 0.0, 857.7774326863696], [0.0, 796.8910634503094, 476.8848988407415], [0.0, 0.0, 1.0]], [[1249.9629280788233, 0.0, 825.3768045375984], [0.0, 1249.9629280788233, 462.54816385708756], [0.0, 0.0, 1.0]]], "extrinsics": [[[0.8232818841934204, -0.5663155913352966, -0.03864811733365059, -0.7706298828125], [-0.029004957526922226, 0.02602701634168625, -0.9992403388023376, 1.48004150390625], [0.5668913125991821, 0.823777437210083, 0.0050016106106340885, -1.1712646484375], [0.0, 0.0, 0.0, 1.0]], [[0.011943132616579533, -0.9996809959411621, -0.02225417084991932, 0.0079345703125], [-0.02700011059641838, 0.02192523330450058, -0.999394953250885, 1.4737777709960938], [0.9995641112327576, 0.012536698952317238, -0.026729641482234, -1.498138427734375], [0.0, 0.0, 0.0, 1.0]], [[-0.8430944085121155, -0.5376928448677063, 0.008847453631460667, 0.93475341796875], [-0.018971044570207596, 0.013296253979206085, -0.9997316002845764, 1.4895687103271484], [0.5374308824539185, -0.8430359959602356, -0.021410595625638962, -1.178466796875], [0.0, 0.0, 0.0, 1.0]], [[0.9471035599708557, 0.3192300796508789, -0.032970454543828964, -1.1338348388671875], [-0.04446571320295334, 0.02878633700311184, -0.9985960721969604, 1.5615692138671875], [-0.3178328275680542, 0.9472399353981018, 0.041458435356616974, -0.1595458984375], [0.0, 0.0, 0.0, 1.0]], [[0.00881734024733305, 0.9997456669807434, 0.02075897715985775, -0.0281982421875], [-0.04230436682701111, 0.02111414633691311, -0.9988816380500793, 1.5649223327636719], [-0.9990658760070801, 0.007929335348308086, 0.042479779571294785, -0.02984619140625], [0.0, 0.0, 0.0, 1.0]], [[-0.9237204194068909, 0.3815094828605652, 0.03451285511255264, 1.0357666015625], [-0.03804577887058258, -0.0017190842190757394, -0.999274492263794, 1.5426626205444336], [-0.3811732828617096, -0.9243633151054382, 0.016102777794003487, -0.095458984375], [0.0, 0.0, 0.0, 1.0]]], "view": [[0.0, -2.0, 100.0], [-2.0, 0.0, 100.0], [0.0, 0.0, 1.0]], "bev": "bev_e8fc7cfba2fd40069535e48e24052fd2.png", "aux": "aux_e8fc7cfba2fd40069535e48e24052fd2.npz", "visibility": "visibility_e8fc7cfba2fd40069535e48e24052fd2.png", "pose": [[0.845283031463623, 0.5343188047409058, 0.0, 609.9866333007812], [-0.5343188047409058, 0.845283031463623, 0.0, 1641.4068603515625], [0.0, 0.0, 1.0, 0.0], [0.0, 0.0, 0.0, 1.0]], "pose_inverse": [[0.845283031463623, -0.5343188047409058, 0.0, 361.4232177734375], [0.5343188047409058, 0.845283031463623, 0.0, -1713.3807373046875], [0.0, 0.0, 1.0, 0.0], [0.0, 0.0, 0.0, 1.0]], "cam_ids": [0, 1, 2, 3, 4, 5], "cam_channels": ["CAM_FRONT_LEFT", "CAM_FRONT", "CAM_FRONT_RIGHT", "CAM_BACK_LEFT", "CAM_BACK", "CAM_BACK_RIGHT"], "token": "e8fc7cfba2fd40069535e48e24052fd2", "scene": "scene-0869"}, {"images": ["samples/CAM_FRONT_LEFT/n008-2018-09-18-14-54-39-0400__CAM_FRONT_LEFT__1537296947354799.jpg", "samples/CAM_FRONT/n008-2018-09-18-14-54-39-0400__CAM_FRONT__1537296947362404.jpg", "samples/CAM_FRONT_RIGHT/n008-2018-09-18-14-54-39-0400__CAM_FRONT_RIGHT__1537296947370482.jpg", "samples/CAM_BACK_LEFT/n008-2018-09-18-14-54-39-0400__CAM_BACK_LEFT__1537296947397405.jpg", "samples/CAM_BACK/n008-2018-09-18-14-54-39-0400__CAM_BACK__1537296947387558.jpg", "samples/CAM_BACK_RIGHT/n008-2018-09-18-14-54-39-0400__CAM_BACK_RIGHT__1537296947378113.jpg"], "intrinsics": [[[1257.8625342125129, 0.0, 827.2410631095686], [0.0, 1257.8625342125129, 450.915498205774], [0.0, 0.0, 1.0]], [[1252.8131021185304, 0.0, 826.588114781398], [0.0, 1252.8131021185304, 469.9846626224581], [0.0, 0.0, 1.0]], [[1256.7485116440405, 0.0, 817.7887570959712], [0.0, 1256.7485116440403, 451.9541780095127], [0.0, 0.0, 1.0]], [[1254.9860565800168, 0.0, 829.5769333630991], [0.0, 1254.9860565800168, 467.1680561863987], [0.0, 0.0, 1.0]], [[796.8910634503094, 0.0, 857.7774326863696], [0.0, 796.8910634503094, 476.8848988407415], [0.0, 0.0, 1.0]], [[1249.9629280788233, 0.0, 825.3768045375984], [0.0, 1249.9629280788233, 462.54816385708756], [0.0, 0.0, 1.0]]], "extrinsics": [[[0.8227178454399109, -0.5666347742080688, -0.04539350047707558, -0.7655029296875], [-0.035526495426893234, 0.028445463627576828, -0.9989638328552246, 1.477935791015625], [0.5673388242721558, 0.8234780430793762, 0.0032720451708883047, -1.1705322265625], [0.0, 0.0, 0.0, 1.0]], [[0.011339301243424416, -0.9996291995048523, -0.02475721575319767, 0.0096435546875], [-0.03360648453235626, 0.024363839998841286, -0.9991381168365479, 1.4720535278320312], [0.9993707537651062, 0.012161490507423878, -0.03331775218248367, -1.494903564453125], [0.0, 0.0, 0.0, 1.0]], [[-0.8431997299194336, -0.5374395847320557, 0.013152360916137695, 0.9332275390625], [-0.025608649477362633, 0.015716711059212685, -0.9995484352111816, 1.488250732421875], [0.536990225315094, -0.8431558609008789, -0.027015427127480507, -1.1756591796875], [0.0, 0.0, 0.0, 1.0]], [[0.946841835975647, 0.31938931345939636, -0.03848573565483093, -1.131103515625], [-0.05104180797934532, 0.031032675877213478, -0.9982142448425293, 1.5613555908203125], [-0.31762462854385376, 0.9471153616905212, 0.045685239136219025, -0.160400390625], [0.0, 0.0, 0.0, 1.0]], [[0.009016084484755993, 0.9996946454048157, 0.023008771240711212, -0.0286865234375], [-0.048869941383600235, 0.023422731086611748, -0.9985304474830627, 1.5642852783203125], [-0.9987645745277405, 0.007878383621573448, 0.049066200852394104, -0.03271484375], [0.0, 0.0, 0.0, 1.0]], [[-0.9233912825584412, 0.3816080391407013, 0.041519470512866974, 1.03265380859375], [-0.044647298753261566, 0.0006581037887372077, -0.9990025758743286, 1.5416412353515625], [-0.38125473260879517, -0.9243240356445312, 0.016430076211690903, -0.0953369140625], [0.0, 0.0, 0.0, 1.0]]], "view": [[0.0, -2.0, 100.0], [-2.0, 0.0, 100.0], [0.0, 0.0, 1.0]], "bev": "bev_d2b0c09013124cdfbe1d90f819064e29.png", "aux": "aux_d2b0c09013124cdfbe1d90f819064e29.npz", "visibility": "visibility_d2b0c09013124cdfbe1d90f819064e29.png", "pose": [[0.8341287970542908, 0.5515697598457336, 0.0, 612.7145385742188], [-0.5515697598457336, 0.8341287970542908, 0.0, 1639.6219482421875], [0.0, 0.0, 1.0, 0.0], [0.0, 0.0, 0.0, 1.0]], "pose_inverse": [[0.8341287970542908, -0.5515697598457336, 0.0, 393.2830505371094], [0.5515697598457336, 0.8341287970542908, 0.0, -1705.610595703125], [0.0, 0.0, 1.0, 0.0], [0.0, 0.0, 0.0, 1.0]], "cam_ids": [0, 1, 2, 3, 4, 5], "cam_channels": ["CAM_FRONT_LEFT", "CAM_FRONT", "CAM_FRONT_RIGHT", "CAM_BACK_LEFT", "CAM_BACK", "CAM_BACK_RIGHT"], "token": "d2b0c09013124cdfbe1d90f819064e29", "scene": "scene-0869"}, {"images": ["samples/CAM_FRONT_LEFT/n008-2018-09-18-14-54-39-0400__CAM_FRONT_LEFT__1537296947854799.jpg", "samples/CAM_FRONT/n008-2018-09-18-14-54-39-0400__CAM_FRONT__1537296947862404.jpg", "samples/CAM_FRONT_RIGHT/n008-2018-09-18-14-54-39-0400__CAM_FRONT_RIGHT__1537296947870482.jpg", "samples/CAM_BACK_LEFT/n008-2018-09-18-14-54-39-0400__CAM_BACK_LEFT__1537296947897405.jpg", "samples/CAM_BACK/n008-2018-09-18-14-54-39-0400__CAM_BACK__1537296947887558.jpg", "samples/CAM_BACK_RIGHT/n008-2018-09-18-14-54-39-0400__CAM_BACK_RIGHT__1537296947878113.jpg"], "intrinsics": [[[1257.8625342125129, 0.0, 827.2410631095686], [0.0, 1257.8625342125129, 450.915498205774], [0.0, 0.0, 1.0]], [[1252.8131021185304, 0.0, 826.588114781398], [0.0, 1252.8131021185304, 469.9846626224581], [0.0, 0.0, 1.0]], [[1256.7485116440405, 0.0, 817.7887570959712], [0.0, 1256.7485116440403, 451.9541780095127], [0.0, 0.0, 1.0]], [[1254.9860565800168, 0.0, 829.5769333630991], [0.0, 1254.9860565800168, 467.1680561863987], [0.0, 0.0, 1.0]], [[796.8910634503094, 0.0, 857.7774326863696], [0.0, 796.8910634503094, 476.8848988407415], [0.0, 0.0, 1.0]], [[1249.9629280788233, 0.0, 825.3768045375984], [0.0, 1249.9629280788233, 462.54816385708756], [0.0, 0.0, 1.0]]], "extrinsics": [[[0.8220015168190002, -0.5666011571884155, -0.057242345064878464, -0.745849609375], [-0.051561836153268814, 0.026055071502923965, -0.9983298182487488, 1.4720382690429688], [0.5671463012695312, 0.8235801458358765, -0.007797691505402327, -1.1553955078125], [0.0, 0.0, 0.0, 1.0]], [[0.011423011310398579, -0.999686062335968, -0.022296812385320663, 0.009521484375], [-0.049784328788518906, 0.021702032536268234, -0.9985241889953613, 1.4671096801757812], [0.998694658279419, 0.012516193091869354, -0.04952079802751541, -1.4732666015625], [0.0, 0.0, 0.0, 1.0]], [[-0.8425582647323608, -0.5378516912460327, 0.028478259220719337, 0.9180908203125], [-0.04191608354449272, 0.012765295803546906, -0.9990395903587341, 1.4844436645507812], [0.5369716286659241, -0.8429427146911621, -0.03330014646053314, -1.1663818359375], [0.0, 0.0, 0.0, 1.0]], [[0.9458394050598145, 0.31975266337394714, -0.056090280413627625, -1.1274261474609375], [-0.06831003725528717, 0.027120143175125122, -0.9972954392433167, 1.56085205078125], [-0.31736665964126587, 0.9471127986907959, 0.04749361798167229, -0.1617431640625], [0.0, 0.0, 0.0, 1.0]], [[0.0087855514138937, 0.9997748732566833, 0.01930878311395645, -0.0284423828125], [-0.06591710448265076, 0.019846562296152115, -0.9976277351379395, 1.5623664855957031], [-0.9977864027023315, 0.00749196158722043, 0.06607663631439209, -0.041778564453125], [0.0, 0.0, 0.0, 1.0]], [[-0.9228131771087646, 0.3812292516231537, 0.05549752712249756, 1.0198974609375], [-0.06109579652547836, -0.0025872820988297462, -0.9981285333633423, 1.53851318359375], [-0.38037222623825073, -0.9244768619537354, 0.02567908726632595, -0.1009521484375], [0.0, 0.0, 0.0, 1.0]]], "view": [[0.0, -2.0, 100.0], [-2.0, 0.0, 100.0], [0.0, 0.0, 1.0]], "bev": "bev_b2f62541652f432e9b8701b06a878f00.png", "aux": "aux_b2f62541652f432e9b8701b06a878f00.npz", "visibility": "visibility_b2f62541652f432e9b8701b06a878f00.png", "pose": [[0.8257648944854736, 0.5640144348144531, 0.0, 615.4918212890625], [-0.5640144348144531, 0.8257648944854736, 0.0, 1637.73095703125], [0.0, 0.0, 1.0, 0.0], [0.0, 0.0, 0.0, 1.0]], "pose_inverse": [[0.8257648944854736, -0.5640144348144531, 0.0, 415.452392578125], [0.5640144348144531, 0.8257648944854736, 0.0, -1699.527099609375], [0.0, 0.0, 1.0, 0.0], [0.0, 0.0, 0.0, 1.0]], "cam_ids": [0, 1, 2, 3, 4, 5], "cam_channels": ["CAM_FRONT_LEFT", "CAM_FRONT", "CAM_FRONT_RIGHT", "CAM_BACK_LEFT", "CAM_BACK", "CAM_BACK_RIGHT"], "token": "b2f62541652f432e9b8701b06a878f00", "scene": "scene-0869"}, {"images": ["samples/CAM_FRONT_LEFT/n008-2018-09-18-14-54-39-0400__CAM_FRONT_LEFT__1537296948354799.jpg", "samples/CAM_FRONT/n008-2018-09-18-14-54-39-0400__CAM_FRONT__1537296948362404.jpg", "samples/CAM_FRONT_RIGHT/n008-2018-09-18-14-54-39-0400__CAM_FRONT_RIGHT__1537296948370482.jpg", "samples/CAM_BACK_LEFT/n008-2018-09-18-14-54-39-0400__CAM_BACK_LEFT__1537296948397405.jpg", "samples/CAM_BACK/n008-2018-09-18-14-54-39-0400__CAM_BACK__1537296948387558.jpg", "samples/CAM_BACK_RIGHT/n008-2018-09-18-14-54-39-0400__CAM_BACK_RIGHT__1537296948378113.jpg"], "intrinsics": [[[1257.8625342125129, 0.0, 827.2410631095686], [0.0, 1257.8625342125129, 450.915498205774], [0.0, 0.0, 1.0]], [[1252.8131021185304, 0.0, 826.588114781398], [0.0, 1252.8131021185304, 469.9846626224581], [0.0, 0.0, 1.0]], [[1256.7485116440405, 0.0, 817.7887570959712], [0.0, 1256.7485116440403, 451.9541780095127], [0.0, 0.0, 1.0]], [[1254.9860565800168, 0.0, 829.5769333630991], [0.0, 1254.9860565800168, 467.1680561863987], [0.0, 0.0, 1.0]], [[796.8910634503094, 0.0, 857.7774326863696], [0.0, 796.8910634503094, 476.8848988407415], [0.0, 0.0, 1.0]], [[1249.9629280788233, 0.0, 825.3768045375984], [0.0, 1249.9629280788233, 462.54816385708756], [0.0, 0.0, 1.0]]], "extrinsics": [[[0.8217920660972595, -0.5673564672470093, -0.0525784008204937, -0.73876953125], [-0.05286014825105667, 0.015965508297085762, -0.9984742403030396, 1.4712142944335938], [0.5673303008079529, 0.8233174681663513, -0.016870221123099327, -1.1522216796875], [0.0, 0.0, 0.0, 1.0]], [[0.010954036377370358, -0.999862551689148, -0.012443865649402142, 0.01025390625], [-0.05050192028284073, 0.01187554094940424, -0.9986534118652344, 1.4665145874023438], [0.9986638426780701, 0.011567672714591026, -0.0503648966550827, -1.465362548828125], [0.0, 0.0, 0.0, 1.0]], [[-0.8427808880805969, -0.5372004508972168, 0.033704761415719986, 0.9122314453125], [-0.04209572821855545, 0.0033558879513293505, -0.9991078972816467, 1.4841136932373047], [0.5366082191467285, -0.8434479832649231, -0.025442125275731087, -1.1622314453125], [0.0, 0.0, 0.0, 1.0]], [[0.9459331035614014, 0.31942498683929443, -0.05637591332197189, -1.12396240234375], [-0.06611254811286926, 0.01971185952425003, -0.9976174831390381, 1.5606460571289062], [-0.3175526559352875, 0.9474065899848938, 0.039764102548360825, -0.1627197265625], [0.0, 0.0, 0.0, 1.0]], [[0.008899771608412266, 0.9998986124992371, 0.011113983578979969, -0.028564453125], [-0.06448318064212799, 0.011665161699056625, -0.9978505969047546, 1.5621681213378906], [-0.997879147529602, 0.008164006285369396, 0.06458047032356262, -0.046722412109375], [0.0, 0.0, 0.0, 1.0]], [[-0.9227138757705688, 0.3819895088672638, 0.051797110587358475, 1.013916015625], [-0.060770951211452484, -0.011456424370408058, -0.9980859756469727, 1.5382013320922852], [-0.38066497445106506, -0.924095630645752, 0.03378487005829811, -0.1029052734375], [0.0, 0.0, 0.0, 1.0]]], "view": [[0.0, -2.0, 100.0], [-2.0, 0.0, 100.0], [0.0, 0.0, 1.0]], "bev": "bev_f8bb969f76fb48aaaaa8a16ed8209796.png", "aux": "aux_f8bb969f76fb48aaaaa8a16ed8209796.npz", "visibility": "visibility_f8bb969f76fb48aaaaa8a16ed8209796.png", "pose": [[0.8194952607154846, 0.5730859637260437, 0.0, 618.3572998046875], [-0.5730859637260437, 0.8194952607154846, 0.0, 1635.728759765625], [0.0, 0.0, 1.0, 0.0], [0.0, 0.0, 0.0, 1.0]], "pose_inverse": [[0.8194952607154846, -0.5730859637260437, 0.0, 430.6723327636719], [0.5730859637260437, 0.8194952607154846, 0.0, -1694.8438720703125], [0.0, 0.0, 1.0, 0.0], [0.0, 0.0, 0.0, 1.0]], "cam_ids": [0, 1, 2, 3, 4, 5], "cam_channels": ["CAM_FRONT_LEFT", "CAM_FRONT", "CAM_FRONT_RIGHT", "CAM_BACK_LEFT", "CAM_BACK", "CAM_BACK_RIGHT"], "token": "f8bb969f76fb48aaaaa8a16ed8209796", "scene": "scene-0869"}, {"images": ["samples/CAM_FRONT_LEFT/n008-2018-09-18-14-54-39-0400__CAM_FRONT_LEFT__1537296948855294.jpg", "samples/CAM_FRONT/n008-2018-09-18-14-54-39-0400__CAM_FRONT__1537296948862404.jpg", "samples/CAM_FRONT_RIGHT/n008-2018-09-18-14-54-39-0400__CAM_FRONT_RIGHT__1537296948870482.jpg", "samples/CAM_BACK_LEFT/n008-2018-09-18-14-54-39-0400__CAM_BACK_LEFT__1537296948897405.jpg", "samples/CAM_BACK/n008-2018-09-18-14-54-39-0400__CAM_BACK__1537296948887558.jpg", "samples/CAM_BACK_RIGHT/n008-2018-09-18-14-54-39-0400__CAM_BACK_RIGHT__1537296948878113.jpg"], "intrinsics": [[[1257.8625342125129, 0.0, 827.2410631095686], [0.0, 1257.8625342125129, 450.915498205774], [0.0, 0.0, 1.0]], [[1252.8131021185304, 0.0, 826.588114781398], [0.0, 1252.8131021185304, 469.9846626224581], [0.0, 0.0, 1.0]], [[1256.7485116440405, 0.0, 817.7887570959712], [0.0, 1256.7485116440403, 451.9541780095127], [0.0, 0.0, 1.0]], [[1254.9860565800168, 0.0, 829.5769333630991], [0.0, 1254.9860565800168, 467.1680561863987], [0.0, 0.0, 1.0]], [[796.8910634503094, 0.0, 857.7774326863696], [0.0, 796.8910634503094, 476.8848988407415], [0.0, 0.0, 1.0]], [[1249.9629280788233, 0.0, 825.3768045375984], [0.0, 1249.9629280788233, 462.54816385708756], [0.0, 0.0, 1.0]]], "extrinsics": [[[0.8218815922737122, -0.5676783323287964, -0.04745670035481453, -0.7501220703125], [-0.03689035400748253, 0.030093438923358917, -0.9988661408424377, 1.4768447875976562], [0.5684626698493958, 0.8227003216743469, 0.0037913876585662365, -1.158203125], [0.0, 0.0, 0.0, 1.0]], [[0.010233458131551743, -0.9995948076248169, -0.026563376188278198, 0.0087890625], [-0.034794483333826065, 0.026192720979452133, -0.9990512132644653, 1.4711112976074219], [0.9993420839309692, 0.01114802248775959, -0.03451233729720116, -1.475128173828125], [0.0, 0.0, 0.0, 1.0]], [[-0.8436312079429626, -0.5367650389671326, 0.013025389052927494, 0.9193115234375], [-0.02673134207725525, 0.017759565263986588, -0.9994848370552063, 1.4876289367675781], [0.536257266998291, -0.8435448408126831, -0.029330972582101822, -1.1680908203125], [0.0, 0.0, 0.0, 1.0]], [[0.9468344449996948, 0.3193860650062561, -0.038692817091941833, -1.1286773681640625], [-0.052124831825494766, 0.03361218795180321, -0.9980747699737549, 1.5612030029296875], [-0.31747058033943176, 0.9470284581184387, 0.04847312346100807, -0.1612548828125], [0.0, 0.0, 0.0, 1.0]], [[0.009413865394890308, 0.9996326565742493, 0.025417573750019073, -0.028076171875], [-0.05013448745012283, 0.0258585624396801, -0.9984076619148254, 1.5638275146484375], [-0.9986981749534607, 0.008124608546495438, 0.05035949870944023, -0.040008544921875], [0.0, 0.0, 0.0, 1.0]], [[-0.9231027364730835, 0.38208839297294617, 0.04347250238060951, 1.0218505859375], [-0.04584414139389992, 0.00289924000389874, -0.9989444017410278, 1.5409278869628906], [-0.38181114196777344, -0.9241212010383606, 0.014840220101177692, -0.1007080078125], [0.0, 0.0, 0.0, 1.0]]], "view": [[0.0, -2.0, 100.0], [-2.0, 0.0, 100.0], [0.0, 0.0, 1.0]], "bev": "bev_f9cabe607022498aa6920abece8289d1.png", "aux": "aux_f9cabe607022498aa6920abece8289d1.npz", "visibility": "visibility_f9cabe607022498aa6920abece8289d1.png", "pose": [[0.8127296566963196, 0.5826410055160522, 0.0, 621.2471923828125], [-0.5826410055160522, 0.8127296566963196, 0.0, 1633.6395263671875], [0.0, 0.0, 1.0, 0.0], [0.0, 0.0, 0.0, 1.0]], "pose_inverse": [[0.8127296566963196, -0.5826410055160522, 0.0, 446.91937255859375], [0.5826410055160522, 0.8127296566963196, 0.0, -1689.67138671875], [0.0, 0.0, 1.0, 0.0], [0.0, 0.0, 0.0, 1.0]], "cam_ids": [0, 1, 2, 3, 4, 5], "cam_channels": ["CAM_FRONT_LEFT", "CAM_FRONT", "CAM_FRONT_RIGHT", "CAM_BACK_LEFT", "CAM_BACK", "CAM_BACK_RIGHT"], "token": "f9cabe607022498aa6920abece8289d1", "scene": "scene-0869"}, {"images": ["samples/CAM_FRONT_LEFT/n008-2018-09-18-14-54-39-0400__CAM_FRONT_LEFT__1537296949254799.jpg", "samples/CAM_FRONT/n008-2018-09-18-14-54-39-0400__CAM_FRONT__1537296949262404.jpg", "samples/CAM_FRONT_RIGHT/n008-2018-09-18-14-54-39-0400__CAM_FRONT_RIGHT__1537296949270482.jpg", "samples/CAM_BACK_LEFT/n008-2018-09-18-14-54-39-0400__CAM_BACK_LEFT__1537296949297405.jpg", "samples/CAM_BACK/n008-2018-09-18-14-54-39-0400__CAM_BACK__1537296949287558.jpg", "samples/CAM_BACK_RIGHT/n008-2018-09-18-14-54-39-0400__CAM_BACK_RIGHT__1537296949278113.jpg"], "intrinsics": [[[1257.8625342125129, 0.0, 827.2410631095686], [0.0, 1257.8625342125129, 450.915498205774], [0.0, 0.0, 1.0]], [[1252.8131021185304, 0.0, 826.588114781398], [0.0, 1252.8131021185304, 469.9846626224581], [0.0, 0.0, 1.0]], [[1256.7485116440405, 0.0, 817.7887570959712], [0.0, 1256.7485116440403, 451.9541780095127], [0.0, 0.0, 1.0]], [[1254.9860565800168, 0.0, 829.5769333630991], [0.0, 1254.9860565800168, 467.1680561863987], [0.0, 0.0, 1.0]], [[796.8910634503094, 0.0, 857.7774326863696], [0.0, 796.8910634503094, 476.8848988407415], [0.0, 0.0, 1.0]], [[1249.9629280788233, 0.0, 825.3768045375984], [0.0, 1249.9629280788233, 462.54816385708756], [0.0, 0.0, 1.0]]], "extrinsics": [[[0.8221787810325623, -0.5674623250961304, -0.044817015528678894, -0.740234375], [-0.030995318666100502, 0.03398619219660759, -0.9989415407180786, 1.4782791137695312], [0.5683848261833191, 0.8226976990699768, 0.010354053229093552, -1.1531982421875], [0.0, 0.0, 0.0, 1.0]], [[0.010219919495284557, -0.9995003342628479, -0.029909029603004456, 0.010009765625], [-0.02908039651811123, 0.02960086055099964, -0.9991386532783508, 1.4723892211914062], [0.9995248317718506, 0.01108093373477459, -0.028763344511389732, -1.469451904296875], [0.0, 0.0, 0.0, 1.0]], [[-0.8438122272491455, -0.5365961194038391, 0.006741208955645561, 0.91632080078125], [-0.021069958806037903, 0.0205756276845932, -0.9995661973953247, 1.4886703491210938], [0.5362246632575989, -0.8435882925987244, -0.028668029233813286, -1.1650390625], [0.0, 0.0, 0.0, 1.0]], [[0.9470789432525635, 0.3193073868751526, -0.03292616829276085, -1.12957763671875], [-0.046398263424634933, 0.034674838185310364, -0.998320996761322, 1.56134033203125], [-0.3176295757293701, 0.9470165371894836, 0.047655120491981506, -0.1610107421875], [0.0, 0.0, 0.0, 1.0]], [[0.009448297321796417, 0.9995887875556946, 0.027071798220276833, -0.028564453125], [-0.044286321848630905, 0.027464738115668297, -0.9986412525177002, 1.5642623901367188], [-0.9989741444587708, 0.008236618712544441, 0.04452760890126228, -0.041015625], [0.0, 0.0, 0.0, 1.0]], [[-0.9232562184333801, 0.38219791650772095, 0.03902149572968483, 1.0191650390625], [-0.04009891673922539, 0.005149193573743105, -0.9991824626922607, 1.5416717529296875], [-0.3820863664150238, -0.9240661263465881, 0.010571697726845741, -0.1011962890625], [0.0, 0.0, 0.0, 1.0]]], "view": [[0.0, -2.0, 100.0], [-2.0, 0.0, 100.0], [0.0, 0.0, 1.0]], "bev": "bev_ad49ecf4dcbd4deba0e6e72cffcf921e.png", "aux": "aux_ad49ecf4dcbd4deba0e6e72cffcf921e.npz", "visibility": "visibility_ad49ecf4dcbd4deba0e6e72cffcf921e.png", "pose": [[0.8079893589019775, 0.589197039604187, 0.0, 623.5400390625], [-0.589197039604187, 0.8079893589019775, 0.0, 1631.95703125], [0.0, 0.0, 1.0, 0.0], [0.0, 0.0, 0.0, 1.0]], "pose_inverse": [[0.8079893589019775, -0.589197039604187, 0.0, 457.7305603027344], [0.589197039604187, 0.8079893589019775, 0.0, -1685.991943359375], [0.0, 0.0, 1.0, 0.0], [0.0, 0.0, 0.0, 1.0]], "cam_ids": [0, 1, 2, 3, 4, 5], "cam_channels": ["CAM_FRONT_LEFT", "CAM_FRONT", "CAM_FRONT_RIGHT", "CAM_BACK_LEFT", "CAM_BACK", "CAM_BACK_RIGHT"], "token": "ad49ecf4dcbd4deba0e6e72cffcf921e", "scene": "scene-0869"}, {"images": ["samples/CAM_FRONT_LEFT/n008-2018-09-18-14-54-39-0400__CAM_FRONT_LEFT__1537296949754799.jpg", "samples/CAM_FRONT/n008-2018-09-18-14-54-39-0400__CAM_FRONT__1537296949762404.jpg", "samples/CAM_FRONT_RIGHT/n008-2018-09-18-14-54-39-0400__CAM_FRONT_RIGHT__1537296949770482.jpg", "samples/CAM_BACK_LEFT/n008-2018-09-18-14-54-39-0400__CAM_BACK_LEFT__1537296949797405.jpg", "samples/CAM_BACK/n008-2018-09-18-14-54-39-0400__CAM_BACK__1537296949787558.jpg", "samples/CAM_BACK_RIGHT/n008-2018-09-18-14-54-39-0400__CAM_BACK_RIGHT__1537296949778113.jpg"], "intrinsics": [[[1257.8625342125129, 0.0, 827.2410631095686], [0.0, 1257.8625342125129, 450.915498205774], [0.0, 0.0, 1.0]], [[1252.8131021185304, 0.0, 826.588114781398], [0.0, 1252.8131021185304, 469.9846626224581], [0.0, 0.0, 1.0]], [[1256.7485116440405, 0.0, 817.7887570959712], [0.0, 1256.7485116440403, 451.9541780095127], [0.0, 0.0, 1.0]], [[1254.9860565800168, 0.0, 829.5769333630991], [0.0, 1254.9860565800168, 467.1680561863987], [0.0, 0.0, 1.0]], [[796.8910634503094, 0.0, 857.7774326863696], [0.0, 796.8910634503094, 476.8848988407415], [0.0, 0.0, 1.0]], [[1249.9629280788233, 0.0, 825.3768045375984], [0.0, 1249.9629280788233, 462.54816385708756], [0.0, 0.0, 1.0]]], "extrinsics": [[[0.8232596516609192, -0.566931962966919, -0.028839046135544777, -0.7557373046875], [-0.018184904009103775, 0.02443813718855381, -0.9995359778404236, 1.4827537536621094], [0.5673736929893494, 0.8234020471572876, 0.00980933103710413, -1.1649169921875], [0.0, 0.0, 0.0, 1.0]], [[0.011518362909555435, -0.9997274875640869, -0.02030145190656185, 0.0106201171875], [-0.015814129263162613, 0.02011813223361969, -0.999672532081604, 1.4761810302734375], [0.9998085498809814, 0.011835608631372452, -0.015578092075884342, -1.48602294921875], [0.0, 0.0, 0.0, 1.0]], [[-0.8434582352638245, -0.5371946096420288, 0.00011129303311463445, 0.927886962890625], [-0.0072912792675197124, 0.011241004802286625, -0.9999102354049683, 1.4916362762451172], [0.53714519739151, -0.8433833718299866, -0.013398156501352787, -1.1717529296875], [0.0, 0.0, 0.0, 1.0]], [[0.9475381374359131, 0.3189360797405243, -0.021243559196591377, -1.1315994262695312], [-0.0311695896089077, 0.026050200685858727, -0.9991745948791504, 1.5616302490234375], [-0.31811943650245667, 0.9474180936813354, 0.03462466597557068, -0.160400390625], [0.0, 0.0, 0.0, 1.0]], [[0.008929187431931496, 0.9997924566268921, 0.01831180602312088, -0.02880859375], [-0.02963506616652012, 0.01856907643377781, -0.9993882775306702, 1.5657005310058594], [-0.9995208978652954, 0.008381019346415997, 0.02979472279548645, -0.035125732421875], [0.0, 0.0, 0.0, 1.0]], [[-0.9238828420639038, 0.38201969861984253, 0.022388797253370285, 1.028076171875], [-0.025880912318825722, -0.0040045506320893764, -0.9996570348739624, 1.5441184043884277], [-0.38179898262023926, -0.9241454005241394, 0.013586755841970444, -0.0970458984375], [0.0, 0.0, 0.0, 1.0]]], "view": [[0.0, -2.0, 100.0], [-2.0, 0.0, 100.0], [0.0, 0.0, 1.0]], "bev": "bev_87f9af58c2ad415aa4abd86348f8d1ad.png", "aux": "aux_87f9af58c2ad415aa4abd86348f8d1ad.npz", "visibility": "visibility_87f9af58c2ad415aa4abd86348f8d1ad.png", "pose": [[0.7967820763587952, 0.6042667031288147, 0.0, 626.3112182617188], [-0.6042667031288147, 0.7967820763587952, 0.0, 1629.8671875], [0.0, 0.0, 1.0, 0.0], [0.0, 0.0, 0.0, 1.0]], "pose_inverse": [[0.7967820763587952, -0.6042667031288147, 0.0, 485.8409423828125], [0.6042667031288147, 0.7967820763587952, 0.0, -1677.1080322265625], [0.0, 0.0, 1.0, 0.0], [0.0, 0.0, 0.0, 1.0]], "cam_ids": [0, 1, 2, 3, 4, 5], "cam_channels": ["CAM_FRONT_LEFT", "CAM_FRONT", "CAM_FRONT_RIGHT", "CAM_BACK_LEFT", "CAM_BACK", "CAM_BACK_RIGHT"], "token": "87f9af58c2ad415aa4abd86348f8d1ad", "scene": "scene-0869"}, {"images": ["samples/CAM_FRONT_LEFT/n008-2018-09-18-14-54-39-0400__CAM_FRONT_LEFT__1537296950254799.jpg", "samples/CAM_FRONT/n008-2018-09-18-14-54-39-0400__CAM_FRONT__1537296950262404.jpg", "samples/CAM_FRONT_RIGHT/n008-2018-09-18-14-54-39-0400__CAM_FRONT_RIGHT__1537296950270482.jpg", "samples/CAM_BACK_LEFT/n008-2018-09-18-14-54-39-0400__CAM_BACK_LEFT__1537296950297405.jpg", "samples/CAM_BACK/n008-2018-09-18-14-54-39-0400__CAM_BACK__1537296950287558.jpg", "samples/CAM_BACK_RIGHT/n008-2018-09-18-14-54-39-0400__CAM_BACK_RIGHT__1537296950278113.jpg"], "intrinsics": [[[1257.8625342125129, 0.0, 827.2410631095686], [0.0, 1257.8625342125129, 450.915498205774], [0.0, 0.0, 1.0]], [[1252.8131021185304, 0.0, 826.588114781398], [0.0, 1252.8131021185304, 469.9846626224581], [0.0, 0.0, 1.0]], [[1256.7485116440405, 0.0, 817.7887570959712], [0.0, 1256.7485116440403, 451.9541780095127], [0.0, 0.0, 1.0]], [[1254.9860565800168, 0.0, 829.5769333630991], [0.0, 1254.9860565800168, 467.1680561863987], [0.0, 0.0, 1.0]], [[796.8910634503094, 0.0, 857.7774326863696], [0.0, 796.8910634503094, 476.8848988407415], [0.0, 0.0, 1.0]], [[1249.9629280788233, 0.0, 825.3768045375984], [0.0, 1249.9629280788233, 462.54816385708756], [0.0, 0.0, 1.0]]], "extrinsics": [[[0.8231189250946045, -0.5678074955940247, -0.008367764763534069, -0.7540283203125], [0.0010184936691075563, 0.016211485490202904, -0.9998680353164673, 1.4885711669921875], [0.5678682923316956, 0.8230017423629761, 0.01392228715121746, -1.16259765625], [0.0, 0.0, 0.0, 1.0]], [[0.011005573906004429, -0.9998677372932434, -0.011968094855546951, 0.009765625], [0.0032386467792093754, 0.012004399672150612, -0.9999227523803711, 1.4809589385986328], [0.9999341368675232, 0.010965995490550995, 0.003370335092768073, -1.483062744140625], [0.0, 0.0, 0.0, 1.0]], [[-0.8437220454216003, -0.536657452583313, -0.011481689289212227, 0.925689697265625], [0.011546947993338108, 0.003239403245970607, -0.9999280571937561, 1.4953360557556152], [0.5366560220718384, -0.8437939882278442, 0.0034635995980352163, -1.1712646484375], [0.0, 0.0, 0.0, 1.0]], [[0.9478320479393005, 0.31870096921920776, -0.00664563151076436, -1.1321372985839844], [-0.013235170394182205, 0.01851518824696541, -0.9997409582138062, 1.5618743896484375], [-0.31849533319473267, 0.9476744532585144, 0.021767349913716316, -0.16015625], [0.0, 0.0, 0.0, 1.0]], [[0.009007863700389862, 0.999901294708252, 0.010782343335449696, -0.0284423828125], [-0.011349335312843323, 0.010884318500757217, -0.9998763203620911, 1.5671539306640625], [-0.9998950362205505, 0.008884443901479244, 0.01144625898450613, -0.03533935546875], [0.0, 0.0, 0.0, 1.0]], [[-0.9239063262939453, 0.3826126456260681, 0.0021507551427930593, 1.0269775390625], [-0.007238457910716534, -0.011858231388032436, -0.9999035000801086, 1.5467796325683594], [-0.38255012035369873, -0.9238327145576477, 0.013725420460104942, -0.0980224609375], [0.0, 0.0, 0.0, 1.0]]], "view": [[0.0, -2.0, 100.0], [-2.0, 0.0, 100.0], [0.0, 0.0, 1.0]], "bev": "bev_853ff29efd22442da6f8042a3c09a814.png", "aux": "aux_853ff29efd22442da6f8042a3c09a814.npz", "visibility": "visibility_853ff29efd22442da6f8042a3c09a814.png", "pose": [[0.7850382924079895, 0.6194472312927246, 0.0, 628.9961547851562], [-0.6194472312927246, 0.7850382924079895, 0.0, 1627.750244140625], [0.0, 0.0, 1.0, 0.0], [0.0, 0.0, 0.0, 1.0]], "pose_inverse": [[0.7850382924079895, -0.6194472312927246, 0.0, 514.519287109375], [0.6194472312927246, 0.7850382924079895, 0.0, -1667.4761962890625], [0.0, 0.0, 1.0, 0.0], [0.0, 0.0, 0.0, 1.0]], "cam_ids": [0, 1, 2, 3, 4, 5], "cam_channels": ["CAM_FRONT_LEFT", "CAM_FRONT", "CAM_FRONT_RIGHT", "CAM_BACK_LEFT", "CAM_BACK", "CAM_BACK_RIGHT"], "token": "853ff29efd22442da6f8042a3c09a814", "scene": "scene-0869"}, {"images": ["samples/CAM_FRONT_LEFT/n008-2018-09-18-14-54-39-0400__CAM_FRONT_LEFT__1537296950754799.jpg", "samples/CAM_FRONT/n008-2018-09-18-14-54-39-0400__CAM_FRONT__1537296950762404.jpg", "samples/CAM_FRONT_RIGHT/n008-2018-09-18-14-54-39-0400__CAM_FRONT_RIGHT__1537296950770482.jpg", "samples/CAM_BACK_LEFT/n008-2018-09-18-14-54-39-0400__CAM_BACK_LEFT__1537296950797405.jpg", "samples/CAM_BACK/n008-2018-09-18-14-54-39-0400__CAM_BACK__1537296950787558.jpg", "samples/CAM_BACK_RIGHT/n008-2018-09-18-14-54-39-0400__CAM_BACK_RIGHT__1537296950778113.jpg"], "intrinsics": [[[1257.8625342125129, 0.0, 827.2410631095686], [0.0, 1257.8625342125129, 450.915498205774], [0.0, 0.0, 1.0]], [[1252.8131021185304, 0.0, 826.588114781398], [0.0, 1252.8131021185304, 469.9846626224581], [0.0, 0.0, 1.0]], [[1256.7485116440405, 0.0, 817.7887570959712], [0.0, 1256.7485116440403, 451.9541780095127], [0.0, 0.0, 1.0]], [[1254.9860565800168, 0.0, 829.5769333630991], [0.0, 1254.9860565800168, 467.1680561863987], [0.0, 0.0, 1.0]], [[796.8910634503094, 0.0, 857.7774326863696], [0.0, 796.8910634503094, 476.8848988407415], [0.0, 0.0, 1.0]], [[1249.9629280788233, 0.0, 825.3768045375984], [0.0, 1249.9629280788233, 462.54816385708756], [0.0, 0.0, 1.0]]], "extrinsics": [[[0.8230313658714294, -0.5679800510406494, -0.004249013494700193, -0.7509765625], [0.0030183824710547924, 0.011854146607220173, -0.9999251961708069, 1.4891910552978516], [0.5679879188537598, 0.822956919670105, 0.011470715515315533, -1.1611328125], [0.0, 0.0, 0.0, 1.0]], [[0.010958651080727577, -0.999911367893219, -0.007551054935902357, 0.01025390625], [0.005074633751064539, 0.007607024163007736, -0.9999581575393677, 1.4814386367797852], [0.9999270439147949, 0.010919838212430477, 0.005157546605914831, -1.48046875], [0.0, 0.0, 0.0, 1.0]], [[-0.8437163829803467, -0.5366864204406738, -0.010493804700672626, 0.92413330078125], [0.013198413886129856, -0.0011977875838056207, -0.9999122023582458, 1.495692253112793], [0.5366266965866089, -0.8437808156013489, 0.008094003424048424, -1.1697998046875], [0.0, 0.0, 0.0, 1.0]], [[0.9478535056114197, 0.31862765550613403, -0.007075637113302946, -1.1327323913574219], [-0.01203476544469595, 0.013598079793155193, -0.9998351335525513, 1.561899185180664], [-0.31847891211509705, 0.9477823972702026, 0.016723597422242165, -0.1600341796875], [0.0, 0.0, 0.0, 1.0]], [[0.009015509858727455, 0.9999404549598694, 0.00613953685387969, -0.02880859375], [-0.009978452697396278, 0.006229443475604057, -0.9999307990074158, 1.5672578811645508], [-0.9999095797538757, 0.008