[{"images": ["samples/CAM_FRONT_LEFT/n015-2018-08-01-16-32-59+0800__CAM_FRONT_LEFT__1533112740154844.jpg", "samples/CAM_FRONT/n015-2018-08-01-16-32-59+0800__CAM_FRONT__1533112740162460.jpg", "samples/CAM_FRONT_RIGHT/n015-2018-08-01-16-32-59+0800__CAM_FRONT_RIGHT__1533112740170339.jpg", "samples/CAM_BACK_LEFT/n015-2018-08-01-16-32-59+0800__CAM_BACK_LEFT__1533112740197423.jpg", "samples/CAM_BACK/n015-2018-08-01-16-32-59+0800__CAM_BACK__1533112740187525.jpg", "samples/CAM_BACK_RIGHT/n015-2018-08-01-16-32-59+0800__CAM_BACK_RIGHT__1533112740177893.jpg"], "intrinsics": [[[1272.5979470598488, 0.0, 826.6154927353808], [0.0, 1272.5979470598488, 479.75165386361925], [0.0, 0.0, 1.0]], [[1266.417203046554, 0.0, 816.2670197447984], [0.0, 1266.417203046554, 491.50706579294757], [0.0, 0.0, 1.0]], [[1260.8474446004698, 0.0, 807.968244525554], [0.0, 1260.8474446004698, 495.3344268742088], [0.0, 0.0, 1.0]], [[1256.7414812095406, 0.0, 792.1125740759628], [0.0, 1256.7414812095406, 492.7757465151356], [0.0, 0.0, 1.0]], [[809.2209905677063, 0.0, 829.2196003259838], [0.0, 809.2209905677063, 481.77842384512485], [0.0, 0.0, 1.0]], [[1259.5137405846733, 0.0, 807.2529053838625], [0.0, 1259.5137405846733, 501.19579884916527], [0.0, 0.0, 1.0]]], "extrinsics": [[[0.8210151791572571, -0.5709035396575928, 0.0017682373290881515, -0.55718994140625], [-0.0011109649203717709, -0.0046949018724262714, -0.9999883770942688, 1.507716178894043], [0.5709052085876465, 0.8210036754608154, -0.004488839767873287, -1.00103759765625], [0.0, 0.0, 0.0, 1.0]], [[0.006047884467989206, -0.9999431371688843, 0.00877896323800087, 0.01055908203125], [-0.006221425719559193, -0.008816579356789589, -0.9999417662620544, 1.51802396774292], [0.9999623894691467, 0.005992977414280176, -0.006274393759667873, -1.2847976684570312], [0.0, 0.0, 0.0, 1.0]], [[-0.8327808380126953, -0.5535863041877747, -0.004279500804841518, 0.768829345703125], [-0.0003890081716235727, 0.008315437473356724, -0.9999653100967407, 1.5035009384155273], [0.5536026954650879, -0.8327502608299255, -0.007140285801142454, -1.07080078125], [0.0, 0.0, 0.0, 1.0]], [[0.9476268887519836, 0.3193761110305786, 0.001474464195780456, -1.1318817138671875], [0.009138192981481552, -0.022498762235045433, -0.9997050762176514, 1.5886611938476562], [-0.319248765707016, 0.9473608732223511, -0.0242389515042305, -0.1072998046875], [0.0, 0.0, 0.0, 1.0]], [[0.0022585787810385227, 0.9999215006828308, -0.012325134128332138, 0.00213623046875], [-0.016586842015385628, -0.012286009266972542, -0.999786913394928, 1.5773353576660156], [-0.9998599290847778, 0.0024625633377581835, 0.016557788476347923, -0.120758056640625], [0.0, 0.0, 0.0, 1.0]], [[-0.9348465204238892, 0.35479235649108887, -0.013578768819570541, 0.918670654296875], [0.015737304463982582, 0.0031988981645554304, -0.9998710751533508, 1.5550951957702637], [-0.35470324754714966, -0.9349396228790283, -0.008573953993618488, -0.144287109375], [0.0, 0.0, 0.0, 1.0]]], "view": [[0.0, -2.0, 100.0], [-2.0, 0.0, 100.0], [0.0, 0.0, 1.0]], "bev": "bev_f4a271780b3b488283632d22655bdc13.png", "aux": "aux_f4a271780b3b488283632d22655bdc13.npz", "visibility": "visibility_f4a271780b3b488283632d22655bdc13.png", "pose": [[-0.8352568745613098, -0.5498599410057068, 0.0, 471.77276611328125], [0.5498599410057068, -0.8352568745613098, 0.0, 903.626953125], [0.0, 0.0, 1.0, 0.0], [0.0, 0.0, 0.0, 1.0]], "pose_inverse": [[-0.8352568745613098, 0.5498599410057068, 0.0, -102.81683349609375], [-0.5498599410057068, -0.8352568745613098, 0.0, 1014.1695556640625], [0.0, 0.0, 1.0, 0.0], [0.0, 0.0, 0.0, 1.0]], "cam_ids": [0, 1, 2, 3, 4, 5], "cam_channels": ["CAM_FRONT_LEFT", "CAM_FRONT", "CAM_FRONT_RIGHT", "CAM_BACK_LEFT", "CAM_BACK", "CAM_BACK_RIGHT"], "token": "f4a271780b3b488283632d22655bdc13", "scene": "scene-0125"}, {"images": ["samples/CAM_FRONT_LEFT/n015-2018-08-01-16-32-59+0800__CAM_FRONT_LEFT__1533112740654844.jpg", "samples/CAM_FRONT/n015-2018-08-01-16-32-59+0800__CAM_FRONT__1533112740662460.jpg", "samples/CAM_FRONT_RIGHT/n015-2018-08-01-16-32-59+0800__CAM_FRONT_RIGHT__1533112740670339.jpg", "samples/CAM_BACK_LEFT/n015-2018-08-01-16-32-59+0800__CAM_BACK_LEFT__1533112740697423.jpg", "samples/CAM_BACK/n015-2018-08-01-16-32-59+0800__CAM_BACK__1533112740687525.jpg", "samples/CAM_BACK_RIGHT/n015-2018-08-01-16-32-59+0800__CAM_BACK_RIGHT__1533112740677905.jpg"], "intrinsics": [[[1272.5979470598488, 0.0, 826.6154927353808], [0.0, 1272.5979470598488, 479.75165386361925], [0.0, 0.0, 1.0]], [[1266.417203046554, 0.0, 816.2670197447984], [0.0, 1266.417203046554, 491.50706579294757], [0.0, 0.0, 1.0]], [[1260.8474446004698, 0.0, 807.968244525554], [0.0, 1260.8474446004698, 495.3344268742088], [0.0, 0.0, 1.0]], [[1256.7414812095406, 0.0, 792.1125740759628], [0.0, 1256.7414812095406, 492.7757465151356], [0.0, 0.0, 1.0]], [[809.2209905677063, 0.0, 829.2196003259838], [0.0, 809.2209905677063, 481.77842384512485], [0.0, 0.0, 1.0]], [[1259.5137405846733, 0.0, 807.2529053838625], [0.0, 1259.5137405846733, 501.19579884916527], [0.0, 0.0, 1.0]]], "extrinsics": [[[0.8204848766326904, -0.5715914368629456, 0.009373980574309826, -0.55657958984375], [0.0018198373727500439, -0.013785939663648605, -0.9999033212661743, 1.5091733932495117], [0.5716654062271118, 0.8204225301742554, -0.010270950384438038, -0.99755859375], [0.0, 0.0, 0.0, 1.0]], [[0.005270043388009071, -0.9998247027397156, 0.017962193116545677, 0.00830078125], [-0.0037344484589993954, -0.0179819967597723, -0.9998313784599304, 1.519021987915039], [0.9999791979789734, 0.00520210200920701, -0.0038285607006400824, -1.2827529907226562], [0.0, 0.0, 0.0, 1.0]], [[-0.8331087827682495, -0.5531084537506104, -0.0008327683317475021, 0.766387939453125], [0.0016324444441124797, -0.0009532248950563371, -0.999998152256012, 1.5041643381118774], [0.5531066656112671, -0.83310866355896, 0.0016970618162304163, -1.07122802734375], [0.0, 0.0, 0.0, 1.0]], [[0.9477900266647339, 0.3188929259777069, -0.0011955793015658855, -1.1337127685546875], [0.009556694887578487, -0.032150749117136, -0.9994373321533203, 1.5886383056640625], [-0.31875190138816833, 0.9472452998161316, -0.033519722521305084, -0.1064453125], [0.0, 0.0, 0.0, 1.0]], [[0.00265923491679132, 0.9997572898864746, -0.0218708124011755, 0.00311279296875], [-0.01562565378844738, -0.02182667702436447, -0.9996396899223328, 1.5774288177490234], [-0.9998744130134583, 0.0029999890830367804, 0.015563820488750935, -0.12148284912109375], [0.0, 0.0, 0.0, 1.0]], [[-0.9346513748168945, 0.3550903797149658, -0.01837177388370037, 0.917999267578125], [0.0172947496175766, -0.006207181140780449, -0.9998311996459961, 1.5554895401000977], [-0.3551443815231323, -0.9348114132881165, -0.00033965054899454117, -0.1461181640625], [0.0, 0.0, 0.0, 1.0]]], "view": [[0.0, -2.0, 100.0], [-2.0, 0.0, 100.0], [0.0, 0.0, 1.0]], "bev": "bev_6e9f6d64f7d749e08a8c38b814a1b50c.png", "aux": "aux_6e9f6d64f7d749e08a8c38b814a1b50c.npz", "visibility": "visibility_6e9f6d64f7d749e08a8c38b814a1b50c.png", "pose": [[-0.8359144926071167, -0.548859715461731, 0.0, 467.0005187988281], [0.548859715461731, -0.8359144926071167, 0.0, 906.8040161132812], [0.0, 0.0, 1.0, 0.0], [0.0, 0.0, 0.0, 1.0]], "pose_inverse": [[-0.8359144926071167, 0.548859715461731, 0.0, -107.33570861816406], [-0.548859715461731, -0.8359144926071167, 0.0, 1014.328369140625], [0.0, 0.0, 1.0, 0.0], [0.0, 0.0, 0.0, 1.0]], "cam_ids": [0, 1, 2, 3, 4, 5], "cam_channels": ["CAM_FRONT_LEFT", "CAM_FRONT", "CAM_FRONT_RIGHT", "CAM_BACK_LEFT", "CAM_BACK", "CAM_BACK_RIGHT"], "token": "6e9f6d64f7d749e08a8c38b814a1b50c", "scene": "scene-0125"}, {"images": ["samples/CAM_FRONT_LEFT/n015-2018-08-01-16-32-59+0800__CAM_FRONT_LEFT__1533112741154844.jpg", "samples/CAM_FRONT/n015-2018-08-01-16-32-59+0800__CAM_FRONT__1533112741162460.jpg", "samples/CAM_FRONT_RIGHT/n015-2018-08-01-16-32-59+0800__CAM_FRONT_RIGHT__1533112741170339.jpg", "samples/CAM_BACK_LEFT/n015-2018-08-01-16-32-59+0800__CAM_BACK_LEFT__1533112741197423.jpg", "samples/CAM_BACK/n015-2018-08-01-16-32-59+0800__CAM_BACK__1533112741187525.jpg", "samples/CAM_BACK_RIGHT/n015-2018-08-01-16-32-59+0800__CAM_BACK_RIGHT__1533112741177893.jpg"], "intrinsics": [[[1272.5979470598488, 0.0, 826.6154927353808], [0.0, 1272.5979470598488, 479.75165386361925], [0.0, 0.0, 1.0]], [[1266.417203046554, 0.0, 816.2670197447984], [0.0, 1266.417203046554, 491.50706579294757], [0.0, 0.0, 1.0]], [[1260.8474446004698, 0.0, 807.968244525554], [0.0, 1260.8474446004698, 495.3344268742088], [0.0, 0.0, 1.0]], [[1256.7414812095406, 0.0, 792.1125740759628], [0.0, 1256.7414812095406, 492.7757465151356], [0.0, 0.0, 1.0]], [[809.2209905677063, 0.0, 829.2196003259838], [0.0, 809.2209905677063, 481.77842384512485], [0.0, 0.0, 1.0]], [[1259.5137405846733, 0.0, 807.2529053838625], [0.0, 1259.5137405846733, 501.19579884916527], [0.0, 0.0, 1.0]]], "extrinsics": [[[0.820761501789093, -0.5711615085601807, 0.011181353591382504, -0.5623779296875], [-0.00024373496125917882, -0.019922878593206406, -0.999801516532898, 1.5081367492675781], [0.5712708830833435, 0.8205958604812622, -0.01649114489555359, -1.00048828125], [0.0, 0.0, 0.0, 1.0]], [[0.005670342594385147, -0.9996991753578186, 0.023860152810811996, 0.00762939453125], [-0.005705179646611214, -0.023892490193247795, -0.999698281288147, 1.5182361602783203], [0.999967634677887, 0.005532441195100546, -0.005838940851390362, -1.2885971069335938], [0.0, 0.0, 0.0, 1.0]], [[-0.832951009273529, -0.5533335208892822, 0.003828150685876608, 0.77069091796875], [-0.00021991046378389, -0.006587151903659105, -0.999978244304657, 1.5035748481750488], [0.5533466935157776, -0.8329337239265442, 0.0053650932386517525, -1.07464599609375], [0.0, 0.0, 0.0, 1.0]], [[0.9478836059570312, 0.3185937702655792, -0.003818616969510913, -1.135955810546875], [0.008235570043325424, -0.036480024456977844, -0.999300479888916, 1.5886001586914062], [-0.31851017475128174, 0.9471891522407532, -0.0372026264667511, -0.10577392578125], [0.0, 0.0, 0.0, 1.0]], [[0.00253820838406682, 0.9996404051780701, -0.026694396510720253, 0.0030517578125], [-0.017126692458987236, -0.026647107675671577, -0.999498188495636, 1.5773143768310547], [-0.9998500347137451, 0.0029941361863166094, 0.017052900046110153, -0.11742401123046875], [0.0, 0.0, 0.0, 1.0]], [[-0.9347584843635559, 0.35479387640953064, -0.01864735037088394, 0.9224853515625], [0.015590287744998932, -0.011473430320620537, -0.999812662601471, 1.5550165176391602], [-0.3549414873123169, -0.9348741173744202, 0.005193545017391443, -0.1446533203125], [0.0, 0.0, 0.0, 1.0]]], "view": [[0.0, -2.0, 100.0], [-2.0, 0.0, 100.0], [0.0, 0.0, 1.0]], "bev": "bev_49ce117d7644491d87f1d33ba4d2c0db.png", "aux": "aux_49ce117d7644491d87f1d33ba4d2c0db.npz", "visibility": "visibility_49ce117d7644491d87f1d33ba4d2c0db.png", "pose": [[-0.8348745703697205, -0.5504401922225952, 0.0, 462.2322082519531], [0.5504401922225952, -0.8348745703697205, 0.0, 909.9606323242188], [0.0, 0.0, 1.0, 0.0], [0.0, 0.0, 0.0, 1.0]], "pose_inverse": [[-0.8348745703697205, 0.5504401922225952, 0.0, -114.9729995727539], [-0.5504401922225952, -0.8348745703697205, 0.0, 1014.1342163085938], [0.0, 0.0, 1.0, 0.0], [0.0, 0.0, 0.0, 1.0]], "cam_ids": [0, 1, 2, 3, 4, 5], "cam_channels": ["CAM_FRONT_LEFT", "CAM_FRONT", "CAM_FRONT_RIGHT", "CAM_BACK_LEFT", "CAM_BACK", "CAM_BACK_RIGHT"], "token": "49ce117d7644491d87f1d33ba4d2c0db", "scene": "scene-0125"}, {"images": ["samples/CAM_FRONT_LEFT/n015-2018-08-01-16-32-59+0800__CAM_FRONT_LEFT__1533112741655917.jpg", "samples/CAM_FRONT/n015-2018-08-01-16-32-59+0800__CAM_FRONT__1533112741662460.jpg", "samples/CAM_FRONT_RIGHT/n015-2018-08-01-16-32-59+0800__CAM_FRONT_RIGHT__1533112741670339.jpg", "samples/CAM_BACK_LEFT/n015-2018-08-01-16-32-59+0800__CAM_BACK_LEFT__1533112741697423.jpg", "samples/CAM_BACK/n015-2018-08-01-16-32-59+0800__CAM_BACK__1533112741687525.jpg", "samples/CAM_BACK_RIGHT/n015-2018-08-01-16-32-59+0800__CAM_BACK_RIGHT__1533112741677893.jpg"], "intrinsics": [[[1272.5979470598488, 0.0, 826.6154927353808], [0.0, 1272.5979470598488, 479.75165386361925], [0.0, 0.0, 1.0]], [[1266.417203046554, 0.0, 816.2670197447984], [0.0, 1266.417203046554, 491.50706579294757], [0.0, 0.0, 1.0]], [[1260.8474446004698, 0.0, 807.968244525554], [0.0, 1260.8474446004698, 495.3344268742088], [0.0, 0.0, 1.0]], [[1256.7414812095406, 0.0, 792.1125740759628], [0.0, 1256.7414812095406, 492.7757465151356], [0.0, 0.0, 1.0]], [[809.2209905677063, 0.0, 829.2196003259838], [0.0, 809.2209905677063, 481.77842384512485], [0.0, 0.0, 1.0]], [[1259.5137405846733, 0.0, 807.2529053838625], [0.0, 1259.5137405846733, 501.19579884916527], [0.0, 0.0, 1.0]]], "extrinsics": [[[0.8209065794944763, -0.5709587335586548, 0.010892268270254135, -0.5794677734375], [0.0038835417944937944, -0.013491639867424965, -0.9999014735221863, 1.5101070404052734], [0.5710493922233582, 0.8208679556846619, -0.008858033455908298, -1.01605224609375], [0.0, 0.0, 0.0, 1.0]], [[0.00587433110922575, -0.9998282194137573, 0.017576826736330986, 0.0101318359375], [-0.0014551462372764945, -0.01758565939962864, -0.9998443126678467, 1.520009994506836], [0.999981701374054, 0.005847916938364506, -0.001558201271109283, -1.2987823486328125], [0.0, 0.0, 0.0, 1.0]], [[-0.8328162431716919, -0.5535403490066528, -0.0031932510901242495, 0.77960205078125], [0.0041160015389323235, -0.00042390538146719337, -0.9999913573265076, 1.5049009323120117], [0.5535342693328857, -0.8328222632408142, 0.002631409326568246, -1.078125], [0.0, 0.0, 0.0, 1.0]], [[0.9477505683898926, 0.31900644302368164, 0.0018961543682962656, -1.1407623291015625], [0.012444727122783661, -0.031031977385282516, -0.9994408488273621, 1.5885639190673828], [-0.31876933574676514, 0.9472443461418152, -0.033380527049303055, -0.10382080078125], [0.0, 0.0, 0.0, 1.0]], [[0.0024368921294808388, 0.999777615070343, -0.020946217700839043, 0.0023193359375], [-0.012828606180846691, -0.020913301035761833, -0.9996989965438843, 1.5779399871826172], [-0.9999147057533264, 0.0027048904448747635, 0.01277479063719511, -0.10980987548828125], [0.0, 0.0, 0.0, 1.0]], [[-0.934747576713562, 0.35471606254577637, -0.020579177886247635, 0.9300537109375], [0.019924959167838097, -0.00549728237092495, -0.999786376953125, 1.5558385848999023], [-0.354753315448761, -0.9349579215049744, -0.0019291326170787215, -0.14013671875], [0.0, 0.0, 0.0, 1.0]]], "view": [[0.0, -2.0, 100.0], [-2.0, 0.0, 100.0], [0.0, 0.0, 1.0]], "bev": "bev_7b5a32af67cd48e3a6eef95f1dee952d.png", "aux": "aux_7b5a32af67cd48e3a6eef95f1dee952d.npz", "visibility": "visibility_7b5a32af67cd48e3a6eef95f1dee952d.png", "pose": [[-0.832644522190094, -0.55380779504776, 0.0, 457.5232238769531], [0.55380779504776, -0.832644522190094, 0.0, 913.1107177734375], [0.0, 0.0, 1.0, 0.0], [0.0, 0.0, 0.0, 1.0]], "pose_inverse": [[-0.832644522190094, 0.55380779504776, 0.0, -124.73361206054688], [-0.55380779504776, -0.832644522190094, 0.0, 1013.6765747070312], [0.0, 0.0, 1.0, 0.0], [0.0, 0.0, 0.0, 1.0]], "cam_ids": [0, 1, 2, 3, 4, 5], "cam_channels": ["CAM_FRONT_LEFT", "CAM_FRONT", "CAM_FRONT_RIGHT", "CAM_BACK_LEFT", "CAM_BACK", "CAM_BACK_RIGHT"], "token": "7b5a32af67cd48e3a6eef95f1dee952d", "scene": "scene-0125"}, {"images": ["samples/CAM_FRONT_LEFT/n015-2018-08-01-16-32-59+0800__CAM_FRONT_LEFT__1533112742154844.jpg", "samples/CAM_FRONT/n015-2018-08-01-16-32-59+0800__CAM_FRONT__1533112742162460.jpg", "samples/CAM_FRONT_RIGHT/n015-2018-08-01-16-32-59+0800__CAM_FRONT_RIGHT__1533112742170339.jpg", "samples/CAM_BACK_LEFT/n015-2018-08-01-16-32-59+0800__CAM_BACK_LEFT__1533112742197423.jpg", "samples/CAM_BACK/n015-2018-08-01-16-32-59+0800__CAM_BACK__1533112742187525.jpg", "samples/CAM_BACK_RIGHT/n015-2018-08-01-16-32-59+0800__CAM_BACK_RIGHT__1533112742177893.jpg"], "intrinsics": [[[1272.5979470598488, 0.0, 826.6154927353808], [0.0, 1272.5979470598488, 479.75165386361925], [0.0, 0.0, 1.0]], [[1266.417203046554, 0.0, 816.2670197447984], [0.0, 1266.417203046554, 491.50706579294757], [0.0, 0.0, 1.0]], [[1260.8474446004698, 0.0, 807.968244525554], [0.0, 1260.8474446004698, 495.3344268742088], [0.0, 0.0, 1.0]], [[1256.7414812095406, 0.0, 792.1125740759628], [0.0, 1256.7414812095406, 492.7757465151356], [0.0, 0.0, 1.0]], [[809.2209905677063, 0.0, 829.2196003259838], [0.0, 809.2209905677063, 481.77842384512485], [0.0, 0.0, 1.0]], [[1259.5137405846733, 0.0, 807.2529053838625], [0.0, 1259.5137405846733, 501.19579884916527], [0.0, 0.0, 1.0]]], "extrinsics": [[[0.8203867673873901, -0.5716896057128906, 0.011686543934047222, -0.5806884765625], [-0.0005646711215376854, -0.021247809752821922, -0.9997740387916565, 1.5079631805419922], [0.5718087553977966, 0.8201947808265686, -0.017754238098859787, -1.0113525390625], [0.0, 0.0, 0.0, 1.0]], [[0.0051315296441316605, -0.9996685981750488, 0.02522331289947033, 0.0062255859375], [-0.005800510291010141, -0.02525297924876213, -0.999664306640625, 1.518289566040039], [0.999970018863678, 0.0049835494719445705, -0.005928174592554569, -1.3087387084960938], [0.0, 0.0, 0.0, 1.0]], [[-0.8331824541091919, -0.5529799461364746, 0.004486689809709787, 0.785888671875], [-0.00010130799637408927, -0.007960756309330463, -0.9999682903289795, 1.5036115646362305], [0.5529980659484863, -0.8331564664840698, 0.006576742045581341, -1.08587646484375], [0.0, 0.0, 0.0, 1.0]], [[0.947774350643158, 0.31891995668411255, -0.0037088084500283003, -1.15093994140625], [0.008765454404056072, -0.03766997531056404, -0.9992517828941345, 1.5884819030761719], [-0.3188210427761078, 0.9470327496528625, -0.03849811851978302, -0.10113525390625], [0.0, 0.0, 0.0, 1.0]], [[0.002651524031534791, 0.9996052980422974, -0.02796940878033638, 0.003173828125], [-0.016741512343287468, -0.02792121097445488, -0.9994699358940125, 1.5776309967041016], [-0.9998563528060913, 0.00311840046197176, 0.016660870984196663, -0.1009063720703125], [0.0, 0.0, 0.0, 1.0]], [[-0.9346473813056946, 0.35504916310310364, -0.019342642277479172, 0.9393310546875], [0.015820637345314026, -0.012820514850318432, -0.9997926354408264, 1.554779052734375], [-0.35522356629371643, -0.9347597360610962, 0.006365557666867971, -0.13897705078125], [0.0, 0.0, 0.0, 1.0]]], "view": [[0.0, -2.0, 100.0], [-2.0, 0.0, 100.0], [0.0, 0.0, 1.0]], "bev": "bev_40e626f6dd45482f8e17dbd794bbc8b9.png", "aux": "aux_40e626f6dd45482f8e17dbd794bbc8b9.npz", "visibility": "visibility_40e626f6dd45482f8e17dbd794bbc8b9.png", "pose": [[-0.8335011005401611, -0.5525177717208862, 0.0, 452.8807678222656], [0.5525177717208862, -0.8335011005401611, 0.0, 916.2203369140625], [0.0, 0.0, 1.0, 0.0], [0.0, 0.0, 0.0, 1.0]], "pose_inverse": [[-0.8335011005401611, 0.5525177717208862, 0.0, -128.7513885498047], [-0.5525177717208862, -0.8335011005401611, 0.0, 1013.8953247070312], [0.0, 0.0, 1.0, 0.0], [0.0, 0.0, 0.0, 1.0]], "cam_ids": [0, 1, 2, 3, 4, 5], "cam_channels": ["CAM_FRONT_LEFT", "CAM_FRONT", "CAM_FRONT_RIGHT", "CAM_BACK_LEFT", "CAM_BACK", "CAM_BACK_RIGHT"], "token": "40e626f6dd45482f8e17dbd794bbc8b9", "scene": "scene-0125"}, {"images": ["samples/CAM_FRONT_LEFT/n015-2018-08-01-16-32-59+0800__CAM_FRONT_LEFT__1533112742654844.jpg", "samples/CAM_FRONT/n015-2018-08-01-16-32-59+0800__CAM_FRONT__1533112742662460.jpg", "samples/CAM_FRONT_RIGHT/n015-2018-08-01-16-32-59+0800__CAM_FRONT_RIGHT__1533112742670727.jpg", "samples/CAM_BACK_LEFT/n015-2018-08-01-16-32-59+0800__CAM_BACK_LEFT__1533112742697937.jpg", "samples/CAM_BACK/n015-2018-08-01-16-32-59+0800__CAM_BACK__1533112742687525.jpg", "samples/CAM_BACK_RIGHT/n015-2018-08-01-16-32-59+0800__CAM_BACK_RIGHT__1533112742677893.jpg"], "intrinsics": [[[1272.5979470598488, 0.0, 826.6154927353808], [0.0, 1272.5979470598488, 479.75165386361925], [0.0, 0.0, 1.0]], [[1266.417203046554, 0.0, 816.2670197447984], [0.0, 1266.417203046554, 491.50706579294757], [0.0, 0.0, 1.0]], [[1260.8474446004698, 0.0, 807.968244525554], [0.0, 1260.8474446004698, 495.3344268742088], [0.0, 0.0, 1.0]], [[1256.7414812095406, 0.0, 792.1125740759628], [0.0, 1256.7414812095406, 492.7757465151356], [0.0, 0.0, 1.0]], [[809.2209905677063, 0.0, 829.2196003259838], [0.0, 809.2209905677063, 481.77842384512485], [0.0, 0.0, 1.0]], [[1259.5137405846733, 0.0, 807.2529053838625], [0.0, 1259.5137405846733, 501.19579884916527], [0.0, 0.0, 1.0]]], "extrinsics": [[[0.8203380703926086, -0.5717793703079224, 0.01066330075263977, -0.58978271484375], [0.0006244336254894733, -0.01775050163269043, -0.9998422265052795, 1.5085983276367188], [0.5718784928321838, 0.8202153444290161, -0.014204376377165318, -1.02325439453125], [0.0, 0.0, 0.0, 1.0]], [[0.005066453479230404, -0.9997482299804688, 0.021857058629393578, 0.00994873046875], [-0.005058106034994125, -0.0218826811760664, -0.9997477531433105, 1.5187263488769531], [0.9999743103981018, 0.004954658914357424, -0.005167700350284576, -1.321868896484375], [0.0, 0.0, 0.0, 1.0]], [[-0.833198070526123, -0.5529689788818359, 0.0024760097730904818, 0.800933837890625], [0.00016751578368712217, -0.004730023443698883, -0.9999887943267822, 1.5037028789520264], [0.5529745221138, -0.8331883549690247, 0.004033678211271763, -1.09246826171875], [0.0, 0.0, 0.0, 1.0]], [[0.9477813839912415, 0.31889551877975464, -0.004015879239886999, -1.1617431640625], [0.007567922119051218, -0.03507741913199425, -0.9993559718132019, 1.5884132385253906], [-0.3188309371471405, 0.9471405744552612, -0.03565910458564758, -0.09765625], [0.0, 0.0, 0.0, 1.0]], [[0.0026445502880960703, 0.999681293964386, -0.02510797791182995, 0.002197265625], [-0.017392875626683235, -0.025058286264538765, -0.9995346665382385, 1.5777473449707031], [-0.9998451471328735, 0.0030799941159784794, 0.017321063205599785, -0.09197998046875], [0.0, 0.0, 0.0, 1.0]], [[-0.9346439242362976, 0.3551231622695923, -0.018120983615517616, 0.9486083984375], [0.015686186030507088, -0.009734365157783031, -0.9998295307159424, 1.5546035766601562], [-0.35523906350135803, -0.934768795967102, 0.0035276368726044893, -0.13330078125], [0.0, 0.0, 0.0, 1.0]]], "view": [[0.0, -2.0, 100.0], [-2.0, 0.0, 100.0], [0.0, 0.0, 1.0]], "bev": "bev_4cfd385f0b4d49619ea542be5e8fa47f.png", "aux": "aux_4cfd385f0b4d49619ea542be5e8fa47f.npz", "visibility": "visibility_4cfd385f0b4d49619ea542be5e8fa47f.png", "pose": [[-0.8364014625549316, -0.5481172800064087, 0.0, 448.2372131347656], [0.5481172800064087, -0.8364014625549316, 0.0, 919.2937622070312], [0.0, 0.0, 1.0, 0.0], [0.0, 0.0, 0.0, 1.0]], "pose_inverse": [[-0.8364014625549316, 0.5481172800064087, 0.0, -128.9745330810547], [-0.5481172800064087, -0.8364014625549316, 0.0, 1014.585205078125], [0.0, 0.0, 1.0, 0.0], [0.0, 0.0, 0.0, 1.0]], "cam_ids": [0, 1, 2, 3, 4, 5], "cam_channels": ["CAM_FRONT_LEFT", "CAM_FRONT", "CAM_FRONT_RIGHT", "CAM_BACK_LEFT", "CAM_BACK", "CAM_BACK_RIGHT"], "token": "4cfd385f0b4d49619ea542be5e8fa47f", "scene": "scene-0125"}, {"images": ["samples/CAM_FRONT_LEFT/n015-2018-08-01-16-32-59+0800__CAM_FRONT_LEFT__1533112743104844.jpg", "samples/CAM_FRONT/n015-2018-08-01-16-32-59+0800__CAM_FRONT__1533112743112460.jpg", "samples/CAM_FRONT_RIGHT/n015-2018-08-01-16-32-59+0800__CAM_FRONT_RIGHT__1533112743120339.jpg", "samples/CAM_BACK_LEFT/n015-2018-08-01-16-32-59+0800__CAM_BACK_LEFT__1533112743147423.jpg", "samples/CAM_BACK/n015-2018-08-01-16-32-59+0800__CAM_BACK__1533112743137525.jpg", "samples/CAM_BACK_RIGHT/n015-2018-08-01-16-32-59+0800__CAM_BACK_RIGHT__1533112743127893.jpg"], "intrinsics": [[[1272.5979470598488, 0.0, 826.6154927353808], [0.0, 1272.5979470598488, 479.75165386361925], [0.0, 0.0, 1.0]], [[1266.417203046554, 0.0, 816.2670197447984], [0.0, 1266.417203046554, 491.50706579294757], [0.0, 0.0, 1.0]], [[1260.8474446004698, 0.0, 807.968244525554], [0.0, 1260.8474446004698, 495.3344268742088], [0.0, 0.0, 1.0]], [[1256.7414812095406, 0.0, 792.1125740759628], [0.0, 1256.7414812095406, 492.7757465151356], [0.0, 0.0, 1.0]], [[809.2209905677063, 0.0, 829.2196003259838], [0.0, 809.2209905677063, 481.77842384512485], [0.0, 0.0, 1.0]], [[1259.5137405846733, 0.0, 807.2529053838625], [0.0, 1259.5137405846733, 501.19579884916527], [0.0, 0.0, 1.0]]], "extrinsics": [[[0.8201653957366943, -0.5720157027244568, 0.011256478726863861, -0.5982666015625], [-0.0006771854823455215, -0.020645376294851303, -0.9997866153717041, 1.5079917907714844], [0.5721260905265808, 0.8199827075004578, -0.01731998473405838, -1.0272216796875], [0.0, 0.0, 0.0, 1.0]], [[0.00481552304700017, -0.99968421459198, 0.02466503530740738, 0.0087890625], [-0.005955780856311321, -0.024693557992577553, -0.9996773600578308, 1.5184135437011719], [0.9999706149101257, 0.00466706370934844, -0.00607281131669879, -1.3285293579101562], [0.0, 0.0, 0.0, 1.0]], [[-0.8333181142807007, -0.5527762174606323, 0.0043822904117405415, 0.8004150390625], [-0.0002954709925688803, -0.007482132874429226, -0.9999719262123108, 1.5035715103149414], [0.5527935028076172, -0.8332961201667786, 0.006071668583899736, -1.0931396484375], [0.0, 0.0, 0.0, 1.0]], [[0.9477940201759338, 0.318854421377182, -0.00427021412178874, -1.155181884765625], [0.008190604858100414, -0.037728939205408096, -0.9992544054985046, 1.5884437561035156], [-0.31877776980400085, 0.9470524787902832, -0.038370873779058456, -0.09930419921875], [0.0, 0.0, 0.0, 1.0]], [[0.002738586161285639, 0.9996094703674316, -0.02780974470078945, 0.0025634765625], [-0.017114436253905296, -0.027758924290537834, -0.9994681477546692, 1.5777721405029297], [-0.9998497366905212, 0.0032130463514477015, 0.017031732946634293, -0.0916748046875], [0.0, 0.0, 0.0, 1.0]], [[-0.934589684009552, 0.35522007942199707, -0.018995318561792374, 0.9508056640625], [0.015576686710119247, -0.01248162891715765, -0.9998008012771606, 1.5545463562011719], [-0.3553863763809204, -0.934699296951294, 0.006132049951702356, -0.133056640625], [0.0, 0.0, 0.0, 1.0]]], "view": [[0.0, -2.0, 100.0], [-2.0, 0.0, 100.0], [0.0, 0.0, 1.0]], "bev": "bev_0e4c2453bd2c416ca06f39ce522fd3c2.png", "aux": "aux_0e4c2453bd2c416ca06f39ce522fd3c2.npz", "visibility": "visibility_0e4c2453bd2c416ca06f39ce522fd3c2.png", "pose": [[-0.8402355909347534, -0.5422214865684509, 0.0, 444.1347961425781], [0.5422214865684509, -0.8402355909347534, 0.0, 921.9901123046875], [0.0, 0.0, 1.0, 0.0], [0.0, 0.0, 0.0, 1.0]], "pose_inverse": [[-0.8402355909347534, 0.5422214865684509, 0.0, -126.7449951171875], [-0.5422214865684509, -0.8402355909347534, 0.0, 1015.5083618164062], [0.0, 0.0, 1.0, 0.0], [0.0, 0.0, 0.0, 1.0]], "cam_ids": [0, 1, 2, 3, 4, 5], "cam_channels": ["CAM_FRONT_LEFT", "CAM_FRONT", "CAM_FRONT_RIGHT", "CAM_BACK_LEFT", "CAM_BACK", "CAM_BACK_RIGHT"], "token": "0e4c2453bd2c416ca06f39ce522fd3c2", "scene": "scene-0125"}, {"images": ["samples/CAM_FRONT_LEFT/n015-2018-08-01-16-32-59+0800__CAM_FRONT_LEFT__1533112743604844.jpg", "samples/CAM_FRONT/n015-2018-08-01-16-32-59+0800__CAM_FRONT__1533112743612460.jpg", "samples/CAM_FRONT_RIGHT/n015-2018-08-01-16-32-59+0800__CAM_FRONT_RIGHT__1533112743620339.jpg", "samples/CAM_BACK_LEFT/n015-2018-08-01-16-32-59+0800__CAM_BACK_LEFT__1533112743647423.jpg", "samples/CAM_BACK/n015-2018-08-01-16-32-59+0800__CAM_BACK__1533112743637525.jpg", "samples/CAM_BACK_RIGHT/n015-2018-08-01-16-32-59+0800__CAM_BACK_RIGHT__1533112743627893.jpg"], "intrinsics": [[[1272.5979470598488, 0.0, 826.6154927353808], [0.0, 1272.5979470598488, 479.75165386361925], [0.0, 0.0, 1.0]], [[1266.417203046554, 0.0, 816.2670197447984], [0.0, 1266.417203046554, 491.50706579294757], [0.0, 0.0, 1.0]], [[1260.8474446004698, 0.0, 807.968244525554], [0.0, 1260.8474446004698, 495.3344268742088], [0.0, 0.0, 1.0]], [[1256.7414812095406, 0.0, 792.1125740759628], [0.0, 1256.7414812095406, 492.7757465151356], [0.0, 0.0, 1.0]], [[809.2209905677063, 0.0, 829.2196003259838], [0.0, 809.2209905677063, 481.77842384512485], [0.0, 0.0, 1.0]], [[1259.5137405846733, 0.0, 807.2529053838625], [0.0, 1259.5137405846733, 501.19579884916527], [0.0, 0.0, 1.0]]], "extrinsics": [[[0.8202250003814697, -0.5719454288482666, 0.010462886653840542, -0.609375], [-0.00012132825213484466, -0.018464384600520134, -0.9998295307159424, 1.5082378387451172], [0.5720410943031311, 0.8200838565826416, -0.015214342623949051, -1.0350341796875], [0.0, 0.0, 0.0, 1.0]], [[0.004921745974570513, -0.999735951423645, 0.022442881017923355, 0.008544921875], [-0.005159303545951843, -0.022468244656920433, -0.9997342824935913, 1.518758773803711], [0.9999745488166809, 0.004804625175893307, -0.005268525332212448, -1.3402328491210938], [0.0, 0.0, 0.0, 1.0]], [[-0.8332472443580627, -0.5528959035873413, 0.0022570586297661066, 0.808380126953125], [0.000747440557461232, -0.005208630580455065, -0.9999861121177673, 1.5038516521453857], [0.5529000759124756, -0.8332340121269226, 0.004753334913402796, -1.09869384765625], [0.0, 0.0, 0.0, 1.0]], [[0.9477822780609131, 0.31891390681266785, -0.001670187572017312, -1.156280517578125], [0.01009770855307579, -0.03524303063750267, -0.9993277192115784, 1.5884056091308594], [-0.31875836849212646, 0.9471282362937927, -0.03662301227450371, -0.09893798828125], [0.0, 0.0, 0.0, 1.0]], [[0.002685046521946788, 0.9996734857559204, -0.025412531569600105, 0.00274658203125], [-0.015554218553006649, -0.025367796421051025, -0.9995571970939636, 1.5779800415039062], [-0.9998754262924194, 0.0030791356693953276, 0.015481023117899895, -0.08718109130859375], [0.0, 0.0, 0.0, 1.0]], [[-0.9346134662628174, 0.3551388680934906, -0.019344378262758255, 0.958099365234375], [0.016829373314976692, -0.01016977522522211, -0.9998067021369934, 1.5546607971191406], [-0.3552669584751129, -0.9347582459449768, 0.0035280417650938034, -0.13055419921875], [0.0, 0.0, 0.0, 1.0]]], "view": [[0.0, -2.0, 100.0], [-2.0, 0.0, 100.0], [0.0, 0.0, 1.0]], "bev": "bev_55b9a0d2adb04bcfb2003db4888a9e41.png", "aux": "aux_55b9a0d2adb04bcfb2003db4888a9e41.npz", "visibility": "visibility_55b9a0d2adb04bcfb2003db4888a9e41.png", "pose": [[-0.8443265557289124, -0.5358290076255798, 0.0, 439.6474914550781], [0.5358290076255798, -0.8443265557289124, 0.0, 924.8934326171875], [0.0, 0.0, 1.0, 0.0], [0.0, 0.0, 0.0, 1.0]], "pose_inverse": [[-0.8443265557289124, 0.5358290076255798, 0.0, -124.378662109375], [-0.5358290076255798, -0.8443265557289124, 0.0, 1016.4879150390625], [0.0, 0.0, 1.0, 0.0], [0.0, 0.0, 0.0, 1.0]], "cam_ids": [0, 1, 2, 3, 4, 5], "cam_channels": ["CAM_FRONT_LEFT", "CAM_FRONT", "CAM_FRONT_RIGHT", "CAM_BACK_LEFT", "CAM_BACK", "CAM_BACK_RIGHT"], "token": "55b9a0d2adb04bcfb2003db4888a9e41", "scene": "scene-0125"}, {"images": ["samples/CAM_FRONT_LEFT/n015-2018-08-01-16-32-59+0800__CAM_FRONT_LEFT__1533112744154844.jpg", "samples/CAM_FRONT/n015-2018-08-01-16-32-59+0800__CAM_FRONT__1533112744162460.jpg", "samples/CAM_FRONT_RIGHT/n015-2018-08-01-16-32-59+0800__CAM_FRONT_RIGHT__1533112744170343.jpg", "samples/CAM_BACK_LEFT/n015-2018-08-01-16-32-59+0800__CAM_BACK_LEFT__1533112744197423.jpg", "samples/CAM_BACK/n015-2018-08-01-16-32-59+0800__CAM_BACK__1533112744187525.jpg", "samples/CAM_BACK_RIGHT/n015-2018-08-01-16-32-59+0800__CAM_BACK_RIGHT__1533112744177893.jpg"], "intrinsics": [[[1272.5979470598488, 0.0, 826.6154927353808], [0.0, 1272.5979470598488, 479.75165386361925], [0.0, 0.0, 1.0]], [[1266.417203046554, 0.0, 816.2670197447984], [0.0, 1266.417203046554, 491.50706579294757], [0.0, 0.0, 1.0]], [[1260.8474446004698, 0.0, 807.968244525554], [0.0, 1260.8474446004698, 495.3344268742088], [0.0, 0.0, 1.0]], [[1256.7414812095406, 0.0, 792.1125740759628], [0.0, 1256.7414812095406, 492.7757465151356], [0.0, 0.0, 1.0]], [[809.2209905677063, 0.0, 829.2196003259838], [0.0, 809.2209905677063, 481.77842384512485], [0.0, 0.0, 1.0]], [[1259.5137405846733, 0.0, 807.2529053838625], [0.0, 1259.5137405846733, 501.19579884916527], [0.0, 0.0, 1.0]]], "extrinsics": [[[0.8204482793807983, -0.5716452598571777, 0.009281488135457039, -0.6060791015625], [-0.00048181627062149346, -0.016925642266869545, -0.9998565912246704, 1.5081090927124023], [0.5717204809188843, 0.8203262090682983, -0.014162042178213596, -1.03515625], [0.0, 0.0, 0.0, 1.0]], [[0.005216515157371759, -0.999762773513794, 0.021142305806279182, 0.01019287109375], [-0.005849542561918497, -0.021172739565372467, -0.9997587203979492, 1.5185279846191406], [0.9999691843986511, 0.005091561935842037, -0.005958602763712406, -1.3379135131835938], [0.0, 0.0, 0.0, 1.0]], [[-0.833145022392273, -0.5530487298965454, 0.0025375303812325, 0.80743408203125], [-0.0002838598738890141, -0.004160595592111349, -0.999991238117218, 1.503577470779419], [0.5530545115470886, -0.8331385254859924, 0.0033093933016061783, -1.09637451171875], [0.0, 0.0, 0.0, 1.0]], [[0.9477697014808655, 0.3189382255077362, -0.003327723126858473, -1.1541748046875], [0.008239321410655975, -0.03491134196519852, -0.9993564486503601, 1.5884590148925781], [-0.3188491463661194, 0.9471322894096375, -0.035715747624635696, -0.0999755859375], [0.0, 0.0, 0.0, 1.0]], [[0.0026051390450447798, 0.9996891617774963, -0.024798518046736717, 0.00213623046875], [-0.01714302785694599, -0.02475031092762947, -0.9995467066764832, 1.5778141021728516], [-0.9998496770858765, 0.003029059851542115, 0.017073219642043114, -0.0893707275390625], [0.0, 0.0, 0.0, 1.0]], [[-0.9346723556518555, 0.3550628423690796, -0.01783120073378086, 0.955810546875], [0.01554628275334835, -0.009287362918257713, -0.9998360276222229, 1.5544567108154297], [-0.35517022013664246, -0.9347963333129883, 0.0031607344280928373, -0.13031005859375], [0.0, 0.0, 0.0, 1.0]]], "view": [[0.0, -2.0, 100.0], [-2.0, 0.0, 100.0], [0.0, 0.0, 1.0]], "bev": "bev_de6f040709bb453ea883245da7d3cba8.png", "aux": "aux_de6f040709bb453ea883245da7d3cba8.npz", "visibility": "visibility_de6f040709bb453ea883245da7d3cba8.png", "pose": [[-0.8488019704818726, -0.5287109017372131, 0.0, 434.79669189453125], [0.5287109017372131, -0.8488019704818726, 0.0, 927.982421875], [0.0, 0.0, 1.0, 0.0], [0.0, 0.0, 0.0, 1.0]], "pose_inverse": [[-0.8488019704818726, 0.5287109017372131, 0.0, -121.5781478881836], [-0.5287109017372131, -0.8488019704818726, 0.0, 1017.5550537109375], [0.0, 0.0, 1.0, 0.0], [0.0, 0.0, 0.0, 1.0]], "cam_ids": [0, 1, 2, 3, 4, 5], "cam_channels": ["CAM_FRONT_LEFT", "CAM_FRONT", "CAM_FRONT_RIGHT", "CAM_BACK_LEFT", "CAM_BACK", "CAM_BACK_RIGHT"], "token": "de6f040709bb453ea883245da7d3cba8", "scene": "scene-0125"}, {"images": ["samples/CAM_FRONT_LEFT/n015-2018-08-01-16-32-59+0800__CAM_FRONT_LEFT__1533112744654844.jpg", "samples/CAM_FRONT/n015-2018-08-01-16-32-59+0800__CAM_FRONT__1533112744662460.jpg", "samples/CAM_FRONT_RIGHT/n015-2018-08-01-16-32-59+0800__CAM_FRONT_RIGHT__1533112744670339.jpg", "samples/CAM_BACK_LEFT/n015-2018-08-01-16-32-59+0800__CAM_BACK_LEFT__1533112744697423.jpg", "samples/CAM_BACK/n015-2018-08-01-16-32-59+0800__CAM_BACK__1533112744687525.jpg", "samples/CAM_BACK_RIGHT/n015-2018-08-01-16-32-59+0800__CAM_BACK_RIGHT__1533112744677893.jpg"], "intrinsics": [[[1272.5979470598488, 0.0, 826.6154927353808], [0.0, 1272.5979470598488, 479.75165386361925], [0.0, 0.0, 1.0]], [[1266.417203046554, 0.0, 816.2670197447984], [0.0, 1266.417203046554, 491.50706579294757], [0.0, 0.0, 1.0]], [[1260.8474446004698, 0.0, 807.968244525554], [0.0, 1260.8474446004698, 495.3344268742088], [0.0, 0.0, 1.0]], [[1256.7414812095406, 0.0, 792.1125740759628], [0.0, 1256.7414812095406, 492.7757465151356], [0.0, 0.0, 1.0]], [[809.2209905677063, 0.0, 829.2196003259838], [0.0, 809.2209905677063, 481.77842384512485], [0.0, 0.0, 1.0]], [[1259.5137405846733, 0.0, 807.2529053838625], [0.0, 1259.5137405846733, 501.19579884916527], [0.0, 0.0, 1.0]]], "extrinsics": [[[0.8197904825210571, -0.5726084113121033, 0.007940370589494705, -0.60699462890625], [-0.0023323006462305784, -0.017204029485583305, -0.999849259853363, 1.5072526931762695], [0.5726587176322937, 0.8196484446525574, -0.01543919462710619, -1.0316162109375], [0.0, 0.0, 0.0, 1.0]], [[0.004325966816395521, -0.999765157699585, 0.021234780550003052, 0.007568359375], [-0.007643818389624357, -0.021267423406243324, -0.9997446537017822, 1.517831802368164], [0.9999614357948303, 0.004162508994340897, -0.0077340248972177505, -1.3359832763671875], [0.0, 0.0, 0.0, 1.0]], [[-0.8335277438163757, -0.552463710308075, 0.003920895047485828, 0.80426025390625], [-0.0020120663102716208, -0.004061337560415268, -0.9999896883964539, 1.503096103668213], [0.5524739623069763, -0.8335270881652832, 0.0022736445534974337, -1.0966796875], [0.0, 0.0, 0.0, 1.0]], [[0.9477741718292236, 0.3189088702201843, -0.004613444674760103, -1.1492767333984375], [0.006699829827994108, -0.034368887543678284, -0.999386727809906, 1.5885124206542969], [-0.31887179613113403, 0.9471620321273804, -0.03471057862043381, -0.1015625], [0.0, 0.0, 0.0, 1.0]], [[0.002830694429576397, 0.9996969103813171, -0.024455687031149864, 0.00286865234375], [-0.018755054101347923, -0.024398410692811012, -0.9995263814926147, 1.5775833129882812], [-0.9998201131820679, 0.003288016887381673, 0.018680306151509285, -0.09307861328125], [0.0, 0.0, 0.0, 1.0]], [[-0.9345206022262573, 0.3555399179458618, -0.016201717779040337, 0.953460693359375], [0.013875742442905903, -0.00909130647778511, -0.9998623728752136, 1.5541658401489258], [-0.3556382656097412, -0.9346168637275696, 0.003562633180990815, -0.13275146484375], [0.0, 0.0, 0.0, 1.0]]], "view": [[0.0, -2.0, 100.0], [-2.0, 0.0, 100.0], [0.0, 0.0, 1.0]], "bev": "bev_8327dd28bec74b51a366fa0677e7deef.png", "aux": "aux_8327dd28bec74b51a366fa0677e7deef.npz", "visibility": "visibility_8327dd28bec74b51a366fa0677e7deef.png", "pose": [[-0.8533748984336853, -0.5212976932525635, 0.0, 430.3901062011719], [0.5212976932525635, -0.8533748984336853, 0.0, 930.7352294921875], [0.0, 0.0, 1.0, 0.0], [0.0, 0.0, 0.0, 1.0]], "pose_inverse": [[-0.8533748984336853, 0.5212976932525635, 0.0, -117.90603637695312], [-0.5212976932525635, -0.8533748984336853, 0.0, 1018.62744140625], [0.0, 0.0, 1.0, 0.0], [0.0, 0.0, 0.0, 1.0]], "cam_ids": [0, 1, 2, 3, 4, 5], "cam_channels": ["CAM_FRONT_LEFT", "CAM_FRONT", "CAM_FRONT_RIGHT", "CAM_BACK_LEFT", "CAM_BACK", "CAM_BACK_RIGHT"], "token": "8327dd28bec74b51a366fa0677e7deef", "scene": "scene-0125"}, {"images": ["samples/CAM_FRONT_LEFT/n015-2018-08-01-16-32-59+0800__CAM_FRONT_LEFT__1533112745154844.jpg", "samples/CAM_FRONT/n015-2018-08-01-16-32-59+0800__CAM_FRONT__1533112745162460.jpg", "samples/CAM_FRONT_RIGHT/n015-2018-08-01-16-32-59+0800__CAM_FRONT_RIGHT__1533112745170348.jpg", "samples/CAM_BACK_LEFT/n015-2018-08-01-16-32-59+0800__CAM_BACK_LEFT__1533112745197423.jpg", "samples/CAM_BACK/n015-2018-08-01-16-32-59+0800__CAM_BACK__1533112745187525.jpg", "samples/CAM_BACK_RIGHT/n015-2018-08-01-16-32-59+0800__CAM_BACK_RIGHT__1533112745177893.jpg"], "intrinsics": [[[1272.5979470598488, 0.0, 826.6154927353808], [0.0, 1272.5979470598488, 479.75165386361925], [0.0, 0.0, 1.0]], [[1266.417203046554, 0.0, 816.2670197447984], [0.0, 1266.417203046554, 491.50706579294757], [0.0, 0.0, 1.0]], [[1260.8474446004698, 0.0, 807.968244525554], [0.0, 1260.8474446004698, 495.3344268742088], [0.0, 0.0, 1.0]], [[1256.7414812095406, 0.0, 792.1125740759628], [0.0, 1256.7414812095406, 492.7757465151356], [0.0, 0.0, 1.0]], [[809.2209905677063, 0.0, 829.2196003259838], [0.0, 809.2209905677063, 481.77842384512485], [0.0, 0.0, 1.0]], [[1259.5137405846733, 0.0, 807.2529053838625], [0.0, 1259.5137405846733, 501.19579884916527], [0.0, 0.0, 1.0]]], "extrinsics": [[[0.8202977776527405, -0.5718695521354675, 0.00876187440007925, -0.6033935546875], [0.0006935790879651904, -0.01432500034570694, -0.9998971819877625, 1.5085859298706055], [0.5719361901283264, 0.8202194571495056, -0.011354128830134869, -1.031005859375], [0.0, 0.0, 0.0, 1.0]], [[0.005018068477511406, -0.9998189210891724, 0.018350770696997643, 0.00860595703125], [-0.004679564852267504, -0.018374277278780937, -0.9998202323913574, 1.518880844116211], [0.9999764561653137, 0.004931280855089426, -0.0047709206119179726, -1.332611083984375], [0.0, 0.0, 0.0, 1.0]], [[-0.83321213722229, -0.5529534816741943, -8.938263636082411e-05, 0.80169677734375], [0.0008729537948966026, -0.0011537544196471572, -0.999998927116394, 1.5038888454437256], [0.552952766418457, -0.8332113027572632, 0.001444026711396873, -1.093994140625], [0.0, 0.0, 0.0, 1.0]], [[0.9477914571762085, 0.3188885748386383, -0.001122847548685968, -1.145965576171875], [0.0093305092304945, -0.031251125037670135, -0.9994680285453796, 1.588541030883789], [-0.31875401735305786, 0.9472768306732178