[{"images": ["samples/CAM_FRONT_LEFT/n008-2018-09-18-13-41-50-0400__CAM_FRONT_LEFT__1537292811254799.jpg", "samples/CAM_FRONT/n008-2018-09-18-13-41-50-0400__CAM_FRONT__1537292811262404.jpg", "samples/CAM_FRONT_RIGHT/n008-2018-09-18-13-41-50-0400__CAM_FRONT_RIGHT__1537292811270482.jpg", "samples/CAM_BACK_LEFT/n008-2018-09-18-13-41-50-0400__CAM_BACK_LEFT__1537292811297405.jpg", "samples/CAM_BACK/n008-2018-09-18-13-41-50-0400__CAM_BACK__1537292811287558.jpg", "samples/CAM_BACK_RIGHT/n008-2018-09-18-13-41-50-0400__CAM_BACK_RIGHT__1537292811278113.jpg"], "intrinsics": [[[1257.8625342125129, 0.0, 827.2410631095686], [0.0, 1257.8625342125129, 450.915498205774], [0.0, 0.0, 1.0]], [[1252.8131021185304, 0.0, 826.588114781398], [0.0, 1252.8131021185304, 469.9846626224581], [0.0, 0.0, 1.0]], [[1256.7485116440405, 0.0, 817.7887570959712], [0.0, 1256.7485116440403, 451.9541780095127], [0.0, 0.0, 1.0]], [[1254.9860565800168, 0.0, 829.5769333630991], [0.0, 1254.9860565800168, 467.1680561863987], [0.0, 0.0, 1.0]], [[796.8910634503094, 0.0, 857.7774326863696], [0.0, 796.8910634503094, 476.8848988407415], [0.0, 0.0, 1.0]], [[1249.9629280788233, 0.0, 825.3768045375984], [0.0, 1249.9629280788233, 462.54816385708756], [0.0, 0.0, 1.0]]], "extrinsics": [[[0.8210853338241577, -0.5693527460098267, -0.04069839417934418, -0.8963623046875], [-0.033696215599775314, 0.022828033193945885, -0.9991713762283325, 1.4838409423828125], [0.5698099732398987, 0.8217763304710388, -0.0004412708804011345, -1.259765625], [0.0, 0.0, 0.0, 1.0]], [[0.008738783188164234, -0.999783992767334, -0.018858499825000763, 0.007537841796875], [-0.03192514553666115, 0.018570659682154655, -0.9993177652359009, 1.4766693115234375], [0.9994519948959351, 0.009334943257272243, -0.0317559577524662, -1.626220703125], [0.0, 0.0, 0.0, 1.0]], [[-0.8444222211837769, -0.5354644060134888, 0.01513398252427578, 1.01953125], [-0.024084201082587242, 0.009726800955832005, -0.9996626377105713, 1.4910240173339844], [0.5351365208625793, -0.844501793384552, -0.02110976167023182, -1.2315673828125], [0.0, 0.0, 0.0, 1.0]], [[0.9471567869186401, 0.31832754611968994, -0.03951767832040787, -1.1419677734375], [-0.04989916831254959, 0.024521242827177048, -0.9984531998634338, 1.56195068359375], [-0.3168661296367645, 0.9476636648178101, 0.039109740406274796, -0.15679931640625], [0.0, 0.0, 0.0, 1.0]], [[0.010361065156757832, 0.9998079538345337, 0.016631638631224632, -0.029022216796875], [-0.04762163758277893, 0.017107024788856506, -0.9987189173698425, 1.566497802734375], [-0.9988117218017578, 0.009555686265230179, 0.04778974503278732, 0.0115966796875], [0.0, 0.0, 0.0, 1.0]], [[-0.9227333068847656, 0.3835727870464325, 0.037881940603256226, 1.10302734375], [-0.04328426346182823, -0.005459091626107693, -0.9990478754043579, 1.5451278686523438], [-0.38300079107284546, -0.9234945178031921, 0.021639954298734665, -0.06683349609375], [0.0, 0.0, 0.0, 1.0]]], "view": [[0.0, -2.0, 100.0], [-2.0, 0.0, 100.0], [0.0, 0.0, 1.0]], "bev": "bev_84500379c6814c16bcd1bd7112443823.png", "aux": "aux_84500379c6814c16bcd1bd7112443823.npz", "visibility": "visibility_84500379c6814c16bcd1bd7112443823.png", "pose": [[0.6365534067153931, -0.7712326049804688, 0.0, 1406.4088134765625], [0.7712326049804688, 0.6365534067153931, 0.0, 1173.65869140625], [0.0, 0.0, 1.0, 0.0], [0.0, 0.0, 0.0, 1.0]], "pose_inverse": [[0.6365534067153931, 0.7712326049804688, 0.0, -1800.418212890625], [-0.7712326049804688, 0.6365534067153931, 0.0, 337.5719299316406], [0.0, 0.0, 1.0, 0.0], [0.0, 0.0, 0.0, 1.0]], "cam_ids": [0, 1, 2, 3, 4, 5], "cam_channels": ["CAM_FRONT_LEFT", "CAM_FRONT", "CAM_FRONT_RIGHT", "CAM_BACK_LEFT", "CAM_BACK", "CAM_BACK_RIGHT"], "token": "84500379c6814c16bcd1bd7112443823", "scene": "scene-0591"}, {"images": ["samples/CAM_FRONT_LEFT/n008-2018-09-18-13-41-50-0400__CAM_FRONT_LEFT__1537292811754799.jpg", "samples/CAM_FRONT/n008-2018-09-18-13-41-50-0400__CAM_FRONT__1537292811762404.jpg", "samples/CAM_FRONT_RIGHT/n008-2018-09-18-13-41-50-0400__CAM_FRONT_RIGHT__1537292811770482.jpg", "samples/CAM_BACK_LEFT/n008-2018-09-18-13-41-50-0400__CAM_BACK_LEFT__1537292811797414.jpg", "samples/CAM_BACK/n008-2018-09-18-13-41-50-0400__CAM_BACK__1537292811787558.jpg", "samples/CAM_BACK_RIGHT/n008-2018-09-18-13-41-50-0400__CAM_BACK_RIGHT__1537292811778113.jpg"], "intrinsics": [[[1257.8625342125129, 0.0, 827.2410631095686], [0.0, 1257.8625342125129, 450.915498205774], [0.0, 0.0, 1.0]], [[1252.8131021185304, 0.0, 826.588114781398], [0.0, 1252.8131021185304, 469.9846626224581], [0.0, 0.0, 1.0]], [[1256.7485116440405, 0.0, 817.7887570959712], [0.0, 1256.7485116440403, 451.9541780095127], [0.0, 0.0, 1.0]], [[1254.9860565800168, 0.0, 829.5769333630991], [0.0, 1254.9860565800168, 467.1680561863987], [0.0, 0.0, 1.0]], [[796.8910634503094, 0.0, 857.7774326863696], [0.0, 796.8910634503094, 476.8848988407415], [0.0, 0.0, 1.0]], [[1249.9629280788233, 0.0, 825.3768045375984], [0.0, 1249.9629280788233, 462.54816385708756], [0.0, 0.0, 1.0]]], "extrinsics": [[[0.8211946487426758, -0.5690881609916687, -0.04216732084751129, -0.8763427734375], [-0.036172423511743546, 0.021833281964063644, -0.9991070628166199, 1.482635498046875], [0.5695006251335144, 0.8219866156578064, -0.002655926626175642, -1.2440185546875], [0.0, 0.0, 0.0, 1.0]], [[0.008997111581265926, -0.9997968077659607, -0.018035829067230225, 0.0064697265625], [-0.03427807614207268, 0.017717594280838966, -0.9992552995681763, 1.475738525390625], [0.9993718266487122, 0.009608645923435688, -0.03411170095205307, -1.605712890625], [0.0, 0.0, 0.0, 1.0]], [[-0.8442637324333191, -0.535646378993988, 0.01737249083817005, 1.0062255859375], [-0.02629883587360382, 0.009030926041305065, -0.9996132850646973, 1.4904441833496094], [0.5352823138237, -0.8443941473960876, -0.021711360663175583, -1.2239990234375], [0.0, 0.0, 0.0, 1.0]], [[0.9470905065536499, 0.31829530000686646, -0.041323404759168625, -1.1402587890625], [-0.05173024535179138, 0.024308795109391212, -0.9983651638031006, 1.5618438720703125], [-0.3167704939842224, 0.9476798176765442, 0.03948812559247017, -0.15728759765625], [0.0, 0.0, 0.0, 1.0]], [[0.010323576629161835, 0.9998146891593933, 0.01624765247106552, -0.0284423828125], [-0.04955082759261131, 0.01674005389213562, -0.9986312389373779, 1.5661468505859375], [-0.99871826171875, 0.009504351764917374, 0.04971446469426155, 0.0057373046875], [0.0, 0.0, 0.0, 1.0]], [[-0.9227146506309509, 0.3834465444087982, 0.0395774282515049, 1.0943603515625], [-0.045344579964876175, -0.006008935626596212, -0.9989533424377441, 1.5445480346679688], [-0.3828073740005493, -0.9235435128211975, 0.02293175458908081, -0.07122802734375], [0.0, 0.0, 0.0, 1.0]]], "view": [[0.0, -2.0, 100.0], [-2.0, 0.0, 100.0], [0.0, 0.0, 1.0]], "bev": "bev_474f072d3f5e4f80a1635cb3bce27189.png", "aux": "aux_474f072d3f5e4f80a1635cb3bce27189.npz", "visibility": "visibility_474f072d3f5e4f80a1635cb3bce27189.png", "pose": [[0.6340663433074951, -0.7732786536216736, 0.0, 1407.4644775390625], [0.7732786536216736, 0.6340663433074951, 0.0, 1174.9256591796875], [0.0, 0.0, 1.0, 0.0], [0.0, 0.0, 0.0, 1.0]], "pose_inverse": [[0.6340663433074951, 0.7732786536216736, 0.0, -1800.9708251953125], [-0.7732786536216736, 0.6340663433074951, 0.0, 343.3814697265625], [0.0, 0.0, 1.0, 0.0], [0.0, 0.0, 0.0, 1.0]], "cam_ids": [0, 1, 2, 3, 4, 5], "cam_channels": ["CAM_FRONT_LEFT", "CAM_FRONT", "CAM_FRONT_RIGHT", "CAM_BACK_LEFT", "CAM_BACK", "CAM_BACK_RIGHT"], "token": "474f072d3f5e4f80a1635cb3bce27189", "scene": "scene-0591"}, {"images": ["samples/CAM_FRONT_LEFT/n008-2018-09-18-13-41-50-0400__CAM_FRONT_LEFT__1537292812154799.jpg", "samples/CAM_FRONT/n008-2018-09-18-13-41-50-0400__CAM_FRONT__1537292812162404.jpg", "samples/CAM_FRONT_RIGHT/n008-2018-09-18-13-41-50-0400__CAM_FRONT_RIGHT__1537292812170482.jpg", "samples/CAM_BACK_LEFT/n008-2018-09-18-13-41-50-0400__CAM_BACK_LEFT__1537292812197405.jpg", "samples/CAM_BACK/n008-2018-09-18-13-41-50-0400__CAM_BACK__1537292812187558.jpg", "samples/CAM_BACK_RIGHT/n008-2018-09-18-13-41-50-0400__CAM_BACK_RIGHT__1537292812178113.jpg"], "intrinsics": [[[1257.8625342125129, 0.0, 827.2410631095686], [0.0, 1257.8625342125129, 450.915498205774], [0.0, 0.0, 1.0]], [[1252.8131021185304, 0.0, 826.588114781398], [0.0, 1252.8131021185304, 469.9846626224581], [0.0, 0.0, 1.0]], [[1256.7485116440405, 0.0, 817.7887570959712], [0.0, 1256.7485116440403, 451.9541780095127], [0.0, 0.0, 1.0]], [[1254.9860565800168, 0.0, 829.5769333630991], [0.0, 1254.9860565800168, 467.1680561863987], [0.0, 0.0, 1.0]], [[796.8910634503094, 0.0, 857.7774326863696], [0.0, 796.8910634503094, 476.8848988407415], [0.0, 0.0, 1.0]], [[1249.9629280788233, 0.0, 825.3768045375984], [0.0, 1249.9629280788233, 462.54816385708756], [0.0, 0.0, 1.0]]], "extrinsics": [[[0.8215783834457397, -0.5687493085861206, -0.039156991988420486, -0.86669921875], [-0.032045647501945496, 0.022503672167658806, -0.9992330074310303, 1.4829025268554688], [0.5691942572593689, 0.8222030997276306, 0.0002625896013341844, -1.23748779296875], [0.0, 0.0, 0.0, 1.0]], [[0.009393541142344475, -0.9997802972793579, -0.01873627118766308, 0.006561279296875], [-0.03013419546186924, 0.018445558845996857, -0.9993756413459778, 1.4759368896484375], [0.9995017051696777, 0.009952313266694546, -0.02995430864393711, -1.5947265625], [0.0, 0.0, 0.0, 1.0]], [[-0.8441842794418335, -0.5358842015266418, 0.013453459367156029, 0.9974365234375], [-0.022159487009048462, 0.00981029774993658, -0.9997062683105469, 1.4906387329101562], [0.5355948805809021, -0.8442344665527344, -0.0201566219329834, -1.21875], [0.0, 0.0, 0.0, 1.0]], [[0.9472334384918213, 0.3183915317058563, -0.037090547382831573, -1.1365966796875], [-0.047545891255140305, 0.025126874446868896, -0.9985529780387878, 1.5616683959960938], [-0.31699880957603455, 0.9476263523101807, 0.0389392226934433, -0.15863037109375], [0.0, 0.0, 0.0, 1.0]], [[0.0101105822250247, 0.9998023509979248, 0.017124535515904427, -0.028411865234375], [-0.04542037472128868, 0.017566919326782227, -0.9988135099411011, 1.5659942626953125], [-0.9989168643951416, 0.009320835582911968, 0.045589011162519455, -0.001220703125], [0.0, 0.0, 0.0, 1.0]], [[-0.9229539036750793, 0.38321420550346375, 0.036096781492233276, 1.0850830078125], [-0.04123413935303688, -0.005197128280997276, -0.9991359710693359, 1.54443359375], [-0.3826955258846283, -0.9236449003219604, 0.020598215982317924, -0.075286865234375], [0.0, 0.0, 0.0, 1.0]]], "view": [[0.0, -2.0, 100.0], [-2.0, 0.0, 100.0], [0.0, 0.0, 1.0]], "bev": "bev_00993188cd2547ce8887de264a988662.png", "aux": "aux_00993188cd2547ce8887de264a988662.npz", "visibility": "visibility_00993188cd2547ce8887de264a988662.png", "pose": [[0.6333540081977844, -0.7738622426986694, 0.0, 1408.3668212890625], [0.7738622426986694, 0.6333540081977844, 0.0, 1176.0289306640625], [0.0, 0.0, 1.0, 0.0], [0.0, 0.0, 0.0, 1.0]], "pose_inverse": [[0.6333540081977844, 0.7738622426986694, 0.0, -1802.0791015625], [-0.7738622426986694, 0.6333540081977844, 0.0, 345.0392761230469], [0.0, 0.0, 1.0, 0.0], [0.0, 0.0, 0.0, 1.0]], "cam_ids": [0, 1, 2, 3, 4, 5], "cam_channels": ["CAM_FRONT_LEFT", "CAM_FRONT", "CAM_FRONT_RIGHT", "CAM_BACK_LEFT", "CAM_BACK", "CAM_BACK_RIGHT"], "token": "00993188cd2547ce8887de264a988662", "scene": "scene-0591"}, {"images": ["samples/CAM_FRONT_LEFT/n008-2018-09-18-13-41-50-0400__CAM_FRONT_LEFT__1537292812654799.jpg", "samples/CAM_FRONT/n008-2018-09-18-13-41-50-0400__CAM_FRONT__1537292812662404.jpg", "samples/CAM_FRONT_RIGHT/n008-2018-09-18-13-41-50-0400__CAM_FRONT_RIGHT__1537292812670482.jpg", "samples/CAM_BACK_LEFT/n008-2018-09-18-13-41-50-0400__CAM_BACK_LEFT__1537292812697405.jpg", "samples/CAM_BACK/n008-2018-09-18-13-41-50-0400__CAM_BACK__1537292812687558.jpg", "samples/CAM_BACK_RIGHT/n008-2018-09-18-13-41-50-0400__CAM_BACK_RIGHT__1537292812678113.jpg"], "intrinsics": [[[1257.8625342125129, 0.0, 827.2410631095686], [0.0, 1257.8625342125129, 450.915498205774], [0.0, 0.0, 1.0]], [[1252.8131021185304, 0.0, 826.588114781398], [0.0, 1252.8131021185304, 469.9846626224581], [0.0, 0.0, 1.0]], [[1256.7485116440405, 0.0, 817.7887570959712], [0.0, 1256.7485116440403, 451.9541780095127], [0.0, 0.0, 1.0]], [[1254.9860565800168, 0.0, 829.5769333630991], [0.0, 1254.9860565800168, 467.1680561863987], [0.0, 0.0, 1.0]], [[796.8910634503094, 0.0, 857.7774326863696], [0.0, 796.8910634503094, 476.8848988407415], [0.0, 0.0, 1.0]], [[1249.9629280788233, 0.0, 825.3768045375984], [0.0, 1249.9629280788233, 462.54816385708756], [0.0, 0.0, 1.0]]], "extrinsics": [[[0.8213719129562378, -0.569124698638916, -0.038014449179172516, -0.8507080078125], [-0.030084975063800812, 0.02332693710923195, -0.9992750883102417, 1.4826316833496094], [0.5695988535881042, 0.8219202160835266, 0.002037991303950548, -1.2265625], [0.0, 0.0, 0.0, 1.0]], [[0.008993249386548996, -0.9997742772102356, -0.01924770511686802, 0.0067138671875], [-0.028072360903024673, 0.01898846961557865, -0.9994255304336548, 1.4757652282714844], [0.9995654225349426, 0.009528417140245438, -0.027895256876945496, -1.577880859375], [0.0, 0.0, 0.0, 1.0]], [[-0.8444135189056396, -0.5355677008628845, 0.01153583638370037, 0.98583984375], [-0.020040448755025864, 0.010063142515718937, -0.9997484683990479, 1.4905929565429688], [0.5353169441223145, -0.8444323539733887, -0.019230470061302185, -1.21142578125], [0.0, 0.0, 0.0, 1.0]], [[0.9473103880882263, 0.3183697760105133, -0.035266268998384476, -1.132080078125], [-0.04543104022741318, 0.024556616321206093, -0.9986656308174133, 1.5614776611328125], [-0.31707891821861267, 0.9476484060287476, 0.03772661089897156, -0.15997314453125], [0.0, 0.0, 0.0, 1.0]], [[0.010240664705634117, 0.9998059868812561, 0.016827022656798363, -0.028076171875], [-0.04327577352523804, 0.017255276441574097, -0.9989141225814819, 1.5657577514648438], [-0.9990106225013733, 0.009501303546130657, 0.043444085866212845, -0.0089111328125], [0.0, 0.0, 0.0, 1.0]], [[-0.9229052066802979, 0.38351139426231384, 0.03412973880767822, 1.0753173828125], [-0.03911259397864342, -0.005199468694627285, -0.9992212653160095, 1.5441818237304688], [-0.3830353021621704, -0.9235214591026306, 0.01979874260723591, -0.07958984375], [0.0, 0.0, 0.0, 1.0]]], "view": [[0.0, -2.0, 100.0], [-2.0, 0.0, 100.0], [0.0, 0.0, 1.0]], "bev": "bev_503bc47c3d254d07abecfc270b28a76d.png", "aux": "aux_503bc47c3d254d07abecfc270b28a76d.npz", "visibility": "visibility_503bc47c3d254d07abecfc270b28a76d.png", "pose": [[0.6326017379760742, -0.7744772434234619, 0.0, 1409.6494140625], [0.7744772434234619, 0.6326017379760742, 0.0, 1177.5989990234375], [0.0, 0.0, 1.0, 0.0], [0.0, 0.0, 0.0, 1.0]], "pose_inverse": [[0.6326017379760742, 0.7744772434234619, 0.0, -1803.7703857421875], [-0.7744772434234619, 0.6326017379760742, 0.0, 346.7901916503906], [0.0, 0.0, 1.0, 0.0], [0.0, 0.0, 0.0, 1.0]], "cam_ids": [0, 1, 2, 3, 4, 5], "cam_channels": ["CAM_FRONT_LEFT", "CAM_FRONT", "CAM_FRONT_RIGHT", "CAM_BACK_LEFT", "CAM_BACK", "CAM_BACK_RIGHT"], "token": "503bc47c3d254d07abecfc270b28a76d", "scene": "scene-0591"}, {"images": ["samples/CAM_FRONT_LEFT/n008-2018-09-18-13-41-50-0400__CAM_FRONT_LEFT__1537292813154799.jpg", "samples/CAM_FRONT/n008-2018-09-18-13-41-50-0400__CAM_FRONT__1537292813162404.jpg", "samples/CAM_FRONT_RIGHT/n008-2018-09-18-13-41-50-0400__CAM_FRONT_RIGHT__1537292813170482.jpg", "samples/CAM_BACK_LEFT/n008-2018-09-18-13-41-50-0400__CAM_BACK_LEFT__1537292813197405.jpg", "samples/CAM_BACK/n008-2018-09-18-13-41-50-0400__CAM_BACK__1537292813187558.jpg", "samples/CAM_BACK_RIGHT/n008-2018-09-18-13-41-50-0400__CAM_BACK_RIGHT__1537292813178113.jpg"], "intrinsics": [[[1257.8625342125129, 0.0, 827.2410631095686], [0.0, 1257.8625342125129, 450.915498205774], [0.0, 0.0, 1.0]], [[1252.8131021185304, 0.0, 826.588114781398], [0.0, 1252.8131021185304, 469.9846626224581], [0.0, 0.0, 1.0]], [[1256.7485116440405, 0.0, 817.7887570959712], [0.0, 1256.7485116440403, 451.9541780095127], [0.0, 0.0, 1.0]], [[1254.9860565800168, 0.0, 829.5769333630991], [0.0, 1254.9860565800168, 467.1680561863987], [0.0, 0.0, 1.0]], [[796.8910634503094, 0.0, 857.7774326863696], [0.0, 796.8910634503094, 476.8848988407415], [0.0, 0.0, 1.0]], [[1249.9629280788233, 0.0, 825.3768045375984], [0.0, 1249.9629280788233, 462.54816385708756], [0.0, 0.0, 1.0]]], "extrinsics": [[[0.8207184076309204, -0.5691137909889221, -0.05030849203467369, -0.8162841796875], [-0.04602958261966705, 0.02190382033586502, -0.9986999034881592, 1.4777450561523438], [0.5694758892059326, 0.8219670057296753, -0.008219200186431408, -1.204833984375], [0.0, 0.0, 0.0, 1.0]], [[0.008747327141463757, -0.9997983574867249, -0.01808028109371662, 0.008941650390625], [-0.044811930507421494, 0.017670877277851105, -0.9988391995429993, 1.4716033935546875], [0.9989571571350098, 0.009547402150928974, -0.044648315757513046, -1.5445556640625], [0.0, 0.0, 0.0, 1.0]], [[-0.8440576195716858, -0.5355722904205322, 0.027001874521374702, 0.964599609375], [-0.03755224123597145, 0.008802675642073154, -0.999255895614624, 1.4874343872070312], [0.5349360704421997, -0.8444435000419617, -0.027541909366846085, -1.1959228515625], [0.0, 0.0, 0.0, 1.0]], [[0.9465283751487732, 0.3179951012134552, -0.054435063153505325, -1.128173828125], [-0.06514833122491837, 0.023144815117120743, -0.9976071119308472, 1.560943603515625], [-0.31597432494163513, 0.9478098154067993, 0.04262407496571541, -0.1614990234375], [0.0, 0.0, 0.0, 1.0]], [[0.01070179883390665, 0.9998249411582947, 0.015348142944276333, -0.02880859375], [-0.06221558898687363, 0.01598506048321724, -0.9979346990585327, 1.5639877319335938], [-0.9980053901672363, 0.009724785573780537, 0.06237576901912689, -0.0208740234375], [0.0, 0.0, 0.0, 1.0]], [[-0.9221391081809998, 0.38355928659439087, 0.05041412636637688, 1.05712890625], [-0.0572633221745491, -0.00645115552470088, -0.9983382821083069, 1.5414276123046875], [-0.3825967013835907, -0.9234937429428101, 0.027912741526961327, -0.08538818359375], [0.0, 0.0, 0.0, 1.0]]], "view": [[0.0, -2.0, 100.0], [-2.0, 0.0, 100.0], [0.0, 0.0, 1.0]], "bev": "bev_30a536e53c914aafbc3b665b82853bf4.png", "aux": "aux_30a536e53c914aafbc3b665b82853bf4.npz", "visibility": "visibility_30a536e53c914aafbc3b665b82853bf4.png", "pose": [[0.6309212446212769, -0.7758468985557556, 0.0, 1411.128173828125], [0.7758468985557556, 0.6309212446212769, 0.0, 1179.3917236328125], [0.0, 0.0, 1.0, 0.0], [0.0, 0.0, 0.0, 1.0]], "pose_inverse": [[0.6309212446212769, 0.7758468985557556, 0.0, -1805.338134765625], [-0.7758468985557556, 0.6309212446212769, 0.0, 350.716064453125], [0.0, 0.0, 1.0, 0.0], [0.0, 0.0, 0.0, 1.0]], "cam_ids": [0, 1, 2, 3, 4, 5], "cam_channels": ["CAM_FRONT_LEFT", "CAM_FRONT", "CAM_FRONT_RIGHT", "CAM_BACK_LEFT", "CAM_BACK", "CAM_BACK_RIGHT"], "token": "30a536e53c914aafbc3b665b82853bf4", "scene": "scene-0591"}, {"images": ["samples/CAM_FRONT_LEFT/n008-2018-09-18-13-41-50-0400__CAM_FRONT_LEFT__1537292813654799.jpg", "samples/CAM_FRONT/n008-2018-09-18-13-41-50-0400__CAM_FRONT__1537292813662404.jpg", "samples/CAM_FRONT_RIGHT/n008-2018-09-18-13-41-50-0400__CAM_FRONT_RIGHT__1537292813670482.jpg", "samples/CAM_BACK_LEFT/n008-2018-09-18-13-41-50-0400__CAM_BACK_LEFT__1537292813697405.jpg", "samples/CAM_BACK/n008-2018-09-18-13-41-50-0400__CAM_BACK__1537292813687558.jpg", "samples/CAM_BACK_RIGHT/n008-2018-09-18-13-41-50-0400__CAM_BACK_RIGHT__1537292813678113.jpg"], "intrinsics": [[[1257.8625342125129, 0.0, 827.2410631095686], [0.0, 1257.8625342125129, 450.915498205774], [0.0, 0.0, 1.0]], [[1252.8131021185304, 0.0, 826.588114781398], [0.0, 1252.8131021185304, 469.9846626224581], [0.0, 0.0, 1.0]], [[1256.7485116440405, 0.0, 817.7887570959712], [0.0, 1256.7485116440403, 451.9541780095127], [0.0, 0.0, 1.0]], [[1254.9860565800168, 0.0, 829.5769333630991], [0.0, 1254.9860565800168, 467.1680561863987], [0.0, 0.0, 1.0]], [[796.8910634503094, 0.0, 857.7774326863696], [0.0, 796.8910634503094, 476.8848988407415], [0.0, 0.0, 1.0]], [[1249.9629280788233, 0.0, 825.3768045375984], [0.0, 1249.9629280788233, 462.54816385708756], [0.0, 0.0, 1.0]]], "extrinsics": [[[0.8223841190338135, -0.5686928629875183, -0.016516348347067833, -0.81884765625], [-0.008799874223768711, 0.01631220430135727, -0.9998282194137573, 1.4862651824951172], [0.568864643573761, 0.8223881125450134, 0.008410468697547913, -1.20904541015625], [0.0, 0.0, 0.0, 1.0]], [[0.010009153746068478, -0.9998775124549866, -0.01203330047428608, 0.010406494140625], [-0.006123031955212355, 0.011972391977906227, -0.9999095797538757, 1.4789810180664062], [0.9999310374259949, 0.01008191704750061, -0.006002448033541441, -1.547607421875], [0.0, 0.0, 0.0, 1.0]], [[-0.8441876173019409, -0.5360339283943176, -0.003856237046420574, 0.96630859375], [0.0027337553910911083, 0.0028886310756206512, -0.9999920725822449, 1.4934709072113037], [0.5360408425331116, -0.8441914916038513, -0.0009731618338264525, -1.19580078125], [0.0, 0.0, 0.0, 1.0]], [[0.9478033781051636, 0.31855309009552, -0.013882551342248917, -1.12841796875], [-0.020023908466100693, 0.01601221412420273, -0.9996712803840637, 1.5617141723632812], [-0.3182260990142822, 0.947769820690155, 0.021555108949542046, -0.16143798828125], [0.0, 0.0, 0.0, 1.0]], [[0.009462261572480202, 0.9999135732650757, 0.009130177088081837, -0.02911376953125], [-0.018805941566824913, 0.00930691882967949, -0.9997798204421997, 1.5668258666992188], [-0.9997784495353699, 0.009288474917411804, 0.018892381340265274, -0.0208740234375], [0.0, 0.0, 0.0, 1.0]], [[-0.9236140251159668, 0.3832073211669922, 0.009444445371627808, 1.056396484375], [-0.015490678139030933, -0.01269510481506586, -0.9997994303703308, 1.5460948944091797], [-0.38301047682762146, -0.9235751032829285, 0.01766151934862137, -0.085113525390625], [0.0, 0.0, 0.0, 1.0]]], "view": [[0.0, -2.0, 100.0], [-2.0, 0.0, 100.0], [0.0, 0.0, 1.0]], "bev": "bev_fcf2fe23573f470595bfe5b8e369f067.png", "aux": "aux_fcf2fe23573f470595bfe5b8e369f067.npz", "visibility": "visibility_fcf2fe23573f470595bfe5b8e369f067.png", "pose": [[0.6330211162567139, -0.7741345167160034, 0.0, 1412.75390625], [0.7741345167160034, 0.6330211162567139, 0.0, 1181.3240966796875], [0.0, 0.0, 1.0, 0.0], [0.0, 0.0, 0.0, 1.0]], "pose_inverse": [[0.6330211162567139, 0.7741345167160034, 0.0, -1808.806884765625], [-0.7741345167160034, 0.6330211162567139, 0.0, 345.85845947265625], [0.0, 0.0, 1.0, 0.0], [0.0, 0.0, 0.0, 1.0]], "cam_ids": [0, 1, 2, 3, 4, 5], "cam_channels": ["CAM_FRONT_LEFT", "CAM_FRONT", "CAM_FRONT_RIGHT", "CAM_BACK_LEFT", "CAM_BACK", "CAM_BACK_RIGHT"], "token": "fcf2fe23573f470595bfe5b8e369f067", "scene": "scene-0591"}, {"images": ["samples/CAM_FRONT_LEFT/n008-2018-09-18-13-41-50-0400__CAM_FRONT_LEFT__1537292814154799.jpg", "samples/CAM_FRONT/n008-2018-09-18-13-41-50-0400__CAM_FRONT__1537292814162404.jpg", "samples/CAM_FRONT_RIGHT/n008-2018-09-18-13-41-50-0400__CAM_FRONT_RIGHT__1537292814170482.jpg", "samples/CAM_BACK_LEFT/n008-2018-09-18-13-41-50-0400__CAM_BACK_LEFT__1537292814197405.jpg", "samples/CAM_BACK/n008-2018-09-18-13-41-50-0400__CAM_BACK__1537292814187558.jpg", "samples/CAM_BACK_RIGHT/n008-2018-09-18-13-41-50-0400__CAM_BACK_RIGHT__1537292814178113.jpg"], "intrinsics": [[[1257.8625342125129, 0.0, 827.2410631095686], [0.0, 1257.8625342125129, 450.915498205774], [0.0, 0.0, 1.0]], [[1252.8131021185304, 0.0, 826.588114781398], [0.0, 1252.8131021185304, 469.9846626224581], [0.0, 0.0, 1.0]], [[1256.7485116440405, 0.0, 817.7887570959712], [0.0, 1256.7485116440403, 451.9541780095127], [0.0, 0.0, 1.0]], [[1254.9860565800168, 0.0, 829.5769333630991], [0.0, 1254.9860565800168, 467.1680561863987], [0.0, 0.0, 1.0]], [[796.8910634503094, 0.0, 857.7774326863696], [0.0, 796.8910634503094, 476.8848988407415], [0.0, 0.0, 1.0]], [[1249.9629280788233, 0.0, 825.3768045375984], [0.0, 1249.9629280788233, 462.54816385708756], [0.0, 0.0, 1.0]]], "extrinsics": [[[0.822213351726532, -0.5688134431838989, -0.02041110396385193, -0.8046875], [-0.01662673056125641, 0.01184243243187666, -0.9997916221618652, 1.4842414855957031], [0.5689366459846497, 0.8223813772201538, 0.0002794964239001274, -1.19921875], [0.0, 0.0, 0.0, 1.0]], [[0.009929421357810497, -0.9999206066131592, -0.007752629462629557, 0.010345458984375], [-0.014719635248184204, 0.0076060108840465546, -0.9998627305030823, 1.477203369140625], [0.9998422861099243, 0.010042191483080387, -0.014642942696809769, -1.53515625], [0.0, 0.0, 0.0, 1.0]], [[-0.8441532254219055, -0.536064088344574, 0.006371245253831148, 0.960205078125], [-0.006753680296242237, -0.0012497642310336232, -0.999976396560669, 1.492018699645996], [0.5360594391822815, -0.8441764116287231, -0.002565413946285844, -1.19189453125], [0.0, 0.0, 0.0, 1.0]], [[0.9475800395011902, 0.3184319734573364, -0.026329537853598595, -1.1287841796875], [-0.03224055469036102, 0.013305778615176678, -0.9993916153907776, 1.5615158081054688], [-0.31788793206214905, 0.947852373123169, 0.02287471294403076, -0.161376953125], [0.0, 0.0, 0.0, 1.0]], [[0.009541448205709457, 0.9999380707740784, 0.005741252563893795, -0.029022216796875], [-0.03006335347890854, 0.006025774870067835, -0.9995298385620117, 1.5660591125488281], [-0.999502420425415, 0.009364387951791286, 0.03011898510158062, -0.02197265625], [0.0, 0.0, 0.0, 1.0]], [[-0.9235024452209473, 0.38319024443626404, 0.017561258748173714, 1.0540771484375], [-0.02584800496697426, -0.016487091779708862, -0.9995298981666565, 1.5448684692382812], [-0.38272055983543396, -0.9235222935676575, 0.02513057366013527, -0.08624267578125], [0.0, 0.0, 0.0, 1.0]]], "view": [[0.0, -2.0, 100.0], [-2.0, 0.0, 100.0], [0.0, 0.0, 1.0]], "bev": "bev_bb1d28cebb63421c904efb51c7270b9a.png", "aux": "aux_bb1d28cebb63421c904efb51c7270b9a.npz", "visibility": "visibility_bb1d28cebb63421c904efb51c7270b9a.png", "pose": [[0.6314737200737, -0.7753973007202148, 0.0, 1414.3507080078125], [0.7753973007202148, 0.6314737200737, 0.0, 1183.23486328125], [0.0, 0.0, 1.0, 0.0], [0.0, 0.0, 0.0, 1.0]], "pose_inverse": [[0.6314737200737, 0.7753973007202148, 0.0, -1810.6024169921875], [-0.7753973007202148, 0.6314737200737, 0.0, 349.501953125], [0.0, 0.0, 1.0, 0.0], [0.0, 0.0, 0.0, 1.0]], "cam_ids": [0, 1, 2, 3, 4, 5], "cam_channels": ["CAM_FRONT_LEFT", "CAM_FRONT", "CAM_FRONT_RIGHT", "CAM_BACK_LEFT", "CAM_BACK", "CAM_BACK_RIGHT"], "token": "bb1d28cebb63421c904efb51c7270b9a", "scene": "scene-0591"}, {"images": ["samples/CAM_FRONT_LEFT/n008-2018-09-18-13-41-50-0400__CAM_FRONT_LEFT__1537292814654799.jpg", "samples/CAM_FRONT/n008-2018-09-18-13-41-50-0400__CAM_FRONT__1537292814662404.jpg", "samples/CAM_FRONT_RIGHT/n008-2018-09-18-13-41-50-0400__CAM_FRONT_RIGHT__1537292814670482.jpg", "samples/CAM_BACK_LEFT/n008-2018-09-18-13-41-50-0400__CAM_BACK_LEFT__1537292814697405.jpg", "samples/CAM_BACK/n008-2018-09-18-13-41-50-0400__CAM_BACK__1537292814687558.jpg", "samples/CAM_BACK_RIGHT/n008-2018-09-18-13-41-50-0400__CAM_BACK_RIGHT__1537292814678113.jpg"], "intrinsics": [[[1257.8625342125129, 0.0, 827.2410631095686], [0.0, 1257.8625342125129, 450.915498205774], [0.0, 0.0, 1.0]], [[1252.8131021185304, 0.0, 826.588114781398], [0.0, 1252.8131021185304, 469.9846626224581], [0.0, 0.0, 1.0]], [[1256.7485116440405, 0.0, 817.7887570959712], [0.0, 1256.7485116440403, 451.9541780095127], [0.0, 0.0, 1.0]], [[1254.9860565800168, 0.0, 829.5769333630991], [0.0, 1254.9860565800168, 467.1680561863987], [0.0, 0.0, 1.0]], [[796.8910634503094, 0.0, 857.7774326863696], [0.0, 796.8910634503094, 476.8848988407415], [0.0, 0.0, 1.0]], [[1249.9629280788233, 0.0, 825.3768045375984], [0.0, 1249.9629280788233, 462.54816385708756], [0.0, 0.0, 1.0]]], "extrinsics": [[[0.8227174878120422, -0.5677059888839722, -0.0290827639400959, -0.79150390625], [-0.0219802875071764, 0.01935284025967121, -0.9995710253715515, 1.482574462890625], [0.5680253505706787, 0.823003888130188, 0.0034435780253261328, -1.19140625], [0.0, 0.0, 0.0, 1.0]], [[0.010732917115092278, -0.9998132586479187, -0.016065821051597595, 0.01104736328125], [-0.019580526277422905, 0.015853524208068848, -0.999682605266571, 1.4759101867675781], [0.9997506141662598, 0.011044208891689777, -0.019406715407967567, -1.5206298828125], [0.0, 0.0, 0.0, 1.0]], [[-0.8437936902046204, -0.5366413593292236, 0.005315631628036499, 0.94873046875], [-0.011218501254916191, 0.007735075429081917, -0.9999071359634399, 1.4911479949951172], [0.5365504622459412, -0.8437749147415161, -0.012547122314572334, -1.1842041015625], [0.0, 0.0, 0.0, 1.0]], [[0.9475424289703369, 0.3186110258102417, -0.025501107797026634, -1.1265869140625], [-0.03502163663506508, 0.024187764152884483, -0.9990938305854797, 1.5613861083984375], [-0.31770551204681396, 0.9475768208503723, 0.03407721221446991, -0.16217041015625], [0.0, 0.0, 0.0, 1.0]], [[0.009428112767636776, 0.9998276829719543, 0.015988286584615707, -0.029266357421875], [-0.03348067030310631, 0.0162956640124321, -0.9993064403533936, 1.5655593872070312], [-0.9993948936462402, 0.008886312134563923, 0.033628541976213455, -0.02978515625], [0.0, 0.0, 0.0, 1.0]], [[-0.9235670566558838, 0.3826179504394531, 0.02504715882241726, 1.0419921875], [-0.02996143512427807, -0.006889576558023691, -0.9995273351669312, 1.5440025329589844], [-0.38226446509361267, -0.923880934715271, 0.01782676950097084, -0.09075927734375], [0.0, 0.0, 0.0, 1.0]]], "view": [[0.0, -2.0, 100.0], [-2.0, 0.0, 100.0], [0.0, 0.0, 1.0]], "bev": "bev_4a499db7d2744ba1934af688f9e84e3a.png", "aux": "aux_4a499db7d2744ba1934af688f9e84e3a.npz", "visibility": "visibility_4a499db7d2744ba1934af688f9e84e3a.png", "pose": [[0.6370319724082947, -0.7708373665809631, 0.0, 1416.090087890625], [0.7708373665809631, 0.6370319724082947, 0.0, 1185.30029296875], [0.0, 0.0, 1.0, 0.0], [0.0, 0.0, 0.0, 1.0]], "pose_inverse": [[0.6370319724082947, 0.7708373665809631, 0.0, -1815.7684326171875], [-0.7708373665809631, 0.6370319724082947, 0.0, 336.5010070800781], [0.0, 0.0, 1.0, 0.0], [0.0, 0.0, 0.0, 1.0]], "cam_ids": [0, 1, 2, 3, 4, 5], "cam_channels": ["CAM_FRONT_LEFT", "CAM_FRONT", "CAM_FRONT_RIGHT", "CAM_BACK_LEFT", "CAM_BACK", "CAM_BACK_RIGHT"], "token": "4a499db7d2744ba1934af688f9e84e3a", "scene": "scene-0591"}, {"images": ["samples/CAM_FRONT_LEFT/n008-2018-09-18-13-41-50-0400__CAM_FRONT_LEFT__1537292815154799.jpg", "samples/CAM_FRONT/n008-2018-09-18-13-41-50-0400__CAM_FRONT__1537292815162404.jpg", "samples/CAM_FRONT_RIGHT/n008-2018-09-18-13-41-50-0400__CAM_FRONT_RIGHT__1537292815170482.jpg", "samples/CAM_BACK_LEFT/n008-2018-09-18-13-41-50-0400__CAM_BACK_LEFT__1537292815197405.jpg", "samples/CAM_BACK/n008-2018-09-18-13-41-50-0400__CAM_BACK__1537292815187558.jpg", "samples/CAM_BACK_RIGHT/n008-2018-09-18-13-41-50-0400__CAM_BACK_RIGHT__1537292815178113.jpg"], "intrinsics": [[[1257.8625342125129, 0.0, 827.2410631095686], [0.0, 1257.8625342125129, 450.915498205774], [0.0, 0.0, 1.0]], [[1252.8131021185304, 0.0, 826.588114781398], [0.0, 1252.8131021185304, 469.9846626224581], [0.0, 0.0, 1.0]], [[1256.7485116440405, 0.0, 817.7887570959712], [0.0, 1256.7485116440403, 451.9541780095127], [0.0, 0.0, 1.0]], [[1254.9860565800168, 0.0, 829.5769333630991], [0.0, 1254.9860565800168, 467.1680561863987], [0.0, 0.0, 1.0]], [[796.8910634503094, 0.0, 857.7774326863696], [0.0, 796.8910634503094, 476.8848988407415], [0.0, 0.0, 1.0]], [[1249.9629280788233, 0.0, 825.3768045375984], [0.0, 1249.9629280788233, 462.54816385708756], [0.0, 0.0, 1.0]]], "extrinsics": [[[0.8221238851547241, -0.5683012008666992, -0.033855684101581573, -0.781494140625], [-0.02008964866399765, 0.030471429228782654, -0.9993337392807007, 1.4828071594238281], [0.5689541697502136, 0.8222562670707703, 0.013634317554533482, -1.1807861328125], [0.0, 0.0, 0.0, 1.0]], [[0.00982452742755413, -0.9996011257171631, -0.026479234918951988, 0.009124755859375], [-0.018174301832914352, 0.026297640055418015, -0.9994889497756958, 1.4760017395019531], [0.9997866153717041, 0.01030069962143898, -0.017908688634634018, -1.5076904296875], [0.0, 0.0, 0.0, 1.0]], [[-0.8442057371139526, -0.5360186100006104, -0.0009173396974802017, 0.938720703125], [-0.010093779303133488, 0.01760829985141754, -0.9997940063476562, 1.4912261962890625], [0.5359242558479309, -0.8440225720405579, -0.020275482907891273, -1.1796875], [0.0, 0.0, 0.0, 1.0]], [[0.9475820660591125, 0.3186632990837097, -0.023279868066310883, -1.126953125], [-0.03569748252630234, 0.033182643353939056, -0.9988116025924683, 1.5613861083984375], [-0.31751206517219543, 0.9472869634628296, 0.04281875491142273, -0.16192626953125], [0.0, 0.0, 0.0, 1.0]], [[0.009820499457418919, 0.9996359944343567, 0.025129813700914383, -0.028656005859375], [-0.0334433987736702, 0.02544531598687172, -0.9991165995597839, 1.5654067993164062], [-0.9993923306465149, 0.008971418254077435, 0.03368111327290535, -0.034423828125], [0.0, 0.0, 0.0, 1.0]], [[-0.9233590960502625, 0.3829245865345001, 0.02787257730960846, 1.0335693359375], [-0.029095085337758064, 0.0025996649637818336, -0.9995732307434082, 1.5438232421875], [-0.3828336298465729, -0.9237759709358215, 0.008740799501538277, -0.095306396484375], [0.0, 0.0, 0.0, 1.0]]], "view": [[0.0, -2.0, 100.0], [-2.0, 0.0, 100.0], [0.0, 0.0, 1.0]], "bev": "bev_84714f2050cd43e7bd73ccadfe51300c.png", "aux": "aux_84714f2050cd43e7bd73ccadfe51300c.npz", "visibility": "visibility_84714f2050cd43e7bd73ccadfe51300c.png", "pose": [[0.6398806571960449, -0.7684743404388428, 0.0, 1417.991455078125], [0.7684743404388428, 0.6398806571960449, 0.0, 1187.546875], [0.0, 0.0, 1.0, 0.0], [0.0, 0.0, 0.0, 1.0]], "pose_inverse": [[0.6398806571960449, 0.7684743404388428, 0.0, -1819.944580078125], [-0.7684743404388428, 0.6398806571960449, 0.0, 329.8017883300781], [0.0, 0.0, 1.0, 0.0], [0.0, 0.0, 0.0, 1.0]], "cam_ids": [0, 1, 2, 3, 4, 5], "cam_channels": ["CAM_FRONT_LEFT", "CAM_FRONT", "CAM_FRONT_RIGHT", "CAM_BACK_LEFT", "CAM_BACK", "CAM_BACK_RIGHT"], "token": "84714f2050cd43e7bd73ccadfe51300c", "scene": "scene-0591"}, {"images": ["samples/CAM_FRONT_LEFT/n008-2018-09-18-13-41-50-0400__CAM_FRONT_LEFT__1537292815654799.jpg", "samples/CAM_FRONT/n008-2018-09-18-13-41-50-0400__CAM_FRONT__1537292815662404.jpg", "samples/CAM_FRONT_RIGHT/n008-2018-09-18-13-41-50-0400__CAM_FRONT_RIGHT__1537292815670482.jpg", "samples/CAM_BACK_LEFT/n008-2018-09-18-13-41-50-0400__CAM_BACK_LEFT__1537292815697405.jpg", "samples/CAM_BACK/n008-2018-09-18-13-41-50-0400__CAM_BACK__1537292815687738.jpg", "samples/CAM_BACK_RIGHT/n008-2018-09-18-13-41-50-0400__CAM_BACK_RIGHT__1537292815678113.jpg"], "intrinsics": [[[1257.8625342125129, 0.0, 827.2410631095686], [0.0, 1257.8625342125129, 450.915498205774], [0.0, 0.0, 1.0]], [[1252.8131021185304, 0.0, 826.588114781398], [0.0, 1252.8131021185304, 469.9846626224581], [0.0, 0.0, 1.0]], [[1256.7485116440405, 0.0, 817.7887570959712], [0.0, 1256.7485116440403, 451.9541780095127], [0.0, 0.0, 1.0]], [[1254.9860565800168, 0.0, 829.5769333630991], [0.0, 1254.9860565800168, 467.1680561863987], [0.0, 0.0, 1.0]], [[796.8910634503094, 0.0, 857.7774326863696], [0.0, 796.8910634503094, 476.8848988407415], [0.0, 0.0, 1.0]], [[1249.9629280788233, 0.0, 825.3768045375984], [0.0, 1249.9629280788233, 462.54816385708756], [0.0, 0.0, 1.0]]], "extrinsics": [[[0.8223918080329895, -0.5680869221687317, -0.030808482319116592, -0.76416015625], [-0.016347700729966164, 0.030533676967024803, -0.9994000792503357, 1.4834403991699219], [0.5686867833137512, 0.8224020004272461, 0.0158237274736166, -1.1715087890625], [0.0, 0.0, 0.0, 1.0]], [[0.010232874192297459, -0.9995989799499512, -0.02640417031943798, 0.011077880859375], [-0.014506521634757519, 0.026254376396536827, -0.9995500445365906, 1.4765739440917969], [0.9998423457145691, 0.010611352510750294, -0.014232045970857143, -1.4932861328125], [0.0, 0.0, 0.0, 1.0]], [[-0.8439729809761047, -0.5363723039627075, -0.003786341520026326, 0.9312744140625], [-0.006550664082169533, 0.017365314066410065, -0.9998277425765991, 1.491781234741211], [0.5363456606864929, -0.8438028693199158, -0.018169451504945755, -1.1732177734375], [0.0, 0.0, 0.0, 1.0]], [[0.9476315379142761, 0.3187406659126282, -0.019972043111920357, -1.1241455078125], [-0.03176495060324669, 0.03184293210506439, -0.9989880323410034, 1.5613632202148438], [-0.3177821636199951, 0.9473069906234741, 0.040300145745277405, -0.1630859375], [0.0, 0.0, 0.0, 1.0]], [[0.009412534534931183, 0.9996610283851624, 0.024271724745631218, -0.029449462890625], [-0.02977839857339859, 0.024542253464460373, -0.9992551803588867, 1.5656013488769531], [-0.9995121359825134, 0.008682743646204472, 0.02999931387603283, -0.037109375], [0.0, 0.0, 0.0, 1.0]], [[-0.9236494898796082, 0.38245686888694763, 0.02446083538234234, 1.028564453125], [-0.02561124786734581, 0.00208374485373497, -0.9996697902679443, 1.5441665649414062], [-0.38238149881362915, -0.9239709377288818, 0.007870548404753208, -0.095977783203125], [0.0, 0.0, 0.0, 1.0]]], "view": [[0.0, -2.0, 100.0], [-2.0, 0.0, 100.0], [0.0, 0.0, 1.0]], "bev": "bev_154108db4f474183b81cc4a58a6ac32b.png", "aux": "aux_154108db4f474183b81cc4a58a6ac32b.npz", "visibility": "visibility_154108db4f474183b81cc4a58a6ac32b.png", "pose": [[0.6429591178894043, -0.7659004926681519, 0.0, 1419.986328125], [0.7659004926681519, 0.6429591178894043, 0.0, 1189.88720703125], [0.0, 0.0, 1.0, 0.0], [0.0, 0.0, 0.0, 1.0]], "pose_inverse": [[0.6429591178894043, 0.7659004926681519, 0.0, -1824.328369140625], [-0.7659004926681519, 0.6429591178894043, 0.0, 322.51934814453125], [0.0, 0.0, 1.0, 0.0], [0.0, 0.0, 0.0, 1.0]], "cam_ids": [0, 1, 2, 3, 4, 5], "cam_channels": ["CAM_FRONT_LEFT", "CAM_FRONT", "CAM_FRONT_RIGHT", "CAM_BACK_LEFT", "CAM_BACK", "CAM_BACK_RIGHT"], "token": "154108db4f474183b81cc4a58a6ac32b", "scene": "scene-0591"}, {"images": ["samples/CAM_FRONT_LEFT/n008-2018-09-18-13-41-50-0400__CAM_FRONT_LEFT__1537292816104799.jpg", "samples/CAM_FRONT/n008-2018-09-18-13-41-50-0400__CAM_FRONT__1537292816112404.jpg", "samples/CAM_FRONT_RIGHT/n008-2018-09-18-13-41-50-0400__CAM_FRONT_RIGHT__1537292816120494.jpg", "samples/CAM_BACK_LEFT/n008-2018-09-18-13-41-50-0400__CAM_BACK_LEFT__1537292816147405.jpg", "samples/CAM_BACK/n008-2018-09-18-13-41-50-0400__CAM_BACK__1537292816137558.jpg", "samples/CAM_BACK_RIGHT/n008-2018-09-18-13-41-50-0400__CAM_BACK_RIGHT__1537292816128113.jpg"], "intrinsics": [[[1257.8625342125129, 0.0, 827.2410631095686], [0.0, 1257.8625342125129, 450.915498205774], [0.0, 0.0, 1.0]], [[1252.8131021185304, 0.0, 826.588114781398], [0.0, 1252.8131021185304, 469.9846626224581], [0.0, 0.0, 1.0]], [[1256.7485116440405, 0.0, 817.7887570959712], [0.0, 1256.7485116440403, 451.9541780095127], [0.0, 0.0, 1.0]], [[1254.9860565800168, 0.0, 829.5769333630991], [0.0, 1254.9860565800168, 467.1680561863987], [0.0, 0.0, 1.0]], [[796.8910634503094, 0.0, 857.7774326863696], [0.0, 796.8910634503094, 476.8848988407415], [0.0, 0.0, 1.0]], [[1249.9629280788233, 0.0, 825.3768045375984], [0.0, 1249.9629280788233, 462.54816385708756], [0.0, 0.0, 1.0]]], "extrinsics": [[[0.821738600730896, -0.5692387223243713, -0.026703085750341415, -0.763427734375], [-0.018568657338619232, 0.020087378099560738, -0.9996257424354553, 1.4828147888183594], [0.5695620179176331, 0.8219269514083862, 0.005936575122177601, -1.16912841796875], [0.0, 0.0, 0.0, 1.0]], [[0.009293842129409313, -0.9998329877853394, -0.015733392909169197, 0.00994873046875], [-0.016404233872890472, 0.015579506754875183, -0.9997440576553345, 1.4761276245117188], [0.9998222589492798, 0.009549589827656746, -0.016256699338555336, -1.4910888671875], [0.0, 0.0, 0.0, 1.0]], [[-0.8443987369537354, -0.5357041954994202, 0.003429964417591691, 0.929443359375], [-0.008165153674781322, 0.0064678736962378025, -0.9999457597732544, 1.4914932250976562], [0.5356529355049133, -0.8443809151649475, -0.009835571981966496, -1.173095703125], [0.0, 0.0, 0.0, 1.0]], [[0.9476009607315063, 0.3184815049171448, -0.024936985224485397, -1.12646484375], [-0.03336232528090477, 0.0210266150534153, -0.9992220997810364, 1.5614166259765625], [-0.31770947575569153, 0.947695791721344, 0.030550125986337662, -0.162353515625], [0.0, 0.0, 0.0, 1.0]], [[0.009810470044612885, 0.9998636841773987, 0.013276982121169567, -0.02886962890625], [-0.031171157956123352, 0.01357695646584034, -0.9994218349456787, 1.5654830932617188], [-0.9994658827781677, 0.00939082633703947, 0.03130010887980461, -0.037841796875], [0.0, 0