[{"images": ["samples/CAM_FRONT_LEFT/n008-2018-08-28-16-16-48-0400__CAM_FRONT_LEFT__1535488243154799.jpg", "samples/CAM_FRONT/n008-2018-08-28-16-16-48-0400__CAM_FRONT__1535488243162404.jpg", "samples/CAM_FRONT_RIGHT/n008-2018-08-28-16-16-48-0400__CAM_FRONT_RIGHT__1535488243170482.jpg", "samples/CAM_BACK_LEFT/n008-2018-08-28-16-16-48-0400__CAM_BACK_LEFT__1535488243197405.jpg", "samples/CAM_BACK/n008-2018-08-28-16-16-48-0400__CAM_BACK__1535488243187569.jpg", "samples/CAM_BACK_RIGHT/n008-2018-08-28-16-16-48-0400__CAM_BACK_RIGHT__1535488243178113.jpg"], "intrinsics": [[[1257.8625342125129, 0.0, 827.2410631095686], [0.0, 1257.8625342125129, 450.915498205774], [0.0, 0.0, 1.0]], [[1252.8131021185304, 0.0, 826.588114781398], [0.0, 1252.8131021185304, 469.9846626224581], [0.0, 0.0, 1.0]], [[1256.7485116440405, 0.0, 817.7887570959712], [0.0, 1256.7485116440403, 451.9541780095127], [0.0, 0.0, 1.0]], [[1254.9860565800168, 0.0, 829.5769333630991], [0.0, 1254.9860565800168, 467.1680561863987], [0.0, 0.0, 1.0]], [[796.8910634503094, 0.0, 857.7774326863696], [0.0, 796.8910634503094, 476.8848988407415], [0.0, 0.0, 1.0]], [[1249.9629280788233, 0.0, 825.3768045375984], [0.0, 1249.9629280788233, 462.54816385708756], [0.0, 0.0, 1.0]]], "extrinsics": [[[0.8223558068275452, -0.5687668323516846, -0.015336479060351849, -1.0050048828125], [-0.010896170511841774, 0.011206834577023983, -0.9998778104782104, 1.4882946014404297], [0.5688692331314087, 0.8224225044250488, 0.0030186243820935488, -1.33349609375], [0.0, 0.0, 0.0, 1.0]], [[0.010052074678242207, -0.9999236464500427, -0.007172563578933477, 0.00543212890625], [-0.008932969532907009, 0.007082842290401459, -0.9999350309371948, 1.4801654815673828], [0.9999095797538757, 0.010115496814250946, -0.00886109285056591, -1.7347412109375], [0.0, 0.0, 0.0, 1.0]], [[-0.844124972820282, -0.536143958568573, 0.0016302918083965778, 1.090576171875], [-0.0009030887740664184, -0.0016189091838896275, -0.9999982714653015, 1.4930744171142578], [0.5361456871032715, -0.8441250920295715, 0.0008823742973618209, -1.277557373046875], [0.0, 0.0, 0.0, 1.0]], [[0.9476915001869202, 0.31852349638938904, -0.020583292469382286, -1.14404296875], [-0.02625858224928379, 0.013533458113670349, -0.9995635747909546, 1.562042236328125], [-0.3181059956550598, 0.9478182792663574, 0.02118952013552189, -0.15613174438476562], [0.0, 0.0, 0.0, 1.0]], [[0.009403888136148453, 0.9999390840530396, 0.005794836208224297, -0.02886962890625], [-0.02414524368941784, 0.0060204677283763885, -0.9996903538703918, 1.5680656433105469], [-0.9996641874313354, 0.00926101766526699, 0.024200385436415672, 0.04443359375], [0.0, 0.0, 0.0, 1.0]], [[-0.9236326217651367, 0.38308969140052795, 0.012039639987051487, 1.1607666015625], [-0.01995248720049858, -0.016688529402017593, -0.9996616244316101, 1.5478172302246094], [-0.38275906443595886, -0.923560380935669, 0.023057663813233376, -0.043701171875], [0.0, 0.0, 0.0, 1.0]]], "view": [[0.0, -2.0, 100.0], [-2.0, 0.0, 100.0], [0.0, 0.0, 1.0]], "bev": "bev_a3a3969b35a64ee9bd1bcd4a0275dbd0.png", "aux": "aux_a3a3969b35a64ee9bd1bcd4a0275dbd0.npz", "visibility": "visibility_a3a3969b35a64ee9bd1bcd4a0275dbd0.png", "pose": [[0.5204899311065674, -0.8538678288459778, 0.0, 451.1111145019531], [0.8538678288459778, 0.5204899311065674, 0.0, 1711.4638671875], [0.0, 0.0, 1.0, 0.0], [0.0, 0.0, 0.0, 1.0]], "pose_inverse": [[0.5204899311065674, 0.8538678288459778, 0.0, -1696.1627197265625], [-0.8538678288459778, 0.5204899311065674, 0.0, -505.6104736328125], [0.0, 0.0, 1.0, 0.0], [0.0, 0.0, 0.0, 1.0]], "cam_ids": [0, 1, 2, 3, 4, 5], "cam_channels": ["CAM_FRONT_LEFT", "CAM_FRONT", "CAM_FRONT_RIGHT", "CAM_BACK_LEFT", "CAM_BACK", "CAM_BACK_RIGHT"], "token": "a3a3969b35a64ee9bd1bcd4a0275dbd0", "scene": "scene-0323"}, {"images": ["samples/CAM_FRONT_LEFT/n008-2018-08-28-16-16-48-0400__CAM_FRONT_LEFT__1535488243654799.jpg", "samples/CAM_FRONT/n008-2018-08-28-16-16-48-0400__CAM_FRONT__1535488243662404.jpg", "samples/CAM_FRONT_RIGHT/n008-2018-08-28-16-16-48-0400__CAM_FRONT_RIGHT__1535488243670482.jpg", "samples/CAM_BACK_LEFT/n008-2018-08-28-16-16-48-0400__CAM_BACK_LEFT__1535488243697405.jpg", "samples/CAM_BACK/n008-2018-08-28-16-16-48-0400__CAM_BACK__1535488243687558.jpg", "samples/CAM_BACK_RIGHT/n008-2018-08-28-16-16-48-0400__CAM_BACK_RIGHT__1535488243678113.jpg"], "intrinsics": [[[1257.8625342125129, 0.0, 827.2410631095686], [0.0, 1257.8625342125129, 450.915498205774], [0.0, 0.0, 1.0]], [[1252.8131021185304, 0.0, 826.588114781398], [0.0, 1252.8131021185304, 469.9846626224581], [0.0, 0.0, 1.0]], [[1256.7485116440405, 0.0, 817.7887570959712], [0.0, 1256.7485116440403, 451.9541780095127], [0.0, 0.0, 1.0]], [[1254.9860565800168, 0.0, 829.5769333630991], [0.0, 1254.9860565800168, 467.1680561863987], [0.0, 0.0, 1.0]], [[796.8910634503094, 0.0, 857.7774326863696], [0.0, 796.8910634503094, 476.8848988407415], [0.0, 0.0, 1.0]], [[1249.9629280788233, 0.0, 825.3768045375984], [0.0, 1249.9629280788233, 462.54816385708756], [0.0, 0.0, 1.0]]], "extrinsics": [[[0.8223588466644287, -0.5687660574913025, -0.015208377502858639, -1.005126953125], [-0.010889814235270023, 0.010990851558744907, -0.9998802542686462, 1.4882965087890625], [0.5688651204109192, 0.8224260210990906, 0.0028446647338569164, -1.3333740234375], [0.0, 0.0, 0.0, 1.0]], [[0.01005602814257145, -0.9999251961708069, -0.006957523059099913, 0.005340576171875], [-0.008940168656408787, 0.006867691408842802, -0.9999364614486694, 1.4801664352416992], [0.999909520149231, 0.010117569006979465, -0.008870438672602177, -1.7347412109375], [0.0, 0.0, 0.0, 1.0]], [[-0.8441230058670044, -0.5361468195915222, 0.0017686540959402919, 1.0904541015625], [-0.0009260359220206738, -0.0018408435862511396, -0.9999978542327881, 1.4930710792541504], [0.5361489057540894, -0.8441227674484253, 0.0010574066545814276, -1.277587890625], [0.0, 0.0, 0.0, 1.0]], [[0.9476895332336426, 0.3185214698314667, -0.020703481510281563, -1.1439208984375], [-0.02629571221768856, 0.013266519643366337, -0.9995661973953247, 1.562042236328125], [-0.3181086480617523, 0.9478227496147156, 0.020948292687535286, -0.15612411499023438], [0.0, 0.0, 0.0, 1.0]], [[0.009400279261171818, 0.9999404549598694, 0.005538571625947952, -0.02886962890625], [-0.02417849935591221, 0.005764489062130451, -0.9996910095214844, 1.5680618286132812], [-0.9996635317802429, 0.009263412095606327, 0.02423124760389328, 0.0440673828125], [0.0, 0.0, 0.0, 1.0]], [[-0.9236336350440979, 0.3830890655517578, 0.011985037475824356, 1.16064453125], [-0.019992060959339142, -0.01692664809525013, -0.9996568560600281, 1.5478096008300781], [-0.38275477290153503, -0.9235562682151794, 0.02329276129603386, -0.0438232421875], [0.0, 0.0, 0.0, 1.0]]], "view": [[0.0, -2.0, 100.0], [-2.0, 0.0, 100.0], [0.0, 0.0, 1.0]], "bev": "bev_1e50c2ca0e71459d87ae29b1d6692ca1.png", "aux": "aux_1e50c2ca0e71459d87ae29b1d6692ca1.npz", "visibility": "visibility_1e50c2ca0e71459d87ae29b1d6692ca1.png", "pose": [[0.5205510258674622, -0.8538305759429932, 0.0, 451.111083984375], [0.8538305759429932, 0.5205510258674622, 0.0, 1711.4637451171875], [0.0, 0.0, 1.0, 0.0], [0.0, 0.0, 0.0, 1.0]], "pose_inverse": [[0.5205510258674622, 0.8538305759429932, 0.0, -1696.12646484375], [-0.8538305759429932, 0.5205510258674622, 0.0, -505.7317199707031], [0.0, 0.0, 1.0, 0.0], [0.0, 0.0, 0.0, 1.0]], "cam_ids": [0, 1, 2, 3, 4, 5], "cam_channels": ["CAM_FRONT_LEFT", "CAM_FRONT", "CAM_FRONT_RIGHT", "CAM_BACK_LEFT", "CAM_BACK", "CAM_BACK_RIGHT"], "token": "1e50c2ca0e71459d87ae29b1d6692ca1", "scene": "scene-0323"}, {"images": ["samples/CAM_FRONT_LEFT/n008-2018-08-28-16-16-48-0400__CAM_FRONT_LEFT__1535488244154799.jpg", "samples/CAM_FRONT/n008-2018-08-28-16-16-48-0400__CAM_FRONT__1535488244162404.jpg", "samples/CAM_FRONT_RIGHT/n008-2018-08-28-16-16-48-0400__CAM_FRONT_RIGHT__1535488244170482.jpg", "samples/CAM_BACK_LEFT/n008-2018-08-28-16-16-48-0400__CAM_BACK_LEFT__1535488244197405.jpg", "samples/CAM_BACK/n008-2018-08-28-16-16-48-0400__CAM_BACK__1535488244187558.jpg", "samples/CAM_BACK_RIGHT/n008-2018-08-28-16-16-48-0400__CAM_BACK_RIGHT__1535488244178113.jpg"], "intrinsics": [[[1257.8625342125129, 0.0, 827.2410631095686], [0.0, 1257.8625342125129, 450.915498205774], [0.0, 0.0, 1.0]], [[1252.8131021185304, 0.0, 826.588114781398], [0.0, 1252.8131021185304, 469.9846626224581], [0.0, 0.0, 1.0]], [[1256.7485116440405, 0.0, 817.7887570959712], [0.0, 1256.7485116440403, 451.9541780095127], [0.0, 0.0, 1.0]], [[1254.9860565800168, 0.0, 829.5769333630991], [0.0, 1254.9860565800168, 467.1680561863987], [0.0, 0.0, 1.0]], [[796.8910634503094, 0.0, 857.7774326863696], [0.0, 796.8910634503094, 476.8848988407415], [0.0, 0.0, 1.0]], [[1249.9629280788233, 0.0, 825.3768045375984], [0.0, 1249.9629280788233, 462.54816385708756], [0.0, 0.0, 1.0]]], "extrinsics": [[[0.822346031665802, -0.5687851309776306, -0.015185176394879818, -1.0050048828125], [-0.010937781073153019, 0.0108806062489748, -0.9998809695243835, 1.4882946014404297], [0.5688825845718384, 0.8224141597747803, 0.002726375125348568, -1.33349609375], [0.0, 0.0, 0.0, 1.0]], [[0.010040107183158398, -0.9999260306358337, -0.006855800747871399, 0.005340576171875], [-0.008987057954072952, 0.006765635218471289, -0.9999366998672485, 1.4801654815673828], [0.9999092221260071, 0.010101052932441235, -0.008918466046452522, -1.734619140625], [0.0, 0.0, 0.0, 1.0]], [[-0.844128429889679, -0.5361377596855164, 0.001853964407928288, 1.0906982421875], [-0.0009720975649543107, -0.0019274635706096888, -0.9999976754188538, 1.4930710792541504], [0.5361400246620178, -0.8441282510757446, 0.001105849165469408, -1.277557373046875], [0.0, 0.0, 0.0, 1.0]], [[0.947690486907959, 0.3185138702392578, -0.02077365480363369, -1.1439208984375], [-0.026357095688581467, 0.013229412026703358, -0.999565064907074, 1.5620384216308594], [-0.31810054183006287, 0.9478258490562439, 0.02093249000608921, -0.15616226196289062], [0.0, 0.0, 0.0, 1.0]], [[0.009407277218997478, 0.9999406337738037, 0.005486423149704933, -0.02886962890625], [-0.02423478476703167, 0.005713044665753841, -0.9996899366378784, 1.5680656433105469], [-0.9996621012687683, 0.00927139911800623, 0.024287093430757523, 0.044189453125], [0.0, 0.0, 0.0, 1.0]], [[-0.9236307740211487, 0.38309556245803833, 0.01199548039585352, 1.1607666015625], [-0.02003280259668827, -0.01699725352227688, -0.9996548295021057, 1.5478134155273438], [-0.3827594518661499, -0.9235523343086243, 0.023373663425445557, -0.0438232421875], [0.0, 0.0, 0.0, 1.0]]], "view": [[0.0, -2.0, 100.0], [-2.0, 0.0, 100.0], [0.0, 0.0, 1.0]], "bev": "bev_ec47dc27dab0404782aad814d46c17e3.png", "aux": "aux_ec47dc27dab0404782aad814d46c17e3.npz", "visibility": "visibility_ec47dc27dab0404782aad814d46c17e3.png", "pose": [[0.5204818248748779, -0.8538727164268494, 0.0, 451.1111145019531], [0.8538727164268494, 0.5204818248748779, 0.0, 1711.4637451171875], [0.0, 0.0, 1.0, 0.0], [0.0, 0.0, 0.0, 1.0]], "pose_inverse": [[0.5204818248748779, 0.8538727164268494, 0.0, -1696.1673583984375], [-0.8538727164268494, 0.5204818248748779, 0.0, -505.59429931640625], [0.0, 0.0, 1.0, 0.0], [0.0, 0.0, 0.0, 1.0]], "cam_ids": [0, 1, 2, 3, 4, 5], "cam_channels": ["CAM_FRONT_LEFT", "CAM_FRONT", "CAM_FRONT_RIGHT", "CAM_BACK_LEFT", "CAM_BACK", "CAM_BACK_RIGHT"], "token": "ec47dc27dab0404782aad814d46c17e3", "scene": "scene-0323"}, {"images": ["samples/CAM_FRONT_LEFT/n008-2018-08-28-16-16-48-0400__CAM_FRONT_LEFT__1535488244654799.jpg", "samples/CAM_FRONT/n008-2018-08-28-16-16-48-0400__CAM_FRONT__1535488244662404.jpg", "samples/CAM_FRONT_RIGHT/n008-2018-08-28-16-16-48-0400__CAM_FRONT_RIGHT__1535488244670482.jpg", "samples/CAM_BACK_LEFT/n008-2018-08-28-16-16-48-0400__CAM_BACK_LEFT__1535488244697405.jpg", "samples/CAM_BACK/n008-2018-08-28-16-16-48-0400__CAM_BACK__1535488244687558.jpg", "samples/CAM_BACK_RIGHT/n008-2018-08-28-16-16-48-0400__CAM_BACK_RIGHT__1535488244678113.jpg"], "intrinsics": [[[1257.8625342125129, 0.0, 827.2410631095686], [0.0, 1257.8625342125129, 450.915498205774], [0.0, 0.0, 1.0]], [[1252.8131021185304, 0.0, 826.588114781398], [0.0, 1252.8131021185304, 469.9846626224581], [0.0, 0.0, 1.0]], [[1256.7485116440405, 0.0, 817.7887570959712], [0.0, 1256.7485116440403, 451.9541780095127], [0.0, 0.0, 1.0]], [[1254.9860565800168, 0.0, 829.5769333630991], [0.0, 1254.9860565800168, 467.1680561863987], [0.0, 0.0, 1.0]], [[796.8910634503094, 0.0, 857.7774326863696], [0.0, 796.8910634503094, 476.8848988407415], [0.0, 0.0, 1.0]], [[1249.9629280788233, 0.0, 825.3768045375984], [0.0, 1249.9629280788233, 462.54816385708756], [0.0, 0.0, 1.0]]], "extrinsics": [[[0.8223618865013123, -0.5687618255615234, -0.015196745283901691, -1.0050048828125], [-0.010983855463564396, 0.010834469459950924, -0.9998809695243835, 1.4882936477661133], [0.5688588619232178, 0.8224309682846069, 0.0026626542676240206, -1.333251953125], [0.0, 0.0, 0.0, 1.0]], [[0.010063549503684044, -0.9999260306358337, -0.006811245810240507, 0.00537109375], [-0.009019019082188606, 0.0067205470986664295, -0.9999367594718933, 1.4801645278930664], [0.9999087452888489, 0.01012431550770998, -0.008950719609856606, -1.734619140625], [0.0, 0.0, 0.0, 1.0]], [[-0.8441181182861328, -0.5361539721488953, 0.0018960426095873117, 1.09033203125], [-0.000995025155134499, -0.0019698042888194323, -0.9999975562095642, 1.4930720329284668], [0.536156415939331, -0.8441179394721985, 0.0011292601702734828, -1.27752685546875], [0.0, 0.0, 0.0, 1.0]], [[0.9476884007453918, 0.3185204863548279, -0.020769348368048668, -1.1439208984375], [-0.02634073793888092, 0.013193746097385883, -0.9995659589767456, 1.562042236328125], [-0.3181082010269165, 0.947824239730835, 0.020893625915050507, -0.15612411499023438], [0.0, 0.0, 0.0, 1.0]], [[0.009396016597747803, 0.9999409317970276, 0.005460705608129501, -0.02880859375], [-0.024241410195827484, 0.005687120836228132, -0.9996899366378784, 1.5680618286132812], [-0.9996619820594788, 0.009260677732527256, 0.024293415248394012, 0.044189453125], [0.0, 0.0, 0.0, 1.0]], [[-0.9236361980438232, 0.38308215141296387, 0.012005849741399288, 1.16064453125], [-0.02005566656589508, -0.017026236280798912, -0.9996538758277893, 1.5478134155273438], [-0.38274502754211426, -0.9235573410987854, 0.02340901643037796, -0.043701171875], [0.0, 0.0, 0.0, 1.0]]], "view": [[0.0, -2.0, 100.0], [-2.0, 0.0, 100.0], [0.0, 0.0, 1.0]], "bev": "bev_bed33da993d242c0a91626038204ea27.png", "aux": "aux_bed33da993d242c0a91626038204ea27.npz", "visibility": "visibility_bed33da993d242c0a91626038204ea27.png", "pose": [[0.5205474495887756, -0.8538327217102051, 0.0, 451.11114501953125], [0.8538327217102051, 0.5205474495887756, 0.0, 1711.4637451171875], [0.0, 0.0, 1.0, 0.0], [0.0, 0.0, 0.0, 1.0]], "pose_inverse": [[0.5205474495887756, 0.8538327217102051, 0.0, -1696.1285400390625], [-0.8538327217102051, 0.5205474495887756, 0.0, -505.7246398925781], [0.0, 0.0, 1.0, 0.0], [0.0, 0.0, 0.0, 1.0]], "cam_ids": [0, 1, 2, 3, 4, 5], "cam_channels": ["CAM_FRONT_LEFT", "CAM_FRONT", "CAM_FRONT_RIGHT", "CAM_BACK_LEFT", "CAM_BACK", "CAM_BACK_RIGHT"], "token": "bed33da993d242c0a91626038204ea27", "scene": "scene-0323"}, {"images": ["samples/CAM_FRONT_LEFT/n008-2018-08-28-16-16-48-0400__CAM_FRONT_LEFT__1535488245154799.jpg", "samples/CAM_FRONT/n008-2018-08-28-16-16-48-0400__CAM_FRONT__1535488245162404.jpg", "samples/CAM_FRONT_RIGHT/n008-2018-08-28-16-16-48-0400__CAM_FRONT_RIGHT__1535488245170482.jpg", "samples/CAM_BACK_LEFT/n008-2018-08-28-16-16-48-0400__CAM_BACK_LEFT__1535488245197405.jpg", "samples/CAM_BACK/n008-2018-08-28-16-16-48-0400__CAM_BACK__1535488245187558.jpg", "samples/CAM_BACK_RIGHT/n008-2018-08-28-16-16-48-0400__CAM_BACK_RIGHT__1535488245178113.jpg"], "intrinsics": [[[1257.8625342125129, 0.0, 827.2410631095686], [0.0, 1257.8625342125129, 450.915498205774], [0.0, 0.0, 1.0]], [[1252.8131021185304, 0.0, 826.588114781398], [0.0, 1252.8131021185304, 469.9846626224581], [0.0, 0.0, 1.0]], [[1256.7485116440405, 0.0, 817.7887570959712], [0.0, 1256.7485116440403, 451.9541780095127], [0.0, 0.0, 1.0]], [[1254.9860565800168, 0.0, 829.5769333630991], [0.0, 1254.9860565800168, 467.1680561863987], [0.0, 0.0, 1.0]], [[796.8910634503094, 0.0, 857.7774326863696], [0.0, 796.8910634503094, 476.8848988407415], [0.0, 0.0, 1.0]], [[1249.9629280788233, 0.0, 825.3768045375984], [0.0, 1249.9629280788233, 462.54816385708756], [0.0, 0.0, 1.0]]], "extrinsics": [[[0.8223403096199036, -0.5687956809997559, -0.015095528215169907, -1.0050048828125], [-0.010983847081661224, 0.01065637543797493, -0.9998828768730164, 1.488295555114746], [0.5688899755477905, 0.8224098086357117, 0.0025156005285680294, -1.3333740234375], [0.0, 0.0, 0.0, 1.0]], [[0.010030553676187992, -0.9999276995658875, -0.006625378504395485, 0.00537109375], [-0.009025938808918, 0.006534903310239315, -0.999937891960144, 1.4801673889160156], [0.999908983707428, 0.010089724324643612, -0.008959739468991756, -1.7347412109375], [0.0, 0.0, 0.0, 1.0]], [[-0.8441331386566162, -0.536129891872406, 0.0020112288184463978, 1.090576171875], [-0.0010061844950541854, -0.0021671471185982227, -0.9999971389770508, 1.4930684566497803], [0.5361326932907104, -0.844132661819458, 0.0012899150606244802, -1.277618408203125], [0.0, 0.0, 0.0, 1.0]], [[0.9476870894432068, 0.31851834058761597, -0.020864207297563553, -1.1439208984375], [-0.026376066729426384, 0.013001049868762493, -0.9995675683021545, 1.562042236328125], [-0.31810933351516724, 0.9478275775909424, 0.02072218991816044, -0.15612411499023438], [0.0, 0.0, 0.0, 1.0]], [[0.009406575933098793, 0.9999419450759888, 0.005251260474324226, -0.0289306640625], [-0.024255836382508278, 0.0054781194776296616, -0.9996907114982605, 1.5680618286132812], [-0.9996615648269653, 0.009276306256651878, 0.024305958300828934, 0.0443115234375], [0.0, 0.0, 0.0, 1.0]], [[-0.9236274361610413, 0.3831055760383606, 0.01193644106388092, 1.1605224609375], [-0.020068742334842682, -0.01723749190568924, -0.9996500015258789, 1.5478096008300781], [-0.38276568055152893, -0.9235437512397766, 0.0236094668507576, -0.0435791015625], [0.0, 0.0, 0.0, 1.0]]], "view": [[0.0, -2.0, 100.0], [-2.0, 0.0, 100.0], [0.0, 0.0, 1.0]], "bev": "bev_13717a1b5ec1416292c90ae672868006.png", "aux": "aux_13717a1b5ec1416292c90ae672868006.npz", "visibility": "visibility_13717a1b5ec1416292c90ae672868006.png", "pose": [[0.5206091403961182, -0.8537951111793518, 0.0, 451.111083984375], [0.8537951111793518, 0.5206091403961182, 0.0, 1711.463623046875], [0.0, 0.0, 1.0, 0.0], [0.0, 0.0, 0.0, 1.0]], "pose_inverse": [[0.5206091403961182, 0.8537951111793518, 0.0, -1696.091796875], [-0.8537951111793518, 0.5206091403961182, 0.0, -505.8471984863281], [0.0, 0.0, 1.0, 0.0], [0.0, 0.0, 0.0, 1.0]], "cam_ids": [0, 1, 2, 3, 4, 5], "cam_channels": ["CAM_FRONT_LEFT", "CAM_FRONT", "CAM_FRONT_RIGHT", "CAM_BACK_LEFT", "CAM_BACK", "CAM_BACK_RIGHT"], "token": "13717a1b5ec1416292c90ae672868006", "scene": "scene-0323"}, {"images": ["samples/CAM_FRONT_LEFT/n008-2018-08-28-16-16-48-0400__CAM_FRONT_LEFT__1535488245654799.jpg", "samples/CAM_FRONT/n008-2018-08-28-16-16-48-0400__CAM_FRONT__1535488245662404.jpg", "samples/CAM_FRONT_RIGHT/n008-2018-08-28-16-16-48-0400__CAM_FRONT_RIGHT__1535488245670482.jpg", "samples/CAM_BACK_LEFT/n008-2018-08-28-16-16-48-0400__CAM_BACK_LEFT__1535488245697409.jpg", "samples/CAM_BACK/n008-2018-08-28-16-16-48-0400__CAM_BACK__1535488245687558.jpg", "samples/CAM_BACK_RIGHT/n008-2018-08-28-16-16-48-0400__CAM_BACK_RIGHT__1535488245678113.jpg"], "intrinsics": [[[1257.8625342125129, 0.0, 827.2410631095686], [0.0, 1257.8625342125129, 450.915498205774], [0.0, 0.0, 1.0]], [[1252.8131021185304, 0.0, 826.588114781398], [0.0, 1252.8131021185304, 469.9846626224581], [0.0, 0.0, 1.0]], [[1256.7485116440405, 0.0, 817.7887570959712], [0.0, 1256.7485116440403, 451.9541780095127], [0.0, 0.0, 1.0]], [[1254.9860565800168, 0.0, 829.5769333630991], [0.0, 1254.9860565800168, 467.1680561863987], [0.0, 0.0, 1.0]], [[796.8910634503094, 0.0, 857.7774326863696], [0.0, 796.8910634503094, 476.8848988407415], [0.0, 0.0, 1.0]], [[1249.9629280788233, 0.0, 825.3768045375984], [0.0, 1249.9629280788233, 462.54816385708756], [0.0, 0.0, 1.0]]], "extrinsics": [[[0.8223641514778137, -0.5687629580497742, -0.015028093010187149, -1.005126953125], [-0.010977820493280888, 0.010546720586717129, -0.9998840689659119, 1.4882936477661133], [0.5688555836677551, 0.8224338889122009, 0.0024294662289321423, -1.333251953125], [0.0, 0.0, 0.0, 1.0]], [[0.010069315321743488, -0.9999280571937561, -0.0065162149257957935, 0.00543212890625], [-0.00902776513248682, 0.0064253737218678, -0.9999386072158813, 1.4801654815673828], [0.9999085664749146, 0.010127473622560501, -0.008962416090071201, -1.734619140625], [0.0, 0.0, 0.0, 1.0]], [[-0.8441144227981567, -0.5361591577529907, 0.00207150517962873, 1.09033203125], [-0.0010072350269183517, -0.0022778252605348825, -0.9999969005584717, 1.4930708408355713], [0.5361621379852295, -0.844113826751709, 0.0013827059883624315, -1.277557373046875], [0.0, 0.0, 0.0, 1.0]], [[0.9476866722106934, 0.3185190260410309, -0.02087198756635189, -1.1439208984375], [-0.02633967436850071, 0.012868122197687626, -0.9995701909065247, 1.5620460510253906], [-0.3181135058403015, 0.9478291273117065, 0.02058463729918003, -0.15610122680664062], [0.0, 0.0, 0.0, 1.0]], [[0.0093889981508255, 0.9999428391456604, 0.005121890921145678, -0.02899169921875], [-0.024244504049420357, 0.005348250735551119, -0.9996917247772217, 1.5680580139160156], [-0.9996619820594788, 0.00926193967461586, 0.024293333292007446, 0.044189453125], [0.0, 0.0, 0.0, 1.0]], [[-0.923639178276062, 0.38307878375053406, 0.011883966624736786, 1.1605224609375], [-0.02005920559167862, -0.01735330931842327, -0.9996481537818909, 1.5478134155273438], [-0.3827376961708069, -0.9235526323318481, 0.02371245250105858, -0.043701171875], [0.0, 0.0, 0.0, 1.0]]], "view": [[0.0, -2.0, 100.0], [-2.0, 0.0, 100.0], [0.0, 0.0, 1.0]], "bev": "bev_ef316fb422c24907bc01dd789c2c87b6.png", "aux": "aux_ef316fb422c24907bc01dd789c2c87b6.npz", "visibility": "visibility_ef316fb422c24907bc01dd789c2c87b6.png", "pose": [[0.5205636024475098, -0.8538228869438171, 0.0, 451.1111145019531], [0.8538228869438171, 0.5205636024475098, 0.0, 1711.4637451171875], [0.0, 0.0, 1.0, 0.0], [0.0, 0.0, 0.0, 1.0]], "pose_inverse": [[0.5205636024475098, 0.8538228869438171, 0.0, -1696.118896484375], [-0.8538228869438171, 0.5205636024475098, 0.0, -505.7567443847656], [0.0, 0.0, 1.0, 0.0], [0.0, 0.0, 0.0, 1.0]], "cam_ids": [0, 1, 2, 3, 4, 5], "cam_channels": ["CAM_FRONT_LEFT", "CAM_FRONT", "CAM_FRONT_RIGHT", "CAM_BACK_LEFT", "CAM_BACK", "CAM_BACK_RIGHT"], "token": "ef316fb422c24907bc01dd789c2c87b6", "scene": "scene-0323"}, {"images": ["samples/CAM_FRONT_LEFT/n008-2018-08-28-16-16-48-0400__CAM_FRONT_LEFT__1535488246154799.jpg", "samples/CAM_FRONT/n008-2018-08-28-16-16-48-0400__CAM_FRONT__1535488246162404.jpg", "samples/CAM_FRONT_RIGHT/n008-2018-08-28-16-16-48-0400__CAM_FRONT_RIGHT__1535488246170482.jpg", "samples/CAM_BACK_LEFT/n008-2018-08-28-16-16-48-0400__CAM_BACK_LEFT__1535488246197405.jpg", "samples/CAM_BACK/n008-2018-08-28-16-16-48-0400__CAM_BACK__1535488246187558.jpg", "samples/CAM_BACK_RIGHT/n008-2018-08-28-16-16-48-0400__CAM_BACK_RIGHT__1535488246178113.jpg"], "intrinsics": [[[1257.8625342125129, 0.0, 827.2410631095686], [0.0, 1257.8625342125129, 450.915498205774], [0.0, 0.0, 1.0]], [[1252.8131021185304, 0.0, 826.588114781398], [0.0, 1252.8131021185304, 469.9846626224581], [0.0, 0.0, 1.0]], [[1256.7485116440405, 0.0, 817.7887570959712], [0.0, 1256.7485116440403, 451.9541780095127], [0.0, 0.0, 1.0]], [[1254.9860565800168, 0.0, 829.5769333630991], [0.0, 1254.9860565800168, 467.1680561863987], [0.0, 0.0, 1.0]], [[796.8910634503094, 0.0, 857.7774326863696], [0.0, 796.8910634503094, 476.8848988407415], [0.0, 0.0, 1.0]], [[1249.9629280788233, 0.0, 825.3768045375984], [0.0, 1249.9629280788233, 462.54816385708756], [0.0, 0.0, 1.0]]], "extrinsics": [[[0.8223757147789001, -0.5687496066093445, -0.014902458526194096, -1.005126953125], [-0.010925868526101112, 0.010401049628853798, -0.9998862147331238, 1.488295555114746], [0.5688398480415344, 0.8224449753761292, 0.0023394867312163115, -1.33349609375], [0.0, 0.0, 0.0, 1.0]], [[0.010085749439895153, -0.9999287128448486, -0.00638170400634408, 0.00537109375], [-0.008966829627752304, 0.006291331723332405, -0.9999399781227112, 1.4801645278930664], [0.9999089241027832, 0.010142277926206589, -0.008902737870812416, -1.7347412109375], [0.0, 0.0, 0.0, 1.0]], [[-0.8441079258918762, -0.536169171333313, 0.002081968355923891, 1.0906982421875], [-0.000942549086175859, -0.0023991491179913282, -0.9999966621398926, 1.4930667877197266], [0.5361723899841309, -0.8441070914268494, 0.0015197747852653265, -1.277557373046875], [0.0, 0.0, 0.0, 1.0]], [[0.9476867914199829, 0.31851863861083984, -0.020870542153716087, -1.1439208984375], [-0.026301544159650803, 0.012759081088006496, -0.9995726346969604, 1.5620460510253906], [-0.31811627745628357, 0.9478306770324707, 0.020469147711992264, -0.15612030029296875], [0.0, 0.0, 0.0, 1.0]], [[0.009383050724864006, 0.9999434947967529, 0.005005808547139168, -0.02874755859375], [-0.024187851697206497, 0.005231527145951986, -0.999693751335144, 1.5680618286132812], [-0.9996634125709534, 0.009259072132408619, 0.024235572665929794, 0.044189453125], [0.0, 0.0, 0.0, 1.0]], [[-0.9236432313919067, 0.38307198882102966, 0.0117872329428792, 1.1607666015625], [-0.02000175230205059, -0.01746775209903717, -0.9996473789215088, 1.5478134155273438], [-0.3827309310436249, -0.9235532879829407, 0.0237960834056139, -0.043701171875], [0.0, 0.0, 0.0, 1.0]]], "view": [[0.0, -2.0, 100.0], [-2.0, 0.0, 100.0], [0.0, 0.0, 1.0]], "bev": "bev_0fe36374fd8f4e638c467920fbb188b0.png", "aux": "aux_0fe36374fd8f4e638c467920fbb188b0.npz", "visibility": "visibility_0fe36374fd8f4e638c467920fbb188b0.png", "pose": [[0.5204686522483826, -0.853880763053894, 0.0, 451.1111755371094], [0.853880763053894, 0.5204686522483826, 0.0, 1711.4638671875], [0.0, 0.0, 1.0, 0.0], [0.0, 0.0, 0.0, 1.0]], "pose_inverse": [[0.5204686522483826, 0.853880763053894, 0.0, -1696.17529296875], [-0.853880763053894, 0.5204686522483826, 0.0, -505.5681457519531], [0.0, 0.0, 1.0, 0.0], [0.0, 0.0, 0.0, 1.0]], "cam_ids": [0, 1, 2, 3, 4, 5], "cam_channels": ["CAM_FRONT_LEFT", "CAM_FRONT", "CAM_FRONT_RIGHT", "CAM_BACK_LEFT", "CAM_BACK", "CAM_BACK_RIGHT"], "token": "0fe36374fd8f4e638c467920fbb188b0", "scene": "scene-0323"}, {"images": ["samples/CAM_FRONT_LEFT/n008-2018-08-28-16-16-48-0400__CAM_FRONT_LEFT__1535488246654799.jpg", "samples/CAM_FRONT/n008-2018-08-28-16-16-48-0400__CAM_FRONT__1535488246662404.jpg", "samples/CAM_FRONT_RIGHT/n008-2018-08-28-16-16-48-0400__CAM_FRONT_RIGHT__1535488246670482.jpg", "samples/CAM_BACK_LEFT/n008-2018-08-28-16-16-48-0400__CAM_BACK_LEFT__1535488246697405.jpg", "samples/CAM_BACK/n008-2018-08-28-16-16-48-0400__CAM_BACK__1535488246687558.jpg", "samples/CAM_BACK_RIGHT/n008-2018-08-28-16-16-48-0400__CAM_BACK_RIGHT__1535488246678113.jpg"], "intrinsics": [[[1257.8625342125129, 0.0, 827.2410631095686], [0.0, 1257.8625342125129, 450.915498205774], [0.0, 0.0, 1.0]], [[1252.8131021185304, 0.0, 826.588114781398], [0.0, 1252.8131021185304, 469.9846626224581], [0.0, 0.0, 1.0]], [[1256.7485116440405, 0.0, 817.7887570959712], [0.0, 1256.7485116440403, 451.9541780095127], [0.0, 0.0, 1.0]], [[1254.9860565800168, 0.0, 829.5769333630991], [0.0, 1254.9860565800168, 467.1680561863987], [0.0, 0.0, 1.0]], [[796.8910634503094, 0.0, 857.7774326863696], [0.0, 796.8910634503094, 476.8848988407415], [0.0, 0.0, 1.0]], [[1249.9629280788233, 0.0, 825.3768045375984], [0.0, 1249.9629280788233, 462.54816385708756], [0.0, 0.0, 1.0]]], "extrinsics": [[[0.8223742246627808, -0.568757176399231, -0.014698096551001072, -1.0048828125], [-0.0107308654114604, 0.010323703289031982, -0.9998891353607178, 1.4882965087890625], [0.5688458681106567, 0.8224407434463501, 0.002386688720434904, -1.3333740234375], [0.0, 0.0, 0.0, 1.0]], [[0.010080941021442413, -0.9999293684959412, -0.006296314764767885, 0.00537109375], [-0.008783729746937752, 0.006207840051501989, -0.9999421834945679, 1.4801626205444336], [0.9999106526374817, 0.010135599412024021, -0.008720530197024345, -1.734619140625], [0.0, 0.0, 0.0, 1.0]], [[-0.844109833240509, -0.536166787147522, 0.0019709384068846703, 1.090576171875], [-0.0007571450551040471, -0.002483963267877698, -0.9999966025352478, 1.493070363998413], [0.5361698865890503, -0.844108521938324, 0.0016907815588638186, -1.277587890625], [0.0, 0.0, 0.0, 1.0]], [[0.9476897716522217, 0.3185198903083801, -0.020715579390525818, -1.1439208984375], [-0.026118531823158264, 0.012700698338449001, -0.9995781779289246, 1.562042236328125], [-0.31812241673469543, 0.9478310942649841, 0.020355595275759697, -0.15608596801757812], [0.0, 0.0, 0.0, 1.0]], [[0.009380945935845375, 0.9999438524246216, 0.004938419442623854, -0.0289306640625], [-0.023995665833353996, 0.005162324756383896, -0.9996986985206604, 1.5680580139160156], [-0.9996680617332458, 0.009259609505534172, 0.02404274418950081, 0.0443115234375], [0.0, 0.0, 0.0, 1.0]], [[-0.9236456155776978, 0.38307300209999084, 0.011569833382964134, 1.1605224609375], [-0.01979893445968628, -0.017546042799949646, -0.9996500015258789, 1.5478134155273438], [-0.3827357888221741, -0.9235514402389526, 0.023790761828422546, -0.0435791015625], [0.0, 0.0, 0.0, 1.0]]], "view": [[0.0, -2.0, 100.0], [-2.0, 0.0, 100.0], [0.0, 0.0, 1.0]], "bev": "bev_4604be74d3194f7490d00df6c9dfc24d.png", "aux": "aux_4604be74d3194f7490d00df6c9dfc24d.npz", "visibility": "visibility_4604be74d3194f7490d00df6c9dfc24d.png", "pose": [[0.5205351114273071, -0.8538402915000916, 0.0, 451.1111755371094], [0.8538402915000916, 0.5205351114273071, 0.0, 1711.4637451171875], [0.0, 0.0, 1.0, 0.0], [0.0, 0.0, 0.0, 1.0]], "pose_inverse": [[0.5205351114273071, 0.8538402915000916, 0.0, -1696.1358642578125], [-0.8538402915000916, 0.5205351114273071, 0.0, -505.7000732421875], [0.0, 0.0, 1.0, 0.0], [0.0, 0.0, 0.0, 1.0]], "cam_ids": [0, 1, 2, 3, 4, 5], "cam_channels": ["CAM_FRONT_LEFT", "CAM_FRONT", "CAM_FRONT_RIGHT", "CAM_BACK_LEFT", "CAM_BACK", "CAM_BACK_RIGHT"], "token": "4604be74d3194f7490d00df6c9dfc24d", "scene": "scene-0323"}, {"images": ["samples/CAM_FRONT_LEFT/n008-2018-08-28-16-16-48-0400__CAM_FRONT_LEFT__1535488247154799.jpg", "samples/CAM_FRONT/n008-2018-08-28-16-16-48-0400__CAM_FRONT__1535488247162404.jpg", "samples/CAM_FRONT_RIGHT/n008-2018-08-28-16-16-48-0400__CAM_FRONT_RIGHT__1535488247170482.jpg", "samples/CAM_BACK_LEFT/n008-2018-08-28-16-16-48-0400__CAM_BACK_LEFT__1535488247197405.jpg", "samples/CAM_BACK/n008-2018-08-28-16-16-48-0400__CAM_BACK__1535488247187558.jpg", "samples/CAM_BACK_RIGHT/n008-2018-08-28-16-16-48-0400__CAM_BACK_RIGHT__1535488247178113.jpg"], "intrinsics": [[[1257.8625342125129, 0.0, 827.2410631095686], [0.0, 1257.8625342125129, 450.915498205774], [0.0, 0.0, 1.0]], [[1252.8131021185304, 0.0, 826.588114781398], [0.0, 1252.8131021185304, 469.9846626224581], [0.0, 0.0, 1.0]], [[1256.7485116440405, 0.0, 817.7887570959712], [0.0, 1256.7485116440403, 451.9541780095127], [0.0, 0.0, 1.0]], [[1254.9860565800168, 0.0, 829.5769333630991], [0.0, 1254.9860565800168, 467.1680561863987], [0.0, 0.0, 1.0]], [[796.8910634503094, 0.0, 857.7774326863696], [0.0, 796.8910634503094, 476.8848988407415], [0.0, 0.0, 1.0]], [[1249.9629280788233, 0.0, 825.3768045375984], [0.0, 1249.9629280788233, 462.54816385708756], [0.0, 0.0, 1.0]]], "extrinsics": [[[0.8223686814308167, -0.5687658786773682, -0.014666499570012093, -1.0050048828125], [-0.010741600766777992, 0.010252597741782665, -0.9998897314071655, 1.4882926940917969], [0.5688536167144775, 0.8224355578422546, 0.00232195807620883, -1.33349609375], [0.0, 0.0, 0.0, 1.0]], [[0.010072202421724796, -0.9999298453330994, -0.006222864147275686, 0.0054931640625], [-0.008787736296653748, 0.0061344257555902, -0.9999425411224365, 1.4801664352416992], [0.9999105930328369, 0.01012627873569727, -0.008725333027541637, -1.7347412109375], [0.0, 0.0, 0.0, 1.0]], [[-0.8441148400306702, -0.5361586213111877, 0.00202211388386786, 1.090576171875], [-0.0007657001260668039, -0.0025659683160483837, -0.9999964237213135, 1.4930765628814697], [0.5361618399620056, -0.8441133499145508, 0.0017554349033161998, -1.27752685546875], [0.0, 0.0, 0.0, 1.0]], [[0.9476891160011292, 0.3185187876224518, -0.020760802552103996, -1.14404296875], [-0.026136713102459908, 0.012612823396921158, -0.9995788335800171, 1.5620384216308594], [-0.3181228041648865, 0.9478325843811035, 0.020278070122003555, -0.15607070922851562], [0.0, 0.0, 0.0, 1.0]], [[0.009385744109749794, 0.9999441504478455, 0.004862982779741287, -0.02886962890625], [-0.02402091957628727, 0.005087256897240877, -0.9996984601020813, 1.5680656433105469], [-0.9996673464775085, 0.009266198612749577, 0.02406732551753521, 0.04443359375], [0.0, 0.0, 0.0, 1.0]], [[-0.9236416816711426, 0.383082777261734, 0.01155782863497734, 1.16064453125], [-0.01982378587126732, -0.017636699602007866, -0.9996479153633118, 1.5478096008300781], [-0.38274410367012024, -0.9235455989837646, 0.02388414368033409, -0.043701171875], [0.0, 0.0, 0.0, 1.0]]], "view": [[0.0, -2.0, 100.0], [-2.0, 0.0, 100.0], [0.0, 0.0, 1.0]], "bev": "bev_d08050fc8623474cb4e66de7578e0cb0.png", "aux": "aux_d08050fc8623474cb4e66de7578e0cb0.npz", "visibility": "visibility_d08050fc8623474cb4e66de7578e0cb0.png", "pose": [[0.5205460786819458, -0.8538335561752319, 0.0, 451.11114501953125], [0.8538335561752319, 0.5205460786819458, 0.0, 1711.4637451171875], [0.0, 0.0, 1.0, 0.0], [0.0, 0.0, 0.0, 1.0]], "pose_inverse": [[0.5205460786819458, 0.8538335561752319, 0.0, -1696.12939453125], [-0.8538335561752319, 0.5205460786819458, 0.0, -505.7218933105469], [0.0, 0.0, 1.0, 0.0], [0.0, 0.0, 0.0, 1.0]], "cam_ids": [0, 1, 2, 3, 4, 5], "cam_channels": ["CAM_FRONT_LEFT", "CAM_FRONT", "CAM_FRONT_RIGHT", "CAM_BACK_LEFT", "CAM_BACK", "CAM_BACK_RIGHT"], "token": "d08050fc8623474cb4e66de7578e0cb0", "scene": "scene-0323"}, {"images": ["samples/CAM_FRONT_LEFT/n008-2018-08-28-16-16-48-0400__CAM_FRONT_LEFT__1535488247654799.jpg", "samples/CAM_FRONT/n008-2018-08-28-16-16-48-0400__CAM_FRONT__1535488247662404.jpg", "samples/CAM_FRONT_RIGHT/n008-2018-08-28-16-16-48-0400__CAM_FRONT_RIGHT__1535488247670482.jpg", "samples/CAM_BACK_LEFT/n008-2018-08-28-16-16-48-0400__CAM_BACK_LEFT__1535488247697405.jpg", "samples/CAM_BACK/n008-2018-08-28-16-16-48-0400__CAM_BACK__1535488247687558.jpg", "samples/CAM_BACK_RIGHT/n008-2018-08-28-16-16-48-0400__CAM_BACK_RIGHT__1535488247678113.jpg"], "intrinsics": [[[1257.8625342125129, 0.0, 827.2410631095686], [0.0, 1257.8625342125129, 450.915498205774], [0.0, 0.0, 1.0]], [[1252.8131021185304, 0.0, 826.588114781398], [0.0, 1252.8131021185304, 469.9846626224581], [0.0, 0.0, 1.0]], [[1256.7485116440405, 0.0, 817.7887570959712], [0.0, 1256.7485116440403, 451.9541780095127], [0.0, 0.0, 1.0]], [[1254.9860565800168, 0.0, 829.5769333630991], [0.0, 1254.9860565800168, 467.1680561863987], [0.0, 0.0, 1.0]], [[796.8910634503094, 0.0, 857.7774326863696], [0.0, 796.8910634503094, 476.8848988407415], [0.0, 0.0, 1.0]], [[1249.9629280788233, 0.0, 825.3768045375984], [0.0, 1249.9629280788233, 462.54816385708756], [0.0, 0.0, 1.0]]], "extrinsics": [[[0.8223680257797241, -0.5687651634216309, -0.014729244634509087, -1.005126953125], [-0.010801521129906178, 0.010276262648403645, -0.9998888969421387, 1.4882926940917969], [0.5688533782958984, 0.822435736656189, 0.0023073405027389526, -1.3333740234375], [0.0, 0.0, 0.0, 1.0]], [[0.010072948411107063, -0.9999298453330994, -0.006240698043256998, 0.0052490234375], [-0.008847329765558243, 0.006151648238301277, -0.9999419450759888, 1.48016357421875], [0.9999100565910339, 0.010127567686140537, -0.008784742094576359, -1.7349853515625], [0.0, 0.0, 0.0, 1.0]], [[-0.8441143035888672, -0.536159336566925, 0.002063919324427843, 1.0904541015625], [-0.0008266422082670033, -0.0025479935575276613, -0.9999963641166687, 1.4930720329284668], [0.5361626148223877, -0.8441129922866821, 0.0017075841315090656, -1.277587890625], [0.0, 0.0, 0.0, 1.0]], [[0.9476882219314575, 0.31851837038993835, -0.02081158570945263, -1.1439208984375], [-0.026191312819719315, 0.012615934014320374, -0.9995773434638977, 1.562042236328125], [-0.31812119483947754, 0.9478326439857483, 0.020298387855291367, -0.15608596801757812], [0.0, 0.0, 0.0, 1.0]], [[0.009386047720909119, 0.9999441504478455, 0.004866716451942921, -0.0289306640625], [-0.024073554202914238, 0.0050914837047457695, -0.999697208404541, 1.5680618286132812], [-0.9996660947799683, 0.009266083128750324, 0.024119997397065163, 0.0443115234375], [0.0, 0.0, 0.0, 1.0]], [[-0.9236410856246948, 0.38308224081993103, 0.011621389538049698, 1.1605224609375], [-0.019883237779140472, -0.017614200711250305, -0.9996471405029297, 1.5478134155273438], [-0.38274237513542175, -0.9235462546348572, 0.023886114358901978, -0.043701171875], [0.0, 0.0, 0.0, 1.0]]], "view": [[0.0, -2.0, 100.0], [-2.0, 0.0, 100.0], [0.0, 0.0, 1.0]], "bev": "bev_4cf21e6d0ede46e28a65101692ace285.png", "aux": "aux_4cf21e6d0ede46e28a65101692ace285.npz", "visibility": "visibility_4cf21e6d0ede46e28a65101692ace285.png", "pose": [[0.5205864906311035, -0.8538089394569397, 0.0, 451.11114501953125], [0.8538089394569397, 0.5205864906311035, 0.0, 1711.4637451171875], [0.0, 0.0, 1.0, 0.0], [0.0, 0.0, 0.0, 1.0]], "pose_inverse": [[0.5205864906311035, 0.8538089394569397, 0.0, -1696.10546875], [-0.8538089394569397, 0.5205864906311035, 0.0, -505.80218505859375], [0.0, 0.0, 1.0, 0.0], [0.0, 0.0, 0.0, 1.0]], "cam_ids": [0, 1, 2, 3, 4, 5], "cam_channels": ["CAM_FRONT_LEFT", "CAM_FRONT", "CAM_FRONT_RIGHT", "CAM_BACK_LEFT", "CAM_BACK", "CAM_BACK_RIGHT"], "token": "4cf21e6d0ede46e28a65101692ace285", "scene": "scene-0323"}, {"images": ["samples/CAM_FRONT_LEFT/n008-2018-08-28-16-16-48-0400__CAM_FRONT_LEFT__1535488248104799.jpg", "samples/CAM_FRONT/n008-2018-08-28-16-16-48-0400__CAM_FRONT__1535488248112404.jpg", "samples/CAM_FRONT_RIGHT/n008-2018-08-28-16-16-48-0400__CAM_FRONT_RIGHT__1535488248120489.jpg", "samples/CAM_BACK_LEFT/n008-2018-08-28-16-16-48-0400__CAM_BACK_LEFT__1535488248147405.jpg", "samples/CAM_BACK/n008-2018-08-28-16-16-48-0400__CAM_BACK__1535488248137558.jpg", "samples/CAM_BACK_RIGHT/n008-2018-08-28-16-16-48-0400__CAM_BACK_RIGHT__1535488248128113.jpg"], "intrinsics": [[[1257.8625342125129, 0.0, 827.2410631095686], [0.0, 1257.8625342125129, 450.915498205774], [0.0, 0.0, 1.0]], [[1252.8131021185304, 0.0, 826.588114781398], [0.0, 1252.8131021185304, 469.9846626224581], [0.0, 0.0, 1.0]], [[1256.7485116440405, 0.0, 817.7887570959712], [0.0, 1256.7485116440403, 451.9541780095127], [0.0, 0.0, 1.0]], [[1254.9860565800168, 0.0, 829.5769333630991], [0.0, 1254.9860565800168, 467.1680561863987], [0.0, 0.0, 1.0]], [[796.8910634503094, 0.0, 857.7774326863696], [0.0, 796.8910634503094, 476.8848988407415], [0.0, 0.0, 1.0]], [[1249.9629280788233, 0.0, 825.3768045375984], [0.0, 1249.9629280788233, 462.54816385708756], [0.0, 0.0, 1.0]]], "extrinsics": [[[0.8223786950111389, -0.5687520503997803, -0.014643832109868526, -1.0050048828125], [-0.01077527366578579, 0.010164130479097366, -0.9998902678489685, 1.488295555114746], [0.5688385367393494, 0.8224462270736694, 0.002230302896350622, -1.3333740234375], [0.0, 0.0, 0.0, 1.0]], [[0.010087362490594387, -0.9999303221702576, -0.006133568938821554, 0.005401611328125], [-0.008824404329061508, 0.0060446239076554775, -0.9999427795410156, 1.48016357421875], [0.9999102354049683, 0.010140865109860897, -0.008762814104557037, -1.7347412109375], [0.0, 0.0, 0.0, 1.0]], [[-0.8441079258918762, -0.5361692309379578, 0.0021026316098868847, 1.0906982421875], [-0.0008062737178988755, -0.0026522257830947638, -0.9999961256980896, 1.493072509765625], [0.5361726880073547, -0.8441063165664673, 0.001806464628316462, -1.27752685546875], [0.0, 0.0, 0.0, 1.0]], [[0.9476868510246277, 0.31852230429649353, -0.020812910050153732, -1.14404296875], [-0.026162683963775635, 0.012526210397481918, -0.9995791912078857, 1.562042236328125], [-0.3181275725364685, 0.9478325247764587, 0.020204326137900352, -0.15608596801757812], [0.0, 0.0, 0.0, 1.0]], [[0.009379949420690536, 0.9999445676803589, 0.004771281499415636, -0.0289306640625], [