[{"images": ["samples/CAM_FRONT_LEFT/n008-2018-08-01-15-16-36-0400__CAM_FRONT_LEFT__1533151603504799.jpg", "samples/CAM_FRONT/n008-2018-08-01-15-16-36-0400__CAM_FRONT__1533151603512404.jpg", "samples/CAM_FRONT_RIGHT/n008-2018-08-01-15-16-36-0400__CAM_FRONT_RIGHT__1533151603520482.jpg", "samples/CAM_BACK_LEFT/n008-2018-08-01-15-16-36-0400__CAM_BACK_LEFT__1533151603547405.jpg", "samples/CAM_BACK/n008-2018-08-01-15-16-36-0400__CAM_BACK__1533151603537558.jpg", "samples/CAM_BACK_RIGHT/n008-2018-08-01-15-16-36-0400__CAM_BACK_RIGHT__1533151603528113.jpg"], "intrinsics": [[[1257.8625342125129, 0.0, 827.2410631095686], [0.0, 1257.8625342125129, 450.915498205774], [0.0, 0.0, 1.0]], [[1252.8131021185304, 0.0, 826.588114781398], [0.0, 1252.8131021185304, 469.9846626224581], [0.0, 0.0, 1.0]], [[1256.7485116440405, 0.0, 817.7887570959712], [0.0, 1256.7485116440403, 451.9541780095127], [0.0, 0.0, 1.0]], [[1254.9860565800168, 0.0, 829.5769333630991], [0.0, 1254.9860565800168, 467.1680561863987], [0.0, 0.0, 1.0]], [[796.8910634503094, 0.0, 857.7774326863696], [0.0, 796.8910634503094, 476.8848988407415], [0.0, 0.0, 1.0]], [[1249.9629280788233, 0.0, 825.3768045375984], [0.0, 1249.9629280788233, 462.54816385708756], [0.0, 0.0, 1.0]]], "extrinsics": [[[0.8230440020561218, -0.5675774812698364, -0.021314913406968117, -0.694091796875], [-0.011195108294487, 0.02130928635597229, -0.999710202217102, 1.4840431213378906], [0.5678672790527344, 0.8230441808700562, 0.011184388771653175, -1.121337890625], [0.0, 0.0, 0.0, 1.0]], [[0.01105800922960043, -0.9997906684875488, -0.017214572057127953, 0.010498046875], [-0.009167312644422054, 0.017113538458943367, -0.9998115301132202, 1.4772968292236328], [0.9998968243598938, 0.011213756166398525, -0.00897615123540163, -1.4252471923828125], [0.0, 0.0, 0.0, 1.0]], [[-0.8437041640281677, -0.5367964506149292, -0.0035772225819528103, 0.89019775390625], [-0.0010661373380571604, 0.00833947490900755, -0.9999646544456482, 1.4928054809570312], [0.5368072986602783, -0.8436706066131592, -0.007608349900692701, -1.148193359375], [0.0, 0.0, 0.0, 1.0]], [[0.9476963877677917, 0.318708211183548, -0.017225980758666992, -1.14215087890625], [-0.025858014822006226, 0.02287306822836399, -0.9994039535522461, 1.5619926452636719], [-0.3181242048740387, 0.9475768804550171, 0.02991788275539875, -0.1568603515625], [0.0, 0.0, 0.0, 1.0]], [[0.00908865686506033, 0.9998406767845154, 0.01536320336163044, -0.028564453125], [-0.02391338348388672, 0.015576767735183239, -0.9995926022529602, 1.5659408569335938], [-0.9996728301048279, 0.008717554621398449, 0.02405114471912384, -0.0439453125], [0.0, 0.0, 0.0, 1.0]], [[-0.9238530397415161, 0.3824225664138794, 0.015766214579343796, 1.00201416015625], [-0.019907215610146523, -0.0068736085668206215, -0.9997782111167908, 1.5444073677062988], [-0.3822293281555176, -0.9239620566368103, 0.01396317221224308, -0.1082763671875], [0.0, 0.0, 0.0, 1.0]]], "view": [[0.0, -2.0, 100.0], [-2.0, 0.0, 100.0], [0.0, 0.0, 1.0]], "bev": "bev_3e8750f331d7499e9b5123e9eb70f2e2.png", "aux": "aux_3e8750f331d7499e9b5123e9eb70f2e2.npz", "visibility": "visibility_3e8750f331d7499e9b5123e9eb70f2e2.png", "pose": [[0.8767470121383667, 0.48095184564590454, 0.0, 600.1202392578125], [-0.48095184564590454, 0.8767470121383667, 0.0, 1647.49072265625], [0.0, 0.0, 1.0, 0.0], [0.0, 0.0, 0.0, 1.0]], "pose_inverse": [[0.8767470121383667, -0.48095184564590454, 0.0, 266.2100524902344], [0.48095184564590454, 0.8767470121383667, 0.0, -1733.0615234375], [0.0, 0.0, 1.0, 0.0], [0.0, 0.0, 0.0, 1.0]], "cam_ids": [0, 1, 2, 3, 4, 5], "cam_channels": ["CAM_FRONT_LEFT", "CAM_FRONT", "CAM_FRONT_RIGHT", "CAM_BACK_LEFT", "CAM_BACK", "CAM_BACK_RIGHT"], "token": "3e8750f331d7499e9b5123e9eb70f2e2", "scene": "scene-0103"}, {"images": ["samples/CAM_FRONT_LEFT/n008-2018-08-01-15-16-36-0400__CAM_FRONT_LEFT__1533151604004799.jpg", "samples/CAM_FRONT/n008-2018-08-01-15-16-36-0400__CAM_FRONT__1533151604012404.jpg", "samples/CAM_FRONT_RIGHT/n008-2018-08-01-15-16-36-0400__CAM_FRONT_RIGHT__1533151604020482.jpg", "samples/CAM_BACK_LEFT/n008-2018-08-01-15-16-36-0400__CAM_BACK_LEFT__1533151604047405.jpg", "samples/CAM_BACK/n008-2018-08-01-15-16-36-0400__CAM_BACK__1533151604037558.jpg", "samples/CAM_BACK_RIGHT/n008-2018-08-01-15-16-36-0400__CAM_BACK_RIGHT__1533151604028370.jpg"], "intrinsics": [[[1257.8625342125129, 0.0, 827.2410631095686], [0.0, 1257.8625342125129, 450.915498205774], [0.0, 0.0, 1.0]], [[1252.8131021185304, 0.0, 826.588114781398], [0.0, 1252.8131021185304, 469.9846626224581], [0.0, 0.0, 1.0]], [[1256.7485116440405, 0.0, 817.7887570959712], [0.0, 1256.7485116440403, 451.9541780095127], [0.0, 0.0, 1.0]], [[1254.9860565800168, 0.0, 829.5769333630991], [0.0, 1254.9860565800168, 467.1680561863987], [0.0, 0.0, 1.0]], [[796.8910634503094, 0.0, 857.7774326863696], [0.0, 796.8910634503094, 476.8848988407415], [0.0, 0.0, 1.0]], [[1249.9629280788233, 0.0, 825.3768045375984], [0.0, 1249.9629280788233, 462.54816385708756], [0.0, 0.0, 1.0]]], "extrinsics": [[[0.8234701156616211, -0.5670111179351807, -0.019884631037712097, -0.7054443359375], [-0.011152763850986958, 0.018863627687096596, -0.9997598528862, 1.4842071533203125], [0.5672500729560852, 0.8234940767288208, 0.009209890849888325, -1.1295166015625], [0.0, 0.0, 0.0, 1.0]], [[0.011552629061043262, -0.9998227953910828, -0.014860629104077816, 0.0107421875], [-0.009146503172814846, 0.014755337499082088, -0.9998493194580078, 1.4774150848388672], [0.9998915195465088, 0.011686860583722591, -0.008974418044090271, -1.43719482421875], [0.0, 0.0, 0.0, 1.0]], [[-0.8435510993003845, -0.5370437502861023, -0.0023596978280693293, 0.89813232421875], [-0.0010698693804442883, 0.006074256729334593, -0.9999809861183167, 1.4928178787231445], [0.5370478630065918, -0.8435325026512146, -0.005698512773960829, -1.1531982421875], [0.0, 0.0, 0.0, 1.0]], [[0.9476947784423828, 0.31866639852523804, -0.018063247203826904, -1.138671875], [-0.02625175006687641, 0.02141980081796646, -0.9994258284568787, 1.5618972778320312], [-0.3180965483188629, 0.9476248621940613, 0.028664985671639442, -0.157958984375], [0.0, 0.0, 0.0, 1.0]], [[0.008968817070126534, 0.9998676180839539, 0.013576015830039978, -0.0286865234375], [-0.024261029437184334, 0.013790144585072994, -0.9996104836463928, 1.5659332275390625], [-0.999665379524231, 0.0086358692497015, 0.024381499737501144, -0.042999267578125], [0.0, 0.0, 0.0, 1.0]], [[-0.9239279627799988, 0.38226574659347534, 0.015163370408117771, 1.00897216796875], [-0.020126085728406906, -0.008986856788396835, -0.9997570514678955, 1.5445261001586914], [-0.38203656673431396, -0.9240087270736694, 0.015996720641851425, -0.1051025390625], [0.0, 0.0, 0.0, 1.0]]], "view": [[0.0, -2.0, 100.0], [-2.0, 0.0, 100.0], [0.0, 0.0, 1.0]], "bev": "bev_3950bd41f74548429c0f7700ff3d8269.png", "aux": "aux_3950bd41f74548429c0f7700ff3d8269.npz", "visibility": "visibility_3950bd41f74548429c0f7700ff3d8269.png", "pose": [[0.8679192066192627, 0.49670541286468506, 0.0, 603.825927734375], [-0.49670541286468506, 0.8679192066192627, 0.0, 1645.386962890625], [0.0, 0.0, 1.0, 0.0], [0.0, 0.0, 0.0, 1.0]], "pose_inverse": [[0.8679192066192627, -0.49670541286468506, 0.0, 293.20050048828125], [0.49670541286468506, 0.8679192066192627, 0.0, -1727.986572265625], [0.0, 0.0, 1.0, 0.0], [0.0, 0.0, 0.0, 1.0]], "cam_ids": [0, 1, 2, 3, 4, 5], "cam_channels": ["CAM_FRONT_LEFT", "CAM_FRONT", "CAM_FRONT_RIGHT", "CAM_BACK_LEFT", "CAM_BACK", "CAM_BACK_RIGHT"], "token": "3950bd41f74548429c0f7700ff3d8269", "scene": "scene-0103"}, {"images": ["samples/CAM_FRONT_LEFT/n008-2018-08-01-15-16-36-0400__CAM_FRONT_LEFT__1533151604504799.jpg", "samples/CAM_FRONT/n008-2018-08-01-15-16-36-0400__CAM_FRONT__1533151604512404.jpg", "samples/CAM_FRONT_RIGHT/n008-2018-08-01-15-16-36-0400__CAM_FRONT_RIGHT__1533151604520482.jpg", "samples/CAM_BACK_LEFT/n008-2018-08-01-15-16-36-0400__CAM_BACK_LEFT__1533151604547405.jpg", "samples/CAM_BACK/n008-2018-08-01-15-16-36-0400__CAM_BACK__1533151604537558.jpg", "samples/CAM_BACK_RIGHT/n008-2018-08-01-15-16-36-0400__CAM_BACK_RIGHT__1533151604528113.jpg"], "intrinsics": [[[1257.8625342125129, 0.0, 827.2410631095686], [0.0, 1257.8625342125129, 450.915498205774], [0.0, 0.0, 1.0]], [[1252.8131021185304, 0.0, 826.588114781398], [0.0, 1252.8131021185304, 469.9846626224581], [0.0, 0.0, 1.0]], [[1256.7485116440405, 0.0, 817.7887570959712], [0.0, 1256.7485116440403, 451.9541780095127], [0.0, 0.0, 1.0]], [[1254.9860565800168, 0.0, 829.5769333630991], [0.0, 1254.9860565800168, 467.1680561863987], [0.0, 0.0, 1.0]], [[796.8910634503094, 0.0, 857.7774326863696], [0.0, 796.8910634503094, 476.8848988407415], [0.0, 0.0, 1.0]], [[1249.9629280788233, 0.0, 825.3768045375984], [0.0, 1249.9629280788233, 462.54816385708756], [0.0, 0.0, 1.0]]], "extrinsics": [[[0.8236901164054871, -0.5665543079376221, -0.023468412458896637, -0.7005615234375], [-0.009948061779141426, 0.026942892000079155, -0.9995874762535095, 1.4846076965332031], [0.5669529438018799, 0.8235838413238525, 0.016556477174162865, -1.1241455078125], [0.0, 0.0, 0.0, 1.0]], [[0.011899207718670368, -0.9996644258499146, -0.023007327690720558, 0.0093994140625], [-0.007812685333192348, 0.022915305569767952, -0.9997069239616394, 1.4777717590332031], [0.9998986721038818, 0.012075452134013176, -0.007537389639765024, -1.429656982421875], [0.0, 0.0, 0.0, 1.0]], [[-0.8433966636657715, -0.5372314453125, -0.008034325204789639, 0.89129638671875], [0.00040225620614364743, 0.014322019182145596, -0.9998973608016968, 1.4931659698486328], [0.5372913479804993, -0.8433132767677307, -0.011863037012517452, -1.150146484375], [0.0, 0.0, 0.0, 1.0]], [[0.9477531909942627, 0.31869661808013916, -0.0140128368511796, -1.139404296875], [-0.024760548025369644, 0.029697611927986145, -0.999252200126648, 1.5619354248046875], [-0.31804218888282776, 0.9473913908004761, 0.03603710979223251, -0.1573486328125], [0.0, 0.0, 0.0, 1.0]], [[0.008887928910553455, 0.9997209906578064, 0.02188679203391075, -0.02783203125], [-0.02255384251475334, 0.022082507610321045, -0.9995017051696777, 1.5660476684570312], [-0.9997060894966125, 0.008389903232455254, 0.022743819281458855, -0.04510498046875], [0.0, 0.0, 0.0, 1.0]], [[-0.9240251183509827, 0.3819642961025238, 0.01675373874604702, 1.002685546875], [-0.01842316798865795, -0.0007136358763091266, -0.9998300075531006, 1.5446648597717285], [-0.38188740611076355, -0.924176812171936, 0.007696408778429031, -0.1087646484375], [0.0, 0.0, 0.0, 1.0]]], "view": [[0.0, -2.0, 100.0], [-2.0, 0.0, 100.0], [0.0, 0.0, 1.0]], "bev": "bev_c5f58c19249d4137ae063b0e9ecd8b8e.png", "aux": "aux_c5f58c19249d4137ae063b0e9ecd8b8e.npz", "visibility": "visibility_c5f58c19249d4137ae063b0e9ecd8b8e.png", "pose": [[0.8539179563522339, 0.5204076170921326, 0.0, 607.4541015625], [-0.5204076170921326, 0.8539179563522339, 0.0, 1643.2149658203125], [0.0, 0.0, 1.0, 0.0], [0.0, 0.0, 0.0, 1.0]], "pose_inverse": [[0.8539179563522339, -0.5204076170921326, 0.0, 336.4256286621094], [0.5204076170921326, 0.8539179563522339, 0.0, -1719.2945556640625], [0.0, 0.0, 1.0, 0.0], [0.0, 0.0, 0.0, 1.0]], "cam_ids": [0, 1, 2, 3, 4, 5], "cam_channels": ["CAM_FRONT_LEFT", "CAM_FRONT", "CAM_FRONT_RIGHT", "CAM_BACK_LEFT", "CAM_BACK", "CAM_BACK_RIGHT"], "token": "c5f58c19249d4137ae063b0e9ecd8b8e", "scene": "scene-0103"}, {"images": ["samples/CAM_FRONT_LEFT/n008-2018-08-01-15-16-36-0400__CAM_FRONT_LEFT__1533151605004799.jpg", "samples/CAM_FRONT/n008-2018-08-01-15-16-36-0400__CAM_FRONT__1533151605012404.jpg", "samples/CAM_FRONT_RIGHT/n008-2018-08-01-15-16-36-0400__CAM_FRONT_RIGHT__1533151605020482.jpg", "samples/CAM_BACK_LEFT/n008-2018-08-01-15-16-36-0400__CAM_BACK_LEFT__1533151605047405.jpg", "samples/CAM_BACK/n008-2018-08-01-15-16-36-0400__CAM_BACK__1533151605037558.jpg", "samples/CAM_BACK_RIGHT/n008-2018-08-01-15-16-36-0400__CAM_BACK_RIGHT__1533151605028113.jpg"], "intrinsics": [[[1257.8625342125129, 0.0, 827.2410631095686], [0.0, 1257.8625342125129, 450.915498205774], [0.0, 0.0, 1.0]], [[1252.8131021185304, 0.0, 826.588114781398], [0.0, 1252.8131021185304, 469.9846626224581], [0.0, 0.0, 1.0]], [[1256.7485116440405, 0.0, 817.7887570959712], [0.0, 1256.7485116440403, 451.9541780095127], [0.0, 0.0, 1.0]], [[1254.9860565800168, 0.0, 829.5769333630991], [0.0, 1254.9860565800168, 467.1680561863987], [0.0, 0.0, 1.0]], [[796.8910634503094, 0.0, 857.7774326863696], [0.0, 796.8910634503094, 476.8848988407415], [0.0, 0.0, 1.0]], [[1249.9629280788233, 0.0, 825.3768045375984], [0.0, 1249.9629280788233, 462.54816385708756], [0.0, 0.0, 1.0]]], "extrinsics": [[[0.8238741159439087, -0.5657151341438293, -0.034610144793987274, -0.7061767578125], [-0.02467500977218151, 0.02520616725087166, -0.9993776679039001, 1.479339599609375], [0.5662354230880737, 0.8242154121398926, 0.006807680241763592, -1.129638671875], [0.0, 0.0, 0.0, 1.0]], [[0.012529171071946621, -0.999690592288971, -0.021487724035978317, 0.010009765625], [-0.02263864316046238, 0.021200301125645638, -0.999518871307373, 1.4734001159667969], [0.9996651411056519, 0.013009646907448769, -0.02236601710319519, -1.43707275390625], [0.0, 0.0, 0.0, 1.0]], [[-0.8429768681526184, -0.5379220843315125, 0.005451282951980829, 0.89764404296875], [-0.014527642168104649, 0.01263415813446045, -0.9998146295547485, 1.4897308349609375], [0.5377535223960876, -0.8428998589515686, -0.018465042114257812, -1.1534423828125], [0.0, 0.0, 0.0, 1.0]], [[0.9472822546958923, 0.3190857172012329, -0.028992068022489548, -1.1403961181640625], [-0.040014270693063736, 0.028040660545229912, -0.998805582523346, 1.5618934631347656], [-0.3178916275501251, 0.9473109841346741, 0.03933040425181389, -0.1572265625], [0.0, 0.0, 0.0, 1.0]], [[0.008728107437491417, 0.9997594952583313, 0.020117616280913353, -0.0284423828125], [-0.03782014548778534, 0.020434033125638962, -0.9990755915641785, 1.5648040771484375], [-0.9992464184761047, 0.00795915350317955, 0.037989404052495956, -0.0416259765625], [0.0, 0.0, 0.0, 1.0]], [[-0.9239243268966675, 0.38138747215270996, 0.030124176293611526, 1.00762939453125], [-0.03356995806097984, -0.0023833734448999166, -0.9994335174560547, 1.5422625541687012], [-0.38109955191612244, -0.9244122505187988, 0.015005217865109444, -0.1063232421875], [0.0, 0.0, 0.0, 1.0]]], "view": [[0.0, -2.0, 100.0], [-2.0, 0.0, 100.0], [0.0, 0.0, 1.0]], "bev": "bev_700c1a25559b4433be532de3475e58a9.png", "aux": "aux_700c1a25559b4433be532de3475e58a9.npz", "visibility": "visibility_700c1a25559b4433be532de3475e58a9.png", "pose": [[0.8382188081741333, 0.5453340411186218, 0.0, 610.9796752929688], [-0.5453340411186218, 0.8382188081741333, 0.0, 1640.9793701171875], [0.0, 0.0, 1.0, 0.0], [0.0, 0.0, 0.0, 1.0]], "pose_inverse": [[0.8382188081741333, -0.5453340411186218, 0.0, 382.7472229003906], [0.5453340411186218, 0.8382188081741333, 0.0, -1708.6878662109375], [0.0, 0.0, 1.0, 0.0], [0.0, 0.0, 0.0, 1.0]], "cam_ids": [0, 1, 2, 3, 4, 5], "cam_channels": ["CAM_FRONT_LEFT", "CAM_FRONT", "CAM_FRONT_RIGHT", "CAM_BACK_LEFT", "CAM_BACK", "CAM_BACK_RIGHT"], "token": "700c1a25559b4433be532de3475e58a9", "scene": "scene-0103"}, {"images": ["samples/CAM_FRONT_LEFT/n008-2018-08-01-15-16-36-0400__CAM_FRONT_LEFT__1533151605504799.jpg", "samples/CAM_FRONT/n008-2018-08-01-15-16-36-0400__CAM_FRONT__1533151605512404.jpg", "samples/CAM_FRONT_RIGHT/n008-2018-08-01-15-16-36-0400__CAM_FRONT_RIGHT__1533151605520482.jpg", "samples/CAM_BACK_LEFT/n008-2018-08-01-15-16-36-0400__CAM_BACK_LEFT__1533151605547405.jpg", "samples/CAM_BACK/n008-2018-08-01-15-16-36-0400__CAM_BACK__1533151605537558.jpg", "samples/CAM_BACK_RIGHT/n008-2018-08-01-15-16-36-0400__CAM_BACK_RIGHT__1533151605528113.jpg"], "intrinsics": [[[1257.8625342125129, 0.0, 827.2410631095686], [0.0, 1257.8625342125129, 450.915498205774], [0.0, 0.0, 1.0]], [[1252.8131021185304, 0.0, 826.588114781398], [0.0, 1252.8131021185304, 469.9846626224581], [0.0, 0.0, 1.0]], [[1256.7485116440405, 0.0, 817.7887570959712], [0.0, 1256.7485116440403, 451.9541780095127], [0.0, 0.0, 1.0]], [[1254.9860565800168, 0.0, 829.5769333630991], [0.0, 1254.9860565800168, 467.1680561863987], [0.0, 0.0, 1.0]], [[796.8910634503094, 0.0, 857.7774326863696], [0.0, 796.8910634503094, 476.8848988407415], [0.0, 0.0, 1.0]], [[1249.9629280788233, 0.0, 825.3768045375984], [0.0, 1249.9629280788233, 462.54816385708756], [0.0, 0.0, 1.0]]], "extrinsics": [[[0.823398768901825, -0.5658054351806641, -0.04334266483783722, -0.7034912109375], [-0.03722357004880905, 0.02236092835664749, -0.9990567564964294, 1.4746627807617188], [0.5662409663200378, 0.8242354989051819, -0.002649337286129594, -1.126708984375], [0.0, 0.0, 0.0, 1.0]], [[0.012387505732476711, -0.9997466802597046, -0.01879049837589264, 0.009765625], [-0.03557110205292702, 0.018339453265070915, -0.999198853969574, 1.469390869140625], [0.9992903470993042, 0.013045969419181347, -0.035334911197423935, -1.432464599609375], [0.0, 0.0, 0.0, 1.0]], [[-0.8427050709724426, -0.5380663275718689, 0.018242286518216133, 0.89306640625], [-0.027868518605828285, 0.009758294560015202, -0.9995639324188232, 1.486520767211914], [0.5376536846160889, -0.8428460359573364, -0.02321847714483738, -1.1507568359375], [0.0, 0.0, 0.0, 1.0]], [[0.9466333985328674, 0.31931072473526, -0.04388296231627464, -1.1378936767578125], [-0.05490199103951454, 0.02558533288538456, -0.9981638789176941, 1.5616912841796875], [-0.31760174036026, 0.9473045468330383, 0.04175073280930519, -0.1580810546875], [0.0, 0.0, 0.0, 1.0]], [[0.008654039353132248, 0.9998126029968262, 0.017316794022917747, -0.0281982421875], [-0.052097104489803314, 0.017744725570082664, -0.9984843730926514, 1.5633621215820312], [-0.9986045956611633, 0.007738795131444931, 0.05224090442061424, -0.04571533203125], [0.0, 0.0, 0.0, 1.0]], [[-0.9235353469848633, 0.3812386095523834, 0.04170886427164078, 1.0032958984375], [-0.047272540628910065, -0.005236076656728983, -0.9988682866096497, 1.5397663116455078], [-0.38058868050575256, -0.924461841583252, 0.022857816889882088, -0.10791015625], [0.0, 0.0, 0.0, 1.0]]], "view": [[0.0, -2.0, 100.0], [-2.0, 0.0, 100.0], [0.0, 0.0, 1.0]], "bev": "bev_747aa46b9a4641fe90db05d97db2acea.png", "aux": "aux_747aa46b9a4641fe90db05d97db2acea.npz", "visibility": "visibility_747aa46b9a4641fe90db05d97db2acea.png", "pose": [[0.82308429479599, 0.5679191946983337, 0.0, 614.4485473632812], [-0.5679191946983337, 0.82308429479599, 0.0, 1638.6492919921875], [0.0, 0.0, 1.0, 0.0], [0.0, 0.0, 0.0, 1.0]], "pose_inverse": [[0.82308429479599, -0.5679191946983337, 0.0, 424.87744140625], [0.5679191946983337, 0.82308429479599, 0.0, -1697.70361328125], [0.0, 0.0, 1.0, 0.0], [0.0, 0.0, 0.0, 1.0]], "cam_ids": [0, 1, 2, 3, 4, 5], "cam_channels": ["CAM_FRONT_LEFT", "CAM_FRONT", "CAM_FRONT_RIGHT", "CAM_BACK_LEFT", "CAM_BACK", "CAM_BACK_RIGHT"], "token": "747aa46b9a4641fe90db05d97db2acea", "scene": "scene-0103"}, {"images": ["samples/CAM_FRONT_LEFT/n008-2018-08-01-15-16-36-0400__CAM_FRONT_LEFT__1533151606004803.jpg", "samples/CAM_FRONT/n008-2018-08-01-15-16-36-0400__CAM_FRONT__1533151606012404.jpg", "samples/CAM_FRONT_RIGHT/n008-2018-08-01-15-16-36-0400__CAM_FRONT_RIGHT__1533151606020482.jpg", "samples/CAM_BACK_LEFT/n008-2018-08-01-15-16-36-0400__CAM_BACK_LEFT__1533151606047405.jpg", "samples/CAM_BACK/n008-2018-08-01-15-16-36-0400__CAM_BACK__1533151606037558.jpg", "samples/CAM_BACK_RIGHT/n008-2018-08-01-15-16-36-0400__CAM_BACK_RIGHT__1533151606028113.jpg"], "intrinsics": [[[1257.8625342125129, 0.0, 827.2410631095686], [0.0, 1257.8625342125129, 450.915498205774], [0.0, 0.0, 1.0]], [[1252.8131021185304, 0.0, 826.588114781398], [0.0, 1252.8131021185304, 469.9846626224581], [0.0, 0.0, 1.0]], [[1256.7485116440405, 0.0, 817.7887570959712], [0.0, 1256.7485116440403, 451.9541780095127], [0.0, 0.0, 1.0]], [[1254.9860565800168, 0.0, 829.5769333630991], [0.0, 1254.9860565800168, 467.1680561863987], [0.0, 0.0, 1.0]], [[796.8910634503094, 0.0, 857.7774326863696], [0.0, 796.8910634503094, 476.8848988407415], [0.0, 0.0, 1.0]], [[1249.9629280788233, 0.0, 825.3768045375984], [0.0, 1249.9629280788233, 462.54816385708756], [0.0, 0.0, 1.0]]], "extrinsics": [[[0.8230851292610168, -0.5657252073287964, -0.049859095364809036, -0.6954345703125], [-0.04991019889712334, 0.015397395938634872, -0.9986350536346436, 1.4695625305175781], [0.5657206773757935, 0.8244500756263733, -0.015562094748020172, -1.1229248046875], [0.0, 0.0, 0.0, 1.0]], [[0.012615805491805077, -0.9998520612716675, -0.011688207276165485, 0.0111083984375], [-0.04782399162650108, 0.011072416789829731, -0.998794436454773, 1.4652862548828125], [0.9987761378288269, 0.013159628957509995, -0.04767723008990288, -1.42425537109375], [0.0, 0.0, 0.0, 1.0]], [[-0.8422090411186218, -0.5381848812103271, 0.032263826578855515, 0.8873291015625], [-0.039662815630435944, 0.002166583901271224, -0.999210774898529, 1.4834632873535156], [0.5376902222633362, -0.8428239822387695, -0.023170646280050278, -1.14599609375], [0.0, 0.0, 0.0, 1.0]], [[0.9460514783859253, 0.3191946744918823, -0.055691394954919815, -1.1338348388671875], [-0.06429950892925262, 0.01648547686636448, -0.9977944493293762, 1.5613594055175781], [-0.31757259368896484, 0.9475457668304443, 0.03612016886472702, -0.159423828125], [0.0, 0.0, 0.0, 1.0]], [[0.008385862223803997, 0.9999262690544128, 0.008791021071374416, -0.028564453125], [-0.06249547377228737, 0.009298223070800304, -0.9980018734931946, 1.562103271484375], [-0.9980100393295288, 0.007819770835340023, 0.06256883591413498, -0.050750732421875], [0.0, 0.0, 0.0, 1.0]], [[-0.9231696724891663, 0.3812456727027893, 0.049087733030319214, 0.9971923828125], [-0.05850472301244736, -0.01314210332930088, -0.9982005953788757, 1.537491798400879], [-0.3799145221710205, -0.924380362033844, 0.034437064081430435, -0.1099853515625], [0.0, 0.0, 0.0, 1.0]]], "view": [[0.0, -2.0, 100.0], [-2.0, 0.0, 100.0], [0.0, 0.0, 1.0]], "bev": "bev_f4f86af4da3b49e79497deda5c5f223a.png", "aux": "aux_f4f86af4da3b49e79497deda5c5f223a.npz", "visibility": "visibility_f4f86af4da3b49e79497deda5c5f223a.png", "pose": [[0.809311032295227, 0.5873803496360779, 0.0, 617.93408203125], [-0.5873803496360779, 0.809311032295227, 0.0, 1636.1600341796875], [0.0, 0.0, 1.0, 0.0], [0.0, 0.0, 0.0, 1.0]], "pose_inverse": [[0.809311032295227, -0.5873803496360779, 0.0, 460.94732666015625], [0.5873803496360779, 0.809311032295227, 0.0, -1687.124755859375], [0.0, 0.0, 1.0, 0.0], [0.0, 0.0, 0.0, 1.0]], "cam_ids": [0, 1, 2, 3, 4, 5], "cam_channels": ["CAM_FRONT_LEFT", "CAM_FRONT", "CAM_FRONT_RIGHT", "CAM_BACK_LEFT", "CAM_BACK", "CAM_BACK_RIGHT"], "token": "f4f86af4da3b49e79497deda5c5f223a", "scene": "scene-0103"}, {"images": ["samples/CAM_FRONT_LEFT/n008-2018-08-01-15-16-36-0400__CAM_FRONT_LEFT__1533151606504799.jpg", "samples/CAM_FRONT/n008-2018-08-01-15-16-36-0400__CAM_FRONT__1533151606512404.jpg", "samples/CAM_FRONT_RIGHT/n008-2018-08-01-15-16-36-0400__CAM_FRONT_RIGHT__1533151606520482.jpg", "samples/CAM_BACK_LEFT/n008-2018-08-01-15-16-36-0400__CAM_BACK_LEFT__1533151606547405.jpg", "samples/CAM_BACK/n008-2018-08-01-15-16-36-0400__CAM_BACK__1533151606537558.jpg", "samples/CAM_BACK_RIGHT/n008-2018-08-01-15-16-36-0400__CAM_BACK_RIGHT__1533151606528113.jpg"], "intrinsics": [[[1257.8625342125129, 0.0, 827.2410631095686], [0.0, 1257.8625342125129, 450.915498205774], [0.0, 0.0, 1.0]], [[1252.8131021185304, 0.0, 826.588114781398], [0.0, 1252.8131021185304, 469.9846626224581], [0.0, 0.0, 1.0]], [[1256.7485116440405, 0.0, 817.7887570959712], [0.0, 1256.7485116440403, 451.9541780095127], [0.0, 0.0, 1.0]], [[1254.9860565800168, 0.0, 829.5769333630991], [0.0, 1254.9860565800168, 467.1680561863987], [0.0, 0.0, 1.0]], [[796.8910634503094, 0.0, 857.7774326863696], [0.0, 796.8910634503094, 476.8848988407415], [0.0, 0.0, 1.0]], [[1249.9629280788233, 0.0, 825.3768045375984], [0.0, 1249.9629280788233, 462.54816385708756], [0.0, 0.0, 1.0]]], "extrinsics": [[[0.8232206702232361, -0.5662750601768494, -0.04050019010901451, -0.6812744140625], [-0.03004853054881096, 0.027777479961514473, -0.9991623759269714, 1.476470947265625], [0.5669257640838623, 0.8237481117248535, 0.005851258989423513, -1.1114501953125], [0.0, 0.0, 0.0, 1.0]], [[0.011843472719192505, -0.9996355772018433, -0.024258073419332504, 0.0096435546875], [-0.028498340398073196, 0.023912478238344193, -0.9993078112602234, 1.4708633422851562], [0.9995236992835999, 0.012526527978479862, -0.028204744681715965, -1.409088134765625], [0.0, 0.0, 0.0, 1.0]], [[-0.843101441860199, -0.537674069404602, 0.009294850751757622, 0.876068115234375], [-0.020903613418340683, 0.01549668051302433, -0.999661386013031, 1.4877433776855469], [0.5373479723930359, -0.8430103659629822, -0.02430461160838604, -1.140625], [0.0, 0.0, 0.0, 1.0]], [[0.9470272660255432, 0.319247305393219, -0.03493665158748627, -1.1296539306640625], [-0.04755493253469467, 0.03181358426809311, -0.9983618855476379, 1.56134033203125], [-0.31761279702186584, 0.9471372961997986, 0.045310117304325104, -0.16064453125], [0.0, 0.0, 0.0, 1.0]], [[0.008894864469766617, 0.9996877908706665, 0.023347044363617897, -0.0279541015625], [-0.044960375875234604, 0.023724177852272987, -0.9987069964408875, 1.5634498596191406], [-0.9989492297172546, 0.007833657786250114, 0.04515736922621727, -0.05816650390625], [0.0, 0.0, 0.0, 1.0]], [[-0.9236252903938293, 0.38145214319229126, 0.03755557909607887, 0.9881591796875], [-0.04037267714738846, 0.0006179746706038713, -0.9991844892501831, 1.5402755737304688], [-0.3811642527580261, -0.9243884086608887, 0.014829465188086033, -0.11474609375], [0.0, 0.0, 0.0, 1.0]]], "view": [[0.0, -2.0, 100.0], [-2.0, 0.0, 100.0], [0.0, 0.0, 1.0]], "bev": "bev_6832e717621341568c759151b5974512.png", "aux": "aux_6832e717621341568c759151b5974512.npz", "visibility": "visibility_6832e717621341568c759151b5974512.png", "pose": [[0.7911038994789124, 0.6116818189620972, 0.0, 621.4130249023438], [-0.6116818189620972, 0.7911038994789124, 0.0, 1633.525634765625], [0.0, 0.0, 1.0, 0.0], [0.0, 0.0, 0.0, 1.0]], "pose_inverse": [[0.7911038994789124, -0.6116818189620972, 0.0, 507.59564208984375], [0.6116818189620972, 0.7911038994789124, 0.0, -1672.3955078125], [0.0, 0.0, 1.0, 0.0], [0.0, 0.0, 0.0, 1.0]], "cam_ids": [0, 1, 2, 3, 4, 5], "cam_channels": ["CAM_FRONT_LEFT", "CAM_FRONT", "CAM_FRONT_RIGHT", "CAM_BACK_LEFT", "CAM_BACK", "CAM_BACK_RIGHT"], "token": "6832e717621341568c759151b5974512", "scene": "scene-0103"}, {"images": ["samples/CAM_FRONT_LEFT/n008-2018-08-01-15-16-36-0400__CAM_FRONT_LEFT__1533151607007124.jpg", "samples/CAM_FRONT/n008-2018-08-01-15-16-36-0400__CAM_FRONT__1533151607012404.jpg", "samples/CAM_FRONT_RIGHT/n008-2018-08-01-15-16-36-0400__CAM_FRONT_RIGHT__1533151607020482.jpg", "samples/CAM_BACK_LEFT/n008-2018-08-01-15-16-36-0400__CAM_BACK_LEFT__1533151607047405.jpg", "samples/CAM_BACK/n008-2018-08-01-15-16-36-0400__CAM_BACK__1533151607037558.jpg", "samples/CAM_BACK_RIGHT/n008-2018-08-01-15-16-36-0400__CAM_BACK_RIGHT__1533151607028113.jpg"], "intrinsics": [[[1257.8625342125129, 0.0, 827.2410631095686], [0.0, 1257.8625342125129, 450.915498205774], [0.0, 0.0, 1.0]], [[1252.8131021185304, 0.0, 826.588114781398], [0.0, 1252.8131021185304, 469.9846626224581], [0.0, 0.0, 1.0]], [[1256.7485116440405, 0.0, 817.7887570959712], [0.0, 1256.7485116440403, 451.9541780095127], [0.0, 0.0, 1.0]], [[1254.9860565800168, 0.0, 829.5769333630991], [0.0, 1254.9860565800168, 467.1680561863987], [0.0, 0.0, 1.0]], [[796.8910634503094, 0.0, 857.7774326863696], [0.0, 796.8910634503094, 476.8848988407415], [0.0, 0.0, 1.0]], [[1249.9629280788233, 0.0, 825.3768045375984], [0.0, 1249.9629280788233, 462.54816385708756], [0.0, 0.0, 1.0]]], "extrinsics": [[[0.8231207132339478, -0.5668286681175232, -0.0343148298561573, -0.6900634765625], [-0.02095559984445572, 0.03006690926849842, -0.9993281364440918, 1.480194091796875], [0.5674795508384705, 0.8232868909835815, 0.012870464473962784, -1.122314453125], [0.0, 0.0, 0.0, 1.0]], [[0.011408047750592232, -0.9995930790901184, -0.026141492649912834, 0.013671875], [-0.018860727548599243, 0.025923438370227814, -0.999485969543457, 1.4737777709960938], [0.9997570514678955, 0.011895225383341312, -0.018557317554950714, -1.40252685546875], [0.0, 0.0, 0.0, 1.0]], [[-0.843506932258606, -0.5371180176734924, -0.00027147142100147903, 0.873504638671875], [-0.010626021772623062, 0.017192751169204712, -0.9997957348823547, 1.4902458190917969], [0.537013053894043, -0.8433318734169006, -0.02020963840186596, -1.1348876953125], [0.0, 0.0, 0.0, 1.0]], [[0.9474874138832092, 0.31896570324897766, -0.022984642535448074, -1.130746841430664], [-0.03501175343990326, 0.03202363848686218, -0.9988737106323242, 1.561553955078125], [-0.31787043809890747, 0.947225034236908, 0.04150955006480217, -0.1607666015625], [0.0, 0.0, 0.0, 1.0]], [[0.00907412264496088, 0.9996635913848877, 0.024297984316945076, -0.0294189453125], [-0.033264901489019394, 0.02458731085062027, -0.9991440773010254, 1.5645713806152344], [-0.9994053244590759, 0.008258117362856865, 0.033476822078228, -0.05963134765625], [0.0, 0.0, 0.0, 1.0]], [[-0.9237653017044067, 0.3819396197795868, 0.027920646592974663, 0.9837646484375], [-0.029383443295955658, 0.002003265079110861, -0.9995661973953247, 1.5422210693359375], [-0.3818298876285553, -0.924185037612915, 0.009372157044708729, -0.11376953125], [0.0, 0.0, 0.0, 1.0]]], "view": [[0.0, -2.0, 100.0], [-2.0, 0.0, 100.0], [0.0, 0.0, 1.0]], "bev": "bev_c59e60042a8643e899008da2e446acca.png", "aux": "aux_c59e60042a8643e899008da2e446acca.npz", "visibility": "visibility_c59e60042a8643e899008da2e446acca.png", "pose": [[0.7784940004348755, 0.6276519894599915, 0.0, 624.9032592773438], [-0.6276519894599915, 0.7784940004348755, 0.0, 1630.734375], [0.0, 0.0, 1.0, 0.0], [0.0, 0.0, 0.0, 1.0]], "pose_inverse": [[0.7784940004348755, -0.6276519894599915, 0.0, 537.05029296875], [0.6276519894599915, 0.7784940004348755, 0.0, -1661.73876953125], [0.0, 0.0, 1.0, 0.0], [0.0, 0.0, 0.0, 1.0]], "cam_ids": [0, 1, 2, 3, 4, 5], "cam_channels": ["CAM_FRONT_LEFT", "CAM_FRONT", "CAM_FRONT_RIGHT", "CAM_BACK_LEFT", "CAM_BACK", "CAM_BACK_RIGHT"], "token": "c59e60042a8643e899008da2e446acca", "scene": "scene-0103"}, {"images": ["samples/CAM_FRONT_LEFT/n008-2018-08-01-15-16-36-0400__CAM_FRONT_LEFT__1533151607504799.jpg", "samples/CAM_FRONT/n008-2018-08-01-15-16-36-0400__CAM_FRONT__1533151607512404.jpg", "samples/CAM_FRONT_RIGHT/n008-2018-08-01-15-16-36-0400__CAM_FRONT_RIGHT__1533151607520482.jpg", "samples/CAM_BACK_LEFT/n008-2018-08-01-15-16-36-0400__CAM_BACK_LEFT__1533151607547405.jpg", "samples/CAM_BACK/n008-2018-08-01-15-16-36-0400__CAM_BACK__1533151607537558.jpg", "samples/CAM_BACK_RIGHT/n008-2018-08-01-15-16-36-0400__CAM_BACK_RIGHT__1533151607528113.jpg"], "intrinsics": [[[1257.8625342125129, 0.0, 827.2410631095686], [0.0, 1257.8625342125129, 450.915498205774], [0.0, 0.0, 1.0]], [[1252.8131021185304, 0.0, 826.588114781398], [0.0, 1252.8131021185304, 469.9846626224581], [0.0, 0.0, 1.0]], [[1256.7485116440405, 0.0, 817.7887570959712], [0.0, 1256.7485116440403, 451.9541780095127], [0.0, 0.0, 1.0]], [[1254.9860565800168, 0.0, 829.5769333630991], [0.0, 1254.9860565800168, 467.1680561863987], [0.0, 0.0, 1.0]], [[796.8910634503094, 0.0, 857.7774326863696], [0.0, 796.8910634503094, 476.8848988407415], [0.0, 0.0, 1.0]], [[1249.9629280788233, 0.0, 825.3768045375984], [0.0, 1249.9629280788233, 462.54816385708756], [0.0, 0.0, 1.0]]], "extrinsics": [[[0.8229719400405884, -0.5679863691329956, -0.010433725081384182, -0.67578125], [0.00043795857345685363, 0.019000928848981857, -0.9998193383216858, 1.4883918762207031], [0.5680820345878601, 0.8228186368942261, 0.015885982662439346, -1.11083984375], [0.0, 0.0, 0.0, 1.0]], [[0.010668295435607433, -0.9998359680175781, -0.01463262364268303, 0.0118408203125], [0.00263125984929502, 0.014661475084722042, -0.999889075756073, 1.4809894561767578], [0.9999396204948425, 0.010628575459122658, 0.0027872410137206316, -1.40521240234375], [0.0, 0.0, 0.0, 1.0]], [[-0.8439503908157349, -0.5362805724143982, -0.012276219204068184, 0.8746337890625], [0.010903546586632729, 0.005730645731091499, -0.9999241232872009, 1.4958659410476685], [0.5363102555274963, -0.8440203666687012, 0.001010978827252984, -1.13818359375], [0.0, 0.0, 0.0, 1.0]], [[0.9478783011436462, 0.31857168674468994, -0.006236835848540068, -1.1312968730926514], [-0.013375531882047653, 0.020225821062922478, -0.999705970287323, 1.5618667602539062], [-0.3183518946170807, 0.9476829767227173, 0.02343268133699894, -0.16015625], [0.0, 0.0, 0.0, 1.0]], [[0.009191224351525307, 0.9998754858970642, 0.012825358659029007, -0.0284423828125], [-0.011657623574137688, 0.012932172045111656, -0.9998484253883362, 1.5668601989746094], [-0.9998898506164551, 0.009040402248501778, 0.011775035411119461, -0.05804443359375], [0.0, 0.0, 0.0, 1.0]], [[-0.9237884283065796, 0.38288652896881104, 0.0035992111079394817, 0.986572265625], [-0.007854145020246506, -0.009550170041620731, -0.9999235272407532, 1.5463457107543945], [-0.3828228712081909, -0.9237459897994995, 0.01182958111166954, -0.114501953125], [0.0, 0.0, 0.0, 1.0]]], "view": [[0.0, -2.0, 100.0], [-2.0, 0.0, 100.0], [0.0, 0.0, 1.0]], "bev": "bev_fa65a298c01f44e7a182bbf9e5fe3697.png", "aux": "aux_fa65a298c01f44e7a182bbf9e5fe3697.npz", "visibility": "visibility_fa65a298c01f44e7a182bbf9e5fe3697.png", "pose": [[0.7704561352729797, 0.6374930143356323, 0.0, 628.3430786132812], [-0.6374930143356323, 0.7704561352729797, 0.0, 1627.8682861328125], [0.0, 0.0, 1.0, 0.0], [0.0, 0.0, 0.0, 1.0]], "pose_inverse": [[0.7704561352729797, -0.6374930143356323, 0.0, 553.6438598632812], [0.6374930143356323, 0.7704561352729797, 0.0, -1654.765380859375], [0.0, 0.0, 1.0, 0.0], [0.0, 0.0, 0.0, 1.0]], "cam_ids": [0, 1, 2, 3, 4, 5], "cam_channels": ["CAM_FRONT_LEFT", "CAM_FRONT", "CAM_FRONT_RIGHT", "CAM_BACK_LEFT", "CAM_BACK", "CAM_BACK_RIGHT"], "token": "fa65a298c01f44e7a182bbf9e5fe3697", "scene": "scene-0103"}, {"images": ["samples/CAM_FRONT_LEFT/n008-2018-08-01-15-16-36-0400__CAM_FRONT_LEFT__1533151608004799.jpg", "samples/CAM_FRONT/n008-2018-08-01-15-16-36-0400__CAM_FRONT__1533151608012404.jpg", "samples/CAM_FRONT_RIGHT/n008-2018-08-01-15-16-36-0400__CAM_FRONT_RIGHT__1533151608020482.jpg", "samples/CAM_BACK_LEFT/n008-2018-08-01-15-16-36-0400__CAM_BACK_LEFT__1533151608047405.jpg", "samples/CAM_BACK/n008-2018-08-01-15-16-36-0400__CAM_BACK__1533151608037558.jpg", "samples/CAM_BACK_RIGHT/n008-2018-08-01-15-16-36-0400__CAM_BACK_RIGHT__1533151608028113.jpg"], "intrinsics": [[[1257.8625342125129, 0.0, 827.2410631095686], [0.0, 1257.8625342125129, 450.915498205774], [0.0, 0.0, 1.0]], [[1252.8131021185304, 0.0, 826.588114781398], [0.0, 1252.8131021185304, 469.9846626224581], [0.0, 0.0, 1.0]], [[1256.7485116440405, 0.0, 817.7887570959712], [0.0, 1256.7485116440403, 451.9541780095127], [0.0, 0.0, 1.0]], [[1254.9860565800168, 0.0, 829.5769333630991], [0.0, 1254.9860565800168, 467.1680561863987], [0.0, 0.0, 1.0]], [[796.8910634503094, 0.0, 857.7774326863696], [0.0, 796.8910634503094, 476.8848988407415], [0.0, 0.0, 1.0]], [[1249.9629280788233, 0.0, 825.3768045375984], [0.0, 1249.9629280788233, 462.54816385708756], [0.0, 0.0, 1.0]]], "extrinsics": [[[0.8231223821640015, -0.5678609013557434, -0.0018720226362347603, -0.677001953125], [0.005950071848928928, 0.011921043507754803, -0.9999111890792847, 1.4905147552490234], [0.5678328275680542, 0.8230382204055786, 0.013191291131079197, -1.1185302734375], [0.0, 0.0, 0.0, 1.0]], [[0.01106994692236185, -0.999910831451416, -0.0074668386951088905, 0.0167236328125], [0.007983068004250526, 0.00755543215200305, -0.9999396204948425, 1.4826860427856445], [0.9999068379402161, 0.011009625159204006, 0.008065995760262012, -1.41162109375], [0.0, 0.0, 0.0, 1.0]], [[-0.8436587452888489, -0.5367266535758972, -0.012823646888136864, 0.882843017578125], [0.016088547185063362, -0.0013997249770909548, -0.9998695850372314, 1.4971046447753906], [0.5366386771202087, -0.8437550067901611, 0.009816042147576809, -1.13818359375], [0.0, 0.0, 0.0, 1.0]], [[0.9478228688240051, 0.3187643885612488, -0.004567326977849007, -1.1374456882476807], [-0.009178532287478447, 0.012965288944542408, -0.9998738169670105, 1.5619697570800781], [-0.3186650276184082, 0.9477453231811523, 0.015214589424431324, -0.158935546875], [0.0, 0.0, 0.0, 1.0]], [[0.00899019930511713, 0.9999440908432007, 0.005575318355113268, -0.0301513671875], [-0.007054382003843784, 0.005638827104121447, -0.9999591708183289, 1.567373275756836], [-0.999934732913971, 0.008950473740696907, 0.007104681804776192, -0.0516357421875], [0.0, 0.0, 0.0, 1.0]], [[-0.9239044189453125, 0.3826046586036682, -0.00375597202219069, 0.991455078125], [-0.002874920843169093, -0.016757721081376076, -0.9998554587364197, 1.54736328125], [-0.38261228799819946, -0.923760175704956, 0.016582492738962173, -0.1090087890625], [0.0, 0.0, 0.0, 1.0]]], "view": [[0.0, -2.0, 100.0], [-2.0, 0.0, 100.0], [0.0, 0.0, 1.0]], "bev": "bev_a98fba72bde9433fb882032d18aedb2e.png", "aux": "aux_a98fba72bde9433fb882032d18aedb2e.npz", "visibility": "visibility_a98fba72bde9433fb882032d18aedb2e.png", "pose": [[0.7673940062522888, 0.6411758065223694, 0.0, 631.76953125], [-0.6411758065223694, 0.7673940062522888, 0.0, 1624.9664306640625], [0.0, 0.0, 1.0, 0.0], [0.0, 0.0, 0.0, 1.0]], "pose_inverse": [[0.7673940062522888, -0.6411758065223694, 0.0, 557.072998046875], [0.6411758065223694, 0.7673940062522888, 0.0, -1652.0648193359375], [0.0, 0.0, 1.0, 0.0], [0.0, 0.0, 0.0, 1.0]], "cam_ids": [0, 1, 2, 3, 4, 5], "cam_channels": ["CAM_FRONT_LEFT", "CAM_FRONT", "CAM_FRONT_RIGHT", "CAM_BACK_LEFT", "CAM_BACK", "CAM_BACK_RIGHT"], "token": "a98fba72bde9433fb882032d18aedb2e", "scene": "scene-0103"}, {"images": ["samples/CAM_FRONT_LEFT/n008-2018-08-01-15-16-36-0400__CAM_FRONT_LEFT__1533151608504799.jpg", "samples/CAM_FRONT/n008-2018-08-01-15-16-36-0400__CAM_FRONT__1533151608512404.jpg", "samples/CAM_FRONT_RIGHT/n008-2018-08-01-15-16-36-0400__CAM_FRONT_RIGHT__1533151608520482.jpg", "samples/CAM_BACK_LEFT/n008-2018-08-01-15-16-36-0400__CAM_BACK_LEFT__1533151608547405.jpg", "samples/CAM_BACK/n008-2018-08-01-15-16-36-0400__CAM_BACK__1533151608537558.jpg", "samples/CAM_BACK_RIGHT/n008-2018-08-01-15-16-36-0400__CAM_BACK_RIGHT__1533151608528113.jpg"], "intrinsics": [[[1257.8625342125129, 0.0, 827.2410631095686], [0.0, 1257.8625342125129, 450.915498205774], [0.0, 0.0, 1.0]], [[1252.8131021185304, 0.0, 826.588114781398], [0.0, 1252.8131021185304, 469.9846626224581], [0.0, 0.0, 1.0]], [[1256.7485116440405, 0.0, 817.7887570959712], [0.0, 1256.7485116440403, 451.9541780095127], [0.0, 0.0, 1.0]], [[1254.9860565800168, 0.0, 829.5769333630991], [0.0, 1254.9860565800168, 467.1680561863987], [0.0, 0.0, 1.0]], [[796.8910634503094, 0.0, 857.7774326863696], [0.0, 796.8910634503094, 476.8848988407415], [0.0, 0.0, 1.0]], [[1249.9629280788233, 0.0, 825.3768045375984], [0.0, 1249.9629280788233, 462.54816385708756], [0.0, 0.0, 1.0]]], "extrinsics": [[[0.8219906687736511, -0.5693458914756775, -0.013292121700942516, -0.6961669921875], [-0.003565532620996237, 0.018194573000073433, -0.9998281002044678, 1.486948013305664], [0.5694897770881653, 0.8218967318534851, 0.012925747781991959, -1.1199951171875], [0.0, 0.0, 0.0, 1.0]], [[0.009468896314501762, -0.9998515248298645, -0.014394860714673996, 0.0086669921875], [-0.0011857616482302547, 0.014384269714355469, -0.9998958110809326, 1.4797935485839844], [0.9999544620513916, 0.009484993293881416, -0.0010493824956938624, -1.4256591796875], [0.0, 0.0, 0.0, 1.0]], [[-0.8443627953529358, -0.5356898307800293, -0.009374715387821198, 0.8892822265625], [0.00728705944493413, 0.006013508420437574, -0.9999553561210632, 1.494809627532959], [0.5357222557067871, -0.8443934321403503, -0.0011739793699234724, -1.1494140625], [0.0, 0.0, 0.0, 1.0]], [[0.9477877020835876, 0.3187713325023651, -0.009127985686063766, -1.1369524002075195], [-0.017104558646678925, 0.0222325436770916, -0.9996064901351929, 1.561920166015625], [-0.3184429407119751, 0.9475708603858948, 0.026524173095822334, -0.158447265625], [0.0, 0.0, 0.0, 1.0]], [[0.009503038600087166, 0.9998544454574585, 0.014169425703585148, -0.0281982421875], [-0.015304665081202984, 0.014313839375972748, -0.9997804164886475, 1.5666732788085938], [-0.9998378157615662, 0.00