[{"images": ["samples/CAM_FRONT_LEFT/n008-2018-08-30-15-31-50-0400__CAM_FRONT_LEFT__1535657812004799.jpg", "samples/CAM_FRONT/n008-2018-08-30-15-31-50-0400__CAM_FRONT__1535657812012404.jpg", "samples/CAM_FRONT_RIGHT/n008-2018-08-30-15-31-50-0400__CAM_FRONT_RIGHT__1535657812020482.jpg", "samples/CAM_BACK_LEFT/n008-2018-08-30-15-31-50-0400__CAM_BACK_LEFT__1535657812047415.jpg", "samples/CAM_BACK/n008-2018-08-30-15-31-50-0400__CAM_BACK__1535657812037558.jpg", "samples/CAM_BACK_RIGHT/n008-2018-08-30-15-31-50-0400__CAM_BACK_RIGHT__1535657812028113.jpg"], "intrinsics": [[[1257.8625342125129, 0.0, 827.2410631095686], [0.0, 1257.8625342125129, 450.915498205774], [0.0, 0.0, 1.0]], [[1252.8131021185304, 0.0, 826.588114781398], [0.0, 1252.8131021185304, 469.9846626224581], [0.0, 0.0, 1.0]], [[1256.7485116440405, 0.0, 817.7887570959712], [0.0, 1256.7485116440403, 451.9541780095127], [0.0, 0.0, 1.0]], [[1254.9860565800168, 0.0, 829.5769333630991], [0.0, 1254.9860565800168, 467.1680561863987], [0.0, 0.0, 1.0]], [[796.8910634503094, 0.0, 857.7774326863696], [0.0, 796.8910634503094, 476.8848988407415], [0.0, 0.0, 1.0]], [[1249.9629280788233, 0.0, 825.3768045375984], [0.0, 1249.9629280788233, 462.54816385708756], [0.0, 0.0, 1.0]]], "extrinsics": [[[0.822540819644928, -0.5686933994293213, 0.0038137242663651705, -0.968017578125], [0.01877746731042862, 0.020455624908208847, -0.999614417552948, 1.4891281127929688], [0.5683960914611816, 0.8222952485084534, 0.02750420570373535, -1.30810546875], [0.0, 0.0, 0.0, 1.0]], [[0.010425008833408356, -0.9998156428337097, -0.016126105561852455, 0.00604248046875], [0.02073228918015957, 0.016339635476469994, -0.9996515512466431, 1.4809417724609375], [0.9997307062149048, 0.010087097063660622, 0.020898805931210518, -1.6971435546875], [0.0, 0.0, 0.0, 1.0]], [[-0.8437119722366333, -0.5360460877418518, -0.02837013080716133, 1.0653076171875], [0.028752710670232773, 0.007645922712981701, -0.9995573163032532, 1.4939346313476562], [0.5360257029533386, -0.8441541194915771, 0.008961820974946022, -1.2613525390625], [0.0, 0.0, 0.0, 1.0]], [[0.947839081287384, 0.3185786306858063, 0.010433033108711243, -1.1414794921875], [0.0033193151466548443, 0.022864283993840218, -0.9997330904006958, 1.562056064605713], [-0.3187321722507477, 0.9476206302642822, 0.020614199340343475, -0.15704345703125], [0.0, 0.0, 0.0, 1.0]], [[0.00907174777239561, 0.9998408555984497, 0.015364499762654305, -0.028778076171875], [0.005473005585372448, 0.015315257012844086, -0.9998677372932434, 1.568129539489746], [-0.9999439716339111, 0.009154576808214188, -0.005333199631422758, 0.0313720703125], [0.0, 0.0, 0.0, 1.0]], [[-0.9236469268798828, 0.38306307792663574, -0.01178550161421299, 1.14013671875], [0.009683613665401936, -0.007414927706122398, -0.9999256134033203, 1.5480289459228516], [-0.38312196731567383, -0.9236924052238464, 0.003139341250061989, -0.052154541015625], [0.0, 0.0, 0.0, 1.0]]], "view": [[0.0, -2.0, 100.0], [-2.0, 0.0, 100.0], [0.0, 0.0, 1.0]], "bev": "bev_9699d6a8d9384f8885e8c5318bc621ab.png", "aux": "aux_9699d6a8d9384f8885e8c5318bc621ab.npz", "visibility": "visibility_9699d6a8d9384f8885e8c5318bc621ab.png", "pose": [[0.6527477502822876, -0.7575753331184387, 0.0, 1264.1553955078125], [0.7575753331184387, 0.6527477502822876, 0.0, 1013.8778686523438], [0.0, 0.0, 1.0, 0.0], [0.0, 0.0, 0.0, 1.0]], "pose_inverse": [[0.6527477502822876, 0.7575753331184387, 0.0, -1593.263427734375], [-0.7575753331184387, 0.6527477502822876, 0.0, 295.886474609375], [0.0, 0.0, 1.0, 0.0], [0.0, 0.0, 0.0, 1.0]], "cam_ids": [0, 1, 2, 3, 4, 5], "cam_channels": ["CAM_FRONT_LEFT", "CAM_FRONT", "CAM_FRONT_RIGHT", "CAM_BACK_LEFT", "CAM_BACK", "CAM_BACK_RIGHT"], "token": "9699d6a8d9384f8885e8c5318bc621ab", "scene": "scene-0782"}, {"images": ["samples/CAM_FRONT_LEFT/n008-2018-08-30-15-31-50-0400__CAM_FRONT_LEFT__1535657812404799.jpg", "samples/CAM_FRONT/n008-2018-08-30-15-31-50-0400__CAM_FRONT__1535657812412404.jpg", "samples/CAM_FRONT_RIGHT/n008-2018-08-30-15-31-50-0400__CAM_FRONT_RIGHT__1535657812420482.jpg", "samples/CAM_BACK_LEFT/n008-2018-08-30-15-31-50-0400__CAM_BACK_LEFT__1535657812447405.jpg", "samples/CAM_BACK/n008-2018-08-30-15-31-50-0400__CAM_BACK__1535657812437558.jpg", "samples/CAM_BACK_RIGHT/n008-2018-08-30-15-31-50-0400__CAM_BACK_RIGHT__1535657812428113.jpg"], "intrinsics": [[[1257.8625342125129, 0.0, 827.2410631095686], [0.0, 1257.8625342125129, 450.915498205774], [0.0, 0.0, 1.0]], [[1252.8131021185304, 0.0, 826.588114781398], [0.0, 1252.8131021185304, 469.9846626224581], [0.0, 0.0, 1.0]], [[1256.7485116440405, 0.0, 817.7887570959712], [0.0, 1256.7485116440403, 451.9541780095127], [0.0, 0.0, 1.0]], [[1254.9860565800168, 0.0, 829.5769333630991], [0.0, 1254.9860565800168, 467.1680561863987], [0.0, 0.0, 1.0]], [[796.8910634503094, 0.0, 857.7774326863696], [0.0, 796.8910634503094, 476.8848988407415], [0.0, 0.0, 1.0]], [[1249.9629280788233, 0.0, 825.3768045375984], [0.0, 1249.9629280788233, 462.54816385708756], [0.0, 0.0, 1.0]]], "extrinsics": [[[0.8225829601287842, -0.5686430931091309, 0.0015015688259154558, -0.956298828125], [0.01644984632730484, 0.02115621045231819, -0.9996408224105835, 1.4892539978027344], [0.5684071183204651, 0.8223122954368591, 0.026756828650832176, -1.30029296875], [0.0, 0.0, 0.0, 1.0]], [[0.01043845433741808, -0.999803364276886, -0.016865050420165062, 0.00640869140625], [0.018363775685429573, 0.01705479808151722, -0.9996859431266785, 1.4810543060302734], [0.9997768998146057, 0.010125432163476944, 0.018538186326622963, -1.685791015625], [0.0, 0.0, 0.0, 1.0]], [[-0.8437564373016357, -0.5360604524612427, -0.026726122945547104, 1.0584716796875], [0.026341136544942856, 0.008376676589250565, -0.999617874622345, 1.49407958984375], [0.5360795259475708, -0.8441380262374878, 0.007052566856145859, -1.2567138671875], [0.0, 0.0, 0.0, 1.0]], [[0.9478545784950256, 0.3185970187187195, 0.008230102248489857, -1.1407470703125], [0.0007638360257260501, 0.02355267107486725, -0.9997223019599915, 1.5620455741882324], [-0.3187023997306824, 0.9475976228713989, 0.022081149742007256, -0.15716552734375], [0.0, 0.0, 0.0, 1.0]], [[0.009080646559596062, 0.9998300075531006, 0.016049904748797417, -0.02886962890625], [0.0029511325992643833, 0.016023701056838036, -0.9998672008514404, 1.5681071281433105], [-0.9999544024467468, 0.009126796387135983, -0.002805124968290329, 0.0283203125], [0.0, 0.0, 0.0, 1.0]], [[-0.9236863851547241, 0.3830379247665405, -0.009241423569619656, 1.1343994140625], [0.007231857627630234, -0.006686042528599501, -0.9999514818191528, 1.5480194091796875], [-0.38308101892471313, -0.9237083792686462, 0.0034057311713695526, -0.05419921875], [0.0, 0.0, 0.0, 1.0]]], "view": [[0.0, -2.0, 100.0], [-2.0, 0.0, 100.0], [0.0, 0.0, 1.0]], "bev": "bev_39fdd398931740ba9d8160de0f3118df.png", "aux": "aux_39fdd398931740ba9d8160de0f3118df.npz", "visibility": "visibility_39fdd398931740ba9d8160de0f3118df.png", "pose": [[0.6530907154083252, -0.7572796940803528, 0.0, 1264.4700927734375], [0.7572796940803528, 0.6530907154083252, 0.0, 1014.2377319335938], [0.0, 0.0, 1.0, 0.0], [0.0, 0.0, 0.0, 1.0]], "pose_inverse": [[0.6530907154083252, 0.7572796940803528, 0.0, -1593.8753662109375], [-0.7572796940803528, 0.6530907154083252, 0.0, 295.1682434082031], [0.0, 0.0, 1.0, 0.0], [0.0, 0.0, 0.0, 1.0]], "cam_ids": [0, 1, 2, 3, 4, 5], "cam_channels": ["CAM_FRONT_LEFT", "CAM_FRONT", "CAM_FRONT_RIGHT", "CAM_BACK_LEFT", "CAM_BACK", "CAM_BACK_RIGHT"], "token": "39fdd398931740ba9d8160de0f3118df", "scene": "scene-0782"}, {"images": ["samples/CAM_FRONT_LEFT/n008-2018-08-30-15-31-50-0400__CAM_FRONT_LEFT__1535657812904799.jpg", "samples/CAM_FRONT/n008-2018-08-30-15-31-50-0400__CAM_FRONT__1535657812912404.jpg", "samples/CAM_FRONT_RIGHT/n008-2018-08-30-15-31-50-0400__CAM_FRONT_RIGHT__1535657812920491.jpg", "samples/CAM_BACK_LEFT/n008-2018-08-30-15-31-50-0400__CAM_BACK_LEFT__1535657812947405.jpg", "samples/CAM_BACK/n008-2018-08-30-15-31-50-0400__CAM_BACK__1535657812937558.jpg", "samples/CAM_BACK_RIGHT/n008-2018-08-30-15-31-50-0400__CAM_BACK_RIGHT__1535657812928113.jpg"], "intrinsics": [[[1257.8625342125129, 0.0, 827.2410631095686], [0.0, 1257.8625342125129, 450.915498205774], [0.0, 0.0, 1.0]], [[1252.8131021185304, 0.0, 826.588114781398], [0.0, 1252.8131021185304, 469.9846626224581], [0.0, 0.0, 1.0]], [[1256.7485116440405, 0.0, 817.7887570959712], [0.0, 1256.7485116440403, 451.9541780095127], [0.0, 0.0, 1.0]], [[1254.9860565800168, 0.0, 829.5769333630991], [0.0, 1254.9860565800168, 467.1680561863987], [0.0, 0.0, 1.0]], [[796.8910634503094, 0.0, 857.7774326863696], [0.0, 796.8910634503094, 476.8848988407415], [0.0, 0.0, 1.0]], [[1249.9629280788233, 0.0, 825.3768045375984], [0.0, 1249.9629280788233, 462.54816385708756], [0.0, 0.0, 1.0]]], "extrinsics": [[[0.822598397731781, -0.5686225891113281, -0.0003510752285365015, -0.9539794921875], [0.014307267963886261, 0.02131483145058155, -0.9996704459190369, 1.4891681671142578], [0.5684428215026855, 0.8223223090171814, 0.025668982416391373, -1.298583984375], [0.0, 0.0, 0.0, 1.0]], [[0.010426283814013004, -0.9998005032539368, -0.017032988369464874, 0.00634765625], [0.01624053157866001, 0.017200980335474014, -0.9997201561927795, 1.4809932708740234], [0.9998137354850769, 0.010146671906113625, 0.016416633501648903, -1.683349609375], [0.0, 0.0, 0.0, 1.0]], [[-0.8437986969947815, -0.5360761284828186, -0.02502274699509144, 1.056640625], [0.02423872798681259, 0.00850976724177599, -0.9996699690818787, 1.4940528869628906], [0.5361121296882629, -0.8441267609596252, 0.005813271272927523, -1.2554931640625], [0.0, 0.0, 0.0, 1.0]], [[0.9478635787963867, 0.3186126947402954, 0.006374982185661793, -1.14013671875], [-0.0012264534598216414, 0.02365160919725895, -0.999719500541687, 1.5620393753051758], [-0.31867414712905884, 0.9475898742675781, 0.022809261456131935, -0.15728759765625], [0.0, 0.0, 0.0, 1.0]], [[0.00909519474953413, 0.9998282790184021, 0.01614851877093315, -0.028961181640625], [0.0009390293853357434, 0.016140637919306755, -0.9998692870140076, 1.5680768489837646], [-0.9999582767486572, 0.009109173901379108, -0.0007920648786239326, 0.02685546875], [0.0, 0.0, 0.0, 1.0]], [[-0.923711359500885, 0.3830198645591736, -0.007276800461113453, 1.1328125], [0.0051585035398602486, -0.006557305809110403, -0.9999651908874512, 1.5479679107666016], [-0.38305428624153137, -0.9237167835235596, 0.004081248305737972, -0.0550537109375], [0.0, 0.0, 0.0, 1.0]]], "view": [[0.0, -2.0, 100.0], [-2.0, 0.0, 100.0], [0.0, 0.0, 1.0]], "bev": "bev_6d1abf2d329c483d923683764e9df8b5.png", "aux": "aux_6d1abf2d329c483d923683764e9df8b5.npz", "visibility": "visibility_6d1abf2d329c483d923683764e9df8b5.png", "pose": [[0.6537481546401978, -0.7567121982574463, 0.0, 1264.9100341796875], [0.7567121982574463, 0.6537481546401978, 0.0, 1014.7412719726562], [0.0, 0.0, 1.0, 0.0], [0.0, 0.0, 0.0, 1.0]], "pose_inverse": [[0.6537481546401978, 0.7567121982574463, 0.0, -1594.7996826171875], [-0.7567121982574463, 0.6537481546401978, 0.0, 293.7876892089844], [0.0, 0.0, 1.0, 0.0], [0.0, 0.0, 0.0, 1.0]], "cam_ids": [0, 1, 2, 3, 4, 5], "cam_channels": ["CAM_FRONT_LEFT", "CAM_FRONT", "CAM_FRONT_RIGHT", "CAM_BACK_LEFT", "CAM_BACK", "CAM_BACK_RIGHT"], "token": "6d1abf2d329c483d923683764e9df8b5", "scene": "scene-0782"}, {"images": ["samples/CAM_FRONT_LEFT/n008-2018-08-30-15-31-50-0400__CAM_FRONT_LEFT__1535657813404799.jpg", "samples/CAM_FRONT/n008-2018-08-30-15-31-50-0400__CAM_FRONT__1535657813412404.jpg", "samples/CAM_FRONT_RIGHT/n008-2018-08-30-15-31-50-0400__CAM_FRONT_RIGHT__1535657813420482.jpg", "samples/CAM_BACK_LEFT/n008-2018-08-30-15-31-50-0400__CAM_BACK_LEFT__1535657813447405.jpg", "samples/CAM_BACK/n008-2018-08-30-15-31-50-0400__CAM_BACK__1535657813437558.jpg", "samples/CAM_BACK_RIGHT/n008-2018-08-30-15-31-50-0400__CAM_BACK_RIGHT__1535657813428113.jpg"], "intrinsics": [[[1257.8625342125129, 0.0, 827.2410631095686], [0.0, 1257.8625342125129, 450.915498205774], [0.0, 0.0, 1.0]], [[1252.8131021185304, 0.0, 826.588114781398], [0.0, 1252.8131021185304, 469.9846626224581], [0.0, 0.0, 1.0]], [[1256.7485116440405, 0.0, 817.7887570959712], [0.0, 1256.7485116440403, 451.9541780095127], [0.0, 0.0, 1.0]], [[1254.9860565800168, 0.0, 829.5769333630991], [0.0, 1254.9860565800168, 467.1680561863987], [0.0, 0.0, 1.0]], [[796.8910634503094, 0.0, 857.7774326863696], [0.0, 796.8910634503094, 476.8848988407415], [0.0, 0.0, 1.0]], [[1249.9629280788233, 0.0, 825.3768045375984], [0.0, 1249.9629280788233, 462.54816385708756], [0.0, 0.0, 1.0]]], "extrinsics": [[[0.8226041793823242, -0.5686135292053223, -0.0009744972339831293, -0.9588623046875], [0.013651829212903976, 0.021463144570589066, -0.9996764063835144, 1.489044189453125], [0.5684504508972168, 0.8223247528076172, 0.02541828714311123, -1.3021240234375], [0.0, 0.0, 0.0, 1.0]], [[0.010421416722238064, -0.9997978210449219, -0.01719585806131363, 0.0062255859375], [0.015610773116350174, 0.017357369884848595, -0.9997274875640869, 1.4808826446533203], [0.999823808670044, 0.010150158777832985, 0.015788504853844643, -1.6885986328125], [0.0, 0.0, 0.0, 1.0]], [[-0.8438133597373962, -0.5360725522041321, -0.024602683261036873, 1.0601806640625], [0.023636290803551674, 0.00867469608783722, -0.9996829628944397, 1.4939231872558594], [0.5361160039901733, -0.844127357006073, 0.00535094179213047, -1.2578125], [0.0, 0.0, 0.0, 1.0]], [[0.9478663802146912, 0.3186119496822357, 0.005976004991680384, -1.1412353515625], [-0.00172843923792243, 0.023893069475889206, -0.9997130036354065, 1.5620393753051758], [-0.3186633884906769, 0.9475840926170349, 0.023198140785098076, -0.156982421875], [0.0, 0.0, 0.0, 1.0]], [[0.009102266281843185, 0.9998248219490051, 0.016355983912944794, -0.02886962890625], [0.00040669768350198865, 0.016352958977222443, -0.9998661875724792, 1.5680646896362305], [-0.9999585151672363, 0.00910769309848547, -0.00025777798146009445, 0.029296875], [0.0, 0.0, 0.0, 1.0]], [[-0.9237154126167297, 0.38302093744277954, -0.0066796098835766315, 1.135986328125], [0.004587853793054819, -0.006374411750584841, -0.9999691247940063, 1.5479369163513184], [-0.38305169343948364, -0.9237176775932312, 0.004130898509174585, -0.05364990234375], [0.0, 0.0, 0.0, 1.0]]], "view": [[0.0, -2.0, 100.0], [-2.0, 0.0, 100.0], [0.0, 0.0, 1.0]], "bev": "bev_1a5cd249cb344a37bc3f7de96dc808b1.png", "aux": "aux_1a5cd249cb344a37bc3f7de96dc808b1.npz", "visibility": "visibility_1a5cd249cb344a37bc3f7de96dc808b1.png", "pose": [[0.654478132724762, -0.7560809254646301, 0.0, 1265.323486328125], [0.7560809254646301, 0.654478132724762, 0.0, 1015.214111328125], [0.0, 0.0, 1.0, 0.0], [0.0, 0.0, 0.0, 1.0]], "pose_inverse": [[0.654478132724762, 0.7560809254646301, 0.0, -1595.7105712890625], [-0.7560809254646301, 0.654478132724762, 0.0, 292.2514953613281], [0.0, 0.0, 1.0, 0.0], [0.0, 0.0, 0.0, 1.0]], "cam_ids": [0, 1, 2, 3, 4, 5], "cam_channels": ["CAM_FRONT_LEFT", "CAM_FRONT", "CAM_FRONT_RIGHT", "CAM_BACK_LEFT", "CAM_BACK", "CAM_BACK_RIGHT"], "token": "1a5cd249cb344a37bc3f7de96dc808b1", "scene": "scene-0782"}, {"images": ["samples/CAM_FRONT_LEFT/n008-2018-08-30-15-31-50-0400__CAM_FRONT_LEFT__1535657813904799.jpg", "samples/CAM_FRONT/n008-2018-08-30-15-31-50-0400__CAM_FRONT__1535657813912404.jpg", "samples/CAM_FRONT_RIGHT/n008-2018-08-30-15-31-50-0400__CAM_FRONT_RIGHT__1535657813920482.jpg", "samples/CAM_BACK_LEFT/n008-2018-08-30-15-31-50-0400__CAM_BACK_LEFT__1535657813947405.jpg", "samples/CAM_BACK/n008-2018-08-30-15-31-50-0400__CAM_BACK__1535657813937558.jpg", "samples/CAM_BACK_RIGHT/n008-2018-08-30-15-31-50-0400__CAM_BACK_RIGHT__1535657813928113.jpg"], "intrinsics": [[[1257.8625342125129, 0.0, 827.2410631095686], [0.0, 1257.8625342125129, 450.915498205774], [0.0, 0.0, 1.0]], [[1252.8131021185304, 0.0, 826.588114781398], [0.0, 1252.8131021185304, 469.9846626224581], [0.0, 0.0, 1.0]], [[1256.7485116440405, 0.0, 817.7887570959712], [0.0, 1256.7485116440403, 451.9541780095127], [0.0, 0.0, 1.0]], [[1254.9860565800168, 0.0, 829.5769333630991], [0.0, 1254.9860565800168, 467.1680561863987], [0.0, 0.0, 1.0]], [[796.8910634503094, 0.0, 857.7774326863696], [0.0, 796.8910634503094, 476.8848988407415], [0.0, 0.0, 1.0]], [[1249.9629280788233, 0.0, 825.3768045375984], [0.0, 1249.9629280788233, 462.54816385708756], [0.0, 0.0, 1.0]]], "extrinsics": [[[0.822649359703064, -0.5685469508171082, -0.0015973512781783938, -0.9591064453125], [0.013013680465519428, 0.02163856104016304, -0.9996811747550964, 1.4890012741088867], [0.5684002041816711, 0.8223662376403809, 0.025199834257364273, -1.3023681640625], [0.0, 0.0, 0.0, 1.0]], [[0.010478737764060497, -0.9997940063476562, -0.017380589619278908, 0.00634765625], [0.014957123436033726, 0.017536316066980362, -0.9997343420982361, 1.4808425903320312], [0.9998332262039185, 0.010216026566922665, 0.015137802809476852, -1.68896484375], [0.0, 0.0, 0.0, 1.0]], [[-0.8437997698783875, -0.5361151099205017, -0.024135058745741844, 1.060791015625], [0.022966375574469566, 0.00885765627026558, -0.9996969699859619, 1.4938850402832031], [0.5361665487289429, -0.8440984487533569, 0.004838532768189907, -1.2581787109375], [0.0, 0.0, 0.0, 1.0]], [[0.9478681087493896, 0.3186172842979431, 0.005393408238887787, -1.14208984375], [-0.0024133301340043545, 0.024102088063955307, -0.9997065663337708, 1.5620346069335938], [-0.31865382194519043, 0.9475769400596619, 0.02361452579498291, -0.15673828125], [0.0, 0.0, 0.0, 1.0]], [[0.009088719263672829, 0.9998217821121216, 0.016548162326216698, -0.028839111328125], [-0.000292078941129148, 0.01655149832367897, -0.9998629689216614, 1.5680570602416992], [-0.9999586939811707, 0.009082657285034657, 0.0004424590733833611, 0.030029296875], [0.0, 0.0, 0.0, 1.0]], [[-0.923736035823822, 0.3829830586910248, -0.005979547742754221, 1.136474609375], [0.00390641251578927, -0.006190595682710409, -0.9999732375144958, 1.5479159355163574], [-0.38300979137420654, -0.9237346649169922, 0.00422238651663065, -0.053436279296875], [0.0, 0.0, 0.0, 1.0]]], "view": [[0.0, -2.0, 100.0], [-2.0, 0.0, 100.0], [0.0, 0.0, 1.0]], "bev": "bev_01411f0342c645c39ce7ef082d4c27d0.png", "aux": "aux_01411f0342c645c39ce7ef082d4c27d0.npz", "visibility": "visibility_01411f0342c645c39ce7ef082d4c27d0.png", "pose": [[0.655379593372345, -0.7552996873855591, 0.0, 1265.738037109375], [0.7552996873855591, 0.655379593372345, 0.0, 1015.681396484375], [0.0, 0.0, 1.0, 0.0], [0.0, 0.0, 0.0, 1.0]], "pose_inverse": [[0.655379593372345, 0.7552996873855591, 0.0, -1596.6827392578125], [-0.7552996873855591, 0.655379593372345, 0.0, 290.35467529296875], [0.0, 0.0, 1.0, 0.0], [0.0, 0.0, 0.0, 1.0]], "cam_ids": [0, 1, 2, 3, 4, 5], "cam_channels": ["CAM_FRONT_LEFT", "CAM_FRONT", "CAM_FRONT_RIGHT", "CAM_BACK_LEFT", "CAM_BACK", "CAM_BACK_RIGHT"], "token": "01411f0342c645c39ce7ef082d4c27d0", "scene": "scene-0782"}, {"images": ["samples/CAM_FRONT_LEFT/n008-2018-08-30-15-31-50-0400__CAM_FRONT_LEFT__1535657814404799.jpg", "samples/CAM_FRONT/n008-2018-08-30-15-31-50-0400__CAM_FRONT__1535657814412404.jpg", "samples/CAM_FRONT_RIGHT/n008-2018-08-30-15-31-50-0400__CAM_FRONT_RIGHT__1535657814420482.jpg", "samples/CAM_BACK_LEFT/n008-2018-08-30-15-31-50-0400__CAM_BACK_LEFT__1535657814447405.jpg", "samples/CAM_BACK/n008-2018-08-30-15-31-50-0400__CAM_BACK__1535657814437558.jpg", "samples/CAM_BACK_RIGHT/n008-2018-08-30-15-31-50-0400__CAM_BACK_RIGHT__1535657814428113.jpg"], "intrinsics": [[[1257.8625342125129, 0.0, 827.2410631095686], [0.0, 1257.8625342125129, 450.915498205774], [0.0, 0.0, 1.0]], [[1252.8131021185304, 0.0, 826.588114781398], [0.0, 1252.8131021185304, 469.9846626224581], [0.0, 0.0, 1.0]], [[1256.7485116440405, 0.0, 817.7887570959712], [0.0, 1256.7485116440403, 451.9541780095127], [0.0, 0.0, 1.0]], [[1254.9860565800168, 0.0, 829.5769333630991], [0.0, 1254.9860565800168, 467.1680561863987], [0.0, 0.0, 1.0]], [[796.8910634503094, 0.0, 857.7774326863696], [0.0, 796.8910634503094, 476.8848988407415], [0.0, 0.0, 1.0]], [[1249.9629280788233, 0.0, 825.3768045375984], [0.0, 1249.9629280788233, 462.54816385708756], [0.0, 0.0, 1.0]]], "extrinsics": [[[0.8225628137588501, -0.568669855594635, -0.0022158140782266855, -0.9632568359375], [0.01352615375071764, 0.023460205644369125, -0.999633252620697, 1.4889612197875977], [0.5685133934020996, 0.8222312331199646, 0.026989411562681198, -1.30511474609375], [0.0, 0.0, 0.0, 1.0]], [[0.010363551788032055, -0.9997618198394775, -0.019209425896406174, 0.00628662109375], [0.01549659762531519, 0.01936872862279415, -0.9996923208236694, 1.4808063507080078], [0.999826192855835, 0.010062665678560734, 0.01569363661110401, -1.6927490234375], [0.0, 0.0, 0.0, 1.0]], [[-0.8438363075256348, -0.53598952293396, -0.025603249669075012, 1.06298828125], [0.02353432960808277, 0.010700899176299572, -0.9996657371520996, 1.4938430786132812], [0.5360842943191528, -0.8441568613052368, 0.0035843460354954004, -1.2596435546875], [0.0, 0.0, 0.0, 1.0]], [[0.9478633403778076, 0.3186093270778656, 0.006574094761162996, -1.1412353515625], [-0.0017856848426163197, 0.025939155369997025, -0.999661922454834, 1.5620384216308594], [-0.31867215037345886, 0.9475311040878296, 0.02515571005642414, -0.156982421875], [0.0, 0.0, 0.0, 1.0]], [[0.009110860526561737, 0.999789297580719, 0.018396245315670967, -0.028961181640625], [0.00030785982380621135, 0.01839420385658741, -0.9998307824134827, 1.5680623054504395], [-0.9999584555625916, 0.009115057997405529, -0.00014020834350958467, 0.0302734375], [0.0, 0.0, 0.0, 1.0]], [[-0.9237069487571716, 0.38305559754371643, -0.005806878209114075, 1.1380615234375], [0.004485457204282284, -0.004342756234109402, -0.9999805092811584, 1.5479226112365723], [-0.3830733001232147, -0.9237150549888611, 0.002293255412951112, -0.052734375], [0.0, 0.0, 0.0, 1.0]]], "view": [[0.0, -2.0, 100.0], [-2.0, 0.0, 100.0], [0.0, 0.0, 1.0]], "bev": "bev_b52f55cafb384e71b16e48be1e1499be.png", "aux": "aux_b52f55cafb384e71b16e48be1e1499be.npz", "visibility": "visibility_b52f55cafb384e71b16e48be1e1499be.png", "pose": [[0.6555116176605225, -0.755185067653656, 0.0, 1266.113037109375], [0.755185067653656, 0.6555116176605225, 0.0, 1016.1068115234375], [0.0, 0.0, 1.0, 0.0], [0.0, 0.0, 0.0, 1.0]], "pose_inverse": [[0.6555116176605225, 0.755185067653656, 0.0, -1597.300537109375], [-0.755185067653656, 0.6555116176605225, 0.0, 290.0798034667969], [0.0, 0.0, 1.0, 0.0], [0.0, 0.0, 0.0, 1.0]], "cam_ids": [0, 1, 2, 3, 4, 5], "cam_channels": ["CAM_FRONT_LEFT", "CAM_FRONT", "CAM_FRONT_RIGHT", "CAM_BACK_LEFT", "CAM_BACK", "CAM_BACK_RIGHT"], "token": "b52f55cafb384e71b16e48be1e1499be", "scene": "scene-0782"}, {"images": ["samples/CAM_FRONT_LEFT/n008-2018-08-30-15-31-50-0400__CAM_FRONT_LEFT__1535657814904799.jpg", "samples/CAM_FRONT/n008-2018-08-30-15-31-50-0400__CAM_FRONT__1535657814912404.jpg", "samples/CAM_FRONT_RIGHT/n008-2018-08-30-15-31-50-0400__CAM_FRONT_RIGHT__1535657814920482.jpg", "samples/CAM_BACK_LEFT/n008-2018-08-30-15-31-50-0400__CAM_BACK_LEFT__1535657814947405.jpg", "samples/CAM_BACK/n008-2018-08-30-15-31-50-0400__CAM_BACK__1535657814937558.jpg", "samples/CAM_BACK_RIGHT/n008-2018-08-30-15-31-50-0400__CAM_BACK_RIGHT__1535657814928113.jpg"], "intrinsics": [[[1257.8625342125129, 0.0, 827.2410631095686], [0.0, 1257.8625342125129, 450.915498205774], [0.0, 0.0, 1.0]], [[1252.8131021185304, 0.0, 826.588114781398], [0.0, 1252.8131021185304, 469.9846626224581], [0.0, 0.0, 1.0]], [[1256.7485116440405, 0.0, 817.7887570959712], [0.0, 1256.7485116440403, 451.9541780095127], [0.0, 0.0, 1.0]], [[1254.9860565800168, 0.0, 829.5769333630991], [0.0, 1254.9860565800168, 467.1680561863987], [0.0, 0.0, 1.0]], [[796.8910634503094, 0.0, 857.7774326863696], [0.0, 796.8910634503094, 476.8848988407415], [0.0, 0.0, 1.0]], [[1249.9629280788233, 0.0, 825.3768045375984], [0.0, 1249.9629280788233, 462.54816385708756], [0.0, 0.0, 1.0]]], "extrinsics": [[[0.8225643038749695, -0.5686679482460022, -0.0021961759775877, -0.9610595703125], [0.014362157322466373, 0.024634910747408867, -0.9995933175086975, 1.4890432357788086], [0.5684906840324402, 0.8221982717514038, 0.02843109518289566, -1.3035888671875], [0.0, 0.0, 0.0, 1.0]], [[0.010378917679190636, -0.9997393488883972, -0.020334668457508087, 0.006256103515625], [0.01637440174818039, 0.020502960309386253, -0.9996556639671326, 1.480875015258789], [0.9998120069503784, 0.010042453184723854, 0.01658293418586254, -1.6907958984375], [0.0, 0.0, 0.0, 1.0]], [[-0.8438138961791992, -0.535957932472229, -0.0269666388630867, 1.0621337890625], [0.024456430226564407, 0.011792012490332127, -0.9996312856674194, 1.4939002990722656], [0.5360783934593201, -0.8441622853279114, 0.003157353959977627, -1.259033203125], [0.0, 0.0, 0.0, 1.0]], [[0.9478573799133301, 0.31859931349754333, 0.007808241527527571, -1.142578125], [-0.0008196612470783293, 0.026937684044241905, -0.9996367692947388, 1.5620403289794922], [-0.3186939060688019, 0.9475066661834717, 0.025794224813580513, -0.15643310546875], [0.0, 0.0, 0.0, 1.0]], [[0.009093054570257664, 0.9997695684432983, 0.01944364793598652, -0.028900146484375], [0.0012699452927336097, 0.01943288929760456, -0.9998103380203247, 1.5680758953094482], [-0.9999578595161438, 0.009116102941334248, -0.001092948135919869, 0.0308837890625], [0.0, 0.0, 0.0, 1.0]], [[-0.9237003922462463, 0.3830641508102417, -0.0062761493027210236, 1.1375732421875], [0.005433136131614447, -0.0032825679518282413, -0.9999798536300659, 1.5479488372802734], [-0.3830770254135132, -0.9237159490585327, 0.0009508689399808645, -0.052886962890625], [0.0, 0.0, 0.0, 1.0]]], "view": [[0.0, -2.0, 100.0], [-2.0, 0.0, 100.0], [0.0, 0.0, 1.0]], "bev": "bev_72a064f99d384586a0e16bfedecd2fe9.png", "aux": "aux_72a064f99d384586a0e16bfedecd2fe9.npz", "visibility": "visibility_72a064f99d384586a0e16bfedecd2fe9.png", "pose": [[0.656413197517395, -0.7544015645980835, 0.0, 1266.5303955078125], [0.7544015645980835, 0.656413197517395, 0.0, 1016.5765991210938], [0.0, 0.0, 1.0, 0.0], [0.0, 0.0, 0.0, 1.0]], "pose_inverse": [[0.656413197517395, 0.7544015645980835, 0.0, -1598.274169921875], [-0.7544015645980835, 0.656413197517395, 0.0, 288.1782531738281], [0.0, 0.0, 1.0, 0.0], [0.0, 0.0, 0.0, 1.0]], "cam_ids": [0, 1, 2, 3, 4, 5], "cam_channels": ["CAM_FRONT_LEFT", "CAM_FRONT", "CAM_FRONT_RIGHT", "CAM_BACK_LEFT", "CAM_BACK", "CAM_BACK_RIGHT"], "token": "72a064f99d384586a0e16bfedecd2fe9", "scene": "scene-0782"}, {"images": ["samples/CAM_FRONT_LEFT/n008-2018-08-30-15-31-50-0400__CAM_FRONT_LEFT__1535657815404799.jpg", "samples/CAM_FRONT/n008-2018-08-30-15-31-50-0400__CAM_FRONT__1535657815412404.jpg", "samples/CAM_FRONT_RIGHT/n008-2018-08-30-15-31-50-0400__CAM_FRONT_RIGHT__1535657815420493.jpg", "samples/CAM_BACK_LEFT/n008-2018-08-30-15-31-50-0400__CAM_BACK_LEFT__1535657815447405.jpg", "samples/CAM_BACK/n008-2018-08-30-15-31-50-0400__CAM_BACK__1535657815437558.jpg", "samples/CAM_BACK_RIGHT/n008-2018-08-30-15-31-50-0400__CAM_BACK_RIGHT__1535657815428113.jpg"], "intrinsics": [[[1257.8625342125129, 0.0, 827.2410631095686], [0.0, 1257.8625342125129, 450.915498205774], [0.0, 0.0, 1.0]], [[1252.8131021185304, 0.0, 826.588114781398], [0.0, 1252.8131021185304, 469.9846626224581], [0.0, 0.0, 1.0]], [[1256.7485116440405, 0.0, 817.7887570959712], [0.0, 1256.7485116440403, 451.9541780095127], [0.0, 0.0, 1.0]], [[1254.9860565800168, 0.0, 829.5769333630991], [0.0, 1254.9860565800168, 467.1680561863987], [0.0, 0.0, 1.0]], [[796.8910634503094, 0.0, 857.7774326863696], [0.0, 796.8910634503094, 476.8848988407415], [0.0, 0.0, 1.0]], [[1249.9629280788233, 0.0, 825.3768045375984], [0.0, 1249.9629280788233, 462.54816385708756], [0.0, 0.0, 1.0]]], "extrinsics": [[[0.8226493000984192, -0.5685428380966187, -0.002637092024087906, -0.95751953125], [0.01432355958968401, 0.025361744686961174, -0.999575674533844, 1.4891033172607422], [0.5683685541152954, 0.8222625851631165, 0.029007382690906525, -1.3011474609375], [0.0, 0.0, 0.0, 1.0]], [[0.010501394979655743, -0.9997228384017944, -0.021069200709462166, 0.00628662109375], [0.016255423426628113, 0.021238254383206367, -0.9996422529220581, 1.4809284210205078], [0.9998127818107605, 0.010155219584703445, 0.016473950818181038, -1.6871337890625], [0.0, 0.0, 0.0, 1.0]], [[-0.8437665700912476, -0.5360209345817566, -0.027193300426006317, 1.0595703125], [0.02425224334001541, 0.012536696158349514, -0.9996272325515747, 1.4939613342285156], [0.5361620187759399, -0.8441116809844971, 0.002421662909910083, -1.2574462890625], [0.0, 0.0, 0.0, 1.0]], [[0.9478533864021301, 0.31861481070518494, 0.00765275489538908, -1.1424560546875], [-0.0012417741818353534, 0.027703769505023956, -0.9996154308319092, 1.5620431900024414], [-0.3187043070793152, 0.9474793076515198, 0.026654761284589767, -0.15655517578125], [0.0, 0.0, 0.0, 1.0]], [[0.009055516682565212, 0.9997550845146179, 0.020191684365272522, -0.028900146484375], [0.0009121459443122149, 0.020184244960546494, -0.9997957944869995, 1.568070411682129], [-0.9999585747718811, 0.00907214730978012, -0.00072914466727525, 0.02978515625], [0.0, 0.0, 0.0, 1.0]], [[-0.9237304329872131, 0.38300010561943054, -0.005741290748119354, 1.1356201171875], [0.005165236536413431, -0.0025324004236608744, -0.9999834299087524, 1.5479512214660645], [-0.3830083906650543, -0.9237447381019592, 0.00036096983239986, -0.0538330078125], [0.0, 0.0, 0.0, 1.0]]], "view": [[0.0, -2.0, 100.0], [-2.0, 0.0, 100.0], [0.0, 0.0, 1.0]], "bev": "bev_9d507982a61b4345901b0cf36f69ff57.png", "aux": "aux_9d507982a61b4345901b0cf36f69ff57.npz", "visibility": "visibility_9d507982a61b4345901b0cf36f69ff57.png", "pose": [[0.6573915481567383, -0.7535491585731506, 0.0, 1266.945068359375], [0.7535491585731506, 0.6573915481567383, 0.0, 1017.0418090820312], [0.0, 0.0, 1.0, 0.0], [0.0, 0.0, 0.0, 1.0]], "pose_inverse": [[0.6573915481567383, 0.7535491585731506, 0.0, -1599.27001953125], [-0.7535491585731506, 0.6573915481567383, 0.0, 286.1107482910156], [0.0, 0.0, 1.0, 0.0], [0.0, 0.0, 0.0, 1.0]], "cam_ids": [0, 1, 2, 3, 4, 5], "cam_channels": ["CAM_FRONT_LEFT", "CAM_FRONT", "CAM_FRONT_RIGHT", "CAM_BACK_LEFT", "CAM_BACK", "CAM_BACK_RIGHT"], "token": "9d507982a61b4345901b0cf36f69ff57", "scene": "scene-0782"}, {"images": ["samples/CAM_FRONT_LEFT/n008-2018-08-30-15-31-50-0400__CAM_FRONT_LEFT__1535657815904799.jpg", "samples/CAM_FRONT/n008-2018-08-30-15-31-50-0400__CAM_FRONT__1535657815912404.jpg", "samples/CAM_FRONT_RIGHT/n008-2018-08-30-15-31-50-0400__CAM_FRONT_RIGHT__1535657815920482.jpg", "samples/CAM_BACK_LEFT/n008-2018-08-30-15-31-50-0400__CAM_BACK_LEFT__1535657815947405.jpg", "samples/CAM_BACK/n008-2018-08-30-15-31-50-0400__CAM_BACK__1535657815937656.jpg", "samples/CAM_BACK_RIGHT/n008-2018-08-30-15-31-50-0400__CAM_BACK_RIGHT__1535657815928113.jpg"], "intrinsics": [[[1257.8625342125129, 0.0, 827.2410631095686], [0.0, 1257.8625342125129, 450.915498205774], [0.0, 0.0, 1.0]], [[1252.8131021185304, 0.0, 826.588114781398], [0.0, 1252.8131021185304, 469.9846626224581], [0.0, 0.0, 1.0]], [[1256.7485116440405, 0.0, 817.7887570959712], [0.0, 1256.7485116440403, 451.9541780095127], [0.0, 0.0, 1.0]], [[1254.9860565800168, 0.0, 829.5769333630991], [0.0, 1254.9860565800168, 467.1680561863987], [0.0, 0.0, 1.0]], [[796.8910634503094, 0.0, 857.7774326863696], [0.0, 796.8910634503094, 476.8848988407415], [0.0, 0.0, 1.0]], [[1249.9629280788233, 0.0, 825.3768045375984], [0.0, 1249.9629280788233, 462.54816385708756], [0.0, 0.0, 1.0]]], "extrinsics": [[[0.8226445913314819, -0.568551778793335, -0.0021505379118025303, -0.9501953125], [0.01497448980808258, 0.025447608903050423, -0.999563992023468, 1.489288330078125], [0.5683586597442627, 0.8222537636756897, 0.029448112472891808, -1.295654296875], [0.0, 0.0, 0.0, 1.0]], [[0.010508840903639793, -0.9997208118438721, -0.021163098514080048, 0.006195068359375], [0.016964200884103775, 0.02133946307003498, -0.9996283650398254, 1.4810943603515625], [0.9998008608818054, 0.010145843960344791, 0.017183717340230942, -1.6798095703125], [0.0, 0.0, 0.0, 1.0]], [[-0.8437473773956299, -0.5360143184661865, -0.02790643833577633, 1.0546875], [0.025022458285093307, 0.012654192745685577, -0.999606728553772, 1.494140625], [0.5361567139625549, -0.8441140055656433, 0.002735452726483345, -1.2545166015625], [0.0, 0.0, 0.0, 1.0]], [[0.9478498101234436, 0.31860002875328064, 0.008644083514809608, -1.142333984375], [-0.00023347836395259947, 0.02781555987894535, -0.9996130466461182, 1.5620441436767578], [-0.3187171518802643, 0.9474810361862183, 0.02643936313688755, -0.15655517578125], [0.0, 0.0, 0.0, 1.0]], [[0.009042470715939999, 0.9997525811195374, 0.02032155729830265, -0.028778076171875], [0.001859330222941935, 0.020305540412664413, -0.9997920989990234, 1.568091869354248], [-0.9999573230743408, 0.00907842256128788, -0.0016752569936215878, 0.0279541015625], [0.0, 0.0, 0.0, 1.0]], [[-0.9237236976623535, 0.383004754781723, -0.006468231324106455, 1.1318359375], [0.0060018799267709255, -0.0024125489871948957, -0.9999790787696838, 1.547999382019043], [-0.3830122947692871, -0.9237431883811951, -7.021900091785938e-05, -0.05548095703125], [0.0, 0.0, 0.0, 1.0]]], "view": [[0.0, -2.0, 100.0], [-2.0, 0.0, 100.0], [0.0, 0.0, 1.0]], "bev": "bev_1decfedef1084fbcb113c5ee8fd29dac.png", "aux": "aux_1decfedef1084fbcb113c5ee8fd29dac.npz", "visibility": "visibility_1decfedef1084fbcb113c5ee8fd29dac.png", "pose": [[0.6574707627296448, -0.7534800171852112, 0.0, 1267.4095458984375], [0.7534800171852112, 0.6574707627296448, 0.0, 1017.5693359375], [0.0, 0.0, 1.0, 0.0], [0.0, 0.0, 0.0, 1.0]], "pose_inverse": [[0.6574707627296448, 0.7534800171852112, 0.0, -1600.0029296875], [-0.7534800171852112, 0.6574707627296448, 0.0, 285.9457092285156], [0.0, 0.0, 1.0, 0.0], [0.0, 0.0, 0.0, 1.0]], "cam_ids": [0, 1, 2, 3, 4, 5], "cam_channels": ["CAM_FRONT_LEFT", "CAM_FRONT", "CAM_FRONT_RIGHT", "CAM_BACK_LEFT", "CAM_BACK", "CAM_BACK_RIGHT"], "token": "1decfedef1084fbcb113c5ee8fd29dac", "scene": "scene-0782"}, {"images": ["samples/CAM_FRONT_LEFT/n008-2018-08-30-15-31-50-0400__CAM_FRONT_LEFT__1535657816504799.jpg", "samples/CAM_FRONT/n008-2018-08-30-15-31-50-0400__CAM_FRONT__1535657816512404.jpg", "samples/CAM_FRONT_RIGHT/n008-2018-08-30-15-31-50-0400__CAM_FRONT_RIGHT__1535657816520482.jpg", "samples/CAM_BACK_LEFT/n008-2018-08-30-15-31-50-0400__CAM_BACK_LEFT__1535657816547405.jpg", "samples/CAM_BACK/n008-2018-08-30-15-31-50-0400__CAM_BACK__1535657816537558.jpg", "samples/CAM_BACK_RIGHT/n008-2018-08-30-15-31-50-0400__CAM_BACK_RIGHT__1535657816528113.jpg"], "intrinsics": [[[1257.8625342125129, 0.0, 827.2410631095686], [0.0, 1257.8625342125129, 450.915498205774], [0.0, 0.0, 1.0]], [[1252.8131021185304, 0.0, 826.588114781398], [0.0, 1252.8131021185304, 469.9846626224581], [0.0, 0.0, 1.0]], [[1256.7485116440405, 0.0, 817.7887570959712], [0.0, 1256.7485116440403, 451.9541780095127], [0.0, 0.0, 1.0]], [[1254.9860565800168, 0.0, 829.5769333630991], [0.0, 1254.9860565800168, 467.1680561863987], [0.0, 0.0, 1.0]], [[796.8910634503094, 0.0, 857.7774326863696], [0.0, 796.8910634503094, 476.8848988407415], [0.0, 0.0, 1.0]], [[1249.9629280788233, 0.0, 825.3768045375984], [0.0, 1249.9629280788233, 462.54816385708756], [0.0, 0.0, 1.0]]], "extrinsics": [[[0.8226011395454407, -0.5686184167861938, 0.0006324153509922326, -0.930908203125], [0.018092887476086617, 0.02506271004676819, -0.9995221495628357, 1.489889144897461], [0.5683308243751526, 0.8222195506095886, 0.030904561281204224, -1.283203125], [0.0, 0.0, 0.0, 1.0]], [[0.010500213131308556, -0.9997299313545227, -0.020735014230012894, 0.0069580078125], [0.020117243751883507, 0.020943161100149155, -0.9995782971382141, 1.4816341400146484], [0.9997425079345703, 0.010078614577651024, 0.020331718027591705, -1.6607666015625], [0.0, 0.0, 0.0, 1.0]], [[-0.8436912298202515, -0.535968542098999, -0.030379541218280792, 1.0423583984375], [0.028211742639541626, 0.012245439924299717, -0.9995269775390625, 1.4946861267089844], [0.5360870957374573, -0.8441492319107056, 0.0047892373986542225, -1.246337890625], [0.0, 0.0, 0.0, 1.0]], [[0.947827935218811, 0.318575382232666, 0.011481484398245811, -1.1419677734375], [0.002905054483562708, 0.02738327533006668, -0.999620795249939, 1.562051773071289], [-0.3187689781188965, 0.9475018382072449, 0.025029156357049942, -0.15667724609375], [0.0, 0.0, 0.0, 1.0]], [[0.009025811217725277, 0.9997607469558716, 0.019924145191907883, -0.028900146484375], [0.004991364199668169, 0.019879663363099098, -0.9997898936271667, 1.568168044090271], [-0.9999467730522156, 0.009123371914029121, -0.004810740239918232, 0.02197265625], [0.0, 0.0, 0.0, 1.0]], [[-0.9236757159233093, 0.38305601477622986, -0.00954699981957674, 1.1219482421875], [0.00916528981178999, -0.0028215362690389156, -0.9999539852142334, 1.5481958389282227], [-0.38306543231010437, -0.9237207770347595, -0.0009046350605785847, -0.05938720703125], [0.0, 0.0, 0.0, 1.0]]], "view": [[0.0, -2.0, 100.0], [-2.0, 0.0, 100.0], [0.0, 0.0, 1.0]], "bev": "bev_d2033528dce44366925af0c0eefee398.png", "aux": "aux_d2033528dce44366925af0c0eefee398.npz", "visibility": "visibility_d2033528dce44366925af0c0eefee398.png", "pose": [[0.658714771270752, -0.7523927688598633, 0.0, 1268.125], [0.7523927688598633, 0.658714771270752, 0.0, 1018.3755493164062], [0.0, 0.0, 1.0, 0.0], [0.0, 0.0, 0.0, 1.0]], "pose_inverse": [[0.658714771270752, 0.7523927688598633, 0.0, -1601.551025390625], [-0.7523927688598633, 0.658714771270752, 0.0, 283.30908203125], [0.0, 0.0, 1.0, 0.0], [0.0, 0.0, 0.0, 1.0]], "cam_ids": [0, 1, 2, 3, 4, 5], "cam_channels": ["CAM_FRONT_LEFT", "CAM_FRONT", "CAM_FRONT_RIGHT", "CAM_BACK_LEFT", "CAM_BACK", "CAM_BACK_RIGHT"], "token": "d2033528dce44366925af0c0eefee398", "scene": "scene-0782"}, {"images": ["samples/CAM_FRONT_LEFT/n008-2018-08-30-15-31-50-0400__CAM_FRONT_LEFT__1535657817004799.jpg", "samples/CAM_FRONT/n008-2018-08-30-15-31-50-0400__CAM_FRONT__1535657817012414.jpg", "samples/CAM_FRONT_RIGHT/n008-2018-08-30-15-31-50-0400__CAM_FRONT_RIGHT__1535657817020482.jpg", "samples/CAM_BACK_LEFT/n008-2018-08-30-15-31-50-0400__CAM_BACK_LEFT__1535657817047405.jpg", "samples/CAM_BACK/n008-2018-08-30-15-31-50-0400__CAM_BACK__1535657817037558.jpg", "samples/CAM_BACK_RIGHT/n008-2018-08-30-15-31-50-0400__CAM_BACK_RIGHT__1535657817028113.jpg"], "intrinsics": [[[1257.8625342125129, 0.0, 827.2410631095686], [0.0, 1257.8625342125129, 450.915498205774], [0.0, 0.0, 1.0]], [[1252.8131021185304, 0.0, 826.588114781398], [0.0, 1252.8131021185304, 469.9846626224581], [0.0, 0.0, 1.0]], [[1256.7485116440405, 0.0, 817.7887570959712], [0.0, 1256.7485116440403, 451.9541780095127], [0.0, 0.0, 1.0]], [[1254.9860565800168, 0.0, 829.5769333630991], [0.0, 1254.9860565800168, 467.1680561863987], [0.0, 0.0, 1.0]], [[796.8910634503094, 0.0, 857.7774326863696], [0.0, 796.8910634503094, 476.8848988407415], [0.0, 0.0, 1.0]], [[1249.9629280788233, 0.0, 825.3768045375984], [0.0, 1249.9629280788233, 462.54816385708756], [0.0, 0.0, 1.0]]], "extrinsics": [[[0.822562575340271, -0.5686705112457275, 0.0021675333846360445, -0.908935546875], [0.018459603190422058, 0.022891255095601082, -0.9995675086975098, 1.4904365539550781], [0.5683749914169312, 0.8222468495368958, 0.029326921328902245, -1.26739501953125], [0.0, 0.0, 0.0, 1.0]], [[0.010448331944644451, -0.9997727870941162, -0.018579039722681046, 0.00665283203125], [0.02035246603190899, 0.018788829445838928, -0.9996163249015808, 1.4821052551269531], [0.9997382760047913, 0.010066164657473564, 0.020544154569506645, -1.6392822265625], [0.0, 0.0, 0.0, 1.0]], [[-0.843712568283081, -0.5359941720962524, -0.02931501530110836, 1.0289306640625], [0.028307335451245308, 0.010109282098710537, -0.9995481371879578, 1.4951400756835938], [0.5360483527183533, -0.8441610932350159, 0.006643239874392748, -1.2381591796875], [0.0, 0.0, 0.0, 1.0]], [[0.9478334188461304, 0.318581759929657, 0.010835220105946064, -1.1417236328125], [0.0028977212496101856, 0.025378499180078506, -0.9996737241744995, 1.5620520114898682], [-0.31875285506248474, 0.9475556015968323, 0.02313143201172352, -0.15679931640625], [0.0, 0.0, 0.0, 1.0]], [[0.009055308066308498, 0.9997996091842651, 0.017851553857326508, -0.028717041015625], [0.005060093477368355, 0.017806241288781166, -0.9998286366462708, 1.568203091621399], [-0.9999462366104126, 0.00914406031370163, -0.004897837992757559, 0.