[{"images": ["samples/CAM_FRONT_LEFT/n015-2018-07-18-11-18-34+0800__CAM_FRONT_LEFT__1531883985904844.jpg", "samples/CAM_FRONT/n015-2018-07-18-11-18-34+0800__CAM_FRONT__1531883985912463.jpg", "samples/CAM_FRONT_RIGHT/n015-2018-07-18-11-18-34+0800__CAM_FRONT_RIGHT__1531883985920339.jpg", "samples/CAM_BACK_LEFT/n015-2018-07-18-11-18-34+0800__CAM_BACK_LEFT__1531883985947494.jpg", "samples/CAM_BACK/n015-2018-07-18-11-18-34+0800__CAM_BACK__1531883985937535.jpg", "samples/CAM_BACK_RIGHT/n015-2018-07-18-11-18-34+0800__CAM_BACK_RIGHT__1531883985927893.jpg"], "intrinsics": [[[1272.5979470598488, 0.0, 826.6154927353808], [0.0, 1272.5979470598488, 479.75165386361925], [0.0, 0.0, 1.0]], [[1266.417203046554, 0.0, 816.2670197447984], [0.0, 1266.417203046554, 491.50706579294757], [0.0, 0.0, 1.0]], [[1260.8474446004698, 0.0, 807.968244525554], [0.0, 1260.8474446004698, 495.3344268742088], [0.0, 0.0, 1.0]], [[1256.7414812095406, 0.0, 792.1125740759628], [0.0, 1256.7414812095406, 492.7757465151356], [0.0, 0.0, 1.0]], [[809.2209905677063, 0.0, 829.2196003259838], [0.0, 809.2209905677063, 481.77842384512485], [0.0, 0.0, 1.0]], [[1259.5137405846733, 0.0, 807.2529053838625], [0.0, 1259.5137405846733, 501.19579884916527], [0.0, 0.0, 1.0]]], "extrinsics": [[[0.821011483669281, -0.5707309246063232, 0.014359306544065475, -0.81402587890625], [-0.0006882330635562539, -0.02614094316959381, -0.9996580481529236, 1.5081400871276855], [0.5709110498428345, 0.8207209706306458, -0.021854814141988754, -1.17608642578125], [0.0, 0.0, 0.0, 1.0]], [[0.006090967915952206, -0.9995265603065491, 0.030156699940562248, 0.006561279296875], [-0.005964936222881079, -0.030193040147423744, -0.99952632188797, 1.5196447372436523], [0.9999635815620422, 0.0059081935323774815, -0.006146017927676439, -1.5406494140625], [0.0, 0.0, 0.0, 1.0]], [[-0.8327309489250183, -0.553627610206604, 0.007454972248524427, 0.93341064453125], [-0.0003256475320085883, -0.012974726036190987, -0.9999157190322876, 1.50361168384552], [0.5536776781082153, -0.8326632976531982, 0.010624170303344727, -1.182373046875], [0.0, 0.0, 0.0, 1.0]], [[0.9477073550224304, 0.319085031747818, -0.005952019710093737, -1.137451171875], [0.008327719755470753, -0.043369170278310776, -0.9990243911743164, 1.5886006355285645], [-0.31903189420700073, 0.946733295917511, -0.04375853389501572, -0.105377197265625], [0.0, 0.0, 0.0, 1.0]], [[0.0021741283126175404, 0.9994409084320068, -0.03336295858025551, 0.002685546875], [-0.017060672864317894, -0.033321112394332886, -0.9992991089820862, 1.5785636901855469], [-0.9998520612716675, 0.002741829492151737, 0.016978692263364792, -0.044921875], [0.0, 0.0, 0.0, 1.0]], [[-0.9348926544189453, 0.35431259870529175, -0.02093423157930374, 1.05419921875], [0.015573852695524693, -0.017974046990275383, -0.999717116355896, 1.5528192520141602], [-0.3545886278152466, -0.9349542856216431, 0.011285791173577309, -0.09429931640625], [0.0, 0.0, 0.0, 1.0]]], "view": [[0.0, -2.0, 100.0], [-2.0, 0.0, 100.0], [0.0, 0.0, 1.0]], "bev": "bev_556a590f3e1741fb87d7e4dc8ea687e4.png", "aux": "aux_556a590f3e1741fb87d7e4dc8ea687e4.npz", "visibility": "visibility_556a590f3e1741fb87d7e4dc8ea687e4.png", "pose": [[0.37965983152389526, -0.9251261353492737, 0.0, 357.3930969238281], [0.9251261353492737, 0.37965983152389526, 0.0, 1072.7998046875], [0.0, 0.0, 1.0, 0.0], [0.0, 0.0, 0.0, 1.0]], "pose_inverse": [[0.37965983152389526, 0.9251261353492737, 0.0, -1128.1629638671875], [-0.9251261353492737, 0.37965983152389526, 0.0, -76.665283203125], [0.0, 0.0, 1.0, 0.0], [0.0, 0.0, 0.0, 1.0]], "cam_ids": [0, 1, 2, 3, 4, 5], "cam_channels": ["CAM_FRONT_LEFT", "CAM_FRONT", "CAM_FRONT_RIGHT", "CAM_BACK_LEFT", "CAM_BACK", "CAM_BACK_RIGHT"], "token": "556a590f3e1741fb87d7e4dc8ea687e4", "scene": "scene-0004"}, {"images": ["samples/CAM_FRONT_LEFT/n015-2018-07-18-11-18-34+0800__CAM_FRONT_LEFT__1531883986404844.jpg", "samples/CAM_FRONT/n015-2018-07-18-11-18-34+0800__CAM_FRONT__1531883986412466.jpg", "samples/CAM_FRONT_RIGHT/n015-2018-07-18-11-18-34+0800__CAM_FRONT_RIGHT__1531883986420501.jpg", "samples/CAM_BACK_LEFT/n015-2018-07-18-11-18-34+0800__CAM_BACK_LEFT__1531883986447423.jpg", "samples/CAM_BACK/n015-2018-07-18-11-18-34+0800__CAM_BACK__1531883986437525.jpg", "samples/CAM_BACK_RIGHT/n015-2018-07-18-11-18-34+0800__CAM_BACK_RIGHT__1531883986427893.jpg"], "intrinsics": [[[1272.5979470598488, 0.0, 826.6154927353808], [0.0, 1272.5979470598488, 479.75165386361925], [0.0, 0.0, 1.0]], [[1266.417203046554, 0.0, 816.2670197447984], [0.0, 1266.417203046554, 491.50706579294757], [0.0, 0.0, 1.0]], [[1260.8474446004698, 0.0, 807.968244525554], [0.0, 1260.8474446004698, 495.3344268742088], [0.0, 0.0, 1.0]], [[1256.7414812095406, 0.0, 792.1125740759628], [0.0, 1256.7414812095406, 492.7757465151356], [0.0, 0.0, 1.0]], [[809.2209905677063, 0.0, 829.2196003259838], [0.0, 809.2209905677063, 481.77842384512485], [0.0, 0.0, 1.0]], [[1259.5137405846733, 0.0, 807.2529053838625], [0.0, 1259.5137405846733, 501.19579884916527], [0.0, 0.0, 1.0]]], "extrinsics": [[[0.8207782506942749, -0.5711238384246826, 0.011856809258460999, -0.8052978515625], [-0.0024778868537396193, -0.024315325543284416, -0.9997012615203857, 1.5077691078186035], [0.5712416172027588, 0.8205036520957947, -0.02137267030775547, -1.169189453125], [0.0, 0.0, 0.0, 1.0]], [[0.005756276194006205, -0.9995856881141663, 0.028201229870319366, 0.00612640380859375], [-0.007791872136294842, -0.028245678171515465, -0.9995706677436829, 1.5192880630493164], [0.9999530911445618, 0.00553410779684782, -0.00795123539865017, -1.5318603515625], [0.0, 0.0, 0.0, 1.0]], [[-0.8328946828842163, -0.5533757209777832, 0.007853963412344456, 0.9283447265625], [-0.002186562865972519, -0.010900910943746567, -0.9999381899833679, 1.5033726692199707], [0.5534272193908691, -0.8328604102134705, 0.007869319058954716, -1.1795654296875], [0.0, 0.0, 0.0, 1.0]], [[0.9477113485336304, 0.31905457377433777, -0.006892460398375988, -1.1370849609375], [0.006448849570006132, -0.04073987156152725, -0.999148964881897, 1.5885891914367676], [-0.31906381249427795, 0.9468603730201721, -0.04066716879606247, -0.10540771484375], [0.0, 0.0, 0.0, 1.0]], [[0.00226757675409317, 0.9995179176330566, -0.0309674721211195, 0.00289154052734375], [-0.018967822194099426, -0.030918989330530167, -0.9993419051170349, 1.5784282684326172], [-0.9998175501823425, 0.0028534643352031708, 0.0188885647803545, -0.04736328125], [0.0, 0.0, 0.0, 1.0]], [[-0.9348388910293579, 0.3545956015586853, -0.01838958077132702, 1.0501708984375], [0.01368417963385582, -0.015773095190525055, -0.9997819662094116, 1.5527076721191406], [-0.35480836033821106, -0.9348866939544678, 0.009892953559756279, -0.09619140625], [0.0, 0.0, 0.0, 1.0]]], "view": [[0.0, -2.0, 100.0], [-2.0, 0.0, 100.0], [0.0, 0.0, 1.0]], "bev": "bev_2a05c724ab044e5ab0c9edad7aa4472c.png", "aux": "aux_2a05c724ab044e5ab0c9edad7aa4472c.npz", "visibility": "visibility_2a05c724ab044e5ab0c9edad7aa4472c.png", "pose": [[0.38069137930870056, -0.9247021675109863, 0.0, 358.20916748046875], [0.9247021675109863, 0.38069137930870056, 0.0, 1074.761474609375], [0.0, 0.0, 1.0, 0.0], [0.0, 0.0, 0.0, 1.0]], "pose_inverse": [[0.38069137930870056, 0.9247021675109863, 0.0, -1130.201416015625], [-0.9247021675109863, 0.38069137930870056, 0.0, -77.91564178466797], [0.0, 0.0, 1.0, 0.0], [0.0, 0.0, 0.0, 1.0]], "cam_ids": [0, 1, 2, 3, 4, 5], "cam_channels": ["CAM_FRONT_LEFT", "CAM_FRONT", "CAM_FRONT_RIGHT", "CAM_BACK_LEFT", "CAM_BACK", "CAM_BACK_RIGHT"], "token": "2a05c724ab044e5ab0c9edad7aa4472c", "scene": "scene-0004"}, {"images": ["samples/CAM_FRONT_LEFT/n015-2018-07-18-11-18-34+0800__CAM_FRONT_LEFT__1531883986904844.jpg", "samples/CAM_FRONT/n015-2018-07-18-11-18-34+0800__CAM_FRONT__1531883986912474.jpg", "samples/CAM_FRONT_RIGHT/n015-2018-07-18-11-18-34+0800__CAM_FRONT_RIGHT__1531883986920339.jpg", "samples/CAM_BACK_LEFT/n015-2018-07-18-11-18-34+0800__CAM_BACK_LEFT__1531883986947423.jpg", "samples/CAM_BACK/n015-2018-07-18-11-18-34+0800__CAM_BACK__1531883986937525.jpg", "samples/CAM_BACK_RIGHT/n015-2018-07-18-11-18-34+0800__CAM_BACK_RIGHT__1531883986927893.jpg"], "intrinsics": [[[1272.5979470598488, 0.0, 826.6154927353808], [0.0, 1272.5979470598488, 479.75165386361925], [0.0, 0.0, 1.0]], [[1266.417203046554, 0.0, 816.2670197447984], [0.0, 1266.417203046554, 491.50706579294757], [0.0, 0.0, 1.0]], [[1260.8474446004698, 0.0, 807.968244525554], [0.0, 1260.8474446004698, 495.3344268742088], [0.0, 0.0, 1.0]], [[1256.7414812095406, 0.0, 792.1125740759628], [0.0, 1256.7414812095406, 492.7757465151356], [0.0, 0.0, 1.0]], [[809.2209905677063, 0.0, 829.2196003259838], [0.0, 809.2209905677063, 481.77842384512485], [0.0, 0.0, 1.0]], [[1259.5137405846733, 0.0, 807.2529053838625], [0.0, 1259.5137405846733, 501.19579884916527], [0.0, 0.0, 1.0]]], "extrinsics": [[[0.8208901286125183, -0.570939838886261, 0.012928172014653683, -0.81060791015625], [-0.0007945122197270393, -0.023779598996043205, -0.9997169375419617, 1.5081334114074707], [0.5710855722427368, 0.8206474781036377, -0.019974056631326675, -1.174560546875], [0.0, 0.0, 0.0, 1.0]], [[0.005920384079217911, -0.9995977878570557, 0.027734624221920967, 0.0070343017578125], [-0.006037882529199123, -0.02777034044265747, -0.999596118927002, 1.5196342468261719], [0.99996417760849, 0.005750560201704502, -0.006199866067618132, -1.5384521484375], [0.0, 0.0, 0.0, 1.0]], [[-0.8328025341033936, -0.5535364151000977, 0.0061084371991455555, 0.93316650390625], [-0.0003627733967732638, -0.010488887317478657, -0.9999448657035828, 1.503610610961914], [0.5535699725151062, -0.832758903503418, 0.008534365333616734, -1.181640625], [0.0, 0.0, 0.0, 1.0]], [[0.94771808385849, 0.31907030940055847, -0.004967855289578438, -1.137939453125], [0.008403544314205647, -0.040517061948776245, -0.9991434812545776, 1.5885934829711914], [-0.3189982771873474, 0.9468646049499512, -0.04108007252216339, -0.10516357421875], [0.0, 0.0, 0.0, 1.0]], [[0.002236713655292988, 0.9995278120040894, -0.030645320191979408, 0.00261688232421875], [-0.017030755057930946, -0.03060287795960903, -0.9993865489959717, 1.5785770416259766], [-0.9998524785041809, 0.00275719934143126, 0.016954263672232628, -0.0445556640625], [0.0, 0.0, 0.0, 1.0]], [[-0.9348609447479248, 0.3544493615627289, -0.020016156136989594, 1.0546875], [0.015563735738396645, -0.015408203937113285, -0.9997602105140686, 1.5528154373168945], [-0.35467272996902466, -0.9349482655525208, 0.008887972682714462, -0.09393310546875], [0.0, 0.0, 0.0, 1.0]]], "view": [[0.0, -2.0, 100.0], [-2.0, 0.0, 100.0], [0.0, 0.0, 1.0]], "bev": "bev_0dc36bc3a7aa4b3bb221ca96d15c29ec.png", "aux": "aux_0dc36bc3a7aa4b3bb221ca96d15c29ec.npz", "visibility": "visibility_0dc36bc3a7aa4b3bb221ca96d15c29ec.png", "pose": [[0.3827555775642395, -0.9238496422767639, 0.0, 359.0430908203125], [0.9238496422767639, 0.3827555775642395, 0.0, 1076.7584228515625], [0.0, 0.0, 1.0, 0.0], [0.0, 0.0, 0.0, 1.0]], "pose_inverse": [[0.3827555775642395, 0.9238496422767639, 0.0, -1132.1885986328125], [-0.9238496422767639, 0.3827555775642395, 0.0, -80.4334716796875], [0.0, 0.0, 1.0, 0.0], [0.0, 0.0, 0.0, 1.0]], "cam_ids": [0, 1, 2, 3, 4, 5], "cam_channels": ["CAM_FRONT_LEFT", "CAM_FRONT", "CAM_FRONT_RIGHT", "CAM_BACK_LEFT", "CAM_BACK", "CAM_BACK_RIGHT"], "token": "0dc36bc3a7aa4b3bb221ca96d15c29ec", "scene": "scene-0004"}, {"images": ["samples/CAM_FRONT_LEFT/n015-2018-07-18-11-18-34+0800__CAM_FRONT_LEFT__1531883987354844.jpg", "samples/CAM_FRONT/n015-2018-07-18-11-18-34+0800__CAM_FRONT__1531883987362460.jpg", "samples/CAM_FRONT_RIGHT/n015-2018-07-18-11-18-34+0800__CAM_FRONT_RIGHT__1531883987370339.jpg", "samples/CAM_BACK_LEFT/n015-2018-07-18-11-18-34+0800__CAM_BACK_LEFT__1531883987397423.jpg", "samples/CAM_BACK/n015-2018-07-18-11-18-34+0800__CAM_BACK__1531883987387525.jpg", "samples/CAM_BACK_RIGHT/n015-2018-07-18-11-18-34+0800__CAM_BACK_RIGHT__1531883987377893.jpg"], "intrinsics": [[[1272.5979470598488, 0.0, 826.6154927353808], [0.0, 1272.5979470598488, 479.75165386361925], [0.0, 0.0, 1.0]], [[1266.417203046554, 0.0, 816.2670197447984], [0.0, 1266.417203046554, 491.50706579294757], [0.0, 0.0, 1.0]], [[1260.8474446004698, 0.0, 807.968244525554], [0.0, 1260.8474446004698, 495.3344268742088], [0.0, 0.0, 1.0]], [[1256.7414812095406, 0.0, 792.1125740759628], [0.0, 1256.7414812095406, 492.7757465151356], [0.0, 0.0, 1.0]], [[809.2209905677063, 0.0, 829.2196003259838], [0.0, 809.2209905677063, 481.77842384512485], [0.0, 0.0, 1.0]], [[1259.5137405846733, 0.0, 807.2529053838625], [0.0, 1259.5137405846733, 501.19579884916527], [0.0, 0.0, 1.0]]], "extrinsics": [[[0.821034848690033, -0.5708667039871216, 0.0035837460309267044, -0.80438232421875], [-0.004610809497535229, -0.012908521108329296, -0.999906063079834, 1.507371425628662], [0.570859432220459, 0.8209412097930908, -0.013230503536760807, -1.17034912109375], [0.0, 0.0, 0.0, 1.0]], [[0.006131961941719055, -0.9998314380645752, 0.017306968569755554, 0.007293701171875], [-0.009871544316411018, -0.01736697554588318, -0.9998005032539368, 1.5189685821533203], [0.9999324679374695, 0.0059598712250590324, -0.009976373054087162, -1.531494140625], [0.0, 0.0, 0.0, 1.0]], [[-0.8327537775039673, -0.5536301732063293, 0.0038530700840055943, 0.92816162109375], [-0.0042344010435044765, -0.0005903229466639459, -0.9999908208847046, 1.5031123161315918], [0.5536273717880249, -0.8327624201774597, -0.0018526981584727764, -1.1783447265625], [0.0, 0.0, 0.0, 1.0]], [[0.947720468044281, 0.3190423548221588, -0.006158055271953344, -1.139404296875], [0.0045028929598629475, -0.03266711160540581, -0.9994561076164246, 1.5885735750198364], [-0.3190699815750122, 0.9471774101257324, -0.03239590302109718, -0.104827880859375], [0.0, 0.0, 0.0, 1.0]], [[0.0021818941459059715, 0.9997549057006836, -0.022036679089069366, 0.00250244140625], [-0.02094721794128418, -0.021986201405525208, -0.9995388388633728, 1.5783367156982422], [-0.9997782111167908, 0.002642547944560647, 0.020894110202789307, -0.04736328125], [0.0, 0.0, 0.0, 1.0]], [[-0.9349218010902405, 0.35461390018463135, -0.013044944033026695, 1.0498046875], [0.011661343276500702, -0.006038614083081484, -0.99991375207901, 1.5525283813476562], [-0.35466212034225464, -0.934993326663971, 0.0015103570185601711, -0.09564208984375], [0.0, 0.0, 0.0, 1.0]]], "view": [[0.0, -2.0, 100.0], [-2.0, 0.0, 100.0], [0.0, 0.0, 1.0]], "bev": "bev_d7f97118ac7846abb2172790c5aaa95b.png", "aux": "aux_d7f97118ac7846abb2172790c5aaa95b.npz", "visibility": "visibility_d7f97118ac7846abb2172790c5aaa95b.png", "pose": [[0.38354021310806274, -0.9235242009162903, 0.0, 359.8172302246094], [0.9235242009162903, 0.38354021310806274, 0.0, 1078.6033935546875], [0.0, 0.0, 1.0, 0.0], [0.0, 0.0, 0.0, 1.0]], "pose_inverse": [[0.38354021310806274, 0.9235242009162903, 0.0, -1134.1207275390625], [-0.9235242009162903, 0.38354021310806274, 0.0, -81.38786315917969], [0.0, 0.0, 1.0, 0.0], [0.0, 0.0, 0.0, 1.0]], "cam_ids": [0, 1, 2, 3, 4, 5], "cam_channels": ["CAM_FRONT_LEFT", "CAM_FRONT", "CAM_FRONT_RIGHT", "CAM_BACK_LEFT", "CAM_BACK", "CAM_BACK_RIGHT"], "token": "d7f97118ac7846abb2172790c5aaa95b", "scene": "scene-0004"}, {"images": ["samples/CAM_FRONT_LEFT/n015-2018-07-18-11-18-34+0800__CAM_FRONT_LEFT__1531883987854844.jpg", "samples/CAM_FRONT/n015-2018-07-18-11-18-34+0800__CAM_FRONT__1531883987862460.jpg", "samples/CAM_FRONT_RIGHT/n015-2018-07-18-11-18-34+0800__CAM_FRONT_RIGHT__1531883987870339.jpg", "samples/CAM_BACK_LEFT/n015-2018-07-18-11-18-34+0800__CAM_BACK_LEFT__1531883987897423.jpg", "samples/CAM_BACK/n015-2018-07-18-11-18-34+0800__CAM_BACK__1531883987887525.jpg", "samples/CAM_BACK_RIGHT/n015-2018-07-18-11-18-34+0800__CAM_BACK_RIGHT__1531883987877893.jpg"], "intrinsics": [[[1272.5979470598488, 0.0, 826.6154927353808], [0.0, 1272.5979470598488, 479.75165386361925], [0.0, 0.0, 1.0]], [[1266.417203046554, 0.0, 816.2670197447984], [0.0, 1266.417203046554, 491.50706579294757], [0.0, 0.0, 1.0]], [[1260.8474446004698, 0.0, 807.968244525554], [0.0, 1260.8474446004698, 495.3344268742088], [0.0, 0.0, 1.0]], [[1256.7414812095406, 0.0, 792.1125740759628], [0.0, 1256.7414812095406, 492.7757465151356], [0.0, 0.0, 1.0]], [[809.2209905677063, 0.0, 829.2196003259838], [0.0, 809.2209905677063, 481.77842384512485], [0.0, 0.0, 1.0]], [[1259.5137405846733, 0.0, 807.2529053838625], [0.0, 1259.5137405846733, 501.19579884916527], [0.0, 0.0, 1.0]]], "extrinsics": [[[0.8205785751342773, -0.5712659358978271, 0.0174940824508667, -0.78289794921875], [0.011978968977928162, -0.013411564752459526, -0.9998382925987244, 1.510909080505371], [0.5714081525802612, 0.8206555247306824, -0.004162066150456667, -1.15386962890625], [0.0, 0.0, 0.0, 1.0]], [[0.005434371531009674, -0.9998367428779602, 0.017235176637768745, 0.0064239501953125], [0.006929772440344095, -0.017197366803884506, -0.9998281598091125, 1.5218067169189453], [0.9999611973762512, 0.005552870221436024, 0.0068351831287145615, -1.509521484375], [0.0, 0.0, 0.0, 1.0]], [[-0.8328713178634644, -0.5533624887466431, -0.0107338335365057, 0.91351318359375], [0.012749838642776012, 0.0002059882099274546, -0.9999186396598816, 1.5054655075073242], [0.5533196926116943, -0.8329405188560486, 0.006883723195642233, -1.16943359375], [0.0, 0.0, 0.0, 1.0]], [[0.9476783871650696, 0.3190346360206604, 0.01107747945934534, -1.136962890625], [0.02174006961286068, -0.029879767447710037, -0.9993170499801636, 1.5886726379394531], [-0.31848573684692383, 0.9472719430923462, -0.03525224328041077, -0.105438232421875], [0.0, 0.0, 0.0, 1.0]], [[0.0026609592605382204, 0.999798595905304, -0.01989465020596981, 0.002838134765625], [-0.003691941499710083, -0.019884765148162842, -0.9997954964637756, 1.5791563987731934], [-0.9999896287918091, 0.0027338925283402205, 0.003638286143541336, -0.0537109375], [0.0, 0.0, 0.0, 1.0]], [[-0.9344837665557861, 0.3548576831817627, -0.02856733649969101, 1.0384521484375], [0.028783904388546944, -0.004669755231589079, -0.9995747804641724, 1.5544586181640625], [-0.3548401892185211, -0.9349086880683899, -0.005850382149219513, -0.10052490234375], [0.0, 0.0, 0.0, 1.0]]], "view": [[0.0, -2.0, 100.0], [-2.0, 0.0, 100.0], [0.0, 0.0, 1.0]], "bev": "bev_5560b4eacfe54b1fba1364ab9458c11d.png", "aux": "aux_5560b4eacfe54b1fba1364ab9458c11d.npz", "visibility": "visibility_5560b4eacfe54b1fba1364ab9458c11d.png", "pose": [[0.3841644823551178, -0.9232646822929382, 0.0, 360.7554626464844], [0.9232646822929382, 0.3841644823551178, 0.0, 1080.83203125], [0.0, 0.0, 1.0, 0.0], [0.0, 0.0, 0.0, 1.0]], "pose_inverse": [[0.3841644823551178, 0.9232646822929382, 0.0, -1136.4835205078125], [-0.9232646822929382, 0.3841644823551178, 0.0, -82.14449310302734], [0.0, 0.0, 1.0, 0.0], [0.0, 0.0, 0.0, 1.0]], "cam_ids": [0, 1, 2, 3, 4, 5], "cam_channels": ["CAM_FRONT_LEFT", "CAM_FRONT", "CAM_FRONT_RIGHT", "CAM_BACK_LEFT", "CAM_BACK", "CAM_BACK_RIGHT"], "token": "5560b4eacfe54b1fba1364ab9458c11d", "scene": "scene-0004"}, {"images": ["samples/CAM_FRONT_LEFT/n015-2018-07-18-11-18-34+0800__CAM_FRONT_LEFT__1531883988354844.jpg", "samples/CAM_FRONT/n015-2018-07-18-11-18-34+0800__CAM_FRONT__1531883988362460.jpg", "samples/CAM_FRONT_RIGHT/n015-2018-07-18-11-18-34+0800__CAM_FRONT_RIGHT__1531883988370339.jpg", "samples/CAM_BACK_LEFT/n015-2018-07-18-11-18-34+0800__CAM_BACK_LEFT__1531883988397423.jpg", "samples/CAM_BACK/n015-2018-07-18-11-18-34+0800__CAM_BACK__1531883988387525.jpg", "samples/CAM_BACK_RIGHT/n015-2018-07-18-11-18-34+0800__CAM_BACK_RIGHT__1531883988377893.jpg"], "intrinsics": [[[1272.5979470598488, 0.0, 826.6154927353808], [0.0, 1272.5979470598488, 479.75165386361925], [0.0, 0.0, 1.0]], [[1266.417203046554, 0.0, 816.2670197447984], [0.0, 1266.417203046554, 491.50706579294757], [0.0, 0.0, 1.0]], [[1260.8474446004698, 0.0, 807.968244525554], [0.0, 1260.8474446004698, 495.3344268742088], [0.0, 0.0, 1.0]], [[1256.7414812095406, 0.0, 792.1125740759628], [0.0, 1256.7414812095406, 492.7757465151356], [0.0, 0.0, 1.0]], [[809.2209905677063, 0.0, 829.2196003259838], [0.0, 809.2209905677063, 481.77842384512485], [0.0, 0.0, 1.0]], [[1259.5137405846733, 0.0, 807.2529053838625], [0.0, 1259.5137405846733, 501.19579884916527], [0.0, 0.0, 1.0]]], "extrinsics": [[[0.8203355669975281, -0.5715287327766418, 0.020109955221414566, -0.77703857421875], [0.012392999604344368, -0.017390113323926926, -0.9997719526290894, 1.5110931396484375], [0.5717481374740601, 0.8203976154327393, -0.007182770408689976, -1.150146484375], [0.0, 0.0, 0.0, 1.0]], [[0.00509481830522418, -0.9997571706771851, 0.021438874304294586, 0.00659942626953125], [0.007200748194009066, -0.021401921287178993, -0.9997450113296509, 1.5219039916992188], [0.9999610781669617, 0.005247906316071749, 0.007089958991855383, -1.50390625], [0.0, 0.0, 0.0, 1.0]], [[-0.8330127000808716, -0.5531880855560303, -0.0085274837911129, 0.9100341796875], [0.012952054850757122, -0.004089980851858854, -0.9999077320098877, 1.5055513381958008], [0.5531021952629089, -0.8330463171005249, 0.010571928694844246, -1.1669921875], [0.0, 0.0, 0.0, 1.0]], [[0.9477294087409973, 0.3189130425453186, 0.010165511630475521, -1.138671875], [0.02212824672460556, -0.03391024097800255, -0.9991798400878906, 1.5886383056640625], [-0.3183067739009857, 0.9471771717071533, -0.03919472545385361, -0.104827880859375], [0.0, 0.0, 0.0, 1.0]], [[0.002785017713904381, 0.9997050166130066, -0.024125676602125168, 0.0027923583984375], [-0.0035114753991365433, -0.024115845561027527, -0.9997029900550842, 1.5791611671447754], [-0.9999898672103882, 0.0028689061291515827, 0.003443275112658739, -0.0548095703125], [0.0, 0.0, 0.0, 1.0]], [[-0.9344093203544617, 0.35491418838500977, -0.030250897631049156, 1.0357666015625], [0.028949791565537453, -0.008976941928267479, -0.9995405673980713, 1.5545616149902344], [-0.355022668838501, -0.9348557591438293, -0.001886553829535842, -0.101409912109375], [0.0, 0.0, 0.0, 1.0]]], "view": [[0.0, -2.0, 100.0], [-2.0, 0.0, 100.0], [0.0, 0.0, 1.0]], "bev": "bev_4e5e68d8f6c14b9685cb129fce75da81.png", "aux": "aux_4e5e68d8f6c14b9685cb129fce75da81.npz", "visibility": "visibility_4e5e68d8f6c14b9685cb129fce75da81.png", "pose": [[0.38371071219444275, -0.9234533309936523, 0.0, 361.7254638671875], [0.9234533309936523, 0.38371071219444275, 0.0, 1083.137451171875], [0.0, 0.0, 1.0, 0.0], [0.0, 0.0, 0.0, 1.0]], "pose_inverse": [[0.38371071219444275, 0.9234533309936523, 0.0, -1139.02490234375], [-0.9234533309936523, 0.38371071219444275, 0.0, -81.57484436035156], [0.0, 0.0, 1.0, 0.0], [0.0, 0.0, 0.0, 1.0]], "cam_ids": [0, 1, 2, 3, 4, 5], "cam_channels": ["CAM_FRONT_LEFT", "CAM_FRONT", "CAM_FRONT_RIGHT", "CAM_BACK_LEFT", "CAM_BACK", "CAM_BACK_RIGHT"], "token": "4e5e68d8f6c14b9685cb129fce75da81", "scene": "scene-0004"}, {"images": ["samples/CAM_FRONT_LEFT/n015-2018-07-18-11-18-34+0800__CAM_FRONT_LEFT__1531883988854844.jpg", "samples/CAM_FRONT/n015-2018-07-18-11-18-34+0800__CAM_FRONT__1531883988862460.jpg", "samples/CAM_FRONT_RIGHT/n015-2018-07-18-11-18-34+0800__CAM_FRONT_RIGHT__1531883988870339.jpg", "samples/CAM_BACK_LEFT/n015-2018-07-18-11-18-34+0800__CAM_BACK_LEFT__1531883988897423.jpg", "samples/CAM_BACK/n015-2018-07-18-11-18-34+0800__CAM_BACK__1531883988887525.jpg", "samples/CAM_BACK_RIGHT/n015-2018-07-18-11-18-34+0800__CAM_BACK_RIGHT__1531883988877893.jpg"], "intrinsics": [[[1272.5979470598488, 0.0, 826.6154927353808], [0.0, 1272.5979470598488, 479.75165386361925], [0.0, 0.0, 1.0]], [[1266.417203046554, 0.0, 816.2670197447984], [0.0, 1266.417203046554, 491.50706579294757], [0.0, 0.0, 1.0]], [[1260.8474446004698, 0.0, 807.968244525554], [0.0, 1260.8474446004698, 495.3344268742088], [0.0, 0.0, 1.0]], [[1256.7414812095406, 0.0, 792.1125740759628], [0.0, 1256.7414812095406, 492.7757465151356], [0.0, 0.0, 1.0]], [[809.2209905677063, 0.0, 829.2196003259838], [0.0, 809.2209905677063, 481.77842384512485], [0.0, 0.0, 1.0]], [[1259.5137405846733, 0.0, 807.2529053838625], [0.0, 1259.5137405846733, 501.19579884916527], [0.0, 0.0, 1.0]]], "extrinsics": [[[0.820320725440979, -0.5713261961936951, 0.025694726034998894, -0.76312255859375], [0.019487591460347176, -0.016978155821561813, -0.9996659159660339, 1.5130500793457031], [0.5715715289115906, 0.8205474019050598, -0.0027937632985413074, -1.14227294921875], [0.0, 0.0, 0.0, 1.0]], [[0.005148338619619608, -0.9997624158859253, 0.021179554983973503, 0.00794219970703125], [0.014146092347800732, -0.021104902029037476, -0.9996772408485413, 1.5234308242797852], [0.9998866319656372, 0.005446264985948801, 0.014034075662493706, -1.4903564453125], [0.0, 0.0, 0.0, 1.0]], [[-0.8328543901443481, -0.5533090829849243, -0.014236009679734707, 0.90118408203125], [0.019746525213122368, -0.003999317996203899, -0.999796986579895, 1.5067768096923828], [0.553139865398407, -0.8329664468765259, 0.014256780967116356, -1.159912109375], [0.0, 0.0, 0.0, 1.0]], [[0.9475850462913513, 0.3191143274307251, 0.01576926000416279, -1.1343994140625], [0.028340063989162445, -0.03478766232728958, -0.9989928007125854, 1.5888137817382812], [-0.3182443678379059, 0.9470775723457336, -0.04200798645615578, -0.10687255859375], [0.0, 0.0, 0.0, 1.0]], [[0.0028916432056576014, 0.9996929168701172, -0.02461414411664009, 0.002410888671875], [0.002954414114356041, -0.024622678756713867, -0.999692440032959, 1.5795555114746094], [-0.9999914169311523, 0.0028180512599647045, -0.0030247075483202934, -0.060791015625], [0.0, 0.0, 0.0, 1.0]], [[-0.9342224597930908, 0.35481536388397217, -0.0365285761654377, 1.02734375], [0.03560563549399376, -0.009132374078035355, -0.9993242025375366, 1.5555953979492188], [-0.354909211397171, -0.9348918795585632, -0.004101757425814867, -0.103851318359375], [0.0, 0.0, 0.0, 1.0]]], "view": [[0.0, -2.0, 100.0], [-2.0, 0.0, 100.0], [0.0, 0.0, 1.0]], "bev": "bev_f900e1dbe5c1427f9818a984feb6309e.png", "aux": "aux_f900e1dbe5c1427f9818a984feb6309e.npz", "visibility": "visibility_f900e1dbe5c1427f9818a984feb6309e.png", "pose": [[0.38183918595314026, -0.9242287874221802, 0.0, 362.7768859863281], [0.9242287874221802, 0.38183918595314026, 0.0, 1085.6385498046875], [0.0, 0.0, 1.0, 0.0], [0.0, 0.0, 0.0, 1.0]], "pose_inverse": [[0.38183918595314026, 0.9242287874221802, 0.0, -1141.90087890625], [-0.9242287874221802, 0.38183918595314026, 0.0, -79.25048065185547], [0.0, 0.0, 1.0, 0.0], [0.0, 0.0, 0.0, 1.0]], "cam_ids": [0, 1, 2, 3, 4, 5], "cam_channels": ["CAM_FRONT_LEFT", "CAM_FRONT", "CAM_FRONT_RIGHT", "CAM_BACK_LEFT", "CAM_BACK", "CAM_BACK_RIGHT"], "token": "f900e1dbe5c1427f9818a984feb6309e", "scene": "scene-0004"}, {"images": ["samples/CAM_FRONT_LEFT/n015-2018-07-18-11-18-34+0800__CAM_FRONT_LEFT__1531883989354844.jpg", "samples/CAM_FRONT/n015-2018-07-18-11-18-34+0800__CAM_FRONT__1531883989362460.jpg", "samples/CAM_FRONT_RIGHT/n015-2018-07-18-11-18-34+0800__CAM_FRONT_RIGHT__1531883989370339.jpg", "samples/CAM_BACK_LEFT/n015-2018-07-18-11-18-34+0800__CAM_BACK_LEFT__1531883989397423.jpg", "samples/CAM_BACK/n015-2018-07-18-11-18-34+0800__CAM_BACK__1531883989387525.jpg", "samples/CAM_BACK_RIGHT/n015-2018-07-18-11-18-34+0800__CAM_BACK_RIGHT__1531883989377893.jpg"], "intrinsics": [[[1272.5979470598488, 0.0, 826.6154927353808], [0.0, 1272.5979470598488, 479.75165386361925], [0.0, 0.0, 1.0]], [[1266.417203046554, 0.0, 816.2670197447984], [0.0, 1266.417203046554, 491.50706579294757], [0.0, 0.0, 1.0]], [[1260.8474446004698, 0.0, 807.968244525554], [0.0, 1260.8474446004698, 495.3344268742088], [0.0, 0.0, 1.0]], [[1256.7414812095406, 0.0, 792.1125740759628], [0.0, 1256.7414812095406, 492.7757465151356], [0.0, 0.0, 1.0]], [[809.2209905677063, 0.0, 829.2196003259838], [0.0, 809.2209905677063, 481.77842384512485], [0.0, 0.0, 1.0]], [[1259.5137405846733, 0.0, 807.2529053838625], [0.0, 1259.5137405846733, 501.19579884916527], [0.0, 0.0, 1.0]]], "extrinsics": [[[0.8205201625823975, -0.5711260437965393, 0.02370040863752365, -0.7528076171875], [0.01605672761797905, -0.01841706596314907, -0.9997014999389648, 1.512404441833496], [0.5713919997215271, 0.8206558227539062, -0.005941159091889858, -1.13336181640625], [0.0, 0.0, 0.0, 1.0]], [[0.005402958020567894, -0.9997313618659973, 0.022538578137755394, 0.00693511962890625], [0.010705732740461826, -0.022479789331555367, -0.9996899962425232, 1.5228424072265625], [0.9999279975891113, 0.005642537493258715, 0.010581400245428085, -1.4781494140625], [0.0, 0.0, 0.0, 1.0]], [[-0.8328103423118591, -0.5534560680389404, -0.010646488517522812, 0.89215087890625], [0.016284549608826637, -0.0052705383859574795, -0.9998534917831421, 1.5063953399658203], [0.553318977355957, -0.8328617215156555, 0.013402145355939865, -1.15484619140625], [0.0, 0.0, 0.0, 1.0]], [[0.9476270079612732, 0.3191492259502411, 0.012121181935071945, -1.1341552734375], [0.02478274144232273, -0.03564176335930824, -0.9990572929382324, 1.5887832641601562], [-0.3184163272380829, 0.9470340609550476, -0.041684482246637344, -0.106781005859375], [0.0, 0.0, 0.0, 1.0]], [[0.0027357018552720547, 0.9996680617332458, -0.025619348511099815, 0.0026702880859375], [-0.0005666965735144913, -0.025617891922593117, -0.9996716976165771, 1.5793259143829346], [-0.9999961256980896, 0.002749355975538492, 0.0004964244435541332, -0.0665283203125], [0.0, 0.0, 0.0, 1.0]], [[-0.934390127658844, 0.3546558618545532, -0.03367898240685463, 1.0194091796875], [0.032121505588293076, -0.010279850102961063, -0.9994311332702637, 1.5554656982421875], [-0.3548002243041992, -0.9349404573440552, -0.0017866881098598242, -0.10736083984375], [0.0, 0.0, 0.0, 1.0]]], "view": [[0.0, -2.0, 100.0], [-2.0, 0.0, 100.0], [0.0, 0.0, 1.0]], "bev": "bev_b4c467c0d1e44b9eb0f34b553aed0b88.png", "aux": "aux_b4c467c0d1e44b9eb0f34b553aed0b88.npz", "visibility": "visibility_b4c467c0d1e44b9eb0f34b553aed0b88.png", "pose": [[0.3788797855377197, -0.9254459142684937, 0.0, 363.875244140625], [0.9254459142684937, 0.3788797855377197, 0.0, 1088.27734375], [0.0, 0.0, 1.0, 0.0], [0.0, 0.0, 0.0, 1.0]], "pose_inverse": [[0.3788797855377197, 0.9254459142684937, 0.0, -1145.0068359375], [-0.9254459142684937, 0.3788797855377197, 0.0, -75.57942199707031], [0.0, 0.0, 1.0, 0.0], [0.0, 0.0, 0.0, 1.0]], "cam_ids": [0, 1, 2, 3, 4, 5], "cam_channels": ["CAM_FRONT_LEFT", "CAM_FRONT", "CAM_FRONT_RIGHT", "CAM_BACK_LEFT", "CAM_BACK", "CAM_BACK_RIGHT"], "token": "b4c467c0d1e44b9eb0f34b553aed0b88", "scene": "scene-0004"}, {"images": ["samples/CAM_FRONT_LEFT/n015-2018-07-18-11-18-34+0800__CAM_FRONT_LEFT__1531883989854844.jpg", "samples/CAM_FRONT/n015-2018-07-18-11-18-34+0800__CAM_FRONT__1531883989862460.jpg", "samples/CAM_FRONT_RIGHT/n015-2018-07-18-11-18-34+0800__CAM_FRONT_RIGHT__1531883989870339.jpg", "samples/CAM_BACK_LEFT/n015-2018-07-18-11-18-34+0800__CAM_BACK_LEFT__1531883989897423.jpg", "samples/CAM_BACK/n015-2018-07-18-11-18-34+0800__CAM_BACK__1531883989887525.jpg", "samples/CAM_BACK_RIGHT/n015-2018-07-18-11-18-34+0800__CAM_BACK_RIGHT__1531883989877893.jpg"], "intrinsics": [[[1272.5979470598488, 0.0, 826.6154927353808], [0.0, 1272.5979470598488, 479.75165386361925], [0.0, 0.0, 1.0]], [[1266.417203046554, 0.0, 816.2670197447984], [0.0, 1266.417203046554, 491.50706579294757], [0.0, 0.0, 1.0]], [[1260.8474446004698, 0.0, 807.968244525554], [0.0, 1260.8474446004698, 495.3344268742088], [0.0, 0.0, 1.0]], [[1256.7414812095406, 0.0, 792.1125740759628], [0.0, 1256.7414812095406, 492.7757465151356], [0.0, 0.0, 1.0]], [[809.2209905677063, 0.0, 829.2196003259838], [0.0, 809.2209905677063, 481.77842384512485], [0.0, 0.0, 1.0]], [[1259.5137405846733, 0.0, 807.2529053838625], [0.0, 1259.5137405846733, 501.19579884916527], [0.0, 0.0, 1.0]]], "extrinsics": [[[0.8206907510757446, -0.5708767771720886, 0.023798145353794098, -0.74139404296875], [0.014382331632077694, -0.020997507497668266, -0.9996760487556458, 1.512181282043457], [0.5711914896965027, 0.8207672834396362, -0.009021922014653683, -1.126220703125], [0.0, 0.0, 0.0, 1.0]], [[0.005607868079096079, -0.9996693730354309, 0.02509082853794098, 0.0074615478515625], [0.009149077348411083, -0.025038881227374077, -0.9996446371078491, 1.5226216316223145], [0.999942421913147, 0.005835454910993576, 0.009005636908113956, -1.467041015625], [0.0, 0.0, 0.0, 1.0]], [[-0.8327630162239075, -0.5535707473754883, -0.008062108419835567, 0.8851318359375], [0.014874754473567009, -0.007815036922693253, -0.9998587965965271, 1.5062894821166992], [0.5534296035766602, -0.8327654600143433, 0.014742306433618069, -1.14984130859375], [0.0, 0.0, 0.0, 1.0]], [[0.9476954340934753, 0.3190004229545593, 0.010586935095489025, -1.1297607421875], [0.023977288976311684, -0.0380781851708889, -0.9989870190620422, 1.5888671875], [-0.3182741105556488, 0.9469893574714661, -0.043735284358263016, -0.1077880859375], [0.0, 0.0, 0.0, 1.0]], [[0.002682202262803912, 0.9996006488800049, -0.02813316322863102, 0.0026397705078125], [-0.001609315164387226, -0.028128912672400475, -0.9996030330657959, 1.5792524814605713], [-0.9999950528144836, 0.002726363018155098, 0.0015332262264564633, -0.0714111328125], [0.0, 0.0, 0.0, 1.0]], [[-0.9344559907913208, 0.35450831055641174, -0.033405859023332596, 1.012939453125], [0.03086790069937706, -0.012813531793653965, -0.9994413256645203, 1.5555229187011719], [-0.35473841428756714, -0.9349650144577026, 0.001030751271173358, -0.1097412109375], [0.0, 0.0, 0.0, 1.0]]], "view": [[0.0, -2.0, 100.0], [-2.0, 0.0, 100.0], [0.0, 0.0, 1.0]], "bev": "bev_96253fd0fbb140268a12a15c98cc8e34.png", "aux": "aux_96253fd0fbb140268a12a15c98cc8e34.npz", "visibility": "visibility_96253fd0fbb140268a12a15c98cc8e34.png", "pose": [[0.3761339485645294, -0.9265652894973755, 0.0, 365.0311279296875], [0.9265652894973755, 0.3761339485645294, 0.0, 1091.0792236328125], [0.0, 0.0, 1.0, 0.0], [0.0, 0.0, 0.0, 1.0]], "pose_inverse": [[0.3761339485645294, 0.9265652894973755, 0.0, -1148.2567138671875], [-0.9265652894973755, 0.3761339485645294, 0.0, -72.16675567626953], [0.0, 0.0, 1.0, 0.0], [0.0, 0.0, 0.0, 1.0]], "cam_ids": [0, 1, 2, 3, 4, 5], "cam_channels": ["CAM_FRONT_LEFT", "CAM_FRONT", "CAM_FRONT_RIGHT", "CAM_BACK_LEFT", "CAM_BACK", "CAM_BACK_RIGHT"], "token": "96253fd0fbb140268a12a15c98cc8e34", "scene": "scene-0004"}, {"images": ["samples/CAM_FRONT_LEFT/n015-2018-07-18-11-18-34+0800__CAM_FRONT_LEFT__1531883990354844.jpg", "samples/CAM_FRONT/n015-2018-07-18-11-18-34+0800__CAM_FRONT__1531883990362460.jpg", "samples/CAM_FRONT_RIGHT/n015-2018-07-18-11-18-34+0800__CAM_FRONT_RIGHT__1531883990370339.jpg", "samples/CAM_BACK_LEFT/n015-2018-07-18-11-18-34+0800__CAM_BACK_LEFT__1531883990397423.jpg", "samples/CAM_BACK/n015-2018-07-18-11-18-34+0800__CAM_BACK__1531883990387525.jpg", "samples/CAM_BACK_RIGHT/n015-2018-07-18-11-18-34+0800__CAM_BACK_RIGHT__1531883990377893.jpg"], "intrinsics": [[[1272.5979470598488, 0.0, 826.6154927353808], [0.0, 1272.5979470598488, 479.75165386361925], [0.0, 0.0, 1.0]], [[1266.417203046554, 0.0, 816.2670197447984], [0.0, 1266.417203046554, 491.50706579294757], [0.0, 0.0, 1.0]], [[1260.8474446004698, 0.0, 807.968244525554], [0.0, 1260.8474446004698, 495.3344268742088], [0.0, 0.0, 1.0]], [[1256.7414812095406, 0.0, 792.1125740759628], [0.0, 1256.7414812095406, 492.7757465151356], [0.0, 0.0, 1.0]], [[809.2209905677063, 0.0, 829.2196003259838], [0.0, 809.2209905677063, 481.77842384512485], [0.0, 0.0, 1.0]], [[1259.5137405846733, 0.0, 807.2529053838625], [0.0, 1259.5137405846733, 501.19579884916527], [0.0, 0.0, 1.0]]], "extrinsics": [[[0.8203423023223877, -0.5711215734481812, 0.029303791001439095, -0.7314453125], [0.020765330642461777, -0.021459605544805527, -0.9995540380477905, 1.51416015625], [0.5714957118034363, 0.8205850124359131, -0.005744693335145712, -1.118408203125], [0.0, 0.0, 0.0, 1.0]], [[0.00518033979460597, -0.9996567368507385, 0.025681938976049423, 0.00678253173828125], [0.0154969971626997, -0.02559894695878029, -0.9995521903038025, 1.5242080688476562], [0.9998664855957031, 0.0055760471150279045, 0.015359064564108849, -1.4559326171875], [0.0, 0.0, 0.0, 1.0]], [[-0.8328173756599426, -0.5533966422080994, -0.012932782992720604, 0.87713623046875], [0.021135155111551285, -0.008442934602499008, -0.9997409582138062, 1.5075931549072266], [0.5531441569328308, -0.8328750133514404, 0.01872755028307438, -1.14501953125], [0.0, 0.0, 0.0, 1.0]], [[0.947602391242981, 0.3190573751926422, 0.015878969803452492, -1.1278076171875], [0.02980482578277588, -0.038811758160591125, -0.9988019466400146, 1.5889949798583984], [-0.3180588185787201, 0.9469403028488159, -0.04628756269812584, -0.108245849609375], [0.0, 0.0, 0.0, 1.0]], [[0.0029511454049497843, 0.9995817542076111, -0.028769539669156075, 0.00286865234375], [0.004383592866361141, -0.02878231555223465, -0.9995760917663574, 1.5797055959701538], [-0.9999860525131226, 0.0028237472288310528, -0.004466701298952103, -0.076904296875], [0.0, 0.0, 0.0, 1.0]], [[-0.9341731071472168, 0.35464027523994446, -0.03938168287277222, 1.0059814453125], [0.03700922057032585, -0.013473119586706161, -0.9992241263389587, 1.5566024780273438], [-0.3548957109451294, -0.9349057674407959, -0.0005387344863265753, -0.11273193359375], [0.0, 0.0, 0.0, 1.0]]], "view": [[0.0, -2.0, 100.0], [-2.0, 0.0, 100.0], [0.0, 0.0, 1.0]], "bev": "bev_6563266bf0644b3f970a0575c1e58a5e.png", "aux": "aux_6563266bf0644b3f970a0575c1e58a5e.npz", "visibility": "visibility_6563266bf0644b3f970a0575c1e58a5e.png", "pose": [[0.3773994743824005, -0.9260505437850952, 0.0, 366.24969482421875], [0.9260505437850952, 0.3773994743824005, 0.0, 1094.01708984375], [0.0, 0.0, 1.0, 0.0], [0.0, 0.0, 0.0, 1.0]], "pose_inverse": [[0.3773994743824005, 0.9260505437850952, 0.0, -1151.3375244140625], [-0.9260505437850952, 0.3773994743824005, 0.0, -73.71575164794922], [0.0, 0.0, 1.0, 0.0], [0.0, 0.0, 0.0, 1.0]], "cam_ids": [0, 1, 2, 3, 4, 5], "cam_channels": ["CAM_FRONT_LEFT", "CAM_FRONT", "CAM_FRONT_RIGHT", "CAM_BACK_LEFT", "CAM_BACK", "CAM_BACK_RIGHT"], "token": "6563266bf0644b3f970a0575c1e58a5e", "scene": "scene-0004"}, {"images": ["samples/CAM_FRONT_LEFT/n015-2018-07-18-11-18-34+0800__CAM_FRONT_LEFT__1531883990854844.jpg", "samples/CAM_FRONT/n015-2018-07-18-11-18-34+0800__CAM_FRONT__1531883990862460.jpg", "samples/CAM_FRONT_RIGHT/n015-2018-07-18-11-18-34+0800__CAM_FRONT_RIGHT__1531883990870339.jpg", "samples/CAM_BACK_LEFT/n015-2018-07-18-11-18-34+0800__CAM_BACK_LEFT__1531883990897423.jpg", "samples/CAM_BACK/n015-2018-07-18-11-18-34+0800__CAM_BACK__1531883990887525.jpg", "samples/CAM_BACK_RIGHT/n015-2018-07-18-11-18-34+0800__CAM_BACK_RIGHT__1531883990877893.jpg"], "intrinsics": [[[1272.5979470598488, 0.0, 826.6154927353808], [0.0, 1272.5979470598488, 479.75165386361925], [0.0, 0.0, 1.0]], [[1266.417203046554, 0.0, 816.2670197447984], [0.0, 1266.417203046554, 491.50706579294757], [0.0, 0.0, 1.0]], [[1260.8474446004698, 0.0, 807.968244525554], [0.0, 1260.8474446004698, 495.3344268742088], [0.0, 0.0, 1.0]], [[1256.7414812095406, 0.0, 792.1125740759628], [0.0, 1256.7414812095406, 492.7757465151356], [0.0, 0.0, 1.0]], [[809.2209905677063, 0.0, 829.2196003259838], [0.0, 809.2209905677063, 481.77842384512485], [0.0, 0.0, 1.0]], [[1259.5137405846733, 0.0, 807.2529053838625], [0.0, 1259.5137405846733, 501.19579884916527], [0.0, 0.0, 1.0]]], "extrinsics": [[[0.8204011917114258, -0.5710104703903198, 0.029816245660185814, -0.716796875], [0.022295648232102394, -0.02015969529747963, -0.9995481371879578, 1.5149974822998047], [0.571353554725647, 0.8206952214241028, -0.003807989414781332, -1.10986328125], [0.0, 0.0, 0.0, 1.0]], [[0.005317416973412037, -0.9996928572654724, 0.024204524233937263, 0.0080413818359375], [0.016474002972245216, -0.024114008992910385, -0.9995734691619873, 1.524693489074707], [0.9998500943183899, 0.0057139010168612, 0.016340717673301697, -1.4422607421875], [0.0, 0.0, 0.0, 1.0]], [[-0.832736074924469, -0.5534884333610535, -0.014180772937834263, 0.86859130859375], [0.021584682166576385, -0.006860497873276472, -0.9997434616088867, 1.5079174041748047], [0.553249180316925, -0.8328285813331604, 0.017659856006503105, -1.13836669921875], [0.0, 0.0, 0.0, 1.0]], [[0.9476457834243774, 0.3189584016799927, 0.015262169763445854, -1.1268310546875], [0.028598148375749588, -0.037169553339481354, -0.9988996982574463, 1.5890254974365234], [-0.3180401623249054, 0.9470395445823669, -0.0443451888859272, -0.108978271484375], [0.0, 0.0, 0.0, 1.0]], [[0.0028653701301664114, 0.999