[{"images": ["samples/CAM_FRONT_LEFT/n008-2018-09-18-15-12-01-0400__CAM_FRONT_LEFT__1537298005754799.jpg", "samples/CAM_FRONT/n008-2018-09-18-15-12-01-0400__CAM_FRONT__1537298005762404.jpg", "samples/CAM_FRONT_RIGHT/n008-2018-09-18-15-12-01-0400__CAM_FRONT_RIGHT__1537298005770482.jpg", "samples/CAM_BACK_LEFT/n008-2018-09-18-15-12-01-0400__CAM_BACK_LEFT__1537298005797405.jpg", "samples/CAM_BACK/n008-2018-09-18-15-12-01-0400__CAM_BACK__1537298005787558.jpg", "samples/CAM_BACK_RIGHT/n008-2018-09-18-15-12-01-0400__CAM_BACK_RIGHT__1537298005778113.jpg"], "intrinsics": [[[1257.8625342125129, 0.0, 827.2410631095686], [0.0, 1257.8625342125129, 450.915498205774], [0.0, 0.0, 1.0]], [[1252.8131021185304, 0.0, 826.588114781398], [0.0, 1252.8131021185304, 469.9846626224581], [0.0, 0.0, 1.0]], [[1256.7485116440405, 0.0, 817.7887570959712], [0.0, 1256.7485116440403, 451.9541780095127], [0.0, 0.0, 1.0]], [[1254.9860565800168, 0.0, 829.5769333630991], [0.0, 1254.9860565800168, 467.1680561863987], [0.0, 0.0, 1.0]], [[796.8910634503094, 0.0, 857.7774326863696], [0.0, 796.8910634503094, 476.8848988407415], [0.0, 0.0, 1.0]], [[1249.9629280788233, 0.0, 825.3768045375984], [0.0, 1249.9629280788233, 462.54816385708756], [0.0, 0.0, 1.0]]], "extrinsics": [[[0.8293687105178833, -0.558589518070221, -0.011195915751159191, -0.7867431640625], [-0.0074380431324243546, 0.008998150937259197, -0.999931812286377, 1.4863395690917969], [0.5586522817611694, 0.8293954730033875, 0.0033079693093895912, -1.185302734375], [0.0, 0.0, 0.0, 1.0]], [[0.020303549244999886, -0.9997818470001221, -0.004886745475232601, 0.00927734375], [-0.005332259926944971, 0.004779398906975985, -0.9999743700027466, 1.4789962768554688], [0.9997796416282654, 0.02032916247844696, -0.005234058015048504, -1.514678955078125], [0.0, 0.0, 0.0, 1.0]], [[-0.8398203253746033, -0.5428643822669983, -0.000267327792244032, 0.9444580078125], [0.002884682035073638, -0.003970215562731028, -0.9999879002571106, 1.4935712814331055], [0.5428566932678223, -0.8398110270500183, 0.0049002585001289845, -1.183837890625], [0.0, 0.0, 0.0, 1.0]], [[0.9475086331367493, 0.31924957036972046, -0.017525790259242058, -1.12603759765625], [-0.02211526222527027, 0.010756193660199642, -0.9996975660324097, 1.5616378784179688], [-0.31896451115608215, 0.9476096630096436, 0.01725187338888645, -0.161376953125], [0.0, 0.0, 0.0, 1.0]], [[0.005893801338970661, 0.9999774694442749, 0.0032110537867993116, -0.0279541015625], [-0.02015531063079834, 0.003329250495880842, -0.9997913241386414, 1.566551685333252], [-0.9997795224189758, 0.0058278609067201614, 0.020174480974674225, -0.0305328369140625], [0.0, 0.0, 0.0, 1.0]], [[-0.9259440302848816, 0.3775857985019684, 0.00751873105764389, 1.04071044921875], [-0.015975628048181534, -0.019270222634077072, -0.9996866583824158, 1.5457344055175781], [-0.37732261419296265, -0.9257740378379822, 0.023875318467617035, -0.0928955078125], [0.0, 0.0, 0.0, 1.0]]], "view": [[0.0, -2.0, 100.0], [-2.0, 0.0, 100.0], [0.0, 0.0, 1.0]], "bev": "bev_e693989d8ad141608999200df71aca71.png", "aux": "aux_e693989d8ad141608999200df71aca71.npz", "visibility": "visibility_e693989d8ad141608999200df71aca71.png", "pose": [[0.6958434581756592, 0.7181934714317322, 0.0, 1488.8756103515625], [-0.7181934714317322, 0.6958434581756592, 0.0, 1366.7740478515625], [0.0, 0.0, 1.0, 0.0], [0.0, 0.0, 0.0, 1.0]], "pose_inverse": [[0.6958434581756592, -0.7181934714317322, 0.0, -54.416160583496094], [0.7181934714317322, 0.6958434581756592, 0.0, -2020.361572265625], [0.0, 0.0, 1.0, 0.0], [0.0, 0.0, 0.0, 1.0]], "cam_ids": [0, 1, 2, 3, 4, 5], "cam_channels": ["CAM_FRONT_LEFT", "CAM_FRONT", "CAM_FRONT_RIGHT", "CAM_BACK_LEFT", "CAM_BACK", "CAM_BACK_RIGHT"], "token": "e693989d8ad141608999200df71aca71", "scene": "scene-0907"}, {"images": ["samples/CAM_FRONT_LEFT/n008-2018-09-18-15-12-01-0400__CAM_FRONT_LEFT__1537298006254799.jpg", "samples/CAM_FRONT/n008-2018-09-18-15-12-01-0400__CAM_FRONT__1537298006262404.jpg", "samples/CAM_FRONT_RIGHT/n008-2018-09-18-15-12-01-0400__CAM_FRONT_RIGHT__1537298006270482.jpg", "samples/CAM_BACK_LEFT/n008-2018-09-18-15-12-01-0400__CAM_BACK_LEFT__1537298006297405.jpg", "samples/CAM_BACK/n008-2018-09-18-15-12-01-0400__CAM_BACK__1537298006287558.jpg", "samples/CAM_BACK_RIGHT/n008-2018-09-18-15-12-01-0400__CAM_BACK_RIGHT__1537298006278113.jpg"], "intrinsics": [[[1257.8625342125129, 0.0, 827.2410631095686], [0.0, 1257.8625342125129, 450.915498205774], [0.0, 0.0, 1.0]], [[1252.8131021185304, 0.0, 826.588114781398], [0.0, 1252.8131021185304, 469.9846626224581], [0.0, 0.0, 1.0]], [[1256.7485116440405, 0.0, 817.7887570959712], [0.0, 1256.7485116440403, 451.9541780095127], [0.0, 0.0, 1.0]], [[1254.9860565800168, 0.0, 829.5769333630991], [0.0, 1254.9860565800168, 467.1680561863987], [0.0, 0.0, 1.0]], [[796.8910634503094, 0.0, 857.7774326863696], [0.0, 796.8910634503094, 476.8848988407415], [0.0, 0.0, 1.0]], [[1249.9629280788233, 0.0, 825.3768045375984], [0.0, 1249.9629280788233, 462.54816385708756], [0.0, 0.0, 1.0]]], "extrinsics": [[[0.8337414264678955, -0.5521366000175476, 0.0045309001579880714, -0.7889404296875], [0.002409945474937558, -0.0045669302344322205, -0.9999866485595703, 1.4889183044433594], [0.5521498918533325, 0.8337412476539612, -0.0024770216550678015, -1.1905517578125], [0.0, 0.0, 0.0, 1.0]], [[0.02698359079658985, -0.9995964765548706, 0.008882073685526848, 0.011474609375], [0.004546124022454023, -0.008762509562075138, -0.9999513030052185, 1.481149673461914], [0.999625563621521, 0.027022728696465492, 0.004307844676077366, -1.517974853515625], [0.0, 0.0, 0.0, 1.0]], [[-0.8368166089057922, -0.5474820733070374, -0.0011504257563501596, 0.947021484375], [0.012794365175068378, -0.017455149441957474, -0.9997657537460327, 1.4952812194824219], [0.5473337769508362, -0.8366353511810303, 0.021611444652080536, -1.18310546875], [0.0, 0.0, 0.0, 1.0]], [[0.947472333908081, 0.31959083676338196, -0.012563071213662624, -1.125396728515625], [-0.012345559895038605, -0.0027065612375736237, -0.999920129776001, 1.5618009567260742], [-0.31959933042526245, 0.9475517868995667, 0.0013811386888846755, -0.1607666015625], [0.0, 0.0, 0.0, 1.0]], [[0.0035935337655246258, 0.9999411106109619, -0.010244150646030903, -0.02880859375], [-0.010282490402460098, -0.010206726379692554, -0.9998949766159058, 1.5673065185546875], [-0.9999407529830933, 0.003698486601933837, 0.010245206765830517, -0.029327392578125], [0.0, 0.0, 0.0, 1.0]], [[-0.927482545375824, 0.37380683422088623, -0.00668434938415885, 1.0418701171875], [-0.006025685928761959, -0.032822687178850174, -0.9994430541992188, 1.5470542907714844], [-0.3738180696964264, -0.9269256591796875, 0.03269490972161293, -0.0911865234375], [0.0, 0.0, 0.0, 1.0]]], "view": [[0.0, -2.0, 100.0], [-2.0, 0.0, 100.0], [0.0, 0.0, 1.0]], "bev": "bev_bf3b9da1e7054458851f93f4a44ffb9c.png", "aux": "aux_bf3b9da1e7054458851f93f4a44ffb9c.npz", "visibility": "visibility_bf3b9da1e7054458851f93f4a44ffb9c.png", "pose": [[0.5516390800476074, 0.8340829610824585, 0.0, 1490.637451171875], [-0.8340829610824585, 0.5516390800476074, 0.0, 1364.5821533203125], [0.0, 0.0, 1.0, 0.0], [0.0, 0.0, 0.0, 1.0]], "pose_inverse": [[0.5516390800476074, -0.8340829610824585, 0.0, 315.880859375], [0.8340829610824585, 0.5516390800476074, 0.0, -1996.072021484375], [0.0, 0.0, 1.0, 0.0], [0.0, 0.0, 0.0, 1.0]], "cam_ids": [0, 1, 2, 3, 4, 5], "cam_channels": ["CAM_FRONT_LEFT", "CAM_FRONT", "CAM_FRONT_RIGHT", "CAM_BACK_LEFT", "CAM_BACK", "CAM_BACK_RIGHT"], "token": "bf3b9da1e7054458851f93f4a44ffb9c", "scene": "scene-0907"}, {"images": ["samples/CAM_FRONT_LEFT/n008-2018-09-18-15-12-01-0400__CAM_FRONT_LEFT__1537298006754799.jpg", "samples/CAM_FRONT/n008-2018-09-18-15-12-01-0400__CAM_FRONT__1537298006762404.jpg", "samples/CAM_FRONT_RIGHT/n008-2018-09-18-15-12-01-0400__CAM_FRONT_RIGHT__1537298006770482.jpg", "samples/CAM_BACK_LEFT/n008-2018-09-18-15-12-01-0400__CAM_BACK_LEFT__1537298006797405.jpg", "samples/CAM_BACK/n008-2018-09-18-15-12-01-0400__CAM_BACK__1537298006787558.jpg", "samples/CAM_BACK_RIGHT/n008-2018-09-18-15-12-01-0400__CAM_BACK_RIGHT__1537298006778113.jpg"], "intrinsics": [[[1257.8625342125129, 0.0, 827.2410631095686], [0.0, 1257.8625342125129, 450.915498205774], [0.0, 0.0, 1.0]], [[1252.8131021185304, 0.0, 826.588114781398], [0.0, 1252.8131021185304, 469.9846626224581], [0.0, 0.0, 1.0]], [[1256.7485116440405, 0.0, 817.7887570959712], [0.0, 1256.7485116440403, 451.9541780095127], [0.0, 0.0, 1.0]], [[1254.9860565800168, 0.0, 829.5769333630991], [0.0, 1254.9860565800168, 467.1680561863987], [0.0, 0.0, 1.0]], [[796.8910634503094, 0.0, 857.7774326863696], [0.0, 796.8910634503094, 476.8848988407415], [0.0, 0.0, 1.0]], [[1249.9629280788233, 0.0, 825.3768045375984], [0.0, 1249.9629280788233, 462.54816385708756], [0.0, 0.0, 1.0]]], "extrinsics": [[[0.8344026803970337, -0.5511396527290344, 0.004156788345426321, -0.792236328125], [0.0058961296454072, 0.0013844679342582822, -0.999981701374054, 1.4898021221160889], [0.5511237978935242, 0.8344119191169739, 0.004404795356094837, -1.1915283203125], [0.0, 0.0, 0.0, 1.0]], [[0.027940338477492332, -0.9996049404144287, 0.0030321429949253798, 0.0108642578125], [0.008048264309763908, -0.00280827097594738, -0.9999637007713318, 1.481867790222168], [0.9995772242546082, 0.02796372026205063, 0.007966620847582817, -1.5234375], [0.0, 0.0, 0.0, 1.0]], [[-0.8364097476005554, -0.5480546355247498, -0.007406672462821007, 0.953369140625], [0.016361454501748085, -0.011458137072622776, -0.9998005032539368, 1.4957618713378906], [0.5478605031967163, -0.8363639712333679, 0.01855066791176796, -1.187255859375], [0.0, 0.0, 0.0, 1.0]], [[0.9475462436676025, 0.31954342126846313, -0.006931968033313751, -1.1287155151367188], [-0.008563423529267311, 0.003700823523104191, -0.999956488609314, 1.5619239807128906], [-0.31950393319129944, 0.9475643634796143, 0.006243088748306036, -0.15869140625], [0.0, 0.0, 0.0, 1.0]], [[0.003446752205491066, 0.9999859929084778, -0.004030612297356129, -0.028564453125], [-0.006628925446420908, -0.004007698502391577, -0.9999699592590332, 1.567610740661621], [-0.9999721050262451, 0.003473389893770218, 0.006615018472075462, -0.02386474609375], [0.0, 0.0, 0.0, 1.0]], [[-0.9276328086853027, 0.3734121024608612, -0.007789196912199259, 1.0479736328125], [-0.0023810784332454205, -0.026767075061798096, -0.9996388554573059, 1.5475234985351562], [-0.3734857439994812, -0.9272792935371399, 0.025719143450260162, -0.0888671875], [0.0, 0.0, 0.0, 1.0]]], "view": [[0.0, -2.0, 100.0], [-2.0, 0.0, 100.0], [0.0, 0.0, 1.0]], "bev": "bev_2beac07fddfa49f38f5380f1ae761d6d.png", "aux": "aux_2beac07fddfa49f38f5380f1ae761d6d.npz", "visibility": "visibility_2beac07fddfa49f38f5380f1ae761d6d.png", "pose": [[0.34757721424102783, 0.9376513361930847, 0.0, 1491.93994140625], [-0.9376513361930847, 0.34757721424102783, 0.0, 1362.0032958984375], [0.0, 0.0, 1.0, 0.0], [0.0, 0.0, 0.0, 1.0]], "pose_inverse": [[0.34757721424102783, -0.9376513361930847, 0.0, 758.5198974609375], [0.9376513361930847, 0.34757721424102783, 0.0, -1872.32080078125], [0.0, 0.0, 1.0, 0.0], [0.0, 0.0, 0.0, 1.0]], "cam_ids": [0, 1, 2, 3, 4, 5], "cam_channels": ["CAM_FRONT_LEFT", "CAM_FRONT", "CAM_FRONT_RIGHT", "CAM_BACK_LEFT", "CAM_BACK", "CAM_BACK_RIGHT"], "token": "2beac07fddfa49f38f5380f1ae761d6d", "scene": "scene-0907"}, {"images": ["samples/CAM_FRONT_LEFT/n008-2018-09-18-15-12-01-0400__CAM_FRONT_LEFT__1537298007154799.jpg", "samples/CAM_FRONT/n008-2018-09-18-15-12-01-0400__CAM_FRONT__1537298007162404.jpg", "samples/CAM_FRONT_RIGHT/n008-2018-09-18-15-12-01-0400__CAM_FRONT_RIGHT__1537298007170482.jpg", "samples/CAM_BACK_LEFT/n008-2018-09-18-15-12-01-0400__CAM_BACK_LEFT__1537298007197405.jpg", "samples/CAM_BACK/n008-2018-09-18-15-12-01-0400__CAM_BACK__1537298007187558.jpg", "samples/CAM_BACK_RIGHT/n008-2018-09-18-15-12-01-0400__CAM_BACK_RIGHT__1537298007178113.jpg"], "intrinsics": [[[1257.8625342125129, 0.0, 827.2410631095686], [0.0, 1257.8625342125129, 450.915498205774], [0.0, 0.0, 1.0]], [[1252.8131021185304, 0.0, 826.588114781398], [0.0, 1252.8131021185304, 469.9846626224581], [0.0, 0.0, 1.0]], [[1256.7485116440405, 0.0, 817.7887570959712], [0.0, 1256.7485116440403, 451.9541780095127], [0.0, 0.0, 1.0]], [[1254.9860565800168, 0.0, 829.5769333630991], [0.0, 1254.9860565800168, 467.1680561863987], [0.0, 0.0, 1.0]], [[796.8910634503094, 0.0, 857.7774326863696], [0.0, 796.8910634503094, 476.8848988407415], [0.0, 0.0, 1.0]], [[1249.9629280788233, 0.0, 825.3768045375984], [0.0, 1249.9629280788233, 462.54816385708756], [0.0, 0.0, 1.0]]], "extrinsics": [[[0.8341504335403442, -0.551515519618988, 0.0048756953328847885, -0.78955078125], [0.007588159758597612, 0.002636606339365244, -0.9999677538871765, 1.4902803897857666], [0.5514848232269287, 0.834160566329956, 0.006384313106536865, -1.18670654296875], [0.0, 0.0, 0.0, 1.0]], [[0.027372807264328003, -0.9996236562728882, 0.0018051925580948591, 0.0087890625], [0.009402924217283726, -0.0015483079478144646, -0.9999545812606812, 1.4821882247924805], [0.9995810985565186, 0.027388514950871468, 0.009357004426419735, -1.5194091796875], [0.0, 0.0, 0.0, 1.0]], [[-0.8367735147476196, -0.5474761724472046, -0.008943040855228901, 0.9495353698730469], [0.017395583912730217, -0.010256057605147362, -0.9997960925102234, 1.4959754943847656], [0.547272801399231, -0.8367584347724915, 0.01810566335916519, -1.18701171875], [0.0, 0.0, 0.0, 1.0]], [[0.9475881457328796, 0.3194205164909363, -0.006882346700876951, -1.130645751953125], [-0.008736010640859604, 0.004370793234556913, -0.9999522566795349, 1.561936378479004], [-0.31937524676322937, 0.9476030468940735, 0.006932172924280167, -0.1578369140625], [0.0, 0.0, 0.0, 1.0]], [[0.0037812218070030212, 0.9999881386756897, -0.0030805335845798254, -0.0279541015625], [-0.0063459500670433044, -0.0030564984772354364, -0.9999751448631287, 1.5676219463348389], [-0.9999727606773376, 0.003800688311457634, 0.0063343169167637825, -0.0245361328125], [0.0, 0.0, 0.0, 1.0]], [[-0.9274306893348694, 0.3739078640937805, -0.008068221621215343, 1.046630859375], [-0.0016454561846330762, -0.025652315467596054, -0.9996695518493652, 1.5475807189941406], [-0.3739912509918213, -0.927111029624939, 0.02440599724650383, -0.0908203125], [0.0, 0.0, 0.0, 1.0]]], "view": [[0.0, -2.0, 100.0], [-2.0, 0.0, 100.0], [0.0, 0.0, 1.0]], "bev": "bev_b8fd81311abd466b9975a21f69d8c357.png", "aux": "aux_b8fd81311abd466b9975a21f69d8c357.npz", "visibility": "visibility_b8fd81311abd466b9975a21f69d8c357.png", "pose": [[0.1669011116027832, 0.9859736561775208, 0.0, 1492.52734375], [-0.9859736561775208, 0.1669011116027832, 0.0, 1359.7744140625], [0.0, 0.0, 1.0, 0.0], [0.0, 0.0, 0.0, 1.0]], "pose_inverse": [[0.1669011116027832, -0.9859736561775208, 0.0, 1091.5972900390625], [0.9859736561775208, 0.1669011116027832, 0.0, -1698.54052734375], [0.0, 0.0, 1.0, 0.0], [0.0, 0.0, 0.0, 1.0]], "cam_ids": [0, 1, 2, 3, 4, 5], "cam_channels": ["CAM_FRONT_LEFT", "CAM_FRONT", "CAM_FRONT_RIGHT", "CAM_BACK_LEFT", "CAM_BACK", "CAM_BACK_RIGHT"], "token": "b8fd81311abd466b9975a21f69d8c357", "scene": "scene-0907"}, {"images": ["samples/CAM_FRONT_LEFT/n008-2018-09-18-15-12-01-0400__CAM_FRONT_LEFT__1537298007654799.jpg", "samples/CAM_FRONT/n008-2018-09-18-15-12-01-0400__CAM_FRONT__1537298007662404.jpg", "samples/CAM_FRONT_RIGHT/n008-2018-09-18-15-12-01-0400__CAM_FRONT_RIGHT__1537298007670482.jpg", "samples/CAM_BACK_LEFT/n008-2018-09-18-15-12-01-0400__CAM_BACK_LEFT__1537298007697405.jpg", "samples/CAM_BACK/n008-2018-09-18-15-12-01-0400__CAM_BACK__1537298007687558.jpg", "samples/CAM_BACK_RIGHT/n008-2018-09-18-15-12-01-0400__CAM_BACK_RIGHT__1537298007678113.jpg"], "intrinsics": [[[1257.8625342125129, 0.0, 827.2410631095686], [0.0, 1257.8625342125129, 450.915498205774], [0.0, 0.0, 1.0]], [[1252.8131021185304, 0.0, 826.588114781398], [0.0, 1252.8131021185304, 469.9846626224581], [0.0, 0.0, 1.0]], [[1256.7485116440405, 0.0, 817.7887570959712], [0.0, 1256.7485116440403, 451.9541780095127], [0.0, 0.0, 1.0]], [[1254.9860565800168, 0.0, 829.5769333630991], [0.0, 1254.9860565800168, 467.1680561863987], [0.0, 0.0, 1.0]], [[796.8910634503094, 0.0, 857.7774326863696], [0.0, 796.8910634503094, 476.8848988407415], [0.0, 0.0, 1.0]], [[1249.9629280788233, 0.0, 825.3768045375984], [0.0, 1249.9629280788233, 462.54816385708756], [0.0, 0.0, 1.0]]], "extrinsics": [[[0.8338050246238708, -0.5520331859588623, 0.0053580813109874725, -0.7926025390625], [0.006821099668741226, 0.0005969065241515636, -0.9999765157699585, 1.49005126953125], [0.5520170331001282, 0.8338220119476318, 0.004263175651431084, -1.188629150390625], [0.0, 0.0, 0.0, 1.0]], [[0.02689472585916519, -0.9996300339698792, 0.004049397073686123, 0.0086669921875], [0.008765376172959805, -0.00381488143466413, -0.999954342842102, 1.4820117950439453], [0.9995997548103333, 0.026928987354040146, 0.008659533224999905, -1.522705078125], [0.0, 0.0, 0.0, 1.0]], [[-0.8369544148445129, -0.5472272634506226, -0.007055189926177263, 0.952178955078125], [0.01676883175969124, -0.01275726594030857, -0.9997779726982117, 1.4958076477050781], [0.5470157861709595, -0.8368869423866272, 0.019853610545396805, -1.1890869140625], [0.0, 0.0, 0.0, 1.0]], [[0.9476802945137024, 0.3191169500350952, -0.008147228509187698, -1.13458251953125], [-0.009002476930618286, 0.001205130247399211, -0.9999587535858154, 1.561964988708496], [-0.3190940022468567, 0.9477145075798035, 0.00401492090895772, -0.1563720703125], [0.0, 0.0, 0.0, 1.0]], [[0.004070841707289219, 0.9999733567237854, -0.006062470842152834, -0.02783203125], [-0.00687894644215703, -0.006034374702721834, -0.9999580979347229, 1.56760835647583], [-0.9999680519104004, 0.004112367983907461, 0.006854197941720486, -0.0208740234375], [0.0, 0.0, 0.0, 1.0]], [[-0.9273210167884827, 0.3741713762283325, -0.008459394797682762, 1.0499267578125], [-0.002326047047972679, -0.028363903984427452, -0.9995949864387512, 1.5475006103515625], [-0.37425971031188965, -0.9269257187843323, 0.027172785252332687, -0.08984375], [0.0, 0.0, 0.0, 1.0]]], "view": [[0.0, -2.0, 100.0], [-2.0, 0.0, 100.0], [0.0, 0.0, 1.0]], "bev": "bev_197990b85a9b47dbba39406a42ff8ab6.png", "aux": "aux_197990b85a9b47dbba39406a42ff8ab6.npz", "visibility": "visibility_197990b85a9b47dbba39406a42ff8ab6.png", "pose": [[-0.06029662489891052, 0.9981805086135864, 0.0, 1492.672607421875], [-0.9981805086135864, -0.06029662489891052, 0.0, 1356.886474609375], [0.0, 0.0, 1.0, 0.0], [0.0, 0.0, 0.0, 1.0]], "pose_inverse": [[-0.06029662489891052, -0.9981805086135864, 0.0, 1444.4207763671875], [0.9981805086135864, -0.06029662489891052, 0.0, -1408.1409912109375], [0.0, 0.0, 1.0, 0.0], [0.0, 0.0, 0.0, 1.0]], "cam_ids": [0, 1, 2, 3, 4, 5], "cam_channels": ["CAM_FRONT_LEFT", "CAM_FRONT", "CAM_FRONT_RIGHT", "CAM_BACK_LEFT", "CAM_BACK", "CAM_BACK_RIGHT"], "token": "197990b85a9b47dbba39406a42ff8ab6", "scene": "scene-0907"}, {"images": ["samples/CAM_FRONT_LEFT/n008-2018-09-18-15-12-01-0400__CAM_FRONT_LEFT__1537298008154799.jpg", "samples/CAM_FRONT/n008-2018-09-18-15-12-01-0400__CAM_FRONT__1537298008162404.jpg", "samples/CAM_FRONT_RIGHT/n008-2018-09-18-15-12-01-0400__CAM_FRONT_RIGHT__1537298008170482.jpg", "samples/CAM_BACK_LEFT/n008-2018-09-18-15-12-01-0400__CAM_BACK_LEFT__1537298008197405.jpg", "samples/CAM_BACK/n008-2018-09-18-15-12-01-0400__CAM_BACK__1537298008187558.jpg", "samples/CAM_BACK_RIGHT/n008-2018-09-18-15-12-01-0400__CAM_BACK_RIGHT__1537298008178113.jpg"], "intrinsics": [[[1257.8625342125129, 0.0, 827.2410631095686], [0.0, 1257.8625342125129, 450.915498205774], [0.0, 0.0, 1.0]], [[1252.8131021185304, 0.0, 826.588114781398], [0.0, 1252.8131021185304, 469.9846626224581], [0.0, 0.0, 1.0]], [[1256.7485116440405, 0.0, 817.7887570959712], [0.0, 1256.7485116440403, 451.9541780095127], [0.0, 0.0, 1.0]], [[1254.9860565800168, 0.0, 829.5769333630991], [0.0, 1254.9860565800168, 467.1680561863987], [0.0, 0.0, 1.0]], [[796.8910634503094, 0.0, 857.7774326863696], [0.0, 796.8910634503094, 476.8848988407415], [0.0, 0.0, 1.0]], [[1249.9629280788233, 0.0, 825.3768045375984], [0.0, 1249.9629280788233, 462.54816385708756], [0.0, 0.0, 1.0]]], "extrinsics": [[[0.8315588235855103, -0.5553657412528992, 0.008885734714567661, -0.78125], [0.01210209634155035, 0.0021220981143414974, -0.9999244809150696, 1.4915847778320312], [0.555305004119873, 0.831603467464447, 0.008485738188028336, -1.1800308227539062], [0.0, 0.0, 0.0, 1.0]], [[0.023448564112186432, -0.9997225999832153, 0.00220873998478055, 0.00830078125], [0.014178338460624218, -0.0018765736604109406, -0.9998977184295654, 1.4833412170410156], [0.9996244311332703, 0.023477457463741302, 0.01413040328770876, -1.5103759765625], [0.0, 0.0, 0.0, 1.0]], [[-0.8384361863136292, -0.5448431968688965, -0.013070903718471527, 0.94384765625], [0.02233099564909935, -0.010381285101175308, -0.9996967315673828, 1.4969444274902344], [0.5445422530174255, -0.8384737372398376, 0.020870935171842575, -1.18408203125], [0.0, 0.0, 0.0, 1.0]], [[0.9477190375328064, 0.3191033601760864, -0.0013399196323007345, -1.135986328125], [-0.0031203515827655792, 0.005068326368927956, -0.9999822974205017, 1.5620241165161133], [-0.31909093260765076, 0.947706401348114, 0.0057990662753582, -0.1568603515625], [0.0, 0.0, 0.0, 1.0]], [[0.005223870277404785, 0.9999828338623047, -0.0026289273519068956, -0.0279541015625], [-0.000981752178631723, -0.0026238327845931053, -0.9999960660934448, 1.5679925680160522], [-0.999985933303833, 0.005226401146501303, 0.0009680287912487984, -0.0242919921875], [0.0, 0.0, 0.0, 1.0]], [[-0.9264864325523376, 0.37611284852027893, -0.012729311361908913, 1.0433349609375], [0.0033847044687718153, -0.025495588779449463, -0.9996691942214966, 1.5482177734375], [-0.3763129413127899, -0.9262230396270752, 0.02234828658401966, -0.0924072265625], [0.0, 0.0, 0.0, 1.0]]], "view": [[0.0, -2.0, 100.0], [-2.0, 0.0, 100.0], [0.0, 0.0, 1.0]], "bev": "bev_ce93f225efbd43ac99b94e885de1b09c.png", "aux": "aux_ce93f225efbd43ac99b94e885de1b09c.npz", "visibility": "visibility_ce93f225efbd43ac99b94e885de1b09c.png", "pose": [[-0.262790709733963, 0.9648528695106506, 0.0, 1492.1884765625], [-0.9648528695106506, -0.262790709733963, 0.0, 1353.923828125], [0.0, 0.0, 1.0, 0.0], [0.0, 0.0, 0.0, 1.0]], "pose_inverse": [[-0.262790709733963, -0.9648528695106506, 0.0, 1698.4705810546875], [0.9648528695106506, -0.262790709733963, 0.0, -1083.9437255859375], [0.0, 0.0, 1.0, 0.0], [0.0, 0.0, 0.0, 1.0]], "cam_ids": [0, 1, 2, 3, 4, 5], "cam_channels": ["CAM_FRONT_LEFT", "CAM_FRONT", "CAM_FRONT_RIGHT", "CAM_BACK_LEFT", "CAM_BACK", "CAM_BACK_RIGHT"], "token": "ce93f225efbd43ac99b94e885de1b09c", "scene": "scene-0907"}, {"images": ["samples/CAM_FRONT_LEFT/n008-2018-09-18-15-12-01-0400__CAM_FRONT_LEFT__1537298008604799.jpg", "samples/CAM_FRONT/n008-2018-09-18-15-12-01-0400__CAM_FRONT__1537298008612404.jpg", "samples/CAM_FRONT_RIGHT/n008-2018-09-18-15-12-01-0400__CAM_FRONT_RIGHT__1537298008620482.jpg", "samples/CAM_BACK_LEFT/n008-2018-09-18-15-12-01-0400__CAM_BACK_LEFT__1537298008647405.jpg", "samples/CAM_BACK/n008-2018-09-18-15-12-01-0400__CAM_BACK__1537298008637558.jpg", "samples/CAM_BACK_RIGHT/n008-2018-09-18-15-12-01-0400__CAM_BACK_RIGHT__1537298008628113.jpg"], "intrinsics": [[[1257.8625342125129, 0.0, 827.2410631095686], [0.0, 1257.8625342125129, 450.915498205774], [0.0, 0.0, 1.0]], [[1252.8131021185304, 0.0, 826.588114781398], [0.0, 1252.8131021185304, 469.9846626224581], [0.0, 0.0, 1.0]], [[1256.7485116440405, 0.0, 817.7887570959712], [0.0, 1256.7485116440403, 451.9541780095127], [0.0, 0.0, 1.0]], [[1254.9860565800168, 0.0, 829.5769333630991], [0.0, 1254.9860565800168, 467.1680561863987], [0.0, 0.0, 1.0]], [[796.8910634503094, 0.0, 857.7774326863696], [0.0, 796.8910634503094, 476.8848988407415], [0.0, 0.0, 1.0]], [[1249.9629280788233, 0.0, 825.3768045375984], [0.0, 1249.9629280788233, 462.54816385708756], [0.0, 0.0, 1.0]]], "extrinsics": [[[0.825756847858429, -0.5640255808830261, 0.0009036932024173439, -0.7861328125], [0.008131483569741249, 0.010302748531103134, -0.9999138116836548, 1.4906096458435059], [0.5639677047729492, 0.8256931304931641, 0.013093928806483746, -1.171600341796875], [0.0, 0.0, 0.0, 1.0]], [[0.014830177649855614, -0.9998717904090881, -0.00604204973205924, -0.00152587890625], [0.010092894546687603, 0.006192099303007126, -0.9999299049377441, 1.48248291015625], [0.9998390674591064, 0.014768156222999096, 0.010183430276811123, -1.5113525390625], [0.0, 0.0, 0.0, 1.0]], [[-0.8420671820640564, -0.539192795753479, -0.013929649256169796, 0.9400634765625], [0.018125833943486214, -0.0024775038473308086, -0.9998326301574707, 1.4961700439453125], [0.5390680432319641, -0.8421787619590759, 0.011859542690217495, -1.193115234375], [0.0, 0.0, 0.0, 1.0]], [[0.947998046875, 0.3182627558708191, -0.0029164357110857964, -1.1396484375], [-0.0073569705709815025, 0.012751332484185696, -0.9998916387557983, 1.562124252319336], [-0.3181910812854767, 0.9479167461395264, 0.014429688453674316, -0.1497802734375], [0.0, 0.0, 0.0, 1.0]], [[0.008064479567110538, 0.9999547004699707, 0.00506384065374732, -0.02044677734375], [-0.005129764787852764, 0.005105308257043362, -0.9999737739562988, 1.5677728652954102], [-0.9999544024467468, 0.008038263767957687, 0.005170703865587711, -0.0196533203125], [0.0, 0.0, 0.0, 1.0]], [[-0.9246934652328491, 0.380667120218277, -0.0058657331392169, 1.04931640625], [-0.0009101247414946556, -0.01761751063168049, -0.9998443722724915, 1.54754638671875], [-0.3807111978530884, -0.9245443344116211, 0.016637254506349564, -0.0988311767578125], [0.0, 0.0, 0.0, 1.0]]], "view": [[0.0, -2.0, 100.0], [-2.0, 0.0, 100.0], [0.0, 0.0, 1.0]], "bev": "bev_a967838915984b3aa110fde10cf45acb.png", "aux": "aux_a967838915984b3aa110fde10cf45acb.npz", "visibility": "visibility_a967838915984b3aa110fde10cf45acb.png", "pose": [[-0.36355727910995483, 0.9315718412399292, 0.0, 1491.29296875], [-0.9315718412399292, -0.36355727910995483, 0.0, 1351.23828125], [0.0, 0.0, 1.0, 0.0], [0.0, 0.0, 0.0, 1.0]], "pose_inverse": [[-0.36355727910995483, -0.9315718412399292, 0.0, 1800.9459228515625], [0.9315718412399292, -0.36355727910995483, 0.0, -897.9940185546875], [0.0, 0.0, 1.0, 0.0], [0.0, 0.0, 0.0, 1.0]], "cam_ids": [0, 1, 2, 3, 4, 5], "cam_channels": ["CAM_FRONT_LEFT", "CAM_FRONT", "CAM_FRONT_RIGHT", "CAM_BACK_LEFT", "CAM_BACK", "CAM_BACK_RIGHT"], "token": "a967838915984b3aa110fde10cf45acb", "scene": "scene-0907"}, {"images": ["samples/CAM_FRONT_LEFT/n008-2018-09-18-15-12-01-0400__CAM_FRONT_LEFT__1537298009104799.jpg", "samples/CAM_FRONT/n008-2018-09-18-15-12-01-0400__CAM_FRONT__1537298009112404.jpg", "samples/CAM_FRONT_RIGHT/n008-2018-09-18-15-12-01-0400__CAM_FRONT_RIGHT__1537298009120482.jpg", "samples/CAM_BACK_LEFT/n008-2018-09-18-15-12-01-0400__CAM_BACK_LEFT__1537298009147405.jpg", "samples/CAM_BACK/n008-2018-09-18-15-12-01-0400__CAM_BACK__1537298009137558.jpg", "samples/CAM_BACK_RIGHT/n008-2018-09-18-15-12-01-0400__CAM_BACK_RIGHT__1537298009128113.jpg"], "intrinsics": [[[1257.8625342125129, 0.0, 827.2410631095686], [0.0, 1257.8625342125129, 450.915498205774], [0.0, 0.0, 1.0]], [[1252.8131021185304, 0.0, 826.588114781398], [0.0, 1252.8131021185304, 469.9846626224581], [0.0, 0.0, 1.0]], [[1256.7485116440405, 0.0, 817.7887570959712], [0.0, 1256.7485116440403, 451.9541780095127], [0.0, 0.0, 1.0]], [[1254.9860565800168, 0.0, 829.5769333630991], [0.0, 1254.9860565800168, 467.1680561863987], [0.0, 0.0, 1.0]], [[796.8910634503094, 0.0, 857.7774326863696], [0.0, 796.8910634503094, 476.8848988407415], [0.0, 0.0, 1.0]], [[1249.9629280788233, 0.0, 825.3768045375984], [0.0, 1249.9629280788233, 462.54816385708756], [0.0, 0.0, 1.0]]], "extrinsics": [[[0.8240309953689575, -0.5664793252944946, -0.008610844612121582, -0.7757568359375], [0.006677646189928055, 0.024909235537052155, -0.9996674060821533, 1.4902544021606445], [0.566505491733551, 0.823699414730072, 0.02430872991681099, -1.171630859375], [0.0, 0.0, 0.0, 1.0]], [[0.012247448787093163, -0.999707818031311, -0.020841162651777267, 0.005126953125], [0.008646954782307148, 0.020947832614183426, -0.9997432231903076, 1.482215404510498], [0.9998875856399536, 0.012064078822731972, 0.00890098512172699, -1.5050048828125], [0.0, 0.0, 0.0, 1.0]], [[-0.8431578874588013, -0.5372654795646667, -0.020748991519212723, 0.9404296875], [0.01668701320886612, 0.01242348738014698, -0.9997835755348206, 1.4960498809814453], [0.5374069809913635, -0.843321681022644, -0.0015096056740731, -1.1854248046875], [0.0, 0.0, 0.0, 1.0]], [[0.9479277729988098, 0.318483829498291, 0.0009868098422884941, -1.1458740234375], [-0.008139234967529774, 0.02732262760400772, -0.9995935559272766, 1.5621223449707031], [-0.3183813989162445, 0.947534441947937, 0.028492093086242676, -0.153076171875], [0.0, 0.0, 0.0, 1.0]], [[0.008718643337488174, 0.9997633099555969, 0.019934674724936485, -0.02606201171875], [-0.006295489612966776, 0.019989915192127228, -0.9997803568840027, 1.567708969116211], [-0.9999422430992126, 0.008591234683990479, 0.006468283943831921, -0.0181884765625], [0.0, 0.0, 0.0, 1.0]], [[-0.9241521954536438, 0.3820229172706604, 0.0011009782319888473, 1.0458984375], [-0.0022717260289937258, -0.0026135852094739676, -0.9999939799308777, 1.547520637512207], [-0.38201770186424255, -0.9241490960121155, 0.003283201949670911, -0.09393501281738281], [0.0, 0.0, 0.0, 1.0]]], "view": [[0.0, -2.0, 100.0], [-2.0, 0.0, 100.0], [0.0, 0.0, 1.0]], "bev": "bev_679c8be08ef5439d830ac32184e3f31f.png", "aux": "aux_679c8be08ef5439d830ac32184e3f31f.npz", "visibility": "visibility_679c8be08ef5439d830ac32184e3f31f.png", "pose": [[-0.4204675853252411, 0.9073075652122498, 0.0, 1490.009033203125], [-0.9073075652122498, -0.4204675853252411, 0.0, 1348.25048828125], [0.0, 0.0, 1.0, 0.0], [0.0, 0.0, 0.0, 1.0]], "pose_inverse": [[-0.4204675853252411, -0.9073075652122498, 0.0, 1849.7783203125], [0.9073075652122498, -0.4204675853252411, 0.0, -785.0007934570312], [0.0, 0.0, 1.0, 0.0], [0.0, 0.0, 0.0, 1.0]], "cam_ids": [0, 1, 2, 3, 4, 5], "cam_channels": ["CAM_FRONT_LEFT", "CAM_FRONT", "CAM_FRONT_RIGHT", "CAM_BACK_LEFT", "CAM_BACK", "CAM_BACK_RIGHT"], "token": "679c8be08ef5439d830ac32184e3f31f", "scene": "scene-0907"}, {"images": ["samples/CAM_FRONT_LEFT/n008-2018-09-18-15-12-01-0400__CAM_FRONT_LEFT__1537298009604799.jpg", "samples/CAM_FRONT/n008-2018-09-18-15-12-01-0400__CAM_FRONT__1537298009612404.jpg", "samples/CAM_FRONT_RIGHT/n008-2018-09-18-15-12-01-0400__CAM_FRONT_RIGHT__1537298009620482.jpg", "samples/CAM_BACK_LEFT/n008-2018-09-18-15-12-01-0400__CAM_BACK_LEFT__1537298009647405.jpg", "samples/CAM_BACK/n008-2018-09-18-15-12-01-0400__CAM_BACK__1537298009637558.jpg", "samples/CAM_BACK_RIGHT/n008-2018-09-18-15-12-01-0400__CAM_BACK_RIGHT__1537298009628113.jpg"], "intrinsics": [[[1257.8625342125129, 0.0, 827.2410631095686], [0.0, 1257.8625342125129, 450.915498205774], [0.0, 0.0, 1.0]], [[1252.8131021185304, 0.0, 826.588114781398], [0.0, 1252.8131021185304, 469.9846626224581], [0.0, 0.0, 1.0]], [[1256.7485116440405, 0.0, 817.7887570959712], [0.0, 1256.7485116440403, 451.9541780095127], [0.0, 0.0, 1.0]], [[1254.9860565800168, 0.0, 829.5769333630991], [0.0, 1254.9860565800168, 467.1680561863987], [0.0, 0.0, 1.0]], [[796.8910634503094, 0.0, 857.7774326863696], [0.0, 796.8910634503094, 476.8848988407415], [0.0, 0.0, 1.0]], [[1249.9629280788233, 0.0, 825.3768045375984], [0.0, 1249.9629280788233, 462.54816385708756], [0.0, 0.0, 1.0]]], "extrinsics": [[[0.8234888911247253, -0.5673195123672485, -0.003825117601081729, -0.7579345703125], [0.011011091992259026, 0.02272336557507515, -0.9996811747550964, 1.4915523529052734], [0.5672255158424377, 0.8231841921806335, 0.024959245696663857, -1.164825439453125], [0.0, 0.0, 0.0, 1.0]], [[0.011644971556961536, -0.9997671246528625, -0.01817184127867222, 0.00933837890625], [0.012874692678451538, 0.018321476876735687, -0.9997493028640747, 1.4833030700683594], [0.999849259853363, 0.011408054269850254, 0.013085046783089638, -1.4893798828125], [0.0, 0.0, 0.0, 1.0]], [[-0.8433517217636108, -0.5368884801864624, -0.022556493058800697, 0.931884765625], [0.02080017887055874, 0.009329252876341343, -0.9997400641441345, 1.4969863891601562], [0.5369593501091003, -0.843601644039154, 0.003299534088000655, -1.1751708984375], [0.0, 0.0, 0.0, 1.0]], [[0.9477200508117676, 0.31909483671188354, 0.002293905010446906, -1.1448974609375], [-0.00562937930226326, 0.023906022310256958, -0.9996983408927917, 1.5620365142822266], [-0.31905341148376465, 0.9474212527275085, 0.02445252239704132, -0.1563720703125], [0.0, 0.0, 0.0, 1.0]], [[0.008574672043323517, 0.9998273253440857, 0.01648988015949726, -0.0286865234375], [-0.003101714886724949, 0.016517000272870064, -0.9998587369918823, 1.5678424835205078], [-0.9999584555625916, 0.008522300980985165, 0.0032428069971501827, -0.0244140625], [0.0, 0.0, 0.0, 1.0]], [[-0.924003541469574, 0.3823660612106323, -0.003686849493533373, 1.035400390625], [0.0015115381684154272, -0.0059893191792070866, -0.9999809265136719, 1.5480213165283203], [-0.38238081336021423, -0.9239915013313293, 0.004956192336976528, -0.09478187561035156], [0.0, 0.0, 0.0, 1.0]]], "view": [[0.0, -2.0, 100.0], [-2.0, 0.0, 100.0], [0.0, 0.0, 1.0]], "bev": "bev_c35b4490aa9b4597b59415e057f5fa49.png", "aux": "aux_c35b4490aa9b4597b59415e057f5fa49.npz", "visibility": "visibility_c35b4490aa9b4597b59415e057f5fa49.png", "pose": [[-0.43854832649230957, 0.8987076282501221, 0.0, 1488.5150146484375], [-0.8987076282501221, -0.43854832649230957, 0.0, 1345.138916015625], [0.0, 0.0, 1.0, 0.0], [0.0, 0.0, 0.0, 1.0]], "pose_inverse": [[-0.43854832649230957, -0.8987076282501221, 0.0, 1861.67236328125], [0.8987076282501221, -0.43854832649230957, 0.0, -747.8313598632812], [0.0, 0.0, 1.0, 0.0], [0.0, 0.0, 0.0, 1.0]], "cam_ids": [0, 1, 2, 3, 4, 5], "cam_channels": ["CAM_FRONT_LEFT", "CAM_FRONT", "CAM_FRONT_RIGHT", "CAM_BACK_LEFT", "CAM_BACK", "CAM_BACK_RIGHT"], "token": "c35b4490aa9b4597b59415e057f5fa49", "scene": "scene-0907"}, {"images": ["samples/CAM_FRONT_LEFT/n008-2018-09-18-15-12-01-0400__CAM_FRONT_LEFT__1537298010104799.jpg", "samples/CAM_FRONT/n008-2018-09-18-15-12-01-0400__CAM_FRONT__1537298010112404.jpg", "samples/CAM_FRONT_RIGHT/n008-2018-09-18-15-12-01-0400__CAM_FRONT_RIGHT__1537298010120482.jpg", "samples/CAM_BACK_LEFT/n008-2018-09-18-15-12-01-0400__CAM_BACK_LEFT__1537298010147405.jpg", "samples/CAM_BACK/n008-2018-09-18-15-12-01-0400__CAM_BACK__1537298010137558.jpg", "samples/CAM_BACK_RIGHT/n008-2018-09-18-15-12-01-0400__CAM_BACK_RIGHT__1537298010128113.jpg"], "intrinsics": [[[1257.8625342125129, 0.0, 827.2410631095686], [0.0, 1257.8625342125129, 450.915498205774], [0.0, 0.0, 1.0]], [[1252.8131021185304, 0.0, 826.588114781398], [0.0, 1252.8131021185304, 469.9846626224581], [0.0, 0.0, 1.0]], [[1256.7485116440405, 0.0, 817.7887570959712], [0.0, 1256.7485116440403, 451.9541780095127], [0.0, 0.0, 1.0]], [[1254.9860565800168, 0.0, 829.5769333630991], [0.0, 1254.9860565800168, 467.1680561863987], [0.0, 0.0, 1.0]], [[796.8910634503094, 0.0, 857.7774326863696], [0.0, 796.8910634503094, 476.8848988407415], [0.0, 0.0, 1.0]], [[1249.9629280788233, 0.0, 825.3768045375984], [0.0, 1249.9629280788233, 462.54816385708756], [0.0, 0.0, 1.0]]], "extrinsics": [[[0.8235790729522705, -0.5672014355659485, -0.0004298196581657976, -0.7496337890625], [0.011262948624789715, 0.017111483961343765, -0.9997901320457458, 1.4917964935302734], [0.5670896768569946, 0.8234013319015503, 0.020481020212173462, -1.15704345703125], [0.0, 0.0, 0.0, 1.0]], [[0.011897614225745201, -0.9998476505279541, -0.012772256508469582, 0.0084228515625], [0.013012129813432693, 0.012926890514791012, -0.9998317956924438, 1.4835071563720703], [0.999844491481781, 0.011729410849511623, 0.013163947500288486, -1.4779052734375], [0.0, 0.0, 0.0, 1.0]], [[-0.843172550201416, -0.537278413772583, -0.019798168912529945, 0.92236328125], [0.020819339901208878, 0.004168064333498478, -0.9997745752334595, 1.497222900390625], [0.5372397899627686, -0.8433946371078491, 0.007671384606510401, -1.1702880859375], [0.0, 0.0, 0.0, 1.0]], [[0.947873592376709, 0.31864282488822937, 0.0015709137078374624, -1.14111328125], [-0.0045363204553723335, 0.01842341758310795, -0.9998199343681335, 1.5620288848876953], [-0.3186144232749939, 0.9476958513259888, 0.018908536061644554, -0.1571044921875], [0.0, 0.0, 0.0, 1.0]], [[0.008534247986972332, 0.9998985528945923, 0.01140387449413538, -0.0286865234375], [-0.002427738392725587, 0.011424974538385868, -0.9999317526817322, 1.5678720474243164], [-0.9999606609344482, 0.00850596372038126, 0.0025249950122088194, -0.03173828125], [0.0, 0.0, 0.0, 1.0]], [[-0.9241586327552795, 0.38196346163749695, -0.005882578901946545, 1.0257568359375], [0.0017980439588427544, -0.011049569584429264, -0.9999372959136963, 1.548079490661621], [-0.38200458884239197, -0.9241113662719727, 0.009524768218398094, -0.09862136840820312], [0.0, 0.0, 0.0, 1.0]]], "view": [[0.0, -2.0, 100.0], [-2.0, 0.0, 100.0], [0.0, 0.0, 1.0]], "bev": "bev_20d3ca8e756d4c87b8addc399a866d0c.png", "aux": "aux_20d3ca8e756d4c87b8addc399a866d0c.npz", "visibility": "visibility_20d3ca8e756d4c87b8addc399a866d0c.png", "pose": [[-0.4515301585197449, 0.8922558426856995, 0.0, 1486.9549560546875], [-0.8922558426856995, -0.4515301585197449, 0.0, 1341.9891357421875], [0.0, 0.0, 1.0, 0.0], [0.0, 0.0, 0.0, 1.0]], "pose_inverse": [[-0.4515301585197449, -0.8922558426856995, 0.0, 1868.802734375], [0.8922558426856995, -0.4515301585197449, 0.0, -720.7957153320312], [0.0, 0.0, 1.0, 0.0], [0.0, 0.0, 0.0, 1.0]], "cam_ids": [0, 1, 2, 3, 4, 5], "cam_channels": ["CAM_FRONT_LEFT", "CAM_FRONT", "CAM_FRONT_RIGHT", "CAM_BACK_LEFT", "CAM_BACK", "CAM_BACK_RIGHT"], "token": "20d3ca8e756d4c87b8addc399a866d0c", "scene": "scene-0907"}, {"images": ["samples/CAM_FRONT_LEFT/n008-2018-09-18-15-12-01-0400__CAM_FRONT_LEFT__1537298010604799.jpg", "samples/CAM_FRONT/n008-2018-09-18-15-12-01-0400__CAM_FRONT__1537298010612404.jpg", "samples/CAM_FRONT_RIGHT/n008-2018-09-18-15-12-01-0400__CAM_FRONT_RIGHT__1537298010620482.jpg", "samples/CAM_BACK_LEFT/n008-2018-09-18-15-12-01-0400__CAM_BACK_LEFT__1537298010647405.jpg", "samples/CAM_BACK/n008-2018-09-18-15-12-01-0400__CAM_BACK__1537298010637558.jpg", "samples/CAM_BACK_RIGHT/n008-2018-09-18-15-12-01-0400__CAM_BACK_RIGHT__1537298010628113.jpg"], "intrinsics": [[[1257.8625342125129, 0.0, 827.2410631095686], [0.0, 1257.8625342125129, 450.915498205774], [0.0, 0.0, 1.0]], [[1252.8131021185304, 0.0, 826.588114781398], [0.0, 1252.8131021185304, 469.9846626224581], [0.0, 0.0, 1.0]], [[1256.7485116440405, 0.0, 817.7887570959712], [0.0, 1256.7485116440403, 451.9541780095127], [0.0, 0.0, 1.0]], [[1254.9860565800168, 0.0, 829.5769333630991], [0.0, 1254.9860565800168, 467.1680561863987], [0.0, 0.0, 1.0]], [[796.8910634503094, 0.0, 857.7774326863696], [0.0, 796.8910634503094, 476.8848988407415], [0.0, 0.0, 1.0]], [[1249.9629280788233, 0.0, 825.3768045375984], [0.0, 1249.9629280788233, 462.54816385708756], [0.0, 0.0, 1.0]]], "extrinsics": [[[0.8232500553131104, -0.5676639080047607, -0.004137217532843351, -0.73681640625], [0.008885981515049934, 0.020173199474811554, -0.9997569918632507, 1.4911677837371826], [0.5676094889640808, 0.8230132460594177, 0.02165183611214161, -1.149566650390625], [0.0, 0.0, 0.0, 1.0]], [[0.011268406175076962, -0.9998064041137695, -0.01613159105181694, 0.00909423828125], [0.011086913757026196, 0.0162565466016531, -0.9998064041137695, 1.4831304550170898], [0.999875009059906, 0.01108736451715231, 0.011267952620983124, -1.4664306640625], [0.0, 0.0, 0.0, 1.0]], [[-0.8435396552085876, -0.5366750359535217, -0.02051064744591713, 0.9151611328125], [0.019361790269613266, 0.007777039892971516, -0.9997822642326355, 1.4971027374267578], [0.5367177724838257, -0.8437531590461731, 0.003830747911706567, -1.16552734375], [0.0, 0.0, 0.0, 1.0]], [[0.9478710293769836, 0.3186463415622711, 0.0022510432172566652, -1.137939453125], [-0.005451195873320103, 0.023277942091226578, -0.999714195728302, 1.5620098114013672], [-0.3186076581478119, 0.9475878477096558, 0.023801488801836967, -0.158203125], [0.0, 0.0, 0.0, 1.0]], [[0.008917383849620819, 0.9998371601104736, 0.01569044589996338, -0.02825927734375], [-0.003494788194075227, 0.015722136944532394, -0.9