[{"images": ["samples/CAM_FRONT_LEFT/n008-2018-08-28-16-43-51-0400__CAM_FRONT_LEFT__1535489336004799.jpg", "samples/CAM_FRONT/n008-2018-08-28-16-43-51-0400__CAM_FRONT__1535489336012404.jpg", "samples/CAM_FRONT_RIGHT/n008-2018-08-28-16-43-51-0400__CAM_FRONT_RIGHT__1535489336020482.jpg", "samples/CAM_BACK_LEFT/n008-2018-08-28-16-43-51-0400__CAM_BACK_LEFT__1535489336047405.jpg", "samples/CAM_BACK/n008-2018-08-28-16-43-51-0400__CAM_BACK__1535489336037560.jpg", "samples/CAM_BACK_RIGHT/n008-2018-08-28-16-43-51-0400__CAM_BACK_RIGHT__1535489336028113.jpg"], "intrinsics": [[[1257.8625342125129, 0.0, 827.2410631095686], [0.0, 1257.8625342125129, 450.915498205774], [0.0, 0.0, 1.0]], [[1252.8131021185304, 0.0, 826.588114781398], [0.0, 1252.8131021185304, 469.9846626224581], [0.0, 0.0, 1.0]], [[1256.7485116440405, 0.0, 817.7887570959712], [0.0, 1256.7485116440403, 451.9541780095127], [0.0, 0.0, 1.0]], [[1254.9860565800168, 0.0, 829.5769333630991], [0.0, 1254.9860565800168, 467.1680561863987], [0.0, 0.0, 1.0]], [[796.8910634503094, 0.0, 857.7774326863696], [0.0, 796.8910634503094, 476.8848988407415], [0.0, 0.0, 1.0]], [[1249.9629280788233, 0.0, 825.3768045375984], [0.0, 1249.9629280788233, 462.54816385708756], [0.0, 0.0, 1.0]]], "extrinsics": [[[0.8224653601646423, -0.5686668157577515, 0.0129976412281394, -1.005126953125], [0.016228415071964264, 0.000617901561781764, -0.9998680949211121, 1.4882965087890625], [0.5685838460922241, 0.8225677609443665, 0.009736763313412666, -1.333251953125], [0.0, 0.0, 0.0, 1.0]], [[0.010243015363812447, -0.9999406933784485, 0.003692319616675377, 0.0052490234375], [0.0181915033608675, -0.003505558241158724, -0.9998283982276917, 1.480164647102356], [0.999782145023346, 0.010308426804840565, 0.01815451867878437, -1.7347412109375], [0.0, 0.0, 0.0, 1.0]], [[-0.8438543081283569, -0.5363460779190063, -0.01558679435402155, 1.0906982421875], [0.026220478117465973, -0.012204783968627453, -0.9995816349983215, 1.4930715560913086], [0.5359314680099487, -0.8439099192619324, 0.024362308904528618, -1.2777099609375], [0.0, 0.0, 0.0, 1.0]], [[0.9478934407234192, 0.3185827136039734, 0.0017597635742276907, -1.1439208984375], [0.0008622804307378829, 0.002958114957436919, -0.999995231628418, 1.562042236328125], [-0.31858640909194946, 0.9478904604911804, 0.0025292697828263044, -0.1561279296875], [0.0, 0.0, 0.0, 1.0]], [[0.009220185689628124, 0.999947190284729, -0.004545678850263357, -0.02880859375], [0.0029778594616800547, -0.004573309328407049, -0.9999850988388062, 1.5680623054504395], [-0.9999530911445618, 0.009206433780491352, -0.0030198688618838787, 0.044403076171875], [0.0, 0.0, 0.0, 1.0]], [[-0.9236255884170532, 0.38291558623313904, -0.017072811722755432, 1.16070556640625], [0.0071683404967188835, -0.02727796696126461, -0.9996021389961243, 1.5478172302246094], [-0.3832288682460785, -0.9233805537223816, 0.022449756041169167, -0.0438232421875], [0.0, 0.0, 0.0, 1.0]]], "view": [[0.0, -2.0, 100.0], [-2.0, 0.0, 100.0], [0.0, 0.0, 1.0]], "bev": "bev_12a42a64274a4453b166d804b625d61f.png", "aux": "aux_12a42a64274a4453b166d804b625d61f.npz", "visibility": "visibility_12a42a64274a4453b166d804b625d61f.png", "pose": [[-0.7467421889305115, -0.665113627910614, 0.0, 1316.378173828125], [0.665113627910614, -0.7467421889305115, 0.0, 1038.59375], [0.0, 0.0, 1.0, 0.0], [0.0, 0.0, 0.0, 1.0]], "pose_inverse": [[-0.7467421889305115, 0.665113627910614, 0.0, 292.2122802734375], [-0.665113627910614, -0.7467421889305115, 0.0, 1651.102783203125], [0.0, 0.0, 1.0, 0.0], [0.0, 0.0, 0.0, 1.0]], "cam_ids": [0, 1, 2, 3, 4, 5], "cam_channels": ["CAM_FRONT_LEFT", "CAM_FRONT", "CAM_FRONT_RIGHT", "CAM_BACK_LEFT", "CAM_BACK", "CAM_BACK_RIGHT"], "token": "12a42a64274a4453b166d804b625d61f", "scene": "scene-0555"}, {"images": ["samples/CAM_FRONT_LEFT/n008-2018-08-28-16-43-51-0400__CAM_FRONT_LEFT__1535489336504799.jpg", "samples/CAM_FRONT/n008-2018-08-28-16-43-51-0400__CAM_FRONT__1535489336512404.jpg", "samples/CAM_FRONT_RIGHT/n008-2018-08-28-16-43-51-0400__CAM_FRONT_RIGHT__1535489336520482.jpg", "samples/CAM_BACK_LEFT/n008-2018-08-28-16-43-51-0400__CAM_BACK_LEFT__1535489336547405.jpg", "samples/CAM_BACK/n008-2018-08-28-16-43-51-0400__CAM_BACK__1535489336537558.jpg", "samples/CAM_BACK_RIGHT/n008-2018-08-28-16-43-51-0400__CAM_BACK_RIGHT__1535489336528113.jpg"], "intrinsics": [[[1257.8625342125129, 0.0, 827.2410631095686], [0.0, 1257.8625342125129, 450.915498205774], [0.0, 0.0, 1.0]], [[1252.8131021185304, 0.0, 826.588114781398], [0.0, 1252.8131021185304, 469.9846626224581], [0.0, 0.0, 1.0]], [[1256.7485116440405, 0.0, 817.7887570959712], [0.0, 1256.7485116440403, 451.9541780095127], [0.0, 0.0, 1.0]], [[1254.9860565800168, 0.0, 829.5769333630991], [0.0, 1254.9860565800168, 467.1680561863987], [0.0, 0.0, 1.0]], [[796.8910634503094, 0.0, 857.7774326863696], [0.0, 796.8910634503094, 476.8848988407415], [0.0, 0.0, 1.0]], [[1249.9629280788233, 0.0, 825.3768045375984], [0.0, 1249.9629280788233, 462.54816385708756], [0.0, 0.0, 1.0]]], "extrinsics": [[[0.8224982023239136, -0.5686154961585999, 0.013162627816200256, -1.0048828125], [0.01633729226887226, 0.00048631057143211365, -0.9998664259910583, 1.488297462463379], [0.5685331225395203, 0.8226032853126526, 0.009689626283943653, -1.3333740234375], [0.0, 0.0, 0.0, 1.0]], [[0.010292977094650269, -0.9999397397041321, 0.0038222186267375946, 0.0054931640625], [0.01829414814710617, -0.0036334728356450796, -0.9998260736465454, 1.4801690578460693], [0.9997796416282654, 0.010361059568822384, 0.018255645409226418, -1.734527587890625], [0.0, 0.0, 0.0, 1.0]], [[-0.8438317775726318, -0.5363810658454895, -0.01560051366686821, 1.090576171875], [0.026316557079553604, -0.012328587472438812, -0.9995776414871216, 1.4930744171142578], [0.5359621644020081, -0.8438858985900879, 0.02451895736157894, -1.2774658203125], [0.0, 0.0, 0.0, 1.0]], [[0.947888970375061, 0.3185960054397583, 0.0017952765338122845, -1.14398193359375], [0.0009380198898725212, 0.002844136906787753, -0.9999955296516418, 1.5620450973510742], [-0.318599671125412, 0.9478863477706909, 0.0023970790207386017, -0.1561279296875], [0.0, 0.0, 0.0, 1.0]], [[0.009207119233906269, 0.9999468326568604, -0.004649739246815443, -0.02880859375], [0.003062907140702009, -0.004678115714341402, -0.9999843835830688, 1.5680632591247559], [-0.9999529719352722, 0.009192608296871185, -0.0031058164313435555, 0.04437255859375], [0.0, 0.0, 0.0, 1.0]], [[-0.9236347079277039, 0.38288795948028564, -0.017196904867887497, 1.160614013671875], [0.007253733463585377, -0.027397561818361282, -0.9995982646942139, 1.5478172302246094], [-0.3832052946090698, -0.9233884215354919, 0.022527970373630524, -0.043701171875], [0.0, 0.0, 0.0, 1.0]]], "view": [[0.0, -2.0, 100.0], [-2.0, 0.0, 100.0], [0.0, 0.0, 1.0]], "bev": "bev_27d16699ad4140d2be8a2c55d7bd0a65.png", "aux": "aux_27d16699ad4140d2be8a2c55d7bd0a65.npz", "visibility": "visibility_27d16699ad4140d2be8a2c55d7bd0a65.png", "pose": [[-0.7467197775840759, -0.6651387810707092, 0.0, 1316.378173828125], [0.6651387810707092, -0.7467197775840759, 0.0, 1038.59375], [0.0, 0.0, 1.0, 0.0], [0.0, 0.0, 0.0, 1.0]], "pose_inverse": [[-0.7467197775840759, 0.6651387810707092, 0.0, 292.1566467285156], [-0.6651387810707092, -0.7467197775840759, 0.0, 1651.1126708984375], [0.0, 0.0, 1.0, 0.0], [0.0, 0.0, 0.0, 1.0]], "cam_ids": [0, 1, 2, 3, 4, 5], "cam_channels": ["CAM_FRONT_LEFT", "CAM_FRONT", "CAM_FRONT_RIGHT", "CAM_BACK_LEFT", "CAM_BACK", "CAM_BACK_RIGHT"], "token": "27d16699ad4140d2be8a2c55d7bd0a65", "scene": "scene-0555"}, {"images": ["samples/CAM_FRONT_LEFT/n008-2018-08-28-16-43-51-0400__CAM_FRONT_LEFT__1535489337004799.jpg", "samples/CAM_FRONT/n008-2018-08-28-16-43-51-0400__CAM_FRONT__1535489337012404.jpg", "samples/CAM_FRONT_RIGHT/n008-2018-08-28-16-43-51-0400__CAM_FRONT_RIGHT__1535489337020482.jpg", "samples/CAM_BACK_LEFT/n008-2018-08-28-16-43-51-0400__CAM_BACK_LEFT__1535489337047405.jpg", "samples/CAM_BACK/n008-2018-08-28-16-43-51-0400__CAM_BACK__1535489337037558.jpg", "samples/CAM_BACK_RIGHT/n008-2018-08-28-16-43-51-0400__CAM_BACK_RIGHT__1535489337028113.jpg"], "intrinsics": [[[1257.8625342125129, 0.0, 827.2410631095686], [0.0, 1257.8625342125129, 450.915498205774], [0.0, 0.0, 1.0]], [[1252.8131021185304, 0.0, 826.588114781398], [0.0, 1252.8131021185304, 469.9846626224581], [0.0, 0.0, 1.0]], [[1256.7485116440405, 0.0, 817.7887570959712], [0.0, 1256.7485116440403, 451.9541780095127], [0.0, 0.0, 1.0]], [[1254.9860565800168, 0.0, 829.5769333630991], [0.0, 1254.9860565800168, 467.1680561863987], [0.0, 0.0, 1.0]], [[796.8910634503094, 0.0, 857.7774326863696], [0.0, 796.8910634503094, 476.8848988407415], [0.0, 0.0, 1.0]], [[1249.9629280788233, 0.0, 825.3768045375984], [0.0, 1249.9629280788233, 462.54816385708756], [0.0, 0.0, 1.0]]], "extrinsics": [[[0.8224971890449524, -0.5686154365539551, 0.013222429901361465, -1.0050048828125], [0.016478799283504486, 0.000585873844102025, -0.9998640418052673, 1.4882936477661133], [0.5685303211212158, 0.8226033449172974, 0.009851977229118347, -1.333251953125], [0.0, 0.0, 0.0, 1.0]], [[0.01029577199369669, -0.9999400973320007, 0.003709571436047554, 0.0052490234375], [0.01847771182656288, -0.003518882440403104, -0.9998230934143066, 1.4801627397537231], [0.9997761845588684, 0.010362476110458374, 0.018440376967191696, -1.734649658203125], [0.0, 0.0, 0.0, 1.0]], [[-0.8438253402709961, -0.5363833904266357, -0.01586310751736164, 1.090576171875], [0.026544781401753426, -0.01219803374260664, -0.9995732307434082, 1.4930706024169922], [0.5359609723091125, -0.8438863158226013, 0.02453118935227394, -1.277587890625], [0.0, 0.0, 0.0, 1.0]], [[0.9478874206542969, 0.3185974061489105, 0.002276667859405279, -1.14398193359375], [0.0013932876754552126, 0.0030005720909684896, -0.9999945759773254, 1.5620441436767578], [-0.3186025321483612, 0.9478853344917297, 0.0024003067519515753, -0.156005859375], [0.0, 0.0, 0.0, 1.0]], [[0.009201372973620892, 0.9999474883079529, -0.004507327917963266, -0.0286865234375], [0.003405943512916565, -0.0045388308353722095, -0.9999838471412659, 1.5680618286132812], [-0.9999518990516663, 0.009185952134430408, -0.0034475300926715136, 0.0443115234375], [0.0, 0.0, 0.0, 1.0]], [[-0.9236320853233337, 0.38288477063179016, -0.01740667037665844, 1.160675048828125], [0.007540139369666576, -0.027254663407802582, -0.9996000528335571, 1.5478172302246094], [-0.3832060694694519, -0.923393964767456, 0.022286275401711464, -0.043701171875], [0.0, 0.0, 0.0, 1.0]]], "view": [[0.0, -2.0, 100.0], [-2.0, 0.0, 100.0], [0.0, 0.0, 1.0]], "bev": "bev_3d16bad0879d464b9b7668c6a24dd046.png", "aux": "aux_3d16bad0879d464b9b7668c6a24dd046.npz", "visibility": "visibility_3d16bad0879d464b9b7668c6a24dd046.png", "pose": [[-0.7467165589332581, -0.6651423573493958, 0.0, 1316.378173828125], [0.6651423573493958, -0.7467165589332581, 0.0, 1038.59375], [0.0, 0.0, 1.0, 0.0], [0.0, 0.0, 0.0, 1.0]], "pose_inverse": [[-0.7467165589332581, 0.6651423573493958, 0.0, 292.148681640625], [-0.6651423573493958, -0.7467165589332581, 0.0, 1651.114013671875], [0.0, 0.0, 1.0, 0.0], [0.0, 0.0, 0.0, 1.0]], "cam_ids": [0, 1, 2, 3, 4, 5], "cam_channels": ["CAM_FRONT_LEFT", "CAM_FRONT", "CAM_FRONT_RIGHT", "CAM_BACK_LEFT", "CAM_BACK", "CAM_BACK_RIGHT"], "token": "3d16bad0879d464b9b7668c6a24dd046", "scene": "scene-0555"}, {"images": ["samples/CAM_FRONT_LEFT/n008-2018-08-28-16-43-51-0400__CAM_FRONT_LEFT__1535489337504799.jpg", "samples/CAM_FRONT/n008-2018-08-28-16-43-51-0400__CAM_FRONT__1535489337512404.jpg", "samples/CAM_FRONT_RIGHT/n008-2018-08-28-16-43-51-0400__CAM_FRONT_RIGHT__1535489337520482.jpg", "samples/CAM_BACK_LEFT/n008-2018-08-28-16-43-51-0400__CAM_BACK_LEFT__1535489337547405.jpg", "samples/CAM_BACK/n008-2018-08-28-16-43-51-0400__CAM_BACK__1535489337537558.jpg", "samples/CAM_BACK_RIGHT/n008-2018-08-28-16-43-51-0400__CAM_BACK_RIGHT__1535489337528113.jpg"], "intrinsics": [[[1257.8625342125129, 0.0, 827.2410631095686], [0.0, 1257.8625342125129, 450.915498205774], [0.0, 0.0, 1.0]], [[1252.8131021185304, 0.0, 826.588114781398], [0.0, 1252.8131021185304, 469.9846626224581], [0.0, 0.0, 1.0]], [[1256.7485116440405, 0.0, 817.7887570959712], [0.0, 1256.7485116440403, 451.9541780095127], [0.0, 0.0, 1.0]], [[1254.9860565800168, 0.0, 829.5769333630991], [0.0, 1254.9860565800168, 467.1680561863987], [0.0, 0.0, 1.0]], [[796.8910634503094, 0.0, 857.7774326863696], [0.0, 796.8910634503094, 476.8848988407415], [0.0, 0.0, 1.0]], [[1249.9629280788233, 0.0, 825.3768045375984], [0.0, 1249.9629280788233, 462.54816385708756], [0.0, 0.0, 1.0]]], "extrinsics": [[[0.8223072290420532, -0.5688042640686035, 0.01651127077639103, -0.998046875], [0.020639993250370026, 0.0008169205393642187, -0.9997866153717041, 1.488473892211914], [0.5686693787574768, 0.8224725723266602, 0.012411876581609249, -1.3282470703125], [0.0, 0.0, 0.0, 1.0]], [[0.010101614519953728, -0.9999427199363708, 0.0035333503037691116, 0.00537109375], [0.02260720543563366, -0.0033042484428733587, -0.9997389912605286, 1.480322003364563], [0.9996933937072754, 0.010178854689002037, 0.022572530433535576, -1.727813720703125], [0.0, 0.0, 0.0, 1.0]], [[-0.8438215255737305, -0.5362719893455505, -0.019428865984082222, 1.086181640625], [0.030639590695500374, -0.012001381255686283, -0.9994584321975708, 1.493234634399414], [0.5357484817504883, -0.8439598679542542, 0.026558179408311844, -1.2747802734375], [0.0, 0.0, 0.0, 1.0]], [[0.9478485584259033, 0.3186630606651306, 0.006069676484912634, -1.14422607421875], [0.00538569176569581, 0.003027463098987937, -0.9999809265136719, 1.5620441436767578], [-0.31867536902427673, 0.9478631615638733, 0.0011533558135852218, -0.156005859375], [0.0, 0.0, 0.0, 1.0]], [[0.009228382259607315, 0.9999479651451111, -0.0043555209413170815, -0.0286865234375], [0.00745751429349184, -0.004424407612532377, -0.9999623894691467, 1.5680761337280273], [-0.9999296069145203, 0.009195532649755478, -0.007497956044971943, 0.042449951171875], [0.0, 0.0, 0.0, 1.0]], [[-0.9235252737998962, 0.382956862449646, -0.02109448052942753, 1.15728759765625], [0.011598845012485981, -0.02708788961172104, -0.9995657801628113, 1.5478591918945312], [-0.38336193561553955, -0.9233689904212952, 0.020574495196342468, -0.045166015625], [0.0, 0.0, 0.0, 1.0]]], "view": [[0.0, -2.0, 100.0], [-2.0, 0.0, 100.0], [0.0, 0.0, 1.0]], "bev": "bev_07d85f4b3aef4a1d83a7881186284f56.png", "aux": "aux_07d85f4b3aef4a1d83a7881186284f56.npz", "visibility": "visibility_07d85f4b3aef4a1d83a7881186284f56.png", "pose": [[-0.7472448348999023, -0.6645488142967224, 0.0, 1316.3587646484375], [0.6645488142967224, -0.7472448348999023, 0.0, 1038.61083984375], [0.0, 0.0, 1.0, 0.0], [0.0, 0.0, 0.0, 1.0]], "pose_inverse": [[-0.7472448348999023, 0.6645488142967224, 0.0, 293.4346923828125], [-0.6645488142967224, -0.7472448348999023, 0.0, 1650.8812255859375], [0.0, 0.0, 1.0, 0.0], [0.0, 0.0, 0.0, 1.0]], "cam_ids": [0, 1, 2, 3, 4, 5], "cam_channels": ["CAM_FRONT_LEFT", "CAM_FRONT", "CAM_FRONT_RIGHT", "CAM_BACK_LEFT", "CAM_BACK", "CAM_BACK_RIGHT"], "token": "07d85f4b3aef4a1d83a7881186284f56", "scene": "scene-0555"}, {"images": ["samples/CAM_FRONT_LEFT/n008-2018-08-28-16-43-51-0400__CAM_FRONT_LEFT__1535489338004799.jpg", "samples/CAM_FRONT/n008-2018-08-28-16-43-51-0400__CAM_FRONT__1535489338012404.jpg", "samples/CAM_FRONT_RIGHT/n008-2018-08-28-16-43-51-0400__CAM_FRONT_RIGHT__1535489338020482.jpg", "samples/CAM_BACK_LEFT/n008-2018-08-28-16-43-51-0400__CAM_BACK_LEFT__1535489338047405.jpg", "samples/CAM_BACK/n008-2018-08-28-16-43-51-0400__CAM_BACK__1535489338037558.jpg", "samples/CAM_BACK_RIGHT/n008-2018-08-28-16-43-51-0400__CAM_BACK_RIGHT__1535489338028113.jpg"], "intrinsics": [[[1257.8625342125129, 0.0, 827.2410631095686], [0.0, 1257.8625342125129, 450.915498205774], [0.0, 0.0, 1.0]], [[1252.8131021185304, 0.0, 826.588114781398], [0.0, 1252.8131021185304, 469.9846626224581], [0.0, 0.0, 1.0]], [[1256.7485116440405, 0.0, 817.7887570959712], [0.0, 1256.7485116440403, 451.9541780095127], [0.0, 0.0, 1.0]], [[1254.9860565800168, 0.0, 829.5769333630991], [0.0, 1254.9860565800168, 467.1680561863987], [0.0, 0.0, 1.0]], [[796.8910634503094, 0.0, 857.7774326863696], [0.0, 796.8910634503094, 476.8848988407415], [0.0, 0.0, 1.0]], [[1249.9629280788233, 0.0, 825.3768045375984], [0.0, 1249.9629280788233, 462.54816385708756], [0.0, 0.0, 1.0]]], "extrinsics": [[[0.8220866918563843, -0.5689197778701782, 0.02244698815047741, -0.96917724609375], [0.02416243404150009, -0.004528911784291267, -0.999697744846344, 1.4893430471420288], [0.5688494443893433, 0.8223806023597717, 0.01002332754433155, -1.308837890625], [0.0, 0.0, 0.0, 1.0]], [[0.00986422412097454, -0.9999110102653503, 0.008985401131212711, 0.0059814453125], [0.026181330904364586, -0.008724496699869633, -0.99961918592453, 1.4811043739318848], [0.9996084570884705, 0.010095669887959957, 0.02609293907880783, -1.69891357421875], [0.0, 0.0, 0.0, 1.0]], [[-0.8438394665718079, -0.5362396836280823, -0.019546374678611755, 1.0672607421875], [0.034267399460077286, -0.017500169575214386, -0.9992594122886658, 1.4940242767333984], [0.5355004072189331, -0.8438843488693237, 0.03314286842942238, -1.2626953125], [0.0, 0.0, 0.0, 1.0]], [[0.9478328824043274, 0.3186721205711365, 0.007812860421836376, -1.143798828125], [0.00911853089928627, -0.002605607733130455, -0.9999549984931946, 1.5620447397232056], [-0.3186374604701996, 0.9478614330291748, -0.005375502165406942, -0.1561279296875], [0.0, 0.0, 0.0, 1.0]], [[0.009333315305411816, 0.9999071955680847, -0.009925409220159054, -0.0286865234375], [0.011162666603922844, -0.010029405355453491, -0.9998874068260193, 1.5681772232055664], [-0.9998942017555237, 0.009221406653523445, -0.011255239136517048, 0.0338134765625], [0.0, 0.0, 0.0, 1.0]], [[-0.9233887791633606, 0.3829413652420044, -0.026628291234374046, 1.14215087890625], [0.015282933600246906, -0.032639216631650925, -0.9993503093719482, 1.5481224060058594], [-0.3835616409778595, -0.9231958985328674, 0.024286217987537384, -0.0513916015625], [0.0, 0.0, 0.0, 1.0]]], "view": [[0.0, -2.0, 100.0], [-2.0, 0.0, 100.0], [0.0, 0.0, 1.0]], "bev": "bev_bf8b54d2aa47416d884a874ddafcaaf6.png", "aux": "aux_bf8b54d2aa47416d884a874ddafcaaf6.npz", "visibility": "visibility_bf8b54d2aa47416d884a874ddafcaaf6.png", "pose": [[-0.7502233982086182, -0.6611844301223755, 0.0, 1316.1151123046875], [0.6611844301223755, -0.7502233982086182, 0.0, 1038.8265380859375], [0.0, 0.0, 1.0, 0.0], [0.0, 0.0, 0.0, 1.0]], "pose_inverse": [[-0.7502233982086182, 0.6611844301223755, 0.0, 300.5243835449219], [-0.6611844301223755, -0.7502233982086182, 0.0, 1649.5467529296875], [0.0, 0.0, 1.0, 0.0], [0.0, 0.0, 0.0, 1.0]], "cam_ids": [0, 1, 2, 3, 4, 5], "cam_channels": ["CAM_FRONT_LEFT", "CAM_FRONT", "CAM_FRONT_RIGHT", "CAM_BACK_LEFT", "CAM_BACK", "CAM_BACK_RIGHT"], "token": "bf8b54d2aa47416d884a874ddafcaaf6", "scene": "scene-0555"}, {"images": ["samples/CAM_FRONT_LEFT/n008-2018-08-28-16-43-51-0400__CAM_FRONT_LEFT__1535489338504799.jpg", "samples/CAM_FRONT/n008-2018-08-28-16-43-51-0400__CAM_FRONT__1535489338512404.jpg", "samples/CAM_FRONT_RIGHT/n008-2018-08-28-16-43-51-0400__CAM_FRONT_RIGHT__1535489338520482.jpg", "samples/CAM_BACK_LEFT/n008-2018-08-28-16-43-51-0400__CAM_BACK_LEFT__1535489338547405.jpg", "samples/CAM_BACK/n008-2018-08-28-16-43-51-0400__CAM_BACK__1535489338537558.jpg", "samples/CAM_BACK_RIGHT/n008-2018-08-28-16-43-51-0400__CAM_BACK_RIGHT__1535489338528113.jpg"], "intrinsics": [[[1257.8625342125129, 0.0, 827.2410631095686], [0.0, 1257.8625342125129, 450.915498205774], [0.0, 0.0, 1.0]], [[1252.8131021185304, 0.0, 826.588114781398], [0.0, 1252.8131021185304, 469.9846626224581], [0.0, 0.0, 1.0]], [[1256.7485116440405, 0.0, 817.7887570959712], [0.0, 1256.7485116440403, 451.9541780095127], [0.0, 0.0, 1.0]], [[1254.9860565800168, 0.0, 829.5769333630991], [0.0, 1254.9860565800168, 467.1680561863987], [0.0, 0.0, 1.0]], [[796.8910634503094, 0.0, 857.7774326863696], [0.0, 796.8910634503094, 476.8848988407415], [0.0, 0.0, 1.0]], [[1249.9629280788233, 0.0, 825.3768045375984], [0.0, 1249.9629280788233, 462.54816385708756], [0.0, 0.0, 1.0]]], "extrinsics": [[[0.82191401720047, -0.568927526473999, 0.02790852263569832, -0.94012451171875], [0.027850741520524025, -0.008798484690487385, -0.9995733499526978, 1.490490436553955], [0.5689303278923035, 0.8223406076431274, 0.008613456040620804, -1.2886962890625], [0.0, 0.0, 0.0, 1.0]], [[0.009707441553473473, -0.9998654723167419, 0.01322085876017809, 0.0059814453125], [0.029820583760738373, -0.0129261314868927, -0.9994717240333557, 1.4821090698242188], [0.9995081424713135, 0.010096489451825619, 0.029691096395254135, -1.66961669921875], [0.0, 0.0, 0.0, 1.0]], [[-0.8438161611557007, -0.5362459421157837, -0.020362205803394318, 1.0479736328125], [0.037853311747312546, -0.021628858521580696, -0.999049186706543, 1.4949874877929688], [0.5352957248687744, -0.8437846302986145, 0.03854946792125702, -1.2503662109375], [0.0, 0.0, 0.0, 1.0]], [[0.9478018283843994, 0.31871217489242554, 0.009702983312308788, -1.14276123046875], [0.012433961033821106, -0.006535382941365242, -0.999901294708252, 1.562056064605713], [-0.3186173141002655, 0.947829008102417, -0.010157104581594467, -0.1566162109375], [0.0, 0.0, 0.0, 1.0]], [[0.009409286081790924, 0.999859094619751, -0.013900857418775558, -0.0286865234375], [0.014574584551155567, -0.014037123881280422, -0.9997951984405518, 1.5683403015136719], [-0.9998494982719421, 0.009204701520502567, -0.01470461580902338, 0.025146484375], [0.0, 0.0, 0.0, 1.0]], [[-0.9232621788978577, 0.3828836977481842, -0.03141511231660843, 1.127044677734375], [0.0187747273594141, -0.03670670837163925, -0.9991496801376343, 1.5485000610351562], [-0.3837113082408905, -0.9230669736862183, 0.02670137770473957, -0.0576171875], [0.0, 0.0, 0.0, 1.0]]], "view": [[0.0, -2.0, 100.0], [-2.0, 0.0, 100.0], [0.0, 0.0, 1.0]], "bev": "bev_4b0caf61a82e4b45836f796845cd1860.png", "aux": "aux_4b0caf61a82e4b45836f796845cd1860.npz", "visibility": "visibility_4b0caf61a82e4b45836f796845cd1860.png", "pose": [[-0.7550622224807739, -0.6556531190872192, 0.0, 1315.5723876953125], [0.6556531190872192, -0.7550622224807739, 0.0, 1039.302734375], [0.0, 0.0, 1.0, 0.0], [0.0, 0.0, 0.0, 1.0]], "pose_inverse": [[-0.7550622224807739, 0.6556531190872192, 0.0, 311.91693115234375], [-0.6556531190872192, -0.7550622224807739, 0.0, 1647.29736328125], [0.0, 0.0, 1.0, 0.0], [0.0, 0.0, 0.0, 1.0]], "cam_ids": [0, 1, 2, 3, 4, 5], "cam_channels": ["CAM_FRONT_LEFT", "CAM_FRONT", "CAM_FRONT_RIGHT", "CAM_BACK_LEFT", "CAM_BACK", "CAM_BACK_RIGHT"], "token": "4b0caf61a82e4b45836f796845cd1860", "scene": "scene-0555"}, {"images": ["samples/CAM_FRONT_LEFT/n008-2018-08-28-16-43-51-0400__CAM_FRONT_LEFT__1535489339004799.jpg", "samples/CAM_FRONT/n008-2018-08-28-16-43-51-0400__CAM_FRONT__1535489339012404.jpg", "samples/CAM_FRONT_RIGHT/n008-2018-08-28-16-43-51-0400__CAM_FRONT_RIGHT__1535489339020482.jpg", "samples/CAM_BACK_LEFT/n008-2018-08-28-16-43-51-0400__CAM_BACK_LEFT__1535489339047405.jpg", "samples/CAM_BACK/n008-2018-08-28-16-43-51-0400__CAM_BACK__1535489339037566.jpg", "samples/CAM_BACK_RIGHT/n008-2018-08-28-16-43-51-0400__CAM_BACK_RIGHT__1535489339028113.jpg"], "intrinsics": [[[1257.8625342125129, 0.0, 827.2410631095686], [0.0, 1257.8625342125129, 450.915498205774], [0.0, 0.0, 1.0]], [[1252.8131021185304, 0.0, 826.588114781398], [0.0, 1252.8131021185304, 469.9846626224581], [0.0, 0.0, 1.0]], [[1256.7485116440405, 0.0, 817.7887570959712], [0.0, 1256.7485116440403, 451.9541780095127], [0.0, 0.0, 1.0]], [[1254.9860565800168, 0.0, 829.5769333630991], [0.0, 1254.9860565800168, 467.1680561863987], [0.0, 0.0, 1.0]], [[796.8910634503094, 0.0, 857.7774326863696], [0.0, 796.8910634503094, 476.8848988407415], [0.0, 0.0, 1.0]], [[1249.9629280788233, 0.0, 825.3768045375984], [0.0, 1249.9629280788233, 462.54816385708756], [0.0, 0.0, 1.0]]], "extrinsics": [[[0.8216704726219177, -0.5693122148513794, 0.02722826600074768, -0.90618896484375], [0.03363698348402977, 0.0007476834580302238, -0.9994338750839233, 1.492349624633789], [0.5689695477485657, 0.8221210837364197, 0.019764292985200882, -1.26416015625], [0.0, 0.0, 0.0, 1.0]], [[0.009637556038796902, -0.9999482035636902, 0.003290049731731415, 0.005859375], [0.03590603172779083, -0.0029420191422104836, -0.9993508458137512, 1.4837217330932617], [0.999308705329895, 0.009749481454491615, 0.03587581589818001, -1.6357421875], [0.0, 0.0, 0.0, 1.0]], [[-0.8435946702957153, -0.5360632538795471, -0.03137240931391716, 1.02587890625], [0.04425584524869919, -0.011182053945958614, -0.998957633972168, 1.496453046798706], [0.5351536870002747, -0.8441038131713867, 0.03315705806016922, -1.2369384765625], [0.0, 0.0, 0.0, 1.0]], [[0.9475608468055725, 0.31891927123069763, 0.020465126261115074, -1.14276123046875], [0.01978406123816967, 0.005375095643103123, -0.999789834022522, 1.5620670318603516], [-0.3189622759819031, 0.9477666616439819, -0.0012162890052422881, -0.15673828125], [0.0, 0.0, 0.0, 1.0]], [[0.00915965810418129, 0.9999551773071289, -0.0023931742180138826, -0.0284423828125], [0.021544720977544785, -0.0025900700129568577, -0.9997645020484924, 1.5686767101287842], [-0.9997259378433228, 0.009105980396270752, -0.021567480638623238, 0.015655517578125], [0.0, 0.0, 0.0, 1.0]], [[-0.923119843006134, 0.3830576539039612, -0.03341758996248245, 1.10992431640625], [0.02546759881079197, -0.025808060541749, -0.9993424415588379, 1.5492095947265625], [-0.3836681544780731, -0.9233638644218445, 0.01406837161630392, -0.065185546875], [0.0, 0.0, 0.0, 1.0]]], "view": [[0.0, -2.0, 100.0], [-2.0, 0.0, 100.0], [0.0, 0.0, 1.0]], "bev": "bev_ca25b067ef474e4484d6be59ded51ac6.png", "aux": "aux_ca25b067ef474e4484d6be59ded51ac6.npz", "visibility": "visibility_ca25b067ef474e4484d6be59ded51ac6.png", "pose": [[-0.7623864412307739, -0.6471220254898071, 0.0, 1314.7257080078125], [0.6471220254898071, -0.7623864412307739, 0.0, 1040.0205078125], [0.0, 0.0, 1.0, 0.0], [0.0, 0.0, 0.0, 1.0]], "pose_inverse": [[-0.7623864412307739, 0.6471220254898071, 0.0, 329.3088684082031], [-0.6471220254898071, -0.7623864412307739, 0.0, 1643.685546875], [0.0, 0.0, 1.0, 0.0], [0.0, 0.0, 0.0, 1.0]], "cam_ids": [0, 1, 2, 3, 4, 5], "cam_channels": ["CAM_FRONT_LEFT", "CAM_FRONT", "CAM_FRONT_RIGHT", "CAM_BACK_LEFT", "CAM_BACK", "CAM_BACK_RIGHT"], "token": "ca25b067ef474e4484d6be59ded51ac6", "scene": "scene-0555"}, {"images": ["samples/CAM_FRONT_LEFT/n008-2018-08-28-16-43-51-0400__CAM_FRONT_LEFT__1535489339504799.jpg", "samples/CAM_FRONT/n008-2018-08-28-16-43-51-0400__CAM_FRONT__1535489339512404.jpg", "samples/CAM_FRONT_RIGHT/n008-2018-08-28-16-43-51-0400__CAM_FRONT_RIGHT__1535489339520482.jpg", "samples/CAM_BACK_LEFT/n008-2018-08-28-16-43-51-0400__CAM_BACK_LEFT__1535489339547405.jpg", "samples/CAM_BACK/n008-2018-08-28-16-43-51-0400__CAM_BACK__1535489339537558.jpg", "samples/CAM_BACK_RIGHT/n008-2018-08-28-16-43-51-0400__CAM_BACK_RIGHT__1535489339528113.jpg"], "intrinsics": [[[1257.8625342125129, 0.0, 827.2410631095686], [0.0, 1257.8625342125129, 450.915498205774], [0.0, 0.0, 1.0]], [[1252.8131021185304, 0.0, 826.588114781398], [0.0, 1252.8131021185304, 469.9846626224581], [0.0, 0.0, 1.0]], [[1256.7485116440405, 0.0, 817.7887570959712], [0.0, 1256.7485116440403, 451.9541780095127], [0.0, 0.0, 1.0]], [[1254.9860565800168, 0.0, 829.5769333630991], [0.0, 1254.9860565800168, 467.1680561863987], [0.0, 0.0, 1.0]], [[796.8910634503094, 0.0, 857.7774326863696], [0.0, 796.8910634503094, 476.8848988407415], [0.0, 0.0, 1.0]], [[1249.9629280788233, 0.0, 825.3768045375984], [0.0, 1249.9629280788233, 462.54816385708756], [0.0, 0.0, 1.0]]], "extrinsics": [[[0.8221339583396912, -0.5686886310577393, 0.026248514652252197, -0.88751220703125], [0.026834294199943542, -0.007344906218349934, -0.9996129274368286, 1.4921202659606934], [0.5686612129211426, 0.8225200772285461, 0.009221862070262432, -1.2529296875], [0.0, 0.0, 0.0, 1.0]], [[0.009992342442274094, -0.9998795986175537, 0.011866835877299309, 0.0072021484375], [0.028805000707507133, -0.011574678122997284, -0.9995180368423462, 1.4835567474365234], [0.9995351433753967, 0.010329339653253555, 0.028685877099633217, -1.61737060546875], [0.0, 0.0, 0.0, 1.0]], [[-0.8437264561653137, -0.5363945960998535, -0.020165691152215004, 1.0142822265625], [0.036839328706264496, -0.02038518525660038, -0.9991132020950317, 1.4964256286621094], [0.5355077981948853, -0.8437211513519287, 0.0369599349796772, -1.228515625], [0.0, 0.0, 0.0, 1.0]], [[0.9478107690811157, 0.3187086284160614, 0.008917969651520252, -1.14349365234375], [0.01125390361994505, -0.0054887221194803715, -0.9999216198921204, 1.5620489120483398], [-0.3186347484588623, 0.9478368759155273, -0.008788986131548882, -0.15625], [0.0, 0.0, 0.0, 1.0]], [[0.009312063455581665, 0.9998742938041687, -0.012834690511226654, -0.02880859375], [0.013469519093632698, -0.012959507293999195, -0.9998252987861633, 1.568516731262207], [-0.9998658895492554, 0.009137548506259918, -0.01358850672841072, 0.0106201171875], [0.0, 0.0, 0.0, 1.0]], [[-0.9233514070510864, 0.3827803134918213, -0.03002285026013851, 1.10028076171875], [0.017751285806298256, -0.03555162623524666, -0.9992101788520813, 1.5489845275878906], [-0.38354524970054626, -0.9231550097465515, 0.02603180520236492, -0.068359375], [0.0, 0.0, 0.0, 1.0]]], "view": [[0.0, -2.0, 100.0], [-2.0, 0.0, 100.0], [0.0, 0.0, 1.0]], "bev": "bev_224d34c137b64e4f8012c7280b4b9089.png", "aux": "aux_224d34c137b64e4f8012c7280b4b9089.npz", "visibility": "visibility_224d34c137b64e4f8012c7280b4b9089.png", "pose": [[-0.7677338719367981, -0.640768826007843, 0.0, 1313.53466796875], [0.640768826007843, -0.7677338719367981, 0.0, 1041.0216064453125], [0.0, 0.0, 1.0, 0.0], [0.0, 0.0, 0.0, 1.0]], "pose_inverse": [[-0.7677338719367981, 0.640768826007843, 0.0, 341.3908996582031], [-0.640768826007843, -0.7677338719367981, 0.0, 1640.899658203125], [0.0, 0.0, 1.0, 0.0], [0.0, 0.0, 0.0, 1.0]], "cam_ids": [0, 1, 2, 3, 4, 5], "cam_channels": ["CAM_FRONT_LEFT", "CAM_FRONT", "CAM_FRONT_RIGHT", "CAM_BACK_LEFT", "CAM_BACK", "CAM_BACK_RIGHT"], "token": "224d34c137b64e4f8012c7280b4b9089", "scene": "scene-0555"}, {"images": ["samples/CAM_FRONT_LEFT/n008-2018-08-28-16-43-51-0400__CAM_FRONT_LEFT__1535489340004799.jpg", "samples/CAM_FRONT/n008-2018-08-28-16-43-51-0400__CAM_FRONT__1535489340012404.jpg", "samples/CAM_FRONT_RIGHT/n008-2018-08-28-16-43-51-0400__CAM_FRONT_RIGHT__1535489340020482.jpg", "samples/CAM_BACK_LEFT/n008-2018-08-28-16-43-51-0400__CAM_BACK_LEFT__1535489340047405.jpg", "samples/CAM_BACK/n008-2018-08-28-16-43-51-0400__CAM_BACK__1535489340037558.jpg", "samples/CAM_BACK_RIGHT/n008-2018-08-28-16-43-51-0400__CAM_BACK_RIGHT__1535489340028113.jpg"], "intrinsics": [[[1257.8625342125129, 0.0, 827.2410631095686], [0.0, 1257.8625342125129, 450.915498205774], [0.0, 0.0, 1.0]], [[1252.8131021185304, 0.0, 826.588114781398], [0.0, 1252.8131021185304, 469.9846626224581], [0.0, 0.0, 1.0]], [[1256.7485116440405, 0.0, 817.7887570959712], [0.0, 1256.7485116440403, 451.9541780095127], [0.0, 0.0, 1.0]], [[1254.9860565800168, 0.0, 829.5769333630991], [0.0, 1254.9860565800168, 467.1680561863987], [0.0, 0.0, 1.0]], [[796.8910634503094, 0.0, 857.7774326863696], [0.0, 796.8910634503094, 476.8848988407415], [0.0, 0.0, 1.0]], [[1249.9629280788233, 0.0, 825.3768045375984], [0.0, 1249.9629280788233, 462.54816385708756], [0.0, 0.0, 1.0]]], "extrinsics": [[[0.8220789432525635, -0.5687590837478638, 0.026448382064700127, -0.86737060546875], [0.02985907532274723, -0.0033228974789381027, -0.9995485544204712, 1.4932665824890137], [0.5685901641845703, 0.8224974870681763, 0.01425093412399292, -1.239990234375], [0.0, 0.0, 0.0, 1.0]], [[0.01003985945135355, -0.9999182224273682, 0.007921821437776089, 0.008056640625], [0.03192560002207756, -0.00759764714166522, -0.9994614124298096, 1.4845410585403442], [0.9994398355484009, 0.0102873919531703, 0.03184670954942703, -1.598114013671875], [0.0, 0.0, 0.0, 1.0]], [[-0.8435952663421631, -0.5363976359367371, -0.024991823360323906, 1.002197265625], [0.04006141796708107, -0.016456540673971176, -0.9990617036819458, 1.497319221496582], [0.5354831218719482, -0.8438050150871277, 0.035371508449316025, -1.22021484375], [0.0, 0.0, 0.0, 1.0]], [[0.9477021098136902, 0.31886112689971924, 0.013725336641073227, -1.14202880859375], [0.015163208357989788, -0.0020274375565350056, -0.9998829960823059, 1.5620759725570679], [-0.31879597902297974, 0.9477993249893188, -0.006756362970918417, -0.1568603515625], [0.0, 0.0, 0.0, 1.0]], [[0.00920744426548481, 0.9999161958694458, -0.00910875666886568, -0.0289306640625], [0.017103854566812515, -0.00926529336720705, -0.9998107552528381, 1.5687518119812012], [-0.9998113512992859, 0.009049896150827408, -0.017187731340527534, 0.004180908203125], [0.0, 0.0, 0.0, 1.0]], [[-0.9232936501502991, 0.38278311491012573, -0.03171810880303383, 1.08990478515625], [0.021178213879466057, -0.031718552112579346, -0.9992724061012268, 1.5494537353515625], [-0.38351067900657654, -0.9232935905456543, 0.021178873255848885, -0.0721435546875], [0.0, 0.0, 0.0, 1.0]]], "view": [[0.0, -2.0, 100.0], [-2.0, 0.0, 100.0], [0.0, 0.0, 1.0]], "bev": "bev_e0fc0697837f4562b44fbcb82a419668.png", "aux": "aux_e0fc0697837f4562b44fbcb82a419668.npz", "visibility": "visibility_e0fc0697837f4562b44fbcb82a419668.png", "pose": [[-0.7716589570045471, -0.6360365748405457, 0.0, 1312.1575927734375], [0.6360365748405457, -0.7716589570045471, 0.0, 1042.1719970703125], [0.0, 0.0, 1.0, 0.0], [0.0, 0.0, 0.0, 1.0]], "pose_inverse": [[-0.7716589570045471, 0.6360365748405457, 0.0, 349.67864990234375], [-0.6360365748405457, -0.7716589570045471, 0.0, 1638.781494140625], [0.0, 0.0, 1.0, 0.0], [0.0, 0.0, 0.0, 1.0]], "cam_ids": [0, 1, 2, 3, 4, 5], "cam_channels": ["CAM_FRONT_LEFT", "CAM_FRONT", "CAM_FRONT_RIGHT", "CAM_BACK_LEFT", "CAM_BACK", "CAM_BACK_RIGHT"], "token": "e0fc0697837f4562b44fbcb82a419668", "scene": "scene-0555"}, {"images": ["samples/CAM_FRONT_LEFT/n008-2018-08-28-16-43-51-0400__CAM_FRONT_LEFT__1535489340504799.jpg", "samples/CAM_FRONT/n008-2018-08-28-16-43-51-0400__CAM_FRONT__1535489340512404.jpg", "samples/CAM_FRONT_RIGHT/n008-2018-08-28-16-43-51-0400__CAM_FRONT_RIGHT__1535489340520482.jpg", "samples/CAM_BACK_LEFT/n008-2018-08-28-16-43-51-0400__CAM_BACK_LEFT__1535489340547405.jpg", "samples/CAM_BACK/n008-2018-08-28-16-43-51-0400__CAM_BACK__1535489340537558.jpg", "samples/CAM_BACK_RIGHT/n008-2018-08-28-16-43-51-0400__CAM_BACK_RIGHT__1535489340528113.jpg"], "intrinsics": [[[1257.8625342125129, 0.0, 827.2410631095686], [0.0, 1257.8625342125129, 450.915498205774], [0.0, 0.0, 1.0]], [[1252.8131021185304, 0.0, 826.588114781398], [0.0, 1252.8131021185304, 469.9846626224581], [0.0, 0.0, 1.0]], [[1256.7485116440405, 0.0, 817.7887570959712], [0.0, 1256.7485116440403, 451.9541780095127], [0.0, 0.0, 1.0]], [[1254.9860565800168, 0.0, 829.5769333630991], [0.0, 1254.9860565800168, 467.1680561863987], [0.0, 0.0, 1.0]], [[796.8910634503094, 0.0, 857.7774326863696], [0.0, 796.8910634503094, 476.8848988407415], [0.0, 0.0, 1.0]], [[1249.9629280788233, 0.0, 825.3768045375984], [0.0, 1249.9629280788233, 462.54816385708756], [0.0, 0.0, 1.0]]], "extrinsics": [[[0.82142573595047, -0.5691248178482056, 0.036831874400377274, -0.8408203125], [0.0400969497859478, -0.006790651474148035, -0.9991726875305176, 1.4963428974151611], [0.5689041614532471, 0.8222230672836304, 0.017242155969142914, -1.217529296875], [0.0, 0.0, 0.0, 1.0]], [[0.009472333826124668, -0.9998900294303894, 0.011411096900701523, 0.00537109375], [0.042178355157375336, -0.011001934297382832, -0.9990495443344116, 1.487099051475525], [0.9990651607513428, 0.0099445516243577, 0.04206950590014458, -1.57000732421875], [0.0, 0.0, 0.0, 1.0]], [[-0.8434834480285645, -0.5362080931663513, -0.03188270702958107, 0.9830322265625], [0.050326187163591385, -0.01979316584765911, -0.9985367059707642, 1.4994192123413086], [0.5347923636436462, -0.8438537120819092, 0.04368051886558533, -1.2110595703125], [0.0, 0.0, 0.0, 1.0]], [[0.9474591612815857, 0.31910568475723267, 0.02219568006694317, -1.14141845703125], [0.0251327957957983, -0.0050889733247458935, -0.9996711611747742, 1.5621068477630615], [-0.31888797879219055, 0.9477054476737976, -0.012841617688536644, -0.156982421875], [0.0, 0.0, 0.0, 1.0]], [[0.00930699985474348, 0.9998827576637268, -0.012156003154814243, -0.02783203125], [0.027206487953662872, -0.012405230663716793, -0.999552845954895, 1.569356918334961], [-0.9995865225791931, 0.008972068317234516, -0.02731875702738762, -0.00341796875], [0.0, 0.0, 0.0, 1.0]], [[-0.9228471517562866, 0.38283276557922363, -0.04233464226126671, 1.076690673828125], [0.03132381662726402, -0.034952323883771896, -0.9988979697227478, 1.5506401062011719], [-0.3838905394077301, -0.923156201839447, 0.020263874903321266, -0.079833984375], [0.0, 0.0, 0.0, 1.0]]], "view": [[0.0, -2.0, 100.0], [-2.0, 0.0, 100.0], [0.0, 0.0, 1.0]], "bev": "bev_f546013d4af64c9f9b6b2852799f3a36.png", "aux": "aux_f546013d4af64c9f9b6b2852799f3a36.npz", "visibility": "visibility_f546013d4af64c9f9b6b2852799f3a36.png", "pose": [[-0.777672529220581, -0.6286695599555969, 0.0, 1310.455322265625], [0.6286695599555969, -0.777672529220581, 0.0, 1043.56884765625], [0.0, 0.0, 1.0, 0.0], [0.0, 0.0, 0.0, 1.0]], "pose_inverse": [[-0.777672529220581, 0.6286695599555969, 0.0, 363.0451354980469], [-0.6286695599555969, -0.777672529220581, 0.0, 1635.398193359375], [0.0, 0.0, 1.0, 0.0], [0.0, 0.0, 0.0, 1.0]], "cam_ids": [0, 1, 2, 3, 4, 5], "cam_channels": ["CAM_FRONT_LEFT", "CAM_FRONT", "CAM_FRONT_RIGHT", "CAM_BACK_LEFT", "CAM_BACK", "CAM_BACK_RIGHT"], "token": "f546013d4af64c9f9b6b2852799f3a36", "scene": "scene-0555"}, {"images": ["samples/CAM_FRONT_LEFT/n008-2018-08-28-16-43-51-0400__CAM_FRONT_LEFT__1535489341004799.jpg", "samples/CAM_FRONT/n008-2018-08-28-16-43-51-0400__CAM_FRONT__1535489341012404.jpg", "samples/CAM_FRONT_RIGHT/n008-2018-08-28-16-43-51-0400__CAM_FRONT_RIGHT__1535489341020482.jpg", "samples/CAM_BACK_LEFT/n008-2018-08-28-16-43-51-0400__CAM_BACK_LEFT__1535489341047405.jpg", "samples/CAM_BACK/n008-2018-08-28-16-43-51-0400__CAM_BACK__1535489341037569.jpg", "samples/CAM_BACK_RIGHT/n008-2018-08-28-16-43-51-0400__CAM_BACK_RIGHT__1535489341028113.jpg"], "intrinsics": [[[1257.8625342125129, 0.0, 827.2410631095686], [0.0, 1257.8625342125129, 450.915498205774], [0.0, 0.0, 1.0]], [[1252.8131021185304, 0.0, 826.588114781398], [0.0, 1252.8131021185304, 469.9846626224581], [0.0, 0.0, 1.0]], [[1256.7485116440405, 0.0, 817.7887570959712], [0.0, 1256.7485116440403, 451.9541780095127], [0.0, 0.0, 1.0]], [[1254.9860565800168, 0.0, 829.5769333630991], [0.0, 1254.9860565800168, 467.1680561863987], [0.0, 0.0, 1.0]], [[796.8910634503094, 0.0, 857.7774326863696], [0.0, 796.8910634503094, 476.8848988407415], [0.0, 0.0, 1.0]], [[1249.9629280788233, 0.0, 825.3768045375984], [0.0, 1249.9629280788233, 462.54816385708756], [0.0, 0.0, 1.0]]], "extrinsics": [[[0.8217143416404724, -0.5681807398796082, 0.044228266924619675, -0.81146240234375], [0.04608476161956787, -0.011105681769549847, -0.9988757967948914, 1.4991267919540405], [0.5680331587791443, 0.8228288292884827, 0.01705877110362053, -1.20068359375], [0.0, 0.0, 0.0, 1.0]], [[0.01020762138068676, -0.9998213648796082, 0.015902817249298096, 0.0081787109375], [0.048105690628290176, -0.015394223853945732, -0.9987236261367798, 1.489499568939209], [0.9987900853157043, 0.010959613136947155, 0.0479399599134922, -1.541259765625], [0.0, 0.0, 0.0, 1.0]], [[-0.8429272770881653, -0.5369265675544739, -0.0343998447060585, 0.9644775390625], [0.05618846043944359, -0.024262962862849236, -0.9981253147125244, 1.5014972686767578], [0.5350854396820068, -0.8432799577713013, 0.050620999187231064, -1.197021484375], [0.0, 0.0, 0.0, 1.0]], [[0.9472818374633789, 0.3193109929561615, 0.02641286700963974, -1.142333984375], [0.03128538280725479, -0.010139011777937412, -0.9994590878486633, 1.5620975494384766], [-0.318870484828949, 0.9475957751274109, -0.01959427073597908, -0.1568603515625], [0.0, 0.0, 0.0, 1.0]], [[0.009089646860957146, 0.999815821647644, -0.01689992845058441, -0.028564453125], [0.0332135409116745, -0.017193162813782692, -0.9993003010749817, 1.5699243545532227], [-0.9994069933891296, 0.00852186605334282, -0.0333