[{"images": ["samples/CAM_FRONT_LEFT/n015-2018-10-08-16-03-24+0800__CAM_FRONT_LEFT__1538986237754844.jpg", "samples/CAM_FRONT/n015-2018-10-08-16-03-24+0800__CAM_FRONT__1538986237762460.jpg", "samples/CAM_FRONT_RIGHT/n015-2018-10-08-16-03-24+0800__CAM_FRONT_RIGHT__1538986237770339.jpg", "samples/CAM_BACK_LEFT/n015-2018-10-08-16-03-24+0800__CAM_BACK_LEFT__1538986237797423.jpg", "samples/CAM_BACK/n015-2018-10-08-16-03-24+0800__CAM_BACK__1538986237787525.jpg", "samples/CAM_BACK_RIGHT/n015-2018-10-08-16-03-24+0800__CAM_BACK_RIGHT__1538986237777893.jpg"], "intrinsics": [[[1272.5979470598488, 0.0, 826.6154927353808], [0.0, 1272.5979470598488, 479.75165386361925], [0.0, 0.0, 1.0]], [[1266.417203046554, 0.0, 816.2670197447984], [0.0, 1266.417203046554, 491.50706579294757], [0.0, 0.0, 1.0]], [[1260.8474446004698, 0.0, 807.968244525554], [0.0, 1260.8474446004698, 495.3344268742088], [0.0, 0.0, 1.0]], [[1256.7414812095406, 0.0, 792.1125740759628], [0.0, 1256.7414812095406, 492.7757465151356], [0.0, 0.0, 1.0]], [[809.2209905677063, 0.0, 829.2196003259838], [0.0, 809.2209905677063, 481.77842384512485], [0.0, 0.0, 1.0]], [[1259.5137405846733, 0.0, 807.2529053838625], [0.0, 1259.5137405846733, 501.19579884916527], [0.0, 0.0, 1.0]]], "extrinsics": [[[0.8197627067565918, -0.5700897574424744, 0.05465161055326462, -0.6746826171875], [0.05067142844200134, -0.02285352721810341, -0.9984538555145264, 1.5261688232421875], [0.5704572796821594, 0.8212645649909973, 0.010152793489396572, -1.079833984375], [0.0, 0.0, 0.0, 1.0]], [[0.0055557796731591225, -0.9996157288551331, 0.027157321572303772, 0.007568359375], [0.045616671442985535, -0.02687612548470497, -0.9985974431037903, 1.5338058471679688], [0.998943567276001, 0.006786838173866272, 0.045449819415807724, -1.4022216796875], [0.0, 0.0, 0.0, 1.0]], [[-0.8314136266708374, -0.5543860197067261, -0.037515681236982346, 0.8453369140625], [0.05147674307227135, -0.009621943347156048, -0.9986278414726257, 1.5152511596679688], [0.553264319896698, -0.8322040438652039, 0.03653780370950699, -1.1234130859375], [0.0, 0.0, 0.0, 1.0]], [[0.9462884068489075, 0.3201638460159302, 0.04509272426366806, -1.1391000747680664], [0.06106041744351387, -0.04000559449195862, -0.997331976890564, 1.5887527465820312], [-0.31750574707984924, 0.9465171694755554, -0.057406168431043625, -0.10498046875], [0.0, 0.0, 0.0, 1.0]], [[0.0027196230366826057, 0.9995489716529846, -0.029908595606684685, 0.0028076171875], [0.035341668874025345, -0.029986092820763588, -0.9989253282546997, 1.5823516845703125], [-0.9993715882301331, 0.001659644884057343, -0.03540727496147156, -0.08245849609375], [0.0, 0.0, 0.0, 1.0]], [[-0.9329270720481873, 0.35351133346557617, -0.06838686019182205, 0.9837646484375], [0.06759421527385712, -0.014603981748223305, -0.9976060390472412, 1.5624923706054688], [-0.3536638021469116, -0.9353163242340088, -0.010270873084664345, -0.1209716796875], [0.0, 0.0, 0.0, 1.0]]], "view": [[0.0, -2.0, 100.0], [-2.0, 0.0, 100.0], [0.0, 0.0, 1.0]], "bev": "bev_9966b18d95da4e2c98628a7f8b238699.png", "aux": "aux_9966b18d95da4e2c98628a7f8b238699.npz", "visibility": "visibility_9966b18d95da4e2c98628a7f8b238699.png", "pose": [[-0.7513979077339172, -0.6598494052886963, 0.0, 664.5218505859375], [0.6598494052886963, -0.7513979077339172, 0.0, 1614.7713623046875], [0.0, 0.0, 1.0, 0.0], [0.0, 0.0, 0.0, 1.0]], "pose_inverse": [[-0.7513979077339172, 0.6598494052886963, 0.0, -566.1856079101562], [-0.6598494052886963, -0.7513979077339172, 0.0, 1651.820068359375], [0.0, 0.0, 1.0, 0.0], [0.0, 0.0, 0.0, 1.0]], "cam_ids": [0, 1, 2, 3, 4, 5], "cam_channels": ["CAM_FRONT_LEFT", "CAM_FRONT", "CAM_FRONT_RIGHT", "CAM_BACK_LEFT", "CAM_BACK", "CAM_BACK_RIGHT"], "token": "9966b18d95da4e2c98628a7f8b238699", "scene": "scene-0864"}, {"images": ["samples/CAM_FRONT_LEFT/n015-2018-10-08-16-03-24+0800__CAM_FRONT_LEFT__1538986238254844.jpg", "samples/CAM_FRONT/n015-2018-10-08-16-03-24+0800__CAM_FRONT__1538986238262460.jpg", "samples/CAM_FRONT_RIGHT/n015-2018-10-08-16-03-24+0800__CAM_FRONT_RIGHT__1538986238270339.jpg", "samples/CAM_BACK_LEFT/n015-2018-10-08-16-03-24+0800__CAM_BACK_LEFT__1538986238297423.jpg", "samples/CAM_BACK/n015-2018-10-08-16-03-24+0800__CAM_BACK__1538986238287525.jpg", "samples/CAM_BACK_RIGHT/n015-2018-10-08-16-03-24+0800__CAM_BACK_RIGHT__1538986238277893.jpg"], "intrinsics": [[[1272.5979470598488, 0.0, 826.6154927353808], [0.0, 1272.5979470598488, 479.75165386361925], [0.0, 0.0, 1.0]], [[1266.417203046554, 0.0, 816.2670197447984], [0.0, 1266.417203046554, 491.50706579294757], [0.0, 0.0, 1.0]], [[1260.8474446004698, 0.0, 807.968244525554], [0.0, 1260.8474446004698, 495.3344268742088], [0.0, 0.0, 1.0]], [[1256.7414812095406, 0.0, 792.1125740759628], [0.0, 1256.7414812095406, 492.7757465151356], [0.0, 0.0, 1.0]], [[809.2209905677063, 0.0, 829.2196003259838], [0.0, 809.2209905677063, 481.77842384512485], [0.0, 0.0, 1.0]], [[1259.5137405846733, 0.0, 807.2529053838625], [0.0, 1259.5137405846733, 501.19579884916527], [0.0, 0.0, 1.0]]], "extrinsics": [[[0.8199429512023926, -0.5701231360435486, 0.05150897800922394, -0.6800537109375], [0.051400404423475266, -0.01629234291613102, -0.998545229434967, 1.5260658264160156], [0.5701329708099365, 0.8213976621627808, 0.015945767983794212, -1.0848388671875], [0.0, 0.0, 0.0, 1.0]], [[0.0059269145131111145, -0.9997707605361938, 0.020574841648340225, 0.008544921875], [0.04603913053870201, -0.02028057351708412, -0.9987338185310364, 1.5337028503417969], [0.9989219903945923, 0.006866667419672012, 0.0459083653986454, -1.407470703125], [0.0, 0.0, 0.0, 1.0]], [[-0.8311993479728699, -0.554439902305603, -0.04127884656190872, 0.8480224609375], [0.05160726234316826, -0.003016144735738635, -0.9986628293991089, 1.5151214599609375], [0.5535740256309509, -0.8322182893753052, 0.031120143830776215, -1.1246337890625], [0.0, 0.0, 0.0, 1.0]], [[0.946254551410675, 0.3200564980506897, 0.04654155299067497, -1.1397404670715332], [0.06030997633934021, -0.03323638439178467, -0.9976261854171753, 1.588714599609375], [-0.3177497982978821, 0.9468152523040771, -0.050752680748701096, -0.1046142578125], [0.0, 0.0, 0.0, 1.0]], [[0.0024325053673237562, 0.9997276067733765, -0.023212047293782234, 0.0025634765625], [0.034892868250608444, -0.023282833397388458, -0.9991198778152466, 1.5822639465332031], [-0.9993880391120911, 0.0016204153653234243, -0.034940000623464584, -0.0811767578125], [0.0, 0.0, 0.0, 1.0]], [[-0.9330577254295349, 0.35363590717315674, -0.06591566652059555, 0.9852294921875], [0.06746315956115723, -0.007964066229760647, -0.997689962387085, 1.562347412109375], [-0.35334399342536926, -0.9353492259979248, -0.016426464542746544, -0.119873046875], [0.0, 0.0, 0.0, 1.0]]], "view": [[0.0, -2.0, 100.0], [-2.0, 0.0, 100.0], [0.0, 0.0, 1.0]], "bev": "bev_2987f14b81144d3d8d84c1d38dab83af.png", "aux": "aux_2987f14b81144d3d8d84c1d38dab83af.npz", "visibility": "visibility_2987f14b81144d3d8d84c1d38dab83af.png", "pose": [[-0.7538020014762878, -0.6571016311645508, 0.0, 661.4906616210938], [0.6571016311645508, -0.7538020014762878, 0.0, 1617.4375], [0.0, 0.0, 1.0, 0.0], [0.0, 0.0, 0.0, 1.0]], "pose_inverse": [[-0.7538020014762878, 0.6571016311645508, 0.0, -564.1878662109375], [-0.6571016311645508, -0.7538020014762878, 0.0, 1653.8941650390625], [0.0, 0.0, 1.0, 0.0], [0.0, 0.0, 0.0, 1.0]], "cam_ids": [0, 1, 2, 3, 4, 5], "cam_channels": ["CAM_FRONT_LEFT", "CAM_FRONT", "CAM_FRONT_RIGHT", "CAM_BACK_LEFT", "CAM_BACK", "CAM_BACK_RIGHT"], "token": "2987f14b81144d3d8d84c1d38dab83af", "scene": "scene-0864"}, {"images": ["samples/CAM_FRONT_LEFT/n015-2018-10-08-16-03-24+0800__CAM_FRONT_LEFT__1538986238754844.jpg", "samples/CAM_FRONT/n015-2018-10-08-16-03-24+0800__CAM_FRONT__1538986238762460.jpg", "samples/CAM_FRONT_RIGHT/n015-2018-10-08-16-03-24+0800__CAM_FRONT_RIGHT__1538986238770339.jpg", "samples/CAM_BACK_LEFT/n015-2018-10-08-16-03-24+0800__CAM_BACK_LEFT__1538986238797423.jpg", "samples/CAM_BACK/n015-2018-10-08-16-03-24+0800__CAM_BACK__1538986238787525.jpg", "samples/CAM_BACK_RIGHT/n015-2018-10-08-16-03-24+0800__CAM_BACK_RIGHT__1538986238777893.jpg"], "intrinsics": [[[1272.5979470598488, 0.0, 826.6154927353808], [0.0, 1272.5979470598488, 479.75165386361925], [0.0, 0.0, 1.0]], [[1266.417203046554, 0.0, 816.2670197447984], [0.0, 1266.417203046554, 491.50706579294757], [0.0, 0.0, 1.0]], [[1260.8474446004698, 0.0, 807.968244525554], [0.0, 1260.8474446004698, 495.3344268742088], [0.0, 0.0, 1.0]], [[1256.7414812095406, 0.0, 792.1125740759628], [0.0, 1256.7414812095406, 492.7757465151356], [0.0, 0.0, 1.0]], [[809.2209905677063, 0.0, 829.2196003259838], [0.0, 809.2209905677063, 481.77842384512485], [0.0, 0.0, 1.0]], [[1259.5137405846733, 0.0, 807.2529053838625], [0.0, 1259.5137405846733, 501.19579884916527], [0.0, 0.0, 1.0]]], "extrinsics": [[[0.8198449015617371, -0.5697823166847229, 0.05658992752432823, -0.6824951171875], [0.05837382376194, -0.015145158395171165, -0.9981799125671387, 1.5283126831054688], [0.5696023106575012, 0.8216561079025269, 0.020843690261244774, -1.086181640625], [0.0, 0.0, 0.0, 1.0]], [[0.006261636037379503, -0.9997908473014832, 0.01946435309946537, 0.0079345703125], [0.052916914224624634, -0.019106173887848854, -0.9984161257743835, 1.5355110168457031], [0.9985792636871338, 0.007281642407178879, 0.0527862124145031, -1.41015625], [0.0, 0.0, 0.0, 1.0]], [[-0.8306465148925781, -0.5547652244567871, -0.04755881056189537, 0.850311279296875], [0.05833478271961212, -0.0017626081826165318, -0.9982954859733582, 1.5164604187011719], [0.5537358522415161, -0.8320050239562988, 0.03382621705532074, -1.1259765625], [0.0, 0.0, 0.0, 1.0]], [[0.9458599090576172, 0.32024669647216797, 0.052829813212156296, -1.1408929824829102], [0.06640352308750153, -0.03160586580634117, -0.997292160987854, 1.5886459350585938], [-0.3177098333835602, 0.946806788444519, -0.05116023123264313, -0.104248046875], [0.0, 0.0, 0.0, 1.0]], [[0.0022207896690815687, 0.9997611045837402, -0.02174495719373226, 0.002685546875], [0.041265495121479034, -0.02181810699403286, -0.9989099502563477, 1.5827217102050781], [-0.9991457462310791, 0.0013208928285166621, -0.0413040891289711, -0.0792236328125], [0.0, 0.0, 0.0, 1.0]], [[-0.9327550530433655, 0.35333144664764404, -0.07158893346786499, 0.9876708984375], [0.0740336924791336, -0.0066102598793804646, -0.9972338676452637, 1.5632247924804688], [-0.35282739996910095, -0.9354748725891113, -0.019992679357528687, -0.1190185546875], [0.0, 0.0, 0.0, 1.0]]], "view": [[0.0, -2.0, 100.0], [-2.0, 0.0, 100.0], [0.0, 0.0, 1.0]], "bev": "bev_c7f5704ffdd4446290cac052d3194783.png", "aux": "aux_c7f5704ffdd4446290cac052d3194783.npz", "visibility": "visibility_c7f5704ffdd4446290cac052d3194783.png", "pose": [[-0.7542082667350769, -0.6566352844238281, 0.0, 658.4342041015625], [0.6566352844238281, -0.7542082667350769, 0.0, 1620.121826171875], [0.0, 0.0, 1.0, 0.0], [0.0, 0.0, 0.0, 1.0]], "pose_inverse": [[-0.7542082667350769, 0.6566352844238281, 0.0, -567.232666015625], [-0.6566352844238281, -0.7542082667350769, 0.0, 1654.2603759765625], [0.0, 0.0, 1.0, 0.0], [0.0, 0.0, 0.0, 1.0]], "cam_ids": [0, 1, 2, 3, 4, 5], "cam_channels": ["CAM_FRONT_LEFT", "CAM_FRONT", "CAM_FRONT_RIGHT", "CAM_BACK_LEFT", "CAM_BACK", "CAM_BACK_RIGHT"], "token": "c7f5704ffdd4446290cac052d3194783", "scene": "scene-0864"}, {"images": ["samples/CAM_FRONT_LEFT/n015-2018-10-08-16-03-24+0800__CAM_FRONT_LEFT__1538986239254844.jpg", "samples/CAM_FRONT/n015-2018-10-08-16-03-24+0800__CAM_FRONT__1538986239262460.jpg", "samples/CAM_FRONT_RIGHT/n015-2018-10-08-16-03-24+0800__CAM_FRONT_RIGHT__1538986239270339.jpg", "samples/CAM_BACK_LEFT/n015-2018-10-08-16-03-24+0800__CAM_BACK_LEFT__1538986239297423.jpg", "samples/CAM_BACK/n015-2018-10-08-16-03-24+0800__CAM_BACK__1538986239287525.jpg", "samples/CAM_BACK_RIGHT/n015-2018-10-08-16-03-24+0800__CAM_BACK_RIGHT__1538986239277893.jpg"], "intrinsics": [[[1272.5979470598488, 0.0, 826.6154927353808], [0.0, 1272.5979470598488, 479.75165386361925], [0.0, 0.0, 1.0]], [[1266.417203046554, 0.0, 816.2670197447984], [0.0, 1266.417203046554, 491.50706579294757], [0.0, 0.0, 1.0]], [[1260.8474446004698, 0.0, 807.968244525554], [0.0, 1260.8474446004698, 495.3344268742088], [0.0, 0.0, 1.0]], [[1256.7414812095406, 0.0, 792.1125740759628], [0.0, 1256.7414812095406, 492.7757465151356], [0.0, 0.0, 1.0]], [[809.2209905677063, 0.0, 829.2196003259838], [0.0, 809.2209905677063, 481.77842384512485], [0.0, 0.0, 1.0]], [[1259.5137405846733, 0.0, 807.2529053838625], [0.0, 1259.5137405846733, 501.19579884916527], [0.0, 0.0, 1.0]]], "extrinsics": [[[0.819700300693512, -0.5704667568206787, 0.05156581476330757, -0.687744140625], [0.05805022269487381, -0.006825749762356281, -0.9982903003692627, 1.5278511047363281], [0.5698434114456177, 0.8212923407554626, 0.02752065099775791, -1.0882568359375], [0.0, 0.0, 0.0, 1.0]], [[0.006063640117645264, -0.999919593334198, 0.011132976040244102, 0.007080078125], [0.052988201379776, -0.010796251706779003, -0.9985368251800537, 1.5351905822753906], [0.9985767006874084, 0.006644764915108681, 0.05291847884654999, -1.41632080078125], [0.0, 0.0, 0.0, 1.0]], [[-0.830681324005127, -0.5542603731155396, -0.052572932094335556, 0.8555908203125], [0.0588194839656353, 0.006532185710966587, -0.9982472062110901, 1.5161685943603516], [0.5536323189735413, -0.8323176503181458, 0.02717515267431736, -1.1304931640625], [0.0, 0.0, 0.0, 1.0]], [[0.9456603527069092, 0.3200981318950653, 0.057128142565488815, -1.1415824890136719], [0.06818012148141861, -0.02341701090335846, -0.9973981976509094, 1.5886077880859375], [-0.31792744994163513, 0.9470949172973633, -0.043968863785266876, -0.10400390625], [0.0, 0.0, 0.0, 1.0]], [[0.0020826116669923067, 0.9999069571495056, -0.013483850285410881, 0.0028076171875], [0.04255463927984238, -0.013560283929109573, -0.9990020990371704, 1.5826835632324219], [-0.9990918636322021, 0.001506707863882184, -0.04257892072200775, -0.07598876953125], [0.0, 0.0, 0.0, 1.0]], [[-0.9326956272125244, 0.35391536355018616, -0.06944562494754791, 0.9932861328125], [0.07487819343805313, 0.0016613950720056891, -0.997191309928894, 1.5629234313964844], [-0.3528059720993042, -0.9352759122848511, -0.028050122782588005, -0.1175537109375], [0.0, 0.0, 0.0, 1.0]]], "view": [[0.0, -2.0, 100.0], [-2.0, 0.0, 100.0], [0.0, 0.0, 1.0]], "bev": "bev_af03050f5e3d4328a4b8232b1a3cc18e.png", "aux": "aux_af03050f5e3d4328a4b8232b1a3cc18e.npz", "visibility": "visibility_af03050f5e3d4328a4b8232b1a3cc18e.png", "pose": [[-0.7533599734306335, -0.6576083302497864, 0.0, 655.430908203125], [0.6576083302497864, -0.7533599734306335, 0.0, 1622.760009765625], [0.0, 0.0, 1.0, 0.0], [0.0, 0.0, 0.0, 1.0]], "pose_inverse": [[-0.7533599734306335, 0.6576083302497864, 0.0, -573.3651123046875], [-0.6576083302497864, -0.7533599734306335, 0.0, 1653.539306640625], [0.0, 0.0, 1.0, 0.0], [0.0, 0.0, 0.0, 1.0]], "cam_ids": [0, 1, 2, 3, 4, 5], "cam_channels": ["CAM_FRONT_LEFT", "CAM_FRONT", "CAM_FRONT_RIGHT", "CAM_BACK_LEFT", "CAM_BACK", "CAM_BACK_RIGHT"], "token": "af03050f5e3d4328a4b8232b1a3cc18e", "scene": "scene-0864"}, {"images": ["samples/CAM_FRONT_LEFT/n015-2018-10-08-16-03-24+0800__CAM_FRONT_LEFT__1538986239754844.jpg", "samples/CAM_FRONT/n015-2018-10-08-16-03-24+0800__CAM_FRONT__1538986239762460.jpg", "samples/CAM_FRONT_RIGHT/n015-2018-10-08-16-03-24+0800__CAM_FRONT_RIGHT__1538986239770339.jpg", "samples/CAM_BACK_LEFT/n015-2018-10-08-16-03-24+0800__CAM_BACK_LEFT__1538986239797423.jpg", "samples/CAM_BACK/n015-2018-10-08-16-03-24+0800__CAM_BACK__1538986239787525.jpg", "samples/CAM_BACK_RIGHT/n015-2018-10-08-16-03-24+0800__CAM_BACK_RIGHT__1538986239777893.jpg"], "intrinsics": [[[1272.5979470598488, 0.0, 826.6154927353808], [0.0, 1272.5979470598488, 479.75165386361925], [0.0, 0.0, 1.0]], [[1266.417203046554, 0.0, 816.2670197447984], [0.0, 1266.417203046554, 491.50706579294757], [0.0, 0.0, 1.0]], [[1260.8474446004698, 0.0, 807.968244525554], [0.0, 1260.8474446004698, 495.3344268742088], [0.0, 0.0, 1.0]], [[1256.7414812095406, 0.0, 792.1125740759628], [0.0, 1256.7414812095406, 492.7757465151356], [0.0, 0.0, 1.0]], [[809.2209905677063, 0.0, 829.2196003259838], [0.0, 809.2209905677063, 481.77842384512485], [0.0, 0.0, 1.0]], [[1259.5137405846733, 0.0, 807.2529053838625], [0.0, 1259.5137405846733, 501.19579884916527], [0.0, 0.0, 1.0]]], "extrinsics": [[[0.8195052146911621, -0.570541262626648, 0.053794991225004196, -0.6942138671875], [0.06042824685573578, -0.007315819151699543, -0.9981456995010376, 1.5281639099121094], [0.5698767900466919, 0.8212363719940186, 0.028481457382440567, -1.093505859375], [0.0, 0.0, 0.0, 1.0]], [[0.00606213603168726, -0.9999118447303772, 0.011809266172349453, 0.007568359375], [0.05517043173313141, -0.011457066051661968, -0.998411238193512, 1.5355224609375], [0.9984584450721741, 0.006704092491418123, 0.05509611591696739, -1.4215087890625], [0.0, 0.0, 0.0, 1.0]], [[-0.8304797410964966, -0.5544500350952148, -0.05374490097165108, 0.857208251953125], [0.0607941709458828, 0.005692645907402039, -0.9981340169906616, 1.516489028930664], [0.5537214279174805, -0.8321974277496338, 0.028979705646634102, -1.1309814453125], [0.0, 0.0, 0.0, 1.0]], [[0.9455740451812744, 0.3201986849308014, 0.05798720940947533, -1.139002799987793], [0.06959716975688934, -0.024924295023083687, -0.9972637295722961, 1.5887908935546875], [-0.31787732243537903, 0.9470224976539612, -0.04585268720984459, -0.10498046875], [0.0, 0.0, 0.0, 1.0]], [[0.002005350776016712, 0.9998891353607178, -0.01475735753774643, 0.00244140625], [0.04416465014219284, -0.01483154110610485, -0.9989141821861267, 1.5828666687011719], [-0.9990223050117493, 0.0013514305464923382, -0.04418949410319328, -0.0775146484375], [0.0, 0.0, 0.0, 1.0]], [[-0.9326358437538147, 0.35366466641426086, -0.07149563729763031, 0.9927978515625], [0.07667764276266098, 0.0006423524464480579, -0.99705570936203, 1.5632171630859375], [-0.35257744789123535, -0.935371994972229, -0.02771725319325924, -0.1170654296875], [0.0, 0.0, 0.0, 1.0]]], "view": [[0.0, -2.0, 100.0], [-2.0, 0.0, 100.0], [0.0, 0.0, 1.0]], "bev": "bev_93c6917cd4824cd5bea87255ab0b34df.png", "aux": "aux_93c6917cd4824cd5bea87255ab0b34df.npz", "visibility": "visibility_93c6917cd4824cd5bea87255ab0b34df.png", "pose": [[-0.7550969123840332, -0.6556131839752197, 0.0, 652.5159912109375], [0.6556131839752197, -0.7550969123840332, 0.0, 1625.3310546875], [0.0, 0.0, 1.0, 0.0], [0.0, 0.0, 0.0, 1.0]], "pose_inverse": [[-0.7550969123840332, 0.6556131839752197, 0.0, -572.8756103515625], [-0.6556131839752197, -0.7550969123840332, 0.0, 1655.08056640625], [0.0, 0.0, 1.0, 0.0], [0.0, 0.0, 0.0, 1.0]], "cam_ids": [0, 1, 2, 3, 4, 5], "cam_channels": ["CAM_FRONT_LEFT", "CAM_FRONT", "CAM_FRONT_RIGHT", "CAM_BACK_LEFT", "CAM_BACK", "CAM_BACK_RIGHT"], "token": "93c6917cd4824cd5bea87255ab0b34df", "scene": "scene-0864"}, {"images": ["samples/CAM_FRONT_LEFT/n015-2018-10-08-16-03-24+0800__CAM_FRONT_LEFT__1538986240254844.jpg", "samples/CAM_FRONT/n015-2018-10-08-16-03-24+0800__CAM_FRONT__1538986240262460.jpg", "samples/CAM_FRONT_RIGHT/n015-2018-10-08-16-03-24+0800__CAM_FRONT_RIGHT__1538986240270339.jpg", "samples/CAM_BACK_LEFT/n015-2018-10-08-16-03-24+0800__CAM_BACK_LEFT__1538986240297423.jpg", "samples/CAM_BACK/n015-2018-10-08-16-03-24+0800__CAM_BACK__1538986240287525.jpg", "samples/CAM_BACK_RIGHT/n015-2018-10-08-16-03-24+0800__CAM_BACK_RIGHT__1538986240277893.jpg"], "intrinsics": [[[1272.5979470598488, 0.0, 826.6154927353808], [0.0, 1272.5979470598488, 479.75165386361925], [0.0, 0.0, 1.0]], [[1266.417203046554, 0.0, 816.2670197447984], [0.0, 1266.417203046554, 491.50706579294757], [0.0, 0.0, 1.0]], [[1260.8474446004698, 0.0, 807.968244525554], [0.0, 1260.8474446004698, 495.3344268742088], [0.0, 0.0, 1.0]], [[1256.7414812095406, 0.0, 792.1125740759628], [0.0, 1256.7414812095406, 492.7757465151356], [0.0, 0.0, 1.0]], [[809.2209905677063, 0.0, 829.2196003259838], [0.0, 809.2209905677063, 481.77842384512485], [0.0, 0.0, 1.0]], [[1259.5137405846733, 0.0, 807.2529053838625], [0.0, 1259.5137405846733, 501.19579884916527], [0.0, 0.0, 1.0]]], "extrinsics": [[[0.8195910453796387, -0.5702236294746399, 0.055816058069467545, -0.68359375], [0.06209397688508034, -0.008443503640592098, -0.9980345964431763, 1.5294303894042969], [0.569574236869812, 0.8214460015296936, 0.02848723530769348, -1.089599609375], [0.0, 0.0, 0.0, 1.0]], [[0.006152210291475058, -0.999900221824646, 0.012713182717561722, 0.01025390625], [0.05669788643717766, -0.0123441768810153, -0.9983150959014893, 1.5364570617675781], [0.9983723759651184, 0.0068625775165855885, 0.05661628022789955, -1.41265869140625], [0.0, 0.0, 0.0, 1.0]], [[-0.8304613828659058, -0.5544012784957886, -0.054525818675756454, 0.853179931640625], [0.06216542795300484, 0.005039088893681765, -0.9980530738830566, 1.5171451568603516], [0.5535966753959656, -0.8322342038154602, 0.030279826372861862, -1.126220703125], [0.0, 0.0, 0.0, 1.0]], [[0.9454694986343384, 0.3203892707824707, 0.058635443449020386, -1.1390578746795654], [0.07031089812517166, -0.024984708055853844, -0.9972121715545654, 1.58880615234375], [-0.31803107261657715, 0.9469563961029053, -0.04614913836121559, -0.105224609375], [0.0, 0.0, 0.0, 1.0]], [[0.002082374645397067, 0.999885082244873, -0.015020797960460186, 0.001953125], [0.04511759802699089, -0.015099476091563702, -0.9988675713539124, 1.5830345153808594], [-0.9989795088768005, 0.001402326743118465, -0.04514385387301445, -0.0791015625], [0.0, 0.0, 0.0, 1.0]], [[-0.9324974417686462, 0.35376811027526855, -0.07277686893939972, 0.9888916015625], [0.07787074148654938, 0.00016506330575793982, -0.9969634413719177, 1.5637092590332031], [-0.3526819944381714, -0.9353331923484802, -0.02770211175084114, -0.1173095703125], [0.0, 0.0, 0.0, 1.0]]], "view": [[0.0, -2.0, 100.0], [-2.0, 0.0, 100.0], [0.0, 0.0, 1.0]], "bev": "bev_c6a493875cd14c1cb2d1a0b3a4b23dde.png", "aux": "aux_c6a493875cd14c1cb2d1a0b3a4b23dde.npz", "visibility": "visibility_c6a493875cd14c1cb2d1a0b3a4b23dde.png", "pose": [[-0.7601703405380249, -0.6497238278388977, 0.0, 649.590087890625], [0.6497238278388977, -0.7601703405380249, 0.0, 1627.870361328125], [0.0, 0.0, 1.0, 0.0], [0.0, 0.0, 0.0, 1.0]], "pose_inverse": [[-0.7601703405380249, 0.6497238278388977, 0.0, -563.8670043945312], [-0.6497238278388977, -0.7601703405380249, 0.0, 1659.512939453125], [0.0, 0.0, 1.0, 0.0], [0.0, 0.0, 0.0, 1.0]], "cam_ids": [0, 1, 2, 3, 4, 5], "cam_channels": ["CAM_FRONT_LEFT", "CAM_FRONT", "CAM_FRONT_RIGHT", "CAM_BACK_LEFT", "CAM_BACK", "CAM_BACK_RIGHT"], "token": "c6a493875cd14c1cb2d1a0b3a4b23dde", "scene": "scene-0864"}, {"images": ["samples/CAM_FRONT_LEFT/n015-2018-10-08-16-03-24+0800__CAM_FRONT_LEFT__1538986240754844.jpg", "samples/CAM_FRONT/n015-2018-10-08-16-03-24+0800__CAM_FRONT__1538986240762460.jpg", "samples/CAM_FRONT_RIGHT/n015-2018-10-08-16-03-24+0800__CAM_FRONT_RIGHT__1538986240770347.jpg", "samples/CAM_BACK_LEFT/n015-2018-10-08-16-03-24+0800__CAM_BACK_LEFT__1538986240797423.jpg", "samples/CAM_BACK/n015-2018-10-08-16-03-24+0800__CAM_BACK__1538986240787525.jpg", "samples/CAM_BACK_RIGHT/n015-2018-10-08-16-03-24+0800__CAM_BACK_RIGHT__1538986240777893.jpg"], "intrinsics": [[[1272.5979470598488, 0.0, 826.6154927353808], [0.0, 1272.5979470598488, 479.75165386361925], [0.0, 0.0, 1.0]], [[1266.417203046554, 0.0, 816.2670197447984], [0.0, 1266.417203046554, 491.50706579294757], [0.0, 0.0, 1.0]], [[1260.8474446004698, 0.0, 807.968244525554], [0.0, 1260.8474446004698, 495.3344268742088], [0.0, 0.0, 1.0]], [[1256.7414812095406, 0.0, 792.1125740759628], [0.0, 1256.7414812095406, 492.7757465151356], [0.0, 0.0, 1.0]], [[809.2209905677063, 0.0, 829.2196003259838], [0.0, 809.2209905677063, 481.77842384512485], [0.0, 0.0, 1.0]], [[1259.5137405846733, 0.0, 807.2529053838625], [0.0, 1259.5137405846733, 501.19579884916527], [0.0, 0.0, 1.0]]], "extrinsics": [[[0.8191487789154053, -0.5711734294891357, 0.05249848961830139, -0.7005615234375], [0.060689788311719894, -0.004704651888459921, -0.998145580291748, 1.5277099609375], [0.5703612565994263, 0.8208158612251282, 0.030810585245490074, -1.1005859375], [0.0, 0.0, 0.0, 1.0]], [[0.0053818849846720695, -0.9999428987503052, 0.009228043258190155, 0.00927734375], [0.05559985712170601, -0.008914673700928688, -0.9984133243560791, 1.5351676940917969], [0.9984386563301086, 0.005886467173695564, 0.05554870516061783, -1.429931640625], [0.0, 0.0, 0.0, 1.0]], [[-0.8308653235435486, -0.553686261177063, -0.05562618374824524, 0.864532470703125], [0.06141478940844536, 0.008112763054668903, -0.9980792999267578, 1.5161075592041016], [0.5530741810798645, -0.8326858878135681, 0.027263911440968513, -1.134521484375], [0.0, 0.0, 0.0, 1.0]], [[0.9454702138900757, 0.3201877772808075, 0.05971405655145645, -1.1408424377441406], [0.07078375667333603, -0.02303505316376686, -0.9972256422042847, 1.588653564453125], [-0.31792396306991577, 0.9470740556716919, -0.044443052262067795, -0.104248046875], [0.0, 0.0, 0.0, 1.0]], [[0.002287735464051366, 0.9999170899391174, -0.012677107006311417, 0.0023193359375], [0.04517176374793053, -0.012767537496984005, -0.9988976120948792, 1.582763671875], [-0.9989767074584961, 0.0017126394668594003, -0.04519721865653992, -0.07305908203125], [0.0, 0.0, 0.0, 1.0]], [[-0.9323568940162659, 0.3544137179851532, -0.07142547518014908, 0.9990234375], [0.07747374475002289, 0.0028855293057858944, -0.9969902038574219, 1.5628089904785156], [-0.3531408905982971, -0.935084342956543, -0.03014809638261795, -0.1141357421875], [0.0, 0.0, 0.0, 1.0]]], "view": [[0.0, -2.0, 100.0], [-2.0, 0.0, 100.0], [0.0, 0.0, 1.0]], "bev": "bev_d7a338d98d8e46568bfb709f0126f147.png", "aux": "aux_d7a338d98d8e46568bfb709f0126f147.npz", "visibility": "visibility_d7a338d98d8e46568bfb709f0126f147.png", "pose": [[-0.7706257700920105, -0.637287974357605, 0.0, 646.6550903320312], [0.637287974357605, -0.7706257700920105, 0.0, 1630.3533935546875], [0.0, 0.0, 1.0, 0.0], [0.0, 0.0, 0.0, 1.0]], "pose_inverse": [[-0.7706257700920105, 0.637287974357605, 0.0, -540.675537109375], [-0.637287974357605, -0.7706257700920105, 0.0, 1668.497802734375], [0.0, 0.0, 1.0, 0.0], [0.0, 0.0, 0.0, 1.0]], "cam_ids": [0, 1, 2, 3, 4, 5], "cam_channels": ["CAM_FRONT_LEFT", "CAM_FRONT", "CAM_FRONT_RIGHT", "CAM_BACK_LEFT", "CAM_BACK", "CAM_BACK_RIGHT"], "token": "d7a338d98d8e46568bfb709f0126f147", "scene": "scene-0864"}, {"images": ["samples/CAM_FRONT_LEFT/n015-2018-10-08-16-03-24+0800__CAM_FRONT_LEFT__1538986241254844.jpg", "samples/CAM_FRONT/n015-2018-10-08-16-03-24+0800__CAM_FRONT__1538986241262460.jpg", "samples/CAM_FRONT_RIGHT/n015-2018-10-08-16-03-24+0800__CAM_FRONT_RIGHT__1538986241270339.jpg", "samples/CAM_BACK_LEFT/n015-2018-10-08-16-03-24+0800__CAM_BACK_LEFT__1538986241297423.jpg", "samples/CAM_BACK/n015-2018-10-08-16-03-24+0800__CAM_BACK__1538986241287525.jpg", "samples/CAM_BACK_RIGHT/n015-2018-10-08-16-03-24+0800__CAM_BACK_RIGHT__1538986241277893.jpg"], "intrinsics": [[[1272.5979470598488, 0.0, 826.6154927353808], [0.0, 1272.5979470598488, 479.75165386361925], [0.0, 0.0, 1.0]], [[1266.417203046554, 0.0, 816.2670197447984], [0.0, 1266.417203046554, 491.50706579294757], [0.0, 0.0, 1.0]], [[1260.8474446004698, 0.0, 807.968244525554], [0.0, 1260.8474446004698, 495.3344268742088], [0.0, 0.0, 1.0]], [[1256.7414812095406, 0.0, 792.1125740759628], [0.0, 1256.7414812095406, 492.7757465151356], [0.0, 0.0, 1.0]], [[809.2209905677063, 0.0, 829.2196003259838], [0.0, 809.2209905677063, 481.77842384512485], [0.0, 0.0, 1.0]], [[1259.5137405846733, 0.0, 807.2529053838625], [0.0, 1259.5137405846733, 501.19579884916527], [0.0, 0.0, 1.0]]], "extrinsics": [[[0.819039523601532, -0.5713221430778503, 0.05258543789386749, -0.7095947265625], [0.056225214153528214, -0.011286500841379166, -0.9983543157577515, 1.5256919860839844], [0.5709754824638367, 0.8206483125686646, 0.022878622636198997, -1.1063232421875], [0.0, 0.0, 0.0, 1.0]], [[0.004923502914607525, -0.9998652338981628, 0.0156589113175869, 0.00927734375], [0.05068506300449371, -0.015389456413686275, -0.9985961318016052, 1.5335617065429688], [0.9987025260925293, 0.005710281897336245, 0.05060245841741562, -1.4366455078125], [0.0, 0.0, 0.0, 1.0]], [[-0.8313807249069214, -0.5536531805992126, -0.04768780618906021, 0.86669921875], [0.05608372390270233, 0.0017804375384002924, -0.9984244108200073, 1.5149002075195312], [0.5528658032417297, -0.8327454328536987, 0.02957071363925934, -1.135498046875], [0.0, 0.0, 0.0, 1.0]], [[0.9459803104400635, 0.3201044201850891, 0.05152096599340439, -1.1379318237304688], [0.06403426826000214, -0.028681807219982147, -0.9975354671478271, 1.5888519287109375], [-0.31783777475357056, 0.9469479918479919, -0.04763007536530495, -0.105224609375], [0.0, 0.0, 0.0, 1.0]], [[0.0025956868194043636, 0.9998242259025574, -0.018569020554423332, 0.002197265625], [0.03890540078282356, -0.018655991181731224, -0.9990687370300293, 1.5823478698730469], [-0.9992395043373108, 0.001870900858193636, -0.03894698992371559, -0.07464599609375], [0.0, 0.0, 0.0, 1.0]], [[-0.9326171875, 0.35435742139816284, -0.06823506951332092, 0.998779296875], [0.07173743098974228, -0.003260375466197729, -0.997418224811554, 1.5619659423828125], [-0.35366496443748474, -0.9351044297218323, -0.022380003705620766, -0.11376953125], [0.0, 0.0, 0.0, 1.0]]], "view": [[0.0, -2.0, 100.0], [-2.0, 0.0, 100.0], [0.0, 0.0, 1.0]], "bev": "bev_970eb11f47e64b31abebac26f00de07b.png", "aux": "aux_970eb11f47e64b31abebac26f00de07b.npz", "visibility": "visibility_970eb11f47e64b31abebac26f00de07b.png", "pose": [[-0.7866684794425964, -0.6173756718635559, 0.0, 643.7520141601562], [0.6173756718635559, -0.7866684794425964, 0.0, 1632.7318115234375], [0.0, 0.0, 1.0, 0.0], [0.0, 0.0, 0.0, 1.0]], "pose_inverse": [[-0.7866684794425964, 0.6173756718635559, 0.0, -501.5894470214844], [-0.6173756718635559, -0.7866684794425964, 0.0, 1681.85546875], [0.0, 0.0, 1.0, 0.0], [0.0, 0.0, 0.0, 1.0]], "cam_ids": [0, 1, 2, 3, 4, 5], "cam_channels": ["CAM_FRONT_LEFT", "CAM_FRONT", "CAM_FRONT_RIGHT", "CAM_BACK_LEFT", "CAM_BACK", "CAM_BACK_RIGHT"], "token": "970eb11f47e64b31abebac26f00de07b", "scene": "scene-0864"}, {"images": ["samples/CAM_FRONT_LEFT/n015-2018-10-08-16-03-24+0800__CAM_FRONT_LEFT__1538986241754844.jpg", "samples/CAM_FRONT/n015-2018-10-08-16-03-24+0800__CAM_FRONT__1538986241762460.jpg", "samples/CAM_FRONT_RIGHT/n015-2018-10-08-16-03-24+0800__CAM_FRONT_RIGHT__1538986241770339.jpg", "samples/CAM_BACK_LEFT/n015-2018-10-08-16-03-24+0800__CAM_BACK_LEFT__1538986241797423.jpg", "samples/CAM_BACK/n015-2018-10-08-16-03-24+0800__CAM_BACK__1538986241787525.jpg", "samples/CAM_BACK_RIGHT/n015-2018-10-08-16-03-24+0800__CAM_BACK_RIGHT__1538986241777893.jpg"], "intrinsics": [[[1272.5979470598488, 0.0, 826.6154927353808], [0.0, 1272.5979470598488, 479.75165386361925], [0.0, 0.0, 1.0]], [[1266.417203046554, 0.0, 816.2670197447984], [0.0, 1266.417203046554, 491.50706579294757], [0.0, 0.0, 1.0]], [[1260.8474446004698, 0.0, 807.968244525554], [0.0, 1260.8474446004698, 495.3344268742088], [0.0, 0.0, 1.0]], [[1256.7414812095406, 0.0, 792.1125740759628], [0.0, 1256.7414812095406, 492.7757465151356], [0.0, 0.0, 1.0]], [[809.2209905677063, 0.0, 829.2196003259838], [0.0, 809.2209905677063, 481.77842384512485], [0.0, 0.0, 1.0]], [[1259.5137405846733, 0.0, 807.2529053838625], [0.0, 1259.5137405846733, 501.19579884916527], [0.0, 0.0, 1.0]]], "extrinsics": [[[0.8190755844116211, -0.5712313652038574, 0.05300867557525635, -0.71044921875], [0.054979708045721054, -0.013813842087984085, -0.9983919262886047, 1.5252647399902344], [0.5710449814796448, 0.8206728100776672, 0.020091554149985313, -1.1063232421875], [0.0, 0.0, 0.0, 1.0]], [[0.005069625563919544, -0.9998217821121216, 0.018182657659053802, 0.0087890625], [0.04971180111169815, -0.017908427864313126, -0.9986030459403992, 1.5331382751464844], [0.9987507462501526, 0.005966499913483858, 0.04961215704679489, -1.4400634765625], [0.0, 0.0, 0.0, 1.0]], [[-0.8312390446662903, -0.5540354251861572, -0.04567856714129448, 0.871826171875], [0.0553639754652977, -0.0007440040353685617, -0.9984659552574158, 1.5144233703613281], [0.5531514883041382, -0.8324927091598511, 0.03129204735159874, -1.1392822265625], [0.0, 0.0, 0.0, 1.0]], [[0.9459729194641113, 0.32021453976631165, 0.05096975341439247, -1.1425247192382812], [0.06430026888847351, -0.03118809685111046, -0.9974431395530701, 1.5885391235351562], [-0.3178061544895172, 0.9468315243721008, -0.050092972815036774, -0.1036376953125], [0.0, 0.0, 0.0, 1.0]], [[0.002450916450470686, 0.9997743368148804, -0.021100956946611404, 0.002197265625], [0.03879860043525696, -0.021180206909775734, -0.9990225434303284, 1.5821151733398438], [-0.9992440342903137, 0.0016298345290124416, -0.03884175419807434, -0.068695068359375], [0.0, 0.0, 0.0, 1.0]], [[-0.9327587485313416, 0.3538941442966461, -0.06870298832654953, 1.0052490234375], [0.0712774321436882, -0.005771368741989136, -0.9974398612976074, 1.5614204406738281], [-0.3533846139907837, -0.9352677464485168, -0.019841371104121208, -0.1112060546875], [0.0, 0.0, 0.0, 1.0]]], "view": [[0.0, -2.0, 100.0], [-2.0, 0.0, 100.0], [0.0, 0.0, 1.0]], "bev": "bev_ba5153648b3d447f90a738a9d3404838.png", "aux": "aux_ba5153648b3d447f90a738a9d3404838.npz", "visibility": "visibility_ba5153648b3d447f90a738a9d3404838.png", "pose": [[-0.8001173138618469, -0.5998435616493225, 0.0, 640.8511962890625], [0.5998435616493225, -0.8001173138618469, 0.0, 1634.9952392578125], [0.0, 0.0, 1.0, 0.0], [0.0, 0.0, 0.0, 1.0]], "pose_inverse": [[-0.8001173138618469, 0.5998435616493225, 0.0, -467.9852600097656], [-0.5998435616493225, -0.8001173138618469, 0.0, 1692.598388671875], [0.0, 0.0, 1.0, 0.0], [0.0, 0.0, 0.0, 1.0]], "cam_ids": [0, 1, 2, 3, 4, 5], "cam_channels": ["CAM_FRONT_LEFT", "CAM_FRONT", "CAM_FRONT_RIGHT", "CAM_BACK_LEFT", "CAM_BACK", "CAM_BACK_RIGHT"], "token": "ba5153648b3d447f90a738a9d3404838", "scene": "scene-0864"}, {"images": ["samples/CAM_FRONT_LEFT/n015-2018-10-08-16-03-24+0800__CAM_FRONT_LEFT__1538986242254844.jpg", "samples/CAM_FRONT/n015-2018-10-08-16-03-24+0800__CAM_FRONT__1538986242262460.jpg", "samples/CAM_FRONT_RIGHT/n015-2018-10-08-16-03-24+0800__CAM_FRONT_RIGHT__1538986242270339.jpg", "samples/CAM_BACK_LEFT/n015-2018-10-08-16-03-24+0800__CAM_BACK_LEFT__1538986242297423.jpg", "samples/CAM_BACK/n015-2018-10-08-16-03-24+0800__CAM_BACK__1538986242287525.jpg", "samples/CAM_BACK_RIGHT/n015-2018-10-08-16-03-24+0800__CAM_BACK_RIGHT__1538986242277893.jpg"], "intrinsics": [[[1272.5979470598488, 0.0, 826.6154927353808], [0.0, 1272.5979470598488, 479.75165386361925], [0.0, 0.0, 1.0]], [[1266.417203046554, 0.0, 816.2670197447984], [0.0, 1266.417203046554, 491.50706579294757], [0.0, 0.0, 1.0]], [[1260.8474446004698, 0.0, 807.968244525554], [0.0, 1260.8474446004698, 495.3344268742088], [0.0, 0.0, 1.0]], [[1256.7414812095406, 0.0, 792.1125740759628], [0.0, 1256.7414812095406, 492.7757465151356], [0.0, 0.0, 1.0]], [[809.2209905677063, 0.0, 829.2196003259838], [0.0, 809.2209905677063, 481.77842384512485], [0.0, 0.0, 1.0]], [[1259.5137405846733, 0.0, 807.2529053838625], [0.0, 1259.5137405846733, 501.19579884916527], [0.0, 0.0, 1.0]]], "extrinsics": [[[0.8188570141792297, -0.5713055729866028, 0.05552544444799423, -0.712646484375], [0.05424514785408974, -0.019279228523373604, -0.9983415007591248, 1.5248947143554688], [0.5714284777641296, 0.8205109238624573, 0.015203620307147503, -1.1082763671875], [0.0, 0.0, 0.0, 1.0]], [[0.0045236628502607346, -0.9997113347053528, 0.023594656959176064, 0.0087890625], [0.0489019975066185, -0.02334550954401493, -0.9985307455062866, 1.5328483581542969], [0.998793363571167, 0.005670872982591391, 0.04878227785229683, -1.4420166015625], [0.0, 0.0, 0.0, 1.0]], [[-0.8316524624824524, -0.5537077188491821, -0.0419740155339241, 0.872314453125], [0.05448185279965401, -0.006138775963336229, -0.998495876789093, 1.5142059326171875], [0.5526172518730164, -0.8326883912086487, 0.035272352397441864, -1.14013671875], [0.0, 0.0, 0.0, 1.0]], [[0.9460963010787964, 0.3202914595603943, 0.04811454564332962, -1.143341064453125], [0.06310012191534042, -0.03656788170337677, -0.9973369836807251, 1.5884780883789062], [-0.3176790773868561, 0.946613073348999, -0.05480716750025749, -0.1033935546875], [0.0, 0.0, 0.0, 1.0]], [[0.0028277540113776922, 0.9996463656425476, -0.026440966874361038, 0.00244140625], [0.03771418705582619, -0.026528872549533844, -0.9989363551139832, 1.5820083618164062], [-0.999284565448761, 0.0018275764305144548, -0.03777587413787842, -0.067962646484375], [0.0, 0.0, 0.0, 1.0]], [[-0.9326068162918091, 0.3541013300418854, -0.06969073414802551, 1.005859375], [0.07030653953552246, -0.011142516508698463, -0.9974632263183594, 1.561248779296875], [-0.35397955775260925, -0.9351406693458557, -0.014504055492579937, -0.1116943359375], [0.0, 0.0, 0.0, 1.0]]], "view": [[0.0, -2.0, 100.0], [-2.0, 0.0, 100.0], [0.0, 0.0, 1.0]], "bev": "bev_b0fbe625967a4bd5a2b93e4615bae168.png", "aux": "aux_b0fbe625967a4bd5a2b93e4615bae168.npz", "visibility": "visibility_b0fbe625967a4bd5a2b93e4615bae168.png", "pose": [[-0.8122626543045044, -0.5832918286323547, 0.0, 637.9507446289062], [0.5832918286323547, -0.8122626543045044, 0.0, 1637.145751953125], [0.0, 0.0, 1.0, 0.0], [0.0, 0.0, 0.0, 1.0]], "pose_inverse": [[-0.8122626543045044, 0.5832918286323547, 0.0, -436.7502136230469], [-0.5832918286323547, -0.8122626543045044, 0.0, 1701.90380859375], [0.0, 0.0, 1.0, 0.0], [0.0, 0.0, 0.0, 1.0]], "cam_ids": [0, 1, 2, 3, 4, 5], "cam_channels": ["CAM_FRONT_LEFT", "CAM_FRONT", "CAM_FRONT_RIGHT", "CAM_BACK_LEFT", "CAM_BACK", "CAM_BACK_RIGHT"], "token": "b0fbe625967a4bd5a2b93e4615bae168", "scene": "scene-0864"}, {"images": ["samples/CAM_FRONT_LEFT/n015-2018-10-08-16-03-24+0800__CAM_FRONT_LEFT__1538986242754844.jpg", "samples/CAM_FRONT/n015-2018-10-08-16-03-24+0800__CAM_FRONT__1538986242762460.jpg", "samples/CAM_FRONT_RIGHT/n015-2018-10-08-16-03-24+0800__CAM_FRONT_RIGHT__1538986242770339.jpg", "samples/CAM_BACK_LEFT/n015-2018-10-08-16-03-24+0800__CAM_BACK_LEFT__1538986242797423.jpg", "samples/CAM_BACK/n015-2018-10-08-16-03-24+0800__CAM_BACK__1538986242787525.jpg", "samples/CAM_BACK_RIGHT/n015-2018-10-08-16-03-24+0800__CAM_BACK_RIGHT__1538986242777893.jpg"], "intrinsics": [[[1272.5979470598488, 0.0, 826.6154927353808], [0.0, 1272.5979470598488, 479.75165386361925], [0.0, 0.0, 1.0]], [[1266.417203046554, 0.0, 816.2670197447984], [0.0, 1266.417203046554, 491.50706579294757], [0.0, 0.0, 1.0]], [[1260.8474446004698, 0.0, 807.968244525554], [0.0, 1260.8474446004698, 495.3344268742088], [0.0, 0.0, 1.0]], [[1256.7414812095406, 0.0, 792.1125740759628], [0.0, 1256.7414812095406, 492.7757465151356], [0.0, 0.0, 1.0]], [[809.2209905677063, 0.0, 829.2196003259838], [0.0, 809.2209905677063, 481.77842384512485], [0.0, 0.0, 1.0]], [[1259.5137405846733, 0.0, 807.2529053838625], [0.0, 1259.5137405846733, 501.19579884916527], [0.0, 0.0, 1.0]]], "extrinsics": [[[0.8190675377845764, -0.5706056356430054, 0.059478092938661575, -0.7352294921875], [0.057141829282045364, -0.02201775461435318, -0.9981232285499573, 1.5242385864257812], [0.5708443522453308, 0.8209289908409119, 0.014571422711014748, -1.1226806640625], [0.0, 0.0, 0.0, 1.0]], [[0.004963117651641369, -0.9996426105499268, 0.026269111782312393, 0.0079345703125], [0.05182460695505142, -0.025977009907364845, -0.9983183145523071, 1.5324554443359375], [0.9986438155174255, 0.006316131446510553, 0.0516771525144577, -1.463165283203125], [0.0, 0.0, 0.0, 1.0]], [[-0.8313297033309937, -0.5541149973869324, -0.04298287257552147, 0.885009765625], [0.057388029992580414, -0.008658763021230698, -0.998314380645752, 1.5138626098632812], [0.5528087615966797, -0.8323951363563538, 0.03899785503745079, -1.1492919921875], [0.0, 0.0, 0.0, 1.0]], [[0.9459702968597412, 0.3204149901866913, 0.049743324518203735, -1.14056396484375], [0.0653858333826065, -0.03823992237448692, -0.9971270561218262, 1.5886611938476562], [-0.3175922632217407, 0.946505069732666, -0.05712442845106125, -0.104248046875], [0.0, 0.0, 0.0, 1.0]], [[0.0027515047695487738, 0.9995899200439453, -0.02850346453487873, 0.002685546875], [0.04029339551925659, -0.028591245412826538, -0.998778760433197, 1.58203125], [-0.9991841912269592, 0.0015996074071153998, -0.04035554081201553, -0.