[{"images": ["samples/CAM_FRONT_LEFT/n015-2018-09-25-13-17-43+0800__CAM_FRONT_LEFT__1537852755154844.jpg", "samples/CAM_FRONT/n015-2018-09-25-13-17-43+0800__CAM_FRONT__1537852755162460.jpg", "samples/CAM_FRONT_RIGHT/n015-2018-09-25-13-17-43+0800__CAM_FRONT_RIGHT__1537852755170339.jpg", "samples/CAM_BACK_LEFT/n015-2018-09-25-13-17-43+0800__CAM_BACK_LEFT__1537852755197423.jpg", "samples/CAM_BACK/n015-2018-09-25-13-17-43+0800__CAM_BACK__1537852755187525.jpg", "samples/CAM_BACK_RIGHT/n015-2018-09-25-13-17-43+0800__CAM_BACK_RIGHT__1537852755177893.jpg"], "intrinsics": [[[1272.5979470598488, 0.0, 826.6154927353808], [0.0, 1272.5979470598488, 479.75165386361925], [0.0, 0.0, 1.0]], [[1266.417203046554, 0.0, 816.2670197447984], [0.0, 1266.417203046554, 491.50706579294757], [0.0, 0.0, 1.0]], [[1260.8474446004698, 0.0, 807.968244525554], [0.0, 1260.8474446004698, 495.3344268742088], [0.0, 0.0, 1.0]], [[1256.7414812095406, 0.0, 792.1125740759628], [0.0, 1256.7414812095406, 492.7757465151356], [0.0, 0.0, 1.0]], [[809.2209905677063, 0.0, 829.2196003259838], [0.0, 809.2209905677063, 481.77842384512485], [0.0, 0.0, 1.0]], [[1259.5137405846733, 0.0, 807.2529053838625], [0.0, 1259.5137405846733, 501.19579884916527], [0.0, 0.0, 1.0]]], "extrinsics": [[[0.8259393572807312, -0.5634080767631531, 0.019884342327713966, -0.7719802856445312], [0.001249117311090231, -0.03344202786684036, -0.9994398951530457, 1.5084609985351562], [0.5637574791908264, 0.8255016803741455, -0.02691732719540596, -1.1456298828125], [0.0, 0.0, 0.0, 1.0]], [[0.013134222477674484, -0.9992188215255737, 0.03727208077907562, 0.0054931640625], [-0.003939105663448572, -0.037326712161302567, -0.9992953538894653, 1.5196952819824219], [0.9999058842658997, 0.01297815516591072, -0.004426284693181515, -1.4993896484375], [0.0, 0.0, 0.0, 1.0]], [[-0.8297340869903564, -0.5580747127532959, 0.00969165749847889, 0.9075927734375], [0.001667558215558529, -0.019842078909277916, -0.9998016953468323, 1.5038585662841797], [0.5581563711166382, -0.8295533657073975, 0.01739427261054516, -1.16680908203125], [0.0, 0.0, 0.0, 1.0]], [[0.94778972864151, 0.31884634494781494, -0.005629983730614185, -1.1380615234375], [0.010686970315873623, -0.04940243810415268, -0.9987217783927917, 1.588592529296875], [-0.3187169134616852, 0.9465180039405823, -0.05023062601685524, -0.1048583984375], [0.0, 0.0, 0.0, 1.0]], [[0.00044130353489890695, 0.9992108941078186, -0.03971555829048157, 0.0035400390625], [-0.014812730252742767, -0.03970467299222946, -0.9991016983985901, 1.5784873962402344], [-0.9998900890350342, 0.0010292645310983062, 0.014783521182835102, -0.05517578125], [0.0, 0.0, 0.0, 1.0]], [[-0.9361945390701294, 0.3505798578262329, -0.025169087573885918, 1.03485107421875], [0.017676975578069687, -0.02455497533082962, -0.9995421767234802, 1.553339958190918], [-0.3510373830795288, -0.9362108707427979, 0.01679104194045067, -0.102783203125], [0.0, 0.0, 0.0, 1.0]]], "view": [[0.0, -2.0, 100.0], [-2.0, 0.0, 100.0], [0.0, 0.0, 1.0]], "bev": "bev_b2a93b022374432d917cc7db15ca023a.png", "aux": "aux_b2a93b022374432d917cc7db15ca023a.npz", "visibility": "visibility_b2a93b022374432d917cc7db15ca023a.png", "pose": [[-0.830274760723114, -0.5573542714118958, 0.0, 1080.6181640625], [0.5573542714118958, -0.830274760723114, 0.0, 562.0006103515625], [0.0, 0.0, 1.0, 0.0], [0.0, 0.0, 0.0, 1.0]], "pose_inverse": [[-0.830274760723114, 0.5573542714118958, 0.0, 583.9765625], [-0.5573542714118958, -0.830274760723114, 0.0, 1068.902099609375], [0.0, 0.0, 1.0, 0.0], [0.0, 0.0, 0.0, 1.0]], "cam_ids": [0, 1, 2, 3, 4, 5], "cam_channels": ["CAM_FRONT_LEFT", "CAM_FRONT", "CAM_FRONT_RIGHT", "CAM_BACK_LEFT", "CAM_BACK", "CAM_BACK_RIGHT"], "token": "b2a93b022374432d917cc7db15ca023a", "scene": "scene-0962"}, {"images": ["samples/CAM_FRONT_LEFT/n015-2018-09-25-13-17-43+0800__CAM_FRONT_LEFT__1537852755654844.jpg", "samples/CAM_FRONT/n015-2018-09-25-13-17-43+0800__CAM_FRONT__1537852755662460.jpg", "samples/CAM_FRONT_RIGHT/n015-2018-09-25-13-17-43+0800__CAM_FRONT_RIGHT__1537852755670339.jpg", "samples/CAM_BACK_LEFT/n015-2018-09-25-13-17-43+0800__CAM_BACK_LEFT__1537852755697423.jpg", "samples/CAM_BACK/n015-2018-09-25-13-17-43+0800__CAM_BACK__1537852755687525.jpg", "samples/CAM_BACK_RIGHT/n015-2018-09-25-13-17-43+0800__CAM_BACK_RIGHT__1537852755677893.jpg"], "intrinsics": [[[1272.5979470598488, 0.0, 826.6154927353808], [0.0, 1272.5979470598488, 479.75165386361925], [0.0, 0.0, 1.0]], [[1266.417203046554, 0.0, 816.2670197447984], [0.0, 1266.417203046554, 491.50706579294757], [0.0, 0.0, 1.0]], [[1260.8474446004698, 0.0, 807.968244525554], [0.0, 1260.8474446004698, 495.3344268742088], [0.0, 0.0, 1.0]], [[1256.7414812095406, 0.0, 792.1125740759628], [0.0, 1256.7414812095406, 492.7757465151356], [0.0, 0.0, 1.0]], [[809.2209905677063, 0.0, 829.2196003259838], [0.0, 809.2209905677063, 481.77842384512485], [0.0, 0.0, 1.0]], [[1259.5137405846733, 0.0, 807.2529053838625], [0.0, 1259.5137405846733, 501.19579884916527], [0.0, 0.0, 1.0]]], "extrinsics": [[[0.822683572769165, -0.5682811737060547, 0.015755174681544304, -0.769256591796875], [0.0010627974988892674, -0.02617616578936577, -0.9996567368507385, 1.508443832397461], [0.5684985518455505, 0.8224179744720459, -0.020930733531713486, -1.142333984375], [0.0, 0.0, 0.0, 1.0]], [[0.008387748152017593, -0.9995108842849731, 0.030125057324767113, 0.0047607421875], [-0.004400783218443394, -0.03016272559762001, -0.9995353817939758, 1.5196151733398438], [0.9999550580978394, 0.008251355029642582, -0.0046516298316419125, -1.4952392578125], [0.0, 0.0, 0.0, 1.0]], [[-0.831805408000946, -0.5550313591957092, 0.006315113045275211, 0.9039306640625], [0.0009977213339880109, -0.012872237712144852, -0.9999166131019592, 1.5037765502929688], [0.5550663471221924, -0.8317298293113708, 0.01126096397638321, -1.16497802734375], [0.0, 0.0, 0.0, 1.0]], [[0.9478095173835754, 0.31879422068595886, -0.0052291639149188995, -1.1417236328125], [0.009010708890855312, -0.04317678511142731, -0.9990268349647522, 1.5885467529296875], [-0.31870976090431213, 0.9468399882316589, -0.043795932084321976, -0.1036376953125], [0.0, 0.0, 0.0, 1.0]], [[0.0018212483264505863, 0.9994471669197083, -0.03319632261991501, 0.0035400390625], [-0.016145111992955208, -0.033162664622068405, -0.9993195533752441, 1.5784339904785156], [-0.9998680353164673, 0.002356005599722266, 0.01607578620314598, -0.054290771484375], [0.0, 0.0, 0.0, 1.0]], [[-0.9352594614028931, 0.3532833456993103, -0.02192402072250843, 1.0333404541015625], [0.016704879701137543, -0.01781597174704075, -0.999701738357544, 1.5532751083374023], [-0.3535686433315277, -0.9353467226028442, 0.010760999284684658, -0.103759765625], [0.0, 0.0, 0.0, 1.0]]], "view": [[0.0, -2.0, 100.0], [-2.0, 0.0, 100.0], [0.0, 0.0, 1.0]], "bev": "bev_b7dd15eac3df4c4f950dff7b507a741e.png", "aux": "aux_b7dd15eac3df4c4f950dff7b507a741e.npz", "visibility": "visibility_b7dd15eac3df4c4f950dff7b507a741e.png", "pose": [[-0.7871731519699097, -0.6167320609092712, 0.0, 1078.3731689453125], [0.6167320609092712, -0.7871731519699097, 0.0, 563.6192016601562], [0.0, 0.0, 1.0, 0.0], [0.0, 0.0, 0.0, 1.0]], "pose_inverse": [[-0.7871731519699097, 0.6167320609092712, 0.0, 501.2643737792969], [-0.6167320609092712, -0.7871731519699097, 0.0, 1108.733154296875], [0.0, 0.0, 1.0, 0.0], [0.0, 0.0, 0.0, 1.0]], "cam_ids": [0, 1, 2, 3, 4, 5], "cam_channels": ["CAM_FRONT_LEFT", "CAM_FRONT", "CAM_FRONT_RIGHT", "CAM_BACK_LEFT", "CAM_BACK", "CAM_BACK_RIGHT"], "token": "b7dd15eac3df4c4f950dff7b507a741e", "scene": "scene-0962"}, {"images": ["samples/CAM_FRONT_LEFT/n015-2018-09-25-13-17-43+0800__CAM_FRONT_LEFT__1537852756154887.jpg", "samples/CAM_FRONT/n015-2018-09-25-13-17-43+0800__CAM_FRONT__1537852756162460.jpg", "samples/CAM_FRONT_RIGHT/n015-2018-09-25-13-17-43+0800__CAM_FRONT_RIGHT__1537852756170339.jpg", "samples/CAM_BACK_LEFT/n015-2018-09-25-13-17-43+0800__CAM_BACK_LEFT__1537852756197423.jpg", "samples/CAM_BACK/n015-2018-09-25-13-17-43+0800__CAM_BACK__1537852756187525.jpg", "samples/CAM_BACK_RIGHT/n015-2018-09-25-13-17-43+0800__CAM_BACK_RIGHT__1537852756177893.jpg"], "intrinsics": [[[1272.5979470598488, 0.0, 826.6154927353808], [0.0, 1272.5979470598488, 479.75165386361925], [0.0, 0.0, 1.0]], [[1266.417203046554, 0.0, 816.2670197447984], [0.0, 1266.417203046554, 491.50706579294757], [0.0, 0.0, 1.0]], [[1260.8474446004698, 0.0, 807.968244525554], [0.0, 1260.8474446004698, 495.3344268742088], [0.0, 0.0, 1.0]], [[1256.7414812095406, 0.0, 792.1125740759628], [0.0, 1256.7414812095406, 492.7757465151356], [0.0, 0.0, 1.0]], [[809.2209905677063, 0.0, 829.2196003259838], [0.0, 809.2209905677063, 481.77842384512485], [0.0, 0.0, 1.0]], [[1259.5137405846733, 0.0, 807.2529053838625], [0.0, 1259.5137405846733, 501.19579884916527], [0.0, 0.0, 1.0]]], "extrinsics": [[[0.8212786316871643, -0.5703206658363342, 0.015352118760347366, -0.7675323486328125], [0.0011735688894987106, -0.02521984651684761, -0.9996812343597412, 1.5084800720214844], [0.5705259442329407, 0.8210349082946777, -0.020043212920427322, -1.140625], [0.0, 0.0, 0.0, 1.0]], [[0.006414439529180527, -0.999552845954895, 0.02920379675924778, 0.0048828125], [-0.0040149567648768425, -0.02922990545630455, -0.9995647072792053, 1.5196952819824219], [0.999971330165863, 0.006294448859989643, -0.004200655966997147, -1.49383544921875], [0.0, 0.0, 0.0, 1.0]], [[-0.832610547542572, -0.5538344979286194, 0.005191362928599119, 0.90386962890625], [0.0017176244873553514, -0.011955004185438156, -0.9999270439147949, 1.5038976669311523], [0.5538561940193176, -0.8325408697128296, 0.010905143804848194, -1.16424560546875], [0.0, 0.0, 0.0, 1.0]], [[0.9478172659873962, 0.31879809498786926, -0.003191557480022311, -1.13970947265625], [0.010770424269139767, -0.04202330484986305, -0.9990585446357727, 1.5885810852050781], [-0.31863200664520264, 0.9468905925750732, -0.043264009058475494, -0.1044921875], [0.0, 0.0, 0.0, 1.0]], [[0.0023596282117068768, 0.9994800090789795, -0.032157499343156815, 0.0032958984375], [-0.014778912998735905, -0.03211922198534012, -0.9993748068809509, 1.5784988403320312], [-0.999888002872467, 0.0028333961963653564, 0.01469543669372797, -0.055816650390625], [0.0, 0.0, 0.0, 1.0]], [[-0.9348735809326172, 0.35426411032676697, -0.022547105327248573, 1.0322036743164062], [0.017711497843265533, -0.016886673867702484, -0.9997005462646484, 1.5534143447875977], [-0.35453879833221436, -0.9349929690361023, 0.009512356482446194, -0.1036376953125], [0.0, 0.0, 0.0, 1.0]]], "view": [[0.0, -2.0, 100.0], [-2.0, 0.0, 100.0], [0.0, 0.0, 1.0]], "bev": "bev_5b5d5c07352b49f9bdaf16a0293db98c.png", "aux": "aux_5b5d5c07352b49f9bdaf16a0293db98c.npz", "visibility": "visibility_5b5d5c07352b49f9bdaf16a0293db98c.png", "pose": [[-0.7705787420272827, -0.6373447775840759, 0.0, 1076.174072265625], [0.6373447775840759, -0.7705787420272827, 0.0, 565.3783569335938], [0.0, 0.0, 1.0, 0.0], [0.0, 0.0, 0.0, 1.0]], "pose_inverse": [[-0.7705787420272827, 0.6373447775840759, 0.0, 468.9359130859375], [-0.6373447775840759, -0.7705787420272827, 0.0, 1121.5625], [0.0, 0.0, 1.0, 0.0], [0.0, 0.0, 0.0, 1.0]], "cam_ids": [0, 1, 2, 3, 4, 5], "cam_channels": ["CAM_FRONT_LEFT", "CAM_FRONT", "CAM_FRONT_RIGHT", "CAM_BACK_LEFT", "CAM_BACK", "CAM_BACK_RIGHT"], "token": "5b5d5c07352b49f9bdaf16a0293db98c", "scene": "scene-0962"}, {"images": ["samples/CAM_FRONT_LEFT/n015-2018-09-25-13-17-43+0800__CAM_FRONT_LEFT__1537852756604844.jpg", "samples/CAM_FRONT/n015-2018-09-25-13-17-43+0800__CAM_FRONT__1537852756612460.jpg", "samples/CAM_FRONT_RIGHT/n015-2018-09-25-13-17-43+0800__CAM_FRONT_RIGHT__1537852756620364.jpg", "samples/CAM_BACK_LEFT/n015-2018-09-25-13-17-43+0800__CAM_BACK_LEFT__1537852756647423.jpg", "samples/CAM_BACK/n015-2018-09-25-13-17-43+0800__CAM_BACK__1537852756637525.jpg", "samples/CAM_BACK_RIGHT/n015-2018-09-25-13-17-43+0800__CAM_BACK_RIGHT__1537852756627893.jpg"], "intrinsics": [[[1272.5979470598488, 0.0, 826.6154927353808], [0.0, 1272.5979470598488, 479.75165386361925], [0.0, 0.0, 1.0]], [[1266.417203046554, 0.0, 816.2670197447984], [0.0, 1266.417203046554, 491.50706579294757], [0.0, 0.0, 1.0]], [[1260.8474446004698, 0.0, 807.968244525554], [0.0, 1260.8474446004698, 495.3344268742088], [0.0, 0.0, 1.0]], [[1256.7414812095406, 0.0, 792.1125740759628], [0.0, 1256.7414812095406, 492.7757465151356], [0.0, 0.0, 1.0]], [[809.2209905677063, 0.0, 829.2196003259838], [0.0, 809.2209905677063, 481.77842384512485], [0.0, 0.0, 1.0]], [[1259.5137405846733, 0.0, 807.2529053838625], [0.0, 1259.5137405846733, 501.19579884916527], [0.0, 0.0, 1.0]]], "extrinsics": [[[0.8203731775283813, -0.57143235206604, 0.021281708031892776, -0.767486572265625], [0.006436665076762438, -0.027986623346805573, -0.9995875358581543, 1.5098037719726562], [0.5717923045158386, 0.8201717734336853, -0.019281355664134026, -1.14306640625], [0.0, 0.0, 0.0, 1.0]], [[0.005036255810409784, -0.9994742274284363, 0.03202984854578972, 0.00634765625], [0.0012296270579099655, -0.032024040818214417, -0.9994863867759705, 1.5207901000976562], [0.9999865293502808, 0.0050730458460748196, 0.001067698816768825, -1.493988037109375], [0.0, 0.0, 0.0, 1.0]], [[-0.8331618309020996, -0.553024172782898, 0.0023852349258959293, 0.90399169921875], [0.006961040664464235, -0.014799696393311024, -0.999866247177124, 1.5047187805175781], [0.5529854893684387, -0.8330337405204773, 0.016180166974663734, -1.1632080078125], [0.0, 0.0, 0.0, 1.0]], [[0.9477955102920532, 0.31887781620025635, 0.0007725946488790214, -1.13922119140625], [0.015892237424850464, -0.04481613636016846, -0.9988687634468079, 1.5886039733886719], [-0.31848251819610596, 0.946735680103302, -0.047544214874506, -0.10467529296875], [0.0, 0.0, 0.0, 1.0]], [[0.0028435566928237677, 0.9993830919265747, -0.03500569239258766, 0.0029296875], [-0.009571327827870846, -0.034977030009031296, -0.9993422627449036, 1.5788002014160156], [-0.999950110912323, 0.003176767146214843, 0.009465966373682022, -0.056610107421875], [0.0, 0.0, 0.0, 1.0]], [[-0.9344978332519531, 0.3548286259174347, -0.028466196730732918, 1.0314197540283203], [0.02293640561401844, -0.019781697541475296, -0.999541163444519, 1.5540266036987305], [-0.355228990316391, -0.9347220659255981, 0.010347459465265274, -0.103271484375], [0.0, 0.0, 0.0, 1.0]]], "view": [[0.0, -2.0, 100.0], [-2.0, 0.0, 100.0], [0.0, 0.0, 1.0]], "bev": "bev_2ff0482416cb4997bab12b0d7700f142.png", "aux": "aux_2ff0482416cb4997bab12b0d7700f142.npz", "visibility": "visibility_2ff0482416cb4997bab12b0d7700f142.png", "pose": [[-0.767453670501709, -0.6411044001579285, 0.0, 1074.2554931640625], [0.6411044001579285, -0.767453670501709, 0.0, 566.9788818359375], [0.0, 0.0, 1.0, 0.0], [0.0, 0.0, 0.0, 1.0]], "pose_inverse": [[-0.767453670501709, 0.6411044001579285, 0.0, 460.94866943359375], [-0.6411044001579285, -0.767453670501709, 0.0, 1123.8399658203125], [0.0, 0.0, 1.0, 0.0], [0.0, 0.0, 0.0, 1.0]], "cam_ids": [0, 1, 2, 3, 4, 5], "cam_channels": ["CAM_FRONT_LEFT", "CAM_FRONT", "CAM_FRONT_RIGHT", "CAM_BACK_LEFT", "CAM_BACK", "CAM_BACK_RIGHT"], "token": "2ff0482416cb4997bab12b0d7700f142", "scene": "scene-0962"}, {"images": ["samples/CAM_FRONT_LEFT/n015-2018-09-25-13-17-43+0800__CAM_FRONT_LEFT__1537852757154844.jpg", "samples/CAM_FRONT/n015-2018-09-25-13-17-43+0800__CAM_FRONT__1537852757162460.jpg", "samples/CAM_FRONT_RIGHT/n015-2018-09-25-13-17-43+0800__CAM_FRONT_RIGHT__1537852757170339.jpg", "samples/CAM_BACK_LEFT/n015-2018-09-25-13-17-43+0800__CAM_BACK_LEFT__1537852757197423.jpg", "samples/CAM_BACK/n015-2018-09-25-13-17-43+0800__CAM_BACK__1537852757187525.jpg", "samples/CAM_BACK_RIGHT/n015-2018-09-25-13-17-43+0800__CAM_BACK_RIGHT__1537852757177893.jpg"], "intrinsics": [[[1272.5979470598488, 0.0, 826.6154927353808], [0.0, 1272.5979470598488, 479.75165386361925], [0.0, 0.0, 1.0]], [[1266.417203046554, 0.0, 816.2670197447984], [0.0, 1266.417203046554, 491.50706579294757], [0.0, 0.0, 1.0]], [[1260.8474446004698, 0.0, 807.968244525554], [0.0, 1260.8474446004698, 495.3344268742088], [0.0, 0.0, 1.0]], [[1256.7414812095406, 0.0, 792.1125740759628], [0.0, 1256.7414812095406, 492.7757465151356], [0.0, 0.0, 1.0]], [[809.2209905677063, 0.0, 829.2196003259838], [0.0, 809.2209905677063, 481.77842384512485], [0.0, 0.0, 1.0]], [[1259.5137405846733, 0.0, 807.2529053838625], [0.0, 1259.5137405846733, 501.19579884916527], [0.0, 0.0, 1.0]]], "extrinsics": [[[0.8194118738174438, -0.5730011463165283, 0.015290223062038422, -0.7678375244140625], [0.0004896875470876694, -0.025975175201892853, -0.999662458896637, 1.5084037780761719], [0.5732049942016602, 0.819142758846283, -0.02100377343595028, -1.144287109375], [0.0, 0.0, 0.0, 1.0]], [[0.003718322142958641, -0.9995405673980713, 0.030077258124947548, 0.007080078125], [-0.004867624491453171, -0.03009520284831524, -0.9995352029800415, 1.5196151733398438], [0.999981164932251, 0.0035702153109014034, -0.004977291449904442, -1.495208740234375], [0.0, 0.0, 0.0, 1.0]], [[-0.8337864875793457, -0.5520479083061218, 0.006567289121448994, 0.90509033203125], [0.0007300620782189071, -0.012997872196137905, -0.9999151825904846, 1.5037727355957031], [0.5520864725112915, -0.8337110280990601, 0.011240479536354542, -1.1632080078125], [0.0, 0.0, 0.0, 1.0]], [[0.9478374719619751, 0.3187124729156494, -0.00512921204790473, -1.137939453125], [0.009335783310234547, -0.04384159669280052, -0.9989948272705078, 1.5885963439941406], [-0.31861695647239685, 0.9468369483947754, -0.04453014209866524, -0.1051025390625], [0.0, 0.0, 0.0, 1.0]], [[0.003161227097734809, 0.999426007270813, -0.03373079374432564, 0.0025634765625], [-0.016101617366075516, -0.03367571532726288, -0.9993031024932861, 1.57843017578125], [-0.9998652935028076, 0.0037021362222731113, 0.015985917299985886, -0.05682373046875], [0.0, 0.0, 0.0, 1.0]], [[-0.9343414902687073, 0.3557020127773285, -0.02195686288177967, 1.0315589904785156], [0.016572605818510056, -0.018177421763539314, -0.9996974468231201, 1.5533132553100586], [-0.35599350929260254, -0.9344226121902466, 0.011089008301496506, -0.1025390625], [0.0, 0.0, 0.0, 1.0]]], "view": [[0.0, -2.0, 100.0], [-2.0, 0.0, 100.0], [0.0, 0.0, 1.0]], "bev": "bev_2463d4edf6bc4962bd9f2522ebe7eb08.png", "aux": "aux_2463d4edf6bc4962bd9f2522ebe7eb08.npz", "visibility": "visibility_2463d4edf6bc4962bd9f2522ebe7eb08.png", "pose": [[-0.7765609622001648, -0.6300420761108398, 0.0, 1071.9345703125], [0.6300420761108398, -0.7765609622001648, 0.0, 568.905029296875], [0.0, 0.0, 1.0, 0.0], [0.0, 0.0, 0.0, 1.0]], "pose_inverse": [[-0.7765609622001648, 0.6300420761108398, 0.0, 473.98846435546875], [-0.6300420761108398, -0.7765609622001648, 0.0, 1117.1533203125], [0.0, 0.0, 1.0, 0.0], [0.0, 0.0, 0.0, 1.0]], "cam_ids": [0, 1, 2, 3, 4, 5], "cam_channels": ["CAM_FRONT_LEFT", "CAM_FRONT", "CAM_FRONT_RIGHT", "CAM_BACK_LEFT", "CAM_BACK", "CAM_BACK_RIGHT"], "token": "2463d4edf6bc4962bd9f2522ebe7eb08", "scene": "scene-0962"}, {"images": ["samples/CAM_FRONT_LEFT/n015-2018-09-25-13-17-43+0800__CAM_FRONT_LEFT__1537852757654844.jpg", "samples/CAM_FRONT/n015-2018-09-25-13-17-43+0800__CAM_FRONT__1537852757662460.jpg", "samples/CAM_FRONT_RIGHT/n015-2018-09-25-13-17-43+0800__CAM_FRONT_RIGHT__1537852757670339.jpg", "samples/CAM_BACK_LEFT/n015-2018-09-25-13-17-43+0800__CAM_BACK_LEFT__1537852757697423.jpg", "samples/CAM_BACK/n015-2018-09-25-13-17-43+0800__CAM_BACK__1537852757687525.jpg", "samples/CAM_BACK_RIGHT/n015-2018-09-25-13-17-43+0800__CAM_BACK_RIGHT__1537852757677893.jpg"], "intrinsics": [[[1272.5979470598488, 0.0, 826.6154927353808], [0.0, 1272.5979470598488, 479.75165386361925], [0.0, 0.0, 1.0]], [[1266.417203046554, 0.0, 816.2670197447984], [0.0, 1266.417203046554, 491.50706579294757], [0.0, 0.0, 1.0]], [[1260.8474446004698, 0.0, 807.968244525554], [0.0, 1260.8474446004698, 495.3344268742088], [0.0, 0.0, 1.0]], [[1256.7414812095406, 0.0, 792.1125740759628], [0.0, 1256.7414812095406, 492.7757465151356], [0.0, 0.0, 1.0]], [[809.2209905677063, 0.0, 829.2196003259838], [0.0, 809.2209905677063, 481.77842384512485], [0.0, 0.0, 1.0]], [[1259.5137405846733, 0.0, 807.2529053838625], [0.0, 1259.5137405846733, 501.19579884916527], [0.0, 0.0, 1.0]]], "extrinsics": [[[0.8189990520477295, -0.5733595490455627, 0.022347087040543556, -0.7621612548828125], [0.006806198973208666, -0.029236014932394028, -0.9995493292808533, 1.5099773406982422], [0.5737544894218445, 0.8187820911407471, -0.020041869953274727, -1.1405029296875], [0.0, 0.0, 0.0, 1.0]], [[0.003052494488656521, -0.9994291067123413, 0.03364747017621994, 0.007080078125], [0.0017902746330946684, -0.033642109483480453, -0.999432384967804, 1.5209503173828125], [0.9999937415122986, 0.003110988298431039, 0.0016865634825080633, -1.48968505859375], [0.0, 0.0, 0.0, 1.0]], [[-0.8340360522270203, -0.5517029762268066, 0.0027888871263712645, 0.901611328125], [0.00780403520911932, -0.016851915046572685, -0.99982750415802, 1.5048904418945312], [0.5516547560691833, -0.8338704109191895, 0.018360616639256477, -1.160888671875], [0.0, 0.0, 0.0, 1.0]], [[0.9478107690811157, 0.3188306391239166, 0.0013481746427714825, -1.1414794921875], [0.0177561417222023, -0.04856212064623833, -0.9986622929573059, 1.5885696411132812], [-0.31833863258361816, 0.9465668797492981, -0.05168890208005905, -0.10394287109375], [0.0, 0.0, 0.0, 1.0]], [[0.003499153070151806, 0.9992679953575134, -0.03809669613838196, 0.002685546875], [-0.008142311125993729, -0.03806719556450844, -0.9992420673370361, 1.5788993835449219], [-0.999960720539093, 0.003806765889748931, 0.008003144524991512, -0.05609130859375], [0.0, 0.0, 0.0, 1.0]], [[-0.9340589642524719, 0.355821430683136, -0.030413396656513214, 1.0296096801757812], [0.024052074179053307, -0.022289227694272995, -0.9994621872901917, 1.5542020797729492], [-0.3563079535961151, -0.9342881441116333, 0.012261210940778255, -0.1033935546875], [0.0, 0.0, 0.0, 1.0]]], "view": [[0.0, -2.0, 100.0], [-2.0, 0.0, 100.0], [0.0, 0.0, 1.0]], "bev": "bev_754e47c56a9f4d658d62a3d458f9d7b4.png", "aux": "aux_754e47c56a9f4d658d62a3d458f9d7b4.npz", "visibility": "visibility_754e47c56a9f4d658d62a3d458f9d7b4.png", "pose": [[-0.7941651344299316, -0.6077020168304443, 0.0, 1069.766357421875], [0.6077020168304443, -0.7941651344299316, 0.0, 570.6319580078125], [0.0, 0.0, 1.0, 0.0], [0.0, 0.0, 0.0, 1.0]], "pose_inverse": [[-0.7941651344299316, 0.6077020168304443, 0.0, 502.7969665527344], [-0.6077020168304443, -0.7941651344299316, 0.0, 1103.275146484375], [0.0, 0.0, 1.0, 0.0], [0.0, 0.0, 0.0, 1.0]], "cam_ids": [0, 1, 2, 3, 4, 5], "cam_channels": ["CAM_FRONT_LEFT", "CAM_FRONT", "CAM_FRONT_RIGHT", "CAM_BACK_LEFT", "CAM_BACK", "CAM_BACK_RIGHT"], "token": "754e47c56a9f4d658d62a3d458f9d7b4", "scene": "scene-0962"}, {"images": ["samples/CAM_FRONT_LEFT/n015-2018-09-25-13-17-43+0800__CAM_FRONT_LEFT__1537852758104844.jpg", "samples/CAM_FRONT/n015-2018-09-25-13-17-43+0800__CAM_FRONT__1537852758112460.jpg", "samples/CAM_FRONT_RIGHT/n015-2018-09-25-13-17-43+0800__CAM_FRONT_RIGHT__1537852758120339.jpg", "samples/CAM_BACK_LEFT/n015-2018-09-25-13-17-43+0800__CAM_BACK_LEFT__1537852758147423.jpg", "samples/CAM_BACK/n015-2018-09-25-13-17-43+0800__CAM_BACK__1537852758137525.jpg", "samples/CAM_BACK_RIGHT/n015-2018-09-25-13-17-43+0800__CAM_BACK_RIGHT__1537852758127893.jpg"], "intrinsics": [[[1272.5979470598488, 0.0, 826.6154927353808], [0.0, 1272.5979470598488, 479.75165386361925], [0.0, 0.0, 1.0]], [[1266.417203046554, 0.0, 816.2670197447984], [0.0, 1266.417203046554, 491.50706579294757], [0.0, 0.0, 1.0]], [[1260.8474446004698, 0.0, 807.968244525554], [0.0, 1260.8474446004698, 495.3344268742088], [0.0, 0.0, 1.0]], [[1256.7414812095406, 0.0, 792.1125740759628], [0.0, 1256.7414812095406, 492.7757465151356], [0.0, 0.0, 1.0]], [[809.2209905677063, 0.0, 829.2196003259838], [0.0, 809.2209905677063, 481.77842384512485], [0.0, 0.0, 1.0]], [[1259.5137405846733, 0.0, 807.2529053838625], [0.0, 1259.5137405846733, 501.19579884916527], [0.0, 0.0, 1.0]]], "extrinsics": [[[0.8190433979034424, -0.5729769468307495, 0.029418520629405975, -0.7693939208984375], [0.00865861028432846, -0.03892537206411362, -0.9992045760154724, 1.5103683471679688], [0.5736662745475769, 0.8186465501785278, -0.0269203819334507, -1.145263671875], [0.0, 0.0, 0.0, 1.0]], [[0.0031183557584881783, -0.9990648627281189, 0.043123867362737656, 0.0068359375], [0.0032308173831552267, -0.04311378672719002, -0.9990649819374084, 1.5212249755859375], [0.999989926815033, 0.003254613606259227, 0.0030933539383113384, -1.49652099609375], [0.0, 0.0, 0.0, 1.0]], [[-0.8339982628822327, -0.5517216920852661, 0.007075111847370863, 0.9061279296875], [0.008768249303102493, -0.02607317641377449, -0.999621570110321, 1.5050067901611328], [0.5516973733901978, -0.8336206078529358, 0.026582619175314903, -1.1639404296875], [0.0, 0.0, 0.0, 1.0]], [[0.9478752017021179, 0.3186345398426056, -0.0021291624289005995, -1.14080810546875], [0.016906937584280968, -0.05696515738964081, -0.9982330203056335, 1.5885810852050781], [-0.31819280982017517, 0.9461643695831299, -0.05938299745321274, -0.1041259765625], [0.0, 0.0, 0.0, 1.0]], [[0.0036140677984803915, 0.998900830745697, -0.046736255288124084, 0.0025634765625], [-0.00833231583237648, -0.04670485481619835, -0.9988739490509033, 1.5789031982421875], [-0.9999588131904602, 0.0039994181133806705, 0.008154361508786678, -0.054443359375], [0.0, 0.0, 0.0, 1.0]], [[-0.9340327382087708, 0.35556384921073914, -0.03401694819331169, 1.0332489013671875], [0.024499893188476562, -0.031236108392477036, -0.9992117285728455, 1.5541629791259766], [-0.3563461899757385, -0.9341298937797546, 0.020464271306991577, -0.102294921875], [0.0, 0.0, 0.0, 1.0]]], "view": [[0.0, -2.0, 100.0], [-2.0, 0.0, 100.0], [0.0, 0.0, 1.0]], "bev": "bev_dd9ca96008584bd7aced84b8d7202c7c.png", "aux": "aux_dd9ca96008584bd7aced84b8d7202c7c.npz", "visibility": "visibility_dd9ca96008584bd7aced84b8d7202c7c.png", "pose": [[-0.8113477826118469, -0.5845637917518616, 0.0, 1067.7353515625], [0.5845637917518616, -0.8113477826118469, 0.0, 572.1424560546875], [0.0, 0.0, 1.0, 0.0], [0.0, 0.0, 0.0, 1.0]], "pose_inverse": [[-0.8113477826118469, 0.5845637917518616, 0.0, 531.8509521484375], [-0.5845637917518616, -0.8113477826118469, 0.0, 1088.365966796875], [0.0, 0.0, 1.0, 0.0], [0.0, 0.0, 0.0, 1.0]], "cam_ids": [0, 1, 2, 3, 4, 5], "cam_channels": ["CAM_FRONT_LEFT", "CAM_FRONT", "CAM_FRONT_RIGHT", "CAM_BACK_LEFT", "CAM_BACK", "CAM_BACK_RIGHT"], "token": "dd9ca96008584bd7aced84b8d7202c7c", "scene": "scene-0962"}, {"images": ["samples/CAM_FRONT_LEFT/n015-2018-09-25-13-17-43+0800__CAM_FRONT_LEFT__1537852758604844.jpg", "samples/CAM_FRONT/n015-2018-09-25-13-17-43+0800__CAM_FRONT__1537852758612460.jpg", "samples/CAM_FRONT_RIGHT/n015-2018-09-25-13-17-43+0800__CAM_FRONT_RIGHT__1537852758620339.jpg", "samples/CAM_BACK_LEFT/n015-2018-09-25-13-17-43+0800__CAM_BACK_LEFT__1537852758647423.jpg", "samples/CAM_BACK/n015-2018-09-25-13-17-43+0800__CAM_BACK__1537852758637525.jpg", "samples/CAM_BACK_RIGHT/n015-2018-09-25-13-17-43+0800__CAM_BACK_RIGHT__1537852758627893.jpg"], "intrinsics": [[[1272.5979470598488, 0.0, 826.6154927353808], [0.0, 1272.5979470598488, 479.75165386361925], [0.0, 0.0, 1.0]], [[1266.417203046554, 0.0, 816.2670197447984], [0.0, 1266.417203046554, 491.50706579294757], [0.0, 0.0, 1.0]], [[1260.8474446004698, 0.0, 807.968244525554], [0.0, 1260.8474446004698, 495.3344268742088], [0.0, 0.0, 1.0]], [[1256.7414812095406, 0.0, 792.1125740759628], [0.0, 1256.7414812095406, 492.7757465151356], [0.0, 0.0, 1.0]], [[809.2209905677063, 0.0, 829.2196003259838], [0.0, 809.2209905677063, 481.77842384512485], [0.0, 0.0, 1.0]], [[1259.5137405846733, 0.0, 807.2529053838625], [0.0, 1259.5137405846733, 501.19579884916527], [0.0, 0.0, 1.0]]], "extrinsics": [[[0.8190584182739258, -0.572697103023529, 0.034079037606716156, -0.76324462890625], [0.006187024526298046, -0.05058036372065544, -0.9987007975578308, 1.5097999572753906], [0.5736768245697021, 0.8182051777839661, -0.03788497671484947, -1.1396484375], [0.0, 0.0, 0.0, 1.0]], [[0.0030480569694191217, -0.9984989166259766, 0.054687097668647766, 0.006103515625], [0.0009772821795195341, -0.0546843558549881, -0.9985032081604004, 1.5207633972167969], [0.9999948740005493, 0.003096903907135129, 0.0008091337513178587, -1.48968505859375], [0.0, 0.0, 0.0, 1.0]], [[-0.8340905904769897, -0.5514207482337952, 0.015100715681910515, 0.9013671875], [0.006744896527379751, -0.0375676192343235, -0.9992712736129761, 1.5047187805175781], [0.5515863299369812, -0.833380937576294, 0.03505407273769379, -1.16168212890625], [0.0, 0.0, 0.0, 1.0]], [[0.9479608535766602, 0.31831592321395874, -0.006717350799590349, -1.14166259765625], [0.01567373238503933, -0.06772889196872711, -0.9975805878639221, 1.58856201171875], [-0.31800076365470886, 0.9455621838569641, -0.06919354200363159, -0.1038818359375], [0.0, 0.0, 0.0, 1.0]], [[0.0037951094564050436, 0.9983194470405579, -0.05782663822174072, 0.0030517578125], [-0.009838821366429329, -0.057786975055933, -0.9982804656028748, 1.5787887573242188], [-0.9999444484710693, 0.004357507918030024, 0.009602981619536877, -0.055908203125], [0.0, 0.0, 0.0, 1.0]], [[-0.9340121746063232, 0.3553816080093384, -0.036404628306627274, 1.030120849609375], [0.022716253995895386, -0.04261587932705879, -0.9988332390785217, 1.5540390014648438], [-0.35651832818984985, -0.9337493777275085, 0.031730808317661285, -0.1038818359375], [0.0, 0.0, 0.0, 1.0]]], "view": [[0.0, -2.0, 100.0], [-2.0, 0.0, 100.0], [0.0, 0.0, 1.0]], "bev": "bev_edcf9877d68a447e92d1b3cc3e9f24f0.png", "aux": "aux_edcf9877d68a447e92d1b3cc3e9f24f0.npz", "visibility": "visibility_edcf9877d68a447e92d1b3cc3e9f24f0.png", "pose": [[-0.8267843127250671, -0.5625190734863281, 0.0, 1065.4473876953125], [0.5625190734863281, -0.8267843127250671, 0.0, 573.7510375976562], [0.0, 0.0, 1.0, 0.0], [0.0, 0.0, 0.0, 1.0]], "pose_inverse": [[-0.8267843127250671, 0.5625190734863281, 0.0, 558.1492919921875], [-0.5625190734863281, -0.8267843127250671, 0.0, 1073.702880859375], [0.0, 0.0, 1.0, 0.0], [0.0, 0.0, 0.0, 1.0]], "cam_ids": [0, 1, 2, 3, 4, 5], "cam_channels": ["CAM_FRONT_LEFT", "CAM_FRONT", "CAM_FRONT_RIGHT", "CAM_BACK_LEFT", "CAM_BACK", "CAM_BACK_RIGHT"], "token": "edcf9877d68a447e92d1b3cc3e9f24f0", "scene": "scene-0962"}, {"images": ["samples/CAM_FRONT_LEFT/n015-2018-09-25-13-17-43+0800__CAM_FRONT_LEFT__1537852759154850.jpg", "samples/CAM_FRONT/n015-2018-09-25-13-17-43+0800__CAM_FRONT__1537852759162462.jpg", "samples/CAM_FRONT_RIGHT/n015-2018-09-25-13-17-43+0800__CAM_FRONT_RIGHT__1537852759170339.jpg", "samples/CAM_BACK_LEFT/n015-2018-09-25-13-17-43+0800__CAM_BACK_LEFT__1537852759197423.jpg", "samples/CAM_BACK/n015-2018-09-25-13-17-43+0800__CAM_BACK__1537852759187525.jpg", "samples/CAM_BACK_RIGHT/n015-2018-09-25-13-17-43+0800__CAM_BACK_RIGHT__1537852759177893.jpg"], "intrinsics": [[[1272.5979470598488, 0.0, 826.6154927353808], [0.0, 1272.5979470598488, 479.75165386361925], [0.0, 0.0, 1.0]], [[1266.417203046554, 0.0, 816.2670197447984], [0.0, 1266.417203046554, 491.50706579294757], [0.0, 0.0, 1.0]], [[1260.8474446004698, 0.0, 807.968244525554], [0.0, 1260.8474446004698, 495.3344268742088], [0.0, 0.0, 1.0]], [[1256.7414812095406, 0.0, 792.1125740759628], [0.0, 1256.7414812095406, 492.7757465151356], [0.0, 0.0, 1.0]], [[809.2209905677063, 0.0, 829.2196003259838], [0.0, 809.2209905677063, 481.77842384512485], [0.0, 0.0, 1.0]], [[1259.5137405846733, 0.0, 807.2529053838625], [0.0, 1259.5137405846733, 501.19579884916527], [0.0, 0.0, 1.0]]], "extrinsics": [[[0.8197567462921143, -0.5716477632522583, 0.03489634022116661, -0.7527313232421875], [0.006886668968945742, -0.0510883554816246, -0.9986703991889954, 1.5101089477539062], [0.5726704597473145, 0.8189070820808411, -0.0379432737827301, -1.1341552734375], [0.0, 0.0, 0.0, 1.0]], [[0.004175097681581974, -0.9984698295593262, 0.055141106247901917, 0.00732421875], [0.0016871901461854577, -0.055134475231170654, -0.9984775185585022, 1.5209732055664062], [0.9999898076057434, 0.004261714871972799, 0.0014544210862368345, -1.47967529296875], [0.0, 0.0, 0.0, 1.0]], [[-0.8335349559783936, -0.5522697567939758, 0.014752119779586792, 0.89501953125], [0.007440979592502117, -0.037922438234090805, -0.9992529153823853, 1.5049247741699219], [0.5524165630340576, -0.8328025341033936, 0.03571911156177521, -1.1561279296875], [0.0, 0.0, 0.0, 1.0]], [[0.94795161485672, 0.31835633516311646, -0.006094115320593119, -1.1375732421875], [0.016354406252503395, -0.06779341399669647, -0.9975652694702148, 1.5886497497558594], [-0.3179943263530731, 0.9455439448356628, -0.06947138905525208, -0.1053466796875], [0.0, 0.0, 0.0, 1.0]], [[0.0034026417415589094, 0.9983120560646057, -0.05797971412539482, 0.00244140625], [-0.009110731072723866, -0.05794669687747955, -0.9982780814170837, 1.5788116455078125], [-0.9999526739120483, 0.003924965858459473, 0.008898183703422546, -0.061767578125], [0.0, 0.0, 0.0, 1.0]], [[-0.9342741966247559, 0.3546198010444641, -0.037101201713085175, 1.022979736328125], [0.02341563254594803, -0.042807504534721375, -0.9988089203834534, 1.5543174743652344], [-0.355785608291626, -0.9340302348136902, 0.03169030323624611, -0.1058349609375], [0.0, 0.0, 0.0, 1.0]]], "view": [[0.0, -2.0, 100.0], [-2.0, 0.0, 100.0], [0.0, 0.0, 1.0]], "bev": "bev_6d603fae12034090907601d1409f597e.png", "aux": "aux_6d603fae12034090907601d1409f597e.npz", "visibility": "visibility_6d603fae12034090907601d1409f597e.png", "pose": [[-0.8369285464286804, -0.5473122000694275, 0.0, 1062.7484130859375], [0.5473122000694275, -0.8369285464286804, 0.0, 575.5545654296875], [0.0, 0.0, 1.0, 0.0], [0.0, 0.0, 0.0, 1.0]], "pose_inverse": [[-0.8369285464286804, 0.5473122000694275, 0.0, 574.4364013671875], [-0.5473122000694275, -0.8369285464286804, 0.0, 1063.353271484375], [0.0, 0.0, 1.0, 0.0], [0.0, 0.0, 0.0, 1.0]], "cam_ids": [0, 1, 2, 3, 4, 5], "cam_channels": ["CAM_FRONT_LEFT", "CAM_FRONT", "CAM_FRONT_RIGHT", "CAM_BACK_LEFT", "CAM_BACK", "CAM_BACK_RIGHT"], "token": "6d603fae12034090907601d1409f597e", "scene": "scene-0962"}, {"images": ["samples/CAM_FRONT_LEFT/n015-2018-09-25-13-17-43+0800__CAM_FRONT_LEFT__1537852759654844.jpg", "samples/CAM_FRONT/n015-2018-09-25-13-17-43+0800__CAM_FRONT__1537852759662460.jpg", "samples/CAM_FRONT_RIGHT/n015-2018-09-25-13-17-43+0800__CAM_FRONT_RIGHT__1537852759670339.jpg", "samples/CAM_BACK_LEFT/n015-2018-09-25-13-17-43+0800__CAM_BACK_LEFT__1537852759697423.jpg", "samples/CAM_BACK/n015-2018-09-25-13-17-43+0800__CAM_BACK__1537852759687525.jpg", "samples/CAM_BACK_RIGHT/n015-2018-09-25-13-17-43+0800__CAM_BACK_RIGHT__1537852759677893.jpg"], "intrinsics": [[[1272.5979470598488, 0.0, 826.6154927353808], [0.0, 1272.5979470598488, 479.75165386361925], [0.0, 0.0, 1.0]], [[1266.417203046554, 0.0, 816.2670197447984], [0.0, 1266.417203046554, 491.50706579294757], [0.0, 0.0, 1.0]], [[1260.8474446004698, 0.0, 807.968244525554], [0.0, 1260.8474446004698, 495.3344268742088], [0.0, 0.0, 1.0]], [[1256.7414812095406, 0.0, 792.1125740759628], [0.0, 1256.7414812095406, 492.7757465151356], [0.0, 0.0, 1.0]], [[809.2209905677063, 0.0, 829.2196003259838], [0.0, 809.2209905677063, 481.77842384512485], [0.0, 0.0, 1.0]], [[1259.5137405846733, 0.0, 807.2529053838625], [0.0, 1259.5137405846733, 501.19579884916527], [0.0, 0.0, 1.0]]], "extrinsics": [[[0.8202010989189148, -0.5713531970977783, 0.02873407118022442, -0.7614593505859375], [0.004155908711254597, -0.044275522232055664, -0.9990106821060181, 1.5093307495117188], [0.572060227394104, 0.8195090889930725, -0.03394033759832382, -1.1400146484375], [0.0, 0.0, 0.0, 1.0]], [[0.004777582827955484, -0.9988104104995728, 0.048526130616664886, 0.0072021484375], [-0.0010194429196417332, -0.04853152483701706, -0.9988211989402771, 1.5203857421875], [0.9999880790710449, 0.004722547251731157, -0.0012500928714871407, -1.48919677734375], [0.0, 0.0, 0.0, 1.0]], [[-0.8333351612091064, -0.5526040196418762, 0.013466797769069672, 0.9014892578125], [0.0047636982053518295, -0.03154103457927704, -0.9994910955429077, 1.5044288635253906], [0.5527474880218506, -0.8328469395637512, 0.028916694223880768, -1.16058349609375], [0.0, 0.0, 0.0, 1.0]], [[0.9479222297668457, 0.31842970848083496, -0.006768107879906893, -1.13818359375], [0.013899344019591808, -0.06258735805749893, -0.9979426264762878, 1.5886116027832031], [-0.3181982934474945, 0.9458780288696289, -0.06375392526388168, -0.10504150390625], [0.0, 0.0, 0.0, 1.0]], [[0.0031330063939094543, 0.9986233115196228, -0.052360035479068756, 0.002685546875], [-0.011660817079246044, -0.05232024937868118, -0.9985623359680176, 1.57867431640625], [-0.9999270439147949, 0.0037390701472759247, 0.01148084457963705, -0.05828857421875], [0.0, 0.0, 0.0, 1.0]], [[-0.9344380497932434, 0.35463947057724, -0.03250208497047424, 1.0286712646484375], [0.02079905942082405, -0.03676309436559677, -0.9991075396537781, 1.5538654327392578], [-0.3555179238319397, -0.9342800378799438, 0.026976661756634712, -0.103759765625], [0.0, 0.0, 0.0, 1.0]]], "view": [[0.0, -2.0, 100.0], [-2.0, 0.0, 100.0], [0.0, 0.0, 1.0]], "bev": "bev_c8634c593a674376b8f0a90a1727fbc5.png", "aux": "aux_c8634c593a674376b8f0a90a1727fbc5.npz", "visibility": "visibility_c8634c593a674376b8f0a90a1727fbc5.png", "pose": [[-0.8429462313652039, -0.5379977822303772, 0.0, 1060.2410888671875], [0.5379977822303772, -0.8429462313652039, 0.0, 577.1751098632812], [0.0, 0.0, 1.0, 0.0], [0.0, 0.0, 0.0, 1.0]], "pose_inverse": [[-0.8429462313652039, 0.5379977822303772, 0.0, 583.2073364257812], [-0.5379977822303772, -0.8429462313652039, 0.0, 1056.9349365234375], [0.0, 0.0, 1.0, 0.0], [0.0, 0.0, 0.0, 1.0]], "cam_ids": [0, 1, 2, 3, 4, 5], "cam_channels": ["CAM_FRONT_LEFT", "CAM_FRONT", "CAM_FRONT_RIGHT", "CAM_BACK_LEFT", "CAM_BACK", "CAM_BACK_RIGHT"], "token": "c8634c593a674376b8f0a90a1727fbc5", "scene": "scene-0962"}, {"images": ["samples/CAM_FRONT_LEFT/n015-2018-09-25-13-17-43+0800__CAM_FRONT_LEFT__1537852760154844.jpg", "samples/CAM_FRONT/n015-2018-09-25-13-17-43+0800__CAM_FRONT__1537852760162460.jpg", "samples/CAM_FRONT_RIGHT/n015-2018-09-25-13-17-43+0800__CAM_FRONT_RIGHT__1537852760170339.jpg", "samples/CAM_BACK_LEFT/n015-2018-09-25-13-17-43+0800__CAM_BACK_LEFT__1537852760197423.jpg", "samples/CAM_BACK/n015-2018-09-25-13-17-43+0800__CAM_BACK__1537852760187525.jpg", "samples/CAM_BACK_RIGHT/n015-2018-09-25-13-17-43+0800__CAM_BACK_RIGHT__1537852760177893.jpg"], "intrinsics": [[[1272.5979470598488, 0.0, 826.6154927353808], [0.0, 1272.5979470598488, 479.75165386361925], [0.0, 0.0, 1.0]], [[1266.417203046554, 0.0, 816.2670197447984], [0.0, 1266.417203046554, 491.50706579294757], [0.0, 0.0, 1.0]], [[1260.8474446004698, 0.0, 807.968244525554], [0.0, 1260.8474446004698, 495.3344268742088], [0.0, 0.0, 1.0]], [[1256.7414812095406, 0.0, 792.1125740759628], [0.0, 1256.7414812095406, 492.7757465151356], [0.0, 0.0, 1.0]], [[809.2209905677063, 0.0, 829.2196003259838], [0.0, 809.2209905677063, 481.77842384512485], [0.0, 0.0, 1.0]], [[1259.5137405846733, 0.0, 807.2529053838625], [0.0, 1259.5137405846733, 501.19579884916527], [0.0, 0.0, 1.0]]], "extrinsics": [[[0.820723295211792, -0.5703825950622559, 0.03281629458069801, -0.755157470703125], [0.007244139444082975, -0.0470450222492218, -0.9988664984703064, 1.510101318359375], [0.5712799429893494, 0.820030689239502, -0.034479014575481415, -1.1341552734375], [0.0, 0.0, 0.0, 1.0]], [[0.005674651358276606, -0.9986804127693176, 0.05104050785303116, 0.00634765625], [0.001641497714444995, -0.05103195831179619, -0.9986957311630249, 1.5208854675292969], [0.9999825358390808, 0.005751016549766064, 0.0013497425243258476, -1.48236083984375], [0.0, 0.0, 0.0, 1.0]], [[-0.8328232765197754, -0.553388774394989, 0.012886187992990017, 0.896728515625], [0.0069509572349488735, -0.03373299539089203, -0.9994066953659058, 1.5047855377197266], [0.5534951090812683, -0.8322396278381348, 0.03194020688533783, -1.158447265625], [0.0, 0.0, 0.0, 1.0]], [[0.9479181170463562, 0.31845271587371826, -0.006250710692256689, -1.1387939453125], [0.014798865653574467, -0.06363728642463684, -0.9978632926940918, 1.5886077880859375], [-0.31817007064819336, 0.945800244808197, -0.06503567099571228, -0.10479736328125], [0.0, 0.0, 0.0, 1.0]], [[0.002819858957082033, 0.9985473155975342, -0.05380812659859657, 0.0028076171875], [-