[{"images": ["samples/CAM_FRONT_LEFT/n008-2018-08-28-16-57-39-0400__CAM_FRONT_LEFT__1535489998754799.jpg", "samples/CAM_FRONT/n008-2018-08-28-16-57-39-0400__CAM_FRONT__1535489998762404.jpg", "samples/CAM_FRONT_RIGHT/n008-2018-08-28-16-57-39-0400__CAM_FRONT_RIGHT__1535489998770482.jpg", "samples/CAM_BACK_LEFT/n008-2018-08-28-16-57-39-0400__CAM_BACK_LEFT__1535489998797405.jpg", "samples/CAM_BACK/n008-2018-08-28-16-57-39-0400__CAM_BACK__1535489998787558.jpg", "samples/CAM_BACK_RIGHT/n008-2018-08-28-16-57-39-0400__CAM_BACK_RIGHT__1535489998778113.jpg"], "intrinsics": [[[1257.8625342125129, 0.0, 827.2410631095686], [0.0, 1257.8625342125129, 450.915498205774], [0.0, 0.0, 1.0]], [[1252.8131021185304, 0.0, 826.588114781398], [0.0, 1252.8131021185304, 469.9846626224581], [0.0, 0.0, 1.0]], [[1256.7485116440405, 0.0, 817.7887570959712], [0.0, 1256.7485116440403, 451.9541780095127], [0.0, 0.0, 1.0]], [[1254.9860565800168, 0.0, 829.5769333630991], [0.0, 1254.9860565800168, 467.1680561863987], [0.0, 0.0, 1.0]], [[796.8910634503094, 0.0, 857.7774326863696], [0.0, 796.8910634503094, 476.8848988407415], [0.0, 0.0, 1.0]], [[1249.9629280788233, 0.0, 825.3768045375984], [0.0, 1249.9629280788233, 462.54816385708756], [0.0, 0.0, 1.0]]], "extrinsics": [[[0.8222184777259827, -0.5688492655754089, -0.019166704267263412, -0.833740234375], [-0.010726726613938808, 0.018181825056672096, -0.9997771382331848, 1.4860382080078125], [0.5690710544586182, 0.8222408294677734, 0.008847540244460106, -1.217529296875], [0.0, 0.0, 0.0, 1.0]], [[0.009872878901660442, -0.9998500347137451, -0.014226117171347141, 0.0089111328125], [-0.008826164528727531, 0.01413912232965231, -0.9998610615730286, 1.4786434173583984], [0.9999122619628906, 0.009997067041695118, -0.008685245178639889, -1.5655517578125], [0.0, 0.0, 0.0, 1.0]], [[-0.8442026376724243, -0.5360194444656372, -0.0022512285504490137, 0.9815673828125], [-0.0008496706141158938, 0.005538024473935366, -0.9999843239784241, 1.492955207824707], [0.5360234975814819, -0.8441875576972961, -0.005130655597895384, -1.20654296875], [0.0, 0.0, 0.0, 1.0]], [[0.9477260112762451, 0.3185660243034363, -0.018195271492004395, -1.1431884765625], [-0.02627764828503132, 0.021091613918542862, -0.9994321465492249, 1.5620193481445312], [-0.31800132989883423, 0.9476659893989563, 0.028360236436128616, -0.15625], [0.0, 0.0, 0.0, 1.0]], [[0.009519965387880802, 0.9998674392700195, 0.013208603486418724, -0.029022216796875], [-0.02412245236337185, 0.013434993103146553, -0.9996187090873718, 1.5668983459472656], [-0.9996637105941772, 0.009197712875902653, 0.02424715831875801, -0.003662109375], [0.0, 0.0, 0.0, 1.0]], [[-0.9235835075378418, 0.3831121623516083, 0.01478338148444891, 1.0738525390625], [-0.019910871982574463, -0.00942167267203331, -0.9997573494911194, 1.5459632873535156], [-0.38287994265556335, -0.9236537218093872, 0.016329798847436905, -0.07855224609375], [0.0, 0.0, 0.0, 1.0]]], "view": [[0.0, -2.0, 100.0], [-2.0, 0.0, 100.0], [0.0, 0.0, 1.0]], "bev": "bev_f055ca374b734821b9c9bd1b1e540844.png", "aux": "aux_f055ca374b734821b9c9bd1b1e540844.npz", "visibility": "visibility_f055ca374b734821b9c9bd1b1e540844.png", "pose": [[0.44956570863723755, -0.8932472467422485, 0.0, 1180.200439453125], [0.8932472467422485, 0.44956570863723755, 0.0, 1647.1572265625], [0.0, 0.0, 1.0, 0.0], [0.0, 0.0, 0.0, 1.0]], "pose_inverse": [[0.44956570863723755, 0.8932472467422485, 0.0, -2001.8963623046875], [-0.8932472467422485, 0.44956570863723755, 0.0, 313.70538330078125], [0.0, 0.0, 1.0, 0.0], [0.0, 0.0, 0.0, 1.0]], "cam_ids": [0, 1, 2, 3, 4, 5], "cam_channels": ["CAM_FRONT_LEFT", "CAM_FRONT", "CAM_FRONT_RIGHT", "CAM_BACK_LEFT", "CAM_BACK", "CAM_BACK_RIGHT"], "token": "f055ca374b734821b9c9bd1b1e540844", "scene": "scene-0518"}, {"images": ["samples/CAM_FRONT_LEFT/n008-2018-08-28-16-57-39-0400__CAM_FRONT_LEFT__1535489999254799.jpg", "samples/CAM_FRONT/n008-2018-08-28-16-57-39-0400__CAM_FRONT__1535489999262404.jpg", "samples/CAM_FRONT_RIGHT/n008-2018-08-28-16-57-39-0400__CAM_FRONT_RIGHT__1535489999270482.jpg", "samples/CAM_BACK_LEFT/n008-2018-08-28-16-57-39-0400__CAM_BACK_LEFT__1535489999297409.jpg", "samples/CAM_BACK/n008-2018-08-28-16-57-39-0400__CAM_BACK__1535489999287558.jpg", "samples/CAM_BACK_RIGHT/n008-2018-08-28-16-57-39-0400__CAM_BACK_RIGHT__1535489999278113.jpg"], "intrinsics": [[[1257.8625342125129, 0.0, 827.2410631095686], [0.0, 1257.8625342125129, 450.915498205774], [0.0, 0.0, 1.0]], [[1252.8131021185304, 0.0, 826.588114781398], [0.0, 1252.8131021185304, 469.9846626224581], [0.0, 0.0, 1.0]], [[1256.7485116440405, 0.0, 817.7887570959712], [0.0, 1256.7485116440403, 451.9541780095127], [0.0, 0.0, 1.0]], [[1254.9860565800168, 0.0, 829.5769333630991], [0.0, 1254.9860565800168, 467.1680561863987], [0.0, 0.0, 1.0]], [[796.8910634503094, 0.0, 857.7774326863696], [0.0, 796.8910634503094, 476.8848988407415], [0.0, 0.0, 1.0]], [[1249.9629280788233, 0.0, 825.3768045375984], [0.0, 1249.9629280788233, 462.54816385708756], [0.0, 0.0, 1.0]]], "extrinsics": [[[0.822331964969635, -0.5686684250831604, -0.019658222794532776, -0.8548583984375], [-0.010367522947490215, 0.019568271934986115, -0.9997547268867493, 1.4863834381103516], [0.5689136385917664, 0.8223341107368469, 0.010195929557085037, -1.23089599609375], [0.0, 0.0, 0.0, 1.0]], [[0.009975501336157322, -0.9998271465301514, -0.0156871248036623, 0.008026123046875], [-0.0083619961515069, 0.015603948384523392, -0.9998432993888855, 1.4789009094238281], [0.9999152421951294, 0.010105077177286148, -0.00820489227771759, -1.5858154296875], [0.0, 0.0, 0.0, 1.0]], [[-0.8441751003265381, -0.536055862903595, -0.003546252381056547, 0.99462890625], [-0.00029137489036656916, 0.007074140943586826, -0.9999749064445496, 1.4930343627929688], [0.5360674858093262, -0.8441528677940369, -0.0061280089430511, -1.215576171875], [0.0, 0.0, 0.0, 1.0]], [[0.9477362036705017, 0.31860265135765076, -0.016981888562440872, -1.1461181640625], [-0.02555527165532112, 0.0227484293282032, -0.9994145631790161, 1.562103271484375], [-0.31802985072135925, 0.9476153254508972, 0.029701488092541695, -0.1552734375], [0.0, 0.0, 0.0, 1.0]], [[0.009499217383563519, 0.9998448491096497, 0.01483208779245615, -0.028839111328125], [-0.023483680561184883, 0.015051727183163166, -0.9996109008789062, 1.5671157836914062], [-0.9996790885925293, 0.009147207252681255, 0.023623019456863403, 0.004150390625], [0.0, 0.0, 0.0, 1.0]], [[-0.9236037731170654, 0.3830609619617462, 0.014840259216725826, 1.085693359375], [-0.01931324601173401, -0.007833619602024555, -0.9997828006744385, 1.5462532043457031], [-0.38286152482032776, -0.9236897230148315, 0.01463331375271082, -0.074127197265625], [0.0, 0.0, 0.0, 1.0]]], "view": [[0.0, -2.0, 100.0], [-2.0, 0.0, 100.0], [0.0, 0.0, 1.0]], "bev": "bev_816750c6ebf046fb90b7b15e81497b18.png", "aux": "aux_816750c6ebf046fb90b7b15e81497b18.npz", "visibility": "visibility_816750c6ebf046fb90b7b15e81497b18.png", "pose": [[0.44875532388687134, -0.8936546444892883, 0.0, 1181.244140625], [0.8936546444892883, 0.44875532388687134, 0.0, 1649.1953125], [0.0, 0.0, 1.0, 0.0], [0.0, 0.0, 0.0, 1.0]], "pose_inverse": [[0.44875532388687134, 0.8936546444892883, 0.0, -2003.900634765625], [-0.8936546444892883, 0.44875532388687134, 0.0, 315.5391540527344], [0.0, 0.0, 1.0, 0.0], [0.0, 0.0, 0.0, 1.0]], "cam_ids": [0, 1, 2, 3, 4, 5], "cam_channels": ["CAM_FRONT_LEFT", "CAM_FRONT", "CAM_FRONT_RIGHT", "CAM_BACK_LEFT", "CAM_BACK", "CAM_BACK_RIGHT"], "token": "816750c6ebf046fb90b7b15e81497b18", "scene": "scene-0518"}, {"images": ["samples/CAM_FRONT_LEFT/n008-2018-08-28-16-57-39-0400__CAM_FRONT_LEFT__1535489999754799.jpg", "samples/CAM_FRONT/n008-2018-08-28-16-57-39-0400__CAM_FRONT__1535489999762404.jpg", "samples/CAM_FRONT_RIGHT/n008-2018-08-28-16-57-39-0400__CAM_FRONT_RIGHT__1535489999770482.jpg", "samples/CAM_BACK_LEFT/n008-2018-08-28-16-57-39-0400__CAM_BACK_LEFT__1535489999797405.jpg", "samples/CAM_BACK/n008-2018-08-28-16-57-39-0400__CAM_BACK__1535489999787558.jpg", "samples/CAM_BACK_RIGHT/n008-2018-08-28-16-57-39-0400__CAM_BACK_RIGHT__1535489999778113.jpg"], "intrinsics": [[[1257.8625342125129, 0.0, 827.2410631095686], [0.0, 1257.8625342125129, 450.915498205774], [0.0, 0.0, 1.0]], [[1252.8131021185304, 0.0, 826.588114781398], [0.0, 1252.8131021185304, 469.9846626224581], [0.0, 0.0, 1.0]], [[1256.7485116440405, 0.0, 817.7887570959712], [0.0, 1256.7485116440403, 451.9541780095127], [0.0, 0.0, 1.0]], [[1254.9860565800168, 0.0, 829.5769333630991], [0.0, 1254.9860565800168, 467.1680561863987], [0.0, 0.0, 1.0]], [[796.8910634503094, 0.0, 857.7774326863696], [0.0, 796.8910634503094, 476.8848988407415], [0.0, 0.0, 1.0]], [[1249.9629280788233, 0.0, 825.3768045375984], [0.0, 1249.9629280788233, 462.54816385708756], [0.0, 0.0, 1.0]]], "extrinsics": [[[0.8222655653953552, -0.5688129663467407, -0.01820065639913082, -0.8656005859375], [-0.006027414929121733, 0.023275239393115044, -0.9997109174728394, 1.4872283935546875], [0.5690721869468689, 0.8221374750137329, 0.015709955245256424, -1.2398681640625], [0.0, 0.0, 0.0, 1.0]], [[0.009908860549330711, -0.9997666478157043, -0.01919480971992016, 0.00872802734375], [-0.0041217682883143425, 0.019154753535985947, -0.9998080134391785, 1.4795637130737305], [0.999942421913147, 0.009986072778701782, -0.003931004554033279, -1.59765625], [0.0, 0.0, 0.0, 1.0]], [[-0.844194769859314, -0.5359630584716797, -0.008874218910932541, 1.0029296875], [0.003858895506709814, 0.010478345677256584, -0.9999376535415649, 1.4934601783752441], [0.5360226631164551, -0.8441764116287231, -0.006777540780603886, -1.2203369140625], [0.0, 0.0, 0.0, 1.0]], [[0.947800874710083, 0.31862905621528625, -0.012207482010126114, -1.146240234375], [-0.021546371281147003, 0.025801435112953186, -0.9994348287582397, 1.5620956420898438], [-0.31813400983810425, 0.9475282430648804, 0.03131992369890213, -0.15521240234375], [0.0, 0.0, 0.0, 1.0]], [[0.009470931254327297, 0.9997925758361816, 0.018029548227787018, -0.029083251953125], [-0.019463682547211647, 0.018211256712675095, -0.9996446371078491, 1.5673408508300781], [-0.9997657537460327, 0.009116596542298794, 0.01963212341070175, 0.0076904296875], [0.0, 0.0, 0.0, 1.0]], [[-0.9236354827880859, 0.3830743432044983, 0.012307378463447094, 1.091552734375], [-0.015208911150693893, -0.004546539857983589, -0.9998739957809448, 1.5466861724853516], [-0.3829701244831085, -0.9237062931060791, 0.010025490075349808, -0.071136474609375], [0.0, 0.0, 0.0, 1.0]]], "view": [[0.0, -2.0, 100.0], [-2.0, 0.0, 100.0], [0.0, 0.0, 1.0]], "bev": "bev_578e3abb222b4d0f9c8a4793417ae3d7.png", "aux": "aux_578e3abb222b4d0f9c8a4793417ae3d7.npz", "visibility": "visibility_578e3abb222b4d0f9c8a4793417ae3d7.png", "pose": [[0.4491272568702698, -0.8934677839279175, 0.0, 1182.177734375], [0.8934677839279175, 0.4491272568702698, 0.0, 1651.0087890625], [0.0, 0.0, 1.0, 0.0], [0.0, 0.0, 0.0, 1.0]], "pose_inverse": [[0.4491272568702698, 0.8934677839279175, 0.0, -2006.0714111328125], [-0.8934677839279175, 0.4491272568702698, 0.0, 314.72467041015625], [0.0, 0.0, 1.0, 0.0], [0.0, 0.0, 0.0, 1.0]], "cam_ids": [0, 1, 2, 3, 4, 5], "cam_channels": ["CAM_FRONT_LEFT", "CAM_FRONT", "CAM_FRONT_RIGHT", "CAM_BACK_LEFT", "CAM_BACK", "CAM_BACK_RIGHT"], "token": "578e3abb222b4d0f9c8a4793417ae3d7", "scene": "scene-0518"}, {"images": ["samples/CAM_FRONT_LEFT/n008-2018-08-28-16-57-39-0400__CAM_FRONT_LEFT__1535490000254799.jpg", "samples/CAM_FRONT/n008-2018-08-28-16-57-39-0400__CAM_FRONT__1535490000262404.jpg", "samples/CAM_FRONT_RIGHT/n008-2018-08-28-16-57-39-0400__CAM_FRONT_RIGHT__1535490000270482.jpg", "samples/CAM_BACK_LEFT/n008-2018-08-28-16-57-39-0400__CAM_BACK_LEFT__1535490000297405.jpg", "samples/CAM_BACK/n008-2018-08-28-16-57-39-0400__CAM_BACK__1535490000287558.jpg", "samples/CAM_BACK_RIGHT/n008-2018-08-28-16-57-39-0400__CAM_BACK_RIGHT__1535490000278113.jpg"], "intrinsics": [[[1257.8625342125129, 0.0, 827.2410631095686], [0.0, 1257.8625342125129, 450.915498205774], [0.0, 0.0, 1.0]], [[1252.8131021185304, 0.0, 826.588114781398], [0.0, 1252.8131021185304, 469.9846626224581], [0.0, 0.0, 1.0]], [[1256.7485116440405, 0.0, 817.7887570959712], [0.0, 1256.7485116440403, 451.9541780095127], [0.0, 0.0, 1.0]], [[1254.9860565800168, 0.0, 829.5769333630991], [0.0, 1254.9860565800168, 467.1680561863987], [0.0, 0.0, 1.0]], [[796.8910634503094, 0.0, 857.7774326863696], [0.0, 796.8910634503094, 476.8848988407415], [0.0, 0.0, 1.0]], [[1249.9629280788233, 0.0, 825.3768045375984], [0.0, 1249.9629280788233, 462.54816385708756], [0.0, 0.0, 1.0]]], "extrinsics": [[[0.8224223256111145, -0.5686046481132507, -0.01761619746685028, -0.891357421875], [-0.0026096587534993887, 0.027195315808057785, -0.9996267557144165, 1.487910270690918], [0.5688713788986206, 0.8221613764762878, 0.020882170647382736, -1.255615234375], [0.0, 0.0, 0.0, 1.0]], [[0.010079551488161087, -0.9996833205223083, -0.023056931793689728, 0.00714111328125], [-0.0005942736170254648, 0.023052111268043518, -0.999734103679657, 1.480086326599121], [0.9999489784240723, 0.010090555064380169, -0.00036173066473565996, -1.62255859375], [0.0, 0.0, 0.0, 1.0]], [[-0.8441205620765686, -0.5359706878662109, -0.013996371068060398, 1.018310546875], [0.007478369399905205, 0.01433267816901207, -0.9998692870140076, 1.4937076568603516], [0.5361012816429138, -0.8441148996353149, -0.008090321905910969, -1.231201171875], [0.0, 0.0, 0.0, 1.0]], [[0.9478439688682556, 0.31864839792251587, -0.007416965905576944, -1.14453125], [-0.017731301486492157, 0.029480554163455963, -0.9994080662727356, 1.5620536804199219], [-0.31824108958244324, 0.9474144577980042, 0.03359301760792732, -0.15594482421875], [0.0, 0.0, 0.0, 1.0]], [[0.00938092265278101, 0.9997180700302124, 0.021813688799738884, -0.0286865234375], [-0.015668917447328568, 0.021958928555250168, -0.9996360540390015, 1.5675735473632812], [-0.9998332262039185, 0.00903570931404829, 0.01587049476802349, 0.0135498046875], [0.0, 0.0, 0.0, 1.0]], [[-0.9236928820610046, 0.3829934597015381, 0.01037164032459259, 1.1038818359375], [-0.011539232917129993, -0.0007513450109399855, -0.9999331831932068, 1.5471038818359375], [-0.3829600512981415, -0.9237508177757263, 0.005113462917506695, -0.0667724609375], [0.0, 0.0, 0.0, 1.0]]], "view": [[0.0, -2.0, 100.0], [-2.0, 0.0, 100.0], [0.0, 0.0, 1.0]], "bev": "bev_1c9994205a3c4381ad1c7bca94be503a.png", "aux": "aux_1c9994205a3c4381ad1c7bca94be503a.npz", "visibility": "visibility_1c9994205a3c4381ad1c7bca94be503a.png", "pose": [[0.44904592633247375, -0.8935086727142334, 0.0, 1182.98095703125], [0.8935086727142334, 0.44904592633247375, 0.0, 1652.561767578125], [0.0, 0.0, 1.0, 0.0], [0.0, 0.0, 0.0, 1.0]], "pose_inverse": [[0.44904592633247375, 0.8935086727142334, 0.0, -2007.791015625], [-0.8935086727142334, 0.44904592633247375, 0.0, 314.9276428222656], [0.0, 0.0, 1.0, 0.0], [0.0, 0.0, 0.0, 1.0]], "cam_ids": [0, 1, 2, 3, 4, 5], "cam_channels": ["CAM_FRONT_LEFT", "CAM_FRONT", "CAM_FRONT_RIGHT", "CAM_BACK_LEFT", "CAM_BACK", "CAM_BACK_RIGHT"], "token": "1c9994205a3c4381ad1c7bca94be503a", "scene": "scene-0518"}, {"images": ["samples/CAM_FRONT_LEFT/n008-2018-08-28-16-57-39-0400__CAM_FRONT_LEFT__1535490000754896.jpg", "samples/CAM_FRONT/n008-2018-08-28-16-57-39-0400__CAM_FRONT__1535490000762404.jpg", "samples/CAM_FRONT_RIGHT/n008-2018-08-28-16-57-39-0400__CAM_FRONT_RIGHT__1535490000770482.jpg", "samples/CAM_BACK_LEFT/n008-2018-08-28-16-57-39-0400__CAM_BACK_LEFT__1535490000797405.jpg", "samples/CAM_BACK/n008-2018-08-28-16-57-39-0400__CAM_BACK__1535490000787558.jpg", "samples/CAM_BACK_RIGHT/n008-2018-08-28-16-57-39-0400__CAM_BACK_RIGHT__1535490000778113.jpg"], "intrinsics": [[[1257.8625342125129, 0.0, 827.2410631095686], [0.0, 1257.8625342125129, 450.915498205774], [0.0, 0.0, 1.0]], [[1252.8131021185304, 0.0, 826.588114781398], [0.0, 1252.8131021185304, 469.9846626224581], [0.0, 0.0, 1.0]], [[1256.7485116440405, 0.0, 817.7887570959712], [0.0, 1256.7485116440403, 451.9541780095127], [0.0, 0.0, 1.0]], [[1254.9860565800168, 0.0, 829.5769333630991], [0.0, 1254.9860565800168, 467.1680561863987], [0.0, 0.0, 1.0]], [[796.8910634503094, 0.0, 857.7774326863696], [0.0, 796.8910634503094, 476.8848988407415], [0.0, 0.0, 1.0]], [[1249.9629280788233, 0.0, 825.3768045375984], [0.0, 1249.9629280788233, 462.54816385708756], [0.0, 0.0, 1.0]]], "extrinsics": [[[0.8223733901977539, -0.56877601146698, -0.013995656743645668, -0.915283203125], [0.001187746413052082, 0.02631540596485138, -0.9996529817581177, 1.4884085655212402], [0.568946897983551, 0.8220714330673218, 0.022316651418805122, -1.27197265625], [0.0, 0.0, 0.0, 1.0]], [[0.00996808148920536, -0.9997043609619141, -0.02217860333621502, 0.006622314453125], [0.0032314728014171124, 0.022211793810129166, -0.9997481107711792, 1.480440616607666], [0.9999451041221619, 0.009893917478621006, 0.0034519261680543423, -1.6470947265625], [0.0, 0.0, 0.0, 1.0]], [[-0.8441517353057861, -0.5358411073684692, -0.01679788902401924, 1.0347900390625], [0.011305638588964939, 0.013533120043575764, -0.999844491481781, 1.4938163757324219], [0.5359851121902466, -0.8442104458808899, -0.005365980323404074, -1.2418212890625], [0.0, 0.0, 0.0, 1.0]], [[0.9478576183319092, 0.3186686038970947, -0.004039247054606676, -1.1458740234375], [-0.013913530856370926, 0.02871590107679367, -0.9994907975196838, 1.5620689392089844], [-0.3183903396129608, 0.9474310874938965, 0.03165239095687866, -0.15533447265625], [0.0, 0.0, 0.0, 1.0]], [[0.009352263994514942, 0.9997337460517883, 0.02109302207827568, -0.0286865234375], [-0.011882452294230461, 0.02120356261730194, -0.9997045397758484, 1.567789077758789], [-0.9998856782913208, 0.009098868817090988, 0.012077588587999344, 0.0216064453125], [0.0, 0.0, 0.0, 1.0]], [[-0.9236797094345093, 0.383108913898468, 0.0065822540782392025, 1.117431640625], [-0.007753468118607998, -0.0015130751999095082, -0.9999687671661377, 1.5474491119384766], [-0.3830869197845459, -0.9237019419670105, 0.0043680197559297085, -0.061370849609375], [0.0, 0.0, 0.0, 1.0]]], "view": [[0.0, -2.0, 100.0], [-2.0, 0.0, 100.0], [0.0, 0.0, 1.0]], "bev": "bev_85971fc969e44c0292de93b14a519728.png", "aux": "aux_85971fc969e44c0292de93b14a519728.npz", "visibility": "visibility_85971fc969e44c0292de93b14a519728.png", "pose": [[0.4475557208061218, -0.894256055355072, 0.0, 1183.6402587890625], [0.894256055355072, 0.4475557208061218, 0.0, 1653.846435546875], [0.0, 0.0, 1.0, 0.0], [0.0, 0.0, 0.0, 1.0]], "pose_inverse": [[0.4475557208061218, 0.894256055355072, 0.0, -2008.7071533203125], [-0.894256055355072, 0.4475557208061218, 0.0, 318.2890625], [0.0, 0.0, 1.0, 0.0], [0.0, 0.0, 0.0, 1.0]], "cam_ids": [0, 1, 2, 3, 4, 5], "cam_channels": ["CAM_FRONT_LEFT", "CAM_FRONT", "CAM_FRONT_RIGHT", "CAM_BACK_LEFT", "CAM_BACK", "CAM_BACK_RIGHT"], "token": "85971fc969e44c0292de93b14a519728", "scene": "scene-0518"}, {"images": ["samples/CAM_FRONT_LEFT/n008-2018-08-28-16-57-39-0400__CAM_FRONT_LEFT__1535490001254799.jpg", "samples/CAM_FRONT/n008-2018-08-28-16-57-39-0400__CAM_FRONT__1535490001262404.jpg", "samples/CAM_FRONT_RIGHT/n008-2018-08-28-16-57-39-0400__CAM_FRONT_RIGHT__1535490001270482.jpg", "samples/CAM_BACK_LEFT/n008-2018-08-28-16-57-39-0400__CAM_BACK_LEFT__1535490001297405.jpg", "samples/CAM_BACK/n008-2018-08-28-16-57-39-0400__CAM_BACK__1535490001287558.jpg", "samples/CAM_BACK_RIGHT/n008-2018-08-28-16-57-39-0400__CAM_BACK_RIGHT__1535490001278113.jpg"], "intrinsics": [[[1257.8625342125129, 0.0, 827.2410631095686], [0.0, 1257.8625342125129, 450.915498205774], [0.0, 0.0, 1.0]], [[1252.8131021185304, 0.0, 826.588114781398], [0.0, 1252.8131021185304, 469.9846626224581], [0.0, 0.0, 1.0]], [[1256.7485116440405, 0.0, 817.7887570959712], [0.0, 1256.7485116440403, 451.9541780095127], [0.0, 0.0, 1.0]], [[1254.9860565800168, 0.0, 829.5769333630991], [0.0, 1254.9860565800168, 467.1680561863987], [0.0, 0.0, 1.0]], [[796.8910634503094, 0.0, 857.7774326863696], [0.0, 796.8910634503094, 476.8848988407415], [0.0, 0.0, 1.0]], [[1249.9629280788233, 0.0, 825.3768045375984], [0.0, 1249.9629280788233, 462.54816385708756], [0.0, 0.0, 1.0]]], "extrinsics": [[[0.8224883675575256, -0.568641185760498, -0.01265258900821209, -0.9351806640625], [0.003446002956479788, 0.027226518839597702, -0.9996233582496643, 1.4885923862457275], [0.5687715411186218, 0.8221349716186523, 0.024353032931685448, -1.28485107421875], [0.0, 0.0, 0.0, 1.0]], [[0.010201838798820972, -0.9996822476387024, -0.023050406947731972, 0.005767822265625], [0.005474095698446035, 0.023107096552848816, -0.9997180104255676, 1.4805521965026855], [0.9999330043792725, 0.010072802193462849, 0.005708091426640749, -1.6651611328125], [0.0, 0.0, 0.0, 1.0]], [[-0.844022274017334, -0.535965085029602, -0.01917988248169422, 1.0455322265625], [0.013566417619585991, 0.014414682053029537, -0.9998040199279785, 1.4938011169433594], [0.5361365675926208, -0.8441171646118164, -0.004895186983048916, -1.2491455078125], [0.0, 0.0, 0.0, 1.0]], [[0.9478687047958374, 0.3186570405960083, -0.0016174949705600739, -1.144775390625], [-0.01165701076388359, 0.02960122376680374, -0.9994938373565674, 1.5620536804199219], [-0.31844794750213623, 0.9474078416824341, 0.031772661954164505, -0.15594482421875], [0.0, 0.0, 0.0, 1.0]], [[0.009247621521353722, 0.9997155666351318, 0.02198529802262783, -0.028717041015625], [-0.009582997299730778, 0.022073829546570778, -0.9997103810310364, 1.5678825378417969], [-0.9999114274978638, 0.009034271351993084, 0.009784402325749397, 0.0252685546875], [0.0, 0.0, 0.0, 1.0]], [[-0.9237377643585205, 0.3829958140850067, 0.0047750938683748245, 1.12548828125], [-0.005434850230813026, -0.0006406175089068711, -0.9999849796295166, 1.5476064682006836], [-0.3829870820045471, -0.9237498641014099, 0.0026732885744422674, -0.058349609375], [0.0, 0.0, 0.0, 1.0]]], "view": [[0.0, -2.0, 100.0], [-2.0, 0.0, 100.0], [0.0, 0.0, 1.0]], "bev": "bev_e0c445ba20444ebe8f66c688bc2060e2.png", "aux": "aux_e0c445ba20444ebe8f66c688bc2060e2.npz", "visibility": "visibility_e0c445ba20444ebe8f66c688bc2060e2.png", "pose": [[0.44653043150901794, -0.894768476486206, 0.0, 1184.1781005859375], [0.894768476486206, 0.44653043150901794, 0.0, 1654.906494140625], [0.0, 0.0, 1.0, 0.0], [0.0, 0.0, 0.0, 1.0]], "pose_inverse": [[0.44653043150901794, 0.894768476486206, 0.0, -2009.5296630859375], [-0.894768476486206, 0.44653043150901794, 0.0, 320.5990905761719], [0.0, 0.0, 1.0, 0.0], [0.0, 0.0, 0.0, 1.0]], "cam_ids": [0, 1, 2, 3, 4, 5], "cam_channels": ["CAM_FRONT_LEFT", "CAM_FRONT", "CAM_FRONT_RIGHT", "CAM_BACK_LEFT", "CAM_BACK", "CAM_BACK_RIGHT"], "token": "e0c445ba20444ebe8f66c688bc2060e2", "scene": "scene-0518"}, {"images": ["samples/CAM_FRONT_LEFT/n008-2018-08-28-16-57-39-0400__CAM_FRONT_LEFT__1535490001854799.jpg", "samples/CAM_FRONT/n008-2018-08-28-16-57-39-0400__CAM_FRONT__1535490001862404.jpg", "samples/CAM_FRONT_RIGHT/n008-2018-08-28-16-57-39-0400__CAM_FRONT_RIGHT__1535490001870482.jpg", "samples/CAM_BACK_LEFT/n008-2018-08-28-16-57-39-0400__CAM_BACK_LEFT__1535490001897405.jpg", "samples/CAM_BACK/n008-2018-08-28-16-57-39-0400__CAM_BACK__1535490001887558.jpg", "samples/CAM_BACK_RIGHT/n008-2018-08-28-16-57-39-0400__CAM_BACK_RIGHT__1535490001878113.jpg"], "intrinsics": [[[1257.8625342125129, 0.0, 827.2410631095686], [0.0, 1257.8625342125129, 450.915498205774], [0.0, 0.0, 1.0]], [[1252.8131021185304, 0.0, 826.588114781398], [0.0, 1252.8131021185304, 469.9846626224581], [0.0, 0.0, 1.0]], [[1256.7485116440405, 0.0, 817.7887570959712], [0.0, 1256.7485116440403, 451.9541780095127], [0.0, 0.0, 1.0]], [[1254.9860565800168, 0.0, 829.5769333630991], [0.0, 1254.9860565800168, 467.1680561863987], [0.0, 0.0, 1.0]], [[796.8910634503094, 0.0, 857.7774326863696], [0.0, 796.8910634503094, 476.8848988407415], [0.0, 0.0, 1.0]], [[1249.9629280788233, 0.0, 825.3768045375984], [0.0, 1249.9629280788233, 462.54816385708756], [0.0, 0.0, 1.0]]], "extrinsics": [[[0.8225108981132507, -0.5686958432197571, -0.007805896922945976, -0.9530029296875], [0.006403657142072916, 0.0229837354272604, -0.9997153282165527, 1.4886846542358398], [0.568713366985321, 0.8222267627716064, 0.022546105086803436, -1.29791259765625], [0.0, 0.0, 0.0, 1.0]], [[0.010243002325296402, -0.9997718334197998, -0.018747888505458832, 0.006439208984375], [0.008360461331903934, 0.018833842128515244, -0.9997876286506653, 1.4805822372436523], [0.9999125599861145, 0.010084088891744614, 0.008551468141376972, -1.6834716796875], [0.0, 0.0, 0.0, 1.0]], [[-0.8439782857894897, -0.5360314846038818, -0.019262278452515602, 1.0577392578125], [0.016399720683693886, 0.010107051581144333, -0.9998143911361694, 1.4937076568603516], [0.5361267328262329, -0.8441375494003296, 0.000260634085861966, -1.2562255859375], [0.0, 0.0, 0.0, 1.0]], [[0.9478744268417358, 0.3186439275741577, -0.0003784514556173235, -1.1444091796875], [-0.008870858699083328, 0.025200990960001945, -0.9996430277824402, 1.5620460510253906], [-0.3185206353664398, 0.9475393891334534, 0.026714017614722252, -0.15582275390625], [0.0, 0.0, 0.0, 1.0]], [[0.009207411669194698, 0.9998021125793457, 0.017637643963098526, -0.028961181640625], [-0.006792602129280567, 0.017700521275401115, -0.9998201727867126, 1.567962646484375], [-0.9999345541000366, 0.00908596720546484, 0.0069542331621050835, 0.030517578125], [0.0, 0.0, 0.0, 1.0]], [[-0.9237383008003235, 0.38302382826805115, 0.0005143918097019196, 1.134765625], [-0.00262246560305357, -0.004981643985956907, -0.9999841451644897, 1.5477402210235596], [-0.38301515579223633, -0.9237250089645386, 0.005606201943010092, -0.053985595703125], [0.0, 0.0, 0.0, 1.0]]], "view": [[0.0, -2.0, 100.0], [-2.0, 0.0, 100.0], [0.0, 0.0, 1.0]], "bev": "bev_86459204030e484181943cc8199b5e09.png", "aux": "aux_86459204030e484181943cc8199b5e09.npz", "visibility": "visibility_86459204030e484181943cc8199b5e09.png", "pose": [[0.44612911343574524, -0.8949686288833618, 0.0, 1184.669189453125], [0.8949686288833618, 0.44612911343574524, 0.0, 1655.866455078125], [0.0, 0.0, 1.0, 0.0], [0.0, 0.0, 0.0, 1.0]], "pose_inverse": [[0.44612911343574524, 0.8949686288833618, 0.0, -2010.4638671875], [-0.8949686288833618, 0.44612911343574524, 0.0, 321.5115051269531], [0.0, 0.0, 1.0, 0.0], [0.0, 0.0, 0.0, 1.0]], "cam_ids": [0, 1, 2, 3, 4, 5], "cam_channels": ["CAM_FRONT_LEFT", "CAM_FRONT", "CAM_FRONT_RIGHT", "CAM_BACK_LEFT", "CAM_BACK", "CAM_BACK_RIGHT"], "token": "86459204030e484181943cc8199b5e09", "scene": "scene-0518"}, {"images": ["samples/CAM_FRONT_LEFT/n008-2018-08-28-16-57-39-0400__CAM_FRONT_LEFT__1535490002254799.jpg", "samples/CAM_FRONT/n008-2018-08-28-16-57-39-0400__CAM_FRONT__1535490002262404.jpg", "samples/CAM_FRONT_RIGHT/n008-2018-08-28-16-57-39-0400__CAM_FRONT_RIGHT__1535490002270482.jpg", "samples/CAM_BACK_LEFT/n008-2018-08-28-16-57-39-0400__CAM_BACK_LEFT__1535490002297405.jpg", "samples/CAM_BACK/n008-2018-08-28-16-57-39-0400__CAM_BACK__1535490002287558.jpg", "samples/CAM_BACK_RIGHT/n008-2018-08-28-16-57-39-0400__CAM_BACK_RIGHT__1535490002278113.jpg"], "intrinsics": [[[1257.8625342125129, 0.0, 827.2410631095686], [0.0, 1257.8625342125129, 450.915498205774], [0.0, 0.0, 1.0]], [[1252.8131021185304, 0.0, 826.588114781398], [0.0, 1252.8131021185304, 469.9846626224581], [0.0, 0.0, 1.0]], [[1256.7485116440405, 0.0, 817.7887570959712], [0.0, 1256.7485116440403, 451.9541780095127], [0.0, 0.0, 1.0]], [[1254.9860565800168, 0.0, 829.5769333630991], [0.0, 1254.9860565800168, 467.1680561863987], [0.0, 0.0, 1.0]], [[796.8910634503094, 0.0, 857.7774326863696], [0.0, 796.8910634503094, 476.8848988407415], [0.0, 0.0, 1.0]], [[1249.9629280788233, 0.0, 825.3768045375984], [0.0, 1249.9629280788233, 462.54816385708756], [0.0, 0.0, 1.0]]], "extrinsics": [[[0.8225319981575012, -0.5686973333358765, -0.0049483440816402435, -0.961181640625], [0.01022383850067854, 0.023485524579882622, -0.9996718764305115, 1.4888191223144531], [0.5686270594596863, 0.822211503982544, 0.025131862610578537, -1.3037109375], [0.0, 0.0, 0.0, 1.0]], [[0.010295170359313488, -0.9997609853744507, -0.019288789480924606, 0.00653076171875], [0.012222062796354294, 0.019414184615015984, -0.9997368454933167, 1.480682373046875], [0.9998722672462463, 0.010056720115244389, 0.012419013306498528, -1.6912841796875], [0.0, 0.0, 0.0, 1.0]], [[-0.8439096212387085, -0.5359968543052673, -0.022891560569405556, 1.062744140625], [0.020286956802010536, 0.01075596921145916, -0.9997363686561584, 1.4937400817871094], [0.536101758480072, -0.8441514372825623, 0.0017966795712709427, -1.2591552734375], [0.0, 0.0, 0.0, 1.0]], [[0.9478712677955627, 0.3186330795288086, 0.0036154130939394236, -1.14501953125], [-0.004935269244015217, 0.026024118065834045, -0.9996491074562073, 1.5620479583740234], [-0.3186153769493103, 0.9475208520889282, 0.026240050792694092, -0.15576171875], [0.0, 0.0, 0.0, 1.0]], [[0.009149421937763691, 0.999788224697113, 0.018437638878822327, -0.028961181640625], [-0.0028693778440356255, 0.01846458576619625, -0.9998253583908081, 1.568023681640625], [-0.9999540448188782, 0.009094907902181149, 0.003037710441276431, 0.032958984375], [0.0, 0.0, 0.0, 1.0]], [[-0.9237265586853027, 0.38304224610328674, -0.002807789482176304, 1.1385498046875], [0.0012599684996530414, -0.004291681572794914, -0.9999899864196777, 1.5478434562683105], [-0.3830503523349762, -0.9237208366394043, 0.003481718711555004, -0.05230712890625], [0.0, 0.0, 0.0, 1.0]]], "view": [[0.0, -2.0, 100.0], [-2.0, 0.0, 100.0], [0.0, 0.0, 1.0]], "bev": "bev_018d238697b941b3b771377f5e3791ee.png", "aux": "aux_018d238697b941b3b771377f5e3791ee.npz", "visibility": "visibility_018d238697b941b3b771377f5e3791ee.png", "pose": [[0.44579678773880005, -0.8951342105865479, 0.0, 1184.9163818359375], [0.8951342105865479, 0.44579678773880005, 0.0, 1656.3486328125], [0.0, 0.0, 1.0, 0.0], [0.0, 0.0, 0.0, 1.0]], "pose_inverse": [[0.44579678773880005, 0.8951342105865479, 0.0, -2010.88623046875], [-0.8951342105865479, 0.44579678773880005, 0.0, 322.2642517089844], [0.0, 0.0, 1.0, 0.0], [0.0, 0.0, 0.0, 1.0]], "cam_ids": [0, 1, 2, 3, 4, 5], "cam_channels": ["CAM_FRONT_LEFT", "CAM_FRONT", "CAM_FRONT_RIGHT", "CAM_BACK_LEFT", "CAM_BACK", "CAM_BACK_RIGHT"], "token": "018d238697b941b3b771377f5e3791ee", "scene": "scene-0518"}, {"images": ["samples/CAM_FRONT_LEFT/n008-2018-08-28-16-57-39-0400__CAM_FRONT_LEFT__1535490002754799.jpg", "samples/CAM_FRONT/n008-2018-08-28-16-57-39-0400__CAM_FRONT__1535490002762404.jpg", "samples/CAM_FRONT_RIGHT/n008-2018-08-28-16-57-39-0400__CAM_FRONT_RIGHT__1535490002770482.jpg", "samples/CAM_BACK_LEFT/n008-2018-08-28-16-57-39-0400__CAM_BACK_LEFT__1535490002797405.jpg", "samples/CAM_BACK/n008-2018-08-28-16-57-39-0400__CAM_BACK__1535490002787558.jpg", "samples/CAM_BACK_RIGHT/n008-2018-08-28-16-57-39-0400__CAM_BACK_RIGHT__1535490002778113.jpg"], "intrinsics": [[[1257.8625342125129, 0.0, 827.2410631095686], [0.0, 1257.8625342125129, 450.915498205774], [0.0, 0.0, 1.0]], [[1252.8131021185304, 0.0, 826.588114781398], [0.0, 1252.8131021185304, 469.9846626224581], [0.0, 0.0, 1.0]], [[1256.7485116440405, 0.0, 817.7887570959712], [0.0, 1256.7485116440403, 451.9541780095127], [0.0, 0.0, 1.0]], [[1254.9860565800168, 0.0, 829.5769333630991], [0.0, 1254.9860565800168, 467.1680561863987], [0.0, 0.0, 1.0]], [[796.8910634503094, 0.0, 857.7774326863696], [0.0, 796.8910634503094, 476.8848988407415], [0.0, 0.0, 1.0]], [[1249.9629280788233, 0.0, 825.3768045375984], [0.0, 1249.9629280788233, 462.54816385708756], [0.0, 0.0, 1.0]]], "extrinsics": [[[0.8225540518760681, -0.5686779618263245, -0.003200381528586149, -0.9613037109375], [0.012236044742166996, 0.02332441322505474, -0.9996530413627625, 1.4889183044433594], [0.5685552954673767, 0.8222294449806213, 0.026143958792090416, -1.30413818359375], [0.0, 0.0, 0.0, 1.0]], [[0.010339146479964256, -0.9997640252113342, -0.019105611369013786, 0.00653076171875], [0.014239620417356491, 0.019251901656389236, -0.9997132420539856, 1.4807510375976562], [0.9998452067375183, 0.01006411388516426, 0.014435308054089546, -1.6923828125], [0.0, 0.0, 0.0, 1.0]], [[-0.8438633680343628, -0.5359972715377808, -0.024526745080947876, 1.0640869140625], [0.022322434931993484, 0.010601120069622993, -0.9996945858001709, 1.4937782287597656], [0.5360935926437378, -0.8441531658172607, 0.003018865827471018, -1.2601318359375], [0.0, 0.0, 0.0, 1.0]], [[0.9478644728660583, 0.3186246156692505, 0.005596112459897995, -1.1448974609375], [-0.0028141923248767853, 0.025929201394319534, -0.9996598362922668, 1.5620450973510742], [-0.3186613619327545, 0.947526216506958, 0.02547404170036316, -0.15582275390625], [0.0, 0.0, 0.0, 1.0]], [[0.009117677807807922, 0.9997901916503906, 0.018344132229685783, -0.029052734375], [-0.0007760060834698379, 0.01835196278989315, -0.9998312592506409, 1.568049430847168], [-0.9999582171440125, 0.009101922623813152, 0.0009431696962565184, 0.0333251953125], [0.0, 0.0, 0.0, 1.0]], [[-0.92371666431427, 0.38304632902145386, -0.004783487878739834, 1.139892578125], [0.003343354444950819, -0.004425317980349064, -0.999984622001648, 1.5478882789611816], [-0.38306158781051636, -0.9237185120582581, 0.0028070800472050905, -0.051910400390625], [0.0, 0.0, 0.0, 1.0]]], "view": [[0.0, -2.0, 100.0], [-2.0, 0.0, 100.0], [0.0, 0.0, 1.0]], "bev": "bev_aa935fe688594d13824a3290f983e62c.png", "aux": "aux_aa935fe688594d13824a3290f983e62c.npz", "visibility": "visibility_aa935fe688594d13824a3290f983e62c.png", "pose": [[0.4455154836177826, -0.8952742218971252, 0.0, 1185.214111328125], [0.8952742218971252, 0.4455154836177826, 0.0, 1656.9229736328125], [0.0, 0.0, 1.0, 0.0], [0.0, 0.0, 0.0, 1.0]], "pose_inverse": [[0.4455154836177826, 0.8952742218971252, 0.0, -2011.431640625], [-0.8952742218971252, 0.4455154836177826, 0.0, 322.90679931640625], [0.0, 0.0, 1.0, 0.0], [0.0, 0.0, 0.0, 1.0]], "cam_ids": [0, 1, 2, 3, 4, 5], "cam_channels": ["CAM_FRONT_LEFT", "CAM_FRONT", "CAM_FRONT_RIGHT", "CAM_BACK_LEFT", "CAM_BACK", "CAM_BACK_RIGHT"], "token": "aa935fe688594d13824a3290f983e62c", "scene": "scene-0518"}, {"images": ["samples/CAM_FRONT_LEFT/n008-2018-08-28-16-57-39-0400__CAM_FRONT_LEFT__1535490003154799.jpg", "samples/CAM_FRONT/n008-2018-08-28-16-57-39-0400__CAM_FRONT__1535490003162404.jpg", "samples/CAM_FRONT_RIGHT/n008-2018-08-28-16-57-39-0400__CAM_FRONT_RIGHT__1535490003170482.jpg", "samples/CAM_BACK_LEFT/n008-2018-08-28-16-57-39-0400__CAM_BACK_LEFT__1535490003197405.jpg", "samples/CAM_BACK/n008-2018-08-28-16-57-39-0400__CAM_BACK__1535490003187984.jpg", "samples/CAM_BACK_RIGHT/n008-2018-08-28-16-57-39-0400__CAM_BACK_RIGHT__1535490003178113.jpg"], "intrinsics": [[[1257.8625342125129, 0.0, 827.2410631095686], [0.0, 1257.8625342125129, 450.915498205774], [0.0, 0.0, 1.0]], [[1252.8131021185304, 0.0, 826.588114781398], [0.0, 1252.8131021185304, 469.9846626224581], [0.0, 0.0, 1.0]], [[1256.7485116440405, 0.0, 817.7887570959712], [0.0, 1256.7485116440403, 451.9541780095127], [0.0, 0.0, 1.0]], [[1254.9860565800168, 0.0, 829.5769333630991], [0.0, 1254.9860565800168, 467.1680561863987], [0.0, 0.0, 1.0]], [[796.8910634503094, 0.0, 857.7774326863696], [0.0, 796.8910634503094, 476.8848988407415], [0.0, 0.0, 1.0]], [[1249.9629280788233, 0.0, 825.3768045375984], [0.0, 1249.9629280788233, 462.54816385708756], [0.0, 0.0, 1.0]]], "extrinsics": [[[0.8224875330924988, -0.5687788128852844, -0.0022222446277737617, -0.95849609375], [0.014284933917224407, 0.024562321603298187, -0.9995962381362915, 1.4890899658203125], [0.5686037540435791, 0.822123646736145, 0.02832717075943947, -1.301513671875], [0.0, 0.0, 0.0, 1.0]], [[0.010285036638379097, -0.9997422695159912, -0.02023874782025814, 0.00616455078125], [0.016296274960041046, 0.020404713228344917, -0.99965900182724, 1.4809188842773438], [0.9998142123222351, 0.009951749816536903, 0.016501938924193382, -1.688232421875], [0.0, 0.0, 0.0, 1.0]], [[-0.843847930431366, -0.535912036895752, -0.026814058423042297, 1.0604248046875], [0.024355579167604446, 0.011665859259665012, -0.9996352791786194, 1.4939460754394531], [0.5360293984413147, -0.8441932201385498, 0.0032082346733659506, -1.2581787109375], [0.0, 0.0, 0.0, 1.0]], [[0.9478480219841003, 0.31862932443618774, 0.00771325221285224, -1.1453857421875], [-0.0008250991813838482, 0.02665347047150135, -0.9996443390846252, 1.5620450973510742], [-0.31872159242630005, 0.9475045204162598, 0.025526339188218117, -0.15533447265625], [0.0, 0.0, 0.0, 1.0]], [[0.009102973155677319, 0.9997742176055908, 0.019201381132006645, -0.028839111328125], [0.001222465536557138, 0.019191034138202667, -0.999815046787262, 1.5680761337280273], [-0.999957799911499, 0.00912480242550373, -0.0010474937735125422, 0.03271484375], [0.0, 0.0, 0.0, 1.0]], [[-0.923687219619751, 0.3830967843532562, -0.006229009013622999, 1.1370849609375], [0.005316394846886396, -0.003440900705754757, -0.9999799132347107, 1.5479459762573242], [-0.38311055302619934, -0.9237017035484314, 0.0011416227789595723, -0.05328369140625], [0.0, 0.0, 0.0, 1.0]]], "view": [[0.0, -2.0, 100.0], [-2.0, 0.0, 100.0], [0.0, 0.0, 1.0]], "bev": "bev_fe6c1ea2d1804e4b8e14da3f8be64da0.png", "aux": "aux_fe6c1ea2d1804e4b8e14da3f8be64da0.npz", "visibility": "visibility_fe6c1ea2d1804e4b8e14da3f8be64da0.png", "pose": [[0.44432616233825684, -0.8958650827407837, 0.0, 1185.445068359375], [0.8958650827407837, 0.44432616233825684, 0.0, 1657.375732421875], [0.0, 0.0, 1.0, 0.0], [0.0, 0.0, 0.0, 1.0]], "pose_inverse": [[0.44432616233825684, 0.8958650827407837, 0.0, -2011.50927734375], [-0.8958650827407837, 0.44432616233825684, 0.0, 325.58343505859375], [0.0, 0.0, 1.0, 0.0], [0.0, 0.0, 0.0, 1.0]], "cam_ids": [0, 1, 2, 3, 4, 5], "cam_channels": ["CAM_FRONT_LEFT", "CAM_FRONT", "CAM_FRONT_RIGHT", "CAM_BACK_LEFT", "CAM_BACK", "CAM_BACK_RIGHT"], "token": "fe6c1ea2d1804e4b8e14da3f8be64da0", "scene": "scene-0518"}, {"images": ["samples/CAM_FRONT_LEFT/n008-2018-08-28-16-57-39-0400__CAM_FRONT_LEFT__1535490003654799.jpg", "samples/CAM_FRONT/n008-2018-08-28-16-57-39-0400__CAM_FRONT__1535490003662404.jpg", "samples/CAM_FRONT_RIGHT/n008-2018-08-28-16-57-39-0400__CAM_FRONT_RIGHT__1535490003670482.jpg", "samples/CAM_BACK_LEFT/n008-2018-08-28-16-57-39-0400__CAM_BACK_LEFT__1535490003697405.jpg", "samples/CAM_BACK/n008-2018-08-28-16-57-39-0400__CAM_BACK__1535490003687558.jpg", "samples/CAM_BACK_RIGHT/n008-2018-08-28-16-57-39-0400__CAM_BACK_RIGHT__1535490003678113.jpg"], "intrinsics": [[[1257.8625342125129, 0.0, 827.2410631095686], [0.0, 1257.8625342125129, 450.915498205774], [0.0, 0.0, 1.0]], [[1252.8131021185304, 0.0, 826.588114781398], [0.0, 1252.8131021185304, 469.9846626224581], [0.0, 0.0, 1.0]], [[1256.7485116440405, 0.0, 817.7887570959712], [0.0, 1256.7485116440403, 451.9541780095127], [0.0, 0.0, 1.0]], [[1254.9860565800168, 0.0, 829.5769333630991], [0.0, 1254.9860565800168, 467.1680561863987], [0.0, 0.0, 1.0]], [[796.8910634503094, 0.0, 857.7774326863696], [0.0, 796.8910634503094, 476.8848988407415], [0.0, 0.0, 1.0]], [[1249.9629280788233, 0.0, 825.3768045375984], [0.0, 1249.9629280788233, 462.54816385708756], [0.0, 0.0, 1.0]]], "extrinsics": [[[0.8218050599098206, -0.5697677135467529, 0.00109097792301327, -0.9560546875], [0.017977887764573097, 0.02401651255786419, -0.999549925327301, 1.4893550872802734], [0.569485068321228, 0.8214548826217651, 0.029980111867189407, -1.2998046875], [0.0, 0.0, 0.0, 1.0]], [[0.00935455784201622, -0.9997609257698059, -0.019759494811296463, 0.005950927734375], [0.02002873830497265, 0.019943727180361748, -0.9996004700660706, 1.481130599975586], [0.9997556209564209, 0.008955090306699276, 0.020210517570376396, -1.686279296875], [0.0, 0.0, 0.0, 1.0]], [[-0.844158947467804, -0.5352625250816345, -0.029827838763594627, 1.0592041015625], [0.028153708204627037, 0.01129894983023405, -0.9995396733283997, 1.4941139221191406], [0.5353531837463379, -0.8446101546287537, 0.005531515460461378, -1.2574462890625], [0.0, 0.0, 0.0, 1.0]], [[0.9478029608726501, 0.3186472952365875, 0.011550339870154858, -1.144775390625], [0.003218025201931596, 0.02666308358311653, -0.9996392726898193, 1.5620396137237549], [-0.3188403248786926, 0.9474982619285583, 0.024245934560894966, -0.1556396484375], [0.0, 0.0, 0.0, 1.0]], [[0.009311460889875889, 0.9997736215591431, 0.01913161389529705, -0.02880859375], [0.005171527620404959, 0.019084040075540543, -0.9998044371604919, 1.5681262016296387], [