[{"images": ["samples/CAM_FRONT_LEFT/n015-2018-10-08-16-03-24+0800__CAM_FRONT_LEFT__1538985909754844.jpg", "samples/CAM_FRONT/n015-2018-10-08-16-03-24+0800__CAM_FRONT__1538985909762460.jpg", "samples/CAM_FRONT_RIGHT/n015-2018-10-08-16-03-24+0800__CAM_FRONT_RIGHT__1538985909770339.jpg", "samples/CAM_BACK_LEFT/n015-2018-10-08-16-03-24+0800__CAM_BACK_LEFT__1538985909797423.jpg", "samples/CAM_BACK/n015-2018-10-08-16-03-24+0800__CAM_BACK__1538985909787525.jpg", "samples/CAM_BACK_RIGHT/n015-2018-10-08-16-03-24+0800__CAM_BACK_RIGHT__1538985909777893.jpg"], "intrinsics": [[[1272.5979470598488, 0.0, 826.6154927353808], [0.0, 1272.5979470598488, 479.75165386361925], [0.0, 0.0, 1.0]], [[1266.417203046554, 0.0, 816.2670197447984], [0.0, 1266.417203046554, 491.50706579294757], [0.0, 0.0, 1.0]], [[1260.8474446004698, 0.0, 807.968244525554], [0.0, 1260.8474446004698, 495.3344268742088], [0.0, 0.0, 1.0]], [[1256.7414812095406, 0.0, 792.1125740759628], [0.0, 1256.7414812095406, 492.7757465151356], [0.0, 0.0, 1.0]], [[809.2209905677063, 0.0, 829.2196003259838], [0.0, 809.2209905677063, 481.77842384512485], [0.0, 0.0, 1.0]], [[1259.5137405846733, 0.0, 807.2529053838625], [0.0, 1259.5137405846733, 501.19579884916527], [0.0, 0.0, 1.0]]], "extrinsics": [[[0.8229928016662598, -0.5680517554283142, -0.00013330360525287688, -0.6529541015625], [-0.0038775987923145294, -0.0053831967525184155, -0.9999779462814331, 1.5067644119262695], [0.5680385828018188, 0.8229751586914062, -0.0066330102272331715, -1.063232421875], [0.0, 0.0, 0.0, 1.0]], [[0.00904028583317995, -0.999914824962616, 0.009402364492416382, 0.0068359375], [-0.009253102354705334, -0.009485996328294277, -0.9999122023582458, 1.5176410675048828], [0.9999162554740906, 0.008952478878200054, -0.009338071569800377, -1.380859375], [0.0, 0.0, 0.0, 1.0]], [[-0.831447184085846, -0.5556023120880127, -0.0011714240536093712, 0.832275390625], [-0.003757068421691656, 0.007730681449174881, -0.9999630451202393, 1.5027475357055664], [0.5555909276008606, -0.831412136554718, -0.008515089750289917, -1.1158447265625], [0.0, 0.0, 0.0, 1.0]], [[0.9477836489677429, 0.31890344619750977, -0.0025771670043468475, -1.1434326171875], [0.004899285733699799, -0.022639887407422066, -0.9997316598892212, 1.5885467529296875], [-0.3188762366771698, 0.9475167989730835, -0.02302011474967003, -0.1033935546875], [0.0, 0.0, 0.0, 1.0]], [[0.0014255016576498747, 0.9999185800552368, -0.012677357532083988, 0.003173828125], [-0.020511897280812263, -0.012645465321838856, -0.9997096061706543, 1.5775718688964844], [-0.9997885823249817, 0.0016851589316502213, 0.020492199808359146, -0.0848388671875], [0.0, 0.0, 0.0, 1.0]], [[-0.9355027675628662, 0.3531671464443207, -0.010363902896642685, 0.9749603271484375], [0.012111877091228962, 0.002739755203947425, -0.9999229311943054, 1.5535411834716797], [-0.35311153531074524, -0.935556173324585, -0.006840566638857126, -0.125244140625], [0.0, 0.0, 0.0, 1.0]]], "view": [[0.0, -2.0, 100.0], [-2.0, 0.0, 100.0], [0.0, 0.0, 1.0]], "bev": "bev_ee89799f5a6d40de993921fcc81ee69c.png", "aux": "aux_ee89799f5a6d40de993921fcc81ee69c.npz", "visibility": "visibility_ee89799f5a6d40de993921fcc81ee69c.png", "pose": [[-0.8642242550849915, -0.5031067132949829, 0.0, 2023.5283203125], [0.5031067132949829, -0.8642242550849915, 0.0, 1400.0635986328125], [0.0, 0.0, 1.0, 0.0], [0.0, 0.0, 0.0, 1.0]], "pose_inverse": [[-0.8642242550849915, 0.5031067132949829, 0.0, 1044.40087890625], [-0.5031067132949829, -0.8642242550849915, 0.0, 2228.019775390625], [0.0, 0.0, 1.0, 0.0], [0.0, 0.0, 0.0, 1.0]], "cam_ids": [0, 1, 2, 3, 4, 5], "cam_channels": ["CAM_FRONT_LEFT", "CAM_FRONT", "CAM_FRONT_RIGHT", "CAM_BACK_LEFT", "CAM_BACK", "CAM_BACK_RIGHT"], "token": "ee89799f5a6d40de993921fcc81ee69c", "scene": "scene-0852"}, {"images": ["samples/CAM_FRONT_LEFT/n015-2018-10-08-16-03-24+0800__CAM_FRONT_LEFT__1538985910254844.jpg", "samples/CAM_FRONT/n015-2018-10-08-16-03-24+0800__CAM_FRONT__1538985910262460.jpg", "samples/CAM_FRONT_RIGHT/n015-2018-10-08-16-03-24+0800__CAM_FRONT_RIGHT__1538985910270347.jpg", "samples/CAM_BACK_LEFT/n015-2018-10-08-16-03-24+0800__CAM_BACK_LEFT__1538985910297423.jpg", "samples/CAM_BACK/n015-2018-10-08-16-03-24+0800__CAM_BACK__1538985910287525.jpg", "samples/CAM_BACK_RIGHT/n015-2018-10-08-16-03-24+0800__CAM_BACK_RIGHT__1538985910277893.jpg"], "intrinsics": [[[1272.5979470598488, 0.0, 826.6154927353808], [0.0, 1272.5979470598488, 479.75165386361925], [0.0, 0.0, 1.0]], [[1266.417203046554, 0.0, 816.2670197447984], [0.0, 1266.417203046554, 491.50706579294757], [0.0, 0.0, 1.0]], [[1260.8474446004698, 0.0, 807.968244525554], [0.0, 1260.8474446004698, 495.3344268742088], [0.0, 0.0, 1.0]], [[1256.7414812095406, 0.0, 792.1125740759628], [0.0, 1256.7414812095406, 492.7757465151356], [0.0, 0.0, 1.0]], [[809.2209905677063, 0.0, 829.2196003259838], [0.0, 809.2209905677063, 481.77842384512485], [0.0, 0.0, 1.0]], [[1259.5137405846733, 0.0, 807.2529053838625], [0.0, 1259.5137405846733, 501.19579884916527], [0.0, 0.0, 1.0]]], "extrinsics": [[[0.8239620923995972, -0.566635251045227, 0.003299637231975794, -0.64947509765625], [-0.001092469785362482, -0.007411643862724304, -0.9999719262123108, 1.5078182220458984], [0.5666438341140747, 0.8239354491233826, -0.006725945509970188, -1.06201171875], [0.0, 0.0, 0.0, 1.0]], [[0.010403766296803951, -0.9998801946640015, 0.01145683042705059, 0.00732421875], [-0.006523012183606625, -0.01152507122606039, -0.9999123215675354, 1.5184650421142578], [0.9999246001243591, 0.010328113101422787, -0.006642134860157967, -1.37646484375], [0.0, 0.0, 0.0, 1.0]], [[-0.8308605551719666, -0.5564761757850647, -0.00223333016037941, 0.8280029296875], [-0.0011263031046837568, 0.00569493230432272, -0.9999831318855286, 1.5033721923828125], [0.5564795136451721, -0.8308440446853638, -0.005358454305678606, -1.1126708984375], [0.0, 0.0, 0.0, 1.0]], [[0.9477645754814148, 0.3189682960510254, -0.0012476197443902493, -1.1400146484375], [0.007036276161670685, -0.024817319586873055, -0.999667227268219, 1.5885658264160156], [-0.3188931345939636, 0.9474404454231262, -0.025765324011445045, -0.1044921875], [0.0, 0.0, 0.0, 1.0]], [[0.001038714894093573, 0.9998906850814819, -0.014752493239939213, 0.003173828125], [-0.01819186471402645, -0.014731165021657944, -0.9997259974479675, 1.5776939392089844], [-0.9998340010643005, 0.0013067894615232944, 0.01817457377910614, -0.08917236328125], [0.0, 0.0, 0.0, 1.0]], [[-0.9357452988624573, 0.35242119431495667, -0.013421861454844475, 0.9700088500976562], [0.014610953629016876, 0.0007142091635614634, -0.9998930096626282, 1.5540494918823242], [-0.3523739278316498, -0.9358412623405457, -0.005817528814077377, -0.126708984375], [0.0, 0.0, 0.0, 1.0]]], "view": [[0.0, -2.0, 100.0], [-2.0, 0.0, 100.0], [0.0, 0.0, 1.0]], "bev": "bev_8e46d80c1de54d9aa5d095c2928adfd6.png", "aux": "aux_8e46d80c1de54d9aa5d095c2928adfd6.npz", "visibility": "visibility_8e46d80c1de54d9aa5d095c2928adfd6.png", "pose": [[-0.8313652276992798, -0.5557264685630798, 0.0, 2019.751708984375], [0.5557264685630798, -0.8313652276992798, 0.0, 1402.429931640625], [0.0, 0.0, 1.0, 0.0], [0.0, 0.0, 0.0, 1.0]], "pose_inverse": [[-0.8313652276992798, 0.5557264685630798, 0.0, 899.783935546875], [-0.5557264685630798, -0.8313652276992798, 0.0, 2288.36083984375], [0.0, 0.0, 1.0, 0.0], [0.0, 0.0, 0.0, 1.0]], "cam_ids": [0, 1, 2, 3, 4, 5], "cam_channels": ["CAM_FRONT_LEFT", "CAM_FRONT", "CAM_FRONT_RIGHT", "CAM_BACK_LEFT", "CAM_BACK", "CAM_BACK_RIGHT"], "token": "8e46d80c1de54d9aa5d095c2928adfd6", "scene": "scene-0852"}, {"images": ["samples/CAM_FRONT_LEFT/n015-2018-10-08-16-03-24+0800__CAM_FRONT_LEFT__1538985910654844.jpg", "samples/CAM_FRONT/n015-2018-10-08-16-03-24+0800__CAM_FRONT__1538985910662460.jpg", "samples/CAM_FRONT_RIGHT/n015-2018-10-08-16-03-24+0800__CAM_FRONT_RIGHT__1538985910670339.jpg", "samples/CAM_BACK_LEFT/n015-2018-10-08-16-03-24+0800__CAM_BACK_LEFT__1538985910697423.jpg", "samples/CAM_BACK/n015-2018-10-08-16-03-24+0800__CAM_BACK__1538985910687525.jpg", "samples/CAM_BACK_RIGHT/n015-2018-10-08-16-03-24+0800__CAM_BACK_RIGHT__1538985910677893.jpg"], "intrinsics": [[[1272.5979470598488, 0.0, 826.6154927353808], [0.0, 1272.5979470598488, 479.75165386361925], [0.0, 0.0, 1.0]], [[1266.417203046554, 0.0, 816.2670197447984], [0.0, 1266.417203046554, 491.50706579294757], [0.0, 0.0, 1.0]], [[1260.8474446004698, 0.0, 807.968244525554], [0.0, 1260.8474446004698, 495.3344268742088], [0.0, 0.0, 1.0]], [[1256.7414812095406, 0.0, 792.1125740759628], [0.0, 1256.7414812095406, 492.7757465151356], [0.0, 0.0, 1.0]], [[809.2209905677063, 0.0, 829.2196003259838], [0.0, 809.2209905677063, 481.77842384512485], [0.0, 0.0, 1.0]], [[1259.5137405846733, 0.0, 807.2529053838625], [0.0, 1259.5137405846733, 501.19579884916527], [0.0, 0.0, 1.0]]], "extrinsics": [[[0.824389636516571, -0.5660054087638855, 0.004432045854628086, -0.6549072265625], [-0.0022447952069342136, -0.011099448427557945, -0.9999358654022217, 1.5074043273925781], [0.5660183429718018, 0.8243268132209778, -0.010420835576951504, -1.067626953125], [0.0, 0.0, 0.0, 1.0]], [[0.010929640382528305, -0.9998242855072021, 0.015232160687446594, 0.008544921875], [-0.007702276576310396, -0.0153167974203825, -0.9998530149459839, 1.5181465148925781], [0.9999105930328369, 0.010810721665620804, -0.007868329994380474, -1.38238525390625], [0.0, 0.0, 0.0, 1.0]], [[-0.8306972980499268, -0.5567234754562378, 0.0009580488549545407, 0.831298828125], [-0.00234530633315444, 0.0017786133103072643, -0.9999956488609314, 1.5030803680419922], [0.5567193627357483, -0.8306959867477417, -0.0027831762563437223, -1.114501953125], [0.0, 0.0, 0.0, 1.0]], [[0.9476789236068726, 0.3192010819911957, -0.0039163315668702126, -1.1357421875], [0.00562620721757412, -0.028967520222067833, -0.999564528465271, 1.588592529296875], [-0.31917551159858704, 0.9472441673278809, -0.029247799888253212, -0.1058349609375], [0.0, 0.0, 0.0, 1.0]], [[0.0008929776377044618, 0.9998223185539246, -0.018836215138435364, 0.002685546875], [-0.019520752131938934, -0.018815206363797188, -0.9996323585510254, 1.5775489807128906], [-0.9998090267181396, 0.0012603471986949444, 0.019500477239489555, -0.09063720703125], [0.0, 0.0, 0.0, 1.0]], [[-0.9358392953872681, 0.35216212272644043, -0.013659600168466568, 0.9710540771484375], [0.013355797156691551, -0.003292316338047385, -0.9999054074287415, 1.5538060665130615], [-0.3521738052368164, -0.9359332323074341, -0.0016223270213231444, -0.126220703125], [0.0, 0.0, 0.0, 1.0]]], "view": [[0.0, -2.0, 100.0], [-2.0, 0.0, 100.0], [0.0, 0.0, 1.0]], "bev": "bev_e9f547ca895b4e4c86bc6d44dd2b00aa.png", "aux": "aux_e9f547ca895b4e4c86bc6d44dd2b00aa.npz", "visibility": "visibility_e9f547ca895b4e4c86bc6d44dd2b00aa.png", "pose": [[-0.7981404066085815, -0.6024715304374695, 0.0, 2016.8663330078125], [0.6024715304374695, -0.7981404066085815, 0.0, 1404.501708984375], [0.0, 0.0, 1.0, 0.0], [0.0, 0.0, 0.0, 1.0]], "pose_inverse": [[-0.7981404066085815, 0.6024715304374695, 0.0, 763.5701904296875], [-0.6024715304374695, -0.7981404066085815, 0.0, 2336.093994140625], [0.0, 0.0, 1.0, 0.0], [0.0, 0.0, 0.0, 1.0]], "cam_ids": [0, 1, 2, 3, 4, 5], "cam_channels": ["CAM_FRONT_LEFT", "CAM_FRONT", "CAM_FRONT_RIGHT", "CAM_BACK_LEFT", "CAM_BACK", "CAM_BACK_RIGHT"], "token": "e9f547ca895b4e4c86bc6d44dd2b00aa", "scene": "scene-0852"}, {"images": ["samples/CAM_FRONT_LEFT/n015-2018-10-08-16-03-24+0800__CAM_FRONT_LEFT__1538985911104844.jpg", "samples/CAM_FRONT/n015-2018-10-08-16-03-24+0800__CAM_FRONT__1538985911112460.jpg", "samples/CAM_FRONT_RIGHT/n015-2018-10-08-16-03-24+0800__CAM_FRONT_RIGHT__1538985911120339.jpg", "samples/CAM_BACK_LEFT/n015-2018-10-08-16-03-24+0800__CAM_BACK_LEFT__1538985911147423.jpg", "samples/CAM_BACK/n015-2018-10-08-16-03-24+0800__CAM_BACK__1538985911137525.jpg", "samples/CAM_BACK_RIGHT/n015-2018-10-08-16-03-24+0800__CAM_BACK_RIGHT__1538985911127893.jpg"], "intrinsics": [[[1272.5979470598488, 0.0, 826.6154927353808], [0.0, 1272.5979470598488, 479.75165386361925], [0.0, 0.0, 1.0]], [[1266.417203046554, 0.0, 816.2670197447984], [0.0, 1266.417203046554, 491.50706579294757], [0.0, 0.0, 1.0]], [[1260.8474446004698, 0.0, 807.968244525554], [0.0, 1260.8474446004698, 495.3344268742088], [0.0, 0.0, 1.0]], [[1256.7414812095406, 0.0, 792.1125740759628], [0.0, 1256.7414812095406, 492.7757465151356], [0.0, 0.0, 1.0]], [[809.2209905677063, 0.0, 829.2196003259838], [0.0, 809.2209905677063, 481.77842384512485], [0.0, 0.0, 1.0]], [[1259.5137405846733, 0.0, 807.2529053838625], [0.0, 1259.5137405846733, 501.19579884916527], [0.0, 0.0, 1.0]]], "extrinsics": [[[0.8241006135940552, -0.566438615322113, 0.0023242465686053038, -0.6553955078125], [-0.008303042501211166, -0.016182517632842064, -0.9998345375061035, 1.5051765441894531], [0.5663825869560242, 0.8239449858665466, -0.018039187416434288, -1.06982421875], [0.0, 0.0, 0.0, 1.0]], [[0.010557667352259159, -0.9997411966323853, 0.02015259675681591, 0.010498046875], [-0.013757288455963135, -0.020297039300203323, -0.9996994137763977, 1.5163421630859375], [0.9998496770858765, 0.010277282446622849, -0.01396801695227623, -1.38482666015625], [0.0, 0.0, 0.0, 1.0]], [[-0.8308811187744141, -0.5563820600509644, 0.008686398155987263, 0.834716796875], [-0.00838412344455719, -0.0030911145731806755, -0.9999600648880005, 1.5016469955444336], [0.5563867688179016, -0.8309208154678345, -0.0020964264404028654, -1.11474609375], [0.0, 0.0, 0.0, 1.0]], [[0.9474393725395203, 0.31974560022354126, -0.011019839905202389, -1.142333984375], [-0.0002841473906300962, -0.033602964133024216, -0.9994351863861084, 1.5886001586914062], [-0.3199353516101837, 0.9469074010848999, -0.03174591436982155, -0.10498046875], [0.0, 0.0, 0.0, 1.0]], [[0.0005594046670012176, 0.9997214674949646, -0.023595569655299187, 0.001708984375], [-0.025426281616091728, -0.023573722690343857, -0.9993987083435059, 1.5771484375], [-0.9996764659881592, 0.0011590732028707862, 0.025406012311577797, -0.0859375], [0.0, 0.0, 0.0, 1.0]], [[-0.9357987642288208, 0.35239890217781067, -0.0097806416451931, 0.974334716796875], [0.007398171816021204, -0.00810687430202961, -0.9999397993087769, 1.5527353286743164], [-0.35245704650878906, -0.9358147978782654, 0.004979294259101152, -0.12353515625], [0.0, 0.0, 0.0, 1.0]]], "view": [[0.0, -2.0, 100.0], [-2.0, 0.0, 100.0], [0.0, 0.0, 1.0]], "bev": "bev_056ff1cd991547f5966c39191caee1fe.png", "aux": "aux_056ff1cd991547f5966c39191caee1fe.npz", "visibility": "visibility_056ff1cd991547f5966c39191caee1fe.png", "pose": [[-0.7595722079277039, -0.650422990322113, 0.0, 2013.802978515625], [0.650422990322113, -0.7595722079277039, 0.0, 1406.9957275390625], [0.0, 0.0, 1.0, 0.0], [0.0, 0.0, 0.0, 1.0]], "pose_inverse": [[-0.7595722079277039, 0.650422990322113, 0.0, 614.4863891601562], [-0.650422990322113, -0.7595722079277039, 0.0, 2378.53857421875], [0.0, 0.0, 1.0, 0.0], [0.0, 0.0, 0.0, 1.0]], "cam_ids": [0, 1, 2, 3, 4, 5], "cam_channels": ["CAM_FRONT_LEFT", "CAM_FRONT", "CAM_FRONT_RIGHT", "CAM_BACK_LEFT", "CAM_BACK", "CAM_BACK_RIGHT"], "token": "056ff1cd991547f5966c39191caee1fe", "scene": "scene-0852"}, {"images": ["samples/CAM_FRONT_LEFT/n015-2018-10-08-16-03-24+0800__CAM_FRONT_LEFT__1538985911604844.jpg", "samples/CAM_FRONT/n015-2018-10-08-16-03-24+0800__CAM_FRONT__1538985911612460.jpg", "samples/CAM_FRONT_RIGHT/n015-2018-10-08-16-03-24+0800__CAM_FRONT_RIGHT__1538985911620339.jpg", "samples/CAM_BACK_LEFT/n015-2018-10-08-16-03-24+0800__CAM_BACK_LEFT__1538985911647423.jpg", "samples/CAM_BACK/n015-2018-10-08-16-03-24+0800__CAM_BACK__1538985911637525.jpg", "samples/CAM_BACK_RIGHT/n015-2018-10-08-16-03-24+0800__CAM_BACK_RIGHT__1538985911627893.jpg"], "intrinsics": [[[1272.5979470598488, 0.0, 826.6154927353808], [0.0, 1272.5979470598488, 479.75165386361925], [0.0, 0.0, 1.0]], [[1266.417203046554, 0.0, 816.2670197447984], [0.0, 1266.417203046554, 491.50706579294757], [0.0, 0.0, 1.0]], [[1260.8474446004698, 0.0, 807.968244525554], [0.0, 1260.8474446004698, 495.3344268742088], [0.0, 0.0, 1.0]], [[1256.7414812095406, 0.0, 792.1125740759628], [0.0, 1256.7414812095406, 492.7757465151356], [0.0, 0.0, 1.0]], [[809.2209905677063, 0.0, 829.2196003259838], [0.0, 809.2209905677063, 481.77842384512485], [0.0, 0.0, 1.0]], [[1259.5137405846733, 0.0, 807.2529053838625], [0.0, 1259.5137405846733, 501.19579884916527], [0.0, 0.0, 1.0]]], "extrinsics": [[[0.8218653202056885, -0.5696769952774048, 0.002337216166779399, -0.63916015625], [0.0004232028149999678, -0.0034921295009553432, -0.9999938011169434, 1.5084152221679688], [0.5696816444396973, 0.8218611478805542, -0.0026289711240679026, -1.054443359375], [0.0, 0.0, 0.0, 1.0]], [[0.007281930185854435, -0.9999467730522156, 0.007294774986803532, 0.00732421875], [-0.004813330247998238, -0.0073299347423017025, -0.9999616146087646, 1.5189666748046875], [0.999961793422699, 0.007246591616421938, -0.004866451025009155, -1.36688232421875], [0.0, 0.0, 0.0, 1.0]], [[-0.8322367072105408, -0.5543842911720276, -0.006319335661828518, 0.822021484375], [0.0008446829742752016, 0.010130215436220169, -0.9999483227729797, 1.5038604736328125], [0.5544196963310242, -0.8321990370750427, -0.007962457835674286, -1.1087646484375], [0.0, 0.0, 0.0, 1.0]], [[0.9478861093521118, 0.31859445571899414, 0.003094650339335203, -1.13916015625], [0.009673070162534714, -0.01906820945441723, -0.9997713565826416, 1.5885658264160156], [-0.318462610244751, 0.9476993083953857, -0.021156277507543564, -0.10400390625], [0.0, 0.0, 0.0, 1.0]], [[0.0021586515940725803, 0.9999516010284424, -0.009598247706890106, 0.00341796875], [-0.015778914093971252, -0.009563015773892403, -0.9998297691345215, 1.577871322631836], [-0.9998731017112732, 0.0023096364457160234, 0.01575750857591629, -0.091766357421875], [0.0, 0.0, 0.0, 1.0]], [[-0.9350804090499878, 0.3541666865348816, -0.013804326765239239, 0.9656982421875], [0.016796665266156197, 0.005376143380999565, -0.999844491481781, 1.5545177459716797], [-0.35403740406036377, -0.9351668953895569, -0.010975946672260761, -0.128662109375], [0.0, 0.0, 0.0, 1.0]]], "view": [[0.0, -2.0, 100.0], [-2.0, 0.0, 100.0], [0.0, 0.0, 1.0]], "bev": "bev_975a57efd5b74989b0242906bd174c9f.png", "aux": "aux_975a57efd5b74989b0242906bd174c9f.npz", "visibility": "visibility_975a57efd5b74989b0242906bd174c9f.png", "pose": [[-0.7322521805763245, -0.6810335516929626, 0.0, 2010.48681640625], [0.6810335516929626, -0.7322521805763245, 0.0, 1410.00244140625], [0.0, 0.0, 1.0, 0.0], [0.0, 0.0, 0.0, 1.0]], "pose_inverse": [[-0.7322521805763245, 0.6810335516929626, 0.0, 511.92437744140625], [-0.6810335516929626, -0.7322521805763245, 0.0, 2401.686279296875], [0.0, 0.0, 1.0, 0.0], [0.0, 0.0, 0.0, 1.0]], "cam_ids": [0, 1, 2, 3, 4, 5], "cam_channels": ["CAM_FRONT_LEFT", "CAM_FRONT", "CAM_FRONT_RIGHT", "CAM_BACK_LEFT", "CAM_BACK", "CAM_BACK_RIGHT"], "token": "975a57efd5b74989b0242906bd174c9f", "scene": "scene-0852"}, {"images": ["samples/CAM_FRONT_LEFT/n015-2018-10-08-16-03-24+0800__CAM_FRONT_LEFT__1538985912104844.jpg", "samples/CAM_FRONT/n015-2018-10-08-16-03-24+0800__CAM_FRONT__1538985912112460.jpg", "samples/CAM_FRONT_RIGHT/n015-2018-10-08-16-03-24+0800__CAM_FRONT_RIGHT__1538985912120339.jpg", "samples/CAM_BACK_LEFT/n015-2018-10-08-16-03-24+0800__CAM_BACK_LEFT__1538985912147423.jpg", "samples/CAM_BACK/n015-2018-10-08-16-03-24+0800__CAM_BACK__1538985912137525.jpg", "samples/CAM_BACK_RIGHT/n015-2018-10-08-16-03-24+0800__CAM_BACK_RIGHT__1538985912127893.jpg"], "intrinsics": [[[1272.5979470598488, 0.0, 826.6154927353808], [0.0, 1272.5979470598488, 479.75165386361925], [0.0, 0.0, 1.0]], [[1266.417203046554, 0.0, 816.2670197447984], [0.0, 1266.417203046554, 491.50706579294757], [0.0, 0.0, 1.0]], [[1260.8474446004698, 0.0, 807.968244525554], [0.0, 1260.8474446004698, 495.3344268742088], [0.0, 0.0, 1.0]], [[1256.7414812095406, 0.0, 792.1125740759628], [0.0, 1256.7414812095406, 492.7757465151356], [0.0, 0.0, 1.0]], [[809.2209905677063, 0.0, 829.2196003259838], [0.0, 809.2209905677063, 481.77842384512485], [0.0, 0.0, 1.0]], [[1259.5137405846733, 0.0, 807.2529053838625], [0.0, 1259.5137405846733, 501.19579884916527], [0.0, 0.0, 1.0]]], "extrinsics": [[[0.8221598267555237, -0.5692543983459473, 0.0016551903681829572, -0.652587890625], [0.006839253474026918, 0.0069702547043561935, -0.9999523162841797, 1.5108318328857422], [0.5692156553268433, 0.8221319317817688, 0.009623938240110874, -1.0654296875], [0.0, 0.0, 0.0, 1.0]], [[0.007700665388256311, -0.9999666213989258, -0.002714375499635935, 0.00830078125], [0.001372983679175377, 0.0027250265702605247, -0.9999953508377075, 1.5209565162658691], [0.9999693632125854, 0.007696907501667738, 0.0013939220225438476, -1.382171630859375], [0.0, 0.0, 0.0, 1.0]], [[-0.8319839239120483, -0.5545511245727539, -0.016610192134976387, 0.833984375], [0.006784351076930761, 0.019767511636018753, -0.9997815489768982, 1.5052490234375], [0.5547583103179932, -0.8319148421287537, -0.012683981098234653, -1.1156005859375], [0.0, 0.0, 0.0, 1.0]], [[0.9476684331893921, 0.3190775215625763, 0.010676967911422253, -1.1512451171875], [0.014918066561222076, -0.010850745253264904, -0.9998298287391663, 1.5884075164794922], [-0.3189074397087097, 0.9476664066314697, -0.015042929910123348, -0.100341796875], [0.0, 0.0, 0.0, 1.0]], [[0.0018094168044626713, 0.9999980926513672, -0.0008240797906182706, 0.002197265625], [-0.010315855033695698, -0.0008053714991547167, -0.9999465346336365, 1.5785160064697266], [-0.9999451637268066, 0.001817852957174182, 0.010314377024769783, -0.08001708984375], [0.0, 0.0, 0.0, 1.0]], [[-0.9350799322128296, 0.3540816605091095, -0.015863467007875443, 0.97662353515625], [0.02250114269554615, 0.01463677641004324, -0.9996396899223328, 1.5552825927734375], [-0.3537219166755676, -0.9350999593734741, -0.021653801202774048, -0.123779296875], [0.0, 0.0, 0.0, 1.0]]], "view": [[0.0, -2.0, 100.0], [-2.0, 0.0, 100.0], [0.0, 0.0, 1.0]], "bev": "bev_5b6dcaec927c4781bd7b9552abae025a.png", "aux": "aux_5b6dcaec927c4781bd7b9552abae025a.npz", "visibility": "visibility_5b6dcaec927c4781bd7b9552abae025a.png", "pose": [[-0.711804986000061, -0.7023771405220032, 0.0, 2007.228271484375], [0.7023771405220032, -0.711804986000061, 0.0, 1413.1490478515625], [0.0, 0.0, 1.0, 0.0], [0.0, 0.0, 0.0, 1.0]], "pose_inverse": [[-0.711804986000061, 0.7023771405220032, 0.0, 436.1915588378906], [-0.7023771405220032, -0.711804986000061, 0.0, 2415.7177734375], [0.0, 0.0, 1.0, 0.0], [0.0, 0.0, 0.0, 1.0]], "cam_ids": [0, 1, 2, 3, 4, 5], "cam_channels": ["CAM_FRONT_LEFT", "CAM_FRONT", "CAM_FRONT_RIGHT", "CAM_BACK_LEFT", "CAM_BACK", "CAM_BACK_RIGHT"], "token": "5b6dcaec927c4781bd7b9552abae025a", "scene": "scene-0852"}, {"images": ["samples/CAM_FRONT_LEFT/n015-2018-10-08-16-03-24+0800__CAM_FRONT_LEFT__1538985912604844.jpg", "samples/CAM_FRONT/n015-2018-10-08-16-03-24+0800__CAM_FRONT__1538985912612460.jpg", "samples/CAM_FRONT_RIGHT/n015-2018-10-08-16-03-24+0800__CAM_FRONT_RIGHT__1538985912620339.jpg", "samples/CAM_BACK_LEFT/n015-2018-10-08-16-03-24+0800__CAM_BACK_LEFT__1538985912647423.jpg", "samples/CAM_BACK/n015-2018-10-08-16-03-24+0800__CAM_BACK__1538985912637525.jpg", "samples/CAM_BACK_RIGHT/n015-2018-10-08-16-03-24+0800__CAM_BACK_RIGHT__1538985912627893.jpg"], "intrinsics": [[[1272.5979470598488, 0.0, 826.6154927353808], [0.0, 1272.5979470598488, 479.75165386361925], [0.0, 0.0, 1.0]], [[1266.417203046554, 0.0, 816.2670197447984], [0.0, 1266.417203046554, 491.50706579294757], [0.0, 0.0, 1.0]], [[1260.8474446004698, 0.0, 807.968244525554], [0.0, 1260.8474446004698, 495.3344268742088], [0.0, 0.0, 1.0]], [[1256.7414812095406, 0.0, 792.1125740759628], [0.0, 1256.7414812095406, 492.7757465151356], [0.0, 0.0, 1.0]], [[809.2209905677063, 0.0, 829.2196003259838], [0.0, 809.2209905677063, 481.77842384512485], [0.0, 0.0, 1.0]], [[1259.5137405846733, 0.0, 807.2529053838625], [0.0, 1259.5137405846733, 501.19579884916527], [0.0, 0.0, 1.0]]], "extrinsics": [[[0.8209858536720276, -0.5709483027458191, -0.0005321702919900417, -0.6475830078125], [0.0023846691474318504, 0.004361066501587629, -0.9999876618385315, 1.5091619491577148], [0.5709434747695923, 0.8209744095802307, 0.004941896535456181, -1.06103515625], [0.0, 0.0, 0.0, 1.0]], [[0.005996075924485922, -0.9999819993972778, -0.00024883815785869956, 0.008056640625], [-0.0028637980576604605, 0.00023166944447439164, -0.9999958872795105, 1.5196280479431152], [0.9999778866767883, 0.005996739026159048, -0.0028623573016375303, -1.376007080078125], [0.0, 0.0, 0.0, 1.0]], [[-0.832766056060791, -0.5534958243370056, -0.011955193243920803, 0.8289794921875], [0.002805106109008193, 0.0173756405711174, -0.9998450875282288, 1.5043144226074219], [0.5536177754402161, -0.8326706886291504, -0.0129172308370471, -1.1126708984375], [0.0, 0.0, 0.0, 1.0]], [[0.9478157758712769, 0.31874629855155945, 0.006786829326301813, -1.1434326171875], [0.011600126512348652, -0.013204867020249367, -0.9998455047607422, 1.5885334014892578], [-0.318607360124588, 0.9477481245994568, -0.016213279217481613, -0.10302734375], [0.0, 0.0, 0.0, 1.0]], [[0.0024486202746629715, 0.9999920725822449, -0.003142805304378271, 0.0029296875], [-0.013865605928003788, -0.0031085594091564417, -0.9998990297317505, 1.5781288146972656], [-0.9999008774757385, 0.002491945633664727, 0.013857884332537651, -0.086517333984375], [0.0, 0.0, 0.0, 1.0]], [[-0.9348032474517822, 0.3549225926399231, -0.01314288005232811, 0.971649169921875], [0.018724573776125908, 0.01229623332619667, -0.9997490644454956, 1.5547370910644531], [-0.3546719551086426, -0.9348147511482239, -0.018140334635972977, -0.125732421875], [0.0, 0.0, 0.0, 1.0]]], "view": [[0.0, -2.0, 100.0], [-2.0, 0.0, 100.0], [0.0, 0.0, 1.0]], "bev": "bev_10f06b64293d4397a68f96ec2d06a310.png", "aux": "aux_10f06b64293d4397a68f96ec2d06a310.npz", "visibility": "visibility_10f06b64293d4397a68f96ec2d06a310.png", "pose": [[-0.7002206444740295, -0.7139264941215515, 0.0, 2004.0555419921875], [0.7139264941215515, -0.7002206444740295, 0.0, 1416.389892578125], [0.0, 0.0, 1.0, 0.0], [0.0, 0.0, 0.0, 1.0]], "pose_inverse": [[-0.7002206444740295, 0.7139264941215515, 0.0, 392.0828857421875], [-0.7139264941215515, -0.7002206444740295, 0.0, 2422.53369140625], [0.0, 0.0, 1.0, 0.0], [0.0, 0.0, 0.0, 1.0]], "cam_ids": [0, 1, 2, 3, 4, 5], "cam_channels": ["CAM_FRONT_LEFT", "CAM_FRONT", "CAM_FRONT_RIGHT", "CAM_BACK_LEFT", "CAM_BACK", "CAM_BACK_RIGHT"], "token": "10f06b64293d4397a68f96ec2d06a310", "scene": "scene-0852"}, {"images": ["samples/CAM_FRONT_LEFT/n015-2018-10-08-16-03-24+0800__CAM_FRONT_LEFT__1538985913104844.jpg", "samples/CAM_FRONT/n015-2018-10-08-16-03-24+0800__CAM_FRONT__1538985913112460.jpg", "samples/CAM_FRONT_RIGHT/n015-2018-10-08-16-03-24+0800__CAM_FRONT_RIGHT__1538985913120339.jpg", "samples/CAM_BACK_LEFT/n015-2018-10-08-16-03-24+0800__CAM_BACK_LEFT__1538985913147423.jpg", "samples/CAM_BACK/n015-2018-10-08-16-03-24+0800__CAM_BACK__1538985913137525.jpg", "samples/CAM_BACK_RIGHT/n015-2018-10-08-16-03-24+0800__CAM_BACK_RIGHT__1538985913127893.jpg"], "intrinsics": [[[1272.5979470598488, 0.0, 826.6154927353808], [0.0, 1272.5979470598488, 479.75165386361925], [0.0, 0.0, 1.0]], [[1266.417203046554, 0.0, 816.2670197447984], [0.0, 1266.417203046554, 491.50706579294757], [0.0, 0.0, 1.0]], [[1260.8474446004698, 0.0, 807.968244525554], [0.0, 1260.8474446004698, 495.3344268742088], [0.0, 0.0, 1.0]], [[1256.7414812095406, 0.0, 792.1125740759628], [0.0, 1256.7414812095406, 492.7757465151356], [0.0, 0.0, 1.0]], [[809.2209905677063, 0.0, 829.2196003259838], [0.0, 809.2209905677063, 481.77842384512485], [0.0, 0.0, 1.0]], [[1259.5137405846733, 0.0, 807.2529053838625], [0.0, 1259.5137405846733, 501.19579884916527], [0.0, 0.0, 1.0]]], "extrinsics": [[[0.8211053609848022, -0.5707659721374512, 0.003503228770568967, -0.6351318359375], [0.0037484474014490843, -0.0007451968267560005, -0.9999927282333374, 1.509746789932251], [0.5707643628120422, 0.8211124539375305, 0.0015276010381057858, -1.0556640625], [0.0, 0.0, 0.0, 1.0]], [[0.006162725854665041, -0.9999690651893616, 0.00487623643130064, 0.01025390625], [-0.0013358516152948141, -0.004884557798504829, -0.9999872446060181, 1.5201120376586914], [0.9999801516532898, 0.006156090181320906, -0.001365913194604218, -1.36431884765625], [0.0, 0.0, 0.0, 1.0]], [[-0.832674503326416, -0.5536625385284424, -0.010530849918723106, 0.82177734375], [0.004499626345932484, 0.012251556850969791, -0.999914824962616, 1.5047531127929688], [0.5537444949150085, -0.8326509594917297, -0.007710282690823078, -1.10546875], [0.0, 0.0, 0.0, 1.0]], [[0.9476819038391113, 0.3191298842430115, 0.00743441516533494, -1.1424560546875], [0.014015596359968185, -0.018330754712224007, -0.9997337460517883, 1.5885543823242188], [-0.31890857219696045, 0.9475337862968445, -0.021844517439603806, -0.10400390625], [0.0, 0.0, 0.0, 1.0]], [[0.0022421483881771564, 0.9999633431434631, -0.00827110931277275, 0.001708984375], [-0.011730313301086426, -0.008244260214269161, -0.9998972415924072, 1.578268051147461], [-0.9999286532402039, 0.0023389814887195826, 0.011711396276950836, -0.091552734375], [0.0, 0.0, 0.0, 1.0]], [[-0.9348084330558777, 0.35475853085517883, -0.01672155037522316, 0.963470458984375], [0.020606374368071556, 0.00717513170093298, -0.9997619390487671, 1.5552330017089844], [-0.35455411672592163, -0.9349305033683777, -0.014017660170793533, -0.127197265625], [0.0, 0.0, 0.0, 1.0]]], "view": [[0.0, -2.0, 100.0], [-2.0, 0.0, 100.0], [0.0, 0.0, 1.0]], "bev": "bev_8d9600e624df4a27b14d8a297d3f86bc.png", "aux": "aux_8d9600e624df4a27b14d8a297d3f86bc.npz", "visibility": "visibility_8d9600e624df4a27b14d8a297d3f86bc.png", "pose": [[-0.6973763704299927, -0.7167051434516907, 0.0, 2000.8253173828125], [0.7167051434516907, -0.6973763704299927, 0.0, 1419.741455078125], [0.0, 0.0, 1.0, 0.0], [0.0, 0.0, 0.0, 1.0]], "pose_inverse": [[-0.6973763704299927, 0.7167051434516907, 0.0, 377.7922668457031], [-0.7167051434516907, -0.6973763704299927, 0.0, 2424.095947265625], [0.0, 0.0, 1.0, 0.0], [0.0, 0.0, 0.0, 1.0]], "cam_ids": [0, 1, 2, 3, 4, 5], "cam_channels": ["CAM_FRONT_LEFT", "CAM_FRONT", "CAM_FRONT_RIGHT", "CAM_BACK_LEFT", "CAM_BACK", "CAM_BACK_RIGHT"], "token": "8d9600e624df4a27b14d8a297d3f86bc", "scene": "scene-0852"}, {"images": ["samples/CAM_FRONT_LEFT/n015-2018-10-08-16-03-24+0800__CAM_FRONT_LEFT__1538985913604844.jpg", "samples/CAM_FRONT/n015-2018-10-08-16-03-24+0800__CAM_FRONT__1538985913612460.jpg", "samples/CAM_FRONT_RIGHT/n015-2018-10-08-16-03-24+0800__CAM_FRONT_RIGHT__1538985913620339.jpg", "samples/CAM_BACK_LEFT/n015-2018-10-08-16-03-24+0800__CAM_BACK_LEFT__1538985913647423.jpg", "samples/CAM_BACK/n015-2018-10-08-16-03-24+0800__CAM_BACK__1538985913637525.jpg", "samples/CAM_BACK_RIGHT/n015-2018-10-08-16-03-24+0800__CAM_BACK_RIGHT__1538985913627893.jpg"], "intrinsics": [[[1272.5979470598488, 0.0, 826.6154927353808], [0.0, 1272.5979470598488, 479.75165386361925], [0.0, 0.0, 1.0]], [[1266.417203046554, 0.0, 816.2670197447984], [0.0, 1266.417203046554, 491.50706579294757], [0.0, 0.0, 1.0]], [[1260.8474446004698, 0.0, 807.968244525554], [0.0, 1260.8474446004698, 495.3344268742088], [0.0, 0.0, 1.0]], [[1256.7414812095406, 0.0, 792.1125740759628], [0.0, 1256.7414812095406, 492.7757465151356], [0.0, 0.0, 1.0]], [[809.2209905677063, 0.0, 829.2196003259838], [0.0, 809.2209905677063, 481.77842384512485], [0.0, 0.0, 1.0]], [[1259.5137405846733, 0.0, 807.2529053838625], [0.0, 1259.5137405846733, 501.19579884916527], [0.0, 0.0, 1.0]]], "extrinsics": [[[0.8208855390548706, -0.5710825324058533, 0.0034284580033272505, -0.6312255859375], [0.0016430610558018088, -0.0036416207440197468, -0.9999920129776001, 1.5089311599731445], [0.5710904002189636, 0.8208845853805542, -0.0020510300528258085, -1.05517578125], [0.0, 0.0, 0.0, 1.0]], [[0.005860850680619478, -0.9999532699584961, 0.0076812985353171825, 0.01171875], [-0.003650864353403449, -0.007702776696532965, -0.9999637007713318, 1.5193653106689453], [0.9999761581420898, 0.00583259854465723, -0.003695838386192918, -1.362030029296875], [0.0, 0.0, 0.0, 1.0]], [[-0.832827627658844, -0.5534892678260803, -0.006908130832016468, 0.82177734375], [0.0019735987298190594, 0.009510821662843227, -0.9999527931213379, 1.504110336303711], [0.5535288453102112, -0.8328019976615906, -0.00682850880548358, -1.103515625], [0.0, 0.0, 0.0, 1.0]], [[0.9477556347846985, 0.3189767301082611, 0.0035950292367488146, -1.1412353515625], [0.010795464739203453, -0.02080848067998886, -0.9997251629829407, 1.5885658264160156], [-0.31881430745124817, 0.9475340843200684, -0.023164859041571617, -0.10400390625], [0.0, 0.0, 0.0, 1.0]], [[0.0023750481195747852, 0.9999383091926575, -0.010851101949810982, 0.001220703125], [-0.014707295224070549, -0.010815029963850975, -0.9998334050178528, 1.5779991149902344], [-0.9998889565467834, 0.0025342912413179874, 0.01468070037662983, -0.0919189453125], [0.0, 0.0, 0.0, 1.0]], [[-0.934795081615448, 0.3548661768436432, -0.015107616782188416, 0.962860107421875], [0.01786922477185726, 0.004505950026214123, -0.9998301863670349, 1.5547237396240234], [-0.354737788438797, -0.9349063038825989, -0.010553323663771152, -0.1259765625], [0.0, 0.0, 0.0, 1.0]]], "view": [[0.0, -2.0, 100.0], [-2.0, 0.0, 100.0], [0.0, 0.0, 1.0]], "bev": "bev_f0b9a13bfdae4eb59c36ce481721b9d1.png", "aux": "aux_f0b9a13bfdae4eb59c36ce481721b9d1.npz", "visibility": "visibility_f0b9a13bfdae4eb59c36ce481721b9d1.png", "pose": [[-0.698386549949646, -0.7157207727432251, 0.0, 1997.6212158203125], [0.7157207727432251, -0.698386549949646, 0.0, 1423.074951171875], [0.0, 0.0, 1.0, 0.0], [0.0, 0.0, 0.0, 1.0]], "pose_inverse": [[-0.698386549949646, 0.7157207727432251, 0.0, 376.58746337890625], [-0.7157207727432251, -0.698386549949646, 0.0, 2423.595458984375], [0.0, 0.0, 1.0, 0.0], [0.0, 0.0, 0.0, 1.0]], "cam_ids": [0, 1, 2, 3, 4, 5], "cam_channels": ["CAM_FRONT_LEFT", "CAM_FRONT", "CAM_FRONT_RIGHT", "CAM_BACK_LEFT", "CAM_BACK", "CAM_BACK_RIGHT"], "token": "f0b9a13bfdae4eb59c36ce481721b9d1", "scene": "scene-0852"}, {"images": ["samples/CAM_FRONT_LEFT/n015-2018-10-08-16-03-24+0800__CAM_FRONT_LEFT__1538985914154844.jpg", "samples/CAM_FRONT/n015-2018-10-08-16-03-24+0800__CAM_FRONT__1538985914162460.jpg", "samples/CAM_FRONT_RIGHT/n015-2018-10-08-16-03-24+0800__CAM_FRONT_RIGHT__1538985914170339.jpg", "samples/CAM_BACK_LEFT/n015-2018-10-08-16-03-24+0800__CAM_BACK_LEFT__1538985914197423.jpg", "samples/CAM_BACK/n015-2018-10-08-16-03-24+0800__CAM_BACK__1538985914187525.jpg", "samples/CAM_BACK_RIGHT/n015-2018-10-08-16-03-24+0800__CAM_BACK_RIGHT__1538985914177893.jpg"], "intrinsics": [[[1272.5979470598488, 0.0, 826.6154927353808], [0.0, 1272.5979470598488, 479.75165386361925], [0.0, 0.0, 1.0]], [[1266.417203046554, 0.0, 816.2670197447984], [0.0, 1266.417203046554, 491.50706579294757], [0.0, 0.0, 1.0]], [[1260.8474446004698, 0.0, 807.968244525554], [0.0, 1260.8474446004698, 495.3344268742088], [0.0, 0.0, 1.0]], [[1256.7414812095406, 0.0, 792.1125740759628], [0.0, 1256.7414812095406, 492.7757465151356], [0.0, 0.0, 1.0]], [[809.2209905677063, 0.0, 829.2196003259838], [0.0, 809.2209905677063, 481.77842384512485], [0.0, 0.0, 1.0]], [[1259.5137405846733, 0.0, 807.2529053838625], [0.0, 1259.5137405846733, 501.19579884916527], [0.0, 0.0, 1.0]]], "extrinsics": [[[0.8199982047080994, -0.5723659992218018, 0.0001815422292565927, -0.6219482421875], [0.0018340335227549076, 0.0023103447165340185, -0.9999956488609314, 1.5089998245239258], [0.5723630785942078, 0.8199950456619263, 0.002944217063486576, -1.04638671875], [0.0, 0.0, 0.0, 1.0]], [[0.00502675911411643, -0.9999859929084778, 0.0016155947232618928, 0.010498046875], [-0.0033176850993186235, -0.0016322835581377149, -0.9999932050704956, 1.5194087028503418], [0.9999818205833435, 0.0050213816575706005, -0.003325844183564186, -1.35174560546875], [0.0, 0.0, 0.0, 1.0]], [[-0.8329124450683594, -0.5533003807067871, -0.010745490901172161, 0.8143310546875], [0.0024772011674940586, 0.01568920724093914, -0.9998738169670105, 1.5042533874511719], [0.5533991456031799, -0.832834005355835, -0.011697099544107914, -1.1004638671875], [0.0, 0.0, 0.0, 1.0]], [[0.9477095007896423, 0.3190625309944153, 0.006756022572517395, -1.13525390625], [0.011914370581507683, -0.014218226075172424, -0.9998279213905334, 1.5886516571044922], [-0.3189115822315216, 0.9476270079612732, -0.017276179045438766, -0.1064453125], [0.0, 0.0, 0.0, 1.0]], [[0.0024376963265240192, 0.9999873042106628, -0.0044074514880776405, 0.001953125], [-0.013805743306875229, -0.004373389296233654, -0.9998951554298401, 1.5779638290405273], [-0.9999017119407654, 0.002498340792953968, 0.013794907368719578, -0.099578857421875], [0.0, 0.0, 0.0, 1.0]], [[-0.9347396492958069, 0.3550761938095093, -0.0135129289701581, 0.95574951171875], [0.018553512170910835, 0.010794543661177158, -0.9997696280479431, 1.55499267578125], [-0.35484856367111206, -0.9347750544548035, -0.01667800173163414, -0.130126953125], [0.0, 0.0, 0.0, 1.0]]], "view": [[0.0, -2.0, 100.0], [-2.0, 0.0, 100.0], [0.0, 0.0, 1.0]], "bev": "bev_0bbcf75269f541d0b80e3c263664d4d5.png", "aux": "aux_0bbcf75269f541d0b80e3c263664d4d5.npz", "visibility": "visibility_0bbcf75269f541d0b80e3c263664d4d5.png", "pose": [[-0.7032938003540039, -0.710899293422699, 0.0, 1993.9969482421875], [0.710899293422699, -0.7032938003540039, 0.0, 1426.86083984375], [0.0, 0.0, 1.0, 0.0], [0.0, 0.0, 0.0, 1.0]], "pose_inverse": [[-0.7032938003540039, 0.710899293422699, 0.0, 388.0113830566406], [-0.710899293422699, -0.7032938003540039, 0.0, 2421.033447265625], [0.0, 0.0, 1.0, 0.0], [0.0, 0.0, 0.0, 1.0]], "cam_ids": [0, 1, 2, 3, 4, 5], "cam_channels": ["CAM_FRONT_LEFT", "CAM_FRONT", "CAM_FRONT_RIGHT", "CAM_BACK_LEFT", "CAM_BACK", "CAM_BACK_RIGHT"], "token": "0bbcf75269f541d0b80e3c263664d4d5", "scene": "scene-0852"}, {"images": ["samples/CAM_FRONT_LEFT/n015-2018-10-08-16-03-24+0800__CAM_FRONT_LEFT__1538985914654844.jpg", "samples/CAM_FRONT/n015-2018-10-08-16-03-24+0800__CAM_FRONT__1538985914662460.jpg", "samples/CAM_FRONT_RIGHT/n015-2018-10-08-16-03-24+0800__CAM_FRONT_RIGHT__1538985914670339.jpg", "samples/CAM_BACK_LEFT/n015-2018-10-08-16-03-24+0800__CAM_BACK_LEFT__1538985914697423.jpg", "samples/CAM_BACK/n015-2018-10-08-16-03-24+0800__CAM_BACK__1538985914687525.jpg", "samples/CAM_BACK_RIGHT/n015-2018-10-08-16-03-24+0800__CAM_BACK_RIGHT__1538985914677893.jpg"], "intrinsics": [[[1272.5979470598488, 0.0, 826.6154927353808], [0.0, 1272.5979470598488, 479.75165386361925], [0.0, 0.0, 1.0]], [[1266.417203046554, 0.0, 816.2670197447984], [0.0, 1266.417203046554, 491.50706579294757], [0.0, 0.0, 1.0]], [[1260.8474446004698, 0.0, 807.968244525554], [0.0, 1260.8474446004698, 495.3344268742088], [0.0, 0.0, 1.0]], [[1256.7414812095406, 0.0, 792.1125740759628], [0.0, 1256.7414812095406, 492.7757465151356], [0.0, 0.0, 1.0]], [[809.2209905677063, 0.0, 829.2196003259838], [0.0, 809.2209905677063, 481.77842384512485], [0.0, 0.0, 1.0]], [[1259.5137405846733, 0.0, 807.2529053838625], [0.0, 1259.5137405846733, 501.19579884916527], [0.0, 0.0, 1.0]]], "extrinsics": [[[0.8202513456344604, -0.5719903111457825, 0.0038420469500124454, -0.6219482421875], [0.005958339665085077, 0.0018275899346917868, -0.9999805688858032, 1.5107293128967285], [0.5719722509384155, 0.8202583193778992, 0.004907195921987295, -1.043212890625], [0.0, 0.0, 0.0, 1.0]], [[0.004936774726957083, -0.9999850392341614, 0.002365005435422063, 0.00830078125], [0.0008293865248560905, -0.002360939048230648, -0.9999969005584717, 1.5208206176757812], [0.9999874234199524, 0.004938766825944185, 0.0008177180425263941, -1.34881591796875], [0.0, 0.0, 0.0, 1.0]], [[-0.8331796526908875, -0.5528333187103271, -0.01367601752281189, 0.8101806640625], [0.0066595375537872314, 0.01469818688929081, -0.9998697638511658, 1.5054092407226562], [0.5529623031616211, -0.833162248134613, -0.008564614690840244, -1.0999755859375], [0.0, 0.0, 0.0, 1.0]], [[0.9477156400680542, 0.3189554810523987, 0.010118919424712658, -1.1356201171875], [0.016207490116357803, -0.01644076034426689, -0.9997334480285645, 1.5886669158935547], [-0.31870409846305847, 0.9476271271705627, -0.020750634372234344, -0.105712890625], [0.0, 0.0, 0.0, 1.0]], [[0.0026750739198178053, 0.9999775886535645, -0.006141084246337414, 0.002441406