[{"images": ["samples/CAM_FRONT_LEFT/n015-2018-11-14-19-09-14+0800__CAM_FRONT_LEFT__1542194035104844.jpg", "samples/CAM_FRONT/n015-2018-11-14-19-09-14+0800__CAM_FRONT__1542194035112460.jpg", "samples/CAM_FRONT_RIGHT/n015-2018-11-14-19-09-14+0800__CAM_FRONT_RIGHT__1542194035120339.jpg", "samples/CAM_BACK_LEFT/n015-2018-11-14-19-09-14+0800__CAM_BACK_LEFT__1542194035147423.jpg", "samples/CAM_BACK/n015-2018-11-14-19-09-14+0800__CAM_BACK__1542194035137525.jpg", "samples/CAM_BACK_RIGHT/n015-2018-11-14-19-09-14+0800__CAM_BACK_RIGHT__1542194035127893.jpg"], "intrinsics": [[[1272.5979470598488, 0.0, 826.6154927353808], [0.0, 1272.5979470598488, 479.75165386361925], [0.0, 0.0, 1.0]], [[1266.417203046554, 0.0, 816.2670197447984], [0.0, 1266.417203046554, 491.50706579294757], [0.0, 0.0, 1.0]], [[1260.8474446004698, 0.0, 807.968244525554], [0.0, 1260.8474446004698, 495.3344268742088], [0.0, 0.0, 1.0]], [[1256.7414812095406, 0.0, 792.1125740759628], [0.0, 1256.7414812095406, 492.7757465151356], [0.0, 0.0, 1.0]], [[809.2209905677063, 0.0, 829.2196003259838], [0.0, 809.2209905677063, 481.77842384512485], [0.0, 0.0, 1.0]], [[1259.5137405846733, 0.0, 807.2529053838625], [0.0, 1259.5137405846733, 501.19579884916527], [0.0, 0.0, 1.0]]], "extrinsics": [[[0.8212330341339111, -0.5702301859855652, -0.02034374140202999, -0.6854248046875], [-0.021270206198096275, 0.005034956149756908, -0.9997611045837402, 1.5010223388671875], [0.5701963901519775, 0.8214695453643799, -0.007994039915502071, -1.08782958984375], [0.0, 0.0, 0.0, 1.0]], [[0.006804934237152338, -0.9999762177467346, -0.001073922379873693, 0.00811767578125], [-0.026427853852510452, 0.0008937279344536364, -0.9996503591537476, 1.5131034851074219], [0.9996275305747986, 0.006830936763435602, -0.026421144604682922, -1.4112548828125], [0.0, 0.0, 0.0, 1.0]], [[-0.832379162311554, -0.5541594624519348, 0.007223993539810181, 0.848876953125], [-0.02068158984184265, 0.018033888190984726, -0.9996234178543091, 1.4990501403808594], [0.5538205504417419, -0.8322151899337769, -0.026471931487321854, -1.125244140625], [0.0, 0.0, 0.0, 1.0]], [[0.94761723279953, 0.3190574049949646, -0.014965841546654701, -1.1322021484375], [-0.011594344861805439, -0.012463817372918129, -0.999855101108551, 1.5884323120117188], [-0.3191976249217987, 0.9476535320281982, -0.00811166875064373, -0.107177734375], [0.0, 0.0, 0.0, 1.0]], [[0.0017582412110641599, 0.9999953508377075, -0.002496090717613697, 0.002685546875], [-0.03713248297572136, -0.002429085550829768, -0.99930739402771, 1.5760688781738281], [-0.9993087649345398, 0.001849688240326941, 0.037128034979104996, -0.086669921875], [0.0, 0.0, 0.0, 1.0]], [[-0.9351271986961365, 0.35419926047325134, 0.008948761969804764, 0.9830322265625], [-0.004659908823668957, 0.012959672138094902, -0.9999051690101624, 1.550680160522461], [-0.3542816638946533, -0.9350802302360535, -0.010468405671417713, -0.12096405029296875], [0.0, 0.0, 0.0, 1.0]]], "view": [[0.0, -2.0, 100.0], [-2.0, 0.0, 100.0], [0.0, 0.0, 1.0]], "bev": "bev_ba2065b0769c4361b071ef028605d7bb.png", "aux": "aux_ba2065b0769c4361b071ef028605d7bb.npz", "visibility": "visibility_ba2065b0769c4361b071ef028605d7bb.png", "pose": [[-0.18910273909568787, -0.9819573163986206, 0.0, 350.35687255859375], [0.9819573163986206, -0.18910273909568787, 0.0, 1817.8970947265625], [0.0, 0.0, 1.0, 0.0], [0.0, 0.0, 0.0, 1.0]], "pose_inverse": [[-0.18910273909568787, 0.9819573163986206, 0.0, -1718.8438720703125], [-0.9819573163986206, -0.18910273909568787, 0.0, 687.8048095703125], [0.0, 0.0, 1.0, 0.0], [0.0, 0.0, 0.0, 1.0]], "cam_ids": [0, 1, 2, 3, 4, 5], "cam_channels": ["CAM_FRONT_LEFT", "CAM_FRONT", "CAM_FRONT_RIGHT", "CAM_BACK_LEFT", "CAM_BACK", "CAM_BACK_RIGHT"], "token": "ba2065b0769c4361b071ef028605d7bb", "scene": "scene-1016"}, {"images": ["samples/CAM_FRONT_LEFT/n015-2018-11-14-19-09-14+0800__CAM_FRONT_LEFT__1542194035604844.jpg", "samples/CAM_FRONT/n015-2018-11-14-19-09-14+0800__CAM_FRONT__1542194035612460.jpg", "samples/CAM_FRONT_RIGHT/n015-2018-11-14-19-09-14+0800__CAM_FRONT_RIGHT__1542194035620339.jpg", "samples/CAM_BACK_LEFT/n015-2018-11-14-19-09-14+0800__CAM_BACK_LEFT__1542194035647423.jpg", "samples/CAM_BACK/n015-2018-11-14-19-09-14+0800__CAM_BACK__1542194035637550.jpg", "samples/CAM_BACK_RIGHT/n015-2018-11-14-19-09-14+0800__CAM_BACK_RIGHT__1542194035627893.jpg"], "intrinsics": [[[1272.5979470598488, 0.0, 826.6154927353808], [0.0, 1272.5979470598488, 479.75165386361925], [0.0, 0.0, 1.0]], [[1266.417203046554, 0.0, 816.2670197447984], [0.0, 1266.417203046554, 491.50706579294757], [0.0, 0.0, 1.0]], [[1260.8474446004698, 0.0, 807.968244525554], [0.0, 1260.8474446004698, 495.3344268742088], [0.0, 0.0, 1.0]], [[1256.7414812095406, 0.0, 792.1125740759628], [0.0, 1256.7414812095406, 492.7757465151356], [0.0, 0.0, 1.0]], [[809.2209905677063, 0.0, 829.2196003259838], [0.0, 809.2209905677063, 481.77842384512485], [0.0, 0.0, 1.0]], [[1259.5137405846733, 0.0, 807.2529053838625], [0.0, 1259.5137405846733, 501.19579884916527], [0.0, 0.0, 1.0]]], "extrinsics": [[[0.8212535977363586, -0.5702342987060547, -0.019375262781977654, -0.694580078125], [-0.02470414526760578, -0.0016116945771500468, -0.9996935129165649, 1.500152587890625], [0.5700283050537109, 0.8214805722236633, -0.015410760417580605, -1.095123291015625], [0.0, 0.0, 0.0, 1.0]], [[0.006856114137917757, -0.9999603629112244, 0.0056761037558317184, 0.00872802734375], [-0.030140509828925133, -0.0058803074061870575, -0.9995284080505371, 1.5123825073242188], [0.9995221495628357, 0.006681801285594702, -0.03017962910234928, -1.4215087890625], [0.0, 0.0, 0.0, 1.0]], [[-0.8323763608932495, -0.5540241003036499, 0.014385641552507877, 0.85693359375], [-0.02468249574303627, 0.01112724095582962, -0.9996333718299866, 1.4983978271484375], [0.5536608695983887, -0.8324263691902161, -0.0229367483407259, -1.1298828125], [0.0, 0.0, 0.0, 1.0]], [[0.9475045204162598, 0.3189846873283386, -0.02199598215520382, -1.1329345703125], [-0.016453353688120842, -0.020060371607542038, -0.9996633529663086, 1.5883979797363281], [-0.3193185031414032, 0.9475475549697876, -0.013758927583694458, -0.107666015625], [0.0, 0.0, 0.0, 1.0]], [[0.0018561957404017448, 0.9999500513076782, -0.009820910170674324, 0.0020751953125], [-0.04169861599802971, -0.009734987281262875, -0.9990828037261963, 1.5758895874023438], [-0.9991284608840942, 0.0022640060633420944, 0.04167846217751503, -0.081298828125], [0.0, 0.0, 0.0, 1.0]], [[-0.9350205063819885, 0.3544400930404663, 0.010440317913889885, 0.9903564453125], [-0.008920061402022839, 0.005922799464315176, -0.9999426603317261, 1.5500602722167969], [-0.35448163747787476, -0.9350599646568298, -0.0023763126228004694, -0.11753654479980469], [0.0, 0.0, 0.0, 1.0]]], "view": [[0.0, -2.0, 100.0], [-2.0, 0.0, 100.0], [0.0, 0.0, 1.0]], "bev": "bev_a315553fa31f4314a5795a64a68cbd75.png", "aux": "aux_a315553fa31f4314a5795a64a68cbd75.npz", "visibility": "visibility_a315553fa31f4314a5795a64a68cbd75.png", "pose": [[-0.1689910590648651, -0.9856175780296326, 0.0, 349.70458984375], [0.9856175780296326, -0.1689910590648651, 0.0, 1821.6844482421875], [0.0, 0.0, 1.0, 0.0], [0.0, 0.0, 0.0, 1.0]], "pose_inverse": [[-0.1689910590648651, 0.9856175780296326, 0.0, -1736.3873291015625], [-0.9856175780296326, -0.1689910590648651, 0.0, 652.5233764648438], [0.0, 0.0, 1.0, 0.0], [0.0, 0.0, 0.0, 1.0]], "cam_ids": [0, 1, 2, 3, 4, 5], "cam_channels": ["CAM_FRONT_LEFT", "CAM_FRONT", "CAM_FRONT_RIGHT", "CAM_BACK_LEFT", "CAM_BACK", "CAM_BACK_RIGHT"], "token": "a315553fa31f4314a5795a64a68cbd75", "scene": "scene-1016"}, {"images": ["samples/CAM_FRONT_LEFT/n015-2018-11-14-19-09-14+0800__CAM_FRONT_LEFT__1542194036104844.jpg", "samples/CAM_FRONT/n015-2018-11-14-19-09-14+0800__CAM_FRONT__1542194036112460.jpg", "samples/CAM_FRONT_RIGHT/n015-2018-11-14-19-09-14+0800__CAM_FRONT_RIGHT__1542194036120339.jpg", "samples/CAM_BACK_LEFT/n015-2018-11-14-19-09-14+0800__CAM_BACK_LEFT__1542194036147423.jpg", "samples/CAM_BACK/n015-2018-11-14-19-09-14+0800__CAM_BACK__1542194036137525.jpg", "samples/CAM_BACK_RIGHT/n015-2018-11-14-19-09-14+0800__CAM_BACK_RIGHT__1542194036127893.jpg"], "intrinsics": [[[1272.5979470598488, 0.0, 826.6154927353808], [0.0, 1272.5979470598488, 479.75165386361925], [0.0, 0.0, 1.0]], [[1266.417203046554, 0.0, 816.2670197447984], [0.0, 1266.417203046554, 491.50706579294757], [0.0, 0.0, 1.0]], [[1260.8474446004698, 0.0, 807.968244525554], [0.0, 1260.8474446004698, 495.3344268742088], [0.0, 0.0, 1.0]], [[1256.7414812095406, 0.0, 792.1125740759628], [0.0, 1256.7414812095406, 492.7757465151356], [0.0, 0.0, 1.0]], [[809.2209905677063, 0.0, 829.2196003259838], [0.0, 809.2209905677063, 481.77842384512485], [0.0, 0.0, 1.0]], [[1259.5137405846733, 0.0, 807.2529053838625], [0.0, 1259.5137405846733, 501.19579884916527], [0.0, 0.0, 1.0]]], "extrinsics": [[[0.8212764859199524, -0.5701704025268555, -0.020261608064174652, -0.697509765625], [-0.024565650150179863, 0.00014083695714361966, -0.9996982216835022, 1.500274658203125], [0.5700011849403381, 0.8215264081954956, -0.013890939764678478, -1.096923828125], [0.0, 0.0, 0.0, 1.0]], [[0.006762976758182049, -0.9999706149101257, 0.003598146140575409, 0.0081787109375], [-0.029916375875473022, -0.0037989455740898848, -0.9995452165603638, 1.5125503540039062], [0.9995294809341431, 0.006652276962995529, -0.029941190034151077, -1.4254150390625], [0.0, 0.0, 0.0, 1.0]], [[-0.8324558734893799, -0.5539438724517822, 0.012785746715962887, 0.8592529296875], [-0.024367092177271843, 0.013546054251492023, -0.9996112585067749, 1.4985504150390625], [0.5535553097724915, -0.8324438333511353, -0.024774491786956787, -1.1326904296875], [0.0, 0.0, 0.0, 1.0]], [[0.9475263953208923, 0.31902992725372314, -0.020336704328656197, -1.1346435546875], [-0.01591384969651699, -0.016464224085211754, -0.9997377991676331, 1.5884284973144531], [-0.31928110122680664, 0.9476016759872437, -0.010523294098675251, -0.1063232421875], [0.0, 0.0, 0.0, 1.0]], [[0.0020037544891238213, 0.9999759793281555, -0.006633214186877012, 0.0029296875], [-0.04126035422086716, -0.006544905714690685, -0.9991269707679749, 1.5760269165039062], [-0.9991464018821716, 0.002275662263855338, 0.04124625027179718, -0.0787353515625], [0.0, 0.0, 0.0, 1.0]], [[-0.9349614977836609, 0.35457685589790344, 0.011050491593778133, 0.993896484375], [-0.008530799299478531, 0.008668649941682816, -0.9999260306358337, 1.5501537322998047], [-0.3546464741230011, -0.9349867105484009, -0.005080030765384436, -0.11728668212890625], [0.0, 0.0, 0.0, 1.0]]], "view": [[0.0, -2.0, 100.0], [-2.0, 0.0, 100.0], [0.0, 0.0, 1.0]], "bev": "bev_8fa07b104b904d22970d2f8946a0b771.png", "aux": "aux_8fa07b104b904d22970d2f8946a0b771.npz", "visibility": "visibility_8fa07b104b904d22970d2f8946a0b771.png", "pose": [[-0.14738942682743073, -0.9890785217285156, 0.0, 349.14312744140625], [0.9890785217285156, -0.14738942682743073, 0.0, 1825.3316650390625], [0.0, 0.0, 1.0, 0.0], [0.0, 0.0, 0.0, 1.0]], "pose_inverse": [[-0.14738942682743073, 0.9890785217285156, 0.0, -1753.9364013671875], [-0.9890785217285156, -0.14738942682743073, 0.0, 614.3645629882812], [0.0, 0.0, 1.0, 0.0], [0.0, 0.0, 0.0, 1.0]], "cam_ids": [0, 1, 2, 3, 4, 5], "cam_channels": ["CAM_FRONT_LEFT", "CAM_FRONT", "CAM_FRONT_RIGHT", "CAM_BACK_LEFT", "CAM_BACK", "CAM_BACK_RIGHT"], "token": "8fa07b104b904d22970d2f8946a0b771", "scene": "scene-1016"}, {"images": ["samples/CAM_FRONT_LEFT/n015-2018-11-14-19-09-14+0800__CAM_FRONT_LEFT__1542194036604844.jpg", "samples/CAM_FRONT/n015-2018-11-14-19-09-14+0800__CAM_FRONT__1542194036612460.jpg", "samples/CAM_FRONT_RIGHT/n015-2018-11-14-19-09-14+0800__CAM_FRONT_RIGHT__1542194036620339.jpg", "samples/CAM_BACK_LEFT/n015-2018-11-14-19-09-14+0800__CAM_BACK_LEFT__1542194036647423.jpg", "samples/CAM_BACK/n015-2018-11-14-19-09-14+0800__CAM_BACK__1542194036637525.jpg", "samples/CAM_BACK_RIGHT/n015-2018-11-14-19-09-14+0800__CAM_BACK_RIGHT__1542194036627893.jpg"], "intrinsics": [[[1272.5979470598488, 0.0, 826.6154927353808], [0.0, 1272.5979470598488, 479.75165386361925], [0.0, 0.0, 1.0]], [[1266.417203046554, 0.0, 816.2670197447984], [0.0, 1266.417203046554, 491.50706579294757], [0.0, 0.0, 1.0]], [[1260.8474446004698, 0.0, 807.968244525554], [0.0, 1260.8474446004698, 495.3344268742088], [0.0, 0.0, 1.0]], [[1256.7414812095406, 0.0, 792.1125740759628], [0.0, 1256.7414812095406, 492.7757465151356], [0.0, 0.0, 1.0]], [[809.2209905677063, 0.0, 829.2196003259838], [0.0, 809.2209905677063, 481.77842384512485], [0.0, 0.0, 1.0]], [[1259.5137405846733, 0.0, 807.2529053838625], [0.0, 1259.5137405846733, 501.19579884916527], [0.0, 0.0, 1.0]]], "extrinsics": [[[0.8212931156158447, -0.5700697898864746, -0.022316519170999527, -0.7222900390625], [-0.023673316463828087, 0.005029648542404175, -0.9997071027755737, 1.5012702941894531], [0.5700150728225708, 0.8215807676315308, -0.009364626370370388, -1.1136474609375], [0.0, 0.0, 0.0, 1.0]], [[0.006903945002704859, -0.9999755024909973, -0.001114093465730548, 0.0079345703125], [-0.02893410064280033, 0.0009138896712101996, -0.9995809197425842, 1.5134963989257812], [0.9995574951171875, 0.006933275610208511, -0.028927084058523178, -1.448974609375], [0.0, 0.0, 0.0, 1.0]], [[-0.832355797290802, -0.5541622638702393, 0.009374269284307957, 0.874267578125], [-0.023295648396015167, 0.018081484362483025, -0.999565064907074, 1.4991874694824219], [0.5537518262863159, -0.8322121500968933, -0.027959801256656647, -1.142333984375], [0.0, 0.0, 0.0, 1.0]], [[0.9475780129432678, 0.3190300166606903, -0.01776614971458912, -1.135986328125], [-0.014522243291139603, -0.012544018216431141, -0.999815821647644, 1.5884590148925781], [-0.31919410824775696, 0.9476615786552429, -0.007253405172377825, -0.1058349609375], [0.0, 0.0, 0.0, 1.0]], [[0.0018401320558041334, 0.9999951720237732, -0.002514935564249754, 0.00262451171875], [-0.039960362017154694, -0.0024393973872065544, -0.999198317527771, 1.576385498046875], [-0.9991995692253113, 0.0019391783280298114, 0.03995567932724953, -0.072509765625], [0.0, 0.0, 0.0, 1.0]], [[-0.9350668787956238, 0.35428452491760254, 0.011506015434861183, 1.0052490234375], [-0.007377105765044689, 0.013002656400203705, -0.9998882412910461, 1.550405502319336], [-0.3543945550918579, -0.9350472688674927, -0.009544759057462215, -0.11260986328125], [0.0, 0.0, 0.0, 1.0]]], "view": [[0.0, -2.0, 100.0], [-2.0, 0.0, 100.0], [0.0, 0.0, 1.0]], "bev": "bev_912bcd316338473e984f722011cd5d59.png", "aux": "aux_912bcd316338473e984f722011cd5d59.npz", "visibility": "visibility_912bcd316338473e984f722011cd5d59.png", "pose": [[-0.130672886967659, -0.9914255142211914, 0.0, 348.6702880859375], [0.9914255142211914, -0.130672886967659, 0.0, 1828.7845458984375], [0.0, 0.0, 1.0, 0.0], [0.0, 0.0, 0.0, 1.0]], "pose_inverse": [[-0.130672886967659, 0.9914255142211914, 0.0, -1767.5419921875], [-0.9914255142211914, -0.130672886967659, 0.0, 584.6531982421875], [0.0, 0.0, 1.0, 0.0], [0.0, 0.0, 0.0, 1.0]], "cam_ids": [0, 1, 2, 3, 4, 5], "cam_channels": ["CAM_FRONT_LEFT", "CAM_FRONT", "CAM_FRONT_RIGHT", "CAM_BACK_LEFT", "CAM_BACK", "CAM_BACK_RIGHT"], "token": "912bcd316338473e984f722011cd5d59", "scene": "scene-1016"}, {"images": ["samples/CAM_FRONT_LEFT/n015-2018-11-14-19-09-14+0800__CAM_FRONT_LEFT__1542194037104844.jpg", "samples/CAM_FRONT/n015-2018-11-14-19-09-14+0800__CAM_FRONT__1542194037112460.jpg", "samples/CAM_FRONT_RIGHT/n015-2018-11-14-19-09-14+0800__CAM_FRONT_RIGHT__1542194037120339.jpg", "samples/CAM_BACK_LEFT/n015-2018-11-14-19-09-14+0800__CAM_BACK_LEFT__1542194037147423.jpg", "samples/CAM_BACK/n015-2018-11-14-19-09-14+0800__CAM_BACK__1542194037137525.jpg", "samples/CAM_BACK_RIGHT/n015-2018-11-14-19-09-14+0800__CAM_BACK_RIGHT__1542194037127893.jpg"], "intrinsics": [[[1272.5979470598488, 0.0, 826.6154927353808], [0.0, 1272.5979470598488, 479.75165386361925], [0.0, 0.0, 1.0]], [[1266.417203046554, 0.0, 816.2670197447984], [0.0, 1266.417203046554, 491.50706579294757], [0.0, 0.0, 1.0]], [[1260.8474446004698, 0.0, 807.968244525554], [0.0, 1260.8474446004698, 495.3344268742088], [0.0, 0.0, 1.0]], [[1256.7414812095406, 0.0, 792.1125740759628], [0.0, 1256.7414812095406, 492.7757465151356], [0.0, 0.0, 1.0]], [[809.2209905677063, 0.0, 829.2196003259838], [0.0, 809.2209905677063, 481.77842384512485], [0.0, 0.0, 1.0]], [[1259.5137405846733, 0.0, 807.2529053838625], [0.0, 1259.5137405846733, 501.19579884916527], [0.0, 0.0, 1.0]]], "extrinsics": [[[0.8214617371559143, -0.569811999797821, -0.022692328318953514, -0.7459716796875], [-0.022173939272761345, 0.007846462540328503, -0.9997233152389526, 1.502349853515625], [0.5698323845863342, 0.8217375874519348, -0.006189408712089062, -1.1304931640625], [0.0, 0.0, 0.0, 1.0]], [[0.007017460186034441, -0.9999671578407288, -0.004052814561873674, 0.00811767578125], [-0.02745366096496582, 0.0038587283343076706, -0.9996156692504883, 1.5145416259765625], [0.9995984435081482, 0.00712602911517024, -0.027425676584243774, -1.474365234375], [0.0, 0.0, 0.0, 1.0]], [[-0.8323733806610107, -0.5541777610778809, 0.0064519355073571205, 0.89208984375], [-0.02183554694056511, 0.021159952506422997, -0.9995376467704773, 1.4999160766601562], [0.5537849068641663, -0.8321293592453003, -0.02971375361084938, -1.15380859375], [0.0, 0.0, 0.0, 1.0]], [[0.9477561116218567, 0.31863054633140564, -0.015262479893863201, -1.14111328125], [-0.01306618470698595, -0.009029258973896503, -0.9998738169670105, 1.588541030883789], [-0.31872814893722534, 0.9478360414505005, -0.004394249524921179, -0.1038818359375], [0.0, 0.0, 0.0, 1.0]], [[0.00214712368324399, 0.9999973177909851, 0.0008283535717055202, 0.0023193359375], [-0.03852958232164383, 0.0009104679920710623, -0.9992570281028748, 1.5769500732421875], [-0.9992551803588867, 0.0021136142313480377, 0.038531433790922165, -0.0609130859375], [0.0, 0.0, 0.0, 1.0]], [[-0.9350385069847107, 0.35436609387397766, 0.01129943411797285, 1.0211181640625], [-0.005940097849816084, 0.016207898035645485, -0.9998509883880615, 1.5507011413574219], [-0.35449647903442383, -0.9349663853645325, -0.013050041161477566, -0.10614013671875], [0.0, 0.0, 0.0, 1.0]]], "view": [[0.0, -2.0, 100.0], [-2.0, 0.0, 100.0], [0.0, 0.0, 1.0]], "bev": "bev_a2590d8c747a46bd8d97ce249621f345.png", "aux": "aux_a2590d8c747a46bd8d97ce249621f345.npz", "visibility": "visibility_a2590d8c747a46bd8d97ce249621f345.png", "pose": [[-0.10865234583616257, -0.9940798282623291, 0.0, 348.3053283691406], [0.9940798282623291, -0.10865234583616257, 0.0, 1831.969482421875], [0.0, 0.0, 1.0, 0.0], [0.0, 0.0, 0.0, 1.0]], "pose_inverse": [[-0.10865234583616257, 0.9940798282623291, 0.0, -1783.2796630859375], [-0.9940798282623291, -0.10865234583616257, 0.0, 545.2910766601562], [0.0, 0.0, 1.0, 0.0], [0.0, 0.0, 0.0, 1.0]], "cam_ids": [0, 1, 2, 3, 4, 5], "cam_channels": ["CAM_FRONT_LEFT", "CAM_FRONT", "CAM_FRONT_RIGHT", "CAM_BACK_LEFT", "CAM_BACK", "CAM_BACK_RIGHT"], "token": "a2590d8c747a46bd8d97ce249621f345", "scene": "scene-1016"}, {"images": ["samples/CAM_FRONT_LEFT/n015-2018-11-14-19-09-14+0800__CAM_FRONT_LEFT__1542194037654844.jpg", "samples/CAM_FRONT/n015-2018-11-14-19-09-14+0800__CAM_FRONT__1542194037662460.jpg", "samples/CAM_FRONT_RIGHT/n015-2018-11-14-19-09-14+0800__CAM_FRONT_RIGHT__1542194037670339.jpg", "samples/CAM_BACK_LEFT/n015-2018-11-14-19-09-14+0800__CAM_BACK_LEFT__1542194037697423.jpg", "samples/CAM_BACK/n015-2018-11-14-19-09-14+0800__CAM_BACK__1542194037687525.jpg", "samples/CAM_BACK_RIGHT/n015-2018-11-14-19-09-14+0800__CAM_BACK_RIGHT__1542194037677893.jpg"], "intrinsics": [[[1272.5979470598488, 0.0, 826.6154927353808], [0.0, 1272.5979470598488, 479.75165386361925], [0.0, 0.0, 1.0]], [[1266.417203046554, 0.0, 816.2670197447984], [0.0, 1266.417203046554, 491.50706579294757], [0.0, 0.0, 1.0]], [[1260.8474446004698, 0.0, 807.968244525554], [0.0, 1260.8474446004698, 495.3344268742088], [0.0, 0.0, 1.0]], [[1256.7414812095406, 0.0, 792.1125740759628], [0.0, 1256.7414812095406, 492.7757465151356], [0.0, 0.0, 1.0]], [[809.2209905677063, 0.0, 829.2196003259838], [0.0, 809.2209905677063, 481.77842384512485], [0.0, 0.0, 1.0]], [[1259.5137405846733, 0.0, 807.2529053838625], [0.0, 1259.5137405846733, 501.19579884916527], [0.0, 0.0, 1.0]]], "extrinsics": [[[0.8213996291160583, -0.5697848796844482, -0.025454115122556686, -0.7623291015625], [-0.022635644301772118, 0.012027066200971603, -0.999671459197998, 1.5026664733886719], [0.5699037313461304, 0.8217058777809143, -0.0030184201896190643, -1.1405029296875], [0.0, 0.0, 0.0, 1.0]], [[0.007021502126008272, -0.999940812587738, -0.008301951922476292, 0.0072021484375], [-0.027928028255701065, 0.008102823048830032, -0.9995771050453186, 1.5148811340332031], [0.9995852708816528, 0.00725038256496191, -0.027869481593370438, -1.490234375], [0.0, 0.0, 0.0, 1.0]], [[-0.8323325514793396, -0.5542583465576172, 0.004477561917155981, 0.90234375], [-0.02231963910162449, 0.0254436656832695, -0.9994270205497742, 1.5001220703125], [0.5538268685340881, -0.83195561170578, -0.03354844078421593, -1.161376953125], [0.0, 0.0, 0.0, 1.0]], [[0.9476621150970459, 0.31895124912261963, -0.014370339922606945, -1.1397705078125], [-0.01356144156306982, -0.004756809212267399, -0.9998967051506042, 1.5885200500488281], [-0.3189866244792938, 0.9477592706680298, -0.00018240905774291605, -0.1046142578125], [0.0, 0.0, 0.0, 1.0]], [[0.002037481404840946, 0.9999848008155823, 0.0051382556557655334, 0.002593994140625], [-0.03900614753365517, 0.005213829688727856, -0.999225378036499, 1.5770645141601562], [-0.9992368817329407, 0.0018354646163061261, 0.03901617228984833, -0.05712890625], [0.0, 0.0, 0.0, 1.0]], [[-0.9350473284721375, 0.35427477955818176, 0.013262400403618813, 1.0296630859375], [-0.006409672554582357, 0.020509477704763412, -0.9997691512107849, 1.5507030487060547], [-0.3544650375843048, -0.9349163770675659, -0.01690654829144478, -0.10345458984375], [0.0, 0.0, 0.0, 1.0]]], "view": [[0.0, -2.0, 100.0], [-2.0, 0.0, 100.0], [0.0, 0.0, 1.0]], "bev": "bev_932894ddd1044382beb851000a064af9.png", "aux": "aux_932894ddd1044382beb851000a064af9.npz", "visibility": "visibility_932894ddd1044382beb851000a064af9.png", "pose": [[-0.08438824117183685, -0.9964329600334167, 0.0, 348.0063781738281], [0.9964329600334167, -0.08438824117183685, 0.0, 1835.272705078125], [0.0, 0.0, 1.0, 0.0], [0.0, 0.0, 0.0, 1.0]], "pose_inverse": [[-0.08438824117183685, 0.9964329600334167, 0.0, -1799.3585205078125], [-0.9964329600334167, -0.08438824117183685, 0.0, 501.64044189453125], [0.0, 0.0, 1.0, 0.0], [0.0, 0.0, 0.0, 1.0]], "cam_ids": [0, 1, 2, 3, 4, 5], "cam_channels": ["CAM_FRONT_LEFT", "CAM_FRONT", "CAM_FRONT_RIGHT", "CAM_BACK_LEFT", "CAM_BACK", "CAM_BACK_RIGHT"], "token": "932894ddd1044382beb851000a064af9", "scene": "scene-1016"}, {"images": ["samples/CAM_FRONT_LEFT/n015-2018-11-14-19-09-14+0800__CAM_FRONT_LEFT__1542194038104844.jpg", "samples/CAM_FRONT/n015-2018-11-14-19-09-14+0800__CAM_FRONT__1542194038112460.jpg", "samples/CAM_FRONT_RIGHT/n015-2018-11-14-19-09-14+0800__CAM_FRONT_RIGHT__1542194038120339.jpg", "samples/CAM_BACK_LEFT/n015-2018-11-14-19-09-14+0800__CAM_BACK_LEFT__1542194038147423.jpg", "samples/CAM_BACK/n015-2018-11-14-19-09-14+0800__CAM_BACK__1542194038137525.jpg", "samples/CAM_BACK_RIGHT/n015-2018-11-14-19-09-14+0800__CAM_BACK_RIGHT__1542194038127893.jpg"], "intrinsics": [[[1272.5979470598488, 0.0, 826.6154927353808], [0.0, 1272.5979470598488, 479.75165386361925], [0.0, 0.0, 1.0]], [[1266.417203046554, 0.0, 816.2670197447984], [0.0, 1266.417203046554, 491.50706579294757], [0.0, 0.0, 1.0]], [[1260.8474446004698, 0.0, 807.968244525554], [0.0, 1260.8474446004698, 495.3344268742088], [0.0, 0.0, 1.0]], [[1256.7414812095406, 0.0, 792.1125740759628], [0.0, 1256.7414812095406, 492.7757465151356], [0.0, 0.0, 1.0]], [[809.2209905677063, 0.0, 829.2196003259838], [0.0, 809.2209905677063, 481.77842384512485], [0.0, 0.0, 1.0]], [[1259.5137405846733, 0.0, 807.2529053838625], [0.0, 1259.5137405846733, 501.19579884916527], [0.0, 0.0, 1.0]]], "extrinsics": [[[0.8214055895805359, -0.569709300994873, -0.02691064216196537, -0.7733154296875], [-0.02125355787575245, 0.016575250774621964, -0.999636709690094, 1.5032882690429688], [0.5699483752250671, 0.8216791152954102, 0.0015066559426486492, -1.1483154296875], [0.0, 0.0, 0.0, 1.0]], [[0.006882744841277599, -0.9998943209648132, -0.01280348002910614, 0.00714111328125], [-0.026558829471468925, 0.012616479769349098, -0.9995676279067993, 1.5154342651367188], [0.9996234774589539, 0.0072198170237243176, -0.026469184085726738, -1.5009765625], [0.0, 0.0, 0.0, 1.0]], [[-0.8324617147445679, -0.5540817975997925, 0.0008600811706855893, 0.9085693359375], [-0.02096419222652912, 0.029945718124508858, -0.9993315935134888, 1.5004959106445312], [0.5536857843399048, -0.8319233059883118, -0.036544542759656906, -1.16552734375], [0.0, 0.0, 0.0, 1.0]], [[0.947800874710083, 0.3186499774456024, -0.011648716405034065, -1.1385498046875], [-0.012236672453582287, -0.00015664537204429507, -0.9999251365661621, 1.5885124206542969], [-0.3186279237270355, 0.9478724598884583, 0.0037507449742406607, -0.1043701171875], [0.0, 0.0, 0.0, 1.0]], [[0.0022820173762738705, 0.9999503493309021, 0.009703679010272026, 0.00274658203125], [-0.03766307234764099, 0.009782763198018074, -0.9992426037788391, 1.5772247314453125], [-0.9992879033088684, 0.0019148193532600999, 0.03768352419137955, -0.054931640625], [0.0, 0.0, 0.0, 1.0]], [[-0.9349908232688904, 0.35441020131111145, 0.013620691373944283, 1.034423828125], [-0.005077353212982416, 0.025024596601724625, -0.9996739625930786, 1.5508842468261719], [-0.35463544726371765, -0.9347552061080933, -0.02159830369055271, -0.1015472412109375], [0.0, 0.0, 0.0, 1.0]]], "view": [[0.0, -2.0, 100.0], [-2.0, 0.0, 100.0], [0.0, 0.0, 1.0]], "bev": "bev_d828eee107fd4fa7b727946e6262fdad.png", "aux": "aux_d828eee107fd4fa7b727946e6262fdad.npz", "visibility": "visibility_d828eee107fd4fa7b727946e6262fdad.png", "pose": [[-0.06639812886714935, -0.9977931976318359, 0.0, 347.83099365234375], [0.9977931976318359, -0.06639812886714935, 0.0, 1837.73095703125], [0.0, 0.0, 1.0, 0.0], [0.0, 0.0, 0.0, 1.0]], "pose_inverse": [[-0.06639812886714935, 0.9977931976318359, 0.0, -1810.5802001953125], [-0.9977931976318359, -0.06639812886714935, 0.0, 469.0852966308594], [0.0, 0.0, 1.0, 0.0], [0.0, 0.0, 0.0, 1.0]], "cam_ids": [0, 1, 2, 3, 4, 5], "cam_channels": ["CAM_FRONT_LEFT", "CAM_FRONT", "CAM_FRONT_RIGHT", "CAM_BACK_LEFT", "CAM_BACK", "CAM_BACK_RIGHT"], "token": "d828eee107fd4fa7b727946e6262fdad", "scene": "scene-1016"}, {"images": ["samples/CAM_FRONT_LEFT/n015-2018-11-14-19-09-14+0800__CAM_FRONT_LEFT__1542194038654844.jpg", "samples/CAM_FRONT/n015-2018-11-14-19-09-14+0800__CAM_FRONT__1542194038662460.jpg", "samples/CAM_FRONT_RIGHT/n015-2018-11-14-19-09-14+0800__CAM_FRONT_RIGHT__1542194038670339.jpg", "samples/CAM_BACK_LEFT/n015-2018-11-14-19-09-14+0800__CAM_BACK_LEFT__1542194038697423.jpg", "samples/CAM_BACK/n015-2018-11-14-19-09-14+0800__CAM_BACK__1542194038687525.jpg", "samples/CAM_BACK_RIGHT/n015-2018-11-14-19-09-14+0800__CAM_BACK_RIGHT__1542194038677893.jpg"], "intrinsics": [[[1272.5979470598488, 0.0, 826.6154927353808], [0.0, 1272.5979470598488, 479.75165386361925], [0.0, 0.0, 1.0]], [[1266.417203046554, 0.0, 816.2670197447984], [0.0, 1266.417203046554, 491.50706579294757], [0.0, 0.0, 1.0]], [[1260.8474446004698, 0.0, 807.968244525554], [0.0, 1260.8474446004698, 495.3344268742088], [0.0, 0.0, 1.0]], [[1256.7414812095406, 0.0, 792.1125740759628], [0.0, 1256.7414812095406, 492.7757465151356], [0.0, 0.0, 1.0]], [[809.2209905677063, 0.0, 829.2196003259838], [0.0, 809.2209905677063, 481.77842384512485], [0.0, 0.0, 1.0]], [[1259.5137405846733, 0.0, 807.2529053838625], [0.0, 1259.5137405846733, 501.19579884916527], [0.0, 0.0, 1.0]]], "extrinsics": [[[0.8211543560028076, -0.5699676275253296, -0.029022524133324623, -0.7882080078125], [-0.01990005373954773, 0.022226855158805847, -0.9995548725128174, 1.5039443969726562], [0.5703590512275696, 0.8213663697242737, 0.00690929451957345, -1.15966796875], [0.0, 0.0, 0.0, 1.0]], [[0.006441020872443914, -0.9998096823692322, -0.01841365173459053, 0.00762939453125], [-0.025199271738529205, 0.01824590191245079, -0.999515950679779, 1.5160598754882812], [0.9996616840362549, 0.006901916582137346, -0.025076953694224358, -1.515625], [0.0, 0.0, 0.0, 1.0]], [[-0.8327083587646484, -0.5537014603614807, -0.0033701059874147177, 0.918212890625], [-0.01959305815398693, 0.03554737567901611, -0.9991758465766907, 1.5009078979492188], [0.5533649325370789, -0.831956148147583, -0.04044930636882782, -1.1715087890625], [0.0, 0.0, 0.0, 1.0]], [[0.9477673768997192, 0.31884273886680603, -0.008738826960325241, -1.1409912109375], [-0.011058132164180279, 0.005464682821184397, -0.9999238848686218, 1.5885448455810547], [-0.31877070665359497, 0.9477918148040771, 0.00870505440980196, -0.10400390625], [0.0, 0.0, 0.0, 1.0]], [[0.0024278925266116858, 0.9998797178268433, 0.015316489152610302, 0.0025634765625], [-0.03639199584722519, 0.015394734218716621, -0.9992190003395081, 1.5774993896484375], [-0.9993346333503723, 0.0018686017720028758, 0.036424994468688965, -0.049072265625], [0.0, 0.0, 0.0, 1.0]], [[-0.9348776936531067, 0.3546793460845947, 0.014358751475811005, 1.0426025390625], [-0.003729724558070302, 0.030633511021733284, -0.9995236992835999, 1.551055908203125], [-0.35495027899742126, -0.9344859719276428, -0.027315733954310417, -0.0984954833984375], [0.0, 0.0, 0.0, 1.0]]], "view": [[0.0, -2.0, 100.0], [-2.0, 0.0, 100.0], [0.0, 0.0, 1.0]], "bev": "bev_10fb1bba54ee4920a2df31e477871dea.png", "aux": "aux_10fb1bba54ee4920a2df31e477871dea.npz", "visibility": "visibility_10fb1bba54ee4920a2df31e477871dea.png", "pose": [[-0.041707638651132584, -0.9991298317909241, 0.0, 347.69989013671875], [0.9991298317909241, -0.041707638651132584, 0.0, 1840.580810546875], [0.0, 0.0, 1.0, 0.0], [0.0, 0.0, 0.0, 1.0]], "pose_inverse": [[-0.041707638651132584, 0.9991298317909241, 0.0, -1824.4775390625], [-0.9991298317909241, -0.041707638651132584, 0.0, 424.1636047363281], [0.0, 0.0, 1.0, 0.0], [0.0, 0.0, 0.0, 1.0]], "cam_ids": [0, 1, 2, 3, 4, 5], "cam_channels": ["CAM_FRONT_LEFT", "CAM_FRONT", "CAM_FRONT_RIGHT", "CAM_BACK_LEFT", "CAM_BACK", "CAM_BACK_RIGHT"], "token": "10fb1bba54ee4920a2df31e477871dea", "scene": "scene-1016"}, {"images": ["samples/CAM_FRONT_LEFT/n015-2018-11-14-19-09-14+0800__CAM_FRONT_LEFT__1542194039154844.jpg", "samples/CAM_FRONT/n015-2018-11-14-19-09-14+0800__CAM_FRONT__1542194039162460.jpg", "samples/CAM_FRONT_RIGHT/n015-2018-11-14-19-09-14+0800__CAM_FRONT_RIGHT__1542194039170339.jpg", "samples/CAM_BACK_LEFT/n015-2018-11-14-19-09-14+0800__CAM_BACK_LEFT__1542194039197423.jpg", "samples/CAM_BACK/n015-2018-11-14-19-09-14+0800__CAM_BACK__1542194039187525.jpg", "samples/CAM_BACK_RIGHT/n015-2018-11-14-19-09-14+0800__CAM_BACK_RIGHT__1542194039177893.jpg"], "intrinsics": [[[1272.5979470598488, 0.0, 826.6154927353808], [0.0, 1272.5979470598488, 479.75165386361925], [0.0, 0.0, 1.0]], [[1266.417203046554, 0.0, 816.2670197447984], [0.0, 1266.417203046554, 491.50706579294757], [0.0, 0.0, 1.0]], [[1260.8474446004698, 0.0, 807.968244525554], [0.0, 1260.8474446004698, 495.3344268742088], [0.0, 0.0, 1.0]], [[1256.7414812095406, 0.0, 792.1125740759628], [0.0, 1256.7414812095406, 492.7757465151356], [0.0, 0.0, 1.0]], [[809.2209905677063, 0.0, 829.2196003259838], [0.0, 809.2209905677063, 481.77842384512485], [0.0, 0.0, 1.0]], [[1259.5137405846733, 0.0, 807.2529053838625], [0.0, 1259.5137405846733, 501.19579884916527], [0.0, 0.0, 1.0]]], "extrinsics": [[[0.821295440196991, -0.5697493553161621, -0.029315825551748276, -0.7947998046875], [-0.018967900425195694, 0.02408742345869541, -0.9995298981666565, 1.5042953491210938], [0.5701876282691956, 0.8214654922485352, 0.008975942619144917, -1.1646728515625], [0.0, 0.0, 0.0, 1.0]], [[0.006730657536536455, -0.9997715353965759, -0.020284635946154594, 0.00799560546875], [-0.024199286475777626, 0.020116306841373444, -0.999504804611206, 1.5164222717285156], [0.9996843934059143, 0.007218198385089636, -0.02405836433172226, -1.52392578125], [0.0, 0.0, 0.0, 1.0]], [[-0.8325134515762329, -0.5539790391921997, -0.005330643616616726, 0.925048828125], [-0.0185089111328125, 0.03742905333638191, -0.9991278648376465, 1.5011863708496094], [0.5536953806877136, -0.8316887021064758, -0.041413743048906326, -1.1756591796875], [0.0, 0.0, 0.0, 1.0]], [[0.9477933645248413, 0.31881609559059143, -0.006640687584877014, -1.14111328125], [-0.009490439668297768, 0.007385977078229189, -0.9999276995658875, 1.5885486602783203], [-0.3187440037727356, 0.9477877616882324, 0.010026084259152412, -0.10400390625], [0.0, 0.0, 0.0, 1.0]], [[0.002292199758812785, 0.9998488426208496, 0.017236730083823204, 0.002410888671875], [-0.035025209188461304, 0.01730647124350071, -0.9992365837097168, 1.5776824951171875], [-0.999383807182312, 0.0016867292579263449, 0.03505958244204521, -0.0457763671875], [0.0, 0.0, 0.0, 1.0]], [[-0.9349878430366516, 0.35440734028816223, 0.013895807787775993, 1.0482177734375], [-0.002521753078326583, 0.032534871250391006, -0.9994674324989319, 1.5511798858642578], [-0.3546707034111023, -0.9345249533653259, -0.029525987803936005, -0.095855712890625], [0.0, 0.0, 0.0, 1.0]]], "view": [[0.0, -2.0, 100.0], [-2.0, 0.0, 100.0], [0.0, 0.0, 1.0]], "bev": "bev_3148bf741f71410fa63f75fa6a8071fc.png", "aux": "aux_3148bf741f71410fa63f75fa6a8071fc.npz", "visibility": "visibility_3148bf741f71410fa63f75fa6a8071fc.png", "pose": [[-0.0216259453445673, -0.9997661113739014, 0.0, 347.6476745605469], [0.9997661113739014, -0.0216259453445673, 0.0, 1843.03759765625], [0.0, 0.0, 1.0, 0.0], [0.0, 0.0, 0.0, 1.0]], "pose_inverse": [[-0.0216259453445673, 0.9997661113739014, 0.0, -1835.08837890625], [-0.9997661113739014, -0.0216259453445673, 0.0, 387.4237976074219], [0.0, 0.0, 1.0, 0.0], [0.0, 0.0, 0.0, 1.0]], "cam_ids": [0, 1, 2, 3, 4, 5], "cam_channels": ["CAM_FRONT_LEFT", "CAM_FRONT", "CAM_FRONT_RIGHT", "CAM_BACK_LEFT", "CAM_BACK", "CAM_BACK_RIGHT"], "token": "3148bf741f71410fa63f75fa6a8071fc", "scene": "scene-1016"}, {"images": ["samples/CAM_FRONT_LEFT/n015-2018-11-14-19-09-14+0800__CAM_FRONT_LEFT__1542194039654844.jpg", "samples/CAM_FRONT/n015-2018-11-14-19-09-14+0800__CAM_FRONT__1542194039662460.jpg", "samples/CAM_FRONT_RIGHT/n015-2018-11-14-19-09-14+0800__CAM_FRONT_RIGHT__1542194039670339.jpg", "samples/CAM_BACK_LEFT/n015-2018-11-14-19-09-14+0800__CAM_BACK_LEFT__1542194039697423.jpg", "samples/CAM_BACK/n015-2018-11-14-19-09-14+0800__CAM_BACK__1542194039687525.jpg", "samples/CAM_BACK_RIGHT/n015-2018-11-14-19-09-14+0800__CAM_BACK_RIGHT__1542194039677893.jpg"], "intrinsics": [[[1272.5979470598488, 0.0, 826.6154927353808], [0.0, 1272.5979470598488, 479.75165386361925], [0.0, 0.0, 1.0]], [[1266.417203046554, 0.0, 816.2670197447984], [0.0, 1266.417203046554, 491.50706579294757], [0.0, 0.0, 1.0]], [[1260.8474446004698, 0.0, 807.968244525554], [0.0, 1260.8474446004698, 495.3344268742088], [0.0, 0.0, 1.0]], [[1256.7414812095406, 0.0, 792.1125740759628], [0.0, 1256.7414812095406, 492.7757465151356], [0.0, 0.0, 1.0]], [[809.2209905677063, 0.0, 829.2196003259838], [0.0, 809.2209905677063, 481.77842384512485], [0.0, 0.0, 1.0]], [[1259.5137405846733, 0.0, 807.2529053838625], [0.0, 1259.5137405846733, 501.19579884916527], [0.0, 0.0, 1.0]]], "extrinsics": [[[0.821183979511261, -0.5699424743652344, -0.02868097461760044, -0.8067626953125], [-0.017631052061915398, 0.024896007031202316, -0.999534547328949, 1.5048370361328125], [0.5703911781311035, 0.8213074207305908, 0.010395516641438007, -1.17169189453125], [0.0, 0.0, 0.0, 1.0]], [[0.006450865417718887, -0.999757707118988, -0.021045083180069923, 0.006744384765625], [-0.022941887378692627, 0.02089201658964157, -0.9995185136795044, 1.5168952941894531], [0.9997159242630005, 0.006930574309080839, -0.022801553830504417, -1.534423828125], [0.0, 0.0, 0.0, 1.0]], [[-0.8327000737190247, -0.5536839365959167, -0.0066900611855089664, 0.93017578125], [-0.01734665036201477, 0.038160290569067, -0.9991210699081421, 1.501495361328125], [0.5534525513648987, -0.8318520784378052, -0.041380636394023895, -1.1802978515625], [0.0, 0.0, 0.0, 1.0]], [[0.9477985501289368, 0.31881842017173767, -0.005737661384046078, -1.1397705078125], [-0.00873100571334362, 0.007960553281009197, -0.999930202960968, 1.5885334014892578], [-0.3187505006790161, 0.9477824568748474, 0.010328604839742184, -0.10455322265625], [0.0, 0.0, 0.0, 1.0]], [[0.0024135569110512733, 0.9998379349708557, 0.017844323068857193, 0.0028076171875], [-0.034111104905605316, 0.017916306853294373, -0.9992574453353882, 1.5777740478515625], [-0.9994150996208191, 0.0018030748469755054, 0.034148816019296646, -0.0445556640625], [0.0, 0.0, 0.0, 1.0]], [[-0.9349050521850586, 0.35465332865715027, 0.01317150704562664, 1.052490234375], [-0.0014831621665507555, 0.033208802342414856, -0.9994473457336426, 1.5513105392456055], [-0.354894757270813, -0.9344080090522766, -0.03052106685936451, -0.095184326171875], [0.0, 0.0, 0.0, 1.0]]], "view": [[0.0, -2.0, 100.0], [-2.0, 0.0, 100.0], [0.0, 0.0, 1.0]], "bev": "bev_17a1229c91da4ef1999c9a20cb72f816.png", "aux": "aux_17a1229c91da4ef1999c9a20cb72f816.npz", "visibility": "visibility_17a1229c91da4ef1999c9a20cb72f816.png", "pose": [[-0.003355999942868948, -0.9999943971633911, 0.0, 347.6363525390625], [0.9999943971633911, -0.003355999942868948, 0.0, 1845.319091796875], [0.0, 0.0, 1.0, 0.0], [0.0, 0.0, 0.0, 1.0]], "pose_inverse": [[-0.003355999942868948, 0.9999943971633911, 0.0, -1844.14208984375], [-0.9999943971633911, -0.003355999942868948, 0.0, 353.8272705078125], [0.0, 0.0, 1.0, 0.0], [0.0, 0.0, 0.0, 1.0]], "cam_ids": [0, 1, 2, 3, 4, 5], "cam_channels": ["CAM_FRONT_LEFT", "CAM_FRONT", "CAM_FRONT_RIGHT", "CAM_BACK_LEFT", "CAM_BACK", "CAM_BACK_RIGHT"], "token": "17a1229c91da4ef1999c9a20cb72f816", "scene": "scene-1016"}, {"images": ["samples/CAM_FRONT_LEFT/n015-2018-11-14-19-09-14+0800__CAM_FRONT_LEFT__1542194040154844.jpg", "samples/CAM_FRONT/n015-2018-11-14-19-09-14+0800__CAM_FRONT__1542194040162460.jpg", "samples/CAM_FRONT_RIGHT/n015-2018-11-14-19-09-14+0800__CAM_FRONT_RIGHT__1542194040170339.jpg", "samples/CAM_BACK_LEFT/n015-2018-11-14-19-09-14+0800__CAM_BACK_LEFT__1542194040197423.jpg", "samples/CAM_BACK/n015-2018-11-14-19-09-14+0800__CAM_BACK__1542194040187525.jpg", "samples/CAM_BACK_RIGHT/n015-2018-11-14-19-09-14+0800__CAM_BACK_RIGHT__1542194040177893.jpg"], "intrinsics": [[[1272.5979470598488, 0.0, 826.6154927353808], [0.0, 1272.5979470598488, 479.75165386361925], [0.0, 0.0, 1.0]], [[1266.417203046554, 0.0, 816.2670197447984], [0.0, 1266.417203046554, 491.50706579294757], [0.0, 0.0, 1.0]], [[1260.8474446004698, 0.0, 807.968244525554], [0.0, 1260.8474446004698, 495.3344268742088], [0.0, 0.0, 1.0]], [[1256.7414812095406, 0.0, 792.1125740759628], [0.0, 1256.7414812095406, 492.7757465151356], [0.0, 0.0, 1.0]], [[809.2209905677063, 0.0, 829.2196003259838], [0.0, 809.2209905677063, 481.77842384512485], [0.0, 0.0, 1.0]], [[1259.5137405846733, 0.0, 807.2529053838625], [0.0, 1259.5137405846733, 501.19579884916527], [0.0, 0.0, 1.0]]], "extrinsics": [[[0.82127845287323, -0.5696665644645691, -0.031330645084381104, -0.8138427734375], [-0.018641214817762375, 0.02809223160147667, -0.9994314908981323, 1.5047950744628906], [0.5702228546142578, 0.8213956356048584, 0.012452268972992897, -1.1771240234375], [0.0, 0.0, 0.0, 1.0]], [[0.006673869676887989, -0.9996837973594666, -0.02424440160393715, 0.007293701171875], [-0.02386697195470333, 0.024078793823719025, -0.9994251132011414, 1.5169105529785156], [0.9996927976608276, 0.007248674053698778, -0.023698726668953896, -1.5418701171875], [0.0, 0.0, 0.0, 1.0]], [[-0.8325566053390503, -0.5538855195045471, -0.007768410257995129, 0.9354248046875], [-0.018181925639510155, 0.04134061932563782, -0.9989796280860901, 1.5014762878417969], [0.5536414384841919, -0.831565797328949, -0.04448910802602768, -1.1832275390625], [0.0, 0.0, 0.0, 1.0]], [[0.9478104114532471, 0.31879210472106934, -0.005195088218897581, -1.1402587890625], [-0.009224272333085537, 0.011130500584840775, -0.9998955130577087, 1.5885372161865234], [-0.3187009394168854, 0.9477593302726746, 0.013490230776369572, -0.1044921875], [0.0, 0.0, 0.0, 1.0]], [[0.0