[{"images": ["samples/CAM_FRONT_LEFT/n015-2018-07-11-11-54-16+0800__CAM_FRONT_LEFT__1531281546654844.jpg", "samples/CAM_FRONT/n015-2018-07-11-11-54-16+0800__CAM_FRONT__1531281546662460.jpg", "samples/CAM_FRONT_RIGHT/n015-2018-07-11-11-54-16+0800__CAM_FRONT_RIGHT__1531281546670339.jpg", "samples/CAM_BACK_LEFT/n015-2018-07-11-11-54-16+0800__CAM_BACK_LEFT__1531281546697423.jpg", "samples/CAM_BACK/n015-2018-07-11-11-54-16+0800__CAM_BACK__1531281546687525.jpg", "samples/CAM_BACK_RIGHT/n015-2018-07-11-11-54-16+0800__CAM_BACK_RIGHT__1531281546677893.jpg"], "intrinsics": [[[1272.5979470598488, 0.0, 826.6154927353808], [0.0, 1272.5979470598488, 479.75165386361925], [0.0, 0.0, 1.0]], [[1266.417203046554, 0.0, 816.2670197447984], [0.0, 1266.417203046554, 491.50706579294757], [0.0, 0.0, 1.0]], [[1260.8474446004698, 0.0, 807.968244525554], [0.0, 1260.8474446004698, 495.3344268742088], [0.0, 0.0, 1.0]], [[1256.7414812095406, 0.0, 792.1125740759628], [0.0, 1256.7414812095406, 492.7757465151356], [0.0, 0.0, 1.0]], [[809.2209905677063, 0.0, 829.2196003259838], [0.0, 809.2209905677063, 481.77842384512485], [0.0, 0.0, 1.0]], [[1259.5137405846733, 0.0, 807.2529053838625], [0.0, 1259.5137405846733, 501.19579884916527], [0.0, 0.0, 1.0]]], "extrinsics": [[[0.8200327157974243, -0.572154700756073, 0.013616451993584633, -0.7100830078125], [0.007608913350850344, -0.012890517711639404, -0.9998879432678223, 1.5106382369995117], [0.572266161441803, 0.8200444579124451, -0.0062171695753932, -1.1064453125], [0.0, 0.0, 0.0, 1.0]], [[0.004606505390256643, -0.9998445510864258, 0.01701953634619713, 0.0089874267578125], [0.0023546945303678513, -0.0170088242739439, -0.9998525977134705, 1.5211834907531738], [0.9999865889549255, 0.00464589660987258, 0.002275976352393627, -1.43603515625], [0.0, 0.0, 0.0, 1.0]], [[-0.8333186507225037, -0.5527516007423401, -0.006761359050869942, 0.864990234375], [0.008038269355893135, 0.00011343492224114016, -0.999967634677887, 1.505270004272461], [0.5527344942092896, -0.8333460688591003, 0.00434863893315196, -1.1351318359375], [0.0, 0.0, 0.0, 1.0]], [[0.9477182030677795, 0.31904882192611694, 0.006175283808261156, -1.126220703125], [0.01677827350795269, -0.03049543686211109, -0.9993940591812134, 1.5888500213623047], [-0.31866714358329773, 0.9472475051879883, -0.03425417095422745, -0.10943603515625], [0.0, 0.0, 0.0, 1.0]], [[0.002885551657527685, 0.9997871518135071, -0.020427720621228218, 0.00213623046875], [-0.008635662496089935, -0.020402129739522934, -0.9997545480728149, 1.5786457061767578], [-0.9999585151672363, 0.0030612745322287083, 0.00857495330274105, -0.0830078125], [0.0, 0.0, 0.0, 1.0]], [[-0.9344128966331482, 0.3553706705570221, -0.024171769618988037, 0.994873046875], [0.02396036498248577, -0.004996633157134056, -0.9997004270553589, 1.5550689697265625], [-0.35538503527641296, -0.9347121715545654, -0.0038458951748907566, -0.11572265625], [0.0, 0.0, 0.0, 1.0]]], "view": [[0.0, -2.0, 100.0], [-2.0, 0.0, 100.0], [0.0, 0.0, 1.0]], "bev": "bev_51f37263b06c417e94138f2d9348f909.png", "aux": "aux_51f37263b06c417e94138f2d9348f909.npz", "visibility": "visibility_51f37263b06c417e94138f2d9348f909.png", "pose": [[0.2664540112018585, -0.9638476371765137, 0.0, 601.2922973632812], [0.9638476371765137, 0.2664540112018585, 0.0, 1412.4278564453125], [0.0, 0.0, 1.0, 0.0], [0.0, 0.0, 0.0, 1.0]], "pose_inverse": [[0.2664540112018585, 0.9638476371765137, 0.0, -1521.58203125], [-0.9638476371765137, 0.2664540112018585, 0.0, 203.20709228515625], [0.0, 0.0, 1.0, 0.0], [0.0, 0.0, 0.0, 1.0]], "cam_ids": [0, 1, 2, 3, 4, 5], "cam_channels": ["CAM_FRONT_LEFT", "CAM_FRONT", "CAM_FRONT_RIGHT", "CAM_BACK_LEFT", "CAM_BACK", "CAM_BACK_RIGHT"], "token": "51f37263b06c417e94138f2d9348f909", "scene": "scene-0270"}, {"images": ["samples/CAM_FRONT_LEFT/n015-2018-07-11-11-54-16+0800__CAM_FRONT_LEFT__1531281547154844.jpg", "samples/CAM_FRONT/n015-2018-07-11-11-54-16+0800__CAM_FRONT__1531281547162460.jpg", "samples/CAM_FRONT_RIGHT/n015-2018-07-11-11-54-16+0800__CAM_FRONT_RIGHT__1531281547170339.jpg", "samples/CAM_BACK_LEFT/n015-2018-07-11-11-54-16+0800__CAM_BACK_LEFT__1531281547197423.jpg", "samples/CAM_BACK/n015-2018-07-11-11-54-16+0800__CAM_BACK__1531281547187525.jpg", "samples/CAM_BACK_RIGHT/n015-2018-07-11-11-54-16+0800__CAM_BACK_RIGHT__1531281547177893.jpg"], "intrinsics": [[[1272.5979470598488, 0.0, 826.6154927353808], [0.0, 1272.5979470598488, 479.75165386361925], [0.0, 0.0, 1.0]], [[1266.417203046554, 0.0, 816.2670197447984], [0.0, 1266.417203046554, 491.50706579294757], [0.0, 0.0, 1.0]], [[1260.8474446004698, 0.0, 807.968244525554], [0.0, 1260.8474446004698, 495.3344268742088], [0.0, 0.0, 1.0]], [[1256.7414812095406, 0.0, 792.1125740759628], [0.0, 1256.7414812095406, 492.7757465151356], [0.0, 0.0, 1.0]], [[809.2209905677063, 0.0, 829.2196003259838], [0.0, 809.2209905677063, 481.77842384512485], [0.0, 0.0, 1.0]], [[1259.5137405846733, 0.0, 807.2529053838625], [0.0, 1259.5137405846733, 501.19579884916527], [0.0, 0.0, 1.0]]], "extrinsics": [[[0.8202514052391052, -0.5719215273857117, 0.009663602337241173, -0.7152099609375], [0.0027302640955895185, -0.01297948881983757, -0.9999120831489563, 1.509099006652832], [0.5719966292381287, 0.820205569267273, -0.009084946475923061, -1.1083984375], [0.0, 0.0, 0.0, 1.0]], [[0.004914885386824608, -0.9998445510864258, 0.016932090744376183, 0.0076904296875], [-0.0025004642084240913, -0.016944531351327896, -0.9998533725738525, 1.519927740097046], [0.9999848008155823, 0.004871816840022802, -0.0025833563413470984, -1.44091796875], [0.0, 0.0, 0.0, 1.0]], [[-0.8332496285438538, -0.5528895258903503, -0.0028581118676811457, 0.867919921875], [0.003208980429917574, 0.000333186675561592, -0.9999948143959045, 1.5042779445648193], [0.5528876185417175, -0.8332543969154358, 0.001496584853157401, -1.138427734375], [0.0, 0.0, 0.0, 1.0]], [[0.9477624893188477, 0.31897035241127014, 0.002037102822214365, -1.1298828125], [0.012253076769411564, -0.030024657025933266, -0.9994739890098572, 1.5887184143066406], [-0.31874144077301025, 0.947288990020752, -0.0323646105825901, -0.10797119140625], [0.0, 0.0, 0.0, 1.0]], [[0.0027153610717505217, 0.9997963905334473, -0.019993240013718605, 0.002655029296875], [-0.013311251066625118, -0.019955404102802277, -0.9997122883796692, 1.578293800354004], [-0.9999076724052429, 0.002980734221637249, 0.01325435284525156, -0.07861328125], [0.0, 0.0, 0.0, 1.0]], [[-0.9345609545707703, 0.3552633821964264, -0.019587639719247818, 0.999267578125], [0.0191896241158247, -0.004644299391657114, -0.9998050928115845, 1.55426025390625], [-0.35528507828712463, -0.9347547292709351, -0.002476990222930908, -0.115020751953125], [0.0, 0.0, 0.0, 1.0]]], "view": [[0.0, -2.0, 100.0], [-2.0, 0.0, 100.0], [0.0, 0.0, 1.0]], "bev": "bev_d14ff11d28f8410a83aae3cd04de0203.png", "aux": "aux_d14ff11d28f8410a83aae3cd04de0203.npz", "visibility": "visibility_d14ff11d28f8410a83aae3cd04de0203.png", "pose": [[0.2526979446411133, -0.967545211315155, 0.0, 602.2019653320312], [0.967545211315155, 0.2526979446411133, 0.0, 1415.764892578125], [0.0, 0.0, 1.0, 0.0], [0.0, 0.0, 0.0, 1.0]], "pose_inverse": [[0.2526979446411133, 0.967545211315155, 0.0, -1521.99169921875], [-0.967545211315155, 0.2526979446411133, 0.0, 224.89674377441406], [0.0, 0.0, 1.0, 0.0], [0.0, 0.0, 0.0, 1.0]], "cam_ids": [0, 1, 2, 3, 4, 5], "cam_channels": ["CAM_FRONT_LEFT", "CAM_FRONT", "CAM_FRONT_RIGHT", "CAM_BACK_LEFT", "CAM_BACK", "CAM_BACK_RIGHT"], "token": "d14ff11d28f8410a83aae3cd04de0203", "scene": "scene-0270"}, {"images": ["samples/CAM_FRONT_LEFT/n015-2018-07-11-11-54-16+0800__CAM_FRONT_LEFT__1531281547604844.jpg", "samples/CAM_FRONT/n015-2018-07-11-11-54-16+0800__CAM_FRONT__1531281547612460.jpg", "samples/CAM_FRONT_RIGHT/n015-2018-07-11-11-54-16+0800__CAM_FRONT_RIGHT__1531281547620339.jpg", "samples/CAM_BACK_LEFT/n015-2018-07-11-11-54-16+0800__CAM_BACK_LEFT__1531281547647423.jpg", "samples/CAM_BACK/n015-2018-07-11-11-54-16+0800__CAM_BACK__1531281547637532.jpg", "samples/CAM_BACK_RIGHT/n015-2018-07-11-11-54-16+0800__CAM_BACK_RIGHT__1531281547627893.jpg"], "intrinsics": [[[1272.5979470598488, 0.0, 826.6154927353808], [0.0, 1272.5979470598488, 479.75165386361925], [0.0, 0.0, 1.0]], [[1266.417203046554, 0.0, 816.2670197447984], [0.0, 1266.417203046554, 491.50706579294757], [0.0, 0.0, 1.0]], [[1260.8474446004698, 0.0, 807.968244525554], [0.0, 1260.8474446004698, 495.3344268742088], [0.0, 0.0, 1.0]], [[1256.7414812095406, 0.0, 792.1125740759628], [0.0, 1256.7414812095406, 492.7757465151356], [0.0, 0.0, 1.0]], [[809.2209905677063, 0.0, 829.2196003259838], [0.0, 809.2209905677063, 481.77842384512485], [0.0, 0.0, 1.0]], [[1259.5137405846733, 0.0, 807.2529053838625], [0.0, 1259.5137405846733, 501.19579884916527], [0.0, 0.0, 1.0]]], "extrinsics": [[[0.8207746148109436, -0.5710991024971008, 0.013217251747846603, -0.7271728515625], [0.005215708166360855, -0.015644455328583717, -0.9998640418052673, 1.5097789764404297], [0.5712282061576843, 0.8207319974899292, -0.009861884638667107, -1.11676025390625], [0.0, 0.0, 0.0, 1.0]], [[0.005702529102563858, -0.9997872710227966, 0.01982303336262703, 0.00775146484375], [-0.00013827165821567178, -0.01982414536178112, -0.9998034834861755, 1.52052640914917], [0.9999837875366211, 0.0056986636482179165, -0.00025129038840532303, -1.453125], [0.0, 0.0, 0.0, 1.0]], [[-0.8328644633293152, -0.5534688234329224, -0.0030053164809942245, 0.8763427734375], [0.0054265339858829975, -0.0027360282838344574, -0.9999815225601196, 1.5046663284301758], [0.5534504055976868, -0.8328653573989868, 0.005282159894704819, -1.1435546875], [0.0, 0.0, 0.0, 1.0]], [[0.9477138519287109, 0.3191116154193878, 0.0025121772196143866, -1.131103515625], [0.013938289135694504, -0.03352741897106171, -0.9993405938148499, 1.5887336730957031], [-0.3188169598579407, 0.9471239447593689, -0.036222267895936966, -0.1077880859375], [0.0, 0.0, 0.0, 1.0]], [[0.002443281700834632, 0.9997233152389526, -0.023396193981170654, 0.0025177001953125], [-0.01142128650099039, -0.023366838693618774, -0.9996617436408997, 1.5784988403320312], [-0.9999317526817322, 0.002709617605432868, 0.011361036449670792, -0.0745849609375], [0.0, 0.0, 0.0, 1.0]], [[-0.9347004890441895, 0.3547126352787018, -0.022669415920972824, 1.005859375], [0.021260667592287064, -0.007869004271924496, -0.9997429847717285, 1.554412841796875], [-0.3547998368740082, -0.9349423050880432, -0.00018626505334395915, -0.112274169921875], [0.0, 0.0, 0.0, 1.0]]], "view": [[0.0, -2.0, 100.0], [-2.0, 0.0, 100.0], [0.0, 0.0, 1.0]], "bev": "bev_8b93ca14a898421d88a437bbd88fb716.png", "aux": "aux_8b93ca14a898421d88a437bbd88fb716.npz", "visibility": "visibility_8b93ca14a898421d88a437bbd88fb716.png", "pose": [[0.24788640439510345, -0.9687891006469727, 0.0, 602.9681396484375], [0.9687891006469727, 0.24788640439510345, 0.0, 1418.6748046875], [0.0, 0.0, 1.0, 0.0], [0.0, 0.0, 0.0, 1.0]], "pose_inverse": [[0.24788640439510345, 0.9687891006469727, 0.0, -1523.8642578125], [-0.9687891006469727, 0.24788640439510345, 0.0, 232.47877502441406], [0.0, 0.0, 1.0, 0.0], [0.0, 0.0, 0.0, 1.0]], "cam_ids": [0, 1, 2, 3, 4, 5], "cam_channels": ["CAM_FRONT_LEFT", "CAM_FRONT", "CAM_FRONT_RIGHT", "CAM_BACK_LEFT", "CAM_BACK", "CAM_BACK_RIGHT"], "token": "8b93ca14a898421d88a437bbd88fb716", "scene": "scene-0270"}, {"images": ["samples/CAM_FRONT_LEFT/n015-2018-07-11-11-54-16+0800__CAM_FRONT_LEFT__1531281548104844.jpg", "samples/CAM_FRONT/n015-2018-07-11-11-54-16+0800__CAM_FRONT__1531281548112460.jpg", "samples/CAM_FRONT_RIGHT/n015-2018-07-11-11-54-16+0800__CAM_FRONT_RIGHT__1531281548120339.jpg", "samples/CAM_BACK_LEFT/n015-2018-07-11-11-54-16+0800__CAM_BACK_LEFT__1531281548147443.jpg", "samples/CAM_BACK/n015-2018-07-11-11-54-16+0800__CAM_BACK__1531281548137525.jpg", "samples/CAM_BACK_RIGHT/n015-2018-07-11-11-54-16+0800__CAM_BACK_RIGHT__1531281548127893.jpg"], "intrinsics": [[[1272.5979470598488, 0.0, 826.6154927353808], [0.0, 1272.5979470598488, 479.75165386361925], [0.0, 0.0, 1.0]], [[1266.417203046554, 0.0, 816.2670197447984], [0.0, 1266.417203046554, 491.50706579294757], [0.0, 0.0, 1.0]], [[1260.8474446004698, 0.0, 807.968244525554], [0.0, 1260.8474446004698, 495.3344268742088], [0.0, 0.0, 1.0]], [[1256.7414812095406, 0.0, 792.1125740759628], [0.0, 1256.7414812095406, 492.7757465151356], [0.0, 0.0, 1.0]], [[809.2209905677063, 0.0, 829.2196003259838], [0.0, 809.2209905677063, 481.77842384512485], [0.0, 0.0, 1.0]], [[1259.5137405846733, 0.0, 807.2529053838625], [0.0, 1259.5137405846733, 501.19579884916527], [0.0, 0.0, 1.0]]], "extrinsics": [[[0.821373462677002, -0.5702313780784607, 0.01348070241510868, -0.7374267578125], [0.004791985731571913, -0.016734696924686432, -0.9998484253883362, 1.509603500366211], [0.570370614528656, 0.8213136196136475, -0.011012895964086056, -1.1246337890625], [0.0, 0.0, 0.0, 1.0]], [[0.0065603372640907764, -0.9997613430023193, 0.020837891846895218, 0.0081939697265625], [-0.0005024201818741858, -0.020841635763645172, -0.9997826814651489, 1.5204517841339111], [0.9999783039093018, 0.006548374425619841, -0.0006390275084413588, -1.4635009765625], [0.0, 0.0, 0.0, 1.0]], [[-0.8324934244155884, -0.5540303587913513, -0.002219932386651635, 0.8828125], [0.00510832667350769, -0.0036690409760922194, -0.9999802112579346, 1.5045690536499023], [0.5540112853050232, -0.8324883580207825, 0.005884620826691389, -1.147705078125], [0.0, 0.0, 0.0, 1.0]], [[0.9477880001068115, 0.31889379024505615, 0.0021820662077516317, -1.1260986328125], [0.013852003030478954, -0.0343317836523056, -0.9993144869804382, 1.5888118743896484], [-0.31860020756721497, 0.9471685290336609, -0.03695656731724739, -0.1097412109375], [0.0, 0.0, 0.0, 1.0]], [[0.002249600598588586, 0.9997044801712036, -0.024204092100262642, 0.0023345947265625], [-0.011594150215387344, -0.024176454171538353, -0.9996404647827148, 1.5784969329833984], [-0.9999302625656128, 0.002529366407543421, 0.011536337435245514, -0.0740966796875], [0.0, 0.0, 0.0, 1.0]], [[-0.9348836541175842, 0.3542253077030182, -0.022737586870789528, 1.0106201171875], [0.021010709926486015, -0.0087208217009902, -0.9997411966323853, 1.5542716979980469], [-0.3543318510055542, -0.9351194500923157, 0.0007104279357008636, -0.110321044921875], [0.0, 0.0, 0.0, 1.0]]], "view": [[0.0, -2.0, 100.0], [-2.0, 0.0, 100.0], [0.0, 0.0, 1.0]], "bev": "bev_c48d2494401a419b8c56b7f413526bd8.png", "aux": "aux_c48d2494401a419b8c56b7f413526bd8.npz", "visibility": "visibility_c48d2494401a419b8c56b7f413526bd8.png", "pose": [[0.2605232894420624, -0.9654675722122192, 0.0, 603.7780151367188], [0.9654675722122192, 0.2605232894420624, 0.0, 1421.671875], [0.0, 0.0, 1.0, 0.0], [0.0, 0.0, 0.0, 1.0]], "pose_inverse": [[0.2605232894420624, 0.9654675722122192, 0.0, -1529.8763427734375], [-0.9654675722122192, 0.2605232894420624, 0.0, 212.5494384765625], [0.0, 0.0, 1.0, 0.0], [0.0, 0.0, 0.0, 1.0]], "cam_ids": [0, 1, 2, 3, 4, 5], "cam_channels": ["CAM_FRONT_LEFT", "CAM_FRONT", "CAM_FRONT_RIGHT", "CAM_BACK_LEFT", "CAM_BACK", "CAM_BACK_RIGHT"], "token": "c48d2494401a419b8c56b7f413526bd8", "scene": "scene-0270"}, {"images": ["samples/CAM_FRONT_LEFT/n015-2018-07-11-11-54-16+0800__CAM_FRONT_LEFT__1531281548604844.jpg", "samples/CAM_FRONT/n015-2018-07-11-11-54-16+0800__CAM_FRONT__1531281548612460.jpg", "samples/CAM_FRONT_RIGHT/n015-2018-07-11-11-54-16+0800__CAM_FRONT_RIGHT__1531281548620339.jpg", "samples/CAM_BACK_LEFT/n015-2018-07-11-11-54-16+0800__CAM_BACK_LEFT__1531281548647423.jpg", "samples/CAM_BACK/n015-2018-07-11-11-54-16+0800__CAM_BACK__1531281548637525.jpg", "samples/CAM_BACK_RIGHT/n015-2018-07-11-11-54-16+0800__CAM_BACK_RIGHT__1531281548627893.jpg"], "intrinsics": [[[1272.5979470598488, 0.0, 826.6154927353808], [0.0, 1272.5979470598488, 479.75165386361925], [0.0, 0.0, 1.0]], [[1266.417203046554, 0.0, 816.2670197447984], [0.0, 1266.417203046554, 491.50706579294757], [0.0, 0.0, 1.0]], [[1260.8474446004698, 0.0, 807.968244525554], [0.0, 1260.8474446004698, 495.3344268742088], [0.0, 0.0, 1.0]], [[1256.7414812095406, 0.0, 792.1125740759628], [0.0, 1256.7414812095406, 492.7757465151356], [0.0, 0.0, 1.0]], [[809.2209905677063, 0.0, 829.2196003259838], [0.0, 809.2209905677063, 481.77842384512485], [0.0, 0.0, 1.0]], [[1259.5137405846733, 0.0, 807.2529053838625], [0.0, 1259.5137405846733, 501.19579884916527], [0.0, 0.0, 1.0]]], "extrinsics": [[[0.8216302394866943, -0.5698665380477905, 0.013263086788356304, -0.753173828125], [0.0025036768056452274, -0.01965967006981373, -0.9998036026954651, 1.5088911056518555], [0.5700152516365051, 0.8215020895004272, -0.014726217836141586, -1.13299560546875], [0.0, 0.0, 0.0, 1.0]], [[0.006928275339305401, -0.9996935725212097, 0.023766471073031425, 0.0064239501953125], [-0.00281031453050673, -0.02378641441464424, -0.999713122844696, 1.5199289321899414], [0.9999719858169556, 0.006859461776912212, -0.0029742522165179253, -1.4783935546875], [0.0, 0.0, 0.0, 1.0]], [[-0.8323554396629333, -0.5542404651641846, 0.00136673788074404, 0.8919677734375], [0.002773885615170002, -0.006631706841289997, -0.9999741315841675, 1.5041100978851318], [0.5542352199554443, -0.8323301076889038, 0.007057338487356901, -1.1553955078125], [0.0, 0.0, 0.0, 1.0]], [[0.9477414488792419, 0.31903743743896484, -0.001152312965132296, -1.12744140625], [0.011360395699739456, -0.03735659644007683, -0.9992374181747437, 1.5887069702148438], [-0.31883713603019714, 0.947005569934845, -0.03902878612279892, -0.10791015625], [0.0, 0.0, 0.0, 1.0]], [[0.002040350344032049, 0.9996274709701538, -0.02722058817744255, 0.003204345703125], [-0.014012818224728107, -0.027189388871192932, -0.9995321035385132, 1.5783557891845703], [-0.999899685382843, 0.002420840784907341, 0.013952117413282394, -0.06884765625], [0.0, 0.0, 0.0, 1.0]], [[-0.9350027441978455, 0.3539833426475525, -0.021578608080744743, 1.0191650390625], [0.018641090020537376, -0.01170650776475668, -0.999757707118988, 1.553781509399414], [-0.3541502058506012, -0.9351785182952881, 0.004346981644630432, -0.108184814453125], [0.0, 0.0, 0.0, 1.0]]], "view": [[0.0, -2.0, 100.0], [-2.0, 0.0, 100.0], [0.0, 0.0, 1.0]], "bev": "bev_af4baa2810cf431695fbe4f3f5ce7951.png", "aux": "aux_af4baa2810cf431695fbe4f3f5ce7951.npz", "visibility": "visibility_af4baa2810cf431695fbe4f3f5ce7951.png", "pose": [[0.27802717685699463, -0.9605731964111328, 0.0, 604.5703735351562], [0.9605731964111328, 0.27802717685699463, 0.0, 1424.467529296875], [0.0, 0.0, 1.0, 0.0], [0.0, 0.0, 0.0, 1.0]], "pose_inverse": [[0.27802717685699463, 0.9605731964111328, 0.0, -1536.392333984375], [-0.9605731964111328, 0.27802717685699463, 0.0, 184.69342041015625], [0.0, 0.0, 1.0, 0.0], [0.0, 0.0, 0.0, 1.0]], "cam_ids": [0, 1, 2, 3, 4, 5], "cam_channels": ["CAM_FRONT_LEFT", "CAM_FRONT", "CAM_FRONT_RIGHT", "CAM_BACK_LEFT", "CAM_BACK", "CAM_BACK_RIGHT"], "token": "af4baa2810cf431695fbe4f3f5ce7951", "scene": "scene-0270"}, {"images": ["samples/CAM_FRONT_LEFT/n015-2018-07-11-11-54-16+0800__CAM_FRONT_LEFT__1531281549104844.jpg", "samples/CAM_FRONT/n015-2018-07-11-11-54-16+0800__CAM_FRONT__1531281549112460.jpg", "samples/CAM_FRONT_RIGHT/n015-2018-07-11-11-54-16+0800__CAM_FRONT_RIGHT__1531281549120339.jpg", "samples/CAM_BACK_LEFT/n015-2018-07-11-11-54-16+0800__CAM_BACK_LEFT__1531281549147423.jpg", "samples/CAM_BACK/n015-2018-07-11-11-54-16+0800__CAM_BACK__1531281549137525.jpg", "samples/CAM_BACK_RIGHT/n015-2018-07-11-11-54-16+0800__CAM_BACK_RIGHT__1531281549127893.jpg"], "intrinsics": [[[1272.5979470598488, 0.0, 826.6154927353808], [0.0, 1272.5979470598488, 479.75165386361925], [0.0, 0.0, 1.0]], [[1266.417203046554, 0.0, 816.2670197447984], [0.0, 1266.417203046554, 491.50706579294757], [0.0, 0.0, 1.0]], [[1260.8474446004698, 0.0, 807.968244525554], [0.0, 1260.8474446004698, 495.3344268742088], [0.0, 0.0, 1.0]], [[1256.7414812095406, 0.0, 792.1125740759628], [0.0, 1256.7414812095406, 492.7757465151356], [0.0, 0.0, 1.0]], [[809.2209905677063, 0.0, 829.2196003259838], [0.0, 809.2209905677063, 481.77842384512485], [0.0, 0.0, 1.0]], [[1259.5137405846733, 0.0, 807.2529053838625], [0.0, 1259.5137405846733, 501.19579884916527], [0.0, 0.0, 1.0]]], "extrinsics": [[[0.8209822177886963, -0.5707712769508362, 0.014433614909648895, -0.7686767578125], [0.003458060324192047, -0.020308563485741615, -0.9997878074645996, 1.5090827941894531], [0.570943295955658, 0.8208578824996948, -0.014699207618832588, -1.14422607421875], [0.0, 0.0, 0.0, 1.0]], [[0.005989341530948877, -0.9996827840805054, 0.024459777399897575, 0.00653076171875], [-0.0017586249159649014, -0.02447071112692356, -0.9996989965438843, 1.5201947689056396], [0.9999805092811584, 0.005944470409303904, -0.0019046309171244502, -1.49462890625], [0.0, 0.0, 0.0, 1.0]], [[-0.8327555060386658, -0.5536404252052307, 0.000792557024396956, 0.903564453125], [0.0039434367790818214, -0.0073629869148135185, -0.9999650716781616, 1.5042572021484375], [0.5536268949508667, -0.8327232599258423, 0.008314813487231731, -1.16278076171875], [0.0, 0.0, 0.0, 1.0]], [[0.9476706981658936, 0.31924939155578613, 3.1384723115479574e-05, -1.1343994140625], [0.012852913700044155, -0.03805479034781456, -0.999193012714386, 1.5886993408203125], [-0.318990558385849, 0.946906328201294, -0.040166694670915604, -0.107177734375], [0.0, 0.0, 0.0, 1.0]], [[0.0022793354000896215, 0.9996066093444824, -0.027953116223216057, 0.0026092529296875], [-0.012637491337954998, -0.027922162786126137, -0.9995301961898804, 1.5785865783691406], [-0.9999175667762756, 0.002631510840728879, 0.012568877078592777, -0.0601806640625], [0.0, 0.0, 0.0, 1.0]], [[-0.9347850680351257, 0.3544660806655884, -0.023033320903778076, 1.029541015625], [0.019906947389245033, -0.012464513070881367, -0.9997241497039795, 1.5537223815917969], [-0.3546554446220398, -0.9349857568740845, 0.004595303907990456, -0.10400390625], [0.0, 0.0, 0.0, 1.0]]], "view": [[0.0, -2.0, 100.0], [-2.0, 0.0, 100.0], [0.0, 0.0, 1.0]], "bev": "bev_8d74da149b1041cf8f0ff4a23c53342c.png", "aux": "aux_8d74da149b1041cf8f0ff4a23c53342c.npz", "visibility": "visibility_8d74da149b1041cf8f0ff4a23c53342c.png", "pose": [[0.2906462550163269, -0.9568305611610413, 0.0, 605.3836059570312], [0.9568305611610413, 0.2906462550163269, 0.0, 1427.153564453125], [0.0, 0.0, 1.0, 0.0], [0.0, 0.0, 0.0, 1.0]], "pose_inverse": [[0.2906462550163269, 0.9568305611610413, 0.0, -1541.4967041015625], [-0.9568305611610413, 0.2906462550163269, 0.0, 164.45269775390625], [0.0, 0.0, 1.0, 0.0], [0.0, 0.0, 0.0, 1.0]], "cam_ids": [0, 1, 2, 3, 4, 5], "cam_channels": ["CAM_FRONT_LEFT", "CAM_FRONT", "CAM_FRONT_RIGHT", "CAM_BACK_LEFT", "CAM_BACK", "CAM_BACK_RIGHT"], "token": "8d74da149b1041cf8f0ff4a23c53342c", "scene": "scene-0270"}, {"images": ["samples/CAM_FRONT_LEFT/n015-2018-07-11-11-54-16+0800__CAM_FRONT_LEFT__1531281549604844.jpg", "samples/CAM_FRONT/n015-2018-07-11-11-54-16+0800__CAM_FRONT__1531281549612460.jpg", "samples/CAM_FRONT_RIGHT/n015-2018-07-11-11-54-16+0800__CAM_FRONT_RIGHT__1531281549620339.jpg", "samples/CAM_BACK_LEFT/n015-2018-07-11-11-54-16+0800__CAM_BACK_LEFT__1531281549647423.jpg", "samples/CAM_BACK/n015-2018-07-11-11-54-16+0800__CAM_BACK__1531281549637525.jpg", "samples/CAM_BACK_RIGHT/n015-2018-07-11-11-54-16+0800__CAM_BACK_RIGHT__1531281549627893.jpg"], "intrinsics": [[[1272.5979470598488, 0.0, 826.6154927353808], [0.0, 1272.5979470598488, 479.75165386361925], [0.0, 0.0, 1.0]], [[1266.417203046554, 0.0, 816.2670197447984], [0.0, 1266.417203046554, 491.50706579294757], [0.0, 0.0, 1.0]], [[1260.8474446004698, 0.0, 807.968244525554], [0.0, 1260.8474446004698, 495.3344268742088], [0.0, 0.0, 1.0]], [[1256.7414812095406, 0.0, 792.1125740759628], [0.0, 1256.7414812095406, 492.7757465151356], [0.0, 0.0, 1.0]], [[809.2209905677063, 0.0, 829.2196003259838], [0.0, 809.2209905677063, 481.77842384512485], [0.0, 0.0, 1.0]], [[1259.5137405846733, 0.0, 807.2529053838625], [0.0, 1259.5137405846733, 501.19579884916527], [0.0, 0.0, 1.0]]], "extrinsics": [[[0.8208403587341309, -0.5708803534507751, 0.01779787242412567, -0.77880859375], [0.008494650013744831, -0.018955426290631294, -0.9997842311859131, 1.510157585144043], [0.5710945129394531, 0.8208144307136536, -0.010709949769079685, -1.14892578125], [0.0, 0.0, 0.0, 1.0]], [[0.005786181427538395, -0.9997178912162781, 0.023034391924738884, 0.0051116943359375], [0.0031392574310302734, -0.02301650680601597, -0.9997301697731018, 1.521101474761963], [0.999978244304657, 0.005856895819306374, 0.003005193779245019, -1.50390625], [0.0, 0.0, 0.0, 1.0]], [[-0.8327856659889221, -0.5535807609558105, -0.004032884258776903, 0.908935546875], [0.008700916543602943, -0.005804635584354401, -0.9999452829360962, 1.5049238204956055], [0.5535270571708679, -0.8327752351760864, 0.009650679305195808, -1.167724609375], [0.0, 0.0, 0.0, 1.0]], [[0.9477329254150391, 0.3190281391143799, 0.004834212362766266, -1.1361083984375], [0.017184726893901825, -0.035909540951251984, -0.9992072582244873, 1.5886402130126953], [-0.3186016082763672, 0.9470646977424622, -0.03951506316661835, -0.10504150390625], [0.0, 0.0, 0.0, 1.0]], [[0.0025065401569008827, 0.9996576309204102, -0.026046104729175568, 0.0034637451171875], [-0.00817994587123394, -0.026024818420410156, -0.9996278882026672, 1.5788679122924805], [-0.9999633431434631, 0.002718710107728839, 0.008111911825835705, -0.0562744140625], [0.0, 0.0, 0.0, 1.0]], [[-0.9346520304679871, 0.35455557703971863, -0.02675565704703331, 1.034912109375], [0.02452452853322029, -0.010785766877233982, -0.9996410608291626, 1.554107666015625], [-0.35471683740615845, -0.9349727034568787, 0.001385631738230586, -0.102783203125], [0.0, 0.0, 0.0, 1.0]]], "view": [[0.0, -2.0, 100.0], [-2.0, 0.0, 100.0], [0.0, 0.0, 1.0]], "bev": "bev_752c9911f5184076b7498c32913821be.png", "aux": "aux_752c9911f5184076b7498c32913821be.npz", "visibility": "visibility_752c9911f5184076b7498c32913821be.png", "pose": [[0.2915955185890198, -0.9565417170524597, 0.0, 606.1491088867188], [0.9565417170524597, 0.2915955185890198, 0.0, 1429.6888427734375], [0.0, 0.0, 1.0, 0.0], [0.0, 0.0, 0.0, 1.0]], "pose_inverse": [[0.2915955185890198, 0.9565417170524597, 0.0, -1544.307373046875], [-0.9565417170524597, 0.2915955185890198, 0.0, 162.9160614013672], [0.0, 0.0, 1.0, 0.0], [0.0, 0.0, 0.0, 1.0]], "cam_ids": [0, 1, 2, 3, 4, 5], "cam_channels": ["CAM_FRONT_LEFT", "CAM_FRONT", "CAM_FRONT_RIGHT", "CAM_BACK_LEFT", "CAM_BACK", "CAM_BACK_RIGHT"], "token": "752c9911f5184076b7498c32913821be", "scene": "scene-0270"}, {"images": ["samples/CAM_FRONT_LEFT/n015-2018-07-11-11-54-16+0800__CAM_FRONT_LEFT__1531281550154844.jpg", "samples/CAM_FRONT/n015-2018-07-11-11-54-16+0800__CAM_FRONT__1531281550162460.jpg", "samples/CAM_FRONT_RIGHT/n015-2018-07-11-11-54-16+0800__CAM_FRONT_RIGHT__1531281550170339.jpg", "samples/CAM_BACK_LEFT/n015-2018-07-11-11-54-16+0800__CAM_BACK_LEFT__1531281550197423.jpg", "samples/CAM_BACK/n015-2018-07-11-11-54-16+0800__CAM_BACK__1531281550187525.jpg", "samples/CAM_BACK_RIGHT/n015-2018-07-11-11-54-16+0800__CAM_BACK_RIGHT__1531281550177893.jpg"], "intrinsics": [[[1272.5979470598488, 0.0, 826.6154927353808], [0.0, 1272.5979470598488, 479.75165386361925], [0.0, 0.0, 1.0]], [[1266.417203046554, 0.0, 816.2670197447984], [0.0, 1266.417203046554, 491.50706579294757], [0.0, 0.0, 1.0]], [[1260.8474446004698, 0.0, 807.968244525554], [0.0, 1260.8474446004698, 495.3344268742088], [0.0, 0.0, 1.0]], [[1256.7414812095406, 0.0, 792.1125740759628], [0.0, 1256.7414812095406, 492.7757465151356], [0.0, 0.0, 1.0]], [[809.2209905677063, 0.0, 829.2196003259838], [0.0, 809.2209905677063, 481.77842384512485], [0.0, 0.0, 1.0]], [[1259.5137405846733, 0.0, 807.2529053838625], [0.0, 1259.5137405846733, 501.19579884916527], [0.0, 0.0, 1.0]]], "extrinsics": [[[0.8207771182060242, -0.5710723400115967, 0.01418655551970005, -0.7872314453125], [0.004075661301612854, -0.0189795084297657, -0.9998115301132202, 1.5091381072998047], [0.5712339878082275, 0.8206802606582642, -0.013250448741018772, -1.15704345703125], [0.0, 0.0, 0.0, 1.0]], [[0.0057072448544204235, -0.9997183680534363, 0.023032445460557938, 0.0063323974609375], [-0.0013735092943534255, -0.023040639236569405, -0.999733567237854, 1.520294427871704], [0.9999827146530151, 0.005674091633409262, -0.0015046214684844017, -1.51318359375], [0.0, 0.0, 0.0, 1.0]], [[-0.8328735828399658, -0.5534632205963135, -0.00016541422519367188, 0.91552734375], [0.004063710570335388, -0.00581637118011713, -0.99997478723526, 1.5042166709899902], [0.5534483194351196, -0.8328533172607422, 0.007093416061252356, -1.17083740234375], [0.0, 0.0, 0.0, 1.0]], [[0.9477270245552063, 0.3190821409225464, -0.00034661786048673093, -1.13427734375], [0.011721085757017136, -0.0358990915119648, -0.9992866516113281, 1.5886611938476562], [-0.3188669979572296, 0.9470469355583191, -0.03776252642273903, -0.1065673828125], [0.0, 0.0, 0.0, 1.0]], [[0.0024236487224698067, 0.9996579885482788, -0.026041172444820404, 0.00286865234375], [-0.013295204378664494, -0.026006735861301422, -0.9995733499526978, 1.5786075592041016], [-0.9999087452888489, 0.0027687782421708107, 0.01322762481868267, -0.0546875], [0.0, 0.0, 0.0, 1.0]], [[-0.9347336888313293, 0.3546527028083801, -0.02223358303308487, 1.0394287109375], [0.01969538815319538, -0.01076558418571949, -0.9997480511665344, 1.5534934997558594], [-0.3548027276992798, -0.9349361658096313, 0.0030779324006289244, -0.1002197265625], [0.0, 0.0, 0.0, 1.0]]], "view": [[0.0, -2.0, 100.0], [-2.0, 0.0, 100.0], [0.0, 0.0, 1.0]], "bev": "bev_5f610345cd6841f2afef4769153b5fe5.png", "aux": "aux_5f610345cd6841f2afef4769153b5fe5.npz", "visibility": "visibility_5f610345cd6841f2afef4769153b5fe5.png", "pose": [[0.29075953364372253, -0.9567961692810059, 0.0, 606.9593505859375], [0.9567961692810059, 0.29075953364372253, 0.0, 1432.3502197265625], [0.0, 0.0, 1.0, 0.0], [0.0, 0.0, 0.0, 1.0]], "pose_inverse": [[0.29075953364372253, 0.9567961692810059, 0.0, -1546.9464111328125], [-0.9567961692810059, 0.29075953364372253, 0.0, 164.2668914794922], [0.0, 0.0, 1.0, 0.0], [0.0, 0.0, 0.0, 1.0]], "cam_ids": [0, 1, 2, 3, 4, 5], "cam_channels": ["CAM_FRONT_LEFT", "CAM_FRONT", "CAM_FRONT_RIGHT", "CAM_BACK_LEFT", "CAM_BACK", "CAM_BACK_RIGHT"], "token": "5f610345cd6841f2afef4769153b5fe5", "scene": "scene-0270"}, {"images": ["samples/CAM_FRONT_LEFT/n015-2018-07-11-11-54-16+0800__CAM_FRONT_LEFT__1531281550604844.jpg", "samples/CAM_FRONT/n015-2018-07-11-11-54-16+0800__CAM_FRONT__1531281550612460.jpg", "samples/CAM_FRONT_RIGHT/n015-2018-07-11-11-54-16+0800__CAM_FRONT_RIGHT__1531281550620339.jpg", "samples/CAM_BACK_LEFT/n015-2018-07-11-11-54-16+0800__CAM_BACK_LEFT__1531281550647423.jpg", "samples/CAM_BACK/n015-2018-07-11-11-54-16+0800__CAM_BACK__1531281550637525.jpg", "samples/CAM_BACK_RIGHT/n015-2018-07-11-11-54-16+0800__CAM_BACK_RIGHT__1531281550627893.jpg"], "intrinsics": [[[1272.5979470598488, 0.0, 826.6154927353808], [0.0, 1272.5979470598488, 479.75165386361925], [0.0, 0.0, 1.0]], [[1266.417203046554, 0.0, 816.2670197447984], [0.0, 1266.417203046554, 491.50706579294757], [0.0, 0.0, 1.0]], [[1260.8474446004698, 0.0, 807.968244525554], [0.0, 1260.8474446004698, 495.3344268742088], [0.0, 0.0, 1.0]], [[1256.7414812095406, 0.0, 792.1125740759628], [0.0, 1256.7414812095406, 492.7757465151356], [0.0, 0.0, 1.0]], [[809.2209905677063, 0.0, 829.2196003259838], [0.0, 809.2209905677063, 481.77842384512485], [0.0, 0.0, 1.0]], [[1259.5137405846733, 0.0, 807.2529053838625], [0.0, 1259.5137405846733, 501.19579884916527], [0.0, 0.0, 1.0]]], "extrinsics": [[[0.8207593560218811, -0.5711161494255066, 0.013427939265966415, -0.7862548828125], [-0.0006314577185548842, -0.024412216618657112, -0.9997017979621887, 1.5081361532211304], [0.571273684501648, 0.8205060958862305, -0.020397191867232323, -1.1568603515625], [0.0, 0.0, 0.0, 1.0]], [[0.005709426943212748, -0.9995762705802917, 0.02854039892554283, 0.0068359375], [-0.005874494556337595, -0.02857390232384205, -0.9995744228363037, 1.519495964050293], [0.9999664425849915, 0.005539351608604193, -0.00603514676913619, -1.511962890625], [0.0, 0.0, 0.0, 1.0]], [[-0.8329077363014221, -0.5533734560012817, 0.006510700099170208, 0.9141845703125], [-0.00019461975898593664, -0.01147176418453455, -0.9999341368675232, 1.5036219358444214], [0.5534117817878723, -0.8328542113304138, 0.009447228163480759, -1.16949462890625], [0.0, 0.0, 0.0, 1.0]], [[0.9476525187492371, 0.31926196813583374, -0.005135437473654747, -1.1341552734375], [0.008757218718528748, -0.04206418991088867, -0.9990765452384949, 1.5886669158935547], [-0.3191831707954407, 0.9467324614524841, -0.04265808314085007, -0.107177734375], [0.0, 0.0, 0.0, 1.0]], [[0.0022661471739411354, 0.9994848966598511, -0.03201291337609291, 0.00244140625], [-0.01671440713107586, -0.031970664858818054, -0.999349057674408, 1.5783958435058594], [-0.9998577237129211, 0.0027997330762445927, 0.016633346676826477, -0.056396484375], [0.0, 0.0, 0.0, 1.0]], [[-0.9347967505455017, 0.3545822501182556, -0.02064942754805088, 1.037353515625], [0.015802808105945587, -0.016559213399887085, -0.9997379779815674, 1.5531272888183594], [-0.3548312485218048, -0.9348781704902649, 0.00987610686570406, -0.10064697265625], [0.0, 0.0, 0.0, 1.0]]], "view": [[0.0, -2.0, 100.0], [-2.0, 0.0, 100.0], [0.0, 0.0, 1.0]], "bev": "bev_32d941ca626c458381f13c0c7ab267b8.png", "aux": "aux_32d941ca626c458381f13c0c7ab267b8.npz", "visibility": "visibility_32d941ca626c458381f13c0c7ab267b8.png", "pose": [[0.28670358657836914, -0.9580193161964417, 0.0, 607.592529296875], [0.9580193161964417, 0.28670358657836914, 0.0, 1434.4439697265625], [0.0, 0.0, 1.0, 0.0], [0.0, 0.0, 0.0, 1.0]], "pose_inverse": [[0.28670358657836914, 0.9580193161964417, 0.0, -1548.424072265625], [-0.9580193161964417, 0.28670358657836914, 0.0, 170.8251495361328], [0.0, 0.0, 1.0, 0.0], [0.0, 0.0, 0.0, 1.0]], "cam_ids": [0, 1, 2, 3, 4, 5], "cam_channels": ["CAM_FRONT_LEFT", "CAM_FRONT", "CAM_FRONT_RIGHT", "CAM_BACK_LEFT", "CAM_BACK", "CAM_BACK_RIGHT"], "token": "32d941ca626c458381f13c0c7ab267b8", "scene": "scene-0270"}, {"images": ["samples/CAM_FRONT_LEFT/n015-2018-07-11-11-54-16+0800__CAM_FRONT_LEFT__1531281551104844.jpg", "samples/CAM_FRONT/n015-2018-07-11-11-54-16+0800__CAM_FRONT__1531281551112460.jpg", "samples/CAM_FRONT_RIGHT/n015-2018-07-11-11-54-16+0800__CAM_FRONT_RIGHT__1531281551120339.jpg", "samples/CAM_BACK_LEFT/n015-2018-07-11-11-54-16+0800__CAM_BACK_LEFT__1531281551147423.jpg", "samples/CAM_BACK/n015-2018-07-11-11-54-16+0800__CAM_BACK__1531281551137525.jpg", "samples/CAM_BACK_RIGHT/n015-2018-07-11-11-54-16+0800__CAM_BACK_RIGHT__1531281551127893.jpg"], "intrinsics": [[[1272.5979470598488, 0.0, 826.6154927353808], [0.0, 1272.5979470598488, 479.75165386361925], [0.0, 0.0, 1.0]], [[1266.417203046554, 0.0, 816.2670197447984], [0.0, 1266.417203046554, 491.50706579294757], [0.0, 0.0, 1.0]], [[1260.8474446004698, 0.0, 807.968244525554], [0.0, 1260.8474446004698, 495.3344268742088], [0.0, 0.0, 1.0]], [[1256.7414812095406, 0.0, 792.1125740759628], [0.0, 1256.7414812095406, 492.7757465151356], [0.0, 0.0, 1.0]], [[809.2209905677063, 0.0, 829.2196003259838], [0.0, 809.2209905677063, 481.77842384512485], [0.0, 0.0, 1.0]], [[1259.5137405846733, 0.0, 807.2529053838625], [0.0, 1259.5137405846733, 501.19579884916527], [0.0, 0.0, 1.0]]], "extrinsics": [[[0.8201776742935181, -0.5716078281402588, 0.023940004408359528, -0.803955078125], [0.010150532238185406, -0.027299506589770317, -0.9995757341384888, 1.5102405548095703], [0.5720188021659851, 0.8200728297233582, -0.016588322818279266, -1.16802978515625], [0.0, 0.0, 0.0, 1.0]], [[0.004850064404308796, -0.9994927048683167, 0.03147765249013901, 0.0058746337890625], [0.004642527550458908, -0.03145517781376839, -0.9994943737983704, 1.5212898254394531], [0.9999774694442749, 0.004993785172700882, 0.004487612284719944, -1.5294189453125], [0.0, 0.0, 0.0, 1.0]], [[-0.8331737518310547, -0.5530112981796265, -0.0004461888747755438, 0.925537109375], [0.010063000954687595, -0.014354330487549305, -0.999846339225769, 1.5049362182617188], [0.552919864654541, -0.8330501317977905, 0.017524603754281998, -1.177734375], [0.0, 0.0, 0.0, 1.0]], [[0.9477696418762207, 0.3189440071582794, 0.002718829782679677, -1.1322021484375], [0.01800164207816124, -0.044978972524404526, -0.99882572889328, 1.5887336730957031], [-0.31844720244407654, 0.94670569896698, -0.048371221870183945, -0.10687255859375], [0.0, 0.0, 0.0, 1.0]], [[0.002856994979083538, 0.9993870854377747, -0.03489084541797638, 0.003082275390625], [-0.007156751584261656, -0.03486965596675873, -0.999366283416748, 1.5789680480957031], [-0.9999703168869019, 0.0031048606615513563, 0.007052742410451174, -0.051513671875], [0.0, 0.0, 0.0, 1.0]], [[-0.9344300627708435, 0.3547978699207306, -0.030966242775321007, 1.04736328125], [0.0257391557097435, -0.019443992525339127, -0.9994795918464661, 1.5538978576660156], [-0.3552153408527374, -0.9347409009933472, 0.009036852978169918, -0.09747314453125], [0.0, 0.0, 0.0, 1.0]]], "view": [[0.0, -2.0, 100.0], [-2.0, 0.0, 100.0], [0.0, 0.0, 1.0]], "bev": "bev_6a02dd6bc13a457b9af4dc88220e269e.png", "aux": "aux_6a02dd6bc13a457b9af4dc88220e269e.npz", "visibility": "visibility_6a02dd6bc13a457b9af4dc88220e269e.png", "pose": [[0.279814749956131, -0.9600540399551392, 0.0, 608.2535400390625], [0.9600540399551392, 0.279814749956131, 0.0, 1436.690673828125], [0.0, 0.0, 1.0, 0.0], [0.0, 0.0, 0.0, 1.0]], "pose_inverse": [[0.279814749956131, 0.9600540399551392, 0.0, -1549.4989013671875], [-0.9600540399551392, 0.279814749956131, 0.0, 181.9490203857422], [0.0, 0.0, 1.0, 0.0], [0.0, 0.0, 0.0, 1.0]], "cam_ids": [0, 1, 2, 3, 4, 5], "cam_channels": ["CAM_FRONT_LEFT", "CAM_FRONT", "CAM_FRONT_RIGHT", "CAM_BACK_LEFT", "CAM_BACK", "CAM_BACK_RIGHT"], "token": "6a02dd6bc13a457b9af4dc88220e269e", "scene": "scene-0270"}, {"images": ["samples/CAM_FRONT_LEFT/n015-2018-07-11-11-54-16+0800__CAM_FRONT_LEFT__1531281551604844.jpg", "samples/CAM_FRONT/n015-2018-07-11-11-54-16+0800__CAM_FRONT__1531281551612460.jpg", "samples/CAM_FRONT_RIGHT/n015-2018-07-11-11-54-16+0800__CAM_FRONT_RIGHT__1531281551620339.jpg", "samples/CAM_BACK_LEFT/n015-2018-07-11-11-54-16+0800__CAM_BACK_LEFT__1531281551647423.jpg", "samples/CAM_BACK/n015-2018-07-11-11-54-16+0800__CAM_BACK__1531281551637525.jpg", "samples/CAM_BACK_RIGHT/n015-2018-07-11-11-54-16+0800__CAM_BACK_RIGHT__1531281551627893.jpg"], "intrinsics": [[[1272.5979470598488, 0.0, 826.6154927353808], [0.0, 1272.5979470598488, 479.75165386361925], [0.0, 0.0, 1.0]], [[1266.417203046554, 0.0, 816.2670197447984], [0.0, 1266.417203046554, 491.50706579294757], [0.0, 0.0, 1.0]], [[1260.8474446004698, 0.0, 807.968244525554], [0.0, 1260.8474446004698, 495.3344268742088], [0.0, 0.0, 1.0]], [[1256.7414812095406, 0.0, 792.1125740759628], [0.0, 1256.7414812095406, 492.7757465151356], [0.0, 0.0, 1.0]], [[809.2209905677063, 0.0, 829.2196003259838], [0.0, 809.2209905677063, 481.77842384512485], [0.0, 0.0, 1.0]], [[1259.5137405846733, 0.0, 807.2529053838625], [0.0, 1259.5137405846733, 501.19579884916527], [0.0, 0.0, 1.0]]], "extrinsics": [[[0.8201985359191895, -0.571530818939209, 0.02503606118261814, -0.8104248046875], [0.013849436305463314, -0.023913342505693436, -0.9996180534362793, 1.5108489990234375], [0.5719112753868103, 0.8202321529388428, -0.011698310263454914, -1.1715087890625], [0.0, 0.0, 0.0, 1.0]], [[0.004891568329185247, -0.999592125415802, 0.028137052431702614, 0.0052032470703125], [0.008518069982528687, -0.028094720095396042, -0.9995689988136292, 1.5218505859375], [0.9999518394470215, 0.005129123572260141, 0.008377166464924812, -1.53515625], [0.0, 0.0, 0.0, 1.0]], [[-0.833092987537384, -0.5531038045883179, -0.005670462269335985, 0.9288330078125], [0.014120043255388737, -0.01101737655699253, -0.9998395442962646, 1.5053939819335938], [0.5529526472091675, -0.8330394625663757, 0.016988351941108704, -1.1805419921875], [0.0, 0.0, 0.0, 1.0]], [[0.9476726055145264, 0.3191421627998352, 0.008065522648394108, -1.1322021484375], [0.02259957790374756, -0.04186413437128067, -0.9988676905632019, 1.5887985229492188], [-0.31844308972358704, 0.9467817544937134, -0.04688596725463867, -0.10723876953125], [0.0, 0.0, 0.0, 1.0]], [[0.0028773616068065166, 0.9994941353797913, -0.03167586028575897, 0.0030517578125], [-0.0027487161569297314, -0