[{"images": ["samples/CAM_FRONT_LEFT/n015-2018-08-03-15-00-36+0800__CAM_FRONT_LEFT__1533279638754844.jpg", "samples/CAM_FRONT/n015-2018-08-03-15-00-36+0800__CAM_FRONT__1533279638762460.jpg", "samples/CAM_FRONT_RIGHT/n015-2018-08-03-15-00-36+0800__CAM_FRONT_RIGHT__1533279638770339.jpg", "samples/CAM_BACK_LEFT/n015-2018-08-03-15-00-36+0800__CAM_BACK_LEFT__1533279638797423.jpg", "samples/CAM_BACK/n015-2018-08-03-15-00-36+0800__CAM_BACK__1533279638787525.jpg", "samples/CAM_BACK_RIGHT/n015-2018-08-03-15-00-36+0800__CAM_BACK_RIGHT__1533279638777893.jpg"], "intrinsics": [[[1272.5979470598488, 0.0, 826.6154927353808], [0.0, 1272.5979470598488, 479.75165386361925], [0.0, 0.0, 1.0]], [[1266.417203046554, 0.0, 816.2670197447984], [0.0, 1266.417203046554, 491.50706579294757], [0.0, 0.0, 1.0]], [[1260.8474446004698, 0.0, 807.968244525554], [0.0, 1260.8474446004698, 495.3344268742088], [0.0, 0.0, 1.0]], [[1256.7414812095406, 0.0, 792.1125740759628], [0.0, 1256.7414812095406, 492.7757465151356], [0.0, 0.0, 1.0]], [[809.2209905677063, 0.0, 829.2196003259838], [0.0, 809.2209905677063, 481.77842384512485], [0.0, 0.0, 1.0]], [[1259.5137405846733, 0.0, 807.2529053838625], [0.0, 1259.5137405846733, 501.19579884916527], [0.0, 0.0, 1.0]]], "extrinsics": [[[0.8205528259277344, -0.5715705156326294, -0.0003196169272996485, -0.801422119140625], [0.0008152609225362539, 0.0017295873258262873, -0.999998152256012, 1.5084108114242554], [0.5715700387954712, 0.8205510973930359, 0.0018851968925446272, -1.1663818359375], [0.0, 0.0, 0.0, 1.0]], [[0.005389699712395668, -0.9999828338623047, 0.002282711211591959, 0.00592041015625], [-0.004488808568567038, -0.0023069153539836407, -0.9999873042106628, 1.5197887420654297], [0.9999753832817078, 0.005379362963140011, -0.004501165356487036, -1.5264892578125], [0.0, 0.0, 0.0, 1.0]], [[-0.833047091960907, -0.5531255006790161, -0.009197571314871311, 0.923095703125], [0.0011298682074993849, 0.014924835413694382, -0.9998879432678223, 1.5037927627563477], [0.5532007813453674, -0.8329641819000244, -0.011808131821453571, -1.17620849609375], [0.0, 0.0, 0.0, 1.0]], [[0.9477508664131165, 0.3189816474914551, 0.004353759810328484, -1.1295166015625], [0.009766676463186741, -0.015371850691735744, -0.9998341202735901, 1.588681697845459], [-0.31886178255081177, 0.9476361274719238, -0.017684075981378555, -0.10772705078125], [0.0, 0.0, 0.0, 1.0]], [[0.002514433581382036, 0.9999821782112122, -0.005407870281487703, 0.0029296875], [-0.015640443190932274, -0.005367899313569069, -0.9998632669448853, 1.5784835815429688], [-0.9998745322227478, 0.0025986763648688793, 0.01562667079269886, -0.053955078125], [0.0, 0.0, 0.0, 1.0]], [[-0.934701144695282, 0.3552192747592926, -0.01236568670719862, 1.0447998046875], [0.01700141839683056, 0.009931765496730804, -0.9998061656951904, 1.5531139373779297], [-0.35502761602401733, -0.9347302913665771, -0.015322466380894184, -0.09832763671875], [0.0, 0.0, 0.0, 1.0]]], "view": [[0.0, -2.0, 100.0], [-2.0, 0.0, 100.0], [0.0, 0.0, 1.0]], "bev": "bev_316870c2f0c94de69e7c5523ede49901.png", "aux": "aux_316870c2f0c94de69e7c5523ede49901.npz", "visibility": "visibility_316870c2f0c94de69e7c5523ede49901.png", "pose": [[-0.621136486530304, 0.7837023735046387, 0.0, 191.17669677734375], [-0.7837023735046387, -0.621136486530304, 0.0, 1133.6026611328125], [0.0, 0.0, 1.0, 0.0], [0.0, 0.0, 0.0, 1.0]], "pose_inverse": [[-0.621136486530304, -0.7837023735046387, 0.0, 1007.1539306640625], [0.7837023735046387, -0.621136486530304, 0.0, 554.29638671875], [0.0, 0.0, 1.0, 0.0], [0.0, 0.0, 0.0, 1.0]], "cam_ids": [0, 1, 2, 3, 4, 5], "cam_channels": ["CAM_FRONT_LEFT", "CAM_FRONT", "CAM_FRONT_RIGHT", "CAM_BACK_LEFT", "CAM_BACK", "CAM_BACK_RIGHT"], "token": "316870c2f0c94de69e7c5523ede49901", "scene": "scene-0360"}, {"images": ["samples/CAM_FRONT_LEFT/n015-2018-08-03-15-00-36+0800__CAM_FRONT_LEFT__1533279639254844.jpg", "samples/CAM_FRONT/n015-2018-08-03-15-00-36+0800__CAM_FRONT__1533279639262460.jpg", "samples/CAM_FRONT_RIGHT/n015-2018-08-03-15-00-36+0800__CAM_FRONT_RIGHT__1533279639270339.jpg", "samples/CAM_BACK_LEFT/n015-2018-08-03-15-00-36+0800__CAM_BACK_LEFT__1533279639297423.jpg", "samples/CAM_BACK/n015-2018-08-03-15-00-36+0800__CAM_BACK__1533279639287525.jpg", "samples/CAM_BACK_RIGHT/n015-2018-08-03-15-00-36+0800__CAM_BACK_RIGHT__1533279639277893.jpg"], "intrinsics": [[[1272.5979470598488, 0.0, 826.6154927353808], [0.0, 1272.5979470598488, 479.75165386361925], [0.0, 0.0, 1.0]], [[1266.417203046554, 0.0, 816.2670197447984], [0.0, 1266.417203046554, 491.50706579294757], [0.0, 0.0, 1.0]], [[1260.8474446004698, 0.0, 807.968244525554], [0.0, 1260.8474446004698, 495.3344268742088], [0.0, 0.0, 1.0]], [[1256.7414812095406, 0.0, 792.1125740759628], [0.0, 1256.7414812095406, 492.7757465151356], [0.0, 0.0, 1.0]], [[809.2209905677063, 0.0, 829.2196003259838], [0.0, 809.2209905677063, 481.77842384512485], [0.0, 0.0, 1.0]], [[1259.5137405846733, 0.0, 807.2529053838625], [0.0, 1259.5137405846733, 501.19579884916527], [0.0, 0.0, 1.0]]], "extrinsics": [[[0.8208928108215332, -0.5710822343826294, 0.0001673799561103806, -0.806671142578125], [-0.0002724611258599907, -0.0006847375771030784, -0.9999997019767761, 1.508197546005249], [0.5710822343826294, 0.8208925724029541, -0.0007176937651820481, -1.172607421875], [0.0, 0.0, 0.0, 1.0]], [[0.00587407685816288, -0.9999722242355347, 0.004594436381012201, 0.0078125], [-0.0055879224091768265, -0.004627268295735121, -0.999973714351654, 1.5196518898010254], [0.999967098236084, 0.00584827596321702, -0.005614948458969593, -1.533203125], [0.0, 0.0, 0.0, 1.0]], [[-0.8328466415405273, -0.5534589290618896, -0.007043059915304184, 0.9283447265625], [6.9108623392821755e-06, 0.012714105658233166, -0.9999191164970398, 1.5036273002624512], [0.553503692150116, -0.8327794671058655, -0.010585074312984943, -1.1779327392578125], [0.0, 0.0, 0.0, 1.0]], [[0.9476930499076843, 0.3191720247268677, 0.0026574060320854187, -1.1318359375], [0.0086116474121809, -0.01724551059305668, -0.9998141527175903, 1.5886657238006592], [-0.31906694173812866, 0.9475399255752563, -0.019092047587037086, -0.1080474853515625], [0.0, 0.0, 0.0, 1.0]], [[0.0022988973651081324, 0.999970018863678, -0.007398732006549835, 0.002197265625], [-0.016786716878414154, -0.0073591177351772785, -0.999832034111023, 1.5784721374511719], [-0.9998564720153809, 0.0024226955138146877, 0.016769295558333397, -0.0511474609375], [0.0, 0.0, 0.0, 1.0]], [[-0.9348154664039612, 0.35492920875549316, -0.012053904123604298, 1.04827880859375], [0.015864811837673187, 0.007828749716281891, -0.9998435378074646, 1.5529289245605469], [-0.3547794222831726, -0.9348604083061218, -0.012949323281645775, -0.0958251953125], [0.0, 0.0, 0.0, 1.0]]], "view": [[0.0, -2.0, 100.0], [-2.0, 0.0, 100.0], [0.0, 0.0, 1.0]], "bev": "bev_966078a7744a4f9f877fbfd83fdb684c.png", "aux": "aux_966078a7744a4f9f877fbfd83fdb684c.npz", "visibility": "visibility_966078a7744a4f9f877fbfd83fdb684c.png", "pose": [[-0.6197502017021179, 0.7847991585731506, 0.0, 189.8208465576172], [-0.7847991585731506, -0.6197502017021179, 0.0, 1131.9095458984375], [0.0, 0.0, 1.0, 0.0], [0.0, 0.0, 0.0, 1.0]], "pose_inverse": [[-0.6197502017021179, -0.7847991585731506, 0.0, 1005.963134765625], [0.7847991585731506, -0.6197502017021179, 0.0, 552.5299682617188], [0.0, 0.0, 1.0, 0.0], [0.0, 0.0, 0.0, 1.0]], "cam_ids": [0, 1, 2, 3, 4, 5], "cam_channels": ["CAM_FRONT_LEFT", "CAM_FRONT", "CAM_FRONT_RIGHT", "CAM_BACK_LEFT", "CAM_BACK", "CAM_BACK_RIGHT"], "token": "966078a7744a4f9f877fbfd83fdb684c", "scene": "scene-0360"}, {"images": ["samples/CAM_FRONT_LEFT/n015-2018-08-03-15-00-36+0800__CAM_FRONT_LEFT__1533279639754844.jpg", "samples/CAM_FRONT/n015-2018-08-03-15-00-36+0800__CAM_FRONT__1533279639762460.jpg", "samples/CAM_FRONT_RIGHT/n015-2018-08-03-15-00-36+0800__CAM_FRONT_RIGHT__1533279639770339.jpg", "samples/CAM_BACK_LEFT/n015-2018-08-03-15-00-36+0800__CAM_BACK_LEFT__1533279639797423.jpg", "samples/CAM_BACK/n015-2018-08-03-15-00-36+0800__CAM_BACK__1533279639789877.jpg", "samples/CAM_BACK_RIGHT/n015-2018-08-03-15-00-36+0800__CAM_BACK_RIGHT__1533279639777893.jpg"], "intrinsics": [[[1272.5979470598488, 0.0, 826.6154927353808], [0.0, 1272.5979470598488, 479.75165386361925], [0.0, 0.0, 1.0]], [[1266.417203046554, 0.0, 816.2670197447984], [0.0, 1266.417203046554, 491.50706579294757], [0.0, 0.0, 1.0]], [[1260.8474446004698, 0.0, 807.968244525554], [0.0, 1260.8474446004698, 495.3344268742088], [0.0, 0.0, 1.0]], [[1256.7414812095406, 0.0, 792.1125740759628], [0.0, 1256.7414812095406, 492.7757465151356], [0.0, 0.0, 1.0]], [[809.2209905677063, 0.0, 829.2196003259838], [0.0, 809.2209905677063, 481.77842384512485], [0.0, 0.0, 1.0]], [[1259.5137405846733, 0.0, 807.2529053838625], [0.0, 1259.5137405846733, 501.19579884916527], [0.0, 0.0, 1.0]]], "extrinsics": [[[0.8205559253692627, -0.571561336517334, -0.0023584666196256876, -0.800933837890625], [-0.002900386229157448, -3.756848309421912e-05, -0.999995768070221, 1.5076714754104614], [0.5715587735176086, 0.8205593228340149, -0.00168857560493052, -1.16796875], [0.0, 0.0, 0.0, 1.0]], [[0.005407056305557489, -0.9999769330024719, 0.004103297833353281, 0.00726318359375], [-0.008243882097303867, -0.004147793632000685, -0.9999574422836304, 1.5191736221313477], [0.9999513626098633, 0.005372966639697552, -0.008266120217740536, -1.52667236328125], [0.0, 0.0, 0.0, 1.0]], [[-0.8330724835395813, -0.5531413555145264, -0.004985530395060778, 0.923583984375], [-0.0026596186216920614, 0.013017913326621056, -0.9999116659164429, 1.503282070159912], [0.553157389163971, -0.8329856991767883, -0.012316009029746056, -1.1752395629882812], [0.0, 0.0, 0.0, 1.0]], [[0.9478003978729248, 0.31886425614356995, 1.6134772522491403e-05, -1.130615234375], [0.005873138550668955, -0.017406878992915154, -0.9998311996459961, 1.5886294841766357], [-0.3188101351261139, 0.9476404786109924, -0.018370982259511948, -0.1077423095703125], [0.0, 0.0, 0.0, 1.0]], [[0.0025247400626540184, 0.9999691843986511, -0.007439791690558195, 0.00244140625], [-0.019501805305480957, -0.00738916452974081, -0.9997825622558594, 1.578470230102539], [-0.9998066425323486, 0.0026692901737987995, 0.019482549279928207, -0.043701171875], [0.0, 0.0, 0.0, 1.0]], [[-0.9347434043884277, 0.3551967740058899, -0.009492947719991207, 1.04412841796875], [0.013182289898395538, 0.007968073710799217, -0.999881386756897, 1.5527381896972656], [-0.3550789952278137, -0.9347575902938843, -0.012130411341786385, -0.09783935546875], [0.0, 0.0, 0.0, 1.0]]], "view": [[0.0, -2.0, 100.0], [-2.0, 0.0, 100.0], [0.0, 0.0, 1.0]], "bev": "bev_6cf43280e4de49dba585db1cc6458a65.png", "aux": "aux_6cf43280e4de49dba585db1cc6458a65.npz", "visibility": "visibility_6cf43280e4de49dba585db1cc6458a65.png", "pose": [[-0.6182131171226501, 0.7860105037689209, 0.0, 188.454345703125], [-0.7860105037689209, -0.6182131171226501, 0.0, 1130.2008056640625], [0.0, 0.0, 1.0, 0.0], [0.0, 0.0, 0.0, 1.0]], "pose_inverse": [[-0.6182131171226501, -0.7860105037689209, 0.0, 1004.8546752929688], [0.7860105037689209, -0.6182131171226501, 0.0, 550.577880859375], [0.0, 0.0, 1.0, 0.0], [0.0, 0.0, 0.0, 1.0]], "cam_ids": [0, 1, 2, 3, 4, 5], "cam_channels": ["CAM_FRONT_LEFT", "CAM_FRONT", "CAM_FRONT_RIGHT", "CAM_BACK_LEFT", "CAM_BACK", "CAM_BACK_RIGHT"], "token": "6cf43280e4de49dba585db1cc6458a65", "scene": "scene-0360"}, {"images": ["samples/CAM_FRONT_LEFT/n015-2018-08-03-15-00-36+0800__CAM_FRONT_LEFT__1533279640354844.jpg", "samples/CAM_FRONT/n015-2018-08-03-15-00-36+0800__CAM_FRONT__1533279640362460.jpg", "samples/CAM_FRONT_RIGHT/n015-2018-08-03-15-00-36+0800__CAM_FRONT_RIGHT__1533279640370339.jpg", "samples/CAM_BACK_LEFT/n015-2018-08-03-15-00-36+0800__CAM_BACK_LEFT__1533279640397423.jpg", "samples/CAM_BACK/n015-2018-08-03-15-00-36+0800__CAM_BACK__1533279640387525.jpg", "samples/CAM_BACK_RIGHT/n015-2018-08-03-15-00-36+0800__CAM_BACK_RIGHT__1533279640377893.jpg"], "intrinsics": [[[1272.5979470598488, 0.0, 826.6154927353808], [0.0, 1272.5979470598488, 479.75165386361925], [0.0, 0.0, 1.0]], [[1266.417203046554, 0.0, 816.2670197447984], [0.0, 1266.417203046554, 491.50706579294757], [0.0, 0.0, 1.0]], [[1260.8474446004698, 0.0, 807.968244525554], [0.0, 1260.8474446004698, 495.3344268742088], [0.0, 0.0, 1.0]], [[1256.7414812095406, 0.0, 792.1125740759628], [0.0, 1256.7414812095406, 492.7757465151356], [0.0, 0.0, 1.0]], [[809.2209905677063, 0.0, 829.2196003259838], [0.0, 809.2209905677063, 481.77842384512485], [0.0, 0.0, 1.0]], [[1259.5137405846733, 0.0, 807.2529053838625], [0.0, 1259.5137405846733, 501.19579884916527], [0.0, 0.0, 1.0]]], "extrinsics": [[[0.8205204010009766, -0.5716162919998169, -0.0009989198297262192, -0.79632568359375], [-0.0011081566335633397, 0.0001568430889165029, -0.9999993443489075, 1.5080211162567139], [0.5716160535812378, 0.8205209970474243, -0.0005047476734034717, -1.164306640625], [0.0, 0.0, 0.0, 1.0]], [[0.005346299614757299, -0.9999783039093018, 0.003842785721644759, 0.00701904296875], [-0.006423607002943754, -0.003877104027196765, -0.999971866607666, 1.5194478034973145], [0.9999650120735168, 0.005321447271853685, -0.006444196216762066, -1.5225830078125], [0.0, 0.0, 0.0, 1.0]], [[-0.8330841064453125, -0.5531055331230164, -0.0067138574086129665, 0.9212646484375], [-0.00081528106238693, 0.013365359976887703, -0.999910295009613, 1.503523349761963], [0.5531456470489502, -0.8330039381980896, -0.011585405096411705, -1.1739349365234375], [0.0, 0.0, 0.0, 1.0]], [[0.9477863311767578, 0.3188997209072113, 0.0019790467340499163, -1.13134765625], [0.00777038186788559, -0.016889186576008797, -0.9998271465301514, 1.5886523723602295], [-0.31881120800971985, 0.9476379752159119, -0.018485313281416893, -0.1077728271484375], [0.0, 0.0, 0.0, 1.0]], [[0.0025438747834414244, 0.9999727606773376, -0.006941280793398619, 0.00244140625], [-0.017623433843255043, -0.006895394995808601, -0.9998209476470947, 1.5783729553222656], [-0.9998414516448975, 0.0026657693088054657, 0.017605409026145935, -0.05413818359375], [0.0, 0.0, 0.0, 1.0]], [[-0.934714138507843, 0.3552277088165283, -0.011082453653216362, 1.04296875], [0.015043028630316257, 0.008389325812458992, -0.9998517036437988, 1.5529441833496094], [-0.35508203506469727, -0.9347421526908875, -0.013185323216021061, -0.098388671875], [0.0, 0.0, 0.0, 1.0]]], "view": [[0.0, -2.0, 100.0], [-2.0, 0.0, 100.0], [0.0, 0.0, 1.0]], "bev": "bev_0f167e3789074b82b6ad3ea445d3df74.png", "aux": "aux_0f167e3789074b82b6ad3ea445d3df74.npz", "visibility": "visibility_0f167e3789074b82b6ad3ea445d3df74.png", "pose": [[-0.6161760687828064, 0.7876084446907043, 0.0, 186.79176330566406], [-0.7876084446907043, -0.6161760687828064, 0.0, 1128.111083984375], [0.0, 0.0, 1.0, 0.0], [0.0, 0.0, 0.0, 1.0]], "pose_inverse": [[-0.6161760687828064, -0.7876084446907043, 0.0, 1003.6063842773438], [0.7876084446907043, -0.6161760687828064, 0.0, 547.996337890625], [0.0, 0.0, 1.0, 0.0], [0.0, 0.0, 0.0, 1.0]], "cam_ids": [0, 1, 2, 3, 4, 5], "cam_channels": ["CAM_FRONT_LEFT", "CAM_FRONT", "CAM_FRONT_RIGHT", "CAM_BACK_LEFT", "CAM_BACK", "CAM_BACK_RIGHT"], "token": "0f167e3789074b82b6ad3ea445d3df74", "scene": "scene-0360"}, {"images": ["samples/CAM_FRONT_LEFT/n015-2018-08-03-15-00-36+0800__CAM_FRONT_LEFT__1533279640854844.jpg", "samples/CAM_FRONT/n015-2018-08-03-15-00-36+0800__CAM_FRONT__1533279640862460.jpg", "samples/CAM_FRONT_RIGHT/n015-2018-08-03-15-00-36+0800__CAM_FRONT_RIGHT__1533279640870339.jpg", "samples/CAM_BACK_LEFT/n015-2018-08-03-15-00-36+0800__CAM_BACK_LEFT__1533279640897423.jpg", "samples/CAM_BACK/n015-2018-08-03-15-00-36+0800__CAM_BACK__1533279640887525.jpg", "samples/CAM_BACK_RIGHT/n015-2018-08-03-15-00-36+0800__CAM_BACK_RIGHT__1533279640877893.jpg"], "intrinsics": [[[1272.5979470598488, 0.0, 826.6154927353808], [0.0, 1272.5979470598488, 479.75165386361925], [0.0, 0.0, 1.0]], [[1266.417203046554, 0.0, 816.2670197447984], [0.0, 1266.417203046554, 491.50706579294757], [0.0, 0.0, 1.0]], [[1260.8474446004698, 0.0, 807.968244525554], [0.0, 1260.8474446004698, 495.3344268742088], [0.0, 0.0, 1.0]], [[1256.7414812095406, 0.0, 792.1125740759628], [0.0, 1256.7414812095406, 492.7757465151356], [0.0, 0.0, 1.0]], [[809.2209905677063, 0.0, 829.2196003259838], [0.0, 809.2209905677063, 481.77842384512485], [0.0, 0.0, 1.0]], [[1259.5137405846733, 0.0, 807.2529053838625], [0.0, 1259.5137405846733, 501.19579884916527], [0.0, 0.0, 1.0]]], "extrinsics": [[[0.820624589920044, -0.5714659094810486, -0.0013840729370713234, -0.795684814453125], [-0.0013856624718755484, 0.0004321564920246601, -0.9999989867210388, 1.5079624652862549], [0.5714659690856934, 0.8206256628036499, -0.00043722064583562315, -1.16314697265625], [0.0, 0.0, 0.0, 1.0]], [[0.005501629319041967, -0.9999783635139465, 0.0036060067359358072, 0.006591796875], [-0.006660591345280409, -0.003642625641077757, -0.9999712109565735, 1.519395351409912], [0.9999626874923706, 0.005477468483150005, -0.006680487655103207, -1.52130126953125], [0.0, 0.0, 0.0, 1.0]], [[-0.8330181241035461, -0.5532055497169495, -0.006655882112681866, 0.919677734375], [-0.0010078276973217726, 0.013547961600124836, -0.9999076724052429, 1.5035014152526855], [0.5532446503639221, -0.8329346179962158, -0.011843233369290829, -1.1733322143554688], [0.0, 0.0, 0.0, 1.0]], [[0.9477879405021667, 0.31889545917510986, 0.0019384947372600436, -1.1307373046875], [0.007729745004326105, -0.016895823180675507, -0.9998273253440857, 1.588644027709961], [-0.3188074827194214, 0.9476392865180969, -0.01847863756120205, -0.1072998046875], [0.0, 0.0, 0.0, 1.0]], [[0.0024971922393888235, 0.9999731779098511, -0.006882265210151672, 0.0029296875], [-0.017720602452754974, -0.006836955435574055, -0.9998196363449097, 1.5783405303955078], [-0.9998397827148438, 0.0026187116745859385, 0.01770305447280407, -0.0556640625], [0.0, 0.0, 0.0, 1.0]], [[-0.934747576713562, 0.35514503717422485, -0.010899432934820652, 1.0413818359375], [0.014893831685185432, 0.00851524155586958, -0.9998528361320496, 1.5529556274414062], [-0.35500001907348633, -0.9347724318504333, -0.013249075040221214, -0.09930419921875], [0.0, 0.0, 0.0, 1.0]]], "view": [[0.0, -2.0, 100.0], [-2.0, 0.0, 100.0], [0.0, 0.0, 1.0]], "bev": "bev_ecdbbdd4d2e4450a8d87bbe78033a409.png", "aux": "aux_ecdbbdd4d2e4450a8d87bbe78033a409.npz", "visibility": "visibility_ecdbbdd4d2e4450a8d87bbe78033a409.png", "pose": [[-0.6148684620857239, 0.7886296510696411, 0.0, 185.41758728027344], [-0.7886296510696411, -0.6148684620857239, 0.0, 1126.3651123046875], [0.0, 0.0, 1.0, 0.0], [0.0, 0.0, 0.0, 1.0]], "pose_inverse": [[-0.6148684620857239, -0.7886296510696411, 0.0, 1002.2923583984375], [0.7886296510696411, -0.6148684620857239, 0.0, 546.340576171875], [0.0, 0.0, 1.0, 0.0], [0.0, 0.0, 0.0, 1.0]], "cam_ids": [0, 1, 2, 3, 4, 5], "cam_channels": ["CAM_FRONT_LEFT", "CAM_FRONT", "CAM_FRONT_RIGHT", "CAM_BACK_LEFT", "CAM_BACK", "CAM_BACK_RIGHT"], "token": "ecdbbdd4d2e4450a8d87bbe78033a409", "scene": "scene-0360"}, {"images": ["samples/CAM_FRONT_LEFT/n015-2018-08-03-15-00-36+0800__CAM_FRONT_LEFT__1533279641354844.jpg", "samples/CAM_FRONT/n015-2018-08-03-15-00-36+0800__CAM_FRONT__1533279641362460.jpg", "samples/CAM_FRONT_RIGHT/n015-2018-08-03-15-00-36+0800__CAM_FRONT_RIGHT__1533279641370339.jpg", "samples/CAM_BACK_LEFT/n015-2018-08-03-15-00-36+0800__CAM_BACK_LEFT__1533279641397423.jpg", "samples/CAM_BACK/n015-2018-08-03-15-00-36+0800__CAM_BACK__1533279641387525.jpg", "samples/CAM_BACK_RIGHT/n015-2018-08-03-15-00-36+0800__CAM_BACK_RIGHT__1533279641377893.jpg"], "intrinsics": [[[1272.5979470598488, 0.0, 826.6154927353808], [0.0, 1272.5979470598488, 479.75165386361925], [0.0, 0.0, 1.0]], [[1266.417203046554, 0.0, 816.2670197447984], [0.0, 1266.417203046554, 491.50706579294757], [0.0, 0.0, 1.0]], [[1260.8474446004698, 0.0, 807.968244525554], [0.0, 1260.8474446004698, 495.3344268742088], [0.0, 0.0, 1.0]], [[1256.7414812095406, 0.0, 792.1125740759628], [0.0, 1256.7414812095406, 492.7757465151356], [0.0, 0.0, 1.0]], [[809.2209905677063, 0.0, 829.2196003259838], [0.0, 809.2209905677063, 481.77842384512485], [0.0, 0.0, 1.0]], [[1259.5137405846733, 0.0, 807.2529053838625], [0.0, 1259.5137405846733, 501.19579884916527], [0.0, 0.0, 1.0]]], "extrinsics": [[[0.8209978342056274, -0.5709311962127686, 0.00030101227457635105, -0.80877685546875], [0.0021214568987488747, 0.002523422706872225, -0.9999945759773254, 1.5086476802825928], [0.5709273815155029, 0.8209940195083618, 0.0032829304691404104, -1.17291259765625], [0.0, 0.0, 0.0, 1.0]], [[0.006023675203323364, -0.9999806880950928, 0.0014988513430580497, 0.00689697265625], [-0.0032496436033397913, -0.001518445904366672, -0.9999935626983643, 1.5200223922729492], [0.999976634979248, 0.006018721032887697, -0.0032587277237325907, -1.53466796875], [0.0, 0.0, 0.0, 1.0]], [[-0.832757830619812, -0.5535361766815186, -0.010596521198749542, 0.9290771484375], [0.002287355251610279, 0.01569974422454834, -0.9998741149902344, 1.5039176940917969], [0.5536327958106995, -0.8326771259307861, -0.011807948350906372, -1.1790618896484375], [0.0, 0.0, 0.0, 1.0]], [[0.9477518200874329, 0.3189634084701538, 0.005361949559301138, -1.1361083984375], [0.010633882135152817, -0.014789225533604622, -0.9998340606689453, 1.5886235237121582], [-0.3188311755657196, 0.9476516246795654, -0.017408337444067, -0.1057281494140625], [0.0, 0.0, 0.0, 1.0]], [[0.0023249073419719934, 0.9999861717224121, -0.004728286061435938, 0.00262451171875], [-0.014660333283245564, -0.0046937065199017525, -0.9998815655708313, 1.5786066055297852], [-0.9998897910118103, 0.002393887611106038, 0.014649217948317528, -0.04931640625], [0.0, 0.0, 0.0, 1.0]], [[-0.9348203539848328, 0.3548782467842102, -0.013124492019414902, 1.049072265625], [0.018091296777129173, 0.010681170038878918, -0.9997792840003967, 1.553131103515625], [-0.35465988516807556, -0.9348515272140503, -0.01640518754720688, -0.09619140625], [0.0, 0.0, 0.0, 1.0]]], "view": [[0.0, -2.0, 100.0], [-2.0, 0.0, 100.0], [0.0, 0.0, 1.0]], "bev": "bev_6c044d758bea44c5b80c8fa2daf068aa.png", "aux": "aux_6c044d758bea44c5b80c8fa2daf068aa.npz", "visibility": "visibility_6c044d758bea44c5b80c8fa2daf068aa.png", "pose": [[-0.6180813908576965, 0.7861140966415405, 0.0, 184.05645751953125], [-0.7861140966415405, -0.6180813908576965, 0.0, 1124.65625], [0.0, 0.0, 1.0, 0.0], [0.0, 0.0, 0.0, 1.0]], "pose_inverse": [[-0.6180813908576965, -0.7861140966415405, 0.0, 997.8699951171875], [0.7861140966415405, -0.6180813908576965, 0.0, 550.4397583007812], [0.0, 0.0, 1.0, 0.0], [0.0, 0.0, 0.0, 1.0]], "cam_ids": [0, 1, 2, 3, 4, 5], "cam_channels": ["CAM_FRONT_LEFT", "CAM_FRONT", "CAM_FRONT_RIGHT", "CAM_BACK_LEFT", "CAM_BACK", "CAM_BACK_RIGHT"], "token": "6c044d758bea44c5b80c8fa2daf068aa", "scene": "scene-0360"}, {"images": ["samples/CAM_FRONT_LEFT/n015-2018-08-03-15-00-36+0800__CAM_FRONT_LEFT__1533279641854844.jpg", "samples/CAM_FRONT/n015-2018-08-03-15-00-36+0800__CAM_FRONT__1533279641862460.jpg", "samples/CAM_FRONT_RIGHT/n015-2018-08-03-15-00-36+0800__CAM_FRONT_RIGHT__1533279641870339.jpg", "samples/CAM_BACK_LEFT/n015-2018-08-03-15-00-36+0800__CAM_BACK_LEFT__1533279641897423.jpg", "samples/CAM_BACK/n015-2018-08-03-15-00-36+0800__CAM_BACK__1533279641887525.jpg", "samples/CAM_BACK_RIGHT/n015-2018-08-03-15-00-36+0800__CAM_BACK_RIGHT__1533279641877893.jpg"], "intrinsics": [[[1272.5979470598488, 0.0, 826.6154927353808], [0.0, 1272.5979470598488, 479.75165386361925], [0.0, 0.0, 1.0]], [[1266.417203046554, 0.0, 816.2670197447984], [0.0, 1266.417203046554, 491.50706579294757], [0.0, 0.0, 1.0]], [[1260.8474446004698, 0.0, 807.968244525554], [0.0, 1260.8474446004698, 495.3344268742088], [0.0, 0.0, 1.0]], [[1256.7414812095406, 0.0, 792.1125740759628], [0.0, 1256.7414812095406, 492.7757465151356], [0.0, 0.0, 1.0]], [[809.2209905677063, 0.0, 829.2196003259838], [0.0, 809.2209905677063, 481.77842384512485], [0.0, 0.0, 1.0]], [[1259.5137405846733, 0.0, 807.2529053838625], [0.0, 1259.5137405846733, 501.19579884916527], [0.0, 0.0, 1.0]]], "extrinsics": [[[0.8209838271141052, -0.5709172487258911, -0.006256628781557083, -0.800506591796875], [-0.005397434812039137, 0.0031971358694136143, -0.9999803304672241, 1.5071680545806885], [0.5709260106086731, 0.8210014700889587, -0.00045669174869544804, -1.16741943359375], [0.0, 0.0, 0.0, 1.0]], [[0.006045117042958736, -0.9999814629554749, 0.0007200050749816, 0.0072021484375], [-0.010667288675904274, -0.0007844628999009728, -0.9999428391456604, 1.5187673568725586], [0.9999247789382935, 0.006036991253495216, -0.010671832598745823, -1.52667236328125], [0.0, 0.0, 0.0, 1.0]], [[-0.8328096866607666, -0.5535373687744141, -0.004947459325194359, 0.9239501953125], [-0.0050251600332558155, 0.016497036442160606, -0.9998512268066406, 1.5029716491699219], [0.5535366535186768, -0.8326608538627625, -0.016520503908395767, -1.1754837036132812], [0.0, 0.0, 0.0, 1.0]], [[0.9477170705795288, 0.319110244512558, -0.0009559669415466487, -1.130615234375], [0.0036514082457870245, -0.013839644379913807, -0.9998975396156311, 1.5886039733886719], [-0.3190907835960388, 0.9476165771484375, -0.014281271025538445, -0.1078643798828125], [0.0, 0.0, 0.0, 1.0]], [[0.0022450326941907406, 0.9999894499778748, -0.00402677059173584, 0.00244140625], [-0.021745871752500534, -0.00397700909525156, -0.9997556209564209, 1.5781574249267578], [-0.9997610449790955, 0.002332007512450218, 0.021736711263656616, -0.0533447265625], [0.0, 0.0, 0.0, 1.0]], [[-0.9348914623260498, 0.3548811376094818, -0.006115899421274662, 1.04486083984375], [0.010876883752644062, 0.011422322131693363, -0.9998756051063538, 1.5525035858154297], [-0.3547670543193817, -0.9348416924476624, -0.014538631774485111, -0.0977783203125], [0.0, 0.0, 0.0, 1.0]]], "view": [[0.0, -2.0, 100.0], [-2.0, 0.0, 100.0], [0.0, 0.0, 1.0]], "bev": "bev_5ea75f5d6dfd47aabca7acdbdd715b9e.png", "aux": "aux_5ea75f5d6dfd47aabca7acdbdd715b9e.npz", "visibility": "visibility_5ea75f5d6dfd47aabca7acdbdd715b9e.png", "pose": [[-0.6217299699783325, 0.7832316756248474, 0.0, 182.69358825683594], [-0.7832316756248474, -0.6217299699783325, 0.0, 1122.9609375], [0.0, 0.0, 1.0, 0.0], [0.0, 0.0, 0.0, 1.0]], "pose_inverse": [[-0.6217299699783325, -0.7832316756248474, 0.0, 993.1246337890625], [0.7832316756248474, -0.6217299699783325, 0.0, 555.0870361328125], [0.0, 0.0, 1.0, 0.0], [0.0, 0.0, 0.0, 1.0]], "cam_ids": [0, 1, 2, 3, 4, 5], "cam_channels": ["CAM_FRONT_LEFT", "CAM_FRONT", "CAM_FRONT_RIGHT", "CAM_BACK_LEFT", "CAM_BACK", "CAM_BACK_RIGHT"], "token": "5ea75f5d6dfd47aabca7acdbdd715b9e", "scene": "scene-0360"}, {"images": ["samples/CAM_FRONT_LEFT/n015-2018-08-03-15-00-36+0800__CAM_FRONT_LEFT__1533279642354844.jpg", "samples/CAM_FRONT/n015-2018-08-03-15-00-36+0800__CAM_FRONT__1533279642362460.jpg", "samples/CAM_FRONT_RIGHT/n015-2018-08-03-15-00-36+0800__CAM_FRONT_RIGHT__1533279642370339.jpg", "samples/CAM_BACK_LEFT/n015-2018-08-03-15-00-36+0800__CAM_BACK_LEFT__1533279642397423.jpg", "samples/CAM_BACK/n015-2018-08-03-15-00-36+0800__CAM_BACK__1533279642387525.jpg", "samples/CAM_BACK_RIGHT/n015-2018-08-03-15-00-36+0800__CAM_BACK_RIGHT__1533279642377893.jpg"], "intrinsics": [[[1272.5979470598488, 0.0, 826.6154927353808], [0.0, 1272.5979470598488, 479.75165386361925], [0.0, 0.0, 1.0]], [[1266.417203046554, 0.0, 816.2670197447984], [0.0, 1266.417203046554, 491.50706579294757], [0.0, 0.0, 1.0]], [[1260.8474446004698, 0.0, 807.968244525554], [0.0, 1260.8474446004698, 495.3344268742088], [0.0, 0.0, 1.0]], [[1256.7414812095406, 0.0, 792.1125740759628], [0.0, 1256.7414812095406, 492.7757465151356], [0.0, 0.0, 1.0]], [[809.2209905677063, 0.0, 829.2196003259838], [0.0, 809.2209905677063, 481.77842384512485], [0.0, 0.0, 1.0]], [[1259.5137405846733, 0.0, 807.2529053838625], [0.0, 1259.5137405846733, 501.19579884916527], [0.0, 0.0, 1.0]]], "extrinsics": [[[0.8209438323974609, -0.5710060596466064, -0.0017971936613321304, -0.80560302734375], [-0.0016535375034436584, 0.0007700949790887535, -0.9999983310699463, 1.507927417755127], [0.5710064172744751, 0.8209454417228699, -0.00031197507632896304, -1.1710205078125], [0.0, 0.0, 0.0, 1.0]], [[0.005960971582680941, -0.9999770522117615, 0.0032117352820932865, 0.00714111328125], [-0.006995042320340872, -0.0032534117344766855, -0.9999703168869019, 1.5194134712219238], [0.9999577403068542, 0.005938406568020582, -0.007014276459813118, -1.5318603515625], [0.0, 0.0, 0.0, 1.0]], [[-0.8328210115432739, -0.5535033941268921, -0.00656764255836606, 0.9273681640625], [-0.0014273071428760886, 0.0140119893476367, -0.999900758266449, 1.5034503936767578], [0.5535404682159424, -0.8327290415763855, -0.012459498830139637, -1.1778564453125], [0.0, 0.0, 0.0, 1.0]], [[0.9477400779724121, 0.319039523601532, 0.0015201225178316236, -1.13037109375], [0.00702320970594883, -0.01609923131763935, -0.9998456835746765, 1.588645339012146], [-0.31896576285362244, 0.9476046562194824, -0.017498571425676346, -0.107818603515625], [0.0, 0.0, 0.0, 1.0]], [[0.002305043628439307, 0.9999778270721436, -0.006247126031666994, 0.0025634765625], [-0.01832731068134308, -0.0062038470059633255, -0.9998127818107605, 1.578378677368164], [-0.9998294115066528, 0.002419104101136327, 0.01831260323524475, -0.051513671875], [0.0, 0.0, 0.0, 1.0]], [[-0.9348481297492981, 0.35489970445632935, -0.01025147270411253, 1.0478515625], [0.014405711553990841, 0.009064996615052223, -0.9998551607131958, 1.5528030395507812], [-0.3547552824020386, -0.9348604679107666, -0.013586979359388351, -0.0965576171875], [0.0, 0.0, 0.0, 1.0]]], "view": [[0.0, -2.0, 100.0], [-2.0, 0.0, 100.0], [0.0, 0.0, 1.0]], "bev": "bev_a241a9ac18a44e67b3db29da573840e0.png", "aux": "aux_a241a9ac18a44e67b3db29da573840e0.npz", "visibility": "visibility_a241a9ac18a44e67b3db29da573840e0.png", "pose": [[-0.6246795058250427, 0.7808812260627747, 0.0, 181.3660125732422], [-0.7808812260627747, -0.6246795058250427, 0.0, 1121.32080078125], [0.0, 0.0, 1.0, 0.0], [0.0, 0.0, 0.0, 1.0]], "pose_inverse": [[-0.6246795058250427, -0.7808812260627747, 0.0, 988.9140014648438], [0.7808812260627747, -0.6246795058250427, 0.0, 558.8408203125], [0.0, 0.0, 1.0, 0.0], [0.0, 0.0, 0.0, 1.0]], "cam_ids": [0, 1, 2, 3, 4, 5], "cam_channels": ["CAM_FRONT_LEFT", "CAM_FRONT", "CAM_FRONT_RIGHT", "CAM_BACK_LEFT", "CAM_BACK", "CAM_BACK_RIGHT"], "token": "a241a9ac18a44e67b3db29da573840e0", "scene": "scene-0360"}, {"images": ["samples/CAM_FRONT_LEFT/n015-2018-08-03-15-00-36+0800__CAM_FRONT_LEFT__1533279642854844.jpg", "samples/CAM_FRONT/n015-2018-08-03-15-00-36+0800__CAM_FRONT__1533279642862460.jpg", "samples/CAM_FRONT_RIGHT/n015-2018-08-03-15-00-36+0800__CAM_FRONT_RIGHT__1533279642870339.jpg", "samples/CAM_BACK_LEFT/n015-2018-08-03-15-00-36+0800__CAM_BACK_LEFT__1533279642897423.jpg", "samples/CAM_BACK/n015-2018-08-03-15-00-36+0800__CAM_BACK__1533279642887525.jpg", "samples/CAM_BACK_RIGHT/n015-2018-08-03-15-00-36+0800__CAM_BACK_RIGHT__1533279642877893.jpg"], "intrinsics": [[[1272.5979470598488, 0.0, 826.6154927353808], [0.0, 1272.5979470598488, 479.75165386361925], [0.0, 0.0, 1.0]], [[1266.417203046554, 0.0, 816.2670197447984], [0.0, 1266.417203046554, 491.50706579294757], [0.0, 0.0, 1.0]], [[1260.8474446004698, 0.0, 807.968244525554], [0.0, 1260.8474446004698, 495.3344268742088], [0.0, 0.0, 1.0]], [[1256.7414812095406, 0.0, 792.1125740759628], [0.0, 1256.7414812095406, 492.7757465151356], [0.0, 0.0, 1.0]], [[809.2209905677063, 0.0, 829.2196003259838], [0.0, 809.2209905677063, 481.77842384512485], [0.0, 0.0, 1.0]], [[1259.5137405846733, 0.0, 807.2529053838625], [0.0, 1259.5137405846733, 501.19579884916527], [0.0, 0.0, 1.0]]], "extrinsics": [[[0.821018636226654, -0.5708948373794556, -0.002750203711912036, -0.809600830078125], [-0.0020674820989370346, 0.0018440380226820707, -0.9999961256980896, 1.5078558921813965], [0.5708977580070496, 0.8210211396217346, 0.0003336745430715382, -1.1746826171875], [0.0, 0.0, 0.0, 1.0]], [[0.006070133298635483, -0.9999787211418152, 0.002369207562878728, 0.00775146484375], [-0.007415932137519121, -0.002414202783256769, -0.9999696612358093, 1.5193781852722168], [0.999954104423523, 0.0060523394495248795, -0.007430429570376873, -1.5361328125], [0.0, 0.0, 0.0, 1.0]], [[-0.8327760100364685, -0.553571343421936, -0.006546133663505316, 0.929931640625], [-0.0018437027465552092, 0.014597608707845211, -0.9998916983604431, 1.5033965110778809], [0.5536068677902222, -0.8326738476753235, -0.013177159242331982, -1.179107666015625], [0.0, 0.0, 0.0, 1.0]], [[0.9477161765098572, 0.31911253929138184, 0.0011068684980273247, -1.130126953125], [0.006704169791191816, -0.01644233800470829, -0.9998423457145691, 1.5886505842208862], [-0.31904396414756775, 0.9475740790367126, -0.017722055315971375, -0.1083221435546875], [0.0, 0.0, 0.0, 1.0]], [[0.002243824303150177, 0.9999781847000122, -0.006222518626600504, 0.002197265625], [-0.018676333129405975, -0.006179542280733585, -0.9998065233230591, 1.5783710479736328], [-0.9998230338096619, 0.002359593054279685, 0.01866205781698227, -0.0511474609375], [0.0, 0.0, 0.0, 1.0]], [[-0.9348753094673157, 0.35484209656715393, -0.009759499691426754, 1.0494384765625], [0.01400546170771122, 0.009399243630468845, -0.9998577237129211, 1.5527362823486328], [-0.3546997904777527, -0.9348790645599365, -0.013756847940385342, -0.09552001953125], [0.0, 0.0, 0.0, 1.0]]], "view": [[0.0, -2.0, 100.0], [-2.0, 0.0, 100.0], [0.0, 0.0, 1.0]], "bev": "bev_89ae7fabf0a84917869eb96ea56b4556.png", "aux": "aux_89ae7fabf0a84917869eb96ea56b4556.npz", "visibility": "visibility_89ae7fabf0a84917869eb96ea56b4556.png", "pose": [[-0.6270501017570496, 0.7789789438247681, 0.0, 180.0593719482422], [-0.7789789438247681, -0.6270501017570496, 0.0, 1119.7197265625], [0.0, 0.0, 1.0, 0.0], [0.0, 0.0, 0.0, 1.0]], "pose_inverse": [[-0.6270501017570496, -0.7789789438247681, 0.0, 985.144287109375], [0.7789789438247681, -0.6270501017570496, 0.0, 561.85791015625], [0.0, 0.0, 1.0, 0.0], [0.0, 0.0, 0.0, 1.0]], "cam_ids": [0, 1, 2, 3, 4, 5], "cam_channels": ["CAM_FRONT_LEFT", "CAM_FRONT", "CAM_FRONT_RIGHT", "CAM_BACK_LEFT", "CAM_BACK", "CAM_BACK_RIGHT"], "token": "89ae7fabf0a84917869eb96ea56b4556", "scene": "scene-0360"}, {"images": ["samples/CAM_FRONT_LEFT/n015-2018-08-03-15-00-36+0800__CAM_FRONT_LEFT__1533279643354844.jpg", "samples/CAM_FRONT/n015-2018-08-03-15-00-36+0800__CAM_FRONT__1533279643362460.jpg", "samples/CAM_FRONT_RIGHT/n015-2018-08-03-15-00-36+0800__CAM_FRONT_RIGHT__1533279643370344.jpg", "samples/CAM_BACK_LEFT/n015-2018-08-03-15-00-36+0800__CAM_BACK_LEFT__1533279643397423.jpg", "samples/CAM_BACK/n015-2018-08-03-15-00-36+0800__CAM_BACK__1533279643387525.jpg", "samples/CAM_BACK_RIGHT/n015-2018-08-03-15-00-36+0800__CAM_BACK_RIGHT__1533279643377900.jpg"], "intrinsics": [[[1272.5979470598488, 0.0, 826.6154927353808], [0.0, 1272.5979470598488, 479.75165386361925], [0.0, 0.0, 1.0]], [[1266.417203046554, 0.0, 816.2670197447984], [0.0, 1266.417203046554, 491.50706579294757], [0.0, 0.0, 1.0]], [[1260.8474446004698, 0.0, 807.968244525554], [0.0, 1260.8474446004698, 495.3344268742088], [0.0, 0.0, 1.0]], [[1256.7414812095406, 0.0, 792.1125740759628], [0.0, 1256.7414812095406, 492.7757465151356], [0.0, 0.0, 1.0]], [[809.2209905677063, 0.0, 829.2196003259838], [0.0, 809.2209905677063, 481.77842384512485], [0.0, 0.0, 1.0]], [[1259.5137405846733, 0.0, 807.2529053838625], [0.0, 1259.5137405846733, 501.19579884916527], [0.0, 0.0, 1.0]]], "extrinsics": [[[0.8209759593009949, -0.5709421038627625, -0.004841815214604139, -0.8201904296875], [-0.005085157696157694, 0.0011681686155498028, -0.9999864101409912, 1.5073556900024414], [0.5709400177001953, 0.8209894299507141, -0.0019442926859483123, -1.1817626953125], [0.0, 0.0, 0.0, 1.0]], [[0.006032045464962721, -0.9999774694442749, 0.002912119496613741, 0.00750732421875], [-0.01040847972035408, -0.0029747996013611555, -0.9999414682388306, 1.519021987915039], [0.9999276995658875, 0.00600142078474164, -0.010426189750432968, -1.54681396484375], [0.0, 0.0, 0.0, 1.0]], [[-0.8328127861022949, -0.5535416007041931, -0.0038209299091249704, 0.9371337890625], [-0.004812072031199932, 0.014141771011054516, -0.9998884201049805, 1.5030741691589355], [0.5535338521003723, -0.8327014446258545, -0.014441128820180893, -1.1839828491210938], [0.0, 0.0, 0.0, 1.0]], [[0.947726309299469, 0.31907981634140015, -0.0017311042174696922, -1.1319580078125], [0.00376497651450336, -0.016607193276286125, -0.9998549818992615, 1.5886006355285645], [-0.3190622329711914, 0.9475823044776917, -0.01694040186703205, -0.1074066162109375], [0.0, 0.0, 0.0, 1.0]], [[0.002252780133858323, 0.9999763369560242, -0.006497528869658709, 0.00244140625], [-0.021618159487843513, -0.006447325460612774, -0.9997455477714539, 1.5783023834228516], [-0.9997637867927551, 0.0023927497677505016, 0.02160312421619892, -0.0469970703125], [0.0, 0.0, 0.0, 1.0]], [[-0.9348892569541931, 0.3548678159713745, -0.007134322542697191, 1.0555419921875], [0.011056523770093918, 0.009025976061820984, -0.9998981356620789, 1.5523920059204102], [-0.3547673225402832, -0.9348729252815247, -0.012361894361674786, -0.09332275390625], [0.0, 0.0, 0.0, 1.0]]], "view": [[0.0, -2.0, 100.0], [-2.0, 0.0, 100.0], [0.0, 0.0, 1.0]], "bev": "bev_9e9d7393eb2d4249bcc5b87e641bda3a.png", "aux": "aux_9e9d7393eb2d4249bcc5b87e641bda3a.npz", "visibility": "visibility_9e9d7393eb2d4249bcc5b87e641bda3a.png", "pose": [[-0.6286814212799072, 0.7776629328727722, 0.0, 178.83717346191406], [-0.7776629328727722, -0.6286814212799072, 0.0, 1118.23388671875], [0.0, 0.0, 1.0, 0.0], [0.0, 0.0, 0.0, 1.0]], "pose_inverse": [[-0.6286814212799072, -0.7776629328727722, 0.0, 982.0406494140625], [0.7776629328727722, -0.6286814212799072, 0.0, 563.9378051757812], [0.0, 0.0, 1.0, 0.0], [0.0, 0.0, 0.0, 1.0]], "cam_ids": [0, 1, 2, 3, 4, 5], "cam_channels": ["CAM_FRONT_LEFT", "CAM_FRONT", "CAM_FRONT_RIGHT", "CAM_BACK_LEFT", "CAM_BACK", "CAM_BACK_RIGHT"], "token": "9e9d7393eb2d4249bcc5b87e641bda3a", "scene": "scene-0360"}, {"images": ["samples/CAM_FRONT_LEFT/n015-2018-08-03-15-00-36+0800__CAM_FRONT_LEFT__1533279643904844.jpg", "samples/CAM_FRONT/n015-2018-08-03-15-00-36+0800__CAM_FRONT__1533279643912460.jpg", "samples/CAM_FRONT_RIGHT/n015-2018-08-03-15-00-36+0800__CAM_FRONT_RIGHT__1533279643920339.jpg", "samples/CAM_BACK_LEFT/n015-2018-08-03-15-00-36+0800__CAM_BACK_LEFT__1533279643947423.jpg", "samples/CAM_BACK/n015-2018-08-03-15-00-36+0800__CAM_BACK__1533279643937525.jpg", "samples/CAM_BACK_RIGHT/n015-2018-08-03-15-00-36+0800__CAM_BACK_RIGHT__1533279643927893.jpg"], "intrinsics": [[[1272.5979470598488, 0.0, 826.6154927353808], [0.0, 1272.5979470598488, 479.75165386361925], [0.0, 0.0, 1.0]], [[1266.417203046554, 0.0, 816.2670197447984], [0.0, 1266.417203046554, 491.50706579294757], [0.0, 0.0, 1.0]], [[1260.8474446004698, 0.0, 807.968244525554], [0.0, 1260.8474446004698, 495.3344268742088], [0.0, 0.0, 1.0]], [[1256.7414812095406, 0.0, 792.1125740759628], [0.0, 1256.7414812095406, 492.7757465151356], [0.0, 0.0, 1.0]], [[809.2209905677063, 0.0, 829.2196003259838], [0.0, 809.2209905677063, 481.77842384512485], [0.0, 0.0, 1.0]], [[1259.5137405846733, 0.0, 807.2529053838625], [0.0, 1259.5137405846733, 501.19579884916527], [0.0, 0.0, 1.0]]], "extrinsics": [[[0.8208330273628235, -0.5711603760719299, -0.0029655962716788054, -0.829833984375], [-0.006408868823200464, -0.00401831092312932, -0.9999713897705078, 1.5072050094604492], [0.5711321234703064, 0.8208285570144653, -0.0069588543847203255, -1.18780517578125], [0.0, 0.0, 0.0, 1.0]], [[0.005844515282660723, -0.999950110912323, 0.00809408724308014, 0.00701904296875], [-0.011698015965521336, -0.008162039332091808, -0.9998983144760132, 1.518967628479004], [0.9999144077301025, 0.005749251693487167, -0.01174513716250658, -1.5577392578125], [0.0, 0.0, 0.0, 1.0]], [[-0.8328975439071655, -0.5534271001815796, 9.206651884596795e-05, 0.9456787109375], [-0.006067546550184488, 0.008965198881924152, -0.999941349029541, 1.5030021667480469], [0.5533939003944397, -0.832849383354187, -0.010825036093592644, -1.1901168823242188], [0.0, 0.0, 0.0, 1.0]], [[0.9477522969245911, 0.3189777433872223, -0.004330941941589117, -1.135986328125], [0.002689986489713192, -0.021566901355981827, -0.9997637867927551, 1.5885748863220215], [-0.31899577379226685, 0.9475167393684387, -0.021298127