[{"images": ["samples/CAM_FRONT_LEFT/n008-2018-08-28-13-40-50-0400__CAM_FRONT_LEFT__1535478051154799.jpg", "samples/CAM_FRONT/n008-2018-08-28-13-40-50-0400__CAM_FRONT__1535478051162404.jpg", "samples/CAM_FRONT_RIGHT/n008-2018-08-28-13-40-50-0400__CAM_FRONT_RIGHT__1535478051170482.jpg", "samples/CAM_BACK_LEFT/n008-2018-08-28-13-40-50-0400__CAM_BACK_LEFT__1535478051197405.jpg", "samples/CAM_BACK/n008-2018-08-28-13-40-50-0400__CAM_BACK__1535478051187558.jpg", "samples/CAM_BACK_RIGHT/n008-2018-08-28-13-40-50-0400__CAM_BACK_RIGHT__1535478051178113.jpg"], "intrinsics": [[[1257.8625342125129, 0.0, 827.2410631095686], [0.0, 1257.8625342125129, 450.915498205774], [0.0, 0.0, 1.0]], [[1252.8131021185304, 0.0, 826.588114781398], [0.0, 1252.8131021185304, 469.9846626224581], [0.0, 0.0, 1.0]], [[1256.7485116440405, 0.0, 817.7887570959712], [0.0, 1256.7485116440403, 451.9541780095127], [0.0, 0.0, 1.0]], [[1254.9860565800168, 0.0, 829.5769333630991], [0.0, 1254.9860565800168, 467.1680561863987], [0.0, 0.0, 1.0]], [[796.8910634503094, 0.0, 857.7774326863696], [0.0, 796.8910634503094, 476.8848988407415], [0.0, 0.0, 1.0]], [[1249.9629280788233, 0.0, 825.3768045375984], [0.0, 1249.9629280788233, 462.54816385708756], [0.0, 0.0, 1.0]]], "extrinsics": [[[0.8231098651885986, -0.5677333474159241, 0.012994949705898762, -0.75537109375], [0.000790705787949264, -0.02173737995326519, -0.9997633695602417, 1.488558292388916], [0.5678815841674805, 0.8229253888130188, -0.017443347722291946, -1.16229248046875], [0.0, 0.0, 0.0, 1.0]], [[0.011282103136181831, -0.9995971918106079, 0.026042187586426735, 0.00909423828125], [0.0026139335241168737, -0.026014277711510658, -0.9996581673622131, 1.4808359146118164], [0.9999328851699829, 0.011346234008669853, 0.0023193848319351673, -1.48779296875], [0.0, 0.0, 0.0, 1.0]], [[-0.843540608882904, -0.5369769334793091, 0.00974404625594616, 0.93017578125], [0.010666575282812119, -0.034890223294496536, -0.9993341565132141, 1.4951305389404297], [0.5369594097137451, -0.8428751230239868, 0.03515902906656265, -1.174560546875], [0.0, 0.0, 0.0, 1.0]], [[0.9476850032806396, 0.31853342056274414, -0.02072364278137684, -1.1409912109375], [-0.015010576695203781, -0.02037997916340828, -0.9996796250343323, 1.5619945526123047], [-0.3188537359237671, 0.9476924538612366, -0.014532428234815598, -0.15704345703125], [0.0, 0.0, 0.0, 1.0]], [[0.00859755277633667, 0.9995772838592529, -0.02777300402522087, -0.0285186767578125], [-0.0128478417173028, -0.027661310508847237, -0.9995347261428833, 1.567148208618164], [-0.9998805522918701, 0.008950385265052319, 0.012604590505361557, -0.0272216796875], [0.0, 0.0, 0.0, 1.0]], [[-0.9240532517433167, 0.3820919096469879, -0.011460430920124054, 1.03369140625], [-0.008349886164069176, -0.05014854297041893, -0.9987068772315979, 1.5466924905776978], [-0.38217252492904663, -0.9227626919746399, 0.04953034594655037, -0.09576416015625], [0.0, 0.0, 0.0, 1.0]]], "view": [[0.0, -2.0, 100.0], [-2.0, 0.0, 100.0], [0.0, 0.0, 1.0]], "bev": "bev_b991013f15ed4fe3bd9cd901a94d85ab.png", "aux": "aux_b991013f15ed4fe3bd9cd901a94d85ab.npz", "visibility": "visibility_b991013f15ed4fe3bd9cd901a94d85ab.png", "pose": [[0.4706818461418152, -0.88230299949646, 0.0, 1048.8438720703125], [0.88230299949646, 0.4706818461418152, 0.0, 1418.5592041015625], [0.0, 0.0, 1.0, 0.0], [0.0, 0.0, 0.0, 1.0]], "pose_inverse": [[0.4706818461418152, 0.88230299949646, 0.0, -1745.2708740234375], [-0.88230299949646, 0.4706818461418152, 0.0, 257.7080383300781], [0.0, 0.0, 1.0, 0.0], [0.0, 0.0, 0.0, 1.0]], "cam_ids": [0, 1, 2, 3, 4, 5], "cam_channels": ["CAM_FRONT_LEFT", "CAM_FRONT", "CAM_FRONT_RIGHT", "CAM_BACK_LEFT", "CAM_BACK", "CAM_BACK_RIGHT"], "token": "b991013f15ed4fe3bd9cd901a94d85ab", "scene": "scene-0499"}, {"images": ["samples/CAM_FRONT_LEFT/n008-2018-08-28-13-40-50-0400__CAM_FRONT_LEFT__1535478051654799.jpg", "samples/CAM_FRONT/n008-2018-08-28-13-40-50-0400__CAM_FRONT__1535478051662404.jpg", "samples/CAM_FRONT_RIGHT/n008-2018-08-28-13-40-50-0400__CAM_FRONT_RIGHT__1535478051672004.jpg", "samples/CAM_BACK_LEFT/n008-2018-08-28-13-40-50-0400__CAM_BACK_LEFT__1535478051697405.jpg", "samples/CAM_BACK/n008-2018-08-28-13-40-50-0400__CAM_BACK__1535478051687558.jpg", "samples/CAM_BACK_RIGHT/n008-2018-08-28-13-40-50-0400__CAM_BACK_RIGHT__1535478051678113.jpg"], "intrinsics": [[[1257.8625342125129, 0.0, 827.2410631095686], [0.0, 1257.8625342125129, 450.915498205774], [0.0, 0.0, 1.0]], [[1252.8131021185304, 0.0, 826.588114781398], [0.0, 1252.8131021185304, 469.9846626224581], [0.0, 0.0, 1.0]], [[1256.7485116440405, 0.0, 817.7887570959712], [0.0, 1256.7485116440403, 451.9541780095127], [0.0, 0.0, 1.0]], [[1254.9860565800168, 0.0, 829.5769333630991], [0.0, 1254.9860565800168, 467.1680561863987], [0.0, 0.0, 1.0]], [[796.8910634503094, 0.0, 857.7774326863696], [0.0, 796.8910634503094, 476.8848988407415], [0.0, 0.0, 1.0]], [[1249.9629280788233, 0.0, 825.3768045375984], [0.0, 1249.9629280788233, 462.54816385708756], [0.0, 0.0, 1.0]]], "extrinsics": [[[0.8228631615638733, -0.5682387351989746, 0.0009883370948955417, -0.744873046875], [-0.013291925191879272, -0.02098672091960907, -0.999691367149353, 1.4840717315673828], [0.5680841207504272, 0.8225960731506348, -0.024822186678647995, -1.15289306640625], [0.0, 0.0, 0.0, 1.0]], [[0.01091829314827919, -0.9996154308319092, 0.02548799477517605, 0.0074462890625], [-0.011597437784075737, -0.025614392012357712, -0.9996046423912048, 1.477107048034668], [0.9998730421066284, 0.010618332773447037, -0.011872644536197186, -1.472900390625], [0.0, 0.0, 0.0, 1.0]], [[-0.8436406254768372, -0.5364559888839722, 0.022033952176570892, 0.92919921875], [-0.003812757320702076, -0.0350516252219677, -0.9993782043457031, 1.4923230409622192], [0.5368947982788086, -0.8432000875473022, 0.027525601908564568, -1.175537109375], [0.0, 0.0, 0.0, 1.0]], [[0.947342038154602, 0.3183269500732422, -0.03479819372296333, -1.141845703125], [-0.029257500544190407, -0.02217179909348488, -0.9993259310722351, 1.5619735717773438], [-0.3188839554786682, 0.9477216601371765, -0.011690828949213028, -0.15673828125], [0.0, 0.0, 0.0, 1.0]], [[0.008534727618098259, 0.9995425343513489, -0.029016410931944847, -0.0279083251953125], [-0.027182428166270256, -0.028774838894605637, -0.9992162585258484, 1.5659980773925781], [-0.9995941519737244, 0.00931673962622881, 0.026924408972263336, -0.031494140625], [0.0, 0.0, 0.0, 1.0]], [[-0.923931896686554, 0.38255250453948975, 0.0018343940610066056, 1.026123046875], [-0.022945359349250793, -0.05062935873866081, -0.9984539151191711, 1.5444355010986328], [-0.3818681538105011, -0.9225454926490784, 0.05555589124560356, -0.099822998046875], [0.0, 0.0, 0.0, 1.0]]], "view": [[0.0, -2.0, 100.0], [-2.0, 0.0, 100.0], [0.0, 0.0, 1.0]], "bev": "bev_30f507ba47ff4c4c940ffe8248667772.png", "aux": "aux_30f507ba47ff4c4c940ffe8248667772.npz", "visibility": "visibility_30f507ba47ff4c4c940ffe8248667772.png", "pose": [[0.47444745898246765, -0.8802838325500488, 0.0, 1050.546630859375], [0.8802838325500488, 0.47444745898246765, 0.0, 1421.72314453125], [0.0, 0.0, 1.0, 0.0], [0.0, 0.0, 0.0, 1.0]], "pose_inverse": [[0.47444745898246765, 0.8802838325500488, 0.0, -1749.9490966796875], [-0.8802838325500488, 0.47444745898246765, 0.0, 250.24627685546875], [0.0, 0.0, 1.0, 0.0], [0.0, 0.0, 0.0, 1.0]], "cam_ids": [0, 1, 2, 3, 4, 5], "cam_channels": ["CAM_FRONT_LEFT", "CAM_FRONT", "CAM_FRONT_RIGHT", "CAM_BACK_LEFT", "CAM_BACK", "CAM_BACK_RIGHT"], "token": "30f507ba47ff4c4c940ffe8248667772", "scene": "scene-0499"}, {"images": ["samples/CAM_FRONT_LEFT/n008-2018-08-28-13-40-50-0400__CAM_FRONT_LEFT__1535478052154799.jpg", "samples/CAM_FRONT/n008-2018-08-28-13-40-50-0400__CAM_FRONT__1535478052162404.jpg", "samples/CAM_FRONT_RIGHT/n008-2018-08-28-13-40-50-0400__CAM_FRONT_RIGHT__1535478052170482.jpg", "samples/CAM_BACK_LEFT/n008-2018-08-28-13-40-50-0400__CAM_BACK_LEFT__1535478052197416.jpg", "samples/CAM_BACK/n008-2018-08-28-13-40-50-0400__CAM_BACK__1535478052187570.jpg", "samples/CAM_BACK_RIGHT/n008-2018-08-28-13-40-50-0400__CAM_BACK_RIGHT__1535478052178113.jpg"], "intrinsics": [[[1257.8625342125129, 0.0, 827.2410631095686], [0.0, 1257.8625342125129, 450.915498205774], [0.0, 0.0, 1.0]], [[1252.8131021185304, 0.0, 826.588114781398], [0.0, 1252.8131021185304, 469.9846626224581], [0.0, 0.0, 1.0]], [[1256.7485116440405, 0.0, 817.7887570959712], [0.0, 1256.7485116440403, 451.9541780095127], [0.0, 0.0, 1.0]], [[1254.9860565800168, 0.0, 829.5769333630991], [0.0, 1254.9860565800168, 467.1680561863987], [0.0, 0.0, 1.0]], [[796.8910634503094, 0.0, 857.7774326863696], [0.0, 796.8910634503094, 476.8848988407415], [0.0, 0.0, 1.0]], [[1249.9629280788233, 0.0, 825.3768045375984], [0.0, 1249.9629280788233, 462.54816385708756], [0.0, 0.0, 1.0]]], "extrinsics": [[[0.8230684995651245, -0.5674476623535156, 0.023696986958384514, -0.735595703125], [0.0064570726826786995, -0.03237207606434822, -0.9994550347328186, 1.4904232025146484], [0.5679055452346802, 0.8227729797363281, -0.02298038825392723, -1.148193359375], [0.0, 0.0, 0.0, 1.0]], [[0.011153066530823708, -0.9992607831954956, 0.036787960678339005, 0.008880615234375], [0.007097781635820866, -0.036710210144519806, -0.9993007779121399, 1.4820938110351562], [0.9999126195907593, 0.011406407691538334, 0.006683103274554014, -1.465576171875], [0.0, 0.0, 0.0, 1.0]], [[-0.8435527086257935, -0.536892831325531, 0.012843294069170952, 0.915771484375], [0.013850372284650803, -0.045655637979507446, -0.9988611936569214, 1.4959640502929688], [0.5368678569793701, -0.8424142003059387, 0.04594910517334938, -1.1656494140625], [0.0, 0.0, 0.0, 1.0]], [[0.9475740790367126, 0.31857237219810486, -0.024801939725875854, -1.1424560546875], [-0.01563923805952072, -0.03128780052065849, -0.9993880391120911, 1.562021255493164], [-0.31915345788002014, 0.9473820328712463, -0.02466527186334133, -0.156494140625], [0.0, 0.0, 0.0, 1.0]], [[0.008455593138933182, 0.999213695526123, -0.03873757645487785, -0.02850341796875], [-0.011971427127718925, -0.03863503038883209, -0.9991816282272339, 1.5671491622924805], [-0.9998926520347595, 0.008912481367588043, 0.011635329574346542, -0.0323486328125], [0.0, 0.0, 0.0, 1.0]], [[-0.9240525364875793, 0.3818652927875519, -0.01748824492096901, 1.022705078125], [-0.006317527499049902, -0.060998108237981796, -0.9981178641319275, 1.546886920928955], [-0.38221320509910583, -0.9222029447555542, 0.05877790227532387, -0.100372314453125], [0.0, 0.0, 0.0, 1.0]]], "view": [[0.0, -2.0, 100.0], [-2.0, 0.0, 100.0], [0.0, 0.0, 1.0]], "bev": "bev_7a855a0c50604fa485c5d63edb5ce7ba.png", "aux": "aux_7a855a0c50604fa485c5d63edb5ce7ba.npz", "visibility": "visibility_7a855a0c50604fa485c5d63edb5ce7ba.png", "pose": [[0.476810485124588, -0.8790061473846436, 0.0, 1052.30810546875], [0.8790061473846436, 0.476810485124588, 0.0, 1424.98974609375], [0.0, 0.0, 1.0, 0.0], [0.0, 0.0, 0.0, 1.0]], "pose_inverse": [[0.476810485124588, 0.8790061473846436, 0.0, -1754.3262939453125], [-0.8790061473846436, 0.476810485124588, 0.0, 245.53521728515625], [0.0, 0.0, 1.0, 0.0], [0.0, 0.0, 0.0, 1.0]], "cam_ids": [0, 1, 2, 3, 4, 5], "cam_channels": ["CAM_FRONT_LEFT", "CAM_FRONT", "CAM_FRONT_RIGHT", "CAM_BACK_LEFT", "CAM_BACK", "CAM_BACK_RIGHT"], "token": "7a855a0c50604fa485c5d63edb5ce7ba", "scene": "scene-0499"}, {"images": ["samples/CAM_FRONT_LEFT/n008-2018-08-28-13-40-50-0400__CAM_FRONT_LEFT__1535478052654799.jpg", "samples/CAM_FRONT/n008-2018-08-28-13-40-50-0400__CAM_FRONT__1535478052662404.jpg", "samples/CAM_FRONT_RIGHT/n008-2018-08-28-13-40-50-0400__CAM_FRONT_RIGHT__1535478052670482.jpg", "samples/CAM_BACK_LEFT/n008-2018-08-28-13-40-50-0400__CAM_BACK_LEFT__1535478052697405.jpg", "samples/CAM_BACK/n008-2018-08-28-13-40-50-0400__CAM_BACK__1535478052687558.jpg", "samples/CAM_BACK_RIGHT/n008-2018-08-28-13-40-50-0400__CAM_BACK_RIGHT__1535478052678113.jpg"], "intrinsics": [[[1257.8625342125129, 0.0, 827.2410631095686], [0.0, 1257.8625342125129, 450.915498205774], [0.0, 0.0, 1.0]], [[1252.8131021185304, 0.0, 826.588114781398], [0.0, 1252.8131021185304, 469.9846626224581], [0.0, 0.0, 1.0]], [[1256.7485116440405, 0.0, 817.7887570959712], [0.0, 1256.7485116440403, 451.9541780095127], [0.0, 0.0, 1.0]], [[1254.9860565800168, 0.0, 829.5769333630991], [0.0, 1254.9860565800168, 467.1680561863987], [0.0, 0.0, 1.0]], [[796.8910634503094, 0.0, 857.7774326863696], [0.0, 796.8910634503094, 476.8848988407415], [0.0, 0.0, 1.0]], [[1249.9629280788233, 0.0, 825.3768045375984], [0.0, 1249.9629280788233, 462.54816385708756], [0.0, 0.0, 1.0]]], "extrinsics": [[[0.8226810097694397, -0.5679736733436584, 0.024533681571483612, -0.7474365234375], [0.0025035939179360867, -0.03953487426042557, -0.9992150664329529, 1.4891080856323242], [0.5684977769851685, 0.8220967054367065, -0.031102614477276802, -1.1563720703125], [0.0, 0.0, 0.0, 1.0]], [[0.0104677090421319, -0.9989835023880005, 0.04384450614452362, 0.008575439453125], [0.004528903402388096, -0.04379909113049507, -0.9990301132202148, 1.4813461303710938], [0.9999349117279053, 0.010656104423105717, 0.004065825138241053, -1.4788818359375], [0.0, 0.0, 0.0, 1.0]], [[-0.8438236713409424, -0.5363255143165588, 0.017793411388993263, 0.9246826171875], [0.01239309273660183, -0.05262656882405281, -0.9985373616218567, 1.4955368041992188], [0.5364774465560913, -0.8423689007759094, 0.051054276525974274, -1.171630859375], [0.0, 0.0, 0.0, 1.0]], [[0.947566568851471, 0.31856682896614075, -0.025155920535326004, -1.1434326171875], [-0.013771302998065948, -0.03793928399682045, -0.9991852045059204, 1.5620412826538086], [-0.31926167011260986, 0.9471408128738403, -0.031562916934490204, -0.15655517578125], [0.0, 0.0, 0.0, 1.0]], [[0.008547087199985981, 0.9989325404167175, -0.04539555311203003, -0.0286102294921875], [-0.011447998695075512, -0.04529648274183273, -0.9989079236984253, 1.5672492980957031], [-0.9998979568481445, 0.009057431481778622, 0.011048623360693455, -0.0281982421875], [0.0, 0.0, 0.0, 1.0]], [[-0.9239426851272583, 0.3820314407348633, -0.019542859867215157, 1.030029296875], [-0.006936164572834969, -0.06781122833490372, -0.9976740479469299, 1.5468626022338867], [-0.3824680745601654, -0.9216580390930176, 0.0653035119175911, -0.097259521484375], [0.0, 0.0, 0.0, 1.0]]], "view": [[0.0, -2.0, 100.0], [-2.0, 0.0, 100.0], [0.0, 0.0, 1.0]], "bev": "bev_7348b3f2177b4cb191fc0dbfc600f275.png", "aux": "aux_7348b3f2177b4cb191fc0dbfc600f275.npz", "visibility": "visibility_7348b3f2177b4cb191fc0dbfc600f275.png", "pose": [[0.48351773619651794, -0.8753345608711243, 0.0, 1054.121337890625], [0.8753345608711243, 0.48351773619651794, 0.0, 1428.2774658203125], [0.0, 0.0, 1.0, 0.0], [0.0, 0.0, 0.0, 1.0]], "pose_inverse": [[0.48351773619651794, 0.8753345608711243, 0.0, -1759.906982421875], [-0.8753345608711243, 0.48351773619651794, 0.0, 232.111328125], [0.0, 0.0, 1.0, 0.0], [0.0, 0.0, 0.0, 1.0]], "cam_ids": [0, 1, 2, 3, 4, 5], "cam_channels": ["CAM_FRONT_LEFT", "CAM_FRONT", "CAM_FRONT_RIGHT", "CAM_BACK_LEFT", "CAM_BACK", "CAM_BACK_RIGHT"], "token": "7348b3f2177b4cb191fc0dbfc600f275", "scene": "scene-0499"}, {"images": ["samples/CAM_FRONT_LEFT/n008-2018-08-28-13-40-50-0400__CAM_FRONT_LEFT__1535478053154799.jpg", "samples/CAM_FRONT/n008-2018-08-28-13-40-50-0400__CAM_FRONT__1535478053162404.jpg", "samples/CAM_FRONT_RIGHT/n008-2018-08-28-13-40-50-0400__CAM_FRONT_RIGHT__1535478053170482.jpg", "samples/CAM_BACK_LEFT/n008-2018-08-28-13-40-50-0400__CAM_BACK_LEFT__1535478053197405.jpg", "samples/CAM_BACK/n008-2018-08-28-13-40-50-0400__CAM_BACK__1535478053187558.jpg", "samples/CAM_BACK_RIGHT/n008-2018-08-28-13-40-50-0400__CAM_BACK_RIGHT__1535478053178113.jpg"], "intrinsics": [[[1257.8625342125129, 0.0, 827.2410631095686], [0.0, 1257.8625342125129, 450.915498205774], [0.0, 0.0, 1.0]], [[1252.8131021185304, 0.0, 826.588114781398], [0.0, 1252.8131021185304, 469.9846626224581], [0.0, 0.0, 1.0]], [[1256.7485116440405, 0.0, 817.7887570959712], [0.0, 1256.7485116440403, 451.9541780095127], [0.0, 0.0, 1.0]], [[1254.9860565800168, 0.0, 829.5769333630991], [0.0, 1254.9860565800168, 467.1680561863987], [0.0, 0.0, 1.0]], [[796.8910634503094, 0.0, 857.7774326863696], [0.0, 796.8910634503094, 476.8848988407415], [0.0, 0.0, 1.0]], [[1249.9629280788233, 0.0, 825.3768045375984], [0.0, 1249.9629280788233, 462.54816385708756], [0.0, 0.0, 1.0]]], "extrinsics": [[[0.8230115175247192, -0.5675883293151855, 0.022258449345827103, -0.753662109375], [0.002499353140592575, -0.0355667918920517, -0.9993641972541809, 1.4890928268432617], [0.5680191516876221, 0.8225439190864563, -0.027853284031152725, -1.16107177734375], [0.0, 0.0, 0.0, 1.0]], [[0.011210796423256397, -0.9991559982299805, 0.039517488330602646, 0.0092926025390625], [0.004482420161366463, -0.039469361305236816, -0.9992107152938843, 1.4813270568847656], [0.9999270439147949, 0.01137915626168251, 0.004036155063658953, -1.485595703125], [0.0, 0.0, 0.0, 1.0]], [[-0.8435366153717041, -0.5368553996086121, 0.015240145847201347, 0.9295654296875], [0.01242744643241167, -0.04787973687052727, -0.9987757802009583, 1.4954948425292969], [0.5369278192520142, -0.842314600944519, 0.047060057520866394, -1.1739501953125], [0.0, 0.0, 0.0, 1.0]], [[0.9476428627967834, 0.3185293972492218, -0.022626645863056183, -1.1441650390625], [-0.01316612958908081, -0.03182259947061539, -0.9994068145751953, 1.5620441436767578], [-0.3190605044364929, 0.9473786354064941, -0.02596266195178032, -0.15594482421875], [0.0, 0.0, 0.0, 1.0]], [[0.008487382903695107, 0.9991728663444519, -0.03976764902472496, -0.02850341796875], [-0.01087683904916048, -0.03967447951436043, -0.9991534352302551, 1.5673160552978516], [-0.9999048113822937, 0.008912729099392891, 0.010531112551689148, -0.0255126953125], [0.0, 0.0, 0.0, 1.0]], [[-0.9240689277648926, 0.38181304931640625, -0.017758527770638466, 1.03369140625], [-0.006713897455483675, -0.06266763806343079, -0.9980118870735168, 1.5469236373901367], [-0.3821668326854706, -0.9221125245094299, 0.06047266721725464, -0.095611572265625], [0.0, 0.0, 0.0, 1.0]]], "view": [[0.0, -2.0, 100.0], [-2.0, 0.0, 100.0], [0.0, 0.0, 1.0]], "bev": "bev_c942070442a041b08a0ed76301a022d5.png", "aux": "aux_c942070442a041b08a0ed76301a022d5.npz", "visibility": "visibility_c942070442a041b08a0ed76301a022d5.png", "pose": [[0.4867551624774933, -0.8735384345054626, 0.0, 1055.912841796875], [0.8735384345054626, 0.4867551624774933, 0.0, 1431.4786376953125], [0.0, 0.0, 1.0, 0.0], [0.0, 0.0, 0.0, 1.0]], "pose_inverse": [[0.4867551624774933, 0.8735384345054626, 0.0, -1764.422607421875], [-0.8735384345054626, 0.4867551624774933, 0.0, 225.60086059570312], [0.0, 0.0, 1.0, 0.0], [0.0, 0.0, 0.0, 1.0]], "cam_ids": [0, 1, 2, 3, 4, 5], "cam_channels": ["CAM_FRONT_LEFT", "CAM_FRONT", "CAM_FRONT_RIGHT", "CAM_BACK_LEFT", "CAM_BACK", "CAM_BACK_RIGHT"], "token": "c942070442a041b08a0ed76301a022d5", "scene": "scene-0499"}, {"images": ["samples/CAM_FRONT_LEFT/n008-2018-08-28-13-40-50-0400__CAM_FRONT_LEFT__1535478053654799.jpg", "samples/CAM_FRONT/n008-2018-08-28-13-40-50-0400__CAM_FRONT__1535478053662404.jpg", "samples/CAM_FRONT_RIGHT/n008-2018-08-28-13-40-50-0400__CAM_FRONT_RIGHT__1535478053670482.jpg", "samples/CAM_BACK_LEFT/n008-2018-08-28-13-40-50-0400__CAM_BACK_LEFT__1535478053697405.jpg", "samples/CAM_BACK/n008-2018-08-28-13-40-50-0400__CAM_BACK__1535478053687558.jpg", "samples/CAM_BACK_RIGHT/n008-2018-08-28-13-40-50-0400__CAM_BACK_RIGHT__1535478053678113.jpg"], "intrinsics": [[[1257.8625342125129, 0.0, 827.2410631095686], [0.0, 1257.8625342125129, 450.915498205774], [0.0, 0.0, 1.0]], [[1252.8131021185304, 0.0, 826.588114781398], [0.0, 1252.8131021185304, 469.9846626224581], [0.0, 0.0, 1.0]], [[1256.7485116440405, 0.0, 817.7887570959712], [0.0, 1256.7485116440403, 451.9541780095127], [0.0, 0.0, 1.0]], [[1254.9860565800168, 0.0, 829.5769333630991], [0.0, 1254.9860565800168, 467.1680561863987], [0.0, 0.0, 1.0]], [[796.8910634503094, 0.0, 857.7774326863696], [0.0, 796.8910634503094, 476.8848988407415], [0.0, 0.0, 1.0]], [[1249.9629280788233, 0.0, 825.3768045375984], [0.0, 1249.9629280788233, 462.54816385708756], [0.0, 0.0, 1.0]]], "extrinsics": [[[0.8236789703369141, -0.566800594329834, 0.01703169383108616, -0.7537841796875], [0.0036060891579836607, -0.024798991158604622, -0.9996859431266785, 1.4894485473632812], [0.5670449733734131, 0.8234816789627075, -0.018382478505373, -1.1632080078125], [0.0, 0.0, 0.0, 1.0]], [[0.01213003322482109, -0.9995084404945374, 0.028910040855407715, 0.010986328125], [0.005564474500715733, -0.02884424477815628, -0.9995684623718262, 1.48162841796875], [0.9999109506607056, 0.012285662814974785, 0.0052118562161922455, -1.48583984375], [0.0, 0.0, 0.0, 1.0]], [[-0.8431700468063354, -0.5375763773918152, 0.008716714568436146, 0.9296875], [0.013551604002714157, -0.037457194179296494, -0.9992063045501709, 1.4957542419433594], [0.5374762415885925, -0.8423826694488525, 0.038867805153131485, -1.172607421875], [0.0, 0.0, 0.0, 1.0]], [[0.9477205276489258, 0.31857845187187195, -0.018263084813952446, -1.141357421875], [-0.011798525229096413, -0.022209923714399338, -0.9996837377548218, 1.56201171875], [-0.3188832998275757, 0.9476363062858582, -0.017290042713284492, -0.1568603515625], [0.0, 0.0, 0.0, 1.0]], [[0.008359347470104694, 0.9995205402374268, -0.02981378883123398, -0.029144287109375], [-0.009645726531744003, -0.02973284386098385, -0.9995113611221313, 1.567392349243164], [-0.9999185800552368, 0.008642877452075481, 0.009392554871737957, -0.0277099609375], [0.0, 0.0, 0.0, 1.0]], [[-0.9242295622825623, 0.3815437853336334, -0.014966084621846676, 1.0321044921875], [-0.005497290287166834, -0.052486732602119446, -0.9986064434051514, 1.547132968902588], [-0.38179755210876465, -0.9228593707084656, 0.05060724914073944, -0.095062255859375], [0.0, 0.0, 0.0, 1.0]]], "view": [[0.0, -2.0, 100.0], [-2.0, 0.0, 100.0], [0.0, 0.0, 1.0]], "bev": "bev_7992e19765f947a4a4a98e1995ef689c.png", "aux": "aux_7992e19765f947a4a4a98e1995ef689c.npz", "visibility": "visibility_7992e19765f947a4a4a98e1995ef689c.png", "pose": [[0.48657354712486267, -0.8736396431922913, 0.0, 1057.64794921875], [0.8736396431922913, 0.48657354712486267, 0.0, 1434.5863037109375], [0.0, 0.0, 1.0, 0.0], [0.0, 0.0, 0.0, 1.0]], "pose_inverse": [[0.48657354712486267, 0.8736396431922913, 0.0, -1767.9349365234375], [-0.8736396431922913, 0.48657354712486267, 0.0, 225.97142028808594], [0.0, 0.0, 1.0, 0.0], [0.0, 0.0, 0.0, 1.0]], "cam_ids": [0, 1, 2, 3, 4, 5], "cam_channels": ["CAM_FRONT_LEFT", "CAM_FRONT", "CAM_FRONT_RIGHT", "CAM_BACK_LEFT", "CAM_BACK", "CAM_BACK_RIGHT"], "token": "7992e19765f947a4a4a98e1995ef689c", "scene": "scene-0499"}, {"images": ["samples/CAM_FRONT_LEFT/n008-2018-08-28-13-40-50-0400__CAM_FRONT_LEFT__1535478054254799.jpg", "samples/CAM_FRONT/n008-2018-08-28-13-40-50-0400__CAM_FRONT__1535478054262404.jpg", "samples/CAM_FRONT_RIGHT/n008-2018-08-28-13-40-50-0400__CAM_FRONT_RIGHT__1535478054270482.jpg", "samples/CAM_BACK_LEFT/n008-2018-08-28-13-40-50-0400__CAM_BACK_LEFT__1535478054297405.jpg", "samples/CAM_BACK/n008-2018-08-28-13-40-50-0400__CAM_BACK__1535478054287558.jpg", "samples/CAM_BACK_RIGHT/n008-2018-08-28-13-40-50-0400__CAM_BACK_RIGHT__1535478054278113.jpg"], "intrinsics": [[[1257.8625342125129, 0.0, 827.2410631095686], [0.0, 1257.8625342125129, 450.915498205774], [0.0, 0.0, 1.0]], [[1252.8131021185304, 0.0, 826.588114781398], [0.0, 1252.8131021185304, 469.9846626224581], [0.0, 0.0, 1.0]], [[1256.7485116440405, 0.0, 817.7887570959712], [0.0, 1256.7485116440403, 451.9541780095127], [0.0, 0.0, 1.0]], [[1254.9860565800168, 0.0, 829.5769333630991], [0.0, 1254.9860565800168, 467.1680561863987], [0.0, 0.0, 1.0]], [[796.8910634503094, 0.0, 857.7774326863696], [0.0, 796.8910634503094, 476.8848988407415], [0.0, 0.0, 1.0]], [[1249.9629280788233, 0.0, 825.3768045375984], [0.0, 1249.9629280788233, 462.54816385708756], [0.0, 0.0, 1.0]]], "extrinsics": [[[0.8230248093605042, -0.5678418874740601, 0.0136303985491395, -0.7484130859375], [0.00027121001039631665, -0.023604081943631172, -0.999721348285675, 1.4884061813354492], [0.5680054426193237, 0.8227992057800293, -0.019272740930318832, -1.15771484375], [0.0, 0.0, 0.0, 1.0]], [[0.011010791175067425, -0.9995535016059875, 0.027775747701525688, 0.0091552734375], [0.0023792169522494078, -0.02775116264820099, -0.999612033367157, 1.4807987213134766], [0.9999365210533142, 0.011072531342506409, 0.0020725931972265244, -1.4788818359375], [0.0, 0.0, 0.0, 1.0]], [[-0.843654990196228, -0.536780834197998, 0.010611211881041527, 0.9234619140625], [0.010618661530315876, -0.03644327446818352, -0.999279260635376, 1.495208740234375], [0.5367806553840637, -0.8429343104362488, 0.03644544631242752, -1.1705322265625], [0.0, 0.0, 0.0, 1.0]], [[0.947705864906311, 0.3185153603553772, -0.020033735781908035, -1.137939453125], [-0.013931517489254475, -0.02142505533993244, -0.9996733665466309, 1.5619564056396484], [-0.3188405930995941, 0.9476755261421204, -0.01586724817752838, -0.1580810546875], [0.0, 0.0, 0.0, 1.0]], [[0.00869693048298359, 0.999541699886322, -0.02899840474128723, -0.028564453125], [-0.012060008011758327, -0.028892548754811287, -0.9995097517967224, 1.5671472549438477], [-0.9998894333839417, 0.009042439982295036, 0.011803203262388706, -0.0321044921875], [0.0, 0.0, 0.0, 1.0]], [[-0.9239924550056458, 0.3822174370288849, -0.012156486511230469, 1.0272216796875], [-0.008175131864845753, -0.05152484029531479, -0.9986382126808167, 1.5466587543487549], [-0.382323294878006, -0.9226347804069519, 0.05073323845863342, -0.098236083984375], [0.0, 0.0, 0.0, 1.0]]], "view": [[0.0, -2.0, 100.0], [-2.0, 0.0, 100.0], [0.0, 0.0, 1.0]], "bev": "bev_ce46c055eca54f8daf54986e5faf0031.png", "aux": "aux_ce46c055eca54f8daf54986e5faf0031.npz", "visibility": "visibility_ce46c055eca54f8daf54986e5faf0031.png", "pose": [[0.48208969831466675, -0.8761218786239624, 0.0, 1059.6806640625], [0.8761218786239624, 0.48208969831466675, 0.0, 1438.2606201171875], [0.0, 0.0, 1.0, 0.0], [0.0, 0.0, 0.0, 1.0]], "pose_inverse": [[0.48208969831466675, 0.8761218786239624, 0.0, -1770.9527587890625], [-0.8761218786239624, 0.48208969831466675, 0.0, 235.03878784179688], [0.0, 0.0, 1.0, 0.0], [0.0, 0.0, 0.0, 1.0]], "cam_ids": [0, 1, 2, 3, 4, 5], "cam_channels": ["CAM_FRONT_LEFT", "CAM_FRONT", "CAM_FRONT_RIGHT", "CAM_BACK_LEFT", "CAM_BACK", "CAM_BACK_RIGHT"], "token": "ce46c055eca54f8daf54986e5faf0031", "scene": "scene-0499"}, {"images": ["samples/CAM_FRONT_LEFT/n008-2018-08-28-13-40-50-0400__CAM_FRONT_LEFT__1535478054754799.jpg", "samples/CAM_FRONT/n008-2018-08-28-13-40-50-0400__CAM_FRONT__1535478054762404.jpg", "samples/CAM_FRONT_RIGHT/n008-2018-08-28-13-40-50-0400__CAM_FRONT_RIGHT__1535478054770482.jpg", "samples/CAM_BACK_LEFT/n008-2018-08-28-13-40-50-0400__CAM_BACK_LEFT__1535478054797405.jpg", "samples/CAM_BACK/n008-2018-08-28-13-40-50-0400__CAM_BACK__1535478054787558.jpg", "samples/CAM_BACK_RIGHT/n008-2018-08-28-13-40-50-0400__CAM_BACK_RIGHT__1535478054778113.jpg"], "intrinsics": [[[1257.8625342125129, 0.0, 827.2410631095686], [0.0, 1257.8625342125129, 450.915498205774], [0.0, 0.0, 1.0]], [[1252.8131021185304, 0.0, 826.588114781398], [0.0, 1252.8131021185304, 469.9846626224581], [0.0, 0.0, 1.0]], [[1256.7485116440405, 0.0, 817.7887570959712], [0.0, 1256.7485116440403, 451.9541780095127], [0.0, 0.0, 1.0]], [[1254.9860565800168, 0.0, 829.5769333630991], [0.0, 1254.9860565800168, 467.1680561863987], [0.0, 0.0, 1.0]], [[796.8910634503094, 0.0, 857.7774326863696], [0.0, 796.8910634503094, 476.8848988407415], [0.0, 0.0, 1.0]], [[1249.9629280788233, 0.0, 825.3768045375984], [0.0, 1249.9629280788233, 462.54816385708756], [0.0, 0.0, 1.0]]], "extrinsics": [[[0.8228371739387512, -0.568094789981842, 0.014395286329090595, -0.7645263671875], [0.002098663244396448, -0.022293487563729286, -0.9997492432594299, 1.4889345169067383], [0.5682732462882996, 0.8226611614227295, -0.017151672393083572, -1.1689453125], [0.0, 0.0, 0.0, 1.0]], [[0.010661071166396141, -0.9995931386947632, 0.026453182101249695, 0.009063720703125], [0.004313362762331963, -0.026408469304442406, -0.9996419548988342, 1.4812278747558594], [0.9999338388442993, 0.010771357454359531, 0.004030067007988691, -1.495361328125], [0.0, 0.0, 0.0, 1.0]], [[-0.843797504901886, -0.5365966558456421, 0.008350714109838009, 0.9354248046875], [0.012425367720425129, -0.03509045019745827, -0.999306857585907, 1.4953994750976562], [0.5365177989006042, -0.8431090116500854, 0.03627664968371391, -1.177734375], [0.0, 0.0, 0.0, 1.0]], [[0.9477190971374512, 0.3185921609401703, -0.018100660294294357, -1.142822265625], [-0.01239083707332611, -0.01993972435593605, -0.9997243881225586, 1.5620307922363281], [-0.31886526942253113, 0.9476821422576904, -0.014949631877243519, -0.1566162109375], [0.0, 0.0, 0.0, 1.0]], [[0.008816462010145187, 0.9995805621147156, -0.027585551142692566, -0.0286407470703125], [-0.010373128578066826, -0.027493713423609734, -0.9995681047439575, 1.5673637390136719], [-0.9999073147773743, 0.00909882877022028, 0.010126381181180477, -0.0238037109375], [0.0, 0.0, 0.0, 1.0]], [[-0.923905074596405, 0.38239479064941406, -0.013180838897824287, 1.0377197265625], [-0.006514034699648619, -0.050163634121418, -0.9987197518348694, 1.5469752550125122], [-0.38256633281707764, -0.9226363301277161, 0.048837367445230484, -0.09381103515625], [0.0, 0.0, 0.0, 1.0]]], "view": [[0.0, -2.0, 100.0], [-2.0, 0.0, 100.0], [0.0, 0.0, 1.0]], "bev": "bev_7fdbd9b95adb40e18081744d63f232cc.png", "aux": "aux_7fdbd9b95adb40e18081744d63f232cc.npz", "visibility": "visibility_7fdbd9b95adb40e18081744d63f232cc.png", "pose": [[0.48184335231781006, -0.8762573599815369, 0.0, 1061.320556640625], [0.8762573599815369, 0.48184335231781006, 0.0, 1441.2445068359375], [0.0, 0.0, 1.0, 0.0], [0.0, 0.0, 0.0, 1.0]], "pose_inverse": [[0.48184335231781006, 0.8762573599815369, 0.0, -1774.2913818359375], [-0.8762573599815369, 0.48184335231781006, 0.0, 235.53585815429688], [0.0, 0.0, 1.0, 0.0], [0.0, 0.0, 0.0, 1.0]], "cam_ids": [0, 1, 2, 3, 4, 5], "cam_channels": ["CAM_FRONT_LEFT", "CAM_FRONT", "CAM_FRONT_RIGHT", "CAM_BACK_LEFT", "CAM_BACK", "CAM_BACK_RIGHT"], "token": "7fdbd9b95adb40e18081744d63f232cc", "scene": "scene-0499"}, {"images": ["samples/CAM_FRONT_LEFT/n008-2018-08-28-13-40-50-0400__CAM_FRONT_LEFT__1535478055254799.jpg", "samples/CAM_FRONT/n008-2018-08-28-13-40-50-0400__CAM_FRONT__1535478055262404.jpg", "samples/CAM_FRONT_RIGHT/n008-2018-08-28-13-40-50-0400__CAM_FRONT_RIGHT__1535478055270482.jpg", "samples/CAM_BACK_LEFT/n008-2018-08-28-13-40-50-0400__CAM_BACK_LEFT__1535478055297405.jpg", "samples/CAM_BACK/n008-2018-08-28-13-40-50-0400__CAM_BACK__1535478055287558.jpg", "samples/CAM_BACK_RIGHT/n008-2018-08-28-13-40-50-0400__CAM_BACK_RIGHT__1535478055278113.jpg"], "intrinsics": [[[1257.8625342125129, 0.0, 827.2410631095686], [0.0, 1257.8625342125129, 450.915498205774], [0.0, 0.0, 1.0]], [[1252.8131021185304, 0.0, 826.588114781398], [0.0, 1252.8131021185304, 469.9846626224581], [0.0, 0.0, 1.0]], [[1256.7485116440405, 0.0, 817.7887570959712], [0.0, 1256.7485116440403, 451.9541780095127], [0.0, 0.0, 1.0]], [[1254.9860565800168, 0.0, 829.5769333630991], [0.0, 1254.9860565800168, 467.1680561863987], [0.0, 0.0, 1.0]], [[796.8910634503094, 0.0, 857.7774326863696], [0.0, 796.8910634503094, 476.8848988407415], [0.0, 0.0, 1.0]], [[1249.9629280788233, 0.0, 825.3768045375984], [0.0, 1249.9629280788233, 462.54816385708756], [0.0, 0.0, 1.0]]], "extrinsics": [[[0.8227313160896301, -0.5681999325752258, 0.016186313703656197, -0.7626953125], [0.004096722695976496, -0.022547626867890358, -0.9997373819351196, 1.4895105361938477], [0.5684157609939575, 0.8225815892219543, -0.0162228811532259, -1.16644287109375], [0.0, 0.0, 0.0, 1.0]], [[0.010621843859553337, -0.9995876550674438, 0.026677245274186134, 0.00836181640625], [0.00589399877935648, -0.026615699753165245, -0.9996283650398254, 1.4815940856933594], [0.9999261498451233, 0.01077510416507721, 0.005608860403299332, -1.493896484375], [0.0, 0.0, 0.0, 1.0]], [[-0.8437854051589966, -0.5366309881210327, 0.007311467081308365, 0.9345703125], [0.013801595196127892, -0.03531625121831894, -0.9992808699607849, 1.4956321716308594], [0.536503255367279, -0.8430777192115784, 0.03720570355653763, -1.17822265625], [0.0, 0.0, 0.0, 1.0]], [[0.9477352499961853, 0.3185599148273468, -0.017817644402384758, -1.143310546875], [-0.011965361423790455, -0.020318610593676567, -0.9997219443321228, 1.5620365142822266], [-0.3188333809375763, 0.9476848840713501, -0.01544498186558485, -0.15618896484375], [0.0, 0.0, 0.0, 1.0]], [[0.008780673146247864, 0.9995722770690918, -0.027895957231521606, -0.028350830078125], [-0.009679906070232391, -0.02781076170504093, -0.9995663166046143, 1.5674104690551758], [-0.9999146461486816, 0.009046866558492184, 0.009431568905711174, -0.0230712890625], [0.0, 0.0, 0.0, 1.0]], [[-0.9239192605018616, 0.3823164403438568, -0.01439497247338295, 1.0386962890625], [-0.005312870256602764, -0.050442781299352646, -0.9987127780914307, 1.5471160411834717], [-0.382550448179245, -0.9226536154747009, 0.048636261373758316, -0.0941162109375], [0.0, 0.0, 0.0, 1.0]]], "view": [[0.0, -2.0, 100.0], [-2.0, 0.0, 100.0], [0.0, 0.0, 1.0]], "bev": "bev_f0080231188745d4b3d4811ee40ac812.png", "aux": "aux_f0080231188745d4b3d4811ee40ac812.npz", "visibility": "visibility_f0080231188745d4b3d4811ee40ac812.png", "pose": [[0.48182398080825806, -0.8762680292129517, 0.0, 1062.9732666015625], [0.8762680292129517, 0.48182398080825806, 0.0, 1444.2333984375], [0.0, 0.0, 1.0, 0.0], [0.0, 0.0, 0.0, 1.0]], "pose_inverse": [[0.48182398080825806, 0.8762680292129517, 0.0, -1777.7015380859375], [-0.8762680292129517, 0.48182398080825806, 0.0, 235.58322143554688], [0.0, 0.0, 1.0, 0.0], [0.0, 0.0, 0.0, 1.0]], "cam_ids": [0, 1, 2, 3, 4, 5], "cam_channels": ["CAM_FRONT_LEFT", "CAM_FRONT", "CAM_FRONT_RIGHT", "CAM_BACK_LEFT", "CAM_BACK", "CAM_BACK_RIGHT"], "token": "f0080231188745d4b3d4811ee40ac812", "scene": "scene-0499"}, {"images": ["samples/CAM_FRONT_LEFT/n008-2018-08-28-13-40-50-0400__CAM_FRONT_LEFT__1535478055654799.jpg", "samples/CAM_FRONT/n008-2018-08-28-13-40-50-0400__CAM_FRONT__1535478055662404.jpg", "samples/CAM_FRONT_RIGHT/n008-2018-08-28-13-40-50-0400__CAM_FRONT_RIGHT__1535478055670482.jpg", "samples/CAM_BACK_LEFT/n008-2018-08-28-13-40-50-0400__CAM_BACK_LEFT__1535478055697405.jpg", "samples/CAM_BACK/n008-2018-08-28-13-40-50-0400__CAM_BACK__1535478055687558.jpg", "samples/CAM_BACK_RIGHT/n008-2018-08-28-13-40-50-0400__CAM_BACK_RIGHT__1535478055678113.jpg"], "intrinsics": [[[1257.8625342125129, 0.0, 827.2410631095686], [0.0, 1257.8625342125129, 450.915498205774], [0.0, 0.0, 1.0]], [[1252.8131021185304, 0.0, 826.588114781398], [0.0, 1252.8131021185304, 469.9846626224581], [0.0, 0.0, 1.0]], [[1256.7485116440405, 0.0, 817.7887570959712], [0.0, 1256.7485116440403, 451.9541780095127], [0.0, 0.0, 1.0]], [[1254.9860565800168, 0.0, 829.5769333630991], [0.0, 1254.9860565800168, 467.1680561863987], [0.0, 0.0, 1.0]], [[796.8910634503094, 0.0, 857.7774326863696], [0.0, 796.8910634503094, 476.8848988407415], [0.0, 0.0, 1.0]], [[1249.9629280788233, 0.0, 825.3768045375984], [0.0, 1249.9629280788233, 462.54816385708756], [0.0, 0.0, 1.0]]], "extrinsics": [[[0.8227733373641968, -0.5682470798492432, 0.011803176254034042, -0.764404296875], [-0.0018373094499111176, -0.023425739258527756, -0.9997238516807556, 1.4877736568450928], [0.5683667659759521, 0.8225244879722595, -0.02031811885535717, -1.167724609375], [0.0, 0.0, 0.0, 1.0]], [[0.01068628579378128, -0.9995608925819397, 0.02763584442436695, 0.008544921875], [3.568471220205538e-05, -0.027637040242552757, -0.9996179938316345, 1.4801912307739258], [0.9999428987503052, 0.010683204978704453, -0.0002596689446363598, -1.494873046875], [0.0, 0.0, 0.0, 1.0]], [[-0.8437908291816711, -0.5365200042724609, 0.012775062583386898, 0.9345703125], [0.008032099343836308, -0.036426570266485214, -0.9993039965629578, 1.4945716857910156], [0.5366120338439941, -0.8431010842323303, 0.035045791417360306, -1.177734375], [0.0, 0.0, 0.0, 1.0]], [[0.9476417899131775, 0.3184894919395447, -0.023227326571941376, -1.1409912109375], [-0.01729642041027546, -0.021437769755721092, -0.9996205568313599, 1.5619869232177734], [-0.3188666105270386, 0.9476838707923889, -0.01480659656226635, -0.156982421875], [0.0, 0.0, 0.0, 1.0]], [[0.008741958998143673, 0.9995384216308594, -0.029094615951180458, -0.028350830078125], [-0.015148076228797436, -0.02896001748740673, -0.9994657635688782, 1.5670146942138672], [-0.9998470544815063, 0.009178003296256065, 0.014887920580804348, -0.025390625], [0.0, 0.0, 0.0, 1.0]], [[-0.9239334464073181, 0.3824329972267151, -0.00959157943725586, 1.0372314453125], [-0.010983336716890335, -0.051580555737018585, -0.998608410358429, 1.5463624000549316], [-0.3823954463005066, -0.92254239320755, 0.051857393234968185, -0.094390869140625], [0.0, 0.0, 0.0, 1.0]]], "view": [[0.0, -2.0, 100.0], [-2.0, 0.0, 100.0], [0.0, 0.0, 1.0]], "bev": "bev_77a53d4f9dd542fa9e28d41764c00fc2.png", "aux": "aux_77a53d4f9dd542fa9e28d41764c00fc2.npz", "visibility": "visibility_77a53d4f9dd542fa9e28d41764c00fc2.png", "pose": [[0.4796367883682251, -0.8774670958518982, 0.0, 1064.28955078125], [0.8774670958518982, 0.4796367883682251, 0.0, 1446.6295166015625], [0.0, 0.0, 1.0, 0.0], [0.0, 0.0, 0.0, 1.0]], "pose_inverse": [[0.4796367883682251, 0.8774670958518982, 0.0, -1779.84228515625], [-0.8774670958518982, 0.4796367883682251, 0.0, 240.0223388671875], [0.0, 0.0, 1.0, 0.0], [0.0, 0.0, 0.0, 1.0]], "cam_ids": [0, 1, 2, 3, 4, 5], "cam_channels": ["CAM_FRONT_LEFT", "CAM_FRONT", "CAM_FRONT_RIGHT", "CAM_BACK_LEFT", "CAM_BACK", "CAM_BACK_RIGHT"], "token": "77a53d4f9dd542fa9e28d41764c00fc2", "scene": "scene-0499"}, {"images": ["samples/CAM_FRONT_LEFT/n008-2018-08-28-13-40-50-0400__CAM_FRONT_LEFT__1535478056154799.jpg", "samples/CAM_FRONT/n008-2018-08-28-13-40-50-0400__CAM_FRONT__1535478056162404.jpg", "samples/CAM_FRONT_RIGHT/n008-2018-08-28-13-40-50-0400__CAM_FRONT_RIGHT__1535478056170482.jpg", "samples/CAM_BACK_LEFT/n008-2018-08-28-13-40-50-0400__CAM_BACK_LEFT__1535478056197405.jpg", "samples/CAM_BACK/n008-2018-08-28-13-40-50-0400__CAM_BACK__1535478056187558.jpg", "samples/CAM_BACK_RIGHT/n008-2018-08-28-13-40-50-0400__CAM_BACK_RIGHT__1535478056178113.jpg"], "intrinsics": [[[1257.8625342125129, 0.0, 827.2410631095686], [0.0, 1257.8625342125129, 450.915498205774], [0.0, 0.0, 1.0]], [[1252.8131021185304, 0.0, 826.588114781398], [0.0, 1252.8131021185304, 469.9846626224581], [0.0, 0.0, 1.0]], [[1256.7485116440405, 0.0, 817.7887570959712], [0.0, 1256.7485116440403, 451.9541780095127], [0.0, 0.0, 1.0]], [[1254.9860565800168, 0.0, 829.5769333630991], [0.0, 1254.9860565800168, 467.1680561863987], [0.0, 0.0, 1.0]], [[796.8910634503094, 0.0, 857.7774326863696], [0.0, 796.8910634503094, 476.8848988407415], [0.0, 0.0, 1.0]], [[1249.9629280788233, 0.0, 825.3768045375984], [0.0, 1249.9629280788233, 462.54816385708756], [0.0, 0.0, 1.0]]], "extrinsics": [[[0.8227800726890564, -0.567990779876709, 0.020483702421188354, -0.77294921875], [0.004477764014154673, -0.02956092357635498, -0.9995529651641846, 1.4896020889282227], [0.5683422684669495, 0.8225039839744568, -0.021778810769319534, -1.17510986328125], [0.0, 0.0, 0.0, 1.0]], [[0.01062226202338934, -0.9993730187416077, 0.03377460315823555, 0.0093841552734375], [0.006047102157026529, -0.033711690455675125, -0.9994133114814758, 1.481618881225586], [0.9999253153800964, 0.010820277966558933, 0.005685214884579182, -1.50244140625], [0.0, 0.0, 0.0, 1.0]], [[-0.8437881469726562, -0.5365594625473022, 0.011201571673154831, 0.9400634765625], [0.013736683875322342, -0.04245803505182266, -0.9990037679672241, 1.4955787658691406], [0.5365005731582642, -0.8427937626838684, 0.043196141719818115, -1.180419921875], [0.0, 0.0, 0.0, 1.0]], [[0.9476687908172607, 0.31858402490615845, -0.020691225305199623, -1.1424560546875], [-0.012519655749201775, -0.027676191180944443, -0.9995385408401489, 1.5620269775390625], [-0.3190096914768219, 0.9474905133247375, -0.02223929576575756, -0.15679931640625], [0.0, 0.0, 0.0, 1.0]], [[0.0087184589356184, 0.9993453025817871, -0.03511326014995575, -0.0287628173828125], [-0.009977252222597599, -0.035025909543037415, -0.9993366