[{"images": ["samples/CAM_FRONT_LEFT/n015-2018-10-08-16-03-24+0800__CAM_FRONT_LEFT__1538985849754844.jpg", "samples/CAM_FRONT/n015-2018-10-08-16-03-24+0800__CAM_FRONT__1538985849762460.jpg", "samples/CAM_FRONT_RIGHT/n015-2018-10-08-16-03-24+0800__CAM_FRONT_RIGHT__1538985849770339.jpg", "samples/CAM_BACK_LEFT/n015-2018-10-08-16-03-24+0800__CAM_BACK_LEFT__1538985849797423.jpg", "samples/CAM_BACK/n015-2018-10-08-16-03-24+0800__CAM_BACK__1538985849787525.jpg", "samples/CAM_BACK_RIGHT/n015-2018-10-08-16-03-24+0800__CAM_BACK_RIGHT__1538985849777893.jpg"], "intrinsics": [[[1272.5979470598488, 0.0, 826.6154927353808], [0.0, 1272.5979470598488, 479.75165386361925], [0.0, 0.0, 1.0]], [[1266.417203046554, 0.0, 816.2670197447984], [0.0, 1266.417203046554, 491.50706579294757], [0.0, 0.0, 1.0]], [[1260.8474446004698, 0.0, 807.968244525554], [0.0, 1260.8474446004698, 495.3344268742088], [0.0, 0.0, 1.0]], [[1256.7414812095406, 0.0, 792.1125740759628], [0.0, 1256.7414812095406, 492.7757465151356], [0.0, 0.0, 1.0]], [[809.2209905677063, 0.0, 829.2196003259838], [0.0, 809.2209905677063, 481.77842384512485], [0.0, 0.0, 1.0]], [[1259.5137405846733, 0.0, 807.2529053838625], [0.0, 1259.5137405846733, 501.19579884916527], [0.0, 0.0, 1.0]]], "extrinsics": [[[0.8178079128265381, -0.5741459727287292, 0.039327263832092285, -0.561279296875], [0.040229905396699905, -0.01113419234752655, -0.9991284012794495, 1.52801513671875], [0.5740833878517151, 0.8186771869659424, 0.013992205262184143, -1.0042724609375], [0.0, 0.0, 0.0, 1.0]], [[0.0020918967202305794, -0.9998801946640015, 0.015334452502429485, 0.01123046875], [0.034589026123285294, -0.015252962708473206, -0.9992852807044983, 1.5345687866210938], [0.9993994235992432, 0.002620803890749812, 0.03455297276377678, -1.288818359375], [0.0, 0.0, 0.0, 1.0]], [[-0.8335471153259277, -0.5513821840286255, -0.03430670127272606, 0.77239990234375], [0.03983305022120476, 0.001952701946720481, -0.9992044568061829, 1.51617431640625], [0.5510104298591614, -0.8342505097389221, 0.020335562527179718, -1.072021484375], [0.0, 0.0, 0.0, 1.0]], [[0.9470992088317871, 0.31898176670074463, 0.03540651872754097, -1.1385498046875], [0.04680261388421059, -0.02813022769987583, -0.9985079765319824, 1.5887222290039062], [-0.31750988960266113, 0.9473432898521423, -0.041571300476789474, -0.10498046875], [0.0, 0.0, 0.0, 1.0]], [[0.00401282450184226, 0.9998283982276917, -0.018084624782204628, 0.00146484375], [0.02196943387389183, -0.018168548122048378, -0.9995935559272766, 1.58197021484375], [-0.999750554561615, 0.0036138826981186867, -0.022038569673895836, -0.115478515625], [0.0, 0.0, 0.0, 1.0]], [[-0.9328028559684753, 0.35652032494544983, -0.05265003815293312, 0.9222412109375], [0.055209074169397354, -0.0030021294951438904, -0.9984703063964844, 1.5640716552734375], [-0.35613304376602173, -0.9342827200889587, -0.0168827623128891, -0.14208984375], [0.0, 0.0, 0.0, 1.0]]], "view": [[0.0, -2.0, 100.0], [-2.0, 0.0, 100.0], [0.0, 0.0, 1.0]], "bev": "bev_10e9b13d0ebd461eaf50a7d6ba2bb800.png", "aux": "aux_10e9b13d0ebd461eaf50a7d6ba2bb800.npz", "visibility": "visibility_10e9b13d0ebd461eaf50a7d6ba2bb800.png", "pose": [[-0.04530230537056923, -0.9989733099937439, 0.0, 2498.148681640625], [0.9989733099937439, -0.04530230537056923, 0.0, 1214.197509765625], [0.0, 0.0, 1.0, 0.0], [0.0, 0.0, 0.0, 1.0]], "pose_inverse": [[-0.04530230537056923, 0.9989733099937439, 0.0, -1099.779052734375], [-0.9989733099937439, -0.04530230537056923, 0.0, 2550.58984375], [0.0, 0.0, 1.0, 0.0], [0.0, 0.0, 0.0, 1.0]], "cam_ids": [0, 1, 2, 3, 4, 5], "cam_channels": ["CAM_FRONT_LEFT", "CAM_FRONT", "CAM_FRONT_RIGHT", "CAM_BACK_LEFT", "CAM_BACK", "CAM_BACK_RIGHT"], "token": "10e9b13d0ebd461eaf50a7d6ba2bb800", "scene": "scene-0849"}, {"images": ["samples/CAM_FRONT_LEFT/n015-2018-10-08-16-03-24+0800__CAM_FRONT_LEFT__1538985850254844.jpg", "samples/CAM_FRONT/n015-2018-10-08-16-03-24+0800__CAM_FRONT__1538985850262460.jpg", "samples/CAM_FRONT_RIGHT/n015-2018-10-08-16-03-24+0800__CAM_FRONT_RIGHT__1538985850270339.jpg", "samples/CAM_BACK_LEFT/n015-2018-10-08-16-03-24+0800__CAM_BACK_LEFT__1538985850297423.jpg", "samples/CAM_BACK/n015-2018-10-08-16-03-24+0800__CAM_BACK__1538985850287535.jpg", "samples/CAM_BACK_RIGHT/n015-2018-10-08-16-03-24+0800__CAM_BACK_RIGHT__1538985850277893.jpg"], "intrinsics": [[[1272.5979470598488, 0.0, 826.6154927353808], [0.0, 1272.5979470598488, 479.75165386361925], [0.0, 0.0, 1.0]], [[1266.417203046554, 0.0, 816.2670197447984], [0.0, 1266.417203046554, 491.50706579294757], [0.0, 0.0, 1.0]], [[1260.8474446004698, 0.0, 807.968244525554], [0.0, 1260.8474446004698, 495.3344268742088], [0.0, 0.0, 1.0]], [[1256.7414812095406, 0.0, 792.1125740759628], [0.0, 1256.7414812095406, 492.7757465151356], [0.0, 0.0, 1.0]], [[809.2209905677063, 0.0, 829.2196003259838], [0.0, 809.2209905677063, 481.77842384512485], [0.0, 0.0, 1.0]], [[1259.5137405846733, 0.0, 807.2529053838625], [0.0, 1259.5137405846733, 501.19579884916527], [0.0, 0.0, 1.0]]], "extrinsics": [[[0.8175742030143738, -0.5742747783660889, 0.04220028221607208, -0.563720703125], [0.04143368825316429, -0.014426072128117085, -0.9990371465682983, 1.5285263061523438], [0.5743306279182434, 0.8185354471206665, 0.011999937705695629, -1.0029296875], [0.0, 0.0, 0.0, 1.0]], [[0.001907995669171214, -0.9998248219490051, 0.018615106120705605, 0.009033203125], [0.03600066900253296, -0.018534395843744278, -0.9991799592971802, 1.5350418090820312], [0.9993498921394348, 0.002576582133769989, 0.03595900535583496, -1.29119873046875], [0.0, 0.0, 0.0, 1.0]], [[-0.8334865570068359, -0.5514979958534241, -0.033911049365997314, 0.77392578125], [0.04154590889811516, -0.0013530802680179477, -0.9991356730461121, 1.5166053771972656], [0.550975501537323, -0.8341750502586365, 0.024040265008807182, -1.074951171875], [0.0, 0.0, 0.0, 1.0]], [[0.9470229744911194, 0.31901437044143677, 0.03711345046758652, -1.1399688720703125], [0.049794409424066544, -0.03168412297964096, -0.9982567429542542, 1.5886688232421875], [-0.3172823488712311, 0.9472200870513916, -0.045890726149082184, -0.104248046875], [0.0, 0.0, 0.0, 1.0]], [[0.004104109946638346, 0.9997583031654358, -0.02160199172794819, 0.002197265625], [0.024575883522629738, -0.021696487441658974, -0.9994624853134155, 1.58221435546875], [-0.9996895790100098, 0.003571024164557457, -0.024658987298607826, -0.11334228515625], [0.0, 0.0, 0.0, 1.0]], [[-0.9326934218406677, 0.3563213050365448, -0.05584001913666725, 0.9251708984375], [0.05732078477740288, -0.006410903297364712, -0.9983352422714233, 1.56439208984375], [-0.3560860753059387, -0.9343414902687073, -0.014445212669670582, -0.141845703125], [0.0, 0.0, 0.0, 1.0]]], "view": [[0.0, -2.0, 100.0], [-2.0, 0.0, 100.0], [0.0, 0.0, 1.0]], "bev": "bev_4a0b567264164656b877f2d05c2fb898.png", "aux": "aux_4a0b567264164656b877f2d05c2fb898.npz", "visibility": "visibility_4a0b567264164656b877f2d05c2fb898.png", "pose": [[-0.08484438061714172, -0.9963942170143127, 0.0, 2497.824951171875], [0.9963942170143127, -0.08484438061714172, 0.0, 1219.900146484375], [0.0, 0.0, 1.0, 0.0], [0.0, 0.0, 0.0, 1.0]], "pose_inverse": [[-0.08484438061714172, 0.9963942170143127, 0.0, -1003.5750732421875], [-0.9963942170143127, -0.08484438061714172, 0.0, 2592.320068359375], [0.0, 0.0, 1.0, 0.0], [0.0, 0.0, 0.0, 1.0]], "cam_ids": [0, 1, 2, 3, 4, 5], "cam_channels": ["CAM_FRONT_LEFT", "CAM_FRONT", "CAM_FRONT_RIGHT", "CAM_BACK_LEFT", "CAM_BACK", "CAM_BACK_RIGHT"], "token": "4a0b567264164656b877f2d05c2fb898", "scene": "scene-0849"}, {"images": ["samples/CAM_FRONT_LEFT/n015-2018-10-08-16-03-24+0800__CAM_FRONT_LEFT__1538985850754844.jpg", "samples/CAM_FRONT/n015-2018-10-08-16-03-24+0800__CAM_FRONT__1538985850762460.jpg", "samples/CAM_FRONT_RIGHT/n015-2018-10-08-16-03-24+0800__CAM_FRONT_RIGHT__1538985850770339.jpg", "samples/CAM_BACK_LEFT/n015-2018-10-08-16-03-24+0800__CAM_BACK_LEFT__1538985850797423.jpg", "samples/CAM_BACK/n015-2018-10-08-16-03-24+0800__CAM_BACK__1538985850787525.jpg", "samples/CAM_BACK_RIGHT/n015-2018-10-08-16-03-24+0800__CAM_BACK_RIGHT__1538985850777893.jpg"], "intrinsics": [[[1272.5979470598488, 0.0, 826.6154927353808], [0.0, 1272.5979470598488, 479.75165386361925], [0.0, 0.0, 1.0]], [[1266.417203046554, 0.0, 816.2670197447984], [0.0, 1266.417203046554, 491.50706579294757], [0.0, 0.0, 1.0]], [[1260.8474446004698, 0.0, 807.968244525554], [0.0, 1260.8474446004698, 495.3344268742088], [0.0, 0.0, 1.0]], [[1256.7414812095406, 0.0, 792.1125740759628], [0.0, 1256.7414812095406, 492.7757465151356], [0.0, 0.0, 1.0]], [[809.2209905677063, 0.0, 829.2196003259838], [0.0, 809.2209905677063, 481.77842384512485], [0.0, 0.0, 1.0]], [[1259.5137405846733, 0.0, 807.2529053838625], [0.0, 1259.5137405846733, 501.19579884916527], [0.0, 0.0, 1.0]]], "extrinsics": [[[0.8172856569290161, -0.5746604800224304, 0.042538005858659744, -0.578125], [0.041799288243055344, -0.014503153041005135, -0.9990207552909851, 1.527984619140625], [0.5747146606445312, 0.8182634115219116, 0.012167181819677353, -1.012451171875], [0.0, 0.0, 0.0, 1.0]], [[0.0011888795997947454, -0.9998257160186768, 0.018632331863045692, 0.007080078125], [0.036424629390239716, -0.01857668347656727, -0.9991637468338013, 1.5345916748046875], [0.9993357062339783, 0.0018665712559595704, 0.03639619052410126, -1.30731201171875], [0.0, 0.0, 0.0, 1.0]], [[-0.8339955806732178, -0.5507020950317383, -0.03432926535606384, 0.7847900390625], [0.0420461967587471, -0.0013936137547716498, -0.9991146922111511, 1.5161094665527344], [0.5501668453216553, -0.8347006440162659, 0.024317199364304543, -1.0859375], [0.0, 0.0, 0.0, 1.0]], [[0.9470091462135315, 0.31905612349510193, 0.03710484877228737, -1.140829086303711], [0.04983430728316307, -0.03182392567396164, -0.9982503056526184, 1.5886001586914062], [-0.31731703877449036, 0.9472013711929321, -0.046037495136260986, -0.103515625], [0.0, 0.0, 0.0, 1.0]], [[0.004492390435189009, 0.9997555017471313, -0.021649328991770744, 0.003662109375], [0.024798329919576645, -0.021754266694188118, -0.9994557499885559, 1.5820388793945312], [-0.9996823668479919, 0.003953074105083942, -0.024889996275305748, -0.10675048828125], [0.0, 0.0, 0.0, 1.0]], [[-0.9323896169662476, 0.3570573627948761, -0.05620994418859482, 0.9376220703125], [0.057712800800800323, -0.006453501991927624, -0.9983124136924744, 1.5637588500976562], [-0.3568175733089447, -0.9340601563453674, -0.014589603058993816, -0.140869140625], [0.0, 0.0, 0.0, 1.0]]], "view": [[0.0, -2.0, 100.0], [-2.0, 0.0, 100.0], [0.0, 0.0, 1.0]], "bev": "bev_7e94ccb702364e20a29dcaa4e0d436a5.png", "aux": "aux_7e94ccb702364e20a29dcaa4e0d436a5.npz", "visibility": "visibility_7e94ccb702364e20a29dcaa4e0d436a5.png", "pose": [[-0.1278260052204132, -0.991796612739563, 0.0, 2497.262939453125], [0.991796612739563, -0.1278260052204132, 0.0, 1225.5003662109375], [0.0, 0.0, 1.0, 0.0], [0.0, 0.0, 0.0, 1.0]], "pose_inverse": [[-0.1278260052204132, 0.991796612739563, 0.0, -896.23193359375], [-0.991796612739563, -0.1278260052204132, 0.0, 2633.427734375], [0.0, 0.0, 1.0, 0.0], [0.0, 0.0, 0.0, 1.0]], "cam_ids": [0, 1, 2, 3, 4, 5], "cam_channels": ["CAM_FRONT_LEFT", "CAM_FRONT", "CAM_FRONT_RIGHT", "CAM_BACK_LEFT", "CAM_BACK", "CAM_BACK_RIGHT"], "token": "7e94ccb702364e20a29dcaa4e0d436a5", "scene": "scene-0849"}, {"images": ["samples/CAM_FRONT_LEFT/n015-2018-10-08-16-03-24+0800__CAM_FRONT_LEFT__1538985851254844.jpg", "samples/CAM_FRONT/n015-2018-10-08-16-03-24+0800__CAM_FRONT__1538985851262460.jpg", "samples/CAM_FRONT_RIGHT/n015-2018-10-08-16-03-24+0800__CAM_FRONT_RIGHT__1538985851270339.jpg", "samples/CAM_BACK_LEFT/n015-2018-10-08-16-03-24+0800__CAM_BACK_LEFT__1538985851297423.jpg", "samples/CAM_BACK/n015-2018-10-08-16-03-24+0800__CAM_BACK__1538985851287525.jpg", "samples/CAM_BACK_RIGHT/n015-2018-10-08-16-03-24+0800__CAM_BACK_RIGHT__1538985851277893.jpg"], "intrinsics": [[[1272.5979470598488, 0.0, 826.6154927353808], [0.0, 1272.5979470598488, 479.75165386361925], [0.0, 0.0, 1.0]], [[1266.417203046554, 0.0, 816.2670197447984], [0.0, 1266.417203046554, 491.50706579294757], [0.0, 0.0, 1.0]], [[1260.8474446004698, 0.0, 807.968244525554], [0.0, 1260.8474446004698, 495.3344268742088], [0.0, 0.0, 1.0]], [[1256.7414812095406, 0.0, 792.1125740759628], [0.0, 1256.7414812095406, 492.7757465151356], [0.0, 0.0, 1.0]], [[809.2209905677063, 0.0, 829.2196003259838], [0.0, 809.2209905677063, 481.77842384512485], [0.0, 0.0, 1.0]], [[1259.5137405846733, 0.0, 807.2529053838625], [0.0, 1259.5137405846733, 501.19579884916527], [0.0, 0.0, 1.0]]], "extrinsics": [[[0.8165751695632935, -0.5755313038825989, 0.044369474053382874, -0.57763671875], [0.0443439856171608, -0.014093449339270592, -0.9989169239997864, 1.5292205810546875], [0.5755332708358765, 0.8176583051681519, 0.014012991450726986, -1.0123291015625], [0.0, 0.0, 0.0, 1.0]], [[0.0008080255356617272, -0.999836802482605, 0.018043385818600655, 0.008544921875], [0.03909512236714363, -0.017998013645410538, -0.9990733861923218, 1.5356903076171875], [0.9992351531982422, 0.001512681832537055, 0.03907419741153717, -1.30633544921875], [0.0, 0.0, 0.0, 1.0]], [[-0.8336743116378784, -0.5510118007659912, -0.03705335408449173, 0.78546142578125], [0.04484632983803749, -0.0006736231734976172, -0.9989936351776123, 1.516998291015625], [0.5504322648048401, -0.8344971537590027, 0.025272440165281296, -1.082275390625], [0.0, 0.0, 0.0, 1.0]], [[0.9467906355857849, 0.3192371129989624, 0.04092894122004509, -1.1483001708984375], [0.05346451327204704, -0.030599499121308327, -0.9981008172035217, 1.5882034301757812], [-0.3173784017562866, 0.9471806883811951, -0.04603917896747589, -0.101806640625], [0.0, 0.0, 0.0, 1.0]], [[0.004200729075819254, 0.9997782707214355, -0.020633555948734283, 0.001953125], [0.02807711996138096, -0.02074352465569973, -0.9993904829025269, 1.5823287963867188], [-0.9995969533920288, 0.003618834773078561, -0.028158031404018402, -0.10272216796875], [0.0, 0.0, 0.0, 1.0]], [[-0.9323968291282654, 0.35663628578186035, -0.05870809033513069, 0.93701171875], [0.06070464849472046, -0.005602557677775621, -0.9981400370597839, 1.56439208984375], [-0.356301873922348, -0.9342264533042908, -0.01642567664384842, -0.13818359375], [0.0, 0.0, 0.0, 1.0]]], "view": [[0.0, -2.0, 100.0], [-2.0, 0.0, 100.0], [0.0, 0.0, 1.0]], "bev": "bev_c7a6ebc4e72a4e0e9b0e896e93c466ab.png", "aux": "aux_c7a6ebc4e72a4e0e9b0e896e93c466ab.npz", "visibility": "visibility_c7a6ebc4e72a4e0e9b0e896e93c466ab.png", "pose": [[-0.18731316924095154, -0.9823002219200134, 0.0, 2496.450439453125], [0.9823002219200134, -0.18731316924095154, 0.0, 1230.9547119140625], [0.0, 0.0, 1.0, 0.0], [0.0, 0.0, 0.0, 1.0]], "pose_inverse": [[-0.18731316924095154, 0.9823002219200134, 0.0, -741.549072265625], [-0.9823002219200134, -0.18731316924095154, 0.0, 2682.837890625], [0.0, 0.0, 1.0, 0.0], [0.0, 0.0, 0.0, 1.0]], "cam_ids": [0, 1, 2, 3, 4, 5], "cam_channels": ["CAM_FRONT_LEFT", "CAM_FRONT", "CAM_FRONT_RIGHT", "CAM_BACK_LEFT", "CAM_BACK", "CAM_BACK_RIGHT"], "token": "c7a6ebc4e72a4e0e9b0e896e93c466ab", "scene": "scene-0849"}, {"images": ["samples/CAM_FRONT_LEFT/n015-2018-10-08-16-03-24+0800__CAM_FRONT_LEFT__1538985851754844.jpg", "samples/CAM_FRONT/n015-2018-10-08-16-03-24+0800__CAM_FRONT__1538985851762460.jpg", "samples/CAM_FRONT_RIGHT/n015-2018-10-08-16-03-24+0800__CAM_FRONT_RIGHT__1538985851770339.jpg", "samples/CAM_BACK_LEFT/n015-2018-10-08-16-03-24+0800__CAM_BACK_LEFT__1538985851797423.jpg", "samples/CAM_BACK/n015-2018-10-08-16-03-24+0800__CAM_BACK__1538985851787526.jpg", "samples/CAM_BACK_RIGHT/n015-2018-10-08-16-03-24+0800__CAM_BACK_RIGHT__1538985851777893.jpg"], "intrinsics": [[[1272.5979470598488, 0.0, 826.6154927353808], [0.0, 1272.5979470598488, 479.75165386361925], [0.0, 0.0, 1.0]], [[1266.417203046554, 0.0, 816.2670197447984], [0.0, 1266.417203046554, 491.50706579294757], [0.0, 0.0, 1.0]], [[1260.8474446004698, 0.0, 807.968244525554], [0.0, 1260.8474446004698, 495.3344268742088], [0.0, 0.0, 1.0]], [[1256.7414812095406, 0.0, 792.1125740759628], [0.0, 1256.7414812095406, 492.7757465151356], [0.0, 0.0, 1.0]], [[809.2209905677063, 0.0, 829.2196003259838], [0.0, 809.2209905677063, 481.77842384512485], [0.0, 0.0, 1.0]], [[1259.5137405846733, 0.0, 807.2529053838625], [0.0, 1259.5137405846733, 501.19579884916527], [0.0, 0.0, 1.0]]], "extrinsics": [[[0.8167984485626221, -0.5759146213531494, 0.03409597650170326, -0.58837890625], [0.03612888976931572, -0.007922397926449776, -0.9993157386779785, 1.5247993469238281], [0.5757906436920166, 0.8174715042114258, 0.014336152002215385, -1.0224609375], [0.0, 0.0, 0.0, 1.0]], [[0.0005145369796082377, -0.9999293684959412, 0.011872217059135437, 0.010009765625], [0.03132680058479309, -0.011850273236632347, -0.9994389414787292, 1.5323028564453125], [0.9995089769363403, 0.0008861999958753586, 0.031318485736846924, -1.31878662109375], [0.0, 0.0, 0.0, 1.0]], [[-0.8342939615249634, -0.5502454042434692, -0.03440270572900772, 0.7938232421875], [0.03755427524447441, 0.005536806304007769, -0.999279260635376, 1.514449119567871], [0.5500392913818359, -0.8349846005439758, 0.01604474149644375, -1.087890625], [0.0, 0.0, 0.0, 1.0]], [[0.9469150900840759, 0.31927356123924255, 0.03763189911842346, -1.149322509765625], [0.047820888459682465, -0.024131176993250847, -0.9985643625259399, 1.5881805419921875], [-0.3179071545600891, 0.9473552703857422, -0.03811812400817871, -0.10107421875], [0.0, 0.0, 0.0, 1.0]], [[0.004166177939623594, 0.9998900890350342, -0.014230606146156788, 0.001953125], [0.021884171292185783, -0.014318486675620079, -0.9996579885482788, 1.5815658569335938], [-0.9997518658638, 0.003853362053632736, -0.021941419690847397, -0.09844970703125], [0.0, 0.0, 0.0, 1.0]], [[-0.9325994253158569, 0.3574187457561493, -0.050101388245821, 0.943603515625], [0.05390774831175804, 0.0006877435953356326, -0.9985457062721252, 1.5625343322753906], [-0.35686448216438293, -0.9339439868927002, -0.019909029826521873, -0.13525390625], [0.0, 0.0, 0.0, 1.0]]], "view": [[0.0, -2.0, 100.0], [-2.0, 0.0, 100.0], [0.0, 0.0, 1.0]], "bev": "bev_12c095fab3564d72a2e3a26511c8ea3d.png", "aux": "aux_12c095fab3564d72a2e3a26511c8ea3d.npz", "visibility": "visibility_12c095fab3564d72a2e3a26511c8ea3d.png", "pose": [[-0.2548098564147949, -0.9669911861419678, 0.0, 2495.284423828125], [0.9669911861419678, -0.2548098564147949, 0.0, 1236.2838134765625], [0.0, 0.0, 1.0, 0.0], [0.0, 0.0, 0.0, 1.0]], "pose_inverse": [[-0.2548098564147949, 0.9669911861419678, 0.0, -559.6524658203125], [-0.9669911861419678, -0.2548098564147949, 0.0, 2727.935302734375], [0.0, 0.0, 1.0, 0.0], [0.0, 0.0, 0.0, 1.0]], "cam_ids": [0, 1, 2, 3, 4, 5], "cam_channels": ["CAM_FRONT_LEFT", "CAM_FRONT", "CAM_FRONT_RIGHT", "CAM_BACK_LEFT", "CAM_BACK", "CAM_BACK_RIGHT"], "token": "12c095fab3564d72a2e3a26511c8ea3d", "scene": "scene-0849"}, {"images": ["samples/CAM_FRONT_LEFT/n015-2018-10-08-16-03-24+0800__CAM_FRONT_LEFT__1538985852354844.jpg", "samples/CAM_FRONT/n015-2018-10-08-16-03-24+0800__CAM_FRONT__1538985852362460.jpg", "samples/CAM_FRONT_RIGHT/n015-2018-10-08-16-03-24+0800__CAM_FRONT_RIGHT__1538985852370339.jpg", "samples/CAM_BACK_LEFT/n015-2018-10-08-16-03-24+0800__CAM_BACK_LEFT__1538985852397423.jpg", "samples/CAM_BACK/n015-2018-10-08-16-03-24+0800__CAM_BACK__1538985852387525.jpg", "samples/CAM_BACK_RIGHT/n015-2018-10-08-16-03-24+0800__CAM_BACK_RIGHT__1538985852377893.jpg"], "intrinsics": [[[1272.5979470598488, 0.0, 826.6154927353808], [0.0, 1272.5979470598488, 479.75165386361925], [0.0, 0.0, 1.0]], [[1266.417203046554, 0.0, 816.2670197447984], [0.0, 1266.417203046554, 491.50706579294757], [0.0, 0.0, 1.0]], [[1260.8474446004698, 0.0, 807.968244525554], [0.0, 1260.8474446004698, 495.3344268742088], [0.0, 0.0, 1.0]], [[1256.7414812095406, 0.0, 792.1125740759628], [0.0, 1256.7414812095406, 492.7757465151356], [0.0, 0.0, 1.0]], [[809.2209905677063, 0.0, 829.2196003259838], [0.0, 809.2209905677063, 481.77842384512485], [0.0, 0.0, 1.0]], [[1259.5137405846733, 0.0, 807.2529053838625], [0.0, 1259.5137405846733, 501.19579884916527], [0.0, 0.0, 1.0]]], "extrinsics": [[[0.8166004419326782, -0.5762881636619568, 0.032492268830537796, -0.587646484375], [0.036834340542554855, -0.004148962441831827, -0.9993127584457397, 1.525156021118164], [0.5760269165039062, 0.8172360062599182, 0.01783915050327778, -1.0205078125], [0.0, 0.0, 0.0, 1.0]], [[0.0004562459362205118, -0.9999675154685974, 0.008050832897424698, 0.00927734375], [0.03184739500284195, -0.008032220415771008, -0.9994605183601379, 1.5325450897216797], [0.9994925856590271, 0.0007124118274077773, 0.03184268996119499, -1.31634521484375], [0.0, 0.0, 0.0, 1.0]], [[-0.8341745138168335, -0.5502797961235046, -0.03667449206113815, 0.791259765625], [0.0377737395465374, 0.009334942325949669, -0.9992426633834839, 1.5145959854125977], [0.5502054691314697, -0.8349281549453735, 0.012999157421290874, -1.086181640625], [0.0, 0.0, 0.0, 1.0]], [[0.9469019174575806, 0.31933435797691345, 0.03744799643754959, -1.14935302734375], [0.04631723463535309, -0.020222501829266548, -0.9987220764160156, 1.5881805419921875], [-0.3181689381599426, 0.9474263191223145, -0.0339394137263298, -0.100830078125], [0.0, 0.0, 0.0, 1.0]], [[0.0039318944327533245, 0.9999380707740784, -0.010415035299956799, 0.002197265625], [0.0210522823035717, -0.010495578870177269, -0.9997233152389526, 1.5815010070800781], [-0.9997706413269043, 0.0037114922888576984, -0.0210922472178936, -0.099273681640625], [0.0, 0.0, 0.0, 1.0]], [[-0.9326992034912109, 0.35737159848213196, -0.04855503514409065, 0.9417724609375], [0.05370379611849785, 0.004491167608648539, -0.998546838760376, 1.5626006126403809], [-0.3566342294216156, -0.9339514970779419, -0.023381125181913376, -0.13623046875], [0.0, 0.0, 0.0, 1.0]]], "view": [[0.0, -2.0, 100.0], [-2.0, 0.0, 100.0], [0.0, 0.0, 1.0]], "bev": "bev_bb2f9a7e88dd4c81b21129f4e4aa2831.png", "aux": "aux_bb2f9a7e88dd4c81b21129f4e4aa2831.npz", "visibility": "visibility_bb2f9a7e88dd4c81b21129f4e4aa2831.png", "pose": [[-0.33870548009872437, -0.9408924579620361, 0.0, 2493.409423828125], [0.9408924579620361, -0.33870548009872437, 0.0, 1242.5716552734375], [0.0, 0.0, 1.0, 0.0], [0.0, 0.0, 0.0, 1.0]], "pose_inverse": [[-0.33870548009872437, 0.9408924579620361, 0.0, -324.5948486328125], [-0.9408924579620361, -0.33870548009872437, 0.0, 2766.89599609375], [0.0, 0.0, 1.0, 0.0], [0.0, 0.0, 0.0, 1.0]], "cam_ids": [0, 1, 2, 3, 4, 5], "cam_channels": ["CAM_FRONT_LEFT", "CAM_FRONT", "CAM_FRONT_RIGHT", "CAM_BACK_LEFT", "CAM_BACK", "CAM_BACK_RIGHT"], "token": "bb2f9a7e88dd4c81b21129f4e4aa2831", "scene": "scene-0849"}, {"images": ["samples/CAM_FRONT_LEFT/n015-2018-10-08-16-03-24+0800__CAM_FRONT_LEFT__1538985852854844.jpg", "samples/CAM_FRONT/n015-2018-10-08-16-03-24+0800__CAM_FRONT__1538985852862460.jpg", "samples/CAM_FRONT_RIGHT/n015-2018-10-08-16-03-24+0800__CAM_FRONT_RIGHT__1538985852870339.jpg", "samples/CAM_BACK_LEFT/n015-2018-10-08-16-03-24+0800__CAM_BACK_LEFT__1538985852897423.jpg", "samples/CAM_BACK/n015-2018-10-08-16-03-24+0800__CAM_BACK__1538985852887525.jpg", "samples/CAM_BACK_RIGHT/n015-2018-10-08-16-03-24+0800__CAM_BACK_RIGHT__1538985852877893.jpg"], "intrinsics": [[[1272.5979470598488, 0.0, 826.6154927353808], [0.0, 1272.5979470598488, 479.75165386361925], [0.0, 0.0, 1.0]], [[1266.417203046554, 0.0, 816.2670197447984], [0.0, 1266.417203046554, 491.50706579294757], [0.0, 0.0, 1.0]], [[1260.8474446004698, 0.0, 807.968244525554], [0.0, 1260.8474446004698, 495.3344268742088], [0.0, 0.0, 1.0]], [[1256.7414812095406, 0.0, 792.1125740759628], [0.0, 1256.7414812095406, 492.7757465151356], [0.0, 0.0, 1.0]], [[809.2209905677063, 0.0, 829.2196003259838], [0.0, 809.2209905677063, 481.77842384512485], [0.0, 0.0, 1.0]], [[1259.5137405846733, 0.0, 807.2529053838625], [0.0, 1259.5137405846733, 501.19579884916527], [0.0, 0.0, 1.0]]], "extrinsics": [[[0.8173398971557617, -0.5754884481430054, 0.02772289328277111, -0.5906982421875], [0.027793781831860542, -0.008678141981363297, -0.9995759725570679, 1.5209026336669922], [0.5754849910736084, 0.8177639245986938, 0.008902007713913918, -1.02490234375], [0.0, 0.0, 0.0, 1.0]], [[0.0012115293648093939, -0.9999159574508667, 0.012903369031846523, 0.010986328125], [0.0223867017775774, -0.012873025611042976, -0.9996665716171265, 1.5289192199707031], [0.9997485876083374, 0.001500005484558642, 0.022369226440787315, -1.3210601806640625], [0.0, 0.0, 0.0, 1.0]], [[-0.8342074751853943, -0.5508548021316528, -0.025628183037042618, 0.79541015625], [0.027962982654571533, 0.004159005358815193, -0.9996002912521362, 1.5116467475891113], [0.5507412552833557, -0.8345906138420105, 0.011934071779251099, -1.08740234375], [0.0, 0.0, 0.0, 1.0]], [[0.9473443031311035, 0.3191779553890228, 0.025773242115974426, -1.1453857421875], [0.03630741685628891, -0.02709725871682167, -0.9989731907844543, 1.5884246826171875], [-0.3181518316268921, 0.9473073482513428, -0.03725896030664444, -0.1025390625], [0.0, 0.0, 0.0, 1.0]], [[0.0038459307979792356, 0.9998517036437988, -0.016782663762569427, 0.00146484375], [0.010942523367702961, -0.01682385988533497, -0.999798595905304, 1.5805015563964844], [-0.9999327063560486, 0.0036615110002458096, -0.011005603708326817, -0.100555419921875], [0.0, 0.0, 0.0, 1.0]], [[-0.9332440495491028, 0.3568662106990814, -0.041253458708524704, 0.9429931640625], [0.043707504868507385, -0.0011887862347066402, -0.9990436434745789, 1.560450553894043], [-0.35657399892807007, -0.9341546893119812, -0.01448830682784319, -0.134033203125], [0.0, 0.0, 0.0, 1.0]]], "view": [[0.0, -2.0, 100.0], [-2.0, 0.0, 100.0], [0.0, 0.0, 1.0]], "bev": "bev_4d93ef5f0d07478f96d4611a91754952.png", "aux": "aux_4d93ef5f0d07478f96d4611a91754952.npz", "visibility": "visibility_4d93ef5f0d07478f96d4611a91754952.png", "pose": [[-0.4039563536643982, -0.9147782325744629, 0.0, 2491.451416015625], [0.9147782325744629, -0.4039563536643982, 0.0, 1247.623291015625], [0.0, 0.0, 1.0, 0.0], [0.0, 0.0, 0.0, 1.0]], "pose_inverse": [[-0.4039563536643982, 0.9147782325744629, 0.0, -134.86099243164062], [-0.9147782325744629, -0.4039563536643982, 0.0, 2783.11083984375], [0.0, 0.0, 1.0, 0.0], [0.0, 0.0, 0.0, 1.0]], "cam_ids": [0, 1, 2, 3, 4, 5], "cam_channels": ["CAM_FRONT_LEFT", "CAM_FRONT", "CAM_FRONT_RIGHT", "CAM_BACK_LEFT", "CAM_BACK", "CAM_BACK_RIGHT"], "token": "4d93ef5f0d07478f96d4611a91754952", "scene": "scene-0849"}, {"images": ["samples/CAM_FRONT_LEFT/n015-2018-10-08-16-03-24+0800__CAM_FRONT_LEFT__1538985853404844.jpg", "samples/CAM_FRONT/n015-2018-10-08-16-03-24+0800__CAM_FRONT__1538985853412460.jpg", "samples/CAM_FRONT_RIGHT/n015-2018-10-08-16-03-24+0800__CAM_FRONT_RIGHT__1538985853420339.jpg", "samples/CAM_BACK_LEFT/n015-2018-10-08-16-03-24+0800__CAM_BACK_LEFT__1538985853447423.jpg", "samples/CAM_BACK/n015-2018-10-08-16-03-24+0800__CAM_BACK__1538985853437525.jpg", "samples/CAM_BACK_RIGHT/n015-2018-10-08-16-03-24+0800__CAM_BACK_RIGHT__1538985853427893.jpg"], "intrinsics": [[[1272.5979470598488, 0.0, 826.6154927353808], [0.0, 1272.5979470598488, 479.75165386361925], [0.0, 0.0, 1.0]], [[1266.417203046554, 0.0, 816.2670197447984], [0.0, 1266.417203046554, 491.50706579294757], [0.0, 0.0, 1.0]], [[1260.8474446004698, 0.0, 807.968244525554], [0.0, 1260.8474446004698, 495.3344268742088], [0.0, 0.0, 1.0]], [[1256.7414812095406, 0.0, 792.1125740759628], [0.0, 1256.7414812095406, 492.7757465151356], [0.0, 0.0, 1.0]], [[809.2209905677063, 0.0, 829.2196003259838], [0.0, 809.2209905677063, 481.77842384512485], [0.0, 0.0, 1.0]], [[1259.5137405846733, 0.0, 807.2529053838625], [0.0, 1259.5137405846733, 501.19579884916527], [0.0, 0.0, 1.0]]], "extrinsics": [[[0.8184520602226257, -0.5733335018157959, 0.03774571418762207, -0.5771484375], [0.031065480783581734, -0.021441621705889702, -0.9992873072624207, 1.5229644775390625], [0.5737341642379761, 0.8190414309501648, 0.0002619415754452348, -1.013427734375], [0.0, 0.0, 0.0, 1.0]], [[0.0028154789470136166, -0.9996749758720398, 0.025334622710943222, 0.009765625], [0.025639556348323822, -0.025254232808947563, -0.9993522763252258, 1.5305557250976562], [0.9996672868728638, 0.003463210305199027, 0.02556012012064457, -1.3049755096435547], [0.0, 0.0, 0.0, 1.0]], [[-0.8335238099098206, -0.5520578026771545, -0.021680833771824837, 0.7822265625], [0.03117400035262108, -0.007815561257302761, -0.9994833469390869, 1.5130634307861328], [0.5516032576560974, -0.8337691426277161, 0.02372431382536888, -1.08056640625], [0.0, 0.0, 0.0, 1.0]], [[0.9473365545272827, 0.319246768951416, 0.025197861716151237, -1.1385498046875], [0.03920711949467659, -0.03753088042140007, -0.9985259771347046, 1.5886383056640625], [-0.3178305923938751, 0.9469281435012817, -0.04807112365961075, -0.103759765625], [0.0, 0.0, 0.0, 1.0]], [[0.003682133974507451, 0.9996112585067749, -0.02763458900153637, 0.0029296875], [0.014021151699125767, -0.027683665975928307, -0.9995183944702148, 1.5809478759765625], [-0.999894917011261, 0.0032929335720837116, -0.014117637649178505, -0.11090230941772461], [0.0, 0.0, 0.0, 1.0]], [[-0.933344841003418, 0.3557170033454895, -0.048298485577106476, 0.931396484375], [0.046881385147571564, -0.012608442455530167, -0.9988209009170532, 1.5617332458496094], [-0.35590657591819763, -0.9345086812973022, -0.004908482078462839, -0.14013671875], [0.0, 0.0, 0.0, 1.0]]], "view": [[0.0, -2.0, 100.0], [-2.0, 0.0, 100.0], [0.0, 0.0, 1.0]], "bev": "bev_cef12da8bff94690be3a09f9ac579e95.png", "aux": "aux_cef12da8bff94690be3a09f9ac579e95.npz", "visibility": "visibility_cef12da8bff94690be3a09f9ac579e95.png", "pose": [[-0.4512488842010498, -0.8923981189727783, 0.0, 2488.94287109375], [0.8923981189727783, -0.4512488842010498, 0.0, 1253.01318359375], [0.0, 0.0, 1.0, 0.0], [0.0, 0.0, 0.0, 1.0]], "pose_inverse": [[-0.4512488842010498, 0.8923981189727783, 0.0, 4.946052551269531], [-0.8923981189727783, -0.4512488842010498, 0.0, 2786.548828125], [0.0, 0.0, 1.0, 0.0], [0.0, 0.0, 0.0, 1.0]], "cam_ids": [0, 1, 2, 3, 4, 5], "cam_channels": ["CAM_FRONT_LEFT", "CAM_FRONT", "CAM_FRONT_RIGHT", "CAM_BACK_LEFT", "CAM_BACK", "CAM_BACK_RIGHT"], "token": "cef12da8bff94690be3a09f9ac579e95", "scene": "scene-0849"}, {"images": ["samples/CAM_FRONT_LEFT/n015-2018-10-08-16-03-24+0800__CAM_FRONT_LEFT__1538985853904844.jpg", "samples/CAM_FRONT/n015-2018-10-08-16-03-24+0800__CAM_FRONT__1538985853912460.jpg", "samples/CAM_FRONT_RIGHT/n015-2018-10-08-16-03-24+0800__CAM_FRONT_RIGHT__1538985853920339.jpg", "samples/CAM_BACK_LEFT/n015-2018-10-08-16-03-24+0800__CAM_BACK_LEFT__1538985853947436.jpg", "samples/CAM_BACK/n015-2018-10-08-16-03-24+0800__CAM_BACK__1538985853937525.jpg", "samples/CAM_BACK_RIGHT/n015-2018-10-08-16-03-24+0800__CAM_BACK_RIGHT__1538985853927893.jpg"], "intrinsics": [[[1272.5979470598488, 0.0, 826.6154927353808], [0.0, 1272.5979470598488, 479.75165386361925], [0.0, 0.0, 1.0]], [[1266.417203046554, 0.0, 816.2670197447984], [0.0, 1266.417203046554, 491.50706579294757], [0.0, 0.0, 1.0]], [[1260.8474446004698, 0.0, 807.968244525554], [0.0, 1260.8474446004698, 495.3344268742088], [0.0, 0.0, 1.0]], [[1256.7414812095406, 0.0, 792.1125740759628], [0.0, 1256.7414812095406, 492.7757465151356], [0.0, 0.0, 1.0]], [[809.2209905677063, 0.0, 829.2196003259838], [0.0, 809.2209905677063, 481.77842384512485], [0.0, 0.0, 1.0]], [[1259.5137405846733, 0.0, 807.2529053838625], [0.0, 1259.5137405846733, 501.19579884916527], [0.0, 0.0, 1.0]]], "extrinsics": [[[0.8187183141708374, -0.5730324387550354, 0.036525167524814606, -0.5748291015625], [0.03243820741772652, -0.017350999638438225, -0.9993231296539307, 1.523681640625], [0.5732783079147339, 0.8193489909172058, 0.004382563289254904, -1.01220703125], [0.0, 0.0, 0.0, 1.0]], [[0.0032484240364283323, -0.9997630715370178, 0.02152201347053051, 0.010009765625], [0.02716761827468872, -0.02142595313489437, -0.9994012713432312, 1.5312232971191406], [0.999625563621521, 0.003831220092251897, 0.027091579511761665, -1.3017654418945312], [0.0, 0.0, 0.0, 1.0]], [[-0.8332667946815491, -0.552303671836853, -0.02504146844148636, 0.779296875], [0.03285463899374008, -0.004253020044416189, -0.9994511008262634, 1.5136842727661133], [0.5518940091133118, -0.8336321115493774, 0.02168963849544525, -1.078369140625], [0.0, 0.0, 0.0, 1.0]], [[0.9471696615219116, 0.3194550573825836, 0.028602296486496925, -1.12939453125], [0.041821859776973724, -0.034597236663103104, -0.998525857925415, 1.589111328125], [-0.3179946541786194, 0.9469695687294006, -0.046129658818244934, -0.107666015625], [0.0, 0.0, 0.0, 1.0]], [[0.0034513119608163834, 0.9996931552886963, -0.02452724054455757, 0.002685546875], [0.016245335340499878, -0.024580199271440506, -0.999565839767456, 1.5813064575195312], [-0.999862015247345, 0.003051395295187831, -0.01632518880069256, -0.11733245849609375], [0.0, 0.0, 0.0, 1.0]], [[-0.9333693385124207, 0.3555755913257599, -0.04886358231306076, 0.92755126953125], [0.04874949902296066, -0.009286587126553059, -0.9987678527832031, 1.5623302459716797], [-0.3555912375450134, -0.9346014261245728, -0.008666317909955978, -0.1416015625], [0.0, 0.0, 0.0, 1.0]]], "view": [[0.0, -2.0, 100.0], [-2.0, 0.0, 100.0], [0.0, 0.0, 1.0]], "bev": "bev_692503153bbd442abea5279051557f36.png", "aux": "aux_692503153bbd442abea5279051557f36.npz", "visibility": "visibility_692503153bbd442abea5279051557f36.png", "pose": [[-0.4823589622974396, -0.875973641872406, 0.0, 2486.4716796875], [0.875973641872406, -0.4823589622974396, 0.0, 1257.8160400390625], [0.0, 0.0, 1.0, 0.0], [0.0, 0.0, 0.0, 1.0]], "pose_inverse": [[-0.4823589622974396, 0.875973641872406, 0.0, 97.55821990966797], [-0.875973641872406, -0.4823589622974396, 0.0, 2784.802490234375], [0.0, 0.0, 1.0, 0.0], [0.0, 0.0, 0.0, 1.0]], "cam_ids": [0, 1, 2, 3, 4, 5], "cam_channels": ["CAM_FRONT_LEFT", "CAM_FRONT", "CAM_FRONT_RIGHT", "CAM_BACK_LEFT", "CAM_BACK", "CAM_BACK_RIGHT"], "token": "692503153bbd442abea5279051557f36", "scene": "scene-0849"}, {"images": ["samples/CAM_FRONT_LEFT/n015-2018-10-08-16-03-24+0800__CAM_FRONT_LEFT__1538985854404844.jpg", "samples/CAM_FRONT/n015-2018-10-08-16-03-24+0800__CAM_FRONT__1538985854412460.jpg", "samples/CAM_FRONT_RIGHT/n015-2018-10-08-16-03-24+0800__CAM_FRONT_RIGHT__1538985854420339.jpg", "samples/CAM_BACK_LEFT/n015-2018-10-08-16-03-24+0800__CAM_BACK_LEFT__1538985854447423.jpg", "samples/CAM_BACK/n015-2018-10-08-16-03-24+0800__CAM_BACK__1538985854437525.jpg", "samples/CAM_BACK_RIGHT/n015-2018-10-08-16-03-24+0800__CAM_BACK_RIGHT__1538985854427893.jpg"], "intrinsics": [[[1272.5979470598488, 0.0, 826.6154927353808], [0.0, 1272.5979470598488, 479.75165386361925], [0.0, 0.0, 1.0]], [[1266.417203046554, 0.0, 816.2670197447984], [0.0, 1266.417203046554, 491.50706579294757], [0.0, 0.0, 1.0]], [[1260.8474446004698, 0.0, 807.968244525554], [0.0, 1260.8474446004698, 495.3344268742088], [0.0, 0.0, 1.0]], [[1256.7414812095406, 0.0, 792.1125740759628], [0.0, 1256.7414812095406, 492.7757465151356], [0.0, 0.0, 1.0]], [[809.2209905677063, 0.0, 829.2196003259838], [0.0, 809.2209905677063, 481.77842384512485], [0.0, 0.0, 1.0]], [[1259.5137405846733, 0.0, 807.2529053838625], [0.0, 1259.5137405846733, 501.19579884916527], [0.0, 0.0, 1.0]]], "extrinsics": [[[0.8176316618919373, -0.5741453170776367, 0.042843613773584366, -0.56884765625], [0.03286932781338692, -0.02774377539753914, -0.9990745186805725, 1.524169921875], [0.5748025178909302, 0.8182833194732666, -0.0038124246057122946, -1.00244140625], [0.0, 0.0, 0.0, 1.0]], [[0.0016610552556812763, -0.9994835257530212, 0.032092731446027756, 0.006103515625], [0.027956858277320862, -0.03203382343053818, -0.9990957379341125, 1.531768798828125], [0.9996078014373779, 0.002556819235906005, 0.027889203280210495, -1.2907257080078125], [0.0, 0.0, 0.0, 1.0]], [[-0.8339598774909973, -0.5514598488807678, -0.02007574401795864, 0.7703857421875], [0.03404279798269272, -0.015102661214768887, -0.9993062019348145, 1.5143547058105469], [0.5507739782333374, -0.8340647220611572, 0.03136824443936348, -1.0751953125], [0.0, 0.0, 0.0, 1.0]], [[0.9472208619117737, 0.3194340765476227, 0.027104534208774567, -1.1287841796875], [0.04413774237036705, -0.04620372876524925, -0.997956395149231, 1.5892257690429688], [-0.31752896308898926, 0.9464813470840454, -0.0578642264008522, -0.10888671875], [0.0, 0.0, 0.0, 1.0]], [[0.004228934179991484, 0.9993480443954468, -0.03585679084062576, 0.003173828125], [0.01812908612191677, -0.03592783957719803, -0.9991899728775024, 1.5816116333007812], [-0.9998267889022827, 0.003575508017092943, -0.01826920360326767, -0.1223907470703125], [0.0, 0.0, 0.0, 1.0]], [[-0.9329162836074829, 0.35599085688591003, -0.05420073866844177, 0.9207763671875], [0.05023958906531334, -0.020370466634631157, -0.9985294938087463, 1.5630607604980469], [-0.3565715253353119, -0.9342674612998962, 0.0011191020021215081, -0.14599609375], [0.0, 0.0, 0.0, 1.0]]], "view": [[0.0, -2.0, 100.0], [-2.0, 0.0, 100.0], [0.0, 0.0, 1.0]], "bev": "bev_c4c8741ec8b645e4ae01dc0a3a792a52.png", "aux": "aux_c4c8741ec8b645e4ae01dc0a3a792a52.npz", "visibility": "visibility_c4c8741ec8b645e4ae01dc0a3a792a52.png", "pose": [[-0.519122838973999, -0.8546996712684631, 0.0, 2483.76025390625], [0.8546996712684631, -0.519122838973999, 0.0, 1262.5382080078125], [0.0, 0.0, 1.0, 0.0], [0.0, 0.0, 0.0, 1.0]], "pose_inverse": [[-0.519122838973999, 0.8546996712684631, 0.0, 210.28570556640625], [-0.8546996712684631, -0.519122838973999, 0.0, 2778.281494140625], [0.0, 0.0, 1.0, 0.0], [0.0, 0.0, 0.0, 1.0]], "cam_ids": [0, 1, 2, 3, 4, 5], "cam_channels": ["CAM_FRONT_LEFT", "CAM_FRONT", "CAM_FRONT_RIGHT", "CAM_BACK_LEFT", "CAM_BACK", "CAM_BACK_RIGHT"], "token": "c4c8741ec8b645e4ae01dc0a3a792a52", "scene": "scene-0849"}, {"images": ["samples/CAM_FRONT_LEFT/n015-2018-10-08-16-03-24+0800__CAM_FRONT_LEFT__1538985854904844.jpg", "samples/CAM_FRONT/n015-2018-10-08-16-03-24+0800__CAM_FRONT__1538985854912460.jpg", "samples/CAM_FRONT_RIGHT/n015-2018-10-08-16-03-24+0800__CAM_FRONT_RIGHT__1538985854920339.jpg", "samples/CAM_BACK_LEFT/n015-2018-10-08-16-03-24+0800__CAM_BACK_LEFT__1538985854947423.jpg", "samples/CAM_BACK/n015-2018-10-08-16-03-24+0800__CAM_BACK__1538985854937525.jpg", "samples/CAM_BACK_RIGHT/n015-2018-10-08-16-03-24+0800__CAM_BACK_RIGHT__1538985854927893.jpg"], "intrinsics": [[[1272.5979470598488, 0.0, 826.6154927353808], [0.0, 1272.5979470598488, 479.75165386361925], [0.0, 0.0, 1.0]], [[1266.417203046554, 0.0, 816.2670197447984], [0.0, 1266.417203046554, 491.50706579294757], [0.0, 0.0, 1.0]], [[1260.8474446004698, 0.0, 807.968244525554], [0.0, 1260.8474446004698, 495.3344268742088], [0.0, 0.0, 1.0]], [[1256.7414812095406, 0.0, 792.1125740759628], [0.0, 1256.7414812095406, 492.7757465151356], [0.0, 0.0, 1.0]], [[809.2209905677063, 0.0, 829.2196003259838], [0.0, 809.2209905677063, 481.77842384512485], [0.0, 0.0, 1.0]], [[1259.5137405846733, 0.0, 807.2529053838625], [0.0, 1259.5137405846733, 501.19579884916527], [0.0, 0.0, 1.0]]], "extrinsics": [[[0.8177875876426697, -0.5732313394546509, 0.051277145743370056, -0.571533203125], [0.04255447909235954, -0.028625696897506714, -0.9986839890480042, 1.5287246704101562], [0.5739447474479675, 0.8188934326171875, 0.0009838191326707602, -1.002197265625], [0.0, 0.0, 0.0, 1.0]], [[0.0022904423531144857, -0.9994637370109558, 0.0326639860868454, 0.00439453125], [0.03728039562702179, -0.032556019723415375, -0.9987744092941284, 1.53533935546875], [0.9993022084236145, 0.00350530375726521, 0.03718583285808563, -1.293853759765625], [0.0, 0.0, 0.0, 1.0]], [[-0.8333079218864441, -0.5521285533905029, -0.027423182502388954, 0.7716064453125], [0.04297482594847679, -0.015243920497596264, -0.9989598393440247, 1.51702880859375], [0.5511361360549927, -0.8336195945739746, 0.03643050789833069, -1.078125], [0.0, 0.0, 0.0, 1.0]], [[0.9468863606452942, 0.3196970522403717, 0.034640755504369736, -1.129150390625], [0.051697731018066406, -0.04501954838633537, -0.9976475238800049, 1.589263916015625], [-0.31738540530204773, 0.9464497566223145, -0.059156011790037155, -0.1083984375], [0.0, 0.0, 0.0, 1.0]], [[0.004018815699964762, 0.9993747472763062, -0.035130057483911514, 0.00390625], [0.02624555490911007, -0.03522365167737007, -0.9990347623825073, 1.5825576782226562], [-0.9996474385261536, 0.003092939732596278, -0.0263706985861063, -0.120697021484375], [0.0,