[{"images": ["samples/CAM_FRONT_LEFT/n015-2018-11-14-19-09-14+0800__CAM_FRONT_LEFT__1542194200104844.jpg", "samples/CAM_FRONT/n015-2018-11-14-19-09-14+0800__CAM_FRONT__1542194200112460.jpg", "samples/CAM_FRONT_RIGHT/n015-2018-11-14-19-09-14+0800__CAM_FRONT_RIGHT__1542194200120339.jpg", "samples/CAM_BACK_LEFT/n015-2018-11-14-19-09-14+0800__CAM_BACK_LEFT__1542194200147423.jpg", "samples/CAM_BACK/n015-2018-11-14-19-09-14+0800__CAM_BACK__1542194200137525.jpg", "samples/CAM_BACK_RIGHT/n015-2018-11-14-19-09-14+0800__CAM_BACK_RIGHT__1542194200127893.jpg"], "intrinsics": [[[1272.5979470598488, 0.0, 826.6154927353808], [0.0, 1272.5979470598488, 479.75165386361925], [0.0, 0.0, 1.0]], [[1266.417203046554, 0.0, 816.2670197447984], [0.0, 1266.417203046554, 491.50706579294757], [0.0, 0.0, 1.0]], [[1260.8474446004698, 0.0, 807.968244525554], [0.0, 1260.8474446004698, 495.3344268742088], [0.0, 0.0, 1.0]], [[1256.7414812095406, 0.0, 792.1125740759628], [0.0, 1256.7414812095406, 492.7757465151356], [0.0, 0.0, 1.0]], [[809.2209905677063, 0.0, 829.2196003259838], [0.0, 809.2209905677063, 481.77842384512485], [0.0, 0.0, 1.0]], [[1259.5137405846733, 0.0, 807.2529053838625], [0.0, 1259.5137405846733, 501.19579884916527], [0.0, 0.0, 1.0]]], "extrinsics": [[[0.8212413787841797, -0.5703971982002258, -0.014473785646259785, -0.78857421875], [-0.02472412958741188, -0.01023124996572733, -0.9996419548988342, 1.502960205078125], [0.5700449347496033, 0.8213051557540894, -0.022504903376102448, -1.1590576171875], [0.0, 0.0, 0.0, 1.0]], [[0.006873766891658306, -0.9998789429664612, 0.013959919102489948, 0.0072021484375], [-0.029894674196839333, -0.014159483835101128, -0.9994527697563171, 1.5152740478515625], [0.9995293617248535, 0.006452680099755526, -0.029988383874297142, -1.516357421875], [0.0, 0.0, 0.0, 1.0]], [[-0.8323676586151123, -0.5539200305938721, 0.018345680087804794, 0.9188232421875], [-0.024162059649825096, 0.00319809396751225, -0.9997028708457947, 1.5003395080566406], [0.5536968111991882, -0.832563579082489, -0.016045840457081795, -1.1722412109375], [0.0, 0.0, 0.0, 1.0]], [[0.9475017786026001, 0.31893599033355713, -0.022806493565440178, -1.140869140625], [-0.015052390284836292, -0.026756396517157555, -0.9995286464691162, 1.5885391235351562], [-0.31939584016799927, 0.9473984837532043, -0.020550984889268875, -0.10406494140625], [0.0, 0.0, 0.0, 1.0]], [[0.001813198090530932, 0.999854564666748, -0.01695546880364418, 0.002532958984375], [-0.040604326874017715, -0.016867898404598236, -0.9990329146385193, 1.5773086547851562], [-0.9991735816001892, 0.0024999300949275494, 0.04056783765554428, -0.048828125], [0.0, 0.0, 0.0, 1.0]], [[-0.9350399374961853, 0.3544728457927704, 0.007020597346127033, 1.04345703125], [-0.008142182603478432, -0.001672660931944847, -0.9999654293060303, 1.5506477355957031], [-0.3544488549232483, -0.9350647926330566, 0.004450188018381596, -0.09814453125], [0.0, 0.0, 0.0, 1.0]]], "view": [[0.0, -2.0, 100.0], [-2.0, 0.0, 100.0], [0.0, 0.0, 1.0]], "bev": "bev_a4e6cf2d08ef4400ae15502eed892b06.png", "aux": "aux_a4e6cf2d08ef4400ae15502eed892b06.npz", "visibility": "visibility_a4e6cf2d08ef4400ae15502eed892b06.png", "pose": [[0.24413833022117615, -0.9697403907775879, 0.0, 786.7503051757812], [0.9697403907775879, 0.24413833022117615, 0.0, 2366.135986328125], [0.0, 0.0, 1.0, 0.0], [0.0, 0.0, 0.0, 1.0]], "pose_inverse": [[0.24413833022117615, 0.9697403907775879, 0.0, -2486.613525390625], [-0.9697403907775879, 0.24413833022117615, 0.0, 185.2790985107422], [0.0, 0.0, 1.0, 0.0], [0.0, 0.0, 0.0, 1.0]], "cam_ids": [0, 1, 2, 3, 4, 5], "cam_channels": ["CAM_FRONT_LEFT", "CAM_FRONT", "CAM_FRONT_RIGHT", "CAM_BACK_LEFT", "CAM_BACK", "CAM_BACK_RIGHT"], "token": "a4e6cf2d08ef4400ae15502eed892b06", "scene": "scene-1024"}, {"images": ["samples/CAM_FRONT_LEFT/n015-2018-11-14-19-09-14+0800__CAM_FRONT_LEFT__1542194200604844.jpg", "samples/CAM_FRONT/n015-2018-11-14-19-09-14+0800__CAM_FRONT__1542194200612460.jpg", "samples/CAM_FRONT_RIGHT/n015-2018-11-14-19-09-14+0800__CAM_FRONT_RIGHT__1542194200620339.jpg", "samples/CAM_BACK_LEFT/n015-2018-11-14-19-09-14+0800__CAM_BACK_LEFT__1542194200647423.jpg", "samples/CAM_BACK/n015-2018-11-14-19-09-14+0800__CAM_BACK__1542194200637525.jpg", "samples/CAM_BACK_RIGHT/n015-2018-11-14-19-09-14+0800__CAM_BACK_RIGHT__1542194200627893.jpg"], "intrinsics": [[[1272.5979470598488, 0.0, 826.6154927353808], [0.0, 1272.5979470598488, 479.75165386361925], [0.0, 0.0, 1.0]], [[1266.417203046554, 0.0, 816.2670197447984], [0.0, 1266.417203046554, 491.50706579294757], [0.0, 0.0, 1.0]], [[1260.8474446004698, 0.0, 807.968244525554], [0.0, 1260.8474446004698, 495.3344268742088], [0.0, 0.0, 1.0]], [[1256.7414812095406, 0.0, 792.1125740759628], [0.0, 1256.7414812095406, 492.7757465151356], [0.0, 0.0, 1.0]], [[809.2209905677063, 0.0, 829.2196003259838], [0.0, 809.2209905677063, 481.77842384512485], [0.0, 0.0, 1.0]], [[1259.5137405846733, 0.0, 807.2529053838625], [0.0, 1259.5137405846733, 501.19579884916527], [0.0, 0.0, 1.0]]], "extrinsics": [[[0.8210826516151428, -0.5706925392150879, -0.011539086699485779, -0.788818359375], [-0.014845472760498524, -0.0011416916968300939, -0.9998891353607178, 1.5050811767578125], [0.5706161260604858, 0.8211629986763, -0.00940962415188551, -1.1600341796875], [0.0, 0.0, 0.0, 1.0]], [[0.006355808582156897, -0.9999676942825317, 0.004931092727929354, 0.00775146484375], [-0.01988852396607399, -0.0050566247664391994, -0.9997894763946533, 1.5170440673828125], [0.9997819066047668, 0.006256385240703821, -0.019920019432902336, -1.5166015625], [0.0, 0.0, 0.0, 1.0]], [[-0.832673966884613, -0.5537422895431519, 0.004851147532463074, 0.9190673828125], [-0.014013121835887432, 0.012312697246670723, -0.9998259544372559, 1.501708984375], [0.5535861253738403, -0.8325970768928528, -0.018012119457125664, -1.171875], [0.0, 0.0, 0.0, 1.0]], [[0.9476804137229919, 0.31906524300575256, -0.00995798222720623, -1.137939453125], [-0.004574526101350784, -0.01761753484606743, -0.9998342990875244, 1.5885381698608398], [-0.31918779015541077, 0.947568953037262, -0.015236220322549343, -0.10516357421875], [0.0, 0.0, 0.0, 1.0]], [[0.002082854276522994, 0.9999673962593079, -0.007794823497533798, 0.0023956298828125], [-0.030238674953579903, -0.007728294935077429, -0.999512791633606, 1.577789306640625], [-0.9995405673980713, 0.0023175454698503017, 0.030221592634916306, -0.05029296875], [0.0, 0.0, 0.0, 1.0]], [[-0.9349884390830994, 0.3546774387359619, 0.0006714293267577887, 1.04248046875], [0.002107736887410283, 0.007449354976415634, -0.999970018863678, 1.5516533851623535], [-0.35467180609703064, -0.9349591135978699, -0.007712628226727247, -0.09814453125], [0.0, 0.0, 0.0, 1.0]]], "view": [[0.0, -2.0, 100.0], [-2.0, 0.0, 100.0], [0.0, 0.0, 1.0]], "bev": "bev_392502e44c524617a7e6b7fc14566ebf.png", "aux": "aux_392502e44c524617a7e6b7fc14566ebf.npz", "visibility": "visibility_392502e44c524617a7e6b7fc14566ebf.png", "pose": [[0.2476850003004074, -0.9688405990600586, 0.0, 787.3720703125], [0.9688405990600586, 0.2476850003004074, 0.0, 2368.525634765625], [0.0, 0.0, 1.0, 0.0], [0.0, 0.0, 0.0, 1.0]], "pose_inverse": [[0.2476850003004074, 0.9688405990600586, 0.0, -2489.744140625], [-0.9688405990600586, 0.2476850003004074, 0.0, 176.1897735595703], [0.0, 0.0, 1.0, 0.0], [0.0, 0.0, 0.0, 1.0]], "cam_ids": [0, 1, 2, 3, 4, 5], "cam_channels": ["CAM_FRONT_LEFT", "CAM_FRONT", "CAM_FRONT_RIGHT", "CAM_BACK_LEFT", "CAM_BACK", "CAM_BACK_RIGHT"], "token": "392502e44c524617a7e6b7fc14566ebf", "scene": "scene-1024"}, {"images": ["samples/CAM_FRONT_LEFT/n015-2018-11-14-19-09-14+0800__CAM_FRONT_LEFT__1542194201104844.jpg", "samples/CAM_FRONT/n015-2018-11-14-19-09-14+0800__CAM_FRONT__1542194201112460.jpg", "samples/CAM_FRONT_RIGHT/n015-2018-11-14-19-09-14+0800__CAM_FRONT_RIGHT__1542194201120339.jpg", "samples/CAM_BACK_LEFT/n015-2018-11-14-19-09-14+0800__CAM_BACK_LEFT__1542194201147423.jpg", "samples/CAM_BACK/n015-2018-11-14-19-09-14+0800__CAM_BACK__1542194201137525.jpg", "samples/CAM_BACK_RIGHT/n015-2018-11-14-19-09-14+0800__CAM_BACK_RIGHT__1542194201127893.jpg"], "intrinsics": [[[1272.5979470598488, 0.0, 826.6154927353808], [0.0, 1272.5979470598488, 479.75165386361925], [0.0, 0.0, 1.0]], [[1266.417203046554, 0.0, 816.2670197447984], [0.0, 1266.417203046554, 491.50706579294757], [0.0, 0.0, 1.0]], [[1260.8474446004698, 0.0, 807.968244525554], [0.0, 1260.8474446004698, 495.3344268742088], [0.0, 0.0, 1.0]], [[1256.7414812095406, 0.0, 792.1125740759628], [0.0, 1256.7414812095406, 492.7757465151356], [0.0, 0.0, 1.0]], [[809.2209905677063, 0.0, 829.2196003259838], [0.0, 809.2209905677063, 481.77842384512485], [0.0, 0.0, 1.0]], [[1259.5137405846733, 0.0, 807.2529053838625], [0.0, 1259.5137405846733, 501.19579884916527], [0.0, 0.0, 1.0]]], "extrinsics": [[[0.8204686045646667, -0.5716431736946106, -0.007441950961947441, -0.798828125], [-0.006819858681410551, 0.003229740774258971, -0.9999715089797974, 1.5068645477294922], [0.5716509222984314, 0.8204959630966187, -0.0012486247578635812, -1.1639404296875], [0.0, 0.0, 0.0, 1.0]], [[0.005314035341143608, -0.9999856948852539, 0.0006034037214703858, 0.0057525634765625], [-0.012133787386119366, -0.0006678479840047657, -0.9999262094497681, 1.5184974670410156], [0.9999122619628906, 0.00530631747096777, -0.012137162499129772, -1.52490234375], [0.0, 0.0, 0.0, 1.0]], [[-0.833134651184082, -0.5530570149421692, -0.003810139372944832, 0.92333984375], [-0.0065189749002456665, 0.01670842617750168, -0.9998391270637512, 1.5027923583984375], [0.5530317425727844, -0.8329758644104004, -0.01752573251724243, -1.17626953125], [0.0, 0.0, 0.0, 1.0]], [[0.9477722644805908, 0.31893765926361084, -0.002578713232651353, -1.136474609375], [0.0019563636742532253, -0.013898159377276897, -0.9999014735221863, 1.5885648727416992], [-0.31894204020500183, 0.9476737976074219, -0.013796248473227024, -0.10552978515625], [0.0, 0.0, 0.0, 1.0]], [[0.0025129509158432484, 0.9999885559082031, -0.004086614586412907, 0.0030059814453125], [-0.023345129564404488, -0.0040268488228321075, -0.9997193217277527, 1.5781669616699219], [-0.999724268913269, 0.002607670845463872, 0.023334741592407227, -0.048828125], [0.0, 0.0, 0.0, 1.0]], [[-0.9347497820854187, 0.35527482628822327, -0.004764724522829056, 1.046875], [0.00933828204870224, 0.011159628629684448, -0.9998941421508789, 1.5523452758789062], [-0.35518401861190796, -0.934695303440094, -0.013749117031693459, -0.09783935546875], [0.0, 0.0, 0.0, 1.0]]], "view": [[0.0, -2.0, 100.0], [-2.0, 0.0, 100.0], [0.0, 0.0, 1.0]], "bev": "bev_5883993f775940c0af54b3be1ef7cdcc.png", "aux": "aux_5883993f775940c0af54b3be1ef7cdcc.npz", "visibility": "visibility_5883993f775940c0af54b3be1ef7cdcc.png", "pose": [[0.24626462161540985, -0.9692026376724243, 0.0, 787.9618530273438], [0.9692026376724243, 0.24626462161540985, 0.0, 2370.818115234375], [0.0, 0.0, 1.0, 0.0], [0.0, 0.0, 0.0, 1.0]], "pose_inverse": [[0.24626462161540985, 0.9692026376724243, 0.0, -2491.850341796875], [-0.9692026376724243, 0.24626462161540985, 0.0, 179.84605407714844], [0.0, 0.0, 1.0, 0.0], [0.0, 0.0, 0.0, 1.0]], "cam_ids": [0, 1, 2, 3, 4, 5], "cam_channels": ["CAM_FRONT_LEFT", "CAM_FRONT", "CAM_FRONT_RIGHT", "CAM_BACK_LEFT", "CAM_BACK", "CAM_BACK_RIGHT"], "token": "5883993f775940c0af54b3be1ef7cdcc", "scene": "scene-1024"}, {"images": ["samples/CAM_FRONT_LEFT/n015-2018-11-14-19-09-14+0800__CAM_FRONT_LEFT__1542194201604844.jpg", "samples/CAM_FRONT/n015-2018-11-14-19-09-14+0800__CAM_FRONT__1542194201612460.jpg", "samples/CAM_FRONT_RIGHT/n015-2018-11-14-19-09-14+0800__CAM_FRONT_RIGHT__1542194201620339.jpg", "samples/CAM_BACK_LEFT/n015-2018-11-14-19-09-14+0800__CAM_BACK_LEFT__1542194201647423.jpg", "samples/CAM_BACK/n015-2018-11-14-19-09-14+0800__CAM_BACK__1542194201637525.jpg", "samples/CAM_BACK_RIGHT/n015-2018-11-14-19-09-14+0800__CAM_BACK_RIGHT__1542194201627893.jpg"], "intrinsics": [[[1272.5979470598488, 0.0, 826.6154927353808], [0.0, 1272.5979470598488, 479.75165386361925], [0.0, 0.0, 1.0]], [[1266.417203046554, 0.0, 816.2670197447984], [0.0, 1266.417203046554, 491.50706579294757], [0.0, 0.0, 1.0]], [[1260.8474446004698, 0.0, 807.968244525554], [0.0, 1260.8474446004698, 495.3344268742088], [0.0, 0.0, 1.0]], [[1256.7414812095406, 0.0, 792.1125740759628], [0.0, 1256.7414812095406, 492.7757465151356], [0.0, 0.0, 1.0]], [[809.2209905677063, 0.0, 829.2196003259838], [0.0, 809.2209905677063, 481.77842384512485], [0.0, 0.0, 1.0]], [[1259.5137405846733, 0.0, 807.2529053838625], [0.0, 1259.5137405846733, 501.19579884916527], [0.0, 0.0, 1.0]]], "extrinsics": [[[0.8204761743545532, -0.5715727210044861, -0.01110819447785616, -0.7998046875], [-0.011243904940783978, 0.0032928003929555416, -0.9999313950538635, 1.505990982055664], [0.571570098400116, 0.8205447793006897, -0.0037250444293022156, -1.167724609375], [0.0, 0.0, 0.0, 1.0]], [[0.0053680455312132835, -0.99998539686203, 0.0006222486845217645, 0.0076141357421875], [-0.016619674861431122, -0.0007113886531442404, -0.9998616576194763, 1.5177993774414062], [0.999847412109375, 0.005356962792575359, -0.016623249277472496, -1.5283203125], [0.0, 0.0, 0.0, 1.0]], [[-0.8331340551376343, -0.5530709624290466, 6.611384014831856e-05, 0.926513671875], [-0.011069387197494507, 0.016555167734622955, -0.9998016953468323, 1.5022106170654297], [0.552960216999054, -0.8329695463180542, -0.019914831966161728, -1.17724609375], [0.0, 0.0, 0.0, 1.0]], [[0.9477506875991821, 0.3189365565776825, -0.006935013458132744, -1.137939453125], [-0.002712389687076211, -0.013681933283805847, -0.9999026656150818, 1.5885424613952637], [-0.31900039315223694, 0.9476772546768188, -0.012101981788873672, -0.10516357421875], [0.0, 0.0, 0.0, 1.0]], [[0.0025046146474778652, 0.9999896287918091, -0.0038086280692368746, 0.00250244140625], [-0.028011387214064598, -0.0037369884084910154, -0.9996006488800049, 1.577972412109375], [-0.9996044039726257, 0.00261031836271286, 0.028001734986901283, -0.047119140625], [0.0, 0.0, 0.0, 1.0]], [[-0.9347579479217529, 0.3552849590778351, -0.00033342227106913924, 1.048828125], [0.004738001152873039, 0.011527325958013535, -0.9999223351478577, 1.551884651184082], [-0.35525354743003845, -0.9346869587898254, -0.012458601035177708, -0.09600830078125], [0.0, 0.0, 0.0, 1.0]]], "view": [[0.0, -2.0, 100.0], [-2.0, 0.0, 100.0], [0.0, 0.0, 1.0]], "bev": "bev_fcabef38bd61472687d660bf6bf9889a.png", "aux": "aux_fcabef38bd61472687d660bf6bf9889a.npz", "visibility": "visibility_fcabef38bd61472687d660bf6bf9889a.png", "pose": [[0.24265745282173157, -0.9701120257377625, 0.0, 788.5361328125], [0.9701120257377625, 0.24265745282173157, 0.0, 2373.0654296875], [0.0, 0.0, 1.0, 0.0], [0.0, 0.0, 0.0, 1.0]], "pose_inverse": [[0.24265745282173157, 0.9701120257377625, 0.0, -2493.4833984375], [-0.9701120257377625, 0.24265745282173157, 0.0, 189.12637329101562], [0.0, 0.0, 1.0, 0.0], [0.0, 0.0, 0.0, 1.0]], "cam_ids": [0, 1, 2, 3, 4, 5], "cam_channels": ["CAM_FRONT_LEFT", "CAM_FRONT", "CAM_FRONT_RIGHT", "CAM_BACK_LEFT", "CAM_BACK", "CAM_BACK_RIGHT"], "token": "fcabef38bd61472687d660bf6bf9889a", "scene": "scene-1024"}, {"images": ["samples/CAM_FRONT_LEFT/n015-2018-11-14-19-09-14+0800__CAM_FRONT_LEFT__1542194202104844.jpg", "samples/CAM_FRONT/n015-2018-11-14-19-09-14+0800__CAM_FRONT__1542194202112460.jpg", "samples/CAM_FRONT_RIGHT/n015-2018-11-14-19-09-14+0800__CAM_FRONT_RIGHT__1542194202120339.jpg", "samples/CAM_BACK_LEFT/n015-2018-11-14-19-09-14+0800__CAM_BACK_LEFT__1542194202147423.jpg", "samples/CAM_BACK/n015-2018-11-14-19-09-14+0800__CAM_BACK__1542194202137525.jpg", "samples/CAM_BACK_RIGHT/n015-2018-11-14-19-09-14+0800__CAM_BACK_RIGHT__1542194202127893.jpg"], "intrinsics": [[[1272.5979470598488, 0.0, 826.6154927353808], [0.0, 1272.5979470598488, 479.75165386361925], [0.0, 0.0, 1.0]], [[1266.417203046554, 0.0, 816.2670197447984], [0.0, 1266.417203046554, 491.50706579294757], [0.0, 0.0, 1.0]], [[1260.8474446004698, 0.0, 807.968244525554], [0.0, 1260.8474446004698, 495.3344268742088], [0.0, 0.0, 1.0]], [[1256.7414812095406, 0.0, 792.1125740759628], [0.0, 1256.7414812095406, 492.7757465151356], [0.0, 0.0, 1.0]], [[809.2209905677063, 0.0, 829.2196003259838], [0.0, 809.2209905677063, 481.77842384512485], [0.0, 0.0, 1.0]], [[1259.5137405846733, 0.0, 807.2529053838625], [0.0, 1259.5137405846733, 501.19579884916527], [0.0, 0.0, 1.0]]], "extrinsics": [[[0.8201378583908081, -0.5719120502471924, -0.017041077837347984, -0.802978515625], [-0.014260703697800636, 0.00934209581464529, -0.9998546242713928, 1.50543212890625], [0.5719881653785706, 0.8202617168426514, -0.0004940610378980637, -1.16845703125], [0.0, 0.0, 0.0, 1.0]], [[0.004900848958641291, -0.9999727606773376, -0.005506944376975298, 0.0066986083984375], [-0.019618399441242218, 0.005409803241491318, -0.9997929334640503, 1.5173530578613281], [0.9997954964637756, 0.005007882136851549, -0.019591351971030235, -1.530517578125], [0.0, 0.0, 0.0, 1.0]], [[-0.8333568572998047, -0.5527346730232239, -0.0008719394099898636, 0.9278564453125], [-0.014040260575711727, 0.022745406255126, -0.9996426701545715, 1.5018577575683594], [0.5525569915771484, -0.8330467939376831, -0.026715578511357307, -1.178466796875], [0.0, 0.0, 0.0, 1.0]], [[0.9477587938308716, 0.3188958764076233, -0.007650988642126322, -1.13818359375], [-0.00560745457187295, -0.007325736805796623, -0.9999574422836304, 1.5885343551635742], [-0.31893834471702576, 0.9477614164352417, -0.005154838319867849, -0.10498046875], [0.0, 0.0, 0.0, 1.0]], [[0.0027154134586453438, 0.9999931454658508, 0.0025384032633155584, 0.0025634765625], [-0.030942872166633606, 0.0026212199591100216, -0.9995177388191223, 1.5778732299804688], [-0.9995174407958984, 0.002635566983371973, 0.030949778854846954, -0.046630859375], [0.0, 0.0, 0.0, 1.0]], [[-0.9346332550048828, 0.35558220744132996, 0.004680604208260775, 1.050537109375], [0.0017781141214072704, 0.017834793776273727, -0.9998393654823303, 1.5516048669815063], [-0.35560858249664307, -0.9344748258590698, -0.017301255837082863, -0.09576416015625], [0.0, 0.0, 0.0, 1.0]]], "view": [[0.0, -2.0, 100.0], [-2.0, 0.0, 100.0], [0.0, 0.0, 1.0]], "bev": "bev_12d9a31680214b3bb4d320835125c6c8.png", "aux": "aux_12d9a31680214b3bb4d320835125c6c8.npz", "visibility": "visibility_12d9a31680214b3bb4d320835125c6c8.png", "pose": [[0.2340683490037918, -0.9722201228141785, 0.0, 789.0803833007812], [0.9722201228141785, 0.2340683490037918, 0.0, 2375.252685546875], [0.0, 0.0, 1.0, 0.0], [0.0, 0.0, 0.0, 1.0]], "pose_inverse": [[0.2340683490037918, 0.9722201228141785, 0.0, -2493.96728515625], [-0.9722201228141785, 0.2340683490037918, 0.0, 211.18838500976562], [0.0, 0.0, 1.0, 0.0], [0.0, 0.0, 0.0, 1.0]], "cam_ids": [0, 1, 2, 3, 4, 5], "cam_channels": ["CAM_FRONT_LEFT", "CAM_FRONT", "CAM_FRONT_RIGHT", "CAM_BACK_LEFT", "CAM_BACK", "CAM_BACK_RIGHT"], "token": "12d9a31680214b3bb4d320835125c6c8", "scene": "scene-1024"}, {"images": ["samples/CAM_FRONT_LEFT/n015-2018-11-14-19-09-14+0800__CAM_FRONT_LEFT__1542194202604844.jpg", "samples/CAM_FRONT/n015-2018-11-14-19-09-14+0800__CAM_FRONT__1542194202612460.jpg", "samples/CAM_FRONT_RIGHT/n015-2018-11-14-19-09-14+0800__CAM_FRONT_RIGHT__1542194202620339.jpg", "samples/CAM_BACK_LEFT/n015-2018-11-14-19-09-14+0800__CAM_BACK_LEFT__1542194202647423.jpg", "samples/CAM_BACK/n015-2018-11-14-19-09-14+0800__CAM_BACK__1542194202637525.jpg", "samples/CAM_BACK_RIGHT/n015-2018-11-14-19-09-14+0800__CAM_BACK_RIGHT__1542194202627893.jpg"], "intrinsics": [[[1272.5979470598488, 0.0, 826.6154927353808], [0.0, 1272.5979470598488, 479.75165386361925], [0.0, 0.0, 1.0]], [[1266.417203046554, 0.0, 816.2670197447984], [0.0, 1266.417203046554, 491.50706579294757], [0.0, 0.0, 1.0]], [[1260.8474446004698, 0.0, 807.968244525554], [0.0, 1260.8474446004698, 495.3344268742088], [0.0, 0.0, 1.0]], [[1256.7414812095406, 0.0, 792.1125740759628], [0.0, 1256.7414812095406, 492.7757465151356], [0.0, 0.0, 1.0]], [[809.2209905677063, 0.0, 829.2196003259838], [0.0, 809.2209905677063, 481.77842384512485], [0.0, 0.0, 1.0]], [[1259.5137405846733, 0.0, 807.2529053838625], [0.0, 1259.5137405846733, 501.19579884916527], [0.0, 0.0, 1.0]]], "extrinsics": [[[0.819259762763977, -0.5726256966590881, -0.030217166990041733, -0.8173828125], [-0.02356635592877865, 0.019028713926672935, -0.999541163444519, 1.5040016174316406], [0.5729379653930664, 0.819595992565155, 0.002094759838655591, -1.1759033203125], [0.0, 0.0, 0.0, 1.0]], [[0.003913878463208675, -0.9998779296875, -0.015119538642466068, 0.00494384765625], [-0.029063502326607704, 0.014999528415501118, -0.9994650483131409, 1.5162277221679688], [0.999569833278656, 0.004351207986474037, -0.029001250863075256, -1.543701171875], [0.0, 0.0, 0.0, 1.0]], [[-0.8336948752403259, -0.5522221326828003, 0.0018927569035440683, 0.93603515625], [-0.02361280657351017, 0.03222368285059929, -0.9992017149925232, 1.5009536743164062], [0.5517202019691467, -0.8330740332603455, -0.03990423306822777, -1.185791015625], [0.0, 0.0, 0.0, 1.0]], [[0.9477170705795288, 0.31879565119743347, -0.014197709038853645, -1.136962890625], [-0.015628209337592125, 0.0019296848913654685, -0.9998759627342224, 1.588470458984375], [-0.3187286853790283, 0.9478214979171753, 0.006810999941080809, -0.1053466796875], [0.0, 0.0, 0.0, 1.0]], [[0.0031023097690194845, 0.9999253153800964, 0.0118284672498703, 0.00323486328125], [-0.0408153161406517, 0.011945282109081745, -0.9990953207015991, 1.5775299072265625], [-0.9991618990898132, 0.002616728423163295, 0.04084932059049606, -0.042724609375], [0.0, 0.0, 0.0, 1.0]], [[-0.9343773722648621, 0.3558734655380249, 0.01711147278547287, 1.058837890625], [-0.007934887893497944, 0.027229933068156242, -0.9995977282524109, 1.550802230834961], [-0.3561963140964508, -0.9341373443603516, -0.02261922135949135, -0.09381103515625], [0.0, 0.0, 0.0, 1.0]]], "view": [[0.0, -2.0, 100.0], [-2.0, 0.0, 100.0], [0.0, 0.0, 1.0]], "bev": "bev_c4c590b870dc41748caf7146916a4849.png", "aux": "aux_c4c590b870dc41748caf7146916a4849.npz", "visibility": "visibility_c4c590b870dc41748caf7146916a4849.png", "pose": [[0.21884334087371826, -0.9757599830627441, 0.0, 789.5723876953125], [0.9757599830627441, 0.21884334087371826, 0.0, 2377.3173828125], [0.0, 0.0, 1.0, 0.0], [0.0, 0.0, 0.0, 1.0]], "pose_inverse": [[0.21884334087371826, 0.9757599830627441, 0.0, -2492.48388671875], [-0.9757599830627441, 0.21884334087371826, 0.0, 250.17308044433594], [0.0, 0.0, 1.0, 0.0], [0.0, 0.0, 0.0, 1.0]], "cam_ids": [0, 1, 2, 3, 4, 5], "cam_channels": ["CAM_FRONT_LEFT", "CAM_FRONT", "CAM_FRONT_RIGHT", "CAM_BACK_LEFT", "CAM_BACK", "CAM_BACK_RIGHT"], "token": "c4c590b870dc41748caf7146916a4849", "scene": "scene-1024"}, {"images": ["samples/CAM_FRONT_LEFT/n015-2018-11-14-19-09-14+0800__CAM_FRONT_LEFT__1542194203104844.jpg", "samples/CAM_FRONT/n015-2018-11-14-19-09-14+0800__CAM_FRONT__1542194203112460.jpg", "samples/CAM_FRONT_RIGHT/n015-2018-11-14-19-09-14+0800__CAM_FRONT_RIGHT__1542194203120339.jpg", "samples/CAM_BACK_LEFT/n015-2018-11-14-19-09-14+0800__CAM_BACK_LEFT__1542194203147423.jpg", "samples/CAM_BACK/n015-2018-11-14-19-09-14+0800__CAM_BACK__1542194203137525.jpg", "samples/CAM_BACK_RIGHT/n015-2018-11-14-19-09-14+0800__CAM_BACK_RIGHT__1542194203127893.jpg"], "intrinsics": [[[1272.5979470598488, 0.0, 826.6154927353808], [0.0, 1272.5979470598488, 479.75165386361925], [0.0, 0.0, 1.0]], [[1266.417203046554, 0.0, 816.2670197447984], [0.0, 1266.417203046554, 491.50706579294757], [0.0, 0.0, 1.0]], [[1260.8474446004698, 0.0, 807.968244525554], [0.0, 1260.8474446004698, 495.3344268742088], [0.0, 0.0, 1.0]], [[1256.7414812095406, 0.0, 792.1125740759628], [0.0, 1256.7414812095406, 492.7757465151356], [0.0, 0.0, 1.0]], [[809.2209905677063, 0.0, 829.2196003259838], [0.0, 809.2209905677063, 481.77842384512485], [0.0, 0.0, 1.0]], [[1259.5137405846733, 0.0, 807.2529053838625], [0.0, 1259.5137405846733, 501.19579884916527], [0.0, 0.0, 1.0]]], "extrinsics": [[[0.8189377188682556, -0.5725087523460388, -0.03968282416462898, -0.83251953125], [-0.03834615275263786, 0.014403986744582653, -0.9991607069969177, 1.5020370483398438], [0.5725998282432556, 0.8197721242904663, -0.010157536715269089, -1.1875], [0.0, 0.0, 0.0, 1.0]], [[0.003951109480112791, -0.9999378323554993, -0.010421178303658962, 0.00579833984375], [-0.043851763010025024, 0.010237977840006351, -0.9989855885505676, 1.5147018432617188], [0.9990301132202148, 0.004404062405228615, -0.04380859062075615, -1.559814453125], [0.0, 0.0, 0.0, 1.0]], [[-0.8334954380989075, -0.5522664785385132, 0.016945520415902138, 0.9464111328125], [-0.03841229900717735, 0.027323391288518906, -0.9988883137702942, 1.4996719360351562], [0.5511894822120667, -0.8332197666168213, -0.04398774355649948, -1.1917724609375], [0.0, 0.0, 0.0, 1.0]], [[0.9473637342453003, 0.318745493888855, -0.030052389949560165, -1.13818359375], [-0.030543403699994087, -0.003458778839558363, -0.9995274543762207, 1.5884246826171875], [-0.31869879364967346, 0.9478339552879333, 0.006458851508796215, -0.1051025390625], [0.0, 0.0, 0.0, 1.0]], [[0.0031858047004789114, 0.999973475933075, 0.006548281759023666, 0.002899169921875], [-0.05565616860985756, 0.006715471390634775, -0.9984274506568909, 1.5771331787109375], [-0.9984448552131653, 0.0028163576498627663, 0.055676091462373734, -0.0380859375], [0.0, 0.0, 0.0, 1.0]], [[-0.9340474605560303, 0.3559553623199463, 0.02917141653597355, 1.066162109375], [-0.022762127220630646, 0.02218189276754856, -0.9994947910308838, 1.54974365234375], [-0.35642263293266296, -0.9342396855354309, -0.012616640888154507, -0.09027099609375], [0.0, 0.0, 0.0, 1.0]]], "view": [[0.0, -2.0, 100.0], [-2.0, 0.0, 100.0], [0.0, 0.0, 1.0]], "bev": "bev_a1fffa8ba6e246ca96699435f4bf2fa9.png", "aux": "aux_a1fffa8ba6e246ca96699435f4bf2fa9.npz", "visibility": "visibility_a1fffa8ba6e246ca96699435f4bf2fa9.png", "pose": [[0.20090103149414062, -0.9796115159988403, 0.0, 789.98681640625], [0.9796115159988403, 0.20090103149414062, 0.0, 2379.235595703125], [0.0, 0.0, 1.0, 0.0], [0.0, 0.0, 0.0, 1.0]], "pose_inverse": [[0.20090103149414062, 0.9796115159988403, 0.0, -2489.435791015625], [-0.9796115159988403, 0.20090103149414062, 0.0, 295.8893127441406], [0.0, 0.0, 1.0, 0.0], [0.0, 0.0, 0.0, 1.0]], "cam_ids": [0, 1, 2, 3, 4, 5], "cam_channels": ["CAM_FRONT_LEFT", "CAM_FRONT", "CAM_FRONT_RIGHT", "CAM_BACK_LEFT", "CAM_BACK", "CAM_BACK_RIGHT"], "token": "a1fffa8ba6e246ca96699435f4bf2fa9", "scene": "scene-1024"}, {"images": ["samples/CAM_FRONT_LEFT/n015-2018-11-14-19-09-14+0800__CAM_FRONT_LEFT__1542194203604844.jpg", "samples/CAM_FRONT/n015-2018-11-14-19-09-14+0800__CAM_FRONT__1542194203612460.jpg", "samples/CAM_FRONT_RIGHT/n015-2018-11-14-19-09-14+0800__CAM_FRONT_RIGHT__1542194203620339.jpg", "samples/CAM_BACK_LEFT/n015-2018-11-14-19-09-14+0800__CAM_BACK_LEFT__1542194203647423.jpg", "samples/CAM_BACK/n015-2018-11-14-19-09-14+0800__CAM_BACK__1542194203637525.jpg", "samples/CAM_BACK_RIGHT/n015-2018-11-14-19-09-14+0800__CAM_BACK_RIGHT__1542194203627893.jpg"], "intrinsics": [[[1272.5979470598488, 0.0, 826.6154927353808], [0.0, 1272.5979470598488, 479.75165386361925], [0.0, 0.0, 1.0]], [[1266.417203046554, 0.0, 816.2670197447984], [0.0, 1266.417203046554, 491.50706579294757], [0.0, 0.0, 1.0]], [[1260.8474446004698, 0.0, 807.968244525554], [0.0, 1260.8474446004698, 495.3344268742088], [0.0, 0.0, 1.0]], [[1256.7414812095406, 0.0, 792.1125740759628], [0.0, 1256.7414812095406, 492.7757465151356], [0.0, 0.0, 1.0]], [[809.2209905677063, 0.0, 829.2196003259838], [0.0, 809.2209905677063, 481.77842384512485], [0.0, 0.0, 1.0]], [[1259.5137405846733, 0.0, 807.2529053838625], [0.0, 1259.5137405846733, 501.19579884916527], [0.0, 0.0, 1.0]]], "extrinsics": [[[0.818486750125885, -0.572995126247406, -0.041904792189598083, -0.833740234375], [-0.04654112085700035, 0.006571056786924601, -0.9988947510719299, 1.500823974609375], [0.572637140750885, 0.8195323944091797, -0.021289510652422905, -1.1903076171875], [0.0, 0.0, 0.0, 1.0]], [[0.003849347587674856, -0.99998939037323, -0.002559835324063897, 0.007049560546875], [-0.05191561207175255, 0.0023565609008073807, -0.9986487030982971, 1.5137176513671875], [0.9986440539360046, 0.0039770230650901794, -0.05190598592162132, -1.5615234375], [0.0, 0.0, 0.0, 1.0]], [[-0.8332566022872925, -0.5521798133850098, 0.02794448658823967, 0.9476318359375], [-0.04634321480989456, 0.019389668479561806, -0.9987373352050781, 1.4988784790039062], [0.5509408116340637, -0.8334994912147522, -0.0417463555932045, -1.1910400390625], [0.0, 0.0, 0.0, 1.0]], [[0.9470078945159912, 0.3187451958656311, -0.039718084037303925, -1.14013671875], [-0.038046713918447495, -0.011470523662865162, -0.9992101192474365, 1.5884780883789062], [-0.31894898414611816, 0.9477710723876953, 0.001264530816115439, -0.1043701171875], [0.0, 0.0, 0.0, 1.0]], [[0.002951950766146183, 0.9999945759773254, -0.0014536598464474082, 0.00244140625], [-0.06330693513154984, -0.0012638696935027838, -0.9979932904243469, 1.576904296875], [-0.9979897141456604, 0.0030380587559193373, 0.06330285221338272, -0.036376953125], [0.0, 0.0, 0.0, 1.0]], [[-0.93387770652771, 0.3560081720352173, 0.033624786883592606, 1.06640625], [-0.0305658970028162, 0.014215582981705666, -0.9994316697120667, 1.5491714477539062], [-0.35628384351730347, -0.9343747496604919, -0.0023939074017107487, -0.08941650390625], [0.0, 0.0, 0.0, 1.0]]], "view": [[0.0, -2.0, 100.0], [-2.0, 0.0, 100.0], [0.0, 0.0, 1.0]], "bev": "bev_93e653d0a6024f1aaa45e21293d3d1b7.png", "aux": "aux_93e653d0a6024f1aaa45e21293d3d1b7.npz", "visibility": "visibility_93e653d0a6024f1aaa45e21293d3d1b7.png", "pose": [[0.18274326622486115, -0.983160674571991, 0.0, 790.3483276367188], [0.983160674571991, 0.18274326622486115, 0.0, 2381.01513671875], [0.0, 0.0, 1.0, 0.0], [0.0, 0.0, 0.0, 1.0]], "pose_inverse": [[0.18274326622486115, 0.983160674571991, 0.0, -2485.351318359375], [-0.983160674571991, 0.18274326622486115, 0.0, 341.9248962402344], [0.0, 0.0, 1.0, 0.0], [0.0, 0.0, 0.0, 1.0]], "cam_ids": [0, 1, 2, 3, 4, 5], "cam_channels": ["CAM_FRONT_LEFT", "CAM_FRONT", "CAM_FRONT_RIGHT", "CAM_BACK_LEFT", "CAM_BACK", "CAM_BACK_RIGHT"], "token": "93e653d0a6024f1aaa45e21293d3d1b7", "scene": "scene-1024"}, {"images": ["samples/CAM_FRONT_LEFT/n015-2018-11-14-19-09-14+0800__CAM_FRONT_LEFT__1542194204104844.jpg", "samples/CAM_FRONT/n015-2018-11-14-19-09-14+0800__CAM_FRONT__1542194204112460.jpg", "samples/CAM_FRONT_RIGHT/n015-2018-11-14-19-09-14+0800__CAM_FRONT_RIGHT__1542194204120339.jpg", "samples/CAM_BACK_LEFT/n015-2018-11-14-19-09-14+0800__CAM_BACK_LEFT__1542194204147423.jpg", "samples/CAM_BACK/n015-2018-11-14-19-09-14+0800__CAM_BACK__1542194204137724.jpg", "samples/CAM_BACK_RIGHT/n015-2018-11-14-19-09-14+0800__CAM_BACK_RIGHT__1542194204127893.jpg"], "intrinsics": [[[1272.5979470598488, 0.0, 826.6154927353808], [0.0, 1272.5979470598488, 479.75165386361925], [0.0, 0.0, 1.0]], [[1266.417203046554, 0.0, 816.2670197447984], [0.0, 1266.417203046554, 491.50706579294757], [0.0, 0.0, 1.0]], [[1260.8474446004698, 0.0, 807.968244525554], [0.0, 1260.8474446004698, 495.3344268742088], [0.0, 0.0, 1.0]], [[1256.7414812095406, 0.0, 792.1125740759628], [0.0, 1256.7414812095406, 492.7757465151356], [0.0, 0.0, 1.0]], [[809.2209905677063, 0.0, 829.2196003259838], [0.0, 809.2209905677063, 481.77842384512485], [0.0, 0.0, 1.0]], [[1259.5137405846733, 0.0, 807.2529053838625], [0.0, 1259.5137405846733, 501.19579884916527], [0.0, 0.0, 1.0]]], "extrinsics": [[[0.8180515766143799, -0.5733267068862915, -0.04569476842880249, -0.829833984375], [-0.05344685912132263, 0.0033260476775467396, -0.998565137386322, 1.4994659423828125], [0.5726560354232788, 0.8193200826644897, -0.027921633794903755, -1.1878662109375], [0.0, 0.0, 0.0, 1.0]], [[0.0035968113224953413, -0.9999933242797852, 0.0005305691156536341, 0.00714111328125], [-0.05887391045689583, -0.0007414128049276769, -0.9982652068138123, 1.5125885009765625], [0.9982588887214661, 0.0035593619104474783, -0.058876194059848785, -1.557861328125], [0.0, 0.0, 0.0, 1.0]], [[-0.8331783413887024, -0.5518678426742554, 0.03543561324477196, 0.9459228515625], [-0.05335342884063721, 0.016439760103821754, -0.9984403252601624, 1.498046875], [0.5504245162010193, -0.8337694406509399, -0.04314129427075386, -1.190185546875], [0.0, 0.0, 0.0, 1.0]], [[0.946668267250061, 0.31871742010116577, -0.04730915278196335, -1.14111328125], [-0.045197393745183945, -0.014022487215697765, -0.998879611492157, 1.5884857177734375], [-0.3190237581729889, 0.9477459788322449, 0.0011305504012852907, -0.104248046875], [0.0, 0.0, 0.0, 1.0]], [[0.002992634428665042, 0.9999870657920837, -0.004106934182345867, 0.00238037109375], [-0.0704038143157959, -0.0038860696367919445, -0.9975110292434692, 1.5766754150390625], [-0.997514009475708, 0.0032743210904300213, 0.07039127498865128, -0.0361328125], [0.0, 0.0, 0.0, 1.0]], [[-0.9335395693778992, 0.356318861246109, 0.03925224021077156, 1.06494140625], [-0.03762330114841461, 0.011503767222166061, -0.9992257952690125, 1.5485916137695312], [-0.35649460554122925, -0.9342935681343079, 0.002666669664904475, -0.08984375], [0.0, 0.0, 0.0, 1.0]]], "view": [[0.0, -2.0, 100.0], [-2.0, 0.0, 100.0], [0.0, 0.0, 1.0]], "bev": "bev_211155118ef3464c935cf84f060d4f24.png", "aux": "aux_211155118ef3464c935cf84f060d4f24.npz", "visibility": "visibility_211155118ef3464c935cf84f060d4f24.png", "pose": [[0.16145525872707367, -0.9868800044059753, 0.0, 790.7023315429688], [0.9868800044059753, 0.16145525872707367, 0.0, 2382.897216796875], [0.0, 0.0, 1.0, 0.0], [0.0, 0.0, 0.0, 1.0]], "pose_inverse": [[0.16145525872707367, 0.9868800044059753, 0.0, -2479.296630859375], [-0.9868800044059753, 0.16145525872707367, 0.0, 395.5970458984375], [0.0, 0.0, 1.0, 0.0], [0.0, 0.0, 0.0, 1.0]], "cam_ids": [0, 1, 2, 3, 4, 5], "cam_channels": ["CAM_FRONT_LEFT", "CAM_FRONT", "CAM_FRONT_RIGHT", "CAM_BACK_LEFT", "CAM_BACK", "CAM_BACK_RIGHT"], "token": "211155118ef3464c935cf84f060d4f24", "scene": "scene-1024"}, {"images": ["samples/CAM_FRONT_LEFT/n015-2018-11-14-19-09-14+0800__CAM_FRONT_LEFT__1542194204604844.jpg", "samples/CAM_FRONT/n015-2018-11-14-19-09-14+0800__CAM_FRONT__1542194204612460.jpg", "samples/CAM_FRONT_RIGHT/n015-2018-11-14-19-09-14+0800__CAM_FRONT_RIGHT__1542194204620339.jpg", "samples/CAM_BACK_LEFT/n015-2018-11-14-19-09-14+0800__CAM_BACK_LEFT__1542194204647423.jpg", "samples/CAM_BACK/n015-2018-11-14-19-09-14+0800__CAM_BACK__1542194204637525.jpg", "samples/CAM_BACK_RIGHT/n015-2018-11-14-19-09-14+0800__CAM_BACK_RIGHT__1542194204627893.jpg"], "intrinsics": [[[1272.5979470598488, 0.0, 826.6154927353808], [0.0, 1272.5979470598488, 479.75165386361925], [0.0, 0.0, 1.0]], [[1266.417203046554, 0.0, 816.2670197447984], [0.0, 1266.417203046554, 491.50706579294757], [0.0, 0.0, 1.0]], [[1260.8474446004698, 0.0, 807.968244525554], [0.0, 1260.8474446004698, 495.3344268742088], [0.0, 0.0, 1.0]], [[1256.7414812095406, 0.0, 792.1125740759628], [0.0, 1256.7414812095406, 492.7757465151356], [0.0, 0.0, 1.0]], [[809.2209905677063, 0.0, 829.2196003259838], [0.0, 809.2209905677063, 481.77842384512485], [0.0, 0.0, 1.0]], [[1259.5137405846733, 0.0, 807.2529053838625], [0.0, 1259.5137405846733, 501.19579884916527], [0.0, 0.0, 1.0]]], "extrinsics": [[[0.8177808523178101, -0.5733348727226257, -0.0502161979675293, -0.832763671875], [-0.05955762416124344, 0.0024799152743071318, -0.9982218146324158, 1.4987030029296875], [0.5724399089813232, 0.8193174004554749, -0.032118432223796844, -1.1895751953125], [0.0, 0.0, 0.0, 1.0]], [[0.0036061876453459263, -0.9999925494194031, 0.0013729485217481852, 0.0068359375], [-0.06484881788492203, -0.001603925134986639, -0.9978938698768616, 1.5119171142578125], [0.9978885650634766, 0.0035095526836812496, -0.06485411524772644, -1.559814453125], [0.0, 0.0, 0.0, 1.0]], [[-0.832973837852478, -0.5518065690994263, 0.040794551372528076, 0.9456787109375], [-0.0591905415058136, 0.015559966675937176, -0.9981253743171692, 1.4974517822265625], [0.550137460231781, -0.8338268995285034, -0.045622777193784714, -1.1905517578125], [0.0, 0.0, 0.0, 1.0]], [[0.9463867545127869, 0.3187151253223419, -0.05265643820166588, -1.141357421875], [-0.050558000802993774, -0.014859202317893505, -0.9986105561256409, 1.5884933471679688], [-0.3190547525882721, 0.9477341175079346, 0.0020510470494627953, -0.1041259765625], [0.0, 0.0, 0.0, 1.0]], [[0.00297337188385427, 0.999983012676239, -0.005013842601329088, 0.002593994140625], [-0.07594285160303116, -0.004773580934852362, -0.9971007704734802, 1.576385498046875], [-0.997107744216919, 0.003345504868775606, 0.07592736929655075, -0.037353515625], [0.0, 0.0, 0.0, 1.0]], [[-0.9332895278930664, 0.3563883900642395, 0.044249363243579865, 1.064697265625], [-0.04333395138382912, 0.010556481778621674, -0.9990048408508301, 1.5481414794921875], [-0.3565008342266083, -0.9342783093452454, 0.005591461900621653, -0.09027099609375], [0.0, 0.0, 0.0, 1.0]]], "view": [[0.0, -2.0, 100.0], [-2.0, 0.0, 100.0], [0.0, 0.0, 1.0]], "bev": "bev_79b462fd88744e23935127c974110bb4.png", "aux": "aux_79b462fd88744e23935127c974110bb4.npz", "visibility": "visibility_79b462fd88744e23935127c974110bb4.png", "pose": [[0.13779902458190918, -0.990460216999054, 0.0, 791.008544921875], [0.990460216999054, 0.13779902458190918, 0.0, 2384.754150390625], [0.0, 0.0, 1.0, 0.0], [0.0, 0.0, 0.0, 1.0]], "pose_inverse": [[0.13779902458190918, 0.990460216999054, 0.0, -2471.00439453125], [-0.990460216999054, 0.13779902458190918, 0.0, 454.845703125], [0.0, 0.0, 1.0, 0.0], [0.0, 0.0, 0.0, 1.0]], "cam_ids": [0, 1, 2, 3, 4, 5], "cam_channels": ["CAM_FRONT_LEFT", "CAM_FRONT", "CAM_FRONT_RIGHT", "CAM_BACK_LEFT", "CAM_BACK", "CAM_BACK_RIGHT"], "token": "79b462fd88744e23935127c974110bb4", "scene": "scene-1024"}, {"images": ["samples/CAM_FRONT_LEFT/n015-2018-11-14-19-09-14+0800__CAM_FRONT_LEFT__1542194205104993.jpg", "samples/CAM_FRONT/n015-2018-11-14-19-09-14+0800__CAM_FRONT__1542194205112460.jpg", "samples/CAM_FRONT_RIGHT/n015-2018-11-14-19-09-14+0800__CAM_FRONT_RIGHT__1542194205120339.jpg", "samples/CAM_BACK_LEFT/n015-2018-11-14-19-09-14+0800__CAM_BACK_LEFT__1542194205147423.jpg", "samples/CAM_BACK/n015-2018-11-14-19-09-14+0800__CAM_BACK__1542194205137525.jpg", "samples/CAM_BACK_RIGHT/n015-2018-11-14-19-09-14+0800__CAM_BACK_RIGHT__1542194205127893.jpg"], "intrinsics": [[[1272.5979470598488, 0.0, 826.6154927353808], [0.0, 1272.5979470598488, 479.75165386361925], [0.0, 0.0, 1.0]], [[1266.417203046554, 0.0, 816.2670197447984], [0.0, 1266.417203046554, 491.50706579294757], [0.0, 0.0, 1.0]], [[1260.8474446004698, 0.0, 807.968244525554], [0.0, 1260.8474446004698, 495.3344268742088], [0.0, 0.0, 1.0]], [[1256.7414812095406, 0.0, 792.1125740759628], [0.0, 1256.7414812095406, 492.7757465151356], [0.0, 0.0, 1.0]], [[809.2209905677063, 0.0, 829.2196003259838], [0.0, 809.2209905677063, 481.77842384512485], [0.0, 0.0, 1.0]], [[1259.5137405846733, 0.0, 807.2529053838625], [0.0, 1259.5137405846733, 501.19579884916527], [0.0, 0.0, 1.0]]], "extrinsics": [[[0.8177180886268616, -0.5733729600906372, -0.05079706758260727, -0.830810546875], [-0.060970522463321686, 0.0014751353301107883, -0.998138427734375, 1.4982757568359375], [0.572380542755127, 0.8192930817604065, -0.03375260531902313, -1.1875], [0.0, 0.0, 0.0, 1.0]], [[0.003716500476002693, -0.9999900460243225, 0.0024378534872084856, 0.00653076171875], [-0.06622032821178436, -0.0026786287780851126, -0.9978014826774597, 1.511627197265625], [0.997797966003418, 0.0035468926653265953, -0.06622962653636932, -1.55810546875], [0.0, 0.0, 0.0, 1.0]], [[-0.832801103591919, -0.5519359111785889, 0.04253168776631355, 0.946044921875], [-0.060522764921188354, 0.014411338604986668, -0.9980627298355103, 1.497314453125], [0.5502538084983826, -0.8337619304656982, -0.04540647193789482, -1.1905517578125], [0.0, 0.0, 0.0, 1.0]], [[0.9462916254997253, 0.3187367916107178, -0.05421077832579613, -1.139892578125], [-0.05173729360103607, -0.016227969899773598, -0.9985288381576538, 1.5884246826171875], [-0.31914758682250977, 0.9477043747901917, 0.001134186051785946, -0.1046142578125], [0.0, 0.0, 0.0, 1.0]], [[0.0027924561873078346, 0.9999762177467346, -0.00630043912678957, 0.0025634765625], [-0.0771617591381073, -0.00606621103361249, -0.9970001578330994, 1.576324462890625], [-0.9970147013664246