[{"images": ["samples/CAM_FRONT_LEFT/n015-2018-10-08-15-44-23+0800__CAM_FRONT_LEFT__1538984989854844.jpg", "samples/CAM_FRONT/n015-2018-10-08-15-44-23+0800__CAM_FRONT__1538984989862460.jpg", "samples/CAM_FRONT_RIGHT/n015-2018-10-08-15-44-23+0800__CAM_FRONT_RIGHT__1538984989870339.jpg", "samples/CAM_BACK_LEFT/n015-2018-10-08-15-44-23+0800__CAM_BACK_LEFT__1538984989897423.jpg", "samples/CAM_BACK/n015-2018-10-08-15-44-23+0800__CAM_BACK__1538984989887525.jpg", "samples/CAM_BACK_RIGHT/n015-2018-10-08-15-44-23+0800__CAM_BACK_RIGHT__1538984989877893.jpg"], "intrinsics": [[[1272.5979470598488, 0.0, 826.6154927353808], [0.0, 1272.5979470598488, 479.75165386361925], [0.0, 0.0, 1.0]], [[1266.417203046554, 0.0, 816.2670197447984], [0.0, 1266.417203046554, 491.50706579294757], [0.0, 0.0, 1.0]], [[1260.8474446004698, 0.0, 807.968244525554], [0.0, 1260.8474446004698, 495.3344268742088], [0.0, 0.0, 1.0]], [[1256.7414812095406, 0.0, 792.1125740759628], [0.0, 1256.7414812095406, 492.7757465151356], [0.0, 0.0, 1.0]], [[809.2209905677063, 0.0, 829.2196003259838], [0.0, 809.2209905677063, 481.77842384512485], [0.0, 0.0, 1.0]], [[1259.5137405846733, 0.0, 807.2529053838625], [0.0, 1259.5137405846733, 501.19579884916527], [0.0, 0.0, 1.0]]], "extrinsics": [[[0.8199653029441833, -0.5714504718780518, 0.033185411244630814, -0.7073974609375], [0.036817654967308044, -0.005203012377023697, -0.9993084669113159, 1.519815444946289], [0.5712279677391052, 0.820620059967041, 0.016773177310824394, -1.1009521484375], [0.0, 0.0, 0.0, 1.0]], [[0.005242500454187393, -0.9999409317970276, 0.009523562155663967, 0.00634765625], [0.03152716904878616, -0.00935368426144123, -0.9994591474533081, 1.5286636352539062], [0.9994891881942749, 0.005539929494261742, 0.03147626668214798, -1.4346084594726562], [0.0, 0.0, 0.0, 1.0]], [[-0.8321720361709595, -0.5533969402313232, -0.03523461893200874, 0.8660888671875], [0.03715674579143524, 0.007749272044748068, -0.9992793798446655, 1.511063575744629], [0.5532711744308472, -0.8328815698623657, 0.014113700948655605, -1.1383056640625], [0.0, 0.0, 0.0, 1.0]], [[0.9469141364097595, 0.3194916546344757, 0.0357595719397068, -1.141815185546875], [0.04546757787466049, -0.022976351901888847, -0.9987015128135681, 1.5885658264160156], [-0.31825515627861023, 0.9473105072975159, -0.03628314286470413, -0.103759765625], [0.0, 0.0, 0.0, 1.0]], [[0.0025595026090741158, 0.9999149441719055, -0.012793432921171188, 0.0029296875], [0.02023247443139553, -0.012842637486755848, -0.9997128248214722, 1.5808353424072266], [-0.9997920393943787, 0.002299955813214183, -0.02026362344622612, -0.0711822509765625], [0.0, 0.0, 0.0, 1.0]], [[-0.9336755275726318, 0.3548067808151245, -0.04860170558094978, 1.00189208984375], [0.05297847464680672, 0.0026251429226249456, -0.99859219789505, 1.5590760707855225], [-0.3541797995567322, -0.934935986995697, -0.02124815620481968, -0.114501953125], [0.0, 0.0, 0.0, 1.0]]], "view": [[0.0, -2.0, 100.0], [-2.0, 0.0, 100.0], [0.0, 0.0, 1.0]], "bev": "bev_fd0915986a6444ee8296894d2a307291.png", "aux": "aux_fd0915986a6444ee8296894d2a307291.npz", "visibility": "visibility_fd0915986a6444ee8296894d2a307291.png", "pose": [[-0.9229742884635925, -0.38486164808273315, 0.0, 583.384033203125], [0.38486164808273315, -0.9229742884635925, 0.0, 1668.712646484375], [0.0, 0.0, 1.0, 0.0], [0.0, 0.0, 0.0, 1.0]], "pose_inverse": [[-0.9229742884635925, 0.38486164808273315, 0.0, -103.77503204345703], [-0.38486164808273315, -0.9229742884635925, 0.0, 1764.700927734375], [0.0, 0.0, 1.0, 0.0], [0.0, 0.0, 0.0, 1.0]], "cam_ids": [0, 1, 2, 3, 4, 5], "cam_channels": ["CAM_FRONT_LEFT", "CAM_FRONT", "CAM_FRONT_RIGHT", "CAM_BACK_LEFT", "CAM_BACK", "CAM_BACK_RIGHT"], "token": "fd0915986a6444ee8296894d2a307291", "scene": "scene-0928"}, {"images": ["samples/CAM_FRONT_LEFT/n015-2018-10-08-15-44-23+0800__CAM_FRONT_LEFT__1538984990354844.jpg", "samples/CAM_FRONT/n015-2018-10-08-15-44-23+0800__CAM_FRONT__1538984990362460.jpg", "samples/CAM_FRONT_RIGHT/n015-2018-10-08-15-44-23+0800__CAM_FRONT_RIGHT__1538984990370339.jpg", "samples/CAM_BACK_LEFT/n015-2018-10-08-15-44-23+0800__CAM_BACK_LEFT__1538984990397423.jpg", "samples/CAM_BACK/n015-2018-10-08-15-44-23+0800__CAM_BACK__1538984990387525.jpg", "samples/CAM_BACK_RIGHT/n015-2018-10-08-15-44-23+0800__CAM_BACK_RIGHT__1538984990377893.jpg"], "intrinsics": [[[1272.5979470598488, 0.0, 826.6154927353808], [0.0, 1272.5979470598488, 479.75165386361925], [0.0, 0.0, 1.0]], [[1266.417203046554, 0.0, 816.2670197447984], [0.0, 1266.417203046554, 491.50706579294757], [0.0, 0.0, 1.0]], [[1260.8474446004698, 0.0, 807.968244525554], [0.0, 1260.8474446004698, 495.3344268742088], [0.0, 0.0, 1.0]], [[1256.7414812095406, 0.0, 792.1125740759628], [0.0, 1256.7414812095406, 492.7757465151356], [0.0, 0.0, 1.0]], [[809.2209905677063, 0.0, 829.2196003259838], [0.0, 809.2209905677063, 481.77842384512485], [0.0, 0.0, 1.0]], [[1259.5137405846733, 0.0, 807.2529053838625], [0.0, 1259.5137405846733, 501.19579884916527], [0.0, 0.0, 1.0]]], "extrinsics": [[[0.8197861909866333, -0.5719870328903198, 0.027954421937465668, -0.719970703125], [0.028995061293244362, -0.007294172421097755, -0.9995529055595398, 1.5168991088867188], [0.5719351768493652, 0.82023024559021, 0.01060513686388731, -1.1104736328125], [0.0, 0.0, 0.0, 1.0]], [[0.004719119984656572, -0.9999233484268188, 0.011446275748312473, 0.0072021484375], [0.023543428629636765, -0.011332130990922451, -0.9996585845947266, 1.5262908935546875], [0.9997116923332214, 0.004987006075680256, 0.02348814532160759, -1.44818115234375], [0.0, 0.0, 0.0, 1.0]], [[-0.8326917290687561, -0.5530568361282349, -0.027432166039943695, 0.8759765625], [0.029026350006461143, 0.005876666400581598, -0.9995613694190979, 1.5091052055358887], [0.5529754757881165, -0.8331227898597717, 0.01115977019071579, -1.143798828125], [0.0, 0.0, 0.0, 1.0]], [[0.9472339153289795, 0.31935882568359375, 0.02753274142742157, -1.14593505859375], [0.037277791649103165, -0.02444087713956833, -0.9990059733390808, 1.5884056091308594], [-0.31836849451065063, 0.9473186731338501, -0.0350562147796154, -0.1025390625], [0.0, 0.0, 0.0, 1.0]], [[0.0027167294174432755, 0.9998921751976013, -0.01443013921380043, 0.0028076171875], [0.01199437864124775, -0.014461737126111984, -0.9998235106468201, 1.5801582336425781], [-0.9999244213104248, 0.0025431052781641483, -0.012032374739646912, -0.06427764892578125], [0.0, 0.0, 0.0, 1.0]], [[-0.9339123368263245, 0.35507920384407043, -0.04154893010854721, 1.01031494140625], [0.04476821795105934, 0.0008514541550539434, -0.9989970326423645, 1.557478904724121], [-0.3546876609325409, -0.9348358511924744, -0.01669144816696644, -0.1107177734375], [0.0, 0.0, 0.0, 1.0]]], "view": [[0.0, -2.0, 100.0], [-2.0, 0.0, 100.0], [0.0, 0.0, 1.0]], "bev": "bev_fef6d087095b45879197b9a4d066e1c3.png", "aux": "aux_fef6d087095b45879197b9a4d066e1c3.npz", "visibility": "visibility_fef6d087095b45879197b9a4d066e1c3.png", "pose": [[-0.9272337555885315, -0.3744831085205078, 0.0, 580.0769653320312], [0.3744831085205078, -0.9272337555885315, 0.0, 1670.087158203125], [0.0, 0.0, 1.0, 0.0], [0.0, 0.0, 0.0, 1.0]], "pose_inverse": [[-0.9272337555885315, 0.3744831085205078, 0.0, -87.55249786376953], [-0.3744831085205078, -0.9272337555885315, 0.0, 1765.7901611328125], [0.0, 0.0, 1.0, 0.0], [0.0, 0.0, 0.0, 1.0]], "cam_ids": [0, 1, 2, 3, 4, 5], "cam_channels": ["CAM_FRONT_LEFT", "CAM_FRONT", "CAM_FRONT_RIGHT", "CAM_BACK_LEFT", "CAM_BACK", "CAM_BACK_RIGHT"], "token": "fef6d087095b45879197b9a4d066e1c3", "scene": "scene-0928"}, {"images": ["samples/CAM_FRONT_LEFT/n015-2018-10-08-15-44-23+0800__CAM_FRONT_LEFT__1538984990854844.jpg", "samples/CAM_FRONT/n015-2018-10-08-15-44-23+0800__CAM_FRONT__1538984990862460.jpg", "samples/CAM_FRONT_RIGHT/n015-2018-10-08-15-44-23+0800__CAM_FRONT_RIGHT__1538984990870339.jpg", "samples/CAM_BACK_LEFT/n015-2018-10-08-15-44-23+0800__CAM_BACK_LEFT__1538984990897423.jpg", "samples/CAM_BACK/n015-2018-10-08-15-44-23+0800__CAM_BACK__1538984990887525.jpg", "samples/CAM_BACK_RIGHT/n015-2018-10-08-15-44-23+0800__CAM_BACK_RIGHT__1538984990877893.jpg"], "intrinsics": [[[1272.5979470598488, 0.0, 826.6154927353808], [0.0, 1272.5979470598488, 479.75165386361925], [0.0, 0.0, 1.0]], [[1266.417203046554, 0.0, 816.2670197447984], [0.0, 1266.417203046554, 491.50706579294757], [0.0, 0.0, 1.0]], [[1260.8474446004698, 0.0, 807.968244525554], [0.0, 1260.8474446004698, 495.3344268742088], [0.0, 0.0, 1.0]], [[1256.7414812095406, 0.0, 792.1125740759628], [0.0, 1256.7414812095406, 492.7757465151356], [0.0, 0.0, 1.0]], [[809.2209905677063, 0.0, 829.2196003259838], [0.0, 809.2209905677063, 481.77842384512485], [0.0, 0.0, 1.0]], [[1259.5137405846733, 0.0, 807.2529053838625], [0.0, 1259.5137405846733, 501.19579884916527], [0.0, 0.0, 1.0]]], "extrinsics": [[[0.819713830947876, -0.572111964225769, 0.027514874935150146, -0.729736328125], [0.02868266962468624, -0.0069764358922839165, -0.9995642304420471, 1.5164690017700195], [0.5720545053482056, 0.8201457858085632, 0.010691016912460327, -1.1171875], [0.0, 0.0, 0.0, 1.0]], [[0.004595015663653612, -0.9999285340309143, 0.011032426729798317, 0.0067138671875], [0.02338387444615364, -0.01092208456248045, -0.9996669292449951, 1.5260391235351562], [0.9997159838676453, 0.004851487465202808, 0.023332014679908752, -1.4572601318359375], [0.0, 0.0, 0.0, 1.0]], [[-0.8327521681785583, -0.5529513359069824, -0.027724945917725563, 0.8807373046875], [0.029026595875620842, 0.006403339561074972, -0.9995580911636353, 1.5089302062988281], [0.5528845191001892, -0.8331888914108276, 0.010717901401221752, -1.14794921875], [0.0, 0.0, 0.0, 1.0]], [[0.9472208023071289, 0.3193378746509552, 0.028215883299708366, -1.14349365234375], [0.03775094449520111, -0.023707324638962746, -0.999005913734436, 1.5885009765625], [-0.31835150718688965, 0.9473443031311035, -0.03451137617230415, -0.1031494140625], [0.0, 0.0, 0.0, 1.0]], [[0.0027598715387284756, 0.9999021291732788, -0.01371422503143549, 0.0029296875], [0.012320620939135551, -0.01374723669141531, -0.9998295903205872, 1.580169677734375], [-0.9999203085899353, 0.0025904220528900623, -0.012357356958091259, -0.06378936767578125], [0.0, 0.0, 0.0, 1.0]], [[-0.9338772892951965, 0.3551822900772095, -0.04145806282758713, 1.0137939453125], [0.04491479694843292, 0.0014886031858623028, -0.9989897608757019, 1.5573372840881348], [-0.3547617793083191, -0.9347958564758301, -0.01734311506152153, -0.10986328125], [0.0, 0.0, 0.0, 1.0]]], "view": [[0.0, -2.0, 100.0], [-2.0, 0.0, 100.0], [0.0, 0.0, 1.0]], "bev": "bev_9c936be8473c4964bef7044fe6608946.png", "aux": "aux_9c936be8473c4964bef7044fe6608946.npz", "visibility": "visibility_9c936be8473c4964bef7044fe6608946.png", "pose": [[-0.9315144419670105, -0.3637043535709381, 0.0, 576.8948974609375], [0.3637043535709381, -0.9315144419670105, 0.0, 1671.3787841796875], [0.0, 0.0, 1.0, 0.0], [0.0, 0.0, 0.0, 1.0]], "pose_inverse": [[-0.9315144419670105, 0.3637043535709381, 0.0, -70.5018310546875], [-0.3637043535709381, -0.9315144419670105, 0.0, 1766.732666015625], [0.0, 0.0, 1.0, 0.0], [0.0, 0.0, 0.0, 1.0]], "cam_ids": [0, 1, 2, 3, 4, 5], "cam_channels": ["CAM_FRONT_LEFT", "CAM_FRONT", "CAM_FRONT_RIGHT", "CAM_BACK_LEFT", "CAM_BACK", "CAM_BACK_RIGHT"], "token": "9c936be8473c4964bef7044fe6608946", "scene": "scene-0928"}, {"images": ["samples/CAM_FRONT_LEFT/n015-2018-10-08-15-44-23+0800__CAM_FRONT_LEFT__1538984991354844.jpg", "samples/CAM_FRONT/n015-2018-10-08-15-44-23+0800__CAM_FRONT__1538984991362460.jpg", "samples/CAM_FRONT_RIGHT/n015-2018-10-08-15-44-23+0800__CAM_FRONT_RIGHT__1538984991370339.jpg", "samples/CAM_BACK_LEFT/n015-2018-10-08-15-44-23+0800__CAM_BACK_LEFT__1538984991397423.jpg", "samples/CAM_BACK/n015-2018-10-08-15-44-23+0800__CAM_BACK__1538984991387525.jpg", "samples/CAM_BACK_RIGHT/n015-2018-10-08-15-44-23+0800__CAM_BACK_RIGHT__1538984991377893.jpg"], "intrinsics": [[[1272.5979470598488, 0.0, 826.6154927353808], [0.0, 1272.5979470598488, 479.75165386361925], [0.0, 0.0, 1.0]], [[1266.417203046554, 0.0, 816.2670197447984], [0.0, 1266.417203046554, 491.50706579294757], [0.0, 0.0, 1.0]], [[1260.8474446004698, 0.0, 807.968244525554], [0.0, 1260.8474446004698, 495.3344268742088], [0.0, 0.0, 1.0]], [[1256.7414812095406, 0.0, 792.1125740759628], [0.0, 1256.7414812095406, 492.7757465151356], [0.0, 0.0, 1.0]], [[809.2209905677063, 0.0, 829.2196003259838], [0.0, 809.2209905677063, 481.77842384512485], [0.0, 0.0, 1.0]], [[1259.5137405846733, 0.0, 807.2529053838625], [0.0, 1259.5137405846733, 501.19579884916527], [0.0, 0.0, 1.0]]], "extrinsics": [[[0.8199923038482666, -0.5716699957847595, 0.028387920930981636, -0.7396240234375], [0.028620146214962006, -0.008583523333072662, -0.9995535016059875, 1.516087532043457], [0.5716583728790283, 0.8204387426376343, 0.00932285375893116, -1.12548828125], [0.0, 0.0, 0.0, 1.0]], [[0.0048676300793886185, -0.9999073147773743, 0.012713734060525894, 0.0074462890625], [0.023332925513386726, -0.0125968549400568, -0.99964839220047, 1.5257740020751953], [0.9997158646583557, 0.00516259903088212, 0.023269444704055786, -1.4685516357421875], [0.0, 0.0, 0.0, 1.0]], [[-0.8327232003211975, -0.5530428290367126, -0.026751808822155, 0.8892822265625], [0.029003288596868515, 0.004680558107793331, -0.9995683431625366, 1.508638858795166], [0.5529293417930603, -0.8331397175788879, 0.012142454273998737, -1.1524658203125], [0.0, 0.0, 0.0, 1.0]], [[0.947223424911499, 0.31937670707702637, 0.027681374922394753, -1.14422607421875], [0.037752751260995865, -0.025385629385709763, -0.9989645481109619, 1.5884742736816406], [-0.31834331154823303, 0.9472877383232117, -0.03610321134328842, -0.1029052734375], [0.0, 0.0, 0.0, 1.0]], [[0.002786549972370267, 0.9998767971992493, -0.015449341386556625, 0.0025634765625], [0.01231711357831955, -0.015482548624277115, -0.9998043179512024, 1.5801200866699219], [-0.9999202489852905, 0.002595675177872181, -0.012358739040791988, -0.0595703125], [0.0, 0.0, 0.0, 1.0]], [[-0.9338623285293579, 0.35514989495277405, -0.042067356407642365, 1.020751953125], [0.044902253895998, -0.00026016865740530193, -0.9989913702011108, 1.5569908618927002], [-0.3548027276992798, -0.9348093867301941, -0.015704073011875153, -0.106689453125], [0.0, 0.0, 0.0, 1.0]]], "view": [[0.0, -2.0, 100.0], [-2.0, 0.0, 100.0], [0.0, 0.0, 1.0]], "bev": "bev_89cf671dfd6843fca98f6a12a6f03cc3.png", "aux": "aux_89cf671dfd6843fca98f6a12a6f03cc3.npz", "visibility": "visibility_89cf671dfd6843fca98f6a12a6f03cc3.png", "pose": [[-0.935555100440979, -0.35318073630332947, 0.0, 573.8446044921875], [0.35318073630332947, -0.935555100440979, 0.0, 1672.565673828125], [0.0, 0.0, 1.0, 0.0], [0.0, 0.0, 0.0, 1.0]], "pose_inverse": [[-0.935555100440979, 0.35318073630332947, 0.0, -53.8547248840332], [-0.35318073630332947, -0.935555100440979, 0.0, 1767.4482421875], [0.0, 0.0, 1.0, 0.0], [0.0, 0.0, 0.0, 1.0]], "cam_ids": [0, 1, 2, 3, 4, 5], "cam_channels": ["CAM_FRONT_LEFT", "CAM_FRONT", "CAM_FRONT_RIGHT", "CAM_BACK_LEFT", "CAM_BACK", "CAM_BACK_RIGHT"], "token": "89cf671dfd6843fca98f6a12a6f03cc3", "scene": "scene-0928"}, {"images": ["samples/CAM_FRONT_LEFT/n015-2018-10-08-15-44-23+0800__CAM_FRONT_LEFT__1538984991854844.jpg", "samples/CAM_FRONT/n015-2018-10-08-15-44-23+0800__CAM_FRONT__1538984991862460.jpg", "samples/CAM_FRONT_RIGHT/n015-2018-10-08-15-44-23+0800__CAM_FRONT_RIGHT__1538984991870339.jpg", "samples/CAM_BACK_LEFT/n015-2018-10-08-15-44-23+0800__CAM_BACK_LEFT__1538984991897423.jpg", "samples/CAM_BACK/n015-2018-10-08-15-44-23+0800__CAM_BACK__1538984991887525.jpg", "samples/CAM_BACK_RIGHT/n015-2018-10-08-15-44-23+0800__CAM_BACK_RIGHT__1538984991877893.jpg"], "intrinsics": [[[1272.5979470598488, 0.0, 826.6154927353808], [0.0, 1272.5979470598488, 479.75165386361925], [0.0, 0.0, 1.0]], [[1266.417203046554, 0.0, 816.2670197447984], [0.0, 1266.417203046554, 491.50706579294757], [0.0, 0.0, 1.0]], [[1260.8474446004698, 0.0, 807.968244525554], [0.0, 1260.8474446004698, 495.3344268742088], [0.0, 0.0, 1.0]], [[1256.7414812095406, 0.0, 792.1125740759628], [0.0, 1256.7414812095406, 492.7757465151356], [0.0, 0.0, 1.0]], [[809.2209905677063, 0.0, 829.2196003259838], [0.0, 809.2209905677063, 481.77842384512485], [0.0, 0.0, 1.0]], [[1259.5137405846733, 0.0, 807.2529053838625], [0.0, 1259.5137405846733, 501.19579884916527], [0.0, 0.0, 1.0]]], "extrinsics": [[[0.8201195597648621, -0.5716267824172974, 0.0254328865557909, -0.7357177734375], [0.027095509693026543, -0.005600852891802788, -0.9996171593666077, 1.5158071517944336], [0.5715504288673401, 0.8204946517944336, 0.01089514885097742, -1.1219482421875], [0.0, 0.0, 0.0, 1.0]], [[0.005071604158729315, -0.9999398589134216, 0.009724288247525692, 0.0068359375], [0.021767722442746162, -0.00961171556264162, -0.9997168779373169, 1.5255317687988281], [0.9997501373291016, 0.005281815305352211, 0.02171766385436058, -1.462991714477539], [0.0, 0.0, 0.0, 1.0]], [[-0.8326435685157776, -0.5531488656997681, -0.027037039399147034, 0.884033203125], [0.027387572452425957, 0.007632705383002758, -0.9995957016944885, 1.508523941040039], [0.553131639957428, -0.8330474495887756, 0.008794080466032028, -1.14990234375], [0.0, 0.0, 0.0, 1.0]], [[0.9472811818122864, 0.3192691206932068, 0.02693726308643818, -1.13818359375], [0.03600968420505524, -0.02254636399447918, -0.9990970492362976, 1.5887107849121094], [-0.31837353110313416, 0.9473958611488342, -0.03285452723503113, -0.105224609375], [0.0, 0.0, 0.0, 1.0]], [[0.0026837079785764217, 0.9999171495437622, -0.012592935934662819, 0.0030517578125], [0.010622777976095676, -0.012620777823030949, -0.9998639225959778, 1.5800800323486328], [-0.9999399185180664, 0.002549585420638323, -0.01065576821565628, -0.06590652465820312], [0.0, 0.0, 0.0, 1.0]], [[-0.9339987635612488, 0.3550861179828644, -0.03949858248233795, 1.015380859375], [0.04325782135128975, 0.0026508565060794353, -0.9990604519844055, 1.5570552349090576], [-0.35464778542518616, -0.9348298907279968, -0.017836151644587517, -0.1094970703125], [0.0, 0.0, 0.0, 1.0]]], "view": [[0.0, -2.0, 100.0], [-2.0, 0.0, 100.0], [0.0, 0.0, 1.0]], "bev": "bev_44bce708f85047cf92b4f2f43fb5a146.png", "aux": "aux_44bce708f85047cf92b4f2f43fb5a146.npz", "visibility": "visibility_44bce708f85047cf92b4f2f43fb5a146.png", "pose": [[-0.9392327666282654, -0.3432810306549072, 0.0, 570.8358764648438], [0.3432810306549072, -0.9392327666282654, 0.0, 1673.6978759765625], [0.0, 0.0, 1.0, 0.0], [0.0, 0.0, 0.0, 1.0]], "pose_inverse": [[-0.9392327666282654, 0.3432810306549072, 0.0, -38.40097427368164], [-0.3432810306549072, -0.9392327666282654, 0.0, 1767.948974609375], [0.0, 0.0, 1.0, 0.0], [0.0, 0.0, 0.0, 1.0]], "cam_ids": [0, 1, 2, 3, 4, 5], "cam_channels": ["CAM_FRONT_LEFT", "CAM_FRONT", "CAM_FRONT_RIGHT", "CAM_BACK_LEFT", "CAM_BACK", "CAM_BACK_RIGHT"], "token": "44bce708f85047cf92b4f2f43fb5a146", "scene": "scene-0928"}, {"images": ["samples/CAM_FRONT_LEFT/n015-2018-10-08-15-44-23+0800__CAM_FRONT_LEFT__1538984992354844.jpg", "samples/CAM_FRONT/n015-2018-10-08-15-44-23+0800__CAM_FRONT__1538984992362460.jpg", "samples/CAM_FRONT_RIGHT/n015-2018-10-08-15-44-23+0800__CAM_FRONT_RIGHT__1538984992370339.jpg", "samples/CAM_BACK_LEFT/n015-2018-10-08-15-44-23+0800__CAM_BACK_LEFT__1538984992397423.jpg", "samples/CAM_BACK/n015-2018-10-08-15-44-23+0800__CAM_BACK__1538984992387525.jpg", "samples/CAM_BACK_RIGHT/n015-2018-10-08-15-44-23+0800__CAM_BACK_RIGHT__1538984992377900.jpg"], "intrinsics": [[[1272.5979470598488, 0.0, 826.6154927353808], [0.0, 1272.5979470598488, 479.75165386361925], [0.0, 0.0, 1.0]], [[1266.417203046554, 0.0, 816.2670197447984], [0.0, 1266.417203046554, 491.50706579294757], [0.0, 0.0, 1.0]], [[1260.8474446004698, 0.0, 807.968244525554], [0.0, 1260.8474446004698, 495.3344268742088], [0.0, 0.0, 1.0]], [[1256.7414812095406, 0.0, 792.1125740759628], [0.0, 1256.7414812095406, 492.7757465151356], [0.0, 0.0, 1.0]], [[809.2209905677063, 0.0, 829.2196003259838], [0.0, 809.2209905677063, 481.77842384512485], [0.0, 0.0, 1.0]], [[1259.5137405846733, 0.0, 807.2529053838625], [0.0, 1259.5137405846733, 501.19579884916527], [0.0, 0.0, 1.0]]], "extrinsics": [[[0.8198369741439819, -0.572205126285553, 0.021183393895626068, -0.7342529296875], [0.025376001372933388, -0.0006507887155748904, -0.9996777772903442, 1.5153648853302002], [0.572034478187561, 0.8201103210449219, 0.013986736536026001, -1.120849609375], [0.0, 0.0, 0.0, 1.0]], [[0.004592625889927149, -0.9999780654907227, 0.004759660921990871, 0.0069580078125], [0.020045366138219833, -0.004666693974286318, -0.999788224697113, 1.5251755714416504], [0.9997884631156921, 0.004687069915235043, 0.020023493096232414, -1.4609975814819336], [0.0, 0.0, 0.0, 1.0]], [[-0.8329225182533264, -0.552665114402771, -0.02830689772963524, 0.88214111328125], [0.02561657689511776, 0.012591239996254444, -0.9995925426483154, 1.5082645416259766], [0.5527963638305664, -0.833308219909668, 0.0036698610056191683, -1.1484375], [0.0, 0.0, 0.0, 1.0]], [[0.9473357200622559, 0.31912514567375183, 0.026722874492406845, -1.13885498046875], [0.03410148248076439, -0.017555320635437965, -0.9992641806602478, 1.5886726379394531], [-0.3184211850166321, 0.9475499391555786, -0.027513425797224045, -0.104736328125], [0.0, 0.0, 0.0, 1.0]], [[0.002825965406373143, 0.9999672770500183, -0.007580549456179142, 0.0028076171875], [0.008759194985032082, -0.00760504137724638, -0.9999327063560486, 1.5799589157104492], [-0.9999576210975647, 0.0027593551203608513, -0.008780397474765778, -0.06645011901855469], [0.0, 0.0, 0.0, 1.0]], [[-0.933957040309906, 0.35556480288505554, -0.03602476045489311, 1.0133056640625], [0.04144461452960968, 0.007634986191987991, -0.9991115927696228, 1.5568952560424805], [-0.3549739420413971, -0.9346204400062561, -0.021866997703909874, -0.1097412109375], [0.0, 0.0, 0.0, 1.0]]], "view": [[0.0, -2.0, 100.0], [-2.0, 0.0, 100.0], [0.0, 0.0, 1.0]], "bev": "bev_bd2e11f548474f67be4d4c033714d68b.png", "aux": "aux_bd2e11f548474f67be4d4c033714d68b.npz", "visibility": "visibility_bd2e11f548474f67be4d4c033714d68b.png", "pose": [[-0.9436307549476624, -0.3310000002384186, 0.0, 567.8048706054688], [0.3310000002384186, -0.9436307549476624, 0.0, 1674.797607421875], [0.0, 0.0, 1.0, 0.0], [0.0, 0.0, 0.0, 1.0]], "pose_inverse": [[-0.9436307549476624, 0.3310000002384186, 0.0, -18.559886932373047], [-0.3310000002384186, -0.9436307549476624, 0.0, 1768.333984375], [0.0, 0.0, 1.0, 0.0], [0.0, 0.0, 0.0, 1.0]], "cam_ids": [0, 1, 2, 3, 4, 5], "cam_channels": ["CAM_FRONT_LEFT", "CAM_FRONT", "CAM_FRONT_RIGHT", "CAM_BACK_LEFT", "CAM_BACK", "CAM_BACK_RIGHT"], "token": "bd2e11f548474f67be4d4c033714d68b", "scene": "scene-0928"}, {"images": ["samples/CAM_FRONT_LEFT/n015-2018-10-08-15-44-23+0800__CAM_FRONT_LEFT__1538984992854844.jpg", "samples/CAM_FRONT/n015-2018-10-08-15-44-23+0800__CAM_FRONT__1538984992862460.jpg", "samples/CAM_FRONT_RIGHT/n015-2018-10-08-15-44-23+0800__CAM_FRONT_RIGHT__1538984992870339.jpg", "samples/CAM_BACK_LEFT/n015-2018-10-08-15-44-23+0800__CAM_BACK_LEFT__1538984992897423.jpg", "samples/CAM_BACK/n015-2018-10-08-15-44-23+0800__CAM_BACK__1538984992887525.jpg", "samples/CAM_BACK_RIGHT/n015-2018-10-08-15-44-23+0800__CAM_BACK_RIGHT__1538984992877893.jpg"], "intrinsics": [[[1272.5979470598488, 0.0, 826.6154927353808], [0.0, 1272.5979470598488, 479.75165386361925], [0.0, 0.0, 1.0]], [[1266.417203046554, 0.0, 816.2670197447984], [0.0, 1266.417203046554, 491.50706579294757], [0.0, 0.0, 1.0]], [[1260.8474446004698, 0.0, 807.968244525554], [0.0, 1260.8474446004698, 495.3344268742088], [0.0, 0.0, 1.0]], [[1256.7414812095406, 0.0, 792.1125740759628], [0.0, 1256.7414812095406, 492.7757465151356], [0.0, 0.0, 1.0]], [[809.2209905677063, 0.0, 829.2196003259838], [0.0, 809.2209905677063, 481.77842384512485], [0.0, 0.0, 1.0]], [[1259.5137405846733, 0.0, 807.2529053838625], [0.0, 1259.5137405846733, 501.19579884916527], [0.0, 0.0, 1.0]]], "extrinsics": [[[0.8197422623634338, -0.5724138021469116, 0.0191063079982996, -0.73736572265625], [0.024874534457921982, 0.002254239981994033, -0.9996880292892456, 1.515160322189331], [0.5721921324729919, 0.8199617862701416, 0.01608642004430294, -1.1209716796875], [0.0, 0.0, 0.0, 1.0]], [[0.004520799499005079, -0.9999877214431763, 0.0020309893880039454, 0.005859375], [0.019453808665275574, -0.0019426783546805382, -0.9998089075088501, 1.524969220161438], [0.9998005628585815, 0.00455949641764164, 0.01944478414952755, -1.4644145965576172], [0.0, 0.0, 0.0, 1.0]], [[-0.8329210877418518, -0.552625298500061, -0.029115872457623482, 0.8853759765625], [0.0249360129237175, 0.01508033275604248, -0.9995752573013306, 1.508047103881836], [0.5528296232223511, -0.8332933783531189, 0.0012195456074550748, -1.1507568359375], [0.0, 0.0, 0.0, 1.0]], [[0.9473699331283569, 0.31908828020095825, 0.02593892626464367, -1.14300537109375], [0.03280729427933693, -0.01616816595196724, -0.9993308782577515, 1.5885238647460938], [-0.31845536828041077, 0.9475870728492737, -0.0257856585085392, -0.1033935546875], [0.0, 0.0, 0.0, 1.0]], [[0.002777191111817956, 0.999979555606842, -0.0057600815780460835, 0.0028076171875], [0.007710684556514025, -0.005781346000730991, -0.99995356798172, 1.5798521041870117], [-0.9999664425849915, 0.002732636174187064, -0.00772658409550786, -0.062059879302978516], [0.0, 0.0, 0.0, 1.0]], [[-0.9340105652809143, 0.35557934641838074, -0.03446218743920326, 1.017333984375], [0.04061422497034073, 0.009848803281784058, -0.9991263747215271, 1.5566082000732422], [-0.3549293279647827, -0.9345942735671997, -0.02364046312868595, -0.1082763671875], [0.0, 0.0, 0.0, 1.0]]], "view": [[0.0, -2.0, 100.0], [-2.0, 0.0, 100.0], [0.0, 0.0, 1.0]], "bev": "bev_414da2e2daf840eb9b248cfe923eb61d.png", "aux": "aux_414da2e2daf840eb9b248cfe923eb61d.npz", "visibility": "visibility_414da2e2daf840eb9b248cfe923eb61d.png", "pose": [[-0.9476274847984314, -0.3193777799606323, 0.0, 564.7329711914062], [0.3193777799606323, -0.9476274847984314, 0.0, 1675.859619140625], [0.0, 0.0, 1.0, 0.0], [0.0, 0.0, 0.0, 1.0]], "pose_inverse": [[-0.9476274847984314, 0.3193777799606323, 0.0, -0.07586567848920822], [-0.3193777799606323, -0.9476274847984314, 0.0, 1768.4537353515625], [0.0, 0.0, 1.0, 0.0], [0.0, 0.0, 0.0, 1.0]], "cam_ids": [0, 1, 2, 3, 4, 5], "cam_channels": ["CAM_FRONT_LEFT", "CAM_FRONT", "CAM_FRONT_RIGHT", "CAM_BACK_LEFT", "CAM_BACK", "CAM_BACK_RIGHT"], "token": "414da2e2daf840eb9b248cfe923eb61d", "scene": "scene-0928"}, {"images": ["samples/CAM_FRONT_LEFT/n015-2018-10-08-15-44-23+0800__CAM_FRONT_LEFT__1538984993354844.jpg", "samples/CAM_FRONT/n015-2018-10-08-15-44-23+0800__CAM_FRONT__1538984993362460.jpg", "samples/CAM_FRONT_RIGHT/n015-2018-10-08-15-44-23+0800__CAM_FRONT_RIGHT__1538984993370339.jpg", "samples/CAM_BACK_LEFT/n015-2018-10-08-15-44-23+0800__CAM_BACK_LEFT__1538984993397423.jpg", "samples/CAM_BACK/n015-2018-10-08-15-44-23+0800__CAM_BACK__1538984993387525.jpg", "samples/CAM_BACK_RIGHT/n015-2018-10-08-15-44-23+0800__CAM_BACK_RIGHT__1538984993377893.jpg"], "intrinsics": [[[1272.5979470598488, 0.0, 826.6154927353808], [0.0, 1272.5979470598488, 479.75165386361925], [0.0, 0.0, 1.0]], [[1266.417203046554, 0.0, 816.2670197447984], [0.0, 1266.417203046554, 491.50706579294757], [0.0, 0.0, 1.0]], [[1260.8474446004698, 0.0, 807.968244525554], [0.0, 1260.8474446004698, 495.3344268742088], [0.0, 0.0, 1.0]], [[1256.7414812095406, 0.0, 792.1125740759628], [0.0, 1256.7414812095406, 492.7757465151356], [0.0, 0.0, 1.0]], [[809.2209905677063, 0.0, 829.2196003259838], [0.0, 809.2209905677063, 481.77842384512485], [0.0, 0.0, 1.0]], [[1259.5137405846733, 0.0, 807.2529053838625], [0.0, 1259.5137405846733, 501.19579884916527], [0.0, 0.0, 1.0]]], "extrinsics": [[[0.820502519607544, -0.5714305639266968, 0.015579106286168098, -0.73529052734375], [0.013876714743673801, -0.007334764115512371, -0.9998767971992493, 1.512131690979004], [0.5714744329452515, 0.8206176161766052, 0.0019113881280645728, -1.1214599609375], [0.0, 0.0, 0.0, 1.0]], [[0.005337189417332411, -0.9999213814735413, 0.01134396530687809, 0.0069580078125], [0.008965385146439075, -0.011295824311673641, -0.9998959898948669, 1.5225982666015625], [0.9999456405639648, 0.005438354332000017, 0.008904391899704933, -1.4629936218261719], [0.0, 0.0, 0.0, 1.0]], [[-0.8328740000724792, -0.5532366037368774, -0.015815166756510735, 0.88458251953125], [0.01497531309723854, 0.00603820476680994, -0.9998696446418762, 1.5063018798828125], [0.5532599091529846, -0.8330022692680359, 0.003255827585235238, -1.14990234375], [0.0, 0.0, 0.0, 1.0]], [[0.9475734233856201, 0.31913915276527405, 0.015961812809109688, -1.14044189453125], [0.024885006248950958, -0.02390199713408947, -0.9994044899940491, 1.5885963439941406], [-0.31856757402420044, 0.9474063515663147, -0.03059067763388157, -0.1041259765625], [0.0, 0.0, 0.0, 1.0]], [[0.002613385673612356, 0.999897301197052, -0.014092865400016308, 0.002685546875], [-0.000930317270103842, -0.014090476557612419, -0.9999002814292908, 1.5792980194091797], [-0.9999961256980896, 0.0026262353640049696, 0.0008933971403166652, -0.06415462493896484], [0.0, 0.0, 0.0, 1.0]], [[-0.9344072937965393, 0.355039119720459, -0.028813596814870834, 1.01605224609375], [0.031244581565260887, 0.0011143875308334827, -0.999511182308197, 1.5554587841033936], [-0.3548334538936615, -0.9348508715629578, -0.012134339660406113, -0.108642578125], [0.0, 0.0, 0.0, 1.0]]], "view": [[0.0, -2.0, 100.0], [-2.0, 0.0, 100.0], [0.0, 0.0, 1.0]], "bev": "bev_c507bbfdc8e7475098eb217530a23559.png", "aux": "aux_c507bbfdc8e7475098eb217530a23559.npz", "visibility": "visibility_c507bbfdc8e7475098eb217530a23559.png", "pose": [[-0.950167179107666, -0.3117408752441406, 0.0, 561.6261596679688], [0.3117408752441406, -0.950167179107666, 0.0, 1676.9013671875], [0.0, 0.0, 1.0, 0.0], [0.0, 0.0, 0.0, 1.0]], "pose_inverse": [[-0.950167179107666, 0.3117408752441406, 0.0, 10.88003921508789], [-0.3117408752441406, -0.950167179107666, 0.0, 1768.41845703125], [0.0, 0.0, 1.0, 0.0], [0.0, 0.0, 0.0, 1.0]], "cam_ids": [0, 1, 2, 3, 4, 5], "cam_channels": ["CAM_FRONT_LEFT", "CAM_FRONT", "CAM_FRONT_RIGHT", "CAM_BACK_LEFT", "CAM_BACK", "CAM_BACK_RIGHT"], "token": "c507bbfdc8e7475098eb217530a23559", "scene": "scene-0928"}, {"images": ["samples/CAM_FRONT_LEFT/n015-2018-10-08-15-44-23+0800__CAM_FRONT_LEFT__1538984993854844.jpg", "samples/CAM_FRONT/n015-2018-10-08-15-44-23+0800__CAM_FRONT__1538984993862460.jpg", "samples/CAM_FRONT_RIGHT/n015-2018-10-08-15-44-23+0800__CAM_FRONT_RIGHT__1538984993870339.jpg", "samples/CAM_BACK_LEFT/n015-2018-10-08-15-44-23+0800__CAM_BACK_LEFT__1538984993897423.jpg", "samples/CAM_BACK/n015-2018-10-08-15-44-23+0800__CAM_BACK__1538984993887525.jpg", "samples/CAM_BACK_RIGHT/n015-2018-10-08-15-44-23+0800__CAM_BACK_RIGHT__1538984993877893.jpg"], "intrinsics": [[[1272.5979470598488, 0.0, 826.6154927353808], [0.0, 1272.5979470598488, 479.75165386361925], [0.0, 0.0, 1.0]], [[1266.417203046554, 0.0, 816.2670197447984], [0.0, 1266.417203046554, 491.50706579294757], [0.0, 0.0, 1.0]], [[1260.8474446004698, 0.0, 807.968244525554], [0.0, 1260.8474446004698, 495.3344268742088], [0.0, 0.0, 1.0]], [[1256.7414812095406, 0.0, 792.1125740759628], [0.0, 1256.7414812095406, 492.7757465151356], [0.0, 0.0, 1.0]], [[809.2209905677063, 0.0, 829.2196003259838], [0.0, 809.2209905677063, 481.77842384512485], [0.0, 0.0, 1.0]], [[1259.5137405846733, 0.0, 807.2529053838625], [0.0, 1259.5137405846733, 501.19579884916527], [0.0, 0.0, 1.0]]], "extrinsics": [[[0.820247232913971, -0.5717907547950745, 0.0158065278083086, -0.740234375], [0.018946483731269836, -0.00045976025285199285, -0.9998204112052917, 1.5134057998657227], [0.5716952681541443, 0.8203994035720825, 0.010456306859850883, -1.1268310546875], [0.0, 0.0, 0.0, 1.0]], [[0.005177015904337168, -0.9999768137931824, 0.004420214798301458, 0.008544921875], [0.013488227501511574, -0.004350042901933193, -0.9998996257781982, 1.5235533714294434], [0.9998956322669983, 0.005236146505922079, 0.013465396128594875, -1.4691524505615234], [0.0, 0.0, 0.0, 1.0]], [[-0.8327605724334717, -0.5531539916992188, -0.023033708333969116, 0.88970947265625], [0.018959570676088333, 0.013086434453725815, -0.9997345805168152, 1.5068912506103516], [0.5533085465431213, -0.8329762816429138, -0.0004103057144675404, -1.1514892578125], [0.0, 0.0, 0.0, 1.0]], [[0.9475182294845581, 0.31905412673950195, 0.02033720351755619, -1.1412353515625], [0.026977187022566795, -0.016405723989009857, -0.9995013475418091, 1.5885848999023438], [-0.3185614347457886, 0.9475945234298706, -0.024151906371116638, -0.1041259765625], [0.0, 0.0, 0.0, 1.0]], [[0.0025501500349491835, 0.9999743700027466, -0.0066972109489142895, 0.002197265625], [0.0018202030332759023, -0.006701862905174494, -0.9999759197235107, 1.5794801712036133], [-0.9999951124191284, 0.0025379066355526447, -0.0018372468184679747, -0.06169700622558594], [0.0, 0.0, 0.0, 1.0]], [[-0.934354305267334, 0.35512515902519226, -0.029465334489941597, 1.0194091796875], [0.03467484191060066, 0.008312519639730453, -0.9993640780448914, 1.5557527542114258], [-0.3546544313430786, -0.9347817897796631, -0.020080747082829475, -0.1063232421875], [0.0, 0.0, 0.0, 1.0]]], "view": [[0.0, -2.0, 100.0], [-2.0, 0.0, 100.0], [0.0, 0.0, 1.0]], "bev": "bev_4e411cdc3be44903b2d95653ae481354.png", "aux": "aux_4e411cdc3be44903b2d95653ae481354.npz", "visibility": "visibility_4e411cdc3be44903b2d95653ae481354.png", "pose": [[-0.9524126052856445, -0.30481183528900146, 0.0, 558.5557861328125], [0.30481183528900146, -0.9524126052856445, 0.0, 1677.9237060546875], [0.0, 0.0, 1.0, 0.0], [0.0, 0.0, 0.0, 1.0]], "pose_inverse": [[-0.9524126052856445, 0.30481183528900146, 0.0, 20.52454948425293], [-0.30481183528900146, -0.9524126052856445, 0.0, 1768.330078125], [0.0, 0.0, 1.0, 0.0], [0.0, 0.0, 0.0, 1.0]], "cam_ids": [0, 1, 2, 3, 4, 5], "cam_channels": ["CAM_FRONT_LEFT", "CAM_FRONT", "CAM_FRONT_RIGHT", "CAM_BACK_LEFT", "CAM_BACK", "CAM_BACK_RIGHT"], "token": "4e411cdc3be44903b2d95653ae481354", "scene": "scene-0928"}, {"images": ["samples/CAM_FRONT_LEFT/n015-2018-10-08-15-44-23+0800__CAM_FRONT_LEFT__1538984994354844.jpg", "samples/CAM_FRONT/n015-2018-10-08-15-44-23+0800__CAM_FRONT__1538984994362460.jpg", "samples/CAM_FRONT_RIGHT/n015-2018-10-08-15-44-23+0800__CAM_FRONT_RIGHT__1538984994370339.jpg", "samples/CAM_BACK_LEFT/n015-2018-10-08-15-44-23+0800__CAM_BACK_LEFT__1538984994397423.jpg", "samples/CAM_BACK/n015-2018-10-08-15-44-23+0800__CAM_BACK__1538984994387525.jpg", "samples/CAM_BACK_RIGHT/n015-2018-10-08-15-44-23+0800__CAM_BACK_RIGHT__1538984994377893.jpg"], "intrinsics": [[[1272.5979470598488, 0.0, 826.6154927353808], [0.0, 1272.5979470598488, 479.75165386361925], [0.0, 0.0, 1.0]], [[1266.417203046554, 0.0, 816.2670197447984], [0.0, 1266.417203046554, 491.50706579294757], [0.0, 0.0, 1.0]], [[1260.8474446004698, 0.0, 807.968244525554], [0.0, 1260.8474446004698, 495.3344268742088], [0.0, 0.0, 1.0]], [[1256.7414812095406, 0.0, 792.1125740759628], [0.0, 1256.7414812095406, 492.7757465151356], [0.0, 0.0, 1.0]], [[809.2209905677063, 0.0, 829.2196003259838], [0.0, 809.2209905677063, 481.77842384512485], [0.0, 0.0, 1.0]], [[1259.5137405846733, 0.0, 807.2529053838625], [0.0, 1259.5137405846733, 501.19579884916527], [0.0, 0.0, 1.0]]], "extrinsics": [[[0.8203186392784119, -0.5718523263931274, 0.00789138674736023, -0.738525390625], [0.011014577932655811, 0.0020015162881463766, -0.9999372959136963, 1.5112738609313965], [0.5718006491661072, 0.820354163646698, 0.007940593175590038, -1.1243896484375], [0.0, 0.0, 0.0, 1.0]], [[0.005044438410550356, -0.9999845623970032, 0.002331705763936043, 0.007080078125], [0.0055731660686433315, -0.0023035858757793903, -0.9999818801879883, 1.5217962265014648], [0.9999717473983765, 0.005057394038885832, 0.005561459809541702, -1.4663887023925781], [0.0, 0.0, 0.0, 1.0]], [[-0.8330757021903992, -0.5528853535652161, -0.0173935629427433, 0.886474609375], [0.011117140762507915, 0.014703206717967987, -0.9998300671577454, 1.505584716796875], [0.553047239780426, -0.8331275582313538, -0.006102378945797682, -1.1510009765625], [0.0, 0.0, 0.0, 1.0]], [[0.9476602673530579, 0.3189930021762848, 0.013543553650379181, -1.13848876953125], [0.01961996778845787, -0.015843037515878677, -0.9996819496154785, 1.5886344909667969], [-0.31867697834968567, 0.947624683380127, -0.0212724506855011, -0.1051025390625], [0.0, 0.0, 0.0, 1.0]], [[0.002675575902685523, 0.9999791979789734, -0.005870723631232977, 0.0029296875], [-0.005760069005191326, -0.005855235271155834, -0.9999663233757019, 1.5789766311645508], [-0.9999798536300659, 0.0027092755772173405, 0.005744283087551594, -0.06444358825683594], [0.0, 0.0, 0.0, 1.0]], [[-0.9344514012336731, 0.35542377829551697, -0.021783551201224327, 1.0172119140625], [0.026933075860142708, 0.009546332061290741, -0.9995916485786438, 1.5548725128173828], [-0.3550706207752228, -0.9346565008163452, -0.01849323883652687, -0.1085205078125], [0.0, 0.0, 0.0, 1.0]]], "view": [[0.0, -2.0, 100.0], [-2.0, 0.0, 100.0], [0.0, 0.0, 1.0]], "bev": "bev_25d279c805e841ddaa63c57af113579a.png", "aux": "aux_25d279c805e841ddaa63c57af113579a.npz", "visibility": "visibility_25d279c805e841ddaa63c57af113579a.png", "pose": [[-0.9544870257377625, -0.2982524335384369, 0.0, 555.5100708007812], [0.2982524335384369, -0.9544870257377625, 0.0, 1678.9110107421875], [0.0, 0.0, 1.0, 0.0], [0.0, 0.0, 0.0, 1.0]], "pose_inverse": [[-0.9544870257377625, 0.2982524335384369, 0.0, 29.487855911254883], [-0.2982524335384369, -0.9544870257377625, 0.0, 1768.1810302734375], [0.0, 0.0, 1.0, 0.0], [0.0, 0.0, 0.0, 1.0]], "cam_ids": [0, 1, 2, 3, 4, 5], "cam_channels": ["CAM_FRONT_LEFT", "CAM_FRONT", "CAM_FRONT_RIGHT", "CAM_BACK_LEFT", "CAM_BACK", "CAM_BACK_RIGHT"], "token": "25d279c805e841ddaa63c57af113579a", "scene": "scene-0928"}, {"images": ["samples/CAM_FRONT_LEFT/n015-2018-10-08-15-44-23+0800__CAM_FRONT_LEFT__1538984994854844.jpg", "samples/CAM_FRONT/n015-2018-10-08-15-44-23+0800__CAM_FRONT__1538984994862460.jpg", "samples/CAM_FRONT_RIGHT/n015-2018-10-08-15-44-23+0800__CAM_FRONT_RIGHT__1538984994870339.jpg", "samples/CAM_BACK_LEFT/n015-2018-10-08-15-44-23+0800__CAM_BACK_LEFT__1538984994897423.jpg", "samples/CAM_BACK/n015-2018-10-08-15-44-23+0800__CAM_BACK__1538984994887525.jpg", "samples/CAM_BACK_RIGHT/n015-2018-10-08-15-44-23+0800__CAM_BACK_RIGHT__1538984994877893.jpg"], "intrinsics": [[[1272.5979470598488, 0.0, 826.6154927353808], [0.0, 1272.5979470598488, 479.75165386361925], [0.0, 0.0, 1.0]], [[1266.417203046554, 0.0, 816.2670197447984], [0.0, 1266.417203046554, 491.50706579294757], [0.0, 0.0, 1.0]], [[1260.8474446004698, 0.0, 807.968244525554], [0.0, 1260.8474446004698, 495.3344268742088], [0.0, 0.0, 1.0]], [[1256.7414812095406, 0.0, 792.1125740759628], [0.0, 1256.7414812095406, 492.7757465151356], [0.0, 0.0, 1.0]], [[809.2209905677063, 0.0, 829.2196003259838], [0.0, 809.2209905677063, 481.77842384512485], [0.0, 0.0, 1.0]], [[1259.5137405846733, 0.0, 807.2529053838625], [0.0, 1259.5137405846733, 501.19579884916527], [0.0, 0.0, 1.0]]], "extrinsics": [[[0.8201106786727905, -0.5721670985221863, 0.00657071964815259, -0.7447509765625], [0.004426822531968355, -0.005138504318892956, -0.9999770522117615, 1.5094404220581055], [0.5721876621246338, 0.8201209902763367, -0.0016812605317682028, -1.12841796875], [0.0, 0.0, 0.0, 1.0]], [[0.004690173547714949, -0.9999457001686096, 0.00930036697536707, 0.0072021484375], [-0.0007918081246316433, -0.009304179809987545, -0.9999564290046692, 1.520369529724121], [0.9999886751174927, 0.004682580474764109, -0.0008354028686881065, -1.4719924926757812], [0.0, 0.0, 0.0, 1.0]], [[-0.8333428502082825, -0.5526926517486572, -0.00839744508266449, 0.88970947265625], [0.004923519678413868, 0.00776943564414978, -0.9999576807022095, 1.5044822692871094], [0.5527344942092896, -0.8333489298820496, -0.0037534083239734173, -1.1531982421875], [0.0, 0.0, 0.0, 1.0]], [[0.9477421641349792, 0.3189822733402252, 0.005941411480307579, -1.136474609375], [0.01398539636284113, -0.022933190688490868, -0.9996391534805298, 1.5886421203613281], [-0.318730890750885, 0.947483241558075, -0.026195842772722244, -0.10595703125], [0.0, 0.0, 0.0, 1.0]], [[0.0027962608728557825, 0.999914288520813, -0.012789364904165268, 0.002685546875], [-0.01161722093