[{"images": ["samples/CAM_FRONT_LEFT/n008-2018-08-01-15-52-19-0400__CAM_FRONT_LEFT__1533153403254799.jpg", "samples/CAM_FRONT/n008-2018-08-01-15-52-19-0400__CAM_FRONT__1533153403262404.jpg", "samples/CAM_FRONT_RIGHT/n008-2018-08-01-15-52-19-0400__CAM_FRONT_RIGHT__1533153403270482.jpg", "samples/CAM_BACK_LEFT/n008-2018-08-01-15-52-19-0400__CAM_BACK_LEFT__1533153403297405.jpg", "samples/CAM_BACK/n008-2018-08-01-15-52-19-0400__CAM_BACK__1533153403287558.jpg", "samples/CAM_BACK_RIGHT/n008-2018-08-01-15-52-19-0400__CAM_BACK_RIGHT__1533153403278113.jpg"], "intrinsics": [[[1257.8625342125129, 0.0, 827.2410631095686], [0.0, 1257.8625342125129, 450.915498205774], [0.0, 0.0, 1.0]], [[1252.8131021185304, 0.0, 826.588114781398], [0.0, 1252.8131021185304, 469.9846626224581], [0.0, 0.0, 1.0]], [[1256.7485116440405, 0.0, 817.7887570959712], [0.0, 1256.7485116440403, 451.9541780095127], [0.0, 0.0, 1.0]], [[1254.9860565800168, 0.0, 829.5769333630991], [0.0, 1254.9860565800168, 467.1680561863987], [0.0, 0.0, 1.0]], [[796.8910634503094, 0.0, 857.7774326863696], [0.0, 796.8910634503094, 476.8848988407415], [0.0, 0.0, 1.0]], [[1249.9629280788233, 0.0, 825.3768045375984], [0.0, 1249.9629280788233, 462.54816385708756], [0.0, 0.0, 1.0]]], "extrinsics": [[[0.8225321769714355, -0.5686891674995422, -0.0057883369736373425, -1.0050048828125], [0.004357116296887398, 0.01647888869047165, -0.9998546838760376, 1.4882926940917969], [0.5687019228935242, 0.8223875164985657, 0.016032259911298752, -1.33349609375], [0.0, 0.0, 0.0, 1.0]], [[0.010228709317743778, -0.9998719692230225, -0.012300707399845123, 0.0054931640625], [0.006316681858152151, 0.012365715578198433, -0.9999035596847534, 1.48016357421875], [0.9999277591705322, 0.010150022804737091, 0.006442358251661062, -1.734619140625], [0.0, 0.0, 0.0, 1.0]], [[-0.8440138101577759, -0.5361369252204895, -0.014069650322198868, 1.090576171875], [0.014340528286993504, 0.0036641897168010473, -0.9998903870582581, 1.4930744171142578], [0.5361297726631165, -0.8441231846809387, 0.0045958589762449265, -1.27764892578125], [0.0, 0.0, 0.0, 1.0]], [[0.9478697776794434, 0.3186267912387848, -0.004477687180042267, -1.143798828125], [-0.01105204876512289, 0.018828557804226875, -0.9997616410255432, 1.5620427131652832], [-0.31846651434898376, 0.9476932287216187, 0.021368496119976044, -0.1561126708984375], [0.0, 0.0, 0.0, 1.0]], [[0.009240437299013138, 0.9998944997787476, 0.011214576661586761, -0.02886962890625], [-0.008924594148993492, 0.011297074146568775, -0.9998963475227356, 1.5680584907531738], [-0.9999175667762756, 0.009139392524957657, 0.009028041735291481, 0.0443115234375], [0.0, 0.0, 0.0, 1.0]], [[-0.9237369894981384, 0.38302740454673767, -8.295462976093404e-06, 1.16064453125], [-0.00472078425809741, -0.01140664704144001, -0.9999237656593323, 1.5478076934814453], [-0.3829983174800873, -0.9236665964126587, 0.012344930320978165, -0.0438232421875], [0.0, 0.0, 0.0, 1.0]]], "view": [[0.0, -2.0, 100.0], [-2.0, 0.0, 100.0], [0.0, 0.0, 1.0]], "bev": "bev_a262ad95f9e44fad8a369c707fe75dec.png", "aux": "aux_a262ad95f9e44fad8a369c707fe75dec.npz", "visibility": "visibility_a262ad95f9e44fad8a369c707fe75dec.png", "pose": [[0.9999969601631165, 0.0024719436187297106, 0.0, 1900.288818359375], [-0.0024719436187297106, 0.9999969601631165, 0.0, 866.4817504882812], [0.0, 0.0, 1.0, 0.0], [0.0, 0.0, 0.0, 1.0]], "pose_inverse": [[0.9999969601631165, -0.0024719436187297106, 0.0, -1898.14111328125], [0.0024719436187297106, 0.9999969601631165, 0.0, -871.176513671875], [0.0, 0.0, 1.0, 0.0], [0.0, 0.0, 0.0, 1.0]], "cam_ids": [0, 1, 2, 3, 4, 5], "cam_channels": ["CAM_FRONT_LEFT", "CAM_FRONT", "CAM_FRONT_RIGHT", "CAM_BACK_LEFT", "CAM_BACK", "CAM_BACK_RIGHT"], "token": "a262ad95f9e44fad8a369c707fe75dec", "scene": "scene-0066"}, {"images": ["samples/CAM_FRONT_LEFT/n008-2018-08-01-15-52-19-0400__CAM_FRONT_LEFT__1533153403754799.jpg", "samples/CAM_FRONT/n008-2018-08-01-15-52-19-0400__CAM_FRONT__1533153403762404.jpg", "samples/CAM_FRONT_RIGHT/n008-2018-08-01-15-52-19-0400__CAM_FRONT_RIGHT__1533153403770482.jpg", "samples/CAM_BACK_LEFT/n008-2018-08-01-15-52-19-0400__CAM_BACK_LEFT__1533153403797405.jpg", "samples/CAM_BACK/n008-2018-08-01-15-52-19-0400__CAM_BACK__1533153403787558.jpg", "samples/CAM_BACK_RIGHT/n008-2018-08-01-15-52-19-0400__CAM_BACK_RIGHT__1533153403778113.jpg"], "intrinsics": [[[1257.8625342125129, 0.0, 827.2410631095686], [0.0, 1257.8625342125129, 450.915498205774], [0.0, 0.0, 1.0]], [[1252.8131021185304, 0.0, 826.588114781398], [0.0, 1252.8131021185304, 469.9846626224581], [0.0, 0.0, 1.0]], [[1256.7485116440405, 0.0, 817.7887570959712], [0.0, 1256.7485116440403, 451.9541780095127], [0.0, 0.0, 1.0]], [[1254.9860565800168, 0.0, 829.5769333630991], [0.0, 1254.9860565800168, 467.1680561863987], [0.0, 0.0, 1.0]], [[796.8910634503094, 0.0, 857.7774326863696], [0.0, 796.8910634503094, 476.8848988407415], [0.0, 0.0, 1.0]], [[1249.9629280788233, 0.0, 825.3768045375984], [0.0, 1249.9629280788233, 462.54816385708756], [0.0, 0.0, 1.0]]], "extrinsics": [[[0.8225288391113281, -0.5686948895454407, -0.005703124217689037, -1.0050048828125], [0.004441083408892155, 0.01645032688975334, -0.9998548030853271, 1.4882946014404297], [0.5687061548233032, 0.8223841190338135, 0.016056489199399948, -1.333251953125], [0.0, 0.0, 0.0, 1.0]], [[0.010225302539765835, -0.9998725056648254, -0.012264976277947426, 0.00537109375], [0.006394568830728531, 0.012330751866102219, -0.9999035596847534, 1.48016357421875], [0.999927282333374, 0.010145886801183224, 0.006519839633256197, -1.734619140625], [0.0, 0.0, 0.0, 1.0]], [[-0.8440142869949341, -0.5361349582672119, -0.014115344732999802, 1.09033203125], [0.014409031718969345, 0.003641541115939617, -0.9998895525932312, 1.493072509765625], [0.5361272096633911, -0.844124436378479, 0.004651672672480345, -1.27752685546875], [0.0, 0.0, 0.0, 1.0]], [[0.9478721618652344, 0.31862103939056396, -0.004376350436359644, -1.14404296875], [-0.010931375436484814, 0.01878792978823185, -0.9997637271881104, 1.562044620513916], [-0.31846359372138977, 0.9476960301399231, 0.021291520446538925, -0.156097412109375], [0.0, 0.0, 0.0, 1.0]], [[0.009240852668881416, 0.9998948574066162, 0.011178700253367424, -0.02886962890625], [-0.008823378942906857, 0.011260277591645718, -0.9998976588249207, 1.5680623054504395], [-0.9999184012413025, 0.00914127379655838, 0.008926505222916603, 0.0443115234375], [0.0, 0.0, 0.0, 1.0]], [[-0.9237362742424011, 0.38302919268608093, -9.231251897290349e-05, 1.1605224609375], [-0.004642775747925043, -0.011437784880399704, -0.999923825263977, 1.547811508178711], [-0.38300105929374695, -0.9236654043197632, 0.012343814596533775, -0.043701171875], [0.0, 0.0, 0.0, 1.0]]], "view": [[0.0, -2.0, 100.0], [-2.0, 0.0, 100.0], [0.0, 0.0, 1.0]], "bev": "bev_20b9be45c2bc498380517053a3116611.png", "aux": "aux_20b9be45c2bc498380517053a3116611.npz", "visibility": "visibility_20b9be45c2bc498380517053a3116611.png", "pose": [[0.9999969601631165, 0.0024735676124691963, 0.0, 1900.288818359375], [-0.0024735676124691963, 0.9999969601631165, 0.0, 866.4817504882812], [0.0, 0.0, 1.0, 0.0], [0.0, 0.0, 0.0, 1.0]], "pose_inverse": [[0.9999969601631165, -0.0024735676124691963, 0.0, -1898.1396484375], [0.0024735676124691963, 0.9999969601631165, 0.0, -871.1795654296875], [0.0, 0.0, 1.0, 0.0], [0.0, 0.0, 0.0, 1.0]], "cam_ids": [0, 1, 2, 3, 4, 5], "cam_channels": ["CAM_FRONT_LEFT", "CAM_FRONT", "CAM_FRONT_RIGHT", "CAM_BACK_LEFT", "CAM_BACK", "CAM_BACK_RIGHT"], "token": "20b9be45c2bc498380517053a3116611", "scene": "scene-0066"}, {"images": ["samples/CAM_FRONT_LEFT/n008-2018-08-01-15-52-19-0400__CAM_FRONT_LEFT__1533153404254799.jpg", "samples/CAM_FRONT/n008-2018-08-01-15-52-19-0400__CAM_FRONT__1533153404262404.jpg", "samples/CAM_FRONT_RIGHT/n008-2018-08-01-15-52-19-0400__CAM_FRONT_RIGHT__1533153404270482.jpg", "samples/CAM_BACK_LEFT/n008-2018-08-01-15-52-19-0400__CAM_BACK_LEFT__1533153404297405.jpg", "samples/CAM_BACK/n008-2018-08-01-15-52-19-0400__CAM_BACK__1533153404287558.jpg", "samples/CAM_BACK_RIGHT/n008-2018-08-01-15-52-19-0400__CAM_BACK_RIGHT__1533153404278113.jpg"], "intrinsics": [[[1257.8625342125129, 0.0, 827.2410631095686], [0.0, 1257.8625342125129, 450.915498205774], [0.0, 0.0, 1.0]], [[1252.8131021185304, 0.0, 826.588114781398], [0.0, 1252.8131021185304, 469.9846626224581], [0.0, 0.0, 1.0]], [[1256.7485116440405, 0.0, 817.7887570959712], [0.0, 1256.7485116440403, 451.9541780095127], [0.0, 0.0, 1.0]], [[1254.9860565800168, 0.0, 829.5769333630991], [0.0, 1254.9860565800168, 467.1680561863987], [0.0, 0.0, 1.0]], [[796.8910634503094, 0.0, 857.7774326863696], [0.0, 796.8910634503094, 476.8848988407415], [0.0, 0.0, 1.0]], [[1249.9629280788233, 0.0, 825.3768045375984], [0.0, 1249.9629280788233, 462.54816385708756], [0.0, 0.0, 1.0]]], "extrinsics": [[[0.8225499391555786, -0.5686653256416321, -0.005604433827102184, -1.0047607421875], [0.004561792127788067, 0.01645241491496563, -0.9998542070388794, 1.4882965087890625], [0.5686747431755066, 0.8224043250083923, 0.01612706482410431, -1.3333740234375], [0.0, 0.0, 0.0, 1.0]], [[0.01025528833270073, -0.999872088432312, -0.012269728817045689, 0.00531005859375], [0.006511564366519451, 0.01233689021319151, -0.9999027252197266, 1.4801654815673828], [0.9999261498451233, 0.010174395516514778, 0.006637250073254108, -1.73486328125], [0.0, 0.0, 0.0, 1.0]], [[-0.844001054763794, -0.5361528992652893, -0.014222116209566593, 1.09033203125], [0.014529739506542683, 0.0036508305929601192, -0.9998877644538879, 1.4930706024169922], [0.5361446738243103, -0.8441129922866821, 0.00470885680988431, -1.277496337890625], [0.0, 0.0, 0.0, 1.0]], [[0.9478731155395508, 0.3186189532279968, -0.0042942301370203495, -1.144287109375], [-0.010847507044672966, 0.018796248361468315, -0.9997645020484924, 1.5620412826538086], [-0.3184632360935211, 0.9476964473724365, 0.021272681653499603, -0.1561431884765625], [0.0, 0.0, 0.0, 1.0]], [[0.009232251904904842, 0.9998946189880371, 0.01120433583855629, -0.02880859375], [-0.00872710533440113, 0.011284956708550453, -0.9998981952667236, 1.5680632591247559], [-0.9999192357063293, 0.009133531711995602, 0.008830372244119644, 0.0445556640625], [0.0, 0.0, 0.0, 1.0]], [[-0.9237419962882996, 0.38301506638526917, -0.00019215683278162032, 1.1607666015625], [-0.0045271338894963264, -0.011420036666095257, -0.9999245405197144, 1.547811508178711], [-0.382988303899765, -0.9236714839935303, 0.01228312961757183, -0.043701171875], [0.0, 0.0, 0.0, 1.0]]], "view": [[0.0, -2.0, 100.0], [-2.0, 0.0, 100.0], [0.0, 0.0, 1.0]], "bev": "bev_3142d6f4518b4f6d8b8cd712215d367e.png", "aux": "aux_3142d6f4518b4f6d8b8cd712215d367e.npz", "visibility": "visibility_3142d6f4518b4f6d8b8cd712215d367e.png", "pose": [[0.9999967813491821, 0.0025270937476307154, 0.0, 1900.288818359375], [-0.0025270937476307154, 0.9999967813491821, 0.0, 866.4817504882812], [0.0, 0.0, 1.0, 0.0], [0.0, 0.0, 0.0, 1.0]], "pose_inverse": [[0.9999967813491821, -0.0025270937476307154, 0.0, -1898.093017578125], [0.0025270937476307154, 0.9999967813491821, 0.0, -871.2811889648438], [0.0, 0.0, 1.0, 0.0], [0.0, 0.0, 0.0, 1.0]], "cam_ids": [0, 1, 2, 3, 4, 5], "cam_channels": ["CAM_FRONT_LEFT", "CAM_FRONT", "CAM_FRONT_RIGHT", "CAM_BACK_LEFT", "CAM_BACK", "CAM_BACK_RIGHT"], "token": "3142d6f4518b4f6d8b8cd712215d367e", "scene": "scene-0066"}, {"images": ["samples/CAM_FRONT_LEFT/n008-2018-08-01-15-52-19-0400__CAM_FRONT_LEFT__1533153404754799.jpg", "samples/CAM_FRONT/n008-2018-08-01-15-52-19-0400__CAM_FRONT__1533153404762404.jpg", "samples/CAM_FRONT_RIGHT/n008-2018-08-01-15-52-19-0400__CAM_FRONT_RIGHT__1533153404770482.jpg", "samples/CAM_BACK_LEFT/n008-2018-08-01-15-52-19-0400__CAM_BACK_LEFT__1533153404797405.jpg", "samples/CAM_BACK/n008-2018-08-01-15-52-19-0400__CAM_BACK__1533153404787558.jpg", "samples/CAM_BACK_RIGHT/n008-2018-08-01-15-52-19-0400__CAM_BACK_RIGHT__1533153404778113.jpg"], "intrinsics": [[[1257.8625342125129, 0.0, 827.2410631095686], [0.0, 1257.8625342125129, 450.915498205774], [0.0, 0.0, 1.0]], [[1252.8131021185304, 0.0, 826.588114781398], [0.0, 1252.8131021185304, 469.9846626224581], [0.0, 0.0, 1.0]], [[1256.7485116440405, 0.0, 817.7887570959712], [0.0, 1256.7485116440403, 451.9541780095127], [0.0, 0.0, 1.0]], [[1254.9860565800168, 0.0, 829.5769333630991], [0.0, 1254.9860565800168, 467.1680561863987], [0.0, 0.0, 1.0]], [[796.8910634503094, 0.0, 857.7774326863696], [0.0, 796.8910634503094, 476.8848988407415], [0.0, 0.0, 1.0]], [[1249.9629280788233, 0.0, 825.3768045375984], [0.0, 1249.9629280788233, 462.54816385708756], [0.0, 0.0, 1.0]]], "extrinsics": [[[0.8225314617156982, -0.5686923265457153, -0.005571210756897926, -1.0048828125], [0.004616353660821915, 0.01647198386490345, -0.9998536705970764, 1.4882946014404297], [0.5687007904052734, 0.8223854303359985, 0.016174009069800377, -1.33349609375], [0.0, 0.0, 0.0, 1.0]], [[0.010226700454950333, -0.9998721480369568, -0.012289924547076225, 0.00537109375], [0.006563154514878988, 0.012357420288026333, -0.9999021291732788, 1.4801654815673828], [0.9999262094497681, 0.010145038366317749, 0.00668869074434042, -1.734619140625], [0.0, 0.0, 0.0, 1.0]], [[-0.844012975692749, -0.5361327528953552, -0.014277465641498566, 1.090576171875], [0.014588108286261559, 0.003661960829049349, -0.9998868703842163, 1.493072509765625], [0.5361244082450867, -0.8441256880760193, 0.004730420187115669, -1.27740478515625], [0.0, 0.0, 0.0, 1.0]], [[0.9478732943534851, 0.3186192512512207, -0.004248452838510275, -1.14404296875], [-0.010810092091560364, 0.01882857270538807, -0.9997642636299133, 1.5620431900024414], [-0.31846415996551514, 0.947695791721344, 0.021291404962539673, -0.1561431884765625], [0.0, 0.0, 0.0, 1.0]], [[0.00923996977508068, 0.9998943209648132, 0.011230275966227055, -0.02886962890625], [-0.00867797713726759, 0.0113105159252882, -0.9998983144760132, 1.5680608749389648], [-0.9999197125434875, 0.009141573682427406, 0.00878156814724207, 0.0443115234375], [0.0, 0.0, 0.0, 1.0]], [[-0.9237355589866638, 0.38303065299987793, -0.00024091203522402793, 1.16064453125], [-0.004467470571398735, -0.011402888223528862, -0.9999250173568726, 1.547811508178711], [-0.38300463557243347, -0.9236652255058289, 0.012244432233273983, -0.0435791015625], [0.0, 0.0, 0.0, 1.0]]], "view": [[0.0, -2.0, 100.0], [-2.0, 0.0, 100.0], [0.0, 0.0, 1.0]], "bev": "bev_cdb3180a9d704611af1cbd96c972ddf6.png", "aux": "aux_cdb3180a9d704611af1cbd96c972ddf6.npz", "visibility": "visibility_cdb3180a9d704611af1cbd96c972ddf6.png", "pose": [[0.9999969005584717, 0.002494703745469451, 0.0, 1900.288818359375], [-0.002494703745469451, 0.9999969005584717, 0.0, 866.4817504882812], [0.0, 0.0, 1.0, 0.0], [0.0, 0.0, 0.0, 1.0]], "pose_inverse": [[0.9999969005584717, -0.002494703745469451, 0.0, -1898.121337890625], [0.002494703745469451, 0.9999969005584717, 0.0, -871.2197265625], [0.0, 0.0, 1.0, 0.0], [0.0, 0.0, 0.0, 1.0]], "cam_ids": [0, 1, 2, 3, 4, 5], "cam_channels": ["CAM_FRONT_LEFT", "CAM_FRONT", "CAM_FRONT_RIGHT", "CAM_BACK_LEFT", "CAM_BACK", "CAM_BACK_RIGHT"], "token": "cdb3180a9d704611af1cbd96c972ddf6", "scene": "scene-0066"}, {"images": ["samples/CAM_FRONT_LEFT/n008-2018-08-01-15-52-19-0400__CAM_FRONT_LEFT__1533153405354799.jpg", "samples/CAM_FRONT/n008-2018-08-01-15-52-19-0400__CAM_FRONT__1533153405362404.jpg", "samples/CAM_FRONT_RIGHT/n008-2018-08-01-15-52-19-0400__CAM_FRONT_RIGHT__1533153405370482.jpg", "samples/CAM_BACK_LEFT/n008-2018-08-01-15-52-19-0400__CAM_BACK_LEFT__1533153405397405.jpg", "samples/CAM_BACK/n008-2018-08-01-15-52-19-0400__CAM_BACK__1533153405388027.jpg", "samples/CAM_BACK_RIGHT/n008-2018-08-01-15-52-19-0400__CAM_BACK_RIGHT__1533153405378113.jpg"], "intrinsics": [[[1257.8625342125129, 0.0, 827.2410631095686], [0.0, 1257.8625342125129, 450.915498205774], [0.0, 0.0, 1.0]], [[1252.8131021185304, 0.0, 826.588114781398], [0.0, 1252.8131021185304, 469.9846626224581], [0.0, 0.0, 1.0]], [[1256.7485116440405, 0.0, 817.7887570959712], [0.0, 1256.7485116440403, 451.9541780095127], [0.0, 0.0, 1.0]], [[1254.9860565800168, 0.0, 829.5769333630991], [0.0, 1254.9860565800168, 467.1680561863987], [0.0, 0.0, 1.0]], [[796.8910634503094, 0.0, 857.7774326863696], [0.0, 796.8910634503094, 476.8848988407415], [0.0, 0.0, 1.0]], [[1249.9629280788233, 0.0, 825.3768045375984], [0.0, 1249.9629280788233, 462.54816385708756], [0.0, 0.0, 1.0]]], "extrinsics": [[[0.8225309252738953, -0.568692684173584, -0.00562199205160141, -1.0048828125], [0.004531270358711481, 0.016438201069831848, -0.9998546242713928, 1.4882946014404297], [0.5687024593353271, 0.8223857879638672, 0.01609782688319683, -1.33349609375], [0.0, 0.0, 0.0, 1.0]], [[0.010226615704596043, -0.999872624874115, -0.01225439365953207, 0.00543212890625], [0.006499775685369968, 0.01232124399393797, -0.9999030232429504, 1.48016357421875], [0.9999266266822815, 0.010145973414182663, 0.006624952424317598, -1.734619140625], [0.0, 0.0, 0.0, 1.0]], [[-0.844012975692749, -0.5361343026161194, -0.014210836961865425, 1.090576171875], [0.014537964016199112, 0.003616648493334651, -0.9998877644538879, 1.4930706024169922], [0.5361255407333374, -0.844124972820282, 0.004741801880300045, -1.2774658203125], [0.0, 0.0, 0.0, 1.0]], [[0.9478726387023926, 0.31862059235572815, -0.004284320864826441, -1.14404296875], [-0.010842228308320045, 0.018811527639627457, -0.9997642636299133, 1.5620427131652832], [-0.3184649348258972, 0.9476956725120544, 0.021285489201545715, -0.1560821533203125], [0.0, 0.0, 0.0, 1.0]], [[0.009239967912435532, 0.9998946189880371, 0.011203709989786148, -0.0289306640625], [-0.008722811006009579, 0.011284359730780125, -0.9998982548713684, 1.5680599212646484], [-0.9999193549156189, 0.00914129987359047, 0.008826158009469509, 0.044189453125], [0.0, 0.0, 0.0, 1.0]], [[-0.9237359166145325, 0.3830299973487854, -0.00020252757531125098, 1.16064453125], [-0.004523442126810551, -0.011437691748142242, -0.99992436170578, 1.547811508178711], [-0.38300326466560364, -0.9236651062965393, 0.012298019602894783, -0.043701171875], [0.0, 0.0, 0.0, 1.0]]], "view": [[0.0, -2.0, 100.0], [-2.0, 0.0, 100.0], [0.0, 0.0, 1.0]], "bev": "bev_56e47a0e044d4dd1857f569ff4561ffd.png", "aux": "aux_56e47a0e044d4dd1857f569ff4561ffd.npz", "visibility": "visibility_56e47a0e044d4dd1857f569ff4561ffd.png", "pose": [[0.9999971389770508, 0.002399860182777047, 0.0, 1900.288818359375], [-0.002399860182777047, 0.9999971389770508, 0.0, 866.4817504882812], [0.0, 0.0, 1.0, 0.0], [0.0, 0.0, 0.0, 1.0]], "pose_inverse": [[0.9999971389770508, -0.002399860182777047, 0.0, -1898.203857421875], [0.002399860182777047, 0.9999971389770508, 0.0, -871.0396728515625], [0.0, 0.0, 1.0, 0.0], [0.0, 0.0, 0.0, 1.0]], "cam_ids": [0, 1, 2, 3, 4, 5], "cam_channels": ["CAM_FRONT_LEFT", "CAM_FRONT", "CAM_FRONT_RIGHT", "CAM_BACK_LEFT", "CAM_BACK", "CAM_BACK_RIGHT"], "token": "56e47a0e044d4dd1857f569ff4561ffd", "scene": "scene-0066"}, {"images": ["samples/CAM_FRONT_LEFT/n008-2018-08-01-15-52-19-0400__CAM_FRONT_LEFT__1533153405854799.jpg", "samples/CAM_FRONT/n008-2018-08-01-15-52-19-0400__CAM_FRONT__1533153405862404.jpg", "samples/CAM_FRONT_RIGHT/n008-2018-08-01-15-52-19-0400__CAM_FRONT_RIGHT__1533153405870482.jpg", "samples/CAM_BACK_LEFT/n008-2018-08-01-15-52-19-0400__CAM_BACK_LEFT__1533153405897405.jpg", "samples/CAM_BACK/n008-2018-08-01-15-52-19-0400__CAM_BACK__1533153405887558.jpg", "samples/CAM_BACK_RIGHT/n008-2018-08-01-15-52-19-0400__CAM_BACK_RIGHT__1533153405878113.jpg"], "intrinsics": [[[1257.8625342125129, 0.0, 827.2410631095686], [0.0, 1257.8625342125129, 450.915498205774], [0.0, 0.0, 1.0]], [[1252.8131021185304, 0.0, 826.588114781398], [0.0, 1252.8131021185304, 469.9846626224581], [0.0, 0.0, 1.0]], [[1256.7485116440405, 0.0, 817.7887570959712], [0.0, 1256.7485116440403, 451.9541780095127], [0.0, 0.0, 1.0]], [[1254.9860565800168, 0.0, 829.5769333630991], [0.0, 1254.9860565800168, 467.1680561863987], [0.0, 0.0, 1.0]], [[796.8910634503094, 0.0, 857.7774326863696], [0.0, 796.8910634503094, 476.8848988407415], [0.0, 0.0, 1.0]], [[1249.9629280788233, 0.0, 825.3768045375984], [0.0, 1249.9629280788233, 462.54816385708756], [0.0, 0.0, 1.0]]], "extrinsics": [[[0.8225464224815369, -0.5686706900596619, -0.005570402834564447, -1.0048828125], [0.00461711548268795, 0.016472412273287773, -0.9998536705970764, 1.4882926940917969], [0.5686792731285095, 0.8224003911018372, 0.01617494225502014, -1.3333740234375], [0.0, 0.0, 0.0, 1.0]], [[0.010252718813717365, -0.9998719096183777, -0.01228660810738802, 0.00543212890625], [0.0065763904713094234, 0.0123544130474329, -0.999902069568634, 1.4801673889160156], [0.9999258518218994, 0.01017091330140829, 0.0067022149451076984, -1.7347412109375], [0.0, 0.0, 0.0, 1.0]], [[-0.8440009355545044, -0.5361515283584595, -0.014286150224506855, 1.09033203125], [0.014597534202039242, 0.003663515904918313, -0.999886691570282, 1.4930686950683594], [0.5361431837081909, -0.8441138863563538, 0.004734479356557131, -1.277496337890625], [0.0, 0.0, 0.0, 1.0]], [[0.9478720426559448, 0.3186233639717102, -0.0042200651951134205, -1.144287109375], [-0.010783352889120579, 0.018837811425328255, -0.9997643828392029, 1.5620441436767578], [-0.31846883893013, 0.9476941823959351, 0.021291665732860565, -0.156036376953125], [0.0, 0.0, 0.0, 1.0]], [[0.009231464937329292, 0.9998942017555237, 0.011238502338528633, -0.02880859375], [-0.00866329949349165, 0.011318531818687916, -0.999898374080658, 1.5680608749389648], [-0.9999198317527771, 0.00913316197693348, 0.008766870014369488, 0.0443115234375], [0.0, 0.0, 0.0, 1.0]], [[-0.9237416386604309, 0.3830159604549408, -0.00024267211847472936, 1.1607666015625], [-0.004464046563953161, -0.011399732902646065, -0.9999250769615173, 1.547811508178711], [-0.3829900026321411, -0.9236713647842407, 0.012240209616720676, -0.043701171875], [0.0, 0.0, 0.0, 1.0]]], "view": [[0.0, -2.0, 100.0], [-2.0, 0.0, 100.0], [0.0, 0.0, 1.0]], "bev": "bev_cd6a683d2b52441fb2b14310cda45403.png", "aux": "aux_cd6a683d2b52441fb2b14310cda45403.npz", "visibility": "visibility_cd6a683d2b52441fb2b14310cda45403.png", "pose": [[0.9999969601631165, 0.0024623519275337458, 0.0, 1900.288818359375], [-0.0024623519275337458, 0.9999969601631165, 0.0, 866.4817504882812], [0.0, 0.0, 1.0, 0.0], [0.0, 0.0, 0.0, 1.0]], "pose_inverse": [[0.9999969601631165, -0.0024623519275337458, 0.0, -1898.1494140625], [0.0024623519275337458, 0.9999969601631165, 0.0, -871.1583251953125], [0.0, 0.0, 1.0, 0.0], [0.0, 0.0, 0.0, 1.0]], "cam_ids": [0, 1, 2, 3, 4, 5], "cam_channels": ["CAM_FRONT_LEFT", "CAM_FRONT", "CAM_FRONT_RIGHT", "CAM_BACK_LEFT", "CAM_BACK", "CAM_BACK_RIGHT"], "token": "cd6a683d2b52441fb2b14310cda45403", "scene": "scene-0066"}, {"images": ["samples/CAM_FRONT_LEFT/n008-2018-08-01-15-52-19-0400__CAM_FRONT_LEFT__1533153406354799.jpg", "samples/CAM_FRONT/n008-2018-08-01-15-52-19-0400__CAM_FRONT__1533153406362404.jpg", "samples/CAM_FRONT_RIGHT/n008-2018-08-01-15-52-19-0400__CAM_FRONT_RIGHT__1533153406370482.jpg", "samples/CAM_BACK_LEFT/n008-2018-08-01-15-52-19-0400__CAM_BACK_LEFT__1533153406397405.jpg", "samples/CAM_BACK/n008-2018-08-01-15-52-19-0400__CAM_BACK__1533153406387565.jpg", "samples/CAM_BACK_RIGHT/n008-2018-08-01-15-52-19-0400__CAM_BACK_RIGHT__1533153406378113.jpg"], "intrinsics": [[[1257.8625342125129, 0.0, 827.2410631095686], [0.0, 1257.8625342125129, 450.915498205774], [0.0, 0.0, 1.0]], [[1252.8131021185304, 0.0, 826.588114781398], [0.0, 1252.8131021185304, 469.9846626224581], [0.0, 0.0, 1.0]], [[1256.7485116440405, 0.0, 817.7887570959712], [0.0, 1256.7485116440403, 451.9541780095127], [0.0, 0.0, 1.0]], [[1254.9860565800168, 0.0, 829.5769333630991], [0.0, 1254.9860565800168, 467.1680561863987], [0.0, 0.0, 1.0]], [[796.8910634503094, 0.0, 857.7774326863696], [0.0, 796.8910634503094, 476.8848988407415], [0.0, 0.0, 1.0]], [[1249.9629280788233, 0.0, 825.3768045375984], [0.0, 1249.9629280788233, 462.54816385708756], [0.0, 0.0, 1.0]]], "extrinsics": [[[0.822536826133728, -0.5686846375465393, -0.005571288522332907, -1.0050048828125], [0.0046314215287566185, 0.016494181007146835, -0.9998531937599182, 1.4882926940917969], [0.5686929821968079, 0.8223903179168701, 0.01620088890194893, -1.33349609375], [0.0, 0.0, 0.0, 1.0]], [[0.010238139890134335, -0.9998717904090881, -0.012315340340137482, 0.00537109375], [0.006591843906790018, 0.012383203953504562, -0.9999016523361206, 1.48016357421875], [0.9999257922172546, 0.010155952535569668, 0.006717779207974672, -1.73486328125], [0.0, 0.0, 0.0, 1.0]], [[-0.8440070152282715, -0.5361412763595581, -0.014307829551398754, 1.090576171875], [0.014607696793973446, 0.0036878488026559353, -0.9998864531517029, 1.493072509765625], [0.5361332297325134, -0.8441202640533447, 0.004719217773526907, -1.277557373046875], [0.0, 0.0, 0.0, 1.0]], [[0.947872519493103, 0.318621963262558, -0.004208097234368324, -1.144287109375], [-0.010769600048661232, 0.01883454993367195, -0.9997645616531372, 1.5620436668395996], [-0.3184677064418793, 0.9476947784423828, 0.021284185349941254, -0.15606689453125], [0.0, 0.0, 0.0, 1.0]], [[0.009235793724656105, 0.9998942613601685, 0.011237825267016888, -0.02880859375], [-0.008653615601360798, 0.01131780631840229, -0.9998984932899475, 1.5680608749389648], [-0.9999199509620667, 0.009137608110904694, 0.008757228963077068, 0.0443115234375], [0.0, 0.0, 0.0, 1.0]], [[-0.9237384796142578, 0.383023738861084, -0.0002449800376780331, 1.1605224609375], [-0.0044562965631484985, -0.01138679962605238, -0.9999251961708069, 1.547811508178711], [-0.38299787044525146, -0.9236683249473572, 0.012225291691720486, -0.043701171875], [0.0, 0.0, 0.0, 1.0]]], "view": [[0.0, -2.0, 100.0], [-2.0, 0.0, 100.0], [0.0, 0.0, 1.0]], "bev": "bev_82fb5760e07b475d8294cc3799470b2b.png", "aux": "aux_82fb5760e07b475d8294cc3799470b2b.npz", "visibility": "visibility_82fb5760e07b475d8294cc3799470b2b.png", "pose": [[0.9999968409538269, 0.00251920148730278, 0.0, 1900.288818359375], [-0.00251920148730278, 0.9999968409538269, 0.0, 866.481689453125], [0.0, 0.0, 1.0, 0.0], [0.0, 0.0, 0.0, 1.0]], "pose_inverse": [[0.9999968409538269, -0.00251920148730278, 0.0, -1898.0999755859375], [0.00251920148730278, 0.9999968409538269, 0.0, -871.2661743164062], [0.0, 0.0, 1.0, 0.0], [0.0, 0.0, 0.0, 1.0]], "cam_ids": [0, 1, 2, 3, 4, 5], "cam_channels": ["CAM_FRONT_LEFT", "CAM_FRONT", "CAM_FRONT_RIGHT", "CAM_BACK_LEFT", "CAM_BACK", "CAM_BACK_RIGHT"], "token": "82fb5760e07b475d8294cc3799470b2b", "scene": "scene-0066"}, {"images": ["samples/CAM_FRONT_LEFT/n008-2018-08-01-15-52-19-0400__CAM_FRONT_LEFT__1533153406854799.jpg", "samples/CAM_FRONT/n008-2018-08-01-15-52-19-0400__CAM_FRONT__1533153406862404.jpg", "samples/CAM_FRONT_RIGHT/n008-2018-08-01-15-52-19-0400__CAM_FRONT_RIGHT__1533153406870482.jpg", "samples/CAM_BACK_LEFT/n008-2018-08-01-15-52-19-0400__CAM_BACK_LEFT__1533153406897405.jpg", "samples/CAM_BACK/n008-2018-08-01-15-52-19-0400__CAM_BACK__1533153406887558.jpg", "samples/CAM_BACK_RIGHT/n008-2018-08-01-15-52-19-0400__CAM_BACK_RIGHT__1533153406878113.jpg"], "intrinsics": [[[1257.8625342125129, 0.0, 827.2410631095686], [0.0, 1257.8625342125129, 450.915498205774], [0.0, 0.0, 1.0]], [[1252.8131021185304, 0.0, 826.588114781398], [0.0, 1252.8131021185304, 469.9846626224581], [0.0, 0.0, 1.0]], [[1256.7485116440405, 0.0, 817.7887570959712], [0.0, 1256.7485116440403, 451.9541780095127], [0.0, 0.0, 1.0]], [[1254.9860565800168, 0.0, 829.5769333630991], [0.0, 1254.9860565800168, 467.1680561863987], [0.0, 0.0, 1.0]], [[796.8910634503094, 0.0, 857.7774326863696], [0.0, 796.8910634503094, 476.8848988407415], [0.0, 0.0, 1.0]], [[1249.9629280788233, 0.0, 825.3768045375984], [0.0, 1249.9629280788233, 462.54816385708756], [0.0, 0.0, 1.0]]], "extrinsics": [[[0.8225303888320923, -0.5686942934989929, -0.005534498021006584, -1.005126953125], [0.004647069610655308, 0.016451802104711533, -0.9998538494110107, 1.4882946014404297], [0.5687021613121033, 0.8223845362663269, 0.016174867749214172, -1.33349609375], [0.0, 0.0, 0.0, 1.0]], [[0.010226025246083736, -0.9998724460601807, -0.012269586324691772, 0.00531005859375], [0.006616795901209116, 0.012337621301412582, -0.9999020099639893, 1.4801654815673828], [0.9999257922172546, 0.010143838822841644, 0.006742116529494524, -1.73486328125], [0.0, 0.0, 0.0, 1.0]], [[-0.844012439250946, -0.5361323356628418, -0.014321589842438698, 1.090576171875], [0.01464999932795763, 0.0036468161270022392, -0.9998860359191895, 1.4930744171142578], [0.5361234545707703, -0.8441261053085327, 0.004776378627866507, -1.277496337890625], [0.0, 0.0, 0.0, 1.0]], [[0.9478734731674194, 0.3186197280883789, -0.004151958040893078, -1.144287109375], [-0.010707108303904533, 0.018824949860572815, -0.9997654557228088, 1.5620439052581787], [-0.3184668719768524, 0.9476956725120544, 0.021255169063806534, -0.1560516357421875], [0.0, 0.0, 0.0, 1.0]], [[0.00923951342701912, 0.9998943209648132, 0.011225474998354912, -0.02886962890625], [-0.008584859780967236, 0.011304858140647411, -0.9998992085456848, 1.5680603981018066], [-0.9999204277992249, 0.009142214432358742, 0.008688404224812984, 0.0443115234375], [0.0, 0.0, 0.0, 1.0]], [[-0.9237353205680847, 0.3830312490463257, -0.0003090139653068036, 1.16064453125], [-0.004398195073008537, -0.011413583531975746, -0.9999251961708069, 1.5478096008300781], [-0.3830060660839081, -0.9236648678779602, 0.01222777646034956, -0.0435791015625], [0.0, 0.0, 0.0, 1.0]]], "view": [[0.0, -2.0, 100.0], [-2.0, 0.0, 100.0], [0.0, 0.0, 1.0]], "bev": "bev_166d5519f9f04aa981b7c44d15abaae3.png", "aux": "aux_166d5519f9f04aa981b7c44d15abaae3.npz", "visibility": "visibility_166d5519f9f04aa981b7c44d15abaae3.png", "pose": [[0.9999971985816956, 0.0023618973791599274, 0.0, 1900.288818359375], [-0.0023618973791599274, 0.9999971985816956, 0.0, 866.481689453125], [0.0, 0.0, 1.0, 0.0], [0.0, 0.0, 0.0, 1.0]], "pose_inverse": [[0.9999971985816956, -0.0023618973791599274, 0.0, -1898.2369384765625], [0.0023618973791599274, 0.9999971985816956, 0.0, -870.967529296875], [0.0, 0.0, 1.0, 0.0], [0.0, 0.0, 0.0, 1.0]], "cam_ids": [0, 1, 2, 3, 4, 5], "cam_channels": ["CAM_FRONT_LEFT", "CAM_FRONT", "CAM_FRONT_RIGHT", "CAM_BACK_LEFT", "CAM_BACK", "CAM_BACK_RIGHT"], "token": "166d5519f9f04aa981b7c44d15abaae3", "scene": "scene-0066"}, {"images": ["samples/CAM_FRONT_LEFT/n008-2018-08-01-15-52-19-0400__CAM_FRONT_LEFT__1533153407354981.jpg", "samples/CAM_FRONT/n008-2018-08-01-15-52-19-0400__CAM_FRONT__1533153407362404.jpg", "samples/CAM_FRONT_RIGHT/n008-2018-08-01-15-52-19-0400__CAM_FRONT_RIGHT__1533153407371157.jpg", "samples/CAM_BACK_LEFT/n008-2018-08-01-15-52-19-0400__CAM_BACK_LEFT__1533153407397405.jpg", "samples/CAM_BACK/n008-2018-08-01-15-52-19-0400__CAM_BACK__1533153407387558.jpg", "samples/CAM_BACK_RIGHT/n008-2018-08-01-15-52-19-0400__CAM_BACK_RIGHT__1533153407378113.jpg"], "intrinsics": [[[1257.8625342125129, 0.0, 827.2410631095686], [0.0, 1257.8625342125129, 450.915498205774], [0.0, 0.0, 1.0]], [[1252.8131021185304, 0.0, 826.588114781398], [0.0, 1252.8131021185304, 469.9846626224581], [0.0, 0.0, 1.0]], [[1256.7485116440405, 0.0, 817.7887570959712], [0.0, 1256.7485116440403, 451.9541780095127], [0.0, 0.0, 1.0]], [[1254.9860565800168, 0.0, 829.5769333630991], [0.0, 1254.9860565800168, 467.1680561863987], [0.0, 0.0, 1.0]], [[796.8910634503094, 0.0, 857.7774326863696], [0.0, 796.8910634503094, 476.8848988407415], [0.0, 0.0, 1.0]], [[1249.9629280788233, 0.0, 825.3768045375984], [0.0, 1249.9629280788233, 462.54816385708756], [0.0, 0.0, 1.0]]], "extrinsics": [[[0.8225453495979309, -0.5686731934547424, -0.005489882081747055, -1.0048828125], [0.0046929302625358105, 0.01644042320549488, -0.999853789806366, 1.4882965087890625], [0.5686803460121155, 0.8223993182182312, 0.01619173213839531, -1.3336181640625], [0.0, 0.0, 0.0, 1.0]], [[0.010248092003166676, -0.9998724460601807, -0.012247350066900253, 0.00543212890625], [0.006650721188634634, 0.012315877713263035, -0.9999020099639893, 1.48016357421875], [0.9999253749847412, 0.01016563456505537, 0.006776086520403624, -1.734619140625], [0.0, 0.0, 0.0, 1.0]], [[-0.8440031409263611, -0.5361470580101013, -0.014323031529784203, 1.090576171875], [0.014672930352389812, 0.0036135551054030657, -0.9998857975006104, 1.4930706024169922], [0.5361375212669373, -0.8441168665885925, 0.004816995933651924, -1.277587890625], [0.0, 0.0, 0.0, 1.0]], [[0.9478718638420105, 0.31862446665763855, -0.004165870137512684, -1.14404296875], [-0.010711158625781536, 0.018793007358908653, -0.9997659921646118, 1.5620448589324951], [-0.31847164034843445, 0.9476946592330933, 0.021226201206445694, -0.1561431884765625], [0.0, 0.0, 0.0, 1.0]], [[0.00923257227987051, 0.9998947381973267, 0.01119302213191986, -0.02886962890625], [-0.008582045324146748, 0.011272319592535496, -0.9998995661735535, 1.568061351776123], [-0.9999206066131592, 0.009135586209595203, 0.008685214444994926, 0.044189453125], [0.0, 0.0, 0.0, 1.0]], [[-0.923740029335022, 0.38301989436149597, -0.000331603194354102, 1.16064453125], [-0.004386608023196459, -0.011445002630352974, -0.9999248385429382, 1.5478096008300781], [-0.3829948604106903, -0.923669159412384, 0.012252365238964558, -0.043701171875], [0.0, 0.0, 0.0, 1.0]]], "view": [[0.0, -2.0, 100.0], [-2.0, 0.0, 100.0], [0.0, 0.0, 1.0]], "bev": "bev_ca3857e4430f428fbced795ba949edd3.png", "aux": "aux_ca3857e4430f428fbced795ba949edd3.npz", "visibility": "visibility_ca3857e4430f428fbced795ba949edd3.png", "pose": [[0.9999971389770508, 0.0023919297382235527, 0.0, 1900.2886962890625], [-0.0023919297382235527, 0.9999971389770508, 0.0, 866.481689453125], [0.0, 0.0, 1.0, 0.0], [0.0, 0.0, 0.0, 1.0]], "pose_inverse": [[0.9999971389770508, -0.0023919297382235527, 0.0, -1898.210693359375], [0.0023919297382235527, 0.9999971389770508, 0.0, -871.0245971679688], [0.0, 0.0, 1.0, 0.0], [0.0, 0.0, 0.0, 1.0]], "cam_ids": [0, 1, 2, 3, 4, 5], "cam_channels": ["CAM_FRONT_LEFT", "CAM_FRONT", "CAM_FRONT_RIGHT", "CAM_BACK_LEFT", "CAM_BACK", "CAM_BACK_RIGHT"], "token": "ca3857e4430f428fbced795ba949edd3", "scene": "scene-0066"}, {"images": ["samples/CAM_FRONT_LEFT/n008-2018-08-01-15-52-19-0400__CAM_FRONT_LEFT__1533153407854799.jpg", "samples/CAM_FRONT/n008-2018-08-01-15-52-19-0400__CAM_FRONT__1533153407862404.jpg", "samples/CAM_FRONT_RIGHT/n008-2018-08-01-15-52-19-0400__CAM_FRONT_RIGHT__1533153407870482.jpg", "samples/CAM_BACK_LEFT/n008-2018-08-01-15-52-19-0400__CAM_BACK_LEFT__1533153407897405.jpg", "samples/CAM_BACK/n008-2018-08-01-15-52-19-0400__CAM_BACK__1533153407887558.jpg", "samples/CAM_BACK_RIGHT/n008-2018-08-01-15-52-19-0400__CAM_BACK_RIGHT__1533153407878113.jpg"], "intrinsics": [[[1257.8625342125129, 0.0, 827.2410631095686], [0.0, 1257.8625342125129, 450.915498205774], [0.0, 0.0, 1.0]], [[1252.8131021185304, 0.0, 826.588114781398], [0.0, 1252.8131021185304, 469.9846626224581], [0.0, 0.0, 1.0]], [[1256.7485116440405, 0.0, 817.7887570959712], [0.0, 1256.7485116440403, 451.9541780095127], [0.0, 0.0, 1.0]], [[1254.9860565800168, 0.0, 829.5769333630991], [0.0, 1254.9860565800168, 467.1680561863987], [0.0, 0.0, 1.0]], [[796.8910634503094, 0.0, 857.7774326863696], [0.0, 796.8910634503094, 476.8848988407415], [0.0, 0.0, 1.0]], [[1249.9629280788233, 0.0, 825.3768045375984], [0.0, 1249.9629280788233, 462.54816385708756], [0.0, 0.0, 1.0]]], "extrinsics": [[[0.8225477933883667, -0.5686697959899902, -0.005462751258164644, -1.0050048828125], [0.004746748600155115, 0.01647067628800869, -0.9998530745506287, 1.4882946014404297], [0.5686762928962708, 0.8224009871482849, 0.016247250139713287, -1.333251953125], [0.0, 0.0, 0.0, 1.0]], [[0.010251657105982304, -0.999872088432312, -0.01228095032274723, 0.00531005859375], [0.006706180050969124, 0.012350067496299744, -0.9999012351036072, 1.4801673889160156], [0.9999249577522278, 0.0101682860404253, 0.006831930484622717, -1.7347412109375], [0.0, 0.0, 0.0, 1.0]], [[-0.8440011739730835, -0.5361480712890625, -0.014393297955393791, 1.0908203125], [0.014727313071489334, 0.003659007139503956, -0.999884843826294, 1.4930706024169922], [0.5361389517784119, -0.8441160321235657, 0.004807813558727503, -1.27764892578125], [0.0, 0.0, 0.0, 1.0]], [[0.9478694796562195, 0.3186323344707489, -0.004123533610254526, -1.144287109375], [-0.010668504051864147, 0.018798397853970528, -0.9997663497924805, 1.5620417594909668], [-0.3184804320335388, 0.9476918578147888, 0.02121775969862938, -0.156219482421875], [0.0, 0.0, 0.0, 1.0]], [[0.009231171570718288, 0.9998946189880371, 0.011203481815755367, -0.0289306640625], [-0.008539077825844288, 0.011282374151051044, -0.9998998641967773, 1.568061351776123], [-0.9999210238456726, 0.00913457851856947, 0.008642327040433884, 0.0440673828125], [0.0, 0.0, 0.0, 1.0]], [[-0.9237405061721802, 0.3830186724662781, -0.00036266990355215967, 1.16064453125], [-0.004342003259807825, -0.01141857448965311, -0.9999253749847412, 1.547811508178711], [-0.3829941749572754, -0.9236699938774109, 0.01221086923032999, -0.043701171875], [0.0, 0.0, 0.0, 1.0]]], "view": [[0.0, -2.0, 100.0], [-2.0, 0.0, 100.0], [0.0, 0.0, 1.0]], "bev": "bev_db2f0c648d724b38b97e4be53c30c14c.png", "aux": "aux_db2f0c648d724b38b97e4be53c30c14c.npz", "visibility": "visibility_db2f0c648d724b38b97e4be53c30c14c.png", "pose": [[0.9999967813491821, 0.0025370551738888025, 0.0, 1900.288818359375], [-0.0025370551738888025, 0.9999967813491821, 0.0, 866.481689453125], [0.0, 0.0, 1.0, 0.0], [0.0, 0.0, 0.0, 1.0]], "pose_inverse": [[0.9999967813491821, -0.0025370551738888025, 0.0, -1898.0843505859375], [0.0025370551738888025, 0.9999967813491821, 0.0, -871.300048828125], [0.0, 0.0, 1.0, 0.0], [0.0, 0.0, 0.0, 1.0]], "cam_ids": [0, 1, 2, 3, 4, 5], "cam_channels": ["CAM_FRONT_LEFT", "CAM_FRONT", "CAM_FRONT_RIGHT", "CAM_BACK_LEFT", "CAM_BACK", "CAM_BACK_RIGHT"], "token": "db2f0c648d724b38b97e4be53c30c14c", "scene": "scene-0066"}, {"images": ["samples/CAM_FRONT_LEFT/n008-2018-08-01-15-52-19-0400__CAM_FRONT_LEFT__1533153408354799.jpg", "samples/CAM_FRONT/n008-2018-08-01-15-52-19-0400__CAM_FRONT__1533153408362404.jpg", "samples/CAM_FRONT_RIGHT/n008-2018-08-01-15-52-19-0400__CAM_FRONT_RIGHT__1533153408370482.jpg", "samples/CAM_BACK_LEFT/n008-2018-08-01-15-52-19-0400__CAM_BACK_LEFT__1533153408397405.jpg", "samples/CAM_BACK/n008-2018-08-01-15-52-19-0400__CAM_BACK__1533153408387558.jpg", "samples/CAM_BACK_RIGHT/n008-2018-08-01-15-52-19-0400__CAM_BACK_RIGHT__1533153408378113.jpg"], "intrinsics": [[[1257.8625342125129, 0.0, 827.2410631095686], [0.0, 1257.8625342125129, 450.915498205774], [0.0, 0.0, 1.0]], [[1252.8131021185304, 0.0, 826.588114781398], [0.0, 1252.8131021185304, 469.9846626224581], [0.0, 0.0, 1.0]], [[1256.7485116440405, 0.0, 817.7887570959712], [0.0, 1256.7485116440403, 451.9541780095127], [0.0, 0.0, 1.0]], [[1254.9860565800168, 0.0, 829.5769333630991], [0.0, 1254.9860565800168, 467.1680561863987], [0.0, 0.0, 1.0]], [[796.8910634503094, 0.0, 857.7774326863696], [0.0, 796.8910634503094, 476.8848988407415], [0.0, 0.0, 1.0]], [[1249.9629280788233, 0.0, 825.3768045375984], [0.0, 1249.9629280788233, 462.54816385708756], [0.0, 0.0, 1.0]]], "extrinsics": [[[0.8225338459014893, -0.5686904788017273, -0.005412490107119083, -1.0048828125], [0.004804778378456831, 0.016465524211525917, -0.9998528361320496, 1.4882946014404297], [0.5686959028244019, 0.8223868608474731, 0.016275880858302116, -1.3333740234375], [0.0, 0.0, 0.0, 1.0]], [[0.010235188528895378, -0.9998722076416016, -0.012283901683986187, 0.00537109375], [0.00676540145650506, 0.012353506870567799, -0.9999008178710938, 1.4801654815673828], [0.9999247789382935, 0.010151068679988384, 0.006890976335853338, -1.734619140625], [0.0, 0.0, 0.0, 1.0]], [[-0.8440062403678894, -0.5361387133598328, -0.014448164962232113, 1.090576171875], [0.014797494746744633, 0.0036507549230009317, -0.9998838305473328, 1.4930744171142578], [0.5361291766166687, -0.8441219925880432, 0.004852248355746269, -1.277618408203125], [0.0, 0.0, 0.0, 1.0]], [[0.947873055934906, 0.3186228275299072, -0.0040342235006392, -1.14404296875], [-0.010581988841295242, 0.01882193610072136, -0.9997668266296387, 1.562044620513916], [-0.31847262382507324, 0.947694718837738, 0.021212467923760414, -0.156097412109375], [0.0, 0.0, 0.0, 1.0]], [[0.009234857745468616, 0.9998944401741028, 0.01121899951249361, -0.02886962890625], [-0.008461147546768188,