[{"images": ["samples/CAM_FRONT_LEFT/n008-2018-08-28-13-40-50-0400__CAM_FRONT_LEFT__1535478116104799.jpg", "samples/CAM_FRONT/n008-2018-08-28-13-40-50-0400__CAM_FRONT__1535478116112404.jpg", "samples/CAM_FRONT_RIGHT/n008-2018-08-28-13-40-50-0400__CAM_FRONT_RIGHT__1535478116120482.jpg", "samples/CAM_BACK_LEFT/n008-2018-08-28-13-40-50-0400__CAM_BACK_LEFT__1535478116147405.jpg", "samples/CAM_BACK/n008-2018-08-28-13-40-50-0400__CAM_BACK__1535478116137558.jpg", "samples/CAM_BACK_RIGHT/n008-2018-08-28-13-40-50-0400__CAM_BACK_RIGHT__1535478116128113.jpg"], "intrinsics": [[[1257.8625342125129, 0.0, 827.2410631095686], [0.0, 1257.8625342125129, 450.915498205774], [0.0, 0.0, 1.0]], [[1252.8131021185304, 0.0, 826.588114781398], [0.0, 1252.8131021185304, 469.9846626224581], [0.0, 0.0, 1.0]], [[1256.7485116440405, 0.0, 817.7887570959712], [0.0, 1256.7485116440403, 451.9541780095127], [0.0, 0.0, 1.0]], [[1254.9860565800168, 0.0, 829.5769333630991], [0.0, 1254.9860565800168, 467.1680561863987], [0.0, 0.0, 1.0]], [[796.8910634503094, 0.0, 857.7774326863696], [0.0, 796.8910634503094, 476.8848988407415], [0.0, 0.0, 1.0]], [[1249.9629280788233, 0.0, 825.3768045375984], [0.0, 1249.9629280788233, 462.54816385708756], [0.0, 0.0, 1.0]]], "extrinsics": [[[0.8221706748008728, -0.5692281126976013, -0.00383559032343328, -0.775390625], [0.010205419734120369, 0.021476631984114647, -0.9997172355651855, 1.4911069869995117], [0.5691496133804321, 0.8218991160392761, 0.023466667160391808, -1.17584228515625], [0.0, 0.0, 0.0, 1.0]], [[0.009661107324063778, -0.9998037219047546, -0.01729969121515751, 0.0086669921875], [0.012160398997366428, 0.017416689544916153, -0.9997743964195251, 1.4829349517822266], [0.9998794198036194, 0.009448545053601265, 0.012326275929808617, -1.50537109375], [0.0, 0.0, 0.0, 1.0]], [[-0.8442423343658447, -0.5355201959609985, -0.021749446168541908, 0.9412841796875], [0.0201873816549778, 0.008778633549809456, -0.9997576475143433, 1.4966468811035156], [0.5355813503265381, -0.8444768786430359, 0.003399454988539219, -1.1820068359375], [0.0, 0.0, 0.0, 1.0]], [[0.9478886127471924, 0.3185872733592987, 0.003077490720897913, -1.1368408203125], [-0.004858759231865406, 0.024113085120916367, -0.9996974468231201, 1.5620079040527344], [-0.3185650706291199, 0.9475867748260498, 0.024404458701610565, -0.158447265625], [0.0, 0.0, 0.0, 1.0]], [[0.009401839226484299, 0.9998194575309753, 0.01651638001203537, -0.02850341796875], [-0.002842032816261053, 0.016543760895729065, -0.999859094619751, 1.5678596496582031], [-0.9999518394470215, 0.009353592060506344, 0.0029970614705234766, -0.025146484375], [0.0, 0.0, 0.0, 1.0]], [[-0.9235509634017944, 0.38345974683761597, -0.0034988143015652895, 1.0413818359375], [0.0012038439745083451, -0.006224730052053928, -0.9999798536300659, 1.547971248626709], [-0.38347378373146057, -0.9235366582870483, 0.005287229083478451, -0.0926513671875], [0.0, 0.0, 0.0, 1.0]]], "view": [[0.0, -2.0, 100.0], [-2.0, 0.0, 100.0], [0.0, 0.0, 1.0]], "bev": "bev_a234177a3f244ab1b93a01a09257abc6.png", "aux": "aux_a234177a3f244ab1b93a01a09257abc6.npz", "visibility": "visibility_a234177a3f244ab1b93a01a09257abc6.png", "pose": [[0.44832843542099, -0.8938689231872559, 0.0, 1153.02392578125], [0.8938689231872559, 0.44832843542099, 0.0, 1593.7611083984375], [0.0, 0.0, 1.0, 0.0], [0.0, 0.0, 0.0, 1.0]], "pose_inverse": [[0.44832843542099, 0.8938689231872559, 0.0, -1941.546875], [-0.8938689231872559, 0.44832843542099, 0.0, 316.123779296875], [0.0, 0.0, 1.0, 0.0], [0.0, 0.0, 0.0, 1.0]], "cam_ids": [0, 1, 2, 3, 4, 5], "cam_channels": ["CAM_FRONT_LEFT", "CAM_FRONT", "CAM_FRONT_RIGHT", "CAM_BACK_LEFT", "CAM_BACK", "CAM_BACK_RIGHT"], "token": "a234177a3f244ab1b93a01a09257abc6", "scene": "scene-0500"}, {"images": ["samples/CAM_FRONT_LEFT/n008-2018-08-28-13-40-50-0400__CAM_FRONT_LEFT__1535478116604799.jpg", "samples/CAM_FRONT/n008-2018-08-28-13-40-50-0400__CAM_FRONT__1535478116612404.jpg", "samples/CAM_FRONT_RIGHT/n008-2018-08-28-13-40-50-0400__CAM_FRONT_RIGHT__1535478116620482.jpg", "samples/CAM_BACK_LEFT/n008-2018-08-28-13-40-50-0400__CAM_BACK_LEFT__1535478116647405.jpg", "samples/CAM_BACK/n008-2018-08-28-13-40-50-0400__CAM_BACK__1535478116637558.jpg", "samples/CAM_BACK_RIGHT/n008-2018-08-28-13-40-50-0400__CAM_BACK_RIGHT__1535478116628113.jpg"], "intrinsics": [[[1257.8625342125129, 0.0, 827.2410631095686], [0.0, 1257.8625342125129, 450.915498205774], [0.0, 0.0, 1.0]], [[1252.8131021185304, 0.0, 826.588114781398], [0.0, 1252.8131021185304, 469.9846626224581], [0.0, 0.0, 1.0]], [[1256.7485116440405, 0.0, 817.7887570959712], [0.0, 1256.7485116440403, 451.9541780095127], [0.0, 0.0, 1.0]], [[1254.9860565800168, 0.0, 829.5769333630991], [0.0, 1254.9860565800168, 467.1680561863987], [0.0, 0.0, 1.0]], [[796.8910634503094, 0.0, 857.7774326863696], [0.0, 796.8910634503094, 476.8848988407415], [0.0, 0.0, 1.0]], [[1249.9629280788233, 0.0, 825.3768045375984], [0.0, 1249.9629280788233, 462.54816385708756], [0.0, 0.0, 1.0]]], "extrinsics": [[[0.8221553564071655, -0.5692599415779114, -0.0019018094753846526, -0.7635498046875], [0.012305877171456814, 0.021112646907567978, -0.9997013807296753, 1.4918251037597656], [0.5691300630569458, 0.8218864798545837, 0.024363121017813683, -1.16961669921875], [0.0, 0.0, 0.0, 1.0]], [[0.009778330102562904, -0.9998096227645874, -0.01688361167907715, 0.009857177734375], [0.014231538400053978, 0.01702185533940792, -0.9997538328170776, 1.4835643768310547], [0.9998509287834167, 0.009535644203424454, 0.014395276084542274, -1.4931640625], [0.0, 0.0, 0.0, 1.0]], [[-0.8440847992897034, -0.5357059240341187, -0.02323739230632782, 0.9327392578125], [0.022220412269234657, 0.008353333920240402, -0.999718189239502, 1.4972419738769531], [0.5357490181922913, -0.8443633913993835, 0.004852683749049902, -1.17529296875], [0.0, 0.0, 0.0, 1.0]], [[0.9478753805160522, 0.3186092972755432, 0.004512192215770483, -1.134033203125], [-0.003151634940877557, 0.023534394800662994, -0.9997180700302124, 1.562006950378418], [-0.31862565875053406, 0.9475939273834229, 0.023311814293265343, -0.1595458984375], [0.0, 0.0, 0.0, 1.0]], [[0.00929537694901228, 0.9998283386230469, 0.016029417514801025, -0.028961181640625], [-0.0010360681917518377, 0.016039730980992317, -0.999870777130127, 1.5679707527160645], [-0.9999562501907349, 0.00927758403122425, 0.0011849853908643126, -0.0311279296875], [0.0, 0.0, 0.0, 1.0]], [[-0.9236017465591431, 0.38331419229507446, -0.005469115450978279, 1.032958984375], [0.003147511975839734, -0.00668359873816371, -0.9999727010726929, 1.5482525825500488], [-0.3833402097225189, -0.9235938191413879, 0.004966498352587223, -0.09539794921875], [0.0, 0.0, 0.0, 1.0]]], "view": [[0.0, -2.0, 100.0], [-2.0, 0.0, 100.0], [0.0, 0.0, 1.0]], "bev": "bev_e8f368fe8bab481fbff276fe70a8473e.png", "aux": "aux_e8f368fe8bab481fbff276fe70a8473e.npz", "visibility": "visibility_e8f368fe8bab481fbff276fe70a8473e.png", "pose": [[0.44442829489707947, -0.8958144187927246, 0.0, 1154.5067138671875], [0.8958144187927246, 0.44442829489707947, 0.0, 1596.6597900390625], [0.0, 0.0, 1.0, 0.0], [0.0, 0.0, 0.0, 1.0]], "pose_inverse": [[0.44442829489707947, 0.8958144187927246, 0.0, -1943.4063720703125], [-0.8958144187927246, 0.44442829489707947, 0.0, 324.6230163574219], [0.0, 0.0, 1.0, 0.0], [0.0, 0.0, 0.0, 1.0]], "cam_ids": [0, 1, 2, 3, 4, 5], "cam_channels": ["CAM_FRONT_LEFT", "CAM_FRONT", "CAM_FRONT_RIGHT", "CAM_BACK_LEFT", "CAM_BACK", "CAM_BACK_RIGHT"], "token": "e8f368fe8bab481fbff276fe70a8473e", "scene": "scene-0500"}, {"images": ["samples/CAM_FRONT_LEFT/n008-2018-08-28-13-40-50-0400__CAM_FRONT_LEFT__1535478117104799.jpg", "samples/CAM_FRONT/n008-2018-08-28-13-40-50-0400__CAM_FRONT__1535478117112404.jpg", "samples/CAM_FRONT_RIGHT/n008-2018-08-28-13-40-50-0400__CAM_FRONT_RIGHT__1535478117120482.jpg", "samples/CAM_BACK_LEFT/n008-2018-08-28-13-40-50-0400__CAM_BACK_LEFT__1535478117147405.jpg", "samples/CAM_BACK/n008-2018-08-28-13-40-50-0400__CAM_BACK__1535478117137558.jpg", "samples/CAM_BACK_RIGHT/n008-2018-08-28-13-40-50-0400__CAM_BACK_RIGHT__1535478117128113.jpg"], "intrinsics": [[[1257.8625342125129, 0.0, 827.2410631095686], [0.0, 1257.8625342125129, 450.915498205774], [0.0, 0.0, 1.0]], [[1252.8131021185304, 0.0, 826.588114781398], [0.0, 1252.8131021185304, 469.9846626224581], [0.0, 0.0, 1.0]], [[1256.7485116440405, 0.0, 817.7887570959712], [0.0, 1256.7485116440403, 451.9541780095127], [0.0, 0.0, 1.0]], [[1254.9860565800168, 0.0, 829.5769333630991], [0.0, 1254.9860565800168, 467.1680561863987], [0.0, 0.0, 1.0]], [[796.8910634503094, 0.0, 857.7774326863696], [0.0, 796.8910634503094, 476.8848988407415], [0.0, 0.0, 1.0]], [[1249.9629280788233, 0.0, 825.3768045375984], [0.0, 1249.9629280788233, 462.54816385708756], [0.0, 0.0, 1.0]]], "extrinsics": [[[0.8222649693489075, -0.5690990090370178, -0.0025840734597295523, -0.7628173828125], [0.016438301652669907, 0.028289152309298515, -0.9994645714759827, 1.4930648803710938], [0.5688674449920654, 0.8217822313308716, 0.03261619806289673, -1.16802978515625], [0.0, 0.0, 0.0, 1.0]], [[0.010024435818195343, -0.9996603727340698, -0.024057157337665558, 0.009185791015625], [0.018528930842876434, 0.024239933118224144, -0.9995344877243042, 1.4846172332763672], [0.9997780919075012, 0.009574051946401596, 0.018765628337860107, -1.49267578125], [0.0, 0.0, 0.0, 1.0]], [[-0.843889594078064, -0.535626232624054, -0.030901411548256874, 0.9327392578125], [0.026688719168305397, 0.015615928918123245, -0.999521791934967, 1.4980621337890625], [0.5358526706695557, -0.8443107604980469, 0.0011170587968081236, -1.1763916015625], [0.0, 0.0, 0.0, 1.0]], [[0.9478170871734619, 0.3186061680316925, 0.01152921561151743, -1.134765625], [0.0017535496735945344, 0.030952412635087967, -0.9995192885398865, 1.5620617866516113], [-0.3188098967075348, 0.9473816752433777, 0.02877853438258171, -0.15911865234375], [0.0, 0.0, 0.0, 1.0]], [[0.009114408865571022, 0.9996844530105591, 0.023409869521856308, -0.028533935546875], [0.0037959518376737833, 0.023376083001494408, -0.999719500541687, 1.5683355331420898], [-0.9999513030052185, 0.00920072477310896, -0.0035816957242786884, -0.0302734375], [0.0, 0.0, 0.0, 1.0]], [[-0.9236165881156921, 0.38325434923171997, -0.006969765294343233, 1.0338134765625], [0.007799397688359022, 0.00061082246247679, -0.9999693632125854, 1.548879623413086], [-0.383238285779953, -0.9236426949501038, -0.003553317626938224, -0.09564208984375], [0.0, 0.0, 0.0, 1.0]]], "view": [[0.0, -2.0, 100.0], [-2.0, 0.0, 100.0], [0.0, 0.0, 1.0]], "bev": "bev_6ba010d66cc1403ebbd86cab23bc82d3.png", "aux": "aux_6ba010d66cc1403ebbd86cab23bc82d3.npz", "visibility": "visibility_6ba010d66cc1403ebbd86cab23bc82d3.png", "pose": [[0.4431201219558716, -0.8964622616767883, 0.0, 1156.0079345703125], [0.8964622616767883, 0.4431201219558716, 0.0, 1599.6141357421875], [0.0, 0.0, 1.0, 0.0], [0.0, 0.0, 0.0, 1.0]], "pose_inverse": [[0.4431201219558716, 0.8964622616767883, 0.0, -1946.2440185546875], [-0.8964622616767883, 0.4431201219558716, 0.0, 327.4962463378906], [0.0, 0.0, 1.0, 0.0], [0.0, 0.0, 0.0, 1.0]], "cam_ids": [0, 1, 2, 3, 4, 5], "cam_channels": ["CAM_FRONT_LEFT", "CAM_FRONT", "CAM_FRONT_RIGHT", "CAM_BACK_LEFT", "CAM_BACK", "CAM_BACK_RIGHT"], "token": "6ba010d66cc1403ebbd86cab23bc82d3", "scene": "scene-0500"}, {"images": ["samples/CAM_FRONT_LEFT/n008-2018-08-28-13-40-50-0400__CAM_FRONT_LEFT__1535478117604799.jpg", "samples/CAM_FRONT/n008-2018-08-28-13-40-50-0400__CAM_FRONT__1535478117612404.jpg", "samples/CAM_FRONT_RIGHT/n008-2018-08-28-13-40-50-0400__CAM_FRONT_RIGHT__1535478117620482.jpg", "samples/CAM_BACK_LEFT/n008-2018-08-28-13-40-50-0400__CAM_BACK_LEFT__1535478117647405.jpg", "samples/CAM_BACK/n008-2018-08-28-13-40-50-0400__CAM_BACK__1535478117637558.jpg", "samples/CAM_BACK_RIGHT/n008-2018-08-28-13-40-50-0400__CAM_BACK_RIGHT__1535478117628113.jpg"], "intrinsics": [[[1257.8625342125129, 0.0, 827.2410631095686], [0.0, 1257.8625342125129, 450.915498205774], [0.0, 0.0, 1.0]], [[1252.8131021185304, 0.0, 826.588114781398], [0.0, 1252.8131021185304, 469.9846626224581], [0.0, 0.0, 1.0]], [[1256.7485116440405, 0.0, 817.7887570959712], [0.0, 1256.7485116440403, 451.9541780095127], [0.0, 0.0, 1.0]], [[1254.9860565800168, 0.0, 829.5769333630991], [0.0, 1254.9860565800168, 467.1680561863987], [0.0, 0.0, 1.0]], [[796.8910634503094, 0.0, 857.7774326863696], [0.0, 796.8910634503094, 476.8848988407415], [0.0, 0.0, 1.0]], [[1249.9629280788233, 0.0, 825.3768045375984], [0.0, 1249.9629280788233, 462.54816385708756], [0.0, 0.0, 1.0]]], "extrinsics": [[[0.822708249092102, -0.568313717842102, -0.013065436854958534, -0.7449951171875], [0.0035874568857252598, 0.028173865750432014, -0.9995965957641602, 1.4893929958343506], [0.5684525966644287, 0.8223294615745544, 0.025217672809958458, -1.15509033203125], [0.0, 0.0, 0.0, 1.0]], [[0.010411152616143227, -0.9996609091758728, -0.02386847697198391, 0.00872802734375], [0.005356509238481522, 0.023925183340907097, -0.9996994137763977, 1.4815441370010376], [0.9999313950538635, 0.01028016023337841, 0.0056037819012999535, -1.47412109375], [0.0, 0.0, 0.0, 1.0]], [[-0.8439951539039612, -0.5360060334205627, -0.019221048802137375, 0.9197998046875], [0.013185759074985981, 0.015090257860720158, -0.9997991919517517, 1.4957389831542969], [0.5361884832382202, -0.8440791964530945, -0.0056684608571231365, -1.168701171875], [0.0, 0.0, 0.0, 1.0]], [[0.9478656649589539, 0.3186625838279724, -0.0021678360644727945, -1.134765625], [-0.012276352383196354, 0.02971675433218479, -0.9994829297065735, 1.5619277954101562], [-0.3184334337711334, 0.9474021792411804, 0.032079510390758514, -0.15924072265625], [0.0, 0.0, 0.0, 1.0]], [[0.009235763922333717, 0.9997079968452454, 0.022329609841108322, -0.0283203125], [-0.010191898792982101, 0.02242351323366165, -0.9996966123580933, 1.5672435760498047], [-0.9999053478240967, 0.009005418978631496, 0.010396022349596024, -0.0360107421875], [0.0, 0.0, 0.0, 1.0]], [[-0.9237529635429382, 0.38294997811317444, 0.00545279448851943, 1.02392578125], [-0.005949380341917276, -0.00011244248889852315, -0.9999822378158569, 1.546931266784668], [-0.3829424977302551, -0.9237691164016724, 0.00238218461163342, -0.100189208984375], [0.0, 0.0, 0.0, 1.0]]], "view": [[0.0, -2.0, 100.0], [-2.0, 0.0, 100.0], [0.0, 0.0, 1.0]], "bev": "bev_f10b6232cf9243a2815ee44c11e45fc5.png", "aux": "aux_f10b6232cf9243a2815ee44c11e45fc5.npz", "visibility": "visibility_f10b6232cf9243a2815ee44c11e45fc5.png", "pose": [[0.4414843022823334, -0.8972689509391785, 0.0, 1157.57958984375], [0.8972689509391785, 0.4414843022823334, 0.0, 1602.764404296875], [0.0, 0.0, 1.0, 0.0], [0.0, 0.0, 0.0, 1.0]], "pose_inverse": [[0.4414843022823334, 0.8972689509391785, 0.0, -1949.1639404296875], [-0.8972689509391785, 0.4414843022823334, 0.0, 331.0649108886719], [0.0, 0.0, 1.0, 0.0], [0.0, 0.0, 0.0, 1.0]], "cam_ids": [0, 1, 2, 3, 4, 5], "cam_channels": ["CAM_FRONT_LEFT", "CAM_FRONT", "CAM_FRONT_RIGHT", "CAM_BACK_LEFT", "CAM_BACK", "CAM_BACK_RIGHT"], "token": "f10b6232cf9243a2815ee44c11e45fc5", "scene": "scene-0500"}, {"images": ["samples/CAM_FRONT_LEFT/n008-2018-08-28-13-40-50-0400__CAM_FRONT_LEFT__1535478118104799.jpg", "samples/CAM_FRONT/n008-2018-08-28-13-40-50-0400__CAM_FRONT__1535478118112404.jpg", "samples/CAM_FRONT_RIGHT/n008-2018-08-28-13-40-50-0400__CAM_FRONT_RIGHT__1535478118120499.jpg", "samples/CAM_BACK_LEFT/n008-2018-08-28-13-40-50-0400__CAM_BACK_LEFT__1535478118147405.jpg", "samples/CAM_BACK/n008-2018-08-28-13-40-50-0400__CAM_BACK__1535478118137558.jpg", "samples/CAM_BACK_RIGHT/n008-2018-08-28-13-40-50-0400__CAM_BACK_RIGHT__1535478118128113.jpg"], "intrinsics": [[[1257.8625342125129, 0.0, 827.2410631095686], [0.0, 1257.8625342125129, 450.915498205774], [0.0, 0.0, 1.0]], [[1252.8131021185304, 0.0, 826.588114781398], [0.0, 1252.8131021185304, 469.9846626224581], [0.0, 0.0, 1.0]], [[1256.7485116440405, 0.0, 817.7887570959712], [0.0, 1256.7485116440403, 451.9541780095127], [0.0, 0.0, 1.0]], [[1254.9860565800168, 0.0, 829.5769333630991], [0.0, 1254.9860565800168, 467.1680561863987], [0.0, 0.0, 1.0]], [[796.8910634503094, 0.0, 857.7774326863696], [0.0, 796.8910634503094, 476.8848988407415], [0.0, 0.0, 1.0]], [[1249.9629280788233, 0.0, 825.3768045375984], [0.0, 1249.9629280788233, 462.54816385708756], [0.0, 0.0, 1.0]]], "extrinsics": [[[0.8225855231285095, -0.5686144232749939, -0.005541685502976179, -0.7508544921875], [0.00906550232321024, 0.022857600823044777, -0.9996976256370544, 1.4911003112792969], [0.5685691237449646, 0.8222866058349609, 0.023957109078764915, -1.157470703125], [0.0, 0.0, 0.0, 1.0]], [[0.010236374102532864, -0.9997749328613281, -0.018581222742795944, 0.007720947265625], [0.011077224276959896, 0.018694432452321053, -0.9997639060020447, 1.4829864501953125], [0.9998862743377686, 0.010028090327978134, 0.011266093701124191, -1.4805908203125], [0.0, 0.0, 0.0, 1.0]], [[-0.8440233469009399, -0.5358750820159912, -0.02150665782392025, 0.9251708984375], [0.019158590584993362, 0.009948867373168468, -0.9997668862342834, 1.496826171875], [0.5359641313552856, -0.8442386388778687, 0.0018695335602387786, -1.1732177734375], [0.0, 0.0, 0.0, 1.0]], [[0.9478760957717896, 0.31863266229629517, 0.00203768745996058, -1.1395263671875], [-0.006220121402293444, 0.024896759539842606, -0.999670684337616, 1.5620136260986328], [-0.31857848167419434, 0.9475512504577637, 0.02558097615838051, -0.15753173828125], [0.0, 0.0, 0.0, 1.0]], [[0.009236641228199005, 0.9998053312301636, 0.017435548827052116, -0.0279541015625], [-0.004086123779416084, 0.01747388392686844, -0.9998389482498169, 1.567758560180664], [-0.999949038028717, 0.009163879789412022, 0.004246728494763374, -0.0301513671875], [0.0, 0.0, 0.0, 1.0]], [[-0.9236831068992615, 0.383151650428772, -0.0021025389432907104, 1.030029296875], [0.00013434466382022947, -0.005163541063666344, -0.9999866485595703, 1.5478291511535645], [-0.383157342672348, -0.9236710071563721, 0.0047180005349218845, -0.098175048828125], [0.0, 0.0, 0.0, 1.0]]], "view": [[0.0, -2.0, 100.0], [-2.0, 0.0, 100.0], [0.0, 0.0, 1.0]], "bev": "bev_95fe0479f3ee43c591a124abc18136d3.png", "aux": "aux_95fe0479f3ee43c591a124abc18136d3.npz", "visibility": "visibility_95fe0479f3ee43c591a124abc18136d3.png", "pose": [[0.4388808608055115, -0.8985452651977539, 0.0, 1159.165283203125], [0.8985452651977539, 0.4388808608055115, 0.0, 1605.9840087890625], [0.0, 0.0, 1.0, 0.0], [0.0, 0.0, 0.0, 1.0]], "pose_inverse": [[0.4388808608055115, 0.8985452651977539, 0.0, -1951.7847900390625], [-0.8985452651977539, 0.4388808608055115, 0.0, 336.7268371582031], [0.0, 0.0, 1.0, 0.0], [0.0, 0.0, 0.0, 1.0]], "cam_ids": [0, 1, 2, 3, 4, 5], "cam_channels": ["CAM_FRONT_LEFT", "CAM_FRONT", "CAM_FRONT_RIGHT", "CAM_BACK_LEFT", "CAM_BACK", "CAM_BACK_RIGHT"], "token": "95fe0479f3ee43c591a124abc18136d3", "scene": "scene-0500"}, {"images": ["samples/CAM_FRONT_LEFT/n008-2018-08-28-13-40-50-0400__CAM_FRONT_LEFT__1535478118604799.jpg", "samples/CAM_FRONT/n008-2018-08-28-13-40-50-0400__CAM_FRONT__1535478118612404.jpg", "samples/CAM_FRONT_RIGHT/n008-2018-08-28-13-40-50-0400__CAM_FRONT_RIGHT__1535478118620482.jpg", "samples/CAM_BACK_LEFT/n008-2018-08-28-13-40-50-0400__CAM_BACK_LEFT__1535478118647405.jpg", "samples/CAM_BACK/n008-2018-08-28-13-40-50-0400__CAM_BACK__1535478118637558.jpg", "samples/CAM_BACK_RIGHT/n008-2018-08-28-13-40-50-0400__CAM_BACK_RIGHT__1535478118628113.jpg"], "intrinsics": [[[1257.8625342125129, 0.0, 827.2410631095686], [0.0, 1257.8625342125129, 450.915498205774], [0.0, 0.0, 1.0]], [[1252.8131021185304, 0.0, 826.588114781398], [0.0, 1252.8131021185304, 469.9846626224581], [0.0, 0.0, 1.0]], [[1256.7485116440405, 0.0, 817.7887570959712], [0.0, 1256.7485116440403, 451.9541780095127], [0.0, 0.0, 1.0]], [[1254.9860565800168, 0.0, 829.5769333630991], [0.0, 1254.9860565800168, 467.1680561863987], [0.0, 0.0, 1.0]], [[796.8910634503094, 0.0, 857.7774326863696], [0.0, 796.8910634503094, 476.8848988407415], [0.0, 0.0, 1.0]], [[1249.9629280788233, 0.0, 825.3768045375984], [0.0, 1249.9629280788233, 462.54816385708756], [0.0, 0.0, 1.0]]], "extrinsics": [[[0.822748601436615, -0.5683839917182922, -0.00494746770709753, -0.7401123046875], [0.007653080392628908, 0.019780494272708893, -0.9997749924659729, 1.4907331466674805], [0.5683539509773254, 0.8225256204605103, 0.02062426134943962, -1.1517333984375], [0.0, 0.0, 0.0, 1.0]], [[0.010547363199293613, -0.9998242855072021, -0.015496604144573212, 0.009124755859375], [0.009598412550985813, 0.015597984194755554, -0.999832272529602, 1.4826784133911133], [0.9998983144760132, 0.01039687916636467, 0.00976124219596386, -1.471435546875], [0.0, 0.0, 0.0, 1.0]], [[-0.8438571095466614, -0.5362481474876404, -0.018522638827562332, 0.9208984375], [0.017602190375328064, 0.00683564692735672, -0.999821662902832, 1.4966201782226562], [0.5362791419029236, -0.8440327644348145, 0.0036708314437419176, -1.1688232421875], [0.0, 0.0, 0.0, 1.0]], [[0.9478846192359924, 0.31861376762390137, -0.00027102939202450216, -1.1439208984375], [-0.007619450334459543, 0.0218176431953907, -0.9997329115867615, 1.562042236328125], [-0.3185228407382965, 0.9476335048675537, 0.02310827188193798, -0.15618896484375], [0.0, 0.0, 0.0, 1.0]], [[0.009127404540777206, 0.9998563528060913, 0.014283155091106892, -0.028533935546875], [-0.005533471703529358, 0.014334035106003284, -0.9998819231987, 1.5676488876342773], [-0.9999430775642395, 0.009047333151102066, 0.005663509014993906, -0.0294189453125], [0.0, 0.0, 0.0, 1.0]], [[-0.9237867593765259, 0.38290274143218994, -0.001873830915428698, 1.0269775390625], [-0.0014137248508632183, -0.008304315619170666, -0.9999644756317139, 1.5476129055023193], [-0.3829047381877899, -0.9237512350082397, 0.008212736807763577, -0.098602294921875], [0.0, 0.0, 0.0, 1.0]]], "view": [[0.0, -2.0, 100.0], [-2.0, 0.0, 100.0], [0.0, 0.0, 1.0]], "bev": "bev_39d6e8b2192d40b891d2b7ab8f8c0009.png", "aux": "aux_39d6e8b2192d40b891d2b7ab8f8c0009.npz", "visibility": "visibility_39d6e8b2192d40b891d2b7ab8f8c0009.png", "pose": [[0.44153520464897156, -0.8972439169883728, 0.0, 1160.8114013671875], [0.8972439169883728, 0.44153520464897156, 0.0, 1609.314208984375], [0.0, 0.0, 1.0, 0.0], [0.0, 0.0, 0.0, 1.0]], "pose_inverse": [[0.44153520464897156, 0.8972439169883728, 0.0, -1956.4864501953125], [-0.8972439169883728, 0.44153520464897156, 0.0, 330.9621276855469], [0.0, 0.0, 1.0, 0.0], [0.0, 0.0, 0.0, 1.0]], "cam_ids": [0, 1, 2, 3, 4, 5], "cam_channels": ["CAM_FRONT_LEFT", "CAM_FRONT", "CAM_FRONT_RIGHT", "CAM_BACK_LEFT", "CAM_BACK", "CAM_BACK_RIGHT"], "token": "39d6e8b2192d40b891d2b7ab8f8c0009", "scene": "scene-0500"}, {"images": ["samples/CAM_FRONT_LEFT/n008-2018-08-28-13-40-50-0400__CAM_FRONT_LEFT__1535478119104799.jpg", "samples/CAM_FRONT/n008-2018-08-28-13-40-50-0400__CAM_FRONT__1535478119112404.jpg", "samples/CAM_FRONT_RIGHT/n008-2018-08-28-13-40-50-0400__CAM_FRONT_RIGHT__1535478119120482.jpg", "samples/CAM_BACK_LEFT/n008-2018-08-28-13-40-50-0400__CAM_BACK_LEFT__1535478119147405.jpg", "samples/CAM_BACK/n008-2018-08-28-13-40-50-0400__CAM_BACK__1535478119137558.jpg", "samples/CAM_BACK_RIGHT/n008-2018-08-28-13-40-50-0400__CAM_BACK_RIGHT__1535478119128113.jpg"], "intrinsics": [[[1257.8625342125129, 0.0, 827.2410631095686], [0.0, 1257.8625342125129, 450.915498205774], [0.0, 0.0, 1.0]], [[1252.8131021185304, 0.0, 826.588114781398], [0.0, 1252.8131021185304, 469.9846626224581], [0.0, 0.0, 1.0]], [[1256.7485116440405, 0.0, 817.7887570959712], [0.0, 1256.7485116440403, 451.9541780095127], [0.0, 0.0, 1.0]], [[1254.9860565800168, 0.0, 829.5769333630991], [0.0, 1254.9860565800168, 467.1680561863987], [0.0, 0.0, 1.0]], [[796.8910634503094, 0.0, 857.7774326863696], [0.0, 796.8910634503094, 476.8848988407415], [0.0, 0.0, 1.0]], [[1249.9629280788233, 0.0, 825.3768045375984], [0.0, 1249.9629280788233, 462.54816385708756], [0.0, 0.0, 1.0]]], "extrinsics": [[[0.8228992819786072, -0.5681735277175903, -0.003964582923799753, -0.7274169921875], [0.007379401009529829, 0.01766425557434559, -0.9998167157173157, 1.4907703399658203], [0.5681394338607788, 0.8227192163467407, 0.01872868277132511, -1.14239501953125], [0.0, 0.0, 0.0, 1.0]], [[0.01085073035210371, -0.999851405620575, -0.013393674977123737, 0.00872802734375], [0.009265489876270294, 0.013494422659277916, -0.9998660683631897, 1.482736587524414], [0.9998981952667236, 0.010725201107561588, 0.009410538710653782, -1.45654296875], [0.0, 0.0, 0.0, 1.0]], [[-0.8436762690544128, -0.5365808606147766, -0.017070643603801727, 0.9090576171875], [0.017210958525538445, 0.004747550468891859, -0.9998406171798706, 1.4967803955078125], [0.5365763306617737, -0.8438355922698975, 0.005229674279689789, -1.16162109375], [0.0, 0.0, 0.0, 1.0]], [[0.9478808045387268, 0.3186211884021759, -0.0015750267775729299, -1.140869140625], [-0.008316194638609886, 0.01979811303317547, -0.999769389629364, 1.5620136260986328], [-0.3185165226459503, 0.947675347328186, 0.021415967494249344, -0.1572265625], [0.0, 0.0, 0.0, 1.0]], [[0.009003241546452045, 0.9998845458030701, 0.012245116755366325, -0.028411865234375], [-0.006233719177544117, 0.012301497161388397, -0.9999048709869385, 1.5675544738769531], [-0.999940037727356, 0.008926060050725937, 0.006343752611428499, -0.036376953125], [0.0, 0.0, 0.0, 1.0]], [[-0.923885703086853, 0.38266226649284363, -0.002184541430324316, 1.0166015625], [-0.001928747515194118, -0.010365176945924759, -0.9999443888664246, 1.5475146770477295], [-0.38266363739967346, -0.9238300919532776, 0.010314298793673515, -0.1029052734375], [0.0, 0.0, 0.0, 1.0]]], "view": [[0.0, -2.0, 100.0], [-2.0, 0.0, 100.0], [0.0, 0.0, 1.0]], "bev": "bev_16431549d645458cbdb04d998a93ec5e.png", "aux": "aux_16431549d645458cbdb04d998a93ec5e.npz", "visibility": "visibility_16431549d645458cbdb04d998a93ec5e.png", "pose": [[0.44405698776245117, -0.8959985375404358, 0.0, 1162.54931640625], [0.8959985375404358, 0.44405698776245117, 0.0, 1612.788330078125], [0.0, 0.0, 1.0, 0.0], [0.0, 0.0, 0.0, 1.0]], "pose_inverse": [[0.44405698776245117, 0.8959985375404358, 0.0, -1961.294189453125], [-0.8959985375404358, 0.44405698776245117, 0.0, 325.47259521484375], [0.0, 0.0, 1.0, 0.0], [0.0, 0.0, 0.0, 1.0]], "cam_ids": [0, 1, 2, 3, 4, 5], "cam_channels": ["CAM_FRONT_LEFT", "CAM_FRONT", "CAM_FRONT_RIGHT", "CAM_BACK_LEFT", "CAM_BACK", "CAM_BACK_RIGHT"], "token": "16431549d645458cbdb04d998a93ec5e", "scene": "scene-0500"}, {"images": ["samples/CAM_FRONT_LEFT/n008-2018-08-28-13-40-50-0400__CAM_FRONT_LEFT__1535478119604799.jpg", "samples/CAM_FRONT/n008-2018-08-28-13-40-50-0400__CAM_FRONT__1535478119612404.jpg", "samples/CAM_FRONT_RIGHT/n008-2018-08-28-13-40-50-0400__CAM_FRONT_RIGHT__1535478119620482.jpg", "samples/CAM_BACK_LEFT/n008-2018-08-28-13-40-50-0400__CAM_BACK_LEFT__1535478119647405.jpg", "samples/CAM_BACK/n008-2018-08-28-13-40-50-0400__CAM_BACK__1535478119637558.jpg", "samples/CAM_BACK_RIGHT/n008-2018-08-28-13-40-50-0400__CAM_BACK_RIGHT__1535478119628113.jpg"], "intrinsics": [[[1257.8625342125129, 0.0, 827.2410631095686], [0.0, 1257.8625342125129, 450.915498205774], [0.0, 0.0, 1.0]], [[1252.8131021185304, 0.0, 826.588114781398], [0.0, 1252.8131021185304, 469.9846626224581], [0.0, 0.0, 1.0]], [[1256.7485116440405, 0.0, 817.7887570959712], [0.0, 1256.7485116440403, 451.9541780095127], [0.0, 0.0, 1.0]], [[1254.9860565800168, 0.0, 829.5769333630991], [0.0, 1254.9860565800168, 467.1680561863987], [0.0, 0.0, 1.0]], [[796.8910634503094, 0.0, 857.7774326863696], [0.0, 796.8910634503094, 476.8848988407415], [0.0, 0.0, 1.0]], [[1249.9629280788233, 0.0, 825.3768045375984], [0.0, 1249.9629280788233, 462.54816385708756], [0.0, 0.0, 1.0]]], "extrinsics": [[[0.8226075768470764, -0.5686004757881165, -0.0032218662090599537, -0.7176513671875], [0.01011879276484251, 0.020303944125771523, -0.9997426271438599, 1.49176025390625], [0.5685195922851562, 0.8223631978034973, 0.0224557276815176, -1.13763427734375], [0.0, 0.0, 0.0, 1.0]], [[0.010400611907243729, -0.9998162388801575, -0.016098616644740105, 0.01031494140625], [0.012159331701695919, 0.016224753111600876, -0.9997944235801697, 1.483612060546875], [0.9998720288276672, 0.010202792473137379, 0.012325846590101719, -1.448486328125], [0.0, 0.0, 0.0, 1.0]], [[-0.8438613414764404, -0.5361434817314148, -0.021174607798457146, 0.904541015625], [0.02027624286711216, 0.0075713167898356915, -0.9997657537460327, 1.4975509643554688], [0.5361781716346741, -0.8440929055213928, 0.004481832031160593, -1.1578369140625], [0.0, 0.0, 0.0, 1.0]], [[0.9478837847709656, 0.3186062276363373, 0.002564969938248396, -1.13818359375], [-0.004968840163201094, 0.02283116988837719, -0.9997270107269287, 1.5620136260986328], [-0.31857776641845703, 0.9476121664047241, 0.023224396631121635, -0.15802001953125], [0.0, 0.0, 0.0, 1.0]], [[0.009127511642873287, 0.9998418092727661, 0.015269549563527107, -0.028717041015625], [-0.0029595098458230495, 0.01529712975025177, -0.9998785853385925, 1.5677995681762695], [-0.9999539852142334, 0.009081278927624226, 0.0030986664351075888, -0.04052734375], [0.0, 0.0, 0.0, 1.0]], [[-0.9237498641014099, 0.3829755485057831, -0.003996855579316616, 1.01220703125], [0.0012379065155982971, -0.007450152654200792, -0.9999714493751526, 1.548017978668213], [-0.38299429416656494, -0.9237284660339355, 0.00640798918902874, -0.103973388671875], [0.0, 0.0, 0.0, 1.0]]], "view": [[0.0, -2.0, 100.0], [-2.0, 0.0, 100.0], [0.0, 0.0, 1.0]], "bev": "bev_488d35599fef4af0b92d8608e9f029f8.png", "aux": "aux_488d35599fef4af0b92d8608e9f029f8.npz", "visibility": "visibility_488d35599fef4af0b92d8608e9f029f8.png", "pose": [[0.4460439682006836, -0.8950110673904419, 0.0, 1164.316162109375], [0.8950110673904419, 0.4460439682006836, 0.0, 1616.2950439453125], [0.0, 0.0, 1.0, 0.0], [0.0, 0.0, 0.0, 1.0]], "pose_inverse": [[0.4460439682006836, 0.8950110673904419, 0.0, -1965.9381103515625], [-0.8950110673904419, 0.4460439682006836, 0.0, 321.1371765136719], [0.0, 0.0, 1.0, 0.0], [0.0, 0.0, 0.0, 1.0]], "cam_ids": [0, 1, 2, 3, 4, 5], "cam_channels": ["CAM_FRONT_LEFT", "CAM_FRONT", "CAM_FRONT_RIGHT", "CAM_BACK_LEFT", "CAM_BACK", "CAM_BACK_RIGHT"], "token": "488d35599fef4af0b92d8608e9f029f8", "scene": "scene-0500"}, {"images": ["samples/CAM_FRONT_LEFT/n008-2018-08-28-13-40-50-0400__CAM_FRONT_LEFT__1535478120104799.jpg", "samples/CAM_FRONT/n008-2018-08-28-13-40-50-0400__CAM_FRONT__1535478120112404.jpg", "samples/CAM_FRONT_RIGHT/n008-2018-08-28-13-40-50-0400__CAM_FRONT_RIGHT__1535478120120482.jpg", "samples/CAM_BACK_LEFT/n008-2018-08-28-13-40-50-0400__CAM_BACK_LEFT__1535478120147405.jpg", "samples/CAM_BACK/n008-2018-08-28-13-40-50-0400__CAM_BACK__1535478120137558.jpg", "samples/CAM_BACK_RIGHT/n008-2018-08-28-13-40-50-0400__CAM_BACK_RIGHT__1535478120128113.jpg"], "intrinsics": [[[1257.8625342125129, 0.0, 827.2410631095686], [0.0, 1257.8625342125129, 450.915498205774], [0.0, 0.0, 1.0]], [[1252.8131021185304, 0.0, 826.588114781398], [0.0, 1252.8131021185304, 469.9846626224581], [0.0, 0.0, 1.0]], [[1256.7485116440405, 0.0, 817.7887570959712], [0.0, 1256.7485116440403, 451.9541780095127], [0.0, 0.0, 1.0]], [[1254.9860565800168, 0.0, 829.5769333630991], [0.0, 1254.9860565800168, 467.1680561863987], [0.0, 0.0, 1.0]], [[796.8910634503094, 0.0, 857.7774326863696], [0.0, 796.8910634503094, 476.8848988407415], [0.0, 0.0, 1.0]], [[1249.9629280788233, 0.0, 825.3768045375984], [0.0, 1249.9629280788233, 462.54816385708756], [0.0, 0.0, 1.0]]], "extrinsics": [[[0.8230441212654114, -0.5679705142974854, -0.002802303759381175, -0.7078857421875], [0.009754708968102932, 0.019068274646997452, -0.9997705817222595, 1.4917535781860352], [0.5678936839103699, 0.8228279948234558, 0.02123441733419895, -1.1312255859375], [0.0, 0.0, 0.0, 1.0]], [[0.011119489558041096, -0.9998284578323364, -0.0148111991584301, 0.010650634765625], [0.0121894720941782, 0.014946548268198967, -0.999813973903656, 1.4837493896484375], [0.999863862991333, 0.01093688141554594, 0.012353578582406044, -1.4384765625], [0.0, 0.0, 0.0, 1.0]], [[-0.8435017466545105, -0.5367221832275391, -0.02083318866789341, 0.89794921875], [0.020713651552796364, 0.006253342609852552, -0.9997658729553223, 1.4978141784667969], [0.5367267727851868, -0.8437358736991882, 0.005842770449817181, -1.1531982421875], [0.0, 0.0, 0.0, 1.0]], [[0.9478658437728882, 0.3186425268650055, 0.004169677849858999, -1.1380615234375], [-0.0029052123427391052, 0.02172473818063736, -0.9997597932815552, 1.5620231628417969], [-0.3186565935611725, 0.9476259350776672, 0.021517861634492874, -0.15814208984375], [0.0, 0.0, 0.0, 1.0]], [[0.008863932453095913, 0.9998621940612793, 0.014035441912710667, -0.028717041015625], [-0.0014817590126767755, 0.014049110934138298, -0.9999001622200012, 1.5679211616516113], [-0.9999595880508423, 0.008842255920171738, 0.0016060845227912068, -0.0433349609375], [0.0, 0.0, 0.0, 1.0]], [[-0.9239255785942078, 0.38253602385520935, -0.005258959252387285, 1.0067138671875], [0.0020563965663313866, -0.008780318312346935, -0.9999593496322632, 1.5481629371643066], [-0.3825666308403015, -0.9238988161087036, 0.007325715851038694, -0.10626220703125], [0.0, 0.0, 0.0, 1.0]]], "view": [[0.0, -2.0, 100.0], [-2.0, 0.0, 100.0], [0.0, 0.0, 1.0]], "bev": "bev_a53fea7417004ed9abae02485f27e504.png", "aux": "aux_a53fea7417004ed9abae02485f27e504.npz", "visibility": "visibility_a53fea7417004ed9abae02485f27e504.png", "pose": [[0.44977882504463196, -0.8931399583816528, 0.0, 1166.18505859375], [0.8931399583816528, 0.44977882504463196, 0.0, 1619.96826171875], [0.0, 0.0, 1.0, 0.0], [0.0, 0.0, 0.0, 1.0]], "pose_inverse": [[0.44977882504463196, 0.8931399583816528, 0.0, -1971.3837890625], [-0.8931399583816528, 0.44977882504463196, 0.0, 312.9390869140625], [0.0, 0.0, 1.0, 0.0], [0.0, 0.0, 0.0, 1.0]], "cam_ids": [0, 1, 2, 3, 4, 5], "cam_channels": ["CAM_FRONT_LEFT", "CAM_FRONT", "CAM_FRONT_RIGHT", "CAM_BACK_LEFT", "CAM_BACK", "CAM_BACK_RIGHT"], "token": "a53fea7417004ed9abae02485f27e504", "scene": "scene-0500"}, {"images": ["samples/CAM_FRONT_LEFT/n008-2018-08-28-13-40-50-0400__CAM_FRONT_LEFT__1535478120654799.jpg", "samples/CAM_FRONT/n008-2018-08-28-13-40-50-0400__CAM_FRONT__1535478120662404.jpg", "samples/CAM_FRONT_RIGHT/n008-2018-08-28-13-40-50-0400__CAM_FRONT_RIGHT__1535478120670482.jpg", "samples/CAM_BACK_LEFT/n008-2018-08-28-13-40-50-0400__CAM_BACK_LEFT__1535478120697405.jpg", "samples/CAM_BACK/n008-2018-08-28-13-40-50-0400__CAM_BACK__1535478120687558.jpg", "samples/CAM_BACK_RIGHT/n008-2018-08-28-13-40-50-0400__CAM_BACK_RIGHT__1535478120678113.jpg"], "intrinsics": [[[1257.8625342125129, 0.0, 827.2410631095686], [0.0, 1257.8625342125129, 450.915498205774], [0.0, 0.0, 1.0]], [[1252.8131021185304, 0.0, 826.588114781398], [0.0, 1252.8131021185304, 469.9846626224581], [0.0, 0.0, 1.0]], [[1256.7485116440405, 0.0, 817.7887570959712], [0.0, 1256.7485116440403, 451.9541780095127], [0.0, 0.0, 1.0]], [[1254.9860565800168, 0.0, 829.5769333630991], [0.0, 1254.9860565800168, 467.1680561863987], [0.0, 0.0, 1.0]], [[796.8910634503094, 0.0, 857.7774326863696], [0.0, 796.8910634503094, 476.8848988407415], [0.0, 0.0, 1.0]], [[1249.9629280788233, 0.0, 825.3768045375984], [0.0, 1249.9629280788233, 462.54816385708756], [0.0, 0.0, 1.0]]], "extrinsics": [[[0.8220667839050293, -0.5693356394767761, 0.00795116275548935, -0.717529296875], [0.026497839018702507, 0.024303721264004707, -0.9993533492088318, 1.4975051879882812], [0.5687742233276367, 0.8217459321022034, 0.035065438598394394, -1.13616943359375], [0.0, 0.0, 0.0, 1.0]], [[0.009848362766206264, -0.9997500777244568, -0.020069215446710587, 0.009552001953125], [0.028599513694643974, 0.02034359611570835, -0.9993839263916016, 1.4883804321289062], [0.9995424747467041, 0.009268348105251789, 0.028792714700102806, -1.446533203125], [0.0, 0.0, 0.0, 1.0]], [[-0.8437509536743164, -0.5354383587837219, -0.037283167243003845, 0.9027099609375], [0.036662183701992035, 0.011806683614850044, -0.9992579221725464, 1.501251220703125], [0.5354812145233154, -0.8444917798042297, 0.009668435901403427, -1.156982421875], [0.0, 0.0, 0.0, 1.0]], [[0.9476995468139648, 0.31856927275657654, 0.019472507759928703, -1.1376953125], [0.011335537768900394, 0.02737637422978878, -0.9995608925819397, 1.5621137619018555], [-0.3189625144004822, 0.9475042223930359, 0.02233342081308365, -0.15826416015625], [0.0, 0.0, 0.0, 1.0]], [[0.009107708930969238, 0.9997605681419373, 0.01989716663956642, -0.028656005859375], [0.013489303179085255, 0.019773343577980995, -0.9997134208679199, 1.5692100524902344], [-0.9998674988746643, 0.009373527020215988, -0.013305983506143093, -0.041748046875], [0.0, 0.0, 0.0, 1.0]], [[-0.923378050327301, 0.3834947645664215, -0.01745409332215786, 1.010498046875], [0.01761251874268055, -0.0030985812190920115, -0.9998400807380676, 1.5506744384765625], [-0.38348743319511414, -0.9235379099845886, -0.0038931462913751602, -0.10498046875], [0.0, 0.0, 0.0, 1.0]]], "view": [[0.0, -2.0, 100.0], [-2.0, 0.0, 100.0], [0.0, 0.0, 1.0]], "bev": "bev_03403a448e4b47a68fb12694125c134d.png", "aux": "aux_03403a448e4b47a68fb12694125c134d.npz", "visibility": "visibility_03403a448e4b47a68fb12694125c134d.png", "pose": [[0.45254185795783997, -0.8917431831359863, 0.0, 1168.2039794921875], [0.8917431831359863, 0.45254185795783997, 0.0, 1623.910888671875], [0.0, 0.0, 1.0, 0.0], [0.0, 0.0, 0.0, 1.0]], "pose_inverse": [[0.45254185795783997, 0.8917431831359863, 0.0, -1976.7725830078125], [-0.8917431831359863, 0.45254185795783997, 0.0, 306.8502502441406], [0.0, 0.0, 1.0, 0.0], [0.0, 0.0, 0.0, 1.0]], "cam_ids": [0, 1, 2, 3, 4, 5], "cam_channels": ["CAM_FRONT_LEFT", "CAM_FRONT", "CAM_FRONT_RIGHT", "CAM_BACK_LEFT", "CAM_BACK", "CAM_BACK_RIGHT"], "token": "03403a448e4b47a68fb12694125c134d", "scene": "scene-0500"}, {"images": ["samples/CAM_FRONT_LEFT/n008-2018-08-28-13-40-50-0400__CAM_FRONT_LEFT__1535478121154799.jpg", "samples/CAM_FRONT/n008-2018-08-28-13-40-50-0400__CAM_FRONT__1535478121162404.jpg", "samples/CAM_FRONT_RIGHT/n008-2018-08-28-13-40-50-0400__CAM_FRONT_RIGHT__1535478121170482.jpg", "samples/CAM_BACK_LEFT/n008-2018-08-28-13-40-50-0400__CAM_BACK_LEFT__1535478121197405.jpg", "samples/CAM_BACK/n008-2018-08-28-13-40-50-0400__CAM_BACK__1535478121187558.jpg", "samples/CAM_BACK_RIGHT/n008-2018-08-28-13-40-50-0400__CAM_BACK_RIGHT__1535478121178113.jpg"], "intrinsics": [[[1257.8625342125129, 0.0, 827.2410631095686], [0.0, 1257.8625342125129, 450.915498205774], [0.0, 0.0, 1.0]], [[1252.8131021185304, 0.0, 826.588114781398], [0.0, 1252.8131021185304, 469.9846626224581], [0.0, 0.0, 1.0]], [[1256.7485116440405, 0.0, 817.7887570959712], [0.0, 1256.7485116440403, 451.9541780095127], [0.0, 0.0, 1.0]], [[1254.9860565800168, 0.0, 829.5769333630991], [0.0, 1254.9860565800168, 467.1680561863987], [0.0, 0.0, 1.0]], [[796.8910634503094, 0.0, 857.7774326863696], [0.0, 796.8910634503094, 476.8848988407415], [0.0, 0.0, 1.0]], [[1249.9629280788233, 0.0, 825.3768045375984], [0.0, 1249.9629280788233, 462.54816385708756], [0.0, 0.0, 1.0]]], "extrinsics": [[[0.8223556876182556, -0.5689710378646851, 0.0017339976038783789, -0.7327880859375], [0.01831118017435074, 0.023419594392180443, -0.9995579719543457, 1.494293212890625], [0.5686789751052856, 0.8220239877700806, 0.02967776730656624, -1.14727783203125], [0.0, 0.0, 0.0, 1.0]], [[0.010026568546891212, -0.9997674226760864, -0.019095581024885178, 0.009613037109375], [0.020373433828353882, 0.019296826794743538, -0.999606192111969, 1.4856986999511719], [0.9997421503067017, 0.009633583016693592, 0.020562175661325455, -1.4617919921875], [0.0, 0.0, 0.0, 1.0]], [[-0.8438926935195923, -0.5356886386871338, -0.02971123345196247, 0.9119873046875], [0.028464289382100105, 0.010597051121294498, -0.9995386600494385, 1.4991111755371094], [0.5357563495635986, -0.8443491458892822, 0.006305220536887646, -1.1627197265625], [0.0, 0.0, 0.0, 1.0]], [[0.9478298425674438, 0.3185771703720093, 0.011280044913291931, -1.13427734375], [0.003251336980611086, 0.025722302496433258, -0.9996638298034668, 1.5620741844177246], [-0.3187602460384369, 0.9475478529930115, 0.02334456332027912, -0.159423828125], [0.0, 0.0, 0.0, 1.0]], [[0.009192412719130516, 0.9997908473014832, 0.01827056333422661, -0.028472900390625], [0.0053162225522100925, 0.01822221279144287, -0.999819815158844, 1.56850