[{"images": ["samples/CAM_FRONT_LEFT/n015-2018-10-08-15-52-24+0800__CAM_FRONT_LEFT__1538985270254844.jpg", "samples/CAM_FRONT/n015-2018-10-08-15-52-24+0800__CAM_FRONT__1538985270262460.jpg", "samples/CAM_FRONT_RIGHT/n015-2018-10-08-15-52-24+0800__CAM_FRONT_RIGHT__1538985270270339.jpg", "samples/CAM_BACK_LEFT/n015-2018-10-08-15-52-24+0800__CAM_BACK_LEFT__1538985270297423.jpg", "samples/CAM_BACK/n015-2018-10-08-15-52-24+0800__CAM_BACK__1538985270287525.jpg", "samples/CAM_BACK_RIGHT/n015-2018-10-08-15-52-24+0800__CAM_BACK_RIGHT__1538985270277893.jpg"], "intrinsics": [[[1272.5979470598488, 0.0, 826.6154927353808], [0.0, 1272.5979470598488, 479.75165386361925], [0.0, 0.0, 1.0]], [[1266.417203046554, 0.0, 816.2670197447984], [0.0, 1266.417203046554, 491.50706579294757], [0.0, 0.0, 1.0]], [[1260.8474446004698, 0.0, 807.968244525554], [0.0, 1260.8474446004698, 495.3344268742088], [0.0, 0.0, 1.0]], [[1256.7414812095406, 0.0, 792.1125740759628], [0.0, 1256.7414812095406, 492.7757465151356], [0.0, 0.0, 1.0]], [[809.2209905677063, 0.0, 829.2196003259838], [0.0, 809.2209905677063, 481.77842384512485], [0.0, 0.0, 1.0]], [[1259.5137405846733, 0.0, 807.2529053838625], [0.0, 1259.5137405846733, 501.19579884916527], [0.0, 0.0, 1.0]]], "extrinsics": [[[0.8118290901184082, -0.582115113735199, 0.04555636644363403, -0.8345038294792175], [0.059099167585372925, 0.004298302810639143, -0.9982428550720215, 1.5176620483398438], [0.5808964967727661, 0.813094973564148, 0.03789201006293297, -1.189208984375], [0.0, 0.0, 0.0, 1.0]], [[-0.00521415751427412, -0.9999861121177673, -0.0006997570162639022, 0.0057373046875], [0.05374932289123535, 0.0004184942226856947, -0.9985544085502625, 1.5275802612304688], [0.9985408186912537, -0.005244200583547354, 0.05374639853835106, -1.5614013671875], [0.0, 0.0, 0.0, 1.0]], [[-0.8355816006660461, -0.546135425567627, -0.05949339270591736, 0.94775390625], [0.059523649513721466, 0.017654499039053917, -0.9980707168579102, 1.5096969604492188], [0.5461320877075195, -0.8375108242034912, 0.017756199464201927, -1.19219970703125], [0.0, 0.0, 0.0, 1.0]], [[0.9460048079490662, 0.3184341788291931, 0.060618385672569275, -1.1397705078125], [0.06819228827953339, -0.012680316343903542, -0.9975916147232056, 1.5887260437011719], [-0.3168986141681671, 0.9478601217269897, -0.03371039777994156, -0.10467529296875], [0.0, 0.0, 0.0, 1.0]], [[0.006031284108757973, 0.9999790787696838, -0.0023274049162864685, 0.002685546875], [0.042729541659355164, -0.002583038993179798, -0.9990833401679993, 1.5810127258300781], [-0.9990684986114502, 0.005926323123276234, -0.042744230479002, -0.03680419921875], [0.0, 0.0, 0.0, 1.0]], [[-0.9302566647529602, 0.36097389459609985, -0.06572877615690231, 1.067047119140625], [0.0753309428691864, 0.012577950954437256, -0.9970792531967163, 1.5570144653320312], [-0.3590928614139557, -0.9324911236763, -0.03889323025941849, -0.0894775390625], [0.0, 0.0, 0.0, 1.0]]], "view": [[0.0, -2.0, 100.0], [-2.0, 0.0, 100.0], [0.0, 0.0, 1.0]], "bev": "bev_adbaa460d79041c08059cf5913a895c2.png", "aux": "aux_adbaa460d79041c08059cf5913a895c2.npz", "visibility": "visibility_adbaa460d79041c08059cf5913a895c2.png", "pose": [[0.9879323244094849, -0.15488602221012115, 0.0, 781.13134765625], [0.15488602221012115, 0.9879323244094849, 0.0, 1553.352294921875], [0.0, 0.0, 1.0, 0.0], [0.0, 0.0, 0.0, 1.0]], "pose_inverse": [[0.9879323244094849, 0.15488602221012115, 0.0, -1012.2974853515625], [-0.15488602221012115, 0.9879323244094849, 0.0, -1413.62060546875], [0.0, 0.0, 1.0, 0.0], [0.0, 0.0, 0.0, 1.0]], "cam_ids": [0, 1, 2, 3, 4, 5], "cam_channels": ["CAM_FRONT_LEFT", "CAM_FRONT", "CAM_FRONT_RIGHT", "CAM_BACK_LEFT", "CAM_BACK", "CAM_BACK_RIGHT"], "token": "adbaa460d79041c08059cf5913a895c2", "scene": "scene-0426"}, {"images": ["samples/CAM_FRONT_LEFT/n015-2018-10-08-15-52-24+0800__CAM_FRONT_LEFT__1538985270754844.jpg", "samples/CAM_FRONT/n015-2018-10-08-15-52-24+0800__CAM_FRONT__1538985270762460.jpg", "samples/CAM_FRONT_RIGHT/n015-2018-10-08-15-52-24+0800__CAM_FRONT_RIGHT__1538985270770339.jpg", "samples/CAM_BACK_LEFT/n015-2018-10-08-15-52-24+0800__CAM_BACK_LEFT__1538985270797423.jpg", "samples/CAM_BACK/n015-2018-10-08-15-52-24+0800__CAM_BACK__1538985270787525.jpg", "samples/CAM_BACK_RIGHT/n015-2018-10-08-15-52-24+0800__CAM_BACK_RIGHT__1538985270777900.jpg"], "intrinsics": [[[1272.5979470598488, 0.0, 826.6154927353808], [0.0, 1272.5979470598488, 479.75165386361925], [0.0, 0.0, 1.0]], [[1266.417203046554, 0.0, 816.2670197447984], [0.0, 1266.417203046554, 491.50706579294757], [0.0, 0.0, 1.0]], [[1260.8474446004698, 0.0, 807.968244525554], [0.0, 1260.8474446004698, 495.3344268742088], [0.0, 0.0, 1.0]], [[1256.7414812095406, 0.0, 792.1125740759628], [0.0, 1256.7414812095406, 492.7757465151356], [0.0, 0.0, 1.0]], [[809.2209905677063, 0.0, 829.2196003259838], [0.0, 809.2209905677063, 481.77842384512485], [0.0, 0.0, 1.0]], [[1259.5137405846733, 0.0, 807.2529053838625], [0.0, 1259.5137405846733, 501.19579884916527], [0.0, 0.0, 1.0]]], "extrinsics": [[[0.8121239542961121, -0.5818448066711426, 0.04371829703450203, -0.84271240234375], [0.05761599540710449, 0.0054074483923614025, -0.9983241558074951, 1.5168380737304688], [0.5806333422660828, 0.813281774520874, 0.03791508451104164, -1.19482421875], [0.0, 0.0, 0.0, 1.0]], [[-0.004910487215965986, -0.999985933303833, -0.0019971614237874746, 0.0057373046875], [0.05206795781850815, 0.0017387927509844303, -0.998642086982727, 1.5269050598144531], [0.998631477355957, -0.005007830448448658, 0.052058685570955276, -1.5697021484375], [0.0, 0.0, 0.0, 1.0]], [[-0.8355734348297119, -0.5462290048599243, -0.05874413624405861, 0.9534912109375], [0.057602763175964355, 0.019230717793107033, -0.9981542825698853, 1.5091018676757812], [0.5463505983352661, -0.8374150991439819, 0.01539562176913023, -1.196075439453125], [0.0, 0.0, 0.0, 1.0]], [[0.9461121559143066, 0.31847625970840454, 0.05869109556078911, -1.1431884765625], [0.06535039842128754, -0.010255889967083931, -0.997809648513794, 1.5885009765625], [-0.31717684864997864, 0.9478753209114075, -0.030515775084495544, -0.10394287109375], [0.0, 0.0, 0.0, 1.0]], [[0.005875694565474987, 0.9999827146530151, -0.00023137740208767354, 0.0025634765625], [0.040253814309835434, -0.0004677147080656141, -0.9991893768310547, 1.5807380676269531], [-0.9991722106933594, 0.005861586891114712, -0.040255866944789886, -0.032470703125], [0.0, 0.0, 0.0, 1.0]], [[-0.9304475784301758, 0.36095574498176575, -0.06307199597358704, 1.07232666015625], [0.07318200170993805, 0.014394285157322884, -0.9972147345542908, 1.55645751953125], [-0.35904252529144287, -0.9324718713760376, -0.039808597415685654, -0.087646484375], [0.0, 0.0, 0.0, 1.0]]], "view": [[0.0, -2.0, 100.0], [-2.0, 0.0, 100.0], [0.0, 0.0, 1.0]], "bev": "bev_caa6d59899c74966977340db50d47b6e.png", "aux": "aux_caa6d59899c74966977340db50d47b6e.npz", "visibility": "visibility_caa6d59899c74966977340db50d47b6e.png", "pose": [[0.9539592862129211, -0.29993608593940735, 0.0, 782.8599853515625], [0.29993608593940735, 0.9539592862129211, 0.0, 1553.749267578125], [0.0, 0.0, 1.0, 0.0], [0.0, 0.0, 0.0, 1.0]], "pose_inverse": [[0.9539592862129211, 0.29993608593940735, 0.0, -1212.842041015625], [-0.29993608593940735, 0.9539592862129211, 0.0, -1247.4056396484375], [0.0, 0.0, 1.0, 0.0], [0.0, 0.0, 0.0, 1.0]], "cam_ids": [0, 1, 2, 3, 4, 5], "cam_channels": ["CAM_FRONT_LEFT", "CAM_FRONT", "CAM_FRONT_RIGHT", "CAM_BACK_LEFT", "CAM_BACK", "CAM_BACK_RIGHT"], "token": "caa6d59899c74966977340db50d47b6e", "scene": "scene-0426"}, {"images": ["samples/CAM_FRONT_LEFT/n015-2018-10-08-15-52-24+0800__CAM_FRONT_LEFT__1538985271254844.jpg", "samples/CAM_FRONT/n015-2018-10-08-15-52-24+0800__CAM_FRONT__1538985271262460.jpg", "samples/CAM_FRONT_RIGHT/n015-2018-10-08-15-52-24+0800__CAM_FRONT_RIGHT__1538985271270339.jpg", "samples/CAM_BACK_LEFT/n015-2018-10-08-15-52-24+0800__CAM_BACK_LEFT__1538985271297423.jpg", "samples/CAM_BACK/n015-2018-10-08-15-52-24+0800__CAM_BACK__1538985271287525.jpg", "samples/CAM_BACK_RIGHT/n015-2018-10-08-15-52-24+0800__CAM_BACK_RIGHT__1538985271277893.jpg"], "intrinsics": [[[1272.5979470598488, 0.0, 826.6154927353808], [0.0, 1272.5979470598488, 479.75165386361925], [0.0, 0.0, 1.0]], [[1266.417203046554, 0.0, 816.2670197447984], [0.0, 1266.417203046554, 491.50706579294757], [0.0, 0.0, 1.0]], [[1260.8474446004698, 0.0, 807.968244525554], [0.0, 1260.8474446004698, 495.3344268742088], [0.0, 0.0, 1.0]], [[1256.7414812095406, 0.0, 792.1125740759628], [0.0, 1256.7414812095406, 492.7757465151356], [0.0, 0.0, 1.0]], [[809.2209905677063, 0.0, 829.2196003259838], [0.0, 809.2209905677063, 481.77842384512485], [0.0, 0.0, 1.0]], [[1259.5137405846733, 0.0, 807.2529053838625], [0.0, 1259.5137405846733, 501.19579884916527], [0.0, 0.0, 1.0]]], "extrinsics": [[[0.8119613528251648, -0.5832772850990295, 0.022503886371850967, -0.828094482421875], [0.037586651742458344, 0.013772283680737019, -0.9991984963417053, 1.514434814453125], [0.5824998617172241, 0.8121563792228699, 0.0331059992313385, -1.1866455078125], [0.0, 0.0, 0.0, 1.0]], [[-0.006149925757199526, -0.9999288320541382, -0.010231703519821167, 0.0072021484375], [0.03206705302000046, 0.01002943143248558, -0.9994354248046875, 1.5248756408691406], [0.9994668364524841, -0.00647458340972662, 0.03200308233499527, -1.555908203125], [0.0, 0.0, 0.0, 1.0]], [[-0.8370627760887146, -0.5451246500015259, -0.04652983695268631, 0.9449462890625], [0.037669822573661804, 0.027419965714216232, -0.9989139437675476, 1.5075759887695312], [0.5458085536956787, -0.8379064202308655, -0.0024174810387194157, -1.1887588500976562], [0.0, 0.0, 0.0, 1.0]], [[0.9469625353813171, 0.3185008764266968, 0.0426531545817852, -1.1417236328125], [0.04570538550615311, -0.0021123753394931555, -0.9989526867866516, 1.5885887145996094], [-0.3180771470069885, 0.9479203224182129, -0.016557542607188225, -0.104736328125], [0.0, 0.0, 0.0, 1.0]], [[0.005982876755297184, 0.9999517798423767, 0.007796035148203373, 0.001953125], [0.02045644260942936, 0.007672157138586044, -0.9997612833976746, 1.5801544189453125], [-0.9997727870941162, 0.006140916142612696, -0.02040955238044262, -0.0377197265625], [0.0, 0.0, 0.0, 1.0]], [[-0.9313090443611145, 0.36184895038604736, -0.04158053174614906, 1.06378173828125], [0.05332479253411293, 0.022526107728481293, -0.9983230829238892, 1.555511474609375], [-0.360305517911911, -0.9319645762443542, -0.04027428850531578, -0.0897216796875], [0.0, 0.0, 0.0, 1.0]]], "view": [[0.0, -2.0, 100.0], [-2.0, 0.0, 100.0], [0.0, 0.0, 1.0]], "bev": "bev_096d9b6628b4419998d5b914fde9daeb.png", "aux": "aux_096d9b6628b4419998d5b914fde9daeb.npz", "visibility": "visibility_096d9b6628b4419998d5b914fde9daeb.png", "pose": [[0.8994989395141602, -0.43692299723625183, 0.0, 784.5918579101562], [0.43692299723625183, 0.8994989395141602, 0.0, 1554.416748046875], [0.0, 0.0, 1.0, 0.0], [0.0, 0.0, 0.0, 1.0]], "pose_inverse": [[0.8994989395141602, 0.43692299723625183, 0.0, -1384.89990234375], [-0.43692299723625183, 0.8994989395141602, 0.0, -1055.389892578125], [0.0, 0.0, 1.0, 0.0], [0.0, 0.0, 0.0, 1.0]], "cam_ids": [0, 1, 2, 3, 4, 5], "cam_channels": ["CAM_FRONT_LEFT", "CAM_FRONT", "CAM_FRONT_RIGHT", "CAM_BACK_LEFT", "CAM_BACK", "CAM_BACK_RIGHT"], "token": "096d9b6628b4419998d5b914fde9daeb", "scene": "scene-0426"}, {"images": ["samples/CAM_FRONT_LEFT/n015-2018-10-08-15-52-24+0800__CAM_FRONT_LEFT__1538985271754844.jpg", "samples/CAM_FRONT/n015-2018-10-08-15-52-24+0800__CAM_FRONT__1538985271762485.jpg", "samples/CAM_FRONT_RIGHT/n015-2018-10-08-15-52-24+0800__CAM_FRONT_RIGHT__1538985271770339.jpg", "samples/CAM_BACK_LEFT/n015-2018-10-08-15-52-24+0800__CAM_BACK_LEFT__1538985271797423.jpg", "samples/CAM_BACK/n015-2018-10-08-15-52-24+0800__CAM_BACK__1538985271787525.jpg", "samples/CAM_BACK_RIGHT/n015-2018-10-08-15-52-24+0800__CAM_BACK_RIGHT__1538985271777893.jpg"], "intrinsics": [[[1272.5979470598488, 0.0, 826.6154927353808], [0.0, 1272.5979470598488, 479.75165386361925], [0.0, 0.0, 1.0]], [[1266.417203046554, 0.0, 816.2670197447984], [0.0, 1266.417203046554, 491.50706579294757], [0.0, 0.0, 1.0]], [[1260.8474446004698, 0.0, 807.968244525554], [0.0, 1260.8474446004698, 495.3344268742088], [0.0, 0.0, 1.0]], [[1256.7414812095406, 0.0, 792.1125740759628], [0.0, 1256.7414812095406, 492.7757465151356], [0.0, 0.0, 1.0]], [[809.2209905677063, 0.0, 829.2196003259838], [0.0, 809.2209905677063, 481.77842384512485], [0.0, 0.0, 1.0]], [[1259.5137405846733, 0.0, 807.2529053838625], [0.0, 1259.5137405846733, 501.19579884916527], [0.0, 0.0, 1.0]]], "extrinsics": [[[0.8117660284042358, -0.5830521583557129, 0.03295602649450302, -0.83099365234375], [0.04437137395143509, 0.0053101093508303165, -0.9990009665489197, 1.5154266357421875], [0.5822947025299072, 0.8124173283576965, 0.030181393027305603, -1.1885986328125], [0.0, 0.0, 0.0, 1.0]], [[-0.0061683268286287785, -0.9999797344207764, -0.0015692516462877393, 0.007080078125], [0.03918546065688133, 0.0013263646978884935, -0.9992311000823975, 1.5257644653320312], [0.9992128610610962, -0.006224998738616705, 0.03917648270726204, -1.55859375], [0.0, 0.0, 0.0, 1.0]], [[-0.8367786407470703, -0.5454415678977966, -0.04790648818016052, 0.9466552734375], [0.045135583728551865, 0.01848224364221096, -0.9988098740577698, 1.50830078125], [0.5456778407096863, -0.8379451036453247, 0.00915327575057745, -1.1901702880859375], [0.0, 0.0, 0.0, 1.0]], [[0.9467056393623352, 0.3185507655143738, 0.047684185206890106, -1.1436767578125], [0.05426499992609024, -0.011810949072241783, -0.9984567165374756, 1.5884933471679688], [-0.3174959123134613, 0.9478322863578796, -0.02846764773130417, -0.10369873046875], [0.0, 0.0, 0.0, 1.0]], [[0.00624467059969902, 0.9999792575836182, -0.0015838060062378645, 0.001953125], [0.028636319562792778, -0.0017620150465518236, -0.9995883107185364, 1.5804328918457031], [-0.9995704293251038, 0.0061967093497514725, -0.02864672988653183, -0.03564453125], [0.0, 0.0, 0.0, 1.0]], [[-0.9308784604072571, 0.36158815026283264, -0.052145350724458694, 1.0655517578125], [0.061102475970983505, 0.01337361428886652, -0.9980418682098389, 1.5560226440429688], [-0.3601827919483185, -0.9322420358657837, -0.03454314544796944, -0.0892333984375], [0.0, 0.0, 0.0, 1.0]]], "view": [[0.0, -2.0, 100.0], [-2.0, 0.0, 100.0], [0.0, 0.0, 1.0]], "bev": "bev_f33f5252ab2f43fe93f022d8d4705370.png", "aux": "aux_f33f5252ab2f43fe93f022d8d4705370.npz", "visibility": "visibility_f33f5252ab2f43fe93f022d8d4705370.png", "pose": [[0.8176575303077698, -0.5757049322128296, 0.0, 786.236083984375], [0.5757049322128296, 0.8176575303077698, 0.0, 1555.360107421875], [0.0, 0.0, 1.0, 0.0], [0.0, 0.0, 0.0, 1.0]], "pose_inverse": [[0.8176575303077698, 0.5757049322128296, 0.0, -1538.30029296875], [-0.5757049322128296, 0.8176575303077698, 0.0, -819.1118774414062], [0.0, 0.0, 1.0, 0.0], [0.0, 0.0, 0.0, 1.0]], "cam_ids": [0, 1, 2, 3, 4, 5], "cam_channels": ["CAM_FRONT_LEFT", "CAM_FRONT", "CAM_FRONT_RIGHT", "CAM_BACK_LEFT", "CAM_BACK", "CAM_BACK_RIGHT"], "token": "f33f5252ab2f43fe93f022d8d4705370", "scene": "scene-0426"}, {"images": ["samples/CAM_FRONT_LEFT/n015-2018-10-08-15-52-24+0800__CAM_FRONT_LEFT__1538985272254844.jpg", "samples/CAM_FRONT/n015-2018-10-08-15-52-24+0800__CAM_FRONT__1538985272262460.jpg", "samples/CAM_FRONT_RIGHT/n015-2018-10-08-15-52-24+0800__CAM_FRONT_RIGHT__1538985272270339.jpg", "samples/CAM_BACK_LEFT/n015-2018-10-08-15-52-24+0800__CAM_BACK_LEFT__1538985272297423.jpg", "samples/CAM_BACK/n015-2018-10-08-15-52-24+0800__CAM_BACK__1538985272287525.jpg", "samples/CAM_BACK_RIGHT/n015-2018-10-08-15-52-24+0800__CAM_BACK_RIGHT__1538985272277893.jpg"], "intrinsics": [[[1272.5979470598488, 0.0, 826.6154927353808], [0.0, 1272.5979470598488, 479.75165386361925], [0.0, 0.0, 1.0]], [[1266.417203046554, 0.0, 816.2670197447984], [0.0, 1266.417203046554, 491.50706579294757], [0.0, 0.0, 1.0]], [[1260.8474446004698, 0.0, 807.968244525554], [0.0, 1260.8474446004698, 495.3344268742088], [0.0, 0.0, 1.0]], [[1256.7414812095406, 0.0, 792.1125740759628], [0.0, 1256.7414812095406, 492.7757465151356], [0.0, 0.0, 1.0]], [[809.2209905677063, 0.0, 829.2196003259838], [0.0, 809.2209905677063, 481.77842384512485], [0.0, 0.0, 1.0]], [[1259.5137405846733, 0.0, 807.2529053838625], [0.0, 1259.5137405846733, 501.19579884916527], [0.0, 0.0, 1.0]]], "extrinsics": [[[0.8127493858337402, -0.5807748436927795, 0.04624924436211586, -0.8192138671875], [0.04808494448661804, -0.012244440615177155, -0.998768150806427, 1.516815185546875], [0.5806257128715515, 0.8139721751213074, 0.017974864691495895, -1.1793212890625], [0.0, 0.0, 0.0, 1.0]], [[-0.0046775867231190205, -0.9998545050621033, 0.016398154199123383, 0.006591796875], [0.04284205660223961, -0.016583647578954697, -0.9989442825317383, 1.5268363952636719], [0.9990708827972412, -0.003970160614699125, 0.042913392186164856, -1.5462646484375], [0.0, 0.0, 0.0, 1.0]], [[-0.8360417485237122, -0.5471401214599609, -0.04088713601231575, 0.9381103515625], [0.048689793795347214, 0.00024114186817314476, -0.9988138675689697, 1.5092010498046875], [0.5465009212493896, -0.8370410203933716, 0.026438532397150993, -1.18499755859375], [0.0, 0.0, 0.0, 1.0]], [[0.9467739462852478, 0.31878662109375, 0.044655777513980865, -1.1405029296875], [0.05757990851998329, -0.031228704378008842, -0.9978523850440979, 1.58868408203125], [-0.3167072832584381, 0.9473119378089905, -0.047922227531671524, -0.10477447509765625], [0.0, 0.0, 0.0, 1.0]], [[0.006309887394309044, 0.9997684955596924, -0.020570365712046623, 0.002197265625], [0.03204543516039848, -0.020762372761964798, -0.9992707371711731, 1.5807533264160156], [-0.9994664788246155, 0.0056461151689291, -0.032169029116630554, -0.0413818359375], [0.0, 0.0, 0.0, 1.0]], [[-0.9308993220329285, 0.3599558472633362, -0.06211310997605324, 1.0584716796875], [0.06458474695682526, -0.005169241223484278, -0.9978988766670227, 1.5568313598632812], [-0.3595205843448639, -0.9329549670219421, -0.01843562163412571, -0.0921630859375], [0.0, 0.0, 0.0, 1.0]]], "view": [[0.0, -2.0, 100.0], [-2.0, 0.0, 100.0], [0.0, 0.0, 1.0]], "bev": "bev_8fb77511ac164c34a7c2ebe5df5c9ec8.png", "aux": "aux_8fb77511ac164c34a7c2ebe5df5c9ec8.npz", "visibility": "visibility_8fb77511ac164c34a7c2ebe5df5c9ec8.png", "pose": [[0.7227744460105896, -0.6910839676856995, 0.0, 787.787353515625], [0.6910839676856995, 0.7227744460105896, 0.0, 1556.614501953125], [0.0, 0.0, 1.0, 0.0], [0.0, 0.0, 0.0, 1.0]], "pose_inverse": [[0.7227744460105896, 0.6910839676856995, 0.0, -1645.1439208984375], [-0.6910839676856995, 0.7227744460105896, 0.0, -580.6539916992188], [0.0, 0.0, 1.0, 0.0], [0.0, 0.0, 0.0, 1.0]], "cam_ids": [0, 1, 2, 3, 4, 5], "cam_channels": ["CAM_FRONT_LEFT", "CAM_FRONT", "CAM_FRONT_RIGHT", "CAM_BACK_LEFT", "CAM_BACK", "CAM_BACK_RIGHT"], "token": "8fb77511ac164c34a7c2ebe5df5c9ec8", "scene": "scene-0426"}, {"images": ["samples/CAM_FRONT_LEFT/n015-2018-10-08-15-52-24+0800__CAM_FRONT_LEFT__1538985272754844.jpg", "samples/CAM_FRONT/n015-2018-10-08-15-52-24+0800__CAM_FRONT__1538985272762460.jpg", "samples/CAM_FRONT_RIGHT/n015-2018-10-08-15-52-24+0800__CAM_FRONT_RIGHT__1538985272770339.jpg", "samples/CAM_BACK_LEFT/n015-2018-10-08-15-52-24+0800__CAM_BACK_LEFT__1538985272797423.jpg", "samples/CAM_BACK/n015-2018-10-08-15-52-24+0800__CAM_BACK__1538985272787525.jpg", "samples/CAM_BACK_RIGHT/n015-2018-10-08-15-52-24+0800__CAM_BACK_RIGHT__1538985272777893.jpg"], "intrinsics": [[[1272.5979470598488, 0.0, 826.6154927353808], [0.0, 1272.5979470598488, 479.75165386361925], [0.0, 0.0, 1.0]], [[1266.417203046554, 0.0, 816.2670197447984], [0.0, 1266.417203046554, 491.50706579294757], [0.0, 0.0, 1.0]], [[1260.8474446004698, 0.0, 807.968244525554], [0.0, 1260.8474446004698, 495.3344268742088], [0.0, 0.0, 1.0]], [[1256.7414812095406, 0.0, 792.1125740759628], [0.0, 1256.7414812095406, 492.7757465151356], [0.0, 0.0, 1.0]], [[809.2209905677063, 0.0, 829.2196003259838], [0.0, 809.2209905677063, 481.77842384512485], [0.0, 0.0, 1.0]], [[1259.5137405846733, 0.0, 807.2529053838625], [0.0, 1259.5137405846733, 501.19579884916527], [0.0, 0.0, 1.0]]], "extrinsics": [[[0.8155859708786011, -0.5758321285247803, 0.05689271539449692, -0.802978515625], [0.052112530916929245, -0.024825992062687874, -0.9983325600624084, 1.5185623168945312], [0.5762843489646912, 0.817190945148468, 0.009760336950421333, -1.168701171875], [0.0, 0.0, 0.0, 1.0]], [[-0.0005202544271014631, -0.9995806813240051, 0.028950681909918785, 0.006988525390625], [0.04682126268744469, -0.028943289071321487, -0.9984838962554932, 1.5281753540039062], [0.9989031553268433, 0.0008359782514162362, 0.046816688030958176, -1.5302734375], [0.0, 0.0, 0.0, 1.0]], [[-0.8341110944747925, -0.5503299236297607, -0.0373571403324604, 0.927978515625], [0.05253661423921585, -0.011844625696539879, -0.9985487461090088, 1.5102920532226562], [0.5490887761116028, -0.8348632454872131, 0.038792211562395096, -1.17816162109375], [0.0, 0.0, 0.0, 1.0]], [[0.9469088315963745, 0.31840887665748596, 0.044491324573755264, -1.1378173828125], [0.06116495281457901, -0.042555298656225204, -0.9972200989723206, 1.5887832641601562], [-0.3156304359436035, 0.9469977617263794, -0.059771452099084854, -0.10436248779296875], [0.0, 0.0, 0.0, 1.0]], [[0.005667390301823616, 0.9994657635688782, -0.03218818083405495, 0.0029296875], [0.03576754406094551, -0.03237070515751839, -0.9988357424736023, 1.5811004638671875], [-0.9993441104888916, 0.004509432706981897, -0.035931896418333054, -0.0467529296875], [0.0, 0.0, 0.0, 1.0]], [[-0.9314689636230469, 0.3570370674133301, -0.06992936134338379, 1.05029296875], [0.06837967783212662, -0.01697871834039688, -0.9975149035453796, 1.5577545166015625], [-0.3573371171951294, -0.9339358806610107, -0.008598933927714825, -0.09539794921875], [0.0, 0.0, 0.0, 1.0]]], "view": [[0.0, -2.0, 100.0], [-2.0, 0.0, 100.0], [0.0, 0.0, 1.0]], "bev": "bev_2871290d6de640fdaf9d0cc3bb174e12.png", "aux": "aux_2871290d6de640fdaf9d0cc3bb174e12.npz", "visibility": "visibility_2871290d6de640fdaf9d0cc3bb174e12.png", "pose": [[0.6580904126167297, -0.7529389262199402, 0.0, 789.2835693359375], [0.7529389262199402, 0.6580904126167297, 0.0, 1558.1636962890625], [0.0, 0.0, 1.0, 0.0], [0.0, 0.0, 0.0, 1.0]], "pose_inverse": [[0.6580904126167297, 0.7529389262199402, 0.0, -1692.6220703125], [-0.7529389262199402, 0.6580904126167297, 0.0, -431.1302185058594], [0.0, 0.0, 1.0, 0.0], [0.0, 0.0, 0.0, 1.0]], "cam_ids": [0, 1, 2, 3, 4, 5], "cam_channels": ["CAM_FRONT_LEFT", "CAM_FRONT", "CAM_FRONT_RIGHT", "CAM_BACK_LEFT", "CAM_BACK", "CAM_BACK_RIGHT"], "token": "2871290d6de640fdaf9d0cc3bb174e12", "scene": "scene-0426"}, {"images": ["samples/CAM_FRONT_LEFT/n015-2018-10-08-15-52-24+0800__CAM_FRONT_LEFT__1538985273254844.jpg", "samples/CAM_FRONT/n015-2018-10-08-15-52-24+0800__CAM_FRONT__1538985273262460.jpg", "samples/CAM_FRONT_RIGHT/n015-2018-10-08-15-52-24+0800__CAM_FRONT_RIGHT__1538985273270339.jpg", "samples/CAM_BACK_LEFT/n015-2018-10-08-15-52-24+0800__CAM_BACK_LEFT__1538985273297423.jpg", "samples/CAM_BACK/n015-2018-10-08-15-52-24+0800__CAM_BACK__1538985273287525.jpg", "samples/CAM_BACK_RIGHT/n015-2018-10-08-15-52-24+0800__CAM_BACK_RIGHT__1538985273277893.jpg"], "intrinsics": [[[1272.5979470598488, 0.0, 826.6154927353808], [0.0, 1272.5979470598488, 479.75165386361925], [0.0, 0.0, 1.0]], [[1266.417203046554, 0.0, 816.2670197447984], [0.0, 1266.417203046554, 491.50706579294757], [0.0, 0.0, 1.0]], [[1260.8474446004698, 0.0, 807.968244525554], [0.0, 1260.8474446004698, 495.3344268742088], [0.0, 0.0, 1.0]], [[1256.7414812095406, 0.0, 792.1125740759628], [0.0, 1256.7414812095406, 492.7757465151356], [0.0, 0.0, 1.0]], [[809.2209905677063, 0.0, 829.2196003259838], [0.0, 809.2209905677063, 481.77842384512485], [0.0, 0.0, 1.0]], [[1259.5137405846733, 0.0, 807.2529053838625], [0.0, 1259.5137405846733, 501.19579884916527], [0.0, 0.0, 1.0]]], "extrinsics": [[[0.8176349997520447, -0.5722503066062927, 0.0632667988538742, -0.794677734375], [0.056310828775167465, -0.02987578697502613, -0.9979661703109741, 1.5199661254882812], [0.5729765295982361, 0.8195346593856812, 0.007796396501362324, -1.163330078125], [0.0, 0.0, 0.0, 1.0]], [[0.0025912215933203697, -0.9994150400161743, 0.03410026803612709, 0.007171630859375], [0.051094334572553635, -0.03392352536320686, -0.9981175065040588, 1.5292739868164062], [0.9986904859542847, 0.004328629933297634, 0.05097654089331627, -1.5224609375], [0.0, 0.0, 0.0, 1.0]], [[-0.8325769901275635, -0.5525942444801331, -0.03814515471458435, 0.9234619140625], [0.056839119642972946, -0.016729824244976044, -0.9982431530952454, 1.5111541748046875], [0.5509852766990662, -0.833282470703125, 0.04533783718943596, -1.17510986328125], [0.0, 0.0, 0.0, 1.0]], [[0.9465486407279968, 0.3190837800502777, 0.04723411798477173, -1.1431884765625], [0.06564583629369736, -0.047189727425575256, -0.9967264533042908, 1.5885086059570312], [-0.3158103823661804, 0.9465509057044983, -0.06561389565467834, -0.103729248046875], [0.0, 0.0, 0.0, 1.0]], [[0.004720906261354685, 0.9993059635162354, -0.036952000111341476, 0.00250244140625], [0.04022547975182533, -0.0371122732758522, -0.998501181602478, 1.581298828125], [-0.999179482460022, 0.003227453911677003, -0.04037276282906532, -0.0460205078125], [0.0, 0.0, 0.0, 1.0]], [[-0.9317804574966431, 0.35503464937210083, -0.07573410868644714, 1.0474853515625], [0.07275170087814331, -0.021763574331998825, -0.9971125721931458, 1.558380126953125], [-0.35565778613090515, -0.934599757194519, -0.005550502333790064, -0.096435546875], [0.0, 0.0, 0.0, 1.0]]], "view": [[0.0, -2.0, 100.0], [-2.0, 0.0, 100.0], [0.0, 0.0, 1.0]], "bev": "bev_c7a6757a7d1340e1b2bd16d2a1f67481.png", "aux": "aux_c7a6757a7d1340e1b2bd16d2a1f67481.npz", "visibility": "visibility_c7a6757a7d1340e1b2bd16d2a1f67481.png", "pose": [[0.6311466097831726, -0.7756635546684265, 0.0, 790.8104858398438], [0.7756635546684265, 0.6311466097831726, 0.0, 1559.948974609375], [0.0, 0.0, 1.0, 0.0], [0.0, 0.0, 0.0, 1.0]], "pose_inverse": [[0.6311466097831726, 0.7756635546684265, 0.0, -1709.1129150390625], [-0.7756635546684265, 0.6311466097831726, 0.0, -371.1536865234375], [0.0, 0.0, 1.0, 0.0], [0.0, 0.0, 0.0, 1.0]], "cam_ids": [0, 1, 2, 3, 4, 5], "cam_channels": ["CAM_FRONT_LEFT", "CAM_FRONT", "CAM_FRONT_RIGHT", "CAM_BACK_LEFT", "CAM_BACK", "CAM_BACK_RIGHT"], "token": "c7a6757a7d1340e1b2bd16d2a1f67481", "scene": "scene-0426"}, {"images": ["samples/CAM_FRONT_LEFT/n015-2018-10-08-15-52-24+0800__CAM_FRONT_LEFT__1538985273754844.jpg", "samples/CAM_FRONT/n015-2018-10-08-15-52-24+0800__CAM_FRONT__1538985273762460.jpg", "samples/CAM_FRONT_RIGHT/n015-2018-10-08-15-52-24+0800__CAM_FRONT_RIGHT__1538985273770339.jpg", "samples/CAM_BACK_LEFT/n015-2018-10-08-15-52-24+0800__CAM_BACK_LEFT__1538985273797423.jpg", "samples/CAM_BACK/n015-2018-10-08-15-52-24+0800__CAM_BACK__1538985273787525.jpg", "samples/CAM_BACK_RIGHT/n015-2018-10-08-15-52-24+0800__CAM_BACK_RIGHT__1538985273777893.jpg"], "intrinsics": [[[1272.5979470598488, 0.0, 826.6154927353808], [0.0, 1272.5979470598488, 479.75165386361925], [0.0, 0.0, 1.0]], [[1266.417203046554, 0.0, 816.2670197447984], [0.0, 1266.417203046554, 491.50706579294757], [0.0, 0.0, 1.0]], [[1260.8474446004698, 0.0, 807.968244525554], [0.0, 1260.8474446004698, 495.3344268742088], [0.0, 0.0, 1.0]], [[1256.7414812095406, 0.0, 792.1125740759628], [0.0, 1256.7414812095406, 492.7757465151356], [0.0, 0.0, 1.0]], [[809.2209905677063, 0.0, 829.2196003259838], [0.0, 809.2209905677063, 481.77842384512485], [0.0, 0.0, 1.0]], [[1259.5137405846733, 0.0, 807.2529053838625], [0.0, 1259.5137405846733, 501.19579884916527], [0.0, 0.0, 1.0]]], "extrinsics": [[[0.818280041217804, -0.5715652108192444, 0.06108208745718002, -0.77392578125], [0.05457177758216858, -0.028537709265947342, -0.9981019496917725, 1.5209579467773438], [0.5722235441207886, 0.8200602531433105, 0.00783949438482523, -1.1517333984375], [0.0, 0.0, 0.0, 1.0]], [[0.0034162416122853756, -0.9994595050811768, 0.03269517794251442, 0.009063720703125], [0.04922878369688988, -0.03248763829469681, -0.9982590675354004, 1.5299758911132812], [0.9987816214561462, 0.005019820760935545, 0.04909118264913559, -1.5029296875], [0.0, 0.0, 0.0, 1.0]], [[-0.8323212265968323, -0.5530369281768799, -0.03730187192559242, 0.9111328125], [0.05483068525791168, -0.015180349349975586, -0.9983802437782288, 1.51177978515625], [0.5515748858451843, -0.83301842212677, 0.04295831918716431, -1.165283203125], [0.0, 0.0, 0.0, 1.0]], [[0.9465813040733337, 0.3192175328731537, 0.04565222188830376, -1.137939453125], [0.06332564353942871, -0.04520123451948166, -0.9969687461853027, 1.588897705078125], [-0.3161863684654236, 0.9466028809547424, -0.06300129741430283, -0.1060638427734375], [0.0, 0.0, 0.0, 1.0]], [[0.004309025593101978, 0.999372124671936, -0.035170264542102814, 0.001617431640625], [0.03799246996641159, -0.03530881181359291, -0.9986540079116821, 1.58154296875], [-0.9992687106132507, 0.0029670498333871365, -0.03812076151371002, -0.054443359375], [0.0, 0.0, 0.0, 1.0]], [[-0.932097315788269, 0.3547409176826477, -0.07316752523183823, 1.035888671875], [0.07063691318035126, -0.020097678527235985, -0.9972996115684509, 1.5590362548828125], [-0.3552534878253937, -0.934748649597168, -0.006324817892163992, -0.09979248046875], [0.0, 0.0, 0.0, 1.0]]], "view": [[0.0, -2.0, 100.0], [-2.0, 0.0, 100.0], [0.0, 0.0, 1.0]], "bev": "bev_5623742f7b044442818ab9642ccc2b68.png", "aux": "aux_5623742f7b044442818ab9642ccc2b68.npz", "visibility": "visibility_5623742f7b044442818ab9642ccc2b68.png", "pose": [[0.6228421330451965, -0.782347559928894, 0.0, 792.4105224609375], [0.782347559928894, 0.6228421330451965, 0.0, 1561.9029541015625], [0.0, 0.0, 1.0, 0.0], [0.0, 0.0, 0.0, 1.0]], "pose_inverse": [[0.6228421330451965, 0.782347559928894, 0.0, -1715.49755859375], [-0.782347559928894, 0.6228421330451965, 0.0, -352.8785705566406], [0.0, 0.0, 1.0, 0.0], [0.0, 0.0, 0.0, 1.0]], "cam_ids": [0, 1, 2, 3, 4, 5], "cam_channels": ["CAM_FRONT_LEFT", "CAM_FRONT", "CAM_FRONT_RIGHT", "CAM_BACK_LEFT", "CAM_BACK", "CAM_BACK_RIGHT"], "token": "5623742f7b044442818ab9642ccc2b68", "scene": "scene-0426"}, {"images": ["samples/CAM_FRONT_LEFT/n015-2018-10-08-15-52-24+0800__CAM_FRONT_LEFT__1538985274254844.jpg", "samples/CAM_FRONT/n015-2018-10-08-15-52-24+0800__CAM_FRONT__1538985274262460.jpg", "samples/CAM_FRONT_RIGHT/n015-2018-10-08-15-52-24+0800__CAM_FRONT_RIGHT__1538985274270339.jpg", "samples/CAM_BACK_LEFT/n015-2018-10-08-15-52-24+0800__CAM_BACK_LEFT__1538985274297423.jpg", "samples/CAM_BACK/n015-2018-10-08-15-52-24+0800__CAM_BACK__1538985274287525.jpg", "samples/CAM_BACK_RIGHT/n015-2018-10-08-15-52-24+0800__CAM_BACK_RIGHT__1538985274277893.jpg"], "intrinsics": [[[1272.5979470598488, 0.0, 826.6154927353808], [0.0, 1272.5979470598488, 479.75165386361925], [0.0, 0.0, 1.0]], [[1266.417203046554, 0.0, 816.2670197447984], [0.0, 1266.417203046554, 491.50706579294757], [0.0, 0.0, 1.0]], [[1260.8474446004698, 0.0, 807.968244525554], [0.0, 1260.8474446004698, 495.3344268742088], [0.0, 0.0, 1.0]], [[1256.7414812095406, 0.0, 792.1125740759628], [0.0, 1256.7414812095406, 492.7757465151356], [0.0, 0.0, 1.0]], [[809.2209905677063, 0.0, 829.2196003259838], [0.0, 809.2209905677063, 481.77842384512485], [0.0, 0.0, 1.0]], [[1259.5137405846733, 0.0, 807.2529053838625], [0.0, 1259.5137405846733, 501.19579884916527], [0.0, 0.0, 1.0]]], "extrinsics": [[[0.818879246711731, -0.5712255835533142, 0.05601871758699417, -0.7864990234375], [0.04941956326365471, -0.027066480368375778, -0.9984112977981567, 1.5190048217773438], [0.5718342661857605, 0.8203467130661011, 0.00606553815305233, -1.1572265625], [0.0, 0.0, 0.0, 1.0]], [[0.00401668855920434, -0.9995021224021912, 0.03129516541957855, 0.006866455078125], [0.04402729868888855, -0.031088318675756454, -0.9985465407371521, 1.5284080505371094], [0.9990223050117493, 0.0053886608220636845, 0.04388049989938736, -1.5142822265625], [0.0, 0.0, 0.0, 1.0]], [[-0.8323119282722473, -0.5532867312431335, -0.033628642559051514, 0.9180908203125], [0.04956045001745224, -0.013854775577783585, -0.9986749887466431, 1.5104751586914062], [0.552087664604187, -0.832875669002533, 0.03895263001322746, -1.17218017578125], [0.0, 0.0, 0.0, 1.0]], [[0.946769654750824, 0.3193190097808838, 0.04077545553445816, -1.1427001953125], [0.05783245712518692, -0.0441143773496151, -0.9973511099815369, 1.5885162353515625], [-0.3166743814945221, 0.9466198682785034, -0.06023314595222473, -0.1034088134765625], [0.0, 0.0, 0.0, 1.0]], [[0.0039026367012411356, 0.9994137287139893, -0.03401776775717735, 0.00274658203125], [0.03257374465465546, -0.03412703052163124, -0.9988865256309509, 1.5809898376464844], [-0.9994617700576782, 0.0027902584988623857, -0.032687824219465256, -0.0478515625], [0.0, 0.0, 0.0, 1.0]], [[-0.932573676109314, 0.3545662462711334, -0.06774366647005081, 1.0438232421875], [0.06531300395727158, -0.018833709880709648, -0.9976871013641357, 1.5579071044921875], [-0.35502201318740845, -0.9348412752151489, -0.005593959707766771, -0.0982666015625], [0.0, 0.0, 0.0, 1.0]]], "view": [[0.0, -2.0, 100.0], [-2.0, 0.0, 100.0], [0.0, 0.0, 1.0]], "bev": "bev_806deb00a3ea4aff97260b9eb074ffed.png", "aux": "aux_806deb00a3ea4aff97260b9eb074ffed.npz", "visibility": "visibility_806deb00a3ea4aff97260b9eb074ffed.png", "pose": [[0.6155909299850464, -0.7880659103393555, 0.0, 794.0222778320312], [0.7880659103393555, 0.6155909299850464, 0.0, 1563.9163818359375], [0.0, 0.0, 1.0, 0.0], [0.0, 0.0, 0.0, 1.0]], "pose_inverse": [[0.6155909299850464, 0.7880659103393555, 0.0, -1721.2620849609375], [-0.7880659103393555, 0.6155909299850464, 0.0, -336.9908447265625], [0.0, 0.0, 1.0, 0.0], [0.0, 0.0, 0.0, 1.0]], "cam_ids": [0, 1, 2, 3, 4, 5], "cam_channels": ["CAM_FRONT_LEFT", "CAM_FRONT", "CAM_FRONT_RIGHT", "CAM_BACK_LEFT", "CAM_BACK", "CAM_BACK_RIGHT"], "token": "806deb00a3ea4aff97260b9eb074ffed", "scene": "scene-0426"}, {"images": ["samples/CAM_FRONT_LEFT/n015-2018-10-08-15-52-24+0800__CAM_FRONT_LEFT__1538985274754844.jpg", "samples/CAM_FRONT/n015-2018-10-08-15-52-24+0800__CAM_FRONT__1538985274762460.jpg", "samples/CAM_FRONT_RIGHT/n015-2018-10-08-15-52-24+0800__CAM_FRONT_RIGHT__1538985274770339.jpg", "samples/CAM_BACK_LEFT/n015-2018-10-08-15-52-24+0800__CAM_BACK_LEFT__1538985274797423.jpg", "samples/CAM_BACK/n015-2018-10-08-15-52-24+0800__CAM_BACK__1538985274787525.jpg", "samples/CAM_BACK_RIGHT/n015-2018-10-08-15-52-24+0800__CAM_BACK_RIGHT__1538985274777893.jpg"], "intrinsics": [[[1272.5979470598488, 0.0, 826.6154927353808], [0.0, 1272.5979470598488, 479.75165386361925], [0.0, 0.0, 1.0]], [[1266.417203046554, 0.0, 816.2670197447984], [0.0, 1266.417203046554, 491.50706579294757], [0.0, 0.0, 1.0]], [[1260.8474446004698, 0.0, 807.968244525554], [0.0, 1260.8474446004698, 495.3344268742088], [0.0, 0.0, 1.0]], [[1256.7414812095406, 0.0, 792.1125740759628], [0.0, 1256.7414812095406, 492.7757465151356], [0.0, 0.0, 1.0]], [[809.2209905677063, 0.0, 829.2196003259838], [0.0, 809.2209905677063, 481.77842384512485], [0.0, 0.0, 1.0]], [[1259.5137405846733, 0.0, 807.2529053838625], [0.0, 1259.5137405846733, 501.19579884916527], [0.0, 0.0, 1.0]]], "extrinsics": [[[0.8190064430236816, -0.5715793371200562, 0.0502527616918087, -0.7855224609375], [0.0427301749587059, -0.026580391451716423, -0.9987330436706543, 1.517608642578125], [0.5721909403800964, 0.8201161026954651, 0.0026541745755821466, -1.156982421875], [0.0, 0.0, 0.0, 1.0]], [[0.003911587875336409, -0.9995177984237671, 0.030802737921476364, 0.007232666015625], [0.037386298179626465, -0.030635271221399307, -0.9988312125205994, 1.5272712707519531], [0.9992931485176086, 0.005058600567281246, 0.037248436361551285, -1.5135498046875], [0.0, 0.0, 0.0, 1.0]], [[-0.832642138004303, -0.5530834794044495, -0.028384657576680183, 0.91748046875], [0.04298125207424164, -0.013437654823064804, -0.9989855289459229, 1.5096282958984375], [0.5521408915519714, -0.8330174088478088, 0.034960974007844925, -1.17108154296875], [0.0, 0.0, 0.0, 1.0]], [[0.9469576478004456, 0.319463849067688, 0.03484233841300011, -1.140380859375], [0.051530275493860245, -0.043931808322668076, -0.9977046847343445, 1.5886764526367188], [-0.3171999156475067, 0.9465795159339905, -0.05806362256407738, -0.10467529296875], [0.0, 0.0, 0.0, 1.0]], [[0.003688330063596368, 0.9994226098060608, -0.0337761752307415, 0.00238037109375], [0.026161935180425644, -0.03386127948760986, -0.9990840554237366, 1.5807342529296875], [-0.9996508955955505, 0.002801343332976103, -0.026271721348166466, -0.050048828125], [0.0, 0.0, 0.0, 1.0]], [[-0.9329418540000916, 0.35472944378852844, -0.061534635722637177, 1.04248046875], [0.058806490153074265, -0.018477704375982285, -0.9980983734130859, 1.5573577880859375], [-0.35519182682037354, -0.9347864389419556, -0.0036217658780515194, -0.09844970703125], [0.0, 0.0, 0.0, 1.0]]], "view": [[0.0, -2.0, 100.0], [-2.0, 0.0, 100.0], [0.0, 0.0, 1.0]], "bev": "bev_ac8cafb289044ae69140475b419a0b0a.png", "aux": "aux_ac8cafb289044ae69140475b419a0b0a.npz", "visibility": "visibility_ac8cafb289044ae69140475b419a0b0a.png", "pose": [[0.6053837537765503, -0.795933723449707, 0.0, 795.5784912109375], [0.795933723449707, 0.6053837537765503, 0.0, 1565.9156494140625], [0.0, 0.0, 1.0, 0.0], [0.0, 0.0, 0.0, 1.0]], "pose_inverse": [[0.6053837537765503, 0.795933723449707, 0.0, -1727.995361328125], [-0.795933723449707, 0.6053837537765503, 0.0, -314.7521057128906], [0.0, 0.0, 1.0, 0.0], [0.0, 0.0, 0.0, 1.0]], "cam_ids": [0, 1, 2, 3, 4, 5], "cam_channels": ["CAM_FRONT_LEFT", "CAM_FRONT", "CAM_FRONT_RIGHT", "CAM_BACK_LEFT", "CAM_BACK", "CAM_BACK_RIGHT"], "token": "ac8cafb289044ae69140475b419a0b0a", "scene": "scene-0426"}, {"images": ["samples/CAM_FRONT_LEFT/n015-2018-10-08-15-52-24+0800__CAM_FRONT_LEFT__1538985275254844.jpg", "samples/CAM_FRONT/n015-2018-10-08-15-52-24+0800__CAM_FRONT__1538985275262460.jpg", "samples/CAM_FRONT_RIGHT/n015-2018-10-08-15-52-24+0800__CAM_FRONT_RIGHT__1538985275270339.jpg", "samples/CAM_BACK_LEFT/n015-2018-10-08-15-52-24+0800__CAM_BACK_LEFT__1538985275297423.jpg", "samples/CAM_BACK/n015-2018-10-08-15-52-24+0800__CAM_BACK__1538985275287525.jpg", "samples/CAM_BACK_RIGHT/n015-2018-10-08-15-52-24+0800__CAM_BACK_RIGHT__1538985275277893.jpg"], "intrinsics": [[[1272.5979470598488, 0.0, 826.6154927353808], [0.0, 1272.5979470598488, 479.75165386361925], [0.0, 0.0, 1.0]], [[1266.417203046554, 0.0, 816.2670197447984], [0.0, 1266.417203046554, 491.50706579294757], [0.0, 0.0, 1.0]], [[1260.8474446004698, 0.0, 807.968244525554], [0.0, 1260.8474446004698, 495.3344268742088], [0.0, 0.0, 1.0]], [[1256.7414812095406, 0.0, 792.1125740759628], [0.0, 1256.7414812095406, 492.7757465151356], [0.0, 0.0, 1.0]], [[809.2209905677063, 0.0, 829.2196003259838], [0.0, 809.2209905677063, 481.77842384512485], [0.0, 0.0, 1.0]], [[1259.5137405846733, 0.0, 807.2529053838625], [0.0, 1259.5137405846733, 501.19579884916527], [0.0, 0.0, 1.0]]], "extrinsics": [[[0.81906658411026, -0.5716363787651062, 0.04859844595193863, -0.80126953125], [0.0420428030192852, -0.02467445284128189, -0.9988110661506653, 1.5166397094726562], [0.5721558332443237, 0.8201359510421753, 0.0038231750950217247, -1.1683349609375], [0.0, 0.0, 0.0, 1.0]], [[0.003970048390328884, -0.9995765089988708, 0.02882649004459381, 0.00732421875], [0.036737147718667984, -0.028661470860242844, -0.9989138841629028, 1.5265846252441406], [0.9993171095848083, 0.005024757701903582, 0.03660780191421509, -1.52880859375], [0.0, 0.0, 0.0, 1.0]], [[-0.8326416015625, -0.5530522465705872, -0.028999486938118935, 0.92724609375], [0.04236733913421631, -0.011400820687413216, -0.9990370273590088, 1.5090560913085938], [0.5521891713142395, -0.8330684900283813, 0.03292415291070938, -1.17742919921875], [0.0, 0.0, 0.0, 1.0]], [[0.9470947980880737, 0.31903553009033203, 0.03504009544849396, -1.1361083984375], [0.05091100186109543, -0.041541390120983124, -0.9978388547897339, 1.5888900756835938], [-0.3168903589248657, 0.9468319416046143, -0.05558605492115021, -0.105743408203125], [0.0, 0.0, 0.0, 1.0]], [[0.0038141747936606407, 0.9994959235191345, -0.03151924908161163, 0.002532958984375], [0.025562677532434464, -0.031606629490852356, -0.9991734623908997, 1.5806503295898438], [-0.9996659159660339, 0.003005320