[{"images": ["samples/CAM_FRONT_LEFT/n015-2018-07-18-11-50-34+0800__CAM_FRONT_LEFT__1531886158504844.jpg", "samples/CAM_FRONT/n015-2018-07-18-11-50-34+0800__CAM_FRONT__1531886158512469.jpg", "samples/CAM_FRONT_RIGHT/n015-2018-07-18-11-50-34+0800__CAM_FRONT_RIGHT__1531886158520339.jpg", "samples/CAM_BACK_LEFT/n015-2018-07-18-11-50-34+0800__CAM_BACK_LEFT__1531886158547423.jpg", "samples/CAM_BACK/n015-2018-07-18-11-50-34+0800__CAM_BACK__1531886158537525.jpg", "samples/CAM_BACK_RIGHT/n015-2018-07-18-11-50-34+0800__CAM_BACK_RIGHT__1531886158527893.jpg"], "intrinsics": [[[1272.5979470598488, 0.0, 826.6154927353808], [0.0, 1272.5979470598488, 479.75165386361925], [0.0, 0.0, 1.0]], [[1266.417203046554, 0.0, 816.2670197447984], [0.0, 1266.417203046554, 491.50706579294757], [0.0, 0.0, 1.0]], [[1260.8474446004698, 0.0, 807.968244525554], [0.0, 1260.8474446004698, 495.3344268742088], [0.0, 0.0, 1.0]], [[1256.7414812095406, 0.0, 792.1125740759628], [0.0, 1256.7414812095406, 492.7757465151356], [0.0, 0.0, 1.0]], [[809.2209905677063, 0.0, 829.2196003259838], [0.0, 809.2209905677063, 481.77842384512485], [0.0, 0.0, 1.0]], [[1259.5137405846733, 0.0, 807.2529053838625], [0.0, 1259.5137405846733, 501.19579884916527], [0.0, 0.0, 1.0]]], "extrinsics": [[[0.8205676674842834, -0.571122407913208, -0.02208610810339451, -0.96484375], [-0.044531673192977905, -0.02536088228225708, -0.9986860156059265, 1.5082473754882812], [0.5698118805885315, 0.8204730153083801, -0.04624335840344429, -1.2802276611328125], [0.0, 0.0, 0.0, 1.0]], [[0.006953630596399307, -0.9995520710945129, 0.029107339680194855, 0.00494384765625], [-0.04980994760990143, -0.029418131336569786, -0.9983254075050354, 1.520538330078125], [0.9987345337867737, 0.005492150783538818, -0.04999219626188278, -1.6922607421875], [0.0, 0.0, 0.0, 1.0]], [[-0.8318276405334473, -0.5533214211463928, 0.043566711246967316, 1.0321044921875], [-0.0441984161734581, -0.012208843603730202, -0.9989481568336487, 1.5036468505859375], [0.5532712936401367, -0.8328782916069031, -0.014300275593996048, -1.2486572265625], [0.0, 0.0, 0.0, 1.0]], [[0.9465984106063843, 0.3189353346824646, -0.04723989591002464, -1.14208984375], [-0.035491857677698135, -0.042550258338451385, -0.9984636902809143, 1.5885515213012695], [-0.3204554319381714, 0.9468207955360413, -0.028958400711417198, -0.1038818359375], [0.0, 0.0, 0.0, 1.0]], [[0.000986918923445046, 0.9994662404060364, -0.03265492618083954, 0.0028076171875], [-0.06089496240019798, -0.03253427520394325, -0.9976138472557068, 1.5793495178222656], [-0.9981436729431152, 0.0029730843380093575, 0.06083034723997116, 0.0018310546875], [0.0, 0.0, 0.0, 1.0]], [[-0.9347832202911377, 0.3546336591243744, 0.02037620358169079, 1.13623046875], [-0.028317328542470932, -0.017216507345438004, -0.9994507431983948, 1.5514507293701172], [-0.35408806800842285, -0.934846818447113, 0.02613597922027111, -0.06365966796875], [0.0, 0.0, 0.0, 1.0]]], "view": [[0.0, -2.0, 100.0], [-2.0, 0.0, 100.0], [0.0, 0.0, 1.0]], "bev": "bev_20d3a69979874bae88d539b06e3d103a.png", "aux": "aux_20d3a69979874bae88d539b06e3d103a.npz", "visibility": "visibility_20d3a69979874bae88d539b06e3d103a.png", "pose": [[2.9422109946608543e-05, 1.0, 0.0, 909.9063720703125], [-1.0, 2.9422109946608543e-05, 0.0, 1559.736083984375], [0.0, 0.0, 1.0, 0.0], [0.0, 0.0, 0.0, 1.0]], "pose_inverse": [[2.9422109946608543e-05, -1.0, 0.0, 1559.7093505859375], [1.0, 2.9422109946608543e-05, 0.0, -909.9522705078125], [0.0, 0.0, 1.0, 0.0], [0.0, 0.0, 0.0, 1.0]], "cam_ids": [0, 1, 2, 3, 4, 5], "cam_channels": ["CAM_FRONT_LEFT", "CAM_FRONT", "CAM_FRONT_RIGHT", "CAM_BACK_LEFT", "CAM_BACK", "CAM_BACK_RIGHT"], "token": "20d3a69979874bae88d539b06e3d103a", "scene": "scene-0029"}, {"images": ["samples/CAM_FRONT_LEFT/n015-2018-07-18-11-50-34+0800__CAM_FRONT_LEFT__1531886159004844.jpg", "samples/CAM_FRONT/n015-2018-07-18-11-50-34+0800__CAM_FRONT__1531886159012479.jpg", "samples/CAM_FRONT_RIGHT/n015-2018-07-18-11-50-34+0800__CAM_FRONT_RIGHT__1531886159020339.jpg", "samples/CAM_BACK_LEFT/n015-2018-07-18-11-50-34+0800__CAM_BACK_LEFT__1531886159047423.jpg", "samples/CAM_BACK/n015-2018-07-18-11-50-34+0800__CAM_BACK__1531886159037525.jpg", "samples/CAM_BACK_RIGHT/n015-2018-07-18-11-50-34+0800__CAM_BACK_RIGHT__1531886159027893.jpg"], "intrinsics": [[[1272.5979470598488, 0.0, 826.6154927353808], [0.0, 1272.5979470598488, 479.75165386361925], [0.0, 0.0, 1.0]], [[1266.417203046554, 0.0, 816.2670197447984], [0.0, 1266.417203046554, 491.50706579294757], [0.0, 0.0, 1.0]], [[1260.8474446004698, 0.0, 807.968244525554], [0.0, 1260.8474446004698, 495.3344268742088], [0.0, 0.0, 1.0]], [[1256.7414812095406, 0.0, 792.1125740759628], [0.0, 1256.7414812095406, 492.7757465151356], [0.0, 0.0, 1.0]], [[809.2209905677063, 0.0, 829.2196003259838], [0.0, 809.2209905677063, 481.77842384512485], [0.0, 0.0, 1.0]], [[1259.5137405846733, 0.0, 807.2529053838625], [0.0, 1259.5137405846733, 501.19579884916527], [0.0, 0.0, 1.0]]], "extrinsics": [[[0.8205827474594116, -0.5711045861244202, -0.021990321576595306, -0.965087890625], [-0.04444456472992897, -0.025405069813132286, -0.9986887574195862, 1.5082473754882812], [0.5697969794273376, 0.8204841017723083, -0.04622945189476013, -1.2801971435546875], [0.0, 0.0, 0.0, 1.0]], [[0.006970606278628111, -0.9995508193969727, 0.02914678305387497, 0.0050048828125], [-0.049739524722099304, -0.02945799008011818, -0.9983277320861816, 1.5205307006835938], [0.9987379312515259, 0.0055092028342187405, -0.04992252215743065, -1.6923828125], [0.0, 0.0, 0.0, 1.0]], [[-0.8318217396736145, -0.5533322691917419, 0.04354241117835045, 1.03240966796875], [-0.04414607584476471, -0.012244047597050667, -0.9989500641822815, 1.5036392211914062], [0.5532845258712769, -0.8328705430030823, -0.014242587611079216, -1.248779296875], [0.0, 0.0, 0.0, 1.0]], [[0.9465997815132141, 0.31893640756607056, -0.047204677015542984, -1.14208984375], [-0.035440828651189804, -0.042591169476509094, -0.9984637498855591, 1.5885591506958008], [-0.32045698165893555, 0.9468186497688293, -0.02901342697441578, -0.1036376953125], [0.0, 0.0, 0.0, 1.0]], [[0.000982205499894917, 0.9994648098945618, -0.032698098570108414, 0.0028076171875], [-0.06083407625555992, -0.03257783502340317, -0.9976161122322083, 1.5793571472167969], [-0.9981474280357361, 0.0029690226074308157, 0.060769516974687576, 0.001708984375], [0.0, 0.0, 0.0, 1.0]], [[-0.934788167476654, 0.35462409257888794, 0.020316677168011665, 1.1361083984375], [-0.02826455608010292, -0.017245957627892494, -0.9994516968727112, 1.5514507293701172], [-0.3540792167186737, -0.9348499178886414, 0.026144608855247498, -0.06378173828125], [0.0, 0.0, 0.0, 1.0]]], "view": [[0.0, -2.0, 100.0], [-2.0, 0.0, 100.0], [0.0, 0.0, 1.0]], "bev": "bev_30d2d1e393ef48b1a3f866d8519dceda.png", "aux": "aux_30d2d1e393ef48b1a3f866d8519dceda.npz", "visibility": "visibility_30d2d1e393ef48b1a3f866d8519dceda.png", "pose": [[4.9355574446963146e-05, 1.0, 0.0, 909.9066162109375], [-1.0, 4.9355574446963146e-05, 0.0, 1559.736083984375], [0.0, 0.0, 1.0, 0.0], [0.0, 0.0, 0.0, 1.0]], "pose_inverse": [[4.9355574446963146e-05, -1.0, 0.0, 1559.691162109375], [1.0, 4.9355574446963146e-05, 0.0, -909.9835815429688], [0.0, 0.0, 1.0, 0.0], [0.0, 0.0, 0.0, 1.0]], "cam_ids": [0, 1, 2, 3, 4, 5], "cam_channels": ["CAM_FRONT_LEFT", "CAM_FRONT", "CAM_FRONT_RIGHT", "CAM_BACK_LEFT", "CAM_BACK", "CAM_BACK_RIGHT"], "token": "30d2d1e393ef48b1a3f866d8519dceda", "scene": "scene-0029"}, {"images": ["samples/CAM_FRONT_LEFT/n015-2018-07-18-11-50-34+0800__CAM_FRONT_LEFT__1531886159504844.jpg", "samples/CAM_FRONT/n015-2018-07-18-11-50-34+0800__CAM_FRONT__1531886159512465.jpg", "samples/CAM_FRONT_RIGHT/n015-2018-07-18-11-50-34+0800__CAM_FRONT_RIGHT__1531886159520339.jpg", "samples/CAM_BACK_LEFT/n015-2018-07-18-11-50-34+0800__CAM_BACK_LEFT__1531886159547423.jpg", "samples/CAM_BACK/n015-2018-07-18-11-50-34+0800__CAM_BACK__1531886159537525.jpg", "samples/CAM_BACK_RIGHT/n015-2018-07-18-11-50-34+0800__CAM_BACK_RIGHT__1531886159527893.jpg"], "intrinsics": [[[1272.5979470598488, 0.0, 826.6154927353808], [0.0, 1272.5979470598488, 479.75165386361925], [0.0, 0.0, 1.0]], [[1266.417203046554, 0.0, 816.2670197447984], [0.0, 1266.417203046554, 491.50706579294757], [0.0, 0.0, 1.0]], [[1260.8474446004698, 0.0, 807.968244525554], [0.0, 1260.8474446004698, 495.3344268742088], [0.0, 0.0, 1.0]], [[1256.7414812095406, 0.0, 792.1125740759628], [0.0, 1256.7414812095406, 492.7757465151356], [0.0, 0.0, 1.0]], [[809.2209905677063, 0.0, 829.2196003259838], [0.0, 809.2209905677063, 481.77842384512485], [0.0, 0.0, 1.0]], [[1259.5137405846733, 0.0, 807.2529053838625], [0.0, 1259.5137405846733, 501.19579884916527], [0.0, 0.0, 1.0]]], "extrinsics": [[[0.8206000924110413, -0.5710802674293518, -0.021970082074403763, -0.965087890625], [-0.044485967606306076, -0.025502564385533333, -0.9986844658851624, 1.5082473754882812], [0.5697687268257141, 0.8204979300498962, -0.0463324673473835, -1.2801971435546875], [0.0, 0.0, 0.0, 1.0]], [[0.006998097524046898, -0.9995477199554443, 0.0292462520301342, 0.0050048828125], [-0.04976119101047516, -0.029558828100562096, -0.9983236789703369, 1.520538330078125], [0.9987366199493408, 0.0055310376919806, -0.049945537000894547, -1.692138671875], [0.0, 0.0, 0.0, 1.0]], [[-0.8318095803260803, -0.5533458590507507, 0.04360079765319824, 1.0322265625], [-0.0441473051905632, -0.012348164804279804, -0.9989486932754517, 1.5036468505859375], [0.5533025860786438, -0.832859992980957, -0.014157404191792011, -1.24853515625], [0.0, 0.0, 0.0, 1.0]], [[0.9465985298156738, 0.3189355134963989, -0.0472370907664299, -1.14208984375], [-0.035439811646938324, -0.042695291340351105, -0.9984593987464905, 1.5885610580444336], [-0.3204609155654907, 0.946814239025116, -0.02911228872835636, -0.103759765625], [0.0, 0.0, 0.0, 1.0]], [[0.0009706970886327326, 0.9994615316390991, -0.032801032066345215, 0.00286865234375], [-0.060847412794828415, -0.032681237906217575, -0.9976118803024292, 1.5793571472167969], [-0.9981465935707092, 0.002964237006381154, 0.060782916843891144, 0.001708984375], [0.0, 0.0, 0.0, 1.0]], [[-0.9347943067550659, 0.3546101748943329, 0.02027885802090168, 1.13623046875], [-0.028265107423067093, -0.017355291172862053, -0.9994497895240784, 1.55145263671875], [-0.35406309366226196, -0.934853196144104, 0.026246722787618637, -0.063629150390625], [0.0, 0.0, 0.0, 1.0]]], "view": [[0.0, -2.0, 100.0], [-2.0, 0.0, 100.0], [0.0, 0.0, 1.0]], "bev": "bev_8fc2c834003544c095b1e38c78b20e72.png", "aux": "aux_8fc2c834003544c095b1e38c78b20e72.npz", "visibility": "visibility_8fc2c834003544c095b1e38c78b20e72.png", "pose": [[8.47632618388161e-05, 1.0, 0.0, 909.9067993164062], [-1.0, 8.47632618388161e-05, 0.0, 1559.736083984375], [0.0, 0.0, 1.0, 0.0], [0.0, 0.0, 0.0, 1.0]], "pose_inverse": [[8.47632618388161e-05, -1.0, 0.0, 1559.658935546875], [1.0, 8.47632618388161e-05, 0.0, -910.0390014648438], [0.0, 0.0, 1.0, 0.0], [0.0, 0.0, 0.0, 1.0]], "cam_ids": [0, 1, 2, 3, 4, 5], "cam_channels": ["CAM_FRONT_LEFT", "CAM_FRONT", "CAM_FRONT_RIGHT", "CAM_BACK_LEFT", "CAM_BACK", "CAM_BACK_RIGHT"], "token": "8fc2c834003544c095b1e38c78b20e72", "scene": "scene-0029"}, {"images": ["samples/CAM_FRONT_LEFT/n015-2018-07-18-11-50-34+0800__CAM_FRONT_LEFT__1531886160004844.jpg", "samples/CAM_FRONT/n015-2018-07-18-11-50-34+0800__CAM_FRONT__1531886160012467.jpg", "samples/CAM_FRONT_RIGHT/n015-2018-07-18-11-50-34+0800__CAM_FRONT_RIGHT__1531886160020339.jpg", "samples/CAM_BACK_LEFT/n015-2018-07-18-11-50-34+0800__CAM_BACK_LEFT__1531886160047423.jpg", "samples/CAM_BACK/n015-2018-07-18-11-50-34+0800__CAM_BACK__1531886160037525.jpg", "samples/CAM_BACK_RIGHT/n015-2018-07-18-11-50-34+0800__CAM_BACK_RIGHT__1531886160027893.jpg"], "intrinsics": [[[1272.5979470598488, 0.0, 826.6154927353808], [0.0, 1272.5979470598488, 479.75165386361925], [0.0, 0.0, 1.0]], [[1266.417203046554, 0.0, 816.2670197447984], [0.0, 1266.417203046554, 491.50706579294757], [0.0, 0.0, 1.0]], [[1260.8474446004698, 0.0, 807.968244525554], [0.0, 1260.8474446004698, 495.3344268742088], [0.0, 0.0, 1.0]], [[1256.7414812095406, 0.0, 792.1125740759628], [0.0, 1256.7414812095406, 492.7757465151356], [0.0, 0.0, 1.0]], [[809.2209905677063, 0.0, 829.2196003259838], [0.0, 809.2209905677063, 481.77842384512485], [0.0, 0.0, 1.0]], [[1259.5137405846733, 0.0, 807.2529053838625], [0.0, 1259.5137405846733, 501.19579884916527], [0.0, 0.0, 1.0]]], "extrinsics": [[[0.8205952048301697, -0.5710902214050293, -0.02189485915005207, -0.9647216796875], [-0.04440707713365555, -0.025519808754324913, -0.9986875057220459, 1.5082473754882812], [0.5697819590568542, 0.8204904794692993, -0.04630188271403313, -1.2802581787109375], [0.0, 0.0, 0.0, 1.0]], [[0.006989285349845886, -0.9995470643043518, 0.0292709618806839, 0.00506591796875], [-0.04968416318297386, -0.029582643881440163, -0.9983267784118652, 1.5205345153808594], [0.9987404942512512, 0.005523287691175938, -0.049868419766426086, -1.6922607421875], [0.0, 0.0, 0.0, 1.0]], [[-0.8318144679069519, -0.5533422231674194, 0.04355516657233238, 1.0323486328125], [-0.04407208040356636, -0.012378796935081482, -0.9989516735076904, 1.5036392211914062], [0.5533012747764587, -0.8328620195388794, -0.014090078882873058, -1.2486572265625], [0.0, 0.0, 0.0, 1.0]], [[0.9466017484664917, 0.31893426179885864, -0.04718001186847687, -1.14208984375], [-0.03536497801542282, -0.04273860529065132, -0.9984601140022278, 1.5885496139526367], [-0.3204595744609833, 0.9468127489089966, -0.029177337884902954, -0.1036376953125], [0.0, 0.0, 0.0, 1.0]], [[0.0009733162587508559, 0.9994601607322693, -0.03284009173512459, 0.0028076171875], [-0.06076910346746445, -0.03272029757499695, -0.9976154565811157, 1.5793495178222656], [-0.9981513619422913, 0.0029666582122445107, 0.06070444732904434, 0.001708984375], [0.0, 0.0, 0.0, 1.0]], [[-0.9347953796386719, 0.3546122610569, 0.02019498497247696, 1.13623046875], [-0.028188219293951988, -0.017388880252838135, -0.9994513392448425, 1.5514488220214844], [-0.3540666103363037, -0.9348517060279846, 0.02625093050301075, -0.06353759765625], [0.0, 0.0, 0.0, 1.0]]], "view": [[0.0, -2.0, 100.0], [-2.0, 0.0, 100.0], [0.0, 0.0, 1.0]], "bev": "bev_047f8d54fab943b5b08b950bd2d1123a.png", "aux": "aux_047f8d54fab943b5b08b950bd2d1123a.npz", "visibility": "visibility_047f8d54fab943b5b08b950bd2d1123a.png", "pose": [[0.00015208889089990407, 1.0, 0.0, 909.906982421875], [-1.0, 0.00015208889089990407, 0.0, 1559.736083984375], [0.0, 0.0, 1.0, 0.0], [0.0, 0.0, 0.0, 1.0]], "pose_inverse": [[0.00015208889089990407, -1.0, 0.0, 1559.59765625], [1.0, 0.00015208889089990407, 0.0, -910.1441650390625], [0.0, 0.0, 1.0, 0.0], [0.0, 0.0, 0.0, 1.0]], "cam_ids": [0, 1, 2, 3, 4, 5], "cam_channels": ["CAM_FRONT_LEFT", "CAM_FRONT", "CAM_FRONT_RIGHT", "CAM_BACK_LEFT", "CAM_BACK", "CAM_BACK_RIGHT"], "token": "047f8d54fab943b5b08b950bd2d1123a", "scene": "scene-0029"}, {"images": ["samples/CAM_FRONT_LEFT/n015-2018-07-18-11-50-34+0800__CAM_FRONT_LEFT__1531886160504844.jpg", "samples/CAM_FRONT/n015-2018-07-18-11-50-34+0800__CAM_FRONT__1531886160512466.jpg", "samples/CAM_FRONT_RIGHT/n015-2018-07-18-11-50-34+0800__CAM_FRONT_RIGHT__1531886160520339.jpg", "samples/CAM_BACK_LEFT/n015-2018-07-18-11-50-34+0800__CAM_BACK_LEFT__1531886160547423.jpg", "samples/CAM_BACK/n015-2018-07-18-11-50-34+0800__CAM_BACK__1531886160537525.jpg", "samples/CAM_BACK_RIGHT/n015-2018-07-18-11-50-34+0800__CAM_BACK_RIGHT__1531886160527893.jpg"], "intrinsics": [[[1272.5979470598488, 0.0, 826.6154927353808], [0.0, 1272.5979470598488, 479.75165386361925], [0.0, 0.0, 1.0]], [[1266.417203046554, 0.0, 816.2670197447984], [0.0, 1266.417203046554, 491.50706579294757], [0.0, 0.0, 1.0]], [[1260.8474446004698, 0.0, 807.968244525554], [0.0, 1260.8474446004698, 495.3344268742088], [0.0, 0.0, 1.0]], [[1256.7414812095406, 0.0, 792.1125740759628], [0.0, 1256.7414812095406, 492.7757465151356], [0.0, 0.0, 1.0]], [[809.2209905677063, 0.0, 829.2196003259838], [0.0, 809.2209905677063, 481.77842384512485], [0.0, 0.0, 1.0]], [[1259.5137405846733, 0.0, 807.2529053838625], [0.0, 1259.5137405846733, 501.19579884916527], [0.0, 0.0, 1.0]]], "extrinsics": [[[0.8205824494361877, -0.5711107850074768, -0.0218400526791811, -0.965087890625], [-0.04443127289414406, -0.02564866654574871, -0.9986830949783325, 1.5082550048828125], [0.5697985291481018, 0.8204721808433533, -0.046422019600868225, -1.280242919921875], [0.0, 0.0, 0.0, 1.0]], [[0.006971703376621008, -0.9995437264442444, 0.02938798815011978, 0.005126953125], [-0.04972457513213158, -0.029698869213461876, -0.9983213543891907, 1.520538330078125], [0.9987386465072632, 0.005498695187270641, -0.04990893602371216, -1.6922607421875], [0.0, 0.0, 0.0, 1.0]], [[-0.8318202495574951, -0.5533251762390137, 0.043660614639520645, 1.0323486328125], [-0.044129628688097, -0.01248226035386324, -0.99894779920578, 1.5036468505859375], [0.5532879829406738, -0.8328717947006226, -0.014035036787390709, -1.2486572265625], [0.0, 0.0, 0.0, 1.0]], [[0.946595311164856, 0.3189391791820526, -0.04727650806307793, -1.1422119140625], [-0.03544845059514046, -0.042792242020368576, -0.9984548687934875, 1.5885553359985352], [-0.3204694390296936, 0.9468086957931519, -0.029201040044426918, -0.1036376953125], [0.0, 0.0, 0.0, 1.0]], [[0.0009743585251271725, 0.9994577765464783, -0.03291352465748787, 0.00286865234375], [-0.0608496256172657, -0.03279329463839531, -0.9976081252098083, 1.5793571472167969], [-0.9981464147567749, 0.0029748037923127413, 0.06078467518091202, 0.001708984375], [0.0, 0.0, 0.0, 1.0]], [[-0.9347901940345764, 0.3546236455440521, 0.02022971212863922, 1.1361083984375], [-0.028260447084903717, -0.017480650916695595, -0.999447762966156, 1.5514545440673828], [-0.3540741801261902, -0.9348457455635071, 0.02636256255209446, -0.063690185546875], [0.0, 0.0, 0.0, 1.0]]], "view": [[0.0, -2.0, 100.0], [-2.0, 0.0, 100.0], [0.0, 0.0, 1.0]], "bev": "bev_d5009be182224f989fafdde7b6635032.png", "aux": "aux_d5009be182224f989fafdde7b6635032.npz", "visibility": "visibility_d5009be182224f989fafdde7b6635032.png", "pose": [[0.0001188321621157229, 1.0, 0.0, 909.9071044921875], [-1.0, 0.0001188321621157229, 0.0, 1559.736083984375], [0.0, 0.0, 1.0, 0.0], [0.0, 0.0, 0.0, 1.0]], "pose_inverse": [[0.0001188321621157229, -1.0, 0.0, 1559.6279296875], [1.0, 0.0001188321621157229, 0.0, -910.0924682617188], [0.0, 0.0, 1.0, 0.0], [0.0, 0.0, 0.0, 1.0]], "cam_ids": [0, 1, 2, 3, 4, 5], "cam_channels": ["CAM_FRONT_LEFT", "CAM_FRONT", "CAM_FRONT_RIGHT", "CAM_BACK_LEFT", "CAM_BACK", "CAM_BACK_RIGHT"], "token": "d5009be182224f989fafdde7b6635032", "scene": "scene-0029"}, {"images": ["samples/CAM_FRONT_LEFT/n015-2018-07-18-11-50-34+0800__CAM_FRONT_LEFT__1531886161004844.jpg", "samples/CAM_FRONT/n015-2018-07-18-11-50-34+0800__CAM_FRONT__1531886161012469.jpg", "samples/CAM_FRONT_RIGHT/n015-2018-07-18-11-50-34+0800__CAM_FRONT_RIGHT__1531886161020339.jpg", "samples/CAM_BACK_LEFT/n015-2018-07-18-11-50-34+0800__CAM_BACK_LEFT__1531886161047423.jpg", "samples/CAM_BACK/n015-2018-07-18-11-50-34+0800__CAM_BACK__1531886161037525.jpg", "samples/CAM_BACK_RIGHT/n015-2018-07-18-11-50-34+0800__CAM_BACK_RIGHT__1531886161027893.jpg"], "intrinsics": [[[1272.5979470598488, 0.0, 826.6154927353808], [0.0, 1272.5979470598488, 479.75165386361925], [0.0, 0.0, 1.0]], [[1266.417203046554, 0.0, 816.2670197447984], [0.0, 1266.417203046554, 491.50706579294757], [0.0, 0.0, 1.0]], [[1260.8474446004698, 0.0, 807.968244525554], [0.0, 1260.8474446004698, 495.3344268742088], [0.0, 0.0, 1.0]], [[1256.7414812095406, 0.0, 792.1125740759628], [0.0, 1256.7414812095406, 492.7757465151356], [0.0, 0.0, 1.0]], [[809.2209905677063, 0.0, 829.2196003259838], [0.0, 809.2209905677063, 481.77842384512485], [0.0, 0.0, 1.0]], [[1259.5137405846733, 0.0, 807.2529053838625], [0.0, 1259.5137405846733, 501.19579884916527], [0.0, 0.0, 1.0]]], "extrinsics": [[[0.8205775618553162, -0.5711129903793335, -0.021967466920614243, -0.965087890625], [-0.04462285712361336, -0.02570103108882904, -0.9986732602119446, 1.5082511901855469], [0.5697906017303467, 0.820469081401825, -0.04657437652349472, -1.2801513671875], [0.0, 0.0, 0.0, 1.0]], [[0.006980562582612038, -0.9995415806770325, 0.02945980615913868, 0.00506591796875], [-0.049902576953172684, -0.029772024601697922, -0.9983102679252625, 1.520538330078125], [0.9987297058105469, 0.005498647224158049, -0.050087522715330124, -1.6923828125], [0.0, 0.0, 0.0, 1.0]], [[-0.831809401512146, -0.5533266067504883, 0.04384917393326759, 1.03228759765625], [-0.04429322108626366, -0.012576931156218052, -0.9989393949508667, 1.5036468505859375], [0.5532912611961365, -0.8328694105148315, -0.014047005213797092, -1.248779296875], [0.0, 0.0, 0.0, 1.0]], [[0.946587860584259, 0.3189351260662079, -0.04745345562696457, -1.14208984375], [-0.03557102009654045, -0.04298192262649536, -0.9984424114227295, 1.588557243347168], [-0.32047802209854126, 0.946801483631134, -0.0293413158506155, -0.103759765625], [0.0, 0.0, 0.0, 1.0]], [[0.0009626164101064205, 0.9994528293609619, -0.03306419774889946, 0.0028076171875], [-0.06098710745573044, -0.03294399008154869, -0.9975947737693787, 1.5793647766113281], [-0.9981381297111511, 0.0029767907690256834, 0.06092201545834541, 0.0018310546875], [0.0, 0.0, 0.0, 1.0]], [[-0.9347895383834839, 0.354619562625885, 0.020334448665380478, 1.13623046875], [-0.028416698798537254, -0.017597859725356102, -0.9994412660598755, 1.5514507293701172], [-0.35406357049942017, -0.9348450899124146, 0.0265274066478014, -0.063690185546875], [0.0, 0.0, 0.0, 1.0]]], "view": [[0.0, -2.0, 100.0], [-2.0, 0.0, 100.0], [0.0, 0.0, 1.0]], "bev": "bev_0aa8264e9c3e4270a6bc5ee4c417946c.png", "aux": "aux_0aa8264e9c3e4270a6bc5ee4c417946c.npz", "visibility": "visibility_0aa8264e9c3e4270a6bc5ee4c417946c.png", "pose": [[0.0001811562106013298, 1.0, 0.0, 909.9072265625], [-1.0, 0.0001811562106013298, 0.0, 1559.736083984375], [0.0, 0.0, 1.0, 0.0], [0.0, 0.0, 0.0, 1.0]], "pose_inverse": [[0.0001811562106013298, -1.0, 0.0, 1559.5711669921875], [1.0, 0.0001811562106013298, 0.0, -910.1897583007812], [0.0, 0.0, 1.0, 0.0], [0.0, 0.0, 0.0, 1.0]], "cam_ids": [0, 1, 2, 3, 4, 5], "cam_channels": ["CAM_FRONT_LEFT", "CAM_FRONT", "CAM_FRONT_RIGHT", "CAM_BACK_LEFT", "CAM_BACK", "CAM_BACK_RIGHT"], "token": "0aa8264e9c3e4270a6bc5ee4c417946c", "scene": "scene-0029"}, {"images": ["samples/CAM_FRONT_LEFT/n015-2018-07-18-11-50-34+0800__CAM_FRONT_LEFT__1531886161504844.jpg", "samples/CAM_FRONT/n015-2018-07-18-11-50-34+0800__CAM_FRONT__1531886161512469.jpg", "samples/CAM_FRONT_RIGHT/n015-2018-07-18-11-50-34+0800__CAM_FRONT_RIGHT__1531886161520339.jpg", "samples/CAM_BACK_LEFT/n015-2018-07-18-11-50-34+0800__CAM_BACK_LEFT__1531886161547423.jpg", "samples/CAM_BACK/n015-2018-07-18-11-50-34+0800__CAM_BACK__1531886161537525.jpg", "samples/CAM_BACK_RIGHT/n015-2018-07-18-11-50-34+0800__CAM_BACK_RIGHT__1531886161527893.jpg"], "intrinsics": [[[1272.5979470598488, 0.0, 826.6154927353808], [0.0, 1272.5979470598488, 479.75165386361925], [0.0, 0.0, 1.0]], [[1266.417203046554, 0.0, 816.2670197447984], [0.0, 1266.417203046554, 491.50706579294757], [0.0, 0.0, 1.0]], [[1260.8474446004698, 0.0, 807.968244525554], [0.0, 1260.8474446004698, 495.3344268742088], [0.0, 0.0, 1.0]], [[1256.7414812095406, 0.0, 792.1125740759628], [0.0, 1256.7414812095406, 492.7757465151356], [0.0, 0.0, 1.0]], [[809.2209905677063, 0.0, 829.2196003259838], [0.0, 809.2209905677063, 481.77842384512485], [0.0, 0.0, 1.0]], [[1259.5137405846733, 0.0, 807.2529053838625], [0.0, 1259.5137405846733, 501.19579884916527], [0.0, 0.0, 1.0]]], "extrinsics": [[[0.8206006288528442, -0.5710827708244324, -0.021887829527258873, -0.9649658203125], [-0.044566694647073746, -0.025762729346752167, -0.998674213886261, 1.50823974609375], [0.5697616934776306, 0.8204881548881531, -0.04659218341112137, -1.2802581787109375], [0.0, 0.0, 0.0, 1.0]], [[0.007006862200796604, -0.9995401501655579, 0.029501566663384438, 0.00506591796875], [-0.049843885004520416, -0.02981472574174404, -0.9983119368553162, 1.5205307006835938], [0.9987325072288513, 0.005524560809135437, -0.05002987012267113, -1.6923828125], [0.0, 0.0, 0.0, 1.0]], [[-0.8318014144897461, -0.5533416271209717, 0.04381085932254791, 1.0323486328125], [-0.04423230141401291, -0.012599815614521503, -0.9989417791366577, 1.5036392211914062], [0.5533080697059631, -0.8328590989112854, -0.013995030894875526, -1.2486572265625], [0.0, 0.0, 0.0, 1.0]], [[0.9465878009796143, 0.31894388794898987, -0.047396086156368256, -1.1422119140625], [-0.03551335260272026, -0.04297266900539398, -0.9984447956085205, 1.5885534286499023], [-0.32048457860946655, 0.9467989802360535, -0.029350636526942253, -0.1036376953125], [0.0, 0.0, 0.0, 1.0]], [[0.0009567348170094192, 0.9994527697563171, -0.03306598961353302, 0.00286865234375], [-0.06092187762260437, -0.03294633328914642, -0.9975987076759338, 1.5793571472167969], [-0.9981420040130615, 0.0029688796494156122, 0.06085701286792755, 0.0018310546875], [0.0, 0.0, 0.0, 1.0]], [[-0.9347957968711853, 0.3546067774295807, 0.020266642794013023, 1.1361083984375], [-0.028347717598080635, -0.017608173191547394, -0.9994430541992188, 1.5514488220214844], [-0.3540523946285248, -0.9348497986793518, 0.02651234343647957, -0.063720703125], [0.0, 0.0, 0.0, 1.0]]], "view": [[0.0, -2.0, 100.0], [-2.0, 0.0, 100.0], [0.0, 0.0, 1.0]], "bev": "bev_cd71f915b2ef4bf3be01e19f0e3b2f35.png", "aux": "aux_cd71f915b2ef4bf3be01e19f0e3b2f35.npz", "visibility": "visibility_cd71f915b2ef4bf3be01e19f0e3b2f35.png", "pose": [[9.57545344135724e-05, 1.0, 0.0, 909.9073486328125], [-1.0, 9.57545344135724e-05, 0.0, 1559.736083984375], [0.0, 0.0, 1.0, 0.0], [0.0, 0.0, 0.0, 1.0]], "pose_inverse": [[9.57545344135724e-05, -1.0, 0.0, 1559.64892578125], [1.0, 9.57545344135724e-05, 0.0, -910.0567016601562], [0.0, 0.0, 1.0, 0.0], [0.0, 0.0, 0.0, 1.0]], "cam_ids": [0, 1, 2, 3, 4, 5], "cam_channels": ["CAM_FRONT_LEFT", "CAM_FRONT", "CAM_FRONT_RIGHT", "CAM_BACK_LEFT", "CAM_BACK", "CAM_BACK_RIGHT"], "token": "cd71f915b2ef4bf3be01e19f0e3b2f35", "scene": "scene-0029"}, {"images": ["samples/CAM_FRONT_LEFT/n015-2018-07-18-11-50-34+0800__CAM_FRONT_LEFT__1531886162004844.jpg", "samples/CAM_FRONT/n015-2018-07-18-11-50-34+0800__CAM_FRONT__1531886162012466.jpg", "samples/CAM_FRONT_RIGHT/n015-2018-07-18-11-50-34+0800__CAM_FRONT_RIGHT__1531886162020339.jpg", "samples/CAM_BACK_LEFT/n015-2018-07-18-11-50-34+0800__CAM_BACK_LEFT__1531886162047423.jpg", "samples/CAM_BACK/n015-2018-07-18-11-50-34+0800__CAM_BACK__1531886162037525.jpg", "samples/CAM_BACK_RIGHT/n015-2018-07-18-11-50-34+0800__CAM_BACK_RIGHT__1531886162027893.jpg"], "intrinsics": [[[1272.5979470598488, 0.0, 826.6154927353808], [0.0, 1272.5979470598488, 479.75165386361925], [0.0, 0.0, 1.0]], [[1266.417203046554, 0.0, 816.2670197447984], [0.0, 1266.417203046554, 491.50706579294757], [0.0, 0.0, 1.0]], [[1260.8474446004698, 0.0, 807.968244525554], [0.0, 1260.8474446004698, 495.3344268742088], [0.0, 0.0, 1.0]], [[1256.7414812095406, 0.0, 792.1125740759628], [0.0, 1256.7414812095406, 492.7757465151356], [0.0, 0.0, 1.0]], [[809.2209905677063, 0.0, 829.2196003259838], [0.0, 809.2209905677063, 481.77842384512485], [0.0, 0.0, 1.0]], [[1259.5137405846733, 0.0, 807.2529053838625], [0.0, 1259.5137405846733, 501.19579884916527], [0.0, 0.0, 1.0]]], "extrinsics": [[[0.8206043839454651, -0.5710789561271667, -0.02184581570327282, -0.96484375], [-0.044586438685655594, -0.025865159928798676, -0.9986706376075745, 1.5082473754882812], [0.5697547793388367, 0.8204874396324158, -0.04668743908405304, -1.2801361083984375], [0.0, 0.0, 0.0, 1.0]], [[0.007013667840510607, -0.9995368719100952, 0.029611356556415558, 0.00506591796875], [-0.04988016188144684, -0.029924921691417694, -0.9983068108558655, 1.5205345153808594], [0.9987306594848633, 0.005524773150682449, -0.05006694048643112, -1.6922607421875], [0.0, 0.0, 0.0, 1.0]], [[-0.8317962884902954, -0.5533406138420105, 0.0439213402569294, 1.0323486328125], [-0.04428595304489136, -0.012718750163912773, -0.9989379048347473, 1.5036468505859375], [0.5533115863800049, -0.8328579664230347, -0.01392580196261406, -1.2486572265625], [0.0, 0.0, 0.0, 1.0]], [[0.9465848803520203, 0.31893593072891235, -0.04750844091176987, -1.1424560546875], [-0.03560325503349304, -0.04305795580148697, -0.9984380006790161, 1.588557243347168], [-0.32048338651657104, 0.9467976689338684, -0.029402852058410645, -0.103759765625], [0.0, 0.0, 0.0, 1.0]], [[0.0009501214371994138, 0.9994493722915649, -0.033169012516736984, 0.0028076171875], [-0.061004456132650375, -0.0330493226647377, -0.9975902438163757, 1.5793571472167969], [-0.9981370568275452, 0.0029712894465774298, 0.06093945726752281, 0.0018310546875], [0.0, 0.0, 0.0, 1.0]], [[-0.9347962141036987, 0.35460448265075684, 0.020291507244110107, 1.1361083984375], [-0.028417441993951797, -0.01772225648164749, -0.9994390606880188, 1.55145263671875], [-0.3540459871292114, -0.934848427772522, 0.026643646880984306, -0.0635986328125], [0.0, 0.0, 0.0, 1.0]]], "view": [[0.0, -2.0, 100.0], [-2.0, 0.0, 100.0], [0.0, 0.0, 1.0]], "bev": "bev_4c45aca6e9b747ebb5480f51b640d491.png", "aux": "aux_4c45aca6e9b747ebb5480f51b640d491.npz", "visibility": "visibility_4c45aca6e9b747ebb5480f51b640d491.png", "pose": [[0.00016363589384127408, 1.0, 0.0, 909.907470703125], [-1.0, 0.00016363589384127408, 0.0, 1559.736083984375], [0.0, 0.0, 1.0, 0.0], [0.0, 0.0, 0.0, 1.0]], "pose_inverse": [[0.00016363589384127408, -1.0, 0.0, 1559.587158203125], [1.0, 0.00016363589384127408, 0.0, -910.1626586914062], [0.0, 0.0, 1.0, 0.0], [0.0, 0.0, 0.0, 1.0]], "cam_ids": [0, 1, 2, 3, 4, 5], "cam_channels": ["CAM_FRONT_LEFT", "CAM_FRONT", "CAM_FRONT_RIGHT", "CAM_BACK_LEFT", "CAM_BACK", "CAM_BACK_RIGHT"], "token": "4c45aca6e9b747ebb5480f51b640d491", "scene": "scene-0029"}, {"images": ["samples/CAM_FRONT_LEFT/n015-2018-07-18-11-50-34+0800__CAM_FRONT_LEFT__1531886162404844.jpg", "samples/CAM_FRONT/n015-2018-07-18-11-50-34+0800__CAM_FRONT__1531886162412465.jpg", "samples/CAM_FRONT_RIGHT/n015-2018-07-18-11-50-34+0800__CAM_FRONT_RIGHT__1531886162420339.jpg", "samples/CAM_BACK_LEFT/n015-2018-07-18-11-50-34+0800__CAM_BACK_LEFT__1531886162447423.jpg", "samples/CAM_BACK/n015-2018-07-18-11-50-34+0800__CAM_BACK__1531886162437525.jpg", "samples/CAM_BACK_RIGHT/n015-2018-07-18-11-50-34+0800__CAM_BACK_RIGHT__1531886162427893.jpg"], "intrinsics": [[[1272.5979470598488, 0.0, 826.6154927353808], [0.0, 1272.5979470598488, 479.75165386361925], [0.0, 0.0, 1.0]], [[1266.417203046554, 0.0, 816.2670197447984], [0.0, 1266.417203046554, 491.50706579294757], [0.0, 0.0, 1.0]], [[1260.8474446004698, 0.0, 807.968244525554], [0.0, 1260.8474446004698, 495.3344268742088], [0.0, 0.0, 1.0]], [[1256.7414812095406, 0.0, 792.1125740759628], [0.0, 1256.7414812095406, 492.7757465151356], [0.0, 0.0, 1.0]], [[809.2209905677063, 0.0, 829.2196003259838], [0.0, 809.2209905677063, 481.77842384512485], [0.0, 0.0, 1.0]], [[1259.5137405846733, 0.0, 807.2529053838625], [0.0, 1259.5137405846733, 501.19579884916527], [0.0, 0.0, 1.0]]], "extrinsics": [[[0.8205957412719727, -0.5710927248001099, -0.02181132510304451, -0.965087890625], [-0.044616278260946274, -0.025967204943299294, -0.9986666440963745, 1.5082473754882812], [0.5697649121284485, 0.8204748034477234, -0.04678860679268837, -1.2802734375], [0.0, 0.0, 0.0, 1.0]], [[0.0070043522864580154, -0.999534010887146, 0.02971016801893711, 0.005126953125], [-0.049903858453035355, -0.030023276805877686, -0.998302698135376, 1.5205345153808594], [0.9987294673919678, 0.005509811919182539, -0.05009089782834053, -1.6922607421875], [0.0, 0.0, 0.0, 1.0]], [[-0.8317991495132446, -0.5533309578895569, 0.04398757219314575, 1.0322265625], [-0.04430288076400757, -0.012812701985239983, -0.9989359974861145, 1.5036354064941406], [0.5533058643341064, -0.8328628540039062, -0.013856563717126846, -1.24853515625], [0.0, 0.0, 0.0, 1.0]], [[0.9465860724449158, 0.31893205642700195, -0.04751051217317581, -1.142333984375], [-0.03558061271905899, -0.04313167184591293, -0.9984356164932251, 1.588557243347168], [-0.3204823434352875, 0.9467957019805908, -0.029480043798685074, -0.103759765625], [0.0, 0.0, 0.0, 1.0]], [[0.0009511066600680351, 0.9994465708732605, -0.03325314074754715, 0.0028076171875], [-0.060998935252428055, -0.03313324600458145, -0.9975878000259399, 1.5793571472167969], [-0.998137354850769, 0.002977218711748719, 0.06093365699052811, 0.0018310546875], [0.0, 0.0, 0.0, 1.0]], [[-0.9347947239875793, 0.3546099364757538, 0.020260414108633995, 1.1361083984375], [-0.028420476242899895, -0.01781761646270752, -0.9994372725486755, 1.5514488220214844], [-0.35404935479164124, -0.9348445534706116, 0.026733996346592903, -0.063629150390625], [0.0, 0.0, 0.0, 1.0]]], "view": [[0.0, -2.0, 100.0], [-2.0, 0.0, 100.0], [0.0, 0.0, 1.0]], "bev": "bev_043dd37c4abb4970a148404098f7b7ab.png", "aux": "aux_043dd37c4abb4970a148404098f7b7ab.npz", "visibility": "visibility_043dd37c4abb4970a148404098f7b7ab.png", "pose": [[9.85027218121104e-05, 1.0, 0.0, 909.9075317382812], [-1.0, 9.85027218121104e-05, 0.0, 1559.736083984375], [0.0, 0.0, 1.0, 0.0], [0.0, 0.0, 0.0, 1.0]], "pose_inverse": [[9.85027218121104e-05, -1.0, 0.0, 1559.646484375], [1.0, 9.85027218121104e-05, 0.0, -910.0611572265625], [0.0, 0.0, 1.0, 0.0], [0.0, 0.0, 0.0, 1.0]], "cam_ids": [0, 1, 2, 3, 4, 5], "cam_channels": ["CAM_FRONT_LEFT", "CAM_FRONT", "CAM_FRONT_RIGHT", "CAM_BACK_LEFT", "CAM_BACK", "CAM_BACK_RIGHT"], "token": "043dd37c4abb4970a148404098f7b7ab", "scene": "scene-0029"}, {"images": ["samples/CAM_FRONT_LEFT/n015-2018-07-18-11-50-34+0800__CAM_FRONT_LEFT__1531886162904844.jpg", "samples/CAM_FRONT/n015-2018-07-18-11-50-34+0800__CAM_FRONT__1531886162912464.jpg", "samples/CAM_FRONT_RIGHT/n015-2018-07-18-11-50-34+0800__CAM_FRONT_RIGHT__1531886162920339.jpg", "samples/CAM_BACK_LEFT/n015-2018-07-18-11-50-34+0800__CAM_BACK_LEFT__1531886162947423.jpg", "samples/CAM_BACK/n015-2018-07-18-11-50-34+0800__CAM_BACK__1531886162937525.jpg", "samples/CAM_BACK_RIGHT/n015-2018-07-18-11-50-34+0800__CAM_BACK_RIGHT__1531886162927893.jpg"], "intrinsics": [[[1272.5979470598488, 0.0, 826.6154927353808], [0.0, 1272.5979470598488, 479.75165386361925], [0.0, 0.0, 1.0]], [[1266.417203046554, 0.0, 816.2670197447984], [0.0, 1266.417203046554, 491.50706579294757], [0.0, 0.0, 1.0]], [[1260.8474446004698, 0.0, 807.968244525554], [0.0, 1260.8474446004698, 495.3344268742088], [0.0, 0.0, 1.0]], [[1256.7414812095406, 0.0, 792.1125740759628], [0.0, 1256.7414812095406, 492.7757465151356], [0.0, 0.0, 1.0]], [[809.2209905677063, 0.0, 829.2196003259838], [0.0, 809.2209905677063, 481.77842384512485], [0.0, 0.0, 1.0]], [[1259.5137405846733, 0.0, 807.2529053838625], [0.0, 1259.5137405846733, 501.19579884916527], [0.0, 0.0, 1.0]]], "extrinsics": [[[0.8205887079238892, -0.5711013674736023, -0.02184821292757988, -0.9649658203125], [-0.04460442438721657, -0.02588462457060814, -0.9986693263053894, 1.5082473754882812], [0.5697758793830872, 0.8204712867736816, -0.04671427607536316, -1.280120849609375], [0.0, 0.0, 0.0, 1.0]], [[0.006990359164774418, -0.9995364546775818, 0.029630614444613457, 0.00506591796875], [-0.04988335445523262, -0.029943007975816727, -0.9983060956001282, 1.5205307006835938], [0.9987305998802185, 0.005500444211065769, -0.05006954073905945, -1.6922607421875], [0.0, 0.0, 0.0, 1.0]], [[-0.8318074345588684, -0.5533239841461182, 0.043920062482357025, 1.0323486328125], [-0.04427322372794151, -0.01273509580641985, -0.9989382028579712, 1.5036392211914062], [0.5532958507537842, -0.832868754863739, -0.013904291205108166, -1.2486572265625], [0.0, 0.0, 0.0, 1.0]], [[0.9465885758399963, 0.3189317286014557, -0.04746164008975029, -1.1422119140625], [-0.03555035963654518, -0.043068792670965195, -0.998439371585846, 1.5885515213012695], [-0.3204781115055084, 0.9467986226081848, -0.029430288821458817, -0.103759765625], [0.0, 0.0, 0.0, 1.0]], [[0.0009590116096660495, 0.9994489550590515, -0.03317922353744507, 0.0028076171875], [-0.06097274646162987, -0.03305906429886818, -0.9975918531417847, 1.5793647766113281], [-0.998138964176178, 0.002979730488732457, 0.06090743467211723, 0.001708984375], [0.0, 0.0, 0.0, 1.0]], [[-0.9347916841506958, 0.3546178638935089, 0.020266104489564896, 1.1363525390625], [-0.02839585393667221, -0.017735878005623817, -0.9994394183158875, 1.55145263671875], [-0.354059636592865, -0.934843122959137, 0.026649029925465584, -0.063690185546875], [0.0, 0.0, 0.0, 1.0]]], "view": [[0.0, -2.0, 100.0], [-2.0, 0.0, 100.0], [0.0, 0.0, 1.0]], "bev": "bev_c03d17123c6345f1a4626c6245b2c962.png", "aux": "aux_c03d17123c6345f1a4626c6245b2c962.npz", "visibility": "visibility_c03d17123c6345f1a4626c6245b2c962.png", "pose": [[0.00010657998063834384, 1.0, 0.0, 909.9075927734375], [-1.0, 0.00010657998063834384, 0.0, 1559.736083984375], [0.0, 0.0, 1.0, 0.0], [0.0, 0.0, 0.0, 1.0]], "pose_inverse": [[0.00010657998063834384, -1.0, 0.0, 1559.6390380859375], [1.0, 0.00010657998063834384, 0.0, -910.0738525390625], [0.0, 0.0, 1.0, 0.0], [0.0, 0.0, 0.0, 1.0]], "cam_ids": [0, 1, 2, 3, 4, 5], "cam_channels": ["CAM_FRONT_LEFT", "CAM_FRONT", "CAM_FRONT_RIGHT", "CAM_BACK_LEFT", "CAM_BACK", "CAM_BACK_RIGHT"], "token": "c03d17123c6345f1a4626c6245b2c962", "scene": "scene-0029"}, {"images": ["samples/CAM_FRONT_LEFT/n015-2018-07-18-11-50-34+0800__CAM_FRONT_LEFT__1531886163504844.jpg", "samples/CAM_FRONT/n015-2018-07-18-11-50-34+0800__CAM_FRONT__1531886163512466.jpg", "samples/CAM_FRONT_RIGHT/n015-2018-07-18-11-50-34+0800__CAM_FRONT_RIGHT__1531886163520339.jpg", "samples/CAM_BACK_LEFT/n015-2018-07-18-11-50-34+0800__CAM_BACK_LEFT__1531886163547423.jpg", "samples/CAM_BACK/n015-2018-07-18-11-50-34+0800__CAM_BACK__1531886163537525.jpg", "samples/CAM_BACK_RIGHT/n015-2018-07-18-11-50-34+0800__CAM_BACK_RIGHT__1531886163527893.jpg"], "intrinsics": [[[1272.5979470598488, 0.0, 826.6154927353808], [0.0, 1272.5979470598488, 479.75165386361925], [0.0, 0.0, 1.0]], [[1266.417203046554, 0.0, 816.2670197447984], [0.0, 1266.417203046554, 491.50706579294757], [0.0, 0.0, 1.0]], [[1260.8474446004698, 0.0, 807.968244525554], [0.0, 1260.8474446004698, 495.3344268742088], [0.0, 0.0, 1.0]], [[1256.7414812095406, 0.0, 792.1125740759628], [0.0, 1256.7414812095406, 492.7757465151356], [0.0, 0.0, 1.0]], [[809.2209905677063, 0.0, 829.2196003259838], [0.0, 809.2209905677063, 481.77842384512485], [0.0, 0.0, 1.0]], [[1259.5137405846733, 0.0, 807.2529053838625], [0.0, 1259.5137405846733, 501.19579884916527], [0.0, 0.0, 1.0]]], "extrinsics": [[[0.8205656409263611, -0.5711349248886108, -0.02183603309094906, -0.9649658203125], [-0.04466504603624344, -0.02598991058766842, -0.9986638426780701, 1.5082473754882812], [0.5698043704032898, 0.820444643497467, -0.04683620110154152, -1.2802581787109375], [0.0, 0.0, 0.0, 1.0]], [[0.006961990147829056, -0.9995340704917908, 0.029719993472099304, 0.0050048828125], [-0.04994019865989685, -0.03003116510808468, -0.9983006715774536, 1.5205345153808594], [0.9987279176712036, 0.0054659368470311165, -0.05012599751353264, -1.692138671875], [0.0, 0.0, 0.0, 1.0]], [[-0.8318177461624146, -0.5533018708229065, 0.04400286450982094, 1.0322265625], [-0.04432550072669983, -0.012805419974029064, -0.9989350438117981, 1.5036392211914062], [0.5532761216163635, -0.8328824043273926, -0.01387360505759716, -1.2486572265625], [0.0, 0.0, 0.0, 1.0]], [[0.9465830326080322, 0.318934828042984, -0.047550249844789505, -1.1422119140625], [-0.03562416881322861, -0.04312657564878464, -0.9984342455863953, 1.5885591506958008], [-0.3204861283302307, 0.9467949271202087, -0.029461098834872246, -0.103759765625], [0.0, 0.0, 0.0, 1.0]], [[0.000964518403634429, 0.9994469881057739, -0.03323816508054733, 0.00286865234375], [-0.06102865934371948, -0.033117394894361496, -0.9975864291191101, 1.5793495178222656], [-0.998135507106781, 0.002990671433508396, 0.060962967574596405, 0.0018310546875], [0.0, 0.0, 0.0, 1.0]], [[-0.934785008430481, 0.3546343445777893, 0.020286552608013153, 1.1363525390625], [-0.02844289503991604, -0.017801038920879364, -0.9994369149208069, 1.5514507293701172], [-0.35407355427742004, -0.9348356127738953, 0.026726966723799706, -0.063568115234375], [0.0, 0.0, 0.0, 1.0]]], "view": [[0.0, -2.0, 100.0], [-2.0, 0.0, 100.0], [0.0, 0.0, 1.0]], "bev": "bev_008c89588f2