[{"images": ["samples/CAM_FRONT_LEFT/n008-2018-07-27-12-07-38-0400__CAM_FRONT_LEFT__1532708536004826.jpg", "samples/CAM_FRONT/n008-2018-07-27-12-07-38-0400__CAM_FRONT__1532708536012404.jpg", "samples/CAM_FRONT_RIGHT/n008-2018-07-27-12-07-38-0400__CAM_FRONT_RIGHT__1532708536020482.jpg", "samples/CAM_BACK_LEFT/n008-2018-07-27-12-07-38-0400__CAM_BACK_LEFT__1532708536047405.jpg", "samples/CAM_BACK/n008-2018-07-27-12-07-38-0400__CAM_BACK__1532708536037631.jpg", "samples/CAM_BACK_RIGHT/n008-2018-07-27-12-07-38-0400__CAM_BACK_RIGHT__1532708536028113.jpg"], "intrinsics": [[[1257.8625342125129, 0.0, 827.2410631095686], [0.0, 1257.8625342125129, 450.915498205774], [0.0, 0.0, 1.0]], [[1252.8131021185304, 0.0, 826.588114781398], [0.0, 1252.8131021185304, 469.9846626224581], [0.0, 0.0, 1.0]], [[1256.7485116440405, 0.0, 817.7887570959712], [0.0, 1256.7485116440403, 451.9541780095127], [0.0, 0.0, 1.0]], [[1254.9860565800168, 0.0, 829.5769333630991], [0.0, 1254.9860565800168, 467.1680561863987], [0.0, 0.0, 1.0]], [[796.8910634503094, 0.0, 857.7774326863696], [0.0, 796.8910634503094, 476.8848988407415], [0.0, 0.0, 1.0]], [[1249.9629280788233, 0.0, 825.3768045375984], [0.0, 1249.9629280788233, 462.54816385708756], [0.0, 0.0, 1.0]]], "extrinsics": [[[0.8228822946548462, -0.5680175423622131, -0.014859296381473541, -0.9820556640625], [-0.004414713010191917, 0.019759003072977066, -0.9997950196266174, 1.4881706237792969], [0.5681946873664856, 0.8227792382240295, 0.013751698657870293, -1.317626953125], [0.0, 0.0, 0.0, 1.0]], [[0.010756406001746655, -0.9998190402984619, -0.015688898041844368, 0.005615234375], [-0.002479564631357789, 0.015663087368011475, -0.9998742938041687, 1.4801082611083984], [0.9999390244483948, 0.010793960653245449, -0.0023106378503143787, -1.7120819091796875], [0.0, 0.0, 0.0, 1.0]], [[-0.8438352346420288, -0.5365365147590637, -0.00841295812278986, 1.0762939453125], [0.005522726569324732, 0.0069936588406562805, -0.9999603033065796, 1.4931669235229492], [0.5365740656852722, -0.8438481688499451, -0.002938351361081004, -1.2685546875], [0.0, 0.0, 0.0, 1.0]], [[0.9477824568748474, 0.3186981976032257, -0.011827051639556885, -1.14337158203125], [-0.019942235201597214, 0.022212617099285126, -0.9995543956756592, 1.5620346069335938], [-0.3182934522628784, 0.9475958943367004, 0.027408285066485405, -0.1563720703125], [0.0, 0.0, 0.0, 1.0]], [[0.009134656749665737, 0.9998531341552734, 0.014499224722385406, -0.0286865234375], [-0.017772924154996872, 0.014659878797829151, -0.9997345209121704, 1.5679492950439453], [-0.9998003840446472, 0.008874517865478992, 0.01790422759950161, 0.037872314453125], [0.0, 0.0, 0.0, 1.0]], [[-0.9238438010215759, 0.38265344500541687, 0.009427888318896294, 1.1494140625], [-0.013542639091610909, -0.008060992695391178, -0.9998757839202881, 1.5476493835449219], [-0.38252997398376465, -0.923856794834137, 0.012629237025976181, -0.04833984375], [0.0, 0.0, 0.0, 1.0]]], "view": [[0.0, -2.0, 100.0], [-2.0, 0.0, 100.0], [0.0, 0.0, 1.0]], "bev": "bev_c2ecd38758e5464aafbe64c139fdb24e.png", "aux": "aux_c2ecd38758e5464aafbe64c139fdb24e.npz", "visibility": "visibility_c2ecd38758e5464aafbe64c139fdb24e.png", "pose": [[0.8773228526115417, 0.479900598526001, 0.0, 596.9595336914062], [-0.479900598526001, 0.8773228526115417, 0.0, 1648.3660888671875], [0.0, 0.0, 1.0, 0.0], [0.0, 0.0, 0.0, 1.0]], "pose_inverse": [[0.8773228526115417, -0.479900598526001, 0.0, 267.32562255859375], [0.479900598526001, 0.8773228526115417, 0.0, -1732.6304931640625], [0.0, 0.0, 1.0, 0.0], [0.0, 0.0, 0.0, 1.0]], "cam_ids": [0, 1, 2, 3, 4, 5], "cam_channels": ["CAM_FRONT_LEFT", "CAM_FRONT", "CAM_FRONT_RIGHT", "CAM_BACK_LEFT", "CAM_BACK", "CAM_BACK_RIGHT"], "token": "c2ecd38758e5464aafbe64c139fdb24e", "scene": "scene-0236"}, {"images": ["samples/CAM_FRONT_LEFT/n008-2018-07-27-12-07-38-0400__CAM_FRONT_LEFT__1532708536504799.jpg", "samples/CAM_FRONT/n008-2018-07-27-12-07-38-0400__CAM_FRONT__1532708536512404.jpg", "samples/CAM_FRONT_RIGHT/n008-2018-07-27-12-07-38-0400__CAM_FRONT_RIGHT__1532708536520482.jpg", "samples/CAM_BACK_LEFT/n008-2018-07-27-12-07-38-0400__CAM_BACK_LEFT__1532708536547405.jpg", "samples/CAM_BACK/n008-2018-07-27-12-07-38-0400__CAM_BACK__1532708536537558.jpg", "samples/CAM_BACK_RIGHT/n008-2018-07-27-12-07-38-0400__CAM_BACK_RIGHT__1532708536528113.jpg"], "intrinsics": [[[1257.8625342125129, 0.0, 827.2410631095686], [0.0, 1257.8625342125129, 450.915498205774], [0.0, 0.0, 1.0]], [[1252.8131021185304, 0.0, 826.588114781398], [0.0, 1252.8131021185304, 469.9846626224581], [0.0, 0.0, 1.0]], [[1256.7485116440405, 0.0, 817.7887570959712], [0.0, 1256.7485116440403, 451.9541780095127], [0.0, 0.0, 1.0]], [[1254.9860565800168, 0.0, 829.5769333630991], [0.0, 1254.9860565800168, 467.1680561863987], [0.0, 0.0, 1.0]], [[796.8910634503094, 0.0, 857.7774326863696], [0.0, 796.8910634503094, 476.8848988407415], [0.0, 0.0, 1.0]], [[1249.9629280788233, 0.0, 825.3768045375984], [0.0, 1249.9629280788233, 462.54816385708756], [0.0, 0.0, 1.0]]], "extrinsics": [[[0.8225044012069702, -0.5685440301895142, -0.015625424683094025, -0.9569091796875], [-0.004915250930935144, 0.020366376265883446, -0.9997804760932922, 1.488006591796875], [0.5687374472618103, 0.822400689125061, 0.013956896960735321, -1.3001708984375], [0.0, 0.0, 0.0, 1.0]], [[0.010216599330306053, -0.9998152852058411, -0.016279010102152824, 0.0057373046875], [-0.0029524292331188917, 0.016249626874923706, -0.9998636245727539, 1.4800262451171875], [0.9999434351921082, 0.010263253003358841, -0.0027858675457537174, -1.6860198974609375], [0.0, 0.0, 0.0, 1.0]], [[-0.8440563678741455, -0.5361894965171814, -0.008338519372045994, 1.0582275390625], [0.005078664515167475, 0.007556086406111717, -0.9999585151672363, 1.4932661056518555], [0.5362303256988525, -0.8440638184547424, -0.003654638072475791, -1.2569580078125], [0.0, 0.0, 0.0, 1.0]], [[0.9477835893630981, 0.3186871111392975, -0.01202874630689621, -1.143096923828125], [-0.020330697298049927, 0.022736888378858566, -0.9995347261428833, 1.5620231628417969], [-0.3182653486728668, 0.9475871324539185, 0.028028784319758415, -0.156494140625], [0.0, 0.0, 0.0, 1.0]], [[0.009295991621911526, 0.9998437166213989, 0.015034815296530724, -0.0286865234375], [-0.01820753887295723, 0.015202217735350132, -0.9997186064720154, 1.567789077758789], [-0.9997910857200623, 0.009019611403346062, 0.018346015363931656, 0.02947998046875], [0.0, 0.0, 0.0, 1.0]], [[-0.9237279891967773, 0.3829174041748047, 0.010045068338513374, 1.134765625], [-0.013986168429255486, -0.007509745657444, -0.9998739957809448, 1.5474185943603516], [-0.38279369473457336, -0.9237520098686218, 0.012292509898543358, -0.054443359375], [0.0, 0.0, 0.0, 1.0]]], "view": [[0.0, -2.0, 100.0], [-2.0, 0.0, 100.0], [0.0, 0.0, 1.0]], "bev": "bev_0782c231256c4434bc1f0cad7207c091.png", "aux": "aux_0782c231256c4434bc1f0cad7207c091.npz", "visibility": "visibility_0782c231256c4434bc1f0cad7207c091.png", "pose": [[0.8749597668647766, 0.4841955900192261, 0.0, 597.4093017578125], [-0.4841955900192261, 0.8749597668647766, 0.0, 1648.11767578125], [0.0, 0.0, 1.0, 0.0], [0.0, 0.0, 0.0, 1.0]], "pose_inverse": [[0.8749597668647766, -0.4841955900192261, 0.0, 275.3021545410156], [0.4841955900192261, 0.8749597668647766, 0.0, -1731.2996826171875], [0.0, 0.0, 1.0, 0.0], [0.0, 0.0, 0.0, 1.0]], "cam_ids": [0, 1, 2, 3, 4, 5], "cam_channels": ["CAM_FRONT_LEFT", "CAM_FRONT", "CAM_FRONT_RIGHT", "CAM_BACK_LEFT", "CAM_BACK", "CAM_BACK_RIGHT"], "token": "0782c231256c4434bc1f0cad7207c091", "scene": "scene-0236"}, {"images": ["samples/CAM_FRONT_LEFT/n008-2018-07-27-12-07-38-0400__CAM_FRONT_LEFT__1532708536904799.jpg", "samples/CAM_FRONT/n008-2018-07-27-12-07-38-0400__CAM_FRONT__1532708536912404.jpg", "samples/CAM_FRONT_RIGHT/n008-2018-07-27-12-07-38-0400__CAM_FRONT_RIGHT__1532708536920482.jpg", "samples/CAM_BACK_LEFT/n008-2018-07-27-12-07-38-0400__CAM_BACK_LEFT__1532708536947405.jpg", "samples/CAM_BACK/n008-2018-07-27-12-07-38-0400__CAM_BACK__1532708536937558.jpg", "samples/CAM_BACK_RIGHT/n008-2018-07-27-12-07-38-0400__CAM_BACK_RIGHT__1532708536928113.jpg"], "intrinsics": [[[1257.8625342125129, 0.0, 827.2410631095686], [0.0, 1257.8625342125129, 450.915498205774], [0.0, 0.0, 1.0]], [[1252.8131021185304, 0.0, 826.588114781398], [0.0, 1252.8131021185304, 469.9846626224581], [0.0, 0.0, 1.0]], [[1256.7485116440405, 0.0, 817.7887570959712], [0.0, 1256.7485116440403, 451.9541780095127], [0.0, 0.0, 1.0]], [[1254.9860565800168, 0.0, 829.5769333630991], [0.0, 1254.9860565800168, 467.1680561863987], [0.0, 0.0, 1.0]], [[796.8910634503094, 0.0, 857.7774326863696], [0.0, 796.8910634503094, 476.8848988407415], [0.0, 0.0, 1.0]], [[1249.9629280788233, 0.0, 825.3768045375984], [0.0, 1249.9629280788233, 462.54816385708756], [0.0, 0.0, 1.0]]], "extrinsics": [[[0.822294294834137, -0.5688490867614746, -0.01558518223464489, -0.9459228515625], [-0.005373798310756683, 0.01962403580546379, -0.9997929930686951, 1.4879112243652344], [0.569037139415741, 0.8222078680992126, 0.013079851865768433, -1.292236328125], [0.0, 0.0, 0.0, 1.0]], [[0.009892002679407597, -0.9998308420181274, -0.01550382748246193, 0.0057373046875], [-0.003363589523360133, 0.015471228398382664, -0.9998746514320374, 1.4799671173095703], [0.9999454021453857, 0.009942937642335892, -0.003209977177903056, -1.6747894287109375], [0.0, 0.0, 0.0, 1.0]], [[-0.8442077040672302, -0.5359624624252319, -0.007593646179884672, 1.0509033203125], [0.00471699982881546, 0.006737900897860527, -0.9999661445617676, 1.493295669555664], [0.5359954833984375, -0.8442149758338928, -0.0031600529327988625, -1.2525634765625], [0.0, 0.0, 0.0, 1.0]], [[0.9477837681770325, 0.3186679184436798, -0.012521490454673767, -1.1416015625], [-0.020561354234814644, 0.021878164261579514, -0.999549150466919, 1.5619888305664062], [-0.3182503879070282, 0.9476138949394226, 0.027288012206554413, -0.156982421875], [0.0, 0.0, 0.0, 1.0]], [[0.009413914754986763, 0.9998550415039062, 0.014189430512487888, -0.028564453125], [-0.018468739464879036, 0.014361492358148098, -0.9997262358665466, 1.5677127838134766], [-0.9997851848602295, 0.009149315766990185, 0.01860126107931137, 0.0255126953125], [0.0, 0.0, 0.0, 1.0]], [[-0.9236422181129456, 0.3831252157688141, 0.010007507167756557, 1.12884521484375], [-0.014295123517513275, -0.008345688693225384, -0.9998630285263062, 1.5473155975341797], [-0.3829891085624695, -0.9236586689949036, 0.01318525243550539, -0.056884765625], [0.0, 0.0, 0.0, 1.0]]], "view": [[0.0, -2.0, 100.0], [-2.0, 0.0, 100.0], [0.0, 0.0, 1.0]], "bev": "bev_d5181e6124b640e3aa1a963728549019.png", "aux": "aux_d5181e6124b640e3aa1a963728549019.npz", "visibility": "visibility_d5181e6124b640e3aa1a963728549019.png", "pose": [[0.8756440281867981, 0.4829570949077606, 0.0, 597.952392578125], [-0.4829570949077606, 0.8756440281867981, 0.0, 1647.819091796875], [0.0, 0.0, 1.0, 0.0], [0.0, 0.0, 0.0, 1.0]], "pose_inverse": [[0.8756440281867981, -0.4829570949077606, 0.0, 272.2325134277344], [0.4829570949077606, 0.8756440281867981, 0.0, -1731.688232421875], [0.0, 0.0, 1.0, 0.0], [0.0, 0.0, 0.0, 1.0]], "cam_ids": [0, 1, 2, 3, 4, 5], "cam_channels": ["CAM_FRONT_LEFT", "CAM_FRONT", "CAM_FRONT_RIGHT", "CAM_BACK_LEFT", "CAM_BACK", "CAM_BACK_RIGHT"], "token": "d5181e6124b640e3aa1a963728549019", "scene": "scene-0236"}, {"images": ["samples/CAM_FRONT_LEFT/n008-2018-07-27-12-07-38-0400__CAM_FRONT_LEFT__1532708537404799.jpg", "samples/CAM_FRONT/n008-2018-07-27-12-07-38-0400__CAM_FRONT__1532708537412404.jpg", "samples/CAM_FRONT_RIGHT/n008-2018-07-27-12-07-38-0400__CAM_FRONT_RIGHT__1532708537420482.jpg", "samples/CAM_BACK_LEFT/n008-2018-07-27-12-07-38-0400__CAM_BACK_LEFT__1532708537447405.jpg", "samples/CAM_BACK/n008-2018-07-27-12-07-38-0400__CAM_BACK__1532708537437558.jpg", "samples/CAM_BACK_RIGHT/n008-2018-07-27-12-07-38-0400__CAM_BACK_RIGHT__1532708537428113.jpg"], "intrinsics": [[[1257.8625342125129, 0.0, 827.2410631095686], [0.0, 1257.8625342125129, 450.915498205774], [0.0, 0.0, 1.0]], [[1252.8131021185304, 0.0, 826.588114781398], [0.0, 1252.8131021185304, 469.9846626224581], [0.0, 0.0, 1.0]], [[1256.7485116440405, 0.0, 817.7887570959712], [0.0, 1256.7485116440403, 451.9541780095127], [0.0, 0.0, 1.0]], [[1254.9860565800168, 0.0, 829.5769333630991], [0.0, 1254.9860565800168, 467.1680561863987], [0.0, 0.0, 1.0]], [[796.8910634503094, 0.0, 857.7774326863696], [0.0, 796.8910634503094, 476.8848988407415], [0.0, 0.0, 1.0]], [[1249.9629280788233, 0.0, 825.3768045375984], [0.0, 1249.9629280788233, 462.54816385708756], [0.0, 0.0, 1.0]]], "extrinsics": [[[0.8221895694732666, -0.569032609462738, -0.014364084228873253, -0.937744140625], [-0.00463663786649704, 0.018538951873779297, -0.9998173713684082, 1.4879131317138672], [0.5691949725151062, 0.8221060633659363, 0.01260413508862257, -1.2869873046875], [0.0, 0.0, 0.0, 1.0]], [[0.00975221861153841, -0.9998481273651123, -0.014440850354731083, 0.00634765625], [-0.0026018039789050817, 0.01441611722111702, -0.9998927116394043, 1.4799861907958984], [0.999949038028717, 0.009788754396140575, -0.0024608192034065723, -1.666961669921875], [0.0, 0.0, 0.0, 1.0]], [[-0.8442529439926147, -0.5358894467353821, -0.0077100880444049835, 1.04608154296875], [0.005505003500729799, 0.005714296363294125, -0.9999685287475586, 1.493363857269287], [0.5359166860580444, -0.8442688584327698, -0.0018742390675470233, -1.2491455078125], [0.0, 0.0, 0.0, 1.0]], [[0.9477922916412354, 0.3186609745025635, -0.012040982022881508, -1.143463134765625], [-0.01969481259584427, 0.020807547494769096, -0.9995895028114319, 1.5620307922363281], [-0.3182796835899353, 0.9476402997970581, 0.025997202843427658, -0.15625], [0.0, 0.0, 0.0, 1.0]], [[0.009428663179278374, 0.9998689293861389, 0.013158890418708324, -0.02880859375], [-0.017646417021751404, 0.013323801569640636, -0.9997554421424866, 1.567708969116211], [-0.9997997879981995, 0.009194176644086838, 0.01776972971856594, 0.024383544921875], [0.0, 0.0, 0.0, 1.0]], [[-0.9236279129981995, 0.3831874430179596, 0.00887390598654747, 1.12506103515625], [-0.013490366749465466, -0.009361921809613705, -0.9998651146888733, 1.547292709350586], [-0.38305267691612244, -0.9236231446266174, 0.013816272839903831, -0.058349609375], [0.0, 0.0, 0.0, 1.0]]], "view": [[0.0, -2.0, 100.0], [-2.0, 0.0, 100.0], [0.0, 0.0, 1.0]], "bev": "bev_61625f6b536d4e8087946bc64b7320e0.png", "aux": "aux_61625f6b536d4e8087946bc64b7320e0.npz", "visibility": "visibility_61625f6b536d4e8087946bc64b7320e0.png", "pose": [[0.8773611783981323, 0.4798305332660675, 0.0, 598.705810546875], [-0.4798305332660675, 0.8773611783981323, 0.0, 1647.4031982421875], [0.0, 0.0, 1.0, 0.0], [0.0, 0.0, 0.0, 1.0]], "pose_inverse": [[0.8773611783981323, -0.4798305332660675, 0.0, 265.1931457519531], [0.4798305332660675, 0.8773611783981323, 0.0, -1732.6448974609375], [0.0, 0.0, 1.0, 0.0], [0.0, 0.0, 0.0, 1.0]], "cam_ids": [0, 1, 2, 3, 4, 5], "cam_channels": ["CAM_FRONT_LEFT", "CAM_FRONT", "CAM_FRONT_RIGHT", "CAM_BACK_LEFT", "CAM_BACK", "CAM_BACK_RIGHT"], "token": "61625f6b536d4e8087946bc64b7320e0", "scene": "scene-0236"}, {"images": ["samples/CAM_FRONT_LEFT/n008-2018-07-27-12-07-38-0400__CAM_FRONT_LEFT__1532708537904799.jpg", "samples/CAM_FRONT/n008-2018-07-27-12-07-38-0400__CAM_FRONT__1532708537912411.jpg", "samples/CAM_FRONT_RIGHT/n008-2018-07-27-12-07-38-0400__CAM_FRONT_RIGHT__1532708537920495.jpg", "samples/CAM_BACK_LEFT/n008-2018-07-27-12-07-38-0400__CAM_BACK_LEFT__1532708537947409.jpg", "samples/CAM_BACK/n008-2018-07-27-12-07-38-0400__CAM_BACK__1532708537937558.jpg", "samples/CAM_BACK_RIGHT/n008-2018-07-27-12-07-38-0400__CAM_BACK_RIGHT__1532708537928113.jpg"], "intrinsics": [[[1257.8625342125129, 0.0, 827.2410631095686], [0.0, 1257.8625342125129, 450.915498205774], [0.0, 0.0, 1.0]], [[1252.8131021185304, 0.0, 826.588114781398], [0.0, 1252.8131021185304, 469.9846626224581], [0.0, 0.0, 1.0]], [[1256.7485116440405, 0.0, 817.7887570959712], [0.0, 1256.7485116440403, 451.9541780095127], [0.0, 0.0, 1.0]], [[1254.9860565800168, 0.0, 829.5769333630991], [0.0, 1254.9860565800168, 467.1680561863987], [0.0, 0.0, 1.0]], [[796.8910634503094, 0.0, 857.7774326863696], [0.0, 796.8910634503094, 476.8848988407415], [0.0, 0.0, 1.0]], [[1249.9629280788233, 0.0, 825.3768045375984], [0.0, 1249.9629280788233, 462.54816385708756], [0.0, 0.0, 1.0]]], "extrinsics": [[[0.8223097920417786, -0.5689247250556946, -0.01145757082849741, -0.923095703125], [-0.0008738460601307452, 0.01887236349284649, -0.9998215436935425, 1.4882030487060547], [0.5690394043922424, 0.8221730589866638, 0.015021775849163532, -1.2769775390625], [0.0, 0.0, 0.0, 1.0]], [[0.009898410178720951, -0.9998422265052795, -0.01474880613386631, 0.00634765625], [0.0010408904636278749, 0.014759823679924011, -0.9998905658721924, 1.4802474975585938], [0.9999505281448364, 0.009882005862891674, 0.0011868251021951437, -1.6527557373046875], [0.0, 0.0, 0.0, 1.0]], [[-0.8441891074180603, -0.5359351634979248, -0.010867901146411896, 1.037109375], [0.009020021185278893, 0.006069118157029152, -0.9999409317970276, 1.4936442375183105], [0.5359694957733154, -0.8442373275756836, -0.0002893369528464973, -1.2435302734375], [0.0, 0.0, 0.0, 1.0]], [[0.9478358030319214, 0.31863564252853394, -0.008859875611960888, -1.14251708984375], [-0.01650044694542885, 0.021287808194756508, -0.999637246131897, 1.5620231628417969], [-0.31833145022392273, 0.947638213634491, 0.025434980168938637, -0.156494140625], [0.0, 0.0, 0.0, 1.0]], [[0.00937953032553196, 0.9998632669448853, 0.013617479242384434, -0.028564453125], [-0.014313471503555775, 0.01375093124806881, -0.9998029470443726, 1.5677146911621094], [-0.9998536109924316, 0.009182789362967014, 0.014440491795539856, 0.019927978515625], [0.0, 0.0, 0.0, 1.0]], [[-0.923664927482605, 0.3831562101840973, 0.005856473930180073, 1.1181640625], [-0.01006926130503416, -0.008990284986793995, -0.9999088644981384, 1.547347068786621], [-0.38306862115859985, -0.923639714717865, 0.012162111699581146, -0.0611572265625], [0.0, 0.0, 0.0, 1.0]]], "view": [[0.0, -2.0, 100.0], [-2.0, 0.0, 100.0], [0.0, 0.0, 1.0]], "bev": "bev_9126c143b0f44b16b0c7cc4e32c0230f.png", "aux": "aux_9126c143b0f44b16b0c7cc4e32c0230f.npz", "visibility": "visibility_9126c143b0f44b16b0c7cc4e32c0230f.png", "pose": [[0.879467248916626, 0.4759593904018402, 0.0, 599.6939697265625], [-0.4759593904018402, 0.879467248916626, 0.0, 1646.8634033203125], [0.0, 0.0, 1.0, 0.0], [0.0, 0.0, 0.0, 1.0]], "pose_inverse": [[0.879467248916626, -0.4759593904018402, 0.0, 256.42889404296875], [0.4759593904018402, 0.879467248916626, 0.0, -1733.7923583984375], [0.0, 0.0, 1.0, 0.0], [0.0, 0.0, 0.0, 1.0]], "cam_ids": [0, 1, 2, 3, 4, 5], "cam_channels": ["CAM_FRONT_LEFT", "CAM_FRONT", "CAM_FRONT_RIGHT", "CAM_BACK_LEFT", "CAM_BACK", "CAM_BACK_RIGHT"], "token": "9126c143b0f44b16b0c7cc4e32c0230f", "scene": "scene-0236"}, {"images": ["samples/CAM_FRONT_LEFT/n008-2018-07-27-12-07-38-0400__CAM_FRONT_LEFT__1532708538404799.jpg", "samples/CAM_FRONT/n008-2018-07-27-12-07-38-0400__CAM_FRONT__1532708538412404.jpg", "samples/CAM_FRONT_RIGHT/n008-2018-07-27-12-07-38-0400__CAM_FRONT_RIGHT__1532708538420482.jpg", "samples/CAM_BACK_LEFT/n008-2018-07-27-12-07-38-0400__CAM_BACK_LEFT__1532708538447405.jpg", "samples/CAM_BACK/n008-2018-07-27-12-07-38-0400__CAM_BACK__1532708538437558.jpg", "samples/CAM_BACK_RIGHT/n008-2018-07-27-12-07-38-0400__CAM_BACK_RIGHT__1532708538428113.jpg"], "intrinsics": [[[1257.8625342125129, 0.0, 827.2410631095686], [0.0, 1257.8625342125129, 450.915498205774], [0.0, 0.0, 1.0]], [[1252.8131021185304, 0.0, 826.588114781398], [0.0, 1252.8131021185304, 469.9846626224581], [0.0, 0.0, 1.0]], [[1256.7485116440405, 0.0, 817.7887570959712], [0.0, 1256.7485116440403, 451.9541780095127], [0.0, 0.0, 1.0]], [[1254.9860565800168, 0.0, 829.5769333630991], [0.0, 1254.9860565800168, 467.1680561863987], [0.0, 0.0, 1.0]], [[796.8910634503094, 0.0, 857.7774326863696], [0.0, 796.8910634503094, 476.8848988407415], [0.0, 0.0, 1.0]], [[1249.9629280788233, 0.0, 825.3768045375984], [0.0, 1249.9629280788233, 462.54816385708756], [0.0, 0.0, 1.0]]], "extrinsics": [[[0.8228806257247925, -0.5680779814720154, -0.01244225911796093, -0.896240234375], [-0.0005386437987908721, 0.02111724577844143, -0.9997768402099609, 1.4882087707519531], [0.5682139992713928, 0.8227037191390991, 0.01707097887992859, -1.2591552734375], [0.0, 0.0, 0.0, 1.0]], [[0.010737402364611626, -0.9997982978820801, -0.016973420977592468, 0.0069580078125], [0.0013751048827543855, 0.016989147290587425, -0.9998547434806824, 1.4803085327148438], [0.999941349029541, 0.01071249321103096, 0.0015572461998090148, -1.6261138916015625], [0.0, 0.0, 0.0, 1.0]], [[-0.8438311815261841, -0.5364669561386108, -0.012339316308498383, 1.01953125], [0.009354553185403347, 0.008285114541649818, -0.9999219179153442, 1.4938592910766602], [0.5365272760391235, -0.8438806533813477, -0.0019728296902030706, -1.2320556640625], [0.0, 0.0, 0.0, 1.0]], [[0.9478306770324707, 0.31867772340774536, -0.007837421260774136, -1.140533447265625], [-0.016168024390935898, 0.02350436896085739, -0.9995929598808289, 1.561981201171875], [-0.31836381554603577, 0.9475716352462769, 0.02743055485188961, -0.1572265625], [0.0, 0.0, 0.0, 1.0]], [[0.009118365123867989, 0.999833345413208, 0.015816790983080864, -0.02880859375], [-0.014005596749484539, 0.01594359427690506, -0.9997747540473938, 1.567596435546875], [-0.9998603463172913, 0.008894843980669975, 0.014148642309010029, 0.011199951171875], [0.0, 0.0, 0.0, 1.0]], [[-0.92385333776474, 0.3826933205127716, 0.0063911848701536655, 1.10369873046875], [-0.009731252677738667, -0.006792686879634857, -0.9999295473098755, 1.5472145080566406], [-0.38262292742729187, -0.9238504767417908, 0.00999953132122755, -0.0670166015625], [0.0, 0.0, 0.0, 1.0]]], "view": [[0.0, -2.0, 100.0], [-2.0, 0.0, 100.0], [0.0, 0.0, 1.0]], "bev": "bev_2865b8563e734b6e909711aacdd8a493.png", "aux": "aux_2865b8563e734b6e909711aacdd8a493.npz", "visibility": "visibility_2865b8563e734b6e909711aacdd8a493.png", "pose": [[0.8800113201141357, 0.47495266795158386, 0.0, 600.8597412109375], [-0.47495266795158386, 0.8800113201141357, 0.0, 1646.2281494140625], [0.0, 0.0, 1.0, 0.0], [0.0, 0.0, 0.0, 1.0]], "pose_inverse": [[0.8800113201141357, -0.47495266795158386, 0.0, 253.11705017089844], [0.47495266795158386, 0.8800113201141357, 0.0, -1734.079345703125], [0.0, 0.0, 1.0, 0.0], [0.0, 0.0, 0.0, 1.0]], "cam_ids": [0, 1, 2, 3, 4, 5], "cam_channels": ["CAM_FRONT_LEFT", "CAM_FRONT", "CAM_FRONT_RIGHT", "CAM_BACK_LEFT", "CAM_BACK", "CAM_BACK_RIGHT"], "token": "2865b8563e734b6e909711aacdd8a493", "scene": "scene-0236"}, {"images": ["samples/CAM_FRONT_LEFT/n008-2018-07-27-12-07-38-0400__CAM_FRONT_LEFT__1532708538904799.jpg", "samples/CAM_FRONT/n008-2018-07-27-12-07-38-0400__CAM_FRONT__1532708538912404.jpg", "samples/CAM_FRONT_RIGHT/n008-2018-07-27-12-07-38-0400__CAM_FRONT_RIGHT__1532708538920482.jpg", "samples/CAM_BACK_LEFT/n008-2018-07-27-12-07-38-0400__CAM_BACK_LEFT__1532708538947405.jpg", "samples/CAM_BACK/n008-2018-07-27-12-07-38-0400__CAM_BACK__1532708538937558.jpg", "samples/CAM_BACK_RIGHT/n008-2018-07-27-12-07-38-0400__CAM_BACK_RIGHT__1532708538928113.jpg"], "intrinsics": [[[1257.8625342125129, 0.0, 827.2410631095686], [0.0, 1257.8625342125129, 450.915498205774], [0.0, 0.0, 1.0]], [[1252.8131021185304, 0.0, 826.588114781398], [0.0, 1252.8131021185304, 469.9846626224581], [0.0, 0.0, 1.0]], [[1256.7485116440405, 0.0, 817.7887570959712], [0.0, 1256.7485116440403, 451.9541780095127], [0.0, 0.0, 1.0]], [[1254.9860565800168, 0.0, 829.5769333630991], [0.0, 1254.9860565800168, 467.1680561863987], [0.0, 0.0, 1.0]], [[796.8910634503094, 0.0, 857.7774326863696], [0.0, 796.8910634503094, 476.8848988407415], [0.0, 0.0, 1.0]], [[1249.9629280788233, 0.0, 825.3768045375984], [0.0, 1249.9629280788233, 462.54816385708756], [0.0, 0.0, 1.0]]], "extrinsics": [[[0.8231415748596191, -0.5676904320716858, -0.012872928753495216, -0.8831787109375], [-0.003688025288283825, 0.017324836924672127, -0.9998431205749512, 1.4877338409423828], [0.5678244233131409, 0.8230599164962769, 0.012167136184871197, -1.25048828125], [0.0, 0.0, 0.0, 1.0]], [[0.011120122857391834, -0.9998491406440735, -0.013346103951334953, 0.007568359375], [-0.001826080260798335, 0.01332660112529993, -0.9999095797538757, 1.4799308776855469], [0.9999364614486694, 0.011143490672111511, -0.0016776099801063538, -1.6128387451171875], [0.0, 0.0, 0.0, 1.0]], [[-0.8436882495880127, -0.5367781519889832, -0.007702060975134373, 1.01129150390625], [0.006098960526287556, 0.004762130323797464, -0.999970018863678, 1.4936437606811523], [0.5367988348007202, -0.8437100052833557, -0.0007439649780280888, -1.2261962890625], [0.0, 0.0, 0.0, 1.0]], [[0.9477832317352295, 0.31868836283683777, -0.012025733478367329, -1.140594482421875], [-0.019513342529535294, 0.020312808454036713, -0.9996032118797302, 1.5619773864746094], [-0.3183176815509796, 0.947641909122467, 0.025470811873674393, -0.1572265625], [0.0, 0.0, 0.0, 1.0]], [[0.009024358354508877, 0.9998810887336731, 0.012509411200881004, -0.02880859375], [-0.017311284318566322, 0.012664264999330044, -0.999769926071167, 1.5674209594726562], [-0.9998095035552979, 0.008805672638118267, 0.017423510551452637, 0.007354736328125], [0.0, 0.0, 0.0, 1.0]], [[-0.9239202737808228, 0.3824984133243561, 0.008146955631673336, 1.09710693359375], [-0.01303582452237606, -0.010191472247242928, -0.9998630881309509, 1.546919822692871], [-0.3823629319667816, -0.9238999485969543, 0.014402288012206554, -0.0694580078125], [0.0, 0.0, 0.0, 1.0]]], "view": [[0.0, -2.0, 100.0], [-2.0, 0.0, 100.0], [0.0, 0.0, 1.0]], "bev": "bev_82ffc8d01c3c4b608db3a85c6ac3a1a1.png", "aux": "aux_82ffc8d01c3c4b608db3a85c6ac3a1a1.npz", "visibility": "visibility_82ffc8d01c3c4b608db3a85c6ac3a1a1.png", "pose": [[0.8756963014602661, 0.48286235332489014, 0.0, 602.2520751953125], [-0.48286235332489014, 0.8756963014602661, 0.0, 1645.46240234375], [0.0, 0.0, 1.0, 0.0], [0.0, 0.0, 0.0, 1.0]], "pose_inverse": [[0.8756963014602661, -0.48286235332489014, 0.0, 267.1419372558594], [0.48286235332489014, 0.8756963014602661, 0.0, -1731.7301025390625], [0.0, 0.0, 1.0, 0.0], [0.0, 0.0, 0.0, 1.0]], "cam_ids": [0, 1, 2, 3, 4, 5], "cam_channels": ["CAM_FRONT_LEFT", "CAM_FRONT", "CAM_FRONT_RIGHT", "CAM_BACK_LEFT", "CAM_BACK", "CAM_BACK_RIGHT"], "token": "82ffc8d01c3c4b608db3a85c6ac3a1a1", "scene": "scene-0236"}, {"images": ["samples/CAM_FRONT_LEFT/n008-2018-07-27-12-07-38-0400__CAM_FRONT_LEFT__1532708539404799.jpg", "samples/CAM_FRONT/n008-2018-07-27-12-07-38-0400__CAM_FRONT__1532708539412404.jpg", "samples/CAM_FRONT_RIGHT/n008-2018-07-27-12-07-38-0400__CAM_FRONT_RIGHT__1532708539420482.jpg", "samples/CAM_BACK_LEFT/n008-2018-07-27-12-07-38-0400__CAM_BACK_LEFT__1532708539447405.jpg", "samples/CAM_BACK/n008-2018-07-27-12-07-38-0400__CAM_BACK__1532708539437558.jpg", "samples/CAM_BACK_RIGHT/n008-2018-07-27-12-07-38-0400__CAM_BACK_RIGHT__1532708539428113.jpg"], "intrinsics": [[[1257.8625342125129, 0.0, 827.2410631095686], [0.0, 1257.8625342125129, 450.915498205774], [0.0, 0.0, 1.0]], [[1252.8131021185304, 0.0, 826.588114781398], [0.0, 1252.8131021185304, 469.9846626224581], [0.0, 0.0, 1.0]], [[1256.7485116440405, 0.0, 817.7887570959712], [0.0, 1256.7485116440403, 451.9541780095127], [0.0, 0.0, 1.0]], [[1254.9860565800168, 0.0, 829.5769333630991], [0.0, 1254.9860565800168, 467.1680561863987], [0.0, 0.0, 1.0]], [[796.8910634503094, 0.0, 857.7774326863696], [0.0, 796.8910634503094, 476.8848988407415], [0.0, 0.0, 1.0]], [[1249.9629280788233, 0.0, 825.3768045375984], [0.0, 1249.9629280788233, 462.54816385708756], [0.0, 0.0, 1.0]]], "extrinsics": [[[0.8231678009033203, -0.5675469040870667, -0.016891950741410255, -0.8734130859375], [-0.004167589358985424, 0.023709814995527267, -0.9997101426124573, 1.4876327514648438], [0.5677828192710876, 0.8229995965957642, 0.017151853069663048, -1.2427978515625], [0.0, 0.0, 0.0, 1.0]], [[0.011196507140994072, -0.9997478723526001, -0.01946156844496727, 0.0069580078125], [-0.002325346926227212, 0.019436703994870186, -0.9998084306716919, 1.4798583984375], [0.9999346733093262, 0.011239620856940746, -0.002107136882841587, -1.602996826171875], [0.0, 0.0, 0.0, 1.0]], [[-0.8436328768730164, -0.5368199944496155, -0.01038777083158493, 1.0047607421875], [0.0055793579667806625, 0.010581009089946747, -0.9999284148216248, 1.4936389923095703], [0.536891520023346, -0.8436304926872253, -0.005931376945227385, -1.2227783203125], [0.0, 0.0, 0.0, 1.0]], [[0.9477719664573669, 0.3187495768070221, -0.01126175932586193, -1.138946533203125], [-0.02035509981215, 0.025211473926901817, -0.9994748830795288, 1.5619392395019531], [-0.3182983696460724, 0.9475036263465881, 0.030382908880710602, -0.1575927734375], [0.0, 0.0, 0.0, 1.0]], [[0.0089808888733387, 0.9998024106025696, 0.017733359709382057, -0.0286865234375], [-0.018010752275586128, 0.017892928794026375, -0.9996775984764099, 1.5673294067382812], [-0.999797523021698, 0.008658579550683498, 0.0181678868830204, 0.00390625], [0.0, 0.0, 0.0, 1.0]], [[-0.9239541292190552, 0.38235172629356384, 0.010768325999379158, 1.092041015625], [-0.013579378835856915, -0.00465410528704524, -0.9998970031738281, 1.5468053817749023], [-0.382262259721756, -0.9240050911903381, 0.009492279961705208, -0.0718994140625], [0.0, 0.0, 0.0, 1.0]]], "view": [[0.0, -2.0, 100.0], [-2.0, 0.0, 100.0], [0.0, 0.0, 1.0]], "bev": "bev_75ac74a94fc5464392311f983bdb6e3f.png", "aux": "aux_75ac74a94fc5464392311f983bdb6e3f.npz", "visibility": "visibility_75ac74a94fc5464392311f983bdb6e3f.png", "pose": [[0.8693283796310425, 0.49423494935035706, 0.0, 603.7342529296875], [-0.49423494935035706, 0.8693283796310425, 0.0, 1644.625244140625], [0.0, 0.0, 1.0, 0.0], [0.0, 0.0, 0.0, 1.0]], "pose_inverse": [[0.8693283796310425, -0.49423494935035706, 0.0, 287.98797607421875], [0.49423494935035706, 0.8693283796310425, 0.0, -1728.10595703125], [0.0, 0.0, 1.0, 0.0], [0.0, 0.0, 0.0, 1.0]], "cam_ids": [0, 1, 2, 3, 4, 5], "cam_channels": ["CAM_FRONT_LEFT", "CAM_FRONT", "CAM_FRONT_RIGHT", "CAM_BACK_LEFT", "CAM_BACK", "CAM_BACK_RIGHT"], "token": "75ac74a94fc5464392311f983bdb6e3f", "scene": "scene-0236"}, {"images": ["samples/CAM_FRONT_LEFT/n008-2018-07-27-12-07-38-0400__CAM_FRONT_LEFT__1532708539905035.jpg", "samples/CAM_FRONT/n008-2018-07-27-12-07-38-0400__CAM_FRONT__1532708539912404.jpg", "samples/CAM_FRONT_RIGHT/n008-2018-07-27-12-07-38-0400__CAM_FRONT_RIGHT__1532708539920482.jpg", "samples/CAM_BACK_LEFT/n008-2018-07-27-12-07-38-0400__CAM_BACK_LEFT__1532708539947405.jpg", "samples/CAM_BACK/n008-2018-07-27-12-07-38-0400__CAM_BACK__1532708539939558.jpg", "samples/CAM_BACK_RIGHT/n008-2018-07-27-12-07-38-0400__CAM_BACK_RIGHT__1532708539928113.jpg"], "intrinsics": [[[1257.8625342125129, 0.0, 827.2410631095686], [0.0, 1257.8625342125129, 450.915498205774], [0.0, 0.0, 1.0]], [[1252.8131021185304, 0.0, 826.588114781398], [0.0, 1252.8131021185304, 469.9846626224581], [0.0, 0.0, 1.0]], [[1256.7485116440405, 0.0, 817.7887570959712], [0.0, 1256.7485116440403, 451.9541780095127], [0.0, 0.0, 1.0]], [[1254.9860565800168, 0.0, 829.5769333630991], [0.0, 1254.9860565800168, 467.1680561863987], [0.0, 0.0, 1.0]], [[796.8910634503094, 0.0, 857.7774326863696], [0.0, 796.8910634503094, 476.8848988407415], [0.0, 0.0, 1.0]], [[1249.9629280788233, 0.0, 825.3768045375984], [0.0, 1249.9629280788233, 462.54816385708756], [0.0, 0.0, 1.0]]], "extrinsics": [[[0.8231885433197021, -0.5674370527267456, -0.019389668479561806, -0.87109375], [-0.007520910352468491, 0.02324972115457058, -0.9997013807296753, 1.487060546875], [0.5677183866500854, 0.823088526725769, 0.014871260151267052, -1.2420654296875], [0.0, 0.0, 0.0, 1.0]], [[0.011234900914132595, -0.9997503161430359, -0.01931281015276909, 0.0076904296875], [-0.005565284285694361, 0.01925121247768402, -0.9997991919517517, 1.4793968200683594], [0.9999213814735413, 0.011340141296386719, -0.005347610451281071, -1.599609375], [0.0, 0.0, 0.0, 1.0]], [[-0.8436352610588074, -0.536859929561615, -0.007815152406692505, 1.00189208984375], [0.0024595658760517836, 0.010691255331039429, -0.9999397993087769, 1.4933280944824219], [0.536911129951477, -0.8436036705970764, -0.007699077017605305, -1.220458984375], [0.0, 0.0, 0.0, 1.0]], [[0.9477169513702393, 0.3188234567642212, -0.01357322558760643, -1.1376953125], [-0.0231307465583086, 0.02621033601462841, -0.9993888139724731, 1.5618858337402344], [-0.3182728588581085, 0.9474517107009888, 0.03221460431814194, -0.1583251953125], [0.0, 0.0, 0.0, 1.0]], [[0.009064920246601105, 0.9997897744178772, 0.01839202269911766, -0.0286865234375], [-0.021007869392633438, 0.01857912726700306, -0.9996066689491272, 1.5673065185546875], [-0.9997382760047913, 0.008674945682287216, 0.021171871572732925, 0.00860595703125], [0.0, 0.0, 0.0, 1.0]], [[-0.923927903175354, 0.3823203444480896, 0.013724688440561295, 1.088623046875], [-0.01662222482264042, -0.004276700783520937, -0.99985271692276, 1.546522617340088], [-0.3822053074836731, -0.9240200519561768, 0.01030637789517641, -0.072998046875], [0.0, 0.0, 0.0, 1.0]]], "view": [[0.0, -2.0, 100.0], [-2.0, 0.0, 100.0], [0.0, 0.0, 1.0]], "bev": "bev_74538305e0214c61b660c603978f3062.png", "aux": "aux_74538305e0214c61b660c603978f3062.npz", "visibility": "visibility_74538305e0214c61b660c603978f3062.png", "pose": [[0.8627632856369019, 0.505608081817627, 0.0, 605.29931640625], [-0.505608081817627, 0.8627632856369019, 0.0, 1643.7142333984375], [0.0, 0.0, 1.0, 0.0], [0.0, 0.0, 0.0, 1.0]], "pose_inverse": [[0.8627632856369019, -0.505608081817627, 0.0, 308.8452453613281], [0.505608081817627, 0.8627632856369019, 0.0, -1724.1805419921875], [0.0, 0.0, 1.0, 0.0], [0.0, 0.0, 0.0, 1.0]], "cam_ids": [0, 1, 2, 3, 4, 5], "cam_channels": ["CAM_FRONT_LEFT", "CAM_FRONT", "CAM_FRONT_RIGHT", "CAM_BACK_LEFT", "CAM_BACK", "CAM_BACK_RIGHT"], "token": "74538305e0214c61b660c603978f3062", "scene": "scene-0236"}, {"images": ["samples/CAM_FRONT_LEFT/n008-2018-07-27-12-07-38-0400__CAM_FRONT_LEFT__1532708540404799.jpg", "samples/CAM_FRONT/n008-2018-07-27-12-07-38-0400__CAM_FRONT__1532708540412404.jpg", "samples/CAM_FRONT_RIGHT/n008-2018-07-27-12-07-38-0400__CAM_FRONT_RIGHT__1532708540420482.jpg", "samples/CAM_BACK_LEFT/n008-2018-07-27-12-07-38-0400__CAM_BACK_LEFT__1532708540447405.jpg", "samples/CAM_BACK/n008-2018-07-27-12-07-38-0400__CAM_BACK__1532708540437558.jpg", "samples/CAM_BACK_RIGHT/n008-2018-07-27-12-07-38-0400__CAM_BACK_RIGHT__1532708540428113.jpg"], "intrinsics": [[[1257.8625342125129, 0.0, 827.2410631095686], [0.0, 1257.8625342125129, 450.915498205774], [0.0, 0.0, 1.0]], [[1252.8131021185304, 0.0, 826.588114781398], [0.0, 1252.8131021185304, 469.9846626224581], [0.0, 0.0, 1.0]], [[1256.7485116440405, 0.0, 817.7887570959712], [0.0, 1256.7485116440403, 451.9541780095127], [0.0, 0.0, 1.0]], [[1254.9860565800168, 0.0, 829.5769333630991], [0.0, 1254.9860565800168, 467.1680561863987], [0.0, 0.0, 1.0]], [[796.8910634503094, 0.0, 857.7774326863696], [0.0, 796.8910634503094, 476.8848988407415], [0.0, 0.0, 1.0]], [[1249.9629280788233, 0.0, 825.3768045375984], [0.0, 1249.9629280788233, 462.54816385708756], [0.0, 0.0, 1.0]]], "extrinsics": [[[0.8230686187744141, -0.5676606893539429, -0.017872711643576622, -0.852783203125], [-0.003323022508993745, 0.02665533870458603, -0.9996391534805298, 1.4876861572265625], [0.5679322481155396, 0.8228310346603394, 0.020052822306752205, -1.22802734375], [0.0, 0.0, 0.0, 1.0]], [[0.01101675909012556, -0.999688982963562, -0.02236962504684925, 0.007080078125], [-0.0014873596373945475, 0.022354574874043465, -0.9997490048408508, 1.4799385070800781], [0.9999381899833679, 0.011047393083572388, -0.0012406219029799104, -1.581146240234375], [0.0, 0.0, 0.0, 1.0]], [[-0.8437273502349854, -0.5366231799125671, -0.012636787258088589, 0.98968505859375], [0.006409550551325083, 0.013468421995639801, -0.9998887181282043, 1.4938411712646484], [0.5367337465286255, -0.8437145352363586, -0.007924162782728672, -1.21337890625], [0.0, 0.0, 0.0, 1.0]], [[0.947793185710907, 0.3187483847141266, -0.00935788732022047, -1.136871337890625], [-0.019285760819911957, 0.028004644438624382, -0.9994217157363892, 1.5618934631347656], [-0.3183020055294037, 0.9474255442619324, 0.03268991783261299, -0.1585693359375], [0.0, 0.0, 0.0, 1.0]], [[0.009061407297849655, 0.9997478127479553, 0.02054624632000923, -0.0284423828125], [-0.01705595850944519, 0.020698625594377518, -0.9996402263641357, 1.5672378540039062], [-0.9998135566711426, 0.008707801811397076, 0.017239216715097427, -0.004119873046875], [0.0, 0.0, 0.0, 1.0]], [[-0.9239014387130737, 0.3824708163738251, 0.011048218235373497, 1.07952880859375], [-0.012701062485575676, -0.001796797732822597, -0.9999176859855652, 1.546695351600647], [-0.3824194669723511, -0.9239658713340759, 0.006517848465591669, -0.0775146484375], [0.0, 0.0, 0.0, 1.0]]], "view": [[0.0, -2.0, 100.0], [-2.0, 0.0, 100.0], [0.0, 0.0, 1.0]], "bev": "bev_a9f7830efde247b5964d76cf114e40a3.png", "aux": "aux_a9f7830efde247b5964d76cf114e40a3.npz", "visibility": "visibility_a9f7830efde247b5964d76cf114e40a3.png", "pose": [[0.8563550114631653, 0.5163875222206116, 0.0, 606.98095703125], [-0.5163875222206116, 0.8563550114631653, 0.0, 1642.7078857421875], [0.0, 0.0, 1.0, 0.0], [0.0, 0.0, 0.0, 1.0]], "pose_inverse": [[0.8563550114631653, -0.5163875222206116, 0.0, 328.4826965332031], [0.5163875222206116, 0.8563550114631653, 0.0, -1720.1785888671875], [0.0, 0.0, 1.0, 0.0], [0.0, 0.0, 0.0, 1.0]], "cam_ids": [0, 1, 2, 3, 4, 5], "cam_channels": ["CAM_FRONT_LEFT", "CAM_FRONT", "CAM_FRONT_RIGHT", "CAM_BACK_LEFT", "CAM_BACK", "CAM_BACK_RIGHT"], "token": "a9f7830efde247b5964d76cf114e40a3", "scene": "scene-0236"}, {"images": ["samples/CAM_FRONT_LEFT/n008-2018-07-27-12-07-38-0400__CAM_FRONT_LEFT__1532708540904799.jpg", "samples/CAM_FRONT/n008-2018-07-27-12-07-38-0400__CAM_FRONT__1532708540912404.jpg", "samples/CAM_FRONT_RIGHT/n008-2018-07-27-12-07-38-0400__CAM_FRONT_RIGHT__1532708540920482.jpg", "samples/CAM_BACK_LEFT/n008-2018-07-27-12-07-38-0400__CAM_BACK_LEFT__1532708540947405.jpg", "samples/CAM_BACK/n008-2018-07-27-12-07-38-0400__CAM_BACK__1532708540937558.jpg", "samples/CAM_BACK_RIGHT/n008-2018-07-27-12-07-38-0400__CAM_BACK_RIGHT__1532708540928113.jpg"], "intrinsics": [[[1257.8625342125129, 0.0, 827.2410631095686], [0.0, 1257.8625342125129, 450.915498205774], [0.0, 0.0, 1.0]], [[1252.8131021185304, 0.0, 826.588114781398], [0.0, 1252.8131021185304, 469.9846626224581], [0.0, 0.0, 1.0]], [[1256.7485116440405, 0.0, 817.7887570959712], [0.0, 1256.7485116440403, 451.9541780095127], [0.0, 0.0, 1.0]], [[1254.9860565800168, 0.0, 829.5769333630991], [0.0, 1254.9860565800168, 467.1680561863987], [0.0, 0.0, 1.0]], [[796.8910634503094, 0.0, 857.7774326863696], [0.0, 796.8910634503094, 476.8848988407415], [0.0, 0.0, 1.0]], [[1249.9629280788233, 0.0, 825.3768045375984], [0.0, 1249.9629280788233, 462.54816385708756], [0.0, 0.0, 1.0]]], "extrinsics": [[[0.8228943347930908, -0.5673640966415405, -0.03070768155157566, -0.837646484375], [-0.01654311642050743, 0.030097655951976776, -0.9994100332260132, 1.484893798828125], [0.5679536461830139, 0.8229168653488159, 0.015381217934191227, -1.2203369140625], [0.0, 0.0, 0.0, 1.0]], [[0.010930427350103855, -0.9995964169502258, -0.026221411302685738, 0.0087890625], [-0.014623227529227734, 0.026060381904244423, -0.9995534420013428, 1.4776649475097656], [0.999833345413208, 0.011309039779007435, -0.014332473278045654, -1.566986083984375], [0.0, 0.0, 0.0, 1.0]], [[-0.8437240719795227, -0.5367639064788818, -0.003770367708057165, 0.9805908203125], [-0.006636999547481537, 0.01745554246008396, -0.9998255968093872, 1.4921798706054688], [0.5367360711097717, -0.8435519337654114, -0.018290162086486816, -1.2059326171875], [0.0, 0.0, 0.0, 1.0]], [[0.9475594162940979, 0.31895750761032104, -0.019939502701163292, -1.1347198486328125], [-0.031999602913856506, 0.03261513635516167, -0.9989556074142456, 1.5617294311523438], [-0.3179740607738495, 0.9472076892852783, 0.041111286729574203, -0.1593017578125], [0.0, 0.0, 0.0, 1.0]], [[0.009176952764391899, 0.999647855758667, 0.02489609085023403, -0.0289306640625], [-0.029915548861026764, 0.02516045607626438, -0.9992356896400452, 1.56642150878906