[{"images": ["samples/CAM_FRONT_LEFT/n015-2018-10-02-10-50-40+0800__CAM_FRONT_LEFT__1538448764104844.jpg", "samples/CAM_FRONT/n015-2018-10-02-10-50-40+0800__CAM_FRONT__1538448764112464.jpg", "samples/CAM_FRONT_RIGHT/n015-2018-10-02-10-50-40+0800__CAM_FRONT_RIGHT__1538448764120339.jpg", "samples/CAM_BACK_LEFT/n015-2018-10-02-10-50-40+0800__CAM_BACK_LEFT__1538448764147423.jpg", "samples/CAM_BACK/n015-2018-10-02-10-50-40+0800__CAM_BACK__1538448764137525.jpg", "samples/CAM_BACK_RIGHT/n015-2018-10-02-10-50-40+0800__CAM_BACK_RIGHT__1538448764127893.jpg"], "intrinsics": [[[1272.5979470598488, 0.0, 826.6154927353808], [0.0, 1272.5979470598488, 479.75165386361925], [0.0, 0.0, 1.0]], [[1266.417203046554, 0.0, 816.2670197447984], [0.0, 1266.417203046554, 491.50706579294757], [0.0, 0.0, 1.0]], [[1260.8474446004698, 0.0, 807.968244525554], [0.0, 1260.8474446004698, 495.3344268742088], [0.0, 0.0, 1.0]], [[1256.7414812095406, 0.0, 792.1125740759628], [0.0, 1256.7414812095406, 492.7757465151356], [0.0, 0.0, 1.0]], [[809.2209905677063, 0.0, 829.2196003259838], [0.0, 809.2209905677063, 481.77842384512485], [0.0, 0.0, 1.0]], [[1259.5137405846733, 0.0, 807.2529053838625], [0.0, 1259.5137405846733, 501.19579884916527], [0.0, 0.0, 1.0]]], "extrinsics": [[[0.8203085660934448, -0.5713218450546265, 0.026176629588007927, -0.551513671875], [0.0022586211562156677, -0.042533133178949356, -0.9990924596786499, 1.509429931640625], [0.5719166994094849, 0.8196232914924622, -0.03359989821910858, -0.993408203125], [0.0, 0.0, 0.0, 1.0]], [[0.0049298168160021305, -0.9988987445831299, 0.04665925353765488, 0.0078125], [-0.003079693764448166, -0.04667476937174797, -0.9989054203033447, 1.519287109375], [0.9999831318855286, 0.004780777730047703, -0.003306405618786812, -1.2791748046875], [0.0, 0.0, 0.0, 1.0]], [[-0.8333004117012024, -0.5526367425918579, 0.014250550419092178, 0.76617431640625], [0.002517673186957836, -0.0295714158564806, -0.9995594620704651, 1.5044631958007812], [0.5528146624565125, -0.8328974843025208, 0.02603323571383953, -1.071533203125], [0.0, 0.0, 0.0, 1.0]], [[0.9481931924819946, 0.3175731301307678, -0.008777924813330173, -1.1399002075195312], [0.011045792140066624, -0.060568153858184814, -0.9981029629707336, 1.588470458984375], [-0.31750234961509705, 0.9462974071502686, -0.06093815714120865, -0.1025390625], [0.0, 0.0, 0.0, 1.0]], [[0.0034669721499085426, 0.9987282752990723, -0.05029913783073425, 0.003662109375], [-0.014332535676658154, -0.05024464428424835, -0.9986340999603271, 1.57763671875], [-0.9998912811279297, 0.004183155484497547, 0.014140110462903976, -0.1158447265625], [0.0, 0.0, 0.0, 1.0]], [[-0.9345021843910217, 0.35473334789276123, -0.029493408277630806, 0.920654296875], [0.018361812457442284, -0.03470638394355774, -0.9992288947105408, 1.5557022094726562], [-0.35548344254493713, -0.9343231916427612, 0.02591964229941368, -0.1455078125], [0.0, 0.0, 0.0, 1.0]]], "view": [[0.0, -2.0, 100.0], [-2.0, 0.0, 100.0], [0.0, 0.0, 1.0]], "bev": "bev_604d12ebcf784c3f945189f79262f19c.png", "aux": "aux_604d12ebcf784c3f945189f79262f19c.npz", "visibility": "visibility_604d12ebcf784c3f945189f79262f19c.png", "pose": [[-0.6126534342765808, -0.7903516888618469, 0.0, 1719.541015625], [0.7903516888618469, -0.6126534342765808, 0.0, 2668.0048828125], [0.0, 0.0, 1.0, 0.0], [0.0, 0.0, 0.0, 1.0]], "pose_inverse": [[-0.6126534342765808, 0.7903516888618469, 0.0, -1055.1795654296875], [-0.7903516888618469, -0.6126534342765808, 0.0, 2993.6044921875], [0.0, 0.0, 1.0, 0.0], [0.0, 0.0, 0.0, 1.0]], "cam_ids": [0, 1, 2, 3, 4, 5], "cam_channels": ["CAM_FRONT_LEFT", "CAM_FRONT", "CAM_FRONT_RIGHT", "CAM_BACK_LEFT", "CAM_BACK", "CAM_BACK_RIGHT"], "token": "604d12ebcf784c3f945189f79262f19c", "scene": "scene-0797"}, {"images": ["samples/CAM_FRONT_LEFT/n015-2018-10-02-10-50-40+0800__CAM_FRONT_LEFT__1538448764604844.jpg", "samples/CAM_FRONT/n015-2018-10-02-10-50-40+0800__CAM_FRONT__1538448764612460.jpg", "samples/CAM_FRONT_RIGHT/n015-2018-10-02-10-50-40+0800__CAM_FRONT_RIGHT__1538448764620339.jpg", "samples/CAM_BACK_LEFT/n015-2018-10-02-10-50-40+0800__CAM_BACK_LEFT__1538448764647423.jpg", "samples/CAM_BACK/n015-2018-10-02-10-50-40+0800__CAM_BACK__1538448764637525.jpg", "samples/CAM_BACK_RIGHT/n015-2018-10-02-10-50-40+0800__CAM_BACK_RIGHT__1538448764627893.jpg"], "intrinsics": [[[1272.5979470598488, 0.0, 826.6154927353808], [0.0, 1272.5979470598488, 479.75165386361925], [0.0, 0.0, 1.0]], [[1266.417203046554, 0.0, 816.2670197447984], [0.0, 1266.417203046554, 491.50706579294757], [0.0, 0.0, 1.0]], [[1260.8474446004698, 0.0, 807.968244525554], [0.0, 1260.8474446004698, 495.3344268742088], [0.0, 0.0, 1.0]], [[1256.7414812095406, 0.0, 792.1125740759628], [0.0, 1256.7414812095406, 492.7757465151356], [0.0, 0.0, 1.0]], [[809.2209905677063, 0.0, 829.2196003259838], [0.0, 809.2209905677063, 481.77842384512485], [0.0, 0.0, 1.0]], [[1259.5137405846733, 0.0, 807.2529053838625], [0.0, 1259.5137405846733, 501.19579884916527], [0.0, 0.0, 1.0]]], "extrinsics": [[[0.8203561305999756, -0.5709824562072754, 0.03154199942946434, -0.54736328125], [0.003859135787934065, -0.04962855949997902, -0.9987602829933167, 1.5103912353515625], [0.5718399286270142, 0.8194608688354492, -0.03850959241390228, -0.9932861328125], [0.0, 0.0, 0.0, 1.0]], [[0.004950202535837889, -0.9985442161560059, 0.05371110513806343, 0.009765625], [-0.0013744760071858764, -0.053718507289886475, -0.9985551834106445, 1.5200958251953125], [0.9999867081642151, 0.0048692175187170506, -0.0016383936163038015, -1.2757568359375], [0.0, 0.0, 0.0, 1.0]], [[-0.8332990407943726, -0.5525729656219482, 0.016607746481895447, 0.7635498046875], [0.004331532865762711, -0.03656701371073723, -0.9993218183517456, 1.5051193237304688], [0.5528055429458618, -0.8326619863510132, 0.03286474570631981, -1.06787109375], [0.0, 0.0, 0.0, 1.0]], [[0.9480470418930054, 0.3180078864097595, -0.00882161594927311, -1.1376419067382812], [0.013224194757640362, -0.06709935516119003, -0.9976586103439331, 1.588592529296875], [-0.31785520911216736, 0.9457105994224548, -0.06781873852014542, -0.1044921875], [0.0, 0.0, 0.0, 1.0]], [[0.0033147623762488365, 0.9983651638031006, -0.0570613257586956, 0.00244140625], [-0.012277456931769848, -0.057016704231500626, -0.9982976913452148, 1.5778961181640625], [-0.9999191164970398, 0.004009727388620377, 0.012068385258316994, -0.1192626953125], [0.0, 0.0, 0.0, 1.0]], [[-0.9344443082809448, 0.3545083701610565, -0.03372913599014282, 0.91650390625], [0.02026345580816269, -0.04162919893860817, -0.998927652835846, 1.5562744140625], [-0.35553231835365295, -0.9341257214546204, 0.03171660378575325, -0.14599609375], [0.0, 0.0, 0.0, 1.0]]], "view": [[0.0, -2.0, 100.0], [-2.0, 0.0, 100.0], [0.0, 0.0, 1.0]], "bev": "bev_dec84f8c544849f7bfacd868ff44975a.png", "aux": "aux_dec84f8c544849f7bfacd868ff44975a.npz", "visibility": "visibility_dec84f8c544849f7bfacd868ff44975a.png", "pose": [[-0.6096322536468506, -0.7926843762397766, 0.0, 1715.981689453125], [0.7926843762397766, -0.6096322536468506, 0.0, 2672.68505859375], [0.0, 0.0, 1.0, 0.0], [0.0, 0.0, 0.0, 1.0]], "pose_inverse": [[-0.6096322536468506, 0.7926843762397766, 0.0, -1072.4779052734375], [-0.7926843762397766, -0.6096322536468506, 0.0, 2989.5869140625], [0.0, 0.0, 1.0, 0.0], [0.0, 0.0, 0.0, 1.0]], "cam_ids": [0, 1, 2, 3, 4, 5], "cam_channels": ["CAM_FRONT_LEFT", "CAM_FRONT", "CAM_FRONT_RIGHT", "CAM_BACK_LEFT", "CAM_BACK", "CAM_BACK_RIGHT"], "token": "dec84f8c544849f7bfacd868ff44975a", "scene": "scene-0797"}, {"images": ["samples/CAM_FRONT_LEFT/n015-2018-10-02-10-50-40+0800__CAM_FRONT_LEFT__1538448765104844.jpg", "samples/CAM_FRONT/n015-2018-10-02-10-50-40+0800__CAM_FRONT__1538448765112460.jpg", "samples/CAM_FRONT_RIGHT/n015-2018-10-02-10-50-40+0800__CAM_FRONT_RIGHT__1538448765120339.jpg", "samples/CAM_BACK_LEFT/n015-2018-10-02-10-50-40+0800__CAM_BACK_LEFT__1538448765147423.jpg", "samples/CAM_BACK/n015-2018-10-02-10-50-40+0800__CAM_BACK__1538448765137525.jpg", "samples/CAM_BACK_RIGHT/n015-2018-10-02-10-50-40+0800__CAM_BACK_RIGHT__1538448765127893.jpg"], "intrinsics": [[[1272.5979470598488, 0.0, 826.6154927353808], [0.0, 1272.5979470598488, 479.75165386361925], [0.0, 0.0, 1.0]], [[1266.417203046554, 0.0, 816.2670197447984], [0.0, 1266.417203046554, 491.50706579294757], [0.0, 0.0, 1.0]], [[1260.8474446004698, 0.0, 807.968244525554], [0.0, 1260.8474446004698, 495.3344268742088], [0.0, 0.0, 1.0]], [[1256.7414812095406, 0.0, 792.1125740759628], [0.0, 1256.7414812095406, 492.7757465151356], [0.0, 0.0, 1.0]], [[809.2209905677063, 0.0, 829.2196003259838], [0.0, 809.2209905677063, 481.77842384512485], [0.0, 0.0, 1.0]], [[1259.5137405846733, 0.0, 807.2529053838625], [0.0, 1259.5137405846733, 501.19579884916527], [0.0, 0.0, 1.0]]], "extrinsics": [[[0.8201392292976379, -0.5714184641838074, 0.029196251183748245, -0.55517578125], [0.0014253357658162713, -0.04898720234632492, -0.9987983703613281, 1.509063720703125], [0.5721620321273804, 0.8191954493522644, -0.0393618643283844, -0.996826171875], [0.0, 0.0, 0.0, 1.0]], [[0.004770567640662193, -0.9985848069190979, 0.052967045456171036, 0.0087890625], [-0.003908552695065737, -0.052985869348049164, -0.9985876679420471, 1.51904296875], [0.9999809861183167, 0.004556834232062101, -0.00415579229593277, -1.282958984375], [0.0, 0.0, 0.0, 1.0]], [[-0.8333240151405334, -0.552480161190033, 0.018346205353736877, 0.76873779296875], [0.001695376355201006, -0.03574291989207268, -0.9993595480918884, 1.5042495727539062], [0.5527821779251099, -0.8327593207359314, 0.030722100287675858, -1.07177734375], [0.0, 0.0, 0.0, 1.0]], [[0.9479789733886719, 0.31813082098960876, -0.011341390199959278, -1.139251708984375], [0.010255943052470684, -0.06613123416900635, -0.9977582097053528, 1.588592529296875], [-0.31816765666007996, 0.9457374215126038, -0.06595375388860703, -0.1044921875], [0.0, 0.0, 0.0, 1.0]], [[0.0030662878416478634, 0.9984206557273865, -0.05609635263681412, 0.002197265625], [-0.015126167796552181, -0.05604388937354088, -0.9983137249946594, 1.5776214599609375], [-0.9998807907104492, 0.00390957947820425, 0.014930435456335545, -0.1158447265625], [0.0, 0.0, 0.0, 1.0]], [[-0.9345496296882629, 0.35449153184890747, -0.03086533211171627, 0.92138671875], [0.01754884421825409, -0.04071947559714317, -0.999016523361206, 1.5555419921875], [-0.35539963841438293, -0.9341722130775452, 0.0318334586918354, -0.1435546875], [0.0, 0.0, 0.0, 1.0]]], "view": [[0.0, -2.0, 100.0], [-2.0, 0.0, 100.0], [0.0, 0.0, 1.0]], "bev": "bev_52e468d2e8da4ae4b2db7d446ce56a15.png", "aux": "aux_52e468d2e8da4ae4b2db7d446ce56a15.npz", "visibility": "visibility_52e468d2e8da4ae4b2db7d446ce56a15.png", "pose": [[-0.6093689203262329, -0.7928867936134338, 0.0, 1712.4521484375], [0.7928867936134338, -0.6093689203262329, 0.0, 2677.335205078125], [0.0, 0.0, 1.0, 0.0], [0.0, 0.0, 0.0, 1.0]], "pose_inverse": [[-0.6093689203262329, 0.7928867936134338, 0.0, -1079.30859375], [-0.7928867936134338, -0.6093689203262329, 0.0, 2989.265625], [0.0, 0.0, 1.0, 0.0], [0.0, 0.0, 0.0, 1.0]], "cam_ids": [0, 1, 2, 3, 4, 5], "cam_channels": ["CAM_FRONT_LEFT", "CAM_FRONT", "CAM_FRONT_RIGHT", "CAM_BACK_LEFT", "CAM_BACK", "CAM_BACK_RIGHT"], "token": "52e468d2e8da4ae4b2db7d446ce56a15", "scene": "scene-0797"}, {"images": ["samples/CAM_FRONT_LEFT/n015-2018-10-02-10-50-40+0800__CAM_FRONT_LEFT__1538448765604844.jpg", "samples/CAM_FRONT/n015-2018-10-02-10-50-40+0800__CAM_FRONT__1538448765612460.jpg", "samples/CAM_FRONT_RIGHT/n015-2018-10-02-10-50-40+0800__CAM_FRONT_RIGHT__1538448765620339.jpg", "samples/CAM_BACK_LEFT/n015-2018-10-02-10-50-40+0800__CAM_BACK_LEFT__1538448765647423.jpg", "samples/CAM_BACK/n015-2018-10-02-10-50-40+0800__CAM_BACK__1538448765637525.jpg", "samples/CAM_BACK_RIGHT/n015-2018-10-02-10-50-40+0800__CAM_BACK_RIGHT__1538448765627893.jpg"], "intrinsics": [[[1272.5979470598488, 0.0, 826.6154927353808], [0.0, 1272.5979470598488, 479.75165386361925], [0.0, 0.0, 1.0]], [[1266.417203046554, 0.0, 816.2670197447984], [0.0, 1266.417203046554, 491.50706579294757], [0.0, 0.0, 1.0]], [[1260.8474446004698, 0.0, 807.968244525554], [0.0, 1260.8474446004698, 495.3344268742088], [0.0, 0.0, 1.0]], [[1256.7414812095406, 0.0, 792.1125740759628], [0.0, 1256.7414812095406, 492.7757465151356], [0.0, 0.0, 1.0]], [[809.2209905677063, 0.0, 829.2196003259838], [0.0, 809.2209905677063, 481.77842384512485], [0.0, 0.0, 1.0]], [[1259.5137405846733, 0.0, 807.2529053838625], [0.0, 1259.5137405846733, 501.19579884916527], [0.0, 0.0, 1.0]]], "extrinsics": [[[0.8202624320983887, -0.5711852312088013, 0.03027965873479843, -0.578857421875], [0.0025088011752814054, -0.04934440553188324, -0.9987787008285522, 1.509307861328125], [0.5719817876815796, 0.8193366527557373, -0.03904237225651741, -1.0081787109375], [0.0, 0.0, 0.0, 1.0]], [[0.004830522928386927, -0.9985588788986206, 0.05344808101654053, 0.005126953125], [-0.0026934484485536814, -0.05346151068806648, -0.9985663294792175, 1.5193939208984375], [0.999984622001648, 0.0046796672977507114, -0.002947814529761672, -1.30419921875], [0.0, 0.0, 0.0, 1.0]], [[-0.8333611488342285, -0.5524501800537109, 0.017548661679029465, 0.78057861328125], [0.0030467112082988024, -0.03633992746472359, -0.9993348121643066, 1.5045089721679688], [0.5527204275131226, -0.8327533602714539, 0.031967438757419586, -1.08349609375], [0.0, 0.0, 0.0, 1.0]], [[0.9480377435684204, 0.31800296902656555, -0.009929894469678402, -1.1448593139648438], [0.011951609514653683, -0.06678425520658493, -0.997695803642273, 1.588348388671875], [-0.3179333806037903, 0.9457346200942993, -0.06711464375257492, -0.10009765625], [0.0, 0.0, 0.0, 1.0]], [[0.0033061557915061712, 0.9983838796615601, -0.05673316493630409, 0.0048828125], [-0.013545632362365723, -0.056683555245399475, -0.998300313949585, 1.5777740478515625], [-0.9999027252197266, 0.004069032613188028, 0.01333633717149496, -0.1065673828125], [0.0, 0.0, 0.0, 1.0]], [[-0.9344449639320374, 0.35462403297424316, -0.032471321523189545, 0.933349609375], [0.019004274159669876, -0.04139362648129463, -0.9989621639251709, 1.5555419921875], [-0.35560011863708496, -0.9340922236442566, 0.03194069117307663, -0.141845703125], [0.0, 0.0, 0.0, 1.0]]], "view": [[0.0, -2.0, 100.0], [-2.0, 0.0, 100.0], [0.0, 0.0, 1.0]], "bev": "bev_74d649738c4c4cdc90f6d70797195775.png", "aux": "aux_74d649738c4c4cdc90f6d70797195775.npz", "visibility": "visibility_74d649738c4c4cdc90f6d70797195775.png", "pose": [[-0.6095054149627686, -0.7927818894386292, 0.0, 1708.99560546875], [0.7927818894386292, -0.6095054149627686, 0.0, 2681.880615234375], [0.0, 0.0, 1.0, 0.0], [0.0, 0.0, 0.0, 1.0]], "pose_inverse": [[-0.6095054149627686, 0.7927818894386292, 0.0, -1084.50439453125], [-0.7927818894386292, -0.6095054149627686, 0.0, 2989.4814453125], [0.0, 0.0, 1.0, 0.0], [0.0, 0.0, 0.0, 1.0]], "cam_ids": [0, 1, 2, 3, 4, 5], "cam_channels": ["CAM_FRONT_LEFT", "CAM_FRONT", "CAM_FRONT_RIGHT", "CAM_BACK_LEFT", "CAM_BACK", "CAM_BACK_RIGHT"], "token": "74d649738c4c4cdc90f6d70797195775", "scene": "scene-0797"}, {"images": ["samples/CAM_FRONT_LEFT/n015-2018-10-02-10-50-40+0800__CAM_FRONT_LEFT__1538448766104844.jpg", "samples/CAM_FRONT/n015-2018-10-02-10-50-40+0800__CAM_FRONT__1538448766112460.jpg", "samples/CAM_FRONT_RIGHT/n015-2018-10-02-10-50-40+0800__CAM_FRONT_RIGHT__1538448766120339.jpg", "samples/CAM_BACK_LEFT/n015-2018-10-02-10-50-40+0800__CAM_BACK_LEFT__1538448766147423.jpg", "samples/CAM_BACK/n015-2018-10-02-10-50-40+0800__CAM_BACK__1538448766137525.jpg", "samples/CAM_BACK_RIGHT/n015-2018-10-02-10-50-40+0800__CAM_BACK_RIGHT__1538448766127893.jpg"], "intrinsics": [[[1272.5979470598488, 0.0, 826.6154927353808], [0.0, 1272.5979470598488, 479.75165386361925], [0.0, 0.0, 1.0]], [[1266.417203046554, 0.0, 816.2670197447984], [0.0, 1266.417203046554, 491.50706579294757], [0.0, 0.0, 1.0]], [[1260.8474446004698, 0.0, 807.968244525554], [0.0, 1260.8474446004698, 495.3344268742088], [0.0, 0.0, 1.0]], [[1256.7414812095406, 0.0, 792.1125740759628], [0.0, 1256.7414812095406, 492.7757465151356], [0.0, 0.0, 1.0]], [[809.2209905677063, 0.0, 829.2196003259838], [0.0, 809.2209905677063, 481.77842384512485], [0.0, 0.0, 1.0]], [[1259.5137405846733, 0.0, 807.2529053838625], [0.0, 1259.5137405846733, 501.19579884916527], [0.0, 0.0, 1.0]]], "extrinsics": [[[0.8201602697372437, -0.5713666081428528, 0.02962019480764866, -0.579345703125], [0.0001289705978706479, -0.0515868104994297, -0.9986684918403625, 1.50830078125], [0.5721337795257568, 0.8190720081329346, -0.04223576560616493, -1.010498046875], [0.0, 0.0, 0.0, 1.0]], [[0.004693321883678436, -0.9984334111213684, 0.05575447902083397, 0.00634765625], [-0.0052431137301027775, -0.055778905749320984, -0.9984294176101685, 1.51849365234375], [0.9999751448631287, 0.004393646959215403, -0.00549668911844492, -1.305908203125], [0.0, 0.0, 0.0, 1.0]], [[-0.8334444761276245, -0.5521987080574036, 0.02113794907927513, 0.7825927734375], [0.00032437738263979554, -0.03874045982956886, -0.9992492198944092, 1.50372314453125], [0.5526030659675598, -0.8328119516372681, 0.03246714547276497, -1.08349609375], [0.0, 0.0, 0.0, 1.0]], [[0.9479517340660095, 0.3181130886077881, -0.013845715671777725, -1.1381759643554688], [0.008752468042075634, -0.06949924677610397, -0.9975435733795166, 1.5884857177734375], [-0.31829389929771423, 0.945501983165741, -0.06866620481014252, -0.103515625], [0.0, 0.0, 0.0, 1.0]], [[0.003166758455336094, 0.9982308149337769, -0.059375129640102386, 0.003662109375], [-0.01659562438726425, -0.0593147873878479, -0.9981014132499695, 1.5774688720703125], [-0.9998573064804077, 0.00414612703025341, 0.01637842319905758, -0.1092529296875], [0.0, 0.0, 0.0, 1.0]], [[-0.9344585537910461, 0.35474860668182373, -0.030667787417769432, 0.9345703125], [0.016128655523061752, -0.04386967793107033, -0.9989070296287537, 1.5549163818359375], [-0.35570627450942993, -0.9339319467544556, 0.03527278080582619, -0.140869140625], [0.0, 0.0, 0.0, 1.0]]], "view": [[0.0, -2.0, 100.0], [-2.0, 0.0, 100.0], [0.0, 0.0, 1.0]], "bev": "bev_75642377ad5f4a0fa9d7baaf0d19a987.png", "aux": "aux_75642377ad5f4a0fa9d7baaf0d19a987.npz", "visibility": "visibility_75642377ad5f4a0fa9d7baaf0d19a987.png", "pose": [[-0.610160768032074, -0.7922776341438293, 0.0, 1705.660888671875], [0.7922776341438293, -0.610160768032074, 0.0, 2686.260498046875], [0.0, 0.0, 1.0, 0.0], [0.0, 0.0, 0.0, 1.0]], "pose_inverse": [[-0.610160768032074, 0.7922776341438293, 0.0, -1087.5367431640625], [-0.7922776341438293, -0.610160768032074, 0.0, 2990.40771484375], [0.0, 0.0, 1.0, 0.0], [0.0, 0.0, 0.0, 1.0]], "cam_ids": [0, 1, 2, 3, 4, 5], "cam_channels": ["CAM_FRONT_LEFT", "CAM_FRONT", "CAM_FRONT_RIGHT", "CAM_BACK_LEFT", "CAM_BACK", "CAM_BACK_RIGHT"], "token": "75642377ad5f4a0fa9d7baaf0d19a987", "scene": "scene-0797"}, {"images": ["samples/CAM_FRONT_LEFT/n015-2018-10-02-10-50-40+0800__CAM_FRONT_LEFT__1538448766604844.jpg", "samples/CAM_FRONT/n015-2018-10-02-10-50-40+0800__CAM_FRONT__1538448766612460.jpg", "samples/CAM_FRONT_RIGHT/n015-2018-10-02-10-50-40+0800__CAM_FRONT_RIGHT__1538448766620339.jpg", "samples/CAM_BACK_LEFT/n015-2018-10-02-10-50-40+0800__CAM_BACK_LEFT__1538448766647423.jpg", "samples/CAM_BACK/n015-2018-10-02-10-50-40+0800__CAM_BACK__1538448766637525.jpg", "samples/CAM_BACK_RIGHT/n015-2018-10-02-10-50-40+0800__CAM_BACK_RIGHT__1538448766627893.jpg"], "intrinsics": [[[1272.5979470598488, 0.0, 826.6154927353808], [0.0, 1272.5979470598488, 479.75165386361925], [0.0, 0.0, 1.0]], [[1266.417203046554, 0.0, 816.2670197447984], [0.0, 1266.417203046554, 491.50706579294757], [0.0, 0.0, 1.0]], [[1260.8474446004698, 0.0, 807.968244525554], [0.0, 1260.8474446004698, 495.3344268742088], [0.0, 0.0, 1.0]], [[1256.7414812095406, 0.0, 792.1125740759628], [0.0, 1256.7414812095406, 492.7757465151356], [0.0, 0.0, 1.0]], [[809.2209905677063, 0.0, 829.2196003259838], [0.0, 809.2209905677063, 481.77842384512485], [0.0, 0.0, 1.0]], [[1259.5137405846733, 0.0, 807.2529053838625], [0.0, 1259.5137405846733, 501.19579884916527], [0.0, 0.0, 1.0]]], "extrinsics": [[[0.820351779460907, -0.5709450840950012, 0.032321084290742874, -0.59521484375], [0.0005776772159151733, -0.055691905319690704, -0.998447835445404, 1.5086212158203125], [0.5718589425086975, 0.819097101688385, -0.04535713046789169, -1.0242919921875], [0.0, 0.0, 0.0, 1.0]], [[0.0049341642297804356, -0.9982051253318787, 0.05968426167964935, 0.008544921875], [-0.004663512110710144, -0.059707313776016235, -0.9982050657272339, 1.5189056396484375], [0.9999769926071167, 0.004646989516913891, -0.004949747584760189, -1.3228759765625], [0.0, 0.0, 0.0, 1.0]], [[-0.8333529829978943, -0.5522779822349548, 0.02262214757502079, 0.7945556640625], [0.001035682507790625, -0.042487286031246185, -0.9990964531898499, 1.5039825439453125], [0.5527400970458984, -0.8325766324996948, 0.03597889468073845, -1.089599609375], [0.0, 0.0, 0.0, 1.0]], [[0.9480847716331482, 0.3176996409893036, -0.014215623959898949, -1.1428985595703125], [0.009521141648292542, -0.07303708791732788, -0.9972837567329407, 1.5884552001953125], [-0.3178749978542328, 0.9453742504119873, -0.0722702220082283, -0.1025390625], [0.0, 0.0, 0.0, 1.0]], [[0.0033482834696769714, 0.9980126619338989, -0.0629253014922142, 0.003173828125], [-0.015743622556328773, -0.062865249812603, -0.9978978037834167, 1.577728271484375], [-0.9998704791069031, 0.004331943113356829, 0.015501839108765125, -0.1019287109375], [0.0, 0.0, 0.0, 1.0]], [[-0.934474527835846, 0.35452479124069214, -0.03270404413342476, 0.943603515625], [0.016935469582676888, -0.04749085754156113, -0.9987280964851379, 1.55499267578125], [-0.35562705993652344, -0.9338398575782776, 0.038374949246644974, -0.13623046875], [0.0, 0.0, 0.0, 1.0]]], "view": [[0.0, -2.0, 100.0], [-2.0, 0.0, 100.0], [0.0, 0.0, 1.0]], "bev": "bev_9d77cf89d9114ec5a81a08f3a50e943b.png", "aux": "aux_9d77cf89d9114ec5a81a08f3a50e943b.npz", "visibility": "visibility_9d77cf89d9114ec5a81a08f3a50e943b.png", "pose": [[-0.611068069934845, -0.7915780544281006, 0.0, 1702.3701171875], [0.7915780544281006, -0.611068069934845, 0.0, 2690.562255859375], [0.0, 0.0, 1.0, 0.0], [0.0, 0.0, 0.0, 1.0]], "pose_inverse": [[-0.611068069934845, 0.7915780544281006, 0.0, -1089.526123046875], [-0.7915780544281006, -0.611068069934845, 0.0, 2991.675537109375], [0.0, 0.0, 1.0, 0.0], [0.0, 0.0, 0.0, 1.0]], "cam_ids": [0, 1, 2, 3, 4, 5], "cam_channels": ["CAM_FRONT_LEFT", "CAM_FRONT", "CAM_FRONT_RIGHT", "CAM_BACK_LEFT", "CAM_BACK", "CAM_BACK_RIGHT"], "token": "9d77cf89d9114ec5a81a08f3a50e943b", "scene": "scene-0797"}, {"images": ["samples/CAM_FRONT_LEFT/n015-2018-10-02-10-50-40+0800__CAM_FRONT_LEFT__1538448767154844.jpg", "samples/CAM_FRONT/n015-2018-10-02-10-50-40+0800__CAM_FRONT__1538448767162460.jpg", "samples/CAM_FRONT_RIGHT/n015-2018-10-02-10-50-40+0800__CAM_FRONT_RIGHT__1538448767170339.jpg", "samples/CAM_BACK_LEFT/n015-2018-10-02-10-50-40+0800__CAM_BACK_LEFT__1538448767197423.jpg", "samples/CAM_BACK/n015-2018-10-02-10-50-40+0800__CAM_BACK__1538448767187525.jpg", "samples/CAM_BACK_RIGHT/n015-2018-10-02-10-50-40+0800__CAM_BACK_RIGHT__1538448767177893.jpg"], "intrinsics": [[[1272.5979470598488, 0.0, 826.6154927353808], [0.0, 1272.5979470598488, 479.75165386361925], [0.0, 0.0, 1.0]], [[1266.417203046554, 0.0, 816.2670197447984], [0.0, 1266.417203046554, 491.50706579294757], [0.0, 0.0, 1.0]], [[1260.8474446004698, 0.0, 807.968244525554], [0.0, 1260.8474446004698, 495.3344268742088], [0.0, 0.0, 1.0]], [[1256.7414812095406, 0.0, 792.1125740759628], [0.0, 1256.7414812095406, 492.7757465151356], [0.0, 0.0, 1.0]], [[809.2209905677063, 0.0, 829.2196003259838], [0.0, 809.2209905677063, 481.77842384512485], [0.0, 0.0, 1.0]], [[1259.5137405846733, 0.0, 807.2529053838625], [0.0, 1259.5137405846733, 501.19579884916527], [0.0, 0.0, 1.0]]], "extrinsics": [[[0.8197797536849976, -0.5716634392738342, 0.034091271460056305, -0.604736328125], [0.000880921958014369, -0.05827059596776962, -0.9983004331588745, 1.508697509765625], [0.57267826795578, 0.8184164762496948, -0.04726546257734299, -1.029541015625], [0.0, 0.0, 0.0, 1.0]], [[0.004121476784348488, -0.9980549812316895, 0.06220349669456482, 0.007568359375], [-0.0044596013613045216, -0.06222175434231758, -0.9980524182319641, 1.5189666748046875], [0.9999815225601196, 0.0038359954487532377, -0.004707374610006809, -1.33056640625], [0.0, 0.0, 0.0, 1.0]], [[-0.8336980938911438, -0.551705002784729, 0.023851564154028893, 0.79766845703125], [0.001137284911237657, -0.04490739479660988, -0.9989904761314392, 1.503997802734375], [0.5522192120552063, -0.8328294157981873, 0.03806665912270546, -1.0927734375], [0.0, 0.0, 0.0, 1.0]], [[0.9481191039085388, 0.31757810711860657, -0.014635266736149788, -1.1329269409179688], [0.009663042612373829, -0.07480141520500183, -0.9971516132354736, 1.5886383056640625], [-0.31776824593544006, 0.9452771544456482, -0.07398942112922668, -0.1064453125], [0.0, 0.0, 0.0, 1.0]], [[0.00354032963514328, 0.9978836178779602, -0.06492932140827179, 0.002685546875], [-0.015731438994407654, -0.06486611068248749, -0.9977700114250183, 1.577667236328125], [-0.9998700022697449, 0.004553874023258686, 0.015468493103981018, -0.1053466796875], [0.0, 0.0, 0.0, 1.0]], [[-0.9343085289001465, 0.354883074760437, -0.03354873135685921, 0.944580078125], [0.01695571467280388, -0.04976418614387512, -0.9986170530319214, 1.5549468994140625], [-0.35606181621551514, -0.9335853457450867, 0.04047780856490135, -0.13623046875], [0.0, 0.0, 0.0, 1.0]]], "view": [[0.0, -2.0, 100.0], [-2.0, 0.0, 100.0], [0.0, 0.0, 1.0]], "bev": "bev_1d7a9cacb691467f85ea94912d793ac5.png", "aux": "aux_1d7a9cacb691467f85ea94912d793ac5.npz", "visibility": "visibility_1d7a9cacb691467f85ea94912d793ac5.png", "pose": [[-0.6117136478424072, -0.7910792827606201, 0.0, 1698.9058837890625], [0.7910792827606201, -0.6117136478424072, 0.0, 2695.11572265625], [0.0, 0.0, 1.0, 0.0], [0.0, 0.0, 0.0, 1.0]], "pose_inverse": [[-0.6117136478424072, 0.7910792827606201, 0.0, -1092.8062744140625], [-0.7910792827606201, -0.6117136478424072, 0.0, 2992.6083984375], [0.0, 0.0, 1.0, 0.0], [0.0, 0.0, 0.0, 1.0]], "cam_ids": [0, 1, 2, 3, 4, 5], "cam_channels": ["CAM_FRONT_LEFT", "CAM_FRONT", "CAM_FRONT_RIGHT", "CAM_BACK_LEFT", "CAM_BACK", "CAM_BACK_RIGHT"], "token": "1d7a9cacb691467f85ea94912d793ac5", "scene": "scene-0797"}, {"images": ["samples/CAM_FRONT_LEFT/n015-2018-10-02-10-50-40+0800__CAM_FRONT_LEFT__1538448767654844.jpg", "samples/CAM_FRONT/n015-2018-10-02-10-50-40+0800__CAM_FRONT__1538448767662460.jpg", "samples/CAM_FRONT_RIGHT/n015-2018-10-02-10-50-40+0800__CAM_FRONT_RIGHT__1538448767670339.jpg", "samples/CAM_BACK_LEFT/n015-2018-10-02-10-50-40+0800__CAM_BACK_LEFT__1538448767697423.jpg", "samples/CAM_BACK/n015-2018-10-02-10-50-40+0800__CAM_BACK__1538448767687525.jpg", "samples/CAM_BACK_RIGHT/n015-2018-10-02-10-50-40+0800__CAM_BACK_RIGHT__1538448767677893.jpg"], "intrinsics": [[[1272.5979470598488, 0.0, 826.6154927353808], [0.0, 1272.5979470598488, 479.75165386361925], [0.0, 0.0, 1.0]], [[1266.417203046554, 0.0, 816.2670197447984], [0.0, 1266.417203046554, 491.50706579294757], [0.0, 0.0, 1.0]], [[1260.8474446004698, 0.0, 807.968244525554], [0.0, 1260.8474446004698, 495.3344268742088], [0.0, 0.0, 1.0]], [[1256.7414812095406, 0.0, 792.1125740759628], [0.0, 1256.7414812095406, 492.7757465151356], [0.0, 0.0, 1.0]], [[809.2209905677063, 0.0, 829.2196003259838], [0.0, 809.2209905677063, 481.77842384512485], [0.0, 0.0, 1.0]], [[1259.5137405846733, 0.0, 807.2529053838625], [0.0, 1259.5137405846733, 501.19579884916527], [0.0, 0.0, 1.0]]], "extrinsics": [[[0.8202720284461975, -0.5711337924003601, 0.03098106011748314, -0.61767578125], [-0.0007217547972686589, -0.05519871413707733, -0.9984750747680664, 1.5080718994140625], [0.5719730854034424, 0.8189989328384399, -0.045690182596445084, -1.040283203125], [0.0, 0.0, 0.0, 1.0]], [[0.004832687322050333, -0.998235285282135, 0.05918463319540024, 0.00830078125], [-0.006015518680214882, -0.05921327322721481, -0.9982272982597351, 1.5185394287109375], [0.9999701976776123, 0.004468116443604231, -0.00629106629639864, -1.3446044921875], [0.0, 0.0, 0.0, 1.0]], [[-0.8334040641784668, -0.5521662831306458, 0.02345154620707035, 0.80767822265625], [-0.00033189254463650286, -0.04193359613418579, -0.99912029504776, 1.5036163330078125], [0.5526639223098755, -0.8326787352561951, 0.0347643718123436, -1.0986328125], [0.0, 0.0, 0.0, 1.0]], [[0.9480875730514526, 0.31767991185188293, -0.014471860602498055, -1.1402816772460938], [0.008773134090006351, -0.07161875814199448, -0.9973934888839722, 1.588531494140625], [-0.3178883194923401, 0.9454894065856934, -0.0706879124045372, -0.10400390625], [0.0, 0.0, 0.0, 1.0]], [[0.00324307382106781, 0.9980746507644653, -0.06193824112415314, 0.002685546875], [-0.01686129905283451, -0.06187518313527107, -0.9979414343833923, 1.577667236328125], [-0.9998525977134705, 0.004280752036720514, 0.016628168523311615, -0.100341796875], [0.0, 0.0, 0.0, 1.0]], [[-0.9344805479049683, 0.35464105010032654, -0.03123869188129902, 0.9521484375], [0.015625430271029472, -0.04680502042174339, -0.9987818002700806, 1.5545806884765625], [-0.3556711673736572, -0.9338303208351135, 0.03819696232676506, -0.1328125], [0.0, 0.0, 0.0, 1.0]]], "view": [[0.0, -2.0, 100.0], [-2.0, 0.0, 100.0], [0.0, 0.0, 1.0]], "bev": "bev_3764db06ef5c4bfbb4b08a6c1d0bba38.png", "aux": "aux_3764db06ef5c4bfbb4b08a6c1d0bba38.npz", "visibility": "visibility_3764db06ef5c4bfbb4b08a6c1d0bba38.png", "pose": [[-0.6085019707679749, -0.7935523390769958, 0.0, 1695.889892578125], [0.7935523390769958, -0.6085019707679749, 0.0, 2699.076904296875], [0.0, 0.0, 1.0, 0.0], [0.0, 0.0, 0.0, 1.0]], "pose_inverse": [[-0.6085019707679749, 0.7935523390769958, 0.0, -1109.906494140625], [-0.7935523390769958, -0.6085019707679749, 0.0, 2988.171142578125], [0.0, 0.0, 1.0, 0.0], [0.0, 0.0, 0.0, 1.0]], "cam_ids": [0, 1, 2, 3, 4, 5], "cam_channels": ["CAM_FRONT_LEFT", "CAM_FRONT", "CAM_FRONT_RIGHT", "CAM_BACK_LEFT", "CAM_BACK", "CAM_BACK_RIGHT"], "token": "3764db06ef5c4bfbb4b08a6c1d0bba38", "scene": "scene-0797"}, {"images": ["samples/CAM_FRONT_LEFT/n015-2018-10-02-10-50-40+0800__CAM_FRONT_LEFT__1538448768154844.jpg", "samples/CAM_FRONT/n015-2018-10-02-10-50-40+0800__CAM_FRONT__1538448768162460.jpg", "samples/CAM_FRONT_RIGHT/n015-2018-10-02-10-50-40+0800__CAM_FRONT_RIGHT__1538448768170339.jpg", "samples/CAM_BACK_LEFT/n015-2018-10-02-10-50-40+0800__CAM_BACK_LEFT__1538448768197423.jpg", "samples/CAM_BACK/n015-2018-10-02-10-50-40+0800__CAM_BACK__1538448768187525.jpg", "samples/CAM_BACK_RIGHT/n015-2018-10-02-10-50-40+0800__CAM_BACK_RIGHT__1538448768177893.jpg"], "intrinsics": [[[1272.5979470598488, 0.0, 826.6154927353808], [0.0, 1272.5979470598488, 479.75165386361925], [0.0, 0.0, 1.0]], [[1266.417203046554, 0.0, 816.2670197447984], [0.0, 1266.417203046554, 491.50706579294757], [0.0, 0.0, 1.0]], [[1260.8474446004698, 0.0, 807.968244525554], [0.0, 1260.8474446004698, 495.3344268742088], [0.0, 0.0, 1.0]], [[1256.7414812095406, 0.0, 792.1125740759628], [0.0, 1256.7414812095406, 492.7757465151356], [0.0, 0.0, 1.0]], [[809.2209905677063, 0.0, 829.2196003259838], [0.0, 809.2209905677063, 481.77842384512485], [0.0, 0.0, 1.0]], [[1259.5137405846733, 0.0, 807.2529053838625], [0.0, 1259.5137405846733, 501.19579884916527], [0.0, 0.0, 1.0]]], "extrinsics": [[[0.820198118686676, -0.5713583827018738, 0.028718378394842148, -0.621337890625], [-0.002409170614555478, -0.05364922434091568, -0.998556911945343, 1.5074920654296875], [0.5720745921134949, 0.8189452886581421, -0.04537948966026306, -1.0460205078125], [0.0, 0.0, 0.0, 1.0]], [[0.004732075612992048, -0.9983272552490234, 0.05762198194861412, 0.0107421875], [-0.007484129164367914, -0.05765637382864952, -0.9983084797859192, 1.5182037353515625], [0.9999607801437378, 0.0042928894981741905, -0.007744446862488985, -1.3494873046875], [0.0, 0.0, 0.0, 1.0]], [[-0.8334571719169617, -0.5520765781402588, 0.023678818717598915, 0.81170654296875], [-0.001605734694749117, -0.0404311902821064, -0.9991810321807861, 1.50335693359375], [0.5525818467140198, -0.832812488079071, 0.03281117603182793, -1.098876953125], [0.0, 0.0, 0.0, 1.0]], [[0.9480121731758118, 0.3178739845752716, -0.015130939893424511, -1.1385421752929688], [0.007756357546895742, -0.0706123635172844, -0.9974736571311951, 1.588592529296875], [-0.3181394040584564, 0.9454999566078186, -0.06940692663192749, -0.105224609375], [0.0, 0.0, 0.0, 1.0]], [[0.0032298248261213303, 0.9981511831283569, -0.06069463863968849, 0.001708984375], [-0.017906883731484413, -0.060627494007349014, -0.9979998469352722, 1.57763671875], [-0.999834418296814, 0.004310219082981348, 0.01767795905470848, -0.0980224609375], [0.0, 0.0, 0.0, 1.0]], [[-0.9344768524169922, 0.3547830879688263, -0.02969633787870407, 0.95458984375], [0.014501728117465973, -0.04541098698973656, -0.998863160610199, 1.55438232421875], [-0.3557283282279968, -0.9338452219963074, 0.0372905507683754, -0.130126953125], [0.0, 0.0, 0.0, 1.0]]], "view": [[0.0, -2.0, 100.0], [-2.0, 0.0, 100.0], [0.0, 0.0, 1.0]], "bev": "bev_5022a147c6dc4b528605b35a90b55067.png", "aux": "aux_5022a147c6dc4b528605b35a90b55067.npz", "visibility": "visibility_5022a147c6dc4b528605b35a90b55067.png", "pose": [[-0.6040923595428467, -0.7969143390655518, 0.0, 1692.9453125], [0.7969143390655518, -0.6040923595428467, 0.0, 2703.034423828125], [0.0, 0.0, 1.0, 0.0], [0.0, 0.0, 0.0, 1.0]], "pose_inverse": [[-0.6040923595428467, 0.7969143390655518, 0.0, -1131.3916015625], [-0.7969143390655518, -0.6040923595428467, 0.0, 2982.0146484375], [0.0, 0.0, 1.0, 0.0], [0.0, 0.0, 0.0, 1.0]], "cam_ids": [0, 1, 2, 3, 4, 5], "cam_channels": ["CAM_FRONT_LEFT", "CAM_FRONT", "CAM_FRONT_RIGHT", "CAM_BACK_LEFT", "CAM_BACK", "CAM_BACK_RIGHT"], "token": "5022a147c6dc4b528605b35a90b55067", "scene": "scene-0797"}, {"images": ["samples/CAM_FRONT_LEFT/n015-2018-10-02-10-50-40+0800__CAM_FRONT_LEFT__1538448768654844.jpg", "samples/CAM_FRONT/n015-2018-10-02-10-50-40+0800__CAM_FRONT__1538448768662460.jpg", "samples/CAM_FRONT_RIGHT/n015-2018-10-02-10-50-40+0800__CAM_FRONT_RIGHT__1538448768670339.jpg", "samples/CAM_BACK_LEFT/n015-2018-10-02-10-50-40+0800__CAM_BACK_LEFT__1538448768697423.jpg", "samples/CAM_BACK/n015-2018-10-02-10-50-40+0800__CAM_BACK__1538448768687525.jpg", "samples/CAM_BACK_RIGHT/n015-2018-10-02-10-50-40+0800__CAM_BACK_RIGHT__1538448768677893.jpg"], "intrinsics": [[[1272.5979470598488, 0.0, 826.6154927353808], [0.0, 1272.5979470598488, 479.75165386361925], [0.0, 0.0, 1.0]], [[1266.417203046554, 0.0, 816.2670197447984], [0.0, 1266.417203046554, 491.50706579294757], [0.0, 0.0, 1.0]], [[1260.8474446004698, 0.0, 807.968244525554], [0.0, 1260.8474446004698, 495.3344268742088], [0.0, 0.0, 1.0]], [[1256.7414812095406, 0.0, 792.1125740759628], [0.0, 1256.7414812095406, 492.7757465151356], [0.0, 0.0, 1.0]], [[809.2209905677063, 0.0, 829.2196003259838], [0.0, 809.2209905677063, 481.77842384512485], [0.0, 0.0, 1.0]], [[1259.5137405846733, 0.0, 807.2529053838625], [0.0, 1259.5137405846733, 501.19579884916527], [0.0, 0.0, 1.0]]], "extrinsics": [[[0.8209103345870972, -0.5701881647109985, 0.0314914733171463, -0.634765625], [0.0014883108669891953, -0.053009502589702606, -0.9985928535461426, 1.509124755859375], [0.5710551738739014, 0.8198020458221436, -0.04266743361949921, -1.056640625], [0.0, 0.0, 0.0, 1.0]], [[0.005738303530961275, -0.9983561038970947, 0.05702730640769005, 0.01123046875], [-0.0037199994549155235, -0.057049162685871124, -0.9983645081520081, 1.519561767578125], [0.9999765157699585, 0.005516802426427603, -0.004041247069835663, -1.3643798828125], [0.0, 0.0, 0.0, 1.0]], [[-0.8329960107803345, -0.5529032945632935, 0.02038247138261795, 0.82208251953125], [0.0020185313187539577, -0.03987613692879677, -0.99920254945755, 1.5042877197265625], [0.5532751679420471, -0.8322906494140625, 0.03433271870017052, -1.10546875], [0.0, 0.0, 0.0, 1.0]], [[0.9479352235794067, 0.3182395398616791, -0.011933191679418087, -1.1400909423828125], [0.011111908592283726, -0.07050074636936188, -0.9974498152732849, 1.5886383056640625], [-0.3182693123817444, 0.9453851580619812, -0.07036639004945755, -0.10498046875], [0.0, 0.0, 0.0, 1.0]], [[0.0030256386380642653, 0.9981696605682373, -0.06040062755346298, 0.001220703125], [-0.014470993541181087, -0.060350872576236725, -0.9980723857879639, 1.5780792236328125], [-0.9998906254768372, 0.0038938354700803757, 0.014261909760534763, -0.092529296875], [0.0, 0.0, 0.0, 1.0]], [[-0.9346259236335754, 0.354116290807724, -0.03280268609523773, 0.963134765625], [0.01802908256649971, -0.044939372688531876, -0.9988270401954651, 1.5548858642578125], [-0.3551750183105469, -0.9341210126876831, 0.03561711311340332, -0.126708984375], [0.0, 0.0, 0.0, 1.0]]], "view": [[0.0, -2.0, 100.0], [-2.0, 0.0, 100.0], [0.0, 0.0, 1.0]], "bev": "bev_ec2ce68b15bc4410afbf2b1192586dc2.png", "aux": "aux_ec2ce68b15bc4410afbf2b1192586dc2.npz", "visibility": "visibility_ec2ce68b15bc4410afbf2b1192586dc2.png", "pose": [[-0.5961653590202332, -0.8028616309165955, 0.0, 1690.133544921875], [0.8028616309165955, -0.5961653590202332, 0.0, 2706.87255859375], [0.0, 0.0, 1.0, 0.0], [0.0, 0.0, 0.0, 1.0]], "pose_inverse": [[-0.5961653590202332, 0.8028616309165955, 0.0, -1165.6451416015625], [-0.8028616309165955, -0.5961653590202332, 0.0, 2970.68701171875], [0.0, 0.0, 1.0, 0.0], [0.0, 0.0, 0.0, 1.0]], "cam_ids": [0, 1, 2, 3, 4, 5], "cam_channels": ["CAM_FRONT_LEFT", "CAM_FRONT", "CAM_FRONT_RIGHT", "CAM_BACK_LEFT", "CAM_BACK", "CAM_BACK_RIGHT"], "token": "ec2ce68b15bc4410afbf2b1192586dc2", "scene": "scene-0797"}, {"images": ["samples/CAM_FRONT_LEFT/n015-2018-10-02-10-50-40+0800__CAM_FRONT_LEFT__1538448769154844.jpg", "samples/CAM_FRONT/n015-2018-10-02-10-50-40+0800__CAM_FRONT__1538448769162460.jpg", "samples/CAM_FRONT_RIGHT/n015-2018-10-02-10-50-40+0800__CAM_FRONT_RIGHT__1538448769170339.jpg", "samples/CAM_BACK_LEFT/n015-2018-10-02-10-50-40+0800__CAM_BACK_LEFT__1538448769197423.jpg", "samples/CAM_BACK/n015-2018-10-02-10-50-40+0800__CAM_BACK__1538448769187525.jpg", "samples/CAM_BACK_RIGHT/n015-2018-10-02-10-50-40+0800__CAM_BACK_RIGHT__1538448769177893.jpg"], "intrinsics": [[[1272.5979470598488, 0.0, 826.6154927353808], [0.0, 1272.5979470598488, 479.75165386361925], [0.0, 0.0, 1.0]], [[1266.417203046554, 0.0, 816.2670197447984], [0.0, 1266.417203046554, 491.50706579294757], [0.0, 0.0, 1.0]], [[1260.8474446004698, 0.0, 807.968244525554], [0.0, 1260.8474446004698, 495.3344268742088], [0.0, 0.0, 1.0]], [[1256.7414812095406, 0.0, 792.1125740759628], [0.0, 1256.7414812095406, 492.7757465151356], [0.0, 0.0, 1.0]], [[809.2209905677063, 0.0, 829.2196003259838], [0.0, 809.2209905677063, 481.77842384512485], [0.0, 0.0, 1.0]], [[1259.5137405846733, 0.0, 807.2529053838625], [0.0, 1259.5137405846733, 501.19579884916527], [0.0, 0.0, 1.0]]], "extrinsics": [[[0.821134626865387, -0.56984943151474, 0.031772464513778687, -0.6435546875], [0.00030471646459773183, -0.05523170530796051, -0.9984735250473022, 1.5087127685546875], [0.5707343816757202, 0.8198909163475037, -0.04517902806401253, -1.0643310546875], [0.0, 0.0, 0.0, 1.0]], [[0.006049828603863716, -0.998222827911377, 0.059283867478370667, 0.01220703125], [-0.005113421939313412, -0.05931506305932999, -0.9982262849807739, 1.5192108154296875], [0.9999685883522034, 0.005735993385314941, -0.0054631843231618404, -1.3726806640625], [0.0, 0.0, 0.0, 1.0]], [[-0.8328819870948792, -0.5529723167419434, 0.023001698777079582, 0.82635498046875], [0.000396213581552729, -0.04215626046061516, -0.9991108775138855, 1.50390625], [0.553450345993042, -0.8321324586868286, 0.03533029183745384, -1.10693359375], [0.0, 0.0, 0.0, 1.0]], [[0.9479160308837891, 0.318170964717865, -0.014910753816366196, -1.1290130615234375], [0.008712027221918106, -0.07269363850355148, -0.9973162412643433, 1.5887451171875], [-0.3184009790420532, 0.9452422261238098, -0.07167938351631165, -0.109130859375], [0.0, 0.0, 0.0, 1.0]], [[0.002894414123147726, 0.9980325698852539, -0.062630295753479, 0.001220703125], [-0.016553839668631554, -0.06257415562868118, -0.997903048992157, 1.5778350830078125], [-0.9998587965965271, 0.003925148397684097, 0.01634015515446663, -0.0966796875], [0.0, 0.0, 0.0, 1.0]], [[-0.934714138507843, 0.3539673984050751, -0.0318811759352684, 0.9