[{"images": ["samples/CAM_FRONT_LEFT/n015-2018-09-26-11-17-24+0800__CAM_FRONT_LEFT__1537931865354844.jpg", "samples/CAM_FRONT/n015-2018-09-26-11-17-24+0800__CAM_FRONT__1537931865362862.jpg", "samples/CAM_FRONT_RIGHT/n015-2018-09-26-11-17-24+0800__CAM_FRONT_RIGHT__1537931865370339.jpg", "samples/CAM_BACK_LEFT/n015-2018-09-26-11-17-24+0800__CAM_BACK_LEFT__1537931865397423.jpg", "samples/CAM_BACK/n015-2018-09-26-11-17-24+0800__CAM_BACK__1537931865387525.jpg", "samples/CAM_BACK_RIGHT/n015-2018-09-26-11-17-24+0800__CAM_BACK_RIGHT__1537931865377893.jpg"], "intrinsics": [[[1272.5979470598488, 0.0, 826.6154927353808], [0.0, 1272.5979470598488, 479.75165386361925], [0.0, 0.0, 1.0]], [[1266.417203046554, 0.0, 816.2670197447984], [0.0, 1266.417203046554, 491.50706579294757], [0.0, 0.0, 1.0]], [[1260.8474446004698, 0.0, 807.968244525554], [0.0, 1260.8474446004698, 495.3344268742088], [0.0, 0.0, 1.0]], [[1256.7414812095406, 0.0, 792.1125740759628], [0.0, 1256.7414812095406, 492.7757465151356], [0.0, 0.0, 1.0]], [[809.2209905677063, 0.0, 829.2196003259838], [0.0, 809.2209905677063, 481.77842384512485], [0.0, 0.0, 1.0]], [[1259.5137405846733, 0.0, 807.2529053838625], [0.0, 1259.5137405846733, 501.19579884916527], [0.0, 0.0, 1.0]]], "extrinsics": [[[0.8204632997512817, -0.5713444352149963, -0.020136283710598946, -0.9652099609375], [-0.025482799857854843, -0.0013616567011922598, -0.9996743202209473, 1.5082683563232422], [0.5711309909820557, 0.8207092881202698, -0.015676645562052727, -1.28125], [0.0, 0.0, 0.0, 1.0]], [[0.005718815140426159, -0.9999699592590332, 0.005223128944635391, 0.00556182861328125], [-0.030659999698400497, -0.005396097898483276, -0.9995152950286865, 1.5205535888671875], [0.9995135068893433, 0.0055559310130774975, -0.030689937993884087, -1.69287109375], [0.0, 0.0, 0.0, 1.0]], [[-0.832895040512085, -0.5532484650611877, 0.014216727577149868, 1.032958984375], [-0.024932637810707092, 0.011848126538097858, -0.9996188879013062, 1.503652572631836], [0.5528691411018372, -0.8329319953918457, -0.02366218902170658, -1.24871826171875], [0.0, 0.0, 0.0, 1.0]], [[0.9475722908973694, 0.3188534379005432, -0.02095843106508255, -1.1422119140625], [-0.01593283750116825, -0.018361803144216537, -0.9997044205665588, 1.5885543823242188], [-0.31914398074150085, 0.9476262331008911, -0.012318897992372513, -0.10369873046875], [0.0, 0.0, 0.0, 1.0]], [[0.002339494414627552, 0.9999611377716064, -0.008510406129062176, 0.0026702880859375], [-0.041446927934885025, -0.008406154811382294, -0.9991053342819214, 1.5793647766113281], [-0.9991379976272583, 0.0026901394594460726, 0.04142564535140991, 0.001953125], [0.0, 0.0, 0.0, 1.0]], [[-0.9347536563873291, 0.35513240098953247, 0.010803752578794956, 1.1365966796875], [-0.008947299793362617, 0.0068693943321704865, -0.9999363422393799, 1.5514516830444336], [-0.35518401861190796, -0.9347907900810242, -0.0032437173649668694, -0.063201904296875], [0.0, 0.0, 0.0, 1.0]]], "view": [[0.0, -2.0, 100.0], [-2.0, 0.0, 100.0], [0.0, 0.0, 1.0]], "bev": "bev_95b4842ff7324ead9f06337ec49e202b.png", "aux": "aux_95b4842ff7324ead9f06337ec49e202b.npz", "visibility": "visibility_95b4842ff7324ead9f06337ec49e202b.png", "pose": [[-0.440835565328598, 0.8975878953933716, 0.0, 476.3624572753906], [-0.8975878953933716, -0.440835565328598, 0.0, 1088.6204833984375], [0.0, 0.0, 1.0, 0.0], [0.0, 0.0, 0.0, 1.0]], "pose_inverse": [[-0.440835565328598, -0.8975878953933716, 0.0, 1187.130126953125], [0.8975878953933716, -0.440835565328598, 0.0, 52.3254508972168], [0.0, 0.0, 1.0, 0.0], [0.0, 0.0, 0.0, 1.0]], "cam_ids": [0, 1, 2, 3, 4, 5], "cam_channels": ["CAM_FRONT_LEFT", "CAM_FRONT", "CAM_FRONT_RIGHT", "CAM_BACK_LEFT", "CAM_BACK", "CAM_BACK_RIGHT"], "token": "95b4842ff7324ead9f06337ec49e202b", "scene": "scene-0945"}, {"images": ["samples/CAM_FRONT_LEFT/n015-2018-09-26-11-17-24+0800__CAM_FRONT_LEFT__1537931865904844.jpg", "samples/CAM_FRONT/n015-2018-09-26-11-17-24+0800__CAM_FRONT__1537931865912460.jpg", "samples/CAM_FRONT_RIGHT/n015-2018-09-26-11-17-24+0800__CAM_FRONT_RIGHT__1537931865920339.jpg", "samples/CAM_BACK_LEFT/n015-2018-09-26-11-17-24+0800__CAM_BACK_LEFT__1537931865947423.jpg", "samples/CAM_BACK/n015-2018-09-26-11-17-24+0800__CAM_BACK__1537931865937525.jpg", "samples/CAM_BACK_RIGHT/n015-2018-09-26-11-17-24+0800__CAM_BACK_RIGHT__1537931865927893.jpg"], "intrinsics": [[[1272.5979470598488, 0.0, 826.6154927353808], [0.0, 1272.5979470598488, 479.75165386361925], [0.0, 0.0, 1.0]], [[1266.417203046554, 0.0, 816.2670197447984], [0.0, 1266.417203046554, 491.50706579294757], [0.0, 0.0, 1.0]], [[1260.8474446004698, 0.0, 807.968244525554], [0.0, 1260.8474446004698, 495.3344268742088], [0.0, 0.0, 1.0]], [[1256.7414812095406, 0.0, 792.1125740759628], [0.0, 1256.7414812095406, 492.7757465151356], [0.0, 0.0, 1.0]], [[809.2209905677063, 0.0, 829.2196003259838], [0.0, 809.2209905677063, 481.77842384512485], [0.0, 0.0, 1.0]], [[1259.5137405846733, 0.0, 807.2529053838625], [0.0, 1259.5137405846733, 501.19579884916527], [0.0, 0.0, 1.0]]], "extrinsics": [[[0.8205296993255615, -0.5712471604347229, -0.020187774673104286, -0.96527099609375], [-0.02505682222545147, -0.0006624750676564872, -0.9996858239173889, 1.5082645416259766], [0.5710543990135193, 0.8207778334617615, -0.014857221394777298, -1.281005859375], [0.0, 0.0, 0.0, 1.0]], [[0.005804024636745453, -0.9999727606773376, 0.0045541683211922646, 0.005382537841796875], [-0.030384330078959465, -0.004728494677692652, -0.9995271563529968, 1.5205574035644531], [0.9995214343070984, 0.005662841722369194, -0.030410943552851677, -1.69287109375], [0.0, 0.0, 0.0, 1.0]], [[-0.832859218120575, -0.5533140301704407, 0.013750541023910046, 1.03277587890625], [-0.024793513119220734, 0.012478017248213291, -0.9996146559715271, 1.503652572631836], [0.5529292821884155, -0.8328793048858643, -0.024111030623316765, -1.248779296875], [0.0, 0.0, 0.0, 1.0]], [[0.9475746750831604, 0.318839430809021, -0.021065417677164078, -1.1422119140625], [-0.016200052574276924, -0.017904050648212433, -0.9997084140777588, 1.588552474975586], [-0.31912362575531006, 0.9476396441459656, -0.011800209991633892, -0.1036376953125], [0.0, 0.0, 0.0, 1.0]], [[0.0023221399169415236, 0.9999655485153198, -0.007981943897902966, 0.00276947021484375], [-0.041593026369810104, -0.00787847675383091, -0.9991036057472229, 1.5793647766113281], [-0.9991319179534912, 0.0026521056424826384, 0.04157329350709915, 0.001953125], [0.0, 0.0, 0.0, 1.0]], [[-0.9347702264785767, 0.35508212447166443, 0.011009953916072845, 1.136474609375], [-0.008943906985223293, 0.007459427695721388, -0.9999322295188904, 1.55145263671875], [-0.35514020919799805, -0.9348054528236389, -0.0037970307748764753, -0.0633544921875], [0.0, 0.0, 0.0, 1.0]]], "view": [[0.0, -2.0, 100.0], [-2.0, 0.0, 100.0], [0.0, 0.0, 1.0]], "bev": "bev_ea1e95683bda49e8b00c49f4f385cd8b.png", "aux": "aux_ea1e95683bda49e8b00c49f4f385cd8b.npz", "visibility": "visibility_ea1e95683bda49e8b00c49f4f385cd8b.png", "pose": [[-0.44187265634536743, 0.8970777988433838, 0.0, 476.3633117675781], [-0.8970777988433838, -0.44187265634536743, 0.0, 1088.6383056640625], [0.0, 0.0, 1.0, 0.0], [0.0, 0.0, 0.0, 1.0]], "pose_inverse": [[-0.44187265634536743, -0.8970777988433838, 0.0, 1187.085205078125], [0.8970777988433838, -0.44187265634536743, 0.0, 53.70456314086914], [0.0, 0.0, 1.0, 0.0], [0.0, 0.0, 0.0, 1.0]], "cam_ids": [0, 1, 2, 3, 4, 5], "cam_channels": ["CAM_FRONT_LEFT", "CAM_FRONT", "CAM_FRONT_RIGHT", "CAM_BACK_LEFT", "CAM_BACK", "CAM_BACK_RIGHT"], "token": "ea1e95683bda49e8b00c49f4f385cd8b", "scene": "scene-0945"}, {"images": ["samples/CAM_FRONT_LEFT/n015-2018-09-26-11-17-24+0800__CAM_FRONT_LEFT__1537931866404844.jpg", "samples/CAM_FRONT/n015-2018-09-26-11-17-24+0800__CAM_FRONT__1537931866412460.jpg", "samples/CAM_FRONT_RIGHT/n015-2018-09-26-11-17-24+0800__CAM_FRONT_RIGHT__1537931866420339.jpg", "samples/CAM_BACK_LEFT/n015-2018-09-26-11-17-24+0800__CAM_BACK_LEFT__1537931866447504.jpg", "samples/CAM_BACK/n015-2018-09-26-11-17-24+0800__CAM_BACK__1537931866437525.jpg", "samples/CAM_BACK_RIGHT/n015-2018-09-26-11-17-24+0800__CAM_BACK_RIGHT__1537931866427893.jpg"], "intrinsics": [[[1272.5979470598488, 0.0, 826.6154927353808], [0.0, 1272.5979470598488, 479.75165386361925], [0.0, 0.0, 1.0]], [[1266.417203046554, 0.0, 816.2670197447984], [0.0, 1266.417203046554, 491.50706579294757], [0.0, 0.0, 1.0]], [[1260.8474446004698, 0.0, 807.968244525554], [0.0, 1260.8474446004698, 495.3344268742088], [0.0, 0.0, 1.0]], [[1256.7414812095406, 0.0, 792.1125740759628], [0.0, 1256.7414812095406, 492.7757465151356], [0.0, 0.0, 1.0]], [[809.2209905677063, 0.0, 829.2196003259838], [0.0, 809.2209905677063, 481.77842384512485], [0.0, 0.0, 1.0]], [[1259.5137405846733, 0.0, 807.2529053838625], [0.0, 1259.5137405846733, 501.19579884916527], [0.0, 0.0, 1.0]]], "extrinsics": [[[0.82124263048172, -0.5703454613685608, -0.016327043995261192, -0.96600341796875], [-0.02144036628305912, -0.002252136589959264, -0.999767541885376, 1.5082740783691406], [0.5701761841773987, 0.8214017748832703, -0.014077968895435333, -1.28131103515625], [0.0, 0.0, 0.0, 1.0]], [[0.006732906214892864, -0.9999579787254333, 0.00621592253446579, 0.00537109375], [-0.02641856111586094, -0.006391767878085375, -0.9996305108070374, 1.5205612182617188], [0.9996281862258911, 0.006566176190972328, -0.02646048739552498, -1.6932373046875], [0.0, 0.0, 0.0, 1.0]], [[-0.8324972987174988, -0.5539178848266602, 0.011101262643933296, 1.03314208984375], [-0.020483197644352913, 0.010748733766376972, -0.9997323751449585, 1.5036582946777344], [0.5536503195762634, -0.8325018882751465, -0.020294299349188805, -1.24908447265625], [0.0, 0.0, 0.0, 1.0]], [[0.9476699829101562, 0.318832129240036, -0.016358111053705215, -1.1419677734375], [-0.010636857710778713, -0.01967739872634411, -0.9997497797012329, 1.588552474975586], [-0.31907421350479126, 0.9476069211959839, -0.015256308019161224, -0.103759765625], [0.0, 0.0, 0.0, 1.0]], [[0.002068500267341733, 0.9999502897262573, -0.009761347435414791, 0.002742767333984375], [-0.03647900000214577, -0.009679417125880718, -0.9992875456809998, 1.5793724060058594], [-0.9993323087692261, 0.0024231381248682737, 0.036457158625125885, 0.002197265625], [0.0, 0.0, 0.0, 1.0]], [[-0.9350084066390991, 0.3545745313167572, 0.006010081153362989, 1.13671875], [-0.004271083977073431, 0.005686894524842501, -0.9999747276306152, 1.5514521598815918], [-0.35459980368614197, -0.9350104331970215, -0.0038028780836611986, -0.063262939453125], [0.0, 0.0, 0.0, 1.0]]], "view": [[0.0, -2.0, 100.0], [-2.0, 0.0, 100.0], [0.0, 0.0, 1.0]], "bev": "bev_34fb823991864c29bf42000f15e22d44.png", "aux": "aux_34fb823991864c29bf42000f15e22d44.npz", "visibility": "visibility_34fb823991864c29bf42000f15e22d44.png", "pose": [[-0.4463898539543152, 0.8948385715484619, 0.0, 476.3629455566406], [-0.8948385715484619, -0.4463898539543152, 0.0, 1088.6483154296875], [0.0, 0.0, 1.0, 0.0], [0.0, 0.0, 0.0, 1.0]], "pose_inverse": [[-0.4463898539543152, -0.8948385715484619, 0.0, 1186.80810546875], [0.8948385715484619, -0.4463898539543152, 0.0, 59.693599700927734], [0.0, 0.0, 1.0, 0.0], [0.0, 0.0, 0.0, 1.0]], "cam_ids": [0, 1, 2, 3, 4, 5], "cam_channels": ["CAM_FRONT_LEFT", "CAM_FRONT", "CAM_FRONT_RIGHT", "CAM_BACK_LEFT", "CAM_BACK", "CAM_BACK_RIGHT"], "token": "34fb823991864c29bf42000f15e22d44", "scene": "scene-0945"}, {"images": ["samples/CAM_FRONT_LEFT/n015-2018-09-26-11-17-24+0800__CAM_FRONT_LEFT__1537931866904844.jpg", "samples/CAM_FRONT/n015-2018-09-26-11-17-24+0800__CAM_FRONT__1537931866912460.jpg", "samples/CAM_FRONT_RIGHT/n015-2018-09-26-11-17-24+0800__CAM_FRONT_RIGHT__1537931866920339.jpg", "samples/CAM_BACK_LEFT/n015-2018-09-26-11-17-24+0800__CAM_BACK_LEFT__1537931866947423.jpg", "samples/CAM_BACK/n015-2018-09-26-11-17-24+0800__CAM_BACK__1537931866937525.jpg", "samples/CAM_BACK_RIGHT/n015-2018-09-26-11-17-24+0800__CAM_BACK_RIGHT__1537931866927893.jpg"], "intrinsics": [[[1272.5979470598488, 0.0, 826.6154927353808], [0.0, 1272.5979470598488, 479.75165386361925], [0.0, 0.0, 1.0]], [[1266.417203046554, 0.0, 816.2670197447984], [0.0, 1266.417203046554, 491.50706579294757], [0.0, 0.0, 1.0]], [[1260.8474446004698, 0.0, 807.968244525554], [0.0, 1260.8474446004698, 495.3344268742088], [0.0, 0.0, 1.0]], [[1256.7414812095406, 0.0, 792.1125740759628], [0.0, 1256.7414812095406, 492.7757465151356], [0.0, 0.0, 1.0]], [[809.2209905677063, 0.0, 829.2196003259838], [0.0, 809.2209905677063, 481.77842384512485], [0.0, 0.0, 1.0]], [[1259.5137405846733, 0.0, 807.2529053838625], [0.0, 1259.5137405846733, 501.19579884916527], [0.0, 0.0, 1.0]]], "extrinsics": [[[0.8229470252990723, -0.567510724067688, -0.026265669614076614, -0.932861328125], [-0.032507654279470444, -0.0008815753390081227, -0.9994710683822632, 1.506988525390625], [0.5671873092651367, 0.8233656287193298, -0.01917392946779728, -1.258544921875], [0.0, 0.0, 0.0, 1.0]], [[0.009528610855340958, -0.999944269657135, 0.004563134163618088, 0.005767822265625], [-0.03813843056559563, -0.004923439119011164, -0.9992603659629822, 1.519317626953125], [0.9992270469665527, 0.009347537532448769, -0.038183216005563736, -1.660400390625], [0.0, 0.0, 0.0, 1.0]], [[-0.831158459186554, -0.5556567907333374, 0.0205220989882946, 1.011962890625], [-0.03293117508292198, 0.012348678894340992, -0.9993813037872314, 1.5028266906738281], [0.5550596117973328, -0.8313201069831848, -0.028562137857079506, -1.23480224609375], [0.0, 0.0, 0.0, 1.0]], [[0.947372555732727, 0.3187336325645447, -0.029903773218393326, -1.1435546875], [-0.025544149801135063, -0.01785009540617466, -0.9995142817497253, 1.5885906219482422], [-0.3191125690937042, 0.9476763010025024, -0.00876891054213047, -0.103179931640625], [0.0, 0.0, 0.0, 1.0]], [[0.001304925070144236, 0.9999673366546631, -0.007985451258718967, 0.00273895263671875], [-0.050444670021533966, -0.007909463718533516, -0.9986955523490906, 1.5789375305175781], [-0.9987260103225708, 0.0017060802783817053, 0.05043269693851471, -0.0064697265625], [0.0, 0.0, 0.0, 1.0]], [[-0.9353454113006592, 0.3532311022281647, 0.018885662779211998, 1.1195068359375], [-0.017389073967933655, 0.007410160265862942, -0.9998213648796082, 1.5511398315429688], [-0.35330796241760254, -0.9355068206787109, -0.0007887000683695078, -0.06976318359375], [0.0, 0.0, 0.0, 1.0]]], "view": [[0.0, -2.0, 100.0], [-2.0, 0.0, 100.0], [0.0, 0.0, 1.0]], "bev": "bev_348064aa35124ca080e3d52057f13005.png", "aux": "aux_348064aa35124ca080e3d52057f13005.npz", "visibility": "visibility_348064aa35124ca080e3d52057f13005.png", "pose": [[-0.4845114052295685, 0.8747849464416504, 0.0, 476.2611083984375], [-0.8747849464416504, -0.4845114052295685, 0.0, 1088.4659423828125], [0.0, 0.0, 1.0, 0.0], [0.0, 0.0, 0.0, 1.0]], "pose_inverse": [[-0.4845114052295685, -0.8747849464416504, 0.0, 1182.9276123046875], [0.8747849464416504, -0.4845114052295685, 0.0, 110.74813079833984], [0.0, 0.0, 1.0, 0.0], [0.0, 0.0, 0.0, 1.0]], "cam_ids": [0, 1, 2, 3, 4, 5], "cam_channels": ["CAM_FRONT_LEFT", "CAM_FRONT", "CAM_FRONT_RIGHT", "CAM_BACK_LEFT", "CAM_BACK", "CAM_BACK_RIGHT"], "token": "348064aa35124ca080e3d52057f13005", "scene": "scene-0945"}, {"images": ["samples/CAM_FRONT_LEFT/n015-2018-09-26-11-17-24+0800__CAM_FRONT_LEFT__1537931867504844.jpg", "samples/CAM_FRONT/n015-2018-09-26-11-17-24+0800__CAM_FRONT__1537931867512838.jpg", "samples/CAM_FRONT_RIGHT/n015-2018-09-26-11-17-24+0800__CAM_FRONT_RIGHT__1537931867520339.jpg", "samples/CAM_BACK_LEFT/n015-2018-09-26-11-17-24+0800__CAM_BACK_LEFT__1537931867547423.jpg", "samples/CAM_BACK/n015-2018-09-26-11-17-24+0800__CAM_BACK__1537931867537525.jpg", "samples/CAM_BACK_RIGHT/n015-2018-09-26-11-17-24+0800__CAM_BACK_RIGHT__1537931867527893.jpg"], "intrinsics": [[[1272.5979470598488, 0.0, 826.6154927353808], [0.0, 1272.5979470598488, 479.75165386361925], [0.0, 0.0, 1.0]], [[1266.417203046554, 0.0, 816.2670197447984], [0.0, 1266.417203046554, 491.50706579294757], [0.0, 0.0, 1.0]], [[1260.8474446004698, 0.0, 807.968244525554], [0.0, 1260.8474446004698, 495.3344268742088], [0.0, 0.0, 1.0]], [[1256.7414812095406, 0.0, 792.1125740759628], [0.0, 1256.7414812095406, 492.7757465151356], [0.0, 0.0, 1.0]], [[809.2209905677063, 0.0, 829.2196003259838], [0.0, 809.2209905677063, 481.77842384512485], [0.0, 0.0, 1.0]], [[1259.5137405846733, 0.0, 807.2529053838625], [0.0, 1259.5137405846733, 501.19579884916527], [0.0, 0.0, 1.0]]], "extrinsics": [[[0.8148841857910156, -0.5764269232749939, -0.0607929490506649, -0.878173828125], [-0.07176432013511658, 0.003740574698895216, -0.9974145889282227, 1.50067138671875], [0.5751640200614929, 0.8171401619911194, -0.03831874951720238, -1.220458984375], [0.0, 0.0, 0.0, 1.0]], [[0.00032976912916637957, -0.9999998807907104, 0.00035848640254698694, 0.0061798095703125], [-0.07727790623903275, -0.00038289703661575913, -0.9970095157623291, 1.5139312744140625], [0.9970095157623291, 0.00030107609927654266, -0.0772780328989029, -1.60693359375], [0.0, 0.0, 0.0, 1.0]], [[-0.8339066505432129, -0.5495618581771851, 0.050807878375053406, 0.97705078125], [-0.07177416235208511, 0.016710078343749046, -0.9972809553146362, 1.49884033203125], [0.5472185611724854, -0.8352859020233154, -0.05337899178266525, -1.2115478515625], [0.0, 0.0, 0.0, 1.0]], [[0.9458857774734497, 0.3179550766944885, -0.06484463065862656, -1.1431884765625], [-0.06372088193893433, -0.013944946229457855, -0.9978702664375305, 1.5886154174804688], [-0.3181821405887604, 0.9480032324790955, 0.0070700449869036674, -0.1033935546875], [0.0, 0.0, 0.0, 1.0]], [[0.004466488026082516, 0.9999810457229614, -0.004256990738213062, 0.00262451171875], [-0.0889182761311531, -0.003843015758320689, -0.9960315227508545, 1.5772552490234375], [-0.9960289597511292, 0.004827307537198067, 0.0888994112610817, -0.0218505859375], [0.0, 0.0, 0.0, 1.0]], [[-0.9318498969078064, 0.35841894149780273, 0.05649475008249283, 1.0914306640625], [-0.05613958090543747, 0.01140651199966669, -0.9983577728271484, 1.5487480163574219], [-0.35847482085227966, -0.9334911108016968, 0.009492339566349983, -0.080322265625], [0.0, 0.0, 0.0, 1.0]]], "view": [[0.0, -2.0, 100.0], [-2.0, 0.0, 100.0], [0.0, 0.0, 1.0]], "bev": "bev_f0b79e007cc64fb3b6d5e7f5111a18ff.png", "aux": "aux_f0b79e007cc64fb3b6d5e7f5111a18ff.npz", "visibility": "visibility_f0b79e007cc64fb3b6d5e7f5111a18ff.png", "pose": [[-0.48475852608680725, 0.8746480345726013, 0.0, 475.7095031738281], [-0.8746480345726013, -0.48475852608680725, 0.0, 1087.517333984375], [0.0, 0.0, 1.0, 0.0], [0.0, 0.0, 0.0, 1.0]], "pose_inverse": [[-0.48475852608680725, -0.8746480345726013, 0.0, 1181.799072265625], [0.8746480345726013, -0.48475852608680725, 0.0, 111.10492706298828], [0.0, 0.0, 1.0, 0.0], [0.0, 0.0, 0.0, 1.0]], "cam_ids": [0, 1, 2, 3, 4, 5], "cam_channels": ["CAM_FRONT_LEFT", "CAM_FRONT", "CAM_FRONT_RIGHT", "CAM_BACK_LEFT", "CAM_BACK", "CAM_BACK_RIGHT"], "token": "f0b79e007cc64fb3b6d5e7f5111a18ff", "scene": "scene-0945"}, {"images": ["samples/CAM_FRONT_LEFT/n015-2018-09-26-11-17-24+0800__CAM_FRONT_LEFT__1537931868004844.jpg", "samples/CAM_FRONT/n015-2018-09-26-11-17-24+0800__CAM_FRONT__1537931868012460.jpg", "samples/CAM_FRONT_RIGHT/n015-2018-09-26-11-17-24+0800__CAM_FRONT_RIGHT__1537931868020339.jpg", "samples/CAM_BACK_LEFT/n015-2018-09-26-11-17-24+0800__CAM_BACK_LEFT__1537931868047610.jpg", "samples/CAM_BACK/n015-2018-09-26-11-17-24+0800__CAM_BACK__1537931868037525.jpg", "samples/CAM_BACK_RIGHT/n015-2018-09-26-11-17-24+0800__CAM_BACK_RIGHT__1537931868027893.jpg"], "intrinsics": [[[1272.5979470598488, 0.0, 826.6154927353808], [0.0, 1272.5979470598488, 479.75165386361925], [0.0, 0.0, 1.0]], [[1266.417203046554, 0.0, 816.2670197447984], [0.0, 1266.417203046554, 491.50706579294757], [0.0, 0.0, 1.0]], [[1260.8474446004698, 0.0, 807.968244525554], [0.0, 1260.8474446004698, 495.3344268742088], [0.0, 0.0, 1.0]], [[1256.7414812095406, 0.0, 792.1125740759628], [0.0, 1256.7414812095406, 492.7757465151356], [0.0, 0.0, 1.0]], [[809.2209905677063, 0.0, 829.2196003259838], [0.0, 809.2209905677063, 481.77842384512485], [0.0, 0.0, 1.0]], [[1259.5137405846733, 0.0, 807.2529053838625], [0.0, 1259.5137405846733, 501.19579884916527], [0.0, 0.0, 1.0]]], "extrinsics": [[[0.808256983757019, -0.5862525701522827, -0.05503144487738609, -0.860595703125], [-0.06447428464889526, 0.004783804528415203, -0.9979078769683838, 1.5000228881835938], [0.5852892994880676, 0.8101142048835754, -0.0339316688477993, -1.20770263671875], [0.0, 0.0, 0.0, 1.0]], [[-0.009771003387868404, -0.9999522566795349, -2.4002876671147533e-05, 0.006000518798828125], [-0.06947050243616104, 0.0007027723477222025, -0.99758380651474, 1.51318359375], [0.9975361227989197, -0.009745697490870953, -0.06947404146194458, -1.586669921875], [0.0, 0.0, 0.0, 1.0]], [[-0.8386699557304382, -0.5428981184959412, 0.043523650616407394, 0.9630126953125], [-0.06325855851173401, 0.017726026475429535, -0.9978396892547607, 1.4983367919921875], [0.5409538149833679, -0.8396114706993103, -0.04920923709869385, -1.20233154296875], [0.0, 0.0, 0.0, 1.0]], [[0.9463652968406677, 0.3184094727039337, -0.054846182465553284, -1.1424560546875], [-0.053518399596214294, -0.012923719361424446, -0.9984832406044006, 1.5885734558105469], [-0.31863531470298767, 0.9478651285171509, 0.004810207057744265, -0.10357666015625], [0.0, 0.0, 0.0, 1.0]], [[0.007424213923513889, 0.9999669790267944, -0.003314246889203787, 0.002590179443359375], [-0.07937082648277283, -0.0027146036736667156, -0.9968414902687073, 1.5768585205078125], [-0.9968174695968628, 0.007663785479962826, 0.07934804260730743, -0.0296630859375], [0.0, 0.0, 0.0, 1.0]], [[-0.9301404356956482, 0.36399438977241516, 0.048444684594869614, 1.078369140625], [-0.0471353717148304, 0.012485196813941002, -0.9988104701042175, 1.5485267639160156], [-0.3641662299633026, -0.9313175082206726, 0.005544026382267475, -0.085357666015625], [0.0, 0.0, 0.0, 1.0]]], "view": [[0.0, -2.0, 100.0], [-2.0, 0.0, 100.0], [0.0, 0.0, 1.0]], "bev": "bev_1490c12d0bb741f3857a093eb465d06d.png", "aux": "aux_1490c12d0bb741f3857a093eb465d06d.npz", "visibility": "visibility_1490c12d0bb741f3857a093eb465d06d.png", "pose": [[-0.3536614775657654, 0.9353734850883484, 0.0, 475.079833984375], [-0.9353734850883484, -0.3536614775657654, 0.0, 1086.2239990234375], [0.0, 0.0, 1.0, 0.0], [0.0, 0.0, 0.0, 1.0]], "pose_inverse": [[-0.3536614775657654, -0.9353734850883484, 0.0, 1184.0426025390625], [0.9353734850883484, -0.3536614775657654, 0.0, -60.221492767333984], [0.0, 0.0, 1.0, 0.0], [0.0, 0.0, 0.0, 1.0]], "cam_ids": [0, 1, 2, 3, 4, 5], "cam_channels": ["CAM_FRONT_LEFT", "CAM_FRONT", "CAM_FRONT_RIGHT", "CAM_BACK_LEFT", "CAM_BACK", "CAM_BACK_RIGHT"], "token": "1490c12d0bb741f3857a093eb465d06d", "scene": "scene-0945"}, {"images": ["samples/CAM_FRONT_LEFT/n015-2018-09-26-11-17-24+0800__CAM_FRONT_LEFT__1537931868404844.jpg", "samples/CAM_FRONT/n015-2018-09-26-11-17-24+0800__CAM_FRONT__1537931868412460.jpg", "samples/CAM_FRONT_RIGHT/n015-2018-09-26-11-17-24+0800__CAM_FRONT_RIGHT__1537931868420339.jpg", "samples/CAM_BACK_LEFT/n015-2018-09-26-11-17-24+0800__CAM_BACK_LEFT__1537931868448483.jpg", "samples/CAM_BACK/n015-2018-09-26-11-17-24+0800__CAM_BACK__1537931868437525.jpg", "samples/CAM_BACK_RIGHT/n015-2018-09-26-11-17-24+0800__CAM_BACK_RIGHT__1537931868427893.jpg"], "intrinsics": [[[1272.5979470598488, 0.0, 826.6154927353808], [0.0, 1272.5979470598488, 479.75165386361925], [0.0, 0.0, 1.0]], [[1266.417203046554, 0.0, 816.2670197447984], [0.0, 1266.417203046554, 491.50706579294757], [0.0, 0.0, 1.0]], [[1260.8474446004698, 0.0, 807.968244525554], [0.0, 1260.8474446004698, 495.3344268742088], [0.0, 0.0, 1.0]], [[1256.7414812095406, 0.0, 792.1125740759628], [0.0, 1256.7414812095406, 492.7757465151356], [0.0, 0.0, 1.0]], [[809.2209905677063, 0.0, 829.2196003259838], [0.0, 809.2209905677063, 481.77842384512485], [0.0, 0.0, 1.0]], [[1259.5137405846733, 0.0, 807.2529053838625], [0.0, 1259.5137405846733, 501.19579884916527], [0.0, 0.0, 1.0]]], "extrinsics": [[[0.8052615523338318, -0.5915950536727905, -0.03961094468832016, -0.8577880859375], [-0.04646090418100357, 0.0036422256380319595, -0.9989134669303894, 1.5022048950195312], [0.5910964608192444, 0.8062270283699036, -0.024553095921874046, -1.2071533203125], [0.0, 0.0, 0.0, 1.0]], [[-0.015164523385465145, -0.9998837113380432, 0.001569393090903759, 0.00701904296875], [-0.051428113132715225, -0.0007875239825807512, -0.9986763596534729, 1.515045166015625], [0.9985615611076355, -0.015225174836814404, -0.051410190761089325, -1.585693359375], [0.0, 0.0, 0.0, 1.0]], [[-0.8415867686271667, -0.539318859577179, 0.029441261664032936, 0.964111328125], [-0.045076265931129456, 0.015812423080205917, -0.9988583922386169, 1.4998703002929688], [0.5382376313209534, -0.8419530987739563, -0.0376180037856102, -1.20184326171875], [0.0, 0.0, 0.0, 1.0]], [[0.9474959373474121, 0.3175416886806488, -0.037665385752916336, -1.1458740234375], [-0.034906674176454544, -0.01437480840831995, -0.9992871880531311, 1.5886917114257812], [-0.3178567588329315, 0.9481353759765625, -0.0025357496924698353, -0.10296630859375], [0.0, 0.0, 0.0, 1.0]], [[0.009676969610154629, 0.9999423623085022, -0.004647016990929842, 0.001800537109375], [-0.061058152467012405, -0.004047683905810118, -0.9981260299682617, 1.5775222778320312], [-0.9980872869491577, 0.009942576289176941, 0.06101546436548233, -0.0281982421875], [0.0, 0.0, 0.0, 1.0]], [[-0.9297484755516052, 0.36689531803131104, 0.030911128968000412, 1.0797119140625], [-0.028885267674922943, 0.011012186296284199, -0.9995220899581909, 1.5496940612792969], [-0.3670603334903717, -0.9301970601081848, 0.00035930515150539577, -0.0838165283203125], [0.0, 0.0, 0.0, 1.0]]], "view": [[0.0, -2.0, 100.0], [-2.0, 0.0, 100.0], [0.0, 0.0, 1.0]], "bev": "bev_821fb7e20d484606b9c694d369da9aa4.png", "aux": "aux_821fb7e20d484606b9c694d369da9aa4.npz", "visibility": "visibility_821fb7e20d484606b9c694d369da9aa4.png", "pose": [[-0.15122035145759583, 0.9885000586509705, 0.0, 474.7488098144531], [-0.9885000586509705, -0.15122035145759583, 0.0, 1085.0450439453125], [0.0, 0.0, 1.0, 0.0], [0.0, 0.0, 0.0, 1.0]], "pose_inverse": [[-0.15122035145759583, -0.9885000586509705, 0.0, 1144.3587646484375], [0.9885000586509705, -0.15122035145759583, 0.0, -305.2083435058594], [0.0, 0.0, 1.0, 0.0], [0.0, 0.0, 0.0, 1.0]], "cam_ids": [0, 1, 2, 3, 4, 5], "cam_channels": ["CAM_FRONT_LEFT", "CAM_FRONT", "CAM_FRONT_RIGHT", "CAM_BACK_LEFT", "CAM_BACK", "CAM_BACK_RIGHT"], "token": "821fb7e20d484606b9c694d369da9aa4", "scene": "scene-0945"}, {"images": ["samples/CAM_FRONT_LEFT/n015-2018-09-26-11-17-24+0800__CAM_FRONT_LEFT__1537931868904844.jpg", "samples/CAM_FRONT/n015-2018-09-26-11-17-24+0800__CAM_FRONT__1537931868912460.jpg", "samples/CAM_FRONT_RIGHT/n015-2018-09-26-11-17-24+0800__CAM_FRONT_RIGHT__1537931868920339.jpg", "samples/CAM_BACK_LEFT/n015-2018-09-26-11-17-24+0800__CAM_BACK_LEFT__1537931868947423.jpg", "samples/CAM_BACK/n015-2018-09-26-11-17-24+0800__CAM_BACK__1537931868937525.jpg", "samples/CAM_BACK_RIGHT/n015-2018-09-26-11-17-24+0800__CAM_BACK_RIGHT__1537931868927893.jpg"], "intrinsics": [[[1272.5979470598488, 0.0, 826.6154927353808], [0.0, 1272.5979470598488, 479.75165386361925], [0.0, 0.0, 1.0]], [[1266.417203046554, 0.0, 816.2670197447984], [0.0, 1266.417203046554, 491.50706579294757], [0.0, 0.0, 1.0]], [[1260.8474446004698, 0.0, 807.968244525554], [0.0, 1260.8474446004698, 495.3344268742088], [0.0, 0.0, 1.0]], [[1256.7414812095406, 0.0, 792.1125740759628], [0.0, 1256.7414812095406, 492.7757465151356], [0.0, 0.0, 1.0]], [[809.2209905677063, 0.0, 829.2196003259838], [0.0, 809.2209905677063, 481.77842384512485], [0.0, 0.0, 1.0]], [[1259.5137405846733, 0.0, 807.2529053838625], [0.0, 1259.5137405846733, 501.19579884916527], [0.0, 0.0, 1.0]]], "extrinsics": [[[0.8104667663574219, -0.5857664346694946, -0.004615091253072023, -0.8792724609375], [-0.00808320939540863, -0.003305512946099043, -0.9999618530273438, 1.5073986053466797], [0.5857288241386414, 0.8104732036590576, -0.007413880433887243, -1.2191009521484375], [0.0, 0.0, 0.0, 1.0]], [[-0.008850643411278725, -0.9999319911003113, 0.0075871143490076065, 0.0048828125], [-0.012769688852131367, -0.007473771460354328, -0.9998905658721924, 1.5194306373596191], [0.9998792409896851, -0.008946558460593224, -0.012702672742307186, -1.60546875], [0.0, 0.0, 0.0, 1.0]], [[-0.839160144329071, -0.5438843965530396, 9.009274072013795e-05, 0.97607421875], [-0.00624441122636199, 0.009468876756727695, -0.9999356865882874, 1.5032176971435547], [0.5438485145568848, -0.8391066193580627, -0.011342141777276993, -1.21142578125], [0.0, 0.0, 0.0, 1.0]], [[0.9477640390396118, 0.31896403431892395, -0.0023183284793049097, -1.14208984375], [0.0045524900779128075, -0.020793845877051353, -0.999773383140564, 1.5885734558105469], [-0.3189399838447571, 0.9475386738777161, -0.021159740164875984, -0.1044921875], [0.0, 0.0, 0.0, 1.0]], [[0.006533332169055939, 0.9999197125434875, -0.010859980247914791, 0.00244140625], [-0.021695874631404877, -0.010715913958847523, -0.9997071623802185, 1.5788259506225586], [-0.9997432827949524, 0.006767025217413902, 0.021624119952321053, -0.0230712890625], [0.0, 0.0, 0.0, 1.0]], [[-0.9318937063217163, 0.36264482140541077, -0.007929420098662376, 1.0908203125], [0.010219343937933445, 0.004396621137857437, -0.9999381303787231, 1.5519485473632812], [-0.3625875413417816, -0.9319170713424683, -0.007803176064044237, -0.080963134765625], [0.0, 0.0, 0.0, 1.0]]], "view": [[0.0, -2.0, 100.0], [-2.0, 0.0, 100.0], [0.0, 0.0, 1.0]], "bev": "bev_1035e06f787c4d3cb7033bc2b410b32b.png", "aux": "aux_1035e06f787c4d3cb7033bc2b410b32b.npz", "visibility": "visibility_1035e06f787c4d3cb7033bc2b410b32b.png", "pose": [[0.08760926127433777, 0.9961549043655396, 0.0, 474.6889343261719], [-0.9961549043655396, 0.08760926127433777, 0.0, 1083.674072265625], [0.0, 0.0, 1.0, 0.0], [0.0, 0.0, 0.0, 1.0]], "pose_inverse": [[0.08760926127433777, -0.9961549043655396, 0.0, 1037.920166015625], [0.9961549043655396, 0.08760926127433777, 0.0, -567.8035888671875], [0.0, 0.0, 1.0, 0.0], [0.0, 0.0, 0.0, 1.0]], "cam_ids": [0, 1, 2, 3, 4, 5], "cam_channels": ["CAM_FRONT_LEFT", "CAM_FRONT", "CAM_FRONT_RIGHT", "CAM_BACK_LEFT", "CAM_BACK", "CAM_BACK_RIGHT"], "token": "1035e06f787c4d3cb7033bc2b410b32b", "scene": "scene-0945"}, {"images": ["samples/CAM_FRONT_LEFT/n015-2018-09-26-11-17-24+0800__CAM_FRONT_LEFT__1537931869404844.jpg", "samples/CAM_FRONT/n015-2018-09-26-11-17-24+0800__CAM_FRONT__1537931869412460.jpg", "samples/CAM_FRONT_RIGHT/n015-2018-09-26-11-17-24+0800__CAM_FRONT_RIGHT__1537931869420339.jpg", "samples/CAM_BACK_LEFT/n015-2018-09-26-11-17-24+0800__CAM_BACK_LEFT__1537931869447423.jpg", "samples/CAM_BACK/n015-2018-09-26-11-17-24+0800__CAM_BACK__1537931869437525.jpg", "samples/CAM_BACK_RIGHT/n015-2018-09-26-11-17-24+0800__CAM_BACK_RIGHT__1537931869427893.jpg"], "intrinsics": [[[1272.5979470598488, 0.0, 826.6154927353808], [0.0, 1272.5979470598488, 479.75165386361925], [0.0, 0.0, 1.0]], [[1266.417203046554, 0.0, 816.2670197447984], [0.0, 1266.417203046554, 491.50706579294757], [0.0, 0.0, 1.0]], [[1260.8474446004698, 0.0, 807.968244525554], [0.0, 1260.8474446004698, 495.3344268742088], [0.0, 0.0, 1.0]], [[1256.7414812095406, 0.0, 792.1125740759628], [0.0, 1256.7414812095406, 492.7757465151356], [0.0, 0.0, 1.0]], [[809.2209905677063, 0.0, 829.2196003259838], [0.0, 809.2209905677063, 481.77842384512485], [0.0, 0.0, 1.0]], [[1259.5137405846733, 0.0, 807.2529053838625], [0.0, 1259.5137405846733, 501.19579884916527], [0.0, 0.0, 1.0]]], "extrinsics": [[[0.8150790929794312, -0.5793408155441284, 0.00320740370079875, -0.8792724609375], [-8.856566273607314e-05, -0.005660812836140394, -0.9999839663505554, 1.5082387924194336], [0.5793496370315552, 0.8150657415390015, -0.004665320739150047, -1.2191886901855469], [0.0, 0.0, 0.0, 1.0]], [[-0.0024198913015425205, -0.9999454021453857, 0.01016311813145876, 0.00482177734375], [-0.0052894423715770245, -0.010150207206606865, -0.9999344944953918, 1.5200743675231934], [0.999983012676239, -0.002473451429978013, -0.00526459189131856, -1.60577392578125], [0.0, 0.0, 0.0, 1.0]], [[-0.836385190486908, -0.5481270551681519, -0.00406853761523962, 0.97613525390625], [0.0005857670912519097, 0.006528640631586313, -0.9999784827232361, 1.5036842823028564], [0.5481417775154114, -0.8363696336746216, -0.005139382090419531, -1.2119140625], [0.0, 0.0, 0.0, 1.0]], [[0.9478145837783813, 0.3188219964504242, 7.095483306329697e-05, -1.14056396484375], [0.008684152737259865, -0.02559433877468109, -0.9996346235275269, 1.588571548461914], [-0.31870362162590027, 0.9474689364433289, -0.02702738717198372, -0.10430908203125], [0.0, 0.0, 0.0, 1.0]], [[0.00480191083624959, 0.9998779892921448, -0.014864163473248482, 0.00299072265625], [-0.01672159507870674, -0.014781967736780643, -0.9997509121894836, 1.578932762145996], [-0.9998486042022705, 0.00504929106682539, 0.01664857380092144, -0.0234375], [0.0, 0.0, 0.0, 1.0]], [[-0.933154284954071, 0.3591773211956024, -0.01465038675814867, 1.0911865234375], [0.01611142046749592, 0.001074582920409739, -0.9998696446418762, 1.5522289276123047], [-0.35911473631858826, -0.9332687854766846, -0.006789608858525753, -0.0810546875], [0.0, 0.0, 0.0, 1.0]]], "view": [[0.0, -2.0, 100.0], [-2.0, 0.0, 100.0], [0.0, 0.0, 1.0]], "bev": "bev_99ffd2f6dc324f6b9e88a6190b904ea6.png", "aux": "aux_99ffd2f6dc324f6b9e88a6190b904ea6.npz", "visibility": "visibility_99ffd2f6dc324f6b9e88a6190b904ea6.png", "pose": [[0.2381073236465454, 0.9712388515472412, 0.0, 474.90478515625], [-0.9712388515472412, 0.2381073236465454, 0.0, 1082.480224609375], [0.0, 0.0, 1.0, 0.0], [0.0, 0.0, 0.0, 1.0]], "pose_inverse": [[0.2381073236465454, -0.9712388515472412, 0.0, 938.2685546875], [0.9712388515472412, 0.2381073236465454, 0.0, -718.992431640625], [0.0, 0.0, 1.0, 0.0], [0.0, 0.0, 0.0, 1.0]], "cam_ids": [0, 1, 2, 3, 4, 5], "cam_channels": ["CAM_FRONT_LEFT", "CAM_FRONT", "CAM_FRONT_RIGHT", "CAM_BACK_LEFT", "CAM_BACK", "CAM_BACK_RIGHT"], "token": "99ffd2f6dc324f6b9e88a6190b904ea6", "scene": "scene-0945"}, {"images": ["samples/CAM_FRONT_LEFT/n015-2018-09-26-11-17-24+0800__CAM_FRONT_LEFT__1537931869904844.jpg", "samples/CAM_FRONT/n015-2018-09-26-11-17-24+0800__CAM_FRONT__1537931869912460.jpg", "samples/CAM_FRONT_RIGHT/n015-2018-09-26-11-17-24+0800__CAM_FRONT_RIGHT__1537931869920339.jpg", "samples/CAM_BACK_LEFT/n015-2018-09-26-11-17-24+0800__CAM_BACK_LEFT__1537931869947423.jpg", "samples/CAM_BACK/n015-2018-09-26-11-17-24+0800__CAM_BACK__1537931869937525.jpg", "samples/CAM_BACK_RIGHT/n015-2018-09-26-11-17-24+0800__CAM_BACK_RIGHT__1537931869927893.jpg"], "intrinsics": [[[1272.5979470598488, 0.0, 826.6154927353808], [0.0, 1272.5979470598488, 479.75165386361925], [0.0, 0.0, 1.0]], [[1266.417203046554, 0.0, 816.2670197447984], [0.0, 1266.417203046554, 491.50706579294757], [0.0, 0.0, 1.0]], [[1260.8474446004698, 0.0, 807.968244525554], [0.0, 1260.8474446004698, 495.3344268742088], [0.0, 0.0, 1.0]], [[1256.7414812095406, 0.0, 792.1125740759628], [0.0, 1256.7414812095406, 492.7757465151356], [0.0, 0.0, 1.0]], [[809.2209905677063, 0.0, 829.2196003259838], [0.0, 809.2209905677063, 481.77842384512485], [0.0, 0.0, 1.0]], [[1259.5137405846733, 0.0, 807.2529053838625], [0.0, 1259.5137405846733, 501.19579884916527], [0.0, 0.0, 1.0]]], "extrinsics": [[[0.8172451853752136, -0.5762650966644287, 0.00536707928404212, -0.8809814453125], [-0.005186075810343027, -0.01666690781712532, -0.9998476505279541, 1.507704734802246], [0.5762667655944824, 0.8170928359031677, -0.01660950295627117, -1.2202911376953125], [0.0, 0.0, 0.0, 1.0]], [[0.0007694406085647643, -0.9997900724411011, 0.020473569631576538, 0.00469970703125], [-0.010792705230414867, -0.02048068679869175, -0.9997320175170898, 1.5196213722229004], [0.9999414682388306, 0.0005482779233716428, -0.010806198231875896, -1.60858154296875], [0.0, 0.0, 0.0, 1.0]], [[-0.8350441455841064, -0.5501479506492615, 0.006198409013450146, 0.97882080078125], [-0.005399102345108986, -0.0030715372413396835, -0.9999806880950928, 1.5032992362976074], [0.5501563549041748, -0.8350615501403809, -0.0004054346354678273, -1.2138671875], [0.0, 0.0, 0.0, 1.0]], [[0.9477694034576416, 0.31884491443634033, -0.008426772430539131, -1.14105224609375], [0.002188231563195586, -0.03291921317577362, -0.9994555711746216, 1.5885581970214844], [-0.3189487159252167, 0.9472350478172302, -0.03189752995967865, -0.1041259765625], [0.0, 0.0, 0.0, 1.0]], [[0.0037516201846301556, 0.9997265934944153, -0.02307813987135887, 0.0029296875], [-0.022858159616589546, -0.02298653870820999, -0.9994744062423706, 1.5788257122039795], [-0.999731719493866, 0.004277189262211323, 0.02276567369699478, -0.021240234375], [0.0, 0.0, 0.0, 1.0]], [[-0.9338745474815369, 0.3573882579803467, -0.012328053824603558, 1.0946044921875], [0.010169636458158493, -0.007918187417089939, -0.9999169111251831, 1.551900863647461], [-0.35745617747306824, -0.9339223504066467, 0.0037600852083414793, -0.079681396484375], [0.0, 0.0, 0.0, 1.0]]], "view": [[0.0, -2.0, 100.0], [-2.0, 0.0, 100.0], [0.0, 0.0, 1.0]], "bev": "bev_592d4bc306a249d49862123d802970f8.png", "aux": "aux_592d4bc306a249d49862123d802970f8.npz", "visibility": "visibility_592d4bc306a249d49862123d802970f8.png", "pose": [[0.32297855615615845, 0.9464063048362732, 0.0, 475.2574462890625], [-0.9464063048362732, 0.32297855615615845, 0.0, 1081.31640625], [0.0, 0.0, 1.0, 0.0], [0.0, 0.0, 0.0, 1.0]], "pose_inverse": [[0.32297855615615845, -0.9464063048362732, 0.0, 869.86669921875], [0.9464063048362732, 0.32297855615615845, 0.0, -799.0286254882812], [0.0, 0.0, 1.0, 0.0], [0.0, 0.0, 0.0, 1.0]], "cam_ids": [0, 1, 2, 3, 4, 5], "cam_channels": ["CAM_FRONT_LEFT", "CAM_FRONT", "CAM_FRONT_RIGHT", "CAM_BACK_LEFT", "CAM_BACK", "CAM_BACK_RIGHT"], "token": "592d4bc306a249d49862123d802970f8", "scene": "scene-0945"}, {"images": ["samples/CAM_FRONT_LEFT/n015-2018-09-26-11-17-24+0800__CAM_FRONT_LEFT__1537931870404844.jpg", "samples/CAM_FRONT/n015-2018-09-26-11-17-24+0800__CAM_FRONT__1537931870412460.jpg", "samples/CAM_FRONT_RIGHT/n015-2018-09-26-11-17-24+0800__CAM_FRONT_RIGHT__1537931870421060.jpg", "samples/CAM_BACK_LEFT/n015-2018-09-26-11-17-24+0800__CAM_BACK_LEFT__1537931870447423.jpg", "samples/CAM_BACK/n015-2018-09-26-11-17-24+0800__CAM_BACK__1537931870437525.jpg", "samples/CAM_BACK_RIGHT/n015-2018-09-26-11-17-24+0800__CAM_BACK_RIGHT__1537931870427893.jpg"], "intrinsics": [[[1272.5979470598488, 0.0, 826.6154927353808], [0.0, 1272.5979470598488, 479.75165386361925], [0.0, 0.0, 1.0]], [[1266.417203046554, 0.0, 816.2670197447984], [0.0, 1266.417203046554, 491.50706579294757], [0.0, 0.0, 1.0]], [[1260.8474446004698, 0.0, 807.968244525554], [0.0, 1260.8474446004698, 495.3344268742088], [0.0, 0.0, 1.0]], [[1256.7414812095406, 0.0, 792.1125740759628], [0.0, 1256.7414812095406, 492.7757465151356], [0.0, 0.0, 1.0]], [[809.2209905677063, 0.0, 829.2196003259838], [0.0, 809.2209905677063, 481.77842384512485], [0.0, 0.0, 1.0]], [[1259.5137405846733, 0.0, 807.2529053838625], [0.0, 1259.5137405846733, 501.19579884916527], [0.0, 0.0, 1.0]]], "extrinsics": [[[0.8210321664810181, -0.570746898651123, 0.012412778101861477, -0.945068359375], [-0.00494386488571763, -0.028850845992565155, -0.9995715022087097, 1.508087158203125], [0.5708603858947754, 0.8206189870834351, -0.026509171351790428, -1.2647247314453125], [0.0, 0.0, 0.0, 1.0]], [[0.006182543467730284, -0.9994426965713501, 0.03280377388000488, 0.004150390625], [-0.010286484844982624, -0.0328662283718586, -0.9994068145751953, 1.5202960968017578], [0.9999279975891113, 0.0058414507657289505, -0.010483948513865471, -1.672607421875], [0.0, 0.0, 0.0, 1.0]], [[-0.8327136039733887, -0.5535611510276794, 0.012572725303471088, 1.0204010009765625], [-0.00472172861918807, -0.015606598928570747, -0.9998670220375061, 1.5035638809204102], [0.5536837577819824, -0.8326622843742371, 0.010382060892879963, -1.2418212890625], [0.0, 0.0, 0.0, 1.0]], [[0.9477722644805908, 0.3187587559223175, -0.010976837947964668, -1.14208984375], [0.003795722732320428, -0.045685891062021255, -0.9989486336708069, 1.5885543823242188], [-0.3189251124858856, 0.9467342495918274, -0.04450974240899086, -0.103759765625], [0.0, 0.0, 0.0, 1.0]], [[