[{"images": ["samples/CAM_FRONT_LEFT/n008-2018-05-21-11-06-59-0400__CAM_FRONT_LEFT__1526915719004917.jpg", "samples/CAM_FRONT/n008-2018-05-21-11-06-59-0400__CAM_FRONT__1526915719012465.jpg", "samples/CAM_FRONT_RIGHT/n008-2018-05-21-11-06-59-0400__CAM_FRONT_RIGHT__1526915719019956.jpg", "samples/CAM_BACK_LEFT/n008-2018-05-21-11-06-59-0400__CAM_BACK_LEFT__1526915719047295.jpg", "samples/CAM_BACK/n008-2018-05-21-11-06-59-0400__CAM_BACK__1526915719037570.jpg", "samples/CAM_BACK_RIGHT/n008-2018-05-21-11-06-59-0400__CAM_BACK_RIGHT__1526915719027813.jpg"], "intrinsics": [[[1256.4720761102153, 0.0, 759.9201772536986], [0.0, 1256.472076110215, 418.2347543062189], [0.0, 0.0, 1.0]], [[1262.8093578767177, 0.0, 786.6784634591471], [0.0, 1262.8093578767177, 437.9890946201144], [0.0, 0.0, 1.0]], [[1264.1253743585607, 0.0, 761.8659236816043], [0.0, 1264.125374358561, 415.0768894058469], [0.0, 0.0, 1.0]], [[1258.2338510172276, 0.0, 742.9036438917772], [0.0, 1258.2338510172278, 422.93240569290015], [0.0, 0.0, 1.0]], [[798.1242652672415, 0.0, 679.0081140747895], [0.0, 798.1242652672414, 419.2474525237902], [0.0, 0.0, 1.0]], [[1259.4297629105833, 0.0, 752.9541347831612], [0.0, 1259.4297629105833, 429.46398926977497], [0.0, 0.0, 1.0]]], "extrinsics": [[[0.8096541166305542, -0.5867254137992859, -0.014609122648835182, -0.728271484375], [-0.028256770223379135, -0.014106038957834244, -0.9995012283325195, 1.4883079528808594], [0.586226761341095, 0.809662938117981, -0.027999980375170708, -1.11297607421875], [0.0, 0.0, 0.0, 1.0]], [[-0.004058885853737593, -0.9998083710670471, 0.01915072649717331, -0.02508544921875], [-0.037908416241407394, -0.018983282148838043, -0.999100923538208, 1.5018730163574219], [0.9992729425430298, -0.004781182389706373, -0.037824101746082306, -1.3974609375], [0.0, 0.0, 0.0, 1.0]], [[-0.8104594945907593, -0.584838330745697, 0.03345780447125435, 0.8214111328125], [-0.0323575958609581, -0.012333686463534832, -0.99940025806427, 1.4884071350097656], [0.5849002599716187, -0.8110560178756714, -0.008928011171519756, -1.2381591796875], [0.0, 0.0, 0.0, 1.0]], [[0.9449458122253418, 0.32422083616256714, -0.04425293579697609, -1.152099609375], [-0.04452289640903473, -0.006589221302419901, -0.9989866018295288, 1.5958786010742188], [-0.32418397068977356, 0.9459584355354309, 0.008208795450627804, -0.080322265625], [0.0, 0.0, 0.0, 1.0]], [[0.017786674201488495, 0.9997470378875732, -0.013761666603386402, 0.00634765625], [-0.03610379248857498, -0.013112662360072136, -0.9992620348930359, 1.5365676879882812], [-0.9991897344589233, 0.01827036775648594, 0.03586142882704735, 0.02587890625], [0.0, 0.0, 0.0, 1.0]], [[-0.934287965297699, 0.35494309663772583, 0.03348564729094505, 0.9970703125], [-0.041293300688266754, -0.014442423358559608, -0.9990426898002625, 1.5771408081054688], [-0.3541197180747986, -0.9347763061523438, 0.028150156140327454, -0.1104736328125], [0.0, 0.0, 0.0, 1.0]]], "view": [[0.0, -2.0, 100.0], [-2.0, 0.0, 100.0], [0.0, 0.0, 1.0]], "bev": "bev_a3de7edc77e240d68bb46d2c169075f1.png", "aux": "aux_a3de7edc77e240d68bb46d2c169075f1.npz", "visibility": "visibility_a3de7edc77e240d68bb46d2c169075f1.png", "pose": [[0.5974419713020325, -0.8019121289253235, 0.0, 1828.3609619140625], [0.8019121289253235, 0.5974419713020325, 0.0, 1010.3610229492188], [0.0, 0.0, 1.0, 0.0], [0.0, 0.0, 0.0, 1.0]], "pose_inverse": [[0.5974419713020325, 0.8019121289253235, 0.0, -1902.560302734375], [-0.8019121289253235, 0.5974419713020325, 0.0, 862.5527954101562], [0.0, 0.0, 1.0, 0.0], [0.0, 0.0, 0.0, 1.0]], "cam_ids": [0, 1, 2, 3, 4, 5], "cam_channels": ["CAM_FRONT_LEFT", "CAM_FRONT", "CAM_FRONT_RIGHT", "CAM_BACK_LEFT", "CAM_BACK", "CAM_BACK_RIGHT"], "token": "a3de7edc77e240d68bb46d2c169075f1", "scene": "scene-0175"}, {"images": ["samples/CAM_FRONT_LEFT/n008-2018-05-21-11-06-59-0400__CAM_FRONT_LEFT__1526915719504917.jpg", "samples/CAM_FRONT/n008-2018-05-21-11-06-59-0400__CAM_FRONT__1526915719512465.jpg", "samples/CAM_FRONT_RIGHT/n008-2018-05-21-11-06-59-0400__CAM_FRONT_RIGHT__1526915719519956.jpg", "samples/CAM_BACK_LEFT/n008-2018-05-21-11-06-59-0400__CAM_BACK_LEFT__1526915719547299.jpg", "samples/CAM_BACK/n008-2018-05-21-11-06-59-0400__CAM_BACK__1526915719537570.jpg", "samples/CAM_BACK_RIGHT/n008-2018-05-21-11-06-59-0400__CAM_BACK_RIGHT__1526915719527813.jpg"], "intrinsics": [[[1256.4720761102153, 0.0, 759.9201772536986], [0.0, 1256.472076110215, 418.2347543062189], [0.0, 0.0, 1.0]], [[1262.8093578767177, 0.0, 786.6784634591471], [0.0, 1262.8093578767177, 437.9890946201144], [0.0, 0.0, 1.0]], [[1264.1253743585607, 0.0, 761.8659236816043], [0.0, 1264.125374358561, 415.0768894058469], [0.0, 0.0, 1.0]], [[1258.2338510172276, 0.0, 742.9036438917772], [0.0, 1258.2338510172278, 422.93240569290015], [0.0, 0.0, 1.0]], [[798.1242652672415, 0.0, 679.0081140747895], [0.0, 798.1242652672414, 419.2474525237902], [0.0, 0.0, 1.0]], [[1259.4297629105833, 0.0, 752.9541347831612], [0.0, 1259.4297629105833, 429.46398926977497], [0.0, 0.0, 1.0]]], "extrinsics": [[[0.8098822832107544, -0.5865350961685181, -0.008205774240195751, -0.7607421875], [-0.017986169084906578, -0.010847973637282848, -0.9997794032096863, 1.4926815032958984], [0.586316704750061, 0.8098511099815369, -0.019335100427269936, -1.136322021484375], [0.0, 0.0, 0.0, 1.0]], [[-0.004168701358139515, -0.9998629093170166, 0.016025995835661888, -0.02557373046875], [-0.027732616290450096, -0.01590437814593315, -0.999488890171051, 1.5058097839355469], [0.9996066689491272, -0.004611017648130655, -0.027662506327033043, -1.4320068359375], [0.0, 0.0, 0.0, 1.0]], [[-0.8106966018676758, -0.5849926471710205, 0.02354942075908184, 0.8424072265625], [-0.022328630089759827, -0.009300600737333298, -0.9997074604034424, 1.4913063049316406], [0.5850405097007751, -0.8109852075576782, -0.005522120278328657, -1.253662109375], [0.0, 0.0, 0.0, 1.0]], [[0.9452580809593201, 0.32451772689819336, -0.034285109490156174, -1.1490478515625], [-0.03504691645503044, -0.0034989083651453257, -0.9993795156478882, 1.5957679748535156], [-0.3244362473487854, 0.9458732008934021, 0.008065971545875072, -0.081298828125], [0.0, 0.0, 0.0, 1.0]], [[0.017764102667570114, 0.9997870326042175, -0.010505527257919312, 0.00628662109375], [-0.02643890306353569, -0.010033798404037952, -0.9996001124382019, 1.5375595092773438], [-0.9994925856590271, 0.01803477667272091, 0.026255028322339058, 0.0333251953125], [0.0, 0.0, 0.0, 1.0]], [[-0.9346135854721069, 0.35475948452949524, 0.025360675528645515, 1.013427734375], [-0.0314498133957386, -0.011407568119466305, -0.9994402527809143, 1.5793190002441406], [-0.3542715609073639, -0.9348880648612976, 0.02181878313422203, -0.10442352294921875], [0.0, 0.0, 0.0, 1.0]]], "view": [[0.0, -2.0, 100.0], [-2.0, 0.0, 100.0], [0.0, 0.0, 1.0]], "bev": "bev_1684139e3c414e7e8139be39eef0a028.png", "aux": "aux_1684139e3c414e7e8139be39eef0a028.npz", "visibility": "visibility_1684139e3c414e7e8139be39eef0a028.png", "pose": [[0.5996500849723816, -0.8002623319625854, 0.0, 1830.724609375], [0.8002623319625854, 0.5996500849723816, 0.0, 1013.5155029296875], [0.0, 0.0, 1.0, 0.0], [0.0, 0.0, 0.0, 1.0]], "pose_inverse": [[0.5996500849723816, 0.8002623319625854, 0.0, -1908.8724365234375], [-0.8002623319625854, 0.5996500849723816, 0.0, 857.3052978515625], [0.0, 0.0, 1.0, 0.0], [0.0, 0.0, 0.0, 1.0]], "cam_ids": [0, 1, 2, 3, 4, 5], "cam_channels": ["CAM_FRONT_LEFT", "CAM_FRONT", "CAM_FRONT_RIGHT", "CAM_BACK_LEFT", "CAM_BACK", "CAM_BACK_RIGHT"], "token": "1684139e3c414e7e8139be39eef0a028", "scene": "scene-0175"}, {"images": ["samples/CAM_FRONT_LEFT/n008-2018-05-21-11-06-59-0400__CAM_FRONT_LEFT__1526915720004917.jpg", "samples/CAM_FRONT/n008-2018-05-21-11-06-59-0400__CAM_FRONT__1526915720012465.jpg", "samples/CAM_FRONT_RIGHT/n008-2018-05-21-11-06-59-0400__CAM_FRONT_RIGHT__1526915720019956.jpg", "samples/CAM_BACK_LEFT/n008-2018-05-21-11-06-59-0400__CAM_BACK_LEFT__1526915720047295.jpg", "samples/CAM_BACK/n008-2018-05-21-11-06-59-0400__CAM_BACK__1526915720037570.jpg", "samples/CAM_BACK_RIGHT/n008-2018-05-21-11-06-59-0400__CAM_BACK_RIGHT__1526915720027813.jpg"], "intrinsics": [[[1256.4720761102153, 0.0, 759.9201772536986], [0.0, 1256.472076110215, 418.2347543062189], [0.0, 0.0, 1.0]], [[1262.8093578767177, 0.0, 786.6784634591471], [0.0, 1262.8093578767177, 437.9890946201144], [0.0, 0.0, 1.0]], [[1264.1253743585607, 0.0, 761.8659236816043], [0.0, 1264.125374358561, 415.0768894058469], [0.0, 0.0, 1.0]], [[1258.2338510172276, 0.0, 742.9036438917772], [0.0, 1258.2338510172278, 422.93240569290015], [0.0, 0.0, 1.0]], [[798.1242652672415, 0.0, 679.0081140747895], [0.0, 798.1242652672414, 419.2474525237902], [0.0, 0.0, 1.0]], [[1259.4297629105833, 0.0, 752.9541347831612], [0.0, 1259.4297629105833, 429.46398926977497], [0.0, 0.0, 1.0]]], "extrinsics": [[[0.8084237575531006, -0.5884333252906799, -0.01404553558677435, -0.756103515625], [-0.023366181179881096, -0.00823976006358862, -0.9996930956840515, 1.4908332824707031], [0.5881369113922119, 0.8085037469863892, -0.020410656929016113, -1.13287353515625], [0.0, 0.0, 0.0, 1.0]], [[-0.006139669567346573, -0.9998889565467834, 0.01357341930270195, -0.02581787109375], [-0.033001940697431564, -0.0133636724203825, -0.9993659257888794, 1.5042533874511719], [0.9994363784790039, -0.0065838308073580265, -0.03291622921824455, -1.4266357421875], [0.0, 0.0, 0.0, 1.0]], [[-0.8115338683128357, -0.5837129354476929, 0.026308860629796982, 0.8388671875], [-0.027451014146208763, -0.006888474803417921, -0.9995993971824646, 1.490142822265625], [0.5836603045463562, -0.8119308948516846, -0.010433283634483814, -1.2515869140625], [0.0, 0.0, 0.0, 1.0]], [[0.9452024102210999, 0.32423415780067444, -0.03826957568526268, -1.1474609375], [-0.0398528166115284, -0.0017583935987204313, -0.9992040395736694, 1.5956802368164062], [-0.3240433931350708, 0.9459752440452576, 0.011259605176746845, -0.08154296875], [0.0, 0.0, 0.0, 1.0]], [[0.01850453019142151, 0.99979168176651, -0.008613630197942257, 0.0067138671875], [-0.03132101148366928, -0.00803122017532587, -0.9994770884513855, 1.5371208190917969], [-0.9993380308151245, 0.018764697015285492, 0.031165869906544685, 0.031494140625], [0.0, 0.0, 0.0, 1.0]], [[-0.9340361952781677, 0.35584756731987, 0.030802996829152107, 1.011474609375], [-0.036437615752220154, -0.00914098508656025, -0.999294102191925, 1.5784912109375], [-0.35531485080718994, -0.9344992637634277, 0.021504249423742294, -0.105560302734375], [0.0, 0.0, 0.0, 1.0]]], "view": [[0.0, -2.0, 100.0], [-2.0, 0.0, 100.0], [0.0, 0.0, 1.0]], "bev": "bev_ab711125702941b0934e79352bbf8a24.png", "aux": "aux_ab711125702941b0934e79352bbf8a24.npz", "visibility": "visibility_ab711125702941b0934e79352bbf8a24.png", "pose": [[0.5898829102516174, -0.8074887990951538, 0.0, 1833.0645751953125], [0.8074887990951538, 0.5898829102516174, 0.0, 1016.6061401367188], [0.0, 0.0, 1.0, 0.0], [0.0, 0.0, 0.0, 1.0]], "pose_inverse": [[0.5898829102516174, 0.8074887990951538, 0.0, -1902.1915283203125], [-0.8074887990951538, 0.5898829102516174, 0.0, 880.50048828125], [0.0, 0.0, 1.0, 0.0], [0.0, 0.0, 0.0, 1.0]], "cam_ids": [0, 1, 2, 3, 4, 5], "cam_channels": ["CAM_FRONT_LEFT", "CAM_FRONT", "CAM_FRONT_RIGHT", "CAM_BACK_LEFT", "CAM_BACK", "CAM_BACK_RIGHT"], "token": "ab711125702941b0934e79352bbf8a24", "scene": "scene-0175"}, {"images": ["samples/CAM_FRONT_LEFT/n008-2018-05-21-11-06-59-0400__CAM_FRONT_LEFT__1526915720504917.jpg", "samples/CAM_FRONT/n008-2018-05-21-11-06-59-0400__CAM_FRONT__1526915720512465.jpg", "samples/CAM_FRONT_RIGHT/n008-2018-05-21-11-06-59-0400__CAM_FRONT_RIGHT__1526915720519956.jpg", "samples/CAM_BACK_LEFT/n008-2018-05-21-11-06-59-0400__CAM_BACK_LEFT__1526915720547295.jpg", "samples/CAM_BACK/n008-2018-05-21-11-06-59-0400__CAM_BACK__1526915720537570.jpg", "samples/CAM_BACK_RIGHT/n008-2018-05-21-11-06-59-0400__CAM_BACK_RIGHT__1526915720527813.jpg"], "intrinsics": [[[1256.4720761102153, 0.0, 759.9201772536986], [0.0, 1256.472076110215, 418.2347543062189], [0.0, 0.0, 1.0]], [[1262.8093578767177, 0.0, 786.6784634591471], [0.0, 1262.8093578767177, 437.9890946201144], [0.0, 0.0, 1.0]], [[1264.1253743585607, 0.0, 761.8659236816043], [0.0, 1264.125374358561, 415.0768894058469], [0.0, 0.0, 1.0]], [[1258.2338510172276, 0.0, 742.9036438917772], [0.0, 1258.2338510172278, 422.93240569290015], [0.0, 0.0, 1.0]], [[798.1242652672415, 0.0, 679.0081140747895], [0.0, 798.1242652672414, 419.2474525237902], [0.0, 0.0, 1.0]], [[1259.4297629105833, 0.0, 752.9541347831612], [0.0, 1259.4297629105833, 429.46398926977497], [0.0, 0.0, 1.0]]], "extrinsics": [[[0.8090019822120667, -0.5876767635345459, -0.01231446210294962, -0.780517578125], [-0.019273599609732628, -0.005581980105489492, -0.9997986555099487, 1.492685317993164], [0.5874897241592407, 0.8090764880180359, -0.015842480584979057, -1.148223876953125], [0.0, 0.0, 0.0, 1.0]], [[-0.005460279993712902, -0.9999263882637024, 0.010828443802893162, -0.0272216796875], [-0.029142657294869423, -0.01066488679498434, -0.9995183944702148, 1.5060577392578125], [0.9995602965354919, -0.005773186217993498, -0.02908228151500225, -1.4539794921875], [0.0, 0.0, 0.0, 1.0]], [[-0.8112884163856506, -0.584241509437561, 0.02175038680434227, 0.85595703125], [-0.023797564208507538, -0.004171820357441902, -0.9997080564498901, 1.4914131164550781], [0.5841616988182068, -0.811569094657898, -0.010518977418541908, -1.265380859375], [0.0, 0.0, 0.0, 1.0]], [[0.945279061794281, 0.32443538308143616, -0.034484438598155975, -1.152587890625], [-0.0368790403008461, 0.0012330006575211883, -0.9993189573287964, 1.59588623046875], [-0.32417190074920654, 0.9459070563316345, 0.013130397535860538, -0.0802001953125], [0.0, 0.0, 0.0, 1.0]], [[0.018281396478414536, 0.9998165965080261, -0.005705021787434816, 0.00665283203125], [-0.028087984770536423, -0.005190158262848854, -0.9995920062065125, 1.53765869140625], [-0.9994382262229919, 0.018434252589941025, 0.027987949550151825, 0.0416259765625], [0.0, 0.0, 0.0, 1.0]], [[-0.9342833757400513, 0.3553864657878876, 0.028546709567308426, 1.0263671875], [-0.03296644985675812, -0.0063857026398181915, -0.99943608045578, 1.57952880859375], [-0.35500380396842957, -0.9346975684165955, 0.01768188551068306, -0.100738525390625], [0.0, 0.0, 0.0, 1.0]]], "view": [[0.0, -2.0, 100.0], [-2.0, 0.0, 100.0], [0.0, 0.0, 1.0]], "bev": "bev_5e379e6a89b2434c991090ae9ca76a05.png", "aux": "aux_5e379e6a89b2434c991090ae9ca76a05.npz", "visibility": "visibility_5e379e6a89b2434c991090ae9ca76a05.png", "pose": [[0.5794686675071716, -0.8149945139884949, 0.0, 1835.275146484375], [0.8149945139884949, 0.5794686675071716, 0.0, 1019.61279296875], [0.0, 0.0, 1.0, 0.0], [0.0, 0.0, 0.0, 1.0]], "pose_inverse": [[0.5794686675071716, 0.8149945139884949, 0.0, -1894.4632568359375], [-0.8149945139884949, 0.5794686675071716, 0.0, 904.905517578125], [0.0, 0.0, 1.0, 0.0], [0.0, 0.0, 0.0, 1.0]], "cam_ids": [0, 1, 2, 3, 4, 5], "cam_channels": ["CAM_FRONT_LEFT", "CAM_FRONT", "CAM_FRONT_RIGHT", "CAM_BACK_LEFT", "CAM_BACK", "CAM_BACK_RIGHT"], "token": "5e379e6a89b2434c991090ae9ca76a05", "scene": "scene-0175"}, {"images": ["samples/CAM_FRONT_LEFT/n008-2018-05-21-11-06-59-0400__CAM_FRONT_LEFT__1526915720904917.jpg", "samples/CAM_FRONT/n008-2018-05-21-11-06-59-0400__CAM_FRONT__1526915720912465.jpg", "samples/CAM_FRONT_RIGHT/n008-2018-05-21-11-06-59-0400__CAM_FRONT_RIGHT__1526915720919956.jpg", "samples/CAM_BACK_LEFT/n008-2018-05-21-11-06-59-0400__CAM_BACK_LEFT__1526915720947295.jpg", "samples/CAM_BACK/n008-2018-05-21-11-06-59-0400__CAM_BACK__1526915720937570.jpg", "samples/CAM_BACK_RIGHT/n008-2018-05-21-11-06-59-0400__CAM_BACK_RIGHT__1526915720927813.jpg"], "intrinsics": [[[1256.4720761102153, 0.0, 759.9201772536986], [0.0, 1256.472076110215, 418.2347543062189], [0.0, 0.0, 1.0]], [[1262.8093578767177, 0.0, 786.6784634591471], [0.0, 1262.8093578767177, 437.9890946201144], [0.0, 0.0, 1.0]], [[1264.1253743585607, 0.0, 761.8659236816043], [0.0, 1264.125374358561, 415.0768894058469], [0.0, 0.0, 1.0]], [[1258.2338510172276, 0.0, 742.9036438917772], [0.0, 1258.2338510172278, 422.93240569290015], [0.0, 0.0, 1.0]], [[798.1242652672415, 0.0, 679.0081140747895], [0.0, 798.1242652672414, 419.2474525237902], [0.0, 0.0, 1.0]], [[1259.4297629105833, 0.0, 752.9541347831612], [0.0, 1259.4297629105833, 429.46398926977497], [0.0, 0.0, 1.0]]], "extrinsics": [[[0.8094573020935059, -0.5870935916900635, -0.009997030720114708, -0.7353515625], [-0.017170295119285583, -0.006648484617471695, -0.9998304843902588, 1.4923686981201172], [0.5869276523590088, 0.8094916939735413, -0.015462232753634453, -1.11676025390625], [0.0, 0.0, 0.0, 1.0]], [[-0.004924463573843241, -0.9999203681945801, 0.01162119209766388, -0.026611328125], [-0.026936449110507965, -0.011484474875032902, -0.9995711445808411, 1.5052947998046875], [0.999625027179718, -0.005235446151345968, -0.026877745985984802, -1.4058837890625], [0.0, 0.0, 0.0, 1.0]], [[-0.8111035823822021, -0.584553599357605, 0.020199045538902283, 0.82659912109375], [-0.021493272855877876, -0.004723058082163334, -0.9997578263282776, 1.491058349609375], [0.5845074653625488, -0.8113412261009216, -0.008733081631362438, -1.243408203125], [0.0, 0.0, 0.0, 1.0]], [[0.9453251361846924, 0.3245033919811249, -0.03252608701586723, -1.1527099609375], [-0.03463015705347061, 0.0007093491731211543, -0.9993999600410461, 1.5959091186523438], [-0.3242856562137604, 0.9458842277526855, 0.011908171698451042, -0.0799560546875], [0.0, 0.0, 0.0, 1.0]], [[0.01814831979572773, 0.9998164176940918, -0.00613535987213254, 0.00701904296875], [-0.02580125443637371, -0.005666010081768036, -0.9996510744094849, 1.5374984741210938], [-0.9995023012161255, 0.018300332129001617, 0.02569369412958622, 0.029541015625], [0.0, 0.0, 0.0, 1.0]], [[-0.9344307780265808, 0.35517776012420654, 0.02622583508491516, 1.0029296875], [-0.030645674094557762, -0.006822927854955196, -0.9995070695877075, 1.579071044921875], [-0.3548237681388855, -0.9347739219665527, 0.017260216176509857, -0.1093902587890625], [0.0, 0.0, 0.0, 1.0]]], "view": [[0.0, -2.0, 100.0], [-2.0, 0.0, 100.0], [0.0, 0.0, 1.0]], "bev": "bev_6a4c17c38f6b4c08bc685bdca1807370.png", "aux": "aux_6a4c17c38f6b4c08bc685bdca1807370.npz", "visibility": "visibility_6a4c17c38f6b4c08bc685bdca1807370.png", "pose": [[0.5752837657928467, -0.817953884601593, 0.0, 1837.025146484375], [0.817953884601593, 0.5752837657928467, 0.0, 1022.0682983398438], [0.0, 0.0, 1.0, 0.0], [0.0, 0.0, 0.0, 1.0]], "pose_inverse": [[0.5752837657928467, 0.817953884601593, 0.0, -1892.8155517578125], [-0.817953884601593, 0.5752837657928467, 0.0, 914.6226196289062], [0.0, 0.0, 1.0, 0.0], [0.0, 0.0, 0.0, 1.0]], "cam_ids": [0, 1, 2, 3, 4, 5], "cam_channels": ["CAM_FRONT_LEFT", "CAM_FRONT", "CAM_FRONT_RIGHT", "CAM_BACK_LEFT", "CAM_BACK", "CAM_BACK_RIGHT"], "token": "6a4c17c38f6b4c08bc685bdca1807370", "scene": "scene-0175"}, {"images": ["samples/CAM_FRONT_LEFT/n008-2018-05-21-11-06-59-0400__CAM_FRONT_LEFT__1526915721404921.jpg", "samples/CAM_FRONT/n008-2018-05-21-11-06-59-0400__CAM_FRONT__1526915721412465.jpg", "samples/CAM_FRONT_RIGHT/n008-2018-05-21-11-06-59-0400__CAM_FRONT_RIGHT__1526915721419956.jpg", "samples/CAM_BACK_LEFT/n008-2018-05-21-11-06-59-0400__CAM_BACK_LEFT__1526915721447295.jpg", "samples/CAM_BACK/n008-2018-05-21-11-06-59-0400__CAM_BACK__1526915721437570.jpg", "samples/CAM_BACK_RIGHT/n008-2018-05-21-11-06-59-0400__CAM_BACK_RIGHT__1526915721427813.jpg"], "intrinsics": [[[1256.4720761102153, 0.0, 759.9201772536986], [0.0, 1256.472076110215, 418.2347543062189], [0.0, 0.0, 1.0]], [[1262.8093578767177, 0.0, 786.6784634591471], [0.0, 1262.8093578767177, 437.9890946201144], [0.0, 0.0, 1.0]], [[1264.1253743585607, 0.0, 761.8659236816043], [0.0, 1264.125374358561, 415.0768894058469], [0.0, 0.0, 1.0]], [[1258.2338510172276, 0.0, 742.9036438917772], [0.0, 1258.2338510172278, 422.93240569290015], [0.0, 0.0, 1.0]], [[798.1242652672415, 0.0, 679.0081140747895], [0.0, 798.1242652672414, 419.2474525237902], [0.0, 0.0, 1.0]], [[1259.4297629105833, 0.0, 752.9541347831612], [0.0, 1259.4297629105833, 429.46398926977497], [0.0, 0.0, 1.0]]], "extrinsics": [[[0.8094205856323242, -0.5871697664260864, -0.00836136657744646, -0.760009765625], [-0.020126797258853912, -0.013509098440408707, -0.9997062087059021, 1.4919357299804688], [0.5868843197822571, 0.8093510866165161, -0.022752389311790466, -1.133544921875], [0.0, 0.0, 0.0, 1.0]], [[-0.004788496997207403, -0.9998077750205994, 0.019011905416846275, -0.02728271484375], [-0.02984573319554329, -0.01886075921356678, -0.9993765354156494, 1.5051765441894531], [0.9995430707931519, -0.005352899432182312, -0.029749684035778046, -1.4296875], [0.0, 0.0, 0.0, 1.0]], [[-0.8109296560287476, -0.5845113396644592, 0.02719557099044323, 0.84130859375], [-0.024414189159870148, -0.012638081796467304, -0.9996219873428345, 1.4908561706542969], [0.5846341252326965, -0.8112871646881104, -0.00402177544310689, -1.254150390625], [0.0, 0.0, 0.0, 1.0]], [[0.9452047944068909, 0.3242765963077545, -0.037851233035326004, -1.15625], [-0.037205275148153305, -0.008194086141884327, -0.9992740154266357, 1.5960311889648438], [-0.3243512809276581, 0.9459267854690552, 0.004319708328694105, -0.07861328125], [0.0, 0.0, 0.0, 1.0]], [[0.017918789759278297, 0.9997304081916809, -0.014765220694243908, 0.0068359375], [-0.02854004316031933, -0.01425014715641737, -0.9994910955429077, 1.537506103515625], [-0.9994320273399353, 0.018331049010157585, 0.028277002274990082, 0.0372314453125], [0.0, 0.0, 0.0, 1.0]], [[-0.9344492554664612, 0.35514792799949646, 0.025969253852963448, 1.0146484375], [-0.03351818770170212, -0.015118640847504139, -0.9993237853050232, 1.5790328979492188], [-0.3545151948928833, -0.9346878528594971, 0.02603152021765709, -0.105133056640625], [0.0, 0.0, 0.0, 1.0]]], "view": [[0.0, -2.0, 100.0], [-2.0, 0.0, 100.0], [0.0, 0.0, 1.0]], "bev": "bev_5911d4e585544461b2e1dff92996bbd3.png", "aux": "aux_5911d4e585544461b2e1dff92996bbd3.npz", "visibility": "visibility_5911d4e585544461b2e1dff92996bbd3.png", "pose": [[0.5721406936645508, -0.8201555013656616, 0.0, 1839.2906494140625], [0.8201555013656616, 0.5721406936645508, 0.0, 1025.2801513671875], [0.0, 0.0, 1.0, 0.0], [0.0, 0.0, 0.0, 1.0]], "pose_inverse": [[0.5721406936645508, 0.8201555013656616, 0.0, -1893.22216796875], [-0.8201555013656616, 0.5721406936645508, 0.0, 921.89990234375], [0.0, 0.0, 1.0, 0.0], [0.0, 0.0, 0.0, 1.0]], "cam_ids": [0, 1, 2, 3, 4, 5], "cam_channels": ["CAM_FRONT_LEFT", "CAM_FRONT", "CAM_FRONT_RIGHT", "CAM_BACK_LEFT", "CAM_BACK", "CAM_BACK_RIGHT"], "token": "5911d4e585544461b2e1dff92996bbd3", "scene": "scene-0175"}, {"images": ["samples/CAM_FRONT_LEFT/n008-2018-05-21-11-06-59-0400__CAM_FRONT_LEFT__1526915721904917.jpg", "samples/CAM_FRONT/n008-2018-05-21-11-06-59-0400__CAM_FRONT__1526915721912465.jpg", "samples/CAM_FRONT_RIGHT/n008-2018-05-21-11-06-59-0400__CAM_FRONT_RIGHT__1526915721919956.jpg", "samples/CAM_BACK_LEFT/n008-2018-05-21-11-06-59-0400__CAM_BACK_LEFT__1526915721947295.jpg", "samples/CAM_BACK/n008-2018-05-21-11-06-59-0400__CAM_BACK__1526915721937570.jpg", "samples/CAM_BACK_RIGHT/n008-2018-05-21-11-06-59-0400__CAM_BACK_RIGHT__1526915721927813.jpg"], "intrinsics": [[[1256.4720761102153, 0.0, 759.9201772536986], [0.0, 1256.472076110215, 418.2347543062189], [0.0, 0.0, 1.0]], [[1262.8093578767177, 0.0, 786.6784634591471], [0.0, 1262.8093578767177, 437.9890946201144], [0.0, 0.0, 1.0]], [[1264.1253743585607, 0.0, 761.8659236816043], [0.0, 1264.125374358561, 415.0768894058469], [0.0, 0.0, 1.0]], [[1258.2338510172276, 0.0, 742.9036438917772], [0.0, 1258.2338510172278, 422.93240569290015], [0.0, 0.0, 1.0]], [[798.1242652672415, 0.0, 679.0081140747895], [0.0, 798.1242652672414, 419.2474525237902], [0.0, 0.0, 1.0]], [[1259.4297629105833, 0.0, 752.9541347831612], [0.0, 1259.4297629105833, 429.46398926977497], [0.0, 0.0, 1.0]]], "extrinsics": [[[0.8094391226768494, -0.587120771408081, -0.009878655895590782, -0.72802734375], [-0.02624073252081871, -0.019360369071364403, -0.999468207359314, 1.4888782501220703], [0.5866172313690186, 0.8092678189277649, -0.031077519059181213, -1.10791015625], [0.0, 0.0, 0.0, 1.0]], [[-0.00455441465601325, -0.9996899962425232, 0.02447640709578991, -0.02911376953125], [-0.0359392948448658, -0.024297213181853294, -0.9990586042404175, 1.5023155212402344], [0.9993436336517334, -0.0054297600872814655, -0.03581749275326729, -1.395751953125], [0.0, 0.0, 0.0, 1.0]], [[-0.810696542263031, -0.5844138264656067, 0.03509484604001045, 0.81805419921875], [-0.030461052432656288, -0.017758578062057495, -0.9993781447410583, 1.4887428283691406], [0.5846735835075378, -0.8112614154815674, -0.0034050431568175554, -1.2392578125], [0.0, 0.0, 0.0, 1.0]], [[0.9449183940887451, 0.3241879343986511, -0.045072536915540695, -1.1390380859375], [-0.04323968663811684, -0.012858826667070389, -0.9989819526672363, 1.5952682495117188], [-0.3244374990463257, 0.945905327796936, 0.0018672429723665118, -0.0841064453125], [0.0, 0.0, 0.0, 1.0]], [[0.01773889549076557, 0.999649703502655, -0.019640639424324036, 0.0078125], [-0.03455960378050804, -0.01901896670460701, -0.999221682548523, 1.5364189147949219], [-0.9992451667785645, 0.01840379647910595, 0.034210123121738434, 0.0186767578125], [0.0, 0.0, 0.0, 1.0]], [[-0.9343011379241943, 0.35523271560668945, 0.02985004521906376, 0.99560546875], [-0.039536260068416595, -0.020037762820720673, -0.9990171790122986, 1.5773124694824219], [-0.35428541898727417, -0.934563159942627, 0.03276587650179863, -0.113372802734375], [0.0, 0.0, 0.0, 1.0]]], "view": [[0.0, -2.0, 100.0], [-2.0, 0.0, 100.0], [0.0, 0.0, 1.0]], "bev": "bev_4ba48b333cf14622ac23c6560fa01e4c.png", "aux": "aux_4ba48b333cf14622ac23c6560fa01e4c.npz", "visibility": "visibility_4ba48b333cf14622ac23c6560fa01e4c.png", "pose": [[0.569464385509491, -0.8220160007476807, 0.0, 1841.6278076171875], [0.8220160007476807, 0.569464385509491, 0.0, 1028.6434326171875], [0.0, 0.0, 1.0, 0.0], [0.0, 0.0, 0.0, 1.0]], "pose_inverse": [[0.569464385509491, 0.8220160007476807, 0.0, -1894.3028564453125], [-0.8220160007476807, 0.569464385509491, 0.0, 928.0717163085938], [0.0, 0.0, 1.0, 0.0], [0.0, 0.0, 0.0, 1.0]], "cam_ids": [0, 1, 2, 3, 4, 5], "cam_channels": ["CAM_FRONT_LEFT", "CAM_FRONT", "CAM_FRONT_RIGHT", "CAM_BACK_LEFT", "CAM_BACK", "CAM_BACK_RIGHT"], "token": "4ba48b333cf14622ac23c6560fa01e4c", "scene": "scene-0175"}, {"images": ["samples/CAM_FRONT_LEFT/n008-2018-05-21-11-06-59-0400__CAM_FRONT_LEFT__1526915722404917.jpg", "samples/CAM_FRONT/n008-2018-05-21-11-06-59-0400__CAM_FRONT__1526915722412465.jpg", "samples/CAM_FRONT_RIGHT/n008-2018-05-21-11-06-59-0400__CAM_FRONT_RIGHT__1526915722419956.jpg", "samples/CAM_BACK_LEFT/n008-2018-05-21-11-06-59-0400__CAM_BACK_LEFT__1526915722447295.jpg", "samples/CAM_BACK/n008-2018-05-21-11-06-59-0400__CAM_BACK__1526915722437570.jpg", "samples/CAM_BACK_RIGHT/n008-2018-05-21-11-06-59-0400__CAM_BACK_RIGHT__1526915722427813.jpg"], "intrinsics": [[[1256.4720761102153, 0.0, 759.9201772536986], [0.0, 1256.472076110215, 418.2347543062189], [0.0, 0.0, 1.0]], [[1262.8093578767177, 0.0, 786.6784634591471], [0.0, 1262.8093578767177, 437.9890946201144], [0.0, 0.0, 1.0]], [[1264.1253743585607, 0.0, 761.8659236816043], [0.0, 1264.125374358561, 415.0768894058469], [0.0, 0.0, 1.0]], [[1258.2338510172276, 0.0, 742.9036438917772], [0.0, 1258.2338510172278, 422.93240569290015], [0.0, 0.0, 1.0]], [[798.1242652672415, 0.0, 679.0081140747895], [0.0, 798.1242652672414, 419.2474525237902], [0.0, 0.0, 1.0]], [[1259.4297629105833, 0.0, 752.9541347831612], [0.0, 1259.4297629105833, 429.46398926977497], [0.0, 0.0, 1.0]]], "extrinsics": [[[0.8106821179389954, -0.5854845643043518, -0.0015664041275158525, -0.726806640625], [-0.026899082586169243, -0.03457256779074669, -0.9990401268005371, 1.4885902404785156], [0.5848683714866638, 0.8099460005760193, -0.04377635568380356, -1.107818603515625], [0.0, 0.0, 0.0, 1.0]], [[-0.0026767451781779528, -0.999203622341156, 0.03981192037463188, -0.02874755859375], [-0.036916546523571014, -0.039686188101768494, -0.9985300302505493, 1.5019683837890625], [0.9993147253990173, -0.004142588470131159, -0.036780912429094315, -1.3948974609375], [0.0, 0.0, 0.0, 1.0]], [[-0.8097120523452759, -0.5850809812545776, 0.04523981362581253, 0.8177490234375], [-0.03177761286497116, -0.033262401819229126, -0.9989413619041443, 1.4884090423583984], [0.5859663486480713, -0.8102924227714539, 0.008340490981936455, -1.239013671875], [0.0, 0.0, 0.0, 1.0]], [[0.9445990324020386, 0.32401999831199646, -0.052380915731191635, -1.14794921875], [-0.045594118535518646, -0.028507424518465996, -0.9985531568527222, 1.5956459045410156], [-0.3250444233417511, 0.945620596408844, -0.012154681608080864, -0.080322265625], [0.0, 0.0, 0.0, 1.0]], [[0.01670718379318714, 0.9992383718490601, -0.035262733697891235, 0.0079345703125], [-0.036556292325258255, -0.03463362157344818, -0.9987313151359558, 1.5363807678222656], [-0.99919193983078, 0.017975080758333206, 0.035949818789958954, 0.023193359375], [0.0, 0.0, 0.0, 1.0]], [[-0.9347235560417175, 0.3544311225414276, 0.025891819968819618, 0.99560546875], [-0.04116470366716385, -0.03561817854642868, -0.9985173344612122, 1.5770225524902344], [-0.35298338532447815, -0.9344034194946289, 0.04788320139050484, -0.11322021484375], [0.0, 0.0, 0.0, 1.0]]], "view": [[0.0, -2.0, 100.0], [-2.0, 0.0, 100.0], [0.0, 0.0, 1.0]], "bev": "bev_81206abafe384150b5369fbc1bed0e19.png", "aux": "aux_81206abafe384150b5369fbc1bed0e19.npz", "visibility": "visibility_81206abafe384150b5369fbc1bed0e19.png", "pose": [[0.5750245451927185, -0.8181361556053162, 0.0, 1843.9603271484375], [0.8181361556053162, 0.5750245451927185, 0.0, 1032.0177001953125], [0.0, 0.0, 1.0, 0.0], [0.0, 0.0, 0.0, 1.0]], "pose_inverse": [[0.5750245451927185, 0.8181361556053162, 0.0, -1904.6534423828125], [-0.8181361556053162, 0.5750245451927185, 0.0, 915.1751098632812], [0.0, 0.0, 1.0, 0.0], [0.0, 0.0, 0.0, 1.0]], "cam_ids": [0, 1, 2, 3, 4, 5], "cam_channels": ["CAM_FRONT_LEFT", "CAM_FRONT", "CAM_FRONT_RIGHT", "CAM_BACK_LEFT", "CAM_BACK", "CAM_BACK_RIGHT"], "token": "81206abafe384150b5369fbc1bed0e19", "scene": "scene-0175"}, {"images": ["samples/CAM_FRONT_LEFT/n008-2018-05-21-11-06-59-0400__CAM_FRONT_LEFT__1526915722904917.jpg", "samples/CAM_FRONT/n008-2018-05-21-11-06-59-0400__CAM_FRONT__1526915722912465.jpg", "samples/CAM_FRONT_RIGHT/n008-2018-05-21-11-06-59-0400__CAM_FRONT_RIGHT__1526915722919956.jpg", "samples/CAM_BACK_LEFT/n008-2018-05-21-11-06-59-0400__CAM_BACK_LEFT__1526915722947299.jpg", "samples/CAM_BACK/n008-2018-05-21-11-06-59-0400__CAM_BACK__1526915722937570.jpg", "samples/CAM_BACK_RIGHT/n008-2018-05-21-11-06-59-0400__CAM_BACK_RIGHT__1526915722927813.jpg"], "intrinsics": [[[1256.4720761102153, 0.0, 759.9201772536986], [0.0, 1256.472076110215, 418.2347543062189], [0.0, 0.0, 1.0]], [[1262.8093578767177, 0.0, 786.6784634591471], [0.0, 1262.8093578767177, 437.9890946201144], [0.0, 0.0, 1.0]], [[1264.1253743585607, 0.0, 761.8659236816043], [0.0, 1264.125374358561, 415.0768894058469], [0.0, 0.0, 1.0]], [[1258.2338510172276, 0.0, 742.9036438917772], [0.0, 1258.2338510172278, 422.93240569290015], [0.0, 0.0, 1.0]], [[798.1242652672415, 0.0, 679.0081140747895], [0.0, 798.1242652672414, 419.2474525237902], [0.0, 0.0, 1.0]], [[1259.4297629105833, 0.0, 752.9541347831612], [0.0, 1259.4297629105833, 429.46398926977497], [0.0, 0.0, 1.0]]], "extrinsics": [[[0.8105867505073547, -0.5856106877326965, 0.003042417112737894, -0.7724609375], [-0.026748597621917725, -0.04221349582076073, -0.9987505078315735, 1.4901008605957031], [0.58500736951828, 0.8094925284385681, -0.049881961196660995, -1.1397705078125], [0.0, 0.0, 0.0, 1.0]], [[-0.0027427286840975285, -0.9988656044006348, 0.0475395992398262, -0.02911376953125], [-0.036178555339574814, -0.047409538179636, -0.9982201457023621, 1.5037841796875], [0.9993415474891663, -0.00445772148668766, -0.03600747883319855, -1.440185546875], [0.0, 0.0, 0.0, 1.0]], [[-0.8097262382507324, -0.5847808122634888, 0.04873107746243477, 0.846435546875], [-0.030484870076179504, -0.041011955589056015, -0.9986934661865234, 1.489776611328125], [0.5860154032707214, -0.8101538419723511, 0.015381489880383015, -1.2601318359375], [0.0, 0.0, 0.0, 1.0]], [[0.9445628523826599, 0.32419678568840027, -0.05193665623664856, -1.146728515625], [-0.04256262257695198, -0.03594396635890007, -0.998447060585022, 1.5956306457519531], [-0.32556021213531494, 0.9453065395355225, -0.02015266753733158, -0.08203125], [0.0, 0.0, 0.0, 1.0]], [[0.016413066536188126, 0.9989479184150696, -0.04282226040959358, 0.00738525390625], [-0.03411610797047615, -0.042243581265211105, -0.9985247254371643, 1.5370159149169922], [-0.9992830753326416, 0.017849823459982872, 0.03338686749339104, 0.0352783203125], [0.0, 0.0, 0.0, 1.0]], [[-0.9348356127738953, 0.35443222522735596, 0.02144777774810791, 1.019775390625], [-0.03933366760611534, -0.04333550110459328, -0.9982860088348389, 1.5783309936523438], [-0.35289525985717773, -0.9340769648551941, 0.05445269122719765, -0.104278564453125], [0.0, 0.0, 0.0, 1.0]]], "view": [[0.0, -2.0, 100.0], [-2.0, 0.0, 100.0], [0.0, 0.0, 1.0]], "bev": "bev_374f7936a8544031a561f31f93cab853.png", "aux": "aux_374f7936a8544031a561f31f93cab853.npz", "visibility": "visibility_374f7936a8544031a561f31f93cab853.png", "pose": [[0.5823035836219788, -0.8129714131355286, 0.0, 1846.106689453125], [0.8129714131355286, 0.5823035836219788, 0.0, 1035.0435791015625], [0.0, 0.0, 1.0, 0.0], [0.0, 0.0, 0.0, 1.0]], "pose_inverse": [[0.5823035836219788, 0.8129714131355286, 0.0, -1916.455322265625], [-0.8129714131355286, 0.5823035836219788, 0.0, 898.1224365234375], [0.0, 0.0, 1.0, 0.0], [0.0, 0.0, 0.0, 1.0]], "cam_ids": [0, 1, 2, 3, 4, 5], "cam_channels": ["CAM_FRONT_LEFT", "CAM_FRONT", "CAM_FRONT_RIGHT", "CAM_BACK_LEFT", "CAM_BACK", "CAM_BACK_RIGHT"], "token": "374f7936a8544031a561f31f93cab853", "scene": "scene-0175"}, {"images": ["samples/CAM_FRONT_LEFT/n008-2018-05-21-11-06-59-0400__CAM_FRONT_LEFT__1526915723404917.jpg", "samples/CAM_FRONT/n008-2018-05-21-11-06-59-0400__CAM_FRONT__1526915723412465.jpg", "samples/CAM_FRONT_RIGHT/n008-2018-05-21-11-06-59-0400__CAM_FRONT_RIGHT__1526915723419956.jpg", "samples/CAM_BACK_LEFT/n008-2018-05-21-11-06-59-0400__CAM_BACK_LEFT__1526915723447295.jpg", "samples/CAM_BACK/n008-2018-05-21-11-06-59-0400__CAM_BACK__1526915723437570.jpg", "samples/CAM_BACK_RIGHT/n008-2018-05-21-11-06-59-0400__CAM_BACK_RIGHT__1526915723427813.jpg"], "intrinsics": [[[1256.4720761102153, 0.0, 759.9201772536986], [0.0, 1256.472076110215, 418.2347543062189], [0.0, 0.0, 1.0]], [[1262.8093578767177, 0.0, 786.6784634591471], [0.0, 1262.8093578767177, 437.9890946201144], [0.0, 0.0, 1.0]], [[1264.1253743585607, 0.0, 761.8659236816043], [0.0, 1264.125374358561, 415.0768894058469], [0.0, 0.0, 1.0]], [[1258.2338510172276, 0.0, 742.9036438917772], [0.0, 1258.2338510172278, 422.93240569290015], [0.0, 0.0, 1.0]], [[798.1242652672415, 0.0, 679.0081140747895], [0.0, 798.1242652672414, 419.2474525237902], [0.0, 0.0, 1.0]], [[1259.4297629105833, 0.0, 752.9541347831612], [0.0, 1259.4297629105833, 429.46398926977497], [0.0, 0.0, 1.0]]], "extrinsics": [[[0.8106345534324646, -0.5855268836021423, 0.00547152291983366, -0.78076171875], [-0.0224823746830225, -0.04046039283275604, -0.9989281892776489, 1.491774082183838], [0.585120677947998, 0.8096426129341125, -0.0459626279771328, -1.148681640625], [0.0, 0.0, 0.0, 1.0]], [[-0.002865157788619399, -0.9989719390869141, 0.04524232819676399, -0.02703857421875], [-0.031933464109897614, -0.04512804001569748, -0.9984707236289978, 1.5052986145019531], [0.9994859099388123, -0.004305549431592226, -0.031771332025527954, -1.450927734375], [0.0, 0.0, 0.0, 1.0]], [[-0.8099055886268616, -0.5849440097808838, 0.04351302236318588, 0.8543701171875], [-0.026188313961029053, -0.038048967719078064, -0.9989326596260071, 1.4909210205078125], [0.5859754085540771, -0.8101806640625, 0.01549737248569727, -1.2637939453125], [0.0, 0.0, 0.0, 1.0]], [[0.9447908401489258, 0.324474960565567, -0.0456748865544796, -1.1534423828125], [-0.03769635781645775, -0.030835995450615883, -0.9988133907318115, 1.5959358215332031], [-0.32549840211868286, 0.9453915357589722, -0.01690204255282879, -0.080322265625], [0.0, 0.0, 0.0, 1.0]], [[0.0166015625, 0.9991303086280823, -0.03825003653764725, 0.00640869140625], [-0.029565714299678802, -0.03774803504347801, -0.9988498687744141, 1.5375728607177734], [-0.9994248747825623, 0.01771332323551178, 0.02891332469880581, 0.041748046875], [0.0, 0.0, 0.0, 1.0]], [[-0.9349195957183838, 0.35436922311782837, 0.018647287040948868, 1.025390625], [-0.0349503830075264, -0.039660848677158356, -0.9986017942428589, 1.5792274475097656], [-0.3531341850757599, -0.9342641234397888, 0.04946504905819893, -0.1010284423828125], [0.0, 0.0, 0.0, 1.0]]], "view": [[0.0, -2.0, 100.0], [-2.0, 0.0, 100.0], [0.0, 0.0, 1.0]], "bev": "bev_3343a448b642431686cc389a46e2cbf9.png", "aux": "aux_3343a448b642431686cc389a46e2cbf9.npz", "visibility": "visibility_3343a448b642431686cc389a46e2cbf9.png", "pose": [[0.5907062292098999, -0.8068866729736328, 0.0, 1848.1368408203125], [0.8068866729736328, 0.5907062292098999, 0.0, 1037.8555908203125], [0.0, 0.0, 1.0, 0.0], [0.0, 0.0, 0.0, 1.0]], "pose_inverse": [[0.5907062292098999, 0.8068866729736328, 0.0, -1929.1378173828125], [-0.8068866729736328, 0.5907062292098999, 0.0, 878.1692504882812], [0.0, 0.0, 1.0, 0.0], [0.0, 0.0, 0.0, 1.0]], "cam_ids": [0, 1, 2, 3, 4, 5], "cam_channels": ["CAM_FRONT_LEFT", "CAM_FRONT", "CAM_FRONT_RIGHT", "CAM_BACK_LEFT", "CAM_BACK", "CAM_BACK_RIGHT"], "token": "3343a448b642431686cc389a46e2cbf9", "scene": "scene-0175"}, {"images": ["samples/CAM_FRONT_LEFT/n008-2018-05-21-11-06-59-0400__CAM_FRONT_LEFT__1526915723904917.jpg", "samples/CAM_FRONT/n008-2018-05-21-11-06-59-0400__CAM_FRONT__1526915723912465.jpg", "samples/CAM_FRONT_RIGHT/n008-2018-05-21-11-06-59-0400__CAM_FRONT_RIGHT__1526915723919956.jpg", "samples/CAM_BACK_LEFT/n008-2018-05-21-11-06-59-0400__CAM_BACK_LEFT__1526915723947295.jpg", "samples/CAM_BACK/n008-2018-05-21-11-06-59-0400__CAM_BACK__1526915723937570.jpg", "samples/CAM_BACK_RIGHT/n008-2018-05-21-11-06-59-0400__CAM_BACK_RIGHT__1526915723927814.jpg"], "intrinsics": [[[1256.4720761102153, 0.0, 759.9201772536986], [0.0, 1256.472076110215, 418.2347543062189], [0.0, 0.0, 1.0]], [[1262.8093578767177, 0.0, 786.6784634591471], [0.0, 1262.8093578767177, 437.9890946201144], [0.0, 0.0, 1.0]], [[1264.1253743585607, 0.0, 761.8659236816043], [0.0, 1264.125374358561, 415.0768894058469], [0.0, 0.0, 1.0]], [[1258.2338510172276, 0.0, 742.9036438917772], [0.0, 1258.2338510172278, 422.93240569290015], [0.0, 0.0, 1.0]], [[798.1242652672415, 0.0, 679.0081140747895], [0.0, 798.1242652672414, 419.2474525237902], [0.0, 0.0, 1.0]], [[1259.4297629105833, 0.0, 752.9541347831612], [0.0, 1259.4297629105833, 429.46398926977497], [0.0, 0.0, 1.0]]], "extrinsics": [[[0.8098542094230652, -0.5866183042526245, -0.0039015314541757107, -0.785888671875], [-0.03006703406572342, -0.0348651260137558, -0.9989396333694458, 1.4897651672363281], [0.5858602523803711, 0.8091127276420593, -0.04587353765964508, -1.15283203125], [0.0, 0.0, 0.0, 1.0]], [[-0.003704376984387636, -0.9991898536682129, 0.04007484018802643, -0.02667236328125], [-0.039798956364393234, -0.039896056056022644, -0.9984109401702881, 1.5036201477050781], [0.9992008209228516, -0.005293349269777536, -0.03961890935897827, -1.4560546875], [0.0, 0.0, 0.0, 1.0]], [[-0.8101309537887573, -0.5843268632888794, 0.04743432253599167, 0.8572998046875], [-0.03441005200147629, -0.03337712213397026, -0.9988502860069275, 1.4894866943359375], [0.5852382779121399, -0.8108317255973816, 0.006933119613677263, -1.265625], [0.0, 0.0, 0.0, 1.0]], [[0.9445836544036865, 0.3238132894039154, -0.05391557514667511, -1.1510009765625], [-0.04735654592514038, -0.02810737118124962, -0.9984825253486633, 1.5958175659179688], [-0.32483726739883423, 0.9457034468650818, -0.011215083301067352, -0.0802001953125], [0.0, 0.0, 0.0, 1.0]], [[0.017096778377890587, 0.9992372989654541, -0.03510802611708641, 0.0067138671875], [-0.038622159510850906, -0.034426942467689514, -0.998660683631897, 1.5369491577148438], [-0.9991075992584229, 0.0184298753