[{"images": ["samples/CAM_FRONT_LEFT/n015-2018-08-02-17-28-51+0800__CAM_FRONT_LEFT__1533202648604844.jpg", "samples/CAM_FRONT/n015-2018-08-02-17-28-51+0800__CAM_FRONT__1533202648612460.jpg", "samples/CAM_FRONT_RIGHT/n015-2018-08-02-17-28-51+0800__CAM_FRONT_RIGHT__1533202648620339.jpg", "samples/CAM_BACK_LEFT/n015-2018-08-02-17-28-51+0800__CAM_BACK_LEFT__1533202648647423.jpg", "samples/CAM_BACK/n015-2018-08-02-17-28-51+0800__CAM_BACK__1533202648637525.jpg", "samples/CAM_BACK_RIGHT/n015-2018-08-02-17-28-51+0800__CAM_BACK_RIGHT__1533202648627893.jpg"], "intrinsics": [[[1272.5979470598488, 0.0, 826.6154927353808], [0.0, 1272.5979470598488, 479.75165386361925], [0.0, 0.0, 1.0]], [[1266.417203046554, 0.0, 816.2670197447984], [0.0, 1266.417203046554, 491.50706579294757], [0.0, 0.0, 1.0]], [[1260.8474446004698, 0.0, 807.968244525554], [0.0, 1260.8474446004698, 495.3344268742088], [0.0, 0.0, 1.0]], [[1256.7414812095406, 0.0, 792.1125740759628], [0.0, 1256.7414812095406, 492.7757465151356], [0.0, 0.0, 1.0]], [[809.2209905677063, 0.0, 829.2196003259838], [0.0, 809.2209905677063, 481.77842384512485], [0.0, 0.0, 1.0]], [[1259.5137405846733, 0.0, 807.2529053838625], [0.0, 1259.5137405846733, 501.19579884916527], [0.0, 0.0, 1.0]]], "extrinsics": [[[0.820840060710907, -0.5709860920906067, 0.014015590772032738, -0.9649658203125], [0.0004743574245367199, -0.023857373744249344, -0.999715268611908, 1.5082494020462036], [0.5711578726768494, 0.8206130266189575, -0.019312236458063126, -1.28021240234375], [0.0, 0.0, 0.0, 1.0]], [[0.005824487190693617, -0.9995942115783691, 0.02788322977721691, 0.005096435546875], [-0.00483403354883194, -0.02791152521967888, -0.9995986819267273, 1.5205326080322266], [0.9999712705612183, 0.005687367171049118, -0.004994643852114677, -1.692138671875], [0.0, 0.0, 0.0, 1.0]], [[-0.832844614982605, -0.5534817576408386, 0.00527418777346611, 1.0323486328125], [0.0007759799482300878, -0.010696204379200935, -0.999942421913147, 1.5036437511444092], [0.5535063147544861, -0.8327925801277161, 0.009337767958641052, -1.24871826171875], [0.0, 0.0, 0.0, 1.0]], [[0.947717010974884, 0.31908535957336426, -0.004123164340853691, -1.14208984375], [0.009474280290305614, -0.041049957275390625, -0.9991121292114258, 1.5885558128356934], [-0.31897130608558655, 0.946836531162262, -0.041926849633455276, -0.10369873046875], [0.0, 0.0, 0.0, 1.0]], [[0.0022938037291169167, 0.9995144605636597, -0.031075630336999893, 0.0028228759765625], [-0.015953926369547844, -0.031035179272294044, -0.9993909597396851, 1.5793590545654297], [-0.9998701214790344, 0.002788179088383913, 0.015874989330768585, 0.001953125], [0.0, 0.0, 0.0, 1.0]], [[-0.9348154067993164, 0.35450392961502075, -0.02114449441432953, 1.13623046875], [0.01665884628891945, -0.01570083387196064, -0.9997379183769226, 1.5514507293701172], [-0.35474294424057007, -0.9349226951599121, 0.00877175573259592, -0.06365966796875], [0.0, 0.0, 0.0, 1.0]]], "view": [[0.0, -2.0, 100.0], [-2.0, 0.0, 100.0], [0.0, 0.0, 1.0]], "bev": "bev_29a9c25617824b0e8642cd787b166e24.png", "aux": "aux_29a9c25617824b0e8642cd787b166e24.npz", "visibility": "visibility_29a9c25617824b0e8642cd787b166e24.png", "pose": [[-0.4283048212528229, 0.9036343097686768, 0.0, 385.56201171875], [-0.9036343097686768, -0.4283048212528229, 0.0, 1133.5518798828125], [0.0, 0.0, 1.0, 0.0], [0.0, 0.0, 0.0, 1.0]], "pose_inverse": [[-0.4283048212528229, -0.9036343097686768, 0.0, 1189.4544677734375], [0.9036343097686768, -0.4283048212528229, 0.0, 137.09864807128906], [0.0, 0.0, 1.0, 0.0], [0.0, 0.0, 0.0, 1.0]], "cam_ids": [0, 1, 2, 3, 4, 5], "cam_channels": ["CAM_FRONT_LEFT", "CAM_FRONT", "CAM_FRONT_RIGHT", "CAM_BACK_LEFT", "CAM_BACK", "CAM_BACK_RIGHT"], "token": "29a9c25617824b0e8642cd787b166e24", "scene": "scene-0357"}, {"images": ["samples/CAM_FRONT_LEFT/n015-2018-08-02-17-28-51+0800__CAM_FRONT_LEFT__1533202649104844.jpg", "samples/CAM_FRONT/n015-2018-08-02-17-28-51+0800__CAM_FRONT__1533202649112460.jpg", "samples/CAM_FRONT_RIGHT/n015-2018-08-02-17-28-51+0800__CAM_FRONT_RIGHT__1533202649120339.jpg", "samples/CAM_BACK_LEFT/n015-2018-08-02-17-28-51+0800__CAM_BACK_LEFT__1533202649147423.jpg", "samples/CAM_BACK/n015-2018-08-02-17-28-51+0800__CAM_BACK__1533202649137525.jpg", "samples/CAM_BACK_RIGHT/n015-2018-08-02-17-28-51+0800__CAM_BACK_RIGHT__1533202649127893.jpg"], "intrinsics": [[[1272.5979470598488, 0.0, 826.6154927353808], [0.0, 1272.5979470598488, 479.75165386361925], [0.0, 0.0, 1.0]], [[1266.417203046554, 0.0, 816.2670197447984], [0.0, 1266.417203046554, 491.50706579294757], [0.0, 0.0, 1.0]], [[1260.8474446004698, 0.0, 807.968244525554], [0.0, 1260.8474446004698, 495.3344268742088], [0.0, 0.0, 1.0]], [[1256.7414812095406, 0.0, 792.1125740759628], [0.0, 1256.7414812095406, 492.7757465151356], [0.0, 0.0, 1.0]], [[809.2209905677063, 0.0, 829.2196003259838], [0.0, 809.2209905677063, 481.77842384512485], [0.0, 0.0, 1.0]], [[1259.5137405846733, 0.0, 807.2529053838625], [0.0, 1259.5137405846733, 501.19579884916527], [0.0, 0.0, 1.0]]], "extrinsics": [[[0.8208411931991577, -0.5709835886955261, 0.014052795246243477, -0.96502685546875], [0.0003916983841918409, -0.02404133602976799, -0.9997109174728394, 1.5082494020462036], [0.5711563229560852, 0.8206093311309814, -0.019510464742779732, -1.28021240234375], [0.0, 0.0, 0.0, 1.0]], [[0.005825739819556475, -0.9995884895324707, 0.028084713965654373, 0.0050506591796875], [-0.004895111545920372, -0.028113365173339844, -0.9995927810668945, 1.5205345153808594], [0.9999710917472839, 0.005685879848897457, -0.0050568776205182076, -1.6922607421875], [0.0, 0.0, 0.0, 1.0]], [[-0.8328447937965393, -0.5534798502922058, 0.005428473465144634, 1.0322265625], [0.0007372231921181083, -0.010916640982031822, -0.9999400973320007, 1.5036447048187256], [0.5535059571266174, -0.8327910304069519, 0.009499909356236458, -1.24871826171875], [0.0, 0.0, 0.0, 1.0]], [[0.9477165341377258, 0.3190849721431732, -0.004245230928063393, -1.14208984375], [0.009425618685781956, -0.04128755256533623, -0.9991028308868408, 1.588557243347168], [-0.31897392868995667, 0.9468263387680054, -0.04213647544384003, -0.1037139892578125], [0.0, 0.0, 0.0, 1.0]], [[0.002291524549946189, 0.999506950378418, -0.03131525591015816, 0.0028228759765625], [-0.01600504294037819, -0.031274668872356415, -0.999382734298706, 1.579355239868164], [-0.9998692870140076, 0.002791274804621935, 0.015925483778119087, 0.0018310546875], [0.0, 0.0, 0.0, 1.0]], [[-0.9348160028457642, 0.35449928045272827, -0.021197130903601646, 1.13623046875], [0.01662585511803627, -0.015936270356178284, -0.9997347593307495, 1.5514488220214844], [-0.354743093252182, -0.9349204301834106, 0.009003624320030212, -0.063720703125], [0.0, 0.0, 0.0, 1.0]]], "view": [[0.0, -2.0, 100.0], [-2.0, 0.0, 100.0], [0.0, 0.0, 1.0]], "bev": "bev_e424ee0bc9114d4aa81fd8198625f99a.png", "aux": "aux_e424ee0bc9114d4aa81fd8198625f99a.npz", "visibility": "visibility_e424ee0bc9114d4aa81fd8198625f99a.png", "pose": [[-0.4283333718776703, 0.9036207795143127, 0.0, 385.5618896484375], [-0.9036207795143127, -0.4283333718776703, 0.0, 1133.5518798828125], [0.0, 0.0, 1.0, 0.0], [0.0, 0.0, 0.0, 1.0]], "pose_inverse": [[-0.4283333718776703, -0.9036207795143127, 0.0, 1189.4500732421875], [0.9036207795143127, -0.4283333718776703, 0.0, 137.1363525390625], [0.0, 0.0, 1.0, 0.0], [0.0, 0.0, 0.0, 1.0]], "cam_ids": [0, 1, 2, 3, 4, 5], "cam_channels": ["CAM_FRONT_LEFT", "CAM_FRONT", "CAM_FRONT_RIGHT", "CAM_BACK_LEFT", "CAM_BACK", "CAM_BACK_RIGHT"], "token": "e424ee0bc9114d4aa81fd8198625f99a", "scene": "scene-0357"}, {"images": ["samples/CAM_FRONT_LEFT/n015-2018-08-02-17-28-51+0800__CAM_FRONT_LEFT__1533202649604844.jpg", "samples/CAM_FRONT/n015-2018-08-02-17-28-51+0800__CAM_FRONT__1533202649612460.jpg", "samples/CAM_FRONT_RIGHT/n015-2018-08-02-17-28-51+0800__CAM_FRONT_RIGHT__1533202649620339.jpg", "samples/CAM_BACK_LEFT/n015-2018-08-02-17-28-51+0800__CAM_BACK_LEFT__1533202649647423.jpg", "samples/CAM_BACK/n015-2018-08-02-17-28-51+0800__CAM_BACK__1533202649637525.jpg", "samples/CAM_BACK_RIGHT/n015-2018-08-02-17-28-51+0800__CAM_BACK_RIGHT__1533202649627893.jpg"], "intrinsics": [[[1272.5979470598488, 0.0, 826.6154927353808], [0.0, 1272.5979470598488, 479.75165386361925], [0.0, 0.0, 1.0]], [[1266.417203046554, 0.0, 816.2670197447984], [0.0, 1266.417203046554, 491.50706579294757], [0.0, 0.0, 1.0]], [[1260.8474446004698, 0.0, 807.968244525554], [0.0, 1260.8474446004698, 495.3344268742088], [0.0, 0.0, 1.0]], [[1256.7414812095406, 0.0, 792.1125740759628], [0.0, 1256.7414812095406, 492.7757465151356], [0.0, 0.0, 1.0]], [[809.2209905677063, 0.0, 829.2196003259838], [0.0, 809.2209905677063, 481.77842384512485], [0.0, 0.0, 1.0]], [[1259.5137405846733, 0.0, 807.2529053838625], [0.0, 1259.5137405846733, 501.19579884916527], [0.0, 0.0, 1.0]]], "extrinsics": [[[0.8208178877830505, -0.571018636226654, 0.013993696309626102, -0.965087890625], [0.00038953538751229644, -0.023939581587910652, -0.9997133016586304, 1.508248209953308], [0.571189820766449, 0.8205879926681519, -0.019427604973316193, -1.28021240234375], [0.0, 0.0, 0.0, 1.0]], [[0.005791806615889072, -0.9995920062065125, 0.027969539165496826, 0.005035400390625], [-0.004892734810709953, -0.027998000383377075, -0.9995960593223572, 1.5205326080322266], [0.9999712705612183, 0.00565263070166111, -0.005052897613495588, -1.6922607421875], [0.0, 0.0, 0.0, 1.0]], [[-0.8328595757484436, -0.5534583926200867, 0.005350864492356777, 1.0323486328125], [0.0007442463538609445, -0.010787446051836014, -0.9999414682388306, 1.5036444664001465], [0.553483784198761, -0.8328070044517517, 0.009396340698003769, -1.24871826171875], [0.0, 0.0, 0.0, 1.0]], [[0.947717547416687, 0.3190827965736389, -0.004195815417915583, -1.1422119140625], [0.009426270611584187, -0.04113515466451645, -0.9991090893745422, 1.5885562896728516], [-0.3189711570739746, 0.9468336701393127, -0.041992269456386566, -0.1036834716796875], [0.0, 0.0, 0.0, 1.0]], [[0.0023035299964249134, 0.9995115995407104, -0.031165480613708496, 0.002777099609375], [-0.015988172963261604, -0.031124766916036606, -0.9993876218795776, 1.5793571472167969], [-0.9998695254325867, 0.002800414804369211, 0.01590866781771183, 0.001708984375], [0.0, 0.0, 0.0, 1.0]], [[-0.9348088502883911, 0.35452091693878174, -0.021150939166545868, 1.13623046875], [0.01663023605942726, -0.015793949365615845, -0.9997369647026062, 1.5514507293701172], [-0.35476163029670715, -0.9349147081375122, 0.008868557401001453, -0.06365966796875], [0.0, 0.0, 0.0, 1.0]]], "view": [[0.0, -2.0, 100.0], [-2.0, 0.0, 100.0], [0.0, 0.0, 1.0]], "bev": "bev_8c4be18ac8834662b6850cd904b6b1b7.png", "aux": "aux_8c4be18ac8834662b6850cd904b6b1b7.npz", "visibility": "visibility_8c4be18ac8834662b6850cd904b6b1b7.png", "pose": [[-0.42825716733932495, 0.9036568999290466, 0.0, 385.561767578125], [-0.9036568999290466, -0.42825716733932495, 0.0, 1133.552001953125], [0.0, 0.0, 1.0, 0.0], [0.0, 0.0, 0.0, 1.0]], "pose_inverse": [[-0.42825716733932495, -0.9036568999290466, 0.0, 1189.461669921875], [0.9036568999290466, -0.42825716733932495, 0.0, 137.03622436523438], [0.0, 0.0, 1.0, 0.0], [0.0, 0.0, 0.0, 1.0]], "cam_ids": [0, 1, 2, 3, 4, 5], "cam_channels": ["CAM_FRONT_LEFT", "CAM_FRONT", "CAM_FRONT_RIGHT", "CAM_BACK_LEFT", "CAM_BACK", "CAM_BACK_RIGHT"], "token": "8c4be18ac8834662b6850cd904b6b1b7", "scene": "scene-0357"}, {"images": ["samples/CAM_FRONT_LEFT/n015-2018-08-02-17-28-51+0800__CAM_FRONT_LEFT__1533202650104844.jpg", "samples/CAM_FRONT/n015-2018-08-02-17-28-51+0800__CAM_FRONT__1533202650112460.jpg", "samples/CAM_FRONT_RIGHT/n015-2018-08-02-17-28-51+0800__CAM_FRONT_RIGHT__1533202650120339.jpg", "samples/CAM_BACK_LEFT/n015-2018-08-02-17-28-51+0800__CAM_BACK_LEFT__1533202650147423.jpg", "samples/CAM_BACK/n015-2018-08-02-17-28-51+0800__CAM_BACK__1533202650137525.jpg", "samples/CAM_BACK_RIGHT/n015-2018-08-02-17-28-51+0800__CAM_BACK_RIGHT__1533202650127893.jpg"], "intrinsics": [[[1272.5979470598488, 0.0, 826.6154927353808], [0.0, 1272.5979470598488, 479.75165386361925], [0.0, 0.0, 1.0]], [[1266.417203046554, 0.0, 816.2670197447984], [0.0, 1266.417203046554, 491.50706579294757], [0.0, 0.0, 1.0]], [[1260.8474446004698, 0.0, 807.968244525554], [0.0, 1260.8474446004698, 495.3344268742088], [0.0, 0.0, 1.0]], [[1256.7414812095406, 0.0, 792.1125740759628], [0.0, 1256.7414812095406, 492.7757465151356], [0.0, 0.0, 1.0]], [[809.2209905677063, 0.0, 829.2196003259838], [0.0, 809.2209905677063, 481.77842384512485], [0.0, 0.0, 1.0]], [[1259.5137405846733, 0.0, 807.2529053838625], [0.0, 1259.5137405846733, 501.19579884916527], [0.0, 0.0, 1.0]]], "extrinsics": [[[0.8208425641059875, -0.5709795355796814, 0.014138778671622276, -0.96502685546875], [0.0005911090993322432, -0.02390545979142189, -0.9997140169143677, 1.5082474946975708], [0.5711541771888733, 0.8206161260604858, -0.019285107031464577, -1.28021240234375], [0.0, 0.0, 0.0, 1.0]], [[0.0058260574005544186, -0.9995927214622498, 0.027936914935708046, 0.005035400390625], [-0.004708803258836269, -0.027964502573013306, -0.9995978474617004, 1.5205330848693848], [0.999971866607666, 0.005692155100405216, -0.004869807045906782, -1.6922607421875], [0.0, 0.0, 0.0, 1.0]], [[-0.8328437209129333, -0.553483784198761, 0.005194792058318853, 1.032470703125], [0.0009100816678255796, -0.010754506103694439, -0.9999417066574097, 1.5036449432373047], [0.553507387638092, -0.8327904343605042, 0.009460539557039738, -1.248779296875], [0.0, 0.0, 0.0, 1.0]], [[0.9477169513702393, 0.3190864324569702, -0.004022208042442799, -1.1422119140625], [0.009602016769349575, -0.04111304506659508, -0.9991083741188049, 1.5885562896728516], [-0.3189673125743866, 0.9468333721160889, -0.04202741011977196, -0.103668212890625], [0.0, 0.0, 0.0, 1.0]], [[0.0022954419255256653, 0.9995124936103821, -0.031136343255639076, 0.002777099609375], [-0.015825267881155014, -0.031096218153834343, -0.9993911385536194, 1.5793571472167969], [-0.9998720288276672, 0.0027867595199495554, 0.01574617624282837, 0.001708984375], [0.0, 0.0, 0.0, 1.0]], [[-0.9348133206367493, 0.3545004427433014, -0.021294699981808662, 1.13623046875], [0.01679617539048195, -0.01576235704123974, -0.99973464012146, 1.5514507293701172], [-0.35474205017089844, -0.9349230527877808, 0.00878061167895794, -0.063720703125], [0.0, 0.0, 0.0, 1.0]]], "view": [[0.0, -2.0, 100.0], [-2.0, 0.0, 100.0], [0.0, 0.0, 1.0]], "bev": "bev_83f1eed5508842ccb9e78248adcbe1a1.png", "aux": "aux_83f1eed5508842ccb9e78248adcbe1a1.npz", "visibility": "visibility_83f1eed5508842ccb9e78248adcbe1a1.png", "pose": [[-0.42828214168548584, 0.9036450386047363, 0.0, 385.5616760253906], [-0.9036450386047363, -0.42828214168548584, 0.0, 1133.552001953125], [0.0, 0.0, 1.0, 0.0], [0.0, 0.0, 0.0, 1.0]], "pose_inverse": [[-0.42828214168548584, -0.9036450386047363, 0.0, 1189.4578857421875], [0.9036450386047363, -0.42828214168548584, 0.0, 137.06918334960938], [0.0, 0.0, 1.0, 0.0], [0.0, 0.0, 0.0, 1.0]], "cam_ids": [0, 1, 2, 3, 4, 5], "cam_channels": ["CAM_FRONT_LEFT", "CAM_FRONT", "CAM_FRONT_RIGHT", "CAM_BACK_LEFT", "CAM_BACK", "CAM_BACK_RIGHT"], "token": "83f1eed5508842ccb9e78248adcbe1a1", "scene": "scene-0357"}, {"images": ["samples/CAM_FRONT_LEFT/n015-2018-08-02-17-28-51+0800__CAM_FRONT_LEFT__1533202650504844.jpg", "samples/CAM_FRONT/n015-2018-08-02-17-28-51+0800__CAM_FRONT__1533202650512460.jpg", "samples/CAM_FRONT_RIGHT/n015-2018-08-02-17-28-51+0800__CAM_FRONT_RIGHT__1533202650520339.jpg", "samples/CAM_BACK_LEFT/n015-2018-08-02-17-28-51+0800__CAM_BACK_LEFT__1533202650547423.jpg", "samples/CAM_BACK/n015-2018-08-02-17-28-51+0800__CAM_BACK__1533202650537525.jpg", "samples/CAM_BACK_RIGHT/n015-2018-08-02-17-28-51+0800__CAM_BACK_RIGHT__1533202650527997.jpg"], "intrinsics": [[[1272.5979470598488, 0.0, 826.6154927353808], [0.0, 1272.5979470598488, 479.75165386361925], [0.0, 0.0, 1.0]], [[1266.417203046554, 0.0, 816.2670197447984], [0.0, 1266.417203046554, 491.50706579294757], [0.0, 0.0, 1.0]], [[1260.8474446004698, 0.0, 807.968244525554], [0.0, 1260.8474446004698, 495.3344268742088], [0.0, 0.0, 1.0]], [[1256.7414812095406, 0.0, 792.1125740759628], [0.0, 1256.7414812095406, 492.7757465151356], [0.0, 0.0, 1.0]], [[809.2209905677063, 0.0, 829.2196003259838], [0.0, 809.2209905677063, 481.77842384512485], [0.0, 0.0, 1.0]], [[1259.5137405846733, 0.0, 807.2529053838625], [0.0, 1259.5137405846733, 501.19579884916527], [0.0, 0.0, 1.0]]], "extrinsics": [[[0.8208419680595398, -0.5709834694862366, 0.014013724401593208, -0.96490478515625], [0.0004498318594414741, -0.023889457806944847, -0.9997144937515259, 1.5082494020462036], [0.5711551308631897, 0.8206139802932739, -0.01935262233018875, -1.2802734375], [0.0, 0.0, 0.0, 1.0]], [[0.0058264946565032005, -0.9995933175086975, 0.027914494276046753, 0.00506591796875], [-0.004829059354960918, -0.027942771092057228, -0.9995978474617004, 1.5205345153808594], [0.999971330165863, 0.005689370911568403, -0.004989902954548597, -1.692138671875], [0.0, 0.0, 0.0, 1.0]], [[-0.8328439593315125, -0.5534828901290894, 0.005261470563709736, 1.032470703125], [0.0008114494266919792, -0.010726578533649445, -0.9999421238899231, 1.5036444664001465], [0.5535072684288025, -0.8327915072441101, 0.009382687509059906, -1.24871826171875], [0.0, 0.0, 0.0, 1.0]], [[0.9477162957191467, 0.3190876841545105, -0.004109748173505068, -1.1422119140625], [0.009495168924331665, -0.041069645434617996, -0.9991111755371094, 1.5885558128356934], [-0.3189729154109955, 0.946834921836853, -0.041952162981033325, -0.10369873046875], [0.0, 0.0, 0.0, 1.0]], [[0.0022932817228138447, 0.9995139241218567, -0.031091656535863876, 0.0027923583984375], [-0.01593915745615959, -0.03105125203728676, -0.999390721321106, 1.5793571472167969], [-0.9998703002929688, 0.0027874920051544905, 0.015860198065638542, 0.001708984375], [0.0, 0.0, 0.0, 1.0]], [[-0.9348151683807373, 0.3545021116733551, -0.021184809505939484, 1.13623046875], [0.016693115234375, -0.015724198892712593, -0.999737024307251, 1.55145263671875], [-0.35474205017089844, -0.934922993183136, 0.008781474083662033, -0.0635986328125], [0.0, 0.0, 0.0, 1.0]]], "view": [[0.0, -2.0, 100.0], [-2.0, 0.0, 100.0], [0.0, 0.0, 1.0]], "bev": "bev_f74ea0e31f93408ba4226b2b0ed3c81b.png", "aux": "aux_f74ea0e31f93408ba4226b2b0ed3c81b.npz", "visibility": "visibility_f74ea0e31f93408ba4226b2b0ed3c81b.png", "pose": [[-0.42823997139930725, 0.9036650657653809, 0.0, 385.56158447265625], [-0.9036650657653809, -0.42823997139930725, 0.0, 1133.552001953125], [0.0, 0.0, 1.0, 0.0], [0.0, 0.0, 0.0, 1.0]], "pose_inverse": [[-0.42823997139930725, -0.9036650657653809, 0.0, 1189.4642333984375], [0.9036650657653809, -0.42823997139930725, 0.0, 137.0137481689453], [0.0, 0.0, 1.0, 0.0], [0.0, 0.0, 0.0, 1.0]], "cam_ids": [0, 1, 2, 3, 4, 5], "cam_channels": ["CAM_FRONT_LEFT", "CAM_FRONT", "CAM_FRONT_RIGHT", "CAM_BACK_LEFT", "CAM_BACK", "CAM_BACK_RIGHT"], "token": "f74ea0e31f93408ba4226b2b0ed3c81b", "scene": "scene-0357"}, {"images": ["samples/CAM_FRONT_LEFT/n015-2018-08-02-17-28-51+0800__CAM_FRONT_LEFT__1533202651004844.jpg", "samples/CAM_FRONT/n015-2018-08-02-17-28-51+0800__CAM_FRONT__1533202651012460.jpg", "samples/CAM_FRONT_RIGHT/n015-2018-08-02-17-28-51+0800__CAM_FRONT_RIGHT__1533202651020339.jpg", "samples/CAM_BACK_LEFT/n015-2018-08-02-17-28-51+0800__CAM_BACK_LEFT__1533202651047423.jpg", "samples/CAM_BACK/n015-2018-08-02-17-28-51+0800__CAM_BACK__1533202651037525.jpg", "samples/CAM_BACK_RIGHT/n015-2018-08-02-17-28-51+0800__CAM_BACK_RIGHT__1533202651027893.jpg"], "intrinsics": [[[1272.5979470598488, 0.0, 826.6154927353808], [0.0, 1272.5979470598488, 479.75165386361925], [0.0, 0.0, 1.0]], [[1266.417203046554, 0.0, 816.2670197447984], [0.0, 1266.417203046554, 491.50706579294757], [0.0, 0.0, 1.0]], [[1260.8474446004698, 0.0, 807.968244525554], [0.0, 1260.8474446004698, 495.3344268742088], [0.0, 0.0, 1.0]], [[1256.7414812095406, 0.0, 792.1125740759628], [0.0, 1256.7414812095406, 492.7757465151356], [0.0, 0.0, 1.0]], [[809.2209905677063, 0.0, 829.2196003259838], [0.0, 809.2209905677063, 481.77842384512485], [0.0, 0.0, 1.0]], [[1259.5137405846733, 0.0, 807.2529053838625], [0.0, 1259.5137405846733, 501.19579884916527], [0.0, 0.0, 1.0]]], "extrinsics": [[[0.8208436369895935, -0.5709773898124695, 0.014162424951791763, -0.9649658203125], [0.0005731561686843634, -0.02397271990776062, -0.9997124671936035, 1.5082486867904663], [0.5711526870727539, 0.8206156492233276, -0.01935059390962124, -1.28021240234375], [0.0, 0.0, 0.0, 1.0]], [[0.005829059053212404, -0.9995906949043274, 0.02800767496228218, 0.0050506591796875], [-0.004747719503939152, -0.028035501018166542, -0.9995957016944885, 1.5205349922180176], [0.9999717473983765, 0.005693712271749973, -0.004909195471554995, -1.692138671875], [0.0, 0.0, 0.0, 1.0]], [[-0.8328420519828796, -0.5534853935241699, 0.00528672942891717, 1.0323486328125], [0.0008492951164953411, -0.010829092003405094, -0.9999409914016724, 1.5036433935165405], [0.5535100102424622, -0.8327884674072266, 0.009488995186984539, -1.248779296875], [0.0, 0.0, 0.0, 1.0]], [[0.9477167725563049, 0.3190862834453583, -0.0041199964471161366, -1.1422119140625], [0.009518569335341454, -0.04117138683795929, -0.9991067051887512, 1.5885553359985352], [-0.3189708888530731, 0.9468309879302979, -0.04205605760216713, -0.1036224365234375], [0.0, 0.0, 0.0, 1.0]], [[0.0022925108205527067, 0.9995103478431702, -0.031207576394081116, 0.002838134765625], [-0.01590028405189514, -0.031167276203632355, -0.9993876814842224, 1.579355239868164], [-0.999871015548706, 0.0027873320505023003, 0.015821045264601707, 0.001953125], [0.0, 0.0, 0.0, 1.0]], [[-0.9348156452178955, 0.3544970750808716, -0.021251294761896133, 1.1361083984375], [0.0167223010212183, -0.015834808349609375, -0.9997348189353943, 1.55145263671875], [-0.35473957657814026, -0.9349230527877808, 0.008874617516994476, -0.063720703125], [0.0, 0.0, 0.0, 1.0]]], "view": [[0.0, -2.0, 100.0], [-2.0, 0.0, 100.0], [0.0, 0.0, 1.0]], "bev": "bev_2a0819d09573458aa62c4b87b0945fa2.png", "aux": "aux_2a0819d09573458aa62c4b87b0945fa2.npz", "visibility": "visibility_2a0819d09573458aa62c4b87b0945fa2.png", "pose": [[-0.42830660939216614, 0.9036334753036499, 0.0, 385.5615234375], [-0.9036334753036499, -0.42830660939216614, 0.0, 1133.5521240234375], [0.0, 0.0, 1.0, 0.0], [0.0, 0.0, 0.0, 1.0]], "pose_inverse": [[-0.42830660939216614, -0.9036334753036499, 0.0, 1189.4542236328125], [0.9036334753036499, -0.42830660939216614, 0.0, 137.10157775878906], [0.0, 0.0, 1.0, 0.0], [0.0, 0.0, 0.0, 1.0]], "cam_ids": [0, 1, 2, 3, 4, 5], "cam_channels": ["CAM_FRONT_LEFT", "CAM_FRONT", "CAM_FRONT_RIGHT", "CAM_BACK_LEFT", "CAM_BACK", "CAM_BACK_RIGHT"], "token": "2a0819d09573458aa62c4b87b0945fa2", "scene": "scene-0357"}, {"images": ["samples/CAM_FRONT_LEFT/n015-2018-08-02-17-28-51+0800__CAM_FRONT_LEFT__1533202651504844.jpg", "samples/CAM_FRONT/n015-2018-08-02-17-28-51+0800__CAM_FRONT__1533202651512460.jpg", "samples/CAM_FRONT_RIGHT/n015-2018-08-02-17-28-51+0800__CAM_FRONT_RIGHT__1533202651520339.jpg", "samples/CAM_BACK_LEFT/n015-2018-08-02-17-28-51+0800__CAM_BACK_LEFT__1533202651547423.jpg", "samples/CAM_BACK/n015-2018-08-02-17-28-51+0800__CAM_BACK__1533202651537525.jpg", "samples/CAM_BACK_RIGHT/n015-2018-08-02-17-28-51+0800__CAM_BACK_RIGHT__1533202651527893.jpg"], "intrinsics": [[[1272.5979470598488, 0.0, 826.6154927353808], [0.0, 1272.5979470598488, 479.75165386361925], [0.0, 0.0, 1.0]], [[1266.417203046554, 0.0, 816.2670197447984], [0.0, 1266.417203046554, 491.50706579294757], [0.0, 0.0, 1.0]], [[1260.8474446004698, 0.0, 807.968244525554], [0.0, 1260.8474446004698, 495.3344268742088], [0.0, 0.0, 1.0]], [[1256.7414812095406, 0.0, 792.1125740759628], [0.0, 1256.7414812095406, 492.7757465151356], [0.0, 0.0, 1.0]], [[809.2209905677063, 0.0, 829.2196003259838], [0.0, 809.2209905677063, 481.77842384512485], [0.0, 0.0, 1.0]], [[1259.5137405846733, 0.0, 807.2529053838625], [0.0, 1259.5137405846733, 501.19579884916527], [0.0, 0.0, 1.0]]], "extrinsics": [[[0.8208397030830383, -0.5709837675094604, 0.014132456853985786, -0.96502685546875], [0.0005053233471699059, -0.02401747927069664, -0.9997113943099976, 1.5082472562789917], [0.5711584091186523, 0.820609986782074, -0.019425969570875168, -1.28033447265625], [0.0, 0.0, 0.0, 1.0]], [[0.0058222427032887936, -0.9995896220207214, 0.028046341612935066, 0.00506591796875], [-0.004780853632837534, -0.028074320405721664, -0.9995944499969482, 1.5205326080322266], [0.9999716281890869, 0.00568585516884923, -0.004942348692566156, -1.6922607421875], [0.0, 0.0, 0.0, 1.0]], [[-0.8328458666801453, -0.5534795522689819, 0.005302387289702892, 1.0323486328125], [0.0008522017160430551, -0.010861873626708984, -0.9999406337738037, 1.5036436319351196], [0.553504228591919, -0.8327919840812683, 0.009517944417893887, -1.2486572265625], [0.0, 0.0, 0.0, 1.0]], [[0.9477167129516602, 0.3190864622592926, -0.0040885754860937595, -1.14208984375], [0.009563022293150425, -0.04120498523116112, -0.999104917049408, 1.588557243347168], [-0.31896933913230896, 0.9468294382095337, -0.04210209101438522, -0.10369873046875], [0.0, 0.0, 0.0, 1.0]], [[0.002296116203069687, 0.9995095729827881, -0.03123285248875618, 0.0027923583984375], [-0.01586969569325447, -0.031192578375339508, -0.9993873834609985, 1.5793590545654297], [-0.9998713731765747, 0.0027903832960873842, 0.015790287405252457, 0.0018310546875], [0.0, 0.0, 0.0, 1.0]], [[-0.9348131418228149, 0.3545013666152954, -0.02128761261701584, 1.1363525390625], [0.01675012893974781, -0.01586371287703514, -0.9997338652610779, 1.5514507293701172], [-0.3547447621822357, -0.9349209666252136, 0.008891661651432514, -0.06365966796875], [0.0, 0.0, 0.0, 1.0]]], "view": [[0.0, -2.0, 100.0], [-2.0, 0.0, 100.0], [0.0, 0.0, 1.0]], "bev": "bev_ada6f7d91f384a31a24866d5b25885ef.png", "aux": "aux_ada6f7d91f384a31a24866d5b25885ef.npz", "visibility": "visibility_ada6f7d91f384a31a24866d5b25885ef.png", "pose": [[-0.4283134937286377, 0.9036301970481873, 0.0, 385.56146240234375], [-0.9036301970481873, -0.4283134937286377, 0.0, 1133.5521240234375], [0.0, 0.0, 1.0, 0.0], [0.0, 0.0, 0.0, 1.0]], "pose_inverse": [[-0.4283134937286377, -0.9036301970481873, 0.0, 1189.453125], [0.9036301970481873, -0.4283134937286377, 0.0, 137.11068725585938], [0.0, 0.0, 1.0, 0.0], [0.0, 0.0, 0.0, 1.0]], "cam_ids": [0, 1, 2, 3, 4, 5], "cam_channels": ["CAM_FRONT_LEFT", "CAM_FRONT", "CAM_FRONT_RIGHT", "CAM_BACK_LEFT", "CAM_BACK", "CAM_BACK_RIGHT"], "token": "ada6f7d91f384a31a24866d5b25885ef", "scene": "scene-0357"}, {"images": ["samples/CAM_FRONT_LEFT/n015-2018-08-02-17-28-51+0800__CAM_FRONT_LEFT__1533202651904844.jpg", "samples/CAM_FRONT/n015-2018-08-02-17-28-51+0800__CAM_FRONT__1533202651912460.jpg", "samples/CAM_FRONT_RIGHT/n015-2018-08-02-17-28-51+0800__CAM_FRONT_RIGHT__1533202651920339.jpg", "samples/CAM_BACK_LEFT/n015-2018-08-02-17-28-51+0800__CAM_BACK_LEFT__1533202651947423.jpg", "samples/CAM_BACK/n015-2018-08-02-17-28-51+0800__CAM_BACK__1533202651937525.jpg", "samples/CAM_BACK_RIGHT/n015-2018-08-02-17-28-51+0800__CAM_BACK_RIGHT__1533202651927893.jpg"], "intrinsics": [[[1272.5979470598488, 0.0, 826.6154927353808], [0.0, 1272.5979470598488, 479.75165386361925], [0.0, 0.0, 1.0]], [[1266.417203046554, 0.0, 816.2670197447984], [0.0, 1266.417203046554, 491.50706579294757], [0.0, 0.0, 1.0]], [[1260.8474446004698, 0.0, 807.968244525554], [0.0, 1260.8474446004698, 495.3344268742088], [0.0, 0.0, 1.0]], [[1256.7414812095406, 0.0, 792.1125740759628], [0.0, 1256.7414812095406, 492.7757465151356], [0.0, 0.0, 1.0]], [[809.2209905677063, 0.0, 829.2196003259838], [0.0, 809.2209905677063, 481.77842384512485], [0.0, 0.0, 1.0]], [[1259.5137405846733, 0.0, 807.2529053838625], [0.0, 1259.5137405846733, 501.19579884916527], [0.0, 0.0, 1.0]]], "extrinsics": [[[0.8208197951316833, -0.5710095763206482, 0.014240128919482231, -0.96490478515625], [0.0006621513166464865, -0.02397949993610382, -0.9997122287750244, 1.50824773311615], [0.5711867809295654, 0.8205930590629578, -0.019304752349853516, -1.28021240234375], [0.0, 0.0, 0.0, 1.0]], [[0.005791560746729374, -0.9995906352996826, 0.028017142787575722, 0.0050811767578125], [-0.0046205478720366955, -0.028044065460562706, -0.9995960593223572, 1.5205340385437012], [0.9999725222587585, 0.005659797228872776, -0.0047810752876102924, -1.6922607421875], [0.0, 0.0, 0.0, 1.0]], [[-0.8328585624694824, -0.5534618496894836, 0.0051531256176531315, 1.0323486328125], [0.0010162272956222296, -0.010839399881660938, -0.9999407529830933, 1.503644347190857], [0.5534849166870117, -0.8328039646148682, 0.009590130299329758, -1.248779296875], [0.0, 0.0, 0.0, 1.0]], [[0.9477177858352661, 0.31908518075942993, -0.00394778186455369, -1.14208984375], [0.009705002419650555, -0.04118601977825165, -0.999104380607605, 1.588554859161377], [-0.3189620077610016, 0.9468307495117188, -0.04212944209575653, -0.10369873046875], [0.0, 0.0, 0.0, 1.0]], [[0.002309279516339302, 0.9995099306106567, -0.031218938529491425, 0.0028076171875], [-0.015720466151833534, -0.031178880482912064, -0.999390184879303, 1.5793609619140625], [-0.9998738169670105, 0.0027986071072518826, 0.015640759840607643, 0.0018310546875], [0.0, 0.0, 0.0, 1.0]], [[-0.9348040819168091, 0.354516863822937, -0.021424924954771996, 1.1361083984375], [0.016905291005969048, -0.015841389074921608, -0.9997316002845764, 1.5514488220214844], [-0.3547610342502594, -0.9349154829978943, 0.008815385401248932, -0.063720703125], [0.0, 0.0, 0.0, 1.0]]], "view": [[0.0, -2.0, 100.0], [-2.0, 0.0, 100.0], [0.0, 0.0, 1.0]], "bev": "bev_93f353b1954f481da7867741766944a7.png", "aux": "aux_93f353b1954f481da7867741766944a7.npz", "visibility": "visibility_93f353b1954f481da7867741766944a7.png", "pose": [[-0.4283037483692169, 0.9036348462104797, 0.0, 385.5614318847656], [-0.9036348462104797, -0.4283037483692169, 0.0, 1133.5521240234375], [0.0, 0.0, 1.0, 0.0], [0.0, 0.0, 0.0, 1.0]], "pose_inverse": [[-0.4283037483692169, -0.9036348462104797, 0.0, 1189.45458984375], [0.9036348462104797, -0.4283037483692169, 0.0, 137.09788513183594], [0.0, 0.0, 1.0, 0.0], [0.0, 0.0, 0.0, 1.0]], "cam_ids": [0, 1, 2, 3, 4, 5], "cam_channels": ["CAM_FRONT_LEFT", "CAM_FRONT", "CAM_FRONT_RIGHT", "CAM_BACK_LEFT", "CAM_BACK", "CAM_BACK_RIGHT"], "token": "93f353b1954f481da7867741766944a7", "scene": "scene-0357"}, {"images": ["samples/CAM_FRONT_LEFT/n015-2018-08-02-17-28-51+0800__CAM_FRONT_LEFT__1533202652404844.jpg", "samples/CAM_FRONT/n015-2018-08-02-17-28-51+0800__CAM_FRONT__1533202652412460.jpg", "samples/CAM_FRONT_RIGHT/n015-2018-08-02-17-28-51+0800__CAM_FRONT_RIGHT__1533202652420339.jpg", "samples/CAM_BACK_LEFT/n015-2018-08-02-17-28-51+0800__CAM_BACK_LEFT__1533202652447423.jpg", "samples/CAM_BACK/n015-2018-08-02-17-28-51+0800__CAM_BACK__1533202652437525.jpg", "samples/CAM_BACK_RIGHT/n015-2018-08-02-17-28-51+0800__CAM_BACK_RIGHT__1533202652427893.jpg"], "intrinsics": [[[1272.5979470598488, 0.0, 826.6154927353808], [0.0, 1272.5979470598488, 479.75165386361925], [0.0, 0.0, 1.0]], [[1266.417203046554, 0.0, 816.2670197447984], [0.0, 1266.417203046554, 491.50706579294757], [0.0, 0.0, 1.0]], [[1260.8474446004698, 0.0, 807.968244525554], [0.0, 1260.8474446004698, 495.3344268742088], [0.0, 0.0, 1.0]], [[1256.7414812095406, 0.0, 792.1125740759628], [0.0, 1256.7414812095406, 492.7757465151356], [0.0, 0.0, 1.0]], [[809.2209905677063, 0.0, 829.2196003259838], [0.0, 809.2209905677063, 481.77842384512485], [0.0, 0.0, 1.0]], [[1259.5137405846733, 0.0, 807.2529053838625], [0.0, 1259.5137405846733, 501.19579884916527], [0.0, 0.0, 1.0]]], "extrinsics": [[[0.8208315968513489, -0.5709916353225708, 0.014287393540143967, -0.96502685546875], [0.0006532705156132579, -0.0240757018327713, -0.9997099041938782, 1.5082484483718872], [0.5711699724197388, 0.8206027746200562, -0.019389083608984947, -1.28021240234375], [0.0, 0.0, 0.0, 1.0]], [[0.005808430723845959, -0.9995881915092468, 0.028099168092012405, 0.0050811767578125], [-0.004656286910176277, -0.028126375749707222, -0.9995935559272766, 1.5205349922180176], [0.9999722838401794, 0.005675261840224266, -0.004817739594727755, -1.6922607421875], [0.0, 0.0, 0.0, 1.0]], [[-0.8328520059585571, -0.5534709095954895, 0.005242604296654463, 1.0323486328125], [0.000954673916567117, -0.010908236727118492, -0.999940037727356, 1.5036449432373047], [0.553494930267334, -0.8327970504760742, 0.009613334201276302, -1.24871826171875], [0.0, 0.0, 0.0, 1.0]], [[0.947717010974884, 0.31908631324768066, -0.004045816138386726, -1.142333984375], [0.009631234221160412, -0.04127367585897446, -0.999101459980011, 1.5885553359985352], [-0.3189665377140045, 0.9468264579772949, -0.04218895733356476, -0.1037139892578125], [0.0, 0.0, 0.0, 1.0]], [[0.002302787499502301, 0.9995076656341553, -0.03129369765520096, 0.0027923583984375], [-0.015783192589879036, -0.03125355765223503, -0.9993868470191956, 1.5793590545654297], [-0.9998728632926941, 0.0027952759992331266, 0.01570344716310501, 0.0018310546875], [0.0, 0.0, 0.0, 1.0]], [[-0.9348081350326538, 0.35450780391693115, -0.02139735035598278, 1.13623046875], [0.016848791390657425, -0.01591281034052372, -0.9997314214706421, 1.5514488220214844], [-0.3547531068325043, -0.934917688369751, 0.008902397006750107, -0.06365966796875], [0.0, 0.0, 0.0, 1.0]]], "view": [[0.0, -2.0, 100.0], [-2.0, 0.0, 100.0], [0.0, 0.0, 1.0]], "bev": "bev_d0ea234fda7549e99c9069d18ab6d245.png", "aux": "aux_d0ea234fda7549e99c9069d18ab6d245.npz", "visibility": "visibility_d0ea234fda7549e99c9069d18ab6d245.png", "pose": [[-0.42829617857933044, 0.9036384224891663, 0.0, 385.5613708496094], [-0.9036384224891663, -0.42829617857933044, 0.0, 1133.5521240234375], [0.0, 0.0, 1.0, 0.0], [0.0, 0.0, 0.0, 1.0]], "pose_inverse": [[-0.42829617857933044, -0.9036384224891663, 0.0, 1189.4556884765625], [0.9036384224891663, -0.42829617857933044, 0.0, 137.08798217773438], [0.0, 0.0, 1.0, 0.0], [0.0, 0.0, 0.0, 1.0]], "cam_ids": [0, 1, 2, 3, 4, 5], "cam_channels": ["CAM_FRONT_LEFT", "CAM_FRONT", "CAM_FRONT_RIGHT", "CAM_BACK_LEFT", "CAM_BACK", "CAM_BACK_RIGHT"], "token": "d0ea234fda7549e99c9069d18ab6d245", "scene": "scene-0357"}, {"images": ["samples/CAM_FRONT_LEFT/n015-2018-08-02-17-28-51+0800__CAM_FRONT_LEFT__1533202652854851.jpg", "samples/CAM_FRONT/n015-2018-08-02-17-28-51+0800__CAM_FRONT__1533202652862460.jpg", "samples/CAM_FRONT_RIGHT/n015-2018-08-02-17-28-51+0800__CAM_FRONT_RIGHT__1533202652870339.jpg", "samples/CAM_BACK_LEFT/n015-2018-08-02-17-28-51+0800__CAM_BACK_LEFT__1533202652897423.jpg", "samples/CAM_BACK/n015-2018-08-02-17-28-51+0800__CAM_BACK__1533202652887529.jpg", "samples/CAM_BACK_RIGHT/n015-2018-08-02-17-28-51+0800__CAM_BACK_RIGHT__1533202652877893.jpg"], "intrinsics": [[[1272.5979470598488, 0.0, 826.6154927353808], [0.0, 1272.5979470598488, 479.75165386361925], [0.0, 0.0, 1.0]], [[1266.417203046554, 0.0, 816.2670197447984], [0.0, 1266.417203046554, 491.50706579294757], [0.0, 0.0, 1.0]], [[1260.8474446004698, 0.0, 807.968244525554], [0.0, 1260.8474446004698, 495.3344268742088], [0.0, 0.0, 1.0]], [[1256.7414812095406, 0.0, 792.1125740759628], [0.0, 1256.7414812095406, 492.7757465151356], [0.0, 0.0, 1.0]], [[809.2209905677063, 0.0, 829.2196003259838], [0.0, 809.2209905677063, 481.77842384512485], [0.0, 0.0, 1.0]], [[1259.5137405846733, 0.0, 807.2529053838625], [0.0, 1259.5137405846733, 501.19579884916527], [0.0, 0.0, 1.0]]], "extrinsics": [[[0.8208360075950623, -0.5709848403930664, 0.014301625080406666, -0.96490478515625], [0.0004973053000867367, -0.024324962869286537, -0.9997040033340454, 1.508248209953308], [0.5711637139320374, 0.820600152015686, -0.019682854413986206, -1.28021240234375], [0.0, 0.0, 0.0, 1.0]], [[0.0058174729347229, -0.9995813965797424, 0.028340758755803108, 0.00506591796875], [-0.004797875415533781, -0.028368815779685974, -0.9995859861373901, 1.520533561706543], [0.9999715089797974, 0.005679118447005749, -0.004960902500897646, -1.692138671875], [0.0, 0.0, 0.0, 1.0]], [[-0.8328486680984497, -0.553473711013794, 0.005473874509334564, 1.0323486328125], [0.0008326949318870902, -0.011142428033053875, -0.9999375343322754, 1.5036448240280151], [0.5535001158714294, -0.8327920436859131, 0.00974083412438631, -1.24871826171875], [0.0, 0.0, 0.0, 1.0]], [[0.9477158784866333, 0.31908735632896423, -0.004214814864099026, -1.142333984375], [0.009506111033260822, -0.04143097251653671, -0.9990960955619812, 1.5885562896728516], [-0.3189735412597656, 0.9468192458152771, -0.042298074811697006, -0.103668212890625], [0.0, 0.0, 0.0, 1.0]], [[0.002295905025675893, 0.9995017051696777, -0.031481511890888214, 0.0027618408203125], [-0.015909692272543907, -0.0314410999417305, -0.9993789792060852, 1.579355239868164], [-0.9998707175254822, 0.0027953526005148888, 0.015829579904675484, 0.001708984375], [0.0, 0.0, 0.0, 1.0]], [[-0.9348122477531433, 0.3544993996620178, -0.021356668323278427, 1.13623046875], [0.016722586005926132, -0.016130981966853142, -0.9997300505638123, 1.5514507293701172], [-0.3547481894493103, -0.934917151927948, 0.009151294827461243, -0.06365966796875], [0.0, 0.0, 0.0, 1.0]]], "view": [[0.0, -2.0, 100.0], [-2.0, 0.0, 100.0], [0.0, 0.0, 1.0]], "bev": "bev_a805bca13ad241a3a9b9785a1ab8896f.png", "aux": "aux_a805bca13ad241a3a9b9785a1ab8896f.npz", "visibility": "visibility_a805bca13ad241a3a9b9785a1ab8896f.png", "pose": [[-0.4282859265804291, 0.9036432504653931, 0.0, 385.56134033203125], [-0.9036432504653931, -0.4282859265804291, 0.0, 1133.55224609375], [0.0, 0.0, 1.0, 0.0], [0.0, 0.0, 0.0, 1.0]], "pose_inverse": [[-0.4282859265804291, -0.9036432504653931, 0.0, 1189.4573974609375], [0.9036432504653931, -0.4282859265804291, 0.0, 137.07456970214844], [0.0, 0.0, 1.0, 0.0], [0.0, 0.0, 0.0, 1.0]], "cam_ids": [0, 1, 2, 3, 4, 5], "cam_channels": ["CAM_FRONT_LEFT", "CAM_FRONT", "CAM_FRONT_RIGHT", "CAM_BACK_LEFT", "CAM_BACK", "CAM_BACK_RIGHT"], "token": "a805bca13ad241a3a9b9785a1ab8896f", "scene": "scene-0357"}, {"images": ["samples/CAM_FRONT_LEFT/n015-2018-08-02-17-28-51+0800__CAM_FRONT_LEFT__1533202653354844.jpg", "samples/CAM_FRONT/n015-2018-08-02-17-28-51+0800__CAM_FRONT__1533202653362460.jpg", "samples/CAM_FRONT_RIGHT/n015-2018-08-02-17-28-51+0800__CAM_FRONT_RIGHT__1533202653370339.jpg", "samples/CAM_BACK_LEFT/n015-2018-08-02-17-28-51+0800__CAM_BACK_LEFT__1533202653397423.jpg", "samples/CAM_BACK/n015-2018-08-02-17-28-51+0800__CAM_BACK__1533202653387525.jpg", "samples/CAM_BACK_RIGHT/n015-2018-08-02-17-28-51+0800__CAM_BACK_RIGHT__1533202653377893.jpg"], "intrinsics": [[[1272.5979470598488, 0.0, 826.6154927353808], [0.0, 1272.5979470598488, 479.75165386361925], [0.0, 0.0, 1.0]], [[1266.417203046554, 0.0, 816.2670197447984], [0.0, 1266.417203046554, 491.50706579294757], [0.0, 0.0, 1.0]], [[1260.8474446004698, 0.0, 807.968244525554], [0.0, 1260.8474446004698, 495.3344268742088], [0.0, 0.0, 1.0]], [[1256.7414812095406, 0.0, 792.1125740759628], [0.0, 1256.7414812095406, 492.7757465151356], [0.0, 0.0, 1.0]], [[809.2209905677063, 0.0, 829.2196003259838], [0.0, 809.2209905677063, 481.77842384512485], [0.0, 0.0, 1.0]], [[1259.5137405846733, 0.0, 807.2529053838625], [0.0, 1259.5137405846733, 501.19579884916527], [0.0, 0.0, 1.0]]], "extrinsics": [[[0.8208498954772949, -0.5709654092788696, 0.014283975586295128, -0.9649658203125], [0.0005415190826170146, -0.02423136867582798, -0.9997062683105469, 1.50824773311615], [0.5711438059806824, 0.8206164836883545, -0.019581126049160957, -1.2801513671875], [0.0, 0.0, 0.0, 1.0]], [[0.005835211370140314, -0.9995836019515991, 0.02825925499200821, 0.0050506591796875], [-0.004746565129607916, -0.02828710526227951, -0.9995885491371155, 1.520533561706543], [0.9999718070030212, 0.005698694847524166, -0.004909650422632694, -1.6922607421875], [0.0, 0.0, 0.0, 1.0]], [[-0.832840621471405, -0.5534865260124207, 0.0053935060277581215, 1.0323486328125], [0.0008838291396386921, -0.011073912493884563, -0.9999382495880127, 1.503644585609436], [0.5535120964050293, -0.8327845335006714, 0.009711993858218193, -1.248779296875], [0.0, 0.0, 0.0, 1.0]], [[0.9477145075798035, 0.319092720746994, -0.004128593020141125, -1.14208984375], [0.009586187079548836, -0.041398096829652786, -0.999096691608429, 1.588557243347168], [-0.31897541880607605, 0.946819007396698, -0.042292460799217224, -0.1036834716796875], [0.0, 0.0, 0.0, 1.