[{"images": ["samples/CAM_FRONT_LEFT/n008-2018-09-18-12-07-26-0400__CAM_FRONT_LEFT__1537287004504799.jpg", "samples/CAM_FRONT/n008-2018-09-18-12-07-26-0400__CAM_FRONT__1537287004512404.jpg", "samples/CAM_FRONT_RIGHT/n008-2018-09-18-12-07-26-0400__CAM_FRONT_RIGHT__1537287004520482.jpg", "samples/CAM_BACK_LEFT/n008-2018-09-18-12-07-26-0400__CAM_BACK_LEFT__1537287004547405.jpg", "samples/CAM_BACK/n008-2018-09-18-12-07-26-0400__CAM_BACK__1537287004537558.jpg", "samples/CAM_BACK_RIGHT/n008-2018-09-18-12-07-26-0400__CAM_BACK_RIGHT__1537287004528113.jpg"], "intrinsics": [[[1257.8625342125129, 0.0, 827.2410631095686], [0.0, 1257.8625342125129, 450.915498205774], [0.0, 0.0, 1.0]], [[1252.8131021185304, 0.0, 826.588114781398], [0.0, 1252.8131021185304, 469.9846626224581], [0.0, 0.0, 1.0]], [[1256.7485116440405, 0.0, 817.7887570959712], [0.0, 1256.7485116440403, 451.9541780095127], [0.0, 0.0, 1.0]], [[1254.9860565800168, 0.0, 829.5769333630991], [0.0, 1254.9860565800168, 467.1680561863987], [0.0, 0.0, 1.0]], [[796.8910634503094, 0.0, 857.7774326863696], [0.0, 796.8910634503094, 476.8848988407415], [0.0, 0.0, 1.0]], [[1249.9629280788233, 0.0, 825.3768045375984], [0.0, 1249.9629280788233, 462.54816385708756], [0.0, 0.0, 1.0]]], "extrinsics": [[[0.8231404423713684, -0.5677205920219421, 0.011548249050974846, -0.9012451171875], [0.008490766398608685, -0.008029243908822536, -0.9999316930770874, 1.4893665313720703], [0.5677745342254639, 0.8231821656227112, -0.0017888140864670277, -1.2625732421875], [0.0, 0.0, 0.0, 1.0]], [[0.01115786749869585, -0.9998616576194763, 0.012335903942584991, 0.00701904296875], [0.01055099442601204, -0.012218261137604713, -0.999869704246521, 1.4812746047973633], [0.9998820424079895, 0.011286569759249687, 0.010413204319775105, -1.6302490234375], [0.0, 0.0, 0.0, 1.0]], [[-0.8435683846473694, -0.5370028614997864, -0.00449723843485117, 1.021240234375], [0.018686002120375633, -0.02098211646080017, -0.9996052384376526, 1.4946212768554688], [0.5366964936256409, -0.8433194160461426, 0.027734288945794106, -1.2330322265625], [0.0, 0.0, 0.0, 1.0]], [[0.9478567838668823, 0.31859490275382996, -0.008046485483646393, -1.1351318359375], [-0.0064224558882415295, -0.00614761421456933, -0.9999604821205139, 1.5619850158691406], [-0.3186318278312683, 0.9478710293769836, -0.0037808946799486876, -0.1591644287109375], [0.0, 0.0, 0.0, 1.0]], [[0.00886849407106638, 0.9998683929443359, -0.013588533736765385, -0.0286865234375], [-0.004395931493490934, -0.013549953699111938, -0.9998984932899475, 1.567901611328125], [-0.9999510645866394, 0.008927338756620884, 0.004275184124708176, 0.00830078125], [0.0, 0.0, 0.0, 1.0]], [[-0.9239312410354614, 0.38231709599494934, -0.013589220121502876, 1.1036376953125], [-0.00025720210396684706, -0.03614271804690361, -0.9993465542793274, 1.5478057861328125], [-0.3825584352016449, -0.9233241081237793, 0.033491719514131546, -0.067138671875], [0.0, 0.0, 0.0, 1.0]]], "view": [[0.0, -2.0, 100.0], [-2.0, 0.0, 100.0], [0.0, 0.0, 1.0]], "bev": "bev_7808ba29dac84b84b6917b78482721aa.png", "aux": "aux_7808ba29dac84b84b6917b78482721aa.npz", "visibility": "visibility_7808ba29dac84b84b6917b78482721aa.png", "pose": [[0.9946231842041016, -0.10356029123067856, 0.0, 1736.703369140625], [0.10356029123067856, 0.9946231842041016, 0.0, 864.6292724609375], [0.0, 0.0, 1.0, 0.0], [0.0, 0.0, 0.0, 1.0]], "pose_inverse": [[0.9946231842041016, 0.10356029123067856, 0.0, -1816.90673828125], [-0.10356029123067856, 0.9946231842041016, 0.0, -680.1268310546875], [0.0, 0.0, 1.0, 0.0], [0.0, 0.0, 0.0, 1.0]], "cam_ids": [0, 1, 2, 3, 4, 5], "cam_channels": ["CAM_FRONT_LEFT", "CAM_FRONT", "CAM_FRONT_RIGHT", "CAM_BACK_LEFT", "CAM_BACK", "CAM_BACK_RIGHT"], "token": "7808ba29dac84b84b6917b78482721aa", "scene": "scene-0443"}, {"images": ["samples/CAM_FRONT_LEFT/n008-2018-09-18-12-07-26-0400__CAM_FRONT_LEFT__1537287005004799.jpg", "samples/CAM_FRONT/n008-2018-09-18-12-07-26-0400__CAM_FRONT__1537287005012404.jpg", "samples/CAM_FRONT_RIGHT/n008-2018-09-18-12-07-26-0400__CAM_FRONT_RIGHT__1537287005020482.jpg", "samples/CAM_BACK_LEFT/n008-2018-09-18-12-07-26-0400__CAM_BACK_LEFT__1537287005047405.jpg", "samples/CAM_BACK/n008-2018-09-18-12-07-26-0400__CAM_BACK__1537287005037558.jpg", "samples/CAM_BACK_RIGHT/n008-2018-09-18-12-07-26-0400__CAM_BACK_RIGHT__1537287005028113.jpg"], "intrinsics": [[[1257.8625342125129, 0.0, 827.2410631095686], [0.0, 1257.8625342125129, 450.915498205774], [0.0, 0.0, 1.0]], [[1252.8131021185304, 0.0, 826.588114781398], [0.0, 1252.8131021185304, 469.9846626224581], [0.0, 0.0, 1.0]], [[1256.7485116440405, 0.0, 817.7887570959712], [0.0, 1256.7485116440403, 451.9541780095127], [0.0, 0.0, 1.0]], [[1254.9860565800168, 0.0, 829.5769333630991], [0.0, 1254.9860565800168, 467.1680561863987], [0.0, 0.0, 1.0]], [[796.8910634503094, 0.0, 857.7774326863696], [0.0, 796.8910634503094, 476.8848988407415], [0.0, 0.0, 1.0]], [[1249.9629280788233, 0.0, 825.3768045375984], [0.0, 1249.9629280788233, 462.54816385708756], [0.0, 0.0, 1.0]]], "extrinsics": [[[0.8227367997169495, -0.5683008432388306, 0.011762585490942001, -0.9053955078125], [0.007137967739254236, -0.010362443514168262, -0.9999207854270935, 1.4891624450683594], [0.5683777332305908, 0.8227556347846985, -0.004469053354114294, -1.2650146484375], [0.0, 0.0, 0.0, 1.0]], [[0.01051794458180666, -0.999837338924408, 0.014653051272034645, 0.0067138671875], [0.009243172593414783, -0.014556021429598331, -0.9998513460159302, 1.4810972213745117], [0.9999018907546997, 0.01065183337777853, 0.00908857025206089, -1.63427734375], [0.0, 0.0, 0.0, 1.0]], [[-0.8438683152198792, -0.5365458130836487, -0.002189328195527196, 1.0238037109375], [0.01742495223879814, -0.0233269315212965, -0.9995760321617126, 1.494450569152832], [0.5362672805786133, -0.8435487151145935, 0.029034145176410675, -1.234893798828125], [0.0, 0.0, 0.0, 1.0]], [[0.9478671550750732, 0.31851643323898315, -0.009757169522345066, -1.1358642578125], [-0.007431803736835718, -0.008515053428709507, -0.9999361634254456, 1.5619792938232422], [-0.31857919692993164, 0.9478790760040283, -0.005703985691070557, -0.1587371826171875], [0.0, 0.0, 0.0, 1.0]], [[0.00912388227880001, 0.999830961227417, -0.015958840027451515, -0.02862548828125], [-0.005514722783118486, -0.015908950939774513, -0.9998582005500793, 1.5678730010986328], [-0.9999432563781738, 0.009210589341819286, 0.005368639249354601, 0.010009765625], [0.0, 0.0, 0.0, 1.0]], [[-0.9237838983535767, 0.3826807737350464, -0.013368431478738785, 1.10595703125], [-0.001481059705838561, -0.038482971489429474, -0.9992581605911255, 1.5477275848388672], [-0.3829112648963928, -0.9230787754058838, 0.03611672297120094, -0.0662841796875], [0.0, 0.0, 0.0, 1.0]]], "view": [[0.0, -2.0, 100.0], [-2.0, 0.0, 100.0], [0.0, 0.0, 1.0]], "bev": "bev_7006ae169c6a45eabb9ce023ec168d61.png", "aux": "aux_7006ae169c6a45eabb9ce023ec168d61.npz", "visibility": "visibility_7006ae169c6a45eabb9ce023ec168d61.png", "pose": [[0.9957416653633118, -0.09218744188547134, 0.0, 1738.014892578125], [0.09218744188547134, 0.9957416653633118, 0.0, 864.7517700195312], [0.0, 0.0, 1.0, 0.0], [0.0, 0.0, 0.0, 1.0]], "pose_inverse": [[0.9957416653633118, 0.09218744188547134, 0.0, -1810.3331298828125], [-0.09218744188547134, 0.9957416653633118, 0.0, -700.84619140625], [0.0, 0.0, 1.0, 0.0], [0.0, 0.0, 0.0, 1.0]], "cam_ids": [0, 1, 2, 3, 4, 5], "cam_channels": ["CAM_FRONT_LEFT", "CAM_FRONT", "CAM_FRONT_RIGHT", "CAM_BACK_LEFT", "CAM_BACK", "CAM_BACK_RIGHT"], "token": "7006ae169c6a45eabb9ce023ec168d61", "scene": "scene-0443"}, {"images": ["samples/CAM_FRONT_LEFT/n008-2018-09-18-12-07-26-0400__CAM_FRONT_LEFT__1537287005504799.jpg", "samples/CAM_FRONT/n008-2018-09-18-12-07-26-0400__CAM_FRONT__1537287005512404.jpg", "samples/CAM_FRONT_RIGHT/n008-2018-09-18-12-07-26-0400__CAM_FRONT_RIGHT__1537287005520482.jpg", "samples/CAM_BACK_LEFT/n008-2018-09-18-12-07-26-0400__CAM_BACK_LEFT__1537287005547405.jpg", "samples/CAM_BACK/n008-2018-09-18-12-07-26-0400__CAM_BACK__1537287005537558.jpg", "samples/CAM_BACK_RIGHT/n008-2018-09-18-12-07-26-0400__CAM_BACK_RIGHT__1537287005528113.jpg"], "intrinsics": [[[1257.8625342125129, 0.0, 827.2410631095686], [0.0, 1257.8625342125129, 450.915498205774], [0.0, 0.0, 1.0]], [[1252.8131021185304, 0.0, 826.588114781398], [0.0, 1252.8131021185304, 469.9846626224581], [0.0, 0.0, 1.0]], [[1256.7485116440405, 0.0, 817.7887570959712], [0.0, 1256.7485116440403, 451.9541780095127], [0.0, 0.0, 1.0]], [[1254.9860565800168, 0.0, 829.5769333630991], [0.0, 1254.9860565800168, 467.1680561863987], [0.0, 0.0, 1.0]], [[796.8910634503094, 0.0, 857.7774326863696], [0.0, 796.8910634503094, 476.8848988407415], [0.0, 0.0, 1.0]], [[1249.9629280788233, 0.0, 825.3768045375984], [0.0, 1249.9629280788233, 462.54816385708756], [0.0, 0.0, 1.0]]], "extrinsics": [[[0.8228427767753601, -0.5681968331336975, 0.00906694121658802, -0.906494140625], [0.006547831930220127, -0.006474376656115055, -0.9999576210975647, 1.489079475402832], [0.5682314038276672, 0.8228672742843628, -0.00160693796351552, -1.265869140625], [0.0, 0.0, 0.0, 1.0]], [[0.010678875260055065, -0.9998854994773865, 0.01071887370198965, 0.00665283203125], [0.008512904867529869, -0.010628188960254192, -0.9999073147773743, 1.4810247421264648], [0.9999068379402161, 0.010769120417535305, 0.008398432284593582, -1.634033203125], [0.0, 0.0, 0.0, 1.0]], [[-0.8438055515289307, -0.5366371273994446, -0.0035752218682318926, 1.023193359375], [0.01654619351029396, -0.019357038661837578, -0.9996756911277771, 1.4944000244140625], [0.5363938808441162, -0.8435910940170288, 0.025212880223989487, -1.23468017578125], [0.0, 0.0, 0.0, 1.0]], [[0.9478673338890076, 0.31851527094841003, -0.009782117791473866, -1.13623046875], [-0.008851380087435246, -0.0043693603947758675, -0.9999512434005737, 1.5619697570800781], [-0.3185425400733948, 0.9479076266288757, -0.0013222715351730585, -0.15869140625], [0.0, 0.0, 0.0, 1.0]], [[0.009063695557415485, 0.9998883605003357, -0.011883539147675037, -0.028564453125], [-0.0067415786907076836, -0.01182265393435955, -0.999907374382019, 1.5678291320800781], [-0.9999362826347351, 0.00914297066628933, 0.006633668206632137, 0.009765625], [0.0, 0.0, 0.0, 1.0]], [[-0.9238305687904358, 0.38264793157577515, -0.010851938277482986, 1.105712890625], [-0.0025379229336977005, -0.03447050228714943, -0.9994025230407715, 1.5476627349853516], [-0.38279327750205994, -0.9232509732246399, 0.03281603381037712, -0.06640625], [0.0, 0.0, 0.0, 1.0]]], "view": [[0.0, -2.0, 100.0], [-2.0, 0.0, 100.0], [0.0, 0.0, 1.0]], "bev": "bev_b0a11c21a0df4b35b1cbd474fdbd9f1f.png", "aux": "aux_b0a11c21a0df4b35b1cbd474fdbd9f1f.npz", "visibility": "visibility_b0a11c21a0df4b35b1cbd474fdbd9f1f.png", "pose": [[0.996108889579773, -0.08813130855560303, 0.0, 1739.30615234375], [0.08813130855560303, 0.996108889579773, 0.0, 864.8648071289062], [0.0, 0.0, 1.0, 0.0], [0.0, 0.0, 0.0, 1.0]], "pose_inverse": [[0.996108889579773, 0.08813130855560303, 0.0, -1808.7598876953125], [-0.08813130855560303, 0.996108889579773, 0.0, -708.212158203125], [0.0, 0.0, 1.0, 0.0], [0.0, 0.0, 0.0, 1.0]], "cam_ids": [0, 1, 2, 3, 4, 5], "cam_channels": ["CAM_FRONT_LEFT", "CAM_FRONT", "CAM_FRONT_RIGHT", "CAM_BACK_LEFT", "CAM_BACK", "CAM_BACK_RIGHT"], "token": "b0a11c21a0df4b35b1cbd474fdbd9f1f", "scene": "scene-0443"}, {"images": ["samples/CAM_FRONT_LEFT/n008-2018-09-18-12-07-26-0400__CAM_FRONT_LEFT__1537287006004799.jpg", "samples/CAM_FRONT/n008-2018-09-18-12-07-26-0400__CAM_FRONT__1537287006012404.jpg", "samples/CAM_FRONT_RIGHT/n008-2018-09-18-12-07-26-0400__CAM_FRONT_RIGHT__1537287006020482.jpg", "samples/CAM_BACK_LEFT/n008-2018-09-18-12-07-26-0400__CAM_BACK_LEFT__1537287006047405.jpg", "samples/CAM_BACK/n008-2018-09-18-12-07-26-0400__CAM_BACK__1537287006037558.jpg", "samples/CAM_BACK_RIGHT/n008-2018-09-18-12-07-26-0400__CAM_BACK_RIGHT__1537287006028113.jpg"], "intrinsics": [[[1257.8625342125129, 0.0, 827.2410631095686], [0.0, 1257.8625342125129, 450.915498205774], [0.0, 0.0, 1.0]], [[1252.8131021185304, 0.0, 826.588114781398], [0.0, 1252.8131021185304, 469.9846626224581], [0.0, 0.0, 1.0]], [[1256.7485116440405, 0.0, 817.7887570959712], [0.0, 1256.7485116440403, 451.9541780095127], [0.0, 0.0, 1.0]], [[1254.9860565800168, 0.0, 829.5769333630991], [0.0, 1254.9860565800168, 467.1680561863987], [0.0, 0.0, 1.0]], [[796.8910634503094, 0.0, 857.7774326863696], [0.0, 796.8910634503094, 476.8848988407415], [0.0, 0.0, 1.0]], [[1249.9629280788233, 0.0, 825.3768045375984], [0.0, 1249.9629280788233, 462.54816385708756], [0.0, 0.0, 1.0]]], "extrinsics": [[[0.8228857517242432, -0.5681225061416626, 0.009789863601326942, -0.910888671875], [0.008259757421910763, -0.005267449654638767, -0.9999520182609558, 1.4892377853393555], [0.5681467652320862, 0.8229271173477173, 0.00035804457729682326, -1.26904296875], [0.0, 0.0, 0.0, 1.0]], [[0.01078202947974205, -0.9998967051506042, 0.009498732164502144, 0.00689697265625], [0.010170158930122852, -0.009389135986566544, -0.9999041557312012, 1.4811439514160156], [0.999890148639679, 0.010877611115574837, 0.010067874565720558, -1.638916015625], [0.0, 0.0, 0.0, 1.0]], [[-0.8437350988388062, -0.5367303490638733, -0.00560583034530282, 1.027099609375], [0.018145468086004257, -0.01808352768421173, -0.9996717572212219, 1.4944477081298828], [0.5364528894424438, -0.843559980392456, 0.024996934458613396, -1.23681640625], [0.0, 0.0, 0.0, 1.0]], [[0.9478649497032166, 0.31857267022132874, -0.007963207550346851, -1.1368408203125], [-0.00738934800028801, -0.0030098259449005127, -0.9999681711196899, 1.5619916915893555], [-0.3185864984989166, 0.9478936195373535, -0.0004988641012459993, -0.15847015380859375], [0.0, 0.0, 0.0, 1.0]], [[0.009013061411678791, 0.9999037384986877, -0.010548614896833897, -0.0286865234375], [-0.005256537813693285, -0.010501517914235592, -0.9999310374259949, 1.567892074584961], [-0.9999455809593201, 0.009067906066775322, 0.005161380860954523, 0.011962890625], [0.0, 0.0, 0.0, 1.0]], [[-0.9238489866256714, 0.3825753629207611, -0.011792262084782124, 1.1085205078125], [-0.0009776183869689703, -0.03316716477274895, -0.9994493126869202, 1.5477657318115234], [-0.3827557861804962, -0.9233287572860718, 0.031015466898679733, -0.0650634765625], [0.0, 0.0, 0.0, 1.0]]], "view": [[0.0, -2.0, 100.0], [-2.0, 0.0, 100.0], [0.0, 0.0, 1.0]], "bev": "bev_e59fd5e1486e42c1955762e966a7b149.png", "aux": "aux_e59fd5e1486e42c1955762e966a7b149.npz", "visibility": "visibility_e59fd5e1486e42c1955762e966a7b149.png", "pose": [[0.9965469241142273, -0.08303114771842957, 0.0, 1740.5804443359375], [0.08303114771842957, 0.9965469241142273, 0.0, 864.9667358398438], [0.0, 0.0, 1.0, 0.0], [0.0, 0.0, 0.0, 1.0]], "pose_inverse": [[0.9965469241142273, 0.08303114771842957, 0.0, -1806.3892822265625], [-0.08303114771842957, 0.9965469241142273, 0.0, -717.4575805664062], [0.0, 0.0, 1.0, 0.0], [0.0, 0.0, 0.0, 1.0]], "cam_ids": [0, 1, 2, 3, 4, 5], "cam_channels": ["CAM_FRONT_LEFT", "CAM_FRONT", "CAM_FRONT_RIGHT", "CAM_BACK_LEFT", "CAM_BACK", "CAM_BACK_RIGHT"], "token": "e59fd5e1486e42c1955762e966a7b149", "scene": "scene-0443"}, {"images": ["samples/CAM_FRONT_LEFT/n008-2018-09-18-12-07-26-0400__CAM_FRONT_LEFT__1537287006404799.jpg", "samples/CAM_FRONT/n008-2018-09-18-12-07-26-0400__CAM_FRONT__1537287006412404.jpg", "samples/CAM_FRONT_RIGHT/n008-2018-09-18-12-07-26-0400__CAM_FRONT_RIGHT__1537287006420482.jpg", "samples/CAM_BACK_LEFT/n008-2018-09-18-12-07-26-0400__CAM_BACK_LEFT__1537287006447405.jpg", "samples/CAM_BACK/n008-2018-09-18-12-07-26-0400__CAM_BACK__1537287006437558.jpg", "samples/CAM_BACK_RIGHT/n008-2018-09-18-12-07-26-0400__CAM_BACK_RIGHT__1537287006428113.jpg"], "intrinsics": [[[1257.8625342125129, 0.0, 827.2410631095686], [0.0, 1257.8625342125129, 450.915498205774], [0.0, 0.0, 1.0]], [[1252.8131021185304, 0.0, 826.588114781398], [0.0, 1252.8131021185304, 469.9846626224581], [0.0, 0.0, 1.0]], [[1256.7485116440405, 0.0, 817.7887570959712], [0.0, 1256.7485116440403, 451.9541780095127], [0.0, 0.0, 1.0]], [[1254.9860565800168, 0.0, 829.5769333630991], [0.0, 1254.9860565800168, 467.1680561863987], [0.0, 0.0, 1.0]], [[796.8910634503094, 0.0, 857.7774326863696], [0.0, 796.8910634503094, 476.8848988407415], [0.0, 0.0, 1.0]], [[1249.9629280788233, 0.0, 825.3768045375984], [0.0, 1249.9629280788233, 462.54816385708756], [0.0, 0.0, 1.0]]], "extrinsics": [[[0.8227720856666565, -0.5682823657989502, 0.010059083811938763, -0.9091796875], [0.007375728338956833, -0.0070211878046393394, -0.9999481439590454, 1.4891548156738281], [0.56832355260849, 0.8228036165237427, -0.001585343386977911, -1.2677001953125], [0.0, 0.0, 0.0, 1.0]], [[0.010583954863250256, -0.9998810291290283, 0.011212790384888649, 0.0068359375], [0.00928826630115509, -0.011114628054201603, -0.9998950958251953, 1.4810657501220703], [0.999900758266449, 0.010686992667615414, 0.00916952546685934, -1.6385498046875], [0.0, 0.0, 0.0, 1.0]], [[-0.8438373804092407, -0.5365843772888184, -0.003957252949476242, 1.02685546875], [0.01726553402841091, -0.01977958157658577, -0.9996552467346191, 1.4943809509277344], [0.5363211035728455, -0.8436148166656494, 0.025955164805054665, -1.23675537109375], [0.0, 0.0, 0.0, 1.0]], [[0.9478698372840881, 0.3185250461101532, -0.009202894754707813, -1.136962890625], [-0.00817720778286457, -0.004557143431156874, -0.9999561309814453, 1.5619850158691406], [-0.31855303049087524, 0.9479035139083862, -0.0017149329651147127, -0.15838623046875], [0.0, 0.0, 0.0, 1.0]], [[0.009092171676456928, 0.9998849034309387, -0.012145144864916801, -0.02862548828125], [-0.006027073599398136, -0.01209062896668911, -0.9999086856842041, 1.5678691864013672], [-0.9999405145645142, 0.009164546616375446, 0.005916449707001448, 0.0123291015625], [0.0, 0.0, 0.0, 1.0]], [[-0.9238051772117615, 0.3826858401298523, -0.01163553074002266, 1.1087646484375], [-0.0018386006122455, -0.034824810922145844, -0.9993917346000671, 1.5477180480957031], [-0.38285818696022034, -0.9232218861579895, 0.032874953001737595, -0.0650634765625], [0.0, 0.0, 0.0, 1.0]]], "view": [[0.0, -2.0, 100.0], [-2.0, 0.0, 100.0], [0.0, 0.0, 1.0]], "bev": "bev_f2a870fc333440dda0920c1e449092ef.png", "aux": "aux_f2a870fc333440dda0920c1e449092ef.npz", "visibility": "visibility_f2a870fc333440dda0920c1e449092ef.png", "pose": [[0.9968506097793579, -0.07930197566747665, 0.0, 1741.621337890625], [0.07930197566747665, 0.9968506097793579, 0.0, 865.0479125976562], [0.0, 0.0, 1.0, 0.0], [0.0, 0.0, 0.0, 1.0]], "pose_inverse": [[0.9968506097793579, 0.07930197566747665, 0.0, -1804.736328125], [-0.07930197566747665, 0.9968506097793579, 0.0, -724.2095336914062], [0.0, 0.0, 1.0, 0.0], [0.0, 0.0, 0.0, 1.0]], "cam_ids": [0, 1, 2, 3, 4, 5], "cam_channels": ["CAM_FRONT_LEFT", "CAM_FRONT", "CAM_FRONT_RIGHT", "CAM_BACK_LEFT", "CAM_BACK", "CAM_BACK_RIGHT"], "token": "f2a870fc333440dda0920c1e449092ef", "scene": "scene-0443"}, {"images": ["samples/CAM_FRONT_LEFT/n008-2018-09-18-12-07-26-0400__CAM_FRONT_LEFT__1537287006904799.jpg", "samples/CAM_FRONT/n008-2018-09-18-12-07-26-0400__CAM_FRONT__1537287006912423.jpg", "samples/CAM_FRONT_RIGHT/n008-2018-09-18-12-07-26-0400__CAM_FRONT_RIGHT__1537287006920482.jpg", "samples/CAM_BACK_LEFT/n008-2018-09-18-12-07-26-0400__CAM_BACK_LEFT__1537287006947405.jpg", "samples/CAM_BACK/n008-2018-09-18-12-07-26-0400__CAM_BACK__1537287006937558.jpg", "samples/CAM_BACK_RIGHT/n008-2018-09-18-12-07-26-0400__CAM_BACK_RIGHT__1537287006928113.jpg"], "intrinsics": [[[1257.8625342125129, 0.0, 827.2410631095686], [0.0, 1257.8625342125129, 450.915498205774], [0.0, 0.0, 1.0]], [[1252.8131021185304, 0.0, 826.588114781398], [0.0, 1252.8131021185304, 469.9846626224581], [0.0, 0.0, 1.0]], [[1256.7485116440405, 0.0, 817.7887570959712], [0.0, 1256.7485116440403, 451.9541780095127], [0.0, 0.0, 1.0]], [[1254.9860565800168, 0.0, 829.5769333630991], [0.0, 1254.9860565800168, 467.1680561863987], [0.0, 0.0, 1.0]], [[796.8910634503094, 0.0, 857.7774326863696], [0.0, 796.8910634503094, 476.8848988407415], [0.0, 0.0, 1.0]], [[1249.9629280788233, 0.0, 825.3768045375984], [0.0, 1249.9629280788233, 462.54816385708756], [0.0, 0.0, 1.0]]], "extrinsics": [[[0.8225908279418945, -0.5685539245605469, 0.009533209726214409, -0.905517578125], [0.007161471992731094, -0.0064053889364004135, -0.9999538660049438, 1.4891624450683594], [0.5685887336730957, 0.8226211071014404, -0.0011973325163125992, -1.264892578125], [0.0, 0.0, 0.0, 1.0]], [[0.010325473733246326, -0.9998903870582581, 0.010606968775391579, 0.00665283203125], [0.00911483820527792, -0.01051297876983881, -0.9999032020568848, 1.4810867309570312], [0.9999051094055176, 0.010421152226626873, 0.009005287662148476, -1.6341552734375], [0.0, 0.0, 0.0, 1.0]], [[-0.8439452052116394, -0.5364131331443787, -0.004166489467024803, 1.0238037109375], [0.017135098576545715, -0.019194114953279495, -0.9996689558029175, 1.4944343566894531], [0.5361555218696594, -0.8437373042106628, 0.025390278548002243, -1.235076904296875], [0.0, 0.0, 0.0, 1.0]], [[0.9478731155395508, 0.31852102279663086, -0.008997952565550804, -1.1370849609375], [-0.008154688403010368, -0.003980811685323715, -0.9999588131904602, 1.5619869232177734], [-0.3185437023639679, 0.9479074478149414, -0.0011758641339838505, -0.158355712890625], [0.0, 0.0, 0.0, 1.0]], [[0.0091776167973876, 0.9998909831047058, -0.011573155410587788, -0.02862548828125], [-0.006037749350070953, -0.011518020182847977, -0.9999154210090637, 1.567861557006836], [-0.9999396800994873, 0.009246709756553173, 0.005931382533162832, 0.010986328125], [0.0, 0.0, 0.0, 1.0]], [[-0.9237487316131592, 0.38283005356788635, -0.011380228213965893, 1.106201171875], [-0.0018817920936271548, -0.03424975275993347, -0.9994115233421326, 1.5477066040039062], [-0.38299447298049927, -0.9231836795806885, 0.032358571887016296, -0.066162109375], [0.0, 0.0, 0.0, 1.0]]], "view": [[0.0, -2.0, 100.0], [-2.0, 0.0, 100.0], [0.0, 0.0, 1.0]], "bev": "bev_5e33f3e4a2b348c39bcac9a94f7a7a28.png", "aux": "aux_5e33f3e4a2b348c39bcac9a94f7a7a28.npz", "visibility": "visibility_5e33f3e4a2b348c39bcac9a94f7a7a28.png", "pose": [[0.9970290660858154, -0.07702627778053284, 0.0, 1742.9410400390625], [0.07702627778053284, 0.9970290660858154, 0.0, 865.1438598632812], [0.0, 0.0, 1.0, 0.0], [0.0, 0.0, 0.0, 1.0]], "pose_inverse": [[0.9970290660858154, 0.07702627778053284, 0.0, -1804.4017333984375], [-0.07702627778053284, 0.9970290660858154, 0.0, -728.3212890625], [0.0, 0.0, 1.0, 0.0], [0.0, 0.0, 0.0, 1.0]], "cam_ids": [0, 1, 2, 3, 4, 5], "cam_channels": ["CAM_FRONT_LEFT", "CAM_FRONT", "CAM_FRONT_RIGHT", "CAM_BACK_LEFT", "CAM_BACK", "CAM_BACK_RIGHT"], "token": "5e33f3e4a2b348c39bcac9a94f7a7a28", "scene": "scene-0443"}, {"images": ["samples/CAM_FRONT_LEFT/n008-2018-09-18-12-07-26-0400__CAM_FRONT_LEFT__1537287007404799.jpg", "samples/CAM_FRONT/n008-2018-09-18-12-07-26-0400__CAM_FRONT__1537287007412404.jpg", "samples/CAM_FRONT_RIGHT/n008-2018-09-18-12-07-26-0400__CAM_FRONT_RIGHT__1537287007420482.jpg", "samples/CAM_BACK_LEFT/n008-2018-09-18-12-07-26-0400__CAM_BACK_LEFT__1537287007447405.jpg", "samples/CAM_BACK/n008-2018-09-18-12-07-26-0400__CAM_BACK__1537287007437558.jpg", "samples/CAM_BACK_RIGHT/n008-2018-09-18-12-07-26-0400__CAM_BACK_RIGHT__1537287007428113.jpg"], "intrinsics": [[[1257.8625342125129, 0.0, 827.2410631095686], [0.0, 1257.8625342125129, 450.915498205774], [0.0, 0.0, 1.0]], [[1252.8131021185304, 0.0, 826.588114781398], [0.0, 1252.8131021185304, 469.9846626224581], [0.0, 0.0, 1.0]], [[1256.7485116440405, 0.0, 817.7887570959712], [0.0, 1256.7485116440403, 451.9541780095127], [0.0, 0.0, 1.0]], [[1254.9860565800168, 0.0, 829.5769333630991], [0.0, 1254.9860565800168, 467.1680561863987], [0.0, 0.0, 1.0]], [[796.8910634503094, 0.0, 857.7774326863696], [0.0, 796.8910634503094, 476.8848988407415], [0.0, 0.0, 1.0]], [[1249.9629280788233, 0.0, 825.3768045375984], [0.0, 1249.9629280788233, 462.54816385708756], [0.0, 0.0, 1.0]]], "extrinsics": [[[0.8225225210189819, -0.5686798691749573, 0.007745524402707815, -0.907958984375], [0.0048103430308401585, -0.006662180181592703, -0.9999662637710571, 1.4888660907745361], [0.5687122941017151, 0.8225319981575012, -0.0027442481368780136, -1.2672119140625], [0.0, 0.0, 0.0, 1.0]], [[0.010239164344966412, -0.9998883008956909, 0.010888257995247841, 0.00701904296875], [0.0068053193390369415, -0.010818897746503353, -0.9999183416366577, 1.4808454513549805], [0.9999244213104248, 0.010312420316040516, 0.00669378275051713, -1.6361083984375], [0.0, 0.0, 0.0, 1.0]], [[-0.8439967632293701, -0.5363443493843079, -0.0020638713613152504, 1.0250244140625], [0.01486991997808218, -0.019552579149603844, -0.9996982216835022, 1.494246482849121], [0.5361422300338745, -0.843772828578949, 0.024477709084749222, -1.235137939453125], [0.0, 0.0, 0.0, 1.0]], [[0.9478674530982971, 0.3184574246406555, -0.011497901752591133, -1.1378173828125], [-0.01058737188577652, -0.0045899758115410805, -0.9999334216117859, 1.5619754791259766], [-0.3184889853000641, 0.9479261040687561, -0.0009790624026209116, -0.158111572265625], [0.0, 0.0, 0.0, 1.0]], [[0.00921643991023302, 0.9998841881752014, -0.012112696655094624, -0.02880859375], [-0.008425855077803135, -0.012035127729177475, -0.999891996383667, 1.567789077758789], [-0.9999220967292786, 0.009317506104707718, 0.00831395760178566, 0.011474609375], [0.0, 0.0, 0.0, 1.0]], [[-0.9237436652183533, 0.3828957676887512, -0.009404884651303291, 1.1070556640625], [-0.004190926440060139, -0.034658242017030716, -0.9993904829025269, 1.5475845336914062], [-0.3829882740974426, -0.9231411814689636, 0.033620018512010574, -0.0654296875], [0.0, 0.0, 0.0, 1.0]]], "view": [[0.0, -2.0, 100.0], [-2.0, 0.0, 100.0], [0.0, 0.0, 1.0]], "bev": "bev_aed6259ea4cb4b44811fe40e1687b013.png", "aux": "aux_aed6259ea4cb4b44811fe40e1687b013.npz", "visibility": "visibility_aed6259ea4cb4b44811fe40e1687b013.png", "pose": [[0.9971449375152588, -0.07551170140504837, 0.0, 1744.2122802734375], [0.07551170140504837, 0.9971449375152588, 0.0, 865.2352294921875], [0.0, 0.0, 1.0, 0.0], [0.0, 0.0, 0.0, 1.0]], "pose_inverse": [[0.9971449375152588, 0.07551170140504837, 0.0, -1804.5677490234375], [-0.07551170140504837, 0.9971449375152588, 0.0, -731.0564575195312], [0.0, 0.0, 1.0, 0.0], [0.0, 0.0, 0.0, 1.0]], "cam_ids": [0, 1, 2, 3, 4, 5], "cam_channels": ["CAM_FRONT_LEFT", "CAM_FRONT", "CAM_FRONT_RIGHT", "CAM_BACK_LEFT", "CAM_BACK", "CAM_BACK_RIGHT"], "token": "aed6259ea4cb4b44811fe40e1687b013", "scene": "scene-0443"}, {"images": ["samples/CAM_FRONT_LEFT/n008-2018-09-18-12-07-26-0400__CAM_FRONT_LEFT__1537287007904799.jpg", "samples/CAM_FRONT/n008-2018-09-18-12-07-26-0400__CAM_FRONT__1537287007912404.jpg", "samples/CAM_FRONT_RIGHT/n008-2018-09-18-12-07-26-0400__CAM_FRONT_RIGHT__1537287007920482.jpg", "samples/CAM_BACK_LEFT/n008-2018-09-18-12-07-26-0400__CAM_BACK_LEFT__1537287007947405.jpg", "samples/CAM_BACK/n008-2018-09-18-12-07-26-0400__CAM_BACK__1537287007937558.jpg", "samples/CAM_BACK_RIGHT/n008-2018-09-18-12-07-26-0400__CAM_BACK_RIGHT__1537287007928113.jpg"], "intrinsics": [[[1257.8625342125129, 0.0, 827.2410631095686], [0.0, 1257.8625342125129, 450.915498205774], [0.0, 0.0, 1.0]], [[1252.8131021185304, 0.0, 826.588114781398], [0.0, 1252.8131021185304, 469.9846626224581], [0.0, 0.0, 1.0]], [[1256.7485116440405, 0.0, 817.7887570959712], [0.0, 1256.7485116440403, 451.9541780095127], [0.0, 0.0, 1.0]], [[1254.9860565800168, 0.0, 829.5769333630991], [0.0, 1254.9860565800168, 467.1680561863987], [0.0, 0.0, 1.0]], [[796.8910634503094, 0.0, 857.7774326863696], [0.0, 796.8910634503094, 476.8848988407415], [0.0, 0.0, 1.0]], [[1249.9629280788233, 0.0, 825.3768045375984], [0.0, 1249.9629280788233, 462.54816385708756], [0.0, 0.0, 1.0]]], "extrinsics": [[[0.8228399753570557, -0.5682471394538879, 0.0054453471675515175, -0.9112548828125], [0.0014412307646125555, -0.007495478726923466, -0.9999708533287048, 1.4884679317474365], [0.5682713389396667, 0.8228238821029663, -0.005348607432097197, -1.2694091796875], [0.0, 0.0, 0.0, 1.0]], [[0.010678083635866642, -0.9998749494552612, 0.011659025214612484, 0.00701904296875], [0.0032945098355412483, -0.01162444893270731, -0.9999269843101501, 1.480487585067749], [0.9999375343322754, 0.010715722106397152, 0.003169970354065299, -1.6395263671875], [0.0, 0.0, 0.0, 1.0]], [[-0.8438454270362854, -0.5365843772888184, 0.0014485565479844809, 1.027099609375], [0.011209522373974323, -0.02032722532749176, -0.9997305274009705, 1.4939241409301758], [0.5364692211151123, -0.8436018228530884, 0.023167891427874565, -1.23675537109375], [0.0, 0.0, 0.0, 1.0]], [[0.947839617729187, 0.31837669014930725, -0.01537340972572565, -1.138427734375], [-0.014484032988548279, -0.0051607186906039715, -0.9998818039894104, 1.5619583129882812], [-0.31841841340065, 0.9479501843452454, -0.00028015326824970543, -0.15793609619140625], [0.0, 0.0, 0.0, 1.0]], [[0.009104673750698566, 0.9998766779899597, -0.012798107229173183, -0.02880859375], [-0.012262681499123573, -0.012686033733189106, -0.9998443126678467, 1.567678451538086], [-0.9998832941055298, 0.00926018413156271, 0.012145668268203735, 0.012939453125], [0.0, 0.0, 0.0, 1.0]], [[-0.9238442182540894, 0.3827179968357086, -0.0062097967602312565, 1.1092529296875], [-0.007949784398078918, -0.03540484234690666, -0.9993414282798767, 1.5473861694335938], [-0.3826857805252075, -0.9231865406036377, 0.035751089453697205, -0.064697265625], [0.0, 0.0, 0.0, 1.0]]], "view": [[0.0, -2.0, 100.0], [-2.0, 0.0, 100.0], [0.0, 0.0, 1.0]], "bev": "bev_c20e9507439e4d4e9e18b703da5fb19c.png", "aux": "aux_c20e9507439e4d4e9e18b703da5fb19c.npz", "visibility": "visibility_c20e9507439e4d4e9e18b703da5fb19c.png", "pose": [[0.9973508715629578, -0.07274075597524643, 0.0, 1745.44287109375], [0.07274075597524643, 0.9973508715629578, 0.0, 865.319091796875], [0.0, 0.0, 1.0, 0.0], [0.0, 0.0, 0.0, 1.0]], "pose_inverse": [[0.9973508715629578, 0.07274075597524643, 0.0, -1803.762939453125], [-0.07274075597524643, 0.9973508715629578, 0.0, -736.0619506835938], [0.0, 0.0, 1.0, 0.0], [0.0, 0.0, 0.0, 1.0]], "cam_ids": [0, 1, 2, 3, 4, 5], "cam_channels": ["CAM_FRONT_LEFT", "CAM_FRONT", "CAM_FRONT_RIGHT", "CAM_BACK_LEFT", "CAM_BACK", "CAM_BACK_RIGHT"], "token": "c20e9507439e4d4e9e18b703da5fb19c", "scene": "scene-0443"}, {"images": ["samples/CAM_FRONT_LEFT/n008-2018-09-18-12-07-26-0400__CAM_FRONT_LEFT__1537287008404799.jpg", "samples/CAM_FRONT/n008-2018-09-18-12-07-26-0400__CAM_FRONT__1537287008412404.jpg", "samples/CAM_FRONT_RIGHT/n008-2018-09-18-12-07-26-0400__CAM_FRONT_RIGHT__1537287008420482.jpg", "samples/CAM_BACK_LEFT/n008-2018-09-18-12-07-26-0400__CAM_BACK_LEFT__1537287008447405.jpg", "samples/CAM_BACK/n008-2018-09-18-12-07-26-0400__CAM_BACK__1537287008437558.jpg", "samples/CAM_BACK_RIGHT/n008-2018-09-18-12-07-26-0400__CAM_BACK_RIGHT__1537287008428113.jpg"], "intrinsics": [[[1257.8625342125129, 0.0, 827.2410631095686], [0.0, 1257.8625342125129, 450.915498205774], [0.0, 0.0, 1.0]], [[1252.8131021185304, 0.0, 826.588114781398], [0.0, 1252.8131021185304, 469.9846626224581], [0.0, 0.0, 1.0]], [[1256.7485116440405, 0.0, 817.7887570959712], [0.0, 1256.7485116440403, 451.9541780095127], [0.0, 0.0, 1.0]], [[1254.9860565800168, 0.0, 829.5769333630991], [0.0, 1254.9860565800168, 467.1680561863987], [0.0, 0.0, 1.0]], [[796.8910634503094, 0.0, 857.7774326863696], [0.0, 796.8910634503094, 476.8848988407415], [0.0, 0.0, 1.0]], [[1249.9629280788233, 0.0, 825.3768045375984], [0.0, 1249.9629280788233, 462.54816385708756], [0.0, 0.0, 1.0]]], "extrinsics": [[[0.8226845264434814, -0.5684794783592224, 0.004623012617230415, -0.9244384765625], [6.275410851230845e-05, -0.00804116390645504, -0.999967634677887, 1.4883050918579102], [0.5684981942176819, 0.8226581811904907, -0.006579668261110783, -1.2786865234375], [0.0, 0.0, 0.0, 1.0]], [[0.010450143367052078, -0.9998711347579956, 0.012190980836749077, 0.0067138671875], [0.0020058341324329376, -0.012170661240816116, -0.9999239444732666, 1.4803338050842285], [0.9999434351921082, 0.010473799891769886, 0.00187839032150805, -1.6546630859375], [0.0, 0.0, 0.0, 1.0]], [[-0.8439485430717468, -0.5364170670509338, 0.0027454469818621874, 1.038330078125], [0.010015957057476044, -0.02087491936981678, -0.9997318983078003, 1.4937084913253784], [0.5363306999206543, -0.8436948657035828, 0.022990088909864426, -1.243743896484375], [0.0, 0.0, 0.0, 1.0]], [[0.947830855846405, 0.3183521628379822, -0.01638845168054104, -1.138427734375], [-0.015364847145974636, -0.005726280156522989, -0.9998655915260315, 1.56195068359375], [-0.3184032440185547, 0.9479552507400513, -0.0005361101939342916, -0.157958984375], [0.0, 0.0, 0.0, 1.0]], [[0.00918542593717575, 0.9998683929443359, -0.013377591967582703, -0.02880859375], [-0.01324198767542839, -0.013255354948341846, -0.9998244047164917, 1.5677108764648438], [-0.9998701810836792, 0.00936095230281353, 0.013118487782776356, 0.017822265625], [0.0, 0.0, 0.0, 1.0]], [[-0.9237927794456482, 0.38285449147224426, -0.0054073152132332325, 1.1180419921875], [-0.009051067754626274, -0.035953376442193985, -0.9993124604225159, 1.5474052429199219], [-0.3827856183052063, -0.9231087565422058, 0.03667870908975601, -0.06103515625], [0.0, 0.0, 0.0, 1.0]]], "view": [[0.0, -2.0, 100.0], [-2.0, 0.0, 100.0], [0.0, 0.0, 1.0]], "bev": "bev_5ef27749f2944a59841f0c978177b871.png", "aux": "aux_5ef27749f2944a59841f0c978177b871.npz", "visibility": "visibility_5ef27749f2944a59841f0c978177b871.png", "pose": [[0.9975818395614624, -0.06950190663337708, 0.0, 1746.599365234375], [0.06950190663337708, 0.9975818395614624, 0.0, 865.3972778320312], [0.0, 0.0, 1.0, 0.0], [0.0, 0.0, 0.0, 1.0]], "pose_inverse": [[0.9975818395614624, 0.06950190663337708, 0.0, -1802.5225830078125], [-0.06950190663337708, 0.9975818395614624, 0.0, -741.91259765625], [0.0, 0.0, 1.0, 0.0], [0.0, 0.0, 0.0, 1.0]], "cam_ids": [0, 1, 2, 3, 4, 5], "cam_channels": ["CAM_FRONT_LEFT", "CAM_FRONT", "CAM_FRONT_RIGHT", "CAM_BACK_LEFT", "CAM_BACK", "CAM_BACK_RIGHT"], "token": "5ef27749f2944a59841f0c978177b871", "scene": "scene-0443"}, {"images": ["samples/CAM_FRONT_LEFT/n008-2018-09-18-12-07-26-0400__CAM_FRONT_LEFT__1537287008904799.jpg", "samples/CAM_FRONT/n008-2018-09-18-12-07-26-0400__CAM_FRONT__1537287008912404.jpg", "samples/CAM_FRONT_RIGHT/n008-2018-09-18-12-07-26-0400__CAM_FRONT_RIGHT__1537287008920482.jpg", "samples/CAM_BACK_LEFT/n008-2018-09-18-12-07-26-0400__CAM_BACK_LEFT__1537287008947405.jpg", "samples/CAM_BACK/n008-2018-09-18-12-07-26-0400__CAM_BACK__1537287008937558.jpg", "samples/CAM_BACK_RIGHT/n008-2018-09-18-12-07-26-0400__CAM_BACK_RIGHT__1537287008928113.jpg"], "intrinsics": [[[1257.8625342125129, 0.0, 827.2410631095686], [0.0, 1257.8625342125129, 450.915498205774], [0.0, 0.0, 1.0]], [[1252.8131021185304, 0.0, 826.588114781398], [0.0, 1252.8131021185304, 469.9846626224581], [0.0, 0.0, 1.0]], [[1256.7485116440405, 0.0, 817.7887570959712], [0.0, 1256.7485116440403, 451.9541780095127], [0.0, 0.0, 1.0]], [[1254.9860565800168, 0.0, 829.5769333630991], [0.0, 1254.9860565800168, 467.1680561863987], [0.0, 0.0, 1.0]], [[796.8910634503094, 0.0, 857.7774326863696], [0.0, 796.8910634503094, 476.8848988407415], [0.0, 0.0, 1.0]], [[1249.9629280788233, 0.0, 825.3768045375984], [0.0, 1249.9629280788233, 462.54816385708756], [0.0, 0.0, 1.0]]], "extrinsics": [[[0.8226262331008911, -0.5685590505599976, 0.0051670679822564125, -0.9268798828125], [0.0005598803400062025, -0.008277622051537037, -0.9999655485153198, 1.4883546829223633], [0.56858229637146, 0.822600781917572, -0.006491066422313452, -1.280517578125], [0.0, 0.0, 0.0, 1.0]], [[0.010394316166639328, -0.9998692870140076, 0.012382079847157001, 0.0069580078125], [0.002485074335709214, -0.012356880120933056, -0.9999205470085144, 1.4803667068481445], [0.9999428391456604, 0.010424274951219559, 0.00235630851238966, -1.656494140625], [0.0, 0.0, 0.0, 1.0]], [[-0.8439591526985168, -0.5364019274711609, 0.0024277952034026384, 1.038818359375], [0.010476178489625454, -0.02100774087011814, -0.9997244477272034, 1.4937297105789185], [0.5363050103187561, -0.8437012434005737, 0.02334912121295929, -1.244110107421875], [0.0, 0.0, 0.0, 1.0]], [[0.9478360414505005, 0.318359375, -0.015942547470331192, -1.1385498046875], [-0.014907623641192913, -0.005687072407454252, -0.9998727440834045, 1.5619564056396484], [-0.3184095323085785, 0.9479529857635498, -0.0006444299360737205, -0.157958984375], [0.0, 0.0, 0.0, 1.0]], [[0.00919157825410366, 0.9998679757118225, -0.013393759727478027, -0.0289306640625], [-0.012795672751963139, -0.013275621458888054, -0.9998299479484558, 1.5677299499511719], [-0.9998758435249329, 0.009361404925584793, 0.012671961449086666, 0.0181884765625], [0.0, 0.0, 0.0, 1.0]], [[-0.9237865805625916, 0.38286292552948, -0.005866423714905977, 1.1181640625], [-0.008589930832386017, -0.0360381156206131, -0.999313473701477, 1.5474357604980469], [-0.3828114867210388, -0.9231019020080566, 0.036580294370651245, -0.060791015625], [0.0, 0.0, 0.0, 1.0]]], "view": [[0.0, -2.0, 100.0], [-2.0, 0.0, 100.0], [0.0, 0.0, 1.0]], "bev": "bev_46a6fb33365b4dc0ba9694d12bcbfdd4.png", "aux": "aux_46a6fb33365b4dc0ba9694d12bcbfdd4.npz", "visibility": "visibility_46a6fb33365b4dc0ba9694d12bcbfdd4.png", "pose": [[0.9977338910102844, -0.06728322058916092, 0.0, 1747.658203125], [0.06728322058916092, 0.9977338910102844, 0.0, 865.462158203125], [0.0, 0.0, 1.0, 0.0], [0.0, 0.0, 0.0, 1.0]], "pose_inverse": [[0.9977338910102844, 0.06728322058916092, 0.0, -1801.928955078125], [-0.06728322058916092, 0.9977338910102844, 0.0, -745.9129028320312], [0.0, 0.0, 1.0, 0.0], [0.0, 0.0, 0.0, 1.0]], "cam_ids": [0, 1, 2, 3, 4, 5], "cam_channels": ["CAM_FRONT_LEFT", "CAM_FRONT", "CAM_FRONT_RIGHT", "CAM_BACK_LEFT", "CAM_BACK", "CAM_BACK_RIGHT"], "token": "46a6fb33365b4dc0ba9694d12bcbfdd4", "scene": "scene-0443"}, {"images": ["samples/CAM_FRONT_LEFT/n008-2018-09-18-12-07-26-0400__CAM_FRONT_LEFT__1537287009404799.jpg", "samples/CAM_FRONT/n008-2018-09-18-12-07-26-0400__CAM_FRONT__1537287009412404.jpg", "samples/CAM_FRONT_RIGHT/n008-2018-09-18-12-07-26-0400__CAM_FRONT_RIGHT__1537287009420482.jpg", "samples/CAM_BACK_LEFT/n008-2018-09-18-12-07-26-0400__CAM_BACK_LEFT__1537287009447405.jpg", "samples/CAM_BACK/n008-2018-09-18-12-07-26-0400__CAM_BACK__1537287009437558.jpg", "samples/CAM_BACK_RIGHT/n008-2018-09-18-12-07-26-0400__CAM_BACK_RIGHT__1537287009428113.jpg"], "intrinsics": [[[1257.8625342125129, 0.0, 827.2410631095686], [0.0, 1257.8625342125129, 450.915498205774], [0.0, 0.0, 1.0]], [[1252.8131021185304, 0.0, 826.588114781398], [0.0, 1252.8131021185304, 469.9846626224581], [0.0, 0.0, 1.0]], [[1256.7485116440405, 0.0, 817.7887570959712], [0.0, 1256.7485116440403, 451.9541780095127], [0.0, 0.0, 1.0]], [[1254.9860565800168, 0.0, 829.5769333630991], [0.0, 1254.9860565800168, 467.1680561863987], [0.0, 0.0, 1.0]], [[796.8910634503094, 0.0, 857.7774326863696], [0.0, 796.8910634503094, 476.8848988407415], [0.0, 0.0, 1.0]], [[1249.9629280788233, 0.0, 825.3768045375984], [0.0, 1249.9629280788233, 462.54816385708756], [0.0, 0.0, 1.0]]], "extrinsics": [[[0.8224310278892517, -0.5688356757164001, 0.005767351947724819, -0.931396484375], [0.00014831448788754642, -0.009923938661813736, -0.9999507069587708, 1.4883103370666504], [0.5688648223876953, 0.8223913311958313, -0.008077388629317284, -1.2830810546875], [0.0, 0.0, 0.0, 1.0]], [[0.010081557556986809, -0.9998495578765869, 0.014112758450210094, 0.00653076171875], [0.002100238809362054, -0.014092271216213703, -0.9998985528945923, 1.4803290367126465], [0.9999470114707947, 0.01011017244309187, 0.0019578509964048862, -1.6605224609375], [0.0, 0.0, 0.0, 1.0]], [[-0.8441022634506226, -0.5361692905426025, 0.0037050230894237757, 1.041748046875], [0.010119185782968998, -0.022838858887553215, -0.9996879696846008, 1.493669867515564], [0.5360865592956543, -0.8438014388084412, 0.02470393106341362, -1.24615478515625], [0.0, 0.0, 0.0, 1.0]], [[0.9478375315666199, 0.3182968497276306, -0.017058266326785088, -1.13916015625], [-0.015352490358054638, -0.0078670559450984, -0.9998511672019958, 1.5619621276855469], [-0.31838369369506836, 0.9479584097862244, -0.0025700400583446026, -0.1577606201171875], [0.0, 0.0, 0.0, 1.0]], [[0.009303723461925983, 0.9998375177383423, -0.015440307557582855, -0.02868