[{"images": ["samples/CAM_FRONT_LEFT/n015-2018-10-08-15-44-23+0800__CAM_FRONT_LEFT__1538984909854844.jpg", "samples/CAM_FRONT/n015-2018-10-08-15-44-23+0800__CAM_FRONT__1538984909862460.jpg", "samples/CAM_FRONT_RIGHT/n015-2018-10-08-15-44-23+0800__CAM_FRONT_RIGHT__1538984909870339.jpg", "samples/CAM_BACK_LEFT/n015-2018-10-08-15-44-23+0800__CAM_BACK_LEFT__1538984909897423.jpg", "samples/CAM_BACK/n015-2018-10-08-15-44-23+0800__CAM_BACK__1538984909887525.jpg", "samples/CAM_BACK_RIGHT/n015-2018-10-08-15-44-23+0800__CAM_BACK_RIGHT__1538984909877893.jpg"], "intrinsics": [[[1272.5979470598488, 0.0, 826.6154927353808], [0.0, 1272.5979470598488, 479.75165386361925], [0.0, 0.0, 1.0]], [[1266.417203046554, 0.0, 816.2670197447984], [0.0, 1266.417203046554, 491.50706579294757], [0.0, 0.0, 1.0]], [[1260.8474446004698, 0.0, 807.968244525554], [0.0, 1260.8474446004698, 495.3344268742088], [0.0, 0.0, 1.0]], [[1256.7414812095406, 0.0, 792.1125740759628], [0.0, 1256.7414812095406, 492.7757465151356], [0.0, 0.0, 1.0]], [[809.2209905677063, 0.0, 829.2196003259838], [0.0, 809.2209905677063, 481.77842384512485], [0.0, 0.0, 1.0]], [[1259.5137405846733, 0.0, 807.2529053838625], [0.0, 1259.5137405846733, 501.19579884916527], [0.0, 0.0, 1.0]]], "extrinsics": [[[0.8197475075721741, -0.5712336897850037, -0.04130358621478081, -0.89825439453125], [-0.05863192304968834, -0.01196324359625578, -0.9982079863548279, 1.503570556640625], [0.5697159767150879, 0.8207002878189087, -0.04329937323927879, -1.2362060546875], [0.0, 0.0, 0.0, 1.0]], [[0.006558529566973448, -0.999856173992157, 0.015640901401638985, 0.007080078125], [-0.06389641016721725, -0.016028298065066338, -0.9978278279304504, 1.5163078308105469], [0.9979349970817566, 0.005544900428503752, -0.06399233639240265, -1.6259765625], [0.0, 0.0, 0.0, 1.0]], [[-0.83160799741745, -0.5532958507537842, 0.04787347838282585, 0.9893798828125], [-0.058258239179849625, 0.00118542043492198, -0.9983007907867432, 1.5005855560302734], [0.5522989630699158, -0.8329839706420898, -0.0332198441028595, -1.2186279296875], [0.0, 0.0, 0.0, 1.0]], [[0.9461725950241089, 0.3187413811683655, -0.05622577667236328, -1.1412353515625], [-0.049497321248054504, -0.029176883399486542, -0.9983479976654053, 1.5885047912597656], [-0.31985536217689514, 0.9473925828933716, -0.01182952243834734, -0.1041259765625], [0.0, 0.0, 0.0, 1.0]], [[0.0014996589161455631, 0.9998121857643127, -0.019321192055940628, 0.0023193359375], [-0.07490918785333633, -0.019154608249664307, -0.997006356716156, 1.577850341796875], [-0.9971892833709717, 0.0029424880631268024, 0.0748663917183876, -0.0182037353515625], [0.0, 0.0, 0.0, 1.0]], [[-0.9340804219245911, 0.3550073504447937, 0.03825745731592178, 1.09954833984375], [-0.04237429052591324, -0.003825782099738717, -0.9990944862365723, 1.5498056411743164], [-0.35453954339027405, -0.9348557591438293, 0.018616771325469017, -0.0765380859375], [0.0, 0.0, 0.0, 1.0]]], "view": [[0.0, -2.0, 100.0], [-2.0, 0.0, 100.0], [0.0, 0.0, 1.0]], "bev": "bev_e6fcfc5cd0254eee901c1bbc0a30a6ba.png", "aux": "aux_e6fcfc5cd0254eee901c1bbc0a30a6ba.npz", "visibility": "visibility_e6fcfc5cd0254eee901c1bbc0a30a6ba.png", "pose": [[-0.936122715473175, -0.35167354345321655, 0.0, 844.1656494140625], [0.35167354345321655, -0.936122715473175, 0.0, 1523.4229736328125], [0.0, 0.0, 1.0, 0.0], [0.0, 0.0, 0.0, 1.0]], "pose_inverse": [[-0.936122715473175, 0.35167354345321655, 0.0, 254.49508666992188], [-0.35167354345321655, -0.936122715473175, 0.0, 1722.9815673828125], [0.0, 0.0, 1.0, 0.0], [0.0, 0.0, 0.0, 1.0]], "cam_ids": [0, 1, 2, 3, 4, 5], "cam_channels": ["CAM_FRONT_LEFT", "CAM_FRONT", "CAM_FRONT_RIGHT", "CAM_BACK_LEFT", "CAM_BACK", "CAM_BACK_RIGHT"], "token": "e6fcfc5cd0254eee901c1bbc0a30a6ba", "scene": "scene-0925"}, {"images": ["samples/CAM_FRONT_LEFT/n015-2018-10-08-15-44-23+0800__CAM_FRONT_LEFT__1538984910354844.jpg", "samples/CAM_FRONT/n015-2018-10-08-15-44-23+0800__CAM_FRONT__1538984910362460.jpg", "samples/CAM_FRONT_RIGHT/n015-2018-10-08-15-44-23+0800__CAM_FRONT_RIGHT__1538984910370339.jpg", "samples/CAM_BACK_LEFT/n015-2018-10-08-15-44-23+0800__CAM_BACK_LEFT__1538984910397423.jpg", "samples/CAM_BACK/n015-2018-10-08-15-44-23+0800__CAM_BACK__1538984910387525.jpg", "samples/CAM_BACK_RIGHT/n015-2018-10-08-15-44-23+0800__CAM_BACK_RIGHT__1538984910377901.jpg"], "intrinsics": [[[1272.5979470598488, 0.0, 826.6154927353808], [0.0, 1272.5979470598488, 479.75165386361925], [0.0, 0.0, 1.0]], [[1266.417203046554, 0.0, 816.2670197447984], [0.0, 1266.417203046554, 491.50706579294757], [0.0, 0.0, 1.0]], [[1260.8474446004698, 0.0, 807.968244525554], [0.0, 1260.8474446004698, 495.3344268742088], [0.0, 0.0, 1.0]], [[1256.7414812095406, 0.0, 792.1125740759628], [0.0, 1256.7414812095406, 492.7757465151356], [0.0, 0.0, 1.0]], [[809.2209905677063, 0.0, 829.2196003259838], [0.0, 809.2209905677063, 481.77842384512485], [0.0, 0.0, 1.0]], [[1259.5137405846733, 0.0, 807.2529053838625], [0.0, 1259.5137405846733, 501.19579884916527], [0.0, 0.0, 1.0]]], "extrinsics": [[[0.8196844458580017, -0.571492612361908, -0.03890598937869072, -0.915283203125], [-0.05628140643239021, -0.012759290635585785, -0.9983333945274353, 1.5048713684082031], [0.5700438022613525, 0.8205079436302185, -0.04262299835681915, -1.2464599609375], [0.0, 0.0, 0.0, 1.0]], [[0.006268498953431845, -0.9998447895050049, 0.016467703506350517, 0.005859375], [-0.06156212463974953, -0.01682264730334282, -0.9979614615440369, 1.5174903869628906], [0.9980835318565369, 0.005241872742772102, -0.061658017337322235, -1.642730712890625], [0.0, 0.0, 0.0, 1.0]], [[-0.831844687461853, -0.5530648231506348, 0.0464068241417408, 1.0003662109375], [-0.05595327168703079, 0.000380267680156976, -0.9984332919120789, 1.5014820098876953], [0.5521807074546814, -0.833138108253479, -0.0312621109187603, -1.22705078125], [0.0, 0.0, 0.0, 1.0]], [[0.9463005661964417, 0.31868553161621094, -0.05435830354690552, -1.1417236328125], [-0.04726090654730797, -0.029967175796628, -0.9984329342842102, 1.588531494140625], [-0.31981509923934937, 0.9473867416381836, -0.013296588324010372, -0.10400390625], [0.0, 0.0, 0.0, 1.0]], [[0.0016567644197493792, 0.9997961521148682, -0.02012324333190918, 0.002685546875], [-0.07264544814825058, -0.019949771463871002, -0.9971582889556885, 1.57830810546875], [-0.9973564147949219, 0.003113923594355583, 0.07259757816791534, -0.0126495361328125], [0.0, 0.0, 0.0, 1.0]], [[-0.9340909719467163, 0.35523343086242676, 0.035822946578264236, 1.10986328125], [-0.04008151590824127, -0.004633595235645771, -0.9991856813430786, 1.5503215789794922], [-0.3547781705856323, -0.9347661733627319, 0.018566491082310677, -0.0733642578125], [0.0, 0.0, 0.0, 1.0]]], "view": [[0.0, -2.0, 100.0], [-2.0, 0.0, 100.0], [0.0, 0.0, 1.0]], "bev": "bev_07ddc5f1a2db4d2ba0ef71021b4115f2.png", "aux": "aux_07ddc5f1a2db4d2ba0ef71021b4115f2.npz", "visibility": "visibility_07ddc5f1a2db4d2ba0ef71021b4115f2.png", "pose": [[-0.9356887936592102, -0.35282644629478455, 0.0, 843.4151000976562], [0.35282644629478455, -0.9356887936592102, 0.0, 1523.71728515625], [0.0, 0.0, 1.0, 0.0], [0.0, 0.0, 0.0, 1.0]], "pose_inverse": [[-0.9356887936592102, 0.35282644629478455, 0.0, 251.56629943847656], [-0.35282644629478455, -0.9356887936592102, 0.0, 1723.3043212890625], [0.0, 0.0, 1.0, 0.0], [0.0, 0.0, 0.0, 1.0]], "cam_ids": [0, 1, 2, 3, 4, 5], "cam_channels": ["CAM_FRONT_LEFT", "CAM_FRONT", "CAM_FRONT_RIGHT", "CAM_BACK_LEFT", "CAM_BACK", "CAM_BACK_RIGHT"], "token": "07ddc5f1a2db4d2ba0ef71021b4115f2", "scene": "scene-0925"}, {"images": ["samples/CAM_FRONT_LEFT/n015-2018-10-08-15-44-23+0800__CAM_FRONT_LEFT__1538984910904844.jpg", "samples/CAM_FRONT/n015-2018-10-08-15-44-23+0800__CAM_FRONT__1538984910912460.jpg", "samples/CAM_FRONT_RIGHT/n015-2018-10-08-15-44-23+0800__CAM_FRONT_RIGHT__1538984910920346.jpg", "samples/CAM_BACK_LEFT/n015-2018-10-08-15-44-23+0800__CAM_BACK_LEFT__1538984910947423.jpg", "samples/CAM_BACK/n015-2018-10-08-15-44-23+0800__CAM_BACK__1538984910937525.jpg", "samples/CAM_BACK_RIGHT/n015-2018-10-08-15-44-23+0800__CAM_BACK_RIGHT__1538984910927893.jpg"], "intrinsics": [[[1272.5979470598488, 0.0, 826.6154927353808], [0.0, 1272.5979470598488, 479.75165386361925], [0.0, 0.0, 1.0]], [[1266.417203046554, 0.0, 816.2670197447984], [0.0, 1266.417203046554, 491.50706579294757], [0.0, 0.0, 1.0]], [[1260.8474446004698, 0.0, 807.968244525554], [0.0, 1260.8474446004698, 495.3344268742088], [0.0, 0.0, 1.0]], [[1256.7414812095406, 0.0, 792.1125740759628], [0.0, 1256.7414812095406, 492.7757465151356], [0.0, 0.0, 1.0]], [[809.2209905677063, 0.0, 829.2196003259838], [0.0, 809.2209905677063, 481.77842384512485], [0.0, 0.0, 1.0]], [[1259.5137405846733, 0.0, 807.2529053838625], [0.0, 1259.5137405846733, 501.19579884916527], [0.0, 0.0, 1.0]]], "extrinsics": [[[0.8198044896125793, -0.5712994337081909, -0.039212845265865326, -0.93206787109375], [-0.05574542284011841, -0.011466939933598042, -0.9983791708946228, 1.5060577392578125], [0.5699237585067749, 0.8206616640090942, -0.04124796763062477, -1.25830078125], [0.0, 0.0, 0.0, 1.0]], [[0.006426953710615635, -0.9998639822006226, 0.015187372453510761, 0.005859375], [-0.06103704124689102, -0.015551612712442875, -0.9980143904685974, 1.5185661315917969], [0.998114824295044, 0.0054871803149580956, -0.06112868711352348, -1.659881591796875], [0.0, 0.0, 0.0, 1.0]], [[-0.8317792415618896, -0.5532571077346802, 0.04527365788817406, 1.01171875], [-0.05543237924575806, 0.0016330875223502517, -0.9984610676765442, 1.5022573471069336], [0.5523317456245422, -0.833008885383606, -0.03202672675251961, -1.2344970703125], [0.0, 0.0, 0.0, 1.0]], [[0.9463271498680115, 0.3187515139579773, -0.05350249633193016, -1.14263916015625], [-0.04675574600696564, -0.02878592163324356, -0.9984914660453796, 1.5885810852050781], [-0.31981074810028076, 0.9474011659622192, -0.012337434105575085, -0.103759765625], [0.0, 0.0, 0.0, 1.0]], [[0.0015874258242547512, 0.9998200535774231, -0.01890738680958748, 0.0025634765625], [-0.07213752716779709, -0.01874365657567978, -0.9972185492515564, 1.5787277221679688], [-0.9973934292793274, 0.002946999156847596, 0.07209478318691254, -0.0069427490234375], [0.0, 0.0, 0.0, 1.0]], [[-0.9341663122177124, 0.3550393581390381, 0.03578303009271622, 1.119354248046875], [-0.03956592082977295, -0.003397771157324314, -0.9992111921310425, 1.550741195678711], [-0.35463768243789673, -0.9348452091217041, 0.017221543937921524, -0.0697021484375], [0.0, 0.0, 0.0, 1.0]]], "view": [[0.0, -2.0, 100.0], [-2.0, 0.0, 100.0], [0.0, 0.0, 1.0]], "bev": "bev_27f53c7168584747bdbaff8ae8d758c5.png", "aux": "aux_27f53c7168584747bdbaff8ae8d758c5.npz", "visibility": "visibility_27f53c7168584747bdbaff8ae8d758c5.png", "pose": [[-0.9355890154838562, -0.35309094190597534, 0.0, 842.8029174804688], [0.35309094190597534, -0.9355890154838562, 0.0, 1523.954833984375], [0.0, 0.0, 1.0, 0.0], [0.0, 0.0, 0.0, 1.0]], "pose_inverse": [[-0.9355890154838562, 0.35309094190597534, 0.0, 250.4224853515625], [-0.35309094190597534, -0.9355890154838562, 0.0, 1723.3814697265625], [0.0, 0.0, 1.0, 0.0], [0.0, 0.0, 0.0, 1.0]], "cam_ids": [0, 1, 2, 3, 4, 5], "cam_channels": ["CAM_FRONT_LEFT", "CAM_FRONT", "CAM_FRONT_RIGHT", "CAM_BACK_LEFT", "CAM_BACK", "CAM_BACK_RIGHT"], "token": "27f53c7168584747bdbaff8ae8d758c5", "scene": "scene-0925"}, {"images": ["samples/CAM_FRONT_LEFT/n015-2018-10-08-15-44-23+0800__CAM_FRONT_LEFT__1538984911404844.jpg", "samples/CAM_FRONT/n015-2018-10-08-15-44-23+0800__CAM_FRONT__1538984911412460.jpg", "samples/CAM_FRONT_RIGHT/n015-2018-10-08-15-44-23+0800__CAM_FRONT_RIGHT__1538984911420339.jpg", "samples/CAM_BACK_LEFT/n015-2018-10-08-15-44-23+0800__CAM_BACK_LEFT__1538984911447423.jpg", "samples/CAM_BACK/n015-2018-10-08-15-44-23+0800__CAM_BACK__1538984911437525.jpg", "samples/CAM_BACK_RIGHT/n015-2018-10-08-15-44-23+0800__CAM_BACK_RIGHT__1538984911427893.jpg"], "intrinsics": [[[1272.5979470598488, 0.0, 826.6154927353808], [0.0, 1272.5979470598488, 479.75165386361925], [0.0, 0.0, 1.0]], [[1266.417203046554, 0.0, 816.2670197447984], [0.0, 1266.417203046554, 491.50706579294757], [0.0, 0.0, 1.0]], [[1260.8474446004698, 0.0, 807.968244525554], [0.0, 1260.8474446004698, 495.3344268742088], [0.0, 0.0, 1.0]], [[1256.7414812095406, 0.0, 792.1125740759628], [0.0, 1256.7414812095406, 492.7757465151356], [0.0, 0.0, 1.0]], [[809.2209905677063, 0.0, 829.2196003259838], [0.0, 809.2209905677063, 481.77842384512485], [0.0, 0.0, 1.0]], [[1259.5137405846733, 0.0, 807.2529053838625], [0.0, 1259.5137405846733, 501.19579884916527], [0.0, 0.0, 1.0]]], "extrinsics": [[[0.8196536898612976, -0.5715665221214294, -0.03846719488501549, -0.941650390625], [-0.05470717325806618, -0.011256405152380466, -0.9984390139579773, 1.5067024230957031], [0.5702412724494934, 0.8204784989356995, -0.0404951386153698, -1.26416015625], [0.0, 0.0, 0.0, 1.0]], [[0.0061401501297950745, -0.9998688697814941, 0.014982717111706734, 0.005126953125], [-0.05994301661849022, -0.015324081294238567, -0.9980841875076294, 1.5191421508789062], [0.9981828927993774, 0.005230287555605173, -0.06002924591302872, -1.669189453125], [0.0, 0.0, 0.0, 1.0]], [[-0.831945538520813, -0.5530955791473389, 0.04418150708079338, 1.0174560546875], [-0.05427483469247818, 0.0018756268545985222, -0.9985242486000061, 1.502669334411621], [0.5521965026855469, -0.8331156969070435, -0.03157959133386612, -1.23876953125], [0.0, 0.0, 0.0, 1.0]], [[0.9464032649993896, 0.3187527656555176, -0.05213029682636261, -1.14208984375], [-0.045397087931632996, -0.028521675616502762, -0.9985617399215698, 1.5885467529296875], [-0.3197811543941498, 0.9474086761474609, -0.012522558681666851, -0.1036376953125], [0.0, 0.0, 0.0, 1.0]], [[0.0016907763201743364, 0.9998247027397156, -0.018648577854037285, 0.0029296875], [-0.0708613321185112, -0.018481934443116188, -0.9973149299621582, 1.5788993835449219], [-0.9974846839904785, 0.0030077476985752583, 0.07081765681505203, -0.004638671875], [0.0, 0.0, 0.0, 1.0]], [[-0.9341554045677185, 0.35517144203186035, 0.034740034490823746, 1.124176025390625], [-0.03835856169462204, -0.003149349708110094, -0.9992590546607971, 1.5509538650512695], [-0.35479891300201416, -0.9347959160804749, 0.016565848141908646, -0.06787109375], [0.0, 0.0, 0.0, 1.0]]], "view": [[0.0, -2.0, 100.0], [-2.0, 0.0, 100.0], [0.0, 0.0, 1.0]], "bev": "bev_45452c8cb9694effb3d3d197c0cc055a.png", "aux": "aux_45452c8cb9694effb3d3d197c0cc055a.npz", "visibility": "visibility_45452c8cb9694effb3d3d197c0cc055a.png", "pose": [[-0.9355960488319397, -0.35307231545448303, 0.0, 842.4479370117188], [0.35307231545448303, -0.9355960488319397, 0.0, 1524.093505859375], [0.0, 0.0, 1.0, 0.0], [0.0, 0.0, 0.0, 1.0]], "pose_inverse": [[-0.9355960488319397, 0.35307231545448303, 0.0, 250.07571411132812], [-0.35307231545448303, -0.9355960488319397, 0.0, 1723.380859375], [0.0, 0.0, 1.0, 0.0], [0.0, 0.0, 0.0, 1.0]], "cam_ids": [0, 1, 2, 3, 4, 5], "cam_channels": ["CAM_FRONT_LEFT", "CAM_FRONT", "CAM_FRONT_RIGHT", "CAM_BACK_LEFT", "CAM_BACK", "CAM_BACK_RIGHT"], "token": "45452c8cb9694effb3d3d197c0cc055a", "scene": "scene-0925"}, {"images": ["samples/CAM_FRONT_LEFT/n015-2018-10-08-15-44-23+0800__CAM_FRONT_LEFT__1538984911904844.jpg", "samples/CAM_FRONT/n015-2018-10-08-15-44-23+0800__CAM_FRONT__1538984911912460.jpg", "samples/CAM_FRONT_RIGHT/n015-2018-10-08-15-44-23+0800__CAM_FRONT_RIGHT__1538984911920339.jpg", "samples/CAM_BACK_LEFT/n015-2018-10-08-15-44-23+0800__CAM_BACK_LEFT__1538984911947423.jpg", "samples/CAM_BACK/n015-2018-10-08-15-44-23+0800__CAM_BACK__1538984911937525.jpg", "samples/CAM_BACK_RIGHT/n015-2018-10-08-15-44-23+0800__CAM_BACK_RIGHT__1538984911927893.jpg"], "intrinsics": [[[1272.5979470598488, 0.0, 826.6154927353808], [0.0, 1272.5979470598488, 479.75165386361925], [0.0, 0.0, 1.0]], [[1266.417203046554, 0.0, 816.2670197447984], [0.0, 1266.417203046554, 491.50706579294757], [0.0, 0.0, 1.0]], [[1260.8474446004698, 0.0, 807.968244525554], [0.0, 1260.8474446004698, 495.3344268742088], [0.0, 0.0, 1.0]], [[1256.7414812095406, 0.0, 792.1125740759628], [0.0, 1256.7414812095406, 492.7757465151356], [0.0, 0.0, 1.0]], [[809.2209905677063, 0.0, 829.2196003259838], [0.0, 809.2209905677063, 481.77842384512485], [0.0, 0.0, 1.0]], [[1259.5137405846733, 0.0, 807.2529053838625], [0.0, 1259.5137405846733, 501.19579884916527], [0.0, 0.0, 1.0]]], "extrinsics": [[[0.8198968768119812, -0.5713737607002258, -0.036070697009563446, -0.94482421875], [-0.05191492289304733, -0.011455188505351543, -0.9985858201980591, 1.506988525390625], [0.5701526403427124, 0.8206099271774292, -0.03905490040779114, -1.2666015625], [0.0, 0.0, 0.0, 1.0]], [[0.006296239793300629, -0.9998649954795837, 0.015171093866229057, 0.0054931640625], [-0.0571899488568306, -0.015506611205637455, -0.9982429146766663, 1.5193901062011719], [0.9983434677124023, 0.005417570471763611, -0.05727986618876457, -1.67230224609375], [0.0, 0.0, 0.0, 1.0]], [[-0.8319793939590454, -0.5532137751579285, 0.04200882837176323, 1.0194091796875], [-0.051563724875450134, 0.0017119520343840122, -0.9986681938171387, 1.5028419494628906], [0.5524051189422607, -0.8330374956130981, -0.02995007298886776, -1.239990234375], [0.0, 0.0, 0.0, 1.0]], [[0.9465385675430298, 0.31873467564582825, -0.049727663397789, -1.142333984375], [-0.04282320663332939, -0.028637642040848732, -0.9986721277236938, 1.5885581970214844], [-0.31973549723625183, 0.947411298751831, -0.013457393273711205, -0.1036376953125], [0.0, 0.0, 0.0, 1.0]], [[0.0016931849531829357, 0.9998223185539246, -0.01877608522772789, 0.002685546875], [-0.06823786348104477, -0.018616825342178345, -0.9974953532218933, 1.5789794921875], [-0.997667670249939, 0.002970147877931595, 0.06819422543048859, -0.0036468505859375], [0.0, 0.0, 0.0, 1.0]], [[-0.9342823028564453, 0.3550785183906555, 0.03218197822570801, 1.125701904296875], [-0.035676632076501846, -0.0032971128821372986, -0.9993579387664795, 1.5510549545288086], [-0.3547443747520447, -0.9348306655883789, 0.015748441219329834, -0.0673828125], [0.0, 0.0, 0.0, 1.0]]], "view": [[0.0, -2.0, 100.0], [-2.0, 0.0, 100.0], [0.0, 0.0, 1.0]], "bev": "bev_56b595dcd2684e5eb8082d8026e25397.png", "aux": "aux_56b595dcd2684e5eb8082d8026e25397.npz", "visibility": "visibility_56b595dcd2684e5eb8082d8026e25397.png", "pose": [[-0.935631513595581, -0.3529782295227051, 0.0, 842.1806640625], [0.3529782295227051, -0.935631513595581, 0.0, 1524.19873046875], [0.0, 0.0, 1.0, 0.0], [0.0, 0.0, 0.0, 1.0]], "pose_inverse": [[-0.935631513595581, 0.3529782295227051, 0.0, 249.96180725097656], [-0.3529782295227051, -0.935631513595581, 0.0, 1723.35986328125], [0.0, 0.0, 1.0, 0.0], [0.0, 0.0, 0.0, 1.0]], "cam_ids": [0, 1, 2, 3, 4, 5], "cam_channels": ["CAM_FRONT_LEFT", "CAM_FRONT", "CAM_FRONT_RIGHT", "CAM_BACK_LEFT", "CAM_BACK", "CAM_BACK_RIGHT"], "token": "56b595dcd2684e5eb8082d8026e25397", "scene": "scene-0925"}, {"images": ["samples/CAM_FRONT_LEFT/n015-2018-10-08-15-44-23+0800__CAM_FRONT_LEFT__1538984912404844.jpg", "samples/CAM_FRONT/n015-2018-10-08-15-44-23+0800__CAM_FRONT__1538984912412460.jpg", "samples/CAM_FRONT_RIGHT/n015-2018-10-08-15-44-23+0800__CAM_FRONT_RIGHT__1538984912420339.jpg", "samples/CAM_BACK_LEFT/n015-2018-10-08-15-44-23+0800__CAM_BACK_LEFT__1538984912447423.jpg", "samples/CAM_BACK/n015-2018-10-08-15-44-23+0800__CAM_BACK__1538984912437525.jpg", "samples/CAM_BACK_RIGHT/n015-2018-10-08-15-44-23+0800__CAM_BACK_RIGHT__1538984912427893.jpg"], "intrinsics": [[[1272.5979470598488, 0.0, 826.6154927353808], [0.0, 1272.5979470598488, 479.75165386361925], [0.0, 0.0, 1.0]], [[1266.417203046554, 0.0, 816.2670197447984], [0.0, 1266.417203046554, 491.50706579294757], [0.0, 0.0, 1.0]], [[1260.8474446004698, 0.0, 807.968244525554], [0.0, 1260.8474446004698, 495.3344268742088], [0.0, 0.0, 1.0]], [[1256.7414812095406, 0.0, 792.1125740759628], [0.0, 1256.7414812095406, 492.7757465151356], [0.0, 0.0, 1.0]], [[809.2209905677063, 0.0, 829.2196003259838], [0.0, 809.2209905677063, 481.77842384512485], [0.0, 0.0, 1.0]], [[1259.5137405846733, 0.0, 807.2529053838625], [0.0, 1259.5137405846733, 501.19579884916527], [0.0, 0.0, 1.0]]], "extrinsics": [[[0.8198609948158264, -0.5714337229728699, -0.035936757922172546, -0.9453125], [-0.05156385526061058, -0.011179756373167038, -0.9986070990562439, 1.5070419311523438], [0.5702359676361084, 0.8205720782279968, -0.038631170988082886, -1.267333984375], [0.0, 0.0, 0.0, 1.0]], [[0.006224360316991806, -0.9998695254325867, 0.014906399883329868, 0.005615234375], [-0.05685616284608841, -0.015236434526741505, -0.9982661604881287, 1.5194320678710938], [0.9983630180358887, 0.005366058554500341, -0.05694357678294182, -1.6728668212890625], [0.0, 0.0, 0.0, 1.0]], [[-0.832020103931427, -0.5531837344169617, 0.04159953445196152, 1.019775390625], [-0.05124637112021446, 0.0019762269221246243, -0.9986840486526489, 1.5028600692749023], [0.5523735880851746, -0.8330569863319397, -0.02999291941523552, -1.2398681640625], [0.0, 0.0, 0.0, 1.0]], [[0.9465492963790894, 0.318754106760025, -0.04939796403050423, -1.14202880859375], [-0.04257374629378319, -0.028345219790935516, -0.9986911416053772, 1.5885429382324219], [-0.31973710656166077, 0.9474135041236877, -0.013259593397378922, -0.1038818359375], [0.0, 0.0, 0.0, 1.0]], [[0.0017162775620818138, 0.9998275637626648, -0.018492279574275017, 0.002685546875], [-0.06796845048666, -0.018332911655306816, -0.9975190162658691, 1.5789680480957031], [-0.997685968875885, 0.002968916203826666, 0.06792525202035904, -0.0039825439453125], [0.0, 0.0, 0.0, 1.0]], [[-0.9342791438102722, 0.355103075504303, 0.03200453147292137, 1.125579833984375], [-0.03538530319929123, -0.003028449835255742, -0.9993691444396973, 1.5510568618774414], [-0.3547820746898651, -0.9348223209381104, 0.015394845977425575, -0.0673828125], [0.0, 0.0, 0.0, 1.0]]], "view": [[0.0, -2.0, 100.0], [-2.0, 0.0, 100.0], [0.0, 0.0, 1.0]], "bev": "bev_50ae7fb951484633a80c3eccc13291c1.png", "aux": "aux_50ae7fb951484633a80c3eccc13291c1.npz", "visibility": "visibility_50ae7fb951484633a80c3eccc13291c1.png", "pose": [[-0.9354273676872253, -0.3535189628601074, 0.0, 841.926025390625], [0.3535189628601074, -0.9354273676872253, 0.0, 1524.297119140625], [0.0, 0.0, 1.0, 0.0], [0.0, 0.0, 0.0, 1.0]], "pose_inverse": [[-0.9354273676872253, 0.3535189628601074, 0.0, 248.6927032470703], [-0.3535189628601074, -0.9354273676872253, 0.0, 1723.5059814453125], [0.0, 0.0, 1.0, 0.0], [0.0, 0.0, 0.0, 1.0]], "cam_ids": [0, 1, 2, 3, 4, 5], "cam_channels": ["CAM_FRONT_LEFT", "CAM_FRONT", "CAM_FRONT_RIGHT", "CAM_BACK_LEFT", "CAM_BACK", "CAM_BACK_RIGHT"], "token": "50ae7fb951484633a80c3eccc13291c1", "scene": "scene-0925"}, {"images": ["samples/CAM_FRONT_LEFT/n015-2018-10-08-15-44-23+0800__CAM_FRONT_LEFT__1538984912904844.jpg", "samples/CAM_FRONT/n015-2018-10-08-15-44-23+0800__CAM_FRONT__1538984912912460.jpg", "samples/CAM_FRONT_RIGHT/n015-2018-10-08-15-44-23+0800__CAM_FRONT_RIGHT__1538984912920339.jpg", "samples/CAM_BACK_LEFT/n015-2018-10-08-15-44-23+0800__CAM_BACK_LEFT__1538984912947423.jpg", "samples/CAM_BACK/n015-2018-10-08-15-44-23+0800__CAM_BACK__1538984912937525.jpg", "samples/CAM_BACK_RIGHT/n015-2018-10-08-15-44-23+0800__CAM_BACK_RIGHT__1538984912927893.jpg"], "intrinsics": [[[1272.5979470598488, 0.0, 826.6154927353808], [0.0, 1272.5979470598488, 479.75165386361925], [0.0, 0.0, 1.0]], [[1266.417203046554, 0.0, 816.2670197447984], [0.0, 1266.417203046554, 491.50706579294757], [0.0, 0.0, 1.0]], [[1260.8474446004698, 0.0, 807.968244525554], [0.0, 1260.8474446004698, 495.3344268742088], [0.0, 0.0, 1.0]], [[1256.7414812095406, 0.0, 792.1125740759628], [0.0, 1256.7414812095406, 492.7757465151356], [0.0, 0.0, 1.0]], [[809.2209905677063, 0.0, 829.2196003259838], [0.0, 809.2209905677063, 481.77842384512485], [0.0, 0.0, 1.0]], [[1259.5137405846733, 0.0, 807.2529053838625], [0.0, 1259.5137405846733, 501.19579884916527], [0.0, 0.0, 1.0]]], "extrinsics": [[[0.8198629021644592, -0.5714964270591736, -0.03487848490476608, -0.9334716796875], [-0.05013532564043999, -0.010973966680467129, -0.9986821413040161, 1.5063362121582031], [0.570360541343689, 0.8205311298370361, -0.03764931112527847, -1.2586669921875], [0.0, 0.0, 0.0, 1.0]], [[0.006121559534221888, -0.9998730421066284, 0.014709150418639183, 0.0052490234375], [-0.05536497011780739, -0.015025755390524864, -0.9983531832695007, 1.5187873840332031], [0.9984473586082458, 0.005297067109495401, -0.055449921637773514, -1.6606903076171875], [0.0, 0.0, 0.0, 1.0]], [[-0.832123339176178, -0.553132951259613, 0.040183983743190765, 1.0118408203125], [-0.04968755319714546, 0.002191002946346998, -0.9987624287605286, 1.5024118423461914], [0.5523603558540344, -0.83309006690979, -0.029307009652256966, -1.23486328125], [0.0, 0.0, 0.0, 1.0]], [[0.9466406106948853, 0.3187398612499237, -0.04771222919225693, -1.14117431640625], [-0.040843669325113297, -0.028202127665281296, -0.9987674355506897, 1.5885086059570312], [-0.31969258189201355, 0.9474225640296936, -0.013678772374987602, -0.10400390625], [0.0, 0.0, 0.0, 1.0]], [[0.0017799233319237828, 0.9998306632041931, -0.01831701584160328, 0.0029296875], [-0.06628969311714172, -0.01815878227353096, -0.9976351857185364, 1.5787086486816406], [-0.9977988004684448, 0.002989932894706726, 0.0662461444735527, -0.007843017578125], [0.0, 0.0, 0.0, 1.0]], [[-0.9343104958534241, 0.35514768958091736, 0.030559126287698746, 1.119171142578125], [-0.033764369785785675, -0.0028293190989643335, -0.9994258284568787, 1.55084228515625], [-0.35485732555389404, -0.9348059296607971, 0.014634798280894756, -0.070068359375], [0.0, 0.0, 0.0, 1.0]]], "view": [[0.0, -2.0, 100.0], [-2.0, 0.0, 100.0], [0.0, 0.0, 1.0]], "bev": "bev_87091b64b814472f8d4dbac04de8d3fc.png", "aux": "aux_87091b64b814472f8d4dbac04de8d3fc.npz", "visibility": "visibility_87091b64b814472f8d4dbac04de8d3fc.png", "pose": [[-0.9353747367858887, -0.35365816950798035, 0.0, 841.5925903320312], [0.35365816950798035, -0.9353747367858887, 0.0, 1524.4273681640625], [0.0, 0.0, 1.0, 0.0], [0.0, 0.0, 0.0, 1.0]], "pose_inverse": [[-0.9353747367858887, 0.35365816950798035, 0.0, 248.07827758789062], [-0.35365816950798035, -0.9353747367858887, 0.0, 1723.5469970703125], [0.0, 0.0, 1.0, 0.0], [0.0, 0.0, 0.0, 1.0]], "cam_ids": [0, 1, 2, 3, 4, 5], "cam_channels": ["CAM_FRONT_LEFT", "CAM_FRONT", "CAM_FRONT_RIGHT", "CAM_BACK_LEFT", "CAM_BACK", "CAM_BACK_RIGHT"], "token": "87091b64b814472f8d4dbac04de8d3fc", "scene": "scene-0925"}, {"images": ["samples/CAM_FRONT_LEFT/n015-2018-10-08-15-44-23+0800__CAM_FRONT_LEFT__1538984913404844.jpg", "samples/CAM_FRONT/n015-2018-10-08-15-44-23+0800__CAM_FRONT__1538984913412460.jpg", "samples/CAM_FRONT_RIGHT/n015-2018-10-08-15-44-23+0800__CAM_FRONT_RIGHT__1538984913420339.jpg", "samples/CAM_BACK_LEFT/n015-2018-10-08-15-44-23+0800__CAM_BACK_LEFT__1538984913447431.jpg", "samples/CAM_BACK/n015-2018-10-08-15-44-23+0800__CAM_BACK__1538984913437525.jpg", "samples/CAM_BACK_RIGHT/n015-2018-10-08-15-44-23+0800__CAM_BACK_RIGHT__1538984913427893.jpg"], "intrinsics": [[[1272.5979470598488, 0.0, 826.6154927353808], [0.0, 1272.5979470598488, 479.75165386361925], [0.0, 0.0, 1.0]], [[1266.417203046554, 0.0, 816.2670197447984], [0.0, 1266.417203046554, 491.50706579294757], [0.0, 0.0, 1.0]], [[1260.8474446004698, 0.0, 807.968244525554], [0.0, 1260.8474446004698, 495.3344268742088], [0.0, 0.0, 1.0]], [[1256.7414812095406, 0.0, 792.1125740759628], [0.0, 1256.7414812095406, 492.7757465151356], [0.0, 0.0, 1.0]], [[809.2209905677063, 0.0, 829.2196003259838], [0.0, 809.2209905677063, 481.77842384512485], [0.0, 0.0, 1.0]], [[1259.5137405846733, 0.0, 807.2529053838625], [0.0, 1259.5137405846733, 501.19579884916527], [0.0, 0.0, 1.0]]], "extrinsics": [[[0.819977343082428, -0.5714837908744812, -0.03230191022157669, -0.92486572265625], [-0.047235116362571716, -0.01131779607385397, -0.9988197088241577, 1.5059356689453125], [0.5704435706138611, 0.8205352425575256, -0.03627443686127663, -1.2520751953125], [0.0, 0.0, 0.0, 1.0]], [[0.006115028169006109, -0.9998677372932434, 0.015074088238179684, 0.0052490234375], [-0.05256573110818863, -0.015374938026070595, -0.9984990954399109, 1.5184059143066406], [0.9985986948013306, 0.005313441157341003, -0.052652791142463684, -1.6518402099609375], [0.0, 0.0, 0.0, 1.0]], [[-0.8322098851203918, -0.5531478524208069, 0.03813302516937256, 1.005859375], [-0.046991534531116486, 0.0018367278389632702, -0.9988935589790344, 1.5021610260009766], [0.5524657964706421, -0.833081066608429, -0.027521809563040733, -1.231201171875], [0.0, 0.0, 0.0, 1.0]], [[0.9467465877532959, 0.31873342394828796, -0.045605238527059555, -1.14117431640625], [-0.03852011263370514, -0.028500495478510857, -0.9988512396812439, 1.5885124206542969], [-0.3196670413017273, 0.947415828704834, -0.014705099165439606, -0.1041259765625], [0.0, 0.0, 0.0, 1.0]], [[0.0018160579493269324, 0.9998247623443604, -0.018634706735610962, 0.002685546875], [-0.06382598727941513, -0.018480852246284485, -0.9977899193763733, 1.5785675048828125], [-0.9979593753814697, 0.0030013995710760355, 0.06378123164176941, -0.0104522705078125], [0.0, 0.0, 0.0, 1.0]], [[-0.9343951344490051, 0.3551357388496399, 0.02800723724067211, 1.114593505859375], [-0.031164707615971565, -0.0031724730506539345, -0.9995092153549194, 1.5507316589355469], [-0.35487255454063416, -0.9348094463348389, 0.014032041653990746, -0.07177734375], [0.0, 0.0, 0.0, 1.0]]], "view": [[0.0, -2.0, 100.0], [-2.0, 0.0, 100.0], [0.0, 0.0, 1.0]], "bev": "bev_fdec95ed6b3b4cdcb114c13bc64f78ef.png", "aux": "aux_fdec95ed6b3b4cdcb114c13bc64f78ef.npz", "visibility": "visibility_fdec95ed6b3b4cdcb114c13bc64f78ef.png", "pose": [[-0.9353431463241577, -0.35374176502227783, 0.0, 841.126708984375], [0.35374176502227783, -0.9353431463241577, 0.0, 1524.605224609375], [0.0, 0.0, 1.0, 0.0], [0.0, 0.0, 0.0, 1.0]], "pose_inverse": [[-0.9353431463241577, 0.35374176502227783, 0.0, 247.42552185058594], [-0.35374176502227783, -0.9353431463241577, 0.0, 1723.5706787109375], [0.0, 0.0, 1.0, 0.0], [0.0, 0.0, 0.0, 1.0]], "cam_ids": [0, 1, 2, 3, 4, 5], "cam_channels": ["CAM_FRONT_LEFT", "CAM_FRONT", "CAM_FRONT_RIGHT", "CAM_BACK_LEFT", "CAM_BACK", "CAM_BACK_RIGHT"], "token": "fdec95ed6b3b4cdcb114c13bc64f78ef", "scene": "scene-0925"}, {"images": ["samples/CAM_FRONT_LEFT/n015-2018-10-08-15-44-23+0800__CAM_FRONT_LEFT__1538984913904844.jpg", "samples/CAM_FRONT/n015-2018-10-08-15-44-23+0800__CAM_FRONT__1538984913912460.jpg", "samples/CAM_FRONT_RIGHT/n015-2018-10-08-15-44-23+0800__CAM_FRONT_RIGHT__1538984913920339.jpg", "samples/CAM_BACK_LEFT/n015-2018-10-08-15-44-23+0800__CAM_BACK_LEFT__1538984913947423.jpg", "samples/CAM_BACK/n015-2018-10-08-15-44-23+0800__CAM_BACK__1538984913937525.jpg", "samples/CAM_BACK_RIGHT/n015-2018-10-08-15-44-23+0800__CAM_BACK_RIGHT__1538984913927893.jpg"], "intrinsics": [[[1272.5979470598488, 0.0, 826.6154927353808], [0.0, 1272.5979470598488, 479.75165386361925], [0.0, 0.0, 1.0]], [[1266.417203046554, 0.0, 816.2670197447984], [0.0, 1266.417203046554, 491.50706579294757], [0.0, 0.0, 1.0]], [[1260.8474446004698, 0.0, 807.968244525554], [0.0, 1260.8474446004698, 495.3344268742088], [0.0, 0.0, 1.0]], [[1256.7414812095406, 0.0, 792.1125740759628], [0.0, 1256.7414812095406, 492.7757465151356], [0.0, 0.0, 1.0]], [[809.2209905677063, 0.0, 829.2196003259838], [0.0, 809.2209905677063, 481.77842384512485], [0.0, 0.0, 1.0]], [[1259.5137405846733, 0.0, 807.2529053838625], [0.0, 1259.5137405846733, 501.19579884916527], [0.0, 0.0, 1.0]]], "extrinsics": [[[0.8199851512908936, -0.5713562965393066, -0.0342969186604023, -0.91973876953125], [-0.049451641738414764, -0.011020679026842117, -0.9987156987190247, 1.5055389404296875], [0.5702446699142456, 0.8206280469894409, -0.037291303277015686, -1.2493896484375], [0.0, 0.0, 0.0, 1.0]], [[0.006260488647967577, -0.999871551990509, 0.014748986810445786, 0.0057373046875], [-0.05477650836110115, -0.01507002767175436, -0.998384952545166, 1.51806640625], [0.9984790086746216, 0.005442468915134668, -0.0548638179898262, -1.647216796875], [0.0, 0.0, 0.0, 1.0]], [[-0.832076907157898, -0.5532307028770447, 0.03979646787047386, 1.0032958984375], [-0.049199990928173065, 0.0021509912330657244, -0.9987865686416626, 1.5019197463989258], [0.5524738430976868, -0.8330252170562744, -0.029008734971284866, -1.22900390625], [0.0, 0.0, 0.0, 1.0]], [[0.9466468691825867, 0.31875261664390564, -0.0475027970969677, -1.14166259765625], [-0.04064357280731201, -0.02813970483839512, -0.9987773299217224, 1.5885353088378906], [-0.31969961524009705, 0.9474201202392578, -0.013683117926120758, -0.10400390625], [0.0, 0.0, 0.0, 1.0]], [[0.0017389430431649089, 0.9998310208320618, -0.0182995293289423, 0.002685546875], [-0.06599238514900208, -0.018144924193620682, -0.9976551532745361, 1.5784912109375], [-0.9978185892105103, 0.0029424806125462055, 0.0659496858716011, -0.0111846923828125], [0.0, 0.0, 0.0, 1.0]], [[-0.9343537092208862, 0.3550665080547333, 0.030180970206856728, 1.112213134765625], [-0.03336673602461815, -0.002850994234904647, -0.9994391202926636, 1.5506038665771484], [-0.35478124022483826, -0.934836745262146, 0.014511245302855968, -0.0723876953125], [0.0, 0.0, 0.0, 1.0]]], "view": [[0.0, -2.0, 100.0], [-2.0, 0.0, 100.0], [0.0, 0.0, 1.0]], "bev": "bev_21b002c73dc142ec8e0e29c3f9353e68.png", "aux": "aux_21b002c73dc142ec8e0e29c3f9353e68.npz", "visibility": "visibility_21b002c73dc142ec8e0e29c3f9353e68.png", "pose": [[-0.9350409507751465, -0.3545397222042084, 0.0, 840.5265502929688], [0.3545397222042084, -0.9350409507751465, 0.0, 1524.83447265625], [0.0, 0.0, 1.0, 0.0], [0.0, 0.0, 0.0, 1.0]], "pose_inverse": [[-0.9350409507751465, 0.3545397222042084, 0.0, 245.3123321533203], [-0.3545397222042084, -0.9350409507751465, 0.0, 1723.78271484375], [0.0, 0.0, 1.0, 0.0], [0.0, 0.0, 0.0, 1.0]], "cam_ids": [0, 1, 2, 3, 4, 5], "cam_channels": ["CAM_FRONT_LEFT", "CAM_FRONT", "CAM_FRONT_RIGHT", "CAM_BACK_LEFT", "CAM_BACK", "CAM_BACK_RIGHT"], "token": "21b002c73dc142ec8e0e29c3f9353e68", "scene": "scene-0925"}, {"images": ["samples/CAM_FRONT_LEFT/n015-2018-10-08-15-44-23+0800__CAM_FRONT_LEFT__1538984914404844.jpg", "samples/CAM_FRONT/n015-2018-10-08-15-44-23+0800__CAM_FRONT__1538984914412460.jpg", "samples/CAM_FRONT_RIGHT/n015-2018-10-08-15-44-23+0800__CAM_FRONT_RIGHT__1538984914420339.jpg", "samples/CAM_BACK_LEFT/n015-2018-10-08-15-44-23+0800__CAM_BACK_LEFT__1538984914447423.jpg", "samples/CAM_BACK/n015-2018-10-08-15-44-23+0800__CAM_BACK__1538984914437525.jpg", "samples/CAM_BACK_RIGHT/n015-2018-10-08-15-44-23+0800__CAM_BACK_RIGHT__1538984914427893.jpg"], "intrinsics": [[[1272.5979470598488, 0.0, 826.6154927353808], [0.0, 1272.5979470598488, 479.75165386361925], [0.0, 0.0, 1.0]], [[1266.417203046554, 0.0, 816.2670197447984], [0.0, 1266.417203046554, 491.50706579294757], [0.0, 0.0, 1.0]], [[1260.8474446004698, 0.0, 807.968244525554], [0.0, 1260.8474446004698, 495.3344268742088], [0.0, 0.0, 1.0]], [[1256.7414812095406, 0.0, 792.1125740759628], [0.0, 1256.7414812095406, 492.7757465151356], [0.0, 0.0, 1.0]], [[809.2209905677063, 0.0, 829.2196003259838], [0.0, 809.2209905677063, 481.77842384512485], [0.0, 0.0, 1.0]], [[1259.5137405846733, 0.0, 807.2529053838625], [0.0, 1259.5137405846733, 501.19579884916527], [0.0, 0.0, 1.0]]], "extrinsics": [[[0.8199160099029541, -0.5713508129119873, -0.03599900007247925, -0.92584228515625], [-0.05095929652452469, -0.010207384824752808, -0.9986485838890076, 1.5058021545410156], [0.5702112317085266, 0.8206424117088318, -0.03748483583331108, -1.252685546875], [0.0, 0.0, 0.0, 1.0]], [[0.006259947549551725, -0.999883234500885, 0.013937272131443024, 0.0050048828125], [-0.05628012493252754, -0.014267737977206707, -0.9983131289482117, 1.518310546875], [0.9983953237533569, 0.005464993882924318, -0.05636286735534668, -1.652862548828125], [0.0, 0.0, 0.0, 1.0]], [[-0.8320252895355225, -0.5532494187355042, 0.040608420968055725, 1.0067138671875], [-0.05070015415549278, 0.0029422373045235872, -0.9987095594406128, 1.5020751953125], [0.5524159669876099, -0.8330104947090149, -0.030497845262289047, -1.231689453125], [0.0, 0.0, 0.0, 1.0]], [[0.946574330329895, 0.31879565119743347, -0.04864269867539406, -1.140625], [-0.04208625108003616, -0.027426699176430702, -0.9987374544143677, 1.5884857177734375], [-0.31972724199295044, 0.9474265575408936, -0.012544498778879642, -0.104248046875], [0.0, 0.0, 0.0, 1.0]], [[0.00171363924164325, 0.9998443126678467, -0.017561810091137886, 0.0028076171875], [-0.06745769828557968, -0.017406251281499863, -0.997570276260376, 1.5785331726074219], [-0.9977206587791443, 0.002894175937399268, 0.06741736084222794, -0.010345458984375], [0.0, 0.0, 0.0, 1.0]], [[-0.9343041181564331, 0.3550514280796051, 0.031846530735492706, 1.115081787109375], [-0.034853629767894745, -0.0020751289557665586, -0.9993903040885925, 1.5506591796875], [-0.35476887226104736, -0.934844434261322, 0.014313634485006332, -0.0718994140625], [0.0, 0.0, 0.0, 1.0]]], "view": [[0.0, -2.0, 100.0], [-2.0, 0.0, 100.0], [0.0, 0.0, 1.0]], "bev": "bev_28993b0f0b6d417a9132d2ca6f695a9c.png", "aux": "aux_28993b0f0b6d417a9132d2ca6f695a9c.npz", "visibility": "visibility_28993b0f0b6d417a9132d2ca6f695a9c.png", "pose": [[-0.9347453713417053, -0.35531821846961975, 0.0, 839.9752197265625], [0.35531821846961975, -0.9347453713417053, 0.0, 1525.0439453125], [0.0, 0.0, 1.0, 0.0], [0.0, 0.0, 0.0, 1.0]], "pose_inverse": [[-0.9347453713417053, 0.35531821846961975, 0.0, 243.2870635986328], [-0.35531821846961975, -0.9347453713417053, 0.0, 1723.986328125], [0.0, 0.0, 1.0, 0.0], [0.0, 0.0, 0.0, 1.0]], "cam_ids": [0, 1, 2, 3, 4, 5], "cam_channels": ["CAM_FRONT_LEFT", "CAM_FRONT", "CAM_FRONT_RIGHT", "CAM_BACK_LEFT", "CAM_BACK", "CAM_BACK_RIGHT"], "token": "28993b0f0b6d417a9132d2ca6f695a9c", "scene": "scene-0925"}, {"images": ["samples/CAM_FRONT_LEFT/n015-2018-10-08-15-44-23+0800__CAM_FRONT_LEFT__1538984914904844.jpg", "samples/CAM_FRONT/n015-2018-10-08-15-44-23+0800__CAM_FRONT__1538984914912460.jpg", "samples/CAM_FRONT_RIGHT/n015-2018-10-08-15-44-23+0800__CAM_FRONT_RIGHT__1538984914920339.jpg", "samples/CAM_BACK_LEFT/n015-2018-10-08-15-44-23+0800__CAM_BACK_LEFT__1538984914947423.jpg", "samples/CAM_BACK/n015-2018-10-08-15-44-23+0800__CAM_BACK__1538984914937525.jpg", "samples/CAM_BACK_RIGHT/n015-2018-10-08-15-44-23+0800__CAM_BACK_RIGHT__1538984914927893.jpg"], "intrinsics": [[[1272.5979470598488, 0.0, 826.6154927353808], [0.0, 1272.5979470598488, 479.75165386361925], [0.0, 0.0, 1.0]], [[1266.417203046554, 0.0, 816.2670197447984], [0.0, 1266.417203046554, 491.50706579294757], [0.0, 0.0, 1.0]], [[1260.8474446004698, 0.0, 807.968244525554], [0.0, 1260.8474446004698, 495.3344268742088], [0.0, 0.0, 1.0]], [[1256.7414812095406, 0.0, 792.1125740759628], [0.0, 1256.7414812095406, 492.7757465151356], [0.0, 0.0, 1.0]], [[809.2209905677063, 0.0, 829.2196003259838], [0.0, 809.2209905677063, 481.77842384512485], [0.0, 0.0, 1.0]], [[1259.5137405846733, 0.0, 807.2529053838625], [0.0, 1259.5137405846733, 501.19579884916527], [0.0, 0.0, 1.0]]], "extrinsics": [[[0.819891095161438, -0.571382999420166, -0.03605591133236885, -0.94146728515625], [-0.05112190917134285, -0.010339057072997093, -0.9986388683319092, 1.5067939758300781], [0.5702325105667114, 0.8206183910369873, -0.037687089294195175, -1.2642822265625], [0.0, 0.0, 0.0, 1.0]], [[0.006233004853129387, -0.9998819231987, 0.014041349291801453, 0.00537109375], [-0.05636804550886154, -0.014370610006153584, -0.9983066916465759, 1.5192146301269531], [0.9983905553817749, 0.00543097173795104, -0.05645096302032471, -1.668975830078125], [0.0, 0.0, 0.0, 1.0]], [[-0.8320372700691223, -0.5532276034355164, 0.040658291429281235, 1.0172119140625], [-0.05071033164858818, 0.0028687596786767244, -0.9987092614173889, 1.5027151107788086], [0.5523968935012817, -0.8330252170562744, -0.030441269278526306, -1.23828125], [0.0, 0.0, 0.0, 1.0]], [[0.9465826153755188, 0.3187878727912903, -0.04853472113609314, -1.14202880859375], [-0.04197240248322487, -0.027426794171333313, -0.9987422227859497, 1.5885467529296875], [-0.31971806287765503, 0.9474291205406189, -0.012581434100866318, -0.103759765625], [0.0, 0.0, 0.0, 1.0]], [[0.0017239522421732545, 0.9998438954353333, -0.01758512854576111, 0.0025634765625], [-0.06738273054361343, -0.01742904074490