[{"images": ["samples/CAM_FRONT_LEFT/n008-2018-08-01-15-16-36-0400__CAM_FRONT_LEFT__1533151881504799.jpg", "samples/CAM_FRONT/n008-2018-08-01-15-16-36-0400__CAM_FRONT__1533151881512404.jpg", "samples/CAM_FRONT_RIGHT/n008-2018-08-01-15-16-36-0400__CAM_FRONT_RIGHT__1533151881520482.jpg", "samples/CAM_BACK_LEFT/n008-2018-08-01-15-16-36-0400__CAM_BACK_LEFT__1533151881547405.jpg", "samples/CAM_BACK/n008-2018-08-01-15-16-36-0400__CAM_BACK__1533151881537558.jpg", "samples/CAM_BACK_RIGHT/n008-2018-08-01-15-16-36-0400__CAM_BACK_RIGHT__1533151881528113.jpg"], "intrinsics": [[[1257.8625342125129, 0.0, 827.2410631095686], [0.0, 1257.8625342125129, 450.915498205774], [0.0, 0.0, 1.0]], [[1252.8131021185304, 0.0, 826.588114781398], [0.0, 1252.8131021185304, 469.9846626224581], [0.0, 0.0, 1.0]], [[1256.7485116440405, 0.0, 817.7887570959712], [0.0, 1256.7485116440403, 451.9541780095127], [0.0, 0.0, 1.0]], [[1254.9860565800168, 0.0, 829.5769333630991], [0.0, 1254.9860565800168, 467.1680561863987], [0.0, 0.0, 1.0]], [[796.8910634503094, 0.0, 857.7774326863696], [0.0, 796.8910634503094, 476.8848988407415], [0.0, 0.0, 1.0]], [[1249.9629280788233, 0.0, 825.3768045375984], [0.0, 1249.9629280788233, 462.54816385708756], [0.0, 0.0, 1.0]]], "extrinsics": [[[0.8223788142204285, -0.5685839653015137, -0.020135559141635895, -0.6485748291015625], [-0.002142644487321377, 0.03229592368006706, -0.9994760751724243, 1.4872055053710938], [0.5689364075660706, 0.8219910264015198, 0.025341210886836052, -1.093017578125], [0.0, 0.0, 0.0, 1.0]], [[0.00997278094291687, -0.9995568990707397, -0.028045643121004105, 0.01318359375], [-0.0005703326314687729, 0.028041349723935127, -0.9996066093444824, 1.4798431396484375], [0.9999500513076782, 0.00998481921851635, -0.00029042887035757303, -1.380126953125], [0.0, 0.0, 0.0, 1.0]], [[-0.8441779613494873, -0.53581702709198, -0.016238007694482803, 0.860107421875], [0.007044557482004166, 0.019200120121240616, -0.9997908473014832, 1.4949455261230469], [0.5360167622566223, -0.8441158533096313, -0.012433727271854877, -1.12744140625], [0.0, 0.0, 0.0, 1.0]], [[0.9478251934051514, 0.3187003433704376, -0.007584122009575367, -1.13427734375], [-0.01936555653810501, 0.03381484001874924, -0.9992404580116272, 1.5618400573730469], [-0.31820181012153625, 0.9472522139549255, 0.03822236508131027, -0.159423828125], [0.0, 0.0, 0.0, 1.0]], [[0.009443279355764389, 0.9996083378791809, 0.02634485252201557, -0.0289306640625], [-0.01694406010210514, 0.026502205058932304, -0.9995051026344299, 1.5662193298339844], [-0.9998118281364441, 0.00899231992661953, 0.0171876922249794, -0.06256103515625], [0.0, 0.0, 0.0, 1.0]], [[-0.9236547946929932, 0.3830053210258484, 0.012987950816750526, 0.97509765625], [-0.012402146123349667, 0.003998758736997843, -0.9999150633811951, 1.5453243255615234], [-0.3830247223377228, -0.9237374663352966, 0.0010566147975623608, -0.117919921875], [0.0, 0.0, 0.0, 1.0]]], "view": [[0.0, -2.0, 100.0], [-2.0, 0.0, 100.0], [0.0, 0.0, 1.0]], "bev": "bev_80c91574d0174206a74435200aba8ba8.png", "aux": "aux_80c91574d0174206a74435200aba8ba8.npz", "visibility": "visibility_80c91574d0174206a74435200aba8ba8.png", "pose": [[0.8444077968597412, 0.5357009172439575, 0.0, 1901.264892578125], [-0.5357009172439575, 0.8444077968597412, 0.0, 1062.51171875], [0.0, 0.0, 1.0, 0.0], [0.0, 0.0, 0.0, 1.0]], "pose_inverse": [[0.8444077968597412, -0.5357009172439575, 0.0, -1036.25439453125], [0.5357009172439575, 0.8444077968597412, 0.0, -1915.7025146484375], [0.0, 0.0, 1.0, 0.0], [0.0, 0.0, 0.0, 1.0]], "cam_ids": [0, 1, 2, 3, 4, 5], "cam_channels": ["CAM_FRONT_LEFT", "CAM_FRONT", "CAM_FRONT_RIGHT", "CAM_BACK_LEFT", "CAM_BACK", "CAM_BACK_RIGHT"], "token": "80c91574d0174206a74435200aba8ba8", "scene": "scene-0110"}, {"images": ["samples/CAM_FRONT_LEFT/n008-2018-08-01-15-16-36-0400__CAM_FRONT_LEFT__1533151882004799.jpg", "samples/CAM_FRONT/n008-2018-08-01-15-16-36-0400__CAM_FRONT__1533151882012404.jpg", "samples/CAM_FRONT_RIGHT/n008-2018-08-01-15-16-36-0400__CAM_FRONT_RIGHT__1533151882020482.jpg", "samples/CAM_BACK_LEFT/n008-2018-08-01-15-16-36-0400__CAM_BACK_LEFT__1533151882047405.jpg", "samples/CAM_BACK/n008-2018-08-01-15-16-36-0400__CAM_BACK__1533151882037558.jpg", "samples/CAM_BACK_RIGHT/n008-2018-08-01-15-16-36-0400__CAM_BACK_RIGHT__1533151882028113.jpg"], "intrinsics": [[[1257.8625342125129, 0.0, 827.2410631095686], [0.0, 1257.8625342125129, 450.915498205774], [0.0, 0.0, 1.0]], [[1252.8131021185304, 0.0, 826.588114781398], [0.0, 1252.8131021185304, 469.9846626224581], [0.0, 0.0, 1.0]], [[1256.7485116440405, 0.0, 817.7887570959712], [0.0, 1256.7485116440403, 451.9541780095127], [0.0, 0.0, 1.0]], [[1254.9860565800168, 0.0, 829.5769333630991], [0.0, 1254.9860565800168, 467.1680561863987], [0.0, 0.0, 1.0]], [[796.8910634503094, 0.0, 857.7774326863696], [0.0, 796.8910634503094, 476.8848988407415], [0.0, 0.0, 1.0]], [[1249.9629280788233, 0.0, 825.3768045375984], [0.0, 1249.9629280788233, 462.54816385708756], [0.0, 0.0, 1.0]]], "extrinsics": [[[0.8219181299209595, -0.569454550743103, -0.013116392306983471, -0.633453369140625], [0.005828835070133209, 0.03143448382616043, -0.9994888305664062, 1.490814208984375], [0.5695757865905762, 0.8214215636253357, 0.029155828058719635, -1.079833984375], [0.0, 0.0, 0.0, 1.0]], [[0.009345817379653454, -0.9995834827423096, -0.027304112911224365, 0.0115966796875], [0.007561019621789455, 0.02737516537308693, -0.9995965957641602, 1.4828910827636719], [0.9999276995658875, 0.00913558341562748, 0.00781371258199215, -1.364013671875], [0.0, 0.0, 0.0, 1.0]], [[-0.8443791270256042, -0.5352523922920227, -0.022993555292487144, 0.8489990234375], [0.01534536387771368, 0.018737899139523506, -0.9997066259384155, 1.4974479675292969], [0.5355262756347656, -0.8444843292236328, -0.007608249317854643, -1.121826171875], [0.0, 0.0, 0.0, 1.0]], [[0.9479048848152161, 0.3185529410839081, 0.0006068754009902477, -1.1343994140625], [-0.010720672085881233, 0.033804964274168015, -0.9993709325790405, 1.5619316101074219], [-0.3183731138706207, 0.9473021030426025, 0.035458993166685104, -0.1593017578125], [0.0, 0.0, 0.0, 1.0]], [[0.009551708586513996, 0.9996085166931152, 0.026298657059669495, -0.028564453125], [-0.008301316760480404, 0.026378216221928596, -0.9996175765991211, 1.5671195983886719], [-0.9999199509620667, 0.009329726919531822, 0.008550024591386318, -0.06689453125], [0.0, 0.0, 0.0, 1.0]], [[-0.9235337972640991, 0.383484810590744, 0.0049720159731805325, 0.9674835205078125], [-0.0038356147706508636, 0.00372798228636384, -0.9999856948852539, 1.5470097064971924], [-0.38349780440330505, -0.9235396385192871, -0.0019720164127647877, -0.122314453125], [0.0, 0.0, 0.0, 1.0]]], "view": [[0.0, -2.0, 100.0], [-2.0, 0.0, 100.0], [0.0, 0.0, 1.0]], "bev": "bev_69d6788855054c9c98a508fc3afd4515.png", "aux": "aux_69d6788855054c9c98a508fc3afd4515.npz", "visibility": "visibility_69d6788855054c9c98a508fc3afd4515.png", "pose": [[0.8467661142349243, 0.5319653749465942, 0.0, 1905.5289306640625], [-0.5319653749465942, 0.8467661142349243, 0.0, 1059.7581787109375], [0.0, 0.0, 1.0, 0.0], [0.0, 0.0, 0.0, 1.0]], "pose_inverse": [[0.8467661142349243, -0.5319653749465942, 0.0, -1049.7825927734375], [0.5319653749465942, 0.8467661142349243, 0.0, -1911.042724609375], [0.0, 0.0, 1.0, 0.0], [0.0, 0.0, 0.0, 1.0]], "cam_ids": [0, 1, 2, 3, 4, 5], "cam_channels": ["CAM_FRONT_LEFT", "CAM_FRONT", "CAM_FRONT_RIGHT", "CAM_BACK_LEFT", "CAM_BACK", "CAM_BACK_RIGHT"], "token": "69d6788855054c9c98a508fc3afd4515", "scene": "scene-0110"}, {"images": ["samples/CAM_FRONT_LEFT/n008-2018-08-01-15-16-36-0400__CAM_FRONT_LEFT__1533151882504799.jpg", "samples/CAM_FRONT/n008-2018-08-01-15-16-36-0400__CAM_FRONT__1533151882512404.jpg", "samples/CAM_FRONT_RIGHT/n008-2018-08-01-15-16-36-0400__CAM_FRONT_RIGHT__1533151882520482.jpg", "samples/CAM_BACK_LEFT/n008-2018-08-01-15-16-36-0400__CAM_BACK_LEFT__1533151882547405.jpg", "samples/CAM_BACK/n008-2018-08-01-15-16-36-0400__CAM_BACK__1533151882537558.jpg", "samples/CAM_BACK_RIGHT/n008-2018-08-01-15-16-36-0400__CAM_BACK_RIGHT__1533151882528113.jpg"], "intrinsics": [[[1257.8625342125129, 0.0, 827.2410631095686], [0.0, 1257.8625342125129, 450.915498205774], [0.0, 0.0, 1.0]], [[1252.8131021185304, 0.0, 826.588114781398], [0.0, 1252.8131021185304, 469.9846626224581], [0.0, 0.0, 1.0]], [[1256.7485116440405, 0.0, 817.7887570959712], [0.0, 1256.7485116440403, 451.9541780095127], [0.0, 0.0, 1.0]], [[1254.9860565800168, 0.0, 829.5769333630991], [0.0, 1254.9860565800168, 467.1680561863987], [0.0, 0.0, 1.0]], [[796.8910634503094, 0.0, 857.7774326863696], [0.0, 796.8910634503094, 476.8848988407415], [0.0, 0.0, 1.0]], [[1249.9629280788233, 0.0, 825.3768045375984], [0.0, 1249.9629280788233, 462.54816385708756], [0.0, 0.0, 1.0]]], "extrinsics": [[[0.8224279880523682, -0.5686313509941101, -0.01645570620894432, -0.6622314453125], [0.0015325064305216074, 0.03114158846437931, -0.9995138049125671, 1.4888801574707031], [0.5688672661781311, 0.8220028281211853, 0.026483142748475075, -1.09814453125], [0.0, 0.0, 0.0, 1.0]], [[0.010057708248496056, -0.9995852708816528, -0.026982523500919342, 0.0101318359375], [0.0034471747931092978, 0.027018388733267784, -0.999629020690918, 1.4813117980957031], [0.9999434947967529, 0.00996103510260582, 0.00371748860925436, -1.3927001953125], [0.0, 0.0, 0.0, 1.0]], [[-0.8441153168678284, -0.5358083248138428, -0.019463660195469856, 0.868896484375], [0.011426105163991451, 0.01831657625734806, -0.9997668862342834, 1.4960594177246094], [0.5360400080680847, -0.8441410064697266, -0.009339101612567902, -1.135498046875], [0.0, 0.0, 0.0, 1.0]], [[0.9478698372840881, 0.31864863634109497, -0.0024392493069171906, -1.1416015625], [-0.01382514275610447, 0.03347507119178772, -0.9993439316749573, 1.5620079040527344], [-0.3183579444885254, 0.9472816586494446, 0.03613537177443504, -0.156982421875], [0.0, 0.0, 0.0, 1.0]], [[0.009350345470011234, 0.9996222853660583, 0.02584223262965679, -0.0283203125], [-0.011795994825661182, 0.025951828807592392, -0.9995935559272766, 1.5668983459472656], [-0.999886691570282, 0.00904169026762247, 0.012034198269248009, -0.053466796875], [0.0, 0.0, 0.0, 1.0]], [[-0.9236931204795837, 0.38304316997528076, 0.008300644345581532, 0.985626220703125], [-0.007640888448804617, 0.0032438153866678476, -0.9999655485153198, 1.5463618040084839], [-0.3830568790435791, -0.9237247705459595, -6.950089300516993e-05, -0.115478515625], [0.0, 0.0, 0.0, 1.0]]], "view": [[0.0, -2.0, 100.0], [-2.0, 0.0, 100.0], [0.0, 0.0, 1.0]], "bev": "bev_000868a72138448191b4092f75ed7776.png", "aux": "aux_000868a72138448191b4092f75ed7776.npz", "visibility": "visibility_000868a72138448191b4092f75ed7776.png", "pose": [[0.8470867872238159, 0.5314546227455139, 0.0, 1909.6763916015625], [-0.5314546227455139, 0.8470867872238159, 0.0, 1057.086181640625], [0.0, 0.0, 1.0, 0.0], [0.0, 0.0, 0.0, 1.0]], "pose_inverse": [[0.8470867872238159, -0.5314546227455139, 0.0, -1055.8682861328125], [0.5314546227455139, 0.8470867872238159, 0.0, -1910.35009765625], [0.0, 0.0, 1.0, 0.0], [0.0, 0.0, 0.0, 1.0]], "cam_ids": [0, 1, 2, 3, 4, 5], "cam_channels": ["CAM_FRONT_LEFT", "CAM_FRONT", "CAM_FRONT_RIGHT", "CAM_BACK_LEFT", "CAM_BACK", "CAM_BACK_RIGHT"], "token": "000868a72138448191b4092f75ed7776", "scene": "scene-0110"}, {"images": ["samples/CAM_FRONT_LEFT/n008-2018-08-01-15-16-36-0400__CAM_FRONT_LEFT__1533151883004806.jpg", "samples/CAM_FRONT/n008-2018-08-01-15-16-36-0400__CAM_FRONT__1533151883012404.jpg", "samples/CAM_FRONT_RIGHT/n008-2018-08-01-15-16-36-0400__CAM_FRONT_RIGHT__1533151883020482.jpg", "samples/CAM_BACK_LEFT/n008-2018-08-01-15-16-36-0400__CAM_BACK_LEFT__1533151883047405.jpg", "samples/CAM_BACK/n008-2018-08-01-15-16-36-0400__CAM_BACK__1533151883037558.jpg", "samples/CAM_BACK_RIGHT/n008-2018-08-01-15-16-36-0400__CAM_BACK_RIGHT__1533151883028113.jpg"], "intrinsics": [[[1257.8625342125129, 0.0, 827.2410631095686], [0.0, 1257.8625342125129, 450.915498205774], [0.0, 0.0, 1.0]], [[1252.8131021185304, 0.0, 826.588114781398], [0.0, 1252.8131021185304, 469.9846626224581], [0.0, 0.0, 1.0]], [[1256.7485116440405, 0.0, 817.7887570959712], [0.0, 1256.7485116440403, 451.9541780095127], [0.0, 0.0, 1.0]], [[1254.9860565800168, 0.0, 829.5769333630991], [0.0, 1254.9860565800168, 467.1680561863987], [0.0, 0.0, 1.0]], [[796.8910634503094, 0.0, 857.7774326863696], [0.0, 796.8910634503094, 476.8848988407415], [0.0, 0.0, 1.0]], [[1249.9629280788233, 0.0, 825.3768045375984], [0.0, 1249.9629280788233, 462.54816385708756], [0.0, 0.0, 1.0]]], "extrinsics": [[[0.8222337365150452, -0.5690186023712158, -0.012234034016728401, -0.66925048828125], [0.006610463839024305, 0.031041551381349564, -0.9994962215423584, 1.4908599853515625], [0.5691116452217102, 0.8217386603355408, 0.0292848851531744, -1.105224609375], [0.0, 0.0, 0.0, 1.0]], [[0.009795946069061756, -0.9995941519737244, -0.026752261444926262, 0.0118408203125], [0.00860573910176754, 0.026836831122636795, -0.9996027946472168, 1.4829521179199219], [0.9999149441719055, 0.009561799466609955, 0.00886513851583004, -1.4012451171875], [0.0, 0.0, 0.0, 1.0]], [[-0.8441740274429321, -0.5355432033538818, -0.02374393120408058, 0.875], [0.016669459640979767, 0.018046800047159195, -0.9996981620788574, 1.4973106384277344], [0.5358101725578308, -0.8443149924278259, -0.006307423114776611, -1.1378173828125], [0.0, 0.0, 0.0, 1.0]], [[0.9478765726089478, 0.3186296820640564, 0.0022712794598191977, -1.1429443359375], [-0.008661131374537945, 0.03288974612951279, -0.9994214177131653, 1.5620269775390625], [-0.31852003931999207, 0.9473085403442383, 0.03393511101603508, -0.15673828125], [0.0, 0.0, 0.0, 1.0]], [[0.009352834895253181, 0.9996325373649597, 0.025445034727454185, -0.0289306640625], [-0.00654812203720212, 0.025506827980279922, -0.9996532201766968, 1.5674171447753906], [-0.9999348521232605, 0.009182984940707684, 0.006784277502447367, -0.05029296875], [0.0, 0.0, 0.0, 1.0]], [[-0.9236295819282532, 0.38327208161354065, 0.0033024942968040705, 0.98968505859375], [-0.0023707360960543156, 0.0029033920727670193, -0.9999929666519165, 1.5473694801330566], [-0.3832789361476898, -0.9236308932304382, -0.0017730217659845948, -0.112548828125], [0.0, 0.0, 0.0, 1.0]]], "view": [[0.0, -2.0, 100.0], [-2.0, 0.0, 100.0], [0.0, 0.0, 1.0]], "bev": "bev_783ff0de60574dbcb9ba4773fcbb10e2.png", "aux": "aux_783ff0de60574dbcb9ba4773fcbb10e2.npz", "visibility": "visibility_783ff0de60574dbcb9ba4773fcbb10e2.png", "pose": [[0.8498661518096924, 0.5269986391067505, 0.0, 1913.7138671875], [-0.5269986391067505, 0.8498661518096924, 0.0, 1054.5140380859375], [0.0, 0.0, 1.0, 0.0], [0.0, 0.0, 0.0, 1.0]], "pose_inverse": [[0.8498661518096924, -0.5269986391067505, 0.0, -1070.673095703125], [0.5269986391067505, 0.8498661518096924, 0.0, -1904.7203369140625], [0.0, 0.0, 1.0, 0.0], [0.0, 0.0, 0.0, 1.0]], "cam_ids": [0, 1, 2, 3, 4, 5], "cam_channels": ["CAM_FRONT_LEFT", "CAM_FRONT", "CAM_FRONT_RIGHT", "CAM_BACK_LEFT", "CAM_BACK", "CAM_BACK_RIGHT"], "token": "783ff0de60574dbcb9ba4773fcbb10e2", "scene": "scene-0110"}, {"images": ["samples/CAM_FRONT_LEFT/n008-2018-08-01-15-16-36-0400__CAM_FRONT_LEFT__1533151883504799.jpg", "samples/CAM_FRONT/n008-2018-08-01-15-16-36-0400__CAM_FRONT__1533151883512404.jpg", "samples/CAM_FRONT_RIGHT/n008-2018-08-01-15-16-36-0400__CAM_FRONT_RIGHT__1533151883520482.jpg", "samples/CAM_BACK_LEFT/n008-2018-08-01-15-16-36-0400__CAM_BACK_LEFT__1533151883547405.jpg", "samples/CAM_BACK/n008-2018-08-01-15-16-36-0400__CAM_BACK__1533151883537558.jpg", "samples/CAM_BACK_RIGHT/n008-2018-08-01-15-16-36-0400__CAM_BACK_RIGHT__1533151883528113.jpg"], "intrinsics": [[[1257.8625342125129, 0.0, 827.2410631095686], [0.0, 1257.8625342125129, 450.915498205774], [0.0, 0.0, 1.0]], [[1252.8131021185304, 0.0, 826.588114781398], [0.0, 1252.8131021185304, 469.9846626224581], [0.0, 0.0, 1.0]], [[1256.7485116440405, 0.0, 817.7887570959712], [0.0, 1256.7485116440403, 451.9541780095127], [0.0, 0.0, 1.0]], [[1254.9860565800168, 0.0, 829.5769333630991], [0.0, 1254.9860565800168, 467.1680561863987], [0.0, 0.0, 1.0]], [[796.8910634503094, 0.0, 857.7774326863696], [0.0, 796.8910634503094, 476.8848988407415], [0.0, 0.0, 1.0]], [[1249.9629280788233, 0.0, 825.3768045375984], [0.0, 1249.9629280788233, 462.54816385708756], [0.0, 0.0, 1.0]]], "extrinsics": [[[0.8224331140518188, -0.5687899589538574, -0.009047119878232479, -0.6588287353515625], [0.006754928268492222, 0.02566748857498169, -0.9996477365493774, 1.4910125732421875], [0.5688217878341675, 0.8220822215080261, 0.024951927363872528, -1.098876953125], [0.0, 0.0, 0.0, 1.0]], [[0.010081715881824493, -0.9997206330299377, -0.021376438438892365, 0.0123291015625], [0.008788916282355785, 0.02146529033780098, -0.9997309446334839, 1.4831085205078125], [0.9999105334281921, 0.009891219437122345, 0.009002868086099625, -1.391357421875], [0.0, 0.0, 0.0, 1.0]], [[-0.8440499901771545, -0.5358509421348572, -0.021058250218629837, 0.8690185546875], [0.01689392328262329, 0.012679346837103367, -0.9997768402099609, 1.4975013732910156], [0.5359984040260315, -0.8442174792289734, -0.0016493787989020348, -1.13385009765625], [0.0, 0.0, 0.0, 1.0]], [[0.9476937651634216, 0.31917935609817505, 0.001024106633849442, -1.1451416015625], [-0.008211313746869564, 0.027587920427322388, -0.9995856285095215, 1.56201171875], [-0.3190753161907196, 0.947292685508728, 0.028765782713890076, -0.1571044921875], [0.0, 0.0, 0.0, 1.0]], [[0.00901681836694479, 0.9997574687004089, 0.020094022154808044, -0.029296875], [-0.006136325653642416, 0.020149782299995422, -0.999778151512146, 1.5674419403076172], [-0.9999405145645142, 0.008891487494111061, 0.006316524930298328, -0.0518798828125], [0.0, 0.0, 0.0, 1.0]], [[-0.9236937761306763, 0.3831303119659424, 0.0009257077472284436, 0.98516845703125], [-0.00202722055837512, -0.0024712940212339163, -0.9999949336051941, 1.5474309921264648], [-0.3831261098384857, -0.9236909747123718, 0.003059408627450466, -0.114501953125], [0.0, 0.0, 0.0, 1.0]]], "view": [[0.0, -2.0, 100.0], [-2.0, 0.0, 100.0], [0.0, 0.0, 1.0]], "bev": "bev_ae99f920a69243f48718491110582d6e.png", "aux": "aux_ae99f920a69243f48718491110582d6e.npz", "visibility": "visibility_ae99f920a69243f48718491110582d6e.png", "pose": [[0.8550406694412231, 0.5185609459877014, 0.0, 1917.83154296875], [-0.5185609459877014, 0.8550406694412231, 0.0, 1051.95556640625], [0.0, 0.0, 1.0, 0.0], [0.0, 0.0, 0.0, 1.0]], "pose_inverse": [[0.8550406694412231, -0.5185609459877014, 0.0, -1094.3209228515625], [0.5185609459877014, 0.8550406694412231, 0.0, -1893.977294921875], [0.0, 0.0, 1.0, 0.0], [0.0, 0.0, 0.0, 1.0]], "cam_ids": [0, 1, 2, 3, 4, 5], "cam_channels": ["CAM_FRONT_LEFT", "CAM_FRONT", "CAM_FRONT_RIGHT", "CAM_BACK_LEFT", "CAM_BACK", "CAM_BACK_RIGHT"], "token": "ae99f920a69243f48718491110582d6e", "scene": "scene-0110"}, {"images": ["samples/CAM_FRONT_LEFT/n008-2018-08-01-15-16-36-0400__CAM_FRONT_LEFT__1533151884004799.jpg", "samples/CAM_FRONT/n008-2018-08-01-15-16-36-0400__CAM_FRONT__1533151884012404.jpg", "samples/CAM_FRONT_RIGHT/n008-2018-08-01-15-16-36-0400__CAM_FRONT_RIGHT__1533151884020482.jpg", "samples/CAM_BACK_LEFT/n008-2018-08-01-15-16-36-0400__CAM_BACK_LEFT__1533151884047405.jpg", "samples/CAM_BACK/n008-2018-08-01-15-16-36-0400__CAM_BACK__1533151884037558.jpg", "samples/CAM_BACK_RIGHT/n008-2018-08-01-15-16-36-0400__CAM_BACK_RIGHT__1533151884028113.jpg"], "intrinsics": [[[1257.8625342125129, 0.0, 827.2410631095686], [0.0, 1257.8625342125129, 450.915498205774], [0.0, 0.0, 1.0]], [[1252.8131021185304, 0.0, 826.588114781398], [0.0, 1252.8131021185304, 469.9846626224581], [0.0, 0.0, 1.0]], [[1256.7485116440405, 0.0, 817.7887570959712], [0.0, 1256.7485116440403, 451.9541780095127], [0.0, 0.0, 1.0]], [[1254.9860565800168, 0.0, 829.5769333630991], [0.0, 1254.9860565800168, 467.1680561863987], [0.0, 0.0, 1.0]], [[796.8910634503094, 0.0, 857.7774326863696], [0.0, 796.8910634503094, 476.8848988407415], [0.0, 0.0, 1.0]], [[1249.9629280788233, 0.0, 825.3768045375984], [0.0, 1249.9629280788233, 462.54816385708756], [0.0, 0.0, 1.0]]], "extrinsics": [[[0.822363018989563, -0.5689163208007812, -0.0072981733828783035, -0.6562652587890625], [0.006385347340255976, 0.022054776549339294, -0.9997363686561584, 1.4908256530761719], [0.5689272880554199, 0.8220996260643005, 0.02176976203918457, -1.099853515625], [0.0, 0.0, 0.0, 1.0]], [[0.01000530831515789, -0.9997901916503906, -0.017873646691441536, 0.0140380859375], [0.008323609828948975, 0.01795719377696514, -0.9998041391372681, 1.4829368591308594], [0.9999152421951294, 0.009854603558778763, 0.008501531556248665, -1.390380859375], [0.0, 0.0, 0.0, 1.0]], [[-0.8440870046615601, -0.5358780026435852, -0.018759405240416527, 0.869384765625], [0.01632772758603096, 0.009282100014388561, -0.9998236298561096, 1.4973526000976562], [0.5359576344490051, -0.8442444205284119, 0.000914769945666194, -1.13226318359375], [0.0, 0.0, 0.0, 1.0]], [[0.9478604197502136, 0.31868472695350647, -0.0008258105954155326, -1.144775390625], [-0.009097017347812653, 0.024466728791594505, -0.9996592402458191, 1.5620384216308594], [-0.31855592131614685, 0.9475448727607727, 0.026090126484632492, -0.15625], [0.0, 0.0, 0.0, 1.0]], [[0.009266194887459278, 0.9998146295547485, 0.01687638834118843, -0.0296630859375], [-0.006974827963858843, 0.01694132573902607, -0.9998320937156677, 1.5673675537109375], [-0.9999327063560486, 0.009146888740360737, 0.0071305157616734505, -0.0516357421875], [0.0, 0.0, 0.0, 1.0]], [[-0.9236818552017212, 0.3831601142883301, 0.00029747255030088127, 0.98492431640625], [-0.0027097382117062807, -0.005756000522524118, -0.9999797344207764, 1.5473136901855469], [-0.3831506371498108, -0.9236639142036438, 0.006354976911097765, -0.11328125], [0.0, 0.0, 0.0, 1.0]]], "view": [[0.0, -2.0, 100.0], [-2.0, 0.0, 100.0], [0.0, 0.0, 1.0]], "bev": "bev_76c845595338445bb73dcdb37eaa04e4.png", "aux": "aux_76c845595338445bb73dcdb37eaa04e4.npz", "visibility": "visibility_76c845595338445bb73dcdb37eaa04e4.png", "pose": [[0.8582794070243835, 0.5131826400756836, 0.0, 1921.958740234375], [-0.5131826400756836, 0.8582794070243835, 0.0, 1049.443603515625], [0.0, 0.0, 1.0, 0.0], [0.0, 0.0, 0.0, 1.0]], "pose_inverse": [[0.8582794070243835, -0.5131826400756836, 0.0, -1111.0213623046875], [0.5131826400756836, 0.8582794070243835, 0.0, -1887.03173828125], [0.0, 0.0, 1.0, 0.0], [0.0, 0.0, 0.0, 1.0]], "cam_ids": [0, 1, 2, 3, 4, 5], "cam_channels": ["CAM_FRONT_LEFT", "CAM_FRONT", "CAM_FRONT_RIGHT", "CAM_BACK_LEFT", "CAM_BACK", "CAM_BACK_RIGHT"], "token": "76c845595338445bb73dcdb37eaa04e4", "scene": "scene-0110"}, {"images": ["samples/CAM_FRONT_LEFT/n008-2018-08-01-15-16-36-0400__CAM_FRONT_LEFT__1533151884504799.jpg", "samples/CAM_FRONT/n008-2018-08-01-15-16-36-0400__CAM_FRONT__1533151884512404.jpg", "samples/CAM_FRONT_RIGHT/n008-2018-08-01-15-16-36-0400__CAM_FRONT_RIGHT__1533151884520482.jpg", "samples/CAM_BACK_LEFT/n008-2018-08-01-15-16-36-0400__CAM_BACK_LEFT__1533151884547405.jpg", "samples/CAM_BACK/n008-2018-08-01-15-16-36-0400__CAM_BACK__1533151884537558.jpg", "samples/CAM_BACK_RIGHT/n008-2018-08-01-15-16-36-0400__CAM_BACK_RIGHT__1533151884528113.jpg"], "intrinsics": [[[1257.8625342125129, 0.0, 827.2410631095686], [0.0, 1257.8625342125129, 450.915498205774], [0.0, 0.0, 1.0]], [[1252.8131021185304, 0.0, 826.588114781398], [0.0, 1252.8131021185304, 469.9846626224581], [0.0, 0.0, 1.0]], [[1256.7485116440405, 0.0, 817.7887570959712], [0.0, 1256.7485116440403, 451.9541780095127], [0.0, 0.0, 1.0]], [[1254.9860565800168, 0.0, 829.5769333630991], [0.0, 1254.9860565800168, 467.1680561863987], [0.0, 0.0, 1.0]], [[796.8910634503094, 0.0, 857.7774326863696], [0.0, 796.8910634503094, 476.8848988407415], [0.0, 0.0, 1.0]], [[1249.9629280788233, 0.0, 825.3768045375984], [0.0, 1249.9629280788233, 462.54816385708756], [0.0, 0.0, 1.0]]], "extrinsics": [[[0.8231366276741028, -0.567803680896759, -0.006719051394611597, -0.662811279296875], [0.005904670804738998, 0.02039065584540367, -0.9997746348381042, 1.4906120300292969], [0.5678126811981201, 0.8229114413261414, 0.020136987790465355, -1.104248046875], [0.0, 0.0, 0.0, 1.0]], [[0.01108624879270792, -0.9998064041137695, -0.016254795715212822, 0.013916015625], [0.007933002896606922, 0.01634322479367256, -0.9998349547386169, 1.4827613830566406], [0.9999070763587952, 0.01095553021878004, 0.008112652227282524, -1.39697265625], [0.0, 0.0, 0.0, 1.0]], [[-0.8436442017555237, -0.5366116166114807, -0.017674969509243965, 0.873779296875], [0.016033386811614037, 0.007725692819803953, -0.999841570854187, 1.4972038269042969], [0.5366631150245667, -0.8437939882278442, 0.0020859648939222097, -1.13519287109375], [0.0, 0.0, 0.0, 1.0]], [[0.9476984739303589, 0.3191639482975006, -0.001443245681002736, -1.15185546875], [-0.009317141957581043, 0.023144982755184174, -0.9996886849403381, 1.562112808227539], [-0.3190311789512634, 0.9474167823791504, 0.02490816079080105, -0.1536865234375], [0.0, 0.0, 0.0, 1.0]], [[0.008755623362958431, 0.9998418688774109, 0.015479320660233498, -0.0294189453125], [-0.007205927278846502, 0.015542599372565746, -0.9998531937599182, 1.5673847198486328], [-0.9999357461929321, 0.008642826229333878, 0.007340873591601849, -0.0462646484375], [0.0, 0.0, 0.0, 1.0]], [[-0.9239104986190796, 0.382608562707901, -5.5113323469413444e-06, 0.988677978515625], [-0.0030057586263865232, -0.0072726099751889706, -0.9999690055847168, 1.5472755432128906], [-0.38259679079055786, -0.9238818883895874, 0.007869268767535686, -0.11181640625], [0.0, 0.0, 0.0, 1.0]]], "view": [[0.0, -2.0, 100.0], [-2.0, 0.0, 100.0], [0.0, 0.0, 1.0]], "bev": "bev_4e50f9842b0745b7a969d46d1ef61143.png", "aux": "aux_4e50f9842b0745b7a969d46d1ef61143.npz", "visibility": "visibility_4e50f9842b0745b7a969d46d1ef61143.png", "pose": [[0.8599932789802551, 0.5103053450584412, 0.0, 1926.1455078125], [-0.5103053450584412, 0.8599932789802551, 0.0, 1046.9091796875], [0.0, 0.0, 1.0, 0.0], [0.0, 0.0, 0.0, 1.0]], "pose_inverse": [[0.8599932789802551, -0.5103053450584412, 0.0, -1122.2288818359375], [0.5103053450584412, 0.8599932789802551, 0.0, -1883.2572021484375], [0.0, 0.0, 1.0, 0.0], [0.0, 0.0, 0.0, 1.0]], "cam_ids": [0, 1, 2, 3, 4, 5], "cam_channels": ["CAM_FRONT_LEFT", "CAM_FRONT", "CAM_FRONT_RIGHT", "CAM_BACK_LEFT", "CAM_BACK", "CAM_BACK_RIGHT"], "token": "4e50f9842b0745b7a969d46d1ef61143", "scene": "scene-0110"}, {"images": ["samples/CAM_FRONT_LEFT/n008-2018-08-01-15-16-36-0400__CAM_FRONT_LEFT__1533151885004799.jpg", "samples/CAM_FRONT/n008-2018-08-01-15-16-36-0400__CAM_FRONT__1533151885012404.jpg", "samples/CAM_FRONT_RIGHT/n008-2018-08-01-15-16-36-0400__CAM_FRONT_RIGHT__1533151885020482.jpg", "samples/CAM_BACK_LEFT/n008-2018-08-01-15-16-36-0400__CAM_BACK_LEFT__1533151885047405.jpg", "samples/CAM_BACK/n008-2018-08-01-15-16-36-0400__CAM_BACK__1533151885037558.jpg", "samples/CAM_BACK_RIGHT/n008-2018-08-01-15-16-36-0400__CAM_BACK_RIGHT__1533151885028113.jpg"], "intrinsics": [[[1257.8625342125129, 0.0, 827.2410631095686], [0.0, 1257.8625342125129, 450.915498205774], [0.0, 0.0, 1.0]], [[1252.8131021185304, 0.0, 826.588114781398], [0.0, 1252.8131021185304, 469.9846626224581], [0.0, 0.0, 1.0]], [[1256.7485116440405, 0.0, 817.7887570959712], [0.0, 1256.7485116440403, 451.9541780095127], [0.0, 0.0, 1.0]], [[1254.9860565800168, 0.0, 829.5769333630991], [0.0, 1254.9860565800168, 467.1680561863987], [0.0, 0.0, 1.0]], [[796.8910634503094, 0.0, 857.7774326863696], [0.0, 796.8910634503094, 476.8848988407415], [0.0, 0.0, 1.0]], [[1249.9629280788233, 0.0, 825.3768045375984], [0.0, 1249.9629280788233, 462.54816385708756], [0.0, 0.0, 1.0]]], "extrinsics": [[[0.8225175738334656, -0.5686968564987183, -0.006990412250161171, -0.667266845703125], [0.006537854205816984, 0.02174464613199234, -0.9997421503067017, 1.4909706115722656], [0.568702220916748, 0.8222598433494568, 0.021603409200906754, -1.100341796875], [0.0, 0.0, 0.0, 1.0]], [[0.010226218029856682, -0.9997937679290771, -0.01754586398601532, 0.0091552734375], [0.008588157594203949, 0.01763395220041275, -0.999807596206665, 1.4830436706542969], [0.9999109506607056, 0.010073542594909668, 0.008766715414822102, -1.3985595703125], [0.0, 0.0, 0.0, 1.0]], [[-0.8439909815788269, -0.5360240936279297, -0.018902838230133057, 0.8731689453125], [0.01671142689883709, 0.008945769630372524, -0.9998202919960022, 1.49737548828125], [0.53609699010849, -0.8441553711891174, 0.0014075783547013998, -1.1390380859375], [0.0, 0.0, 0.0, 1.0]], [[0.9477085471153259, 0.3191370666027069, -0.00017857698549050838, -1.15625], [-0.008280899375677109, 0.024031557142734528, -0.9996768832206726, 1.5620956420898438], [-0.31902968883514404, 0.9474039077758789, 0.02541765384376049, -0.154052734375], [0.0, 0.0, 0.0, 1.0]], [[0.009002911858260632, 0.9998233914375305, 0.016495801508426666, -0.029052734375], [-0.006347740534693003, 0.016553280875086784, -0.9998427629470825, 1.567483901977539], [-0.9999393224716187, 0.008896813727915287, 0.006495646666735411, -0.0438232421875], [0.0, 0.0, 0.0, 1.0]], [[-0.9237269163131714, 0.38305145502090454, -0.00022280783741734922, 0.9910888671875], [-0.0022938172332942486, -0.006113184150308371, -0.9999787211418152, 1.5473928451538086], [-0.38304463028907776, -0.9237068295478821, 0.006525563541799784, -0.11376953125], [0.0, 0.0, 0.0, 1.0]]], "view": [[0.0, -2.0, 100.0], [-2.0, 0.0, 100.0], [0.0, 0.0, 1.0]], "bev": "bev_946040cd49c64a8f9e58d32175b9936f.png", "aux": "aux_946040cd49c64a8f9e58d32175b9936f.npz", "visibility": "visibility_946040cd49c64a8f9e58d32175b9936f.png", "pose": [[0.8603507876396179, 0.5097024440765381, 0.0, 1930.39892578125], [-0.5097024440765381, 0.8603507876396179, 0.0, 1044.34521484375], [0.0, 0.0, 1.0, 0.0], [0.0, 0.0, 0.0, 1.0]], "pose_inverse": [[0.8603507876396179, -0.5097024440765381, 0.0, -1128.514892578125], [0.5097024440765381, 0.8603507876396179, 0.0, -1882.4322509765625], [0.0, 0.0, 1.0, 0.0], [0.0, 0.0, 0.0, 1.0]], "cam_ids": [0, 1, 2, 3, 4, 5], "cam_channels": ["CAM_FRONT_LEFT", "CAM_FRONT", "CAM_FRONT_RIGHT", "CAM_BACK_LEFT", "CAM_BACK", "CAM_BACK_RIGHT"], "token": "946040cd49c64a8f9e58d32175b9936f", "scene": "scene-0110"}, {"images": ["samples/CAM_FRONT_LEFT/n008-2018-08-01-15-16-36-0400__CAM_FRONT_LEFT__1533151885504799.jpg", "samples/CAM_FRONT/n008-2018-08-01-15-16-36-0400__CAM_FRONT__1533151885512404.jpg", "samples/CAM_FRONT_RIGHT/n008-2018-08-01-15-16-36-0400__CAM_FRONT_RIGHT__1533151885520482.jpg", "samples/CAM_BACK_LEFT/n008-2018-08-01-15-16-36-0400__CAM_BACK_LEFT__1533151885547405.jpg", "samples/CAM_BACK/n008-2018-08-01-15-16-36-0400__CAM_BACK__1533151885537558.jpg", "samples/CAM_BACK_RIGHT/n008-2018-08-01-15-16-36-0400__CAM_BACK_RIGHT__1533151885528113.jpg"], "intrinsics": [[[1257.8625342125129, 0.0, 827.2410631095686], [0.0, 1257.8625342125129, 450.915498205774], [0.0, 0.0, 1.0]], [[1252.8131021185304, 0.0, 826.588114781398], [0.0, 1252.8131021185304, 469.9846626224581], [0.0, 0.0, 1.0]], [[1256.7485116440405, 0.0, 817.7887570959712], [0.0, 1256.7485116440403, 451.9541780095127], [0.0, 0.0, 1.0]], [[1254.9860565800168, 0.0, 829.5769333630991], [0.0, 1254.9860565800168, 467.1680561863987], [0.0, 0.0, 1.0]], [[796.8910634503094, 0.0, 857.7774326863696], [0.0, 796.8910634503094, 476.8848988407415], [0.0, 0.0, 1.0]], [[1249.9629280788233, 0.0, 825.3768045375984], [0.0, 1249.9629280788233, 462.54816385708756], [0.0, 0.0, 1.0]]], "extrinsics": [[[0.8226475119590759, -0.5684944987297058, -0.008071796037256718, -0.661041259765625], [0.005387415178120136, 0.02199084311723709, -0.999743640422821, 1.4904861450195312], [0.5685262084007263, 0.8223931193351746, 0.02115342766046524, -1.09814453125], [0.0, 0.0, 0.0, 1.0]], [[0.010370508767664433, -0.9997885227203369, -0.017755011096596718, 0.0107421875], [0.007282535545527935, 0.01783100888133049, -0.999814510345459, 1.4826126098632812], [0.9999196529388428, 0.010239300318062305, 0.007465914357453585, -1.39306640625], [0.0, 0.0, 0.0, 1.0]], [[-0.8439648151397705, -0.5361051559448242, -0.017739053815603256, 0.8699951171875], [0.015240584500133991, 0.009091019630432129, -0.9998425245285034, 1.4970550537109375], [0.5361819863319397, -0.8441022634506226, 0.0004980549565516412, -1.13580322265625], [0.0, 0.0, 0.0, 1.0]], [[0.9478771090507507, 0.31862977147102356, -0.0019765011966228485, -1.149169921875], [-0.01018406543880701, 0.02409510686993599, -0.9996577501296997, 1.5620994567871094], [-0.31847313046455383, 0.9475729465484619, 0.02608414925634861, -0.154296875], [0.0, 0.0, 0.0, 1.0]], [[0.009240490384399891, 0.9998201131820679, 0.016562292352318764, -0.0283203125], [-0.008047852665185928, 0.016636822372674942, -0.9998291730880737, 1.5673084259033203], [-0.9999248385429382, 0.009105605073273182, 0.008200137875974178, -0.0489501953125], [0.0, 0.0, 0.0, 1.0]], [[-0.923739492893219, 0.3830193877220154, 0.0012395819649100304, 0.987701416015625], [-0.0038377814926207066, -0.00601943489164114, -0.9999744892120361, 1.5471000671386719], [-0.3830021023750305, -0.92372065782547, 0.007030334323644638, -0.114501953125], [0.0, 0.0, 0.0, 1.0]]], "view": [[0.0, -2.0, 100.0], [-2.0, 0.0, 100.0], [0.0, 0.0, 1.0]], "bev": "bev_25a862fb3f4b4193a4f64d5051eebc19.png", "aux": "aux_25a862fb3f4b4193a4f64d5051eebc19.npz", "visibility": "visibility_25a862fb3f4b4193a4f64d5051eebc19.png", "pose": [[0.8598443269729614, 0.5105562806129456, 0.0, 1934.6446533203125], [-0.5105562806129456, 0.8598443269729614, 0.0, 1041.794921875], [0.0, 0.0, 1.0, 0.0], [0.0, 0.0, 0.0, 1.0]], "pose_inverse": [[0.8598443269729614, -0.5105562806129456, 0.0, -1131.5982666015625], [0.5105562806129456, 0.8598443269729614, 0.0, -1883.5264892578125], [0.0, 0.0, 1.0, 0.0], [0.0, 0.0, 0.0, 1.0]], "cam_ids": [0, 1, 2, 3, 4, 5], "cam_channels": ["CAM_FRONT_LEFT", "CAM_FRONT", "CAM_FRONT_RIGHT", "CAM_BACK_LEFT", "CAM_BACK", "CAM_BACK_RIGHT"], "token": "25a862fb3f4b4193a4f64d5051eebc19", "scene": "scene-0110"}, {"images": ["samples/CAM_FRONT_LEFT/n008-2018-08-01-15-16-36-0400__CAM_FRONT_LEFT__1533151885904799.jpg", "samples/CAM_FRONT/n008-2018-08-01-15-16-36-0400__CAM_FRONT__1533151885912404.jpg", "samples/CAM_FRONT_RIGHT/n008-2018-08-01-15-16-36-0400__CAM_FRONT_RIGHT__1533151885920482.jpg", "samples/CAM_BACK_LEFT/n008-2018-08-01-15-16-36-0400__CAM_BACK_LEFT__1533151885947405.jpg", "samples/CAM_BACK/n008-2018-08-01-15-16-36-0400__CAM_BACK__1533151885937558.jpg", "samples/CAM_BACK_RIGHT/n008-2018-08-01-15-16-36-0400__CAM_BACK_RIGHT__1533151885928113.jpg"], "intrinsics": [[[1257.8625342125129, 0.0, 827.2410631095686], [0.0, 1257.8625342125129, 450.915498205774], [0.0, 0.0, 1.0]], [[1252.8131021185304, 0.0, 826.588114781398], [0.0, 1252.8131021185304, 469.9846626224581], [0.0, 0.0, 1.0]], [[1256.7485116440405, 0.0, 817.7887570959712], [0.0, 1256.7485116440403, 451.9541780095127], [0.0, 0.0, 1.0]], [[1254.9860565800168, 0.0, 829.5769333630991], [0.0, 1254.9860565800168, 467.1680561863987], [0.0, 0.0, 1.0]], [[796.8910634503094, 0.0, 857.7774326863696], [0.0, 796.8910634503094, 476.8848988407415], [0.0, 0.0, 1.0]], [[1249.9629280788233, 0.0, 825.3768045375984], [0.0, 1249.9629280788233, 462.54816385708756], [0.0, 0.0, 1.0]]], "extrinsics": [[[0.8228691220283508, -0.5681783556938171, -0.007726904936134815, -0.6573486328125], [0.0018194080330431461, 0.016232594847679138, -0.9998665452003479, 1.4890193939208984], [0.5682280659675598, 0.8227453231811523, 0.01439104788005352, -1.09619140625], [0.0, 0.0, 0.0, 1.0]], [[0.010693458840250969, -0.9998708367347717, -0.012001716531813145, 0.0111083984375], [0.0039758505299687386, 0.012044822797179222, -0.9999195337295532, 1.4815082550048828], [0.9999348521232605, 0.01064485963433981, 0.0041041383519768715, -1.3907470703125], [0.0, 0.0, 0.0, 1.0]], [[-0.8438388109207153, -0.5364610552787781, -0.012064222246408463, 0.869384765625], [0.01221231184899807, 0.0032770968973636627, -0.9999200105667114, 1.4962787628173828], [0.5364576578140259, -0.8439187407493591, 0.003786087967455387, -1.13519287109375], [0.0, 0.0, 0.0, 1.0]], [[0.9477383494377136, 0.3189953565597534, -0.005834324285387993, -1.1544189453125], [-0.012345558032393456, 0.01839357614517212, -0.9997546076774597, 1.5621662139892578], [-0.31880977749824524, 0.9475778341293335, 0.021370472386479378, -0.1531982421875], [0.0, 0.0, 0.0, 1.0]], [[0.008959570899605751, 0.9999012351036072, 0.01083157118409872, -0.0286865234375], [-0.010552439838647842, 0.010925947688519955, -0.9998846054077148, 1.5671029090881348], [-0.999904215335846, 0.008844207972288132, 0.010649288073182106, -0.0457763671875], [0.0, 0.0, 0.0, 1.0]], [[-0.9238382577896118, 0.3827795684337616, 0.0016180967213585973, 0.988128662109375], [-0.006625240668654442, -0.01176317036151886, -0.9999088644981384, 1.5465888977050781], [-0.38272568583488464, -0.9237647652626038, 0.013403274118900299, -0.114013671875], [0.0, 0.0, 0.0, 1.0]]], "view": [[0.0, -2.0, 100.0], [-2.0, 0.0, 100.0], [0.0, 0.0, 1.0]], "bev": "bev_29264103ba0544269fb5fa858b13c967.png", "aux": "aux_29264103ba0544269fb5fa858b13c967.npz", "visibility": "visibility_29264103ba0544269fb5fa858b13c967.png", "pose": [[0.858917772769928, 0.5121135711669922, 0.0, 1938.044677734375], [-0.5121135711669922, 0.858917772769928, 0.0, 1039.734130859375], [0.0, 0.0, 1.0, 0.0], [0.0, 0.0, 0.0, 1.0]], "pose_inverse": [[0.858917772769928, -0.5121135711669922, 0.0, -1132.1590576171875], [0.5121135711669922, 0.858917772769928, 0.0, -1885.5450439453125], [0.0, 0.0, 1.0, 0.0], [0.0, 0.0, 0.0, 1.0]], "cam_ids": [0, 1, 2, 3, 4, 5], "cam_channels": ["CAM_FRONT_LEFT", "CAM_FRONT", "CAM_FRONT_RIGHT", "CAM_BACK_LEFT", "CAM_BACK", "CAM_BACK_RIGHT"], "token": "29264103ba0544269fb5fa858b13c967", "scene": "scene-0110"}, {"images": ["samples/CAM_FRONT_LEFT/n008-2018-08-01-15-16-36-0400__CAM_FRONT_LEFT__1533151886405407.jpg", "samples/CAM_FRONT/n008-2018-08-01-15-16-36-0400__CAM_FRONT__1533151886412404.jpg", "samples/CAM_FRONT_RIGHT/n008-2018-08-01-15-16-36-0400__CAM_FRONT_RIGHT__1533151886420482.jpg", "samples/CAM_BACK_LEFT/n008-2018-08-01-15-16-36-0400__CAM_BACK_LEFT__1533151886447405.jpg", "samples/CAM_BACK/n008-2018-08-01-15-16-36-0400__CAM_BACK__1533151886437558.jpg", "samples/CAM_BACK_RIGHT/n008-2018-08-01-15-16-36-0400__CAM_BACK_RIGHT__1533151886428113.jpg"], "intrinsics": [[[1257.8625342125129, 0.0, 827.2410631095686], [0.0, 1257.8625342125129, 450.915498205774], [0.0, 0.0, 1.0]], [[1252.8131021185304, 0.0, 826.588114781398], [0.0, 1252.8131021185304, 469.9846626224581], [0.0, 0.0, 1.0]], [[1256.7485116440405, 0.0, 817.7887570959712], [0.0, 1256.7485116440403, 451.9541780095127], [0.0, 0.0, 1.0]], [[1254.9860565800168, 0.0, 829.5769333630991], [0.0, 1254.9860565800168, 467.1680561863987], [0.0, 0.0, 1.0]], [[796.8910634503094, 0.0, 857.7774326863696], [0.0, 796.8910634503094, 476.8848988407415], [0.0, 0.0, 1.0]], [[1249.9629280788233, 0.0, 825.3768045375984], [0.0, 1249.9629280788233, 462.54816385708756], [0.0, 0.0, 1.0]]], "extrinsics": [[[0.8227490782737732, -0.5684013366699219, -0.001979073276743293, -0.63861083984375], [0.009193912148475647, 0.016789184883236885, -0.9998167753219604, 1.4923286437988281], [0.5683304667472839, 0.8225801587104797, 0.01903911679983139, -1.083251953125], [0.0, 0.0, 0.0, 1.0]], [[0.010573852807283401, -0.9998647570610046, -0.01259678602218628, 0.0113525390625], [0.011041498742997646, 0.012713471427559853, -0.9998582005500793, 1.4842414855957031], [0.9998831748962402, 0.010433287359774113, 0.011174434795975685, -1.3631591796875], [0.0, 0.0, 0.0, 1.0]], [[-0.8438201546669006, -0.5363186001777649, -0.01816652901470661, 0.84765625], [0.018939347937703133, 0.004067947622388601, -0.9998123645782471, 1.49853515625], [0.5362918376922607, -0.8440059423446655, 0.006724906619638205, -1.121337890625], [0.0, 0.0, 0.0, 1.0]], [[0.9479331970214844, 0.3184690773487091, -0.0003568194806575775, -1.1248779296875], [-0.006862354464828968, 0.019305825233459473, -0.9997900724411011, 1.5619163513183594], [-0.31839537620544434, 0.9477366209030151, 0.020486081019043922, -0.161865234375], [0.0, 0.0, 0.0, 1.0]], [[0.009174673818051815, 0.9998894929885864, 0.011692500673234463, -0.028076171875], [-0.004538762848824263, 0.011734512634575367, -0.9999207854270935, 1.5675249099731445], [-0.9999476075172424, 0.00912083