[{"images": ["samples/CAM_FRONT_LEFT/n015-2018-10-08-16-03-24+0800__CAM_FRONT_LEFT__1538986197854844.jpg", "samples/CAM_FRONT/n015-2018-10-08-16-03-24+0800__CAM_FRONT__1538986197862460.jpg", "samples/CAM_FRONT_RIGHT/n015-2018-10-08-16-03-24+0800__CAM_FRONT_RIGHT__1538986197870339.jpg", "samples/CAM_BACK_LEFT/n015-2018-10-08-16-03-24+0800__CAM_BACK_LEFT__1538986197897423.jpg", "samples/CAM_BACK/n015-2018-10-08-16-03-24+0800__CAM_BACK__1538986197887525.jpg", "samples/CAM_BACK_RIGHT/n015-2018-10-08-16-03-24+0800__CAM_BACK_RIGHT__1538986197877893.jpg"], "intrinsics": [[[1272.5979470598488, 0.0, 826.6154927353808], [0.0, 1272.5979470598488, 479.75165386361925], [0.0, 0.0, 1.0]], [[1266.417203046554, 0.0, 816.2670197447984], [0.0, 1266.417203046554, 491.50706579294757], [0.0, 0.0, 1.0]], [[1260.8474446004698, 0.0, 807.968244525554], [0.0, 1260.8474446004698, 495.3344268742088], [0.0, 0.0, 1.0]], [[1256.7414812095406, 0.0, 792.1125740759628], [0.0, 1256.7414812095406, 492.7757465151356], [0.0, 0.0, 1.0]], [[809.2209905677063, 0.0, 829.2196003259838], [0.0, 809.2209905677063, 481.77842384512485], [0.0, 0.0, 1.0]], [[1259.5137405846733, 0.0, 807.2529053838625], [0.0, 1259.5137405846733, 501.19579884916527], [0.0, 0.0, 1.0]]], "extrinsics": [[[0.8322243094444275, -0.553132176399231, -0.03804657608270645, -0.81695556640625], [-0.018308890983462334, 0.041167087852954865, -0.9989845156669617, 1.5050487518310547], [0.5541366934776306, 0.8320757746696472, 0.024133015424013138, -1.179443359375], [0.0, 0.0, 0.0, 1.0]], [[0.0226825550198555, -0.9990405440330505, -0.03746259585022926, 0.0068359375], [-0.02363603003323078, 0.03692588210105896, -0.9990384578704834, 1.5171117782592773], [0.9994632005691528, 0.02354620210826397, -0.02277577668428421, -1.5450439453125], [0.0, 0.0, 0.0, 1.0]], [[-0.8255895376205444, -0.5640621185302734, -0.015353488735854626, 0.937255859375], [-0.018398048356175423, 0.054103318601846695, -0.9983658194541931, 1.5015983581542969], [0.5639711022377014, -0.8239579200744629, -0.05504477769136429, -1.1851654052734375], [0.0, 0.0, 0.0, 1.0]], [[0.9476512670516968, 0.3192993998527527, -0.0022159437648952007, -1.1427001953125], [-0.010171240195631981, 0.023249521851539612, -0.9996779561042786, 1.5885324478149414], [-0.3191450536251068, 0.9473686814308167, 0.02528010867536068, -0.10467529296875], [0.0, 0.0, 0.0, 1.0]], [[-0.002490062965080142, 0.9994358420372009, 0.033492498099803925, 0.0030517578125], [-0.03530345857143402, 0.03338386118412018, -0.9988189339637756, 1.5778961181640625], [-0.9993734955787659, -0.0036695189774036407, 0.035200417041778564, -0.039794921875], [0.0, 0.0, 0.0, 1.0]], [[-0.9381565451622009, 0.34566569328308105, 0.01942913606762886, 1.05889892578125], [-0.0025807565543800592, 0.0491354875266552, -0.9987887740135193, 1.55126953125], [-0.34620168805122375, -0.9370704889297485, -0.04520470276474953, -0.0927734375], [0.0, 0.0, 0.0, 1.0]]], "view": [[0.0, -2.0, 100.0], [-2.0, 0.0, 100.0], [0.0, 0.0, 1.0]], "bev": "bev_3dcbdba14e9544bf975309a7ad0bca79.png", "aux": "aux_3dcbdba14e9544bf975309a7ad0bca79.npz", "visibility": "visibility_3dcbdba14e9544bf975309a7ad0bca79.png", "pose": [[-0.9118427038192749, 0.4105397164821625, 0.0, 786.5935668945312], [-0.4105397164821625, -0.9118427038192749, 0.0, 1550.1190185546875], [0.0, 0.0, 1.0, 0.0], [0.0, 0.0, 0.0, 1.0]], "pose_inverse": [[-0.9118427038192749, -0.4105397164821625, 0.0, 1353.635009765625], [0.4105397164821625, -0.9118427038192749, 0.0, 1090.536865234375], [0.0, 0.0, 1.0, 0.0], [0.0, 0.0, 0.0, 1.0]], "cam_ids": [0, 1, 2, 3, 4, 5], "cam_channels": ["CAM_FRONT_LEFT", "CAM_FRONT", "CAM_FRONT_RIGHT", "CAM_BACK_LEFT", "CAM_BACK", "CAM_BACK_RIGHT"], "token": "3dcbdba14e9544bf975309a7ad0bca79", "scene": "scene-0862"}, {"images": ["samples/CAM_FRONT_LEFT/n015-2018-10-08-16-03-24+0800__CAM_FRONT_LEFT__1538986198354844.jpg", "samples/CAM_FRONT/n015-2018-10-08-16-03-24+0800__CAM_FRONT__1538986198362465.jpg", "samples/CAM_FRONT_RIGHT/n015-2018-10-08-16-03-24+0800__CAM_FRONT_RIGHT__1538986198370339.jpg", "samples/CAM_BACK_LEFT/n015-2018-10-08-16-03-24+0800__CAM_BACK_LEFT__1538986198397423.jpg", "samples/CAM_BACK/n015-2018-10-08-16-03-24+0800__CAM_BACK__1538986198387525.jpg", "samples/CAM_BACK_RIGHT/n015-2018-10-08-16-03-24+0800__CAM_BACK_RIGHT__1538986198377893.jpg"], "intrinsics": [[[1272.5979470598488, 0.0, 826.6154927353808], [0.0, 1272.5979470598488, 479.75165386361925], [0.0, 0.0, 1.0]], [[1266.417203046554, 0.0, 816.2670197447984], [0.0, 1266.417203046554, 491.50706579294757], [0.0, 0.0, 1.0]], [[1260.8474446004698, 0.0, 807.968244525554], [0.0, 1260.8474446004698, 495.3344268742088], [0.0, 0.0, 1.0]], [[1256.7414812095406, 0.0, 792.1125740759628], [0.0, 1256.7414812095406, 492.7757465151356], [0.0, 0.0, 1.0]], [[809.2209905677063, 0.0, 829.2196003259838], [0.0, 809.2209905677063, 481.77842384512485], [0.0, 0.0, 1.0]], [[1259.5137405846733, 0.0, 807.2529053838625], [0.0, 1259.5137405846733, 501.19579884916527], [0.0, 0.0, 1.0]]], "extrinsics": [[[0.8307344913482666, -0.5548139810562134, -0.045406218618154526, -0.81036376953125], [-0.042242445051670074, 0.018502872437238693, -0.9989359974861145, 1.5003643035888672], [0.5550637245178223, 0.8317686915397644, -0.008065720088779926, -1.173828125], [0.0, 0.0, 0.0, 1.0]], [[0.02136279083788395, -0.9996525049209595, -0.015444757416844368, 0.0064697265625], [-0.04757560417056084, 0.014414324425160885, -0.9987636804580688, 1.5132408142089844], [0.9986391067504883, 0.022071167826652527, -0.0472511351108551, -1.5384521484375], [0.0, 0.0, 0.0, 1.0]], [[-0.8258386254310608, -0.5636492371559143, 0.01702996715903282, 0.933349609375], [-0.042268652468919754, 0.03175899386405945, -0.9986013174057007, 1.4986556768417358], [0.5623200535774231, -0.8254033923149109, -0.050052497535943985, -1.182861328125], [0.0, 0.0, 0.0, 1.0]], [[0.947147011756897, 0.31925567984580994, -0.03143559768795967, -1.142822265625], [-0.03368299454450607, 0.0015192530117928982, -0.9994314312934875, 1.5885772705078125], [-0.31902632117271423, 0.9476674795150757, 0.012192442081868649, -0.10394287109375], [0.0, 0.0, 0.0, 1.0]], [[-0.0019790390506386757, 0.9999311566352844, 0.011567960493266582, 0.0029296875], [-0.058974843472242355, 0.011431141756474972, -0.9981940388679504, 1.5768356323242188], [-0.9982574582099915, -0.002657694509252906, 0.05894815921783447, -0.040771484375], [0.0, 0.0, 0.0, 1.0]], [[-0.9374256134033203, 0.34651193022727966, 0.03409720957279205, 1.0562744140625], [-0.026389623060822487, 0.02693888731300831, -0.9992886781692505, 1.549215316772461], [-0.3471840023994446, -0.9376586675643921, -0.016108883544802666, -0.0938720703125], [0.0, 0.0, 0.0, 1.0]]], "view": [[0.0, -2.0, 100.0], [-2.0, 0.0, 100.0], [0.0, 0.0, 1.0]], "bev": "bev_2837cfd6e97f4993825ceee30c252b11.png", "aux": "aux_2837cfd6e97f4993825ceee30c252b11.npz", "visibility": "visibility_2837cfd6e97f4993825ceee30c252b11.png", "pose": [[-0.981784462928772, 0.1899980753660202, 0.0, 784.5498046875], [-0.1899980753660202, -0.981784462928772, 0.0, 1549.4671630859375], [0.0, 0.0, 1.0, 0.0], [0.0, 0.0, 0.0, 1.0]], "pose_inverse": [[-0.981784462928772, -0.1899980753660202, 0.0, 1064.654541015625], [0.1899980753660202, -0.981784462928772, 0.0, 1372.1798095703125], [0.0, 0.0, 1.0, 0.0], [0.0, 0.0, 0.0, 1.0]], "cam_ids": [0, 1, 2, 3, 4, 5], "cam_channels": ["CAM_FRONT_LEFT", "CAM_FRONT", "CAM_FRONT_RIGHT", "CAM_BACK_LEFT", "CAM_BACK", "CAM_BACK_RIGHT"], "token": "2837cfd6e97f4993825ceee30c252b11", "scene": "scene-0862"}, {"images": ["samples/CAM_FRONT_LEFT/n015-2018-10-08-16-03-24+0800__CAM_FRONT_LEFT__1538986198854844.jpg", "samples/CAM_FRONT/n015-2018-10-08-16-03-24+0800__CAM_FRONT__1538986198862460.jpg", "samples/CAM_FRONT_RIGHT/n015-2018-10-08-16-03-24+0800__CAM_FRONT_RIGHT__1538986198870339.jpg", "samples/CAM_BACK_LEFT/n015-2018-10-08-16-03-24+0800__CAM_BACK_LEFT__1538986198897423.jpg", "samples/CAM_BACK/n015-2018-10-08-16-03-24+0800__CAM_BACK__1538986198887525.jpg", "samples/CAM_BACK_RIGHT/n015-2018-10-08-16-03-24+0800__CAM_BACK_RIGHT__1538986198877893.jpg"], "intrinsics": [[[1272.5979470598488, 0.0, 826.6154927353808], [0.0, 1272.5979470598488, 479.75165386361925], [0.0, 0.0, 1.0]], [[1266.417203046554, 0.0, 816.2670197447984], [0.0, 1266.417203046554, 491.50706579294757], [0.0, 0.0, 1.0]], [[1260.8474446004698, 0.0, 807.968244525554], [0.0, 1260.8474446004698, 495.3344268742088], [0.0, 0.0, 1.0]], [[1256.7414812095406, 0.0, 792.1125740759628], [0.0, 1256.7414812095406, 492.7757465151356], [0.0, 0.0, 1.0]], [[809.2209905677063, 0.0, 829.2196003259838], [0.0, 809.2209905677063, 481.77842384512485], [0.0, 0.0, 1.0]], [[1259.5137405846733, 0.0, 807.2529053838625], [0.0, 1259.5137405846733, 501.19579884916527], [0.0, 0.0, 1.0]]], "extrinsics": [[[0.8280061483383179, -0.5592729449272156, -0.040242817252874374, -0.797821044921875], [-0.04413019120693207, 0.006548997480422258, -0.9990043640136719, 1.4992713928222656], [0.5589796304702759, 0.828957736492157, -0.01925821043550968, -1.1640625], [0.0, 0.0, 0.0, 1.0]], [[0.01752839796245098, -0.9998409152030945, -0.003286514198407531, 0.0057373046875], [-0.04930301010608673, 0.00241869012825191, -0.9987809658050537, 1.5122528076171875], [0.9986300468444824, 0.017669066786766052, -0.049252767115831375, -1.52447509765625], [0.0, 0.0, 0.0, 1.0]], [[-0.8274235725402832, -0.5610128045082092, 0.02519884705543518, 0.9228515625], [-0.04376700520515442, 0.019685879349708557, -0.9988477826118469, 1.4979338645935059], [0.5598703026771545, -0.8275730013847351, -0.04084240645170212, -1.17669677734375], [0.0, 0.0, 0.0, 1.0]], [[0.9468841552734375, 0.31952282786369324, -0.03627145662903786, -1.13623046875], [-0.0347106009721756, -0.010580318048596382, -0.9993413686752319, 1.5883331298828125], [-0.3196961283683777, 0.9475195407867432, 0.0010724940802901983, -0.1060791015625], [0.0, 0.0, 0.0, 1.0]], [[-0.0013569245347753167, 0.9999989867210388, -0.000607856607530266, 0.0032958984375], [-0.06018645316362381, -0.0006884236354380846, -0.9981869459152222, 1.5762367248535156], [-0.9981861710548401, -0.0013178786030039191, 0.06018731743097305, -0.0499267578125], [0.0, 0.0, 0.0, 1.0]], [[-0.9367073178291321, 0.3487232029438019, 0.031168803572654724, 1.046630859375], [-0.027753228321671486, 0.014787471853196621, -0.9995054006576538, 1.548801302909851], [-0.3490116596221924, -0.937109112739563, -0.004173340741544962, -0.0980224609375], [0.0, 0.0, 0.0, 1.0]]], "view": [[0.0, -2.0, 100.0], [-2.0, 0.0, 100.0], [0.0, 0.0, 1.0]], "bev": "bev_d18d462c5a4444dc8a3eba83d5ba9bbe.png", "aux": "aux_d18d462c5a4444dc8a3eba83d5ba9bbe.npz", "visibility": "visibility_d18d462c5a4444dc8a3eba83d5ba9bbe.png", "pose": [[-0.9999842643737793, -0.005612317007035017, 0.0, 782.3492431640625], [0.005612317007035017, -0.9999842643737793, 0.0, 1549.2686767578125], [0.0, 0.0, 1.0, 0.0], [0.0, 0.0, 0.0, 1.0]], "pose_inverse": [[-0.9999842643737793, 0.005612317007035017, 0.0, 773.6419067382812], [-0.005612317007035017, -0.9999842643737793, 0.0, 1553.635009765625], [0.0, 0.0, 1.0, 0.0], [0.0, 0.0, 0.0, 1.0]], "cam_ids": [0, 1, 2, 3, 4, 5], "cam_channels": ["CAM_FRONT_LEFT", "CAM_FRONT", "CAM_FRONT_RIGHT", "CAM_BACK_LEFT", "CAM_BACK", "CAM_BACK_RIGHT"], "token": "d18d462c5a4444dc8a3eba83d5ba9bbe", "scene": "scene-0862"}, {"images": ["samples/CAM_FRONT_LEFT/n015-2018-10-08-16-03-24+0800__CAM_FRONT_LEFT__1538986199354844.jpg", "samples/CAM_FRONT/n015-2018-10-08-16-03-24+0800__CAM_FRONT__1538986199362460.jpg", "samples/CAM_FRONT_RIGHT/n015-2018-10-08-16-03-24+0800__CAM_FRONT_RIGHT__1538986199370339.jpg", "samples/CAM_BACK_LEFT/n015-2018-10-08-16-03-24+0800__CAM_BACK_LEFT__1538986199397423.jpg", "samples/CAM_BACK/n015-2018-10-08-16-03-24+0800__CAM_BACK__1538986199387525.jpg", "samples/CAM_BACK_RIGHT/n015-2018-10-08-16-03-24+0800__CAM_BACK_RIGHT__1538986199377893.jpg"], "intrinsics": [[[1272.5979470598488, 0.0, 826.6154927353808], [0.0, 1272.5979470598488, 479.75165386361925], [0.0, 0.0, 1.0]], [[1266.417203046554, 0.0, 816.2670197447984], [0.0, 1266.417203046554, 491.50706579294757], [0.0, 0.0, 1.0]], [[1260.8474446004698, 0.0, 807.968244525554], [0.0, 1260.8474446004698, 495.3344268742088], [0.0, 0.0, 1.0]], [[1256.7414812095406, 0.0, 792.1125740759628], [0.0, 1256.7414812095406, 492.7757465151356], [0.0, 0.0, 1.0]], [[809.2209905677063, 0.0, 829.2196003259838], [0.0, 809.2209905677063, 481.77842384512485], [0.0, 0.0, 1.0]], [[1259.5137405846733, 0.0, 807.2529053838625], [0.0, 1259.5137405846733, 501.19579884916527], [0.0, 0.0, 1.0]]], "extrinsics": [[[0.8230333924293518, -0.5668020248413086, -0.03676411509513855, -0.80328369140625], [-0.04346932843327522, 0.0016806703060865402, -0.9990532994270325, 1.4996814727783203], [0.5663272142410278, 0.8238523602485657, -0.023255253210663795, -1.1678466796875], [0.0, 0.0, 0.0, 1.0]], [[0.010228998027741909, -0.9999460577964783, 0.001798615325242281, 0.005859375], [-0.04899481683969498, -0.002297742059454322, -0.9987964034080505, 1.5126075744628906], [0.9987466335296631, 0.010128547437489033, -0.049015678465366364, -1.53076171875], [0.0, 0.0, 0.0, 1.0]], [[-0.8305860161781311, -0.5561878681182861, 0.027963705360889435, 0.927978515625], [-0.04370998963713646, 0.01505084615200758, -0.9989308714866638, 1.4981775283813477], [0.555172324180603, -0.8309202194213867, -0.036811988800764084, -1.1796875], [0.0, 0.0, 0.0, 1.0]], [[0.9469404816627502, 0.31904393434524536, -0.038918446749448776, -1.141845703125], [-0.036036018282175064, -0.01493479311466217, -0.9992388486862183, 1.5885353088378906], [-0.31938230991363525, 0.9476222395896912, -0.002645286964252591, -0.103759765625], [0.0, 0.0, 0.0, 1.0]], [[0.0008930316544137895, 0.999986469745636, -0.005139596294611692, 0.0029296875], [-0.061040475964546204, -0.005075504072010517, -0.9981223940849304, 1.5765533447265625], [-0.9981349110603333, 0.0012050821678712964, 0.06103510782122612, -0.0439453125], [0.0, 0.0, 0.0, 1.0]], [[-0.9352486729621887, 0.35272759199142456, 0.02988465502858162, 1.0518596172332764], [-0.02809845097362995, 0.010184260085225105, -0.9995533227920532, 1.5489166975021362], [-0.35287439823150635, -0.9356706142425537, 0.00038628108450211585, -0.0958251953125], [0.0, 0.0, 0.0, 1.0]]], "view": [[0.0, -2.0, 100.0], [-2.0, 0.0, 100.0], [0.0, 0.0, 1.0]], "bev": "bev_2a54bcac453348299aa876b361a68e06.png", "aux": "aux_2a54bcac453348299aa876b361a68e06.npz", "visibility": "visibility_2a54bcac453348299aa876b361a68e06.png", "pose": [[-0.994229793548584, -0.10727116465568542, 0.0, 780.0516967773438], [0.10727116465568542, -0.994229793548584, 0.0, 1549.407470703125], [0.0, 0.0, 1.0, 0.0], [0.0, 0.0, 0.0, 1.0]], "pose_inverse": [[-0.994229793548584, 0.10727116465568542, 0.0, 609.3438720703125], [-0.10727116465568542, -0.994229793548584, 0.0, 1624.1441650390625], [0.0, 0.0, 1.0, 0.0], [0.0, 0.0, 0.0, 1.0]], "cam_ids": [0, 1, 2, 3, 4, 5], "cam_channels": ["CAM_FRONT_LEFT", "CAM_FRONT", "CAM_FRONT_RIGHT", "CAM_BACK_LEFT", "CAM_BACK", "CAM_BACK_RIGHT"], "token": "2a54bcac453348299aa876b361a68e06", "scene": "scene-0862"}, {"images": ["samples/CAM_FRONT_LEFT/n015-2018-10-08-16-03-24+0800__CAM_FRONT_LEFT__1538986199854844.jpg", "samples/CAM_FRONT/n015-2018-10-08-16-03-24+0800__CAM_FRONT__1538986199862460.jpg", "samples/CAM_FRONT_RIGHT/n015-2018-10-08-16-03-24+0800__CAM_FRONT_RIGHT__1538986199870339.jpg", "samples/CAM_BACK_LEFT/n015-2018-10-08-16-03-24+0800__CAM_BACK_LEFT__1538986199897423.jpg", "samples/CAM_BACK/n015-2018-10-08-16-03-24+0800__CAM_BACK__1538986199887525.jpg", "samples/CAM_BACK_RIGHT/n015-2018-10-08-16-03-24+0800__CAM_BACK_RIGHT__1538986199877893.jpg"], "intrinsics": [[[1272.5979470598488, 0.0, 826.6154927353808], [0.0, 1272.5979470598488, 479.75165386361925], [0.0, 0.0, 1.0]], [[1266.417203046554, 0.0, 816.2670197447984], [0.0, 1266.417203046554, 491.50706579294757], [0.0, 0.0, 1.0]], [[1260.8474446004698, 0.0, 807.968244525554], [0.0, 1260.8474446004698, 495.3344268742088], [0.0, 0.0, 1.0]], [[1256.7414812095406, 0.0, 792.1125740759628], [0.0, 1256.7414812095406, 492.7757465151356], [0.0, 0.0, 1.0]], [[809.2209905677063, 0.0, 829.2196003259838], [0.0, 809.2209905677063, 481.77842384512485], [0.0, 0.0, 1.0]], [[1259.5137405846733, 0.0, 807.2529053838625], [0.0, 1259.5137405846733, 501.19579884916527], [0.0, 0.0, 1.0]]], "extrinsics": [[[0.8209764957427979, -0.5696194171905518, -0.03913147374987602, -0.829010009765625], [-0.04904049262404442, -0.0020659256260842085, -0.998794674873352, 1.5001182556152344], [0.5688519477844238, 0.8219060301780701, -0.029630493372678757, -1.185791015625], [0.0, 0.0, 0.0, 1.0]], [[0.0076071699149906635, -0.999954342842102, 0.005775307770818472, 0.005859375], [-0.05425562337040901, -0.006179705262184143, -0.9985079765319824, 1.5131340026855469], [0.9984981417655945, 0.007282484322786331, -0.054300155490636826, -1.55621337890625], [0.0, 0.0, 0.0, 1.0]], [[-0.831558108329773, -0.5543757081031799, 0.03433242067694664, 0.9442138671875], [-0.048577990382909775, 0.011013507843017578, -0.9987586736679077, 1.4984941482543945], [0.553309440612793, -0.8321936726570129, -0.03608882799744606, -1.190185546875], [0.0, 0.0, 0.0, 1.0]], [[0.9467774033546448, 0.3189069926738739, -0.04371308535337448, -1.14013671875], [-0.039620302617549896, -0.01931282877922058, -0.9990281462669373, 1.5884742736816406], [-0.3194412589073181, 0.9475892782211304, -0.005649760831147432, -0.1044921875], [0.0, 0.0, 0.0, 1.0]], [[0.0015576567966490984, 0.9999539256095886, -0.009470897726714611, 0.0030517578125], [-0.0650995746254921, -0.009349419735372066, -0.9978349804878235, 1.5767555236816406], [-0.9978775382041931, 0.0021708279382437468, 0.06508201360702515, -0.0379638671875], [0.0, 0.0, 0.0, 1.0]], [[-0.9345992207527161, 0.3542027473449707, 0.0326288640499115, 1.0643310546875], [-0.03261704370379448, 0.006005181930959225, -0.9994499087333679, 1.5489420890808105], [-0.35420387983322144, -0.9351493716239929, 0.005940606817603111, -0.0906982421875], [0.0, 0.0, 0.0, 1.0]]], "view": [[0.0, -2.0, 100.0], [-2.0, 0.0, 100.0], [0.0, 0.0, 1.0]], "bev": "bev_a205615aeebe45b39613b44d1588343c.png", "aux": "aux_a205615aeebe45b39613b44d1588343c.npz", "visibility": "visibility_a205615aeebe45b39613b44d1588343c.png", "pose": [[-0.9894838333129883, -0.14464348554611206, 0.0, 777.9407348632812], [0.14464348554611206, -0.9894838333129883, 0.0, 1549.677978515625], [0.0, 0.0, 1.0, 0.0], [0.0, 0.0, 0.0, 1.0]], "pose_inverse": [[-0.9894838333129883, 0.14464348554611206, 0.0, 545.6089477539062], [-0.14464348554611206, -0.9894838333129883, 0.0, 1645.9053955078125], [0.0, 0.0, 1.0, 0.0], [0.0, 0.0, 0.0, 1.0]], "cam_ids": [0, 1, 2, 3, 4, 5], "cam_channels": ["CAM_FRONT_LEFT", "CAM_FRONT", "CAM_FRONT_RIGHT", "CAM_BACK_LEFT", "CAM_BACK", "CAM_BACK_RIGHT"], "token": "a205615aeebe45b39613b44d1588343c", "scene": "scene-0862"}, {"images": ["samples/CAM_FRONT_LEFT/n015-2018-10-08-16-03-24+0800__CAM_FRONT_LEFT__1538986200404844.jpg", "samples/CAM_FRONT/n015-2018-10-08-16-03-24+0800__CAM_FRONT__1538986200412460.jpg", "samples/CAM_FRONT_RIGHT/n015-2018-10-08-16-03-24+0800__CAM_FRONT_RIGHT__1538986200420339.jpg", "samples/CAM_BACK_LEFT/n015-2018-10-08-16-03-24+0800__CAM_BACK_LEFT__1538986200447423.jpg", "samples/CAM_BACK/n015-2018-10-08-16-03-24+0800__CAM_BACK__1538986200437525.jpg", "samples/CAM_BACK_RIGHT/n015-2018-10-08-16-03-24+0800__CAM_BACK_RIGHT__1538986200427893.jpg"], "intrinsics": [[[1272.5979470598488, 0.0, 826.6154927353808], [0.0, 1272.5979470598488, 479.75165386361925], [0.0, 0.0, 1.0]], [[1266.417203046554, 0.0, 816.2670197447984], [0.0, 1266.417203046554, 491.50706579294757], [0.0, 0.0, 1.0]], [[1260.8474446004698, 0.0, 807.968244525554], [0.0, 1260.8474446004698, 495.3344268742088], [0.0, 0.0, 1.0]], [[1256.7414812095406, 0.0, 792.1125740759628], [0.0, 1256.7414812095406, 492.7757465151356], [0.0, 0.0, 1.0]], [[809.2209905677063, 0.0, 829.2196003259838], [0.0, 809.2209905677063, 481.77842384512485], [0.0, 0.0, 1.0]], [[1259.5137405846733, 0.0, 807.2529053838625], [0.0, 1259.5137405846733, 501.19579884916527], [0.0, 0.0, 1.0]]], "extrinsics": [[[0.8203443884849548, -0.5709102749824524, -0.03311429172754288, -0.86871337890625], [-0.04526737704873085, -0.007103267125785351, -0.9989496469497681, 1.5029792785644531], [0.5700753927230835, 0.8209816813468933, -0.03167073801159859, -1.214599609375], [0.0, 0.0, 0.0, 1.0]], [[0.006473492830991745, -0.9999204277992249, 0.010824015364050865, 0.0064697265625], [-0.05062571540474892, -0.011138075962662697, -0.9986556172370911, 1.5156936645507812], [0.9986966252326965, 0.005916829686611891, -0.05069379135966301, -1.59661865234375], [0.0, 0.0, 0.0, 1.0]], [[-0.8321454524993896, -0.5535033345222473, 0.034174561500549316, 0.970703125], [-0.04508515074849129, 0.006103369407355785, -0.9989644885063171, 1.5002775192260742], [0.5527215600013733, -0.8328245878219604, -0.030033672228455544, -1.206787109375], [0.0, 0.0, 0.0, 1.0]], [[0.946930468082428, 0.318619042634964, -0.04248054325580597, -1.138916015625], [-0.03664983808994293, -0.02427547425031662, -0.9990332722663879, 1.5884284973144531], [-0.3193422257900238, 0.9475719928741455, -0.01130985002964735, -0.10498046875], [0.0, 0.0, 0.0, 1.0]], [[0.0019135966431349516, 0.9998947381973267, -0.01437940914183855, 0.002685546875], [-0.06196171045303345, -0.014233249239623547, -0.997977077960968, 1.5775833129882812], [-0.9980767369270325, 0.002800673944875598, 0.06192794442176819, -0.02679443359375], [0.0, 0.0, 0.0, 1.0]], [[-0.9344878196716309, 0.3549104630947113, 0.02776842936873436, 1.0853195190429688], [-0.029279163107275963, 0.001114313374273479, -0.9995706677436829, 1.5498600006103516], [-0.3547891080379486, -0.934899628162384, 0.009350169450044632, -0.0823974609375], [0.0, 0.0, 0.0, 1.0]]], "view": [[0.0, -2.0, 100.0], [-2.0, 0.0, 100.0], [0.0, 0.0, 1.0]], "bev": "bev_c1b1b97c85f2485cacdacbc0b15d062b.png", "aux": "aux_c1b1b97c85f2485cacdacbc0b15d062b.npz", "visibility": "visibility_c1b1b97c85f2485cacdacbc0b15d062b.png", "pose": [[-0.9864069223403931, -0.16432088613510132, 0.0, 776.1563110351562], [0.16432088613510132, -0.9864069223403931, 0.0, 1549.96923828125], [0.0, 0.0, 1.0, 0.0], [0.0, 0.0, 0.0, 1.0]], "pose_inverse": [[-0.9864069223403931, 0.16432088613510132, 0.0, 510.9136657714844], [-0.16432088613510132, -0.9864069223403931, 0.0, 1656.4390869140625], [0.0, 0.0, 1.0, 0.0], [0.0, 0.0, 0.0, 1.0]], "cam_ids": [0, 1, 2, 3, 4, 5], "cam_channels": ["CAM_FRONT_LEFT", "CAM_FRONT", "CAM_FRONT_RIGHT", "CAM_BACK_LEFT", "CAM_BACK", "CAM_BACK_RIGHT"], "token": "c1b1b97c85f2485cacdacbc0b15d062b", "scene": "scene-0862"}, {"images": ["samples/CAM_FRONT_LEFT/n015-2018-10-08-16-03-24+0800__CAM_FRONT_LEFT__1538986200904844.jpg", "samples/CAM_FRONT/n015-2018-10-08-16-03-24+0800__CAM_FRONT__1538986200912460.jpg", "samples/CAM_FRONT_RIGHT/n015-2018-10-08-16-03-24+0800__CAM_FRONT_RIGHT__1538986200920339.jpg", "samples/CAM_BACK_LEFT/n015-2018-10-08-16-03-24+0800__CAM_BACK_LEFT__1538986200947423.jpg", "samples/CAM_BACK/n015-2018-10-08-16-03-24+0800__CAM_BACK__1538986200937525.jpg", "samples/CAM_BACK_RIGHT/n015-2018-10-08-16-03-24+0800__CAM_BACK_RIGHT__1538986200927893.jpg"], "intrinsics": [[[1272.5979470598488, 0.0, 826.6154927353808], [0.0, 1272.5979470598488, 479.75165386361925], [0.0, 0.0, 1.0]], [[1266.417203046554, 0.0, 816.2670197447984], [0.0, 1266.417203046554, 491.50706579294757], [0.0, 0.0, 1.0]], [[1260.8474446004698, 0.0, 807.968244525554], [0.0, 1260.8474446004698, 495.3344268742088], [0.0, 0.0, 1.0]], [[1256.7414812095406, 0.0, 792.1125740759628], [0.0, 1256.7414812095406, 492.7757465151356], [0.0, 0.0, 1.0]], [[809.2209905677063, 0.0, 829.2196003259838], [0.0, 809.2209905677063, 481.77842384512485], [0.0, 0.0, 1.0]], [[1259.5137405846733, 0.0, 807.2529053838625], [0.0, 1259.5137405846733, 501.19579884916527], [0.0, 0.0, 1.0]]], "extrinsics": [[[0.8198465704917908, -0.5715537071228027, -0.034321460872888565, -0.91082763671875], [-0.04681578278541565, -0.007171346340328455, -0.998877763748169, 1.505157470703125], [0.5706661343574524, 0.8205333352088928, -0.03263713791966438, -1.2427978515625], [0.0, 0.0, 0.0, 1.0]], [[0.005859174765646458, -0.9999228119850159, 0.010950279422104359, 0.0054931640625], [-0.05212998017668724, -0.01124100387096405, -0.9985770583152771, 1.5177154541015625], [0.9986230731010437, 0.00528000621125102, -0.05219181999564171, -1.63824462890625], [0.0, 0.0, 0.0, 1.0]], [[-0.832363486289978, -0.553093433380127, 0.03547636419534683, 0.9974365234375], [-0.046533163636922836, 0.0059577771462500095, -0.998898983001709, 1.5016908645629883], [0.5522730946540833, -0.8330979347229004, -0.03069622628390789, -1.225341796875], [0.0, 0.0, 0.0, 1.0]], [[0.9468729496002197, 0.31861814856529236, -0.043750252574682236, -1.14324951171875], [-0.03792767971754074, -0.024458663538098335, -0.9989811182022095, 1.588592529296875], [-0.3193635940551758, 0.9475674629211426, -0.011074800044298172, -0.103271484375], [0.0, 0.0, 0.0, 1.0]], [[0.0020771841518580914, 0.9998916387557983, -0.014574263244867325, 0.0028076171875], [-0.06329337507486343, -0.014413613826036453, -0.9978908896446228, 1.5783767700195312], [-0.9979928135871887, 0.0029952633194625378, 0.06325656920671463, -0.013641357421875], [0.0, 0.0, 0.0, 1.0]], [[-0.9343228936195374, 0.3552451431751251, 0.029011210426688194, 1.1076583862304688], [-0.03068152628839016, 0.0009319941746070981, -0.9995288252830505, 1.5505094528198242], [-0.35510480403900146, -0.9347727298736572, 0.01002868078649044, -0.0743408203125], [0.0, 0.0, 0.0, 1.0]]], "view": [[0.0, -2.0, 100.0], [-2.0, 0.0, 100.0], [0.0, 0.0, 1.0]], "bev": "bev_d2bf82c7e4a54b7fa9897f9ab487d2eb.png", "aux": "aux_d2bf82c7e4a54b7fa9897f9ab487d2eb.npz", "visibility": "visibility_d2bf82c7e4a54b7fa9897f9ab487d2eb.png", "pose": [[-0.9857470393180847, -0.16823433339595795, 0.0, 775.1980590820312], [0.16823433339595795, -0.9857470393180847, 0.0, 1550.1390380859375], [0.0, 0.0, 1.0, 0.0], [0.0, 0.0, 0.0, 1.0]], "pose_inverse": [[-0.9857470393180847, 0.16823433339595795, 0.0, 503.3625793457031], [-0.16823433339595795, -0.9857470393180847, 0.0, 1658.4598388671875], [0.0, 0.0, 1.0, 0.0], [0.0, 0.0, 0.0, 1.0]], "cam_ids": [0, 1, 2, 3, 4, 5], "cam_channels": ["CAM_FRONT_LEFT", "CAM_FRONT", "CAM_FRONT_RIGHT", "CAM_BACK_LEFT", "CAM_BACK", "CAM_BACK_RIGHT"], "token": "d2bf82c7e4a54b7fa9897f9ab487d2eb", "scene": "scene-0862"}, {"images": ["samples/CAM_FRONT_LEFT/n015-2018-10-08-16-03-24+0800__CAM_FRONT_LEFT__1538986201404844.jpg", "samples/CAM_FRONT/n015-2018-10-08-16-03-24+0800__CAM_FRONT__1538986201412460.jpg", "samples/CAM_FRONT_RIGHT/n015-2018-10-08-16-03-24+0800__CAM_FRONT_RIGHT__1538986201420339.jpg", "samples/CAM_BACK_LEFT/n015-2018-10-08-16-03-24+0800__CAM_BACK_LEFT__1538986201447423.jpg", "samples/CAM_BACK/n015-2018-10-08-16-03-24+0800__CAM_BACK__1538986201437525.jpg", "samples/CAM_BACK_RIGHT/n015-2018-10-08-16-03-24+0800__CAM_BACK_RIGHT__1538986201427893.jpg"], "intrinsics": [[[1272.5979470598488, 0.0, 826.6154927353808], [0.0, 1272.5979470598488, 479.75165386361925], [0.0, 0.0, 1.0]], [[1266.417203046554, 0.0, 816.2670197447984], [0.0, 1266.417203046554, 491.50706579294757], [0.0, 0.0, 1.0]], [[1260.8474446004698, 0.0, 807.968244525554], [0.0, 1260.8474446004698, 495.3344268742088], [0.0, 0.0, 1.0]], [[1256.7414812095406, 0.0, 792.1125740759628], [0.0, 1256.7414812095406, 492.7757465151356], [0.0, 0.0, 1.0]], [[809.2209905677063, 0.0, 829.2196003259838], [0.0, 809.2209905677063, 481.77842384512485], [0.0, 0.0, 1.0]], [[1259.5137405846733, 0.0, 807.2529053838625], [0.0, 1259.5137405846733, 501.19579884916527], [0.0, 0.0, 1.0]]], "extrinsics": [[[0.8199605941772461, -0.57143235206604, -0.033609963953495026, -0.9365234375], [-0.046153947710990906, -0.007474565412849188, -0.9989063739776611, 1.5066642761230469], [0.5705562829971313, 0.8206150531768799, -0.032502710819244385, -1.2611083984375], [0.0, 0.0, 0.0, 1.0]], [[0.005979225970804691, -0.9999182820320129, 0.011291137896478176, 0.0054931640625], [-0.05141159147024155, -0.011583796702325344, -0.9986103773117065, 1.5190849304199219], [0.9986594915390015, 0.005390440579503775, -0.05147666111588478, -1.664031982421875], [0.0, 0.0, 0.0, 1.0]], [[-0.83233642578125, -0.5531620979309082, 0.0350395105779171, 1.014404296875], [-0.04575815796852112, 0.0055750636383891106, -0.9989369511604309, 1.5026416778564453], [0.55237877368927, -0.8330549001693726, -0.02995200641453266, -1.236328125], [0.0, 0.0, 0.0, 1.0]], [[0.946887731552124, 0.3186744153499603, -0.0430135540664196, -1.14202880859375], [-0.036985062062740326, -0.02494717389345169, -0.9990043640136719, 1.5885467529296875], [-0.3194302022457123, 0.9475358724594116, -0.011835979297757149, -0.103759765625], [0.0, 0.0, 0.0, 1.0]], [[0.002034624107182026, 0.9998851418495178, -0.015020541846752167, 0.002685546875], [-0.06241260841488838, -0.014864316210150719, -0.9979397654533386, 1.5788612365722656], [-0.9980483055114746, 0.0029679015278816223, 0.06237519532442093, -0.006103515625], [0.0, 0.0, 0.0, 1.0]], [[-0.9343721270561218, 0.3551892638206482, 0.02809463068842888, 1.1213760375976562], [-0.029858944937586784, 0.0005144745227880776, -0.9995539784431458, 1.550980567932129], [-0.35504528880119324, -0.9347943067550659, 0.010124864988029003, -0.0689697265625], [0.0, 0.0, 0.0, 1.0]]], "view": [[0.0, -2.0, 100.0], [-2.0, 0.0, 100.0], [0.0, 0.0, 1.0]], "bev": "bev_5cd4e9446dc64017a33e1f55cebb8a5c.png", "aux": "aux_5cd4e9446dc64017a33e1f55cebb8a5c.npz", "visibility": "visibility_5cd4e9446dc64017a33e1f55cebb8a5c.png", "pose": [[-0.9856054186820984, -0.16906192898750305, 0.0, 774.687744140625], [0.16906192898750305, -0.9856054186820984, 0.0, 1550.232666015625], [0.0, 0.0, 1.0, 0.0], [0.0, 0.0, 0.0, 1.0]], "pose_inverse": [[-0.9856054186820984, 0.16906192898750305, 0.0, 501.45111083984375], [-0.16906192898750305, -0.9856054186820984, 0.0, 1658.887939453125], [0.0, 0.0, 1.0, 0.0], [0.0, 0.0, 0.0, 1.0]], "cam_ids": [0, 1, 2, 3, 4, 5], "cam_channels": ["CAM_FRONT_LEFT", "CAM_FRONT", "CAM_FRONT_RIGHT", "CAM_BACK_LEFT", "CAM_BACK", "CAM_BACK_RIGHT"], "token": "5cd4e9446dc64017a33e1f55cebb8a5c", "scene": "scene-0862"}, {"images": ["samples/CAM_FRONT_LEFT/n015-2018-10-08-16-03-24+0800__CAM_FRONT_LEFT__1538986201904844.jpg", "samples/CAM_FRONT/n015-2018-10-08-16-03-24+0800__CAM_FRONT__1538986201912460.jpg", "samples/CAM_FRONT_RIGHT/n015-2018-10-08-16-03-24+0800__CAM_FRONT_RIGHT__1538986201920339.jpg", "samples/CAM_BACK_LEFT/n015-2018-10-08-16-03-24+0800__CAM_BACK_LEFT__1538986201947423.jpg", "samples/CAM_BACK/n015-2018-10-08-16-03-24+0800__CAM_BACK__1538986201937525.jpg", "samples/CAM_BACK_RIGHT/n015-2018-10-08-16-03-24+0800__CAM_BACK_RIGHT__1538986201927893.jpg"], "intrinsics": [[[1272.5979470598488, 0.0, 826.6154927353808], [0.0, 1272.5979470598488, 479.75165386361925], [0.0, 0.0, 1.0]], [[1266.417203046554, 0.0, 816.2670197447984], [0.0, 1266.417203046554, 491.50706579294757], [0.0, 0.0, 1.0]], [[1260.8474446004698, 0.0, 807.968244525554], [0.0, 1260.8474446004698, 495.3344268742088], [0.0, 0.0, 1.0]], [[1256.7414812095406, 0.0, 792.1125740759628], [0.0, 1256.7414812095406, 492.7757465151356], [0.0, 0.0, 1.0]], [[809.2209905677063, 0.0, 829.2196003259838], [0.0, 809.2209905677063, 481.77842384512485], [0.0, 0.0, 1.0]], [[1259.5137405846733, 0.0, 807.2529053838625], [0.0, 1259.5137405846733, 501.19579884916527], [0.0, 0.0, 1.0]]], "extrinsics": [[[0.8199494481086731, -0.5715314745903015, -0.03216741606593132, -0.94952392578125], [-0.04497738182544708, -0.008302997797727585, -0.9989535212516785, 1.5074272155761719], [0.5706661939620972, 0.8205382227897644, -0.032514024525880814, -1.2703857421875], [0.0, 0.0, 0.0, 1.0]], [[0.005893516354262829, -0.999909520149231, 0.012088383547961712, 0.005615234375], [-0.05025259032845497, -0.012369466945528984, -0.9986599087715149, 1.5197906494140625], [0.9987190961837769, 0.005278144497424364, -0.05032094568014145, -1.677398681640625], [0.0, 0.0, 0.0, 1.0]], [[-0.8324069380760193, -0.55308997631073, 0.03450009599328041, 1.02294921875], [-0.0446152426302433, 0.004832293372601271, -0.9989925026893616, 1.503127098083496], [0.5523660778999329, -0.8331074714660645, -0.028698675334453583, -1.241943359375], [0.0, 0.0, 0.0, 1.0]], [[0.946932315826416, 0.3186511993408203, -0.04219755530357361, -1.1422119140625], [-0.0359211303293705, -0.025550372898578644, -0.9990279674530029, 1.5885543823242188], [-0.31941959261894226, 0.9475276470184326, -0.01274816319346428, -0.103759765625], [0.0, 0.0, 0.0, 1.0]], [[0.0020693985279649496, 0.9998752474784851, -0.01566454954445362, 0.0025634765625], [-0.06132330000400543, -0.015508214011788368, -0.997997522354126, 1.5790977478027344], [-0.9981158375740051, 0.0030258744955062866, 0.06128355488181114, -0.002410888671875], [0.0, 0.0, 0.0, 1.0]], [[-0.9343892931938171, 0.35524478554725647, 0.026791080832481384, 1.12823486328125], [-0.028731131926178932, -0.0001859036274254322, -0.9995871186256409, 1.5512094497680664], [-0.3550931513309479, -0.934773325920105, 0.010380291379988194, -0.06640625], [0.0, 0.0, 0.0, 1.0]]], "view": [[0.0, -2.0, 100.0], [-2.0, 0.0, 100.0], [0.0, 0.0, 1.0]], "bev": "bev_9c669f0d158e4ac092743162ecca9458.png", "aux": "aux_9c669f0d158e4ac092743162ecca9458.npz", "visibility": "visibility_9c669f0d158e4ac092743162ecca9458.png", "pose": [[-0.9853718280792236, -0.17041829228401184, 0.0, 774.4154052734375], [0.17041829228401184, -0.9853718280792236, 0.0, 1550.289306640625], [0.0, 0.0, 1.0, 0.0], [0.0, 0.0, 0.0, 1.0]], "pose_inverse": [[-0.9853718280792236, 0.17041829228401184, 0.0, 498.88946533203125], [-0.17041829228401184, -0.9853718280792236, 0.0, 1659.5859375], [0.0, 0.0, 1.0, 0.0], [0.0, 0.0, 0.0, 1.0]], "cam_ids": [0, 1, 2, 3, 4, 5], "cam_channels": ["CAM_FRONT_LEFT", "CAM_FRONT", "CAM_FRONT_RIGHT", "CAM_BACK_LEFT", "CAM_BACK", "CAM_BACK_RIGHT"], "token": "9c669f0d158e4ac092743162ecca9458", "scene": "scene-0862"}, {"images": ["samples/CAM_FRONT_LEFT/n015-2018-10-08-16-03-24+0800__CAM_FRONT_LEFT__1538986202404844.jpg", "samples/CAM_FRONT/n015-2018-10-08-16-03-24+0800__CAM_FRONT__1538986202412460.jpg", "samples/CAM_FRONT_RIGHT/n015-2018-10-08-16-03-24+0800__CAM_FRONT_RIGHT__1538986202420339.jpg", "samples/CAM_BACK_LEFT/n015-2018-10-08-16-03-24+0800__CAM_BACK_LEFT__1538986202447423.jpg", "samples/CAM_BACK/n015-2018-10-08-16-03-24+0800__CAM_BACK__1538986202437537.jpg", "samples/CAM_BACK_RIGHT/n015-2018-10-08-16-03-24+0800__CAM_BACK_RIGHT__1538986202427893.jpg"], "intrinsics": [[[1272.5979470598488, 0.0, 826.6154927353808], [0.0, 1272.5979470598488, 479.75165386361925], [0.0, 0.0, 1.0]], [[1266.417203046554, 0.0, 816.2670197447984], [0.0, 1266.417203046554, 491.50706579294757], [0.0, 0.0, 1.0]], [[1260.8474446004698, 0.0, 807.968244525554], [0.0, 1260.8474446004698, 495.3344268742088], [0.0, 0.0, 1.0]], [[1256.7414812095406, 0.0, 792.1125740759628], [0.0, 1256.7414812095406, 492.7757465151356], [0.0, 0.0, 1.0]], [[809.2209905677063, 0.0, 829.2196003259838], [0.0, 809.2209905677063, 481.77842384512485], [0.0, 0.0, 1.0]], [[1259.5137405846733, 0.0, 807.2529053838625], [0.0, 1259.5137405846733, 501.19579884916527], [0.0, 0.0, 1.0]]], "extrinsics": [[[0.8200682997703552, -0.5715179443359375, -0.029244735836982727, -0.95770263671875], [-0.04210798442363739, -0.009297847747802734, -0.9990698099136353, 1.5078964233398438], [0.5707144141197205, 0.8205369114875793, -0.031690340489149094, -1.2757568359375], [0.0, 0.0, 0.0, 1.0]], [[0.005906619131565094, -0.9998965263366699, 0.01310989074409008, 0.005615234375], [-0.04738852381706238, -0.013375278562307358, -0.998786985874176, 1.5202064514160156], [0.9988591074943542, 0.005278212949633598, -0.04746263101696968, -1.68524169921875], [0.0, 0.0, 0.0, 1.0]], [[-0.8324797749519348, -0.5530908107757568, 0.03267952799797058, 1.0279541015625], [-0.04175587743520737, 0.003815171541646123, -0.9991205334663391, 1.5034112930297852], [0.5524796843528748, -0.8331121802330017, -0.02627084217965603, -1.245361328125], [0.0, 0.0, 0.0, 1.0]], [[0.9470440149307251, 0.31862133741378784, -0.03985189273953438, -1.142578125], [-0.0330892875790596, -0.026611322537064552, -0.9990980625152588, 1.58856201171875], [-0.31939443945884705, 0.9475084543228149, -0.014659139327704906, -0.103759765625], [0.0, 0.0, 0.0, 1.0]], [[0.0020920371171087027, 0.9998582005500793, -0.016710657626390457, 0.0025634765625], [-0.05848553031682968, -0.016559751704335213, -0.9981509447097778, 1.5792465209960938], [-0.9982860684394836, 0.0030655134469270706, 0.05844259262084961, -0.00018310546875], [0.0, 0.0, 0.0, 1.0]], [[-0.9344733357429504, 0.35523954033851624, 0.02376018837094307, 1.1324615478515625], [-0.0258807186037302, -0.0012178473407402635, -0.999664306640625, 1.5513496398925781], [-0.355091392993927, -0.9347745180130005, 0.010331900790333748, -0.064697265625], [0.0, 0.0, 0.0, 1.0]]], "view": [[0.0, -2.0, 100.0], [-2.0, 0.0, 100.0], [0.0, 0.0, 1.0]], "bev": "bev_1775fe70aff74bc297a9602140b5e1fb.png", "aux": "aux_1775fe70aff74bc297a9602140b5e1fb.npz", "visibility": "visibility_1775fe70aff74bc297a9602140b5e1fb.png", "pose": [[-0.9854246377944946, -0.17011262476444244, 0.0, 774.3035278320312], [0.17011262476444244, -0.9854246377944946, 0.0, 1550.3157958984375], [0.0, 0.0, 1.0, 0.0], [0.0, 0.0, 0.0, 1.0]], "pose_inverse": [[-0.9854246377944946, 0.17011262476444244, 0.0, 499.28948974609375], [-0.17011262476444244, -0.9854246377944946, 0.0, 1659.4381103515625], [0.0, 0.0, 1.0, 0.0], [0.0, 0.0, 0.0, 1.0]], "cam_ids": [0, 1, 2, 3, 4, 5], "cam_channels": ["CAM_FRONT_LEFT", "CAM_FRONT", "CAM_FRONT_RIGHT", "CAM_BACK_LEFT", "CAM_BACK", "CAM_BACK_RIGHT"], "token": "1775fe70aff74bc297a9602140b5e1fb", "scene": "scene-0862"}, {"images": ["samples/CAM_FRONT_LEFT/n015-2018-10-08-16-03-24+0800__CAM_FRONT_LEFT__1538986202904844.jpg", "samples/CAM_FRONT/n015-2018-10-08-16-03-24+0800__CAM_FRONT__1538986202912460.jpg", "samples/CAM_FRONT_RIGHT/n015-2018-10-08-16-03-24+0800__CAM_FRONT_RIGHT__1538986202920339.jpg", "samples/CAM_BACK_LEFT/n015-2018-10-08-16-03-24+0800__CAM_BACK_LEFT__1538986202947423.jpg", "samples/CAM_BACK/n015-2018-10-08-16-03-24+0800__CAM_BACK__1538986202937525.jpg", "samples/CAM_BACK_RIGHT/n015-2018-10-08-16-03-24+0800__CAM_BACK_RIGHT__1538986202927893.jpg"], "intrinsics": [[[1272.5979470598488, 0.0, 826.6154927353808], [0.0, 1272.5979470598488, 479.75165386361925], [0.0, 0.0, 1.0]], [[1266.417203046554, 0.0, 816.2670197447984], [0.0, 1266.417203046554, 491.50706579294757], [0.0, 0.0, 1.0]], [[1260.8474446004698, 0.0, 807.968244525554], [0.0, 1260.8474446004698, 495.3344268742088], [0.0, 0.0, 1.0]], [[1256.7414812095406, 0.0, 792.1125740759628], [0.0, 1256.7414812095406, 492.7757465151356], [0.0, 0.0, 1.0]], [[809.2209905677063, 0.0, 829.2196003259838], [0.0, 809.2209905677063, 481.77842384512485], [0.0, 0.0, 1.0]], [[1259.5137405846733, 0.0, 807.2529053838625], [0.0, 1259.5137405846733, 501.19579884916527], [0.0, 0.0, 1.0]]], "extrinsics": [[[0.82008957862854, -0.5716158747673035, -0.026616834104061127, -0.942138671875], [-0.039488535374403, -0.01012817956507206, -0.9991686940193176, 1.5071640014648438], [0.5708710551261902, 0.8204588890075684, -0.03087828867137432, -1.264892578125], [0.0, 0.0, 0.0, 1.0]], [[0.005797750782221556, -0.9998858571052551, 0.013947808183729649, 0.00537109375], [-0.04483245313167572, -0.014193925075232983, -0.9988937377929688, 1.5195236206054688], [0.9989776611328125, 0.00516602024435997, -0.044909633696079254, -1.6695556640625], [0.0, 0.0, 0.0, 1.0]], [[-0.8325896859169006, -0.5530191659927368, 0.031050529330968857, 1.0177001953125], [-0.03926241770386696, 0.003007199615240097, -0.9992244243621826, 1.5029516220092773], [0.5524969100952148, -0.8331630825996399, -0.024216633290052414, -1.2386474609375], [0.0, 0.0, 0.0, 1.0]], [[0.9471372961997986, 0.318589448928833, -0.03783794865012169, -1.142578125], [-0.030711602419614792, -0.027363797649741173, -0.9991536140441895, 1.58856201171875], [-0.31935518980026245, 0.9474977850914001, -0.016132880002260208, -0.1036376953125], [0.0, 0.0, 0.0, 1.0]], [[0.0021483649034053087, 0.9998449683189392, -0.017475005239248276, 0.0028076171875], [-0.05607884004712105, -0.017327