[{"images": ["samples/CAM_FRONT_LEFT/n015-2018-11-21-19-11-29+0800__CAM_FRONT_LEFT__1542798691604844.jpg", "samples/CAM_FRONT/n015-2018-11-21-19-11-29+0800__CAM_FRONT__1542798691612460.jpg", "samples/CAM_FRONT_RIGHT/n015-2018-11-21-19-11-29+0800__CAM_FRONT_RIGHT__1542798691620339.jpg", "samples/CAM_BACK_LEFT/n015-2018-11-21-19-11-29+0800__CAM_BACK_LEFT__1542798691647423.jpg", "samples/CAM_BACK/n015-2018-11-21-19-11-29+0800__CAM_BACK__1542798691637525.jpg", "samples/CAM_BACK_RIGHT/n015-2018-11-21-19-11-29+0800__CAM_BACK_RIGHT__1542798691627893.jpg"], "intrinsics": [[[1272.5979470598488, 0.0, 826.6154927353808], [0.0, 1272.5979470598488, 479.75165386361925], [0.0, 0.0, 1.0]], [[1266.417203046554, 0.0, 816.2670197447984], [0.0, 1266.417203046554, 491.50706579294757], [0.0, 0.0, 1.0]], [[1260.8474446004698, 0.0, 807.968244525554], [0.0, 1260.8474446004698, 495.3344268742088], [0.0, 0.0, 1.0]], [[1256.7414812095406, 0.0, 792.1125740759628], [0.0, 1256.7414812095406, 492.7757465151356], [0.0, 0.0, 1.0]], [[809.2209905677063, 0.0, 829.2196003259838], [0.0, 809.2209905677063, 481.77842384512485], [0.0, 0.0, 1.0]], [[1259.5137405846733, 0.0, 807.2529053838625], [0.0, 1259.5137405846733, 501.19579884916527], [0.0, 0.0, 1.0]]], "extrinsics": [[[0.8209314942359924, -0.5710245966911316, -0.0015459532150998712, -0.8797607421875], [0.011390475556254387, 0.019082138314843178, -0.9997530579566956, 1.5094261169433594], [0.5709130764007568, 0.820711076259613, 0.022169366478919983, -1.2210693359375], [0.0, 0.0, 0.0, 1.0]], [[0.0060334778390824795, -0.9998694658279419, -0.014988165348768234, 0.0057373046875], [0.006096933502703905, 0.0150249432772398, -0.9998685717582703, 1.5211639404296875], [0.9999631643295288, 0.005941247101873159, 0.006186788901686668, -1.58856201171875], [0.0, 0.0, 0.0, 1.0]], [[-0.8325843811035156, -0.5532097816467285, -0.027605455368757248, 0.95452880859375], [0.011716692708432674, 0.032237451523542404, -0.9994115233421326, 1.504730224609375], [0.5537742376327515, -0.8324179649353027, -0.020358607172966003, -1.19677734375], [0.0, 0.0, 0.0, 1.0]], [[0.9476748704910278, 0.3186308443546295, 0.019666174426674843, -1.1419343948364258], [0.02021426148712635, 0.0015867440961301327, -0.9997944235801697, 1.5885610580444336], [-0.3185965120792389, 0.9478775858879089, -0.004937168676406145, -0.103759765625], [0.0, 0.0, 0.0, 1.0]], [[0.0023246468044817448, 0.9999288320541382, 0.011703590862452984, 0.0028076171875], [-0.005120018497109413, 0.01171537209302187, -0.9999182820320129, 1.5791778564453125], [-0.9999841451644897, 0.002264557173475623, 0.005146888084709644, -0.03289794921875], [0.0, 0.0, 0.0, 1.0]], [[-0.9346737861633301, 0.35513991117477417, -0.016141602769494057, 1.072998046875], [0.027575114741921425, 0.027156131342053413, -0.9992508292198181, 1.553314208984375], [-0.3544354736804962, -0.9344186782836914, -0.035175152122974396, -0.0875244140625], [0.0, 0.0, 0.0, 1.0]]], "view": [[0.0, -2.0, 100.0], [-2.0, 0.0, 100.0], [0.0, 0.0, 1.0]], "bev": "bev_d0d926a2cc76418989979a1be2ffab4d.png", "aux": "aux_d0d926a2cc76418989979a1be2ffab4d.npz", "visibility": "visibility_d0d926a2cc76418989979a1be2ffab4d.png", "pose": [[-0.7820374965667725, -0.6232314109802246, 0.0, 694.3049926757812], [0.6232314109802246, -0.7820374965667725, 0.0, 1906.4852294921875], [0.0, 0.0, 1.0, 0.0], [0.0, 0.0, 0.0, 1.0]], "pose_inverse": [[-0.7820374965667725, 0.6232314109802246, 0.0, -645.2089233398438], [-0.6232314109802246, -0.7820374965667725, 0.0, 1923.655517578125], [0.0, 0.0, 1.0, 0.0], [0.0, 0.0, 0.0, 1.0]], "cam_ids": [0, 1, 2, 3, 4, 5], "cam_channels": ["CAM_FRONT_LEFT", "CAM_FRONT", "CAM_FRONT_RIGHT", "CAM_BACK_LEFT", "CAM_BACK", "CAM_BACK_RIGHT"], "token": "d0d926a2cc76418989979a1be2ffab4d", "scene": "scene-1044"}, {"images": ["samples/CAM_FRONT_LEFT/n015-2018-11-21-19-11-29+0800__CAM_FRONT_LEFT__1542798692104844.jpg", "samples/CAM_FRONT/n015-2018-11-21-19-11-29+0800__CAM_FRONT__1542798692112460.jpg", "samples/CAM_FRONT_RIGHT/n015-2018-11-21-19-11-29+0800__CAM_FRONT_RIGHT__1542798692120339.jpg", "samples/CAM_BACK_LEFT/n015-2018-11-21-19-11-29+0800__CAM_BACK_LEFT__1542798692147423.jpg", "samples/CAM_BACK/n015-2018-11-21-19-11-29+0800__CAM_BACK__1542798692137525.jpg", "samples/CAM_BACK_RIGHT/n015-2018-11-21-19-11-29+0800__CAM_BACK_RIGHT__1542798692127893.jpg"], "intrinsics": [[[1272.5979470598488, 0.0, 826.6154927353808], [0.0, 1272.5979470598488, 479.75165386361925], [0.0, 0.0, 1.0]], [[1266.417203046554, 0.0, 816.2670197447984], [0.0, 1266.417203046554, 491.50706579294757], [0.0, 0.0, 1.0]], [[1260.8474446004698, 0.0, 807.968244525554], [0.0, 1260.8474446004698, 495.3344268742088], [0.0, 0.0, 1.0]], [[1256.7414812095406, 0.0, 792.1125740759628], [0.0, 1256.7414812095406, 492.7757465151356], [0.0, 0.0, 1.0]], [[809.2209905677063, 0.0, 829.2196003259838], [0.0, 809.2209905677063, 481.77842384512485], [0.0, 0.0, 1.0]], [[1259.5137405846733, 0.0, 807.2529053838625], [0.0, 1259.5137405846733, 501.19579884916527], [0.0, 0.0, 1.0]]], "extrinsics": [[[0.8211240768432617, -0.5707297921180725, -0.0047824326902627945, -0.817626953125], [0.007614480797201395, 0.019332850351929665, -0.9997841119766235, 1.5096015930175781], [0.5706989765167236, 0.8209103345870972, 0.020220480859279633, -1.1785888671875], [0.0, 0.0, 0.0, 1.0]], [[0.006216524634510279, -0.9998651146888733, -0.015200167894363403, 0.00634765625], [0.0023808800615370274, 0.01521521806716919, -0.999881386756897, 1.5208778381347656], [0.9999778866767883, 0.00617958465591073, 0.0024751448072493076, -1.5450439453125], [0.0, 0.0, 0.0, 1.0]], [[-0.8325979113578796, -0.5533296465873718, -0.024634795263409615, 0.937225341796875], [0.00806015357375145, 0.03236807882785797, -0.999443531036377, 1.5045547485351562], [0.5538190603256226, -0.8323332071304321, -0.022489676252007484, -1.1849365234375], [0.0, 0.0, 0.0, 1.0]], [[0.9476578831672668, 0.3188515603542328, 0.016678426414728165, -1.1410703659057617], [0.016998594626784325, 0.0017786958487704396, -0.9998539090156555, 1.5885744094848633], [-0.3188346326351166, 0.9478029012680054, -0.0037344342563301325, -0.10400390625], [0.0, 0.0, 0.0, 1.0]], [[0.0022854821290820837, 0.9999271631240845, 0.011862589977681637, 0.0025634765625], [-0.008520296774804592, 0.011881661601364613, -0.9998931288719177, 1.5789947509765625], [-0.9999610781669617, 0.002184119075536728, 0.008546830154955387, -0.04046630859375], [0.0, 0.0, 0.0, 1.0]], [[-0.9347647428512573, 0.35503828525543213, -0.012752479873597622, 1.0587158203125], [0.02400345355272293, 0.027302777394652367, -0.9993389844894409, 1.5534248352050781], [-0.35445550084114075, -0.934453010559082, -0.0340438187122345, -0.0928955078125], [0.0, 0.0, 0.0, 1.0]]], "view": [[0.0, -2.0, 100.0], [-2.0, 0.0, 100.0], [0.0, 0.0, 1.0]], "bev": "bev_6984452e14404de99b8b28c6a34e60af.png", "aux": "aux_6984452e14404de99b8b28c6a34e60af.npz", "visibility": "visibility_6984452e14404de99b8b28c6a34e60af.png", "pose": [[-0.7771613597869873, -0.6293013691902161, 0.0, 692.7604370117188], [0.6293013691902161, -0.7771613597869873, 0.0, 1907.7314453125], [0.0, 0.0, 1.0, 0.0], [0.0, 0.0, 0.0, 1.0]], "pose_inverse": [[-0.7771613597869873, 0.6293013691902161, 0.0, -662.1513671875], [-0.6293013691902161, -0.7771613597869873, 0.0, 1918.5703125], [0.0, 0.0, 1.0, 0.0], [0.0, 0.0, 0.0, 1.0]], "cam_ids": [0, 1, 2, 3, 4, 5], "cam_channels": ["CAM_FRONT_LEFT", "CAM_FRONT", "CAM_FRONT_RIGHT", "CAM_BACK_LEFT", "CAM_BACK", "CAM_BACK_RIGHT"], "token": "6984452e14404de99b8b28c6a34e60af", "scene": "scene-1044"}, {"images": ["samples/CAM_FRONT_LEFT/n015-2018-11-21-19-11-29+0800__CAM_FRONT_LEFT__1542798692604844.jpg", "samples/CAM_FRONT/n015-2018-11-21-19-11-29+0800__CAM_FRONT__1542798692612460.jpg", "samples/CAM_FRONT_RIGHT/n015-2018-11-21-19-11-29+0800__CAM_FRONT_RIGHT__1542798692620339.jpg", "samples/CAM_BACK_LEFT/n015-2018-11-21-19-11-29+0800__CAM_BACK_LEFT__1542798692647423.jpg", "samples/CAM_BACK/n015-2018-11-21-19-11-29+0800__CAM_BACK__1542798692637525.jpg", "samples/CAM_BACK_RIGHT/n015-2018-11-21-19-11-29+0800__CAM_BACK_RIGHT__1542798692627893.jpg"], "intrinsics": [[[1272.5979470598488, 0.0, 826.6154927353808], [0.0, 1272.5979470598488, 479.75165386361925], [0.0, 0.0, 1.0]], [[1266.417203046554, 0.0, 816.2670197447984], [0.0, 1266.417203046554, 491.50706579294757], [0.0, 0.0, 1.0]], [[1260.8474446004698, 0.0, 807.968244525554], [0.0, 1260.8474446004698, 495.3344268742088], [0.0, 0.0, 1.0]], [[1256.7414812095406, 0.0, 792.1125740759628], [0.0, 1256.7414812095406, 492.7757465151356], [0.0, 0.0, 1.0]], [[809.2209905677063, 0.0, 829.2196003259838], [0.0, 809.2209905677063, 481.77842384512485], [0.0, 0.0, 1.0]], [[1259.5137405846733, 0.0, 807.2529053838625], [0.0, 1259.5137405846733, 501.19579884916527], [0.0, 0.0, 1.0]]], "extrinsics": [[[0.8209077715873718, -0.5710495114326477, -0.0035660825669765472, -0.7900390625], [0.009244351647794247, 0.019532473757863045, -0.99976646900177, 1.5102100372314453], [0.5709857940673828, 0.8206831812858582, 0.021313345059752464, -1.158935546875], [0.0, 0.0, 0.0, 1.0]], [[0.005924892611801624, -0.9998598694801331, -0.01564805954694748, 0.0059814453125], [0.004045670852065086, 0.015672173351049423, -0.9998690485954285, 1.5212383270263672], [0.9999741911888123, 0.005860790144652128, 0.00413795979693532, -1.516845703125], [0.0, 0.0, 0.0, 1.0]], [[-0.8326900005340576, -0.5531074404716492, -0.02644873410463333, 0.918670654296875], [0.00976607110351324, 0.033087387681007385, -0.9994047284126282, 1.504974365234375], [0.5536532998085022, -0.8324525952339172, -0.02214984968304634, -1.1729736328125], [0.0, 0.0, 0.0, 1.0]], [[0.9476852416992188, 0.3186524212360382, 0.018793344497680664, -1.1374874114990234], [0.018752504140138626, 0.0031961745116859674, -0.9998189806938171, 1.5886468887329102], [-0.3186548054218292, 0.9478662014007568, -0.002946562133729458, -0.105224609375], [0.0, 0.0, 0.0, 1.0]], [[0.0023724513594061136, 0.999911367893219, 0.013102028518915176, 0.002685546875], [-0.006788930855691433, 0.013117867521941662, -0.999890923500061, 1.5790042877197266], [-0.9999740719795227, 0.002283285139128566, 0.006819450296461582, -0.05010986328125], [0.0, 0.0, 0.0, 1.0]], [[-0.9346776008605957, 0.3552195727825165, -0.01402602531015873, 1.0430908203125], [0.025737006217241287, 0.028264297172427177, -0.9992691278457642, 1.5540046691894531], [-0.354563444852829, -0.9343554973602295, -0.03556029871106148, -0.0986328125], [0.0, 0.0, 0.0, 1.0]]], "view": [[0.0, -2.0, 100.0], [-2.0, 0.0, 100.0], [0.0, 0.0, 1.0]], "bev": "bev_4075b31564564970990101f64a9a351b.png", "aux": "aux_4075b31564564970990101f64a9a351b.npz", "visibility": "visibility_4075b31564564970990101f64a9a351b.png", "pose": [[-0.7744588255882263, -0.6326242685317993, 0.0, 690.9555053710938], [0.6326242685317993, -0.7744588255882263, 0.0, 1909.2064208984375], [0.0, 0.0, 1.0, 0.0], [0.0, 0.0, 0.0, 1.0]], "pose_inverse": [[-0.7744588255882263, 0.6326242685317993, 0.0, -672.6937866210938], [-0.6326242685317993, -0.7744588255882263, 0.0, 1915.717041015625], [0.0, 0.0, 1.0, 0.0], [0.0, 0.0, 0.0, 1.0]], "cam_ids": [0, 1, 2, 3, 4, 5], "cam_channels": ["CAM_FRONT_LEFT", "CAM_FRONT", "CAM_FRONT_RIGHT", "CAM_BACK_LEFT", "CAM_BACK", "CAM_BACK_RIGHT"], "token": "4075b31564564970990101f64a9a351b", "scene": "scene-1044"}, {"images": ["samples/CAM_FRONT_LEFT/n015-2018-11-21-19-11-29+0800__CAM_FRONT_LEFT__1542798693104844.jpg", "samples/CAM_FRONT/n015-2018-11-21-19-11-29+0800__CAM_FRONT__1542798693112460.jpg", "samples/CAM_FRONT_RIGHT/n015-2018-11-21-19-11-29+0800__CAM_FRONT_RIGHT__1542798693120339.jpg", "samples/CAM_BACK_LEFT/n015-2018-11-21-19-11-29+0800__CAM_BACK_LEFT__1542798693147423.jpg", "samples/CAM_BACK/n015-2018-11-21-19-11-29+0800__CAM_BACK__1542798693137525.jpg", "samples/CAM_BACK_RIGHT/n015-2018-11-21-19-11-29+0800__CAM_BACK_RIGHT__1542798693127893.jpg"], "intrinsics": [[[1272.5979470598488, 0.0, 826.6154927353808], [0.0, 1272.5979470598488, 479.75165386361925], [0.0, 0.0, 1.0]], [[1266.417203046554, 0.0, 816.2670197447984], [0.0, 1266.417203046554, 491.50706579294757], [0.0, 0.0, 1.0]], [[1260.8474446004698, 0.0, 807.968244525554], [0.0, 1260.8474446004698, 495.3344268742088], [0.0, 0.0, 1.0]], [[1256.7414812095406, 0.0, 792.1125740759628], [0.0, 1256.7414812095406, 492.7757465151356], [0.0, 0.0, 1.0]], [[809.2209905677063, 0.0, 829.2196003259838], [0.0, 809.2209905677063, 481.77842384512485], [0.0, 0.0, 1.0]], [[1259.5137405846733, 0.0, 807.2529053838625], [0.0, 1259.5137405846733, 501.19579884916527], [0.0, 0.0, 1.0]]], "extrinsics": [[[0.8213456273078918, -0.5703303217887878, -0.010709943249821663, -0.7830810546875], [0.004610908683389425, 0.025412503629922867, -0.9996663928031921, 1.5092430114746094], [0.5704122185707092, 0.8210222721099854, 0.02350218966603279, -1.155029296875], [0.0, 0.0, 0.0, 1.0]], [[0.006494300905615091, -0.9997514486312866, -0.021325506269931793, 0.0069580078125], [-0.0008195684640668333, 0.021320629864931107, -0.9997723698616028, 1.5203704833984375], [0.9999786019325256, 0.006510316394269466, -0.0006809011683799326, -1.51068115234375], [0.0, 0.0, 0.0, 1.0]], [[-0.8325443267822266, -0.5533850193023682, -0.025197191163897514, 0.9149169921875], [0.004651656374335289, 0.03850036486983299, -0.9992477297782898, 1.5042800903320312], [0.5539388656616211, -0.8320352435112, -0.029479103162884712, -1.1700439453125], [0.0, 0.0, 0.0, 1.0]], [[0.9477585554122925, 0.3186376094818115, 0.014955149963498116, -1.1387481689453125], [0.013028139248490334, 0.008178097195923328, -0.9998816847801208, 1.5886030197143555], [-0.3187222182750702, 0.9478413462638855, 0.003599607851356268, -0.10498046875], [0.0, 0.0, 0.0, 1.0]], [[0.0022610039450228214, 0.9998331665992737, 0.018132144585251808, 0.0025634765625], [-0.012324330396950245, 0.018158674240112305, -0.9997591972351074, 1.5787010192871094], [-0.999921441078186, 0.0020369563717395067, 0.012363329529762268, -0.05126953125], [0.0, 0.0, 0.0, 1.0]], [[-0.9348644018173218, 0.3549317419528961, -0.00720813125371933, 1.0401611328125], [0.02041701413691044, 0.03348404914140701, -0.999230682849884, 1.5535316467285156], [-0.3544173538684845, -0.9342923760414124, -0.03854969143867493, -0.099609375], [0.0, 0.0, 0.0, 1.0]]], "view": [[0.0, -2.0, 100.0], [-2.0, 0.0, 100.0], [0.0, 0.0, 1.0]], "bev": "bev_529f9550c6f34d029e03d0da753773bb.png", "aux": "aux_529f9550c6f34d029e03d0da753773bb.npz", "visibility": "visibility_529f9550c6f34d029e03d0da753773bb.png", "pose": [[-0.7695344686508179, -0.6386052966117859, 0.0, 689.0145874023438], [0.6386052966117859, -0.7695344686508179, 0.0, 1910.8021240234375], [0.0, 0.0, 1.0, 0.0], [0.0, 0.0, 0.0, 1.0]], "pose_inverse": [[-0.7695344686508179, 0.6386052966117859, 0.0, -690.0279541015625], [-0.6386052966117859, -0.7695344686508179, 0.0, 1910.4364013671875], [0.0, 0.0, 1.0, 0.0], [0.0, 0.0, 0.0, 1.0]], "cam_ids": [0, 1, 2, 3, 4, 5], "cam_channels": ["CAM_FRONT_LEFT", "CAM_FRONT", "CAM_FRONT_RIGHT", "CAM_BACK_LEFT", "CAM_BACK", "CAM_BACK_RIGHT"], "token": "529f9550c6f34d029e03d0da753773bb", "scene": "scene-1044"}, {"images": ["samples/CAM_FRONT_LEFT/n015-2018-11-21-19-11-29+0800__CAM_FRONT_LEFT__1542798693605156.jpg", "samples/CAM_FRONT/n015-2018-11-21-19-11-29+0800__CAM_FRONT__1542798693612460.jpg", "samples/CAM_FRONT_RIGHT/n015-2018-11-21-19-11-29+0800__CAM_FRONT_RIGHT__1542798693620339.jpg", "samples/CAM_BACK_LEFT/n015-2018-11-21-19-11-29+0800__CAM_BACK_LEFT__1542798693647423.jpg", "samples/CAM_BACK/n015-2018-11-21-19-11-29+0800__CAM_BACK__1542798693637525.jpg", "samples/CAM_BACK_RIGHT/n015-2018-11-21-19-11-29+0800__CAM_BACK_RIGHT__1542798693627893.jpg"], "intrinsics": [[[1272.5979470598488, 0.0, 826.6154927353808], [0.0, 1272.5979470598488, 479.75165386361925], [0.0, 0.0, 1.0]], [[1266.417203046554, 0.0, 816.2670197447984], [0.0, 1266.417203046554, 491.50706579294757], [0.0, 0.0, 1.0]], [[1260.8474446004698, 0.0, 807.968244525554], [0.0, 1260.8474446004698, 495.3344268742088], [0.0, 0.0, 1.0]], [[1256.7414812095406, 0.0, 792.1125740759628], [0.0, 1256.7414812095406, 492.7757465151356], [0.0, 0.0, 1.0]], [[809.2209905677063, 0.0, 829.2196003259838], [0.0, 809.2209905677063, 481.77842384512485], [0.0, 0.0, 1.0]], [[1259.5137405846733, 0.0, 807.2529053838625], [0.0, 1259.5137405846733, 501.19579884916527], [0.0, 0.0, 1.0]]], "extrinsics": [[[0.8213064670562744, -0.5703734159469604, -0.011393500491976738, -0.7845458984375], [0.005414467770606279, 0.027764054015278816, -0.9995998740196228, 1.5094032287597656], [0.5704614520072937, 0.8209161758422852, 0.02589106373488903, -1.15625], [0.0, 0.0, 0.0, 1.0]], [[0.006455773022025824, -0.9996985197067261, -0.023687446489930153, 0.007080078125], [0.00023006649280432612, 0.023689424619078636, -0.9997193813323975, 1.5205535888671875], [0.9999791383743286, 0.006448470056056976, 0.0003829285560641438, -1.5108642578125], [0.0, 0.0, 0.0, 1.0]], [[-0.8325393199920654, -0.5532776713371277, -0.027606626972556114, 0.915313720703125], [0.005961159244179726, 0.04088391736149788, -0.9991461038589478, 1.50445556640625], [0.55393385887146, -0.8319929838180542, -0.03073929436504841, -1.1697998046875], [0.0, 0.0, 0.0, 1.0]], [[0.9477713108062744, 0.3184785544872284, 0.01734866574406624, -1.1370086669921875], [0.014794565737247467, 0.01043698750436306, -0.9998360276222229, 1.588637351989746], [-0.3186073899269104, 0.9478725790977478, 0.005180126056075096, -0.1051025390625], [0.0, 0.0, 0.0, 1.0]], [[0.002278445055708289, 0.9997870922088623, 0.020509496331214905, 0.002685546875], [-0.01062788162380457, 0.020532600581645966, -0.9997326731681824, 1.5787887573242188], [-0.9999408721923828, 0.0020598957780748606, 0.010672399774193764, -0.05120849609375], [0.0, 0.0, 0.0, 1.0]], [[-0.9348352551460266, 0.3549965023994446, -0.007789939641952515, 1.040283203125], [0.021945476531982422, 0.035866133868694305, -0.9991155862808228, 1.5536727905273438], [-0.35440313816070557, -0.934179425239563, -0.04131948947906494, -0.09912109375], [0.0, 0.0, 0.0, 1.0]]], "view": [[0.0, -2.0, 100.0], [-2.0, 0.0, 100.0], [0.0, 0.0, 1.0]], "bev": "bev_128f93eb84444816aa722fe8a06e0ee4.png", "aux": "aux_128f93eb84444816aa722fe8a06e0ee4.npz", "visibility": "visibility_128f93eb84444816aa722fe8a06e0ee4.png", "pose": [[-0.764044463634491, -0.6451635956764221, 0.0, 687.0771484375], [0.6451635956764221, -0.764044463634491, 0.0, 1912.43994140625], [0.0, 0.0, 1.0, 0.0], [0.0, 0.0, 0.0, 1.0]], "pose_inverse": [[-0.764044463634491, 0.6451635956764221, 0.0, -708.8792114257812], [-0.6451635956764221, -0.764044463634491, 0.0, 1904.46630859375], [0.0, 0.0, 1.0, 0.0], [0.0, 0.0, 0.0, 1.0]], "cam_ids": [0, 1, 2, 3, 4, 5], "cam_channels": ["CAM_FRONT_LEFT", "CAM_FRONT", "CAM_FRONT_RIGHT", "CAM_BACK_LEFT", "CAM_BACK", "CAM_BACK_RIGHT"], "token": "128f93eb84444816aa722fe8a06e0ee4", "scene": "scene-1044"}, {"images": ["samples/CAM_FRONT_LEFT/n015-2018-11-21-19-11-29+0800__CAM_FRONT_LEFT__1542798694104844.jpg", "samples/CAM_FRONT/n015-2018-11-21-19-11-29+0800__CAM_FRONT__1542798694112460.jpg", "samples/CAM_FRONT_RIGHT/n015-2018-11-21-19-11-29+0800__CAM_FRONT_RIGHT__1542798694120339.jpg", "samples/CAM_BACK_LEFT/n015-2018-11-21-19-11-29+0800__CAM_BACK_LEFT__1542798694147423.jpg", "samples/CAM_BACK/n015-2018-11-21-19-11-29+0800__CAM_BACK__1542798694137525.jpg", "samples/CAM_BACK_RIGHT/n015-2018-11-21-19-11-29+0800__CAM_BACK_RIGHT__1542798694127893.jpg"], "intrinsics": [[[1272.5979470598488, 0.0, 826.6154927353808], [0.0, 1272.5979470598488, 479.75165386361925], [0.0, 0.0, 1.0]], [[1266.417203046554, 0.0, 816.2670197447984], [0.0, 1266.417203046554, 491.50706579294757], [0.0, 0.0, 1.0]], [[1260.8474446004698, 0.0, 807.968244525554], [0.0, 1260.8474446004698, 495.3344268742088], [0.0, 0.0, 1.0]], [[1256.7414812095406, 0.0, 792.1125740759628], [0.0, 1256.7414812095406, 492.7757465151356], [0.0, 0.0, 1.0]], [[809.2209905677063, 0.0, 829.2196003259838], [0.0, 809.2209905677063, 481.77842384512485], [0.0, 0.0, 1.0]], [[1259.5137405846733, 0.0, 807.2529053838625], [0.0, 1259.5137405846733, 501.19579884916527], [0.0, 0.0, 1.0]]], "extrinsics": [[[0.8208807706832886, -0.5709012746810913, -0.015049457550048828, -0.796875], [0.0007387535297311842, 0.02741319127380848, -0.9996238946914673, 1.5083389282226562], [0.5710991024971008, 0.8205609917640686, 0.022924719378352165, -1.1661376953125], [0.0, 0.0, 0.0, 1.0]], [[0.005811937619000673, -0.9997055530548096, -0.023555949330329895, 0.0078125], [-0.004748968407511711, 0.023528490215539932, -0.9997118711471558, 1.5196990966796875], [0.999971866607666, 0.00592206371948123, -0.004610826261341572, -1.52532958984375], [0.0, 0.0, 0.0, 1.0]], [[-0.8328937888145447, -0.5529460310935974, -0.023206360638141632, 0.925262451171875], [0.0006765012512914836, 0.04091442748904228, -0.9991623759269714, 1.5036773681640625], [0.5534323453903198, -0.8322119116783142, -0.033703308552503586, -1.1759033203125], [0.0, 0.0, 0.0, 1.0]], [[0.9477972984313965, 0.31865811347961426, 0.011714905500411987, -1.1408233642578125], [0.008687367662787437, 0.010920481756329536, -0.999902606010437, 1.588566780090332], [-0.31875503063201904, 0.9478067755699158, 0.00758210476487875, -0.104736328125], [0.0, 0.0, 0.0, 1.0]], [[0.0024981938768178225, 0.9997804164886475, 0.020807070657610893, 0.0023193359375], [-0.0165664441883564, 0.020845655351877213, -0.999645471572876, 1.5785446166992188], [-0.9998596906661987, 0.002152650384232402, 0.016614878550171852, -0.04638671875], [0.0, 0.0, 0.0, 1.0]], [[-0.934768795967102, 0.3552481532096863, -0.0024605190847069025, 1.04833984375], [0.01632564887404442, 0.03603709861636162, -0.9992170929908752, 1.5529365539550781], [-0.3548814356327057, -0.9340770840644836, -0.03948601335287094, -0.095947265625], [0.0, 0.0, 0.0, 1.0]]], "view": [[0.0, -2.0, 100.0], [-2.0, 0.0, 100.0], [0.0, 0.0, 1.0]], "bev": "bev_b32ffafbc29043da9141d0a0cf80dc89.png", "aux": "aux_b32ffafbc29043da9141d0a0cf80dc89.npz", "visibility": "visibility_b32ffafbc29043da9141d0a0cf80dc89.png", "pose": [[-0.7588258981704712, -0.6512935161590576, 0.0, 685.2215576171875], [0.6512935161590576, -0.7588258981704712, 0.0, 1914.05224609375], [0.0, 0.0, 1.0, 0.0], [0.0, 0.0, 0.0, 1.0]], "pose_inverse": [[-0.7588258981704712, 0.6512935161590576, 0.0, -726.6458740234375], [-0.6512935161590576, -0.7588258981704712, 0.0, 1898.7127685546875], [0.0, 0.0, 1.0, 0.0], [0.0, 0.0, 0.0, 1.0]], "cam_ids": [0, 1, 2, 3, 4, 5], "cam_channels": ["CAM_FRONT_LEFT", "CAM_FRONT", "CAM_FRONT_RIGHT", "CAM_BACK_LEFT", "CAM_BACK", "CAM_BACK_RIGHT"], "token": "b32ffafbc29043da9141d0a0cf80dc89", "scene": "scene-1044"}, {"images": ["samples/CAM_FRONT_LEFT/n015-2018-11-21-19-11-29+0800__CAM_FRONT_LEFT__1542798694604844.jpg", "samples/CAM_FRONT/n015-2018-11-21-19-11-29+0800__CAM_FRONT__1542798694612460.jpg", "samples/CAM_FRONT_RIGHT/n015-2018-11-21-19-11-29+0800__CAM_FRONT_RIGHT__1542798694620339.jpg", "samples/CAM_BACK_LEFT/n015-2018-11-21-19-11-29+0800__CAM_BACK_LEFT__1542798694647423.jpg", "samples/CAM_BACK/n015-2018-11-21-19-11-29+0800__CAM_BACK__1542798694637525.jpg", "samples/CAM_BACK_RIGHT/n015-2018-11-21-19-11-29+0800__CAM_BACK_RIGHT__1542798694627893.jpg"], "intrinsics": [[[1272.5979470598488, 0.0, 826.6154927353808], [0.0, 1272.5979470598488, 479.75165386361925], [0.0, 0.0, 1.0]], [[1266.417203046554, 0.0, 816.2670197447984], [0.0, 1266.417203046554, 491.50706579294757], [0.0, 0.0, 1.0]], [[1260.8474446004698, 0.0, 807.968244525554], [0.0, 1260.8474446004698, 495.3344268742088], [0.0, 0.0, 1.0]], [[1256.7414812095406, 0.0, 792.1125740759628], [0.0, 1256.7414812095406, 492.7757465151356], [0.0, 0.0, 1.0]], [[809.2209905677063, 0.0, 829.2196003259838], [0.0, 809.2209905677063, 481.77842384512485], [0.0, 0.0, 1.0]], [[1259.5137405846733, 0.0, 807.2529053838625], [0.0, 1259.5137405846733, 501.19579884916527], [0.0, 0.0, 1.0]]], "extrinsics": [[[0.8208863139152527, -0.5708937644958496, -0.015035047195851803, -0.826416015625], [-0.0025835733395069838, 0.022614246234297752, -0.9997409582138062, 1.5077972412109375], [0.5710858106613159, 0.8207124471664429, 0.01708877831697464, -1.1845703125], [0.0, 0.0, 0.0, 1.0]], [[0.005856887437403202, -0.9998103380203247, -0.0185743048787117, 0.00634765625], [-0.007921289652585983, 0.01852765679359436, -0.999796986579895, 1.5194320678710938], [0.9999514222145081, 0.00600278889760375, -0.007811273913830519, -1.5543212890625], [0.0, 0.0, 0.0, 1.0]], [[-0.8328907489776611, -0.5531506538391113, -0.017813894897699356, 0.943450927734375], [-0.002341121667996049, 0.035708870738744736, -0.9993594884872437, 1.5033798217773438], [0.5534324645996094, -0.8323155641555786, -0.031036579981446266, -1.189208984375], [0.0, 0.0, 0.0, 1.0]], [[0.9477766752243042, 0.31883805990219116, 0.00785130076110363, -1.1424179077148438], [0.006479877047240734, 0.005361800082027912, -0.9999646544456482, 1.5885515213012695], [-0.3188689053058624, 0.9477940797805786, 0.0030157577712088823, -0.1036376953125], [0.0, 0.0, 0.0, 1.0]], [[0.0024378583766520023, 0.9998802542686462, 0.015285971574485302, 0.0028076171875], [-0.019076621159911156, 0.015329738147556782, -0.9997005462646484, 1.5786018371582031], [-0.999815046787262, 0.002145549515262246, 0.01911170780658722, -0.03753662109375], [0.0, 0.0, 0.0, 1.0]], [[-0.9348138570785522, 0.35513368248939514, -0.001756262150593102, 1.063720703125], [0.013527857139706612, 0.03066663071513176, -0.9994381666183472, 1.5524864196777344], [-0.3548802435398102, -0.9343124628067017, -0.03347179293632507, -0.0908203125], [0.0, 0.0, 0.0, 1.0]]], "view": [[0.0, -2.0, 100.0], [-2.0, 0.0, 100.0], [0.0, 0.0, 1.0]], "bev": "bev_3b93e947fa3b43dd8bcd164082e44b6b.png", "aux": "aux_3b93e947fa3b43dd8bcd164082e44b6b.npz", "visibility": "visibility_3b93e947fa3b43dd8bcd164082e44b6b.png", "pose": [[-0.7558131814002991, -0.6547873616218567, 0.0, 683.6286010742188], [0.6547873616218567, -0.7558131814002991, 0.0, 1915.4442138671875], [0.0, 0.0, 1.0, 0.0], [0.0, 0.0, 0.0, 1.0]], "pose_inverse": [[-0.7558131814002991, 0.6547873616218567, 0.0, -737.51318359375], [-0.6547873616218567, -0.7558131814002991, 0.0, 1895.3492431640625], [0.0, 0.0, 1.0, 0.0], [0.0, 0.0, 0.0, 1.0]], "cam_ids": [0, 1, 2, 3, 4, 5], "cam_channels": ["CAM_FRONT_LEFT", "CAM_FRONT", "CAM_FRONT_RIGHT", "CAM_BACK_LEFT", "CAM_BACK", "CAM_BACK_RIGHT"], "token": "3b93e947fa3b43dd8bcd164082e44b6b", "scene": "scene-1044"}, {"images": ["samples/CAM_FRONT_LEFT/n015-2018-11-21-19-11-29+0800__CAM_FRONT_LEFT__1542798695104844.jpg", "samples/CAM_FRONT/n015-2018-11-21-19-11-29+0800__CAM_FRONT__1542798695112460.jpg", "samples/CAM_FRONT_RIGHT/n015-2018-11-21-19-11-29+0800__CAM_FRONT_RIGHT__1542798695120339.jpg", "samples/CAM_BACK_LEFT/n015-2018-11-21-19-11-29+0800__CAM_BACK_LEFT__1542798695147423.jpg", "samples/CAM_BACK/n015-2018-11-21-19-11-29+0800__CAM_BACK__1542798695137525.jpg", "samples/CAM_BACK_RIGHT/n015-2018-11-21-19-11-29+0800__CAM_BACK_RIGHT__1542798695127893.jpg"], "intrinsics": [[[1272.5979470598488, 0.0, 826.6154927353808], [0.0, 1272.5979470598488, 479.75165386361925], [0.0, 0.0, 1.0]], [[1266.417203046554, 0.0, 816.2670197447984], [0.0, 1266.417203046554, 491.50706579294757], [0.0, 0.0, 1.0]], [[1260.8474446004698, 0.0, 807.968244525554], [0.0, 1260.8474446004698, 495.3344268742088], [0.0, 0.0, 1.0]], [[1256.7414812095406, 0.0, 792.1125740759628], [0.0, 1256.7414812095406, 492.7757465151356], [0.0, 0.0, 1.0]], [[809.2209905677063, 0.0, 829.2196003259838], [0.0, 809.2209905677063, 481.77842384512485], [0.0, 0.0, 1.0]], [[1259.5137405846733, 0.0, 807.2529053838625], [0.0, 1259.5137405846733, 501.19579884916527], [0.0, 0.0, 1.0]]], "extrinsics": [[[0.8207419514656067, -0.5711416602134705, -0.01340881921350956, -0.8426513671875], [-0.0018942938186228275, 0.020749986171722412, -0.9997828602790833, 1.5079421997070312], [0.5712959170341492, 0.8205891847610474, 0.015948474407196045, -1.196533203125], [0.0, 0.0, 0.0, 1.0]], [[0.0056524802930653095, -0.999843418598175, -0.0167690422385931, 0.006591796875], [-0.007158998865634203, 0.016728419810533524, -0.9998344779014587, 1.5196456909179688], [0.9999583959579468, 0.005771579220890999, -0.007063320837914944, -1.57061767578125], [0.0, 0.0, 0.0, 1.0]], [[-0.8329675197601318, -0.5530433058738708, -0.01755080744624138, 0.954010009765625], [-0.0014996768441051245, 0.03397533670067787, -0.9994214773178101, 1.5034866333007812], [0.5533197522163391, -0.8324593901634216, -0.029129741713404655, -1.196044921875], [0.0, 0.0, 0.0, 1.0]], [[0.9477944374084473, 0.31877899169921875, 0.008098012767732143, -1.1407699584960938], [0.0073288800194859505, 0.0036121271550655365, -0.9999666213989258, 1.588564157485962], [-0.3187975287437439, 0.9478221535682678, 0.0010872617131099105, -0.1038818359375], [0.0, 0.0, 0.0, 1.0]], [[0.0024882894940674305, 0.999904215335846, 0.013620134443044662, 0.00244140625], [-0.018162529915571213, 0.01366311963647604, -0.9997417330741882, 1.5787200927734375], [-0.9998319745063782, 0.002240325789898634, 0.018194785341620445, -0.0328369140625], [0.0, 0.0, 0.0, 1.0]], [[-0.9347698092460632, 0.35523951053619385, -0.003185131587088108, 1.072509765625], [0.014423048123717308, 0.028991054743528366, -0.9994755983352661, 1.5524139404296875], [-0.35496091842651367, -0.9343256950378418, -0.03222360089421272, -0.0872802734375], [0.0, 0.0, 0.0, 1.0]]], "view": [[0.0, -2.0, 100.0], [-2.0, 0.0, 100.0], [0.0, 0.0, 1.0]], "bev": "bev_02aaa42955b044ed81be2677b45df277.png", "aux": "aux_02aaa42955b044ed81be2677b45df277.npz", "visibility": "visibility_02aaa42955b044ed81be2677b45df277.png", "pose": [[-0.7529351115226746, -0.6580947637557983, 0.0, 682.2540283203125], [0.6580947637557983, -0.7529351115226746, 0.0, 1916.6669921875], [0.0, 0.0, 1.0, 0.0], [0.0, 0.0, 0.0, 1.0]], "pose_inverse": [[-0.7529351115226746, 0.6580947637557983, 0.0, -747.655517578125], [-0.6580947637557983, -0.7529351115226746, 0.0, 1892.1136474609375], [0.0, 0.0, 1.0, 0.0], [0.0, 0.0, 0.0, 1.0]], "cam_ids": [0, 1, 2, 3, 4, 5], "cam_channels": ["CAM_FRONT_LEFT", "CAM_FRONT", "CAM_FRONT_RIGHT", "CAM_BACK_LEFT", "CAM_BACK", "CAM_BACK_RIGHT"], "token": "02aaa42955b044ed81be2677b45df277", "scene": "scene-1044"}, {"images": ["samples/CAM_FRONT_LEFT/n015-2018-11-21-19-11-29+0800__CAM_FRONT_LEFT__1542798695604844.jpg", "samples/CAM_FRONT/n015-2018-11-21-19-11-29+0800__CAM_FRONT__1542798695612460.jpg", "samples/CAM_FRONT_RIGHT/n015-2018-11-21-19-11-29+0800__CAM_FRONT_RIGHT__1542798695620339.jpg", "samples/CAM_BACK_LEFT/n015-2018-11-21-19-11-29+0800__CAM_BACK_LEFT__1542798695647423.jpg", "samples/CAM_BACK/n015-2018-11-21-19-11-29+0800__CAM_BACK__1542798695637525.jpg", "samples/CAM_BACK_RIGHT/n015-2018-11-21-19-11-29+0800__CAM_BACK_RIGHT__1542798695627893.jpg"], "intrinsics": [[[1272.5979470598488, 0.0, 826.6154927353808], [0.0, 1272.5979470598488, 479.75165386361925], [0.0, 0.0, 1.0]], [[1266.417203046554, 0.0, 816.2670197447984], [0.0, 1266.417203046554, 491.50706579294757], [0.0, 0.0, 1.0]], [[1260.8474446004698, 0.0, 807.968244525554], [0.0, 1260.8474446004698, 495.3344268742088], [0.0, 0.0, 1.0]], [[1256.7414812095406, 0.0, 792.1125740759628], [0.0, 1256.7414812095406, 492.7757465151356], [0.0, 0.0, 1.0]], [[809.2209905677063, 0.0, 829.2196003259838], [0.0, 809.2209905677063, 481.77842384512485], [0.0, 0.0, 1.0]], [[1259.5137405846733, 0.0, 807.2529053838625], [0.0, 1259.5137405846733, 501.19579884916527], [0.0, 0.0, 1.0]]], "extrinsics": [[[0.8209007382392883, -0.5708979368209839, -0.014052408747375011, -0.88134765625], [-0.0033542034216225147, 0.019786566495895386, -0.999798595905304, 1.5078887939453125], [0.5710609555244446, 0.8207825422286987, 0.014327899552881718, -1.222900390625], [0.0, 0.0, 0.0, 1.0]], [[0.005894356407225132, -0.9998583793640137, -0.015760039910674095, 0.0062255859375], [-0.008604506962001324, 0.01570901833474636, -0.9998396039009094, 1.519805908203125], [0.9999456405639648, 0.0060289958491921425, -0.008510694839060307, -1.60882568359375], [0.0, 0.0, 0.0, 1.0]], [[-0.8328728675842285, -0.5532397627830505, -0.015766814351081848, 0.978668212890625], [-0.0029346232768148184, 0.03290143236517906, -0.9994542598724365, 1.5034332275390625], [0.5534565448760986, -0.8323720693588257, -0.02902625873684883, -1.2122802734375], [0.0, 0.0, 0.0, 1.0]], [[0.9478027820587158, 0.3187931478023529, 0.006389549933373928, -1.1439285278320312], [0.0058904425241053104, 0.0025296658277511597, -0.9999794363975525, 1.5885450839996338], [-0.31880268454551697, 0.9478209018707275, 0.0005197915597818792, -0.103271484375], [0.0, 0.0, 0.0, 1.0]], [[0.0024127562064677477, 0.9999188780784607, 0.01250805426388979, 0.0025634765625], [-0.019577812403440475, 0.012552925385534763, -0.9997295141220093, 1.5788841247558594], [-0.9998053908348083, 0.0021671918220818043, 0.019606510177254677, -0.02215576171875], [0.0, 0.0, 0.0, 1.0]], [[-0.9348315596580505, 0.3550844192504883, -0.002246442949399352, 1.0919189453125], [0.012994074262678623, 0.02788601443171501, -0.9995266199111938, 1.5520477294921875], [-0.35485371947288513, -0.934418261051178, -0.030682720243930817, -0.0799560546875], [0.0, 0.0, 0.0, 1.0]]], "view": [[0.0, -2.0, 100.0], [-2.0, 0.0, 100.0], [0.0, 0.0, 1.0]], "bev": "bev_dd70e018536b4005b852a91c9558a29d.png", "aux": "aux_dd70e018536b4005b852a91c9558a29d.npz", "visibility": "visibility_dd70e018536b4005b852a91c9558a29d.png", "pose": [[-0.7507544159889221, -0.6605814099311829, 0.0, 681.137939453125], [0.6605814099311829, -0.7507544159889221, 0.0, 1917.659423828125], [0.0, 0.0, 1.0, 0.0], [0.0, 0.0, 0.0, 1.0]], "pose_inverse": [[-0.7507544159889221, 0.6605814099311829, 0.0, -755.4027709960938], [-0.6605814099311829, -0.7507544159889221, 0.0, 1889.638427734375], [0.0, 0.0, 1.0, 0.0], [0.0, 0.0, 0.0, 1.0]], "cam_ids": [0, 1, 2, 3, 4, 5], "cam_channels": ["CAM_FRONT_LEFT", "CAM_FRONT", "CAM_FRONT_RIGHT", "CAM_BACK_LEFT", "CAM_BACK", "CAM_BACK_RIGHT"], "token": "dd70e018536b4005b852a91c9558a29d", "scene": "scene-1044"}, {"images": ["samples/CAM_FRONT_LEFT/n015-2018-11-21-19-11-29+0800__CAM_FRONT_LEFT__1542798696104844.jpg", "samples/CAM_FRONT/n015-2018-11-21-19-11-29+0800__CAM_FRONT__1542798696112460.jpg", "samples/CAM_FRONT_RIGHT/n015-2018-11-21-19-11-29+0800__CAM_FRONT_RIGHT__1542798696120339.jpg", "samples/CAM_BACK_LEFT/n015-2018-11-21-19-11-29+0800__CAM_BACK_LEFT__1542798696147423.jpg", "samples/CAM_BACK/n015-2018-11-21-19-11-29+0800__CAM_BACK__1542798696137525.jpg", "samples/CAM_BACK_RIGHT/n015-2018-11-21-19-11-29+0800__CAM_BACK_RIGHT__1542798696127893.jpg"], "intrinsics": [[[1272.5979470598488, 0.0, 826.6154927353808], [0.0, 1272.5979470598488, 479.75165386361925], [0.0, 0.0, 1.0]], [[1266.417203046554, 0.0, 816.2670197447984], [0.0, 1266.417203046554, 491.50706579294757], [0.0, 0.0, 1.0]], [[1260.8474446004698, 0.0, 807.968244525554], [0.0, 1260.8474446004698, 495.3344268742088], [0.0, 0.0, 1.0]], [[1256.7414812095406, 0.0, 792.1125740759628], [0.0, 1256.7414812095406, 492.7757465151356], [0.0, 0.0, 1.0]], [[809.2209905677063, 0.0, 829.2196003259838], [0.0, 809.2209905677063, 481.77842384512485], [0.0, 0.0, 1.0]], [[1259.5137405846733, 0.0, 807.2529053838625], [0.0, 1259.5137405846733, 501.19579884916527], [0.0, 0.0, 1.0]]], "extrinsics": [[[0.8209939002990723, -0.5707606673240662, -0.014186900109052658, -0.88720703125], [-0.003967669326812029, 0.019144197925925255, -0.9998088479042053, 1.50787353515625], [0.5709232091903687, 0.8208932876586914, 0.013452678918838501, -1.226318359375], [0.0, 0.0, 0.0, 1.0]], [[0.006024649366736412, -0.9998663663864136, -0.015196085907518864, 0.0054931640625], [-0.009305036626756191, 0.015139652416110039, -0.99984210729599, 1.5198097229003906], [0.9999384880065918, 0.006165096536278725, -0.009212582372128963, -1.61444091796875], [0.0, 0.0, 0.0, 1.0]], [[-0.8328254818916321, -0.5533367991447449, -0.014836778864264488, 0.98193359375], [-0.0037275541108101606, 0.03240935131907463, -0.999467670917511, 1.50341796875], [0.5535231232643127, -0.8323268890380859, -0.029053926467895508, -1.2149658203125], [0.0, 0.0, 0.0, 1.0]], [[0.9477940201759338, 0.3188387155532837, 0.00533208716660738, -1.1415939331054688], [0.0048681627959012985, 0.002251905621960759, -0.9999856352806091, 1.5885570049285889], [-0.31884610652923584, 0.9478063583374023, 0.000582182256039232, -0.103759765625], [0.0, 0.0, 0.0, 1.0]], [[0.002373150549829006, 0.9999236464500427, 0.01212756335735321, 0.0029296875], [-0.020523084327578545, 0.012173743918538094, -0.999715268611908, 1.5788955688476562], [-0.9997866153717041, 0.0021235335152596235, 0.020550405606627464, -0.02069091796875], [0.0, 0.0, 0.0, 1.0]], [[-0.9348620176315308, 0.35500767827033997, -0.0015919392462819815, 1.0950927734375], [0.012126677669584751, 0.027451658621430397, -0.9995495676994324, 1.5519790649414062], [-0.3548040986061096, -0.9344603419303894, -0.02996857650578022, -0.0791015625], [0.0, 0.0, 0.0, 1.0]]], "view": [[0.0, -2.0, 100.0], [-2.0, 0.0, 100.0], [0.0, 0.0, 1.0]], "bev": "bev_bf1077a766d646f2b237899c0c7bae7c.png", "aux": "aux_bf1077a766d646f2b237899c0c7bae7c.npz", "visibility": "visibility_bf1077a766d646f2b237899c0c7bae7c.png", "pose": [[-0.7482183575630188, -0.6634525656700134, 0.0, 680.23486328125], [0.6634525656700134, -0.7482183575630188, 0.0, 1918.46630859375], [0.0, 0.0, 1.0, 0.0], [0.0, 0.0, 0.0, 1.0]], "pose_inverse": [[-0.7482183575630188, 0.6634525656700134, 0.0, -763.84716796875], [-0.6634525656700134, -0.7482183575630188, 0.0, 1886.7352294921875], [0.0, 0.0, 1.0, 0.0], [0.0, 0.0, 0.0, 1.0]], "cam_ids": [0, 1, 2, 3, 4, 5], "cam_channels": ["CAM_FRONT_LEFT", "CAM_FRONT", "CAM_FRONT_RIGHT", "CAM_BACK_LEFT", "CAM_BACK", "CAM_BACK_RIGHT"], "token": "bf1077a766d646f2b237899c0c7bae7c", "scene": "scene-1044"}, {"images": ["samples/CAM_FRONT_LEFT/n015-2018-11-21-19-11-29+0800__CAM_FRONT_LEFT__1542798696604844.jpg", "samples/CAM_FRONT/n015-2018-11-21-19-11-29+0800__CAM_FRONT__1542798696612460.jpg", "samples/CAM_FRONT_RIGHT/n015-2018-11-21-19-11-29+0800__CAM_FRONT_RIGHT__1542798696620339.jpg", "samples/CAM_BACK_LEFT/n015-2018-11-21-19-11-29+0800__CAM_BACK_LEFT__1542798696647423.jpg", "samples/CAM_BACK/n015-2018-11-21-19-11-29+0800__CAM_BACK__1542798696637525.jpg", "samples/CAM_BACK_RIGHT/n015-2018-11-21-19-11-29+0800__CAM_BACK_RIGHT__1542798696627893.jpg"], "intrinsics": [[[1272.5979470598488, 0.0, 826.6154927353808], [0.0, 1272.5979470598488, 479.75165386361925], [0.0, 0.0, 1.0]], [[1266.417203046554, 0.0, 816.2670197447984], [0.0, 1266.417203046554, 491.50706579294757], [0.0, 0.0, 1.0]], [[1260.8474446004698, 0.0, 807.968244525554], [0.0, 1260.8474446004698, 495.3344268742088], [0.0, 0.0, 1.0]], [[1256.7414812095406, 0.0, 792.1125740759628], [0.0, 1256.7414812095406, 492.7757465151356], [0.0, 0.0, 1.0]], [[809.2209905677063, 0.0, 829.2196003259838], [0.0, 809.2209905677063, 481.77842384512485], [0.0, 0.0, 1.0]], [[1259.5137405846733, 0.0, 807.2529053838625], [0.0, 1259.5137405846733, 501.19579884916527], [0.0, 0.0, 1.0]]], "extrinsics": [[[0.8209137320518494, -0.570891261100769, -0.013562257401645184, -0.90283203125], [-0.0024352166801691055, 0.0202496238052845, -0.9997919797897339, 1.5080490112304688], [0.5710470676422119, 0.8207758665084839, 0.015232949517667294, -1.238037109375], [0.0, 0.0, 0.0, 1.0]], [[0.005901705473661423, -0.9998509287834167, -0.016223382204771042, 0.006103515625], [-0.007713136728852987, 0.016177667304873466, -0.9998394250869751, 1.5200462341308594], [0.9999527931213379, 0.006025832146406174, -0.007616513408720493, -1.63043212890625], [0.0, 0.0, 0.0, 1.0]], [[-0.832865297794342, -0.5532221794128418, -0.016747741028666496, 0.992584228515625], [-0.002072045113891363, 0.0333755724132061, -0.9994407296180725, 1.5035324096679688], [0.5534717440605164, -0.8323647975921631, -0.028943661600351334, -1.2216796875], [0.0, 0.0, 0.0, 1.0]], [[0.9478036761283875, 0.3187708556652069, 0.007296419702470303, -1.1429595947265625], [0.006690677255392075, 0.0029951741453260183, -0.9999731183052063, 1.5885460376739502], [-0.3187841773033142, 0.9478270411491394, 0.0007060443749651313, -0.1036376953125], [0.0, 0.0, 0.0, 1.0]], [[0.0024159944150596857, 0.9999129772186279, 0.012974303215742111, 0.00244140625], [-0.01876125857234001, 0.01301738154143095, -0.