[{"images": ["samples/CAM_FRONT_LEFT/n015-2018-07-11-11-54-16+0800__CAM_FRONT_LEFT__1531281678754844.jpg", "samples/CAM_FRONT/n015-2018-07-11-11-54-16+0800__CAM_FRONT__1531281678762460.jpg", "samples/CAM_FRONT_RIGHT/n015-2018-07-11-11-54-16+0800__CAM_FRONT_RIGHT__1531281678770339.jpg", "samples/CAM_BACK_LEFT/n015-2018-07-11-11-54-16+0800__CAM_BACK_LEFT__1531281678797423.jpg", "samples/CAM_BACK/n015-2018-07-11-11-54-16+0800__CAM_BACK__1531281678787531.jpg", "samples/CAM_BACK_RIGHT/n015-2018-07-11-11-54-16+0800__CAM_BACK_RIGHT__1531281678777893.jpg"], "intrinsics": [[[1272.5979470598488, 0.0, 826.6154927353808], [0.0, 1272.5979470598488, 479.75165386361925], [0.0, 0.0, 1.0]], [[1266.417203046554, 0.0, 816.2670197447984], [0.0, 1266.417203046554, 491.50706579294757], [0.0, 0.0, 1.0]], [[1260.8474446004698, 0.0, 807.968244525554], [0.0, 1260.8474446004698, 495.3344268742088], [0.0, 0.0, 1.0]], [[1256.7414812095406, 0.0, 792.1125740759628], [0.0, 1256.7414812095406, 492.7757465151356], [0.0, 0.0, 1.0]], [[809.2209905677063, 0.0, 829.2196003259838], [0.0, 809.2209905677063, 481.77842384512485], [0.0, 0.0, 1.0]], [[1259.5137405846733, 0.0, 807.2529053838625], [0.0, 1259.5137405846733, 501.19579884916527], [0.0, 0.0, 1.0]]], "extrinsics": [[[0.8217397928237915, -0.5689646005630493, 0.03198245167732239, -0.70849609375], [0.04068516194820404, 0.002595521742478013, -0.9991686344146729, 1.5209522247314453], [0.5684085488319397, 0.8223578929901123, 0.025281263515353203, -1.1029052734375], [0.0, 0.0, 0.0, 1.0]], [[0.008043581619858742, -0.9999662041664124, 0.0016758126439526677, 0.0069580078125], [0.03548560291528702, -0.001389372511766851, -0.999369204044342, 1.5297622680664062], [0.9993377327919006, 0.008097917772829533, 0.035473234951496124, -1.43243408203125], [0.0, 0.0, 0.0, 1.0]], [[-0.8307479619979858, -0.554981529712677, -0.04304863512516022, 0.86114501953125], [0.04113345593214035, 0.015919813886284828, -0.9990268349647522, 1.512122631072998], [0.5551267266273499, -0.8317102193832397, 0.009602955542504787, -1.13427734375], [0.0, 0.0, 0.0, 1.0]], [[0.9466652870178223, 0.31936126947402954, 0.042815111577510834, -1.1212005615234375], [0.04995177686214447, -0.014185397885739803, -0.9986509084701538, 1.5896530151367188], [-0.318323016166687, 0.9475268125534058, -0.029381487518548965, -0.110595703125], [0.0, 0.0, 0.0, 1.0]], [[0.0015296413330361247, 0.9999898076057434, -0.004251832142472267, 0.0029296875], [0.02452969364821911, -0.004288082011044025, -0.9996899366378784, 1.5815315246582031], [-0.9996979236602783, 0.0014249164378270507, -0.024536002427339554, -0.08685302734375], [0.0, 0.0, 0.0, 1.0]], [[-0.9340959191322327, 0.35357430577278137, -0.049497220665216446, 0.99188232421875], [0.057065848261117935, 0.011005942709743977, -0.9983097314834595, 1.5602631568908691], [-0.35243186354637146, -0.9353416562080383, -0.030457627028226852, -0.117919921875], [0.0, 0.0, 0.0, 1.0]]], "view": [[0.0, -2.0, 100.0], [-2.0, 0.0, 100.0], [0.0, 0.0, 1.0]], "bev": "bev_1d477a7c21784a98b2e6a9289a958fe2.png", "aux": "aux_1d477a7c21784a98b2e6a9289a958fe2.npz", "visibility": "visibility_1d477a7c21784a98b2e6a9289a958fe2.png", "pose": [[0.8657401204109192, 0.5004937648773193, 0.0, 429.59771728515625], [-0.5004937648773193, 0.8657401204109192, 0.0, 1651.0013427734375], [0.0, 0.0, 1.0, 0.0], [0.0, 0.0, 0.0, 1.0]], "pose_inverse": [[0.8657401204109192, -0.5004937648773193, 0.0, 454.3959045410156], [0.5004937648773193, 0.8657401204109192, 0.0, -1644.34912109375], [0.0, 0.0, 1.0, 0.0], [0.0, 0.0, 0.0, 1.0]], "cam_ids": [0, 1, 2, 3, 4, 5], "cam_channels": ["CAM_FRONT_LEFT", "CAM_FRONT", "CAM_FRONT_RIGHT", "CAM_BACK_LEFT", "CAM_BACK", "CAM_BACK_RIGHT"], "token": "1d477a7c21784a98b2e6a9289a958fe2", "scene": "scene-0273"}, {"images": ["samples/CAM_FRONT_LEFT/n015-2018-07-11-11-54-16+0800__CAM_FRONT_LEFT__1531281679254844.jpg", "samples/CAM_FRONT/n015-2018-07-11-11-54-16+0800__CAM_FRONT__1531281679262460.jpg", "samples/CAM_FRONT_RIGHT/n015-2018-07-11-11-54-16+0800__CAM_FRONT_RIGHT__1531281679270339.jpg", "samples/CAM_BACK_LEFT/n015-2018-07-11-11-54-16+0800__CAM_BACK_LEFT__1531281679297423.jpg", "samples/CAM_BACK/n015-2018-07-11-11-54-16+0800__CAM_BACK__1531281679287525.jpg", "samples/CAM_BACK_RIGHT/n015-2018-07-11-11-54-16+0800__CAM_BACK_RIGHT__1531281679277893.jpg"], "intrinsics": [[[1272.5979470598488, 0.0, 826.6154927353808], [0.0, 1272.5979470598488, 479.75165386361925], [0.0, 0.0, 1.0]], [[1266.417203046554, 0.0, 816.2670197447984], [0.0, 1266.417203046554, 491.50706579294757], [0.0, 0.0, 1.0]], [[1260.8474446004698, 0.0, 807.968244525554], [0.0, 1260.8474446004698, 495.3344268742088], [0.0, 0.0, 1.0]], [[1256.7414812095406, 0.0, 792.1125740759628], [0.0, 1256.7414812095406, 492.7757465151356], [0.0, 0.0, 1.0]], [[809.2209905677063, 0.0, 829.2196003259838], [0.0, 809.2209905677063, 481.77842384512485], [0.0, 0.0, 1.0]], [[1259.5137405846733, 0.0, 807.2529053838625], [0.0, 1259.5137405846733, 501.19579884916527], [0.0, 0.0, 1.0]]], "extrinsics": [[[0.8226447105407715, -0.5679714679718018, 0.02577025257050991, -0.7191162109375], [0.03366900980472565, 0.0034194285981357098, -0.9994271397590637, 1.5183525085449219], [0.5675579309463501, 0.8230411410331726, 0.02193600870668888, -1.108642578125], [0.0, 0.0, 0.0, 1.0]], [[0.009055579081177711, -0.9999584555625916, 0.0010604339186102152, 0.005859375], [0.028375808149576187, -0.0008030790486373007, -0.9995970129966736, 1.5276193618774414], [0.999556303024292, 0.00908198207616806, 0.028367355465888977, -1.4427490234375], [0.0, 0.0, 0.0, 1.0]], [[-0.8306064605712891, -0.5555992722511292, -0.03744678199291229, 0.867431640625], [0.03393636643886566, 0.016616789624094963, -0.9992858171463013, 1.5103750228881836], [0.5558246970176697, -0.8312841653823853, 0.005053007043898106, -1.139404296875], [0.0, 0.0, 0.0, 1.0]], [[0.9469996690750122, 0.3192153871059418, 0.035960424691438675, -1.1248397827148438], [0.04264061897993088, -0.013960612006485462, -0.998992919921875, 1.5893211364746094], [-0.31839191913604736, 0.9475793242454529, -0.02683223970234394, -0.109130859375], [0.0, 0.0, 0.0, 1.0]], [[0.0012321462854743004, 0.9999919533729553, -0.003843679092824459, 0.0032958984375], [0.017241358757019043, -0.00386435491964221, -0.9998438954353333, 1.5808143615722656], [-0.9998506307601929, 0.0011656624265015125, -0.017245981842279434, -0.0826416015625], [0.0, 0.0, 0.0, 1.0]], [[-0.9346228837966919, 0.3530820906162262, -0.04257939010858536, 0.998046875], [0.04982832074165344, 0.011461899615824223, -0.9986920356750488, 1.5588383674621582], [-0.3521321713924408, -0.935522198677063, -0.028306039050221443, -0.1163330078125], [0.0, 0.0, 0.0, 1.0]]], "view": [[0.0, -2.0, 100.0], [-2.0, 0.0, 100.0], [0.0, 0.0, 1.0]], "bev": "bev_4cd21f4d2a00448c9efe4d81a6e35891.png", "aux": "aux_4cd21f4d2a00448c9efe4d81a6e35891.npz", "visibility": "visibility_4cd21f4d2a00448c9efe4d81a6e35891.png", "pose": [[0.8460392355918884, 0.5331206321716309, 0.0, 432.4653015136719], [-0.5331206321716309, 0.8460392355918884, 0.0, 1649.280029296875], [0.0, 0.0, 1.0, 0.0], [0.0, 0.0, 0.0, 1.0]], "pose_inverse": [[0.8460392355918884, -0.5331206321716309, 0.0, 513.3826293945312], [0.5331206321716309, 0.8460392355918884, 0.0, -1625.9117431640625], [0.0, 0.0, 1.0, 0.0], [0.0, 0.0, 0.0, 1.0]], "cam_ids": [0, 1, 2, 3, 4, 5], "cam_channels": ["CAM_FRONT_LEFT", "CAM_FRONT", "CAM_FRONT_RIGHT", "CAM_BACK_LEFT", "CAM_BACK", "CAM_BACK_RIGHT"], "token": "4cd21f4d2a00448c9efe4d81a6e35891", "scene": "scene-0273"}, {"images": ["samples/CAM_FRONT_LEFT/n015-2018-07-11-11-54-16+0800__CAM_FRONT_LEFT__1531281679754844.jpg", "samples/CAM_FRONT/n015-2018-07-11-11-54-16+0800__CAM_FRONT__1531281679762460.jpg", "samples/CAM_FRONT_RIGHT/n015-2018-07-11-11-54-16+0800__CAM_FRONT_RIGHT__1531281679770339.jpg", "samples/CAM_BACK_LEFT/n015-2018-07-11-11-54-16+0800__CAM_BACK_LEFT__1531281679797423.jpg", "samples/CAM_BACK/n015-2018-07-11-11-54-16+0800__CAM_BACK__1531281679787525.jpg", "samples/CAM_BACK_RIGHT/n015-2018-07-11-11-54-16+0800__CAM_BACK_RIGHT__1531281679777893.jpg"], "intrinsics": [[[1272.5979470598488, 0.0, 826.6154927353808], [0.0, 1272.5979470598488, 479.75165386361925], [0.0, 0.0, 1.0]], [[1266.417203046554, 0.0, 816.2670197447984], [0.0, 1266.417203046554, 491.50706579294757], [0.0, 0.0, 1.0]], [[1260.8474446004698, 0.0, 807.968244525554], [0.0, 1260.8474446004698, 495.3344268742088], [0.0, 0.0, 1.0]], [[1256.7414812095406, 0.0, 792.1125740759628], [0.0, 1256.7414812095406, 492.7757465151356], [0.0, 0.0, 1.0]], [[809.2209905677063, 0.0, 829.2196003259838], [0.0, 809.2209905677063, 481.77842384512485], [0.0, 0.0, 1.0]], [[1259.5137405846733, 0.0, 807.2529053838625], [0.0, 1259.5137405846733, 501.19579884916527], [0.0, 0.0, 1.0]]], "extrinsics": [[[0.8231749534606934, -0.5674871206283569, 0.018472477793693542, -0.7091064453125], [0.028528690338134766, 0.008845780044794083, -0.9995538592338562, 1.5170948505401611], [0.5670706033706665, 0.8233346939086914, 0.0234712902456522, -1.104736328125], [0.0, 0.0, 0.0, 1.0]], [[0.009635267779231071, -0.999942421913147, -0.0047219316475093365, 0.0081787109375], [0.023197006434202194, 0.004944399930536747, -0.9997186660766602, 1.5265016555786133], [0.9996844530105591, 0.009523036889731884, 0.023243309929966927, -1.43505859375], [0.0, 0.0, 0.0, 1.0]], [[-0.8305560350418091, -0.5557496547698975, -0.0363176167011261, 0.86407470703125], [0.028717515990138054, 0.022387823089957237, -0.999336838722229, 1.5094585418701172], [0.5561941266059875, -0.8310482501983643, -0.0026345932856202126, -1.1353759765625], [0.0, 0.0, 0.0, 1.0]], [[0.9470116496086121, 0.3194807469844818, 0.03318227455019951, -1.1273231506347656], [0.03743399307131767, -0.007174965925514698, -0.9992733001708984, 1.589141845703125], [-0.31901049613952637, 0.9475655555725098, -0.01875421591103077, -0.10888671875], [0.0, 0.0, 0.0, 1.0]], [[0.0010491926223039627, 0.9999963641166687, 0.0025207235012203455, 0.002685546875], [0.012018926441669464, 0.0025079320184886456, -0.9999246597290039, 1.5803685188293457], [-0.999927282333374, 0.001079442328773439, -0.012016252614557743, -0.0821533203125], [0.0, 0.0, 0.0, 1.0]], [[-0.9349378943443298, 0.3530287742614746, -0.035522736608982086, 0.9952392578125], [0.044604916125535965, 0.017621681094169617, -0.9988492727279663, 1.5581603050231934], [-0.35199660062789917, -0.9354465007781982, -0.032221999019384384, -0.1162109375], [0.0, 0.0, 0.0, 1.0]]], "view": [[0.0, -2.0, 100.0], [-2.0, 0.0, 100.0], [0.0, 0.0, 1.0]], "bev": "bev_d7f831c213eb44e3b8031f73929278a7.png", "aux": "aux_d7f831c213eb44e3b8031f73929278a7.npz", "visibility": "visibility_d7f831c213eb44e3b8031f73929278a7.png", "pose": [[0.8213697075843811, 0.5703961849212646, 0.0, 435.3099670410156], [-0.5703961849212646, 0.8213697075843811, 0.0, 1647.3741455078125], [0.0, 0.0, 1.0, 0.0], [0.0, 0.0, 0.0, 1.0]], "pose_inverse": [[0.8213697075843811, -0.5703961849212646, 0.0, 582.1055297851562], [0.5703961849212646, 0.8213697075843811, 0.0, -1601.40234375], [0.0, 0.0, 1.0, 0.0], [0.0, 0.0, 0.0, 1.0]], "cam_ids": [0, 1, 2, 3, 4, 5], "cam_channels": ["CAM_FRONT_LEFT", "CAM_FRONT", "CAM_FRONT_RIGHT", "CAM_BACK_LEFT", "CAM_BACK", "CAM_BACK_RIGHT"], "token": "d7f831c213eb44e3b8031f73929278a7", "scene": "scene-0273"}, {"images": ["samples/CAM_FRONT_LEFT/n015-2018-07-11-11-54-16+0800__CAM_FRONT_LEFT__1531281680354844.jpg", "samples/CAM_FRONT/n015-2018-07-11-11-54-16+0800__CAM_FRONT__1531281680362460.jpg", "samples/CAM_FRONT_RIGHT/n015-2018-07-11-11-54-16+0800__CAM_FRONT_RIGHT__1531281680370339.jpg", "samples/CAM_BACK_LEFT/n015-2018-07-11-11-54-16+0800__CAM_BACK_LEFT__1531281680397423.jpg", "samples/CAM_BACK/n015-2018-07-11-11-54-16+0800__CAM_BACK__1531281680387525.jpg", "samples/CAM_BACK_RIGHT/n015-2018-07-11-11-54-16+0800__CAM_BACK_RIGHT__1531281680377893.jpg"], "intrinsics": [[[1272.5979470598488, 0.0, 826.6154927353808], [0.0, 1272.5979470598488, 479.75165386361925], [0.0, 0.0, 1.0]], [[1266.417203046554, 0.0, 816.2670197447984], [0.0, 1266.417203046554, 491.50706579294757], [0.0, 0.0, 1.0]], [[1260.8474446004698, 0.0, 807.968244525554], [0.0, 1260.8474446004698, 495.3344268742088], [0.0, 0.0, 1.0]], [[1256.7414812095406, 0.0, 792.1125740759628], [0.0, 1256.7414812095406, 492.7757465151356], [0.0, 0.0, 1.0]], [[809.2209905677063, 0.0, 829.2196003259838], [0.0, 809.2209905677063, 481.77842384512485], [0.0, 0.0, 1.0]], [[1259.5137405846733, 0.0, 807.2529053838625], [0.0, 1259.5137405846733, 501.19579884916527], [0.0, 0.0, 1.0]]], "extrinsics": [[[0.8221959471702576, -0.5691618919372559, 0.006963656283915043, -0.7061767578125], [0.022355766966938972, 0.020065126940608025, -0.9995487332344055, 1.5152502059936523], [0.5687652826309204, 0.8219805955886841, 0.029221517965197563, -1.10235595703125], [0.0, 0.0, 0.0, 1.0]], [[0.008016463369131088, -0.9998406171798706, -0.0159502774477005, 0.0079345703125], [0.016770772635936737, 0.016082976013422012, -0.9997299909591675, 1.5248908996582031], [0.9998272061347961, 0.007746752817183733, 0.01689702831208706, -1.43182373046875], [0.0, 0.0, 0.0, 1.0]], [[-0.8314818739891052, -0.5543261170387268, -0.03688249737024307, 0.8619384765625], [0.022066833451390266, 0.03338247537612915, -0.9991989731788635, 1.508148193359375], [0.5551133751869202, -0.8316296935081482, -0.015524700284004211, -1.1341552734375], [0.0, 0.0, 0.0, 1.0]], [[0.9473283886909485, 0.31892189383506775, 0.02928660623729229, -1.1265640258789062], [0.029790198430418968, 0.0032996966037899256, -0.9995507001876831, 1.589045524597168], [-0.318875253200531, 0.9477753043174744, -0.0063748471438884735, -0.1087646484375], [0.0, 0.0, 0.0, 1.0]], [[0.001621659961529076, 0.999911367893219, 0.013214613310992718, 0.002685546875], [0.004724136088043451, 0.013206820003688335, -0.9999016523361206, 1.5797557830810547], [-0.9999875426292419, 0.0016839614836499095, -0.004702300298959017, -0.0831298828125], [0.0, 0.0, 0.0, 1.0]], [[-0.934827983379364, 0.35420769453048706, -0.025171751156449318, 0.99365234375], [0.03768173232674599, 0.028464291244745255, -0.9988843202590942, 1.5571765899658203], [-0.3530959486961365, -0.9347334504127502, -0.03995637223124504, -0.116943359375], [0.0, 0.0, 0.0, 1.0]]], "view": [[0.0, -2.0, 100.0], [-2.0, 0.0, 100.0], [0.0, 0.0, 1.0]], "bev": "bev_915e9d78c1eb4bc7a75fbd9d672be158.png", "aux": "aux_915e9d78c1eb4bc7a75fbd9d672be158.npz", "visibility": "visibility_915e9d78c1eb4bc7a75fbd9d672be158.png", "pose": [[0.794108510017395, 0.6077759861946106, 0.0, 438.6156005859375], [-0.6077759861946106, 0.794108510017395, 0.0, 1644.9075927734375], [0.0, 0.0, 1.0, 0.0], [0.0, 0.0, 0.0, 1.0]], "pose_inverse": [[0.794108510017395, -0.6077759861946106, 0.0, 651.427001953125], [0.6077759861946106, 0.794108510017395, 0.0, -1572.815185546875], [0.0, 0.0, 1.0, 0.0], [0.0, 0.0, 0.0, 1.0]], "cam_ids": [0, 1, 2, 3, 4, 5], "cam_channels": ["CAM_FRONT_LEFT", "CAM_FRONT", "CAM_FRONT_RIGHT", "CAM_BACK_LEFT", "CAM_BACK", "CAM_BACK_RIGHT"], "token": "915e9d78c1eb4bc7a75fbd9d672be158", "scene": "scene-0273"}, {"images": ["samples/CAM_FRONT_LEFT/n015-2018-07-11-11-54-16+0800__CAM_FRONT_LEFT__1531281680904844.jpg", "samples/CAM_FRONT/n015-2018-07-11-11-54-16+0800__CAM_FRONT__1531281680912460.jpg", "samples/CAM_FRONT_RIGHT/n015-2018-07-11-11-54-16+0800__CAM_FRONT_RIGHT__1531281680920339.jpg", "samples/CAM_BACK_LEFT/n015-2018-07-11-11-54-16+0800__CAM_BACK_LEFT__1531281680947423.jpg", "samples/CAM_BACK/n015-2018-07-11-11-54-16+0800__CAM_BACK__1531281680937525.jpg", "samples/CAM_BACK_RIGHT/n015-2018-07-11-11-54-16+0800__CAM_BACK_RIGHT__1531281680927893.jpg"], "intrinsics": [[[1272.5979470598488, 0.0, 826.6154927353808], [0.0, 1272.5979470598488, 479.75165386361925], [0.0, 0.0, 1.0]], [[1266.417203046554, 0.0, 816.2670197447984], [0.0, 1266.417203046554, 491.50706579294757], [0.0, 0.0, 1.0]], [[1260.8474446004698, 0.0, 807.968244525554], [0.0, 1260.8474446004698, 495.3344268742088], [0.0, 0.0, 1.0]], [[1256.7414812095406, 0.0, 792.1125740759628], [0.0, 1256.7414812095406, 492.7757465151356], [0.0, 0.0, 1.0]], [[809.2209905677063, 0.0, 829.2196003259838], [0.0, 809.2209905677063, 481.77842384512485], [0.0, 0.0, 1.0]], [[1259.5137405846733, 0.0, 807.2529053838625], [0.0, 1259.5137405846733, 501.19579884916527], [0.0, 0.0, 1.0]]], "extrinsics": [[[0.8216887712478638, -0.5699347257614136, 0.0014141263673081994, -0.714111328125], [0.01605069451034069, 0.020660320296883583, -0.9996576905250549, 1.5130805969238281], [0.5697104334831238, 0.8214302659034729, 0.026124201714992523, -1.1087646484375], [0.0, 0.0, 0.0, 1.0]], [[0.0071876030415296555, -0.9998361468315125, -0.016610844060778618, 0.0084228515625], [0.010688470676541328, 0.016687139868736267, -0.9998036623001099, 1.5231876373291016], [0.9999170899391174, 0.007008673157542944, 0.01080666109919548, -1.44122314453125], [0.0, 0.0, 0.0, 1.0]], [[-0.8319730162620544, -0.5538725256919861, -0.03234264627099037, 0.869415283203125], [0.01621354930102825, 0.033997826278209686, -0.9992903470993042, 1.5067939758300781], [0.5545790791511536, -0.8319070339202881, -0.01930503360927105, -1.138671875], [0.0, 0.0, 0.0, 1.0]], [[0.9474206566810608, 0.3190374970436096, 0.024679478257894516, -1.1299896240234375], [0.024756738916039467, 0.0038136255461722612, -0.9996862411499023, 1.588871955871582], [-0.3190315365791321, 0.9477344155311584, -0.004285220988094807, -0.107666015625], [0.0, 0.0, 0.0, 1.0]], [[0.0017255820566788316, 0.9999037384986877, 0.01376887783408165, 0.0025634765625], [-0.000605809735134244, 0.013769939541816711, -0.999904990196228, 1.5793018341064453], [-0.9999983906745911, 0.0017170400824397802, 0.0006295120110735297, -0.077880859375], [0.0, 0.0, 0.0, 1.0]], [[-0.934840738773346, 0.3545215129852295, -0.019675638526678085, 1.0006103515625], [0.03205183893442154, 0.02907060645520687, -0.9990633726119995, 1.5560626983642578], [-0.35361748933792114, -0.9345958828926086, -0.03853945806622505, -0.114013671875], [0.0, 0.0, 0.0, 1.0]]], "view": [[0.0, -2.0, 100.0], [-2.0, 0.0, 100.0], [0.0, 0.0, 1.0]], "bev": "bev_8ae5eb1e96954ba0b154600564400ab4.png", "aux": "aux_8ae5eb1e96954ba0b154600564400ab4.npz", "visibility": "visibility_8ae5eb1e96954ba0b154600564400ab4.png", "pose": [[0.7802048921585083, 0.6255240440368652, 0.0, 441.59185791015625], [-0.6255240440368652, 0.7802048921585083, 0.0, 1642.532958984375], [0.0, 0.0, 1.0, 0.0], [0.0, 0.0, 0.0, 1.0]], "pose_inverse": [[0.7802048921585083, -0.6255240440368652, 0.0, 682.9117431640625], [0.6255240440368652, 0.7802048921585083, 0.0, -1557.738525390625], [0.0, 0.0, 1.0, 0.0], [0.0, 0.0, 0.0, 1.0]], "cam_ids": [0, 1, 2, 3, 4, 5], "cam_channels": ["CAM_FRONT_LEFT", "CAM_FRONT", "CAM_FRONT_RIGHT", "CAM_BACK_LEFT", "CAM_BACK", "CAM_BACK_RIGHT"], "token": "8ae5eb1e96954ba0b154600564400ab4", "scene": "scene-0273"}, {"images": ["samples/CAM_FRONT_LEFT/n015-2018-07-11-11-54-16+0800__CAM_FRONT_LEFT__1531281681354844.jpg", "samples/CAM_FRONT/n015-2018-07-11-11-54-16+0800__CAM_FRONT__1531281681362460.jpg", "samples/CAM_FRONT_RIGHT/n015-2018-07-11-11-54-16+0800__CAM_FRONT_RIGHT__1531281681370339.jpg", "samples/CAM_BACK_LEFT/n015-2018-07-11-11-54-16+0800__CAM_BACK_LEFT__1531281681397423.jpg", "samples/CAM_BACK/n015-2018-07-11-11-54-16+0800__CAM_BACK__1531281681387525.jpg", "samples/CAM_BACK_RIGHT/n015-2018-07-11-11-54-16+0800__CAM_BACK_RIGHT__1531281681377893.jpg"], "intrinsics": [[[1272.5979470598488, 0.0, 826.6154927353808], [0.0, 1272.5979470598488, 479.75165386361925], [0.0, 0.0, 1.0]], [[1266.417203046554, 0.0, 816.2670197447984], [0.0, 1266.417203046554, 491.50706579294757], [0.0, 0.0, 1.0]], [[1260.8474446004698, 0.0, 807.968244525554], [0.0, 1260.8474446004698, 495.3344268742088], [0.0, 0.0, 1.0]], [[1256.7414812095406, 0.0, 792.1125740759628], [0.0, 1256.7414812095406, 492.7757465151356], [0.0, 0.0, 1.0]], [[809.2209905677063, 0.0, 829.2196003259838], [0.0, 809.2209905677063, 481.77842384512485], [0.0, 0.0, 1.0]], [[1259.5137405846733, 0.0, 807.2529053838625], [0.0, 1259.5137405846733, 501.19579884916527], [0.0, 0.0, 1.0]]], "extrinsics": [[[0.8211106657981873, -0.5707592964172363, -0.0033163076732307673, -0.717529296875], [0.014057163149118423, 0.02603084035217762, -0.9995623230934143, 1.5123291015625], [0.5705958008766174, 0.8207047581672668, 0.02939746156334877, -1.1134033203125], [0.0, 0.0, 0.0, 1.0]], [[0.00627558771520853, -0.999738872051239, -0.021968500688672066, 0.01025390625], [0.008763929829001427, 0.022023078054189682, -0.9997190833091736, 1.5226192474365234], [0.9999418258666992, 0.006081318482756615, 0.008899850770831108, -1.4453125], [0.0, 0.0, 0.0, 1.0]], [[-0.8324427604675293, -0.5530833601951599, -0.03373055160045624, 0.872100830078125], [0.014381589367985725, 0.03928732872009277, -0.9991244077682495, 1.5063247680664062], [0.5539243817329407, -0.8321990966796875, -0.0247502364218235, -1.138916015625], [0.0, 0.0, 0.0, 1.0]], [[0.947612464427948, 0.31845346093177795, 0.024858729913830757, -1.1298370361328125], [0.02319379337131977, 0.009019536897540092, -0.9996902942657471, 1.588857650756836], [-0.3185790479183197, 0.9478955864906311, 0.0011608843924477696, -0.1082763671875], [0.0, 0.0, 0.0, 1.0]], [[0.002253682818263769, 0.9998168349266052, 0.019007325172424316, 0.0018310546875], [-0.0022775898687541485, 0.0190124548971653, -0.9998166561126709, 1.579153060913086], [-0.9999949336051941, 0.002210052451118827, 0.0023200195282697678, -0.07733154296875], [0.0, 0.0, 0.0, 1.0]], [[-0.9346556067466736, 0.35518744587898254, -0.016149159520864487, 1.0010986328125], [0.030297935009002686, 0.03430837020277977, -0.9989519715309143, 1.5557327270507812], [-0.3542611300945282, -0.9341652989387512, -0.04282795637845993, -0.1126708984375], [0.0, 0.0, 0.0, 1.0]]], "view": [[0.0, -2.0, 100.0], [-2.0, 0.0, 100.0], [0.0, 0.0, 1.0]], "bev": "bev_5eb775d7b9534e82971c5c435fbfa116.png", "aux": "aux_5eb775d7b9534e82971c5c435fbfa116.npz", "visibility": "visibility_5eb775d7b9534e82971c5c435fbfa116.png", "pose": [[0.7728827595710754, 0.6345488429069519, 0.0, 443.9168395996094], [-0.6345488429069519, 0.7728827595710754, 0.0, 1640.6070556640625], [0.0, 0.0, 1.0, 0.0], [0.0, 0.0, 0.0, 1.0]], "pose_inverse": [[0.7728827595710754, -0.6345488429069519, 0.0, 697.9495849609375], [0.6345488429069519, 0.7728827595710754, 0.0, -1549.683837890625], [0.0, 0.0, 1.0, 0.0], [0.0, 0.0, 0.0, 1.0]], "cam_ids": [0, 1, 2, 3, 4, 5], "cam_channels": ["CAM_FRONT_LEFT", "CAM_FRONT", "CAM_FRONT_RIGHT", "CAM_BACK_LEFT", "CAM_BACK", "CAM_BACK_RIGHT"], "token": "5eb775d7b9534e82971c5c435fbfa116", "scene": "scene-0273"}, {"images": ["samples/CAM_FRONT_LEFT/n015-2018-07-11-11-54-16+0800__CAM_FRONT_LEFT__1531281681854844.jpg", "samples/CAM_FRONT/n015-2018-07-11-11-54-16+0800__CAM_FRONT__1531281681862460.jpg", "samples/CAM_FRONT_RIGHT/n015-2018-07-11-11-54-16+0800__CAM_FRONT_RIGHT__1531281681870339.jpg", "samples/CAM_BACK_LEFT/n015-2018-07-11-11-54-16+0800__CAM_BACK_LEFT__1531281681897423.jpg", "samples/CAM_BACK/n015-2018-07-11-11-54-16+0800__CAM_BACK__1531281681887525.jpg", "samples/CAM_BACK_RIGHT/n015-2018-07-11-11-54-16+0800__CAM_BACK_RIGHT__1531281681877893.jpg"], "intrinsics": [[[1272.5979470598488, 0.0, 826.6154927353808], [0.0, 1272.5979470598488, 479.75165386361925], [0.0, 0.0, 1.0]], [[1266.417203046554, 0.0, 816.2670197447984], [0.0, 1266.417203046554, 491.50706579294757], [0.0, 0.0, 1.0]], [[1260.8474446004698, 0.0, 807.968244525554], [0.0, 1260.8474446004698, 495.3344268742088], [0.0, 0.0, 1.0]], [[1256.7414812095406, 0.0, 792.1125740759628], [0.0, 1256.7414812095406, 492.7757465151356], [0.0, 0.0, 1.0]], [[809.2209905677063, 0.0, 829.2196003259838], [0.0, 809.2209905677063, 481.77842384512485], [0.0, 0.0, 1.0]], [[1259.5137405846733, 0.0, 807.2529053838625], [0.0, 1259.5137405846733, 501.19579884916527], [0.0, 0.0, 1.0]]], "extrinsics": [[[0.8206214904785156, -0.5714698433876038, -0.0016298370901495218, -0.74462890625], [0.017067542299628258, 0.027359245344996452, -0.9994799494743347, 1.5127449035644531], [0.5712171792984009, 0.820166826248169, 0.03220517188310623, -1.12945556640625], [0.0, 0.0, 0.0, 1.0]], [[0.005619266536086798, -0.9997133612632751, -0.023270273581147194, 0.0081787109375], [0.011714077554643154, 0.02333485335111618, -0.9996591210365295, 1.5230827331542969], [0.9999155402183533, 0.005344839300960302, 0.011841845698654652, -1.4710693359375], [0.0, 0.0, 0.0, 1.0]], [[-0.8326576948165894, -0.5525614619255066, -0.03683626279234886, 0.888275146484375], [0.017271457239985466, 0.04057326167821884, -0.9990272521972656, 1.5065879821777344], [0.553518533706665, -0.8324839472770691, -0.024240098893642426, -1.151123046875], [0.0, 0.0, 0.0, 1.0]], [[0.9474821090698242, 0.31860971450805664, 0.027665477246046066, -1.13226318359375], [0.025754239410161972, 0.010210533626377583, -0.9996161460876465, 1.588824987411499], [-0.3187699317932129, 0.9478310346603394, 0.0014687482034787536, -0.107421875], [0.0, 0.0, 0.0, 1.0]], [[0.0024299961514770985, 0.9997921586036682, 0.02024257555603981, 0.00244140625], [0.0004176586808171123, 0.020241616293787956, -0.9997950196266174, 1.579376220703125], [-0.9999970197677612, 0.0024379296228289604, -0.00036838644882664084, -0.0687255859375], [0.0, 0.0, 0.0, 1.0]], [[-0.9344550967216492, 0.3556099236011505, -0.01831030286848545, 1.015869140625], [0.0331040695309639, 0.03556027635931969, -0.9988190531730652, 1.5556640625], [-0.35453879833221436, -0.9339576959609985, -0.045001618564128876, -0.1080322265625], [0.0, 0.0, 0.0, 1.0]]], "view": [[0.0, -2.0, 100.0], [-2.0, 0.0, 100.0], [0.0, 0.0, 1.0]], "bev": "bev_12404ec129124d9a9bb72860e3c9c02b.png", "aux": "aux_12404ec129124d9a9bb72860e3c9c02b.npz", "visibility": "visibility_12404ec129124d9a9bb72860e3c9c02b.png", "pose": [[0.7709694504737854, 0.6368721127510071, 0.0, 446.2727966308594], [-0.6368721127510071, 0.7709694504737854, 0.0, 1638.6219482421875], [0.0, 0.0, 1.0, 0.0], [0.0, 0.0, 0.0, 1.0]], "pose_inverse": [[0.7709694504737854, -0.6368721127510071, 0.0, 699.5299682617188], [0.6368721127510071, 0.7709694504737854, 0.0, -1547.546142578125], [0.0, 0.0, 1.0, 0.0], [0.0, 0.0, 0.0, 1.0]], "cam_ids": [0, 1, 2, 3, 4, 5], "cam_channels": ["CAM_FRONT_LEFT", "CAM_FRONT", "CAM_FRONT_RIGHT", "CAM_BACK_LEFT", "CAM_BACK", "CAM_BACK_RIGHT"], "token": "12404ec129124d9a9bb72860e3c9c02b", "scene": "scene-0273"}, {"images": ["samples/CAM_FRONT_LEFT/n015-2018-07-11-11-54-16+0800__CAM_FRONT_LEFT__1531281682354844.jpg", "samples/CAM_FRONT/n015-2018-07-11-11-54-16+0800__CAM_FRONT__1531281682362460.jpg", "samples/CAM_FRONT_RIGHT/n015-2018-07-11-11-54-16+0800__CAM_FRONT_RIGHT__1531281682370339.jpg", "samples/CAM_BACK_LEFT/n015-2018-07-11-11-54-16+0800__CAM_BACK_LEFT__1531281682397423.jpg", "samples/CAM_BACK/n015-2018-07-11-11-54-16+0800__CAM_BACK__1531281682387525.jpg", "samples/CAM_BACK_RIGHT/n015-2018-07-11-11-54-16+0800__CAM_BACK_RIGHT__1531281682377893.jpg"], "intrinsics": [[[1272.5979470598488, 0.0, 826.6154927353808], [0.0, 1272.5979470598488, 479.75165386361925], [0.0, 0.0, 1.0]], [[1266.417203046554, 0.0, 816.2670197447984], [0.0, 1266.417203046554, 491.50706579294757], [0.0, 0.0, 1.0]], [[1260.8474446004698, 0.0, 807.968244525554], [0.0, 1260.8474446004698, 495.3344268742088], [0.0, 0.0, 1.0]], [[1256.7414812095406, 0.0, 792.1125740759628], [0.0, 1256.7414812095406, 492.7757465151356], [0.0, 0.0, 1.0]], [[809.2209905677063, 0.0, 829.2196003259838], [0.0, 809.2209905677063, 481.77842384512485], [0.0, 0.0, 1.0]], [[1259.5137405846733, 0.0, 807.2529053838625], [0.0, 1259.5137405846733, 501.19579884916527], [0.0, 0.0, 1.0]]], "extrinsics": [[[0.820706307888031, -0.5713269114494324, -0.005162454210221767, -0.7442626953125], [0.012898668646812439, 0.02756054699420929, -0.99953693151474, 1.5116195678710938], [0.571204662322998, 0.820259690284729, 0.029988471418619156, -1.12982177734375], [0.0, 0.0, 0.0, 1.0]], [[0.005665536504238844, -0.9997080564498901, -0.023485932499170303, 0.008544921875], [0.0075308759696781635, 0.02352830208837986, -0.99969482421875, 1.5221481323242188], [0.9999555945396423, 0.005486906971782446, 0.00766197731718421, -1.47125244140625], [0.0, 0.0, 0.0, 1.0]], [[-0.8327405452728271, -0.5526512861251831, -0.033461794257164, 0.888671875], [0.013085083104670048, 0.04077547788619995, -0.999082624912262, 1.5058441162109375], [0.5535087585449219, -0.832414448261261, -0.02672390453517437, -1.1510009765625], [0.0, 0.0, 0.0, 1.0]], [[0.9476256370544434, 0.31849050521850586, 0.023863768205046654, -1.1301727294921875], [0.021638287231326103, 0.010524213314056396, -0.9997104406356812, 1.5888288021087646], [-0.31864941120147705, 0.9478675723075867, 0.0030814269557595253, -0.1080322265625], [0.0, 0.0, 0.0, 1.0]], [[0.002461559372022748, 0.9997868537902832, 0.02050318755209446, 0.0025634765625], [-0.003759708721190691, 0.020512355491518974, -0.9997825622558594, 1.5790786743164062], [-0.9999898672103882, 0.002384027000516653, 0.0038093996699899435, -0.068359375], [0.0, 0.0, 0.0, 1.0]], [[-0.9345564842224121, 0.3555266857147217, -0.014312731102108955, 1.0159912109375], [0.028914712369441986, 0.03579157590866089, -0.9989409446716309, 1.5551109313964844], [-0.35463783144950867, -0.9339805841445923, -0.04372920095920563, -0.10791015625], [0.0, 0.0, 0.0, 1.0]]], "view": [[0.0, -2.0, 100.0], [-2.0, 0.0, 100.0], [0.0, 0.0, 1.0]], "bev": "bev_a9460d1306f94aaf894af8b07d5f23a9.png", "aux": "aux_a9460d1306f94aaf894af8b07d5f23a9.npz", "visibility": "visibility_a9460d1306f94aaf894af8b07d5f23a9.png", "pose": [[0.772131085395813, 0.635463297367096, 0.0, 448.5823974609375], [-0.635463297367096, 0.772131085395813, 0.0, 1636.681884765625], [0.0, 0.0, 1.0, 0.0], [0.0, 0.0, 0.0, 1.0]], "pose_inverse": [[0.772131085395813, -0.635463297367096, 0.0, 693.6868896484375], [0.635463297367096, 0.772131085395813, 0.0, -1548.79052734375], [0.0, 0.0, 1.0, 0.0], [0.0, 0.0, 0.0, 1.0]], "cam_ids": [0, 1, 2, 3, 4, 5], "cam_channels": ["CAM_FRONT_LEFT", "CAM_FRONT", "CAM_FRONT_RIGHT", "CAM_BACK_LEFT", "CAM_BACK", "CAM_BACK_RIGHT"], "token": "a9460d1306f94aaf894af8b07d5f23a9", "scene": "scene-0273"}, {"images": ["samples/CAM_FRONT_LEFT/n015-2018-07-11-11-54-16+0800__CAM_FRONT_LEFT__1531281682904844.jpg", "samples/CAM_FRONT/n015-2018-07-11-11-54-16+0800__CAM_FRONT__1531281682912460.jpg", "samples/CAM_FRONT_RIGHT/n015-2018-07-11-11-54-16+0800__CAM_FRONT_RIGHT__1531281682920366.jpg", "samples/CAM_BACK_LEFT/n015-2018-07-11-11-54-16+0800__CAM_BACK_LEFT__1531281682947423.jpg", "samples/CAM_BACK/n015-2018-07-11-11-54-16+0800__CAM_BACK__1531281682937525.jpg", "samples/CAM_BACK_RIGHT/n015-2018-07-11-11-54-16+0800__CAM_BACK_RIGHT__1531281682927893.jpg"], "intrinsics": [[[1272.5979470598488, 0.0, 826.6154927353808], [0.0, 1272.5979470598488, 479.75165386361925], [0.0, 0.0, 1.0]], [[1266.417203046554, 0.0, 816.2670197447984], [0.0, 1266.417203046554, 491.50706579294757], [0.0, 0.0, 1.0]], [[1260.8474446004698, 0.0, 807.968244525554], [0.0, 1260.8474446004698, 495.3344268742088], [0.0, 0.0, 1.0]], [[1256.7414812095406, 0.0, 792.1125740759628], [0.0, 1256.7414812095406, 492.7757465151356], [0.0, 0.0, 1.0]], [[809.2209905677063, 0.0, 829.2196003259838], [0.0, 809.2209905677063, 481.77842384512485], [0.0, 0.0, 1.0]], [[1259.5137405846733, 0.0, 807.2529053838625], [0.0, 1259.5137405846733, 501.19579884916527], [0.0, 0.0, 1.0]]], "extrinsics": [[[0.8221971988677979, -0.56917405128479, -0.005710401106625795, -0.739990234375], [0.011677549220621586, 0.026897210627794266, -0.9995700120925903, 1.5112953186035156], [0.5690828561782837, 0.8217770457267761, 0.028761370107531548, -1.12957763671875], [0.0, 0.0, 0.0, 1.0]], [[0.00779907638207078, -0.9997103214263916, -0.022768685594201088, 0.0101318359375], [0.006293432787060738, 0.022818000987172127, -0.9997198581695557, 1.5218734741210938], [0.9999498128890991, 0.007653616368770599, 0.006469569634646177, -1.46746826171875], [0.0, 0.0, 0.0, 1.0]], [[-0.83185213804245, -0.5540736317634583, -0.03200792148709297, 0.88604736328125], [0.011786624789237976, 0.0400223433971405, -0.9991292953491211, 1.5056419372558594], [0.5548721551895142, -0.8315050005912781, -0.026762012392282486, -1.148193359375], [0.0, 0.0, 0.0, 1.0]], [[0.947618842124939, 0.31863275170326233, 0.022177012637257576, -1.130859375], [0.02009277604520321, 0.009826905094087124, -0.9997497797012329, 1.5887972116470337], [-0.31877097487449646, 0.9478272795677185, 0.0029099455568939447, -0.1077880859375], [0.0, 0.0, 0.0, 1.0]], [[0.0018032836960628629, 0.9998036623001099, 0.01973419450223446, 0.001953125], [-0.005164632108062506, 0.01974327489733696, -0.9997917413711548, 1.5789642333984375], [-0.9999850988388062, 0.0017010313458740711, 0.005199221428483725, -0.07086181640625], [0.0, 0.0, 0.0, 1.0]], [[-0.935009777545929, 0.35436928272247314, -0.013383680954575539, 1.012451171875], [0.027575289830565453, 0.03502783924341202, -0.9990057945251465, 1.5550308227539062], [-0.353548139333725, -0.934449315071106, -0.042523209005594254, -0.1087646484375], [0.0, 0.0, 0.0, 1.0]]], "view": [[0.0, -2.0, 100.0], [-2.0, 0.0, 100.0], [0.0, 0.0, 1.0]], "bev": "bev_a82c0acb18dd4c3a99731b7a06a63fb7.png", "aux": "aux_a82c0acb18dd4c3a99731b7a06a63fb7.npz", "visibility": "visibility_a82c0acb18dd4c3a99731b7a06a63fb7.png", "pose": [[0.7627297043800354, 0.6467174291610718, 0.0, 451.1054382324219], [-0.6467174291610718, 0.7627297043800354, 0.0, 1634.5460205078125], [0.0, 0.0, 1.0, 0.0], [0.0, 0.0, 0.0, 1.0]], "pose_inverse": [[0.7627297043800354, -0.6467174291610718, 0.0, 713.017822265625], [0.6467174291610718, 0.7627297043800354, 0.0, -1538.45458984375], [0.0, 0.0, 1.0, 0.0], [0.0, 0.0, 0.0, 1.0]], "cam_ids": [0, 1, 2, 3, 4, 5], "cam_channels": ["CAM_FRONT_LEFT", "CAM_FRONT", "CAM_FRONT_RIGHT", "CAM_BACK_LEFT", "CAM_BACK", "CAM_BACK_RIGHT"], "token": "a82c0acb18dd4c3a99731b7a06a63fb7", "scene": "scene-0273"}, {"images": ["samples/CAM_FRONT_LEFT/n015-2018-07-11-11-54-16+0800__CAM_FRONT_LEFT__1531281683354844.jpg", "samples/CAM_FRONT/n015-2018-07-11-11-54-16+0800__CAM_FRONT__1531281683362460.jpg", "samples/CAM_FRONT_RIGHT/n015-2018-07-11-11-54-16+0800__CAM_FRONT_RIGHT__1531281683370339.jpg", "samples/CAM_BACK_LEFT/n015-2018-07-11-11-54-16+0800__CAM_BACK_LEFT__1531281683397423.jpg", "samples/CAM_BACK/n015-2018-07-11-11-54-16+0800__CAM_BACK__1531281683387525.jpg", "samples/CAM_BACK_RIGHT/n015-2018-07-11-11-54-16+0800__CAM_BACK_RIGHT__1531281683377893.jpg"], "intrinsics": [[[1272.5979470598488, 0.0, 826.6154927353808], [0.0, 1272.5979470598488, 479.75165386361925], [0.0, 0.0, 1.0]], [[1266.417203046554, 0.0, 816.2670197447984], [0.0, 1266.417203046554, 491.50706579294757], [0.0, 0.0, 1.0]], [[1260.8474446004698, 0.0, 807.968244525554], [0.0, 1260.8474446004698, 495.3344268742088], [0.0, 0.0, 1.0]], [[1256.7414812095406, 0.0, 792.1125740759628], [0.0, 1256.7414812095406, 492.7757465151356], [0.0, 0.0, 1.0]], [[809.2209905677063, 0.0, 829.2196003259838], [0.0, 809.2209905677063, 481.77842384512485], [0.0, 0.0, 1.0]], [[1259.5137405846733, 0.0, 807.2529053838625], [0.0, 1259.5137405846733, 501.19579884916527], [0.0, 0.0, 1.0]]], "extrinsics": [[[0.8222944140434265, -0.5689107179641724, -0.013130788691341877, -0.750244140625], [0.006614816375076771, 0.03262873739004135, -0.9994456768035889, 1.5098800659179688], [0.5690237879753113, 0.8217518329620361, 0.030593669041991234, -1.13458251953125], [0.0, 0.0, 0.0, 1.0]], [[0.00790446437895298, -0.9995566010475159, -0.02870667353272438, 0.0087890625], [0.0012404369190335274, 0.02871735207736492, -0.999586820602417, 1.5207366943359375], [0.9999679923057556, 0.007865638472139835, 0.0014668817166239023, -1.477294921875], [0.0, 0.0, 0.0, 1.0]], [[-0.8318923115730286, -0.5540595650672913, -0.031197048723697662, 0.8925628662109375], [0.006741879042237997, 0.046122513711452484, -0.998913049697876, 1.5047035217285156], [0.5548961162567139, -0.8311983346939087, -0.034633561968803406, -1.1534423828125], [0.0, 0.0, 0.0, 1.0]], [[0.9476938247680664, 0.3185754716396332, 0.019647827371954918, -1.131195068359375], [0.01509944163262844, 0.016740726307034492, -0.999745786190033, 1.588730812072754], [-0.31882333755493164, 0.947749674320221, 0.01105477288365364, -0.107666015625], [0.0, 0.0, 0.0, 1.0]], [[0.0018174966098740697, 0.9996516704559326, 0.026333265006542206, 0.0023193359375], [-0.010195832699537277, 0.026350464671850204, -0.9996007680892944, 1.5786323547363281], [-0.9999464154243469, 0.0015483206370845437, 0.010240171104669571, -0.0673828125], [0.0, 0.0, 0.0, 1.0]], [[-0.9351231455802917, 0.35426467657089233, -0.006429185625165701, 1.018798828125], [0.02253757417201996, 0.041362740099430084, -0.9988899827003479, 1.5542144775390625], [-0.3536054790019989, -0.9342300295829773, -0.046663518995046616, -0.106689453125], [0.0, 0.0, 0.0, 1.0]]], "view": [[0.0, -2.0, 100.0], [-2.0, 0.0, 100.0], [0.0, 0.0, 1.0]], "bev": "bev_11d08474b2544d969d832d3d370c3db1.png", "aux": "aux_11d08474b2544d969d832d3d370c3db1.npz", "visibility": "visibility_11d08474b2544d969d832d3d370c3db1.png", "pose": [[0.7423962354660034, 0.6699610948562622, 0.0, 453.0819396972656], [-0.6699610948562622, 0.7423962354660034, 0.0, 1632.77587890625], [0.0, 0.0, 1.0, 0.0], [0.0, 0.0, 0.0, 1.0]], "pose_inverse": [[0.7423962354660034, -0.6699610948562622, 0.0, 757.5299682617188], [0.6699610948562622, 0.7423962354660034, 0.0, -1515.7138671875], [0.0, 0.0, 1.0, 0.0], [0.0, 0.0, 0.0, 1.0]], "cam_ids": [0, 1, 2, 3, 4, 5], "cam_channels": ["CAM_FRONT_LEFT", "CAM_FRONT", "CAM_FRONT_RIGHT", "CAM_BACK_LEFT", "CAM_BACK", "CAM_BACK_RIGHT"], "token": "11d08474b2544d969d832d3d370c3db1", "scene": "scene-0273"}, {"images": ["samples/CAM_FRONT_LEFT/n015-2018-07-11-11-54-16+0800__CAM_FRONT_LEFT__1531281683904844.jpg", "samples/CAM_FRONT/n015-2018-07-11-11-54-16+0800__CAM_FRONT__1531281683912460.jpg", "samples/CAM_FRONT_RIGHT/n015-2018-07-11-11-54-16+0800__CAM_FRONT_RIGHT__1531281683920769.jpg", "samples/CAM_BACK_LEFT/n015-2018-07-11-11-54-16+0800__CAM_BACK_LEFT__1531281683947423.jpg", "samples/CAM_BACK/n015-2018-07-11-11-54-16+0800__CAM_BACK__1531281683937525.jpg", "samples/CAM_BACK_RIGHT/n015-2018-07-11-11-54-16+0800__CAM_BACK_RIGHT__1531281683927893.jpg"], "intrinsics": [[[1272.5979470598488, 0.0, 826.6154927353808], [0.0, 1272.5979470598488, 479.75165386361925], [0.0, 0.0, 1.0]], [[1266.417203046554, 0.0, 816.2670197447984], [0.0, 1266.417203046554, 491.50706579294757], [0.0, 0.0, 1.0]], [[1260.8474446004698, 0.0, 807.968244525554], [0.0, 1260.8474446004698, 495.3344268742088], [0.0, 0.0, 1.0]], [[1256.7414812095406, 0.0, 792.1125740759628], [0.0, 1256.7414812095406, 492.7757465151356], [0.0, 0.0, 1.0]], [[809.2209905677063, 0.0, 829.2196003259838], [0.0, 809.2209905677063, 481.77842384512485], [0.0, 0.0, 1.0]], [[1259.5137405846733, 0.0, 807.2529053838625], [0.0, 1259.5137405846733, 501.19579884916527], [0.0, 0.0, 1.0]]], "extrinsics": [[[0.8216835856437683, -0.5697408318519592, -0.015220900997519493, -0.765869140625], [0.008724241517484188, 0.03927600756287575, -0.9991902709007263, 1.5102500915527344], [0.5698772072792053, 0.8208854794502258, 0.03724300488829613, -1.14508056640625], [0.0, 0.0, 0.0, 1.0]], [[0.007040503900498152, -0.9993479251861572, -0.0354142002761364, 0.0086669921875], [0.003478971542790532, 0.03543934226036072, -0.9993658065795898, 1.5211524963378906], [0.9999691247940063, 0.006912831217050552, 0.0037262151017785072, -1.4927978515625], [0.0, 0.0, 0.0, 1.0]], [[-0.8322257399559021, -0.5532068014144897, -0.03691248968243599, 0.904510498046875], [0.009133237414062023, 0.0528886616230011, -0.9985585808753967, 1.5049591064453125], [0.5543617606163025, -0.831363320350647, -0.03896273300051689, -1.161376953125], [0.0, 0.0, 0.0, 1.0]], [[0.9477043151855469, 0.31821513175964355, 0.024404671043157578, -1.130767822265625], [0.01790769211947918, 0.023326735943555832, -0.999567449092865, 1.5887699127197266], [-0.3186466693878174, 0.9477314949035645, 0.016408352181315422, -0.1077880859375], [0.0, 0.0, 0.0, 1.0]], [[0.002090492518618703, 0.9994519352912903, 0.03303985670208931, 0.0020751953125], [-0.0075096250511705875, 0.03305468708276749, -0.9994253516197205, 1.5788383483886719], [-0.9999696612358093, 0.0018411625642329454, 0.0075746080838