[{"images": ["samples/CAM_FRONT_LEFT/n008-2018-05-21-11-06-59-0400__CAM_FRONT_LEFT__1526915452004917.jpg", "samples/CAM_FRONT/n008-2018-05-21-11-06-59-0400__CAM_FRONT__1526915452012476.jpg", "samples/CAM_FRONT_RIGHT/n008-2018-05-21-11-06-59-0400__CAM_FRONT_RIGHT__1526915452019956.jpg", "samples/CAM_BACK_LEFT/n008-2018-05-21-11-06-59-0400__CAM_BACK_LEFT__1526915452047295.jpg", "samples/CAM_BACK/n008-2018-05-21-11-06-59-0400__CAM_BACK__1526915452037570.jpg", "samples/CAM_BACK_RIGHT/n008-2018-05-21-11-06-59-0400__CAM_BACK_RIGHT__1526915452027813.jpg"], "intrinsics": [[[1256.4720761102153, 0.0, 759.9201772536986], [0.0, 1256.472076110215, 418.2347543062189], [0.0, 0.0, 1.0]], [[1262.8093578767177, 0.0, 786.6784634591471], [0.0, 1262.8093578767177, 437.9890946201144], [0.0, 0.0, 1.0]], [[1264.1253743585607, 0.0, 761.8659236816043], [0.0, 1264.125374358561, 415.0768894058469], [0.0, 0.0, 1.0]], [[1258.2338510172276, 0.0, 742.9036438917772], [0.0, 1258.2338510172278, 422.93240569290015], [0.0, 0.0, 1.0]], [[798.1242652672415, 0.0, 679.0081140747895], [0.0, 798.1242652672414, 419.2474525237902], [0.0, 0.0, 1.0]], [[1259.4297629105833, 0.0, 752.9541347831612], [0.0, 1259.4297629105833, 429.46398926977497], [0.0, 0.0, 1.0]]], "extrinsics": [[[0.812390148639679, -0.5796859264373779, 0.06313958764076233, -0.7718505859375], [0.04760468751192093, -0.041985996067523956, -0.997983455657959, 1.5127906799316406], [0.5811679363250732, 0.813757598400116, -0.0065132370218634605, -1.1400146484375], [0.0, 0.0, 0.0, 1.0]], [[7.551912858616561e-05, -0.9988888502120972, 0.04712986946105957, -0.02899169921875], [0.037801265716552734, -0.047093331813812256, -0.9981749653816223, 1.5223712921142578], [0.9992852807044983, 0.0018569494131952524, 0.037755705416202545, -1.4405517578125], [0.0, 0.0, 0.0, 1.0]], [[-0.8079846501350403, -0.589102566242218, -0.010908447206020355, 0.84716796875], [0.04297420009970665, -0.040456563234329224, -0.9982566833496094, 1.5042800903320312], [0.5876343250274658, -0.8070449233055115, 0.05800449103116989, -1.260498046875], [0.0, 0.0, 0.0, 1.0]], [[0.9453142285346985, 0.32577216625213623, 0.015920797362923622, -1.1561279296875], [0.028804970905184746, -0.034764133393764496, -0.9989803433418274, 1.5958251953125], [-0.3248865306377411, 0.9448089599609375, -0.04224688559770584, -0.07871246337890625], [0.0, 0.0, 0.0, 1.0]], [[0.016445878893136978, 0.9990360736846924, -0.04069842770695686, 0.00738525390625], [0.03804721310734749, -0.041299737989902496, -0.9984221458435059, 1.5421295166015625], [-0.9991406202316284, 0.014871472492814064, -0.0386897549033165, 0.0406494140625], [0.0, 0.0, 0.0, 1.0]], [[-0.9354400634765625, 0.35042527318000793, -0.04641089588403702, 1.0211181640625], [0.03356854245066643, -0.04263719171285629, -0.9985265135765076, 1.5885772705078125], [-0.3518877923488617, -0.9356196522712708, 0.02812126837670803, -0.1038818359375], [0.0, 0.0, 0.0, 1.0]]], "view": [[0.0, -2.0, 100.0], [-2.0, 0.0, 100.0], [0.0, 0.0, 1.0]], "bev": "bev_88f40191f4c5462c90e26fe3f64ee933.png", "aux": "aux_88f40191f4c5462c90e26fe3f64ee933.npz", "visibility": "visibility_88f40191f4c5462c90e26fe3f64ee933.png", "pose": [[0.9974316954612732, -0.07162399590015411, 0.0, 1737.595703125], [0.07162399590015411, 0.9974316954612732, 0.0, 866.14990234375], [0.0, 0.0, 1.0, 0.0], [0.0, 0.0, 0.0, 1.0]], "pose_inverse": [[0.9974316954612732, 0.07162399590015411, 0.0, -1795.170166015625], [-0.07162399590015411, 0.9974316954612732, 0.0, -739.4718017578125], [0.0, 0.0, 1.0, 0.0], [0.0, 0.0, 0.0, 1.0]], "cam_ids": [0, 1, 2, 3, 4, 5], "cam_channels": ["CAM_FRONT_LEFT", "CAM_FRONT", "CAM_FRONT_RIGHT", "CAM_BACK_LEFT", "CAM_BACK", "CAM_BACK_RIGHT"], "token": "88f40191f4c5462c90e26fe3f64ee933", "scene": "scene-0168"}, {"images": ["samples/CAM_FRONT_LEFT/n008-2018-05-21-11-06-59-0400__CAM_FRONT_LEFT__1526915452504917.jpg", "samples/CAM_FRONT/n008-2018-05-21-11-06-59-0400__CAM_FRONT__1526915452512465.jpg", "samples/CAM_FRONT_RIGHT/n008-2018-05-21-11-06-59-0400__CAM_FRONT_RIGHT__1526915452519956.jpg", "samples/CAM_BACK_LEFT/n008-2018-05-21-11-06-59-0400__CAM_BACK_LEFT__1526915452547295.jpg", "samples/CAM_BACK/n008-2018-05-21-11-06-59-0400__CAM_BACK__1526915452537570.jpg", "samples/CAM_BACK_RIGHT/n008-2018-05-21-11-06-59-0400__CAM_BACK_RIGHT__1526915452527813.jpg"], "intrinsics": [[[1256.4720761102153, 0.0, 759.9201772536986], [0.0, 1256.472076110215, 418.2347543062189], [0.0, 0.0, 1.0]], [[1262.8093578767177, 0.0, 786.6784634591471], [0.0, 1262.8093578767177, 437.9890946201144], [0.0, 0.0, 1.0]], [[1264.1253743585607, 0.0, 761.8659236816043], [0.0, 1264.125374358561, 415.0768894058469], [0.0, 0.0, 1.0]], [[1258.2338510172276, 0.0, 742.9036438917772], [0.0, 1258.2338510172278, 422.93240569290015], [0.0, 0.0, 1.0]], [[798.1242652672415, 0.0, 679.0081140747895], [0.0, 798.1242652672414, 419.2474525237902], [0.0, 0.0, 1.0]], [[1259.4297629105833, 0.0, 752.9541347831612], [0.0, 1259.4297629105833, 429.46398926977497], [0.0, 0.0, 1.0]]], "extrinsics": [[[0.8109723329544067, -0.5830678939819336, 0.04853753745555878, -0.75982666015625], [0.04031077027320862, -0.02707980014383793, -0.9988201856613159, 1.5112190246582031], [0.583694338798523, 0.8119719624519348, 0.0015429486520588398, -1.132568359375], [0.0, 0.0, 0.0, 1.0]], [[-0.0022765910252928734, -0.9994743466377258, 0.03233978897333145, -0.0281982421875], [0.030693279579281807, -0.03239447623491287, -0.9990037679672241, 1.5210342407226562], [0.9995262622833252, -0.0012817101087421179, 0.03075089491903782, -1.4287109375], [0.0, 0.0, 0.0, 1.0]], [[-0.8093286156654358, -0.5871903896331787, -0.013955734670162201, 0.8397216796875], [0.03616973012685776, -0.02610968053340912, -0.9990044832229614, 1.5033302307128906], [0.5862414240837097, -0.8090276122093201, 0.04236982390284538, -1.254364013671875], [0.0, 0.0, 0.0, 1.0]], [[0.9454299807548523, 0.32547569274902344, 0.015091958455741405, -1.1531982421875], [0.023414472118020058, -0.02166817896068096, -0.9994909763336182, 1.5959148406982422], [-0.32498306035995483, 0.9453021287918091, -0.028106587007641792, -0.079803466796875], [0.0, 0.0, 0.0, 1.0]], [[0.017107980325818062, 0.999483585357666, -0.027197981253266335, 0.0072021484375], [0.032114576548337936, -0.027737222611904144, -0.9990993142127991, 1.5419044494628906], [-0.9993377327919006, 0.016219118610024452, -0.03257251903414726, 0.03564453125], [0.0, 0.0, 0.0, 1.0]], [[-0.9351499080657959, 0.35247164964675903, -0.03547368198633194, 1.013671875], [0.027118094265460968, -0.028616825118660927, -0.9992225170135498, 1.587921142578125], [-0.35321280360221863, -0.9353848099708557, 0.01720266230404377, -0.106201171875], [0.0, 0.0, 0.0, 1.0]]], "view": [[0.0, -2.0, 100.0], [-2.0, 0.0, 100.0], [0.0, 0.0, 1.0]], "bev": "bev_f59e9927a4df478495a2483d48e38334.png", "aux": "aux_f59e9927a4df478495a2483d48e38334.npz", "visibility": "visibility_f59e9927a4df478495a2483d48e38334.png", "pose": [[0.9996274709701538, -0.027293631806969643, 0.0, 1741.3466796875], [0.027293631806969643, 0.9996274709701538, 0.0, 866.3402099609375], [0.0, 0.0, 1.0, 0.0], [0.0, 0.0, 0.0, 1.0]], "pose_inverse": [[0.9996274709701538, 0.027293631806969643, 0.0, -1764.343505859375], [-0.027293631806969643, 0.9996274709701538, 0.0, -818.4898071289062], [0.0, 0.0, 1.0, 0.0], [0.0, 0.0, 0.0, 1.0]], "cam_ids": [0, 1, 2, 3, 4, 5], "cam_channels": ["CAM_FRONT_LEFT", "CAM_FRONT", "CAM_FRONT_RIGHT", "CAM_BACK_LEFT", "CAM_BACK", "CAM_BACK_RIGHT"], "token": "f59e9927a4df478495a2483d48e38334", "scene": "scene-0168"}, {"images": ["samples/CAM_FRONT_LEFT/n008-2018-05-21-11-06-59-0400__CAM_FRONT_LEFT__1526915453004917.jpg", "samples/CAM_FRONT/n008-2018-05-21-11-06-59-0400__CAM_FRONT__1526915453012465.jpg", "samples/CAM_FRONT_RIGHT/n008-2018-05-21-11-06-59-0400__CAM_FRONT_RIGHT__1526915453019956.jpg", "samples/CAM_BACK_LEFT/n008-2018-05-21-11-06-59-0400__CAM_BACK_LEFT__1526915453047295.jpg", "samples/CAM_BACK/n008-2018-05-21-11-06-59-0400__CAM_BACK__1526915453037570.jpg", "samples/CAM_BACK_RIGHT/n008-2018-05-21-11-06-59-0400__CAM_BACK_RIGHT__1526915453027813.jpg"], "intrinsics": [[[1256.4720761102153, 0.0, 759.9201772536986], [0.0, 1256.472076110215, 418.2347543062189], [0.0, 0.0, 1.0]], [[1262.8093578767177, 0.0, 786.6784634591471], [0.0, 1262.8093578767177, 437.9890946201144], [0.0, 0.0, 1.0]], [[1264.1253743585607, 0.0, 761.8659236816043], [0.0, 1264.125374358561, 415.0768894058469], [0.0, 0.0, 1.0]], [[1258.2338510172276, 0.0, 742.9036438917772], [0.0, 1258.2338510172278, 422.93240569290015], [0.0, 0.0, 1.0]], [[798.1242652672415, 0.0, 679.0081140747895], [0.0, 798.1242652672414, 419.2474525237902], [0.0, 0.0, 1.0]], [[1259.4297629105833, 0.0, 752.9541347831612], [0.0, 1259.4297629105833, 429.46398926977497], [0.0, 0.0, 1.0]]], "extrinsics": [[[0.8099043369293213, -0.5851802229881287, 0.040238525718450546, -0.73541259765625], [0.03132009133696556, -0.025358960032463074, -0.999187707901001, 1.5093040466308594], [0.5857251882553101, 0.8105067014694214, -0.002210433827713132, -1.1148681640625], [0.0, 0.0, 0.0, 1.0]], [[-0.004056074190884829, -0.9995284676551819, 0.030436256900429726, -0.02789306640625], [0.021506769582629204, -0.03051666170358658, -0.9993029236793518, 1.519195556640625], [0.9997603893280029, -0.0033986603375524282, 0.021620407700538635, -1.4031982421875], [0.0, 0.0, 0.0, 1.0]], [[-0.8103871941566467, -0.585844874382019, -0.007637388072907925, 0.82275390625], [0.02684148959815502, -0.02410123497247696, -0.9993491172790527, 1.5019969940185547], [0.5852794647216797, -0.8100647330284119, 0.0352562814950943, -1.24151611328125], [0.0, 0.0, 0.0, 1.0]], [[0.9456247091293335, 0.3251931965351105, 0.0065825083293020725, -1.150146484375], [0.013628430664539337, -0.019393768161535263, -0.9997190237045288, 1.5959663391113281], [-0.3249741792678833, 0.9454486966133118, -0.022771097719669342, -0.0809783935546875], [0.0, 0.0, 0.0, 1.0]], [[0.01759880781173706, 0.9995301961898804, -0.02509329840540886, 0.00714111328125], [0.0224540363997221, -0.02548595890402794, -0.9994230270385742, 1.5414295196533203], [-0.9995929598808289, 0.017025208100676537, -0.02289200760424137, 0.025634765625], [0.0, 0.0, 0.0, 1.0]], [[-0.9350032210350037, 0.3536945581436157, -0.02586423046886921, 0.99853515625], [0.017636187374591827, -0.02646704949438572, -0.9994940757751465, 1.5868234634399414], [-0.35420018434524536, -0.9349864721298218, 0.018508953973650932, -0.1114501953125], [0.0, 0.0, 0.0, 1.0]]], "view": [[0.0, -2.0, 100.0], [-2.0, 0.0, 100.0], [0.0, 0.0, 1.0]], "bev": "bev_985437a928ff4f0b87482377d2528458.png", "aux": "aux_985437a928ff4f0b87482377d2528458.npz", "visibility": "visibility_985437a928ff4f0b87482377d2528458.png", "pose": [[0.999922513961792, -0.01244824007153511, 0.0, 1745.313232421875], [0.01244824007153511, 0.999922513961792, 0.0, 866.4219970703125], [0.0, 0.0, 1.0, 0.0], [0.0, 0.0, 0.0, 1.0]], "pose_inverse": [[0.999922513961792, 0.01244824007153511, 0.0, -1755.96337890625], [-0.01244824007153511, 0.999922513961792, 0.0, -844.6287841796875], [0.0, 0.0, 1.0, 0.0], [0.0, 0.0, 0.0, 1.0]], "cam_ids": [0, 1, 2, 3, 4, 5], "cam_channels": ["CAM_FRONT_LEFT", "CAM_FRONT", "CAM_FRONT_RIGHT", "CAM_BACK_LEFT", "CAM_BACK", "CAM_BACK_RIGHT"], "token": "985437a928ff4f0b87482377d2528458", "scene": "scene-0168"}, {"images": ["samples/CAM_FRONT_LEFT/n008-2018-05-21-11-06-59-0400__CAM_FRONT_LEFT__1526915453504917.jpg", "samples/CAM_FRONT/n008-2018-05-21-11-06-59-0400__CAM_FRONT__1526915453512465.jpg", "samples/CAM_FRONT_RIGHT/n008-2018-05-21-11-06-59-0400__CAM_FRONT_RIGHT__1526915453519956.jpg", "samples/CAM_BACK_LEFT/n008-2018-05-21-11-06-59-0400__CAM_BACK_LEFT__1526915453547295.jpg", "samples/CAM_BACK/n008-2018-05-21-11-06-59-0400__CAM_BACK__1526915453537570.jpg", "samples/CAM_BACK_RIGHT/n008-2018-05-21-11-06-59-0400__CAM_BACK_RIGHT__1526915453527813.jpg"], "intrinsics": [[[1256.4720761102153, 0.0, 759.9201772536986], [0.0, 1256.472076110215, 418.2347543062189], [0.0, 0.0, 1.0]], [[1262.8093578767177, 0.0, 786.6784634591471], [0.0, 1262.8093578767177, 437.9890946201144], [0.0, 0.0, 1.0]], [[1264.1253743585607, 0.0, 761.8659236816043], [0.0, 1264.125374358561, 415.0768894058469], [0.0, 0.0, 1.0]], [[1258.2338510172276, 0.0, 742.9036438917772], [0.0, 1258.2338510172278, 422.93240569290015], [0.0, 0.0, 1.0]], [[798.1242652672415, 0.0, 679.0081140747895], [0.0, 798.1242652672414, 419.2474525237902], [0.0, 0.0, 1.0]], [[1259.4297629105833, 0.0, 752.9541347831612], [0.0, 1259.4297629105833, 429.46398926977497], [0.0, 0.0, 1.0]]], "extrinsics": [[[0.8098178505897522, -0.5853981375694275, 0.03878351300954819, -0.71722412109375], [0.027393851429224014, -0.02830447070300579, -0.9992239475250244, 1.5085487365722656], [0.5860415101051331, 0.8102517127990723, -0.00688515417277813, -1.102294921875], [0.0, 0.0, 0.0, 1.0]], [[-0.004274857696145773, -0.999434769153595, 0.033346209675073624, -0.02783203125], [0.01764686033129692, -0.03341671824455261, -0.9992856979370117, 1.5183861255645752], [0.999835193157196, -0.003683347487822175, 0.01777973584830761, -1.3861083984375], [0.0, 0.0, 0.0, 1.0]], [[-0.8105671405792236, -0.5856384634971619, -0.0029210024513304234, 0.8133544921875], [0.02306625433266163, -0.02694081887602806, -0.999370813369751, 1.5014076232910156], [0.5851913690567017, -0.8101245164871216, 0.03534582629799843, -1.234588623046875], [0.0, 0.0, 0.0, 1.0]], [[0.945672333240509, 0.3251091539859772, 0.0027825154829770327, -1.1510009765625], [0.010435693897306919, -0.02179896831512451, -0.9997078776359558, 1.5959501266479492], [-0.324953556060791, 0.945425271987915, -0.024007422849535942, -0.08074951171875], [0.0, 0.0, 0.0, 1.0]], [[0.017663221806287766, 0.9994587302207947, -0.027754824608564377, 0.00726318359375], [0.018996577709913254, -0.028089608997106552, -0.999424934387207, 1.541203498840332], [-0.9996635317802429, 0.017125818878412247, -0.01948244869709015, 0.02197265625], [0.0, 0.0, 0.0, 1.0]], [[-0.9350154995918274, 0.35383328795433044, -0.023406781256198883, 0.9912109375], [0.013961476273834705, -0.029223661869764328, -0.999475359916687, 1.5863373279571533], [-0.35433170199394226, -0.9348518252372742, 0.02238454297184944, -0.1142578125], [0.0, 0.0, 0.0, 1.0]]], "view": [[0.0, -2.0, 100.0], [-2.0, 0.0, 100.0], [0.0, 0.0, 1.0]], "bev": "bev_c606e49e8b084c19b0fadc7f66a67903.png", "aux": "aux_c606e49e8b084c19b0fadc7f66a67903.npz", "visibility": "visibility_c606e49e8b084c19b0fadc7f66a67903.png", "pose": [[0.9999898672103882, -0.004503905773162842, 0.0, 1749.6097412109375], [0.004503905773162842, 0.9999898672103882, 0.0, 866.4498901367188], [0.0, 0.0, 1.0, 0.0], [0.0, 0.0, 0.0, 1.0]], "pose_inverse": [[0.9999898672103882, 0.004503905773162842, 0.0, -1753.494384765625], [-0.004503905773162842, 0.9999898672103882, 0.0, -858.56103515625], [0.0, 0.0, 1.0, 0.0], [0.0, 0.0, 0.0, 1.0]], "cam_ids": [0, 1, 2, 3, 4, 5], "cam_channels": ["CAM_FRONT_LEFT", "CAM_FRONT", "CAM_FRONT_RIGHT", "CAM_BACK_LEFT", "CAM_BACK", "CAM_BACK_RIGHT"], "token": "c606e49e8b084c19b0fadc7f66a67903", "scene": "scene-0168"}, {"images": ["samples/CAM_FRONT_LEFT/n008-2018-05-21-11-06-59-0400__CAM_FRONT_LEFT__1526915454004917.jpg", "samples/CAM_FRONT/n008-2018-05-21-11-06-59-0400__CAM_FRONT__1526915454012465.jpg", "samples/CAM_FRONT_RIGHT/n008-2018-05-21-11-06-59-0400__CAM_FRONT_RIGHT__1526915454019956.jpg", "samples/CAM_BACK_LEFT/n008-2018-05-21-11-06-59-0400__CAM_BACK_LEFT__1526915454047295.jpg", "samples/CAM_BACK/n008-2018-05-21-11-06-59-0400__CAM_BACK__1526915454037570.jpg", "samples/CAM_BACK_RIGHT/n008-2018-05-21-11-06-59-0400__CAM_BACK_RIGHT__1526915454027813.jpg"], "intrinsics": [[[1256.4720761102153, 0.0, 759.9201772536986], [0.0, 1256.472076110215, 418.2347543062189], [0.0, 0.0, 1.0]], [[1262.8093578767177, 0.0, 786.6784634591471], [0.0, 1262.8093578767177, 437.9890946201144], [0.0, 0.0, 1.0]], [[1264.1253743585607, 0.0, 761.8659236816043], [0.0, 1264.125374358561, 415.0768894058469], [0.0, 0.0, 1.0]], [[1258.2338510172276, 0.0, 742.9036438917772], [0.0, 1258.2338510172278, 422.93240569290015], [0.0, 0.0, 1.0]], [[798.1242652672415, 0.0, 679.0081140747895], [0.0, 798.1242652672414, 419.2474525237902], [0.0, 0.0, 1.0]], [[1259.4297629105833, 0.0, 752.9541347831612], [0.0, 1259.4297629105833, 429.46398926977497], [0.0, 0.0, 1.0]]], "extrinsics": [[[0.8093708753585815, -0.5859485864639282, 0.03978695347905159, -0.7000732421875], [0.026219744235277176, -0.031627122312784195, -0.9991558194160461, 1.5086708068847656], [0.5867123007774353, 0.8097307085990906, -0.01023465022444725, -1.0888671875], [0.0, 0.0, 0.0, 1.0]], [[-0.004934743046760559, -0.999318540096283, 0.03658022731542587, -0.02850341796875], [0.016407232731580734, -0.036656662821769714, -0.9991932511329651, 1.5183308124542236], [0.9998531937599182, -0.004330581519752741, 0.016576942056417465, -1.3658447265625], [0.0, 0.0, 0.0, 1.0]], [[-0.8109005093574524, -0.5851840376853943, -4.236871245666407e-05, 0.797607421875], [0.02178758755326271, -0.030119121074676514, -0.9993088245391846, 1.5015068054199219], [0.5847782492637634, -0.8103410005569458, 0.03717336058616638, -1.223968505859375], [0.0, 0.0, 0.0, 1.0]], [[0.9456908702850342, 0.32506701350212097, 0.00040798657573759556, -1.1473388671875], [0.008900100365281105, -0.024637678638100624, -0.9996567964553833, 1.5959749221801758], [-0.3249454200267792, 0.9453700184822083, -0.026192758232355118, -0.0817718505859375], [0.0, 0.0, 0.0, 1.0]], [[0.017856605350971222, 0.9993686079978943, -0.030715564265847206, 0.00750732421875], [0.01759703829884529, -0.03102983348071575, -0.9993636012077332, 1.5412404537200928], [-0.9996856451034546, 0.017304735258221626, -0.018140016123652458, 0.012939453125], [0.0, 0.0, 0.0, 1.0]], [[-0.9348978996276855, 0.3541526198387146, -0.02327498234808445, 0.977294921875], [0.012646562419831753, -0.032296065241098404, -0.9993983507156372, 1.586289882659912], [-0.3546912372112274, -0.9346298575401306, 0.025714710354804993, -0.119873046875], [0.0, 0.0, 0.0, 1.0]]], "view": [[0.0, -2.0, 100.0], [-2.0, 0.0, 100.0], [0.0, 0.0, 1.0]], "bev": "bev_247e888eb2c84b9d81c39405dd339df0.png", "aux": "aux_247e888eb2c84b9d81c39405dd339df0.npz", "visibility": "visibility_247e888eb2c84b9d81c39405dd339df0.png", "pose": [[0.9999932646751404, -0.003667556680738926, 0.0, 1754.02099609375], [0.003667556680738926, 0.9999932646751404, 0.0, 866.4622802734375], [0.0, 0.0, 1.0, 0.0], [0.0, 0.0, 0.0, 1.0]], "pose_inverse": [[0.9999932646751404, 0.003667556680738926, 0.0, -1757.18701171875], [-0.003667556680738926, 0.9999932646751404, 0.0, -860.0234985351562], [0.0, 0.0, 1.0, 0.0], [0.0, 0.0, 0.0, 1.0]], "cam_ids": [0, 1, 2, 3, 4, 5], "cam_channels": ["CAM_FRONT_LEFT", "CAM_FRONT", "CAM_FRONT_RIGHT", "CAM_BACK_LEFT", "CAM_BACK", "CAM_BACK_RIGHT"], "token": "247e888eb2c84b9d81c39405dd339df0", "scene": "scene-0168"}, {"images": ["samples/CAM_FRONT_LEFT/n008-2018-05-21-11-06-59-0400__CAM_FRONT_LEFT__1526915454504917.jpg", "samples/CAM_FRONT/n008-2018-05-21-11-06-59-0400__CAM_FRONT__1526915454512465.jpg", "samples/CAM_FRONT_RIGHT/n008-2018-05-21-11-06-59-0400__CAM_FRONT_RIGHT__1526915454519956.jpg", "samples/CAM_BACK_LEFT/n008-2018-05-21-11-06-59-0400__CAM_BACK_LEFT__1526915454547295.jpg", "samples/CAM_BACK/n008-2018-05-21-11-06-59-0400__CAM_BACK__1526915454537570.jpg", "samples/CAM_BACK_RIGHT/n008-2018-05-21-11-06-59-0400__CAM_BACK_RIGHT__1526915454527813.jpg"], "intrinsics": [[[1256.4720761102153, 0.0, 759.9201772536986], [0.0, 1256.472076110215, 418.2347543062189], [0.0, 0.0, 1.0]], [[1262.8093578767177, 0.0, 786.6784634591471], [0.0, 1262.8093578767177, 437.9890946201144], [0.0, 0.0, 1.0]], [[1264.1253743585607, 0.0, 761.8659236816043], [0.0, 1264.125374358561, 415.0768894058469], [0.0, 0.0, 1.0]], [[1258.2338510172276, 0.0, 742.9036438917772], [0.0, 1258.2338510172278, 422.93240569290015], [0.0, 0.0, 1.0]], [[798.1242652672415, 0.0, 679.0081140747895], [0.0, 798.1242652672414, 419.2474525237902], [0.0, 0.0, 1.0]], [[1259.4297629105833, 0.0, 752.9541347831612], [0.0, 1259.4297629105833, 429.46398926977497], [0.0, 0.0, 1.0]]], "extrinsics": [[[0.8084766864776611, -0.5869982838630676, 0.042409565299749374, -0.70367431640625], [0.02945847623050213, -0.03160736709833145, -0.999066174030304, 1.5098094940185547], [0.5877904891967773, 0.8089709281921387, -0.008261741138994694, -1.088623046875], [0.0, 0.0, 0.0, 1.0]], [[-0.006128699518740177, -0.9993133544921875, 0.036541782319545746, -0.0306396484375], [0.019783981144428253, -0.03665648773312569, -0.9991320967674255, 1.5192711353302002], [0.9997853636741638, -0.005400437396019697, 0.019995054230093956, -1.3707275390625], [0.0, 0.0, 0.0, 1.0]], [[-0.8113888502120972, -0.5844996571540833, -0.002872339216992259, 0.8018798828125], [0.025241443887352943, -0.030129196122288704, -0.9992272257804871, 1.5021858215332031], [0.5839614868164062, -0.8108342885971069, 0.03920011222362518, -1.22906494140625], [0.0, 0.0, 0.0, 1.0]], [[0.9456586241722107, 0.3251415491104126, 0.003556004958227277, -1.1478271484375], [0.01233523990958929, -0.024943901225924492, -0.9996127486228943, 1.5959919691085815], [-0.3249269127845764, 0.9453362822532654, -0.027599116787314415, -0.0817108154296875], [0.0, 0.0, 0.0, 1.0]], [[0.018206244334578514, 0.9993581771850586, -0.03085005097091198, 0.00811767578125], [0.02107963152229786, -0.031231969594955444, -0.9992899298667908, 1.5414981842041016], [-0.9996119737625122, 0.01754300855100155, -0.021634720265865326, 0.015625], [0.0, 0.0, 0.0, 1.0]], [[-0.9346065521240234, 0.35468894243240356, -0.026577692478895187, 0.982421875], [0.016137640923261642, -0.03236064687371254, -0.9993459582328796, 1.5868210792541504], [-0.355317085981369, -0.934424102306366, 0.0245206281542778, -0.119384765625], [0.0, 0.0, 0.0, 1.0]]], "view": [[0.0, -2.0, 100.0], [-2.0, 0.0, 100.0], [0.0, 0.0, 1.0]], "bev": "bev_a9742126be524496a90cbd021f90f72d.png", "aux": "aux_a9742126be524496a90cbd021f90f72d.npz", "visibility": "visibility_a9742126be524496a90cbd021f90f72d.png", "pose": [[0.9998863339424133, -0.015075230039656162, 0.0, 1758.5528564453125], [0.015075230039656162, 0.9998863339424133, 0.0, 866.506591796875], [0.0, 0.0, 1.0, 0.0], [0.0, 0.0, 0.0, 1.0]], "pose_inverse": [[0.9998863339424133, 0.015075230039656162, 0.0, -1771.415771484375], [-0.015075230039656162, 0.9998863339424133, 0.0, -839.8975219726562], [0.0, 0.0, 1.0, 0.0], [0.0, 0.0, 0.0, 1.0]], "cam_ids": [0, 1, 2, 3, 4, 5], "cam_channels": ["CAM_FRONT_LEFT", "CAM_FRONT", "CAM_FRONT_RIGHT", "CAM_BACK_LEFT", "CAM_BACK", "CAM_BACK_RIGHT"], "token": "a9742126be524496a90cbd021f90f72d", "scene": "scene-0168"}, {"images": ["samples/CAM_FRONT_LEFT/n008-2018-05-21-11-06-59-0400__CAM_FRONT_LEFT__1526915455004917.jpg", "samples/CAM_FRONT/n008-2018-05-21-11-06-59-0400__CAM_FRONT__1526915455012465.jpg", "samples/CAM_FRONT_RIGHT/n008-2018-05-21-11-06-59-0400__CAM_FRONT_RIGHT__1526915455019956.jpg", "samples/CAM_BACK_LEFT/n008-2018-05-21-11-06-59-0400__CAM_BACK_LEFT__1526915455047295.jpg", "samples/CAM_BACK/n008-2018-05-21-11-06-59-0400__CAM_BACK__1526915455037570.jpg", "samples/CAM_BACK_RIGHT/n008-2018-05-21-11-06-59-0400__CAM_BACK_RIGHT__1526915455027813.jpg"], "intrinsics": [[[1256.4720761102153, 0.0, 759.9201772536986], [0.0, 1256.472076110215, 418.2347543062189], [0.0, 0.0, 1.0]], [[1262.8093578767177, 0.0, 786.6784634591471], [0.0, 1262.8093578767177, 437.9890946201144], [0.0, 0.0, 1.0]], [[1264.1253743585607, 0.0, 761.8659236816043], [0.0, 1264.125374358561, 415.0768894058469], [0.0, 0.0, 1.0]], [[1258.2338510172276, 0.0, 742.9036438917772], [0.0, 1258.2338510172278, 422.93240569290015], [0.0, 0.0, 1.0]], [[798.1242652672415, 0.0, 679.0081140747895], [0.0, 798.1242652672414, 419.2474525237902], [0.0, 0.0, 1.0]], [[1259.4297629105833, 0.0, 752.9541347831612], [0.0, 1259.4297629105833, 429.46398926977497], [0.0, 0.0, 1.0]]], "extrinsics": [[[0.8089867830276489, -0.5863638520240784, 0.041446465998888016, -0.696044921875], [0.024256907403469086, -0.03714781627058983, -0.9990153312683105, 1.5080366134643555], [0.5873260498046875, 0.8091956377029419, -0.015828721225261688, -1.0858154296875], [0.0, 0.0, 0.0, 1.0]], [[-0.005529678892344236, -0.9990974068641663, 0.042117130011320114, -0.0284423828125], [0.014463113620877266, -0.04219327121973038, -0.9990047812461853, 1.5177583694458008], [0.9998800754547119, -0.004915030673146248, 0.014683373272418976, -1.3624267578125], [0.0, 0.0, 0.0, 1.0]], [[-0.8112192153930664, -0.5847229361534119, 0.004744817037135363, 0.7965087890625], [0.01987914741039276, -0.03568733483552933, -0.9991652369499207, 1.5010457038879395], [0.5844041109085083, -0.8104476928710938, 0.04057404026389122, -1.22308349609375], [0.0, 0.0, 0.0, 1.0]], [[0.9457231760025024, 0.32495570182800293, -0.003403306473046541, -1.1439208984375], [0.0069407010450959206, -0.030667584389448166, -0.9995055794715881, 1.595992088317871], [-0.3248993754386902, 0.9452319145202637, -0.031258463859558105, -0.08319091796875], [0.0, 0.0, 0.0, 1.0]], [[0.018032945692539215, 0.999168336391449, -0.036570776253938675, 0.0074462890625], [0.015667447820305824, -0.03685462102293968, -0.9991978406906128, 1.541102647781372], [-0.9997146725654602, 0.017445512115955353, -0.01631901226937771, 0.01025390625], [0.0, 0.0, 0.0, 1.0]], [[-0.934795618057251, 0.3544071912765503, -0.02350754104554653, 0.9754638671875], [0.010743469931185246, -0.037940286099910736, -0.9992222189903259, 1.585958480834961], [-0.35502344369888306, -0.9343211650848389, 0.031658850610256195, -0.1204833984375], [0.0, 0.0, 0.0, 1.0]]], "view": [[0.0, -2.0, 100.0], [-2.0, 0.0, 100.0], [0.0, 0.0, 1.0]], "bev": "bev_69dbfab45ff340afbf0d2ebefa5bc1ec.png", "aux": "aux_69dbfab45ff340afbf0d2ebefa5bc1ec.npz", "visibility": "visibility_69dbfab45ff340afbf0d2ebefa5bc1ec.png", "pose": [[0.9996076226234436, -0.028011159971356392, 0.0, 1763.1068115234375], [0.028011159971356392, 0.9996076226234436, 0.0, 866.6170654296875], [0.0, 0.0, 1.0, 0.0], [0.0, 0.0, 0.0, 1.0]], "pose_inverse": [[0.9996076226234436, 0.028011159971356392, 0.0, -1786.68994140625], [-0.028011159971356392, 0.9996076226234436, 0.0, -816.8903198242188], [0.0, 0.0, 1.0, 0.0], [0.0, 0.0, 0.0, 1.0]], "cam_ids": [0, 1, 2, 3, 4, 5], "cam_channels": ["CAM_FRONT_LEFT", "CAM_FRONT", "CAM_FRONT_RIGHT", "CAM_BACK_LEFT", "CAM_BACK", "CAM_BACK_RIGHT"], "token": "69dbfab45ff340afbf0d2ebefa5bc1ec", "scene": "scene-0168"}, {"images": ["samples/CAM_FRONT_LEFT/n008-2018-05-21-11-06-59-0400__CAM_FRONT_LEFT__1526915455504917.jpg", "samples/CAM_FRONT/n008-2018-05-21-11-06-59-0400__CAM_FRONT__1526915455512465.jpg", "samples/CAM_FRONT_RIGHT/n008-2018-05-21-11-06-59-0400__CAM_FRONT_RIGHT__1526915455519956.jpg", "samples/CAM_BACK_LEFT/n008-2018-05-21-11-06-59-0400__CAM_BACK_LEFT__1526915455547295.jpg", "samples/CAM_BACK/n008-2018-05-21-11-06-59-0400__CAM_BACK__1526915455537570.jpg", "samples/CAM_BACK_RIGHT/n008-2018-05-21-11-06-59-0400__CAM_BACK_RIGHT__1526915455527813.jpg"], "intrinsics": [[[1256.4720761102153, 0.0, 759.9201772536986], [0.0, 1256.472076110215, 418.2347543062189], [0.0, 0.0, 1.0]], [[1262.8093578767177, 0.0, 786.6784634591471], [0.0, 1262.8093578767177, 437.9890946201144], [0.0, 0.0, 1.0]], [[1264.1253743585607, 0.0, 761.8659236816043], [0.0, 1264.125374358561, 415.0768894058469], [0.0, 0.0, 1.0]], [[1258.2338510172276, 0.0, 742.9036438917772], [0.0, 1258.2338510172278, 422.93240569290015], [0.0, 0.0, 1.0]], [[798.1242652672415, 0.0, 679.0081140747895], [0.0, 798.1242652672414, 419.2474525237902], [0.0, 0.0, 1.0]], [[1259.4297629105833, 0.0, 752.9541347831612], [0.0, 1259.4297629105833, 429.46398926977497], [0.0, 0.0, 1.0]]], "extrinsics": [[[0.8099016547203064, -0.585069477558136, 0.04186973720788956, -0.72454833984375], [0.025845967233181, -0.03571599721908569, -0.9990277290344238, 1.5077457427978516], [0.5859959721565247, 0.8101962804794312, -0.013804757036268711, -1.1083984375], [0.0, 0.0, 0.0, 1.0]], [[-0.004223594442009926, -0.9991533160209656, 0.040922898799180984, -0.02703857421875], [0.01620633713901043, -0.040986280888319016, -0.9990283250808716, 1.517862319946289], [0.9998597502708435, -0.003556283190846443, 0.01636572554707527, -1.3931884765625], [0.0, 0.0, 0.0, 1.0]], [[-0.8105888366699219, -0.5856093168258667, 0.0026941585820168257, 0.8173828125], [0.021722014993429184, -0.03466394171118736, -0.9991629123687744, 1.5010128021240234], [0.5852125287055969, -0.809851884841919, 0.040818821638822556, -1.236846923828125], [0.0, 0.0, 0.0, 1.0]], [[0.9456889629364014, 0.32507088780403137, -0.0010718191042542458, -1.1458740234375], [0.009225144982337952, -0.030133139342069626, -0.9995033144950867, 1.5959935188293457], [-0.3249417245388031, 0.9452095031738281, -0.03149540722370148, -0.0823822021484375], [0.0, 0.0, 0.0, 1.0]], [[0.017644274979829788, 0.9991998672485352, -0.03589462488889694, 0.00701904296875], [0.017777007073163986, -0.03620804846286774, -0.9991861581802368, 1.5411365032196045], [-0.9996863007545471, 0.016991816461086273, -0.018401645123958588, 0.0203857421875], [0.0, 0.0, 0.0, 1.0]], [[-0.9350357055664062, 0.35366931557655334, -0.025023004040122032, 0.992431640625], [0.012701431289315224, -0.0371178574860096, -0.999230146408081, 1.586118221282959], [-0.35432589054107666, -0.9346336722373962, 0.03021441586315632, -0.11328125], [0.0, 0.0, 0.0, 1.0]]], "view": [[0.0, -2.0, 100.0], [-2.0, 0.0, 100.0], [0.0, 0.0, 1.0]], "bev": "bev_f5a389e507df4acc9c8ebbcf0175c4a3.png", "aux": "aux_f5a389e507df4acc9c8ebbcf0175c4a3.npz", "visibility": "visibility_f5a389e507df4acc9c8ebbcf0175c4a3.png", "pose": [[0.9994550943374634, -0.03300762176513672, 0.0, 1767.44873046875], [0.03300762176513672, 0.9994550943374634, 0.0, 866.7590942382812], [0.0, 0.0, 1.0, 0.0], [0.0, 0.0, 0.0, 1.0]], "pose_inverse": [[0.9994550943374634, 0.03300762176513672, 0.0, -1795.0953369140625], [-0.03300762176513672, 0.9994550943374634, 0.0, -807.947509765625], [0.0, 0.0, 1.0, 0.0], [0.0, 0.0, 0.0, 1.0]], "cam_ids": [0, 1, 2, 3, 4, 5], "cam_channels": ["CAM_FRONT_LEFT", "CAM_FRONT", "CAM_FRONT_RIGHT", "CAM_BACK_LEFT", "CAM_BACK", "CAM_BACK_RIGHT"], "token": "f5a389e507df4acc9c8ebbcf0175c4a3", "scene": "scene-0168"}, {"images": ["samples/CAM_FRONT_LEFT/n008-2018-05-21-11-06-59-0400__CAM_FRONT_LEFT__1526915456004917.jpg", "samples/CAM_FRONT/n008-2018-05-21-11-06-59-0400__CAM_FRONT__1526915456012465.jpg", "samples/CAM_FRONT_RIGHT/n008-2018-05-21-11-06-59-0400__CAM_FRONT_RIGHT__1526915456019956.jpg", "samples/CAM_BACK_LEFT/n008-2018-05-21-11-06-59-0400__CAM_BACK_LEFT__1526915456047295.jpg", "samples/CAM_BACK/n008-2018-05-21-11-06-59-0400__CAM_BACK__1526915456037570.jpg", "samples/CAM_BACK_RIGHT/n008-2018-05-21-11-06-59-0400__CAM_BACK_RIGHT__1526915456027813.jpg"], "intrinsics": [[[1256.4720761102153, 0.0, 759.9201772536986], [0.0, 1256.472076110215, 418.2347543062189], [0.0, 0.0, 1.0]], [[1262.8093578767177, 0.0, 786.6784634591471], [0.0, 1262.8093578767177, 437.9890946201144], [0.0, 0.0, 1.0]], [[1264.1253743585607, 0.0, 761.8659236816043], [0.0, 1264.125374358561, 415.0768894058469], [0.0, 0.0, 1.0]], [[1258.2338510172276, 0.0, 742.9036438917772], [0.0, 1258.2338510172278, 422.93240569290015], [0.0, 0.0, 1.0]], [[798.1242652672415, 0.0, 679.0081140747895], [0.0, 798.1242652672414, 419.2474525237902], [0.0, 0.0, 1.0]], [[1259.4297629105833, 0.0, 752.9541347831612], [0.0, 1259.4297629105833, 429.46398926977497], [0.0, 0.0, 1.0]]], "extrinsics": [[[0.8099513649940491, -0.5848714113235474, 0.04363694787025452, -0.72998046875], [0.0277093518525362, -0.03615908697247505, -0.998961865901947, 1.5082149505615234], [0.5858420729637146, 0.8103196620941162, -0.013080691918730736, -1.1102294921875], [0.0, 0.0, 0.0, 1.0]], [[-0.004015228245407343, -0.9991372227668762, 0.04133616015315056, -0.02838134765625], [0.01783490553498268, -0.041401468217372894, -0.9989834427833557, 1.518242359161377], [0.9998328685760498, -0.0032739185262471437, 0.0179857537150383, -1.39599609375], [0.0, 0.0, 0.0, 1.0]], [[-0.8104057908058167, -0.5858663320541382, 0.0018229882698506117, 0.8165283203125], [0.023091088980436325, -0.035049859434366226, -0.9991188049316406, 1.5012884140014648], [0.5854138731956482, -0.8096494674682617, 0.04193289577960968, -1.23773193359375], [0.0, 0.0, 0.0, 1.0]], [[0.9456704258918762, 0.3251263499259949, -0.0006705366540700197, -1.1427001953125], [0.009688645601272583, -0.03024197742342949, -0.9994956254959106, 1.5960259437561035], [-0.3249826431274414, 0.9451869130134583, -0.031748976558446884, -0.08343505859375], [0.0, 0.0, 0.0, 1.0]], [[0.017540374770760536, 0.9991936683654785, -0.03611600771546364, 0.0074462890625], [0.018560219556093216, -0.03644073009490967, -0.9991635084152222, 1.5412378311157227], [-0.9996737837791443, 0.016855381429195404, -0.01918443851172924, 0.018310546875], [0.0, 0.0, 0.0, 1.0]], [[-0.9350908994674683, 0.35344091057777405, -0.026162637397646904, 0.9918212890625], [0.013800243847072124, -0.03745267540216446, -0.9992031455039978, 1.586287021636963], [-0.354139119386673, -0.9347068667411804, 0.030144084244966507, -0.1143798828125], [0.0, 0.0, 0.0, 1.0]]], "view": [[0.0, -2.0, 100.0], [-2.0, 0.0, 100.0], [0.0, 0.0, 1.0]], "bev": "bev_22d900b2e7b0441abe29a62a257d9290.png", "aux": "aux_22d900b2e7b0441abe29a62a257d9290.npz", "visibility": "visibility_22d900b2e7b0441abe29a62a257d9290.png", "pose": [[0.9997251629829407, -0.023443924263119698, 0.0, 1771.5469970703125], [0.023443924263119698, 0.9997251629829407, 0.0, 866.8743896484375], [0.0, 0.0, 1.0, 0.0], [0.0, 0.0, 0.0, 1.0]], "pose_inverse": [[0.9997251629829407, 0.023443924263119698, 0.0, -1791.383056640625], [-0.023443924263119698, 0.9997251629829407, 0.0, -825.1041259765625], [0.0, 0.0, 1.0, 0.0], [0.0, 0.0, 0.0, 1.0]], "cam_ids": [0, 1, 2, 3, 4, 5], "cam_channels": ["CAM_FRONT_LEFT", "CAM_FRONT", "CAM_FRONT_RIGHT", "CAM_BACK_LEFT", "CAM_BACK", "CAM_BACK_RIGHT"], "token": "22d900b2e7b0441abe29a62a257d9290", "scene": "scene-0168"}, {"images": ["samples/CAM_FRONT_LEFT/n008-2018-05-21-11-06-59-0400__CAM_FRONT_LEFT__1526915456504917.jpg", "samples/CAM_FRONT/n008-2018-05-21-11-06-59-0400__CAM_FRONT__1526915456512465.jpg", "samples/CAM_FRONT_RIGHT/n008-2018-05-21-11-06-59-0400__CAM_FRONT_RIGHT__1526915456519956.jpg", "samples/CAM_BACK_LEFT/n008-2018-05-21-11-06-59-0400__CAM_BACK_LEFT__1526915456547295.jpg", "samples/CAM_BACK/n008-2018-05-21-11-06-59-0400__CAM_BACK__1526915456537570.jpg", "samples/CAM_BACK_RIGHT/n008-2018-05-21-11-06-59-0400__CAM_BACK_RIGHT__1526915456527813.jpg"], "intrinsics": [[[1256.4720761102153, 0.0, 759.9201772536986], [0.0, 1256.472076110215, 418.2347543062189], [0.0, 0.0, 1.0]], [[1262.8093578767177, 0.0, 786.6784634591471], [0.0, 1262.8093578767177, 437.9890946201144], [0.0, 0.0, 1.0]], [[1264.1253743585607, 0.0, 761.8659236816043], [0.0, 1264.125374358561, 415.0768894058469], [0.0, 0.0, 1.0]], [[1258.2338510172276, 0.0, 742.9036438917772], [0.0, 1258.2338510172278, 422.93240569290015], [0.0, 0.0, 1.0]], [[798.1242652672415, 0.0, 679.0081140747895], [0.0, 798.1242652672414, 419.2474525237902], [0.0, 0.0, 1.0]], [[1259.4297629105833, 0.0, 752.9541347831612], [0.0, 1259.4297629105833, 429.46398926977497], [0.0, 0.0, 1.0]]], "extrinsics": [[[0.8096861839294434, -0.5851751565933228, 0.04447847604751587, -0.72808837890625], [0.02866051346063614, -0.036271028220653534, -0.9989309310913086, 1.5086288452148438], [0.5861628651618958, 0.8100953698158264, -0.01259672548621893, -1.10986328125], [0.0, 0.0, 0.0, 1.0]], [[-0.004454819485545158, -0.9991363286972046, 0.041311804205179214, -0.02777099609375], [0.018947064876556396, -0.04138913005590439, -0.998963475227356, 1.518613338470459], [0.9998105764389038, -0.0036674628499895334, 0.019115082919597626, -1.3951416015625], [0.0, 0.0, 0.0, 1.0]], [[-0.8106386065483093, -0.5855463743209839, 0.0006541582406498492, 0.817138671875], [0.024409761652350426, -0.034909382462501526, -0.9990923404693604, 1.501622200012207], [0.5850377082824707, -0.8098868727684021, 0.042591944336891174, -1.237335205078125], [0.0, 0.0, 0.0, 1.0]], [[0.9456557631492615, 0.3251662850379944, 0.0014329225523397326, -1.1436767578125], [0.011733314022421837, -0.029718589037656784, -0.999489426612854, 1.5960419178009033], [-0.3249577283859253, 0.9451897740364075, -0.031918834894895554, -0.0830841064453125], [0.0, 0.0, 0.0, 1.0]], [[0.017715483903884888, 0.9992066025733948, -0.03566978871822357, 0.0072021484375], [0.020375346764922142, -0.03602876886725426, -0.9991430640220642, 1.5413947105407715], [-0.9996354579925537, 0.016973519697785378, -0.02099744789302349, 0.018798828125], [0.0, 0.0, 0.0, 1.0]], [[-0.9349542856216431, 0.35369873046875, -0.027523158118128777, 0.9920654296875], [0.01535022258758545, -0.037176068872213364, -0.9991908669471741, 1.5865623950958252], [-0.3544357419013977, -0.9346203207969666, 0.02932857535779476, -0.11376953125], [0.0, 0.0, 0.0, 1.0]]], "view": [[0.0, -2.0, 100.0], [-2.0, 0.0, 100.0], [0.0, 0.0, 1.0]], "bev": "bev_70d1011381b44b1d905323037ebbfba6.png", "aux": "aux_70d1011381b44b1d905323037ebbfba6.npz", "visibility": "visibility_70d1011381b44b1d905323037ebbfba6.png", "pose": [[0.9998466372489929, -0.017511900514364243, 0.0, 1775.6895751953125], [0.017511900514364243, 0.9998466372489929, 0.0, 866.9522705078125], [0.0, 0.0, 1.0, 0.0], [0.0, 0.0, 0.0, 1.0]], "pose_inverse": [[0.9998466372489929, 0.017511900514364243, 0.0, -1790.5992431640625], [-0.017511900514364243, 0.9998466372489929, 0.0, -835.7236328125], [0.0, 0.0, 1.0, 0.0], [0.0, 0.0, 0.0, 1.0]], "cam_ids": [0, 1, 2, 3, 4, 5], "cam_channels": ["CAM_FRONT_LEFT", "CAM_FRONT", "CAM_FRONT_RIGHT", "CAM_BACK_LEFT", "CAM_BACK", "CAM_BACK_RIGHT"], "token": "70d1011381b44b1d905323037ebbfba6", "scene": "scene-0168"}, {"images": ["samples/CAM_FRONT_LEFT/n008-2018-05-21-11-06-59-0400__CAM_FRONT_LEFT__1526915457004917.jpg", "samples/CAM_FRONT/n008-2018-05-21-11-06-59-0400__CAM_FRONT__1526915457012465.jpg", "samples/CAM_FRONT_RIGHT/n008-2018-05-21-11-06-59-0400__CAM_FRONT_RIGHT__1526915457019956.jpg", "samples/CAM_BACK_LEFT/n008-2018-05-21-11-06-59-0400__CAM_BACK_LEFT__1526915457047295.jpg", "samples/CAM_BACK/n008-2018-05-21-11-06-59-0400__CAM_BACK__1526915457037570.jpg", "samples/CAM_BACK_RIGHT/n008-2018-05-21-11-06-59-0400__CAM_BACK_RIGHT__1526915457027813.jpg"], "intrinsics": [[[1256.4720761102153, 0.0, 759.9201772536986], [0.0, 1256.472076110215, 418.2347543062189], [0.0, 0.0, 1.0]], [[1262.8093578767177, 0.0, 786.6784634591471], [0.0, 1262.8093578767177, 437.9890946201144], [0.0, 0.0, 1.0]], [[1264.1253743585607, 0.0, 761.8659236816043], [0.0, 1264.125374358561, 415.0768894058469], [0.0, 0.0, 1.0]], [[1258.2338510172276, 0.0, 742.9036438917772], [0.0, 1258.2338510172278, 422.93240569290015], [0.0, 0.0, 1.0]], [[798.1242652672415, 0.0, 679.0081140747895], [0.0, 798.1242652672414, 419.2474525237902], [0.0, 0.0, 1.0]], [[1259.4297629105833, 0.0, 752.9541347831612], [0.0, 1259.4297629105833, 429.46398926977497], [0.0, 0.0, 1.0]]], "extrinsics": [[[0.8095172047615051, -0.5855519771575928, 0.042552296072244644, -0.7315673828125], [0.025521235540509224, -0.03731335327029228, -0.9989777207374573, 1.507390022277832], [0.5865411162376404, 0.8097755312919617, -0.015261788852512836, -1.11181640625], [0.0, 0.0, 0.0, 1.0]], [[-0.004743815865367651, -0.9990726709365845, 0.04279423877596855, -0.02825927734375], [0.01584630459547043, -0.04286445304751396, -0.998955249786377, 1.517634391784668], [0.9998631477355957, -0.004060729406774044, 0.01603494957089424, -1.3984375], [0.0, 0.0, 0.0, 1.0]], [[-0.8108195066452026, -0.5852808356285095, 0.004258273169398308, 0.8187255859375], [0.0213240347802639, -0.03681029751896858, -0.9990947246551514, 1.5008296966552734], [0.5849077701568604, -0.8099945783615112, 0.04232705757021904, -1.238983154296875], [0.0, 0.0, 0.0, 1.0]], [[0.945686399936676, 0.3250735402107239, -0.0020665402989834547, -1.14892578125], [0.008951365947723389, -0.03239439055323601, -0.9994350671768188, 1.5959625244140625], [-0.32495686411857605, 0.9451337456703186, -0.033544789999723434, -0.081451416015625], [0.0, 0.0, 0.0, 1.0]], [[0.017793837934732437, 0.9991132020950317, -0.03815944492816925, 0.0072021484375], [0.017494868487119675, -0.0384707711637020