[{"images": ["samples/CAM_FRONT_LEFT/n015-2018-09-25-11-10-38+0800__CAM_FRONT_LEFT__1537845612254844.jpg", "samples/CAM_FRONT/n015-2018-09-25-11-10-38+0800__CAM_FRONT__1537845612262460.jpg", "samples/CAM_FRONT_RIGHT/n015-2018-09-25-11-10-38+0800__CAM_FRONT_RIGHT__1537845612270339.jpg", "samples/CAM_BACK_LEFT/n015-2018-09-25-11-10-38+0800__CAM_BACK_LEFT__1537845612297423.jpg", "samples/CAM_BACK/n015-2018-09-25-11-10-38+0800__CAM_BACK__1537845612287525.jpg", "samples/CAM_BACK_RIGHT/n015-2018-09-25-11-10-38+0800__CAM_BACK_RIGHT__1537845612277893.jpg"], "intrinsics": [[[1272.5979470598488, 0.0, 826.6154927353808], [0.0, 1272.5979470598488, 479.75165386361925], [0.0, 0.0, 1.0]], [[1266.417203046554, 0.0, 816.2670197447984], [0.0, 1266.417203046554, 491.50706579294757], [0.0, 0.0, 1.0]], [[1260.8474446004698, 0.0, 807.968244525554], [0.0, 1260.8474446004698, 495.3344268742088], [0.0, 0.0, 1.0]], [[1256.7414812095406, 0.0, 792.1125740759628], [0.0, 1256.7414812095406, 492.7757465151356], [0.0, 0.0, 1.0]], [[809.2209905677063, 0.0, 829.2196003259838], [0.0, 809.2209905677063, 481.77842384512485], [0.0, 0.0, 1.0]], [[1259.5137405846733, 0.0, 807.2529053838625], [0.0, 1259.5137405846733, 501.19579884916527], [0.0, 0.0, 1.0]]], "extrinsics": [[[0.8234775066375732, -0.5672680735588074, 0.009584540501236916, -0.80242919921875], [0.001988015603274107, -0.014008360914885998, -0.9998999238014221, 1.5086183547973633], [0.5673454999923706, 0.8234140872955322, -0.010407831519842148, -1.1661376953125], [0.0, 0.0, 0.0, 1.0]], [[0.00957393366843462, -0.9997905492782593, 0.018086537718772888, 0.005340576171875], [-0.0032390907872468233, -0.018118280917406082, -0.9998306632041931, 1.5199823379516602], [0.9999489188194275, 0.009513746947050095, -0.003411875106394291, -1.5291748046875], [0.0, 0.0, 0.0, 1.0]], [[-0.8312520980834961, -0.5558937191963196, -0.0014491016045212746, 0.927001953125], [0.0023585353046655655, -0.0009200314525514841, -0.9999967813491821, 1.5039408206939697], [0.5558906197547913, -0.8312528729438782, 0.0020758744794875383, -1.178985595703125], [0.0, 0.0, 0.0, 1.0]], [[0.9477542638778687, 0.31900104880332947, 0.00048682952183298767, -1.144287109375], [0.01110183633863926, -0.03145837038755417, -0.9994434118270874, 1.5885238647460938], [-0.3188081383705139, 0.9472321271896362, -0.03335630148649216, -0.102813720703125], [0.0, 0.0, 0.0, 1.0]], [[0.0013498413609340787, 0.9997700452804565, -0.021403368562459946, 0.00311279296875], [-0.01431400515139103, -0.02138187736272812, -0.9996688961982727, 1.5787124633789062], [-0.9998966455459595, 0.001655743457376957, 0.014281850308179855, -0.04296875], [0.0, 0.0, 0.0, 1.0]], [[-0.9355056881904602, 0.3527895510196686, -0.019197169691324234, 1.05169677734375], [0.01827908121049404, -0.005933971144258976, -0.9998153448104858, 1.5531024932861328], [-0.35283830761909485, -0.9356839060783386, -0.0008974061347544193, -0.0960693359375], [0.0, 0.0, 0.0, 1.0]]], "view": [[0.0, -2.0, 100.0], [-2.0, 0.0, 100.0], [0.0, 0.0, 1.0]], "bev": "bev_43d12517348e4544be11da5f6910e1cf.png", "aux": "aux_43d12517348e4544be11da5f6910e1cf.npz", "visibility": "visibility_43d12517348e4544be11da5f6910e1cf.png", "pose": [[-0.5864063501358032, 0.8100170493125916, 0.0, 203.62889099121094], [-0.8100170493125916, -0.5864063501358032, 0.0, 1148.3687744140625], [0.0, 0.0, 1.0, 0.0], [0.0, 0.0, 0.0, 1.0]], "pose_inverse": [[-0.5864063501358032, -0.8100170493125916, 0.0, 1049.6075439453125], [0.8100170493125916, -0.5864063501358032, 0.0, 508.4678649902344], [0.0, 0.0, 1.0, 0.0], [0.0, 0.0, 0.0, 1.0]], "cam_ids": [0, 1, 2, 3, 4, 5], "cam_channels": ["CAM_FRONT_LEFT", "CAM_FRONT", "CAM_FRONT_RIGHT", "CAM_BACK_LEFT", "CAM_BACK", "CAM_BACK_RIGHT"], "token": "43d12517348e4544be11da5f6910e1cf", "scene": "scene-0991"}, {"images": ["samples/CAM_FRONT_LEFT/n015-2018-09-25-11-10-38+0800__CAM_FRONT_LEFT__1537845612754844.jpg", "samples/CAM_FRONT/n015-2018-09-25-11-10-38+0800__CAM_FRONT__1537845612762460.jpg", "samples/CAM_FRONT_RIGHT/n015-2018-09-25-11-10-38+0800__CAM_FRONT_RIGHT__1537845612770339.jpg", "samples/CAM_BACK_LEFT/n015-2018-09-25-11-10-38+0800__CAM_BACK_LEFT__1537845612797423.jpg", "samples/CAM_BACK/n015-2018-09-25-11-10-38+0800__CAM_BACK__1537845612787525.jpg", "samples/CAM_BACK_RIGHT/n015-2018-09-25-11-10-38+0800__CAM_BACK_RIGHT__1537845612777893.jpg"], "intrinsics": [[[1272.5979470598488, 0.0, 826.6154927353808], [0.0, 1272.5979470598488, 479.75165386361925], [0.0, 0.0, 1.0]], [[1266.417203046554, 0.0, 816.2670197447984], [0.0, 1266.417203046554, 491.50706579294757], [0.0, 0.0, 1.0]], [[1260.8474446004698, 0.0, 807.968244525554], [0.0, 1260.8474446004698, 495.3344268742088], [0.0, 0.0, 1.0]], [[1256.7414812095406, 0.0, 792.1125740759628], [0.0, 1256.7414812095406, 492.7757465151356], [0.0, 0.0, 1.0]], [[809.2209905677063, 0.0, 829.2196003259838], [0.0, 809.2209905677063, 481.77842384512485], [0.0, 0.0, 1.0]], [[1259.5137405846733, 0.0, 807.2529053838625], [0.0, 1259.5137405846733, 501.19579884916527], [0.0, 0.0, 1.0]]], "extrinsics": [[[0.822667121887207, -0.5684359669685364, 0.00996534526348114, -0.7911376953125], [0.002917494857683778, -0.013307202607393265, -0.9999071955680847, 1.5088472366333008], [0.5685158371925354, 0.8226198554039001, -0.009288989007472992, -1.1580810546875], [0.0, 0.0, 0.0, 1.0]], [[0.008437548764050007, -0.9998164176940918, 0.017196333035826683, 0.0052490234375], [-0.0024035980459302664, -0.017217174172401428, -0.9998489022254944, 1.5200910568237305], [0.9999614953994751, 0.008394981734454632, -0.002548428252339363, -1.517822265625], [0.0, 0.0, 0.0, 1.0]], [[-0.8317072987556458, -0.5552077293395996, -0.0026968715246766806, 0.91943359375], [0.0031348182819783688, 0.0001613930071471259, -0.9999950528144836, 1.5040690898895264], [0.5552054047584534, -0.8317116498947144, 0.0016062447102740407, -1.1745452880859375], [0.0, 0.0, 0.0, 1.0]], [[0.9477398991584778, 0.3190402686595917, 0.0015411525964736938, -1.1436767578125], [0.011655833572149277, -0.0297966618090868, -0.9994879961013794, 1.5885276794433594], [-0.3188309073448181, 0.947272539138794, -0.031958166509866714, -0.1029052734375], [0.0, 0.0, 0.0, 1.0]], [[0.001633928855881095, 0.999799907207489, -0.01993672177195549, 0.0032958984375], [-0.013681212440133095, -0.019912531599402428, -0.9997081160545349, 1.5786781311035156], [-0.999904990196228, 0.001906203106045723, 0.013645938597619534, -0.0472412109375], [0.0, 0.0, 0.0, 1.0]], [[-0.9352880120277405, 0.35335421562194824, -0.019421353936195374, 1.04547119140625], [0.018989350646734238, -0.004689706489443779, -0.9998087286949158, 1.5532951354980469], [-0.35337769985198975, -0.9354778528213501, -0.002323742490261793, -0.0986328125], [0.0, 0.0, 0.0, 1.0]]], "view": [[0.0, -2.0, 100.0], [-2.0, 0.0, 100.0], [0.0, 0.0, 1.0]], "bev": "bev_763d88492862492185d8ae1cf890cc9e.png", "aux": "aux_763d88492862492185d8ae1cf890cc9e.npz", "visibility": "visibility_763d88492862492185d8ae1cf890cc9e.png", "pose": [[-0.6244646906852722, 0.7810530066490173, 0.0, 202.1105194091797], [-0.7810530066490173, -0.6244646906852722, 0.0, 1146.3663330078125], [0.0, 0.0, 1.0, 0.0], [0.0, 0.0, 0.0, 1.0]], "pose_inverse": [[-0.6244646906852722, -0.7810530066490173, 0.0, 1021.5838012695312], [0.7810530066490173, -0.6244646906852722, 0.0, 558.0062866210938], [0.0, 0.0, 1.0, 0.0], [0.0, 0.0, 0.0, 1.0]], "cam_ids": [0, 1, 2, 3, 4, 5], "cam_channels": ["CAM_FRONT_LEFT", "CAM_FRONT", "CAM_FRONT_RIGHT", "CAM_BACK_LEFT", "CAM_BACK", "CAM_BACK_RIGHT"], "token": "763d88492862492185d8ae1cf890cc9e", "scene": "scene-0991"}, {"images": ["samples/CAM_FRONT_LEFT/n015-2018-09-25-11-10-38+0800__CAM_FRONT_LEFT__1537845613254844.jpg", "samples/CAM_FRONT/n015-2018-09-25-11-10-38+0800__CAM_FRONT__1537845613262460.jpg", "samples/CAM_FRONT_RIGHT/n015-2018-09-25-11-10-38+0800__CAM_FRONT_RIGHT__1537845613270339.jpg", "samples/CAM_BACK_LEFT/n015-2018-09-25-11-10-38+0800__CAM_BACK_LEFT__1537845613297423.jpg", "samples/CAM_BACK/n015-2018-09-25-11-10-38+0800__CAM_BACK__1537845613287525.jpg", "samples/CAM_BACK_RIGHT/n015-2018-09-25-11-10-38+0800__CAM_BACK_RIGHT__1537845613277893.jpg"], "intrinsics": [[[1272.5979470598488, 0.0, 826.6154927353808], [0.0, 1272.5979470598488, 479.75165386361925], [0.0, 0.0, 1.0]], [[1266.417203046554, 0.0, 816.2670197447984], [0.0, 1266.417203046554, 491.50706579294757], [0.0, 0.0, 1.0]], [[1260.8474446004698, 0.0, 807.968244525554], [0.0, 1260.8474446004698, 495.3344268742088], [0.0, 0.0, 1.0]], [[1256.7414812095406, 0.0, 792.1125740759628], [0.0, 1256.7414812095406, 492.7757465151356], [0.0, 0.0, 1.0]], [[809.2209905677063, 0.0, 829.2196003259838], [0.0, 809.2209905677063, 481.77842384512485], [0.0, 0.0, 1.0]], [[1259.5137405846733, 0.0, 807.2529053838625], [0.0, 1259.5137405846733, 501.19579884916527], [0.0, 0.0, 1.0]]], "extrinsics": [[[0.8216670155525208, -0.5699428915977478, 0.005339880473911762, -0.784576416015625], [-0.0026050459127873182, -0.013123917393386364, -0.9999104738235474, 1.5076608657836914], [0.5699618458747864, 0.8215795159339905, -0.012268216349184513, -1.15380859375], [0.0, 0.0, 0.0, 1.0]], [[0.0069884792901575565, -0.9998318552970886, 0.0169527605175972, 0.00555419921875], [-0.007875951938331127, -0.017007682472467422, -0.9998243451118469, 1.5191001892089844], [0.9999445676803589, 0.006853826344013214, -0.007993485778570175, -1.51226806640625], [0.0, 0.0, 0.0, 1.0]], [[-0.8324000239372253, -0.5541728734970093, 0.0016309606144204736, 0.91650390625], [-0.002240350702777505, 0.0004220920382067561, -0.9999973773956299, 1.5033326148986816], [0.5541707277297974, -0.8324014544487, -0.0015928908251225948, -1.172332763671875], [0.0, 0.0, 0.0, 1.0]], [[0.9477730393409729, 0.3189317584037781, -0.002968241460621357, -1.1456298828125], [0.006677247118204832, -0.029145510867238045, -0.9995529055595398, 1.5885248184204102], [-0.3188757002353668, 0.9473294019699097, -0.02975291945040226, -0.1023101806640625], [0.0, 0.0, 0.0, 1.0]], [[0.002021473366767168, 0.999808132648468, -0.01948659121990204, 0.0030517578125], [-0.018852317705750465, -0.019445065408945084, -0.9996331930160522, 1.5784473419189453], [-0.9998202919960022, 0.0023880391381680965, 0.01880939118564129, -0.0462646484375], [0.0, 0.0, 0.0, 1.0]], [[-0.9350544214248657, 0.35421350598335266, -0.014349883422255516, 1.04388427734375], [0.013690665364265442, -0.004367100540548563, -0.999896764755249, 1.5528020858764648], [-0.35423967242240906, -0.9351543188095093, -0.0007659438997507095, -0.09912109375], [0.0, 0.0, 0.0, 1.0]]], "view": [[0.0, -2.0, 100.0], [-2.0, 0.0, 100.0], [0.0, 0.0, 1.0]], "bev": "bev_7b9d2655d07f41a081fb2d133d93d625.png", "aux": "aux_7b9d2655d07f41a081fb2d133d93d625.npz", "visibility": "visibility_7b9d2655d07f41a081fb2d133d93d625.png", "pose": [[-0.6476194262504578, 0.761963963508606, 0.0, 200.4676513671875], [-0.761963963508606, -0.6476194262504578, 0.0, 1144.373291015625], [0.0, 0.0, 1.0, 0.0], [0.0, 0.0, 0.0, 1.0]], "pose_inverse": [[-0.6476194262504578, -0.761963963508606, 0.0, 1001.7979125976562], [0.761963963508606, -0.6476194262504578, 0.0, 588.3692626953125], [0.0, 0.0, 1.0, 0.0], [0.0, 0.0, 0.0, 1.0]], "cam_ids": [0, 1, 2, 3, 4, 5], "cam_channels": ["CAM_FRONT_LEFT", "CAM_FRONT", "CAM_FRONT_RIGHT", "CAM_BACK_LEFT", "CAM_BACK", "CAM_BACK_RIGHT"], "token": "7b9d2655d07f41a081fb2d133d93d625", "scene": "scene-0991"}, {"images": ["samples/CAM_FRONT_LEFT/n015-2018-09-25-11-10-38+0800__CAM_FRONT_LEFT__1537845613754844.jpg", "samples/CAM_FRONT/n015-2018-09-25-11-10-38+0800__CAM_FRONT__1537845613762460.jpg", "samples/CAM_FRONT_RIGHT/n015-2018-09-25-11-10-38+0800__CAM_FRONT_RIGHT__1537845613770339.jpg", "samples/CAM_BACK_LEFT/n015-2018-09-25-11-10-38+0800__CAM_BACK_LEFT__1537845613797423.jpg", "samples/CAM_BACK/n015-2018-09-25-11-10-38+0800__CAM_BACK__1537845613787525.jpg", "samples/CAM_BACK_RIGHT/n015-2018-09-25-11-10-38+0800__CAM_BACK_RIGHT__1537845613777895.jpg"], "intrinsics": [[[1272.5979470598488, 0.0, 826.6154927353808], [0.0, 1272.5979470598488, 479.75165386361925], [0.0, 0.0, 1.0]], [[1266.417203046554, 0.0, 816.2670197447984], [0.0, 1266.417203046554, 491.50706579294757], [0.0, 0.0, 1.0]], [[1260.8474446004698, 0.0, 807.968244525554], [0.0, 1260.8474446004698, 495.3344268742088], [0.0, 0.0, 1.0]], [[1256.7414812095406, 0.0, 792.1125740759628], [0.0, 1256.7414812095406, 492.7757465151356], [0.0, 0.0, 1.0]], [[809.2209905677063, 0.0, 829.2196003259838], [0.0, 809.2209905677063, 481.77842384512485], [0.0, 0.0, 1.0]], [[1259.5137405846733, 0.0, 807.2529053838625], [0.0, 1259.5137405846733, 501.19579884916527], [0.0, 0.0, 1.0]]], "extrinsics": [[[0.8211467862129211, -0.5706525444984436, 0.008577273227274418, -0.785400390625], [0.002126384060829878, -0.011969744227826595, -0.9999260902404785, 1.5086932182312012], [0.5707130432128906, 0.8211044073104858, -0.008615491911768913, -1.1533203125], [0.0, 0.0, 0.0, 1.0]], [[0.006187081802636385, -0.9998529553413391, 0.015988823026418686, 0.00482177734375], [-0.0032017873600125313, -0.016008855774998665, -0.9998667240142822, 1.5199337005615234], [0.9999757409095764, 0.006135089322924614, -0.003300365759059787, -1.51220703125], [0.0, 0.0, 0.0, 1.0]], [[-0.832724392414093, -0.5536813139915466, -0.002657797420397401, 0.9158935546875], [0.0023506195284426212, 0.001264934428036213, -0.9999964237213135, 1.5039715766906738], [0.5536826252937317, -0.8327276706695557, 0.0002481533447280526, -1.172393798828125], [0.0, 0.0, 0.0, 1.0]], [[0.9477402567863464, 0.3190416395664215, 0.0009115920984186232, -1.143798828125], [0.010655849240720272, -0.028798161074519157, -0.9995284676551819, 1.5885376930236816], [-0.318865031003952, 0.947303056716919, -0.03069283626973629, -0.1031341552734375], [0.0, 0.0, 0.0, 1.0]], [[0.0022929413244128227, 0.999817967414856, -0.01894446648657322, 0.00323486328125], [-0.014598743990063667, -0.0189090296626091, -0.9997146129608154, 1.5786247253417969], [-0.9998908042907715, 0.002568767638877034, 0.014552727341651917, -0.0479736328125], [0.0, 0.0, 0.0, 1.0]], [[-0.934833288192749, 0.3546163737773895, -0.01827595941722393, 1.0430908203125], [0.01815497688949108, -0.00366861536167562, -0.9998284578323364, 1.5532617568969727], [-0.3546226918697357, -0.9350047707557678, -0.0030085102189332247, -0.0997314453125], [0.0, 0.0, 0.0, 1.0]]], "view": [[0.0, -2.0, 100.0], [-2.0, 0.0, 100.0], [0.0, 0.0, 1.0]], "bev": "bev_98d23f5d45a54725af09eb433d7f1eed.png", "aux": "aux_98d23f5d45a54725af09eb433d7f1eed.npz", "visibility": "visibility_98d23f5d45a54725af09eb433d7f1eed.png", "pose": [[-0.6587363481521606, 0.7523738741874695, 0.0, 198.78883361816406], [-0.7523738741874695, -0.6587363481521606, 0.0, 1142.4156494140625], [0.0, 0.0, 1.0, 0.0], [0.0, 0.0, 0.0, 1.0]], "pose_inverse": [[-0.6587363481521606, -0.7523738741874695, 0.0, 990.47314453125], [0.7523738741874695, -0.6587363481521606, 0.0, 602.9871826171875], [0.0, 0.0, 1.0, 0.0], [0.0, 0.0, 0.0, 1.0]], "cam_ids": [0, 1, 2, 3, 4, 5], "cam_channels": ["CAM_FRONT_LEFT", "CAM_FRONT", "CAM_FRONT_RIGHT", "CAM_BACK_LEFT", "CAM_BACK", "CAM_BACK_RIGHT"], "token": "98d23f5d45a54725af09eb433d7f1eed", "scene": "scene-0991"}, {"images": ["samples/CAM_FRONT_LEFT/n015-2018-09-25-11-10-38+0800__CAM_FRONT_LEFT__1537845614254844.jpg", "samples/CAM_FRONT/n015-2018-09-25-11-10-38+0800__CAM_FRONT__1537845614262460.jpg", "samples/CAM_FRONT_RIGHT/n015-2018-09-25-11-10-38+0800__CAM_FRONT_RIGHT__1537845614270339.jpg", "samples/CAM_BACK_LEFT/n015-2018-09-25-11-10-38+0800__CAM_BACK_LEFT__1537845614297423.jpg", "samples/CAM_BACK/n015-2018-09-25-11-10-38+0800__CAM_BACK__1537845614287525.jpg", "samples/CAM_BACK_RIGHT/n015-2018-09-25-11-10-38+0800__CAM_BACK_RIGHT__1537845614277893.jpg"], "intrinsics": [[[1272.5979470598488, 0.0, 826.6154927353808], [0.0, 1272.5979470598488, 479.75165386361925], [0.0, 0.0, 1.0]], [[1266.417203046554, 0.0, 816.2670197447984], [0.0, 1266.417203046554, 491.50706579294757], [0.0, 0.0, 1.0]], [[1260.8474446004698, 0.0, 807.968244525554], [0.0, 1260.8474446004698, 495.3344268742088], [0.0, 0.0, 1.0]], [[1256.7414812095406, 0.0, 792.1125740759628], [0.0, 1256.7414812095406, 492.7757465151356], [0.0, 0.0, 1.0]], [[809.2209905677063, 0.0, 829.2196003259838], [0.0, 809.2209905677063, 481.77842384512485], [0.0, 0.0, 1.0]], [[1259.5137405846733, 0.0, 807.2529053838625], [0.0, 1259.5137405846733, 501.19579884916527], [0.0, 0.0, 1.0]]], "extrinsics": [[[0.8210507035255432, -0.570796549320221, 0.008182397112250328, -0.78472900390625], [0.0013918865006417036, -0.012331814505159855, -0.9999229907989502, 1.508549690246582], [0.5708535313606262, 0.8209989666938782, -0.009330560453236103, -1.1546630859375], [0.0, 0.0, 0.0, 1.0]], [[0.006156368646770716, -0.9998475313186646, 0.016341794282197952, 0.0059814453125], [-0.0038668401539325714, -0.016365787014365196, -0.9998586177825928, 1.5198259353637695], [0.9999735951423645, 0.00609242869541049, -0.003967004362493753, -1.51092529296875], [0.0, 0.0, 0.0, 1.0]], [[-0.8326697945594788, -0.5537661910057068, -0.0019938109908252954, 0.9140625], [0.00179897656198591, 0.0008954217773862183, -0.9999979734420776, 1.503899335861206], [0.5537669062614441, -0.8326717615127563, 0.00025062263011932373, -1.170440673828125], [0.0, 0.0, 0.0, 1.0]], [[0.9477306008338928, 0.31907084584236145, 0.0008053994388319552, -1.1363525390625], [0.010675247758626938, -0.029185518622398376, -0.9995169639587402, 1.5886201858520508], [-0.31889328360557556, 0.9472814202308655, -0.03106616623699665, -0.1055908203125], [0.0, 0.0, 0.0, 1.0]], [[0.002232170198112726, 0.9998102188110352, -0.019353939220309258, 0.00311279296875], [-0.014816639944911003, -0.019318796694278717, -0.999703586101532, 1.5785255432128906], [-0.9998877048492432, 0.002518300199881196, 0.014770705252885818, -0.053955078125], [0.0, 0.0, 0.0, 1.0]], [[-0.9348723292350769, 0.354526162147522, -0.018024269491434097, 1.0390625], [0.017738237977027893, -0.00405696127563715, -0.999834418296814, 1.5532951354980469], [-0.35454055666923523, -0.93503737449646, -0.0024959284346550703, -0.10076904296875], [0.0, 0.0, 0.0, 1.0]]], "view": [[0.0, -2.0, 100.0], [-2.0, 0.0, 100.0], [0.0, 0.0, 1.0]], "bev": "bev_6f445475871245ada74441e62ed5c481.png", "aux": "aux_6f445475871245ada74441e62ed5c481.npz", "visibility": "visibility_6f445475871245ada74441e62ed5c481.png", "pose": [[-0.6627390384674072, 0.7488504648208618, 0.0, 197.07269287109375], [-0.7488504648208618, -0.6627390384674072, 0.0, 1140.466552734375], [0.0, 0.0, 1.0, 0.0], [0.0, 0.0, 0.0, 1.0]], "pose_inverse": [[-0.6627390384674072, -0.7488504648208618, 0.0, 984.6466674804688], [0.7488504648208618, -0.6627390384674072, 0.0, 608.2537231445312], [0.0, 0.0, 1.0, 0.0], [0.0, 0.0, 0.0, 1.0]], "cam_ids": [0, 1, 2, 3, 4, 5], "cam_channels": ["CAM_FRONT_LEFT", "CAM_FRONT", "CAM_FRONT_RIGHT", "CAM_BACK_LEFT", "CAM_BACK", "CAM_BACK_RIGHT"], "token": "6f445475871245ada74441e62ed5c481", "scene": "scene-0991"}, {"images": ["samples/CAM_FRONT_LEFT/n015-2018-09-25-11-10-38+0800__CAM_FRONT_LEFT__1537845614754844.jpg", "samples/CAM_FRONT/n015-2018-09-25-11-10-38+0800__CAM_FRONT__1537845614762460.jpg", "samples/CAM_FRONT_RIGHT/n015-2018-09-25-11-10-38+0800__CAM_FRONT_RIGHT__1537845614770339.jpg", "samples/CAM_BACK_LEFT/n015-2018-09-25-11-10-38+0800__CAM_BACK_LEFT__1537845614797423.jpg", "samples/CAM_BACK/n015-2018-09-25-11-10-38+0800__CAM_BACK__1537845614787525.jpg", "samples/CAM_BACK_RIGHT/n015-2018-09-25-11-10-38+0800__CAM_BACK_RIGHT__1537845614777893.jpg"], "intrinsics": [[[1272.5979470598488, 0.0, 826.6154927353808], [0.0, 1272.5979470598488, 479.75165386361925], [0.0, 0.0, 1.0]], [[1266.417203046554, 0.0, 816.2670197447984], [0.0, 1266.417203046554, 491.50706579294757], [0.0, 0.0, 1.0]], [[1260.8474446004698, 0.0, 807.968244525554], [0.0, 1260.8474446004698, 495.3344268742088], [0.0, 0.0, 1.0]], [[1256.7414812095406, 0.0, 792.1125740759628], [0.0, 1256.7414812095406, 492.7757465151356], [0.0, 0.0, 1.0]], [[809.2209905677063, 0.0, 829.2196003259838], [0.0, 809.2209905677063, 481.77842384512485], [0.0, 0.0, 1.0]], [[1259.5137405846733, 0.0, 807.2529053838625], [0.0, 1259.5137405846733, 501.19579884916527], [0.0, 0.0, 1.0]]], "extrinsics": [[[0.8206749558448792, -0.5713687539100647, 0.005504838656634092, -0.772796630859375], [0.0004759493167512119, -0.00895046815276146, -0.9999598264694214, 1.5083627700805664], [0.5713950991630554, 0.8206446170806885, -0.007073482498526573, -1.146728515625], [0.0, 0.0, 0.0, 1.0]], [[0.005521553568542004, -0.9999012351036072, 0.01292238850146532, 0.00628662109375], [-0.004829018842428923, -0.012949097901582718, -0.9999045133590698, 1.5196027755737305], [0.9999730587005615, 0.005458634812384844, -0.004900041036307812, -1.4991455078125], [0.0, 0.0, 0.0, 1.0]], [[-0.8330201506614685, -0.553234338760376, -0.003034724621102214, 0.9068603515625], [0.0007602782570756972, 0.004340600222349167, -0.9999902248382568, 1.503758192062378], [0.5532421469688416, -0.8330143094062805, -0.003195194061845541, -1.1653099060058594], [0.0, 0.0, 0.0, 1.0]], [[0.9477446675300598, 0.31902942061424255, 0.0005736613529734313, -1.139404296875], [0.009262355044484138, -0.02571832202374935, -0.9996263384819031, 1.5885825157165527], [-0.31889545917510986, 0.9473958611488342, -0.02732936479151249, -0.104644775390625], [0.0, 0.0, 0.0, 1.0]], [[0.0024752910248935223, 0.9998712539672852, -0.015855947509407997, 0.0029296875], [-0.016088318079710007, -0.015814127400517464, -0.9997455477714539, 1.5784416198730469], [-0.9998674988746643, 0.002729657106101513, 0.016047101467847824, -0.0550537109375], [0.0, 0.0, 0.0, 1.0]], [[-0.9347228407859802, 0.35502928495407104, -0.015726681798696518, 1.03375244140625], [0.016598429530858994, -0.000590325566008687, -0.9998620748519897, 1.5532684326171875], [-0.354989618062973, -0.934855043888092, -0.0053411382250487804, -0.1025390625], [0.0, 0.0, 0.0, 1.0]]], "view": [[0.0, -2.0, 100.0], [-2.0, 0.0, 100.0], [0.0, 0.0, 1.0]], "bev": "bev_f15f55b3d02540398bde9f7208c0428d.png", "aux": "aux_f15f55b3d02540398bde9f7208c0428d.npz", "visibility": "visibility_f15f55b3d02540398bde9f7208c0428d.png", "pose": [[-0.6612536311149597, 0.7501624226570129, 0.0, 195.34034729003906], [-0.7501624226570129, -0.6612536311149597, 0.0, 1138.4942626953125], [0.0, 0.0, 1.0, 0.0], [0.0, 0.0, 0.0, 1.0]], "pose_inverse": [[-0.6612536311149597, -0.7501624226570129, 0.0, 983.22509765625], [0.7501624226570129, -0.6612536311149597, 0.0, 606.2964477539062], [0.0, 0.0, 1.0, 0.0], [0.0, 0.0, 0.0, 1.0]], "cam_ids": [0, 1, 2, 3, 4, 5], "cam_channels": ["CAM_FRONT_LEFT", "CAM_FRONT", "CAM_FRONT_RIGHT", "CAM_BACK_LEFT", "CAM_BACK", "CAM_BACK_RIGHT"], "token": "f15f55b3d02540398bde9f7208c0428d", "scene": "scene-0991"}, {"images": ["samples/CAM_FRONT_LEFT/n015-2018-09-25-11-10-38+0800__CAM_FRONT_LEFT__1537845615254844.jpg", "samples/CAM_FRONT/n015-2018-09-25-11-10-38+0800__CAM_FRONT__1537845615262460.jpg", "samples/CAM_FRONT_RIGHT/n015-2018-09-25-11-10-38+0800__CAM_FRONT_RIGHT__1537845615270339.jpg", "samples/CAM_BACK_LEFT/n015-2018-09-25-11-10-38+0800__CAM_BACK_LEFT__1537845615297423.jpg", "samples/CAM_BACK/n015-2018-09-25-11-10-38+0800__CAM_BACK__1537845615287525.jpg", "samples/CAM_BACK_RIGHT/n015-2018-09-25-11-10-38+0800__CAM_BACK_RIGHT__1537845615277893.jpg"], "intrinsics": [[[1272.5979470598488, 0.0, 826.6154927353808], [0.0, 1272.5979470598488, 479.75165386361925], [0.0, 0.0, 1.0]], [[1266.417203046554, 0.0, 816.2670197447984], [0.0, 1266.417203046554, 491.50706579294757], [0.0, 0.0, 1.0]], [[1260.8474446004698, 0.0, 807.968244525554], [0.0, 1260.8474446004698, 495.3344268742088], [0.0, 0.0, 1.0]], [[1256.7414812095406, 0.0, 792.1125740759628], [0.0, 1256.7414812095406, 492.7757465151356], [0.0, 0.0, 1.0]], [[809.2209905677063, 0.0, 829.2196003259838], [0.0, 809.2209905677063, 481.77842384512485], [0.0, 0.0, 1.0]], [[1259.5137405846733, 0.0, 807.2529053838625], [0.0, 1259.5137405846733, 501.19579884916527], [0.0, 0.0, 1.0]]], "extrinsics": [[[0.8203280568122864, -0.5718820095062256, 0.0035555395297706127, -0.786163330078125], [-9.390201739734039e-05, -0.006351830437779427, -0.9999797940254211, 1.5082345008850098], [0.5718930959701538, 0.8203111290931702, -0.0052642859518527985, -1.1568603515625], [0.0, 0.0, 0.0, 1.0]], [[0.005128180142492056, -0.9999340772628784, 0.010276203975081444, 0.007080078125], [-0.005330483429133892, -0.010303528048098087, -0.9999327659606934, 1.5195941925048828], [0.9999725818634033, 0.005073048640042543, -0.005382970441132784, -1.51409912109375], [0.0, 0.0, 0.0, 1.0]], [[-0.8331210017204285, -0.5530748963356018, -0.004192976746708155, 0.9180908203125], [0.000374268158338964, 0.007017245050519705, -0.999975323677063, 1.5036888122558594], [0.5530906319618225, -0.8331019282341003, -0.005639214999973774, -1.1716804504394531], [0.0, 0.0, 0.0, 1.0]], [[0.9477566480636597, 0.31899070739746094, 0.0014602098381146789, -1.14013671875], [0.009295268915593624, -0.02304108627140522, -0.9996913075447083, 1.588578224182129], [-0.31885871291160583, 0.9474776387214661, -0.024802448228001595, -0.1044158935546875], [0.0, 0.0, 0.0, 1.0]], [[0.002542118774726987, 0.9999101758003235, -0.013165578246116638, 0.00244140625], [-0.01621503196656704, -0.013122672215104103, -0.9997824430465698, 1.5785255432128906], [-0.9998652338981628, 0.0027550742961466312, 0.016180215403437614, -0.0498046875], [0.0, 0.0, 0.0, 1.0]], [[-0.9346837997436523, 0.35518360137939453, -0.014517150819301605, 1.04254150390625], [0.01632814295589924, 0.0021016353275626898, -0.9998644590377808, 1.5530815124511719], [-0.3551049828529358, -0.9347941279411316, -0.007763856556266546, -0.09857177734375], [0.0, 0.0, 0.0, 1.0]]], "view": [[0.0, -2.0, 100.0], [-2.0, 0.0, 100.0], [0.0, 0.0, 1.0]], "bev": "bev_c4f1be60ad914fa8ae7cdf3d9b745a10.png", "aux": "aux_c4f1be60ad914fa8ae7cdf3d9b745a10.npz", "visibility": "visibility_c4f1be60ad914fa8ae7cdf3d9b745a10.png", "pose": [[-0.6537935733795166, 0.7566729187965393, 0.0, 193.58978271484375], [-0.7566729187965393, -0.6537935733795166, 0.0, 1136.5015869140625], [0.0, 0.0, 1.0, 0.0], [0.0, 0.0, 0.0, 1.0]], "pose_inverse": [[-0.6537935733795166, -0.7566729187965393, 0.0, 986.5277709960938], [0.7566729187965393, -0.6537935733795166, 0.0, 596.5532836914062], [0.0, 0.0, 1.0, 0.0], [0.0, 0.0, 0.0, 1.0]], "cam_ids": [0, 1, 2, 3, 4, 5], "cam_channels": ["CAM_FRONT_LEFT", "CAM_FRONT", "CAM_FRONT_RIGHT", "CAM_BACK_LEFT", "CAM_BACK", "CAM_BACK_RIGHT"], "token": "c4f1be60ad914fa8ae7cdf3d9b745a10", "scene": "scene-0991"}, {"images": ["samples/CAM_FRONT_LEFT/n015-2018-09-25-11-10-38+0800__CAM_FRONT_LEFT__1537845615754844.jpg", "samples/CAM_FRONT/n015-2018-09-25-11-10-38+0800__CAM_FRONT__1537845615762460.jpg", "samples/CAM_FRONT_RIGHT/n015-2018-09-25-11-10-38+0800__CAM_FRONT_RIGHT__1537845615770339.jpg", "samples/CAM_BACK_LEFT/n015-2018-09-25-11-10-38+0800__CAM_BACK_LEFT__1537845615797423.jpg", "samples/CAM_BACK/n015-2018-09-25-11-10-38+0800__CAM_BACK__1537845615787544.jpg", "samples/CAM_BACK_RIGHT/n015-2018-09-25-11-10-38+0800__CAM_BACK_RIGHT__1537845615777893.jpg"], "intrinsics": [[[1272.5979470598488, 0.0, 826.6154927353808], [0.0, 1272.5979470598488, 479.75165386361925], [0.0, 0.0, 1.0]], [[1266.417203046554, 0.0, 816.2670197447984], [0.0, 1266.417203046554, 491.50706579294757], [0.0, 0.0, 1.0]], [[1260.8474446004698, 0.0, 807.968244525554], [0.0, 1260.8474446004698, 495.3344268742088], [0.0, 0.0, 1.0]], [[1256.7414812095406, 0.0, 792.1125740759628], [0.0, 1256.7414812095406, 492.7757465151356], [0.0, 0.0, 1.0]], [[809.2209905677063, 0.0, 829.2196003259838], [0.0, 809.2209905677063, 481.77842384512485], [0.0, 0.0, 1.0]], [[1259.5137405846733, 0.0, 807.2529053838625], [0.0, 1259.5137405846733, 501.19579884916527], [0.0, 0.0, 1.0]]], "extrinsics": [[[0.820314884185791, -0.571902871131897, 0.003269881708547473, -0.78302001953125], [-0.0006399054545909166, -0.006635275669395924, -0.9999778270721436, 1.5081119537353516], [0.5719118118286133, 0.8202945590019226, -0.0058089797385036945, -1.154541015625], [0.0, 0.0, 0.0, 1.0]], [[0.005091114901006222, -0.9999302625656128, 0.010649310424923897, 0.0067138671875], [-0.006003544665873051, -0.010679819621145725, -0.9999250173568726, 1.5194463729858398], [0.9999690055847168, 0.005026808474212885, -0.006057498510926962, -1.509765625], [0.0, 0.0, 0.0, 1.0]], [[-0.8331584930419922, -0.5530245304107666, -0.0032824683003127575, 0.9140625], [-0.0004160029930062592, 0.006562086287885904, -0.9999783635139465, 1.5035793781280518], [0.5530341267585754, -0.8331391215324402, -0.0056973169557750225, -1.1692962646484375], [0.0, 0.0, 0.0, 1.0]], [[0.9477524757385254, 0.31900665163993835, 0.00019343015446793288, -1.1407470703125], [0.008155304938554764, -0.023622825741767883, -0.999687671661377, 1.588566780090332], [-0.3189024329185486, 0.947458028793335, -0.02499018795788288, -0.104156494140625], [0.0, 0.0, 0.0, 1.0]], [[0.0025537838228046894, 0.9999025464057922, -0.013727533631026745, 0.002685546875], [-0.01724391058087349, -0.01368150394409895, -0.999757707118988, 1.5784473419189453], [-0.9998480081558228, 0.0027898424305021763, 0.01720728911459446, -0.0511474609375], [0.0, 0.0, 0.0, 1.0]], [[-0.9346787333488464, 0.35522305965423584, -0.013861737214028835, 1.03955078125], [0.015432183630764484, 0.0015879172133281827, -0.9998796582221985, 1.5530433654785156], [-0.3551582396030426, -0.9347802400588989, -0.006966060027480125, -0.09991455078125], [0.0, 0.0, 0.0, 1.0]]], "view": [[0.0, -2.0, 100.0], [-2.0, 0.0, 100.0], [0.0, 0.0, 1.0]], "bev": "bev_8e7579096eca460e99b74c9db9c413fc.png", "aux": "aux_8e7579096eca460e99b74c9db9c413fc.npz", "visibility": "visibility_8e7579096eca460e99b74c9db9c413fc.png", "pose": [[-0.6470369696617126, 0.7624586224555969, 0.0, 191.9318084716797], [-0.7624586224555969, -0.6470369696617126, 0.0, 1134.583251953125], [0.0, 0.0, 1.0, 0.0], [0.0, 0.0, 0.0, 1.0]], "pose_inverse": [[-0.6470369696617126, -0.7624586224555969, 0.0, 989.259765625], [0.7624586224555969, -0.6470369696617126, 0.0, 587.7772827148438], [0.0, 0.0, 1.0, 0.0], [0.0, 0.0, 0.0, 1.0]], "cam_ids": [0, 1, 2, 3, 4, 5], "cam_channels": ["CAM_FRONT_LEFT", "CAM_FRONT", "CAM_FRONT_RIGHT", "CAM_BACK_LEFT", "CAM_BACK", "CAM_BACK_RIGHT"], "token": "8e7579096eca460e99b74c9db9c413fc", "scene": "scene-0991"}, {"images": ["samples/CAM_FRONT_LEFT/n015-2018-09-25-11-10-38+0800__CAM_FRONT_LEFT__1537845616254844.jpg", "samples/CAM_FRONT/n015-2018-09-25-11-10-38+0800__CAM_FRONT__1537845616262460.jpg", "samples/CAM_FRONT_RIGHT/n015-2018-09-25-11-10-38+0800__CAM_FRONT_RIGHT__1537845616270339.jpg", "samples/CAM_BACK_LEFT/n015-2018-09-25-11-10-38+0800__CAM_BACK_LEFT__1537845616297423.jpg", "samples/CAM_BACK/n015-2018-09-25-11-10-38+0800__CAM_BACK__1537845616287525.jpg", "samples/CAM_BACK_RIGHT/n015-2018-09-25-11-10-38+0800__CAM_BACK_RIGHT__1537845616277893.jpg"], "intrinsics": [[[1272.5979470598488, 0.0, 826.6154927353808], [0.0, 1272.5979470598488, 479.75165386361925], [0.0, 0.0, 1.0]], [[1266.417203046554, 0.0, 816.2670197447984], [0.0, 1266.417203046554, 491.50706579294757], [0.0, 0.0, 1.0]], [[1260.8474446004698, 0.0, 807.968244525554], [0.0, 1260.8474446004698, 495.3344268742088], [0.0, 0.0, 1.0]], [[1256.7414812095406, 0.0, 792.1125740759628], [0.0, 1256.7414812095406, 492.7757465151356], [0.0, 0.0, 1.0]], [[809.2209905677063, 0.0, 829.2196003259838], [0.0, 809.2209905677063, 481.77842384512485], [0.0, 0.0, 1.0]], [[1259.5137405846733, 0.0, 807.2529053838625], [0.0, 1259.5137405846733, 501.19579884916527], [0.0, 0.0, 1.0]]], "extrinsics": [[[0.8201647996902466, -0.572126567363739, 0.0009609531844034791, -0.78887939453125], [-0.002760432893410325, -0.005636767949908972, -0.9999803304672241, 1.5076708793640137], [0.5721206665039062, 0.8201459646224976, -0.006202395539730787, -1.159912109375], [0.0, 0.0, 0.0, 1.0]], [[0.004835112486034632, -0.9999403357505798, 0.009794059209525585, 0.007568359375], [-0.008057664148509502, -0.009832815267145634, -0.9999191761016846, 1.5191402435302734], [0.9999558925628662, 0.004755824338644743, -0.008104726672172546, -1.51751708984375], [0.0, 0.0, 0.0, 1.0]], [[-0.8333207964897156, -0.5527862310409546, -0.0019874416757375, 0.920166015625], [-0.0024129252415150404, 0.007232677657157183, -0.9999709129333496, 1.5033098459243774], [0.5527844429016113, -0.8332916498184204, -0.007360971067100763, -1.1728973388671875], [0.0, 0.0, 0.0, 1.0]], [[0.947782576084137, 0.3189134895801544, -0.0015679016942158341, -1.140869140625], [0.006272732280194759, -0.02355692721903324, -0.9997028112411499, 1.5885653495788574], [-0.3188556432723999, 0.9474909901618958, -0.02432730421423912, -0.1041717529296875], [0.0, 0.0, 0.0, 1.0]], [[0.002751745516434312, 0.9999058842658997, -0.01344645582139492, 0.00244140625], [-0.019163362681865692, -0.01339130848646164, -0.9997267127037048, 1.578399658203125], [-0.9998124837875366, 0.003008674830198288, 0.01912470906972885, -0.0484619140625], [0.0, 0.0, 0.0, 1.0]], [[-0.9346121549606323, 0.35547107458114624, -0.011853285133838654, 1.04443359375], [0.01347287930548191, 0.0020809900015592575, -0.9999071359634399, 1.5527687072753906], [-0.35541337728500366, -0.9346849918365479, -0.006734139751642942, -0.09765625], [0.0, 0.0, 0.0, 1.0]]], "view": [[0.0, -2.0, 100.0], [-2.0, 0.0, 100.0], [0.0, 0.0, 1.0]], "bev": "bev_cfed02819f28419f83501d846b0b7efe.png", "aux": "aux_cfed02819f28419f83501d846b0b7efe.npz", "visibility": "visibility_cfed02819f28419f83501d846b0b7efe.png", "pose": [[-0.6369744539260864, 0.7708849310874939, 0.0, 190.27978515625], [-0.7708849310874939, -0.6369744539260864, 0.0, 1132.6402587890625], [0.0, 0.0, 1.0, 0.0], [0.0, 0.0, 0.0, 1.0]], "pose_inverse": [[-0.6369744539260864, -0.7708849310874939, 0.0, 994.3386840820312], [0.7708849310874939, -0.6369744539260864, 0.0, 574.779052734375], [0.0, 0.0, 1.0, 0.0], [0.0, 0.0, 0.0, 1.0]], "cam_ids": [0, 1, 2, 3, 4, 5], "cam_channels": ["CAM_FRONT_LEFT", "CAM_FRONT", "CAM_FRONT_RIGHT", "CAM_BACK_LEFT", "CAM_BACK", "CAM_BACK_RIGHT"], "token": "cfed02819f28419f83501d846b0b7efe", "scene": "scene-0991"}, {"images": ["samples/CAM_FRONT_LEFT/n015-2018-09-25-11-10-38+0800__CAM_FRONT_LEFT__1537845616754844.jpg", "samples/CAM_FRONT/n015-2018-09-25-11-10-38+0800__CAM_FRONT__1537845616762460.jpg", "samples/CAM_FRONT_RIGHT/n015-2018-09-25-11-10-38+0800__CAM_FRONT_RIGHT__1537845616770339.jpg", "samples/CAM_BACK_LEFT/n015-2018-09-25-11-10-38+0800__CAM_BACK_LEFT__1537845616797423.jpg", "samples/CAM_BACK/n015-2018-09-25-11-10-38+0800__CAM_BACK__1537845616787525.jpg", "samples/CAM_BACK_RIGHT/n015-2018-09-25-11-10-38+0800__CAM_BACK_RIGHT__1537845616777893.jpg"], "intrinsics": [[[1272.5979470598488, 0.0, 826.6154927353808], [0.0, 1272.5979470598488, 479.75165386361925], [0.0, 0.0, 1.0]], [[1266.417203046554, 0.0, 816.2670197447984], [0.0, 1266.417203046554, 491.50706579294757], [0.0, 0.0, 1.0]], [[1260.8474446004698, 0.0, 807.968244525554], [0.0, 1260.8474446004698, 495.3344268742088], [0.0, 0.0, 1.0]], [[1256.7414812095406, 0.0, 792.1125740759628], [0.0, 1256.7414812095406, 492.7757465151356], [0.0, 0.0, 1.0]], [[809.2209905677063, 0.0, 829.2196003259838], [0.0, 809.2209905677063, 481.77842384512485], [0.0, 0.0, 1.0]], [[1259.5137405846733, 0.0, 807.2529053838625], [0.0, 1259.5137405846733, 501.19579884916527], [0.0, 0.0, 1.0]]], "extrinsics": [[[0.8202657699584961, -0.5719822645187378, -0.0005393103347159922, -0.803985595703125], [-0.003823713166639209, -0.004540629219263792, -0.9999823570251465, 1.5075078010559082], [0.571969747543335, 0.820253312587738, -0.0059116194024682045, -1.169677734375], [0.0, 0.0, 0.0, 1.0]], [[0.005050031468272209, -0.9999504089355469, 0.008568006567656994, 0.007080078125], [-0.009108840487897396, -0.008613759651780128, -0.999921441078186, 1.5190792083740234], [0.9999457001686096, 0.004971575457602739, -0.009151890873908997, -1.53155517578125], [0.0, 0.0, 0.0, 1.0]], [[-0.8331926465034485, -0.5529798269271851, -0.0018436269601806998, 0.9288330078125], [-0.003479360369965434, 0.008576306514441967, -0.9999571442604065, 1.503199577331543], [0.5529719591140747, -0.8331504464149475, -0.009069731459021568, -1.1785202026367188], [0.0, 0.0, 0.0, 1.0]], [[0.9477656483650208, 0.3189602494239807, -0.0021233062725514174, -1.1375732421875], [0.005143033340573311, -0.02193739451467991, -0.9997460842132568, 1.5885820388793945], [-0.3189258873462677, 0.9475141763687134, -0.022431936115026474, -0.1053314208984375], [0.0, 0.0, 0.0, 1.0]], [[0.0025562928058207035, 0.999925971031189, -0.011895736679434776, 0.00244140625], [-0.02025109902024269, -0.011841570027172565, -0.999724805355072, 1.5783729553222656], [-0.99979168176651, 0.002796486485749483, 0.020219329744577408, -0.046875], [0.0, 0.0, 0.0, 1.0]], [[-0.934699296951294, 0.35528939962387085, -0.01032760739326477, 1.05029296875], [0.012392436154186726, 0.003536416217684746, -0.9999169707298279, 1.552581787109375], [-0.35522326827049255, -0.9347496628761292, -0.007708386983722448, -0.09539794921875], [0.0, 0.0, 0.0, 1.0]]], "view": [[0.0, -2.0, 100.0], [-2.0, 0.0, 100.0], [0.0, 0.0, 1.0]], "bev": "bev_dc910f6d2bb6470b9cfa978fc1b77149.png", "aux": "aux_dc910f6d2bb6470b9cfa978fc1b77149.npz", "visibility": "visibility_dc910f6d2bb6470b9cfa978fc1b77149.png", "pose": [[-0.6266946792602539, 0.7792648673057556, 0.0, 188.78680419921875], [-0.7792648673057556, -0.6266946792602539, 0.0, 1130.8321533203125], [0.0, 0.0, 1.0, 0.0], [0.0, 0.0, 0.0, 1.0]], "pose_inverse": [[-0.6266946792602539, -0.7792648673057556, 0.0, 999.5294799804688], [0.7792648673057556, -0.6266946792602539, 0.0, 561.5715942382812], [0.0, 0.0, 1.0, 0.0], [0.0, 0.0, 0.0, 1.0]], "cam_ids": [0, 1, 2, 3, 4, 5], "cam_channels": ["CAM_FRONT_LEFT", "CAM_FRONT", "CAM_FRONT_RIGHT", "CAM_BACK_LEFT", "CAM_BACK", "CAM_BACK_RIGHT"], "token": "dc910f6d2bb6470b9cfa978fc1b77149", "scene": "scene-0991"}, {"images": ["samples/CAM_FRONT_LEFT/n015-2018-09-25-11-10-38+0800__CAM_FRONT_LEFT__1537845617254844.jpg", "samples/CAM_FRONT/n015-2018-09-25-11-10-38+0800__CAM_FRONT__1537845617262460.jpg", "samples/CAM_FRONT_RIGHT/n015-2018-09-25-11-10-38+0800__CAM_FRONT_RIGHT__1537845617270339.jpg", "samples/CAM_BACK_LEFT/n015-2018-09-25-11-10-38+0800__CAM_BACK_LEFT__1537845617297423.jpg", "samples/CAM_BACK/n015-2018-09-25-11-10-38+0800__CAM_BACK__1537845617287525.jpg", "samples/CAM_BACK_RIGHT/n015-2018-09-25-11-10-38+0800__CAM_BACK_RIGHT__1537845617277893.jpg"], "intrinsics": [[[1272.5979470598488, 0.0, 826.6154927353808], [0.0, 1272.5979470598488, 479.75165386361925], [0.0, 0.0, 1.0]], [[1266.417203046554, 0.0, 816.2670197447984], [0.0, 1266.417203046554, 491.50706579294757], [0.0, 0.0, 1.0]], [[1260.8474446004698, 0.0, 807.968244525554], [0.0, 1260.8474446004698, 495.3344268742088], [0.0, 0.0, 1.0]], [[1256.7414812095406, 0.0, 792.1125740759628], [0.0, 1256.7414812095406, 492.7757465151356], [0.0, 0.0, 1.0]], [[809.2209905677063, 0.0, 829.2196003259838], [0.0, 809.2209905677063, 481.77842384512485], [0.0, 0.0, 1.0]], [[1259.5137405846733, 0.0, 807.2529053838625], [0.0, 1259.5137405846733, 501.19579884916527], [0.0, 0.0, 1.0]]], "extrinsics": [[[0.8204318881034851, -0.571743369102478, -0.0010360298911109567, -0.8233642578125], [-0.005478357896208763, -0.0060492586344480515, -0.9999666810035706, 1.5073232650756836], [0.5717180967330933, 0.8204102516174316, -0.008095218800008297, -1.1842041015625], [0.0, 0.0, 0.0, 1.0]], [[0.0052611869759857655, -0.9999359250068665, 0.010023489594459534, 0.0074462890625], [-0.010693613439798355, -0.010079314932227135, -0.999891996383667, 1.5190458297729492], [0.9999289512634277, 0.005153449717909098, -0.010745956562459469, -1.55145263671875], [0.0, 0.0, 0.0, 1.0]], [[-0.8331403136253357, -0.5530616641044617, 0.0001893009466584772, 0.9420166015625], [-0.00497077964246273, 0.007145793177187443, -0.9999620914459229, 1.50309157371521], [0.5530393123626709, -0.8331097364425659, -0.008702595718204975, -1.1871566772460938], [0.0, 0.0, 0.0, 1.0]], [[0.9477292895317078, 0.3190544843673706, -0.0036596222780644894, -1.14013671875], [0.003971346653997898, -0.02326362580060959, -0.9997214674949646, 1.5885710716247559], [-0.31905075907707214, 0.9474508166313171, -0.023314697667956352, -0.1046142578125], [0.0, 