[{"images": ["samples/CAM_FRONT_LEFT/n008-2018-09-18-15-26-58-0400__CAM_FRONT_LEFT__1537298881354799.jpg", "samples/CAM_FRONT/n008-2018-09-18-15-26-58-0400__CAM_FRONT__1537298881362404.jpg", "samples/CAM_FRONT_RIGHT/n008-2018-09-18-15-26-58-0400__CAM_FRONT_RIGHT__1537298881370482.jpg", "samples/CAM_BACK_LEFT/n008-2018-09-18-15-26-58-0400__CAM_BACK_LEFT__1537298881397405.jpg", "samples/CAM_BACK/n008-2018-09-18-15-26-58-0400__CAM_BACK__1537298881387558.jpg", "samples/CAM_BACK_RIGHT/n008-2018-09-18-15-26-58-0400__CAM_BACK_RIGHT__1537298881378113.jpg"], "intrinsics": [[[1257.8625342125129, 0.0, 827.2410631095686], [0.0, 1257.8625342125129, 450.915498205774], [0.0, 0.0, 1.0]], [[1252.8131021185304, 0.0, 826.588114781398], [0.0, 1252.8131021185304, 469.9846626224581], [0.0, 0.0, 1.0]], [[1256.7485116440405, 0.0, 817.7887570959712], [0.0, 1256.7485116440403, 451.9541780095127], [0.0, 0.0, 1.0]], [[1254.9860565800168, 0.0, 829.5769333630991], [0.0, 1254.9860565800168, 467.1680561863987], [0.0, 0.0, 1.0]], [[796.8910634503094, 0.0, 857.7774326863696], [0.0, 796.8910634503094, 476.8848988407415], [0.0, 0.0, 1.0]], [[1249.9629280788233, 0.0, 825.3768045375984], [0.0, 1249.9629280788233, 462.54816385708756], [0.0, 0.0, 1.0]]], "extrinsics": [[[0.822619616985321, -0.5684952735900879, -0.010500362142920494, -0.70068359375], [0.011711527593433857, 0.035404328256845474, -0.9993044137954712, 1.492382526397705], [0.5684716105461121, 0.8219244480133057, 0.03578224033117294, -1.12982177734375], [0.0, 0.0, 0.0, 1.0]], [[0.010485351085662842, -0.999459445476532, -0.031160101294517517, 0.013153076171875], [0.013623880222439766, 0.03130171447992325, -0.9994171857833862, 1.484175682067871], [0.9998522400856018, 0.010054757818579674, 0.013944726437330246, -1.4300537109375], [0.0, 0.0, 0.0, 1.0]], [[-0.8437773585319519, -0.5358392000198364, -0.030270308256149292, 0.8900146484375], [0.021494800224900246, 0.022616388276219368, -0.9995130896568298, 1.4981498718261719], [0.5362629294395447, -0.8440172076225281, -0.0075654396787285805, -1.145751953125], [0.0, 0.0, 0.0, 1.0]], [[0.9478334784507751, 0.31867483258247375, 0.007622199133038521, -1.1246337890625], [-0.00464234221726656, 0.03770884871482849, -0.9992780089378357, 1.5619373321533203], [-0.3187321722507477, 0.9471137523651123, 0.03722110763192177, -0.162841796875], [0.0, 0.0, 0.0, 1.0]], [[0.008943861350417137, 0.9995030164718628, 0.030227579176425934, -0.029510498046875], [-0.0021802617702633142, 0.030248207971453667, -0.9995400309562683, 1.5677928924560547], [-0.9999576807022095, 0.008873852901160717, 0.002449715044349432, -0.05712890625], [0.0, 0.0, 0.0, 1.0]], [[-0.9238120913505554, 0.3828452527523041, 0.0008438954828307033, 0.99462890625], [0.002216651104390621, 0.00755302095785737, -0.9999690055847168, 1.5481860637664795], [-0.3828396797180176, -0.9237816333770752, -0.00782620720565319, -0.109405517578125], [0.0, 0.0, 0.0, 1.0]]], "view": [[0.0, -2.0, 100.0], [-2.0, 0.0, 100.0], [0.0, 0.0, 1.0]], "bev": "bev_483d74c9f86d4c7eb0093afc38f1c0ae.png", "aux": "aux_483d74c9f86d4c7eb0093afc38f1c0ae.npz", "visibility": "visibility_483d74c9f86d4c7eb0093afc38f1c0ae.png", "pose": [[0.6563107371330261, -0.7544907331466675, 0.0, 1231.9993896484375], [0.7544907331466675, 0.6563107371330261, 0.0, 972.2000122070312], [0.0, 0.0, 1.0, 0.0], [0.0, 0.0, 0.0, 1.0]], "pose_inverse": [[0.6563107371330261, 0.7544907331466675, 0.0, -1542.09033203125], [-0.7544907331466675, 0.6563107371330261, 0.0, 291.466796875], [0.0, 0.0, 1.0, 0.0], [0.0, 0.0, 0.0, 1.0]], "cam_ids": [0, 1, 2, 3, 4, 5], "cam_channels": ["CAM_FRONT_LEFT", "CAM_FRONT", "CAM_FRONT_RIGHT", "CAM_BACK_LEFT", "CAM_BACK", "CAM_BACK_RIGHT"], "token": "483d74c9f86d4c7eb0093afc38f1c0ae", "scene": "scene-0805"}, {"images": ["samples/CAM_FRONT_LEFT/n008-2018-09-18-15-26-58-0400__CAM_FRONT_LEFT__1537298881854799.jpg", "samples/CAM_FRONT/n008-2018-09-18-15-26-58-0400__CAM_FRONT__1537298881862404.jpg", "samples/CAM_FRONT_RIGHT/n008-2018-09-18-15-26-58-0400__CAM_FRONT_RIGHT__1537298881870482.jpg", "samples/CAM_BACK_LEFT/n008-2018-09-18-15-26-58-0400__CAM_BACK_LEFT__1537298881897405.jpg", "samples/CAM_BACK/n008-2018-09-18-15-26-58-0400__CAM_BACK__1537298881887558.jpg", "samples/CAM_BACK_RIGHT/n008-2018-09-18-15-26-58-0400__CAM_BACK_RIGHT__1537298881878113.jpg"], "intrinsics": [[[1257.8625342125129, 0.0, 827.2410631095686], [0.0, 1257.8625342125129, 450.915498205774], [0.0, 0.0, 1.0]], [[1252.8131021185304, 0.0, 826.588114781398], [0.0, 1252.8131021185304, 469.9846626224581], [0.0, 0.0, 1.0]], [[1256.7485116440405, 0.0, 817.7887570959712], [0.0, 1256.7485116440403, 451.9541780095127], [0.0, 0.0, 1.0]], [[1254.9860565800168, 0.0, 829.5769333630991], [0.0, 1254.9860565800168, 467.1680561863987], [0.0, 0.0, 1.0]], [[796.8910634503094, 0.0, 857.7774326863696], [0.0, 796.8910634503094, 476.8848988407415], [0.0, 0.0, 1.0]], [[1249.9629280788233, 0.0, 825.3768045375984], [0.0, 1249.9629280788233, 462.54816385708756], [0.0, 0.0, 1.0]]], "extrinsics": [[[0.8224396109580994, -0.5687333941459656, -0.011636617593467236, -0.6964111328125], [0.00916119385510683, 0.033696018159389496, -0.9993901252746582, 1.4915008544921875], [0.5687786340713501, 0.821831464767456, 0.03292321786284447, -1.12701416015625], [0.0, 0.0, 0.0, 1.0]], [[0.0101569639518857, -0.9995110034942627, -0.029573243111371994, 0.013214111328125], [0.011053013615310192, 0.029685184359550476, -0.999498188495636, 1.4834184646606445], [0.9998873472213745, 0.009824972599744797, 0.011349120177328587, -1.427734375], [0.0, 0.0, 0.0, 1.0]], [[-0.8439671397209167, -0.5356942415237427, -0.027406977489590645, 0.890625], [0.01907912641763687, 0.0210824366658926, -0.9995956420898438, 1.49755859375], [0.5360553860664368, -0.8441488146781921, -0.00757230632007122, -1.1463623046875], [0.0, 0.0, 0.0, 1.0]], [[0.9478520750999451, 0.31866106390953064, 0.005619935225695372, -1.1260986328125], [-0.0063325027003884315, 0.03645993769168854, -0.9993150234222412, 1.5619144439697266], [-0.3186476528644562, 0.9471672773361206, 0.03657654672861099, -0.162353515625], [0.0, 0.0, 0.0, 1.0]], [[0.00912733655422926, 0.999542236328125, 0.02884521149098873, -0.029388427734375], [-0.004263102076947689, 0.028885047882795334, -0.9995735883712769, 1.5676002502441406], [-0.9999493360519409, 0.00900051649659872, 0.004524792544543743, -0.0538330078125], [0.0, 0.0, 0.0, 1.0]], [[-0.923732340335846, 0.38303160667419434, 0.002320608589798212, 0.9981689453125], [1.4632524653279688e-05, 0.0060937064699828625, -0.9999814629554749, 1.5477992296218872], [-0.3830385208129883, -0.9237151741981506, -0.005634557921439409, -0.108245849609375], [0.0, 0.0, 0.0, 1.0]]], "view": [[0.0, -2.0, 100.0], [-2.0, 0.0, 100.0], [0.0, 0.0, 1.0]], "bev": "bev_0902ef1bc0464b1b84c8445274f51434.png", "aux": "aux_0902ef1bc0464b1b84c8445274f51434.npz", "visibility": "visibility_0902ef1bc0464b1b84c8445274f51434.png", "pose": [[0.6527580618858337, -0.7575664520263672, 0.0, 1234.7193603515625], [0.7575664520263672, 0.6527580618858337, 0.0, 975.2584838867188], [0.0, 0.0, 1.0, 0.0], [0.0, 0.0, 0.0, 1.0]], "pose_inverse": [[0.6527580618858337, 0.7575664520263672, 0.0, -1544.796142578125], [-0.7575664520263672, 0.6527580618858337, 0.0, 298.7741394042969], [0.0, 0.0, 1.0, 0.0], [0.0, 0.0, 0.0, 1.0]], "cam_ids": [0, 1, 2, 3, 4, 5], "cam_channels": ["CAM_FRONT_LEFT", "CAM_FRONT", "CAM_FRONT_RIGHT", "CAM_BACK_LEFT", "CAM_BACK", "CAM_BACK_RIGHT"], "token": "0902ef1bc0464b1b84c8445274f51434", "scene": "scene-0805"}, {"images": ["samples/CAM_FRONT_LEFT/n008-2018-09-18-15-26-58-0400__CAM_FRONT_LEFT__1537298882354799.jpg", "samples/CAM_FRONT/n008-2018-09-18-15-26-58-0400__CAM_FRONT__1537298882362404.jpg", "samples/CAM_FRONT_RIGHT/n008-2018-09-18-15-26-58-0400__CAM_FRONT_RIGHT__1537298882370482.jpg", "samples/CAM_BACK_LEFT/n008-2018-09-18-15-26-58-0400__CAM_BACK_LEFT__1537298882397405.jpg", "samples/CAM_BACK/n008-2018-09-18-15-26-58-0400__CAM_BACK__1537298882387558.jpg", "samples/CAM_BACK_RIGHT/n008-2018-09-18-15-26-58-0400__CAM_BACK_RIGHT__1537298882378113.jpg"], "intrinsics": [[[1257.8625342125129, 0.0, 827.2410631095686], [0.0, 1257.8625342125129, 450.915498205774], [0.0, 0.0, 1.0]], [[1252.8131021185304, 0.0, 826.588114781398], [0.0, 1252.8131021185304, 469.9846626224581], [0.0, 0.0, 1.0]], [[1256.7485116440405, 0.0, 817.7887570959712], [0.0, 1256.7485116440403, 451.9541780095127], [0.0, 0.0, 1.0]], [[1254.9860565800168, 0.0, 829.5769333630991], [0.0, 1254.9860565800168, 467.1680561863987], [0.0, 0.0, 1.0]], [[796.8910634503094, 0.0, 857.7774326863696], [0.0, 796.8910634503094, 476.8848988407415], [0.0, 0.0, 1.0]], [[1249.9629280788233, 0.0, 825.3768045375984], [0.0, 1249.9629280788233, 462.54816385708756], [0.0, 0.0, 1.0]]], "extrinsics": [[[0.8224645256996155, -0.568733274936676, -0.009734400548040867, -0.690185546875], [0.014223715290427208, 0.03767145425081253, -0.9991889595985413, 1.4935836791992188], [0.5686386227607727, 0.8216589093208313, 0.039072927087545395, -1.1197509765625], [0.0, 0.0, 0.0, 1.0]], [[0.010254817083477974, -0.999387800693512, -0.033450495451688766, 0.01141357421875], [0.016151390969753265, 0.03361343592405319, -0.9993044137954712, 1.4851875305175781], [0.9998169541358948, 0.00970736425369978, 0.01648620143532753, -1.4180908203125], [0.0, 0.0, 0.0, 1.0]], [[-0.8438547849655151, -0.5355119109153748, -0.03370676934719086, 0.8817138671875], [0.02408463880419731, 0.024952873587608337, -0.999398410320282, 1.4990177154541016], [0.5360308289527893, -0.8441590666770935, -0.008158992975950241, -1.142333984375], [0.0, 0.0, 0.0, 1.0]], [[0.9478183388710022, 0.318604052066803, 0.011485142633318901, -1.121826171875], [-0.0013842188054695725, 0.04013717174530029, -0.9991931915283203, 1.5620203018188477], [-0.318807989358902, 0.9470377564430237, 0.03848376125097275, -0.16314697265625], [0.0, 0.0, 0.0, 1.0]], [[0.009037144482135773, 0.9994263648986816, 0.032637640833854675, -0.028594970703125], [0.0008271876140497625, 0.032631490379571915, -0.9994670748710632, 1.568124771118164], [-0.999958872795105, 0.009059359319508076, -0.0005318184266798198, -0.0615234375], [0.0, 0.0, 0.0, 1.0]], [[-0.9237024188041687, 0.38311004638671875, -0.0007886174716986716, 0.9891357421875], [0.0049635060131549835, 0.009908991865813732, -0.9999385476112366, 1.5487136840820312], [-0.38307860493659973, -0.9236496090888977, -0.011054528877139091, -0.11309814453125], [0.0, 0.0, 0.0, 1.0]]], "view": [[0.0, -2.0, 100.0], [-2.0, 0.0, 100.0], [0.0, 0.0, 1.0]], "bev": "bev_607f3b1056974ee9b575b76ee27b519d.png", "aux": "aux_607f3b1056974ee9b575b76ee27b519d.npz", "visibility": "visibility_607f3b1056974ee9b575b76ee27b519d.png", "pose": [[0.6511390805244446, -0.7589584589004517, 0.0, 1237.439208984375], [0.7589584589004517, 0.6511390805244446, 0.0, 978.3577880859375], [0.0, 0.0, 1.0, 0.0], [0.0, 0.0, 0.0, 1.0]], "pose_inverse": [[0.6511390805244446, 0.7589584589004517, 0.0, -1548.2779541015625], [-0.7589584589004517, 0.6511390805244446, 0.0, 302.1179504394531], [0.0, 0.0, 1.0, 0.0], [0.0, 0.0, 0.0, 1.0]], "cam_ids": [0, 1, 2, 3, 4, 5], "cam_channels": ["CAM_FRONT_LEFT", "CAM_FRONT", "CAM_FRONT_RIGHT", "CAM_BACK_LEFT", "CAM_BACK", "CAM_BACK_RIGHT"], "token": "607f3b1056974ee9b575b76ee27b519d", "scene": "scene-0805"}, {"images": ["samples/CAM_FRONT_LEFT/n008-2018-09-18-15-26-58-0400__CAM_FRONT_LEFT__1537298882854799.jpg", "samples/CAM_FRONT/n008-2018-09-18-15-26-58-0400__CAM_FRONT__1537298882862404.jpg", "samples/CAM_FRONT_RIGHT/n008-2018-09-18-15-26-58-0400__CAM_FRONT_RIGHT__1537298882870482.jpg", "samples/CAM_BACK_LEFT/n008-2018-09-18-15-26-58-0400__CAM_BACK_LEFT__1537298882897405.jpg", "samples/CAM_BACK/n008-2018-09-18-15-26-58-0400__CAM_BACK__1537298882887558.jpg", "samples/CAM_BACK_RIGHT/n008-2018-09-18-15-26-58-0400__CAM_BACK_RIGHT__1537298882878113.jpg"], "intrinsics": [[[1257.8625342125129, 0.0, 827.2410631095686], [0.0, 1257.8625342125129, 450.915498205774], [0.0, 0.0, 1.0]], [[1252.8131021185304, 0.0, 826.588114781398], [0.0, 1252.8131021185304, 469.9846626224581], [0.0, 0.0, 1.0]], [[1256.7485116440405, 0.0, 817.7887570959712], [0.0, 1256.7485116440403, 451.9541780095127], [0.0, 0.0, 1.0]], [[1254.9860565800168, 0.0, 829.5769333630991], [0.0, 1254.9860565800168, 467.1680561863987], [0.0, 0.0, 1.0]], [[796.8910634503094, 0.0, 857.7774326863696], [0.0, 796.8910634503094, 476.8848988407415], [0.0, 0.0, 1.0]], [[1249.9629280788233, 0.0, 825.3768045375984], [0.0, 1249.9629280788233, 462.54816385708756], [0.0, 0.0, 1.0]]], "extrinsics": [[[0.8226407766342163, -0.5685297846794128, -0.00599551759660244, -0.68994140625], [0.018066246062517166, 0.036678001284599304, -0.999163806438446, 1.4951095581054688], [0.5682743191719055, 0.8218446373939514, 0.0404440201818943, -1.11822509765625], [0.0, 0.0, 0.0, 1.0]], [[0.010675004683434963, -0.9994179010391235, -0.03240332007408142, 0.010772705078125], [0.01995973475277424, 0.03261168301105499, -0.9992687702178955, 1.4864273071289062], [0.9997437000274658, 0.010020467452704906, 0.02029624581336975, -1.4178466796875], [0.0, 0.0, 0.0, 1.0]], [[-0.8435538411140442, -0.5358091592788696, -0.03640681505203247, 0.8818359375], [0.02789529785513878, 0.02398425154387951, -0.9993230700492859, 1.4999580383300781], [0.5363196730613708, -0.843998372554779, -0.005285452585667372, -1.1427001953125], [0.0, 0.0, 0.0, 1.0]], [[0.9477695226669312, 0.31861284375190735, 0.014793015085160732, -1.122802734375], [0.0023307115770876408, 0.039460040628910065, -0.9992184638977051, 1.5620861053466797], [-0.31894752383232117, 0.9470632076263428, 0.03665643185377121, -0.1634521484375], [0.0, 0.0, 0.0, 1.0]], [[0.008723734878003597, 0.9994545578956604, 0.031851645559072495, -0.029052734375], [0.00451676594093442, 0.03181314840912819, -0.999483585357666, 1.568502426147461], [-0.9999517798423767, 0.008863181807100773, -0.00423677172511816, -0.0601806640625], [0.0, 0.0, 0.0, 1.0]], [[-0.9238178730010986, 0.38280415534973145, -0.004634308163076639, 0.9901123046875], [0.008744385093450546, 0.008997486904263496, -0.9999212622642517, 1.5494070053100586], [-0.3827323019504547, -0.9237857460975647, -0.011659425683319569, -0.112518310546875], [0.0, 0.0, 0.0, 1.0]]], "view": [[0.0, -2.0, 100.0], [-2.0, 0.0, 100.0], [0.0, 0.0, 1.0]], "bev": "bev_852480daf3f6478898971fb8a79a3fab.png", "aux": "aux_852480daf3f6478898971fb8a79a3fab.npz", "visibility": "visibility_852480daf3f6478898971fb8a79a3fab.png", "pose": [[0.65333491563797, -0.7570689916610718, 0.0, 1240.16943359375], [0.7570689916610718, 0.65333491563797, 0.0, 981.47705078125], [0.0, 0.0, 1.0, 0.0], [0.0, 0.0, 0.0, 1.0]], "pose_inverse": [[0.65333491563797, 0.7570689916610718, 0.0, -1553.2918701171875], [-0.7570689916610718, 0.65333491563797, 0.0, 297.66058349609375], [0.0, 0.0, 1.0, 0.0], [0.0, 0.0, 0.0, 1.0]], "cam_ids": [0, 1, 2, 3, 4, 5], "cam_channels": ["CAM_FRONT_LEFT", "CAM_FRONT", "CAM_FRONT_RIGHT", "CAM_BACK_LEFT", "CAM_BACK", "CAM_BACK_RIGHT"], "token": "852480daf3f6478898971fb8a79a3fab", "scene": "scene-0805"}, {"images": ["samples/CAM_FRONT_LEFT/n008-2018-09-18-15-26-58-0400__CAM_FRONT_LEFT__1537298883354799.jpg", "samples/CAM_FRONT/n008-2018-09-18-15-26-58-0400__CAM_FRONT__1537298883362404.jpg", "samples/CAM_FRONT_RIGHT/n008-2018-09-18-15-26-58-0400__CAM_FRONT_RIGHT__1537298883370482.jpg", "samples/CAM_BACK_LEFT/n008-2018-09-18-15-26-58-0400__CAM_BACK_LEFT__1537298883397405.jpg", "samples/CAM_BACK/n008-2018-09-18-15-26-58-0400__CAM_BACK__1537298883387558.jpg", "samples/CAM_BACK_RIGHT/n008-2018-09-18-15-26-58-0400__CAM_BACK_RIGHT__1537298883378113.jpg"], "intrinsics": [[[1257.8625342125129, 0.0, 827.2410631095686], [0.0, 1257.8625342125129, 450.915498205774], [0.0, 0.0, 1.0]], [[1252.8131021185304, 0.0, 826.588114781398], [0.0, 1252.8131021185304, 469.9846626224581], [0.0, 0.0, 1.0]], [[1256.7485116440405, 0.0, 817.7887570959712], [0.0, 1256.7485116440403, 451.9541780095127], [0.0, 0.0, 1.0]], [[1254.9860565800168, 0.0, 829.5769333630991], [0.0, 1254.9860565800168, 467.1680561863987], [0.0, 0.0, 1.0]], [[796.8910634503094, 0.0, 857.7774326863696], [0.0, 796.8910634503094, 476.8848988407415], [0.0, 0.0, 1.0]], [[1249.9629280788233, 0.0, 825.3768045375984], [0.0, 1249.9629280788233, 462.54816385708756], [0.0, 0.0, 1.0]]], "extrinsics": [[[0.8228680491447449, -0.568161129951477, -0.009010295383632183, -0.68359375], [0.014818665571510792, 0.037307798862457275, -0.9991939663887024, 1.4938745498657227], [0.5680392384529114, 0.8220711946487427, 0.03911878541111946, -1.11676025390625], [0.0, 0.0, 0.0, 1.0]], [[0.010891309939324856, -0.9993959069252014, -0.0330023355782032, 0.012451171875], [0.01674715057015419, 0.03318197280168533, -0.9993090629577637, 1.4854507446289062], [0.999800443649292, 0.010331095196306705, 0.017098428681492805, -1.4122314453125], [0.0, 0.0, 0.0, 1.0]], [[-0.8435356020927429, -0.5359922051429749, -0.03405829146504402, 0.8778076171875], [0.024781161919236183, 0.02450372464954853, -0.9993925094604492, 1.499298095703125], [0.5365011692047119, -0.8438672423362732, -0.007387257181107998, -1.13916015625], [0.0, 0.0, 0.0, 1.0]], [[0.947790265083313, 0.3186706006526947, 0.01194348931312561, -1.119384765625], [-0.0007585248094983399, 0.039705537259578705, -0.9992111325263977, 1.5620136260986328], [-0.3188934922218323, 0.9470334649085999, 0.0378742441534996, -0.16448974609375], [0.0, 0.0, 0.0, 1.0]], [[0.0087135536596179, 0.9994432330131531, 0.032207272946834564, -0.0291748046875], [0.001370973070152104, 0.0321965254843235, -0.9994805455207825, 1.568171501159668], [-0.9999611377716064, 0.008753176778554916, -0.0010896635940298438, -0.0648193359375], [0.0, 0.0, 0.0, 1.0]], [[-0.9238885641098022, 0.38265764713287354, -0.001687056035734713, 0.9849853515625], [0.005744734779000282, 0.009461567737162113, -0.9999387264251709, 1.5488801002502441], [-0.382618248462677, -0.923841655254364, -0.010939701460301876, -0.1141357421875], [0.0, 0.0, 0.0, 1.0]]], "view": [[0.0, -2.0, 100.0], [-2.0, 0.0, 100.0], [0.0, 0.0, 1.0]], "bev": "bev_46dbb9e13d3545ecb3376ad8ab13ac93.png", "aux": "aux_46dbb9e13d3545ecb3376ad8ab13ac93.npz", "visibility": "visibility_46dbb9e13d3545ecb3376ad8ab13ac93.png", "pose": [[0.65623939037323, -0.7545527219772339, 0.0, 1242.970703125], [0.7545527219772339, 0.65623939037323, 0.0, 984.67431640625], [0.0, 0.0, 1.0, 0.0], [0.0, 0.0, 0.0, 1.0]], "pose_inverse": [[0.65623939037323, 0.7545527219772339, 0.0, -1558.675048828125], [-0.7545527219772339, 0.65623939037323, 0.0, 291.7048645019531], [0.0, 0.0, 1.0, 0.0], [0.0, 0.0, 0.0, 1.0]], "cam_ids": [0, 1, 2, 3, 4, 5], "cam_channels": ["CAM_FRONT_LEFT", "CAM_FRONT", "CAM_FRONT_RIGHT", "CAM_BACK_LEFT", "CAM_BACK", "CAM_BACK_RIGHT"], "token": "46dbb9e13d3545ecb3376ad8ab13ac93", "scene": "scene-0805"}, {"images": ["samples/CAM_FRONT_LEFT/n008-2018-09-18-15-26-58-0400__CAM_FRONT_LEFT__1537298883854799.jpg", "samples/CAM_FRONT/n008-2018-09-18-15-26-58-0400__CAM_FRONT__1537298883862404.jpg", "samples/CAM_FRONT_RIGHT/n008-2018-09-18-15-26-58-0400__CAM_FRONT_RIGHT__1537298883870482.jpg", "samples/CAM_BACK_LEFT/n008-2018-09-18-15-26-58-0400__CAM_BACK_LEFT__1537298883897405.jpg", "samples/CAM_BACK/n008-2018-09-18-15-26-58-0400__CAM_BACK__1537298883887558.jpg", "samples/CAM_BACK_RIGHT/n008-2018-09-18-15-26-58-0400__CAM_BACK_RIGHT__1537298883878113.jpg"], "intrinsics": [[[1257.8625342125129, 0.0, 827.2410631095686], [0.0, 1257.8625342125129, 450.915498205774], [0.0, 0.0, 1.0]], [[1252.8131021185304, 0.0, 826.588114781398], [0.0, 1252.8131021185304, 469.9846626224581], [0.0, 0.0, 1.0]], [[1256.7485116440405, 0.0, 817.7887570959712], [0.0, 1256.7485116440403, 451.9541780095127], [0.0, 0.0, 1.0]], [[1254.9860565800168, 0.0, 829.5769333630991], [0.0, 1254.9860565800168, 467.1680561863987], [0.0, 0.0, 1.0]], [[796.8910634503094, 0.0, 857.7774326863696], [0.0, 796.8910634503094, 476.8848988407415], [0.0, 0.0, 1.0]], [[1249.9629280788233, 0.0, 825.3768045375984], [0.0, 1249.9629280788233, 462.54816385708756], [0.0, 0.0, 1.0]]], "extrinsics": [[[0.8228037357330322, -0.5682001709938049, -0.01193816028535366, -0.6827392578125], [0.012346578761935234, 0.03887193277478218, -0.9991679191589355, 1.4928884506225586], [0.568191409111023, 0.8219717741012573, 0.03899930417537689, -1.116943359375], [0.0, 0.0, 0.0, 1.0]], [[0.01065918430685997, -0.9993442296981812, -0.03460387885570526, 0.0130615234375], [0.014336986467242241, 0.034755025058984756, -0.9992930293083191, 1.4846715927124023], [0.9998403787612915, 0.01015552319586277, 0.014698044396936893, -1.410400390625], [0.0, 0.0, 0.0, 1.0]], [[-0.8437492847442627, -0.5357250571250916, -0.032950982451438904, 0.87548828125], [0.022478049620985985, 0.026068629696965218, -0.9994074106216431, 1.4987659454345703], [0.5362666249275208, -0.8439900279045105, -0.009953334927558899, -1.136962890625], [0.0, 0.0, 0.0, 1.0]], [[0.9478183388710022, 0.31863340735435486, 0.010642632842063904, -1.1158447265625], [-0.0026816583704203367, 0.0413491390645504, -0.9991411566734314, 1.56195068359375], [-0.318799763917923, 0.9469757676124573, 0.04004593566060066, -0.16583251953125], [0.0, 0.0, 0.0, 1.0]], [[0.0090141911059618, 0.999389111995697, 0.03376586362719536, -0.02911376953125], [-0.0006653288146480918, 0.03377322107553482, -0.9994292855262756, 1.5679378509521484], [-0.9999592304229736, 0.008986526168882847, 0.0009693584870547056, -0.0692138671875], [0.0, 0.0, 0.0, 1.0]], [[-0.9237546324729919, 0.38298362493515015, 0.0009367215679958463, 0.9814453125], [0.0035562217235565186, 0.01102327648550272, -0.9999329447746277, 1.5484743118286133], [-0.3829682469367981, -0.9236893057823181, -0.01154477521777153, -0.11553955078125], [0.0, 0.0, 0.0, 1.0]]], "view": [[0.0, -2.0, 100.0], [-2.0, 0.0, 100.0], [0.0, 0.0, 1.0]], "bev": "bev_657f5524e52844498afe5a02bc6078d5.png", "aux": "aux_657f5524e52844498afe5a02bc6078d5.npz", "visibility": "visibility_657f5524e52844498afe5a02bc6078d5.png", "pose": [[0.6588540077209473, -0.7522708177566528, 0.0, 1245.7808837890625], [0.7522708177566528, 0.6588540077209473, 0.0, 987.8243408203125], [0.0, 0.0, 1.0, 0.0], [0.0, 0.0, 0.0, 1.0]], "pose_inverse": [[0.6588540077209473, 0.7522708177566528, 0.0, -1563.899169921875], [-0.7522708177566528, 0.6588540077209473, 0.0, 286.33258056640625], [0.0, 0.0, 1.0, 0.0], [0.0, 0.0, 0.0, 1.0]], "cam_ids": [0, 1, 2, 3, 4, 5], "cam_channels": ["CAM_FRONT_LEFT", "CAM_FRONT", "CAM_FRONT_RIGHT", "CAM_BACK_LEFT", "CAM_BACK", "CAM_BACK_RIGHT"], "token": "657f5524e52844498afe5a02bc6078d5", "scene": "scene-0805"}, {"images": ["samples/CAM_FRONT_LEFT/n008-2018-09-18-15-26-58-0400__CAM_FRONT_LEFT__1537298884404799.jpg", "samples/CAM_FRONT/n008-2018-09-18-15-26-58-0400__CAM_FRONT__1537298884412404.jpg", "samples/CAM_FRONT_RIGHT/n008-2018-09-18-15-26-58-0400__CAM_FRONT_RIGHT__1537298884420482.jpg", "samples/CAM_BACK_LEFT/n008-2018-09-18-15-26-58-0400__CAM_BACK_LEFT__1537298884447405.jpg", "samples/CAM_BACK/n008-2018-09-18-15-26-58-0400__CAM_BACK__1537298884437558.jpg", "samples/CAM_BACK_RIGHT/n008-2018-09-18-15-26-58-0400__CAM_BACK_RIGHT__1537298884428113.jpg"], "intrinsics": [[[1257.8625342125129, 0.0, 827.2410631095686], [0.0, 1257.8625342125129, 450.915498205774], [0.0, 0.0, 1.0]], [[1252.8131021185304, 0.0, 826.588114781398], [0.0, 1252.8131021185304, 469.9846626224581], [0.0, 0.0, 1.0]], [[1256.7485116440405, 0.0, 817.7887570959712], [0.0, 1256.7485116440403, 451.9541780095127], [0.0, 0.0, 1.0]], [[1254.9860565800168, 0.0, 829.5769333630991], [0.0, 1254.9860565800168, 467.1680561863987], [0.0, 0.0, 1.0]], [[796.8910634503094, 0.0, 857.7774326863696], [0.0, 796.8910634503094, 476.8848988407415], [0.0, 0.0, 1.0]], [[1249.9629280788233, 0.0, 825.3768045375984], [0.0, 1249.9629280788233, 462.54816385708756], [0.0, 0.0, 1.0]]], "extrinsics": [[[0.8218548893928528, -0.5696073770523071, -0.010100798681378365, -0.6949462890625], [0.01288097258657217, 0.03630499914288521, -0.9992576837539673, 1.4930782318115234], [0.5695512294769287, 0.821114718914032, 0.037174537777900696, -1.1204833984375], [0.0, 0.0, 0.0, 1.0]], [[0.009362253360450268, -0.9994449019432068, -0.03197043389081955, 0.009613037109375], [0.01485290378332138, 0.03210730105638504, -0.9993740916252136, 1.4847774505615234], [0.9998458027839661, 0.008881512098014355, 0.01514525804668665, -1.4215087890625], [0.0, 0.0, 0.0, 1.0]], [[-0.8442389965057373, -0.5350212454795837, -0.031821735203266144, 0.8826904296875], [0.02289326675236225, 0.02332121692597866, -0.9994658827781677, 1.4987010955810547], [0.5354776978492737, -0.8445166349411011, -0.007440297864377499, -1.14453125], [0.0, 0.0, 0.0, 1.0]], [[0.9479198455810547, 0.31834501028060913, 0.010214206762611866, -1.11767578125], [-0.002068846020847559, 0.03822211176156998, -0.9992671012878418, 1.5619964599609375], [-0.31850215792655945, 0.947204053401947, 0.03689010813832283, -0.1646728515625], [0.0, 0.0, 0.0, 1.0]], [[0.00935638789087534, 0.9994818568229675, 0.030794719234108925, -0.028289794921875], [-0.00010684083827072755, 0.030797066166996956, -0.9995256066322327, 1.5680370330810547], [-0.9999562501907349, 0.009348616935312748, 0.0003949339152313769, -0.0623779296875], [0.0, 0.0, 0.0, 1.0]], [[-0.9235164523124695, 0.383558452129364, -0.0004757567076012492, 0.9901123046875], [0.0039138030260801315, 0.008183171041309834, -0.9999588131904602, 1.5485265254974365], [-0.38353875279426575, -0.9234803318977356, -0.009058467112481594, -0.11370849609375], [0.0, 0.0, 0.0, 1.0]]], "view": [[0.0, -2.0, 100.0], [-2.0, 0.0, 100.0], [0.0, 0.0, 1.0]], "bev": "bev_eb46434eb3234957b3b4a23914c1920a.png", "aux": "aux_eb46434eb3234957b3b4a23914c1920a.npz", "visibility": "visibility_eb46434eb3234957b3b4a23914c1920a.png", "pose": [[0.6569530963897705, -0.7539314031600952, 0.0, 1248.8106689453125], [0.7539314031600952, 0.6569530963897705, 0.0, 991.22998046875], [0.0, 0.0, 1.0, 0.0], [0.0, 0.0, 0.0, 1.0]], "pose_inverse": [[0.6569530963897705, 0.7539314031600952, 0.0, -1567.7294921875], [-0.7539314031600952, 0.6569530963897705, 0.0, 290.32598876953125], [0.0, 0.0, 1.0, 0.0], [0.0, 0.0, 0.0, 1.0]], "cam_ids": [0, 1, 2, 3, 4, 5], "cam_channels": ["CAM_FRONT_LEFT", "CAM_FRONT", "CAM_FRONT_RIGHT", "CAM_BACK_LEFT", "CAM_BACK", "CAM_BACK_RIGHT"], "token": "eb46434eb3234957b3b4a23914c1920a", "scene": "scene-0805"}, {"images": ["samples/CAM_FRONT_LEFT/n008-2018-09-18-15-26-58-0400__CAM_FRONT_LEFT__1537298884904801.jpg", "samples/CAM_FRONT/n008-2018-09-18-15-26-58-0400__CAM_FRONT__1537298884912404.jpg", "samples/CAM_FRONT_RIGHT/n008-2018-09-18-15-26-58-0400__CAM_FRONT_RIGHT__1537298884920482.jpg", "samples/CAM_BACK_LEFT/n008-2018-09-18-15-26-58-0400__CAM_BACK_LEFT__1537298884947405.jpg", "samples/CAM_BACK/n008-2018-09-18-15-26-58-0400__CAM_BACK__1537298884937558.jpg", "samples/CAM_BACK_RIGHT/n008-2018-09-18-15-26-58-0400__CAM_BACK_RIGHT__1537298884928113.jpg"], "intrinsics": [[[1257.8625342125129, 0.0, 827.2410631095686], [0.0, 1257.8625342125129, 450.915498205774], [0.0, 0.0, 1.0]], [[1252.8131021185304, 0.0, 826.588114781398], [0.0, 1252.8131021185304, 469.9846626224581], [0.0, 0.0, 1.0]], [[1256.7485116440405, 0.0, 817.7887570959712], [0.0, 1256.7485116440403, 451.9541780095127], [0.0, 0.0, 1.0]], [[1254.9860565800168, 0.0, 829.5769333630991], [0.0, 1254.9860565800168, 467.1680561863987], [0.0, 0.0, 1.0]], [[796.8910634503094, 0.0, 857.7774326863696], [0.0, 796.8910634503094, 476.8848988407415], [0.0, 0.0, 1.0]], [[1249.9629280788233, 0.0, 825.3768045375984], [0.0, 1249.9629280788233, 462.54816385708756], [0.0, 0.0, 1.0]]], "extrinsics": [[[0.8226870894432068, -0.5684651136398315, -0.005784145090728998, -0.7130126953125], [0.01668897271156311, 0.03432001918554306, -0.9992715120315552, 1.4941024780273438], [0.568249523639679, 0.8219912648200989, 0.03772173449397087, -1.13470458984375], [0.0, 0.0, 0.0, 1.0]], [[0.010615742765367031, -0.9994953870773315, -0.02993779256939888, 0.010498046875], [0.01873745769262314, 0.03013305738568306, -0.999370276927948, 1.4856204986572266], [0.999768078327179, 0.010048022493720055, 0.01904788427054882, -1.440673828125], [0.0, 0.0, 0.0, 1.0]], [[-0.8436582684516907, -0.5357953906059265, -0.034117668867111206, 0.89599609375], [0.02684851363301277, 0.021363766863942146, -0.9994111657142639, 1.4992561340332031], [0.5362088680267334, -0.8440775871276855, -0.0036384069826453924, -1.1519775390625], [0.0, 0.0, 0.0, 1.0]], [[0.9477843046188354, 0.31865063309669495, 0.0129127511754632, -1.120361328125], [0.001403425238095224, 0.036322131752967834, -0.9993391036987305, 1.5620746612548828], [-0.3189091086387634, 0.9471759796142578, 0.03397834300994873, -0.1640625], [0.0, 0.0, 0.0, 1.0]], [[0.008921710774302483, 0.9995434284210205, 0.028868474066257477, -0.02862548828125], [0.0036037657409906387, 0.0288372952491045, -0.9995775818824768, 1.56840181350708], [-0.9999536871910095, 0.009022020734846592, -0.0033448413014411926, -0.05517578125], [0.0, 0.0, 0.0, 1.0]], [[-0.9237396121025085, 0.3829905092716217, -0.004832099657505751, 1.000732421875], [0.007810291368514299, 0.006221607327461243, -0.999950110912323, 1.5491523742675781], [-0.38294124603271484, -0.9237313270568848, -0.008738410659134388, -0.108734130859375], [0.0, 0.0, 0.0, 1.0]]], "view": [[0.0, -2.0, 100.0], [-2.0, 0.0, 100.0], [0.0, 0.0, 1.0]], "bev": "bev_b130135a6d564c6ba92996c22d1c2c2c.png", "aux": "aux_b130135a6d564c6ba92996c22d1c2c2c.npz", "visibility": "visibility_b130135a6d564c6ba92996c22d1c2c2c.png", "pose": [[0.6577082276344299, -0.7532727718353271, 0.0, 1251.4649658203125], [0.7532727718353271, 0.6577082276344299, 0.0, 994.2238159179688], [0.0, 0.0, 1.0, 0.0], [0.0, 0.0, 0.0, 1.0]], "pose_inverse": [[0.6577082276344299, 0.7532727718353271, 0.0, -1572.0205078125], [-0.7532727718353271, 0.6577082276344299, 0.0, 288.7853088378906], [0.0, 0.0, 1.0, 0.0], [0.0, 0.0, 0.0, 1.0]], "cam_ids": [0, 1, 2, 3, 4, 5], "cam_channels": ["CAM_FRONT_LEFT", "CAM_FRONT", "CAM_FRONT_RIGHT", "CAM_BACK_LEFT", "CAM_BACK", "CAM_BACK_RIGHT"], "token": "b130135a6d564c6ba92996c22d1c2c2c", "scene": "scene-0805"}, {"images": ["samples/CAM_FRONT_LEFT/n008-2018-09-18-15-26-58-0400__CAM_FRONT_LEFT__1537298885404799.jpg", "samples/CAM_FRONT/n008-2018-09-18-15-26-58-0400__CAM_FRONT__1537298885412404.jpg", "samples/CAM_FRONT_RIGHT/n008-2018-09-18-15-26-58-0400__CAM_FRONT_RIGHT__1537298885420482.jpg", "samples/CAM_BACK_LEFT/n008-2018-09-18-15-26-58-0400__CAM_BACK_LEFT__1537298885447405.jpg", "samples/CAM_BACK/n008-2018-09-18-15-26-58-0400__CAM_BACK__1537298885437558.jpg", "samples/CAM_BACK_RIGHT/n008-2018-09-18-15-26-58-0400__CAM_BACK_RIGHT__1537298885428113.jpg"], "intrinsics": [[[1257.8625342125129, 0.0, 827.2410631095686], [0.0, 1257.8625342125129, 450.915498205774], [0.0, 0.0, 1.0]], [[1252.8131021185304, 0.0, 826.588114781398], [0.0, 1252.8131021185304, 469.9846626224581], [0.0, 0.0, 1.0]], [[1256.7485116440405, 0.0, 817.7887570959712], [0.0, 1256.7485116440403, 451.9541780095127], [0.0, 0.0, 1.0]], [[1254.9860565800168, 0.0, 829.5769333630991], [0.0, 1254.9860565800168, 467.1680561863987], [0.0, 0.0, 1.0]], [[796.8910634503094, 0.0, 857.7774326863696], [0.0, 796.8910634503094, 476.8848988407415], [0.0, 0.0, 1.0]], [[1249.9629280788233, 0.0, 825.3768045375984], [0.0, 1249.9629280788233, 462.54816385708756], [0.0, 0.0, 1.0]]], "extrinsics": [[[0.8225855827331543, -0.5686131119728088, -0.00566600589081645, -0.7294921875], [0.015077251009643078, 0.03176998347043991, -0.9993814826011658, 1.493241310119629], [0.5684415102005005, 0.8219913244247437, 0.03470665588974953, -1.1458740234375], [0.0, 0.0, 0.0, 1.0]], [[0.010439454577863216, -0.9995683431625366, -0.027463391423225403, 0.01025390625], [0.017041968181729317, 0.02763875015079975, -0.9994726777076721, 1.4848480224609375], [0.9998003244400024, 0.009965901263058186, 0.017323143780231476, -1.4566650390625], [0.0, 0.0, 0.0, 1.0]], [[-0.8437650799751282, -0.5357983112335205, -0.031313519924879074, 0.9063720703125], [0.02507362700998783, 0.01892841048538685, -0.9995063543319702, 1.4985389709472656], [0.5361266136169434, -0.8441338539123535, -0.0025367250200361013, -1.1588134765625], [0.0, 0.0, 0.0, 1.0]], [[0.9478282332420349, 0.31860700249671936, 0.010548384860157967, -1.1236572265625], [-0.0003683977702166885, 0.034184422343969345, -0.9994154572486877, 1.5620288848876953], [-0.318781316280365, 0.9472703337669373, 0.032518334686756134, -0.16290283203125], [0.0, 0.0, 0.0, 1.0]], [[0.009015076793730259, 0.9996053576469421, 0.02660507522523403, -0.028533935546875], [0.0017996188253164291, 0.0265898946672678, -0.9996447563171387, 1.5682134628295898], [-0.9999578595161438, 0.009059743024408817, -0.0015592004638165236, -0.049560546875], [0.0, 0.0, 0.0, 1.0]], [[-0.9237210750579834, 0.38304415345191956, -0.004080226644873619, 1.009521484375], [0.006017047446221113, 0.0038584277499467134, -0.9999744296073914, 1.548790454864502], [-0.3830186128616333, -0.923721969127655, -0.005868903826922178, -0.105133056640625], [0.0, 0.0, 0.0, 1.0]]], "view": [[0.0, -2.0, 100.0], [-2.0, 0.0, 100.0], [0.0, 0.0, 1.0]], "bev": "bev_caa57a7dbb3a40b5bc1ea00b2e0ce6d6.png", "aux": "aux_caa57a7dbb3a40b5bc1ea00b2e0ce6d6.npz", "visibility": "visibility_caa57a7dbb3a40b5bc1ea00b2e0ce6d6.png", "pose": [[0.6567431688308716, -0.7541143298149109, 0.0, 1253.929931640625], [0.7541143298149109, 0.6567431688308716, 0.0, 997.0042724609375], [0.0, 0.0, 1.0, 0.0], [0.0, 0.0, 0.0, 1.0]], "pose_inverse": [[0.6567431688308716, 0.7541143298149109, 0.0, -1575.3651123046875], [-0.7541143298149109, 0.6567431688308716, 0.0, 290.830810546875], [0.0, 0.0, 1.0, 0.0], [0.0, 0.0, 0.0, 1.0]], "cam_ids": [0, 1, 2, 3, 4, 5], "cam_channels": ["CAM_FRONT_LEFT", "CAM_FRONT", "CAM_FRONT_RIGHT", "CAM_BACK_LEFT", "CAM_BACK", "CAM_BACK_RIGHT"], "token": "caa57a7dbb3a40b5bc1ea00b2e0ce6d6", "scene": "scene-0805"}, {"images": ["samples/CAM_FRONT_LEFT/n008-2018-09-18-15-26-58-0400__CAM_FRONT_LEFT__1537298885904799.jpg", "samples/CAM_FRONT/n008-2018-09-18-15-26-58-0400__CAM_FRONT__1537298885912404.jpg", "samples/CAM_FRONT_RIGHT/n008-2018-09-18-15-26-58-0400__CAM_FRONT_RIGHT__1537298885920482.jpg", "samples/CAM_BACK_LEFT/n008-2018-09-18-15-26-58-0400__CAM_BACK_LEFT__1537298885947405.jpg", "samples/CAM_BACK/n008-2018-09-18-15-26-58-0400__CAM_BACK__1537298885937558.jpg", "samples/CAM_BACK_RIGHT/n008-2018-09-18-15-26-58-0400__CAM_BACK_RIGHT__1537298885928113.jpg"], "intrinsics": [[[1257.8625342125129, 0.0, 827.2410631095686], [0.0, 1257.8625342125129, 450.915498205774], [0.0, 0.0, 1.0]], [[1252.8131021185304, 0.0, 826.588114781398], [0.0, 1252.8131021185304, 469.9846626224581], [0.0, 0.0, 1.0]], [[1256.7485116440405, 0.0, 817.7887570959712], [0.0, 1256.7485116440403, 451.9541780095127], [0.0, 0.0, 1.0]], [[1254.9860565800168, 0.0, 829.5769333630991], [0.0, 1254.9860565800168, 467.1680561863987], [0.0, 0.0, 1.0]], [[796.8910634503094, 0.0, 857.7774326863696], [0.0, 796.8910634503094, 476.8848988407415], [0.0, 0.0, 1.0]], [[1249.9629280788233, 0.0, 825.3768045375984], [0.0, 1249.9629280788233, 462.54816385708756], [0.0, 0.0, 1.0]]], "extrinsics": [[[0.8226368427276611, -0.568553626537323, -0.003910352475941181, -0.7373046875], [0.015426764264702797, 0.02919486165046692, -0.99945467710495, 1.4931697845458984], [0.5683578252792358, 0.8221279978752136, 0.032787710428237915, -1.15283203125], [0.0, 0.0, 0.0, 1.0]], [[0.01056614238768816, -0.9996290802955627, -0.02510276809334755, 0.011627197265625], [0.017145030200481415, 0.025281589478254318, -0.9995333552360535, 1.4846916198730469], [0.9997972249984741, 0.010130826383829117, 0.0174057986587286, -1.4656982421875], [0.0, 0.0, 0.0, 1.0]], [[-0.8436825275421143, -0.5360010266304016, -0.030042918398976326, 0.9136962890625], [0.02491685561835766, 0.016804875805974007, -0.9995482563972473, 1.4982986450195312], [0.5362638235092163, -0.8440501093864441, -0.000822521629743278, -1.16162109375], [0.0, 0.0, 0.0, 1.0]], [[0.9478326439857483, 0.31862911581993103, 0.009426231496036053, -1.1282958984375], [-0.0013645850121974945, 0.033626213669776917, -0.9994335174560547, 1.5620098114013672], [-0.31876564025878906, 0.9472828507423401, 0.032306820154190063, -0.1617431640625], [0.0, 0.0, 0.0, 1.0]], [[0.008962532505393028, 0.999639093875885, 0.025326933711767197, -0.029449462890625], [0.0010630162432789803, 0.025318412110209465, -0.9996787905693054, 1.5681209564208984], [-0.9999593496322632, 0.00898660346865654, -0.0008357175393030047, -0.0435791015625], [0.0, 0.0, 0.0, 1.0]], [[-0.9237696528434753, 0.3829229772090912, -0.004420414566993713, 1.015380859375], [0.005623699631541967, 0.00202303659170866, -0.9999821782112122, 1.54868745803833], [-0.3829071521759033, -0.9237781167030334, -0.004022262990474701, -0.10150146484375], [0.0, 0.0, 0.0, 1.0]]], "view": [[0.0, -2.0, 100.0], [-2.0, 0.0, 100.0], [0.0, 0.0, 1.0]], "bev": "bev_9e26de47aae849f2b0244ca844d17f45.png", "aux": "aux_9e26de47aae849f2b0244ca844d17f45.npz", "visibility": "visibility_9e26de47aae849f2b0244ca844d17f45.png", "pose": [[0.6565039157867432, -0.7543226480484009, 0.0, 1256.326416015625], [0.7543226480484009, 0.6565039157867432, 0.0, 999.7047119140625], [0.0, 0.0, 1.0, 0.0], [0.0, 0.0, 0.0, 1.0]], "pose_inverse": [[0.6565039157867432, 0.7543226480484009, 0.0, -1578.883056640625], [-0.7543226480484009, 0.6565039157867432, 0.0, 291.36541748046875], [0.0, 0.0, 1.0, 0.0], [0.0, 0.0, 0.0, 1.0]], "cam_ids": [0, 1, 2, 3, 4, 5], "cam_channels": ["CAM_FRONT_LEFT", "CAM_FRONT", "CAM_FRONT_RIGHT", "CAM_BACK_LEFT", "CAM_BACK", "CAM_BACK_RIGHT"], "token": "9e26de47aae849f2b0244ca844d17f45", "scene": "scene-0805"}, {"images": ["samples/CAM_FRONT_LEFT/n008-2018-09-18-15-26-58-0400__CAM_FRONT_LEFT__1537298886404799.jpg", "samples/CAM_FRONT/n008-2018-09-18-15-26-58-0400__CAM_FRONT__1537298886412404.jpg", "samples/CAM_FRONT_RIGHT/n008-2018-09-18-15-26-58-0400__CAM_FRONT_RIGHT__1537298886420482.jpg", "samples/CAM_BACK_LEFT/n008-2018-09-18-15-26-58-0400__CAM_BACK_LEFT__1537298886447405.jpg", "samples/CAM_BACK/n008-2018-09-18-15-26-58-0400__CAM_BACK__1537298886437558.jpg", "samples/CAM_BACK_RIGHT/n008-2018-09-18-15-26-58-0400__CAM_BACK_RIGHT__1537298886428113.jpg"], "intrinsics": [[[1257.8625342125129, 0.0, 827.2410631095686], [0.0, 1257.8625342125129, 450.915498205774], [0.0, 0.0, 1.0]], [[1252.8131021185304, 0.0, 826.588114781398], [0.0, 1252.8131021185304, 469.9846626224581], [0.0, 0.0, 1.0]], [[1256.7485116440405, 0.0, 817.7887570959712], [0.0, 1256.7485116440403, 451.9541780095127], [0.0, 0.0, 1.0]], [[1254.9860565800168, 0.0, 829.5769333630991], [0.0, 1254.9860565800168, 467.1680561863987], [0.0, 0.0, 1.0]], [[796.8910634503094, 0.0, 857.7774326863696], [0.0, 796.8910634503094, 476.8848988407415], [0.0, 0.0, 1.0]], [[1249.9629280788233, 0.0, 825.3768045375984], [0.0, 1249.9629280788233, 462.54816385708756], [0.0, 0.0, 1.0]]], "extrinsics": [[[0.8226890563964844, -0.5684715509414673, -0.004785510711371899, -0.7572021484375], [0.014582193456590176, 0.0295169185847044, -0.9994578957557678, 1.4925470352172852], [0.5683046579360962, 0.8221732974052429, 0.032572805881500244, -1.16632080078125], [0.0, 0.0, 0.0, 1.0]], [[0.010668895207345486, -0.9996233582496643, -0.025285622105002403, 0.011322021484375], [0.016237406060099602, 0.025456920266151428, -0.999544084072113, 1.4841079711914062], [0.9998112320899963, 0.010253529995679855, 0.01650288887321949, -1.4866943359375], [0.0, 0.0, 0.0, 1.0]], [[-0.8436278104782104, -0.5361312627792358, -0.02924908511340618, 0.9281005859375], [0.02396235242486, 0.01682654768228531, -0.9995712637901306, 1.4976768493652344], [0.5363935828208923, -0.8439670205116272, -0.0013483777875080705, -1.17041015625], [0.0, 0.0, 0.0, 1.0]], [[0.9478511214256287, 0.3185998499393463, 0.00850945059210062, -1.1304931640625], [-0.0019012176198884845, 0.03235109895467758, -0.9994747638702393, 1.5620088577270508], [-0.31870776414871216, 0.9473370909690857, 0.031269751489162445, -0.160888671875], [0.0, 0.0, 0.0, 1.0]], [[0.008920346386730671, 0.999654233455658, 0.024737777188420296, -0.029449462890625], [0.000358202145434916, 0.02473556436598301, -0.9996939301490784, 1.5680575370788574], [-0.99996018409729, 0.008926497772336006, -0.00013742911687586457, -0.035888671875], [0.0, 0.0, 0.0, 1