[{"images": ["samples/CAM_FRONT_LEFT/n008-2018-08-30-10-33-52-0400__CAM_FRONT_LEFT__1535639736654799.jpg", "samples/CAM_FRONT/n008-2018-08-30-10-33-52-0400__CAM_FRONT__1535639736662404.jpg", "samples/CAM_FRONT_RIGHT/n008-2018-08-30-10-33-52-0400__CAM_FRONT_RIGHT__1535639736670482.jpg", "samples/CAM_BACK_LEFT/n008-2018-08-30-10-33-52-0400__CAM_BACK_LEFT__1535639736697405.jpg", "samples/CAM_BACK/n008-2018-08-30-10-33-52-0400__CAM_BACK__1535639736687558.jpg", "samples/CAM_BACK_RIGHT/n008-2018-08-30-10-33-52-0400__CAM_BACK_RIGHT__1535639736678113.jpg"], "intrinsics": [[[1257.8625342125129, 0.0, 827.2410631095686], [0.0, 1257.8625342125129, 450.915498205774], [0.0, 0.0, 1.0]], [[1252.8131021185304, 0.0, 826.588114781398], [0.0, 1252.8131021185304, 469.9846626224581], [0.0, 0.0, 1.0]], [[1256.7485116440405, 0.0, 817.7887570959712], [0.0, 1256.7485116440403, 451.9541780095127], [0.0, 0.0, 1.0]], [[1254.9860565800168, 0.0, 829.5769333630991], [0.0, 1254.9860565800168, 467.1680561863987], [0.0, 0.0, 1.0]], [[796.8910634503094, 0.0, 857.7774326863696], [0.0, 796.8910634503094, 476.8848988407415], [0.0, 0.0, 1.0]], [[1249.9629280788233, 0.0, 825.3768045375984], [0.0, 1249.9629280788233, 462.54816385708756], [0.0, 0.0, 1.0]]], "extrinsics": [[[0.8220060467720032, -0.5690675973892212, -0.02163487672805786, -0.673828125], [0.006345621310174465, 0.047141194343566895, -0.9988680481910706, 1.4907073974609375], [0.56944340467453, 0.8209384083747864, 0.042361438274383545, -1.1075439453125], [0.0, 0.0, 0.0, 1.0]], [[0.009493494406342506, -0.9990292191505432, -0.043018050491809845, 0.01123046875], [0.008505919016897678, 0.043099116533994675, -0.999034583568573, 1.4829025268554688], [0.9999186992645264, 0.009118407964706421, 0.008906819857656956, -1.4008026123046875], [0.0, 0.0, 0.0, 1.0]], [[-0.8443092107772827, -0.5348640084266663, -0.032595179975032806, 0.86962890625], [0.016761822625994682, 0.03443698585033417, -0.9992662668228149, 1.497406005859375], [0.5355939865112305, -0.8442361950874329, -0.020110173150897026, -1.1351318359375], [0.0, 0.0, 0.0, 1.0]], [[0.9479584097862244, 0.3182864785194397, 0.00828271359205246, -1.12017822265625], [-0.007849904708564281, 0.04936981573700905, -0.9987496733665466, 1.56182861328125], [-0.318297415971756, 0.9467082023620605, 0.049299050122499466, -0.164306640625], [0.0, 0.0, 0.0, 1.0]], [[0.009583947248756886, 0.9990747570991516, 0.041926488280296326, -0.028564453125], [-0.005936872214078903, 0.041984524577856064, -0.9991006255149841, 1.5673599243164062], [-0.9999364614486694, 0.009326386265456676, 0.006333755329251289, -0.06777191162109375], [0.0, 0.0, 0.0, 1.0]], [[-0.9235384464263916, 0.3833935558795929, 0.00927661918103695, 0.9794921875], [-0.0020087631419301033, 0.019352681934833527, -0.9998106956481934, 1.547393798828125], [-0.3835005462169647, -0.9233822226524353, -0.01710280030965805, -0.1171875], [0.0, 0.0, 0.0, 1.0]]], "view": [[0.0, -2.0, 100.0], [-2.0, 0.0, 100.0], [0.0, 0.0, 1.0]], "bev": "bev_89c9204978674480aec9d2a9a377eecc.png", "aux": "aux_89c9204978674480aec9d2a9a377eecc.npz", "visibility": "visibility_89c9204978674480aec9d2a9a377eecc.png", "pose": [[0.5830804109573364, 0.8124144673347473, 0.0, 1828.1053466796875], [-0.8124144673347473, 0.5830804109573364, 0.0, 1144.6424560546875], [0.0, 0.0, 1.0, 0.0], [0.0, 0.0, 0.0, 1.0]], "pose_inverse": [[0.5830804109573364, -0.8124144673347473, 0.0, -136.00833129882812], [0.8124144673347473, 0.5830804109573364, 0.0, -2152.597900390625], [0.0, 0.0, 1.0, 0.0], [0.0, 0.0, 0.0, 1.0]], "cam_ids": [0, 1, 2, 3, 4, 5], "cam_channels": ["CAM_FRONT_LEFT", "CAM_FRONT", "CAM_FRONT_RIGHT", "CAM_BACK_LEFT", "CAM_BACK", "CAM_BACK_RIGHT"], "token": "89c9204978674480aec9d2a9a377eecc", "scene": "scene-0524"}, {"images": ["samples/CAM_FRONT_LEFT/n008-2018-08-30-10-33-52-0400__CAM_FRONT_LEFT__1535639737154836.jpg", "samples/CAM_FRONT/n008-2018-08-30-10-33-52-0400__CAM_FRONT__1535639737162404.jpg", "samples/CAM_FRONT_RIGHT/n008-2018-08-30-10-33-52-0400__CAM_FRONT_RIGHT__1535639737170482.jpg", "samples/CAM_BACK_LEFT/n008-2018-08-30-10-33-52-0400__CAM_BACK_LEFT__1535639737197430.jpg", "samples/CAM_BACK/n008-2018-08-30-10-33-52-0400__CAM_BACK__1535639737187558.jpg", "samples/CAM_BACK_RIGHT/n008-2018-08-30-10-33-52-0400__CAM_BACK_RIGHT__1535639737178113.jpg"], "intrinsics": [[[1257.8625342125129, 0.0, 827.2410631095686], [0.0, 1257.8625342125129, 450.915498205774], [0.0, 0.0, 1.0]], [[1252.8131021185304, 0.0, 826.588114781398], [0.0, 1252.8131021185304, 469.9846626224581], [0.0, 0.0, 1.0]], [[1256.7485116440405, 0.0, 817.7887570959712], [0.0, 1256.7485116440403, 451.9541780095127], [0.0, 0.0, 1.0]], [[1254.9860565800168, 0.0, 829.5769333630991], [0.0, 1254.9860565800168, 467.1680561863987], [0.0, 0.0, 1.0]], [[796.8910634503094, 0.0, 857.7774326863696], [0.0, 796.8910634503094, 476.8848988407415], [0.0, 0.0, 1.0]], [[1249.9629280788233, 0.0, 825.3768045375984], [0.0, 1249.9629280788233, 462.54816385708756], [0.0, 0.0, 1.0]]], "extrinsics": [[[0.8230698108673096, -0.5678606033325195, -0.009509569965302944, -0.662109375], [0.016666702926158905, 0.04088706895709038, -0.9990247488021851, 1.494964599609375], [0.567695677280426, 0.8221086859703064, 0.043117277324199677, -1.1031494140625], [0.0, 0.0, 0.0, 1.0]], [[0.011161807924509048, -0.9992769956588745, -0.03634493425488472, 0.01318359375], [0.01868387870490551, 0.03654927760362625, -0.999157190322876, 1.4864501953125], [0.9997630715370178, 0.010473311878740788, 0.019078325480222702, -1.390228271484375], [0.0, 0.0, 0.0, 1.0]], [[-0.8434391021728516, -0.5359228849411011, -0.03737888112664223, 0.86279296875], [0.02671824023127556, 0.027645841240882874, -0.999260663986206, 1.500244140625], [0.5365599989891052, -0.8438141942024231, -0.008998668752610683, -1.1287841796875], [0.0, 0.0, 0.0, 1.0]], [[0.9478117227554321, 0.3184932470321655, 0.014663017354905605, -1.11578369140625], [0.0012283740798011422, 0.042341846972703934, -0.9991024136543274, 1.5620574951171875], [-0.3188282251358032, 0.9469789862632751, 0.039740871638059616, -0.166015625], [0.0, 0.0, 0.0, 1.0]], [[0.00879457127302885, 0.9993495941162109, 0.03497407212853432, -0.029296875], [0.003484737128019333, 0.03494458273053169, -0.9993831515312195, 1.5684280395507812], [-0.9999552965164185, 0.008910935372114182, -0.0031751501373946667, -0.0740509033203125], [0.0, 0.0, 0.0, 1.0]], [[-0.9238503575325012, 0.38274720311164856, -0.002271499950438738, 0.97186279296875], [0.007605173159390688, 0.01242277305573225, -0.9998939037322998, 1.5493278503417969], [-0.38267838954925537, -0.9237696528434753, -0.014387640170753002, -0.1192626953125], [0.0, 0.0, 0.0, 1.0]]], "view": [[0.0, -2.0, 100.0], [-2.0, 0.0, 100.0], [0.0, 0.0, 1.0]], "bev": "bev_f65b5a66192a49c3b07a15d82fbe61cf.png", "aux": "aux_f65b5a66192a49c3b07a15d82fbe61cf.npz", "visibility": "visibility_f65b5a66192a49c3b07a15d82fbe61cf.png", "pose": [[0.5818405747413635, 0.8133028745651245, 0.0, 1830.686767578125], [-0.8133028745651245, 0.5818405747413635, 0.0, 1140.9759521484375], [0.0, 0.0, 1.0, 0.0], [0.0, 0.0, 0.0, 1.0]], "pose_inverse": [[0.5818405747413635, -0.8133028745651245, 0.0, -137.2087860107422], [0.8133028745651245, 0.5818405747413635, 0.0, -2152.768798828125], [0.0, 0.0, 1.0, 0.0], [0.0, 0.0, 0.0, 1.0]], "cam_ids": [0, 1, 2, 3, 4, 5], "cam_channels": ["CAM_FRONT_LEFT", "CAM_FRONT", "CAM_FRONT_RIGHT", "CAM_BACK_LEFT", "CAM_BACK", "CAM_BACK_RIGHT"], "token": "f65b5a66192a49c3b07a15d82fbe61cf", "scene": "scene-0524"}, {"images": ["samples/CAM_FRONT_LEFT/n008-2018-08-30-10-33-52-0400__CAM_FRONT_LEFT__1535639737654799.jpg", "samples/CAM_FRONT/n008-2018-08-30-10-33-52-0400__CAM_FRONT__1535639737662404.jpg", "samples/CAM_FRONT_RIGHT/n008-2018-08-30-10-33-52-0400__CAM_FRONT_RIGHT__1535639737670482.jpg", "samples/CAM_BACK_LEFT/n008-2018-08-30-10-33-52-0400__CAM_BACK_LEFT__1535639737697405.jpg", "samples/CAM_BACK/n008-2018-08-30-10-33-52-0400__CAM_BACK__1535639737687558.jpg", "samples/CAM_BACK_RIGHT/n008-2018-08-30-10-33-52-0400__CAM_BACK_RIGHT__1535639737678177.jpg"], "intrinsics": [[[1257.8625342125129, 0.0, 827.2410631095686], [0.0, 1257.8625342125129, 450.915498205774], [0.0, 0.0, 1.0]], [[1252.8131021185304, 0.0, 826.588114781398], [0.0, 1252.8131021185304, 469.9846626224581], [0.0, 0.0, 1.0]], [[1256.7485116440405, 0.0, 817.7887570959712], [0.0, 1256.7485116440403, 451.9541780095127], [0.0, 0.0, 1.0]], [[1254.9860565800168, 0.0, 829.5769333630991], [0.0, 1254.9860565800168, 467.1680561863987], [0.0, 0.0, 1.0]], [[796.8910634503094, 0.0, 857.7774326863696], [0.0, 796.8910634503094, 476.8848988407415], [0.0, 0.0, 1.0]], [[1249.9629280788233, 0.0, 825.3768045375984], [0.0, 1249.9629280788233, 462.54816385708756], [0.0, 0.0, 1.0]]], "extrinsics": [[[0.8228369951248169, -0.5682141184806824, -0.00848697591573, -0.6600341796875], [0.012119720689952374, 0.03247795253992081, -0.999398946762085, 1.493194580078125], [0.5681482553482056, 0.8222395777702332, 0.03361065685749054, -1.1005859375], [0.0, 0.0, 0.0, 1.0]], [[0.010820883326232433, -0.9995434284210205, -0.028210358694195747, 0.012939453125], [0.01396561786532402, 0.02836032770574093, -0.9995002150535583, 1.4849281311035156], [0.9998438954353333, 0.010421473532915115, 0.01426612213253975, -1.38580322265625], [0.0, 0.0, 0.0, 1.0]], [[-0.8436542749404907, -0.5361027717590332, -0.029003281146287918, 0.85888671875], [0.021879926323890686, 0.01964482292532921, -0.9995675683021545, 1.4990653991699219], [0.5364407300949097, -0.8439240455627441, -0.004843553062528372, -1.126708984375], [0.0, 0.0, 0.0, 1.0]], [[0.9478601217269897, 0.3185971677303314, 0.007541034836322069, -1.1123046875], [-0.0036414319183677435, 0.03448890149593353, -0.9993984699249268, 1.5619125366210938], [-0.31866562366485596, 0.9472624659538269, 0.033850811421871185, -0.167236328125], [0.0, 0.0, 0.0, 1.0]], [[0.008955016732215881, 0.9995914101600647, 0.027144191786646843, -0.02880859375], [-0.0015193038852885365, 0.02715884894132614, -0.9996299743652344, 1.567840576171875], [-0.9999587535858154, 0.008910441771149635, 0.001761891762726009, -0.0782012939453125], [0.0, 0.0, 0.0, 1.0]], [[-0.9238369464874268, 0.38278526067733765, -0.000845335132908076, 0.968505859375], [0.0027895381208509207, 0.004524088930338621, -0.9999858736991882, 1.5483789443969727], [-0.3827759325504303, -0.9238262176513672, -0.005247313063591719, -0.120849609375], [0.0, 0.0, 0.0, 1.0]]], "view": [[0.0, -2.0, 100.0], [-2.0, 0.0, 100.0], [0.0, 0.0, 1.0]], "bev": "bev_24e671b65855442a941d814333362d53.png", "aux": "aux_24e671b65855442a941d814333362d53.npz", "visibility": "visibility_24e671b65855442a941d814333362d53.png", "pose": [[0.5821293592453003, 0.8130961656570435, 0.0, 1833.26025390625], [-0.8130961656570435, 0.5821293592453003, 0.0, 1137.314453125], [0.0, 0.0, 1.0, 0.0], [0.0, 0.0, 0.0, 1.0]], "pose_inverse": [[0.5821293592453003, -0.8130961656570435, 0.0, -142.44857788085938], [0.8130961656570435, 0.5821293592453003, 0.0, -2152.68115234375], [0.0, 0.0, 1.0, 0.0], [0.0, 0.0, 0.0, 1.0]], "cam_ids": [0, 1, 2, 3, 4, 5], "cam_channels": ["CAM_FRONT_LEFT", "CAM_FRONT", "CAM_FRONT_RIGHT", "CAM_BACK_LEFT", "CAM_BACK", "CAM_BACK_RIGHT"], "token": "24e671b65855442a941d814333362d53", "scene": "scene-0524"}, {"images": ["samples/CAM_FRONT_LEFT/n008-2018-08-30-10-33-52-0400__CAM_FRONT_LEFT__1535639738154799.jpg", "samples/CAM_FRONT/n008-2018-08-30-10-33-52-0400__CAM_FRONT__1535639738162404.jpg", "samples/CAM_FRONT_RIGHT/n008-2018-08-30-10-33-52-0400__CAM_FRONT_RIGHT__1535639738170482.jpg", "samples/CAM_BACK_LEFT/n008-2018-08-30-10-33-52-0400__CAM_BACK_LEFT__1535639738197405.jpg", "samples/CAM_BACK/n008-2018-08-30-10-33-52-0400__CAM_BACK__1535639738187558.jpg", "samples/CAM_BACK_RIGHT/n008-2018-08-30-10-33-52-0400__CAM_BACK_RIGHT__1535639738178120.jpg"], "intrinsics": [[[1257.8625342125129, 0.0, 827.2410631095686], [0.0, 1257.8625342125129, 450.915498205774], [0.0, 0.0, 1.0]], [[1252.8131021185304, 0.0, 826.588114781398], [0.0, 1252.8131021185304, 469.9846626224581], [0.0, 0.0, 1.0]], [[1256.7485116440405, 0.0, 817.7887570959712], [0.0, 1256.7485116440403, 451.9541780095127], [0.0, 0.0, 1.0]], [[1254.9860565800168, 0.0, 829.5769333630991], [0.0, 1254.9860565800168, 467.1680561863987], [0.0, 0.0, 1.0]], [[796.8910634503094, 0.0, 857.7774326863696], [0.0, 796.8910634503094, 476.8848988407415], [0.0, 0.0, 1.0]], [[1249.9629280788233, 0.0, 825.3768045375984], [0.0, 1249.9629280788233, 462.54816385708756], [0.0, 0.0, 1.0]]], "extrinsics": [[[0.8233206868171692, -0.5675292015075684, -0.007324406411498785, -0.6617431640625], [0.011837613768875599, 0.030071992427110672, -0.9994776248931885, 1.4931182861328125], [0.5674530267715454, 0.8228039145469666, 0.03147708252072334, -1.100341796875], [0.0, 0.0, 0.0, 1.0]], [[0.011469454504549503, -0.9995974898338318, -0.025946367532014847, 0.011962890625], [0.013474562205374241, 0.026100223883986473, -0.999568521976471, 1.4847793579101562], [0.9998434782028198, 0.011114942841231823, 0.013768494129180908, -1.38714599609375], [0.0, 0.0, 0.0, 1.0]], [[-0.8433995246887207, -0.5365964770317078, -0.02722967229783535, 0.858642578125], [0.021147804334759712, 0.017486825585365295, -0.9996234178543091, 1.4988822937011719], [0.536870539188385, -0.8436577916145325, -0.0034005451016128063, -1.12744140625], [0.0, 0.0, 0.0, 1.0]], [[0.9478555917739868, 0.31865283846855164, 0.005488475784659386, -1.10894775390625], [-0.0050791469402611256, 0.032323047518730164, -0.9994645714759827, 1.5618438720703125], [-0.3186597526073456, 0.9473201632499695, 0.03225606307387352, -0.1683349609375], [0.0, 0.0, 0.0, 1.0]], [[0.008739507757127285, 0.9996495842933655, 0.024988550692796707, -0.029052734375], [-0.002696314360946417, 0.025012971833348274, -0.9996834993362427, 1.5676918029785156], [-0.9999582171440125, 0.008669345639646053, 0.002913971897214651, -0.0810394287109375], [0.0, 0.0, 0.0, 1.0]], [[-0.9239905476570129, 0.3824143707752228, -0.0008250180399045348, 0.96697998046875], [0.0018748875008895993, 0.002372725633904338, -0.9999954104423523, 1.54819917678833], [-0.38241061568260193, -0.923987865447998, -0.0029093592893332243, -0.121826171875], [0.0, 0.0, 0.0, 1.0]]], "view": [[0.0, -2.0, 100.0], [-2.0, 0.0, 100.0], [0.0, 0.0, 1.0]], "bev": "bev_53eb8f9da5174457ac296562077a3a48.png", "aux": "aux_53eb8f9da5174457ac296562077a3a48.npz", "visibility": "visibility_53eb8f9da5174457ac296562077a3a48.png", "pose": [[0.5746586918830872, 0.8183931708335876, 0.0, 1835.8282470703125], [-0.8183931708335876, 0.5746586918830872, 0.0, 1133.6331787109375], [0.0, 0.0, 1.0, 0.0], [0.0, 0.0, 0.0, 1.0]], "pose_inverse": [[0.5746586918830872, -0.8183931708335876, 0.0, -127.21696472167969], [0.8183931708335876, 0.5746586918830872, 0.0, -2153.88134765625], [0.0, 0.0, 1.0, 0.0], [0.0, 0.0, 0.0, 1.0]], "cam_ids": [0, 1, 2, 3, 4, 5], "cam_channels": ["CAM_FRONT_LEFT", "CAM_FRONT", "CAM_FRONT_RIGHT", "CAM_BACK_LEFT", "CAM_BACK", "CAM_BACK_RIGHT"], "token": "53eb8f9da5174457ac296562077a3a48", "scene": "scene-0524"}, {"images": ["samples/CAM_FRONT_LEFT/n008-2018-08-30-10-33-52-0400__CAM_FRONT_LEFT__1535639738654799.jpg", "samples/CAM_FRONT/n008-2018-08-30-10-33-52-0400__CAM_FRONT__1535639738662404.jpg", "samples/CAM_FRONT_RIGHT/n008-2018-08-30-10-33-52-0400__CAM_FRONT_RIGHT__1535639738670482.jpg", "samples/CAM_BACK_LEFT/n008-2018-08-30-10-33-52-0400__CAM_BACK_LEFT__1535639738697405.jpg", "samples/CAM_BACK/n008-2018-08-30-10-33-52-0400__CAM_BACK__1535639738687558.jpg", "samples/CAM_BACK_RIGHT/n008-2018-08-30-10-33-52-0400__CAM_BACK_RIGHT__1535639738678113.jpg"], "intrinsics": [[[1257.8625342125129, 0.0, 827.2410631095686], [0.0, 1257.8625342125129, 450.915498205774], [0.0, 0.0, 1.0]], [[1252.8131021185304, 0.0, 826.588114781398], [0.0, 1252.8131021185304, 469.9846626224581], [0.0, 0.0, 1.0]], [[1256.7485116440405, 0.0, 817.7887570959712], [0.0, 1256.7485116440403, 451.9541780095127], [0.0, 0.0, 1.0]], [[1254.9860565800168, 0.0, 829.5769333630991], [0.0, 1254.9860565800168, 467.1680561863987], [0.0, 0.0, 1.0]], [[796.8910634503094, 0.0, 857.7774326863696], [0.0, 796.8910634503094, 476.8848988407415], [0.0, 0.0, 1.0]], [[1249.9629280788233, 0.0, 825.3768045375984], [0.0, 1249.9629280788233, 462.54816385708756], [0.0, 0.0, 1.0]]], "extrinsics": [[[0.8230829834938049, -0.5679152607917786, 0.00258987327106297, -0.6641845703125], [0.018224671483039856, 0.02185465395450592, -0.999595046043396, 1.4957466125488281], [0.5676286816596985, 0.8227968811988831, 0.02833826094865799, -1.1014404296875], [0.0, 0.0, 0.0, 1.0]], [[0.010982532985508442, -0.9997860789299011, -0.01752493344247341, 0.011474609375], [0.019409995526075363, 0.017735840752720833, -0.9996543526649475, 1.486846923828125], [0.9997512698173523, 0.01063857227563858, 0.019600626081228256, -1.38848876953125], [0.0, 0.0, 0.0, 1.0]], [[-0.8435648083686829, -0.5363240242004395, -0.027480321004986763, 0.858642578125], [0.026742946356534958, 0.009154793806374073, -0.9996004104614258, 1.5004310607910156], [0.5363612174987793, -0.8439626097679138, 0.0066202240996062756, -1.1282958984375], [0.0, 0.0, 0.0, 1.0]], [[0.9478436708450317, 0.31865450739860535, 0.0072015756741166115, -1.1058349609375], [-0.0007175531936809421, 0.024727413430809975, -0.9996939897537231, 1.5619964599609375], [-0.3187350034713745, 0.9475483298301697, 0.023666372522711754, -0.169189453125], [0.0, 0.0, 0.0, 1.0]], [[0.008961106650531292, 0.9998124837875366, 0.017170894891023636, -0.028564453125], [0.0023197100963443518, 0.017150754109025, -0.9998502135276794, 1.5683441162109375], [-0.9999571442604065, 0.008999629877507687, -0.002165586221963167, -0.0819549560546875], [0.0, 0.0, 0.0, 1.0]], [[-0.9237765669822693, 0.3828297257423401, -0.008835513144731522, 0.96697998046875], [0.007195651531219482, -0.005715245846658945, -0.9999577403068542, 1.5493240356445312], [-0.3828640878200531, -0.9238012433052063, 0.0025249007157981396, -0.12255859375], [0.0, 0.0, 0.0, 1.0]]], "view": [[0.0, -2.0, 100.0], [-2.0, 0.0, 100.0], [0.0, 0.0, 1.0]], "bev": "bev_6f52dcbe25144032b29e160951f57f71.png", "aux": "aux_6f52dcbe25144032b29e160951f57f71.npz", "visibility": "visibility_6f52dcbe25144032b29e160951f57f71.png", "pose": [[0.5678794384002686, 0.8231117725372314, 0.0, 1838.3175048828125], [-0.8231117725372314, 0.5678794384002686, 0.0, 1129.9825439453125], [0.0, 0.0, 1.0, 0.0], [0.0, 0.0, 0.0, 1.0]], "pose_inverse": [[0.5678794384002686, -0.8231117725372314, 0.0, -113.84075927734375], [0.8231117725372314, 0.5678794384002686, 0.0, -2154.83447265625], [0.0, 0.0, 1.0, 0.0], [0.0, 0.0, 0.0, 1.0]], "cam_ids": [0, 1, 2, 3, 4, 5], "cam_channels": ["CAM_FRONT_LEFT", "CAM_FRONT", "CAM_FRONT_RIGHT", "CAM_BACK_LEFT", "CAM_BACK", "CAM_BACK_RIGHT"], "token": "6f52dcbe25144032b29e160951f57f71", "scene": "scene-0524"}, {"images": ["samples/CAM_FRONT_LEFT/n008-2018-08-30-10-33-52-0400__CAM_FRONT_LEFT__1535639739154799.jpg", "samples/CAM_FRONT/n008-2018-08-30-10-33-52-0400__CAM_FRONT__1535639739162404.jpg", "samples/CAM_FRONT_RIGHT/n008-2018-08-30-10-33-52-0400__CAM_FRONT_RIGHT__1535639739170482.jpg", "samples/CAM_BACK_LEFT/n008-2018-08-30-10-33-52-0400__CAM_BACK_LEFT__1535639739197405.jpg", "samples/CAM_BACK/n008-2018-08-30-10-33-52-0400__CAM_BACK__1535639739187558.jpg", "samples/CAM_BACK_RIGHT/n008-2018-08-30-10-33-52-0400__CAM_BACK_RIGHT__1535639739178113.jpg"], "intrinsics": [[[1257.8625342125129, 0.0, 827.2410631095686], [0.0, 1257.8625342125129, 450.915498205774], [0.0, 0.0, 1.0]], [[1252.8131021185304, 0.0, 826.588114781398], [0.0, 1252.8131021185304, 469.9846626224581], [0.0, 0.0, 1.0]], [[1256.7485116440405, 0.0, 817.7887570959712], [0.0, 1256.7485116440403, 451.9541780095127], [0.0, 0.0, 1.0]], [[1254.9860565800168, 0.0, 829.5769333630991], [0.0, 1254.9860565800168, 467.1680561863987], [0.0, 0.0, 1.0]], [[796.8910634503094, 0.0, 857.7774326863696], [0.0, 796.8910634503094, 476.8848988407415], [0.0, 0.0, 1.0]], [[1249.9629280788233, 0.0, 825.3768045375984], [0.0, 1249.9629280788233, 462.54816385708756], [0.0, 0.0, 1.0]]], "extrinsics": [[[0.8228998780250549, -0.5680353045463562, -0.013104332610964775, -0.6663818359375], [0.002825989853590727, 0.02715492621064186, -0.9996272325515747, 1.489349365234375], [0.5681793689727783, 0.8225561380386353, 0.023951048031449318, -1.1041259765625], [0.0, 0.0, 0.0, 1.0]], [[0.010747273452579975, -0.9996770620346069, -0.02302558720111847, 0.01220703125], [0.004669451620429754, 0.02307683788239956, -0.9997228384017944, 1.4816856384277344], [0.999931275844574, 0.01063674595206976, 0.004915956407785416, -1.3920440673828125], [0.0, 0.0, 0.0, 1.0]], [[-0.8438140749931335, -0.5363187193870544, -0.01843859627842903, 0.862060546875], [0.012642651796340942, 0.014482323080301285, -0.9998152256011963, 1.4964790344238281], [0.5364866852760315, -0.8438913226127625, -0.005439897533506155, -1.1292724609375], [0.0, 0.0, 0.0, 1.0]], [[0.9477811455726624, 0.3189099431037903, -0.0027135091368108988, -1.1104736328125], [-0.012991438619792461, 0.030105652287602425, -0.9994623064994812, 1.5615577697753906], [-0.3186567425727844, 0.9473066926002502, 0.03267667070031166, -0.1680908203125], [0.0, 0.0, 0.0, 1.0]], [[0.009050009772181511, 0.9997093677520752, 0.022343000397086143, -0.02880859375], [-0.01085821632295847, 0.022440845146775246, -0.9996892213821411, 1.5666961669921875], [-0.9999001622200012, 0.0088046258315444, 0.011058150790631771, -0.0790252685546875], [0.0, 0.0, 0.0, 1.0]], [[-0.9238499999046326, 0.38271015882492065, 0.005830457899719477, 0.9693603515625], [-0.006497615948319435, -0.0004507018893491477, -0.99997878074646, 1.5464733839035034], [-0.38269945979118347, -0.9238683581352234, 0.002903085434809327, -0.120849609375], [0.0, 0.0, 0.0, 1.0]]], "view": [[0.0, -2.0, 100.0], [-2.0, 0.0, 100.0], [0.0, 0.0, 1.0]], "bev": "bev_cfa4ed9eed134bfc9c20e58e0aabaca4.png", "aux": "aux_cfa4ed9eed134bfc9c20e58e0aabaca4.npz", "visibility": "visibility_cfa4ed9eed134bfc9c20e58e0aabaca4.png", "pose": [[0.5649950504302979, 0.8250942826271057, 0.0, 1840.74267578125], [-0.8250942826271057, 0.5649950504302979, 0.0, 1126.3939208984375], [0.0, 0.0, 1.0, 0.0], [0.0, 0.0, 0.0, 1.0]], "pose_inverse": [[0.5649950504302979, -0.8250942826271057, 0.0, -110.62934112548828], [0.8250942826271057, 0.5649950504302979, 0.0, -2155.193359375], [0.0, 0.0, 1.0, 0.0], [0.0, 0.0, 0.0, 1.0]], "cam_ids": [0, 1, 2, 3, 4, 5], "cam_channels": ["CAM_FRONT_LEFT", "CAM_FRONT", "CAM_FRONT_RIGHT", "CAM_BACK_LEFT", "CAM_BACK", "CAM_BACK_RIGHT"], "token": "cfa4ed9eed134bfc9c20e58e0aabaca4", "scene": "scene-0524"}, {"images": ["samples/CAM_FRONT_LEFT/n008-2018-08-30-10-33-52-0400__CAM_FRONT_LEFT__1535639739654799.jpg", "samples/CAM_FRONT/n008-2018-08-30-10-33-52-0400__CAM_FRONT__1535639739662404.jpg", "samples/CAM_FRONT_RIGHT/n008-2018-08-30-10-33-52-0400__CAM_FRONT_RIGHT__1535639739670482.jpg", "samples/CAM_BACK_LEFT/n008-2018-08-30-10-33-52-0400__CAM_BACK_LEFT__1535639739697405.jpg", "samples/CAM_BACK/n008-2018-08-30-10-33-52-0400__CAM_BACK__1535639739687558.jpg", "samples/CAM_BACK_RIGHT/n008-2018-08-30-10-33-52-0400__CAM_BACK_RIGHT__1535639739678113.jpg"], "intrinsics": [[[1257.8625342125129, 0.0, 827.2410631095686], [0.0, 1257.8625342125129, 450.915498205774], [0.0, 0.0, 1.0]], [[1252.8131021185304, 0.0, 826.588114781398], [0.0, 1252.8131021185304, 469.9846626224581], [0.0, 0.0, 1.0]], [[1256.7485116440405, 0.0, 817.7887570959712], [0.0, 1256.7485116440403, 451.9541780095127], [0.0, 0.0, 1.0]], [[1254.9860565800168, 0.0, 829.5769333630991], [0.0, 1254.9860565800168, 467.1680561863987], [0.0, 0.0, 1.0]], [[796.8910634503094, 0.0, 857.7774326863696], [0.0, 796.8910634503094, 476.8848988407415], [0.0, 0.0, 1.0]], [[1249.9629280788233, 0.0, 825.3768045375984], [0.0, 1249.9629280788233, 462.54816385708756], [0.0, 0.0, 1.0]]], "extrinsics": [[[0.8230302333831787, -0.5679629445075989, -0.0062731108628213406, -0.676025390625], [0.01152067631483078, 0.027734460309147835, -0.9995489716529846, 1.4927482604980469], [0.5678806900978088, 0.8225867748260498, 0.029369616881012917, -1.111328125], [0.0, 0.0, 0.0, 1.0]], [[0.011011680588126183, -0.9996683597564697, -0.02327885292470455, 0.012451171875], [0.013321854174137115, 0.023424861952662468, -0.9996368288993835, 1.4845085144042969], [0.9998505711555481, 0.010697457939386368, 0.013575381599366665, -1.4026641845703125], [0.0, 0.0, 0.0, 1.0]], [[-0.8435989618301392, -0.5363553762435913, -0.0257613155990839, 0.8699951171875], [0.021295949816703796, 0.01451932080090046, -0.999667763710022, 1.4986381530761719], [0.5365512371063232, -0.8438674211502075, -0.0008262874325737357, -1.1339111328125], [0.0, 0.0, 0.0, 1.0]], [[0.9478585124015808, 0.3186531960964203, 0.004950094036757946, -1.11248779296875], [-0.0045294431038200855, 0.029000908136367798, -0.9995691180229187, 1.5618858337402344], [-0.3186594247817993, 0.9474276304244995, 0.028932077810168266, -0.1669921875], [0.0, 0.0, 0.0, 1.0]], [[0.008918008767068386, 0.9997241497039795, 0.021729832515120506, -0.029052734375], [-0.00234574219211936, 0.02175155095756054, -0.999760627746582, 1.5677566528320312], [-0.9999575018882751, 0.008864945732057095, 0.0025390759110450745, -0.0730133056640625], [0.0, 0.0, 0.0, 1.0]], [[-0.9238753318786621, 0.3826868236064911, -0.002283370355144143, 0.97674560546875], [0.0021668942645192146, -0.0007353928522206843, -0.9999973773956299, 1.5482425689697266], [-0.382687509059906, -0.9238778352737427, -0.000149830972077325, -0.11767578125], [0.0, 0.0, 0.0, 1.0]]], "view": [[0.0, -2.0, 100.0], [-2.0, 0.0, 100.0], [0.0, 0.0, 1.0]], "bev": "bev_57a64e60a3e64b718b1193ef9ac908d4.png", "aux": "aux_57a64e60a3e64b718b1193ef9ac908d4.npz", "visibility": "visibility_57a64e60a3e64b718b1193ef9ac908d4.png", "pose": [[0.5633757710456848, 0.8262007832527161, 0.0, 1843.188232421875], [-0.8262007832527161, 0.5633757710456848, 0.0, 1122.7734375], [0.0, 0.0, 1.0, 0.0], [0.0, 0.0, 0.0, 1.0]], "pose_inverse": [[0.5633757710456848, -0.8262007832527161, 0.0, -110.77133178710938], [0.8262007832527161, 0.5633757710456848, 0.0, -2155.386962890625], [0.0, 0.0, 1.0, 0.0], [0.0, 0.0, 0.0, 1.0]], "cam_ids": [0, 1, 2, 3, 4, 5], "cam_channels": ["CAM_FRONT_LEFT", "CAM_FRONT", "CAM_FRONT_RIGHT", "CAM_BACK_LEFT", "CAM_BACK", "CAM_BACK_RIGHT"], "token": "57a64e60a3e64b718b1193ef9ac908d4", "scene": "scene-0524"}, {"images": ["samples/CAM_FRONT_LEFT/n008-2018-08-30-10-33-52-0400__CAM_FRONT_LEFT__1535639740154799.jpg", "samples/CAM_FRONT/n008-2018-08-30-10-33-52-0400__CAM_FRONT__1535639740162404.jpg", "samples/CAM_FRONT_RIGHT/n008-2018-08-30-10-33-52-0400__CAM_FRONT_RIGHT__1535639740170482.jpg", "samples/CAM_BACK_LEFT/n008-2018-08-30-10-33-52-0400__CAM_BACK_LEFT__1535639740197405.jpg", "samples/CAM_BACK/n008-2018-08-30-10-33-52-0400__CAM_BACK__1535639740187558.jpg", "samples/CAM_BACK_RIGHT/n008-2018-08-30-10-33-52-0400__CAM_BACK_RIGHT__1535639740178113.jpg"], "intrinsics": [[[1257.8625342125129, 0.0, 827.2410631095686], [0.0, 1257.8625342125129, 450.915498205774], [0.0, 0.0, 1.0]], [[1252.8131021185304, 0.0, 826.588114781398], [0.0, 1252.8131021185304, 469.9846626224581], [0.0, 0.0, 1.0]], [[1256.7485116440405, 0.0, 817.7887570959712], [0.0, 1256.7485116440403, 451.9541780095127], [0.0, 0.0, 1.0]], [[1254.9860565800168, 0.0, 829.5769333630991], [0.0, 1254.9860565800168, 467.1680561863987], [0.0, 0.0, 1.0]], [[796.8910634503094, 0.0, 857.7774326863696], [0.0, 796.8910634503094, 476.8848988407415], [0.0, 0.0, 1.0]], [[1249.9629280788233, 0.0, 825.3768045375984], [0.0, 1249.9629280788233, 462.54816385708756], [0.0, 0.0, 1.0]]], "extrinsics": [[[0.8226553201675415, -0.5685181021690369, -0.005055536516010761, -0.6783447265625], [0.007781008258461952, 0.020149655640125275, -0.9997667074203491, 1.49127197265625], [0.5684873461723328, 0.8224239945411682, 0.020999861881136894, -1.1129150390625], [0.0, 0.0, 0.0, 1.0]], [[0.010423562489449978, -0.9998140931129456, -0.016220541670918465, 0.011962890625], [0.009749535471200943, 0.016322270035743713, -0.999819278717041, 1.483306884765625], [0.9998981356620789, 0.010263515636324883, 0.009917858988046646, -1.4064483642578125], [0.0, 0.0, 0.0, 1.0]], [[-0.8438969254493713, -0.5361585021018982, -0.01929154433310032, 0.8736572265625], [0.017796453088521957, 0.007963140495121479, -0.9998099207878113, 1.4976577758789062], [0.5362102389335632, -0.8440797924995422, 0.002821648959070444, -1.1363525390625], [0.0, 0.0, 0.0, 1.0]], [[0.9479110240936279, 0.3185338079929352, 0.0009764043497852981, -1.1190185546875], [-0.0071912058629095554, 0.024464307352900505, -0.9996748566627502, 1.5618247985839844], [-0.31845417618751526, 0.9475957155227661, 0.02548062801361084, -0.1656494140625], [0.0, 0.0, 0.0, 1.0]], [[0.009174357168376446, 0.9998236298561096, 0.016384098678827286, -0.029541015625], [-0.005278235767036676, 0.016432978212833405, -0.9998509883880615, 1.56744384765625], [-0.9999440312385559, 0.009086432866752148, 0.005428066477179527, -0.0673675537109375], [0.0, 0.0, 0.0, 1.0]], [[-0.9237647652626038, 0.3829576373100281, -0.001455326797440648, 0.9814453125], [-0.001219238038174808, -0.006741167977452278, -0.9999765157699585, 1.5475902557373047], [-0.3829585313796997, -0.923741340637207, 0.0066941711120307446, -0.1158447265625], [0.0, 0.0, 0.0, 1.0]]], "view": [[0.0, -2.0, 100.0], [-2.0, 0.0, 100.0], [0.0, 0.0, 1.0]], "bev": "bev_d88e66b9af5b435883fdb24a54063c07.png", "aux": "aux_d88e66b9af5b435883fdb24a54063c07.npz", "visibility": "visibility_d88e66b9af5b435883fdb24a54063c07.png", "pose": [[0.559886634349823, 0.828569233417511, 0.0, 1845.5999755859375], [-0.828569233417511, 0.559886634349823, 0.0, 1119.1434326171875], [0.0, 0.0, 1.0, 0.0], [0.0, 0.0, 0.0, 1.0]], "pose_inverse": [[0.559886634349823, -0.828569233417511, 0.0, -106.03902435302734], [0.828569233417511, 0.559886634349823, 0.0, -2155.80078125], [0.0, 0.0, 1.0, 0.0], [0.0, 0.0, 0.0, 1.0]], "cam_ids": [0, 1, 2, 3, 4, 5], "cam_channels": ["CAM_FRONT_LEFT", "CAM_FRONT", "CAM_FRONT_RIGHT", "CAM_BACK_LEFT", "CAM_BACK", "CAM_BACK_RIGHT"], "token": "d88e66b9af5b435883fdb24a54063c07", "scene": "scene-0524"}, {"images": ["samples/CAM_FRONT_LEFT/n008-2018-08-30-10-33-52-0400__CAM_FRONT_LEFT__1535639740754799.jpg", "samples/CAM_FRONT/n008-2018-08-30-10-33-52-0400__CAM_FRONT__1535639740762404.jpg", "samples/CAM_FRONT_RIGHT/n008-2018-08-30-10-33-52-0400__CAM_FRONT_RIGHT__1535639740770482.jpg", "samples/CAM_BACK_LEFT/n008-2018-08-30-10-33-52-0400__CAM_BACK_LEFT__1535639740797405.jpg", "samples/CAM_BACK/n008-2018-08-30-10-33-52-0400__CAM_BACK__1535639740787558.jpg", "samples/CAM_BACK_RIGHT/n008-2018-08-30-10-33-52-0400__CAM_BACK_RIGHT__1535639740778113.jpg"], "intrinsics": [[[1257.8625342125129, 0.0, 827.2410631095686], [0.0, 1257.8625342125129, 450.915498205774], [0.0, 0.0, 1.0]], [[1252.8131021185304, 0.0, 826.588114781398], [0.0, 1252.8131021185304, 469.9846626224581], [0.0, 0.0, 1.0]], [[1256.7485116440405, 0.0, 817.7887570959712], [0.0, 1256.7485116440403, 451.9541780095127], [0.0, 0.0, 1.0]], [[1254.9860565800168, 0.0, 829.5769333630991], [0.0, 1254.9860565800168, 467.1680561863987], [0.0, 0.0, 1.0]], [[796.8910634503094, 0.0, 857.7774326863696], [0.0, 796.8910634503094, 476.8848988407415], [0.0, 0.0, 1.0]], [[1249.9629280788233, 0.0, 825.3768045375984], [0.0, 1249.9629280788233, 462.54816385708756], [0.0, 0.0, 1.0]]], "extrinsics": [[[0.8227287530899048, -0.5682334303855896, -0.01511077955365181, -0.65966796875], [0.003976126201450825, 0.03233535960316658, -0.9994691610336304, 1.48980712890625], [0.5684203505516052, 0.8222318887710571, 0.028862597420811653, -1.0999755859375], [0.0, 0.0, 0.0, 1.0]], [[0.010542553849518299, -0.999548077583313, -0.028150731697678566, 0.012939453125], [0.00607174402102828, 0.028215767815709114, -0.9995834827423096, 1.4821701049804688], [0.999925971031189, 0.010367237031459808, 0.006366468034684658, -1.3864364624023438], [0.0, 0.0, 0.0, 1.0]], [[-0.8438804745674133, -0.5360615849494934, -0.02244226448237896, 0.8603515625], [0.014227723702788353, 0.019455311819911003, -0.9997094869613647, 1.4969215393066406], [0.536342442035675, -0.8439546823501587, -0.008791021071374416, -1.1275634765625], [0.0, 0.0, 0.0, 1.0]], [[0.9478845596313477, 0.3186125159263611, 0.0009570253314450383, -1.1171875], [-0.010524464771151543, 0.03431248292326927, -0.9993557333946228, 1.5617446899414062], [-0.31844010949134827, 0.9472638368606567, 0.03587749972939491, -0.1651611328125], [0.0, 0.0, 0.0, 1.0]], [[0.009152124635875225, 0.9995983839035034, 0.02682025171816349, -0.029296875], [-0.008598407730460167, 0.026899052783846855, -0.9996011257171631, 1.5670013427734375], [-0.9999212026596069, 0.008917910978198051, 0.008841138333082199, -0.07440948486328125], [0.0, 0.0, 0.0, 1.0]], [[-0.923806369304657, 0.38281524181365967, 0.00585241848602891, 0.97015380859375], [-0.0045578028075397015, 0.004288689699023962, -0.9999804496765137, 1.5468688011169434], [-0.38283276557922363, -0.9238149523735046, -0.002217122120782733, -0.1197509765625], [0.0, 0.0, 0.0, 1.0]]], "view": [[0.0, -2.0, 100.0], [-2.0, 0.0, 100.0], [0.0, 0.0, 1.0]], "bev": "bev_b7e99fb76ffa4e339880fa0a233e8f27.png", "aux": "aux_b7e99fb76ffa4e339880fa0a233e8f27.npz", "visibility": "visibility_b7e99fb76ffa4e339880fa0a233e8f27.png", "pose": [[0.5565212368965149, 0.830833375453949, 0.0, 1848.560791015625], [-0.830833375453949, 0.5565212368965149, 0.0, 1114.6932373046875], [0.0, 0.0, 1.0, 0.0], [0.0, 0.0, 0.0, 1.0]], "pose_inverse": [[0.5565212368965149, -0.830833375453949, 0.0, -102.6390151977539], [0.830833375453949, 0.5565212368965149, 0.0, -2156.196533203125], [0.0, 0.0, 1.0, 0.0], [0.0, 0.0, 0.0, 1.0]], "cam_ids": [0, 1, 2, 3, 4, 5], "cam_channels": ["CAM_FRONT_LEFT", "CAM_FRONT", "CAM_FRONT_RIGHT", "CAM_BACK_LEFT", "CAM_BACK", "CAM_BACK_RIGHT"], "token": "b7e99fb76ffa4e339880fa0a233e8f27", "scene": "scene-0524"}, {"images": ["samples/CAM_FRONT_LEFT/n008-2018-08-30-10-33-52-0400__CAM_FRONT_LEFT__1535639741255187.jpg", "samples/CAM_FRONT/n008-2018-08-30-10-33-52-0400__CAM_FRONT__1535639741262404.jpg", "samples/CAM_FRONT_RIGHT/n008-2018-08-30-10-33-52-0400__CAM_FRONT_RIGHT__1535639741270482.jpg", "samples/CAM_BACK_LEFT/n008-2018-08-30-10-33-52-0400__CAM_BACK_LEFT__1535639741298245.jpg", "samples/CAM_BACK/n008-2018-08-30-10-33-52-0400__CAM_BACK__1535639741288240.jpg", "samples/CAM_BACK_RIGHT/n008-2018-08-30-10-33-52-0400__CAM_BACK_RIGHT__1535639741278113.jpg"], "intrinsics": [[[1257.8625342125129, 0.0, 827.2410631095686], [0.0, 1257.8625342125129, 450.915498205774], [0.0, 0.0, 1.0]], [[1252.8131021185304, 0.0, 826.588114781398], [0.0, 1252.8131021185304, 469.9846626224581], [0.0, 0.0, 1.0]], [[1256.7485116440405, 0.0, 817.7887570959712], [0.0, 1256.7485116440403, 451.9541780095127], [0.0, 0.0, 1.0]], [[1254.9860565800168, 0.0, 829.5769333630991], [0.0, 1254.9860565800168, 467.1680561863987], [0.0, 0.0, 1.0]], [[796.8910634503094, 0.0, 857.7774326863696], [0.0, 796.8910634503094, 476.8848988407415], [0.0, 0.0, 1.0]], [[1249.9629280788233, 0.0, 825.3768045375984], [0.0, 1249.9629280788233, 462.54816385708756], [0.0, 0.0, 1.0]]], "extrinsics": [[[0.8223087787628174, -0.5689367055892944, -0.010923033580183983, -0.6724853515625], [0.014686059206724167, 0.04040767624974251, -0.9990753531455994, 1.4941787719726562], [0.5688520073890686, 0.8213880062103271, 0.04158302769064903, -1.1048583984375], [0.0, 0.0, 0.0, 1.0]], [[0.010042550973594189, -0.9992950558662415, -0.036172233521938324, 0.010009765625], [0.016919376328587532, 0.036338694393634796, -0.9991962909698486, 1.4858779907226562], [0.9998064041137695, 0.009422470815479755, 0.017272382974624634, -1.3950424194335938], [0.0, 0.0, 0.0, 1.0]], [[-0.8439207673072815, -0.5352485775947571, -0.03614748641848564, 0.8646240234375], [0.02524583972990513, 0.02768174558877945, -0.9992979168891907, 1.4998207092285156], [0.5358734726905823, -0.8442409038543701, -0.009848401881754398, -1.1326904296875], [0.0, 0.0, 0.0, 1.0]], [[0.9478471279144287, 0.3184063732624054, 0.014256821945309639, -1.121826171875], [0.0006055512931197882, 0.042931631207466125, -0.9990777969360352, 1.5620574951171875], [-0.3187249004840851, 0.9469816088676453, 0.04049981012940407, -0.1636962890625], [0.0, 0.0, 0.0, 1.0]], [[0.009124182164669037, 0.9993314743041992, 0.03540417179465294, -0.0283203125], [0.002429191255941987, 0.03538338840007782, -0.999370813369751, 1.5683212280273438], [-0.999955415725708, 0.009204532019793987, -0.002104720566421747, -0.067474365234375], [0.0, 0.0, 0.0, 1.0]], [[-0.9236377477645874, 0.3832649290561676, -0.0011270896065980196, 0.9744873046875], [0.006474271882325411, 0.012662014923989773, -0.9998988509178162, 1.5491046905517578], [-0.3832118511199951, -0.9235516786575317, -0.014176475815474987, -0.1202392578125], [0.0, 0.0, 0.0, 1.0]]], "view": [[0.0, -2.0, 100.0], [-2.0, 0.0, 100.0], [0.0, 0.0, 1.0]], "bev": "bev_e9026a37fbb840b088677d7bbb2ea67f.png", "aux": "aux_e9026a37fbb840b088677d7bbb2ea67f.npz", "visibility": "visibility_e9026a37fbb840b088677d7bbb2ea67f.png", "pose": [[0.556439995765686, 0.8308877944946289, 0.0, 1851.0106201171875], [-0.8308877944946289, 0.556439995765686, 0.0, 1110.9840087890625], [0.0, 0.0, 1.0, 0.0], [0.0, 0.0, 0.0, 1.0]], "pose_inverse": [[0.556439995765686, -0.8308877944946289, 0.0, -106.87333679199219], [0.8308877944946289, 0.556439995765686, 0.0, -2156.177978515625], [0.0, 0.0, 1.0, 0.0], [0.0, 0.0, 0.0, 1.0]], "cam_ids": [0, 1, 2, 3, 4, 5], "cam_channels": ["CAM_FRONT_LEFT", "CAM_FRONT", "CAM_FRONT_RIGHT", "CAM_BACK_LEFT", "CAM_BACK", "CAM_BACK_RIGHT"], "token": "e9026a37fbb840b088677d7bbb2ea67f", "scene": "scene-0524"}, {"images": ["samples/CAM_FRONT_LEFT/n008-2018-08-30-10-33-52-0400__CAM_FRONT_LEFT__1535639741754799.jpg", "samples/CAM_FRONT/n008-2018-08-30-10-33-52-0400__CAM_FRONT__1535639741762404.jpg", "samples/CAM_FRONT_RIGHT/n008-2018-08-30-10-33-52-0400__CAM_FRONT_RIGHT__1535639741770482.jpg", "samples/CAM_BACK_LEFT/n008-2018-08-30-10-33-52-0400__CAM_BACK_LEFT__1535639741797405.jpg", "samples/CAM_BACK/n008-2018-08-30-10-33-52-0400__CAM_BACK__1535639741787558.jpg", "samples/CAM_BACK_RIGHT/n008-2018-08-30-10-33-52-0400__CAM_BACK_RIGHT__1535639741778113.jpg"], "intrinsics": [[[1257.8625342125129, 0.0, 827.2410631095686], [0.0, 1257.8625342125129, 450.915498205774], [0.0, 0.0, 1.0]], [[1252.8131021185304, 0.0, 826.588114781398], [0.0, 1252.8131021185304, 469.9846626224581], [0.0, 0.0, 1.0]], [[1256.7485116440405, 0.0, 817.7887570959712], [0.0, 1256.7485116440403, 451.9541780095127], [0.0, 0.0, 1.0]], [[1254.9860565800168, 0.0, 829.5769333630991], [0.0, 1254.9860565800168, 467.1680561863987], [0.0, 0.0, 1.0]], [[796.8910634503094, 0.0, 857.7774326863696], [0.0, 796.8910634503094, 476.8848988407415], [0.0, 0.0, 1.0]], [[1249.9629280788233, 0.0, 825.3768045375984], [0.0, 1249.9629280788233, 462.54816385708756], [0.0, 0.0, 1.0]]], "extrinsics": [[[0.8229177594184875, -0.568125307559967, -0.006337103433907032, -0.6707763671875], [0.0224386565387249, 0.04364290460944176, -0.9987951517105103, 1.4970779418945312], [0.5677173733711243, 0.8217840790748596, 0.04866248741745949, -1.109375], [0.0, 0.0, 0.0, 1.0]], [[0.011112866923213005, -0.9991661310195923, -0.03928756341338158, 0.01416015625], [0.02468983083963394, 0.039552196860313416, -0.9989124536514282, 1.4882659912109375], [0.9996333718299866, 0.01013085525482893, 0.025108784437179565, -1.3987274169921875], [0.0, 0.0, 0.0, 1.0]], [[-0.8432995676994324, -0.5356066823005676, -0.044398531317710876, 0.86962890625], [0.03297986090183258, 0.030883273109793663, -0.9989787340164185, 1.501678466796875], [0.5364309549331665, -0.8439027070999146, -0.008379615843296051, -1.132568359375], [0.0, 0.0, 0.0, 1.0]], [[0.9477003812789917, 0.31836065649986267, 0.022592555731534958, -1.12042236328125], [0.008259221911430359, 0.04630059748888016, -0.9988933801651001, 1.5622329711914062], [-0.31905436515808105, 0.9468382596969604, 0.041249681264162064, -0.16455078125], [0.0, 0.0, 0.0, 1.0]], [[0.008659202605485916, 0.9992108941078186, 0.03876336291432381, -0.029296875], [0.010204726830124855, 0.0386744923889637, -0.9991997480392456, 1.56915283203125], [-0.9999104738235474, 0.009047839790582657, -0.009861784987151623, -0.06845