[{"images": ["samples/CAM_FRONT_LEFT/n008-2018-08-30-15-52-26-0400__CAM_FRONT_LEFT__1535659587004799.jpg", "samples/CAM_FRONT/n008-2018-08-30-15-52-26-0400__CAM_FRONT__1535659587012404.jpg", "samples/CAM_FRONT_RIGHT/n008-2018-08-30-15-52-26-0400__CAM_FRONT_RIGHT__1535659587020482.jpg", "samples/CAM_BACK_LEFT/n008-2018-08-30-15-52-26-0400__CAM_BACK_LEFT__1535659587047405.jpg", "samples/CAM_BACK/n008-2018-08-30-15-52-26-0400__CAM_BACK__1535659587037558.jpg", "samples/CAM_BACK_RIGHT/n008-2018-08-30-15-52-26-0400__CAM_BACK_RIGHT__1535659587028113.jpg"], "intrinsics": [[[1257.8625342125129, 0.0, 827.2410631095686], [0.0, 1257.8625342125129, 450.915498205774], [0.0, 0.0, 1.0]], [[1252.8131021185304, 0.0, 826.588114781398], [0.0, 1252.8131021185304, 469.9846626224581], [0.0, 0.0, 1.0]], [[1256.7485116440405, 0.0, 817.7887570959712], [0.0, 1256.7485116440403, 451.9541780095127], [0.0, 0.0, 1.0]], [[1254.9860565800168, 0.0, 829.5769333630991], [0.0, 1254.9860565800168, 467.1680561863987], [0.0, 0.0, 1.0]], [[796.8910634503094, 0.0, 857.7774326863696], [0.0, 796.8910634503094, 476.8848988407415], [0.0, 0.0, 1.0]], [[1249.9629280788233, 0.0, 825.3768045375984], [0.0, 1249.9629280788233, 462.54816385708756], [0.0, 0.0, 1.0]]], "extrinsics": [[[0.8225882053375244, -0.5686324834823608, -0.002426034538075328, -1.0050048828125], [0.01690596528351307, 0.028720371425151825, -0.9994444847106934, 1.4882936477661133], [0.5683861970901489, 0.822090208530426, 0.03323831781744957, -1.33343505859375], [0.0, 0.0, 0.0, 1.0]], [[0.010469675995409489, -0.9996472001075745, -0.02440912462770939, 0.005340576171875], [0.01886851340532303, 0.02460361458361149, -0.9995192289352417, 1.4801654815673828], [0.9997671246528625, 0.010004035197198391, 0.019119448959827423, -1.7347412109375], [0.0, 0.0, 0.0, 1.0]], [[-0.843722939491272, -0.535869300365448, -0.031234459951519966, 1.0906982421875], [0.026897747069597244, 0.01590864360332489, -0.9995115995407104, 1.493072509765625], [0.5361045002937317, -0.8441510796546936, 0.0009911872912198305, -1.277587890625], [0.0, 0.0, 0.0, 1.0]], [[0.9478259086608887, 0.31858688592910767, 0.011329321190714836, -1.1439208984375], [0.0015053371898829937, 0.03106543980538845, -0.9995161890983582, 1.5620431900024414], [-0.3187846839427948, 0.9473844170570374, 0.028965050354599953, -0.1561279296875], [0.0, 0.0, 0.0, 1.0]], [[0.009011710062623024, 0.9996814131736755, 0.023578019812703133, -0.0289306640625], [0.003635547822341323, 0.023546064272522926, -0.9997161030769348, 1.5680601596832275], [-0.9999527931213379, 0.009094888344407082, -0.00342219858430326, 0.0443115234375], [0.0, 0.0, 0.0, 1.0]], [[-0.9236977696418762, 0.3830592632293701, -0.006918429862707853, 1.1607666015625], [0.007840462028980255, 0.0008458305965177715, -0.999968945980072, 1.547811508178711], [-0.38304153084754944, -0.9237233400344849, -0.0037846544291824102, -0.0436859130859375], [0.0, 0.0, 0.0, 1.0]]], "view": [[0.0, -2.0, 100.0], [-2.0, 0.0, 100.0], [0.0, 0.0, 1.0]], "bev": "bev_5ff965c9ce794f0d926d370a554b6d44.png", "aux": "aux_5ff965c9ce794f0d926d370a554b6d44.npz", "visibility": "visibility_5ff965c9ce794f0d926d370a554b6d44.png", "pose": [[0.6272387504577637, -0.7788270115852356, 0.0, 1211.6033935546875], [0.7788270115852356, 0.6272387504577637, 0.0, 948.9801025390625], [0.0, 0.0, 1.0, 0.0], [0.0, 0.0, 0.0, 1.0]], "pose_inverse": [[0.6272387504577637, 0.7788270115852356, 0.0, -1499.0560302734375], [-0.7788270115852356, 0.6272387504577637, 0.0, 348.392333984375], [0.0, 0.0, 1.0, 0.0], [0.0, 0.0, 0.0, 1.0]], "cam_ids": [0, 1, 2, 3, 4, 5], "cam_channels": ["CAM_FRONT_LEFT", "CAM_FRONT", "CAM_FRONT_RIGHT", "CAM_BACK_LEFT", "CAM_BACK", "CAM_BACK_RIGHT"], "token": "5ff965c9ce794f0d926d370a554b6d44", "scene": "scene-0546"}, {"images": ["samples/CAM_FRONT_LEFT/n008-2018-08-30-15-52-26-0400__CAM_FRONT_LEFT__1535659587504799.jpg", "samples/CAM_FRONT/n008-2018-08-30-15-52-26-0400__CAM_FRONT__1535659587512404.jpg", "samples/CAM_FRONT_RIGHT/n008-2018-08-30-15-52-26-0400__CAM_FRONT_RIGHT__1535659587520482.jpg", "samples/CAM_BACK_LEFT/n008-2018-08-30-15-52-26-0400__CAM_BACK_LEFT__1535659587547405.jpg", "samples/CAM_BACK/n008-2018-08-30-15-52-26-0400__CAM_BACK__1535659587537558.jpg", "samples/CAM_BACK_RIGHT/n008-2018-08-30-15-52-26-0400__CAM_BACK_RIGHT__1535659587528113.jpg"], "intrinsics": [[[1257.8625342125129, 0.0, 827.2410631095686], [0.0, 1257.8625342125129, 450.915498205774], [0.0, 0.0, 1.0]], [[1252.8131021185304, 0.0, 826.588114781398], [0.0, 1252.8131021185304, 469.9846626224581], [0.0, 0.0, 1.0]], [[1256.7485116440405, 0.0, 817.7887570959712], [0.0, 1256.7485116440403, 451.9541780095127], [0.0, 0.0, 1.0]], [[1254.9860565800168, 0.0, 829.5769333630991], [0.0, 1254.9860565800168, 467.1680561863987], [0.0, 0.0, 1.0]], [[796.8910634503094, 0.0, 857.7774326863696], [0.0, 796.8910634503094, 476.8848988407415], [0.0, 0.0, 1.0]], [[1249.9629280788233, 0.0, 825.3768045375984], [0.0, 1249.9629280788233, 462.54816385708756], [0.0, 0.0, 1.0]]], "extrinsics": [[[0.8225876688957214, -0.5686339139938354, -0.0022558809723705053, -1.0047607421875], [0.017016470432281494, 0.028581084683537483, -0.9994466304779053, 1.4882936477661133], [0.5683836936950684, 0.8220940828323364, 0.03318658843636513, -1.33331298828125], [0.0, 0.0, 0.0, 1.0]], [[0.010468728840351105, -0.9996510744094849, -0.024250544607639313, 0.005462646484375], [0.01896568574011326, 0.02444601058959961, -0.9995212554931641, 1.48016357421875], [0.9997652769088745, 0.010003698989748955, 0.019214985892176628, -1.7347412109375], [0.0, 0.0, 0.0, 1.0]], [[-0.8437225818634033, -0.5358712673187256, -0.03120954893529415, 1.0906982421875], [0.02698068507015705, 0.015731588006019592, -0.9995121359825134, 1.493072509765625], [0.5361009836196899, -0.844153106212616, 0.001185078639537096, -1.277587890625], [0.0, 0.0, 0.0, 1.0]], [[0.9478263258934021, 0.3185847997665405, 0.011360657401382923, -1.143798828125], [0.0016010843683034182, 0.030879301950335503, -0.999521791934967, 1.5620412826538086], [-0.3187832534313202, 0.9473912119865417, 0.028758132830262184, -0.156005859375], [0.0, 0.0, 0.0, 1.0]], [[0.009013748727738857, 0.9996857047080994, 0.02339457906782627, -0.028839111328125], [0.003725263988599181, 0.023361796513199806, -0.9997200965881348, 1.5680625438690186], [-0.9999524354934692, 0.009098310954868793, -0.0035135168582201004, 0.0443115234375], [0.0, 0.0, 0.0, 1.0]], [[-0.9236957430839539, 0.3830616772174835, -0.007064511068165302, 1.1607666015625], [0.007922208867967129, 0.0006615715683437884, -0.999968409538269, 1.5478105545043945], [-0.38304486870765686, -0.923722505569458, -0.0036457849200814962, -0.0437164306640625], [0.0, 0.0, 0.0, 1.0]]], "view": [[0.0, -2.0, 100.0], [-2.0, 0.0, 100.0], [0.0, 0.0, 1.0]], "bev": "bev_b5d7c88325e5438abab406f0c127a1a5.png", "aux": "aux_b5d7c88325e5438abab406f0c127a1a5.npz", "visibility": "visibility_b5d7c88325e5438abab406f0c127a1a5.png", "pose": [[0.6272080540657043, -0.7788517475128174, 0.0, 1211.603515625], [0.7788517475128174, 0.6272080540657043, 0.0, 948.9801025390625], [0.0, 0.0, 1.0, 0.0], [0.0, 0.0, 0.0, 1.0]], "pose_inverse": [[0.6272080540657043, 0.7788517475128174, 0.0, -1499.0423583984375], [-0.7788517475128174, 0.6272080540657043, 0.0, 348.4515075683594], [0.0, 0.0, 1.0, 0.0], [0.0, 0.0, 0.0, 1.0]], "cam_ids": [0, 1, 2, 3, 4, 5], "cam_channels": ["CAM_FRONT_LEFT", "CAM_FRONT", "CAM_FRONT_RIGHT", "CAM_BACK_LEFT", "CAM_BACK", "CAM_BACK_RIGHT"], "token": "b5d7c88325e5438abab406f0c127a1a5", "scene": "scene-0546"}, {"images": ["samples/CAM_FRONT_LEFT/n008-2018-08-30-15-52-26-0400__CAM_FRONT_LEFT__1535659588004799.jpg", "samples/CAM_FRONT/n008-2018-08-30-15-52-26-0400__CAM_FRONT__1535659588012404.jpg", "samples/CAM_FRONT_RIGHT/n008-2018-08-30-15-52-26-0400__CAM_FRONT_RIGHT__1535659588020482.jpg", "samples/CAM_BACK_LEFT/n008-2018-08-30-15-52-26-0400__CAM_BACK_LEFT__1535659588047405.jpg", "samples/CAM_BACK/n008-2018-08-30-15-52-26-0400__CAM_BACK__1535659588037558.jpg", "samples/CAM_BACK_RIGHT/n008-2018-08-30-15-52-26-0400__CAM_BACK_RIGHT__1535659588028113.jpg"], "intrinsics": [[[1257.8625342125129, 0.0, 827.2410631095686], [0.0, 1257.8625342125129, 450.915498205774], [0.0, 0.0, 1.0]], [[1252.8131021185304, 0.0, 826.588114781398], [0.0, 1252.8131021185304, 469.9846626224581], [0.0, 0.0, 1.0]], [[1256.7485116440405, 0.0, 817.7887570959712], [0.0, 1256.7485116440403, 451.9541780095127], [0.0, 0.0, 1.0]], [[1254.9860565800168, 0.0, 829.5769333630991], [0.0, 1254.9860565800168, 467.1680561863987], [0.0, 0.0, 1.0]], [[796.8910634503094, 0.0, 857.7774326863696], [0.0, 796.8910634503094, 476.8848988407415], [0.0, 0.0, 1.0]], [[1249.9629280788233, 0.0, 825.3768045375984], [0.0, 1249.9629280788233, 462.54816385708756], [0.0, 0.0, 1.0]]], "extrinsics": [[[0.8225913047790527, -0.56862872838974, -0.002255744067952037, -1.005126953125], [0.01699291728436947, 0.028547141700983047, -0.9994479417800903, 1.488295555114746], [0.5683792233467102, 0.8220988512039185, 0.03314528986811638, -1.33331298828125], [0.0, 0.0, 0.0, 1.0]], [[0.010469334200024605, -0.9996513724327087, -0.024238629266619682, 0.00531005859375], [0.018953872844576836, 0.024433990940451622, -0.999521791934967, 1.48016357421875], [0.9997655749320984, 0.010004890151321888, 0.019203072413802147, -1.734619140625], [0.0, 0.0, 0.0, 1.0]], [[-0.8437231779098511, -0.5358701348304749, -0.03121606633067131, 1.090576171875], [0.026981215924024582, 0.015742909163236618, -0.9995119571685791, 1.4930686950683594], [0.5361000299453735, -0.8441537022590637, 0.0011757698375731707, -1.277587890625], [0.0, 0.0, 0.0, 1.0]], [[0.9478236436843872, 0.31859147548675537, 0.011388697661459446, -1.1439208984375], [0.0016195231582969427, 0.030911732465028763, -0.9995207786560059, 1.562042236328125], [-0.31879088282585144, 0.9473879337310791, 0.028782907873392105, -0.15618896484375], [0.0, 0.0, 0.0, 1.0]], [[0.00901226419955492, 0.9996851086616516, 0.023421671241521835, -0.02886962890625], [0.003738949541002512, 0.02338876947760582, -0.9997193813323975, 1.5680618286132812], [-0.9999523758888245, 0.009097280912101269, -0.0035269861109554768, 0.0443115234375], [0.0, 0.0, 0.0, 1.0]], [[-0.9236953854560852, 0.3830624520778656, -0.007065509911626577, 1.16064453125], [0.007930832915008068, 0.0006797533133067191, -0.9999683499336243, 1.5478105545043945], [-0.383045494556427, -0.9237222075462341, -0.0036658882163465023, -0.0437164306640625], [0.0, 0.0, 0.0, 1.0]]], "view": [[0.0, -2.0, 100.0], [-2.0, 0.0, 100.0], [0.0, 0.0, 1.0]], "bev": "bev_7883d7a0710e4debab0a6e0f845a5730.png", "aux": "aux_7883d7a0710e4debab0a6e0f845a5730.npz", "visibility": "visibility_7883d7a0710e4debab0a6e0f845a5730.png", "pose": [[0.6272722482681274, -0.7788000702857971, 0.0, 1211.603515625], [0.7788000702857971, 0.6272722482681274, 0.0, 948.9800415039062], [0.0, 0.0, 1.0, 0.0], [0.0, 0.0, 0.0, 1.0]], "pose_inverse": [[0.6272722482681274, 0.7788000702857971, 0.0, -1499.0709228515625], [-0.7788000702857971, 0.6272722482681274, 0.0, 348.32806396484375], [0.0, 0.0, 1.0, 0.0], [0.0, 0.0, 0.0, 1.0]], "cam_ids": [0, 1, 2, 3, 4, 5], "cam_channels": ["CAM_FRONT_LEFT", "CAM_FRONT", "CAM_FRONT_RIGHT", "CAM_BACK_LEFT", "CAM_BACK", "CAM_BACK_RIGHT"], "token": "7883d7a0710e4debab0a6e0f845a5730", "scene": "scene-0546"}, {"images": ["samples/CAM_FRONT_LEFT/n008-2018-08-30-15-52-26-0400__CAM_FRONT_LEFT__1535659588504799.jpg", "samples/CAM_FRONT/n008-2018-08-30-15-52-26-0400__CAM_FRONT__1535659588512404.jpg", "samples/CAM_FRONT_RIGHT/n008-2018-08-30-15-52-26-0400__CAM_FRONT_RIGHT__1535659588520482.jpg", "samples/CAM_BACK_LEFT/n008-2018-08-30-15-52-26-0400__CAM_BACK_LEFT__1535659588547405.jpg", "samples/CAM_BACK/n008-2018-08-30-15-52-26-0400__CAM_BACK__1535659588537558.jpg", "samples/CAM_BACK_RIGHT/n008-2018-08-30-15-52-26-0400__CAM_BACK_RIGHT__1535659588528113.jpg"], "intrinsics": [[[1257.8625342125129, 0.0, 827.2410631095686], [0.0, 1257.8625342125129, 450.915498205774], [0.0, 0.0, 1.0]], [[1252.8131021185304, 0.0, 826.588114781398], [0.0, 1252.8131021185304, 469.9846626224581], [0.0, 0.0, 1.0]], [[1256.7485116440405, 0.0, 817.7887570959712], [0.0, 1256.7485116440403, 451.9541780095127], [0.0, 0.0, 1.0]], [[1254.9860565800168, 0.0, 829.5769333630991], [0.0, 1254.9860565800168, 467.1680561863987], [0.0, 0.0, 1.0]], [[796.8910634503094, 0.0, 857.7774326863696], [0.0, 796.8910634503094, 476.8848988407415], [0.0, 0.0, 1.0]], [[1249.9629280788233, 0.0, 825.3768045375984], [0.0, 1249.9629280788233, 462.54816385708756], [0.0, 0.0, 1.0]]], "extrinsics": [[[0.8225815892219543, -0.5686429738998413, -0.002165512414649129, -1.0050048828125], [0.017095141112804413, 0.02853541448712349, -0.9994466304779053, 1.4882946014404297], [0.5683900713920593, 0.8220893740653992, 0.033193737268447876, -1.3333740234375], [0.0, 0.0, 0.0, 1.0]], [[0.010459709912538528, -0.9996520280838013, -0.02421441674232483, 0.005340576171875], [0.019031211733818054, 0.024410368874669075, -0.9995208978652954, 1.4801654815673828], [0.9997641444206238, 0.009993878193199635, 0.01927991583943367, -1.7347412109375], [0.0, 0.0, 0.0, 1.0]], [[-0.843725860118866, -0.535864531993866, -0.031239621341228485, 1.0904541015625], [0.02703218348324299, 0.01570657640695572, -0.9995111227035522, 1.493072509765625], [0.5360932350158691, -0.8441578149795532, 0.0012335446663200855, -1.2777099609375], [0.0, 0.0, 0.0, 1.0]], [[0.9478247165679932, 0.31858864426612854, 0.01138512883335352, -1.143798828125], [0.0016271249623969197, 0.030878234654664993, -0.9995218515396118, 1.5620431900024414], [-0.31878790259361267, 0.9473899602890015, 0.028748769313097, -0.1561279296875], [0.0, 0.0, 0.0, 1.0]], [[0.009015737101435661, 0.9996858835220337, 0.023386405780911446, -0.028900146484375], [0.003760869847610593, 0.02335328981280327, -0.9997201561927795, 1.5680584907531738], [-0.9999523162841797, 0.009101249277591705, -0.003549141576513648, 0.044189453125], [0.0, 0.0, 0.0, 1.0]], [[-0.9236927628517151, 0.3830677270889282, -0.007117156405001879, 1.1607666015625], [0.007970809936523438, 0.0006412716466002166, -0.9999679923057556, 1.5478134155273438], [-0.3830508887767792, -0.9237199425697327, -0.0036456971429288387, -0.043701171875], [0.0, 0.0, 0.0, 1.0]]], "view": [[0.0, -2.0, 100.0], [-2.0, 0.0, 100.0], [0.0, 0.0, 1.0]], "bev": "bev_2db32f394ca14658b553aa17a6a8ad9d.png", "aux": "aux_2db32f394ca14658b553aa17a6a8ad9d.npz", "visibility": "visibility_2db32f394ca14658b553aa17a6a8ad9d.png", "pose": [[0.6272329688072205, -0.7788316607475281, 0.0, 1211.603515625], [0.7788316607475281, 0.6272329688072205, 0.0, 948.9800415039062], [0.0, 0.0, 1.0, 0.0], [0.0, 0.0, 0.0, 1.0]], "pose_inverse": [[0.6272329688072205, 0.7788316607475281, 0.0, -1499.053466796875], [-0.7788316607475281, 0.6272329688072205, 0.0, 348.4035949707031], [0.0, 0.0, 1.0, 0.0], [0.0, 0.0, 0.0, 1.0]], "cam_ids": [0, 1, 2, 3, 4, 5], "cam_channels": ["CAM_FRONT_LEFT", "CAM_FRONT", "CAM_FRONT_RIGHT", "CAM_BACK_LEFT", "CAM_BACK", "CAM_BACK_RIGHT"], "token": "2db32f394ca14658b553aa17a6a8ad9d", "scene": "scene-0546"}, {"images": ["samples/CAM_FRONT_LEFT/n008-2018-08-30-15-52-26-0400__CAM_FRONT_LEFT__1535659589004799.jpg", "samples/CAM_FRONT/n008-2018-08-30-15-52-26-0400__CAM_FRONT__1535659589012404.jpg", "samples/CAM_FRONT_RIGHT/n008-2018-08-30-15-52-26-0400__CAM_FRONT_RIGHT__1535659589020482.jpg", "samples/CAM_BACK_LEFT/n008-2018-08-30-15-52-26-0400__CAM_BACK_LEFT__1535659589047405.jpg", "samples/CAM_BACK/n008-2018-08-30-15-52-26-0400__CAM_BACK__1535659589037558.jpg", "samples/CAM_BACK_RIGHT/n008-2018-08-30-15-52-26-0400__CAM_BACK_RIGHT__1535659589028113.jpg"], "intrinsics": [[[1257.8625342125129, 0.0, 827.2410631095686], [0.0, 1257.8625342125129, 450.915498205774], [0.0, 0.0, 1.0]], [[1252.8131021185304, 0.0, 826.588114781398], [0.0, 1252.8131021185304, 469.9846626224581], [0.0, 0.0, 1.0]], [[1256.7485116440405, 0.0, 817.7887570959712], [0.0, 1256.7485116440403, 451.9541780095127], [0.0, 0.0, 1.0]], [[1254.9860565800168, 0.0, 829.5769333630991], [0.0, 1254.9860565800168, 467.1680561863987], [0.0, 0.0, 1.0]], [[796.8910634503094, 0.0, 857.7774326863696], [0.0, 796.8910634503094, 476.8848988407415], [0.0, 0.0, 1.0]], [[1249.9629280788233, 0.0, 825.3768045375984], [0.0, 1249.9629280788233, 462.54816385708756], [0.0, 0.0, 1.0]]], "extrinsics": [[[0.8226026296615601, -0.568612813949585, -0.0021326877176761627, -1.0050048828125], [0.017121775075793266, 0.028518397361040115, -0.9994465708732605, 1.488295555114746], [0.5683589577674866, 0.8221108913421631, 0.03319496288895607, -1.33331298828125], [0.0, 0.0, 0.0, 1.0]], [[0.01049762312322855, -0.9996519684791565, -0.02420171909034252, 0.00537109375], [0.019078630954027176, 0.02439888007938862, -0.9995202422142029, 1.48016357421875], [0.9997628927230835, 0.010030812583863735, 0.019328121095895767, -1.734619140625], [0.0, 0.0, 0.0, 1.0]], [[-0.8437069654464722, -0.5358908772468567, -0.03129547834396362, 1.090576171875], [0.027101926505565643, 0.01570102758705616, -0.999509334564209, 1.493072509765625], [0.5361193418502808, -0.8441411852836609, 0.0012766090221703053, -1.2777099609375], [0.0, 0.0, 0.0, 1.0]], [[0.9478216767311096, 0.3185938000679016, 0.011489504016935825, -1.1439208984375], [0.001730259507894516, 0.03089834563434124, -0.999521017074585, 1.5620441436767578], [-0.3187962770462036, 0.9473875761032104, 0.02873487025499344, -0.15594482421875], [0.0, 0.0, 0.0, 1.0]], [[0.00900058913975954, 0.9996857643127441, 0.023400425910949707, -0.028961181640625], [0.0038464339450001717, 0.023366589099168777, -0.9997195601463318, 1.5680606365203857], [-0.9999521374702454, 0.009088109247386456, -0.0036349117290228605, 0.044189453125], [0.0, 0.0, 0.0, 1.0]], [[-0.9237009882926941, 0.3830468952655792, -0.007186430040746927, 1.1605224609375], [0.008044474758207798, 0.0006382825085893273, -0.9999674558639526, 1.5478124618530273], [-0.3830297887325287, -0.9237287044525146, -0.003670992562547326, -0.0436859130859375], [0.0, 0.0, 0.0, 1.0]]], "view": [[0.0, -2.0, 100.0], [-2.0, 0.0, 100.0], [0.0, 0.0, 1.0]], "bev": "bev_0e639c68af60414193c2ecf9815e68b0.png", "aux": "aux_0e639c68af60414193c2ecf9815e68b0.npz", "visibility": "visibility_0e639c68af60414193c2ecf9815e68b0.png", "pose": [[0.6272019147872925, -0.7788566946983337, 0.0, 1211.603515625], [0.7788566946983337, 0.6272019147872925, 0.0, 948.9800415039062], [0.0, 0.0, 1.0, 0.0], [0.0, 0.0, 0.0, 1.0]], "pose_inverse": [[0.6272019147872925, 0.7788566946983337, 0.0, -1499.03955078125], [-0.7788566946983337, 0.6272019147872925, 0.0, 348.4634704589844], [0.0, 0.0, 1.0, 0.0], [0.0, 0.0, 0.0, 1.0]], "cam_ids": [0, 1, 2, 3, 4, 5], "cam_channels": ["CAM_FRONT_LEFT", "CAM_FRONT", "CAM_FRONT_RIGHT", "CAM_BACK_LEFT", "CAM_BACK", "CAM_BACK_RIGHT"], "token": "0e639c68af60414193c2ecf9815e68b0", "scene": "scene-0546"}, {"images": ["samples/CAM_FRONT_LEFT/n008-2018-08-30-15-52-26-0400__CAM_FRONT_LEFT__1535659589504799.jpg", "samples/CAM_FRONT/n008-2018-08-30-15-52-26-0400__CAM_FRONT__1535659589512404.jpg", "samples/CAM_FRONT_RIGHT/n008-2018-08-30-15-52-26-0400__CAM_FRONT_RIGHT__1535659589520482.jpg", "samples/CAM_BACK_LEFT/n008-2018-08-30-15-52-26-0400__CAM_BACK_LEFT__1535659589547405.jpg", "samples/CAM_BACK/n008-2018-08-30-15-52-26-0400__CAM_BACK__1535659589537558.jpg", "samples/CAM_BACK_RIGHT/n008-2018-08-30-15-52-26-0400__CAM_BACK_RIGHT__1535659589528113.jpg"], "intrinsics": [[[1257.8625342125129, 0.0, 827.2410631095686], [0.0, 1257.8625342125129, 450.915498205774], [0.0, 0.0, 1.0]], [[1252.8131021185304, 0.0, 826.588114781398], [0.0, 1252.8131021185304, 469.9846626224581], [0.0, 0.0, 1.0]], [[1256.7485116440405, 0.0, 817.7887570959712], [0.0, 1256.7485116440403, 451.9541780095127], [0.0, 0.0, 1.0]], [[1254.9860565800168, 0.0, 829.5769333630991], [0.0, 1254.9860565800168, 467.1680561863987], [0.0, 0.0, 1.0]], [[796.8910634503094, 0.0, 857.7774326863696], [0.0, 796.8910634503094, 476.8848988407415], [0.0, 0.0, 1.0]], [[1249.9629280788233, 0.0, 825.3768045375984], [0.0, 1249.9629280788233, 462.54816385708756], [0.0, 0.0, 1.0]]], "extrinsics": [[[0.8225935101509094, -0.5686258673667908, -0.0021629049442708492, -1.0047607421875], [0.01716076210141182, 0.02862696535885334, -0.9994428157806396, 1.4882946014404297], [0.5683709383010864, 0.8220980167388916, 0.03330640494823456, -1.333251953125], [0.0, 0.0, 0.0, 1.0]], [[0.010483251884579659, -0.9996493458747864, -0.02431505359709263, 0.005401611328125], [0.019116945564746857, 0.02451230399310589, -0.9995167851448059, 1.4801673889160156], [0.9997623562812805, 0.010013251565396786, 0.019367210566997528, -1.734619140625], [0.0, 0.0, 0.0, 1.0]], [[-0.8437125086784363, -0.5358766913414001, -0.0313907116651535, 1.0904541015625], [0.027139436453580856, 0.015819570049643517, -0.9995064735412598, 1.4930763244628906], [0.5361087918281555, -0.8441480994224548, 0.0011962195858359337, -1.277587890625], [0.0, 0.0, 0.0, 1.0]], [[0.947822093963623, 0.31859129667282104, 0.0115297120064497, -1.1439208984375], [0.0017446894198656082, 0.03098170831799507, -0.9995184540748596, 1.5620393753051758], [-0.3187950849533081, 0.9473857283592224, 0.028809303417801857, -0.15606689453125], [0.0, 0.0, 0.0, 1.0]], [[0.009004893712699413, 0.9996833205223083, 0.02349894493818283, -0.028839111328125], [0.0038695356342941523, 0.023464884608983994, -0.9997171759605408, 1.5680599212646484], [-0.999951958656311, 0.00909330416470766, -0.003657012479379773, 0.044189453125], [0.0, 0.0, 0.0, 1.0]], [[-0.923697292804718, 0.3830558955669403, -0.007170205004513264, 1.16064453125], [0.00807572714984417, 0.0007559136720374227, -0.999967098236084, 1.5478134155273438], [-0.383037805557251, -0.9237248301506042, -0.0037916875444352627, -0.043701171875], [0.0, 0.0, 0.0, 1.0]]], "view": [[0.0, -2.0, 100.0], [-2.0, 0.0, 100.0], [0.0, 0.0, 1.0]], "bev": "bev_b95bd122500a46658d7ca020a3f64487.png", "aux": "aux_b95bd122500a46658d7ca020a3f64487.npz", "visibility": "visibility_b95bd122500a46658d7ca020a3f64487.png", "pose": [[0.6273176670074463, -0.778763473033905, 0.0, 1211.603515625], [0.778763473033905, 0.6273176670074463, 0.0, 948.9800415039062], [0.0, 0.0, 1.0, 0.0], [0.0, 0.0, 0.0, 1.0]], "pose_inverse": [[0.6273176670074463, 0.778763473033905, 0.0, -1499.09130859375], [-0.778763473033905, 0.6273176670074463, 0.0, 348.2406005859375], [0.0, 0.0, 1.0, 0.0], [0.0, 0.0, 0.0, 1.0]], "cam_ids": [0, 1, 2, 3, 4, 5], "cam_channels": ["CAM_FRONT_LEFT", "CAM_FRONT", "CAM_FRONT_RIGHT", "CAM_BACK_LEFT", "CAM_BACK", "CAM_BACK_RIGHT"], "token": "b95bd122500a46658d7ca020a3f64487", "scene": "scene-0546"}, {"images": ["samples/CAM_FRONT_LEFT/n008-2018-08-30-15-52-26-0400__CAM_FRONT_LEFT__1535659590004799.jpg", "samples/CAM_FRONT/n008-2018-08-30-15-52-26-0400__CAM_FRONT__1535659590012404.jpg", "samples/CAM_FRONT_RIGHT/n008-2018-08-30-15-52-26-0400__CAM_FRONT_RIGHT__1535659590020482.jpg", "samples/CAM_BACK_LEFT/n008-2018-08-30-15-52-26-0400__CAM_BACK_LEFT__1535659590047405.jpg", "samples/CAM_BACK/n008-2018-08-30-15-52-26-0400__CAM_BACK__1535659590037558.jpg", "samples/CAM_BACK_RIGHT/n008-2018-08-30-15-52-26-0400__CAM_BACK_RIGHT__1535659590028113.jpg"], "intrinsics": [[[1257.8625342125129, 0.0, 827.2410631095686], [0.0, 1257.8625342125129, 450.915498205774], [0.0, 0.0, 1.0]], [[1252.8131021185304, 0.0, 826.588114781398], [0.0, 1252.8131021185304, 469.9846626224581], [0.0, 0.0, 1.0]], [[1256.7485116440405, 0.0, 817.7887570959712], [0.0, 1256.7485116440403, 451.9541780095127], [0.0, 0.0, 1.0]], [[1254.9860565800168, 0.0, 829.5769333630991], [0.0, 1254.9860565800168, 467.1680561863987], [0.0, 0.0, 1.0]], [[796.8910634503094, 0.0, 857.7774326863696], [0.0, 796.8910634503094, 476.8848988407415], [0.0, 0.0, 1.0]], [[1249.9629280788233, 0.0, 825.3768045375984], [0.0, 1249.9629280788233, 462.54816385708756], [0.0, 0.0, 1.0]]], "extrinsics": [[[0.8226058483123779, -0.5686079859733582, -0.0021590578835457563, -1.0048828125], [0.01718398742377758, 0.028655072674155235, -0.9994416236877441, 1.4882936477661133], [0.5683523416519165, 0.8221094012260437, 0.03334278240799904, -1.333251953125], [0.0, 0.0, 0.0, 1.0]], [[0.010499821044504642, -0.9996484518051147, -0.024345379322767258, 0.005279541015625], [0.019133122637867928, 0.02454311214387417, -0.9995156526565552, 1.4801654815673828], [0.9997617602348328, 0.010028972290456295, 0.019384097307920456, -1.73486328125], [0.0, 0.0, 0.0, 1.0]], [[-0.8437055945396423, -0.5358860492706299, -0.03141611069440842, 1.090576171875], [0.027148094028234482, 0.015853334218263626, -0.9995056986808777, 1.4930686950683594], [0.5361192226409912, -0.8441415429115295, 0.001172737218439579, -1.277587890625], [0.0, 0.0, 0.0, 1.0]], [[0.9478227496147156, 0.3185873329639435, 0.01157989539206028, -1.1439208984375], [0.0017814140301197767, 0.031030217185616493, -0.9995168447494507, 1.5620412826538086], [-0.31879279017448425, 0.9473854899406433, 0.028843609616160393, -0.1561279296875], [0.0, 0.0, 0.0, 1.0]], [[0.00899964477866888, 0.9996823668479919, 0.023539384827017784, -0.0289306640625], [0.003900153562426567, 0.023505065590143204, -0.9997161030769348, 1.568061351776123], [-0.9999518990516663, 0.009088939055800438, -0.00368737755343318, 0.0443115234375], [0.0, 0.0, 0.0, 1.0]], [[-0.923700749874115, 0.38304752111434937, -0.007178409956395626, 1.1607666015625], [0.008098850026726723, 0.0007903524674475193, -0.9999668598175049, 1.5478105545043945], [-0.38302913308143616, -0.9237282872200012, -0.003832294372841716, -0.043731689453125], [0.0, 0.0, 0.0, 1.0]]], "view": [[0.0, -2.0, 100.0], [-2.0, 0.0, 100.0], [0.0, 0.0, 1.0]], "bev": "bev_5dcddad7d13445c8adedf165faafbeff.png", "aux": "aux_5dcddad7d13445c8adedf165faafbeff.npz", "visibility": "visibility_5dcddad7d13445c8adedf165faafbeff.png", "pose": [[0.6272242665290833, -0.7788386940956116, 0.0, 1211.603515625], [0.7788386940956116, 0.6272242665290833, 0.0, 948.9800415039062], [0.0, 0.0, 1.0, 0.0], [0.0, 0.0, 0.0, 1.0]], "pose_inverse": [[0.6272242665290833, 0.7788386940956116, 0.0, -1499.049560546875], [-0.7788386940956116, 0.6272242665290833, 0.0, 348.42041015625], [0.0, 0.0, 1.0, 0.0], [0.0, 0.0, 0.0, 1.0]], "cam_ids": [0, 1, 2, 3, 4, 5], "cam_channels": ["CAM_FRONT_LEFT", "CAM_FRONT", "CAM_FRONT_RIGHT", "CAM_BACK_LEFT", "CAM_BACK", "CAM_BACK_RIGHT"], "token": "5dcddad7d13445c8adedf165faafbeff", "scene": "scene-0546"}, {"images": ["samples/CAM_FRONT_LEFT/n008-2018-08-30-15-52-26-0400__CAM_FRONT_LEFT__1535659590504799.jpg", "samples/CAM_FRONT/n008-2018-08-30-15-52-26-0400__CAM_FRONT__1535659590512404.jpg", "samples/CAM_FRONT_RIGHT/n008-2018-08-30-15-52-26-0400__CAM_FRONT_RIGHT__1535659590520482.jpg", "samples/CAM_BACK_LEFT/n008-2018-08-30-15-52-26-0400__CAM_BACK_LEFT__1535659590547405.jpg", "samples/CAM_BACK/n008-2018-08-30-15-52-26-0400__CAM_BACK__1535659590537558.jpg", "samples/CAM_BACK_RIGHT/n008-2018-08-30-15-52-26-0400__CAM_BACK_RIGHT__1535659590528117.jpg"], "intrinsics": [[[1257.8625342125129, 0.0, 827.2410631095686], [0.0, 1257.8625342125129, 450.915498205774], [0.0, 0.0, 1.0]], [[1252.8131021185304, 0.0, 826.588114781398], [0.0, 1252.8131021185304, 469.9846626224581], [0.0, 0.0, 1.0]], [[1256.7485116440405, 0.0, 817.7887570959712], [0.0, 1256.7485116440403, 451.9541780095127], [0.0, 0.0, 1.0]], [[1254.9860565800168, 0.0, 829.5769333630991], [0.0, 1254.9860565800168, 467.1680561863987], [0.0, 0.0, 1.0]], [[796.8910634503094, 0.0, 857.7774326863696], [0.0, 796.8910634503094, 476.8848988407415], [0.0, 0.0, 1.0]], [[1249.9629280788233, 0.0, 825.3768045375984], [0.0, 1249.9629280788233, 462.54816385708756], [0.0, 0.0, 1.0]]], "extrinsics": [[[0.8226025104522705, -0.5686127543449402, -0.002194884931668639, -1.0050048828125], [0.017131997272372246, 0.028642496094107628, -0.9994428753852844, 1.488290786743164], [0.568358838558197, 0.822106659412384, 0.03330286219716072, -1.333251953125], [0.0, 0.0, 0.0, 1.0]], [[0.010491923429071903, -0.9996490478515625, -0.02432306483387947, 0.00543212890625], [0.0190859567373991, 0.02452017366886139, -0.9995171427726746, 1.4801654815673828], [0.999762773513794, 0.01002262718975544, 0.0193365216255188, -1.7347412109375], [0.0, 0.0, 0.0, 1.0]], [[-0.843710720539093, -0.5358811616897583, -0.03136236220598221, 1.090576171875], [0.027105994522571564, 0.015819361433386803, -0.9995073676109314, 1.4930763244628906], [0.536113440990448, -0.8441452383995056, 0.001178627135232091, -1.2774658203125], [0.0, 0.0, 0.0, 1.0]], [[0.9478232860565186, 0.3185885548591614, 0.01150556467473507, -1.143798828125], [0.0017234586412087083, 0.03096938319504261, -0.9995188117027283, 1.5620393753051758], [-0.31879159808158875, 0.9473870992660522, 0.02880442515015602, -0.1561279296875], [0.0, 0.0, 0.0, 1.0]], [[0.009005582891404629, 0.9996834993362427, 0.023491108790040016, -0.028839111328125], [0.003850766457617283, 0.02345721609890461, -0.9997174143791199, 1.5680601596832275], [-0.9999520778656006, 0.009093517437577248, -0.003638302907347679, 0.0443115234375], [0.0, 0.0, 0.0, 1.0]], [[-0.9236986041069031, 0.383053183555603, -0.007151419296860695, 1.1605224609375], [0.008054643869400024, 0.0007541450904682279, -0.9999672770500183, 1.5478124618530273], [-0.38303521275520325, -0.9237260222434998, -0.003781959181651473, -0.0436859130859375], [0.0, 0.0, 0.0, 1.0]]], "view": [[0.0, -2.0, 100.0], [-2.0, 0.0, 100.0], [0.0, 0.0, 1.0]], "bev": "bev_29e82469fee74dff8ac98fbc05f1cf70.png", "aux": "aux_29e82469fee74dff8ac98fbc05f1cf70.npz", "visibility": "visibility_29e82469fee74dff8ac98fbc05f1cf70.png", "pose": [[0.6272467970848083, -0.7788205742835999, 0.0, 1211.603515625], [0.7788205742835999, 0.6272467970848083, 0.0, 948.9800415039062], [0.0, 0.0, 1.0, 0.0], [0.0, 0.0, 0.0, 1.0]], "pose_inverse": [[0.6272467970848083, 0.7788205742835999, 0.0, -1499.0595703125], [-0.7788205742835999, 0.6272467970848083, 0.0, 348.37701416015625], [0.0, 0.0, 1.0, 0.0], [0.0, 0.0, 0.0, 1.0]], "cam_ids": [0, 1, 2, 3, 4, 5], "cam_channels": ["CAM_FRONT_LEFT", "CAM_FRONT", "CAM_FRONT_RIGHT", "CAM_BACK_LEFT", "CAM_BACK", "CAM_BACK_RIGHT"], "token": "29e82469fee74dff8ac98fbc05f1cf70", "scene": "scene-0546"}, {"images": ["samples/CAM_FRONT_LEFT/n008-2018-08-30-15-52-26-0400__CAM_FRONT_LEFT__1535659591004799.jpg", "samples/CAM_FRONT/n008-2018-08-30-15-52-26-0400__CAM_FRONT__1535659591012404.jpg", "samples/CAM_FRONT_RIGHT/n008-2018-08-30-15-52-26-0400__CAM_FRONT_RIGHT__1535659591020482.jpg", "samples/CAM_BACK_LEFT/n008-2018-08-30-15-52-26-0400__CAM_BACK_LEFT__1535659591047405.jpg", "samples/CAM_BACK/n008-2018-08-30-15-52-26-0400__CAM_BACK__1535659591037558.jpg", "samples/CAM_BACK_RIGHT/n008-2018-08-30-15-52-26-0400__CAM_BACK_RIGHT__1535659591028113.jpg"], "intrinsics": [[[1257.8625342125129, 0.0, 827.2410631095686], [0.0, 1257.8625342125129, 450.915498205774], [0.0, 0.0, 1.0]], [[1252.8131021185304, 0.0, 826.588114781398], [0.0, 1252.8131021185304, 469.9846626224581], [0.0, 0.0, 1.0]], [[1256.7485116440405, 0.0, 817.7887570959712], [0.0, 1256.7485116440403, 451.9541780095127], [0.0, 0.0, 1.0]], [[1254.9860565800168, 0.0, 829.5769333630991], [0.0, 1254.9860565800168, 467.1680561863987], [0.0, 0.0, 1.0]], [[796.8910634503094, 0.0, 857.7774326863696], [0.0, 796.8910634503094, 476.8848988407415], [0.0, 0.0, 1.0]], [[1249.9629280788233, 0.0, 825.3768045375984], [0.0, 1249.9629280788233, 462.54816385708756], [0.0, 0.0, 1.0]]], "extrinsics": [[[0.8225852847099304, -0.5686373114585876, -0.002242866437882185, -1.005126953125], [0.01708601601421833, 0.028658555820584297, -0.9994432330131531, 1.4882926940917969], [0.5683849453926086, 0.8220890164375305, 0.03328985348343849, -1.3333740234375], [0.0, 0.0, 0.0, 1.0]], [[0.010462896898388863, -0.9996488690376282, -0.024346983060240746, 0.0054931640625], [0.019024265930056572, 0.024542907252907753, -0.9995177388191223, 1.48016357421875], [0.9997643232345581, 0.009994522668421268, 0.019274374470114708, -1.7347412109375], [0.0, 0.0, 0.0, 1.0]], [[-0.8437250256538391, -0.5358616709709167, -0.03131207823753357, 1.090576171875], [0.027027489617466927, 0.015849126502871513, -0.9995090365409851, 1.493072509765625], [0.5360948443412781, -0.8441570997238159, 0.0011106893653050065, -1.277587890625], [0.0, 0.0, 0.0, 1.0]], [[0.9478259682655334, 0.3185829818248749, 0.011442558839917183, -1.1439208984375], [0.0016400412423536181, 0.031020380556583405, -0.9995174407958984, 1.5620431900024414], [-0.3187841475009918, 0.9473872780799866, 0.028879432007670403, -0.156005859375], [0.0, 0.0, 0.0, 1.0]], [[0.009015202522277832, 0.9996824860572815, 0.02352886274456978, -0.0289306640625], [0.0037709272000938654, 0.023495662957429886, -0.9997168183326721, 1.5680615901947021], [-0.9999522566795349, 0.00910148024559021, -0.0035579116083681583, 0.0443115234375], [0.0, 0.0, 0.0, 1.0]], [[-0.9236934185028076, 0.38306716084480286, -0.007059470750391483, 1.16064453125], [0.007969064638018608, 0.0007876648451201618, -0.9999679327011108, 1.5478105545043945], [-0.383049339056015, -0.9237201809883118, -0.0037802476435899734, -0.0437164306640625], [0.0, 0.0, 0.0, 1.0]]], "view": [[0.0, -2.0, 100.0], [-2.0, 0.0, 100.0], [0.0, 0.0, 1.0]], "bev": "bev_67b6ab7f20f44721a3633256330cc00b.png", "aux": "aux_67b6ab7f20f44721a3633256330cc00b.npz", "visibility": "visibility_67b6ab7f20f44721a3633256330cc00b.png", "pose": [[0.6272375583648682, -0.7788280248641968, 0.0, 1211.603515625], [0.7788280248641968, 0.6272375583648682, 0.0, 948.9800415039062], [0.0, 0.0, 1.0, 0.0], [0.0, 0.0, 0.0, 1.0]], "pose_inverse": [[0.6272375583648682, 0.7788280248641968, 0.0, -1499.055419921875], [-0.7788280248641968, 0.6272375583648682, 0.0, 348.39483642578125], [0.0, 0.0, 1.0, 0.0], [0.0, 0.0, 0.0, 1.0]], "cam_ids": [0, 1, 2, 3, 4, 5], "cam_channels": ["CAM_FRONT_LEFT", "CAM_FRONT", "CAM_FRONT_RIGHT", "CAM_BACK_LEFT", "CAM_BACK", "CAM_BACK_RIGHT"], "token": "67b6ab7f20f44721a3633256330cc00b", "scene": "scene-0546"}, {"images": ["samples/CAM_FRONT_LEFT/n008-2018-08-30-15-52-26-0400__CAM_FRONT_LEFT__1535659591504799.jpg", "samples/CAM_FRONT/n008-2018-08-30-15-52-26-0400__CAM_FRONT__1535659591512404.jpg", "samples/CAM_FRONT_RIGHT/n008-2018-08-30-15-52-26-0400__CAM_FRONT_RIGHT__1535659591520482.jpg", "samples/CAM_BACK_LEFT/n008-2018-08-30-15-52-26-0400__CAM_BACK_LEFT__1535659591547405.jpg", "samples/CAM_BACK/n008-2018-08-30-15-52-26-0400__CAM_BACK__1535659591537558.jpg", "samples/CAM_BACK_RIGHT/n008-2018-08-30-15-52-26-0400__CAM_BACK_RIGHT__1535659591528113.jpg"], "intrinsics": [[[1257.8625342125129, 0.0, 827.2410631095686], [0.0, 1257.8625342125129, 450.915498205774], [0.0, 0.0, 1.0]], [[1252.8131021185304, 0.0, 826.588114781398], [0.0, 1252.8131021185304, 469.9846626224581], [0.0, 0.0, 1.0]], [[1256.7485116440405, 0.0, 817.7887570959712], [0.0, 1256.7485116440403, 451.9541780095127], [0.0, 0.0, 1.0]], [[1254.9860565800168, 0.0, 829.5769333630991], [0.0, 1254.9860565800168, 467.1680561863987], [0.0, 0.0, 1.0]], [[796.8910634503094, 0.0, 857.7774326863696], [0.0, 796.8910634503094, 476.8848988407415], [0.0, 0.0, 1.0]], [[1249.9629280788233, 0.0, 825.3768045375984], [0.0, 1249.9629280788233, 462.54816385708756], [0.0, 0.0, 1.0]]], "extrinsics": [[[0.8225844502449036, -0.5686382055282593, -0.002303866669535637, -1.005126953125], [0.017013447359204292, 0.0286607276648283, -0.9994444251060486, 1.4882936477661133], [0.5683882832527161, 0.8220883011817932, 0.033250369131565094, -1.33331298828125], [0.0, 0.0, 0.0, 1.0]], [[0.010464184917509556, -0.9996485114097595, -0.02435765042901039, 0.00543212890625], [0.018965357914566994, 0.02455301210284233, -0.999518632888794, 1.48016357421875], [0.9997653961181641, 0.009997186250984669, 0.019215619191527367, -1.7347412109375], [0.0, 0.0, 0.0, 1.0]], [[-0.843724250793457, -0.5358644127845764, -0.031284622848033905, 1.090576171875], [0.026983210816979408, 0.015867633745074272, -0.9995099306106567, 1.493072509765625], [0.5360982418060303, -0.844154953956604, 0.0010714336531236768, -1.2777099609375], [0.0, 0.0, 0.0, 1.0]], [[0.9478254318237305, 0.3185848295688629, 0.011430316604673862, -1.143798828125], [0.0016187403816729784, 0.031045129522681236, -0.9995166659355164, 1.5620441436767578], [-0.31878578662872314, 0.9473857283592224, 0.028909657150506973, -0.15606689453125], [0.0, 0.0, 0.0, 1.0]], [[0.009013687260448933, 0.9996820092201233, 0.023549817502498627, -0.028900146484375], [0.003733324818313122, 0.02351696603000164, -0.9997164011001587, 1.5680642127990723], [-0.9999524354934692, 0.009099066257476807, -0.0035201613791286945, 0.04443359375], [0.0, 0.0, 0.0, 1.0]], [[-0.9236949682235718, 0.3830645978450775, -0.007011241279542446, 1.16064453125], [0.007923590019345284, 0.000803939183242619, -0.9999682903289795, 1.5478124618530273], [-0.3830467164516449, -0.923721194267273, -0.003777840407565236, -0.0436859130859375], [0.0, 0.0, 0.0, 1.0]]], "view": [[0.0, -2.0, 100.0], [-2.0, 0.0, 100.0], [0.0, 0.0, 1.0]], "bev": "bev_8d65b3f22f7248fe92ca1ae2a51a608a.png", "aux": "aux_8d65b3f22f7248fe92ca1ae2a51a608a.npz", "visibility": "visibility_8d65b3f22f7248fe92ca1ae2a51a608a.png", "pose": [[0.627203106880188, -0.7788557410240173, 0.0, 1211.603515625], [0.7788557410240173, 0.627203106880188, 0.0, 948.9800415039062], [0.0, 0.0, 1.0, 0.0], [0.0, 0.0, 0.0, 1.0]], "pose_inverse": [[0.627203106880188, 0.7788557410240173, 0.0, -1499.0400390625], [-0.7788557410240173, 0.627203106880188, 0.0, 348.46112060546875], [0.0, 0.0, 1.0, 0.0], [0.0, 0.0, 0.0, 1.0]], "cam_ids": [0, 1, 2, 3, 4, 5], "cam_channels": ["CAM_FRONT_LEFT", "CAM_FRONT", "CAM_FRONT_RIGHT", "CAM_BACK_LEFT", "CAM_BACK", "CAM_BACK_RIGHT"], "token": "8d65b3f22f7248fe92ca1ae2a51a608a", "scene": "scene-0546"}, {"images": ["samples/CAM_FRONT_LEFT/n008-2018-08-30-15-52-26-0400__CAM_FRONT_LEFT__1535659592004799.jpg", "samples/CAM_FRONT/n008-2018-08-30-15-52-26-0400__CAM_FRONT__1535659592012412.jpg", "samples/CAM_FRONT_RIGHT/n008-2018-08-30-15-52-26-0400__CAM_FRONT_RIGHT__1535659592020482.jpg", "samples/CAM_BACK_LEFT/n008-2018-08-30-15-52-26-0400__CAM_BACK_LEFT__1535659592047405.jpg", "samples/CAM_BACK/n008-2018-08-30-15-52-26-0400__CAM_BACK__1535659592037558.jpg", "samples/CAM_BACK_RIGHT/n008-2018-08-30-15-52-26-0400__CAM_BACK_RIGHT__1535659592028113.jpg"], "intrinsics": [[[1257.8625342125129, 0.0, 827.2410631095686], [0.0, 1257.8625342125129, 450.915498205774], [0.0, 0.0, 1.0]], [[1252.8131021185304, 0.0, 826.588114781398], [0.0, 1252.8131021185304, 469.9846626224581], [0.0, 0.0, 1.0]], [[1256.7485116440405, 0.0, 817.7887570959712], [0.0, 1256.7485116440403, 451.9541780095127], [0.0, 0.0, 1.0]], [[1254.9860565800168, 0.0, 829.5769333630991], [0.0, 1254.9860565800168, 467.1680561863987], [0.0, 0.0, 1.0]], [[796.8910634503094, 0.0, 857.7774326863696], [0.0, 796.8910634503094, 476.8848988407415], [0.0, 0.0, 1.0]], [[1249.9629280788233, 0.0, 825.3768045375984], [0.0, 1249.9629280788233, 462.54816385708756], [0.0, 0.0, 1.0]]], "extrinsics": [[[0.8226006031036377, -0.5686147212982178, -0.0023651805240660906, -1.005126953125], [0.016965636983513832, 0.028700996190309525, -0.9994440674781799, 1.4882946014404297], [0.568366527557373, 0.8221032023429871, 0.03325636684894562, -1.3333740234375], [0.0, 0.0, 0.0, 1.0]], [[0.010486908257007599, -0.9996476173400879, -0.024386517703533173, 0.00537109375], [0.018927043303847313, 0.024581927806138992, -0.999518632888794, 1.4801654815673828], [0.9997658729553223, 0.010020194575190544, 0.019178161397576332, -1.7347412109375], [0.0, 0.0, 0.0, 1.0]], [[-0.8437151908874512, -0.5358795523643494, -0.03126988559961319, 1.090576171875], [0.02695501036942005, 0.015884583815932274, -0.9995104670524597, 1.4930686950683594], [0.5361139178276062, -0.8441450595855713, 0.0010425745276734233, -1.277587890625], [0.0, 0.0, 0.0, 1.0]], [[0.9478235840797424, 0.31859174370765686, 0.011393631808459759, -1.1439208984375], [0.001571442000567913, 0.031070077791810036, -0.9995160102844238, 1.5620460510253906], [-0.31879159808158875, 0.9473826885223389, 0.028948305174708366, -0.15618896484375], [0.0, 0.0, 0.0, 1.0]], [[0.009005283005535603, 0.9996814727783203, 0.023574942722916603, -0.028839111328125], [0.0037009853404015303, 0.023542417213320732, -0.9997159838676453, 1.568061113357544], [-0.9999525547027588, 0.009090014733374119, -0.003487800