[{"images": ["samples/CAM_FRONT_LEFT/n015-2018-07-24-11-22-45+0800__CAM_FRONT_LEFT__1532402855504844.jpg", "samples/CAM_FRONT/n015-2018-07-24-11-22-45+0800__CAM_FRONT__1532402855512460.jpg", "samples/CAM_FRONT_RIGHT/n015-2018-07-24-11-22-45+0800__CAM_FRONT_RIGHT__1532402855520339.jpg", "samples/CAM_BACK_LEFT/n015-2018-07-24-11-22-45+0800__CAM_BACK_LEFT__1532402855547423.jpg", "samples/CAM_BACK/n015-2018-07-24-11-22-45+0800__CAM_BACK__1532402855537525.jpg", "samples/CAM_BACK_RIGHT/n015-2018-07-24-11-22-45+0800__CAM_BACK_RIGHT__1532402855527914.jpg"], "intrinsics": [[[1272.5979470598488, 0.0, 826.6154927353808], [0.0, 1272.5979470598488, 479.75165386361925], [0.0, 0.0, 1.0]], [[1266.417203046554, 0.0, 816.2670197447984], [0.0, 1266.417203046554, 491.50706579294757], [0.0, 0.0, 1.0]], [[1260.8474446004698, 0.0, 807.968244525554], [0.0, 1260.8474446004698, 495.3344268742088], [0.0, 0.0, 1.0]], [[1256.7414812095406, 0.0, 792.1125740759628], [0.0, 1256.7414812095406, 492.7757465151356], [0.0, 0.0, 1.0]], [[809.2209905677063, 0.0, 829.2196003259838], [0.0, 809.2209905677063, 481.77842384512485], [0.0, 0.0, 1.0]], [[1259.5137405846733, 0.0, 807.2529053838625], [0.0, 1259.5137405846733, 501.19579884916527], [0.0, 0.0, 1.0]]], "extrinsics": [[[0.8207657933235168, -0.5708044767379761, 0.02293005958199501, -0.9649810791015625], [0.009290729649364948, -0.02679608017206192, -0.9995977282524109, 1.5082473754882812], [0.571189284324646, 0.8206486701965332, -0.01669011451303959, -1.2802734375], [0.0, 0.0, 0.0, 1.0]], [[0.005716290324926376, -0.9995073080062866, 0.03086097352206707, 0.0050048828125], [0.003988143987953663, -0.03083844482898712, -0.9995164275169373, 1.5205345153808594], [0.9999756813049316, 0.005836604628711939, 0.0038098974619060755, -1.69232177734375], [0.0, 0.0, 0.0, 1.0]], [[-0.8327856063842773, -0.5535953044891357, -0.00046413540258072317, 1.0322265625], [0.009604903869330883, -0.013610581867396832, -0.9998611807823181, 1.5036468505859375], [0.5535121560096741, -0.832674503326416, 0.016651928424835205, -1.24884033203125], [0.0, 0.0, 0.0, 1.0]], [[0.9476736783981323, 0.31922340393066406, 0.0033148275688290596, -1.14227294921875], [0.018300600349903107, -0.043956458568573, -0.9988658428192139, 1.5885543823242188], [-0.31871557235717773, 0.9466595649719238, -0.04749836400151253, -0.10400390625], [0.0, 0.0, 0.0, 1.0]], [[0.0024364362470805645, 0.9994201064109802, -0.03396277129650116, 0.0028076171875], [-0.0071355486288666725, -0.03394463285803795, -0.9993982911109924, 1.5793571472167969], [-0.9999715089797974, 0.0026773151475936174, 0.007048705592751503, 0.0018310546875], [0.0, 0.0, 0.0, 1.0]], [[-0.9346376657485962, 0.3542965054512024, -0.030436350032687187, 1.136199951171875], [0.025492766872048378, -0.01861346885561943, -0.9995017051696777, 1.5514497756958008], [-0.35468652844429016, -0.9349478483200073, 0.008364850655198097, -0.0635986328125], [0.0, 0.0, 0.0, 1.0]]], "view": [[0.0, -2.0, 100.0], [-2.0, 0.0, 100.0], [0.0, 0.0, 1.0]], "bev": "bev_cf48ec22ab4e4d6e9eddb46f0fbb0b9e.png", "aux": "aux_cf48ec22ab4e4d6e9eddb46f0fbb0b9e.npz", "visibility": "visibility_cf48ec22ab4e4d6e9eddb46f0fbb0b9e.png", "pose": [[-0.998691737651825, 0.05113502964377403, 0.0, 550.8964233398438], [-0.05113502964377403, -0.998691737651825, 0.0, 1361.9803466796875], [0.0, 0.0, 1.0, 0.0], [0.0, 0.0, 0.0, 1.0]], "pose_inverse": [[-0.998691737651825, -0.05113502964377403, 0.0, 619.8206176757812], [0.05113502964377403, -0.998691737651825, 0.0, 1332.0284423828125], [0.0, 0.0, 1.0, 0.0], [0.0, 0.0, 0.0, 1.0]], "cam_ids": [0, 1, 2, 3, 4, 5], "cam_channels": ["CAM_FRONT_LEFT", "CAM_FRONT", "CAM_FRONT_RIGHT", "CAM_BACK_LEFT", "CAM_BACK", "CAM_BACK_RIGHT"], "token": "cf48ec22ab4e4d6e9eddb46f0fbb0b9e", "scene": "scene-0059"}, {"images": ["samples/CAM_FRONT_LEFT/n015-2018-07-24-11-22-45+0800__CAM_FRONT_LEFT__1532402855904844.jpg", "samples/CAM_FRONT/n015-2018-07-24-11-22-45+0800__CAM_FRONT__1532402855912460.jpg", "samples/CAM_FRONT_RIGHT/n015-2018-07-24-11-22-45+0800__CAM_FRONT_RIGHT__1532402855920339.jpg", "samples/CAM_BACK_LEFT/n015-2018-07-24-11-22-45+0800__CAM_BACK_LEFT__1532402855947423.jpg", "samples/CAM_BACK/n015-2018-07-24-11-22-45+0800__CAM_BACK__1532402855937525.jpg", "samples/CAM_BACK_RIGHT/n015-2018-07-24-11-22-45+0800__CAM_BACK_RIGHT__1532402855927893.jpg"], "intrinsics": [[[1272.5979470598488, 0.0, 826.6154927353808], [0.0, 1272.5979470598488, 479.75165386361925], [0.0, 0.0, 1.0]], [[1266.417203046554, 0.0, 816.2670197447984], [0.0, 1266.417203046554, 491.50706579294757], [0.0, 0.0, 1.0]], [[1260.8474446004698, 0.0, 807.968244525554], [0.0, 1260.8474446004698, 495.3344268742088], [0.0, 0.0, 1.0]], [[1256.7414812095406, 0.0, 792.1125740759628], [0.0, 1256.7414812095406, 492.7757465151356], [0.0, 0.0, 1.0]], [[809.2209905677063, 0.0, 829.2196003259838], [0.0, 809.2209905677063, 481.77842384512485], [0.0, 0.0, 1.0]], [[1259.5137405846733, 0.0, 807.2529053838625], [0.0, 1259.5137405846733, 501.19579884916527], [0.0, 0.0, 1.0]]], "extrinsics": [[[0.8207584023475647, -0.5708113312721252, 0.023020410910248756, -0.9649200439453125], [0.009400631301105022, -0.026796026155352592, -0.9995967149734497, 1.5082473754882812], [0.571198046207428, 0.8206437826156616, -0.016627078875899315, -1.2802734375], [0.0, 0.0, 0.0, 1.0]], [[0.005707812029868364, -0.9995070099830627, 0.03087214007973671, 0.005126953125], [0.004099834244698286, -0.030848994851112366, -0.9995156526565552, 1.5205421447753906], [0.9999752044677734, 0.005831620655953884, 0.003921733237802982, -1.69232177734375], [0.0, 0.0, 0.0, 1.0]], [[-0.8327863812446594, -0.5535941123962402, -0.0005468743038363755, 1.032470703125], [0.009718556888401508, -0.013632160611450672, -0.9998598098754883, 1.5036449432373047], [0.5535090565681458, -0.8326749801635742, 0.016732817515730858, -1.24859619140625], [0.0, 0.0, 0.0, 1.0]], [[0.9476726651191711, 0.3192254304885864, 0.003396020969375968, -1.1422119140625], [0.018382834270596504, -0.043946199119091034, -0.9988647103309631, 1.5885543823242188], [-0.3187137544155121, 0.9466592669487, -0.04751488193869591, -0.1038818359375], [0.0, 0.0, 0.0, 1.0]], [[0.0024382714182138443, 0.9994198083877563, -0.03397233784198761, 0.0025634765625], [-0.007017943076789379, -0.033954501152038574, -0.9993987679481506, 1.5793647766113281], [-0.9999723434448242, 0.002675218740478158, 0.006931081879884005, 0.00189208984375], [0.0, 0.0, 0.0, 1.0]], [[-0.9346350431442261, 0.354294091463089, -0.030545100569725037, 1.1360855102539062], [0.02560596913099289, -0.018621673807501793, -0.9994986653327942, 1.5514554977416992], [-0.3546852469444275, -0.9349486827850342, 0.008332422934472561, -0.0635986328125], [0.0, 0.0, 0.0, 1.0]]], "view": [[0.0, -2.0, 100.0], [-2.0, 0.0, 100.0], [0.0, 0.0, 1.0]], "bev": "bev_c349904781124544a5a7f5bffd4455bb.png", "aux": "aux_c349904781124544a5a7f5bffd4455bb.npz", "visibility": "visibility_c349904781124544a5a7f5bffd4455bb.png", "pose": [[-0.9986934661865234, 0.051100894808769226, 0.0, 550.8963623046875], [-0.051100894808769226, -0.9986934661865234, 0.0, 1361.9810791015625], [0.0, 0.0, 1.0, 0.0], [0.0, 0.0, 0.0, 1.0]], "pose_inverse": [[-0.9986934661865234, -0.051100894808769226, 0.0, 619.7750854492188], [0.051100894808769226, -0.9986934661865234, 0.0, 1332.05029296875], [0.0, 0.0, 1.0, 0.0], [0.0, 0.0, 0.0, 1.0]], "cam_ids": [0, 1, 2, 3, 4, 5], "cam_channels": ["CAM_FRONT_LEFT", "CAM_FRONT", "CAM_FRONT_RIGHT", "CAM_BACK_LEFT", "CAM_BACK", "CAM_BACK_RIGHT"], "token": "c349904781124544a5a7f5bffd4455bb", "scene": "scene-0059"}, {"images": ["samples/CAM_FRONT_LEFT/n015-2018-07-24-11-22-45+0800__CAM_FRONT_LEFT__1532402856354844.jpg", "samples/CAM_FRONT/n015-2018-07-24-11-22-45+0800__CAM_FRONT__1532402856362460.jpg", "samples/CAM_FRONT_RIGHT/n015-2018-07-24-11-22-45+0800__CAM_FRONT_RIGHT__1532402856370339.jpg", "samples/CAM_BACK_LEFT/n015-2018-07-24-11-22-45+0800__CAM_BACK_LEFT__1532402856397423.jpg", "samples/CAM_BACK/n015-2018-07-24-11-22-45+0800__CAM_BACK__1532402856387525.jpg", "samples/CAM_BACK_RIGHT/n015-2018-07-24-11-22-45+0800__CAM_BACK_RIGHT__1532402856378411.jpg"], "intrinsics": [[[1272.5979470598488, 0.0, 826.6154927353808], [0.0, 1272.5979470598488, 479.75165386361925], [0.0, 0.0, 1.0]], [[1266.417203046554, 0.0, 816.2670197447984], [0.0, 1266.417203046554, 491.50706579294757], [0.0, 0.0, 1.0]], [[1260.8474446004698, 0.0, 807.968244525554], [0.0, 1260.8474446004698, 495.3344268742088], [0.0, 0.0, 1.0]], [[1256.7414812095406, 0.0, 792.1125740759628], [0.0, 1256.7414812095406, 492.7757465151356], [0.0, 0.0, 1.0]], [[809.2209905677063, 0.0, 829.2196003259838], [0.0, 809.2209905677063, 481.77842384512485], [0.0, 0.0, 1.0]], [[1259.5137405846733, 0.0, 807.2529053838625], [0.0, 1259.5137405846733, 501.19579884916527], [0.0, 0.0, 1.0]]], "extrinsics": [[[0.820745050907135, -0.5708359479904175, 0.022890830412507057, -0.9648590087890625], [0.009237067773938179, -0.02680341526865959, -0.9995980858802795, 1.508249282836914], [0.5712199807167053, 0.8206265568733215, -0.016725916415452957, -1.2802734375], [0.0, 0.0, 0.0, 1.0]], [[0.005689464975148439, -0.9995068907737732, 0.0308802742511034, 0.005126953125], [0.0039414274506270885, -0.030858123674988747, -0.9995160102844238, 1.520538330078125], [0.9999760985374451, 0.005808420013636351, 0.00376391620375216, -1.69232177734375], [0.0, 0.0, 0.0, 1.0]], [[-0.8327951431274414, -0.553581178188324, -0.0004147553991060704, 1.0323486328125], [0.009568716399371624, -0.013645843602716923, -0.9998611211776733, 1.503641128540039], [0.5534985065460205, -0.8326834440231323, 0.016661254689097404, -1.2486572265625], [0.0, 0.0, 0.0, 1.0]], [[0.9476750493049622, 0.3192199766635895, 0.003258430166170001, -1.1422119140625], [0.01824733428657055, -0.0439753495156765, -0.9988659620285034, 1.5885505676269531], [-0.3187146782875061, 0.9466598629951477, -0.04749925807118416, -0.103759765625], [0.0, 0.0, 0.0, 1.0]], [[0.002441176911816001, 0.9994192123413086, -0.033990710973739624, 0.0029296875], [-0.007166535127907991, -0.03397245705127716, -0.9993970990180969, 1.5793571472167969], [-0.999971330165863, 0.002683300757780671, 0.007079439703375101, 0.001953125], [0.0, 0.0, 0.0, 1.0]], [[-0.9346354603767395, 0.35430455207824707, -0.030413508415222168, 1.1361770629882812], [0.025457194074988365, -0.018642643466591835, -0.9995020627975464, 1.5514497756958008], [-0.3546951115131378, -0.9349443316459656, 0.008404472842812538, -0.0635986328125], [0.0, 0.0, 0.0, 1.0]]], "view": [[0.0, -2.0, 100.0], [-2.0, 0.0, 100.0], [0.0, 0.0, 1.0]], "bev": "bev_1b06707dc2534ce985413fdc9e2a7eec.png", "aux": "aux_1b06707dc2534ce985413fdc9e2a7eec.npz", "visibility": "visibility_1b06707dc2534ce985413fdc9e2a7eec.png", "pose": [[-0.9986918568611145, 0.05113345757126808, 0.0, 550.8963623046875], [-0.05113345757126808, -0.9986918568611145, 0.0, 1361.981689453125], [0.0, 0.0, 1.0, 0.0], [0.0, 0.0, 0.0, 1.0]], "pose_inverse": [[-0.9986918568611145, -0.05113345757126808, 0.0, 619.8185424804688], [0.05113345757126808, -0.9986918568611145, 0.0, 1332.03076171875], [0.0, 0.0, 1.0, 0.0], [0.0, 0.0, 0.0, 1.0]], "cam_ids": [0, 1, 2, 3, 4, 5], "cam_channels": ["CAM_FRONT_LEFT", "CAM_FRONT", "CAM_FRONT_RIGHT", "CAM_BACK_LEFT", "CAM_BACK", "CAM_BACK_RIGHT"], "token": "1b06707dc2534ce985413fdc9e2a7eec", "scene": "scene-0059"}, {"images": ["samples/CAM_FRONT_LEFT/n015-2018-07-24-11-22-45+0800__CAM_FRONT_LEFT__1532402856854844.jpg", "samples/CAM_FRONT/n015-2018-07-24-11-22-45+0800__CAM_FRONT__1532402856862460.jpg", "samples/CAM_FRONT_RIGHT/n015-2018-07-24-11-22-45+0800__CAM_FRONT_RIGHT__1532402856870339.jpg", "samples/CAM_BACK_LEFT/n015-2018-07-24-11-22-45+0800__CAM_BACK_LEFT__1532402856897423.jpg", "samples/CAM_BACK/n015-2018-07-24-11-22-45+0800__CAM_BACK__1532402856887525.jpg", "samples/CAM_BACK_RIGHT/n015-2018-07-24-11-22-45+0800__CAM_BACK_RIGHT__1532402856877893.jpg"], "intrinsics": [[[1272.5979470598488, 0.0, 826.6154927353808], [0.0, 1272.5979470598488, 479.75165386361925], [0.0, 0.0, 1.0]], [[1266.417203046554, 0.0, 816.2670197447984], [0.0, 1266.417203046554, 491.50706579294757], [0.0, 0.0, 1.0]], [[1260.8474446004698, 0.0, 807.968244525554], [0.0, 1260.8474446004698, 495.3344268742088], [0.0, 0.0, 1.0]], [[1256.7414812095406, 0.0, 792.1125740759628], [0.0, 1256.7414812095406, 492.7757465151356], [0.0, 0.0, 1.0]], [[809.2209905677063, 0.0, 829.2196003259838], [0.0, 809.2209905677063, 481.77842384512485], [0.0, 0.0, 1.0]], [[1259.5137405846733, 0.0, 807.2529053838625], [0.0, 1259.5137405846733, 501.19579884916527], [0.0, 0.0, 1.0]]], "extrinsics": [[[0.8207505941390991, -0.5708239674568176, 0.022986628115177155, -0.964935302734375], [0.009300827980041504, -0.02687985636293888, -0.9995954036712646, 1.5082511901855469], [0.5712109208106995, 0.82063227891922, -0.016752522438764572, -1.280517578125], [0.0, 0.0, 0.0, 1.0]], [[0.005693170707672834, -0.9995043873786926, 0.03096066229045391, 0.0050048828125], [0.004002376925200224, -0.03093814291059971, -0.9995132684707642, 1.5205345153808594], [0.9999758005142212, 0.005814315285533667, 0.003824256593361497, -1.6923828125], [0.0, 0.0, 0.0, 1.0]], [[-0.8327948451042175, -0.5535814762115479, -0.00040976275340653956, 1.0322265625], [0.009615681134164333, -0.01372550055384636, -0.9998595714569092, 1.5036439895629883], [0.5534981489181519, -0.8326818346977234, 0.01675359159708023, -1.24871826171875], [0.0, 0.0, 0.0, 1.0]], [[0.9476737976074219, 0.31922343373298645, 0.0032486494164913893, -1.1422119140625], [0.01827702485024929, -0.044093597680330276, -0.9988601803779602, 1.5885505676269531], [-0.3187163472175598, 0.9466531276702881, -0.04762081056833267, -0.1038818359375], [0.0, 0.0, 0.0, 1.0]], [[0.0024414267390966415, 0.9994156956672668, -0.0340925008058548, 0.0028076171875], [-0.0071525853127241135, -0.03407427668571472, -0.9993937015533447, 1.5793609619140625], [-0.9999713897705078, 0.0026837994810193777, 0.007065214682370424, 0.0018310546875], [0.0, 0.0, 0.0, 1.0]], [[-0.9346345663070679, 0.3543015122413635, -0.03047366440296173, 1.1362533569335938], [0.025487486273050308, -0.018732434138655663, -0.9994996190071106, 1.5514516830444336], [-0.3546951115131378, -0.9349436163902283, 0.008477725088596344, -0.0634765625], [0.0, 0.0, 0.0, 1.0]]], "view": [[0.0, -2.0, 100.0], [-2.0, 0.0, 100.0], [0.0, 0.0, 1.0]], "bev": "bev_c2e4a0674d584dec95eb316d56e73e1f.png", "aux": "aux_c2e4a0674d584dec95eb316d56e73e1f.npz", "visibility": "visibility_c2e4a0674d584dec95eb316d56e73e1f.png", "pose": [[-0.9986956715583801, 0.051058221608400345, 0.0, 550.8963012695312], [-0.051058221608400345, -0.9986956715583801, 0.0, 1361.9822998046875], [0.0, 0.0, 1.0, 0.0], [0.0, 0.0, 0.0, 1.0]], "pose_inverse": [[-0.9986956715583801, -0.051058221608400345, 0.0, 619.7181396484375], [0.051058221608400345, -0.9986956715583801, 0.0, 1332.0780029296875], [0.0, 0.0, 1.0, 0.0], [0.0, 0.0, 0.0, 1.0]], "cam_ids": [0, 1, 2, 3, 4, 5], "cam_channels": ["CAM_FRONT_LEFT", "CAM_FRONT", "CAM_FRONT_RIGHT", "CAM_BACK_LEFT", "CAM_BACK", "CAM_BACK_RIGHT"], "token": "c2e4a0674d584dec95eb316d56e73e1f", "scene": "scene-0059"}, {"images": ["samples/CAM_FRONT_LEFT/n015-2018-07-24-11-22-45+0800__CAM_FRONT_LEFT__1532402857404844.jpg", "samples/CAM_FRONT/n015-2018-07-24-11-22-45+0800__CAM_FRONT__1532402857412593.jpg", "samples/CAM_FRONT_RIGHT/n015-2018-07-24-11-22-45+0800__CAM_FRONT_RIGHT__1532402857420339.jpg", "samples/CAM_BACK_LEFT/n015-2018-07-24-11-22-45+0800__CAM_BACK_LEFT__1532402857447423.jpg", "samples/CAM_BACK/n015-2018-07-24-11-22-45+0800__CAM_BACK__1532402857437525.jpg", "samples/CAM_BACK_RIGHT/n015-2018-07-24-11-22-45+0800__CAM_BACK_RIGHT__1532402857427893.jpg"], "intrinsics": [[[1272.5979470598488, 0.0, 826.6154927353808], [0.0, 1272.5979470598488, 479.75165386361925], [0.0, 0.0, 1.0]], [[1266.417203046554, 0.0, 816.2670197447984], [0.0, 1266.417203046554, 491.50706579294757], [0.0, 0.0, 1.0]], [[1260.8474446004698, 0.0, 807.968244525554], [0.0, 1260.8474446004698, 495.3344268742088], [0.0, 0.0, 1.0]], [[1256.7414812095406, 0.0, 792.1125740759628], [0.0, 1256.7414812095406, 492.7757465151356], [0.0, 0.0, 1.0]], [[809.2209905677063, 0.0, 829.2196003259838], [0.0, 809.2209905677063, 481.77842384512485], [0.0, 0.0, 1.0]], [[1259.5137405846733, 0.0, 807.2529053838625], [0.0, 1259.5137405846733, 501.19579884916527], [0.0, 0.0, 1.0]]], "extrinsics": [[[0.8207775950431824, -0.5707910656929016, 0.02284170873463154, -0.9649810791015625], [0.00915516447275877, -0.026836739853024483, -0.9995979070663452, 1.5082530975341797], [0.5711745023727417, 0.8206566572189331, -0.01680130697786808, -1.2803955078125], [0.0, 0.0, 0.0, 1.0]], [[0.005730809643864632, -0.9995052218437195, 0.030926451086997986, 0.0050048828125], [0.003869926556944847, -0.030904561281204224, -0.9995148777961731, 1.520538330078125], [0.9999760389328003, 0.005847713444381952, 0.003690902376547456, -1.6923828125], [0.0, 0.0, 0.0, 1.0]], [[-0.8327811360359192, -0.5536022186279297, -0.00032912121969275177, 1.0323486328125], [0.009504091925919056, -0.013702534139156342, -0.9998608827590942, 1.5036439895629883], [0.5535207390785217, -0.8326684832572937, 0.01667269878089428, -1.2486572265625], [0.0, 0.0, 0.0, 1.0]], [[0.9476747512817383, 0.31922149658203125, 0.003185134381055832, -1.14227294921875], [0.018201928585767746, -0.04406970739364624, -0.9988625645637512, 1.5885543823242188], [-0.3187180161476135, 0.9466548562049866, -0.04757419973611832, -0.1036376953125], [0.0, 0.0, 0.0, 1.0]], [[0.002431954722851515, 0.9994163513183594, -0.034073323011398315, 0.0028076171875], [-0.007217611186206341, -0.034054990857839584, -0.999393880367279, 1.5793609619140625], [-0.9999709129333496, 0.0026764089707285166, 0.00713057816028595, 0.001953125], [0.0, 0.0, 0.0, 1.0]], [[-0.9346426129341125, 0.3542880713939667, -0.03038293868303299, 1.13616943359375], [0.02539760060608387, -0.018713973462581635, -0.9995023012161255, 1.5514507293701172], [-0.3546803295612335, -0.9349490404129028, 0.008492809720337391, -0.0635986328125], [0.0, 0.0, 0.0, 1.0]]], "view": [[0.0, -2.0, 100.0], [-2.0, 0.0, 100.0], [0.0, 0.0, 1.0]], "bev": "bev_3a110d209dde44d1a23054893b9f7f34.png", "aux": "aux_3a110d209dde44d1a23054893b9f7f34.npz", "visibility": "visibility_3a110d209dde44d1a23054893b9f7f34.png", "pose": [[-0.9986997842788696, 0.05097784847021103, 0.0, 550.8963012695312], [-0.05097784847021103, -0.9986997842788696, 0.0, 1361.98291015625], [0.0, 0.0, 1.0, 0.0], [0.0, 0.0, 0.0, 1.0]], "pose_inverse": [[-0.9986997842788696, -0.05097784847021103, 0.0, 619.6109619140625], [0.05097784847021103, -0.9986997842788696, 0.0, 1332.1285400390625], [0.0, 0.0, 1.0, 0.0], [0.0, 0.0, 0.0, 1.0]], "cam_ids": [0, 1, 2, 3, 4, 5], "cam_channels": ["CAM_FRONT_LEFT", "CAM_FRONT", "CAM_FRONT_RIGHT", "CAM_BACK_LEFT", "CAM_BACK", "CAM_BACK_RIGHT"], "token": "3a110d209dde44d1a23054893b9f7f34", "scene": "scene-0059"}, {"images": ["samples/CAM_FRONT_LEFT/n015-2018-07-24-11-22-45+0800__CAM_FRONT_LEFT__1532402857904844.jpg", "samples/CAM_FRONT/n015-2018-07-24-11-22-45+0800__CAM_FRONT__1532402857912460.jpg", "samples/CAM_FRONT_RIGHT/n015-2018-07-24-11-22-45+0800__CAM_FRONT_RIGHT__1532402857920339.jpg", "samples/CAM_BACK_LEFT/n015-2018-07-24-11-22-45+0800__CAM_BACK_LEFT__1532402857947423.jpg", "samples/CAM_BACK/n015-2018-07-24-11-22-45+0800__CAM_BACK__1532402857937525.jpg", "samples/CAM_BACK_RIGHT/n015-2018-07-24-11-22-45+0800__CAM_BACK_RIGHT__1532402857927893.jpg"], "intrinsics": [[[1272.5979470598488, 0.0, 826.6154927353808], [0.0, 1272.5979470598488, 479.75165386361925], [0.0, 0.0, 1.0]], [[1266.417203046554, 0.0, 816.2670197447984], [0.0, 1266.417203046554, 491.50706579294757], [0.0, 0.0, 1.0]], [[1260.8474446004698, 0.0, 807.968244525554], [0.0, 1260.8474446004698, 495.3344268742088], [0.0, 0.0, 1.0]], [[1256.7414812095406, 0.0, 792.1125740759628], [0.0, 1256.7414812095406, 492.7757465151356], [0.0, 0.0, 1.0]], [[809.2209905677063, 0.0, 829.2196003259838], [0.0, 809.2209905677063, 481.77842384512485], [0.0, 0.0, 1.0]], [[1259.5137405846733, 0.0, 807.2529053838625], [0.0, 1259.5137405846733, 501.19579884916527], [0.0, 0.0, 1.0]]], "extrinsics": [[[0.8207259774208069, -0.5708602666854858, 0.0229643601924181, -0.9649810791015625], [0.009241541847586632, -0.02692476287484169, -0.9995947480201721, 1.508249282836914], [0.5712472200393677, 0.8206056356430054, -0.016822224482893944, -1.2802734375], [0.0, 0.0, 0.0, 1.0]], [[0.0056588719598948956, -0.999502956867218, 0.031011858955025673, 0.0050048828125], [0.003938969690352678, -0.030989835038781166, -0.9995119571685791, 1.520538330078125], [0.9999762177467346, 0.0057782623916864395, 0.0037616435438394547, -1.69232177734375], [0.0, 0.0, 0.0, 1.0]], [[-0.8328089118003845, -0.5535604357719421, -0.00032762272167019546, 1.0322265625], [0.009556866250932217, -0.013786145485937595, -0.9998592734336853, 1.5036420822143555], [0.5534780025482178, -0.8326948285102844, 0.016771528869867325, -1.24871826171875], [0.0, 0.0, 0.0, 1.0]], [[0.9476748108863831, 0.319221168756485, 0.003198593622073531, -1.1422119140625], [0.01823587156832218, -0.04412843659520149, -0.9988594055175781, 1.58856201171875], [-0.318715900182724, 0.9466521739959717, -0.047640688717365265, -0.103759765625], [0.0, 0.0, 0.0, 1.0]], [[0.002448874060064554, 0.9994139671325684, -0.03414366394281387, 0.0028076171875], [-0.007189946714788675, -0.03412528708577156, -0.9993916749954224, 1.5793609619140625], [-0.9999711513519287, 0.002692878246307373, 0.007102164439857006, 0.001953125], [0.0, 0.0, 0.0, 1.0]], [[-0.9346301555633545, 0.354314923286438, -0.030452897772192955, 1.1362380981445312], [0.025444066151976585, -0.01878800056874752, -0.9994996786117554, 1.5514497756958008], [-0.35470983386039734, -0.9349374175071716, 0.008544618263840675, -0.0635986328125], [0.0, 0.0, 0.0, 1.0]]], "view": [[0.0, -2.0, 100.0], [-2.0, 0.0, 100.0], [0.0, 0.0, 1.0]], "bev": "bev_5dd1cbb6bbf54bb69ee3a7448c1beb43.png", "aux": "aux_5dd1cbb6bbf54bb69ee3a7448c1beb43.npz", "visibility": "visibility_5dd1cbb6bbf54bb69ee3a7448c1beb43.png", "pose": [[-0.9986981749534607, 0.051008790731430054, 0.0, 550.896240234375], [-0.051008790731430054, -0.9986981749534607, 0.0, 1361.9832763671875], [0.0, 0.0, 1.0, 0.0], [0.0, 0.0, 0.0, 1.0]], "pose_inverse": [[-0.9986981749534607, -0.051008790731430054, 0.0, 619.6522216796875], [0.051008790731430054, -0.9986981749534607, 0.0, 1332.1097412109375], [0.0, 0.0, 1.0, 0.0], [0.0, 0.0, 0.0, 1.0]], "cam_ids": [0, 1, 2, 3, 4, 5], "cam_channels": ["CAM_FRONT_LEFT", "CAM_FRONT", "CAM_FRONT_RIGHT", "CAM_BACK_LEFT", "CAM_BACK", "CAM_BACK_RIGHT"], "token": "5dd1cbb6bbf54bb69ee3a7448c1beb43", "scene": "scene-0059"}, {"images": ["samples/CAM_FRONT_LEFT/n015-2018-07-24-11-22-45+0800__CAM_FRONT_LEFT__1532402858354844.jpg", "samples/CAM_FRONT/n015-2018-07-24-11-22-45+0800__CAM_FRONT__1532402858362460.jpg", "samples/CAM_FRONT_RIGHT/n015-2018-07-24-11-22-45+0800__CAM_FRONT_RIGHT__1532402858370339.jpg", "samples/CAM_BACK_LEFT/n015-2018-07-24-11-22-45+0800__CAM_BACK_LEFT__1532402858397429.jpg", "samples/CAM_BACK/n015-2018-07-24-11-22-45+0800__CAM_BACK__1532402858387525.jpg", "samples/CAM_BACK_RIGHT/n015-2018-07-24-11-22-45+0800__CAM_BACK_RIGHT__1532402858377893.jpg"], "intrinsics": [[[1272.5979470598488, 0.0, 826.6154927353808], [0.0, 1272.5979470598488, 479.75165386361925], [0.0, 0.0, 1.0]], [[1266.417203046554, 0.0, 816.2670197447984], [0.0, 1266.417203046554, 491.50706579294757], [0.0, 0.0, 1.0]], [[1260.8474446004698, 0.0, 807.968244525554], [0.0, 1260.8474446004698, 495.3344268742088], [0.0, 0.0, 1.0]], [[1256.7414812095406, 0.0, 792.1125740759628], [0.0, 1256.7414812095406, 492.7757465151356], [0.0, 0.0, 1.0]], [[809.2209905677063, 0.0, 829.2196003259838], [0.0, 809.2209905677063, 481.77842384512485], [0.0, 0.0, 1.0]], [[1259.5137405846733, 0.0, 807.2529053838625], [0.0, 1259.5137405846733, 501.19579884916527], [0.0, 0.0, 1.0]]], "extrinsics": [[[0.8207827210426331, -0.5707769393920898, 0.023008618503808975, -0.964996337890625], [0.009288791567087173, -0.02693731151521206, -0.99959397315979, 1.508249282836914], [0.5711650252342224, 0.8206631541252136, -0.01680785045027733, -1.2802734375], [0.0, 0.0, 0.0, 1.0]], [[0.005741072352975607, -0.9995023608207703, 0.031015537679195404, 0.0050048828125], [0.003996793180704117, -0.030992867425084114, -0.9995116591453552, 1.5205345153808594], [0.9999755620956421, 0.005862230900675058, 0.0038168716710060835, -1.6923828125], [0.0, 0.0, 0.0, 1.0]], [[-0.8327734470367432, -0.5536138415336609, -0.0003796994569711387, 1.0322265625], [0.009616417810320854, -0.01377972960472107, -0.9998587965965271, 1.5036449432373047], [0.5535304546356201, -0.8326594829559326, 0.01679917424917221, -1.24871826171875], [0.0, 0.0, 0.0, 1.0]], [[0.9476720690727234, 0.31922850012779236, 0.0032830960117280483, -1.14227294921875], [0.01831849105656147, -0.04410813748836517, -0.9988587498664856, 1.5885581970214844], [-0.31871941685676575, 0.9466507434844971, -0.04764783754944801, -0.103759765625], [0.0, 0.0, 0.0, 1.0]], [[0.0024272268638014793, 0.9994144439697266, -0.03413081169128418, 0.0028076171875], [-0.007109435740858316, -0.034112803637981415, -0.9993927478790283, 1.5793571472167969], [-0.9999718070030212, 0.0026684091426432133, 0.007022473961114883, 0.0018310546875], [0.0, 0.0, 0.0, 1.0]], [[-0.9346439838409424, 0.35427334904670715, -0.030514324083924294, 1.1362075805664062], [0.025513699278235435, -0.018778687343001366, -0.9994980692863464, 1.551447868347168], [-0.35466858744621277, -0.9349534511566162, 0.008512563072144985, -0.0634765625], [0.0, 0.0, 0.0, 1.0]]], "view": [[0.0, -2.0, 100.0], [-2.0, 0.0, 100.0], [0.0, 0.0, 1.0]], "bev": "bev_56888924189446b9b30152ef766101d8.png", "aux": "aux_56888924189446b9b30152ef766101d8.npz", "visibility": "visibility_56888924189446b9b30152ef766101d8.png", "pose": [[-0.9987058639526367, 0.05085872486233711, 0.0, 550.896240234375], [-0.05085872486233711, -0.9987058639526367, 0.0, 1361.983642578125], [0.0, 0.0, 1.0, 0.0], [0.0, 0.0, 0.0, 1.0]], "pose_inverse": [[-0.9987058639526367, -0.05085872486233711, 0.0, 619.4520263671875], [0.05085872486233711, -0.9987058639526367, 0.0, 1332.203125], [0.0, 0.0, 1.0, 0.0], [0.0, 0.0, 0.0, 1.0]], "cam_ids": [0, 1, 2, 3, 4, 5], "cam_channels": ["CAM_FRONT_LEFT", "CAM_FRONT", "CAM_FRONT_RIGHT", "CAM_BACK_LEFT", "CAM_BACK", "CAM_BACK_RIGHT"], "token": "56888924189446b9b30152ef766101d8", "scene": "scene-0059"}, {"images": ["samples/CAM_FRONT_LEFT/n015-2018-07-24-11-22-45+0800__CAM_FRONT_LEFT__1532402858854844.jpg", "samples/CAM_FRONT/n015-2018-07-24-11-22-45+0800__CAM_FRONT__1532402858862460.jpg", "samples/CAM_FRONT_RIGHT/n015-2018-07-24-11-22-45+0800__CAM_FRONT_RIGHT__1532402858870339.jpg", "samples/CAM_BACK_LEFT/n015-2018-07-24-11-22-45+0800__CAM_BACK_LEFT__1532402858897423.jpg", "samples/CAM_BACK/n015-2018-07-24-11-22-45+0800__CAM_BACK__1532402858887525.jpg", "samples/CAM_BACK_RIGHT/n015-2018-07-24-11-22-45+0800__CAM_BACK_RIGHT__1532402858877893.jpg"], "intrinsics": [[[1272.5979470598488, 0.0, 826.6154927353808], [0.0, 1272.5979470598488, 479.75165386361925], [0.0, 0.0, 1.0]], [[1266.417203046554, 0.0, 816.2670197447984], [0.0, 1266.417203046554, 491.50706579294757], [0.0, 0.0, 1.0]], [[1260.8474446004698, 0.0, 807.968244525554], [0.0, 1260.8474446004698, 495.3344268742088], [0.0, 0.0, 1.0]], [[1256.7414812095406, 0.0, 792.1125740759628], [0.0, 1256.7414812095406, 492.7757465151356], [0.0, 0.0, 1.0]], [[809.2209905677063, 0.0, 829.2196003259838], [0.0, 809.2209905677063, 481.77842384512485], [0.0, 0.0, 1.0]], [[1259.5137405846733, 0.0, 807.2529053838625], [0.0, 1259.5137405846733, 501.19579884916527], [0.0, 0.0, 1.0]]], "extrinsics": [[[0.8207443952560425, -0.570828378200531, 0.02310100570321083, -0.9649200439453125], [0.009327487088739872, -0.027041522786021233, -0.9995908141136169, 1.508249282836914], [0.5712195038795471, 0.8206239938735962, -0.016869783401489258, -1.280517578125], [0.0, 0.0, 0.0, 1.0]], [[0.00568698113784194, -0.9994993805885315, 0.03112231008708477, 0.005126953125], [0.004039238207042217, -0.031099600717425346, -0.9995081424713135, 1.520538330078125], [0.9999756217002869, 0.005809899419546127, 0.0038603534922003746, -1.69232177734375], [0.0, 0.0, 0.0, 1.0]], [[-0.8327953219413757, -0.5535808205604553, -0.00036902111605741084, 1.032470703125], [0.009670278988778591, -0.013881251215934753, -0.9998568296432495, 1.5036468505859375], [0.5534964799880981, -0.8326796889305115, 0.0169135220348835, -1.24871826171875], [0.0, 0.0, 0.0, 1.0]], [[0.9476729035377502, 0.31922632455825806, 0.0032624450977891684, -1.1422119140625], [0.01833391934633255, -0.04421895369887352, -0.9988535642623901, 1.5885505676269531], [-0.3187161087989807, 0.9466463923454285, -0.04775777459144592, -0.103759765625], [0.0, 0.0, 0.0, 1.0]], [[0.0024424789007753134, 0.9994109272956848, -0.034231990575790405, 0.0028076171875], [-0.007076614536345005, -0.03421396017074585, -0.9993894696235657, 1.5793571472167969], [-0.9999719262123108, 0.002683234866708517, 0.006988879758864641, 0.00189208984375], [0.0, 0.0, 0.0, 1.0]], [[-0.9346327185630798, 0.3542967736721039, -0.030584877356886864, 1.1361541748046875], [0.02554926835000515, -0.018883198499679565, -0.9994952082633972, 1.55145263671875], [-0.35469546914100647, -0.9349424242973328, 0.008596831001341343, -0.0634765625], [0.0, 0.0, 0.0, 1.0]]], "view": [[0.0, -2.0, 100.0], [-2.0, 0.0, 100.0], [0.0, 0.0, 1.0]], "bev": "bev_16e8481c9b204778902892a483a6dc01.png", "aux": "aux_16e8481c9b204778902892a483a6dc01.npz", "visibility": "visibility_16e8481c9b204778902892a483a6dc01.png", "pose": [[-0.9987072348594666, 0.05083170533180237, 0.0, 550.896240234375], [-0.05083170533180237, -0.9987072348594666, 0.0, 1361.9840087890625], [0.0, 0.0, 1.0, 0.0], [0.0, 0.0, 0.0, 1.0]], "pose_inverse": [[-0.9987072348594666, -0.05083170533180237, 0.0, 619.416015625], [0.05083170533180237, -0.9987072348594666, 0.0, 1332.2203369140625], [0.0, 0.0, 1.0, 0.0], [0.0, 0.0, 0.0, 1.0]], "cam_ids": [0, 1, 2, 3, 4, 5], "cam_channels": ["CAM_FRONT_LEFT", "CAM_FRONT", "CAM_FRONT_RIGHT", "CAM_BACK_LEFT", "CAM_BACK", "CAM_BACK_RIGHT"], "token": "16e8481c9b204778902892a483a6dc01", "scene": "scene-0059"}, {"images": ["samples/CAM_FRONT_LEFT/n015-2018-07-24-11-22-45+0800__CAM_FRONT_LEFT__1532402859354844.jpg", "samples/CAM_FRONT/n015-2018-07-24-11-22-45+0800__CAM_FRONT__1532402859362460.jpg", "samples/CAM_FRONT_RIGHT/n015-2018-07-24-11-22-45+0800__CAM_FRONT_RIGHT__1532402859370339.jpg", "samples/CAM_BACK_LEFT/n015-2018-07-24-11-22-45+0800__CAM_BACK_LEFT__1532402859397423.jpg", "samples/CAM_BACK/n015-2018-07-24-11-22-45+0800__CAM_BACK__1532402859387525.jpg", "samples/CAM_BACK_RIGHT/n015-2018-07-24-11-22-45+0800__CAM_BACK_RIGHT__1532402859377893.jpg"], "intrinsics": [[[1272.5979470598488, 0.0, 826.6154927353808], [0.0, 1272.5979470598488, 479.75165386361925], [0.0, 0.0, 1.0]], [[1266.417203046554, 0.0, 816.2670197447984], [0.0, 1266.417203046554, 491.50706579294757], [0.0, 0.0, 1.0]], [[1260.8474446004698, 0.0, 807.968244525554], [0.0, 1260.8474446004698, 495.3344268742088], [0.0, 0.0, 1.0]], [[1256.7414812095406, 0.0, 792.1125740759628], [0.0, 1256.7414812095406, 492.7757465151356], [0.0, 0.0, 1.0]], [[809.2209905677063, 0.0, 829.2196003259838], [0.0, 809.2209905677063, 481.77842384512485], [0.0, 0.0, 1.0]], [[1259.5137405846733, 0.0, 807.2529053838625], [0.0, 1259.5137405846733, 501.19579884916527], [0.0, 0.0, 1.0]]], "extrinsics": [[[0.8207517266273499, -0.5708122253417969, 0.02323725074529648, -0.9649658203125], [0.009462869726121426, -0.02708599716424942, -0.9995883107185364, 1.5082473754882812], [0.5712066292762756, 0.8206336498260498, -0.0168293584138155, -1.2802734375], [0.0, 0.0, 0.0, 1.0]], [[0.005699293687939644, -0.999497652053833, 0.031175823882222176, 0.0050048828125], [0.004157643765211105, -0.031152378767728806, -0.9995059967041016, 1.5205345153808594], [0.9999750852584839, 0.00582608999684453, 0.003978007938712835, -1.69232177734375], [0.0, 0.0, 0.0, 1.0]], [[-0.8327878713607788, -0.5535920262336731, -0.0004147309809923172, 1.0323486328125], [0.009768480435013771, -0.01394601073116064, -0.9998549818992615, 1.5036430358886719], [0.5535059571266174, -0.8326712250709534, 0.017021825537085533, -1.24871826171875], [0.0, 0.0, 0.0, 1.0]], [[0.9476728439331055, 0.3192252218723297, 0.0033616714645177126, -1.1422119140625], [0.018461594358086586, -0.044287703931331635, -0.9988481998443604, 1.5885505676269531], [-0.3187086582183838, 0.9466434717178345, -0.04786366969347, -0.1036376953125], [0.0, 0.0, 0.0, 1.0]], [[0.002439012983813882, 0.9994086027145386, -0.034300532191991806, 0.0028076171875], [-0.006972448900341988, -0.034282807260751724, -0.9993878602981567, 1.5793609619140625], [-0.9999727010726929, 0.0026766795199364424, 0.006884708069264889, 0.0018310546875], [0.0, 0.0, 0.0, 1.0]], [[-0.9346333742141724, 0.35428494215011597, -0.03070099838078022, 1.1362228393554688], [0.0256503876298666, -0.01894429512321949, -0.9994914531707764, 1.5514507293701172], [-0.3546864092350006, -0.9349456429481506, 0.008618426509201527, -0.0635986328125], [0.0, 0.0, 0.0, 1.0]]], "view": [[0.0, -2.0, 100.0], [-2.0, 0.0, 100.0], [0.0, 0.0, 1.0]], "bev": "bev_97c1e2a0fae14d998e1b987aa139ddcf.png", "aux": "aux_97c1e2a0fae14d998e1b987aa139ddcf.npz", "visibility": "visibility_97c1e2a0fae14d998e1b987aa139ddcf.png", "pose": [[-0.9987044930458069, 0.0508851483464241, 0.0, 550.896240234375], [-0.0508851483464241, -0.9987044930458069, 0.0, 1361.9842529296875], [0.0, 0.0, 1.0, 0.0], [0.0, 0.0, 0.0, 1.0]], "pose_inverse": [[-0.9987044930458069, -0.0508851483464241, 0.0, 619.4873046875], [0.0508851483464241, -0.9987044930458069, 0.0, 1332.1873779296875], [0.0, 0.0, 1.0, 0.0], [0.0, 0.0, 0.0, 1.0]], "cam_ids": [0, 1, 2, 3, 4, 5], "cam_channels": ["CAM_FRONT_LEFT", "CAM_FRONT", "CAM_FRONT_RIGHT", "CAM_BACK_LEFT", "CAM_BACK", "CAM_BACK_RIGHT"], "token": "97c1e2a0fae14d998e1b987aa139ddcf", "scene": "scene-0059"}, {"images": ["samples/CAM_FRONT_LEFT/n015-2018-07-24-11-22-45+0800__CAM_FRONT_LEFT__1532402859854844.jpg", "samples/CAM_FRONT/n015-2018-07-24-11-22-45+0800__CAM_FRONT__1532402859862460.jpg", "samples/CAM_FRONT_RIGHT/n015-2018-07-24-11-22-45+0800__CAM_FRONT_RIGHT__1532402859870339.jpg", "samples/CAM_BACK_LEFT/n015-2018-07-24-11-22-45+0800__CAM_BACK_LEFT__1532402859897423.jpg", "samples/CAM_BACK/n015-2018-07-24-11-22-45+0800__CAM_BACK__1532402859887525.jpg", "samples/CAM_BACK_RIGHT/n015-2018-07-24-11-22-45+0800__CAM_BACK_RIGHT__1532402859877893.jpg"], "intrinsics": [[[1272.5979470598488, 0.0, 826.6154927353808], [0.0, 1272.5979470598488, 479.75165386361925], [0.0, 0.0, 1.0]], [[1266.417203046554, 0.0, 816.2670197447984], [0.0, 1266.417203046554, 491.50706579294757], [0.0, 0.0, 1.0]], [[1260.8474446004698, 0.0, 807.968244525554], [0.0, 1260.8474446004698, 495.3344268742088], [0.0, 0.0, 1.0]], [[1256.7414812095406, 0.0, 792.1125740759628], [0.0, 1256.7414812095406, 492.7757465151356], [0.0, 0.0, 1.0]], [[809.2209905677063, 0.0, 829.2196003259838], [0.0, 809.2209905677063, 481.77842384512485], [0.0, 0.0, 1.0]], [[1259.5137405846733, 0.0, 807.2529053838625], [0.0, 1259.5137405846733, 501.19579884916527], [0.0, 0.0, 1.0]]], "extrinsics": [[[0.8207460045814514, -0.5708208084106445, 0.023227522149682045, -0.9649200439453125], [0.009473701007664204, -0.027053102850914, -0.9995890855789185, 1.5082454681396484], [0.5712146162986755, 0.8206288814544678, -0.016795940697193146, -1.2802734375], [0.0, 0.0, 0.0, 1.0]], [[0.005688736215233803, -0.9994991421699524, 0.031131669878959656, 0.005126953125], [0.004179565701633692, -0.03110813908278942, -0.9995073080062866, 1.520538330078125], [0.9999750852584839, 0.005816051736474037, 0.004000506363809109, -1.69232177734375], [0.0, 0.0, 0.0, 1.0]], [[-0.832793116569519, -0.5535840392112732, -0.0004726801416836679, 1.0322265625], [0.009806687943637371, -0.013899118639528751, -0.9998552799224854, 1.5036430358886719], [0.5534973740577698, -0.8326773643493652, 0.017003918066620827, -1.24871826171875], [0.0, 0.0, 0.0, 1.0]], [[0.9476714134216309, 0.31922948360443115, 0.003381067421287298, -1.14215087890625], [0.018467575311660767, -0.04424406960606575, -0.9988500475883484, 1.5885543823242188], [-0.3187127709388733, 0.946644127368927, -0.04782423377037048, -0.1038818359375], [0.0, 0.0, 0.0, 1.0]], [[0.0024432442151010036, 0.9994100332260132, -0.03425917029380798, 0.0028076171875], [-0.006947522982954979, -0.03424147889018059, -0.9993894696235657, 1.5793571472167969], [-0.999972939491272, 0.0026797731406986713, 0.006859760731458664, 0.00189208984375], [0.0, 0.0, 0.0, 1.0]], [[-0.9346299767494202, 0.35429269075393677, -0.030716467648744583, 1.13623046875], [0.025683045387268066, -0.01890161633491516, -0.9994913935661316, 1.5514488220214844], [-0.35469308495521545, -0.9349435567855835, 0.008566702716052532, -0.0635986328125], [0.0, 0.0, 0.0, 1.0]]], "view": [[0.0, -2.0, 100.0], [-2.0, 0.0, 100.0], [0.0, 0.0, 1.0]], "bev": "bev_0c52a1e71f6642f9aa24710e8826f225.png", "aux": "aux_0c52a1e71f6642f9aa24710e8826f225.npz", "visibility": "visibility_0c52a1e71f6642f9aa24710e8826f225.png", "pose": [[-0.9987064003944397, 0.05084829404950142, 0.0, 550.8961791992188], [-0.05084829404950142, -0.9987064003944397, 0.0, 1361.9844970703125], [0.0, 0.0, 1.0, 0.0], [0.0, 0.0, 0.0, 1.0]], "pose_inverse": [[-0.9987064003944397, -0.05084829404950142, 0.0, 619.4381103515625], [0.05084829404950142, -0.9987064003944397, 0.0, 1332.21044921875], [0.0, 0.0, 1.0, 0.0], [0.0, 0.0, 0.0, 1.0]], "cam_ids": [0, 1, 2, 3, 4, 5], "cam_channels": ["CAM_FRONT_LEFT", "CAM_FRONT", "CAM_FRONT_RIGHT", "CAM_BACK_LEFT", "CAM_BACK", "CAM_BACK_RIGHT"], "token": "0c52a1e71f6642f9aa24710e8826f225", "scene": "scene-0059"}, {"images": ["samples/CAM_FRONT_LEFT/n015-2018-07-24-11-22-45+0800__CAM_FRONT_LEFT__1532402860404844.jpg", "samples/CAM_FRONT/n015-2018-07-24-11-22-45+0800__CAM_FRONT__1532402860412460.jpg", "samples/CAM_FRONT_RIGHT/n015-2018-07-24-11-22-45+0800__CAM_FRONT_RIGHT__1532402860420364.jpg", "samples/CAM_BACK_LEFT/n015-2018-07-24-11-22-45+0800__CAM_BACK_LEFT__1532402860447423.jpg", "samples/CAM_BACK/n015-2018-07-24-11-22-45+0800__CAM_BACK__1532402860437525.jpg", "samples/CAM_BACK_RIGHT/n015-2018-07-24-11-22-45+0800__CAM_BACK_RIGHT__1532402860427901.jpg"], "intrinsics": [[[1272.5979470598488, 0.0, 826.6154927353808], [0.0, 1272.5979470598488, 479.75165386361925], [0.0, 0.0, 1.0]], [[1266.417203046554, 0.0, 816.2670197447984], [0.0, 1266.417203046554, 491.50706579294757], [0.0, 0.0, 1.0]], [[1260.8474446004698, 0.0, 807.968244525554], [0.0, 1260.8474446004698, 495.3344268742088], [0.0, 0.0, 1.0]], [[1256.7414812095406, 0.0, 792.1125740759628], [0.0, 1256.7414812095406, 492.7757465151356], [0.0, 0.0, 1.0]], [[809.2209905677063, 0.0, 829.2196003259838], [0.0, 809.2209905677063, 481.77842384512485], [0.0, 0.0, 1.0]], [[1259.5137405846733, 0.0, 807.2529053838625], [0.0, 1259.5137405846733, 501.19579884916527], [0.0, 0.0, 1.0]]], "extrinsics": [[[0.8207672834396362, -0.5707886815071106, 0.023267019540071487, -0.96502685546875], [0.009522045962512493, -0.02705390751361847, -0.9995886087417603, 1.5082473754882812], [0.5711832642555237, 0.8206512331962585, -0.016769886016845703, -1.2802734375], [0.0, 0.0, 0.0, 1.0]], [[0.005723425652831793, -0.9994984865188599, 0.031142793595790863, 0.0048828125], [0.0042182523757219315, -0.03111889585852623, -0.9995067715644836, 1.5205345153808594], [0.9999746680259705, 0.0058519658632576466, 0.004038030281662941, -1.69232177734375], [0.0, 0.0, 0.0, 1.0]], [[-0.8327768445014954, -0.5536084771156311, -0.00048601339221931994, 1.0322265625], [0.009833483025431633, -0.013914443552494049, -0.9998548030853271, 1.5036449432373047], [0.5535213351249695, -0.8326608538627625, 0.017031528055667877, -1.2486572265625], [0.0, 0.0, 0.0, 1.0]], [[0.9476709365844727, 0.31923070549964905, 0.003411497687920928, -1.142333984375], [0.018501577898859978, -0.04424961283802986, -0.9988491535186768, 1.5885581970214844], [-0.31871235370635986, 0.9466434121131897, -0.047840338200330734, -0.1038818359375], [0.0, 0.0, 0.0, 1.0]], [[0.002431894652545452, 0.9994097352027893, -0.034267645329236984, 0.00