[{"images": ["samples/CAM_FRONT_LEFT/n015-2018-08-03-15-21-40+0800__CAM_FRONT_LEFT__1533281032754844.jpg", "samples/CAM_FRONT/n015-2018-08-03-15-21-40+0800__CAM_FRONT__1533281032762460.jpg", "samples/CAM_FRONT_RIGHT/n015-2018-08-03-15-21-40+0800__CAM_FRONT_RIGHT__1533281032770339.jpg", "samples/CAM_BACK_LEFT/n015-2018-08-03-15-21-40+0800__CAM_BACK_LEFT__1533281032797423.jpg", "samples/CAM_BACK/n015-2018-08-03-15-21-40+0800__CAM_BACK__1533281032787525.jpg", "samples/CAM_BACK_RIGHT/n015-2018-08-03-15-21-40+0800__CAM_BACK_RIGHT__1533281032777893.jpg"], "intrinsics": [[[1272.5979470598488, 0.0, 826.6154927353808], [0.0, 1272.5979470598488, 479.75165386361925], [0.0, 0.0, 1.0]], [[1266.417203046554, 0.0, 816.2670197447984], [0.0, 1266.417203046554, 491.50706579294757], [0.0, 0.0, 1.0]], [[1260.8474446004698, 0.0, 807.968244525554], [0.0, 1260.8474446004698, 495.3344268742088], [0.0, 0.0, 1.0]], [[1256.7414812095406, 0.0, 792.1125740759628], [0.0, 1256.7414812095406, 492.7757465151356], [0.0, 0.0, 1.0]], [[809.2209905677063, 0.0, 829.2196003259838], [0.0, 809.2209905677063, 481.77842384512485], [0.0, 0.0, 1.0]], [[1259.5137405846733, 0.0, 807.2529053838625], [0.0, 1259.5137405846733, 501.19579884916527], [0.0, 0.0, 1.0]]], "extrinsics": [[[0.8217509388923645, -0.5696249604225159, 0.015896504744887352, -0.68328857421875], [-0.0014310363912954926, -0.02995884418487549, -0.9995501041412354, 1.5078837871551514], [0.5698449611663818, 0.8213584423065186, -0.025433862581849098, -1.08984375], [0.0, 0.0, 0.0, 1.0]], [[0.007188639137893915, -0.9993902444839478, 0.03416557237505913, 0.01045989990234375], [-0.00679099140688777, -0.034214459359645844, -0.999391496181488, 1.5187320709228516], [0.9999510049819946, 0.006952275522053242, -0.007032806519418955, -1.41015625], [0.0, 0.0, 0.0, 1.0]], [[-0.8322471976280212, -0.5543039441108704, 0.01057230681180954, 0.8485107421875], [-0.0012596355518326163, -0.017179038375616074, -0.999851644039154, 1.5034116506576538], [0.5544033646583557, -0.8321369886398315, 0.013598987832665443, -1.1229248046875], [0.0, 0.0, 0.0, 1.0]], [[0.9476046562194824, 0.3193278908729553, -0.008663627319037914, -1.1258544921875], [0.007096214219927788, -0.04815666377544403, -0.9988145232200623, 1.588714599609375], [-0.31936654448509216, 0.946419894695282, -0.04789949953556061, -0.109954833984375], [0.0, 0.0, 0.0, 1.0]], [[0.0017255746060982347, 0.9992771148681641, -0.03797722980380058, 0.001842498779296875], [-0.018191514536738396, -0.037939634174108505, -0.999114453792572, 1.5777206420898438], [-0.9998330473899841, 0.0024149047676473856, 0.018112897872924805, -0.0904541015625], [0.0, 0.0, 0.0, 1.0]], [[-0.93514484167099, 0.3536109924316406, -0.02152140624821186, 0.9808349609375], [0.014556115493178368, -0.02234567143023014, -0.9996443390846252, 1.5539016723632812], [-0.35396620631217957, -0.9351255893707275, 0.015749238431453705, -0.120330810546875], [0.0, 0.0, 0.0, 1.0]]], "view": [[0.0, -2.0, 100.0], [-2.0, 0.0, 100.0], [0.0, 0.0, 1.0]], "bev": "bev_65e374d35aed4099ac9cd42f10418203.png", "aux": "aux_65e374d35aed4099ac9cd42f10418203.npz", "visibility": "visibility_65e374d35aed4099ac9cd42f10418203.png", "pose": [[0.4960933029651642, -0.8682692050933838, 0.0, 631.3546752929688], [0.8682692050933838, 0.4960933029651642, 0.0, 1052.1934814453125], [0.0, 0.0, 1.0, 0.0], [0.0, 0.0, 0.0, 1.0]], "pose_inverse": [[0.4960933029651642, 0.8682692050933838, 0.0, -1226.798095703125], [-0.8682692050933838, 0.4960933029651642, 0.0, 26.199678421020508], [0.0, 0.0, 1.0, 0.0], [0.0, 0.0, 0.0, 1.0]], "cam_ids": [0, 1, 2, 3, 4, 5], "cam_channels": ["CAM_FRONT_LEFT", "CAM_FRONT", "CAM_FRONT_RIGHT", "CAM_BACK_LEFT", "CAM_BACK", "CAM_BACK_RIGHT"], "token": "65e374d35aed4099ac9cd42f10418203", "scene": "scene-0378"}, {"images": ["samples/CAM_FRONT_LEFT/n015-2018-08-03-15-21-40+0800__CAM_FRONT_LEFT__1533281033154844.jpg", "samples/CAM_FRONT/n015-2018-08-03-15-21-40+0800__CAM_FRONT__1533281033162460.jpg", "samples/CAM_FRONT_RIGHT/n015-2018-08-03-15-21-40+0800__CAM_FRONT_RIGHT__1533281033170339.jpg", "samples/CAM_BACK_LEFT/n015-2018-08-03-15-21-40+0800__CAM_BACK_LEFT__1533281033197423.jpg", "samples/CAM_BACK/n015-2018-08-03-15-21-40+0800__CAM_BACK__1533281033187525.jpg", "samples/CAM_BACK_RIGHT/n015-2018-08-03-15-21-40+0800__CAM_BACK_RIGHT__1533281033177893.jpg"], "intrinsics": [[[1272.5979470598488, 0.0, 826.6154927353808], [0.0, 1272.5979470598488, 479.75165386361925], [0.0, 0.0, 1.0]], [[1266.417203046554, 0.0, 816.2670197447984], [0.0, 1266.417203046554, 491.50706579294757], [0.0, 0.0, 1.0]], [[1260.8474446004698, 0.0, 807.968244525554], [0.0, 1260.8474446004698, 495.3344268742088], [0.0, 0.0, 1.0]], [[1256.7414812095406, 0.0, 792.1125740759628], [0.0, 1256.7414812095406, 492.7757465151356], [0.0, 0.0, 1.0]], [[809.2209905677063, 0.0, 829.2196003259838], [0.0, 809.2209905677063, 481.77842384512485], [0.0, 0.0, 1.0]], [[1259.5137405846733, 0.0, 807.2529053838625], [0.0, 1259.5137405846733, 501.19579884916527], [0.0, 0.0, 1.0]]], "extrinsics": [[[0.821574866771698, -0.5698474049568176, 0.01699010469019413, -0.677734375], [-0.0009034167160280049, -0.031103238463401794, -0.9995157718658447, 1.507996678352356], [0.570099949836731, 0.8211615681648254, -0.026068447157740593, -1.08331298828125], [0.0, 0.0, 0.0, 1.0]], [[0.006915215402841568, -0.9993597865104675, 0.035100825130939484, 0.0087432861328125], [-0.0061783818528056145, -0.03514369577169418, -0.9993631839752197, 1.5188117027282715], [0.9999570250511169, 0.006693998351693153, -0.006417455151677132, -1.4036865234375], [0.0, 0.0, 0.0, 1.0]], [[-0.8323680758476257, -0.5541257262229919, 0.01038468349725008, 0.843994140625], [-0.0005643952172249556, -0.01788986846804619, -0.999839723110199, 1.5035399198532104], [0.5542227625846863, -0.8322407007217407, 0.01457821112126112, -1.12164306640625], [0.0, 0.0, 0.0, 1.0]], [[0.9476772546768188, 0.3191360831260681, -0.007745128590613604, -1.1263427734375], [0.008099718950688839, -0.04829211160540581, -0.9988003373146057, 1.5886821746826172], [-0.31912726163864136, 0.9464777112007141, -0.048350244760513306, -0.108856201171875], [0.0, 0.0, 0.0, 1.0]], [[0.0018409501062706113, 0.9992659091949463, -0.03826636075973511, 0.0023136138916015625], [-0.017285026609897614, -0.03822891041636467, -0.9991195201873779, 1.577768325805664], [-0.9998489022254944, 0.00250077317468822, 0.01720195636153221, -0.0914306640625], [0.0, 0.0, 0.0, 1.0]], [[-0.9350746870040894, 0.3537406325340271, -0.022424504160881042, 0.978271484375], [0.015328827314078808, -0.022848423570394516, -0.9996214509010315, 1.5540542602539062], [-0.3541192412376404, -0.9350643754005432, 0.015942547470331192, -0.12237548828125], [0.0, 0.0, 0.0, 1.0]]], "view": [[0.0, -2.0, 100.0], [-2.0, 0.0, 100.0], [0.0, 0.0, 1.0]], "bev": "bev_d22ffcfe6c5f4a07ab7c2271f9d177b8.png", "aux": "aux_d22ffcfe6c5f4a07ab7c2271f9d177b8.npz", "visibility": "visibility_d22ffcfe6c5f4a07ab7c2271f9d177b8.png", "pose": [[0.5026629567146301, -0.8644824624061584, 0.0, 632.88720703125], [0.8644824624061584, 0.5026629567146301, 0.0, 1054.81982421875], [0.0, 0.0, 1.0, 0.0], [0.0, 0.0, 0.0, 1.0]], "pose_inverse": [[0.5026629567146301, 0.8644824624061584, 0.0, -1230.002197265625], [-0.8644824624061584, 0.5026629567146301, 0.0, 16.90102195739746], [0.0, 0.0, 1.0, 0.0], [0.0, 0.0, 0.0, 1.0]], "cam_ids": [0, 1, 2, 3, 4, 5], "cam_channels": ["CAM_FRONT_LEFT", "CAM_FRONT", "CAM_FRONT_RIGHT", "CAM_BACK_LEFT", "CAM_BACK", "CAM_BACK_RIGHT"], "token": "d22ffcfe6c5f4a07ab7c2271f9d177b8", "scene": "scene-0378"}, {"images": ["samples/CAM_FRONT_LEFT/n015-2018-08-03-15-21-40+0800__CAM_FRONT_LEFT__1533281033654844.jpg", "samples/CAM_FRONT/n015-2018-08-03-15-21-40+0800__CAM_FRONT__1533281033662460.jpg", "samples/CAM_FRONT_RIGHT/n015-2018-08-03-15-21-40+0800__CAM_FRONT_RIGHT__1533281033670339.jpg", "samples/CAM_BACK_LEFT/n015-2018-08-03-15-21-40+0800__CAM_BACK_LEFT__1533281033697423.jpg", "samples/CAM_BACK/n015-2018-08-03-15-21-40+0800__CAM_BACK__1533281033687525.jpg", "samples/CAM_BACK_RIGHT/n015-2018-08-03-15-21-40+0800__CAM_BACK_RIGHT__1533281033677893.jpg"], "intrinsics": [[[1272.5979470598488, 0.0, 826.6154927353808], [0.0, 1272.5979470598488, 479.75165386361925], [0.0, 0.0, 1.0]], [[1266.417203046554, 0.0, 816.2670197447984], [0.0, 1266.417203046554, 491.50706579294757], [0.0, 0.0, 1.0]], [[1260.8474446004698, 0.0, 807.968244525554], [0.0, 1260.8474446004698, 495.3344268742088], [0.0, 0.0, 1.0]], [[1256.7414812095406, 0.0, 792.1125740759628], [0.0, 1256.7414812095406, 492.7757465151356], [0.0, 0.0, 1.0]], [[809.2209905677063, 0.0, 829.2196003259838], [0.0, 809.2209905677063, 481.77842384512485], [0.0, 0.0, 1.0]], [[1259.5137405846733, 0.0, 807.2529053838625], [0.0, 1259.5137405846733, 501.19579884916527], [0.0, 0.0, 1.0]]], "extrinsics": [[[0.8216436505317688, -0.5696539282798767, 0.0199019405990839, -0.6734619140625], [-0.0005053890054114163, -0.035643648356199265, -0.99936443567276, 1.508095145225525], [0.5700012445449829, 0.8211113810539246, -0.02957427315413952, -1.07879638671875], [0.0, 0.0, 0.0, 1.0]], [[0.0070507884956896305, -0.9991835355758667, 0.039780765771865845, 0.007714271545410156], [-0.005887006875127554, -0.039822544902563095, -0.9991894364356995, 1.518829345703125], [0.999957799911499, 0.006810851860791445, -0.006162981502711773, -1.3985595703125], [0.0, 0.0, 0.0, 1.0]], [[-0.8322865962982178, -0.5541949272155762, 0.012924027629196644, 0.84033203125], [-0.0003730847965925932, -0.02275403030216694, -0.9997410178184509, 1.5035679340362549], [0.554345428943634, -0.832075834274292, 0.018731115385890007, -1.12030029296875], [0.0, 0.0, 0.0, 1.0]], [[0.9476705193519592, 0.3191058933734894, -0.00959406141191721, -1.128662109375], [0.007976974360644817, -0.05371086299419403, -0.9985246658325195, 1.5886735916137695], [-0.3191503882408142, 0.9461958408355713, -0.05344570428133011, -0.108428955078125], [0.0, 0.0, 0.0, 1.0]], [[0.00172553735319525, 0.9990512728691101, -0.04351402446627617, 0.0027189254760742188], [-0.017284201458096504, -0.04347779229283333, -0.9989048838615417, 1.5777359008789062], [-0.9998491406440735, 0.0024758456274867058, 0.0171927772462368, -0.0921630859375], [0.0, 0.0, 0.0, 1.0]], [[-0.9351201057434082, 0.3534957468509674, -0.02431151084601879, 0.9764404296875], [0.015436126850545406, -0.027905602008104324, -0.9994913935661316, 1.5540962219238281], [-0.3539944589138031, -0.9350197911262512, 0.020638486370444298, -0.123748779296875], [0.0, 0.0, 0.0, 1.0]]], "view": [[0.0, -2.0, 100.0], [-2.0, 0.0, 100.0], [0.0, 0.0, 1.0]], "bev": "bev_5cdb345b81e345019e33a0a2ec9b175f.png", "aux": "aux_5cdb345b81e345019e33a0a2ec9b175f.npz", "visibility": "visibility_5cdb345b81e345019e33a0a2ec9b175f.png", "pose": [[0.5154441595077515, -0.8569231629371643, 0.0, 634.9146118164062], [0.8569231629371643, 0.5154441595077515, 0.0, 1058.1922607421875], [0.0, 0.0, 1.0, 0.0], [0.0, 0.0, 0.0, 1.0]], "pose_inverse": [[0.5154441595077515, 0.8569231629371643, 0.0, -1234.052490234375], [-0.8569231629371643, 0.5154441595077515, 0.0, -1.3660060167312622], [0.0, 0.0, 1.0, 0.0], [0.0, 0.0, 0.0, 1.0]], "cam_ids": [0, 1, 2, 3, 4, 5], "cam_channels": ["CAM_FRONT_LEFT", "CAM_FRONT", "CAM_FRONT_RIGHT", "CAM_BACK_LEFT", "CAM_BACK", "CAM_BACK_RIGHT"], "token": "5cdb345b81e345019e33a0a2ec9b175f", "scene": "scene-0378"}, {"images": ["samples/CAM_FRONT_LEFT/n015-2018-08-03-15-21-40+0800__CAM_FRONT_LEFT__1533281034154844.jpg", "samples/CAM_FRONT/n015-2018-08-03-15-21-40+0800__CAM_FRONT__1533281034162460.jpg", "samples/CAM_FRONT_RIGHT/n015-2018-08-03-15-21-40+0800__CAM_FRONT_RIGHT__1533281034170339.jpg", "samples/CAM_BACK_LEFT/n015-2018-08-03-15-21-40+0800__CAM_BACK_LEFT__1533281034197423.jpg", "samples/CAM_BACK/n015-2018-08-03-15-21-40+0800__CAM_BACK__1533281034187525.jpg", "samples/CAM_BACK_RIGHT/n015-2018-08-03-15-21-40+0800__CAM_BACK_RIGHT__1533281034177893.jpg"], "intrinsics": [[[1272.5979470598488, 0.0, 826.6154927353808], [0.0, 1272.5979470598488, 479.75165386361925], [0.0, 0.0, 1.0]], [[1266.417203046554, 0.0, 816.2670197447984], [0.0, 1266.417203046554, 491.50706579294757], [0.0, 0.0, 1.0]], [[1260.8474446004698, 0.0, 807.968244525554], [0.0, 1260.8474446004698, 495.3344268742088], [0.0, 0.0, 1.0]], [[1256.7414812095406, 0.0, 792.1125740759628], [0.0, 1256.7414812095406, 492.7757465151356], [0.0, 0.0, 1.0]], [[809.2209905677063, 0.0, 829.2196003259838], [0.0, 809.2209905677063, 481.77842384512485], [0.0, 0.0, 1.0]], [[1259.5137405846733, 0.0, 807.2529053838625], [0.0, 1259.5137405846733, 501.19579884916527], [0.0, 0.0, 1.0]]], "extrinsics": [[[0.8213805556297302, -0.5701454877853394, 0.016372893005609512, -0.65911865234375], [-0.004192707594484091, -0.03473968431353569, -0.9993876218795776, 1.506744384765625], [0.5703651309013367, 0.8208089470863342, -0.030924951657652855, -1.06964111328125], [0.0, 0.0, 0.0, 1.0]], [[0.006655214354395866, -0.9992377758026123, 0.038465578109025955, 0.008375167846679688], [-0.009352946653962135, -0.038526952266693115, -0.9992138147354126, 1.5177078247070312], [0.9999340772628784, 0.006290263496339321, -0.00960222352296114, -1.384765625], [0.0, 0.0, 0.0, 1.0]], [[-0.832500696182251, -0.5538291335105896, 0.014693088829517365, 0.831787109375], [-0.0035914138425141573, -0.021125398576259613, -0.9997703433036804, 1.5027961730957031], [0.5540123581886292, -0.8323623538017273, 0.015597880817949772, -1.114013671875], [0.0, 0.0, 0.0, 1.0]], [[0.9476224780082703, 0.3192032277584076, -0.01100038830190897, -1.1279296875], [0.005672124680131674, -0.05125508829951286, -0.9986695051193237, 1.588667869567871], [-0.3193422853946686, 0.9462992548942566, -0.05038102716207504, -0.1090087890625], [0.0, 0.0, 0.0, 1.0]], [[0.0018442102009430528, 0.999143123626709, -0.041347846388816833, 0.002567291259765625], [-0.019950086250901222, -0.04130292683839798, -0.9989475011825562, 1.5774192810058594], [-0.9997993111610413, 0.0026671327650547028, 0.01985681802034378, -0.0960693359375], [0.0, 0.0, 0.0, 1.0]], [[-0.9350587129592896, 0.35387781262397766, -0.020875299349427223, 0.968994140625], [0.012462020851671696, -0.026036906987428665, -0.9995833039283752, 1.5536928176879883], [-0.3542739152908325, -0.9349291920661926, 0.01993599906563759, -0.126129150390625], [0.0, 0.0, 0.0, 1.0]]], "view": [[0.0, -2.0, 100.0], [-2.0, 0.0, 100.0], [0.0, 0.0, 1.0]], "bev": "bev_009cd1fd3c2048ebb6697832305b04eb.png", "aux": "aux_009cd1fd3c2048ebb6697832305b04eb.npz", "visibility": "visibility_009cd1fd3c2048ebb6697832305b04eb.png", "pose": [[0.5264585614204407, -0.8502008318901062, 0.0, 637.0704345703125], [0.8502008318901062, 0.5264585614204407, 0.0, 1061.677734375], [0.0, 0.0, 1.0, 0.0], [0.0, 0.0, 0.0, 1.0]], "pose_inverse": [[0.5264585614204407, 0.8502008318901062, 0.0, -1238.0303955078125], [-0.8502008318901062, 0.5264585614204407, 0.0, -17.291507720947266], [0.0, 0.0, 1.0, 0.0], [0.0, 0.0, 0.0, 1.0]], "cam_ids": [0, 1, 2, 3, 4, 5], "cam_channels": ["CAM_FRONT_LEFT", "CAM_FRONT", "CAM_FRONT_RIGHT", "CAM_BACK_LEFT", "CAM_BACK", "CAM_BACK_RIGHT"], "token": "009cd1fd3c2048ebb6697832305b04eb", "scene": "scene-0378"}, {"images": ["samples/CAM_FRONT_LEFT/n015-2018-08-03-15-21-40+0800__CAM_FRONT_LEFT__1533281034654844.jpg", "samples/CAM_FRONT/n015-2018-08-03-15-21-40+0800__CAM_FRONT__1533281034662460.jpg", "samples/CAM_FRONT_RIGHT/n015-2018-08-03-15-21-40+0800__CAM_FRONT_RIGHT__1533281034670339.jpg", "samples/CAM_BACK_LEFT/n015-2018-08-03-15-21-40+0800__CAM_BACK_LEFT__1533281034697423.jpg", "samples/CAM_BACK/n015-2018-08-03-15-21-40+0800__CAM_BACK__1533281034687525.jpg", "samples/CAM_BACK_RIGHT/n015-2018-08-03-15-21-40+0800__CAM_BACK_RIGHT__1533281034677893.jpg"], "intrinsics": [[[1272.5979470598488, 0.0, 826.6154927353808], [0.0, 1272.5979470598488, 479.75165386361925], [0.0, 0.0, 1.0]], [[1266.417203046554, 0.0, 816.2670197447984], [0.0, 1266.417203046554, 491.50706579294757], [0.0, 0.0, 1.0]], [[1260.8474446004698, 0.0, 807.968244525554], [0.0, 1260.8474446004698, 495.3344268742088], [0.0, 0.0, 1.0]], [[1256.7414812095406, 0.0, 792.1125740759628], [0.0, 1256.7414812095406, 492.7757465151356], [0.0, 0.0, 1.0]], [[809.2209905677063, 0.0, 829.2196003259838], [0.0, 809.2209905677063, 481.77842384512485], [0.0, 0.0, 1.0]], [[1259.5137405846733, 0.0, 807.2529053838625], [0.0, 1259.5137405846733, 501.19579884916527], [0.0, 0.0, 1.0]]], "extrinsics": [[[0.8207329511642456, -0.5710814595222473, 0.016230760142207146, -0.67279052734375], [-0.0003540225443430245, -0.02891799807548523, -0.9995817542076111, 1.5081746578216553], [0.571311891078949, 0.8203840255737305, -0.02393612638115883, -1.07891845703125], [0.0, 0.0, 0.0, 1.0]], [[0.005687185563147068, -0.9994487762451172, 0.03270934522151947, 0.008287429809570312], [-0.005577411502599716, -0.03274106979370117, -0.9994483590126038, 1.5189447402954102], [0.9999683499336243, 0.005501597188413143, -0.005760540720075369, -1.3983154296875], [0.0, 0.0, 0.0, 1.0]], [[-0.8329007625579834, -0.5533588528633118, 0.008384672924876213, 0.8406982421875], [0.00012307554425206035, -0.015335790812969208, -0.9998823404312134, 1.5036890506744385], [0.5534223318099976, -0.8328017592430115, 0.012841299176216125, -1.1199951171875], [0.0, 0.0, 0.0, 1.0]], [[0.9477137327194214, 0.31907036900520325, -0.00572694418951869, -1.13037109375], [0.009198727086186409, -0.04525207355618477, -0.9989332556724548, 1.5886554718017578], [-0.318989098072052, 0.9466500878334045, -0.04582105204463005, -0.107391357421875], [0.0, 0.0, 0.0, 1.0]], [[0.002278544008731842, 0.999372124671936, -0.03535861521959305, 0.0025157928466796875], [-0.01639346405863762, -0.035316627472639084, -0.9992417097091675, 1.5778446197509766], [-0.9998630285263062, 0.0028564860112965107, 0.016302697360515594, -0.09130859375], [0.0, 0.0, 0.0, 1.0]], [[-0.9348053336143494, 0.3544643223285675, -0.02222735621035099, 0.9766845703125], [0.01611282303929329, -0.02019268460571766, -0.9996662735939026, 1.5542106628417969], [-0.35479477047920227, -0.9348515868186951, 0.013164812698960304, -0.123321533203125], [0.0, 0.0, 0.0, 1.0]]], "view": [[0.0, -2.0, 100.0], [-2.0, 0.0, 100.0], [0.0, 0.0, 1.0]], "bev": "bev_8c880dbd16864f5bb1368bf32dbdc73f.png", "aux": "aux_8c880dbd16864f5bb1368bf32dbdc73f.npz", "visibility": "visibility_8c880dbd16864f5bb1368bf32dbdc73f.png", "pose": [[0.5295225977897644, -0.8482958674430847, 0.0, 639.25927734375], [0.8482958674430847, 0.5295225977897644, 0.0, 1065.1500244140625], [0.0, 0.0, 1.0, 0.0], [0.0, 0.0, 0.0, 1.0]], "pose_inverse": [[0.5295225977897644, 0.8482958674430847, 0.0, -1242.0645751953125], [-0.8482958674430847, 0.5295225977897644, 0.0, -21.739999771118164], [0.0, 0.0, 1.0, 0.0], [0.0, 0.0, 0.0, 1.0]], "cam_ids": [0, 1, 2, 3, 4, 5], "cam_channels": ["CAM_FRONT_LEFT", "CAM_FRONT", "CAM_FRONT_RIGHT", "CAM_BACK_LEFT", "CAM_BACK", "CAM_BACK_RIGHT"], "token": "8c880dbd16864f5bb1368bf32dbdc73f", "scene": "scene-0378"}, {"images": ["samples/CAM_FRONT_LEFT/n015-2018-08-03-15-21-40+0800__CAM_FRONT_LEFT__1533281035154844.jpg", "samples/CAM_FRONT/n015-2018-08-03-15-21-40+0800__CAM_FRONT__1533281035162460.jpg", "samples/CAM_FRONT_RIGHT/n015-2018-08-03-15-21-40+0800__CAM_FRONT_RIGHT__1533281035170339.jpg", "samples/CAM_BACK_LEFT/n015-2018-08-03-15-21-40+0800__CAM_BACK_LEFT__1533281035197423.jpg", "samples/CAM_BACK/n015-2018-08-03-15-21-40+0800__CAM_BACK__1533281035187596.jpg", "samples/CAM_BACK_RIGHT/n015-2018-08-03-15-21-40+0800__CAM_BACK_RIGHT__1533281035177893.jpg"], "intrinsics": [[[1272.5979470598488, 0.0, 826.6154927353808], [0.0, 1272.5979470598488, 479.75165386361925], [0.0, 0.0, 1.0]], [[1266.417203046554, 0.0, 816.2670197447984], [0.0, 1266.417203046554, 491.50706579294757], [0.0, 0.0, 1.0]], [[1260.8474446004698, 0.0, 807.968244525554], [0.0, 1260.8474446004698, 495.3344268742088], [0.0, 0.0, 1.0]], [[1256.7414812095406, 0.0, 792.1125740759628], [0.0, 1256.7414812095406, 492.7757465151356], [0.0, 0.0, 1.0]], [[809.2209905677063, 0.0, 829.2196003259838], [0.0, 809.2209905677063, 481.77842384512485], [0.0, 0.0, 1.0]], [[1259.5137405846733, 0.0, 807.2529053838625], [0.0, 1259.5137405846733, 501.19579884916527], [0.0, 0.0, 1.0]]], "extrinsics": [[[0.8206913471221924, -0.5712522268295288, 0.01168784685432911, -0.65185546875], [-0.0028620099183171988, -0.024565504863858223, -0.9996941089630127, 1.5072035789489746], [0.5713645219802856, 0.8204068541526794, -0.02179562672972679, -1.064453125], [0.0, 0.0, 0.0, 1.0]], [[0.005630391649901867, -0.9995742440223694, 0.02862744964659214, 0.008198738098144531], [-0.008135159499943256, -0.02867274172604084, -0.999555766582489, 1.518014907836914], [0.9999510049819946, 0.005394989624619484, -0.008293135091662407, -1.3779296875], [0.0, 0.0, 0.0, 1.0]], [[-0.8329514861106873, -0.5532813668251038, 0.008448606356978416, 0.8275146484375], [-0.002479714574292302, -0.011535787023603916, -0.9999303221702576, 1.503044605255127], [0.5533403158187866, -0.8329144716262817, 0.008236773312091827, -1.11138916015625], [0.0, 0.0, 0.0, 1.0]], [[0.9477085471153259, 0.31904760003089905, -0.0075542437843978405, -1.1307373046875], [0.006198882590979338, -0.04206940904259682, -0.9990954399108887, 1.5886363983154297], [-0.3190768361091614, 0.9468045234680176, -0.04184727743268013, -0.10760498046875], [0.0, 0.0, 0.0, 1.0]], [[0.0022781766019761562, 0.9994845390319824, -0.03202252462506294, 0.002628326416015625], [-0.019193844869732857, -0.03197300434112549, -0.9993044137954712, 1.5774879455566406], [-0.9998131990432739, 0.0028912308625876904, 0.019111111760139465, -0.0963134765625], [0.0, 0.0, 0.0, 1.0]], [[-0.9348189830780029, 0.35464492440223694, -0.018451504409313202, 0.9661865234375], [0.01343449018895626, -0.016603877767920494, -0.9997718930244446, 1.5539007186889648], [-0.35487034916877747, -0.9348536133766174, 0.010757147334516048, -0.127227783203125], [0.0, 0.0, 0.0, 1.0]]], "view": [[0.0, -2.0, 100.0], [-2.0, 0.0, 100.0], [0.0, 0.0, 1.0]], "bev": "bev_a81137908eae411bb868c4286fc4080b.png", "aux": "aux_a81137908eae411bb868c4286fc4080b.npz", "visibility": "visibility_a81137908eae411bb868c4286fc4080b.png", "pose": [[0.5278985500335693, -0.8493074178695679, 0.0, 641.5059204101562], [0.8493074178695679, 0.5278985500335693, 0.0, 1068.7034912109375], [0.0, 0.0, 1.0, 0.0], [0.0, 0.0, 0.0, 1.0]], "pose_inverse": [[0.5278985500335693, 0.8493074178695679, 0.0, -1246.307861328125], [-0.8493074178695679, 0.5278985500335693, 0.0, -19.33127784729004], [0.0, 0.0, 1.0, 0.0], [0.0, 0.0, 0.0, 1.0]], "cam_ids": [0, 1, 2, 3, 4, 5], "cam_channels": ["CAM_FRONT_LEFT", "CAM_FRONT", "CAM_FRONT_RIGHT", "CAM_BACK_LEFT", "CAM_BACK", "CAM_BACK_RIGHT"], "token": "a81137908eae411bb868c4286fc4080b", "scene": "scene-0378"}, {"images": ["samples/CAM_FRONT_LEFT/n015-2018-08-03-15-21-40+0800__CAM_FRONT_LEFT__1533281035654844.jpg", "samples/CAM_FRONT/n015-2018-08-03-15-21-40+0800__CAM_FRONT__1533281035662460.jpg", "samples/CAM_FRONT_RIGHT/n015-2018-08-03-15-21-40+0800__CAM_FRONT_RIGHT__1533281035670339.jpg", "samples/CAM_BACK_LEFT/n015-2018-08-03-15-21-40+0800__CAM_BACK_LEFT__1533281035697423.jpg", "samples/CAM_BACK/n015-2018-08-03-15-21-40+0800__CAM_BACK__1533281035687886.jpg", "samples/CAM_BACK_RIGHT/n015-2018-08-03-15-21-40+0800__CAM_BACK_RIGHT__1533281035677893.jpg"], "intrinsics": [[[1272.5979470598488, 0.0, 826.6154927353808], [0.0, 1272.5979470598488, 479.75165386361925], [0.0, 0.0, 1.0]], [[1266.417203046554, 0.0, 816.2670197447984], [0.0, 1266.417203046554, 491.50706579294757], [0.0, 0.0, 1.0]], [[1260.8474446004698, 0.0, 807.968244525554], [0.0, 1260.8474446004698, 495.3344268742088], [0.0, 0.0, 1.0]], [[1256.7414812095406, 0.0, 792.1125740759628], [0.0, 1256.7414812095406, 492.7757465151356], [0.0, 0.0, 1.0]], [[809.2209905677063, 0.0, 829.2196003259838], [0.0, 809.2209905677063, 481.77842384512485], [0.0, 0.0, 1.0]], [[1259.5137405846733, 0.0, 807.2529053838625], [0.0, 1259.5137405846733, 501.19579884916527], [0.0, 0.0, 1.0]]], "extrinsics": [[[0.8209013342857361, -0.5710484385490417, 0.004989235661923885, -0.6539306640625], [-0.008827933110296726, -0.02142508141696453, -0.9997314810752869, 1.5049524307250977], [0.5710018873214722, 0.8206368088722229, -0.02262905426323414, -1.06610107421875], [0.0, 0.0, 0.0, 1.0]], [[0.006058142986148596, -0.9996564388275146, 0.025498755276203156, 0.008414268493652344], [-0.014173648320138454, -0.025582505390048027, -0.9995722770690918, 1.5161247253417969], [0.9998812079429626, 0.005694117862731218, -0.014323760755360126, -1.37890625], [0.0, 0.0, 0.0, 1.0]], [[-0.832766056060791, -0.5534977912902832, 0.011870140209794044, 0.827392578125], [-0.008609425276517868, -0.008490792475640774, -0.9999268651008606, 1.5015287399291992], [0.5535581111907959, -0.8328073620796204, 0.0023055458441376686, -1.11102294921875], [0.0, 0.0, 0.0, 1.0]], [[0.947662889957428, 0.3190234899520874, -0.01261625625193119, -1.1258544921875], [-6.302523252088577e-05, -0.039328668266534805, -0.9992263317108154, 1.5885615348815918], [-0.31927287578582764, 0.9469305276870728, -0.03725020959973335, -0.10931396484375], [0.0, 0.0, 0.0, 1.0]], [[0.002061905339360237, 0.9995715022087097, -0.0291995108127594, 0.0025005340576171875], [-0.02544493041932583, -0.02913767471909523, -0.9992514848709106, 1.576873779296875], [-0.9996740221977234, 0.002803340321406722, 0.025373946875333786, -0.09619140625], [0.0, 0.0, 0.0, 1.0]], [[-0.9349606037139893, 0.35456228256225586, -0.01158332172781229, 0.9649658203125], [0.007222472224384546, -0.013620228506624699, -0.9998811483383179, 1.5527849197387695], [-0.3546779155731201, -0.9349332451820374, 0.010173561051487923, -0.127685546875], [0.0, 0.0, 0.0, 1.0]]], "view": [[0.0, -2.0, 100.0], [-2.0, 0.0, 100.0], [0.0, 0.0, 1.0]], "bev": "bev_21b9943159704f428c4aa89129946686.png", "aux": "aux_21b9943159704f428c4aa89129946686.npz", "visibility": "visibility_21b9943159704f428c4aa89129946686.png", "pose": [[0.5247057676315308, -0.8512836694717407, 0.0, 643.780517578125], [0.8512836694717407, 0.5247057676315308, 0.0, 1072.3651123046875], [0.0, 0.0, 1.0, 0.0], [0.0, 0.0, 0.0, 1.0]], "pose_inverse": [[0.5247057676315308, 0.8512836694717407, 0.0, -1250.6822509765625], [-0.8512836694717407, 0.5247057676315308, 0.0, -14.63633918762207], [0.0, 0.0, 1.0, 0.0], [0.0, 0.0, 0.0, 1.0]], "cam_ids": [0, 1, 2, 3, 4, 5], "cam_channels": ["CAM_FRONT_LEFT", "CAM_FRONT", "CAM_FRONT_RIGHT", "CAM_BACK_LEFT", "CAM_BACK", "CAM_BACK_RIGHT"], "token": "21b9943159704f428c4aa89129946686", "scene": "scene-0378"}, {"images": ["samples/CAM_FRONT_LEFT/n015-2018-08-03-15-21-40+0800__CAM_FRONT_LEFT__1533281036104844.jpg", "samples/CAM_FRONT/n015-2018-08-03-15-21-40+0800__CAM_FRONT__1533281036112665.jpg", "samples/CAM_FRONT_RIGHT/n015-2018-08-03-15-21-40+0800__CAM_FRONT_RIGHT__1533281036120339.jpg", "samples/CAM_BACK_LEFT/n015-2018-08-03-15-21-40+0800__CAM_BACK_LEFT__1533281036147423.jpg", "samples/CAM_BACK/n015-2018-08-03-15-21-40+0800__CAM_BACK__1533281036137525.jpg", "samples/CAM_BACK_RIGHT/n015-2018-08-03-15-21-40+0800__CAM_BACK_RIGHT__1533281036127893.jpg"], "intrinsics": [[[1272.5979470598488, 0.0, 826.6154927353808], [0.0, 1272.5979470598488, 479.75165386361925], [0.0, 0.0, 1.0]], [[1266.417203046554, 0.0, 816.2670197447984], [0.0, 1266.417203046554, 491.50706579294757], [0.0, 0.0, 1.0]], [[1260.8474446004698, 0.0, 807.968244525554], [0.0, 1260.8474446004698, 495.3344268742088], [0.0, 0.0, 1.0]], [[1256.7414812095406, 0.0, 792.1125740759628], [0.0, 1256.7414812095406, 492.7757465151356], [0.0, 0.0, 1.0]], [[809.2209905677063, 0.0, 829.2196003259838], [0.0, 809.2209905677063, 481.77842384512485], [0.0, 0.0, 1.0]], [[1259.5137405846733, 0.0, 807.2529053838625], [0.0, 1259.5137405846733, 501.19579884916527], [0.0, 0.0, 1.0]]], "extrinsics": [[[0.8207578063011169, -0.5712465643882751, 0.0058269202709198, -0.64923095703125], [-0.009154711849987507, -0.023350490257143974, -0.9996854662895203, 1.5047550201416016], [0.5712028741836548, 0.820446252822876, -0.024394694715738297, -1.061767578125], [0.0, 0.0, 0.0, 1.0]], [[0.005782449617981911, -0.99960857629776, 0.027371741831302643, 0.007604122161865234], [-0.014443020336329937, -0.027452833950519562, -0.9995188117027283, 1.5159912109375], [0.9998789429664612, 0.005384300369769335, -0.014596112072467804, -1.37646484375], [0.0, 0.0, 0.0, 1.0]], [[-0.8329246044158936, -0.5532329082489014, 0.01303170621395111, 0.8251953125], [-0.00881094392389059, -0.010287992656230927, -0.9999082684516907, 1.501455307006836], [0.5533162951469421, -0.8329630494117737, 0.003694619983434677, -1.11053466796875], [0.0, 0.0, 0.0, 1.0]], [[0.9476638436317444, 0.3190080523490906, -0.012923914939165115, -1.1295166015625], [6.945262430235744e-05, -0.040685586631298065, -0.9991719722747803, 1.5885577201843262], [-0.31926971673965454, 0.9468782544136047, -0.03857841715216637, -0.10797119140625], [0.0, 0.0, 0.0, 1.0]], [[0.0021944164764136076, 0.99952632188797, -0.030697310343384743, 0.002925872802734375], [-0.025489268824458122, -0.030631501227617264, -0.9992057085037231, 1.5768241882324219], [-0.9996727108955383, 0.0029750741086900234, 0.02540997788310051, -0.0977783203125], [0.0, 0.0, 0.0, 1.0]], [[-0.9348690509796143, 0.35478731989860535, -0.01206817477941513, 0.96484375], [0.007092168089002371, -0.015322432853281498, -0.999857485294342, 1.5527534484863281], [-0.35492169857025146, -0.9348214268684387, 0.011808260343968868, -0.1285400390625], [0.0, 0.0, 0.0, 1.0]]], "view": [[0.0, -2.0, 100.0], [-2.0, 0.0, 100.0], [0.0, 0.0, 1.0]], "bev": "bev_167b78f604374c828e1b66bd9acfb4ce.png", "aux": "aux_167b78f604374c828e1b66bd9acfb4ce.npz", "visibility": "visibility_167b78f604374c828e1b66bd9acfb4ce.png", "pose": [[0.522063136100769, -0.8529068231582642, 0.0, 645.8239135742188], [0.8529068231582642, 0.522063136100769, 0.0, 1075.6663818359375], [0.0, 0.0, 1.0, 0.0], [0.0, 0.0, 0.0, 1.0]], "pose_inverse": [[0.522063136100769, 0.8529068231582642, 0.0, -1254.6041259765625], [-0.8529068231582642, 0.522063136100769, 0.0, -10.73816967010498], [0.0, 0.0, 1.0, 0.0], [0.0, 0.0, 0.0, 1.0]], "cam_ids": [0, 1, 2, 3, 4, 5], "cam_channels": ["CAM_FRONT_LEFT", "CAM_FRONT", "CAM_FRONT_RIGHT", "CAM_BACK_LEFT", "CAM_BACK", "CAM_BACK_RIGHT"], "token": "167b78f604374c828e1b66bd9acfb4ce", "scene": "scene-0378"}, {"images": ["samples/CAM_FRONT_LEFT/n015-2018-08-03-15-21-40+0800__CAM_FRONT_LEFT__1533281036604844.jpg", "samples/CAM_FRONT/n015-2018-08-03-15-21-40+0800__CAM_FRONT__1533281036612460.jpg", "samples/CAM_FRONT_RIGHT/n015-2018-08-03-15-21-40+0800__CAM_FRONT_RIGHT__1533281036620339.jpg", "samples/CAM_BACK_LEFT/n015-2018-08-03-15-21-40+0800__CAM_BACK_LEFT__1533281036647423.jpg", "samples/CAM_BACK/n015-2018-08-03-15-21-40+0800__CAM_BACK__1533281036637525.jpg", "samples/CAM_BACK_RIGHT/n015-2018-08-03-15-21-40+0800__CAM_BACK_RIGHT__1533281036627893.jpg"], "intrinsics": [[[1272.5979470598488, 0.0, 826.6154927353808], [0.0, 1272.5979470598488, 479.75165386361925], [0.0, 0.0, 1.0]], [[1266.417203046554, 0.0, 816.2670197447984], [0.0, 1266.417203046554, 491.50706579294757], [0.0, 0.0, 1.0]], [[1260.8474446004698, 0.0, 807.968244525554], [0.0, 1260.8474446004698, 495.3344268742088], [0.0, 0.0, 1.0]], [[1256.7414812095406, 0.0, 792.1125740759628], [0.0, 1256.7414812095406, 492.7757465151356], [0.0, 0.0, 1.0]], [[809.2209905677063, 0.0, 829.2196003259838], [0.0, 809.2209905677063, 481.77842384512485], [0.0, 0.0, 1.0]], [[1259.5137405846733, 0.0, 807.2529053838625], [0.0, 1259.5137405846733, 501.19579884916527], [0.0, 0.0, 1.0]]], "extrinsics": [[[0.8205384016036987, -0.5715309381484985, 0.008316387422382832, -0.6268310546875], [-0.005601446609944105, -0.02258903905749321, -0.9997291564941406, 1.5059318542480469], [0.5715640187263489, 0.8202695250511169, -0.021736573427915573, -1.0443115234375], [0.0, 0.0, 0.0, 1.0]], [[0.005556686315685511, -0.9996317028999329, 0.02656438946723938, 0.006921172142028809], [-0.010986985638737679, -0.026624228805303574, -0.9995851516723633, 1.5167694091796875], [0.9999241232872009, 0.00526251457631588, -0.011130881495773792, -1.3497314453125], [0.0, 0.0, 0.0, 1.0]], [[-0.8329247236251831, -0.5533004403114319, 0.00974133051931858, 0.8070068359375], [-0.005454639904201031, -0.0093935402110219, -0.9999409317970276, 1.502169132232666], [0.5533593893051147, -0.8329287767410278, 0.004806058946996927, -1.09881591796875], [0.0, 0.0, 0.0, 1.0]], [[0.947684645652771, 0.3190477788448334, -0.010118034668266773, -1.124755859375], [0.002658542711287737, -0.03958506882190704, -0.9992126822471619, 1.5886098146438599], [-0.3191971182823181, 0.946911633014679, -0.03836236521601677, -0.109771728515625], [0.0, 0.0, 0.0, 1.0]], [[0.0021245975513011217, 0.9995562434196472, -0.02971244603395462, 0.002727508544921875], [-0.02256692387163639, -0.029657023027539253, -0.9993053674697876, 1.576852798461914], [-0.9997430443763733, 0.0027936070691794157, 0.02249389886856079, -0.109619140625], [0.0, 0.0, 0.0, 1.0]], [[-0.9349191188812256, 0.35455524921417236, -0.014730503782629967, 0.947509765625], [0.010301859118044376, -0.014375186525285244, -0.9998435974121094, 1.5535354614257812], [-0.35471150279045105, -0.9349246621131897, 0.0097870584577322, -0.134613037109375], [0.0, 0.0, 0.0, 1.0]]], "view": [[0.0, -2.0, 100.0], [-2.0, 0.0, 100.0], [0.0, 0.0, 1.0]], "bev": "bev_b5ca4203940e4628a28809b604695242.png", "aux": "aux_b5ca4203940e4628a28809b604695242.npz", "visibility": "visibility_b5ca4203940e4628a28809b604695242.png", "pose": [[0.5185431838035583, -0.8550514578819275, 0.0, 648.1561889648438], [0.8550514578819275, 0.5185431838035583, 0.0, 1079.483642578125], [0.0, 0.0, 1.0, 0.0], [0.0, 0.0, 0.0, 1.0]], "pose_inverse": [[0.5185431838035583, 0.8550514578819275, 0.0, -1259.1109619140625], [-0.8550514578819275, 0.5185431838035583, 0.0, -5.551978588104248], [0.0, 0.0, 1.0, 0.0], [0.0, 0.0, 0.0, 1.0]], "cam_ids": [0, 1, 2, 3, 4, 5], "cam_channels": ["CAM_FRONT_LEFT", "CAM_FRONT", "CAM_FRONT_RIGHT", "CAM_BACK_LEFT", "CAM_BACK", "CAM_BACK_RIGHT"], "token": "b5ca4203940e4628a28809b604695242", "scene": "scene-0378"}, {"images": ["samples/CAM_FRONT_LEFT/n015-2018-08-03-15-21-40+0800__CAM_FRONT_LEFT__1533281037104844.jpg", "samples/CAM_FRONT/n015-2018-08-03-15-21-40+0800__CAM_FRONT__1533281037112499.jpg", "samples/CAM_FRONT_RIGHT/n015-2018-08-03-15-21-40+0800__CAM_FRONT_RIGHT__1533281037120339.jpg", "samples/CAM_BACK_LEFT/n015-2018-08-03-15-21-40+0800__CAM_BACK_LEFT__1533281037147423.jpg", "samples/CAM_BACK/n015-2018-08-03-15-21-40+0800__CAM_BACK__1533281037137525.jpg", "samples/CAM_BACK_RIGHT/n015-2018-08-03-15-21-40+0800__CAM_BACK_RIGHT__1533281037127893.jpg"], "intrinsics": [[[1272.5979470598488, 0.0, 826.6154927353808], [0.0, 1272.5979470598488, 479.75165386361925], [0.0, 0.0, 1.0]], [[1266.417203046554, 0.0, 816.2670197447984], [0.0, 1266.417203046554, 491.50706579294757], [0.0, 0.0, 1.0]], [[1260.8474446004698, 0.0, 807.968244525554], [0.0, 1260.8474446004698, 495.3344268742088], [0.0, 0.0, 1.0]], [[1256.7414812095406, 0.0, 792.1125740759628], [0.0, 1256.7414812095406, 492.7757465151356], [0.0, 0.0, 1.0]], [[809.2209905677063, 0.0, 829.2196003259838], [0.0, 809.2209905677063, 481.77842384512485], [0.0, 0.0, 1.0]], [[1259.5137405846733, 0.0, 807.2529053838625], [0.0, 1259.5137405846733, 501.19579884916527], [0.0, 0.0, 1.0]]], "extrinsics": [[[0.821290910243988, -0.570418655872345, 0.010182930156588554, -0.62890625], [-0.008026202209293842, -0.02939954213798046, -0.9995355010032654, 1.5049962997436523], [0.5704529881477356, 0.8208277225494385, -0.028723876923322678, -1.0478515625], [0.0, 0.0, 0.0, 1.0]], [[0.006658667698502541, -0.9994088411331177, 0.033726777881383896, 0.00809621810913086], [-0.0133644575253129, -0.03381345421075821, -0.9993388652801514, 1.516042709350586], [0.9998884797096252, 0.006203608121722937, -0.013581711798906326, -1.3541259765625], [0.0, 0.0, 0.0, 1.0]], [[-0.8324580192565918, -0.553860068321228, 0.015892773866653442, 0.8111572265625], [-0.00780149269849062, -0.01696382462978363, -0.9998255968093872, 1.5015792846679688], [0.5540331602096558, -0.8324369192123413, 0.009800741448998451, -1.10052490234375], [0.0, 0.0, 0.0, 1.0]], [[0.9476053714752197, 0.3191089928150177, -0.014613041654229164, -1.1260986328125], [0.0009216736070811749, -0.04847634956240654, -0.998823881149292, 1.588572382926941], [-0.3194420635700226, 0.9464773535728455, -0.046230562031269073, -0.109100341796875], [0.0, 0.0, 0.0, 1.0]], [[0.0016898266039788723, 0.9992721080780029, -0.03811109811067581, 0.0026960372924804688], [-0.02458357810974121, -0.03805812448263168, -0.9989730715751648, 1.5767097473144531], [-0.9996963143348694, 0.0026249464135617018, 0.024501370266079903, -0.1063232421875], [0.0, 0.0, 0.0, 1.0]], [[-0.9351502656936646, 0.35391494631767273, -0.015431771986186504, 0.951904296875], [0.008061281405389309, -0.022290464490652084, -0.9997190237045288, 1.5530519485473633], [-0.35415947437286377, -0.9350119233131409, 0.017991928383708, -0.13275146484375], [0.0, 0.0, 0.0, 1.0]]], "view": [[0.0, -2.0, 100.0], [-2.0, 0.0, 100.0], [0.0, 0.0, 1.0]], "bev": "bev_ef6103bc3cf04567aa243f21ee186616.png", "aux": "aux_ef6103bc3cf04567aa243f21ee186616.npz", "visibility": "visibility_ef6103bc3cf04567aa243f21ee186616.png", "pose": [[0.5183333158493042, -0.8551786541938782, 0.0, 650.513671875], [0.8551786541938782, 0.5183333158493042, 0.0, 1083.3634033203125], [0.0, 0.0, 1.0, 0.0], [0.0, 0.0, 0.0, 1.0]], "pose_inverse": [[0.5183333158493042, 0.8551786541938782, 0.0, -1263.6522216796875], [-0.8551786541938782, 0.5183333158493042, 0.0, -5.237961769104004], [0.0, 0.0, 1.0, 0.0], [0.0, 0.0, 0.0, 1.0]], "cam_ids": [0, 1, 2, 3, 4, 5], "cam_channels": ["CAM_FRONT_LEFT", "CAM_FRONT", "CAM_FRONT_RIGHT", "CAM_BACK_LEFT", "CAM_BACK", "CAM_BACK_RIGHT"], "token": "ef6103bc3cf04567aa243f21ee186616", "scene": "scene-0378"}, {"images": ["samples/CAM_FRONT_LEFT/n015-2018-08-03-15-21-40+0800__CAM_FRONT_LEFT__1533281037604844.jpg", "samples/CAM_FRONT/n015-2018-08-03-15-21-40+0800__CAM_FRONT__1533281037612460.jpg", "samples/CAM_FRONT_RIGHT/n015-2018-08-03-15-21-40+0800__CAM_FRONT_RIGHT__1533281037620347.jpg", "samples/CAM_BACK_LEFT/n015-2018-08-03-15-21-40+0800__CAM_BACK_LEFT__1533281037647423.jpg", "samples/CAM_BACK/n015-2018-08-03-15-21-40+0800__CAM_BACK__1533281037637525.jpg", "samples/CAM_BACK_RIGHT/n015-2018-08-03-15-21-40+0800__CAM_BACK_RIGHT__1533281037627893.jpg"], "intrinsics": [[[1272.5979470598488, 0.0, 826.6154927353808], [0.0, 1272.5979470598488, 479.75165386361925], [0.0, 0.0, 1.0]], [[1266.417203046554, 0.0, 816.2670197447984], [0.0, 1266.417203046554, 491.50706579294757], [0.0, 0.0, 1.0]], [[1260.8474446004698, 0.0, 807.968244525554], [0.0, 1260.8474446004698, 495.3344268742088], [0.0, 0.0, 1.0]], [[1256.7414812095406, 0.0, 792.1125740759628], [0.0, 1256.7414812095406, 492.7757465151356], [0.0, 0.0, 1.0]], [[809.2209905677063, 0.0, 829.2196003259838], [0.0, 809.2209905677063, 481.77842384512485], [0.0, 0.0, 1.0]], [[1259.5137405846733, 0.0, 807.2529053838625], [0.0, 1259.5137405846733, 501.19579884916527], [0.0, 0.0, 1.0]]], "extrinsics": [[[0.8219950795173645, -0.5691295862197876, 0.02038581296801567, -0.6304931640625], [-0.006248959340155125, -0.04480799660086632, -0.9989760518074036, 1.505660057067871], [0.5694602727890015, 0.821026086807251, -0.04038842022418976, -1.0472412109375], [0.0, 0.0, 0.0, 1.0]], [[0.007762297987937927, -0.9987761378288269, 0.048845451325178146, 0.0072269439697265625], [-0.011759639717638493, -0.04893472418189049, -0.9987327456474304, 1.5165472030639648], [0.9999006986618042, 0.007178090047091246, -0.012125097215175629, -1.355224609375], [0.0, 0.0, 0.0, 1.0]], [[-0.8318883776664734, -0.5544677972793579, 0.022961201146245003, 0.8126220703125], [-0.006397182587534189, -0.03179153427481651, -0.999474048614502, 1.5019559860229492], [0.5549061894416809, -0.8315977454185486, 0.02289997600018978, -1.10198974609375], [0.0, 0.0, 0.0, 1.0]], [[0.947490394115448, 0.31925249099731445, -0.018430834636092186, -1.126708984375], [0.0015660286881029606, -0.06226683035492897, -0.9980583190917969, 1.588587760925293], [-0.31978029012680054, 0.9456218481063843, -0.059497177600860596, -0.10894775390625], [0.0, 0.0, 0.0, 1.0]], [[0.001035016728