[{"images": ["samples/CAM_FRONT_LEFT/n015-2018-08-01-15-10-21+0800__CAM_FRONT_LEFT__1533107781404844.jpg", "samples/CAM_FRONT/n015-2018-08-01-15-10-21+0800__CAM_FRONT__1533107781412460.jpg", "samples/CAM_FRONT_RIGHT/n015-2018-08-01-15-10-21+0800__CAM_FRONT_RIGHT__1533107781420339.jpg", "samples/CAM_BACK_LEFT/n015-2018-08-01-15-10-21+0800__CAM_BACK_LEFT__1533107781447423.jpg", "samples/CAM_BACK/n015-2018-08-01-15-10-21+0800__CAM_BACK__1533107781437525.jpg", "samples/CAM_BACK_RIGHT/n015-2018-08-01-15-10-21+0800__CAM_BACK_RIGHT__1533107781427893.jpg"], "intrinsics": [[[1272.5979470598488, 0.0, 826.6154927353808], [0.0, 1272.5979470598488, 479.75165386361925], [0.0, 0.0, 1.0]], [[1266.417203046554, 0.0, 816.2670197447984], [0.0, 1266.417203046554, 491.50706579294757], [0.0, 0.0, 1.0]], [[1260.8474446004698, 0.0, 807.968244525554], [0.0, 1260.8474446004698, 495.3344268742088], [0.0, 0.0, 1.0]], [[1256.7414812095406, 0.0, 792.1125740759628], [0.0, 1256.7414812095406, 492.7757465151356], [0.0, 0.0, 1.0]], [[809.2209905677063, 0.0, 829.2196003259838], [0.0, 809.2209905677063, 481.77842384512485], [0.0, 0.0, 1.0]], [[1259.5137405846733, 0.0, 807.2529053838625], [0.0, 1259.5137405846733, 501.19579884916527], [0.0, 0.0, 1.0]]], "extrinsics": [[[0.8175048232078552, -0.5753665566444397, -0.02528209239244461, -0.820953369140625], [-0.027050118893384933, 0.0054901666007936, -0.9996190071105957, 1.5035114288330078], [0.5752861499786377, 0.8178772926330566, -0.01107549387961626, -1.181396484375], [0.0, 0.0, 0.0, 1.0]], [[0.0015592211857438087, -0.999997079372406, -0.001793746487237513, 0.0067138671875], [-0.03241933137178421, 0.0017422570381313562, -0.9994728565216064, 1.5158863067626953], [0.9994730353355408, 0.0016165542183443904, -0.03241652250289917, -1.54925537109375], [0.0, 0.0, 0.0, 1.0]], [[-0.8346695899963379, -0.5506249070167542, 0.011779635213315487, 0.940673828125], [-0.02679351158440113, 0.019233612343668938, -0.9994558691978455, 1.500650405883789], [0.5500987768173218, -0.8345311284065247, -0.0308068860322237, -1.1866455078125], [0.0, 0.0, 0.0, 1.0]], [[0.9475386142730713, 0.3189763128757477, -0.02060939185321331, -1.14068603515625], [-0.018322473391890526, -0.010168828070163727, -0.9997803568840027, 1.588531494140625], [-0.31911584734916687, 0.9477081298828125, -0.0037909236270934343, -0.1044921875], [0.0, 0.0, 0.0, 1.0]], [[0.0035802952479571104, 0.9999934434890747, -0.0005916221416555345, 0.0025634765625], [-0.04370642453432083, -0.00043457766878418624, -0.9990443587303162, 1.5775737762451172], [-0.99903804063797, 0.003602734301239252, 0.04370458051562309, -0.038818359375], [0.0, 0.0, 0.0, 1.0]], [[-0.9338716268539429, 0.3572743535041809, 0.015453608706593513, 1.06158447265625], [-0.011007081717252731, 0.014475857838988304, -0.9998346567153931, 1.5505619049072266], [-0.3574390113353729, -0.933887243270874, -0.009586046449840069, -0.09130859375], [0.0, 0.0, 0.0, 1.0]]], "view": [[0.0, -2.0, 100.0], [-2.0, 0.0, 100.0], [0.0, 0.0, 1.0]], "bev": "bev_81ebaa95e54e4412b454fa7817e62707.png", "aux": "aux_81ebaa95e54e4412b454fa7817e62707.npz", "visibility": "visibility_81ebaa95e54e4412b454fa7817e62707.png", "pose": [[0.998310923576355, -0.058097127825021744, 0.0, 528.7494506835938], [0.058097127825021744, 0.998310923576355, 0.0, 1363.5841064453125], [0.0, 0.0, 1.0, 0.0], [0.0, 0.0, 0.0, 1.0]], "pose_inverse": [[0.998310923576355, 0.058097127825021744, 0.0, -607.07666015625], [-0.058097127825021744, 0.998310923576355, 0.0, -1330.5621337890625], [0.0, 0.0, 1.0, 0.0], [0.0, 0.0, 0.0, 1.0]], "cam_ids": [0, 1, 2, 3, 4, 5], "cam_channels": ["CAM_FRONT_LEFT", "CAM_FRONT", "CAM_FRONT_RIGHT", "CAM_BACK_LEFT", "CAM_BACK", "CAM_BACK_RIGHT"], "token": "81ebaa95e54e4412b454fa7817e62707", "scene": "scene-0195"}, {"images": ["samples/CAM_FRONT_LEFT/n015-2018-08-01-15-10-21+0800__CAM_FRONT_LEFT__1533107781904844.jpg", "samples/CAM_FRONT/n015-2018-08-01-15-10-21+0800__CAM_FRONT__1533107781912467.jpg", "samples/CAM_FRONT_RIGHT/n015-2018-08-01-15-10-21+0800__CAM_FRONT_RIGHT__1533107781920339.jpg", "samples/CAM_BACK_LEFT/n015-2018-08-01-15-10-21+0800__CAM_BACK_LEFT__1533107781947423.jpg", "samples/CAM_BACK/n015-2018-08-01-15-10-21+0800__CAM_BACK__1533107781937525.jpg", "samples/CAM_BACK_RIGHT/n015-2018-08-01-15-10-21+0800__CAM_BACK_RIGHT__1533107781927893.jpg"], "intrinsics": [[[1272.5979470598488, 0.0, 826.6154927353808], [0.0, 1272.5979470598488, 479.75165386361925], [0.0, 0.0, 1.0]], [[1266.417203046554, 0.0, 816.2670197447984], [0.0, 1266.417203046554, 491.50706579294757], [0.0, 0.0, 1.0]], [[1260.8474446004698, 0.0, 807.968244525554], [0.0, 1260.8474446004698, 495.3344268742088], [0.0, 0.0, 1.0]], [[1256.7414812095406, 0.0, 792.1125740759628], [0.0, 1256.7414812095406, 492.7757465151356], [0.0, 0.0, 1.0]], [[809.2209905677063, 0.0, 829.2196003259838], [0.0, 809.2209905677063, 481.77842384512485], [0.0, 0.0, 1.0]], [[1259.5137405846733, 0.0, 807.2529053838625], [0.0, 1259.5137405846733, 501.19579884916527], [0.0, 0.0, 1.0]]], "extrinsics": [[[0.8192805051803589, -0.5730884671211243, -0.018685102462768555, -0.83026123046875], [-0.020223362371325493, 0.0036862508859485388, -0.9997886419296265, 1.5049467086791992], [0.573036253452301, 0.8194851875305176, -0.008569701574742794, -1.1888427734375], [0.0, 0.0, 0.0, 1.0]], [[0.0039513749070465565, -0.9999921321868896, 0.0003333473578095436, 0.0072021484375], [-0.025396110489964485, -0.00043359294068068266, -0.9996773600578308, 1.517129898071289], [0.9996696710586548, 0.003941620234400034, -0.02539762109518051, -1.558349609375], [0.0, 0.0, 0.0, 1.0]], [[-0.8336997628211975, -0.5521718859672546, 0.007130089215934277, 0.94580078125], [-0.01961020939052105, 0.01670006476342678, -0.9996681809425354, 1.5015687942504883], [0.5518695712089539, -0.8335630297660828, -0.024751044809818268, -1.189697265625], [0.0, 0.0, 0.0, 1.0]], [[0.9476755857467651, 0.3189195990562439, -0.014186058193445206, -1.139404296875], [-0.010555054992437363, -0.013110763393342495, -0.9998583197593689, 1.5885276794433594], [-0.31906038522720337, 0.9476910829544067, -0.00905853696167469, -0.104736328125], [0.0, 0.0, 0.0, 1.0]], [[0.0028641580138355494, 0.9999878406524658, -0.004013142082840204, 0.0023193359375], [-0.03610345348715782, -0.003907136153429747, -0.9993404746055603, 1.5778999328613281], [-0.9993438720703125, 0.0030071567744016647, 0.036091823130846024, -0.03851318359375], [0.0, 0.0, 0.0, 1.0]], [[-0.9344561100006104, 0.35599955916404724, 0.007495785132050514, 1.064117431640625], [-0.0036096954718232155, 0.011579037643969059, -0.9999264478683472, 1.5511608123779297], [-0.3560601770877838, -0.9344143271446228, -0.009535052813589573, -0.0899658203125], [0.0, 0.0, 0.0, 1.0]]], "view": [[0.0, -2.0, 100.0], [-2.0, 0.0, 100.0], [0.0, 0.0, 1.0]], "bev": "bev_b0043a1df4af48eea8e3d04addbb1d9a.png", "aux": "aux_b0043a1df4af48eea8e3d04addbb1d9a.npz", "visibility": "visibility_b0043a1df4af48eea8e3d04addbb1d9a.png", "pose": [[0.9949449300765991, -0.10042215883731842, 0.0, 530.6770629882812], [0.10042215883731842, 0.9949449300765991, 0.0, 1363.72412109375], [0.0, 0.0, 1.0, 0.0], [0.0, 0.0, 0.0, 1.0]], "pose_inverse": [[0.9949449300765991, 0.10042215883731842, 0.0, -664.9425659179688], [-0.10042215883731842, 0.9949449300765991, 0.0, -1303.5386962890625], [0.0, 0.0, 1.0, 0.0], [0.0, 0.0, 0.0, 1.0]], "cam_ids": [0, 1, 2, 3, 4, 5], "cam_channels": ["CAM_FRONT_LEFT", "CAM_FRONT", "CAM_FRONT_RIGHT", "CAM_BACK_LEFT", "CAM_BACK", "CAM_BACK_RIGHT"], "token": "b0043a1df4af48eea8e3d04addbb1d9a", "scene": "scene-0195"}, {"images": ["samples/CAM_FRONT_LEFT/n015-2018-08-01-15-10-21+0800__CAM_FRONT_LEFT__1533107782404844.jpg", "samples/CAM_FRONT/n015-2018-08-01-15-10-21+0800__CAM_FRONT__1533107782412460.jpg", "samples/CAM_FRONT_RIGHT/n015-2018-08-01-15-10-21+0800__CAM_FRONT_RIGHT__1533107782420339.jpg", "samples/CAM_BACK_LEFT/n015-2018-08-01-15-10-21+0800__CAM_BACK_LEFT__1533107782447423.jpg", "samples/CAM_BACK/n015-2018-08-01-15-10-21+0800__CAM_BACK__1533107782437525.jpg", "samples/CAM_BACK_RIGHT/n015-2018-08-01-15-10-21+0800__CAM_BACK_RIGHT__1533107782427893.jpg"], "intrinsics": [[[1272.5979470598488, 0.0, 826.6154927353808], [0.0, 1272.5979470598488, 479.75165386361925], [0.0, 0.0, 1.0]], [[1266.417203046554, 0.0, 816.2670197447984], [0.0, 1266.417203046554, 491.50706579294757], [0.0, 0.0, 1.0]], [[1260.8474446004698, 0.0, 807.968244525554], [0.0, 1260.8474446004698, 495.3344268742088], [0.0, 0.0, 1.0]], [[1256.7414812095406, 0.0, 792.1125740759628], [0.0, 1256.7414812095406, 492.7757465151356], [0.0, 0.0, 1.0]], [[809.2209905677063, 0.0, 829.2196003259838], [0.0, 809.2209905677063, 481.77842384512485], [0.0, 0.0, 1.0]], [[1259.5137405846733, 0.0, 807.2529053838625], [0.0, 1259.5137405846733, 501.19579884916527], [0.0, 0.0, 1.0]]], "extrinsics": [[[0.8199824690818787, -0.5720795392990112, -0.01881086267530918, -0.85015869140625], [-0.020546238869428635, 0.0034247429575771093, -0.9997830390930176, 1.505392074584961], [0.5720198154449463, 0.8201910257339478, -0.00894585344940424, -1.202392578125], [0.0, 0.0, 0.0, 1.0]], [[0.004889105446636677, -0.9999879002571106, 0.000554921105504036, 0.0069580078125], [-0.025854168459773064, -0.0006811476778239012, -0.9996654987335205, 1.5175971984863281], [0.9996537566184998, 0.00487313698977232, -0.02585718221962452, -1.578857421875], [0.0, 0.0, 0.0, 1.0]], [[-0.8332892656326294, -0.5527828931808472, 0.007749471347779036, 0.9599609375], [-0.020225724205374718, 0.016474906355142593, -0.9996596574783325, 1.501852035522461], [0.5524669885635376, -0.8331625461578369, -0.024908792227506638, -1.1993408203125], [0.0, 0.0, 0.0, 1.0]], [[0.9476199746131897, 0.3190353512763977, -0.015259726904332638, -1.1441650390625], [-0.011675006709992886, -0.013145562261343002, -0.9998453855514526, 1.588582992553711], [-0.31918665766716003, 0.9476516246795654, -0.008732257410883904, -0.103271484375], [0.0, 0.0, 0.0, 1.0]], [[0.0025360826402902603, 0.999988317489624, -0.004120101220905781, 0.00244140625], [-0.03703119605779648, -0.004023374989628792, -0.9993060231208801, 1.578216552734375], [-0.9993109107017517, 0.0026868816930800676, 0.03702055662870407, -0.029052734375], [0.0, 0.0, 0.0, 1.0]], [[-0.9346423745155334, 0.355496346950531, 0.008122095838189125, 1.0771331787109375], [-0.004355568438768387, 0.011394190602004528, -0.9999256134033203, 1.5511655807495117], [-0.3555624783039093, -0.9346082806587219, -0.009101105853915215, -0.085205078125], [0.0, 0.0, 0.0, 1.0]]], "view": [[0.0, -2.0, 100.0], [-2.0, 0.0, 100.0], [0.0, 0.0, 1.0]], "bev": "bev_6ee6504542c64d4e833e423568c6c02b.png", "aux": "aux_6ee6504542c64d4e833e423568c6c02b.npz", "visibility": "visibility_6ee6504542c64d4e833e423568c6c02b.png", "pose": [[0.9930700659751892, -0.11752386391162872, 0.0, 532.3865356445312], [0.11752386391162872, 0.9930700659751892, 0.0, 1363.89794921875], [0.0, 0.0, 1.0, 0.0], [0.0, 0.0, 0.0, 1.0]], "pose_inverse": [[0.9930700659751892, 0.11752386391162872, 0.0, -688.9876708984375], [-0.11752386391162872, 0.9930700659751892, 0.0, -1291.8780517578125], [0.0, 0.0, 1.0, 0.0], [0.0, 0.0, 0.0, 1.0]], "cam_ids": [0, 1, 2, 3, 4, 5], "cam_channels": ["CAM_FRONT_LEFT", "CAM_FRONT", "CAM_FRONT_RIGHT", "CAM_BACK_LEFT", "CAM_BACK", "CAM_BACK_RIGHT"], "token": "6ee6504542c64d4e833e423568c6c02b", "scene": "scene-0195"}, {"images": ["samples/CAM_FRONT_LEFT/n015-2018-08-01-15-10-21+0800__CAM_FRONT_LEFT__1533107782904867.jpg", "samples/CAM_FRONT/n015-2018-08-01-15-10-21+0800__CAM_FRONT__1533107782912460.jpg", "samples/CAM_FRONT_RIGHT/n015-2018-08-01-15-10-21+0800__CAM_FRONT_RIGHT__1533107782920339.jpg", "samples/CAM_BACK_LEFT/n015-2018-08-01-15-10-21+0800__CAM_BACK_LEFT__1533107782947423.jpg", "samples/CAM_BACK/n015-2018-08-01-15-10-21+0800__CAM_BACK__1533107782937525.jpg", "samples/CAM_BACK_RIGHT/n015-2018-08-01-15-10-21+0800__CAM_BACK_RIGHT__1533107782928081.jpg"], "intrinsics": [[[1272.5979470598488, 0.0, 826.6154927353808], [0.0, 1272.5979470598488, 479.75165386361925], [0.0, 0.0, 1.0]], [[1266.417203046554, 0.0, 816.2670197447984], [0.0, 1266.417203046554, 491.50706579294757], [0.0, 0.0, 1.0]], [[1260.8474446004698, 0.0, 807.968244525554], [0.0, 1260.8474446004698, 495.3344268742088], [0.0, 0.0, 1.0]], [[1256.7414812095406, 0.0, 792.1125740759628], [0.0, 1256.7414812095406, 492.7757465151356], [0.0, 0.0, 1.0]], [[809.2209905677063, 0.0, 829.2196003259838], [0.0, 809.2209905677063, 481.77842384512485], [0.0, 0.0, 1.0]], [[1259.5137405846733, 0.0, 807.2529053838625], [0.0, 1259.5137405846733, 501.19579884916527], [0.0, 0.0, 1.0]]], "extrinsics": [[[0.820315420627594, -0.5715544819831848, -0.020198825746774673, -0.8605194091796875], [-0.022225113585591316, 0.003432942321524024, -0.999747097492218, 1.5054340362548828], [0.5714792609214783, 0.8205569386482239, -0.009886767715215683, -1.2088623046875], [0.0, 0.0, 0.0, 1.0]], [[0.005418907385319471, -0.9999850988388062, 0.0005241066101007164, 0.0067138671875], [-0.027472680434584618, -0.0006727906293235719, -0.9996223449707031, 1.5176925659179688], [0.9996078014373779, 0.0054024518467485905, -0.02747591957449913, -1.58892822265625], [0.0, 0.0, 0.0, 1.0]], [[-0.8330529928207397, -0.5531192421913147, 0.009036270901560783, 0.9664306640625], [-0.021791502833366394, 0.016489362344145775, -0.9996265172958374, 1.5018939971923828], [0.5527637004852295, -0.8329389095306396, -0.025789812207221985, -1.2039794921875], [0.0, 0.0, 0.0, 1.0]], [[0.9476650953292847, 0.31884095072746277, -0.016470806673169136, -1.1383056640625], [-0.012938369065523148, -0.013193892315030098, -0.9998292326927185, 1.5885009765625], [-0.31900379061698914, 0.9477163553237915, -0.008378109894692898, -0.10491943359375], [0.0, 0.0, 0.0, 1.0]], [[0.0024705654941499233, 0.9999887347221375, -0.004048890899866819, 0.0025634765625], [-0.03841454163193703, -0.00395100936293602, -0.999254047870636, 1.578195571899414], [-0.999258816242218, 0.00262427213601768, 0.038404349237680435, -0.0284423828125], [0.0, 0.0, 0.0, 1.0]], [[-0.9347302317619324, 0.35523009300231934, 0.009537988342344761, 1.083251953125], [-0.005859140772372484, 0.011430574581027031, -0.9999175071716309, 1.5511131286621094], [-0.3553098142147064, -0.9347090721130371, -0.00860316026955843, -0.083251953125], [0.0, 0.0, 0.0, 1.0]]], "view": [[0.0, -2.0, 100.0], [-2.0, 0.0, 100.0], [0.0, 0.0, 1.0]], "bev": "bev_720a20058b8943c6a68448575fd0d1c2.png", "aux": "aux_720a20058b8943c6a68448575fd0d1c2.npz", "visibility": "visibility_720a20058b8943c6a68448575fd0d1c2.png", "pose": [[0.9924485683441162, -0.12266135215759277, 0.0, 533.8682250976562], [0.12266135215759277, 0.9924485683441162, 0.0, 1364.0660400390625], [0.0, 0.0, 1.0, 0.0], [0.0, 0.0, 0.0, 1.0]], "pose_inverse": [[0.9924485683441162, 0.12266135215759277, 0.0, -697.1549682617188], [-0.12266135215759277, 0.9924485683441162, 0.0, -1288.2803955078125], [0.0, 0.0, 1.0, 0.0], [0.0, 0.0, 0.0, 1.0]], "cam_ids": [0, 1, 2, 3, 4, 5], "cam_channels": ["CAM_FRONT_LEFT", "CAM_FRONT", "CAM_FRONT_RIGHT", "CAM_BACK_LEFT", "CAM_BACK", "CAM_BACK_RIGHT"], "token": "720a20058b8943c6a68448575fd0d1c2", "scene": "scene-0195"}, {"images": ["samples/CAM_FRONT_LEFT/n015-2018-08-01-15-10-21+0800__CAM_FRONT_LEFT__1533107783404844.jpg", "samples/CAM_FRONT/n015-2018-08-01-15-10-21+0800__CAM_FRONT__1533107783412460.jpg", "samples/CAM_FRONT_RIGHT/n015-2018-08-01-15-10-21+0800__CAM_FRONT_RIGHT__1533107783420339.jpg", "samples/CAM_BACK_LEFT/n015-2018-08-01-15-10-21+0800__CAM_BACK_LEFT__1533107783447423.jpg", "samples/CAM_BACK/n015-2018-08-01-15-10-21+0800__CAM_BACK__1533107783437525.jpg", "samples/CAM_BACK_RIGHT/n015-2018-08-01-15-10-21+0800__CAM_BACK_RIGHT__1533107783427893.jpg"], "intrinsics": [[[1272.5979470598488, 0.0, 826.6154927353808], [0.0, 1272.5979470598488, 479.75165386361925], [0.0, 0.0, 1.0]], [[1266.417203046554, 0.0, 816.2670197447984], [0.0, 1266.417203046554, 491.50706579294757], [0.0, 0.0, 1.0]], [[1260.8474446004698, 0.0, 807.968244525554], [0.0, 1260.8474446004698, 495.3344268742088], [0.0, 0.0, 1.0]], [[1256.7414812095406, 0.0, 792.1125740759628], [0.0, 1256.7414812095406, 492.7757465151356], [0.0, 0.0, 1.0]], [[809.2209905677063, 0.0, 829.2196003259838], [0.0, 809.2209905677063, 481.77842384512485], [0.0, 0.0, 1.0]], [[1259.5137405846733, 0.0, 807.2529053838625], [0.0, 1259.5137405846733, 501.19579884916527], [0.0, 0.0, 1.0]]], "extrinsics": [[[0.8209013342857361, -0.5706967711448669, -0.02064169943332672, -0.8951568603515625], [-0.021364783868193626, 0.005428978707641363, -0.9997569918632507, 1.5064396858215332], [0.5706701278686523, 0.8211429119110107, -0.007736158557236195, -1.232666015625], [0.0, 0.0, 0.0, 1.0]], [[0.006222473923116922, -0.9999794363975525, -0.0015613161958754063, 0.0059814453125], [-0.0266888327896595, 0.00139471678994596, -0.9996428489685059, 1.5186882019042969], [0.9996243119239807, 0.006261938717216253, -0.02667960524559021, -1.623291015625], [0.0, 0.0, 0.0, 1.0]], [[-0.832716166973114, -0.5536525845527649, 0.0072546461597085, 0.98828125], [-0.021101662889122963, 0.018639713525772095, -0.9996035099029541, 1.5025091171264648], [0.5532978177070618, -0.8325390815734863, -0.02720457874238491, -1.21875], [0.0, 0.0, 0.0, 1.0]], [[0.9476301074028015, 0.31899434328079224, -0.015484439209103584, -1.1435546875], [-0.012429289519786835, -0.01161095593124628, -0.9998552799224854, 1.5885772705078125], [-0.3191279470920563, 0.9476855397224426, -0.007038017734885216, -0.1033935546875], [0.0, 0.0, 0.0, 1.0]], [[0.002202435629442334, 0.9999961256980896, -0.0017131185159087181, 0.0025634765625], [-0.03785243630409241, -0.0016285274177789688, -0.9992820024490356, 1.5786571502685547], [-0.9992809295654297, 0.002265694085508585, 0.03784869983792305, -0.0167236328125], [0.0, 0.0, 0.0, 1.0]], [[-0.934893012046814, 0.35479599237442017, 0.009740476496517658, 1.1005096435546875], [-0.005232001189142466, 0.01366439089179039, -0.9998929500579834, 1.5512447357177734], [-0.3548911213874817, -0.934843897819519, -0.01091845240443945, -0.0767822265625], [0.0, 0.0, 0.0, 1.0]]], "view": [[0.0, -2.0, 100.0], [-2.0, 0.0, 100.0], [0.0, 0.0, 1.0]], "bev": "bev_1edfcdf83aa34823b7aefca0ae6a3c80.png", "aux": "aux_1edfcdf83aa34823b7aefca0ae6a3c80.npz", "visibility": "visibility_1edfcdf83aa34823b7aefca0ae6a3c80.png", "pose": [[0.9927293658256531, -0.12036779522895813, 0.0, 534.9992065429688], [0.12036779522895813, 0.9927293658256531, 0.0, 1364.1951904296875], [0.0, 0.0, 1.0, 0.0], [0.0, 0.0, 0.0, 1.0]], "pose_inverse": [[0.9927293658256531, 0.12036779522895813, 0.0, -695.3145751953125], [-0.12036779522895813, 0.9927293658256531, 0.0, -1289.8800048828125], [0.0, 0.0, 1.0, 0.0], [0.0, 0.0, 0.0, 1.0]], "cam_ids": [0, 1, 2, 3, 4, 5], "cam_channels": ["CAM_FRONT_LEFT", "CAM_FRONT", "CAM_FRONT_RIGHT", "CAM_BACK_LEFT", "CAM_BACK", "CAM_BACK_RIGHT"], "token": "1edfcdf83aa34823b7aefca0ae6a3c80", "scene": "scene-0195"}, {"images": ["samples/CAM_FRONT_LEFT/n015-2018-08-01-15-10-21+0800__CAM_FRONT_LEFT__1533107783904844.jpg", "samples/CAM_FRONT/n015-2018-08-01-15-10-21+0800__CAM_FRONT__1533107783912460.jpg", "samples/CAM_FRONT_RIGHT/n015-2018-08-01-15-10-21+0800__CAM_FRONT_RIGHT__1533107783920339.jpg", "samples/CAM_BACK_LEFT/n015-2018-08-01-15-10-21+0800__CAM_BACK_LEFT__1533107783947423.jpg", "samples/CAM_BACK/n015-2018-08-01-15-10-21+0800__CAM_BACK__1533107783937525.jpg", "samples/CAM_BACK_RIGHT/n015-2018-08-01-15-10-21+0800__CAM_BACK_RIGHT__1533107783927893.jpg"], "intrinsics": [[[1272.5979470598488, 0.0, 826.6154927353808], [0.0, 1272.5979470598488, 479.75165386361925], [0.0, 0.0, 1.0]], [[1266.417203046554, 0.0, 816.2670197447984], [0.0, 1266.417203046554, 491.50706579294757], [0.0, 0.0, 1.0]], [[1260.8474446004698, 0.0, 807.968244525554], [0.0, 1260.8474446004698, 495.3344268742088], [0.0, 0.0, 1.0]], [[1256.7414812095406, 0.0, 792.1125740759628], [0.0, 1256.7414812095406, 492.7757465151356], [0.0, 0.0, 1.0]], [[809.2209905677063, 0.0, 829.2196003259838], [0.0, 809.2209905677063, 481.77842384512485], [0.0, 0.0, 1.0]], [[1259.5137405846733, 0.0, 807.2529053838625], [0.0, 1259.5137405846733, 501.19579884916527], [0.0, 0.0, 1.0]]], "extrinsics": [[[0.820995569229126, -0.5705462694168091, -0.02105284109711647, -0.9045562744140625], [-0.022132450714707375, 0.005042136646807194, -0.999742329120636, 1.506622314453125], [0.5705053806304932, 0.8212499022483826, -0.008488016203045845, -1.2384033203125], [0.0, 0.0, 0.0, 1.0]], [[0.0063760238699615, -0.9999789595603943, -0.0011494713835418224, 0.005615234375], [-0.027266664430499077, 0.0009752112091518939, -0.9996277093887329, 1.5189056396484375], [0.9996078014373779, 0.006404990330338478, -0.02725987322628498, -1.63275146484375], [0.0, 0.0, 0.0, 1.0]], [[-0.8326478004455566, -0.5537475347518921, 0.007821877487003803, 0.9947509765625], [-0.021486038342118263, 0.018187938258051872, -0.9996036887168884, 1.5026664733886719], [0.553385853767395, -0.8324857950210571, -0.02704199030995369, -1.223388671875], [0.0, 0.0, 0.0, 1.0]], [[0.9476519823074341, 0.31892767548561096, -0.015516508370637894, -1.1453857421875], [-0.012275486253201962, -0.012169844470918179, -0.9998506307601929, 1.5885963439941406], [-0.3190688490867615, 0.9477009177207947, -0.007617786061018705, -0.1025390625], [0.0, 0.0, 0.0, 1.0]], [[0.0021850569173693657, 0.9999951124191284, -0.0022386282216757536, 0.002685546875], [-0.037883028388023376, -0.0021542501635849476, -0.9992798566818237, 1.5788116455078125], [-0.9992797374725342, 0.0022682875860482454, 0.0378781333565712, -0.01251220703125], [0.0, 0.0, 0.0, 1.0]], [[-0.9349204897880554, 0.3547225892543793, 0.009774304926395416, 1.106475830078125], [-0.005454216618090868, 0.013176637701690197, -0.9998983144760132, 1.5512762069702148], [-0.3548153042793274, -0.9348787069320679, -0.010384376160800457, -0.0748291015625], [0.0, 0.0, 0.0, 1.0]]], "view": [[0.0, -2.0, 100.0], [-2.0, 0.0, 100.0], [0.0, 0.0, 1.0]], "bev": "bev_d9a271d335474e299946a35113883c9e.png", "aux": "aux_d9a271d335474e299946a35113883c9e.npz", "visibility": "visibility_d9a271d335474e299946a35113883c9e.png", "pose": [[0.9940123558044434, -0.10926754027605057, 0.0, 535.9252319335938], [0.10926754027605057, 0.9940123558044434, 0.0, 1364.300048828125], [0.0, 0.0, 1.0, 0.0], [0.0, 0.0, 0.0, 1.0]], "pose_inverse": [[0.9940123558044434, 0.10926754027605057, 0.0, -681.7900390625], [-0.10926754027605057, 0.9940123558044434, 0.0, -1297.5718994140625], [0.0, 0.0, 1.0, 0.0], [0.0, 0.0, 0.0, 1.0]], "cam_ids": [0, 1, 2, 3, 4, 5], "cam_channels": ["CAM_FRONT_LEFT", "CAM_FRONT", "CAM_FRONT_RIGHT", "CAM_BACK_LEFT", "CAM_BACK", "CAM_BACK_RIGHT"], "token": "d9a271d335474e299946a35113883c9e", "scene": "scene-0195"}, {"images": ["samples/CAM_FRONT_LEFT/n015-2018-08-01-15-10-21+0800__CAM_FRONT_LEFT__1533107784404844.jpg", "samples/CAM_FRONT/n015-2018-08-01-15-10-21+0800__CAM_FRONT__1533107784412460.jpg", "samples/CAM_FRONT_RIGHT/n015-2018-08-01-15-10-21+0800__CAM_FRONT_RIGHT__1533107784420339.jpg", "samples/CAM_BACK_LEFT/n015-2018-08-01-15-10-21+0800__CAM_BACK_LEFT__1533107784447423.jpg", "samples/CAM_BACK/n015-2018-08-01-15-10-21+0800__CAM_BACK__1533107784437525.jpg", "samples/CAM_BACK_RIGHT/n015-2018-08-01-15-10-21+0800__CAM_BACK_RIGHT__1533107784427893.jpg"], "intrinsics": [[[1272.5979470598488, 0.0, 826.6154927353808], [0.0, 1272.5979470598488, 479.75165386361925], [0.0, 0.0, 1.0]], [[1266.417203046554, 0.0, 816.2670197447984], [0.0, 1266.417203046554, 491.50706579294757], [0.0, 0.0, 1.0]], [[1260.8474446004698, 0.0, 807.968244525554], [0.0, 1260.8474446004698, 495.3344268742088], [0.0, 0.0, 1.0]], [[1256.7414812095406, 0.0, 792.1125740759628], [0.0, 1256.7414812095406, 492.7757465151356], [0.0, 0.0, 1.0]], [[809.2209905677063, 0.0, 829.2196003259838], [0.0, 809.2209905677063, 481.77842384512485], [0.0, 0.0, 1.0]], [[1259.5137405846733, 0.0, 807.2529053838625], [0.0, 1259.5137405846733, 501.19579884916527], [0.0, 0.0, 1.0]]], "extrinsics": [[[0.8215265870094299, -0.5698567628860474, -0.01890246570110321, -0.90814208984375], [-0.0193333737552166, 0.005292185582220554, -0.9997991323471069, 1.5069150924682617], [0.5698422193527222, 0.8217269778251648, -0.006669581867754459, -1.2415771484375], [0.0, 0.0, 0.0, 1.0]], [[0.007058418355882168, -0.9999740719795227, -0.0014334695879369974, 0.0057373046875], [-0.02466661110520363, 0.00125895778182894, -0.9996949434280396, 1.5191545486450195], [0.9996707439422607, 0.007091631181538105, -0.02465708553791046, -1.636474609375], [0.0, 0.0, 0.0, 1.0]], [[-0.8323802947998047, -0.5541760921478271, 0.005643571726977825, 0.9970703125], [-0.019103946164250374, 0.01851428672671318, -0.9996460676193237, 1.502823829650879], [0.5538754463195801, -0.8321934938430786, -0.02599787898361683, -1.22479248046875], [0.0, 0.0, 0.0, 1.0]], [[0.9476996660232544, 0.31886687874794006, -0.01375456154346466, -1.1455078125], [-0.010546310804784298, -0.011785817332565784, -0.9998748898506165, 1.5885906219482422], [-0.3189890682697296, 0.9477262496948242, -0.0078065465204417706, -0.1025390625], [0.0, 0.0, 0.0, 1.0]], [[0.002044537803158164, 0.9999962449073792, -0.001854511210694909, 0.002685546875], [-0.03592396154999733, -0.0017798702465370297, -0.9993529915809631, 1.578878402709961], [-0.9993524551391602, 0.002109834458678961, 0.03592018783092499, -0.01153564453125], [0.0, 0.0, 0.0, 1.0]], [[-0.9350646734237671, 0.35439029335975647, 0.00784486997872591, 1.1082611083984375], [-0.0032559277024120092, 0.013543273322284222, -0.9999029636383057, 1.5513496398925781], [-0.3544621765613556, -0.9349995255470276, -0.011509967967867851, -0.0738525390625], [0.0, 0.0, 0.0, 1.0]]], "view": [[0.0, -2.0, 100.0], [-2.0, 0.0, 100.0], [0.0, 0.0, 1.0]], "bev": "bev_97c2b56ae77f48adabe310e3e0a1785e.png", "aux": "aux_97c2b56ae77f48adabe310e3e0a1785e.npz", "visibility": "visibility_97c2b56ae77f48adabe310e3e0a1785e.png", "pose": [[0.995715856552124, -0.0924658253788948, 0.0, 536.713134765625], [0.0924658253788948, 0.995715856552124, 0.0, 1364.3765869140625], [0.0, 0.0, 1.0, 0.0], [0.0, 0.0, 0.0, 1.0]], "pose_inverse": [[0.995715856552124, 0.0924658253788948, 0.0, -660.572021484375], [-0.0924658253788948, 0.995715856552124, 0.0, -1308.90380859375], [0.0, 0.0, 1.0, 0.0], [0.0, 0.0, 0.0, 1.0]], "cam_ids": [0, 1, 2, 3, 4, 5], "cam_channels": ["CAM_FRONT_LEFT", "CAM_FRONT", "CAM_FRONT_RIGHT", "CAM_BACK_LEFT", "CAM_BACK", "CAM_BACK_RIGHT"], "token": "97c2b56ae77f48adabe310e3e0a1785e", "scene": "scene-0195"}, {"images": ["samples/CAM_FRONT_LEFT/n015-2018-08-01-15-10-21+0800__CAM_FRONT_LEFT__1533107784904844.jpg", "samples/CAM_FRONT/n015-2018-08-01-15-10-21+0800__CAM_FRONT__1533107784912460.jpg", "samples/CAM_FRONT_RIGHT/n015-2018-08-01-15-10-21+0800__CAM_FRONT_RIGHT__1533107784920339.jpg", "samples/CAM_BACK_LEFT/n015-2018-08-01-15-10-21+0800__CAM_BACK_LEFT__1533107784947423.jpg", "samples/CAM_BACK/n015-2018-08-01-15-10-21+0800__CAM_BACK__1533107784937525.jpg", "samples/CAM_BACK_RIGHT/n015-2018-08-01-15-10-21+0800__CAM_BACK_RIGHT__1533107784927893.jpg"], "intrinsics": [[[1272.5979470598488, 0.0, 826.6154927353808], [0.0, 1272.5979470598488, 479.75165386361925], [0.0, 0.0, 1.0]], [[1266.417203046554, 0.0, 816.2670197447984], [0.0, 1266.417203046554, 491.50706579294757], [0.0, 0.0, 1.0]], [[1260.8474446004698, 0.0, 807.968244525554], [0.0, 1260.8474446004698, 495.3344268742088], [0.0, 0.0, 1.0]], [[1256.7414812095406, 0.0, 792.1125740759628], [0.0, 1256.7414812095406, 492.7757465151356], [0.0, 0.0, 1.0]], [[809.2209905677063, 0.0, 829.2196003259838], [0.0, 809.2209905677063, 481.77842384512485], [0.0, 0.0, 1.0]], [[1259.5137405846733, 0.0, 807.2529053838625], [0.0, 1259.5137405846733, 501.19579884916527], [0.0, 0.0, 1.0]]], "extrinsics": [[[0.8214355707168579, -0.5700239539146423, -0.01778811775147915, -0.9077606201171875], [-0.01751602254807949, 0.0059590330347418785, -0.9998288154602051, 1.5070276260375977], [0.5700323581695557, 0.8216065168380737, -0.005089589394629002, -1.2408447265625], [0.0, 0.0, 0.0, 1.0]], [[0.006886664312332869, -0.9999741315841675, -0.0020773005671799183, 0.0054931640625], [-0.022787736728787422, 0.001919875736348331, -0.9997385144233704, 1.5192365646362305], [0.9997166395187378, 0.006932205520570278, -0.022773925215005875, -1.6353759765625], [0.0, 0.0, 0.0, 1.0]], [[-0.8324583172798157, -0.5540754199028015, 0.0036648090463131666, 0.99609375], [-0.017158303409814835, 0.019167030230164528, -0.9996690154075623, 1.5028905868530273], [0.5538217425346375, -0.8322458267211914, -0.02546275034546852, -1.22442626953125], [0.0, 0.0, 0.0, 1.0]], [[0.9477130770683289, 0.31891709566116333, -0.011478240601718426, -1.14404296875], [-0.00836633238941431, -0.011125925928354263, -0.9999030828475952, 1.588571548461914], [-0.31901392340660095, 0.9477173686027527, -0.007876019924879074, -0.1031494140625], [0.0, 0.0, 0.0, 1.0]], [[0.0020640986040234566, 0.9999971985816956, -0.0012079003499820828, 0.002685546875], [-0.03382130339741707, -0.0011374017922207713, -0.9994272589683533, 1.578857421875], [-0.9994257688522339, 0.0021037720143795013, 0.03381885960698128, -0.0128173828125], [0.0, 0.0, 0.0, 1.0]], [[-0.9350517392158508, 0.3544570803642273, 0.0061955987475812435, 1.1071701049804688], [-0.0012461751466616988, 0.014189952053129673, -0.9998985528945923, 1.5514087677001953], [-0.3545091152191162, -0.934964656829834, -0.012826623395085335, -0.074462890625], [0.0, 0.0, 0.0, 1.0]]], "view": [[0.0, -2.0, 100.0], [-2.0, 0.0, 100.0], [0.0, 0.0, 1.0]], "bev": "bev_4463a386752a4e8484eeec8556666960.png", "aux": "aux_4463a386752a4e8484eeec8556666960.npz", "visibility": "visibility_4463a386752a4e8484eeec8556666960.png", "pose": [[0.9972816705703735, -0.07368388026952744, 0.0, 537.5662841796875], [0.07368388026952744, 0.9972816705703735, 0.0, 1364.4443359375], [0.0, 0.0, 1.0, 0.0], [0.0, 0.0, 0.0, 1.0]], "pose_inverse": [[0.9972816705703735, 0.07368388026952744, 0.0, -636.6425170898438], [-0.07368388026952744, 0.9972816705703735, 0.0, -1321.1253662109375], [0.0, 0.0, 1.0, 0.0], [0.0, 0.0, 0.0, 1.0]], "cam_ids": [0, 1, 2, 3, 4, 5], "cam_channels": ["CAM_FRONT_LEFT", "CAM_FRONT", "CAM_FRONT_RIGHT", "CAM_BACK_LEFT", "CAM_BACK", "CAM_BACK_RIGHT"], "token": "4463a386752a4e8484eeec8556666960", "scene": "scene-0195"}, {"images": ["samples/CAM_FRONT_LEFT/n015-2018-08-01-15-10-21+0800__CAM_FRONT_LEFT__1533107785404844.jpg", "samples/CAM_FRONT/n015-2018-08-01-15-10-21+0800__CAM_FRONT__1533107785412460.jpg", "samples/CAM_FRONT_RIGHT/n015-2018-08-01-15-10-21+0800__CAM_FRONT_RIGHT__1533107785420339.jpg", "samples/CAM_BACK_LEFT/n015-2018-08-01-15-10-21+0800__CAM_BACK_LEFT__1533107785447423.jpg", "samples/CAM_BACK/n015-2018-08-01-15-10-21+0800__CAM_BACK__1533107785437525.jpg", "samples/CAM_BACK_RIGHT/n015-2018-08-01-15-10-21+0800__CAM_BACK_RIGHT__1533107785427893.jpg"], "intrinsics": [[[1272.5979470598488, 0.0, 826.6154927353808], [0.0, 1272.5979470598488, 479.75165386361925], [0.0, 0.0, 1.0]], [[1266.417203046554, 0.0, 816.2670197447984], [0.0, 1266.417203046554, 491.50706579294757], [0.0, 0.0, 1.0]], [[1260.8474446004698, 0.0, 807.968244525554], [0.0, 1260.8474446004698, 495.3344268742088], [0.0, 0.0, 1.0]], [[1256.7414812095406, 0.0, 792.1125740759628], [0.0, 1256.7414812095406, 492.7757465151356], [0.0, 0.0, 1.0]], [[809.2209905677063, 0.0, 829.2196003259838], [0.0, 809.2209905677063, 481.77842384512485], [0.0, 0.0, 1.0]], [[1259.5137405846733, 0.0, 807.2529053838625], [0.0, 1259.5137405846733, 501.19579884916527], [0.0, 0.0, 1.0]]], "extrinsics": [[[0.8209536075592041, -0.5707683563232422, -0.016086166724562645, -0.901092529296875], [-0.01478765718638897, 0.006910062860697508, -0.9998667240142822, 1.5070973634719849], [0.5708034634590149, 0.8210820555686951, -0.002767485799267888, -1.23583984375], [0.0, 0.0, 0.0, 1.0]], [[0.00613693380728364, -0.9999765753746033, -0.003027142956852913, 0.005615234375], [-0.020105455070734024, 0.0029032009188085794, -0.9997936487197876, 1.5192480087280273], [0.9997790455818176, 0.00619652820751071, -0.020087165758013725, -1.62841796875], [0.0, 0.0, 0.0, 1.0]], [[-0.83278489112854, -0.5535959005355835, 0.0009148454992100596, 0.9910888671875], [-0.014509852975606918, 0.02017541229724884, -0.9996911287307739, 1.5029239654541016], [0.5534064769744873, -0.8325409889221191, -0.024834372103214264, -1.22119140625], [0.0, 0.0, 0.0, 1.0]], [[0.947722852230072, 0.31897398829460144, -0.008776816539466381, -1.142333984375], [-0.005910767707973719, -0.009952095337212086, -0.9999330043792725, 1.5885581970214844], [-0.3190399408340454, 0.9477112293243408, -0.00754644675180316, -0.1038818359375], [0.0, 0.0, 0.0, 1.0]], [[0.0022507845424115658, 0.9999975562095642, -9.505104389972985e-05, 0.0028076171875], [-0.03130291402339935, -2.45484243350802e-05, -0.9995099306106567, 1.5787906646728516], [-0.9995074272155762, 0.0022526595275849104, 0.03130277618765831, -0.0162353515625], [0.0, 0.0, 0.0, 1.0]], [[-0.9349203705787659, 0.3548335134983063, 0.004147284664213657, 1.102783203125], [0.0013468507677316666, 0.015235303901135921, -0.9998829960823059, 1.5514945983886719], [-0.3548552095890045, -0.9348054528236389, -0.014721701852977276, -0.0760498046875], [0.0, 0.0, 0.0, 1.0]]], "view": [[0.0, -2.0, 100.0], [-2.0, 0.0, 100.0], [0.0, 0.0, 1.0]], "bev": "bev_6a91c65172ae4bbbaf6277bb87881630.png", "aux": "aux_6a91c65172ae4bbbaf6277bb87881630.npz", "visibility": "visibility_6a91c65172ae4bbbaf6277bb87881630.png", "pose": [[0.998284101486206, -0.05855686962604523, 0.0, 538.503173828125], [0.05855686962604523, 0.998284101486206, 0.0, 1364.4990234375], [0.0, 0.0, 1.0, 0.0], [0.0, 0.0, 0.0, 1.0]], "pose_inverse": [[0.998284101486206, 0.05855686962604523, 0.0, -617.4799194335938], [-0.05855686962604523, 0.998284101486206, 0.0, -1330.6246337890625], [0.0, 0.0, 1.0, 0.0], [0.0, 0.0, 0.0, 1.0]], "cam_ids": [0, 1, 2, 3, 4, 5], "cam_channels": ["CAM_FRONT_LEFT", "CAM_FRONT", "CAM_FRONT_RIGHT", "CAM_BACK_LEFT", "CAM_BACK", "CAM_BACK_RIGHT"], "token": "6a91c65172ae4bbbaf6277bb87881630", "scene": "scene-0195"}, {"images": ["samples/CAM_FRONT_LEFT/n015-2018-08-01-15-10-21+0800__CAM_FRONT_LEFT__1533107785854844.jpg", "samples/CAM_FRONT/n015-2018-08-01-15-10-21+0800__CAM_FRONT__1533107785862460.jpg", "samples/CAM_FRONT_RIGHT/n015-2018-08-01-15-10-21+0800__CAM_FRONT_RIGHT__1533107785870339.jpg", "samples/CAM_BACK_LEFT/n015-2018-08-01-15-10-21+0800__CAM_BACK_LEFT__1533107785897423.jpg", "samples/CAM_BACK/n015-2018-08-01-15-10-21+0800__CAM_BACK__1533107785887525.jpg", "samples/CAM_BACK_RIGHT/n015-2018-08-01-15-10-21+0800__CAM_BACK_RIGHT__1533107785877893.jpg"], "intrinsics": [[[1272.5979470598488, 0.0, 826.6154927353808], [0.0, 1272.5979470598488, 479.75165386361925], [0.0, 0.0, 1.0]], [[1266.417203046554, 0.0, 816.2670197447984], [0.0, 1266.417203046554, 491.50706579294757], [0.0, 0.0, 1.0]], [[1260.8474446004698, 0.0, 807.968244525554], [0.0, 1260.8474446004698, 495.3344268742088], [0.0, 0.0, 1.0]], [[1256.7414812095406, 0.0, 792.1125740759628], [0.0, 1256.7414812095406, 492.7757465151356], [0.0, 0.0, 1.0]], [[809.2209905677063, 0.0, 829.2196003259838], [0.0, 809.2209905677063, 481.77842384512485], [0.0, 0.0, 1.0]], [[1259.5137405846733, 0.0, 807.2529053838625], [0.0, 1259.5137405846733, 501.19579884916527], [0.0, 0.0, 1.0]]], "extrinsics": [[[0.820707380771637, -0.571212887763977, -0.012459968216717243, -0.892181396484375], [-0.010456576012074947, 0.006787680089473724, -0.9999222755432129, 1.507320761680603], [0.5712530612945557, 0.8207737803459167, -0.0004022316134069115, -1.2301025390625], [0.0, 0.0, 0.0, 1.0]], [[0.005700553767383099, -0.9999796152114868, -0.00288263033144176, 0.005615234375], [-0.015642475336790085, 0.002793152816593647, -0.9998737573623657, 1.5193920135498047], [0.999861478805542, 0.005744922906160355, -0.01562623307108879, -1.619384765625], [0.0, 0.0, 0.0, 1.0]], [[-0.8329818844795227, -0.5532928705215454, -0.002858459949493408, 0.9852294921875], [-0.00990646705031395, 0.020079152658581734, -0.9997492432594299, 1.5030784606933594], [0.553211510181427, -0.8327447772026062, -0.0222067479044199, -1.21710205078125], [0.0, 0.0, 0.0, 1.0]], [[0.947751522064209, 0.31898388266563416, -0.0040383185259997845, -1.14105224609375], [-0.0008904774440452456, -0.01001355703920126, -0.9999494552612305, 1.5885534286499023], [-0.3190082013607025, 0.9477072358131409, -0.00920631643384695, -0.10400390625], [0.0, 0.0, 0.0, 1.0]], [[0.00238725240342319, 0.9999971389770508, -0.00015814743528608233, 0.0029296875], [-0.026437269523739815, -9.497943392489105e-05, -0.9996504783630371, 1.578786849975586], [-0.9996476769447327, 0.0023906072601675987, 0.02643696777522564, -0.01959228515625], [0.0, 0.0, 0.0, 1.0]], [[-0.9348343014717102, 0.35508421063423157, -0.0003014930116478354, 1.0974884033203125], [0.006073396187275648, 0.015140535309910774, -0.9998669028282166, 1.55169677734375], [-0.35503238439559937, -0.9347116947174072, -0.01631045900285244, -0.078125], [0.0, 0.0, 0.0, 1.0]]], "view": [[0.0, -2.0, 100.0], [-2.0, 0.0, 100.0], [0.0, 0.0, 1.0]], "bev": "bev_09a6b2fd3d724e89b5bdfa4e6657bb47.png", "aux": "aux_09a6b2fd3d724e89b5bdfa4e6657bb47.npz", "visibility": "visibility_09a6b2fd3d724e89b5bdfa4e6657bb47.png", "pose": [[0.9985074996948242, -0.05461462587118149, 0.0, 539.4068603515625], [0.05461462587118149, 0.9985074996948242, 0.0, 1364.547119140625], [0.0, 0.0, 1.0, 0.0], [0.0, 0.0, 0.0, 1.0]], "pose_inverse": [[0.9985074996948242, 0.05461462587118149, 0.0, -613.1260375976562], [-0.05461462587118149, 0.9985074996948242, 0.0, -1333.051025390625], [0.0, 0.0, 1.0, 0.0], [0.0, 0.0, 0.0, 1.0]], "cam_ids": [0, 1, 2, 3, 4, 5], "cam_channels": ["CAM_FRONT_LEFT", "CAM_FRONT", "CAM_FRONT_RIGHT", "CAM_BACK_LEFT", "CAM_BACK", "CAM_BACK_RIGHT"], "token": "09a6b2fd3d724e89b5bdfa4e6657bb47", "scene": "scene-0195"}, {"images": ["samples/CAM_FRONT_LEFT/n015-2018-08-01-15-10-21+0800__CAM_FRONT_LEFT__1533107786354844.jpg", "samples/CAM_FRONT/n015-2018-08-01-15-10-21+0800__CAM_FRONT__1533107786362460.jpg", "samples/CAM_FRONT_RIGHT/n015-2018-08-01-15-10-21+0800__CAM_FRONT_RIGHT__1533107786370339.jpg", "samples/CAM_BACK_LEFT/n015-2018-08-01-15-10-21+0800__CAM_BACK_LEFT__1533107786397423.jpg", "samples/CAM_BACK/n015-2018-08-01-15-10-21+0800__CAM_BACK__1533107786387525.jpg", "samples/CAM_BACK_RIGHT/n015-2018-08-01-15-10-21+0800__CAM_BACK_RIGHT__1533107786377893.jpg"], "intrinsics": [[[1272.5979470598488, 0.0, 826.6154927353808], [0.0, 1272.5979470598488, 479.75165386361925], [0.0, 0.0, 1.0]], [[1266.417203046554, 0.0, 816.2670197447984], [0.0, 1266.417203046554, 491.50706579294757], [0.0, 0.0, 1.0]], [[1260.8474446004698, 0.0, 807.968244525554], [0.0, 1260.8474446004698, 495.3344268742088], [0.0, 0.0, 1.0]], [[1256.7414812095406, 0.0, 792.1125740759628], [0.0, 1256.7414812095406, 492.7757465151356], [0.0, 0.0, 1.0]], [[809.2209905677063, 0.0, 829.2196003259838], [0.0, 809.2209905677063, 481.77842384512485], [0.0, 0.0, 1.0]], [[1259.5137405846733, 0.0, 807.2529053838625], [0.0, 1259.5137405846733, 501.19579884916527], [0.0, 0.0, 1.0]]], "extrinsics": [[[0.8207124471664429, -0.5712305307388306, -0.011260242201387882, -0.86810302734375], [-0.008303230628371239, 0.007781356573104858, -0.9999352693557739, 1.5072689056396484], [0.5712811350822449, 0.8207527995109558, 0.0016431977273896337, -1.212890625], [0.0, 0.0, 0.0, 1.0]], [[0.005696404725313187, -0.999976396560669, -0.0038227452896535397, 0.005615234375], [-0.013572262600064278, 0.0037451416719704866, -0.9999009370803833, 1.5192396640777588], [0.9998916387557983, 0.005747726187109947, -0.013550610281527042, -1.5970458984375], [0.0, 0.0, 0.0, 1.0]], [[-0.8329659700393677, -0.5533013939857483, -0.005022011231631041, 0.972412109375], [-0.007910415530204773, 0.020982876420021057, -0.9997484683990479, 1.5030746459960938], [0.5532676577568054, -0.832716703414917, -0.021854866296052933, -1.20892333984375], [0.0, 0.0, 0.0, 1.0]], [[0.9477611184120178, 0.318973571062088, -0.0021712256129831076, -1.13958740234375], [0.0008060380932874978, -0.009201593697071075, -0.9999573230743408, 1.5885562896728516], [-0.3189799189567566, 0.9477189183235168, -0.008978016674518585, -0.1046142578125], [0.0, 0.0, 0.0, 1.0]], [[0.0023837480694055557, 0.99999690055