[{"images": ["samples/CAM_FRONT_LEFT/n008-2018-08-31-11-19-57-0400__CAM_FRONT_LEFT__1535729278404799.jpg", "samples/CAM_FRONT/n008-2018-08-31-11-19-57-0400__CAM_FRONT__1535729278412404.jpg", "samples/CAM_FRONT_RIGHT/n008-2018-08-31-11-19-57-0400__CAM_FRONT_RIGHT__1535729278420482.jpg", "samples/CAM_BACK_LEFT/n008-2018-08-31-11-19-57-0400__CAM_BACK_LEFT__1535729278447405.jpg", "samples/CAM_BACK/n008-2018-08-31-11-19-57-0400__CAM_BACK__1535729278438050.jpg", "samples/CAM_BACK_RIGHT/n008-2018-08-31-11-19-57-0400__CAM_BACK_RIGHT__1535729278428113.jpg"], "intrinsics": [[[1257.8625342125129, 0.0, 827.2410631095686], [0.0, 1257.8625342125129, 450.915498205774], [0.0, 0.0, 1.0]], [[1252.8131021185304, 0.0, 826.588114781398], [0.0, 1252.8131021185304, 469.9846626224581], [0.0, 0.0, 1.0]], [[1256.7485116440405, 0.0, 817.7887570959712], [0.0, 1256.7485116440403, 451.9541780095127], [0.0, 0.0, 1.0]], [[1254.9860565800168, 0.0, 829.5769333630991], [0.0, 1254.9860565800168, 467.1680561863987], [0.0, 0.0, 1.0]], [[796.8910634503094, 0.0, 857.7774326863696], [0.0, 796.8910634503094, 476.8848988407415], [0.0, 0.0, 1.0]], [[1249.9629280788233, 0.0, 825.3768045375984], [0.0, 1249.9629280788233, 462.54816385708756], [0.0, 0.0, 1.0]]], "extrinsics": [[[0.8228764533996582, -0.568116307258606, -0.010875167325139046, -0.725341796875], [0.015704547986388206, 0.04187028855085373, -0.9989996552467346, 1.4934844970703125], [0.568003237247467, 0.8218824863433838, 0.04337608069181442, -1.1439208984375], [0.0, 0.0, 0.0, 1.0]], [[0.01080385409295559, -0.9992347955703735, -0.037589672952890396, 0.010986328125], [0.017667176201939583, 0.037776749581098557, -0.9991300702095032, 1.4849395751953125], [0.9997855424880981, 0.010130400769412518, 0.018061796203255653, -1.458831787109375], [0.0, 0.0, 0.0, 1.0]], [[-0.843640148639679, -0.5356121063232422, -0.03729594126343727, 0.91424560546875], [0.02569560334086418, 0.02910684049129486, -0.9992459416389465, 1.4984169006347656], [0.5362938046455383, -0.8439623713493347, -0.010792822577059269, -1.163330078125], [0.0, 0.0, 0.0, 1.0]], [[0.9478766322135925, 0.31830859184265137, 0.01446892973035574, -1.1529083251953125], [0.0003587674582377076, 0.04434259235858917, -0.9990163445472717, 1.562042236328125], [-0.31863710284233093, 0.9469494819641113, 0.0419171117246151, -0.153076171875], [0.0, 0.0, 0.0, 1.0]], [[0.0090761324390769, 0.9992815256118774, 0.03679816797375679, -0.0289306640625], [0.0024900257121771574, 0.03677698224782944, -0.999320387840271, 1.5682029724121094], [-0.9999557733535767, 0.009161610156297684, -0.0021544424816966057, -0.022674560546875], [0.0, 0.0, 0.0, 1.0]], [[-0.9237426519393921, 0.38301289081573486, -0.0007882168283686042, 1.02337646484375], [0.006681692320853472, 0.014057080261409283, -0.9998788833618164, 1.5487842559814453], [-0.3829553723335266, -0.9236360192298889, -0.01554429717361927, -0.09912109375], [0.0, 0.0, 0.0, 1.0]]], "view": [[0.0, -2.0, 100.0], [-2.0, 0.0, 100.0], [0.0, 0.0, 1.0]], "bev": "bev_824df8c00aed4662b05e6327b8879dda.png", "aux": "aux_824df8c00aed4662b05e6327b8879dda.npz", "visibility": "visibility_824df8c00aed4662b05e6327b8879dda.png", "pose": [[0.8867211937904358, 0.46230459213256836, 0.0, 520.88818359375], [-0.46230459213256836, 0.8867211937904358, 0.0, 1690.78466796875], [0.0, 0.0, 1.0, 0.0], [0.0, 0.0, 0.0, 1.0]], "pose_inverse": [[0.8867211937904358, -0.46230459213256836, 0.0, 319.77496337890625], [0.46230459213256836, 0.8867211937904358, 0.0, -1740.0635986328125], [0.0, 0.0, 1.0, 0.0], [0.0, 0.0, 0.0, 1.0]], "cam_ids": [0, 1, 2, 3, 4, 5], "cam_channels": ["CAM_FRONT_LEFT", "CAM_FRONT", "CAM_FRONT_RIGHT", "CAM_BACK_LEFT", "CAM_BACK", "CAM_BACK_RIGHT"], "token": "824df8c00aed4662b05e6327b8879dda", "scene": "scene-0299"}, {"images": ["samples/CAM_FRONT_LEFT/n008-2018-08-31-11-19-57-0400__CAM_FRONT_LEFT__1535729278904799.jpg", "samples/CAM_FRONT/n008-2018-08-31-11-19-57-0400__CAM_FRONT__1535729278912404.jpg", "samples/CAM_FRONT_RIGHT/n008-2018-08-31-11-19-57-0400__CAM_FRONT_RIGHT__1535729278920482.jpg", "samples/CAM_BACK_LEFT/n008-2018-08-31-11-19-57-0400__CAM_BACK_LEFT__1535729278947405.jpg", "samples/CAM_BACK/n008-2018-08-31-11-19-57-0400__CAM_BACK__1535729278937558.jpg", "samples/CAM_BACK_RIGHT/n008-2018-08-31-11-19-57-0400__CAM_BACK_RIGHT__1535729278928113.jpg"], "intrinsics": [[[1257.8625342125129, 0.0, 827.2410631095686], [0.0, 1257.8625342125129, 450.915498205774], [0.0, 0.0, 1.0]], [[1252.8131021185304, 0.0, 826.588114781398], [0.0, 1252.8131021185304, 469.9846626224581], [0.0, 0.0, 1.0]], [[1256.7485116440405, 0.0, 817.7887570959712], [0.0, 1256.7485116440403, 451.9541780095127], [0.0, 0.0, 1.0]], [[1254.9860565800168, 0.0, 829.5769333630991], [0.0, 1254.9860565800168, 467.1680561863987], [0.0, 0.0, 1.0]], [[796.8910634503094, 0.0, 857.7774326863696], [0.0, 796.8910634503094, 476.8848988407415], [0.0, 0.0, 1.0]], [[1249.9629280788233, 0.0, 825.3768045375984], [0.0, 1249.9629280788233, 462.54816385708756], [0.0, 0.0, 1.0]]], "extrinsics": [[[0.8224115967750549, -0.5686421990394592, -0.01688612997531891, -0.718994140625], [0.006126014515757561, 0.0385328009724617, -0.9992385506629944, 1.4903488159179688], [0.568859875202179, 0.8216819763183594, 0.035173334181308746, -1.1378173828125], [0.0, 0.0, 0.0, 1.0]], [[0.009886136278510094, -0.9993619322776794, -0.03432289510965347, 0.0093994140625], [0.007802465930581093, 0.03440062329173088, -0.9993776679039001, 1.482330322265625], [0.9999207258224487, 0.009612178429961205, 0.008137575350701809, -1.4515380859375], [0.0, 0.0, 0.0, 1.0]], [[-0.8441818356513977, -0.5353833436965942, -0.026868002489209175, 0.90850830078125], [0.015521125867962837, 0.025688596069812775, -0.9995495080947876, 1.4964065551757812], [0.535832405090332, -0.8442184925079346, -0.013376089744269848, -1.160888671875], [0.0, 0.0, 0.0, 1.0]], [[0.9479079842567444, 0.31851881742477417, 0.004045222420245409, -1.1495819091796875], [-0.009398640133440495, 0.04065927863121033, -0.9991288185119629, 1.562103271484375], [-0.3184058368206024, 0.9470441937446594, 0.04153488948941231, -0.154052734375], [0.0, 0.0, 0.0, 1.0]], [[0.009402909316122532, 0.9994058012962341, 0.033159542828798294, -0.0284423828125], [-0.007157316897064447, 0.03322742506861687, -0.9994221925735474, 1.5675163269042969], [-0.999930202960968, 0.009160070680081844, 0.0074654980562627316, -0.030914306640625], [0.0, 0.0, 0.0, 1.0]], [[-0.9236319661140442, 0.38321590423583984, 0.007035779766738415, 1.018798828125], [-0.003221750259399414, 0.010593600571155548, -0.9999386668205261, 1.5473136901855469], [-0.3832669258117676, -0.923598051071167, -0.008549964986741543, -0.101806640625], [0.0, 0.0, 0.0, 1.0]]], "view": [[0.0, -2.0, 100.0], [-2.0, 0.0, 100.0], [0.0, 0.0, 1.0]], "bev": "bev_f9c43cbc5a41451b98ee8c9d36202089.png", "aux": "aux_f9c43cbc5a41451b98ee8c9d36202089.npz", "visibility": "visibility_f9c43cbc5a41451b98ee8c9d36202089.png", "pose": [[0.8856579065322876, 0.46433836221694946, 0.0, 524.5277099609375], [-0.46433836221694946, 0.8856579065322876, 0.0, 1688.84326171875], [0.0, 0.0, 1.0, 0.0], [0.0, 0.0, 0.0, 1.0]], "pose_inverse": [[0.8856579065322876, -0.46433836221694946, 0.0, 319.642578125], [0.46433836221694946, 0.8856579065322876, 0.0, -1739.295654296875], [0.0, 0.0, 1.0, 0.0], [0.0, 0.0, 0.0, 1.0]], "cam_ids": [0, 1, 2, 3, 4, 5], "cam_channels": ["CAM_FRONT_LEFT", "CAM_FRONT", "CAM_FRONT_RIGHT", "CAM_BACK_LEFT", "CAM_BACK", "CAM_BACK_RIGHT"], "token": "f9c43cbc5a41451b98ee8c9d36202089", "scene": "scene-0299"}, {"images": ["samples/CAM_FRONT_LEFT/n008-2018-08-31-11-19-57-0400__CAM_FRONT_LEFT__1535729279404799.jpg", "samples/CAM_FRONT/n008-2018-08-31-11-19-57-0400__CAM_FRONT__1535729279412404.jpg", "samples/CAM_FRONT_RIGHT/n008-2018-08-31-11-19-57-0400__CAM_FRONT_RIGHT__1535729279420482.jpg", "samples/CAM_BACK_LEFT/n008-2018-08-31-11-19-57-0400__CAM_BACK_LEFT__1535729279447405.jpg", "samples/CAM_BACK/n008-2018-08-31-11-19-57-0400__CAM_BACK__1535729279437558.jpg", "samples/CAM_BACK_RIGHT/n008-2018-08-31-11-19-57-0400__CAM_BACK_RIGHT__1535729279428113.jpg"], "intrinsics": [[[1257.8625342125129, 0.0, 827.2410631095686], [0.0, 1257.8625342125129, 450.915498205774], [0.0, 0.0, 1.0]], [[1252.8131021185304, 0.0, 826.588114781398], [0.0, 1252.8131021185304, 469.9846626224581], [0.0, 0.0, 1.0]], [[1256.7485116440405, 0.0, 817.7887570959712], [0.0, 1256.7485116440403, 451.9541780095127], [0.0, 0.0, 1.0]], [[1254.9860565800168, 0.0, 829.5769333630991], [0.0, 1254.9860565800168, 467.1680561863987], [0.0, 0.0, 1.0]], [[796.8910634503094, 0.0, 857.7774326863696], [0.0, 796.8910634503094, 476.8848988407415], [0.0, 0.0, 1.0]], [[1249.9629280788233, 0.0, 825.3768045375984], [0.0, 1249.9629280788233, 462.54816385708756], [0.0, 0.0, 1.0]]], "extrinsics": [[[0.8225566744804382, -0.5684375166893005, -0.01671646349132061, -0.7158203125], [0.00697306776419282, 0.039474472403526306, -0.9991962313652039, 1.4906387329101562], [0.5686404705047607, 0.8217789530754089, 0.03643374145030975, -1.136474609375], [0.0, 0.0, 0.0, 1.0]], [[0.010200724937021732, -0.9993272423744202, -0.03522699698805809, 0.0103759765625], [0.0090996865183115, 0.03532014042139053, -0.9993346333503723, 1.4826927185058594], [0.999906599521637, 0.00987336877733469, 0.009453854523599148, -1.4490966796875], [0.0, 0.0, 0.0, 1.0]], [[-0.8440134525299072, -0.535545289516449, -0.02885408140718937, 0.907470703125], [0.017300639301538467, 0.026585225015878677, -0.9994968175888062, 1.4968032836914062], [0.5360429286956787, -0.8440880179405212, -0.013173011131584644, -1.1595458984375], [0.0, 0.0, 0.0, 1.0]], [[0.947909951210022, 0.31848034262657166, 0.00608488917350769, -1.1507568359375], [-0.007515342906117439, 0.04145736247301102, -0.9991120100021362, 1.562103271484375], [-0.31844982504844666, 0.9470224976539612, 0.04169132933020592, -0.15380859375], [0.0, 0.0, 0.0, 1.0]], [[0.009299317374825478, 0.999378502368927, 0.03400229290127754, -0.02880859375], [-0.005550263449549675, 0.03405482694506645, -0.9994045495986938, 1.5676231384277344], [-0.9999414682388306, 0.00910505373030901, 0.005863499827682972, -0.03094482421875], [0.0, 0.0, 0.0, 1.0]], [[-0.9236982464790344, 0.3830763101577759, 0.005835460964590311, 1.017578125], [-0.0015595153672620654, 0.011471726931631565, -0.9999329447746277, 1.5475540161132812], [-0.3831176459789276, -0.9236453771591187, -0.009999001398682594, -0.1016845703125], [0.0, 0.0, 0.0, 1.0]]], "view": [[0.0, -2.0, 100.0], [-2.0, 0.0, 100.0], [0.0, 0.0, 1.0]], "bev": "bev_2a6990219b1a42ff85a0464ee471b8de.png", "aux": "aux_2a6990219b1a42ff85a0464ee471b8de.npz", "visibility": "visibility_2a6990219b1a42ff85a0464ee471b8de.png", "pose": [[0.8850226998329163, 0.46554791927337646, 0.0, 528.1917724609375], [-0.46554791927337646, 0.8850226998329163, 0.0, 1686.8857421875], [0.0, 0.0, 1.0, 0.0], [0.0, 0.0, 0.0, 1.0]], "pose_inverse": [[0.8850226998329163, -0.46554791927337646, 0.0, 317.86444091796875], [0.46554791927337646, 0.8850226998329163, 0.0, -1738.8306884765625], [0.0, 0.0, 1.0, 0.0], [0.0, 0.0, 0.0, 1.0]], "cam_ids": [0, 1, 2, 3, 4, 5], "cam_channels": ["CAM_FRONT_LEFT", "CAM_FRONT", "CAM_FRONT_RIGHT", "CAM_BACK_LEFT", "CAM_BACK", "CAM_BACK_RIGHT"], "token": "2a6990219b1a42ff85a0464ee471b8de", "scene": "scene-0299"}, {"images": ["samples/CAM_FRONT_LEFT/n008-2018-08-31-11-19-57-0400__CAM_FRONT_LEFT__1535729279904996.jpg", "samples/CAM_FRONT/n008-2018-08-31-11-19-57-0400__CAM_FRONT__1535729279912404.jpg", "samples/CAM_FRONT_RIGHT/n008-2018-08-31-11-19-57-0400__CAM_FRONT_RIGHT__1535729279920482.jpg", "samples/CAM_BACK_LEFT/n008-2018-08-31-11-19-57-0400__CAM_BACK_LEFT__1535729279947405.jpg", "samples/CAM_BACK/n008-2018-08-31-11-19-57-0400__CAM_BACK__1535729279937558.jpg", "samples/CAM_BACK_RIGHT/n008-2018-08-31-11-19-57-0400__CAM_BACK_RIGHT__1535729279928113.jpg"], "intrinsics": [[[1257.8625342125129, 0.0, 827.2410631095686], [0.0, 1257.8625342125129, 450.915498205774], [0.0, 0.0, 1.0]], [[1252.8131021185304, 0.0, 826.588114781398], [0.0, 1252.8131021185304, 469.9846626224581], [0.0, 0.0, 1.0]], [[1256.7485116440405, 0.0, 817.7887570959712], [0.0, 1256.7485116440403, 451.9541780095127], [0.0, 0.0, 1.0]], [[1254.9860565800168, 0.0, 829.5769333630991], [0.0, 1254.9860565800168, 467.1680561863987], [0.0, 0.0, 1.0]], [[796.8910634503094, 0.0, 857.7774326863696], [0.0, 796.8910634503094, 476.8848988407415], [0.0, 0.0, 1.0]], [[1249.9629280788233, 0.0, 825.3768045375984], [0.0, 1249.9629280788233, 462.54816385708756], [0.0, 0.0, 1.0]]], "extrinsics": [[[0.8229956030845642, -0.567840576171875, -0.015342784114181995, -0.7208251953125], [0.006284438539296389, 0.03610967472195625, -0.999328076839447, 1.4903335571289062], [0.5680131912231445, 0.8223461508750916, 0.03328666090965271, -1.1412353515625], [0.0, 0.0, 0.0, 1.0]], [[0.011039162054657936, -0.999427318572998, -0.031987518072128296, 0.011474609375], [0.00833872426301241, 0.03208036720752716, -0.9994505643844604, 1.4824295043945312], [0.9999042749404907, 0.010766344144940376, 0.008688089437782764, -1.4517822265625], [0.0, 0.0, 0.0, 1.0]], [[-0.843653678894043, -0.5362333655357361, -0.026503024622797966, 0.90875244140625], [0.01647578924894333, 0.023482795804739, -0.9995884895324707, 1.4965972900390625], [0.5366351008415222, -0.843743085861206, -0.010976477526128292, -1.1591796875], [0.0, 0.0, 0.0, 1.0]], [[0.9479052424430847, 0.31852447986602783, 0.004218802321702242, -1.1470184326171875], [-0.008629555813968182, 0.03891522064805031, -0.9992052912712097, 1.56207275390625], [-0.31843554973602295, 0.9471154808998108, 0.03963666409254074, -0.1552734375], [0.0, 0.0, 0.0, 1.0]], [[0.009048180654644966, 0.9994711875915527, 0.03123425506055355, -0.0289306640625], [-0.006646379828453064, 0.03129495680332184, -0.9994880557060242, 1.5675239562988281], [-0.9999370574951172, 0.008835957385599613, 0.006926027126610279, -0.03302001953125], [0.0, 0.0, 0.0, 1.0]], [[-0.923892080783844, 0.38261204957962036, 0.0056082578375935555, 1.01708984375], [-0.002554702339693904, 0.008488409221172333, -0.999960720539093, 1.5474004745483398], [-0.38264456391334534, -0.9238700866699219, -0.006864914670586586, -0.1014404296875], [0.0, 0.0, 0.0, 1.0]]], "view": [[0.0, -2.0, 100.0], [-2.0, 0.0, 100.0], [0.0, 0.0, 1.0]], "bev": "bev_50e55a6b46ef4efe9536e0ebc7dc9682.png", "aux": "aux_50e55a6b46ef4efe9536e0ebc7dc9682.npz", "visibility": "visibility_50e55a6b46ef4efe9536e0ebc7dc9682.png", "pose": [[0.8837595582008362, 0.4679413139820099, 0.0, 531.8696899414062], [-0.4679413139820099, 0.8837595582008362, 0.0, 1684.90185546875], [0.0, 0.0, 1.0, 0.0], [0.0, 0.0, 0.0, 1.0]], "pose_inverse": [[0.8837595582008362, -0.4679413139820099, 0.0, 318.3902587890625], [0.4679413139820099, 0.8837595582008362, 0.0, -1737.931884765625], [0.0, 0.0, 1.0, 0.0], [0.0, 0.0, 0.0, 1.0]], "cam_ids": [0, 1, 2, 3, 4, 5], "cam_channels": ["CAM_FRONT_LEFT", "CAM_FRONT", "CAM_FRONT_RIGHT", "CAM_BACK_LEFT", "CAM_BACK", "CAM_BACK_RIGHT"], "token": "50e55a6b46ef4efe9536e0ebc7dc9682", "scene": "scene-0299"}, {"images": ["samples/CAM_FRONT_LEFT/n008-2018-08-31-11-19-57-0400__CAM_FRONT_LEFT__1535729280404799.jpg", "samples/CAM_FRONT/n008-2018-08-31-11-19-57-0400__CAM_FRONT__1535729280412404.jpg", "samples/CAM_FRONT_RIGHT/n008-2018-08-31-11-19-57-0400__CAM_FRONT_RIGHT__1535729280420482.jpg", "samples/CAM_BACK_LEFT/n008-2018-08-31-11-19-57-0400__CAM_BACK_LEFT__1535729280447405.jpg", "samples/CAM_BACK/n008-2018-08-31-11-19-57-0400__CAM_BACK__1535729280437558.jpg", "samples/CAM_BACK_RIGHT/n008-2018-08-31-11-19-57-0400__CAM_BACK_RIGHT__1535729280428113.jpg"], "intrinsics": [[[1257.8625342125129, 0.0, 827.2410631095686], [0.0, 1257.8625342125129, 450.915498205774], [0.0, 0.0, 1.0]], [[1252.8131021185304, 0.0, 826.588114781398], [0.0, 1252.8131021185304, 469.9846626224581], [0.0, 0.0, 1.0]], [[1256.7485116440405, 0.0, 817.7887570959712], [0.0, 1256.7485116440403, 451.9541780095127], [0.0, 0.0, 1.0]], [[1254.9860565800168, 0.0, 829.5769333630991], [0.0, 1254.9860565800168, 467.1680561863987], [0.0, 0.0, 1.0]], [[796.8910634503094, 0.0, 857.7774326863696], [0.0, 796.8910634503094, 476.8848988407415], [0.0, 0.0, 1.0]], [[1249.9629280788233, 0.0, 825.3768045375984], [0.0, 1249.9629280788233, 462.54816385708756], [0.0, 0.0, 1.0]]], "extrinsics": [[[0.8227076530456543, -0.5682908892631531, -0.014053740538656712, -0.720703125], [0.005087668541818857, 0.03208213672041893, -0.9994722604751587, 1.4899368286132812], [0.5684418678283691, 0.8222020864486694, 0.029285497963428497, -1.1407470703125], [0.0, 0.0, 0.0, 1.0]], [[0.010624847374856472, -0.9995588660240173, -0.027734342962503433, 0.0111083984375], [0.007101510185748339, 0.027810636907815933, -0.9995879530906677, 1.4820938110351562], [0.9999183416366577, 0.01042353268712759, 0.007393862586468458, -1.45220947265625], [0.0, 0.0, 0.0, 1.0]], [[-0.8438265323638916, -0.5361233949661255, -0.022986842319369316, 0.90899658203125], [0.015191728249192238, 0.018952492624521255, -0.9997049570083618, 1.4963226318359375], [0.5364009141921997, -0.8439267873764038, -0.007847975008189678, -1.15966796875], [0.0, 0.0, 0.0, 1.0]], [[0.947899341583252, 0.3185695707798004, 0.0005171478260308504, -1.148284912109375], [-0.010898608714342117, 0.034050971269607544, -0.9993606805801392, 1.5620880126953125], [-0.31838348507881165, 0.9472876787185669, 0.035748858004808426, -0.15478515625], [0.0, 0.0, 0.0, 1.0]], [[0.009163280948996544, 0.9996106028556824, 0.026354355737566948, -0.029052734375], [-0.008596573956310749, 0.02643323503434658, -0.9996135830879211, 1.5673828125], [-0.9999211430549622, 0.00893313903361559, 0.00883544236421585, -0.032073974609375], [0.0, 0.0, 0.0, 1.0]], [[-0.9238202571868896, 0.3827919363975525, 0.005139526911079884, 1.01776123046875], [-0.004004194401204586, 0.0037626007106155157, -0.9999849200248718, 1.5471911430358887], [-0.3828054666519165, -0.9238268733024597, -0.0019431934924796224, -0.10107421875], [0.0, 0.0, 0.0, 1.0]]], "view": [[0.0, -2.0, 100.0], [-2.0, 0.0, 100.0], [0.0, 0.0, 1.0]], "bev": "bev_94b1894389f84a838382791159f2439b.png", "aux": "aux_94b1894389f84a838382791159f2439b.npz", "visibility": "visibility_94b1894389f84a838382791159f2439b.png", "pose": [[0.8838810920715332, 0.4677116572856903, 0.0, 535.4710083007812], [-0.4677116572856903, 0.8838810920715332, 0.0, 1682.9447021484375], [0.0, 0.0, 1.0, 0.0], [0.0, 0.0, 0.0, 1.0]], "pose_inverse": [[0.8838810920715332, -0.4677116572856903, 0.0, 313.8401794433594], [0.4677116572856903, 0.8838810920715332, 0.0, -1737.968994140625], [0.0, 0.0, 1.0, 0.0], [0.0, 0.0, 0.0, 1.0]], "cam_ids": [0, 1, 2, 3, 4, 5], "cam_channels": ["CAM_FRONT_LEFT", "CAM_FRONT", "CAM_FRONT_RIGHT", "CAM_BACK_LEFT", "CAM_BACK", "CAM_BACK_RIGHT"], "token": "94b1894389f84a838382791159f2439b", "scene": "scene-0299"}, {"images": ["samples/CAM_FRONT_LEFT/n008-2018-08-31-11-19-57-0400__CAM_FRONT_LEFT__1535729281005355.jpg", "samples/CAM_FRONT/n008-2018-08-31-11-19-57-0400__CAM_FRONT__1535729281012404.jpg", "samples/CAM_FRONT_RIGHT/n008-2018-08-31-11-19-57-0400__CAM_FRONT_RIGHT__1535729281020482.jpg", "samples/CAM_BACK_LEFT/n008-2018-08-31-11-19-57-0400__CAM_BACK_LEFT__1535729281047462.jpg", "samples/CAM_BACK/n008-2018-08-31-11-19-57-0400__CAM_BACK__1535729281037684.jpg", "samples/CAM_BACK_RIGHT/n008-2018-08-31-11-19-57-0400__CAM_BACK_RIGHT__1535729281028113.jpg"], "intrinsics": [[[1257.8625342125129, 0.0, 827.2410631095686], [0.0, 1257.8625342125129, 450.915498205774], [0.0, 0.0, 1.0]], [[1252.8131021185304, 0.0, 826.588114781398], [0.0, 1252.8131021185304, 469.9846626224581], [0.0, 0.0, 1.0]], [[1256.7485116440405, 0.0, 817.7887570959712], [0.0, 1256.7485116440403, 451.9541780095127], [0.0, 0.0, 1.0]], [[1254.9860565800168, 0.0, 829.5769333630991], [0.0, 1254.9860565800168, 467.1680561863987], [0.0, 0.0, 1.0]], [[796.8910634503094, 0.0, 857.7774326863696], [0.0, 796.8910634503094, 476.8848988407415], [0.0, 0.0, 1.0]], [[1249.9629280788233, 0.0, 825.3768045375984], [0.0, 1249.9629280788233, 462.54816385708756], [0.0, 0.0, 1.0]]], "extrinsics": [[[0.8225771188735962, -0.5685034394264221, -0.013064540922641754, -0.714599609375], [0.006574319209903479, 0.03248045593500137, -0.9994507431983948, 1.4905166625976562], [0.5686156153678894, 0.8220394849777222, 0.030455201864242554, -1.1357421875], [0.0, 0.0, 0.0, 1.0]], [[0.010300232097506523, -0.9995481371879578, -0.028239887207746506, 0.0106201171875], [0.008701278828084469, 0.028329910710453987, -0.9995607733726501, 1.4826469421386719], [0.9999090433120728, 0.010049964301288128, 0.008989151567220688, -1.441925048828125], [0.0, 0.0, 0.0, 1.0]], [[-0.8439618349075317, -0.5358301401138306, -0.02478856034576893, 0.9014892578125], [0.01692008599638939, 0.01959640346467495, -0.9996647834777832, 1.496847152709961], [0.5361363291740417, -0.8440983295440674, -0.007472326047718525, -1.1551513671875], [0.0, 0.0, 0.0, 1.0]], [[0.947896420955658, 0.3185669183731079, 0.002719330135732889, -1.144622802734375], [-0.008736652322113514, 0.03452663868665695, -0.9993656277656555, 1.5620460510253906], [-0.31845876574516296, 0.9472712874412537, 0.03551089018583298, -0.1558837890625], [0.0, 0.0, 0.0, 1.0]], [[0.009240691550076008, 0.9995908141136169, 0.027071936056017876, -0.02880859375], [-0.006591801531612873, 0.02713339775800705, -0.9996100068092346, 1.5675086975097656], [-0.9999356269836426, 0.009058616124093533, 0.006839835550636053, -0.036895751953125], [0.0, 0.0, 0.0, 1.0]], [[-0.9237346053123474, 0.38301318883895874, 0.0039169397205114365, 1.01104736328125], [-0.0023639791179448366, 0.004525166470557451, -0.999987006187439, 1.5474257469177246], [-0.3830258548259735, -0.923731803894043, -0.0032746174838393927, -0.1044921875], [0.0, 0.0, 0.0, 1.0]]], "view": [[0.0, -2.0, 100.0], [-2.0, 0.0, 100.0], [0.0, 0.0, 1.0]], "bev": "bev_61b91419da22439baae4924b238673f7.png", "aux": "aux_61b91419da22439baae4924b238673f7.npz", "visibility": "visibility_61b91419da22439baae4924b238673f7.png", "pose": [[0.8836324214935303, 0.468181312084198, 0.0, 539.838623046875], [-0.468181312084198, 0.8836324214935303, 0.0, 1680.5853271484375], [0.0, 0.0, 1.0, 0.0], [0.0, 0.0, 0.0, 1.0]], "pose_inverse": [[0.8836324214935303, -0.468181312084198, 0.0, 309.7997131347656], [0.468181312084198, 0.8836324214935303, 0.0, -1737.7620849609375], [0.0, 0.0, 1.0, 0.0], [0.0, 0.0, 0.0, 1.0]], "cam_ids": [0, 1, 2, 3, 4, 5], "cam_channels": ["CAM_FRONT_LEFT", "CAM_FRONT", "CAM_FRONT_RIGHT", "CAM_BACK_LEFT", "CAM_BACK", "CAM_BACK_RIGHT"], "token": "61b91419da22439baae4924b238673f7", "scene": "scene-0299"}, {"images": ["samples/CAM_FRONT_LEFT/n008-2018-08-31-11-19-57-0400__CAM_FRONT_LEFT__1535729281504799.jpg", "samples/CAM_FRONT/n008-2018-08-31-11-19-57-0400__CAM_FRONT__1535729281512404.jpg", "samples/CAM_FRONT_RIGHT/n008-2018-08-31-11-19-57-0400__CAM_FRONT_RIGHT__1535729281520482.jpg", "samples/CAM_BACK_LEFT/n008-2018-08-31-11-19-57-0400__CAM_BACK_LEFT__1535729281547405.jpg", "samples/CAM_BACK/n008-2018-08-31-11-19-57-0400__CAM_BACK__1535729281537558.jpg", "samples/CAM_BACK_RIGHT/n008-2018-08-31-11-19-57-0400__CAM_BACK_RIGHT__1535729281528113.jpg"], "intrinsics": [[[1257.8625342125129, 0.0, 827.2410631095686], [0.0, 1257.8625342125129, 450.915498205774], [0.0, 0.0, 1.0]], [[1252.8131021185304, 0.0, 826.588114781398], [0.0, 1252.8131021185304, 469.9846626224581], [0.0, 0.0, 1.0]], [[1256.7485116440405, 0.0, 817.7887570959712], [0.0, 1256.7485116440403, 451.9541780095127], [0.0, 0.0, 1.0]], [[1254.9860565800168, 0.0, 829.5769333630991], [0.0, 1254.9860565800168, 467.1680561863987], [0.0, 0.0, 1.0]], [[796.8910634503094, 0.0, 857.7774326863696], [0.0, 796.8910634503094, 476.8848988407415], [0.0, 0.0, 1.0]], [[1249.9629280788233, 0.0, 825.3768045375984], [0.0, 1249.9629280788233, 462.54816385708756], [0.0, 0.0, 1.0]]], "extrinsics": [[[0.8222333192825317, -0.5689895749092102, -0.013541105203330517, -0.69921875], [0.006162661127746105, 0.032690856605768204, -0.9994465112686157, 1.4905319213867188], [0.5691173076629639, 0.8216947317123413, 0.030385999009013176, -1.12353515625], [0.0, 0.0, 0.0, 1.0]], [[0.009632512927055359, -0.999546468257904, -0.028533000499010086, 0.0091552734375], [0.008128196001052856, 0.028611650690436363, -0.9995575547218323, 1.4826278686523438], [0.9999205470085144, 0.009396335110068321, 0.008400113321840763, -1.428070068359375], [0.0, 0.0, 0.0, 1.0]], [[-0.8442699313163757, -0.5353658199310303, -0.024329766631126404, 0.89007568359375], [0.01615416631102562, 0.019955087453126907, -0.9996703267097473, 1.4969024658203125], [0.5356748104095459, -0.8443846702575684, -0.00819909293204546, -1.1497802734375], [0.0, 0.0, 0.0, 1.0]], [[0.9478887319564819, 0.3185965418815613, 0.0018149444367736578, -1.136199951171875], [-0.009907892905175686, 0.03517085313796997, -0.9993321895599365, 1.5619583129882812], [-0.31844764947891235, 0.9472377300262451, 0.036494672298431396, -0.1588134765625], [0.0, 0.0, 0.0, 1.0]], [[0.00945331435650587, 0.9995747804641724, 0.0275855902582407, -0.028076171875], [-0.007384075783193111, 0.02765585295855999, -0.9995902180671692, 1.5673751831054688], [-0.9999281167984009, 0.009245773777365685, 0.0076423767022788525, -0.0478515625], [0.0, 0.0, 0.0, 1.0]], [[-0.9235833883285522, 0.38336989283561707, 0.0046013109385967255, 1.0009765625], [-0.0029363285284489393, 0.004928113427013159, -0.999983549118042, 1.5473027229309082], [-0.38338616490364075, -0.9235817790031433, -0.003425823524594307, -0.1094970703125], [0.0, 0.0, 0.0, 1.0]]], "view": [[0.0, -2.0, 100.0], [-2.0, 0.0, 100.0], [0.0, 0.0, 1.0]], "bev": "bev_54a3967e1728410a8f43f6a991327f77.png", "aux": "aux_54a3967e1728410a8f43f6a991327f77.npz", "visibility": "visibility_54a3967e1728410a8f43f6a991327f77.png", "pose": [[0.8840062618255615, 0.46747511625289917, 0.0, 543.583984375], [-0.46747511625289917, 0.8840062618255615, 0.0, 1678.5732421875], [0.0, 0.0, 1.0, 0.0], [0.0, 0.0, 0.0, 1.0]], "pose_inverse": [[0.8840062618255615, -0.46747511625289917, 0.0, 304.1595764160156], [0.46747511625289917, 0.8840062618255615, 0.0, -1737.981201171875], [0.0, 0.0, 1.0, 0.0], [0.0, 0.0, 0.0, 1.0]], "cam_ids": [0, 1, 2, 3, 4, 5], "cam_channels": ["CAM_FRONT_LEFT", "CAM_FRONT", "CAM_FRONT_RIGHT", "CAM_BACK_LEFT", "CAM_BACK", "CAM_BACK_RIGHT"], "token": "54a3967e1728410a8f43f6a991327f77", "scene": "scene-0299"}, {"images": ["samples/CAM_FRONT_LEFT/n008-2018-08-31-11-19-57-0400__CAM_FRONT_LEFT__1535729282004799.jpg", "samples/CAM_FRONT/n008-2018-08-31-11-19-57-0400__CAM_FRONT__1535729282012404.jpg", "samples/CAM_FRONT_RIGHT/n008-2018-08-31-11-19-57-0400__CAM_FRONT_RIGHT__1535729282020482.jpg", "samples/CAM_BACK_LEFT/n008-2018-08-31-11-19-57-0400__CAM_BACK_LEFT__1535729282047405.jpg", "samples/CAM_BACK/n008-2018-08-31-11-19-57-0400__CAM_BACK__1535729282037558.jpg", "samples/CAM_BACK_RIGHT/n008-2018-08-31-11-19-57-0400__CAM_BACK_RIGHT__1535729282028113.jpg"], "intrinsics": [[[1257.8625342125129, 0.0, 827.2410631095686], [0.0, 1257.8625342125129, 450.915498205774], [0.0, 0.0, 1.0]], [[1252.8131021185304, 0.0, 826.588114781398], [0.0, 1252.8131021185304, 469.9846626224581], [0.0, 0.0, 1.0]], [[1256.7485116440405, 0.0, 817.7887570959712], [0.0, 1256.7485116440403, 451.9541780095127], [0.0, 0.0, 1.0]], [[1254.9860565800168, 0.0, 829.5769333630991], [0.0, 1254.9860565800168, 467.1680561863987], [0.0, 0.0, 1.0]], [[796.8910634503094, 0.0, 857.7774326863696], [0.0, 796.8910634503094, 476.8848988407415], [0.0, 0.0, 1.0]], [[1249.9629280788233, 0.0, 825.3768045375984], [0.0, 1249.9629280788233, 462.54816385708756], [0.0, 0.0, 1.0]]], "extrinsics": [[[0.8221964240074158, -0.5689389109611511, -0.017369400709867477, -0.7027587890625], [0.0025575505569577217, 0.03420752286911011, -0.9994114637374878, 1.4891700744628906], [0.5691981911659241, 0.8216680884361267, 0.029580391943454742, -1.126220703125], [0.0, 0.0, 0.0, 1.0]], [[0.009703989140689373, -0.9995030164718628, -0.02999044395983219, 0.009521484375], [0.004999793600291014, 0.03003998100757599, -0.9995362162590027, 1.4816360473632812], [0.9999403953552246, 0.009549586102366447, 0.00528881698846817, -1.432281494140625], [0.0, 0.0, 0.0, 1.0]], [[-0.8442459106445312, -0.5354694128036499, -0.02283615805208683, 0.89263916015625], [0.013537471182644367, 0.021289607509970665, -0.9996817111968994, 1.4962310791015625], [0.5357851386070251, -0.8442862629890442, -0.010724763385951519, -1.15087890625], [0.0, 0.0, 0.0, 1.0]], [[0.9478964805603027, 0.31857696175575256, 0.0008902683621272445, -1.133148193359375], [-0.011232856661081314, 0.036214835941791534, -0.9992808699607849, 1.5619049072265625], [-0.3183801472187042, 0.9472048878669739, 0.037906449288129807, -0.1600341796875], [0.0, 0.0, 0.0, 1.0]], [[0.009446894749999046, 0.9995423555374146, 0.028737396001815796, -0.028076171875], [-0.009222186170518398, 0.028824545443058014, -0.9995418787002563, 1.5671958923339844], [-0.9999129176139832, 0.00917753204703331, 0.009490269236266613, -0.04888916015625], [0.0, 0.0, 0.0, 1.0]], [[-0.9236122369766235, 0.38325339555740356, 0.007562865037471056, 1.0018310546875], [-0.005604451522231102, 0.006226319819688797, -0.9999648928642273, 1.546844482421875], [-0.3832870423793793, -0.923622190952301, -0.003602780867367983, -0.10888671875], [0.0, 0.0, 0.0, 1.0]]], "view": [[0.0, -2.0, 100.0], [-2.0, 0.0, 100.0], [0.0, 0.0, 1.0]], "bev": "bev_0299df03b3834bf886cc4683cffbd27e.png", "aux": "aux_0299df03b3834bf886cc4683cffbd27e.npz", "visibility": "visibility_0299df03b3834bf886cc4683cffbd27e.png", "pose": [[0.8840375542640686, 0.46741583943367004, 0.0, 547.2694702148438], [-0.46741583943367004, 0.8840375542640686, 0.0, 1676.590087890625], [0.0, 0.0, 1.0, 0.0], [0.0, 0.0, 0.0, 1.0]], "pose_inverse": [[0.8840375542640686, -0.46741583943367004, 0.0, 299.8580017089844], [0.46741583943367004, 0.8840375542640686, 0.0, -1737.9710693359375], [0.0, 0.0, 1.0, 0.0], [0.0, 0.0, 0.0, 1.0]], "cam_ids": [0, 1, 2, 3, 4, 5], "cam_channels": ["CAM_FRONT_LEFT", "CAM_FRONT", "CAM_FRONT_RIGHT", "CAM_BACK_LEFT", "CAM_BACK", "CAM_BACK_RIGHT"], "token": "0299df03b3834bf886cc4683cffbd27e", "scene": "scene-0299"}, {"images": ["samples/CAM_FRONT_LEFT/n008-2018-08-31-11-19-57-0400__CAM_FRONT_LEFT__1535729282504799.jpg", "samples/CAM_FRONT/n008-2018-08-31-11-19-57-0400__CAM_FRONT__1535729282512404.jpg", "samples/CAM_FRONT_RIGHT/n008-2018-08-31-11-19-57-0400__CAM_FRONT_RIGHT__1535729282520482.jpg", "samples/CAM_BACK_LEFT/n008-2018-08-31-11-19-57-0400__CAM_BACK_LEFT__1535729282547405.jpg", "samples/CAM_BACK/n008-2018-08-31-11-19-57-0400__CAM_BACK__1535729282537558.jpg", "samples/CAM_BACK_RIGHT/n008-2018-08-31-11-19-57-0400__CAM_BACK_RIGHT__1535729282528113.jpg"], "intrinsics": [[[1257.8625342125129, 0.0, 827.2410631095686], [0.0, 1257.8625342125129, 450.915498205774], [0.0, 0.0, 1.0]], [[1252.8131021185304, 0.0, 826.588114781398], [0.0, 1252.8131021185304, 469.9846626224581], [0.0, 0.0, 1.0]], [[1256.7485116440405, 0.0, 817.7887570959712], [0.0, 1256.7485116440403, 451.9541780095127], [0.0, 0.0, 1.0]], [[1254.9860565800168, 0.0, 829.5769333630991], [0.0, 1254.9860565800168, 467.1680561863987], [0.0, 0.0, 1.0]], [[796.8910634503094, 0.0, 857.7774326863696], [0.0, 796.8910634503094, 476.8848988407415], [0.0, 0.0, 1.0]], [[1249.9629280788233, 0.0, 825.3768045375984], [0.0, 1249.9629280788233, 462.54816385708756], [0.0, 0.0, 1.0]]], "extrinsics": [[[0.8224294781684875, -0.5685890316963196, -0.017786428332328796, -0.6947021484375], [0.0018288017017766833, 0.0339089035987854, -0.9994232654571533, 1.4888992309570312], [0.5688642263412476, 0.8219226002693176, 0.02892751432955265, -1.1217041015625], [0.0, 0.0, 0.0, 1.0]], [[0.009995161555707455, -0.9995083212852478, -0.029718440026044846, 0.0103759765625], [0.003278513206169009, 0.029752520844340324, -0.9995519518852234, 1.4811248779296875], [0.9999446868896484, 0.009893281385302544, 0.003574283327907324, -1.42364501953125], [0.0, 0.0, 0.0, 1.0]], [[-0.8441596031188965, -0.5357056260108948, -0.02034793794155121, 0.886474609375], [0.010761324316263199, 0.021015256643295288, -0.9997212290763855, 1.4956550598144531], [0.5359839200973511, -0.8441433310508728, -0.011975330300629139, -1.1463623046875], [0.0, 0.0, 0.0, 1.0]], [[0.9478772282600403, 0.3186250627040863, -0.0026021581143140793, -1.129608154296875], [-0.014918636530637741, 0.036220867186784744, -0.9992324113845825, 1.5618133544921875], [-0.31828629970550537, 0.9471885561943054, 0.03908638656139374, -0.160888671875], [0.0, 0.0, 0.0, 1.0]], [[0.009420769289135933, 0.9995481371879578, 0.028546880930662155, -0.0283203125], [-0.013097730465233326, 0.028669046238064766, -0.9995031356811523, 1.5667610168457031], [-0.9998699426651001, 0.009042168967425823, 0.013361894525587559, -0.05413818359375], [0.0, 0.0, 0.0, 1.0]], [[-0.923671543598175, 0.3830585181713104, 0.009855621494352818, 0.99554443359375], [-0.008217972703278065, 0.0059113954193890095, -0.9999487400054932, 1.5463409423828125], [-0.3830971121788025, -0.9237051606178284, -0.0023122229613363743, -0.1109619140625], [0.0, 0.0, 0.0, 1.0]]], "view": [[0.0, -2.0, 100.0], [-2.0, 0.0, 100.0], [0.0, 0.0, 1.0]], "bev": "bev_ea21b60299a44163a4d768b186166526.png", "aux": "aux_ea21b60299a44163a4d768b186166526.npz", "visibility": "visibility_ea21b60299a44163a4d768b186166526.png", "pose": [[0.8840460777282715, 0.46739980578422546, 0.0, 550.9263305664062], [-0.46739980578422546, 0.8840460777282715, 0.0, 1674.6258544921875], [0.0, 0.0, 1.0, 0.0], [0.0, 0.0, 0.0, 1.0]], "pose_inverse": [[0.8840460777282715, -0.46739980578422546, 0.0, 295.675537109375], [0.46739980578422546, 0.8840460777282715, 0.0, -1737.94921875], [0.0, 0.0, 1.0, 0.0], [0.0, 0.0, 0.0, 1.0]], "cam_ids": [0, 1, 2, 3, 4, 5], "cam_channels": ["CAM_FRONT_LEFT", "CAM_FRONT", "CAM_FRONT_RIGHT", "CAM_BACK_LEFT", "CAM_BACK", "CAM_BACK_RIGHT"], "token": "ea21b60299a44163a4d768b186166526", "scene": "scene-0299"}, {"images": ["samples/CAM_FRONT_LEFT/n008-2018-08-31-11-19-57-0400__CAM_FRONT_LEFT__1535729283004799.jpg", "samples/CAM_FRONT/n008-2018-08-31-11-19-57-0400__CAM_FRONT__1535729283012404.jpg", "samples/CAM_FRONT_RIGHT/n008-2018-08-31-11-19-57-0400__CAM_FRONT_RIGHT__1535729283020482.jpg", "samples/CAM_BACK_LEFT/n008-2018-08-31-11-19-57-0400__CAM_BACK_LEFT__1535729283047405.jpg", "samples/CAM_BACK/n008-2018-08-31-11-19-57-0400__CAM_BACK__1535729283037558.jpg", "samples/CAM_BACK_RIGHT/n008-2018-08-31-11-19-57-0400__CAM_BACK_RIGHT__1535729283028113.jpg"], "intrinsics": [[[1257.8625342125129, 0.0, 827.2410631095686], [0.0, 1257.8625342125129, 450.915498205774], [0.0, 0.0, 1.0]], [[1252.8131021185304, 0.0, 826.588114781398], [0.0, 1252.8131021185304, 469.9846626224581], [0.0, 0.0, 1.0]], [[1256.7485116440405, 0.0, 817.7887570959712], [0.0, 1256.7485116440403, 451.9541780095127], [0.0, 0.0, 1.0]], [[1254.9860565800168, 0.0, 829.5769333630991], [0.0, 1254.9860565800168, 467.1680561863987], [0.0, 0.0, 1.0]], [[796.8910634503094, 0.0, 857.7774326863696], [0.0, 796.8910634503094, 476.8848988407415], [0.0, 0.0, 1.0]], [[1249.9629280788233, 0.0, 825.3768045375984], [0.0, 1249.9629280788233, 462.54816385708756], [0.0, 0.0, 1.0]]], "extrinsics": [[[0.8225200772285461, -0.5685195922851562, -0.01569259725511074, -0.6976318359375], [0.004971052519977093, 0.034777525812387466, -0.9993826746940613, 1.4900436401367188], [0.5687143802642822, 0.8219343423843384, 0.031431350857019424, -1.12451171875], [0.0, 0.0, 0.0, 1.0]], [[0.010068923234939575, -0.9994825720787048, -0.030546780675649643, 0.010986328125], [0.0071391332894563675, 0.03061940334737301, -0.9995056390762329, 1.4822845458984375], [0.999923825263977, 0.009845882654190063, 0.007443745620548725, -1.426910400390625], [0.0, 0.0, 0.0, 1.0]], [[-0.8440933227539062, -0.5356265306472778, -0.02471208944916725, 0.8887939453125], [0.015381619334220886, 0.021880410611629486, -0.9996421933174133, 1.4967269897460938], [0.5359756350517273, -0.8441714644432068, -0.010230306535959244, -1.147216796875], [0.0, 0.0, 0.0, 1.0]], [[0.9479085803031921, 0.31853342056274414, 0.002400205936282873, -1.128997802734375], [-0.009908866137266159, 0.03701697289943695, -0.9992655515670776, 1.5618820190429688], [-0.31838828325271606, 0.9471885561943054, 0.03824501484632492, -0.1611328125], [0.0, 0.0, 0.0, 1.0]], [[0.009351865388453007, 0.9995233416557312, 0.02942311204969883, -0.028564453125], [-0.007884589023888111, 0.029497189447283745, -0.9995337724685669, 1.5672645568847656], [-0.9999251365661621, 0.00911552645266056, 0.008156685158610344, -0.053558349609375], [0.0, 0.0, 0.0, 1.0]], [[-0.9236776828765869, 0.38311976194381714, 0.006221971940249205, 0.9970703125], [-0.003911587409675121, 0.006809185724705458, -0.9999691247940063, 1.5471124649047852], [-0.383150190114975, -0.9236735701560974, -0.004790887236595154, -0.1102294921875], [0.0, 0.0, 0.0, 1.0]]], "view": [[0.0, -2.0, 100.0], [-2.0, 0.0, 100.0], [0.0, 0.0, 1.0]], "bev": "bev_5d96b85f806e47bd87640e09ad4d8e77.png", "aux": "aux_5d96b85f806e47bd87640e09ad4d8e77.npz", "visibility": "visibility_5d96b85f806e47bd87640e09ad4d8e77.png", "pose": [[0.8820968270301819, 0.4710681140422821, 0.0, 554.64599609375], [-0.4710681140422821, 0.8820968270301819, 0.0, 1672.605712890625], [0.0, 0.0, 1.0, 0.0], [0.0, 0.0, 0.0, 1.0]], "pose_inverse": [[0.8820968270301819, -0.4710681140422821, 0.0, 298.6597595214844], [0.4710681140422821, 0.8820968270301819, 0.0, -1736.67626953125], [0.0, 0.0, 1.0, 0.0], [0.0, 0.0, 0.0, 1.0]], "cam_ids": [0, 1, 2, 3, 4, 5], "cam_channels": ["CAM_FRONT_LEFT", "CAM_FRONT", "CAM_FRONT_RIGHT", "CAM_BACK_LEFT", "CAM_BACK", "CAM_BACK_RIGHT"], "token": "5d96b85f806e47bd87640e09ad4d8e77", "scene": "scene-0299"}, {"images": ["samples/CAM_FRONT_LEFT/n008-2018-08-31-11-19-57-0400__CAM_FRONT_LEFT__1535729283504799.jpg", "samples/CAM_FRONT/n008-2018-08-31-11-19-57-0400__CAM_FRONT__1535729283512404.jpg", "samples/CAM_FRONT_RIGHT/n008-2018-08-31-11-19-57-0400__CAM_FRONT_RIGHT__1535729283520482.jpg", "samples/CAM_BACK_LEFT/n008-2018-08-31-11-19-57-0400__CAM_BACK_LEFT__1535729283547405.jpg", "samples/CAM_BACK/n008-2018-08-31-11-19-57-0400__CAM_BACK__1535729283537558.jpg", "samples/CAM_BACK_RIGHT/n008-2018-08-31-11-19-57-0400__CAM_BACK_RIGHT__1535729283528122.jpg"], "intrinsics": [[[1257.8625342125129, 0.0, 827.2410631095686], [0.0, 1257.8625342125129, 450.915498205774], [0.0, 0.0, 1.0]], [[1252.8131021185304, 0.0, 826.588114781398], [0.0, 1252.8131021185304, 469.9846626224581], [0.0, 0.0, 1.0]], [[1256.7485116440405, 0.0, 817.7887570959712], [0.0, 1256.7485116440403, 451.9541780095127], [0.0, 0.0, 1.0]], [[1254.9860565800168, 0.0, 829.5769333630991], [0.0, 1254.9860565800168, 467.1680561863987], [0.0, 0.0, 1.0]], [[796.8910634503094, 0.0, 857.7774326863696], [0.0, 796.8910634503094, 476.8848988407415], [0.0, 0.0, 1.0]], [[1249.9629280788233, 0.0, 825.3768045375984], [0.0, 1249.9629280788233, 462.54816385708756], [0.0, 0.0, 1.0]]], "extrinsics": [[[0.8226710557937622, -0.5683515667915344, -0.013736418448388577, -0.6900634765625], [0.006206609308719635, 0.033139005303382874, -0.9994314312934875, 1.4905929565429688], [0.5684836506843567, 0.8221181631088257, 0.030790036544203758, -1.118408203125], [0.0, 0.0, 0.0, 1.0]], [[0.01045759953558445, -0.9995267987251282, -0.028926637023687363, 0.010498046875], [0.007601047866046429, 0.0290068406611681, -0.9995503425598145, 1.4825096130371094], [0.9999164342880249, 0.010233012959361076, 0.007900794968008995, -1.418975830078125], [0.0, 0.0, 0.0, 1.0]], [[-0.8439200520515442, -0.5359510183334351, -0.023568758741021156, 0.88372802734375], [0.015029125846922398, 0.02029637061059475, -0.9996809959411621, 1.4967403411865234], [0.5362584590911865, -0.8440050482749939, -0.009073639288544655, -1.144287109375], [0.0, 0.0, 0.0, 1.0]], [[0.9478884339332581, 0.3186022937297821, 3.374462494321051e-06, -1.131256103515625], [-0.011866972781717777, 0.03531656414270401, -0.9993057250976562, 1.5618820190429688], [-0.31838127970695496, 0.947230339050293, 0.037257011979818344, -0.1602783203125], [0.0, 0.0, 0.0, 1.0]], [[0.0092127351090312, 0.9995715022087097, 0.027783041819930077, -0.0284423828125], [-0.008770574815571308, 0.02786392532289028, -0.9995732307434082, 1.5671806335449219], [-0.999919056892395, 0.008965124