[{"images": ["samples/CAM_FRONT_LEFT/n008-2018-08-31-11-19-57-0400__CAM_FRONT_LEFT__1535729026404799.jpg", "samples/CAM_FRONT/n008-2018-08-31-11-19-57-0400__CAM_FRONT__1535729026412404.jpg", "samples/CAM_FRONT_RIGHT/n008-2018-08-31-11-19-57-0400__CAM_FRONT_RIGHT__1535729026420482.jpg", "samples/CAM_BACK_LEFT/n008-2018-08-31-11-19-57-0400__CAM_BACK_LEFT__1535729026447405.jpg", "samples/CAM_BACK/n008-2018-08-31-11-19-57-0400__CAM_BACK__1535729026437558.jpg", "samples/CAM_BACK_RIGHT/n008-2018-08-31-11-19-57-0400__CAM_BACK_RIGHT__1535729026428113.jpg"], "intrinsics": [[[1257.8625342125129, 0.0, 827.2410631095686], [0.0, 1257.8625342125129, 450.915498205774], [0.0, 0.0, 1.0]], [[1252.8131021185304, 0.0, 826.588114781398], [0.0, 1252.8131021185304, 469.9846626224581], [0.0, 0.0, 1.0]], [[1256.7485116440405, 0.0, 817.7887570959712], [0.0, 1256.7485116440403, 451.9541780095127], [0.0, 0.0, 1.0]], [[1254.9860565800168, 0.0, 829.5769333630991], [0.0, 1254.9860565800168, 467.1680561863987], [0.0, 0.0, 1.0]], [[796.8910634503094, 0.0, 857.7774326863696], [0.0, 796.8910634503094, 476.8848988407415], [0.0, 0.0, 1.0]], [[1249.9629280788233, 0.0, 825.3768045375984], [0.0, 1249.9629280788233, 462.54816385708756], [0.0, 0.0, 1.0]]], "extrinsics": [[[0.8222477436065674, -0.5691093802452087, -0.004823570139706135, -0.660400390625], [0.027508540078997612, 0.04820684716105461, -0.9984585046768188, 1.4997024536132812], [0.5684646964073181, 0.8208474516868591, 0.05529334023594856, -1.0972900390625], [0.0, 0.0, 0.0, 1.0]], [[0.010199657641351223, -0.9989873766899109, -0.043821144849061966, 0.0107421875], [0.029347822070121765, 0.04410361126065254, -0.9985957741737366, 1.490234375], [0.9995172023773193, 0.008899183943867683, 0.029767941683530807, -1.3887939453125], [0.0, 0.0, 0.0, 1.0]], [[-0.8436141610145569, -0.5345774292945862, -0.050419241189956665, 0.8642578125], [0.03724310174584389, 0.03541824594140053, -0.9986783862113953, 1.5030441284179688], [0.5356566905975342, -0.8443770408630371, -0.009970012120902538, -1.131591796875], [0.0, 0.0, 0.0, 1.0]], [[0.9476974010467529, 0.3179832994937897, 0.027500871568918228, -1.13531494140625], [0.012167612090706825, 0.05010664463043213, -0.9986697435379028, 1.5621566772460938], [-0.31893831491470337, 0.9467713832855225, 0.04361683875322342, -0.1590576171875], [0.0, 0.0, 0.0, 1.0]], [[0.00901820883154869, 0.9990342855453491, 0.043002381920814514, -0.0286865234375], [0.014390122145414352, 0.042870018631219864, -0.99897700548172, 1.5695343017578125], [-0.9998558163642883, 0.009627812542021275, -0.013989616185426712, -0.06005859375], [0.0, 0.0, 0.0, 1.0]], [[-0.9234257340431213, 0.3836700916290283, -0.009064248763024807, 0.979248046875], [0.018264254555106163, 0.02034253440797329, -0.9996262192726135, 1.5513648986816406], [-0.38334232568740845, -0.9232460856437683, -0.02579226903617382, -0.117431640625], [0.0, 0.0, 0.0, 1.0]]], "view": [[0.0, -2.0, 100.0], [-2.0, 0.0, 100.0], [0.0, 0.0, 1.0]], "bev": "bev_42295d2ae23b417f8e502fd92fe6d2e4.png", "aux": "aux_42295d2ae23b417f8e502fd92fe6d2e4.npz", "visibility": "visibility_42295d2ae23b417f8e502fd92fe6d2e4.png", "pose": [[-0.8156578540802002, -0.5785346031188965, 0.0, 1194.2681884765625], [0.5785346031188965, -0.8156578540802002, 0.0, 1128.2744140625], [0.0, 0.0, 1.0, 0.0], [0.0, 0.0, 0.0, 1.0]], "pose_inverse": [[-0.8156578540802002, 0.5785346031188965, 0.0, 321.3683776855469], [-0.5785346031188965, -0.8156578540802002, 0.0, 1611.2113037109375], [0.0, 0.0, 1.0, 0.0], [0.0, 0.0, 0.0, 1.0]], "cam_ids": [0, 1, 2, 3, 4, 5], "cam_channels": ["CAM_FRONT_LEFT", "CAM_FRONT", "CAM_FRONT_RIGHT", "CAM_BACK_LEFT", "CAM_BACK", "CAM_BACK_RIGHT"], "token": "42295d2ae23b417f8e502fd92fe6d2e4", "scene": "scene-0289"}, {"images": ["samples/CAM_FRONT_LEFT/n008-2018-08-31-11-19-57-0400__CAM_FRONT_LEFT__1535729026904799.jpg", "samples/CAM_FRONT/n008-2018-08-31-11-19-57-0400__CAM_FRONT__1535729026912404.jpg", "samples/CAM_FRONT_RIGHT/n008-2018-08-31-11-19-57-0400__CAM_FRONT_RIGHT__1535729026920482.jpg", "samples/CAM_BACK_LEFT/n008-2018-08-31-11-19-57-0400__CAM_BACK_LEFT__1535729026947405.jpg", "samples/CAM_BACK/n008-2018-08-31-11-19-57-0400__CAM_BACK__1535729026937558.jpg", "samples/CAM_BACK_RIGHT/n008-2018-08-31-11-19-57-0400__CAM_BACK_RIGHT__1535729026928113.jpg"], "intrinsics": [[[1257.8625342125129, 0.0, 827.2410631095686], [0.0, 1257.8625342125129, 450.915498205774], [0.0, 0.0, 1.0]], [[1252.8131021185304, 0.0, 826.588114781398], [0.0, 1252.8131021185304, 469.9846626224581], [0.0, 0.0, 1.0]], [[1256.7485116440405, 0.0, 817.7887570959712], [0.0, 1256.7485116440403, 451.9541780095127], [0.0, 0.0, 1.0]], [[1254.9860565800168, 0.0, 829.5769333630991], [0.0, 1254.9860565800168, 467.1680561863987], [0.0, 0.0, 1.0]], [[796.8910634503094, 0.0, 857.7774326863696], [0.0, 796.8910634503094, 476.8848988407415], [0.0, 0.0, 1.0]], [[1249.9629280788233, 0.0, 825.3768045375984], [0.0, 1249.9629280788233, 462.54816385708756], [0.0, 0.0, 1.0]]], "extrinsics": [[[0.8226408362388611, -0.5684748888015747, 0.009915881790220737, -0.65069580078125], [0.04135827347636223, 0.04243731126189232, -0.9982427358627319, 1.5058670043945312], [0.5670551657676697, 0.821605384349823, 0.05842180922627449, -1.0931396484375], [0.0, 0.0, 0.0, 1.0]], [[0.011417779140174389, -0.9992254972457886, -0.03765644505620003, 0.0123291015625], [0.04332414269447327, 0.03811788558959961, -0.9983336329460144, 1.4954147338867188], [0.9989957809448242, 0.009767347015440464, 0.04372580721974373, -1.38055419921875], [0.0, 0.0, 0.0, 1.0]], [[-0.8425538539886475, -0.5353699922561646, -0.05900737643241882, 0.859130859375], [0.05135354772210121, 0.029206307604908943, -0.998253345489502, 1.5071754455566406], [0.5361583828926086, -0.8441125154495239, 0.002885261783376336, -1.1280517578125], [0.0, 0.0, 0.0, 1.0]], [[0.9472496509552002, 0.3182423412799835, 0.03794825077056885, -1.1290283203125], [0.025349076837301254, 0.04363967478275299, -0.9987257122993469, 1.5624465942382812], [-0.319492906332016, 0.9470044374465942, 0.03327051177620888, -0.160888671875], [0.0, 0.0, 0.0, 1.0]], [[0.008311187848448753, 0.9992918372154236, 0.03669887036085129, -0.02880859375], [0.027511831372976303, 0.03645773604512215, -0.9989564418792725, 1.5710372924804688], [-0.9995869994163513, 0.00931213516741991, -0.0271893460303545, -0.065093994140625], [0.0, 0.0, 0.0, 1.0]], [[-0.9233344793319702, 0.3832116723060608, -0.024537092074751854, 0.974151611328125], [0.0323365144431591, 0.013923212885856628, -0.9993800520896912, 1.5543060302734375], [-0.38263246417045593, -0.9235556125640869, -0.025247512385249138, -0.119384765625], [0.0, 0.0, 0.0, 1.0]]], "view": [[0.0, -2.0, 100.0], [-2.0, 0.0, 100.0], [0.0, 0.0, 1.0]], "bev": "bev_81317292b9764c7b9984512998469404.png", "aux": "aux_81317292b9764c7b9984512998469404.npz", "visibility": "visibility_81317292b9764c7b9984512998469404.png", "pose": [[-0.8146069645881653, -0.5800133943557739, 0.0, 1190.4168701171875], [0.5800133943557739, -0.8146069645881653, 0.0, 1131.0391845703125], [0.0, 0.0, 1.0, 0.0], [0.0, 0.0, 0.0, 1.0]], "pose_inverse": [[-0.8146069645881653, 0.5800133943557739, 0.0, 313.7039794921875], [-0.5800133943557739, -0.8146069645881653, 0.0, 1611.81005859375], [0.0, 0.0, 1.0, 0.0], [0.0, 0.0, 0.0, 1.0]], "cam_ids": [0, 1, 2, 3, 4, 5], "cam_channels": ["CAM_FRONT_LEFT", "CAM_FRONT", "CAM_FRONT_RIGHT", "CAM_BACK_LEFT", "CAM_BACK", "CAM_BACK_RIGHT"], "token": "81317292b9764c7b9984512998469404", "scene": "scene-0289"}, {"images": ["samples/CAM_FRONT_LEFT/n008-2018-08-31-11-19-57-0400__CAM_FRONT_LEFT__1535729027404799.jpg", "samples/CAM_FRONT/n008-2018-08-31-11-19-57-0400__CAM_FRONT__1535729027412404.jpg", "samples/CAM_FRONT_RIGHT/n008-2018-08-31-11-19-57-0400__CAM_FRONT_RIGHT__1535729027420482.jpg", "samples/CAM_BACK_LEFT/n008-2018-08-31-11-19-57-0400__CAM_BACK_LEFT__1535729027447405.jpg", "samples/CAM_BACK/n008-2018-08-31-11-19-57-0400__CAM_BACK__1535729027437558.jpg", "samples/CAM_BACK_RIGHT/n008-2018-08-31-11-19-57-0400__CAM_BACK_RIGHT__1535729027428113.jpg"], "intrinsics": [[[1257.8625342125129, 0.0, 827.2410631095686], [0.0, 1257.8625342125129, 450.915498205774], [0.0, 0.0, 1.0]], [[1252.8131021185304, 0.0, 826.588114781398], [0.0, 1252.8131021185304, 469.9846626224581], [0.0, 0.0, 1.0]], [[1256.7485116440405, 0.0, 817.7887570959712], [0.0, 1256.7485116440403, 451.9541780095127], [0.0, 0.0, 1.0]], [[1254.9860565800168, 0.0, 829.5769333630991], [0.0, 1254.9860565800168, 467.1680561863987], [0.0, 0.0, 1.0]], [[796.8910634503094, 0.0, 857.7774326863696], [0.0, 796.8910634503094, 476.8848988407415], [0.0, 0.0, 1.0]], [[1249.9629280788233, 0.0, 825.3768045375984], [0.0, 1249.9629280788233, 462.54816385708756], [0.0, 0.0, 1.0]]], "extrinsics": [[[0.8221692442893982, -0.5692428350448608, -0.000528589531313628, -0.64703369140625], [0.027758764103055, 0.04102000966668129, -0.9987726211547852, 1.5002212524414062], [0.568565845489502, 0.8211455345153809, 0.049526870250701904, -1.089111328125], [0.0, 0.0, 0.0, 1.0]], [[0.010062118992209435, -0.9992796778678894, -0.03659021481871605, 0.0111083984375], [0.030015455558896065, 0.03687741234898567, -0.9988689422607422, 1.4908447265625], [0.9994987845420837, 0.008952456526458263, 0.030364898964762688, -1.376190185546875], [0.0, 0.0, 0.0, 1.0]], [[-0.8436623215675354, -0.5347719788551331, -0.04746439680457115, 0.8558349609375], [0.03835306316614151, 0.02814960479736328, -0.9988676905632019, 1.5037460327148438], [0.535502552986145, -0.8445274233818054, -0.003238620003685355, -1.1265869140625], [0.0, 0.0, 0.0, 1.0]], [[0.9476609230041504, 0.31819403171539307, 0.026294618844985962, -1.1368408203125], [0.013131482526659966, 0.043443091213703156, -0.9989696145057678, 1.5621337890625], [-0.3190084993839264, 0.947029709815979, 0.03699095919728279, -0.15869140625], [0.0, 0.0, 0.0, 1.0]], [[0.009062184952199459, 0.9993095993995667, 0.03603154793381691, -0.0284423828125], [0.015007628127932549, 0.035893045365810394, -0.9992429614067078, 1.5696525573730469], [-0.999846339225769, 0.009596055373549461, -0.014671999961137772, -0.06280517578125], [0.0, 0.0, 0.0, 1.0]], [[-0.9233537912368774, 0.38373813033103943, -0.012761532329022884, 0.973052978515625], [0.01927272044122219, 0.013127383776009083, -0.9997280836105347, 1.5517082214355469], [-0.3834662139415741, -0.9233486652374268, -0.019516898319125175, -0.1202392578125], [0.0, 0.0, 0.0, 1.0]]], "view": [[0.0, -2.0, 100.0], [-2.0, 0.0, 100.0], [0.0, 0.0, 1.0]], "bev": "bev_24e5219843b647ef8a1547781f9b312a.png", "aux": "aux_24e5219843b647ef8a1547781f9b312a.npz", "visibility": "visibility_24e5219843b647ef8a1547781f9b312a.png", "pose": [[-0.8142452836036682, -0.5805209875106812, 0.0, 1186.5074462890625], [0.5805209875106812, -0.8142452836036682, 0.0, 1133.8804931640625], [0.0, 0.0, 1.0, 0.0], [0.0, 0.0, 0.0, 1.0]], "pose_inverse": [[-0.8142452836036682, 0.5805209875106812, 0.0, 307.86669921875], [-0.5805209875106812, -0.8142452836036682, 0.0, 1612.04931640625], [0.0, 0.0, 1.0, 0.0], [0.0, 0.0, 0.0, 1.0]], "cam_ids": [0, 1, 2, 3, 4, 5], "cam_channels": ["CAM_FRONT_LEFT", "CAM_FRONT", "CAM_FRONT_RIGHT", "CAM_BACK_LEFT", "CAM_BACK", "CAM_BACK_RIGHT"], "token": "24e5219843b647ef8a1547781f9b312a", "scene": "scene-0289"}, {"images": ["samples/CAM_FRONT_LEFT/n008-2018-08-31-11-19-57-0400__CAM_FRONT_LEFT__1535729027904799.jpg", "samples/CAM_FRONT/n008-2018-08-31-11-19-57-0400__CAM_FRONT__1535729027912404.jpg", "samples/CAM_FRONT_RIGHT/n008-2018-08-31-11-19-57-0400__CAM_FRONT_RIGHT__1535729027920719.jpg", "samples/CAM_BACK_LEFT/n008-2018-08-31-11-19-57-0400__CAM_BACK_LEFT__1535729027947405.jpg", "samples/CAM_BACK/n008-2018-08-31-11-19-57-0400__CAM_BACK__1535729027938400.jpg", "samples/CAM_BACK_RIGHT/n008-2018-08-31-11-19-57-0400__CAM_BACK_RIGHT__1535729027928113.jpg"], "intrinsics": [[[1257.8625342125129, 0.0, 827.2410631095686], [0.0, 1257.8625342125129, 450.915498205774], [0.0, 0.0, 1.0]], [[1252.8131021185304, 0.0, 826.588114781398], [0.0, 1252.8131021185304, 469.9846626224581], [0.0, 0.0, 1.0]], [[1256.7485116440405, 0.0, 817.7887570959712], [0.0, 1256.7485116440403, 451.9541780095127], [0.0, 0.0, 1.0]], [[1254.9860565800168, 0.0, 829.5769333630991], [0.0, 1254.9860565800168, 467.1680561863987], [0.0, 0.0, 1.0]], [[796.8910634503094, 0.0, 857.7774326863696], [0.0, 796.8910634503094, 476.8848988407415], [0.0, 0.0, 1.0]], [[1249.9629280788233, 0.0, 825.3768045375984], [0.0, 1249.9629280788233, 462.54816385708756], [0.0, 0.0, 1.0]]], "extrinsics": [[[0.8226779103279114, -0.5685020685195923, 0.00255883252248168, -0.66278076171875], [0.031200595200061798, 0.040655214339494705, -0.9986859560012817, 1.5011520385742188], [0.5676508545875549, 0.8216767907142639, 0.05118374153971672, -1.0994873046875], [0.0, 0.0, 0.0, 1.0]], [[0.010874010622501373, -0.9992876052856445, -0.03613763675093651, 0.010498046875], [0.03312227874994278, 0.0364798977971077, -0.9987853765487671, 1.4914321899414062], [0.9993921518325806, 0.009663837030529976, 0.03349536657333374, -1.393035888671875], [0.0, 0.0, 0.0, 1.0]], [[-0.8432723879814148, -0.5351970195770264, -0.04955606162548065, 0.8695068359375], [0.04110274463891983, 0.02771749719977379, -0.9987704157829285, 1.5038490295410156], [0.5359125733375549, -0.8442724943161011, -0.0013753356179222465, -1.1358642578125], [0.0, 0.0, 0.0, 1.0]], [[0.94759202003479, 0.3182133436203003, 0.028453459963202477, -1.14361572265625], [0.015696818009018898, 0.04258137568831444, -0.9989696741104126, 1.562042236328125], [-0.3190971314907074, 0.9470623135566711, 0.03535483404994011, -0.156005859375], [0.0, 0.0, 0.0, 1.0]], [[0.0087746512144804, 0.9993360638618469, 0.03536133095622063, -0.0281982421875], [0.017996985465288162, 0.03519913926720619, -0.999218225479126, 1.5696601867675781], [-0.9997995495796204, 0.00940416008234024, -0.017676178365945816, -0.044708251953125], [0.0, 0.0, 0.0, 1.0]], [[-0.9234411716461182, 0.3834201693534851, -0.01566193997859955, 0.9844970703125], [0.022163353860378265, 0.01254418957978487, -0.9996756315231323, 1.5520286560058594], [-0.3830993175506592, -0.9234889149665833, -0.020081697031855583, -0.1160888671875], [0.0, 0.0, 0.0, 1.0]]], "view": [[0.0, -2.0, 100.0], [-2.0, 0.0, 100.0], [0.0, 0.0, 1.0]], "bev": "bev_47bb4be56d8f4e6b9016669aec010760.png", "aux": "aux_47bb4be56d8f4e6b9016669aec010760.npz", "visibility": "visibility_47bb4be56d8f4e6b9016669aec010760.png", "pose": [[-0.8135649561882019, -0.5814740657806396, 0.0, 1182.5545654296875], [0.5814740657806396, -0.8135649561882019, 0.0, 1136.7384033203125], [0.0, 0.0, 1.0, 0.0], [0.0, 0.0, 0.0, 1.0]], "pose_inverse": [[-0.8135649561882019, 0.5814740657806396, 0.0, 301.10107421875], [-0.5814740657806396, -0.8135649561882019, 0.0, 1612.435302734375], [0.0, 0.0, 1.0, 0.0], [0.0, 0.0, 0.0, 1.0]], "cam_ids": [0, 1, 2, 3, 4, 5], "cam_channels": ["CAM_FRONT_LEFT", "CAM_FRONT", "CAM_FRONT_RIGHT", "CAM_BACK_LEFT", "CAM_BACK", "CAM_BACK_RIGHT"], "token": "47bb4be56d8f4e6b9016669aec010760", "scene": "scene-0289"}, {"images": ["samples/CAM_FRONT_LEFT/n008-2018-08-31-11-19-57-0400__CAM_FRONT_LEFT__1535729028404799.jpg", "samples/CAM_FRONT/n008-2018-08-31-11-19-57-0400__CAM_FRONT__1535729028412404.jpg", "samples/CAM_FRONT_RIGHT/n008-2018-08-31-11-19-57-0400__CAM_FRONT_RIGHT__1535729028420509.jpg", "samples/CAM_BACK_LEFT/n008-2018-08-31-11-19-57-0400__CAM_BACK_LEFT__1535729028447405.jpg", "samples/CAM_BACK/n008-2018-08-31-11-19-57-0400__CAM_BACK__1535729028437558.jpg", "samples/CAM_BACK_RIGHT/n008-2018-08-31-11-19-57-0400__CAM_BACK_RIGHT__1535729028428113.jpg"], "intrinsics": [[[1257.8625342125129, 0.0, 827.2410631095686], [0.0, 1257.8625342125129, 450.915498205774], [0.0, 0.0, 1.0]], [[1252.8131021185304, 0.0, 826.588114781398], [0.0, 1252.8131021185304, 469.9846626224581], [0.0, 0.0, 1.0]], [[1256.7485116440405, 0.0, 817.7887570959712], [0.0, 1256.7485116440403, 451.9541780095127], [0.0, 0.0, 1.0]], [[1254.9860565800168, 0.0, 829.5769333630991], [0.0, 1254.9860565800168, 467.1680561863987], [0.0, 0.0, 1.0]], [[796.8910634503094, 0.0, 857.7774326863696], [0.0, 796.8910634503094, 476.8848988407415], [0.0, 0.0, 1.0]], [[1249.9629280788233, 0.0, 825.3768045375984], [0.0, 1249.9629280788233, 462.54816385708756], [0.0, 0.0, 1.0]]], "extrinsics": [[[0.8223846554756165, -0.5689200758934021, 0.003682298120111227, -0.66033935546875], [0.03211115673184395, 0.03995335102081299, -0.9986854791641235, 1.5016708374023438], [0.5680251121520996, 0.82142174243927, 0.051125701516866684, -1.0966796875], [0.0, 0.0, 0.0, 1.0]], [[0.01061201747506857, -0.9992946982383728, -0.0360223762691021, 0.01025390625], [0.03389652818441391, 0.03636319935321808, -0.9987636208534241, 1.4918212890625], [0.9993690848350525, 0.009377849288284779, 0.03425850346684456, -1.389923095703125], [0.0, 0.0, 0.0, 1.0]], [[-0.8432672023773193, -0.5351300239562988, -0.05036221072077751, 0.86572265625], [0.04173440858721733, 0.028226766735315323, -0.998729944229126, 1.5042037963867188], [0.5358719229698181, -0.8442980647087097, -0.0014693692792207003, -1.1337890625], [0.0, 0.0, 0.0, 1.0]], [[0.9475625157356262, 0.3182257115840912, 0.02929041162133217, -1.14447021484375], [0.01612848788499832, 0.043917216360569, -0.9989049434661865, 1.5620269775390625], [-0.31916359066963196, 0.9469972252845764, 0.03648180142045021, -0.1558837890625], [0.0, 0.0, 0.0, 1.0]], [[0.008755853399634361, 0.9992984533309937, 0.03641452267765999, -0.0283203125], [0.018621206283569336, 0.036246657371520996, -0.9991693496704102, 1.5698623657226562], [-0.9997883439064026, 0.009426658973097801, -0.018290773034095764, -0.053253173828125], [0.0, 0.0, 0.0, 1.0]], [[-0.9234378933906555, 0.3834254741668701, -0.015727896243333817, 0.98309326171875], [0.02264636754989624, 0.013536110520362854, -0.9996519088745117, 1.5521488189697266], [-0.38307908177375793, -0.9234727025032043, -0.021182948723435402, -0.11669921875], [0.0, 0.0, 0.0, 1.0]]], "view": [[0.0, -2.0, 100.0], [-2.0, 0.0, 100.0], [0.0, 0.0, 1.0]], "bev": "bev_2a14a712813f47c089a1296ce81efe40.png", "aux": "aux_2a14a712813f47c089a1296ce81efe40.npz", "visibility": "visibility_2a14a712813f47c089a1296ce81efe40.png", "pose": [[-0.8136608600616455, -0.5813398957252502, 0.0, 1178.5889892578125], [0.5813398957252502, -0.8136608600616455, 0.0, 1139.6064453125], [0.0, 0.0, 1.0, 0.0], [0.0, 0.0, 0.0, 1.0]], "pose_inverse": [[-0.8136608600616455, 0.5813398957252502, 0.0, 296.4730224609375], [-0.5813398957252502, -0.8136608600616455, 0.0, 1612.4139404296875], [0.0, 0.0, 1.0, 0.0], [0.0, 0.0, 0.0, 1.0]], "cam_ids": [0, 1, 2, 3, 4, 5], "cam_channels": ["CAM_FRONT_LEFT", "CAM_FRONT", "CAM_FRONT_RIGHT", "CAM_BACK_LEFT", "CAM_BACK", "CAM_BACK_RIGHT"], "token": "2a14a712813f47c089a1296ce81efe40", "scene": "scene-0289"}, {"images": ["samples/CAM_FRONT_LEFT/n008-2018-08-31-11-19-57-0400__CAM_FRONT_LEFT__1535729028904799.jpg", "samples/CAM_FRONT/n008-2018-08-31-11-19-57-0400__CAM_FRONT__1535729028912404.jpg", "samples/CAM_FRONT_RIGHT/n008-2018-08-31-11-19-57-0400__CAM_FRONT_RIGHT__1535729028920482.jpg", "samples/CAM_BACK_LEFT/n008-2018-08-31-11-19-57-0400__CAM_BACK_LEFT__1535729028947405.jpg", "samples/CAM_BACK/n008-2018-08-31-11-19-57-0400__CAM_BACK__1535729028937558.jpg", "samples/CAM_BACK_RIGHT/n008-2018-08-31-11-19-57-0400__CAM_BACK_RIGHT__1535729028928113.jpg"], "intrinsics": [[[1257.8625342125129, 0.0, 827.2410631095686], [0.0, 1257.8625342125129, 450.915498205774], [0.0, 0.0, 1.0]], [[1252.8131021185304, 0.0, 826.588114781398], [0.0, 1252.8131021185304, 469.9846626224581], [0.0, 0.0, 1.0]], [[1256.7485116440405, 0.0, 817.7887570959712], [0.0, 1256.7485116440403, 451.9541780095127], [0.0, 0.0, 1.0]], [[1254.9860565800168, 0.0, 829.5769333630991], [0.0, 1254.9860565800168, 467.1680561863987], [0.0, 0.0, 1.0]], [[796.8910634503094, 0.0, 857.7774326863696], [0.0, 796.8910634503094, 476.8848988407415], [0.0, 0.0, 1.0]], [[1249.9629280788233, 0.0, 825.3768045375984], [0.0, 1249.9629280788233, 462.54816385708756], [0.0, 0.0, 1.0]]], "extrinsics": [[[0.8224915862083435, -0.5687707662582397, -0.002757353475317359, -0.66461181640625], [0.02174309641122818, 0.036285970360040665, -0.9991048574447632, 1.4970550537109375], [0.5683616995811462, 0.8216953873634338, 0.042211733758449554, -1.1038818359375], [0.0, 0.0, 0.0, 1.0]], [[0.010414987802505493, -0.9994417428970337, -0.031747184693813324, 0.0125732421875], [0.02366740070283413, 0.03198639675974846, -0.9992080926895142, 1.4880180358886719], [0.9996656775474548, 0.009655377827584743, 0.02398732304573059, -1.39801025390625], [0.0, 0.0, 0.0, 1.0]], [[-0.8436550498008728, -0.5354598760604858, -0.039102476090192795, 0.8739013671875], [0.03165479004383087, 0.023095516487956047, -0.9992319941520691, 1.5011978149414062], [0.5359516739845276, -0.8442448973655701, -0.002534780651330948, -1.136474609375], [0.0, 0.0, 0.0, 1.0]], [[0.9478001594543457, 0.3183586299419403, 0.017960326746106148, -1.14666748046875], [0.006152912974357605, 0.038055337965488434, -0.9992567300796509, 1.5620307922363281], [-0.3188055157661438, 0.9472061991691589, 0.034110020846128464, -0.155029296875], [0.0, 0.0, 0.0, 1.0]], [[0.009011111222207546, 0.9994888305664062, 0.030676256865262985, -0.029052734375], [0.00848399754613638, 0.03059997968375683, -0.9994956851005554, 1.5688209533691406], [-0.9999234676361084, 0.00926681887358427, -0.008203920908272266, -0.048980712890625], [0.0, 0.0, 0.0, 1.0]], [[-0.9235988855361938, 0.38326552510261536, -0.008524239994585514, 0.98919677734375], [0.01251810509711504, 0.007927672937512398, -0.9998902082443237, 1.5501079559326172], [-0.38315579295158386, -0.9236042499542236, -0.012119744904339314, -0.112548828125], [0.0, 0.0, 0.0, 1.0]]], "view": [[0.0, -2.0, 100.0], [-2.0, 0.0, 100.0], [0.0, 0.0, 1.0]], "bev": "bev_7400ef6da24044ebb7ff0532b1855074.png", "aux": "aux_7400ef6da24044ebb7ff0532b1855074.npz", "visibility": "visibility_7400ef6da24044ebb7ff0532b1855074.png", "pose": [[-0.8139582276344299, -0.5809234380722046, 0.0, 1174.640380859375], [0.5809234380722046, -0.8139582276344299, 0.0, 1142.4945068359375], [0.0, 0.0, 1.0, 0.0], [0.0, 0.0, 0.0, 1.0]], "pose_inverse": [[-0.8139582276344299, 0.5809234380722046, 0.0, 292.4064025878906], [-0.5809234380722046, -0.8139582276344299, 0.0, 1612.31884765625], [0.0, 0.0, 1.0, 0.0], [0.0, 0.0, 0.0, 1.0]], "cam_ids": [0, 1, 2, 3, 4, 5], "cam_channels": ["CAM_FRONT_LEFT", "CAM_FRONT", "CAM_FRONT_RIGHT", "CAM_BACK_LEFT", "CAM_BACK", "CAM_BACK_RIGHT"], "token": "7400ef6da24044ebb7ff0532b1855074", "scene": "scene-0289"}, {"images": ["samples/CAM_FRONT_LEFT/n008-2018-08-31-11-19-57-0400__CAM_FRONT_LEFT__1535729029404799.jpg", "samples/CAM_FRONT/n008-2018-08-31-11-19-57-0400__CAM_FRONT__1535729029412404.jpg", "samples/CAM_FRONT_RIGHT/n008-2018-08-31-11-19-57-0400__CAM_FRONT_RIGHT__1535729029420520.jpg", "samples/CAM_BACK_LEFT/n008-2018-08-31-11-19-57-0400__CAM_BACK_LEFT__1535729029447405.jpg", "samples/CAM_BACK/n008-2018-08-31-11-19-57-0400__CAM_BACK__1535729029437558.jpg", "samples/CAM_BACK_RIGHT/n008-2018-08-31-11-19-57-0400__CAM_BACK_RIGHT__1535729029428113.jpg"], "intrinsics": [[[1257.8625342125129, 0.0, 827.2410631095686], [0.0, 1257.8625342125129, 450.915498205774], [0.0, 0.0, 1.0]], [[1252.8131021185304, 0.0, 826.588114781398], [0.0, 1252.8131021185304, 469.9846626224581], [0.0, 0.0, 1.0]], [[1256.7485116440405, 0.0, 817.7887570959712], [0.0, 1256.7485116440403, 451.9541780095127], [0.0, 0.0, 1.0]], [[1254.9860565800168, 0.0, 829.5769333630991], [0.0, 1254.9860565800168, 467.1680561863987], [0.0, 0.0, 1.0]], [[796.8910634503094, 0.0, 857.7774326863696], [0.0, 796.8910634503094, 476.8848988407415], [0.0, 0.0, 1.0]], [[1249.9629280788233, 0.0, 825.3768045375984], [0.0, 1249.9629280788233, 462.54816385708756], [0.0, 0.0, 1.0]]], "extrinsics": [[[0.822198212146759, -0.5692012310028076, -5.811500159325078e-05, -0.6563720703125], [0.02390197664499283, 0.034627869725227356, -0.9991143941879272, 1.4984397888183594], [0.5686991810798645, 0.8214687705039978, 0.04207601025700569, -1.0919189453125], [0.0, 0.0, 0.0, 1.0]], [[0.010074771009385586, -0.9994938969612122, -0.030173590406775475, 0.0086669921875], [0.02579755149781704, 0.030424878001213074, -0.999204158782959, 1.4891395568847656], [0.9996164441108704, 0.00928838923573494, 0.026091016829013824, -1.387115478515625], [0.0, 0.0, 0.0, 1.0]], [[-0.8437238931655884, -0.5352780818939209, -0.04009189084172249, 0.86572265625], [0.033753760159015656, 0.021635113283991814, -0.9991959929466248, 1.5020675659179688], [0.5357151031494141, -0.8443988561630249, -0.00018641592760104686, -1.135009765625], [0.0, 0.0, 0.0, 1.0]], [[0.9477891325950623, 0.31830036640167236, 0.019512882456183434, -1.14678955078125], [0.008294131606817245, 0.03656318411231041, -0.9992969036102295, 1.5620193481445312], [-0.31879013776779175, 0.9472845792770386, 0.032014161348342896, -0.1551513671875], [0.0, 0.0, 0.0, 1.0]], [[0.009049758315086365, 0.9995324015617371, 0.0292071346193552, -0.0279541015625], [0.010564659722149372, 0.02911113016307354, -0.9995203614234924, 1.5690689086914062], [-0.9999032616615295, 0.009353989735245705, -0.010296271182596684, -0.050994873046875], [0.0, 0.0, 0.0, 1.0]], [[-0.923502504825592, 0.38343364000320435, -0.011038080789148808, 0.985076904296875], [0.01464905496686697, 0.0064985784702003, -0.999871551990509, 1.5506010055541992], [-0.3833126723766327, -0.9235455989837646, -0.01161839347332716, -0.1168212890625], [0.0, 0.0, 0.0, 1.0]]], "view": [[0.0, -2.0, 100.0], [-2.0, 0.0, 100.0], [0.0, 0.0, 1.0]], "bev": "bev_a7c6d51e5f014fc2ba5152246a1d1ff4.png", "aux": "aux_a7c6d51e5f014fc2ba5152246a1d1ff4.npz", "visibility": "visibility_a7c6d51e5f014fc2ba5152246a1d1ff4.png", "pose": [[-0.8153235912322998, -0.5790055990219116, 0.0, 1170.60400390625], [0.5790055990219116, -0.8153235912322998, 0.0, 1145.427734375], [0.0, 0.0, 1.0, 0.0], [0.0, 0.0, 0.0, 1.0]], "pose_inverse": [[-0.8153235912322998, 0.5790055990219116, 0.0, 291.21197509765625], [-0.5790055990219116, -0.8153235912322998, 0.0, 1611.6805419921875], [0.0, 0.0, 1.0, 0.0], [0.0, 0.0, 0.0, 1.0]], "cam_ids": [0, 1, 2, 3, 4, 5], "cam_channels": ["CAM_FRONT_LEFT", "CAM_FRONT", "CAM_FRONT_RIGHT", "CAM_BACK_LEFT", "CAM_BACK", "CAM_BACK_RIGHT"], "token": "a7c6d51e5f014fc2ba5152246a1d1ff4", "scene": "scene-0289"}, {"images": ["samples/CAM_FRONT_LEFT/n008-2018-08-31-11-19-57-0400__CAM_FRONT_LEFT__1535729029904799.jpg", "samples/CAM_FRONT/n008-2018-08-31-11-19-57-0400__CAM_FRONT__1535729029912404.jpg", "samples/CAM_FRONT_RIGHT/n008-2018-08-31-11-19-57-0400__CAM_FRONT_RIGHT__1535729029920482.jpg", "samples/CAM_BACK_LEFT/n008-2018-08-31-11-19-57-0400__CAM_BACK_LEFT__1535729029947405.jpg", "samples/CAM_BACK/n008-2018-08-31-11-19-57-0400__CAM_BACK__1535729029937558.jpg", "samples/CAM_BACK_RIGHT/n008-2018-08-31-11-19-57-0400__CAM_BACK_RIGHT__1535729029928113.jpg"], "intrinsics": [[[1257.8625342125129, 0.0, 827.2410631095686], [0.0, 1257.8625342125129, 450.915498205774], [0.0, 0.0, 1.0]], [[1252.8131021185304, 0.0, 826.588114781398], [0.0, 1252.8131021185304, 469.9846626224581], [0.0, 0.0, 1.0]], [[1256.7485116440405, 0.0, 817.7887570959712], [0.0, 1256.7485116440403, 451.9541780095127], [0.0, 0.0, 1.0]], [[1254.9860565800168, 0.0, 829.5769333630991], [0.0, 1254.9860565800168, 467.1680561863987], [0.0, 0.0, 1.0]], [[796.8910634503094, 0.0, 857.7774326863696], [0.0, 796.8910634503094, 476.8848988407415], [0.0, 0.0, 1.0]], [[1249.9629280788233, 0.0, 825.3768045375984], [0.0, 1249.9629280788233, 462.54816385708756], [0.0, 0.0, 1.0]]], "extrinsics": [[[0.8229061961174011, -0.5681730508804321, 0.0021941924933344126, -0.65264892578125], [0.02477896772325039, 0.03202963247895241, -0.9991797208786011, 1.4986839294433594], [0.5676367282867432, 0.8222855925559998, 0.04043612256646156, -1.095703125], [0.0, 0.0, 0.0, 1.0]], [[0.011123748496174812, -0.9995554089546204, -0.027662526816129684, 0.012939453125], [0.02678813599050045, 0.027952197939157486, -0.9992502927780151, 1.4893684387207031], [0.9995791912078857, 0.010374405421316624, 0.02708715945482254, -1.38751220703125], [0.0, 0.0, 0.0, 1.0]], [[-0.84326171875, -0.5360291600227356, -0.03977863863110542, 0.86865234375], [0.034866493195295334, 0.019300172105431557, -0.9992055892944336, 1.50225830078125], [0.536371111869812, -0.8439788818359375, 0.0024143594782799482, -1.1329345703125], [0.0, 0.0, 0.0, 1.0]], [[0.9477347731590271, 0.31845322251319885, 0.019655706360936165, -1.15350341796875], [0.009183651767671108, 0.03435232490301132, -0.9993675947189331, 1.56195068359375], [-0.3189271092414856, 0.9473158717155457, 0.02963232807815075, -0.1529541015625], [0.0, 0.0, 0.0, 1.0]], [[0.008752142079174519, 0.9995958209037781, 0.02704683691263199, -0.029052734375], [0.011416924186050892, 0.02694622054696083, -0.999571681022644, 1.5690650939941406], [-0.9998965263366699, 0.009057218208909035, -0.011176473461091518, -0.046234130859375], [0.0, 0.0, 0.0, 1.0]], [[-0.9237009286880493, 0.3828963041305542, -0.01292386930435896, 0.98699951171875], [0.015764951705932617, 0.004283022601157427, -0.9998665452003479, 1.5507545471191406], [-0.38278985023498535, -0.9237813949584961, -0.009992572478950024, -0.11328125], [0.0, 0.0, 0.0, 1.0]]], "view": [[0.0, -2.0, 100.0], [-2.0, 0.0, 100.0], [0.0, 0.0, 1.0]], "bev": "bev_fd428ab7bcfd492d9d5ef6df36b59758.png", "aux": "aux_fd428ab7bcfd492d9d5ef6df36b59758.npz", "visibility": "visibility_fd428ab7bcfd492d9d5ef6df36b59758.png", "pose": [[-0.8163063526153564, -0.577619194984436, 0.0, 1166.5167236328125], [0.577619194984436, -0.8163063526153564, 0.0, 1148.35009765625], [0.0, 0.0, 1.0, 0.0], [0.0, 0.0, 0.0, 1.0]], "pose_inverse": [[-0.8163063526153564, 0.577619194984436, 0.0, 288.92596435546875], [-0.577619194984436, -0.8163063526153564, 0.0, 1611.2078857421875], [0.0, 0.0, 1.0, 0.0], [0.0, 0.0, 0.0, 1.0]], "cam_ids": [0, 1, 2, 3, 4, 5], "cam_channels": ["CAM_FRONT_LEFT", "CAM_FRONT", "CAM_FRONT_RIGHT", "CAM_BACK_LEFT", "CAM_BACK", "CAM_BACK_RIGHT"], "token": "fd428ab7bcfd492d9d5ef6df36b59758", "scene": "scene-0289"}, {"images": ["samples/CAM_FRONT_LEFT/n008-2018-08-31-11-19-57-0400__CAM_FRONT_LEFT__1535729030404799.jpg", "samples/CAM_FRONT/n008-2018-08-31-11-19-57-0400__CAM_FRONT__1535729030412404.jpg", "samples/CAM_FRONT_RIGHT/n008-2018-08-31-11-19-57-0400__CAM_FRONT_RIGHT__1535729030420482.jpg", "samples/CAM_BACK_LEFT/n008-2018-08-31-11-19-57-0400__CAM_BACK_LEFT__1535729030447405.jpg", "samples/CAM_BACK/n008-2018-08-31-11-19-57-0400__CAM_BACK__1535729030437558.jpg", "samples/CAM_BACK_RIGHT/n008-2018-08-31-11-19-57-0400__CAM_BACK_RIGHT__1535729030428113.jpg"], "intrinsics": [[[1257.8625342125129, 0.0, 827.2410631095686], [0.0, 1257.8625342125129, 450.915498205774], [0.0, 0.0, 1.0]], [[1252.8131021185304, 0.0, 826.588114781398], [0.0, 1252.8131021185304, 469.9846626224581], [0.0, 0.0, 1.0]], [[1256.7485116440405, 0.0, 817.7887570959712], [0.0, 1256.7485116440403, 451.9541780095127], [0.0, 0.0, 1.0]], [[1254.9860565800168, 0.0, 829.5769333630991], [0.0, 1254.9860565800168, 467.1680561863987], [0.0, 0.0, 1.0]], [[796.8910634503094, 0.0, 857.7774326863696], [0.0, 796.8910634503094, 476.8848988407415], [0.0, 0.0, 1.0]], [[1249.9629280788233, 0.0, 825.3768045375984], [0.0, 1249.9629280788233, 462.54816385708756], [0.0, 0.0, 1.0]]], "extrinsics": [[[0.8229632377624512, -0.5680936574935913, -0.0010487186955288053, -0.6605224609375], [0.018905481323599815, 0.029232151806354523, -0.9993938207626343, 1.4960403442382812], [0.5677799582481384, 0.8224446177482605, 0.0347970686852932, -1.100341796875], [0.0, 0.0, 0.0, 1.0]], [[0.011147734709084034, -0.9996275901794434, -0.024908917024731636, 0.0125732421875], [0.02110225148499012, 0.025140101090073586, -0.9994611740112305, 1.4872322082519531], [0.9997151494026184, 0.010616065934300423, 0.021374646574258804, -1.39593505859375], [0.0, 0.0, 0.0, 1.0]], [[-0.8433251976966858, -0.5363502502441406, -0.033634163439273834, 0.8748779296875], [0.02938232570886612, 0.01647472381591797, -0.9994324445724487, 1.5005874633789062], [0.5365999341011047, -0.8438347578048706, 0.0018656671745702624, -1.137451171875], [0.0, 0.0, 0.0, 1.0]], [[0.9478305578231812, 0.3184840977191925, 0.013610518537461758, -1.16015625], [0.0037727123126387596, 0.031485967338085175, -0.9994970560073853, 1.5619850158691406], [-0.3187524676322937, 0.9474050998687744, 0.02864181250333786, -0.1505126953125], [0.0, 0.0, 0.0, 1.0]], [[0.008793258108198643, 0.9996749758720398, 0.023930028080940247, -0.0289306640625], [0.005835849326103926, 0.023879239335656166, -0.9996978044509888, 1.5685272216796875], [-0.9999443888664246, 0.008930287323892117, -0.005623975768685341, -0.03900146484375], [0.0, 0.0, 0.0, 1.0]], [[-0.9238438010215759, 0.38266393542289734, -0.008997228927910328, 0.99420166015625], [0.010309244506061077, 0.0013782070018351078, -0.9999459385871887, 1.549661636352539], [-0.382630854845047, -0.9238865971565247, -0.005218224134296179, -0.1107177734375], [0.0, 0.0, 0.0, 1.0]]], "view": [[0.0, -2.0, 100.0], [-2.0, 0.0, 100.0], [0.0, 0.0, 1.0]], "bev": "bev_1cef0dddb8a54beca8921fd02b2a4c23.png", "aux": "aux_1cef0dddb8a54beca8921fd02b2a4c23.npz", "visibility": "visibility_1cef0dddb8a54beca8921fd02b2a4c23.png", "pose": [[-0.8168998956680298, -0.5767794847488403, 0.0, 1162.397216796875], [0.5767794847488403, -0.8168998956680298, 0.0, 1151.288330078125], [0.0, 0.0, 1.0, 0.0], [0.0, 0.0, 0.0, 1.0]], "pose_inverse": [[-0.8168998956680298, 0.5767794847488403, 0.0, 285.52264404296875], [-0.5767794847488403, -0.8168998956680298, 0.0, 1610.9342041015625], [0.0, 0.0, 1.0, 0.0], [0.0, 0.0, 0.0, 1.0]], "cam_ids": [0, 1, 2, 3, 4, 5], "cam_channels": ["CAM_FRONT_LEFT", "CAM_FRONT", "CAM_FRONT_RIGHT", "CAM_BACK_LEFT", "CAM_BACK", "CAM_BACK_RIGHT"], "token": "1cef0dddb8a54beca8921fd02b2a4c23", "scene": "scene-0289"}, {"images": ["samples/CAM_FRONT_LEFT/n008-2018-08-31-11-19-57-0400__CAM_FRONT_LEFT__1535729030854799.jpg", "samples/CAM_FRONT/n008-2018-08-31-11-19-57-0400__CAM_FRONT__1535729030862404.jpg", "samples/CAM_FRONT_RIGHT/n008-2018-08-31-11-19-57-0400__CAM_FRONT_RIGHT__1535729030870482.jpg", "samples/CAM_BACK_LEFT/n008-2018-08-31-11-19-57-0400__CAM_BACK_LEFT__1535729030897405.jpg", "samples/CAM_BACK/n008-2018-08-31-11-19-57-0400__CAM_BACK__1535729030887558.jpg", "samples/CAM_BACK_RIGHT/n008-2018-08-31-11-19-57-0400__CAM_BACK_RIGHT__1535729030878122.jpg"], "intrinsics": [[[1257.8625342125129, 0.0, 827.2410631095686], [0.0, 1257.8625342125129, 450.915498205774], [0.0, 0.0, 1.0]], [[1252.8131021185304, 0.0, 826.588114781398], [0.0, 1252.8131021185304, 469.9846626224581], [0.0, 0.0, 1.0]], [[1256.7485116440405, 0.0, 817.7887570959712], [0.0, 1256.7485116440403, 451.9541780095127], [0.0, 0.0, 1.0]], [[1254.9860565800168, 0.0, 829.5769333630991], [0.0, 1254.9860565800168, 467.1680561863987], [0.0, 0.0, 1.0]], [[796.8910634503094, 0.0, 857.7774326863696], [0.0, 796.8910634503094, 476.8848988407415], [0.0, 0.0, 1.0]], [[1249.9629280788233, 0.0, 825.3768045375984], [0.0, 1249.9629280788233, 462.54816385708756], [0.0, 0.0, 1.0]]], "extrinsics": [[[0.8225808143615723, -0.5685653686523438, -0.009717365726828575, -0.664794921875], [0.008473905734717846, 0.029342809692025185, -0.999533474445343, 1.4917449951171875], [0.5685852766036987, 0.8221146464347839, 0.028954798355698586, -1.1002197265625], [0.0, 0.0, 0.0, 1.0]], [[0.010338563472032547, -0.9996310472488403, -0.025115935131907463, 0.0101318359375], [0.010320393368601799, 0.02522261068224907, -0.9996286034584045, 1.4836082458496094], [0.9998932480812073, 0.01007551047950983, 0.010577351786196232, -1.39794921875], [0.0, 0.0, 0.0, 1.0]], [[-0.8439319133758545, -0.535902202129364, -0.02424187958240509, 0.87548828125], [0.018230391666293144, 0.01651296578347683, -0.9996974468231201, 1.4977092742919922], [0.5361403822898865, -0.844118595123291, -0.004166112747043371, -1.1397705078125], [0.0, 0.0, 0.0, 1.0]], [[0.9478965997695923, 0.31856292486190796, 0.0031226377468556166, -1.15936279296875], [-0.00737348897382617, 0.03173716738820076, -0.9994690418243408, 1.562164306640625], [-0.31849291920661926, 0.9473702311515808, 0.032432474195957184, -0.1507568359375], [0.0, 0.0, 0.0, 1.0]], [[0.009213438257575035, 0.9996671080589294, 0.02410055510699749, -0.0283203125], [-0.005254881456494331, 0.02414964884519577, -0.9996945261955261, 1.5676193237304688], [-0.9999437928199768, 0.00908390898257494, 0.0054756333120167255, -0.03875732421875], [0.0, 0.0, 0.0, 1.0]], [[-0.9237370491027832, 0.38302478194236755, 0.0013645682483911514, 0.99578857421875], [-0.0008788520353846252, 0.001443084911443293, -0.9999985694885254, 1.547654390335083], [-0.383026123046875, -0.9237368702888489, -0.0009964087512344122, -0.111572265625], [0.0, 0.0, 0.0, 1.0]]], "view": [[0.0, -2.0, 100.0], [-2.0, 0.0, 100.0], [0.0, 0.0, 1.0]], "bev": "bev_6ab4406768194973ac43b505ebbd0a33.png", "aux": "aux_6ab4406768194973ac43b505ebbd0a33.npz", "visibility": "visibility_6ab4406768194973ac43b505ebbd0a33.png", "pose": [[-0.8147613406181335, -0.5797964930534363, 0.0, 1158.7198486328125], [0.5797964930534363, -0.8147613406181335, 0.0, 1153.92724609375], [0.0, 0.0, 1.0, 0.0], [0.0, 0.0, 0.0, 1.0]], "pose_inverse": [[-0.8147613406181335, 0.5797964930534363, 0.0, 275.0372009277344], [-0.5797964930534363, -0.8147613406181335, 0.0, 1611.9969482421875], [0.0, 0.0, 1.0, 0.0], [0.0, 0.0, 0.0, 1.0]], "cam_ids": [0, 1, 2, 3, 4, 5], "cam_channels": ["CAM_FRONT_LEFT", "CAM_FRONT", "CAM_FRONT_RIGHT", "CAM_BACK_LEFT", "CAM_BACK", "CAM_BACK_RIGHT"], "token": "6ab4406768194973ac43b505ebbd0a33", "scene": "scene-0289"}, {"images": ["samples/CAM_FRONT_LEFT/n008-2018-08-31-11-19-57-0400__CAM_FRONT_LEFT__1535729031354799.jpg", "samples/CAM_FRONT/n008-2018-08-31-11-19-57-0400__CAM_FRONT__1535729031362404.jpg", "samples/CAM_FRONT_RIGHT/n008-2018-08-31-11-19-57-0400__CAM_FRONT_RIGHT__1535729031370482.jpg", "samples/CAM_BACK_LEFT/n008-2018-08-31-11-19-57-0400__CAM_BACK_LEFT__1535729031397405.jpg", "samples/CAM_BACK/n008-2018-08-31-11-19-57-0400__CAM_BACK__1535729031387558.jpg", "samples/CAM_BACK_RIGHT/n008-2018-08-31-11-19-57-0400__CAM_BACK_RIGHT__1535729031378113.jpg"], "intrinsics": [[[1257.8625342125129, 0.0, 827.2410631095686], [0.0, 1257.8625342125129, 450.915498205774], [0.0, 0.0, 1.0]], [[1252.8131021185304, 0.0, 826.588114781398], [0.0, 1252.8131021185304, 469.9846626224581], [0.0, 0.0, 1.0]], [[1256.7485116440405, 0.0, 817.7887570959712], [0.0, 1256.7485116440403, 451.9541780095127], [0.0, 0.0, 1.0]], [[1254.9860565800168, 0.0, 829.5769333630991], [0.0, 1254.9860565800168, 467.1680561863987], [0.0, 0.0, 1.0]], [[796.8910634503094, 0.0, 857.7774326863696], [0.0, 796.8910634503094, 476.8848988407415], [0.0, 0.0, 1.0]], [[1249.9629280788233, 0.0, 825.3768045375984], [0.0, 1249.9629280788233, 462.54816385708756], [0.0, 0.0, 1.0]]], "extrinsics": [[[0.8220954537391663, -0.569269597530365, -0.009544461965560913, -0.65576171875], [0.007666333112865686, 0.027830297127366066, -0.9995832443237305, 1.4916305541992188], [0.5692979097366333, 0.8216797113418579, 0.027243372052907944, -1.0887451171875], [0.0, 0.0, 0.0, 1.0]], [[0.00951443612575531, -0.9996798634529114, -0.023440051823854446, 0.00634765625], [0.009648356586694717, 0.023531798273324966, -0.999676525592804, 1.48358154296875], [0.9999080896377563, 0.009285167790949345, 0.009869161061942577, -1.385986328125], [0.0, 0.0, 0.0, 1.0]], [[-0.8442650437355042, -0.5354394316673279, -0.022823892533779144, 0.8653564453125], [0.017724530771374702, 0.014667663723230362, -0.9997352957725525, 1.497802734375], [0.5356324315071106, -0.8444461822509766, -0.0028929836116731167, -1.1368408203125], [0.0, 0.0, 0.0, 1.0]], [[0.9478810429573059, 0.31861642003059387, 0.0022540942300111055, -1.15521240234375], [-0.007511830423027277, 0.029419004917144775, -0.9995389580726624, 1.5621261596679688], [-0.31853583455085754, 0.9474270343780518, 0.030279112979769707, -0.1524658203125], [0.0, 0.0, 0.0, 1.0]], [[0.009389471262693405, 0.9997093677520752, 0.022201737388968468, -0.02734375], [-0.0054174307733774185, 0.02225324511528015, -0.9997376799583435, 1.5675888061523438], [-0.9999412298202515, 0.009266705252230167, 0.005624802317470312, -0.04522705078125]