[{"images": ["samples/CAM_FRONT_LEFT/n008-2018-08-28-13-40-50-0400__CAM_FRONT_LEFT__1535478857154799.jpg", "samples/CAM_FRONT/n008-2018-08-28-13-40-50-0400__CAM_FRONT__1535478857162404.jpg", "samples/CAM_FRONT_RIGHT/n008-2018-08-28-13-40-50-0400__CAM_FRONT_RIGHT__1535478857170482.jpg", "samples/CAM_BACK_LEFT/n008-2018-08-28-13-40-50-0400__CAM_BACK_LEFT__1535478857197405.jpg", "samples/CAM_BACK/n008-2018-08-28-13-40-50-0400__CAM_BACK__1535478857187558.jpg", "samples/CAM_BACK_RIGHT/n008-2018-08-28-13-40-50-0400__CAM_BACK_RIGHT__1535478857178113.jpg"], "intrinsics": [[[1257.8625342125129, 0.0, 827.2410631095686], [0.0, 1257.8625342125129, 450.915498205774], [0.0, 0.0, 1.0]], [[1252.8131021185304, 0.0, 826.588114781398], [0.0, 1252.8131021185304, 469.9846626224581], [0.0, 0.0, 1.0]], [[1256.7485116440405, 0.0, 817.7887570959712], [0.0, 1256.7485116440403, 451.9541780095127], [0.0, 0.0, 1.0]], [[1254.9860565800168, 0.0, 829.5769333630991], [0.0, 1254.9860565800168, 467.1680561863987], [0.0, 0.0, 1.0]], [[796.8910634503094, 0.0, 857.7774326863696], [0.0, 796.8910634503094, 476.8848988407415], [0.0, 0.0, 1.0]], [[1249.9629280788233, 0.0, 825.3768045375984], [0.0, 1249.9629280788233, 462.54816385708756], [0.0, 0.0, 1.0]]], "extrinsics": [[[0.8224838972091675, -0.5686962008476257, 0.010240964591503143, -0.86572265625], [0.006545850075781345, -0.008539734408259392, -0.9999421238899231, 1.4894037246704102], [0.5687507390975952, 0.822503387928009, -0.003301195800304413, -1.237060546875], [0.0, 0.0, 0.0, 1.0]], [[0.010125934146344662, -0.9998677372932434, 0.012722617946565151, 0.0068359375], [0.008490078151226044, -0.012636845000088215, -0.9998841285705566, 1.4813556671142578], [0.999912679195404, 0.010232774540781975, 0.00836099497973919, -1.594482421875], [0.0, 0.0, 0.0, 1.0]], [[-0.8440471887588501, -0.536263108253479, -0.0025212448090314865, 0.9990234375], [0.016516461968421936, -0.02129615843296051, -0.9996367692947388, 1.4948596954345703], [0.5360146164894104, -0.8437821865081787, 0.026832129806280136, -1.21929931640625], [0.0, 0.0, 0.0, 1.0]], [[0.9478745460510254, 0.3184775412082672, -0.010292650200426579, -1.140380859375], [-0.008845200762152672, -0.0059907580725848675, -0.9999428987503052, 1.5620136260986328], [-0.31852105259895325, 0.9479115009307861, -0.002861490473151207, -0.15727996826171875], [0.0, 0.0, 0.0, 1.0]], [[0.009259729646146297, 0.9998641610145569, -0.013633204624056816, -0.028564453125], [-0.006752021610736847, -0.013570958748459816, -0.999885082244873, 1.5677776336669922], [-0.9999343156814575, 0.009350716136395931, 0.0066254413686692715, 0.002197265625], [0.0, 0.0, 0.0, 1.0]], [[-0.9237010478973389, 0.38293924927711487, -0.01157144270837307, 1.0877685546875], [-0.0025383445899933577, -0.03632023558020592, -0.9993370175361633, 1.5476150512695312], [-0.3831055760383606, -0.9230592846870422, 0.03452106937766075, -0.0738525390625], [0.0, 0.0, 0.0, 1.0]]], "view": [[0.0, -2.0, 100.0], [-2.0, 0.0, 100.0], [0.0, 0.0, 1.0]], "bev": "bev_358b2fa41e034c7b9ec06a293afedf68.png", "aux": "aux_358b2fa41e034c7b9ec06a293afedf68.npz", "visibility": "visibility_358b2fa41e034c7b9ec06a293afedf68.png", "pose": [[0.9998326897621155, -0.018291551619768143, 0.0, 2278.15234375], [0.018291551619768143, 0.9998326897621155, 0.0, 877.8306884765625], [0.0, 0.0, 1.0, 0.0], [0.0, 0.0, 0.0, 1.0]], "pose_inverse": [[0.9998326897621155, 0.018291551619768143, 0.0, -2293.828125], [-0.018291551619768143, 0.9998326897621155, 0.0, -836.0128784179688], [0.0, 0.0, 1.0, 0.0], [0.0, 0.0, 0.0, 1.0]], "cam_ids": [0, 1, 2, 3, 4, 5], "cam_channels": ["CAM_FRONT_LEFT", "CAM_FRONT", "CAM_FRONT_RIGHT", "CAM_BACK_LEFT", "CAM_BACK", "CAM_BACK_RIGHT"], "token": "358b2fa41e034c7b9ec06a293afedf68", "scene": "scene-0511"}, {"images": ["samples/CAM_FRONT_LEFT/n008-2018-08-28-13-40-50-0400__CAM_FRONT_LEFT__1535478857654799.jpg", "samples/CAM_FRONT/n008-2018-08-28-13-40-50-0400__CAM_FRONT__1535478857662404.jpg", "samples/CAM_FRONT_RIGHT/n008-2018-08-28-13-40-50-0400__CAM_FRONT_RIGHT__1535478857670482.jpg", "samples/CAM_BACK_LEFT/n008-2018-08-28-13-40-50-0400__CAM_BACK_LEFT__1535478857697405.jpg", "samples/CAM_BACK/n008-2018-08-28-13-40-50-0400__CAM_BACK__1535478857687558.jpg", "samples/CAM_BACK_RIGHT/n008-2018-08-28-13-40-50-0400__CAM_BACK_RIGHT__1535478857678113.jpg"], "intrinsics": [[[1257.8625342125129, 0.0, 827.2410631095686], [0.0, 1257.8625342125129, 450.915498205774], [0.0, 0.0, 1.0]], [[1252.8131021185304, 0.0, 826.588114781398], [0.0, 1252.8131021185304, 469.9846626224581], [0.0, 0.0, 1.0]], [[1256.7485116440405, 0.0, 817.7887570959712], [0.0, 1256.7485116440403, 451.9541780095127], [0.0, 0.0, 1.0]], [[1254.9860565800168, 0.0, 829.5769333630991], [0.0, 1254.9860565800168, 467.1680561863987], [0.0, 0.0, 1.0]], [[796.8910634503094, 0.0, 857.7774326863696], [0.0, 796.8910634503094, 476.8848988407415], [0.0, 0.0, 1.0]], [[1249.9629280788233, 0.0, 825.3768045375984], [0.0, 1249.9629280788233, 462.54816385708756], [0.0, 0.0, 1.0]]], "extrinsics": [[[0.8225463032722473, -0.568558394908905, 0.012608044780790806, -0.839599609375], [0.009461172856390476, -0.008485971949994564, -0.9999191761016846, 1.4902009963989258], [0.5686194896697998, 0.8225991725921631, -0.00160087866242975, -1.2196044921875], [0.0, 0.0, 0.0, 1.0]], [[0.010325725190341473, -0.9998663067817688, 0.012673667632043362, 0.0076904296875], [0.01144841592758894, -0.012555301189422607, -0.999855637550354, 1.4820671081542969], [0.9998810887336731, 0.010469329543411732, 0.011317242868244648, -1.569091796875], [0.0, 0.0, 0.0, 1.0]], [[-0.8439015746116638, -0.5364741086959839, -0.005066204350441694, 0.98291015625], [0.01949441060423851, -0.021226121112704277, -0.9995846152305603, 1.4955825805664062], [0.5361437201499939, -0.8436498045921326, 0.02837100625038147, -1.20843505859375], [0.0, 0.0, 0.0, 1.0]], [[0.9478808641433716, 0.31853699684143066, -0.007480863481760025, -1.140625], [-0.005853968672454357, -0.006064390763640404, -0.9999644756317139, 1.5620231628417969], [-0.3185710906982422, 0.9478909373283386, -0.003883613273501396, -0.15734481811523438], [0.0, 0.0, 0.0, 1.0]], [[0.009158765897154808, 0.9998654127120972, -0.01361056137830019, -0.02862548828125], [-0.0037691087927669287, -0.013576515018939972, -0.9999006986618042, 1.5678787231445312], [-0.9999508857727051, 0.00920915324240923, 0.003644257318228483, -0.0048828125], [0.0, 0.0, 0.0, 1.0]], [[-0.9237400889396667, 0.38275283575057983, -0.014302878640592098, 1.0745849609375], [0.0004370029200799763, -0.03628915548324585, -0.9993411898612976, 1.5478687286376953], [-0.38301971554756165, -0.9231377243995667, 0.03335448354482651, -0.0789794921875], [0.0, 0.0, 0.0, 1.0]]], "view": [[0.0, -2.0, 100.0], [-2.0, 0.0, 100.0], [0.0, 0.0, 1.0]], "bev": "bev_51904046eeff4801954b0f35fb88ba03.png", "aux": "aux_51904046eeff4801954b0f35fb88ba03.npz", "visibility": "visibility_51904046eeff4801954b0f35fb88ba03.png", "pose": [[0.9998347759246826, -0.018175948411226273, 0.0, 2280.285888671875], [0.018175948411226273, 0.9998347759246826, 0.0, 877.859619140625], [0.0, 0.0, 1.0, 0.0], [0.0, 0.0, 0.0, 1.0]], "pose_inverse": [[0.9998347759246826, 0.018175948411226273, 0.0, -2295.865234375], [-0.018175948411226273, 0.9998347759246826, 0.0, -836.2682495117188], [0.0, 0.0, 1.0, 0.0], [0.0, 0.0, 0.0, 1.0]], "cam_ids": [0, 1, 2, 3, 4, 5], "cam_channels": ["CAM_FRONT_LEFT", "CAM_FRONT", "CAM_FRONT_RIGHT", "CAM_BACK_LEFT", "CAM_BACK", "CAM_BACK_RIGHT"], "token": "51904046eeff4801954b0f35fb88ba03", "scene": "scene-0511"}, {"images": ["samples/CAM_FRONT_LEFT/n008-2018-08-28-13-40-50-0400__CAM_FRONT_LEFT__1535478858104799.jpg", "samples/CAM_FRONT/n008-2018-08-28-13-40-50-0400__CAM_FRONT__1535478858112404.jpg", "samples/CAM_FRONT_RIGHT/n008-2018-08-28-13-40-50-0400__CAM_FRONT_RIGHT__1535478858120482.jpg", "samples/CAM_BACK_LEFT/n008-2018-08-28-13-40-50-0400__CAM_BACK_LEFT__1535478858147405.jpg", "samples/CAM_BACK/n008-2018-08-28-13-40-50-0400__CAM_BACK__1535478858137558.jpg", "samples/CAM_BACK_RIGHT/n008-2018-08-28-13-40-50-0400__CAM_BACK_RIGHT__1535478858128113.jpg"], "intrinsics": [[[1257.8625342125129, 0.0, 827.2410631095686], [0.0, 1257.8625342125129, 450.915498205774], [0.0, 0.0, 1.0]], [[1252.8131021185304, 0.0, 826.588114781398], [0.0, 1252.8131021185304, 469.9846626224581], [0.0, 0.0, 1.0]], [[1256.7485116440405, 0.0, 817.7887570959712], [0.0, 1256.7485116440403, 451.9541780095127], [0.0, 0.0, 1.0]], [[1254.9860565800168, 0.0, 829.5769333630991], [0.0, 1254.9860565800168, 467.1680561863987], [0.0, 0.0, 1.0]], [[796.8910634503094, 0.0, 857.7774326863696], [0.0, 796.8910634503094, 476.8848988407415], [0.0, 0.0, 1.0]], [[1249.9629280788233, 0.0, 825.3768045375984], [0.0, 1249.9629280788233, 462.54816385708756], [0.0, 0.0, 1.0]]], "extrinsics": [[[0.8224719762802124, -0.568698525428772, 0.011040551587939262, -0.819091796875], [0.00752667710185051, -0.008527112193405628, -0.9999352693557739, 1.4899988174438477], [0.5687558054924011, 0.8225018978118896, -0.002732901368290186, -1.2052001953125], [0.0, 0.0, 0.0, 1.0]], [[0.010191047564148903, -0.9998671412467957, 0.012719198130071163, 0.00762939453125], [0.009396407753229141, -0.012623541057109833, -0.9998761415481567, 1.4819135665893555], [0.9999039173126221, 0.01030929759144783, 0.009266512468457222, -1.549072265625], [0.0, 0.0, 0.0, 1.0]], [[-0.8439769148826599, -0.5363699793815613, -0.0032036276534199715, 0.970458984375], [0.017326174303889275, -0.021292148157954216, -0.9996231198310852, 1.4955463409423828], [0.5360996127128601, -0.8437144160270691, 0.027263319119811058, -1.20098876953125], [0.0, 0.0, 0.0, 1.0]], [[0.9478779435157776, 0.3184818923473358, -0.009840953163802624, -1.1416015625], [-0.008321073837578297, -0.006132425740361214, -0.9999465346336365, 1.562021255493164], [-0.3185252547264099, 0.9479091167449951, -0.0031626764684915543, -0.15695571899414062], [0.0, 0.0, 0.0, 1.0]], [[0.009193968959152699, 0.9998636841773987, -0.013715964742004871, -0.02850341796875], [-0.006074173841625452, -0.013660447672009468, -0.9998882412910461, 1.567739486694336], [-0.9999393224716187, 0.009276253171265125, 0.005947751458734274, -0.0087890625], [0.0, 0.0, 0.0, 1.0]], [[-0.923742413520813, 0.38281798362731934, -0.01226398628205061, 1.06640625], [-0.001799353864043951, -0.03635669872164726, -0.9993372559547424, 1.547637939453125], [-0.3830101191997528, -0.9231081008911133, 0.034273047000169754, -0.082275390625], [0.0, 0.0, 0.0, 1.0]]], "view": [[0.0, -2.0, 100.0], [-2.0, 0.0, 100.0], [0.0, 0.0, 1.0]], "bev": "bev_7d9df87d81e6443489a1e1c783f0fdaa.png", "aux": "aux_7d9df87d81e6443489a1e1c783f0fdaa.npz", "visibility": "visibility_7d9df87d81e6443489a1e1c783f0fdaa.png", "pose": [[0.9998199343681335, -0.018977701663970947, 0.0, 2282.49072265625], [0.018977701663970947, 0.9998199343681335, 0.0, 877.8936767578125], [0.0, 0.0, 1.0, 0.0], [0.0, 0.0, 0.0, 1.0]], "pose_inverse": [[0.9998199343681335, 0.018977701663970947, 0.0, -2298.739990234375], [-0.018977701663970947, 0.9998199343681335, 0.0, -834.4191284179688], [0.0, 0.0, 1.0, 0.0], [0.0, 0.0, 0.0, 1.0]], "cam_ids": [0, 1, 2, 3, 4, 5], "cam_channels": ["CAM_FRONT_LEFT", "CAM_FRONT", "CAM_FRONT_RIGHT", "CAM_BACK_LEFT", "CAM_BACK", "CAM_BACK_RIGHT"], "token": "7d9df87d81e6443489a1e1c783f0fdaa", "scene": "scene-0511"}, {"images": ["samples/CAM_FRONT_LEFT/n008-2018-08-28-13-40-50-0400__CAM_FRONT_LEFT__1535478858604799.jpg", "samples/CAM_FRONT/n008-2018-08-28-13-40-50-0400__CAM_FRONT__1535478858612404.jpg", "samples/CAM_FRONT_RIGHT/n008-2018-08-28-13-40-50-0400__CAM_FRONT_RIGHT__1535478858620482.jpg", "samples/CAM_BACK_LEFT/n008-2018-08-28-13-40-50-0400__CAM_BACK_LEFT__1535478858647405.jpg", "samples/CAM_BACK/n008-2018-08-28-13-40-50-0400__CAM_BACK__1535478858637558.jpg", "samples/CAM_BACK_RIGHT/n008-2018-08-28-13-40-50-0400__CAM_BACK_RIGHT__1535478858628113.jpg"], "intrinsics": [[[1257.8625342125129, 0.0, 827.2410631095686], [0.0, 1257.8625342125129, 450.915498205774], [0.0, 0.0, 1.0]], [[1252.8131021185304, 0.0, 826.588114781398], [0.0, 1252.8131021185304, 469.9846626224581], [0.0, 0.0, 1.0]], [[1256.7485116440405, 0.0, 817.7887570959712], [0.0, 1256.7485116440403, 451.9541780095127], [0.0, 0.0, 1.0]], [[1254.9860565800168, 0.0, 829.5769333630991], [0.0, 1254.9860565800168, 467.1680561863987], [0.0, 0.0, 1.0]], [[796.8910634503094, 0.0, 857.7774326863696], [0.0, 796.8910634503094, 476.8848988407415], [0.0, 0.0, 1.0]], [[1249.9629280788233, 0.0, 825.3768045375984], [0.0, 1249.9629280788233, 462.54816385708756], [0.0, 0.0, 1.0]]], "extrinsics": [[[0.8225184679031372, -0.5686647295951843, 0.009155121631920338, -0.809326171875], [0.007345589809119701, -0.005473967641592026, -0.9999580383300781, 1.4900436401367188], [0.5686909556388855, 0.8225512504577637, -0.00032526440918445587, -1.1993408203125], [0.0, 0.0, 0.0, 1.0]], [[0.010162030346691608, -0.9999018907546997, 0.009631906636059284, 0.00811767578125], [0.009416856802999973, -0.00953628309071064, -0.9999101758003235, 1.4820222854614258], [0.9999040365219116, 0.010251821018755436, 0.009319026954472065, -1.53759765625], [0.0, 0.0, 0.0, 1.0]], [[-0.8440523743629456, -0.5362366437911987, -0.005080391652882099, 0.961181640625], [0.01756204664707184, -0.018172044306993484, -0.9996805787086487, 1.4957752227783203], [0.535973072052002, -0.8438720703125, 0.02475556917488575, -1.19512939453125], [0.0, 0.0, 0.0, 1.0]], [[0.9478809833526611, 0.31852611899375916, -0.00792327243834734, -1.142333984375], [-0.007358925882726908, -0.002975072246044874, -0.9999684691429138, 1.5620307922363281], [-0.31853967905044556, 0.9479093551635742, -0.0004760033334605396, -0.15665817260742188], [0.0, 0.0, 0.0, 1.0]], [[0.009297818876802921, 0.9999013543128967, -0.010531937703490257, -0.0283203125], [-0.005404944997280836, -0.010481983423233032, -0.9999304413795471, 1.5677509307861328], [-0.9999421238899231, 0.009354094043374062, 0.005306951701641083, -0.013427734375], [0.0, 0.0, 0.0, 1.0]], [[-0.9236588478088379, 0.3830448091030121, -0.011447165161371231, 1.056884765625], [-0.0013827705988660455, -0.03320251405239105, -0.9994477033615112, 1.5476570129394531], [-0.3832133114337921, -0.9231327772140503, 0.031197458505630493, -0.0865478515625], [0.0, 0.0, 0.0, 1.0]]], "view": [[0.0, -2.0, 100.0], [-2.0, 0.0, 100.0], [0.0, 0.0, 1.0]], "bev": "bev_8126795401f84ad8940a6f360a144483.png", "aux": "aux_8126795401f84ad8940a6f360a144483.npz", "visibility": "visibility_8126795401f84ad8940a6f360a144483.png", "pose": [[0.9997960925102234, -0.02019313909113407, 0.0, 2285.1630859375], [0.02019313909113407, 0.9997960925102234, 0.0, 877.9381103515625], [0.0, 0.0, 1.0, 0.0], [0.0, 0.0, 0.0, 1.0]], "pose_inverse": [[0.9997960925102234, 0.02019313909113407, 0.0, -2302.425537109375], [-0.02019313909113407, 0.9997960925102234, 0.0, -831.614501953125], [0.0, 0.0, 1.0, 0.0], [0.0, 0.0, 0.0, 1.0]], "cam_ids": [0, 1, 2, 3, 4, 5], "cam_channels": ["CAM_FRONT_LEFT", "CAM_FRONT", "CAM_FRONT_RIGHT", "CAM_BACK_LEFT", "CAM_BACK", "CAM_BACK_RIGHT"], "token": "8126795401f84ad8940a6f360a144483", "scene": "scene-0511"}, {"images": ["samples/CAM_FRONT_LEFT/n008-2018-08-28-13-40-50-0400__CAM_FRONT_LEFT__1535478859154799.jpg", "samples/CAM_FRONT/n008-2018-08-28-13-40-50-0400__CAM_FRONT__1535478859162404.jpg", "samples/CAM_FRONT_RIGHT/n008-2018-08-28-13-40-50-0400__CAM_FRONT_RIGHT__1535478859170506.jpg", "samples/CAM_BACK_LEFT/n008-2018-08-28-13-40-50-0400__CAM_BACK_LEFT__1535478859197405.jpg", "samples/CAM_BACK/n008-2018-08-28-13-40-50-0400__CAM_BACK__1535478859187558.jpg", "samples/CAM_BACK_RIGHT/n008-2018-08-28-13-40-50-0400__CAM_BACK_RIGHT__1535478859178113.jpg"], "intrinsics": [[[1257.8625342125129, 0.0, 827.2410631095686], [0.0, 1257.8625342125129, 450.915498205774], [0.0, 0.0, 1.0]], [[1252.8131021185304, 0.0, 826.588114781398], [0.0, 1252.8131021185304, 469.9846626224581], [0.0, 0.0, 1.0]], [[1256.7485116440405, 0.0, 817.7887570959712], [0.0, 1256.7485116440403, 451.9541780095127], [0.0, 0.0, 1.0]], [[1254.9860565800168, 0.0, 829.5769333630991], [0.0, 1254.9860565800168, 467.1680561863987], [0.0, 0.0, 1.0]], [[796.8910634503094, 0.0, 857.7774326863696], [0.0, 796.8910634503094, 476.8848988407415], [0.0, 0.0, 1.0]], [[1249.9629280788233, 0.0, 825.3768045375984], [0.0, 1249.9629280788233, 462.54816385708756], [0.0, 0.0, 1.0]]], "extrinsics": [[[0.8223289847373962, -0.5688756704330444, 0.012472064234316349, -0.77392578125], [0.012569188140332699, -0.003752988064661622, -0.9999139308929443, 1.4918174743652344], [0.5688735246658325, 0.8224149942398071, 0.004064113367348909, -1.1767578125], [0.0, 0.0, 0.0, 1.0]], [[0.009992911480367184, -0.9999179840087891, 0.008013329468667507, 0.00982666015625], [0.014575973153114319, -0.007867219857871532, -0.9998628497123718, 1.4835567474365234], [0.9998437762260437, 0.010108347982168198, 0.014496159739792347, -1.503173828125], [0.0, 0.0, 0.0, 1.0]], [[-0.8440128564834595, -0.5362257361412048, -0.01021294854581356, 0.93896484375], [0.02260848693549633, -0.016546979546546936, -0.9996074438095093, 1.4971771240234375], [0.5358461141586304, -0.8439124822616577, 0.026089118793606758, -1.17962646484375], [0.0, 0.0, 0.0, 1.0]], [[0.9478814005851746, 0.3186107873916626, -0.002803281182423234, -1.134765625], [-0.0025265379808843136, -0.0012818481773138046, -0.9999960064888, 1.5620193481445312], [-0.3186131417751312, 0.947884738445282, -0.0004100568185094744, -0.15938186645507812], [0.0, 0.0, 0.0, 1.0]], [[0.009252049960196018, 0.9999181032180786, -0.008846397511661053, -0.02886962890625], [-0.0004986378480680287, -0.008842158131301403, -0.999960720539093, 1.5680303573608398], [-0.9999570846557617, 0.009256097488105297, 0.0004167879815213382, -0.02783203125], [0.0, 0.0, 0.0, 1.0]], [[-0.9236304759979248, 0.3829747438430786, -0.015399486757814884, 1.0382080078125], [0.0035672751255333424, -0.031586576253175735, -0.9994946718215942, 1.548318862915039], [-0.3832676410675049, -0.9232186675071716, 0.02780814655125141, -0.0933837890625], [0.0, 0.0, 0.0, 1.0]]], "view": [[0.0, -2.0, 100.0], [-2.0, 0.0, 100.0], [0.0, 0.0, 1.0]], "bev": "bev_1588aa35df3941f69029f00824a88dbc.png", "aux": "aux_1588aa35df3941f69029f00824a88dbc.npz", "visibility": "visibility_1588aa35df3941f69029f00824a88dbc.png", "pose": [[0.999704897403717, -0.024292802438139915, 0.0, 2288.435546875], [0.024292802438139915, 0.999704897403717, 0.0, 877.9747924804688], [0.0, 0.0, 1.0, 0.0], [0.0, 0.0, 0.0, 1.0]], "pose_inverse": [[0.999704897403717, 0.024292802438139915, 0.0, -2309.088623046875], [-0.024292802438139915, 0.999704897403717, 0.0, -822.1231689453125], [0.0, 0.0, 1.0, 0.0], [0.0, 0.0, 0.0, 1.0]], "cam_ids": [0, 1, 2, 3, 4, 5], "cam_channels": ["CAM_FRONT_LEFT", "CAM_FRONT", "CAM_FRONT_RIGHT", "CAM_BACK_LEFT", "CAM_BACK", "CAM_BACK_RIGHT"], "token": "1588aa35df3941f69029f00824a88dbc", "scene": "scene-0511"}, {"images": ["samples/CAM_FRONT_LEFT/n008-2018-08-28-13-40-50-0400__CAM_FRONT_LEFT__1535478859654799.jpg", "samples/CAM_FRONT/n008-2018-08-28-13-40-50-0400__CAM_FRONT__1535478859662404.jpg", "samples/CAM_FRONT_RIGHT/n008-2018-08-28-13-40-50-0400__CAM_FRONT_RIGHT__1535478859670482.jpg", "samples/CAM_BACK_LEFT/n008-2018-08-28-13-40-50-0400__CAM_BACK_LEFT__1535478859697405.jpg", "samples/CAM_BACK/n008-2018-08-28-13-40-50-0400__CAM_BACK__1535478859687558.jpg", "samples/CAM_BACK_RIGHT/n008-2018-08-28-13-40-50-0400__CAM_BACK_RIGHT__1535478859678113.jpg"], "intrinsics": [[[1257.8625342125129, 0.0, 827.2410631095686], [0.0, 1257.8625342125129, 450.915498205774], [0.0, 0.0, 1.0]], [[1252.8131021185304, 0.0, 826.588114781398], [0.0, 1252.8131021185304, 469.9846626224581], [0.0, 0.0, 1.0]], [[1256.7485116440405, 0.0, 817.7887570959712], [0.0, 1256.7485116440403, 451.9541780095127], [0.0, 0.0, 1.0]], [[1254.9860565800168, 0.0, 829.5769333630991], [0.0, 1254.9860565800168, 467.1680561863987], [0.0, 0.0, 1.0]], [[796.8910634503094, 0.0, 857.7774326863696], [0.0, 796.8910634503094, 476.8848988407415], [0.0, 0.0, 1.0]], [[1249.9629280788233, 0.0, 825.3768045375984], [0.0, 1249.9629280788233, 462.54816385708756], [0.0, 0.0, 1.0]]], "extrinsics": [[[0.8221598267555237, -0.5691478848457336, 0.011125423945486546, -0.763916015625], [0.011779660359025002, -0.002529833232983947, -0.9999274015426636, 1.4917354583740234], [0.5691346526145935, 0.8222312927246094, 0.004624439403414726, -1.1697998046875], [0.0, 0.0, 0.0, 1.0]], [[0.009809181094169617, -0.999928891658783, 0.006781410425901413, 0.01007080078125], [0.013709207065403461, -0.00664661917835474, -0.9998839497566223, 1.48345947265625], [0.9998579025268555, 0.009901011362671852, 0.013643034733831882, -1.495361328125], [0.0, 0.0, 0.0, 1.0]], [[-0.8440805077552795, -0.5361218452453613, -0.010067193768918514, 0.935791015625], [0.021661527454853058, -0.015333130955696106, -0.9996477365493774, 1.4970932006835938], [0.5357786417007446, -0.8440013527870178, 0.024555616080760956, -1.17730712890625], [0.0, 0.0, 0.0, 1.0]], [[0.9478805065155029, 0.31860408186912537, -0.003726663300767541, -1.1416015625], [-0.0038710616063326597, -0.00017994643712881953, -0.9999924898147583, 1.5620317459106445], [-0.31860238313674927, 0.9478877782821655, 0.0010627699084579945, -0.1570281982421875], [0.0, 0.0, 0.0, 1.0]], [[0.009291407652199268, 0.9999270439147949, -0.007711536716669798, -0.02899169921875], [-0.0016917700413614511, -0.007696140091866255, -0.999968945980072, 1.5679492950439453], [-0.9999554753303528, 0.009304165840148926, 0.0016201386461034417, -0.024658203125], [0.0, 0.0, 0.0, 1.0]], [[-0.9236142039299011, 0.3830680549144745, -0.013986456207931042, 1.037109375], [0.002531792037189007, -0.030390294268727303, -0.9995348453521729, 1.5481891632080078], [-0.38331493735313416, -0.9232200384140015, 0.027099059894680977, -0.09326171875], [0.0, 0.0, 0.0, 1.0]]], "view": [[0.0, -2.0, 100.0], [-2.0, 0.0, 100.0], [0.0, 0.0, 1.0]], "bev": "bev_8a2ed26547b14295a5f914a504550e0a.png", "aux": "aux_8a2ed26547b14295a5f914a504550e0a.npz", "visibility": "visibility_8a2ed26547b14295a5f914a504550e0a.png", "pose": [[0.9995434880256653, -0.030211959034204483, 0.0, 2291.638916015625], [0.030211959034204483, 0.9995434880256653, 0.0, 878.0282592773438], [0.0, 0.0, 1.0, 0.0], [0.0, 0.0, 0.0, 1.0]], "pose_inverse": [[0.9995434880256653, 0.030211959034204483, 0.0, -2317.119873046875], [-0.030211959034204483, 0.9995434880256653, 0.0, -808.392578125], [0.0, 0.0, 1.0, 0.0], [0.0, 0.0, 0.0, 1.0]], "cam_ids": [0, 1, 2, 3, 4, 5], "cam_channels": ["CAM_FRONT_LEFT", "CAM_FRONT", "CAM_FRONT_RIGHT", "CAM_BACK_LEFT", "CAM_BACK", "CAM_BACK_RIGHT"], "token": "8a2ed26547b14295a5f914a504550e0a", "scene": "scene-0511"}, {"images": ["samples/CAM_FRONT_LEFT/n008-2018-08-28-13-40-50-0400__CAM_FRONT_LEFT__1535478860154799.jpg", "samples/CAM_FRONT/n008-2018-08-28-13-40-50-0400__CAM_FRONT__1535478860162404.jpg", "samples/CAM_FRONT_RIGHT/n008-2018-08-28-13-40-50-0400__CAM_FRONT_RIGHT__1535478860170482.jpg", "samples/CAM_BACK_LEFT/n008-2018-08-28-13-40-50-0400__CAM_BACK_LEFT__1535478860197405.jpg", "samples/CAM_BACK/n008-2018-08-28-13-40-50-0400__CAM_BACK__1535478860187558.jpg", "samples/CAM_BACK_RIGHT/n008-2018-08-28-13-40-50-0400__CAM_BACK_RIGHT__1535478860178113.jpg"], "intrinsics": [[[1257.8625342125129, 0.0, 827.2410631095686], [0.0, 1257.8625342125129, 450.915498205774], [0.0, 0.0, 1.0]], [[1252.8131021185304, 0.0, 826.588114781398], [0.0, 1252.8131021185304, 469.9846626224581], [0.0, 0.0, 1.0]], [[1256.7485116440405, 0.0, 817.7887570959712], [0.0, 1256.7485116440403, 451.9541780095127], [0.0, 0.0, 1.0]], [[1254.9860565800168, 0.0, 829.5769333630991], [0.0, 1254.9860565800168, 467.1680561863987], [0.0, 0.0, 1.0]], [[796.8910634503094, 0.0, 857.7774326863696], [0.0, 796.8910634503094, 476.8848988407415], [0.0, 0.0, 1.0]], [[1249.9629280788233, 0.0, 825.3768045375984], [0.0, 1249.9629280788233, 462.54816385708756], [0.0, 0.0, 1.0]]], "extrinsics": [[[0.822067141532898, -0.5693128705024719, 0.009408882819116116, -0.7567138671875], [0.010149847716093063, -0.00186984334141016, -0.9999467730522156, 1.4913482666015625], [0.56930011510849, 0.8221188187599182, 0.004241303540766239, -1.163330078125], [0.0, 0.0, 0.0, 1.0]], [[0.009598963893949986, -0.9999356865882874, 0.006040830165147781, 0.00885009765625], [0.012142505496740341, -0.005924105644226074, -0.9999087452888489, 1.4831771850585938], [0.9998801946640015, 0.009671436622738838, 0.012084859423339367, -1.487060546875], [0.0, 0.0, 0.0, 1.0]], [[-0.844207227230072, -0.5359376668930054, -0.009205063804984093, 0.93017578125], [0.020131263881921768, -0.014540370553731918, -0.9996915459632874, 1.4969291687011719], [0.5356386303901672, -0.8441322445869446, 0.02306419052183628, -1.17462158203125], [0.0, 0.0, 0.0, 1.0]], [[0.9479260444641113, 0.3184550106525421, -0.004741888027638197, -1.144287109375], [-0.00530920410528779, 0.0009135154541581869, -0.9999854564666748, 1.5620450973510742], [-0.3184460699558258, 0.947937548160553, 0.002556687919422984, -0.1559591293334961], [0.0, 0.0, 0.0, 1.0]], [[0.009381812997162342, 0.9999332427978516, -0.006744626443833113, -0.02850341796875], [-0.0031356520485132933, -0.006715470924973488, -0.9999725222587585, 1.567840576171875], [-0.9999510645866394, 0.009402703493833542, 0.003072438994422555, -0.026611328125], [0.0, 0.0, 0.0, 1.0]], [[-0.9235736131668091, 0.3832247853279114, -0.012274454347789288, 1.033447265625], [0.0010359426960349083, -0.02951878495514393, -0.9995636940002441, 1.5479698181152344], [-0.38341987133026123, -0.923183262348175, 0.026865769177675247, -0.0958251953125], [0.0, 0.0, 0.0, 1.0]]], "view": [[0.0, -2.0, 100.0], [-2.0, 0.0, 100.0], [0.0, 0.0, 1.0]], "bev": "bev_7703fe134a5e45ceaca1e036de8c0f90.png", "aux": "aux_7703fe134a5e45ceaca1e036de8c0f90.npz", "visibility": "visibility_7703fe134a5e45ceaca1e036de8c0f90.png", "pose": [[0.9993001222610474, -0.037406228482723236, 0.0, 2295.047607421875], [0.037406228482723236, 0.9993001222610474, 0.0, 878.1231079101562], [0.0, 0.0, 1.0, 0.0], [0.0, 0.0, 0.0, 1.0]], "pose_inverse": [[0.9993001222610474, 0.037406228482723236, 0.0, -2326.28857421875], [-0.037406228482723236, 0.9993001222610474, 0.0, -791.6594848632812], [0.0, 0.0, 1.0, 0.0], [0.0, 0.0, 0.0, 1.0]], "cam_ids": [0, 1, 2, 3, 4, 5], "cam_channels": ["CAM_FRONT_LEFT", "CAM_FRONT", "CAM_FRONT_RIGHT", "CAM_BACK_LEFT", "CAM_BACK", "CAM_BACK_RIGHT"], "token": "7703fe134a5e45ceaca1e036de8c0f90", "scene": "scene-0511"}, {"images": ["samples/CAM_FRONT_LEFT/n008-2018-08-28-13-40-50-0400__CAM_FRONT_LEFT__1535478860604799.jpg", "samples/CAM_FRONT/n008-2018-08-28-13-40-50-0400__CAM_FRONT__1535478860612404.jpg", "samples/CAM_FRONT_RIGHT/n008-2018-08-28-13-40-50-0400__CAM_FRONT_RIGHT__1535478860620482.jpg", "samples/CAM_BACK_LEFT/n008-2018-08-28-13-40-50-0400__CAM_BACK_LEFT__1535478860647405.jpg", "samples/CAM_BACK/n008-2018-08-28-13-40-50-0400__CAM_BACK__1535478860637558.jpg", "samples/CAM_BACK_RIGHT/n008-2018-08-28-13-40-50-0400__CAM_BACK_RIGHT__1535478860628113.jpg"], "intrinsics": [[[1257.8625342125129, 0.0, 827.2410631095686], [0.0, 1257.8625342125129, 450.915498205774], [0.0, 0.0, 1.0]], [[1252.8131021185304, 0.0, 826.588114781398], [0.0, 1252.8131021185304, 469.9846626224581], [0.0, 0.0, 1.0]], [[1256.7485116440405, 0.0, 817.7887570959712], [0.0, 1256.7485116440403, 451.9541780095127], [0.0, 0.0, 1.0]], [[1254.9860565800168, 0.0, 829.5769333630991], [0.0, 1254.9860565800168, 467.1680561863987], [0.0, 0.0, 1.0]], [[796.8910634503094, 0.0, 857.7774326863696], [0.0, 796.8910634503094, 476.8848988407415], [0.0, 0.0, 1.0]], [[1249.9629280788233, 0.0, 825.3768045375984], [0.0, 1249.9629280788233, 462.54816385708756], [0.0, 0.0, 1.0]]], "extrinsics": [[[0.8224086761474609, -0.5688530206680298, 0.007091382052749395, -0.74755859375], [0.009226682595908642, 0.0008737350581213832, -0.9999570250511169, 1.4911689758300781], [0.5688223838806152, 0.8224387168884277, 0.005967191886156797, -1.157958984375], [0.0, 0.0, 0.0, 1.0]], [[0.010082010179758072, -0.9999432563781738, 0.003443697700276971, 0.009521484375], [0.011251576244831085, -0.0033302113879472017, -0.9999311566352844, 1.4830570220947266], [0.9998857975006104, 0.010120064951479435, 0.011217362247407436, -1.478271484375], [0.0, 0.0, 0.0, 1.0]], [[-0.8440192937850952, -0.536222517490387, -0.009839415550231934, 0.923828125], [0.01935240812599659, -0.01211615465581417, -0.9997392892837524, 1.4969215393066406], [0.5359635949134827, -0.8439896702766418, 0.020603468641638756, -1.17034912109375], [0.0, 0.0, 0.0, 1.0]], [[0.9478806853294373, 0.3185970187187195, -0.00426228204742074, -1.141357421875], [-0.005424157250672579, 0.00275975838303566, -0.9999814629554749, 1.5620298385620117], [-0.31857940554618835, 0.9478861689567566, 0.004344042390584946, -0.15715372562408447], [0.0, 0.0, 0.0, 1.0]], [[0.00923952367156744, 0.9999462962150574, -0.004692325368523598, -0.02850341796875], [-0.003566536819562316, -0.004659541416913271, -0.9999827742576599, 1.5677986145019531], [-0.9999510049819946, 0.009256098419427872, 0.00352329364977777, -0.030029296875], [0.0, 0.0, 0.0, 1.0]], [[-0.9236791133880615, 0.38301315903663635, -0.010857988148927689, 1.028076171875], [0.00044249065103940666, -0.027271205559372902, -0.999627947807312, 1.547891616821289], [-0.38316670060157776, -0.9233402609825134, 0.025020360946655273, -0.0980224609375], [0.0, 0.0, 0.0, 1.0]]], "view": [[0.0, -2.0, 100.0], [-2.0, 0.0, 100.0], [0.0, 0.0, 1.0]], "bev": "bev_3a4ef9946f5a4155af13254ed4725da1.png", "aux": "aux_3a4ef9946f5a4155af13254ed4725da1.npz", "visibility": "visibility_3a4ef9946f5a4155af13254ed4725da1.png", "pose": [[0.9991835951805115, -0.04039984568953514, 0.0, 2298.223876953125], [0.04039984568953514, 0.9991835951805115, 0.0, 878.2242431640625], [0.0, 0.0, 1.0, 0.0], [0.0, 0.0, 0.0, 1.0]], "pose_inverse": [[0.9991835951805115, 0.04039984568953514, 0.0, -2331.82763671875], [-0.04039984568953514, 0.9991835951805115, 0.0, -784.6593627929688], [0.0, 0.0, 1.0, 0.0], [0.0, 0.0, 0.0, 1.0]], "cam_ids": [0, 1, 2, 3, 4, 5], "cam_channels": ["CAM_FRONT_LEFT", "CAM_FRONT", "CAM_FRONT_RIGHT", "CAM_BACK_LEFT", "CAM_BACK", "CAM_BACK_RIGHT"], "token": "3a4ef9946f5a4155af13254ed4725da1", "scene": "scene-0511"}, {"images": ["samples/CAM_FRONT_LEFT/n008-2018-08-28-13-40-50-0400__CAM_FRONT_LEFT__1535478861104799.jpg", "samples/CAM_FRONT/n008-2018-08-28-13-40-50-0400__CAM_FRONT__1535478861112404.jpg", "samples/CAM_FRONT_RIGHT/n008-2018-08-28-13-40-50-0400__CAM_FRONT_RIGHT__1535478861120482.jpg", "samples/CAM_BACK_LEFT/n008-2018-08-28-13-40-50-0400__CAM_BACK_LEFT__1535478861147405.jpg", "samples/CAM_BACK/n008-2018-08-28-13-40-50-0400__CAM_BACK__1535478861137558.jpg", "samples/CAM_BACK_RIGHT/n008-2018-08-28-13-40-50-0400__CAM_BACK_RIGHT__1535478861128113.jpg"], "intrinsics": [[[1257.8625342125129, 0.0, 827.2410631095686], [0.0, 1257.8625342125129, 450.915498205774], [0.0, 0.0, 1.0]], [[1252.8131021185304, 0.0, 826.588114781398], [0.0, 1252.8131021185304, 469.9846626224581], [0.0, 0.0, 1.0]], [[1256.7485116440405, 0.0, 817.7887570959712], [0.0, 1256.7485116440403, 451.9541780095127], [0.0, 0.0, 1.0]], [[1254.9860565800168, 0.0, 829.5769333630991], [0.0, 1254.9860565800168, 467.1680561863987], [0.0, 0.0, 1.0]], [[796.8910634503094, 0.0, 857.7774326863696], [0.0, 796.8910634503094, 476.8848988407415], [0.0, 0.0, 1.0]], [[1249.9629280788233, 0.0, 825.3768045375984], [0.0, 1249.9629280788233, 462.54816385708756], [0.0, 0.0, 1.0]]], "extrinsics": [[[0.8223638534545898, -0.5687569975852966, 0.01527001615613699, -0.7469482421875], [0.014789449982345104, -0.005460695829242468, -0.9998757243156433, 1.4929313659667969], [0.5687696933746338, 0.8224875330924988, 0.0039209239184856415, -1.155517578125], [0.0, 0.0, 0.0, 1.0]], [[0.010095423087477684, -0.9999006986618042, 0.00983193889260292, 0.00830078125], [0.016689490526914597, -0.009662579745054245, -0.9998140335083008, 1.4844589233398438], [0.999809741973877, 0.010257631540298462, 0.016590286046266556, -1.4775390625], [0.0, 0.0, 0.0, 1.0]], [[-0.8439294099807739, -0.5363432168960571, -0.010919920168817043, 0.924072265625], [0.024655649438500404, -0.018445059657096863, -0.999525785446167, 1.4979400634765625], [0.5358874797821045, -0.8437983393669128, 0.02879021316766739, -1.17144775390625], [0.0, 0.0, 0.0, 1.0]], [[0.9478930234909058, 0.3185828626155853, -0.0019009673269465566, -1.146728515625], [-0.0008134603849612176, -0.0035465811379253864, -0.9999933838844299, 1.5620508193969727], [-0.3185874819755554, 0.9478883147239685, -0.003102624323219061, -0.1555929183959961], [0.0, 0.0, 0.0, 1.0]], [[0.009237744845449924, 0.9998970627784729, -0.010979491285979748, -0.02850341796875], [0.0013272406067699194, -0.010992207564413548, -0.9999386668205261, 1.568159580230713], [-0.999956488609314, 0.009222608990967274, -0.0014286474324762821, -0.026123046875], [0.0, 0.0, 0.0, 1.0]], [[-0.9236325621604919, 0.38285431265830994, -0.018035948276519775, 1.0308837890625], [0.005587702617049217, -0.0336015447974205, -0.9994196891784668, 1.5486059188842773], [-0.38323813676834106, -0.9231973886489868, 0.028896208852529526, -0.097412109375], [0.0, 0.0, 0.0, 1.0]]], "view": [[0.0, -2.0, 100.0], [-2.0, 0.0, 100.0], [0.0, 0.0, 1.0]], "bev": "bev_41d89b1ff2874865afdf1908620c3f61.png", "aux": "aux_41d89b1ff2874865afdf1908620c3f61.npz", "visibility": "visibility_41d89b1ff2874865afdf1908620c3f61.png", "pose": [[0.9990612268447876, -0.043320249766111374, 0.0, 2301.92822265625], [0.043320249766111374, 0.9990612268447876, 0.0, 878.3584594726562], [0.0, 0.0, 1.0, 0.0], [0.0, 0.0, 0.0, 1.0]], "pose_inverse": [[0.9990612268447876, 0.043320249766111374, 0.0, -2337.81787109375], [-0.043320249766111374, 0.9990612268447876, 0.0, -777.8137817382812], [0.0, 0.0, 1.0, 0.0], [0.0, 0.0, 0.0, 1.0]], "cam_ids": [0, 1, 2, 3, 4, 5], "cam_channels": ["CAM_FRONT_LEFT", "CAM_FRONT", "CAM_FRONT_RIGHT", "CAM_BACK_LEFT", "CAM_BACK", "CAM_BACK_RIGHT"], "token": "41d89b1ff2874865afdf1908620c3f61", "scene": "scene-0511"}, {"images": ["samples/CAM_FRONT_LEFT/n008-2018-08-28-13-40-50-0400__CAM_FRONT_LEFT__1535478861604799.jpg", "samples/CAM_FRONT/n008-2018-08-28-13-40-50-0400__CAM_FRONT__1535478861612404.jpg", "samples/CAM_FRONT_RIGHT/n008-2018-08-28-13-40-50-0400__CAM_FRONT_RIGHT__1535478861620482.jpg", "samples/CAM_BACK_LEFT/n008-2018-08-28-13-40-50-0400__CAM_BACK_LEFT__1535478861647405.jpg", "samples/CAM_BACK/n008-2018-08-28-13-40-50-0400__CAM_BACK__1535478861637558.jpg", "samples/CAM_BACK_RIGHT/n008-2018-08-28-13-40-50-0400__CAM_BACK_RIGHT__1535478861628113.jpg"], "intrinsics": [[[1257.8625342125129, 0.0, 827.2410631095686], [0.0, 1257.8625342125129, 450.915498205774], [0.0, 0.0, 1.0]], [[1252.8131021185304, 0.0, 826.588114781398], [0.0, 1252.8131021185304, 469.9846626224581], [0.0, 0.0, 1.0]], [[1256.7485116440405, 0.0, 817.7887570959712], [0.0, 1256.7485116440403, 451.9541780095127], [0.0, 0.0, 1.0]], [[1254.9860565800168, 0.0, 829.5769333630991], [0.0, 1254.9860565800168, 467.1680561863987], [0.0, 0.0, 1.0]], [[796.8910634503094, 0.0, 857.7774326863696], [0.0, 796.8910634503094, 476.8848988407415], [0.0, 0.0, 1.0]], [[1249.9629280788233, 0.0, 825.3768045375984], [0.0, 1249.9629280788233, 462.54816385708756], [0.0, 0.0, 1.0]]], "extrinsics": [[[0.8224567770957947, -0.5686843395233154, 0.012768537737429142, -0.7449951171875], [0.01419834978878498, -0.0019161715172231197, -0.9998973608016968, 1.4927692413330078], [0.5686504244804382, 0.8225536346435547, 0.00649840896949172, -1.1558837890625], [0.0, 0.0, 0.0, 1.0]], [[0.01020472589880228, -0.9999294281005859, 0.006070827133953571, 0.009521484375], [0.016039829701185226, -0.0059066759422421455, -0.9998539090156555, 1.4843120574951172], [0.9998191595077515, 0.010300611145794392, 0.01597842387855053, -1.476318359375], [0.0, 0.0, 0.0, 1.0]], [[-0.8439045548439026, -0.5363487005233765, -0.01245835330337286, 0.923828125], [0.023950081318616867, -0.014464668929576874, -0.9996085166931152, 1.4978408813476562], [0.535958468914032, -0.8438725471496582, 0.025052396580576897, -1.170166015625], [0.0, 0.0, 0.0, 1.0]], [[0.9478752017021179, 0.31863951683044434, -0.0012069606455042958, -1.147216796875], [-0.0016669309698045254, 0.0011708680540323257, -0.9999979138374329, 1.5620508193969727], [-0.3186374008655548, 0.9478752017021179, 0.001640986418351531, -0.15506935119628906], [0.0, 0.0, 0.0, 1.0]], [[0.009190740063786507, 0.9999365210533142, -0.006509387865662575, -0.02862548828125], [0.0005459023523144424, -0.006514676846563816, -0.9999785423278809, 1.5681040287017822], [-0.9999575614929199, 0.00918698962777853, -0.0006057423306629062, -0.0263671875], [0.0, 0.0, 0.0, 1.0]], [[-0.9236564636230469, 0.3828979432582855, -0.01573973335325718, 1.02978515625], [0.004846013616770506, -0.029398677870631218, -0.9995560646057129, 1.5485248565673828], [-0.3831906318664551, -0.9233227372169495, 0.02529875375330448, -0.09716796875], [0.0, 0.0, 0.0, 1.0]]], "view": [[0.0, -2.0, 100.0], [-2.0, 0.0, 100.0], [0.0, 0.0, 1.0]], "bev": "bev_a195b62150804ddca384195eedfa888b.png", "aux": "aux_a195b62150804ddca384195eedfa888b.npz", "visibility": "visibility_a195b62150804ddca384195eedfa888b.png", "pose": [[0.9990253448486328, -0.04413989931344986, 0.0, 2305.687744140625], [0.04413989931344986, 0.9990253448486328, 0.0, 878.5149536132812], [0.0, 0.0, 1.0, 0.0], [0.0, 0.0, 0.0, 1.0]], "pose_inverse": [[0.9990253448486328, 0.04413989931344986, 0.0, -2342.218017578125], [-0.04413989931344986, 0.9990253448486328, 0.0, -775.8858642578125], [0.0, 0.0, 1.0, 0.0], [0.0, 0.0, 0.0, 1.0]], "cam_ids": [0, 1, 2, 3, 4, 5], "cam_channels": ["CAM_FRONT_LEFT", "CAM_FRONT", "CAM_FRONT_RIGHT", "CAM_BACK_LEFT", "CAM_BACK", "CAM_BACK_RIGHT"], "token": "a195b62150804ddca384195eedfa888b", "scene": "scene-0511"}, {"images": ["samples/CAM_FRONT_LEFT/n008-2018-08-28-13-40-50-0400__CAM_FRONT_LEFT__1535478862104799.jpg", "samples/CAM_FRONT/n008-2018-08-28-13-40-50-0400__CAM_FRONT__1535478862112404.jpg", "samples/CAM_FRONT_RIGHT/n008-2018-08-28-13-40-50-0400__CAM_FRONT_RIGHT__1535478862120482.jpg", "samples/CAM_BACK_LEFT/n008-2018-08-28-13-40-50-0400__CAM_BACK_LEFT__1535478862147405.jpg", "samples/CAM_BACK/n008-2018-08-28-13-40-50-0400__CAM_BACK__1535478862137558.jpg", "samples/CAM_BACK_RIGHT/n008-2018-08-28-13-40-50-0400__CAM_BACK_RIGHT__1535478862128113.jpg"], "intrinsics": [[[1257.8625342125129, 0.0, 827.2410631095686], [0.0, 1257.8625342125129, 450.915498205774], [0.0, 0.0, 1.0]], [[1252.8131021185304, 0.0, 826.588114781398], [0.0, 1252.8131021185304, 469.9846626224581], [0.0, 0.0, 1.0]], [[1256.7485116440405, 0.0, 817.7887570959712], [0.0, 1256.7485116440403, 451.9541780095127], [0.0, 0.0, 1.0]], [[1254.9860565800168, 0.0, 829.5769333630991], [0.0, 1254.9860565800168, 467.1680561863987], [0.0, 0.0, 1.0]], [[796.8910634503094, 0.0, 857.7774326863696], [0.0, 796.8910634503094, 476.8848988407415], [0.0, 0.0, 1.0]], [[1249.9629280788233, 0.0, 825.3768045375984], [0.0, 1249.9629280788233, 462.54816385708756], [0.0, 0.0, 1.0]]], "extrinsics": [[[0.8222795724868774, -0.5690836906433105, 0.00024048703198786825, -0.7425537109375], [0.0038747782818973064, 0.005176162347197533, -0.9999790787696838, 1.4894962310791016], [0.56907057762146, 0.8222633600234985, 0.006461325101554394, -1.1568603515625], [0.0, 0.0, 0.0, 1.0]], [[0.009863407351076603, -0.9999508261680603, -0.0010394073324277997, 0.01141357421875], [0.005800315644592047, 0.001096653868444264, -0.9999825954437256, 1.481663703918457], [0.9999345541000366, 0.009857208468019962, 0.005810847040265799, -1.475341796875], [0.0, 0.0, 0.0, 1.0]], [[-0.8441677093505859, -0.5360255241394043, -0.007581709418445826, 0.92431640625], [0.013780061155557632, -0.00755917327478528, -0.9998764395713806, 1.4958248138427734], [0.5359019637107849, -0.8441680073738098, 0.013767673633992672, -1.16912841796875], [0.0, 0.0, 0.0, 1.0]], [[0.9478674530982971, 0.3185579776763916, -0.008251561783254147, -1.147705078125], [-0.011265370063483715, 0.007619584910571575, -0.9999074935913086, 1.5620880126953125], [-0.3184656798839569, 0.9478726983070374, 0.010811030864715576, -0.15488243103027344], [0.0, 0.0, 0.0, 1.0]], [[0.009338964708149433, 0.9999564290046692, 1.4742662642674986e-05, -0.029113769531