[{"images": ["samples/CAM_FRONT_LEFT/n015-2018-08-03-15-31-50+0800__CAM_FRONT_LEFT__1533281522154844.jpg", "samples/CAM_FRONT/n015-2018-08-03-15-31-50+0800__CAM_FRONT__1533281522162460.jpg", "samples/CAM_FRONT_RIGHT/n015-2018-08-03-15-31-50+0800__CAM_FRONT_RIGHT__1533281522170339.jpg", "samples/CAM_BACK_LEFT/n015-2018-08-03-15-31-50+0800__CAM_BACK_LEFT__1533281522197423.jpg", "samples/CAM_BACK/n015-2018-08-03-15-31-50+0800__CAM_BACK__1533281522187746.jpg", "samples/CAM_BACK_RIGHT/n015-2018-08-03-15-31-50+0800__CAM_BACK_RIGHT__1533281522177898.jpg"], "intrinsics": [[[1272.5979470598488, 0.0, 826.6154927353808], [0.0, 1272.5979470598488, 479.75165386361925], [0.0, 0.0, 1.0]], [[1266.417203046554, 0.0, 816.2670197447984], [0.0, 1266.417203046554, 491.50706579294757], [0.0, 0.0, 1.0]], [[1260.8474446004698, 0.0, 807.968244525554], [0.0, 1260.8474446004698, 495.3344268742088], [0.0, 0.0, 1.0]], [[1256.7414812095406, 0.0, 792.1125740759628], [0.0, 1256.7414812095406, 492.7757465151356], [0.0, 0.0, 1.0]], [[809.2209905677063, 0.0, 829.2196003259838], [0.0, 809.2209905677063, 481.77842384512485], [0.0, 0.0, 1.0]], [[1259.5137405846733, 0.0, 807.2529053838625], [0.0, 1259.5137405846733, 501.19579884916527], [0.0, 0.0, 1.0]]], "extrinsics": [[[0.8202528357505798, -0.5715814828872681, 0.02190428413450718, -0.7491455078125], [0.013721523806452751, -0.018620800226926804, -0.9997324347496033, 1.5118675231933594], [0.5718364715576172, 0.8203340768814087, -0.007430796977132559, -1.1309814453125], [0.0, 0.0, 0.0, 1.0]], [[0.00499284453690052, -0.9997265934944153, 0.022843381389975548, 0.0068359375], [0.008539650589227676, -0.022800209000706673, -0.999703586101532, 1.5224151611328125], [0.9999510645866394, 0.005186519585549831, 0.008423474617302418, -1.474090576171875], [0.0, 0.0, 0.0, 1.0]], [[-0.833026647567749, -0.5531632900238037, -0.008775878697633743, 0.88897705078125], [0.014322521165013313, -0.005705740302801132, -0.9998811483383179, 1.5061159133911133], [0.5530474781990051, -0.8330532312393188, 0.012675727717578411, -1.15283203125], [0.0, 0.0, 0.0, 1.0]], [[0.9476960897445679, 0.3189874291419983, 0.010917958803474903, -1.1276397705078125], [0.023658016696572304, -0.036091770976781845, -0.9990683794021606, 1.5889053344726562], [-0.3182962238788605, 0.9470715522766113, -0.04175063967704773, -0.1083984375], [0.0, 0.0, 0.0, 1.0]], [[0.0028213292825967073, 0.9996537566184998, -0.026163630187511444, 0.0028076171875], [-0.0020301875192672014, -0.026157954707741737, -0.9996557831764221, 1.5792160034179688], [-0.9999939203262329, 0.0028735443484038115, 0.0019556847400963306, -0.0693359375], [0.0, 0.0, 0.0, 1.0]], [[-0.9343550801277161, 0.35488462448120117, -0.03220902383327484, 1.01611328125], [0.030352219939231873, -0.010799440555274487, -0.9994809627532959, 1.5553512573242188], [-0.355048269033432, -0.9348477125167847, -0.0006810256745666265, -0.1090087890625], [0.0, 0.0, 0.0, 1.0]]], "view": [[0.0, -2.0, 100.0], [-2.0, 0.0, 100.0], [0.0, 0.0, 1.0]], "bev": "bev_d492065ca3894a65846e581d695426a0.png", "aux": "aux_d492065ca3894a65846e581d695426a0.npz", "visibility": "visibility_d492065ca3894a65846e581d695426a0.png", "pose": [[-0.8002846837043762, -0.5996202826499939, 0.0, 810.819580078125], [0.5996202826499939, -0.8002846837043762, 0.0, 1684.954345703125], [0.0, 0.0, 1.0, 0.0], [0.0, 0.0, 0.0, 1.0]], "pose_inverse": [[-0.8002846837043762, 0.5996202826499939, 0.0, -361.4462890625], [-0.5996202826499939, -0.8002846837043762, 0.0, 1834.626953125], [0.0, 0.0, 1.0, 0.0], [0.0, 0.0, 0.0, 1.0]], "cam_ids": [0, 1, 2, 3, 4, 5], "cam_channels": ["CAM_FRONT_LEFT", "CAM_FRONT", "CAM_FRONT_RIGHT", "CAM_BACK_LEFT", "CAM_BACK", "CAM_BACK_RIGHT"], "token": "d492065ca3894a65846e581d695426a0", "scene": "scene-0383"}, {"images": ["samples/CAM_FRONT_LEFT/n015-2018-08-03-15-31-50+0800__CAM_FRONT_LEFT__1533281522654852.jpg", "samples/CAM_FRONT/n015-2018-08-03-15-31-50+0800__CAM_FRONT__1533281522662460.jpg", "samples/CAM_FRONT_RIGHT/n015-2018-08-03-15-31-50+0800__CAM_FRONT_RIGHT__1533281522670339.jpg", "samples/CAM_BACK_LEFT/n015-2018-08-03-15-31-50+0800__CAM_BACK_LEFT__1533281522697423.jpg", "samples/CAM_BACK/n015-2018-08-03-15-31-50+0800__CAM_BACK__1533281522687525.jpg", "samples/CAM_BACK_RIGHT/n015-2018-08-03-15-31-50+0800__CAM_BACK_RIGHT__1533281522677893.jpg"], "intrinsics": [[[1272.5979470598488, 0.0, 826.6154927353808], [0.0, 1272.5979470598488, 479.75165386361925], [0.0, 0.0, 1.0]], [[1266.417203046554, 0.0, 816.2670197447984], [0.0, 1266.417203046554, 491.50706579294757], [0.0, 0.0, 1.0]], [[1260.8474446004698, 0.0, 807.968244525554], [0.0, 1260.8474446004698, 495.3344268742088], [0.0, 0.0, 1.0]], [[1256.7414812095406, 0.0, 792.1125740759628], [0.0, 1256.7414812095406, 492.7757465151356], [0.0, 0.0, 1.0]], [[809.2209905677063, 0.0, 829.2196003259838], [0.0, 809.2209905677063, 481.77842384512485], [0.0, 0.0, 1.0]], [[1259.5137405846733, 0.0, 807.2529053838625], [0.0, 1259.5137405846733, 501.19579884916527], [0.0, 0.0, 1.0]]], "extrinsics": [[[0.8206525444984436, -0.5711061358451843, 0.019163358956575394, -0.75244140625], [0.009791151620447636, -0.01947741210460663, -0.9997623562812805, 1.5107917785644531], [0.571343719959259, 0.8206450939178467, -0.010392400436103344, -1.13330078125], [0.0, 0.0, 0.0, 1.0]], [[0.005517277866601944, -0.9997047781944275, 0.023661108687520027, 0.0068359375], [0.004244022537022829, -0.02363784797489643, -0.9997115731239319, 1.5214614868164062], [0.9999756813049316, 0.0056160627864301205, 0.004112353082746267, -1.47711181640625], [0.0, 0.0, 0.0, 1.0]], [[-0.8328975439071655, -0.5534099340438843, -0.004377411678433418, 0.89068603515625], [0.009600169025361538, -0.006539169233292341, -0.9999324679374695, 1.5052833557128906], [0.5533439517021179, -0.832883358001709, 0.010759287513792515, -1.154052734375], [0.0, 0.0, 0.0, 1.0]], [[0.9477267265319824, 0.31904977560043335, 0.0045899879187345505, -1.12420654296875], [0.017383668571710587, -0.03726334124803543, -0.999154269695282, 1.5888824462890625], [-0.31860896944999695, 0.947005033493042, -0.04086172580718994, -0.1097412109375], [0.0, 0.0, 0.0, 1.0]], [[0.002635625656694174, 0.9996286630630493, -0.027123671025037766, 0.002685546875], [-0.0077149649150669575, -0.027102630585432053, -0.9996029138565063, 1.57879638671875], [-0.9999667406082153, 0.0028438298031687737, 0.007640666328370571, -0.071197509765625], [0.0, 0.0, 0.0, 1.0]], [[-0.9345723986625671, 0.35469189286231995, -0.027712592855095863, 1.016845703125], [0.025219962000846863, -0.011649589985609055, -0.9996140599250793, 1.5546760559082031], [-0.354877769947052, -0.9349107146263123, 0.0019420678727328777, -0.1085205078125], [0.0, 0.0, 0.0, 1.0]]], "view": [[0.0, -2.0, 100.0], [-2.0, 0.0, 100.0], [0.0, 0.0, 1.0]], "bev": "bev_aec495dcfd7f4d459bcb8993e9015473.png", "aux": "aux_aec495dcfd7f4d459bcb8993e9015473.npz", "visibility": "visibility_aec495dcfd7f4d459bcb8993e9015473.png", "pose": [[-0.8016030788421631, -0.5978565812110901, 0.0, 808.546142578125], [0.5978565812110901, -0.8016030788421631, 0.0, 1686.6697998046875], [0.0, 0.0, 1.0, 0.0], [0.0, 0.0, 0.0, 1.0]], "pose_inverse": [[-0.8016030788421631, 0.5978565812110901, 0.0, -360.2535705566406], [-0.5978565812110901, -0.8016030788421631, 0.0, 1835.434326171875], [0.0, 0.0, 1.0, 0.0], [0.0, 0.0, 0.0, 1.0]], "cam_ids": [0, 1, 2, 3, 4, 5], "cam_channels": ["CAM_FRONT_LEFT", "CAM_FRONT", "CAM_FRONT_RIGHT", "CAM_BACK_LEFT", "CAM_BACK", "CAM_BACK_RIGHT"], "token": "aec495dcfd7f4d459bcb8993e9015473", "scene": "scene-0383"}, {"images": ["samples/CAM_FRONT_LEFT/n015-2018-08-03-15-31-50+0800__CAM_FRONT_LEFT__1533281523154844.jpg", "samples/CAM_FRONT/n015-2018-08-03-15-31-50+0800__CAM_FRONT__1533281523162460.jpg", "samples/CAM_FRONT_RIGHT/n015-2018-08-03-15-31-50+0800__CAM_FRONT_RIGHT__1533281523170339.jpg", "samples/CAM_BACK_LEFT/n015-2018-08-03-15-31-50+0800__CAM_BACK_LEFT__1533281523197423.jpg", "samples/CAM_BACK/n015-2018-08-03-15-31-50+0800__CAM_BACK__1533281523187525.jpg", "samples/CAM_BACK_RIGHT/n015-2018-08-03-15-31-50+0800__CAM_BACK_RIGHT__1533281523177893.jpg"], "intrinsics": [[[1272.5979470598488, 0.0, 826.6154927353808], [0.0, 1272.5979470598488, 479.75165386361925], [0.0, 0.0, 1.0]], [[1266.417203046554, 0.0, 816.2670197447984], [0.0, 1266.417203046554, 491.50706579294757], [0.0, 0.0, 1.0]], [[1260.8474446004698, 0.0, 807.968244525554], [0.0, 1260.8474446004698, 495.3344268742088], [0.0, 0.0, 1.0]], [[1256.7414812095406, 0.0, 792.1125740759628], [0.0, 1256.7414812095406, 492.7757465151356], [0.0, 0.0, 1.0]], [[809.2209905677063, 0.0, 829.2196003259838], [0.0, 809.2209905677063, 481.77842384512485], [0.0, 0.0, 1.0]], [[1259.5137405846733, 0.0, 807.2529053838625], [0.0, 1259.5137405846733, 501.19579884916527], [0.0, 0.0, 1.0]]], "extrinsics": [[[0.8206071257591248, -0.5711967349052429, 0.01839316263794899, -0.76220703125], [0.007918130606412888, -0.02081756480038166, -0.9997519254684448, 1.5102195739746094], [0.5714378952980042, 0.8205491304397583, -0.012560231611132622, -1.140380859375], [0.0, 0.0, 0.0, 1.0]], [[0.0054467422887682915, -0.9996737241744995, 0.024956203997135162, 0.0072021484375], [0.0027644236106425524, -0.024941427633166313, -0.9996851086616516, 1.5211219787597656], [0.9999812245368958, 0.005514015909284353, 0.0026276723947376013, -1.487945556640625], [0.0, 0.0, 0.0, 1.0]], [[-0.8329417705535889, -0.5533534288406372, -0.002803744049742818, 0.8984375], [0.008542569354176521, -0.007792315445840359, -0.9999330639839172, 1.5050287246704102], [0.5532946586608887, -0.8329100608825684, 0.011217608116567135, -1.1588134765625], [0.0, 0.0, 0.0, 1.0]], [[0.9477299451828003, 0.31904086470603943, 0.00455991318449378, -1.1276397705078125], [0.01770346239209175, -0.038309354335069656, -0.9991090893745422, 1.588836669921875], [-0.3185819387435913, 0.9469663500785828, -0.04195505380630493, -0.1090087890625], [0.0, 0.0, 0.0, 1.0]], [[0.0026644293684512377, 0.9995970726013184, -0.028260575607419014, 0.00244140625], [-0.007891909219324589, -0.028238775208592415, -0.9995700716972351, 1.5788383483886719], [-0.9999653100967407, 0.002886271569877863, 0.007813488133251667, -0.065032958984375], [0.0, 0.0, 0.0, 1.0]], [[-0.9345707893371582, 0.3547108769416809, -0.02752358838915825, 1.024169921875], [0.024562975391745567, -0.012847564183175564, -0.9996157884597778, 1.5543937683105469], [-0.3549281358718872, -0.9348877668380737, 0.003294203197583556, -0.1055908203125], [0.0, 0.0, 0.0, 1.0]]], "view": [[0.0, -2.0, 100.0], [-2.0, 0.0, 100.0], [0.0, 0.0, 1.0]], "bev": "bev_c75a2291376e44bebcbca871d677934c.png", "aux": "aux_c75a2291376e44bebcbca871d677934c.npz", "visibility": "visibility_c75a2291376e44bebcbca871d677934c.png", "pose": [[-0.8041655421257019, -0.5944053530693054, 0.0, 806.3685913085938], [0.5944053530693054, -0.8041655421257019, 0.0, 1688.301513671875], [0.0, 0.0, 1.0, 0.0], [0.0, 0.0, 0.0, 1.0]], "pose_inverse": [[-0.8041655421257019, 0.5944053530693054, 0.0, -355.0816345214844], [-0.5944053530693054, -0.8041655421257019, 0.0, 1836.9837646484375], [0.0, 0.0, 1.0, 0.0], [0.0, 0.0, 0.0, 1.0]], "cam_ids": [0, 1, 2, 3, 4, 5], "cam_channels": ["CAM_FRONT_LEFT", "CAM_FRONT", "CAM_FRONT_RIGHT", "CAM_BACK_LEFT", "CAM_BACK", "CAM_BACK_RIGHT"], "token": "c75a2291376e44bebcbca871d677934c", "scene": "scene-0383"}, {"images": ["samples/CAM_FRONT_LEFT/n015-2018-08-03-15-31-50+0800__CAM_FRONT_LEFT__1533281523654844.jpg", "samples/CAM_FRONT/n015-2018-08-03-15-31-50+0800__CAM_FRONT__1533281523662460.jpg", "samples/CAM_FRONT_RIGHT/n015-2018-08-03-15-31-50+0800__CAM_FRONT_RIGHT__1533281523670339.jpg", "samples/CAM_BACK_LEFT/n015-2018-08-03-15-31-50+0800__CAM_BACK_LEFT__1533281523697423.jpg", "samples/CAM_BACK/n015-2018-08-03-15-31-50+0800__CAM_BACK__1533281523687525.jpg", "samples/CAM_BACK_RIGHT/n015-2018-08-03-15-31-50+0800__CAM_BACK_RIGHT__1533281523677893.jpg"], "intrinsics": [[[1272.5979470598488, 0.0, 826.6154927353808], [0.0, 1272.5979470598488, 479.75165386361925], [0.0, 0.0, 1.0]], [[1266.417203046554, 0.0, 816.2670197447984], [0.0, 1266.417203046554, 491.50706579294757], [0.0, 0.0, 1.0]], [[1260.8474446004698, 0.0, 807.968244525554], [0.0, 1260.8474446004698, 495.3344268742088], [0.0, 0.0, 1.0]], [[1256.7414812095406, 0.0, 792.1125740759628], [0.0, 1256.7414812095406, 492.7757465151356], [0.0, 0.0, 1.0]], [[809.2209905677063, 0.0, 829.2196003259838], [0.0, 809.2209905677063, 481.77842384512485], [0.0, 0.0, 1.0]], [[1259.5137405846733, 0.0, 807.2529053838625], [0.0, 1259.5137405846733, 501.19579884916527], [0.0, 0.0, 1.0]]], "extrinsics": [[[0.8205713629722595, -0.5709670186042786, 0.025675175711512566, -0.7742919921875], [0.016355404630303383, -0.021446174010634422, -0.9996362328529358, 1.512054443359375], [0.5713099241256714, 0.820692777633667, -0.008259722031652927, -1.1485595703125], [0.0, 0.0, 0.0, 1.0]], [[0.0054744528606534, -0.9996596574783325, 0.025506144389510155, 0.0068359375], [0.011048839427530766, -0.025444503873586655, -0.9996151924133301, 1.5226860046386719], [0.9999239444732666, 0.005754158832132816, 0.010905785486102104, -1.4996337890625], [0.0, 0.0, 0.0, 1.0]], [[-0.8327750563621521, -0.5535324215888977, -0.009348142892122269, 0.9056396484375], [0.016649670898914337, -0.008163743652403355, -0.9998279809951782, 1.506185531616211], [0.5533609390258789, -0.8327875733375549, 0.016014697030186653, -1.163818359375], [0.0, 0.0, 0.0, 1.0]], [[0.9476215839385986, 0.31918230652809143, 0.011657344177365303, -1.1286163330078125], [0.025193890556693077, -0.03831413388252258, -0.9989480972290039, 1.5889129638671875], [-0.31839990615844727, 0.9469185471534729, -0.04434874653816223, -0.1083984375], [0.0, 0.0, 0.0, 1.0]], [[0.0026984901633113623, 0.99959397315979, -0.028365276753902435, 0.0028076171875], [-0.00016727168986108154, -0.02836492657661438, -0.9995976090431213, 1.5793533325195312], [-0.9999963641166687, 0.002702180529013276, 9.066032362170517e-05, -0.062713623046875], [0.0, 0.0, 0.0, 1.0]], [[-0.9343937039375305, 0.35451582074165344, -0.03502793610095978, 1.0296630859375], [0.03249402344226837, -0.013100190088152885, -0.9993860721588135, 1.5551567077636719], [-0.35475704073905945, -0.9349582195281982, 0.0007210888434201479, -0.103515625], [0.0, 0.0, 0.0, 1.0]]], "view": [[0.0, -2.0, 100.0], [-2.0, 0.0, 100.0], [0.0, 0.0, 1.0]], "bev": "bev_665948f49b9b4b54a6a188807fdee939.png", "aux": "aux_665948f49b9b4b54a6a188807fdee939.npz", "visibility": "visibility_665948f49b9b4b54a6a188807fdee939.png", "pose": [[-0.8061010241508484, -0.5917779207229614, 0.0, 804.2734985351562], [0.5917779207229614, -0.8061010241508484, 0.0, 1689.8572998046875], [0.0, 0.0, 1.0, 0.0], [0.0, 0.0, 0.0, 1.0]], "pose_inverse": [[-0.8061010241508484, 0.5917779207229614, 0.0, -351.6945495605469], [-0.5917779207229614, -0.8061010241508484, 0.0, 1838.14697265625], [0.0, 0.0, 1.0, 0.0], [0.0, 0.0, 0.0, 1.0]], "cam_ids": [0, 1, 2, 3, 4, 5], "cam_channels": ["CAM_FRONT_LEFT", "CAM_FRONT", "CAM_FRONT_RIGHT", "CAM_BACK_LEFT", "CAM_BACK", "CAM_BACK_RIGHT"], "token": "665948f49b9b4b54a6a188807fdee939", "scene": "scene-0383"}, {"images": ["samples/CAM_FRONT_LEFT/n015-2018-08-03-15-31-50+0800__CAM_FRONT_LEFT__1533281524154844.jpg", "samples/CAM_FRONT/n015-2018-08-03-15-31-50+0800__CAM_FRONT__1533281524162460.jpg", "samples/CAM_FRONT_RIGHT/n015-2018-08-03-15-31-50+0800__CAM_FRONT_RIGHT__1533281524170339.jpg", "samples/CAM_BACK_LEFT/n015-2018-08-03-15-31-50+0800__CAM_BACK_LEFT__1533281524197423.jpg", "samples/CAM_BACK/n015-2018-08-03-15-31-50+0800__CAM_BACK__1533281524187525.jpg", "samples/CAM_BACK_RIGHT/n015-2018-08-03-15-31-50+0800__CAM_BACK_RIGHT__1533281524177893.jpg"], "intrinsics": [[[1272.5979470598488, 0.0, 826.6154927353808], [0.0, 1272.5979470598488, 479.75165386361925], [0.0, 0.0, 1.0]], [[1266.417203046554, 0.0, 816.2670197447984], [0.0, 1266.417203046554, 491.50706579294757], [0.0, 0.0, 1.0]], [[1260.8474446004698, 0.0, 807.968244525554], [0.0, 1260.8474446004698, 495.3344268742088], [0.0, 0.0, 1.0]], [[1256.7414812095406, 0.0, 792.1125740759628], [0.0, 1256.7414812095406, 492.7757465151356], [0.0, 0.0, 1.0]], [[809.2209905677063, 0.0, 829.2196003259838], [0.0, 809.2209905677063, 481.77842384512485], [0.0, 0.0, 1.0]], [[1259.5137405846733, 0.0, 807.2529053838625], [0.0, 1259.5137405846733, 501.19579884916527], [0.0, 0.0, 1.0]]], "extrinsics": [[[0.8202230334281921, -0.5716521143913269, 0.02116241492331028, -0.7828369140625], [0.010937273502349854, -0.021316001191735268, -0.9997130036354065, 1.5106925964355469], [0.5719391107559204, 0.820219099521637, -0.011231561191380024, -1.154541015625], [0.0, 0.0, 0.0, 1.0]], [[0.004900980740785599, -0.9996655583381653, 0.025391018018126488, 0.0068359375], [0.005626549478620291, -0.02536335587501526, -0.999662458896637, 1.5215911865234375], [0.9999721646308899, 0.005042138509452343, 0.005500363186001778, -1.50830078125], [0.0, 0.0, 0.0, 1.0]], [[-0.833138644695282, -0.5530425906181335, -0.0048719849437475204, 0.91156005859375], [0.011253437958657742, -0.008144325576722622, -0.9999034404754639, 1.5052871704101562], [0.5529496669769287, -0.8331130743026733, 0.013008984737098217, -1.167724609375], [0.0, 0.0, 0.0, 1.0]], [[0.9477754831314087, 0.31886976957321167, 0.0066111162304878235, -1.129302978515625], [0.01990421488881111, -0.03844769671559334, -0.9990623593330383, 1.5888214111328125], [-0.31831663846969604, 0.9470183849334717, -0.04278663545846939, -0.10791015625], [0.0, 0.0, 0.0, 1.0]], [[0.0028635896742343903, 0.999591052532196, -0.02845255471765995, 0.0028076171875], [-0.005514569580554962, -0.028436454012989998, -0.9995803833007812, 1.5790252685546875], [-0.9999807476997375, 0.003019262570887804, 0.0054308827966451645, -0.05938720703125], [0.0, 0.0, 0.0, 1.0]], [[-0.9344019293785095, 0.3549530506134033, -0.03002406656742096, 1.03460693359375], [0.027124859392642975, -0.013142317533493042, -0.999545693397522, 1.5544013977050781], [-0.3551862835884094, -0.9347918033599854, 0.0026521545369178057, -0.1015625], [0.0, 0.0, 0.0, 1.0]]], "view": [[0.0, -2.0, 100.0], [-2.0, 0.0, 100.0], [0.0, 0.0, 1.0]], "bev": "bev_e3d9eb19e11543629c860c1511e48f10.png", "aux": "aux_e3d9eb19e11543629c860c1511e48f10.npz", "visibility": "visibility_e3d9eb19e11543629c860c1511e48f10.png", "pose": [[-0.808752179145813, -0.5881495475769043, 0.0, 802.2875366210938], [0.5881495475769043, -0.808752179145813, 0.0, 1691.3223876953125], [0.0, 0.0, 1.0, 0.0], [0.0, 0.0, 0.0, 1.0]], "pose_inverse": [[-0.808752179145813, 0.5881495475769043, 0.0, -345.898681640625], [-0.5881495475769043, -0.808752179145813, 0.0, 1839.7257080078125], [0.0, 0.0, 1.0, 0.0], [0.0, 0.0, 0.0, 1.0]], "cam_ids": [0, 1, 2, 3, 4, 5], "cam_channels": ["CAM_FRONT_LEFT", "CAM_FRONT", "CAM_FRONT_RIGHT", "CAM_BACK_LEFT", "CAM_BACK", "CAM_BACK_RIGHT"], "token": "e3d9eb19e11543629c860c1511e48f10", "scene": "scene-0383"}, {"images": ["samples/CAM_FRONT_LEFT/n015-2018-08-03-15-31-50+0800__CAM_FRONT_LEFT__1533281524654844.jpg", "samples/CAM_FRONT/n015-2018-08-03-15-31-50+0800__CAM_FRONT__1533281524662460.jpg", "samples/CAM_FRONT_RIGHT/n015-2018-08-03-15-31-50+0800__CAM_FRONT_RIGHT__1533281524670339.jpg", "samples/CAM_BACK_LEFT/n015-2018-08-03-15-31-50+0800__CAM_BACK_LEFT__1533281524697423.jpg", "samples/CAM_BACK/n015-2018-08-03-15-31-50+0800__CAM_BACK__1533281524687525.jpg", "samples/CAM_BACK_RIGHT/n015-2018-08-03-15-31-50+0800__CAM_BACK_RIGHT__1533281524677901.jpg"], "intrinsics": [[[1272.5979470598488, 0.0, 826.6154927353808], [0.0, 1272.5979470598488, 479.75165386361925], [0.0, 0.0, 1.0]], [[1266.417203046554, 0.0, 816.2670197447984], [0.0, 1266.417203046554, 491.50706579294757], [0.0, 0.0, 1.0]], [[1260.8474446004698, 0.0, 807.968244525554], [0.0, 1260.8474446004698, 495.3344268742088], [0.0, 0.0, 1.0]], [[1256.7414812095406, 0.0, 792.1125740759628], [0.0, 1256.7414812095406, 492.7757465151356], [0.0, 0.0, 1.0]], [[809.2209905677063, 0.0, 829.2196003259838], [0.0, 809.2209905677063, 481.77842384512485], [0.0, 0.0, 1.0]], [[1259.5137405846733, 0.0, 807.2529053838625], [0.0, 1259.5137405846733, 501.19579884916527], [0.0, 0.0, 1.0]]], "extrinsics": [[[0.8204951286315918, -0.5712755918502808, 0.020781254395842552, -0.7906494140625], [0.009880568832159042, -0.022175230085849762, -0.9997052550315857, 1.5103683471679688], [0.5715680122375488, 0.8204585909843445, -0.012550141662359238, -1.1607666015625], [0.0, 0.0, 0.0, 1.0]], [[0.0052886903285980225, -0.999640166759491, 0.026298699900507927, 0.0074462890625], [0.004573386162519455, -0.02627461403608322, -0.9996443390846252, 1.5213737487792969], [0.9999755024909973, 0.005407101009041071, 0.004432779736816883, -1.5167236328125], [0.0, 0.0, 0.0, 1.0]], [[-0.8329877853393555, -0.5532806515693665, -0.003452292876318097, 0.91748046875], [0.010183848440647125, -0.009093123488128185, -0.9999067783355713, 1.5050640106201172], [0.5531976819038391, -0.8329452276229858, 0.01320898812264204, -1.171142578125], [0.0, 0.0, 0.0, 1.0]], [[0.9477430582046509, 0.31899261474609375, 0.005163330119103193, -1.1302490234375], [0.01873074099421501, -0.039479076862335205, -0.9990448355674744, 1.5887985229492188], [-0.31848397850990295, 0.9469345211982727, -0.043390993028879166, -0.10791015625], [0.0, 0.0, 0.0, 1.0]], [[0.0027357451617717743, 0.9995613694190979, -0.029488950967788696, 0.0025634765625], [-0.006649426184594631, -0.029470223933458328, -0.9995435476303101, 1.5789833068847656], [-0.9999740719795227, 0.0029306013602763414, 0.006565885152667761, -0.056182861328125], [0.0, 0.0, 0.0, 1.0]], [[-0.934505045413971, 0.35473766922950745, -0.029347382485866547, 1.03955078125], [0.026031121611595154, -0.014118305407464504, -0.9995614290237427, 1.5541458129882812], [-0.3549964725971222, -0.9348592758178711, 0.003959407098591328, -0.0994873046875], [0.0, 0.0, 0.0, 1.0]]], "view": [[0.0, -2.0, 100.0], [-2.0, 0.0, 100.0], [0.0, 0.0, 1.0]], "bev": "bev_660eea5d68164079ba70e60e82bc2439.png", "aux": "aux_660eea5d68164079ba70e60e82bc2439.npz", "visibility": "visibility_660eea5d68164079ba70e60e82bc2439.png", "pose": [[-0.8106483817100525, -0.5855332016944885, 0.0, 800.3524169921875], [0.5855332016944885, -0.8106483817100525, 0.0, 1692.74462890625], [0.0, 0.0, 1.0, 0.0], [0.0, 0.0, 0.0, 1.0]], "pose_inverse": [[-0.8106483817100525, 0.5855332016944885, 0.0, -342.35382080078125], [-0.5855332016944885, -0.8106483817100525, 0.0, 1840.8536376953125], [0.0, 0.0, 1.0, 0.0], [0.0, 0.0, 0.0, 1.0]], "cam_ids": [0, 1, 2, 3, 4, 5], "cam_channels": ["CAM_FRONT_LEFT", "CAM_FRONT", "CAM_FRONT_RIGHT", "CAM_BACK_LEFT", "CAM_BACK", "CAM_BACK_RIGHT"], "token": "660eea5d68164079ba70e60e82bc2439", "scene": "scene-0383"}, {"images": ["samples/CAM_FRONT_LEFT/n015-2018-08-03-15-31-50+0800__CAM_FRONT_LEFT__1533281525154844.jpg", "samples/CAM_FRONT/n015-2018-08-03-15-31-50+0800__CAM_FRONT__1533281525162460.jpg", "samples/CAM_FRONT_RIGHT/n015-2018-08-03-15-31-50+0800__CAM_FRONT_RIGHT__1533281525170339.jpg", "samples/CAM_BACK_LEFT/n015-2018-08-03-15-31-50+0800__CAM_BACK_LEFT__1533281525197423.jpg", "samples/CAM_BACK/n015-2018-08-03-15-31-50+0800__CAM_BACK__1533281525187525.jpg", "samples/CAM_BACK_RIGHT/n015-2018-08-03-15-31-50+0800__CAM_BACK_RIGHT__1533281525177893.jpg"], "intrinsics": [[[1272.5979470598488, 0.0, 826.6154927353808], [0.0, 1272.5979470598488, 479.75165386361925], [0.0, 0.0, 1.0]], [[1266.417203046554, 0.0, 816.2670197447984], [0.0, 1266.417203046554, 491.50706579294757], [0.0, 0.0, 1.0]], [[1260.8474446004698, 0.0, 807.968244525554], [0.0, 1260.8474446004698, 495.3344268742088], [0.0, 0.0, 1.0]], [[1256.7414812095406, 0.0, 792.1125740759628], [0.0, 1256.7414812095406, 492.7757465151356], [0.0, 0.0, 1.0]], [[809.2209905677063, 0.0, 829.2196003259838], [0.0, 809.2209905677063, 481.77842384512485], [0.0, 0.0, 1.0]], [[1259.5137405846733, 0.0, 807.2529053838625], [0.0, 1259.5137405846733, 501.19579884916527], [0.0, 0.0, 1.0]]], "extrinsics": [[[0.8205102682113647, -0.5712847113609314, 0.019912686198949814, -0.800048828125], [0.009746882133185863, -0.020847734063863754, -0.9997351765632629, 1.5102119445800781], [0.5715485215187073, 0.8204870820045471, -0.011537537910044193, -1.165283203125], [0.0, 0.0, 0.0, 1.0]], [[0.005308146588504314, -0.9996755123138428, 0.024910559877753258, 0.005859375], [0.004429078660905361, -0.024887165054678917, -0.9996805191040039, 1.521270751953125], [0.9999760389328003, 0.0054167150519788265, 0.004295536316931248, -1.525360107421875], [0.0, 0.0, 0.0, 1.0]], [[-0.8329825401306152, -0.5532838106155396, -0.004121382255107164, 0.922607421875], [0.01004360243678093, -0.007672538515180349, -0.999920129776001, 1.5049686431884766], [0.5532079935073853, -0.83295738697052, 0.01194805558770895, -1.1759033203125], [0.0, 0.0, 0.0, 1.0]], [[0.9477208852767944, 0.3190516531467438, 0.005577266216278076, -1.13128662109375], [0.01869940012693405, -0.038080256432294846, -0.9990997314453125, 1.5887680053710938], [-0.3185519576072693, 0.9469720125198364, -0.042055532336235046, -0.107177734375], [0.0, 0.0, 0.0, 1.0]], [[0.0027161389589309692, 0.9996027946472168, -0.028051888570189476, 0.0029296875], [-0.006713989190757275, -0.02803312987089157, -0.9995844960212708, 1.5789909362792969], [-0.999973714351654, 0.0029033164028078318, 0.006635180674493313, -0.05279541015625], [0.0, 0.0, 0.0, 1.0]], [[-0.93451327085495, 0.35476627945899963, -0.028735563158988953, 1.04486083984375], [0.025915468111634254, -0.012699189595878124, -0.9995834827423096, 1.553985595703125], [-0.35498344898223877, -0.9348687529563904, 0.002673625946044922, -0.0982666015625], [0.0, 0.0, 0.0, 1.0]]], "view": [[0.0, -2.0, 100.0], [-2.0, 0.0, 100.0], [0.0, 0.0, 1.0]], "bev": "bev_b84a9deeb8654f28a64a392219ea14ad.png", "aux": "aux_b84a9deeb8654f28a64a392219ea14ad.npz", "visibility": "visibility_b84a9deeb8654f28a64a392219ea14ad.png", "pose": [[-0.8127454519271851, -0.5826188921928406, 0.0, 798.5225219726562], [0.5826188921928406, -0.8127454519271851, 0.0, 1694.07275390625], [0.0, 0.0, 1.0, 0.0], [0.0, 0.0, 0.0, 1.0]], "pose_inverse": [[-0.8127454519271851, 0.5826188921928406, 0.0, -338.0032653808594], [-0.5826188921928406, -0.8127454519271851, 0.0, 1842.084228515625], [0.0, 0.0, 1.0, 0.0], [0.0, 0.0, 0.0, 1.0]], "cam_ids": [0, 1, 2, 3, 4, 5], "cam_channels": ["CAM_FRONT_LEFT", "CAM_FRONT", "CAM_FRONT_RIGHT", "CAM_BACK_LEFT", "CAM_BACK", "CAM_BACK_RIGHT"], "token": "b84a9deeb8654f28a64a392219ea14ad", "scene": "scene-0383"}, {"images": ["samples/CAM_FRONT_LEFT/n015-2018-08-03-15-31-50+0800__CAM_FRONT_LEFT__1533281525654844.jpg", "samples/CAM_FRONT/n015-2018-08-03-15-31-50+0800__CAM_FRONT__1533281525662460.jpg", "samples/CAM_FRONT_RIGHT/n015-2018-08-03-15-31-50+0800__CAM_FRONT_RIGHT__1533281525670339.jpg", "samples/CAM_BACK_LEFT/n015-2018-08-03-15-31-50+0800__CAM_BACK_LEFT__1533281525697423.jpg", "samples/CAM_BACK/n015-2018-08-03-15-31-50+0800__CAM_BACK__1533281525687525.jpg", "samples/CAM_BACK_RIGHT/n015-2018-08-03-15-31-50+0800__CAM_BACK_RIGHT__1533281525677893.jpg"], "intrinsics": [[[1272.5979470598488, 0.0, 826.6154927353808], [0.0, 1272.5979470598488, 479.75165386361925], [0.0, 0.0, 1.0]], [[1266.417203046554, 0.0, 816.2670197447984], [0.0, 1266.417203046554, 491.50706579294757], [0.0, 0.0, 1.0]], [[1260.8474446004698, 0.0, 807.968244525554], [0.0, 1260.8474446004698, 495.3344268742088], [0.0, 0.0, 1.0]], [[1256.7414812095406, 0.0, 792.1125740759628], [0.0, 1256.7414812095406, 492.7757465151356], [0.0, 0.0, 1.0]], [[809.2209905677063, 0.0, 829.2196003259838], [0.0, 809.2209905677063, 481.77842384512485], [0.0, 0.0, 1.0]], [[1259.5137405846733, 0.0, 807.2529053838625], [0.0, 1259.5137405846733, 501.19579884916527], [0.0, 0.0, 1.0]]], "extrinsics": [[[0.8193995356559753, -0.5728914141654968, 0.019488414749503136, -0.82080078125], [0.009106493555009365, -0.020983830094337463, -0.999738335609436, 1.5098457336425781], [0.5731503963470459, 0.8193626403808594, -0.011977110058069229, -1.1793212890625], [0.0, 0.0, 0.0, 1.0]], [[0.0036793923936784267, -0.9996797442436218, 0.025037838146090508, 0.00537109375], [0.0037863310426473618, -0.02502390183508396, -0.999679684638977, 1.5210800170898438], [0.9999860525131226, 0.003773060627281666, 0.0036930448841303587, -1.545928955078125], [0.0, 0.0, 0.0, 1.0]], [[-0.8337107300758362, -0.5521900653839111, -0.003542623482644558, 0.93548583984375], [0.009421424940228462, -0.007809601258486509, -0.9999251365661621, 1.504734992980957], [0.5521210432052612, -0.8336816430091858, 0.011713366024196148, -1.1851806640625], [0.0, 0.0, 0.0, 1.0]], [[0.9477748870849609, 0.31890201568603516, 0.004925626330077648, -1.133941650390625], [0.0180156622081995, -0.03811058774590492, -0.9991111159324646, 1.588714599609375], [-0.3184308409690857, 0.9470211863517761, -0.04186548665165901, -0.1065673828125], [0.0, 0.0, 0.0, 1.0]], [[0.003246213309466839, 0.999599277973175, -0.028122220188379288, 0.0030517578125], [-0.007388907950371504, -0.028097622096538544, -0.9995778799057007, 1.5789985656738281], [-0.9999674558639526, 0.0034525825176388025, 0.0072947340086102486, -0.045989990234375], [0.0, 0.0, 0.0, 1.0]], [[-0.9341838955879211, 0.3556765913963318, -0.028188107535243034, 1.05609130859375], [0.025282301008701324, -0.01281631551682949, -0.9995981454849243, 1.5536212921142578], [-0.35589495301246643, -0.9345211982727051, 0.00298047112300992, -0.094482421875], [0.0, 0.0, 0.0, 1.0]]], "view": [[0.0, -2.0, 100.0], [-2.0, 0.0, 100.0], [0.0, 0.0, 1.0]], "bev": "bev_432b8baf595e45fba5568c258f0b8ff9.png", "aux": "aux_432b8baf595e45fba5568c258f0b8ff9.npz", "visibility": "visibility_432b8baf595e45fba5568c258f0b8ff9.png", "pose": [[-0.820980966091156, -0.5709555745124817, 0.0, 796.8522338867188], [0.5709555745124817, -0.820980966091156, 0.0, 1695.262939453125], [0.0, 0.0, 1.0, 0.0], [0.0, 0.0, 0.0, 1.0]], "pose_inverse": [[-0.820980966091156, 0.5709555745124817, 0.0, -313.7193603515625], [-0.5709555745124817, -0.820980966091156, 0.0, 1846.745849609375], [0.0, 0.0, 1.0, 0.0], [0.0, 0.0, 0.0, 1.0]], "cam_ids": [0, 1, 2, 3, 4, 5], "cam_channels": ["CAM_FRONT_LEFT", "CAM_FRONT", "CAM_FRONT_RIGHT", "CAM_BACK_LEFT", "CAM_BACK", "CAM_BACK_RIGHT"], "token": "432b8baf595e45fba5568c258f0b8ff9", "scene": "scene-0383"}, {"images": ["samples/CAM_FRONT_LEFT/n015-2018-08-03-15-31-50+0800__CAM_FRONT_LEFT__1533281526154844.jpg", "samples/CAM_FRONT/n015-2018-08-03-15-31-50+0800__CAM_FRONT__1533281526162460.jpg", "samples/CAM_FRONT_RIGHT/n015-2018-08-03-15-31-50+0800__CAM_FRONT_RIGHT__1533281526170339.jpg", "samples/CAM_BACK_LEFT/n015-2018-08-03-15-31-50+0800__CAM_BACK_LEFT__1533281526197423.jpg", "samples/CAM_BACK/n015-2018-08-03-15-31-50+0800__CAM_BACK__1533281526187525.jpg", "samples/CAM_BACK_RIGHT/n015-2018-08-03-15-31-50+0800__CAM_BACK_RIGHT__1533281526177893.jpg"], "intrinsics": [[[1272.5979470598488, 0.0, 826.6154927353808], [0.0, 1272.5979470598488, 479.75165386361925], [0.0, 0.0, 1.0]], [[1266.417203046554, 0.0, 816.2670197447984], [0.0, 1266.417203046554, 491.50706579294757], [0.0, 0.0, 1.0]], [[1260.8474446004698, 0.0, 807.968244525554], [0.0, 1260.8474446004698, 495.3344268742088], [0.0, 0.0, 1.0]], [[1256.7414812095406, 0.0, 792.1125740759628], [0.0, 1256.7414812095406, 492.7757465151356], [0.0, 0.0, 1.0]], [[809.2209905677063, 0.0, 829.2196003259838], [0.0, 809.2209905677063, 481.77842384512485], [0.0, 0.0, 1.0]], [[1259.5137405846733, 0.0, 807.2529053838625], [0.0, 1259.5137405846733, 501.19579884916527], [0.0, 0.0, 1.0]]], "extrinsics": [[[0.8182345032691956, -0.5746195316314697, 0.017460007220506668, -0.823974609375], [0.007933917455375195, -0.019081279635429382, -0.9997864961624146, 1.5096321105957031], [0.5748298764228821, 0.8181982636451721, -0.011053976602852345, -1.1832275390625], [0.0, 0.0, 0.0, 1.0]], [[0.0019375777337700129, -0.9997296333312988, 0.023170199245214462, 0.00634765625], [0.002580700209364295, -0.02316516824066639, -0.9997283816337585, 1.5209274291992188], [0.9999948143959045, 0.0019968540873378515, 0.0025351173244416714, -1.550567626953125], [0.0, 0.0, 0.0, 1.0]], [[-0.8345093727111816, -0.5509822368621826, -0.003548037726432085, 0.9398193359375], [0.008227348327636719, -0.006021874491125345, -0.9999480247497559, 1.504568099975586], [0.5509322285652161, -0.8344951868057251, 0.009558435529470444, -1.1864013671875], [0.0, 0.0, 0.0, 1.0]], [[0.9478079080581665, 0.31881290674209595, 0.004297701641917229, -1.134246826171875], [0.016832251101732254, -0.036571674048900604, -0.9991892576217651, 1.5886917114257812], [-0.31839728355407715, 0.9471118450164795, -0.04002926126122475, -0.1064453125], [0.0, 0.0, 0.0, 1.0]], [[0.0037988850381225348, 0.9996416568756104, -0.026497848331928253, 0.0025634765625], [-0.00858509074896574, -0.02646446041762829, -0.9996129274368286, 1.5789718627929688], [-0.999955952167511, 0.004024956841021776, 0.008481478318572044, -0.044097900390625], [0.0, 0.0, 0.0, 1.0]], [[-0.933837354183197, 0.3567180633544922, -0.026458052918314934, 1.05889892578125], [0.024077311158180237, -0.011113700456917286, -0.9996483325958252, 1.5534439086914062], [-0.35688668489456177, -0.934145987033844, 0.0017895759083330631, -0.092529296875], [0.0, 0.0, 0.0, 1.0]]], "view": [[0.0, -2.0, 100.0], [-2.0, 0.0, 100.0], [0.0, 0.0, 1.0]], "bev": "bev_ade7ef77334e4250a4f837723c968c65.png", "aux": "aux_ade7ef77334e4250a4f837723c968c65.npz", "visibility": "visibility_ade7ef77334e4250a4f837723c968c65.png", "pose": [[-0.8403283357620239, -0.5420777797698975, 0.0, 795.2477416992188], [0.5420777797698975, -0.8403283357620239, 0.0, 1696.3466796875], [0.0, 0.0, 1.0, 0.0], [0.0, 0.0, 0.0, 1.0]], "pose_inverse": [[-0.8403283357620239, 0.5420777797698975, 0.0, -251.28257751464844], [-0.5420777797698975, -0.8403283357620239, 0.0, 1856.5743408203125], [0.0, 0.0, 1.0, 0.0], [0.0, 0.0, 0.0, 1.0]], "cam_ids": [0, 1, 2, 3, 4, 5], "cam_channels": ["CAM_FRONT_LEFT", "CAM_FRONT", "CAM_FRONT_RIGHT", "CAM_BACK_LEFT", "CAM_BACK", "CAM_BACK_RIGHT"], "token": "ade7ef77334e4250a4f837723c968c65", "scene": "scene-0383"}, {"images": ["samples/CAM_FRONT_LEFT/n015-2018-08-03-15-31-50+0800__CAM_FRONT_LEFT__1533281526654844.jpg", "samples/CAM_FRONT/n015-2018-08-03-15-31-50+0800__CAM_FRONT__1533281526662460.jpg", "samples/CAM_FRONT_RIGHT/n015-2018-08-03-15-31-50+0800__CAM_FRONT_RIGHT__1533281526670339.jpg", "samples/CAM_BACK_LEFT/n015-2018-08-03-15-31-50+0800__CAM_BACK_LEFT__1533281526697423.jpg", "samples/CAM_BACK/n015-2018-08-03-15-31-50+0800__CAM_BACK__1533281526687525.jpg", "samples/CAM_BACK_RIGHT/n015-2018-08-03-15-31-50+0800__CAM_BACK_RIGHT__1533281526677893.jpg"], "intrinsics": [[[1272.5979470598488, 0.0, 826.6154927353808], [0.0, 1272.5979470598488, 479.75165386361925], [0.0, 0.0, 1.0]], [[1266.417203046554, 0.0, 816.2670197447984], [0.0, 1266.417203046554, 491.50706579294757], [0.0, 0.0, 1.0]], [[1260.8474446004698, 0.0, 807.968244525554], [0.0, 1260.8474446004698, 495.3344268742088], [0.0, 0.0, 1.0]], [[1256.7414812095406, 0.0, 792.1125740759628], [0.0, 1256.7414812095406, 492.7757465151356], [0.0, 0.0, 1.0]], [[809.2209905677063, 0.0, 829.2196003259838], [0.0, 809.2209905677063, 481.77842384512485], [0.0, 0.0, 1.0]], [[1259.5137405846733, 0.0, 807.2529053838625], [0.0, 1259.5137405846733, 501.19579884916527], [0.0, 0.0, 1.0]]], "extrinsics": [[[0.8179394006729126, -0.5750202536582947, 0.01807785965502262, -0.8436279296875], [0.006642396096140146, -0.02198185957968235, -0.9997363090515137, 1.5092315673828125], [0.5752659440040588, 0.8178438544273376, -0.014160318300127983, -1.19482421875], [0.0, 0.0, 0.0, 1.0]], [[0.001606523641385138, -0.9996614456176758, 0.025970246642827988, 0.0050048828125], [0.0012980039464309812, -0.025968175381422043, -0.9996619820594788, 1.5206871032714844], [0.9999978542327881, 0.0016396308783441782, 0.0012558463495224714, -1.5701904296875], [0.0, 0.0, 0.0, 1.0]], [[-0.8346205353736877, -0.5508243441581726, -0.0009950912790372968, 0.952880859375], [0.00695027457550168, -0.008724763989448547, -0.9999377727508545, 1.504298210144043], [0.5507814288139343, -0.8345756530761719, 0.011110248975455761, -1.1962890625], [0.0, 0.0, 0.0, 1.0]], [[0.9478117227554321, 0.31882256269454956, 0.002287411130964756, -1.137451171875], [0.01551470160484314, -0.038954634219408035, -0.9991204738616943, 1.5886306762695312], [-0.31845298409461975, 0.9470135569572449, -0.04186809062957764, -0.105224609375], [0.0, 0.0, 0.0, 1.0]], [[0.0038273802492767572, 0.9995725750923157, -0.028983423486351967, 0.003173828125], [-0.009903940372169018, -0.02894432283937931, -0.9995319843292236, 1.5789794921875], [-0.9999436140060425, 0.00411258777603507, 0.009788925759494305, -0.03582763671875], [0.0, 0.0, 0.0, 1.0]], [[-0.9338218569755554, 0.35677915811538696, -0.026178302243351936, 1.07098388671875], [0.02278204634785652, -0.013719044625759125, -0.9996463656425476, 1.5530414581298828], [-0.3570120930671692, -0.9340879917144775, 0.004682984668761492, -0.0887451171875], [0.0, 0.0, 0.0, 1.0]]], "view": [[0.0, -2.0, 100.0], [-2.0, 0.0, 100.0], [0.0, 0.0, 1.0]], "bev": "bev_61eb68d9f0e84cba81ec071fe80a19c0.png", "aux": "aux_61eb68d9f0e84cba81ec071fe80a19c0.npz", "visibility": "visibility_61eb68d9f0e84cba81ec071fe80a19c0.png", "pose": [[-0.8680338859558105, -0.4965049922466278, 0.0, 793.7366333007812], [0.4965049922466278, -0.8680338859558105, 0.0, 1697.2720947265625], [0.0, 0.0, 1.0, 0.0], [0.0, 0.0, 0.0, 1.0]], "pose_inverse": [[-0.8680338859558105, 0.4965049922466278, 0.0, -153.71380615234375], [-0.4965049922466278, -0.8680338859558105, 0.0, 1867.3839111328125], [0.0, 0.0, 1.0, 0.0], [0.0, 0.0, 0.0, 1.0]], "cam_ids": [0, 1, 2, 3, 4, 5], "cam_channels": ["CAM_FRONT_LEFT", "CAM_FRONT", "CAM_FRONT_RIGHT", "CAM_BACK_LEFT", "CAM_BACK", "CAM_BACK_RIGHT"], "token": "61eb68d9f0e84cba81ec071fe80a19c0", "scene": "scene-0383"}, {"images": ["samples/CAM_FRONT_LEFT/n015-2018-08-03-15-31-50+0800__CAM_FRONT_LEFT__1533281527154844.jpg", "samples/CAM_FRONT/n015-2018-08-03-15-31-50+0800__CAM_FRONT__1533281527162460.jpg", "samples/CAM_FRONT_RIGHT/n015-2018-08-03-15-31-50+0800__CAM_FRONT_RIGHT__1533281527170339.jpg", "samples/CAM_BACK_LEFT/n015-2018-08-03-15-31-50+0800__CAM_BACK_LEFT__1533281527197423.jpg", "samples/CAM_BACK/n015-2018-08-03-15-31-50+0800__CAM_BACK__1533281527187525.jpg", "samples/CAM_BACK_RIGHT/n015-2018-08-03-15-31-50+0800__CAM_BACK_RIGHT__1533281527177893.jpg"], "intrinsics": [[[1272.5979470598488, 0.0, 826.6154927353808], [0.0, 1272.5979470598488, 479.75165386361925], [0.0, 0.0, 1.0]], [[1266.417203046554, 0.0, 816.2670197447984], [0.0, 1266.417203046554, 491.50706579294757], [0.0, 0.0, 1.0]], [[1260.8474446004698, 0.0, 807.968244525554], [0.0, 1260.8474446004698, 495.3344268742088], [0.0, 0.0, 1.0]], [[1256.7414812095406, 0.0, 792.1125740759628], [0.0, 1256.7414812095406, 492.7757465151356], [0.0, 0.0, 1.0]], [[809.2209905677063, 0.0, 829.2196003259838], [0.0, 809.2209905677063, 481.77842384512485], [0.0, 0.0, 1.0]], [[1259.5137405846733, 0.0, 807.2529053838625], [0.0, 1259.5137405846733, 501.19579884916527], [0.0, 0.0, 1.0]]], "extrinsics": [[[0.8178429007530212, -0.5751544833183289, 0.018173690885305405, -0.8524169921875], [0.004410969093441963, -0.02531530149281025, -0.9996697902679443, 1.5088768005371094], [0.5754246711730957, 0.8176530003547668, -0.018166949972510338, -1.201904296875], [0.0, 0.0, 0.0, 1.0]], [[0.0014508379390463233, -0.9995678663253784, 0.029359590262174606, 0.0059814453125], [-0.0009498881408944726, -0.02936098910868168, -0.9995684027671814, 1.5204505920410156], [0.9999984502792358, 0.0014222858007997274, -0.0009920749580487609, -1.5789108276367188], [0.0, 0.0, 0.0, 1.0]], [[-0.8347252607345581, -0.5506595969200134, 0.0028066157829016447, 0.9586181640625], [0.004682234488427639, -0.012194021604955196, -0.9999146461486816, 1.5040664672851562], [0.5506468415260315, -0.8346408605575562, 0.01275697536766529, -1.19921875], [0.0, 0.0, 0.0, 1.0]], [[0.9478608965873718, 0.3186825215816498, -0.0011704664211720228, -1.13787841796875], [0.013127832673490047, -0.0427154116332531, -0.9990010261535645, 1.5886154174804688], [-0.31841418147087097, 0.9468986392021179, -0.04467187076807022, -0.105224609375], [0.0, 0.0, 0.0, 1.0]], [[0.003874331945553422, 0.9994596838951111, -0.03264228254556656, 0.00256347656