[{"images": ["samples/CAM_FRONT_LEFT/n008-2018-08-30-15-16-55-0400__CAM_FRONT_LEFT__1535657148254799.jpg", "samples/CAM_FRONT/n008-2018-08-30-15-16-55-0400__CAM_FRONT__1535657148262404.jpg", "samples/CAM_FRONT_RIGHT/n008-2018-08-30-15-16-55-0400__CAM_FRONT_RIGHT__1535657148270482.jpg", "samples/CAM_BACK_LEFT/n008-2018-08-30-15-16-55-0400__CAM_BACK_LEFT__1535657148297405.jpg", "samples/CAM_BACK/n008-2018-08-30-15-16-55-0400__CAM_BACK__1535657148287558.jpg", "samples/CAM_BACK_RIGHT/n008-2018-08-30-15-16-55-0400__CAM_BACK_RIGHT__1535657148278113.jpg"], "intrinsics": [[[1257.8625342125129, 0.0, 827.2410631095686], [0.0, 1257.8625342125129, 450.915498205774], [0.0, 0.0, 1.0]], [[1252.8131021185304, 0.0, 826.588114781398], [0.0, 1252.8131021185304, 469.9846626224581], [0.0, 0.0, 1.0]], [[1256.7485116440405, 0.0, 817.7887570959712], [0.0, 1256.7485116440403, 451.9541780095127], [0.0, 0.0, 1.0]], [[1254.9860565800168, 0.0, 829.5769333630991], [0.0, 1254.9860565800168, 467.1680561863987], [0.0, 0.0, 1.0]], [[796.8910634503094, 0.0, 857.7774326863696], [0.0, 796.8910634503094, 476.8848988407415], [0.0, 0.0, 1.0]], [[1249.9629280788233, 0.0, 825.3768045375984], [0.0, 1249.9629280788233, 462.54816385708756], [0.0, 0.0, 1.0]]], "extrinsics": [[[0.8217926025390625, -0.5673559904098511, -0.05257478356361389, -1.005035400390625], [-0.026002593338489532, 0.054831795394420624, -0.9981569647789001, 1.4882965087890625], [0.5691930651664734, 0.8216451406478882, 0.03030763566493988, -1.33331298828125], [0.0, 0.0, 0.0, 1.0]], [[0.009526818059384823, -0.9986550807952881, -0.050964098423719406, 0.00543212890625], [-0.02404705062508583, 0.0507228709757328, -0.9984232783317566, 1.48016357421875], [0.9996654987335205, 0.010737312957644463, -0.023531479761004448, -1.7346839904785156], [0.0, 0.0, 0.0, 1.0]], [[-0.8442265391349792, -0.5359106659889221, -0.009014074690639973, 1.090606689453125], [-0.016021093353629112, 0.042041290551424026, -0.9989873766899109, 1.4930686950683594], [0.5357469916343689, -0.8432273268699646, -0.04407825320959091, -1.27752685546875], [0.0, 0.0, 0.0, 1.0]], [[0.9474061727523804, 0.31934601068496704, -0.020967550575733185, -1.143890380859375], [-0.04134735092520714, 0.05717136338353157, -0.9975078105926514, 1.5620460510253906], [-0.31735140085220337, 0.9459120631217957, 0.06736861914396286, -0.15606689453125], [0.0, 0.0, 0.0, 1.0]], [[0.009907434694468975, 0.998734712600708, 0.04930216073989868, -0.02880859375], [-0.03923804312944412, 0.049654897302389145, -0.9979953169822693, 1.5680656433105469], [-0.999180793762207, 0.007953019812703133, 0.039680350571870804, 0.04434776306152344], [0.0, 0.0, 0.0, 1.0]], [[-0.9231860637664795, 0.3819723129272461, 0.04271416366100311, 1.160736083984375], [-0.03506564721465111, 0.0269659161567688, -0.9990211725234985, 1.547811508178711], [-0.38275033235549927, -0.9237802028656006, -0.011500449851155281, -0.043701171875], [0.0, 0.0, 0.0, 1.0]]], "view": [[0.0, -2.0, 100.0], [-2.0, 0.0, 100.0], [0.0, 0.0, 1.0]], "bev": "bev_24cc3c1bc3ad47daac2d217c1c03719e.png", "aux": "aux_24cc3c1bc3ad47daac2d217c1c03719e.npz", "visibility": "visibility_24cc3c1bc3ad47daac2d217c1c03719e.png", "pose": [[-0.8941462635993958, -0.4477749764919281, 0.0, 309.1878662109375], [0.4477749764919281, -0.8941462635993958, 0.0, 668.66796875], [0.0, 0.0, 1.0, 0.0], [0.0, 0.0, 0.0, 1.0]], "pose_inverse": [[-0.8941462635993958, 0.4477749764919281, 0.0, -22.95360565185547], [-0.4477749764919281, -0.8941462635993958, 0.0, 736.3335571289062], [0.0, 0.0, 1.0, 0.0], [0.0, 0.0, 0.0, 1.0]], "cam_ids": [0, 1, 2, 3, 4, 5], "cam_channels": ["CAM_FRONT_LEFT", "CAM_FRONT", "CAM_FRONT_RIGHT", "CAM_BACK_LEFT", "CAM_BACK", "CAM_BACK_RIGHT"], "token": "24cc3c1bc3ad47daac2d217c1c03719e", "scene": "scene-0759"}, {"images": ["samples/CAM_FRONT_LEFT/n008-2018-08-30-15-16-55-0400__CAM_FRONT_LEFT__1535657148754799.jpg", "samples/CAM_FRONT/n008-2018-08-30-15-16-55-0400__CAM_FRONT__1535657148762406.jpg", "samples/CAM_FRONT_RIGHT/n008-2018-08-30-15-16-55-0400__CAM_FRONT_RIGHT__1535657148770482.jpg", "samples/CAM_BACK_LEFT/n008-2018-08-30-15-16-55-0400__CAM_BACK_LEFT__1535657148797405.jpg", "samples/CAM_BACK/n008-2018-08-30-15-16-55-0400__CAM_BACK__1535657148787558.jpg", "samples/CAM_BACK_RIGHT/n008-2018-08-30-15-16-55-0400__CAM_BACK_RIGHT__1535657148778113.jpg"], "intrinsics": [[[1257.8625342125129, 0.0, 827.2410631095686], [0.0, 1257.8625342125129, 450.915498205774], [0.0, 0.0, 1.0]], [[1252.8131021185304, 0.0, 826.588114781398], [0.0, 1252.8131021185304, 469.9846626224581], [0.0, 0.0, 1.0]], [[1256.7485116440405, 0.0, 817.7887570959712], [0.0, 1256.7485116440403, 451.9541780095127], [0.0, 0.0, 1.0]], [[1254.9860565800168, 0.0, 829.5769333630991], [0.0, 1254.9860565800168, 467.1680561863987], [0.0, 0.0, 1.0]], [[796.8910634503094, 0.0, 857.7774326863696], [0.0, 796.8910634503094, 476.8848988407415], [0.0, 0.0, 1.0]], [[1249.9629280788233, 0.0, 825.3768045375984], [0.0, 1249.9629280788233, 462.54816385708756], [0.0, 0.0, 1.0]]], "extrinsics": [[[0.821797251701355, -0.5673555135726929, -0.052506573498249054, -1.005035400390625], [-0.025954237207770348, 0.05478202924132347, -0.9981609582901001, 1.4882965087890625], [0.5691885352134705, 0.8216487765312195, 0.030294442549347878, -1.33331298828125], [0.0, 0.0, 0.0, 1.0]], [[0.009532138705253601, -0.9986578822135925, -0.05090728774666786, 0.00537109375], [-0.023998862132430077, 0.05066646635532379, -0.9984272718429565, 1.48016357421875], [0.9996665716171265, 0.010738860815763474, -0.023483693599700928, -1.7347126007080078], [0.0, 0.0, 0.0, 1.0]], [[-0.8442246317863464, -0.5359135866165161, -0.009015446528792381, 1.090606689453125], [-0.01597904972732067, 0.04197739437222481, -0.9989907145500183, 1.4930686950683594], [0.5357511639595032, -0.8432285785675049, -0.0440017431974411, -1.27752685546875], [0.0, 0.0, 0.0, 1.0]], [[0.9474014639854431, 0.31935954093933105, -0.020973140373826027, -1.1439361572265625], [-0.041332196444272995, 0.05710560828447342, -0.99751216173172, 1.5620384216308594], [-0.3173673748970032, 0.9459113478660583, 0.06730177253484726, -0.15606689453125], [0.0, 0.0, 0.0, 1.0]], [[0.009898201562464237, 0.9987373948097229, 0.04925059154629707, -0.02880859375], [-0.039214663207530975, 0.04960281401872635, -0.997998833656311, 1.5680618286132812], [-0.9991818070411682, 0.007946980185806751, 0.0396561324596405, 0.04433250427246094], [0.0, 0.0, 0.0, 1.0]], [[-0.9231887459754944, 0.3819727301597595, 0.042652178555727005, 1.160675048828125], [-0.035022933036088943, 0.026907093822956085, -0.9990242123603821, 1.547811508178711], [-0.3827476501464844, -0.92378169298172, -0.011462523601949215, -0.04376220703125], [0.0, 0.0, 0.0, 1.0]]], "view": [[0.0, -2.0, 100.0], [-2.0, 0.0, 100.0], [0.0, 0.0, 1.0]], "bev": "bev_091836a3453c448089dd7aa04b74ec0e.png", "aux": "aux_091836a3453c448089dd7aa04b74ec0e.npz", "visibility": "visibility_091836a3453c448089dd7aa04b74ec0e.png", "pose": [[-0.894115149974823, -0.44783708453178406, 0.0, 309.18792724609375], [0.44783708453178406, -0.894115149974823, 0.0, 668.66796875], [0.0, 0.0, 1.0, 0.0], [0.0, 0.0, 0.0, 1.0]], "pose_inverse": [[-0.894115149974823, 0.44783708453178406, 0.0, -23.00470542907715], [-0.44783708453178406, -0.894115149974823, 0.0, 736.3319702148438], [0.0, 0.0, 1.0, 0.0], [0.0, 0.0, 0.0, 1.0]], "cam_ids": [0, 1, 2, 3, 4, 5], "cam_channels": ["CAM_FRONT_LEFT", "CAM_FRONT", "CAM_FRONT_RIGHT", "CAM_BACK_LEFT", "CAM_BACK", "CAM_BACK_RIGHT"], "token": "091836a3453c448089dd7aa04b74ec0e", "scene": "scene-0759"}, {"images": ["samples/CAM_FRONT_LEFT/n008-2018-08-30-15-16-55-0400__CAM_FRONT_LEFT__1535657149254799.jpg", "samples/CAM_FRONT/n008-2018-08-30-15-16-55-0400__CAM_FRONT__1535657149262404.jpg", "samples/CAM_FRONT_RIGHT/n008-2018-08-30-15-16-55-0400__CAM_FRONT_RIGHT__1535657149270482.jpg", "samples/CAM_BACK_LEFT/n008-2018-08-30-15-16-55-0400__CAM_BACK_LEFT__1535657149297405.jpg", "samples/CAM_BACK/n008-2018-08-30-15-16-55-0400__CAM_BACK__1535657149287558.jpg", "samples/CAM_BACK_RIGHT/n008-2018-08-30-15-16-55-0400__CAM_BACK_RIGHT__1535657149278113.jpg"], "intrinsics": [[[1257.8625342125129, 0.0, 827.2410631095686], [0.0, 1257.8625342125129, 450.915498205774], [0.0, 0.0, 1.0]], [[1252.8131021185304, 0.0, 826.588114781398], [0.0, 1252.8131021185304, 469.9846626224581], [0.0, 0.0, 1.0]], [[1256.7485116440405, 0.0, 817.7887570959712], [0.0, 1256.7485116440403, 451.9541780095127], [0.0, 0.0, 1.0]], [[1254.9860565800168, 0.0, 829.5769333630991], [0.0, 1254.9860565800168, 467.1680561863987], [0.0, 0.0, 1.0]], [[796.8910634503094, 0.0, 857.7774326863696], [0.0, 796.8910634503094, 476.8848988407415], [0.0, 0.0, 1.0]], [[1249.9629280788233, 0.0, 825.3768045375984], [0.0, 1249.9629280788233, 462.54816385708756], [0.0, 0.0, 1.0]]], "extrinsics": [[[0.8217869997024536, -0.5673674941062927, -0.0525393933057785, -1.0050048828125], [-0.025963686406612396, 0.05482516065239906, -0.99815833568573, 1.4882965087890625], [0.5692030191421509, 0.8216376304626465, 0.030323650687932968, -1.33331298828125], [0.0, 0.0, 0.0, 1.0]], [[0.009513896889984608, -0.998654842376709, -0.05096893012523651, 0.00537109375], [-0.02401457540690899, 0.05072835087776184, -0.9984237551689148, 1.48016357421875], [0.9996663331985474, 0.010722901672124863, -0.02349964715540409, -1.7346858978271484], [0.0, 0.0, 0.0, 1.0]], [[-0.8442326188087463, -0.5359005928039551, -0.009050536900758743, 1.09063720703125], [-0.015990890562534332, 0.04206265136599541, -0.9989869594573975, 1.4930744171142578], [0.5357384085655212, -0.8432326912879944, -0.04408019036054611, -1.27752685546875], [0.0, 0.0, 0.0, 1.0]], [[0.9474068880081177, 0.3193446695804596, -0.02095804736018181, -1.143951416015625], [-0.04134379327297211, 0.05719086900353432, -0.997506856918335, 1.562042236328125], [-0.3173498809337616, 0.9459113478660583, 0.06738593429327011, -0.15606689453125], [0.0, 0.0, 0.0, 1.0]], [[0.009912910871207714, 0.998733401298523, 0.04932858794927597, -0.02886962890625], [-0.039238400757312775, 0.04968152940273285, -0.9979940056800842, 1.5680618286132812], [-0.9991807341575623, 0.00795743241906166, 0.039681192487478256, 0.04432106018066406], [0.0, 0.0, 0.0, 1.0]], [[-0.9231829047203064, 0.38197943568229675, 0.0427195280790329, 1.160675048828125], [-0.03506200388073921, 0.026988491415977478, -0.9990206360816956, 1.547811508178711], [-0.382758229970932, -0.9237766265869141, -0.011522352695465088, -0.043701171875], [0.0, 0.0, 0.0, 1.0]]], "view": [[0.0, -2.0, 100.0], [-2.0, 0.0, 100.0], [0.0, 0.0, 1.0]], "bev": "bev_0914adc506ea4a2fa5234d717383ef3e.png", "aux": "aux_0914adc506ea4a2fa5234d717383ef3e.npz", "visibility": "visibility_0914adc506ea4a2fa5234d717383ef3e.png", "pose": [[-0.8941323757171631, -0.4478027820587158, 0.0, 309.18792724609375], [0.4478027820587158, -0.8941323757171631, 0.0, 668.66796875], [0.0, 0.0, 1.0, 0.0], [0.0, 0.0, 0.0, 1.0]], "pose_inverse": [[-0.8941323757171631, 0.4478027820587158, 0.0, -22.9764461517334], [-0.4478027820587158, -0.8941323757171631, 0.0, 736.3328857421875], [0.0, 0.0, 1.0, 0.0], [0.0, 0.0, 0.0, 1.0]], "cam_ids": [0, 1, 2, 3, 4, 5], "cam_channels": ["CAM_FRONT_LEFT", "CAM_FRONT", "CAM_FRONT_RIGHT", "CAM_BACK_LEFT", "CAM_BACK", "CAM_BACK_RIGHT"], "token": "0914adc506ea4a2fa5234d717383ef3e", "scene": "scene-0759"}, {"images": ["samples/CAM_FRONT_LEFT/n008-2018-08-30-15-16-55-0400__CAM_FRONT_LEFT__1535657149754799.jpg", "samples/CAM_FRONT/n008-2018-08-30-15-16-55-0400__CAM_FRONT__1535657149762404.jpg", "samples/CAM_FRONT_RIGHT/n008-2018-08-30-15-16-55-0400__CAM_FRONT_RIGHT__1535657149770482.jpg", "samples/CAM_BACK_LEFT/n008-2018-08-30-15-16-55-0400__CAM_BACK_LEFT__1535657149797405.jpg", "samples/CAM_BACK/n008-2018-08-30-15-16-55-0400__CAM_BACK__1535657149787558.jpg", "samples/CAM_BACK_RIGHT/n008-2018-08-30-15-16-55-0400__CAM_BACK_RIGHT__1535657149778113.jpg"], "intrinsics": [[[1257.8625342125129, 0.0, 827.2410631095686], [0.0, 1257.8625342125129, 450.915498205774], [0.0, 0.0, 1.0]], [[1252.8131021185304, 0.0, 826.588114781398], [0.0, 1252.8131021185304, 469.9846626224581], [0.0, 0.0, 1.0]], [[1256.7485116440405, 0.0, 817.7887570959712], [0.0, 1256.7485116440403, 451.9541780095127], [0.0, 0.0, 1.0]], [[1254.9860565800168, 0.0, 829.5769333630991], [0.0, 1254.9860565800168, 467.1680561863987], [0.0, 0.0, 1.0]], [[796.8910634503094, 0.0, 857.7774326863696], [0.0, 796.8910634503094, 476.8848988407415], [0.0, 0.0, 1.0]], [[1249.9629280788233, 0.0, 825.3768045375984], [0.0, 1249.9629280788233, 462.54816385708756], [0.0, 0.0, 1.0]]], "extrinsics": [[[0.8217955827713013, -0.5673532485961914, -0.05255788192152977, -1.00506591796875], [-0.026087315753102303, 0.05468004196882248, -0.9981630444526672, 1.4882965087890625], [0.5691849589347839, 0.821657121181488, 0.03013509139418602, -1.3333740234375], [0.0, 0.0, 0.0, 1.0]], [[0.009533400647342205, -0.9986628890037537, -0.050810057669878006, 0.00537109375], [-0.0241276565939188, 0.05056784674525261, -0.9984291195869446, 1.48016357421875], [0.9996634125709534, 0.010744339786469936, -0.023613307625055313, -1.734684944152832], [0.0, 0.0, 0.0, 1.0]], [[-0.8442221283912659, -0.5359202027320862, -0.008864345028996468, 1.090606689453125], [-0.016105949878692627, 0.0418950617313385, -0.9989921450614929, 1.493072509765625], [0.5357515215873718, -0.8432285189628601, -0.04400024190545082, -1.277587890625], [0.0, 0.0, 0.0, 1.0]], [[0.9473991990089417, 0.31935766339302063, -0.02110440842807293, -1.1439361572265625], [-0.04144243896007538, 0.05702266842126846, -0.9975123405456543, 1.562042236328125], [-0.3173598051071167, 0.9459170699119568, 0.06725818663835526, -0.15606689453125], [0.0, 0.0, 0.0, 1.0]], [[0.009900662116706371, 0.9987421035766602, 0.04915569722652435, -0.02886962890625], [-0.039340849965810776, 0.049509093165397644, -0.9979985356330872, 1.5680618286132812], [-0.9991769194602966, 0.007947009056806564, 0.039781536906957626, 0.0443267822265625], [0.0, 0.0, 0.0, 1.0]], [[-0.9231855273246765, 0.3819701373577118, 0.04274651035666466, 1.16064453125], [-0.03516027331352234, 0.026822084560990334, -0.9990216493606567, 1.547811508178711], [-0.3827430009841919, -0.9237853288650513, -0.011331590823829174, -0.043701171875], [0.0, 0.0, 0.0, 1.0]]], "view": [[0.0, -2.0, 100.0], [-2.0, 0.0, 100.0], [0.0, 0.0, 1.0]], "bev": "bev_8e7b28285b814dbe994f92c48e4d4880.png", "aux": "aux_8e7b28285b814dbe994f92c48e4d4880.npz", "visibility": "visibility_8e7b28285b814dbe994f92c48e4d4880.png", "pose": [[-0.8941262364387512, -0.44781503081321716, 0.0, 309.1878967285156], [0.44781503081321716, -0.8941262364387512, 0.0, 668.66796875], [0.0, 0.0, 1.0, 0.0], [0.0, 0.0, 0.0, 1.0]], "pose_inverse": [[-0.8941262364387512, 0.44781503081321716, 0.0, -22.986570358276367], [-0.44781503081321716, -0.8941262364387512, 0.0, 736.3325805664062], [0.0, 0.0, 1.0, 0.0], [0.0, 0.0, 0.0, 1.0]], "cam_ids": [0, 1, 2, 3, 4, 5], "cam_channels": ["CAM_FRONT_LEFT", "CAM_FRONT", "CAM_FRONT_RIGHT", "CAM_BACK_LEFT", "CAM_BACK", "CAM_BACK_RIGHT"], "token": "8e7b28285b814dbe994f92c48e4d4880", "scene": "scene-0759"}, {"images": ["samples/CAM_FRONT_LEFT/n008-2018-08-30-15-16-55-0400__CAM_FRONT_LEFT__1535657150254799.jpg", "samples/CAM_FRONT/n008-2018-08-30-15-16-55-0400__CAM_FRONT__1535657150262404.jpg", "samples/CAM_FRONT_RIGHT/n008-2018-08-30-15-16-55-0400__CAM_FRONT_RIGHT__1535657150270482.jpg", "samples/CAM_BACK_LEFT/n008-2018-08-30-15-16-55-0400__CAM_BACK_LEFT__1535657150297405.jpg", "samples/CAM_BACK/n008-2018-08-30-15-16-55-0400__CAM_BACK__1535657150287558.jpg", "samples/CAM_BACK_RIGHT/n008-2018-08-30-15-16-55-0400__CAM_BACK_RIGHT__1535657150278113.jpg"], "intrinsics": [[[1257.8625342125129, 0.0, 827.2410631095686], [0.0, 1257.8625342125129, 450.915498205774], [0.0, 0.0, 1.0]], [[1252.8131021185304, 0.0, 826.588114781398], [0.0, 1252.8131021185304, 469.9846626224581], [0.0, 0.0, 1.0]], [[1256.7485116440405, 0.0, 817.7887570959712], [0.0, 1256.7485116440403, 451.9541780095127], [0.0, 0.0, 1.0]], [[1254.9860565800168, 0.0, 829.5769333630991], [0.0, 1254.9860565800168, 467.1680561863987], [0.0, 0.0, 1.0]], [[796.8910634503094, 0.0, 857.7774326863696], [0.0, 796.8910634503094, 476.8848988407415], [0.0, 0.0, 1.0]], [[1249.9629280788233, 0.0, 825.3768045375984], [0.0, 1249.9629280788233, 462.54816385708756], [0.0, 0.0, 1.0]]], "extrinsics": [[[0.821793258190155, -0.5673584938049316, -0.05253811180591583, -1.00506591796875], [-0.02602381817996502, 0.054736703634262085, -0.9981616139411926, 1.4882965087890625], [0.5691912770271301, 0.8216497302055359, 0.03021741472184658, -1.33331298828125], [0.0, 0.0, 0.0, 1.0]], [[0.009527100250124931, -0.9986599683761597, -0.05086800828576088, 0.00543212890625], [-0.02408022992312908, 0.05062643811106682, -0.9984273314476013, 1.48016357421875], [0.9996646642684937, 0.010736996307969093, -0.023565636947751045, -1.7346830368041992], [0.0, 0.0, 0.0, 1.0]], [[-0.8442253470420837, -0.5359142422676086, -0.00892352033406496, 1.090667724609375], [-0.01606743596494198, 0.041945233941078186, -0.9989907145500183, 1.493072509765625], [0.5357476472854614, -0.8432298898696899, -0.04402199760079384, -1.2774658203125], [0.0, 0.0, 0.0, 1.0]], [[0.9474026560783386, 0.31934842467308044, -0.021090751513838768, -1.1439208984375], [-0.04145120456814766, 0.05709373578429222, -0.9975079298019409, 1.562042236328125], [-0.317348450422287, 0.945915937423706, 0.06732813268899918, -0.1561279296875], [0.0, 0.0, 0.0, 1.0]], [[0.009907263331115246, 0.9987388849258423, 0.049218811094760895, -0.02886962890625], [-0.039321091026067734, 0.04957227036356926, -0.9979962110519409, 1.5680618286132812], [-0.9991775155067444, 0.00795211922377348, 0.03976263478398323, 0.04428672790527344], [0.0, 0.0, 0.0, 1.0]], [[-0.9231852293014526, 0.3819723427295685, 0.04273402690887451, 1.16064453125], [-0.03512146696448326, 0.026883073151111603, -0.9990213513374329, 1.547811508178711], [-0.3827473521232605, -0.9237826466560364, -0.01140262745320797, -0.04364013671875], [0.0, 0.0, 0.0, 1.0]]], "view": [[0.0, -2.0, 100.0], [-2.0, 0.0, 100.0], [0.0, 0.0, 1.0]], "bev": "bev_f18f00b922a34400b907b4efa3687c0e.png", "aux": "aux_f18f00b922a34400b907b4efa3687c0e.npz", "visibility": "visibility_f18f00b922a34400b907b4efa3687c0e.png", "pose": [[-0.8941307067871094, -0.44780611991882324, 0.0, 309.18792724609375], [0.44780611991882324, -0.8941307067871094, 0.0, 668.66796875], [0.0, 0.0, 1.0, 0.0], [0.0, 0.0, 0.0, 1.0]], "pose_inverse": [[-0.8941307067871094, 0.44780611991882324, 0.0, -22.97919273376465], [-0.44780611991882324, -0.8941307067871094, 0.0, 736.332763671875], [0.0, 0.0, 1.0, 0.0], [0.0, 0.0, 0.0, 1.0]], "cam_ids": [0, 1, 2, 3, 4, 5], "cam_channels": ["CAM_FRONT_LEFT", "CAM_FRONT", "CAM_FRONT_RIGHT", "CAM_BACK_LEFT", "CAM_BACK", "CAM_BACK_RIGHT"], "token": "f18f00b922a34400b907b4efa3687c0e", "scene": "scene-0759"}, {"images": ["samples/CAM_FRONT_LEFT/n008-2018-08-30-15-16-55-0400__CAM_FRONT_LEFT__1535657150754799.jpg", "samples/CAM_FRONT/n008-2018-08-30-15-16-55-0400__CAM_FRONT__1535657150762404.jpg", "samples/CAM_FRONT_RIGHT/n008-2018-08-30-15-16-55-0400__CAM_FRONT_RIGHT__1535657150770482.jpg", "samples/CAM_BACK_LEFT/n008-2018-08-30-15-16-55-0400__CAM_BACK_LEFT__1535657150797405.jpg", "samples/CAM_BACK/n008-2018-08-30-15-16-55-0400__CAM_BACK__1535657150787558.jpg", "samples/CAM_BACK_RIGHT/n008-2018-08-30-15-16-55-0400__CAM_BACK_RIGHT__1535657150778113.jpg"], "intrinsics": [[[1257.8625342125129, 0.0, 827.2410631095686], [0.0, 1257.8625342125129, 450.915498205774], [0.0, 0.0, 1.0]], [[1252.8131021185304, 0.0, 826.588114781398], [0.0, 1252.8131021185304, 469.9846626224581], [0.0, 0.0, 1.0]], [[1256.7485116440405, 0.0, 817.7887570959712], [0.0, 1256.7485116440403, 451.9541780095127], [0.0, 0.0, 1.0]], [[1254.9860565800168, 0.0, 829.5769333630991], [0.0, 1254.9860565800168, 467.1680561863987], [0.0, 0.0, 1.0]], [[796.8910634503094, 0.0, 857.7774326863696], [0.0, 796.8910634503094, 476.8848988407415], [0.0, 0.0, 1.0]], [[1249.9629280788233, 0.0, 825.3768045375984], [0.0, 1249.9629280788233, 462.54816385708756], [0.0, 0.0, 1.0]]], "extrinsics": [[[0.8217684626579285, -0.5673822164535522, -0.05266915634274483, -1.005035400390625], [-0.02621992863714695, 0.05468185245990753, -0.9981595277786255, 1.4882926940917969], [0.5692179799079895, 0.821636974811554, 0.030059097334742546, -1.33331298828125], [0.0, 0.0, 0.0, 1.0]], [[0.009497388266026974, -0.9986630082130432, -0.0508137121796608, 0.00531005859375], [-0.024274498224258423, 0.0505707673728466, -0.9984254837036133, 1.48016357421875], [0.9996602535247803, 0.010715940035879612, -0.023761752992868423, -1.7347307205200195], [0.0, 0.0, 0.0, 1.0]], [[-0.8442341089248657, -0.5359037518501282, -0.008723532781004906, 1.09063720703125], [-0.01626254990696907, 0.041880883276462555, -0.9989902377128601, 1.4930706024169922], [0.5357279777526855, -0.8432396650314331, -0.04407242685556412, -1.27752685546875], [0.0, 0.0, 0.0, 1.0]], [[0.9473986029624939, 0.3193475604057312, -0.021284690126776695, -1.1439208984375], [-0.04162752628326416, 0.05701082572340965, -0.9975053071975708, 1.5620460510253906], [-0.3173374831676483, 0.9459211826324463, 0.06730563193559647, -0.15606689453125], [0.0, 0.0, 0.0, 1.0]], [[0.009919660165905952, 0.9987422227859497, 0.0491483248770237, -0.02886962890625], [-0.03951210156083107, 0.04950384795665741, -0.9979920387268066, 1.5680618286132812], [-0.9991698861122131, 0.007957767695188522, 0.03995347023010254, 0.04434967041015625], [0.0, 0.0, 0.0, 1.0]], [[-0.9231740236282349, 0.38198161125183105, 0.04289249703288078, 1.160675048828125], [-0.03531956672668457, 0.026818543672561646, -0.9990161061286926, 1.5478134155273438], [-0.3827560245990753, -0.9237807393074036, -0.011266757734119892, -0.043701171875], [0.0, 0.0, 0.0, 1.0]]], "view": [[0.0, -2.0, 100.0], [-2.0, 0.0, 100.0], [0.0, 0.0, 1.0]], "bev": "bev_82d81062c34d498c9df555210a448756.png", "aux": "aux_82d81062c34d498c9df555210a448756.npz", "visibility": "visibility_82d81062c34d498c9df555210a448756.png", "pose": [[-0.8941386938095093, -0.44779011607170105, 0.0, 309.18792724609375], [0.44779011607170105, -0.8941386938095093, 0.0, 668.66796875], [0.0, 0.0, 1.0, 0.0], [0.0, 0.0, 0.0, 1.0]], "pose_inverse": [[-0.8941386938095093, 0.44779011607170105, 0.0, -22.96601676940918], [-0.44779011607170105, -0.8941386938095093, 0.0, 736.3331909179688], [0.0, 0.0, 1.0, 0.0], [0.0, 0.0, 0.0, 1.0]], "cam_ids": [0, 1, 2, 3, 4, 5], "cam_channels": ["CAM_FRONT_LEFT", "CAM_FRONT", "CAM_FRONT_RIGHT", "CAM_BACK_LEFT", "CAM_BACK", "CAM_BACK_RIGHT"], "token": "82d81062c34d498c9df555210a448756", "scene": "scene-0759"}, {"images": ["samples/CAM_FRONT_LEFT/n008-2018-08-30-15-16-55-0400__CAM_FRONT_LEFT__1535657151154807.jpg", "samples/CAM_FRONT/n008-2018-08-30-15-16-55-0400__CAM_FRONT__1535657151162404.jpg", "samples/CAM_FRONT_RIGHT/n008-2018-08-30-15-16-55-0400__CAM_FRONT_RIGHT__1535657151170482.jpg", "samples/CAM_BACK_LEFT/n008-2018-08-30-15-16-55-0400__CAM_BACK_LEFT__1535657151197405.jpg", "samples/CAM_BACK/n008-2018-08-30-15-16-55-0400__CAM_BACK__1535657151187558.jpg", "samples/CAM_BACK_RIGHT/n008-2018-08-30-15-16-55-0400__CAM_BACK_RIGHT__1535657151178113.jpg"], "intrinsics": [[[1257.8625342125129, 0.0, 827.2410631095686], [0.0, 1257.8625342125129, 450.915498205774], [0.0, 0.0, 1.0]], [[1252.8131021185304, 0.0, 826.588114781398], [0.0, 1252.8131021185304, 469.9846626224581], [0.0, 0.0, 1.0]], [[1256.7485116440405, 0.0, 817.7887570959712], [0.0, 1256.7485116440403, 451.9541780095127], [0.0, 0.0, 1.0]], [[1254.9860565800168, 0.0, 829.5769333630991], [0.0, 1254.9860565800168, 467.1680561863987], [0.0, 0.0, 1.0]], [[796.8910634503094, 0.0, 857.7774326863696], [0.0, 796.8910634503094, 476.8848988407415], [0.0, 0.0, 1.0]], [[1249.9629280788233, 0.0, 825.3768045375984], [0.0, 1249.9629280788233, 462.54816385708756], [0.0, 0.0, 1.0]]], "extrinsics": [[[0.8217856287956238, -0.5673622488975525, -0.0526169016957283, -1.00506591796875], [-0.026245443150401115, 0.05455468222498894, -0.9981657862663269, 1.4882965087890625], [0.5691921710968018, 0.8216592073440552, 0.02994157373905182, -1.333251953125], [0.0, 0.0, 0.0, 1.0]], [[0.009524083696305752, -0.9986689686775208, -0.0506909005343914, 0.00537109375], [-0.024296171963214874, 0.05044712871313095, -0.9984312057495117, 1.48016357421875], [0.9996594786643982, 0.010740751400589943, -0.0237833671271801, -1.7346982955932617], [0.0, 0.0, 0.0, 1.0]], [[-0.8442226648330688, -0.5359230041503906, -0.008647358976304531, 1.090667724609375], [-0.016278209164738655, 0.041761789470911026, -0.9989949464797974, 1.4930706024169922], [0.5357455015182495, -0.8432334661483765, -0.04398011043667793, -1.2774658203125], [0.0, 0.0, 0.0, 1.0]], [[0.9473944306373596, 0.3193601369857788, -0.0212839487940073, -1.1439361572265625], [-0.041594021022319794, 0.056910477578639984, -0.9975124597549438, 1.5620384216308594], [-0.3173544704914093, 0.9459230303764343, 0.06720013171434402, -0.1561279296875], [0.0, 0.0, 0.0, 1.0]], [[0.00990335177630186, 0.998747706413269, 0.049041543155908585, -0.02886962890625], [-0.039487238973379135, 0.049396295100450516, -0.9979983568191528, 1.5680618286132812], [-0.9991710782051086, 0.007947015576064587, 0.03992697596549988, 0.044322967529296875], [0.0, 0.0, 0.0, 1.0]], [[-0.9231800436973572, 0.3819721043109894, 0.042847126722335815, 1.160675048828125], [-0.03531955927610397, 0.026700375601649284, -0.9990193247795105, 1.5478134155273438], [-0.3827415108680725, -0.9237880706787109, -0.011158169247210026, -0.04376220703125], [0.0, 0.0, 0.0, 1.0]]], "view": [[0.0, -2.0, 100.0], [-2.0, 0.0, 100.0], [0.0, 0.0, 1.0]], "bev": "bev_e650eaf230844694949ea20c64412d80.png", "aux": "aux_e650eaf230844694949ea20c64412d80.npz", "visibility": "visibility_e650eaf230844694949ea20c64412d80.png", "pose": [[-0.8941435813903809, -0.44778043031692505, 0.0, 309.1878967285156], [0.44778043031692505, -0.8941435813903809, 0.0, 668.66796875], [0.0, 0.0, 1.0, 0.0], [0.0, 0.0, 0.0, 1.0]], "pose_inverse": [[-0.8941435813903809, 0.44778043031692505, 0.0, -22.95805549621582], [-0.44778043031692505, -0.8941435813903809, 0.0, 736.3334350585938], [0.0, 0.0, 1.0, 0.0], [0.0, 0.0, 0.0, 1.0]], "cam_ids": [0, 1, 2, 3, 4, 5], "cam_channels": ["CAM_FRONT_LEFT", "CAM_FRONT", "CAM_FRONT_RIGHT", "CAM_BACK_LEFT", "CAM_BACK", "CAM_BACK_RIGHT"], "token": "e650eaf230844694949ea20c64412d80", "scene": "scene-0759"}, {"images": ["samples/CAM_FRONT_LEFT/n008-2018-08-30-15-16-55-0400__CAM_FRONT_LEFT__1535657151604799.jpg", "samples/CAM_FRONT/n008-2018-08-30-15-16-55-0400__CAM_FRONT__1535657151612404.jpg", "samples/CAM_FRONT_RIGHT/n008-2018-08-30-15-16-55-0400__CAM_FRONT_RIGHT__1535657151620482.jpg", "samples/CAM_BACK_LEFT/n008-2018-08-30-15-16-55-0400__CAM_BACK_LEFT__1535657151647405.jpg", "samples/CAM_BACK/n008-2018-08-30-15-16-55-0400__CAM_BACK__1535657151637558.jpg", "samples/CAM_BACK_RIGHT/n008-2018-08-30-15-16-55-0400__CAM_BACK_RIGHT__1535657151628113.jpg"], "intrinsics": [[[1257.8625342125129, 0.0, 827.2410631095686], [0.0, 1257.8625342125129, 450.915498205774], [0.0, 0.0, 1.0]], [[1252.8131021185304, 0.0, 826.588114781398], [0.0, 1252.8131021185304, 469.9846626224581], [0.0, 0.0, 1.0]], [[1256.7485116440405, 0.0, 817.7887570959712], [0.0, 1256.7485116440403, 451.9541780095127], [0.0, 0.0, 1.0]], [[1254.9860565800168, 0.0, 829.5769333630991], [0.0, 1254.9860565800168, 467.1680561863987], [0.0, 0.0, 1.0]], [[796.8910634503094, 0.0, 857.7774326863696], [0.0, 796.8910634503094, 476.8848988407415], [0.0, 0.0, 1.0]], [[1249.9629280788233, 0.0, 825.3768045375984], [0.0, 1249.9629280788233, 462.54816385708756], [0.0, 0.0, 1.0]]], "extrinsics": [[[0.8218048214912415, -0.5673392415046692, -0.05256510525941849, -1.005096435546875], [-0.026232967153191566, 0.05448333919048309, -0.998170018196106, 1.4883003234863281], [0.5691649913787842, 0.8216798305511475, 0.02989167533814907, -1.333251953125], [0.0, 0.0, 0.0, 1.0]], [[0.00955273024737835, -0.9986730217933655, -0.050607409328222275, 0.00537109375], [-0.02428712137043476, 0.05036306753754616, -0.9984356760978699, 1.48016357421875], [0.9996594190597534, 0.01076692994683981, -0.023773783817887306, -1.7347211837768555], [0.0, 0.0, 0.0, 1.0]], [[-0.8442099094390869, -0.5359438061714172, -0.008600812405347824, 1.09063720703125], [-0.016276895999908447, 0.041671011596918106, -0.998998761177063, 1.4930706024169922], [0.5357655882835388, -0.8432247042655945, -0.04390257969498634, -1.27752685546875], [0.0, 0.0, 0.0, 1.0]], [[0.9473922252655029, 0.3193605840206146, -0.021377351135015488, -1.1439208984375], [-0.04165405035018921, 0.056796181946992874, -0.9975165128707886, 1.562042236328125], [-0.3173532485961914, 0.9459297060966492, 0.06711091101169586, -0.15594482421875], [0.0, 0.0, 0.0, 1.0]], [[0.009894768707454205, 0.9987531304359436, 0.04893238842487335, -0.0289306640625], [-0.03952598571777344, 0.04928719252347946, -0.9980022311210632, 1.5680618286132812], [-0.9991695284843445, 0.007940954528748989, 0.03996438905596733, 0.04431343078613281], [0.0, 0.0, 0.0, 1.0]], [[-0.9231866598129272, 0.38195908069610596, 0.042820483446121216, 1.16064453125], [-0.03533538058400154, 0.02659299224615097, -0.9990216493606567, 1.5478134155273438], [-0.38272401690483093, -0.923796534538269, -0.011053632013499737, -0.043701171875], [0.0, 0.0, 0.0, 1.0]]], "view": [[0.0, -2.0, 100.0], [-2.0, 0.0, 100.0], [0.0, 0.0, 1.0]], "bev": "bev_fd1f9c77e79f4dd4b8cf1e92d8bc92cf.png", "aux": "aux_fd1f9c77e79f4dd4b8cf1e92d8bc92cf.npz", "visibility": "visibility_fd1f9c77e79f4dd4b8cf1e92d8bc92cf.png", "pose": [[-0.8941656351089478, -0.44773638248443604, 0.0, 309.1878662109375], [0.44773638248443604, -0.8941656351089478, 0.0, 668.6680297851562], [0.0, 0.0, 1.0, 0.0], [0.0, 0.0, 0.0, 1.0]], "pose_inverse": [[-0.8941656351089478, 0.44773638248443604, 0.0, -22.921842575073242], [-0.44773638248443604, -0.8941656351089478, 0.0, 736.3345947265625], [0.0, 0.0, 1.0, 0.0], [0.0, 0.0, 0.0, 1.0]], "cam_ids": [0, 1, 2, 3, 4, 5], "cam_channels": ["CAM_FRONT_LEFT", "CAM_FRONT", "CAM_FRONT_RIGHT", "CAM_BACK_LEFT", "CAM_BACK", "CAM_BACK_RIGHT"], "token": "fd1f9c77e79f4dd4b8cf1e92d8bc92cf", "scene": "scene-0759"}, {"images": ["samples/CAM_FRONT_LEFT/n008-2018-08-30-15-16-55-0400__CAM_FRONT_LEFT__1535657152104799.jpg", "samples/CAM_FRONT/n008-2018-08-30-15-16-55-0400__CAM_FRONT__1535657152112404.jpg", "samples/CAM_FRONT_RIGHT/n008-2018-08-30-15-16-55-0400__CAM_FRONT_RIGHT__1535657152120482.jpg", "samples/CAM_BACK_LEFT/n008-2018-08-30-15-16-55-0400__CAM_BACK_LEFT__1535657152147405.jpg", "samples/CAM_BACK/n008-2018-08-30-15-16-55-0400__CAM_BACK__1535657152137558.jpg", "samples/CAM_BACK_RIGHT/n008-2018-08-30-15-16-55-0400__CAM_BACK_RIGHT__1535657152128113.jpg"], "intrinsics": [[[1257.8625342125129, 0.0, 827.2410631095686], [0.0, 1257.8625342125129, 450.915498205774], [0.0, 0.0, 1.0]], [[1252.8131021185304, 0.0, 826.588114781398], [0.0, 1252.8131021185304, 469.9846626224581], [0.0, 0.0, 1.0]], [[1256.7485116440405, 0.0, 817.7887570959712], [0.0, 1256.7485116440403, 451.9541780095127], [0.0, 0.0, 1.0]], [[1254.9860565800168, 0.0, 829.5769333630991], [0.0, 1254.9860565800168, 467.1680561863987], [0.0, 0.0, 1.0]], [[796.8910634503094, 0.0, 857.7774326863696], [0.0, 796.8910634503094, 476.8848988407415], [0.0, 0.0, 1.0]], [[1249.9629280788233, 0.0, 825.3768045375984], [0.0, 1249.9629280788233, 462.54816385708756], [0.0, 0.0, 1.0]]], "extrinsics": [[[0.8217955827713013, -0.5673521757125854, -0.052568431943655014, -1.005035400390625], [-0.026253588497638702, 0.05445857718586922, -0.998170793056488, 1.4882926940917969], [0.5691772103309631, 0.8216726183891296, 0.029858792200684547, -1.33331298828125], [0.0, 0.0, 0.0, 1.0]], [[0.009538481011986732, -0.9986739754676819, -0.05058979243040085, 0.00543212890625], [-0.024310674518346786, 0.050345540046691895, -0.9984359741210938, 1.4801597595214844], [0.9996589422225952, 0.010753455571830273, -0.02379821613430977, -1.7346935272216797], [0.0, 0.0, 0.0, 1.0]], [[-0.8442162275314331, -0.5359342098236084, -0.008572394959628582, 1.09063720703125], [-0.01630363240838051, 0.041661087423563004, -0.998998761177063, 1.493072509765625], [0.5357547402381897, -0.843231201171875, -0.04390864074230194, -1.277587890625], [0.0, 0.0, 0.0, 1.0]], [[0.9473923444747925, 0.31935763359069824, -0.02141246199607849, -1.143951416015625], [-0.041691627353429794, 0.056798648089170456, -0.9975147247314453, 1.5620460510253906], [-0.3173477053642273, 0.945930540561676, 0.06712514162063599, -0.15606689453125], [0.0, 0.0, 0.0, 1.0]], [[0.0098997438326478, 0.9987531304359436, 0.048931170254945755, -0.02886962890625], [-0.03956014662981033, 0.04928644374012947, -0.9980008602142334, 1.5680618286132812], [-0.9991680979728699, 0.007944217883050442, 0.039998747408390045, 0.04431915283203125], [0.0, 0.0, 0.0, 1.0]], [[-0.9231822490692139, 0.38196641206741333, 0.04284977167844772, 1.16070556640625], [-0.03536852076649666, 0.026589279994368553, -0.999020516872406, 1.547811508178711], [-0.38273167610168457, -0.9237936735153198, -0.011037166230380535, -0.043701171875], [0.0, 0.0, 0.0, 1.0]]], "view": [[0.0, -2.0, 100.0], [-2.0, 0.0, 100.0], [0.0, 0.0, 1.0]], "bev": "bev_32091ffc49934de3a755efdbe048ec17.png", "aux": "aux_32091ffc49934de3a755efdbe048ec17.npz", "visibility": "visibility_32091ffc49934de3a755efdbe048ec17.png", "pose": [[-0.8941418528556824, -0.44778379797935486, 0.0, 309.1878662109375], [0.44778379797935486, -0.8941418528556824, 0.0, 668.66796875], [0.0, 0.0, 1.0, 0.0], [0.0, 0.0, 0.0, 1.0]], "pose_inverse": [[-0.8941418528556824, 0.44778379797935486, 0.0, -22.960861206054688], [-0.44778379797935486, -0.8941418528556824, 0.0, 736.3333129882812], [0.0, 0.0, 1.0, 0.0], [0.0, 0.0, 0.0, 1.0]], "cam_ids": [0, 1, 2, 3, 4, 5], "cam_channels": ["CAM_FRONT_LEFT", "CAM_FRONT", "CAM_FRONT_RIGHT", "CAM_BACK_LEFT", "CAM_BACK", "CAM_BACK_RIGHT"], "token": "32091ffc49934de3a755efdbe048ec17", "scene": "scene-0759"}, {"images": ["samples/CAM_FRONT_LEFT/n008-2018-08-30-15-16-55-0400__CAM_FRONT_LEFT__1535657152604799.jpg", "samples/CAM_FRONT/n008-2018-08-30-15-16-55-0400__CAM_FRONT__1535657152612404.jpg", "samples/CAM_FRONT_RIGHT/n008-2018-08-30-15-16-55-0400__CAM_FRONT_RIGHT__1535657152620482.jpg", "samples/CAM_BACK_LEFT/n008-2018-08-30-15-16-55-0400__CAM_BACK_LEFT__1535657152647405.jpg", "samples/CAM_BACK/n008-2018-08-30-15-16-55-0400__CAM_BACK__1535657152637558.jpg", "samples/CAM_BACK_RIGHT/n008-2018-08-30-15-16-55-0400__CAM_BACK_RIGHT__1535657152628113.jpg"], "intrinsics": [[[1257.8625342125129, 0.0, 827.2410631095686], [0.0, 1257.8625342125129, 450.915498205774], [0.0, 0.0, 1.0]], [[1252.8131021185304, 0.0, 826.588114781398], [0.0, 1252.8131021185304, 469.9846626224581], [0.0, 0.0, 1.0]], [[1256.7485116440405, 0.0, 817.7887570959712], [0.0, 1256.7485116440403, 451.9541780095127], [0.0, 0.0, 1.0]], [[1254.9860565800168, 0.0, 829.5769333630991], [0.0, 1254.9860565800168, 467.1680561863987], [0.0, 0.0, 1.0]], [[796.8910634503094, 0.0, 857.7774326863696], [0.0, 796.8910634503094, 476.8848988407415], [0.0, 0.0, 1.0]], [[1249.9629280788233, 0.0, 825.3768045375984], [0.0, 1249.9629280788233, 462.54816385708756], [0.0, 0.0, 1.0]]], "extrinsics": [[[0.8217844367027283, -0.5673622488975525, -0.05263485759496689, -1.005035400390625], [-0.026355065405368805, 0.05442791432142258, -0.9981698393821716, 1.4882926940917969], [0.5691887140274048, 0.8216676115989685, 0.029775142669677734, -1.33331298828125], [0.0, 0.0, 0.0, 1.0]], [[0.009526928886771202, -0.9986753463745117, -0.050564106553792953, 0.00531005859375], [-0.024427393451333046, 0.0503188818693161, -0.9984344244003296, 1.48016357421875], [0.9996561408042908, 0.010747142136096954, -0.023915650323033333, -1.734665870666504], [0.0, 0.0, 0.0, 1.0]], [[-0.8442179560661316, -0.5359334349632263, -0.008448028936982155, 1.090606689453125], [-0.016436530277132988, 0.041638702154159546, -0.9989975094795227, 1.4930706024169922], [0.5357479453086853, -0.8432328104972839, -0.04396102949976921, -1.277587890625], [0.0, 0.0, 0.0, 1.0]], [[0.9473882913589478, 0.3193613588809967, -0.021534394472837448, -1.143890380859375], [-0.041811686009168625, 0.05677299574017525, -0.9975112080574036, 1.562042236328125], [-0.3173440098762512, 0.9459308385848999, 0.06713910400867462, -0.15606689453125], [0.0, 0.0, 0.0, 1.0]], [[0.009902814403176308, 0.9987545609474182, 0.04889935255050659, -0.02880859375], [-0.03968724235892296, 0.04925578460097313, -0.9979974031448364, 1.5680618286132812], [-0.9991631507873535, 0.007942265830934048, 0.040125589817762375, 0.04431915283203125], [0.0, 0.0, 0.0, 1.0]], [[-0.923177182674408, 0.38196682929992676, 0.04295535758137703, 1.160675048828125], [-0.03549357131123543, 0.026563210412859917, -0.9990168213844299, 1.547811508178711], [-0.3827322721481323, -0.9237942099571228, -0.010965186171233654, -0.04364013671875], [0.0, 0.0, 0.0, 1.0]]], "view": [[0.0, -2.0, 100.0], [-2.0, 0.0, 100.0], [0.0, 0.0, 1.0]], "bev": "bev_2bafabb4cb47458ebd79117485b9c589.png", "aux": "aux_2bafabb4cb47458ebd79117485b9c589.npz", "visibility": "visibility_2bafabb4cb47458ebd79117485b9c589.png", "pose": [[-0.8941251039505005, -0.44781723618507385, 0.0, 309.1878967285156], [0.44781723618507385, -0.8941251039505005, 0.0, 668.66796875], [0.0, 0.0, 1.0, 0.0], [0.0, 0.0, 0.0, 1.0]], "pose_inverse": [[-0.8941251039505005, 0.44781723618507385, 0.0, -22.988370895385742], [-0.44781723618507385, -0.8941251039505005, 0.0, 736.33251953125], [0.0, 0.0, 1.0, 0.0], [0.0, 0.0, 0.0, 1.0]], "cam_ids": [0, 1, 2, 3, 4, 5], "cam_channels": ["CAM_FRONT_LEFT", "CAM_FRONT", "CAM_FRONT_RIGHT", "CAM_BACK_LEFT", "CAM_BACK", "CAM_BACK_RIGHT"], "token": "2bafabb4cb47458ebd79117485b9c589", "scene": "scene-0759"}, {"images": ["samples/CAM_FRONT_LEFT/n008-2018-08-30-15-16-55-0400__CAM_FRONT_LEFT__1535657153104799.jpg", "samples/CAM_FRONT/n008-2018-08-30-15-16-55-0400__CAM_FRONT__1535657153112404.jpg", "samples/CAM_FRONT_RIGHT/n008-2018-08-30-15-16-55-0400__CAM_FRONT_RIGHT__1535657153120482.jpg", "samples/CAM_BACK_LEFT/n008-2018-08-30-15-16-55-0400__CAM_BACK_LEFT__1535657153147405.jpg", "samples/CAM_BACK/n008-2018-08-30-15-16-55-0400__CAM_BACK__1535657153137558.jpg", "samples/CAM_BACK_RIGHT/n008-2018-08-30-15-16-55-0400__CAM_BACK_RIGHT__1535657153128113.jpg"], "intrinsics": [[[1257.8625342125129, 0.0, 827.2410631095686], [0.0, 1257.8625342125129, 450.915498205774], [0.0, 0.0, 1.0]], [[1252.8131021185304, 0.0, 826.588114781398], [0.0, 1252.8131021185304, 469.9846626224581], [0.0, 0.0, 1.0]], [[1256.7485116440405, 0.0, 817.7887570959712], [0.0, 1256.7485116440403, 451.9541780095127], [0.0, 0.0, 1.0]], [[1254.9860565800168, 0.0, 829.5769333630991], [0.0, 1254.9860565800168, 467.1680561863987], [0.0, 0.0, 1.0]], [[796.8910634503094, 0.0, 857.7774326863696], [0.0, 796.8910634503094, 476.8848988407415], [0.0, 0.0, 1.0]], [[1249.9629280788233, 0.0, 825.3768045375984], [0.0, 1249.9629280788233, 462.54816385708756], [0.0, 0.0, 1.0]]], "extrinsics": [[[0.8217728734016418, -0.5673683881759644, -0.0527493841946125, -1.00506591796875], [-0.026528429239988327, 0.05437808111310005, -0.9981679916381836, 1.4882926940917969], [0.5691973567008972, 0.8216666579246521, 0.02963503636419773, -1.333251953125], [0.0, 0.0, 0.0, 1.0]], [[0.009519693441689014, -0.9986780285835266, -0.05051184073090553, 0.00543212890625], [-0.024564100429415703, 0.05026533082127571, -0.9984337687492371, 1.48016357421875], [0.9996529817581177, 0.01074556540697813, -0.024053119122982025, -1.7346954345703125], [0.0, 0.0, 0.0, 1.0]], [[-0.8442170023918152, -0.535936713218689, -0.008334784768521786, 1.090606689453125], [-0.01653423346579075, 0.04158123955130577, -0.9989982843399048, 1.493072509765625], [0.5357464551925659, -0.8432335257530212, -0.043964892625808716, -1.27752685546875], [0.0, 0.0, 0.0, 1.0]], [[0.9473848342895508, 0.31936436891555786, -0.021640595048666, -1.1439056396484375], [-0.04190036654472351, 0.0567033551633358, -0.9975114464759827, 1.5620384216308594], [-0.31734251976013184, 0.945933997631073, 0.067101389169693, -0.15606689453125], [0.0, 0.0, 0.0, 1.0]], [[0.00990271382033825, 0.998757541179657, 0.048839133232831955, -0.02886962890625], [-0.03977471590