[{"images": ["samples/CAM_FRONT_LEFT/n008-2018-09-18-14-54-39-0400__CAM_FRONT_LEFT__1537297003854799.jpg", "samples/CAM_FRONT/n008-2018-09-18-14-54-39-0400__CAM_FRONT__1537297003862404.jpg", "samples/CAM_FRONT_RIGHT/n008-2018-09-18-14-54-39-0400__CAM_FRONT_RIGHT__1537297003870482.jpg", "samples/CAM_BACK_LEFT/n008-2018-09-18-14-54-39-0400__CAM_BACK_LEFT__1537297003897405.jpg", "samples/CAM_BACK/n008-2018-09-18-14-54-39-0400__CAM_BACK__1537297003887558.jpg", "samples/CAM_BACK_RIGHT/n008-2018-09-18-14-54-39-0400__CAM_BACK_RIGHT__1537297003878113.jpg"], "intrinsics": [[[1257.8625342125129, 0.0, 827.2410631095686], [0.0, 1257.8625342125129, 450.915498205774], [0.0, 0.0, 1.0]], [[1252.8131021185304, 0.0, 826.588114781398], [0.0, 1252.8131021185304, 469.9846626224581], [0.0, 0.0, 1.0]], [[1256.7485116440405, 0.0, 817.7887570959712], [0.0, 1256.7485116440403, 451.9541780095127], [0.0, 0.0, 1.0]], [[1254.9860565800168, 0.0, 829.5769333630991], [0.0, 1254.9860565800168, 467.1680561863987], [0.0, 0.0, 1.0]], [[796.8910634503094, 0.0, 857.7774326863696], [0.0, 796.8910634503094, 476.8848988407415], [0.0, 0.0, 1.0]], [[1249.9629280788233, 0.0, 825.3768045375984], [0.0, 1249.9629280788233, 462.54816385708756], [0.0, 0.0, 1.0]]], "extrinsics": [[[0.8225492238998413, -0.5686606764793396, -0.006161284167319536, -1.0050048828125], [0.010454554110765457, 0.025952663272619247, -0.9996085166931152, 1.4882965087890625], [0.5685978531837463, 0.8221627473831177, 0.027292432263493538, -1.3333740234375], [0.0, 0.0, 0.0, 1.0]], [[0.010293401777744293, -0.9997110962867737, -0.02171809785068035, 0.00537109375], [0.012407537549734116, 0.021845269948244095, -0.9996843338012695, 1.4801654815673828], [0.9998700618743896, 0.010020646266639233, 0.012628816068172455, -1.734771728515625], [0.0, 0.0, 0.0, 1.0]], [[-0.8439168334007263, -0.5359233021736145, -0.024302035570144653, 1.0906982421875], [0.020433807745575905, 0.01315565500408411, -0.9997045993804932, 1.493072509765625], [0.536084771156311, -0.8441641330718994, -0.0001513242459623143, -1.277587890625], [0.0, 0.0, 0.0, 1.0]], [[0.9478815793991089, 0.31859320402145386, 0.004341170657426119, -1.1439590454101562], [-0.004951541777700186, 0.028352292254567146, -0.999585747718811, 1.562042236328125], [-0.3185843527317047, 0.9474674463272095, 0.02845214307308197, -0.156005859375], [0.0, 0.0, 0.0, 1.0]], [[0.00917673110961914, 0.9997418522834778, 0.020787328481674194, -0.0286865234375], [-0.0028128228150308132, 0.02081393077969551, -0.9997793436050415, 1.5680618286132812], [-0.9999540448188782, 0.009116295725107193, 0.0030031001660972834, 0.04437255859375], [0.0, 0.0, 0.0, 1.0]], [[-0.9237171411514282, 0.383070170879364, -0.002008050447329879, 1.1607666015625], [0.0013829359086230397, -0.0019072333816438913, -0.9999971985816956, 1.547811508178711], [-0.3830728530883789, -0.9237172603607178, 0.0012319821398705244, -0.0435791015625], [0.0, 0.0, 0.0, 1.0]]], "view": [[0.0, -2.0, 100.0], [-2.0, 0.0, 100.0], [0.0, 0.0, 1.0]], "bev": "bev_5f9dc902d6d84566b077a1bc3721feac.png", "aux": "aux_5f9dc902d6d84566b077a1bc3721feac.npz", "visibility": "visibility_5f9dc902d6d84566b077a1bc3721feac.png", "pose": [[0.755752444267273, 0.6548574566841125, 0.0, 759.5643310546875], [-0.6548574566841125, 0.755752444267273, 0.0, 1515.3946533203125], [0.0, 0.0, 1.0, 0.0], [0.0, 0.0, 0.0, 1.0]], "pose_inverse": [[0.755752444267273, -0.6548574566841125, 0.0, 418.32489013671875], [0.6548574566841125, 0.755752444267273, 0.0, -1642.6695556640625], [0.0, 0.0, 1.0, 0.0], [0.0, 0.0, 0.0, 1.0]], "cam_ids": [0, 1, 2, 3, 4, 5], "cam_channels": ["CAM_FRONT_LEFT", "CAM_FRONT", "CAM_FRONT_RIGHT", "CAM_BACK_LEFT", "CAM_BACK", "CAM_BACK_RIGHT"], "token": "5f9dc902d6d84566b077a1bc3721feac", "scene": "scene-0871"}, {"images": ["samples/CAM_FRONT_LEFT/n008-2018-09-18-14-54-39-0400__CAM_FRONT_LEFT__1537297004254799.jpg", "samples/CAM_FRONT/n008-2018-09-18-14-54-39-0400__CAM_FRONT__1537297004262404.jpg", "samples/CAM_FRONT_RIGHT/n008-2018-09-18-14-54-39-0400__CAM_FRONT_RIGHT__1537297004270482.jpg", "samples/CAM_BACK_LEFT/n008-2018-09-18-14-54-39-0400__CAM_BACK_LEFT__1537297004297405.jpg", "samples/CAM_BACK/n008-2018-09-18-14-54-39-0400__CAM_BACK__1537297004287558.jpg", "samples/CAM_BACK_RIGHT/n008-2018-09-18-14-54-39-0400__CAM_BACK_RIGHT__1537297004278113.jpg"], "intrinsics": [[[1257.8625342125129, 0.0, 827.2410631095686], [0.0, 1257.8625342125129, 450.915498205774], [0.0, 0.0, 1.0]], [[1252.8131021185304, 0.0, 826.588114781398], [0.0, 1252.8131021185304, 469.9846626224581], [0.0, 0.0, 1.0]], [[1256.7485116440405, 0.0, 817.7887570959712], [0.0, 1256.7485116440403, 451.9541780095127], [0.0, 0.0, 1.0]], [[1254.9860565800168, 0.0, 829.5769333630991], [0.0, 1254.9860565800168, 467.1680561863987], [0.0, 0.0, 1.0]], [[796.8910634503094, 0.0, 857.7774326863696], [0.0, 796.8910634503094, 476.8848988407415], [0.0, 0.0, 1.0]], [[1249.9629280788233, 0.0, 825.3768045375984], [0.0, 1249.9629280788233, 462.54816385708756], [0.0, 0.0, 1.0]]], "extrinsics": [[[0.8225492835044861, -0.5686591863632202, -0.006286227609962225, -1.005126953125], [0.01036029402166605, 0.026036007329821587, -0.9996073246002197, 1.4882965087890625], [0.5685994625091553, 0.8221611380577087, 0.02730737440288067, -1.3333740234375], [0.0, 0.0, 0.0, 1.0]], [[0.010297923348844051, -0.9997096061706543, -0.021786130964756012, 0.00537109375], [0.012311111204326153, 0.02191239222884178, -0.9996840953826904, 1.4801654815673828], [0.9998711943626404, 0.010026417672634125, 0.012533189728856087, -1.734710693359375], [0.0, 0.0, 0.0, 1.0]], [[-0.8439164757728577, -0.5359267592430115, -0.024240268394351006, 1.09051513671875], [0.02032976783812046, 0.013204268179833889, -0.9997060894966125, 1.4930734634399414], [0.536089301109314, -0.8441612720489502, -0.00024803404812701046, -1.277587890625], [0.0, 0.0, 0.0, 1.0]], [[0.9478821158409119, 0.3185928463935852, 0.004250507801771164, -1.1438980102539062], [-0.005047400016337633, 0.028353072702884674, -0.9995852112770081, 1.5620460510253906], [-0.318581223487854, 0.947467565536499, 0.0284834373742342, -0.1561279296875], [0.0, 0.0, 0.0, 1.0]], [[0.00917727779597044, 0.9997414350509644, 0.020805276930332184, -0.02880859375], [-0.0029349923133850098, 0.02083299495279789, -0.9997786283493042, 1.5680656433105469], [-0.9999536275863647, 0.009114202111959457, 0.003125421702861786, 0.044403076171875], [0.0, 0.0, 0.0, 1.0]], [[-0.9237188100814819, 0.38306641578674316, -0.0018887376645579934, 1.16058349609375], [0.0012681218795478344, -0.0018726380076259375, -0.9999974370002747, 1.54781174659729], [-0.3830689787864685, -0.9237188696861267, 0.0012440162245184183, -0.043701171875], [0.0, 0.0, 0.0, 1.0]]], "view": [[0.0, -2.0, 100.0], [-2.0, 0.0, 100.0], [0.0, 0.0, 1.0]], "bev": "bev_de4a1fabbbf24a38923e4910a82c427a.png", "aux": "aux_de4a1fabbbf24a38923e4910a82c427a.npz", "visibility": "visibility_de4a1fabbbf24a38923e4910a82c427a.png", "pose": [[0.7557882070541382, 0.6548161506652832, 0.0, 759.5643310546875], [-0.6548161506652832, 0.7557882070541382, 0.0, 1515.3946533203125], [0.0, 0.0, 1.0, 0.0], [0.0, 0.0, 0.0, 1.0]], "pose_inverse": [[0.7557882070541382, -0.6548161506652832, 0.0, 418.2351379394531], [0.6548161506652832, 0.7557882070541382, 0.0, -1642.6923828125], [0.0, 0.0, 1.0, 0.0], [0.0, 0.0, 0.0, 1.0]], "cam_ids": [0, 1, 2, 3, 4, 5], "cam_channels": ["CAM_FRONT_LEFT", "CAM_FRONT", "CAM_FRONT_RIGHT", "CAM_BACK_LEFT", "CAM_BACK", "CAM_BACK_RIGHT"], "token": "de4a1fabbbf24a38923e4910a82c427a", "scene": "scene-0871"}, {"images": ["samples/CAM_FRONT_LEFT/n008-2018-09-18-14-54-39-0400__CAM_FRONT_LEFT__1537297004754799.jpg", "samples/CAM_FRONT/n008-2018-09-18-14-54-39-0400__CAM_FRONT__1537297004762404.jpg", "samples/CAM_FRONT_RIGHT/n008-2018-09-18-14-54-39-0400__CAM_FRONT_RIGHT__1537297004770482.jpg", "samples/CAM_BACK_LEFT/n008-2018-09-18-14-54-39-0400__CAM_BACK_LEFT__1537297004797405.jpg", "samples/CAM_BACK/n008-2018-09-18-14-54-39-0400__CAM_BACK__1537297004787558.jpg", "samples/CAM_BACK_RIGHT/n008-2018-09-18-14-54-39-0400__CAM_BACK_RIGHT__1537297004778113.jpg"], "intrinsics": [[[1257.8625342125129, 0.0, 827.2410631095686], [0.0, 1257.8625342125129, 450.915498205774], [0.0, 0.0, 1.0]], [[1252.8131021185304, 0.0, 826.588114781398], [0.0, 1252.8131021185304, 469.9846626224581], [0.0, 0.0, 1.0]], [[1256.7485116440405, 0.0, 817.7887570959712], [0.0, 1256.7485116440403, 451.9541780095127], [0.0, 0.0, 1.0]], [[1254.9860565800168, 0.0, 829.5769333630991], [0.0, 1254.9860565800168, 467.1680561863987], [0.0, 0.0, 1.0]], [[796.8910634503094, 0.0, 857.7774326863696], [0.0, 796.8910634503094, 476.8848988407415], [0.0, 0.0, 1.0]], [[1249.9629280788233, 0.0, 825.3768045375984], [0.0, 1249.9629280788233, 462.54816385708756], [0.0, 0.0, 1.0]]], "extrinsics": [[[0.8225496411323547, -0.5686593651771545, -0.006218353286385536, -1.005126953125], [0.010455598123371601, 0.02605452388525009, -0.9996058344841003, 1.4882965087890625], [0.5685973167419434, 0.8221603631973267, 0.0273768100887537, -1.3333740234375], [0.0, 0.0, 0.0, 1.0]], [[0.010300764814019203, -0.9997090101242065, -0.021810544654726982, 0.00537109375], [0.012412206269800663, 0.02193785272538662, -0.9996823072433472, 1.4801654815673828], [0.9998699426651001, 0.010026758536696434, 0.012634571641683578, -1.73468017578125], [0.0, 0.0, 0.0, 1.0]], [[-0.843913733959198, -0.5359260439872742, -0.02434876188635826, 1.09051513671875], [0.02043553814291954, 0.013240091502666473, -0.9997035264968872, 1.4930734634399414], [0.5360895395278931, -0.8441610932350159, -0.00022155881742946804, -1.277587890625], [0.0, 0.0, 0.0, 1.0]], [[0.9478821158409119, 0.31859177350997925, 0.004341676365584135, -1.1439743041992188], [-0.004966073669493198, 0.028397222980856895, -0.9995843768119812, 1.5620384216308594], [-0.3185827136039734, 0.9474664926528931, 0.02849937044084072, -0.1561279296875], [0.0, 0.0, 0.0, 1.0]], [[0.009175696410238743, 0.9997404217720032, 0.020855072885751724, -0.0289306640625], [-0.002831574995070696, 0.02088184468448162, -0.9997779130935669, 1.5680618286132812], [-0.9999539256095886, 0.009114610031247139, 0.003022444201633334, 0.0443115234375], [0.0, 0.0, 0.0, 1.0]], [[-0.9237185716629028, 0.38306668400764465, -0.001973638078197837, 1.16058349609375], [0.001379064517095685, -0.0018267472041770816, -0.9999973773956299, 1.5478112697601318], [-0.3830692768096924, -0.9237188100814819, 0.0011591276852414012, -0.043701171875], [0.0, 0.0, 0.0, 1.0]]], "view": [[0.0, -2.0, 100.0], [-2.0, 0.0, 100.0], [0.0, 0.0, 1.0]], "bev": "bev_7d14baf165d6417cac20f37713ca0dc2.png", "aux": "aux_7d14baf165d6417cac20f37713ca0dc2.npz", "visibility": "visibility_7d14baf165d6417cac20f37713ca0dc2.png", "pose": [[0.7557583451271057, 0.6548506021499634, 0.0, 759.5643310546875], [-0.6548506021499634, 0.7557583451271057, 0.0, 1515.3946533203125], [0.0, 0.0, 1.0, 0.0], [0.0, 0.0, 0.0, 1.0]], "pose_inverse": [[0.7557583451271057, -0.6548506021499634, 0.0, 418.30999755859375], [0.6548506021499634, 0.7557583451271057, 0.0, -1642.67333984375], [0.0, 0.0, 1.0, 0.0], [0.0, 0.0, 0.0, 1.0]], "cam_ids": [0, 1, 2, 3, 4, 5], "cam_channels": ["CAM_FRONT_LEFT", "CAM_FRONT", "CAM_FRONT_RIGHT", "CAM_BACK_LEFT", "CAM_BACK", "CAM_BACK_RIGHT"], "token": "7d14baf165d6417cac20f37713ca0dc2", "scene": "scene-0871"}, {"images": ["samples/CAM_FRONT_LEFT/n008-2018-09-18-14-54-39-0400__CAM_FRONT_LEFT__1537297005254799.jpg", "samples/CAM_FRONT/n008-2018-09-18-14-54-39-0400__CAM_FRONT__1537297005262404.jpg", "samples/CAM_FRONT_RIGHT/n008-2018-09-18-14-54-39-0400__CAM_FRONT_RIGHT__1537297005270482.jpg", "samples/CAM_BACK_LEFT/n008-2018-09-18-14-54-39-0400__CAM_BACK_LEFT__1537297005297405.jpg", "samples/CAM_BACK/n008-2018-09-18-14-54-39-0400__CAM_BACK__1537297005287558.jpg", "samples/CAM_BACK_RIGHT/n008-2018-09-18-14-54-39-0400__CAM_BACK_RIGHT__1537297005278113.jpg"], "intrinsics": [[[1257.8625342125129, 0.0, 827.2410631095686], [0.0, 1257.8625342125129, 450.915498205774], [0.0, 0.0, 1.0]], [[1252.8131021185304, 0.0, 826.588114781398], [0.0, 1252.8131021185304, 469.9846626224581], [0.0, 0.0, 1.0]], [[1256.7485116440405, 0.0, 817.7887570959712], [0.0, 1256.7485116440403, 451.9541780095127], [0.0, 0.0, 1.0]], [[1254.9860565800168, 0.0, 829.5769333630991], [0.0, 1254.9860565800168, 467.1680561863987], [0.0, 0.0, 1.0]], [[796.8910634503094, 0.0, 857.7774326863696], [0.0, 796.8910634503094, 476.8848988407415], [0.0, 0.0, 1.0]], [[1249.9629280788233, 0.0, 825.3768045375984], [0.0, 1249.9629280788233, 462.54816385708756], [0.0, 0.0, 1.0]]], "extrinsics": [[[0.8225516676902771, -0.5686572790145874, -0.006145717576146126, -1.005126953125], [0.010531164705753326, 0.026036284863948822, -0.9996054768562317, 1.4882965087890625], [0.5685929656028748, 0.8221625089645386, 0.02740481123328209, -1.3333740234375], [0.0, 0.0, 0.0, 1.0]], [[0.010302368551492691, -0.9997093081474304, -0.02179776504635811, 0.00537109375], [0.012491049244999886, 0.02192588709294796, -0.9996815919876099, 1.4801654815673828], [0.9998688697814941, 0.01002679206430912, 0.012713305652141571, -1.734588623046875], [0.0, 0.0, 0.0, 1.0]], [[-0.8439117074012756, -0.5359262228012085, -0.024415265768766403, 1.09063720703125], [0.020521869882941246, 0.013228199444711208, -0.9997019171714783, 1.4930706024169922], [0.5360894799232483, -0.8441612124443054, -0.00016522494843229651, -1.2777099609375], [0.0, 0.0, 0.0, 1.0]], [[0.9478810429573059, 0.31859374046325684, 0.004430481698364019, -1.1439208984375], [-0.004869450349360704, 0.02838820032775402, -0.9995851516723633, 1.562042236328125], [-0.31858736276626587, 0.9474661350250244, 0.02846001274883747, -0.15625], [0.0, 0.0, 0.0, 1.0]], [[0.009172708727419376, 0.9997406601905823, 0.02084236964583397, -0.0286865234375], [-0.0027313120663166046, 0.020868217572569847, -0.9997784495353699, 1.5680656433105469], [-0.9999542832374573, 0.009113747626543045, 0.0029220213182270527, 0.044281005859375], [0.0, 0.0, 0.0, 1.0]], [[-0.9237183928489685, 0.3830665349960327, -0.002067510737106204, 1.16064453125], [0.0014728483511134982, -0.0018456539837643504, -0.9999971985816956, 1.5478124618530273], [-0.3830692172050476, -0.9237188696861267, 0.0011406660778447986, -0.0438232421875], [0.0, 0.0, 0.0, 1.0]]], "view": [[0.0, -2.0, 100.0], [-2.0, 0.0, 100.0], [0.0, 0.0, 1.0]], "bev": "bev_758391253baa40b388ade1922a003d35.png", "aux": "aux_758391253baa40b388ade1922a003d35.npz", "visibility": "visibility_758391253baa40b388ade1922a003d35.png", "pose": [[0.7557545304298401, 0.6548550128936768, 0.0, 759.5643310546875], [-0.6548550128936768, 0.7557545304298401, 0.0, 1515.3946533203125], [0.0, 0.0, 1.0, 0.0], [0.0, 0.0, 0.0, 1.0]], "pose_inverse": [[0.7557545304298401, -0.6548550128936768, 0.0, 418.3196105957031], [0.6548550128936768, 0.7557545304298401, 0.0, -1642.6708984375], [0.0, 0.0, 1.0, 0.0], [0.0, 0.0, 0.0, 1.0]], "cam_ids": [0, 1, 2, 3, 4, 5], "cam_channels": ["CAM_FRONT_LEFT", "CAM_FRONT", "CAM_FRONT_RIGHT", "CAM_BACK_LEFT", "CAM_BACK", "CAM_BACK_RIGHT"], "token": "758391253baa40b388ade1922a003d35", "scene": "scene-0871"}, {"images": ["samples/CAM_FRONT_LEFT/n008-2018-09-18-14-54-39-0400__CAM_FRONT_LEFT__1537297005754799.jpg", "samples/CAM_FRONT/n008-2018-09-18-14-54-39-0400__CAM_FRONT__1537297005762404.jpg", "samples/CAM_FRONT_RIGHT/n008-2018-09-18-14-54-39-0400__CAM_FRONT_RIGHT__1537297005770482.jpg", "samples/CAM_BACK_LEFT/n008-2018-09-18-14-54-39-0400__CAM_BACK_LEFT__1537297005797405.jpg", "samples/CAM_BACK/n008-2018-09-18-14-54-39-0400__CAM_BACK__1537297005787558.jpg", "samples/CAM_BACK_RIGHT/n008-2018-09-18-14-54-39-0400__CAM_BACK_RIGHT__1537297005778113.jpg"], "intrinsics": [[[1257.8625342125129, 0.0, 827.2410631095686], [0.0, 1257.8625342125129, 450.915498205774], [0.0, 0.0, 1.0]], [[1252.8131021185304, 0.0, 826.588114781398], [0.0, 1252.8131021185304, 469.9846626224581], [0.0, 0.0, 1.0]], [[1256.7485116440405, 0.0, 817.7887570959712], [0.0, 1256.7485116440403, 451.9541780095127], [0.0, 0.0, 1.0]], [[1254.9860565800168, 0.0, 829.5769333630991], [0.0, 1254.9860565800168, 467.1680561863987], [0.0, 0.0, 1.0]], [[796.8910634503094, 0.0, 857.7774326863696], [0.0, 796.8910634503094, 476.8848988407415], [0.0, 0.0, 1.0]], [[1249.9629280788233, 0.0, 825.3768045375984], [0.0, 1249.9629280788233, 462.54816385708756], [0.0, 0.0, 1.0]]], "extrinsics": [[[0.822568416595459, -0.5686337351799011, -0.0060768150724470615, -1.0050048828125], [0.010584300383925438, 0.02599341608583927, -0.9996060729026794, 1.4882888793945312], [0.5685676336288452, 0.8221800923347473, 0.027399953454732895, -1.3333740234375], [0.0, 0.0, 0.0, 1.0]], [[0.010327336378395557, -0.9997102618217468, -0.02174258977174759, 0.0052490234375], [0.012542570941150188, 0.021871548146009445, -0.9996821284294128, 1.48016357421875], [0.9998680353164673, 0.010051350109279156, 0.012764811515808105, -1.73480224609375], [0.0, 0.0, 0.0, 1.0]], [[-0.8439005613327026, -0.5359433889389038, -0.02442271076142788, 1.090576171875], [0.020563658326864243, 0.013176283799111843, -0.9997016787528992, 1.493072509765625], [0.5361052751541138, -0.8441511392593384, -9.851958020590246e-05, -1.277587890625], [0.0, 0.0, 0.0, 1.0]], [[0.9478808641433716, 0.31859391927719116, 0.004457962233573198, -1.1438522338867188], [-0.004828382283449173, 0.02835223823785782, -0.9995863437652588, 1.562042236328125], [-0.318588525056839, 0.9474671483039856, 0.0284128375351429, -0.1561279296875], [0.0, 0.0, 0.0, 1.0]], [[0.009164746850728989, 0.9997415542602539, 0.020804718136787415, -0.0286865234375], [-0.002701303455978632, 0.020830268040299416, -0.9997793436050415, 1.5680618286132812], [-0.9999544024467468, 0.009106573648750782, 0.002891508862376213, 0.044403076171875], [0.0, 0.0, 0.0, 1.0]], [[-0.9237236976623535, 0.38305357098579407, -0.0021084242034703493, 1.16058349609375], [0.0015009127091616392, -0.0018848265754058957, -0.999997079372406, 1.5478098392486572], [-0.3830564022064209, -0.9237241744995117, 0.0011661291355267167, -0.043701171875], [0.0, 0.0, 0.0, 1.0]]], "view": [[0.0, -2.0, 100.0], [-2.0, 0.0, 100.0], [0.0, 0.0, 1.0]], "bev": "bev_262dfcfd04024a5db19581839609f25c.png", "aux": "aux_262dfcfd04024a5db19581839609f25c.npz", "visibility": "visibility_262dfcfd04024a5db19581839609f25c.png", "pose": [[0.7557131052017212, 0.6549028158187866, 0.0, 759.5643310546875], [-0.6549028158187866, 0.7557131052017212, 0.0, 1515.3946533203125], [0.0, 0.0, 1.0, 0.0], [0.0, 0.0, 0.0, 1.0]], "pose_inverse": [[0.7557131052017212, -0.6549028158187866, 0.0, 418.4234619140625], [0.6549028158187866, 0.7557131052017212, 0.0, -1642.6444091796875], [0.0, 0.0, 1.0, 0.0], [0.0, 0.0, 0.0, 1.0]], "cam_ids": [0, 1, 2, 3, 4, 5], "cam_channels": ["CAM_FRONT_LEFT", "CAM_FRONT", "CAM_FRONT_RIGHT", "CAM_BACK_LEFT", "CAM_BACK", "CAM_BACK_RIGHT"], "token": "262dfcfd04024a5db19581839609f25c", "scene": "scene-0871"}, {"images": ["samples/CAM_FRONT_LEFT/n008-2018-09-18-14-54-39-0400__CAM_FRONT_LEFT__1537297006254799.jpg", "samples/CAM_FRONT/n008-2018-09-18-14-54-39-0400__CAM_FRONT__1537297006262404.jpg", "samples/CAM_FRONT_RIGHT/n008-2018-09-18-14-54-39-0400__CAM_FRONT_RIGHT__1537297006270482.jpg", "samples/CAM_BACK_LEFT/n008-2018-09-18-14-54-39-0400__CAM_BACK_LEFT__1537297006297405.jpg", "samples/CAM_BACK/n008-2018-09-18-14-54-39-0400__CAM_BACK__1537297006287558.jpg", "samples/CAM_BACK_RIGHT/n008-2018-09-18-14-54-39-0400__CAM_BACK_RIGHT__1537297006278113.jpg"], "intrinsics": [[[1257.8625342125129, 0.0, 827.2410631095686], [0.0, 1257.8625342125129, 450.915498205774], [0.0, 0.0, 1.0]], [[1252.8131021185304, 0.0, 826.588114781398], [0.0, 1252.8131021185304, 469.9846626224581], [0.0, 0.0, 1.0]], [[1256.7485116440405, 0.0, 817.7887570959712], [0.0, 1256.7485116440403, 451.9541780095127], [0.0, 0.0, 1.0]], [[1254.9860565800168, 0.0, 829.5769333630991], [0.0, 1254.9860565800168, 467.1680561863987], [0.0, 0.0, 1.0]], [[796.8910634503094, 0.0, 857.7774326863696], [0.0, 796.8910634503094, 476.8848988407415], [0.0, 0.0, 1.0]], [[1249.9629280788233, 0.0, 825.3768045375984], [0.0, 1249.9629280788233, 462.54816385708756], [0.0, 0.0, 1.0]]], "extrinsics": [[[0.8225576281547546, -0.5686488151550293, -0.006126669235527515, -1.0050048828125], [0.010522792115807533, 0.025991197675466537, -0.9996067881584167, 1.4882926940917969], [0.5685844421386719, 0.8221697211265564, 0.02736302837729454, -1.33349609375], [0.0, 0.0, 0.0, 1.0]], [[0.01031479798257351, -0.9997103214263916, -0.02174564264714718, 0.0054931640625], [0.012484782375395298, 0.02187385968863964, -0.9996827840805054, 1.4801654815673828], [0.9998688697814941, 0.01004005316644907, 0.012706789188086987, -1.73480224609375], [0.0, 0.0, 0.0, 1.0]], [[-0.8439066410064697, -0.5359360575675964, -0.024374667555093765, 1.090576171875], [0.020505154505372047, 0.013178788125514984, -0.9997028708457947, 1.493072509765625], [0.536098062992096, -0.8441557288169861, -0.00013221532572060823, -1.277587890625], [0.0, 0.0, 0.0, 1.0]], [[0.9478809237480164, 0.3185942769050598, 0.0044114557094872, -1.1438522338867188], [-0.004878692328929901, 0.028355969116091728, -0.9995859861373901, 1.562042236328125], [-0.31858739256858826, 0.9474669098854065, 0.02843240648508072, -0.15625], [0.0, 0.0, 0.0, 1.0]], [[0.009168725460767746, 0.9997416734695435, 0.020800020545721054, -0.02880859375], [-0.002738061361014843, 0.020825916901230812, -0.9997793436050415, 1.5680656433105469], [-0.9999542832374573, 0.009109864942729473, 0.002928301924839616, 0.04443359375], [0.0, 0.0, 0.0, 1.0]], [[-0.9237213730812073, 0.38305947184562683, -0.0020530768670141697, 1.16058349609375], [0.0014403598615899682, -0.0018863390432670712, -0.9999971389770508, 1.5478131771087646], [-0.3830622434616089, -0.9237217307090759, 0.0011907086009159684, -0.043701171875], [0.0, 0.0, 0.0, 1.0]]], "view": [[0.0, -2.0, 100.0], [-2.0, 0.0, 100.0], [0.0, 0.0, 1.0]], "bev": "bev_84a97aa5e3154924abfb2365df8cf1a2.png", "aux": "aux_84a97aa5e3154924abfb2365df8cf1a2.npz", "visibility": "visibility_84a97aa5e3154924abfb2365df8cf1a2.png", "pose": [[0.7557175159454346, 0.6548977494239807, 0.0, 759.5643310546875], [-0.6548977494239807, 0.7557175159454346, 0.0, 1515.3946533203125], [0.0, 0.0, 1.0, 0.0], [0.0, 0.0, 0.0, 1.0]], "pose_inverse": [[0.7557175159454346, -0.6548977494239807, 0.0, 418.4125061035156], [0.6548977494239807, 0.7557175159454346, 0.0, -1642.647216796875], [0.0, 0.0, 1.0, 0.0], [0.0, 0.0, 0.0, 1.0]], "cam_ids": [0, 1, 2, 3, 4, 5], "cam_channels": ["CAM_FRONT_LEFT", "CAM_FRONT", "CAM_FRONT_RIGHT", "CAM_BACK_LEFT", "CAM_BACK", "CAM_BACK_RIGHT"], "token": "84a97aa5e3154924abfb2365df8cf1a2", "scene": "scene-0871"}, {"images": ["samples/CAM_FRONT_LEFT/n008-2018-09-18-14-54-39-0400__CAM_FRONT_LEFT__1537297006754799.jpg", "samples/CAM_FRONT/n008-2018-09-18-14-54-39-0400__CAM_FRONT__1537297006762404.jpg", "samples/CAM_FRONT_RIGHT/n008-2018-09-18-14-54-39-0400__CAM_FRONT_RIGHT__1537297006770482.jpg", "samples/CAM_BACK_LEFT/n008-2018-09-18-14-54-39-0400__CAM_BACK_LEFT__1537297006797405.jpg", "samples/CAM_BACK/n008-2018-09-18-14-54-39-0400__CAM_BACK__1537297006787558.jpg", "samples/CAM_BACK_RIGHT/n008-2018-09-18-14-54-39-0400__CAM_BACK_RIGHT__1537297006778113.jpg"], "intrinsics": [[[1257.8625342125129, 0.0, 827.2410631095686], [0.0, 1257.8625342125129, 450.915498205774], [0.0, 0.0, 1.0]], [[1252.8131021185304, 0.0, 826.588114781398], [0.0, 1252.8131021185304, 469.9846626224581], [0.0, 0.0, 1.0]], [[1256.7485116440405, 0.0, 817.7887570959712], [0.0, 1256.7485116440403, 451.9541780095127], [0.0, 0.0, 1.0]], [[1254.9860565800168, 0.0, 829.5769333630991], [0.0, 1254.9860565800168, 467.1680561863987], [0.0, 0.0, 1.0]], [[796.8910634503094, 0.0, 857.7774326863696], [0.0, 796.8910634503094, 476.8848988407415], [0.0, 0.0, 1.0]], [[1249.9629280788233, 0.0, 825.3768045375984], [0.0, 1249.9629280788233, 462.54816385708756], [0.0, 0.0, 1.0]]], "extrinsics": [[[0.8225664496421814, -0.5686355829238892, -0.006171891465783119, -1.0050048828125], [0.010445017367601395, 0.02595897577702999, -0.9996083974838257, 1.4882926940917969], [0.5685731768608093, 0.822179913520813, 0.027292387560009956, -1.3333740234375], [0.0, 0.0, 0.0, 1.0]], [[0.010326682589948177, -0.9997112154960632, -0.021699216216802597, 0.00537109375], [0.012407876551151276, 0.021826812997460365, -0.999684751033783, 1.48016357421875], [0.999869704246521, 0.0100542102009058, 0.012629691511392593, -1.734619140625], [0.0, 0.0, 0.0, 1.0]], [[-0.8439027070999146, -0.5359463095664978, -0.024286454543471336, 1.09063720703125], [0.02043282985687256, 0.013128126971423626, -0.9997050166130066, 1.493072509765625], [0.5361070036888123, -0.8441500663757324, -0.00012796402734238654, -1.277587890625], [0.0, 0.0, 0.0, 1.0]], [[0.9478805661201477, 0.3185965120792389, 0.004349677823483944, -1.1438369750976562], [-0.004928152542561293, 0.028309108689427376, -0.9995870590209961, 1.5620460510253906], [-0.3185880184173584, 0.9474676847457886, 0.028403740376234055, -0.156005859375], [0.0, 0.0, 0.0, 1.0]], [[0.009165145456790924, 0.9997425079345703, 0.020757444202899933, -0.02880859375], [-0.002809895435348153, 0.020783985033631325, -0.999779999256134, 1.5680656433105469], [-0.999954104423523, 0.009104867465794086, 0.0029996605589985847, 0.04443359375], [0.0, 0.0, 0.0, 1.0]], [[-0.9237245917320251, 0.38305193185806274, -0.0020059128291904926, 1.16064453125], [0.0013718137051910162, -0.0019285372691228986, -0.9999971985816956, 1.54781174659729], [-0.3830547034740448, -0.9237247109413147, 0.0012559625320136547, -0.043701171875], [0.0, 0.0, 0.0, 1.0]]], "view": [[0.0, -2.0, 100.0], [-2.0, 0.0, 100.0], [0.0, 0.0, 1.0]], "bev": "bev_5c7f666f68b74ce6be7d708283ee9049.png", "aux": "aux_5c7f666f68b74ce6be7d708283ee9049.npz", "visibility": "visibility_5c7f666f68b74ce6be7d708283ee9049.png", "pose": [[0.7557350993156433, 0.6548774838447571, 0.0, 759.5643310546875], [-0.6548774838447571, 0.7557350993156433, 0.0, 1515.3946533203125], [0.0, 0.0, 1.0, 0.0], [0.0, 0.0, 0.0, 1.0]], "pose_inverse": [[0.7557350993156433, -0.6548774838447571, 0.0, 418.3683776855469], [0.6548774838447571, 0.7557350993156433, 0.0, -1642.658447265625], [0.0, 0.0, 1.0, 0.0], [0.0, 0.0, 0.0, 1.0]], "cam_ids": [0, 1, 2, 3, 4, 5], "cam_channels": ["CAM_FRONT_LEFT", "CAM_FRONT", "CAM_FRONT_RIGHT", "CAM_BACK_LEFT", "CAM_BACK", "CAM_BACK_RIGHT"], "token": "5c7f666f68b74ce6be7d708283ee9049", "scene": "scene-0871"}, {"images": ["samples/CAM_FRONT_LEFT/n008-2018-09-18-14-54-39-0400__CAM_FRONT_LEFT__1537297007254799.jpg", "samples/CAM_FRONT/n008-2018-09-18-14-54-39-0400__CAM_FRONT__1537297007262404.jpg", "samples/CAM_FRONT_RIGHT/n008-2018-09-18-14-54-39-0400__CAM_FRONT_RIGHT__1537297007270482.jpg", "samples/CAM_BACK_LEFT/n008-2018-09-18-14-54-39-0400__CAM_BACK_LEFT__1537297007297405.jpg", "samples/CAM_BACK/n008-2018-09-18-14-54-39-0400__CAM_BACK__1537297007287558.jpg", "samples/CAM_BACK_RIGHT/n008-2018-09-18-14-54-39-0400__CAM_BACK_RIGHT__1537297007278113.jpg"], "intrinsics": [[[1257.8625342125129, 0.0, 827.2410631095686], [0.0, 1257.8625342125129, 450.915498205774], [0.0, 0.0, 1.0]], [[1252.8131021185304, 0.0, 826.588114781398], [0.0, 1252.8131021185304, 469.9846626224581], [0.0, 0.0, 1.0]], [[1256.7485116440405, 0.0, 817.7887570959712], [0.0, 1256.7485116440403, 451.9541780095127], [0.0, 0.0, 1.0]], [[1254.9860565800168, 0.0, 829.5769333630991], [0.0, 1254.9860565800168, 467.1680561863987], [0.0, 0.0, 1.0]], [[796.8910634503094, 0.0, 857.7774326863696], [0.0, 796.8910634503094, 476.8848988407415], [0.0, 0.0, 1.0]], [[1249.9629280788233, 0.0, 825.3768045375984], [0.0, 1249.9629280788233, 462.54816385708756], [0.0, 0.0, 1.0]]], "extrinsics": [[[0.8225533962249756, -0.5686560273170471, -0.006021141540259123, -1.005126953125], [0.010624894872307777, 0.025952976197004318, -0.9996066689491272, 1.4882926940917969], [0.5685886144638062, 0.8221659064292908, 0.027389617636799812, -1.3333740234375], [0.0, 0.0, 0.0, 1.0]], [[0.010304579511284828, -0.9997110962867737, -0.0217145849019289, 0.0052490234375], [0.012575041502714157, 0.021843578666448593, -0.9996823072433472, 1.4801673889160156], [0.9998679161071777, 0.010028231889009476, 0.012796496972441673, -1.73480224609375], [0.0, 0.0, 0.0, 1.0]], [[-0.8439099192619324, -0.5359282493591309, -0.024432698264718056, 1.090576171875], [0.020590005442500114, 0.013153426349163055, -0.9997014403343201, 1.4930706024169922], [0.5360895991325378, -0.8441610932350159, -6.554402352776378e-05, -1.277587890625], [0.0, 0.0, 0.0, 1.0]], [[0.9478832483291626, 0.3185860216617584, 0.004518407862633467, -1.143890380859375], [-0.004758424591273069, 0.028334494680166245, -0.9995871782302856, 1.5620460510253906], [-0.31858253479003906, 0.9474703669548035, 0.028373759239912033, -0.1561279296875], [0.0, 0.0, 0.0, 1.0]], [[0.009173638187348843, 0.9997419118881226, 0.020784243941307068, -0.0289306640625], [-0.0026467079296708107, 0.020809322595596313, -0.9997799396514893, 1.5680618286132812], [-0.9999544620513916, 0.009116672910749912, 0.0028369235806167126, 0.044403076171875], [0.0, 0.0, 0.0, 1.0]], [[-0.923718273639679, 0.3830663561820984, -0.0021460733842104673, 1.16064453125], [0.0015324532287195325, -0.0019070132402703166, -0.9999970197677612, 1.5478110313415527], [-0.38306924700737, -0.9237188696861267, 0.0011745126685127616, -0.0438232421875], [0.0, 0.0, 0.0, 1.0]]], "view": [[0.0, -2.0, 100.0], [-2.0, 0.0, 100.0], [0.0, 0.0, 1.0]], "bev": "bev_0898cbdef4e643afa16af8fe3db42f07.png", "aux": "aux_0898cbdef4e643afa16af8fe3db42f07.npz", "visibility": "visibility_0898cbdef4e643afa16af8fe3db42f07.png", "pose": [[0.7557324767112732, 0.6548804640769958, 0.0, 759.5643310546875], [-0.6548804640769958, 0.7557324767112732, 0.0, 1515.3946533203125], [0.0, 0.0, 1.0, 0.0], [0.0, 0.0, 0.0, 1.0]], "pose_inverse": [[0.7557324767112732, -0.6548804640769958, 0.0, 418.37493896484375], [0.6548804640769958, 0.7557324767112732, 0.0, -1642.65673828125], [0.0, 0.0, 1.0, 0.0], [0.0, 0.0, 0.0, 1.0]], "cam_ids": [0, 1, 2, 3, 4, 5], "cam_channels": ["CAM_FRONT_LEFT", "CAM_FRONT", "CAM_FRONT_RIGHT", "CAM_BACK_LEFT", "CAM_BACK", "CAM_BACK_RIGHT"], "token": "0898cbdef4e643afa16af8fe3db42f07", "scene": "scene-0871"}, {"images": ["samples/CAM_FRONT_LEFT/n008-2018-09-18-14-54-39-0400__CAM_FRONT_LEFT__1537297007754799.jpg", "samples/CAM_FRONT/n008-2018-09-18-14-54-39-0400__CAM_FRONT__1537297007762404.jpg", "samples/CAM_FRONT_RIGHT/n008-2018-09-18-14-54-39-0400__CAM_FRONT_RIGHT__1537297007770492.jpg", "samples/CAM_BACK_LEFT/n008-2018-09-18-14-54-39-0400__CAM_BACK_LEFT__1537297007797406.jpg", "samples/CAM_BACK/n008-2018-09-18-14-54-39-0400__CAM_BACK__1537297007787558.jpg", "samples/CAM_BACK_RIGHT/n008-2018-09-18-14-54-39-0400__CAM_BACK_RIGHT__1537297007778113.jpg"], "intrinsics": [[[1257.8625342125129, 0.0, 827.2410631095686], [0.0, 1257.8625342125129, 450.915498205774], [0.0, 0.0, 1.0]], [[1252.8131021185304, 0.0, 826.588114781398], [0.0, 1252.8131021185304, 469.9846626224581], [0.0, 0.0, 1.0]], [[1256.7485116440405, 0.0, 817.7887570959712], [0.0, 1256.7485116440403, 451.9541780095127], [0.0, 0.0, 1.0]], [[1254.9860565800168, 0.0, 829.5769333630991], [0.0, 1254.9860565800168, 467.1680561863987], [0.0, 0.0, 1.0]], [[796.8910634503094, 0.0, 857.7774326863696], [0.0, 796.8910634503094, 476.8848988407415], [0.0, 0.0, 1.0]], [[1249.9629280788233, 0.0, 825.3768045375984], [0.0, 1249.9629280788233, 462.54816385708756], [0.0, 0.0, 1.0]]], "extrinsics": [[[0.8225615620613098, -0.568644106388092, -0.006043178495019674, -1.005126953125], [0.010666023939847946, 0.026051873341202736, -0.9996036291122437, 1.4883003234863281], [0.5685761570930481, 0.8221710920333862, 0.027494436129927635, -1.3333740234375], [0.0, 0.0, 0.0, 1.0]], [[0.010321029461920261, -0.9997090101242065, -0.021801775321364403, 0.00537109375], [0.012628366239368916, 0.021931512281298637, -0.999679684638977, 1.4801673889160156], [0.9998670220375061, 0.010042415000498295, 0.012851049192249775, -1.734710693359375], [0.0, 0.0, 0.0, 1.0]], [[-0.8439019918441772, -0.5359364748001099, -0.024526527151465416, 1.09063720703125], [0.020648570731282234, 0.013236229307949543, -0.9996991753578186, 1.493072509765625], [0.5360998511314392, -0.8441544771194458, -0.00010375784040661529, -1.277587890625], [0.0, 0.0, 0.0, 1.0]], [[0.9478806853294373, 0.31859296560287476, 0.004548822063952684, -1.1439666748046875], [-0.004743277095258236, 0.028384175151586533, -0.9995858669281006, 1.562042236328125], [-0.3185901343822479, 0.9474665522575378, 0.028415987268090248, -0.1561279296875], [0.0, 0.0, 0.0, 1.0]], [[0.009166094474494457, 0.999740719795227, 0.020843790844082832, -0.02880859375], [-0.0026275194250047207, 0.020868675783276558, -0.9997787475585938, 1.5680618286132812], [-0.9999545812606812, 0.009109270758926868, 0.0028181220404803753, 0.044281005859375], [0.0, 0.0, 0.0, 1.0]], [[-0.9237216711044312, 0.3830581605434418, -0.002160686533898115, 1.16070556640625], [0.0015802668640390038, -0.0018298884388059378, -0.9999970197677612, 1.5478119850158691], [-0.38306093215942383, -0.9237223863601685, 0.0010849745012819767, -0.043701171875], [0.0, 0.0, 0.0, 1.0]]], "view": [[0.0, -2.0, 100.0], [-2.0, 0.0, 100.0], [0.0, 0.0, 1.0]], "bev": "bev_1995dad6f3c84d319a1777901d7b653f.png", "aux": "aux_1995dad6f3c84d319a1777901d7b653f.npz", "visibility": "visibility_1995dad6f3c84d319a1777901d7b653f.png", "pose": [[0.7557353973388672, 0.6548770666122437, 0.0, 759.5643310546875], [-0.6548770666122437, 0.7557353973388672, 0.0, 1515.3946533203125], [0.0, 0.0, 1.0, 0.0], [0.0, 0.0, 0.0, 1.0]], "pose_inverse": [[0.7557353973388672, -0.6548770666122437, 0.0, 418.3675842285156], [0.6548770666122437, 0.7557353973388672, 0.0, -1642.65869140625], [0.0, 0.0, 1.0, 0.0], [0.0, 0.0, 0.0, 1.0]], "cam_ids": [0, 1, 2, 3, 4, 5], "cam_channels": ["CAM_FRONT_LEFT", "CAM_FRONT", "CAM_FRONT_RIGHT", "CAM_BACK_LEFT", "CAM_BACK", "CAM_BACK_RIGHT"], "token": "1995dad6f3c84d319a1777901d7b653f", "scene": "scene-0871"}, {"images": ["samples/CAM_FRONT_LEFT/n008-2018-09-18-14-54-39-0400__CAM_FRONT_LEFT__1537297008254799.jpg", "samples/CAM_FRONT/n008-2018-09-18-14-54-39-0400__CAM_FRONT__1537297008262404.jpg", "samples/CAM_FRONT_RIGHT/n008-2018-09-18-14-54-39-0400__CAM_FRONT_RIGHT__1537297008270482.jpg", "samples/CAM_BACK_LEFT/n008-2018-09-18-14-54-39-0400__CAM_BACK_LEFT__1537297008297405.jpg", "samples/CAM_BACK/n008-2018-09-18-14-54-39-0400__CAM_BACK__1537297008287558.jpg", "samples/CAM_BACK_RIGHT/n008-2018-09-18-14-54-39-0400__CAM_BACK_RIGHT__1537297008278113.jpg"], "intrinsics": [[[1257.8625342125129, 0.0, 827.2410631095686], [0.0, 1257.8625342125129, 450.915498205774], [0.0, 0.0, 1.0]], [[1252.8131021185304, 0.0, 826.588114781398], [0.0, 1252.8131021185304, 469.9846626224581], [0.0, 0.0, 1.0]], [[1256.7485116440405, 0.0, 817.7887570959712], [0.0, 1256.7485116440403, 451.9541780095127], [0.0, 0.0, 1.0]], [[1254.9860565800168, 0.0, 829.5769333630991], [0.0, 1254.9860565800168, 467.1680561863987], [0.0, 0.0, 1.0]], [[796.8910634503094, 0.0, 857.7774326863696], [0.0, 796.8910634503094, 476.8848988407415], [0.0, 0.0, 1.0]], [[1249.9629280788233, 0.0, 825.3768045375984], [0.0, 1249.9629280788233, 462.54816385708756], [0.0, 0.0, 1.0]]], "extrinsics": [[[0.8225637674331665, -0.5686401724815369, -0.006107155699282885, -1.0050048828125], [0.010632557794451714, 0.02611614018678665, -0.9996023178100586, 1.4882926940917969], [0.568573534488678, 0.8221717476844788, 0.02752828784286976, -1.3333740234375], [0.0, 0.0, 0.0, 1.0]], [[0.010323965921998024, -0.9997075796127319, -0.021868064999580383, 0.0052490234375], [0.012580056674778461, 0.021997353062033653, -0.9996788501739502, 1.4801673889160156], [0.9998675584793091, 0.010045519098639488, 0.012803477235138416, -1.734710693359375], [0.0, 0.0, 0.0, 1.0]], [[-0.8439016342163086, -0.5359375476837158, -0.024516500532627106, 1.090576171875], [0.020594915375113487, 0.013302013278007507, -0.9996994137763977, 1.4930744171142578], [0.5361025333404541, -0.8441529273986816, -0.000188003497896716, -1.277587890625], [0.0, 0.0, 0.0, 1.0]], [[0.9478799104690552, 0.31859537959098816, 0.004532912280410528, -1.1439590454101562], [-0.0047856164164841175, 0.028459958732128143, -0.9995834231376648, 1.562042236328125], [-0.31859177350997925, 0.9474633932113647, 0.028501302003860474, -0.15625], [0.0, 0.0, 0.0, 1.0]], [[0.009164523333311081, 0.9997391700744629, 0.020919686183333397, -0.02880859375], [-0.0026576865930110216, 0.02094484306871891, -0.99977707862854, 1.5680618286132812], [-0.9999545216560364, 0.00910693034529686, 0.0028489422984421253, 0.044281005859375], [0.0, 0.0, 0.0, 1.0]], [[-0.9237226247787476, 0.3830561935901642, -0.0020922881085425615, 1.16058349609375], [0.0015340637182816863, -0.0017627517227083445, -0.9999972581863403, 1.5478134155273438], [-0.3830588757991791, -0.9237233400344849, 0.0010406620567664504, -0.0435791015625], [0.0, 0.0, 0.0, 1.0]]], "view": [[0.0, -2.0, 100.0], [-2.0, 0.0, 100.0], [0.0, 0.0, 1.0]], "bev": "bev_f089bf0dc34a4fa08c6b886276579ba1.png", "aux": "aux_f089bf0dc34a4fa08c6b886276579ba1.npz", "visibility": "visibility_f089bf0dc34a4fa08c6b886276579ba1.png", "pose": [[0.7556999325752258, 0.6549180150032043, 0.0, 759.5643310546875], [-0.6549180150032043, 0.7556999325752258, 0.0, 1515.3946533203125], [0.0, 0.0, 1.0, 0.0], [0.0, 0.0, 0.0, 1.0]], "pose_inverse": [[0.7556999325752258, -0.6549180150032043, 0.0, 418.4565734863281], [0.6549180150032043, 0.7556999325752258, 0.0, -1642.635986328125], [0.0, 0.0, 1.0, 0.0], [0.0, 0.0, 0.0, 1.0]], "cam_ids": [0, 1, 2, 3, 4, 5], "cam_channels": ["CAM_FRONT_LEFT", "CAM_FRONT", "CAM_FRONT_RIGHT", "CAM_BACK_LEFT", "CAM_BACK", "CAM_BACK_RIGHT"], "token": "f089bf0dc34a4fa08c6b886276579ba1", "scene": "scene-0871"}, {"images": ["samples/CAM_FRONT_LEFT/n008-2018-09-18-14-54-39-0400__CAM_FRONT_LEFT__1537297008854799.jpg", "samples/CAM_FRONT/n008-2018-09-18-14-54-39-0400__CAM_FRONT__1537297008862404.jpg", "samples/CAM_FRONT_RIGHT/n008-2018-09-18-14-54-39-0400__CAM_FRONT_RIGHT__1537297008870482.jpg", "samples/CAM_BACK_LEFT/n008-2018-09-18-14-54-39-0400__CAM_BACK_LEFT__1537297008897405.jpg", "samples/CAM_BACK/n008-2018-09-18-14-54-39-0400__CAM_BACK__1537297008887558.jpg", "samples/CAM_BACK_RIGHT/n008-2018-09-18-14-54-39-0400__CAM_BACK_RIGHT__1537297008878113.jpg"], "intrinsics": [[[1257.8625342125129, 0.0, 827.2410631095686], [0.0, 1257.8625342125129, 450.915498205774], [0.0, 0.0, 1.0]], [[1252.8131021185304, 0.0, 826.588114781398], [0.0, 1252.8131021185304, 469.9846626224581], [0.0, 0.0, 1.0]], [[1256.7485116440405, 0.0, 817.7887570959712], [0.0, 1256.7485116440403, 451.9541780095127], [0.0, 0.0, 1.0]], [[1254.9860565800168, 0.0, 829.5769333630991], [0.0, 1254.9860565800168, 467.1680561863987], [0.0, 0.0, 1.0]], [[796.8910634503094, 0.0, 857.7774326863696], [0.0, 796.8910634503094, 476.8848988407415], [0.0, 0.0, 1.0]], [[1249.9629280788233, 0.0, 825.3768045375984], [0.0, 1249.9629280788233, 462.54816385708756], [0.0, 0.0, 1.0]]], "extrinsics": [[[0.8225605487823486, -0.5686434507369995, -0.006232975982129574, -1.005126953125], [0.010504388250410557, 0.026151705533266068, -0.999602735042572, 1.4882965087890625], [0.5685805678367615, 0.8221684098243713, 0.027484610676765442, -1.3333740234375], [0.0, 0.0, 0.0, 1.0]], [[0.01031700149178505, -0.9997067451477051, -0.021908346563577652, 0.00537109375], [0.012462148442864418, 0.022036360576748848, -0.9996795058250427, 1.48016357421875], [0.999869167804718, 0.010040679015219212, 0.012685843743383884, -1.7347412109375], [0.0, 0.0, 0.0, 1.0]], [[-0.8439062237739563, -0.535933792591095, -0.02443738654255867, 1.09063720703125], [0.020479850471019745, 0.013335627503693104, -0.9997013211250305, 1.4930734634399414], [0.5360996127128601, -0.8441547155380249, -0.00027817345107905567, -1.2777099609375], [0.0, 0.0, 0.0, 1.0]], [[0.9478774070739746, 0.3186042606830597, 0.004446650855243206, -1.1438522338867188], [-0.004883534274995327, 0.028479795902967453, -0.9995824694633484, 1.562042236328125], [-0.31859785318374634, 0.947459876537323, 0.028551269322633743, -0.1561279296875], [0.0, 0.0, 0.0, 1.0]], [[0.009165328927338123, 0.9997386932373047, 0.0209403894841671, -0.0289306640625], [-0.0027743906248360872, 0.020966611802577972, -0.999