[{"images": ["samples/CAM_FRONT_LEFT/n008-2018-09-18-13-41-50-0400__CAM_FRONT_LEFT__1537293296254799.jpg", "samples/CAM_FRONT/n008-2018-09-18-13-41-50-0400__CAM_FRONT__1537293296262404.jpg", "samples/CAM_FRONT_RIGHT/n008-2018-09-18-13-41-50-0400__CAM_FRONT_RIGHT__1537293296270482.jpg", "samples/CAM_BACK_LEFT/n008-2018-09-18-13-41-50-0400__CAM_BACK_LEFT__1537293296297405.jpg", "samples/CAM_BACK/n008-2018-09-18-13-41-50-0400__CAM_BACK__1537293296287558.jpg", "samples/CAM_BACK_RIGHT/n008-2018-09-18-13-41-50-0400__CAM_BACK_RIGHT__1537293296278113.jpg"], "intrinsics": [[[1257.8625342125129, 0.0, 827.2410631095686], [0.0, 1257.8625342125129, 450.915498205774], [0.0, 0.0, 1.0]], [[1252.8131021185304, 0.0, 826.588114781398], [0.0, 1252.8131021185304, 469.9846626224581], [0.0, 0.0, 1.0]], [[1256.7485116440405, 0.0, 817.7887570959712], [0.0, 1256.7485116440403, 451.9541780095127], [0.0, 0.0, 1.0]], [[1254.9860565800168, 0.0, 829.5769333630991], [0.0, 1254.9860565800168, 467.1680561863987], [0.0, 0.0, 1.0]], [[796.8910634503094, 0.0, 857.7774326863696], [0.0, 796.8910634503094, 476.8848988407415], [0.0, 0.0, 1.0]], [[1249.9629280788233, 0.0, 825.3768045375984], [0.0, 1249.9629280788233, 462.54816385708756], [0.0, 0.0, 1.0]]], "extrinsics": [[[0.8238707184791565, -0.5666747689247131, -0.01080185268074274, -0.80535888671875], [0.005119570065289736, 0.026498060673475266, -0.9996357560157776, 1.4894752502441406], [0.5667546391487122, 0.8235153555870056, 0.024732109159231186, -1.1982421875], [0.0, 0.0, 0.0, 1.0]], [[0.0121400635689497, -0.9996824264526367, -0.022083930671215057, 0.00927734375], [0.007212305441498756, 0.022172527387738228, -0.9997281432151794, 1.4815711975097656], [0.999900221824646, 0.01197745744138956, 0.007479190360754728, -1.534912109375], [0.0, 0.0, 0.0, 1.0]], [[-0.8432035446166992, -0.5372182726860046, -0.02010912448167801, 0.9593505859375], [0.015397261828184128, 0.013257085345685482, -0.999793529510498, 1.4954643249511719], [0.537373960018158, -0.8433390259742737, -0.002906730165705085, -1.1922607421875], [0.0, 0.0, 0.0, 1.0]], [[0.9478353261947632, 0.31876036524772644, -0.0001868996914708987, -1.132568359375], [-0.009472698904573917, 0.027581026777625084, -0.9995747208595276, 1.5619277954101562], [-0.31861963868141174, 0.9474339485168457, 0.029161792248487473, -0.159912109375], [0.0, 0.0, 0.0, 1.0]], [[0.008612759411334991, 0.9997568726539612, 0.02029608190059662, -0.02880859375], [-0.007556023541837931, 0.020361321046948433, -0.999764084815979, 1.5675621032714844], [-0.9999343752861023, 0.008457377552986145, 0.0077295550145208836, -0.0203857421875], [0.0, 0.0, 0.0, 1.0]], [[-0.9241520166397095, 0.3820168375968933, 0.0024484465830028057, 1.05352783203125], [-0.003500633640214801, -0.0020593125373125076, -0.9999917149543762, 1.547412395477295], [-0.3820086419582367, -0.9241530299186707, 0.0032404193188995123, -0.0869140625], [0.0, 0.0, 0.0, 1.0]]], "view": [[0.0, -2.0, 100.0], [-2.0, 0.0, 100.0], [0.0, 0.0, 1.0]], "bev": "bev_aafe3764fc2d4d16a4f2e511a46a284c.png", "aux": "aux_aafe3764fc2d4d16a4f2e511a46a284c.npz", "visibility": "visibility_aafe3764fc2d4d16a4f2e511a46a284c.png", "pose": [[0.7299145460128784, 0.6835383772850037, 0.0, 1754.873046875], [-0.6835383772850037, 0.7299145460128784, 0.0, 1221.7994384765625], [0.0, 0.0, 1.0, 0.0], [0.0, 0.0, 0.0, 1.0]], "pose_inverse": [[0.7299145460128784, -0.6835383772850037, 0.0, -445.76055908203125], [0.6835383772850037, 0.7299145460128784, 0.0, -2091.332275390625], [0.0, 0.0, 1.0, 0.0], [0.0, 0.0, 0.0, 1.0]], "cam_ids": [0, 1, 2, 3, 4, 5], "cam_channels": ["CAM_FRONT_LEFT", "CAM_FRONT", "CAM_FRONT_RIGHT", "CAM_BACK_LEFT", "CAM_BACK", "CAM_BACK_RIGHT"], "token": "aafe3764fc2d4d16a4f2e511a46a284c", "scene": "scene-0599"}, {"images": ["samples/CAM_FRONT_LEFT/n008-2018-09-18-13-41-50-0400__CAM_FRONT_LEFT__1537293296754799.jpg", "samples/CAM_FRONT/n008-2018-09-18-13-41-50-0400__CAM_FRONT__1537293296762405.jpg", "samples/CAM_FRONT_RIGHT/n008-2018-09-18-13-41-50-0400__CAM_FRONT_RIGHT__1537293296770482.jpg", "samples/CAM_BACK_LEFT/n008-2018-09-18-13-41-50-0400__CAM_BACK_LEFT__1537293296797405.jpg", "samples/CAM_BACK/n008-2018-09-18-13-41-50-0400__CAM_BACK__1537293296787558.jpg", "samples/CAM_BACK_RIGHT/n008-2018-09-18-13-41-50-0400__CAM_BACK_RIGHT__1537293296778113.jpg"], "intrinsics": [[[1257.8625342125129, 0.0, 827.2410631095686], [0.0, 1257.8625342125129, 450.915498205774], [0.0, 0.0, 1.0]], [[1252.8131021185304, 0.0, 826.588114781398], [0.0, 1252.8131021185304, 469.9846626224581], [0.0, 0.0, 1.0]], [[1256.7485116440405, 0.0, 817.7887570959712], [0.0, 1256.7485116440403, 451.9541780095127], [0.0, 0.0, 1.0]], [[1254.9860565800168, 0.0, 829.5769333630991], [0.0, 1254.9860565800168, 467.1680561863987], [0.0, 0.0, 1.0]], [[796.8910634503094, 0.0, 857.7774326863696], [0.0, 796.8910634503094, 476.8848988407415], [0.0, 0.0, 1.0]], [[1249.9629280788233, 0.0, 825.3768045375984], [0.0, 1249.9629280788233, 462.54816385708756], [0.0, 0.0, 1.0]]], "extrinsics": [[[0.8244673013687134, -0.565901517868042, -0.0030167093500494957, -0.8092041015625], [0.006985964719206095, 0.015507952310144901, -0.9998553395271301, 1.489959716796875], [0.5658664703369141, 0.8243270516395569, 0.016739169135689735, -1.1983642578125], [0.0, 0.0, 0.0, 1.0]], [[0.013000952079892159, -0.9998534917831421, -0.011129419319331646, 0.008056640625], [0.008886009454727173, 0.011245448142290115, -0.999897301197052, 1.481924057006836], [0.9998759627342224, 0.01290061604231596, 0.009030910208821297, -1.537109375], [0.0, 0.0, 0.0, 1.0]], [[-0.8428245186805725, -0.5379647016525269, -0.015515698119997978, 0.960205078125], [0.016868608072400093, 0.002409390639513731, -0.9998547434806824, 1.495680809020996], [0.5379239320755005, -0.8429639339447021, 0.007044021971523762, -1.1944580078125], [0.0, 0.0, 0.0, 1.0]], [[0.9478319883346558, 0.3187578320503235, -0.002796161687001586, -1.133544921875], [-0.008680662140250206, 0.01704164780676365, -0.9998170733451843, 1.5619564056396484], [-0.3186519742012024, 0.9476829171180725, 0.018919650465250015, -0.1591796875], [0.0, 0.0, 0.0, 1.0]], [[0.008334782905876637, 0.9999184608459473, 0.00967424362897873, -0.028076171875], [-0.006458899937570095, 0.009728210046887398, -0.9999317526817322, 1.5676517486572266], [-0.9999443888664246, 0.008271700702607632, 0.006539456080645323, -0.01922607421875], [0.0, 0.0, 0.0, 1.0]], [[-0.9243374466896057, 0.3815654218196869, -0.002859764965251088, 1.055511474609375], [-0.002199767157435417, -0.012823095545172691, -0.999915361404419, 1.5475578308105469], [-0.38156983256340027, -0.9242528080940247, 0.012692222371697426, -0.08740234375], [0.0, 0.0, 0.0, 1.0]]], "view": [[0.0, -2.0, 100.0], [-2.0, 0.0, 100.0], [0.0, 0.0, 1.0]], "bev": "bev_a001946c37f44dc09dec46d0145bd973.png", "aux": "aux_a001946c37f44dc09dec46d0145bd973.npz", "visibility": "visibility_a001946c37f44dc09dec46d0145bd973.png", "pose": [[0.7092241048812866, 0.7049830555915833, 0.0, 1756.743408203125], [-0.7049830555915833, 0.7092241048812866, 0.0, 1219.9862060546875], [0.0, 0.0, 1.0, 0.0], [0.0, 0.0, 0.0, 1.0]], "pose_inverse": [[0.7092241048812866, -0.7049830555915833, 0.0, -385.8551940917969], [0.7049830555915833, 0.7092241048812866, 0.0, -2103.718017578125], [0.0, 0.0, 1.0, 0.0], [0.0, 0.0, 0.0, 1.0]], "cam_ids": [0, 1, 2, 3, 4, 5], "cam_channels": ["CAM_FRONT_LEFT", "CAM_FRONT", "CAM_FRONT_RIGHT", "CAM_BACK_LEFT", "CAM_BACK", "CAM_BACK_RIGHT"], "token": "a001946c37f44dc09dec46d0145bd973", "scene": "scene-0599"}, {"images": ["samples/CAM_FRONT_LEFT/n008-2018-09-18-13-41-50-0400__CAM_FRONT_LEFT__1537293297254799.jpg", "samples/CAM_FRONT/n008-2018-09-18-13-41-50-0400__CAM_FRONT__1537293297262404.jpg", "samples/CAM_FRONT_RIGHT/n008-2018-09-18-13-41-50-0400__CAM_FRONT_RIGHT__1537293297270482.jpg", "samples/CAM_BACK_LEFT/n008-2018-09-18-13-41-50-0400__CAM_BACK_LEFT__1537293297297405.jpg", "samples/CAM_BACK/n008-2018-09-18-13-41-50-0400__CAM_BACK__1537293297287558.jpg", "samples/CAM_BACK_RIGHT/n008-2018-09-18-13-41-50-0400__CAM_BACK_RIGHT__1537293297278113.jpg"], "intrinsics": [[[1257.8625342125129, 0.0, 827.2410631095686], [0.0, 1257.8625342125129, 450.915498205774], [0.0, 0.0, 1.0]], [[1252.8131021185304, 0.0, 826.588114781398], [0.0, 1252.8131021185304, 469.9846626224581], [0.0, 0.0, 1.0]], [[1256.7485116440405, 0.0, 817.7887570959712], [0.0, 1256.7485116440403, 451.9541780095127], [0.0, 0.0, 1.0]], [[1254.9860565800168, 0.0, 829.5769333630991], [0.0, 1254.9860565800168, 467.1680561863987], [0.0, 0.0, 1.0]], [[796.8910634503094, 0.0, 857.7774326863696], [0.0, 796.8910634503094, 476.8848988407415], [0.0, 0.0, 1.0]], [[1249.9629280788233, 0.0, 825.3768045375984], [0.0, 1249.9629280788233, 462.54816385708756], [0.0, 0.0, 1.0]]], "extrinsics": [[[0.8258653283119202, -0.5638643503189087, -0.0018431402277201414, -0.81109619140625], [0.001679150853306055, 0.005728080868721008, -0.9999821782112122, 1.4887056350708008], [0.5638648867607117, 0.8258475661277771, 0.0056774369440972805, -1.19775390625], [0.0, 0.0, 0.0, 1.0]], [[0.015156727284193039, -0.9998838901519775, -0.0015610186383128166, 0.00634765625], [0.003541025100275874, 0.0016148644499480724, -0.9999924302101135, 1.4808616638183594], [0.9998788833618164, 0.0151510676369071, 0.00356508931145072, -1.53857421875], [0.0, 0.0, 0.0, 1.0]], [[-0.8419635891914368, -0.5395031571388245, -0.005813176278024912, 0.9605712890625], [0.011429434642195702, -0.007063013035804033, -0.9999096989631653, 1.49481201171875], [0.5394134521484375, -0.8419540524482727, 0.012113015167415142, -1.1964111328125], [0.0, 0.0, 0.0, 1.0]], [[0.9477669596672058, 0.31876638531684875, -0.011217682622373104, -1.13397216796875], [-0.014519578777253628, 0.007984011434018612, -0.9998626708984375, 1.5618915557861328], [-0.3186330497264862, 0.9477996826171875, 0.012195334769785404, -0.1593017578125], [0.0, 0.0, 0.0, 1.0]], [[0.007687931414693594, 0.9999704360961914, 0.0003625329118221998, -0.02783203125], [-0.012237615883350372, 0.0004566027782857418, -0.9999249577522278, 1.5672950744628906], [-0.9998956322669983, 0.007682968862354755, 0.012240763753652573, -0.018310546875], [0.0, 0.0, 0.0, 1.0]], [[-0.9248242378234863, 0.3803926706314087, -0.0012598519679158926, 1.056884765625], [-0.007776584010571241, -0.02221776731312275, -0.9997228980064392, 1.5469093322753906], [-0.3803151547908783, -0.924558162689209, 0.023505685850977898, -0.08740234375], [0.0, 0.0, 0.0, 1.0]]], "view": [[0.0, -2.0, 100.0], [-2.0, 0.0, 100.0], [0.0, 0.0, 1.0]], "bev": "bev_546d42842df1464ca4946cde22d21efd.png", "aux": "aux_546d42842df1464ca4946cde22d21efd.npz", "visibility": "visibility_546d42842df1464ca4946cde22d21efd.png", "pose": [[0.6711644530296326, 0.7413085103034973, 0.0, 1758.58154296875], [-0.7413085103034973, 0.6711644530296326, 0.0, 1218.079345703125], [0.0, 0.0, 1.0, 0.0], [0.0, 0.0, 0.0, 1.0]], "pose_inverse": [[0.6711644530296326, -0.7413085103034973, 0.0, -277.3248291015625], [0.7413085103034973, 0.6711644530296326, 0.0, -2121.18310546875], [0.0, 0.0, 1.0, 0.0], [0.0, 0.0, 0.0, 1.0]], "cam_ids": [0, 1, 2, 3, 4, 5], "cam_channels": ["CAM_FRONT_LEFT", "CAM_FRONT", "CAM_FRONT_RIGHT", "CAM_BACK_LEFT", "CAM_BACK", "CAM_BACK_RIGHT"], "token": "546d42842df1464ca4946cde22d21efd", "scene": "scene-0599"}, {"images": ["samples/CAM_FRONT_LEFT/n008-2018-09-18-13-41-50-0400__CAM_FRONT_LEFT__1537293297754799.jpg", "samples/CAM_FRONT/n008-2018-09-18-13-41-50-0400__CAM_FRONT__1537293297762404.jpg", "samples/CAM_FRONT_RIGHT/n008-2018-09-18-13-41-50-0400__CAM_FRONT_RIGHT__1537293297770482.jpg", "samples/CAM_BACK_LEFT/n008-2018-09-18-13-41-50-0400__CAM_BACK_LEFT__1537293297797405.jpg", "samples/CAM_BACK/n008-2018-09-18-13-41-50-0400__CAM_BACK__1537293297787558.jpg", "samples/CAM_BACK_RIGHT/n008-2018-09-18-13-41-50-0400__CAM_BACK_RIGHT__1537293297778113.jpg"], "intrinsics": [[[1257.8625342125129, 0.0, 827.2410631095686], [0.0, 1257.8625342125129, 450.915498205774], [0.0, 0.0, 1.0]], [[1252.8131021185304, 0.0, 826.588114781398], [0.0, 1252.8131021185304, 469.9846626224581], [0.0, 0.0, 1.0]], [[1256.7485116440405, 0.0, 817.7887570959712], [0.0, 1256.7485116440403, 451.9541780095127], [0.0, 0.0, 1.0]], [[1254.9860565800168, 0.0, 829.5769333630991], [0.0, 1254.9860565800168, 467.1680561863987], [0.0, 0.0, 1.0]], [[796.8910634503094, 0.0, 857.7774326863696], [0.0, 796.8910634503094, 476.8848988407415], [0.0, 0.0, 1.0]], [[1249.9629280788233, 0.0, 825.3768045375984], [0.0, 1249.9629280788233, 462.54816385708756], [0.0, 0.0, 1.0]]], "extrinsics": [[[0.8273669481277466, -0.5616611838340759, -0.0008566605392843485, -0.8006591796875], [-0.0012962832115590572, -0.0003842909645754844, -0.9999991059303284, 1.4879710674285889], [0.5616603493690491, 0.8273672461509705, -0.0010460218181833625, -1.192626953125], [0.0, 0.0, 0.0, 1.0]], [[0.017383307218551636, -0.9998383522033691, 0.00460238428786397, 0.00732421875], [0.0007046156679280102, -0.004590827506035566, -0.9999892115592957, 1.4803075790405273], [0.9998486042022705, 0.017386334016919136, 0.0006246983539313078, -1.52874755859375], [0.0, 0.0, 0.0, 1.0]], [[-0.8410263657569885, -0.5409939885139465, -0.00015227873518597335, 0.9542236328125], [0.00879002921283245, -0.01338348537683487, -0.9998717904090881, 1.4944782257080078], [0.5409226417541504, -0.8409199714660645, 0.01601121760904789, -1.1912841796875], [0.0, 0.0, 0.0, 1.0]], [[0.9476922154426575, 0.31881266832351685, -0.01542527973651886, -1.1304931640625], [-0.016659466549754143, 0.001144611043855548, -0.9998605251312256, 1.5618152618408203], [-0.31875061988830566, 0.9478170871734619, 0.00639598723500967, -0.159912109375], [0.0, 0.0, 0.0, 1.0]], [[0.0069405692629516125, 0.9999561905860901, -0.006292406003922224, -0.027587890625], [-0.014476685784757137, -0.006191423628479242, -0.9998760223388672, 1.5670785903930664], [-0.9998711347579956, 0.007030756212770939, 0.014433079399168491, -0.02335357666015625], [0.0, 0.0, 0.0, 1.0]], [[-0.9253225326538086, 0.3791782259941101, -0.0014402499655261636, 1.0506591796875], [-0.010205192491412163, -0.0287006925791502, -0.9995359182357788, 1.5465660095214844], [-0.3790435492992401, -0.9248784780502319, 0.030426982790231705, -0.08984375], [0.0, 0.0, 0.0, 1.0]]], "view": [[0.0, -2.0, 100.0], [-2.0, 0.0, 100.0], [0.0, 0.0, 1.0]], "bev": "bev_6e06cb03afab4d1eb30b3e0d8eb4d19e.png", "aux": "aux_6e06cb03afab4d1eb30b3e0d8eb4d19e.npz", "visibility": "visibility_6e06cb03afab4d1eb30b3e0d8eb4d19e.png", "pose": [[0.6079135537147522, 0.7940032482147217, 0.0, 1760.248291015625], [-0.7940032482147217, 0.6079135537147522, 0.0, 1216.0772705078125], [0.0, 0.0, 1.0, 0.0], [0.0, 0.0, 0.0, 1.0]], "pose_inverse": [[0.6079135537147522, -0.7940032482147217, 0.0, -104.50949096679688], [0.7940032482147217, 0.6079135537147522, 0.0, -2136.91259765625], [0.0, 0.0, 1.0, 0.0], [0.0, 0.0, 0.0, 1.0]], "cam_ids": [0, 1, 2, 3, 4, 5], "cam_channels": ["CAM_FRONT_LEFT", "CAM_FRONT", "CAM_FRONT_RIGHT", "CAM_BACK_LEFT", "CAM_BACK", "CAM_BACK_RIGHT"], "token": "6e06cb03afab4d1eb30b3e0d8eb4d19e", "scene": "scene-0599"}, {"images": ["samples/CAM_FRONT_LEFT/n008-2018-09-18-13-41-50-0400__CAM_FRONT_LEFT__1537293298254799.jpg", "samples/CAM_FRONT/n008-2018-09-18-13-41-50-0400__CAM_FRONT__1537293298262404.jpg", "samples/CAM_FRONT_RIGHT/n008-2018-09-18-13-41-50-0400__CAM_FRONT_RIGHT__1537293298270482.jpg", "samples/CAM_BACK_LEFT/n008-2018-09-18-13-41-50-0400__CAM_BACK_LEFT__1537293298297405.jpg", "samples/CAM_BACK/n008-2018-09-18-13-41-50-0400__CAM_BACK__1537293298287558.jpg", "samples/CAM_BACK_RIGHT/n008-2018-09-18-13-41-50-0400__CAM_BACK_RIGHT__1537293298278113.jpg"], "intrinsics": [[[1257.8625342125129, 0.0, 827.2410631095686], [0.0, 1257.8625342125129, 450.915498205774], [0.0, 0.0, 1.0]], [[1252.8131021185304, 0.0, 826.588114781398], [0.0, 1252.8131021185304, 469.9846626224581], [0.0, 0.0, 1.0]], [[1256.7485116440405, 0.0, 817.7887570959712], [0.0, 1256.7485116440403, 451.9541780095127], [0.0, 0.0, 1.0]], [[1254.9860565800168, 0.0, 829.5769333630991], [0.0, 1254.9860565800168, 467.1680561863987], [0.0, 0.0, 1.0]], [[796.8910634503094, 0.0, 857.7774326863696], [0.0, 796.8910634503094, 476.8848988407415], [0.0, 0.0, 1.0]], [[1249.9629280788233, 0.0, 825.3768045375984], [0.0, 1249.9629280788233, 462.54816385708756], [0.0, 0.0, 1.0]]], "extrinsics": [[[0.8299669623374939, -0.5577924251556396, 0.004751274827867746, -0.80126953125], [0.0004878678300883621, -0.007791816722601652, -0.9999695420265198, 1.4883975982666016], [0.5578123927116394, 0.8299439549446106, -0.006194822024554014, -1.193359375], [0.0, 0.0, 0.0, 1.0]], [[0.021325767040252686, -0.9997054934501648, 0.011587276123464108, 0.0078125], [0.002859914442524314, -0.011528867296874523, -0.9999294281005859, 1.4807376861572266], [0.9997684955596924, 0.021357404068112373, 0.0026132091879844666, -1.5283203125], [0.0, 0.0, 0.0, 1.0]], [[-0.8392847180366516, -0.5436906814575195, 0.001300919335335493, 0.9530029296875], [0.011263825930655003, -0.019779887050390244, -0.9997408986091614, 1.4948883056640625], [0.5435754656791687, -0.8390526175498962, 0.022724993526935577, -1.18994140625], [0.0, 0.0, 0.0, 1.0]], [[0.9475968480110168, 0.319176584482193, -0.013656971044838428, -1.1290283203125], [-0.01320735178887844, -0.003573093330487609, -0.9999064207077026, 1.561835765838623], [-0.3191954493522644, 0.9476884603500366, 0.0008296271553263068, -0.1611328125], [0.0, 0.0, 0.0, 1.0]], [[0.005425513256341219, 0.9999180436134338, -0.0115960156545043, -0.0283203125], [-0.011449216865003109, -0.011533308774232864, -0.999867856502533, 1.567251205444336], [-0.9999197125434875, 0.0055575184524059296, 0.011385703459382057, -0.026092529296875], [0.0, 0.0, 0.0, 1.0]], [[-0.9262601137161255, 0.3768351078033447, -0.0061201369389891624, 1.04791259765625], [-0.007493462413549423, -0.034649599343538284, -0.9993714690208435, 1.5468826293945312], [-0.3768102526664734, -0.9256320595741272, 0.03491834178566933, -0.090087890625], [0.0, 0.0, 0.0, 1.0]]], "view": [[0.0, -2.0, 100.0], [-2.0, 0.0, 100.0], [0.0, 0.0, 1.0]], "bev": "bev_efc287f2396e420f9ff883682b25914e.png", "aux": "aux_efc287f2396e420f9ff883682b25914e.npz", "visibility": "visibility_efc287f2396e420f9ff883682b25914e.png", "pose": [[0.5073650479316711, 0.861731231212616, 0.0, 1761.7958984375], [-0.861731231212616, 0.5073650479316711, 0.0, 1213.803466796875], [0.0, 0.0, 1.0, 0.0], [0.0, 0.0, 0.0, 1.0]], "pose_inverse": [[0.5073650479316711, -0.861731231212616, 0.0, 152.0986785888672], [0.861731231212616, 0.5073650479316711, 0.0, -2134.035888671875], [0.0, 0.0, 1.0, 0.0], [0.0, 0.0, 0.0, 1.0]], "cam_ids": [0, 1, 2, 3, 4, 5], "cam_channels": ["CAM_FRONT_LEFT", "CAM_FRONT", "CAM_FRONT_RIGHT", "CAM_BACK_LEFT", "CAM_BACK", "CAM_BACK_RIGHT"], "token": "efc287f2396e420f9ff883682b25914e", "scene": "scene-0599"}, {"images": ["samples/CAM_FRONT_LEFT/n008-2018-09-18-13-41-50-0400__CAM_FRONT_LEFT__1537293298754799.jpg", "samples/CAM_FRONT/n008-2018-09-18-13-41-50-0400__CAM_FRONT__1537293298762404.jpg", "samples/CAM_FRONT_RIGHT/n008-2018-09-18-13-41-50-0400__CAM_FRONT_RIGHT__1537293298770482.jpg", "samples/CAM_BACK_LEFT/n008-2018-09-18-13-41-50-0400__CAM_BACK_LEFT__1537293298797405.jpg", "samples/CAM_BACK/n008-2018-09-18-13-41-50-0400__CAM_BACK__1537293298787558.jpg", "samples/CAM_BACK_RIGHT/n008-2018-09-18-13-41-50-0400__CAM_BACK_RIGHT__1537293298778119.jpg"], "intrinsics": [[[1257.8625342125129, 0.0, 827.2410631095686], [0.0, 1257.8625342125129, 450.915498205774], [0.0, 0.0, 1.0]], [[1252.8131021185304, 0.0, 826.588114781398], [0.0, 1252.8131021185304, 469.9846626224581], [0.0, 0.0, 1.0]], [[1256.7485116440405, 0.0, 817.7887570959712], [0.0, 1256.7485116440403, 451.9541780095127], [0.0, 0.0, 1.0]], [[1254.9860565800168, 0.0, 829.5769333630991], [0.0, 1254.9860565800168, 467.1680561863987], [0.0, 0.0, 1.0]], [[796.8910634503094, 0.0, 857.7774326863696], [0.0, 796.8910634503094, 476.8848988407415], [0.0, 0.0, 1.0]], [[1249.9629280788233, 0.0, 825.3768045375984], [0.0, 1249.9629280788233, 462.54816385708756], [0.0, 0.0, 1.0]]], "extrinsics": [[[0.8304851651191711, -0.5569762587547302, 0.008485914207994938, -0.79931640625], [0.008918549865484238, -0.0019369543297216296, -0.999958336353302, 1.490509033203125], [0.5569695234298706, 0.8305262327194214, 0.0033588088117539883, -1.193115234375], [0.0, 0.0, 0.0, 1.0]], [[0.02220712974667549, -0.999735414981842, 0.005996993742883205, 0.008544921875], [0.010925586335361004, -0.00575543288141489, -0.9999237656593323, 1.4824371337890625], [0.9996936917304993, 0.022270942106842995, 0.010794883593916893, -1.526397705078125], [0.0, 0.0, 0.0, 1.0]], [[-0.8388695120811462, -0.5442692041397095, -0.00830445159226656, 0.9521484375], [0.01903429627418518, -0.01408341620117426, -0.9997196197509766, 1.4961891174316406], [0.5439996719360352, -0.8387924432754517, 0.02217392809689045, -1.18896484375], [0.0, 0.0, 0.0, 1.0]], [[0.9476011395454407, 0.3194066286087036, -0.0056194402277469635, -1.1270751953125], [-0.006515613757073879, 0.00173725257627666, -0.9999772310256958, 1.5619287490844727], [-0.319389671087265, 0.9476161599159241, 0.0037273545749485493, -0.1611328125], [0.0, 0.0, 0.0, 1.0]], [[0.00518517941236496, 0.9999685287475586, -0.006006376352161169, -0.02783203125], [-0.004397666547447443, -0.005983596667647362, -0.999972403049469, 1.5677461624145508], [-0.9999768733978271, 0.005211398471146822, 0.00436650263145566, -0.027008056640625], [0.0, 0.0, 0.0, 1.0]], [[-0.926379382610321, 0.3764317035675049, -0.010971862822771072, 1.04736328125], [4.716889816336334e-05, -0.029018668457865715, -0.9995788335800171, 1.5477943420410156], [-0.3765915334224701, -0.9259897470474243, 0.026864539831876755, -0.0906982421875], [0.0, 0.0, 0.0, 1.0]]], "view": [[0.0, -2.0, 100.0], [-2.0, 0.0, 100.0], [0.0, 0.0, 1.0]], "bev": "bev_9ec8935359904c03a7d46450c344f2d6.png", "aux": "aux_9ec8935359904c03a7d46450c344f2d6.npz", "visibility": "visibility_9ec8935359904c03a7d46450c344f2d6.png", "pose": [[0.3694424629211426, 0.9292536377906799, 0.0, 1763.0093994140625], [-0.9292536377906799, 0.3694424629211426, 0.0, 1211.3203125], [0.0, 0.0, 1.0, 0.0], [0.0, 0.0, 0.0, 1.0]], "pose_inverse": [[0.3694424629211426, -0.9292536377906799, 0.0, 474.2932434082031], [0.9292536377906799, 0.3694424629211426, 0.0, -2085.7958984375], [0.0, 0.0, 1.0, 0.0], [0.0, 0.0, 0.0, 1.0]], "cam_ids": [0, 1, 2, 3, 4, 5], "cam_channels": ["CAM_FRONT_LEFT", "CAM_FRONT", "CAM_FRONT_RIGHT", "CAM_BACK_LEFT", "CAM_BACK", "CAM_BACK_RIGHT"], "token": "9ec8935359904c03a7d46450c344f2d6", "scene": "scene-0599"}, {"images": ["samples/CAM_FRONT_LEFT/n008-2018-09-18-13-41-50-0400__CAM_FRONT_LEFT__1537293299154799.jpg", "samples/CAM_FRONT/n008-2018-09-18-13-41-50-0400__CAM_FRONT__1537293299162404.jpg", "samples/CAM_FRONT_RIGHT/n008-2018-09-18-13-41-50-0400__CAM_FRONT_RIGHT__1537293299170482.jpg", "samples/CAM_BACK_LEFT/n008-2018-09-18-13-41-50-0400__CAM_BACK_LEFT__1537293299197405.jpg", "samples/CAM_BACK/n008-2018-09-18-13-41-50-0400__CAM_BACK__1537293299187558.jpg", "samples/CAM_BACK_RIGHT/n008-2018-09-18-13-41-50-0400__CAM_BACK_RIGHT__1537293299178113.jpg"], "intrinsics": [[[1257.8625342125129, 0.0, 827.2410631095686], [0.0, 1257.8625342125129, 450.915498205774], [0.0, 0.0, 1.0]], [[1252.8131021185304, 0.0, 826.588114781398], [0.0, 1252.8131021185304, 469.9846626224581], [0.0, 0.0, 1.0]], [[1256.7485116440405, 0.0, 817.7887570959712], [0.0, 1256.7485116440403, 451.9541780095127], [0.0, 0.0, 1.0]], [[1254.9860565800168, 0.0, 829.5769333630991], [0.0, 1254.9860565800168, 467.1680561863987], [0.0, 0.0, 1.0]], [[796.8910634503094, 0.0, 857.7774326863696], [0.0, 796.8910634503094, 476.8848988407415], [0.0, 0.0, 1.0]], [[1249.9629280788233, 0.0, 825.3768045375984], [0.0, 1249.9629280788233, 462.54816385708756], [0.0, 0.0, 1.0]]], "extrinsics": [[[0.8305910229682922, -0.5568491816520691, 0.006128482520580292, -0.7841796875], [0.001928246463648975, -0.008129102177917957, -0.9999650716781616, 1.4887962341308594], [0.5568795800209045, 0.8305738568305969, -0.0056782192550599575, -1.18359375], [0.0, 0.0, 0.0, 1.0]], [[0.022188056260347366, -0.9996817111968994, 0.012002290226519108, 0.00927734375], [0.003906791098415852, -0.011918454430997372, -0.9999213218688965, 1.4810218811035156], [0.9997462034225464, 0.02223321609199047, 0.003641099203377962, -1.5123291015625], [0.0, 0.0, 0.0, 1.0]], [[-0.8389402031898499, -0.5442227721214294, 0.0009383520227856934, 0.9434814453125], [0.011955415830016136, -0.020153461024165154, -0.9997254014015198, 1.495147705078125], [0.5440922975540161, -0.8386986255645752, 0.02341395802795887, -1.18310546875], [0.0, 0.0, 0.0, 1.0]], [[0.9475874900817871, 0.31918296217918396, -0.01414800900965929, -1.1273422241210938], [-0.013727523386478424, -0.0035670949146151543, -0.9998994469642639, 1.561804175376892], [-0.3192013204097748, 0.947686493396759, 0.001001457218080759, -0.160888671875], [0.0, 0.0, 0.0, 1.0]], [[0.005237019155174494, 0.9999167919158936, -0.011793162673711777, -0.0279541015625], [-0.01150047592818737, -0.011732319369912148, -0.9998649954795837, 1.567194938659668], [-0.9999201893806458, 0.005371960811316967, 0.011438076384365559, -0.0306396484375], [0.0, 0.0, 0.0, 1.0]], [[-0.9264121055603027, 0.3764532506465912, -0.0066063073463737965, 1.0401611328125], [-0.0070831966586411, -0.03496864065527916, -0.9993633031845093, 1.5468673706054688], [-0.37644457817077637, -0.9257754683494568, 0.03506186604499817, -0.0933837890625], [0.0, 0.0, 0.0, 1.0]]], "view": [[0.0, -2.0, 100.0], [-2.0, 0.0, 100.0], [0.0, 0.0, 1.0]], "bev": "bev_77d445c4abe0402c85a9bc91e5dddfcc.png", "aux": "aux_77d445c4abe0402c85a9bc91e5dddfcc.npz", "visibility": "visibility_77d445c4abe0402c85a9bc91e5dddfcc.png", "pose": [[0.24920931458473206, 0.9684496521949768, 0.0, 1763.6971435546875], [-0.9684496521949768, 0.24920931458473206, 0.0, 1209.189697265625], [0.0, 0.0, 1.0, 0.0], [0.0, 0.0, 0.0, 1.0]], "pose_inverse": [[0.24920931458473206, -0.9684496521949768, 0.0, 731.5095825195312], [0.9684496521949768, 0.24920931458473206, 0.0, -2009.3931884765625], [0.0, 0.0, 1.0, 0.0], [0.0, 0.0, 0.0, 1.0]], "cam_ids": [0, 1, 2, 3, 4, 5], "cam_channels": ["CAM_FRONT_LEFT", "CAM_FRONT", "CAM_FRONT_RIGHT", "CAM_BACK_LEFT", "CAM_BACK", "CAM_BACK_RIGHT"], "token": "77d445c4abe0402c85a9bc91e5dddfcc", "scene": "scene-0599"}, {"images": ["samples/CAM_FRONT_LEFT/n008-2018-09-18-13-41-50-0400__CAM_FRONT_LEFT__1537293299654799.jpg", "samples/CAM_FRONT/n008-2018-09-18-13-41-50-0400__CAM_FRONT__1537293299662404.jpg", "samples/CAM_FRONT_RIGHT/n008-2018-09-18-13-41-50-0400__CAM_FRONT_RIGHT__1537293299670482.jpg", "samples/CAM_BACK_LEFT/n008-2018-09-18-13-41-50-0400__CAM_BACK_LEFT__1537293299697405.jpg", "samples/CAM_BACK/n008-2018-09-18-13-41-50-0400__CAM_BACK__1537293299687558.jpg", "samples/CAM_BACK_RIGHT/n008-2018-09-18-13-41-50-0400__CAM_BACK_RIGHT__1537293299678113.jpg"], "intrinsics": [[[1257.8625342125129, 0.0, 827.2410631095686], [0.0, 1257.8625342125129, 450.915498205774], [0.0, 0.0, 1.0]], [[1252.8131021185304, 0.0, 826.588114781398], [0.0, 1252.8131021185304, 469.9846626224581], [0.0, 0.0, 1.0]], [[1256.7485116440405, 0.0, 817.7887570959712], [0.0, 1256.7485116440403, 451.9541780095127], [0.0, 0.0, 1.0]], [[1254.9860565800168, 0.0, 829.5769333630991], [0.0, 1254.9860565800168, 467.1680561863987], [0.0, 0.0, 1.0]], [[796.8910634503094, 0.0, 857.7774326863696], [0.0, 796.8910634503094, 476.8848988407415], [0.0, 0.0, 1.0]], [[1249.9629280788233, 0.0, 825.3768045375984], [0.0, 1249.9629280788233, 462.54816385708756], [0.0, 0.0, 1.0]]], "extrinsics": [[[0.8300614953041077, -0.5576246380805969, 0.007265252061188221, -0.7750244140625], [0.006616564933210611, -0.0031793781090527773, -0.9999730587005615, 1.4901342391967773], [0.5576326847076416, 0.8300872445106506, 0.0010504791280254722, -1.1739501953125], [0.0, 0.0, 0.0, 1.0]], [[0.021369438618421555, -0.9997473955154419, 0.006960633676499128, 0.00732421875], [0.008401207625865936, -0.006782413925975561, -0.9999417066574097, 1.4821014404296875], [0.9997363686561584, 0.021426668390631676, 0.008254148997366428, -1.50189208984375], [0.0, 0.0, 0.0, 1.0]], [[-0.8392881155014038, -0.5436577796936035, -0.00563608156517148, 0.9356536865234375], [0.016362540423870087, -0.014895737171173096, -0.9997551441192627, 1.4960365295410156], [0.5434406995773315, -0.8391748070716858, 0.021397436037659645, -1.179931640625], [0.0, 0.0, 0.0, 1.0]], [[0.9476149678230286, 0.3193087875843048, -0.008232610300183296, -1.127044677734375], [-0.009316699579358101, 0.0018678010674193501, -0.9999548196792603, 1.5618791580200195], [-0.3192790150642395, 0.9476488828659058, 0.004744860343635082, -0.161376953125], [0.0, 0.0, 0.0, 1.0]], [[0.005569182336330414, 0.9999643564224243, -0.0063507347367703915, -0.0272216796875], [-0.007076743524521589, -0.006311262026429176, -0.9999549984931946, 1.5674986839294434], [-0.9999594688415527, 0.005613872315734625, 0.007041342556476593, -0.033935546875], [0.0, 0.0, 0.0, 1.0]], [[-0.9261719584465027, 0.3770010471343994, -0.008701835758984089, 1.03515625], [-0.0026678163558244705, -0.02962549217045307, -0.9995574951171875, 1.547393798828125], [-0.37709200382232666, -0.9257388710975647, 0.028444068506360054, -0.0966796875], [0.0, 0.0, 0.0, 1.0]]], "view": [[0.0, -2.0, 100.0], [-2.0, 0.0, 100.0], [0.0, 0.0, 1.0]], "bev": "bev_fcaa8be57c294c1fb8b5c06795bdac76.png", "aux": "aux_fcaa8be57c294c1fb8b5c06795bdac76.npz", "visibility": "visibility_fcaa8be57c294c1fb8b5c06795bdac76.png", "pose": [[0.09469304978847504, 0.9955065250396729, 0.0, 1764.2161865234375], [-0.9955065250396729, 0.09469304978847504, 0.0, 1206.254638671875], [0.0, 0.0, 1.0, 0.0], [0.0, 0.0, 0.0, 1.0]], "pose_inverse": [[0.09469304978847504, -0.9955065250396729, 0.0, 1033.775390625], [0.9955065250396729, 0.09469304978847504, 0.0, -1870.5126953125], [0.0, 0.0, 1.0, 0.0], [0.0, 0.0, 0.0, 1.0]], "cam_ids": [0, 1, 2, 3, 4, 5], "cam_channels": ["CAM_FRONT_LEFT", "CAM_FRONT", "CAM_FRONT_RIGHT", "CAM_BACK_LEFT", "CAM_BACK", "CAM_BACK_RIGHT"], "token": "fcaa8be57c294c1fb8b5c06795bdac76", "scene": "scene-0599"}, {"images": ["samples/CAM_FRONT_LEFT/n008-2018-09-18-13-41-50-0400__CAM_FRONT_LEFT__1537293300154799.jpg", "samples/CAM_FRONT/n008-2018-09-18-13-41-50-0400__CAM_FRONT__1537293300162404.jpg", "samples/CAM_FRONT_RIGHT/n008-2018-09-18-13-41-50-0400__CAM_FRONT_RIGHT__1537293300170482.jpg", "samples/CAM_BACK_LEFT/n008-2018-09-18-13-41-50-0400__CAM_BACK_LEFT__1537293300197405.jpg", "samples/CAM_BACK/n008-2018-09-18-13-41-50-0400__CAM_BACK__1537293300187558.jpg", "samples/CAM_BACK_RIGHT/n008-2018-09-18-13-41-50-0400__CAM_BACK_RIGHT__1537293300178113.jpg"], "intrinsics": [[[1257.8625342125129, 0.0, 827.2410631095686], [0.0, 1257.8625342125129, 450.915498205774], [0.0, 0.0, 1.0]], [[1252.8131021185304, 0.0, 826.588114781398], [0.0, 1252.8131021185304, 469.9846626224581], [0.0, 0.0, 1.0]], [[1256.7485116440405, 0.0, 817.7887570959712], [0.0, 1256.7485116440403, 451.9541780095127], [0.0, 0.0, 1.0]], [[1254.9860565800168, 0.0, 829.5769333630991], [0.0, 1254.9860565800168, 467.1680561863987], [0.0, 0.0, 1.0]], [[796.8910634503094, 0.0, 857.7774326863696], [0.0, 796.8910634503094, 476.8848988407415], [0.0, 0.0, 1.0]], [[1249.9629280788233, 0.0, 825.3768045375984], [0.0, 1249.9629280788233, 462.54816385708756], [0.0, 0.0, 1.0]]], "extrinsics": [[[0.8287748694419861, -0.5595747828483582, -0.0028736242093145847, -0.7777099609375], [0.006345412693917751, 0.014532789587974548, -0.9998742341995239, 1.4901084899902344], [0.5595461130142212, 0.8286524415016174, 0.015595142729580402, -1.17510986328125], [0.0, 0.0, 0.0, 1.0]], [[0.019490456208586693, -0.9997546672821045, -0.01052003912627697, 0.007080078125], [0.008299797773361206, 0.01068346481770277, -0.999908447265625, 1.4821085929870605], [0.9997755289077759, 0.01940135657787323, 0.0085059879347682, -1.5042724609375], [0.0, 0.0, 0.0, 1.0]], [[-0.8400692939758301, -0.5422708988189697, -0.015027958899736404, 0.9376220703125], [0.016374822705984116, 0.00234184879809618, -0.9998632073402405, 1.4960384368896484], [0.5422318577766418, -0.8402004241943359, 0.006912274286150932, -1.180908203125], [0.0, 0.0, 0.0, 1.0]], [[0.9476631879806519, 0.3192620873451233, -0.002512793056666851, -1.12799072265625], [-0.008908377960324287, 0.018573710694909096, -0.9997878074645996, 1.5618972778320312], [-0.31914767622947693, 0.9474843740463257, 0.020445726811885834, -0.1614990234375], [0.0, 0.0, 0.0, 1.0]], [[0.006138689815998077, 0.9999258518218994, 0.010521401651203632, -0.02783203125], [-0.006850645877420902, 0.01056340616196394, -0.9999207258224487, 1.5675430297851562], [-0.9999577403068542, 0.006066121626645327, 0.006914983503520489, -0.0323486328125], [0.0, 0.0, 0.0, 1.0]], [[-0.9257853031158447, 0.3780422806739807, -0.0023501852992922068, 1.0367431640625], [-0.002580446656793356, -0.012535455636680126, -0.9999181032180786, 1.5474529266357422], [-0.37804079055786133, -0.9257034063339233, 0.012580659240484238, -0.0953369140625], [0.0, 0.0, 0.0, 1.0]]], "view": [[0.0, -2.0, 100.0], [-2.0, 0.0, 100.0], [0.0, 0.0, 1.0]], "bev": "bev_ddb7dbc4c6a14646b1f09f133efdc2cd.png", "aux": "aux_ddb7dbc4c6a14646b1f09f133efdc2cd.npz", "visibility": "visibility_ddb7dbc4c6a14646b1f09f133efdc2cd.png", "pose": [[-0.04628365859389305, 0.9989283084869385, 0.0, 1764.29638671875], [-0.9989283084869385, -0.04628365859389305, 0.0, 1203.2156982421875], [0.0, 0.0, 1.0, 0.0], [0.0, 0.0, 0.0, 1.0]], "pose_inverse": [[-0.04628365859389305, -0.9989283084869385, 0.0, 1283.5843505859375], [0.9989283084869385, -0.04628365859389305, 0.0, -1706.7164306640625], [0.0, 0.0, 1.0, 0.0], [0.0, 0.0, 0.0, 1.0]], "cam_ids": [0, 1, 2, 3, 4, 5], "cam_channels": ["CAM_FRONT_LEFT", "CAM_FRONT", "CAM_FRONT_RIGHT", "CAM_BACK_LEFT", "CAM_BACK", "CAM_BACK_RIGHT"], "token": "ddb7dbc4c6a14646b1f09f133efdc2cd", "scene": "scene-0599"}, {"images": ["samples/CAM_FRONT_LEFT/n008-2018-09-18-13-41-50-0400__CAM_FRONT_LEFT__1537293300604799.jpg", "samples/CAM_FRONT/n008-2018-09-18-13-41-50-0400__CAM_FRONT__1537293300612404.jpg", "samples/CAM_FRONT_RIGHT/n008-2018-09-18-13-41-50-0400__CAM_FRONT_RIGHT__1537293300620482.jpg", "samples/CAM_BACK_LEFT/n008-2018-09-18-13-41-50-0400__CAM_BACK_LEFT__1537293300647405.jpg", "samples/CAM_BACK/n008-2018-09-18-13-41-50-0400__CAM_BACK__1537293300637558.jpg", "samples/CAM_BACK_RIGHT/n008-2018-09-18-13-41-50-0400__CAM_BACK_RIGHT__1537293300628113.jpg"], "intrinsics": [[[1257.8625342125129, 0.0, 827.2410631095686], [0.0, 1257.8625342125129, 450.915498205774], [0.0, 0.0, 1.0]], [[1252.8131021185304, 0.0, 826.588114781398], [0.0, 1252.8131021185304, 469.9846626224581], [0.0, 0.0, 1.0]], [[1256.7485116440405, 0.0, 817.7887570959712], [0.0, 1256.7485116440403, 451.9541780095127], [0.0, 0.0, 1.0]], [[1254.9860565800168, 0.0, 829.5769333630991], [0.0, 1254.9860565800168, 467.1680561863987], [0.0, 0.0, 1.0]], [[796.8910634503094, 0.0, 857.7774326863696], [0.0, 796.8910634503094, 476.8848988407415], [0.0, 0.0, 1.0]], [[1249.9629280788233, 0.0, 825.3768045375984], [0.0, 1249.9629280788233, 462.54816385708756], [0.0, 0.0, 1.0]]], "extrinsics": [[[0.8283713459968567, -0.5601706504821777, -0.003109533805400133, -0.7568359375], [0.012058132328093052, 0.023380499333143234, -0.9996538758277893, 1.4919929504394531], [0.5600495934486389, 0.8280472159385681, 0.02612234838306904, -1.162353515625], [0.0, 0.0, 0.0, 1.0]], [[0.018956774845719337, -0.9996374249458313, -0.019122619181871414, 0.0079345703125], [0.014239425770938396, 0.019394051283597946, -0.9997105598449707, 1.4837894439697266], [0.9997189044952393, 0.01867901161313057, 0.014601911418139935, -1.4833984375], [0.0, 0.0, 0.0, 1.0]], [[-0.8401786684989929, -0.5417417287826538, -0.0248140599578619, 0.923065185546875], [0.02251598611474037, 0.010870217345654964, -0.9996873736381531, 1.4975595474243164], [0.5418421030044556, -0.8404747247695923, 0.0030649248510599136, -1.17138671875], [0.0, 0.0, 0.0, 1.0]], [[0.947624683380127, 0.31932923197746277, 0.006028176750987768, -1.12579345703125], [-0.002466559410095215, 0.02619071863591671, -0.9996539354324341, 1.5620040893554688], [-0.3193765878677368, 0.9472818374633789, 0.025606617331504822, -0.1619873046875], [0.0, 0.0, 0.0, 1.0]], [[0.006188177037984133, 0.9998083710670471, 0.01857222244143486, -0.02783203125], [-0.00048226435319520533, 0.018575558438897133, -0.9998273253440857, 1.5680313110351562], [-0.9999807476997375, 0.006178134121000767, 0.0005971210775896907, -0.0404052734375], [0.0, 0.0, 0.0, 1.0]], [[-0.9256532788276672, 0.3783394694328308, -0.005016646347939968, 1.0242919921875], [0.0036867856979370117, -0.004239266738295555, -0.9999842047691345, 1.5483512878417969], [-0.3783548176288605, -0.9256571531295776, 0.0025292355567216873, -0.10052490234375], [0.0, 0.0, 0.0, 1.0]]], "view": [[0.0, -2.0, 100.0], [-2.0, 0.0, 100.0], [0.0, 0.0, 1.0]], "bev": "bev_ca42c22c89b04b6cb59134d9441ecc01.png", "aux": "aux_ca42c22c89b04b6cb59134d9441ecc01.npz", "visibility": "visibility_ca42c22c89b04b6cb59134d9441ecc01.png", "pose": [[-0.15439632534980774, 0.988008975982666, 0.0, 1764.0125732421875], [-0.988008975982666, -0.15439632534980774, 0.0, 1200.3621826171875], [0.0, 0.0, 1.0, 0.0], [0.0, 0.0, 0.0, 1.0]], "pose_inverse": [[-0.15439632534980774, -0.988008975982666, 0.0, 1458.32568359375], [0.988008975982666, -0.15439632534980774, 0.0, -1557.52880859375], [0.0, 0.0, 1.0, 0.0], [0.0, 0.0, 0.0, 1.0]], "cam_ids": [0, 1, 2, 3, 4, 5], "cam_channels": ["CAM_FRONT_LEFT", "CAM_FRONT", "CAM_FRONT_RIGHT", "CAM_BACK_LEFT", "CAM_BACK", "CAM_BACK_RIGHT"], "token": "ca42c22c89b04b6cb59134d9441ecc01", "scene": "scene-0599"}, {"images": ["samples/CAM_FRONT_LEFT/n008-2018-09-18-13-41-50-0400__CAM_FRONT_LEFT__1537293301104799.jpg", "samples/CAM_FRONT/n008-2018-09-18-13-41-50-0400__CAM_FRONT__1537293301112404.jpg", "samples/CAM_FRONT_RIGHT/n008-2018-09-18-13-41-50-0400__CAM_FRONT_RIGHT__1537293301120482.jpg", "samples/CAM_BACK_LEFT/n008-2018-09-18-13-41-50-0400__CAM_BACK_LEFT__1537293301147405.jpg", "samples/CAM_BACK/n008-2018-09-18-13-41-50-0400__CAM_BACK__1537293301137558.jpg", "samples/CAM_BACK_RIGHT/n008-2018-09-18-13-41-50-0400__CAM_BACK_RIGHT__1537293301128113.jpg"], "intrinsics": [[[1257.8625342125129, 0.0, 827.2410631095686], [0.0, 1257.8625342125129, 450.915498205774], [0.0, 0.0, 1.0]], [[1252.8131021185304, 0.0, 826.588114781398], [0.0, 1252.8131021185304, 469.9846626224581], [0.0, 0.0, 1.0]], [[1256.7485116440405, 0.0, 817.7887570959712], [0.0, 1256.7485116440403, 451.9541780095127], [0.0, 0.0, 1.0]], [[1254.9860565800168, 0.0, 829.5769333630991], [0.0, 1254.9860565800168, 467.1680561863987], [0.0, 0.0, 1.0]], [[796.8910634503094, 0.0, 857.7774326863696], [0.0, 796.8910634503094, 476.8848988407415], [0.0, 0.0, 1.0]], [[1249.9629280788233, 0.0, 825.3768045375984], [0.0, 1249.9629280788233, 462.54816385708756], [0.0, 0.0, 1.0]]], "extrinsics": [[[0.8272650241851807, -0.5618118047714233, -7.921826181700453e-05, -0.76025390625], [0.014109684154391289, 0.02091739885509014, -0.9996816515922546, 1.4924821853637695], [0.5616346001625061, 0.8270005583763123, 0.025231219828128815, -1.166656494140625], [0.0, 0.0, 0.0, 1.0]], [[0.01730380207300186, -0.9997125267982483, -0.016591651365160942, 0.0093994140625], [0.016032934188842773, 0.0168694369494915, -0.9997291564941406, 1.4841172695159912], [0.9997217059135437, 0.017033111304044724, 0.016320232301950455, -1.4886474609375], [0.0, 0.0, 0.0, 1.0]], [[-0.8408851027488708, -0.5406503081321716, -0.02469003200531006, 0.928466796875], [0.024032801389694214, 0.008273796178400517, -0.9996769428253174, 1.4977092742919922], [0.5406798720359802, -0.8412067294120789, 0.0060360305942595005, -1.17333984375], [0.0, 0.0, 0.0, 1.0]], [[0.9476829171180725, 0.3191589415073395, 0.005869540385901928, -1.126953125], [-0.001616562600247562, 0.023185759782791138, -0.9997298717498779, 1.5620155334472656], [-0.3192088305950165, 0.9474175572395325, 0.02248869091272354, -0.16162109375], [0.0, 0.0, 0.0, 1.0]], [[0.006791718769818544, 0.9998515844345093, 0.015829114243388176, -0.0283203125], [0.0005427291616797447, 0.015825791284441948, -0.9998745918273926, 1.568105697631836], [-0.99997675418