[{"images": ["samples/CAM_FRONT_LEFT/n015-2018-09-25-13-17-43+0800__CAM_FRONT_LEFT__1537852954154844.jpg", "samples/CAM_FRONT/n015-2018-09-25-13-17-43+0800__CAM_FRONT__1537852954162460.jpg", "samples/CAM_FRONT_RIGHT/n015-2018-09-25-13-17-43+0800__CAM_FRONT_RIGHT__1537852954170339.jpg", "samples/CAM_BACK_LEFT/n015-2018-09-25-13-17-43+0800__CAM_BACK_LEFT__1537852954197423.jpg", "samples/CAM_BACK/n015-2018-09-25-13-17-43+0800__CAM_BACK__1537852954187525.jpg", "samples/CAM_BACK_RIGHT/n015-2018-09-25-13-17-43+0800__CAM_BACK_RIGHT__1537852954177893.jpg"], "intrinsics": [[[1272.5979470598488, 0.0, 826.6154927353808], [0.0, 1272.5979470598488, 479.75165386361925], [0.0, 0.0, 1.0]], [[1266.417203046554, 0.0, 816.2670197447984], [0.0, 1266.417203046554, 491.50706579294757], [0.0, 0.0, 1.0]], [[1260.8474446004698, 0.0, 807.968244525554], [0.0, 1260.8474446004698, 495.3344268742088], [0.0, 0.0, 1.0]], [[1256.7414812095406, 0.0, 792.1125740759628], [0.0, 1256.7414812095406, 492.7757465151356], [0.0, 0.0, 1.0]], [[809.2209905677063, 0.0, 829.2196003259838], [0.0, 809.2209905677063, 481.77842384512485], [0.0, 0.0, 1.0]], [[1259.5137405846733, 0.0, 807.2529053838625], [0.0, 1259.5137405846733, 501.19579884916527], [0.0, 0.0, 1.0]]], "extrinsics": [[[0.8207605481147766, -0.571254551410675, 0.004515590146183968, -0.96490478515625], [0.0031134916935116053, -0.003431238466873765, -0.9999892711639404, 1.5082484483718872], [0.57126384973526, 0.8207657933235168, -0.0010376288555562496, -1.2801513671875], [0.0, 0.0, 0.0, 1.0]], [[0.0056785657070577145, -0.999955952167511, 0.007474040612578392, 0.00506591796875], [-0.002180013107135892, -0.007486523129045963, -0.9999696612358093, 1.520533561706543], [0.9999815225601196, 0.005662112962454557, -0.002222429495304823, -1.69232177734375], [0.0, 0.0, 0.0, 1.0]], [[-0.832895815372467, -0.5533682107925415, -0.008256043307483196, 1.0322265625], [0.0034476439468562603, 0.009729642421007156, -0.9999467134475708, 1.503645420074463], [0.5534190535545349, -0.832879900932312, -0.006195961497724056, -1.2486572265625], [0.0, 0.0, 0.0, 1.0]], [[0.9477452039718628, 0.31899070739746094, 0.004910276737064123, -1.14227294921875], [0.012128284201025963, -0.02064528502523899, -0.9997132420539856, 1.5885558128356934], [-0.31879785656929016, 0.9475330114364624, -0.023435276001691818, -0.1036834716796875], [0.0, 0.0, 0.0, 1.0]], [[0.002442906843498349, 0.9999403357505798, -0.010659509338438511, 0.002777099609375], [-0.013307701796293259, -0.010626089759171009, -0.9998549818992615, 1.5793581008911133], [-0.9999085664749146, 0.0025844303891062737, 0.01328094583004713, 0.00201416015625], [0.0, 0.0, 0.0, 1.0]], [[-0.9347308278083801, 0.35497820377349854, -0.016395991668105125, 1.13629150390625], [0.01932464726269245, 0.004706185311079025, -0.9998021721839905, 1.5514507293701172], [-0.35483095049858093, -0.9348627924919128, -0.011258846148848534, -0.0635986328125], [0.0, 0.0, 0.0, 1.0]]], "view": [[0.0, -2.0, 100.0], [-2.0, 0.0, 100.0], [0.0, 0.0, 1.0]], "bev": "bev_aa298fdc84fb489a911a3f363d3beda9.png", "aux": "aux_aa298fdc84fb489a911a3f363d3beda9.npz", "visibility": "visibility_aa298fdc84fb489a911a3f363d3beda9.png", "pose": [[-0.573747456073761, 0.8190323114395142, 0.0, 295.6288146972656], [-0.8190323114395142, -0.573747456073761, 0.0, 915.5292358398438], [0.0, 0.0, 1.0, 0.0], [0.0, 0.0, 0.0, 1.0]], "pose_inverse": [[-0.573747456073761, -0.8190323114395142, 0.0, 919.4642944335938], [0.8190323114395142, -0.573747456073761, 0.0, 283.15301513671875], [0.0, 0.0, 1.0, 0.0], [0.0, 0.0, 0.0, 1.0]], "cam_ids": [0, 1, 2, 3, 4, 5], "cam_channels": ["CAM_FRONT_LEFT", "CAM_FRONT", "CAM_FRONT_RIGHT", "CAM_BACK_LEFT", "CAM_BACK", "CAM_BACK_RIGHT"], "token": "aa298fdc84fb489a911a3f363d3beda9", "scene": "scene-0968"}, {"images": ["samples/CAM_FRONT_LEFT/n015-2018-09-25-13-17-43+0800__CAM_FRONT_LEFT__1537852954604844.jpg", "samples/CAM_FRONT/n015-2018-09-25-13-17-43+0800__CAM_FRONT__1537852954612476.jpg", "samples/CAM_FRONT_RIGHT/n015-2018-09-25-13-17-43+0800__CAM_FRONT_RIGHT__1537852954620339.jpg", "samples/CAM_BACK_LEFT/n015-2018-09-25-13-17-43+0800__CAM_BACK_LEFT__1537852954647423.jpg", "samples/CAM_BACK/n015-2018-09-25-13-17-43+0800__CAM_BACK__1537852954637525.jpg", "samples/CAM_BACK_RIGHT/n015-2018-09-25-13-17-43+0800__CAM_BACK_RIGHT__1537852954628613.jpg"], "intrinsics": [[[1272.5979470598488, 0.0, 826.6154927353808], [0.0, 1272.5979470598488, 479.75165386361925], [0.0, 0.0, 1.0]], [[1266.417203046554, 0.0, 816.2670197447984], [0.0, 1266.417203046554, 491.50706579294757], [0.0, 0.0, 1.0]], [[1260.8474446004698, 0.0, 807.968244525554], [0.0, 1260.8474446004698, 495.3344268742088], [0.0, 0.0, 1.0]], [[1256.7414812095406, 0.0, 792.1125740759628], [0.0, 1256.7414812095406, 492.7757465151356], [0.0, 0.0, 1.0]], [[809.2209905677063, 0.0, 829.2196003259838], [0.0, 809.2209905677063, 481.77842384512485], [0.0, 0.0, 1.0]], [[1259.5137405846733, 0.0, 807.2529053838625], [0.0, 1259.5137405846733, 501.19579884916527], [0.0, 0.0, 1.0]]], "extrinsics": [[[0.8207616209983826, -0.5712519884109497, 0.004631473682820797, -0.9649658203125], [0.003155080834403634, -0.0035743440967053175, -0.9999886155128479, 1.5082484483718872], [0.5712619423866272, 0.8207669258117676, -0.0011313387658447027, -1.2801513671875], [0.0, 0.0, 0.0, 1.0]], [[0.005683066323399544, -0.9999547004699707, 0.007628764025866985, 0.00506591796875], [-0.002141285687685013, -0.007641039323061705, -0.9999685287475586, 1.520533561706543], [0.9999814033508301, 0.005666535347700119, -0.002184613374993205, -1.6922607421875], [0.0, 0.0, 0.0, 1.0]], [[-0.8328924775123596, -0.5533741116523743, -0.008195094764232635, 1.03228759765625], [0.003483808133751154, 0.009565016254782677, -0.9999481439590454, 1.50364351272583], [0.5534238219261169, -0.8328778147697449, -0.006038780324161053, -1.24871826171875], [0.0, 0.0, 0.0, 1.0]], [[0.9477439522743225, 0.3189942538738251, 0.004904540721327066, -1.1422119140625], [0.012175891548395157, -0.02080448530614376, -0.9997093677520752, 1.5885558128356934], [-0.3187994658946991, 0.9475282430648804, -0.023601366207003593, -0.10375404357910156], [0.0, 0.0, 0.0, 1.0]], [[0.002440121490508318, 0.9999385476112366, -0.010817769914865494, 0.00274658203125], [-0.013253938406705856, -0.0107845114544034, -0.9998539686203003, 1.5793571472167969], [-0.9999091625213623, 0.0025831549428403378, 0.013226808048784733, 0.001953125], [0.0, 0.0, 0.0, 1.0]], [[-0.9347316026687622, 0.35497161746025085, -0.016492299735546112, 1.1363525390625], [0.019371574744582176, 0.004558634012937546, -0.9998019933700562, 1.5514469146728516], [-0.3548261523246765, -0.9348659515380859, -0.011137458495795727, -0.0635986328125], [0.0, 0.0, 0.0, 1.0]]], "view": [[0.0, -2.0, 100.0], [-2.0, 0.0, 100.0], [0.0, 0.0, 1.0]], "bev": "bev_13aeffb591ab4ed3b2ddff22c8652236.png", "aux": "aux_13aeffb591ab4ed3b2ddff22c8652236.npz", "visibility": "visibility_13aeffb591ab4ed3b2ddff22c8652236.png", "pose": [[-0.5737619996070862, 0.8190220594406128, 0.0, 295.6288146972656], [-0.8190220594406128, -0.5737619996070862, 0.0, 915.529296875], [0.0, 0.0, 1.0, 0.0], [0.0, 0.0, 0.0, 1.0]], "pose_inverse": [[-0.5737619996070862, -0.8190220594406128, 0.0, 919.4592895507812], [0.8190220594406128, -0.5737619996070862, 0.0, 283.1694030761719], [0.0, 0.0, 1.0, 0.0], [0.0, 0.0, 0.0, 1.0]], "cam_ids": [0, 1, 2, 3, 4, 5], "cam_channels": ["CAM_FRONT_LEFT", "CAM_FRONT", "CAM_FRONT_RIGHT", "CAM_BACK_LEFT", "CAM_BACK", "CAM_BACK_RIGHT"], "token": "13aeffb591ab4ed3b2ddff22c8652236", "scene": "scene-0968"}, {"images": ["samples/CAM_FRONT_LEFT/n015-2018-09-25-13-17-43+0800__CAM_FRONT_LEFT__1537852955104844.jpg", "samples/CAM_FRONT/n015-2018-09-25-13-17-43+0800__CAM_FRONT__1537852955112460.jpg", "samples/CAM_FRONT_RIGHT/n015-2018-09-25-13-17-43+0800__CAM_FRONT_RIGHT__1537852955120339.jpg", "samples/CAM_BACK_LEFT/n015-2018-09-25-13-17-43+0800__CAM_BACK_LEFT__1537852955147423.jpg", "samples/CAM_BACK/n015-2018-09-25-13-17-43+0800__CAM_BACK__1537852955137525.jpg", "samples/CAM_BACK_RIGHT/n015-2018-09-25-13-17-43+0800__CAM_BACK_RIGHT__1537852955127893.jpg"], "intrinsics": [[[1272.5979470598488, 0.0, 826.6154927353808], [0.0, 1272.5979470598488, 479.75165386361925], [0.0, 0.0, 1.0]], [[1266.417203046554, 0.0, 816.2670197447984], [0.0, 1266.417203046554, 491.50706579294757], [0.0, 0.0, 1.0]], [[1260.8474446004698, 0.0, 807.968244525554], [0.0, 1260.8474446004698, 495.3344268742088], [0.0, 0.0, 1.0]], [[1256.7414812095406, 0.0, 792.1125740759628], [0.0, 1256.7414812095406, 492.7757465151356], [0.0, 0.0, 1.0]], [[809.2209905677063, 0.0, 829.2196003259838], [0.0, 809.2209905677063, 481.77842384512485], [0.0, 0.0, 1.0]], [[1259.5137405846733, 0.0, 807.2529053838625], [0.0, 1259.5137405846733, 501.19579884916527], [0.0, 0.0, 1.0]]], "extrinsics": [[[0.8207576274871826, -0.5712568759918213, 0.004743882920593023, -0.9649658203125], [0.003313537687063217, -0.003543442813679576, -0.9999881982803345, 1.5082480907440186], [0.5712669491767883, 0.8207636475563049, -0.0010154268238693476, -1.2801513671875], [0.0, 0.0, 0.0, 1.0]], [[0.005676307249814272, -0.9999551773071289, 0.007585594896227121, 0.005035400390625], [-0.001979735679924488, -0.007596940267831087, -0.9999691843986511, 1.5205330848693848], [0.9999819397926331, 0.005661028437316418, -0.0020227693021297455, -1.69232177734375], [0.0, 0.0, 0.0, 1.0]], [[-0.8328940868377686, -0.5533692240715027, -0.008364284411072731, 1.0322265625], [0.0036486696917563677, 0.009622663259506226, -0.9999470114707947, 1.5036444664001465], [0.5534204840660095, -0.8328804969787598, -0.0059955972246825695, -1.248748779296875], [0.0, 0.0, 0.0, 1.0]], [[0.94774329662323, 0.31899353861808777, 0.005063540302217007, -1.14215087890625], [0.012314227409660816, -0.02071721851825714, -0.9997095465660095, 1.5885562896728516], [-0.3187958896160126, 0.9475304484367371, -0.02356276661157608, -0.103729248046875], [0.0, 0.0, 0.0, 1.0]], [[0.002443872392177582, 0.9999393820762634, -0.010736624710261822, 0.002838134765625], [-0.013100223615765572, -0.010703721083700657, -0.9998568892478943, 1.5793571472167969], [-0.9999111890792847, 0.002584238303825259, 0.0130732711404562, 0.00189208984375], [0.0, 0.0, 0.0, 1.0]], [[-0.9347275495529175, 0.3549762964248657, -0.01662176288664341, 1.13623046875], [0.019533049315214157, 0.004619080573320389, -0.9997985363006592, 1.5514507293701172], [-0.35482797026634216, -0.9348639249801636, -0.011251351796090603, -0.06365966796875], [0.0, 0.0, 0.0, 1.0]]], "view": [[0.0, -2.0, 100.0], [-2.0, 0.0, 100.0], [0.0, 0.0, 1.0]], "bev": "bev_c6451286f94f4d79b362be84f53122d2.png", "aux": "aux_c6451286f94f4d79b362be84f53122d2.npz", "visibility": "visibility_c6451286f94f4d79b362be84f53122d2.png", "pose": [[-0.5738054513931274, 0.8189916610717773, 0.0, 295.6288146972656], [-0.8189916610717773, -0.5738054513931274, 0.0, 915.5294189453125], [0.0, 0.0, 1.0, 0.0], [0.0, 0.0, 0.0, 1.0]], "pose_inverse": [[-0.5738054513931274, -0.8189916610717773, 0.0, 919.4443969726562], [0.8189916610717773, -0.5738054513931274, 0.0, 283.2182312011719], [0.0, 0.0, 1.0, 0.0], [0.0, 0.0, 0.0, 1.0]], "cam_ids": [0, 1, 2, 3, 4, 5], "cam_channels": ["CAM_FRONT_LEFT", "CAM_FRONT", "CAM_FRONT_RIGHT", "CAM_BACK_LEFT", "CAM_BACK", "CAM_BACK_RIGHT"], "token": "c6451286f94f4d79b362be84f53122d2", "scene": "scene-0968"}, {"images": ["samples/CAM_FRONT_LEFT/n015-2018-09-25-13-17-43+0800__CAM_FRONT_LEFT__1537852955604844.jpg", "samples/CAM_FRONT/n015-2018-09-25-13-17-43+0800__CAM_FRONT__1537852955612460.jpg", "samples/CAM_FRONT_RIGHT/n015-2018-09-25-13-17-43+0800__CAM_FRONT_RIGHT__1537852955620339.jpg", "samples/CAM_BACK_LEFT/n015-2018-09-25-13-17-43+0800__CAM_BACK_LEFT__1537852955647423.jpg", "samples/CAM_BACK/n015-2018-09-25-13-17-43+0800__CAM_BACK__1537852955637525.jpg", "samples/CAM_BACK_RIGHT/n015-2018-09-25-13-17-43+0800__CAM_BACK_RIGHT__1537852955627893.jpg"], "intrinsics": [[[1272.5979470598488, 0.0, 826.6154927353808], [0.0, 1272.5979470598488, 479.75165386361925], [0.0, 0.0, 1.0]], [[1266.417203046554, 0.0, 816.2670197447984], [0.0, 1266.417203046554, 491.50706579294757], [0.0, 0.0, 1.0]], [[1260.8474446004698, 0.0, 807.968244525554], [0.0, 1260.8474446004698, 495.3344268742088], [0.0, 0.0, 1.0]], [[1256.7414812095406, 0.0, 792.1125740759628], [0.0, 1256.7414812095406, 492.7757465151356], [0.0, 0.0, 1.0]], [[809.2209905677063, 0.0, 829.2196003259838], [0.0, 809.2209905677063, 481.77842384512485], [0.0, 0.0, 1.0]], [[1259.5137405846733, 0.0, 807.2529053838625], [0.0, 1259.5137405846733, 501.19579884916527], [0.0, 0.0, 1.0]]], "extrinsics": [[[0.8207623362541199, -0.5712488889694214, 0.004873962141573429, -0.96484375], [0.003395503619685769, -0.003653397783637047, -0.9999876022338867, 1.5082480907440186], [0.571259617805481, 0.8207687139511108, -0.0010588938603177667, -1.2802734375], [0.0, 0.0, 0.0, 1.0]], [[0.005683833733201027, -0.9999541640281677, 0.007698818109929562, 0.005096435546875], [-0.0018999079475179315, -0.007709726691246033, -0.9999685287475586, 1.5205326080322266], [0.9999819397926331, 0.005669001489877701, -0.0019436422735452652, -1.69219970703125], [0.0, 0.0, 0.0, 1.0]], [[-0.8328894376754761, -0.5533761978149414, -0.008364852517843246, 1.0323486328125], [0.003726123133674264, 0.009507037699222565, -0.9999478459358215, 1.5036425590515137], [0.5534268021583557, -0.8328770995140076, -0.005856363568454981, -1.24871826171875], [0.0, 0.0, 0.0, 1.0]], [[0.9477420449256897, 0.3189965486526489, 0.005111565347760916, -1.1422119140625], [0.01240675151348114, -0.020841408520936966, -0.9997057914733887, 1.5885553359985352], [-0.3187962472438812, 0.9475266337394714, -0.023709991946816444, -0.10369300842285156], [0.0, 0.0, 0.0, 1.0]], [[0.0024418651591986418, 0.9999380111694336, -0.010861780494451523, 0.0028076171875], [-0.013026383705437183, -0.010829083621501923, -0.9998564720153809, 1.5793581008911133], [-0.9999122023582458, 0.0025830368977040052, 0.012999133206903934, 0.001953125], [0.0, 0.0, 0.0, 1.0]], [[-0.9347281455993652, 0.3549692928791046, -0.016736777499318123, 1.13623046875], [0.019611703231930733, 0.004502418451011181, -0.999797523021698, 1.55145263671875], [-0.3548220694065094, -0.9348670244216919, -0.011170092038810253, -0.06365966796875], [0.0, 0.0, 0.0, 1.0]]], "view": [[0.0, -2.0, 100.0], [-2.0, 0.0, 100.0], [0.0, 0.0, 1.0]], "bev": "bev_822f155394744fedb917b75875b720bb.png", "aux": "aux_822f155394744fedb917b75875b720bb.npz", "visibility": "visibility_822f155394744fedb917b75875b720bb.png", "pose": [[-0.5738362669944763, 0.8189700245857239, 0.0, 295.6287841796875], [-0.8189700245857239, -0.5738362669944763, 0.0, 915.5294799804688], [0.0, 0.0, 1.0, 0.0], [0.0, 0.0, 0.0, 1.0]], "pose_inverse": [[-0.5738362669944763, -0.8189700245857239, 0.0, 919.4337158203125], [0.8189700245857239, -0.5738362669944763, 0.0, 283.2528991699219], [0.0, 0.0, 1.0, 0.0], [0.0, 0.0, 0.0, 1.0]], "cam_ids": [0, 1, 2, 3, 4, 5], "cam_channels": ["CAM_FRONT_LEFT", "CAM_FRONT", "CAM_FRONT_RIGHT", "CAM_BACK_LEFT", "CAM_BACK", "CAM_BACK_RIGHT"], "token": "822f155394744fedb917b75875b720bb", "scene": "scene-0968"}, {"images": ["samples/CAM_FRONT_LEFT/n015-2018-09-25-13-17-43+0800__CAM_FRONT_LEFT__1537852956104844.jpg", "samples/CAM_FRONT/n015-2018-09-25-13-17-43+0800__CAM_FRONT__1537852956112460.jpg", "samples/CAM_FRONT_RIGHT/n015-2018-09-25-13-17-43+0800__CAM_FRONT_RIGHT__1537852956120339.jpg", "samples/CAM_BACK_LEFT/n015-2018-09-25-13-17-43+0800__CAM_BACK_LEFT__1537852956147423.jpg", "samples/CAM_BACK/n015-2018-09-25-13-17-43+0800__CAM_BACK__1537852956137525.jpg", "samples/CAM_BACK_RIGHT/n015-2018-09-25-13-17-43+0800__CAM_BACK_RIGHT__1537852956127893.jpg"], "intrinsics": [[[1272.5979470598488, 0.0, 826.6154927353808], [0.0, 1272.5979470598488, 479.75165386361925], [0.0, 0.0, 1.0]], [[1266.417203046554, 0.0, 816.2670197447984], [0.0, 1266.417203046554, 491.50706579294757], [0.0, 0.0, 1.0]], [[1260.8474446004698, 0.0, 807.968244525554], [0.0, 1260.8474446004698, 495.3344268742088], [0.0, 0.0, 1.0]], [[1256.7414812095406, 0.0, 792.1125740759628], [0.0, 1256.7414812095406, 492.7757465151356], [0.0, 0.0, 1.0]], [[809.2209905677063, 0.0, 829.2196003259838], [0.0, 809.2209905677063, 481.77842384512485], [0.0, 0.0, 1.0]], [[1259.5137405846733, 0.0, 807.2529053838625], [0.0, 1259.5137405846733, 501.19579884916527], [0.0, 0.0, 1.0]]], "extrinsics": [[[0.8207463622093201, -0.5712717771530151, 0.004896518308669329, -0.9649658203125], [0.003466604044660926, -0.0035906818229705095, -0.9999875426292419, 1.5082480907440186], [0.571282148361206, 0.8207530975341797, -0.0009666658588685095, -1.28021240234375], [0.0, 0.0, 0.0, 1.0]], [[0.005660810973495245, -0.9999547600746155, 0.007635153830051422, 0.0050048828125], [-0.0018250986468046904, -0.0076455953530967236, -0.9999691247940063, 1.5205333232879639], [0.9999822974205017, 0.005646622274070978, -0.0018682957161217928, -1.6922607421875], [0.0, 0.0, 0.0, 1.0]], [[-0.8328983783721924, -0.5533612370491028, -0.008466767147183418, 1.03228759765625], [0.0038051833398640156, 0.009572385810315609, -0.9999468922615051, 1.5036439895629883], [0.553412914276123, -0.8328863382339478, -0.0058671822771430016, -1.24871826171875], [0.0, 0.0, 0.0, 1.0]], [[0.9477424621582031, 0.31899404525756836, 0.005198922008275986, -1.14227294921875], [0.012476559728384018, -0.020775211974978447, -0.9997062683105469, 1.5885553359985352], [-0.31879234313964844, 0.9475289583206177, -0.023669498041272163, -0.10369110107421875], [0.0, 0.0, 0.0, 1.0]], [[0.002449238672852516, 0.9999387264251709, -0.010794201865792274, 0.0028076171875], [-0.012942184694111347, -0.010761634446680546, -0.9998583793640137, 1.5793581008911133], [-0.999913215637207, 0.0025885787326842546, 0.012915034778416157, 0.001953125], [0.0, 0.0, 0.0, 1.0]], [[-0.9347222447395325, 0.3549819886684418, -0.016792796552181244, 1.13623046875], [0.019696084782481194, 0.0045664370991289616, -0.9997956156730652, 1.5514507293701172], [-0.3548327684402466, -0.934861958026886, -0.011260106228291988, -0.06365966796875], [0.0, 0.0, 0.0, 1.0]]], "view": [[0.0, -2.0, 100.0], [-2.0, 0.0, 100.0], [0.0, 0.0, 1.0]], "bev": "bev_6c333a631e024c8fae02778e33dc977c.png", "aux": "aux_6c333a631e024c8fae02778e33dc977c.npz", "visibility": "visibility_6c333a631e024c8fae02778e33dc977c.png", "pose": [[-0.5737334489822388, 0.8190420866012573, 0.0, 295.62872314453125], [-0.8190420866012573, -0.5737334489822388, 0.0, 915.5294189453125], [0.0, 0.0, 1.0, 0.0], [0.0, 0.0, 0.0, 1.0]], "pose_inverse": [[-0.5737334489822388, -0.8190420866012573, 0.0, 919.4691772460938], [0.8190420866012573, -0.5737334489822388, 0.0, 283.1374816894531], [0.0, 0.0, 1.0, 0.0], [0.0, 0.0, 0.0, 1.0]], "cam_ids": [0, 1, 2, 3, 4, 5], "cam_channels": ["CAM_FRONT_LEFT", "CAM_FRONT", "CAM_FRONT_RIGHT", "CAM_BACK_LEFT", "CAM_BACK", "CAM_BACK_RIGHT"], "token": "6c333a631e024c8fae02778e33dc977c", "scene": "scene-0968"}, {"images": ["samples/CAM_FRONT_LEFT/n015-2018-09-25-13-17-43+0800__CAM_FRONT_LEFT__1537852956604844.jpg", "samples/CAM_FRONT/n015-2018-09-25-13-17-43+0800__CAM_FRONT__1537852956612460.jpg", "samples/CAM_FRONT_RIGHT/n015-2018-09-25-13-17-43+0800__CAM_FRONT_RIGHT__1537852956620339.jpg", "samples/CAM_BACK_LEFT/n015-2018-09-25-13-17-43+0800__CAM_BACK_LEFT__1537852956647423.jpg", "samples/CAM_BACK/n015-2018-09-25-13-17-43+0800__CAM_BACK__1537852956637525.jpg", "samples/CAM_BACK_RIGHT/n015-2018-09-25-13-17-43+0800__CAM_BACK_RIGHT__1537852956627893.jpg"], "intrinsics": [[[1272.5979470598488, 0.0, 826.6154927353808], [0.0, 1272.5979470598488, 479.75165386361925], [0.0, 0.0, 1.0]], [[1266.417203046554, 0.0, 816.2670197447984], [0.0, 1266.417203046554, 491.50706579294757], [0.0, 0.0, 1.0]], [[1260.8474446004698, 0.0, 807.968244525554], [0.0, 1260.8474446004698, 495.3344268742088], [0.0, 0.0, 1.0]], [[1256.7414812095406, 0.0, 792.1125740759628], [0.0, 1256.7414812095406, 492.7757465151356], [0.0, 0.0, 1.0]], [[809.2209905677063, 0.0, 829.2196003259838], [0.0, 809.2209905677063, 481.77842384512485], [0.0, 0.0, 1.0]], [[1259.5137405846733, 0.0, 807.2529053838625], [0.0, 1259.5137405846733, 501.19579884916527], [0.0, 0.0, 1.0]]], "extrinsics": [[[0.8207510709762573, -0.5712645649909973, 0.0049505275674164295, -0.96490478515625], [0.0035580156836658716, -0.003553904825821519, -0.9999873638153076, 1.5082480907440186], [0.5712748765945435, 0.8207582831382751, -0.0008843032992444932, -1.28021240234375], [0.0, 0.0, 0.0, 1.0]], [[0.005666793789714575, -0.999954879283905, 0.007614971604198217, 0.00506591796875], [-0.001740566804073751, -0.007624946068972349, -0.9999694228172302, 1.520533800125122], [0.9999823570251465, 0.005653365980833769, -0.001783697516657412, -1.6922607421875], [0.0, 0.0, 0.0, 1.0]], [[-0.8328953981399536, -0.553364634513855, -0.008533415384590626, 1.0323486328125], [0.0038824868388473988, 0.009576424024999142, -0.9999465942382812, 1.5036444664001465], [0.5534167885780334, -0.8328840136528015, -0.005827727727591991, -1.24871826171875], [0.0, 0.0, 0.0, 1.0]], [[0.9477416276931763, 0.31899508833885193, 0.005282090976834297, -1.1422119140625], [0.012559663504362106, -0.020761389285326004, -0.9997055530548096, 1.5885558128356934], [-0.3187914490699768, 0.9475290179252625, -0.02368290349841118, -0.103729248046875], [0.0, 0.0, 0.0, 1.0]], [[0.0024486754555255175, 0.9999389052391052, -0.010781745426356792, 0.002838134765625], [-0.012859678827226162, -0.010749396868050098, -0.9998595714569092, 1.5793571472167969], [-0.999914288520813, 0.0025870453100651503, 0.01283257082104683, 0.0018310546875], [0.0, 0.0, 0.0, 1.0]], [[-0.9347220659255981, 0.35497957468032837, -0.01685292087495327, 1.13616943359375], [0.01976071670651436, 0.004567367490381002, -0.9997943043708801, 1.5514507293701172], [-0.3548296093940735, -0.9348629117012024, -0.011283870786428452, -0.06365966796875], [0.0, 0.0, 0.0, 1.0]]], "view": [[0.0, -2.0, 100.0], [-2.0, 0.0, 100.0], [0.0, 0.0, 1.0]], "bev": "bev_b06d517f9c5448d1b21b5a4cb9ee2624.png", "aux": "aux_b06d517f9c5448d1b21b5a4cb9ee2624.npz", "visibility": "visibility_b06d517f9c5448d1b21b5a4cb9ee2624.png", "pose": [[-0.5737747550010681, 0.8190131187438965, 0.0, 295.6286926269531], [-0.8190131187438965, -0.5737747550010681, 0.0, 915.5294189453125], [0.0, 0.0, 1.0, 0.0], [0.0, 0.0, 0.0, 1.0]], "pose_inverse": [[-0.5737747550010681, -0.8190131187438965, 0.0, 919.4548950195312], [0.8190131187438965, -0.5737747550010681, 0.0, 283.18389892578125], [0.0, 0.0, 1.0, 0.0], [0.0, 0.0, 0.0, 1.0]], "cam_ids": [0, 1, 2, 3, 4, 5], "cam_channels": ["CAM_FRONT_LEFT", "CAM_FRONT", "CAM_FRONT_RIGHT", "CAM_BACK_LEFT", "CAM_BACK", "CAM_BACK_RIGHT"], "token": "b06d517f9c5448d1b21b5a4cb9ee2624", "scene": "scene-0968"}, {"images": ["samples/CAM_FRONT_LEFT/n015-2018-09-25-13-17-43+0800__CAM_FRONT_LEFT__1537852957104844.jpg", "samples/CAM_FRONT/n015-2018-09-25-13-17-43+0800__CAM_FRONT__1537852957112460.jpg", "samples/CAM_FRONT_RIGHT/n015-2018-09-25-13-17-43+0800__CAM_FRONT_RIGHT__1537852957120339.jpg", "samples/CAM_BACK_LEFT/n015-2018-09-25-13-17-43+0800__CAM_BACK_LEFT__1537852957147423.jpg", "samples/CAM_BACK/n015-2018-09-25-13-17-43+0800__CAM_BACK__1537852957137525.jpg", "samples/CAM_BACK_RIGHT/n015-2018-09-25-13-17-43+0800__CAM_BACK_RIGHT__1537852957127893.jpg"], "intrinsics": [[[1272.5979470598488, 0.0, 826.6154927353808], [0.0, 1272.5979470598488, 479.75165386361925], [0.0, 0.0, 1.0]], [[1266.417203046554, 0.0, 816.2670197447984], [0.0, 1266.417203046554, 491.50706579294757], [0.0, 0.0, 1.0]], [[1260.8474446004698, 0.0, 807.968244525554], [0.0, 1260.8474446004698, 495.3344268742088], [0.0, 0.0, 1.0]], [[1256.7414812095406, 0.0, 792.1125740759628], [0.0, 1256.7414812095406, 492.7757465151356], [0.0, 0.0, 1.0]], [[809.2209905677063, 0.0, 829.2196003259838], [0.0, 809.2209905677063, 481.77842384512485], [0.0, 0.0, 1.0]], [[1259.5137405846733, 0.0, 807.2529053838625], [0.0, 1259.5137405846733, 501.19579884916527], [0.0, 0.0, 1.0]]], "extrinsics": [[[0.8207569122314453, -0.5712553858757019, 0.005019635893404484, -0.9649658203125], [0.003610143903642893, -0.0036000008694827557, -0.999987006187439, 1.5082480907440186], [0.5712661147117615, 0.820764422416687, -0.000892411102540791, -1.28021240234375], [0.0, 0.0, 0.0, 1.0]], [[0.005675068590790033, -0.9999545812606812, 0.00764903100207448, 0.00506591796875], [-0.0016871499828994274, -0.007658718153834343, -0.9999693036079407, 1.5205326080322266], [0.9999824166297913, 0.005662017036229372, -0.0017305383225902915, -1.69232177734375], [0.0, 0.0, 0.0, 1.0]], [[-0.8328912854194641, -0.5533703565597534, -0.008567342534661293, 1.0323486328125], [0.003937076311558485, 0.009555497206747532, -0.9999465942382812, 1.5036444664001465], [0.5534226298332214, -0.8328804969787598, -0.0057800281792879105, -1.248687744140625], [0.0, 0.0, 0.0, 1.0]], [[0.9477413296699524, 0.3189952075481415, 0.005331946536898613, -1.14227294921875], [0.01262941025197506, -0.020812373608350754, -0.999703586101532, 1.5885553359985352], [-0.31878969073295593, 0.9475278258323669, -0.023753466084599495, -0.10370635986328125], [0.0, 0.0, 0.0, 1.0]], [[0.0024469003546983004, 0.999938428401947, -0.010820181109011173, 0.0028076171875], [-0.012798077426850796, -0.01078801229596138, -0.9998598694801331, 1.5793590545654297], [-0.9999150633811951, 0.002585075329989195, 0.012770891189575195, 0.001953125], [0.0, 0.0, 0.0, 1.0]], [[-0.9347226023674011, 0.3549748659133911, -0.016924425959587097, 1.13623046875], [0.019831180572509766, 0.004551672842353582, -0.9997929930686951, 1.5514469146728516], [-0.354824423789978, -0.9348648190498352, -0.011294123716652393, -0.0635986328125], [0.0, 0.0, 0.0, 1.0]]], "view": [[0.0, -2.0, 100.0], [-2.0, 0.0, 100.0], [0.0, 0.0, 1.0]], "bev": "bev_514a1bc23c114f6680415856cc6c7d3a.png", "aux": "aux_514a1bc23c114f6680415856cc6c7d3a.npz", "visibility": "visibility_514a1bc23c114f6680415856cc6c7d3a.png", "pose": [[-0.5737361311912537, 0.8190401792526245, 0.0, 295.6286315917969], [-0.8190401792526245, -0.5737361311912537, 0.0, 915.5294189453125], [0.0, 0.0, 1.0, 0.0], [0.0, 0.0, 0.0, 1.0]], "pose_inverse": [[-0.5737361311912537, -0.8190401792526245, 0.0, 919.4682006835938], [0.8190401792526245, -0.5737361311912537, 0.0, 283.1405944824219], [0.0, 0.0, 1.0, 0.0], [0.0, 0.0, 0.0, 1.0]], "cam_ids": [0, 1, 2, 3, 4, 5], "cam_channels": ["CAM_FRONT_LEFT", "CAM_FRONT", "CAM_FRONT_RIGHT", "CAM_BACK_LEFT", "CAM_BACK", "CAM_BACK_RIGHT"], "token": "514a1bc23c114f6680415856cc6c7d3a", "scene": "scene-0968"}, {"images": ["samples/CAM_FRONT_LEFT/n015-2018-09-25-13-17-43+0800__CAM_FRONT_LEFT__1537852957604844.jpg", "samples/CAM_FRONT/n015-2018-09-25-13-17-43+0800__CAM_FRONT__1537852957612460.jpg", "samples/CAM_FRONT_RIGHT/n015-2018-09-25-13-17-43+0800__CAM_FRONT_RIGHT__1537852957620339.jpg", "samples/CAM_BACK_LEFT/n015-2018-09-25-13-17-43+0800__CAM_BACK_LEFT__1537852957647423.jpg", "samples/CAM_BACK/n015-2018-09-25-13-17-43+0800__CAM_BACK__1537852957637525.jpg", "samples/CAM_BACK_RIGHT/n015-2018-09-25-13-17-43+0800__CAM_BACK_RIGHT__1537852957627893.jpg"], "intrinsics": [[[1272.5979470598488, 0.0, 826.6154927353808], [0.0, 1272.5979470598488, 479.75165386361925], [0.0, 0.0, 1.0]], [[1266.417203046554, 0.0, 816.2670197447984], [0.0, 1266.417203046554, 491.50706579294757], [0.0, 0.0, 1.0]], [[1260.8474446004698, 0.0, 807.968244525554], [0.0, 1260.8474446004698, 495.3344268742088], [0.0, 0.0, 1.0]], [[1256.7414812095406, 0.0, 792.1125740759628], [0.0, 1256.7414812095406, 492.7757465151356], [0.0, 0.0, 1.0]], [[809.2209905677063, 0.0, 829.2196003259838], [0.0, 809.2209905677063, 481.77842384512485], [0.0, 0.0, 1.0]], [[1259.5137405846733, 0.0, 807.2529053838625], [0.0, 1259.5137405846733, 501.19579884916527], [0.0, 0.0, 1.0]]], "extrinsics": [[[0.8207622766494751, -0.5712469816207886, 0.005117767956107855, -0.965087890625], [0.003670413512736559, -0.0036852038465440273, -0.999986469745636, 1.5082480907440186], [0.5712581276893616, 0.8207699060440063, -0.000927963585127145, -1.2802734375], [0.0, 0.0, 0.0, 1.0]], [[0.005683602299541235, -0.9999538064002991, 0.0077399625442922115, 0.005035400390625], [-0.0016267355531454086, -0.007749323733150959, -0.9999686479568481, 1.5205333232879639], [0.999982476234436, 0.005670811049640179, -0.0016707046888768673, -1.6922607421875], [0.0, 0.0, 0.0, 1.0]], [[-0.8328862190246582, -0.5533779263496399, -0.008564505726099014, 1.03228759765625], [0.003997460473328829, 0.009459402412176132, -0.9999472498893738, 1.5036444664001465], [0.5534297823905945, -0.8328765034675598, -0.005666499026119709, -1.24871826171875], [0.0, 0.0, 0.0, 1.0]], [[0.9477404952049255, 0.31899744272232056, 0.00534472893923521, -1.1422119140625], [0.012675557285547256, -0.020909283310174942, -0.9997010231018066, 1.5885553359985352], [-0.3187902569770813, 0.947524905204773, -0.02386004477739334, -0.10369682312011719], [0.0, 0.0, 0.0, 1.0]], [[0.002444316167384386, 0.9999373555183411, -0.01092241145670414, 0.002777099609375], [-0.012731111608445644, -0.01089044101536274, -0.999859631061554, 1.5793571472167969], [-0.9999159574508667, 0.0025829693768173456, 0.012703695334494114, 0.001953125], [0.0, 0.0, 0.0, 1.0]], [[-0.9347240328788757, 0.3549671471118927, -0.01701061800122261, 1.1363525390625], [0.019882341846823692, 0.0044438340701162815, -0.9997924566268921, 1.55145263671875], [-0.3548178970813751, -0.9348681569099426, -0.011211339384317398, -0.063720703125], [0.0, 0.0, 0.0, 1.0]]], "view": [[0.0, -2.0, 100.0], [-2.0, 0.0, 100.0], [0.0, 0.0, 1.0]], "bev": "bev_78c48efe5b024895a3b784ccc3a06c4f.png", "aux": "aux_78c48efe5b024895a3b784ccc3a06c4f.npz", "visibility": "visibility_78c48efe5b024895a3b784ccc3a06c4f.png", "pose": [[-0.5737673044204712, 0.8190183639526367, 0.0, 295.62860107421875], [-0.8190183639526367, -0.5737673044204712, 0.0, 915.5294189453125], [0.0, 0.0, 1.0, 0.0], [0.0, 0.0, 0.0, 1.0]], "pose_inverse": [[-0.5737673044204712, -0.8190183639526367, 0.0, 919.4574584960938], [0.8190183639526367, -0.5737673044204712, 0.0, 283.17559814453125], [0.0, 0.0, 1.0, 0.0], [0.0, 0.0, 0.0, 1.0]], "cam_ids": [0, 1, 2, 3, 4, 5], "cam_channels": ["CAM_FRONT_LEFT", "CAM_FRONT", "CAM_FRONT_RIGHT", "CAM_BACK_LEFT", "CAM_BACK", "CAM_BACK_RIGHT"], "token": "78c48efe5b024895a3b784ccc3a06c4f", "scene": "scene-0968"}, {"images": ["samples/CAM_FRONT_LEFT/n015-2018-09-25-13-17-43+0800__CAM_FRONT_LEFT__1537852958104844.jpg", "samples/CAM_FRONT/n015-2018-09-25-13-17-43+0800__CAM_FRONT__1537852958112460.jpg", "samples/CAM_FRONT_RIGHT/n015-2018-09-25-13-17-43+0800__CAM_FRONT_RIGHT__1537852958120756.jpg", "samples/CAM_BACK_LEFT/n015-2018-09-25-13-17-43+0800__CAM_BACK_LEFT__1537852958147423.jpg", "samples/CAM_BACK/n015-2018-09-25-13-17-43+0800__CAM_BACK__1537852958137525.jpg", "samples/CAM_BACK_RIGHT/n015-2018-09-25-13-17-43+0800__CAM_BACK_RIGHT__1537852958127893.jpg"], "intrinsics": [[[1272.5979470598488, 0.0, 826.6154927353808], [0.0, 1272.5979470598488, 479.75165386361925], [0.0, 0.0, 1.0]], [[1266.417203046554, 0.0, 816.2670197447984], [0.0, 1266.417203046554, 491.50706579294757], [0.0, 0.0, 1.0]], [[1260.8474446004698, 0.0, 807.968244525554], [0.0, 1260.8474446004698, 495.3344268742088], [0.0, 0.0, 1.0]], [[1256.7414812095406, 0.0, 792.1125740759628], [0.0, 1256.7414812095406, 492.7757465151356], [0.0, 0.0, 1.0]], [[809.2209905677063, 0.0, 829.2196003259838], [0.0, 809.2209905677063, 481.77842384512485], [0.0, 0.0, 1.0]], [[1259.5137405846733, 0.0, 807.2529053838625], [0.0, 1259.5137405846733, 501.19579884916527], [0.0, 0.0, 1.0]]], "extrinsics": [[[0.8207383155822754, -0.571281909942627, 0.0050589218735694885, -0.96490478515625], [0.0035903286188840866, -0.003697184845805168, -0.9999867081642151, 1.5082480907440186], [0.5712930560112, 0.820745587348938, -0.0009833312360569835, -1.28021240234375], [0.0, 0.0, 0.0, 1.0]], [[0.005647565238177776, -0.9999540448188782, 0.007747102063149214, 0.005035400390625], [-0.001711901742964983, -0.0077568828128278255, -0.9999684691429138, 1.5205328464508057], [0.9999825358390808, 0.005634151864796877, -0.0017556305974721909, -1.69232177734375], [0.0, 0.0, 0.0, 1.0]], [[-0.8329037427902222, -0.5533527135848999, -0.008487312123179436, 1.0322265625], [0.003907363396137953, 0.009455830790102482, -0.9999476075172424, 1.503645420074463], [0.5534040331840515, -0.8328933119773865, -0.005713646300137043, -1.248748779296875], [0.0, 0.0, 0.0, 1.0]], [[0.9477426409721375, 0.31899237632751465, 0.005268320441246033, -1.14227294921875], [0.012595159932971, -0.02091027796268463, -0.999701976776123, 1.5885553359985352], [-0.31878721714019775, 0.9475265741348267, -0.0238353218883276, -0.10363960266113281], [0.0, 0.0, 0.0, 1.0]], [[0.0024554848205298185, 0.9999371767044067, -0.010934337042272091, 0.002777099609375], [-0.012833849526941776, -0.01090195681899786, -0.9998582601547241, 1.5793571472167969], [-0.9999145865440369, 0.0025954621378332376, 0.012806273065507412, 0.00189208984375], [0.0, 0.0, 0.0, 1.0]], [[-0.9347174763679504, 0.354988694190979, -0.016919922083616257, 1.13623046875], [0.01978612132370472, 0.004445179831236601, -0.9997943639755249, 1.5514507293701172], [-0.3548405170440674, -0.9348600506782532, -0.011178836226463318, -0.06365966796875], [0.0, 0.0, 0.0, 1.0]]], "view": [[0.0, -2.0, 100.0], [-2.0, 0.0, 100.0], [0.0, 0.0, 1.0]], "bev": "bev_b7e2aadf876a4377847ea31ad3592069.png", "aux": "aux_b7e2aadf876a4377847ea31ad3592069.npz", "visibility": "visibility_b7e2aadf876a4377847ea31ad3592069.png", "pose": [[-0.5737040638923645, 0.8190626502037048, 0.0, 295.62860107421875], [-0.8190626502037048, -0.5737040638923645, 0.0, 915.5294189453125], [0.0, 0.0, 1.0, 0.0], [0.0, 0.0, 0.0, 1.0]], "pose_inverse": [[-0.5737040638923645, -0.8190626502037048, 0.0, 919.4793090820312], [0.8190626502037048, -0.5737040638923645, 0.0, 283.1046142578125], [0.0, 0.0, 1.0, 0.0], [0.0, 0.0, 0.0, 1.0]], "cam_ids": [0, 1, 2, 3, 4, 5], "cam_channels": ["CAM_FRONT_LEFT", "CAM_FRONT", "CAM_FRONT_RIGHT", "CAM_BACK_LEFT", "CAM_BACK", "CAM_BACK_RIGHT"], "token": "b7e2aadf876a4377847ea31ad3592069", "scene": "scene-0968"}, {"images": ["samples/CAM_FRONT_LEFT/n015-2018-09-25-13-17-43+0800__CAM_FRONT_LEFT__1537852958604844.jpg", "samples/CAM_FRONT/n015-2018-09-25-13-17-43+0800__CAM_FRONT__1537852958612460.jpg", "samples/CAM_FRONT_RIGHT/n015-2018-09-25-13-17-43+0800__CAM_FRONT_RIGHT__1537852958620339.jpg", "samples/CAM_BACK_LEFT/n015-2018-09-25-13-17-43+0800__CAM_BACK_LEFT__1537852958647423.jpg", "samples/CAM_BACK/n015-2018-09-25-13-17-43+0800__CAM_BACK__1537852958637525.jpg", "samples/CAM_BACK_RIGHT/n015-2018-09-25-13-17-43+0800__CAM_BACK_RIGHT__1537852958627904.jpg"], "intrinsics": [[[1272.5979470598488, 0.0, 826.6154927353808], [0.0, 1272.5979470598488, 479.75165386361925], [0.0, 0.0, 1.0]], [[1266.417203046554, 0.0, 816.2670197447984], [0.0, 1266.417203046554, 491.50706579294757], [0.0, 0.0, 1.0]], [[1260.8474446004698, 0.0, 807.968244525554], [0.0, 1260.8474446004698, 495.3344268742088], [0.0, 0.0, 1.0]], [[1256.7414812095406, 0.0, 792.1125740759628], [0.0, 1256.7414812095406, 492.7757465151356], [0.0, 0.0, 1.0]], [[809.2209905677063, 0.0, 829.2196003259838], [0.0, 809.2209905677063, 481.77842384512485], [0.0, 0.0, 1.0]], [[1259.5137405846733, 0.0, 807.2529053838625], [0.0, 1259.5137405846733, 501.19579884916527], [0.0, 0.0, 1.0]]], "extrinsics": [[[0.82075434923172, -0.5712589025497437, 0.005056511610746384, -0.9649658203125], [0.0035711692180484533, -0.003720540553331375, -0.9999867081642151, 1.5082480907440186], [0.5712700486183167, 0.8207615613937378, -0.0010135880438610911, -1.28021240234375], [0.0, 0.0, 0.0, 1.0]], [[0.005670160986483097, -0.9999537467956543, 0.007776933256536722, 0.005126953125], [-0.0017104926519095898, -0.0077867466025054455, -0.9999682903289795, 1.5205328464508057], [0.9999824166297913, 0.00565673504024744, -0.0017545665614306927, -1.6922607421875], [0.0, 0.0, 0.0, 1.0]], [[-0.8328942060470581, -0.5533671975135803, -0.008486262522637844, 1.03228759765625], [0.003930016420781612, 0.009419665671885014, -0.9999478459358215, 1.5036439895629883], [0.5534182190895081, -0.8328841924667358, -0.005670841783285141, -1.248748779296875], [0.0, 0.0, 0.0, 1.0]], [[0.9477417469024658, 0.3189951181411743, 0.005268099717795849, -1.14227294921875], [0.012602080591022968, -0.02093132585287094, -0.9997014403343201, 1.5885558128356934], [-0.3187895715236664, 0.9475252628326416, -0.023857491090893745, -0.10371208190917969], [0.0, 0.0, 0.0, 1.0]], [[0.0024489513598382473, 0.9999370574951172, -0.01094966009259224, 0.00274658203125], [-0.012815910391509533, -0.01091740932315588, -0.9998583197593689, 1.5793571472167969], [-0.9999149441719055, 0.0025889233220368624, 0.012788367457687855, 0.001953125], [0.0, 0.0, 0.0, 1.0]], [[-0.9347214102745056, 0.35497644543647766, -0.016961777582764626, 1.13623046875], [0.01981712318956852, 0.004409323446452618, -0.9997938871383667, 1.5514488220214844], [-0.35482853651046753, -0.93486487865448, -0.01115610171109438, -0.06365966796875], [0.0, 0.0, 0.0, 1.0]]], "view": [[0.0, -2.0, 100.0], [-2.0, 0.0, 100.0], [0.0, 0.0, 1.0]], "bev": "bev_f53d39f481cc4261bf9f77f34df6e0e5.png", "aux": "aux_f53d39f481cc4261bf9f77f34df6e0e5.npz", "visibility": "visibility_f53d39f481cc4261bf9f77f34df6e0e5.png", "pose": [[-0.5736737251281738, 0.8190839290618896, 0.0, 295.6285095214844], [-0.8190839290618896, -0.5736737251281738, 0.0, 915.5293579101562], [0.0, 0.0, 1.0, 0.0], [0.0, 0.0, 0.0, 1.0]], "pose_inverse": [[-0.5736737251281738, -0.8190839290618896, 0.0, 919.4896850585938], [0.8190839290618896, -0.5736737251281738, 0.0, 283.0705871582031], [0.0, 0.0, 1.0, 0.0], [0.0, 0.0, 0.0, 1.0]], "cam_ids": [0, 1, 2, 3, 4, 5], "cam_channels": ["CAM_FRONT_LEFT", "CAM_FRONT", "CAM_FRONT_RIGHT", "CAM_BACK_LEFT", "CAM_BACK", "CAM_BACK_RIGHT"], "token": "f53d39f481cc4261bf9f77f34df6e0e5", "scene": "scene-0968"}, {"images": ["samples/CAM_FRONT_LEFT/n015-2018-09-25-13-17-43+0800__CAM_FRONT_LEFT__1537852959104844.jpg", "samples/CAM_FRONT/n015-2018-09-25-13-17-43+0800__CAM_FRONT__1537852959112460.jpg", "samples/CAM_FRONT_RIGHT/n015-2018-09-25-13-17-43+0800__CAM_FRONT_RIGHT__1537852959120339.jpg", "samples/CAM_BACK_LEFT/n015-2018-09-25-13-17-43+0800__CAM_BACK_LEFT__1537852959147423.jpg", "samples/CAM_BACK/n015-2018-09-25-13-17-43+0800__CAM_BACK__1537852959137525.jpg", "samples/CAM_BACK_RIGHT/n015-2018-09-25-13-17-43+0800__CAM_BACK_RIGHT__1537852959127893.jpg"], "intrinsics": [[[1272.5979470598488, 0.0, 826.6154927353808], [0.0, 1272.5979470598488, 479.75165386361925], [0.0, 0.0, 1.0]], [[1266.417203046554, 0.0, 816.2670197447984], [0.0, 1266.417203046554, 491.50706579294757], [0.0, 0.0, 1.0]], [[1260.8474446004698, 0.0, 807.968244525554], [0.0, 1260.8474446004698, 495.3344268742088], [0.0, 0.0, 1.0]], [[1256.7414812095406, 0.0, 792.1125740759628], [0.0, 1256.7414812095406, 492.7757465151356], [0.0, 0.0, 1.0]], [[809.2209905677063, 0.0, 829.2196003259838], [0.0, 809.2209905677063, 481.77842384512485], [0.0, 0.0, 1.0]], [[1259.5137405846733, 0.0, 807.2529053838625], [0.0, 1259.5137405846733, 501.19579884916527], [0.0, 0.0, 1.0]]], "extrinsics": [[[0.8207492232322693, -0.5712663531303406, 0.005051031243056059, -0.9649658203125], [0.0036201851908117533, -0.003640509909018874, -0.9999868273735046, 1.5082478523254395], [0.5712771415710449, 0.8207566738128662, -0.0009198550833389163, -1.2801513671875], [0.0, 0.0, 0.0, 1.0]], [[0.00566143449395895, -0.9999542832374573, 0.007700581103563309, 0.005035400390625], [-0.0016794843832030892, -0.007710202597081661, -0.9999688863754272, 1.520533800125122], [0.9999825954437256, 0.005648365244269371, -0.0017230584053322673, -1.6923828125], [0.0, 0.0, 0.0, 1.0]], [[-0.832898736000061, -0.5533594489097595, -0.008536988869309425, 1.0323486328125], [0.003942578565329313, 0.009492507204413414, -0.9999471306800842, 1.5036444664001465], [0.5534112453460693, -0.8328884243965149, -0.005724633112549782, -1.248687744140625], [0.0, 0.0, 0.0, 1.0]], [[0.9477421641349792, 0.31899330019950867, 0.005310729146003723, -1.14227294921875], [0.012621426023542881, -0.020855318754911423, -0.9997028708457947, 1.5885553359985352], [-0.31878769397735596, 0.9475274682044983, -0.023791614919900