[{"images": ["samples/CAM_FRONT_LEFT/n008-2018-09-18-15-26-58-0400__CAM_FRONT_LEFT__1537299486354799.jpg", "samples/CAM_FRONT/n008-2018-09-18-15-26-58-0400__CAM_FRONT__1537299486362404.jpg", "samples/CAM_FRONT_RIGHT/n008-2018-09-18-15-26-58-0400__CAM_FRONT_RIGHT__1537299486370482.jpg", "samples/CAM_BACK_LEFT/n008-2018-09-18-15-26-58-0400__CAM_BACK_LEFT__1537299486397405.jpg", "samples/CAM_BACK/n008-2018-09-18-15-26-58-0400__CAM_BACK__1537299486387558.jpg", "samples/CAM_BACK_RIGHT/n008-2018-09-18-15-26-58-0400__CAM_BACK_RIGHT__1537299486378113.jpg"], "intrinsics": [[[1257.8625342125129, 0.0, 827.2410631095686], [0.0, 1257.8625342125129, 450.915498205774], [0.0, 0.0, 1.0]], [[1252.8131021185304, 0.0, 826.588114781398], [0.0, 1252.8131021185304, 469.9846626224581], [0.0, 0.0, 1.0]], [[1256.7485116440405, 0.0, 817.7887570959712], [0.0, 1256.7485116440403, 451.9541780095127], [0.0, 0.0, 1.0]], [[1254.9860565800168, 0.0, 829.5769333630991], [0.0, 1254.9860565800168, 467.1680561863987], [0.0, 0.0, 1.0]], [[796.8910634503094, 0.0, 857.7774326863696], [0.0, 796.8910634503094, 476.8848988407415], [0.0, 0.0, 1.0]], [[1249.9629280788233, 0.0, 825.3768045375984], [0.0, 1249.9629280788233, 462.54816385708756], [0.0, 0.0, 1.0]]], "extrinsics": [[[0.8374090790748596, -0.5465207695960999, 0.007827255874872208, -0.823974609375], [0.015588471665978432, 0.009565932676196098, -0.9998326897621155, 1.4917640686035156], [0.5463544726371765, 0.8373909592628479, 0.016530020162463188, -1.2093505859375], [0.0, 0.0, 0.0, 1.0]], [[0.03264252468943596, -0.9994552731513977, -0.00485772592946887, 0.0076904296875], [0.017474116757512093, 0.0054302699863910675, -0.9998325705528259, 1.4833831787109375], [0.9993143081665039, 0.03255217522382736, 0.017641855403780937, -1.551513671875], [0.0, 0.0, 0.0, 1.0]], [[-0.8342641592025757, -0.5510212182998657, -0.01946502923965454, 0.96875], [0.02547435089945793, -0.0032552811317145824, -0.999670147895813, 1.496734619140625], [0.5507761836051941, -0.8344849348068237, 0.01675267331302166, -1.20062255859375], [0.0, 0.0, 0.0, 1.0]], [[0.9472317099571228, 0.32053595781326294, 0.0029739791061729193, -1.132080078125], [-0.0005840056110173464, 0.011003402993083, -0.9999393224716187, 1.5620431900024414], [-0.3205491900444031, 0.9471724033355713, 0.010609968565404415, -0.1595458984375], [0.0, 0.0, 0.0, 1.0]], [[0.0014897453365847468, 0.9999919533729553, 0.003712630597874522, -0.02734375], [0.0017840992659330368, 0.0037099719047546387, -0.9999914765357971, 1.5681743621826172], [-0.9999972581863403, 0.0014963594730943441, -0.0017785587115213275, -0.0169677734375], [0.0, 0.0, 0.0, 1.0]], [[-0.9286119341850281, 0.3708261251449585, -0.012949575670063496, 1.0614013671875], [0.006440775468945503, -0.01878519356250763, -0.9998027682304382, 1.5484619140625], [-0.37099626660346985, -0.9285122752189636, 0.015055748634040356, -0.08544921875], [0.0, 0.0, 0.0, 1.0]]], "view": [[0.0, -2.0, 100.0], [-2.0, 0.0, 100.0], [0.0, 0.0, 1.0]], "bev": "bev_fb90eec97989474e838d946ad3d19124.png", "aux": "aux_fb90eec97989474e838d946ad3d19124.npz", "visibility": "visibility_fb90eec97989474e838d946ad3d19124.png", "pose": [[-0.9993515014648438, 0.03600797802209854, 0.0, 1950.4998779296875], [-0.03600797802209854, -0.9993515014648438, 0.0, 1042.645263671875], [0.0, 0.0, 1.0, 0.0], [0.0, 0.0, 0.0, 1.0]], "pose_inverse": [[-0.9993515014648438, -0.03600797802209854, 0.0, 1986.778564453125], [0.03600797802209854, -0.9993515014648438, 0.0, 971.7355346679688], [0.0, 0.0, 1.0, 0.0], [0.0, 0.0, 0.0, 1.0]], "cam_ids": [0, 1, 2, 3, 4, 5], "cam_channels": ["CAM_FRONT_LEFT", "CAM_FRONT", "CAM_FRONT_RIGHT", "CAM_BACK_LEFT", "CAM_BACK", "CAM_BACK_RIGHT"], "token": "fb90eec97989474e838d946ad3d19124", "scene": "scene-0820"}, {"images": ["samples/CAM_FRONT_LEFT/n008-2018-09-18-15-26-58-0400__CAM_FRONT_LEFT__1537299486854799.jpg", "samples/CAM_FRONT/n008-2018-09-18-15-26-58-0400__CAM_FRONT__1537299486862404.jpg", "samples/CAM_FRONT_RIGHT/n008-2018-09-18-15-26-58-0400__CAM_FRONT_RIGHT__1537299486870482.jpg", "samples/CAM_BACK_LEFT/n008-2018-09-18-15-26-58-0400__CAM_BACK_LEFT__1537299486897405.jpg", "samples/CAM_BACK/n008-2018-09-18-15-26-58-0400__CAM_BACK__1537299486887558.jpg", "samples/CAM_BACK_RIGHT/n008-2018-09-18-15-26-58-0400__CAM_BACK_RIGHT__1537299486878113.jpg"], "intrinsics": [[[1257.8625342125129, 0.0, 827.2410631095686], [0.0, 1257.8625342125129, 450.915498205774], [0.0, 0.0, 1.0]], [[1252.8131021185304, 0.0, 826.588114781398], [0.0, 1252.8131021185304, 469.9846626224581], [0.0, 0.0, 1.0]], [[1256.7485116440405, 0.0, 817.7887570959712], [0.0, 1256.7485116440403, 451.9541780095127], [0.0, 0.0, 1.0]], [[1254.9860565800168, 0.0, 829.5769333630991], [0.0, 1254.9860565800168, 467.1680561863987], [0.0, 0.0, 1.0]], [[796.8910634503094, 0.0, 857.7774326863696], [0.0, 796.8910634503094, 476.8848988407415], [0.0, 0.0, 1.0]], [[1249.9629280788233, 0.0, 825.3768045375984], [0.0, 1249.9629280788233, 462.54816385708756], [0.0, 0.0, 1.0]]], "extrinsics": [[[0.832304835319519, -0.554313600063324, 0.0022475305013358593, -0.79425048828125], [0.008446424268186092, 0.008628027513623238, -0.9999271035194397, 1.4904727935791016], [0.554253876209259, 0.8322631120681763, 0.01186311710625887, -1.18994140625], [0.0, 0.0, 0.0, 1.0]], [[0.02471156418323517, -0.9996845722198486, -0.004475439433008432, 0.009033203125], [0.010482083074748516, 0.004735664930194616, -0.9999338984489441, 1.4824104309082031], [0.999639630317688, 0.024663027375936508, 0.010595802217721939, -1.5213623046875], [0.0, 0.0, 0.0, 1.0]], [[-0.8378157019615173, -0.5457828044891357, -0.013639689423143864, 0.94873046875], [0.018667325377464294, -0.0036691429559141397, -0.9998189806938171, 1.4962158203125], [0.5456339716911316, -0.8379186391830444, 0.013262370601296425, -1.18634033203125], [0.0, 0.0, 0.0, 1.0]], [[0.9475316405296326, 0.3196535110473633, -0.0023403940722346306, -1.128173828125], [-0.006520227529108524, 0.012006580829620361, -0.9999066591262817, 1.5619335174560547], [-0.3195955753326416, 0.9474583864212036, 0.013460829854011536, -0.161376953125], [0.0, 0.0, 0.0, 1.0]], [[0.004376695957034826, 0.9999816417694092, 0.0041841622442007065, -0.0283203125], [-0.004517970606684685, 0.004203934222459793, -0.9999809265136719, 1.5677313804626465], [-0.9999802112579346, 0.004357705358415842, 0.004536287393420935, -0.0286865234375], [0.0, 0.0, 0.0, 1.0]], [[-0.9269120097160339, 0.37521588802337646, -0.006854458712041378, 1.043212890625], [-0.00019117638294119388, -0.018737105652689934, -0.9998244643211365, 1.5477790832519531], [-0.37527838349342346, -0.9267479777336121, 0.017439384013414383, -0.091552734375], [0.0, 0.0, 0.0, 1.0]]], "view": [[0.0, -2.0, 100.0], [-2.0, 0.0, 100.0], [0.0, 0.0, 1.0]], "bev": "bev_415baffe9314400688a88f17d9843da3.png", "aux": "aux_415baffe9314400688a88f17d9843da3.npz", "visibility": "visibility_415baffe9314400688a88f17d9843da3.png", "pose": [[-0.979742705821991, -0.20026031136512756, 0.0, 1947.842041015625], [0.20026031136512756, -0.979742705821991, 0.0, 1042.8671875], [0.0, 0.0, 1.0, 0.0], [0.0, 0.0, 0.0, 1.0]], "pose_inverse": [[-0.979742705821991, 0.20026031136512756, 0.0, 1699.5391845703125], [-0.20026031136512756, -0.979742705821991, 0.0, 1411.8170166015625], [0.0, 0.0, 1.0, 0.0], [0.0, 0.0, 0.0, 1.0]], "cam_ids": [0, 1, 2, 3, 4, 5], "cam_channels": ["CAM_FRONT_LEFT", "CAM_FRONT", "CAM_FRONT_RIGHT", "CAM_BACK_LEFT", "CAM_BACK", "CAM_BACK_RIGHT"], "token": "415baffe9314400688a88f17d9843da3", "scene": "scene-0820"}, {"images": ["samples/CAM_FRONT_LEFT/n008-2018-09-18-15-26-58-0400__CAM_FRONT_LEFT__1537299487354799.jpg", "samples/CAM_FRONT/n008-2018-09-18-15-26-58-0400__CAM_FRONT__1537299487362404.jpg", "samples/CAM_FRONT_RIGHT/n008-2018-09-18-15-26-58-0400__CAM_FRONT_RIGHT__1537299487370482.jpg", "samples/CAM_BACK_LEFT/n008-2018-09-18-15-26-58-0400__CAM_BACK_LEFT__1537299487397405.jpg", "samples/CAM_BACK/n008-2018-09-18-15-26-58-0400__CAM_BACK__1537299487387558.jpg", "samples/CAM_BACK_RIGHT/n008-2018-09-18-15-26-58-0400__CAM_BACK_RIGHT__1537299487378113.jpg"], "intrinsics": [[[1257.8625342125129, 0.0, 827.2410631095686], [0.0, 1257.8625342125129, 450.915498205774], [0.0, 0.0, 1.0]], [[1252.8131021185304, 0.0, 826.588114781398], [0.0, 1252.8131021185304, 469.9846626224581], [0.0, 0.0, 1.0]], [[1256.7485116440405, 0.0, 817.7887570959712], [0.0, 1256.7485116440403, 451.9541780095127], [0.0, 0.0, 1.0]], [[1254.9860565800168, 0.0, 829.5769333630991], [0.0, 1254.9860565800168, 467.1680561863987], [0.0, 0.0, 1.0]], [[796.8910634503094, 0.0, 857.7774326863696], [0.0, 796.8910634503094, 476.8848988407415], [0.0, 0.0, 1.0]], [[1249.9629280788233, 0.0, 825.3768045375984], [0.0, 1249.9629280788233, 462.54816385708756], [0.0, 0.0, 1.0]]], "extrinsics": [[[0.8275565505027771, -0.5613714456558228, 0.0034965018276125193, -0.776885986328125], [0.014104622416198254, 0.01456538587808609, -0.9997944235801697, 1.4921684265136719], [0.5612051486968994, 0.8274357914924622, 0.019971612840890884, -1.1796875], [0.0, 0.0, 0.0, 1.0]], [[0.017660770565271378, -0.9997915029525757, -0.01024860329926014, 0.0103759765625], [0.016201332211494446, 0.010535013861954212, -0.9998132586479187, 1.4838600158691406], [0.9997127056121826, 0.017491428181529045, 0.016384011134505272, -1.506103515625], [0.0, 0.0, 0.0, 1.0]], [[-0.8407666087150574, -0.5409683585166931, -0.02155786007642746, 0.9404296875], [0.02437884733080864, 0.0019492649007588625, -0.9997008442878723, 1.4974365234375], [0.5408485531806946, -0.8410406708717346, 0.011549307964742184, -1.18011474609375], [0.0, 0.0, 0.0, 1.0]], [[0.9477265477180481, 0.3190476596355438, 0.0047979336231946945, -1.1307373046875], [-0.0007235394441522658, 0.017185337841510773, -0.9998520612716675, 1.5620346069335938], [-0.31908291578292847, 0.9475828409194946, 0.016517844051122665, -0.1605224609375], [0.0, 0.0, 0.0, 1.0]], [[0.0068060895428061485, 0.999930739402771, 0.0095976572483778, -0.02880859375], [0.0012836373643949628, 0.009589134715497494, -0.9999531507492065, 1.5681495666503906], [-0.9999759793281555, 0.006818084511905909, -0.0012182830832898617, -0.030029296875], [0.0, 0.0, 0.0, 1.0]], [[-0.9252722263336182, 0.37917062640190125, -0.010045873001217842, 1.03814697265625], [0.00546093238517642, -0.013165588490664959, -0.999898374080658, 1.5485448837280273], [-0.37926429510116577, -0.9252330660820007, 0.010111129842698574, -0.09326171875], [0.0, 0.0, 0.0, 1.0]]], "view": [[0.0, -2.0, 100.0], [-2.0, 0.0, 100.0], [0.0, 0.0, 1.0]], "bev": "bev_f8dc19f6a9fd4c8f82dba6cf115d249b.png", "aux": "aux_f8dc19f6a9fd4c8f82dba6cf115d249b.npz", "visibility": "visibility_f8dc19f6a9fd4c8f82dba6cf115d249b.png", "pose": [[-0.9410892724990845, -0.33815816044807434, 0.0, 1944.99267578125], [0.33815816044807434, -0.9410892724990845, 0.0, 1043.69775390625], [0.0, 0.0, 1.0, 0.0], [0.0, 0.0, 0.0, 1.0]], "pose_inverse": [[-0.9410892724990845, 0.33815816044807434, 0.0, 1477.4769287109375], [-0.33815816044807434, -0.9410892724990845, 0.0, 1639.927978515625], [0.0, 0.0, 1.0, 0.0], [0.0, 0.0, 0.0, 1.0]], "cam_ids": [0, 1, 2, 3, 4, 5], "cam_channels": ["CAM_FRONT_LEFT", "CAM_FRONT", "CAM_FRONT_RIGHT", "CAM_BACK_LEFT", "CAM_BACK", "CAM_BACK_RIGHT"], "token": "f8dc19f6a9fd4c8f82dba6cf115d249b", "scene": "scene-0820"}, {"images": ["samples/CAM_FRONT_LEFT/n008-2018-09-18-15-26-58-0400__CAM_FRONT_LEFT__1537299487854799.jpg", "samples/CAM_FRONT/n008-2018-09-18-15-26-58-0400__CAM_FRONT__1537299487862404.jpg", "samples/CAM_FRONT_RIGHT/n008-2018-09-18-15-26-58-0400__CAM_FRONT_RIGHT__1537299487870482.jpg", "samples/CAM_BACK_LEFT/n008-2018-09-18-15-26-58-0400__CAM_BACK_LEFT__1537299487897405.jpg", "samples/CAM_BACK/n008-2018-09-18-15-26-58-0400__CAM_BACK__1537299487887558.jpg", "samples/CAM_BACK_RIGHT/n008-2018-09-18-15-26-58-0400__CAM_BACK_RIGHT__1537299487878113.jpg"], "intrinsics": [[[1257.8625342125129, 0.0, 827.2410631095686], [0.0, 1257.8625342125129, 450.915498205774], [0.0, 0.0, 1.0]], [[1252.8131021185304, 0.0, 826.588114781398], [0.0, 1252.8131021185304, 469.9846626224581], [0.0, 0.0, 1.0]], [[1256.7485116440405, 0.0, 817.7887570959712], [0.0, 1256.7485116440403, 451.9541780095127], [0.0, 0.0, 1.0]], [[1254.9860565800168, 0.0, 829.5769333630991], [0.0, 1254.9860565800168, 467.1680561863987], [0.0, 0.0, 1.0]], [[796.8910634503094, 0.0, 857.7774326863696], [0.0, 796.8910634503094, 476.8848988407415], [0.0, 0.0, 1.0]], [[1249.9629280788233, 0.0, 825.3768045375984], [0.0, 1249.9629280788233, 462.54816385708756], [0.0, 0.0, 1.0]]], "extrinsics": [[[0.8258551359176636, -0.5638570785522461, 0.005349519196897745, -0.748931884765625], [0.01644817180931568, 0.01460579689592123, -0.9997580051422119, 1.4933624267578125], [0.5636425018310547, 0.8257432579994202, 0.021336689591407776, -1.159912109375], [0.0, 0.0, 0.0, 1.0]], [[0.015228446573019028, -0.9998309016227722, -0.010310173965990543, 0.0106201171875], [0.018466446548700333, 0.010590843856334686, -0.999773383140564, 1.4848823547363281], [0.9997134804725647, 0.015034625306725502, 0.01862460747361183, -1.4788818359375], [0.0, 0.0, 0.0, 1.0]], [[-0.8417430520057678, -0.5393676161766052, -0.023475728929042816, 0.923095703125], [0.02655945159494877, 0.002060121390968561, -0.9996451139450073, 1.4983711242675781], [0.5392245650291443, -0.8420678377151489, 0.012591215781867504, -1.1690673828125], [0.0, 0.0, 0.0, 1.0]], [[0.947779655456543, 0.3188507556915283, 0.006923899054527283, -1.13330078125], [0.0013235658407211304, 0.01777743361890316, -0.9998410940170288, 1.5620498657226562], [-0.3189232051372528, 0.947638213634491, 0.016427069902420044, -0.1602783203125], [0.0, 0.0, 0.0, 1.0]], [[0.007570217363536358, 0.9999210238456726, 0.01003036554902792, -0.0286865234375], [0.003358016721904278, 0.010005176067352295, -0.999944269657135, 1.5683250427246094], [-0.9999657273292542, 0.007603511214256287, -0.0032820107880979776, -0.0360107421875], [0.0, 0.0, 0.0, 1.0]], [[-0.9247279167175293, 0.38044223189353943, -0.011915085837244987, 1.025146484375], [0.007569852750748396, -0.012915750034153461, -0.9998879432678223, 1.5489282608032227], [-0.3805534839630127, -0.9247145056724548, 0.009063663892447948, -0.098876953125], [0.0, 0.0, 0.0, 1.0]]], "view": [[0.0, -2.0, 100.0], [-2.0, 0.0, 100.0], [0.0, 0.0, 1.0]], "bev": "bev_3e0f9c3ea80141179ef5703de2ed29f6.png", "aux": "aux_3e0f9c3ea80141179ef5703de2ed29f6.npz", "visibility": "visibility_3e0f9c3ea80141179ef5703de2ed29f6.png", "pose": [[-0.9135461449623108, -0.40673506259918213, 0.0, 1941.968017578125], [0.40673506259918213, -0.9135461449623108, 0.0, 1044.9385986328125], [0.0, 0.0, 1.0, 0.0], [0.0, 0.0, 0.0, 1.0]], "pose_inverse": [[-0.9135461449623108, 0.40673506259918213, 0.0, 1349.0643310546875], [-0.40673506259918213, -0.9135461449623108, 0.0, 1744.466064453125], [0.0, 0.0, 1.0, 0.0], [0.0, 0.0, 0.0, 1.0]], "cam_ids": [0, 1, 2, 3, 4, 5], "cam_channels": ["CAM_FRONT_LEFT", "CAM_FRONT", "CAM_FRONT_RIGHT", "CAM_BACK_LEFT", "CAM_BACK", "CAM_BACK_RIGHT"], "token": "3e0f9c3ea80141179ef5703de2ed29f6", "scene": "scene-0820"}, {"images": ["samples/CAM_FRONT_LEFT/n008-2018-09-18-15-26-58-0400__CAM_FRONT_LEFT__1537299488354799.jpg", "samples/CAM_FRONT/n008-2018-09-18-15-26-58-0400__CAM_FRONT__1537299488362404.jpg", "samples/CAM_FRONT_RIGHT/n008-2018-09-18-15-26-58-0400__CAM_FRONT_RIGHT__1537299488370482.jpg", "samples/CAM_BACK_LEFT/n008-2018-09-18-15-26-58-0400__CAM_BACK_LEFT__1537299488397405.jpg", "samples/CAM_BACK/n008-2018-09-18-15-26-58-0400__CAM_BACK__1537299488387558.jpg", "samples/CAM_BACK_RIGHT/n008-2018-09-18-15-26-58-0400__CAM_BACK_RIGHT__1537299488378113.jpg"], "intrinsics": [[[1257.8625342125129, 0.0, 827.2410631095686], [0.0, 1257.8625342125129, 450.915498205774], [0.0, 0.0, 1.0]], [[1252.8131021185304, 0.0, 826.588114781398], [0.0, 1252.8131021185304, 469.9846626224581], [0.0, 0.0, 1.0]], [[1256.7485116440405, 0.0, 817.7887570959712], [0.0, 1256.7485116440403, 451.9541780095127], [0.0, 0.0, 1.0]], [[1254.9860565800168, 0.0, 829.5769333630991], [0.0, 1254.9860565800168, 467.1680561863987], [0.0, 0.0, 1.0]], [[796.8910634503094, 0.0, 857.7774326863696], [0.0, 796.8910634503094, 476.8848988407415], [0.0, 0.0, 1.0]], [[1249.9629280788233, 0.0, 825.3768045375984], [0.0, 1249.9629280788233, 462.54816385708756], [0.0, 0.0, 1.0]]], "extrinsics": [[[0.8248586654663086, -0.5653141736984253, -0.0053061433136463165, -0.7239682674407959], [0.009400383569300175, 0.023099511861801147, -0.999688982963562, 1.4914436340332031], [0.5652610063552856, 0.8245522379875183, 0.02436799928545952, -1.14306640625], [0.0, 0.0, 0.0, 1.0]], [[0.013647688552737236, -0.9997270703315735, -0.01896185427904129, 0.0108642578125], [0.011245111003518105, 0.019115878269076347, -0.9997540712356567, 1.4832878112792969], [0.9998435974121094, 0.013431069441139698, 0.011502928100526333, -1.4539794921875], [0.0, 0.0, 0.0, 1.0]], [[-0.8425320982933044, -0.5382028222084045, -0.021850837394595146, 0.9071044921875], [0.01916738972067833, 0.010584220290184021, -0.9997602701187134, 1.49725341796875], [0.5383049845695496, -0.8427489399909973, 0.001398396911099553, -1.15869140625], [0.0, 0.0, 0.0, 1.0]], [[0.9478217363357544, 0.3187931776046753, 0.0022417940199375153, -1.1328125], [-0.0064725689589977264, 0.026273507624864578, -0.9996338486671448, 1.5619697570800781], [-0.31873536109924316, 0.9474601149559021, 0.02696600928902626, -0.1597900390625], [0.0, 0.0, 0.0, 1.0]], [[0.008124414831399918, 0.9997961521148682, 0.018485495820641518, -0.0284423828125], [-0.004197371657937765, 0.018520040437579155, -0.9998196363449097, 1.5676860809326172], [-0.9999582171440125, 0.008045382797718048, 0.004346981178969145, -0.04296875], [0.0, 0.0, 0.0, 1.0]], [[-0.9244558215141296, 0.38128527998924255, -0.0017370427958667278, 1.01275634765625], [7.271081994986162e-05, -0.0043794200755655766, -0.9999904036521912, 1.5478262901306152], [-0.3812892436981201, -0.9244470000267029, 0.0040208566933870316, -0.103759765625], [0.0, 0.0, 0.0, 1.0]]], "view": [[0.0, -2.0, 100.0], [-2.0, 0.0, 100.0], [0.0, 0.0, 1.0]], "bev": "bev_47518dd68a2f4aaea5d2ca9f34b5486f.png", "aux": "aux_47518dd68a2f4aaea5d2ca9f34b5486f.npz", "visibility": "visibility_47518dd68a2f4aaea5d2ca9f34b5486f.png", "pose": [[-0.8902720808982849, -0.4554291069507599, 0.0, 1938.67431640625], [0.4554291069507599, -0.8902720808982849, 0.0, 1046.5482177734375], [0.0, 0.0, 1.0, 0.0], [0.0, 0.0, 0.0, 1.0]], "pose_inverse": [[-0.8902720808982849, 0.4554291069507599, 0.0, 1249.319091796875], [-0.4554291069507599, -0.8902720808982849, 0.0, 1814.641357421875], [0.0, 0.0, 1.0, 0.0], [0.0, 0.0, 0.0, 1.0]], "cam_ids": [0, 1, 2, 3, 4, 5], "cam_channels": ["CAM_FRONT_LEFT", "CAM_FRONT", "CAM_FRONT_RIGHT", "CAM_BACK_LEFT", "CAM_BACK", "CAM_BACK_RIGHT"], "token": "47518dd68a2f4aaea5d2ca9f34b5486f", "scene": "scene-0820"}, {"images": ["samples/CAM_FRONT_LEFT/n008-2018-09-18-15-26-58-0400__CAM_FRONT_LEFT__1537299488904799.jpg", "samples/CAM_FRONT/n008-2018-09-18-15-26-58-0400__CAM_FRONT__1537299488912404.jpg", "samples/CAM_FRONT_RIGHT/n008-2018-09-18-15-26-58-0400__CAM_FRONT_RIGHT__1537299488920482.jpg", "samples/CAM_BACK_LEFT/n008-2018-09-18-15-26-58-0400__CAM_BACK_LEFT__1537299488947405.jpg", "samples/CAM_BACK/n008-2018-09-18-15-26-58-0400__CAM_BACK__1537299488937558.jpg", "samples/CAM_BACK_RIGHT/n008-2018-09-18-15-26-58-0400__CAM_BACK_RIGHT__1537299488928113.jpg"], "intrinsics": [[[1257.8625342125129, 0.0, 827.2410631095686], [0.0, 1257.8625342125129, 450.915498205774], [0.0, 0.0, 1.0]], [[1252.8131021185304, 0.0, 826.588114781398], [0.0, 1252.8131021185304, 469.9846626224581], [0.0, 0.0, 1.0]], [[1256.7485116440405, 0.0, 817.7887570959712], [0.0, 1256.7485116440403, 451.9541780095127], [0.0, 0.0, 1.0]], [[1254.9860565800168, 0.0, 829.5769333630991], [0.0, 1254.9860565800168, 467.1680561863987], [0.0, 0.0, 1.0]], [[796.8910634503094, 0.0, 857.7774326863696], [0.0, 796.8910634503094, 476.8848988407415], [0.0, 0.0, 1.0]], [[1249.9629280788233, 0.0, 825.3768045375984], [0.0, 1249.9629280788233, 462.54816385708756], [0.0, 0.0, 1.0]]], "extrinsics": [[[0.8240838050842285, -0.5663866400718689, -0.009597091935575008, -0.7078857421875], [0.009073286317288876, 0.03013751469552517, -0.999504566192627, 1.491424560546875], [0.5663952231407166, 0.823588490486145, 0.02997482568025589, -1.133544921875], [0.0, 0.0, 0.0, 1.0]], [[0.012586798518896103, -0.9995865821838379, -0.025850120931863785, 0.012451171875], [0.011025754734873772, 0.025989340618252754, -0.999601423740387, 1.4833450317382812], [0.9998600482940674, 0.012296781875193119, 0.011348318308591843, -1.4384765625], [0.0, 0.0, 0.0, 1.0]], [[-0.842932403087616, -0.5374221205711365, -0.025347111746668816, 0.897705078125], [0.019049331545829773, 0.01727028377354145, -0.9996693730354309, 1.4974250793457031], [0.5376821160316467, -0.8431365489959717, -0.004320149775594473, -1.15087890625], [0.0, 0.0, 0.0, 1.0]], [[0.9478434324264526, 0.3187081515789032, 0.004239174071699381, -1.1312255859375], [-0.0063479142263531685, 0.03217276558279991, -0.9994621872901917, 1.5619544982910156], [-0.31867316365242004, 0.947306752204895, 0.03251787647604942, -0.160400390625], [0.0, 0.0, 0.0, 1.0]], [[0.008452078327536583, 0.9996585845947266, 0.024723583832383156, -0.029296875], [-0.004233552608639002, 0.024760017171502113, -0.9996844530105591, 1.5676383972167969], [-0.9999552965164185, 0.008344736881554127, 0.00444138003513217, -0.048583984375], [0.0, 0.0, 0.0, 1.0]], [[-0.9242486357688904, 0.38179028034210205, 0.0007964980322867632, 1.0032958984375], [1.5014634300314356e-05, 0.002122561214491725, -0.9999977350234985, 1.5478096008300781], [-0.38179105520248413, -0.9242464900016785, -0.0019675057847052813, -0.106201171875], [0.0, 0.0, 0.0, 1.0]]], "view": [[0.0, -2.0, 100.0], [-2.0, 0.0, 100.0], [0.0, 0.0, 1.0]], "bev": "bev_04b5ced7d1464df1909e21ed6823f4be.png", "aux": "aux_04b5ced7d1464df1909e21ed6823f4be.npz", "visibility": "visibility_04b5ced7d1464df1909e21ed6823f4be.png", "pose": [[-0.8766461610794067, -0.48113566637039185, 0.0, 1934.92724609375], [0.48113566637039185, -0.8766461610794067, 0.0, 1048.5765380859375], [0.0, 0.0, 1.0, 0.0], [0.0, 0.0, 0.0, 1.0]], "pose_inverse": [[-0.8766461610794067, 0.48113566637039185, 0.0, 1191.7388916015625], [-0.48113566637039185, -0.8766461610794067, 0.0, 1850.193115234375], [0.0, 0.0, 1.0, 0.0], [0.0, 0.0, 0.0, 1.0]], "cam_ids": [0, 1, 2, 3, 4, 5], "cam_channels": ["CAM_FRONT_LEFT", "CAM_FRONT", "CAM_FRONT_RIGHT", "CAM_BACK_LEFT", "CAM_BACK", "CAM_BACK_RIGHT"], "token": "04b5ced7d1464df1909e21ed6823f4be", "scene": "scene-0820"}, {"images": ["samples/CAM_FRONT_LEFT/n008-2018-09-18-15-26-58-0400__CAM_FRONT_LEFT__1537299489404799.jpg", "samples/CAM_FRONT/n008-2018-09-18-15-26-58-0400__CAM_FRONT__1537299489412404.jpg", "samples/CAM_FRONT_RIGHT/n008-2018-09-18-15-26-58-0400__CAM_FRONT_RIGHT__1537299489420482.jpg", "samples/CAM_BACK_LEFT/n008-2018-09-18-15-26-58-0400__CAM_BACK_LEFT__1537299489447405.jpg", "samples/CAM_BACK/n008-2018-09-18-15-26-58-0400__CAM_BACK__1537299489437558.jpg", "samples/CAM_BACK_RIGHT/n008-2018-09-18-15-26-58-0400__CAM_BACK_RIGHT__1537299489428113.jpg"], "intrinsics": [[[1257.8625342125129, 0.0, 827.2410631095686], [0.0, 1257.8625342125129, 450.915498205774], [0.0, 0.0, 1.0]], [[1252.8131021185304, 0.0, 826.588114781398], [0.0, 1252.8131021185304, 469.9846626224581], [0.0, 0.0, 1.0]], [[1256.7485116440405, 0.0, 817.7887570959712], [0.0, 1256.7485116440403, 451.9541780095127], [0.0, 0.0, 1.0]], [[1254.9860565800168, 0.0, 829.5769333630991], [0.0, 1254.9860565800168, 467.1680561863987], [0.0, 0.0, 1.0]], [[796.8910634503094, 0.0, 857.7774326863696], [0.0, 796.8910634503094, 476.8848988407415], [0.0, 0.0, 1.0]], [[1249.9629280788233, 0.0, 825.3768045375984], [0.0, 1249.9629280788233, 462.54816385708756], [0.0, 0.0, 1.0]]], "extrinsics": [[[0.8227814435958862, -0.5682672262191772, -0.010155245661735535, -0.7068939208984375], [0.009687882848083973, 0.031887490302324295, -0.9994444847106934, 1.4917221069335938], [0.5682753324508667, 0.8222259879112244, 0.03174174204468727, -1.1298828125], [0.0, 0.0, 0.0, 1.0]], [[0.010645593516528606, -0.9995579719543457, -0.027759624645113945, 0.010498046875], [0.011993173509836197, 0.027886835858225822, -0.9995391368865967, 1.48370361328125], [0.9998714327812195, 0.01030776184052229, 0.01228474359959364, -1.4354248046875], [0.0, 0.0, 0.0, 1.0]], [[-0.8437603116035461, -0.5360123515129089, -0.027556249871850014, 0.8941650390625], [0.020374739542603493, 0.01931670308113098, -0.9996057748794556, 1.497802734375], [0.5363333225250244, -0.8439890742301941, -0.005377556197345257, -1.1507568359375], [0.0, 0.0, 0.0, 1.0]], [[0.947894811630249, 0.31852567195892334, 0.006072274409234524, -1.1314697265625], [-0.005120341666042805, 0.034289758652448654, -0.9993988275527954, 1.561981201171875], [-0.3185424208641052, 0.947293758392334, 0.034134041517972946, -0.1600341796875], [0.0, 0.0, 0.0, 1.0]], [[0.009072788059711456, 0.9995962381362915, 0.0269287321716547, -0.028564453125], [-0.002740891883149743, 0.02695459872484207, -0.9996328949928284, 1.5677871704101562], [-0.9999550580978394, 0.008995658718049526, 0.002984339604154229, -0.049072265625], [0.0, 0.0, 0.0, 1.0]], [[-0.9237973690032959, 0.3828814625740051, 0.000344983913237229, 1.002044677734375], [0.001422968809492886, 0.0043342807330191135, -0.9999895691871643, 1.548050880432129], [-0.38287898898124695, -0.9237872958183289, -0.004548823926597834, -0.108154296875], [0.0, 0.0, 0.0, 1.0]]], "view": [[0.0, -2.0, 100.0], [-2.0, 0.0, 100.0], [0.0, 0.0, 1.0]], "bev": "bev_ed6f062fc35646d8917b70ea6c2d3acf.png", "aux": "aux_ed6f062fc35646d8917b70ea6c2d3acf.npz", "visibility": "visibility_ed6f062fc35646d8917b70ea6c2d3acf.png", "pose": [[-0.871575117111206, -0.490261971950531, 0.0, 1931.3936767578125], [0.490261971950531, -0.871575117111206, 0.0, 1050.5863037109375], [0.0, 0.0, 1.0, 0.0], [0.0, 0.0, 0.0, 1.0]], "pose_inverse": [[-0.871575117111206, 0.490261971950531, 0.0, 1168.2921142578125], [-0.490261971950531, -0.871575117111206, 0.0, 1862.5538330078125], [0.0, 0.0, 1.0, 0.0], [0.0, 0.0, 0.0, 1.0]], "cam_ids": [0, 1, 2, 3, 4, 5], "cam_channels": ["CAM_FRONT_LEFT", "CAM_FRONT", "CAM_FRONT_RIGHT", "CAM_BACK_LEFT", "CAM_BACK", "CAM_BACK_RIGHT"], "token": "ed6f062fc35646d8917b70ea6c2d3acf", "scene": "scene-0820"}, {"images": ["samples/CAM_FRONT_LEFT/n008-2018-09-18-15-26-58-0400__CAM_FRONT_LEFT__1537299489854799.jpg", "samples/CAM_FRONT/n008-2018-09-18-15-26-58-0400__CAM_FRONT__1537299489862404.jpg", "samples/CAM_FRONT_RIGHT/n008-2018-09-18-15-26-58-0400__CAM_FRONT_RIGHT__1537299489870482.jpg", "samples/CAM_BACK_LEFT/n008-2018-09-18-15-26-58-0400__CAM_BACK_LEFT__1537299489897405.jpg", "samples/CAM_BACK/n008-2018-09-18-15-26-58-0400__CAM_BACK__1537299489887571.jpg", "samples/CAM_BACK_RIGHT/n008-2018-09-18-15-26-58-0400__CAM_BACK_RIGHT__1537299489878113.jpg"], "intrinsics": [[[1257.8625342125129, 0.0, 827.2410631095686], [0.0, 1257.8625342125129, 450.915498205774], [0.0, 0.0, 1.0]], [[1252.8131021185304, 0.0, 826.588114781398], [0.0, 1252.8131021185304, 469.9846626224581], [0.0, 0.0, 1.0]], [[1256.7485116440405, 0.0, 817.7887570959712], [0.0, 1256.7485116440403, 451.9541780095127], [0.0, 0.0, 1.0]], [[1254.9860565800168, 0.0, 829.5769333630991], [0.0, 1254.9860565800168, 467.1680561863987], [0.0, 0.0, 1.0]], [[796.8910634503094, 0.0, 857.7774326863696], [0.0, 796.8910634503094, 476.8848988407415], [0.0, 0.0, 1.0]], [[1249.9629280788233, 0.0, 825.3768045375984], [0.0, 1249.9629280788233, 462.54816385708756], [0.0, 0.0, 1.0]]], "extrinsics": [[[0.8230060338973999, -0.5679705739021301, -0.00839922484010458, -0.7022552490234375], [0.009215196594595909, 0.028134742751717567, -0.999561607837677, 1.491546630859375], [0.5679579973220825, 0.822567880153656, 0.02838902175426483, -1.12939453125], [0.0, 0.0, 0.0, 1.0]], [[0.0110617745667696, -0.9996509552001953, -0.02399025484919548, 0.0120849609375], [0.011143755167722702, 0.024113474413752556, -0.9996471405029297, 1.4834480285644531], [0.9998767375946045, 0.010790498927235603, 0.011406602337956429, -1.4322509765625], [0.0, 0.0, 0.0, 1.0]], [[-0.843573272228241, -0.5364561676979065, -0.024477865546941757, 0.8935546875], [0.019137447699904442, 0.015521490946412086, -0.9996963143348694, 1.4975357055664062], [0.5366732478141785, -0.8437855243682861, -0.0028271146584302187, -1.1484375], [0.0, 0.0, 0.0, 1.0]], [[0.9478728175163269, 0.318625271320343, 0.0038722737226635218, -1.1309814453125], [-0.006351567804813385, 0.031042132526636124, -0.9994978904724121, 1.56195068359375], [-0.3185855448246002, 0.9473723769187927, 0.03144776448607445, -0.1607666015625], [0.0, 0.0, 0.0, 1.0]], [[0.008851427584886551, 0.9996887445449829, 0.023324118927121162, -0.0296630859375], [-0.0041660284623503685, 0.023361695930361748, -0.9997183680534363, 1.567626953125], [-0.9999521970748901, 0.008751753717660904, 0.004371515475213528, -0.0504150390625], [0.0, 0.0, 0.0, 1.0]], [[-0.923950731754303, 0.3825114667415619, 0.00014770348207093775, 1.00018310546875], [6.118124292697757e-05, 0.0005339227500371635, -0.9999998211860657, 1.5478185415267944], [-0.38251152634620667, -0.9239506125450134, -0.0005167201161384583, -0.107177734375], [0.0, 0.0, 0.0, 1.0]]], "view": [[0.0, -2.0, 100.0], [-2.0, 0.0, 100.0], [0.0, 0.0, 1.0]], "bev": "bev_1a19eacd6cfc4e99a28c6be71a8b04b4.png", "aux": "aux_1a19eacd6cfc4e99a28c6be71a8b04b4.npz", "visibility": "visibility_1a19eacd6cfc4e99a28c6be71a8b04b4.png", "pose": [[-0.8676180243492126, -0.4972313344478607, 0.0, 1928.1641845703125], [0.4972313344478607, -0.8676180243492126, 0.0, 1052.4637451171875], [0.0, 0.0, 1.0, 0.0], [0.0, 0.0, 0.0, 1.0]], "pose_inverse": [[-0.8676180243492126, 0.4972313344478607, 0.0, 1149.592041015625], [-0.4972313344478607, -0.8676180243492126, 0.0, 1871.880126953125], [0.0, 0.0, 1.0, 0.0], [0.0, 0.0, 0.0, 1.0]], "cam_ids": [0, 1, 2, 3, 4, 5], "cam_channels": ["CAM_FRONT_LEFT", "CAM_FRONT", "CAM_FRONT_RIGHT", "CAM_BACK_LEFT", "CAM_BACK", "CAM_BACK_RIGHT"], "token": "1a19eacd6cfc4e99a28c6be71a8b04b4", "scene": "scene-0820"}, {"images": ["samples/CAM_FRONT_LEFT/n008-2018-09-18-15-26-58-0400__CAM_FRONT_LEFT__1537299490404799.jpg", "samples/CAM_FRONT/n008-2018-09-18-15-26-58-0400__CAM_FRONT__1537299490412404.jpg", "samples/CAM_FRONT_RIGHT/n008-2018-09-18-15-26-58-0400__CAM_FRONT_RIGHT__1537299490420496.jpg", "samples/CAM_BACK_LEFT/n008-2018-09-18-15-26-58-0400__CAM_BACK_LEFT__1537299490447405.jpg", "samples/CAM_BACK/n008-2018-09-18-15-26-58-0400__CAM_BACK__1537299490437558.jpg", "samples/CAM_BACK_RIGHT/n008-2018-09-18-15-26-58-0400__CAM_BACK_RIGHT__1537299490428113.jpg"], "intrinsics": [[[1257.8625342125129, 0.0, 827.2410631095686], [0.0, 1257.8625342125129, 450.915498205774], [0.0, 0.0, 1.0]], [[1252.8131021185304, 0.0, 826.588114781398], [0.0, 1252.8131021185304, 469.9846626224581], [0.0, 0.0, 1.0]], [[1256.7485116440405, 0.0, 817.7887570959712], [0.0, 1256.7485116440403, 451.9541780095127], [0.0, 0.0, 1.0]], [[1254.9860565800168, 0.0, 829.5769333630991], [0.0, 1254.9860565800168, 467.1680561863987], [0.0, 0.0, 1.0]], [[796.8910634503094, 0.0, 857.7774326863696], [0.0, 796.8910634503094, 476.8848988407415], [0.0, 0.0, 1.0]], [[1249.9629280788233, 0.0, 825.3768045375984], [0.0, 1249.9629280788233, 462.54816385708756], [0.0, 0.0, 1.0]]], "extrinsics": [[[0.8232218623161316, -0.5675272941589355, -0.014782671816647053, -0.701171875], [0.005048059858381748, 0.03335510194301605, -0.999430775642395, 1.4899368286132812], [0.5676973462104797, 0.8226786255836487, 0.030323561280965805, -1.130859375], [0.0, 0.0, 0.0, 1.0]], [[0.011202771216630936, -0.9995082020759583, -0.029287105426192284, 0.0137939453125], [0.006899235304445028, 0.029365507885813713, -0.9995449185371399, 1.4820938110351562], [0.9999134540557861, 0.01099559385329485, 0.007224816828966141, -1.4332275390625], [0.0, 0.0, 0.0, 1.0]], [[-0.8436249494552612, -0.5364102125167847, -0.02368604578077793, 0.8951416015625], [0.014838991686701775, 0.02080453746020794, -0.9996734261512756, 1.4964637756347656], [0.5367278456687927, -0.8437010049819946, -0.009591439738869667, -1.1483154296875], [0.0, 0.0, 0.0, 1.0]], [[0.9478386640548706, 0.31874480843544006, 0.001862113713286817, -1.1351318359375], [-0.010196835733950138, 0.03615981340408325, -0.9992939829826355, 1.5619239807128906], [-0.31858715415000916, 0.947150468826294, 0.03752386197447777, -0.15966796875], [0.0, 0.0, 0.0, 1.0]], [[0.008996601216495037, 0.9995524287223816, 0.028530891984701157, -0.02978515625], [-0.008222771808505058, 0.028605032712221146, -0.9995569586753845, 1.5672492980957031], [-0.9999257922172546, 0.008757967501878738, 0.008476439863443375, -0.0479736328125], [0.0, 0.0, 0.0, 1.0]], [[-0.9239277839660645, 0.38251927495002747, 0.0060411798767745495, 1.00164794921875], [-0.004133173264563084, 0.00580957205966115, -0.9999745488166809, 1.5470876693725586], [-0.382544606924057, -0.9239291548728943, -0.003786605317145586, -0.106689453125], [0.0, 0.0, 0.0, 1.0]]], "view": [[0.0, -2.0, 100.0], [-2.0, 0.0, 100.0], [0.0, 0.0, 1.0]], "bev": "bev_4ec73830f4474e6dbc3ff02b4bf3865e.png", "aux": "aux_4ec73830f4474e6dbc3ff02b4bf3865e.npz", "visibility": "visibility_4ec73830f4474e6dbc3ff02b4bf3865e.png", "pose": [[-0.8619308471679688, -0.5070258378982544, 0.0, 1924.2281494140625], [0.5070258378982544, -0.8619308471679688, 0.0, 1054.8079833984375], [0.0, 0.0, 1.0, 0.0], [0.0, 0.0, 0.0, 1.0]], "pose_inverse": [[-0.8619308471679688, 0.5070258378982544, 0.0, 1123.7366943359375], [-0.5070258378982544, -0.8619308471679688, 0.0, 1884.804931640625], [0.0, 0.0, 1.0, 0.0], [0.0, 0.0, 0.0, 1.0]], "cam_ids": [0, 1, 2, 3, 4, 5], "cam_channels": ["CAM_FRONT_LEFT", "CAM_FRONT", "CAM_FRONT_RIGHT", "CAM_BACK_LEFT", "CAM_BACK", "CAM_BACK_RIGHT"], "token": "4ec73830f4474e6dbc3ff02b4bf3865e", "scene": "scene-0820"}, {"images": ["samples/CAM_FRONT_LEFT/n008-2018-09-18-15-26-58-0400__CAM_FRONT_LEFT__1537299490904799.jpg", "samples/CAM_FRONT/n008-2018-09-18-15-26-58-0400__CAM_FRONT__1537299490912404.jpg", "samples/CAM_FRONT_RIGHT/n008-2018-09-18-15-26-58-0400__CAM_FRONT_RIGHT__1537299490920482.jpg", "samples/CAM_BACK_LEFT/n008-2018-09-18-15-26-58-0400__CAM_BACK_LEFT__1537299490947405.jpg", "samples/CAM_BACK/n008-2018-09-18-15-26-58-0400__CAM_BACK__1537299490937558.jpg", "samples/CAM_BACK_RIGHT/n008-2018-09-18-15-26-58-0400__CAM_BACK_RIGHT__1537299490928113.jpg"], "intrinsics": [[[1257.8625342125129, 0.0, 827.2410631095686], [0.0, 1257.8625342125129, 450.915498205774], [0.0, 0.0, 1.0]], [[1252.8131021185304, 0.0, 826.588114781398], [0.0, 1252.8131021185304, 469.9846626224581], [0.0, 0.0, 1.0]], [[1256.7485116440405, 0.0, 817.7887570959712], [0.0, 1256.7485116440403, 451.9541780095127], [0.0, 0.0, 1.0]], [[1254.9860565800168, 0.0, 829.5769333630991], [0.0, 1254.9860565800168, 467.1680561863987], [0.0, 0.0, 1.0]], [[796.8910634503094, 0.0, 857.7774326863696], [0.0, 796.8910634503094, 476.8848988407415], [0.0, 0.0, 1.0]], [[1249.9629280788233, 0.0, 825.3768045375984], [0.0, 1249.9629280788233, 462.54816385708756], [0.0, 0.0, 1.0]]], "extrinsics": [[[0.8229374289512634, -0.5680325627326965, -0.01062626950442791, -0.7055206298828125], [0.008285069838166237, 0.0307006873190403, -0.9994942545890808, 1.4912261962890625], [0.5680715441703796, 0.8224332928657532, 0.029970936477184296, -1.12939453125], [0.0, 0.0, 0.0, 1.0]], [[0.010966300033032894, -0.9995908141136169, -0.026416504755616188, 0.0107421875], [0.010315295308828354, 0.02652977593243122, -0.9995948076248169, 1.4831886291503906], [0.9998866319656372, 0.010689346119761467, 0.010602009482681751, -1.4356689453125], [0.0, 0.0, 0.0, 1.0]], [[-0.8435778021812439, -0.5364208817481995, -0.025083202868700027, 0.896240234375], [0.01841750741004944, 0.01778152398765087, -0.9996721744537354, 1.4973106384277344], [0.5366911292076111, -0.8437632918357849, -0.005120565183460712, -1.1512451171875], [0.0, 0.0, 0.0, 1.0]], [[0.9478753805160522, 0.3186187148094177, 0.0037740098778158426, -1.1348876953125], [-0.007035532500594854, 0.03276862949132919, -0.9994382262229919, 1.5619697570800781], [-0.31856340169906616, 0.9473163485527039, 0.03330222889780998, -0.1593017578125], [0.0, 0.0, 0.0, 1.0]], [[0.008938891813158989, 0.9996411204338074, 0.025251338258385658, -0.02880859375], [-0.004791876766830683, 0.025294877588748932, -0.999668538570404, 1.5676078796386719], [-0.9999486207962036, 0.008814942091703415, 0.005016264971345663, -0.0465087890625], [0.0, 0.0, 0.0, 1.0]], [[-0.9239220023155212, 0.3825772702693939, 0.0016033444553613663, 1.00396728515625], [-0.0006387303001247346, 0.0026483566034585238, -0.9999963045120239, 1.5477023124694824], [-0.38258013129234314, -0.9239196181297302, -0.002202511765062809, -0.10693359375], [0.0, 0.0, 0.0, 1.0]]], "view": [[0.0, -2.0, 100.0], [-2.0, 0.0, 100.0], [0.0, 0.0, 1.0]], "bev": "bev_d5703682157f42f9874dce3ee23d668e.png", "aux": "aux_d5703682157f42f9874dce3ee23d668e.npz", "visibility": "visibility_d5703682157f42f9874dce3ee23d668e.png", "pose": [[-0.8576768636703491, -0.5141890048980713, 0.0, 1920.6409912109375], [0.5141890048980713, -0.8576768636703491, 0.0, 1056.97216796875], [0.0, 0.0, 1.0, 0.0], [0.0, 0.0, 0.0, 1.0]], "pose_inverse": [[-0.8576768636703491, 0.5141890048980713, 0.0, 1103.805908203125], [-0.5141890048980713, -0.8576768636703491, 0.0, 1894.1131591796875], [0.0, 0.0, 1.0, 0.0], [0.0, 0.0, 0.0, 1.0]], "cam_ids": [0, 1, 2, 3, 4, 5], "cam_channels": ["CAM_FRONT_LEFT", "CAM_FRONT", "CAM_FRONT_RIGHT", "CAM_BACK_LEFT", "CAM_BACK", "CAM_BACK_RIGHT"], "token": "d5703682157f42f9874dce3ee23d668e", "scene": "scene-0820"}, {"images": ["samples/CAM_FRONT_LEFT/n008-2018-09-18-15-26-58-0400__CAM_FRONT_LEFT__1537299491404799.jpg", "samples/CAM_FRONT/n008-2018-09-18-15-26-58-0400__CAM_FRONT__1537299491412404.jpg", "samples/CAM_FRONT_RIGHT/n008-2018-09-18-15-26-58-0400__CAM_FRONT_RIGHT__1537299491420482.jpg", "samples/CAM_BACK_LEFT/n008-2018-09-18-15-26-58-0400__CAM_BACK_LEFT__1537299491447405.jpg", "samples/CAM_BACK/n008-2018-09-18-15-26-58-0400__CAM_BACK__1537299491437558.jpg", "samples/CAM_BACK_RIGHT/n008-2018-09-18-15-26-58-0400__CAM_BACK_RIGHT__1537299491428113.jpg"], "intrinsics": [[[1257.8625342125129, 0.0, 827.2410631095686], [0.0, 1257.8625342125129, 450.915498205774], [0.0, 0.0, 1.0]], [[1252.8131021185304, 0.0, 826.588114781398], [0.0, 1252.8131021185304, 469.9846626224581], [0.0, 0.0, 1.0]], [[1256.7485116440405, 0.0, 817.7887570959712], [0.0, 1256.7485116440403, 451.9541780095127], [0.0, 0.0, 1.0]], [[1254.9860565800168, 0.0, 829.5769333630991], [0.0, 1254.9860565800168, 467.1680561863987], [0.0, 0.0, 1.0]], [[796.8910634503094, 0.0, 857.7774326863696], [0.0, 796.8910634503094, 476.8848988407415], [0.0, 0.0, 1.0]], [[1249.9629280788233, 0.0, 825.3768045375984], [0.0, 1249.9629280788233, 462.54816385708756], [0.0, 0.0, 1.0]]], "extrinsics": [[[0.8228101134300232, -0.5682496428489685, -0.00871709268540144, -0.7040557861328125], [0.00848374143242836, 0.027618078514933586, -0.9995825290679932, 1.4913330078125], [0.5682530999183655, 0.8223926424980164, 0.02754531428217888, -1.127685546875], [0.0, 0.0, 0.0, 1.0]], [[0.010632800869643688, -0.9996727108955383, -0.023266812786459923, 0.0101318359375], [0.010472247377038002, 0.023378176614642143, -0.9996718764305115, 1.4832801818847656], [0.9998885989189148, 0.010385639034211636, 0.010717395693063736, -1.4334716796875], [0.0, 0.0, 0.0, 1.0]], [[-0.8438180685043335, -0.5361170172691345, -0.023444591090083122, 0.89306640625], [0.01852969080209732, 0.014553532004356384, -0.9997223615646362, 1.4973983764648438], [0.5363093614578247, -0.8440181612968445, -0.0023464513942599297, -1.15087890625], [0.0, 0.0, 0.0, 1.0]], [[0.9478780627250671, 0.31861844658851624, 0.003070314647629857, -1.1312255859375], [-0.006643786560744047, 0.029396971687674522, -0.9995457530021667, 1.5619544982910156], [-0.3185640275478363, 0.9474270343780518, 0.029981577768921852, -0.16015625], [0.0, 0.0, 0.0, 1.0]], [[0.009104386903345585, 0.9997183680534363, 0.021918080747127533, -0.0284423828125], [-0.0045296745374798775, 0.021959997713565826, -0.9997485876083374, 1.567626953125], [-0.999948263168335, 0.009002812206