[{"images": ["samples/CAM_FRONT_LEFT/n008-2018-09-18-14-35-12-0400__CAM_FRONT_LEFT__1537295946854799.jpg", "samples/CAM_FRONT/n008-2018-09-18-14-35-12-0400__CAM_FRONT__1537295946862404.jpg", "samples/CAM_FRONT_RIGHT/n008-2018-09-18-14-35-12-0400__CAM_FRONT_RIGHT__1537295946870482.jpg", "samples/CAM_BACK_LEFT/n008-2018-09-18-14-35-12-0400__CAM_BACK_LEFT__1537295946897405.jpg", "samples/CAM_BACK/n008-2018-09-18-14-35-12-0400__CAM_BACK__1537295946888208.jpg", "samples/CAM_BACK_RIGHT/n008-2018-09-18-14-35-12-0400__CAM_BACK_RIGHT__1537295946878113.jpg"], "intrinsics": [[[1257.8625342125129, 0.0, 827.2410631095686], [0.0, 1257.8625342125129, 450.915498205774], [0.0, 0.0, 1.0]], [[1252.8131021185304, 0.0, 826.588114781398], [0.0, 1252.8131021185304, 469.9846626224581], [0.0, 0.0, 1.0]], [[1256.7485116440405, 0.0, 817.7887570959712], [0.0, 1256.7485116440403, 451.9541780095127], [0.0, 0.0, 1.0]], [[1254.9860565800168, 0.0, 829.5769333630991], [0.0, 1254.9860565800168, 467.1680561863987], [0.0, 0.0, 1.0]], [[796.8910634503094, 0.0, 857.7774326863696], [0.0, 796.8910634503094, 476.8848988407415], [0.0, 0.0, 1.0]], [[1249.9629280788233, 0.0, 825.3768045375984], [0.0, 1249.9629280788233, 462.54816385708756], [0.0, 0.0, 1.0]]], "extrinsics": [[[0.8223934769630432, -0.5682802796363831, -0.026954293251037598, -0.715667724609375], [0.0038764586206525564, 0.05297423526644707, -0.9985883235931396, 1.4896163940429688], [0.5689059495925903, 0.8211280107498169, 0.045768581330776215, -1.13427734375], [0.0, 0.0, 0.0, 1.0]], [[0.010042806155979633, -0.9987525343894958, -0.04891316592693329, 0.0087890625], [0.00600080331787467, 0.04897494614124298, -0.9987819790840149, 1.4818801879882812], [0.9999315142631531, 0.00973709486424923, 0.00648516183719039, -1.443359375], [0.0, 0.0, 0.0, 1.0]], [[-0.8440836071968079, -0.5351588129997253, -0.03358234092593193, 0.89892578125], [0.014150884933769703, 0.04037504270672798, -0.9990844130516052, 1.49627685546875], [0.5360246896743774, -0.8437860608100891, -0.026506947353482246, -1.15521240234375], [0.0, 0.0, 0.0, 1.0]], [[0.9479612708091736, 0.3183022439479828, 0.007292112801223993, -1.1319580078125], [-0.011026634834706783, 0.055711716413497925, -0.9983859658241272, 1.5618972778320312], [-0.31819477677345276, 0.9463508129119873, 0.05632235109806061, -0.1602783203125], [0.0, 0.0, 0.0, 1.0]], [[0.00942777656018734, 0.9987995028495789, 0.04806920140981674, -0.0283203125], [-0.009032479487359524, 0.04815443232655525, -0.9987990260124207, 1.5672607421875], [-0.9999147653579712, 0.008982260711491108, 0.00947562512010336, -0.0421142578125], [0.0, 0.0, 0.0, 1.0]], [[-0.9237078428268433, 0.38283371925354004, 0.014212711714208126, 1.00592041015625], [-0.004861691500991583, 0.025382250547409058, -0.9996659755706787, 1.5469894409179688], [-0.3830665946006775, -0.9234684705734253, -0.021584566682577133, -0.107177734375], [0.0, 0.0, 0.0, 1.0]]], "view": [[0.0, -2.0, 100.0], [-2.0, 0.0, 100.0], [0.0, 0.0, 1.0]], "bev": "bev_6a808b09e5f34d33ba1de76cc8dab423.png", "aux": "aux_6a808b09e5f34d33ba1de76cc8dab423.npz", "visibility": "visibility_6a808b09e5f34d33ba1de76cc8dab423.png", "pose": [[0.8838537335395813, 0.46776333451271057, 0.0, 2184.67626953125], [-0.46776333451271057, 0.8838537335395813, 0.0, 1120.1519775390625], [0.0, 0.0, 1.0, 0.0], [0.0, 0.0, 0.0, 1.0]], "pose_inverse": [[0.8838537335395813, -0.46776333451271057, 0.0, -1406.96826171875], [0.46776333451271057, 0.8838537335395813, 0.0, -2011.9620361328125], [0.0, 0.0, 1.0, 0.0], [0.0, 0.0, 0.0, 1.0]], "cam_ids": [0, 1, 2, 3, 4, 5], "cam_channels": ["CAM_FRONT_LEFT", "CAM_FRONT", "CAM_FRONT_RIGHT", "CAM_BACK_LEFT", "CAM_BACK", "CAM_BACK_RIGHT"], "token": "6a808b09e5f34d33ba1de76cc8dab423", "scene": "scene-0630"}, {"images": ["samples/CAM_FRONT_LEFT/n008-2018-09-18-14-35-12-0400__CAM_FRONT_LEFT__1537295947354799.jpg", "samples/CAM_FRONT/n008-2018-09-18-14-35-12-0400__CAM_FRONT__1537295947362404.jpg", "samples/CAM_FRONT_RIGHT/n008-2018-09-18-14-35-12-0400__CAM_FRONT_RIGHT__1537295947370482.jpg", "samples/CAM_BACK_LEFT/n008-2018-09-18-14-35-12-0400__CAM_BACK_LEFT__1537295947397405.jpg", "samples/CAM_BACK/n008-2018-09-18-14-35-12-0400__CAM_BACK__1537295947387558.jpg", "samples/CAM_BACK_RIGHT/n008-2018-09-18-14-35-12-0400__CAM_BACK_RIGHT__1537295947378113.jpg"], "intrinsics": [[[1257.8625342125129, 0.0, 827.2410631095686], [0.0, 1257.8625342125129, 450.915498205774], [0.0, 0.0, 1.0]], [[1252.8131021185304, 0.0, 826.588114781398], [0.0, 1252.8131021185304, 469.9846626224581], [0.0, 0.0, 1.0]], [[1256.7485116440405, 0.0, 817.7887570959712], [0.0, 1256.7485116440403, 451.9541780095127], [0.0, 0.0, 1.0]], [[1254.9860565800168, 0.0, 829.5769333630991], [0.0, 1254.9860565800168, 467.1680561863987], [0.0, 0.0, 1.0]], [[796.8910634503094, 0.0, 857.7774326863696], [0.0, 796.8910634503094, 476.8848988407415], [0.0, 0.0, 1.0]], [[1249.9629280788233, 0.0, 825.3768045375984], [0.0, 1249.9629280788233, 462.54816385708756], [0.0, 0.0, 1.0]]], "extrinsics": [[[0.8225448131561279, -0.5678409934043884, -0.03125324845314026, -0.7185745239257812], [-0.0016840386670082808, 0.05252327769994736, -0.9986182451248169, 1.487579345703125], [0.5686978697776794, 0.8214609026908875, 0.04224648326635361, -1.13818359375], [0.0, 0.0, 0.0, 1.0]], [[0.010071789845824242, -0.9987810254096985, -0.048322491347789764, 0.01025390625], [8.363158849533647e-05, 0.048325784504413605, -0.9988316297531128, 1.4800872802734375], [0.9999492168426514, 0.010055971331894398, 0.000570255855564028, -1.448486328125], [0.0, 0.0, 0.0, 1.0]], [[-0.8442688584327698, -0.5351922512054443, -0.027918163686990738, 0.9033203125], [0.007977833040058613, 0.0395372174680233, -0.9991862177848816, 1.4948043823242188], [0.535860538482666, -0.8438045382499695, -0.029110364615917206, -1.15740966796875], [0.0, 0.0, 0.0, 1.0]], [[0.9479255080223083, 0.3184919059276581, 0.00045931097702123225, -1.1328125], [-0.017780980095267296, 0.05436119809746742, -0.9983630180358887, 1.5618438720703125], [-0.317995548248291, 0.9463655948638916, 0.057193465530872345, -0.15966796875], [0.0, 0.0, 0.0, 1.0]], [[0.00975633505731821, 0.9988558888435364, 0.046815864741802216, -0.028076171875], [-0.015460184775292873, 0.046963173896074295, -0.998776912689209, 1.5666885375976562], [-0.9998328685760498, 0.00902063399553299, 0.015900686383247375, -0.0443115234375], [0.0, 0.0, 0.0, 1.0]], [[-0.9235073924064636, 0.38307783007621765, 0.01963414065539837, 1.01055908203125], [-0.011135284788906574, 0.024390768259763718, -0.9996404647827148, 1.5460014343261719], [-0.38341906666755676, -0.923393964767456, -0.01825937256217003, -0.105712890625], [0.0, 0.0, 0.0, 1.0]]], "view": [[0.0, -2.0, 100.0], [-2.0, 0.0, 100.0], [0.0, 0.0, 1.0]], "bev": "bev_deb8e26de2ed4821a871615eaf1ff3d0.png", "aux": "aux_deb8e26de2ed4821a871615eaf1ff3d0.npz", "visibility": "visibility_deb8e26de2ed4821a871615eaf1ff3d0.png", "pose": [[0.882300078868866, 0.4706873297691345, 0.0, 2188.16064453125], [-0.4706873297691345, 0.882300078868866, 0.0, 1118.2784423828125], [0.0, 0.0, 1.0, 0.0], [0.0, 0.0, 0.0, 1.0]], "pose_inverse": [[0.882300078868866, -0.4706873297691345, 0.0, -1404.2547607421875], [0.4706873297691345, 0.882300078868866, 0.0, -2016.5966796875], [0.0, 0.0, 1.0, 0.0], [0.0, 0.0, 0.0, 1.0]], "cam_ids": [0, 1, 2, 3, 4, 5], "cam_channels": ["CAM_FRONT_LEFT", "CAM_FRONT", "CAM_FRONT_RIGHT", "CAM_BACK_LEFT", "CAM_BACK", "CAM_BACK_RIGHT"], "token": "deb8e26de2ed4821a871615eaf1ff3d0", "scene": "scene-0630"}, {"images": ["samples/CAM_FRONT_LEFT/n008-2018-09-18-14-35-12-0400__CAM_FRONT_LEFT__1537295947855052.jpg", "samples/CAM_FRONT/n008-2018-09-18-14-35-12-0400__CAM_FRONT__1537295947862404.jpg", "samples/CAM_FRONT_RIGHT/n008-2018-09-18-14-35-12-0400__CAM_FRONT_RIGHT__1537295947870482.jpg", "samples/CAM_BACK_LEFT/n008-2018-09-18-14-35-12-0400__CAM_BACK_LEFT__1537295947897405.jpg", "samples/CAM_BACK/n008-2018-09-18-14-35-12-0400__CAM_BACK__1537295947887558.jpg", "samples/CAM_BACK_RIGHT/n008-2018-09-18-14-35-12-0400__CAM_BACK_RIGHT__1537295947878113.jpg"], "intrinsics": [[[1257.8625342125129, 0.0, 827.2410631095686], [0.0, 1257.8625342125129, 450.915498205774], [0.0, 0.0, 1.0]], [[1252.8131021185304, 0.0, 826.588114781398], [0.0, 1252.8131021185304, 469.9846626224581], [0.0, 0.0, 1.0]], [[1256.7485116440405, 0.0, 817.7887570959712], [0.0, 1256.7485116440403, 451.9541780095127], [0.0, 0.0, 1.0]], [[1254.9860565800168, 0.0, 829.5769333630991], [0.0, 1254.9860565800168, 467.1680561863987], [0.0, 0.0, 1.0]], [[796.8910634503094, 0.0, 857.7774326863696], [0.0, 796.8910634503094, 476.8848988407415], [0.0, 0.0, 1.0]], [[1249.9629280788233, 0.0, 825.3768045375984], [0.0, 1249.9629280788233, 462.54816385708756], [0.0, 0.0, 1.0]]], "extrinsics": [[[0.8225395679473877, -0.5679602026939392, -0.029154688119888306, -0.7231121063232422], [-0.0016438806196674705, 0.048890095204114914, -0.9988027811050415, 1.487548828125], [0.568705677986145, 0.8216027021408081, 0.03928036987781525, -1.1435546875], [0.0, 0.0, 0.0, 1.0]], [[0.010251115076243877, -0.998943030834198, -0.04480680078268051, 0.011962890625], [0.0002832856844179332, 0.04481205716729164, -0.9989954233169556, 1.4800796508789062], [0.9999474287033081, 0.010228168219327927, 0.0007423590868711472, -1.4521484375], [0.0, 0.0, 0.0, 1.0]], [[-0.84402996301651, -0.5356461405754089, -0.02639354206621647, 0.906494140625], [0.008304932154715061, 0.03615402802824974, -0.9993116855621338, 1.4947891235351562], [0.5362316966056824, -0.8436682820320129, -0.026066578924655914, -1.15704345703125], [0.0, 0.0, 0.0, 1.0]], [[0.9479051828384399, 0.31855252385139465, 0.00020895431225653738, -1.134033203125], [-0.017065439373254776, 0.05143599212169647, -0.9985304474830627, 1.561859130859375], [-0.3180951774120331, 0.9465086460113525, 0.0541926808655262, -0.15966796875], [0.0, 0.0, 0.0, 1.0]], [[0.009384585544466972, 0.9989995360374451, 0.043726030737161636, -0.029296875], [-0.01493680477142334, 0.04386312887072563, -0.9989258646965027, 1.5667037963867188], [-0.9998444318771362, 0.008721389807760715, 0.015333498828113079, -0.04296875], [0.0, 0.0, 0.0, 1.0]], [[-0.923753023147583, 0.38256579637527466, 0.017993301153182983, 1.011474609375], [-0.010727278888225555, 0.021117672324180603, -0.9997194409370422, 1.546041488647461], [-0.3828383982181549, -0.9236869215965271, -0.015403623692691326, -0.10302734375], [0.0, 0.0, 0.0, 1.0]]], "view": [[0.0, -2.0, 100.0], [-2.0, 0.0, 100.0], [0.0, 0.0, 1.0]], "bev": "bev_00eb7ba565d744e197dc7e8e2067be52.png", "aux": "aux_00eb7ba565d744e197dc7e8e2067be52.npz", "visibility": "visibility_00eb7ba565d744e197dc7e8e2067be52.png", "pose": [[0.881076991558075, 0.47297289967536926, 0.0, 2191.564208984375], [-0.47297289967536926, 0.881076991558075, 0.0, 1116.42724609375], [0.0, 0.0, 1.0, 0.0], [0.0, 0.0, 0.0, 1.0]], "pose_inverse": [[0.881076991558075, -0.47297289967536926, 0.0, -1402.89697265625], [0.47297289967536926, 0.881076991558075, 0.0, -2020.2088623046875], [0.0, 0.0, 1.0, 0.0], [0.0, 0.0, 0.0, 1.0]], "cam_ids": [0, 1, 2, 3, 4, 5], "cam_channels": ["CAM_FRONT_LEFT", "CAM_FRONT", "CAM_FRONT_RIGHT", "CAM_BACK_LEFT", "CAM_BACK", "CAM_BACK_RIGHT"], "token": "00eb7ba565d744e197dc7e8e2067be52", "scene": "scene-0630"}, {"images": ["samples/CAM_FRONT_LEFT/n008-2018-09-18-14-35-12-0400__CAM_FRONT_LEFT__1537295948354799.jpg", "samples/CAM_FRONT/n008-2018-09-18-14-35-12-0400__CAM_FRONT__1537295948362404.jpg", "samples/CAM_FRONT_RIGHT/n008-2018-09-18-14-35-12-0400__CAM_FRONT_RIGHT__1537295948370482.jpg", "samples/CAM_BACK_LEFT/n008-2018-09-18-14-35-12-0400__CAM_BACK_LEFT__1537295948397405.jpg", "samples/CAM_BACK/n008-2018-09-18-14-35-12-0400__CAM_BACK__1537295948387558.jpg", "samples/CAM_BACK_RIGHT/n008-2018-09-18-14-35-12-0400__CAM_BACK_RIGHT__1537295948378113.jpg"], "intrinsics": [[[1257.8625342125129, 0.0, 827.2410631095686], [0.0, 1257.8625342125129, 450.915498205774], [0.0, 0.0, 1.0]], [[1252.8131021185304, 0.0, 826.588114781398], [0.0, 1252.8131021185304, 469.9846626224581], [0.0, 0.0, 1.0]], [[1256.7485116440405, 0.0, 817.7887570959712], [0.0, 1256.7485116440403, 451.9541780095127], [0.0, 0.0, 1.0]], [[1254.9860565800168, 0.0, 829.5769333630991], [0.0, 1254.9860565800168, 467.1680561863987], [0.0, 0.0, 1.0]], [[796.8910634503094, 0.0, 857.7774326863696], [0.0, 796.8910634503094, 476.8848988407415], [0.0, 0.0, 1.0]], [[1249.9629280788233, 0.0, 825.3768045375984], [0.0, 1249.9629280788233, 462.54816385708756], [0.0, 0.0, 1.0]]], "extrinsics": [[[0.822497546672821, -0.5679739713668823, -0.030056511983275414, -0.7150259017944336], [-0.0032658108975738287, 0.0481279194355011, -0.9988358616828918, 1.4868392944335938], [0.5687592029571533, 0.8216382265090942, 0.037730198353528976, -1.14111328125], [0.0, 0.0, 0.0, 1.0]], [[0.010063845664262772, -0.9989787936210632, -0.04404556378722191, 0.0137939453125], [-0.0014551589265465736, 0.04403311759233475, -0.9990290403366089, 1.4794998168945312], [0.999948263168335, 0.010118136182427406, -0.0010105310939252377, -1.447265625], [0.0, 0.0, 0.0, 1.0]], [[-0.8442018032073975, -0.5354700684547424, -0.024395447224378586, 0.903564453125], [0.0064374650828540325, 0.03538040071725845, -0.9993531703948975, 1.4943618774414062], [0.5359868407249451, -0.8438127636909485, -0.026421133428812027, -1.15380859375], [0.0, 0.0, 0.0, 1.0]], [[0.9478880167007446, 0.318596750497818, -0.002092458540573716, -1.1351318359375], [-0.019253097474575043, 0.05072369426488876, -0.9985271096229553, 1.5618438720703125], [-0.31802135705947876, 0.9465321898460388, 0.05421435832977295, -0.1593017578125], [0.0, 0.0, 0.0, 1.0]], [[0.00961717776954174, 0.9990302920341492, 0.0429656058549881, -0.0296630859375], [-0.01701815240085125, 0.04312489554286003, -0.9989246726036072, 1.5664863586425781], [-0.9998089671134949, 0.008875643834471703, 0.017416389659047127, -0.044189453125], [0.0, 0.0, 0.0, 1.0]], [[-0.9235914945602417, 0.38287925720214844, 0.019548524171113968, 1.008056640625], [-0.01271513570100069, 0.0203701239079237, -0.9997116327285767, 1.5456714630126953], [-0.3831671178340912, -0.9235737323760986, -0.01394531037658453, -0.10400390625], [0.0, 0.0, 0.0, 1.0]]], "view": [[0.0, -2.0, 100.0], [-2.0, 0.0, 100.0], [0.0, 0.0, 1.0]], "bev": "bev_f0fcd01b429f42afb264134a2c1336b0.png", "aux": "aux_f0fcd01b429f42afb264134a2c1336b0.npz", "visibility": "visibility_f0fcd01b429f42afb264134a2c1336b0.png", "pose": [[0.8795977830886841, 0.47571811079978943, 0.0, 2195.002197265625], [-0.47571811079978943, 0.8795977830886841, 0.0, 1114.5142822265625], [0.0, 0.0, 1.0, 0.0], [0.0, 0.0, 0.0, 1.0]], "pose_inverse": [[0.8795977830886841, -0.47571811079978943, 0.0, -1400.5244140625], [0.47571811079978943, 0.8795977830886841, 0.0, -2024.526611328125], [0.0, 0.0, 1.0, 0.0], [0.0, 0.0, 0.0, 1.0]], "cam_ids": [0, 1, 2, 3, 4, 5], "cam_channels": ["CAM_FRONT_LEFT", "CAM_FRONT", "CAM_FRONT_RIGHT", "CAM_BACK_LEFT", "CAM_BACK", "CAM_BACK_RIGHT"], "token": "f0fcd01b429f42afb264134a2c1336b0", "scene": "scene-0630"}, {"images": ["samples/CAM_FRONT_LEFT/n008-2018-09-18-14-35-12-0400__CAM_FRONT_LEFT__1537295948854799.jpg", "samples/CAM_FRONT/n008-2018-09-18-14-35-12-0400__CAM_FRONT__1537295948862404.jpg", "samples/CAM_FRONT_RIGHT/n008-2018-09-18-14-35-12-0400__CAM_FRONT_RIGHT__1537295948870482.jpg", "samples/CAM_BACK_LEFT/n008-2018-09-18-14-35-12-0400__CAM_BACK_LEFT__1537295948897414.jpg", "samples/CAM_BACK/n008-2018-09-18-14-35-12-0400__CAM_BACK__1537295948887558.jpg", "samples/CAM_BACK_RIGHT/n008-2018-09-18-14-35-12-0400__CAM_BACK_RIGHT__1537295948878113.jpg"], "intrinsics": [[[1257.8625342125129, 0.0, 827.2410631095686], [0.0, 1257.8625342125129, 450.915498205774], [0.0, 0.0, 1.0]], [[1252.8131021185304, 0.0, 826.588114781398], [0.0, 1252.8131021185304, 469.9846626224581], [0.0, 0.0, 1.0]], [[1256.7485116440405, 0.0, 817.7887570959712], [0.0, 1256.7485116440403, 451.9541780095127], [0.0, 0.0, 1.0]], [[1254.9860565800168, 0.0, 829.5769333630991], [0.0, 1254.9860565800168, 467.1680561863987], [0.0, 0.0, 1.0]], [[796.8910634503094, 0.0, 857.7774326863696], [0.0, 796.8910634503094, 476.8848988407415], [0.0, 0.0, 1.0]], [[1249.9629280788233, 0.0, 825.3768045375984], [0.0, 1249.9629280788233, 462.54816385708756], [0.0, 0.0, 1.0]]], "extrinsics": [[[0.8222554922103882, -0.5682393908500671, -0.031621675938367844, -0.7331085205078125], [-0.0062597449868917465, 0.04652915149927139, -0.9988973140716553, 1.486083984375], [0.569084107875824, 0.8215467929840088, 0.034701816737651825, -1.149169921875], [0.0, 0.0, 0.0, 1.0]], [[0.009806634858250618, -0.999058723449707, -0.042254216969013214, 0.0108642578125], [-0.004439417272806168, 0.04221233353018761, -0.9990988373756409, 1.4788360595703125], [0.9999420046806335, 0.009985391981899738, -0.004021276254206896, -1.462890625], [0.0, 0.0, 0.0, 1.0]], [[-0.8442680835723877, -0.535519540309906, -0.02074153535068035, 0.9130859375], [0.003435044316574931, 0.033294424414634705, -0.9994396567344666, 1.4937210083007812], [0.5359100699424744, -0.8438662886619568, -0.026269888505339622, -1.1622314453125], [0.0, 0.0, 0.0, 1.0]], [[0.947833776473999, 0.3187108039855957, -0.005885371007025242, -1.13232421875], [-0.02219541370868683, 0.04756758362054825, -0.99862140417099, 1.561767578125], [-0.3179915249347687, 0.9466575980186462, 0.05216008052229881, -0.1600341796875], [0.0, 0.0, 0.0, 1.0]], [[0.009614872746169567, 0.999144971370697, 0.040209028869867325, -0.0291748046875], [-0.020010244101285934, 0.04039508104324341, -0.9989833831787109, 1.5663261413574219], [-0.9997535347938538, 0.008800520561635494, 0.02038153074681759, -0.04052734375], [0.0, 0.0, 0.0, 1.0]], [[-0.9235756993293762, 0.382815957069397, 0.021442294120788574, 1.01708984375], [-0.015745388343930244, 0.01800891011953354, -0.9997138381004333, 1.5453424453735352], [-0.3830924928188324, -0.9236490726470947, -0.010605008341372013, -0.101318359375], [0.0, 0.0, 0.0, 1.0]]], "view": [[0.0, -2.0, 100.0], [-2.0, 0.0, 100.0], [0.0, 0.0, 1.0]], "bev": "bev_ae9508b3cd9e41c29bee43f66ba7b0fe.png", "aux": "aux_ae9508b3cd9e41c29bee43f66ba7b0fe.npz", "visibility": "visibility_ae9508b3cd9e41c29bee43f66ba7b0fe.png", "pose": [[0.8823130130767822, 0.4706631004810333, 0.0, 2198.2919921875], [-0.4706631004810333, 0.8823130130767822, 0.0, 1112.682373046875], [0.0, 0.0, 1.0, 0.0], [0.0, 0.0, 0.0, 1.0]], "pose_inverse": [[0.8823130130767822, -0.4706631004810333, 0.0, -1415.883056640625], [0.4706631004810333, 0.8823130130767822, 0.0, -2016.3890380859375], [0.0, 0.0, 1.0, 0.0], [0.0, 0.0, 0.0, 1.0]], "cam_ids": [0, 1, 2, 3, 4, 5], "cam_channels": ["CAM_FRONT_LEFT", "CAM_FRONT", "CAM_FRONT_RIGHT", "CAM_BACK_LEFT", "CAM_BACK", "CAM_BACK_RIGHT"], "token": "ae9508b3cd9e41c29bee43f66ba7b0fe", "scene": "scene-0630"}, {"images": ["samples/CAM_FRONT_LEFT/n008-2018-09-18-14-35-12-0400__CAM_FRONT_LEFT__1537295949354799.jpg", "samples/CAM_FRONT/n008-2018-09-18-14-35-12-0400__CAM_FRONT__1537295949362404.jpg", "samples/CAM_FRONT_RIGHT/n008-2018-09-18-14-35-12-0400__CAM_FRONT_RIGHT__1537295949370482.jpg", "samples/CAM_BACK_LEFT/n008-2018-09-18-14-35-12-0400__CAM_BACK_LEFT__1537295949397405.jpg", "samples/CAM_BACK/n008-2018-09-18-14-35-12-0400__CAM_BACK__1537295949387558.jpg", "samples/CAM_BACK_RIGHT/n008-2018-09-18-14-35-12-0400__CAM_BACK_RIGHT__1537295949378113.jpg"], "intrinsics": [[[1257.8625342125129, 0.0, 827.2410631095686], [0.0, 1257.8625342125129, 450.915498205774], [0.0, 0.0, 1.0]], [[1252.8131021185304, 0.0, 826.588114781398], [0.0, 1252.8131021185304, 469.9846626224581], [0.0, 0.0, 1.0]], [[1256.7485116440405, 0.0, 817.7887570959712], [0.0, 1256.7485116440403, 451.9541780095127], [0.0, 0.0, 1.0]], [[1254.9860565800168, 0.0, 829.5769333630991], [0.0, 1254.9860565800168, 467.1680561863987], [0.0, 0.0, 1.0]], [[796.8910634503094, 0.0, 857.7774326863696], [0.0, 796.8910634503094, 476.8848988407415], [0.0, 0.0, 1.0]], [[1249.9629280788233, 0.0, 825.3768045375984], [0.0, 1249.9629280788233, 462.54816385708756], [0.0, 0.0, 1.0]]], "extrinsics": [[[0.8224398493766785, -0.5682222843170166, -0.026761716231703758, -0.7324256896972656], [-0.0076066795736551285, 0.03605543449521065, -0.9993208050727844, 1.4856910705566406], [0.5688012838363647, 0.8220847845077515, 0.02533113770186901, -1.1484375], [0.0, 0.0, 0.0, 1.0]], [[0.010251784697175026, -0.9994367361068726, -0.031955353915691376, 0.0106201171875], [-0.005749824456870556, 0.031897589564323425, -0.9994745850563049, 1.4785079956054688], [0.9999309778213501, 0.010430109687149525, -0.005419579334557056, -1.461181640625], [0.0, 0.0, 0.0, 1.0]], [[-0.8439677357673645, -0.5362029671669006, -0.014314452186226845, 0.910888671875], [0.00226777046918869, 0.023119352757930756, -0.9997301697731018, 1.4935073852539062], [0.536389172077179, -0.8437724709510803, -0.018296001479029655, -1.16082763671875], [0.0, 0.0, 0.0, 1.0]], [[0.9477624893188477, 0.31882408261299133, -0.009870972484350204, -1.12939453125], [-0.023110156878829002, 0.03776894509792328, -0.999019205570221, 1.5616798400878906], [-0.31813859939575195, 0.9470611214637756, 0.04316406324505806, -0.161376953125], [0.0, 0.0, 0.0, 1.0]], [[0.009197761304676533, 0.999499499797821, 0.030266668647527695, -0.0291748046875], [-0.020877089351415634, 0.030453292652964592, -0.9993180632591248, 1.5661869049072266], [-0.9997397661209106, 0.008559652604162693, 0.02114674262702465, -0.0439453125], [0.0, 0.0, 0.0, 1.0]], [[-0.9238188862800598, 0.3823850154876709, 0.018448378890752792, 1.01397705078125], [-0.01669018343091011, 0.007914862595498562, -0.9998294115066528, 1.5451569557189941], [-0.38246577978134155, -0.9239691495895386, -0.0009298236109316349, -0.102294921875], [0.0, 0.0, 0.0, 1.0]]], "view": [[0.0, -2.0, 100.0], [-2.0, 0.0, 100.0], [0.0, 0.0, 1.0]], "bev": "bev_127521ab7d884515a12a3b7a0d69e0b9.png", "aux": "aux_127521ab7d884515a12a3b7a0d69e0b9.npz", "visibility": "visibility_127521ab7d884515a12a3b7a0d69e0b9.png", "pose": [[0.8825886845588684, 0.47014597058296204, 0.0, 2201.603759765625], [-0.47014597058296204, 0.8825886845588684, 0.0, 1110.887939453125], [0.0, 0.0, 1.0, 0.0], [0.0, 0.0, 0.0, 1.0]], "pose_inverse": [[0.8825886845588684, -0.47014597058296204, 0.0, -1420.8310546875], [0.47014597058296204, 0.8825886845588684, 0.0, -2015.5322265625], [0.0, 0.0, 1.0, 0.0], [0.0, 0.0, 0.0, 1.0]], "cam_ids": [0, 1, 2, 3, 4, 5], "cam_channels": ["CAM_FRONT_LEFT", "CAM_FRONT", "CAM_FRONT_RIGHT", "CAM_BACK_LEFT", "CAM_BACK", "CAM_BACK_RIGHT"], "token": "127521ab7d884515a12a3b7a0d69e0b9", "scene": "scene-0630"}, {"images": ["samples/CAM_FRONT_LEFT/n008-2018-09-18-14-35-12-0400__CAM_FRONT_LEFT__1537295949854799.jpg", "samples/CAM_FRONT/n008-2018-09-18-14-35-12-0400__CAM_FRONT__1537295949862404.jpg", "samples/CAM_FRONT_RIGHT/n008-2018-09-18-14-35-12-0400__CAM_FRONT_RIGHT__1537295949870482.jpg", "samples/CAM_BACK_LEFT/n008-2018-09-18-14-35-12-0400__CAM_BACK_LEFT__1537295949897405.jpg", "samples/CAM_BACK/n008-2018-09-18-14-35-12-0400__CAM_BACK__1537295949887558.jpg", "samples/CAM_BACK_RIGHT/n008-2018-09-18-14-35-12-0400__CAM_BACK_RIGHT__1537295949878113.jpg"], "intrinsics": [[[1257.8625342125129, 0.0, 827.2410631095686], [0.0, 1257.8625342125129, 450.915498205774], [0.0, 0.0, 1.0]], [[1252.8131021185304, 0.0, 826.588114781398], [0.0, 1252.8131021185304, 469.9846626224581], [0.0, 0.0, 1.0]], [[1256.7485116440405, 0.0, 817.7887570959712], [0.0, 1256.7485116440403, 451.9541780095127], [0.0, 0.0, 1.0]], [[1254.9860565800168, 0.0, 829.5769333630991], [0.0, 1254.9860565800168, 467.1680561863987], [0.0, 0.0, 1.0]], [[796.8910634503094, 0.0, 857.7774326863696], [0.0, 796.8910634503094, 476.8848988407415], [0.0, 0.0, 1.0]], [[1249.9629280788233, 0.0, 825.3768045375984], [0.0, 1249.9629280788233, 462.54816385708756], [0.0, 0.0, 1.0]]], "extrinsics": [[[0.8224228024482727, -0.5683709383010864, -0.023983141407370567, -0.7432117462158203], [-0.007830428890883923, 0.030844422057271004, -0.9994934797286987, 1.4856834411621094], [0.5688228607177734, 0.8221941590309143, 0.020916566252708435, -1.15771484375], [0.0, 0.0, 0.0, 1.0]], [[0.01008677575737238, -0.9995861649513245, -0.026939868927001953, 0.011962890625], [-0.0058588082902133465, 0.02688170038163662, -0.9996214509010315, 1.4785194396972656], [0.9999319314956665, 0.010240762494504452, -0.005585233680903912, -1.472900390625], [0.0, 0.0, 0.0, 1.0]], [[-0.8441305756568909, -0.5360102653503418, -0.011684299446642399, 0.918701171875], [0.002164671430364251, 0.01838589832186699, -0.9998286366462708, 1.4934616088867188], [0.5361332893371582, -0.8440113067626953, -0.014359813183546066, -1.1646728515625], [0.0, 0.0, 0.0, 1.0]], [[0.9477655291557312, 0.3187773823738098, -0.011024029925465584, -1.1273193359375], [-0.02313251607120037, 0.03422319144010544, -0.9991464614868164, 1.5616264343261719], [-0.3181280195713043, 0.9472115635871887, 0.039809681475162506, -0.162109375], [0.0, 0.0, 0.0, 1.0]], [[0.009423574432730675, 0.9996100068092346, 0.026288455352187157, -0.029296875], [-0.021082336083054543, 0.026482392102479935, -0.9994269013404846, 1.5662097930908203], [-0.9997333884239197, 0.008863928727805614, 0.0213236715644598, -0.0419921875], [0.0, 0.0, 0.0, 1.0]], [[-0.9236540794372559, 0.38285166025161743, 0.016964338719844818, 1.0191650390625], [-0.016902415081858635, 0.0035257157869637012, -0.9998509287834167, 1.5452251434326172], [-0.3828543424606323, -0.9238030910491943, 0.00321457558311522, -0.099853515625], [0.0, 0.0, 0.0, 1.0]]], "view": [[0.0, -2.0, 100.0], [-2.0, 0.0, 100.0], [0.0, 0.0, 1.0]], "bev": "bev_951e0232d2c441cda7e88f6db8e63323.png", "aux": "aux_951e0232d2c441cda7e88f6db8e63323.npz", "visibility": "visibility_951e0232d2c441cda7e88f6db8e63323.png", "pose": [[0.881777822971344, 0.47166502475738525, 0.0, 2204.798828125], [-0.47166502475738525, 0.881777822971344, 0.0, 1109.14599609375], [0.0, 0.0, 1.0, 0.0], [0.0, 0.0, 0.0, 1.0]], "pose_inverse": [[0.881777822971344, -0.47166502475738525, 0.0, -1420.997314453125], [0.47166502475738525, 0.881777822971344, 0.0, -2017.94677734375], [0.0, 0.0, 1.0, 0.0], [0.0, 0.0, 0.0, 1.0]], "cam_ids": [0, 1, 2, 3, 4, 5], "cam_channels": ["CAM_FRONT_LEFT", "CAM_FRONT", "CAM_FRONT_RIGHT", "CAM_BACK_LEFT", "CAM_BACK", "CAM_BACK_RIGHT"], "token": "951e0232d2c441cda7e88f6db8e63323", "scene": "scene-0630"}, {"images": ["samples/CAM_FRONT_LEFT/n008-2018-09-18-14-35-12-0400__CAM_FRONT_LEFT__1537295950354799.jpg", "samples/CAM_FRONT/n008-2018-09-18-14-35-12-0400__CAM_FRONT__1537295950362404.jpg", "samples/CAM_FRONT_RIGHT/n008-2018-09-18-14-35-12-0400__CAM_FRONT_RIGHT__1537295950370482.jpg", "samples/CAM_BACK_LEFT/n008-2018-09-18-14-35-12-0400__CAM_BACK_LEFT__1537295950397405.jpg", "samples/CAM_BACK/n008-2018-09-18-14-35-12-0400__CAM_BACK__1537295950387558.jpg", "samples/CAM_BACK_RIGHT/n008-2018-09-18-14-35-12-0400__CAM_BACK_RIGHT__1537295950378113.jpg"], "intrinsics": [[[1257.8625342125129, 0.0, 827.2410631095686], [0.0, 1257.8625342125129, 450.915498205774], [0.0, 0.0, 1.0]], [[1252.8131021185304, 0.0, 826.588114781398], [0.0, 1252.8131021185304, 469.9846626224581], [0.0, 0.0, 1.0]], [[1256.7485116440405, 0.0, 817.7887570959712], [0.0, 1256.7485116440403, 451.9541780095127], [0.0, 0.0, 1.0]], [[1254.9860565800168, 0.0, 829.5769333630991], [0.0, 1254.9860565800168, 467.1680561863987], [0.0, 0.0, 1.0]], [[796.8910634503094, 0.0, 857.7774326863696], [0.0, 796.8910634503094, 476.8848988407415], [0.0, 0.0, 1.0]], [[1249.9629280788233, 0.0, 825.3768045375984], [0.0, 1249.9629280788233, 462.54816385708756], [0.0, 0.0, 1.0]]], "extrinsics": [[[0.8218410015106201, -0.5692083239555359, -0.024069009348750114, -0.7422981262207031], [-0.006341536529362202, 0.033104922622442245, -0.9994317889213562, 1.4861679077148438], [0.569681704044342, 0.8215266466140747, 0.02359732799232006, -1.155029296875], [0.0, 0.0, 0.0, 1.0]], [[0.009345374070107937, -0.9995356798171997, -0.02900015376508236, 0.0107421875], [-0.0044056810438632965, 0.028959983959794044, -0.999570906162262, 1.4789161682128906], [0.999946653842926, 0.009469103999435902, -0.004132994916290045, -1.4693603515625], [0.0, 0.0, 0.0, 1.0]], [[-0.8443670272827148, -0.5355879068374634, -0.013779295608401299, 0.914794921875], [0.0034855010453611612, 0.02022702246904373, -0.9997893571853638, 1.4937515258789062], [0.5357537865638733, -0.844237208366394, -0.015212243422865868, -1.16290283203125], [0.0, 0.0, 0.0, 1.0]], [[0.9477887749671936, 0.3187430202960968, -0.009957541711628437, -1.120849609375], [-0.022319762036204338, 0.03515532985329628, -0.9991325736045837, 1.5614891052246094], [-0.31811654567718506, 0.9471889734268188, 0.0404340997338295, -0.1640625], [0.0, 0.0, 0.0, 1.0]], [[0.009516180492937565, 0.9995747208595276, 0.02756228856742382, -0.0291748046875], [-0.020017417147755623, 0.027748435735702515, -0.9994144439697266, 1.5661792755126953], [-0.9997543692588806, 0.008958898484706879, 0.020272962749004364, -0.0479736328125], [0.0, 0.0, 0.0, 1.0]], [[-0.9235995411872864, 0.38300326466560364, 0.01650659553706646, 1.01397705078125], [-0.015745723620057106, 0.005121603608131409, -0.9998628497123718, 1.5453166961669922], [-0.3830353319644928, -0.9237326979637146, 0.0013003532076254487, -0.102294921875], [0.0, 0.0, 0.0, 1.0]]], "view": [[0.0, -2.0, 100.0], [-2.0, 0.0, 100.0], [0.0, 0.0, 1.0]], "bev": "bev_60b030bb34284a13b557e1109c3c7e03.png", "aux": "aux_60b030bb34284a13b557e1109c3c7e03.npz", "visibility": "visibility_60b030bb34284a13b557e1109c3c7e03.png", "pose": [[0.8827531933784485, 0.4698369801044464, 0.0, 2207.874755859375], [-0.4698369801044464, 0.8827531933784485, 0.0, 1107.4453125], [0.0, 0.0, 1.0, 0.0], [0.0, 0.0, 0.0, 1.0]], "pose_inverse": [[0.8827531933784485, -0.4698369801044464, 0.0, -1428.689697265625], [0.4698369801044464, 0.8827531933784485, 0.0, -2014.942138671875], [0.0, 0.0, 1.0, 0.0], [0.0, 0.0, 0.0, 1.0]], "cam_ids": [0, 1, 2, 3, 4, 5], "cam_channels": ["CAM_FRONT_LEFT", "CAM_FRONT", "CAM_FRONT_RIGHT", "CAM_BACK_LEFT", "CAM_BACK", "CAM_BACK_RIGHT"], "token": "60b030bb34284a13b557e1109c3c7e03", "scene": "scene-0630"}, {"images": ["samples/CAM_FRONT_LEFT/n008-2018-09-18-14-35-12-0400__CAM_FRONT_LEFT__1537295950854799.jpg", "samples/CAM_FRONT/n008-2018-09-18-14-35-12-0400__CAM_FRONT__1537295950862404.jpg", "samples/CAM_FRONT_RIGHT/n008-2018-09-18-14-35-12-0400__CAM_FRONT_RIGHT__1537295950870482.jpg", "samples/CAM_BACK_LEFT/n008-2018-09-18-14-35-12-0400__CAM_BACK_LEFT__1537295950897405.jpg", "samples/CAM_BACK/n008-2018-09-18-14-35-12-0400__CAM_BACK__1537295950887558.jpg", "samples/CAM_BACK_RIGHT/n008-2018-09-18-14-35-12-0400__CAM_BACK_RIGHT__1537295950878113.jpg"], "intrinsics": [[[1257.8625342125129, 0.0, 827.2410631095686], [0.0, 1257.8625342125129, 450.915498205774], [0.0, 0.0, 1.0]], [[1252.8131021185304, 0.0, 826.588114781398], [0.0, 1252.8131021185304, 469.9846626224581], [0.0, 0.0, 1.0]], [[1256.7485116440405, 0.0, 817.7887570959712], [0.0, 1256.7485116440403, 451.9541780095127], [0.0, 0.0, 1.0]], [[1254.9860565800168, 0.0, 829.5769333630991], [0.0, 1254.9860565800168, 467.1680561863987], [0.0, 0.0, 1.0]], [[796.8910634503094, 0.0, 857.7774326863696], [0.0, 796.8910634503094, 476.8848988407415], [0.0, 0.0, 1.0]], [[1249.9629280788233, 0.0, 825.3768045375984], [0.0, 1249.9629280788233, 462.54816385708756], [0.0, 0.0, 1.0]]], "extrinsics": [[[0.8220313191413879, -0.5689789056777954, -0.022966835647821426, -0.7613868713378906], [-0.008931058458983898, 0.027445057407021523, -0.9995834231376648, 1.48553466796875], [0.569372296333313, 0.8218940496444702, 0.01747911237180233, -1.171142578125], [0.0, 0.0, 0.0, 1.0]], [[0.009730685502290726, -0.9996817111968994, -0.023277269676327705, 0.0123291015625], [-0.006801362615078688, 0.02321166917681694, -0.9997074604034424, 1.4784011840820312], [0.9999295473098755, 0.009886106476187706, -0.006573331542313099, -1.4920654296875], [0.0, 0.0, 0.0, 1.0]], [[-0.8441542983055115, -0.5360270738601685, -0.008868703618645668, 0.931640625], [0.001367399818263948, 0.014390097931027412, -0.9998955130577087, 1.4932823181152344], [0.5360987186431885, -0.8440782427787781, -0.011414499022066593, -1.17218017578125], [0.0, 0.0, 0.0, 1.0]], [[0.9477332830429077, 0.3187943398952484, -0.013110405765473843, -1.124267578125], [-0.02360505796968937, 0.029078597202897072, -0.9992983937263489, 1.5615348815917969], [-0.318189412355423, 0.9473777413368225, 0.03508390858769417, -0.163330078125], [0.0, 0.0, 0.0, 1.0]], [[0.009268148802220821, 0.9997246265411377, 0.021557889878749847, -0.0301513671875], [-0.021713862195611, 0.02175494097173214, -0.9995274543762207, 1.5662336349487305], [-0.9997212886810303, 0.008795635774731636, 0.02190951071679592, -0.0379638671875], [0.0, 0.0, 0.0, 1.0]], [[-0.9237397909164429, 0.38268861174583435, 0.015946438536047935, 1.02923583984375], [-0.017594268545508385, -0.0008062925189733505, -0.9998449087142944, 1.5453357696533203], [-0.3826163709163666, -0.9238770008087158, 0.007477930746972561, -0.0947265625], [0.0, 0.0, 0.0, 1.0]]], "view": [[0.0, -2.0, 100.0], [-2.0, 0.0, 100.0], [0.0, 0.0, 1.0]], "bev": "bev_d65e99f10ef045bd892a415029a008e2.png", "aux": "aux_d65e99f10ef045bd892a415029a008e2.npz", "visibility": "visibility_d65e99f10ef045bd892a415029a008e2.png", "pose": [[0.8872995972633362, 0.4611935317516327, 0.0, 2210.76611328125], [-0.4611935317516327, 0.8872995972633362, 0.0, 1105.8702392578125], [0.0, 0.0, 1.0, 0.0], [0.0, 0.0, 0.0, 1.0]], "pose_inverse": [[0.8872995972633362, -0.4611935317516327, 0.0, -1451.5916748046875], [0.4611935317516327, 0.8872995972633362, 0.0, -2000.8292236328125], [0.0, 0.0, 1.0, 0.0], [0.0, 0.0, 0.0, 1.0]], "cam_ids": [0, 1, 2, 3, 4, 5], "cam_channels": ["CAM_FRONT_LEFT", "CAM_FRONT", "CAM_FRONT_RIGHT", "CAM_BACK_LEFT", "CAM_BACK", "CAM_BACK_RIGHT"], "token": "d65e99f10ef045bd892a415029a008e2", "scene": "scene-0630"}, {"images": ["samples/CAM_FRONT_LEFT/n008-2018-09-18-14-35-12-0400__CAM_FRONT_LEFT__1537295951354799.jpg", "samples/CAM_FRONT/n008-2018-09-18-14-35-12-0400__CAM_FRONT__1537295951362404.jpg", "samples/CAM_FRONT_RIGHT/n008-2018-09-18-14-35-12-0400__CAM_FRONT_RIGHT__1537295951370482.jpg", "samples/CAM_BACK_LEFT/n008-2018-09-18-14-35-12-0400__CAM_BACK_LEFT__1537295951397405.jpg", "samples/CAM_BACK/n008-2018-09-18-14-35-12-0400__CAM_BACK__1537295951387558.jpg", "samples/CAM_BACK_RIGHT/n008-2018-09-18-14-35-12-0400__CAM_BACK_RIGHT__1537295951378113.jpg"], "intrinsics": [[[1257.8625342125129, 0.0, 827.2410631095686], [0.0, 1257.8625342125129, 450.915498205774], [0.0, 0.0, 1.0]], [[1252.8131021185304, 0.0, 826.588114781398], [0.0, 1252.8131021185304, 469.9846626224581], [0.0, 0.0, 1.0]], [[1256.7485116440405, 0.0, 817.7887570959712], [0.0, 1256.7485116440403, 451.9541780095127], [0.0, 0.0, 1.0]], [[1254.9860565800168, 0.0, 829.5769333630991], [0.0, 1254.9860565800168, 467.1680561863987], [0.0, 0.0, 1.0]], [[796.8910634503094, 0.0, 857.7774326863696], [0.0, 796.8910634503094, 476.8848988407415], [0.0, 0.0, 1.0]], [[1249.9629280788233, 0.0, 825.3768045375984], [0.0, 1249.9629280788233, 462.54816385708756], [0.0, 0.0, 1.0]]], "extrinsics": [[[0.8233058452606201, -0.5674861669540405, -0.011266510002315044, -0.7764816284179688], [-0.0003962615446653217, 0.01927478052675724, -0.9998141527175903, 1.4881134033203125], [0.5675978660583496, 0.8231573104858398, 0.015644166618585587, -1.180419921875], [0.0, 0.0, 0.0, 1.0]], [[0.011386710219085217, -0.9998212456703186, -0.015094242058694363, 0.0113525390625], [0.0017429529689252377, 0.0151150431483984, -0.9998842477798462, 1.4805164337158203], [0.9999336004257202, 0.01135909091681242, 0.0019147521816194057, -1.505859375], [0.0, 0.0, 0.0, 1.0]], [[-0.843536376953125, -0.5369420647621155, -0.011818859726190567, 0.939697265625], [0.009942026808857918, 0.006390959490090609, -0.9999301433563232, 1.4948501586914062], [0.536980152130127, -0.8435949087142944, -5.2714844059664756e-05, -1.1783447265625], [0.0, 0.0, 0.0, 1.0]], [[0.9478151202201843, 0.31873494386672974, -0.007384639699012041, -1.12841796875], [-0.014985120855271816, 0.021400241181254387, -0.9996587038040161, 1.5617923736572266], [-0.3184681534767151, 0.9476022720336914, 0.025059755891561508, -0.1614990234375], [0.0, 0.0, 0.0, 1.0]], [[0.008842585608363152, 0.9998652935028076, 0.013825762085616589, -0.029296875], [-0.013061662204563618, 0.013940615579485893, -0.999817430973053, 1.5670390129089355], [-0.9998756647109985, 0.008660365827381611, 0.013183173723518848, -0.0325927734375], [0.0, 0.0, 0.0, 1.0]], [[-0.9240259528160095, 0.3822973370552063, 0.004961163271218538, 1.03564453125], [-0.008979623205959797, -0.00872784573584795, -0.9999216198921204, 1.5466232299804688], [-0.3822239935398102, -0.9239981174468994, 0.01149764284491539, -0.09326171875], [0.0, 0.0, 0.0, 1.0]]], "view": [[0.0, -2.0, 100.0], [-2.0, 0.0, 100.0], [0.0, 0.0, 1.0]], "bev": "bev_cfabe989031147e9bed9de9dacd60afa.png", "aux": "aux_cfabe989031147e9bed9de9dacd60afa.npz", "visibility": "visibility_cfabe989031147e9bed9de9dacd60afa.png", "pose": [[0.8845905065536499, 0.46636852622032166, 0.0, 2213.446533203125], [-0.46636852622032166, 0.8845905065536499, 0.0, 1104.41796875], [0.0, 0.0, 1.0, 0.0], [0.0, 0.0, 0.0, 1.0]], "pose_inverse": [[0.8845905065536499, -0.46636852622032166, 0.0, -1442.927978515625], [0.46636852622032166, 0.8845905065536499, 0.0, -2009.239501953125], [0.0, 0.0, 1.0, 0.0], [0.0, 0.0, 0.0, 1.0]], "cam_ids": [0, 1, 2, 3, 4, 5], "cam_channels": ["CAM_FRONT_LEFT", "CAM_FRONT", "CAM_FRONT_RIGHT", "CAM_BACK_LEFT", "CAM_BACK", "CAM_BACK_RIGHT"], "token": "cfabe989031147e9bed9de9dacd60afa", "scene": "scene-0630"}, {"images": ["samples/CAM_FRONT_LEFT/n008-2018-09-18-14-35-12-0400__CAM_FRONT_LEFT__1537295951854799.jpg", "samples/CAM_FRONT/n008-2018-09-18-14-35-12-0400__CAM_FRONT__1537295951862404.jpg", "samples/CAM_FRONT_RIGHT/n008-2018-09-18-14-35-12-0400__CAM_FRONT_RIGHT__1537295951870482.jpg", "samples/CAM_BACK_LEFT/n008-2018-09-18-14-35-12-0400__CAM_BACK_LEFT__1537295951897405.jpg", "samples/CAM_BACK/n008-2018-09-18-14-35-12-0400__CAM_BACK__1537295951887558.jpg", "samples/CAM_BACK_RIGHT/n008-2018-09-18-14-35-12-0400__CAM_BACK_RIGHT__1537295951878113.jpg"], "intrinsics": [[[1257.8625342125129, 0.0, 827.2410631095686], [0.0, 1257.8625342125129, 450.915498205774], [0.0, 0.0, 1.0]], [[1252.8131021185304, 0.0, 826.588114781398], [0.0, 1252.8131021185304, 469.9846626224581], [0.0, 0.0, 1.0]], [[1256.7485116440405, 0.0, 817.7887570959712], [0.0, 1256.7485116440403, 451.9541780095127], [0.0, 0.0, 1.0]], [[1254.9860565800168, 0.0, 829.5769333630991], [0.0, 1254.9860565800168, 467.1680561863987], [0.0, 0.0, 1.0]], [[796.8910634503094, 0.0, 857.7774326863696], [0.0, 796.8910634503094, 476.8848988407415], [0.0, 0.0, 1.0]], [[1249.9629280788233, 0.0, 825.3768045375984], [0.0, 1249.9629280788233, 462.54816385708756], [0.0, 0.0, 1.0]]], "extrinsics": [[[0.8232234716415405, -0.5677136182785034, -0.0020826561376452446, -0.7903034687042236], [0.009560497477650642, 0.017531143501400948, -0.9998005628585815, 1.49072265625], [0.5676369667053223, 0.8230394721031189, 0.019859671592712402, -1.1884765625], [0.0, 0.0, 0.0, 1.0]], [[0.01120400708168745, -0.9998475909233093, -0.013390718027949333, 0.0101318359375], [0.011552741751074791, 0.01352009829133749, -0.9998418688774109, 1.4826126098632812], [0.9998705387115479, 0.011047568172216415, 0.0117024602368474, -1.5203857421875], [0.0, 0.0, 0.0, 1.0]], [[-0.8435854911804199, -0.5366513133049011, -0.019209517166018486, 0.950439453125], [0.019620930776000023, 0.004944836255162954, -0.9997951984405518, 1.4963417053222656], [0.536636471748352, -0.8437896370887756, 0.006358206272125244, -1.18646240234375], [0.0, 0.0, 0.0, 1.0]], [[0.9478667974472046, 0.3186647593975067, 0.0012029253412038088, -1.1304931640625], [-0.0056025367230176926, 0.02043876238167286, -0.9997754096984863, 1.5619583129882812], [-0.3186177909374237, 0.9476470947265625, 0.021158553659915924, -0.160888671875], [0.0, 0.0, 0.0, 1.0]], [[0.008963552303612232, 0.9998779892921448, 0.012790486216545105, -0.02880859375], [-0.0035365105140954256, 0.012822617776691914, -0.9999114871025085, 1.5678081512451172], [-0.9999536275863647, 0.008917448110878468, 0.003651013830676675, -0.0250244140625], [0.0, 0.0, 0.0, 1.0]], [[-0.92386