[{"images": ["samples/CAM_FRONT_LEFT/n015-2018-08-01-17-13-57+0800__CAM_FRONT_LEFT__1533114918004844.jpg", "samples/CAM_FRONT/n015-2018-08-01-17-13-57+0800__CAM_FRONT__1533114918012460.jpg", "samples/CAM_FRONT_RIGHT/n015-2018-08-01-17-13-57+0800__CAM_FRONT_RIGHT__1533114918020339.jpg", "samples/CAM_BACK_LEFT/n015-2018-08-01-17-13-57+0800__CAM_BACK_LEFT__1533114918047423.jpg", "samples/CAM_BACK/n015-2018-08-01-17-13-57+0800__CAM_BACK__1533114918037525.jpg", "samples/CAM_BACK_RIGHT/n015-2018-08-01-17-13-57+0800__CAM_BACK_RIGHT__1533114918027893.jpg"], "intrinsics": [[[1272.5979470598488, 0.0, 826.6154927353808], [0.0, 1272.5979470598488, 479.75165386361925], [0.0, 0.0, 1.0]], [[1266.417203046554, 0.0, 816.2670197447984], [0.0, 1266.417203046554, 491.50706579294757], [0.0, 0.0, 1.0]], [[1260.8474446004698, 0.0, 807.968244525554], [0.0, 1260.8474446004698, 495.3344268742088], [0.0, 0.0, 1.0]], [[1256.7414812095406, 0.0, 792.1125740759628], [0.0, 1256.7414812095406, 492.7757465151356], [0.0, 0.0, 1.0]], [[809.2209905677063, 0.0, 829.2196003259838], [0.0, 809.2209905677063, 481.77842384512485], [0.0, 0.0, 1.0]], [[1259.5137405846733, 0.0, 807.2529053838625], [0.0, 1259.5137405846733, 501.19579884916527], [0.0, 0.0, 1.0]]], "extrinsics": [[[0.8210857510566711, -0.5707342028617859, -0.00899017695337534, -0.8828125], [0.003144962014630437, 0.020273132249712944, -0.9997895359992981, 1.5085487365722656], [0.5707963705062866, 0.820884644985199, 0.018440915271639824, -1.2238006591796875], [0.0, 0.0, 0.0, 1.0]], [[0.006157577037811279, -0.9998483657836914, -0.01628931611776352, 0.0059814453125], [-0.002046432113274932, 0.016276992857456207, -0.9998654723167419, 1.5203571319580078], [0.9999789595603943, 0.006190101616084576, -0.0019458953756839037, -1.6102294921875], [0.0, 0.0, 0.0, 1.0]], [[-0.832682192325592, -0.5533280968666077, -0.021642249077558517, 0.979522705078125], [0.0036784373223781586, 0.0335550382733345, -0.9994300603866577, 1.5038681030273438], [0.5537390112876892, -0.8322871923446655, -0.025905298069119453, -1.2132568359375], [0.0, 0.0, 0.0, 1.0]], [[0.9477258324623108, 0.31882160902023315, 0.012983438558876514, -1.14013671875], [0.012508323416113853, 0.003537658369168639, -0.9999155402183533, 1.588582992553711], [-0.3188405930995941, 0.9478081464767456, -0.000635193195194006, -0.104736328125], [0.0, 0.0, 0.0, 1.0]], [[0.0022743945010006428, 0.999907910823822, 0.013377727940678596, 0.002685546875], [-0.012927163392305374, 0.013406042009592056, -0.9998265504837036, 1.5790367126464844], [-0.9999138712882996, 0.002101076301187277, 0.012956462800502777, -0.022705078125], [0.0, 0.0, 0.0, 1.0]], [[-0.9348277449607849, 0.35500675439834595, -0.008208967745304108, 1.0928955078125], [0.019641373306512833, 0.028611501678824425, -0.9993976354598999, 1.5523490905761719], [-0.3545580506324768, -0.9344258308410645, -0.03371964395046234, -0.07977294921875], [0.0, 0.0, 0.0, 1.0]]], "view": [[0.0, -2.0, 100.0], [-2.0, 0.0, 100.0], [0.0, 0.0, 1.0]], "bev": "bev_13b3c19486a4446b9b33b7f83deb4aa1.png", "aux": "aux_13b3c19486a4446b9b33b7f83deb4aa1.npz", "visibility": "visibility_13b3c19486a4446b9b33b7f83deb4aa1.png", "pose": [[-0.2607785165309906, -0.9653986692428589, 0.0, 845.9736938476562], [0.9653986692428589, -0.2607785165309906, 0.0, 1648.3048095703125], [0.0, 0.0, 1.0, 0.0], [0.0, 0.0, 0.0, 1.0]], "pose_inverse": [[-0.2607785165309906, 0.9653986692428589, 0.0, -1370.659423828125], [-0.9653986692428589, -0.2607785165309906, 0.0, 1246.5443115234375], [0.0, 0.0, 1.0, 0.0], [0.0, 0.0, 0.0, 1.0]], "cam_ids": [0, 1, 2, 3, 4, 5], "cam_channels": ["CAM_FRONT_LEFT", "CAM_FRONT", "CAM_FRONT_RIGHT", "CAM_BACK_LEFT", "CAM_BACK", "CAM_BACK_RIGHT"], "token": "13b3c19486a4446b9b33b7f83deb4aa1", "scene": "scene-0155"}, {"images": ["samples/CAM_FRONT_LEFT/n015-2018-08-01-17-13-57+0800__CAM_FRONT_LEFT__1533114918504844.jpg", "samples/CAM_FRONT/n015-2018-08-01-17-13-57+0800__CAM_FRONT__1533114918512460.jpg", "samples/CAM_FRONT_RIGHT/n015-2018-08-01-17-13-57+0800__CAM_FRONT_RIGHT__1533114918520339.jpg", "samples/CAM_BACK_LEFT/n015-2018-08-01-17-13-57+0800__CAM_BACK_LEFT__1533114918547423.jpg", "samples/CAM_BACK/n015-2018-08-01-17-13-57+0800__CAM_BACK__1533114918537525.jpg", "samples/CAM_BACK_RIGHT/n015-2018-08-01-17-13-57+0800__CAM_BACK_RIGHT__1533114918527893.jpg"], "intrinsics": [[[1272.5979470598488, 0.0, 826.6154927353808], [0.0, 1272.5979470598488, 479.75165386361925], [0.0, 0.0, 1.0]], [[1266.417203046554, 0.0, 816.2670197447984], [0.0, 1266.417203046554, 491.50706579294757], [0.0, 0.0, 1.0]], [[1260.8474446004698, 0.0, 807.968244525554], [0.0, 1260.8474446004698, 495.3344268742088], [0.0, 0.0, 1.0]], [[1256.7414812095406, 0.0, 792.1125740759628], [0.0, 1256.7414812095406, 492.7757465151356], [0.0, 0.0, 1.0]], [[809.2209905677063, 0.0, 829.2196003259838], [0.0, 809.2209905677063, 481.77842384512485], [0.0, 0.0, 1.0]], [[1259.5137405846733, 0.0, 807.2529053838625], [0.0, 1259.5137405846733, 501.19579884916527], [0.0, 0.0, 1.0]]], "extrinsics": [[[0.8206710815429688, -0.5713079571723938, -0.01031042542308569, -0.892822265625], [0.00229913298971951, 0.02134554833173752, -0.9997695088386536, 1.508443832397461], [0.5713964104652405, 0.820458173751831, 0.01883118599653244, -1.2302093505859375], [0.0, 0.0, 0.0, 1.0]], [[0.005571655463427305, -0.9998325109481812, -0.017433321103453636, 0.0054931640625], [-0.0030007062014192343, 0.01741679757833481, -0.9998438358306885, 1.5203132629394531], [0.9999799132347107, 0.005623129196465015, -0.002903163433074951, -1.6197509765625], [0.0, 0.0, 0.0, 1.0]], [[-0.832939863204956, -0.5529488325119019, -0.021416878327727318, 0.984771728515625], [0.002622805070132017, 0.03475768491625786, -0.9993922710418701, 1.5037918090820312], [0.5533572435379028, -0.8324898481369019, -0.027500785887241364, -1.217041015625], [0.0, 0.0, 0.0, 1.0]], [[0.947746217250824, 0.3187887668609619, 0.012279661372303963, -1.1417236328125], [0.011305577121675014, 0.004905788227915764, -0.9999240040779114, 1.5885634422302246], [-0.3188247084617615, 0.9478131532669067, 0.0010453530121594667, -0.10400390625], [0.0, 0.0, 0.0, 1.0]], [[0.0024410071782767773, 0.9998891949653625, 0.014687451533973217, 0.0028076171875], [-0.014125578105449677, 0.01472050603479147, -0.9997918605804443, 1.5790519714355469], [-0.9998971819877625, 0.0022330330684781075, 0.014159945771098137, -0.0198974609375], [0.0, 0.0, 0.0, 1.0]], [[-0.9347351789474487, 0.3552822172641754, -0.006690095644444227, 1.0968017578125], [0.018502503633499146, 0.029860693961381912, -0.9993828535079956, 1.552225112915039], [-0.35486316680908203, -0.9342820048332214, -0.03448545187711716, -0.0784912109375], [0.0, 0.0, 0.0, 1.0]]], "view": [[0.0, -2.0, 100.0], [-2.0, 0.0, 100.0], [0.0, 0.0, 1.0]], "bev": "bev_822908a84a6b4bf18ab06bd778030769.png", "aux": "aux_822908a84a6b4bf18ab06bd778030769.npz", "visibility": "visibility_822908a84a6b4bf18ab06bd778030769.png", "pose": [[-0.25767970085144043, -0.9662303924560547, 0.0, 845.7174682617188], [0.9662303924560547, -0.25767970085144043, 0.0, 1649.28271484375], [0.0, 0.0, 1.0, 0.0], [0.0, 0.0, 0.0, 1.0]], "pose_inverse": [[-0.25767970085144043, 0.9662303924560547, 0.0, -1375.662841796875], [-0.9662303924560547, -0.25767970085144043, 0.0, 1242.1446533203125], [0.0, 0.0, 1.0, 0.0], [0.0, 0.0, 0.0, 1.0]], "cam_ids": [0, 1, 2, 3, 4, 5], "cam_channels": ["CAM_FRONT_LEFT", "CAM_FRONT", "CAM_FRONT_RIGHT", "CAM_BACK_LEFT", "CAM_BACK", "CAM_BACK_RIGHT"], "token": "822908a84a6b4bf18ab06bd778030769", "scene": "scene-0155"}, {"images": ["samples/CAM_FRONT_LEFT/n015-2018-08-01-17-13-57+0800__CAM_FRONT_LEFT__1533114919004844.jpg", "samples/CAM_FRONT/n015-2018-08-01-17-13-57+0800__CAM_FRONT__1533114919012460.jpg", "samples/CAM_FRONT_RIGHT/n015-2018-08-01-17-13-57+0800__CAM_FRONT_RIGHT__1533114919020339.jpg", "samples/CAM_BACK_LEFT/n015-2018-08-01-17-13-57+0800__CAM_BACK_LEFT__1533114919047423.jpg", "samples/CAM_BACK/n015-2018-08-01-17-13-57+0800__CAM_BACK__1533114919037525.jpg", "samples/CAM_BACK_RIGHT/n015-2018-08-01-17-13-57+0800__CAM_BACK_RIGHT__1533114919027893.jpg"], "intrinsics": [[[1272.5979470598488, 0.0, 826.6154927353808], [0.0, 1272.5979470598488, 479.75165386361925], [0.0, 0.0, 1.0]], [[1266.417203046554, 0.0, 816.2670197447984], [0.0, 1266.417203046554, 491.50706579294757], [0.0, 0.0, 1.0]], [[1260.8474446004698, 0.0, 807.968244525554], [0.0, 1260.8474446004698, 495.3344268742088], [0.0, 0.0, 1.0]], [[1256.7414812095406, 0.0, 792.1125740759628], [0.0, 1256.7414812095406, 492.7757465151356], [0.0, 0.0, 1.0]], [[809.2209905677063, 0.0, 829.2196003259838], [0.0, 809.2209905677063, 481.77842384512485], [0.0, 0.0, 1.0]], [[1259.5137405846733, 0.0, 807.2529053838625], [0.0, 1259.5137405846733, 501.19579884916527], [0.0, 0.0, 1.0]]], "extrinsics": [[[0.8198864459991455, -0.5725043416023254, -0.004992909729480743, -0.8857421875], [0.009122369810938835, 0.021782932803034782, -0.999721109867096, 1.5090999603271484], [0.5724534392356873, 0.8196122646331787, 0.023082129657268524, -1.226165771484375], [0.0, 0.0, 0.0, 1.0]], [[0.0044656735844910145, -0.9998335242271423, -0.01768493466079235, 0.00634765625], [0.0038836251478642225, 0.017702318727970123, -0.9998357892036438, 1.5208244323730469], [0.999982476234436, 0.0043961950577795506, 0.0039620306342840195, -1.6134033203125], [0.0, 0.0, 0.0, 1.0]], [[-0.8333067893981934, -0.5521381497383118, -0.027262920513749123, 0.981719970703125], [0.009589025750756264, 0.03487257659435272, -0.9993457198143005, 1.5042076110839844], [0.5527276396751404, -0.833022952079773, -0.023765088990330696, -1.21435546875], [0.0, 0.0, 0.0, 1.0]], [[0.947628915309906, 0.31881603598594666, 0.01885960064828396, -1.14373779296875], [0.01842787303030491, 0.004370641428977251, -0.9998205900192261, 1.588531494140625], [-0.31884127855300903, 0.9478065371513367, -0.0017333548748865724, -0.1036376953125], [0.0, 0.0, 0.0, 1.0]], [[0.0026968498714268208, 0.9998918175697327, 0.014460277743637562, 0.0025634765625], [-0.007032706867903471, 0.014478937722742558, -0.9998704195022583, 1.5791988372802734], [-0.9999716281890869, 0.002594788558781147, 0.007070992141962051, -0.0198974609375], [0.0, 0.0, 0.0, 1.0]], [[-0.9344081282615662, 0.355957567691803, -0.013251014053821564, 1.0947265625], [0.025526806712150574, 0.029811562970280647, -0.9992295503616333, 1.5525634288787842], [-0.3552882969379425, -0.9340264797210693, -0.036942627280950546, -0.078857421875], [0.0, 0.0, 0.0, 1.0]]], "view": [[0.0, -2.0, 100.0], [-2.0, 0.0, 100.0], [0.0, 0.0, 1.0]], "bev": "bev_155abe0f59d34afe8513b6d9543bf454.png", "aux": "aux_155abe0f59d34afe8513b6d9543bf454.npz", "visibility": "visibility_155abe0f59d34afe8513b6d9543bf454.png", "pose": [[-0.26576778292655945, -0.9640370607376099, 0.0, 845.4434204101562], [0.9640370607376099, -0.26576778292655945, 0.0, 1650.3199462890625], [0.0, 0.0, 1.0, 0.0], [0.0, 0.0, 0.0, 1.0]], "pose_inverse": [[-0.26576778292655945, 0.9640370607376099, 0.0, -1366.2779541015625], [-0.9640370607376099, -0.26576778292655945, 0.0, 1253.6407470703125], [0.0, 0.0, 1.0, 0.0], [0.0, 0.0, 0.0, 1.0]], "cam_ids": [0, 1, 2, 3, 4, 5], "cam_channels": ["CAM_FRONT_LEFT", "CAM_FRONT", "CAM_FRONT_RIGHT", "CAM_BACK_LEFT", "CAM_BACK", "CAM_BACK_RIGHT"], "token": "155abe0f59d34afe8513b6d9543bf454", "scene": "scene-0155"}, {"images": ["samples/CAM_FRONT_LEFT/n015-2018-08-01-17-13-57+0800__CAM_FRONT_LEFT__1533114919504844.jpg", "samples/CAM_FRONT/n015-2018-08-01-17-13-57+0800__CAM_FRONT__1533114919512460.jpg", "samples/CAM_FRONT_RIGHT/n015-2018-08-01-17-13-57+0800__CAM_FRONT_RIGHT__1533114919520339.jpg", "samples/CAM_BACK_LEFT/n015-2018-08-01-17-13-57+0800__CAM_BACK_LEFT__1533114919547423.jpg", "samples/CAM_BACK/n015-2018-08-01-17-13-57+0800__CAM_BACK__1533114919537525.jpg", "samples/CAM_BACK_RIGHT/n015-2018-08-01-17-13-57+0800__CAM_BACK_RIGHT__1533114919527893.jpg"], "intrinsics": [[[1272.5979470598488, 0.0, 826.6154927353808], [0.0, 1272.5979470598488, 479.75165386361925], [0.0, 0.0, 1.0]], [[1266.417203046554, 0.0, 816.2670197447984], [0.0, 1266.417203046554, 491.50706579294757], [0.0, 0.0, 1.0]], [[1260.8474446004698, 0.0, 807.968244525554], [0.0, 1260.8474446004698, 495.3344268742088], [0.0, 0.0, 1.0]], [[1256.7414812095406, 0.0, 792.1125740759628], [0.0, 1256.7414812095406, 492.7757465151356], [0.0, 0.0, 1.0]], [[809.2209905677063, 0.0, 829.2196003259838], [0.0, 809.2209905677063, 481.77842384512485], [0.0, 0.0, 1.0]], [[1259.5137405846733, 0.0, 807.2529053838625], [0.0, 1259.5137405846733, 501.19579884916527], [0.0, 0.0, 1.0]]], "extrinsics": [[[0.819710910320282, -0.5727680325508118, -0.003290889086201787, -0.8638916015625], [0.01132538914680481, 0.02195204421877861, -0.9996948838233948, 1.5096197128295898], [0.5726654529571533, 0.819423496723175, 0.024481151252985, -1.2105712890625], [0.0, 0.0, 0.0, 1.0]], [[0.004249164368957281, -0.9998289346694946, -0.01800086349248886, 0.006103515625], [0.006192977074533701, 0.018026994541287422, -0.9998183250427246, 1.5211515426635742], [0.9999718070030212, 0.0041369604878127575, 0.006268518045544624, -1.590576171875], [0.0, 0.0, 0.0, 1.0]], [[-0.8333432078361511, -0.5519657731056213, -0.02954508364200592, 0.96624755859375], [0.01201140508055687, 0.03535519167780876, -0.9993026256561279, 1.5045814514160156], [0.5526254177093506, -0.833116888999939, -0.022833121940493584, -1.2041015625], [0.0, 0.0, 0.0, 1.0]], [[0.9475837349891663, 0.31875982880592346, 0.02184547483921051, -1.140869140625], [0.021233700215816498, 0.005394406616687775, -0.9997599720954895, 1.5885906219482422], [-0.3188011050224304, 0.9478201270103455, -0.001656797481700778, -0.104248046875], [0.0, 0.0, 0.0, 1.0]], [[0.0027386671863496304, 0.9998799562454224, 0.015249702148139477, 0.002685546875], [-0.004370337817817926, 0.015261583030223846, -0.9998739957809448, 1.5792217254638672], [-0.9999867081642151, 0.0026716957800090313, 0.004411609843373299, -0.02880859375], [0.0, 0.0, 0.0, 1.0]], [[-0.9343271851539612, 0.3560842275619507, -0.015383695252239704, 1.081298828125], [0.02805277518928051, 0.030442124232649803, -0.9991428256034851, 1.553085207939148], [-0.35531070828437805, -0.9339578151702881, -0.03843206167221069, -0.084228515625], [0.0, 0.0, 0.0, 1.0]]], "view": [[0.0, -2.0, 100.0], [-2.0, 0.0, 100.0], [0.0, 0.0, 1.0]], "bev": "bev_a107b3f5e954436db06ddf9000dfeea4.png", "aux": "aux_a107b3f5e954436db06ddf9000dfeea4.npz", "visibility": "visibility_a107b3f5e954436db06ddf9000dfeea4.png", "pose": [[-0.28538623452186584, -0.9584125876426697, 0.0, 845.086181640625], [0.9584125876426697, -0.28538623452186584, 0.0, 1651.5885009765625], [0.0, 0.0, 1.0, 0.0], [0.0, 0.0, 0.0, 1.0]], "pose_inverse": [[-0.28538623452186584, 0.9584125876426697, 0.0, -1341.727294921875], [-0.9584125876426697, -0.28538623452186584, 0.0, 1281.2818603515625], [0.0, 0.0, 1.0, 0.0], [0.0, 0.0, 0.0, 1.0]], "cam_ids": [0, 1, 2, 3, 4, 5], "cam_channels": ["CAM_FRONT_LEFT", "CAM_FRONT", "CAM_FRONT_RIGHT", "CAM_BACK_LEFT", "CAM_BACK", "CAM_BACK_RIGHT"], "token": "a107b3f5e954436db06ddf9000dfeea4", "scene": "scene-0155"}, {"images": ["samples/CAM_FRONT_LEFT/n015-2018-08-01-17-13-57+0800__CAM_FRONT_LEFT__1533114920004844.jpg", "samples/CAM_FRONT/n015-2018-08-01-17-13-57+0800__CAM_FRONT__1533114920012460.jpg", "samples/CAM_FRONT_RIGHT/n015-2018-08-01-17-13-57+0800__CAM_FRONT_RIGHT__1533114920020339.jpg", "samples/CAM_BACK_LEFT/n015-2018-08-01-17-13-57+0800__CAM_BACK_LEFT__1533114920047423.jpg", "samples/CAM_BACK/n015-2018-08-01-17-13-57+0800__CAM_BACK__1533114920037525.jpg", "samples/CAM_BACK_RIGHT/n015-2018-08-01-17-13-57+0800__CAM_BACK_RIGHT__1533114920027893.jpg"], "intrinsics": [[[1272.5979470598488, 0.0, 826.6154927353808], [0.0, 1272.5979470598488, 479.75165386361925], [0.0, 0.0, 1.0]], [[1266.417203046554, 0.0, 816.2670197447984], [0.0, 1266.417203046554, 491.50706579294757], [0.0, 0.0, 1.0]], [[1260.8474446004698, 0.0, 807.968244525554], [0.0, 1260.8474446004698, 495.3344268742088], [0.0, 0.0, 1.0]], [[1256.7414812095406, 0.0, 792.1125740759628], [0.0, 1256.7414812095406, 492.7757465151356], [0.0, 0.0, 1.0]], [[809.2209905677063, 0.0, 829.2196003259838], [0.0, 809.2209905677063, 481.77842384512485], [0.0, 0.0, 1.0]], [[1259.5137405846733, 0.0, 807.2529053838625], [0.0, 1259.5137405846733, 501.19579884916527], [0.0, 0.0, 1.0]]], "extrinsics": [[[0.8183615803718567, -0.5747011303901672, -0.0017135028028860688, -0.839111328125], [0.014122044667601585, 0.02308993972837925, -0.9996336698532104, 1.5103826522827148], [0.5745301246643066, 0.8180375695228577, 0.027011873200535774, -1.193359375], [0.0, 0.0, 0.0, 1.0]], [[0.0023424597457051277, -0.9998194575309753, -0.01885318197309971, 0.0062255859375], [0.008806059136986732, 0.018873127177357674, -0.9997831583023071, 1.5216283798217773], [0.9999584555625916, 0.002175901783630252, 0.008848678320646286, -1.5662841796875], [0.0, 0.0, 0.0, 1.0]], [[-0.8341140747070312, -0.5506717562675476, -0.03184971213340759, 0.951019287109375], [0.014469556510448456, 0.0358772911131382, -0.9992514252662659, 1.5050411224365234], [0.5514021515846252, -0.8339504599571228, -0.021957775577902794, -1.1943359375], [0.0, 0.0, 0.0, 1.0]], [[0.9475353956222534, 0.31879767775535583, 0.02334095537662506, -1.1402587890625], [0.023051364347338676, 0.004681696649640799, -0.9997233152389526, 1.5886001586914062], [-0.3188186585903168, 0.9478111863136292, -0.002912648255005479, -0.10400390625], [0.0, 0.0, 0.0, 1.0]], [[0.0032702551688998938, 0.9998816251754761, 0.015036129392683506, 0.0028076171875], [-0.0023426369298249483, 0.015043827705085278, -0.9998840689659119, 1.5792694091796875], [-0.9999918937683105, 0.003234633943066001, 0.0023915558122098446, -0.0350341796875], [0.0, 0.0, 0.0, 1.0]], [[-0.9338883757591248, 0.3571409583091736, -0.01739826612174511, 1.0699462890625], [0.030330011621117592, 0.030639877542853355, -0.9990702271461487, 1.5535917282104492], [-0.3562757968902588, -0.933547854423523, -0.03944631665945053, -0.08856201171875], [0.0, 0.0, 0.0, 1.0]]], "view": [[0.0, -2.0, 100.0], [-2.0, 0.0, 100.0], [0.0, 0.0, 1.0]], "bev": "bev_08a5c829a3d34882a573c1993335d243.png", "aux": "aux_08a5c829a3d34882a573c1993335d243.npz", "visibility": "visibility_08a5c829a3d34882a573c1993335d243.png", "pose": [[-0.3255850374698639, -0.9455127716064453, 0.0, 844.6104125976562], [0.9455127716064453, -0.3255850374698639, 0.0, 1653.1112060546875], [0.0, 0.0, 1.0, 0.0], [0.0, 0.0, 0.0, 1.0]], "pose_inverse": [[-0.3255850374698639, 0.9455127716064453, 0.0, -1288.0452880859375], [-0.9455127716064453, -0.3255850374698639, 0.0, 1336.8182373046875], [0.0, 0.0, 1.0, 0.0], [0.0, 0.0, 0.0, 1.0]], "cam_ids": [0, 1, 2, 3, 4, 5], "cam_channels": ["CAM_FRONT_LEFT", "CAM_FRONT", "CAM_FRONT_RIGHT", "CAM_BACK_LEFT", "CAM_BACK", "CAM_BACK_RIGHT"], "token": "08a5c829a3d34882a573c1993335d243", "scene": "scene-0155"}, {"images": ["samples/CAM_FRONT_LEFT/n015-2018-08-01-17-13-57+0800__CAM_FRONT_LEFT__1533114920504844.jpg", "samples/CAM_FRONT/n015-2018-08-01-17-13-57+0800__CAM_FRONT__1533114920512460.jpg", "samples/CAM_FRONT_RIGHT/n015-2018-08-01-17-13-57+0800__CAM_FRONT_RIGHT__1533114920520339.jpg", "samples/CAM_BACK_LEFT/n015-2018-08-01-17-13-57+0800__CAM_BACK_LEFT__1533114920547423.jpg", "samples/CAM_BACK/n015-2018-08-01-17-13-57+0800__CAM_BACK__1533114920537525.jpg", "samples/CAM_BACK_RIGHT/n015-2018-08-01-17-13-57+0800__CAM_BACK_RIGHT__1533114920527893.jpg"], "intrinsics": [[[1272.5979470598488, 0.0, 826.6154927353808], [0.0, 1272.5979470598488, 479.75165386361925], [0.0, 0.0, 1.0]], [[1266.417203046554, 0.0, 816.2670197447984], [0.0, 1266.417203046554, 491.50706579294757], [0.0, 0.0, 1.0]], [[1260.8474446004698, 0.0, 807.968244525554], [0.0, 1260.8474446004698, 495.3344268742088], [0.0, 0.0, 1.0]], [[1256.7414812095406, 0.0, 792.1125740759628], [0.0, 1256.7414812095406, 492.7757465151356], [0.0, 0.0, 1.0]], [[809.2209905677063, 0.0, 829.2196003259838], [0.0, 809.2209905677063, 481.77842384512485], [0.0, 0.0, 1.0]], [[1259.5137405846733, 0.0, 807.2529053838625], [0.0, 1259.5137405846733, 501.19579884916527], [0.0, 0.0, 1.0]]], "extrinsics": [[[0.8150591850280762, -0.5793774724006653, 0.0006089634262025356, -0.8218994140625], [0.015510790050029755, 0.020769624039530754, -0.9996639490127563, 1.5109062194824219], [0.5791701078414917, 0.814794659614563, 0.025915075093507767, -1.1810302734375], [0.0, 0.0, 0.0, 1.0]], [[-0.0028052020352333784, -0.9998547434806824, -0.016809888184070587, 0.0062255859375], [0.010224321857094765, 0.016780396923422813, -0.9998069405555725, 1.5219764709472656], [0.9999437928199768, -0.002976544899865985, 0.010175766423344612, -1.54833984375], [0.0, 0.0, 0.0, 1.0]], [[-0.8365775942802429, -0.5469131469726562, -0.03199910745024681, 0.9387969970703125], [0.016018928959965706, 0.033964190632104874, -0.999294638633728, 1.5054035186767578], [0.5476142764091492, -0.8365001082420349, -0.01965271681547165, -1.18603515625], [0.0, 0.0, 0.0, 1.0]], [[0.9481961727142334, 0.31673720479011536, 0.02452385611832142, -1.1414794921875], [0.02473863586783409, 0.0033438766840845346, -0.9996883273124695, 1.5885753631591797], [-0.31672051548957825, 0.9485073685646057, -0.004664996638894081, -0.1041259765625], [0.0, 0.0, 0.0, 1.0]], [[0.006365714594721794, 0.9998875260353088, 0.013585890643298626, 0.0028076171875], [-0.0007427161908708513, 0.013590889051556587, -0.999907374382019, 1.5793228149414062], [-0.9999794960021973, 0.006355009973049164, 0.0008291463018395007, -0.0404052734375], [0.0, 0.0, 0.0, 1.0]], [[-0.9324283003807068, 0.36083611845970154, -0.01935923472046852, 1.058837890625], [0.0319024957716465, 0.028837088495492935, -0.9990749359130859, 1.554060697555542], [-0.35994407534599304, -0.9321833252906799, -0.03840009495615959, -0.0926513671875], [0.0, 0.0, 0.0, 1.0]]], "view": [[0.0, -2.0, 100.0], [-2.0, 0.0, 100.0], [0.0, 0.0, 1.0]], "bev": "bev_bdd34c87d7a34c728a67fd182bfd37d7.png", "aux": "aux_bdd34c87d7a34c728a67fd182bfd37d7.npz", "visibility": "visibility_bdd34c87d7a34c728a67fd182bfd37d7.png", "pose": [[-0.3953763544559479, -0.9185191988945007, 0.0, 843.9596557617188], [0.9185191988945007, -0.3953763544559479, 0.0, 1654.8359375], [0.0, 0.0, 1.0, 0.0], [0.0, 0.0, 0.0, 1.0]], "pose_inverse": [[-0.3953763544559479, 0.9185191988945007, 0.0, -1186.31689453125], [-0.9185191988945007, -0.3953763544559479, 0.0, 1429.4761962890625], [0.0, 0.0, 1.0, 0.0], [0.0, 0.0, 0.0, 1.0]], "cam_ids": [0, 1, 2, 3, 4, 5], "cam_channels": ["CAM_FRONT_LEFT", "CAM_FRONT", "CAM_FRONT_RIGHT", "CAM_BACK_LEFT", "CAM_BACK", "CAM_BACK_RIGHT"], "token": "bdd34c87d7a34c728a67fd182bfd37d7", "scene": "scene-0155"}, {"images": ["samples/CAM_FRONT_LEFT/n015-2018-08-01-17-13-57+0800__CAM_FRONT_LEFT__1533114921004844.jpg", "samples/CAM_FRONT/n015-2018-08-01-17-13-57+0800__CAM_FRONT__1533114921012460.jpg", "samples/CAM_FRONT_RIGHT/n015-2018-08-01-17-13-57+0800__CAM_FRONT_RIGHT__1533114921020339.jpg", "samples/CAM_BACK_LEFT/n015-2018-08-01-17-13-57+0800__CAM_BACK_LEFT__1533114921047423.jpg", "samples/CAM_BACK/n015-2018-08-01-17-13-57+0800__CAM_BACK__1533114921037525.jpg", "samples/CAM_BACK_RIGHT/n015-2018-08-01-17-13-57+0800__CAM_BACK_RIGHT__1533114921027893.jpg"], "intrinsics": [[[1272.5979470598488, 0.0, 826.6154927353808], [0.0, 1272.5979470598488, 479.75165386361925], [0.0, 0.0, 1.0]], [[1266.417203046554, 0.0, 816.2670197447984], [0.0, 1266.417203046554, 491.50706579294757], [0.0, 0.0, 1.0]], [[1260.8474446004698, 0.0, 807.968244525554], [0.0, 1260.8474446004698, 495.3344268742088], [0.0, 0.0, 1.0]], [[1256.7414812095406, 0.0, 792.1125740759628], [0.0, 1256.7414812095406, 492.7757465151356], [0.0, 0.0, 1.0]], [[809.2209905677063, 0.0, 829.2196003259838], [0.0, 809.2209905677063, 481.77842384512485], [0.0, 0.0, 1.0]], [[1259.5137405846733, 0.0, 807.2529053838625], [0.0, 1259.5137405846733, 501.19579884916527], [0.0, 0.0, 1.0]]], "extrinsics": [[[0.8149134516716003, -0.5795233249664307, 0.008289341814815998, -0.8154296875], [0.017605990171432495, 0.010456442832946777, -0.9997903108596802, 1.5114375352859497], [0.5793151259422302, 0.8148885369300842, 0.01872417889535427, -1.17620849609375], [0.0, 0.0, 0.0, 1.0]], [[-0.0025820943992584944, -0.9999776482582092, -0.006160397548228502, 0.0057373046875], [0.012176986783742905, 0.006128520239144564, -0.9999070763587952, 1.522349238395691], [0.9999225735664368, -0.002656882395967841, 0.012160890735685825, -1.5423583984375], [0.0, 0.0, 0.0, 1.0]], [[-0.8361802697181702, -0.54776531457901, -0.02749018184840679, 0.9354667663574219], [0.01781512051820755, 0.02296953648328781, -0.9995774030685425, 1.5057010650634766], [0.5481652617454529, -0.8363166451454163, -0.009448166936635971, -1.1845703125], [0.0, 0.0, 0.0, 1.0]], [[0.9475220441818237, 0.3189306855201721, 0.022029366344213486, -1.1416015625], [0.026047712191939354, -0.0083392933011055, -0.9996259212493896, 1.5885772705078125], [-0.31862765550613403, 0.9477413892745972, -0.016209077090024948, -0.1041259765625], [0.0, 0.0, 0.0, 1.0]], [[0.004826557822525501, 0.9999863505363464, 0.0020268119405955076, 0.0030517578125], [0.0007605206919834018, 0.002023163950070739, -0.9999976754188538, 1.5793895721435547], [-0.9999880790710449, 0.0048280456103384495, -0.0007507462287321687, -0.041015625], [0.0, 0.0, 0.0, 1.0]], [[-0.9327646493911743, 0.35961830615997314, -0.024996869266033173, 1.057373046875], [0.033558301627635956, 0.017582731321454048, -0.9992821216583252, 1.5542659759521484], [-0.3589206337928772, -0.9329338073730469, -0.028468728065490723, -0.093505859375], [0.0, 0.0, 0.0, 1.0]]], "view": [[0.0, -2.0, 100.0], [-2.0, 0.0, 100.0], [0.0, 0.0, 1.0]], "bev": "bev_2bc4d9f6c90b4ea3b2f04a85319976d8.png", "aux": "aux_2bc4d9f6c90b4ea3b2f04a85319976d8.npz", "visibility": "visibility_2bc4d9f6c90b4ea3b2f04a85319976d8.png", "pose": [[-0.49299871921539307, -0.8700300455093384, 0.0, 843.0322875976562], [0.8700300455093384, -0.49299871921539307, 0.0, 1656.7413330078125], [0.0, 0.0, 1.0, 0.0], [0.0, 0.0, 0.0, 1.0]], "pose_inverse": [[-0.49299871921539307, 0.8700300455093384, 0.0, -1025.8009033203125], [-0.8700300455093384, -0.49299871921539307, 0.0, 1550.2347412109375], [0.0, 0.0, 1.0, 0.0], [0.0, 0.0, 0.0, 1.0]], "cam_ids": [0, 1, 2, 3, 4, 5], "cam_channels": ["CAM_FRONT_LEFT", "CAM_FRONT", "CAM_FRONT_RIGHT", "CAM_BACK_LEFT", "CAM_BACK", "CAM_BACK_RIGHT"], "token": "2bc4d9f6c90b4ea3b2f04a85319976d8", "scene": "scene-0155"}, {"images": ["samples/CAM_FRONT_LEFT/n015-2018-08-01-17-13-57+0800__CAM_FRONT_LEFT__1533114921504844.jpg", "samples/CAM_FRONT/n015-2018-08-01-17-13-57+0800__CAM_FRONT__1533114921512460.jpg", "samples/CAM_FRONT_RIGHT/n015-2018-08-01-17-13-57+0800__CAM_FRONT_RIGHT__1533114921520339.jpg", "samples/CAM_BACK_LEFT/n015-2018-08-01-17-13-57+0800__CAM_BACK_LEFT__1533114921547423.jpg", "samples/CAM_BACK/n015-2018-08-01-17-13-57+0800__CAM_BACK__1533114921537525.jpg", "samples/CAM_BACK_RIGHT/n015-2018-08-01-17-13-57+0800__CAM_BACK_RIGHT__1533114921527893.jpg"], "intrinsics": [[[1272.5979470598488, 0.0, 826.6154927353808], [0.0, 1272.5979470598488, 479.75165386361925], [0.0, 0.0, 1.0]], [[1266.417203046554, 0.0, 816.2670197447984], [0.0, 1266.417203046554, 491.50706579294757], [0.0, 0.0, 1.0]], [[1260.8474446004698, 0.0, 807.968244525554], [0.0, 1260.8474446004698, 495.3344268742088], [0.0, 0.0, 1.0]], [[1256.7414812095406, 0.0, 792.1125740759628], [0.0, 1256.7414812095406, 492.7757465151356], [0.0, 0.0, 1.0]], [[809.2209905677063, 0.0, 829.2196003259838], [0.0, 809.2209905677063, 481.77842384512485], [0.0, 0.0, 1.0]], [[1259.5137405846733, 0.0, 807.2529053838625], [0.0, 1259.5137405846733, 501.19579884916527], [0.0, 0.0, 1.0]]], "extrinsics": [[[0.8143893480300903, -0.580176055431366, 0.012872149236500263, -0.7960205078125], [0.018941165879368782, 0.004405159968882799, -0.9998108744621277, 1.5121488571166992], [0.5800095796585083, 0.8144791722297668, 0.014576726593077183, -1.16180419921875], [0.0, 0.0, 0.0, 1.0]], [[-0.0032483681570738554, -0.9999946355819702, -0.0002797747147269547, 0.005126953125], [0.013655638322234154, 0.00023539067478850484, -0.9999067783355713, 1.5228443145751953], [0.9999014139175415, -0.003251854795962572, 0.013654799200594425, -1.52325439453125], [0.0, 0.0, 0.0, 1.0]], [[-0.8363900184631348, -0.547531247138977, -0.025715654715895653, 0.922576904296875], [0.019452771171927452, 0.017235295847058296, -0.9996621608734131, 1.506195068359375], [0.5477895140647888, -0.8366076946258545, -0.003764427499845624, -1.177001953125], [0.0, 0.0, 0.0, 1.0]], [[0.9473978877067566, 0.31927791237831116, 0.02233787812292576, -1.1408538818359375], [0.028240669518709183, -0.013869831338524818, -0.9995048642158508, 1.5885772705078125], [-0.3188098967075348, 0.947559654712677, -0.022156868129968643, -0.1033935546875], [0.0, 0.0, 0.0, 1.0]], [[0.004844462499022484, 0.9999821186065674, -0.0035116043873131275, 0.0040283203125], [0.0027021632995456457, -0.003524723229929805, -0.9999901652336121, 1.579484462738037], [-0.9999845623970032, 0.004834974650293589, -0.002719191601499915, -0.04638671875], [0.0, 0.0, 0.0, 1.0]], [[-0.9326226711273193, 0.3597123324871063, -0.028671307489275932, 1.0482177734375], [0.03532809019088745, 0.011944028548896313, -0.9993044137954712, 1.554793357849121], [-0.35911962389945984, -0.932986855506897, -0.023847222328186035, -0.097900390625], [0.0, 0.0, 0.0, 1.0]]], "view": [[0.0, -2.0, 100.0], [-2.0, 0.0, 100.0], [0.0, 0.0, 1.0]], "bev": "bev_49a288a684f04c96819f3bf8163b1ee2.png", "aux": "aux_49a288a684f04c96819f3bf8163b1ee2.npz", "visibility": "visibility_49a288a684f04c96819f3bf8163b1ee2.png", "pose": [[-0.5991631150245667, -0.8006269931793213, 0.0, 841.780517578125], [0.8006269931793213, -0.5991631150245667, 0.0, 1658.6754150390625], [0.0, 0.0, 1.0, 0.0], [0.0, 0.0, 0.0, 1.0]], "pose_inverse": [[-0.5991631150245667, 0.8006269931793213, 0.0, -823.616455078125], [-0.8006269931793213, -0.5991631150245667, 0.0, 1667.769287109375], [0.0, 0.0, 1.0, 0.0], [0.0, 0.0, 0.0, 1.0]], "cam_ids": [0, 1, 2, 3, 4, 5], "cam_channels": ["CAM_FRONT_LEFT", "CAM_FRONT", "CAM_FRONT_RIGHT", "CAM_BACK_LEFT", "CAM_BACK", "CAM_BACK_RIGHT"], "token": "49a288a684f04c96819f3bf8163b1ee2", "scene": "scene-0155"}, {"images": ["samples/CAM_FRONT_LEFT/n015-2018-08-01-17-13-57+0800__CAM_FRONT_LEFT__1533114922004844.jpg", "samples/CAM_FRONT/n015-2018-08-01-17-13-57+0800__CAM_FRONT__1533114922012460.jpg", "samples/CAM_FRONT_RIGHT/n015-2018-08-01-17-13-57+0800__CAM_FRONT_RIGHT__1533114922020339.jpg", "samples/CAM_BACK_LEFT/n015-2018-08-01-17-13-57+0800__CAM_BACK_LEFT__1533114922047423.jpg", "samples/CAM_BACK/n015-2018-08-01-17-13-57+0800__CAM_BACK__1533114922037525.jpg", "samples/CAM_BACK_RIGHT/n015-2018-08-01-17-13-57+0800__CAM_BACK_RIGHT__1533114922027893.jpg"], "intrinsics": [[[1272.5979470598488, 0.0, 826.6154927353808], [0.0, 1272.5979470598488, 479.75165386361925], [0.0, 0.0, 1.0]], [[1266.417203046554, 0.0, 816.2670197447984], [0.0, 1266.417203046554, 491.50706579294757], [0.0, 0.0, 1.0]], [[1260.8474446004698, 0.0, 807.968244525554], [0.0, 1260.8474446004698, 495.3344268742088], [0.0, 0.0, 1.0]], [[1256.7414812095406, 0.0, 792.1125740759628], [0.0, 1256.7414812095406, 492.7757465151356], [0.0, 0.0, 1.0]], [[809.2209905677063, 0.0, 829.2196003259838], [0.0, 809.2209905677063, 481.77842384512485], [0.0, 0.0, 1.0]], [[1259.5137405846733, 0.0, 807.2529053838625], [0.0, 1259.5137405846733, 501.19579884916527], [0.0, 0.0, 1.0]]], "extrinsics": [[[0.8167306184768677, -0.5768308639526367, 0.01473709661513567, -0.77978515625], [0.014536597765982151, -0.0049631050787866116, -0.9998820424079895, 1.5115318298339844], [0.5768360495567322, 0.8168484568595886, 0.004331639036536217, -1.152587890625], [0.0, 0.0, 0.0, 1.0]], [[2.943572872027289e-05, -0.9999604225158691, 0.008894163183867931, 0.007080078125], [0.009154052473604679, -0.008893521502614021, -0.9999185800552368, 1.522247314453125], [0.9999580979347229, 0.00011082836863351986, 0.009153429418802261, -1.5069580078125], [0.0, 0.0, 0.0, 1.0]], [[-0.8351076245307922, -0.5498248934745789, -0.01696835085749626, 0.912567138671875], [0.014791011810302734, 0.008391414768993855, -0.9998553395271301, 1.5057697296142578], [0.5498877167701721, -0.8352378010749817, 0.0011247311485931277, -1.1680908203125], [0.0, 0.0, 0.0, 1.0]], [[0.9476372599601746, 0.31899407505989075, 0.015042892657220364, -1.139892578125], [0.02310284599661827, -0.021497946232557297, -0.9995019435882568, 1.5886154174804688], [-0.3185117840766907, 0.9475128650665283, -0.0277419276535511, -0.1044921875], [0.0, 0.0, 0.0, 1.0]], [[0.00410236231982708, 0.9999237060546875, -0.011647649109363556, 0.002685546875], [-0.0022168043069541454, -0.011638624593615532, -0.9999297857284546, 1.5792427062988281], [-0.9999890923500061, 0.004127918742597103, 0.00216888845898211, -0.05267333984375], [0.0, 0.0, 0.0, 1.0]], [[-0.9334046244621277, 0.35778552293777466, -0.027297938242554665, 1.037841796875], [0.030545590445399284, 0.0034276286605745554, -0.9995275139808655, 1.5546531677246094], [-0.3575229048728943, -0.9337974786758423, -0.01412813737988472, -0.0999755859375], [0.0, 0.0, 0.0, 1.0]]], "view": [[0.0, -2.0, 100.0], [-2.0, 0.0, 100.0], [0.0, 0.0, 1.0]], "bev": "bev_126d1513c5d147b992e08a08ddfdb466.png", "aux": "aux_126d1513c5d147b992e08a08ddfdb466.npz", "visibility": "visibility_126d1513c5d147b992e08a08ddfdb466.png", "pose": [[-0.684198796749115, -0.729295551776886, 0.0, 840.1548461914062], [0.729295551776886, -0.684198796749115, 0.0, 1660.6151123046875], [0.0, 0.0, 1.0, 0.0], [0.0, 0.0, 0.0, 1.0]], "pose_inverse": [[-0.684198796749115, 0.729295551776886, 0.0, -636.2462158203125], [-0.729295551776886, -0.684198796749115, 0.0, 1748.912109375], [0.0, 0.0, 1.0, 0.0], [0.0, 0.0, 0.0, 1.0]], "cam_ids": [0, 1, 2, 3, 4, 5], "cam_channels": ["CAM_FRONT_LEFT", "CAM_FRONT", "CAM_FRONT_RIGHT", "CAM_BACK_LEFT", "CAM_BACK", "CAM_BACK_RIGHT"], "token": "126d1513c5d147b992e08a08ddfdb466", "scene": "scene-0155"}, {"images": ["samples/CAM_FRONT_LEFT/n015-2018-08-01-17-13-57+0800__CAM_FRONT_LEFT__1533114922504844.jpg", "samples/CAM_FRONT/n015-2018-08-01-17-13-57+0800__CAM_FRONT__1533114922512460.jpg", "samples/CAM_FRONT_RIGHT/n015-2018-08-01-17-13-57+0800__CAM_FRONT_RIGHT__1533114922520339.jpg", "samples/CAM_BACK_LEFT/n015-2018-08-01-17-13-57+0800__CAM_BACK_LEFT__1533114922547423.jpg", "samples/CAM_BACK/n015-2018-08-01-17-13-57+0800__CAM_BACK__1533114922537525.jpg", "samples/CAM_BACK_RIGHT/n015-2018-08-01-17-13-57+0800__CAM_BACK_RIGHT__1533114922527944.jpg"], "intrinsics": [[[1272.5979470598488, 0.0, 826.6154927353808], [0.0, 1272.5979470598488, 479.75165386361925], [0.0, 0.0, 1.0]], [[1266.417203046554, 0.0, 816.2670197447984], [0.0, 1266.417203046554, 491.50706579294757], [0.0, 0.0, 1.0]], [[1260.8474446004698, 0.0, 807.968244525554], [0.0, 1260.8474446004698, 495.3344268742088], [0.0, 0.0, 1.0]], [[1256.7414812095406, 0.0, 792.1125740759628], [0.0, 1256.7414812095406, 492.7757465151356], [0.0, 0.0, 1.0]], [[809.2209905677063, 0.0, 829.2196003259838], [0.0, 809.2209905677063, 481.77842384512485], [0.0, 0.0, 1.0]], [[1259.5137405846733, 0.0, 807.2529053838625], [0.0, 1259.5137405846733, 501.19579884916527], [0.0, 0.0, 1.0]]], "extrinsics": [[[0.8193356394767761, -0.573159396648407, 0.013322588056325912, -0.754150390625], [0.0121429692953825, -0.005883542355149984, -0.999908983707428, 1.5113611221313477], [0.5731855034828186, 0.8194229006767273, 0.002139260293915868, -1.1368408203125], [0.0, 0.0, 0.0, 1.0]], [[0.003725445130839944, -0.9999445676803589, 0.009847674518823624, 0.0084228515625], [0.0069676353596150875, -0.00982154905796051, -0.9999275207519531, 1.5220298767089844], [0.9999687075614929, 0.0037937976885586977, 0.0069306581281125546, -1.48150634765625], [0.0, 0.0, 0.0, 1.0]], [[-0.8335663080215454, -0.5522218942642212, -0.014770716428756714, 0.89544677734375], [0.012751497328281403, 0.0074967737309634686, -0.9998905658721924, 1.505739688873291], [0.5522721409797668, -0.8336635231971741, 0.0007925974205136299, -1.1556396484375], [0.0, 0.0, 0.0, 1.0]], [[0.9476562738418579, 0.31901925802230835, 0.013200929388403893, -1.1372337341308594], [0.021641148254275322, -0.02292652241885662, -0.9995028376579285, 1.5886726379394531], [-0.3185580372810364, 0.9474709033966064, -0.02863040380179882, -0.1055908203125], [0.0, 0.0, 0.0, 1.0]], [[0.003030941355973482, 0.9999136328697205, -0.012790168635547161, 0.002197265625], [-0.0038193827494978905, -0.01277855783700943, -0.9999110698699951, 1.5791206359863281], [-0.9999881982803345, 0.003079530782997608, 0.00378032005392015, -0.06256103515625], [0.0, 0.0, 0.0, 1.0]], [[-0.9341917634010315, 0.3558264374732971, -0.02594645880162716, 1.02197265625], [0.028738602995872498, 0.0025622278917580843, -0.9995837211608887, 1.5549449920654297], [-0.3556118607521057, -0.934548556804657, -0.012619569897651672, -0.1053466796875], [0.0, 0.0, 0.0, 1.0]]], "view": [[0.0, -2.0, 100.0], [-2.0, 0.0, 100.0], [0.0, 0.0, 1.0]], "bev": "bev_36fcd01745ec4310b46367edf8d6428e.png", "aux": "aux_36fcd01745ec4310b46367edf8d6428e.npz", "visibility": "visibility_36fcd01745ec4310b46367edf8d6428e.png", "pose": [[-0.7242149710655212, -0.6895743012428284, 0.0, 838.2333984375], [0.6895743012428284, -0.7242149710655212, 0.0, 1662.5623779296875], [0.0, 0.0, 1.0, 0.0], [0.0, 0.0, 0.0, 1.0]], "pose_inverse": [[-0.7242149710655212, 0.6895743012428284, 0.0, -539.3991088867188], [-0.6895743012428284, -0.7242149710655212, 0.0, 1782.0767822265625], [0.0, 0.0, 1.0, 0.0], [0.0, 0.0, 0.0, 1.0]], "cam_ids": [0, 1, 2, 3, 4, 5], "cam_channels": ["CAM_FRONT_LEFT", "CAM_FRONT", "CAM_FRONT_RIGHT", "CAM_BACK_LEFT", "CAM_BACK", "CAM_BACK_RIGHT"], "token": "36fcd01745ec4310b46367edf8d6428e", "scene": "scene-0155"}, {"images": ["samples/CAM_FRONT_LEFT/n015-2018-08-01-17-13-57+0800__CAM_FRONT_LEFT__1533114923004844.jpg", "samples/CAM_FRONT/n015-2018-08-01-17-13-57+0800__CAM_FRONT__1533114923012460.jpg", "samples/CAM_FRONT_RIGHT/n015-2018-08-01-17-13-57+0800__CAM_FRONT_RIGHT__1533114923020339.jpg", "samples/CAM_BACK_LEFT/n015-2018-08-01-17-13-57+0800__CAM_BACK_LEFT__1533114923047423.jpg", "samples/CAM_BACK/n015-2018-08-01-17-13-57+0800__CAM_BACK__1533114923037525.jpg", "samples/CAM_BACK_RIGHT/n015-2018-08-01-17-13-57+0800__CAM_BACK_RIGHT__1533114923027893.jpg"], "intrinsics": [[[1272.5979470598488, 0.0, 826.6154927353808], [0.0, 1272.5979470598488, 479.75165386361925], [0.0, 0.0, 1.0]], [[1266.417203046554, 0.0, 816.2670197447984], [0.0, 1266.417203046554, 491.50706579294757], [0.0, 0.0, 1.0]], [[1260.8474446004698, 0.0, 807.968244525554], [0.0, 1260.8474446004698, 495.3344268742088], [0.0, 0.0, 1.0]], [[1256.7414812095406, 0.0, 792.1125740759628], [0.0, 1256.7414812095406, 492.7757465151356], [0.0, 0.0, 1.0]], [[809.2209905677063, 0.0, 829.2196003259838], [0.0, 809.2209905677063, 481.77842384512485], [0.0, 0.0, 1.0]], [[1259.5137405846733, 0.0, 807.2529053838625], [0.0, 1259.5137405846733, 501.19579884916527], [0.0, 0.0, 1.0]]], "extrinsics": [[[0.8198368549346924, -0.5722379684448242, 0.020279597491025925, -0.7386474609375], [0.01965457946062088, -0.007272488437592983, -0.9997803568840027, 1.5136547088623047], [0.5722597241401672, 0.8200554251670837, 0.005284842103719711, -1.1260986328125], [0.0, 0.0, 0.0, 1.0]], [[0.004479183815419674, -0.9999245405197144, 0.011435524560511112, 0.0086669921875], [0.014211432076990604, -0.011370832100510597, -0.9998343586921692, 1.523773193359375], [0.9998889565467834, 0.004640982486307621, 0.014159426093101501, -1.466217041015625], [0.0, 0.0, 0.0, 1.0]], [[-0.8331345915794373, -0.5527220964431763, -0.01962047815322876, 0.8861083984375], [0.01970353163778782, 0.0057906960137188435, -0.9997890591621399, 1.5071130990982056], [0.5527191758155823, -0.8333454728126526, 0.006066150963306427, -1.149169921875], [0.0, 0.0, 0.0, 1.0]], [[0.9475341439247131, 0.31911495327949524, 0.01856181025505066, -1.1372146606445312], [0.027685007080435753, -0.024076523259282112, -0.9993266463279724, 1.5886955261230469], [-0.31845325231552124, 0.9474101066589355, -0.03164803236722946, -0.1055908203125], [0.0, 0.0, 0.0, 1.0]], [[0.0029324349015951157, 0.9998933672904968, -0.014305530115962029, 0.002197265625], [0.002